Ticker,Name,buy,sell,diff,Branch,Date,Branch_Code
2882,國泰金,1005,6,999,第一金-台中,2023-01-03,5382
8171,天宇,78,12,66,第一金-台中,2023-01-03,5382
00878,國泰永續高股息,64,0,64,第一金-台中,2023-01-03,5382
3703,欣陸,57,4,53,第一金-台中,2023-01-03,5382
00712,復華富時不動產,50,0,50,第一金-台中,2023-01-03,5382
3479,安勤,55,13,42,第一金-台中,2023-01-03,5382
2208,台船,34,0,34,第一金-台中,2023-01-03,5382
2317,鴻海,42,11,31,第一金-台中,2023-01-03,5382
1432,大魯閣,27,0,27,第一金-台中,2023-01-03,5382
00632R,元大台灣50反1,35,10,25,第一金-台中,2023-01-03,5382
1519,華城,22,0,22,第一金-台中,2023-01-03,5382
00720B,元大投資級公司債,21,0,21,第一金-台中,2023-01-03,5382
4961,天鈺,27,6,21,第一金-台中,2023-01-03,5382
1789,神隆,20,0,20,第一金-台中,2023-01-03,5382
2498,宏達電,36,16,20,第一金-台中,2023-01-03,5382
6180,橘子,20,0,20,第一金-台中,2023-01-03,5382
8932,智通*,20,0,20,第一金-台中,2023-01-03,5382
2867,三商壽,15,0,15,第一金-台中,2023-01-03,5382
2614,東森,13,0,13,第一金-台中,2023-01-03,5382
00713,元大台灣高息低波,12,0,12,第一金-台中,2023-01-03,5382
1609,大亞,26,15,11,第一金-台中,2023-01-03,5382
3062,建漢,11,0,11,第一金-台中,2023-01-03,5382
8072,陞泰,11,0,11,第一金-台中,2023-01-03,5382
2338,光罩,10,0,10,第一金-台中,2023-01-03,5382
00920,富邦ESG綠色電力,10,0,10,第一金-台中,2023-01-03,5382
1718,中纖,10,0,10,第一金-台中,2023-01-03,5382
1760,寶齡富錦,10,0,10,第一金-台中,2023-01-03,5382
4513,福裕,10,0,10,第一金-台中,2023-01-03,5382
6472,保瑞,15,5,10,第一金-台中,2023-01-03,5382
9105,泰金寶-DR,10,0,10,第一金-台中,2023-01-03,5382
2609,陽明,10,1,9,第一金-台中,2023-01-03,5382
2929,淘帝-KY,9,0,9,第一金-台中,2023-01-03,5382
1709,和益,14,6,8,第一金-台中,2023-01-03,5382
1513,中興電,18,11,7,第一金-台中,2023-01-03,5382
1734,杏輝,6,0,6,第一金-台中,2023-01-03,5382
3707,漢磊,6,0,6,第一金-台中,2023-01-03,5382
2603,長榮,6,0,6,第一金-台中,2023-01-03,5382
1512,瑞利,5,0,5,第一金-台中,2023-01-03,5382
1466,聚隆,5,0,5,第一金-台中,2023-01-03,5382
1605,華新,36,31,5,第一金-台中,2023-01-03,5382
1701,中化,23,18,5,第一金-台中,2023-01-03,5382
1783,和康生,5,0,5,第一金-台中,2023-01-03,5382
3491,昇達科,5,0,5,第一金-台中,2023-01-03,5382
4121,優盛,9,4,5,第一金-台中,2023-01-03,5382
4977,眾達-KY,5,0,5,第一金-台中,2023-01-03,5382
5511,德昌,5,0,5,第一金-台中,2023-01-03,5382
6491,晶碩,5,0,5,第一金-台中,2023-01-03,5382
00631L,元大台灣50正2,4,0,4,第一金-台中,2023-01-03,5382
1795,美時,12,8,4,第一金-台中,2023-01-03,5382
2025,千興,4,0,4,第一金-台中,2023-01-03,5382
00753L,中信中國50正2,240,0,240,第一金-台中,2023-01-04,5382
1712,興農,103,0,103,第一金-台中,2023-01-04,5382
5353,台林,60,0,60,第一金-台中,2023-01-04,5382
00670L,富邦NASDAQ正2,50,0,50,第一金-台中,2023-01-04,5382
00631L,元大台灣50正2,40,0,40,第一金-台中,2023-01-04,5382
6517,保勝光學,41,6,35,第一金-台中,2023-01-04,5382
2359,所羅門,45,12,33,第一金-台中,2023-01-04,5382
2208,台船,27,0,27,第一金-台中,2023-01-04,5382
0056,元大高股息,27,0,27,第一金-台中,2023-01-04,5382
3162,精確,25,0,25,第一金-台中,2023-01-04,5382
6223,旺矽,16,0,16,第一金-台中,2023-01-04,5382
2317,鴻海,17,1,16,第一金-台中,2023-01-04,5382
6244,茂迪,21,7,14,第一金-台中,2023-01-04,5382
5904,寶雅,13,0,13,第一金-台中,2023-01-04,5382
1101,台泥,12,0,12,第一金-台中,2023-01-04,5382
2615,萬海,13,1,12,第一金-台中,2023-01-04,5382
2883,凱基金,12,0,12,第一金-台中,2023-01-04,5382
1909,榮成,23,12,11,第一金-台中,2023-01-04,5382
00728,第一金工業30,10,0,10,第一金-台中,2023-01-04,5382
2425,承啟,10,0,10,第一金-台中,2023-01-04,5382
3050,鈺德,10,0,10,第一金-台中,2023-01-04,5382
3545,敦泰,17,7,10,第一金-台中,2023-01-04,5382
5344,立衛,10,0,10,第一金-台中,2023-01-04,5382
6441,廣錠,10,0,10,第一金-台中,2023-01-04,5382
2834,臺企銀,9,0,9,第一金-台中,2023-01-04,5382
3027,盛達,19,11,8,第一金-台中,2023-01-04,5382
3380,明泰,8,0,8,第一金-台中,2023-01-04,5382
9962,有益,8,0,8,第一金-台中,2023-01-04,5382
8046,南電,9,2,7,第一金-台中,2023-01-04,5382
00878,國泰永續高股息,7,0,7,第一金-台中,2023-01-04,5382
4979,華星光,8,1,7,第一金-台中,2023-01-04,5382
00720B,元大投資級公司債,6,0,6,第一金-台中,2023-01-04,5382
1907,永豐餘,6,0,6,第一金-台中,2023-01-04,5382
4763,材料-KY,7,1,6,第一金-台中,2023-01-04,5382
5284,jpp-KY,6,0,6,第一金-台中,2023-01-04,5382
6104,創惟,6,0,6,第一金-台中,2023-01-04,5382
8261,富鼎,7,1,6,第一金-台中,2023-01-04,5382
00881,國泰台灣5G+,5,0,5,第一金-台中,2023-01-04,5382
2603,長榮,8,3,5,第一金-台中,2023-01-04,5382
6143,振曜,5,0,5,第一金-台中,2023-01-04,5382
00679B,元大美債20年,5,0,5,第一金-台中,2023-01-04,5382
1589,永冠-KY,5,0,5,第一金-台中,2023-01-04,5382
1711,永光,5,0,5,第一金-台中,2023-01-04,5382
2368,金像電,5,0,5,第一金-台中,2023-01-04,5382
3673,TPK-KY,5,0,5,第一金-台中,2023-01-04,5382
3687,歐買尬,6,1,5,第一金-台中,2023-01-04,5382
8072,陞泰,5,0,5,第一金-台中,2023-01-04,5382
00888,永豐台灣ESG,4,0,4,第一金-台中,2023-01-04,5382
2371,大同,4,0,4,第一金-台中,2023-01-04,5382
3712,永崴投控,30,26,4,第一金-台中,2023-01-04,5382
00753L,中信中國50正2,343,2,341,第一金-台中,2023-01-05,5382
00715L,期街口布蘭特正2,229,0,229,第一金-台中,2023-01-05,5382
2642,宅配通,68,6,62,第一金-台中,2023-01-05,5382
2323,中環,58,4,54,第一金-台中,2023-01-05,5382
3704,合勤控,53,2,51,第一金-台中,2023-01-05,5382
00632R,元大台灣50反1,50,0,50,第一金-台中,2023-01-05,5382
2208,台船,42,0,42,第一金-台中,2023-01-05,5382
8932,智通*,30,0,30,第一金-台中,2023-01-05,5382
4919,新唐,21,1,20,第一金-台中,2023-01-05,5382
2615,萬海,14,0,14,第一金-台中,2023-01-05,5382
3504,揚明光,14,0,14,第一金-台中,2023-01-05,5382
4171,瑞基,14,0,14,第一金-台中,2023-01-05,5382
00885,富邦越南,13,0,13,第一金-台中,2023-01-05,5382
2707,晶華,15,3,12,第一金-台中,2023-01-05,5382
2603,長榮,12,1,11,第一金-台中,2023-01-05,5382
1734,杏輝,11,0,11,第一金-台中,2023-01-05,5382
2313,華通,10,0,10,第一金-台中,2023-01-05,5382
3290,東浦,17,7,10,第一金-台中,2023-01-05,5382
3712,永崴投控,10,0,10,第一金-台中,2023-01-05,5382
2317,鴻海,10,1,9,第一金-台中,2023-01-05,5382
6517,保勝光學,10,1,9,第一金-台中,2023-01-05,5382
1319,東陽,8,0,8,第一金-台中,2023-01-05,5382
5410,國眾,8,0,8,第一金-台中,2023-01-05,5382
8072,陞泰,8,0,8,第一金-台中,2023-01-05,5382
2482,連宇,33,26,7,第一金-台中,2023-01-05,5382
1560,中砂,6,0,6,第一金-台中,2023-01-05,5382
3272,東碩,6,0,6,第一金-台中,2023-01-05,5382
8069,元太,7,2,5,第一金-台中,2023-01-05,5382
3661,世芯-KY,11,6,5,第一金-台中,2023-01-05,5382
1101,台泥,6,1,5,第一金-台中,2023-01-05,5382
00665L,富邦�琤肭磪囓�2,5,0,5,第一金-台中,2023-01-05,5382
1466,聚隆,5,0,5,第一金-台中,2023-01-05,5382
1785,光洋科,5,0,5,第一金-台中,2023-01-05,5382
2402,毅嘉,5,0,5,第一金-台中,2023-01-05,5382
2729,瓦城,5,0,5,第一金-台中,2023-01-05,5382
2736,富野,5,0,5,第一金-台中,2023-01-05,5382
2897,王道銀行,5,0,5,第一金-台中,2023-01-05,5382
5425,台半,5,0,5,第一金-台中,2023-01-05,5382
6770,力積電,5,0,5,第一金-台中,2023-01-05,5382
8222,寶一,5,0,5,第一金-台中,2023-01-05,5382
8358,金居,13,8,5,第一金-台中,2023-01-05,5382
1512,瑞利,4,0,4,第一金-台中,2023-01-05,5382
2303,聯電,5,1,4,第一金-台中,2023-01-05,5382
4128,中天,4,0,4,第一金-台中,2023-01-05,5382
5351,鈺創,5,1,4,第一金-台中,2023-01-05,5382
6689,伊雲谷,5,1,4,第一金-台中,2023-01-05,5382
0050,元大台灣50,5,1,4,第一金-台中,2023-01-05,5382
00878,國泰永續高股息,4,0,4,第一金-台中,2023-01-05,5382
00905,FT臺灣Smart,3,0,3,第一金-台中,2023-01-05,5382
00650L,復華香港正2,51,48,3,第一金-台中,2023-01-05,5382
3290,東浦,108,0,108,第一金-台中,2023-01-06,5382
00720B,元大投資級公司債,42,0,42,第一金-台中,2023-01-06,5382
00632R,元大台灣50反1,37,0,37,第一金-台中,2023-01-06,5382
3481,群創,70,34,36,第一金-台中,2023-01-06,5382
2409,友達,43,8,35,第一金-台中,2023-01-06,5382
1605,華新,52,20,32,第一金-台中,2023-01-06,5382
3094,聯傑,30,0,30,第一金-台中,2023-01-06,5382
1443,立益物流,27,0,27,第一金-台中,2023-01-06,5382
8069,元太,36,9,27,第一金-台中,2023-01-06,5382
00728,第一金工業30,22,0,22,第一金-台中,2023-01-06,5382
1718,中纖,20,0,20,第一金-台中,2023-01-06,5382
3479,安勤,21,3,18,第一金-台中,2023-01-06,5382
6245,立端,18,0,18,第一金-台中,2023-01-06,5382
3141,晶宏,20,4,16,第一金-台中,2023-01-06,5382
2812,台中銀,15,0,15,第一金-台中,2023-01-06,5382
1519,華城,15,2,13,第一金-台中,2023-01-06,5382
1503,士電,12,0,12,第一金-台中,2023-01-06,5382
00679B,元大美債20年,11,0,11,第一金-台中,2023-01-06,5382
8033,雷虎,11,0,11,第一金-台中,2023-01-06,5382
1466,聚隆,10,0,10,第一金-台中,2023-01-06,5382
2313,華通,10,0,10,第一金-台中,2023-01-06,5382
2605,新興,10,0,10,第一金-台中,2023-01-06,5382
2609,陽明,10,0,10,第一金-台中,2023-01-06,5382
2892,第一金,10,0,10,第一金-台中,2023-01-06,5382
8940,新天地,10,0,10,第一金-台中,2023-01-06,5382
2601,益航,9,0,9,第一金-台中,2023-01-06,5382
00770,國泰北美科技,7,0,7,第一金-台中,2023-01-06,5382
3714,富采,6,0,6,第一金-台中,2023-01-06,5382
9958,世紀鋼,5,0,5,第一金-台中,2023-01-06,5382
1444,力麗,5,0,5,第一金-台中,2023-01-06,5382
2359,所羅門,16,11,5,第一金-台中,2023-01-06,5382
4746,台耀,7,2,5,第一金-台中,2023-01-06,5382
6125,廣運,5,0,5,第一金-台中,2023-01-06,5382
6491,晶碩,5,0,5,第一金-台中,2023-01-06,5382
8171,天宇,16,11,5,第一金-台中,2023-01-06,5382
6111,大宇資,5,1,4,第一金-台中,2023-01-06,5382
2230,泰茂,4,0,4,第一金-台中,2023-01-06,5382
2516,新建,4,0,4,第一金-台中,2023-01-06,5382
2834,臺企銀,5,1,4,第一金-台中,2023-01-06,5382
6456,GIS-KY,6,2,4,第一金-台中,2023-01-06,5382
6806,森崴能源,5,1,4,第一金-台中,2023-01-06,5382
8044,網家,7,3,4,第一金-台中,2023-01-06,5382
8072,陞泰,4,0,4,第一金-台中,2023-01-06,5382
8105,凌巨,5,1,4,第一金-台中,2023-01-06,5382
0050,元大台灣50,3,0,3,第一金-台中,2023-01-06,5382
00905,FT臺灣Smart,3,0,3,第一金-台中,2023-01-06,5382
1445,大宇,3,0,3,第一金-台中,2023-01-06,5382
2303,聯電,16,13,3,第一金-台中,2023-01-06,5382
2753,八方雲集,3,0,3,第一金-台中,2023-01-06,5382
3708,上緯投控,3,0,3,第一金-台中,2023-01-06,5382
00753L,中信中國50正2,840,4,836,第一金-台中,2023-01-09,5382
00680L,元大美債20正2,258,0,258,第一金-台中,2023-01-09,5382
00715L,期街口布蘭特正2,110,0,110,第一金-台中,2023-01-09,5382
2359,所羅門,66,9,57,第一金-台中,2023-01-09,5382
00632R,元大台灣50反1,86,30,56,第一金-台中,2023-01-09,5382
6486,互動,38,1,37,第一金-台中,2023-01-09,5382
3454,晶睿,39,5,34,第一金-台中,2023-01-09,5382
1795,美時,30,3,27,第一金-台中,2023-01-09,5382
4961,天鈺,35,14,21,第一金-台中,2023-01-09,5382
8940,新天地,20,0,20,第一金-台中,2023-01-09,5382
5410,國眾,15,0,15,第一金-台中,2023-01-09,5382
6770,力積電,32,17,15,第一金-台中,2023-01-09,5382
3290,東浦,15,2,13,第一金-台中,2023-01-09,5382
00637L,元大滬深300正2,12,0,12,第一金-台中,2023-01-09,5382
6643,M31,25,13,12,第一金-台中,2023-01-09,5382
00882,中信中國高股息,10,0,10,第一金-台中,2023-01-09,5382
3265,台星科,10,0,10,第一金-台中,2023-01-09,5382
4741,泓瀚,10,0,10,第一金-台中,2023-01-09,5382
6197,佳必琪,10,0,10,第一金-台中,2023-01-09,5382
8289,泰藝,10,0,10,第一金-台中,2023-01-09,5382
2419,仲琦,10,1,9,第一金-台中,2023-01-09,5382
2201,裕隆,27,19,8,第一金-台中,2023-01-09,5382
2610,華航,46,38,8,第一金-台中,2023-01-09,5382
5347,世界,13,5,8,第一金-台中,2023-01-09,5382
2014,中鴻,17,9,8,第一金-台中,2023-01-09,5382
00708L,期元大S＆P黃金正2,7,0,7,第一金-台中,2023-01-09,5382
3710,連展投控,7,0,7,第一金-台中,2023-01-09,5382
1513,中興電,11,5,6,第一金-台中,2023-01-09,5382
6215,和椿,9,3,6,第一金-台中,2023-01-09,5382
3037,欣興,75,69,6,第一金-台中,2023-01-09,5382
2328,廣宇,5,0,5,第一金-台中,2023-01-09,5382
2609,陽明,6,1,5,第一金-台中,2023-01-09,5382
00679B,元大美債20年,5,0,5,第一金-台中,2023-01-09,5382
1466,聚隆,5,0,5,第一金-台中,2023-01-09,5382
2601,益航,5,0,5,第一金-台中,2023-01-09,5382
3050,鈺德,5,0,5,第一金-台中,2023-01-09,5382
3535,晶彩科,5,0,5,第一金-台中,2023-01-09,5382
5388,中磊,22,17,5,第一金-台中,2023-01-09,5382
5475,德宏,5,0,5,第一金-台中,2023-01-09,5382
6235,華孚,10,5,5,第一金-台中,2023-01-09,5382
8171,天宇,11,6,5,第一金-台中,2023-01-09,5382
8440,綠電,5,0,5,第一金-台中,2023-01-09,5382
00885,富邦越南,10,6,4,第一金-台中,2023-01-09,5382
00902,中信電池及儲能,4,0,4,第一金-台中,2023-01-09,5382
1512,瑞利,4,0,4,第一金-台中,2023-01-09,5382
1529,樂事綠能,14,10,4,第一金-台中,2023-01-09,5382
3545,敦泰,4,0,4,第一金-台中,2023-01-09,5382
3588,通嘉,4,0,4,第一金-台中,2023-01-09,5382
4123,晟德,4,0,4,第一金-台中,2023-01-09,5382
4128,中天,4,0,4,第一金-台中,2023-01-09,5382
00753L,中信中國50正2,502,0,502,第一金-台中,2023-01-10,5382
00900,富邦特選高股息30,72,22,50,第一金-台中,2023-01-10,5382
00715L,期街口布蘭特正2,50,0,50,第一金-台中,2023-01-10,5382
1789,神隆,50,0,50,第一金-台中,2023-01-10,5382
3704,合勤控,37,4,33,第一金-台中,2023-01-10,5382
2834,臺企銀,30,6,24,第一金-台中,2023-01-10,5382
1309,台達化,23,0,23,第一金-台中,2023-01-10,5382
2359,所羅門,23,1,22,第一金-台中,2023-01-10,5382
00692,富邦公司治理,20,0,20,第一金-台中,2023-01-10,5382
1718,中纖,20,0,20,第一金-台中,2023-01-10,5382
3454,晶睿,25,5,20,第一金-台中,2023-01-10,5382
3479,安勤,23,3,20,第一金-台中,2023-01-10,5382
2328,廣宇,16,0,16,第一金-台中,2023-01-10,5382
6443,元晶,20,5,15,第一金-台中,2023-01-10,5382
1560,中砂,26,11,15,第一金-台中,2023-01-10,5382
2812,台中銀,15,0,15,第一金-台中,2023-01-10,5382
00885,富邦越南,14,0,14,第一金-台中,2023-01-10,5382
5340,建榮,11,0,11,第一金-台中,2023-01-10,5382
00905,FT臺灣Smart,11,0,11,第一金-台中,2023-01-10,5382
2444,兆勁,11,0,11,第一金-台中,2023-01-10,5382
1736,喬山,10,0,10,第一金-台中,2023-01-10,5382
2380,虹光,28,18,10,第一金-台中,2023-01-10,5382
2609,陽明,17,7,10,第一金-台中,2023-01-10,5382
3025,星通,10,0,10,第一金-台中,2023-01-10,5382
6426,統新,10,0,10,第一金-台中,2023-01-10,5382
1304,台聚,11,2,9,第一金-台中,2023-01-10,5382
1732,毛寶,8,0,8,第一金-台中,2023-01-10,5382
1810,和成,10,2,8,第一金-台中,2023-01-10,5382
6708,天擎,8,0,8,第一金-台中,2023-01-10,5382
2014,中鴻,7,0,7,第一金-台中,2023-01-10,5382
9962,有益,22,15,7,第一金-台中,2023-01-10,5382
00725B,國泰投資級公司債,6,0,6,第一金-台中,2023-01-10,5382
00720B,元大投資級公司債,6,0,6,第一金-台中,2023-01-10,5382
3163,波若威,10,4,6,第一金-台中,2023-01-10,5382
4977,眾達-KY,6,0,6,第一金-台中,2023-01-10,5382
6486,互動,71,65,6,第一金-台中,2023-01-10,5382
9105,泰金寶-DR,6,0,6,第一金-台中,2023-01-10,5382
1444,力麗,10,5,5,第一金-台中,2023-01-10,5382
1701,中化,5,0,5,第一金-台中,2023-01-10,5382
2338,光罩,10,5,5,第一金-台中,2023-01-10,5382
8227,巨有科技,5,0,5,第一金-台中,2023-01-10,5382
00770,國泰北美科技,4,0,4,第一金-台中,2023-01-10,5382
00650L,復華香港正2,9,5,4,第一金-台中,2023-01-10,5382
2489,瑞軒,4,0,4,第一金-台中,2023-01-10,5382
2605,新興,4,0,4,第一金-台中,2023-01-10,5382
5608,四維航,4,0,4,第一金-台中,2023-01-10,5382
0056,元大高股息,5,2,3,第一金-台中,2023-01-10,5382
6129,普誠,4,1,3,第一金-台中,2023-01-10,5382
00679B,元大美債20年,3,0,3,第一金-台中,2023-01-10,5382
00665L,富邦�琤肭磪囓�2,9,6,3,第一金-台中,2023-01-10,5382
2897,王道銀行,435,13,422,第一金-台中,2023-01-11,5382
00680L,元大美債20正2,150,0,150,第一金-台中,2023-01-11,5382
00715L,期街口布蘭特正2,110,0,110,第一金-台中,2023-01-11,5382
3290,東浦,31,0,31,第一金-台中,2023-01-11,5382
4768,晶呈科技,21,0,21,第一金-台中,2023-01-11,5382
00631L,元大台灣50正2,20,0,20,第一金-台中,2023-01-11,5382
3587,閎康,33,13,20,第一金-台中,2023-01-11,5382
1514,亞力,18,0,18,第一金-台中,2023-01-11,5382
2014,中鴻,22,6,16,第一金-台中,2023-01-11,5382
3576,聯合再生,13,0,13,第一金-台中,2023-01-11,5382
5009,榮剛,18,5,13,第一金-台中,2023-01-11,5382
2610,華航,36,24,12,第一金-台中,2023-01-11,5382
1584,精剛,11,0,11,第一金-台中,2023-01-11,5382
3704,合勤控,73,62,11,第一金-台中,2023-01-11,5382
00632R,元大台灣50反1,10,0,10,第一金-台中,2023-01-11,5382
1519,華城,14,4,10,第一金-台中,2023-01-11,5382
2889,國票金,10,0,10,第一金-台中,2023-01-11,5382
2881,富邦金,10,2,8,第一金-台中,2023-01-11,5382
2892,第一金,9,1,8,第一金-台中,2023-01-11,5382
3011,今皓,8,0,8,第一金-台中,2023-01-11,5382
6719,力智,11,3,8,第一金-台中,2023-01-11,5382
3661,世芯-KY,11,4,7,第一金-台中,2023-01-11,5382
1605,華新,18,11,7,第一金-台中,2023-01-11,5382
2313,華通,10,3,7,第一金-台中,2023-01-11,5382
1210,大成,7,1,6,第一金-台中,2023-01-11,5382
9921,巨大,6,0,6,第一金-台中,2023-01-11,5382
00905,FT臺灣Smart,6,1,5,第一金-台中,2023-01-11,5382
1909,榮成,5,0,5,第一金-台中,2023-01-11,5382
2357,華碩,5,0,5,第一金-台中,2023-01-11,5382
2465,麗臺,5,0,5,第一金-台中,2023-01-11,5382
6104,創惟,5,0,5,第一金-台中,2023-01-11,5382
6274,台燿,5,0,5,第一金-台中,2023-01-11,5382
8072,陞泰,5,0,5,第一金-台中,2023-01-11,5382
8227,巨有科技,5,0,5,第一金-台中,2023-01-11,5382
9938,百和,5,0,5,第一金-台中,2023-01-11,5382
9962,有益,7,3,4,第一金-台中,2023-01-11,5382
00679B,元大美債20年,4,0,4,第一金-台中,2023-01-11,5382
00893,國泰智能電動車,5,1,4,第一金-台中,2023-01-11,5382
2812,台中銀,5,1,4,第一金-台中,2023-01-11,5382
2884,玉山金,4,0,4,第一金-台中,2023-01-11,5382
3494,誠研,4,0,4,第一金-台中,2023-01-11,5382
4743,合一,6,2,4,第一金-台中,2023-01-11,5382
6708,天擎,4,0,4,第一金-台中,2023-01-11,5382
6789,采鈺,4,0,4,第一金-台中,2023-01-11,5382
00878,國泰永續高股息,6,3,3,第一金-台中,2023-01-11,5382
00651R,復華香港反1,4,1,3,第一金-台中,2023-01-11,5382
2324,仁寶,3,0,3,第一金-台中,2023-01-11,5382
2888,新光金,5,2,3,第一金-台中,2023-01-11,5382
5258,虹堡,3,0,3,第一金-台中,2023-01-11,5382
6197,佳必琪,3,0,3,第一金-台中,2023-01-11,5382
00753L,中信中國50正2,1200,10,1190,第一金-台中,2023-01-12,5382
1443,立益物流,20,0,20,第一金-台中,2023-01-12,5382
2867,三商壽,20,0,20,第一金-台中,2023-01-12,5382
2357,華碩,15,0,15,第一金-台中,2023-01-12,5382
00728,第一金工業30,15,0,15,第一金-台中,2023-01-12,5382
2380,虹光,15,2,13,第一金-台中,2023-01-12,5382
8069,元太,73,60,13,第一金-台中,2023-01-12,5382
2338,光罩,12,0,12,第一金-台中,2023-01-12,5382
2457,飛宏,10,0,10,第一金-台中,2023-01-12,5382
4402,郡都開發,10,0,10,第一金-台中,2023-01-12,5382
4934,太極,10,0,10,第一金-台中,2023-01-12,5382
00665L,富邦�琤肭磪囓�2,9,2,7,第一金-台中,2023-01-12,5382
1909,榮成,8,1,7,第一金-台中,2023-01-12,5382
9105,泰金寶-DR,7,0,7,第一金-台中,2023-01-12,5382
1512,瑞利,11,5,6,第一金-台中,2023-01-12,5382
2230,泰茂,6,0,6,第一金-台中,2023-01-12,5382
2642,宅配通,6,0,6,第一金-台中,2023-01-12,5382
2881A,富邦特,6,0,6,第一金-台中,2023-01-12,5382
5009,榮剛,10,4,6,第一金-台中,2023-01-12,5382
911622,泰聚亨-DR,6,0,6,第一金-台中,2023-01-12,5382
2368,金像電,5,0,5,第一金-台中,2023-01-12,5382
0056,元大高股息,5,0,5,第一金-台中,2023-01-12,5382
00770,國泰北美科技,5,0,5,第一金-台中,2023-01-12,5382
1536,和大,5,0,5,第一金-台中,2023-01-12,5382
2436,偉詮電,5,0,5,第一金-台中,2023-01-12,5382
5014,建錩,5,0,5,第一金-台中,2023-01-12,5382
5321,美而快,8,3,5,第一金-台中,2023-01-12,5382
2002,中鋼,11,6,5,第一金-台中,2023-01-12,5382
3228,金麗科,7,3,4,第一金-台中,2023-01-12,5382
00882,中信中國高股息,4,0,4,第一金-台中,2023-01-12,5382
00650L,復華香港正2,15,11,4,第一金-台中,2023-01-12,5382
2516,新建,4,0,4,第一金-台中,2023-01-12,5382
2610,華航,4,0,4,第一金-台中,2023-01-12,5382
3714,富采,4,0,4,第一金-台中,2023-01-12,5382
6188,廣明,4,0,4,第一金-台中,2023-01-12,5382
2892,第一金,4,0,4,第一金-台中,2023-01-12,5382
2303,聯電,6,2,4,第一金-台中,2023-01-12,5382
1305,華夏,3,0,3,第一金-台中,2023-01-12,5382
2732,六角,5,2,3,第一金-台中,2023-01-12,5382
3702,大聯大,3,0,3,第一金-台中,2023-01-12,5382
6245,立端,8,5,3,第一金-台中,2023-01-12,5382
6741,91APP*-KY,4,1,3,第一金-台中,2023-01-12,5382
8249,菱光,3,0,3,第一金-台中,2023-01-12,5382
9938,百和,3,0,3,第一金-台中,2023-01-12,5382
00905,FT臺灣Smart,2,0,2,第一金-台中,2023-01-12,5382
2887,台新金,2,0,2,第一金-台中,2023-01-12,5382
2308,台達電,2,0,2,第一金-台中,2023-01-12,5382
2317,鴻海,2,0,2,第一金-台中,2023-01-12,5382
1229,聯華,2,0,2,第一金-台中,2023-01-12,5382
1309,台達化,2,0,2,第一金-台中,2023-01-12,5382
3703,欣陸,52,0,52,第一金-台中,2023-01-13,5382
2312,金寶,40,0,40,第一金-台中,2023-01-13,5382
00882,中信中國高股息,38,1,37,第一金-台中,2023-01-13,5382
00878,國泰永續高股息,45,8,37,第一金-台中,2023-01-13,5382
2014,中鴻,52,27,25,第一金-台中,2023-01-13,5382
3587,閎康,22,0,22,第一金-台中,2023-01-13,5382
6789,采鈺,16,0,16,第一金-台中,2023-01-13,5382
2317,鴻海,11,0,11,第一金-台中,2023-01-13,5382
2883,凱基金,13,2,11,第一金-台中,2023-01-13,5382
3027,盛達,10,0,10,第一金-台中,2023-01-13,5382
5410,國眾,10,0,10,第一金-台中,2023-01-13,5382
1308,亞聚,10,1,9,第一金-台中,2023-01-13,5382
1519,華城,10,1,9,第一金-台中,2023-01-13,5382
3406,玉晶光,14,5,9,第一金-台中,2023-01-13,5382
4943,康控-KY,9,0,9,第一金-台中,2023-01-13,5382
1909,榮成,9,1,8,第一金-台中,2023-01-13,5382
2609,陽明,7,0,7,第一金-台中,2023-01-13,5382
2892,第一金,7,0,7,第一金-台中,2023-01-13,5382
3443,創意,15,8,7,第一金-台中,2023-01-13,5382
2049,上銀,6,0,6,第一金-台中,2023-01-13,5382
2618,長榮航,43,37,6,第一金-台中,2023-01-13,5382
3044,健鼎,6,0,6,第一金-台中,2023-01-13,5382
9928,中視,6,0,6,第一金-台中,2023-01-13,5382
2402,毅嘉,5,0,5,第一金-台中,2023-01-13,5382
2498,宏達電,24,19,5,第一金-台中,2023-01-13,5382
2605,新興,5,0,5,第一金-台中,2023-01-13,5382
2729,瓦城,5,0,5,第一金-台中,2023-01-13,5382
1605,華新,11,7,4,第一金-台中,2023-01-13,5382
1560,中砂,14,10,4,第一金-台中,2023-01-13,5382
2732,六角,8,4,4,第一金-台中,2023-01-13,5382
2867,三商壽,5,1,4,第一金-台中,2023-01-13,5382
3687,歐買尬,7,3,4,第一金-台中,2023-01-13,5382
8084,巨虹,7,3,4,第一金-台中,2023-01-13,5382
00905,FT臺灣Smart,3,0,3,第一金-台中,2023-01-13,5382
00708L,期元大S＆P黃金正2,3,0,3,第一金-台中,2023-01-13,5382
00665L,富邦�琤肭磪囓�2,3,0,3,第一金-台中,2023-01-13,5382
2328,廣宇,3,0,3,第一金-台中,2023-01-13,5382
2399,映泰,3,0,3,第一金-台中,2023-01-13,5382
3704,合勤控,22,19,3,第一金-台中,2023-01-13,5382
4106,雃博,3,0,3,第一金-台中,2023-01-13,5382
4171,瑞基,3,0,3,第一金-台中,2023-01-13,5382
4907,富宇,3,0,3,第一金-台中,2023-01-13,5382
5530,龍巖,3,0,3,第一金-台中,2023-01-13,5382
6443,元晶,3,0,3,第一金-台中,2023-01-13,5382
3008,大立光,2,0,2,第一金-台中,2023-01-13,5382
0056,元大高股息,3,1,2,第一金-台中,2023-01-13,5382
1503,士電,3,1,2,第一金-台中,2023-01-13,5382
5321,美而快,2,0,2,第一金-台中,2023-01-13,5382
6111,大宇資,5,3,2,第一金-台中,2023-01-13,5382
2603,長榮,2,0,2,第一金-台中,2023-01-13,5382
00637L,元大滬深300正2,100,25,75,第一金-台中,2023-01-16,5382
00905,FT臺灣Smart,40,0,40,第一金-台中,2023-01-16,5382
00665L,富邦�琤肭磪囓�2,40,6,34,第一金-台中,2023-01-16,5382
2851,中再保,20,0,20,第一金-台中,2023-01-16,5382
6782,視陽,21,1,20,第一金-台中,2023-01-16,5382
00673R,期元大S＆P原油反1,12,0,12,第一金-台中,2023-01-16,5382
2317,鴻海,12,0,12,第一金-台中,2023-01-16,5382
2609,陽明,15,4,11,第一金-台中,2023-01-16,5382
00679B,元大美債20年,11,0,11,第一金-台中,2023-01-16,5382
2338,光罩,16,6,10,第一金-台中,2023-01-16,5382
2201,裕隆,32,23,9,第一金-台中,2023-01-16,5382
00772B,中信高評級公司債,8,0,8,第一金-台中,2023-01-16,5382
1795,美時,11,3,8,第一金-台中,2023-01-16,5382
00720B,元大投資級公司債,12,5,7,第一金-台中,2023-01-16,5382
00893,國泰智能電動車,7,0,7,第一金-台中,2023-01-16,5382
2881A,富邦特,7,0,7,第一金-台中,2023-01-16,5382
00773B,中信優先金融債,6,0,6,第一金-台中,2023-01-16,5382
3013,晟銘電,6,0,6,第一金-台中,2023-01-16,5382
2892,第一金,5,0,5,第一金-台中,2023-01-16,5382
00728,第一金工業30,5,0,5,第一金-台中,2023-01-16,5382
2897,王道銀行,5,0,5,第一金-台中,2023-01-16,5382
4707,磐亞,5,0,5,第一金-台中,2023-01-16,5382
5410,國眾,5,0,5,第一金-台中,2023-01-16,5382
6104,創惟,5,0,5,第一金-台中,2023-01-16,5382
8110,華東,5,0,5,第一金-台中,2023-01-16,5382
9945,潤泰新,5,0,5,第一金-台中,2023-01-16,5382
6443,元晶,5,1,4,第一金-台中,2023-01-16,5382
00878,國泰永續高股息,5,1,4,第一金-台中,2023-01-16,5382
1304,台聚,4,0,4,第一金-台中,2023-01-16,5382
1789,神隆,4,0,4,第一金-台中,2023-01-16,5382
2313,華通,4,0,4,第一金-台中,2023-01-16,5382
5206,坤悅,4,0,4,第一金-台中,2023-01-16,5382
5469,瀚宇博,4,0,4,第一金-台中,2023-01-16,5382
6111,大宇資,6,2,4,第一金-台中,2023-01-16,5382
6191,精成科,4,0,4,第一金-台中,2023-01-16,5382
00895,富邦未來車,3,0,3,第一金-台中,2023-01-16,5382
1760,寶齡富錦,3,0,3,第一金-台中,2023-01-16,5382
1909,榮成,4,1,3,第一金-台中,2023-01-16,5382
2358,廷鑫,3,0,3,第一金-台中,2023-01-16,5382
2497,怡利電,3,0,3,第一金-台中,2023-01-16,5382
2890,永豐金,3,0,3,第一金-台中,2023-01-16,5382
6015,宏遠證,3,0,3,第一金-台中,2023-01-16,5382
6133,金橋,3,0,3,第一金-台中,2023-01-16,5382
6741,91APP*-KY,5,2,3,第一金-台中,2023-01-16,5382
1308,亞聚,2,0,2,第一金-台中,2023-01-16,5382
00708L,期元大S＆P黃金正2,2,0,2,第一金-台中,2023-01-16,5382
00770,國泰北美科技,2,0,2,第一金-台中,2023-01-16,5382
00651R,復華香港反1,2,0,2,第一金-台中,2023-01-16,5382
00633L,富邦上証正2,2,0,2,第一金-台中,2023-01-16,5382
2867,三商壽,2,0,2,第一金-台中,2023-01-16,5382
00753L,中信中國50正2,666,0,666,第一金-台中,2023-01-17,5382
00632R,元大台灣50反1,202,30,172,第一金-台中,2023-01-17,5382
4979,華星光,81,4,77,第一金-台中,2023-01-17,5382
2323,中環,70,0,70,第一金-台中,2023-01-17,5382
8069,元太,43,10,33,第一金-台中,2023-01-17,5382
8210,勤誠,24,3,21,第一金-台中,2023-01-17,5382
00650L,復華香港正2,25,11,14,第一金-台中,2023-01-17,5382
2371,大同,13,1,12,第一金-台中,2023-01-17,5382
00772B,中信高評級公司債,11,0,11,第一金-台中,2023-01-17,5382
1210,大成,10,0,10,第一金-台中,2023-01-17,5382
2349,錸德,10,0,10,第一金-台中,2023-01-17,5382
00665L,富邦�琤肭磪囓�2,16,6,10,第一金-台中,2023-01-17,5382
1810,和成,10,0,10,第一金-台中,2023-01-17,5382
2618,長榮航,12,2,10,第一金-台中,2023-01-17,5382
2916,滿心,10,0,10,第一金-台中,2023-01-17,5382
5457,宣德,10,0,10,第一金-台中,2023-01-17,5382
6505,台塑化,10,0,10,第一金-台中,2023-01-17,5382
8097,常珵,10,0,10,第一金-台中,2023-01-17,5382
00900,富邦特選高股息30,9,0,9,第一金-台中,2023-01-17,5382
2317,鴻海,8,1,7,第一金-台中,2023-01-17,5382
2881A,富邦特,7,0,7,第一金-台中,2023-01-17,5382
8932,智通*,7,0,7,第一金-台中,2023-01-17,5382
0056,元大高股息,6,0,6,第一金-台中,2023-01-17,5382
1512,瑞利,6,0,6,第一金-台中,2023-01-17,5382
2939,永邑-KY,6,0,6,第一金-台中,2023-01-17,5382
4968,立積,6,0,6,第一金-台中,2023-01-17,5382
5410,國眾,6,0,6,第一金-台中,2023-01-17,5382
00679B,元大美債20年,5,0,5,第一金-台中,2023-01-17,5382
2889,國票金,5,0,5,第一金-台中,2023-01-17,5382
1443,立益物流,5,0,5,第一金-台中,2023-01-17,5382
00720B,元大投資級公司債,5,0,5,第一金-台中,2023-01-17,5382
2105,正新,5,0,5,第一金-台中,2023-01-17,5382
2497,怡利電,5,0,5,第一金-台中,2023-01-17,5382
2884,玉山金,5,0,5,第一金-台中,2023-01-17,5382
2929,淘帝-KY,5,0,5,第一金-台中,2023-01-17,5382
6188,廣明,5,0,5,第一金-台中,2023-01-17,5382
6491,晶碩,5,0,5,第一金-台中,2023-01-17,5382
8046,南電,7,3,4,第一金-台中,2023-01-17,5382
2812,台中銀,4,0,4,第一金-台中,2023-01-17,5382
00645,富邦日本,4,0,4,第一金-台中,2023-01-17,5382
00637L,元大滬深300正2,5,1,4,第一金-台中,2023-01-17,5382
1560,中砂,9,5,4,第一金-台中,2023-01-17,5382
1783,和康生,4,0,4,第一金-台中,2023-01-17,5382
5258,虹堡,5,1,4,第一金-台中,2023-01-17,5382
5475,德宏,4,0,4,第一金-台中,2023-01-17,5382
6576,逸達,4,0,4,第一金-台中,2023-01-17,5382
1513,中興電,12,9,3,第一金-台中,2023-01-17,5382
2441,超豐,3,0,3,第一金-台中,2023-01-17,5382
2498,宏達電,3,0,3,第一金-台中,2023-01-17,5382
3046,建��,3,0,3,第一金-台中,2023-01-17,5382
00753L,中信中國50正2,965,1,964,第一金-台中,2023-01-30,5382
2882,國泰金,404,15,389,第一金-台中,2023-01-30,5382
00632R,元大台灣50反1,294,176,118,第一金-台中,2023-01-30,5382
2812,台中銀,102,4,98,第一金-台中,2023-01-30,5382
6150,撼訊,58,3,55,第一金-台中,2023-01-30,5382
2482,連宇,40,2,38,第一金-台中,2023-01-30,5382
5425,台半,67,33,34,第一金-台中,2023-01-30,5382
3217,優群,30,0,30,第一金-台中,2023-01-30,5382
8932,智通*,25,0,25,第一金-台中,2023-01-30,5382
2317,鴻海,24,1,23,第一金-台中,2023-01-30,5382
00720B,元大投資級公司債,20,0,20,第一金-台中,2023-01-30,5382
2014,中鴻,27,11,16,第一金-台中,2023-01-30,5382
00719B,元大美債1-3,15,0,15,第一金-台中,2023-01-30,5382
00893,國泰智能電動車,26,11,15,第一金-台中,2023-01-30,5382
3576,聯合再生,11,0,11,第一金-台中,2023-01-30,5382
3673,TPK-KY,11,0,11,第一金-台中,2023-01-30,5382
8358,金居,15,4,11,第一金-台中,2023-01-30,5382
00905,FT臺灣Smart,10,0,10,第一金-台中,2023-01-30,5382
6188,廣明,10,0,10,第一金-台中,2023-01-30,5382
00882,中信中國高股息,8,0,8,第一金-台中,2023-01-30,5382
4563,百德,8,0,8,第一金-台中,2023-01-30,5382
911622,泰聚亨-DR,8,0,8,第一金-台中,2023-01-30,5382
5351,鈺創,8,1,7,第一金-台中,2023-01-30,5382
00713,元大台灣高息低波,7,0,7,第一金-台中,2023-01-30,5382
2545,皇翔,7,0,7,第一金-台中,2023-01-30,5382
2049,上銀,20,14,6,第一金-台中,2023-01-30,5382
2324,仁寶,5,0,5,第一金-台中,2023-01-30,5382
00701,國泰股利精選30,5,0,5,第一金-台中,2023-01-30,5382
00725B,國泰投資級公司債,5,0,5,第一金-台中,2023-01-30,5382
00770,國泰北美科技,10,5,5,第一金-台中,2023-01-30,5382
2348,海悅,5,0,5,第一金-台中,2023-01-30,5382
2609,陽明,5,0,5,第一金-台中,2023-01-30,5382
3265,台星科,5,0,5,第一金-台中,2023-01-30,5382
4609,唐鋒,5,0,5,第一金-台中,2023-01-30,5382
4746,台耀,5,0,5,第一金-台中,2023-01-30,5382
5263,智崴,6,1,5,第一金-台中,2023-01-30,5382
6180,橘子,15,10,5,第一金-台中,2023-01-30,5382
8050,廣積,7,2,5,第一金-台中,2023-01-30,5382
8163,達方,5,0,5,第一金-台中,2023-01-30,5382
3661,世芯-KY,5,0,5,第一金-台中,2023-01-30,5382
2603,長榮,4,0,4,第一金-台中,2023-01-30,5382
2345,智邦,4,0,4,第一金-台中,2023-01-30,5382
3128,昇銳,4,0,4,第一金-台中,2023-01-30,5382
3714,富采,4,0,4,第一金-台中,2023-01-30,5382
6182,合晶,9,5,4,第一金-台中,2023-01-30,5382
6679,鈺太,4,0,4,第一金-台中,2023-01-30,5382
2201,裕隆,13,9,4,第一金-台中,2023-01-30,5382
00740B,富邦全球投等債,3,0,3,第一金-台中,2023-01-30,5382
00772B,中信高評級公司債,3,0,3,第一金-台中,2023-01-30,5382
1522,堤維西,3,0,3,第一金-台中,2023-01-30,5382
2882,國泰金,504,3,501,第一金-台中,2023-01-31,5382
00753L,中信中國50正2,250,0,250,第一金-台中,2023-01-31,5382
00632R,元大台灣50反1,202,0,202,第一金-台中,2023-01-31,5382
00720B,元大投資級公司債,49,0,49,第一金-台中,2023-01-31,5382
00715L,期街口布蘭特正2,48,0,48,第一金-台中,2023-01-31,5382
4979,華星光,64,21,43,第一金-台中,2023-01-31,5382
3037,欣興,54,14,40,第一金-台中,2023-01-31,5382
2892,第一金,38,0,38,第一金-台中,2023-01-31,5382
00878,國泰永續高股息,48,12,36,第一金-台中,2023-01-31,5382
00772B,中信高評級公司債,32,0,32,第一金-台中,2023-01-31,5382
1584,精剛,25,0,25,第一金-台中,2023-01-31,5382
2610,華航,31,7,24,第一金-台中,2023-01-31,5382
00905,FT臺灣Smart,63,40,23,第一金-台中,2023-01-31,5382
1720,生達,20,0,20,第一金-台中,2023-01-31,5382
8932,智通*,17,0,17,第一金-台中,2023-01-31,5382
4768,晶呈科技,20,4,16,第一金-台中,2023-01-31,5382
3046,建��,15,0,15,第一金-台中,2023-01-31,5382
2618,長榮航,17,5,12,第一金-台中,2023-01-31,5382
3162,精確,13,2,11,第一金-台中,2023-01-31,5382
4142,國光生,21,10,11,第一金-台中,2023-01-31,5382
6732,昇佳電子,11,0,11,第一金-台中,2023-01-31,5382
8996,高力,13,2,11,第一金-台中,2023-01-31,5382
2548,華固,10,0,10,第一金-台中,2023-01-31,5382
00673R,期元大S＆P原油反1,10,0,10,第一金-台中,2023-01-31,5382
2520,冠德,10,0,10,第一金-台中,2023-01-31,5382
3406,玉晶光,12,2,10,第一金-台中,2023-01-31,5382
5525,順天,10,0,10,第一金-台中,2023-01-31,5382
8097,常珵,10,0,10,第一金-台中,2023-01-31,5382
8105,凌巨,11,1,10,第一金-台中,2023-01-31,5382
2330,台積電,17,7,10,第一金-台中,2023-01-31,5382
5234,達興材料,9,0,9,第一金-台中,2023-01-31,5382
6535,順藥,9,0,9,第一金-台中,2023-01-31,5382
9945,潤泰新,8,0,8,第一金-台中,2023-01-31,5382
00679B,元大美債20年,8,0,8,第一金-台中,2023-01-31,5382
8033,雷虎,7,0,7,第一金-台中,2023-01-31,5382
2201,裕隆,20,14,6,第一金-台中,2023-01-31,5382
1608,華榮,6,0,6,第一金-台中,2023-01-31,5382
2329,華泰,6,0,6,第一金-台中,2023-01-31,5382
2504,國產,6,0,6,第一金-台中,2023-01-31,5382
2929,淘帝-KY,9,3,6,第一金-台中,2023-01-31,5382
3105,穩懋,6,0,6,第一金-台中,2023-01-31,5382
3707,漢磊,10,4,6,第一金-台中,2023-01-31,5382
8171,天宇,19,13,6,第一金-台中,2023-01-31,5382
3189,景碩,5,0,5,第一金-台中,2023-01-31,5382
1533,車王電,5,0,5,第一金-台中,2023-01-31,5382
2302,麗正,5,0,5,第一金-台中,2023-01-31,5382
2324,仁寶,5,0,5,第一金-台中,2023-01-31,5382
2348,海悅,5,0,5,第一金-台中,2023-01-31,5382
3013,晟銘電,5,0,5,第一金-台中,2023-01-31,5382
3376,新日興,5,0,5,第一金-台中,2023-01-31,5382
2609,陽明,276,3,273,第一金-台中,2023-02-01,5382
00753L,中信中國50正2,240,13,227,第一金-台中,2023-02-01,5382
2882,國泰金,155,1,154,第一金-台中,2023-02-01,5382
9945,潤泰新,144,0,144,第一金-台中,2023-02-01,5382
00878,國泰永續高股息,143,3,140,第一金-台中,2023-02-01,5382
1609,大亞,221,114,107,第一金-台中,2023-02-01,5382
6589,台康生技,81,2,79,第一金-台中,2023-02-01,5382
3162,精確,80,14,66,第一金-台中,2023-02-01,5382
4919,新唐,141,76,65,第一金-台中,2023-02-01,5382
2027,大成鋼,50,0,50,第一金-台中,2023-02-01,5382
5009,榮剛,69,31,38,第一金-台中,2023-02-01,5382
3207,耀勝,37,10,27,第一金-台中,2023-02-01,5382
00900,富邦特選高股息30,28,1,27,第一金-台中,2023-02-01,5382
8033,雷虎,36,10,26,第一金-台中,2023-02-01,5382
3202,樺晟,25,0,25,第一金-台中,2023-02-01,5382
00882,中信中國高股息,20,0,20,第一金-台中,2023-02-01,5382
6509,聚和,20,0,20,第一金-台中,2023-02-01,5382
8105,凌巨,20,0,20,第一金-台中,2023-02-01,5382
8940,新天地,20,0,20,第一金-台中,2023-02-01,5382
5321,美而快,21,1,20,第一金-台中,2023-02-01,5382
00905,FT臺灣Smart,18,0,18,第一金-台中,2023-02-01,5382
5309,系統電,16,0,16,第一金-台中,2023-02-01,5382
6180,橘子,20,4,16,第一金-台中,2023-02-01,5382
1584,精剛,15,0,15,第一金-台中,2023-02-01,5382
2492,華新科,15,0,15,第一金-台中,2023-02-01,5382
6244,茂迪,25,10,15,第一金-台中,2023-02-01,5382
6239,力成,17,2,15,第一金-台中,2023-02-01,5382
2014,中鴻,13,0,13,第一金-台中,2023-02-01,5382
3707,漢磊,16,4,12,第一金-台中,2023-02-01,5382
5388,中磊,11,0,11,第一金-台中,2023-02-01,5382
2030,彰源,12,2,10,第一金-台中,2023-02-01,5382
2312,金寶,13,3,10,第一金-台中,2023-02-01,5382
2371,大同,10,0,10,第一金-台中,2023-02-01,5382
6116,彩晶,21,11,10,第一金-台中,2023-02-01,5382
6197,佳必琪,10,0,10,第一金-台中,2023-02-01,5382
6235,華孚,10,0,10,第一金-台中,2023-02-01,5382
8044,網家,10,0,10,第一金-台中,2023-02-01,5382
1560,中砂,10,1,9,第一金-台中,2023-02-01,5382
00637L,元大滬深300正2,8,0,8,第一金-台中,2023-02-01,5382
1608,華榮,8,0,8,第一金-台中,2023-02-01,5382
2834,臺企銀,8,0,8,第一金-台中,2023-02-01,5382
2412,中華電,8,1,7,第一金-台中,2023-02-01,5382
2892,第一金,7,0,7,第一金-台中,2023-02-01,5382
2201,裕隆,49,42,7,第一金-台中,2023-02-01,5382
1519,華城,11,4,7,第一金-台中,2023-02-01,5382
2610,華航,52,45,7,第一金-台中,2023-02-01,5382
2634,漢翔,7,0,7,第一金-台中,2023-02-01,5382
3576,聯合再生,13,6,7,第一金-台中,2023-02-01,5382
3624,光頡,18,11,7,第一金-台中,2023-02-01,5382
3673,TPK-KY,7,0,7,第一金-台中,2023-02-01,5382
00753L,中信中國50正2,988,660,328,第一金-台中,2023-02-02,5382
00632R,元大台灣50反1,322,0,322,第一金-台中,2023-02-02,5382
2890,永豐金,104,0,104,第一金-台中,2023-02-02,5382
9945,潤泰新,82,0,82,第一金-台中,2023-02-02,5382
00715L,期街口布蘭特正2,71,0,71,第一金-台中,2023-02-02,5382
2618,長榮航,123,64,59,第一金-台中,2023-02-02,5382
6799,來頡,50,0,50,第一金-台中,2023-02-02,5382
0056,元大高股息,53,3,50,第一金-台中,2023-02-02,5382
2497,怡利電,40,2,38,第一金-台中,2023-02-02,5382
2615,萬海,41,3,38,第一金-台中,2023-02-02,5382
3141,晶宏,41,3,38,第一金-台中,2023-02-02,5382
4609,唐鋒,34,0,34,第一金-台中,2023-02-02,5382
6605,帝寶,33,0,33,第一金-台中,2023-02-02,5382
3026,禾伸堂,31,0,31,第一金-台中,2023-02-02,5382
5353,台林,35,4,31,第一金-台中,2023-02-02,5382
6443,元晶,33,4,29,第一金-台中,2023-02-02,5382
2881,富邦金,36,9,27,第一金-台中,2023-02-02,5382
2891,中信金,25,0,25,第一金-台中,2023-02-02,5382
3207,耀勝,50,26,24,第一金-台中,2023-02-02,5382
2317,鴻海,24,1,23,第一金-台中,2023-02-02,5382
4979,華星光,41,19,22,第一金-台中,2023-02-02,5382
1810,和成,27,6,21,第一金-台中,2023-02-02,5382
1409,新纖,20,0,20,第一金-台中,2023-02-02,5382
2457,飛宏,20,0,20,第一金-台中,2023-02-02,5382
00878,國泰永續高股息,28,10,18,第一金-台中,2023-02-02,5382
3704,合勤控,36,18,18,第一金-台中,2023-02-02,5382
00882,中信中國高股息,16,0,16,第一金-台中,2023-02-02,5382
8289,泰藝,15,0,15,第一金-台中,2023-02-02,5382
3624,光頡,54,40,14,第一金-台中,2023-02-02,5382
8105,凌巨,15,1,14,第一金-台中,2023-02-02,5382
1513,中興電,30,18,12,第一金-台中,2023-02-02,5382
2834,臺企銀,12,0,12,第一金-台中,2023-02-02,5382
2108,南帝,11,0,11,第一金-台中,2023-02-02,5382
00676R,富邦臺灣加權反1,11,0,11,第一金-台中,2023-02-02,5382
6245,立端,11,0,11,第一金-台中,2023-02-02,5382
00885,富邦越南,10,0,10,第一金-台中,2023-02-02,5382
00896,中信綠能及電動車,10,0,10,第一金-台中,2023-02-02,5382
00671R,富邦NASDAQ反1,10,0,10,第一金-台中,2023-02-02,5382
1522,堤維西,10,0,10,第一金-台中,2023-02-02,5382
1806,冠軍,10,0,10,第一金-台中,2023-02-02,5382
2014,中鴻,13,3,10,第一金-台中,2023-02-02,5382
2323,中環,10,0,10,第一金-台中,2023-02-02,5382
6789,采鈺,10,0,10,第一金-台中,2023-02-02,5382
5234,達興材料,9,0,9,第一金-台中,2023-02-02,5382
00637L,元大滬深300正2,8,0,8,第一金-台中,2023-02-02,5382
2887,台新金,10,2,8,第一金-台中,2023-02-02,5382
5347,世界,9,1,8,第一金-台中,2023-02-02,5382
6180,橘子,8,0,8,第一金-台中,2023-02-02,5382
2888,新光金,7,0,7,第一金-台中,2023-02-02,5382
6531,愛普*,16,10,6,第一金-台中,2023-02-02,5382
00753L,中信中國50正2,271,0,271,第一金-台中,2023-02-03,5382
6104,創惟,116,17,99,第一金-台中,2023-02-03,5382
5351,鈺創,149,71,78,第一金-台中,2023-02-03,5382
3037,欣興,75,1,74,第一金-台中,2023-02-03,5382
6546,正基,69,0,69,第一金-台中,2023-02-03,5382
1708,東鹼,50,3,47,第一金-台中,2023-02-03,5382
00715L,期街口布蘭特正2,48,10,38,第一金-台中,2023-02-03,5382
3008,大立光,39,1,38,第一金-台中,2023-02-03,5382
00878,國泰永續高股息,78,43,35,第一金-台中,2023-02-03,5382
2328,廣宇,34,0,34,第一金-台中,2023-02-03,5382
2610,華航,34,1,33,第一金-台中,2023-02-03,5382
3588,通嘉,31,2,29,第一金-台中,2023-02-03,5382
2201,裕隆,55,29,26,第一金-台中,2023-02-03,5382
2363,矽統,26,0,26,第一金-台中,2023-02-03,5382
2317,鴻海,27,2,25,第一金-台中,2023-02-03,5382
2388,威盛,54,29,25,第一金-台中,2023-02-03,5382
6245,立端,29,8,21,第一金-台中,2023-02-03,5382
2834,臺企銀,20,0,20,第一金-台中,2023-02-03,5382
2402,毅嘉,20,0,20,第一金-台中,2023-02-03,5382
2364,倫飛,21,2,19,第一金-台中,2023-02-03,5382
6548,長科*,19,0,19,第一金-台中,2023-02-03,5382
2888,新光金,16,0,16,第一金-台中,2023-02-03,5382
00632R,元大台灣50反1,12,0,12,第一金-台中,2023-02-03,5382
4915,致伸,13,1,12,第一金-台中,2023-02-03,5382
3046,建��,11,0,11,第一金-台中,2023-02-03,5382
3673,TPK-KY,11,0,11,第一金-台中,2023-02-03,5382
5608,四維航,12,1,11,第一金-台中,2023-02-03,5382
1503,士電,10,0,10,第一金-台中,2023-02-03,5382
2413,環科,11,1,10,第一金-台中,2023-02-03,5382
2634,漢翔,10,0,10,第一金-台中,2023-02-03,5382
2729,瓦城,10,0,10,第一金-台中,2023-02-03,5382
4173,久裕,10,0,10,第一金-台中,2023-02-03,5382
6118,建達,45,36,9,第一金-台中,2023-02-03,5382
2609,陽明,10,1,9,第一金-台中,2023-02-03,5382
2498,宏達電,38,29,9,第一金-台中,2023-02-03,5382
2618,長榮航,17,10,7,第一金-台中,2023-02-03,5382
00637L,元大滬深300正2,7,0,7,第一金-台中,2023-02-03,5382
3624,光頡,12,5,7,第一金-台中,2023-02-03,5382
3693,營邦,7,0,7,第一金-台中,2023-02-03,5382
6129,普誠,7,0,7,第一金-台中,2023-02-03,5382
6770,力積電,9,3,6,第一金-台中,2023-02-03,5382
2891,中信金,6,0,6,第一金-台中,2023-02-03,5382
2312,金寶,6,0,6,第一金-台中,2023-02-03,5382
2359,所羅門,8,2,6,第一金-台中,2023-02-03,5382
3207,耀勝,6,0,6,第一金-台中,2023-02-03,5382
3508,位速,6,0,6,第一金-台中,2023-02-03,5382
4979,華星光,7,1,6,第一金-台中,2023-02-03,5382
5014,建錩,6,0,6,第一金-台中,2023-02-03,5382
5388,中磊,6,0,6,第一金-台中,2023-02-03,5382
6683,雍智科技,6,0,6,第一金-台中,2023-02-03,5382
2884,玉山金,1002,0,1002,第一金-台中,2023-02-06,5382
00753L,中信中國50正2,289,5,284,第一金-台中,2023-02-06,5382
3673,TPK-KY,140,30,110,第一金-台中,2023-02-06,5382
00878,國泰永續高股息,104,1,103,第一金-台中,2023-02-06,5382
1409,新纖,93,0,93,第一金-台中,2023-02-06,5382
3037,欣興,59,3,56,第一金-台中,2023-02-06,5382
2027,大成鋼,50,0,50,第一金-台中,2023-02-06,5382
3013,晟銘電,52,13,39,第一金-台中,2023-02-06,5382
6282,康舒,57,20,37,第一金-台中,2023-02-06,5382
00632R,元大台灣50反1,50,15,35,第一金-台中,2023-02-06,5382
2731,雄獅,34,0,34,第一金-台中,2023-02-06,5382
00715L,期街口布蘭特正2,30,0,30,第一金-台中,2023-02-06,5382
6188,廣明,30,0,30,第一金-台中,2023-02-06,5382
1752,南光,51,25,26,第一金-台中,2023-02-06,5382
00903,富邦元宇宙,20,0,20,第一金-台中,2023-02-06,5382
2324,仁寶,28,8,20,第一金-台中,2023-02-06,5382
8227,巨有科技,20,0,20,第一金-台中,2023-02-06,5382
8940,新天地,20,0,20,第一金-台中,2023-02-06,5382
0056,元大高股息,22,3,19,第一金-台中,2023-02-06,5382
3059,華晶科,20,2,18,第一金-台中,2023-02-06,5382
2330,台積電,21,6,15,第一金-台中,2023-02-06,5382
1909,榮成,14,0,14,第一金-台中,2023-02-06,5382
2890,永豐金,13,0,13,第一金-台中,2023-02-06,5382
5353,台林,16,3,13,第一金-台中,2023-02-06,5382
6684,安格,13,0,13,第一金-台中,2023-02-06,5382
00637L,元大滬深300正2,12,0,12,第一金-台中,2023-02-06,5382
00772B,中信高評級公司債,12,0,12,第一金-台中,2023-02-06,5382
1584,精剛,15,3,12,第一金-台中,2023-02-06,5382
2834,臺企銀,12,0,12,第一金-台中,2023-02-06,5382
2603,長榮,18,7,11,第一金-台中,2023-02-06,5382
2201,裕隆,44,34,10,第一金-台中,2023-02-06,5382
2492,華新科,10,0,10,第一金-台中,2023-02-06,5382
1513,中興電,10,0,10,第一金-台中,2023-02-06,5382
1701,中化,10,0,10,第一金-台中,2023-02-06,5382
2406,國碩,10,0,10,第一金-台中,2023-02-06,5382
2929,淘帝-KY,10,0,10,第一金-台中,2023-02-06,5382
3217,優群,10,0,10,第一金-台中,2023-02-06,5382
4763,材料-KY,11,1,10,第一金-台中,2023-02-06,5382
6806,森崴能源,10,0,10,第一金-台中,2023-02-06,5382
8932,智通*,10,0,10,第一金-台中,2023-02-06,5382
6782,視陽,10,0,10,第一金-台中,2023-02-06,5382
2609,陽明,13,4,9,第一金-台中,2023-02-06,5382
00720B,元大投資級公司債,8,0,8,第一金-台中,2023-02-06,5382
00885,富邦越南,8,0,8,第一金-台中,2023-02-06,5382
00882,中信中國高股息,8,0,8,第一金-台中,2023-02-06,5382
2888,新光金,6,0,6,第一金-台中,2023-02-06,5382
2382,廣達,5,0,5,第一金-台中,2023-02-06,5382
2337,旺宏,5,0,5,第一金-台中,2023-02-06,5382
2516,新建,5,0,5,第一金-台中,2023-02-06,5382
3189,景碩,5,0,5,第一金-台中,2023-02-06,5382
2884,玉山金,1011,0,1011,第一金-台中,2023-02-07,5382
2890,永豐金,102,0,102,第一金-台中,2023-02-07,5382
00632R,元大台灣50反1,50,0,50,第一金-台中,2023-02-07,5382
2834,臺企銀,73,30,43,第一金-台中,2023-02-07,5382
00893,國泰智能電動車,50,11,39,第一金-台中,2023-02-07,5382
00720B,元大投資級公司債,25,1,24,第一金-台中,2023-02-07,5382
00772B,中信高評級公司債,24,0,24,第一金-台中,2023-02-07,5382
3046,建��,26,3,23,第一金-台中,2023-02-07,5382
2313,華通,21,0,21,第一金-台中,2023-02-07,5382
6146,耕興,21,0,21,第一金-台中,2023-02-07,5382
00665L,富邦�琤肭磪囓�2,20,0,20,第一金-台中,2023-02-07,5382
3419,譁裕,20,0,20,第一金-台中,2023-02-07,5382
6411,晶焱,20,0,20,第一金-台中,2023-02-07,5382
2031,新光鋼,19,0,19,第一金-台中,2023-02-07,5382
2498,宏達電,39,20,19,第一金-台中,2023-02-07,5382
2007,燁興,20,2,18,第一金-台中,2023-02-07,5382
2344,華邦電,21,3,18,第一金-台中,2023-02-07,5382
5284,jpp-KY,17,0,17,第一金-台中,2023-02-07,5382
1432,大魯閣,22,6,16,第一金-台中,2023-02-07,5382
1720,生達,16,0,16,第一金-台中,2023-02-07,5382
00882,中信中國高股息,16,0,16,第一金-台中,2023-02-07,5382
00715L,期街口布蘭特正2,16,0,16,第一金-台中,2023-02-07,5382
1605,華新,49,33,16,第一金-台中,2023-02-07,5382
2610,華航,20,5,15,第一金-台中,2023-02-07,5382
3059,華晶科,15,0,15,第一金-台中,2023-02-07,5382
6282,康舒,41,26,15,第一金-台中,2023-02-07,5382
00878,國泰永續高股息,14,0,14,第一金-台中,2023-02-07,5382
8069,元太,15,1,14,第一金-台中,2023-02-07,5382
3128,昇銳,13,0,13,第一金-台中,2023-02-07,5382
2201,裕隆,13,1,12,第一金-台中,2023-02-07,5382
6515,穎崴,12,0,12,第一金-台中,2023-02-07,5382
5347,世界,10,0,10,第一金-台中,2023-02-07,5382
1417,嘉裕,11,1,10,第一金-台中,2023-02-07,5382
00773B,中信優先金融債,10,0,10,第一金-台中,2023-02-07,5382
1522,堤維西,10,0,10,第一金-台中,2023-02-07,5382
2314,台揚,10,0,10,第一金-台中,2023-02-07,5382
4168,醣聯,10,0,10,第一金-台中,2023-02-07,5382
5457,宣德,10,0,10,第一金-台中,2023-02-07,5382
6603,富強鑫,10,0,10,第一金-台中,2023-02-07,5382
2457,飛宏,24,15,9,第一金-台中,2023-02-07,5382
2390,云辰,8,0,8,第一金-台中,2023-02-07,5382
2303,聯電,31,23,8,第一金-台中,2023-02-07,5382
2891,中信金,8,0,8,第一金-台中,2023-02-07,5382
2618,長榮航,30,24,6,第一金-台中,2023-02-07,5382
6213,聯茂,6,0,6,第一金-台中,2023-02-07,5382
6538,倉和,6,0,6,第一金-台中,2023-02-07,5382
00679B,元大美債20年,5,0,5,第一金-台中,2023-02-07,5382
6472,保瑞,12,7,5,第一金-台中,2023-02-07,5382
00903,富邦元宇宙,5,0,5,第一金-台中,2023-02-07,5382
2906,高林,5,0,5,第一金-台中,2023-02-07,5382
2884,玉山金,53,0,53,第一金-台中,2023-02-08,5382
00632R,元大台灣50反1,53,10,43,第一金-台中,2023-02-08,5382
4743,合一,53,13,40,第一金-台中,2023-02-08,5382
3704,合勤控,40,1,39,第一金-台中,2023-02-08,5382
2367,燿華,34,0,34,第一金-台中,2023-02-08,5382
3494,誠研,34,0,34,第一金-台中,2023-02-08,5382
00885,富邦越南,32,1,31,第一金-台中,2023-02-08,5382
00679B,元大美債20年,31,0,31,第一金-台中,2023-02-08,5382
3034,聯詠,28,1,27,第一金-台中,2023-02-08,5382
3406,玉晶光,41,15,26,第一金-台中,2023-02-08,5382
8936,國統,25,0,25,第一金-台中,2023-02-08,5382
2401,凌陽,27,4,23,第一金-台中,2023-02-08,5382
1783,和康生,23,1,22,第一金-台中,2023-02-08,5382
6531,愛普*,24,4,20,第一金-台中,2023-02-08,5382
4163,鐿鈦,20,0,20,第一金-台中,2023-02-08,5382
00713,元大台灣高息低波,20,0,20,第一金-台中,2023-02-08,5382
2431,聯昌,20,0,20,第一金-台中,2023-02-08,5382
3011,今皓,20,0,20,第一金-台中,2023-02-08,5382
1605,華新,20,1,19,第一金-台中,2023-02-08,5382
2338,光罩,23,4,19,第一金-台中,2023-02-08,5382
8171,天宇,20,2,18,第一金-台中,2023-02-08,5382
1720,生達,16,1,15,第一金-台中,2023-02-08,5382
0056,元大高股息,20,5,15,第一金-台中,2023-02-08,5382
4763,材料-KY,29,14,15,第一金-台中,2023-02-08,5382
5608,四維航,15,1,14,第一金-台中,2023-02-08,5382
5905,南仁湖,14,0,14,第一金-台中,2023-02-08,5382
6180,橘子,12,0,12,第一金-台中,2023-02-08,5382
2379,瑞昱,12,0,12,第一金-台中,2023-02-08,5382
2610,華航,15,4,11,第一金-台中,2023-02-08,5382
3228,金麗科,21,10,11,第一金-台中,2023-02-08,5382
3322,建舜電,11,0,11,第一金-台中,2023-02-08,5382
2886,兆豐金,10,0,10,第一金-台中,2023-02-08,5382
00895,富邦未來車,10,0,10,第一金-台中,2023-02-08,5382
1432,大魯閣,10,0,10,第一金-台中,2023-02-08,5382
1503,士電,10,0,10,第一金-台中,2023-02-08,5382
2358,廷鑫,10,0,10,第一金-台中,2023-02-08,5382
3592,瑞鼎,11,1,10,第一金-台中,2023-02-08,5382
3710,連展投控,10,0,10,第一金-台中,2023-02-08,5382
4744,皇將,10,0,10,第一金-台中,2023-02-08,5382
4934,太極,10,0,10,第一金-台中,2023-02-08,5382
8097,常珵,10,0,10,第一金-台中,2023-02-08,5382
4114,健喬,18,9,9,第一金-台中,2023-02-08,5382
2890,永豐金,9,1,8,第一金-台中,2023-02-08,5382
2025,千興,9,1,8,第一金-台中,2023-02-08,5382
3293,鈊象,15,7,8,第一金-台中,2023-02-08,5382
6282,康舒,22,14,8,第一金-台中,2023-02-08,5382
3576,聯合再生,7,0,7,第一金-台中,2023-02-08,5382
6770,力積電,7,0,7,第一金-台中,2023-02-08,5382
2409,友達,53,46,7,第一金-台中,2023-02-08,5382
3520,華盈,6,0,6,第一金-台中,2023-02-08,5382
6188,廣明,101,1,100,第一金-台中,2023-02-09,5382
00720B,元大投資級公司債,64,0,64,第一金-台中,2023-02-09,5382
2201,裕隆,57,1,56,第一金-台中,2023-02-09,5382
00632R,元大台灣50反1,55,0,55,第一金-台中,2023-02-09,5382
2607,榮運,50,0,50,第一金-台中,2023-02-09,5382
2344,華邦電,41,10,31,第一金-台中,2023-02-09,5382
00878,國泰永續高股息,31,1,30,第一金-台中,2023-02-09,5382
2328,廣宇,30,0,30,第一金-台中,2023-02-09,5382
00679B,元大美債20年,27,0,27,第一金-台中,2023-02-09,5382
3128,昇銳,55,28,27,第一金-台中,2023-02-09,5382
2812,台中銀,24,0,24,第一金-台中,2023-02-09,5382
00885,富邦越南,22,0,22,第一金-台中,2023-02-09,5382
6546,正基,23,5,18,第一金-台中,2023-02-09,5382
1605,華新,19,3,16,第一金-台中,2023-02-09,5382
2425,承啟,16,1,15,第一金-台中,2023-02-09,5382
4128,中天,15,0,15,第一金-台中,2023-02-09,5382
3479,安勤,21,8,13,第一金-台中,2023-02-09,5382
00665L,富邦�琤肭磪囓�2,165,154,11,第一金-台中,2023-02-09,5382
00772B,中信高評級公司債,11,0,11,第一金-台中,2023-02-09,5382
1701,中化,11,0,11,第一金-台中,2023-02-09,5382
5309,系統電,33,22,11,第一金-台中,2023-02-09,5382
6552,易華電,12,1,11,第一金-台中,2023-02-09,5382
00773B,中信優先金融債,10,0,10,第一金-台中,2023-02-09,5382
1718,中纖,10,0,10,第一金-台中,2023-02-09,5382
2633,台灣高鐵,10,0,10,第一金-台中,2023-02-09,5382
2845,遠東銀,10,0,10,第一金-台中,2023-02-09,5382
2867,三商壽,10,0,10,第一金-台中,2023-02-09,5382
2885,元大金,9,0,9,第一金-台中,2023-02-09,5382
3228,金麗科,24,15,9,第一金-台中,2023-02-09,5382
4114,健喬,22,13,9,第一金-台中,2023-02-09,5382
6129,普誠,11,2,9,第一金-台中,2023-02-09,5382
2888,新光金,8,0,8,第一金-台中,2023-02-09,5382
2498,宏達電,34,26,8,第一金-台中,2023-02-09,5382
1514,亞力,7,0,7,第一金-台中,2023-02-09,5382
00900,富邦特選高股息30,7,0,7,第一金-台中,2023-02-09,5382
2884,玉山金,7,0,7,第一金-台中,2023-02-09,5382
3356,奇偶,23,17,6,第一金-台中,2023-02-09,5382
1536,和大,5,0,5,第一金-台中,2023-02-09,5382
8069,元太,8,3,5,第一金-台中,2023-02-09,5382
2368,金像電,5,0,5,第一金-台中,2023-02-09,5382
1734,杏輝,5,0,5,第一金-台中,2023-02-09,5382
2367,燿華,5,0,5,第一金-台中,2023-02-09,5382
2891,中信金,5,0,5,第一金-台中,2023-02-09,5382
3588,通嘉,5,0,5,第一金-台中,2023-02-09,5382
3693,營邦,5,0,5,第一金-台中,2023-02-09,5382
4763,材料-KY,10,5,5,第一金-台中,2023-02-09,5382
4960,誠美材,5,0,5,第一金-台中,2023-02-09,5382
5321,美而快,5,0,5,第一金-台中,2023-02-09,5382
6180,橘子,5,0,5,第一金-台中,2023-02-09,5382
6494,九齊,5,0,5,第一金-台中,2023-02-09,5382
00878,國泰永續高股息,105,0,105,第一金-台中,2023-02-10,5382
00632R,元大台灣50反1,100,0,100,第一金-台中,2023-02-10,5382
5347,世界,74,5,69,第一金-台中,2023-02-10,5382
2610,華航,66,5,61,第一金-台中,2023-02-10,5382
2618,長榮航,132,86,46,第一金-台中,2023-02-10,5382
00773B,中信優先金融債,35,0,35,第一金-台中,2023-02-10,5382
2359,所羅門,35,0,35,第一金-台中,2023-02-10,5382
00772B,中信高評級公司債,31,0,31,第一金-台中,2023-02-10,5382
0056,元大高股息,36,10,26,第一金-台中,2023-02-10,5382
2201,裕隆,55,29,26,第一金-台中,2023-02-10,5382
6128,上福,25,0,25,第一金-台中,2023-02-10,5382
00903,富邦元宇宙,24,0,24,第一金-台中,2023-02-10,5382
00720B,元大投資級公司債,23,0,23,第一金-台中,2023-02-10,5382
2344,華邦電,22,0,22,第一金-台中,2023-02-10,5382
4931,新盛力,24,3,21,第一金-台中,2023-02-10,5382
2471,資通,20,0,20,第一金-台中,2023-02-10,5382
1795,美時,20,0,20,第一金-台中,2023-02-10,5382
1810,和成,35,18,17,第一金-台中,2023-02-10,5382
2498,宏達電,35,19,16,第一金-台中,2023-02-10,5382
3059,華晶科,16,0,16,第一金-台中,2023-02-10,5382
2892,第一金,15,0,15,第一金-台中,2023-02-10,5382
2105,正新,15,0,15,第一金-台中,2023-02-10,5382
5009,榮剛,27,14,13,第一金-台中,2023-02-10,5382
3022,威強電,11,0,11,第一金-台中,2023-02-10,5382
3680,家登,11,0,11,第一金-台中,2023-02-10,5382
00885,富邦越南,10,0,10,第一金-台中,2023-02-10,5382
2609,陽明,10,0,10,第一金-台中,2023-02-10,5382
2603,長榮,10,0,10,第一金-台中,2023-02-10,5382
00753L,中信中國50正2,10,0,10,第一金-台中,2023-02-10,5382
3710,連展投控,10,0,10,第一金-台中,2023-02-10,5382
4721,美琪瑪,12,2,10,第一金-台中,2023-02-10,5382
8433,弘帆,10,0,10,第一金-台中,2023-02-10,5382
8935,邦泰,10,0,10,第一金-台中,2023-02-10,5382
2614,東森,10,1,9,第一金-台中,2023-02-10,5382
2888,新光金,9,0,9,第一金-台中,2023-02-10,5382
1781,合世,10,2,8,第一金-台中,2023-02-10,5382
3027,盛達,12,4,8,第一金-台中,2023-02-10,5382
00670L,富邦NASDAQ正2,7,0,7,第一金-台中,2023-02-10,5382
2453,凌群,7,0,7,第一金-台中,2023-02-10,5382
4130,健亞,7,0,7,第一金-台中,2023-02-10,5382
4912,聯德控股-KY,7,0,7,第一金-台中,2023-02-10,5382
5905,南仁湖,7,0,7,第一金-台中,2023-02-10,5382
6266,泰詠,8,1,7,第一金-台中,2023-02-10,5382
6789,采鈺,7,0,7,第一金-台中,2023-02-10,5382
00679B,元大美債20年,6,0,6,第一金-台中,2023-02-10,5382
3037,欣興,7,1,6,第一金-台中,2023-02-10,5382
1760,寶齡富錦,8,2,6,第一金-台中,2023-02-10,5382
5321,美而快,6,0,6,第一金-台中,2023-02-10,5382
6806,森崴能源,17,11,6,第一金-台中,2023-02-10,5382
8046,南電,5,0,5,第一金-台中,2023-02-10,5382
4114,健喬,222,25,197,第一金-台中,2023-02-13,5382
00632R,元大台灣50反1,111,10,101,第一金-台中,2023-02-13,5382
6531,愛普*,63,8,55,第一金-台中,2023-02-13,5382
00773B,中信優先金融債,50,0,50,第一金-台中,2023-02-13,5382
1409,新纖,50,0,50,第一金-台中,2023-02-13,5382
00772B,中信高評級公司債,41,0,41,第一金-台中,2023-02-13,5382
00720B,元大投資級公司債,41,0,41,第一金-台中,2023-02-13,5382
00679B,元大美債20年,39,0,39,第一金-台中,2023-02-13,5382
3704,合勤控,52,14,38,第一金-台中,2023-02-13,5382
5009,榮剛,32,0,32,第一金-台中,2023-02-13,5382
00753L,中信中國50正2,30,0,30,第一金-台中,2023-02-13,5382
2314,台揚,30,2,28,第一金-台中,2023-02-13,5382
2027,大成鋼,25,0,25,第一金-台中,2023-02-13,5382
00878,國泰永續高股息,26,3,23,第一金-台中,2023-02-13,5382
2609,陽明,23,0,23,第一金-台中,2023-02-13,5382
2329,華泰,21,0,21,第一金-台中,2023-02-13,5382
1432,大魯閣,20,0,20,第一金-台中,2023-02-13,5382
6603,富強鑫,20,0,20,第一金-台中,2023-02-13,5382
3481,群創,18,1,17,第一金-台中,2023-02-13,5382
2359,所羅門,16,0,16,第一金-台中,2023-02-13,5382
4979,華星光,22,6,16,第一金-台中,2023-02-13,5382
8033,雷虎,16,3,13,第一金-台中,2023-02-13,5382
3324,雙鴻,13,0,13,第一金-台中,2023-02-13,5382
1718,中纖,12,0,12,第一金-台中,2023-02-13,5382
2515,中工,11,0,11,第一金-台中,2023-02-13,5382
4747,強生,20,9,11,第一金-台中,2023-02-13,5382
4919,新唐,13,2,11,第一金-台中,2023-02-13,5382
6491,晶碩,11,0,11,第一金-台中,2023-02-13,5382
1605,華新,32,22,10,第一金-台中,2023-02-13,5382
2201,裕隆,11,1,10,第一金-台中,2023-02-13,5382
2480,敦陽科,16,6,10,第一金-台中,2023-02-13,5382
5410,國眾,10,0,10,第一金-台中,2023-02-13,5382
6288,聯嘉,10,0,10,第一金-台中,2023-02-13,5382
8935,邦泰,10,0,10,第一金-台中,2023-02-13,5382
2610,華航,12,3,9,第一金-台中,2023-02-13,5382
2890,永豐金,49,40,9,第一金-台中,2023-02-13,5382
00885,富邦越南,8,0,8,第一金-台中,2023-02-13,5382
2388,威盛,15,7,8,第一金-台中,2023-02-13,5382
3062,建漢,10,2,8,第一金-台中,2023-02-13,5382
9945,潤泰新,8,0,8,第一金-台中,2023-02-13,5382
6806,森崴能源,12,5,7,第一金-台中,2023-02-13,5382
2358,廷鑫,7,0,7,第一金-台中,2023-02-13,5382
2888,新光金,8,1,7,第一金-台中,2023-02-13,5382
3701,大眾控,7,0,7,第一金-台中,2023-02-13,5382
6830,汎銓,7,0,7,第一金-台中,2023-02-13,5382
3228,金麗科,8,2,6,第一金-台中,2023-02-13,5382
1466,聚隆,6,0,6,第一金-台中,2023-02-13,5382
2101,南港,6,0,6,第一金-台中,2023-02-13,5382
2337,旺宏,7,1,6,第一金-台中,2023-02-13,5382
6789,采鈺,6,0,6,第一金-台中,2023-02-13,5382
8478,東哥遊艇,46,5,41,第一金-台中,2023-02-14,5382
00753L,中信中國50正2,40,0,40,第一金-台中,2023-02-14,5382
3062,建漢,40,0,40,第一金-台中,2023-02-14,5382
8940,新天地,40,0,40,第一金-台中,2023-02-14,5382
3479,安勤,60,24,36,第一金-台中,2023-02-14,5382
2208,台船,32,0,32,第一金-台中,2023-02-14,5382
6531,愛普*,57,27,30,第一金-台中,2023-02-14,5382
00720B,元大投資級公司債,25,0,25,第一金-台中,2023-02-14,5382
4114,健喬,68,43,25,第一金-台中,2023-02-14,5382
5706,鳳凰,26,3,23,第一金-台中,2023-02-14,5382
3202,樺晟,20,0,20,第一金-台中,2023-02-14,5382
3481,群創,60,40,20,第一金-台中,2023-02-14,5382
5410,國眾,29,10,19,第一金-台中,2023-02-14,5382
2884,玉山金,17,0,17,第一金-台中,2023-02-14,5382
3576,聯合再生,17,0,17,第一金-台中,2023-02-14,5382
00673R,期元大S＆P原油反1,16,0,16,第一金-台中,2023-02-14,5382
00679B,元大美債20年,16,0,16,第一金-台中,2023-02-14,5382
4128,中天,15,0,15,第一金-台中,2023-02-14,5382
1777,生泰,15,0,15,第一金-台中,2023-02-14,5382
3147,大綜,19,4,15,第一金-台中,2023-02-14,5382
6517,保勝光學,31,19,12,第一金-台中,2023-02-14,5382
2890,永豐金,11,0,11,第一金-台中,2023-02-14,5382
00708L,期元大S＆P黃金正2,10,0,10,第一金-台中,2023-02-14,5382
00692,富邦公司治理,10,0,10,第一金-台中,2023-02-14,5382
2427,三商電,10,0,10,第一金-台中,2023-02-14,5382
5905,南仁湖,10,0,10,第一金-台中,2023-02-14,5382
4919,新唐,14,5,9,第一金-台中,2023-02-14,5382
8935,邦泰,9,0,9,第一金-台中,2023-02-14,5382
4119,旭富,10,2,8,第一金-台中,2023-02-14,5382
4953,緯軟,9,2,7,第一金-台中,2023-02-14,5382
8222,寶一,20,13,7,第一金-台中,2023-02-14,5382
1708,東鹼,6,0,6,第一金-台中,2023-02-14,5382
2887E,台新戊特,6,0,6,第一金-台中,2023-02-14,5382
4747,強生,6,0,6,第一金-台中,2023-02-14,5382
3661,世芯-KY,9,3,6,第一金-台中,2023-02-14,5382
8033,雷虎,6,1,5,第一金-台中,2023-02-14,5382
1305,華夏,6,1,5,第一金-台中,2023-02-14,5382
00919,群益台灣精選高息,5,0,5,第一金-台中,2023-02-14,5382
00882,中信中國高股息,5,0,5,第一金-台中,2023-02-14,5382
00877,復華中國5G,5,0,5,第一金-台中,2023-02-14,5382
00773B,中信優先金融債,5,0,5,第一金-台中,2023-02-14,5382
1701,中化,5,0,5,第一金-台中,2023-02-14,5382
2313,華通,7,2,5,第一金-台中,2023-02-14,5382
2732,六角,11,6,5,第一金-台中,2023-02-14,5382
8086,宏捷科,5,0,5,第一金-台中,2023-02-14,5382
3228,金麗科,5,1,4,第一金-台中,2023-02-14,5382
1605,華新,13,9,4,第一金-台中,2023-02-14,5382
3017,奇鋐,4,0,4,第一金-台中,2023-02-14,5382
3027,盛達,12,8,4,第一金-台中,2023-02-14,5382
3122,笙泉,4,0,4,第一金-台中,2023-02-14,5382
2027,大成鋼,78,0,78,第一金-台中,2023-02-15,5382
00679B,元大美債20年,55,0,55,第一金-台中,2023-02-15,5382
2890,永豐金,42,0,42,第一金-台中,2023-02-15,5382
00753L,中信中國50正2,40,0,40,第一金-台中,2023-02-15,5382
5905,南仁湖,65,25,40,第一金-台中,2023-02-15,5382
5706,鳳凰,41,6,35,第一金-台中,2023-02-15,5382
00878,國泰永續高股息,87,56,31,第一金-台中,2023-02-15,5382
6770,力積電,27,0,27,第一金-台中,2023-02-15,5382
00772B,中信高評級公司債,23,1,22,第一金-台中,2023-02-15,5382
00882,中信中國高股息,22,0,22,第一金-台中,2023-02-15,5382
5211,蒙恬,21,1,20,第一金-台中,2023-02-15,5382
8932,智通*,17,0,17,第一金-台中,2023-02-15,5382
2748,雲品,16,2,14,第一金-台中,2023-02-15,5382
00905,FT臺灣Smart,13,0,13,第一金-台中,2023-02-15,5382
00720B,元大投資級公司債,11,0,11,第一金-台中,2023-02-15,5382
2014,中鴻,11,0,11,第一金-台中,2023-02-15,5382
2610,華航,14,3,11,第一金-台中,2023-02-15,5382
2888,新光金,12,1,11,第一金-台中,2023-02-15,5382
2358,廷鑫,10,0,10,第一金-台中,2023-02-15,5382
2736,富野,10,0,10,第一金-台中,2023-02-15,5382
2889,國票金,10,0,10,第一金-台中,2023-02-15,5382
6140,訊達,10,0,10,第一金-台中,2023-02-15,5382
6517,保勝光學,11,1,10,第一金-台中,2023-02-15,5382
2330,台積電,26,16,10,第一金-台中,2023-02-15,5382
0056,元大高股息,9,0,9,第一金-台中,2023-02-15,5382
2884,玉山金,9,0,9,第一金-台中,2023-02-15,5382
2892,第一金,12,3,9,第一金-台中,2023-02-15,5382
3406,玉晶光,15,6,9,第一金-台中,2023-02-15,5382
4581,光隆精密-KY,8,0,8,第一金-台中,2023-02-15,5382
6443,元晶,9,1,8,第一金-台中,2023-02-15,5382
2891,中信金,7,0,7,第一金-台中,2023-02-15,5382
6282,康舒,8,1,7,第一金-台中,2023-02-15,5382
6789,采鈺,7,0,7,第一金-台中,2023-02-15,5382
3046,建��,5,0,5,第一金-台中,2023-02-15,5382
00632R,元大台灣50反1,50,45,5,第一金-台中,2023-02-15,5382
2471,資通,13,8,5,第一金-台中,2023-02-15,5382
2611,志信,5,0,5,第一金-台中,2023-02-15,5382
5425,台半,5,0,5,第一金-台中,2023-02-15,5382
5880,合庫金,5,0,5,第一金-台中,2023-02-15,5382
8931,大汽電,5,0,5,第一金-台中,2023-02-15,5382
00900,富邦特選高股息30,4,0,4,第一金-台中,2023-02-15,5382
00713,元大台灣高息低波,4,0,4,第一金-台中,2023-02-15,5382
1560,中砂,7,3,4,第一金-台中,2023-02-15,5382
2025,千興,4,0,4,第一金-台中,2023-02-15,5382
2337,旺宏,6,2,4,第一金-台中,2023-02-15,5382
2702,華園,4,0,4,第一金-台中,2023-02-15,5382
2897,王道銀行,4,0,4,第一金-台中,2023-02-15,5382
3707,漢磊,7,3,4,第一金-台中,2023-02-15,5382
4114,健喬,4,0,4,第一金-台中,2023-02-15,5382
6138,茂達,4,0,4,第一金-台中,2023-02-15,5382
3703,欣陸,200,0,200,第一金-台中,2023-02-16,5382
2484,希華,102,1,101,第一金-台中,2023-02-16,5382
00878,國泰永續高股息,102,5,97,第一金-台中,2023-02-16,5382
6605,帝寶,71,5,66,第一金-台中,2023-02-16,5382
00772B,中信高評級公司債,59,0,59,第一金-台中,2023-02-16,5382
00773B,中信優先金融債,53,0,53,第一金-台中,2023-02-16,5382
00720B,元大投資級公司債,50,0,50,第一金-台中,2023-02-16,5382
2812,台中銀,50,0,50,第一金-台中,2023-02-16,5382
8070,長華*,50,0,50,第一金-台中,2023-02-16,5382
2702,華園,70,32,38,第一金-台中,2023-02-16,5382
5009,榮剛,32,2,30,第一金-台中,2023-02-16,5382
2939,永邑-KY,28,0,28,第一金-台中,2023-02-16,5382
00885,富邦越南,24,0,24,第一金-台中,2023-02-16,5382
00752,中信中國50,20,0,20,第一金-台中,2023-02-16,5382
6205,詮欣,20,0,20,第一金-台中,2023-02-16,5382
00679B,元大美債20年,19,0,19,第一金-台中,2023-02-16,5382
3454,晶睿,32,13,19,第一金-台中,2023-02-16,5382
5425,台半,36,21,15,第一金-台中,2023-02-16,5382
3605,宏致,12,0,12,第一金-台中,2023-02-16,5382
6585,鼎基,12,0,12,第一金-台中,2023-02-16,5382
3406,玉晶光,14,3,11,第一金-台中,2023-02-16,5382
6180,橘子,16,5,11,第一金-台中,2023-02-16,5382
00715L,期街口布蘭特正2,12,2,10,第一金-台中,2023-02-16,5382
00751B,元大AAA至A公司債,10,0,10,第一金-台中,2023-02-16,5382
00728,第一金工業30,10,0,10,第一金-台中,2023-02-16,5382
2022,聚亨,10,0,10,第一金-台中,2023-02-16,5382
2413,環科,10,0,10,第一金-台中,2023-02-16,5382
3322,建舜電,10,0,10,第一金-台中,2023-02-16,5382
2610,華航,171,162,9,第一金-台中,2023-02-16,5382
8436,大江,11,2,9,第一金-台中,2023-02-16,5382
6235,華孚,13,5,8,第一金-台中,2023-02-16,5382
3558,神準,29,21,8,第一金-台中,2023-02-16,5382
6770,力積電,9,1,8,第一金-台中,2023-02-16,5382
00900,富邦特選高股息30,9,2,7,第一金-台中,2023-02-16,5382
6150,撼訊,7,0,7,第一金-台中,2023-02-16,5382
8222,寶一,7,0,7,第一金-台中,2023-02-16,5382
5706,鳳凰,23,16,7,第一金-台中,2023-02-16,5382
00632R,元大台灣50反1,6,0,6,第一金-台中,2023-02-16,5382
3094,聯傑,6,0,6,第一金-台中,2023-02-16,5382
6231,系微,6,0,6,第一金-台中,2023-02-16,5382
2605,新興,8,3,5,第一金-台中,2023-02-16,5382
1268,漢來美食,5,0,5,第一金-台中,2023-02-16,5382
1512,瑞利,5,0,5,第一金-台中,2023-02-16,5382
1536,和大,5,0,5,第一金-台中,2023-02-16,5382
2497,怡利電,7,2,5,第一金-台中,2023-02-16,5382
2884,玉山金,6,1,5,第一金-台中,2023-02-16,5382
6118,建達,30,25,5,第一金-台中,2023-02-16,5382
8935,邦泰,5,0,5,第一金-台中,2023-02-16,5382
3545,敦泰,9,4,5,第一金-台中,2023-02-16,5382
3443,創意,11,7,4,第一金-台中,2023-02-16,5382
3703,欣陸,100,0,100,第一金-台中,2023-02-17,5382
3013,晟銘電,102,22,80,第一金-台中,2023-02-17,5382
2618,長榮航,81,23,58,第一金-台中,2023-02-17,5382
00772B,中信高評級公司債,55,0,55,第一金-台中,2023-02-17,5382
5464,霖宏,43,0,43,第一金-台中,2023-02-17,5382
00773B,中信優先金融債,42,0,42,第一金-台中,2023-02-17,5382
00753L,中信中國50正2,40,0,40,第一金-台中,2023-02-17,5382
00720B,元大投資級公司債,27,0,27,第一金-台中,2023-02-17,5382
8201,無敵,27,0,27,第一金-台中,2023-02-17,5382
2344,華邦電,27,1,26,第一金-台中,2023-02-17,5382
2010,春源,25,0,25,第一金-台中,2023-02-17,5382
2939,永邑-KY,25,0,25,第一金-台中,2023-02-17,5382
3617,碩天,24,2,22,第一金-台中,2023-02-17,5382
00708L,期元大S＆P黃金正2,20,0,20,第一金-台中,2023-02-17,5382
8478,東哥遊艇,42,23,19,第一金-台中,2023-02-17,5382
6741,91APP*-KY,20,3,17,第一金-台中,2023-02-17,5382
3380,明泰,15,0,15,第一金-台中,2023-02-17,5382
8935,邦泰,15,0,15,第一金-台中,2023-02-17,5382
3022,威強電,32,19,13,第一金-台中,2023-02-17,5382
4919,新唐,13,0,13,第一金-台中,2023-02-17,5382
00900,富邦特選高股息30,12,0,12,第一金-台中,2023-02-17,5382
2457,飛宏,16,4,12,第一金-台中,2023-02-17,5382
00751B,元大AAA至A公司債,10,0,10,第一金-台中,2023-02-17,5382
1529,樂事綠能,10,0,10,第一金-台中,2023-02-17,5382
3706,神達,10,0,10,第一金-台中,2023-02-17,5382
6116,彩晶,20,10,10,第一金-台中,2023-02-17,5382
00857B,永豐20年美公債,9,0,9,第一金-台中,2023-02-17,5382
1584,精剛,10,1,9,第一金-台中,2023-02-17,5382
00682U,期元大美元指數,8,0,8,第一金-台中,2023-02-17,5382
1504,東元,8,0,8,第一金-台中,2023-02-17,5382
2206,三陽工業,9,1,8,第一金-台中,2023-02-17,5382
2468,華經,8,0,8,第一金-台中,2023-02-17,5382
00878,國泰永續高股息,30,22,8,第一金-台中,2023-02-17,5382
00893,國泰智能電動車,10,2,8,第一金-台中,2023-02-17,5382
00670L,富邦NASDAQ正2,7,0,7,第一金-台中,2023-02-17,5382
2484,希華,7,0,7,第一金-台中,2023-02-17,5382
2497,怡利電,13,6,7,第一金-台中,2023-02-17,5382
2731,雄獅,14,7,7,第一金-台中,2023-02-17,5382
8222,寶一,20,13,7,第一金-台中,2023-02-17,5382
6547,高端疫苗,7,0,7,第一金-台中,2023-02-17,5382
00637L,元大滬深300正2,6,0,6,第一金-台中,2023-02-17,5382
2702,華園,16,10,6,第一金-台中,2023-02-17,5382
3479,安勤,6,0,6,第一金-台中,2023-02-17,5382
3552,同致,7,1,6,第一金-台中,2023-02-17,5382
6180,橘子,6,0,6,第一金-台中,2023-02-17,5382
8215,明基材,6,0,6,第一金-台中,2023-02-17,5382
4168,醣聯,5,0,5,第一金-台中,2023-02-17,5382
1219,福壽,5,0,5,第一金-台中,2023-02-17,5382
2633,台灣高鐵,5,0,5,第一金-台中,2023-02-17,5382
3324,雙鴻,5,0,5,第一金-台中,2023-02-17,5382
2834,臺企銀,599,23,576,第一金-台中,2023-02-20,5382
5258,虹堡,247,43,204,第一金-台中,2023-02-20,5382
2706,第一店,130,1,129,第一金-台中,2023-02-20,5382
2206,三陽工業,106,4,102,第一金-台中,2023-02-20,5382
6411,晶焱,108,6,102,第一金-台中,2023-02-20,5382
5608,四維航,90,0,90,第一金-台中,2023-02-20,5382
2208,台船,61,2,59,第一金-台中,2023-02-20,5382
2323,中環,50,0,50,第一金-台中,2023-02-20,5382
8201,無敵,42,0,42,第一金-台中,2023-02-20,5382
00773B,中信優先金融債,33,0,33,第一金-台中,2023-02-20,5382
00903,富邦元宇宙,33,0,33,第一金-台中,2023-02-20,5382
8935,邦泰,30,0,30,第一金-台中,2023-02-20,5382
1783,和康生,36,8,28,第一金-台中,2023-02-20,5382
3703,欣陸,30,2,28,第一金-台中,2023-02-20,5382
2610,華航,43,19,24,第一金-台中,2023-02-20,5382
00738U,期元大道瓊白銀,20,0,20,第一金-台中,2023-02-20,5382
00708L,期元大S＆P黃金正2,20,0,20,第一金-台中,2023-02-20,5382
1514,亞力,20,0,20,第一金-台中,2023-02-20,5382
2701,萬企,20,0,20,第一金-台中,2023-02-20,5382
6197,佳必琪,20,0,20,第一金-台中,2023-02-20,5382
6517,保勝光學,35,15,20,第一金-台中,2023-02-20,5382
1101,台泥,21,4,17,第一金-台中,2023-02-20,5382
00632R,元大台灣50反1,15,0,15,第一金-台中,2023-02-20,5382
2891B,中信金乙特,15,0,15,第一金-台中,2023-02-20,5382
2457,飛宏,56,41,15,第一金-台中,2023-02-20,5382
1605,華新,16,4,12,第一金-台中,2023-02-20,5382
3027,盛達,41,30,11,第一金-台中,2023-02-20,5382
3624,光頡,11,0,11,第一金-台中,2023-02-20,5382
2409,友達,25,14,11,第一金-台中,2023-02-20,5382
1777,生泰,10,0,10,第一金-台中,2023-02-20,5382
2338,光罩,10,0,10,第一金-台中,2023-02-20,5382
2371,大同,10,0,10,第一金-台中,2023-02-20,5382
2634,漢翔,12,2,10,第一金-台中,2023-02-20,5382
2929,淘帝-KY,10,0,10,第一金-台中,2023-02-20,5382
4119,旭富,10,0,10,第一金-台中,2023-02-20,5382
5525,順天,10,0,10,第一金-台中,2023-02-20,5382
6225,天瀚,10,0,10,第一金-台中,2023-02-20,5382
2890,永豐金,10,1,9,第一金-台中,2023-02-20,5382
8084,巨虹,20,11,9,第一金-台中,2023-02-20,5382
1731,美吾華,8,0,8,第一金-台中,2023-02-20,5382
3588,通嘉,8,0,8,第一金-台中,2023-02-20,5382
6173,信昌電,8,0,8,第一金-台中,2023-02-20,5382
6531,愛普*,24,16,8,第一金-台中,2023-02-20,5382
6719,力智,8,1,7,第一金-台中,2023-02-20,5382
2889,國票金,7,0,7,第一金-台中,2023-02-20,5382
6129,普誠,8,1,7,第一金-台中,2023-02-20,5382
6245,立端,7,0,7,第一金-台中,2023-02-20,5382
8086,宏捷科,7,0,7,第一金-台中,2023-02-20,5382
0056,元大高股息,11,4,7,第一金-台中,2023-02-20,5382
3189,景碩,6,0,6,第一金-台中,2023-02-20,5382
2884,玉山金,356,19,337,第一金-台中,2023-02-21,5382
2388,威盛,254,32,222,第一金-台中,2023-02-21,5382
2023,燁輝,120,1,119,第一金-台中,2023-02-21,5382
2834,臺企銀,200,99,101,第一金-台中,2023-02-21,5382
8201,無敵,80,0,80,第一金-台中,2023-02-21,5382
2610,華航,95,19,76,第一金-台中,2023-02-21,5382
2457,飛宏,82,35,47,第一金-台中,2023-02-21,5382
6180,橘子,51,6,45,第一金-台中,2023-02-21,5382
3594,磐儀,64,23,41,第一金-台中,2023-02-21,5382
6116,彩晶,30,1,29,第一金-台中,2023-02-21,5382
00878,國泰永續高股息,31,4,27,第一金-台中,2023-02-21,5382
2328,廣宇,30,5,25,第一金-台中,2023-02-21,5382
2201,裕隆,27,3,24,第一金-台中,2023-02-21,5382
4763,材料-KY,30,7,23,第一金-台中,2023-02-21,5382
3027,盛達,56,34,22,第一金-台中,2023-02-21,5382
3141,晶宏,31,10,21,第一金-台中,2023-02-21,5382
1217,愛之味,20,0,20,第一金-台中,2023-02-21,5382
8171,天宇,21,1,20,第一金-台中,2023-02-21,5382
6205,詮欣,21,1,20,第一金-台中,2023-02-21,5382
00715L,期街口布蘭特正2,20,1,19,第一金-台中,2023-02-21,5382
4968,立積,19,0,19,第一金-台中,2023-02-21,5382
2887E,台新戊特,16,0,16,第一金-台中,2023-02-21,5382
3693,營邦,21,5,16,第一金-台中,2023-02-21,5382
1101,台泥,18,3,15,第一金-台中,2023-02-21,5382
00637L,元大滬深300正2,20,5,15,第一金-台中,2023-02-21,5382
00773B,中信優先金融債,15,1,14,第一金-台中,2023-02-21,5382
6225,天瀚,14,0,14,第一金-台中,2023-02-21,5382
00772B,中信高評級公司債,14,1,13,第一金-台中,2023-02-21,5382
00753L,中信中國50正2,13,0,13,第一金-台中,2023-02-21,5382
6443,元晶,17,5,12,第一金-台中,2023-02-21,5382
5258,虹堡,57,45,12,第一金-台中,2023-02-21,5382
2618,長榮航,71,60,11,第一金-台中,2023-02-21,5382
4746,台耀,15,4,11,第一金-台中,2023-02-21,5382
6605,帝寶,11,0,11,第一金-台中,2023-02-21,5382
1216,統一,10,0,10,第一金-台中,2023-02-21,5382
00708L,期元大S＆P黃金正2,10,0,10,第一金-台中,2023-02-21,5382
2338,光罩,10,0,10,第一金-台中,2023-02-21,5382
2352,佳世達,10,0,10,第一金-台中,2023-02-21,5382
3545,敦泰,16,6,10,第一金-台中,2023-02-21,5382
4564,元翎,10,0,10,第一金-台中,2023-02-21,5382
5434,崇越,10,0,10,第一金-台中,2023-02-21,5382
8289,泰藝,10,0,10,第一金-台中,2023-02-21,5382
1504,東元,10,1,9,第一金-台中,2023-02-21,5382
2014,中鴻,10,1,9,第一金-台中,2023-02-21,5382
3708,上緯投控,10,1,9,第一金-台中,2023-02-21,5382
6568,宏觀,9,0,9,第一金-台中,2023-02-21,5382
2748,雲品,8,0,8,第一金-台中,2023-02-21,5382
2897,王道銀行,8,0,8,第一金-台中,2023-02-21,5382
5525,順天,8,0,8,第一金-台中,2023-02-21,5382
6874,倍力,8,0,8,第一金-台中,2023-02-21,5382
9945,潤泰新,200,0,200,第一金-台中,2023-02-22,5382
00878,國泰永續高股息,114,15,99,第一金-台中,2023-02-22,5382
00632R,元大台灣50反1,110,22,88,第一金-台中,2023-02-22,5382
6443,元晶,48,5,43,第一金-台中,2023-02-22,5382
3128,昇銳,38,0,38,第一金-台中,2023-02-22,5382
00773B,中信優先金融債,34,0,34,第一金-台中,2023-02-22,5382
5706,鳳凰,34,0,34,第一金-台中,2023-02-22,5382
00753L,中信中國50正2,33,0,33,第一金-台中,2023-02-22,5382
00720B,元大投資級公司債,28,0,28,第一金-台中,2023-02-22,5382
4919,新唐,26,1,25,第一金-台中,2023-02-22,5382
2610,華航,23,0,23,第一金-台中,2023-02-22,5382
00772B,中信高評級公司債,21,0,21,第一金-台中,2023-02-22,5382
6282,康舒,31,10,21,第一金-台中,2023-02-22,5382
1210,大成,20,0,20,第一金-台中,2023-02-22,5382
1219,福壽,20,0,20,第一金-台中,2023-02-22,5382
00830,國泰費城半導體,20,0,20,第一金-台中,2023-02-22,5382
6197,佳必琪,20,0,20,第一金-台中,2023-02-22,5382
8383,千附,20,0,20,第一金-台中,2023-02-22,5382
2471,資通,20,1,19,第一金-台中,2023-02-22,5382
8936,國統,23,5,18,第一金-台中,2023-02-22,5382
2371,大同,17,0,17,第一金-台中,2023-02-22,5382
2634,漢翔,15,0,15,第一金-台中,2023-02-22,5382
3228,金麗科,15,1,14,第一金-台中,2023-02-22,5382
2457,飛宏,56,42,14,第一金-台中,2023-02-22,5382
3035,智原,33,20,13,第一金-台中,2023-02-22,5382
1591,駿吉-KY,13,0,13,第一金-台中,2023-02-22,5382
6517,保勝光學,55,42,13,第一金-台中,2023-02-22,5382
0056,元大高股息,13,0,13,第一金-台中,2023-02-22,5382
2618,長榮航,22,10,12,第一金-台中,2023-02-22,5382
3324,雙鴻,12,0,12,第一金-台中,2023-02-22,5382
4128,中天,12,0,12,第一金-台中,2023-02-22,5382
3661,世芯-KY,12,1,11,第一金-台中,2023-02-22,5382
00725B,國泰投資級公司債,11,0,11,第一金-台中,2023-02-22,5382
4960,誠美材,11,0,11,第一金-台中,2023-02-22,5382
4979,華星光,11,0,11,第一金-台中,2023-02-22,5382
1216,統一,10,0,10,第一金-台中,2023-02-22,5382
1316,上曜,10,0,10,第一金-台中,2023-02-22,5382
2476,鉅祥,10,0,10,第一金-台中,2023-02-22,5382
3587,閎康,10,0,10,第一金-台中,2023-02-22,5382
3673,TPK-KY,10,1,9,第一金-台中,2023-02-22,5382
8070,長華*,9,0,9,第一金-台中,2023-02-22,5382
2330,台積電,9,1,8,第一金-台中,2023-02-22,5382
3362,先進光,13,5,8,第一金-台中,2023-02-22,5382
4163,鐿鈦,8,0,8,第一金-台中,2023-02-22,5382
6026,福邦證,8,0,8,第一金-台中,2023-02-22,5382
6112,邁達特,8,0,8,第一金-台中,2023-02-22,5382
1605,華新,17,10,7,第一金-台中,2023-02-22,5382
2009,第一銅,7,0,7,第一金-台中,2023-02-22,5382
2388,威盛,8,1,7,第一金-台中,2023-02-22,5382
2736,富野,11,4,7,第一金-台中,2023-02-22,5382
2834,臺企銀,978,13,965,第一金-台中,2023-02-23,5382
1219,福壽,130,0,130,第一金-台中,2023-02-23,5382
5608,四維航,154,26,128,第一金-台中,2023-02-23,5382
2206,三陽工業,100,3,97,第一金-台中,2023-02-23,5382
2409,友達,123,30,93,第一金-台中,2023-02-23,5382
6150,撼訊,79,2,77,第一金-台中,2023-02-23,5382
2618,長榮航,67,1,66,第一金-台中,2023-02-23,5382
3664,安瑞-KY,52,0,52,第一金-台中,2023-02-23,5382
1409,新纖,51,0,51,第一金-台中,2023-02-23,5382
00715L,期街口布蘭特正2,45,0,45,第一金-台中,2023-02-23,5382
00720B,元大投資級公司債,44,0,44,第一金-台中,2023-02-23,5382
1444,力麗,36,1,35,第一金-台中,2023-02-23,5382
1210,大成,32,0,32,第一金-台中,2023-02-23,5382
00753L,中信中國50正2,30,0,30,第一金-台中,2023-02-23,5382
6531,愛普*,40,11,29,第一金-台中,2023-02-23,5382
00773B,中信優先金融債,25,0,25,第一金-台中,2023-02-23,5382
2002,中鋼,25,0,25,第一金-台中,2023-02-23,5382
2610,華航,25,2,23,第一金-台中,2023-02-23,5382
8935,邦泰,23,0,23,第一金-台中,2023-02-23,5382
8201,無敵,22,0,22,第一金-台中,2023-02-23,5382
1313,聯成,20,0,20,第一金-台中,2023-02-23,5382
1584,精剛,31,11,20,第一金-台中,2023-02-23,5382
2104,國際中橡,20,0,20,第一金-台中,2023-02-23,5382
6116,彩晶,20,0,20,第一金-台中,2023-02-23,5382
1506,正道,19,0,19,第一金-台中,2023-02-23,5382
2399,映泰,16,0,16,第一金-台中,2023-02-23,5382
5706,鳳凰,18,3,15,第一金-台中,2023-02-23,5382
6411,晶焱,16,1,15,第一金-台中,2023-02-23,5382
3673,TPK-KY,17,5,12,第一金-台中,2023-02-23,5382
1432,大魯閣,12,0,12,第一金-台中,2023-02-23,5382
2702,華園,12,0,12,第一金-台中,2023-02-23,5382
5206,坤悅,11,0,11,第一金-台中,2023-02-23,5382
2457,飛宏,17,7,10,第一金-台中,2023-02-23,5382
2617,台航,10,0,10,第一金-台中,2023-02-23,5382
5880,合庫金,10,0,10,第一金-台中,2023-02-23,5382
8289,泰藝,11,1,10,第一金-台中,2023-02-23,5382
6282,康舒,12,2,10,第一金-台中,2023-02-23,5382
1907,永豐餘,10,0,10,第一金-台中,2023-02-23,5382
1591,駿吉-KY,9,0,9,第一金-台中,2023-02-23,5382
2208,台船,8,0,8,第一金-台中,2023-02-23,5382
3594,磐儀,30,22,8,第一金-台中,2023-02-23,5382
8033,雷虎,14,6,8,第一金-台中,2023-02-23,5382
00632R,元大台灣50反1,17,10,7,第一金-台中,2023-02-23,5382
1514,亞力,16,9,7,第一金-台中,2023-02-23,5382
2601,益航,14,7,7,第一金-台中,2023-02-23,5382
6288,聯嘉,12,5,7,第一金-台中,2023-02-23,5382
6605,帝寶,7,0,7,第一金-台中,2023-02-23,5382
8466,美吉吉-KY,7,0,7,第一金-台中,2023-02-23,5382
1321,大洋,6,0,6,第一金-台中,2023-02-23,5382
1708,東鹼,6,0,6,第一金-台中,2023-02-23,5382
2330,台積電,104,2,102,第一金-台中,2023-02-24,5382
2484,希華,83,3,80,第一金-台中,2023-02-24,5382
2739,寒舍,80,1,79,第一金-台中,2023-02-24,5382
8938,明安,76,21,55,第一金-台中,2023-02-24,5382
1708,東鹼,51,5,46,第一金-台中,2023-02-24,5382
5512,力麒,43,5,38,第一金-台中,2023-02-24,5382
00753L,中信中國50正2,36,0,36,第一金-台中,2023-02-24,5382
6235,華孚,37,10,27,第一金-台中,2023-02-24,5382
3147,大綜,26,0,26,第一金-台中,2023-02-24,5382
00878,國泰永續高股息,28,5,23,第一金-台中,2023-02-24,5382
4953,緯軟,26,4,22,第一金-台中,2023-02-24,5382
00907,永豐優息存股,20,0,20,第一金-台中,2023-02-24,5382
1217,愛之味,20,0,20,第一金-台中,2023-02-24,5382
6180,橘子,20,1,19,第一金-台中,2023-02-24,5382
1101,台泥,17,0,17,第一金-台中,2023-02-24,5382
2539,櫻花建,16,0,16,第一金-台中,2023-02-24,5382
3037,欣興,16,1,15,第一金-台中,2023-02-24,5382
5425,台半,15,1,14,第一金-台中,2023-02-24,5382
00637L,元大滬深300正2,12,0,12,第一金-台中,2023-02-24,5382
1432,大魯閣,12,0,12,第一金-台中,2023-02-24,5382
2748,雲品,12,0,12,第一金-台中,2023-02-24,5382
5258,虹堡,21,9,12,第一金-台中,2023-02-24,5382
2618,長榮航,35,23,12,第一金-台中,2023-02-24,5382
1304,台聚,11,0,11,第一金-台中,2023-02-24,5382
0056,元大高股息,11,0,11,第一金-台中,2023-02-24,5382
2104,國際中橡,10,0,10,第一金-台中,2023-02-24,5382
2887E,台新戊特,10,0,10,第一金-台中,2023-02-24,5382
3702,大聯大,10,0,10,第一金-台中,2023-02-24,5382
6005,群益證,10,0,10,第一金-台中,2023-02-24,5382
2939,永邑-KY,9,0,9,第一金-台中,2023-02-24,5382
5609,中菲行,9,0,9,第一金-台中,2023-02-24,5382
8289,泰藝,13,4,9,第一金-台中,2023-02-24,5382
8033,雷虎,8,0,8,第一金-台中,2023-02-24,5382
8046,南電,8,1,7,第一金-台中,2023-02-24,5382
2317,鴻海,8,1,7,第一金-台中,2023-02-24,5382
3714,富采,7,0,7,第一金-台中,2023-02-24,5382
00882,中信中國高股息,7,0,7,第一金-台中,2023-02-24,5382
2888,新光金,10,3,7,第一金-台中,2023-02-24,5382
4968,立積,7,0,7,第一金-台中,2023-02-24,5382
6217,中探針,7,0,7,第一金-台中,2023-02-24,5382
9935,慶豐富,7,0,7,第一金-台中,2023-02-24,5382
3228,金麗科,10,4,6,第一金-台中,2023-02-24,5382
1605,華新,12,6,6,第一金-台中,2023-02-24,5382
2891,中信金,6,0,6,第一金-台中,2023-02-24,5382
3515,華擎,6,0,6,第一金-台中,2023-02-24,5382
3520,華盈,11,5,6,第一金-台中,2023-02-24,5382
5351,鈺創,6,0,6,第一金-台中,2023-02-24,5382
8433,弘帆,6,0,6,第一金-台中,2023-02-24,5382
3481,群創,7,1,6,第一金-台中,2023-02-24,5382
6547,高端疫苗,5,0,5,第一金-台中,2023-02-24,5382
2890,永豐金,101,5,96,第一金-台中,2023-03-01,5382
00878,國泰永續高股息,62,0,62,第一金-台中,2023-03-01,5382
1605,華新,65,4,61,第一金-台中,2023-03-01,5382
2388,威盛,94,43,51,第一金-台中,2023-03-01,5382
8433,弘帆,33,0,33,第一金-台中,2023-03-01,5382
2419,仲琦,35,4,31,第一金-台中,2023-03-01,5382
3056,富華新,27,0,27,第一金-台中,2023-03-01,5382
5464,霖宏,58,31,27,第一金-台中,2023-03-01,5382
1210,大成,31,7,24,第一金-台中,2023-03-01,5382
8201,無敵,23,0,23,第一金-台中,2023-03-01,5382
2888,新光金,27,5,22,第一金-台中,2023-03-01,5382
3706,神達,20,0,20,第一金-台中,2023-03-01,5382
6508,惠光,45,25,20,第一金-台中,2023-03-01,5382
3362,先進光,24,7,17,第一金-台中,2023-03-01,5382
2002,中鋼,17,0,17,第一金-台中,2023-03-01,5382
00773B,中信優先金融債,15,0,15,第一金-台中,2023-03-01,5382
2208,台船,16,1,15,第一金-台中,2023-03-01,5382
2610,華航,16,2,14,第一金-台中,2023-03-01,5382
00772B,中信高評級公司債,13,0,13,第一金-台中,2023-03-01,5382
2618,長榮航,58,45,13,第一金-台中,2023-03-01,5382
2641,正德,64,51,13,第一金-台中,2023-03-01,5382
3454,晶睿,16,4,12,第一金-台中,2023-03-01,5382
6126,信音,12,0,12,第一金-台中,2023-03-01,5382
00632R,元大台灣50反1,21,10,11,第一金-台中,2023-03-01,5382
00712,復華富時不動產,11,0,11,第一金-台中,2023-03-01,5382
1220,台榮,11,0,11,第一金-台中,2023-03-01,5382
2408,南亞科,11,0,11,第一金-台中,2023-03-01,5382
2409,友達,13,2,11,第一金-台中,2023-03-01,5382
2867,三商壽,11,0,11,第一金-台中,2023-03-01,5382
6547,高端疫苗,11,0,11,第一金-台中,2023-03-01,5382
1216,統一,11,1,10,第一金-台中,2023-03-01,5382
1709,和益,13,3,10,第一金-台中,2023-03-01,5382
2104,國際中橡,10,0,10,第一金-台中,2023-03-01,5382
4121,優盛,10,0,10,第一金-台中,2023-03-01,5382
6180,橘子,10,0,10,第一金-台中,2023-03-01,5382
8935,邦泰,10,0,10,第一金-台中,2023-03-01,5382
6841,長佳智能,20,10,10,第一金-台中,2023-03-01,5382
2614,東森,10,1,9,第一金-台中,2023-03-01,5382
3209,全科,10,1,9,第一金-台中,2023-03-01,5382
3714,富采,9,0,9,第一金-台中,2023-03-01,5382
6235,華孚,17,8,9,第一金-台中,2023-03-01,5382
8436,大江,10,1,9,第一金-台中,2023-03-01,5382
6806,森崴能源,10,2,8,第一金-台中,2023-03-01,5382
00753L,中信中國50正2,7,0,7,第一金-台中,2023-03-01,5382
00882,中信中國高股息,7,0,7,第一金-台中,2023-03-01,5382
3380,明泰,7,0,7,第一金-台中,2023-03-01,5382
6133,金橋,7,0,7,第一金-台中,2023-03-01,5382
5512,力麒,7,0,7,第一金-台中,2023-03-01,5382
9945,潤泰新,6,0,6,第一金-台中,2023-03-01,5382
1409,新纖,6,0,6,第一金-台中,2023-03-01,5382
2834,臺企銀,345,5,340,第一金-台中,2023-03-02,5382
2915,潤泰全,300,0,300,第一金-台中,2023-03-02,5382
1101,台泥,122,2,120,第一金-台中,2023-03-02,5382
2409,友達,136,30,106,第一金-台中,2023-03-02,5382
2609,陽明,97,37,60,第一金-台中,2023-03-02,5382
3481,群創,72,17,55,第一金-台中,2023-03-02,5382
00878,國泰永續高股息,61,6,55,第一金-台中,2023-03-02,5382
5258,虹堡,47,9,38,第一金-台中,2023-03-02,5382
5512,力麒,43,7,36,第一金-台中,2023-03-02,5382
1440,南紡,35,0,35,第一金-台中,2023-03-02,5382
00772B,中信高評級公司債,34,0,34,第一金-台中,2023-03-02,5382
00773B,中信優先金融債,33,0,33,第一金-台中,2023-03-02,5382
8932,智通*,32,0,32,第一金-台中,2023-03-02,5382
4128,中天,30,0,30,第一金-台中,2023-03-02,5382
8088,品安,30,0,30,第一金-台中,2023-03-02,5382
1605,華新,55,28,27,第一金-台中,2023-03-02,5382
3027,盛達,25,1,24,第一金-台中,2023-03-02,5382
2344,華邦電,62,39,23,第一金-台中,2023-03-02,5382
2884,玉山金,25,2,23,第一金-台中,2023-03-02,5382
2812,台中銀,32,10,22,第一金-台中,2023-03-02,5382
00903,富邦元宇宙,20,0,20,第一金-台中,2023-03-02,5382
2106,建大,20,0,20,第一金-台中,2023-03-02,5382
6170,統振,20,0,20,第一金-台中,2023-03-02,5382
6782,視陽,20,0,20,第一金-台中,2023-03-02,5382
2498,宏達電,24,5,19,第一金-台中,2023-03-02,5382
00632R,元大台灣50反1,18,0,18,第一金-台中,2023-03-02,5382
2707,晶華,24,6,18,第一金-台中,2023-03-02,5382
8201,無敵,18,0,18,第一金-台中,2023-03-02,5382
8401,白紗科,18,0,18,第一金-台中,2023-03-02,5382
4440,宜新實業,16,0,16,第一金-台中,2023-03-02,5382
2388,威盛,61,45,16,第一金-台中,2023-03-02,5382
3189,景碩,21,5,16,第一金-台中,2023-03-02,5382
1210,大成,15,0,15,第一金-台中,2023-03-02,5382
2606,裕民,21,6,15,第一金-台中,2023-03-02,5382
00712,復華富時不動產,13,0,13,第一金-台中,2023-03-02,5382
2453,凌群,13,0,13,第一金-台中,2023-03-02,5382
5450,南良,23,10,13,第一金-台中,2023-03-02,5382
2888,新光金,17,5,12,第一金-台中,2023-03-02,5382
2618,長榮航,11,0,11,第一金-台中,2023-03-02,5382
5234,達興材料,11,0,11,第一金-台中,2023-03-02,5382
1304,台聚,10,0,10,第一金-台中,2023-03-02,5382
2104,國際中橡,10,0,10,第一金-台中,2023-03-02,5382
2495,普安,10,0,10,第一金-台中,2023-03-02,5382
3056,富華新,10,0,10,第一金-台中,2023-03-02,5382
6005,群益證,10,0,10,第一金-台中,2023-03-02,5382
6285,啟��,10,0,10,第一金-台中,2023-03-02,5382
6841,長佳智能,47,37,10,第一金-台中,2023-03-02,5382
2615,萬海,16,6,10,第一金-台中,2023-03-02,5382
2201,裕隆,11,2,9,第一金-台中,2023-03-02,5382
2885,元大金,8,0,8,第一金-台中,2023-03-02,5382
3006,晶豪科,74,5,69,第一金-台中,2023-03-03,5382
00753L,中信中國50正2,60,0,60,第一金-台中,2023-03-03,5382
1440,南紡,60,0,60,第一金-台中,2023-03-03,5382
2609,陽明,73,18,55,第一金-台中,2023-03-03,5382
1101,台泥,44,0,44,第一金-台中,2023-03-03,5382
8433,弘帆,37,5,32,第一金-台中,2023-03-03,5382
2380,虹光,30,0,30,第一金-台中,2023-03-03,5382
6225,天瀚,30,0,30,第一金-台中,2023-03-03,5382
8201,無敵,29,0,29,第一金-台中,2023-03-03,5382
5351,鈺創,36,9,27,第一金-台中,2023-03-03,5382
4138,曜亞,25,0,25,第一金-台中,2023-03-03,5382
3479,安勤,31,6,25,第一金-台中,2023-03-03,5382
9907,統一實,30,5,25,第一金-台中,2023-03-03,5382
5608,四維航,37,15,22,第一金-台中,2023-03-03,5382
00712,復華富時不動產,21,0,21,第一金-台中,2023-03-03,5382
1313,聯成,20,0,20,第一金-台中,2023-03-03,5382
3062,建漢,20,0,20,第一金-台中,2023-03-03,5382
4432,銘旺實,20,0,20,第一金-台中,2023-03-03,5382
2834,臺企銀,22,4,18,第一金-台中,2023-03-03,5382
6143,振曜,18,0,18,第一金-台中,2023-03-03,5382
00772B,中信高評級公司債,16,0,16,第一金-台中,2023-03-03,5382
2845,遠東銀,16,0,16,第一金-台中,2023-03-03,5382
2388,威盛,68,53,15,第一金-台中,2023-03-03,5382
6180,橘子,15,0,15,第一金-台中,2023-03-03,5382
2498,宏達電,14,0,14,第一金-台中,2023-03-03,5382
2610,華航,16,5,11,第一金-台中,2023-03-03,5382
2887,台新金,11,0,11,第一金-台中,2023-03-03,5382
6126,信音,11,0,11,第一金-台中,2023-03-03,5382
00773B,中信優先金融債,10,0,10,第一金-台中,2023-03-03,5382
2106,建大,10,0,10,第一金-台中,2023-03-03,5382
8215,明基材,10,0,10,第一金-台中,2023-03-03,5382
5258,虹堡,56,47,9,第一金-台中,2023-03-03,5382
2208,台船,9,0,9,第一金-台中,2023-03-03,5382
2607,榮運,11,2,9,第一金-台中,2023-03-03,5382
2812,台中銀,8,0,8,第一金-台中,2023-03-03,5382
4726,永昕,10,2,8,第一金-台中,2023-03-03,5382
6142,友勁,8,0,8,第一金-台中,2023-03-03,5382
6235,華孚,16,8,8,第一金-台中,2023-03-03,5382
1605,華新,14,7,7,第一金-台中,2023-03-03,5382
2323,中環,10,3,7,第一金-台中,2023-03-03,5382
2867,三商壽,7,0,7,第一金-台中,2023-03-03,5382
2915,潤泰全,9,2,7,第一金-台中,2023-03-03,5382
5234,達興材料,7,0,7,第一金-台中,2023-03-03,5382
6187,萬潤,7,0,7,第一金-台中,2023-03-03,5382
00878,國泰永續高股息,12,6,6,第一金-台中,2023-03-03,5382
1457,宜進,6,0,6,第一金-台中,2023-03-03,5382
2515,中工,6,0,6,第一金-台中,2023-03-03,5382
3152,璟德,6,0,6,第一金-台中,2023-03-03,5382
6139,亞翔,6,0,6,第一金-台中,2023-03-03,5382
6517,保勝光學,6,0,6,第一金-台中,2023-03-03,5382
2834,臺企銀,500,261,239,第一金-台中,2023-03-06,5382
6116,彩晶,51,2,49,第一金-台中,2023-03-06,5382
8033,雷虎,54,9,45,第一金-台中,2023-03-06,5382
3006,晶豪科,53,12,41,第一金-台中,2023-03-06,5382
4543,萬在,40,0,40,第一金-台中,2023-03-06,5382
2482,連宇,42,7,35,第一金-台中,2023-03-06,5382
3147,大綜,40,6,34,第一金-台中,2023-03-06,5382
8112,至上,32,1,31,第一金-台中,2023-03-06,5382
2375,凱美,30,1,29,第一金-台中,2023-03-06,5382
8222,寶一,37,8,29,第一金-台中,2023-03-06,5382
3406,玉晶光,32,8,24,第一金-台中,2023-03-06,5382
00665L,富邦�琤肭磪囓�2,43,20,23,第一金-台中,2023-03-06,5382
3019,亞光,32,9,23,第一金-台中,2023-03-06,5382
00637L,元大滬深300正2,23,1,22,第一金-台中,2023-03-06,5382
2027,大成鋼,25,3,22,第一金-台中,2023-03-06,5382
2444,兆勁,21,0,21,第一金-台中,2023-03-06,5382
3706,神達,21,0,21,第一金-台中,2023-03-06,5382
6706,惠特,22,1,21,第一金-台中,2023-03-06,5382
8201,無敵,22,1,21,第一金-台中,2023-03-06,5382
00632R,元大台灣50反1,26,6,20,第一金-台中,2023-03-06,5382
00753L,中信中國50正2,20,0,20,第一金-台中,2023-03-06,5382
2462,良得電,20,0,20,第一金-台中,2023-03-06,5382
2845,遠東銀,20,0,20,第一金-台中,2023-03-06,5382
5439,高技,40,20,20,第一金-台中,2023-03-06,5382
6244,茂迪,20,0,20,第一金-台中,2023-03-06,5382
8383,千附,20,0,20,第一金-台中,2023-03-06,5382
8084,巨虹,18,0,18,第一金-台中,2023-03-06,5382
2637,慧洋-KY,21,4,17,第一金-台中,2023-03-06,5382
6548,長科*,17,0,17,第一金-台中,2023-03-06,5382
1440,南紡,15,0,15,第一金-台中,2023-03-06,5382
2302,麗正,20,5,15,第一金-台中,2023-03-06,5382
2890,永豐金,14,0,14,第一金-台中,2023-03-06,5382
8932,智通*,14,0,14,第一金-台中,2023-03-06,5382
2484,希華,15,1,14,第一金-台中,2023-03-06,5382
2820,華票,13,0,13,第一金-台中,2023-03-06,5382
3432,台端,13,0,13,第一金-台中,2023-03-06,5382
2486,一詮,13,1,12,第一金-台中,2023-03-06,5382
6806,森崴能源,12,0,12,第一金-台中,2023-03-06,5382
1783,和康生,15,4,11,第一金-台中,2023-03-06,5382
2009,第一銅,11,0,11,第一金-台中,2023-03-06,5382
2340,台亞,11,0,11,第一金-台中,2023-03-06,5382
00878,國泰永續高股息,16,5,11,第一金-台中,2023-03-06,5382
00919,群益台灣精選高息,10,0,10,第一金-台中,2023-03-06,5382
1316,上曜,10,0,10,第一金-台中,2023-03-06,5382
2634,漢翔,11,1,10,第一金-台中,2023-03-06,5382
2888,新光金,10,0,10,第一金-台中,2023-03-06,5382
3037,欣興,12,2,10,第一金-台中,2023-03-06,5382
4119,旭富,10,0,10,第一金-台中,2023-03-06,5382
6180,橘子,10,0,10,第一金-台中,2023-03-06,5382
2887,台新金,10,0,10,第一金-台中,2023-03-06,5382
8433,弘帆,90,24,66,第一金-台中,2023-03-07,5382
8201,無敵,63,0,63,第一金-台中,2023-03-07,5382
5607,遠雄港,50,0,50,第一金-台中,2023-03-07,5382
00753L,中信中國50正2,48,0,48,第一金-台中,2023-03-07,5382
1513,中興電,57,9,48,第一金-台中,2023-03-07,5382
3552,同致,47,1,46,第一金-台中,2023-03-07,5382
2388,威盛,46,8,38,第一金-台中,2023-03-07,5382
5258,虹堡,82,46,36,第一金-台中,2023-03-07,5382
1101,台泥,31,1,30,第一金-台中,2023-03-07,5382
8930,青鋼,30,0,30,第一金-台中,2023-03-07,5382
3504,揚明光,32,4,28,第一金-台中,2023-03-07,5382
2482,連宇,53,26,27,第一金-台中,2023-03-07,5382
6417,韋僑,27,0,27,第一金-台中,2023-03-07,5382
3479,安勤,30,7,23,第一金-台中,2023-03-07,5382
4919,新唐,23,0,23,第一金-台中,2023-03-07,5382
8112,至上,23,1,22,第一金-台中,2023-03-07,5382
2610,華航,54,33,21,第一金-台中,2023-03-07,5382
2405,輔信,20,0,20,第一金-台中,2023-03-07,5382
3481,群創,53,34,19,第一金-台中,2023-03-07,5382
2352,佳世達,18,0,18,第一金-台中,2023-03-07,5382
5425,台半,33,16,17,第一金-台中,2023-03-07,5382
2609,陽明,19,4,15,第一金-台中,2023-03-07,5382
2344,華邦電,13,0,13,第一金-台中,2023-03-07,5382
6873,泓德能源,13,0,13,第一金-台中,2023-03-07,5382
9907,統一實,12,0,12,第一金-台中,2023-03-07,5382
1215,卜蜂,12,0,12,第一金-台中,2023-03-07,5382
6770,力積電,21,10,11,第一金-台中,2023-03-07,5382
00885,富邦越南,11,0,11,第一金-台中,2023-03-07,5382
1316,上曜,10,0,10,第一金-台中,2023-03-07,5382
2002,中鋼,10,0,10,第一金-台中,2023-03-07,5382
2887,台新金,10,0,10,第一金-台中,2023-03-07,5382
3005,神基,10,0,10,第一金-台中,2023-03-07,5382
9802,鈺齊-KY,11,1,10,第一金-台中,2023-03-07,5382
1519,華城,22,13,9,第一金-台中,2023-03-07,5382
1710,東聯,10,1,9,第一金-台中,2023-03-07,5382
2426,鼎元,10,1,9,第一金-台中,2023-03-07,5382
2486,一詮,19,12,7,第一金-台中,2023-03-07,5382
4967,十銓,7,0,7,第一金-台中,2023-03-07,5382
2201,裕隆,9,2,7,第一金-台中,2023-03-07,5382
2641,正德,10,3,7,第一金-台中,2023-03-07,5382
3189,景碩,8,2,6,第一金-台中,2023-03-07,5382
4161,聿新科,6,0,6,第一金-台中,2023-03-07,5382
6706,惠特,6,0,6,第一金-台中,2023-03-07,5382
1795,美時,5,0,5,第一金-台中,2023-03-07,5382
3356,奇偶,5,0,5,第一金-台中,2023-03-07,5382
1608,華榮,5,0,5,第一金-台中,2023-03-07,5382
2230,泰茂,8,3,5,第一金-台中,2023-03-07,5382
2312,金寶,5,0,5,第一金-台中,2023-03-07,5382
2414,精技,5,0,5,第一金-台中,2023-03-07,5382
2457,飛宏,74,69,5,第一金-台中,2023-03-07,5382
6182,合晶,80,0,80,第一金-台中,2023-03-08,5382
00753L,中信中國50正2,64,0,64,第一金-台中,2023-03-08,5382
00637L,元大滬深300正2,46,0,46,第一金-台中,2023-03-08,5382
2065,世豐,43,7,36,第一金-台中,2023-03-08,5382
2344,華邦電,39,4,35,第一金-台中,2023-03-08,5382
2303,聯電,50,19,31,第一金-台中,2023-03-08,5382
5009,榮剛,50,23,27,第一金-台中,2023-03-08,5382
3479,安勤,25,0,25,第一金-台中,2023-03-08,5382
00882,中信中國高股息,23,0,23,第一金-台中,2023-03-08,5382
2498,宏達電,24,1,23,第一金-台中,2023-03-08,5382
2605,新興,26,3,23,第一金-台中,2023-03-08,5382
5285,界霖,21,0,21,第一金-台中,2023-03-08,5382
8163,達方,23,3,20,第一金-台中,2023-03-08,5382
1455,集盛,20,0,20,第一金-台中,2023-03-08,5382
3265,台星科,21,1,20,第一金-台中,2023-03-08,5382
8099,大世科,20,0,20,第一金-台中,2023-03-08,5382
5381,合正,20,1,19,第一金-台中,2023-03-08,5382
00632R,元大台灣50反1,20,3,17,第一金-台中,2023-03-08,5382
00885,富邦越南,16,0,16,第一金-台中,2023-03-08,5382
1313,聯成,15,0,15,第一金-台中,2023-03-08,5382
1440,南紡,15,0,15,第一金-台中,2023-03-08,5382
3211,順達,15,2,13,第一金-台中,2023-03-08,5382
00725B,國泰投資級公司債,11,0,11,第一金-台中,2023-03-08,5382
2606,裕民,12,1,11,第一金-台中,2023-03-08,5382
2882,國泰金,13,2,11,第一金-台中,2023-03-08,5382
2884,玉山金,11,0,11,第一金-台中,2023-03-08,5382
1709,和益,11,0,11,第一金-台中,2023-03-08,5382
3708,上緯投控,10,0,10,第一金-台中,2023-03-08,5382
00728,第一金工業30,10,0,10,第一金-台中,2023-03-08,5382
3013,晟銘電,10,0,10,第一金-台中,2023-03-08,5382
3202,樺晟,10,0,10,第一金-台中,2023-03-08,5382
4747,強生,10,0,10,第一金-台中,2023-03-08,5382
5512,力麒,10,0,10,第一金-台中,2023-03-08,5382
6282,康舒,44,34,10,第一金-台中,2023-03-08,5382
8935,邦泰,10,0,10,第一金-台中,2023-03-08,5382
3289,宜特,13,3,10,第一金-台中,2023-03-08,5382
3481,群創,32,22,10,第一金-台中,2023-03-08,5382
3628,盈正,10,1,9,第一金-台中,2023-03-08,5382
2886,兆豐金,9,0,9,第一金-台中,2023-03-08,5382
00712,復華富時不動產,8,0,8,第一金-台中,2023-03-08,5382
1503,士電,10,2,8,第一金-台中,2023-03-08,5382
2482,連宇,8,0,8,第一金-台中,2023-03-08,5382
3088,艾訊,8,0,8,第一金-台中,2023-03-08,5382
1101,台泥,7,0,7,第一金-台中,2023-03-08,5382
2201,裕隆,11,4,7,第一金-台中,2023-03-08,5382
2471,資通,11,4,7,第一金-台中,2023-03-08,5382
6576,逸達,7,0,7,第一金-台中,2023-03-08,5382
8201,無敵,7,0,7,第一金-台中,2023-03-08,5382
00878,國泰永續高股息,25,18,7,第一金-台中,2023-03-08,5382
2637,慧洋-KY,7,1,6,第一金-台中,2023-03-08,5382
2409,友達,272,47,225,第一金-台中,2023-03-09,5382
2497,怡利電,114,24,90,第一金-台中,2023-03-09,5382
1101,台泥,70,2,68,第一金-台中,2023-03-09,5382
1219,福壽,52,0,52,第一金-台中,2023-03-09,5382
3022,威強電,60,9,51,第一金-台中,2023-03-09,5382
1409,新纖,50,0,50,第一金-台中,2023-03-09,5382
3481,群創,95,49,46,第一金-台中,2023-03-09,5382
8201,無敵,40,5,35,第一金-台中,2023-03-09,5382
8905,裕國,35,0,35,第一金-台中,2023-03-09,5382
6282,康舒,41,7,34,第一金-台中,2023-03-09,5382
5410,國眾,32,1,31,第一金-台中,2023-03-09,5382
00753L,中信中國50正2,30,0,30,第一金-台中,2023-03-09,5382
00665L,富邦�琤肭磪囓�2,40,10,30,第一金-台中,2023-03-09,5382
3712,永崴投控,33,4,29,第一金-台中,2023-03-09,5382
8935,邦泰,25,0,25,第一金-台中,2023-03-09,5382
9907,統一實,25,0,25,第一金-台中,2023-03-09,5382
00878,國泰永續高股息,24,0,24,第一金-台中,2023-03-09,5382
2317,鴻海,27,3,24,第一金-台中,2023-03-09,5382
3046,建��,34,11,23,第一金-台中,2023-03-09,5382
2481,強茂,21,0,21,第一金-台中,2023-03-09,5382
2328,廣宇,20,0,20,第一金-台中,2023-03-09,5382
3290,東浦,20,0,20,第一金-台中,2023-03-09,5382
6756,威鋒電子,24,5,19,第一金-台中,2023-03-09,5382
6116,彩晶,17,0,17,第一金-台中,2023-03-09,5382
6443,元晶,16,1,15,第一金-台中,2023-03-09,5382
8936,國統,18,4,14,第一金-台中,2023-03-09,5382
0056,元大高股息,14,1,13,第一金-台中,2023-03-09,5382
00905,FT臺灣Smart,12,0,12,第一金-台中,2023-03-09,5382
2486,一詮,21,9,12,第一金-台中,2023-03-09,5382
1605,華新,82,71,11,第一金-台中,2023-03-09,5382
2201,裕隆,16,5,11,第一金-台中,2023-03-09,5382
1589,永冠-KY,10,0,10,第一金-台中,2023-03-09,5382
4126,太醫,10,0,10,第一金-台中,2023-03-09,5382
5452,佶優,10,0,10,第一金-台中,2023-03-09,5382
3268,海德威,10,0,10,第一金-台中,2023-03-09,5382
00712,復華富時不動產,9,0,9,第一金-台中,2023-03-09,5382
2892,第一金,12,3,9,第一金-台中,2023-03-09,5382
2884,玉山金,9,0,9,第一金-台中,2023-03-09,5382
5009,榮剛,11,2,9,第一金-台中,2023-03-09,5382
1440,南紡,9,0,9,第一金-台中,2023-03-09,5382
8049,晶采,9,0,9,第一金-台中,2023-03-09,5382
2891,中信金,8,0,8,第一金-台中,2023-03-09,5382
3003,健和興,8,0,8,第一金-台中,2023-03-09,5382
5388,中磊,9,1,8,第一金-台中,2023-03-09,5382
6104,創惟,12,4,8,第一金-台中,2023-03-09,5382
6531,愛普*,22,14,8,第一金-台中,2023-03-09,5382
2368,金像電,7,0,7,第一金-台中,2023-03-09,5382
3479,安勤,8,1,7,第一金-台中,2023-03-09,5382
3504,揚明光,13,6,7,第一金-台中,2023-03-09,5382
5251,天鉞電,7,0,7,第一金-台中,2023-03-09,5382
2603,長榮,375,23,352,第一金-台中,2023-03-10,5382
8433,弘帆,119,2,117,第一金-台中,2023-03-10,5382
00878,國泰永續高股息,107,11,96,第一金-台中,2023-03-10,5382
8201,無敵,65,0,65,第一金-台中,2023-03-10,5382
2457,飛宏,125,66,59,第一金-台中,2023-03-10,5382
00632R,元大台灣50反1,74,19,55,第一金-台中,2023-03-10,5382
00753L,中信中國50正2,52,0,52,第一金-台中,2023-03-10,5382
2888,新光金,62,12,50,第一金-台中,2023-03-10,5382
00882,中信中國高股息,47,0,47,第一金-台中,2023-03-10,5382
2610,華航,48,2,46,第一金-台中,2023-03-10,5382
2618,長榮航,60,21,39,第一金-台中,2023-03-10,5382
00712,復華富時不動產,35,0,35,第一金-台中,2023-03-10,5382
2812,台中銀,33,0,33,第一金-台中,2023-03-10,5382
1457,宜進,30,0,30,第一金-台中,2023-03-10,5382
8070,長華*,26,0,26,第一金-台中,2023-03-10,5382
2851,中再保,23,0,23,第一金-台中,2023-03-10,5382
4919,新唐,23,0,23,第一金-台中,2023-03-10,5382
2891,中信金,23,1,22,第一金-台中,2023-03-10,5382
2453,凌群,32,11,21,第一金-台中,2023-03-10,5382
2607,榮運,21,0,21,第一金-台中,2023-03-10,5382
5608,四維航,49,29,20,第一金-台中,2023-03-10,5382
6592,和潤企業,20,1,19,第一金-台中,2023-03-10,5382
2883,凱基金,19,0,19,第一金-台中,2023-03-10,5382
4142,國光生,19,1,18,第一金-台中,2023-03-10,5382
8936,國統,18,0,18,第一金-台中,2023-03-10,5382
1101,台泥,18,0,18,第一金-台中,2023-03-10,5382
2884,玉山金,16,0,16,第一金-台中,2023-03-10,5382
6234,高僑,17,1,16,第一金-台中,2023-03-10,5382
2641,正德,15,1,14,第一金-台中,2023-03-10,5382
8069,元太,15,2,13,第一金-台中,2023-03-10,5382
4123,晟德,13,0,13,第一金-台中,2023-03-10,5382
4979,華星光,14,1,13,第一金-台中,2023-03-10,5382
2007,燁興,12,0,12,第一金-台中,2023-03-10,5382
2471,資通,13,1,12,第一金-台中,2023-03-10,5382
3105,穩懋,11,0,11,第一金-台中,2023-03-10,5382
00885,富邦越南,11,0,11,第一金-台中,2023-03-10,5382
1605,華新,23,12,11,第一金-台中,2023-03-10,5382
00715L,期街口布蘭特正2,11,0,11,第一金-台中,2023-03-10,5382
5272,笙科,12,1,11,第一金-台中,2023-03-10,5382
3228,金麗科,13,3,10,第一金-台中,2023-03-10,5382
00923,群益台ESG低碳50,10,0,10,第一金-台中,2023-03-10,5382
1589,永冠-KY,10,0,10,第一金-台中,2023-03-10,5382
2023,燁輝,10,0,10,第一金-台中,2023-03-10,5382
2371,大同,20,10,10,第一金-台中,2023-03-10,5382
2614,東森,10,0,10,第一金-台中,2023-03-10,5382
2867,三商壽,10,0,10,第一金-台中,2023-03-10,5382
3027,盛達,10,0,10,第一金-台中,2023-03-10,5382
3036,文曄,10,0,10,第一金-台中,2023-03-10,5382
3712,永崴投控,31,21,10,第一金-台中,2023-03-10,5382
2104,國際中橡,10,0,10,第一金-台中,2023-03-10,5382
00753L,中信中國50正2,729,0,729,第一金-台中,2023-03-13,5382
00632R,元大台灣50反1,409,0,409,第一金-台中,2023-03-13,5382
2834,臺企銀,296,0,296,第一金-台中,2023-03-13,5382
3653,健策,50,0,50,第一金-台中,2023-03-13,5382
2812,台中銀,45,6,39,第一金-台中,2023-03-13,5382
00715L,期街口布蘭特正2,43,8,35,第一金-台中,2023-03-13,5382
2359,所羅門,35,5,30,第一金-台中,2023-03-13,5382
2457,飛宏,57,29,28,第一金-台中,2023-03-13,5382
1708,東鹼,27,0,27,第一金-台中,2023-03-13,5382
8201,無敵,33,8,25,第一金-台中,2023-03-13,5382
6235,華孚,54,31,23,第一金-台中,2023-03-13,5382
2892,第一金,22,0,22,第一金-台中,2023-03-13,5382
2303,聯電,20,0,20,第一金-台中,2023-03-13,5382
2104,國際中橡,20,0,20,第一金-台中,2023-03-13,5382
00712,復華富時不動產,20,0,20,第一金-台中,2023-03-13,5382
00878,國泰永續高股息,80,62,18,第一金-台中,2023-03-13,5382
2610,華航,45,27,18,第一金-台中,2023-03-13,5382
2482,連宇,27,10,17,第一金-台中,2023-03-13,5382
6133,金橋,15,0,15,第一金-台中,2023-03-13,5382
6225,天瀚,15,0,15,第一金-台中,2023-03-13,5382
6531,愛普*,41,27,14,第一金-台中,2023-03-13,5382
2888,新光金,14,0,14,第一金-台中,2023-03-13,5382
2615,萬海,18,5,13,第一金-台中,2023-03-13,5382
2887,台新金,17,4,13,第一金-台中,2023-03-13,5382
8289,泰藝,12,0,12,第一金-台中,2023-03-13,5382
1710,東聯,11,0,11,第一金-台中,2023-03-13,5382
2312,金寶,11,0,11,第一金-台中,2023-03-13,5382
2476,鉅祥,11,0,11,第一金-台中,2023-03-13,5382
4583,台灣精銳,11,0,11,第一金-台中,2023-03-13,5382
5531,鄉林,11,0,11,第一金-台中,2023-03-13,5382
1103,嘉泥,10,0,10,第一金-台中,2023-03-13,5382
3564,其陽,10,0,10,第一金-台中,2023-03-13,5382
4128,中天,10,0,10,第一金-台中,2023-03-13,5382
5328,華容,10,0,10,第一金-台中,2023-03-13,5382
6231,系微,10,0,10,第一金-台中,2023-03-13,5382
2356,英業達,10,1,9,第一金-台中,2023-03-13,5382
2495,普安,10,1,9,第一金-台中,2023-03-13,5382
00713,元大台灣高息低波,8,0,8,第一金-台中,2023-03-13,5382
6576,逸達,8,0,8,第一金-台中,2023-03-13,5382
00772B,中信高評級公司債,7,0,7,第一金-台中,2023-03-13,5382
6770,力積電,13,6,7,第一金-台中,2023-03-13,5382
2884,玉山金,12,5,7,第一金-台中,2023-03-13,5382
00725B,國泰投資級公司債,10,3,7,第一金-台中,2023-03-13,5382
00888,永豐台灣ESG,7,0,7,第一金-台中,2023-03-13,5382
6129,普誠,7,0,7,第一金-台中,2023-03-13,5382
8121,越峰,7,0,7,第一金-台中,2023-03-13,5382
8222,寶一,7,0,7,第一金-台中,2023-03-13,5382
9105,泰金寶-DR,7,0,7,第一金-台中,2023-03-13,5382
3594,磐儀,7,1,6,第一金-台中,2023-03-13,5382
3324,雙鴻,6,0,6,第一金-台中,2023-03-13,5382
00882,中信中國高股息,773,0,773,第一金-台中,2023-03-14,5382
3703,欣陸,277,0,277,第一金-台中,2023-03-14,5382
00715L,期街口布蘭特正2,219,1,218,第一金-台中,2023-03-14,5382
2409,友達,214,56,158,第一金-台中,2023-03-14,5382
00878,國泰永續高股息,165,23,142,第一金-台中,2023-03-14,5382
2891,中信金,61,0,61,第一金-台中,2023-03-14,5382
2027,大成鋼,67,19,48,第一金-台中,2023-03-14,5382
2610,華航,86,42,44,第一金-台中,2023-03-14,5382
1506,正道,35,0,35,第一金-台中,2023-03-14,5382
3046,建��,35,2,33,第一金-台中,2023-03-14,5382
2645,長榮航太,30,0,30,第一金-台中,2023-03-14,5382
4989,榮科,30,3,27,第一金-台中,2023-03-14,5382
2888,新光金,27,3,24,第一金-台中,2023-03-14,5382
2618,長榮航,125,104,21,第一金-台中,2023-03-14,5382
2388,威盛,44,23,21,第一金-台中,2023-03-14,5382
00885,富邦越南,20,0,20,第一金-台中,2023-03-14,5382
1513,中興電,43,24,19,第一金-台中,2023-03-14,5382
2882,國泰金,17,0,17,第一金-台中,2023-03-14,5382
2884,玉山金,16,0,16,第一金-台中,2023-03-14,5382
8201,無敵,15,0,15,第一金-台中,2023-03-14,5382
2867,三商壽,20,5,15,第一金-台中,2023-03-14,5382
00713,元大台灣高息低波,15,2,13,第一金-台中,2023-03-14,5382
1504,東元,17,4,13,第一金-台中,2023-03-14,5382
00712,復華富時不動產,11,0,11,第一金-台中,2023-03-14,5382
2887,台新金,11,0,11,第一金-台中,2023-03-14,5382
6533,晶心科,14,3,11,第一金-台中,2023-03-14,5382
00632R,元大台灣50反1,12,1,11,第一金-台中,2023-03-14,5382
8926,台汽電,11,0,11,第一金-台中,2023-03-14,5382
00637L,元大滬深300正2,10,0,10,第一金-台中,2023-03-14,5382
1709,和益,22,12,10,第一金-台中,2023-03-14,5382
1718,中纖,10,0,10,第一金-台中,2023-03-14,5382
3138,耀登,11,1,10,第一金-台中,2023-03-14,5382
6290,良維,10,0,10,第一金-台中,2023-03-14,5382
8097,常珵,10,0,10,第一金-台中,2023-03-14,5382
4958,臻鼎-KY,9,0,9,第一金-台中,2023-03-14,5382
5512,力麒,12,3,9,第一金-台中,2023-03-14,5382
0050,元大台灣50,8,0,8,第一金-台中,2023-03-14,5382
2637,慧洋-KY,9,1,8,第一金-台中,2023-03-14,5382
4934,太極,9,1,8,第一金-台中,2023-03-14,5382
2812,台中銀,8,0,8,第一金-台中,2023-03-14,5382
1762,中化生,11,4,7,第一金-台中,2023-03-14,5382
2328,廣宇,7,0,7,第一金-台中,2023-03-14,5382
5258,虹堡,11,4,7,第一金-台中,2023-03-14,5382
5905,南仁湖,7,0,7,第一金-台中,2023-03-14,5382
3228,金麗科,9,3,6,第一金-台中,2023-03-14,5382
1708,東鹼,6,0,6,第一金-台中,2023-03-14,5382
1731,美吾華,6,0,6,第一金-台中,2023-03-14,5382
2312,金寶,6,0,6,第一金-台中,2023-03-14,5382
3017,奇鋐,6,0,6,第一金-台中,2023-03-14,5382
3049,精金,6,0,6,第一金-台中,2023-03-14,5382
00882,中信中國高股息,1033,40,993,第一金-台中,2023-03-15,5382
00715L,期街口布蘭特正2,103,0,103,第一金-台中,2023-03-15,5382
3624,光頡,87,11,76,第一金-台中,2023-03-15,5382
4989,榮科,70,0,70,第一金-台中,2023-03-15,5382
00878,國泰永續高股息,68,3,65,第一金-台中,2023-03-15,5382
3032,偉訓,55,0,55,第一金-台中,2023-03-15,5382
2618,長榮航,55,2,53,第一金-台中,2023-03-15,5382
3653,健策,51,0,51,第一金-台中,2023-03-15,5382
3027,盛達,72,26,46,第一金-台中,2023-03-15,5382
5608,四維航,59,17,42,第一金-台中,2023-03-15,5382
2603,長榮,61,20,41,第一金-台中,2023-03-15,5382
1789,神隆,36,0,36,第一金-台中,2023-03-15,5382
6605,帝寶,34,0,34,第一金-台中,2023-03-15,5382
0056,元大高股息,31,1,30,第一金-台中,2023-03-15,5382
6414,樺漢,22,0,22,第一金-台中,2023-03-15,5382
3380,明泰,21,0,21,第一金-台中,2023-03-15,5382
6182,合晶,32,11,21,第一金-台中,2023-03-15,5382
2545,皇翔,20,0,20,第一金-台中,2023-03-15,5382
3162,精確,31,12,19,第一金-台中,2023-03-15,5382
2609,陽明,50,31,19,第一金-台中,2023-03-15,5382
00642U,期元大S＆P石油,17,0,17,第一金-台中,2023-03-15,5382
2312,金寶,17,0,17,第一金-台中,2023-03-15,5382
2607,榮運,18,1,17,第一金-台中,2023-03-15,5382
6417,韋僑,30,13,17,第一金-台中,2023-03-15,5382
9945,潤泰新,17,1,16,第一金-台中,2023-03-15,5382
8201,無敵,16,0,16,第一金-台中,2023-03-15,5382
3046,建��,15,2,13,第一金-台中,2023-03-15,5382
9907,統一實,13,0,13,第一金-台中,2023-03-15,5382
2883,凱基金,13,0,13,第一金-台中,2023-03-15,5382
2302,麗正,12,0,12,第一金-台中,2023-03-15,5382
2017,官田鋼,21,10,11,第一金-台中,2023-03-15,5382
2409,友達,11,0,11,第一金-台中,2023-03-15,5382
6789,采鈺,10,0,10,第一金-台中,2023-03-15,5382
1733,五鼎,10,0,10,第一金-台中,2023-03-15,5382
2352,佳世達,10,0,10,第一金-台中,2023-03-15,5382
5289,宜鼎,10,0,10,第一金-台中,2023-03-15,5382
6016,康和證,10,0,10,第一金-台中,2023-03-15,5382
0050,元大台灣50,9,0,9,第一金-台中,2023-03-15,5382
2615,萬海,20,12,8,第一金-台中,2023-03-15,5382
6799,來頡,51,43,8,第一金-台中,2023-03-15,5382
2634,漢翔,15,7,8,第一金-台中,2023-03-15,5382
3058,立德,8,0,8,第一金-台中,2023-03-15,5382
2344,華邦電,7,0,7,第一金-台中,2023-03-15,5382
2457,飛宏,22,15,7,第一金-台中,2023-03-15,5382
6472,保瑞,8,1,7,第一金-台中,2023-03-15,5382
2367,燿華,6,0,6,第一金-台中,2023-03-15,5382
8433,弘帆,6,0,6,第一金-台中,2023-03-15,5382
5425,台半,9,3,6,第一金-台中,2023-03-15,5382
00896,中信綠能及電動車,5,0,5,第一金-台中,2023-03-15,5382
1101,台泥,5,0,5,第一金-台中,2023-03-15,5382
00715L,期街口布蘭特正2,304,26,278,第一金-台中,2023-03-16,5382
00878,國泰永續高股息,276,138,138,第一金-台中,2023-03-16,5382
00712,復華富時不動產,111,0,111,第一金-台中,2023-03-16,5382
8070,長華*,100,0,100,第一金-台中,2023-03-16,5382
2618,長榮航,189,129,60,第一金-台中,2023-03-16,5382
3050,鈺德,51,0,51,第一金-台中,2023-03-16,5382
1708,東鹼,50,2,48,第一金-台中,2023-03-16,5382
6605,帝寶,46,0,46,第一金-台中,2023-03-16,5382
00882,中信中國高股息,45,0,45,第一金-台中,2023-03-16,5382
2645,長榮航太,40,0,40,第一金-台中,2023-03-16,5382
4121,優盛,40,0,40,第一金-台中,2023-03-16,5382
2884,玉山金,39,0,39,第一金-台中,2023-03-16,5382
3027,盛達,36,1,35,第一金-台中,2023-03-16,5382
2891,中信金,36,3,33,第一金-台中,2023-03-16,5382
6799,來頡,32,0,32,第一金-台中,2023-03-16,5382
2027,大成鋼,31,1,30,第一金-台中,2023-03-16,5382
6182,合晶,35,5,30,第一金-台中,2023-03-16,5382
00646,元大S＆P500,26,0,26,第一金-台中,2023-03-16,5382
1319,東陽,25,0,25,第一金-台中,2023-03-16,5382
3346,麗清,25,1,24,第一金-台中,2023-03-16,5382
2457,飛宏,62,41,21,第一金-台中,2023-03-16,5382
2104,國際中橡,20,0,20,第一金-台中,2023-03-16,5382
6233,旺玖,21,2,19,第一金-台中,2023-03-16,5382
2603,長榮,32,14,18,第一金-台中,2023-03-16,5382
3122,笙泉,17,0,17,第一金-台中,2023-03-16,5382
3056,富華新,19,2,17,第一金-台中,2023-03-16,5382
2867,三商壽,16,0,16,第一金-台中,2023-03-16,5382
6244,茂迪,20,4,16,第一金-台中,2023-03-16,5382
6271,同欣電,16,2,14,第一金-台中,2023-03-16,5382
1101,台泥,14,1,13,第一金-台中,2023-03-16,5382
3564,其陽,13,0,13,第一金-台中,2023-03-16,5382
8201,無敵,13,0,13,第一金-台中,2023-03-16,5382
2888,新光金,13,1,12,第一金-台中,2023-03-16,5382
8050,廣積,13,1,12,第一金-台中,2023-03-16,5382
00701,國泰股利精選30,11,0,11,第一金-台中,2023-03-16,5382
3017,奇鋐,11,0,11,第一金-台中,2023-03-16,5382
8932,智通*,11,0,11,第一金-台中,2023-03-16,5382
2609,陽明,20,10,10,第一金-台中,2023-03-16,5382
1905,華紙,10,0,10,第一金-台中,2023-03-16,5382
2641,正德,10,0,10,第一金-台中,2023-03-16,5382
3032,偉訓,10,0,10,第一金-台中,2023-03-16,5382
3094,聯傑,11,1,10,第一金-台中,2023-03-16,5382
6202,盛群,10,0,10,第一金-台中,2023-03-16,5382
6282,康舒,15,5,10,第一金-台中,2023-03-16,5382
6449,鈺邦,10,0,10,第一金-台中,2023-03-16,5382
2614,東森,10,0,10,第一金-台中,2023-03-16,5382
4190,佐登-KY,9,0,9,第一金-台中,2023-03-16,5382
5371,中光電,12,3,9,第一金-台中,2023-03-16,5382
2834,臺企銀,169,160,9,第一金-台中,2023-03-16,5382
3228,金麗科,10,2,8,第一金-台中,2023-03-16,5382
3703,欣陸,308,0,308,第一金-台中,2023-03-17,5382
9904,寶成,130,0,130,第一金-台中,2023-03-17,5382
2537,聯上發,129,0,129,第一金-台中,2023-03-17,5382
2471,資通,100,2,98,第一金-台中,2023-03-17,5382
2834,臺企銀,101,5,96,第一金-台中,2023-03-17,5382
1513,中興電,77,4,73,第一金-台中,2023-03-17,5382
3050,鈺德,35,0,35,第一金-台中,2023-03-17,5382
6799,來頡,26,1,25,第一金-台中,2023-03-17,5382
2353,宏��,50,27,23,第一金-台中,2023-03-17,5382
00679B,元大美債20年,22,1,21,第一金-台中,2023-03-17,5382
6488,環球晶,21,0,21,第一金-台中,2023-03-17,5382
6282,康舒,22,1,21,第一金-台中,2023-03-17,5382
00715L,期街口布蘭特正2,21,0,21,第一金-台中,2023-03-17,5382
2312,金寶,20,0,20,第一金-台中,2023-03-17,5382
6806,森崴能源,20,0,20,第一金-台中,2023-03-17,5382
2610,華航,17,0,17,第一金-台中,2023-03-17,5382
2888,新光金,19,2,17,第一金-台中,2023-03-17,5382
8201,無敵,16,0,16,第一金-台中,2023-03-17,5382
2881,富邦金,16,0,16,第一金-台中,2023-03-17,5382
2609,陽明,28,12,16,第一金-台中,2023-03-17,5382
4967,十銓,18,3,15,第一金-台中,2023-03-17,5382
1409,新纖,14,0,14,第一金-台中,2023-03-17,5382
6235,華孚,20,8,12,第一金-台中,2023-03-17,5382
00713,元大台灣高息低波,12,0,12,第一金-台中,2023-03-17,5382
2618,長榮航,17,5,12,第一金-台中,2023-03-17,5382
2340,台亞,11,0,11,第一金-台中,2023-03-17,5382
3532,台勝科,11,0,11,第一金-台中,2023-03-17,5382
00642U,期元大S＆P石油,10,0,10,第一金-台中,2023-03-17,5382
1718,中纖,10,0,10,第一金-台中,2023-03-17,5382
3587,閎康,10,0,10,第一金-台中,2023-03-17,5382
4503,金雨,10,0,10,第一金-台中,2023-03-17,5382
6515,穎崴,11,1,10,第一金-台中,2023-03-17,5382
6732,昇佳電子,10,0,10,第一金-台中,2023-03-17,5382
2323,中環,10,0,10,第一金-台中,2023-03-17,5382
2616,山隆,10,1,9,第一金-台中,2023-03-17,5382
1514,亞力,10,1,9,第一金-台中,2023-03-17,5382
2913,農林,9,0,9,第一金-台中,2023-03-17,5382
6231,系微,11,2,9,第一金-台中,2023-03-17,5382
6752,叡揚,9,0,9,第一金-台中,2023-03-17,5382
4960,誠美材,8,0,8,第一金-台中,2023-03-17,5382
6122,擎邦,8,0,8,第一金-台中,2023-03-17,5382
8936,國統,10,2,8,第一金-台中,2023-03-17,5382
00712,復華富時不動產,8,0,8,第一金-台中,2023-03-17,5382
2891,中信金,13,5,8,第一金-台中,2023-03-17,5382
00878,國泰永續高股息,13,5,8,第一金-台中,2023-03-17,5382
3093,港建*,7,0,7,第一金-台中,2023-03-17,5382
00651R,復華香港反1,7,0,7,第一金-台中,2023-03-17,5382
3094,聯傑,7,0,7,第一金-台中,2023-03-17,5382
4934,太極,7,0,7,第一金-台中,2023-03-17,5382
2883,凱基金,7,1,6,第一金-台中,2023-03-17,5382
2890,永豐金,211,5,206,第一金-台中,2023-03-20,5382
3029,零壹,124,4,120,第一金-台中,2023-03-20,5382
1308,亞聚,80,0,80,第一金-台中,2023-03-20,5382
1444,力麗,51,0,51,第一金-台中,2023-03-20,5382
3013,晟銘電,51,0,51,第一金-台中,2023-03-20,5382
5512,力麒,48,4,44,第一金-台中,2023-03-20,5382
00878,國泰永續高股息,49,7,42,第一金-台中,2023-03-20,5382
4934,太極,44,4,40,第一金-台中,2023-03-20,5382
00679B,元大美債20年,25,0,25,第一金-台中,2023-03-20,5382
4979,華星光,42,17,25,第一金-台中,2023-03-20,5382
00715L,期街口布蘭特正2,23,0,23,第一金-台中,2023-03-20,5382
3062,建漢,22,0,22,第一金-台中,2023-03-20,5382
2338,光罩,34,12,22,第一金-台中,2023-03-20,5382
2748,雲品,24,3,21,第一金-台中,2023-03-20,5382
3046,建��,69,48,21,第一金-台中,2023-03-20,5382
1611,中電,20,0,20,第一金-台中,2023-03-20,5382
1605,華新,20,2,18,第一金-台中,2023-03-20,5382
2476,鉅祥,20,2,18,第一金-台中,2023-03-20,5382
2457,飛宏,32,14,18,第一金-台中,2023-03-20,5382
8926,台汽電,23,7,16,第一金-台中,2023-03-20,5382
6799,來頡,15,0,15,第一金-台中,2023-03-20,5382
6531,愛普*,39,26,13,第一金-台中,2023-03-20,5382
6770,力積電,16,3,13,第一金-台中,2023-03-20,5382
2882,國泰金,12,0,12,第一金-台中,2023-03-20,5382
4306,炎洲,12,0,12,第一金-台中,2023-03-20,5382
1712,興農,11,0,11,第一金-台中,2023-03-20,5382
1513,中興電,23,13,10,第一金-台中,2023-03-20,5382
00885,富邦越南,10,0,10,第一金-台中,2023-03-20,5382
2201,裕隆,12,2,10,第一金-台中,2023-03-20,5382
2614,東森,10,0,10,第一金-台中,2023-03-20,5382
3707,漢磊,13,3,10,第一金-台中,2023-03-20,5382
6477,安集,12,2,10,第一金-台中,2023-03-20,5382
2603,長榮,16,7,9,第一金-台中,2023-03-20,5382
3481,群創,13,4,9,第一金-台中,2023-03-20,5382
3017,奇鋐,13,4,9,第一金-台中,2023-03-20,5382
3624,光頡,12,3,9,第一金-台中,2023-03-20,5382
8222,寶一,14,5,9,第一金-台中,2023-03-20,5382
2883,凱基金,8,0,8,第一金-台中,2023-03-20,5382
2002,中鋼,10,2,8,第一金-台中,2023-03-20,5382
5608,四維航,22,14,8,第一金-台中,2023-03-20,5382
8433,弘帆,11,3,8,第一金-台中,2023-03-20,5382
1304,台聚,14,7,7,第一金-台中,2023-03-20,5382
1810,和成,7,0,7,第一金-台中,2023-03-20,5382
6111,大宇資,7,0,7,第一金-台中,2023-03-20,5382
6244,茂迪,21,14,7,第一金-台中,2023-03-20,5382
2915,潤泰全,6,0,6,第一金-台中,2023-03-20,5382
3432,台端,9,3,6,第一金-台中,2023-03-20,5382
3703,欣陸,14,8,6,第一金-台中,2023-03-20,5382
4977,眾達-KY,6,0,6,第一金-台中,2023-03-20,5382
6506,雙邦,8,2,6,第一金-台中,2023-03-20,5382
3162,精確,128,17,111,第一金-台中,2023-03-21,5382
2457,飛宏,205,122,83,第一金-台中,2023-03-21,5382
5608,四維航,60,0,60,第一金-台中,2023-03-21,5382
2605,新興,50,0,50,第一金-台中,2023-03-21,5382
3094,聯傑,51,2,49,第一金-台中,2023-03-21,5382
3013,晟銘電,59,12,47,第一金-台中,2023-03-21,5382
2471,資通,112,69,43,第一金-台中,2023-03-21,5382
6223,旺矽,41,4,37,第一金-台中,2023-03-21,5382
2208,台船,36,0,36,第一金-台中,2023-03-21,5382
2327,國巨,32,3,29,第一金-台中,2023-03-21,5382
8926,台汽電,23,1,22,第一金-台中,2023-03-21,5382
8054,安國,21,0,21,第一金-台中,2023-03-21,5382
1308,亞聚,30,10,20,第一金-台中,2023-03-21,5382
2014,中鴻,20,0,20,第一金-台中,2023-03-21,5382
2388,威盛,47,27,20,第一金-台中,2023-03-21,5382
6751,智聯服務,20,0,20,第一金-台中,2023-03-21,5382
2027,大成鋼,20,0,20,第一金-台中,2023-03-21,5382
6443,元晶,32,14,18,第一金-台中,2023-03-21,5382
6235,華孚,23,6,17,第一金-台中,2023-03-21,5382
2891,中信金,16,0,16,第一金-台中,2023-03-21,5382
3050,鈺德,17,2,15,第一金-台中,2023-03-21,5382
9105,泰金寶-DR,15,0,15,第一金-台中,2023-03-21,5382
2482,連宇,36,22,14,第一金-台中,2023-03-21,5382
00885,富邦越南,13,0,13,第一金-台中,2023-03-21,5382
1603,華電,16,3,13,第一金-台中,2023-03-21,5382
1514,亞力,13,1,12,第一金-台中,2023-03-21,5382
2883,凱基金,10,0,10,第一金-台中,2023-03-21,5382
1101,台泥,10,0,10,第一金-台中,2023-03-21,5382
00635U,期元大S＆P黃金,10,0,10,第一金-台中,2023-03-21,5382
2413,環科,11,1,10,第一金-台中,2023-03-21,5382
3207,耀勝,11,1,10,第一金-台中,2023-03-21,5382
3703,欣陸,10,0,10,第一金-台中,2023-03-21,5382
3710,連展投控,10,0,10,第一金-台中,2023-03-21,5382
4541,晟田,10,0,10,第一金-台中,2023-03-21,5382
6229,研通,10,0,10,第一金-台中,2023-03-21,5382
00717,富邦美國特別股,9,1,8,第一金-台中,2023-03-21,5382
5351,鈺創,8,0,8,第一金-台中,2023-03-21,5382
00878,國泰永續高股息,11,4,7,第一金-台中,2023-03-21,5382
2409,友達,7,0,7,第一金-台中,2023-03-21,5382
00637L,元大滬深300正2,7,0,7,第一金-台中,2023-03-21,5382
3017,奇鋐,22,15,7,第一金-台中,2023-03-21,5382
6165,浪凡,7,0,7,第一金-台中,2023-03-21,5382
00651R,復華香港反1,11,5,6,第一金-台中,2023-03-21,5382
3624,光頡,10,4,6,第一金-台中,2023-03-21,5382
1524,耿鼎,19,14,5,第一金-台中,2023-03-21,5382
2610,華航,6,1,5,第一金-台中,2023-03-21,5382
1731,美吾華,5,0,5,第一金-台中,2023-03-21,5382
2025,千興,5,0,5,第一金-台中,2023-03-21,5382
2371,大同,5,0,5,第一金-台中,2023-03-21,5382
3055,蔚華科,10,5,5,第一金-台中,2023-03-21,5382
00632R,元大台灣50反1,129,4,125,第一金-台中,2023-03-22,5382
3322,建舜電,106,25,81,第一金-台中,2023-03-22,5382
4763,材料-KY,56,13,43,第一金-台中,2023-03-22,5382
00878,國泰永續高股息,47,9,38,第一金-台中,2023-03-22,5382
2303,聯電,72,37,35,第一金-台中,2023-03-22,5382
3479,安勤,62,29,33,第一金-台中,2023-03-22,5382
3050,鈺德,32,1,31,第一金-台中,2023-03-22,5382
3652,精聯,30,0,30,第一金-台中,2023-03-22,5382
6233,旺玖,36,8,28,第一金-台中,2023-03-22,5382
3013,晟銘電,29,3,26,第一金-台中,2023-03-22,5382
8201,無敵,31,5,26,第一金-台中,2023-03-22,5382
3306,鼎天,25,0,25,第一金-台中,2023-03-22,5382
1529,樂事綠能,26,5,21,第一金-台中,2023-03-22,5382
6811,宏�硌穈T,20,0,20,第一金-台中,2023-03-22,5382
6188,廣明,20,1,19,第一金-台中,2023-03-22,5382
5425,台半,28,12,16,第一金-台中,2023-03-22,5382
00715L,期街口布蘭特正2,17,2,15,第一金-台中,2023-03-22,5382
2353,宏��,15,0,15,第一金-台中,2023-03-22,5382
1442,名軒,14,0,14,第一金-台中,2023-03-22,5382
6770,力積電,20,6,14,第一金-台中,2023-03-22,5382
00679B,元大美債20年,12,0,12,第一金-台中,2023-03-22,5382
2302,麗正,21,9,12,第一金-台中,2023-03-22,5382
9945,潤泰新,11,0,11,第一金-台中,2023-03-22,5382
2317,鴻海,11,0,11,第一金-台中,2023-03-22,5382
2413,環科,10,0,10,第一金-台中,2023-03-22,5382
1506,正道,10,0,10,第一金-台中,2023-03-22,5382
6109,亞元,10,0,10,第一金-台中,2023-03-22,5382
6235,華孚,19,9,10,第一金-台中,2023-03-22,5382
4744,皇將,10,0,10,第一金-台中,2023-03-22,5382
2886,兆豐金,10,0,10,第一金-台中,2023-03-22,5382
3189,景碩,13,4,9,第一金-台中,2023-03-22,5382
3035,智原,23,14,9,第一金-台中,2023-03-22,5382
1524,耿鼎,48,39,9,第一金-台中,2023-03-22,5382
3624,光頡,8,0,8,第一金-台中,2023-03-22,5382
4533,協易機,8,0,8,第一金-台中,2023-03-22,5382
8054,安國,8,0,8,第一金-台中,2023-03-22,5382
6104,創惟,11,4,7,第一金-台中,2023-03-22,5382
6874,倍力,7,0,7,第一金-台中,2023-03-22,5382
00712,復華富時不動產,7,1,6,第一金-台中,2023-03-22,5382
1513,中興電,9,3,6,第一金-台中,2023-03-22,5382
8069,元太,7,1,6,第一金-台中,2023-03-22,5382
3715,定穎投控,7,1,6,第一金-台中,2023-03-22,5382
1316,上曜,18,12,6,第一金-台中,2023-03-22,5382
1514,亞力,6,0,6,第一金-台中,2023-03-22,5382
2105,正新,6,0,6,第一金-台中,2023-03-22,5382
5009,榮剛,7,1,6,第一金-台中,2023-03-22,5382
9941,裕融,5,0,5,第一金-台中,2023-03-22,5382
00903,富邦元宇宙,5,0,5,第一金-台中,2023-03-22,5382
00637L,元大滬深300正2,5,0,5,第一金-台中,2023-03-22,5382
1304,台聚,10,5,5,第一金-台中,2023-03-22,5382
6134,萬旭,50,0,50,第一金-台中,2023-03-23,5382
2342,茂矽,52,4,48,第一金-台中,2023-03-23,5382
2352,佳世達,50,5,45,第一金-台中,2023-03-23,5382
6229,研通,44,0,44,第一金-台中,2023-03-23,5382
6417,韋僑,40,2,38,第一金-台中,2023-03-23,5382
8431,匯鑽科,37,0,37,第一金-台中,2023-03-23,5382
1319,東陽,33,0,33,第一金-台中,2023-03-23,5382
5284,jpp-KY,30,0,30,第一金-台中,2023-03-23,5382
00712,復華富時不動產,28,0,28,第一金-台中,2023-03-23,5382
2482,連宇,29,2,27,第一金-台中,2023-03-23,5382
3481,群創,89,64,25,第一金-台中,2023-03-23,5382
5512,力麒,24,0,24,第一金-台中,2023-03-23,5382
1762,中化生,20,0,20,第一金-台中,2023-03-23,5382
3027,盛達,22,2,20,第一金-台中,2023-03-23,5382
8054,安國,18,0,18,第一金-台中,2023-03-23,5382
00662,富邦NASDAQ,16,0,16,第一金-台中,2023-03-23,5382
3088,艾訊,16,0,16,第一金-台中,2023-03-23,5382
00637L,元大滬深300正2,20,5,15,第一金-台中,2023-03-23,5382
2353,宏��,15,0,15,第一金-台中,2023-03-23,5382
3202,樺晟,15,0,15,第一金-台中,2023-03-23,5382
1514,亞力,22,8,14,第一金-台中,2023-03-23,5382
5425,台半,22,8,14,第一金-台中,2023-03-23,5382
3322,建舜電,13,0,13,第一金-台中,2023-03-23,5382
6282,康舒,13,1,12,第一金-台中,2023-03-23,5382
00885,富邦越南,11,0,11,第一金-台中,2023-03-23,5382
2340,台亞,11,0,11,第一金-台中,2023-03-23,5382
3037,欣興,19,8,11,第一金-台中,2023-03-23,5382
2317,鴻海,13,3,10,第一金-台中,2023-03-23,5382
6139,亞翔,10,0,10,第一金-台中,2023-03-23,5382
6863,永道-KY,11,1,10,第一金-台中,2023-03-23,5382
00882,中信中國高股息,9,0,9,第一金-台中,2023-03-23,5382
1215,卜蜂,10,1,9,第一金-台中,2023-03-23,5382
2606,裕民,9,0,9,第一金-台中,2023-03-23,5382
2641,正德,10,1,9,第一金-台中,2023-03-23,5382
3228,金麗科,9,2,7,第一金-台中,2023-03-23,5382
1101,台泥,7,0,7,第一金-台中,2023-03-23,5382
2481,強茂,17,10,7,第一金-台中,2023-03-23,5382
3294,英濟,7,0,7,第一金-台中,2023-03-23,5382
3711,日月光投控,10,3,7,第一金-台中,2023-03-23,5382
00646,元大S＆P500,6,0,6,第一金-台中,2023-03-23,5382
3013,晟銘電,8,2,6,第一金-台中,2023-03-23,5382
6148,驊宏資,6,0,6,第一金-台中,2023-03-23,5382
6491,晶碩,6,0,6,第一金-台中,2023-03-23,5382
6669,緯穎,6,0,6,第一金-台中,2023-03-23,5382
6719,力智,7,1,6,第一金-台中,2023-03-23,5382
00772B,中信高評級公司債,5,0,5,第一金-台中,2023-03-23,5382
1342,八貫,5,0,5,第一金-台中,2023-03-23,5382
1708,東鹼,5,0,5,第一金-台中,2023-03-23,5382
2014,中鴻,5,0,5,第一金-台中,2023-03-23,5382
2025,千興,5,0,5,第一金-台中,2023-03-23,5382
3703,欣陸,76,2,74,第一金-台中,2023-03-24,5382
1609,大亞,92,21,71,第一金-台中,2023-03-24,5382
8088,品安,54,0,54,第一金-台中,2023-03-24,5382
1444,力麗,50,0,50,第一金-台中,2023-03-24,5382
3035,智原,86,45,41,第一金-台中,2023-03-24,5382
2482,連宇,46,13,33,第一金-台中,2023-03-24,5382
8234,新漢,42,10,32,第一金-台中,2023-03-24,5382
2605,新興,25,0,25,第一金-台中,2023-03-24,5382
6288,聯嘉,45,22,23,第一金-台中,2023-03-24,5382
1762,中化生,20,0,20,第一金-台中,2023-03-24,5382
1504,東元,51,31,20,第一金-台中,2023-03-24,5382
3413,京鼎,20,0,20,第一金-台中,2023-03-24,5382
5410,國眾,20,0,20,第一金-台中,2023-03-24,5382
5608,四維航,23,3,20,第一金-台中,2023-03-24,5382
3228,金麗科,25,7,18,第一金-台中,2023-03-24,5382
2471,資通,20,3,17,第一金-台中,2023-03-24,5382
2106,建大,17,1,16,第一金-台中,2023-03-24,5382
1402,遠東新,16,0,16,第一金-台中,2023-03-24,5382
2023,燁輝,16,0,16,第一金-台中,2023-03-24,5382
6229,研通,16,0,16,第一金-台中,2023-03-24,5382
3693,營邦,15,0,15,第一金-台中,2023-03-24,5382
00773B,中信優先金融債,15,0,15,第一金-台中,2023-03-24,5382
2303,聯電,20,7,13,第一金-台中,2023-03-24,5382
2340,台亞,12,0,12,第一金-台中,2023-03-24,5382
2342,茂矽,21,9,12,第一金-台中,2023-03-24,5382
6446,藥華藥,11,0,11,第一金-台中,2023-03-24,5382
3322,建舜電,22,11,11,第一金-台中,2023-03-24,5382
2633,台灣高鐵,10,0,10,第一金-台中,2023-03-24,5382
2353,宏��,10,0,10,第一金-台中,2023-03-24,5382
2371,大同,10,0,10,第一金-台中,2023-03-24,5382
2637,慧洋-KY,10,0,10,第一金-台中,2023-03-24,5382
4432,銘旺實,10,0,10,第一金-台中,2023-03-24,5382
8289,泰藝,10,0,10,第一金-台中,2023-03-24,5382
4919,新唐,16,7,9,第一金-台中,2023-03-24,5382
1524,耿鼎,10,1,9,第一金-台中,2023-03-24,5382
3454,晶睿,9,1,8,第一金-台中,2023-03-24,5382
3441,聯一光,7,0,7,第一金-台中,2023-03-24,5382
6290,良維,7,0,7,第一金-台中,2023-03-24,5382
6443,元晶,10,3,7,第一金-台中,2023-03-24,5382
9105,泰金寶-DR,7,0,7,第一金-台中,2023-03-24,5382
1731,美吾華,6,0,6,第一金-台中,2023-03-24,5382
2402,毅嘉,24,18,6,第一金-台中,2023-03-24,5382
5230,雷笛克光學,6,0,6,第一金-台中,2023-03-24,5382
1432,大魯閣,6,0,6,第一金-台中,2023-03-24,5382
1101,台泥,12,7,5,第一金-台中,2023-03-24,5382
1810,和成,5,0,5,第一金-台中,2023-03-24,5382
2025,千興,5,0,5,第一金-台中,2023-03-24,5382
2388,威盛,18,13,5,第一金-台中,2023-03-24,5382
3033,威健,5,0,5,第一金-台中,2023-03-24,5382
3406,玉晶光,7,2,5,第一金-台中,2023-03-24,5382
3703,欣陸,202,1,201,第一金-台中,2023-03-27,5382
9934,成霖,195,0,195,第一金-台中,2023-03-27,5382
1101,台泥,73,0,73,第一金-台中,2023-03-27,5382
1584,精剛,67,4,63,第一金-台中,2023-03-27,5382
8033,雷虎,58,9,49,第一金-台中,2023-03-27,5382
8050,廣積,62,14,48,第一金-台中,2023-03-27,5382
3228,金麗科,45,4,41,第一金-台中,2023-03-27,5382
00830,國泰費城半導體,40,1,39,第一金-台中,2023-03-27,5382
00882,中信中國高股息,29,0,29,第一金-台中,2023-03-27,5382
2610,華航,38,14,24,第一金-台中,2023-03-27,5382
3665,貿聯-KY,21,0,21,第一金-台中,2023-03-27,5382
3714,富采,26,5,21,第一金-台中,2023-03-27,5382
2317,鴻海,21,1,20,第一金-台中,2023-03-27,5382
3484,崧騰,20,0,20,第一金-台中,2023-03-27,5382
8249,菱光,20,0,20,第一金-台中,2023-03-27,5382
6235,華孚,26,7,19,第一金-台中,2023-03-27,5382
2439,美律,20,1,19,第一金-台中,2023-03-27,5382
1342,八貫,23,4,19,第一金-台中,2023-03-27,5382
2408,南亞科,20,1,19,第一金-台中,2023-03-27,5382
3217,優群,21,2,19,第一金-台中,2023-03-27,5382
4919,新唐,17,0,17,第一金-台中,2023-03-27,5382
2393,億光,15,0,15,第一金-台中,2023-03-27,5382
3017,奇鋐,22,8,14,第一金-台中,2023-03-27,5382
3050,鈺德,14,0,14,第一金-台中,2023-03-27,5382
6806,森崴能源,14,0,14,第一金-台中,2023-03-27,5382
3035,智原,34,20,14,第一金-台中,2023-03-27,5382
6229,研通,13,0,13,第一金-台中,2023-03-27,5382
6443,元晶,28,16,12,第一金-台中,2023-03-27,5382
2327,國巨,12,1,11,第一金-台中,2023-03-27,5382
006208,富邦台50,11,0,11,第一金-台中,2023-03-27,5382
5289,宜鼎,10,0,10,第一金-台中,2023-03-27,5382
2450,神腦,10,0,10,第一金-台中,2023-03-27,5382
6197,佳必琪,10,0,10,第一金-台中,2023-03-27,5382
8054,安國,10,0,10,第一金-台中,2023-03-27,5382
5351,鈺創,11,2,9,第一金-台中,2023-03-27,5382
3029,零壹,12,3,9,第一金-台中,2023-03-27,5382
6869,雲豹能源,9,0,9,第一金-台中,2023-03-27,5382
9945,潤泰新,11,2,9,第一金-台中,2023-03-27,5382
0052,富邦科技,9,0,9,第一金-台中,2023-03-27,5382
3037,欣興,10,1,9,第一金-台中,2023-03-27,5382
6244,茂迪,10,2,8,第一金-台中,2023-03-27,5382
2002,中鋼,8,0,8,第一金-台中,2023-03-27,5382
3664,安瑞-KY,8,0,8,第一金-台中,2023-03-27,5382
6111,大宇資,13,5,8,第一金-台中,2023-03-27,5382
2402,毅嘉,25,17,8,第一金-台中,2023-03-27,5382
2834,臺企銀,7,0,7,第一金-台中,2023-03-27,5382
00715L,期街口布蘭特正2,6,0,6,第一金-台中,2023-03-27,5382
00662,富邦NASDAQ,6,0,6,第一金-台中,2023-03-27,5382
00682U,期元大美元指數,6,0,6,第一金-台中,2023-03-27,5382
2867,三商壽,6,0,6,第一金-台中,2023-03-27,5382
2208,台船,82,0,82,第一金-台中,2023-03-28,5382
00632R,元大台灣50反1,59,3,56,第一金-台中,2023-03-28,5382
6226,光鼎,48,0,48,第一金-台中,2023-03-28,5382
2330,台積電,44,1,43,第一金-台中,2023-03-28,5382
4919,新唐,45,3,42,第一金-台中,2023-03-28,5382
1529,樂事綠能,39,2,37,第一金-台中,2023-03-28,5382
8070,長華*,36,0,36,第一金-台中,2023-03-28,5382
8054,安國,30,0,30,第一金-台中,2023-03-28,5382
00679B,元大美債20年,30,0,30,第一金-台中,2023-03-28,5382
3703,欣陸,27,0,27,第一金-台中,2023-03-28,5382
6229,研通,23,0,23,第一金-台中,2023-03-28,5382
3576,聯合再生,22,0,22,第一金-台中,2023-03-28,5382
6282,康舒,21,0,21,第一金-台中,2023-03-28,5382
6869,雲豹能源,21,0,21,第一金-台中,2023-03-28,5382
3029,零壹,20,0,20,第一金-台中,2023-03-28,5382
00830,國泰費城半導體,20,0,20,第一金-台中,2023-03-28,5382
1591,駿吉-KY,20,0,20,第一金-台中,2023-03-28,5382
3050,鈺德,20,0,20,第一金-台中,2023-03-28,5382
3587,閎康,20,0,20,第一金-台中,2023-03-28,5382
2388,威盛,37,19,18,第一金-台中,2023-03-28,5382
00922,國泰台灣領袖50,17,0,17,第一金-台中,2023-03-28,5382
2340,台亞,18,1,17,第一金-台中,2023-03-28,5382
2382,廣達,18,2,16,第一金-台中,2023-03-28,5382
3338,泰碩,22,7,15,第一金-台中,2023-03-28,5382
2368,金像電,17,3,14,第一金-台中,2023-03-28,5382
6134,萬旭,14,0,14,第一金-台中,2023-03-28,5382
4971,IET-KY,29,16,13,第一金-台中,2023-03-28,5382
6770,力積電,17,5,12,第一金-台中,2023-03-28,5382
00882,中信中國高股息,11,0,11,第一金-台中,2023-03-28,5382
1504,東元,11,0,11,第一金-台中,2023-03-28,5382
1609,大亞,12,1,11,第一金-台中,2023-03-28,5382
2338,光罩,11,0,11,第一金-台中,2023-03-28,5382
3484,崧騰,11,0,11,第一金-台中,2023-03-28,5382
6531,愛普*,12,1,11,第一金-台中,2023-03-28,5382
8050,廣積,13,2,11,第一金-台中,2023-03-28,5382
2516,新建,10,0,10,第一金-台中,2023-03-28,5382
3265,台星科,10,0,10,第一金-台中,2023-03-28,5382
6129,普誠,10,0,10,第一金-台中,2023-03-28,5382
6416,瑞祺電通,10,0,10,第一金-台中,2023-03-28,5382
3037,欣興,10,0,10,第一金-台中,2023-03-28,5382
00857B,永豐20年美公債,9,0,9,第一金-台中,2023-03-28,5382
2329,華泰,10,1,9,第一金-台中,2023-03-28,5382
00878,國泰永續高股息,12,3,9,第一金-台中,2023-03-28,5382
00725B,國泰投資級公司債,8,0,8,第一金-台中,2023-03-28,5382
1731,美吾華,8,0,8,第一金-台中,2023-03-28,5382
5351,鈺創,8,0,8,第一金-台中,2023-03-28,5382
00772B,中信高評級公司債,8,0,8,第一金-台中,2023-03-28,5382
1789,神隆,7,0,7,第一金-台中,2023-03-28,5382
2482,連宇,59,52,7,第一金-台中,2023-03-28,5382
3017,奇鋐,10,3,7,第一金-台中,2023-03-28,5382
3653,健策,100,0,100,第一金-台中,2023-03-29,5382
00632R,元大台灣50反1,82,3,79,第一金-台中,2023-03-29,5382
2371,大同,79,2,77,第一金-台中,2023-03-29,5382
6244,茂迪,39,5,34,第一金-台中,2023-03-29,5382
3576,聯合再生,33,0,33,第一金-台中,2023-03-29,5382
1591,駿吉-KY,23,0,23,第一金-台中,2023-03-29,5382
1609,大亞,39,16,23,第一金-台中,2023-03-29,5382
3050,鈺德,23,0,23,第一金-台中,2023-03-29,5382
3483,力致,21,0,21,第一金-台中,2023-03-29,5382
5522,遠雄,20,0,20,第一金-台中,2023-03-29,5382
6651,全宇昕,20,0,20,第一金-台中,2023-03-29,5382
2208,台船,16,0,16,第一金-台中,2023-03-29,5382
3028,增你強,15,0,15,第一金-台中,2023-03-29,5382
2748,雲品,22,8,14,第一金-台中,2023-03-29,5382
2328,廣宇,40,26,14,第一金-台中,2023-03-29,5382
5425,台半,14,0,14,第一金-台中,2023-03-29,5382
6271,同欣電,13,0,13,第一金-台中,2023-03-29,5382
6443,元晶,13,0,13,第一金-台中,2023-03-29,5382
8401,白紗科,13,0,13,第一金-台中,2023-03-29,5382
2409,友達,16,3,13,第一金-台中,2023-03-29,5382
2105,正新,13,0,13,第一金-台中,2023-03-29,5382
00772B,中信高評級公司債,12,0,12,第一金-台中,2023-03-29,5382
2332,友訊,12,0,12,第一金-台中,2023-03-29,5382
8201,無敵,12,0,12,第一金-台中,2023-03-29,5382
4919,新唐,14,3,11,第一金-台中,2023-03-29,5382
2886,兆豐金,11,0,11,第一金-台中,2023-03-29,5382
8932,智通*,11,0,11,第一金-台中,2023-03-29,5382
00830,國泰費城半導體,10,0,10,第一金-台中,2023-03-29,5382
00680L,元大美債20正2,10,0,10,第一金-台中,2023-03-29,5382
1504,東元,21,11,10,第一金-台中,2023-03-29,5382
1514,亞力,10,0,10,第一金-台中,2023-03-29,5382
2029,盛餘,10,0,10,第一金-台中,2023-03-29,5382
2323,中環,10,0,10,第一金-台中,2023-03-29,5382
2645,長榮航太,10,0,10,第一金-台中,2023-03-29,5382
6288,聯嘉,20,10,10,第一金-台中,2023-03-29,5382
8084,巨虹,10,0,10,第一金-台中,2023-03-29,5382
8088,品安,10,0,10,第一金-台中,2023-03-29,5382
2331,精英,10,1,9,第一金-台中,2023-03-29,5382
3707,漢磊,10,1,9,第一金-台中,2023-03-29,5382
5258,虹堡,11,3,8,第一金-台中,2023-03-29,5382
3715,定穎投控,84,76,8,第一金-台中,2023-03-29,5382
2027,大成鋼,8,1,7,第一金-台中,2023-03-29,5382
2731,雄獅,15,8,7,第一金-台中,2023-03-29,5382
3035,智原,42,35,7,第一金-台中,2023-03-29,5382
3046,建��,7,0,7,第一金-台中,2023-03-29,5382
1762,中化生,22,16,6,第一金-台中,2023-03-29,5382
2312,金寶,6,0,6,第一金-台中,2023-03-29,5382
2408,南亞科,7,1,6,第一金-台中,2023-03-29,5382
4971,IET-KY,15,9,6,第一金-台中,2023-03-29,5382
6235,華孚,15,9,6,第一金-台中,2023-03-29,5382
3703,欣陸,201,30,171,第一金-台中,2023-03-30,5382
3653,健策,101,1,100,第一金-台中,2023-03-30,5382
2402,毅嘉,55,0,55,第一金-台中,2023-03-30,5382
8088,品安,58,9,49,第一金-台中,2023-03-30,5382
1444,力麗,40,0,40,第一金-台中,2023-03-30,5382
2208,台船,39,0,39,第一金-台中,2023-03-30,5382
2344,華邦電,40,7,33,第一金-台中,2023-03-30,5382
2614,東森,31,0,31,第一金-台中,2023-03-30,5382
2457,飛宏,31,4,27,第一金-台中,2023-03-30,5382
3088,艾訊,41,20,21,第一金-台中,2023-03-30,5382
6285,啟��,38,18,20,第一金-台中,2023-03-30,5382
2880,華南金,20,0,20,第一金-台中,2023-03-30,5382
4979,華星光,30,11,19,第一金-台中,2023-03-30,5382
5309,系統電,29,10,19,第一金-台中,2023-03-30,5382
00679B,元大美債20年,17,0,17,第一金-台中,2023-03-30,5382
2867,三商壽,15,0,15,第一金-台中,2023-03-30,5382
00878,國泰永續高股息,39,26,13,第一金-台中,2023-03-30,5382
2609,陽明,14,2,12,第一金-台中,2023-03-30,5382
6229,研通,12,0,12,第一金-台中,2023-03-30,5382
2834,臺企銀,15,4,11,第一金-台中,2023-03-30,5382
2889,國票金,10,0,10,第一金-台中,2023-03-30,5382
00882,中信中國高股息,10,0,10,第一金-台中,2023-03-30,5382
2641,正德,10,0,10,第一金-台中,2023-03-30,5382
2729,瓦城,10,0,10,第一金-台中,2023-03-30,5382
3624,光頡,14,4,10,第一金-台中,2023-03-30,5382
6133,金橋,35,25,10,第一金-台中,2023-03-30,5382
8110,華東,30,20,10,第一金-台中,2023-03-30,5382
3231,緯創,51,41,10,第一金-台中,2023-03-30,5382
2331,精英,9,0,9,第一金-台中,2023-03-30,5382
2748,雲品,16,7,9,第一金-台中,2023-03-30,5382
6282,康舒,9,0,9,第一金-台中,2023-03-30,5382
00922,國泰台灣領袖50,8,0,8,第一金-台中,2023-03-30,5382
6134,萬旭,8,0,8,第一金-台中,2023-03-30,5382
8084,巨虹,8,0,8,第一金-台中,2023-03-30,5382
00662,富邦NASDAQ,8,0,8,第一金-台中,2023-03-30,5382
3682,亞太電,7,0,7,第一金-台中,2023-03-30,5382
2618,長榮航,6,0,6,第一金-台中,2023-03-30,5382
3189,景碩,7,1,6,第一金-台中,2023-03-30,5382
6153,嘉聯益,6,0,6,第一金-台中,2023-03-30,5382
6770,力積電,6,0,6,第一金-台中,2023-03-30,5382
2603,長榮,7,1,6,第一金-台中,2023-03-30,5382
2753,八方雲集,5,0,5,第一金-台中,2023-03-30,5382
8046,南電,16,11,5,第一金-台中,2023-03-30,5382
2353,宏��,5,0,5,第一金-台中,2023-03-30,5382
2368,金像電,5,0,5,第一金-台中,2023-03-30,5382
3563,牧德,5,0,5,第一金-台中,2023-03-30,5382
6477,安集,5,0,5,第一金-台中,2023-03-30,5382
8938,明安,5,0,5,第一金-台中,2023-03-30,5382
3037,欣興,27,22,5,第一金-台中,2023-03-30,5382
1609,大亞,23,19,4,第一金-台中,2023-03-30,5382
2867,三商壽,262,0,262,第一金-台中,2023-03-31,5382
00922,國泰台灣領袖50,157,0,157,第一金-台中,2023-03-31,5382
3576,聯合再生,102,0,102,第一金-台中,2023-03-31,5382
6605,帝寶,58,0,58,第一金-台中,2023-03-31,5382
00772B,中信高評級公司債,50,0,50,第一金-台中,2023-03-31,5382
2344,華邦電,154,113,41,第一金-台中,2023-03-31,5382
00632R,元大台灣50反1,35,2,33,第一金-台中,2023-03-31,5382
5309,系統電,44,15,29,第一金-台中,2023-03-31,5382
3484,崧騰,25,0,25,第一金-台中,2023-03-31,5382
2610,華航,25,2,23,第一金-台中,2023-03-31,5382
2615,萬海,22,0,22,第一金-台中,2023-03-31,5382
5608,四維航,25,10,15,第一金-台中,2023-03-31,5382
6229,研通,16,1,15,第一金-台中,2023-03-31,5382
3046,建��,17,3,14,第一金-台中,2023-03-31,5382
1605,華新,14,1,13,第一金-台中,2023-03-31,5382
1529,樂事綠能,11,0,11,第一金-台中,2023-03-31,5382
1710,東聯,14,3,11,第一金-台中,2023-03-31,5382
2302,麗正,14,3,11,第一金-台中,2023-03-31,5382
2412,中華電,10,0,10,第一金-台中,2023-03-31,5382
6776,展�眥篕�,10,0,10,第一金-台中,2023-03-31,5382
2337,旺宏,12,3,9,第一金-台中,2023-03-31,5382
8289,泰藝,9,0,9,第一金-台中,2023-03-31,5382
00662,富邦NASDAQ,8,0,8,第一金-台中,2023-03-31,5382
2025,千興,8,0,8,第一金-台中,2023-03-31,5382
6288,聯嘉,48,40,8,第一金-台中,2023-03-31,5382
8050,廣積,14,6,8,第一金-台中,2023-03-31,5382
2329,華泰,10,3,7,第一金-台中,2023-03-31,5382
8227,巨有科技,7,1,6,第一金-台中,2023-03-31,5382
00915,凱基優選高股息30,6,0,6,第一金-台中,2023-03-31,5382
3088,艾訊,6,0,6,第一金-台中,2023-03-31,5382
2371,大同,8,2,6,第一金-台中,2023-03-31,5382
1789,神隆,5,0,5,第一金-台中,2023-03-31,5382
3518,柏騰,6,1,5,第一金-台中,2023-03-31,5382
6120,達運,5,0,5,第一金-台中,2023-03-31,5382
6129,普誠,5,0,5,第一金-台中,2023-03-31,5382
6152,百一,5,0,5,第一金-台中,2023-03-31,5382
6491,晶碩,5,0,5,第一金-台中,2023-03-31,5382
6733,博晟生醫,5,0,5,第一金-台中,2023-03-31,5382
9105,泰金寶-DR,5,0,5,第一金-台中,2023-03-31,5382
1314,中石化,4,0,4,第一金-台中,2023-03-31,5382
00885,富邦越南,4,0,4,第一金-台中,2023-03-31,5382
00651R,復華香港反1,34,30,4,第一金-台中,2023-03-31,5382
1541,錩泰,4,0,4,第一金-台中,2023-03-31,5382
1609,大亞,36,32,4,第一金-台中,2023-03-31,5382
3162,精確,5,1,4,第一金-台中,2023-03-31,5382
5410,國眾,4,0,4,第一金-台中,2023-03-31,5382
6111,大宇資,21,17,4,第一金-台中,2023-03-31,5382
8105,凌巨,4,0,4,第一金-台中,2023-03-31,5382
2890,永豐金,3,0,3,第一金-台中,2023-03-31,5382
3711,日月光投控,3,0,3,第一金-台中,2023-03-31,5382
00632R,元大台灣50反1,600,30,570,第一金-台中,2023-04-06,5382
2457,飛宏,106,8,98,第一金-台中,2023-04-06,5382
3406,玉晶光,66,2,64,第一金-台中,2023-04-06,5382
3576,聯合再生,53,0,53,第一金-台中,2023-04-06,5382
5521,工信,50,0,50,第一金-台中,2023-04-06,5382
6227,茂綸,50,0,50,第一金-台中,2023-04-06,5382
3231,緯創,42,7,35,第一金-台中,2023-04-06,5382
3272,東碩,34,0,34,第一金-台中,2023-04-06,5382
2834,臺企銀,30,0,30,第一金-台中,2023-04-06,5382
00679B,元大美債20年,35,6,29,第一金-台中,2023-04-06,5382
3025,星通,30,1,29,第一金-台中,2023-04-06,5382
2342,茂矽,31,2,29,第一金-台中,2023-04-06,5382
6548,長科*,35,6,29,第一金-台中,2023-04-06,5382
2344,華邦電,32,6,26,第一金-台中,2023-04-06,5382
1795,美時,34,9,25,第一金-台中,2023-04-06,5382
3013,晟銘電,25,0,25,第一金-台中,2023-04-06,5382
00830,國泰費城半導體,20,0,20,第一金-台中,2023-04-06,5382
2851,中再保,20,0,20,第一金-台中,2023-04-06,5382
8069,元太,19,1,18,第一金-台中,2023-04-06,5382
2436,偉詮電,30,14,16,第一金-台中,2023-04-06,5382
00662,富邦NASDAQ,14,0,14,第一金-台中,2023-04-06,5382
1319,東陽,14,0,14,第一金-台中,2023-04-06,5382
2453,凌群,21,7,14,第一金-台中,2023-04-06,5382
1783,和康生,12,0,12,第一金-台中,2023-04-06,5382
5309,系統電,34,22,12,第一金-台中,2023-04-06,5382
2454,聯發科,12,0,12,第一金-台中,2023-04-06,5382
00881,國泰台灣5G+,11,0,11,第一金-台中,2023-04-06,5382
2208,台船,20,9,11,第一金-台中,2023-04-06,5382
6197,佳必琪,10,0,10,第一金-台中,2023-04-06,5382
9919,康那香,10,0,10,第一金-台中,2023-04-06,5382
00772B,中信高評級公司債,12,2,10,第一金-台中,2023-04-06,5382
3484,崧騰,9,0,9,第一金-台中,2023-04-06,5382
00633L,富邦上証正2,9,0,9,第一金-台中,2023-04-06,5382
00922,國泰台灣領袖50,9,0,9,第一金-台中,2023-04-06,5382
2413,環科,10,1,9,第一金-台中,2023-04-06,5382
3081,聯亞,9,0,9,第一金-台中,2023-04-06,5382
6229,研通,9,0,9,第一金-台中,2023-04-06,5382
8433,弘帆,8,0,8,第一金-台中,2023-04-06,5382
3005,神基,8,0,8,第一金-台中,2023-04-06,5382
1609,大亞,40,32,8,第一金-台中,2023-04-06,5382
00882,中信中國高股息,7,0,7,第一金-台中,2023-04-06,5382
00637L,元大滬深300正2,7,0,7,第一金-台中,2023-04-06,5382
2408,南亞科,7,0,7,第一金-台中,2023-04-06,5382
3594,磐儀,15,8,7,第一金-台中,2023-04-06,5382
6271,同欣電,7,0,7,第一金-台中,2023-04-06,5382
1218,泰山,9,2,7,第一金-台中,2023-04-06,5382
00712,復華富時不動產,7,0,7,第一金-台中,2023-04-06,5382
1503,士電,6,0,6,第一金-台中,2023-04-06,5382
2201,裕隆,11,5,6,第一金-台中,2023-04-06,5382
2606,裕民,10,4,6,第一金-台中,2023-04-06,5382
00637L,元大滬深300正2,310,15,295,第一金-台中,2023-04-07,5382
00632R,元大台灣50反1,100,0,100,第一金-台中,2023-04-07,5382
2867,三商壽,83,1,82,第一金-台中,2023-04-07,5382
2208,台船,58,0,58,第一金-台中,2023-04-07,5382
2457,飛宏,79,23,56,第一金-台中,2023-04-07,5382
2453,凌群,40,0,40,第一金-台中,2023-04-07,5382
6861,睿生光電,35,0,35,第一金-台中,2023-04-07,5382
5222,全訊,41,7,34,第一金-台中,2023-04-07,5382
3081,聯亞,31,0,31,第一金-台中,2023-04-07,5382
3484,崧騰,29,0,29,第一金-台中,2023-04-07,5382
00662,富邦NASDAQ,26,0,26,第一金-台中,2023-04-07,5382
2886,兆豐金,21,0,21,第一金-台中,2023-04-07,5382
00830,國泰費城半導體,21,0,21,第一金-台中,2023-04-07,5382
2618,長榮航,21,1,20,第一金-台中,2023-04-07,5382
1504,東元,61,41,20,第一金-台中,2023-04-07,5382
1809,中釉,20,0,20,第一金-台中,2023-04-07,5382
9919,康那香,20,0,20,第一金-台中,2023-04-07,5382
00712,復華富時不動產,20,0,20,第一金-台中,2023-04-07,5382
1783,和康生,19,0,19,第一金-台中,2023-04-07,5382
4979,華星光,18,0,18,第一金-台中,2023-04-07,5382
4967,十銓,47,30,17,第一金-台中,2023-04-07,5382
1524,耿鼎,16,1,15,第一金-台中,2023-04-07,5382
4564,元翎,16,1,15,第一金-台中,2023-04-07,5382
6683,雍智科技,15,0,15,第一金-台中,2023-04-07,5382
6244,茂迪,21,8,13,第一金-台中,2023-04-07,5382
2482,連宇,20,7,13,第一金-台中,2023-04-07,5382
00665L,富邦�琤肭磪囓�2,12,0,12,第一金-台中,2023-04-07,5382
5410,國眾,11,0,11,第一金-台中,2023-04-07,5382
6485,點序,11,0,11,第一金-台中,2023-04-07,5382
6732,昇佳電子,10,0,10,第一金-台中,2023-04-07,5382
4977,眾達-KY,20,11,9,第一金-台中,2023-04-07,5382
1514,亞力,12,3,9,第一金-台中,2023-04-07,5382
6235,華孚,37,28,9,第一金-台中,2023-04-07,5382
8289,泰藝,9,0,9,第一金-台中,2023-04-07,5382
2603,長榮,12,4,8,第一金-台中,2023-04-07,5382
3714,富采,8,0,8,第一金-台中,2023-04-07,5382
6753,龍德造船,7,0,7,第一金-台中,2023-04-07,5382
3236,千如,11,4,7,第一金-台中,2023-04-07,5382
9921,巨大,7,0,7,第一金-台中,2023-04-07,5382
00888,永豐台灣ESG,6,0,6,第一金-台中,2023-04-07,5382
00885,富邦越南,6,0,6,第一金-台中,2023-04-07,5382
1709,和益,6,0,6,第一金-台中,2023-04-07,5382
2485,兆赫,6,0,6,第一金-台中,2023-04-07,5382
2636,台驊控股,6,0,6,第一金-台中,2023-04-07,5382
5009,榮剛,7,1,6,第一金-台中,2023-04-07,5382
6163,華電網,6,0,6,第一金-台中,2023-04-07,5382
6282,康舒,7,1,6,第一金-台中,2023-04-07,5382
6531,愛普*,15,9,6,第一金-台中,2023-04-07,5382
00772B,中信高評級公司債,5,0,5,第一金-台中,2023-04-07,5382
2312,金寶,5,0,5,第一金-台中,2023-04-07,5382
2427,三商電,151,1,150,第一金-台中,2023-04-10,5382
3441,聯一光,137,25,112,第一金-台中,2023-04-10,5382
2497,怡利電,69,7,62,第一金-台中,2023-04-10,5382
00673R,期元大S＆P原油反1,53,0,53,第一金-台中,2023-04-10,5382
3046,建��,62,12,50,第一金-台中,2023-04-10,5382
6148,驊宏資,50,0,50,第一金-台中,2023-04-10,5382
2402,毅嘉,63,17,46,第一金-台中,2023-04-10,5382
1504,東元,51,18,33,第一金-台中,2023-04-10,5382
00662,富邦NASDAQ,37,5,32,第一金-台中,2023-04-10,5382
3029,零壹,31,0,31,第一金-台中,2023-04-10,5382
6160,欣技,29,0,29,第一金-台中,2023-04-10,5382
00679B,元大美債20年,25,4,21,第一金-台中,2023-04-10,5382
1313,聯成,20,0,20,第一金-台中,2023-04-10,5382
4163,鐿鈦,20,0,20,第一金-台中,2023-04-10,5382
8201,無敵,22,3,19,第一金-台中,2023-04-10,5382
5425,台半,25,9,16,第一金-台中,2023-04-10,5382
3207,耀勝,15,0,15,第一金-台中,2023-04-10,5382
5328,華容,15,0,15,第一金-台中,2023-04-10,5382
3715,定穎投控,26,11,15,第一金-台中,2023-04-10,5382
1605,華新,15,1,14,第一金-台中,2023-04-10,5382
2208,台船,14,0,14,第一金-台中,2023-04-10,5382
3479,安勤,15,1,14,第一金-台中,2023-04-10,5382
2867,三商壽,13,1,12,第一金-台中,2023-04-10,5382
00772B,中信高評級公司債,11,0,11,第一金-台中,2023-04-10,5382
2889,國票金,10,0,10,第一金-台中,2023-04-10,5382
3017,奇鋐,12,2,10,第一金-台中,2023-04-10,5382
6227,茂綸,10,0,10,第一金-台中,2023-04-10,5382
8289,泰藝,10,0,10,第一金-台中,2023-04-10,5382
6209,今國光,30,21,9,第一金-台中,2023-04-10,5382
2492,華新科,9,1,8,第一金-台中,2023-04-10,5382
4995,晶達,8,0,8,第一金-台中,2023-04-10,5382
00712,復華富時不動產,7,0,7,第一金-台中,2023-04-10,5382
00888,永豐台灣ESG,7,0,7,第一金-台中,2023-04-10,5382
00922,國泰台灣領袖50,12,5,7,第一金-台中,2023-04-10,5382
00751B,元大AAA至A公司債,7,0,7,第一金-台中,2023-04-10,5382
5475,德宏,7,0,7,第一金-台中,2023-04-10,5382
00720B,元大投資級公司債,6,0,6,第一金-台中,2023-04-10,5382
00715L,期街口布蘭特正2,11,5,6,第一金-台中,2023-04-10,5382
00637L,元大滬深300正2,8,2,6,第一金-台中,2023-04-10,5382
2618,長榮航,6,0,6,第一金-台中,2023-04-10,5382
3035,智原,26,20,6,第一金-台中,2023-04-10,5382
6133,金橋,6,0,6,第一金-台中,2023-04-10,5382
6173,信昌電,11,5,6,第一金-台中,2023-04-10,5382
4967,十銓,14,8,6,第一金-台中,2023-04-10,5382
1310,台苯,5,0,5,第一金-台中,2023-04-10,5382
1789,神隆,5,0,5,第一金-台中,2023-04-10,5382
2230,泰茂,6,1,5,第一金-台中,2023-04-10,5382
2515,中工,5,0,5,第一金-台中,2023-04-10,5382
2545,皇翔,5,0,5,第一金-台中,2023-04-10,5382
2891,中信金,5,0,5,第一金-台中,2023-04-10,5382
00632R,元大台灣50反1,200,0,200,第一金-台中,2023-04-11,5382
3032,偉訓,86,2,84,第一金-台中,2023-04-11,5382
1444,力麗,51,0,51,第一金-台中,2023-04-11,5382
5328,華容,50,0,50,第一金-台中,2023-04-11,5382
2457,飛宏,67,17,50,第一金-台中,2023-04-11,5382
0056,元大高股息,52,3,49,第一金-台中,2023-04-11,5382
2443,昶虹,49,0,49,第一金-台中,2023-04-11,5382
2867,三商壽,53,5,48,第一金-台中,2023-04-11,5382
6111,大宇資,47,0,47,第一金-台中,2023-04-11,5382
2331,精英,40,0,40,第一金-台中,2023-04-11,5382
2453,凌群,40,0,40,第一金-台中,2023-04-11,5382
4973,廣穎,40,0,40,第一金-台中,2023-04-11,5382
00673R,期元大S＆P原油反1,20,0,20,第一金-台中,2023-04-11,5382
1612,宏泰,20,0,20,第一金-台中,2023-04-11,5382
00878,國泰永續高股息,62,43,19,第一金-台中,2023-04-11,5382
00712,復華富時不動產,29,10,19,第一金-台中,2023-04-11,5382
2231,為升,16,0,16,第一金-台中,2023-04-11,5382
2486,一詮,16,0,16,第一金-台中,2023-04-11,5382
3228,金麗科,18,2,16,第一金-台中,2023-04-11,5382
2344,華邦電,36,22,14,第一金-台中,2023-04-11,5382
5410,國眾,12,0,12,第一金-台中,2023-04-11,5382
00720B,元大投資級公司債,11,0,11,第一金-台中,2023-04-11,5382
6223,旺矽,11,1,10,第一金-台中,2023-04-11,5382
00885,富邦越南,10,0,10,第一金-台中,2023-04-11,5382
00772B,中信高評級公司債,10,0,10,第一金-台中,2023-04-11,5382
1313,聯成,10,0,10,第一金-台中,2023-04-11,5382
1533,車王電,10,0,10,第一金-台中,2023-04-11,5382
2023,燁輝,10,0,10,第一金-台中,2023-04-11,5382
2633,台灣高鐵,10,0,10,第一金-台中,2023-04-11,5382
3491,昇達科,10,0,10,第一金-台中,2023-04-11,5382
3663,鑫科,10,0,10,第一金-台中,2023-04-11,5382
4126,太醫,10,0,10,第一金-台中,2023-04-11,5382
4533,協易機,10,0,10,第一金-台中,2023-04-11,5382
5353,台林,10,0,10,第一金-台中,2023-04-11,5382
5864,致和證,10,0,10,第一金-台中,2023-04-11,5382
6023,元大期,10,0,10,第一金-台中,2023-04-11,5382
8101,華冠,10,0,10,第一金-台中,2023-04-11,5382
8261,富鼎,11,2,9,第一金-台中,2023-04-11,5382
2497,怡利電,8,0,8,第一金-台中,2023-04-11,5382
3441,聯一光,24,16,8,第一金-台中,2023-04-11,5382
3715,定穎投控,26,18,8,第一金-台中,2023-04-11,5382
4541,晟田,9,1,8,第一金-台中,2023-04-11,5382
2338,光罩,7,0,7,第一金-台中,2023-04-11,5382
3673,TPK-KY,9,2,7,第一金-台中,2023-04-11,5382
6140,訊達,7,0,7,第一金-台中,2023-04-11,5382
6732,昇佳電子,10,3,7,第一金-台中,2023-04-11,5382
2483,百容,6,0,6,第一金-台中,2023-04-11,5382
00664R,國泰臺灣加權反1,6,0,6,第一金-台中,2023-04-11,5382
00662,富邦NASDAQ,6,0,6,第一金-台中,2023-04-11,5382
00679B,元大美債20年,7,1,6,第一金-台中,2023-04-11,5382
2634,漢翔,193,29,164,第一金-台中,2023-04-12,5382
2206,三陽工業,126,2,124,第一金-台中,2023-04-12,5382
3027,盛達,127,52,75,第一金-台中,2023-04-12,5382
3715,定穎投控,77,4,73,第一金-台中,2023-04-12,5382
5009,榮剛,73,6,67,第一金-台中,2023-04-12,5382
1584,精剛,65,3,62,第一金-台中,2023-04-12,5382
6234,高僑,50,3,47,第一金-台中,2023-04-12,5382
1504,東元,52,7,45,第一金-台中,2023-04-12,5382
8926,台汽電,44,5,39,第一金-台中,2023-04-12,5382
1514,亞力,45,12,33,第一金-台中,2023-04-12,5382
00673R,期元大S＆P原油反1,51,20,31,第一金-台中,2023-04-12,5382
8277,商丞,30,0,30,第一金-台中,2023-04-12,5382
1609,大亞,54,25,29,第一金-台中,2023-04-12,5382
2834,臺企銀,30,2,28,第一金-台中,2023-04-12,5382
6223,旺矽,31,5,26,第一金-台中,2023-04-12,5382
6129,普誠,27,3,24,第一金-台中,2023-04-12,5382
6148,驊宏資,26,2,24,第一金-台中,2023-04-12,5382
3518,柏騰,23,0,23,第一金-台中,2023-04-12,5382
2603,長榮,26,3,23,第一金-台中,2023-04-12,5382
2457,飛宏,90,68,22,第一金-台中,2023-04-12,5382
2330,台積電,22,0,22,第一金-台中,2023-04-12,5382
1442,名軒,20,0,20,第一金-台中,2023-04-12,5382
2497,怡利電,20,1,19,第一金-台中,2023-04-12,5382
00902,中信電池及儲能,17,0,17,第一金-台中,2023-04-12,5382
1789,神隆,16,0,16,第一金-台中,2023-04-12,5382
00662,富邦NASDAQ,15,0,15,第一金-台中,2023-04-12,5382
6265,方土昶,20,5,15,第一金-台中,2023-04-12,5382
3617,碩天,15,1,14,第一金-台中,2023-04-12,5382
2609,陽明,35,21,14,第一金-台中,2023-04-12,5382
2344,華邦電,14,2,12,第一金-台中,2023-04-12,5382
3540,曜越,12,0,12,第一金-台中,2023-04-12,5382
00679B,元大美債20年,11,0,11,第一金-台中,2023-04-12,5382
00892,富邦台灣半導體,11,0,11,第一金-台中,2023-04-12,5382
4934,太極,11,0,11,第一金-台中,2023-04-12,5382
0056,元大高股息,11,0,11,第一金-台中,2023-04-12,5382
00720B,元大投資級公司債,11,0,11,第一金-台中,2023-04-12,5382
00772B,中信高評級公司債,10,0,10,第一金-台中,2023-04-12,5382
1453,大將,10,0,10,第一金-台中,2023-04-12,5382
1802,台玻,10,0,10,第一金-台中,2023-04-12,5382
2915,潤泰全,10,0,10,第一金-台中,2023-04-12,5382
4126,太醫,10,0,10,第一金-台中,2023-04-12,5382
4977,眾達-KY,20,10,10,第一金-台中,2023-04-12,5382
6282,康舒,10,0,10,第一金-台中,2023-04-12,5382
6690,安�硌穈T,10,0,10,第一金-台中,2023-04-12,5382
1605,華新,18,9,9,第一金-台中,2023-04-12,5382
3162,精確,10,1,9,第一金-台中,2023-04-12,5382
6233,旺玖,10,1,9,第一金-台中,2023-04-12,5382
6531,愛普*,19,10,9,第一金-台中,2023-04-12,5382
8069,元太,11,3,8,第一金-台中,2023-04-12,5382
1611,中電,8,0,8,第一金-台中,2023-04-12,5382
1444,力麗,150,0,150,第一金-台中,2023-04-13,5382
2515,中工,213,94,119,第一金-台中,2023-04-13,5382
2105,正新,102,0,102,第一金-台中,2023-04-13,5382
3406,玉晶光,101,1,100,第一金-台中,2023-04-13,5382
2208,台船,114,22,92,第一金-台中,2023-04-13,5382
4541,晟田,115,42,73,第一金-台中,2023-04-13,5382
00673R,期元大S＆P原油反1,52,0,52,第一金-台中,2023-04-13,5382
3025,星通,52,1,51,第一金-台中,2023-04-13,5382
2630,亞航,50,1,49,第一金-台中,2023-04-13,5382
8222,寶一,72,27,45,第一金-台中,2023-04-13,5382
3708,上緯投控,49,6,43,第一金-台中,2023-04-13,5382
00830,國泰費城半導體,32,0,32,第一金-台中,2023-04-13,5382
00878,國泰永續高股息,55,25,30,第一金-台中,2023-04-13,5382
1810,和成,58,28,30,第一金-台中,2023-04-13,5382
1605,華新,41,12,29,第一金-台中,2023-04-13,5382
2206,三陽工業,36,11,25,第一金-台中,2023-04-13,5382
1503,士電,30,8,22,第一金-台中,2023-04-13,5382
00632R,元大台灣50反1,20,0,20,第一金-台中,2023-04-13,5382
00712,復華富時不動產,30,10,20,第一金-台中,2023-04-13,5382
2331,精英,20,0,20,第一金-台中,2023-04-13,5382
3484,崧騰,20,0,20,第一金-台中,2023-04-13,5382
5258,虹堡,22,2,20,第一金-台中,2023-04-13,5382
5864,致和證,20,0,20,第一金-台中,2023-04-13,5382
7402,邑錡,20,0,20,第一金-台中,2023-04-13,5382
3576,聯合再生,27,10,17,第一金-台中,2023-04-13,5382
3714,富采,19,2,17,第一金-台中,2023-04-13,5382
1514,亞力,38,22,16,第一金-台中,2023-04-13,5382
00888,永豐台灣ESG,14,0,14,第一金-台中,2023-04-13,5382
1460,宏遠,14,0,14,第一金-台中,2023-04-13,5382
9942,茂順,14,0,14,第一金-台中,2023-04-13,5382
3231,緯創,14,1,13,第一金-台中,2023-04-13,5382
2330,台積電,14,2,12,第一金-台中,2023-04-13,5382
00772B,中信高評級公司債,12,0,12,第一金-台中,2023-04-13,5382
5351,鈺創,13,2,11,第一金-台中,2023-04-13,5382
4572,駐龍,11,0,11,第一金-台中,2023-04-13,5382
6182,合晶,12,1,11,第一金-台中,2023-04-13,5382
3228,金麗科,11,1,10,第一金-台中,2023-04-13,5382
2211,長榮鋼,10,0,10,第一金-台中,2023-04-13,5382
5410,國眾,10,0,10,第一金-台中,2023-04-13,5382
8255,朋程,10,0,10,第一金-台中,2023-04-13,5382
4919,新唐,11,2,9,第一金-台中,2023-04-13,5382
1513,中興電,29,20,9,第一金-台中,2023-04-13,5382
3169,亞信,12,3,9,第一金-台中,2023-04-13,5382
1529,樂事綠能,10,1,9,第一金-台中,2023-04-13,5382
1519,華城,12,3,9,第一金-台中,2023-04-13,5382
6285,啟��,9,1,8,第一金-台中,2023-04-13,5382
00720B,元大投資級公司債,11,4,7,第一金-台中,2023-04-13,5382
00679B,元大美債20年,7,0,7,第一金-台中,2023-04-13,5382
8033,雷虎,7,0,7,第一金-台中,2023-04-13,5382
8085,福華,7,0,7,第一金-台中,2023-04-13,5382
3062,建漢,98,3,95,第一金-台中,2023-04-14,5382
1444,力麗,60,1,59,第一金-台中,2023-04-14,5382
3701,大眾控,76,24,52,第一金-台中,2023-04-14,5382
4433,興采,50,0,50,第一金-台中,2023-04-14,5382
1513,中興電,32,2,30,第一金-台中,2023-04-14,5382
2885,元大金,30,0,30,第一金-台中,2023-04-14,5382
1504,東元,48,19,29,第一金-台中,2023-04-14,5382
2609,陽明,54,27,27,第一金-台中,2023-04-14,5382
2634,漢翔,70,44,26,第一金-台中,2023-04-14,5382
1584,精剛,48,23,25,第一金-台中,2023-04-14,5382
2630,亞航,130,105,25,第一金-台中,2023-04-14,5382
2402,毅嘉,71,47,24,第一金-台中,2023-04-14,5382
2515,中工,54,32,22,第一金-台中,2023-04-14,5382
5403,中菲,20,0,20,第一金-台中,2023-04-14,5382
3479,安勤,20,2,18,第一金-台中,2023-04-14,5382
2603,長榮,22,4,18,第一金-台中,2023-04-14,5382
1789,神隆,23,6,17,第一金-台中,2023-04-14,5382
3673,TPK-KY,21,5,16,第一金-台中,2023-04-14,5382
2399,映泰,15,0,15,第一金-台中,2023-04-14,5382
2312,金寶,14,0,14,第一金-台中,2023-04-14,5382
6770,力積電,15,1,14,第一金-台中,2023-04-14,5382
00772B,中信高評級公司債,13,0,13,第一金-台中,2023-04-14,5382
00720B,元大投資級公司債,13,0,13,第一金-台中,2023-04-14,5382
3026,禾伸堂,13,0,13,第一金-台中,2023-04-14,5382
00885,富邦越南,12,0,12,第一金-台中,2023-04-14,5382
3680,家登,12,0,12,第一金-台中,2023-04-14,5382
3714,富采,13,1,12,第一金-台中,2023-04-14,5382
7402,邑錡,33,21,12,第一金-台中,2023-04-14,5382
1525,江申,11,0,11,第一金-台中,2023-04-14,5382
2615,萬海,18,7,11,第一金-台中,2023-04-14,5382
6217,中探針,11,0,11,第一金-台中,2023-04-14,5382
1319,東陽,10,0,10,第一金-台中,2023-04-14,5382
1611,中電,10,0,10,第一金-台中,2023-04-14,5382
3628,盈正,10,0,10,第一金-台中,2023-04-14,5382
3711,日月光投控,10,0,10,第一金-台中,2023-04-14,5382
4580,捷流閥業,10,0,10,第一金-台中,2023-04-14,5382
4916,事欣科,14,4,10,第一金-台中,2023-04-14,5382
2382,廣達,9,0,9,第一金-台中,2023-04-14,5382
1720,生達,10,1,9,第一金-台中,2023-04-14,5382
2497,怡利電,11,2,9,第一金-台中,2023-04-14,5382
3704,合勤控,9,0,9,第一金-台中,2023-04-14,5382
2413,環科,9,0,9,第一金-台中,2023-04-14,5382
00728,第一金工業30,8,0,8,第一金-台中,2023-04-14,5382
3693,營邦,15,7,8,第一金-台中,2023-04-14,5382
4114,健喬,11,3,8,第一金-台中,2023-04-14,5382
6116,彩晶,11,3,8,第一金-台中,2023-04-14,5382
8097,常珵,9,1,8,第一金-台中,2023-04-14,5382
2457,飛宏,152,144,8,第一金-台中,2023-04-14,5382
1305,華夏,7,0,7,第一金-台中,2023-04-14,5382
3484,崧騰,7,0,7,第一金-台中,2023-04-14,5382
2515,中工,215,137,78,第一金-台中,2023-04-17,5382
00679B,元大美債20年,67,0,67,第一金-台中,2023-04-17,5382
3481,群創,103,39,64,第一金-台中,2023-04-17,5382
3058,立德,51,1,50,第一金-台中,2023-04-17,5382
6209,今國光,50,3,47,第一金-台中,2023-04-17,5382
2332,友訊,40,0,40,第一金-台中,2023-04-17,5382
1219,福壽,30,0,30,第一金-台中,2023-04-17,5382
1319,東陽,30,0,30,第一金-台中,2023-04-17,5382
5328,華容,30,0,30,第一金-台中,2023-04-17,5382
6179,亞通,28,0,28,第一金-台中,2023-04-17,5382
3046,建��,55,27,28,第一金-台中,2023-04-17,5382
6234,高僑,39,11,28,第一金-台中,2023-04-17,5382
1432,大魯閣,25,0,25,第一金-台中,2023-04-17,5382
6235,華孚,147,123,24,第一金-台中,2023-04-17,5382
1444,力麗,24,2,22,第一金-台中,2023-04-17,5382
1584,精剛,24,2,22,第一金-台中,2023-04-17,5382
2331,精英,20,0,20,第一金-台中,2023-04-17,5382
3078,僑威,46,26,20,第一金-台中,2023-04-17,5382
3710,連展投控,20,0,20,第一金-台中,2023-04-17,5382
2610,華航,46,27,19,第一金-台中,2023-04-17,5382
00712,復華富時不動產,17,0,17,第一金-台中,2023-04-17,5382
6282,康舒,29,12,17,第一金-台中,2023-04-17,5382
4129,聯合,16,0,16,第一金-台中,2023-04-17,5382
2618,長榮航,71,56,15,第一金-台中,2023-04-17,5382
5009,榮剛,23,8,15,第一金-台中,2023-04-17,5382
2634,漢翔,114,100,14,第一金-台中,2023-04-17,5382
4114,健喬,19,5,14,第一金-台中,2023-04-17,5382
5464,霖宏,13,0,13,第一金-台中,2023-04-17,5382
3715,定穎投控,12,0,12,第一金-台中,2023-04-17,5382
6789,采鈺,12,0,12,第一金-台中,2023-04-17,5382
2707,晶華,19,7,12,第一金-台中,2023-04-17,5382
00830,國泰費城半導體,10,0,10,第一金-台中,2023-04-17,5382
1445,大宇,10,0,10,第一金-台中,2023-04-17,5382
1519,華城,18,8,10,第一金-台中,2023-04-17,5382
2380,虹光,10,0,10,第一金-台中,2023-04-17,5382
2838,聯邦銀,10,0,10,第一金-台中,2023-04-17,5382
3138,耀登,12,2,10,第一金-台中,2023-04-17,5382
4744,皇將,10,0,10,第一金-台中,2023-04-17,5382
6231,系微,10,0,10,第一金-台中,2023-04-17,5382
2454,聯發科,11,2,9,第一金-台中,2023-04-17,5382
2002,中鋼,9,0,9,第一金-台中,2023-04-17,5382
1504,東元,9,1,8,第一金-台中,2023-04-17,5382
1541,錩泰,8,0,8,第一金-台中,2023-04-17,5382
3006,晶豪科,11,3,8,第一金-台中,2023-04-17,5382
3441,聯一光,18,10,8,第一金-台中,2023-04-17,5382
2883,凱基金,8,1,7,第一金-台中,2023-04-17,5382
00664R,國泰臺灣加權反1,7,0,7,第一金-台中,2023-04-17,5382
1471,首利,10,3,7,第一金-台中,2023-04-17,5382
2748,雲品,11,4,7,第一金-台中,2023-04-17,5382
8271,宇瞻,7,0,7,第一金-台中,2023-04-17,5382
00637L,元大滬深300正2,150,1,149,第一金-台中,2023-04-18,5382
2867,三商壽,106,3,103,第一金-台中,2023-04-18,5382
8033,雷虎,128,47,81,第一金-台中,2023-04-18,5382
2457,飛宏,286,221,65,第一金-台中,2023-04-18,5382
2206,三陽工業,58,2,56,第一金-台中,2023-04-18,5382
3576,聯合再生,50,13,37,第一金-台中,2023-04-18,5382
2482,連宇,28,0,28,第一金-台中,2023-04-18,5382
6217,中探針,30,2,28,第一金-台中,2023-04-18,5382
00679B,元大美債20年,28,0,28,第一金-台中,2023-04-18,5382
00878,國泰永續高股息,27,0,27,第一金-台中,2023-04-18,5382
00720B,元大投資級公司債,25,0,25,第一金-台中,2023-04-18,5382
2453,凌群,33,8,25,第一金-台中,2023-04-18,5382
1541,錩泰,23,0,23,第一金-台中,2023-04-18,5382
3481,群創,41,18,23,第一金-台中,2023-04-18,5382
6235,華孚,34,12,22,第一金-台中,2023-04-18,5382
3231,緯創,23,1,22,第一金-台中,2023-04-18,5382
9945,潤泰新,21,0,21,第一金-台中,2023-04-18,5382
1605,華新,28,7,21,第一金-台中,2023-04-18,5382
8210,勤誠,21,1,20,第一金-台中,2023-04-18,5382
1529,樂事綠能,49,30,19,第一金-台中,2023-04-18,5382
2492,華新科,19,0,19,第一金-台中,2023-04-18,5382
3221,台嘉碩,18,0,18,第一金-台中,2023-04-18,5382
2382,廣達,16,0,16,第一金-台中,2023-04-18,5382
00673R,期元大S＆P原油反1,16,0,16,第一金-台中,2023-04-18,5382
6668,中揚光,15,0,15,第一金-台中,2023-04-18,5382
9907,統一實,15,0,15,第一金-台中,2023-04-18,5382
2405,輔信,14,0,14,第一金-台中,2023-04-18,5382
5410,國眾,13,0,13,第一金-台中,2023-04-18,5382
3056,富華新,12,0,12,第一金-台中,2023-04-18,5382
3491,昇達科,14,2,12,第一金-台中,2023-04-18,5382
6244,茂迪,24,13,11,第一金-台中,2023-04-18,5382
2471,資通,13,2,11,第一金-台中,2023-04-18,5382
2883,凱基金,10,0,10,第一金-台中,2023-04-18,5382
1731,美吾華,10,0,10,第一金-台中,2023-04-18,5382
3710,連展投控,10,0,10,第一金-台中,2023-04-18,5382
5465,富驊,17,7,10,第一金-台中,2023-04-18,5382
6282,康舒,11,1,10,第一金-台中,2023-04-18,5382
8054,安國,10,0,10,第一金-台中,2023-04-18,5382
8926,台汽電,32,22,10,第一金-台中,2023-04-18,5382
3032,偉訓,8,0,8,第一金-台中,2023-04-18,5382
6271,同欣電,8,0,8,第一金-台中,2023-04-18,5382
6142,友勁,8,0,8,第一金-台中,2023-04-18,5382
00891,中信關鍵半導體,8,0,8,第一金-台中,2023-04-18,5382
00662,富邦NASDAQ,7,0,7,第一金-台中,2023-04-18,5382
1504,東元,14,7,7,第一金-台中,2023-04-18,5382
2812,台中銀,7,0,7,第一金-台中,2023-04-18,5382
2890,永豐金,7,0,7,第一金-台中,2023-04-18,5382
3362,先進光,7,0,7,第一金-台中,2023-04-18,5382
6191,精成科,7,0,7,第一金-台中,2023-04-18,5382
6603,富強鑫,7,0,7,第一金-台中,2023-04-18,5382
3576,聯合再生,124,4,120,第一金-台中,2023-04-19,5382
2314,台揚,55,0,55,第一金-台中,2023-04-19,5382
4908,前鼎,50,0,50,第一金-台中,2023-04-19,5382
00882,中信中國高股息,50,2,48,第一金-台中,2023-04-19,5382
6477,安集,96,52,44,第一金-台中,2023-04-19,5382
6282,康舒,77,35,42,第一金-台中,2023-04-19,5382
3058,立德,41,1,40,第一金-台中,2023-04-19,5382
1609,大亞,47,8,39,第一金-台中,2023-04-19,5382
2515,中工,68,35,33,第一金-台中,2023-04-19,5382
2208,台船,48,17,31,第一金-台中,2023-04-19,5382
1513,中興電,33,6,27,第一金-台中,2023-04-19,5382
2385,群光,25,0,25,第一金-台中,2023-04-19,5382
6182,合晶,25,2,23,第一金-台中,2023-04-19,5382
4147,中裕,38,16,22,第一金-台中,2023-04-19,5382
4566,時碩工業,21,0,21,第一金-台中,2023-04-19,5382
00888,永豐台灣ESG,20,0,20,第一金-台中,2023-04-19,5382
2356,英業達,21,1,20,第一金-台中,2023-04-19,5382
2406,國碩,22,2,20,第一金-台中,2023-04-19,5382
1101,台泥,21,2,19,第一金-台中,2023-04-19,5382
2376,技嘉,20,1,19,第一金-台中,2023-04-19,5382
8201,無敵,18,0,18,第一金-台中,2023-04-19,5382
1783,和康生,20,3,17,第一金-台中,2023-04-19,5382
2601,益航,16,0,16,第一金-台中,2023-04-19,5382
4979,華星光,31,15,16,第一金-台中,2023-04-19,5382
4919,新唐,16,1,15,第一金-台中,2023-04-19,5382
2409,友達,56,43,13,第一金-台中,2023-04-19,5382
4175,杏一,13,0,13,第一金-台中,2023-04-19,5382
6148,驊宏資,14,1,13,第一金-台中,2023-04-19,5382
2330,台積電,12,0,12,第一金-台中,2023-04-19,5382
00853B,統一美債10年Aa-,12,0,12,第一金-台中,2023-04-19,5382
6116,彩晶,12,0,12,第一金-台中,2023-04-19,5382
1734,杏輝,11,0,11,第一金-台中,2023-04-19,5382
8044,網家,11,0,11,第一金-台中,2023-04-19,5382
00728,第一金工業30,10,0,10,第一金-台中,2023-04-19,5382
2399,映泰,10,0,10,第一金-台中,2023-04-19,5382
3004,豐達科,11,1,10,第一金-台中,2023-04-19,5382
3027,盛達,10,0,10,第一金-台中,2023-04-19,5382
3710,連展投控,20,10,10,第一金-台中,2023-04-19,5382
3545,敦泰,9,0,9,第一金-台中,2023-04-19,5382
8284,三竹,9,0,9,第一金-台中,2023-04-19,5382
6863,永道-KY,11,2,9,第一金-台中,2023-04-19,5382
2201,裕隆,31,23,8,第一金-台中,2023-04-19,5382
00712,復華富時不動產,8,0,8,第一金-台中,2023-04-19,5382
2485,兆赫,8,0,8,第一金-台中,2023-04-19,5382
3147,大綜,8,0,8,第一金-台中,2023-04-19,5382
4123,晟德,9,1,8,第一金-台中,2023-04-19,5382
5351,鈺創,8,0,8,第一金-台中,2023-04-19,5382
8271,宇瞻,9,1,8,第一金-台中,2023-04-19,5382
5608,四維航,8,1,7,第一金-台中,2023-04-19,5382
00905,FT臺灣Smart,7,0,7,第一金-台中,2023-04-19,5382
6163,華電網,106,5,101,第一金-台中,2023-04-20,5382
2867,三商壽,61,0,61,第一金-台中,2023-04-20,5382
2515,中工,55,0,55,第一金-台中,2023-04-20,5382
0056,元大高股息,50,0,50,第一金-台中,2023-04-20,5382
2609,陽明,47,0,47,第一金-台中,2023-04-20,5382
3714,富采,45,0,45,第一金-台中,2023-04-20,5382
3078,僑威,56,12,44,第一金-台中,2023-04-20,5382
3576,聯合再生,44,3,41,第一金-台中,2023-04-20,5382
00688L,國泰20年美債正2,35,0,35,第一金-台中,2023-04-20,5382
2834,臺企銀,32,0,32,第一金-台中,2023-04-20,5382
3011,今皓,30,0,30,第一金-台中,2023-04-20,5382
6288,聯嘉,65,35,30,第一金-台中,2023-04-20,5382
00772B,中信高評級公司債,29,0,29,第一金-台中,2023-04-20,5382
1514,亞力,30,1,29,第一金-台中,2023-04-20,5382
2603,長榮,34,5,29,第一金-台中,2023-04-20,5382
1316,上曜,24,0,24,第一金-台中,2023-04-20,5382
1442,名軒,20,0,20,第一金-台中,2023-04-20,5382
4129,聯合,20,0,20,第一金-台中,2023-04-20,5382
6271,同欣電,19,0,19,第一金-台中,2023-04-20,5382
6182,合晶,16,0,16,第一金-台中,2023-04-20,5382
2344,華邦電,19,4,15,第一金-台中,2023-04-20,5382
6197,佳必琪,20,6,14,第一金-台中,2023-04-20,5382
1906,寶隆,13,0,13,第一金-台中,2023-04-20,5382
6770,力積電,13,0,13,第一金-台中,2023-04-20,5382
00878,國泰永續高股息,11,0,11,第一金-台中,2023-04-20,5382
00902,中信電池及儲能,12,1,11,第一金-台中,2023-04-20,5382
3710,連展投控,11,0,11,第一金-台中,2023-04-20,5382
00679B,元大美債20年,10,0,10,第一金-台中,2023-04-20,5382
4123,晟德,11,1,10,第一金-台中,2023-04-20,5382
1907,永豐餘,14,4,10,第一金-台中,2023-04-20,5382
2399,映泰,10,0,10,第一金-台中,2023-04-20,5382
3162,精確,11,1,10,第一金-台中,2023-04-20,5382
5410,國眾,10,0,10,第一金-台中,2023-04-20,5382
6129,普誠,12,2,10,第一金-台中,2023-04-20,5382
1529,樂事綠能,10,1,9,第一金-台中,2023-04-20,5382
2014,中鴻,9,0,9,第一金-台中,2023-04-20,5382
2208,台船,11,2,9,第一金-台中,2023-04-20,5382
3682,亞太電,9,0,9,第一金-台中,2023-04-20,5382
6789,采鈺,11,2,9,第一金-台中,2023-04-20,5382
2457,飛宏,18,10,8,第一金-台中,2023-04-20,5382
3047,訊舟,8,0,8,第一金-台中,2023-04-20,5382
4147,中裕,20,12,8,第一金-台中,2023-04-20,5382
4171,瑞基,9,1,8,第一金-台中,2023-04-20,5382
6134,萬旭,8,0,8,第一金-台中,2023-04-20,5382
2634,漢翔,12,5,7,第一金-台中,2023-04-20,5382
3022,威強電,8,0,8,第一金-台中,2023-04-20,5382
2201,裕隆,12,5,7,第一金-台中,2023-04-20,5382
2324,仁寶,7,0,7,第一金-台中,2023-04-20,5382
2342,茂矽,8,1,7,第一金-台中,2023-04-20,5382
2610,華航,10,3,7,第一金-台中,2023-04-20,5382
2867,三商壽,107,6,101,第一金-台中,2023-04-21,5382
00712,復華富時不動產,89,0,89,第一金-台中,2023-04-21,5382
2208,台船,61,3,58,第一金-台中,2023-04-21,5382
00632R,元大台灣50反1,78,22,56,第一金-台中,2023-04-21,5382
2515,中工,52,0,52,第一金-台中,2023-04-21,5382
3058,立德,44,0,44,第一金-台中,2023-04-21,5382
1471,首利,38,0,38,第一金-台中,2023-04-21,5382
2634,漢翔,52,14,38,第一金-台中,2023-04-21,5382
1711,永光,51,15,36,第一金-台中,2023-04-21,5382
2314,台揚,34,1,33,第一金-台中,2023-04-21,5382
4931,新盛力,48,15,33,第一金-台中,2023-04-21,5382
2031,新光鋼,42,10,32,第一金-台中,2023-04-21,5382
3078,僑威,36,5,31,第一金-台中,2023-04-21,5382
1904,正隆,46,16,30,第一金-台中,2023-04-21,5382
6271,同欣電,29,1,28,第一金-台中,2023-04-21,5382
2312,金寶,25,0,25,第一金-台中,2023-04-21,5382
00680L,元大美債20正2,24,0,24,第一金-台中,2023-04-21,5382
1907,永豐餘,52,31,21,第一金-台中,2023-04-21,5382
2352,佳世達,21,0,21,第一金-台中,2023-04-21,5382
4163,鐿鈦,21,0,21,第一金-台中,2023-04-21,5382
6733,博晟生醫,21,0,21,第一金-台中,2023-04-21,5382
3339,泰谷,20,0,20,第一金-台中,2023-04-21,5382
4541,晟田,22,2,20,第一金-台中,2023-04-21,5382
3004,豐達科,19,0,19,第一金-台中,2023-04-21,5382
8201,無敵,31,12,19,第一金-台中,2023-04-21,5382
1611,中電,40,23,17,第一金-台中,2023-04-21,5382
4128,中天,17,0,17,第一金-台中,2023-04-21,5382
00878,國泰永續高股息,19,3,16,第一金-台中,2023-04-21,5382
00900,富邦特選高股息30,16,1,15,第一金-台中,2023-04-21,5382
00715L,期街口布蘭特正2,17,2,15,第一金-台中,2023-04-21,5382
00751B,元大AAA至A公司債,14,0,14,第一金-台中,2023-04-21,5382
1810,和成,13,0,13,第一金-台中,2023-04-21,5382
8038,長園科,14,1,13,第一金-台中,2023-04-21,5382
6244,茂迪,28,16,12,第一金-台中,2023-04-21,5382
2313,華通,14,3,11,第一金-台中,2023-04-21,5382
1906,寶隆,11,0,11,第一金-台中,2023-04-21,5382
3714,富采,11,0,11,第一金-台中,2023-04-21,5382
8054,安國,11,0,11,第一金-台中,2023-04-21,5382
2303,聯電,11,1,10,第一金-台中,2023-04-21,5382
2402,毅嘉,11,1,10,第一金-台中,2023-04-21,5382
1444,力麗,10,0,10,第一金-台中,2023-04-21,5382
2399,映泰,10,0,10,第一金-台中,2023-04-21,5382
2913,農林,11,1,10,第一金-台中,2023-04-21,5382
3322,建舜電,10,0,10,第一金-台中,2023-04-21,5382
5410,國眾,10,0,10,第一金-台中,2023-04-21,5382
8289,泰藝,10,0,10,第一金-台中,2023-04-21,5382
9905,大華,10,0,10,第一金-台中,2023-04-21,5382
1760,寶齡富錦,13,4,9,第一金-台中,2023-04-21,5382
2328,廣宇,9,0,9,第一金-台中,2023-04-21,5382
6129,普誠,9,0,9,第一金-台中,2023-04-21,5382
00637L,元大滬深300正2,229,0,229,第一金-台中,2023-04-24,5382
2867,三商壽,132,15,117,第一金-台中,2023-04-24,5382
1101,台泥,130,50,80,第一金-台中,2023-04-24,5382
2206,三陽工業,50,3,47,第一金-台中,2023-04-24,5382
6234,高僑,30,0,30,第一金-台中,2023-04-24,5382
00881,國泰台灣5G+,33,7,26,第一金-台中,2023-04-24,5382
4967,十銓,24,0,24,第一金-台中,2023-04-24,5382
00712,復華富時不動產,22,0,22,第一金-台中,2023-04-24,5382
1312,國喬,21,0,21,第一金-台中,2023-04-24,5382
6282,康舒,21,4,17,第一金-台中,2023-04-24,5382
4960,誠美材,15,0,15,第一金-台中,2023-04-24,5382
4541,晟田,24,9,15,第一金-台中,2023-04-24,5382
4720,德淵,15,0,15,第一金-台中,2023-04-24,5382
2031,新光鋼,15,1,14,第一金-台中,2023-04-24,5382
1519,華城,64,50,14,第一金-台中,2023-04-24,5382
1310,台苯,20,6,14,第一金-台中,2023-04-24,5382
2317,鴻海,15,2,13,第一金-台中,2023-04-24,5382
6182,合晶,13,1,12,第一金-台中,2023-04-24,5382
00882,中信中國高股息,10,0,10,第一金-台中,2023-04-24,5382
2329,華泰,10,0,10,第一金-台中,2023-04-24,5382
2338,光罩,10,0,10,第一金-台中,2023-04-24,5382
2913,農林,21,11,10,第一金-台中,2023-04-24,5382
3059,華晶科,10,0,10,第一金-台中,2023-04-24,5382
3628,盈正,10,0,10,第一金-台中,2023-04-24,5382
2359,所羅門,10,1,9,第一金-台中,2023-04-24,5382
3071,協禧,10,2,8,第一金-台中,2023-04-24,5382
6271,同欣電,10,3,7,第一金-台中,2023-04-24,5382
00715L,期街口布蘭特正2,10,3,7,第一金-台中,2023-04-24,5382
00633L,富邦上証正2,7,1,6,第一金-台中,2023-04-24,5382
1513,中興電,20,14,6,第一金-台中,2023-04-24,5382
8088,品安,6,0,6,第一金-台中,2023-04-24,5382
4741,泓瀚,8,2,6,第一金-台中,2023-04-24,5382
4714,永捷,5,0,5,第一金-台中,2023-04-24,5382
1742,台蠟,5,0,5,第一金-台中,2023-04-24,5382
00891,中信關鍵半導體,5,0,5,第一金-台中,2023-04-24,5382
1504,東元,11,6,5,第一金-台中,2023-04-24,5382
1906,寶隆,5,0,5,第一金-台中,2023-04-24,5382
2027,大成鋼,6,1,5,第一金-台中,2023-04-24,5382
2498,宏達電,5,0,5,第一金-台中,2023-04-24,5382
2630,亞航,5,0,5,第一金-台中,2023-04-24,5382
2753,八方雲集,5,0,5,第一金-台中,2023-04-24,5382
5608,四維航,5,0,5,第一金-台中,2023-04-24,5382
6026,福邦證,5,0,5,第一金-台中,2023-04-24,5382
6120,達運,5,0,5,第一金-台中,2023-04-24,5382
6753,龍德造船,5,0,5,第一金-台中,2023-04-24,5382
8038,長園科,7,2,5,第一金-台中,2023-04-24,5382
8201,無敵,6,1,5,第一金-台中,2023-04-24,5382
8936,國統,5,0,5,第一金-台中,2023-04-24,5382
00922,國泰台灣領袖50,5,0,5,第一金-台中,2023-04-24,5382
3231,緯創,19,15,4,第一金-台中,2023-04-24,5382
00720B,元大投資級公司債,106,0,106,第一金-台中,2023-04-25,5382
4566,時碩工業,95,20,75,第一金-台中,2023-04-25,5382
2515,中工,61,0,61,第一金-台中,2023-04-25,5382
4919,新唐,57,0,57,第一金-台中,2023-04-25,5382
3071,協禧,103,50,53,第一金-台中,2023-04-25,5382
0056,元大高股息,48,0,48,第一金-台中,2023-04-25,5382
3673,TPK-KY,40,0,40,第一金-台中,2023-04-25,5382
6271,同欣電,31,0,31,第一金-台中,2023-04-25,5382
2312,金寶,30,0,30,第一金-台中,2023-04-25,5382
2489,瑞軒,30,0,30,第一金-台中,2023-04-25,5382
2913,農林,53,23,30,第一金-台中,2023-04-25,5382
4163,鐿鈦,30,0,30,第一金-台中,2023-04-25,5382
3703,欣陸,30,4,26,第一金-台中,2023-04-25,5382
00878,國泰永續高股息,27,2,25,第一金-台中,2023-04-25,5382
00680L,元大美債20正2,25,0,25,第一金-台中,2023-04-25,5382
6282,康舒,35,11,24,第一金-台中,2023-04-25,5382
2206,三陽工業,68,46,22,第一金-台中,2023-04-25,5382
1210,大成,20,0,20,第一金-台中,2023-04-25,5382
2359,所羅門,25,5,20,第一金-台中,2023-04-25,5382
3406,玉晶光,23,3,20,第一金-台中,2023-04-25,5382
00888,永豐台灣ESG,19,0,19,第一金-台中,2023-04-25,5382
00715L,期街口布蘭特正2,19,0,19,第一金-台中,2023-04-25,5382
1229,聯華,29,10,19,第一金-台中,2023-04-25,5382
2634,漢翔,114,97,17,第一金-台中,2023-04-25,5382
1513,中興電,26,9,17,第一金-台中,2023-04-25,5382
2330,台積電,25,9,16,第一金-台中,2023-04-25,5382
2344,華邦電,16,0,16,第一金-台中,2023-04-25,5382
1904,正隆,64,48,16,第一金-台中,2023-04-25,5382
00902,中信電池及儲能,16,1,15,第一金-台中,2023-04-25,5382
2867,三商壽,30,15,15,第一金-台中,2023-04-25,5382
1519,華城,27,13,14,第一金-台中,2023-04-25,5382
9911,櫻花,14,0,14,第一金-台中,2023-04-25,5382
2457,飛宏,54,41,13,第一金-台中,2023-04-25,5382
4979,華星光,13,0,13,第一金-台中,2023-04-25,5382
00891,中信關鍵半導體,12,0,12,第一金-台中,2023-04-25,5382
2618,長榮航,15,3,12,第一金-台中,2023-04-25,5382
00881,國泰台灣5G+,12,0,12,第一金-台中,2023-04-25,5382
2385,群光,12,0,12,第一金-台中,2023-04-25,5382
9907,統一實,12,0,12,第一金-台中,2023-04-25,5382
006208,富邦台50,11,0,11,第一金-台中,2023-04-25,5382
3339,泰谷,11,0,11,第一金-台中,2023-04-25,5382
6182,合晶,11,0,11,第一金-台中,2023-04-25,5382
2399,映泰,10,0,10,第一金-台中,2023-04-25,5382
2610,華航,10,0,10,第一金-台中,2023-04-25,5382
2851,中再保,10,0,10,第一金-台中,2023-04-25,5382
8093,保銳,10,0,10,第一金-台中,2023-04-25,5382
8383,千附,17,7,10,第一金-台中,2023-04-25,5382
1442,名軒,10,1,9,第一金-台中,2023-04-25,5382
3714,富采,10,1,9,第一金-台中,2023-04-25,5382
4927,泰鼎-KY,9,0,9,第一金-台中,2023-04-25,5382
00632R,元大台灣50反1,903,105,798,第一金-台中,2023-04-26,5382
1905,華紙,75,22,53,第一金-台中,2023-04-26,5382
1710,東聯,45,10,35,第一金-台中,2023-04-26,5382
1720,生達,32,2,30,第一金-台中,2023-04-26,5382
00679B,元大美債20年,29,1,28,第一金-台中,2023-04-26,5382
1519,華城,26,5,21,第一金-台中,2023-04-26,5382
3062,建漢,20,0,20,第一金-台中,2023-04-26,5382
6752,叡揚,31,11,20,第一金-台中,2023-04-26,5382
8201,無敵,20,0,20,第一金-台中,2023-04-26,5382
2634,漢翔,42,25,17,第一金-台中,2023-04-26,5382
5425,台半,18,2,16,第一金-台中,2023-04-26,5382
2330,台積電,16,0,16,第一金-台中,2023-04-26,5382
3022,威強電,15,0,15,第一金-台中,2023-04-26,5382
8926,台汽電,16,1,15,第一金-台中,2023-04-26,5382
006208,富邦台50,13,0,13,第一金-台中,2023-04-26,5382
3035,智原,34,23,11,第一金-台中,2023-04-26,5382
3714,富采,11,0,11,第一金-台中,2023-04-26,5382
4916,事欣科,12,1,11,第一金-台中,2023-04-26,5382
00878,國泰永續高股息,22,11,11,第一金-台中,2023-04-26,5382
1215,卜蜂,10,0,10,第一金-台中,2023-04-26,5382
1609,大亞,11,1,10,第一金-台中,2023-04-26,5382
1604,聲寶,9,0,9,第一金-台中,2023-04-26,5382
6269,台郡,10,1,9,第一金-台中,2023-04-26,5382
1904,正隆,41,32,9,第一金-台中,2023-04-26,5382
00680L,元大美債20正2,18,10,8,第一金-台中,2023-04-26,5382
3265,台星科,14,6,8,第一金-台中,2023-04-26,5382
4123,晟德,52,44,8,第一金-台中,2023-04-26,5382
6770,力積電,9,1,8,第一金-台中,2023-04-26,5382
6244,茂迪,16,9,7,第一金-台中,2023-04-26,5382
00888,永豐台灣ESG,6,0,6,第一金-台中,2023-04-26,5382
2002,中鋼,6,0,6,第一金-台中,2023-04-26,5382
2337,旺宏,10,4,6,第一金-台中,2023-04-26,5382
3004,豐達科,6,0,6,第一金-台中,2023-04-26,5382
3324,雙鴻,8,2,6,第一金-台中,2023-04-26,5382
3491,昇達科,6,0,6,第一金-台中,2023-04-26,5382
4960,誠美材,6,0,6,第一金-台中,2023-04-26,5382
6129,普誠,6,0,6,第一金-台中,2023-04-26,5382
8222,寶一,7,1,6,第一金-台中,2023-04-26,5382
2603,長榮,6,0,6,第一金-台中,2023-04-26,5382
2303,聯電,5,0,5,第一金-台中,2023-04-26,5382
1319,東陽,5,0,5,第一金-台中,2023-04-26,5382
2206,三陽工業,15,10,5,第一金-台中,2023-04-26,5382
2312,金寶,5,0,5,第一金-台中,2023-04-26,5382
2327,國巨,7,2,5,第一金-台中,2023-04-26,5382
2891,中信金,5,0,5,第一金-台中,2023-04-26,5382
3027,盛達,5,0,5,第一金-台中,2023-04-26,5382
3673,TPK-KY,5,0,5,第一金-台中,2023-04-26,5382
4163,鐿鈦,5,0,5,第一金-台中,2023-04-26,5382
6187,萬潤,5,0,5,第一金-台中,2023-04-26,5382
6282,康舒,7,2,5,第一金-台中,2023-04-26,5382
00632R,元大台灣50反1,123,6,117,第一金-台中,2023-04-27,5382
1718,中纖,70,1,69,第一金-台中,2023-04-27,5382
5608,四維航,72,11,61,第一金-台中,2023-04-27,5382
2605,新興,60,10,50,第一金-台中,2023-04-27,5382
00673R,期元大S＆P原油反1,50,1,49,第一金-台中,2023-04-27,5382
6271,同欣電,43,0,43,第一金-台中,2023-04-27,5382
2206,三陽工業,41,3,38,第一金-台中,2023-04-27,5382
4916,事欣科,40,2,38,第一金-台中,2023-04-27,5382
2612,中航,40,5,35,第一金-台中,2023-04-27,5382
1720,生達,43,10,33,第一金-台中,2023-04-27,5382
00712,復華富時不動產,28,0,28,第一金-台中,2023-04-27,5382
0050,元大台灣50,27,0,27,第一金-台中,2023-04-27,5382
5880,合庫金,26,0,26,第一金-台中,2023-04-27,5382
4960,誠美材,24,1,23,第一金-台中,2023-04-27,5382
00715L,期街口布蘭特正2,22,0,22,第一金-台中,2023-04-27,5382
2645,長榮航太,21,0,21,第一金-台中,2023-04-27,5382
2801,彰銀,23,2,21,第一金-台中,2023-04-27,5382
2913,農林,29,12,17,第一金-台中,2023-04-27,5382
00772B,中信高評級公司債,16,0,16,第一金-台中,2023-04-27,5382
6829,千附精密,39,23,16,第一金-台中,2023-04-27,5382
2002,中鋼,15,0,15,第一金-台中,2023-04-27,5382
1784,訊聯,15,0,15,第一金-台中,2023-04-27,5382
00720B,元大投資級公司債,14,0,14,第一金-台中,2023-04-27,5382
2359,所羅門,18,5,13,第一金-台中,2023-04-27,5382
3260,威剛,13,0,13,第一金-台中,2023-04-27,5382
3324,雙鴻,26,13,13,第一金-台中,2023-04-27,5382
8201,無敵,13,0,13,第一金-台中,2023-04-27,5382
00878,國泰永續高股息,18,6,12,第一金-台中,2023-04-27,5382
0056,元大高股息,13,1,12,第一金-台中,2023-04-27,5382
4566,時碩工業,41,29,12,第一金-台中,2023-04-27,5382
6477,安集,11,0,11,第一金-台中,2023-04-27,5382
1101,台泥,31,21,10,第一金-台中,2023-04-27,5382
1514,亞力,10,0,10,第一金-台中,2023-04-27,5382
2027,大成鋼,10,0,10,第一金-台中,2023-04-27,5382
2457,飛宏,24,15,9,第一金-台中,2023-04-27,5382
2614,東森,10,1,9,第一金-台中,2023-04-27,5382
8227,巨有科技,11,2,9,第一金-台中,2023-04-27,5382
8932,智通*,9,0,9,第一金-台中,2023-04-27,5382
3628,盈正,8,0,8,第一金-台中,2023-04-27,5382
6160,欣技,8,0,8,第一金-台中,2023-04-27,5382
6244,茂迪,13,5,8,第一金-台中,2023-04-27,5382
6276,安鈦克,8,0,8,第一金-台中,2023-04-27,5382
8088,品安,8,0,8,第一金-台中,2023-04-27,5382
2330,台積電,7,0,7,第一金-台中,2023-04-27,5382
1309,台達化,6,0,6,第一金-台中,2023-04-27,5382
2312,金寶,6,0,6,第一金-台中,2023-04-27,5382
2382,廣達,6,1,5,第一金-台中,2023-04-27,5382
2880,華南金,5,0,5,第一金-台中,2023-04-27,5382
00922,國泰台灣領袖50,5,0,5,第一金-台中,2023-04-27,5382
1503,士電,9,4,5,第一金-台中,2023-04-27,5382
00715L,期街口布蘭特正2,64,0,64,第一金-台中,2023-04-28,5382
1809,中釉,61,0,61,第一金-台中,2023-04-28,5382
1701,中化,52,3,49,第一金-台中,2023-04-28,5382
4960,誠美材,45,0,45,第一金-台中,2023-04-28,5382
00881,國泰台灣5G+,45,1,44,第一金-台中,2023-04-28,5382
1444,力麗,41,0,41,第一金-台中,2023-04-28,5382
8121,越峰,33,2,31,第一金-台中,2023-04-28,5382
2453,凌群,50,20,30,第一金-台中,2023-04-28,5382
3037,欣興,41,14,27,第一金-台中,2023-04-28,5382
2610,華航,29,4,25,第一金-台中,2023-04-28,5382
2409,友達,23,0,23,第一金-台中,2023-04-28,5382
1101,台泥,26,4,22,第一金-台中,2023-04-28,5382
2887E,台新戊特,20,0,20,第一金-台中,2023-04-28,5382
6414,樺漢,19,0,19,第一金-台中,2023-04-28,5382
6417,韋僑,21,3,18,第一金-台中,2023-04-28,5382
1905,華紙,33,18,15,第一金-台中,2023-04-28,5382
8093,保銳,22,7,15,第一金-台中,2023-04-28,5382
00772B,中信高評級公司債,15,1,14,第一金-台中,2023-04-28,5382
4971,IET-KY,14,0,14,第一金-台中,2023-04-28,5382
3481,群創,15,2,13,第一金-台中,2023-04-28,5382
2208,台船,13,0,13,第一金-台中,2023-04-28,5382
4566,時碩工業,47,34,13,第一金-台中,2023-04-28,5382
1720,生達,18,6,12,第一金-台中,2023-04-28,5382
00923,群益台ESG低碳50,12,0,12,第一金-台中,2023-04-28,5382
00720B,元大投資級公司債,11,0,11,第一金-台中,2023-04-28,5382
6111,大宇資,36,25,11,第一金-台中,2023-04-28,5382
6129,普誠,11,0,11,第一金-台中,2023-04-28,5382
6209,今國光,11,0,11,第一金-台中,2023-04-28,5382
00753L,中信中國50正2,10,0,10,第一金-台中,2023-04-28,5382
2851,中再保,10,0,10,第一金-台中,2023-04-28,5382
3071,協禧,21,11,10,第一金-台中,2023-04-28,5382
5498,凱崴,10,0,10,第一金-台中,2023-04-28,5382
6147,頎邦,10,0,10,第一金-台中,2023-04-28,5382
6751,智聯服務,10,0,10,第一金-台中,2023-04-28,5382
6863,永道-KY,10,0,10,第一金-台中,2023-04-28,5382
8289,泰藝,10,0,10,第一金-台中,2023-04-28,5382
1810,和成,12,3,9,第一金-台中,2023-04-28,5382
3714,富采,10,1,9,第一金-台中,2023-04-28,5382
6733,博晟生醫,9,0,9,第一金-台中,2023-04-28,5382
8046,南電,13,5,8,第一金-台中,2023-04-28,5382
4979,華星光,8,0,8,第一金-台中,2023-04-28,5382
8201,無敵,8,0,8,第一金-台中,2023-04-28,5382
4190,佐登-KY,7,0,7,第一金-台中,2023-04-28,5382
4804,大略-KY,7,0,7,第一金-台中,2023-04-28,5382
6167,久正,10,3,7,第一金-台中,2023-04-28,5382
2330,台積電,7,1,6,第一金-台中,2023-04-28,5382
00857B,永豐20年美公債,6,0,6,第一金-台中,2023-04-28,5382
3374,精材,6,0,6,第一金-台中,2023-04-28,5382
3628,盈正,6,0,6,第一金-台中,2023-04-28,5382
4541,晟田,9,3,6,第一金-台中,2023-04-28,5382
00715L,期街口布蘭特正2,148,0,148,第一金-台中,2023-05-02,5382
1905,華紙,203,72,131,第一金-台中,2023-05-02,5382
3078,僑威,132,16,116,第一金-台中,2023-05-02,5382
1101,台泥,110,42,68,第一金-台中,2023-05-02,5382
2303,聯電,50,3,47,第一金-台中,2023-05-02,5382
3231,緯創,83,39,44,第一金-台中,2023-05-02,5382
6188,廣明,40,0,40,第一金-台中,2023-05-02,5382
1229,聯華,39,8,31,第一金-台中,2023-05-02,5382
3481,群創,65,35,30,第一金-台中,2023-05-02,5382
8383,千附,32,2,30,第一金-台中,2023-05-02,5382
2402,毅嘉,32,3,29,第一金-台中,2023-05-02,5382
3363,上詮,48,23,25,第一金-台中,2023-05-02,5382
00632R,元大台灣50反1,24,0,24,第一金-台中,2023-05-02,5382
1721,三晃,35,11,24,第一金-台中,2023-05-02,5382
2206,三陽工業,76,55,21,第一金-台中,2023-05-02,5382
2104,國際中橡,20,0,20,第一金-台中,2023-05-02,5382
8101,華冠,20,0,20,第一金-台中,2023-05-02,5382
1504,東元,29,11,18,第一金-台中,2023-05-02,5382
00720B,元大投資級公司債,17,0,17,第一金-台中,2023-05-02,5382
2208,台船,17,1,16,第一金-台中,2023-05-02,5382
2371,大同,16,0,16,第一金-台中,2023-05-02,5382
2603,長榮,16,0,16,第一金-台中,2023-05-02,5382
00772B,中信高評級公司債,15,0,15,第一金-台中,2023-05-02,5382
1513,中興電,47,32,15,第一金-台中,2023-05-02,5382
8440,綠電,15,0,15,第一金-台中,2023-05-02,5382
6148,驊宏資,17,3,14,第一金-台中,2023-05-02,5382
1514,亞力,53,39,14,第一金-台中,2023-05-02,5382
5488,松普,15,2,13,第一金-台中,2023-05-02,5382
6111,大宇資,45,33,12,第一金-台中,2023-05-02,5382
1310,台苯,26,15,11,第一金-台中,2023-05-02,5382
2344,華邦電,15,4,11,第一金-台中,2023-05-02,5382
6114,久威,11,0,11,第一金-台中,2023-05-02,5382
6414,樺漢,11,0,11,第一金-台中,2023-05-02,5382
00753L,中信中國50正2,10,0,10,第一金-台中,2023-05-02,5382
00682U,期元大美元指數,10,0,10,第一金-台中,2023-05-02,5382
2211,長榮鋼,10,0,10,第一金-台中,2023-05-02,5382
2641,正德,10,0,10,第一金-台中,2023-05-02,5382
6245,立端,10,0,10,第一金-台中,2023-05-02,5382
8210,勤誠,10,0,10,第一金-台中,2023-05-02,5382
9938,百和,10,0,10,第一金-台中,2023-05-02,5382
9939,宏全,10,0,10,第一金-台中,2023-05-02,5382
4804,大略-KY,9,0,9,第一金-台中,2023-05-02,5382
2834,臺企銀,10,1,9,第一金-台中,2023-05-02,5382
2482,連宇,17,9,8,第一金-台中,2023-05-02,5382
3056,富華新,8,0,8,第一金-台中,2023-05-02,5382
3029,零壹,67,59,8,第一金-台中,2023-05-02,5382
2457,飛宏,38,30,8,第一金-台中,2023-05-02,5382
2609,陽明,11,3,8,第一金-台中,2023-05-02,5382
3202,樺晟,10,2,8,第一金-台中,2023-05-02,5382
3419,譁裕,13,5,8,第一金-台中,2023-05-02,5382
00715L,期街口布蘭特正2,210,10,200,第一金-台中,2023-05-03,5382
2884,玉山金,166,12,154,第一金-台中,2023-05-03,5382
00712,復華富時不動產,54,0,54,第一金-台中,2023-05-03,5382
3481,群創,40,0,40,第一金-台中,2023-05-03,5382
9907,統一實,39,0,39,第一金-台中,2023-05-03,5382
00885,富邦越南,38,0,38,第一金-台中,2023-05-03,5382
5009,榮剛,39,2,37,第一金-台中,2023-05-03,5382
2303,聯電,30,0,30,第一金-台中,2023-05-03,5382
2104,國際中橡,30,0,30,第一金-台中,2023-05-03,5382
3276,宇環,28,0,28,第一金-台中,2023-05-03,5382
3037,欣興,30,4,26,第一金-台中,2023-05-03,5382
3419,譁裕,41,16,25,第一金-台中,2023-05-03,5382
1519,華城,31,8,23,第一金-台中,2023-05-03,5382
3687,歐買尬,28,8,20,第一金-台中,2023-05-03,5382
6197,佳必琪,20,0,20,第一金-台中,2023-05-03,5382
2913,農林,27,8,19,第一金-台中,2023-05-03,5382
2603,長榮,17,2,15,第一金-台中,2023-05-03,5382
00632R,元大台灣50反1,15,0,15,第一金-台中,2023-05-03,5382
2206,三陽工業,42,27,15,第一金-台中,2023-05-03,5382
4121,優盛,33,19,14,第一金-台中,2023-05-03,5382
2633,台灣高鐵,13,0,13,第一金-台中,2023-05-03,5382
6282,康舒,14,1,13,第一金-台中,2023-05-03,5382
00753L,中信中國50正2,12,0,12,第一金-台中,2023-05-03,5382
2504,國產,16,4,12,第一金-台中,2023-05-03,5382
3363,上詮,20,8,12,第一金-台中,2023-05-03,5382
6799,來頡,13,1,12,第一金-台中,2023-05-03,5382
1721,三晃,11,0,11,第一金-台中,2023-05-03,5382
2867,三商壽,11,0,11,第一金-台中,2023-05-03,5382
00878,國泰永續高股息,24,13,11,第一金-台中,2023-05-03,5382
2609,陽明,11,1,10,第一金-台中,2023-05-03,5382
00720B,元大投資級公司債,10,0,10,第一金-台中,2023-05-03,5382
6605,帝寶,10,0,10,第一金-台中,2023-05-03,5382
8926,台汽電,10,0,10,第一金-台中,2023-05-03,5382
5371,中光電,11,2,9,第一金-台中,2023-05-03,5382
3628,盈正,9,0,9,第一金-台中,2023-05-03,5382
6133,金橋,9,0,9,第一金-台中,2023-05-03,5382
3712,永崴投控,26,18,8,第一金-台中,2023-05-03,5382
6190,萬泰科,7,0,7,第一金-台中,2023-05-03,5382
6741,91APP*-KY,17,10,7,第一金-台中,2023-05-03,5382
2002,中鋼,6,0,6,第一金-台中,2023-05-03,5382
00680L,元大美債20正2,6,0,6,第一金-台中,2023-05-03,5382
3046,建��,7,1,6,第一金-台中,2023-05-03,5382
4934,太極,6,0,6,第一金-台中,2023-05-03,5382
5425,台半,6,0,6,第一金-台中,2023-05-03,5382
3056,富華新,5,0,5,第一金-台中,2023-05-03,5382
00633L,富邦上証正2,5,0,5,第一金-台中,2023-05-03,5382
1605,華新,8,3,5,第一金-台中,2023-05-03,5382
2025,千興,5,0,5,第一金-台中,2023-05-03,5382
2515,中工,5,0,5,第一金-台中,2023-05-03,5382
3147,大綜,6,1,5,第一金-台中,2023-05-03,5382
2884,玉山金,2067,6,2061,第一金-台中,2023-05-04,5382
00715L,期街口布蘭特正2,207,13,194,第一金-台中,2023-05-04,5382
1504,東元,65,4,61,第一金-台中,2023-05-04,5382
1609,大亞,105,51,54,第一金-台中,2023-05-04,5382
2105,正新,56,6,50,第一金-台中,2023-05-04,5382
3231,緯創,60,16,44,第一金-台中,2023-05-04,5382
00712,復華富時不動產,39,1,38,第一金-台中,2023-05-04,5382
4116,明基醫,37,0,37,第一金-台中,2023-05-04,5382
2206,三陽工業,72,37,35,第一金-台中,2023-05-04,5382
2457,飛宏,58,23,35,第一金-台中,2023-05-04,5382
3356,奇偶,33,3,30,第一金-台中,2023-05-04,5382
1762,中化生,30,2,28,第一金-台中,2023-05-04,5382
8210,勤誠,30,5,25,第一金-台中,2023-05-04,5382
00642U,期元大S＆P石油,21,0,21,第一金-台中,2023-05-04,5382
2211,長榮鋼,21,0,21,第一金-台中,2023-05-04,5382
4934,太極,21,0,21,第一金-台中,2023-05-04,5382
2204,中華,19,0,19,第一金-台中,2023-05-04,5382
5321,美而快,20,1,19,第一金-台中,2023-05-04,5382
2609,陽明,19,2,17,第一金-台中,2023-05-04,5382
2376,技嘉,17,1,16,第一金-台中,2023-05-04,5382
1701,中化,25,9,16,第一金-台中,2023-05-04,5382
6589,台康生技,28,12,16,第一金-台中,2023-05-04,5382
3712,永崴投控,30,15,15,第一金-台中,2023-05-04,5382
3078,僑威,14,0,14,第一金-台中,2023-05-04,5382
00680L,元大美債20正2,11,0,11,第一金-台中,2023-05-04,5382
2023,燁輝,11,0,11,第一金-台中,2023-05-04,5382
2303,聯電,11,0,11,第一金-台中,2023-05-04,5382
3147,大綜,11,0,11,第一金-台中,2023-05-04,5382
1319,東陽,10,0,10,第一金-台中,2023-05-04,5382
00725B,國泰投資級公司債,10,0,10,第一金-台中,2023-05-04,5382
2247,汎德永業,10,0,10,第一金-台中,2023-05-04,5382
2344,華邦電,12,2,10,第一金-台中,2023-05-04,5382
2615,萬海,15,5,10,第一金-台中,2023-05-04,5382
3661,世芯-KY,10,0,10,第一金-台中,2023-05-04,5382
4138,曜亞,10,0,10,第一金-台中,2023-05-04,5382
4190,佐登-KY,13,3,10,第一金-台中,2023-05-04,5382
6209,今國光,11,1,10,第一金-台中,2023-05-04,5382
3005,神基,12,3,9,第一金-台中,2023-05-04,5382
1514,亞力,14,5,9,第一金-台中,2023-05-04,5382
3380,明泰,9,0,9,第一金-台中,2023-05-04,5382
4147,中裕,18,10,8,第一金-台中,2023-05-04,5382
2495,普安,9,1,8,第一金-台中,2023-05-04,5382
3715,定穎投控,28,20,8,第一金-台中,2023-05-04,5382
5222,全訊,10,2,8,第一金-台中,2023-05-04,5382
2409,友達,7,0,7,第一金-台中,2023-05-04,5382
1503,士電,7,0,7,第一金-台中,2023-05-04,5382
2482,連宇,16,9,7,第一金-台中,2023-05-04,5382
5351,鈺創,7,0,7,第一金-台中,2023-05-04,5382
6517,保勝光學,12,5,7,第一金-台中,2023-05-04,5382
1471,首利,6,0,6,第一金-台中,2023-05-04,5382
2884,玉山金,1119,4,1115,第一金-台中,2023-05-05,5382
00715L,期街口布蘭特正2,162,0,162,第一金-台中,2023-05-05,5382
00712,復華富時不動產,68,1,67,第一金-台中,2023-05-05,5382
2457,飛宏,65,9,56,第一金-台中,2023-05-05,5382
2208,台船,56,1,55,第一金-台中,2023-05-05,5382
8930,青鋼,36,0,36,第一金-台中,2023-05-05,5382
2492,華新科,46,11,35,第一金-台中,2023-05-05,5382
00642U,期元大S＆P石油,26,0,26,第一金-台中,2023-05-05,5382
2344,華邦電,27,1,26,第一金-台中,2023-05-05,5382
5284,jpp-KY,25,0,25,第一金-台中,2023-05-05,5382
3058,立德,24,0,24,第一金-台中,2023-05-05,5382
00885,富邦越南,21,1,20,第一金-台中,2023-05-05,5382
3714,富采,20,0,20,第一金-台中,2023-05-05,5382
5608,四維航,20,0,20,第一金-台中,2023-05-05,5382
00878,國泰永續高股息,21,2,19,第一金-台中,2023-05-05,5382
5356,協益,36,18,18,第一金-台中,2023-05-05,5382
3176,基亞,15,0,15,第一金-台中,2023-05-05,5382
6223,旺矽,15,0,15,第一金-台中,2023-05-05,5382
6234,高僑,15,0,15,第一金-台中,2023-05-05,5382
4968,立積,24,10,14,第一金-台中,2023-05-05,5382
3712,永崴投控,16,2,14,第一金-台中,2023-05-05,5382
00772B,中信高評級公司債,13,0,13,第一金-台中,2023-05-05,5382
4129,聯合,12,0,12,第一金-台中,2023-05-05,5382
1529,樂事綠能,30,19,11,第一金-台中,2023-05-05,5382
2471,資通,16,5,11,第一金-台中,2023-05-05,5382
2103,台橡,10,0,10,第一金-台中,2023-05-05,5382
2605,新興,10,0,10,第一金-台中,2023-05-05,5382
4121,優盛,23,13,10,第一金-台中,2023-05-05,5382
6241,易通展,10,0,10,第一金-台中,2023-05-05,5382
8085,福華,12,2,10,第一金-台中,2023-05-05,5382
3363,上詮,15,6,9,第一金-台中,2023-05-05,5382
4541,晟田,10,1,9,第一金-台中,2023-05-05,5382
5321,美而快,23,14,9,第一金-台中,2023-05-05,5382
2352,佳世達,12,4,8,第一金-台中,2023-05-05,5382
00725B,國泰投資級公司債,11,3,8,第一金-台中,2023-05-05,5382
8403,盛弘,23,15,8,第一金-台中,2023-05-05,5382
6770,力積電,8,1,7,第一金-台中,2023-05-05,5382
1471,首利,7,0,7,第一金-台中,2023-05-05,5382
1514,亞力,10,3,7,第一金-台中,2023-05-05,5382
1608,華榮,10,3,7,第一金-台中,2023-05-05,5382
2495,普安,13,6,7,第一金-台中,2023-05-05,5382
4109,加捷生醫,12,5,7,第一金-台中,2023-05-05,5382
00720B,元大投資級公司債,9,3,6,第一金-台中,2023-05-05,5382
00679B,元大美債20年,6,0,6,第一金-台中,2023-05-05,5382
3483,力致,6,0,6,第一金-台中,2023-05-05,5382
4566,時碩工業,6,0,6,第一金-台中,2023-05-05,5382
6733,博晟生醫,6,0,6,第一金-台中,2023-05-05,5382
1785,光洋科,17,11,6,第一金-台中,2023-05-05,5382
2329,華泰,5,0,5,第一金-台中,2023-05-05,5382
2338,光罩,5,0,5,第一金-台中,2023-05-05,5382
2851,中再保,153,11,142,第一金-台中,2023-05-08,5382
1609,大亞,97,31,66,第一金-台中,2023-05-08,5382
2402,毅嘉,61,2,59,第一金-台中,2023-05-08,5382
1503,士電,83,33,50,第一金-台中,2023-05-08,5382
3094,聯傑,36,2,34,第一金-台中,2023-05-08,5382
2468,華經,33,2,31,第一金-台中,2023-05-08,5382
2610,華航,33,5,28,第一金-台中,2023-05-08,5382
6112,邁達特,46,19,27,第一金-台中,2023-05-08,5382
00680L,元大美債20正2,25,0,25,第一金-台中,2023-05-08,5382
1504,東元,75,50,25,第一金-台中,2023-05-08,5382
2887,台新金,24,0,24,第一金-台中,2023-05-08,5382
3481,群創,23,0,23,第一金-台中,2023-05-08,5382
8478,東哥遊艇,36,13,23,第一金-台中,2023-05-08,5382
3029,零壹,46,24,22,第一金-台中,2023-05-08,5382
2884,玉山金,21,1,20,第一金-台中,2023-05-08,5382
5011,久陽,20,0,20,第一金-台中,2023-05-08,5382
1795,美時,24,6,18,第一金-台中,2023-05-08,5382
2104,國際中橡,20,2,18,第一金-台中,2023-05-08,5382
6245,立端,27,10,17,第一金-台中,2023-05-08,5382
6223,旺矽,16,1,15,第一金-台中,2023-05-08,5382
3714,富采,15,0,15,第一金-台中,2023-05-08,5382
4128,中天,17,2,15,第一金-台中,2023-05-08,5382
8935,邦泰,15,0,15,第一金-台中,2023-05-08,5382
8033,雷虎,16,3,13,第一金-台中,2023-05-08,5382
4104,佳醫,12,0,12,第一金-台中,2023-05-08,5382
2495,普安,12,0,12,第一金-台中,2023-05-08,5382
5222,全訊,14,2,12,第一金-台中,2023-05-08,5382
5328,華容,12,0,12,第一金-台中,2023-05-08,5382
1218,泰山,14,2,12,第一金-台中,2023-05-08,5382
2609,陽明,13,2,11,第一金-台中,2023-05-08,5382
2247,汎德永業,10,0,10,第一金-台中,2023-05-08,5382
2618,長榮航,20,10,10,第一金-台中,2023-05-08,5382
2705,六福,10,0,10,第一金-台中,2023-05-08,5382
3071,協禧,25,15,10,第一金-台中,2023-05-08,5382
3687,歐買尬,18,8,10,第一金-台中,2023-05-08,5382
4109,加捷生醫,10,0,10,第一金-台中,2023-05-08,5382
4979,華星光,12,2,10,第一金-台中,2023-05-08,5382
2883,凱基金,13,3,10,第一金-台中,2023-05-08,5382
00679B,元大美債20年,9,0,9,第一金-台中,2023-05-08,5382
3715,定穎投控,15,6,9,第一金-台中,2023-05-08,5382
6192,巨路,9,0,9,第一金-台中,2023-05-08,5382
3202,樺晟,8,0,8,第一金-台中,2023-05-08,5382
6527,明達醫,8,0,8,第一金-台中,2023-05-08,5382
8050,廣積,8,0,8,第一金-台中,2023-05-08,5382
8930,青鋼,24,16,8,第一金-台中,2023-05-08,5382
9942,茂順,8,0,8,第一金-台中,2023-05-08,5382
6443,元晶,8,0,8,第一金-台中,2023-05-08,5382
6770,力積電,7,0,7,第一金-台中,2023-05-08,5382
00662,富邦NASDAQ,7,0,7,第一金-台中,2023-05-08,5382
1710,東聯,7,0,7,第一金-台中,2023-05-08,5382
2884,玉山金,1448,2,1446,第一金-台中,2023-05-09,5382
2890,永豐金,60,1,59,第一金-台中,2023-05-09,5382
2331,精英,51,0,51,第一金-台中,2023-05-09,5382
2208,台船,51,8,43,第一金-台中,2023-05-09,5382
2851,中再保,36,0,36,第一金-台中,2023-05-09,5382
3628,盈正,33,0,33,第一金-台中,2023-05-09,5382
4919,新唐,33,0,33,第一金-台中,2023-05-09,5382
1101,台泥,28,1,27,第一金-台中,2023-05-09,5382
00680L,元大美債20正2,22,0,22,第一金-台中,2023-05-09,5382
4968,立積,29,8,21,第一金-台中,2023-05-09,5382
2515,中工,20,0,20,第一金-台中,2023-05-09,5382
00715L,期街口布蘭特正2,23,4,19,第一金-台中,2023-05-09,5382
5880,合庫金,20,2,18,第一金-台中,2023-05-09,5382
8930,青鋼,18,0,18,第一金-台中,2023-05-09,5382
6443,元晶,17,0,17,第一金-台中,2023-05-09,5382
6112,邁達特,29,12,17,第一金-台中,2023-05-09,5382
00878,國泰永續高股息,26,10,16,第一金-台中,2023-05-09,5382
00632R,元大台灣50反1,16,0,16,第一金-台中,2023-05-09,5382
2634,漢翔,19,4,15,第一金-台中,2023-05-09,5382
1219,福壽,19,4,15,第一金-台中,2023-05-09,5382
2882,國泰金,15,1,14,第一金-台中,2023-05-09,5382
2344,華邦電,14,0,14,第一金-台中,2023-05-09,5382
6799,來頡,12,0,12,第一金-台中,2023-05-09,5382
4541,晟田,14,2,12,第一金-台中,2023-05-09,5382
6275,元山,22,10,12,第一金-台中,2023-05-09,5382
2609,陽明,15,3,12,第一金-台中,2023-05-09,5382
00857B,永豐20年美公債,11,0,11,第一金-台中,2023-05-09,5382
2495,普安,24,13,11,第一金-台中,2023-05-09,5382
3013,晟銘電,13,2,11,第一金-台中,2023-05-09,5382
3231,緯創,23,12,11,第一金-台中,2023-05-09,5382
00885,富邦越南,11,1,10,第一金-台中,2023-05-09,5382
2881,富邦金,10,0,10,第一金-台中,2023-05-09,5382
1605,華新,21,11,10,第一金-台中,2023-05-09,5382
1784,訊聯,10,0,10,第一金-台中,2023-05-09,5382
2104,國際中橡,10,0,10,第一金-台中,2023-05-09,5382
2705,六福,10,0,10,第一金-台中,2023-05-09,5382
5410,國眾,10,0,10,第一金-台中,2023-05-09,5382
0056,元大高股息,12,3,9,第一金-台中,2023-05-09,5382
2303,聯電,10,1,9,第一金-台中,2023-05-09,5382
3484,崧騰,12,3,9,第一金-台中,2023-05-09,5382
8046,南電,15,6,9,第一金-台中,2023-05-09,5382
00679B,元大美債20年,8,0,8,第一金-台中,2023-05-09,5382
2027,大成鋼,9,1,8,第一金-台中,2023-05-09,5382
00651R,復華香港反1,8,0,8,第一金-台中,2023-05-09,5382
00725B,國泰投資級公司債,8,0,8,第一金-台中,2023-05-09,5382
2471,資通,8,0,8,第一金-台中,2023-05-09,5382
2886,兆豐金,10,2,8,第一金-台中,2023-05-09,5382
2913,農林,22,14,8,第一金-台中,2023-05-09,5382
8210,勤誠,9,1,8,第一金-台中,2023-05-09,5382
2352,佳世達,32,25,7,第一金-台中,2023-05-09,5382
00637L,元大滬深300正2,159,0,159,第一金-台中,2023-05-10,5382
00715L,期街口布蘭特正2,52,0,52,第一金-台中,2023-05-10,5382
8940,新天地,50,0,50,第一金-台中,2023-05-10,5382
00878,國泰永續高股息,51,6,45,第一金-台中,2023-05-10,5382
3202,樺晟,60,30,30,第一金-台中,2023-05-10,5382
3715,定穎投控,30,10,20,第一金-台中,2023-05-10,5382
2457,飛宏,51,33,18,第一金-台中,2023-05-10,5382
2601,益航,15,0,15,第一金-台中,2023-05-10,5382
2615,萬海,17,2,15,第一金-台中,2023-05-10,5382
2834,臺企銀,11,0,11,第一金-台中,2023-05-10,5382
3231,緯創,23,12,11,第一金-台中,2023-05-10,5382
00888,永豐台灣ESG,10,0,10,第一金-台中,2023-05-10,5382
2312,金寶,10,0,10,第一金-台中,2023-05-10,5382
2323,中環,10,0,10,第一金-台中,2023-05-10,5382
4114,健喬,10,0,10,第一金-台中,2023-05-10,5382
8099,大世科,10,0,10,第一金-台中,2023-05-10,5382
2603,長榮,14,4,10,第一金-台中,2023-05-10,5382
1609,大亞,21,12,9,第一金-台中,2023-05-10,5382
6282,康舒,14,5,9,第一金-台中,2023-05-10,5382
00882,中信中國高股息,8,0,8,第一金-台中,2023-05-10,5382
2352,佳世達,9,1,8,第一金-台中,2023-05-10,5382
2485,兆赫,8,0,8,第一金-台中,2023-05-10,5382
2610,華航,39,31,8,第一金-台中,2023-05-10,5382
2612,中航,8,0,8,第一金-台中,2023-05-10,5382
5410,國眾,8,0,8,第一金-台中,2023-05-10,5382
00772B,中信高評級公司債,7,0,7,第一金-台中,2023-05-10,5382
00650L,復華香港正2,7,0,7,第一金-台中,2023-05-10,5382
00633L,富邦上証正2,7,0,7,第一金-台中,2023-05-10,5382
00720B,元大投資級公司債,7,0,7,第一金-台中,2023-05-10,5382
00857B,永豐20年美公債,6,0,6,第一金-台中,2023-05-10,5382
2406,國碩,7,1,6,第一金-台中,2023-05-10,5382
3484,崧騰,6,0,6,第一金-台中,2023-05-10,5382
4541,晟田,8,2,6,第一金-台中,2023-05-10,5382
6245,立端,21,15,6,第一金-台中,2023-05-10,5382
1503,士電,10,4,6,第一金-台中,2023-05-10,5382
1584,精剛,6,0,6,第一金-台中,2023-05-10,5382
9939,宏全,6,0,6,第一金-台中,2023-05-10,5382
3661,世芯-KY,8,3,5,第一金-台中,2023-05-10,5382
2208,台船,22,17,5,第一金-台中,2023-05-10,5382
006208,富邦台50,5,0,5,第一金-台中,2023-05-10,5382
00740B,富邦全球投等債,5,0,5,第一金-台中,2023-05-10,5382
2371,大同,5,0,5,第一金-台中,2023-05-10,5382
2482,連宇,5,0,5,第一金-台中,2023-05-10,5382
2605,新興,28,23,5,第一金-台中,2023-05-10,5382
2705,六福,5,0,5,第一金-台中,2023-05-10,5382
2753,八方雲集,5,0,5,第一金-台中,2023-05-10,5382
3058,立德,5,0,5,第一金-台中,2023-05-10,5382
5439,高技,5,0,5,第一金-台中,2023-05-10,5382
6111,大宇資,11,6,5,第一金-台中,2023-05-10,5382
6129,普誠,5,0,5,第一金-台中,2023-05-10,5382
9944,新麗,123,0,123,第一金-台中,2023-05-11,5382
00632R,元大台灣50反1,72,8,64,第一金-台中,2023-05-11,5382
8201,無敵,39,0,39,第一金-台中,2023-05-11,5382
1718,中纖,50,14,36,第一金-台中,2023-05-11,5382
8085,福華,40,7,33,第一金-台中,2023-05-11,5382
3380,明泰,32,0,32,第一金-台中,2023-05-11,5382
2834,臺企銀,29,0,29,第一金-台中,2023-05-11,5382
4163,鐿鈦,42,15,27,第一金-台中,2023-05-11,5382
3094,聯傑,26,3,23,第一金-台中,2023-05-11,5382
2634,漢翔,38,17,21,第一金-台中,2023-05-11,5382
6139,亞翔,76,55,21,第一金-台中,2023-05-11,5382
2104,國際中橡,20,0,20,第一金-台中,2023-05-11,5382
3673,TPK-KY,20,0,20,第一金-台中,2023-05-11,5382
5905,南仁湖,17,0,17,第一金-台中,2023-05-11,5382
00712,復華富時不動產,23,7,16,第一金-台中,2023-05-11,5382
1905,華紙,17,1,16,第一金-台中,2023-05-11,5382
4128,中天,16,0,16,第一金-台中,2023-05-11,5382
2618,長榮航,26,10,16,第一金-台中,2023-05-11,5382
1810,和成,15,0,15,第一金-台中,2023-05-11,5382
8932,智通*,15,0,15,第一金-台中,2023-05-11,5382
3481,群創,15,1,14,第一金-台中,2023-05-11,5382
1605,華新,13,0,13,第一金-台中,2023-05-11,5382
1784,訊聯,19,6,13,第一金-台中,2023-05-11,5382
2388,威盛,13,0,13,第一金-台中,2023-05-11,5382
00878,國泰永續高股息,20,8,12,第一金-台中,2023-05-11,5382
1229,聯華,12,0,12,第一金-台中,2023-05-11,5382
00680L,元大美債20正2,12,0,12,第一金-台中,2023-05-11,5382
2022,聚亨,12,0,12,第一金-台中,2023-05-11,5382
2328,廣宇,12,0,12,第一金-台中,2023-05-11,5382
6235,華孚,14,2,12,第一金-台中,2023-05-11,5382
1471,首利,11,0,11,第一金-台中,2023-05-11,5382
0056,元大高股息,11,0,11,第一金-台中,2023-05-11,5382
6285,啟��,10,0,10,第一金-台中,2023-05-11,5382
1789,神隆,10,0,10,第一金-台中,2023-05-11,5382
8905,裕國,11,1,10,第一金-台中,2023-05-11,5382
9907,統一實,10,0,10,第一金-台中,2023-05-11,5382
6276,安鈦克,12,2,10,第一金-台中,2023-05-11,5382
6491,晶碩,9,0,9,第一金-台中,2023-05-11,5382
1503,士電,12,3,9,第一金-台中,2023-05-11,5382
6188,廣明,9,0,9,第一金-台中,2023-05-11,5382
8038,長園科,11,2,9,第一金-台中,2023-05-11,5382
2359,所羅門,26,18,8,第一金-台中,2023-05-11,5382
2645,長榮航太,10,2,8,第一金-台中,2023-05-11,5382
2812,台中銀,8,0,8,第一金-台中,2023-05-11,5382
3027,盛達,8,0,8,第一金-台中,2023-05-11,5382
5457,宣德,8,0,8,第一金-台中,2023-05-11,5382
00885,富邦越南,8,0,8,第一金-台中,2023-05-11,5382
00888,永豐台灣ESG,9,2,7,第一金-台中,2023-05-11,5382
00900,富邦特選高股息30,7,0,7,第一金-台中,2023-05-11,5382
00662,富邦NASDAQ,6,0,6,第一金-台中,2023-05-11,5382
3481,群創,175,2,173,第一金-台中,2023-05-12,5382
2105,正新,151,2,149,第一金-台中,2023-05-12,5382
2883,凱基金,135,0,135,第一金-台中,2023-05-12,5382
2409,友達,56,0,56,第一金-台中,2023-05-12,5382
2834,臺企銀,35,0,35,第一金-台中,2023-05-12,5382
00878,國泰永續高股息,41,7,34,第一金-台中,2023-05-12,5382
3058,立德,31,0,31,第一金-台中,2023-05-12,5382
3540,曜越,30,0,30,第一金-台中,2023-05-12,5382
6160,欣技,24,0,24,第一金-台中,2023-05-12,5382
2851,中再保,22,0,22,第一金-台中,2023-05-12,5382
3037,欣興,24,2,22,第一金-台中,2023-05-12,5382
4128,中天,21,0,21,第一金-台中,2023-05-12,5382
8076,伍豐,22,1,21,第一金-台中,2023-05-12,5382
3693,營邦,20,0,20,第一金-台中,2023-05-12,5382
8201,無敵,18,0,18,第一金-台中,2023-05-12,5382
6517,保勝光學,20,4,16,第一金-台中,2023-05-12,5382
8426,紅木-KY,15,2,13,第一金-台中,2023-05-12,5382
1215,卜蜂,11,0,11,第一金-台中,2023-05-12,5382
6227,茂綸,11,0,11,第一金-台中,2023-05-12,5382
6491,晶碩,10,0,10,第一金-台中,2023-05-12,5382
00632R,元大台灣50反1,10,0,10,第一金-台中,2023-05-12,5382
1519,華城,35,25,10,第一金-台中,2023-05-12,5382
3715,定穎投控,27,17,10,第一金-台中,2023-05-12,5382
6404,通訊-KY,10,0,10,第一金-台中,2023-05-12,5382
2317,鴻海,14,4,10,第一金-台中,2023-05-12,5382
00882,中信中國高股息,17,8,9,第一金-台中,2023-05-12,5382
3202,樺晟,10,1,9,第一金-台中,2023-05-12,5382
6128,上福,10,1,9,第一金-台中,2023-05-12,5382
8097,常珵,10,1,9,第一金-台中,2023-05-12,5382
2618,長榮航,12,4,8,第一金-台中,2023-05-12,5382
5258,虹堡,21,12,9,第一金-台中,2023-05-12,5382
1101,台泥,9,0,9,第一金-台中,2023-05-12,5382
2610,華航,8,0,8,第一金-台中,2023-05-12,5382
5410,國眾,8,0,8,第一金-台中,2023-05-12,5382
00664R,國泰臺灣加權反1,7,0,7,第一金-台中,2023-05-12,5382
2303,聯電,7,0,7,第一金-台中,2023-05-12,5382
2359,所羅門,8,1,7,第一金-台中,2023-05-12,5382
6770,力積電,7,0,7,第一金-台中,2023-05-12,5382
2609,陽明,7,0,7,第一金-台中,2023-05-12,5382
6689,伊雲谷,15,9,6,第一金-台中,2023-05-12,5382
00679B,元大美債20年,6,0,6,第一金-台中,2023-05-12,5382
00633L,富邦上証正2,6,0,6,第一金-台中,2023-05-12,5382
5227,立凱-KY,6,0,6,第一金-台中,2023-05-12,5382
6148,驊宏資,6,0,6,第一金-台中,2023-05-12,5382
3704,合勤控,10,4,6,第一金-台中,2023-05-12,5382
9943,好樂迪,5,0,5,第一金-台中,2023-05-12,5382
2002,中鋼,5,0,5,第一金-台中,2023-05-12,5382
2313,華通,5,0,5,第一金-台中,2023-05-12,5382
2489,瑞軒,5,0,5,第一金-台中,2023-05-12,5382
3038,全台,5,0,5,第一金-台中,2023-05-12,5382
00715L,期街口布蘭特正2,273,7,266,第一金-台中,2023-05-15,5382
3481,群創,60,0,60,第一金-台中,2023-05-15,5382
00882,中信中國高股息,47,0,47,第一金-台中,2023-05-15,5382
2834,臺企銀,36,0,36,第一金-台中,2023-05-15,5382
2371,大同,70,42,28,第一金-台中,2023-05-15,5382
3324,雙鴻,31,4,27,第一金-台中,2023-05-15,5382
2421,建準,29,4,25,第一金-台中,2023-05-15,5382
00878,國泰永續高股息,27,7,20,第一金-台中,2023-05-15,5382
00786B,元大10年IG銀行債,20,0,20,第一金-台中,2023-05-15,5382
1584,精剛,20,0,20,第一金-台中,2023-05-15,5382
2364,倫飛,20,0,20,第一金-台中,2023-05-15,5382
5284,jpp-KY,35,15,20,第一金-台中,2023-05-15,5382
00632R,元大台灣50反1,20,5,15,第一金-台中,2023-05-15,5382
3710,連展投控,15,0,15,第一金-台中,2023-05-15,5382
2603,長榮,20,6,14,第一金-台中,2023-05-15,5382
1101,台泥,26,12,14,第一金-台中,2023-05-15,5382
00772B,中信高評級公司債,14,0,14,第一金-台中,2023-05-15,5382
2913,農林,12,0,12,第一金-台中,2023-05-15,5382
4123,晟德,32,20,12,第一金-台中,2023-05-15,5382
00891,中信關鍵半導體,11,1,10,第一金-台中,2023-05-15,5382
1506,正道,11,1,10,第一金-台中,2023-05-15,5382
3025,星通,10,0,10,第一金-台中,2023-05-15,5382
4128,中天,10,0,10,第一金-台中,2023-05-15,5382
6122,擎邦,10,0,10,第一金-台中,2023-05-15,5382
6223,旺矽,10,0,10,第一金-台中,2023-05-15,5382
3046,建��,12,3,9,第一金-台中,2023-05-15,5382
6227,茂綸,9,0,9,第一金-台中,2023-05-15,5382
2317,鴻海,8,0,8,第一金-台中,2023-05-15,5382
5258,虹堡,8,0,8,第一金-台中,2023-05-15,5382
2344,華邦電,9,2,7,第一金-台中,2023-05-15,5382
3017,奇鋐,7,0,7,第一金-台中,2023-05-15,5382
2886,兆豐金,6,0,6,第一金-台中,2023-05-15,5382
2734,易飛網,6,0,6,第一金-台中,2023-05-15,5382
3028,增你強,6,0,6,第一金-台中,2023-05-15,5382
6404,通訊-KY,6,0,6,第一金-台中,2023-05-15,5382
6443,元晶,7,1,6,第一金-台中,2023-05-15,5382
1605,華新,6,1,5,第一金-台中,2023-05-15,5382
1810,和成,5,0,5,第一金-台中,2023-05-15,5382
2911,麗嬰房,5,0,5,第一金-台中,2023-05-15,5382
3576,聯合再生,25,20,5,第一金-台中,2023-05-15,5382
4121,優盛,6,1,5,第一金-台中,2023-05-15,5382
4979,華星光,5,0,5,第一金-台中,2023-05-15,5382
5410,國眾,5,0,5,第一金-台中,2023-05-15,5382
6689,伊雲谷,6,1,5,第一金-台中,2023-05-15,5382
00888,永豐台灣ESG,6,1,5,第一金-台中,2023-05-15,5382
2634,漢翔,6,2,4,第一金-台中,2023-05-15,5382
00679B,元大美債20年,4,0,4,第一金-台中,2023-05-15,5382
6285,啟��,4,0,4,第一金-台中,2023-05-15,5382
00720B,元大投資級公司債,4,0,4,第一金-台中,2023-05-15,5382
00923,群益台ESG低碳50,4,0,4,第一金-台中,2023-05-15,5382
2323,中環,345,43,302,第一金-台中,2023-05-16,5382
00720B,元大投資級公司債,58,0,58,第一金-台中,2023-05-16,5382
00751B,元大AAA至A公司債,53,0,53,第一金-台中,2023-05-16,5382
6243,迅杰,31,0,31,第一金-台中,2023-05-16,5382
8426,紅木-KY,35,9,26,第一金-台中,2023-05-16,5382
8011,台通,29,5,24,第一金-台中,2023-05-16,5382
1905,華紙,29,6,23,第一金-台中,2023-05-16,5382
2382,廣達,27,5,22,第一金-台中,2023-05-16,5382
3363,上詮,81,60,21,第一金-台中,2023-05-16,5382
00772B,中信高評級公司債,23,4,19,第一金-台中,2023-05-16,5382
1210,大成,20,1,19,第一金-台中,2023-05-16,5382
2618,長榮航,35,18,17,第一金-台中,2023-05-16,5382
1506,正道,16,0,16,第一金-台中,2023-05-16,5382
00786B,元大10年IG銀行債,15,0,15,第一金-台中,2023-05-16,5382
00680L,元大美債20正2,25,10,15,第一金-台中,2023-05-16,5382
2601,益航,16,1,15,第一金-台中,2023-05-16,5382
4541,晟田,17,2,15,第一金-台中,2023-05-16,5382
8076,伍豐,23,9,14,第一金-台中,2023-05-16,5382
1711,永光,20,7,13,第一金-台中,2023-05-16,5382
4916,事欣科,12,0,12,第一金-台中,2023-05-16,5382
3715,定穎投控,18,7,11,第一金-台中,2023-05-16,5382
1568,倉佑,10,0,10,第一金-台中,2023-05-16,5382
3689,湧德,10,0,10,第一金-台中,2023-05-16,5382
3037,欣興,14,5,9,第一金-台中,2023-05-16,5382
1101,台泥,12,3,9,第一金-台中,2023-05-16,5382
1608,華榮,13,4,9,第一金-台中,2023-05-16,5382
4746,台耀,9,0,9,第一金-台中,2023-05-16,5382
9105,泰金寶-DR,9,0,9,第一金-台中,2023-05-16,5382
00651R,復華香港反1,37,30,7,第一金-台中,2023-05-16,5382
3202,樺晟,8,1,7,第一金-台中,2023-05-16,5382
6122,擎邦,9,2,7,第一金-台中,2023-05-16,5382
00857B,永豐20年美公債,6,0,6,第一金-台中,2023-05-16,5382
2637,慧洋-KY,6,0,6,第一金-台中,2023-05-16,5382
4123,晟德,15,9,6,第一金-台中,2023-05-16,5382
6404,通訊-KY,6,0,6,第一金-台中,2023-05-16,5382
6558,興能高,6,0,6,第一金-台中,2023-05-16,5382
8935,邦泰,6,0,6,第一金-台中,2023-05-16,5382
1789,神隆,5,0,5,第一金-台中,2023-05-16,5382
6415,矽力*-KY,11,6,5,第一金-台中,2023-05-16,5382
00662,富邦NASDAQ,5,0,5,第一金-台中,2023-05-16,5382
2731,雄獅,21,16,5,第一金-台中,2023-05-16,5382
6165,浪凡,7,2,5,第一金-台中,2023-05-16,5382
8390,金益鼎,5,0,5,第一金-台中,2023-05-16,5382
1504,東元,6,2,4,第一金-台中,2023-05-16,5382
00725B,國泰投資級公司債,4,0,4,第一金-台中,2023-05-16,5382
1529,樂事綠能,4,0,4,第一金-台中,2023-05-16,5382
2409,友達,4,0,4,第一金-台中,2023-05-16,5382
2605,新興,5,1,4,第一金-台中,2023-05-16,5382
4114,健喬,4,0,4,第一金-台中,2023-05-16,5382
6116,彩晶,4,0,4,第一金-台中,2023-05-16,5382
9945,潤泰新,1255,3,1252,第一金-台中,2023-05-17,5382
2915,潤泰全,464,0,464,第一金-台中,2023-05-17,5382
3231,緯創,69,13,56,第一金-台中,2023-05-17,5382
3665,貿聯-KY,38,0,38,第一金-台中,2023-05-17,5382
2206,三陽工業,80,48,32,第一金-台中,2023-05-17,5382
3680,家登,30,0,30,第一金-台中,2023-05-17,5382
2630,亞航,31,1,30,第一金-台中,2023-05-17,5382
4138,曜亞,31,2,29,第一金-台中,2023-05-17,5382
2884,玉山金,30,3,27,第一金-台中,2023-05-17,5382
4123,晟德,28,2,26,第一金-台中,2023-05-17,5382
3704,合勤控,32,7,25,第一金-台中,2023-05-17,5382
00712,復華富時不動產,24,0,24,第一金-台中,2023-05-17,5382
2820,華票,20,0,20,第一金-台中,2023-05-17,5382
5905,南仁湖,20,0,20,第一金-台中,2023-05-17,5382
1795,美時,23,3,20,第一金-台中,2023-05-17,5382
3022,威強電,29,11,18,第一金-台中,2023-05-17,5382
1101,台泥,18,0,18,第一金-台中,2023-05-17,5382
00878,國泰永續高股息,33,15,18,第一金-台中,2023-05-17,5382
00772B,中信高評級公司債,17,0,17,第一金-台中,2023-05-17,5382
00720B,元大投資級公司債,17,0,17,第一金-台中,2023-05-17,5382
1905,華紙,21,4,17,第一金-台中,2023-05-17,5382
6712,長聖,15,0,15,第一金-台中,2023-05-17,5382
2890,永豐金,20,5,15,第一金-台中,2023-05-17,5382
5410,國眾,15,0,15,第一金-台中,2023-05-17,5382
2211,長榮鋼,13,0,13,第一金-台中,2023-05-17,5382
6282,康舒,13,0,13,第一金-台中,2023-05-17,5382
2236,百達-KY,10,0,10,第一金-台中,2023-05-17,5382
2736,富野,10,0,10,第一金-台中,2023-05-17,5382
3206,志豐,10,0,10,第一金-台中,2023-05-17,5382
4157,太景*-KY,10,0,10,第一金-台中,2023-05-17,5382
6198,瑞築,10,0,10,第一金-台中,2023-05-17,5382
6288,聯嘉,25,15,10,第一金-台中,2023-05-17,5382
3046,建��,27,18,9,第一金-台中,2023-05-17,5382
6874,倍力,11,2,9,第一金-台中,2023-05-17,5382
00751B,元大AAA至A公司債,8,0,8,第一金-台中,2023-05-17,5382
9105,泰金寶-DR,8,0,8,第一金-台中,2023-05-17,5382
00662,富邦NASDAQ,7,0,7,第一金-台中,2023-05-17,5382
2402,毅嘉,34,27,7,第一金-台中,2023-05-17,5382
2745,五福,8,1,7,第一金-台中,2023-05-17,5382
3017,奇鋐,9,2,7,第一金-台中,2023-05-17,5382
00902,中信電池及儲能,6,0,6,第一金-台中,2023-05-17,5382
1752,南光,11,5,6,第一金-台中,2023-05-17,5382
5703,亞都,6,0,6,第一金-台中,2023-05-17,5382
6625,必應,8,2,6,第一金-台中,2023-05-17,5382
8478,東哥遊艇,8,2,6,第一金-台中,2023-05-17,5382
2324,仁寶,7,1,6,第一金-台中,2023-05-17,5382
00713,元大台灣高息低波,7,2,5,第一金-台中,2023-05-17,5382
2618,長榮航,43,38,5,第一金-台中,2023-05-17,5382
1519,華城,6,1,5,第一金-台中,2023-05-17,5382
1568,倉佑,5,0,5,第一金-台中,2023-05-17,5382
00632R,元大台灣50反1,605,0,605,第一金-台中,2023-05-18,5382
00637L,元大滬深300正2,301,1,300,第一金-台中,2023-05-18,5382
2882,國泰金,101,5,96,第一金-台中,2023-05-18,5382
3003,健和興,47,0,47,第一金-台中,2023-05-18,5382
2402,毅嘉,35,1,34,第一金-台中,2023-05-18,5382
1737,臺鹽,30,0,30,第一金-台中,2023-05-18,5382
8930,青鋼,30,0,30,第一金-台中,2023-05-18,5382
1504,東元,74,49,25,第一金-台中,2023-05-18,5382
1503,士電,55,31,24,第一金-台中,2023-05-18,5382
2204,中華,21,0,21,第一金-台中,2023-05-18,5382
2630,亞航,51,30,21,第一金-台中,2023-05-18,5382
00708L,期元大S＆P黃金正2,20,0,20,第一金-台中,2023-05-18,5382
3715,定穎投控,45,25,20,第一金-台中,2023-05-18,5382
6218,豪勉,21,1,20,第一金-台中,2023-05-18,5382
2851,中再保,15,0,15,第一金-台中,2023-05-18,5382
8935,邦泰,15,0,15,第一金-台中,2023-05-18,5382
00679B,元大美債20年,14,0,14,第一金-台中,2023-05-18,5382
1529,樂事綠能,19,5,14,第一金-台中,2023-05-18,5382
4128,中天,13,0,13,第一金-台中,2023-05-18,5382
6770,力積電,13,1,12,第一金-台中,2023-05-18,5382
00772B,中信高評級公司債,11,0,11,第一金-台中,2023-05-18,5382
2634,漢翔,13,2,11,第一金-台中,2023-05-18,5382
1783,和康生,11,0,11,第一金-台中,2023-05-18,5382
1796,金穎生技,11,0,11,第一金-台中,2023-05-18,5382
1210,大成,11,0,11,第一金-台中,2023-05-18,5382
2002,中鋼,11,0,11,第一金-台中,2023-05-18,5382
2457,飛宏,61,51,10,第一金-台中,2023-05-18,5382
5211,蒙恬,15,5,10,第一金-台中,2023-05-18,5382
1101,台泥,10,0,10,第一金-台中,2023-05-18,5382
00738U,期元大道瓊白銀,10,0,10,第一金-台中,2023-05-18,5382
3704,合勤控,45,35,10,第一金-台中,2023-05-18,5382
6245,立端,10,0,10,第一金-台中,2023-05-18,5382
9944,新麗,10,0,10,第一金-台中,2023-05-18,5382
00720B,元大投資級公司債,9,0,9,第一金-台中,2023-05-18,5382
00680L,元大美債20正2,9,0,9,第一金-台中,2023-05-18,5382
6282,康舒,15,6,9,第一金-台中,2023-05-18,5382
6712,長聖,10,1,9,第一金-台中,2023-05-18,5382
00900,富邦特選高股息30,10,2,8,第一金-台中,2023-05-18,5382
00878,國泰永續高股息,26,17,9,第一金-台中,2023-05-18,5382
00650L,復華香港正2,8,0,8,第一金-台中,2023-05-18,5382
1609,大亞,13,5,8,第一金-台中,2023-05-18,5382
2312,金寶,8,0,8,第一金-台中,2023-05-18,5382
2421,建準,8,1,7,第一金-台中,2023-05-18,5382
3046,建��,12,5,7,第一金-台中,2023-05-18,5382
3362,先進光,14,7,7,第一金-台中,2023-05-18,5382
6689,伊雲谷,8,1,7,第一金-台中,2023-05-18,5382
8155,博智,8,1,7,第一金-台中,2023-05-18,5382
1802,台玻,7,0,7,第一金-台中,2023-05-18,5382
1519,華城,20,13,7,第一金-台中,2023-05-18,5382
2887,台新金,7,1,6,第一金-台中,2023-05-18,5382
2603,長榮,401,1,400,第一金-台中,2023-05-19,5382
3025,星通,166,9,157,第一金-台中,2023-05-19,5382
3029,零壹,68,13,55,第一金-台中,2023-05-19,5382
2748,雲品,53,9,44,第一金-台中,2023-05-19,5382
3715,定穎投控,44,7,37,第一金-台中,2023-05-19,5382
00753L,中信中國50正2,30,2,28,第一金-台中,2023-05-19,5382
1101,台泥,25,2,23,第一金-台中,2023-05-19,5382
00662,富邦NASDAQ,21,0,21,第一金-台中,2023-05-19,5382
2739,寒舍,20,0,20,第一金-台中,2023-05-19,5382
2851,中再保,20,0,20,第一金-台中,2023-05-19,5382
3710,連展投控,20,0,20,第一金-台中,2023-05-19,5382
5907,大洋-KY,20,0,20,第一金-台中,2023-05-19,5382
00919,群益台灣精選高息,18,0,18,第一金-台中,2023-05-19,5382
5243,乙盛-KY,31,13,18,第一金-台中,2023-05-19,5382
6404,通訊-KY,17,0,17,第一金-台中,2023-05-19,5382
8930,青鋼,17,0,17,第一金-台中,2023-05-19,5382
00715L,期街口布蘭特正2,15,0,15,第一金-台中,2023-05-19,5382
00674R,期元大S＆P黃金反1,15,0,15,第一金-台中,2023-05-19,5382
8011,台通,15,1,14,第一金-台中,2023-05-19,5382
2883,凱基金,14,0,14,第一金-台中,2023-05-19,5382
2453,凌群,14,1,13,第一金-台中,2023-05-19,5382
2382,廣達,18,5,13,第一金-台中,2023-05-19,5382
1605,華新,24,12,12,第一金-台中,2023-05-19,5382
00633L,富邦上証正2,15,4,11,第一金-台中,2023-05-19,5382
1305,華夏,11,0,11,第一金-台中,2023-05-19,5382
2495,普安,13,2,11,第一金-台中,2023-05-19,5382
00738U,期元大道瓊白銀,10,0,10,第一金-台中,2023-05-19,5382
2504,國產,10,0,10,第一金-台中,2023-05-19,5382
2723,美食-KY,10,0,10,第一金-台中,2023-05-19,5382
6829,千附精密,10,0,10,第一金-台中,2023-05-19,5382
6282,康舒,44,35,9,第一金-台中,2023-05-19,5382
6517,保勝光學,10,1,9,第一金-台中,2023-05-19,5382
3362,先進光,14,6,8,第一金-台中,2023-05-19,5382
6190,萬泰科,8,0,8,第一金-台中,2023-05-19,5382
2317,鴻海,8,1,7,第一金-台中,2023-05-19,5382
00751B,元大AAA至A公司債,7,0,7,第一金-台中,2023-05-19,5382
00923,群益台ESG低碳50,7,0,7,第一金-台中,2023-05-19,5382
1584,精剛,7,0,7,第一金-台中,2023-05-19,5382
1609,大亞,19,12,7,第一金-台中,2023-05-19,5382
3324,雙鴻,17,10,7,第一金-台中,2023-05-19,5382
5371,中光電,14,7,7,第一金-台中,2023-05-19,5382
6235,華孚,28,22,6,第一金-台中,2023-05-19,5382
00687B,國泰20年美債,6,0,6,第一金-台中,2023-05-19,5382
00857B,永豐20年美公債,6,0,6,第一金-台中,2023-05-19,5382
00772B,中信高評級公司債,6,0,6,第一金-台中,2023-05-19,5382
1784,訊聯,6,0,6,第一金-台中,2023-05-19,5382
1907,永豐餘,6,0,6,第一金-台中,2023-05-19,5382
2002,中鋼,6,0,6,第一金-台中,2023-05-19,5382
2338,光罩,6,0,6,第一金-台中,2023-05-19,5382
2356,英業達,6,0,6,第一金-台中,2023-05-19,5382
2603,長榮,701,5,696,第一金-台中,2023-05-22,5382
8085,福華,200,0,200,第一金-台中,2023-05-22,5382
2618,長榮航,180,100,80,第一金-台中,2023-05-22,5382
00715L,期街口布蘭特正2,61,4,57,第一金-台中,2023-05-22,5382
2633,台灣高鐵,55,3,52,第一金-台中,2023-05-22,5382
1608,華榮,35,0,35,第一金-台中,2023-05-22,5382
1513,中興電,92,60,32,第一金-台中,2023-05-22,5382
6535,順藥,30,0,30,第一金-台中,2023-05-22,5382
2634,漢翔,54,29,25,第一金-台中,2023-05-22,5382
2303,聯電,23,0,23,第一金-台中,2023-05-22,5382
5009,榮剛,23,0,23,第一金-台中,2023-05-22,5382
6282,康舒,57,34,23,第一金-台中,2023-05-22,5382
2609,陽明,28,7,21,第一金-台中,2023-05-22,5382
2025,千興,20,0,20,第一金-台中,2023-05-22,5382
5608,四維航,20,0,20,第一金-台中,2023-05-22,5382
00712,復華富時不動產,20,0,20,第一金-台中,2023-05-22,5382
3178,公準,22,3,19,第一金-台中,2023-05-22,5382
8930,青鋼,19,0,19,第一金-台中,2023-05-22,5382
8222,寶一,22,5,17,第一金-台中,2023-05-22,5382
5706,鳳凰,19,2,17,第一金-台中,2023-05-22,5382
1101,台泥,29,13,16,第一金-台中,2023-05-22,5382
1519,華城,22,8,14,第一金-台中,2023-05-22,5382
2748,雲品,20,7,13,第一金-台中,2023-05-22,5382
2031,新光鋼,12,0,12,第一金-台中,2023-05-22,5382
1528,恩德,11,0,11,第一金-台中,2023-05-22,5382
2605,新興,10,0,10,第一金-台中,2023-05-22,5382
3652,精聯,10,0,10,第一金-台中,2023-05-22,5382
6275,元山,10,0,10,第一金-台中,2023-05-22,5382
6405,悅城,10,0,10,第一金-台中,2023-05-22,5382
00720B,元大投資級公司債,9,0,9,第一金-台中,2023-05-22,5382
3617,碩天,9,0,9,第一金-台中,2023-05-22,5382
4128,中天,9,0,9,第一金-台中,2023-05-22,5382
8101,華冠,9,0,9,第一金-台中,2023-05-22,5382
6418,詠昇,7,0,7,第一金-台中,2023-05-22,5382
3037,欣興,9,2,7,第一金-台中,2023-05-22,5382
2421,建準,6,0,6,第一金-台中,2023-05-22,5382
00679B,元大美債20年,6,1,5,第一金-台中,2023-05-22,5382
2352,佳世達,7,2,5,第一金-台中,2023-05-22,5382
00690,兆豐藍籌30,5,0,5,第一金-台中,2023-05-22,5382
1605,華新,5,0,5,第一金-台中,2023-05-22,5382
1795,美時,8,3,5,第一金-台中,2023-05-22,5382
1307,三芳,5,0,5,第一金-台中,2023-05-22,5382
1612,宏泰,5,0,5,第一金-台中,2023-05-22,5382
2542,興富發,5,0,5,第一金-台中,2023-05-22,5382
2731,雄獅,8,3,5,第一金-台中,2023-05-22,5382
4402,郡都開發,5,0,5,第一金-台中,2023-05-22,5382
5465,富驊,5,0,5,第一金-台中,2023-05-22,5382
6122,擎邦,5,0,5,第一金-台中,2023-05-22,5382
6203,海韻電,5,0,5,第一金-台中,2023-05-22,5382
00687B,國泰20年美債,5,0,5,第一金-台中,2023-05-22,5382
1905,華紙,74,28,46,第一金-台中,2023-05-23,5382
3231,緯創,66,32,34,第一金-台中,2023-05-23,5382
2332,友訊,32,1,31,第一金-台中,2023-05-23,5382
8011,台通,26,0,26,第一金-台中,2023-05-23,5382
6112,邁達特,37,13,24,第一金-台中,2023-05-23,5382
6245,立端,21,0,21,第一金-台中,2023-05-23,5382
00720B,元大投資級公司債,16,0,16,第一金-台中,2023-05-23,5382
2442,新美齊,18,2,16,第一金-台中,2023-05-23,5382
2027,大成鋼,15,0,15,第一金-台中,2023-05-23,5382
5608,四維航,15,0,15,第一金-台中,2023-05-23,5382
6235,華孚,22,7,15,第一金-台中,2023-05-23,5382
8932,智通*,15,0,15,第一金-台中,2023-05-23,5382
00882,中信中國高股息,14,0,14,第一金-台中,2023-05-23,5382
4541,晟田,34,20,14,第一金-台中,2023-05-23,5382
00662,富邦NASDAQ,13,0,13,第一金-台中,2023-05-23,5382
1906,寶隆,13,0,13,第一金-台中,2023-05-23,5382
5258,虹堡,20,7,13,第一金-台中,2023-05-23,5382
3481,群創,16,4,12,第一金-台中,2023-05-23,5382
1514,亞力,32,20,12,第一金-台中,2023-05-23,5382
8358,金居,12,0,12,第一金-台中,2023-05-23,5382
3078,僑威,37,26,11,第一金-台中,2023-05-23,5382
8097,常珵,11,0,11,第一金-台中,2023-05-23,5382
00632R,元大台灣50反1,11,0,11,第一金-台中,2023-05-23,5382
3029,零壹,13,3,10,第一金-台中,2023-05-23,5382
1506,正道,10,0,10,第一金-台中,2023-05-23,5382
2515,中工,10,0,10,第一金-台中,2023-05-23,5382
4931,新盛力,10,0,10,第一金-台中,2023-05-23,5382
5425,台半,10,0,10,第一金-台中,2023-05-23,5382
6233,旺玖,11,1,10,第一金-台中,2023-05-23,5382
2913,農林,10,1,9,第一金-台中,2023-05-23,5382
6689,伊雲谷,17,8,9,第一金-台中,2023-05-23,5382
4147,中裕,18,10,8,第一金-台中,2023-05-23,5382
5324,士開,8,0,8,第一金-台中,2023-05-23,5382
8121,越峰,8,0,8,第一金-台中,2023-05-23,5382
1101,台泥,7,0,7,第一金-台中,2023-05-23,5382
00878,國泰永續高股息,10,3,7,第一金-台中,2023-05-23,5382
1605,華新,8,1,7,第一金-台中,2023-05-23,5382
2324,仁寶,7,0,7,第一金-台中,2023-05-23,5382
3025,星通,9,2,7,第一金-台中,2023-05-23,5382
00893,國泰智能電動車,6,0,6,第一金-台中,2023-05-23,5382
2305,全友,6,0,6,第一金-台中,2023-05-23,5382
00679B,元大美債20年,11,6,5,第一金-台中,2023-05-23,5382
00690,兆豐藍籌30,5,0,5,第一金-台中,2023-05-23,5382
00713,元大台灣高息低波,5,0,5,第一金-台中,2023-05-23,5382
1710,東聯,5,0,5,第一金-台中,2023-05-23,5382
2387,精元,6,1,5,第一金-台中,2023-05-23,5382
3004,豐達科,6,1,5,第一金-台中,2023-05-23,5382
3205,佰研,11,6,5,第一金-台中,2023-05-23,5382
4909,新復興,9,4,5,第一金-台中,2023-05-23,5382
5351,鈺創,7,2,5,第一金-台中,2023-05-23,5382
2603,長榮,400,5,395,第一金-台中,2023-05-24,5382
2457,飛宏,273,169,104,第一金-台中,2023-05-24,5382
2405,輔信,100,0,100,第一金-台中,2023-05-24,5382
00882,中信中國高股息,56,0,56,第一金-台中,2023-05-24,5382
2913,農林,40,0,40,第一金-台中,2023-05-24,5382
2618,長榮航,87,56,31,第一金-台中,2023-05-24,5382
4931,新盛力,37,11,26,第一金-台中,2023-05-24,5382
00878,國泰永續高股息,33,8,25,第一金-台中,2023-05-24,5382
2515,中工,23,0,23,第一金-台中,2023-05-24,5382
2206,三陽工業,24,2,22,第一金-台中,2023-05-24,5382
1616,億泰,21,0,21,第一金-台中,2023-05-24,5382
2702,華園,20,0,20,第一金-台中,2023-05-24,5382
2399,映泰,23,6,17,第一金-台中,2023-05-24,5382
8085,福華,15,0,15,第一金-台中,2023-05-24,5382
2204,中華,20,7,13,第一金-台中,2023-05-24,5382
4128,中天,13,0,13,第一金-台中,2023-05-24,5382
1432,大魯閣,15,2,13,第一金-台中,2023-05-24,5382
2705,六福,47,35,12,第一金-台中,2023-05-24,5382
2323,中環,13,1,12,第一金-台中,2023-05-24,5382
3363,上詮,11,0,11,第一金-台中,2023-05-24,5382
1471,首利,10,0,10,第一金-台中,2023-05-24,5382
1617,榮星,10,0,10,第一金-台中,2023-05-24,5382
2637,慧洋-KY,10,0,10,第一金-台中,2023-05-24,5382
3234,光環,10,0,10,第一金-台中,2023-05-24,5382
2706,第一店,16,6,10,第一金-台中,2023-05-24,5382
3228,金麗科,9,0,9,第一金-台中,2023-05-24,5382
4541,晟田,15,6,9,第一金-台中,2023-05-24,5382
3701,大眾控,17,8,9,第一金-台中,2023-05-24,5382
8930,青鋼,13,5,8,第一金-台中,2023-05-24,5382
1605,華新,10,3,7,第一金-台中,2023-05-24,5382
1611,中電,7,0,7,第一金-台中,2023-05-24,5382
2402,毅嘉,22,15,7,第一金-台中,2023-05-24,5382
3419,譁裕,7,0,7,第一金-台中,2023-05-24,5382
6244,茂迪,7,0,7,第一金-台中,2023-05-24,5382
2834,臺企銀,7,0,7,第一金-台中,2023-05-24,5382
00712,復華富時不動產,7,0,7,第一金-台中,2023-05-24,5382
2630,亞航,44,38,6,第一金-台中,2023-05-24,5382
0050,元大台灣50,6,0,6,第一金-台中,2023-05-24,5382
00665L,富邦�琤肭磪囓�2,113,107,6,第一金-台中,2023-05-24,5382
00645,富邦日本,6,0,6,第一金-台中,2023-05-24,5382
2031,新光鋼,7,1,6,第一金-台中,2023-05-24,5382
4121,優盛,6,0,6,第一金-台中,2023-05-24,5382
5243,乙盛-KY,7,1,6,第一金-台中,2023-05-24,5382
6689,伊雲谷,29,23,6,第一金-台中,2023-05-24,5382
00637L,元大滬深300正2,5,0,5,第一金-台中,2023-05-24,5382
00720B,元大投資級公司債,5,0,5,第一金-台中,2023-05-24,5382
00632R,元大台灣50反1,5,0,5,第一金-台中,2023-05-24,5382
2633,台灣高鐵,10,5,5,第一金-台中,2023-05-24,5382
2867,三商壽,5,0,5,第一金-台中,2023-05-24,5382
3078,僑威,7,2,5,第一金-台中,2023-05-24,5382
2388,威盛,155,9,146,第一金-台中,2023-05-25,5382
2349,錸德,103,3,100,第一金-台中,2023-05-25,5382
00882,中信中國高股息,100,0,100,第一金-台中,2023-05-25,5382
3025,星通,52,5,47,第一金-台中,2023-05-25,5382
3231,緯創,222,177,45,第一金-台中,2023-05-25,5382
3701,大眾控,47,7,40,第一金-台中,2023-05-25,5382
2748,雲品,44,5,39,第一金-台中,2023-05-25,5382
8011,台通,45,9,36,第一金-台中,2023-05-25,5382
00712,復華富時不動產,35,0,35,第一金-台中,2023-05-25,5382
00753L,中信中國50正2,35,0,35,第一金-台中,2023-05-25,5382
1584,精剛,28,1,27,第一金-台中,2023-05-25,5382
2402,毅嘉,26,4,22,第一金-台中,2023-05-25,5382
2406,國碩,20,0,20,第一金-台中,2023-05-25,5382
5009,榮剛,20,0,20,第一金-台中,2023-05-25,5382
6116,彩晶,20,0,20,第一金-台中,2023-05-25,5382
4564,元翎,33,14,19,第一金-台中,2023-05-25,5382
2548,華固,18,0,18,第一金-台中,2023-05-25,5382
2344,華邦電,27,10,17,第一金-台中,2023-05-25,5382
00673R,期元大S＆P原油反1,17,0,17,第一金-台中,2023-05-25,5382
2409,友達,14,0,14,第一金-台中,2023-05-25,5382
3325,旭品,19,6,13,第一金-台中,2023-05-25,5382
4128,中天,13,0,13,第一金-台中,2023-05-25,5382
00632R,元大台灣50反1,112,100,12,第一金-台中,2023-05-25,5382
2208,台船,13,1,12,第一金-台中,2023-05-25,5382
1609,大亞,38,26,12,第一金-台中,2023-05-25,5382
8155,博智,16,4,12,第一金-台中,2023-05-25,5382
00687B,國泰20年美債,11,0,11,第一金-台中,2023-05-25,5382
1907,永豐餘,11,0,11,第一金-台中,2023-05-25,5382
3628,盈正,11,0,11,第一金-台中,2023-05-25,5382
00662,富邦NASDAQ,10,0,10,第一金-台中,2023-05-25,5382
00637L,元大滬深300正2,10,0,10,第一金-台中,2023-05-25,5382
1310,台苯,12,2,10,第一金-台中,2023-05-25,5382
3707,漢磊,10,0,10,第一金-台中,2023-05-25,5382
2323,中環,12,2,10,第一金-台中,2023-05-25,5382
2356,英業達,15,6,9,第一金-台中,2023-05-25,5382
2867,三商壽,9,0,9,第一金-台中,2023-05-25,5382
2891,中信金,9,0,9,第一金-台中,2023-05-25,5382
6689,伊雲谷,37,28,9,第一金-台中,2023-05-25,5382
1314,中石化,8,0,8,第一金-台中,2023-05-25,5382
1605,華新,8,0,8,第一金-台中,2023-05-25,5382
2025,千興,8,0,8,第一金-台中,2023-05-25,5382
2353,宏��,10,2,8,第一金-台中,2023-05-25,5382
3287,廣寰科,8,0,8,第一金-台中,2023-05-25,5382
6789,采鈺,8,0,8,第一金-台中,2023-05-25,5382
3481,群創,12,4,8,第一金-台中,2023-05-25,5382
1504,東元,13,6,7,第一金-台中,2023-05-25,5382
2002,中鋼,7,0,7,第一金-台中,2023-05-25,5382
2399,映泰,11,4,7,第一金-台中,2023-05-25,5382
00772B,中信高評級公司債,7,0,7,第一金-台中,2023-05-25,5382
1101,台泥,14,8,6,第一金-台中,2023-05-25,5382
00632R,元大台灣50反1,122,15,107,第一金-台中,2023-05-26,5382
00712,復華富時不動產,58,0,58,第一金-台中,2023-05-26,5382
1560,中砂,53,0,53,第一金-台中,2023-05-26,5382
3540,曜越,53,3,50,第一金-台中,2023-05-26,5382
3481,群創,49,4,45,第一金-台中,2023-05-26,5382
2303,聯電,54,14,40,第一金-台中,2023-05-26,5382
6116,彩晶,35,0,35,第一金-台中,2023-05-26,5382
3094,聯傑,43,10,33,第一金-台中,2023-05-26,5382
5443,均豪,31,2,29,第一金-台中,2023-05-26,5382
00882,中信中國高股息,28,0,28,第一金-台中,2023-05-26,5382
1591,駿吉-KY,26,0,26,第一金-台中,2023-05-26,5382
1718,中纖,21,0,21,第一金-台中,2023-05-26,5382
2371,大同,22,1,21,第一金-台中,2023-05-26,5382
3264,欣銓,28,7,21,第一金-台中,2023-05-26,5382
3628,盈正,20,0,20,第一金-台中,2023-05-26,5382
5706,鳳凰,45,25,20,第一金-台中,2023-05-26,5382
8069,元太,26,6,20,第一金-台中,2023-05-26,5382
2495,普安,21,2,19,第一金-台中,2023-05-26,5382
2323,中環,34,18,16,第一金-台中,2023-05-26,5382
2425,承啟,25,10,15,第一金-台中,2023-05-26,5382
3265,台星科,25,10,15,第一金-台中,2023-05-26,5382
4128,中天,16,1,15,第一金-台中,2023-05-26,5382
4979,華星光,28,14,14,第一金-台中,2023-05-26,5382
2883,凱基金,13,0,13,第一金-台中,2023-05-26,5382
1609,大亞,31,19,12,第一金-台中,2023-05-26,5382
5284,jpp-KY,12,0,12,第一金-台中,2023-05-26,5382
6282,康舒,27,15,12,第一金-台中,2023-05-26,5382
3037,欣興,35,24,11,第一金-台中,2023-05-26,5382
1305,華夏,11,0,11,第一金-台中,2023-05-26,5382
2421,建準,58,47,11,第一金-台中,2023-05-26,5382
6111,大宇資,16,5,11,第一金-台中,2023-05-26,5382
2356,英業達,44,34,10,第一金-台中,2023-05-26,5382
1617,榮星,10,0,10,第一金-台中,2023-05-26,5382
2247,汎德永業,10,0,10,第一金-台中,2023-05-26,5382
2431,聯昌,10,0,10,第一金-台中,2023-05-26,5382
2443,昶虹,10,0,10,第一金-台中,2023-05-26,5382
2515,中工,10,0,10,第一金-台中,2023-05-26,5382
8028,昇陽半導體,10,0,10,第一金-台中,2023-05-26,5382
1506,正道,9,0,9,第一金-台中,2023-05-26,5382
4804,大略-KY,9,0,9,第一金-台中,2023-05-26,5382
5607,遠雄港,10,1,9,第一金-台中,2023-05-26,5382
2208,台船,9,1,8,第一金-台中,2023-05-26,5382
1504,東元,16,8,8,第一金-台中,2023-05-26,5382
4564,元翎,13,5,8,第一金-台中,2023-05-26,5382
4976,佳凌,8,0,8,第一金-台中,2023-05-26,5382
6234,高僑,8,0,8,第一金-台中,2023-05-26,5382
1605,華新,10,3,7,第一金-台中,2023-05-26,5382
4147,中裕,12,5,7,第一金-台中,2023-05-26,5382
00662,富邦NASDAQ,8,1,7,第一金-台中,2023-05-26,5382
2002,中鋼,7,0,7,第一金-台中,2023-05-26,5382
00637L,元大滬深300正2,150,0,150,第一金-台中,2023-05-29,5382
3706,神達,55,12,43,第一金-台中,2023-05-29,5382
1905,華紙,46,5,41,第一金-台中,2023-05-29,5382
2630,亞航,42,6,36,第一金-台中,2023-05-29,5382
2425,承啟,34,1,33,第一金-台中,2023-05-29,5382
00679B,元大美債20年,35,5,30,第一金-台中,2023-05-29,5382
3078,僑威,38,8,30,第一金-台中,2023-05-29,5382
5328,華容,27,0,27,第一金-台中,2023-05-29,5382
1503,士電,32,5,27,第一金-台中,2023-05-29,5382
00882,中信中國高股息,25,0,25,第一金-台中,2023-05-29,5382
3231,緯創,188,165,23,第一金-台中,2023-05-29,5382
6584,南俊國際,21,0,21,第一金-台中,2023-05-29,5382
5465,富驊,22,3,19,第一金-台中,2023-05-29,5382
2371,大同,50,31,19,第一金-台中,2023-05-29,5382
5905,南仁湖,17,0,17,第一金-台中,2023-05-29,5382
3576,聯合再生,20,4,16,第一金-台中,2023-05-29,5382
2489,瑞軒,15,0,15,第一金-台中,2023-05-29,5382
6116,彩晶,20,5,15,第一金-台中,2023-05-29,5382
2609,陽明,17,3,14,第一金-台中,2023-05-29,5382
00662,富邦NASDAQ,14,0,14,第一金-台中,2023-05-29,5382
8932,智通*,14,0,14,第一金-台中,2023-05-29,5382
2409,友達,13,0,13,第一金-台中,2023-05-29,5382
6197,佳必琪,13,0,13,第一金-台中,2023-05-29,5382
8150,南茂,13,0,13,第一金-台中,2023-05-29,5382
4977,眾達-KY,26,13,13,第一金-台中,2023-05-29,5382
2002,中鋼,12,0,12,第一金-台中,2023-05-29,5382
5425,台半,19,7,12,第一金-台中,2023-05-29,5382
8011,台通,12,0,12,第一金-台中,2023-05-29,5382
2317,鴻海,24,13,11,第一金-台中,2023-05-29,5382
00673R,期元大S＆P原油反1,11,0,11,第一金-台中,2023-05-29,5382
1513,中興電,17,6,11,第一金-台中,2023-05-29,5382
1608,華榮,11,0,11,第一金-台中,2023-05-29,5382
2449,京元電子,13,2,11,第一金-台中,2023-05-29,5382
2603,長榮,18,7,11,第一金-台中,2023-05-29,5382
2338,光罩,10,0,10,第一金-台中,2023-05-29,5382
00928,中信上櫃ESG30,10,0,10,第一金-台中,2023-05-29,5382
1506,正道,10,0,10,第一金-台中,2023-05-29,5382
2399,映泰,28,18,10,第一金-台中,2023-05-29,5382
2443,昶虹,10,0,10,第一金-台中,2023-05-29,5382
2851,中再保,10,0,10,第一金-台中,2023-05-29,5382
6167,久正,11,1,10,第一金-台中,2023-05-29,5382
6235,華孚,32,22,10,第一金-台中,2023-05-29,5382
3206,志豐,9,0,9,第一金-台中,2023-05-29,5382
3617,碩天,10,1,9,第一金-台中,2023-05-29,5382
5009,榮剛,10,1,9,第一金-台中,2023-05-29,5382
00713,元大台灣高息低波,8,0,8,第一金-台中,2023-05-29,5382
3083,網龍,8,0,8,第一金-台中,2023-05-29,5382
2882,國泰金,17,9,8,第一金-台中,2023-05-29,5382
2323,中環,11,4,7,第一金-台中,2023-05-29,5382
3006,晶豪科,16,9,7,第一金-台中,2023-05-29,5382
2610,華航,142,67,75,第一金-台中,2023-05-30,5382
2356,英業達,141,69,72,第一金-台中,2023-05-30,5382
8011,台通,55,2,53,第一金-台中,2023-05-30,5382
2382,廣達,53,14,39,第一金-台中,2023-05-30,5382
2888,新光金,30,0,30,第一金-台中,2023-05-30,5382
3081,聯亞,28,1,27,第一金-台中,2023-05-30,5382
00923,群益台ESG低碳50,26,0,26,第一金-台中,2023-05-30,5382
1506,正道,23,0,23,第一金-台中,2023-05-30,5382
2371,大同,61,39,22,第一金-台中,2023-05-30,5382
4121,優盛,20,0,20,第一金-台中,2023-05-30,5382
6245,立端,19,1,18,第一金-台中,2023-05-30,5382
1608,華榮,15,0,15,第一金-台中,2023-05-30,5382
00882,中信中國高股息,19,5,14,第一金-台中,2023-05-30,5382
2388,威盛,16,2,14,第一金-台中,2023-05-30,5382
00715L,期街口布蘭特正2,15,2,13,第一金-台中,2023-05-30,5382
6125,廣運,17,4,13,第一金-台中,2023-05-30,5382
6282,康舒,16,3,13,第一金-台中,2023-05-30,5382
00712,復華富時不動產,13,0,13,第一金-台中,2023-05-30,5382
00670L,富邦NASDAQ正2,12,0,12,第一金-台中,2023-05-30,5382
6188,廣明,134,122,12,第一金-台中,2023-05-30,5382
0056,元大高股息,20,8,12,第一金-台中,2023-05-30,5382
00662,富邦NASDAQ,11,0,11,第一金-台中,2023-05-30,5382
2618,長榮航,56,45,11,第一金-台中,2023-05-30,5382
3323,加百裕,11,0,11,第一金-台中,2023-05-30,5382
2002,中鋼,11,0,11,第一金-台中,2023-05-30,5382
00773B,中信優先金融債,10,0,10,第一金-台中,2023-05-30,5382
1460,宏遠,10,0,10,第一金-台中,2023-05-30,5382
1609,大亞,17,7,10,第一金-台中,2023-05-30,5382
2331,精英,13,3,10,第一金-台中,2023-05-30,5382
3013,晟銘電,20,10,10,第一金-台中,2023-05-30,5382
5607,遠雄港,10,0,10,第一金-台中,2023-05-30,5382
6233,旺玖,10,0,10,第一金-台中,2023-05-30,5382
2399,映泰,20,11,9,第一金-台中,2023-05-30,5382
9944,新麗,10,1,9,第一金-台中,2023-05-30,5382
2892,第一金,9,0,9,第一金-台中,2023-05-30,5382
5425,台半,14,5,9,第一金-台中,2023-05-30,5382
00679B,元大美債20年,8,0,8,第一金-台中,2023-05-30,5382
1529,樂事綠能,8,0,8,第一金-台中,2023-05-30,5382
6218,豪勉,8,0,8,第一金-台中,2023-05-30,5382
2207,和泰車,8,0,8,第一金-台中,2023-05-30,5382
1560,中砂,7,0,7,第一金-台中,2023-05-30,5382
2834,臺企銀,7,0,7,第一金-台中,2023-05-30,5382
3481,群創,7,0,7,第一金-台中,2023-05-30,5382
4128,中天,7,0,7,第一金-台中,2023-05-30,5382
2454,聯發科,14,7,7,第一金-台中,2023-05-30,5382
1504,東元,9,3,6,第一金-台中,2023-05-30,5382
00928,中信上櫃ESG30,6,0,6,第一金-台中,2023-05-30,5382
1776,展宇,6,0,6,第一金-台中,2023-05-30,5382
3035,智原,22,16,6,第一金-台中,2023-05-30,5382
3305,昇貿,6,0,6,第一金-台中,2023-05-30,5382
2371,大同,4455,44,4411,第一金-台中,2023-05-31,5382
00715L,期街口布蘭特正2,206,19,187,第一金-台中,2023-05-31,5382
2382,廣達,103,19,84,第一金-台中,2023-05-31,5382
00882,中信中國高股息,34,0,34,第一金-台中,2023-05-31,5382
00632R,元大台灣50反1,30,0,30,第一金-台中,2023-05-31,5382
2734,易飛網,30,0,30,第一金-台中,2023-05-31,5382
2206,三陽工業,52,25,27,第一金-台中,2023-05-31,5382
6282,康舒,65,40,25,第一金-台中,2023-05-31,5382
3362,先進光,25,2,23,第一金-台中,2023-05-31,5382
3260,威剛,44,22,22,第一金-台中,2023-05-31,5382
6485,點序,23,2,21,第一金-台中,2023-05-31,5382
4129,聯合,40,21,19,第一金-台中,2023-05-31,5382
8088,品安,28,10,18,第一金-台中,2023-05-31,5382
2349,錸德,20,3,17,第一金-台中,2023-05-31,5382
4967,十銓,26,9,17,第一金-台中,2023-05-31,5382
4123,晟德,16,0,16,第一金-台中,2023-05-31,5382
1513,中興電,29,14,15,第一金-台中,2023-05-31,5382
8011,台通,25,10,15,第一金-台中,2023-05-31,5382
2618,長榮航,27,12,15,第一金-台中,2023-05-31,5382
00923,群益台ESG低碳50,14,0,14,第一金-台中,2023-05-31,5382
1582,信錦,13,0,13,第一金-台中,2023-05-31,5382
5243,乙盛-KY,55,42,13,第一金-台中,2023-05-31,5382
3481,群創,14,1,13,第一金-台中,2023-05-31,5382
3025,星通,22,10,12,第一金-台中,2023-05-31,5382
0056,元大高股息,13,2,11,第一金-台中,2023-05-31,5382
6568,宏觀,11,0,11,第一金-台中,2023-05-31,5382
2634,漢翔,11,1,10,第一金-台中,2023-05-31,5382
00670L,富邦NASDAQ正2,10,0,10,第一金-台中,2023-05-31,5382
2633,台灣高鐵,10,0,10,第一金-台中,2023-05-31,5382
6104,創惟,12,2,10,第一金-台中,2023-05-31,5382
2201,裕隆,20,11,9,第一金-台中,2023-05-31,5382
2421,建準,22,13,9,第一金-台中,2023-05-31,5382
5310,天剛,9,0,9,第一金-台中,2023-05-31,5382
1442,名軒,8,0,8,第一金-台中,2023-05-31,5382
2457,飛宏,50,42,8,第一金-台中,2023-05-31,5382
2748,雲品,16,9,7,第一金-台中,2023-05-31,5382
2891,中信金,7,0,7,第一金-台中,2023-05-31,5382
4995,晶達,7,0,7,第一金-台中,2023-05-31,5382
6741,91APP*-KY,7,0,7,第一金-台中,2023-05-31,5382
00878,國泰永續高股息,7,0,7,第一金-台中,2023-05-31,5382
3037,欣興,7,1,6,第一金-台中,2023-05-31,5382
00712,復華富時不動產,11,5,6,第一金-台中,2023-05-31,5382
2337,旺宏,6,0,6,第一金-台中,2023-05-31,5382
2388,威盛,13,7,6,第一金-台中,2023-05-31,5382
4958,臻鼎-KY,6,0,6,第一金-台中,2023-05-31,5382
6182,合晶,6,0,6,第一金-台中,2023-05-31,5382
9945,潤泰新,10,4,6,第一金-台中,2023-05-31,5382
2603,長榮,10,4,6,第一金-台中,2023-05-31,5382
3017,奇鋐,6,1,5,第一金-台中,2023-05-31,5382
6125,廣運,7,2,5,第一金-台中,2023-05-31,5382
2603,長榮,205,12,193,第一金-台中,2023-06-01,5382
2913,農林,111,26,85,第一金-台中,2023-06-01,5382
00715L,期街口布蘭特正2,83,5,78,第一金-台中,2023-06-01,5382
2618,長榮航,272,195,77,第一金-台中,2023-06-01,5382
3706,神達,74,2,72,第一金-台中,2023-06-01,5382
4564,元翎,113,43,70,第一金-台中,2023-06-01,5382
8076,伍豐,69,1,68,第一金-台中,2023-06-01,5382
1727,中華化,50,0,50,第一金-台中,2023-06-01,5382
8112,至上,30,0,30,第一金-台中,2023-06-01,5382
2489,瑞軒,30,3,27,第一金-台中,2023-06-01,5382
1414,東和,26,0,26,第一金-台中,2023-06-01,5382
1802,台玻,25,0,25,第一金-台中,2023-06-01,5382
3031,佰鴻,25,0,25,第一金-台中,2023-06-01,5382
2515,中工,28,4,24,第一金-台中,2023-06-01,5382
3406,玉晶光,28,4,24,第一金-台中,2023-06-01,5382
3707,漢磊,24,0,24,第一金-台中,2023-06-01,5382
9944,新麗,22,0,22,第一金-台中,2023-06-01,5382
1584,精剛,21,0,21,第一金-台中,2023-06-01,5382
00830,國泰費城半導體,19,0,19,第一金-台中,2023-06-01,5382
6266,泰詠,19,0,19,第一金-台中,2023-06-01,5382
4968,立積,23,5,18,第一金-台中,2023-06-01,5382
6205,詮欣,18,0,18,第一金-台中,2023-06-01,5382
6770,力積電,17,1,16,第一金-台中,2023-06-01,5382
1605,華新,16,1,15,第一金-台中,2023-06-01,5382
4961,天鈺,15,0,15,第一金-台中,2023-06-01,5382
3363,上詮,43,29,14,第一金-台中,2023-06-01,5382
8048,德勝,14,0,14,第一金-台中,2023-06-01,5382
2888,新光金,13,0,13,第一金-台中,2023-06-01,5382
4979,華星光,52,39,13,第一金-台中,2023-06-01,5382
2312,金寶,12,0,12,第一金-台中,2023-06-01,5382
2344,華邦電,11,0,11,第一金-台中,2023-06-01,5382
2834,臺企銀,11,0,11,第一金-台中,2023-06-01,5382
8930,青鋼,21,10,11,第一金-台中,2023-06-01,5382
1904,正隆,34,23,11,第一金-台中,2023-06-01,5382
3231,緯創,99,89,10,第一金-台中,2023-06-01,5382
2892,第一金,11,1,10,第一金-台中,2023-06-01,5382
9945,潤泰新,10,0,10,第一金-台中,2023-06-01,5382
00642U,期元大S＆P石油,10,0,10,第一金-台中,2023-06-01,5382
6229,研通,10,0,10,第一金-台中,2023-06-01,5382
6235,華孚,39,29,10,第一金-台中,2023-06-01,5382
8271,宇瞻,12,2,10,第一金-台中,2023-06-01,5382
1101,台泥,9,0,9,第一金-台中,2023-06-01,5382
2495,普安,13,5,8,第一金-台中,2023-06-01,5382
3321,同泰,10,2,8,第一金-台中,2023-06-01,5382
3628,盈正,8,0,8,第一金-台中,2023-06-01,5382
2486,一詮,12,5,7,第一金-台中,2023-06-01,5382
2723,美食-KY,7,0,7,第一金-台中,2023-06-01,5382
5474,聰泰,8,1,7,第一金-台中,2023-06-01,5382
6122,擎邦,7,0,7,第一金-台中,2023-06-01,5382
3293,鈊象,7,1,6,第一金-台中,2023-06-01,5382
00919,群益台灣精選高息,98,10,88,第一金-台中,2023-06-02,5382
1608,華榮,67,23,44,第一金-台中,2023-06-02,5382
2734,易飛網,41,5,36,第一金-台中,2023-06-02,5382
6168,宏齊,30,0,30,第一金-台中,2023-06-02,5382
1905,華紙,84,56,28,第一金-台中,2023-06-02,5382
00882,中信中國高股息,26,0,26,第一金-台中,2023-06-02,5382
00712,復華富時不動產,26,1,25,第一金-台中,2023-06-02,5382
2489,瑞軒,108,83,25,第一金-台中,2023-06-02,5382
00632R,元大台灣50反1,25,0,25,第一金-台中,2023-06-02,5382
6223,旺矽,24,0,24,第一金-台中,2023-06-02,5382
3058,立德,23,1,22,第一金-台中,2023-06-02,5382
4533,協易機,25,3,22,第一金-台中,2023-06-02,5382
00753L,中信中國50正2,20,0,20,第一金-台中,2023-06-02,5382
4967,十銓,31,13,18,第一金-台中,2023-06-02,5382
00662,富邦NASDAQ,17,0,17,第一金-台中,2023-06-02,5382
1101,台泥,47,31,16,第一金-台中,2023-06-02,5382
6015,宏遠證,15,0,15,第一金-台中,2023-06-02,5382
6205,詮欣,25,10,15,第一金-台中,2023-06-02,5382
00679B,元大美債20年,18,5,13,第一金-台中,2023-06-02,5382
6111,大宇資,18,5,13,第一金-台中,2023-06-02,5382
00673R,期元大S＆P原油反1,12,0,12,第一金-台中,2023-06-02,5382
2421,建準,44,32,12,第一金-台中,2023-06-02,5382
4536,拓凱,12,0,12,第一金-台中,2023-06-02,5382
2236,百達-KY,11,0,11,第一金-台中,2023-06-02,5382
8433,弘帆,11,0,11,第一金-台中,2023-06-02,5382
2329,華泰,10,0,10,第一金-台中,2023-06-02,5382
5425,台半,10,0,10,第一金-台中,2023-06-02,5382
6185,幃翔,22,12,10,第一金-台中,2023-06-02,5382
2603,長榮,11,1,10,第一金-台中,2023-06-02,5382
2371,大同,31,22,9,第一金-台中,2023-06-02,5382
6733,博晟生醫,9,0,9,第一金-台中,2023-06-02,5382
00713,元大台灣高息低波,9,1,8,第一金-台中,2023-06-02,5382
1460,宏遠,8,0,8,第一金-台中,2023-06-02,5382
1503,士電,21,14,7,第一金-台中,2023-06-02,5382
2637,慧洋-KY,10,3,7,第一金-台中,2023-06-02,5382
3163,波若威,8,1,7,第一金-台中,2023-06-02,5382
6266,泰詠,8,1,7,第一金-台中,2023-06-02,5382
6712,長聖,7,0,7,第一金-台中,2023-06-02,5382
3017,奇鋐,11,4,7,第一金-台中,2023-06-02,5382
3037,欣興,8,1,7,第一金-台中,2023-06-02,5382
1906,寶隆,10,4,6,第一金-台中,2023-06-02,5382
5465,富驊,6,0,6,第一金-台中,2023-06-02,5382
6188,廣明,11,5,6,第一金-台中,2023-06-02,5382
6806,森崴能源,19,13,6,第一金-台中,2023-06-02,5382
2882,國泰金,5,0,5,第一金-台中,2023-06-02,5382
3504,揚明光,6,1,5,第一金-台中,2023-06-02,5382
4995,晶達,5,0,5,第一金-台中,2023-06-02,5382
5227,立凱-KY,5,0,5,第一金-台中,2023-06-02,5382
6175,立敦,5,0,5,第一金-台中,2023-06-02,5382
6209,今國光,6,1,5,第一金-台中,2023-06-02,5382
3481,群創,252,167,85,第一金-台中,2023-06-05,5382
00919,群益台灣精選高息,85,0,85,第一金-台中,2023-06-05,5382
00679B,元大美債20年,81,0,81,第一金-台中,2023-06-05,5382
1414,東和,80,0,80,第一金-台中,2023-06-05,5382
2890,永豐金,60,0,60,第一金-台中,2023-06-05,5382
5388,中磊,63,5,58,第一金-台中,2023-06-05,5382
4995,晶達,49,0,49,第一金-台中,2023-06-05,5382
2834,臺企銀,50,2,48,第一金-台中,2023-06-05,5382
2201,裕隆,49,8,41,第一金-台中,2023-06-05,5382
2885,元大金,51,10,41,第一金-台中,2023-06-05,5382
6015,宏遠證,40,0,40,第一金-台中,2023-06-05,5382
3025,星通,58,19,39,第一金-台中,2023-06-05,5382
00662,富邦NASDAQ,38,0,38,第一金-台中,2023-06-05,5382
2353,宏��,35,3,32,第一金-台中,2023-06-05,5382
00673R,期元大S＆P原油反1,27,0,27,第一金-台中,2023-06-05,5382
0056,元大高股息,33,6,27,第一金-台中,2023-06-05,5382
2349,錸德,25,1,24,第一金-台中,2023-06-05,5382
3380,明泰,24,0,24,第一金-台中,2023-06-05,5382
6116,彩晶,26,3,23,第一金-台中,2023-06-05,5382
00882,中信中國高股息,23,2,21,第一金-台中,2023-06-05,5382
2888,新光金,122,102,20,第一金-台中,2023-06-05,5382
00753L,中信中國50正2,20,0,20,第一金-台中,2023-06-05,5382
2633,台灣高鐵,20,0,20,第一金-台中,2023-06-05,5382
2886,兆豐金,33,13,20,第一金-台中,2023-06-05,5382
6016,康和證,25,5,20,第一金-台中,2023-06-05,5382
8112,至上,20,0,20,第一金-台中,2023-06-05,5382
2618,長榮航,96,76,20,第一金-台中,2023-06-05,5382
5009,榮剛,24,5,19,第一金-台中,2023-06-05,5382
6625,必應,20,1,19,第一金-台中,2023-06-05,5382
1904,正隆,18,0,18,第一金-台中,2023-06-05,5382
8210,勤誠,18,0,18,第一金-台中,2023-06-05,5382
2409,友達,29,11,18,第一金-台中,2023-06-05,5382
2014,中鴻,18,1,17,第一金-台中,2023-06-05,5382
2388,威盛,54,38,16,第一金-台中,2023-06-05,5382
8033,雷虎,20,5,15,第一金-台中,2023-06-05,5382
4906,正文,38,24,14,第一金-台中,2023-06-05,5382
1514,亞力,42,29,13,第一金-台中,2023-06-05,5382
8426,紅木-KY,12,0,12,第一金-台中,2023-06-05,5382
2382,廣達,16,5,11,第一金-台中,2023-06-05,5382
3231,緯創,191,180,11,第一金-台中,2023-06-05,5382
6770,力積電,12,2,10,第一金-台中,2023-06-05,5382
6568,宏觀,12,2,10,第一金-台中,2023-06-05,5382
00632R,元大台灣50反1,10,0,10,第一金-台中,2023-06-05,5382
2104,國際中橡,10,0,10,第一金-台中,2023-06-05,5382
2915,潤泰全,11,1,10,第一金-台中,2023-06-05,5382
4147,中裕,10,0,10,第一金-台中,2023-06-05,5382
00795B,中信美國公債20年,9,0,9,第一金-台中,2023-06-05,5382
00720B,元大投資級公司債,9,0,9,第一金-台中,2023-06-05,5382
2031,新光鋼,15,6,9,第一金-台中,2023-06-05,5382
3071,協禧,9,0,9,第一金-台中,2023-06-05,5382
00712,復華富時不動產,70,3,67,第一金-台中,2023-06-06,5382
3094,聯傑,35,0,35,第一金-台中,2023-06-06,5382
00679B,元大美債20年,31,0,31,第一金-台中,2023-06-06,5382
4961,天鈺,30,0,30,第一金-台中,2023-06-06,5382
8426,紅木-KY,40,12,28,第一金-台中,2023-06-06,5382
6125,廣運,30,5,25,第一金-台中,2023-06-06,5382
4746,台耀,24,0,24,第一金-台中,2023-06-06,5382
4533,協易機,35,12,23,第一金-台中,2023-06-06,5382
3707,漢磊,28,6,22,第一金-台中,2023-06-06,5382
2461,光群雷,32,11,21,第一金-台中,2023-06-06,5382
3406,玉晶光,21,1,20,第一金-台中,2023-06-06,5382
3630,新鉅科,20,0,20,第一金-台中,2023-06-06,5382
2353,宏��,20,1,19,第一金-台中,2023-06-06,5382
3083,網龍,18,0,18,第一金-台中,2023-06-06,5382
3628,盈正,18,1,17,第一金-台中,2023-06-06,5382
00715L,期街口布蘭特正2,26,9,17,第一金-台中,2023-06-06,5382
2323,中環,27,10,17,第一金-台中,2023-06-06,5382
5706,鳳凰,26,10,16,第一金-台中,2023-06-06,5382
3711,日月光投控,24,8,16,第一金-台中,2023-06-06,5382
3058,立德,34,18,16,第一金-台中,2023-06-06,5382
1525,江申,15,0,15,第一金-台中,2023-06-06,5382
2612,中航,14,0,14,第一金-台中,2023-06-06,5382
00919,群益台灣精選高息,27,15,12,第一金-台中,2023-06-06,5382
2303,聯電,11,0,11,第一金-台中,2023-06-06,5382
00924,復華S＆P500成長,11,0,11,第一金-台中,2023-06-06,5382
1810,和成,11,0,11,第一金-台中,2023-06-06,5382
6282,康舒,26,15,11,第一金-台中,2023-06-06,5382
1309,台達化,10,0,10,第一金-台中,2023-06-06,5382
2739,寒舍,10,0,10,第一金-台中,2023-06-06,5382
6217,中探針,10,0,10,第一金-台中,2023-06-06,5382
6229,研通,10,0,10,第一金-台中,2023-06-06,5382
6266,泰詠,11,1,10,第一金-台中,2023-06-06,5382
8038,長園科,10,0,10,第一金-台中,2023-06-06,5382
1806,冠軍,10,1,9,第一金-台中,2023-06-06,5382
2611,志信,10,1,9,第一金-台中,2023-06-06,5382
3017,奇鋐,16,7,9,第一金-台中,2023-06-06,5382
8097,常珵,11,2,9,第一金-台中,2023-06-06,5382
8403,盛弘,30,21,9,第一金-台中,2023-06-06,5382
1533,車王電,8,0,8,第一金-台中,2023-06-06,5382
2701,萬企,10,2,8,第一金-台中,2023-06-06,5382
3706,神達,11,3,8,第一金-台中,2023-06-06,5382
5410,國眾,8,0,8,第一金-台中,2023-06-06,5382
2457,飛宏,22,15,7,第一金-台中,2023-06-06,5382
2723,美食-KY,7,0,7,第一金-台中,2023-06-06,5382
4995,晶達,7,0,7,第一金-台中,2023-06-06,5382
6733,博晟生醫,6,0,6,第一金-台中,2023-06-06,5382
2201,裕隆,14,8,6,第一金-台中,2023-06-06,5382
00751B,元大AAA至A公司債,6,0,6,第一金-台中,2023-06-06,5382
1216,統一,6,0,6,第一金-台中,2023-06-06,5382
00662,富邦NASDAQ,6,0,6,第一金-台中,2023-06-06,5382
2356,英業達,156,22,134,第一金-台中,2023-06-07,5382
2618,長榮航,102,9,93,第一金-台中,2023-06-07,5382
1609,大亞,330,240,90,第一金-台中,2023-06-07,5382
00927,群益半導體收益,86,0,86,第一金-台中,2023-06-07,5382
3483,力致,86,20,66,第一金-台中,2023-06-07,5382
2888,新光金,60,2,58,第一金-台中,2023-06-07,5382
2855,統一證,50,0,50,第一金-台中,2023-06-07,5382
8940,新天地,50,2,48,第一金-台中,2023-06-07,5382
1608,華榮,102,56,46,第一金-台中,2023-06-07,5382
9943,好樂迪,40,0,40,第一金-台中,2023-06-07,5382
6188,廣明,39,0,39,第一金-台中,2023-06-07,5382
9110,越南控-DR,36,0,36,第一金-台中,2023-06-07,5382
2515,中工,33,0,33,第一金-台中,2023-06-07,5382
2461,光群雷,31,0,31,第一金-台中,2023-06-07,5382
2457,飛宏,40,17,23,第一金-台中,2023-06-07,5382
3362,先進光,25,2,23,第一金-台中,2023-06-07,5382
2009,第一銅,22,0,22,第一金-台中,2023-06-07,5382
2401,凌陽,23,2,21,第一金-台中,2023-06-07,5382
2612,中航,26,5,21,第一金-台中,2023-06-07,5382
2382,廣達,41,21,20,第一金-台中,2023-06-07,5382
00632R,元大台灣50反1,20,0,20,第一金-台中,2023-06-07,5382
6270,倍微,20,0,20,第一金-台中,2023-06-07,5382
6806,森崴能源,22,2,20,第一金-台中,2023-06-07,5382
00662,富邦NASDAQ,19,0,19,第一金-台中,2023-06-07,5382
2388,威盛,28,10,18,第一金-台中,2023-06-07,5382
00637L,元大滬深300正2,15,0,15,第一金-台中,2023-06-07,5382
6150,撼訊,18,3,15,第一金-台中,2023-06-07,5382
8033,雷虎,20,5,15,第一金-台中,2023-06-07,5382
3023,信邦,14,0,14,第一金-台中,2023-06-07,5382
1514,亞力,13,0,13,第一金-台中,2023-06-07,5382
2353,宏��,17,4,13,第一金-台中,2023-06-07,5382
2206,三陽工業,45,33,12,第一金-台中,2023-06-07,5382
2402,毅嘉,17,5,12,第一金-台中,2023-06-07,5382
3071,協禧,12,0,12,第一金-台中,2023-06-07,5382
3231,緯創,58,46,12,第一金-台中,2023-06-07,5382
1605,華新,11,0,11,第一金-台中,2023-06-07,5382
1612,宏泰,21,10,11,第一金-台中,2023-06-07,5382
2344,華邦電,11,0,11,第一金-台中,2023-06-07,5382
00725B,國泰投資級公司債,10,0,10,第一金-台中,2023-06-07,5382
1718,中纖,10,0,10,第一金-台中,2023-06-07,5382
3035,智原,24,14,10,第一金-台中,2023-06-07,5382
5608,四維航,10,0,10,第一金-台中,2023-06-07,5382
6161,捷波,10,0,10,第一金-台中,2023-06-07,5382
6691,洋基工程,10,0,10,第一金-台中,2023-06-07,5382
8446,華研,10,0,10,第一金-台中,2023-06-07,5382
9905,大華,10,0,10,第一金-台中,2023-06-07,5382
8046,南電,10,1,9,第一金-台中,2023-06-07,5382
00882,中信中國高股息,9,0,9,第一金-台中,2023-06-07,5382
2915,潤泰全,8,0,8,第一金-台中,2023-06-07,5382
6244,茂迪,11,3,8,第一金-台中,2023-06-07,5382
00679B,元大美債20年,85,0,85,第一金-台中,2023-06-08,5382
2888,新光金,81,10,71,第一金-台中,2023-06-08,5382
6605,帝寶,63,0,63,第一金-台中,2023-06-08,5382
2610,華航,129,67,62,第一金-台中,2023-06-08,5382
2618,長榮航,97,47,50,第一金-台中,2023-06-08,5382
1605,華新,42,5,37,第一金-台中,2023-06-08,5382
00919,群益台灣精選高息,34,0,34,第一金-台中,2023-06-08,5382
2457,飛宏,42,9,33,第一金-台中,2023-06-08,5382
6517,保勝光學,35,2,33,第一金-台中,2023-06-08,5382
00773B,中信優先金融債,32,0,32,第一金-台中,2023-06-08,5382
00673R,期元大S＆P原油反1,31,0,31,第一金-台中,2023-06-08,5382
2356,英業達,41,12,29,第一金-台中,2023-06-08,5382
5706,鳳凰,42,15,27,第一金-台中,2023-06-08,5382
00712,復華富時不動產,38,12,26,第一金-台中,2023-06-08,5382
00720B,元大投資級公司債,20,0,20,第一金-台中,2023-06-08,5382
0056,元大高股息,24,4,20,第一金-台中,2023-06-08,5382
1789,神隆,20,0,20,第一金-台中,2023-06-08,5382
2601,益航,30,10,20,第一金-台中,2023-06-08,5382
7402,邑錡,20,0,20,第一金-台中,2023-06-08,5382
3324,雙鴻,20,1,19,第一金-台中,2023-06-08,5382
3374,精材,38,20,18,第一金-台中,2023-06-08,5382
6282,康舒,21,3,18,第一金-台中,2023-06-08,5382
00751B,元大AAA至A公司債,17,0,17,第一金-台中,2023-06-08,5382
8446,華研,17,0,17,第一金-台中,2023-06-08,5382
6187,萬潤,28,12,16,第一金-台中,2023-06-08,5382
00772B,中信高評級公司債,15,0,15,第一金-台中,2023-06-08,5382
2337,旺宏,15,0,15,第一金-台中,2023-06-08,5382
4561,健椿,15,0,15,第一金-台中,2023-06-08,5382
1503,士電,23,10,13,第一金-台中,2023-06-08,5382
2402,毅嘉,14,1,13,第一金-台中,2023-06-08,5382
4995,晶達,13,0,13,第一金-台中,2023-06-08,5382
8926,台汽電,16,3,13,第一金-台中,2023-06-08,5382
2399,映泰,20,7,13,第一金-台中,2023-06-08,5382
3037,欣興,14,1,13,第一金-台中,2023-06-08,5382
2892,第一金,12,0,12,第一金-台中,2023-06-08,5382
2609,陽明,13,1,12,第一金-台中,2023-06-08,5382
3023,信邦,12,0,12,第一金-台中,2023-06-08,5382
1907,永豐餘,13,1,12,第一金-台中,2023-06-08,5382
00687B,國泰20年美債,11,0,11,第一金-台中,2023-06-08,5382
2344,華邦電,19,8,11,第一金-台中,2023-06-08,5382
2495,普安,13,2,11,第一金-台中,2023-06-08,5382
3511,矽瑪,11,0,11,第一金-台中,2023-06-08,5382
6770,力積電,10,0,10,第一金-台中,2023-06-08,5382
00795B,中信美國公債20年,10,0,10,第一金-台中,2023-06-08,5382
1444,力麗,17,7,10,第一金-台中,2023-06-08,5382
1591,駿吉-KY,10,0,10,第一金-台中,2023-06-08,5382
2371,大同,13,3,10,第一金-台中,2023-06-08,5382
2515,中工,10,0,10,第一金-台中,2023-06-08,5382
3019,亞光,10,0,10,第一金-台中,2023-06-08,5382
5609,中菲行,10,0,10,第一金-台中,2023-06-08,5382
00929,復華台灣科技優息,99,0,99,第一金-台中,2023-06-09,5382
1603,華電,99,3,96,第一金-台中,2023-06-09,5382
1101,台泥,84,2,82,第一金-台中,2023-06-09,5382
1609,大亞,113,40,73,第一金-台中,2023-06-09,5382
3038,全台,65,0,65,第一金-台中,2023-06-09,5382
6219,富旺,60,0,60,第一金-台中,2023-06-09,5382
2356,英業達,90,37,53,第一金-台中,2023-06-09,5382
4503,金雨,39,0,39,第一金-台中,2023-06-09,5382
2888,新光金,50,15,35,第一金-台中,2023-06-09,5382
2399,映泰,53,21,32,第一金-台中,2023-06-09,5382
6101,寬魚國際,30,0,30,第一金-台中,2023-06-09,5382
8114,振樺電,23,0,23,第一金-台中,2023-06-09,5382
3033,威健,32,10,22,第一金-台中,2023-06-09,5382
2328,廣宇,21,0,21,第一金-台中,2023-06-09,5382
5425,台半,34,13,21,第一金-台中,2023-06-09,5382
1605,華新,19,0,19,第一金-台中,2023-06-09,5382
00715L,期街口布蘭特正2,17,0,17,第一金-台中,2023-06-09,5382
2618,長榮航,68,52,16,第一金-台中,2023-06-09,5382
1514,亞力,31,15,16,第一金-台中,2023-06-09,5382
3046,建��,32,18,14,第一金-台中,2023-06-09,5382
3231,緯創,216,202,14,第一金-台中,2023-06-09,5382
2303,聯電,15,2,13,第一金-台中,2023-06-09,5382
1524,耿鼎,16,3,13,第一金-台中,2023-06-09,5382
2882,國泰金,11,0,11,第一金-台中,2023-06-09,5382
2337,旺宏,12,1,11,第一金-台中,2023-06-09,5382
3617,碩天,12,1,11,第一金-台中,2023-06-09,5382
5388,中磊,11,0,11,第一金-台中,2023-06-09,5382
5706,鳳凰,15,4,11,第一金-台中,2023-06-09,5382
8034,榮群,11,0,11,第一金-台中,2023-06-09,5382
3481,群創,12,1,11,第一金-台中,2023-06-09,5382
1504,東元,13,3,10,第一金-台中,2023-06-09,5382
6128,上福,10,0,10,第一金-台中,2023-06-09,5382
6227,茂綸,10,0,10,第一金-台中,2023-06-09,5382
9905,大華,10,0,10,第一金-台中,2023-06-09,5382
2609,陽明,15,6,9,第一金-台中,2023-06-09,5382
00893,國泰智能電動車,10,1,9,第一金-台中,2023-06-09,5382
2353,宏��,27,18,9,第一金-台中,2023-06-09,5382
6274,台燿,10,1,9,第一金-台中,2023-06-09,5382
8926,台汽電,14,6,8,第一金-台中,2023-06-09,5382
6282,康舒,11,3,8,第一金-台中,2023-06-09,5382
00632R,元大台灣50反1,7,0,7,第一金-台中,2023-06-09,5382
2327,國巨,8,1,7,第一金-台中,2023-06-09,5382
2515,中工,34,27,7,第一金-台中,2023-06-09,5382
5312,寶島科,7,0,7,第一金-台中,2023-06-09,5382
6122,擎邦,7,0,7,第一金-台中,2023-06-09,5382
6271,同欣電,7,0,7,第一金-台中,2023-06-09,5382
2359,所羅門,10,3,7,第一金-台中,2023-06-09,5382
00679B,元大美債20年,6,0,6,第一金-台中,2023-06-09,5382
3207,耀勝,6,0,6,第一金-台中,2023-06-09,5382
4768,晶呈科技,6,0,6,第一金-台中,2023-06-09,5382
2888,新光金,93,15,78,第一金-台中,2023-06-12,5382
2851,中再保,75,0,75,第一金-台中,2023-06-12,5382
00715L,期街口布蘭特正2,66,0,66,第一金-台中,2023-06-12,5382
3617,碩天,53,0,53,第一金-台中,2023-06-12,5382
3374,精材,81,36,45,第一金-台中,2023-06-12,5382
8234,新漢,41,1,40,第一金-台中,2023-06-12,5382
00712,復華富時不動產,35,0,35,第一金-台中,2023-06-12,5382
6125,廣運,49,16,33,第一金-台中,2023-06-12,5382
6243,迅杰,28,0,28,第一金-台中,2023-06-12,5382
00929,復華台灣科技優息,49,22,27,第一金-台中,2023-06-12,5382
6198,瑞築,25,0,25,第一金-台中,2023-06-12,5382
6811,宏�硌穈T,25,1,24,第一金-台中,2023-06-12,5382
8076,伍豐,26,4,22,第一金-台中,2023-06-12,5382
00919,群益台灣精選高息,22,0,22,第一金-台中,2023-06-12,5382
2301,光寶科,25,4,21,第一金-台中,2023-06-12,5382
3454,晶睿,25,4,21,第一金-台中,2023-06-12,5382
2618,長榮航,110,90,20,第一金-台中,2023-06-12,5382
00900,富邦特選高股息30,19,0,19,第一金-台中,2023-06-12,5382
8114,振樺電,17,0,17,第一金-台中,2023-06-12,5382
1419,新紡,15,0,15,第一金-台中,2023-06-12,5382
2392,正崴,16,1,15,第一金-台中,2023-06-12,5382
2610,華航,28,13,15,第一金-台中,2023-06-12,5382
1608,華榮,14,0,14,第一金-台中,2023-06-12,5382
6167,久正,39,25,14,第一金-台中,2023-06-12,5382
6282,康舒,16,2,14,第一金-台中,2023-06-12,5382
8085,福華,20,6,14,第一金-台中,2023-06-12,5382
3701,大眾控,13,0,13,第一金-台中,2023-06-12,5382
2312,金寶,12,0,12,第一金-台中,2023-06-12,5382
2323,中環,13,2,11,第一金-台中,2023-06-12,5382
3202,樺晟,11,0,11,第一金-台中,2023-06-12,5382
4979,華星光,13,2,11,第一金-台中,2023-06-12,5382
8940,新天地,12,1,11,第一金-台中,2023-06-12,5382
4977,眾達-KY,10,0,10,第一金-台中,2023-06-12,5382
2406,國碩,10,0,10,第一金-台中,2023-06-12,5382
00922,國泰台灣領袖50,10,0,10,第一金-台中,2023-06-12,5382
00915,凱基優選高股息30,10,0,10,第一金-台中,2023-06-12,5382
00664R,國泰臺灣加權反1,10,0,10,第一金-台中,2023-06-12,5382
1568,倉佑,10,0,10,第一金-台中,2023-06-12,5382
2302,麗正,10,0,10,第一金-台中,2023-06-12,5382
2367,燿華,10,0,10,第一金-台中,2023-06-12,5382
2882,國泰金,13,3,10,第一金-台中,2023-06-12,5382
3673,TPK-KY,10,0,10,第一金-台中,2023-06-12,5382
4114,健喬,10,0,10,第一金-台中,2023-06-12,5382
5474,聰泰,10,0,10,第一金-台中,2023-06-12,5382
6605,帝寶,10,0,10,第一金-台中,2023-06-12,5382
9945,潤泰新,10,0,10,第一金-台中,2023-06-12,5382
2449,京元電子,10,1,9,第一金-台中,2023-06-12,5382
4995,晶達,9,0,9,第一金-台中,2023-06-12,5382
8034,榮群,11,2,9,第一金-台中,2023-06-12,5382
3576,聯合再生,9,0,9,第一金-台中,2023-06-12,5382
2618,長榮航,263,123,140,第一金-台中,2023-06-13,5382
1101,台泥,125,9,116,第一金-台中,2023-06-13,5382
00715L,期街口布蘭特正2,106,0,106,第一金-台中,2023-06-13,5382
2356,英業達,148,70,78,第一金-台中,2023-06-13,5382
3231,緯創,98,41,57,第一金-台中,2023-06-13,5382
00712,復華富時不動產,64,12,52,第一金-台中,2023-06-13,5382
5439,高技,41,0,41,第一金-台中,2023-06-13,5382
1806,冠軍,51,10,41,第一金-台中,2023-06-13,5382
00929,復華台灣科技優息,40,0,40,第一金-台中,2023-06-13,5382
3078,僑威,56,18,38,第一金-台中,2023-06-13,5382
8114,振樺電,30,0,30,第一金-台中,2023-06-13,5382
2888,新光金,63,33,30,第一金-台中,2023-06-13,5382
2449,京元電子,35,8,27,第一金-台中,2023-06-13,5382
2382,廣達,68,41,27,第一金-台中,2023-06-13,5382
1319,東陽,25,0,25,第一金-台中,2023-06-13,5382
1785,光洋科,37,15,22,第一金-台中,2023-06-13,5382
4979,華星光,87,69,18,第一金-台中,2023-06-13,5382
3022,威強電,20,3,17,第一金-台中,2023-06-13,5382
1522,堤維西,35,20,15,第一金-台中,2023-06-13,5382
8926,台汽電,15,1,14,第一金-台中,2023-06-13,5382
2883,凱基金,14,1,13,第一金-台中,2023-06-13,5382
3094,聯傑,13,0,13,第一金-台中,2023-06-13,5382
5351,鈺創,13,0,13,第一金-台中,2023-06-13,5382
8446,華研,20,7,13,第一金-台中,2023-06-13,5382
8255,朋程,11,0,11,第一金-台中,2023-06-13,5382
5905,南仁湖,11,0,11,第一金-台中,2023-06-13,5382
6129,普誠,18,7,11,第一金-台中,2023-06-13,5382
3576,聯合再生,10,0,10,第一金-台中,2023-06-13,5382
01009T,王道圓滿R1,10,0,10,第一金-台中,2023-06-13,5382
2007,燁興,10,0,10,第一金-台中,2023-06-13,5382
2421,建準,35,25,10,第一金-台中,2023-06-13,5382
4995,晶達,10,0,10,第一金-台中,2023-06-13,5382
6116,彩晶,11,1,10,第一金-台中,2023-06-13,5382
6605,帝寶,10,0,10,第一金-台中,2023-06-13,5382
3017,奇鋐,33,23,10,第一金-台中,2023-06-13,5382
2454,聯發科,12,2,10,第一金-台中,2023-06-13,5382
2892,第一金,11,2,9,第一金-台中,2023-06-13,5382
3628,盈正,9,0,9,第一金-台中,2023-06-13,5382
00632R,元大台灣50反1,126,117,9,第一金-台中,2023-06-13,5382
2515,中工,10,1,9,第一金-台中,2023-06-13,5382
3141,晶宏,16,8,8,第一金-台中,2023-06-13,5382
6789,采鈺,9,1,8,第一金-台中,2023-06-13,5382
2603,長榮,16,8,8,第一金-台中,2023-06-13,5382
1605,華新,7,0,7,第一金-台中,2023-06-13,5382
1533,車王電,19,12,7,第一金-台中,2023-06-13,5382
2867,三商壽,7,0,7,第一金-台中,2023-06-13,5382
9951,皇田,7,0,7,第一金-台中,2023-06-13,5382
6517,保勝光學,6,0,6,第一金-台中,2023-06-13,5382
00919,群益台灣精選高息,9,3,6,第一金-台中,2023-06-13,5382
2312,金寶,6,0,6,第一金-台中,2023-06-13,5382
6531,愛普*,219,1,218,第一金-台中,2023-06-14,5382
3058,立德,101,49,52,第一金-台中,2023-06-14,5382
8050,廣積,59,21,38,第一金-台中,2023-06-14,5382
00712,復華富時不動產,39,1,38,第一金-台中,2023-06-14,5382
00679B,元大美債20年,33,0,33,第一金-台中,2023-06-14,5382
00715L,期街口布蘭特正2,59,26,33,第一金-台中,2023-06-14,5382
1339,昭輝,30,0,30,第一金-台中,2023-06-14,5382
3147,大綜,32,3,29,第一金-台中,2023-06-14,5382
2630,亞航,32,4,28,第一金-台中,2023-06-14,5382
2405,輔信,30,3,27,第一金-台中,2023-06-14,5382
3092,鴻碩,31,6,25,第一金-台中,2023-06-14,5382
2482,連宇,32,12,20,第一金-台中,2023-06-14,5382
6491,晶碩,18,0,18,第一金-台中,2023-06-14,5382
2409,友達,18,0,18,第一金-台中,2023-06-14,5382
3628,盈正,17,0,17,第一金-台中,2023-06-14,5382
00680L,元大美債20正2,15,2,13,第一金-台中,2023-06-14,5382
3207,耀勝,16,3,13,第一金-台中,2023-06-14,5382
3481,群創,15,2,13,第一金-台中,2023-06-14,5382
5706,鳳凰,22,9,13,第一金-台中,2023-06-14,5382
6799,來頡,13,0,13,第一金-台中,2023-06-14,5382
8085,福華,13,0,13,第一金-台中,2023-06-14,5382
00929,復華台灣科技優息,12,0,12,第一金-台中,2023-06-14,5382
3624,光頡,12,0,12,第一金-台中,2023-06-14,5382
3128,昇銳,21,9,12,第一金-台中,2023-06-14,5382
3019,亞光,14,3,11,第一金-台中,2023-06-14,5382
3374,精材,12,1,11,第一金-台中,2023-06-14,5382
6244,茂迪,11,0,11,第一金-台中,2023-06-14,5382
3231,緯創,140,130,10,第一金-台中,2023-06-14,5382
00773B,中信優先金融債,10,0,10,第一金-台中,2023-06-14,5382
00662,富邦NASDAQ,10,0,10,第一金-台中,2023-06-14,5382
00882,中信中國高股息,11,1,10,第一金-台中,2023-06-14,5382
1522,堤維西,71,61,10,第一金-台中,2023-06-14,5382
2736,富野,10,0,10,第一金-台中,2023-06-14,5382
3406,玉晶光,10,0,10,第一金-台中,2023-06-14,5382
4114,健喬,10,0,10,第一金-台中,2023-06-14,5382
4190,佐登-KY,10,0,10,第一金-台中,2023-06-14,5382
4960,誠美材,10,0,10,第一金-台中,2023-06-14,5382
5388,中磊,15,5,10,第一金-台中,2023-06-14,5382
6269,台郡,10,0,10,第一金-台中,2023-06-14,5382
6271,同欣電,10,0,10,第一金-台中,2023-06-14,5382
8358,金居,10,0,10,第一金-台中,2023-06-14,5382
8932,智通*,10,0,10,第一金-台中,2023-06-14,5382
3035,智原,12,2,10,第一金-台中,2023-06-14,5382
8926,台汽電,14,4,10,第一金-台中,2023-06-14,5382
1504,東元,9,0,9,第一金-台中,2023-06-14,5382
5009,榮剛,10,1,9,第一金-台中,2023-06-14,5382
1319,東陽,24,16,8,第一金-台中,2023-06-14,5382
3022,威強電,8,0,8,第一金-台中,2023-06-14,5382
5521,工信,10,2,8,第一金-台中,2023-06-14,5382
00900,富邦特選高股息30,7,0,7,第一金-台中,2023-06-14,5382
6531,愛普*,181,1,180,第一金-台中,2023-06-15,5382
00712,復華富時不動產,84,1,83,第一金-台中,2023-06-15,5382
1101,台泥,85,16,69,第一金-台中,2023-06-15,5382
3706,神達,121,56,65,第一金-台中,2023-06-15,5382
3481,群創,56,9,47,第一金-台中,2023-06-15,5382
1514,亞力,73,27,46,第一金-台中,2023-06-15,5382
00919,群益台灣精選高息,47,2,45,第一金-台中,2023-06-15,5382
00927,群益半導體收益,36,0,36,第一金-台中,2023-06-15,5382
1802,台玻,40,4,36,第一金-台中,2023-06-15,5382
3022,威強電,47,14,33,第一金-台中,2023-06-15,5382
2457,飛宏,37,5,32,第一金-台中,2023-06-15,5382
2301,光寶科,29,1,28,第一金-台中,2023-06-15,5382
2888,新光金,32,5,27,第一金-台中,2023-06-15,5382
1560,中砂,29,2,27,第一金-台中,2023-06-15,5382
4526,東台,25,0,25,第一金-台中,2023-06-15,5382
3576,聯合再生,24,0,24,第一金-台中,2023-06-15,5382
3055,蔚華科,40,16,24,第一金-台中,2023-06-15,5382
4968,立積,30,7,23,第一金-台中,2023-06-15,5382
3362,先進光,34,14,20,第一金-台中,2023-06-15,5382
2308,台達電,27,8,19,第一金-台中,2023-06-15,5382
4566,時碩工業,21,2,19,第一金-台中,2023-06-15,5382
6873,泓德能源,19,0,19,第一金-台中,2023-06-15,5382
1540,喬福,18,0,18,第一金-台中,2023-06-15,5382
8210,勤誠,36,18,18,第一金-台中,2023-06-15,5382
1611,中電,18,2,16,第一金-台中,2023-06-15,5382
2401,凌陽,45,31,14,第一金-台中,2023-06-15,5382
2247,汎德永業,13,0,13,第一金-台中,2023-06-15,5382
2882,國泰金,13,1,12,第一金-台中,2023-06-15,5382
2382,廣達,54,42,12,第一金-台中,2023-06-15,5382
8038,長園科,14,3,11,第一金-台中,2023-06-15,5382
3017,奇鋐,30,19,11,第一金-台中,2023-06-15,5382
1608,華榮,10,0,10,第一金-台中,2023-06-15,5382
3032,偉訓,10,0,10,第一金-台中,2023-06-15,5382
5426,振發,10,0,10,第一金-台中,2023-06-15,5382
1795,美時,17,8,9,第一金-台中,2023-06-15,5382
3356,奇偶,14,5,9,第一金-台中,2023-06-15,5382
2356,英業達,163,154,9,第一金-台中,2023-06-15,5382
2115,六暉-KY,8,0,8,第一金-台中,2023-06-15,5382
2834,臺企銀,8,0,8,第一金-台中,2023-06-15,5382
2409,友達,8,0,8,第一金-台中,2023-06-15,5382
1314,中石化,7,0,7,第一金-台中,2023-06-15,5382
1529,樂事綠能,8,1,7,第一金-台中,2023-06-15,5382
2002,中鋼,7,0,7,第一金-台中,2023-06-15,5382
2014,中鴻,7,0,7,第一金-台中,2023-06-15,5382
2887,台新金,7,0,7,第一金-台中,2023-06-15,5382
3019,亞光,8,1,7,第一金-台中,2023-06-15,5382
3058,立德,7,0,7,第一金-台中,2023-06-15,5382
3083,網龍,8,1,7,第一金-台中,2023-06-15,5382
3038,全台,7,1,6,第一金-台中,2023-06-15,5382
3163,波若威,6,0,6,第一金-台中,2023-06-15,5382
00632R,元大台灣50反1,207,2,205,第一金-台中,2023-06-16,5382
6220,岳豐,121,0,121,第一金-台中,2023-06-16,5382
2610,華航,230,143,87,第一金-台中,2023-06-16,5382
3231,緯創,182,109,73,第一金-台中,2023-06-16,5382
2618,長榮航,260,187,73,第一金-台中,2023-06-16,5382
2027,大成鋼,62,2,60,第一金-台中,2023-06-16,5382
1609,大亞,97,45,52,第一金-台中,2023-06-16,5382
5426,振發,51,1,50,第一金-台中,2023-06-16,5382
5263,智崴,50,0,50,第一金-台中,2023-06-16,5382
1101,台泥,106,60,46,第一金-台中,2023-06-16,5382
2030,彰源,45,0,45,第一金-台中,2023-06-16,5382
3013,晟銘電,45,4,41,第一金-台中,2023-06-16,5382
2324,仁寶,54,15,39,第一金-台中,2023-06-16,5382
3078,僑威,39,3,36,第一金-台中,2023-06-16,5382
8147,正淩,37,2,35,第一金-台中,2023-06-16,5382
1605,華新,68,37,31,第一金-台中,2023-06-16,5382
3260,威剛,49,18,31,第一金-台中,2023-06-16,5382
3682,亞太電,30,0,30,第一金-台中,2023-06-16,5382
2888,新光金,38,10,28,第一金-台中,2023-06-16,5382
1612,宏泰,25,0,25,第一金-台中,2023-06-16,5382
2328,廣宇,21,0,21,第一金-台中,2023-06-16,5382
00927,群益半導體收益,20,0,20,第一金-台中,2023-06-16,5382
5388,中磊,20,1,19,第一金-台中,2023-06-16,5382
5009,榮剛,22,3,19,第一金-台中,2023-06-16,5382
2382,廣達,59,41,18,第一金-台中,2023-06-16,5382
3038,全台,25,7,18,第一金-台中,2023-06-16,5382
2401,凌陽,27,9,18,第一金-台中,2023-06-16,5382
1504,東元,28,10,18,第一金-台中,2023-06-16,5382
3092,鴻碩,21,4,17,第一金-台中,2023-06-16,5382
00679B,元大美債20年,16,0,16,第一金-台中,2023-06-16,5382
9945,潤泰新,15,0,15,第一金-台中,2023-06-16,5382
00919,群益台灣精選高息,23,8,15,第一金-台中,2023-06-16,5382
00923,群益台ESG低碳50,15,1,14,第一金-台中,2023-06-16,5382
00929,復華台灣科技優息,15,1,14,第一金-台中,2023-06-16,5382
6265,方土昶,13,0,13,第一金-台中,2023-06-16,5382
00680L,元大美債20正2,13,0,13,第一金-台中,2023-06-16,5382
3673,TPK-KY,15,2,13,第一金-台中,2023-06-16,5382
4739,康普,13,0,13,第一金-台中,2023-06-16,5382
1503,士電,21,9,12,第一金-台中,2023-06-16,5382
1905,華紙,13,2,11,第一金-台中,2023-06-16,5382
00893,國泰智能電動車,11,1,10,第一金-台中,2023-06-16,5382
2353,宏��,10,0,10,第一金-台中,2023-06-16,5382
3665,貿聯-KY,10,0,10,第一金-台中,2023-06-16,5382
5439,高技,11,1,10,第一金-台中,2023-06-16,5382
6461,益得,10,0,10,第一金-台中,2023-06-16,5382
2376,技嘉,27,17,10,第一金-台中,2023-06-16,5382
6770,力積電,13,4,9,第一金-台中,2023-06-16,5382
1714,和桐,9,0,9,第一金-台中,2023-06-16,5382
2367,燿華,10,1,9,第一金-台中,2023-06-16,5382
2303,聯電,16,7,9,第一金-台中,2023-06-16,5382
2323,中環,434,10,424,第一金-台中,2023-06-19,5382
3706,神達,240,2,238,第一金-台中,2023-06-19,5382
3481,群創,603,413,190,第一金-台中,2023-06-19,5382
2104,國際中橡,152,35,117,第一金-台中,2023-06-19,5382
2409,友達,208,122,86,第一金-台中,2023-06-19,5382
00712,復華富時不動產,38,0,38,第一金-台中,2023-06-19,5382
1307,三芳,34,0,34,第一金-台中,2023-06-19,5382
6116,彩晶,121,90,31,第一金-台中,2023-06-19,5382
2888,新光金,31,1,30,第一金-台中,2023-06-19,5382
2892,第一金,23,0,23,第一金-台中,2023-06-19,5382
00679B,元大美債20年,21,0,21,第一金-台中,2023-06-19,5382
2630,亞航,37,16,21,第一金-台中,2023-06-19,5382
1584,精剛,25,5,20,第一金-台中,2023-06-19,5382
2405,輔信,20,0,20,第一金-台中,2023-06-19,5382
1513,中興電,60,42,18,第一金-台中,2023-06-19,5382
3055,蔚華科,23,6,17,第一金-台中,2023-06-19,5382
7402,邑錡,16,0,16,第一金-台中,2023-06-19,5382
8222,寶一,18,2,16,第一金-台中,2023-06-19,5382
5388,中磊,15,0,15,第一金-台中,2023-06-19,5382
5426,振發,15,0,15,第一金-台中,2023-06-19,5382
8201,無敵,16,1,15,第一金-台中,2023-06-19,5382
2883,凱基金,14,0,14,第一金-台中,2023-06-19,5382
3287,廣寰科,14,0,14,第一金-台中,2023-06-19,5382
00662,富邦NASDAQ,14,1,13,第一金-台中,2023-06-19,5382
1905,華紙,14,1,13,第一金-台中,2023-06-19,5382
00919,群益台灣精選高息,17,5,12,第一金-台中,2023-06-19,5382
00882,中信中國高股息,12,0,12,第一金-台中,2023-06-19,5382
5706,鳳凰,21,9,12,第一金-台中,2023-06-19,5382
4967,十銓,23,12,11,第一金-台中,2023-06-19,5382
8038,長園科,11,0,11,第一金-台中,2023-06-19,5382
8070,長華*,11,0,11,第一金-台中,2023-06-19,5382
00640L,富邦日本正2,10,0,10,第一金-台中,2023-06-19,5382
00673R,期元大S＆P原油反1,10,0,10,第一金-台中,2023-06-19,5382
00902,中信電池及儲能,10,0,10,第一金-台中,2023-06-19,5382
2014,中鴻,10,0,10,第一金-台中,2023-06-19,5382
6282,康舒,12,2,10,第一金-台中,2023-06-19,5382
8277,商丞,10,0,10,第一金-台中,2023-06-19,5382
2371,大同,16,7,9,第一金-台中,2023-06-19,5382
5258,虹堡,43,34,9,第一金-台中,2023-06-19,5382
1101,台泥,10,2,8,第一金-台中,2023-06-19,5382
1611,中電,8,0,8,第一金-台中,2023-06-19,5382
2913,農林,8,0,8,第一金-台中,2023-06-19,5382
5905,南仁湖,10,2,8,第一金-台中,2023-06-19,5382
2504,國產,8,0,8,第一金-台中,2023-06-19,5382
1504,東元,12,5,7,第一金-台中,2023-06-19,5382
00893,國泰智能電動車,10,3,7,第一金-台中,2023-06-19,5382
2401,凌陽,11,5,6,第一金-台中,2023-06-19,5382
3032,偉訓,6,0,6,第一金-台中,2023-06-19,5382
4543,萬在,6,0,6,第一金-台中,2023-06-19,5382
2353,宏��,6,1,5,第一金-台中,2023-06-19,5382
2104,國際中橡,180,0,180,第一金-台中,2023-06-20,5382
5425,台半,103,3,100,第一金-台中,2023-06-20,5382
2323,中環,227,157,70,第一金-台中,2023-06-20,5382
4916,事欣科,57,3,54,第一金-台中,2023-06-20,5382
2888,新光金,51,2,49,第一金-台中,2023-06-20,5382
00632R,元大台灣50反1,30,1,29,第一金-台中,2023-06-20,5382
8085,福華,36,10,26,第一金-台中,2023-06-20,5382
1605,華新,36,13,23,第一金-台中,2023-06-20,5382
5905,南仁湖,52,31,21,第一金-台中,2023-06-20,5382
8147,正淩,23,2,21,第一金-台中,2023-06-20,5382
6271,同欣電,20,0,20,第一金-台中,2023-06-20,5382
8234,新漢,23,4,19,第一金-台中,2023-06-20,5382
3701,大眾控,18,0,18,第一金-台中,2023-06-20,5382
9904,寶成,17,0,17,第一金-台中,2023-06-20,5382
2337,旺宏,19,2,17,第一金-台中,2023-06-20,5382
2712,遠雄來,17,1,16,第一金-台中,2023-06-20,5382
6189,豐藝,15,0,15,第一金-台中,2023-06-20,5382
2495,普安,13,0,13,第一金-台中,2023-06-20,5382
3128,昇銳,13,0,13,第一金-台中,2023-06-20,5382
00680L,元大美債20正2,12,0,12,第一金-台中,2023-06-20,5382
2367,燿華,12,0,12,第一金-台中,2023-06-20,5382
6799,來頡,12,0,12,第一金-台中,2023-06-20,5382
1609,大亞,41,29,12,第一金-台中,2023-06-20,5382
2739,寒舍,11,0,11,第一金-台中,2023-06-20,5382
3264,欣銓,13,2,11,第一金-台中,2023-06-20,5382
4919,新唐,11,0,11,第一金-台中,2023-06-20,5382
00679B,元大美債20年,10,0,10,第一金-台中,2023-06-20,5382
2812,台中銀,10,0,10,第一金-台中,2023-06-20,5382
4526,東台,15,5,10,第一金-台中,2023-06-20,5382
2603,長榮,11,1,10,第一金-台中,2023-06-20,5382
2206,三陽工業,23,14,9,第一金-台中,2023-06-20,5382
3056,富華新,9,0,9,第一金-台中,2023-06-20,5382
00907,永豐優息存股,9,0,9,第一金-台中,2023-06-20,5382
3055,蔚華科,10,1,9,第一金-台中,2023-06-20,5382
00893,國泰智能電動車,8,0,8,第一金-台中,2023-06-20,5382
00662,富邦NASDAQ,8,0,8,第一金-台中,2023-06-20,5382
3260,威剛,8,0,8,第一金-台中,2023-06-20,5382
3515,華擎,12,4,8,第一金-台中,2023-06-20,5382
2382,廣達,50,42,8,第一金-台中,2023-06-20,5382
1513,中興電,32,25,7,第一金-台中,2023-06-20,5382
00929,復華台灣科技優息,7,0,7,第一金-台中,2023-06-20,5382
3035,智原,10,3,7,第一金-台中,2023-06-20,5382
2454,聯發科,8,2,6,第一金-台中,2023-06-20,5382
2801,彰銀,6,0,6,第一金-台中,2023-06-20,5382
6417,韋僑,6,0,6,第一金-台中,2023-06-20,5382
00882,中信中國高股息,12,6,6,第一金-台中,2023-06-20,5382
00665L,富邦�琤肭磪囓�2,49,43,6,第一金-台中,2023-06-20,5382
2609,陽明,7,1,6,第一金-台中,2023-06-20,5382
3013,晟銘電,8,2,6,第一金-台中,2023-06-20,5382
4938,和碩,6,0,6,第一金-台中,2023-06-20,5382
3231,緯創,241,118,123,第一金-台中,2023-06-21,5382
2323,中環,179,61,118,第一金-台中,2023-06-21,5382
00632R,元大台灣50反1,108,0,108,第一金-台中,2023-06-21,5382
2002,中鋼,69,0,69,第一金-台中,2023-06-21,5382
2427,三商電,66,6,60,第一金-台中,2023-06-21,5382
3483,力致,77,17,60,第一金-台中,2023-06-21,5382
2618,長榮航,130,73,57,第一金-台中,2023-06-21,5382
2405,輔信,34,1,33,第一金-台中,2023-06-21,5382
00673R,期元大S＆P原油反1,47,15,32,第一金-台中,2023-06-21,5382
3481,群創,140,112,28,第一金-台中,2023-06-21,5382
00751B,元大AAA至A公司債,25,0,25,第一金-台中,2023-06-21,5382
2312,金寶,49,24,25,第一金-台中,2023-06-21,5382
4916,事欣科,58,33,25,第一金-台中,2023-06-21,5382
2409,友達,35,15,20,第一金-台中,2023-06-21,5382
1533,車王電,38,18,20,第一金-台中,2023-06-21,5382
6414,樺漢,21,2,19,第一金-台中,2023-06-21,5382
8147,正淩,20,1,19,第一金-台中,2023-06-21,5382
2498,宏達電,22,4,18,第一金-台中,2023-06-21,5382
1608,華榮,17,0,17,第一金-台中,2023-06-21,5382
3013,晟銘電,27,11,16,第一金-台中,2023-06-21,5382
6120,達運,22,6,16,第一金-台中,2023-06-21,5382
2888,新光金,21,6,15,第一金-台中,2023-06-21,5382
1612,宏泰,15,1,14,第一金-台中,2023-06-21,5382
3527,聚積,16,2,14,第一金-台中,2023-06-21,5382
2362,藍天,13,0,13,第一金-台中,2023-06-21,5382
3056,富華新,19,7,12,第一金-台中,2023-06-21,5382
8085,福華,12,0,12,第一金-台中,2023-06-21,5382
2634,漢翔,19,7,12,第一金-台中,2023-06-21,5382
2303,聯電,16,4,12,第一金-台中,2023-06-21,5382
00885,富邦越南,10,0,10,第一金-台中,2023-06-21,5382
00652,富邦印度,10,0,10,第一金-台中,2023-06-21,5382
2017,官田鋼,10,0,10,第一金-台中,2023-06-21,5382
2105,正新,10,0,10,第一金-台中,2023-06-21,5382
2204,中華,10,0,10,第一金-台中,2023-06-21,5382
2867,三商壽,10,0,10,第一金-台中,2023-06-21,5382
1570,力肯,11,2,9,第一金-台中,2023-06-21,5382
2889,國票金,9,0,9,第一金-台中,2023-06-21,5382
3264,欣銓,10,1,9,第一金-台中,2023-06-21,5382
2454,聯發科,9,0,9,第一金-台中,2023-06-21,5382
2911,麗嬰房,8,0,8,第一金-台中,2023-06-21,5382
3687,歐買尬,11,3,8,第一金-台中,2023-06-21,5382
4977,眾達-KY,9,1,8,第一金-台中,2023-06-21,5382
5704,老爺知,10,2,8,第一金-台中,2023-06-21,5382
2609,陽明,11,3,8,第一金-台中,2023-06-21,5382
3287,廣寰科,7,0,7,第一金-台中,2023-06-21,5382
3703,欣陸,7,0,7,第一金-台中,2023-06-21,5382
1504,東元,8,2,6,第一金-台中,2023-06-21,5382
00650L,復華香港正2,6,0,6,第一金-台中,2023-06-21,5382
1605,華新,17,11,6,第一金-台中,2023-06-21,5382
2388,威盛,17,11,6,第一金-台中,2023-06-21,5382
2913,農林,111,8,103,第一金-台中,2023-06-26,5382
1598,岱宇,101,5,96,第一金-台中,2023-06-26,5382
1905,華紙,135,41,94,第一金-台中,2023-06-26,5382
4916,事欣科,83,14,69,第一金-台中,2023-06-26,5382
00715L,期街口布蘭特正2,52,0,52,第一金-台中,2023-06-26,5382
00712,復華富時不動產,48,1,47,第一金-台中,2023-06-26,5382
1605,華新,46,2,44,第一金-台中,2023-06-26,5382
3715,定穎投控,36,1,35,第一金-台中,2023-06-26,5382
2618,長榮航,182,147,35,第一金-台中,2023-06-26,5382
4967,十銓,31,3,28,第一金-台中,2023-06-26,5382
2371,大同,81,53,28,第一金-台中,2023-06-26,5382
3231,緯創,135,108,27,第一金-台中,2023-06-26,5382
6265,方土昶,26,0,26,第一金-台中,2023-06-26,5382
6282,康舒,26,2,24,第一金-台中,2023-06-26,5382
8271,宇瞻,29,7,22,第一金-台中,2023-06-26,5382
8210,勤誠,28,6,22,第一金-台中,2023-06-26,5382
1522,堤維西,22,1,21,第一金-台中,2023-06-26,5382
2344,華邦電,38,17,21,第一金-台中,2023-06-26,5382
6104,創惟,22,1,21,第一金-台中,2023-06-26,5382
4414,如興,20,0,20,第一金-台中,2023-06-26,5382
5302,太欣,20,0,20,第一金-台中,2023-06-26,5382
6217,中探針,17,0,17,第一金-台中,2023-06-26,5382
2104,國際中橡,16,0,16,第一金-台中,2023-06-26,5382
6120,達運,46,30,16,第一金-台中,2023-06-26,5382
2340,台亞,54,39,15,第一金-台中,2023-06-26,5382
3122,笙泉,20,5,15,第一金-台中,2023-06-26,5382
2317,鴻海,48,35,13,第一金-台中,2023-06-26,5382
2363,矽統,11,0,11,第一金-台中,2023-06-26,5382
2851,中再保,11,0,11,第一金-台中,2023-06-26,5382
4989,榮科,11,0,11,第一金-台中,2023-06-26,5382
2002,中鋼,10,0,10,第一金-台中,2023-06-26,5382
00680L,元大美債20正2,10,0,10,第一金-台中,2023-06-26,5382
1737,臺鹽,10,0,10,第一金-台中,2023-06-26,5382
1785,光洋科,40,30,10,第一金-台中,2023-06-26,5382
2492,華新科,10,0,10,第一金-台中,2023-06-26,5382
2888,新光金,11,1,10,第一金-台中,2023-06-26,5382
3013,晟銘電,20,10,10,第一金-台中,2023-06-26,5382
3019,亞光,10,0,10,第一金-台中,2023-06-26,5382
3374,精材,21,11,10,第一金-台中,2023-06-26,5382
4503,金雨,20,10,10,第一金-台中,2023-06-26,5382
5474,聰泰,11,1,10,第一金-台中,2023-06-26,5382
8114,振樺電,10,0,10,第一金-台中,2023-06-26,5382
8358,金居,12,2,10,第一金-台中,2023-06-26,5382
2353,宏��,21,12,9,第一金-台中,2023-06-26,5382
2211,長榮鋼,28,19,9,第一金-台中,2023-06-26,5382
00751B,元大AAA至A公司債,8,0,8,第一金-台中,2023-06-26,5382
1310,台苯,8,0,8,第一金-台中,2023-06-26,5382
3032,偉訓,20,12,8,第一金-台中,2023-06-26,5382
4994,傳奇,8,0,8,第一金-台中,2023-06-26,5382
2887,台新金,10,2,8,第一金-台中,2023-06-26,5382
2371,大同,1545,36,1509,第一金-台中,2023-06-27,5382
00878,國泰永續高股息,157,16,141,第一金-台中,2023-06-27,5382
8215,明基材,101,0,101,第一金-台中,2023-06-27,5382
2610,華航,296,235,61,第一金-台中,2023-06-27,5382
6188,廣明,56,2,54,第一金-台中,2023-06-27,5382
3038,全台,61,17,44,第一金-台中,2023-06-27,5382
2303,聯電,34,2,32,第一金-台中,2023-06-27,5382
2409,友達,72,43,29,第一金-台中,2023-06-27,5382
3518,柏騰,20,0,20,第一金-台中,2023-06-27,5382
3481,群創,55,36,19,第一金-台中,2023-06-27,5382
2103,台橡,19,0,19,第一金-台中,2023-06-27,5382
3083,網龍,43,24,19,第一金-台中,2023-06-27,5382
1907,永豐餘,24,6,18,第一金-台中,2023-06-27,5382
8076,伍豐,31,13,18,第一金-台中,2023-06-27,5382
0056,元大高股息,19,1,18,第一金-台中,2023-06-27,5382
2069,運錩,15,0,15,第一金-台中,2023-06-27,5382
3706,神達,16,1,15,第一金-台中,2023-06-27,5382
1795,美時,46,32,14,第一金-台中,2023-06-27,5382
2892,第一金,13,0,13,第一金-台中,2023-06-27,5382
4746,台耀,27,14,13,第一金-台中,2023-06-27,5382
6125,廣運,13,0,13,第一金-台中,2023-06-27,5382
3324,雙鴻,16,4,12,第一金-台中,2023-06-27,5382
2457,飛宏,23,11,12,第一金-台中,2023-06-27,5382
1301,台塑,11,0,11,第一金-台中,2023-06-27,5382
4979,華星光,14,3,11,第一金-台中,2023-06-27,5382
00680L,元大美債20正2,10,0,10,第一金-台中,2023-06-27,5382
1737,臺鹽,10,0,10,第一金-台中,2023-06-27,5382
3057,喬鼎,10,0,10,第一金-台中,2023-06-27,5382
5309,系統電,10,0,10,第一金-台中,2023-06-27,5382
00632R,元大台灣50反1,10,1,9,第一金-台中,2023-06-27,5382
3546,宇峻,10,1,9,第一金-台中,2023-06-27,5382
2340,台亞,27,18,9,第一金-台中,2023-06-27,5382
8926,台汽電,7,0,7,第一金-台中,2023-06-27,5382
6770,力積電,7,0,7,第一金-台中,2023-06-27,5382
2609,陽明,8,1,7,第一金-台中,2023-06-27,5382
1762,中化生,7,0,7,第一金-台中,2023-06-27,5382
2344,華邦電,7,0,7,第一金-台中,2023-06-27,5382
3628,盈正,9,2,7,第一金-台中,2023-06-27,5382
5425,台半,7,0,7,第一金-台中,2023-06-27,5382
6788,華景電,14,7,7,第一金-台中,2023-06-27,5382
2027,大成鋼,6,0,6,第一金-台中,2023-06-27,5382
1904,正隆,6,0,6,第一金-台中,2023-06-27,5382
3058,立德,6,0,6,第一金-台中,2023-06-27,5382
3162,精確,8,2,6,第一金-台中,2023-06-27,5382
2851,中再保,6,0,6,第一金-台中,2023-06-27,5382
2201,裕隆,6,1,5,第一金-台中,2023-06-27,5382
3661,世芯-KY,7,2,5,第一金-台中,2023-06-27,5382
6111,大宇資,11,6,5,第一金-台中,2023-06-27,5382
00922,國泰台灣領袖50,5,0,5,第一金-台中,2023-06-27,5382
2104,國際中橡,20,15,5,第一金-台中,2023-06-27,5382
2603,長榮,1027,79,948,第一金-台中,2023-06-28,5382
00715L,期街口布蘭特正2,162,0,162,第一金-台中,2023-06-28,5382
4114,健喬,102,1,101,第一金-台中,2023-06-28,5382
2888,新光金,100,1,99,第一金-台中,2023-06-28,5382
8048,德勝,51,0,51,第一金-台中,2023-06-28,5382
2915,潤泰全,50,1,49,第一金-台中,2023-06-28,5382
8222,寶一,43,2,41,第一金-台中,2023-06-28,5382
2104,國際中橡,40,0,40,第一金-台中,2023-06-28,5382
8210,勤誠,55,15,40,第一金-台中,2023-06-28,5382
2618,長榮航,139,102,37,第一金-台中,2023-06-28,5382
2356,英業達,69,33,36,第一金-台中,2023-06-28,5382
3481,群創,30,1,29,第一金-台中,2023-06-28,5382
1101,台泥,26,0,26,第一金-台中,2023-06-28,5382
2851,中再保,25,0,25,第一金-台中,2023-06-28,5382
3025,星通,36,13,23,第一金-台中,2023-06-28,5382
6111,大宇資,39,19,20,第一金-台中,2023-06-28,5382
4958,臻鼎-KY,20,0,20,第一金-台中,2023-06-28,5382
6179,亞通,27,7,20,第一金-台中,2023-06-28,5382
3665,貿聯-KY,16,0,16,第一金-台中,2023-06-28,5382
2201,裕隆,18,3,15,第一金-台中,2023-06-28,5382
2010,春源,16,1,15,第一金-台中,2023-06-28,5382
3373,熱映,15,0,15,第一金-台中,2023-06-28,5382
6187,萬潤,15,0,15,第一金-台中,2023-06-28,5382
6799,來頡,15,0,15,第一金-台中,2023-06-28,5382
8932,智通*,15,0,15,第一金-台中,2023-06-28,5382
2327,國巨,14,0,14,第一金-台中,2023-06-28,5382
1310,台苯,14,0,14,第一金-台中,2023-06-28,5382
2609,陽明,12,0,12,第一金-台中,2023-06-28,5382
00877,復華中國5G,11,0,11,第一金-台中,2023-06-28,5382
1605,華新,60,49,11,第一金-台中,2023-06-28,5382
5426,振發,11,0,11,第一金-台中,2023-06-28,5382
2204,中華,20,10,10,第一金-台中,2023-06-28,5382
3042,晶技,10,0,10,第一金-台中,2023-06-28,5382
3209,全科,10,0,10,第一金-台中,2023-06-28,5382
5347,世界,10,0,10,第一金-台中,2023-06-28,5382
8450,霹靂,50,40,10,第一金-台中,2023-06-28,5382
1513,中興電,16,6,10,第一金-台中,2023-06-28,5382
2812,台中銀,10,1,9,第一金-台中,2023-06-28,5382
1504,東元,18,9,9,第一金-台中,2023-06-28,5382
00878,國泰永續高股息,75,66,9,第一金-台中,2023-06-28,5382
2892,第一金,8,0,8,第一金-台中,2023-06-28,5382
2462,良得電,8,0,8,第一金-台中,2023-06-28,5382
00900,富邦特選高股息30,8,0,8,第一金-台中,2023-06-28,5382
1307,三芳,20,12,8,第一金-台中,2023-06-28,5382
1785,光洋科,18,10,8,第一金-台中,2023-06-28,5382
3628,盈正,8,0,8,第一金-台中,2023-06-28,5382
3714,富采,10,2,8,第一金-台中,2023-06-28,5382
8046,南電,7,0,7,第一金-台中,2023-06-28,5382
00902,中信電池及儲能,7,0,7,第一金-台中,2023-06-28,5382
2105,正新,7,0,7,第一金-台中,2023-06-28,5382
2603,長榮,1026,47,979,第一金-台中,2023-06-29,5382
2323,中環,112,10,102,第一金-台中,2023-06-29,5382
2915,潤泰全,107,7,100,第一金-台中,2023-06-29,5382
1905,華紙,114,60,54,第一金-台中,2023-06-29,5382
2888,新光金,40,0,40,第一金-台中,2023-06-29,5382
1605,華新,27,0,27,第一金-台中,2023-06-29,5382
5302,太欣,25,0,25,第一金-台中,2023-06-29,5382
1444,力麗,22,1,21,第一金-台中,2023-06-29,5382
1598,岱宇,21,0,21,第一金-台中,2023-06-29,5382
4526,東台,22,2,20,第一金-台中,2023-06-29,5382
6179,亞通,20,0,20,第一金-台中,2023-06-29,5382
1795,美時,28,9,19,第一金-台中,2023-06-29,5382
2303,聯電,19,0,19,第一金-台中,2023-06-29,5382
6741,91APP*-KY,18,1,17,第一金-台中,2023-06-29,5382
00919,群益台灣精選高息,17,0,17,第一金-台中,2023-06-29,5382
00885,富邦越南,25,11,14,第一金-台中,2023-06-29,5382
8085,福華,28,15,13,第一金-台中,2023-06-29,5382
2353,宏��,13,1,12,第一金-台中,2023-06-29,5382
2356,英業達,14,2,12,第一金-台中,2023-06-29,5382
2457,飛宏,14,2,12,第一金-台中,2023-06-29,5382
4916,事欣科,12,0,12,第一金-台中,2023-06-29,5382
2412,中華電,10,0,10,第一金-台中,2023-06-29,5382
2609,陽明,12,2,10,第一金-台中,2023-06-29,5382
2867,三商壽,10,0,10,第一金-台中,2023-06-29,5382
3058,立德,15,5,10,第一金-台中,2023-06-29,5382
4746,台耀,11,1,10,第一金-台中,2023-06-29,5382
6126,信音,10,0,10,第一金-台中,2023-06-29,5382
1909,榮成,10,0,10,第一金-台中,2023-06-29,5382
3046,建��,10,1,9,第一金-台中,2023-06-29,5382
3594,磐儀,9,0,9,第一金-台中,2023-06-29,5382
4967,十銓,13,4,9,第一金-台中,2023-06-29,5382
00682U,期元大美元指數,8,0,8,第一金-台中,2023-06-29,5382
3206,志豐,8,0,8,第一金-台中,2023-06-29,5382
2376,技嘉,15,8,7,第一金-台中,2023-06-29,5382
00637L,元大滬深300正2,7,0,7,第一金-台中,2023-06-29,5382
3664,安瑞-KY,7,0,7,第一金-台中,2023-06-29,5382
5608,四維航,7,0,7,第一金-台中,2023-06-29,5382
9945,潤泰新,7,0,7,第一金-台中,2023-06-29,5382
5222,全訊,7,0,7,第一金-台中,2023-06-29,5382
1533,車王電,7,1,6,第一金-台中,2023-06-29,5382
8046,南電,6,0,6,第一金-台中,2023-06-29,5382
1301,台塑,6,0,6,第一金-台中,2023-06-29,5382
2812,台中銀,6,0,6,第一金-台中,2023-06-29,5382
3706,神達,6,0,6,第一金-台中,2023-06-29,5382
6592,和潤企業,6,0,6,第一金-台中,2023-06-29,5382
4157,太景*-KY,37,32,5,第一金-台中,2023-06-29,5382
1802,台玻,10,5,5,第一金-台中,2023-06-29,5382
2002,中鋼,5,0,5,第一金-台中,2023-06-29,5382
2069,運錩,5,0,5,第一金-台中,2023-06-29,5382
2801,彰銀,5,0,5,第一金-台中,2023-06-29,5382
2890,永豐金,2801,0,2801,第一金-台中,2023-06-30,5382
2609,陽明,2396,836,1560,第一金-台中,2023-06-30,5382
2884,玉山金,901,0,901,第一金-台中,2023-06-30,5382
1307,三芳,47,0,47,第一金-台中,2023-06-30,5382
6219,富旺,46,0,46,第一金-台中,2023-06-30,5382
6576,逸達,44,0,44,第一金-台中,2023-06-30,5382
2344,華邦電,60,20,40,第一金-台中,2023-06-30,5382
8234,新漢,40,0,40,第一金-台中,2023-06-30,5382
2002,中鋼,40,1,39,第一金-台中,2023-06-30,5382
1217,愛之味,35,0,35,第一金-台中,2023-06-30,5382
2457,飛宏,37,2,35,第一金-台中,2023-06-30,5382
2618,長榮航,84,52,32,第一金-台中,2023-06-30,5382
6271,同欣電,31,0,31,第一金-台中,2023-06-30,5382
2427,三商電,33,3,30,第一金-台中,2023-06-30,5382
2915,潤泰全,30,0,30,第一金-台中,2023-06-30,5382
3231,緯創,376,347,29,第一金-台中,2023-06-30,5382
3481,群創,31,5,26,第一金-台中,2023-06-30,5382
00885,富邦越南,25,0,25,第一金-台中,2023-06-30,5382
3704,合勤控,33,9,24,第一金-台中,2023-06-30,5382
2368,金像電,50,27,23,第一金-台中,2023-06-30,5382
2206,三陽工業,25,3,22,第一金-台中,2023-06-30,5382
1609,大亞,29,7,22,第一金-台中,2023-06-30,5382
2888,新光金,26,4,22,第一金-台中,2023-06-30,5382
4137,麗豐-KY,20,0,20,第一金-台中,2023-06-30,5382
1444,力麗,20,1,19,第一金-台中,2023-06-30,5382
6733,博晟生醫,20,3,17,第一金-台中,2023-06-30,5382
1514,亞力,37,21,16,第一金-台中,2023-06-30,5382
1513,中興電,36,21,15,第一金-台中,2023-06-30,5382
1605,華新,21,6,15,第一金-台中,2023-06-30,5382
8050,廣積,54,40,14,第一金-台中,2023-06-30,5382
2409,友達,14,1,13,第一金-台中,2023-06-30,5382
1907,永豐餘,16,4,12,第一金-台中,2023-06-30,5382
3693,營邦,18,7,11,第一金-台中,2023-06-30,5382
2329,華泰,10,0,10,第一金-台中,2023-06-30,5382
2201,裕隆,14,4,10,第一金-台中,2023-06-30,5382
5388,中磊,14,4,10,第一金-台中,2023-06-30,5382
00900,富邦特選高股息30,10,0,10,第一金-台中,2023-06-30,5382
1528,恩德,10,0,10,第一金-台中,2023-06-30,5382
2250,IKKA-KY,10,0,10,第一金-台中,2023-06-30,5382
3260,威剛,10,0,10,第一金-台中,2023-06-30,5382
4583,台灣精銳,10,0,10,第一金-台中,2023-06-30,5382
8201,無敵,10,0,10,第一金-台中,2023-06-30,5382
3207,耀勝,26,16,10,第一金-台中,2023-06-30,5382
4175,杏一,10,1,9,第一金-台中,2023-06-30,5382
2303,聯電,9,0,9,第一金-台中,2023-06-30,5382
2610,華航,47,38,9,第一金-台中,2023-06-30,5382
4104,佳醫,10,1,9,第一金-台中,2023-06-30,5382
2892,第一金,11,2,9,第一金-台中,2023-06-30,5382
2419,仲琦,18,11,7,第一金-台中,2023-06-30,5382
4157,太景*-KY,9,2,7,第一金-台中,2023-06-30,5382
2884,玉山金,3364,0,3364,第一金-台中,2023-07-03,5382
2610,華航,143,42,101,第一金-台中,2023-07-03,5382
3706,神達,153,86,67,第一金-台中,2023-07-03,5382
2618,長榮航,210,146,64,第一金-台中,2023-07-03,5382
1609,大亞,64,5,59,第一金-台中,2023-07-03,5382
3701,大眾控,40,0,40,第一金-台中,2023-07-03,5382
2104,國際中橡,40,3,37,第一金-台中,2023-07-03,5382
1802,台玻,30,0,30,第一金-台中,2023-07-03,5382
2382,廣達,138,109,29,第一金-台中,2023-07-03,5382
2606,裕民,26,0,26,第一金-台中,2023-07-03,5382
6188,廣明,51,27,24,第一金-台中,2023-07-03,5382
2421,建準,52,28,24,第一金-台中,2023-07-03,5382
2427,三商電,61,38,23,第一金-台中,2023-07-03,5382
6789,采鈺,23,0,23,第一金-台中,2023-07-03,5382
8085,福華,20,1,19,第一金-台中,2023-07-03,5382
8076,伍豐,17,1,16,第一金-台中,2023-07-03,5382
3038,全台,15,0,15,第一金-台中,2023-07-03,5382
8050,廣積,40,25,15,第一金-台中,2023-07-03,5382
2201,裕隆,14,0,14,第一金-台中,2023-07-03,5382
2344,華邦電,14,0,14,第一金-台中,2023-07-03,5382
6625,必應,20,6,14,第一金-台中,2023-07-03,5382
4147,中裕,13,0,13,第一金-台中,2023-07-03,5382
2457,飛宏,20,7,13,第一金-台中,2023-07-03,5382
2303,聯電,14,1,13,第一金-台中,2023-07-03,5382
2332,友訊,18,6,12,第一金-台中,2023-07-03,5382
2376,技嘉,43,32,11,第一金-台中,2023-07-03,5382
1444,力麗,11,0,11,第一金-台中,2023-07-03,5382
5309,系統電,11,0,11,第一金-台中,2023-07-03,5382
2637,慧洋-KY,10,0,10,第一金-台中,2023-07-03,5382
2069,運錩,10,0,10,第一金-台中,2023-07-03,5382
2204,中華,10,0,10,第一金-台中,2023-07-03,5382
4105,東洋,10,0,10,第一金-台中,2023-07-03,5382
5312,寶島科,10,0,10,第一金-台中,2023-07-03,5382
5386,青雲,10,0,10,第一金-台中,2023-07-03,5382
2317,鴻海,18,9,9,第一金-台中,2023-07-03,5382
0050,元大台灣50,10,1,9,第一金-台中,2023-07-03,5382
2301,光寶科,12,3,9,第一金-台中,2023-07-03,5382
3202,樺晟,9,0,9,第一金-台中,2023-07-03,5382
3207,耀勝,11,2,9,第一金-台中,2023-07-03,5382
6456,GIS-KY,9,0,9,第一金-台中,2023-07-03,5382
3374,精材,8,0,8,第一金-台中,2023-07-03,5382
3693,營邦,26,18,8,第一金-台中,2023-07-03,5382
8926,台汽電,8,1,7,第一金-台中,2023-07-03,5382
1795,美時,7,0,7,第一金-台中,2023-07-03,5382
1310,台苯,7,0,7,第一金-台中,2023-07-03,5382
1533,車王電,19,12,7,第一金-台中,2023-07-03,5382
6126,信音,9,2,7,第一金-台中,2023-07-03,5382
6190,萬泰科,10,3,7,第一金-台中,2023-07-03,5382
8201,無敵,7,0,7,第一金-台中,2023-07-03,5382
2603,長榮,21,14,7,第一金-台中,2023-07-03,5382
2884,玉山金,1005,2,1003,第一金-台中,2023-07-04,5382
2356,英業達,486,343,143,第一金-台中,2023-07-04,5382
2888,新光金,83,0,83,第一金-台中,2023-07-04,5382
2615,萬海,68,12,56,第一金-台中,2023-07-04,5382
3583,辛耘,59,4,55,第一金-台中,2023-07-04,5382
3706,神達,165,120,45,第一金-台中,2023-07-04,5382
2104,國際中橡,40,0,40,第一金-台中,2023-07-04,5382
2369,菱生,49,19,30,第一金-台中,2023-07-04,5382
3013,晟銘電,47,18,29,第一金-台中,2023-07-04,5382
2444,兆勁,28,0,28,第一金-台中,2023-07-04,5382
2603,長榮,51,26,25,第一金-台中,2023-07-04,5382
3025,星通,52,27,25,第一金-台中,2023-07-04,5382
0056,元大高股息,32,8,24,第一金-台中,2023-07-04,5382
2312,金寶,139,116,23,第一金-台中,2023-07-04,5382
2324,仁寶,24,1,23,第一金-台中,2023-07-04,5382
2363,矽統,20,0,20,第一金-台中,2023-07-04,5382
2485,兆赫,20,0,20,第一金-台中,2023-07-04,5382
8411,福貞-KY,20,0,20,第一金-台中,2023-07-04,5382
2250,IKKA-KY,17,0,17,第一金-台中,2023-07-04,5382
2419,仲琦,23,6,17,第一金-台中,2023-07-04,5382
2443,昶虹,17,0,17,第一金-台中,2023-07-04,5382
4414,如興,17,0,17,第一金-台中,2023-07-04,5382
00888,永豐台灣ESG,16,0,16,第一金-台中,2023-07-04,5382
2892,第一金,15,0,15,第一金-台中,2023-07-04,5382
4128,中天,15,0,15,第一金-台中,2023-07-04,5382
2883,凱基金,19,5,14,第一金-台中,2023-07-04,5382
2317,鴻海,15,1,14,第一金-台中,2023-07-04,5382
2421,建準,35,22,13,第一金-台中,2023-07-04,5382
00929,復華台灣科技優息,12,0,12,第一金-台中,2023-07-04,5382
3202,樺晟,12,0,12,第一金-台中,2023-07-04,5382
4157,太景*-KY,13,1,12,第一金-台中,2023-07-04,5382
2834,臺企銀,11,0,11,第一金-台中,2023-07-04,5382
1802,台玻,11,0,11,第一金-台中,2023-07-04,5382
2376,技嘉,91,80,11,第一金-台中,2023-07-04,5382
5483,中美晶,11,0,11,第一金-台中,2023-07-04,5382
6187,萬潤,26,16,10,第一金-台中,2023-07-04,5382
00662,富邦NASDAQ,10,0,10,第一金-台中,2023-07-04,5382
00657,國泰日經225,10,0,10,第一金-台中,2023-07-04,5382
00632R,元大台灣50反1,10,0,10,第一金-台中,2023-07-04,5382
2453,凌群,10,0,10,第一金-台中,2023-07-04,5382
3178,公準,10,0,10,第一金-台中,2023-07-04,5382
3707,漢磊,11,1,10,第一金-台中,2023-07-04,5382
8049,晶采,10,0,10,第一金-台中,2023-07-04,5382
2002,中鋼,10,1,9,第一金-台中,2023-07-04,5382
2607,榮運,9,0,9,第一金-台中,2023-07-04,5382
3712,永崴投控,15,6,9,第一金-台中,2023-07-04,5382
8110,華東,12,3,9,第一金-台中,2023-07-04,5382
2401,凌陽,10,2,8,第一金-台中,2023-07-04,5382
3481,群創,11,3,8,第一金-台中,2023-07-04,5382
5426,振發,17,9,8,第一金-台中,2023-07-04,5382
2884,玉山金,1804,0,1804,第一金-台中,2023-07-05,5382
6271,同欣電,398,0,398,第一金-台中,2023-07-05,5382
2323,中環,143,25,118,第一金-台中,2023-07-05,5382
5009,榮剛,80,15,65,第一金-台中,2023-07-05,5382
2371,大同,62,3,59,第一金-台中,2023-07-05,5382
3706,神達,61,8,53,第一金-台中,2023-07-05,5382
2356,英業達,106,73,33,第一金-台中,2023-07-05,5382
1609,大亞,49,18,31,第一金-台中,2023-07-05,5382
5285,界霖,31,0,31,第一金-台中,2023-07-05,5382
2104,國際中橡,30,0,30,第一金-台中,2023-07-05,5382
2427,三商電,32,2,30,第一金-台中,2023-07-05,5382
4414,如興,30,0,30,第一金-台中,2023-07-05,5382
4960,誠美材,30,0,30,第一金-台中,2023-07-05,5382
2888,新光金,31,5,26,第一金-台中,2023-07-05,5382
0056,元大高股息,42,19,23,第一金-台中,2023-07-05,5382
3380,明泰,46,25,21,第一金-台中,2023-07-05,5382
3078,僑威,26,6,20,第一金-台中,2023-07-05,5382
2301,光寶科,19,2,17,第一金-台中,2023-07-05,5382
2355,敬鵬,15,0,15,第一金-台中,2023-07-05,5382
2609,陽明,97,82,15,第一金-台中,2023-07-05,5382
00882,中信中國高股息,14,0,14,第一金-台中,2023-07-05,5382
3025,星通,26,12,14,第一金-台中,2023-07-05,5382
2250,IKKA-KY,13,0,13,第一金-台中,2023-07-05,5382
5536,聖暉*,13,0,13,第一金-台中,2023-07-05,5382
00713,元大台灣高息低波,13,1,12,第一金-台中,2023-07-05,5382
1731,美吾華,12,0,12,第一金-台中,2023-07-05,5382
2230,泰茂,12,2,10,第一金-台中,2023-07-05,5382
00673R,期元大S＆P原油反1,10,0,10,第一金-台中,2023-07-05,5382
1809,中釉,10,0,10,第一金-台中,2023-07-05,5382
2402,毅嘉,37,27,10,第一金-台中,2023-07-05,5382
2915,潤泰全,10,0,10,第一金-台中,2023-07-05,5382
3693,營邦,27,17,10,第一金-台中,2023-07-05,5382
6104,創惟,10,0,10,第一金-台中,2023-07-05,5382
6168,宏齊,15,5,10,第一金-台中,2023-07-05,5382
6404,通訊-KY,10,0,10,第一金-台中,2023-07-05,5382
6712,長聖,10,0,10,第一金-台中,2023-07-05,5382
00929,復華台灣科技優息,9,0,9,第一金-台中,2023-07-05,5382
2376,技嘉,46,37,9,第一金-台中,2023-07-05,5382
1611,中電,33,24,9,第一金-台中,2023-07-05,5382
2002,中鋼,17,8,9,第一金-台中,2023-07-05,5382
2460,建通,11,2,9,第一金-台中,2023-07-05,5382
6806,森崴能源,14,5,9,第一金-台中,2023-07-05,5382
4968,立積,14,5,9,第一金-台中,2023-07-05,5382
00927,群益半導體收益,8,0,8,第一金-台中,2023-07-05,5382
4155,訊映,8,0,8,第一金-台中,2023-07-05,5382
4934,太極,28,20,8,第一金-台中,2023-07-05,5382
6245,立端,9,1,8,第一金-台中,2023-07-05,5382
6282,康舒,68,61,7,第一金-台中,2023-07-05,5382
00888,永豐台灣ESG,7,0,7,第一金-台中,2023-07-05,5382
4503,金雨,7,0,7,第一金-台中,2023-07-05,5382
00632R,元大台灣50反1,320,0,320,第一金-台中,2023-07-06,5382
2369,菱生,56,13,43,第一金-台中,2023-07-06,5382
2892,第一金,42,4,38,第一金-台中,2023-07-06,5382
2371,大同,40,8,32,第一金-台中,2023-07-06,5382
6116,彩晶,55,27,28,第一金-台中,2023-07-06,5382
2615,萬海,32,5,27,第一金-台中,2023-07-06,5382
1904,正隆,26,1,25,第一金-台中,2023-07-06,5382
4128,中天,25,0,25,第一金-台中,2023-07-06,5382
2323,中環,35,10,25,第一金-台中,2023-07-06,5382
2812,台中銀,29,5,24,第一金-台中,2023-07-06,5382
2355,敬鵬,26,4,22,第一金-台中,2023-07-06,5382
2002,中鋼,22,0,22,第一金-台中,2023-07-06,5382
2609,陽明,42,21,21,第一金-台中,2023-07-06,5382
6282,康舒,35,14,21,第一金-台中,2023-07-06,5382
6111,大宇資,75,54,21,第一金-台中,2023-07-06,5382
2356,英業達,78,58,20,第一金-台中,2023-07-06,5382
3706,神達,24,4,20,第一金-台中,2023-07-06,5382
8927,北基,20,0,20,第一金-台中,2023-07-06,5382
0056,元大高股息,22,3,19,第一金-台中,2023-07-06,5382
00751B,元大AAA至A公司債,19,0,19,第一金-台中,2023-07-06,5382
2388,威盛,35,16,19,第一金-台中,2023-07-06,5382
6789,采鈺,17,0,17,第一金-台中,2023-07-06,5382
3362,先進光,43,28,15,第一金-台中,2023-07-06,5382
2618,長榮航,150,135,15,第一金-台中,2023-07-06,5382
2317,鴻海,18,4,14,第一金-台中,2023-07-06,5382
8932,智通*,14,0,14,第一金-台中,2023-07-06,5382
3037,欣興,13,0,13,第一金-台中,2023-07-06,5382
3324,雙鴻,15,2,13,第一金-台中,2023-07-06,5382
2340,台亞,69,56,13,第一金-台中,2023-07-06,5382
3231,緯創,93,81,12,第一金-台中,2023-07-06,5382
6770,力積電,12,0,12,第一金-台中,2023-07-06,5382
00882,中信中國高股息,12,0,12,第一金-台中,2023-07-06,5382
4743,合一,12,0,12,第一金-台中,2023-07-06,5382
2409,友達,24,13,11,第一金-台中,2023-07-06,5382
2329,華泰,31,20,11,第一金-台中,2023-07-06,5382
2367,燿華,11,0,11,第一金-台中,2023-07-06,5382
8433,弘帆,11,0,11,第一金-台中,2023-07-06,5382
2308,台達電,10,0,10,第一金-台中,2023-07-06,5382
6188,廣明,12,2,10,第一金-台中,2023-07-06,5382
3714,富采,10,0,10,第一金-台中,2023-07-06,5382
00888,永豐台灣ESG,10,0,10,第一金-台中,2023-07-06,5382
3687,歐買尬,12,2,10,第一金-台中,2023-07-06,5382
6271,同欣電,23,13,10,第一金-台中,2023-07-06,5382
9904,寶成,10,0,10,第一金-台中,2023-07-06,5382
1802,台玻,10,1,9,第一金-台中,2023-07-06,5382
2881,富邦金,9,0,9,第一金-台中,2023-07-06,5382
5009,榮剛,10,1,9,第一金-台中,2023-07-06,5382
2887,台新金,9,0,9,第一金-台中,2023-07-06,5382
3035,智原,37,28,9,第一金-台中,2023-07-06,5382
00679B,元大美債20年,8,0,8,第一金-台中,2023-07-06,5382
00632R,元大台灣50反1,130,37,93,第一金-台中,2023-07-07,5382
1414,東和,80,0,80,第一金-台中,2023-07-07,5382
00722B,群益投資級電信債,71,0,71,第一金-台中,2023-07-07,5382
00679B,元大美債20年,62,0,62,第一金-台中,2023-07-07,5382
3701,大眾控,60,4,56,第一金-台中,2023-07-07,5382
00929,復華台灣科技優息,55,0,55,第一金-台中,2023-07-07,5382
2002,中鋼,43,0,43,第一金-台中,2023-07-07,5382
2485,兆赫,38,0,38,第一金-台中,2023-07-07,5382
1809,中釉,36,2,34,第一金-台中,2023-07-07,5382
2812,台中銀,31,1,30,第一金-台中,2023-07-07,5382
2104,國際中橡,30,0,30,第一金-台中,2023-07-07,5382
1301,台塑,29,0,29,第一金-台中,2023-07-07,5382
2317,鴻海,31,2,29,第一金-台中,2023-07-07,5382
00673R,期元大S＆P原油反1,27,2,25,第一金-台中,2023-07-07,5382
3017,奇鋐,37,12,25,第一金-台中,2023-07-07,5382
3305,昇貿,38,14,24,第一金-台中,2023-07-07,5382
00725B,國泰投資級公司債,21,0,21,第一金-台中,2023-07-07,5382
8201,無敵,30,10,20,第一金-台中,2023-07-07,5382
2610,華航,42,22,20,第一金-台中,2023-07-07,5382
2356,英業達,56,37,19,第一金-台中,2023-07-07,5382
3035,智原,35,18,17,第一金-台中,2023-07-07,5382
3380,明泰,27,12,15,第一金-台中,2023-07-07,5382
8147,正淩,15,0,15,第一金-台中,2023-07-07,5382
8433,弘帆,15,0,15,第一金-台中,2023-07-07,5382
2347,聯強,16,2,14,第一金-台中,2023-07-07,5382
6789,采鈺,14,0,14,第一金-台中,2023-07-07,5382
2881,富邦金,13,0,13,第一金-台中,2023-07-07,5382
2489,瑞軒,62,49,13,第一金-台中,2023-07-07,5382
6226,光鼎,13,0,13,第一金-台中,2023-07-07,5382
2376,技嘉,30,18,12,第一金-台中,2023-07-07,5382
4919,新唐,13,1,12,第一金-台中,2023-07-07,5382
4906,正文,37,25,12,第一金-台中,2023-07-07,5382
2338,光罩,11,0,11,第一金-台中,2023-07-07,5382
2406,國碩,11,0,11,第一金-台中,2023-07-07,5382
2250,IKKA-KY,11,0,11,第一金-台中,2023-07-07,5382
2515,中工,11,0,11,第一金-台中,2023-07-07,5382
3265,台星科,17,6,11,第一金-台中,2023-07-07,5382
6120,達運,11,0,11,第一金-台中,2023-07-07,5382
8050,廣積,11,0,11,第一金-台中,2023-07-07,5382
3042,晶技,10,0,10,第一金-台中,2023-07-07,5382
2332,友訊,10,0,10,第一金-台中,2023-07-07,5382
1303,南亞,10,0,10,第一金-台中,2023-07-07,5382
2344,華邦電,10,0,10,第一金-台中,2023-07-07,5382
3105,穩懋,11,1,10,第一金-台中,2023-07-07,5382
3259,鑫創,10,0,10,第一金-台中,2023-07-07,5382
3707,漢磊,10,0,10,第一金-台中,2023-07-07,5382
5474,聰泰,10,0,10,第一金-台中,2023-07-07,5382
2882,國泰金,10,0,10,第一金-台中,2023-07-07,5382
00927,群益半導體收益,9,0,9,第一金-台中,2023-07-07,5382
2409,友達,10,1,9,第一金-台中,2023-07-07,5382
00679B,元大美債20年,68,7,61,第一金-台中,2023-07-10,5382
3025,星通,130,74,56,第一金-台中,2023-07-10,5382
1614,三洋電,50,7,43,第一金-台中,2023-07-10,5382
00929,復華台灣科技優息,33,0,33,第一金-台中,2023-07-10,5382
00720B,元大投資級公司債,30,0,30,第一金-台中,2023-07-10,5382
00722B,群益投資級電信債,30,0,30,第一金-台中,2023-07-10,5382
2609,陽明,33,3,30,第一金-台中,2023-07-10,5382
2329,華泰,49,20,29,第一金-台中,2023-07-10,5382
3673,TPK-KY,28,0,28,第一金-台中,2023-07-10,5382
3042,晶技,28,1,27,第一金-台中,2023-07-10,5382
0056,元大高股息,35,8,27,第一金-台中,2023-07-10,5382
00882,中信中國高股息,26,0,26,第一金-台中,2023-07-10,5382
1789,神隆,23,1,22,第一金-台中,2023-07-10,5382
3558,神準,27,6,21,第一金-台中,2023-07-10,5382
1503,士電,50,30,20,第一金-台中,2023-07-10,5382
6679,鈺太,21,1,20,第一金-台中,2023-07-10,5382
6703,軒郁,20,0,20,第一金-台中,2023-07-10,5382
8076,伍豐,20,0,20,第一金-台中,2023-07-10,5382
1609,大亞,41,22,19,第一金-台中,2023-07-10,5382
00673R,期元大S＆P原油反1,19,0,19,第一金-台中,2023-07-10,5382
1217,愛之味,30,12,18,第一金-台中,2023-07-10,5382
4128,中天,17,0,17,第一金-台中,2023-07-10,5382
1101,台泥,26,10,16,第一金-台中,2023-07-10,5382
2313,華通,18,2,16,第一金-台中,2023-07-10,5382
4934,太極,23,9,14,第一金-台中,2023-07-10,5382
2603,長榮,17,2,15,第一金-台中,2023-07-10,5382
2303,聯電,18,4,14,第一金-台中,2023-07-10,5382
00680L,元大美債20正2,14,0,14,第一金-台中,2023-07-10,5382
4532,瑞智,68,55,13,第一金-台中,2023-07-10,5382
00713,元大台灣高息低波,12,0,12,第一金-台中,2023-07-10,5382
6271,同欣電,12,0,12,第一金-台中,2023-07-10,5382
3163,波若威,13,1,12,第一金-台中,2023-07-10,5382
5009,榮剛,22,10,12,第一金-台中,2023-07-10,5382
00927,群益半導體收益,11,0,11,第一金-台中,2023-07-10,5382
2419,仲琦,36,25,11,第一金-台中,2023-07-10,5382
3056,富華新,11,0,11,第一金-台中,2023-07-10,5382
3372,典範,11,0,11,第一金-台中,2023-07-10,5382
4919,新唐,11,0,11,第一金-台中,2023-07-10,5382
6179,亞通,12,1,11,第一金-台中,2023-07-10,5382
9933,中鼎,11,0,11,第一金-台中,2023-07-10,5382
2883,凱基金,10,0,10,第一金-台中,2023-07-10,5382
4527,方土霖,51,41,10,第一金-台中,2023-07-10,5382
2323,中環,10,0,10,第一金-台中,2023-07-10,5382
5283,禾聯碩,21,11,10,第一金-台中,2023-07-10,5382
5439,高技,22,12,10,第一金-台中,2023-07-10,5382
6712,長聖,10,0,10,第一金-台中,2023-07-10,5382
6799,來頡,10,0,10,第一金-台中,2023-07-10,5382
8201,無敵,10,0,10,第一金-台中,2023-07-10,5382
2387,精元,10,0,10,第一金-台中,2023-07-10,5382
1303,南亞,9,0,9,第一金-台中,2023-07-10,5382
2382,廣達,169,85,84,第一金-台中,2023-07-11,5382
9105,泰金寶-DR,81,0,81,第一金-台中,2023-07-11,5382
2481,強茂,74,20,54,第一金-台中,2023-07-11,5382
2356,英業達,126,76,50,第一金-台中,2023-07-11,5382
3481,群創,108,63,45,第一金-台中,2023-07-11,5382
3306,鼎天,40,1,39,第一金-台中,2023-07-11,5382
4532,瑞智,46,17,29,第一金-台中,2023-07-11,5382
6235,華孚,30,4,26,第一金-台中,2023-07-11,5382
2855,統一證,30,5,25,第一金-台中,2023-07-11,5382
2609,陽明,29,5,24,第一金-台中,2023-07-11,5382
1802,台玻,61,37,24,第一金-台中,2023-07-11,5382
1414,東和,22,0,22,第一金-台中,2023-07-11,5382
3062,建漢,21,0,21,第一金-台中,2023-07-11,5382
2406,國碩,20,0,20,第一金-台中,2023-07-11,5382
3162,精確,20,0,20,第一金-台中,2023-07-11,5382
3022,威強電,21,1,20,第一金-台中,2023-07-11,5382
6116,彩晶,21,1,20,第一金-台中,2023-07-11,5382
1604,聲寶,20,1,19,第一金-台中,2023-07-11,5382
1515,力山,22,3,19,第一金-台中,2023-07-11,5382
2340,台亞,39,21,18,第一金-台中,2023-07-11,5382
4106,雃博,19,1,18,第一金-台中,2023-07-11,5382
9929,秋雨,17,0,17,第一金-台中,2023-07-11,5382
2317,鴻海,20,4,16,第一金-台中,2023-07-11,5382
2820,華票,15,0,15,第一金-台中,2023-07-11,5382
4128,中天,15,0,15,第一金-台中,2023-07-11,5382
2380,虹光,15,1,14,第一金-台中,2023-07-11,5382
2376,技嘉,33,20,13,第一金-台中,2023-07-11,5382
00673R,期元大S＆P原油反1,13,0,13,第一金-台中,2023-07-11,5382
3707,漢磊,20,7,13,第一金-台中,2023-07-11,5382
6187,萬潤,12,0,12,第一金-台中,2023-07-11,5382
8085,福華,12,0,12,第一金-台中,2023-07-11,5382
3017,奇鋐,34,23,11,第一金-台中,2023-07-11,5382
3324,雙鴻,12,1,11,第一金-台中,2023-07-11,5382
0056,元大高股息,22,12,10,第一金-台中,2023-07-11,5382
2211,長榮鋼,10,0,10,第一金-台中,2023-07-11,5382
4164,承業醫,10,0,10,第一金-台中,2023-07-11,5382
4173,久裕,10,0,10,第一金-台中,2023-07-11,5382
4541,晟田,20,10,10,第一金-台中,2023-07-11,5382
6182,合晶,12,2,10,第一金-台中,2023-07-11,5382
6198,瑞築,10,0,10,第一金-台中,2023-07-11,5382
6679,鈺太,11,1,10,第一金-台中,2023-07-11,5382
3231,緯創,103,93,10,第一金-台中,2023-07-11,5382
6404,通訊-KY,9,0,9,第一金-台中,2023-07-11,5382
8936,國統,10,1,9,第一金-台中,2023-07-11,5382
4510,高鋒,19,11,8,第一金-台中,2023-07-11,5382
3338,泰碩,8,0,8,第一金-台中,2023-07-11,5382
4916,事欣科,13,5,8,第一金-台中,2023-07-11,5382
4979,華星光,8,0,8,第一金-台中,2023-07-11,5382
6271,同欣電,8,0,8,第一金-台中,2023-07-11,5382
6531,愛普*,8,0,8,第一金-台中,2023-07-11,5382
2323,中環,350,11,339,第一金-台中,2023-07-12,5382
3706,神達,211,75,136,第一金-台中,2023-07-12,5382
2328,廣宇,113,10,103,第一金-台中,2023-07-12,5382
3016,嘉晶,90,1,89,第一金-台中,2023-07-12,5382
9105,泰金寶-DR,89,0,89,第一金-台中,2023-07-12,5382
2834,臺企銀,53,0,53,第一金-台中,2023-07-12,5382
1789,神隆,46,0,46,第一金-台中,2023-07-12,5382
0056,元大高股息,61,18,43,第一金-台中,2023-07-12,5382
2618,長榮航,71,31,40,第一金-台中,2023-07-12,5382
00673R,期元大S＆P原油反1,32,0,32,第一金-台中,2023-07-12,5382
1513,中興電,60,28,32,第一金-台中,2023-07-12,5382
6219,富旺,30,0,30,第一金-台中,2023-07-12,5382
3693,營邦,63,35,28,第一金-台中,2023-07-12,5382
1414,東和,25,0,25,第一金-台中,2023-07-12,5382
2406,國碩,23,0,23,第一金-台中,2023-07-12,5382
00891,中信關鍵半導體,20,0,20,第一金-台中,2023-07-12,5382
2485,兆赫,20,0,20,第一金-台中,2023-07-12,5382
3062,建漢,20,0,20,第一金-台中,2023-07-12,5382
3032,偉訓,25,7,18,第一金-台中,2023-07-12,5382
4533,協易機,21,4,17,第一金-台中,2023-07-12,5382
2301,光寶科,47,31,16,第一金-台中,2023-07-12,5382
2303,聯電,17,1,16,第一金-台中,2023-07-12,5382
3362,先進光,19,3,16,第一金-台中,2023-07-12,5382
4128,中天,15,0,15,第一金-台中,2023-07-12,5382
1810,和成,15,0,15,第一金-台中,2023-07-12,5382
3704,合勤控,22,7,15,第一金-台中,2023-07-12,5382
9110,越南控-DR,15,0,15,第一金-台中,2023-07-12,5382
2358,廷鑫,14,0,14,第一金-台中,2023-07-12,5382
2515,中工,13,0,13,第一金-台中,2023-07-12,5382
6789,采鈺,13,0,13,第一金-台中,2023-07-12,5382
00929,復華台灣科技優息,12,0,12,第一金-台中,2023-07-12,5382
1609,大亞,78,66,12,第一金-台中,2023-07-12,5382
3094,聯傑,12,0,12,第一金-台中,2023-07-12,5382
8935,邦泰,12,0,12,第一金-台中,2023-07-12,5382
5351,鈺創,11,0,11,第一金-台中,2023-07-12,5382
2371,大同,33,22,11,第一金-台中,2023-07-12,5382
3508,位速,11,0,11,第一金-台中,2023-07-12,5382
9943,好樂迪,11,0,11,第一金-台中,2023-07-12,5382
3714,富采,10,0,10,第一金-台中,2023-07-12,5382
3058,立德,9,0,9,第一金-台中,2023-07-12,5382
1722,台肥,9,0,9,第一金-台中,2023-07-12,5382
2353,宏��,9,1,8,第一金-台中,2023-07-12,5382
2540,愛山林,8,0,8,第一金-台中,2023-07-12,5382
4931,新盛力,10,2,8,第一金-台中,2023-07-12,5382
5371,中光電,14,6,8,第一金-台中,2023-07-12,5382
5608,四維航,8,0,8,第一金-台中,2023-07-12,5382
8924,大田,8,0,8,第一金-台中,2023-07-12,5382
6188,廣明,63,55,8,第一金-台中,2023-07-12,5382
5483,中美晶,16,8,8,第一金-台中,2023-07-12,5382
3234,光環,8,0,8,第一金-台中,2023-07-12,5382
3032,偉訓,209,24,185,第一金-台中,2023-07-13,5382
4128,中天,96,0,96,第一金-台中,2023-07-13,5382
00680L,元大美債20正2,96,0,96,第一金-台中,2023-07-13,5382
6188,廣明,142,72,70,第一金-台中,2023-07-13,5382
00882,中信中國高股息,47,0,47,第一金-台中,2023-07-13,5382
2328,廣宇,55,16,39,第一金-台中,2023-07-13,5382
6274,台燿,43,4,39,第一金-台中,2023-07-13,5382
3714,富采,33,1,32,第一金-台中,2023-07-13,5382
2356,英業達,216,184,32,第一金-台中,2023-07-13,5382
6592,和潤企業,37,11,26,第一金-台中,2023-07-13,5382
00930,永豐ESG低碳高息,26,0,26,第一金-台中,2023-07-13,5382
6282,康舒,31,7,24,第一金-台中,2023-07-13,5382
3231,緯創,93,69,24,第一金-台中,2023-07-13,5382
2329,華泰,94,72,22,第一金-台中,2023-07-13,5382
3363,上詮,33,12,21,第一金-台中,2023-07-13,5382
2449,京元電子,29,9,20,第一金-台中,2023-07-13,5382
6139,亞翔,36,16,20,第一金-台中,2023-07-13,5382
1414,東和,18,0,18,第一金-台中,2023-07-13,5382
6285,啟��,62,44,18,第一金-台中,2023-07-13,5382
1905,華紙,19,2,17,第一金-台中,2023-07-13,5382
1731,美吾華,16,0,16,第一金-台中,2023-07-13,5382
6133,金橋,16,0,16,第一金-台中,2023-07-13,5382
8271,宇瞻,16,0,16,第一金-台中,2023-07-13,5382
2618,長榮航,165,150,15,第一金-台中,2023-07-13,5382
1310,台苯,36,21,15,第一金-台中,2023-07-13,5382
2317,鴻海,15,1,14,第一金-台中,2023-07-13,5382
2603,長榮,52,39,13,第一金-台中,2023-07-13,5382
3666,光耀,15,2,13,第一金-台中,2023-07-13,5382
2376,技嘉,68,55,13,第一金-台中,2023-07-13,5382
2409,友達,12,0,12,第一金-台中,2023-07-13,5382
2889,國票金,12,0,12,第一金-台中,2023-07-13,5382
00929,復華台灣科技優息,22,10,12,第一金-台中,2023-07-13,5382
2882,國泰金,11,0,11,第一金-台中,2023-07-13,5382
3189,景碩,13,2,11,第一金-台中,2023-07-13,5382
2820,華票,10,0,10,第一金-台中,2023-07-13,5382
00907,永豐優息存股,10,0,10,第一金-台中,2023-07-13,5382
1609,大亞,32,22,10,第一金-台中,2023-07-13,5382
2515,中工,10,0,10,第一金-台中,2023-07-13,5382
3017,奇鋐,56,46,10,第一金-台中,2023-07-13,5382
3558,神準,15,5,10,第一金-台中,2023-07-13,5382
3624,光頡,10,0,10,第一金-台中,2023-07-13,5382
4121,優盛,10,0,10,第一金-台中,2023-07-13,5382
5443,均豪,10,0,10,第一金-台中,2023-07-13,5382
3202,樺晟,9,0,9,第一金-台中,2023-07-13,5382
2371,大同,11,2,9,第一金-台中,2023-07-13,5382
3583,辛耘,11,3,8,第一金-台中,2023-07-13,5382
6111,大宇資,25,17,8,第一金-台中,2023-07-13,5382
6187,萬潤,8,0,8,第一金-台中,2023-07-13,5382
6679,鈺太,9,1,8,第一金-台中,2023-07-13,5382
8070,長華*,8,0,8,第一金-台中,2023-07-13,5382
2329,華泰,153,73,80,第一金-台中,2023-07-14,5382
6550,北極星藥業-KY,50,0,50,第一金-台中,2023-07-14,5382
3305,昇貿,50,1,49,第一金-台中,2023-07-14,5382
2314,台揚,50,3,47,第一金-台中,2023-07-14,5382
2312,金寶,76,30,46,第一金-台中,2023-07-14,5382
6188,廣明,85,49,36,第一金-台中,2023-07-14,5382
3576,聯合再生,31,0,31,第一金-台中,2023-07-14,5382
1414,東和,27,0,27,第一金-台中,2023-07-14,5382
2436,偉詮電,33,8,25,第一金-台中,2023-07-14,5382
2382,廣達,96,74,22,第一金-台中,2023-07-14,5382
1560,中砂,24,3,21,第一金-台中,2023-07-14,5382
6806,森崴能源,22,1,21,第一金-台中,2023-07-14,5382
3380,明泰,24,4,20,第一金-台中,2023-07-14,5382
6005,群益證,20,0,20,第一金-台中,2023-07-14,5382
6841,長佳智能,21,1,20,第一金-台中,2023-07-14,5382
3042,晶技,17,0,17,第一金-台中,2023-07-14,5382
1718,中纖,16,0,16,第一金-台中,2023-07-14,5382
00687B,國泰20年美債,15,0,15,第一金-台中,2023-07-14,5382
3617,碩天,16,1,15,第一金-台中,2023-07-14,5382
00773B,中信優先金融債,14,0,14,第一金-台中,2023-07-14,5382
8932,智通*,15,1,14,第一金-台中,2023-07-14,5382
1513,中興電,61,48,13,第一金-台中,2023-07-14,5382
00930,永豐ESG低碳高息,11,0,11,第一金-台中,2023-07-14,5382
6116,彩晶,11,0,11,第一金-台中,2023-07-14,5382
00720B,元大投資級公司債,10,0,10,第一金-台中,2023-07-14,5382
00712,復華富時不動產,10,0,10,第一金-台中,2023-07-14,5382
1215,卜蜂,10,0,10,第一金-台中,2023-07-14,5382
2603,長榮,20,10,10,第一金-台中,2023-07-14,5382
2855,統一證,20,10,10,第一金-台中,2023-07-14,5382
6505,台塑化,10,0,10,第一金-台中,2023-07-14,5382
8021,尖點,30,20,10,第一金-台中,2023-07-14,5382
00679B,元大美債20年,13,4,9,第一金-台中,2023-07-14,5382
1609,大亞,43,34,9,第一金-台中,2023-07-14,5382
3362,先進光,40,31,9,第一金-台中,2023-07-14,5382
00929,復華台灣科技優息,8,0,8,第一金-台中,2023-07-14,5382
3715,定穎投控,26,18,8,第一金-台中,2023-07-14,5382
8222,寶一,18,10,8,第一金-台中,2023-07-14,5382
2610,華航,115,107,8,第一金-台中,2023-07-14,5382
2301,光寶科,230,222,8,第一金-台中,2023-07-14,5382
3231,緯創,28,21,7,第一金-台中,2023-07-14,5382
2206,三陽工業,10,3,7,第一金-台中,2023-07-14,5382
1434,福懋,7,0,7,第一金-台中,2023-07-14,5382
2881,富邦金,7,0,7,第一金-台中,2023-07-14,5382
3406,玉晶光,8,1,7,第一金-台中,2023-07-14,5382
4532,瑞智,16,9,7,第一金-台中,2023-07-14,5382
6219,富旺,7,0,7,第一金-台中,2023-07-14,5382
6584,南俊國際,8,1,7,第一金-台中,2023-07-14,5382
8935,邦泰,7,0,7,第一金-台中,2023-07-14,5382
3032,偉訓,7,1,6,第一金-台中,2023-07-14,5382
6679,鈺太,6,0,6,第一金-台中,2023-07-14,5382
2371,大同,2121,34,2087,第一金-台中,2023-07-17,5382
5009,榮剛,143,0,143,第一金-台中,2023-07-17,5382
00930,永豐ESG低碳高息,70,0,70,第一金-台中,2023-07-17,5382
5469,瀚宇博,59,6,53,第一金-台中,2023-07-17,5382
2353,宏��,158,106,52,第一金-台中,2023-07-17,5382
4908,前鼎,50,0,50,第一金-台中,2023-07-17,5382
00929,復華台灣科技優息,53,4,49,第一金-台中,2023-07-17,5382
2449,京元電子,67,19,48,第一金-台中,2023-07-17,5382
4162,智擎,62,21,41,第一金-台中,2023-07-17,5382
2610,華航,63,24,39,第一金-台中,2023-07-17,5382
00687B,國泰20年美債,38,0,38,第一金-台中,2023-07-17,5382
6470,宇智,36,1,35,第一金-台中,2023-07-17,5382
1795,美時,36,3,33,第一金-台中,2023-07-17,5382
6282,康舒,118,87,31,第一金-台中,2023-07-17,5382
9105,泰金寶-DR,30,0,30,第一金-台中,2023-07-17,5382
6116,彩晶,50,21,29,第一金-台中,2023-07-17,5382
2324,仁寶,45,21,24,第一金-台中,2023-07-17,5382
6550,北極星藥業-KY,24,1,23,第一金-台中,2023-07-17,5382
1789,神隆,33,11,22,第一金-台中,2023-07-17,5382
3062,建漢,22,2,20,第一金-台中,2023-07-17,5382
6005,群益證,20,0,20,第一金-台中,2023-07-17,5382
4532,瑞智,76,57,19,第一金-台中,2023-07-17,5382
2328,廣宇,22,3,19,第一金-台中,2023-07-17,5382
6179,亞通,18,0,18,第一金-台中,2023-07-17,5382
3521,鴻翊,17,0,17,第一金-台中,2023-07-17,5382
2882,國泰金,20,5,15,第一金-台中,2023-07-17,5382
6219,富旺,21,6,15,第一金-台中,2023-07-17,5382
6527,明達醫,15,0,15,第一金-台中,2023-07-17,5382
9938,百和,15,0,15,第一金-台中,2023-07-17,5382
1618,合機,15,1,14,第一金-台中,2023-07-17,5382
3017,奇鋐,17,3,14,第一金-台中,2023-07-17,5382
2308,台達電,17,3,14,第一金-台中,2023-07-17,5382
2618,長榮航,62,48,14,第一金-台中,2023-07-17,5382
3037,欣興,22,11,11,第一金-台中,2023-07-17,5382
00632R,元大台灣50反1,11,0,11,第一金-台中,2023-07-17,5382
2436,偉詮電,13,2,11,第一金-台中,2023-07-17,5382
8050,廣積,13,2,11,第一金-台中,2023-07-17,5382
2885,元大金,20,9,11,第一金-台中,2023-07-17,5382
00679B,元大美債20年,15,4,11,第一金-台中,2023-07-17,5382
8222,寶一,11,0,11,第一金-台中,2023-07-17,5382
00773B,中信優先金融債,10,0,10,第一金-台中,2023-07-17,5382
1605,華新,26,16,10,第一金-台中,2023-07-17,5382
00795B,中信美國公債20年,10,0,10,第一金-台中,2023-07-17,5382
1604,聲寶,10,0,10,第一金-台中,2023-07-17,5382
2316,楠梓電,10,0,10,第一金-台中,2023-07-17,5382
2801,彰銀,11,1,10,第一金-台中,2023-07-17,5382
2888,新光金,10,0,10,第一金-台中,2023-07-17,5382
2913,農林,10,0,10,第一金-台中,2023-07-17,5382
3289,宜特,10,0,10,第一金-台中,2023-07-17,5382
4108,懷特,10,0,10,第一金-台中,2023-07-17,5382
2371,大同,954,44,910,第一金-台中,2023-07-18,5382
3706,神達,231,37,194,第一金-台中,2023-07-18,5382
2324,仁寶,174,33,141,第一金-台中,2023-07-18,5382
9105,泰金寶-DR,100,0,100,第一金-台中,2023-07-18,5382
2356,英業達,309,212,97,第一金-台中,2023-07-18,5382
2888,新光金,80,1,79,第一金-台中,2023-07-18,5382
4919,新唐,70,3,67,第一金-台中,2023-07-18,5382
2913,農林,54,0,54,第一金-台中,2023-07-18,5382
3045,台灣大,50,0,50,第一金-台中,2023-07-18,5382
3207,耀勝,53,3,50,第一金-台中,2023-07-18,5382
00712,復華富時不動產,43,2,41,第一金-台中,2023-07-18,5382
2329,華泰,98,61,37,第一金-台中,2023-07-18,5382
2352,佳世達,67,30,37,第一金-台中,2023-07-18,5382
2515,中工,35,0,35,第一金-台中,2023-07-18,5382
2812,台中銀,34,0,34,第一金-台中,2023-07-18,5382
00720B,元大投資級公司債,31,0,31,第一金-台中,2023-07-18,5382
00722B,群益投資級電信債,31,0,31,第一金-台中,2023-07-18,5382
3287,廣寰科,29,0,29,第一金-台中,2023-07-18,5382
6179,亞通,33,5,28,第一金-台中,2023-07-18,5382
00882,中信中國高股息,25,0,25,第一金-台中,2023-07-18,5382
2603,長榮,48,26,22,第一金-台中,2023-07-18,5382
00715L,期街口布蘭特正2,33,11,22,第一金-台中,2023-07-18,5382
00929,復華台灣科技優息,21,0,21,第一金-台中,2023-07-18,5382
6118,建達,21,0,21,第一金-台中,2023-07-18,5382
8936,國統,21,0,21,第一金-台中,2023-07-18,5382
1414,東和,20,0,20,第一金-台中,2023-07-18,5382
3558,神準,22,2,20,第一金-台中,2023-07-18,5382
2457,飛宏,22,4,18,第一金-台中,2023-07-18,5382
00632R,元大台灣50反1,30,13,17,第一金-台中,2023-07-18,5382
2301,光寶科,84,68,16,第一金-台中,2023-07-18,5382
2312,金寶,288,272,16,第一金-台中,2023-07-18,5382
3521,鴻翊,16,0,16,第一金-台中,2023-07-18,5382
2419,仲琦,25,9,16,第一金-台中,2023-07-18,5382
4108,懷特,15,0,15,第一金-台中,2023-07-18,5382
4938,和碩,44,29,15,第一金-台中,2023-07-18,5382
2883,凱基金,14,1,13,第一金-台中,2023-07-18,5382
2323,中環,14,1,13,第一金-台中,2023-07-18,5382
1605,華新,18,6,12,第一金-台中,2023-07-18,5382
3078,僑威,59,47,12,第一金-台中,2023-07-18,5382
6140,訊達,12,0,12,第一金-台中,2023-07-18,5382
2344,華邦電,11,0,11,第一金-台中,2023-07-18,5382
2406,國碩,11,0,11,第一金-台中,2023-07-18,5382
2409,友達,11,0,11,第一金-台中,2023-07-18,5382
3051,力特,11,0,11,第一金-台中,2023-07-18,5382
2889,國票金,10,0,10,第一金-台中,2023-07-18,5382
3071,協禧,11,1,10,第一金-台中,2023-07-18,5382
3163,波若威,15,5,10,第一金-台中,2023-07-18,5382
4105,東洋,10,0,10,第一金-台中,2023-07-18,5382
6005,群益證,10,0,10,第一金-台中,2023-07-18,5382
6214,精誠,10,0,10,第一金-台中,2023-07-18,5382
2371,大同,1227,307,920,第一金-台中,2023-07-19,5382
4123,晟德,138,28,110,第一金-台中,2023-07-19,5382
3149,正達,64,0,64,第一金-台中,2023-07-19,5382
3037,欣興,107,48,59,第一金-台中,2023-07-19,5382
1414,東和,64,10,54,第一金-台中,2023-07-19,5382
6282,康舒,84,37,47,第一金-台中,2023-07-19,5382
3205,佰研,44,0,44,第一金-台中,2023-07-19,5382
2618,長榮航,231,189,42,第一金-台中,2023-07-19,5382
2855,統一證,50,9,41,第一金-台中,2023-07-19,5382
00882,中信中國高股息,41,3,38,第一金-台中,2023-07-19,5382
2457,飛宏,41,6,35,第一金-台中,2023-07-19,5382
2461,光群雷,35,0,35,第一金-台中,2023-07-19,5382
6015,宏遠證,35,0,35,第一金-台中,2023-07-19,5382
6861,睿生光電,32,0,32,第一金-台中,2023-07-19,5382
6657,華安,31,0,31,第一金-台中,2023-07-19,5382
6806,森崴能源,30,0,30,第一金-台中,2023-07-19,5382
1219,福壽,25,0,25,第一金-台中,2023-07-19,5382
8076,伍豐,25,0,25,第一金-台中,2023-07-19,5382
1584,精剛,23,0,23,第一金-台中,2023-07-19,5382
00929,復華台灣科技優息,23,0,23,第一金-台中,2023-07-19,5382
4919,新唐,23,1,22,第一金-台中,2023-07-19,5382
00679B,元大美債20年,22,0,22,第一金-台中,2023-07-19,5382
2362,藍天,25,4,21,第一金-台中,2023-07-19,5382
6584,南俊國際,30,9,21,第一金-台中,2023-07-19,5382
3042,晶技,20,0,20,第一金-台中,2023-07-19,5382
3045,台灣大,20,0,20,第一金-台中,2023-07-19,5382
2812,台中銀,30,10,20,第一金-台中,2023-07-19,5382
2603,長榮,19,1,18,第一金-台中,2023-07-19,5382
2609,陽明,27,9,18,第一金-台中,2023-07-19,5382
4532,瑞智,18,0,18,第一金-台中,2023-07-19,5382
3432,台端,15,0,15,第一金-台中,2023-07-19,5382
4163,鐿鈦,15,0,15,第一金-台中,2023-07-19,5382
1101,台泥,15,0,15,第一金-台中,2023-07-19,5382
6116,彩晶,24,10,14,第一金-台中,2023-07-19,5382
3035,智原,139,127,12,第一金-台中,2023-07-19,5382
3105,穩懋,18,6,12,第一金-台中,2023-07-19,5382
0056,元大高股息,33,22,11,第一金-台中,2023-07-19,5382
3055,蔚華科,12,1,11,第一金-台中,2023-07-19,5382
2915,潤泰全,11,0,11,第一金-台中,2023-07-19,5382
4763,材料-KY,11,0,11,第一金-台中,2023-07-19,5382
4906,正文,11,0,11,第一金-台中,2023-07-19,5382
5258,虹堡,18,7,11,第一金-台中,2023-07-19,5382
2421,建準,20,10,10,第一金-台中,2023-07-19,5382
3714,富采,10,0,10,第一金-台中,2023-07-19,5382
00900,富邦特選高股息30,10,0,10,第一金-台中,2023-07-19,5382
2312,金寶,40,30,10,第一金-台中,2023-07-19,5382
4766,南寶,10,0,10,第一金-台中,2023-07-19,5382
6414,樺漢,10,0,10,第一金-台中,2023-07-19,5382
8093,保銳,10,0,10,第一金-台中,2023-07-19,5382
9105,泰金寶-DR,10,0,10,第一金-台中,2023-07-19,5382
1789,神隆,65,1,64,第一金-台中,2023-07-20,5382
2421,建準,54,2,52,第一金-台中,2023-07-20,5382
2618,長榮航,84,38,46,第一金-台中,2023-07-20,5382
1513,中興電,44,0,44,第一金-台中,2023-07-20,5382
2303,聯電,47,3,44,第一金-台中,2023-07-20,5382
2419,仲琦,40,4,36,第一金-台中,2023-07-20,5382
2206,三陽工業,52,17,35,第一金-台中,2023-07-20,5382
6217,中探針,47,12,35,第一金-台中,2023-07-20,5382
3706,神達,39,15,24,第一金-台中,2023-07-20,5382
2610,華航,86,66,20,第一金-台中,2023-07-20,5382
2382,廣達,158,138,20,第一金-台中,2023-07-20,5382
4953,緯軟,23,3,20,第一金-台中,2023-07-20,5382
6187,萬潤,42,23,19,第一金-台中,2023-07-20,5382
9929,秋雨,18,0,18,第一金-台中,2023-07-20,5382
5469,瀚宇博,17,0,17,第一金-台中,2023-07-20,5382
2515,中工,16,0,16,第一金-台中,2023-07-20,5382
8210,勤誠,42,26,16,第一金-台中,2023-07-20,5382
6841,長佳智能,28,13,15,第一金-台中,2023-07-20,5382
2022,聚亨,15,0,15,第一金-台中,2023-07-20,5382
6451,訊芯-KY,15,1,14,第一金-台中,2023-07-20,5382
2355,敬鵬,13,0,13,第一金-台中,2023-07-20,5382
3231,緯創,21,9,12,第一金-台中,2023-07-20,5382
3481,群創,13,1,12,第一金-台中,2023-07-20,5382
00679B,元大美債20年,12,1,11,第一金-台中,2023-07-20,5382
00885,富邦越南,11,0,11,第一金-台中,2023-07-20,5382
00929,復華台灣科技優息,15,4,11,第一金-台中,2023-07-20,5382
3406,玉晶光,12,1,11,第一金-台中,2023-07-20,5382
2317,鴻海,11,1,10,第一金-台中,2023-07-20,5382
1309,台達化,10,0,10,第一金-台中,2023-07-20,5382
2017,官田鋼,10,0,10,第一金-台中,2023-07-20,5382
5302,太欣,10,0,10,第一金-台中,2023-07-20,5382
6799,來頡,10,0,10,第一金-台中,2023-07-20,5382
8021,尖點,10,0,10,第一金-台中,2023-07-20,5382
8201,無敵,10,0,10,第一金-台中,2023-07-20,5382
9105,泰金寶-DR,15,5,10,第一金-台中,2023-07-20,5382
5474,聰泰,14,4,10,第一金-台中,2023-07-20,5382
3105,穩懋,10,1,9,第一金-台中,2023-07-20,5382
00670L,富邦NASDAQ正2,9,0,9,第一金-台中,2023-07-20,5382
5386,青雲,15,6,9,第一金-台中,2023-07-20,5382
1815,富喬,10,2,8,第一金-台中,2023-07-20,5382
6657,華安,40,32,8,第一金-台中,2023-07-20,5382
6796,晉弘,15,7,8,第一金-台中,2023-07-20,5382
2368,金像電,42,34,8,第一金-台中,2023-07-20,5382
2027,大成鋼,11,4,7,第一金-台中,2023-07-20,5382
00725B,國泰投資級公司債,7,0,7,第一金-台中,2023-07-20,5382
1229,聯華,8,1,7,第一金-台中,2023-07-20,5382
2408,南亞科,11,4,7,第一金-台中,2023-07-20,5382
4906,正文,7,0,7,第一金-台中,2023-07-20,5382
8050,廣積,12,5,7,第一金-台中,2023-07-20,5382
2356,英業達,20,13,7,第一金-台中,2023-07-20,5382
1513,中興電,660,114,546,第一金-台中,2023-07-21,5382
00632R,元大台灣50反1,204,5,199,第一金-台中,2023-07-21,5382
5340,建榮,112,5,107,第一金-台中,2023-07-21,5382
00712,復華富時不動產,92,11,81,第一金-台中,2023-07-21,5382
3706,神達,78,13,65,第一金-台中,2023-07-21,5382
6112,邁達特,65,4,61,第一金-台中,2023-07-21,5382
1721,三晃,75,22,53,第一金-台中,2023-07-21,5382
3305,昇貿,57,5,52,第一金-台中,2023-07-21,5382
6874,倍力,40,0,40,第一金-台中,2023-07-21,5382
2376,技嘉,200,163,37,第一金-台中,2023-07-21,5382
00929,復華台灣科技優息,39,5,34,第一金-台中,2023-07-21,5382
2382,廣達,294,262,32,第一金-台中,2023-07-21,5382
2329,華泰,157,125,32,第一金-台中,2023-07-21,5382
1731,美吾華,28,0,28,第一金-台中,2023-07-21,5382
6508,惠光,40,12,28,第一金-台中,2023-07-21,5382
2330,台積電,28,0,28,第一金-台中,2023-07-21,5382
2801,彰銀,26,0,26,第一金-台中,2023-07-21,5382
2344,華邦電,37,14,23,第一金-台中,2023-07-21,5382
6158,禾昌,28,5,23,第一金-台中,2023-07-21,5382
2634,漢翔,25,4,21,第一金-台中,2023-07-21,5382
1802,台玻,20,0,20,第一金-台中,2023-07-21,5382
2515,中工,26,6,20,第一金-台中,2023-07-21,5382
8201,無敵,43,23,20,第一金-台中,2023-07-21,5382
1609,大亞,82,63,19,第一金-台中,2023-07-21,5382
2301,光寶科,132,114,18,第一金-台中,2023-07-21,5382
1712,興農,55,37,18,第一金-台中,2023-07-21,5382
1504,東元,44,27,17,第一金-台中,2023-07-21,5382
6527,明達醫,21,4,17,第一金-台中,2023-07-21,5382
2609,陽明,25,9,16,第一金-台中,2023-07-21,5382
1708,東鹼,26,10,16,第一金-台中,2023-07-21,5382
6547,高端疫苗,20,4,16,第一金-台中,2023-07-21,5382
2303,聯電,15,0,15,第一金-台中,2023-07-21,5382
00679B,元大美債20年,17,2,15,第一金-台中,2023-07-21,5382
6233,旺玖,15,0,15,第一金-台中,2023-07-21,5382
3594,磐儀,14,0,14,第一金-台中,2023-07-21,5382
00927,群益半導體收益,12,0,12,第一金-台中,2023-07-21,5382
2023,燁輝,12,0,12,第一金-台中,2023-07-21,5382
6799,來頡,12,0,12,第一金-台中,2023-07-21,5382
1101,台泥,12,1,11,第一金-台中,2023-07-21,5382
3521,鴻翊,11,0,11,第一金-台中,2023-07-21,5382
6217,中探針,12,1,11,第一金-台中,2023-07-21,5382
2425,承啟,44,33,11,第一金-台中,2023-07-21,5382
6806,森崴能源,12,1,11,第一金-台中,2023-07-21,5382
3037,欣興,21,11,10,第一金-台中,2023-07-21,5382
4919,新唐,11,1,10,第一金-台中,2023-07-21,5382
00637L,元大滬深300正2,10,0,10,第一金-台中,2023-07-21,5382
2201,裕隆,12,2,10,第一金-台中,2023-07-21,5382
2406,國碩,10,0,10,第一金-台中,2023-07-21,5382
2722,夏都,10,0,10,第一金-台中,2023-07-21,5382
3564,其陽,10,0,10,第一金-台中,2023-07-21,5382
2884,玉山金,1201,0,1201,第一金-台中,2023-07-24,5382
2329,華泰,244,153,91,第一金-台中,2023-07-24,5382
3481,群創,59,3,56,第一金-台中,2023-07-24,5382
3037,欣興,154,107,47,第一金-台中,2023-07-24,5382
8076,伍豐,48,3,45,第一金-台中,2023-07-24,5382
1905,華紙,177,133,44,第一金-台中,2023-07-24,5382
8103,瀚荃,61,20,41,第一金-台中,2023-07-24,5382
6015,宏遠證,40,0,40,第一金-台中,2023-07-24,5382
5302,太欣,30,0,30,第一金-台中,2023-07-24,5382
2461,光群雷,41,12,29,第一金-台中,2023-07-24,5382
2449,京元電子,27,1,26,第一金-台中,2023-07-24,5382
3044,健鼎,25,0,25,第一金-台中,2023-07-24,5382
00712,復華富時不動產,23,0,23,第一金-台中,2023-07-24,5382
3149,正達,23,0,23,第一金-台中,2023-07-24,5382
2402,毅嘉,22,0,22,第一金-台中,2023-07-24,5382
2888,新光金,22,0,22,第一金-台中,2023-07-24,5382
3221,台嘉碩,22,0,22,第一金-台中,2023-07-24,5382
00919,群益台灣精選高息,20,0,20,第一金-台中,2023-07-24,5382
5457,宣德,22,3,19,第一金-台中,2023-07-24,5382
6533,晶心科,21,3,18,第一金-台中,2023-07-24,5382
4121,優盛,20,4,16,第一金-台中,2023-07-24,5382
6799,來頡,17,2,15,第一金-台中,2023-07-24,5382
8171,天宇,15,0,15,第一金-台中,2023-07-24,5382
6182,合晶,15,2,13,第一金-台中,2023-07-24,5382
3042,晶技,12,0,12,第一金-台中,2023-07-24,5382
6806,森崴能源,11,0,11,第一金-台中,2023-07-24,5382
2637,慧洋-KY,11,0,11,第一金-台中,2023-07-24,5382
2301,光寶科,156,145,11,第一金-台中,2023-07-24,5382
00722B,群益投資級電信債,10,0,10,第一金-台中,2023-07-24,5382
1789,神隆,23,13,10,第一金-台中,2023-07-24,5382
2344,華邦電,10,0,10,第一金-台中,2023-07-24,5382
2618,長榮航,21,11,10,第一金-台中,2023-07-24,5382
5608,四維航,10,0,10,第一金-台中,2023-07-24,5382
6133,金橋,10,0,10,第一金-台中,2023-07-24,5382
3035,智原,29,19,10,第一金-台中,2023-07-24,5382
4128,中天,10,0,10,第一金-台中,2023-07-24,5382
3706,神達,16,7,9,第一金-台中,2023-07-24,5382
8093,保銳,14,5,9,第一金-台中,2023-07-24,5382
2603,長榮,21,12,9,第一金-台中,2023-07-24,5382
3013,晟銘電,40,31,9,第一金-台中,2023-07-24,5382
2303,聯電,8,0,8,第一金-台中,2023-07-24,5382
2368,金像電,35,27,8,第一金-台中,2023-07-24,5382
6274,台燿,158,150,8,第一金-台中,2023-07-24,5382
3362,先進光,10,3,7,第一金-台中,2023-07-24,5382
1101,台泥,9,1,8,第一金-台中,2023-07-24,5382
1326,台化,7,0,7,第一金-台中,2023-07-24,5382
1514,亞力,15,8,7,第一金-台中,2023-07-24,5382
3038,全台,7,0,7,第一金-台中,2023-07-24,5382
4916,事欣科,9,2,7,第一金-台中,2023-07-24,5382
8996,高力,9,2,7,第一金-台中,2023-07-24,5382
2915,潤泰全,109,0,109,第一金-台中,2023-07-25,5382
1560,中砂,111,4,107,第一金-台中,2023-07-25,5382
8390,金益鼎,106,0,106,第一金-台中,2023-07-25,5382
2323,中環,100,3,97,第一金-台中,2023-07-25,5382
1504,東元,289,234,55,第一金-台中,2023-07-25,5382
00715L,期街口布蘭特正2,50,7,43,第一金-台中,2023-07-25,5382
2014,中鴻,50,14,36,第一金-台中,2023-07-25,5382
2354,鴻準,61,27,34,第一金-台中,2023-07-25,5382
2204,中華,32,1,31,第一金-台中,2023-07-25,5382
2911,麗嬰房,28,0,28,第一金-台中,2023-07-25,5382
2376,技嘉,124,97,27,第一金-台中,2023-07-25,5382
5258,虹堡,124,98,26,第一金-台中,2023-07-25,5382
5392,能率,26,1,25,第一金-台中,2023-07-25,5382
00929,復華台灣科技優息,23,0,23,第一金-台中,2023-07-25,5382
3711,日月光投控,24,2,22,第一金-台中,2023-07-25,5382
00679B,元大美債20年,21,0,21,第一金-台中,2023-07-25,5382
3231,緯創,40,19,21,第一金-台中,2023-07-25,5382
1419,新紡,21,3,18,第一金-台中,2023-07-25,5382
3149,正達,17,0,17,第一金-台中,2023-07-25,5382
2344,華邦電,15,0,15,第一金-台中,2023-07-25,5382
5388,中磊,15,0,15,第一金-台中,2023-07-25,5382
6015,宏遠證,15,0,15,第一金-台中,2023-07-25,5382
3324,雙鴻,29,17,12,第一金-台中,2023-07-25,5382
2206,三陽工業,18,6,12,第一金-台中,2023-07-25,5382
1215,卜蜂,12,0,12,第一金-台中,2023-07-25,5382
1513,中興電,16,5,11,第一金-台中,2023-07-25,5382
00722B,群益投資級電信債,10,0,10,第一金-台中,2023-07-25,5382
2834,臺企銀,11,1,10,第一金-台中,2023-07-25,5382
3105,穩懋,11,1,10,第一金-台中,2023-07-25,5382
3689,湧德,20,10,10,第一金-台中,2023-07-25,5382
3693,營邦,10,0,10,第一金-台中,2023-07-25,5382
6591,動力-KY,10,0,10,第一金-台中,2023-07-25,5382
1210,大成,10,0,10,第一金-台中,2023-07-25,5382
2357,華碩,19,10,9,第一金-台中,2023-07-25,5382
6218,豪勉,10,1,9,第一金-台中,2023-07-25,5382
1618,合機,10,1,9,第一金-台中,2023-07-25,5382
2887,台新金,9,1,8,第一金-台中,2023-07-25,5382
8358,金居,39,31,8,第一金-台中,2023-07-25,5382
5483,中美晶,8,1,7,第一金-台中,2023-07-25,5382
2402,毅嘉,7,0,7,第一金-台中,2023-07-25,5382
2356,英業達,44,38,6,第一金-台中,2023-07-25,5382
2399,映泰,7,1,6,第一金-台中,2023-07-25,5382
3081,聯亞,9,3,6,第一金-台中,2023-07-25,5382
6111,大宇資,21,15,6,第一金-台中,2023-07-25,5382
6125,廣運,22,17,5,第一金-台中,2023-07-25,5382
2303,聯電,5,0,5,第一金-台中,2023-07-25,5382
00900,富邦特選高股息30,5,0,5,第一金-台中,2023-07-25,5382
1532,勤美,5,0,5,第一金-台中,2023-07-25,5382
1711,永光,5,0,5,第一金-台中,2023-07-25,5382
2516,新建,5,0,5,第一金-台中,2023-07-25,5382
6271,同欣電,85,0,85,第一金-台中,2023-07-26,5382
2301,光寶科,195,134,61,第一金-台中,2023-07-26,5382
4533,協易機,66,11,55,第一金-台中,2023-07-26,5382
5203,訊連,56,1,55,第一金-台中,2023-07-26,5382
00673R,期元大S＆P原油反1,50,0,50,第一金-台中,2023-07-26,5382
00637L,元大滬深300正2,40,2,38,第一金-台中,2023-07-26,5382
6015,宏遠證,35,0,35,第一金-台中,2023-07-26,5382
2495,普安,31,0,31,第一金-台中,2023-07-26,5382
2911,麗嬰房,30,0,30,第一金-台中,2023-07-26,5382
8358,金居,55,27,28,第一金-台中,2023-07-26,5382
6112,邁達特,54,26,28,第一金-台中,2023-07-26,5382
2382,廣達,114,86,28,第一金-台中,2023-07-26,5382
00929,復華台灣科技優息,25,1,24,第一金-台中,2023-07-26,5382
6219,富旺,46,22,24,第一金-台中,2023-07-26,5382
3231,緯創,40,17,23,第一金-台中,2023-07-26,5382
1789,神隆,20,0,20,第一金-台中,2023-07-26,5382
4188,安克,20,0,20,第一金-台中,2023-07-26,5382
1905,華紙,58,39,19,第一金-台中,2023-07-26,5382
2890,永豐金,17,0,17,第一金-台中,2023-07-26,5382
1101,台泥,14,0,14,第一金-台中,2023-07-26,5382
5392,能率,15,1,14,第一金-台中,2023-07-26,5382
2402,毅嘉,15,2,13,第一金-台中,2023-07-26,5382
1471,首利,13,0,13,第一金-台中,2023-07-26,5382
6274,台燿,78,65,13,第一金-台中,2023-07-26,5382
6275,元山,16,3,13,第一金-台中,2023-07-26,5382
2405,輔信,29,16,13,第一金-台中,2023-07-26,5382
3105,穩懋,13,0,13,第一金-台中,2023-07-26,5382
2385,群光,12,0,12,第一金-台中,2023-07-26,5382
5706,鳳凰,14,2,12,第一金-台中,2023-07-26,5382
2376,技嘉,41,29,12,第一金-台中,2023-07-26,5382
2332,友訊,13,2,11,第一金-台中,2023-07-26,5382
2609,陽明,14,3,11,第一金-台中,2023-07-26,5382
00752,中信中國50,10,0,10,第一金-台中,2023-07-26,5382
3044,健鼎,11,1,10,第一金-台中,2023-07-26,5382
3149,正達,10,0,10,第一金-台中,2023-07-26,5382
3706,神達,14,4,10,第一金-台中,2023-07-26,5382
4123,晟德,10,0,10,第一金-台中,2023-07-26,5382
6024,群益期,10,0,10,第一金-台中,2023-07-26,5382
2887,台新金,10,0,10,第一金-台中,2023-07-26,5382
2409,友達,37,28,9,第一金-台中,2023-07-26,5382
3362,先進光,14,6,8,第一金-台中,2023-07-26,5382
2303,聯電,9,1,8,第一金-台中,2023-07-26,5382
3038,全台,9,1,8,第一金-台中,2023-07-26,5382
1525,江申,8,0,8,第一金-台中,2023-07-26,5382
2211,長榮鋼,13,5,8,第一金-台中,2023-07-26,5382
2323,中環,10,2,8,第一金-台中,2023-07-26,5382
4128,中天,8,0,8,第一金-台中,2023-07-26,5382
00927,群益半導體收益,7,0,7,第一金-台中,2023-07-26,5382
00722B,群益投資級電信債,7,0,7,第一金-台中,2023-07-26,5382
3689,湧德,22,15,7,第一金-台中,2023-07-26,5382
6271,同欣電,225,0,225,第一金-台中,2023-07-27,5382
2409,友達,541,333,208,第一金-台中,2023-07-27,5382
00753L,中信中國50正2,150,22,128,第一金-台中,2023-07-27,5382
00680L,元大美債20正2,106,0,106,第一金-台中,2023-07-27,5382
2812,台中銀,100,4,96,第一金-台中,2023-07-27,5382
2915,潤泰全,70,2,68,第一金-台中,2023-07-27,5382
6116,彩晶,413,347,66,第一金-台中,2023-07-27,5382
2405,輔信,67,6,61,第一金-台中,2023-07-27,5382
1789,神隆,60,0,60,第一金-台中,2023-07-27,5382
00673R,期元大S＆P原油反1,55,0,55,第一金-台中,2023-07-27,5382
2610,華航,147,94,53,第一金-台中,2023-07-27,5382
6751,智聯服務,51,1,50,第一金-台中,2023-07-27,5382
6282,康舒,129,93,36,第一金-台中,2023-07-27,5382
00882,中信中國高股息,36,0,36,第一金-台中,2023-07-27,5382
2425,承啟,33,0,33,第一金-台中,2023-07-27,5382
4912,聯德控股-KY,30,0,30,第一金-台中,2023-07-27,5382
3037,欣興,34,5,29,第一金-台中,2023-07-27,5382
6274,台燿,50,25,25,第一金-台中,2023-07-27,5382
3017,奇鋐,65,43,22,第一金-台中,2023-07-27,5382
2618,長榮航,32,12,20,第一金-台中,2023-07-27,5382
2887,台新金,17,0,17,第一金-台中,2023-07-27,5382
2353,宏��,16,1,15,第一金-台中,2023-07-27,5382
2832,台產,15,0,15,第一金-台中,2023-07-27,5382
3625,西勝,15,0,15,第一金-台中,2023-07-27,5382
00679B,元大美債20年,14,0,14,第一金-台中,2023-07-27,5382
2359,所羅門,25,12,13,第一金-台中,2023-07-27,5382
1101,台泥,12,0,12,第一金-台中,2023-07-27,5382
8093,保銳,12,0,12,第一金-台中,2023-07-27,5382
1229,聯華,12,1,11,第一金-台中,2023-07-27,5382
9105,泰金寶-DR,11,0,11,第一金-台中,2023-07-27,5382
2421,建準,31,21,10,第一金-台中,2023-07-27,5382
8011,台通,10,0,10,第一金-台中,2023-07-27,5382
9929,秋雨,10,0,10,第一金-台中,2023-07-27,5382
2356,英業達,20,10,10,第一金-台中,2023-07-27,5382
00927,群益半導體收益,9,0,9,第一金-台中,2023-07-27,5382
1609,大亞,15,6,9,第一金-台中,2023-07-27,5382
5386,青雲,10,1,9,第一金-台中,2023-07-27,5382
6535,順藥,10,1,9,第一金-台中,2023-07-27,5382
6770,力積電,10,1,9,第一金-台中,2023-07-27,5382
2206,三陽工業,14,6,8,第一金-台中,2023-07-27,5382
2401,凌陽,8,0,8,第一金-台中,2023-07-27,5382
3228,金麗科,9,1,8,第一金-台中,2023-07-27,5382
3324,雙鴻,14,7,7,第一金-台中,2023-07-27,5382
2468,華經,8,1,7,第一金-台中,2023-07-27,5382
2890,永豐金,7,0,7,第一金-台中,2023-07-27,5382
3682,亞太電,7,0,7,第一金-台中,2023-07-27,5382
4763,材料-KY,7,0,7,第一金-台中,2023-07-27,5382
3035,智原,11,4,7,第一金-台中,2023-07-27,5382
00929,復華台灣科技優息,7,1,6,第一金-台中,2023-07-27,5382
1708,東鹼,6,0,6,第一金-台中,2023-07-27,5382
6271,同欣電,290,50,240,第一金-台中,2023-07-28,5382
00680L,元大美債20正2,114,0,114,第一金-台中,2023-07-28,5382
3706,神達,106,3,103,第一金-台中,2023-07-28,5382
2913,農林,124,27,97,第一金-台中,2023-07-28,5382
00679B,元大美債20年,71,5,66,第一金-台中,2023-07-28,5382
1609,大亞,81,19,62,第一金-台中,2023-07-28,5382
6605,帝寶,60,0,60,第一金-台中,2023-07-28,5382
2888,新光金,62,10,52,第一金-台中,2023-07-28,5382
3231,緯創,133,96,37,第一金-台中,2023-07-28,5382
2382,廣達,289,253,36,第一金-台中,2023-07-28,5382
6443,元晶,33,0,33,第一金-台中,2023-07-28,5382
00673R,期元大S＆P原油反1,51,20,31,第一金-台中,2023-07-28,5382
1789,神隆,30,1,29,第一金-台中,2023-07-28,5382
3163,波若威,56,28,28,第一金-台中,2023-07-28,5382
3017,奇鋐,77,52,25,第一金-台中,2023-07-28,5382
2104,國際中橡,25,0,25,第一金-台中,2023-07-28,5382
6531,愛普*,44,21,23,第一金-台中,2023-07-28,5382
2834,臺企銀,22,1,21,第一金-台中,2023-07-28,5382
00900,富邦特選高股息30,20,0,20,第一金-台中,2023-07-28,5382
2915,潤泰全,20,0,20,第一金-台中,2023-07-28,5382
6461,益得,20,0,20,第一金-台中,2023-07-28,5382
3044,健鼎,30,11,19,第一金-台中,2023-07-28,5382
4915,致伸,19,1,18,第一金-台中,2023-07-28,5382
00722B,群益投資級電信債,15,0,15,第一金-台中,2023-07-28,5382
0055,元大MSCI金融,15,0,15,第一金-台中,2023-07-28,5382
4128,中天,14,0,14,第一金-台中,2023-07-28,5382
1802,台玻,15,1,14,第一金-台中,2023-07-28,5382
6120,達運,13,0,13,第一金-台中,2023-07-28,5382
2323,中環,22,10,12,第一金-台中,2023-07-28,5382
2329,華泰,43,31,12,第一金-台中,2023-07-28,5382
2002,中鋼,13,2,11,第一金-台中,2023-07-28,5382
2369,菱生,11,0,11,第一金-台中,2023-07-28,5382
5353,台林,11,0,11,第一金-台中,2023-07-28,5382
6125,廣運,20,9,11,第一金-台中,2023-07-28,5382
4533,協易機,17,7,10,第一金-台中,2023-07-28,5382
00632R,元大台灣50反1,10,0,10,第一金-台中,2023-07-28,5382
00720B,元大投資級公司債,15,5,10,第一金-台中,2023-07-28,5382
2471,資通,18,8,10,第一金-台中,2023-07-28,5382
2881,富邦金,10,0,10,第一金-台中,2023-07-28,5382
2911,麗嬰房,10,0,10,第一金-台中,2023-07-28,5382
3152,璟德,10,0,10,第一金-台中,2023-07-28,5382
8076,伍豐,10,0,10,第一金-台中,2023-07-28,5382
2027,大成鋼,12,3,9,第一金-台中,2023-07-28,5382
00712,復華富時不動產,11,2,9,第一金-台中,2023-07-28,5382
2634,漢翔,9,0,9,第一金-台中,2023-07-28,5382
2883,凱基金,9,0,9,第一金-台中,2023-07-28,5382
1907,永豐餘,53,45,8,第一金-台中,2023-07-28,5382
2303,聯電,19,11,8,第一金-台中,2023-07-28,5382
00751B,元大AAA至A公司債,8,0,8,第一金-台中,2023-07-28,5382
3257,虹冠電,8,0,8,第一金-台中,2023-07-28,5382
3703,欣陸,131,7,124,第一金-台中,2023-07-31,5382
1905,華紙,354,233,121,第一金-台中,2023-07-31,5382
3706,神達,117,20,97,第一金-台中,2023-07-31,5382
0056,元大高股息,84,12,72,第一金-台中,2023-07-31,5382
00673R,期元大S＆P原油反1,62,0,62,第一金-台中,2023-07-31,5382
00753L,中信中國50正2,100,40,60,第一金-台中,2023-07-31,5382
6282,康舒,213,156,57,第一金-台中,2023-07-31,5382
2610,華航,63,8,55,第一金-台中,2023-07-31,5382
00878,國泰永續高股息,93,41,52,第一金-台中,2023-07-31,5382
00929,復華台灣科技優息,56,5,51,第一金-台中,2023-07-31,5382
2885,元大金,50,0,50,第一金-台中,2023-07-31,5382
2354,鴻準,41,0,41,第一金-台中,2023-07-31,5382
3029,零壹,68,36,32,第一金-台中,2023-07-31,5382
2002,中鋼,31,0,31,第一金-台中,2023-07-31,5382
00919,群益台灣精選高息,30,0,30,第一金-台中,2023-07-31,5382
3059,華晶科,30,0,30,第一金-台中,2023-07-31,5382
5457,宣德,30,0,30,第一金-台中,2023-07-31,5382
2301,光寶科,174,146,28,第一金-台中,2023-07-31,5382
00679B,元大美債20年,27,0,27,第一金-台中,2023-07-31,5382
6188,廣明,36,10,26,第一金-台中,2023-07-31,5382
5443,均豪,25,3,22,第一金-台中,2023-07-31,5382
5607,遠雄港,22,0,22,第一金-台中,2023-07-31,5382
1477,聚陽,22,1,21,第一金-台中,2023-07-31,5382
4510,高鋒,20,0,20,第一金-台中,2023-07-31,5382
6605,帝寶,20,0,20,第一金-台中,2023-07-31,5382
6125,廣運,31,13,18,第一金-台中,2023-07-31,5382
3011,今皓,17,0,17,第一金-台中,2023-07-31,5382
3481,群創,39,22,17,第一金-台中,2023-07-31,5382
2420,新巨,16,0,16,第一金-台中,2023-07-31,5382
3013,晟銘電,43,27,16,第一金-台中,2023-07-31,5382
00665L,富邦�琤肭磪囓�2,195,180,15,第一金-台中,2023-07-31,5382
4979,華星光,25,10,15,第一金-台中,2023-07-31,5382
4906,正文,14,0,14,第一金-台中,2023-07-31,5382
8932,智通*,12,0,12,第一金-台中,2023-07-31,5382
9958,世紀鋼,15,3,12,第一金-台中,2023-07-31,5382
2402,毅嘉,15,3,12,第一金-台中,2023-07-31,5382
00712,復華富時不動產,11,0,11,第一金-台中,2023-07-31,5382
1808,潤隆,11,0,11,第一金-台中,2023-07-31,5382
2462,良得電,11,0,11,第一金-台中,2023-07-31,5382
3665,貿聯-KY,11,0,11,第一金-台中,2023-07-31,5382
2329,華泰,54,43,11,第一金-台中,2023-07-31,5382
6231,系微,16,6,10,第一金-台中,2023-07-31,5382
3224,三顧,10,0,10,第一金-台中,2023-07-31,5382
4973,廣穎,10,0,10,第一金-台中,2023-07-31,5382
2609,陽明,11,2,9,第一金-台中,2023-07-31,5382
4128,中天,9,0,9,第一金-台中,2023-07-31,5382
2881,富邦金,9,1,8,第一金-台中,2023-07-31,5382
2426,鼎元,18,10,8,第一金-台中,2023-07-31,5382
8277,商丞,8,0,8,第一金-台中,2023-07-31,5382
6285,啟��,14,6,8,第一金-台中,2023-07-31,5382
00929,復華台灣科技優息,157,0,157,第一金-台中,2023-08-01,5382
6026,福邦證,90,0,90,第一金-台中,2023-08-01,5382
5410,國眾,68,0,68,第一金-台中,2023-08-01,5382
4908,前鼎,58,0,58,第一金-台中,2023-08-01,5382
2312,金寶,57,8,49,第一金-台中,2023-08-01,5382
2382,廣達,119,83,36,第一金-台中,2023-08-01,5382
1789,神隆,30,0,30,第一金-台中,2023-08-01,5382
3583,辛耘,33,3,30,第一金-台中,2023-08-01,5382
3013,晟銘電,26,1,25,第一金-台中,2023-08-01,5382
00665L,富邦�琤肭磪囓�2,134,111,23,第一金-台中,2023-08-01,5382
3025,星通,35,15,20,第一金-台中,2023-08-01,5382
2511,太子,19,0,19,第一金-台中,2023-08-01,5382
4934,太極,20,1,19,第一金-台中,2023-08-01,5382
3105,穩懋,17,0,17,第一金-台中,2023-08-01,5382
00662,富邦NASDAQ,16,0,16,第一金-台中,2023-08-01,5382
2495,普安,16,0,16,第一金-台中,2023-08-01,5382
2027,大成鋼,15,0,15,第一金-台中,2023-08-01,5382
6274,台燿,50,35,15,第一金-台中,2023-08-01,5382
2301,光寶科,183,170,13,第一金-台中,2023-08-01,5382
1731,美吾華,12,0,12,第一金-台中,2023-08-01,5382
1319,東陽,11,0,11,第一金-台中,2023-08-01,5382
2889,國票金,11,0,11,第一金-台中,2023-08-01,5382
00712,復華富時不動產,11,0,11,第一金-台中,2023-08-01,5382
1457,宜進,10,0,10,第一金-台中,2023-08-01,5382
2498,宏達電,11,1,10,第一金-台中,2023-08-01,5382
2911,麗嬰房,10,0,10,第一金-台中,2023-08-01,5382
2915,潤泰全,10,0,10,第一金-台中,2023-08-01,5382
3587,閎康,10,0,10,第一金-台中,2023-08-01,5382
5392,能率,10,0,10,第一金-台中,2023-08-01,5382
8404,百和興業-KY,10,0,10,第一金-台中,2023-08-01,5382
6491,晶碩,9,0,9,第一金-台中,2023-08-01,5382
2812,台中銀,9,0,9,第一金-台中,2023-08-01,5382
1580,新麥,8,0,8,第一金-台中,2023-08-01,5382
3011,今皓,8,0,8,第一金-台中,2023-08-01,5382
9929,秋雨,8,0,8,第一金-台中,2023-08-01,5382
2009,第一銅,22,14,8,第一金-台中,2023-08-01,5382
2376,技嘉,22,14,8,第一金-台中,2023-08-01,5382
00652,富邦印度,7,0,7,第一金-台中,2023-08-01,5382
1477,聚陽,7,0,7,第一金-台中,2023-08-01,5382
2344,華邦電,7,0,7,第一金-台中,2023-08-01,5382
3325,旭品,17,10,7,第一金-台中,2023-08-01,5382
5388,中磊,10,3,7,第一金-台中,2023-08-01,5382
6219,富旺,7,0,7,第一金-台中,2023-08-01,5382
1802,台玻,25,18,7,第一金-台中,2023-08-01,5382
4919,新唐,18,12,6,第一金-台中,2023-08-01,5382
1519,華城,10,4,6,第一金-台中,2023-08-01,5382
1313,聯成,6,0,6,第一金-台中,2023-08-01,5382
2352,佳世達,9,3,6,第一金-台中,2023-08-01,5382
2420,新巨,6,0,6,第一金-台中,2023-08-01,5382
2881,富邦金,7,1,6,第一金-台中,2023-08-01,5382
6152,百一,100,0,100,第一金-台中,2023-08-02,5382
1605,華新,517,424,93,第一金-台中,2023-08-02,5382
00929,復華台灣科技優息,74,3,71,第一金-台中,2023-08-02,5382
2888,新光金,76,7,69,第一金-台中,2023-08-02,5382
00680L,元大美債20正2,119,50,69,第一金-台中,2023-08-02,5382
1789,神隆,64,0,64,第一金-台中,2023-08-02,5382
5410,國眾,60,0,60,第一金-台中,2023-08-02,5382
00712,復華富時不動產,55,0,55,第一金-台中,2023-08-02,5382
3231,緯創,142,87,55,第一金-台中,2023-08-02,5382
3481,群創,74,22,52,第一金-台中,2023-08-02,5382
00679B,元大美債20年,56,10,46,第一金-台中,2023-08-02,5382
1314,中石化,51,7,44,第一金-台中,2023-08-02,5382
00900,富邦特選高股息30,44,7,37,第一金-台中,2023-08-02,5382
00772B,中信高評級公司債,35,0,35,第一金-台中,2023-08-02,5382
6282,康舒,43,10,33,第一金-台中,2023-08-02,5382
1795,美時,34,2,32,第一金-台中,2023-08-02,5382
00878,國泰永續高股息,151,120,31,第一金-台中,2023-08-02,5382
3693,營邦,32,3,29,第一金-台中,2023-08-02,5382
00751B,元大AAA至A公司債,28,0,28,第一金-台中,2023-08-02,5382
2889,國票金,28,0,28,第一金-台中,2023-08-02,5382
6271,同欣電,25,0,25,第一金-台中,2023-08-02,5382
2883,凱基金,24,0,24,第一金-台中,2023-08-02,5382
2812,台中銀,22,0,22,第一金-台中,2023-08-02,5382
00720B,元大投資級公司債,20,0,20,第一金-台中,2023-08-02,5382
2610,華航,19,0,19,第一金-台中,2023-08-02,5382
2882,國泰金,19,0,19,第一金-台中,2023-08-02,5382
911622,泰聚亨-DR,17,0,17,第一金-台中,2023-08-02,5382
2409,友達,27,10,17,第一金-台中,2023-08-02,5382
0056,元大高股息,41,25,16,第一金-台中,2023-08-02,5382
2002,中鋼,21,6,15,第一金-台中,2023-08-02,5382
00930,永豐ESG低碳高息,15,0,15,第一金-台中,2023-08-02,5382
6752,叡揚,17,2,15,第一金-台中,2023-08-02,5382
1101,台泥,18,5,13,第一金-台中,2023-08-02,5382
2344,華邦電,13,0,13,第一金-台中,2023-08-02,5382
3033,威健,13,0,13,第一金-台中,2023-08-02,5382
3706,神達,24,11,13,第一金-台中,2023-08-02,5382
00882,中信中國高股息,12,1,11,第一金-台中,2023-08-02,5382
3711,日月光投控,11,0,11,第一金-台中,2023-08-02,5382
4934,太極,11,0,11,第一金-台中,2023-08-02,5382
9958,世紀鋼,11,0,11,第一金-台中,2023-08-02,5382
3324,雙鴻,12,2,10,第一金-台中,2023-08-02,5382
4128,中天,10,0,10,第一金-台中,2023-08-02,5382
00706L,期元大S＆P日圓正2,10,0,10,第一金-台中,2023-08-02,5382
00752,中信中國50,10,0,10,第一金-台中,2023-08-02,5382
2104,國際中橡,10,0,10,第一金-台中,2023-08-02,5382
4439,冠星-KY,10,0,10,第一金-台中,2023-08-02,5382
2353,宏��,15,5,10,第一金-台中,2023-08-02,5382
2014,中鴻,19,10,9,第一金-台中,2023-08-02,5382
1584,精剛,11,2,9,第一金-台中,2023-08-02,5382
00923,群益台ESG低碳50,9,0,9,第一金-台中,2023-08-02,5382
00664R,國泰臺灣加權反1,400,0,400,第一金-台中,2023-08-04,5382
00632R,元大台灣50反1,400,10,390,第一金-台中,2023-08-04,5382
00680L,元大美債20正2,212,0,212,第一金-台中,2023-08-04,5382
2915,潤泰全,158,0,158,第一金-台中,2023-08-04,5382
00772B,中信高評級公司債,125,1,124,第一金-台中,2023-08-04,5382
00720B,元大投資級公司債,112,0,112,第一金-台中,2023-08-04,5382
00679B,元大美債20年,104,0,104,第一金-台中,2023-08-04,5382
5410,國眾,60,0,60,第一金-台中,2023-08-04,5382
1605,華新,92,35,57,第一金-台中,2023-08-04,5382
2344,華邦電,56,2,54,第一金-台中,2023-08-04,5382
00929,復華台灣科技優息,65,12,53,第一金-台中,2023-08-04,5382
2610,華航,67,14,53,第一金-台中,2023-08-04,5382
00751B,元大AAA至A公司債,46,0,46,第一金-台中,2023-08-04,5382
2440,太空梭,39,1,38,第一金-台中,2023-08-04,5382
1731,美吾華,37,0,37,第一金-台中,2023-08-04,5382
00687B,國泰20年美債,30,0,30,第一金-台中,2023-08-04,5382
3092,鴻碩,28,0,28,第一金-台中,2023-08-04,5382
00712,復華富時不動產,22,0,22,第一金-台中,2023-08-04,5382
00725B,國泰投資級公司債,22,0,22,第一金-台中,2023-08-04,5382
00722B,群益投資級電信債,22,0,22,第一金-台中,2023-08-04,5382
00773B,中信優先金融債,21,0,21,第一金-台中,2023-08-04,5382
2206,三陽工業,21,1,20,第一金-台中,2023-08-04,5382
3029,零壹,20,1,19,第一金-台中,2023-08-04,5382
2891,中信金,24,5,19,第一金-台中,2023-08-04,5382
5534,長虹,17,0,17,第一金-台中,2023-08-04,5382
2023,燁輝,16,0,16,第一金-台中,2023-08-04,5382
2801,彰銀,16,0,16,第一金-台中,2023-08-04,5382
6579,研揚,16,0,16,第一金-台中,2023-08-04,5382
8936,國統,16,0,16,第一金-台中,2023-08-04,5382
4746,台耀,22,7,15,第一金-台中,2023-08-04,5382
0056,元大高股息,40,25,15,第一金-台中,2023-08-04,5382
2301,光寶科,101,87,14,第一金-台中,2023-08-04,5382
2603,長榮,21,7,14,第一金-台中,2023-08-04,5382
2356,英業達,78,65,13,第一金-台中,2023-08-04,5382
2010,春源,13,0,13,第一金-台中,2023-08-04,5382
3207,耀勝,12,0,12,第一金-台中,2023-08-04,5382
2382,廣達,88,77,11,第一金-台中,2023-08-04,5382
3558,神準,17,6,11,第一金-台中,2023-08-04,5382
6152,百一,11,0,11,第一金-台中,2023-08-04,5382
2618,長榮航,10,0,10,第一金-台中,2023-08-04,5382
2009,第一銅,10,0,10,第一金-台中,2023-08-04,5382
9910,豐泰,10,0,10,第一金-台中,2023-08-04,5382
3515,華擎,16,7,9,第一金-台中,2023-08-04,5382
2892,第一金,12,3,9,第一金-台中,2023-08-04,5382
00923,群益台ESG低碳50,9,0,9,第一金-台中,2023-08-04,5382
3024,憶聲,9,0,9,第一金-台中,2023-08-04,5382
1785,光洋科,11,4,7,第一金-台中,2023-08-04,5382
2612,中航,7,0,7,第一金-台中,2023-08-04,5382
3715,定穎投控,7,0,7,第一金-台中,2023-08-04,5382
3661,世芯-KY,6,0,6,第一金-台中,2023-08-04,5382
2915,潤泰全,70,1,69,第一金-台中,2023-08-07,5382
00931B,統一美債20年,44,0,44,第一金-台中,2023-08-07,5382
2301,光寶科,196,154,42,第一金-台中,2023-08-07,5382
2356,英業達,134,93,41,第一金-台中,2023-08-07,5382
2867,三商壽,41,0,41,第一金-台中,2023-08-07,5382
6152,百一,41,0,41,第一金-台中,2023-08-07,5382
3706,神達,63,31,32,第一金-台中,2023-08-07,5382
2354,鴻準,37,7,30,第一金-台中,2023-08-07,5382
6219,富旺,51,24,27,第一金-台中,2023-08-07,5382
2464,盟立,29,6,23,第一金-台中,2023-08-07,5382
00929,復華台灣科技優息,27,5,22,第一金-台中,2023-08-07,5382
2913,農林,31,9,22,第一金-台中,2023-08-07,5382
00632R,元大台灣50反1,20,0,20,第一金-台中,2023-08-07,5382
2618,長榮航,38,21,17,第一金-台中,2023-08-07,5382
8093,保銳,16,0,16,第一金-台中,2023-08-07,5382
00679B,元大美債20年,15,0,15,第一金-台中,2023-08-07,5382
00882,中信中國高股息,18,3,15,第一金-台中,2023-08-07,5382
2610,華航,17,5,12,第一金-台中,2023-08-07,5382
00725B,國泰投資級公司債,12,0,12,第一金-台中,2023-08-07,5382
00923,群益台ESG低碳50,12,0,12,第一金-台中,2023-08-07,5382
2609,陽明,20,8,12,第一金-台中,2023-08-07,5382
3325,旭品,11,0,11,第一金-台中,2023-08-07,5382
4967,十銓,11,0,11,第一金-台中,2023-08-07,5382
8930,青鋼,18,7,11,第一金-台中,2023-08-07,5382
4938,和碩,11,0,11,第一金-台中,2023-08-07,5382
1905,華紙,24,14,10,第一金-台中,2023-08-07,5382
00927,群益半導體收益,10,0,10,第一金-台中,2023-08-07,5382
5009,榮剛,20,10,10,第一金-台中,2023-08-07,5382
1308,亞聚,10,0,10,第一金-台中,2023-08-07,5382
1618,合機,10,0,10,第一金-台中,2023-08-07,5382
2440,太空梭,10,0,10,第一金-台中,2023-08-07,5382
2608,嘉里大榮,10,0,10,第一金-台中,2023-08-07,5382
3693,營邦,16,6,10,第一金-台中,2023-08-07,5382
00900,富邦特選高股息30,9,0,9,第一金-台中,2023-08-07,5382
2634,漢翔,11,2,9,第一金-台中,2023-08-07,5382
2888,新光金,21,12,9,第一金-台中,2023-08-07,5382
3013,晟銘電,12,3,9,第一金-台中,2023-08-07,5382
6491,晶碩,8,0,8,第一金-台中,2023-08-07,5382
1710,東聯,8,0,8,第一金-台中,2023-08-07,5382
3163,波若威,15,8,7,第一金-台中,2023-08-07,5382
6117,迎廣,7,0,7,第一金-台中,2023-08-07,5382
3450,聯鈞,7,0,7,第一金-台中,2023-08-07,5382
2312,金寶,6,0,6,第一金-台中,2023-08-07,5382
3715,定穎投控,10,4,6,第一金-台中,2023-08-07,5382
2317,鴻海,8,2,6,第一金-台中,2023-08-07,5382
00712,復華富時不動產,5,0,5,第一金-台中,2023-08-07,5382
3105,穩懋,5,0,5,第一金-台中,2023-08-07,5382
00733,富邦臺灣中小,5,0,5,第一金-台中,2023-08-07,5382
00722B,群益投資級電信債,5,0,5,第一金-台中,2023-08-07,5382
1514,亞力,5,0,5,第一金-台中,2023-08-07,5382
9958,世紀鋼,504,1,503,第一金-台中,2023-08-08,5382
9934,成霖,180,0,180,第一金-台中,2023-08-08,5382
6271,同欣電,120,0,120,第一金-台中,2023-08-08,5382
00673R,期元大S＆P原油反1,100,0,100,第一金-台中,2023-08-08,5382
3231,緯創,174,119,55,第一金-台中,2023-08-08,5382
2834,臺企銀,52,0,52,第一金-台中,2023-08-08,5382
2382,廣達,110,71,39,第一金-台中,2023-08-08,5382
00900,富邦特選高股息30,39,0,39,第一金-台中,2023-08-08,5382
2913,農林,50,15,35,第一金-台中,2023-08-08,5382
2885,元大金,40,6,34,第一金-台中,2023-08-08,5382
1313,聯成,30,0,30,第一金-台中,2023-08-08,5382
00931B,統一美債20年,27,0,27,第一金-台中,2023-08-08,5382
00929,復華台灣科技優息,27,2,25,第一金-台中,2023-08-08,5382
5410,國眾,23,0,23,第一金-台中,2023-08-08,5382
9927,泰銘,33,10,23,第一金-台中,2023-08-08,5382
3141,晶宏,25,4,21,第一金-台中,2023-08-08,5382
1584,精剛,20,0,20,第一金-台中,2023-08-08,5382
2329,華泰,27,9,18,第一金-台中,2023-08-08,5382
00878,國泰永續高股息,27,10,17,第一金-台中,2023-08-08,5382
2891,中信金,16,0,16,第一金-台中,2023-08-08,5382
00923,群益台ESG低碳50,11,0,11,第一金-台中,2023-08-08,5382
3044,健鼎,33,22,11,第一金-台中,2023-08-08,5382
6579,研揚,10,0,10,第一金-台中,2023-08-08,5382
00706L,期元大S＆P日圓正2,10,0,10,第一金-台中,2023-08-08,5382
2406,國碩,10,0,10,第一金-台中,2023-08-08,5382
2801,彰銀,10,0,10,第一金-台中,2023-08-08,5382
2867,三商壽,10,0,10,第一金-台中,2023-08-08,5382
3083,網龍,10,0,10,第一金-台中,2023-08-08,5382
3680,家登,10,0,10,第一金-台中,2023-08-08,5382
3693,營邦,33,23,10,第一金-台中,2023-08-08,5382
4121,優盛,10,0,10,第一金-台中,2023-08-08,5382
6152,百一,17,7,10,第一金-台中,2023-08-08,5382
6219,富旺,71,61,10,第一金-台中,2023-08-08,5382
5871,中租-KY,12,3,9,第一金-台中,2023-08-08,5382
6133,金橋,9,0,9,第一金-台中,2023-08-08,5382
3017,奇鋐,59,50,9,第一金-台中,2023-08-08,5382
00885,富邦越南,10,3,7,第一金-台中,2023-08-08,5382
1229,聯華,7,0,7,第一金-台中,2023-08-08,5382
8201,無敵,9,2,7,第一金-台中,2023-08-08,5382
2812,台中銀,8,2,6,第一金-台中,2023-08-08,5382
2356,英業達,156,150,6,第一金-台中,2023-08-08,5382
6188,廣明,26,20,6,第一金-台中,2023-08-08,5382
2385,群光,6,0,6,第一金-台中,2023-08-08,5382
6205,詮欣,6,0,6,第一金-台中,2023-08-08,5382
3481,群創,39,33,6,第一金-台中,2023-08-08,5382
8076,伍豐,7,2,5,第一金-台中,2023-08-08,5382
2303,聯電,5,0,5,第一金-台中,2023-08-08,5382
2888,新光金,11,6,5,第一金-台中,2023-08-08,5382
00927,群益半導體收益,5,0,5,第一金-台中,2023-08-08,5382
2887,台新金,6,1,5,第一金-台中,2023-08-08,5382
00929,復華台灣科技優息,67,2,65,第一金-台中,2023-08-09,5382
00679B,元大美債20年,57,5,52,第一金-台中,2023-08-09,5382
2371,大同,45,5,40,第一金-台中,2023-08-09,5382
8210,勤誠,76,38,38,第一金-台中,2023-08-09,5382
6152,百一,24,0,24,第一金-台中,2023-08-09,5382
6605,帝寶,22,1,21,第一金-台中,2023-08-09,5382
00738U,期元大道瓊白銀,20,0,20,第一金-台中,2023-08-09,5382
2812,台中銀,20,0,20,第一金-台中,2023-08-09,5382
00900,富邦特選高股息30,22,3,19,第一金-台中,2023-08-09,5382
2363,矽統,234,217,17,第一金-台中,2023-08-09,5382
00931B,統一美債20年,17,0,17,第一金-台中,2023-08-09,5382
00720B,元大投資級公司債,16,0,16,第一金-台中,2023-08-09,5382
6282,康舒,20,4,16,第一金-台中,2023-08-09,5382
4906,正文,30,15,15,第一金-台中,2023-08-09,5382
1609,大亞,19,4,15,第一金-台中,2023-08-09,5382
00923,群益台ESG低碳50,14,0,14,第一金-台中,2023-08-09,5382
2888,新光金,32,18,14,第一金-台中,2023-08-09,5382
2801,彰銀,13,0,13,第一金-台中,2023-08-09,5382
3324,雙鴻,22,9,13,第一金-台中,2023-08-09,5382
8076,伍豐,13,0,13,第一金-台中,2023-08-09,5382
2891,中信金,11,0,11,第一金-台中,2023-08-09,5382
00751B,元大AAA至A公司債,11,0,11,第一金-台中,2023-08-09,5382
2367,燿華,11,0,11,第一金-台中,2023-08-09,5382
5410,國眾,11,0,11,第一金-台中,2023-08-09,5382
6182,合晶,11,0,11,第一金-台中,2023-08-09,5382
00669R,國泰美國道瓊反1,10,0,10,第一金-台中,2023-08-09,5382
00725B,國泰投資級公司債,10,0,10,第一金-台中,2023-08-09,5382
2867,三商壽,10,0,10,第一金-台中,2023-08-09,5382
3693,營邦,23,13,10,第一金-台中,2023-08-09,5382
4138,曜亞,10,0,10,第一金-台中,2023-08-09,5382
00907,永豐優息存股,9,0,9,第一金-台中,2023-08-09,5382
2344,華邦電,9,0,9,第一金-台中,2023-08-09,5382
3494,誠研,9,0,9,第一金-台中,2023-08-09,5382
2002,中鋼,9,1,8,第一金-台中,2023-08-09,5382
2376,技嘉,27,19,8,第一金-台中,2023-08-09,5382
2913,農林,14,6,8,第一金-台中,2023-08-09,5382
6203,海韻電,17,10,7,第一金-台中,2023-08-09,5382
1795,美時,12,5,7,第一金-台中,2023-08-09,5382
2409,友達,17,11,6,第一金-台中,2023-08-09,5382
2206,三陽工業,7,1,6,第一金-台中,2023-08-09,5382
2440,太空梭,6,0,6,第一金-台中,2023-08-09,5382
6274,台燿,38,32,6,第一金-台中,2023-08-09,5382
8422,可寧衛,5,0,5,第一金-台中,2023-08-09,5382
00680L,元大美債20正2,5,0,5,第一金-台中,2023-08-09,5382
1217,愛之味,5,0,5,第一金-台中,2023-08-09,5382
1710,東聯,5,0,5,第一金-台中,2023-08-09,5382
2106,建大,5,0,5,第一金-台中,2023-08-09,5382
2388,威盛,19,14,5,第一金-台中,2023-08-09,5382
2408,南亞科,5,0,5,第一金-台中,2023-08-09,5382
2465,麗臺,5,0,5,第一金-台中,2023-08-09,5382
2409,友達,155,37,118,第一金-台中,2023-08-10,5382
3481,群創,114,45,69,第一金-台中,2023-08-10,5382
00929,復華台灣科技優息,64,2,62,第一金-台中,2023-08-10,5382
00715L,期街口布蘭特正2,61,0,61,第一金-台中,2023-08-10,5382
00878,國泰永續高股息,64,8,56,第一金-台中,2023-08-10,5382
1789,神隆,50,0,50,第一金-台中,2023-08-10,5382
2610,華航,106,63,43,第一金-台中,2023-08-10,5382
00900,富邦特選高股息30,32,0,32,第一金-台中,2023-08-10,5382
00738U,期元大道瓊白銀,30,0,30,第一金-台中,2023-08-10,5382
2312,金寶,28,1,27,第一金-台中,2023-08-10,5382
2324,仁寶,26,0,26,第一金-台中,2023-08-10,5382
3032,偉訓,25,1,24,第一金-台中,2023-08-10,5382
8076,伍豐,24,0,24,第一金-台中,2023-08-10,5382
00712,復華富時不動產,23,0,23,第一金-台中,2023-08-10,5382
00706L,期元大S＆P日圓正2,20,0,20,第一金-台中,2023-08-10,5382
3062,建漢,20,0,20,第一金-台中,2023-08-10,5382
2913,農林,26,7,19,第一金-台中,2023-08-10,5382
6282,康舒,52,33,19,第一金-台中,2023-08-10,5382
2356,英業達,91,73,18,第一金-台中,2023-08-10,5382
0056,元大高股息,29,12,17,第一金-台中,2023-08-10,5382
00720B,元大投資級公司債,16,0,16,第一金-台中,2023-08-10,5382
00931B,統一美債20年,14,0,14,第一金-台中,2023-08-10,5382
2618,長榮航,43,29,14,第一金-台中,2023-08-10,5382
1229,聯華,13,0,13,第一金-台中,2023-08-10,5382
00930,永豐ESG低碳高息,13,0,13,第一金-台中,2023-08-10,5382
2009,第一銅,12,0,12,第一金-台中,2023-08-10,5382
1727,中華化,12,0,12,第一金-台中,2023-08-10,5382
8112,至上,13,1,12,第一金-台中,2023-08-10,5382
2501,國建,11,0,11,第一金-台中,2023-08-10,5382
1536,和大,10,0,10,第一金-台中,2023-08-10,5382
8936,國統,10,0,10,第一金-台中,2023-08-10,5382
6213,聯茂,10,1,9,第一金-台中,2023-08-10,5382
2886,兆豐金,9,0,9,第一金-台中,2023-08-10,5382
3141,晶宏,8,0,8,第一金-台中,2023-08-10,5382
4746,台耀,8,0,8,第一金-台中,2023-08-10,5382
2382,廣達,45,38,7,第一金-台中,2023-08-10,5382
2352,佳世達,10,3,7,第一金-台中,2023-08-10,5382
8150,南茂,7,0,7,第一金-台中,2023-08-10,5382
9929,秋雨,7,0,7,第一金-台中,2023-08-10,5382
1217,愛之味,7,0,7,第一金-台中,2023-08-10,5382
00772B,中信高評級公司債,6,0,6,第一金-台中,2023-08-10,5382
1529,樂事綠能,6,0,6,第一金-台中,2023-08-10,5382
2301,光寶科,22,16,6,第一金-台中,2023-08-10,5382
6533,晶心科,9,3,6,第一金-台中,2023-08-10,5382
1527,鑽全,6,0,6,第一金-台中,2023-08-10,5382
2415,錩新,6,0,6,第一金-台中,2023-08-10,5382
3680,家登,6,0,6,第一金-台中,2023-08-10,5382
3715,定穎投控,6,0,6,第一金-台中,2023-08-10,5382
5439,高技,6,0,6,第一金-台中,2023-08-10,5382
5608,四維航,6,0,6,第一金-台中,2023-08-10,5382
00680L,元大美債20正2,157,0,157,第一金-台中,2023-08-11,5382
6152,百一,40,0,40,第一金-台中,2023-08-11,5382
2382,廣達,127,89,38,第一金-台中,2023-08-11,5382
00900,富邦特選高股息30,35,0,35,第一金-台中,2023-08-11,5382
5410,國眾,35,0,35,第一金-台中,2023-08-11,5382
00929,復華台灣科技優息,35,0,35,第一金-台中,2023-08-11,5382
3706,神達,37,3,34,第一金-台中,2023-08-11,5382
6223,旺矽,33,3,30,第一金-台中,2023-08-11,5382
2882,國泰金,26,0,26,第一金-台中,2023-08-11,5382
2204,中華,25,0,25,第一金-台中,2023-08-11,5382
00679B,元大美債20年,22,0,22,第一金-台中,2023-08-11,5382
00706L,期元大S＆P日圓正2,20,0,20,第一金-台中,2023-08-11,5382
8940,新天地,20,0,20,第一金-台中,2023-08-11,5382
2376,技嘉,60,41,19,第一金-台中,2023-08-11,5382
2368,金像電,40,22,18,第一金-台中,2023-08-11,5382
2892,第一金,38,20,18,第一金-台中,2023-08-11,5382
00665L,富邦�琤肭磪囓�2,609,592,17,第一金-台中,2023-08-11,5382
2911,麗嬰房,17,0,17,第一金-台中,2023-08-11,5382
2888,新光金,22,6,16,第一金-台中,2023-08-11,5382
3363,上詮,25,9,16,第一金-台中,2023-08-11,5382
00931B,統一美債20年,15,0,15,第一金-台中,2023-08-11,5382
2211,長榮鋼,15,0,15,第一金-台中,2023-08-11,5382
2440,太空梭,24,11,13,第一金-台中,2023-08-11,5382
2027,大成鋼,12,0,12,第一金-台中,2023-08-11,5382
2542,興富發,15,3,12,第一金-台中,2023-08-11,5382
4944,兆遠,12,0,12,第一金-台中,2023-08-11,5382
3481,群創,52,41,11,第一金-台中,2023-08-11,5382
00720B,元大投資級公司債,11,0,11,第一金-台中,2023-08-11,5382
2406,國碩,12,1,11,第一金-台中,2023-08-11,5382
2883,凱基金,11,0,11,第一金-台中,2023-08-11,5382
6523,達爾膚,11,1,10,第一金-台中,2023-08-11,5382
00795B,中信美國公債20年,10,0,10,第一金-台中,2023-08-11,5382
00712,復華富時不動產,10,0,10,第一金-台中,2023-08-11,5382
1268,漢來美食,10,0,10,第一金-台中,2023-08-11,5382
1809,中釉,10,0,10,第一金-台中,2023-08-11,5382
3033,威健,10,0,10,第一金-台中,2023-08-11,5382
3062,建漢,10,0,10,第一金-台中,2023-08-11,5382
3714,富采,10,0,10,第一金-台中,2023-08-11,5382
5321,美而快,10,0,10,第一金-台中,2023-08-11,5382
5324,士開,10,0,10,第一金-台中,2023-08-11,5382
6274,台燿,11,1,10,第一金-台中,2023-08-11,5382
9945,潤泰新,10,0,10,第一金-台中,2023-08-11,5382
2645,長榮航太,11,1,10,第一金-台中,2023-08-11,5382
2002,中鋼,9,0,9,第一金-台中,2023-08-11,5382
2618,長榮航,157,148,9,第一金-台中,2023-08-11,5382
4958,臻鼎-KY,10,1,9,第一金-台中,2023-08-11,5382
6841,長佳智能,12,3,9,第一金-台中,2023-08-11,5382
00927,群益半導體收益,8,0,8,第一金-台中,2023-08-11,5382
1605,華新,11,3,8,第一金-台中,2023-08-11,5382
2915,潤泰全,10,2,8,第一金-台中,2023-08-11,5382
2323,中環,304,3,301,第一金-台中,2023-08-14,5382
00637L,元大滬深300正2,151,0,151,第一金-台中,2023-08-14,5382
00900,富邦特選高股息30,122,1,121,第一金-台中,2023-08-14,5382
4707,磐亞,94,0,94,第一金-台中,2023-08-14,5382
00929,復華台灣科技優息,74,1,73,第一金-台中,2023-08-14,5382
6152,百一,54,0,54,第一金-台中,2023-08-14,5382
8905,裕國,43,1,42,第一金-台中,2023-08-14,5382
2610,華航,89,52,37,第一金-台中,2023-08-14,5382
00923,群益台ESG低碳50,35,0,35,第一金-台中,2023-08-14,5382
2204,中華,32,1,31,第一金-台中,2023-08-14,5382
3231,緯創,100,69,31,第一金-台中,2023-08-14,5382
2002,中鋼,34,5,29,第一金-台中,2023-08-14,5382
2363,矽統,123,94,29,第一金-台中,2023-08-14,5382
2618,長榮航,97,71,26,第一金-台中,2023-08-14,5382
6605,帝寶,26,0,26,第一金-台中,2023-08-14,5382
2603,長榮,26,3,23,第一金-台中,2023-08-14,5382
00679B,元大美債20年,33,11,22,第一金-台中,2023-08-14,5382
2888,新光金,72,50,22,第一金-台中,2023-08-14,5382
2889,國票金,22,0,22,第一金-台中,2023-08-14,5382
00753L,中信中國50正2,20,0,20,第一金-台中,2023-08-14,5382
1101,台泥,20,2,18,第一金-台中,2023-08-14,5382
00878,國泰永續高股息,25,8,17,第一金-台中,2023-08-14,5382
4906,正文,31,14,17,第一金-台中,2023-08-14,5382
2887,台新金,15,0,15,第一金-台中,2023-08-14,5382
00931B,統一美債20年,17,2,15,第一金-台中,2023-08-14,5382
2883,凱基金,15,0,15,第一金-台中,2023-08-14,5382
3481,群創,29,15,14,第一金-台中,2023-08-14,5382
1731,美吾華,14,0,14,第一金-台中,2023-08-14,5382
2027,大成鋼,14,1,13,第一金-台中,2023-08-14,5382
3005,神基,15,2,13,第一金-台中,2023-08-14,5382
2892,第一金,17,5,12,第一金-台中,2023-08-14,5382
2344,華邦電,12,0,12,第一金-台中,2023-08-14,5382
2014,中鴻,13,2,11,第一金-台中,2023-08-14,5382
6804,明係,11,0,11,第一金-台中,2023-08-14,5382
9910,豐泰,11,0,11,第一金-台中,2023-08-14,5382
3714,富采,10,0,10,第一金-台中,2023-08-14,5382
5410,國眾,10,0,10,第一金-台中,2023-08-14,5382
2867,三商壽,10,0,10,第一金-台中,2023-08-14,5382
3587,閎康,10,0,10,第一金-台中,2023-08-14,5382
4919,新唐,10,0,10,第一金-台中,2023-08-14,5382
6625,必應,11,1,10,第一金-台中,2023-08-14,5382
2812,台中銀,9,0,9,第一金-台中,2023-08-14,5382
3037,欣興,15,6,9,第一金-台中,2023-08-14,5382
1217,愛之味,9,0,9,第一金-台中,2023-08-14,5382
3701,大眾控,9,0,9,第一金-台中,2023-08-14,5382
6282,康舒,10,2,8,第一金-台中,2023-08-14,5382
8996,高力,11,3,8,第一金-台中,2023-08-14,5382
2356,英業達,37,29,8,第一金-台中,2023-08-14,5382
2851,中再保,7,0,7,第一金-台中,2023-08-14,5382
00893,國泰智能電動車,8,1,7,第一金-台中,2023-08-14,5382
00878,國泰永續高股息,249,25,224,第一金-台中,2023-08-15,5382
00900,富邦特選高股息30,107,0,107,第一金-台中,2023-08-15,5382
0056,元大高股息,117,15,102,第一金-台中,2023-08-15,5382
2344,華邦電,104,2,102,第一金-台中,2023-08-15,5382
00923,群益台ESG低碳50,65,0,65,第一金-台中,2023-08-15,5382
00929,復華台灣科技優息,54,0,54,第一金-台中,2023-08-15,5382
3231,緯創,136,85,51,第一金-台中,2023-08-15,5382
00632R,元大台灣50反1,50,0,50,第一金-台中,2023-08-15,5382
2324,仁寶,178,129,49,第一金-台中,2023-08-15,5382
2014,中鴻,43,0,43,第一金-台中,2023-08-15,5382
00881,國泰台灣5G+,40,0,40,第一金-台中,2023-08-15,5382
6605,帝寶,40,0,40,第一金-台中,2023-08-15,5382
3017,奇鋐,32,8,24,第一金-台中,2023-08-15,5382
3693,營邦,28,8,20,第一金-台中,2023-08-15,5382
00706L,期元大S＆P日圓正2,20,0,20,第一金-台中,2023-08-15,5382
6125,廣運,23,3,20,第一金-台中,2023-08-15,5382
00679B,元大美債20年,18,0,18,第一金-台中,2023-08-15,5382
2388,威盛,28,11,17,第一金-台中,2023-08-15,5382
9934,成霖,17,0,17,第一金-台中,2023-08-15,5382
2891,中信金,27,12,15,第一金-台中,2023-08-15,5382
2882,國泰金,16,3,13,第一金-台中,2023-08-15,5382
2421,建準,31,19,12,第一金-台中,2023-08-15,5382
2887,台新金,12,0,12,第一金-台中,2023-08-15,5382
2883,凱基金,12,0,12,第一金-台中,2023-08-15,5382
00712,復華富時不動產,12,0,12,第一金-台中,2023-08-15,5382
2002,中鋼,12,1,11,第一金-台中,2023-08-15,5382
2355,敬鵬,11,0,11,第一金-台中,2023-08-15,5382
00680L,元大美債20正2,10,0,10,第一金-台中,2023-08-15,5382
1802,台玻,10,0,10,第一金-台中,2023-08-15,5382
2889,國票金,10,0,10,第一金-台中,2023-08-15,5382
3665,貿聯-KY,10,0,10,第一金-台中,2023-08-15,5382
3481,群創,9,0,9,第一金-台中,2023-08-15,5382
2376,技嘉,17,9,8,第一金-台中,2023-08-15,5382
2317,鴻海,11,3,8,第一金-台中,2023-08-15,5382
6152,百一,10,3,7,第一金-台中,2023-08-15,5382
8935,邦泰,7,0,7,第一金-台中,2023-08-15,5382
2886,兆豐金,6,0,6,第一金-台中,2023-08-15,5382
6235,華孚,8,2,6,第一金-台中,2023-08-15,5382
2371,大同,17,11,6,第一金-台中,2023-08-15,5382
6188,廣明,13,7,6,第一金-台中,2023-08-15,5382
6806,森崴能源,6,0,6,第一金-台中,2023-08-15,5382
00752,中信中國50,5,0,5,第一金-台中,2023-08-15,5382
1909,榮成,5,0,5,第一金-台中,2023-08-15,5382
2520,冠德,5,0,5,第一金-台中,2023-08-15,5382
3209,全科,5,0,5,第一金-台中,2023-08-15,5382
5531,鄉林,5,0,5,第一金-台中,2023-08-15,5382
6213,聯茂,5,0,5,第一金-台中,2023-08-15,5382
8905,裕國,5,0,5,第一金-台中,2023-08-15,5382
3362,先進光,26,21,5,第一金-台中,2023-08-15,5382
3704,合勤控,4,0,4,第一金-台中,2023-08-15,5382
6271,同欣電,551,0,551,第一金-台中,2023-08-16,5382
2317,鴻海,507,3,504,第一金-台中,2023-08-16,5382
00772B,中信高評級公司債,73,0,73,第一金-台中,2023-08-16,5382
6005,群益證,67,0,67,第一金-台中,2023-08-16,5382
3483,力致,78,16,62,第一金-台中,2023-08-16,5382
00751B,元大AAA至A公司債,56,0,56,第一金-台中,2023-08-16,5382
00712,復華富時不動產,49,0,49,第一金-台中,2023-08-16,5382
2834,臺企銀,57,21,36,第一金-台中,2023-08-16,5382
6274,台燿,97,63,34,第一金-台中,2023-08-16,5382
00923,群益台ESG低碳50,31,0,31,第一金-台中,2023-08-16,5382
00753L,中信中國50正2,30,0,30,第一金-台中,2023-08-16,5382
2104,國際中橡,30,0,30,第一金-台中,2023-08-16,5382
8210,勤誠,76,48,28,第一金-台中,2023-08-16,5382
4609,唐鋒,28,0,28,第一金-台中,2023-08-16,5382
00902,中信電池及儲能,30,3,27,第一金-台中,2023-08-16,5382
2892,第一金,32,5,27,第一金-台中,2023-08-16,5382
2382,廣達,181,157,24,第一金-台中,2023-08-16,5382
00929,復華台灣科技優息,114,90,24,第一金-台中,2023-08-16,5382
2303,聯電,25,3,22,第一金-台中,2023-08-16,5382
2609,陽明,30,8,22,第一金-台中,2023-08-16,5382
4908,前鼎,21,0,21,第一金-台中,2023-08-16,5382
2211,長榮鋼,20,0,20,第一金-台中,2023-08-16,5382
6605,帝寶,20,0,20,第一金-台中,2023-08-16,5382
2886,兆豐金,20,2,18,第一金-台中,2023-08-16,5382
2002,中鋼,16,1,15,第一金-台中,2023-08-16,5382
2812,台中銀,16,1,15,第一金-台中,2023-08-16,5382
1301,台塑,15,0,15,第一金-台中,2023-08-16,5382
2891,中信金,20,6,14,第一金-台中,2023-08-16,5382
3013,晟銘電,13,0,13,第一金-台中,2023-08-16,5382
3481,群創,15,3,12,第一金-台中,2023-08-16,5382
2881,富邦金,13,1,12,第一金-台中,2023-08-16,5382
1101,台泥,24,12,12,第一金-台中,2023-08-16,5382
1303,南亞,12,0,12,第一金-台中,2023-08-16,5382
00720B,元大投資級公司債,11,0,11,第一金-台中,2023-08-16,5382
00679B,元大美債20年,11,0,11,第一金-台中,2023-08-16,5382
2014,中鴻,11,0,11,第一金-台中,2023-08-16,5382
3051,力特,12,1,11,第一金-台中,2023-08-16,5382
3682,亞太電,15,4,11,第一金-台中,2023-08-16,5382
2883,凱基金,10,0,10,第一金-台中,2023-08-16,5382
00673R,期元大S＆P原油反1,12,2,10,第一金-台中,2023-08-16,5382
1471,首利,10,0,10,第一金-台中,2023-08-16,5382
1504,東元,16,7,9,第一金-台中,2023-08-16,5382
2610,華航,14,5,9,第一金-台中,2023-08-16,5382
2851,中再保,9,0,9,第一金-台中,2023-08-16,5382
3056,富華新,11,3,8,第一金-台中,2023-08-16,5382
2201,裕隆,9,1,8,第一金-台中,2023-08-16,5382
2888,新光金,11,3,8,第一金-台中,2023-08-16,5382
2312,金寶,7,0,7,第一金-台中,2023-08-16,5382
4138,曜亞,7,0,7,第一金-台中,2023-08-16,5382
9912,偉聯,7,0,7,第一金-台中,2023-08-16,5382
00722B,群益投資級電信債,52,0,52,第一金-台中,2023-08-17,5382
5340,建榮,52,2,50,第一金-台中,2023-08-17,5382
6213,聯茂,50,2,48,第一金-台中,2023-08-17,5382
6271,同欣電,42,0,42,第一金-台中,2023-08-17,5382
3044,健鼎,77,38,39,第一金-台中,2023-08-17,5382
00720B,元大投資級公司債,38,1,37,第一金-台中,2023-08-17,5382
00712,復華富時不動產,36,1,35,第一金-台中,2023-08-17,5382
2363,矽統,225,192,33,第一金-台中,2023-08-17,5382
3406,玉晶光,36,5,31,第一金-台中,2023-08-17,5382
3231,緯創,89,59,30,第一金-台中,2023-08-17,5382
00679B,元大美債20年,33,4,29,第一金-台中,2023-08-17,5382
2409,友達,29,1,28,第一金-台中,2023-08-17,5382
00878,國泰永續高股息,37,9,28,第一金-台中,2023-08-17,5382
6188,廣明,79,52,27,第一金-台中,2023-08-17,5382
3583,辛耘,48,21,27,第一金-台中,2023-08-17,5382
00929,復華台灣科技優息,35,10,25,第一金-台中,2023-08-17,5382
00931B,統一美債20年,25,0,25,第一金-台中,2023-08-17,5382
2882,國泰金,31,7,24,第一金-台中,2023-08-17,5382
2421,建準,88,66,22,第一金-台中,2023-08-17,5382
2312,金寶,40,22,18,第一金-台中,2023-08-17,5382
0056,元大高股息,31,14,17,第一金-台中,2023-08-17,5382
2891,中信金,18,1,17,第一金-台中,2023-08-17,5382
6285,啟��,29,13,16,第一金-台中,2023-08-17,5382
00772B,中信高評級公司債,25,9,16,第一金-台中,2023-08-17,5382
1802,台玻,16,0,16,第一金-台中,2023-08-17,5382
1609,大亞,23,8,15,第一金-台中,2023-08-17,5382
2301,光寶科,19,4,15,第一金-台中,2023-08-17,5382
00913,兆豐台灣晶圓製造,13,0,13,第一金-台中,2023-08-17,5382
1313,聯成,13,0,13,第一金-台中,2023-08-17,5382
8935,邦泰,13,0,13,第一金-台中,2023-08-17,5382
00687B,國泰20年美債,12,0,12,第一金-台中,2023-08-17,5382
3105,穩懋,12,0,12,第一金-台中,2023-08-17,5382
8234,新漢,17,5,12,第一金-台中,2023-08-17,5382
8932,智通*,12,0,12,第一金-台中,2023-08-17,5382
2883,凱基金,28,18,10,第一金-台中,2023-08-17,5382
00673R,期元大S＆P原油反1,10,0,10,第一金-台中,2023-08-17,5382
2104,國際中橡,10,0,10,第一金-台中,2023-08-17,5382
3051,力特,20,10,10,第一金-台中,2023-08-17,5382
3617,碩天,10,0,10,第一金-台中,2023-08-17,5382
3693,營邦,15,7,8,第一金-台中,2023-08-17,5382
00751B,元大AAA至A公司債,8,0,8,第一金-台中,2023-08-17,5382
2603,長榮,16,8,8,第一金-台中,2023-08-17,5382
3005,神基,8,0,8,第一金-台中,2023-08-17,5382
00900,富邦特選高股息30,8,1,7,第一金-台中,2023-08-17,5382
3013,晟銘電,15,8,7,第一金-台中,2023-08-17,5382
5258,虹堡,9,2,7,第一金-台中,2023-08-17,5382
2376,技嘉,33,27,6,第一金-台中,2023-08-17,5382
2330,台積電,6,1,5,第一金-台中,2023-08-17,5382
3056,富華新,9,4,5,第一金-台中,2023-08-17,5382
2303,聯電,6,1,5,第一金-台中,2023-08-17,5382
2317,鴻海,302,3,299,第一金-台中,2023-08-18,5382
9945,潤泰新,266,11,255,第一金-台中,2023-08-18,5382
00680L,元大美債20正2,141,0,141,第一金-台中,2023-08-18,5382
00929,復華台灣科技優息,136,15,121,第一金-台中,2023-08-18,5382
00712,復華富時不動產,107,0,107,第一金-台中,2023-08-18,5382
5340,建榮,101,50,51,第一金-台中,2023-08-18,5382
2371,大同,36,0,36,第一金-台中,2023-08-18,5382
2356,英業達,75,41,34,第一金-台中,2023-08-18,5382
2891,中信金,39,8,31,第一金-台中,2023-08-18,5382
2845,遠東銀,30,0,30,第一金-台中,2023-08-18,5382
6213,聯茂,30,0,30,第一金-台中,2023-08-18,5382
3515,華擎,33,4,29,第一金-台中,2023-08-18,5382
2867,三商壽,26,0,26,第一金-台中,2023-08-18,5382
3035,智原,56,30,26,第一金-台中,2023-08-18,5382
00720B,元大投資級公司債,23,0,23,第一金-台中,2023-08-18,5382
00738U,期元大道瓊白銀,22,0,22,第一金-台中,2023-08-18,5382
6605,帝寶,20,0,20,第一金-台中,2023-08-18,5382
3406,玉晶光,22,3,19,第一金-台中,2023-08-18,5382
00715L,期街口布蘭特正2,20,2,18,第一金-台中,2023-08-18,5382
6152,百一,16,0,16,第一金-台中,2023-08-18,5382
6125,廣運,20,4,16,第一金-台中,2023-08-18,5382
2376,技嘉,25,10,15,第一金-台中,2023-08-18,5382
2641,正德,15,0,15,第一金-台中,2023-08-18,5382
2329,華泰,120,107,13,第一金-台中,2023-08-18,5382
3078,僑威,20,7,13,第一金-台中,2023-08-18,5382
00878,國泰永續高股息,60,48,12,第一金-台中,2023-08-18,5382
3081,聯亞,12,0,12,第一金-台中,2023-08-18,5382
8210,勤誠,93,81,12,第一金-台中,2023-08-18,5382
0056,元大高股息,19,7,12,第一金-台中,2023-08-18,5382
2610,華航,12,0,12,第一金-台中,2023-08-18,5382
3056,富華新,12,1,11,第一金-台中,2023-08-18,5382
1905,華紙,13,2,11,第一金-台中,2023-08-18,5382
2303,聯電,24,13,11,第一金-台中,2023-08-18,5382
2881,富邦金,10,0,10,第一金-台中,2023-08-18,5382
00673R,期元大S＆P原油反1,10,0,10,第一金-台中,2023-08-18,5382
1513,中興電,12,2,10,第一金-台中,2023-08-18,5382
2913,農林,10,0,10,第一金-台中,2023-08-18,5382
1584,精剛,10,1,9,第一金-台中,2023-08-18,5382
3013,晟銘電,33,24,9,第一金-台中,2023-08-18,5382
3693,營邦,21,12,9,第一金-台中,2023-08-18,5382
2603,長榮,30,21,9,第一金-台中,2023-08-18,5382
2409,友達,8,0,8,第一金-台中,2023-08-18,5382
00900,富邦特選高股息30,8,0,8,第一金-台中,2023-08-18,5382
00679B,元大美債20年,7,0,7,第一金-台中,2023-08-18,5382
4533,協易機,8,1,7,第一金-台中,2023-08-18,5382
4707,磐亞,7,0,7,第一金-台中,2023-08-18,5382
6404,通訊-KY,7,0,7,第一金-台中,2023-08-18,5382
2618,長榮航,13,7,6,第一金-台中,2023-08-18,5382
2340,台亞,6,0,6,第一金-台中,2023-08-18,5382
2884,玉山金,6,0,6,第一金-台中,2023-08-18,5382
9945,潤泰新,301,0,301,第一金-台中,2023-08-21,5382
8933,愛地雅,65,0,65,第一金-台中,2023-08-21,5382
2356,英業達,110,48,62,第一金-台中,2023-08-21,5382
2382,廣達,70,34,36,第一金-台中,2023-08-21,5382
2211,長榮鋼,35,1,34,第一金-台中,2023-08-21,5382
3483,力致,46,18,28,第一金-台中,2023-08-21,5382
00878,國泰永續高股息,27,1,26,第一金-台中,2023-08-21,5382
00900,富邦特選高股息30,23,0,23,第一金-台中,2023-08-21,5382
00772B,中信高評級公司債,22,1,21,第一金-台中,2023-08-21,5382
3017,奇鋐,26,8,18,第一金-台中,2023-08-21,5382
2605,新興,23,5,18,第一金-台中,2023-08-21,5382
2891,中信金,18,3,15,第一金-台中,2023-08-21,5382
3044,健鼎,17,2,15,第一金-台中,2023-08-21,5382
6219,富旺,19,5,14,第一金-台中,2023-08-21,5382
00882,中信中國高股息,14,0,14,第一金-台中,2023-08-21,5382
2376,技嘉,20,7,13,第一金-台中,2023-08-21,5382
00679B,元大美債20年,12,0,12,第一金-台中,2023-08-21,5382
00931B,統一美債20年,11,0,11,第一金-台中,2023-08-21,5382
2368,金像電,13,2,11,第一金-台中,2023-08-21,5382
1802,台玻,10,0,10,第一金-台中,2023-08-21,5382
2017,官田鋼,10,0,10,第一金-台中,2023-08-21,5382
2104,國際中橡,10,0,10,第一金-台中,2023-08-21,5382
3033,威健,10,0,10,第一金-台中,2023-08-21,5382
3231,緯創,78,68,10,第一金-台中,2023-08-21,5382
3035,智原,27,18,9,第一金-台中,2023-08-21,5382
1909,榮成,8,0,8,第一金-台中,2023-08-21,5382
2888,新光金,10,2,8,第一金-台中,2023-08-21,5382
3051,力特,13,5,8,第一金-台中,2023-08-21,5382
4609,唐鋒,8,0,8,第一金-台中,2023-08-21,5382
00929,復華台灣科技優息,30,23,7,第一金-台中,2023-08-21,5382
00725B,國泰投資級公司債,10,3,7,第一金-台中,2023-08-21,5382
3037,欣興,8,1,7,第一金-台中,2023-08-21,5382
2886,兆豐金,7,0,7,第一金-台中,2023-08-21,5382
00907,永豐優息存股,6,0,6,第一金-台中,2023-08-21,5382
3042,晶技,7,1,6,第一金-台中,2023-08-21,5382
6152,百一,6,0,6,第一金-台中,2023-08-21,5382
8935,邦泰,6,0,6,第一金-台中,2023-08-21,5382
2610,華航,9,3,6,第一金-台中,2023-08-21,5382
2317,鴻海,5,0,5,第一金-台中,2023-08-21,5382
2002,中鋼,5,0,5,第一金-台中,2023-08-21,5382
00891,中信關鍵半導體,5,0,5,第一金-台中,2023-08-21,5382
1402,遠東新,5,0,5,第一金-台中,2023-08-21,5382
2606,裕民,10,5,5,第一金-台中,2023-08-21,5382
2882,國泰金,5,0,5,第一金-台中,2023-08-21,5382
3587,閎康,5,0,5,第一金-台中,2023-08-21,5382
5469,瀚宇博,6,1,5,第一金-台中,2023-08-21,5382
6197,佳必琪,11,6,5,第一金-台中,2023-08-21,5382
4147,中裕,5,0,5,第一金-台中,2023-08-21,5382
3443,創意,6,2,4,第一金-台中,2023-08-21,5382
2201,裕隆,5,1,4,第一金-台中,2023-08-21,5382
00929,復華台灣科技優息,119,2,117,第一金-台中,2023-08-22,5382
6125,廣運,144,67,77,第一金-台中,2023-08-22,5382
5608,四維航,110,40,70,第一金-台中,2023-08-22,5382
00885,富邦越南,44,2,42,第一金-台中,2023-08-22,5382
1471,首利,50,10,40,第一金-台中,2023-08-22,5382
3691,碩禾,36,0,36,第一金-台中,2023-08-22,5382
2612,中航,41,11,30,第一金-台中,2023-08-22,5382
2382,廣達,129,99,30,第一金-台中,2023-08-22,5382
5410,國眾,28,0,28,第一金-台中,2023-08-22,5382
6152,百一,28,0,28,第一金-台中,2023-08-22,5382
00712,復華富時不動產,21,0,21,第一金-台中,2023-08-22,5382
2515,中工,31,10,21,第一金-台中,2023-08-22,5382
1584,精剛,20,0,20,第一金-台中,2023-08-22,5382
8933,愛地雅,20,0,20,第一金-台中,2023-08-22,5382
4906,正文,20,2,18,第一金-台中,2023-08-22,5382
2606,裕民,23,6,17,第一金-台中,2023-08-22,5382
2605,新興,61,45,16,第一金-台中,2023-08-22,5382
00679B,元大美債20年,18,2,16,第一金-台中,2023-08-22,5382
2211,長榮鋼,15,0,15,第一金-台中,2023-08-22,5382
4908,前鼎,15,0,15,第一金-台中,2023-08-22,5382
2201,裕隆,14,0,14,第一金-台中,2023-08-22,5382
2363,矽統,240,227,13,第一金-台中,2023-08-22,5382
3013,晟銘電,36,25,11,第一金-台中,2023-08-22,5382
5452,佶優,12,1,11,第一金-台中,2023-08-22,5382
1519,華城,29,18,11,第一金-台中,2023-08-22,5382
2883,凱基金,10,0,10,第一金-台中,2023-08-22,5382
4919,新唐,10,0,10,第一金-台中,2023-08-22,5382
6180,橘子,16,6,10,第一金-台中,2023-08-22,5382
6231,系微,11,2,9,第一金-台中,2023-08-22,5382
2401,凌陽,11,2,9,第一金-台中,2023-08-22,5382
6282,康舒,10,1,9,第一金-台中,2023-08-22,5382
00772B,中信高評級公司債,8,0,8,第一金-台中,2023-08-22,5382
2891,中信金,8,0,8,第一金-台中,2023-08-22,5382
00637L,元大滬深300正2,8,0,8,第一金-台中,2023-08-22,5382
8935,邦泰,8,0,8,第一金-台中,2023-08-22,5382
2421,建準,21,14,7,第一金-台中,2023-08-22,5382
4953,緯軟,7,0,7,第一金-台中,2023-08-22,5382
1514,亞力,7,0,7,第一金-台中,2023-08-22,5382
3163,波若威,10,3,7,第一金-台中,2023-08-22,5382
8240,華宏,7,0,7,第一金-台中,2023-08-22,5382
8358,金居,6,0,6,第一金-台中,2023-08-22,5382
2002,中鋼,6,0,6,第一金-台中,2023-08-22,5382
2371,大同,6,0,6,第一金-台中,2023-08-22,5382
2419,仲琦,6,0,6,第一金-台中,2023-08-22,5382
6770,力積電,6,0,6,第一金-台中,2023-08-22,5382
2884,玉山金,5,0,5,第一金-台中,2023-08-22,5382
2344,華邦電,10,5,5,第一金-台中,2023-08-22,5382
00687B,國泰20年美債,5,0,5,第一金-台中,2023-08-22,5382
00751B,元大AAA至A公司債,5,0,5,第一金-台中,2023-08-22,5382
2834,臺企銀,5,0,5,第一金-台中,2023-08-22,5382
2371,大同,200,0,200,第一金-台中,2023-08-23,5382
3094,聯傑,62,5,57,第一金-台中,2023-08-23,5382
3013,晟銘電,193,149,44,第一金-台中,2023-08-23,5382
3704,合勤控,37,0,37,第一金-台中,2023-08-23,5382
2884,玉山金,37,0,37,第一金-台中,2023-08-23,5382
2618,長榮航,182,158,24,第一金-台中,2023-08-23,5382
2383,台光電,37,13,24,第一金-台中,2023-08-23,5382
2316,楠梓電,24,3,21,第一金-台中,2023-08-23,5382
6605,帝寶,21,0,21,第一金-台中,2023-08-23,5382
2537,聯上發,19,3,16,第一金-台中,2023-08-23,5382
00712,復華富時不動產,15,0,15,第一金-台中,2023-08-23,5382
6170,統振,24,9,15,第一金-台中,2023-08-23,5382
6282,康舒,37,22,15,第一金-台中,2023-08-23,5382
2882,國泰金,14,0,14,第一金-台中,2023-08-23,5382
00753L,中信中國50正2,12,0,12,第一金-台中,2023-08-23,5382
8050,廣積,13,1,12,第一金-台中,2023-08-23,5382
3051,力特,16,4,12,第一金-台中,2023-08-23,5382
3324,雙鴻,12,1,11,第一金-台中,2023-08-23,5382
5871,中租-KY,13,2,11,第一金-台中,2023-08-23,5382
6285,啟��,20,10,10,第一金-台中,2023-08-23,5382
00885,富邦越南,50,40,10,第一金-台中,2023-08-23,5382
2633,台灣高鐵,10,0,10,第一金-台中,2023-08-23,5382
6188,廣明,10,0,10,第一金-台中,2023-08-23,5382
6205,詮欣,10,0,10,第一金-台中,2023-08-23,5382
8033,雷虎,10,0,10,第一金-台中,2023-08-23,5382
8933,愛地雅,10,0,10,第一金-台中,2023-08-23,5382
00687B,國泰20年美債,9,0,9,第一金-台中,2023-08-23,5382
3062,建漢,10,1,9,第一金-台中,2023-08-23,5382
3083,網龍,8,0,8,第一金-台中,2023-08-23,5382
00719B,元大美債1-3,7,0,7,第一金-台中,2023-08-23,5382
2367,燿華,10,3,7,第一金-台中,2023-08-23,5382
2464,盟立,7,0,7,第一金-台中,2023-08-23,5382
3163,波若威,20,13,7,第一金-台中,2023-08-23,5382
6152,百一,40,33,7,第一金-台中,2023-08-23,5382
00881,國泰台灣5G+,6,0,6,第一金-台中,2023-08-23,5382
1529,樂事綠能,6,0,6,第一金-台中,2023-08-23,5382
3044,健鼎,15,9,6,第一金-台中,2023-08-23,5382
6126,信音,6,0,6,第一金-台中,2023-08-23,5382
2376,技嘉,20,14,6,第一金-台中,2023-08-23,5382
2485,兆赫,15,9,6,第一金-台中,2023-08-23,5382
2301,光寶科,13,7,6,第一金-台中,2023-08-23,5382
1802,台玻,5,0,5,第一金-台中,2023-08-23,5382
1537,廣隆,5,0,5,第一金-台中,2023-08-23,5382
2211,長榮鋼,5,0,5,第一金-台中,2023-08-23,5382
2897,王道銀行,5,0,5,第一金-台中,2023-08-23,5382
3339,泰谷,5,0,5,第一金-台中,2023-08-23,5382
3581,博磊,5,0,5,第一金-台中,2023-08-23,5382
6217,中探針,5,0,5,第一金-台中,2023-08-23,5382
9943,好樂迪,5,0,5,第一金-台中,2023-08-23,5382
2002,中鋼,4,0,4,第一金-台中,2023-08-23,5382
2419,仲琦,223,7,216,第一金-台中,2023-08-24,5382
00753L,中信中國50正2,91,0,91,第一金-台中,2023-08-24,5382
3596,智易,43,1,42,第一金-台中,2023-08-24,5382
2363,矽統,422,384,38,第一金-台中,2023-08-24,5382
4563,百德,31,2,29,第一金-台中,2023-08-24,5382
3231,緯創,91,68,23,第一金-台中,2023-08-24,5382
00670L,富邦NASDAQ正2,23,1,22,第一金-台中,2023-08-24,5382
2409,友達,23,1,22,第一金-台中,2023-08-24,5382
2206,三陽工業,21,0,21,第一金-台中,2023-08-24,5382
1108,幸福,20,0,20,第一金-台中,2023-08-24,5382
2314,台揚,20,0,20,第一金-台中,2023-08-24,5382
2605,新興,21,1,20,第一金-台中,2023-08-24,5382
2609,陽明,23,3,20,第一金-台中,2023-08-24,5382
5608,四維航,20,0,20,第一金-台中,2023-08-24,5382
6152,百一,20,0,20,第一金-台中,2023-08-24,5382
3682,亞太電,17,0,17,第一金-台中,2023-08-24,5382
00929,復華台灣科技優息,21,5,16,第一金-台中,2023-08-24,5382
00632R,元大台灣50反1,15,0,15,第一金-台中,2023-08-24,5382
3583,辛耘,14,2,12,第一金-台中,2023-08-24,5382
6684,安格,12,0,12,第一金-台中,2023-08-24,5382
2617,台航,11,0,11,第一金-台中,2023-08-24,5382
1802,台玻,10,0,10,第一金-台中,2023-08-24,5382
2406,國碩,10,0,10,第一金-台中,2023-08-24,5382
6005,群益證,10,0,10,第一金-台中,2023-08-24,5382
8933,愛地雅,10,0,10,第一金-台中,2023-08-24,5382
9950,萬國通,10,0,10,第一金-台中,2023-08-24,5382
6170,統振,8,0,8,第一金-台中,2023-08-24,5382
3693,營邦,11,3,8,第一金-台中,2023-08-24,5382
00733,富邦臺灣中小,8,0,8,第一金-台中,2023-08-24,5382
3035,智原,46,38,8,第一金-台中,2023-08-24,5382
3071,協禧,8,0,8,第一金-台中,2023-08-24,5382
3163,波若威,21,13,8,第一金-台中,2023-08-24,5382
4763,材料-KY,17,9,8,第一金-台中,2023-08-24,5382
00662,富邦NASDAQ,10,3,7,第一金-台中,2023-08-24,5382
00900,富邦特選高股息30,17,10,7,第一金-台中,2023-08-24,5382
1905,華紙,7,0,7,第一金-台中,2023-08-24,5382
3149,正達,7,0,7,第一金-台中,2023-08-24,5382
6116,彩晶,10,3,7,第一金-台中,2023-08-24,5382
6285,啟��,21,15,6,第一金-台中,2023-08-24,5382
1731,美吾華,7,1,6,第一金-台中,2023-08-24,5382
8213,志超,6,0,6,第一金-台中,2023-08-24,5382
00927,群益半導體收益,6,1,5,第一金-台中,2023-08-24,5382
3055,蔚華科,5,0,5,第一金-台中,2023-08-24,5382
6282,康舒,19,14,5,第一金-台中,2023-08-24,5382
00919,群益台灣精選高息,6,1,5,第一金-台中,2023-08-24,5382
00680L,元大美債20正2,5,0,5,第一金-台中,2023-08-24,5382
00931B,統一美債20年,5,0,5,第一金-台中,2023-08-24,5382
1326,台化,5,0,5,第一金-台中,2023-08-24,5382
1532,勤美,5,0,5,第一金-台中,2023-08-24,5382
1584,精剛,21,16,5,第一金-台中,2023-08-24,5382
00878,國泰永續高股息,161,0,161,第一金-台中,2023-08-25,5382
00753L,中信中國50正2,91,0,91,第一金-台中,2023-08-25,5382
3231,緯創,126,70,56,第一金-台中,2023-08-25,5382
2891,中信金,51,0,51,第一金-台中,2023-08-25,5382
2392,正崴,50,0,50,第一金-台中,2023-08-25,5382
3704,合勤控,44,1,43,第一金-台中,2023-08-25,5382
00673R,期元大S＆P原油反1,42,0,42,第一金-台中,2023-08-25,5382
2208,台船,24,0,24,第一金-台中,2023-08-25,5382
00900,富邦特選高股息30,21,0,21,第一金-台中,2023-08-25,5382
00706L,期元大S＆P日圓正2,20,0,20,第一金-台中,2023-08-25,5382
1727,中華化,31,11,20,第一金-台中,2023-08-25,5382
2324,仁寶,21,1,20,第一金-台中,2023-08-25,5382
3005,神基,20,0,20,第一金-台中,2023-08-25,5382
3049,精金,20,0,20,第一金-台中,2023-08-25,5382
0056,元大高股息,17,0,17,第一金-台中,2023-08-25,5382
5706,鳳凰,17,0,17,第一金-台中,2023-08-25,5382
8933,愛地雅,17,0,17,第一金-台中,2023-08-25,5382
00662,富邦NASDAQ,16,0,16,第一金-台中,2023-08-25,5382
00931B,統一美債20年,16,0,16,第一金-台中,2023-08-25,5382
2363,矽統,308,293,15,第一金-台中,2023-08-25,5382
3682,亞太電,14,0,14,第一金-台中,2023-08-25,5382
6274,台燿,36,24,12,第一金-台中,2023-08-25,5382
1101,台泥,11,0,11,第一金-台中,2023-08-25,5382
2449,京元電子,49,38,11,第一金-台中,2023-08-25,5382
2030,彰源,10,0,10,第一金-台中,2023-08-25,5382
2633,台灣高鐵,10,0,10,第一金-台中,2023-08-25,5382
2736,富野,10,0,10,第一金-台中,2023-08-25,5382
2883,凱基金,10,0,10,第一金-台中,2023-08-25,5382
3363,上詮,15,5,10,第一金-台中,2023-08-25,5382
5703,亞都,10,0,10,第一金-台中,2023-08-25,5382
6472,保瑞,12,2,10,第一金-台中,2023-08-25,5382
6205,詮欣,9,0,9,第一金-台中,2023-08-25,5382
8935,邦泰,9,0,9,第一金-台中,2023-08-25,5382
2892,第一金,8,0,8,第一金-台中,2023-08-25,5382
3583,辛耘,9,1,8,第一金-台中,2023-08-25,5382
00725B,國泰投資級公司債,8,0,8,第一金-台中,2023-08-25,5382
00919,群益台灣精選高息,8,0,8,第一金-台中,2023-08-25,5382
00902,中信電池及儲能,8,0,8,第一金-台中,2023-08-25,5382
3596,智易,9,1,8,第一金-台中,2023-08-25,5382
5704,老爺知,10,2,8,第一金-台中,2023-08-25,5382
2330,台積電,8,0,8,第一金-台中,2023-08-25,5382
1342,八貫,7,0,7,第一金-台中,2023-08-25,5382
2329,華泰,7,0,7,第一金-台中,2023-08-25,5382
00927,群益半導體收益,6,0,6,第一金-台中,2023-08-25,5382
2486,一詮,6,0,6,第一金-台中,2023-08-25,5382
3494,誠研,6,0,6,第一金-台中,2023-08-25,5382
3706,神達,10,4,6,第一金-台中,2023-08-25,5382
3711,日月光投控,22,16,6,第一金-台中,2023-08-25,5382
2376,技嘉,22,17,5,第一金-台中,2023-08-25,5382
2353,宏��,7,2,5,第一金-台中,2023-08-25,5382
6757,台灣虎航,80,0,80,第一金-台中,2023-08-28,5382
00919,群益台灣精選高息,72,1,71,第一金-台中,2023-08-28,5382
2208,台船,62,0,62,第一金-台中,2023-08-28,5382
5410,國眾,58,0,58,第一金-台中,2023-08-28,5382
6234,高僑,60,3,57,第一金-台中,2023-08-28,5382
00929,復華台灣科技優息,53,8,45,第一金-台中,2023-08-28,5382
00673R,期元大S＆P原油反1,42,0,42,第一金-台中,2023-08-28,5382
8033,雷虎,36,1,35,第一金-台中,2023-08-28,5382
2376,技嘉,103,72,31,第一金-台中,2023-08-28,5382
2610,華航,34,7,27,第一金-台中,2023-08-28,5382
2618,長榮航,117,92,25,第一金-台中,2023-08-28,5382
4906,正文,76,51,25,第一金-台中,2023-08-28,5382
3051,力特,43,21,22,第一金-台中,2023-08-28,5382
2392,正崴,21,0,21,第一金-台中,2023-08-28,5382
5607,遠雄港,20,0,20,第一金-台中,2023-08-28,5382
00882,中信中國高股息,20,0,20,第一金-台中,2023-08-28,5382
6235,華孚,50,31,19,第一金-台中,2023-08-28,5382
2353,宏��,18,0,18,第一金-台中,2023-08-28,5382
3017,奇鋐,18,1,17,第一金-台中,2023-08-28,5382
2605,新興,15,0,15,第一金-台中,2023-08-28,5382
3231,緯創,58,44,14,第一金-台中,2023-08-28,5382
6188,廣明,20,6,14,第一金-台中,2023-08-28,5382
3711,日月光投控,23,9,14,第一金-台中,2023-08-28,5382
00878,國泰永續高股息,33,20,13,第一金-台中,2023-08-28,5382
1339,昭輝,12,0,12,第一金-台中,2023-08-28,5382
3706,神達,21,9,12,第一金-台中,2023-08-28,5382
3665,貿聯-KY,11,0,11,第一金-台中,2023-08-28,5382
5608,四維航,11,0,11,第一金-台中,2023-08-28,5382
6517,保勝光學,13,2,11,第一金-台中,2023-08-28,5382
00712,復華富時不動產,10,0,10,第一金-台中,2023-08-28,5382
2344,華邦電,10,0,10,第一金-台中,2023-08-28,5382
2886,兆豐金,19,9,10,第一金-台中,2023-08-28,5382
4566,時碩工業,10,0,10,第一金-台中,2023-08-28,5382
6244,茂迪,10,0,10,第一金-台中,2023-08-28,5382
00679B,元大美債20年,10,1,9,第一金-台中,2023-08-28,5382
2371,大同,15,6,9,第一金-台中,2023-08-28,5382
8926,台汽電,9,0,9,第一金-台中,2023-08-28,5382
2383,台光電,9,1,8,第一金-台中,2023-08-28,5382
6152,百一,10,2,8,第一金-台中,2023-08-28,5382
2331,精英,40,33,7,第一金-台中,2023-08-28,5382
3324,雙鴻,8,1,7,第一金-台中,2023-08-28,5382
1471,首利,12,6,6,第一金-台中,2023-08-28,5382
2882,國泰金,15,9,6,第一金-台中,2023-08-28,5382
3715,定穎投控,18,12,6,第一金-台中,2023-08-28,5382
1442,名軒,5,0,5,第一金-台中,2023-08-28,5382
1905,華紙,5,0,5,第一金-台中,2023-08-28,5382
2359,所羅門,9,4,5,第一金-台中,2023-08-28,5382
2606,裕民,5,0,5,第一金-台中,2023-08-28,5382
3587,閎康,5,0,5,第一金-台中,2023-08-28,5382
8341,日友,5,0,5,第一金-台中,2023-08-28,5382
00919,群益台灣精選高息,103,0,103,第一金-台中,2023-08-29,5382
2327,國巨,43,2,41,第一金-台中,2023-08-29,5382
6415,矽力*-KY,41,0,41,第一金-台中,2023-08-29,5382
3037,欣興,45,10,35,第一金-台中,2023-08-29,5382
6165,浪凡,40,6,34,第一金-台中,2023-08-29,5382
1810,和成,33,1,32,第一金-台中,2023-08-29,5382
00878,國泰永續高股息,34,9,25,第一金-台中,2023-08-29,5382
3617,碩天,23,1,22,第一金-台中,2023-08-29,5382
00929,復華台灣科技優息,21,0,21,第一金-台中,2023-08-29,5382
2392,正崴,21,1,20,第一金-台中,2023-08-29,5382
1905,華紙,36,18,18,第一金-台中,2023-08-29,5382
2211,長榮鋼,15,0,15,第一金-台中,2023-08-29,5382
2913,農林,26,11,15,第一金-台中,2023-08-29,5382
2002,中鋼,14,0,14,第一金-台中,2023-08-29,5382
00922,國泰台灣領袖50,13,0,13,第一金-台中,2023-08-29,5382
5457,宣德,15,2,13,第一金-台中,2023-08-29,5382
5009,榮剛,25,14,11,第一金-台中,2023-08-29,5382
6111,大宇資,11,0,11,第一金-台中,2023-08-29,5382
2303,聯電,10,0,10,第一金-台中,2023-08-29,5382
1815,富喬,10,0,10,第一金-台中,2023-08-29,5382
2363,矽統,405,395,10,第一金-台中,2023-08-29,5382
6443,元晶,24,14,10,第一金-台中,2023-08-29,5382
6517,保勝光學,10,0,10,第一金-台中,2023-08-29,5382
3481,群創,19,10,9,第一金-台中,2023-08-29,5382
2886,兆豐金,9,0,9,第一金-台中,2023-08-29,5382
2206,三陽工業,14,5,9,第一金-台中,2023-08-29,5382
2634,漢翔,35,26,9,第一金-台中,2023-08-29,5382
9945,潤泰新,16,7,9,第一金-台中,2023-08-29,5382
00632R,元大台灣50反1,10,2,8,第一金-台中,2023-08-29,5382
00885,富邦越南,7,0,7,第一金-台中,2023-08-29,5382
5284,jpp-KY,8,2,6,第一金-台中,2023-08-29,5382
1216,統一,5,0,5,第一金-台中,2023-08-29,5382
1609,大亞,5,0,5,第一金-台中,2023-08-29,5382
1618,合機,5,0,5,第一金-台中,2023-08-29,5382
2328,廣宇,5,0,5,第一金-台中,2023-08-29,5382
2905,三商,5,0,5,第一金-台中,2023-08-29,5382
6472,保瑞,5,0,5,第一金-台中,2023-08-29,5382
2883,凱基金,4,0,4,第一金-台中,2023-08-29,5382
2610,華航,8,4,4,第一金-台中,2023-08-29,5382
2455,全新,5,1,4,第一金-台中,2023-08-29,5382
2816,旺旺保,4,0,4,第一金-台中,2023-08-29,5382
3011,今皓,5,1,4,第一金-台中,2023-08-29,5382
6770,力積電,4,0,4,第一金-台中,2023-08-29,5382
6531,愛普*,3,0,3,第一金-台中,2023-08-29,5382
2892,第一金,5,2,3,第一金-台中,2023-08-29,5382
2014,中鴻,3,0,3,第一金-台中,2023-08-29,5382
2027,大成鋼,3,0,3,第一金-台中,2023-08-29,5382
2250,IKKA-KY,3,0,3,第一金-台中,2023-08-29,5382
2324,仁寶,4,1,3,第一金-台中,2023-08-29,5382
2409,友達,3,0,3,第一金-台中,2023-08-29,5382
2317,鴻海,499,3,496,第一金-台中,2023-08-30,5382
00919,群益台灣精選高息,120,0,120,第一金-台中,2023-08-30,5382
6165,浪凡,69,0,69,第一金-台中,2023-08-30,5382
00753L,中信中國50正2,65,0,65,第一金-台中,2023-08-30,5382
3051,力特,71,10,61,第一金-台中,2023-08-30,5382
2327,國巨,60,1,59,第一金-台中,2023-08-30,5382
00929,復華台灣科技優息,40,1,39,第一金-台中,2023-08-30,5382
3481,群創,39,16,23,第一金-台中,2023-08-30,5382
00670L,富邦NASDAQ正2,23,0,23,第一金-台中,2023-08-30,5382
3035,智原,66,46,20,第一金-台中,2023-08-30,5382
3231,緯創,45,26,19,第一金-台中,2023-08-30,5382
3406,玉晶光,21,3,18,第一金-台中,2023-08-30,5382
2618,長榮航,64,46,18,第一金-台中,2023-08-30,5382
2331,精英,27,11,16,第一金-台中,2023-08-30,5382
3013,晟銘電,29,15,14,第一金-台中,2023-08-30,5382
6188,廣明,14,1,13,第一金-台中,2023-08-30,5382
2363,矽統,299,286,13,第一金-台中,2023-08-30,5382
4916,事欣科,20,8,12,第一金-台中,2023-08-30,5382
2891,中信金,10,0,10,第一金-台中,2023-08-30,5382
00885,富邦越南,10,0,10,第一金-台中,2023-08-30,5382
1609,大亞,10,0,10,第一金-台中,2023-08-30,5382
2816,旺旺保,10,0,10,第一金-台中,2023-08-30,5382
3710,連展投控,10,0,10,第一金-台中,2023-08-30,5382
6443,元晶,12,2,10,第一金-台中,2023-08-30,5382
2882,國泰金,10,0,10,第一金-台中,2023-08-30,5382
3325,旭品,16,8,8,第一金-台中,2023-08-30,5382
2355,敬鵬,66,58,8,第一金-台中,2023-08-30,5382
3706,神達,9,2,7,第一金-台中,2023-08-30,5382
2201,裕隆,36,29,7,第一金-台中,2023-08-30,5382
2367,燿華,10,4,6,第一金-台中,2023-08-30,5382
2449,京元電子,17,11,6,第一金-台中,2023-08-30,5382
00751B,元大AAA至A公司債,6,0,6,第一金-台中,2023-08-30,5382
2301,光寶科,9,3,6,第一金-台中,2023-08-30,5382
2345,智邦,7,1,6,第一金-台中,2023-08-30,5382
2537,聯上發,6,0,6,第一金-台中,2023-08-30,5382
2610,華航,15,9,6,第一金-台中,2023-08-30,5382
4979,華星光,8,2,6,第一金-台中,2023-08-30,5382
5258,虹堡,6,0,6,第一金-台中,2023-08-30,5382
6274,台燿,11,5,6,第一金-台中,2023-08-30,5382
6472,保瑞,6,0,6,第一金-台中,2023-08-30,5382
00878,國泰永續高股息,13,7,6,第一金-台中,2023-08-30,5382
00680L,元大美債20正2,5,0,5,第一金-台中,2023-08-30,5382
1339,昭輝,5,0,5,第一金-台中,2023-08-30,5382
2313,華通,6,1,5,第一金-台中,2023-08-30,5382
2337,旺宏,49,44,5,第一金-台中,2023-08-30,5382
2820,華票,5,0,5,第一金-台中,2023-08-30,5382
3587,閎康,6,1,5,第一金-台中,2023-08-30,5382
4707,磐亞,5,0,5,第一金-台中,2023-08-30,5382
5371,中光電,11,6,5,第一金-台中,2023-08-30,5382
5469,瀚宇博,5,0,5,第一金-台中,2023-08-30,5382
2317,鴻海,287,2,285,第一金-台中,2023-08-31,5382
6244,茂迪,112,4,108,第一金-台中,2023-08-31,5382
00929,復華台灣科技優息,108,11,97,第一金-台中,2023-08-31,5382
1802,台玻,47,12,35,第一金-台中,2023-08-31,5382
3693,營邦,36,1,35,第一金-台中,2023-08-31,5382
00753L,中信中國50正2,31,0,31,第一金-台中,2023-08-31,5382
2376,技嘉,48,24,24,第一金-台中,2023-08-31,5382
00923,群益台ESG低碳50,24,0,24,第一金-台中,2023-08-31,5382
3078,僑威,35,15,20,第一金-台中,2023-08-31,5382
6122,擎邦,20,0,20,第一金-台中,2023-08-31,5382
2329,華泰,52,36,16,第一金-台中,2023-08-31,5382
2002,中鋼,13,0,13,第一金-台中,2023-08-31,5382
8088,品安,20,7,13,第一金-台中,2023-08-31,5382
2618,長榮航,106,93,13,第一金-台中,2023-08-31,5382
2324,仁寶,14,2,12,第一金-台中,2023-08-31,5382
4938,和碩,12,0,12,第一金-台中,2023-08-31,5382
2337,旺宏,31,20,11,第一金-台中,2023-08-31,5382
6152,百一,11,0,11,第一金-台中,2023-08-31,5382
6443,元晶,18,7,11,第一金-台中,2023-08-31,5382
00927,群益半導體收益,10,0,10,第一金-台中,2023-08-31,5382
2401,凌陽,18,8,10,第一金-台中,2023-08-31,5382
2405,輔信,10,0,10,第一金-台中,2023-08-31,5382
3005,神基,10,0,10,第一金-台中,2023-08-31,5382
3006,晶豪科,10,0,10,第一金-台中,2023-08-31,5382
5410,國眾,10,0,10,第一金-台中,2023-08-31,5382
6153,嘉聯益,10,0,10,第一金-台中,2023-08-31,5382
2892,第一金,9,0,9,第一金-台中,2023-08-31,5382
00670L,富邦NASDAQ正2,9,0,9,第一金-台中,2023-08-31,5382
2204,中華,17,8,9,第一金-台中,2023-08-31,5382
00888,永豐台灣ESG,8,0,8,第一金-台中,2023-08-31,5382
2820,華票,8,0,8,第一金-台中,2023-08-31,5382
6205,詮欣,8,0,8,第一金-台中,2023-08-31,5382
8390,金益鼎,8,0,8,第一金-台中,2023-08-31,5382
2610,華航,17,9,8,第一金-台中,2023-08-31,5382
00913,兆豐台灣晶圓製造,7,0,7,第一金-台中,2023-08-31,5382
00919,群益台灣精選高息,7,0,7,第一金-台中,2023-08-31,5382
6219,富旺,49,42,7,第一金-台中,2023-08-31,5382
1905,華紙,21,15,6,第一金-台中,2023-08-31,5382
2208,台船,6,0,6,第一金-台中,2023-08-31,5382
9904,寶成,6,0,6,第一金-台中,2023-08-31,5382
0056,元大高股息,6,0,6,第一金-台中,2023-08-31,5382
2303,聯電,6,1,5,第一金-台中,2023-08-31,5382
00900,富邦特選高股息30,5,0,5,第一金-台中,2023-08-31,5382
3583,辛耘,8,3,5,第一金-台中,2023-08-31,5382
2882,國泰金,5,0,5,第一金-台中,2023-08-31,5382
00907,永豐優息存股,5,0,5,第一金-台中,2023-08-31,5382
1417,嘉裕,5,0,5,第一金-台中,2023-08-31,5382
2455,全新,10,5,5,第一金-台中,2023-08-31,5382
2883,凱基金,5,0,5,第一金-台中,2023-08-31,5382
5608,四維航,5,0,5,第一金-台中,2023-08-31,5382
00919,群益台灣精選高息,82,0,82,第一金-台中,2023-09-01,5382
5009,榮剛,70,1,69,第一金-台中,2023-09-01,5382
2363,矽統,475,417,58,第一金-台中,2023-09-01,5382
00929,復華台灣科技優息,60,3,57,第一金-台中,2023-09-01,5382
00932,兆豐永續高息等權,46,0,46,第一金-台中,2023-09-01,5382
6173,信昌電,47,12,35,第一金-台中,2023-09-01,5382
2485,兆赫,66,32,34,第一金-台中,2023-09-01,5382
2337,旺宏,39,6,33,第一金-台中,2023-09-01,5382
3017,奇鋐,39,7,32,第一金-台中,2023-09-01,5382
2929,淘帝-KY,25,0,25,第一金-台中,2023-09-01,5382
3231,緯創,78,55,23,第一金-台中,2023-09-01,5382
3163,波若威,24,3,21,第一金-台中,2023-09-01,5382
6245,立端,22,1,21,第一金-台中,2023-09-01,5382
2834,臺企銀,20,0,20,第一金-台中,2023-09-01,5382
8183,精星,20,0,20,第一金-台中,2023-09-01,5382
00673R,期元大S＆P原油反1,19,0,19,第一金-台中,2023-09-01,5382
00885,富邦越南,21,4,17,第一金-台中,2023-09-01,5382
6165,浪凡,18,1,17,第一金-台中,2023-09-01,5382
1732,毛寶,16,0,16,第一金-台中,2023-09-01,5382
3557,嘉威,15,0,15,第一金-台中,2023-09-01,5382
5410,國眾,15,0,15,第一金-台中,2023-09-01,5382
2369,菱生,27,14,13,第一金-台中,2023-09-01,5382
00878,國泰永續高股息,13,1,12,第一金-台中,2023-09-01,5382
2367,燿華,13,1,12,第一金-台中,2023-09-01,5382
9945,潤泰新,16,4,12,第一金-台中,2023-09-01,5382
2376,技嘉,44,33,11,第一金-台中,2023-09-01,5382
3596,智易,11,0,11,第一金-台中,2023-09-01,5382
3548,兆利,11,0,11,第一金-台中,2023-09-01,5382
4147,中裕,21,10,11,第一金-台中,2023-09-01,5382
2812,台中銀,11,0,11,第一金-台中,2023-09-01,5382
2382,廣達,26,15,11,第一金-台中,2023-09-01,5382
5607,遠雄港,10,0,10,第一金-台中,2023-09-01,5382
1524,耿鼎,10,0,10,第一金-台中,2023-09-01,5382
1586,和勤,10,0,10,第一金-台中,2023-09-01,5382
2405,輔信,10,0,10,第一金-台中,2023-09-01,5382
2867,三商壽,10,0,10,第一金-台中,2023-09-01,5382
5608,四維航,10,0,10,第一金-台中,2023-09-01,5382
6152,百一,10,0,10,第一金-台中,2023-09-01,5382
3693,營邦,11,2,9,第一金-台中,2023-09-01,5382
00679B,元大美債20年,9,0,9,第一金-台中,2023-09-01,5382
2329,華泰,22,13,9,第一金-台中,2023-09-01,5382
0056,元大高股息,10,2,8,第一金-台中,2023-09-01,5382
00753L,中信中國50正2,8,0,8,第一金-台中,2023-09-01,5382
2436,偉詮電,39,31,8,第一金-台中,2023-09-01,5382
8358,金居,8,0,8,第一金-台中,2023-09-01,5382
5347,世界,9,1,8,第一金-台中,2023-09-01,5382
2206,三陽工業,24,17,7,第一金-台中,2023-09-01,5382
2630,亞航,13,6,7,第一金-台中,2023-09-01,5382
2897A,王道銀甲特,7,0,7,第一金-台中,2023-09-01,5382
3059,華晶科,9,2,7,第一金-台中,2023-09-01,5382
00929,復華台灣科技優息,203,13,190,第一金-台中,2023-09-04,5382
00922,國泰台灣領袖50,157,0,157,第一金-台中,2023-09-04,5382
4542,科嶠,126,0,126,第一金-台中,2023-09-04,5382
5009,榮剛,76,21,55,第一金-台中,2023-09-04,5382
3257,虹冠電,46,3,43,第一金-台中,2023-09-04,5382
2371,大同,39,0,39,第一金-台中,2023-09-04,5382
5457,宣德,44,9,35,第一金-台中,2023-09-04,5382
9929,秋雨,25,1,24,第一金-台中,2023-09-04,5382
00927,群益半導體收益,21,0,21,第一金-台中,2023-09-04,5382
00753L,中信中國50正2,20,0,20,第一金-台中,2023-09-04,5382
2834,臺企銀,21,1,20,第一金-台中,2023-09-04,5382
3231,緯創,59,40,19,第一金-台中,2023-09-04,5382
2929,淘帝-KY,16,0,16,第一金-台中,2023-09-04,5382
5608,四維航,15,0,15,第一金-台中,2023-09-04,5382
2206,三陽工業,24,10,14,第一金-台中,2023-09-04,5382
2376,技嘉,39,26,13,第一金-台中,2023-09-04,5382
00795B,中信美國公債20年,13,0,13,第一金-台中,2023-09-04,5382
6274,台燿,27,14,13,第一金-台中,2023-09-04,5382
9945,潤泰新,12,0,12,第一金-台中,2023-09-04,5382
3014,聯陽,16,4,12,第一金-台中,2023-09-04,5382
1522,堤維西,11,0,11,第一金-台中,2023-09-04,5382
00919,群益台灣精選高息,12,1,11,第一金-台中,2023-09-04,5382
2605,新興,20,10,10,第一金-台中,2023-09-04,5382
00636,國泰中國A50,10,0,10,第一金-台中,2023-09-04,5382
00642U,期元大S＆P石油,10,0,10,第一金-台中,2023-09-04,5382
2340,台亞,10,0,10,第一金-台中,2023-09-04,5382
2390,云辰,10,0,10,第一金-台中,2023-09-04,5382
2606,裕民,10,0,10,第一金-台中,2023-09-04,5382
2915,潤泰全,10,0,10,第一金-台中,2023-09-04,5382
2344,華邦電,9,0,9,第一金-台中,2023-09-04,5382
1802,台玻,32,23,9,第一金-台中,2023-09-04,5382
3583,辛耘,9,1,8,第一金-台中,2023-09-04,5382
00751B,元大AAA至A公司債,8,0,8,第一金-台中,2023-09-04,5382
3011,今皓,8,0,8,第一金-台中,2023-09-04,5382
3260,威剛,8,0,8,第一金-台中,2023-09-04,5382
4967,十銓,9,1,8,第一金-台中,2023-09-04,5382
6016,康和證,8,0,8,第一金-台中,2023-09-04,5382
6205,詮欣,8,0,8,第一金-台中,2023-09-04,5382
9950,萬國通,8,0,8,第一金-台中,2023-09-04,5382
2402,毅嘉,23,15,8,第一金-台中,2023-09-04,5382
00924,復華S＆P500成長,7,0,7,第一金-台中,2023-09-04,5382
2375,凱美,7,0,7,第一金-台中,2023-09-04,5382
2495,普安,8,1,7,第一金-台中,2023-09-04,5382
2867,三商壽,7,0,7,第一金-台中,2023-09-04,5382
8358,金居,9,2,7,第一金-台中,2023-09-04,5382
2382,廣達,25,18,7,第一金-台中,2023-09-04,5382
2409,友達,7,1,6,第一金-台中,2023-09-04,5382
6125,廣運,7,1,6,第一金-台中,2023-09-04,5382
3035,智原,40,34,6,第一金-台中,2023-09-04,5382
2609,陽明,6,0,6,第一金-台中,2023-09-04,5382
2317,鴻海,499,3,496,第一金-台中,2023-09-05,5382
00929,復華台灣科技優息,187,52,135,第一金-台中,2023-09-05,5382
6757,台灣虎航,113,0,113,第一金-台中,2023-09-05,5382
2401,凌陽,53,22,31,第一金-台中,2023-09-05,5382
2363,矽統,265,234,31,第一金-台中,2023-09-05,5382
4510,高鋒,30,0,30,第一金-台中,2023-09-05,5382
00919,群益台灣精選高息,40,11,29,第一金-台中,2023-09-05,5382
3588,通嘉,33,12,21,第一金-台中,2023-09-05,5382
8436,大江,24,4,20,第一金-台中,2023-09-05,5382
6223,旺矽,19,0,19,第一金-台中,2023-09-05,5382
2369,菱生,16,0,16,第一金-台中,2023-09-05,5382
2376,技嘉,46,32,14,第一金-台中,2023-09-05,5382
2618,長榮航,18,5,13,第一金-台中,2023-09-05,5382
00753L,中信中國50正2,13,0,13,第一金-台中,2023-09-05,5382
2884,玉山金,12,0,12,第一金-台中,2023-09-05,5382
3481,群創,32,20,12,第一金-台中,2023-09-05,5382
2834,臺企銀,11,0,11,第一金-台中,2023-09-05,5382
2801,彰銀,11,0,11,第一金-台中,2023-09-05,5382
6404,通訊-KY,11,0,11,第一金-台中,2023-09-05,5382
6531,愛普*,27,17,10,第一金-台中,2023-09-05,5382
2312,金寶,12,2,10,第一金-台中,2023-09-05,5382
00931B,統一美債20年,10,0,10,第一金-台中,2023-09-05,5382
00712,復華富時不動產,10,0,10,第一金-台中,2023-09-05,5382
00907,永豐優息存股,10,0,10,第一金-台中,2023-09-05,5382
00713,元大台灣高息低波,10,0,10,第一金-台中,2023-09-05,5382
3693,營邦,18,9,9,第一金-台中,2023-09-05,5382
2851,中再保,10,1,9,第一金-台中,2023-09-05,5382
3592,瑞鼎,10,1,9,第一金-台中,2023-09-05,5382
1101,台泥,8,0,8,第一金-台中,2023-09-05,5382
2436,偉詮電,43,35,8,第一金-台中,2023-09-05,5382
2634,漢翔,11,3,8,第一金-台中,2023-09-05,5382
3017,奇鋐,10,2,8,第一金-台中,2023-09-05,5382
2014,中鴻,7,0,7,第一金-台中,2023-09-05,5382
5351,鈺創,18,11,7,第一金-台中,2023-09-05,5382
5410,國眾,14,7,7,第一金-台中,2023-09-05,5382
6165,浪凡,7,0,7,第一金-台中,2023-09-05,5382
2497,怡利電,7,0,7,第一金-台中,2023-09-05,5382
2027,大成鋼,7,1,6,第一金-台中,2023-09-05,5382
6111,大宇資,11,5,6,第一金-台中,2023-09-05,5382
3044,健鼎,31,25,6,第一金-台中,2023-09-05,5382
9929,秋雨,6,0,6,第一金-台中,2023-09-05,5382
00878,國泰永續高股息,11,6,5,第一金-台中,2023-09-05,5382
2888,新光金,5,0,5,第一金-台中,2023-09-05,5382
3567,逸昌,5,0,5,第一金-台中,2023-09-05,5382
5471,松翰,5,0,5,第一金-台中,2023-09-05,5382
00687B,國泰20年美債,5,0,5,第一金-台中,2023-09-05,5382
2305,全友,5,0,5,第一金-台中,2023-09-05,5382
2905,三商,5,0,5,第一金-台中,2023-09-05,5382
3504,揚明光,10,5,5,第一金-台中,2023-09-05,5382
6129,普誠,6,1,5,第一金-台中,2023-09-05,5382
00680L,元大美債20正2,288,25,263,第一金-台中,2023-09-06,5382
6757,台灣虎航,240,0,240,第一金-台中,2023-09-06,5382
3617,碩天,85,3,82,第一金-台中,2023-09-06,5382
3481,群創,53,10,43,第一金-台中,2023-09-06,5382
2834,臺企銀,33,0,33,第一金-台中,2023-09-06,5382
00720B,元大投資級公司債,28,0,28,第一金-台中,2023-09-06,5382
6265,方土昶,28,0,28,第一金-台中,2023-09-06,5382
00715L,期街口布蘭特正2,21,0,21,第一金-台中,2023-09-06,5382
00888,永豐台灣ESG,21,0,21,第一金-台中,2023-09-06,5382
2497,怡利電,21,0,21,第一金-台中,2023-09-06,5382
2392,正崴,20,0,20,第一金-台中,2023-09-06,5382
8210,勤誠,23,3,20,第一金-台中,2023-09-06,5382
2884,玉山金,18,0,18,第一金-台中,2023-09-06,5382
2367,燿華,18,0,18,第一金-台中,2023-09-06,5382
8996,高力,18,1,17,第一金-台中,2023-09-06,5382
00712,復華富時不動產,16,0,16,第一金-台中,2023-09-06,5382
00674R,期元大S＆P黃金反1,16,0,16,第一金-台中,2023-09-06,5382
1802,台玻,19,3,16,第一金-台中,2023-09-06,5382
3325,旭品,18,2,16,第一金-台中,2023-09-06,5382
6285,啟��,27,12,15,第一金-台中,2023-09-06,5382
2618,長榮航,18,3,15,第一金-台中,2023-09-06,5382
5471,松翰,20,5,15,第一金-台中,2023-09-06,5382
4906,正文,61,47,14,第一金-台中,2023-09-06,5382
6274,台燿,34,20,14,第一金-台中,2023-09-06,5382
1101,台泥,33,19,14,第一金-台中,2023-09-06,5382
2201,裕隆,14,2,12,第一金-台中,2023-09-06,5382
2610,華航,12,0,12,第一金-台中,2023-09-06,5382
5410,國眾,21,9,12,第一金-台中,2023-09-06,5382
6165,浪凡,12,0,12,第一金-台中,2023-09-06,5382
00753L,中信中國50正2,11,0,11,第一金-台中,2023-09-06,5382
00900,富邦特選高股息30,10,0,10,第一金-台中,2023-09-06,5382
2436,偉詮電,20,10,10,第一金-台中,2023-09-06,5382
2929,淘帝-KY,10,0,10,第一金-台中,2023-09-06,5382
3557,嘉威,10,0,10,第一金-台中,2023-09-06,5382
00907,永豐優息存股,9,0,9,第一金-台中,2023-09-06,5382
2208,台船,9,0,9,第一金-台中,2023-09-06,5382
3483,力致,16,7,9,第一金-台中,2023-09-06,5382
6147,頎邦,9,0,9,第一金-台中,2023-09-06,5382
1810,和成,8,0,8,第一金-台中,2023-09-06,5382
1731,美吾華,7,0,7,第一金-台中,2023-09-06,5382
2312,金寶,7,0,7,第一金-台中,2023-09-06,5382
2409,友達,21,14,7,第一金-台中,2023-09-06,5382
2812,台中銀,7,0,7,第一金-台中,2023-09-06,5382
2867,三商壽,7,0,7,第一金-台中,2023-09-06,5382
3025,星通,7,0,7,第一金-台中,2023-09-06,5382
3163,波若威,14,7,7,第一金-台中,2023-09-06,5382
4977,眾達-KY,10,3,7,第一金-台中,2023-09-06,5382
3362,先進光,10,3,7,第一金-台中,2023-09-06,5382
3715,定穎投控,31,25,6,第一金-台中,2023-09-06,5382
00923,群益台ESG低碳50,6,0,6,第一金-台中,2023-09-06,5382
00919,群益台灣精選高息,124,4,120,第一金-台中,2023-09-07,5382
2371,大同,108,3,105,第一金-台中,2023-09-07,5382
3617,碩天,98,38,60,第一金-台中,2023-09-07,5382
00929,復華台灣科技優息,162,104,58,第一金-台中,2023-09-07,5382
00878,國泰永續高股息,58,5,53,第一金-台中,2023-09-07,5382
2641,正德,40,1,39,第一金-台中,2023-09-07,5382
00753L,中信中國50正2,22,0,22,第一金-台中,2023-09-07,5382
4977,眾達-KY,43,23,20,第一金-台中,2023-09-07,5382
00923,群益台ESG低碳50,20,0,20,第一金-台中,2023-09-07,5382
3005,神基,21,1,20,第一金-台中,2023-09-07,5382
3363,上詮,23,3,20,第一金-台中,2023-09-07,5382
1802,台玻,16,0,16,第一金-台中,2023-09-07,5382
3481,群創,17,3,14,第一金-台中,2023-09-07,5382
2497,怡利電,25,12,13,第一金-台中,2023-09-07,5382
00918,大華優利高填息30,12,0,12,第一金-台中,2023-09-07,5382
5225,東科-KY,14,2,12,第一金-台中,2023-09-07,5382
2485,兆赫,36,25,11,第一金-台中,2023-09-07,5382
3033,威健,11,0,11,第一金-台中,2023-09-07,5382
2409,友達,22,12,10,第一金-台中,2023-09-07,5382
5608,四維航,10,0,10,第一金-台中,2023-09-07,5382
6205,詮欣,10,0,10,第一金-台中,2023-09-07,5382
8150,南茂,10,0,10,第一金-台中,2023-09-07,5382
2884,玉山金,9,0,9,第一金-台中,2023-09-07,5382
2610,華航,9,0,9,第一金-台中,2023-09-07,5382
2618,長榮航,9,0,9,第一金-台中,2023-09-07,5382
4934,太極,15,6,9,第一金-台中,2023-09-07,5382
5410,國眾,9,0,9,第一金-台中,2023-09-07,5382
8935,邦泰,9,0,9,第一金-台中,2023-09-07,5382
8112,至上,30,21,9,第一金-台中,2023-09-07,5382
1524,耿鼎,14,6,8,第一金-台中,2023-09-07,5382
2413,環科,8,0,8,第一金-台中,2023-09-07,5382
2027,大成鋼,7,0,7,第一金-台中,2023-09-07,5382
2436,偉詮電,29,22,7,第一金-台中,2023-09-07,5382
2449,京元電子,19,12,7,第一金-台中,2023-09-07,5382
3311,閎暉,7,0,7,第一金-台中,2023-09-07,5382
6245,立端,8,1,7,第一金-台中,2023-09-07,5382
0056,元大高股息,8,1,7,第一金-台中,2023-09-07,5382
00712,復華富時不動產,13,7,6,第一金-台中,2023-09-07,5382
00915,凱基優選高股息30,6,0,6,第一金-台中,2023-09-07,5382
00902,中信電池及儲能,6,0,6,第一金-台中,2023-09-07,5382
1314,中石化,7,1,6,第一金-台中,2023-09-07,5382
5206,坤悅,6,0,6,第一金-台中,2023-09-07,5382
2880,華南金,6,0,6,第一金-台中,2023-09-07,5382
6438,迅得,10,4,6,第一金-台中,2023-09-07,5382
4147,中裕,5,0,5,第一金-台中,2023-09-07,5382
2369,菱生,5,0,5,第一金-台中,2023-09-07,5382
2851,中再保,5,0,5,第一金-台中,2023-09-07,5382
3691,碩禾,7,2,5,第一金-台中,2023-09-07,5382
6170,統振,5,0,5,第一金-台中,2023-09-07,5382
6442,光聖,5,0,5,第一金-台中,2023-09-07,5382
2317,鴻海,756,2,754,第一金-台中,2023-09-08,5382
00919,群益台灣精選高息,161,0,161,第一金-台中,2023-09-08,5382
6165,浪凡,69,2,67,第一金-台中,2023-09-08,5382
1471,首利,62,2,60,第一金-台中,2023-09-08,5382
00712,復華富時不動產,40,0,40,第一金-台中,2023-09-08,5382
00929,復華台灣科技優息,145,107,38,第一金-台中,2023-09-08,5382
5410,國眾,43,12,31,第一金-台中,2023-09-08,5382
4977,眾達-KY,30,0,30,第一金-台中,2023-09-08,5382
4953,緯軟,30,2,28,第一金-台中,2023-09-08,5382
5531,鄉林,27,0,27,第一金-台中,2023-09-08,5382
2851,中再保,25,0,25,第一金-台中,2023-09-08,5382
00932,兆豐永續高息等權,24,0,24,第一金-台中,2023-09-08,5382
1616,億泰,24,0,24,第一金-台中,2023-09-08,5382
1909,榮成,24,1,23,第一金-台中,2023-09-08,5382
00753L,中信中國50正2,20,0,20,第一金-台中,2023-09-08,5382
3552,同致,20,0,20,第一金-台中,2023-09-08,5382
4934,太極,22,2,20,第一金-台中,2023-09-08,5382
6451,訊芯-KY,20,0,20,第一金-台中,2023-09-08,5382
2630,亞航,48,29,19,第一金-台中,2023-09-08,5382
3014,聯陽,22,3,19,第一金-台中,2023-09-08,5382
3035,智原,32,15,17,第一金-台中,2023-09-08,5382
6271,同欣電,17,0,17,第一金-台中,2023-09-08,5382
3339,泰谷,16,0,16,第一金-台中,2023-09-08,5382
00922,國泰台灣領袖50,15,0,15,第一金-台中,2023-09-08,5382
3479,安勤,16,1,15,第一金-台中,2023-09-08,5382
2330,台積電,16,1,15,第一金-台中,2023-09-08,5382
3715,定穎投控,43,29,14,第一金-台中,2023-09-08,5382
3704,合勤控,24,11,13,第一金-台中,2023-09-08,5382
3406,玉晶光,48,36,12,第一金-台中,2023-09-08,5382
5206,坤悅,16,4,12,第一金-台中,2023-09-08,5382
6757,台灣虎航,12,0,12,第一金-台中,2023-09-08,5382
5880,合庫金,11,0,11,第一金-台中,2023-09-08,5382
2884,玉山金,10,0,10,第一金-台中,2023-09-08,5382
3231,緯創,21,11,10,第一金-台中,2023-09-08,5382
2354,鴻準,10,0,10,第一金-台中,2023-09-08,5382
2362,藍天,10,0,10,第一金-台中,2023-09-08,5382
4945,陞達科技,10,0,10,第一金-台中,2023-09-08,5382
5608,四維航,10,0,10,第一金-台中,2023-09-08,5382
6265,方土昶,10,0,10,第一金-台中,2023-09-08,5382
2301,光寶科,16,6,10,第一金-台中,2023-09-08,5382
2313,華通,22,13,9,第一金-台中,2023-09-08,5382
6703,軒郁,9,0,9,第一金-台中,2023-09-08,5382
2356,英業達,12,4,8,第一金-台中,2023-09-08,5382
00931B,統一美債20年,8,0,8,第一金-台中,2023-09-08,5382
00902,中信電池及儲能,8,0,8,第一金-台中,2023-09-08,5382
3006,晶豪科,8,0,8,第一金-台中,2023-09-08,5382
4931,新盛力,8,0,8,第一金-台中,2023-09-08,5382
5225,東科-KY,8,0,8,第一金-台中,2023-09-08,5382
2615,萬海,10,3,7,第一金-台中,2023-09-08,5382
2324,仁寶,6,0,6,第一金-台中,2023-09-08,5382
2317,鴻海,502,4,498,第一金-台中,2023-09-11,5382
00929,復華台灣科技優息,215,8,207,第一金-台中,2023-09-11,5382
2618,長榮航,145,90,55,第一金-台中,2023-09-11,5382
00919,群益台灣精選高息,59,5,54,第一金-台中,2023-09-11,5382
3545,敦泰,48,5,43,第一金-台中,2023-09-11,5382
6165,浪凡,43,1,42,第一金-台中,2023-09-11,5382
2382,廣達,51,13,38,第一金-台中,2023-09-11,5382
2405,輔信,89,53,36,第一金-台中,2023-09-11,5382
2208,台船,33,0,33,第一金-台中,2023-09-11,5382
0056,元大高股息,37,4,33,第一金-台中,2023-09-11,5382
5531,鄉林,30,0,30,第一金-台中,2023-09-11,5382
1802,台玻,40,14,26,第一金-台中,2023-09-11,5382
00918,大華優利高填息30,24,0,24,第一金-台中,2023-09-11,5382
6757,台灣虎航,46,22,24,第一金-台中,2023-09-11,5382
5410,國眾,23,0,23,第一金-台中,2023-09-11,5382
6271,同欣電,21,0,21,第一金-台中,2023-09-11,5382
3209,全科,20,0,20,第一金-台中,2023-09-11,5382
3567,逸昌,20,0,20,第一金-台中,2023-09-11,5382
3017,奇鋐,33,14,19,第一金-台中,2023-09-11,5382
5227,立凱-KY,18,1,17,第一金-台中,2023-09-11,5382
8996,高力,16,0,16,第一金-台中,2023-09-11,5382
00915,凱基優選高股息30,16,1,15,第一金-台中,2023-09-11,5382
00751B,元大AAA至A公司債,15,0,15,第一金-台中,2023-09-11,5382
3042,晶技,15,0,15,第一金-台中,2023-09-11,5382
6152,百一,16,3,13,第一金-台中,2023-09-11,5382
8112,至上,17,4,13,第一金-台中,2023-09-11,5382
2834,臺企銀,11,0,11,第一金-台中,2023-09-11,5382
2312,金寶,11,0,11,第一金-台中,2023-09-11,5382
2605,新興,10,0,10,第一金-台中,2023-09-11,5382
2356,英業達,32,22,10,第一金-台中,2023-09-11,5382
4945,陞達科技,10,0,10,第一金-台中,2023-09-11,5382
00679B,元大美債20年,9,0,9,第一金-台中,2023-09-11,5382
2313,華通,17,8,9,第一金-台中,2023-09-11,5382
8016,矽創,20,11,9,第一金-台中,2023-09-11,5382
2376,技嘉,16,8,8,第一金-台中,2023-09-11,5382
2329,華泰,11,3,8,第一金-台中,2023-09-11,5382
1522,堤維西,9,1,8,第一金-台中,2023-09-11,5382
2337,旺宏,10,2,8,第一金-台中,2023-09-11,5382
2838,聯邦銀,8,0,8,第一金-台中,2023-09-11,5382
2867,三商壽,10,2,8,第一金-台中,2023-09-11,5382
5465,富驊,8,0,8,第一金-台中,2023-09-11,5382
00932,兆豐永續高息等權,7,0,7,第一金-台中,2023-09-11,5382
6643,M31,7,0,7,第一金-台中,2023-09-11,5382
00900,富邦特選高股息30,7,0,7,第一金-台中,2023-09-11,5382
2368,金像電,43,36,7,第一金-台中,2023-09-11,5382
1905,華紙,7,0,7,第一金-台中,2023-09-11,5382
2388,威盛,27,20,7,第一金-台中,2023-09-11,5382
2440,太空梭,7,0,7,第一金-台中,2023-09-11,5382
2455,全新,8,1,7,第一金-台中,2023-09-11,5382
3260,威剛,14,7,7,第一金-台中,2023-09-11,5382
2313,華通,175,64,111,第一金-台中,2023-09-12,5382
4908,前鼎,100,0,100,第一金-台中,2023-09-12,5382
1522,堤維西,145,88,57,第一金-台中,2023-09-12,5382
5439,高技,51,0,51,第一金-台中,2023-09-12,5382
00931B,統一美債20年,50,0,50,第一金-台中,2023-09-12,5382
2356,英業達,56,6,50,第一金-台中,2023-09-12,5382
00679B,元大美債20年,55,8,47,第一金-台中,2023-09-12,5382
00878,國泰永續高股息,60,14,46,第一金-台中,2023-09-12,5382
2208,台船,36,0,36,第一金-台中,2023-09-12,5382
3264,欣銓,39,11,28,第一金-台中,2023-09-12,5382
2363,矽統,153,128,25,第一金-台中,2023-09-12,5382
3035,智原,50,27,23,第一金-台中,2023-09-12,5382
6282,康舒,28,6,22,第一金-台中,2023-09-12,5382
4915,致伸,21,1,20,第一金-台中,2023-09-12,5382
8033,雷虎,20,0,20,第一金-台中,2023-09-12,5382
2867,三商壽,17,0,17,第一金-台中,2023-09-12,5382
00919,群益台灣精選高息,17,1,16,第一金-台中,2023-09-12,5382
2405,輔信,51,35,16,第一金-台中,2023-09-12,5382
2417,圓剛,15,0,15,第一金-台中,2023-09-12,5382
5531,鄉林,15,0,15,第一金-台中,2023-09-12,5382
00712,復華富時不動產,17,2,15,第一金-台中,2023-09-12,5382
2385,群光,14,0,14,第一金-台中,2023-09-12,5382
2618,長榮航,24,11,13,第一金-台中,2023-09-12,5382
00918,大華優利高填息30,12,0,12,第一金-台中,2023-09-12,5382
2409,友達,11,0,11,第一金-台中,2023-09-12,5382
6245,立端,11,0,11,第一金-台中,2023-09-12,5382
1810,和成,10,0,10,第一金-台中,2023-09-12,5382
3588,通嘉,11,2,9,第一金-台中,2023-09-12,5382
1319,東陽,73,65,8,第一金-台中,2023-09-12,5382
6152,百一,10,2,8,第一金-台中,2023-09-12,5382
6219,富旺,71,63,8,第一金-台中,2023-09-12,5382
00902,中信電池及儲能,7,0,7,第一金-台中,2023-09-12,5382
2457,飛宏,9,2,7,第一金-台中,2023-09-12,5382
6491,晶碩,8,1,7,第一金-台中,2023-09-12,5382
00885,富邦越南,7,0,7,第一金-台中,2023-09-12,5382
1795,美時,6,0,6,第一金-台中,2023-09-12,5382
3362,先進光,8,2,6,第一金-台中,2023-09-12,5382
8112,至上,15,9,6,第一金-台中,2023-09-12,5382
2331,精英,7,1,6,第一金-台中,2023-09-12,5382
2002,中鋼,6,0,6,第一金-台中,2023-09-12,5382
2377,微星,6,0,6,第一金-台中,2023-09-12,5382
4564,元翎,6,0,6,第一金-台中,2023-09-12,5382
3017,奇鋐,9,3,6,第一金-台中,2023-09-12,5382
6284,佳邦,6,0,6,第一金-台中,2023-09-12,5382
2402,毅嘉,5,0,5,第一金-台中,2023-09-12,5382
2324,仁寶,5,0,5,第一金-台中,2023-09-12,5382
3209,全科,5,0,5,第一金-台中,2023-09-12,5382
4123,晟德,5,0,5,第一金-台中,2023-09-12,5382
4933,友輝,5,0,5,第一金-台中,2023-09-12,5382
4934,太極,5,0,5,第一金-台中,2023-09-12,5382
00929,復華台灣科技優息,80,1,79,第一金-台中,2023-09-13,5382
3363,上詮,99,39,60,第一金-台中,2023-09-13,5382
00919,群益台灣精選高息,54,0,54,第一金-台中,2023-09-13,5382
2497,怡利電,61,9,52,第一金-台中,2023-09-13,5382
1789,神隆,40,0,40,第一金-台中,2023-09-13,5382
00715L,期街口布蘭特正2,35,0,35,第一金-台中,2023-09-13,5382
00931B,統一美債20年,32,0,32,第一金-台中,2023-09-13,5382
00918,大華優利高填息30,29,0,29,第一金-台中,2023-09-13,5382
8048,德勝,30,2,28,第一金-台中,2023-09-13,5382
3005,神基,28,6,22,第一金-台中,2023-09-13,5382
4105,東洋,22,0,22,第一金-台中,2023-09-13,5382
1304,台聚,20,0,20,第一金-台中,2023-09-13,5382
1809,中釉,19,0,19,第一金-台中,2023-09-13,5382
2538,基泰,19,0,19,第一金-台中,2023-09-13,5382
00902,中信電池及儲能,17,0,17,第一金-台中,2023-09-13,5382
00712,復華富時不動產,15,0,15,第一金-台中,2023-09-13,5382
2387,精元,20,5,15,第一金-台中,2023-09-13,5382
1524,耿鼎,126,113,13,第一金-台中,2023-09-13,5382
3548,兆利,16,4,12,第一金-台中,2023-09-13,5382
3324,雙鴻,12,0,12,第一金-台中,2023-09-13,5382
2025,千興,11,0,11,第一金-台中,2023-09-13,5382
4739,康普,12,1,11,第一金-台中,2023-09-13,5382
1305,華夏,10,0,10,第一金-台中,2023-09-13,5382
2530,華建,10,0,10,第一金-台中,2023-09-13,5382
3706,神達,15,5,10,第一金-台中,2023-09-13,5382
6109,亞元,10,0,10,第一金-台中,2023-09-13,5382
6225,天瀚,10,0,10,第一金-台中,2023-09-13,5382
6732,昇佳電子,10,0,10,第一金-台中,2023-09-13,5382
2385,群光,10,1,9,第一金-台中,2023-09-13,5382
8905,裕國,8,0,8,第一金-台中,2023-09-13,5382
2363,矽統,69,63,6,第一金-台中,2023-09-13,5382
3481,群創,6,0,6,第一金-台中,2023-09-13,5382
2376,技嘉,13,7,6,第一金-台中,2023-09-13,5382
3583,辛耘,6,0,6,第一金-台中,2023-09-13,5382
2344,華邦電,6,0,6,第一金-台中,2023-09-13,5382
2417,圓剛,23,17,6,第一金-台中,2023-09-13,5382
2449,京元電子,8,2,6,第一金-台中,2023-09-13,5382
2409,友達,5,0,5,第一金-台中,2023-09-13,5382
1521,大億,5,0,5,第一金-台中,2023-09-13,5382
2332,友訊,5,0,5,第一金-台中,2023-09-13,5382
2705,六福,5,0,5,第一金-台中,2023-09-13,5382
5488,松普,5,0,5,第一金-台中,2023-09-13,5382
8996,高力,5,0,5,第一金-台中,2023-09-13,5382
00679B,元大美債20年,4,0,4,第一金-台中,2023-09-13,5382
2540,愛山林,4,0,4,第一金-台中,2023-09-13,5382
00720B,元大投資級公司債,4,0,4,第一金-台中,2023-09-13,5382
00673R,期元大S＆P原油反1,4,0,4,第一金-台中,2023-09-13,5382
2633,台灣高鐵,4,0,4,第一金-台中,2023-09-13,5382
3494,誠研,4,0,4,第一金-台中,2023-09-13,5382
5425,台半,4,0,4,第一金-台中,2023-09-13,5382
2317,鴻海,501,0,501,第一金-台中,2023-09-14,5382
00929,復華台灣科技優息,273,29,244,第一金-台中,2023-09-14,5382
00680L,元大美債20正2,192,0,192,第一金-台中,2023-09-14,5382
6605,帝寶,90,0,90,第一金-台中,2023-09-14,5382
00918,大華優利高填息30,61,0,61,第一金-台中,2023-09-14,5382
00919,群益台灣精選高息,59,0,59,第一金-台中,2023-09-14,5382
1789,神隆,40,0,40,第一金-台中,2023-09-14,5382
2388,威盛,44,4,40,第一金-台中,2023-09-14,5382
2408,南亞科,31,2,29,第一金-台中,2023-09-14,5382
3163,波若威,36,10,26,第一金-台中,2023-09-14,5382
1414,東和,21,0,21,第一金-台中,2023-09-14,5382
6235,華孚,22,2,20,第一金-台中,2023-09-14,5382
2358,廷鑫,20,0,20,第一金-台中,2023-09-14,5382
8210,勤誠,24,5,19,第一金-台中,2023-09-14,5382
00712,復華富時不動產,18,0,18,第一金-台中,2023-09-14,5382
5258,虹堡,20,2,18,第一金-台中,2023-09-14,5382
3704,合勤控,34,18,16,第一金-台中,2023-09-14,5382
5531,鄉林,16,0,16,第一金-台中,2023-09-14,5382
2371,大同,22,8,14,第一金-台中,2023-09-14,5382
3324,雙鴻,34,21,13,第一金-台中,2023-09-14,5382
3081,聯亞,16,4,12,第一金-台中,2023-09-14,5382
5426,振發,12,0,12,第一金-台中,2023-09-14,5382
00885,富邦越南,12,1,11,第一金-台中,2023-09-14,5382
00882,中信中國高股息,11,0,11,第一金-台中,2023-09-14,5382
1711,永光,10,0,10,第一金-台中,2023-09-14,5382
2014,中鴻,10,0,10,第一金-台中,2023-09-14,5382
2367,燿華,10,0,10,第一金-台中,2023-09-14,5382
2392,正崴,10,0,10,第一金-台中,2023-09-14,5382
2497,怡利電,11,1,10,第一金-台中,2023-09-14,5382
2538,基泰,10,0,10,第一金-台中,2023-09-14,5382
2612,中航,15,5,10,第一金-台中,2023-09-14,5382
6231,系微,10,0,10,第一金-台中,2023-09-14,5382
2376,技嘉,31,21,10,第一金-台中,2023-09-14,5382
3264,欣銓,16,7,9,第一金-台中,2023-09-14,5382
3308,聯德,13,4,9,第一金-台中,2023-09-14,5382
8112,至上,11,2,9,第一金-台中,2023-09-14,5382
00662,富邦NASDAQ,8,0,8,第一金-台中,2023-09-14,5382
00679B,元大美債20年,8,0,8,第一金-台中,2023-09-14,5382
2851,中再保,8,0,8,第一金-台中,2023-09-14,5382
6226,光鼎,8,0,8,第一金-台中,2023-09-14,5382
4979,華星光,17,10,7,第一金-台中,2023-09-14,5382
2204,中華,7,0,7,第一金-台中,2023-09-14,5382
2637,慧洋-KY,15,8,7,第一金-台中,2023-09-14,5382
3149,正達,10,3,7,第一金-台中,2023-09-14,5382
00902,中信電池及儲能,6,0,6,第一金-台中,2023-09-14,5382
1416,廣豐,6,0,6,第一金-台中,2023-09-14,5382
2462,良得電,6,0,6,第一金-台中,2023-09-14,5382
2485,兆赫,12,6,6,第一金-台中,2023-09-14,5382
3338,泰碩,24,18,6,第一金-台中,2023-09-14,5382
4906,正文,38,32,6,第一金-台中,2023-09-14,5382
00929,復華台灣科技優息,378,26,352,第一金-台中,2023-09-15,5382
00753L,中信中國50正2,220,0,220,第一金-台中,2023-09-15,5382
2371,大同,102,22,80,第一金-台中,2023-09-15,5382
00931B,統一美債20年,64,0,64,第一金-台中,2023-09-15,5382
2388,威盛,74,33,41,第一金-台中,2023-09-15,5382
6126,信音,33,1,32,第一金-台中,2023-09-15,5382
1802,台玻,31,0,31,第一金-台中,2023-09-15,5382
00738U,期元大道瓊白銀,30,0,30,第一金-台中,2023-09-15,5382
2486,一詮,31,7,24,第一金-台中,2023-09-15,5382
3035,智原,46,22,24,第一金-台中,2023-09-15,5382
1471,首利,23,0,23,第一金-台中,2023-09-15,5382
2014,中鴻,23,0,23,第一金-台中,2023-09-15,5382
6274,台燿,61,38,23,第一金-台中,2023-09-15,5382
5609,中菲行,22,0,22,第一金-台中,2023-09-15,5382
3704,合勤控,60,39,21,第一金-台中,2023-09-15,5382
1514,亞力,20,0,20,第一金-台中,2023-09-15,5382
2538,基泰,20,0,20,第一金-台中,2023-09-15,5382
3715,定穎投控,64,45,19,第一金-台中,2023-09-15,5382
2317,鴻海,18,0,18,第一金-台中,2023-09-15,5382
6120,達運,18,0,18,第一金-台中,2023-09-15,5382
2603,長榮,48,31,17,第一金-台中,2023-09-15,5382
2028,威致,15,0,15,第一金-台中,2023-09-15,5382
2530,華建,15,0,15,第一金-台中,2023-09-15,5382
1810,和成,14,0,14,第一金-台中,2023-09-15,5382
8358,金居,27,14,13,第一金-台中,2023-09-15,5382
5410,國眾,24,12,12,第一金-台中,2023-09-15,5382
6223,旺矽,11,0,11,第一金-台中,2023-09-15,5382
2027,大成鋼,11,0,11,第一金-台中,2023-09-15,5382
00680L,元大美債20正2,10,0,10,第一金-台中,2023-09-15,5382
1324,地球,10,0,10,第一金-台中,2023-09-15,5382
2323,中環,10,0,10,第一金-台中,2023-09-15,5382
2358,廷鑫,10,0,10,第一金-台中,2023-09-15,5382
2636,台驊控股,10,0,10,第一金-台中,2023-09-15,5382
8299,群聯,11,1,10,第一金-台中,2023-09-15,5382
2355,敬鵬,20,11,9,第一金-台中,2023-09-15,5382
2615,萬海,35,27,8,第一金-台中,2023-09-15,5382
3706,神達,8,0,8,第一金-台中,2023-09-15,5382
2002,中鋼,8,0,8,第一金-台中,2023-09-15,5382
2324,仁寶,7,0,7,第一金-台中,2023-09-15,5382
2204,中華,7,0,7,第一金-台中,2023-09-15,5382
2867,三商壽,7,0,7,第一金-台中,2023-09-15,5382
6257,矽格,8,1,7,第一金-台中,2023-09-15,5382
2206,三陽工業,8,1,7,第一金-台中,2023-09-15,5382
2497,怡利電,7,1,6,第一金-台中,2023-09-15,5382
8112,至上,8,2,6,第一金-台中,2023-09-15,5382
00712,復華富時不動產,6,0,6,第一金-台中,2023-09-15,5382
2485,兆赫,7,1,6,第一金-台中,2023-09-15,5382
3339,泰谷,6,0,6,第一金-台中,2023-09-15,5382
4977,眾達-KY,13,7,6,第一金-台中,2023-09-15,5382
00885,富邦越南,5,0,5,第一金-台中,2023-09-15,5382
00919,群益台灣精選高息,183,13,170,第一金-台中,2023-09-18,5382
2367,燿華,254,145,109,第一金-台中,2023-09-18,5382
00931B,統一美債20年,40,0,40,第一金-台中,2023-09-18,5382
00929,復華台灣科技優息,192,152,40,第一金-台中,2023-09-18,5382
00751B,元大AAA至A公司債,39,0,39,第一金-台中,2023-09-18,5382
1522,堤維西,81,43,38,第一金-台中,2023-09-18,5382
00878,國泰永續高股息,38,3,35,第一金-台中,2023-09-18,5382
6274,台燿,33,3,30,第一金-台中,2023-09-18,5382
00915,凱基優選高股息30,26,0,26,第一金-台中,2023-09-18,5382
3163,波若威,38,12,26,第一金-台中,2023-09-18,5382
2014,中鴻,20,0,20,第一金-台中,2023-09-18,5382
2355,敬鵬,29,10,19,第一金-台中,2023-09-18,5382
5388,中磊,20,1,19,第一金-台中,2023-09-18,5382
5371,中光電,49,31,18,第一金-台中,2023-09-18,5382
2382,廣達,20,4,16,第一金-台中,2023-09-18,5382
00712,復華富時不動產,14,0,14,第一金-台中,2023-09-18,5382
6404,通訊-KY,13,0,13,第一金-台中,2023-09-18,5382
2363,矽統,74,63,11,第一金-台中,2023-09-18,5382
00680L,元大美債20正2,10,0,10,第一金-台中,2023-09-18,5382
00722B,群益投資級電信債,10,0,10,第一金-台中,2023-09-18,5382
6605,帝寶,10,0,10,第一金-台中,2023-09-18,5382
3017,奇鋐,13,4,9,第一金-台中,2023-09-18,5382
2530,華建,9,0,9,第一金-台中,2023-09-18,5382
2897A,王道銀甲特,9,0,9,第一金-台中,2023-09-18,5382
2379,瑞昱,9,0,9,第一金-台中,2023-09-18,5382
3231,緯創,13,5,8,第一金-台中,2023-09-18,5382
00921,兆豐龍頭等權重,8,0,8,第一金-台中,2023-09-18,5382
2305,全友,7,0,7,第一金-台中,2023-09-18,5382
3042,晶技,9,2,7,第一金-台中,2023-09-18,5382
3260,威剛,7,0,7,第一金-台中,2023-09-18,5382
00713,元大台灣高息低波,6,0,6,第一金-台中,2023-09-18,5382
2834,臺企銀,6,0,6,第一金-台中,2023-09-18,5382
2402,毅嘉,6,0,6,第一金-台中,2023-09-18,5382
1618,合機,6,0,6,第一金-台中,2023-09-18,5382
2436,偉詮電,8,2,6,第一金-台中,2023-09-18,5382
1101,台泥,7,1,6,第一金-台中,2023-09-18,5382
2330,台積電,5,0,5,第一金-台中,2023-09-18,5382
4979,華星光,6,1,5,第一金-台中,2023-09-18,5382
00795B,中信美國公債20年,5,0,5,第一金-台中,2023-09-18,5382
00673R,期元大S＆P原油反1,5,0,5,第一金-台中,2023-09-18,5382
1609,大亞,5,0,5,第一金-台中,2023-09-18,5382
2353,宏��,5,0,5,第一金-台中,2023-09-18,5382
2405,輔信,5,0,5,第一金-台中,2023-09-18,5382
2617,台航,5,0,5,第一金-台中,2023-09-18,5382
4934,太極,5,0,5,第一金-台中,2023-09-18,5382
6457,紘康,5,0,5,第一金-台中,2023-09-18,5382
6668,中揚光,5,0,5,第一金-台中,2023-09-18,5382
9927,泰銘,5,0,5,第一金-台中,2023-09-18,5382
3035,智原,22,18,4,第一金-台中,2023-09-18,5382
2301,光寶科,5,1,4,第一金-台中,2023-09-18,5382
5381,合正,181,0,181,第一金-台中,2023-09-19,5382
1815,富喬,193,13,180,第一金-台中,2023-09-19,5382
2915,潤泰全,117,0,117,第一金-台中,2023-09-19,5382
2634,漢翔,57,1,56,第一金-台中,2023-09-19,5382
3265,台星科,57,2,55,第一金-台中,2023-09-19,5382
8044,網家,36,0,36,第一金-台中,2023-09-19,5382
2313,華通,90,56,34,第一金-台中,2023-09-19,5382
00919,群益台灣精選高息,36,2,34,第一金-台中,2023-09-19,5382
00931B,統一美債20年,33,0,33,第一金-台中,2023-09-19,5382
3005,神基,54,21,33,第一金-台中,2023-09-19,5382
00902,中信電池及儲能,30,0,30,第一金-台中,2023-09-19,5382
5410,國眾,20,0,20,第一金-台中,2023-09-19,5382
6153,嘉聯益,22,3,19,第一金-台中,2023-09-19,5382
3017,奇鋐,22,3,19,第一金-台中,2023-09-19,5382
3035,智原,35,16,19,第一金-台中,2023-09-19,5382
3406,玉晶光,19,1,18,第一金-台中,2023-09-19,5382
2376,技嘉,25,10,15,第一金-台中,2023-09-19,5382
3450,聯鈞,20,6,14,第一金-台中,2023-09-19,5382
2337,旺宏,13,0,13,第一金-台中,2023-09-19,5382
2363,矽統,121,110,11,第一金-台中,2023-09-19,5382
3231,緯創,33,22,11,第一金-台中,2023-09-19,5382
0056,元大高股息,10,0,10,第一金-台中,2023-09-19,5382
00921,兆豐龍頭等權重,10,0,10,第一金-台中,2023-09-19,5382
3325,旭品,11,1,10,第一金-台中,2023-09-19,5382
2382,廣達,21,11,10,第一金-台中,2023-09-19,5382
2402,毅嘉,10,1,9,第一金-台中,2023-09-19,5382
3081,聯亞,13,4,9,第一金-台中,2023-09-19,5382
6285,啟��,12,4,8,第一金-台中,2023-09-19,5382
3324,雙鴻,16,8,8,第一金-台中,2023-09-19,5382
1785,光洋科,8,0,8,第一金-台中,2023-09-19,5382
5608,四維航,20,12,8,第一金-台中,2023-09-19,5382
00712,復華富時不動產,7,0,7,第一金-台中,2023-09-19,5382
1605,華新,10,3,7,第一金-台中,2023-09-19,5382
2105,正新,10,3,7,第一金-台中,2023-09-19,5382
2405,輔信,7,0,7,第一金-台中,2023-09-19,5382
00878,國泰永續高股息,19,12,7,第一金-台中,2023-09-19,5382
2002,中鋼,12,6,6,第一金-台中,2023-09-19,5382
2303,聯電,6,0,6,第一金-台中,2023-09-19,5382
3701,大眾控,6,0,6,第一金-台中,2023-09-19,5382
6404,通訊-KY,6,0,6,第一金-台中,2023-09-19,5382
2330,台積電,7,1,6,第一金-台中,2023-09-19,5382
2356,英業達,15,10,5,第一金-台中,2023-09-19,5382
1312,國喬,5,0,5,第一金-台中,2023-09-19,5382
3033,威健,5,0,5,第一金-台中,2023-09-19,5382
3260,威剛,5,0,5,第一金-台中,2023-09-19,5382
5531,鄉林,5,0,5,第一金-台中,2023-09-19,5382
3036,文曄,5,1,4,第一金-台中,2023-09-19,5382
3715,定穎投控,36,32,4,第一金-台中,2023-09-19,5382
2368,金像電,15,11,4,第一金-台中,2023-09-19,5382
2206,三陽工業,26,22,4,第一金-台中,2023-09-19,5382
1316,上曜,463,0,463,第一金-台中,2023-09-20,5382
2915,潤泰全,373,0,373,第一金-台中,2023-09-20,5382
00929,復華台灣科技優息,375,63,312,第一金-台中,2023-09-20,5382
6271,同欣電,350,90,260,第一金-台中,2023-09-20,5382
00919,群益台灣精選高息,92,1,91,第一金-台中,2023-09-20,5382
2485,兆赫,42,0,42,第一金-台中,2023-09-20,5382
2025,千興,30,0,30,第一金-台中,2023-09-20,5382
2606,裕民,31,1,30,第一金-台中,2023-09-20,5382
5608,四維航,43,19,24,第一金-台中,2023-09-20,5382
5880,合庫金,24,0,24,第一金-台中,2023-09-20,5382
00902,中信電池及儲能,21,0,21,第一金-台中,2023-09-20,5382
3081,聯亞,21,0,21,第一金-台中,2023-09-20,5382
2313,華通,74,55,19,第一金-台中,2023-09-20,5382
8088,品安,44,25,19,第一金-台中,2023-09-20,5382
00679B,元大美債20年,28,10,18,第一金-台中,2023-09-20,5382
1605,華新,21,6,15,第一金-台中,2023-09-20,5382
6515,穎崴,13,2,11,第一金-台中,2023-09-20,5382
2880,華南金,11,0,11,第一金-台中,2023-09-20,5382
3481,群創,67,56,11,第一金-台中,2023-09-20,5382
2612,中航,11,0,11,第一金-台中,2023-09-20,5382
00878,國泰永續高股息,14,4,10,第一金-台中,2023-09-20,5382
00712,復華富時不動產,10,0,10,第一金-台中,2023-09-20,5382
00673R,期元大S＆P原油反1,10,0,10,第一金-台中,2023-09-20,5382
6120,達運,10,0,10,第一金-台中,2023-09-20,5382
6404,通訊-KY,10,0,10,第一金-台中,2023-09-20,5382
2537,聯上發,8,0,8,第一金-台中,2023-09-20,5382
2330,台積電,7,0,7,第一金-台中,2023-09-20,5382
2332,友訊,7,0,7,第一金-台中,2023-09-20,5382
3450,聯鈞,17,10,7,第一金-台中,2023-09-20,5382
1795,美時,10,4,6,第一金-台中,2023-09-20,5382
2002,中鋼,6,0,6,第一金-台中,2023-09-20,5382
3703,欣陸,6,0,6,第一金-台中,2023-09-20,5382
00931B,統一美債20年,5,0,5,第一金-台中,2023-09-20,5382
2449,京元電子,9,4,5,第一金-台中,2023-09-20,5382
2329,華泰,5,0,5,第一金-台中,2023-09-20,5382
1312,國喬,5,0,5,第一金-台中,2023-09-20,5382
1584,精剛,30,25,5,第一金-台中,2023-09-20,5382
2317,鴻海,5,0,5,第一金-台中,2023-09-20,5382
2352,佳世達,6,1,5,第一金-台中,2023-09-20,5382
2371,大同,6,1,5,第一金-台中,2023-09-20,5382
2387,精元,5,0,5,第一金-台中,2023-09-20,5382
2425,承啟,7,2,5,第一金-台中,2023-09-20,5382
2617,台航,5,0,5,第一金-台中,2023-09-20,5382
3019,亞光,5,0,5,第一金-台中,2023-09-20,5382
4906,正文,5,0,5,第一金-台中,2023-09-20,5382
4919,新唐,5,0,5,第一金-台中,2023-09-20,5382
5531,鄉林,5,0,5,第一金-台中,2023-09-20,5382
6227,茂綸,5,0,5,第一金-台中,2023-09-20,5382
6282,康舒,8,3,5,第一金-台中,2023-09-20,5382
1319,東陽,75,70,5,第一金-台中,2023-09-20,5382
2801,彰銀,255,0,255,第一金-台中,2023-09-21,5382
2388,威盛,207,2,205,第一金-台中,2023-09-21,5382
00929,復華台灣科技優息,142,15,127,第一金-台中,2023-09-21,5382
00679B,元大美債20年,85,0,85,第一金-台中,2023-09-21,5382
6168,宏齊,51,2,49,第一金-台中,2023-09-21,5382
2495,普安,36,0,36,第一金-台中,2023-09-21,5382
2892,第一金,32,2,30,第一金-台中,2023-09-21,5382
6531,愛普*,52,25,27,第一金-台中,2023-09-21,5382
2367,燿華,36,10,26,第一金-台中,2023-09-21,5382
2313,華通,42,19,23,第一金-台中,2023-09-21,5382
0056,元大高股息,21,0,21,第一金-台中,2023-09-21,5382
00919,群益台灣精選高息,29,8,21,第一金-台中,2023-09-21,5382
5410,國眾,20,0,20,第一金-台中,2023-09-21,5382
2417,圓剛,30,10,20,第一金-台中,2023-09-21,5382
1584,精剛,50,32,18,第一金-台中,2023-09-21,5382
2317,鴻海,17,0,17,第一金-台中,2023-09-21,5382
1802,台玻,17,0,17,第一金-台中,2023-09-21,5382
2891,中信金,15,0,15,第一金-台中,2023-09-21,5382
1731,美吾華,16,2,14,第一金-台中,2023-09-21,5382
1101,台泥,18,5,13,第一金-台中,2023-09-21,5382
2834,臺企銀,12,0,12,第一金-台中,2023-09-21,5382
2618,長榮航,171,159,12,第一金-台中,2023-09-21,5382
5608,四維航,27,15,12,第一金-台中,2023-09-21,5382
3035,智原,23,12,11,第一金-台中,2023-09-21,5382
00902,中信電池及儲能,11,0,11,第一金-台中,2023-09-21,5382
1809,中釉,12,1,11,第一金-台中,2023-09-21,5382
00922,國泰台灣領袖50,10,0,10,第一金-台中,2023-09-21,5382
3019,亞光,10,0,10,第一金-台中,2023-09-21,5382
6284,佳邦,10,0,10,第一金-台中,2023-09-21,5382
6806,森崴能源,10,0,10,第一金-台中,2023-09-21,5382
2882,國泰金,9,0,9,第一金-台中,2023-09-21,5382
00713,元大台灣高息低波,9,0,9,第一金-台中,2023-09-21,5382
2634,漢翔,11,2,9,第一金-台中,2023-09-21,5382
2886,兆豐金,10,2,8,第一金-台中,2023-09-21,5382
2204,中華,8,0,8,第一金-台中,2023-09-21,5382
2330,台積電,11,3,8,第一金-台中,2023-09-21,5382
2002,中鋼,7,0,7,第一金-台中,2023-09-21,5382
2376,技嘉,44,37,7,第一金-台中,2023-09-21,5382
2887,台新金,7,0,7,第一金-台中,2023-09-21,5382
3706,神達,7,0,7,第一金-台中,2023-09-21,5382
4138,曜亞,7,0,7,第一金-台中,2023-09-21,5382
5880,合庫金,6,0,6,第一金-台中,2023-09-21,5382
2610,華航,76,70,6,第一金-台中,2023-09-21,5382
2812,台中銀,5,0,5,第一金-台中,2023-09-21,5382
2337,旺宏,5,0,5,第一金-台中,2023-09-21,5382
1216,統一,5,0,5,第一金-台中,2023-09-21,5382
2880,華南金,5,0,5,第一金-台中,2023-09-21,5382
00680L,元大美債20正2,5,0,5,第一金-台中,2023-09-21,5382
00665L,富邦�琤肭磪囓�2,115,110,5,第一金-台中,2023-09-21,5382
00930,永豐ESG低碳高息,5,0,5,第一金-台中,2023-09-21,5382
2317,鴻海,258,0,258,第一金-台中,2023-09-22,5382
00680L,元大美債20正2,202,0,202,第一金-台中,2023-09-22,5382
2915,潤泰全,145,0,145,第一金-台中,2023-09-22,5382
00929,復華台灣科技優息,97,10,87,第一金-台中,2023-09-22,5382
00687B,國泰20年美債,66,0,66,第一金-台中,2023-09-22,5382
00885,富邦越南,64,0,64,第一金-台中,2023-09-22,5382
00679B,元大美債20年,56,2,54,第一金-台中,2023-09-22,5382
00751B,元大AAA至A公司債,52,0,52,第一金-台中,2023-09-22,5382
00931B,統一美債20年,45,0,45,第一金-台中,2023-09-22,5382
3035,智原,53,19,34,第一金-台中,2023-09-22,5382
00712,復華富時不動產,44,11,33,第一金-台中,2023-09-22,5382
3338,泰碩,37,6,31,第一金-台中,2023-09-22,5382
00772B,中信高評級公司債,30,0,30,第一金-台中,2023-09-22,5382
1909,榮成,30,0,30,第一金-台中,2023-09-22,5382
2354,鴻準,33,11,22,第一金-台中,2023-09-22,5382
2316,楠梓電,40,18,22,第一金-台中,2023-09-22,5382
2014,中鴻,21,0,21,第一金-台中,2023-09-22,5382
3017,奇鋐,36,16,20,第一金-台中,2023-09-22,5382
2881,富邦金,20,1,19,第一金-台中,2023-09-22,5382
2633,台灣高鐵,20,1,19,第一金-台中,2023-09-22,5382
1101,台泥,17,0,17,第一金-台中,2023-09-22,5382
8210,勤誠,23,6,17,第一金-台中,2023-09-22,5382
2634,漢翔,15,1,14,第一金-台中,2023-09-22,5382
1444,力麗,15,1,14,第一金-台中,2023-09-22,5382
3324,雙鴻,19,7,12,第一金-台中,2023-09-22,5382
6404,通訊-KY,12,0,12,第一金-台中,2023-09-22,5382
2417,圓剛,11,0,11,第一金-台中,2023-09-22,5382
6168,宏齊,21,10,11,第一金-台中,2023-09-22,5382
2834,臺企銀,11,0,11,第一金-台中,2023-09-22,5382
00919,群益台灣精選高息,32,22,10,第一金-台中,2023-09-22,5382
00891,中信關鍵半導體,10,0,10,第一金-台中,2023-09-22,5382
00671R,富邦NASDAQ反1,10,0,10,第一金-台中,2023-09-22,5382
2605,新興,20,10,10,第一金-台中,2023-09-22,5382
3264,欣銓,11,1,10,第一金-台中,2023-09-22,5382
4934,太極,10,0,10,第一金-台中,2023-09-22,5382
4977,眾達-KY,15,6,9,第一金-台中,2023-09-22,5382
2330,台積電,10,1,9,第一金-台中,2023-09-22,5382
00715L,期街口布蘭特正2,8,0,8,第一金-台中,2023-09-22,5382
2615,萬海,8,0,8,第一金-台中,2023-09-22,5382
00900,富邦特選高股息30,7,0,7,第一金-台中,2023-09-22,5382
2606,裕民,7,0,7,第一金-台中,2023-09-22,5382
2201,裕隆,9,3,6,第一金-台中,2023-09-22,5382
2208,台船,6,0,6,第一金-台中,2023-09-22,5382
2401,凌陽,7,1,6,第一金-台中,2023-09-22,5382
2468,華經,6,0,6,第一金-台中,2023-09-22,5382
2497,怡利電,6,0,6,第一金-台中,2023-09-22,5382
3257,虹冠電,6,0,6,第一金-台中,2023-09-22,5382
3694,海華,7,1,6,第一金-台中,2023-09-22,5382
6190,萬泰科,6,0,6,第一金-台中,2023-09-22,5382
6285,啟��,6,0,6,第一金-台中,2023-09-22,5382
00919,群益台灣精選高息,227,1,226,第一金-台中,2023-09-25,5382
6415,矽力*-KY,86,1,85,第一金-台中,2023-09-25,5382
00687B,國泰20年美債,50,0,50,第一金-台中,2023-09-25,5382
4906,正文,50,4,46,第一金-台中,2023-09-25,5382
6274,台燿,77,34,43,第一金-台中,2023-09-25,5382
2618,長榮航,39,4,35,第一金-台中,2023-09-25,5382
00885,富邦越南,34,0,34,第一金-台中,2023-09-25,5382
3035,智原,68,43,25,第一金-台中,2023-09-25,5382
00929,復華台灣科技優息,30,5,25,第一金-台中,2023-09-25,5382
1101,台泥,23,0,23,第一金-台中,2023-09-25,5382
3078,僑威,20,0,20,第一金-台中,2023-09-25,5382
3481,群創,20,0,20,第一金-台中,2023-09-25,5382
00902,中信電池及儲能,18,0,18,第一金-台中,2023-09-25,5382
3149,正達,18,0,18,第一金-台中,2023-09-25,5382
3339,泰谷,17,0,17,第一金-台中,2023-09-25,5382
2025,千興,12,0,12,第一金-台中,2023-09-25,5382
2317,鴻海,12,0,12,第一金-台中,2023-09-25,5382
5258,虹堡,14,2,12,第一金-台中,2023-09-25,5382
3596,智易,11,0,11,第一金-台中,2023-09-25,5382
00679B,元大美債20年,10,0,10,第一金-台中,2023-09-25,5382
2882,國泰金,10,0,10,第一金-台中,2023-09-25,5382
3483,力致,10,0,10,第一金-台中,2023-09-25,5382
5410,國眾,10,0,10,第一金-台中,2023-09-25,5382
2412,中華電,9,0,9,第一金-台中,2023-09-25,5382
2881,富邦金,8,0,8,第一金-台中,2023-09-25,5382
00712,復華富時不動產,8,0,8,第一金-台中,2023-09-25,5382
4908,前鼎,10,2,8,第一金-台中,2023-09-25,5382
6491,晶碩,10,2,8,第一金-台中,2023-09-25,5382
2313,華通,34,27,7,第一金-台中,2023-09-25,5382
2867,三商壽,7,0,7,第一金-台中,2023-09-25,5382
6404,通訊-KY,7,0,7,第一金-台中,2023-09-25,5382
6527,明達醫,7,0,7,第一金-台中,2023-09-25,5382
9950,萬國通,7,0,7,第一金-台中,2023-09-25,5382
4147,中裕,6,0,6,第一金-台中,2023-09-25,5382
1584,精剛,13,7,6,第一金-台中,2023-09-25,5382
1314,中石化,5,0,5,第一金-台中,2023-09-25,5382
2409,友達,5,0,5,第一金-台中,2023-09-25,5382
3581,博磊,5,0,5,第一金-台中,2023-09-25,5382
4104,佳醫,5,0,5,第一金-台中,2023-09-25,5382
6806,森崴能源,5,0,5,第一金-台中,2023-09-25,5382
8299,群聯,7,2,5,第一金-台中,2023-09-25,5382
6472,保瑞,6,1,5,第一金-台中,2023-09-25,5382
0056,元大高股息,8,4,4,第一金-台中,2023-09-25,5382
2402,毅嘉,12,8,4,第一金-台中,2023-09-25,5382
00932,兆豐永續高息等權,4,0,4,第一金-台中,2023-09-25,5382
1504,東元,6,2,4,第一金-台中,2023-09-25,5382
1808,潤隆,4,0,4,第一金-台中,2023-09-25,5382
2105,正新,4,0,4,第一金-台中,2023-09-25,5382
2417,圓剛,4,0,4,第一金-台中,2023-09-25,5382
2426,鼎元,4,0,4,第一金-台中,2023-09-25,5382
9945,潤泰新,802,5,797,第一金-台中,2023-09-26,5382
2388,威盛,109,7,102,第一金-台中,2023-09-26,5382
00772B,中信高評級公司債,46,0,46,第一金-台中,2023-09-26,5382
2208,台船,42,0,42,第一金-台中,2023-09-26,5382
2538,基泰,30,0,30,第一金-台中,2023-09-26,5382
2371,大同,29,1,28,第一金-台中,2023-09-26,5382
00679B,元大美債20年,25,0,25,第一金-台中,2023-09-26,5382
2882,國泰金,23,0,23,第一金-台中,2023-09-26,5382
4919,新唐,20,0,20,第一金-台中,2023-09-26,5382
00712,復華富時不動產,25,5,20,第一金-台中,2023-09-26,5382
2515,中工,20,0,20,第一金-台中,2023-09-26,5382
00751B,元大AAA至A公司債,19,0,19,第一金-台中,2023-09-26,5382
00919,群益台灣精選高息,19,0,19,第一金-台中,2023-09-26,5382
00725B,國泰投資級公司債,18,0,18,第一金-台中,2023-09-26,5382
1522,堤維西,24,6,18,第一金-台中,2023-09-26,5382
00720B,元大投資級公司債,17,0,17,第一金-台中,2023-09-26,5382
1802,台玻,16,0,16,第一金-台中,2023-09-26,5382
3715,定穎投控,66,51,15,第一金-台中,2023-09-26,5382
3481,群創,15,0,15,第一金-台中,2023-09-26,5382
2317,鴻海,15,0,15,第一金-台中,2023-09-26,5382
1101,台泥,14,0,14,第一金-台中,2023-09-26,5382
3338,泰碩,26,12,14,第一金-台中,2023-09-26,5382
00687B,國泰20年美債,13,0,13,第一金-台中,2023-09-26,5382
1909,榮成,13,0,13,第一金-台中,2023-09-26,5382
3122,笙泉,23,12,11,第一金-台中,2023-09-26,5382
2618,長榮航,11,0,11,第一金-台中,2023-09-26,5382
1519,華城,11,1,10,第一金-台中,2023-09-26,5382
2303,聯電,10,0,10,第一金-台中,2023-09-26,5382
00673R,期元大S＆P原油反1,10,0,10,第一金-台中,2023-09-26,5382
00722B,群益投資級電信債,10,0,10,第一金-台中,2023-09-26,5382
2312,金寶,10,0,10,第一金-台中,2023-09-26,5382
2329,華泰,11,1,10,第一金-台中,2023-09-26,5382
2834,臺企銀,10,0,10,第一金-台中,2023-09-26,5382
2880,華南金,10,0,10,第一金-台中,2023-09-26,5382
3019,亞光,10,0,10,第一金-台中,2023-09-26,5382
3043,科風,10,0,10,第一金-台中,2023-09-26,5382
5475,德宏,10,0,10,第一金-台中,2023-09-26,5382
6026,福邦證,10,0,10,第一金-台中,2023-09-26,5382
6186,新潤,10,0,10,第一金-台中,2023-09-26,5382
00878,國泰永續高股息,21,13,8,第一金-台中,2023-09-26,5382
3706,神達,8,0,8,第一金-台中,2023-09-26,5382
2002,中鋼,7,0,7,第一金-台中,2023-09-26,5382
1810,和成,7,0,7,第一金-台中,2023-09-26,5382
2614,東森,15,8,7,第一金-台中,2023-09-26,5382
6530,創威,13,6,7,第一金-台中,2023-09-26,5382
2812,台中銀,6,0,6,第一金-台中,2023-09-26,5382
1504,東元,6,0,6,第一金-台中,2023-09-26,5382
2468,華經,6,0,6,第一金-台中,2023-09-26,5382
1608,華榮,5,0,5,第一金-台中,2023-09-26,5382
2330,台積電,7,2,5,第一金-台中,2023-09-26,5382
9945,潤泰新,747,307,440,第一金-台中,2023-09-27,5382
00751B,元大AAA至A公司債,43,0,43,第一金-台中,2023-09-27,5382
3548,兆利,32,5,27,第一金-台中,2023-09-27,5382
9103,美德醫療-DR,25,0,25,第一金-台中,2023-09-27,5382
00712,復華富時不動產,223,201,22,第一金-台中,2023-09-27,5382
2002,中鋼,23,3,20,第一金-台中,2023-09-27,5382
2834,臺企銀,20,0,20,第一金-台中,2023-09-27,5382
3374,精材,20,0,20,第一金-台中,2023-09-27,5382
2363,矽統,33,15,18,第一金-台中,2023-09-27,5382
6533,晶心科,18,0,18,第一金-台中,2023-09-27,5382
1618,合機,45,28,17,第一金-台中,2023-09-27,5382
6271,同欣電,15,0,15,第一金-台中,2023-09-27,5382
1101,台泥,15,1,14,第一金-台中,2023-09-27,5382
8420,明揚,18,6,12,第一金-台中,2023-09-27,5382
2388,威盛,14,2,12,第一金-台中,2023-09-27,5382
1414,東和,11,0,11,第一金-台中,2023-09-27,5382
3105,穩懋,10,0,10,第一金-台中,2023-09-27,5382
00673R,期元大S＆P原油反1,10,0,10,第一金-台中,2023-09-27,5382
00877,復華中國5G,10,0,10,第一金-台中,2023-09-27,5382
01010T,京城樂富R1,10,0,10,第一金-台中,2023-09-27,5382
5608,四維航,15,5,10,第一金-台中,2023-09-27,5382
6792,詠業,10,0,10,第一金-台中,2023-09-27,5382
00679B,元大美債20年,9,0,9,第一金-台中,2023-09-27,5382
2882,國泰金,10,1,9,第一金-台中,2023-09-27,5382
3231,緯創,14,5,9,第一金-台中,2023-09-27,5382
00929,復華台灣科技優息,66,57,9,第一金-台中,2023-09-27,5382
00706L,期元大S＆P日圓正2,8,0,8,第一金-台中,2023-09-27,5382
00932,兆豐永續高息等權,8,0,8,第一金-台中,2023-09-27,5382
6757,台灣虎航,7,0,7,第一金-台中,2023-09-27,5382
1471,首利,9,3,6,第一金-台中,2023-09-27,5382
3163,波若威,48,42,6,第一金-台中,2023-09-27,5382
9921,巨大,6,0,6,第一金-台中,2023-09-27,5382
00878,國泰永續高股息,8,2,6,第一金-台中,2023-09-27,5382
00632R,元大台灣50反1,5,0,5,第一金-台中,2023-09-27,5382
2211,長榮鋼,5,0,5,第一金-台中,2023-09-27,5382
5410,國眾,18,13,5,第一金-台中,2023-09-27,5382
8076,伍豐,5,0,5,第一金-台中,2023-09-27,5382
2885,元大金,5,1,4,第一金-台中,2023-09-27,5382
00923,群益台ESG低碳50,4,0,4,第一金-台中,2023-09-27,5382
3450,聯鈞,18,14,4,第一金-台中,2023-09-27,5382
8112,至上,7,3,4,第一金-台中,2023-09-27,5382
2892,第一金,3,0,3,第一金-台中,2023-09-27,5382
2337,旺宏,3,0,3,第一金-台中,2023-09-27,5382
00631L,元大台灣50正2,3,0,3,第一金-台中,2023-09-27,5382
00715L,期街口布蘭特正2,3,0,3,第一金-台中,2023-09-27,5382
00892,富邦台灣半導體,3,0,3,第一金-台中,2023-09-27,5382
00915,凱基優選高股息30,3,0,3,第一金-台中,2023-09-27,5382
2328,廣宇,3,0,3,第一金-台中,2023-09-27,5382
2505,國揚,3,0,3,第一金-台中,2023-09-27,5382
2637,慧洋-KY,7,4,3,第一金-台中,2023-09-27,5382
00929,復華台灣科技優息,226,5,221,第一金-台中,2023-09-28,5382
2883,凱基金,140,4,136,第一金-台中,2023-09-28,5382
00712,復華富時不動產,110,0,110,第一金-台中,2023-09-28,5382
2017,官田鋼,102,5,97,第一金-台中,2023-09-28,5382
00919,群益台灣精選高息,63,1,62,第一金-台中,2023-09-28,5382
6117,迎廣,60,3,57,第一金-台中,2023-09-28,5382
00679B,元大美債20年,47,9,38,第一金-台中,2023-09-28,5382
3032,偉訓,55,19,36,第一金-台中,2023-09-28,5382
00706L,期元大S＆P日圓正2,30,0,30,第一金-台中,2023-09-28,5382
1909,榮成,30,0,30,第一金-台中,2023-09-28,5382
00878,國泰永續高股息,27,0,27,第一金-台中,2023-09-28,5382
9103,美德醫療-DR,25,0,25,第一金-台中,2023-09-28,5382
1560,中砂,37,16,21,第一金-台中,2023-09-28,5382
2002,中鋼,25,5,20,第一金-台中,2023-09-28,5382
3042,晶技,20,0,20,第一金-台中,2023-09-28,5382
1471,首利,36,19,17,第一金-台中,2023-09-28,5382
1414,東和,15,0,15,第一金-台中,2023-09-28,5382
2344,華邦電,15,0,15,第一金-台中,2023-09-28,5382
00673R,期元大S＆P原油反1,14,0,14,第一金-台中,2023-09-28,5382
6226,光鼎,13,0,13,第一金-台中,2023-09-28,5382
2421,建準,17,6,11,第一金-台中,2023-09-28,5382
6405,悅城,11,0,11,第一金-台中,2023-09-28,5382
3105,穩懋,10,0,10,第一金-台中,2023-09-28,5382
00632R,元大台灣50反1,10,0,10,第一金-台中,2023-09-28,5382
4768,晶呈科技,10,0,10,第一金-台中,2023-09-28,5382
6703,軒郁,10,0,10,第一金-台中,2023-09-28,5382
8227,巨有科技,10,0,10,第一金-台中,2023-09-28,5382
00687B,國泰20年美債,9,0,9,第一金-台中,2023-09-28,5382
6712,長聖,10,1,9,第一金-台中,2023-09-28,5382
6125,廣運,19,11,8,第一金-台中,2023-09-28,5382
3324,雙鴻,12,4,8,第一金-台中,2023-09-28,5382
9927,泰銘,7,0,7,第一金-台中,2023-09-28,5382
8255,朋程,7,1,6,第一金-台中,2023-09-28,5382
3231,緯創,38,32,6,第一金-台中,2023-09-28,5382
6122,擎邦,11,5,6,第一金-台中,2023-09-28,5382
2303,聯電,6,0,6,第一金-台中,2023-09-28,5382
6139,亞翔,14,8,6,第一金-台中,2023-09-28,5382
00931B,統一美債20年,5,0,5,第一金-台中,2023-09-28,5382
2355,敬鵬,5,0,5,第一金-台中,2023-09-28,5382
2377,微星,6,1,5,第一金-台中,2023-09-28,5382
2408,南亞科,5,0,5,第一金-台中,2023-09-28,5382
2609,陽明,5,0,5,第一金-台中,2023-09-28,5382
2887,台新金,5,0,5,第一金-台中,2023-09-28,5382
6418,詠昇,8,3,5,第一金-台中,2023-09-28,5382
8112,至上,5,0,5,第一金-台中,2023-09-28,5382
4707,磐亞,5,0,5,第一金-台中,2023-09-28,5382
00751B,元大AAA至A公司債,4,0,4,第一金-台中,2023-09-28,5382
3149,正達,4,0,4,第一金-台中,2023-09-28,5382
8088,品安,4,0,4,第一金-台中,2023-09-28,5382
2356,英業達,23,20,3,第一金-台中,2023-09-28,5382
1909,榮成,201,0,201,第一金-台中,2023-10-02,5382
1815,富喬,264,84,180,第一金-台中,2023-10-02,5382
3483,力致,65,3,62,第一金-台中,2023-10-02,5382
1414,東和,46,0,46,第一金-台中,2023-10-02,5382
3617,碩天,40,0,40,第一金-台中,2023-10-02,5382
2356,英業達,61,24,37,第一金-台中,2023-10-02,5382
2355,敬鵬,39,3,36,第一金-台中,2023-10-02,5382
2363,矽統,53,26,27,第一金-台中,2023-10-02,5382
3231,緯創,96,71,25,第一金-台中,2023-10-02,5382
3081,聯亞,25,2,23,第一金-台中,2023-10-02,5382
5410,國眾,24,2,22,第一金-台中,2023-10-02,5382
6219,富旺,85,63,22,第一金-台中,2023-10-02,5382
00708L,期元大S＆P黃金正2,21,0,21,第一金-台中,2023-10-02,5382
3044,健鼎,20,4,16,第一金-台中,2023-10-02,5382
3548,兆利,21,5,16,第一金-台中,2023-10-02,5382
9950,萬國通,15,0,15,第一金-台中,2023-10-02,5382
3715,定穎投控,65,51,14,第一金-台中,2023-10-02,5382
00919,群益台灣精選高息,27,13,14,第一金-台中,2023-10-02,5382
00931B,統一美債20年,13,0,13,第一金-台中,2023-10-02,5382
2405,輔信,21,9,12,第一金-台中,2023-10-02,5382
2633,台灣高鐵,11,0,11,第一金-台中,2023-10-02,5382
00795B,中信美國公債20年,11,0,11,第一金-台中,2023-10-02,5382
2324,仁寶,11,0,11,第一金-台中,2023-10-02,5382
2486,一詮,20,9,11,第一金-台中,2023-10-02,5382
3666,光耀,11,0,11,第一金-台中,2023-10-02,5382
4768,晶呈科技,11,0,11,第一金-台中,2023-10-02,5382
6271,同欣電,11,0,11,第一金-台中,2023-10-02,5382
2376,技嘉,31,20,11,第一金-台中,2023-10-02,5382
2605,新興,10,0,10,第一金-台中,2023-10-02,5382
2002,中鋼,12,2,10,第一金-台中,2023-10-02,5382
00772B,中信高評級公司債,12,2,10,第一金-台中,2023-10-02,5382
4944,兆遠,10,0,10,第一金-台中,2023-10-02,5382
9802,鈺齊-KY,10,0,10,第一金-台中,2023-10-02,5382
8046,南電,10,1,9,第一金-台中,2023-10-02,5382
00687B,國泰20年美債,9,0,9,第一金-台中,2023-10-02,5382
00632R,元大台灣50反1,9,0,9,第一金-台中,2023-10-02,5382
1618,合機,12,3,9,第一金-台中,2023-10-02,5382
2401,凌陽,9,0,9,第一金-台中,2023-10-02,5382
3264,欣銓,10,2,8,第一金-台中,2023-10-02,5382
2303,聯電,10,2,8,第一金-台中,2023-10-02,5382
2641,正德,9,1,8,第一金-台中,2023-10-02,5382
4979,華星光,19,11,8,第一金-台中,2023-10-02,5382
6257,矽格,10,2,8,第一金-台中,2023-10-02,5382
2417,圓剛,10,3,7,第一金-台中,2023-10-02,5382
3450,聯鈞,38,31,7,第一金-台中,2023-10-02,5382
6274,台燿,57,50,7,第一金-台中,2023-10-02,5382
00679B,元大美債20年,6,0,6,第一金-台中,2023-10-02,5382
1905,華紙,6,0,6,第一金-台中,2023-10-02,5382
2327,國巨,6,0,6,第一金-台中,2023-10-02,5382
2331,精英,6,0,6,第一金-台中,2023-10-02,5382
2317,鴻海,302,0,302,第一金-台中,2023-10-03,5382
00680L,元大美債20正2,192,0,192,第一金-台中,2023-10-03,5382
5880,合庫金,171,1,170,第一金-台中,2023-10-03,5382
00712,復華富時不動產,87,0,87,第一金-台中,2023-10-03,5382
00929,復華台灣科技優息,72,1,71,第一金-台中,2023-10-03,5382
00679B,元大美債20年,71,5,66,第一金-台中,2023-10-03,5382
00720B,元大投資級公司債,50,0,50,第一金-台中,2023-10-03,5382
00753L,中信中國50正2,42,0,42,第一金-台中,2023-10-03,5382
00919,群益台灣精選高息,36,1,35,第一金-台中,2023-10-03,5382
3481,群創,32,0,32,第一金-台中,2023-10-03,5382
6442,光聖,31,0,31,第一金-台中,2023-10-03,5382
3231,緯創,37,12,25,第一金-台中,2023-10-03,5382
2356,英業達,28,6,22,第一金-台中,2023-10-03,5382
3033,威健,20,0,20,第一金-台中,2023-10-03,5382
6282,康舒,19,3,16,第一金-台中,2023-10-03,5382
2409,友達,58,43,15,第一金-台中,2023-10-03,5382
3081,聯亞,18,3,15,第一金-台中,2023-10-03,5382
00882,中信中國高股息,14,0,14,第一金-台中,2023-10-03,5382
1609,大亞,13,2,11,第一金-台中,2023-10-03,5382
2329,華泰,20,10,10,第一金-台中,2023-10-03,5382
3041,揚智,11,1,10,第一金-台中,2023-10-03,5382
00888,永豐台灣ESG,9,0,9,第一金-台中,2023-10-03,5382
4944,兆遠,9,0,9,第一金-台中,2023-10-03,5382
3005,神基,8,0,8,第一金-台中,2023-10-03,5382
3163,波若威,32,24,8,第一金-台中,2023-10-03,5382
3693,營邦,11,3,8,第一金-台中,2023-10-03,5382
4908,前鼎,38,30,8,第一金-台中,2023-10-03,5382
3035,智原,15,8,7,第一金-台中,2023-10-03,5382
1504,東元,9,2,7,第一金-台中,2023-10-03,5382
2405,輔信,7,0,7,第一金-台中,2023-10-03,5382
8358,金居,52,45,7,第一金-台中,2023-10-03,5382
2402,毅嘉,11,4,7,第一金-台中,2023-10-03,5382
00922,國泰台灣領袖50,6,0,6,第一金-台中,2023-10-03,5382
1409,新纖,6,0,6,第一金-台中,2023-10-03,5382
2344,華邦電,8,2,6,第一金-台中,2023-10-03,5382
2427,三商電,7,1,6,第一金-台中,2023-10-03,5382
2449,京元電子,6,0,6,第一金-台中,2023-10-03,5382
4543,萬在,15,9,6,第一金-台中,2023-10-03,5382
8034,榮群,10,4,6,第一金-台中,2023-10-03,5382
8234,新漢,6,0,6,第一金-台中,2023-10-03,5382
3450,聯鈞,64,59,5,第一金-台中,2023-10-03,5382
2891,中信金,5,0,5,第一金-台中,2023-10-03,5382
2388,威盛,13,8,5,第一金-台中,2023-10-03,5382
2605,新興,5,0,5,第一金-台中,2023-10-03,5382
2867,三商壽,5,0,5,第一金-台中,2023-10-03,5382
3013,晟銘電,6,1,5,第一金-台中,2023-10-03,5382
3276,宇環,5,0,5,第一金-台中,2023-10-03,5382
3338,泰碩,7,2,5,第一金-台中,2023-10-03,5382
3715,定穎投控,59,54,5,第一金-台中,2023-10-03,5382
4510,高鋒,6,1,5,第一金-台中,2023-10-03,5382
00680L,元大美債20正2,192,0,192,第一金-台中,2023-10-04,5382
00712,復華富時不動產,105,0,105,第一金-台中,2023-10-04,5382
1710,東聯,100,0,100,第一金-台中,2023-10-04,5382
1909,榮成,94,0,94,第一金-台中,2023-10-04,5382
3094,聯傑,86,3,83,第一金-台中,2023-10-04,5382
00720B,元大投資級公司債,76,0,76,第一金-台中,2023-10-04,5382
00878,國泰永續高股息,79,10,69,第一金-台中,2023-10-04,5382
6288,聯嘉,92,29,63,第一金-台中,2023-10-04,5382
00929,復華台灣科技優息,41,7,34,第一金-台中,2023-10-04,5382
00893,國泰智能電動車,30,0,30,第一金-台中,2023-10-04,5382
2409,友達,44,15,29,第一金-台中,2023-10-04,5382
2317,鴻海,37,11,26,第一金-台中,2023-10-04,5382
2891,中信金,22,0,22,第一金-台中,2023-10-04,5382
2002,中鋼,25,3,22,第一金-台中,2023-10-04,5382
00679B,元大美債20年,21,0,21,第一金-台中,2023-10-04,5382
1789,神隆,20,0,20,第一金-台中,2023-10-04,5382
2417,圓剛,52,34,18,第一金-台中,2023-10-04,5382
2344,華邦電,16,0,16,第一金-台中,2023-10-04,5382
0056,元大高股息,16,0,16,第一金-台中,2023-10-04,5382
2834,臺企銀,15,0,15,第一金-台中,2023-10-04,5382
2884,玉山金,14,0,14,第一金-台中,2023-10-04,5382
2886,兆豐金,14,0,14,第一金-台中,2023-10-04,5382
2892,第一金,14,0,14,第一金-台中,2023-10-04,5382
2882,國泰金,13,0,13,第一金-台中,2023-10-04,5382
3231,緯創,32,19,13,第一金-台中,2023-10-04,5382
00919,群益台灣精選高息,13,0,13,第一金-台中,2023-10-04,5382
2363,矽統,53,42,11,第一金-台中,2023-10-04,5382
00885,富邦越南,10,0,10,第一金-台中,2023-10-04,5382
2461,光群雷,10,0,10,第一金-台中,2023-10-04,5382
2618,長榮航,126,116,10,第一金-台中,2023-10-04,5382
2201,裕隆,9,0,9,第一金-台中,2023-10-04,5382
00922,國泰台灣領袖50,9,0,9,第一金-台中,2023-10-04,5382
6237,驊訊,9,0,9,第一金-台中,2023-10-04,5382
3081,聯亞,12,4,8,第一金-台中,2023-10-04,5382
3260,威剛,17,9,8,第一金-台中,2023-10-04,5382
6719,力智,9,1,8,第一金-台中,2023-10-04,5382
00902,中信電池及儲能,7,0,7,第一金-台中,2023-10-04,5382
00772B,中信高評級公司債,7,0,7,第一金-台中,2023-10-04,5382
00687B,國泰20年美債,6,0,6,第一金-台中,2023-10-04,5382
2303,聯電,8,2,6,第一金-台中,2023-10-04,5382
3035,智原,20,14,6,第一金-台中,2023-10-04,5382
2382,廣達,22,16,6,第一金-台中,2023-10-04,5382
2498,宏達電,6,0,6,第一金-台中,2023-10-04,5382
2537,聯上發,6,0,6,第一金-台中,2023-10-04,5382
3276,宇環,7,1,6,第一金-台中,2023-10-04,5382
5371,中光電,7,1,6,第一金-台中,2023-10-04,5382
00795B,中信美國公債20年,5,0,5,第一金-台中,2023-10-04,5382
00882,中信中國高股息,5,0,5,第一金-台中,2023-10-04,5382
2427,三商電,17,12,5,第一金-台中,2023-10-04,5382
6186,新潤,5,0,5,第一金-台中,2023-10-04,5382
1909,榮成,56,0,56,第一金-台中,2023-10-05,5382
2888,新光金,54,0,54,第一金-台中,2023-10-05,5382
2417,圓剛,99,47,52,第一金-台中,2023-10-05,5382
00712,復華富時不動產,97,50,47,第一金-台中,2023-10-05,5382
4906,正文,35,0,35,第一金-台中,2023-10-05,5382
2911,麗嬰房,31,0,31,第一金-台中,2023-10-05,5382
6288,聯嘉,26,2,24,第一金-台中,2023-10-05,5382
3576,聯合再生,20,0,20,第一金-台中,2023-10-05,5382
1101,台泥,20,1,19,第一金-台中,2023-10-05,5382
2834,臺企銀,20,3,17,第一金-台中,2023-10-05,5382
6122,擎邦,22,6,16,第一金-台中,2023-10-05,5382
00706L,期元大S＆P日圓正2,15,0,15,第一金-台中,2023-10-05,5382
2313,華通,16,1,15,第一金-台中,2023-10-05,5382
2498,宏達電,17,5,12,第一金-台中,2023-10-05,5382
2427,三商電,11,0,11,第一金-台中,2023-10-05,5382
3450,聯鈞,64,54,10,第一金-台中,2023-10-05,5382
6684,安格,11,1,10,第一金-台中,2023-10-05,5382
3231,緯創,32,22,10,第一金-台中,2023-10-05,5382
3005,神基,9,0,9,第一金-台中,2023-10-05,5382
6274,台燿,11,2,9,第一金-台中,2023-10-05,5382
00673R,期元大S＆P原油反1,8,0,8,第一金-台中,2023-10-05,5382
2211,長榮鋼,8,0,8,第一金-台中,2023-10-05,5382
3709,鑫聯大投控,8,0,8,第一金-台中,2023-10-05,5382
3715,定穎投控,103,95,8,第一金-台中,2023-10-05,5382
4908,前鼎,15,7,8,第一金-台中,2023-10-05,5382
00715L,期街口布蘭特正2,7,0,7,第一金-台中,2023-10-05,5382
3044,健鼎,9,2,7,第一金-台中,2023-10-05,5382
2025,千興,6,0,6,第一金-台中,2023-10-05,5382
3363,上詮,42,36,6,第一金-台中,2023-10-05,5382
6237,驊訊,6,0,6,第一金-台中,2023-10-05,5382
00679B,元大美債20年,5,0,5,第一金-台中,2023-10-05,5382
00680L,元大美債20正2,25,20,5,第一金-台中,2023-10-05,5382
00919,群益台灣精選高息,5,0,5,第一金-台中,2023-10-05,5382
2385,群光,5,0,5,第一金-台中,2023-10-05,5382
2485,兆赫,5,0,5,第一金-台中,2023-10-05,5382
2501,國建,5,0,5,第一金-台中,2023-10-05,5382
2867,三商壽,5,0,5,第一金-台中,2023-10-05,5382
3325,旭品,12,7,5,第一金-台中,2023-10-05,5382
4744,皇將,11,6,5,第一金-台中,2023-10-05,5382
6120,達運,5,0,5,第一金-台中,2023-10-05,5382
6213,聯茂,12,7,5,第一金-台中,2023-10-05,5382
8930,青鋼,5,0,5,第一金-台中,2023-10-05,5382
1514,亞力,11,7,4,第一金-台中,2023-10-05,5382
2201,裕隆,4,0,4,第一金-台中,2023-10-05,5382
1402,遠東新,4,0,4,第一金-台中,2023-10-05,5382
2314,台揚,4,0,4,第一金-台中,2023-10-05,5382
2329,華泰,6,2,4,第一金-台中,2023-10-05,5382
2516,新建,4,0,4,第一金-台中,2023-10-05,5382
3006,晶豪科,11,7,4,第一金-台中,2023-10-05,5382
3545,敦泰,7,3,4,第一金-台中,2023-10-05,5382
9105,泰金寶-DR,71,0,71,第一金-台中,2023-10-06,5382
1324,地球,40,0,40,第一金-台中,2023-10-06,5382
6457,紘康,37,0,37,第一金-台中,2023-10-06,5382
3363,上詮,28,0,28,第一金-台中,2023-10-06,5382
9950,萬國通,25,0,25,第一金-台中,2023-10-06,5382
2453,凌群,22,0,22,第一金-台中,2023-10-06,5382
3576,聯合再生,20,0,20,第一金-台中,2023-10-06,5382
2409,友達,19,0,19,第一金-台中,2023-10-06,5382
3481,群創,18,0,18,第一金-台中,2023-10-06,5382
00706L,期元大S＆P日圓正2,17,0,17,第一金-台中,2023-10-06,5382
6451,訊芯-KY,42,28,14,第一金-台中,2023-10-06,5382
0056,元大高股息,18,5,13,第一金-台中,2023-10-06,5382
00712,復華富時不動產,13,0,13,第一金-台中,2023-10-06,5382
00929,復華台灣科技優息,21,9,12,第一金-台中,2023-10-06,5382
2468,華經,17,5,12,第一金-台中,2023-10-06,5382
2486,一詮,42,30,12,第一金-台中,2023-10-06,5382
6189,豐藝,13,1,12,第一金-台中,2023-10-06,5382
2417,圓剛,25,14,11,第一金-台中,2023-10-06,5382
00753L,中信中國50正2,10,0,10,第一金-台中,2023-10-06,5382
2313,華通,10,0,10,第一金-台中,2023-10-06,5382
6139,亞翔,12,2,10,第一金-台中,2023-10-06,5382
6792,詠業,10,0,10,第一金-台中,2023-10-06,5382
1815,富喬,24,15,9,第一金-台中,2023-10-06,5382
2891,中信金,10,1,9,第一金-台中,2023-10-06,5382
9902,台火,11,2,9,第一金-台中,2023-10-06,5382
2371,大同,8,0,8,第一金-台中,2023-10-06,5382
2618,長榮航,8,0,8,第一金-台中,2023-10-06,5382
3669,圓展,8,0,8,第一金-台中,2023-10-06,5382
3706,神達,7,0,7,第一金-台中,2023-10-06,5382
4155,訊映,9,2,7,第一金-台中,2023-10-06,5382
4503,金雨,7,0,7,第一金-台中,2023-10-06,5382
6274,台燿,14,7,7,第一金-台中,2023-10-06,5382
2353,宏��,6,0,6,第一金-台中,2023-10-06,5382
6527,明達醫,6,0,6,第一金-台中,2023-10-06,5382
1316,上曜,6,0,6,第一金-台中,2023-10-06,5382
00913,兆豐台灣晶圓製造,5,0,5,第一金-台中,2023-10-06,5382
00772B,中信高評級公司債,5,0,5,第一金-台中,2023-10-06,5382
2312,金寶,5,0,5,第一金-台中,2023-10-06,5382
2355,敬鵬,5,0,5,第一金-台中,2023-10-06,5382
2365,昆盈,5,0,5,第一金-台中,2023-10-06,5382
2368,金像電,9,4,5,第一金-台中,2023-10-06,5382
2834,臺企銀,5,0,5,第一金-台中,2023-10-06,5382
2892,第一金,5,0,5,第一金-台中,2023-10-06,5382
3128,昇銳,5,0,5,第一金-台中,2023-10-06,5382
5258,虹堡,5,0,5,第一金-台中,2023-10-06,5382
1609,大亞,6,1,5,第一金-台中,2023-10-06,5382
3036,文曄,9,5,4,第一金-台中,2023-10-06,5382
3071,協禧,7,3,4,第一金-台中,2023-10-06,5382
3374,精材,4,0,4,第一金-台中,2023-10-06,5382
6182,合晶,4,0,4,第一金-台中,2023-10-06,5382
6284,佳邦,84,0,84,第一金-台中,2023-10-11,5382
3491,昇達科,66,0,66,第一金-台中,2023-10-11,5382
1909,榮成,54,0,54,第一金-台中,2023-10-11,5382
3231,緯創,73,25,48,第一金-台中,2023-10-11,5382
0056,元大高股息,87,50,37,第一金-台中,2023-10-11,5382
2515,中工,34,0,34,第一金-台中,2023-10-11,5382
3346,麗清,51,20,31,第一金-台中,2023-10-11,5382
2834,臺企銀,30,0,30,第一金-台中,2023-10-11,5382
00919,群益台灣精選高息,24,0,24,第一金-台中,2023-10-11,5382
2353,宏��,26,3,23,第一金-台中,2023-10-11,5382
00673R,期元大S＆P原油反1,22,0,22,第一金-台中,2023-10-11,5382
2363,矽統,81,59,22,第一金-台中,2023-10-11,5382
00738U,期元大道瓊白銀,20,0,20,第一金-台中,2023-10-11,5382
00708L,期元大S＆P黃金正2,20,1,19,第一金-台中,2023-10-11,5382
2355,敬鵬,19,0,19,第一金-台中,2023-10-11,5382
9950,萬國通,16,0,16,第一金-台中,2023-10-11,5382
00706L,期元大S＆P日圓正2,15,0,15,第一金-台中,2023-10-11,5382
1522,堤維西,20,5,15,第一金-台中,2023-10-11,5382
8033,雷虎,15,0,15,第一金-台中,2023-10-11,5382
6125,廣運,17,2,15,第一金-台中,2023-10-11,5382
2867,三商壽,14,0,14,第一金-台中,2023-10-11,5382
6120,達運,13,0,13,第一金-台中,2023-10-11,5382
3706,神達,14,2,12,第一金-台中,2023-10-11,5382
3013,晟銘電,22,10,12,第一金-台中,2023-10-11,5382
00632R,元大台灣50反1,45,34,11,第一金-台中,2023-10-11,5382
00722B,群益投資級電信債,11,0,11,第一金-台中,2023-10-11,5382
2417,圓剛,14,3,11,第一金-台中,2023-10-11,5382
2449,京元電子,32,21,11,第一金-台中,2023-10-11,5382
2637,慧洋-KY,12,1,11,第一金-台中,2023-10-11,5382
5608,四維航,21,10,11,第一金-台中,2023-10-11,5382
00751B,元大AAA至A公司債,10,0,10,第一金-台中,2023-10-11,5382
00712,復華富時不動產,11,1,10,第一金-台中,2023-10-11,5382
1324,地球,10,0,10,第一金-台中,2023-10-11,5382
3663,鑫科,10,0,10,第一金-台中,2023-10-11,5382
8034,榮群,10,0,10,第一金-台中,2023-10-11,5382
6799,來頡,10,0,10,第一金-台中,2023-10-11,5382
4714,永捷,10,1,9,第一金-台中,2023-10-11,5382
3035,智原,93,85,8,第一金-台中,2023-10-11,5382
3276,宇環,13,5,8,第一金-台中,2023-10-11,5382
4906,正文,9,1,8,第一金-台中,2023-10-11,5382
9921,巨大,8,0,8,第一金-台中,2023-10-11,5382
5351,鈺創,12,4,8,第一金-台中,2023-10-11,5382
2603,長榮,10,3,7,第一金-台中,2023-10-11,5382
3163,波若威,7,0,7,第一金-台中,2023-10-11,5382
3596,智易,8,1,7,第一金-台中,2023-10-11,5382
2383,台光電,10,3,7,第一金-台中,2023-10-11,5382
2610,華航,9,2,7,第一金-台中,2023-10-11,5382
2634,漢翔,7,0,7,第一金-台中,2023-10-11,5382
2409,友達,11,5,6,第一金-台中,2023-10-11,5382
1314,中石化,10,4,6,第一金-台中,2023-10-11,5382
2323,中環,130,15,115,第一金-台中,2023-10-12,5382
2363,矽統,217,169,48,第一金-台中,2023-10-12,5382
2344,華邦電,60,25,35,第一金-台中,2023-10-12,5382
2465,麗臺,30,3,27,第一金-台中,2023-10-12,5382
3693,營邦,22,0,22,第一金-台中,2023-10-12,5382
3025,星通,20,0,20,第一金-台中,2023-10-12,5382
6792,詠業,20,0,20,第一金-台中,2023-10-12,5382
8048,德勝,22,3,19,第一金-台中,2023-10-12,5382
2208,台船,20,3,17,第一金-台中,2023-10-12,5382
8996,高力,52,36,16,第一金-台中,2023-10-12,5382
00642U,期元大S＆P石油,15,0,15,第一金-台中,2023-10-12,5382
00680L,元大美債20正2,15,0,15,第一金-台中,2023-10-12,5382
00706L,期元大S＆P日圓正2,15,0,15,第一金-台中,2023-10-12,5382
4906,正文,16,1,15,第一金-台中,2023-10-12,5382
6530,創威,22,7,15,第一金-台中,2023-10-12,5382
00687B,國泰20年美債,13,0,13,第一金-台中,2023-10-12,5382
00773B,中信優先金融債,12,0,12,第一金-台中,2023-10-12,5382
2399,映泰,15,3,12,第一金-台中,2023-10-12,5382
00919,群益台灣精選高息,11,0,11,第一金-台中,2023-10-12,5382
2385,群光,13,2,11,第一金-台中,2023-10-12,5382
2605,新興,11,0,11,第一金-台中,2023-10-12,5382
9904,寶成,11,0,11,第一金-台中,2023-10-12,5382
8478,東哥遊艇,12,2,10,第一金-台中,2023-10-12,5382
00753L,中信中國50正2,10,0,10,第一金-台中,2023-10-12,5382
1591,駿吉-KY,10,0,10,第一金-台中,2023-10-12,5382
2313,華通,19,10,9,第一金-台中,2023-10-12,5382
00922,國泰台灣領袖50,9,0,9,第一金-台中,2023-10-12,5382
1522,堤維西,26,17,9,第一金-台中,2023-10-12,5382
8358,金居,11,3,8,第一金-台中,2023-10-12,5382
3078,僑威,8,1,7,第一金-台中,2023-10-12,5382
6129,普誠,7,0,7,第一金-台中,2023-10-12,5382
3035,智原,64,58,6,第一金-台中,2023-10-12,5382
1909,榮成,6,0,6,第一金-台中,2023-10-12,5382
3006,晶豪科,24,18,6,第一金-台中,2023-10-12,5382
5410,國眾,6,0,6,第一金-台中,2023-10-12,5382
00900,富邦特選高股息30,11,5,6,第一金-台中,2023-10-12,5382
6196,帆宣,5,0,5,第一金-台中,2023-10-12,5382
3059,華晶科,5,0,5,第一金-台中,2023-10-12,5382
3450,聯鈞,26,21,5,第一金-台中,2023-10-12,5382
4563,百德,7,2,5,第一金-台中,2023-10-12,5382
6118,建達,5,0,5,第一金-台中,2023-10-12,5382
6120,達運,5,0,5,第一金-台中,2023-10-12,5382
6451,訊芯-KY,16,11,5,第一金-台中,2023-10-12,5382
8222,寶一,5,0,5,第一金-台中,2023-10-12,5382
6112,邁達特,5,0,5,第一金-台中,2023-10-12,5382
1227,佳格,4,0,4,第一金-台中,2023-10-12,5382
00795B,中信美國公債20年,4,0,4,第一金-台中,2023-10-12,5382
00751B,元大AAA至A公司債,4,0,4,第一金-台中,2023-10-12,5382
00632R,元大台灣50反1,4,0,4,第一金-台中,2023-10-12,5382
2303,聯電,6,2,4,第一金-台中,2023-10-12,5382
4105,東洋,150,1,149,第一金-台中,2023-10-13,5382
2465,麗臺,72,0,72,第一金-台中,2023-10-13,5382
00878,國泰永續高股息,64,1,63,第一金-台中,2023-10-13,5382
1815,富喬,99,66,33,第一金-台中,2023-10-13,5382
3450,聯鈞,85,53,32,第一金-台中,2023-10-13,5382
8996,高力,30,0,30,第一金-台中,2023-10-13,5382
0056,元大高股息,27,0,27,第一金-台中,2023-10-13,5382
3693,營邦,23,0,23,第一金-台中,2023-10-13,5382
00929,復華台灣科技優息,21,0,21,第一金-台中,2023-10-13,5382
3481,群創,21,1,20,第一金-台中,2023-10-13,5382
6164,華興,20,0,20,第一金-台中,2023-10-13,5382
6442,光聖,23,3,20,第一金-台中,2023-10-13,5382
00679B,元大美債20年,20,1,19,第一金-台中,2023-10-13,5382
00751B,元大AAA至A公司債,19,0,19,第一金-台中,2023-10-13,5382
2208,台船,19,0,19,第一金-台中,2023-10-13,5382
2884,玉山金,18,0,18,第一金-台中,2023-10-13,5382
5347,世界,24,6,18,第一金-台中,2023-10-13,5382
2382,廣達,37,21,16,第一金-台中,2023-10-13,5382
4503,金雨,18,3,15,第一金-台中,2023-10-13,5382
8358,金居,20,6,14,第一金-台中,2023-10-13,5382
00680L,元大美債20正2,15,2,13,第一金-台中,2023-10-13,5382
3037,欣興,13,0,13,第一金-台中,2023-10-13,5382
2371,大同,17,5,12,第一金-台中,2023-10-13,5382
2376,技嘉,21,10,11,第一金-台中,2023-10-13,5382
00712,復華富時不動產,11,0,11,第一金-台中,2023-10-13,5382
2312,金寶,11,0,11,第一金-台中,2023-10-13,5382
3163,波若威,33,22,11,第一金-台中,2023-10-13,5382
00708L,期元大S＆P黃金正2,10,0,10,第一金-台中,2023-10-13,5382
6169,昱泉,10,0,10,第一金-台中,2023-10-13,5382
6799,來頡,10,0,10,第一金-台中,2023-10-13,5382
9910,豐泰,10,0,10,第一金-台中,2023-10-13,5382
2204,中華,19,10,9,第一金-台中,2023-10-13,5382
00882,中信中國高股息,9,0,9,第一金-台中,2023-10-13,5382
4967,十銓,45,36,9,第一金-台中,2023-10-13,5382
5410,國眾,9,0,9,第一金-台中,2023-10-13,5382
8905,裕國,9,0,9,第一金-台中,2023-10-13,5382
00772B,中信高評級公司債,8,0,8,第一金-台中,2023-10-13,5382
00706L,期元大S＆P日圓正2,8,0,8,第一金-台中,2023-10-13,5382
2402,毅嘉,13,5,8,第一金-台中,2023-10-13,5382
3025,星通,106,98,8,第一金-台中,2023-10-13,5382
6416,瑞祺電通,10,2,8,第一金-台中,2023-10-13,5382
3491,昇達科,11,3,8,第一金-台中,2023-10-13,5382
2637,慧洋-KY,10,3,7,第一金-台中,2023-10-13,5382
4906,正文,7,0,7,第一金-台中,2023-10-13,5382
2388,威盛,19,13,6,第一金-台中,2023-10-13,5382
00632R,元大台灣50反1,6,0,6,第一金-台中,2023-10-13,5382
00722B,群益投資級電信債,6,0,6,第一金-台中,2023-10-13,5382
00715L,期街口布蘭特正2,6,0,6,第一金-台中,2023-10-13,5382
2892,第一金,6,0,6,第一金-台中,2023-10-13,5382
5706,鳳凰,11,6,5,第一金-台中,2023-10-13,5382
2371,大同,217,3,214,第一金-台中,2023-10-16,5382
2313,華通,51,2,49,第一金-台中,2023-10-16,5382
2363,矽統,221,175,46,第一金-台中,2023-10-16,5382
2344,華邦電,41,0,41,第一金-台中,2023-10-16,5382
00712,復華富時不動產,40,0,40,第一金-台中,2023-10-16,5382
8048,德勝,57,24,33,第一金-台中,2023-10-16,5382
2401,凌陽,35,2,33,第一金-台中,2023-10-16,5382
9950,萬國通,25,0,25,第一金-台中,2023-10-16,5382
0056,元大高股息,24,2,22,第一金-台中,2023-10-16,5382
1815,富喬,70,49,21,第一金-台中,2023-10-16,5382
6139,亞翔,34,14,20,第一金-台中,2023-10-16,5382
1710,東聯,20,0,20,第一金-台中,2023-10-16,5382
6226,光鼎,20,0,20,第一金-台中,2023-10-16,5382
8076,伍豐,20,0,20,第一金-台中,2023-10-16,5382
00715L,期街口布蘭特正2,22,4,18,第一金-台中,2023-10-16,5382
3483,力致,20,2,18,第一金-台中,2023-10-16,5382
2465,麗臺,17,0,17,第一金-台中,2023-10-16,5382
1802,台玻,16,0,16,第一金-台中,2023-10-16,5382
6231,系微,16,0,16,第一金-台中,2023-10-16,5382
3122,笙泉,18,3,15,第一金-台中,2023-10-16,5382
3017,奇鋐,27,13,14,第一金-台中,2023-10-16,5382
3037,欣興,14,0,14,第一金-台中,2023-10-16,5382
2834,臺企銀,13,0,13,第一金-台中,2023-10-16,5382
2369,菱生,13,0,13,第一金-台中,2023-10-16,5382
00635U,期元大S＆P黃金,12,0,12,第一金-台中,2023-10-16,5382
00673R,期元大S＆P原油反1,12,0,12,第一金-台中,2023-10-16,5382
2486,一詮,13,1,12,第一金-台中,2023-10-16,5382
2618,長榮航,149,137,12,第一金-台中,2023-10-16,5382
3481,群創,12,0,12,第一金-台中,2023-10-16,5382
2201,裕隆,20,8,12,第一金-台中,2023-10-16,5382
2610,華航,70,58,12,第一金-台中,2023-10-16,5382
00929,復華台灣科技優息,35,24,11,第一金-台中,2023-10-16,5382
2883,凱基金,16,5,11,第一金-台中,2023-10-16,5382
1783,和康生,10,0,10,第一金-台中,2023-10-16,5382
2329,華泰,13,3,10,第一金-台中,2023-10-16,5382
3019,亞光,10,0,10,第一金-台中,2023-10-16,5382
3176,基亞,10,0,10,第一金-台中,2023-10-16,5382
3406,玉晶光,10,0,10,第一金-台中,2023-10-16,5382
5272,笙科,10,0,10,第一金-台中,2023-10-16,5382
6219,富旺,82,72,10,第一金-台中,2023-10-16,5382
6237,驊訊,11,1,10,第一金-台中,2023-10-16,5382
9928,中視,10,0,10,第一金-台中,2023-10-16,5382
2352,佳世達,12,3,9,第一金-台中,2023-10-16,5382
4503,金雨,30,21,9,第一金-台中,2023-10-16,5382
1314,中石化,25,16,9,第一金-台中,2023-10-16,5382
2314,台揚,8,0,8,第一金-台中,2023-10-16,5382
2383,台光電,8,0,8,第一金-台中,2023-10-16,5382
3231,緯創,17,10,7,第一金-台中,2023-10-16,5382
4744,皇將,7,0,7,第一金-台中,2023-10-16,5382
6643,M31,12,5,7,第一金-台中,2023-10-16,5382
00680L,元大美債20正2,192,0,192,第一金-台中,2023-10-17,5382
00679B,元大美債20年,75,2,73,第一金-台中,2023-10-17,5382
6415,矽力*-KY,58,0,58,第一金-台中,2023-10-17,5382
3545,敦泰,54,7,47,第一金-台中,2023-10-17,5382
0056,元大高股息,42,1,41,第一金-台中,2023-10-17,5382
2634,漢翔,41,1,40,第一金-台中,2023-10-17,5382
00772B,中信高評級公司債,39,0,39,第一金-台中,2023-10-17,5382
2409,友達,38,0,38,第一金-台中,2023-10-17,5382
3078,僑威,40,5,35,第一金-台中,2023-10-17,5382
00878,國泰永續高股息,39,5,34,第一金-台中,2023-10-17,5382
2313,華通,92,61,31,第一金-台中,2023-10-17,5382
3094,聯傑,31,0,31,第一金-台中,2023-10-17,5382
5457,宣德,30,0,30,第一金-台中,2023-10-17,5382
2543,皇昌,25,0,25,第一金-台中,2023-10-17,5382
5410,國眾,25,0,25,第一金-台中,2023-10-17,5382
00923,群益台ESG低碳50,20,0,20,第一金-台中,2023-10-17,5382
3176,基亞,20,0,20,第一金-台中,2023-10-17,5382
2208,台船,24,4,20,第一金-台中,2023-10-17,5382
00720B,元大投資級公司債,17,0,17,第一金-台中,2023-10-17,5382
3715,定穎投控,64,49,15,第一金-台中,2023-10-17,5382
2867,三商壽,17,2,15,第一金-台中,2023-10-17,5382
6799,來頡,15,0,15,第一金-台中,2023-10-17,5382
8068,全達,15,0,15,第一金-台中,2023-10-17,5382
3704,合勤控,24,10,14,第一金-台中,2023-10-17,5382
00706L,期元大S＆P日圓正2,12,0,12,第一金-台中,2023-10-17,5382
4503,金雨,12,0,12,第一金-台中,2023-10-17,5382
00715L,期街口布蘭特正2,11,0,11,第一金-台中,2023-10-17,5382
1524,耿鼎,13,2,11,第一金-台中,2023-10-17,5382
3450,聯鈞,15,4,11,第一金-台中,2023-10-17,5382
6792,詠業,11,0,11,第一金-台中,2023-10-17,5382
2812,台中銀,11,0,11,第一金-台中,2023-10-17,5382
1618,合機,10,0,10,第一金-台中,2023-10-17,5382
1714,和桐,10,0,10,第一金-台中,2023-10-17,5382
2883,凱基金,10,0,10,第一金-台中,2023-10-17,5382
3049,精金,10,0,10,第一金-台中,2023-10-17,5382
4609,唐鋒,10,0,10,第一金-台中,2023-10-17,5382
4714,永捷,10,0,10,第一金-台中,2023-10-17,5382
8905,裕國,10,0,10,第一金-台中,2023-10-17,5382
8112,至上,10,0,10,第一金-台中,2023-10-17,5382
1504,東元,9,0,9,第一金-台中,2023-10-17,5382
2401,凌陽,32,23,9,第一金-台中,2023-10-17,5382
3346,麗清,10,1,9,第一金-台中,2023-10-17,5382
3481,群創,9,0,9,第一金-台中,2023-10-17,5382
3483,力致,15,6,9,第一金-台中,2023-10-17,5382
6457,紘康,10,1,9,第一金-台中,2023-10-17,5382
00687B,國泰20年美債,8,0,8,第一金-台中,2023-10-17,5382
6114,久威,10,2,8,第一金-台中,2023-10-17,5382
3006,晶豪科,51,44,7,第一金-台中,2023-10-17,5382
2201,裕隆,8,1,7,第一金-台中,2023-10-17,5382
3276,宇環,16,9,7,第一金-台中,2023-10-17,5382
2317,鴻海,1202,3,1199,第一金-台中,2023-10-18,5382
1314,中石化,178,5,173,第一金-台中,2023-10-18,5382
00878,國泰永續高股息,55,0,55,第一金-台中,2023-10-18,5382
00885,富邦越南,52,0,52,第一金-台中,2023-10-18,5382
1815,富喬,52,1,51,第一金-台中,2023-10-18,5382
2495,普安,50,0,50,第一金-台中,2023-10-18,5382
2363,矽統,59,10,49,第一金-台中,2023-10-18,5382
3706,神達,42,0,42,第一金-台中,2023-10-18,5382
3234,光環,40,3,37,第一金-台中,2023-10-18,5382
0056,元大高股息,39,3,36,第一金-台中,2023-10-18,5382
2371,大同,30,1,29,第一金-台中,2023-10-18,5382
3228,金麗科,30,2,28,第一金-台中,2023-10-18,5382
3122,笙泉,44,16,28,第一金-台中,2023-10-18,5382
00922,國泰台灣領袖50,22,0,22,第一金-台中,2023-10-18,5382
00715L,期街口布蘭特正2,24,2,22,第一金-台中,2023-10-18,5382
00679B,元大美債20年,22,0,22,第一金-台中,2023-10-18,5382
3041,揚智,37,16,21,第一金-台中,2023-10-18,5382
6442,光聖,34,13,21,第一金-台中,2023-10-18,5382
6799,來頡,20,0,20,第一金-台中,2023-10-18,5382
8048,德勝,20,0,20,第一金-台中,2023-10-18,5382
3017,奇鋐,24,5,19,第一金-台中,2023-10-18,5382
2376,技嘉,20,2,18,第一金-台中,2023-10-18,5382
00687B,國泰20年美債,16,0,16,第一金-台中,2023-10-18,5382
00900,富邦特選高股息30,15,0,15,第一金-台中,2023-10-18,5382
00720B,元大投資級公司債,13,0,13,第一金-台中,2023-10-18,5382
2201,裕隆,22,11,11,第一金-台中,2023-10-18,5382
2618,長榮航,16,5,11,第一金-台中,2023-10-18,5382
6233,旺玖,12,1,11,第一金-台中,2023-10-18,5382
3105,穩懋,11,0,11,第一金-台中,2023-10-18,5382
1101,台泥,22,12,10,第一金-台中,2023-10-18,5382
00772B,中信高評級公司債,10,0,10,第一金-台中,2023-10-18,5382
00919,群益台灣精選高息,11,1,10,第一金-台中,2023-10-18,5382
00931B,統一美債20年,10,0,10,第一金-台中,2023-10-18,5382
2344,華邦電,16,6,10,第一金-台中,2023-10-18,5382
3078,僑威,11,1,10,第一金-台中,2023-10-18,5382
5410,國眾,10,0,10,第一金-台中,2023-10-18,5382
8905,裕國,10,0,10,第一金-台中,2023-10-18,5382
3231,緯創,92,82,10,第一金-台中,2023-10-18,5382
2382,廣達,29,20,9,第一金-台中,2023-10-18,5382
6457,紘康,9,0,9,第一金-台中,2023-10-18,5382
2610,華航,13,5,8,第一金-台中,2023-10-18,5382
3715,定穎投控,41,33,8,第一金-台中,2023-10-18,5382
6792,詠業,10,2,8,第一金-台中,2023-10-18,5382
1802,台玻,11,4,7,第一金-台中,2023-10-18,5382
00712,復華富時不動產,10,3,7,第一金-台中,2023-10-18,5382
2206,三陽工業,8,1,7,第一金-台中,2023-10-18,5382
2353,宏��,9,2,7,第一金-台中,2023-10-18,5382
1473,台南,7,0,7,第一金-台中,2023-10-18,5382
2241,艾姆勒,8,1,7,第一金-台中,2023-10-18,5382
6189,豐藝,7,0,7,第一金-台中,2023-10-18,5382
1712,興農,257,0,257,第一金-台中,2023-10-19,5382
00933B,國泰10Y+金融債,216,45,171,第一金-台中,2023-10-19,5382
00885,富邦越南,83,30,53,第一金-台中,2023-10-19,5382
00878,國泰永續高股息,66,15,51,第一金-台中,2023-10-19,5382
00712,復華富時不動產,49,0,49,第一金-台中,2023-10-19,5382
0056,元大高股息,58,10,48,第一金-台中,2023-10-19,5382
9945,潤泰新,47,0,47,第一金-台中,2023-10-19,5382
00687B,國泰20年美債,45,0,45,第一金-台中,2023-10-19,5382
00720B,元大投資級公司債,44,0,44,第一金-台中,2023-10-19,5382
2516,新建,40,0,40,第一金-台中,2023-10-19,5382
8176,智捷,41,2,39,第一金-台中,2023-10-19,5382
3025,星通,51,18,33,第一金-台中,2023-10-19,5382
2867,三商壽,32,0,32,第一金-台中,2023-10-19,5382
2888,新光金,32,0,32,第一金-台中,2023-10-19,5382
00929,復華台灣科技優息,27,2,25,第一金-台中,2023-10-19,5382
00722B,群益投資級電信債,24,0,24,第一金-台中,2023-10-19,5382
3228,金麗科,23,2,21,第一金-台中,2023-10-19,5382
6276,安鈦克,29,8,21,第一金-台中,2023-10-19,5382
00679B,元大美債20年,21,1,20,第一金-台中,2023-10-19,5382
5272,笙科,20,0,20,第一金-台中,2023-10-19,5382
6457,紘康,18,1,17,第一金-台中,2023-10-19,5382
3231,緯創,75,59,16,第一金-台中,2023-10-19,5382
00706L,期元大S＆P日圓正2,16,0,16,第一金-台中,2023-10-19,5382
6806,森崴能源,16,0,16,第一金-台中,2023-10-19,5382
6472,保瑞,16,1,15,第一金-台中,2023-10-19,5382
00902,中信電池及儲能,13,0,13,第一金-台中,2023-10-19,5382
6443,元晶,13,0,13,第一金-台中,2023-10-19,5382
00919,群益台灣精選高息,13,0,13,第一金-台中,2023-10-19,5382
1101,台泥,22,11,11,第一金-台中,2023-10-19,5382
5465,富驊,11,0,11,第一金-台中,2023-10-19,5382
2367,燿華,10,0,10,第一金-台中,2023-10-19,5382
6799,來頡,10,0,10,第一金-台中,2023-10-19,5382
2382,廣達,18,9,9,第一金-台中,2023-10-19,5382
2317,鴻海,10,1,9,第一金-台中,2023-10-19,5382
2618,長榮航,31,22,9,第一金-台中,2023-10-19,5382
6494,九齊,9,0,9,第一金-台中,2023-10-19,5382
6770,力積電,9,0,9,第一金-台中,2023-10-19,5382
3715,定穎投控,110,102,8,第一金-台中,2023-10-19,5382
3019,亞光,8,0,8,第一金-台中,2023-10-19,5382
6451,訊芯-KY,11,3,8,第一金-台中,2023-10-19,5382
2369,菱生,30,22,8,第一金-台中,2023-10-19,5382
3105,穩懋,7,0,7,第一金-台中,2023-10-19,5382
2461,光群雷,7,0,7,第一金-台中,2023-10-19,5382
2610,華航,7,0,7,第一金-台中,2023-10-19,5382
8093,保銳,7,0,7,第一金-台中,2023-10-19,5382
2402,毅嘉,8,2,6,第一金-台中,2023-10-19,5382
2353,宏��,5,0,5,第一金-台中,2023-10-19,5382
6703,軒郁,5,0,5,第一金-台中,2023-10-19,5382
2882,國泰金,5,0,5,第一金-台中,2023-10-19,5382
6526,達發,5,0,5,第一金-台中,2023-10-19,5382
00751B,元大AAA至A公司債,103,0,103,第一金-台中,2023-10-20,5382
00712,復華富時不動產,72,0,72,第一金-台中,2023-10-20,5382
00929,復華台灣科技優息,73,3,70,第一金-台中,2023-10-20,5382
00878,國泰永續高股息,52,1,51,第一金-台中,2023-10-20,5382
2834,臺企銀,51,2,49,第一金-台中,2023-10-20,5382
00720B,元大投資級公司債,32,0,32,第一金-台中,2023-10-20,5382
00931B,統一美債20年,32,0,32,第一金-台中,2023-10-20,5382
00893,國泰智能電動車,30,0,30,第一金-台中,2023-10-20,5382
00738U,期元大道瓊白銀,30,0,30,第一金-台中,2023-10-20,5382
1324,地球,102,80,22,第一金-台中,2023-10-20,5382
3209,全科,20,0,20,第一金-台中,2023-10-20,5382
3013,晟銘電,19,0,19,第一金-台中,2023-10-20,5382
3276,宇環,27,10,17,第一金-台中,2023-10-20,5382
8072,陞泰,17,0,17,第一金-台中,2023-10-20,5382
2607,榮運,16,0,16,第一金-台中,2023-10-20,5382
5222,全訊,14,0,14,第一金-台中,2023-10-20,5382
0056,元大高股息,24,10,14,第一金-台中,2023-10-20,5382
1101,台泥,19,5,14,第一金-台中,2023-10-20,5382
3035,智原,30,17,13,第一金-台中,2023-10-20,5382
00722B,群益投資級電信債,13,0,13,第一金-台中,2023-10-20,5382
4714,永捷,13,0,13,第一金-台中,2023-10-20,5382
6168,宏齊,15,2,13,第一金-台中,2023-10-20,5382
4979,華星光,20,8,12,第一金-台中,2023-10-20,5382
3041,揚智,44,33,11,第一金-台中,2023-10-20,5382
3583,辛耘,24,13,11,第一金-台中,2023-10-20,5382
00919,群益台灣精選高息,10,0,10,第一金-台中,2023-10-20,5382
8390,金益鼎,28,18,10,第一金-台中,2023-10-20,5382
2104,國際中橡,10,0,10,第一金-台中,2023-10-20,5382
2425,承啟,10,0,10,第一金-台中,2023-10-20,5382
8932,智通*,10,0,10,第一金-台中,2023-10-20,5382
2892,第一金,9,0,9,第一金-台中,2023-10-20,5382
2382,廣達,40,31,9,第一金-台中,2023-10-20,5382
2002,中鋼,9,0,9,第一金-台中,2023-10-20,5382
00753L,中信中國50正2,16,7,9,第一金-台中,2023-10-20,5382
3228,金麗科,10,1,9,第一金-台中,2023-10-20,5382
00679B,元大美債20年,8,0,8,第一金-台中,2023-10-20,5382
5410,國眾,8,0,8,第一金-台中,2023-10-20,5382
8210,勤誠,8,1,7,第一金-台中,2023-10-20,5382
6770,力積電,7,0,7,第一金-台中,2023-10-20,5382
1795,美時,8,1,7,第一金-台中,2023-10-20,5382
00708L,期元大S＆P黃金正2,7,0,7,第一金-台中,2023-10-20,5382
2371,大同,10,3,7,第一金-台中,2023-10-20,5382
2883,凱基金,16,9,7,第一金-台中,2023-10-20,5382
4128,中天,8,1,7,第一金-台中,2023-10-20,5382
00772B,中信高評級公司債,7,0,7,第一金-台中,2023-10-20,5382
00687B,國泰20年美債,6,0,6,第一金-台中,2023-10-20,5382
00646,元大S＆P500,6,0,6,第一金-台中,2023-10-20,5382
2605,新興,8,2,6,第一金-台中,2023-10-20,5382
2851,中再保,6,0,6,第一金-台中,2023-10-20,5382
3032,偉訓,6,0,6,第一金-台中,2023-10-20,5382
8150,南茂,92,5,87,第一金-台中,2023-10-23,5382
00712,復華富時不動產,76,0,76,第一金-台中,2023-10-23,5382
00885,富邦越南,101,26,75,第一金-台中,2023-10-23,5382
00929,復華台灣科技優息,103,45,58,第一金-台中,2023-10-23,5382
00931B,統一美債20年,42,0,42,第一金-台中,2023-10-23,5382
00687B,國泰20年美債,41,0,41,第一金-台中,2023-10-23,5382
2313,華通,50,11,39,第一金-台中,2023-10-23,5382
00715L,期街口布蘭特正2,52,21,31,第一金-台中,2023-10-23,5382
00878,國泰永續高股息,30,0,30,第一金-台中,2023-10-23,5382
2317,鴻海,33,6,27,第一金-台中,2023-10-23,5382
3051,力特,69,47,22,第一金-台中,2023-10-23,5382
8935,邦泰,22,0,22,第一金-台中,2023-10-23,5382
4128,中天,27,6,21,第一金-台中,2023-10-23,5382
1444,力麗,20,1,19,第一金-台中,2023-10-23,5382
2605,新興,22,3,19,第一金-台中,2023-10-23,5382
00919,群益台灣精選高息,15,0,15,第一金-台中,2023-10-23,5382
8905,裕國,15,0,15,第一金-台中,2023-10-23,5382
2515,中工,40,26,14,第一金-台中,2023-10-23,5382
1101,台泥,12,0,12,第一金-台中,2023-10-23,5382
3481,群創,13,1,12,第一金-台中,2023-10-23,5382
2883,凱基金,12,1,11,第一金-台中,2023-10-23,5382
3017,奇鋐,26,15,11,第一金-台中,2023-10-23,5382
2891,中信金,11,0,11,第一金-台中,2023-10-23,5382
1301,台塑,10,0,10,第一金-台中,2023-10-23,5382
00751B,元大AAA至A公司債,11,1,10,第一金-台中,2023-10-23,5382
00720B,元大投資級公司債,10,0,10,第一金-台中,2023-10-23,5382
1303,南亞,10,0,10,第一金-台中,2023-10-23,5382
2344,華邦電,10,0,10,第一金-台中,2023-10-23,5382
2460,建通,10,0,10,第一金-台中,2023-10-23,5382
3202,樺晟,10,0,10,第一金-台中,2023-10-23,5382
6156,松上,15,5,10,第一金-台中,2023-10-23,5382
00679B,元大美債20年,12,3,9,第一金-台中,2023-10-23,5382
00708L,期元大S＆P黃金正2,14,5,9,第一金-台中,2023-10-23,5382
3483,力致,11,2,9,第一金-台中,2023-10-23,5382
4167,松瑞藥,10,1,9,第一金-台中,2023-10-23,5382
4967,十銓,10,1,9,第一金-台中,2023-10-23,5382
5351,鈺創,9,0,9,第一金-台中,2023-10-23,5382
2002,中鋼,13,5,8,第一金-台中,2023-10-23,5382
2308,台達電,8,0,8,第一金-台中,2023-10-23,5382
00722B,群益投資級電信債,8,0,8,第一金-台中,2023-10-23,5382
2486,一詮,10,2,8,第一金-台中,2023-10-23,5382
8358,金居,14,6,8,第一金-台中,2023-10-23,5382
0056,元大高股息,20,13,7,第一金-台中,2023-10-23,5382
00922,國泰台灣領袖50,7,0,7,第一金-台中,2023-10-23,5382
2382,廣達,14,7,7,第一金-台中,2023-10-23,5382
2371,大同,8,1,7,第一金-台中,2023-10-23,5382
3576,聯合再生,6,0,6,第一金-台中,2023-10-23,5382
2368,金像電,6,0,6,第一金-台中,2023-10-23,5382
00882,中信中國高股息,6,0,6,第一金-台中,2023-10-23,5382
1785,光洋科,6,0,6,第一金-台中,2023-10-23,5382
2233,宇隆,184,3,181,第一金-台中,2023-10-24,5382
00931B,統一美債20年,50,0,50,第一金-台中,2023-10-24,5382
00712,復華富時不動產,50,1,49,第一金-台中,2023-10-24,5382
2313,華通,52,3,49,第一金-台中,2023-10-24,5382
00715L,期街口布蘭特正2,66,25,41,第一金-台中,2023-10-24,5382
8048,德勝,40,0,40,第一金-台中,2023-10-24,5382
5864,致和證,30,0,30,第一金-台中,2023-10-24,5382
2385,群光,30,1,29,第一金-台中,2023-10-24,5382
00929,復華台灣科技優息,30,3,27,第一金-台中,2023-10-24,5382
2317,鴻海,33,6,27,第一金-台中,2023-10-24,5382
4128,中天,35,10,25,第一金-台中,2023-10-24,5382
6442,光聖,31,8,23,第一金-台中,2023-10-24,5382
1314,中石化,20,0,20,第一金-台中,2023-10-24,5382
1795,美時,36,16,20,第一金-台中,2023-10-24,5382
2002,中鋼,17,0,17,第一金-台中,2023-10-24,5382
2834,臺企銀,18,2,16,第一金-台中,2023-10-24,5382
00687B,國泰20年美債,13,0,13,第一金-台中,2023-10-24,5382
8110,華東,31,20,11,第一金-台中,2023-10-24,5382
8935,邦泰,11,0,11,第一金-台中,2023-10-24,5382
2610,華航,17,6,11,第一金-台中,2023-10-24,5382
3037,欣興,11,1,10,第一金-台中,2023-10-24,5382
006205,富邦上証,10,0,10,第一金-台中,2023-10-24,5382
00753L,中信中國50正2,10,0,10,第一金-台中,2023-10-24,5382
2316,楠梓電,10,0,10,第一金-台中,2023-10-24,5382
2404,漢唐,10,0,10,第一金-台中,2023-10-24,5382
6197,佳必琪,14,4,10,第一金-台中,2023-10-24,5382
1721,三晃,36,26,10,第一金-台中,2023-10-24,5382
4908,前鼎,86,76,10,第一金-台中,2023-10-24,5382
1303,南亞,10,1,9,第一金-台中,2023-10-24,5382
2357,華碩,8,0,8,第一金-台中,2023-10-24,5382
3122,笙泉,21,13,8,第一金-台中,2023-10-24,5382
3163,波若威,16,8,8,第一金-台中,2023-10-24,5382
3706,神達,9,1,8,第一金-台中,2023-10-24,5382
2892,第一金,7,0,7,第一金-台中,2023-10-24,5382
2363,矽統,32,25,7,第一金-台中,2023-10-24,5382
2344,華邦電,7,0,7,第一金-台中,2023-10-24,5382
5222,全訊,7,0,7,第一金-台中,2023-10-24,5382
2883,凱基金,18,11,7,第一金-台中,2023-10-24,5382
3231,緯創,59,53,6,第一金-台中,2023-10-24,5382
6288,聯嘉,6,0,6,第一金-台中,2023-10-24,5382
2305,全友,7,1,6,第一金-台中,2023-10-24,5382
4934,太極,6,0,6,第一金-台中,2023-10-24,5382
6168,宏齊,24,18,6,第一金-台中,2023-10-24,5382
6265,方土昶,6,0,6,第一金-台中,2023-10-24,5382
00919,群益台灣精選高息,5,0,5,第一金-台中,2023-10-24,5382
1528,恩德,5,0,5,第一金-台中,2023-10-24,5382
3715,定穎投控,41,36,5,第一金-台中,2023-10-24,5382
00680L,元大美債20正2,5,0,5,第一金-台中,2023-10-24,5382
2352,佳世達,5,0,5,第一金-台中,2023-10-24,5382
2367,燿華,18,13,5,第一金-台中,2023-10-24,5382
6117,迎廣,82,2,80,第一金-台中,2023-10-25,5382
2313,華通,65,17,48,第一金-台中,2023-10-25,5382
2492,華新科,40,0,40,第一金-台中,2023-10-25,5382
2637,慧洋-KY,34,0,34,第一金-台中,2023-10-25,5382
00929,復華台灣科技優息,45,11,34,第一金-台中,2023-10-25,5382
00919,群益台灣精選高息,32,0,32,第一金-台中,2023-10-25,5382
3032,偉訓,41,12,29,第一金-台中,2023-10-25,5382
8935,邦泰,29,0,29,第一金-台中,2023-10-25,5382
2401,凌陽,62,37,25,第一金-台中,2023-10-25,5382
00878,國泰永續高股息,25,0,25,第一金-台中,2023-10-25,5382
4128,中天,23,0,23,第一金-台中,2023-10-25,5382
1301,台塑,22,0,22,第一金-台中,2023-10-25,5382
00715L,期街口布蘭特正2,26,4,22,第一金-台中,2023-10-25,5382
2388,威盛,31,11,20,第一金-台中,2023-10-25,5382
2515,中工,55,35,20,第一金-台中,2023-10-25,5382
3693,營邦,24,4,20,第一金-台中,2023-10-25,5382
2337,旺宏,26,8,18,第一金-台中,2023-10-25,5382
6792,詠業,19,1,18,第一金-台中,2023-10-25,5382
00712,復華富時不動產,15,0,15,第一金-台中,2023-10-25,5382
6237,驊訊,15,0,15,第一金-台中,2023-10-25,5382
8131,福懋科,15,0,15,第一金-台中,2023-10-25,5382
3049,精金,13,0,13,第一金-台中,2023-10-25,5382
2385,群光,12,0,12,第一金-台中,2023-10-25,5382
2371,大同,11,0,11,第一金-台中,2023-10-25,5382
00795B,中信美國公債20年,10,0,10,第一金-台中,2023-10-25,5382
00751B,元大AAA至A公司債,10,0,10,第一金-台中,2023-10-25,5382
2402,毅嘉,17,7,10,第一金-台中,2023-10-25,5382
2405,輔信,81,71,10,第一金-台中,2023-10-25,5382
3041,揚智,114,104,10,第一金-台中,2023-10-25,5382
6695,芯鼎,12,2,10,第一金-台中,2023-10-25,5382
3035,智原,22,13,9,第一金-台中,2023-10-25,5382
2329,華泰,10,1,9,第一金-台中,2023-10-25,5382
2486,一詮,20,14,6,第一金-台中,2023-10-25,5382
6194,育富,6,0,6,第一金-台中,2023-10-25,5382
8044,網家,7,1,6,第一金-台中,2023-10-25,5382
00885,富邦越南,5,0,5,第一金-台中,2023-10-25,5382
00680L,元大美債20正2,5,0,5,第一金-台中,2023-10-25,5382
2027,大成鋼,5,0,5,第一金-台中,2023-10-25,5382
2028,威致,5,0,5,第一金-台中,2023-10-25,5382
2211,長榮鋼,5,0,5,第一金-台中,2023-10-25,5382
2356,英業達,6,1,5,第一金-台中,2023-10-25,5382
3176,基亞,5,0,5,第一金-台中,2023-10-25,5382
3265,台星科,6,1,5,第一金-台中,2023-10-25,5382
3450,聯鈞,20,15,5,第一金-台中,2023-10-25,5382
4543,萬在,5,0,5,第一金-台中,2023-10-25,5382
0056,元大高股息,7,3,4,第一金-台中,2023-10-25,5382
2363,矽統,26,22,4,第一金-台中,2023-10-25,5382
1445,大宇,5,1,4,第一金-台中,2023-10-25,5382
4967,十銓,6,2,4,第一金-台中,2023-10-25,5382
6122,擎邦,4,0,4,第一金-台中,2023-10-25,5382
00712,復華富時不動產,96,24,72,第一金-台中,2023-10-26,5382
2543,皇昌,65,1,64,第一金-台中,2023-10-26,5382
2313,華通,53,1,52,第一金-台中,2023-10-26,5382
4128,中天,56,6,50,第一金-台中,2023-10-26,5382
00929,復華台灣科技優息,109,62,47,第一金-台中,2023-10-26,5382
6189,豐藝,48,7,41,第一金-台中,2023-10-26,5382
1310,台苯,37,0,37,第一金-台中,2023-10-26,5382
00885,富邦越南,35,0,35,第一金-台中,2023-10-26,5382
00878,國泰永續高股息,37,4,33,第一金-台中,2023-10-26,5382
00919,群益台灣精選高息,32,0,32,第一金-台中,2023-10-26,5382
3276,宇環,36,12,24,第一金-台中,2023-10-26,5382
2344,華邦電,22,1,21,第一金-台中,2023-10-26,5382
2883,凱基金,35,14,21,第一金-台中,2023-10-26,5382
8131,福懋科,25,5,20,第一金-台中,2023-10-26,5382
3290,東浦,35,16,19,第一金-台中,2023-10-26,5382
2888,新光金,20,2,18,第一金-台中,2023-10-26,5382
8433,弘帆,29,11,18,第一金-台中,2023-10-26,5382
00751B,元大AAA至A公司債,16,0,16,第一金-台中,2023-10-26,5382
2303,聯電,23,8,15,第一金-台中,2023-10-26,5382
00722B,群益投資級電信債,15,0,15,第一金-台中,2023-10-26,5382
00922,國泰台灣領袖50,14,0,14,第一金-台中,2023-10-26,5382
3025,星通,62,48,14,第一金-台中,2023-10-26,5382
0056,元大高股息,27,15,12,第一金-台中,2023-10-26,5382
2892,第一金,12,0,12,第一金-台中,2023-10-26,5382
00902,中信電池及儲能,14,2,12,第一金-台中,2023-10-26,5382
2485,兆赫,12,0,12,第一金-台中,2023-10-26,5382
3704,合勤控,15,3,12,第一金-台中,2023-10-26,5382
1301,台塑,11,0,11,第一金-台中,2023-10-26,5382
2376,技嘉,15,4,11,第一金-台中,2023-10-26,5382
2465,麗臺,31,20,11,第一金-台中,2023-10-26,5382
3105,穩懋,12,2,10,第一金-台中,2023-10-26,5382
00891,中信關鍵半導體,10,0,10,第一金-台中,2023-10-26,5382
3231,緯創,19,9,10,第一金-台中,2023-10-26,5382
2023,燁輝,20,10,10,第一金-台中,2023-10-26,5382
2383,台光電,10,0,10,第一金-台中,2023-10-26,5382
2542,興富發,10,0,10,第一金-台中,2023-10-26,5382
2605,新興,10,0,10,第一金-台中,2023-10-26,5382
5386,青雲,10,0,10,第一金-台中,2023-10-26,5382
2002,中鋼,9,0,9,第一金-台中,2023-10-26,5382
2371,大同,10,1,9,第一金-台中,2023-10-26,5382
6530,創威,11,2,9,第一金-台中,2023-10-26,5382
00679B,元大美債20年,9,1,8,第一金-台中,2023-10-26,5382
2618,長榮航,9,1,8,第一金-台中,2023-10-26,5382
6219,富旺,62,54,8,第一金-台中,2023-10-26,5382
00715L,期街口布蘭特正2,7,0,7,第一金-台中,2023-10-26,5382
3051,力特,12,5,7,第一金-台中,2023-10-26,5382
3714,富采,7,0,7,第一金-台中,2023-10-26,5382
4966,譜瑞-KY,7,0,7,第一金-台中,2023-10-26,5382
5225,東科-KY,7,0,7,第一金-台中,2023-10-26,5382
6457,紘康,7,0,7,第一金-台中,2023-10-26,5382
2618,長榮航,242,8,234,第一金-台中,2023-10-27,5382
3703,欣陸,180,0,180,第一金-台中,2023-10-27,5382
3078,僑威,65,1,64,第一金-台中,2023-10-27,5382
5521,工信,40,1,39,第一金-台中,2023-10-27,5382
1795,美時,50,17,33,第一金-台中,2023-10-27,5382
1815,富喬,36,8,28,第一金-台中,2023-10-27,5382
1760,寶齡富錦,30,2,28,第一金-台中,2023-10-27,5382
2313,華通,30,5,25,第一金-台中,2023-10-27,5382
00706L,期元大S＆P日圓正2,22,0,22,第一金-台中,2023-10-27,5382
3287,廣寰科,26,4,22,第一金-台中,2023-10-27,5382
00919,群益台灣精選高息,21,0,21,第一金-台中,2023-10-27,5382
3481,群創,20,0,20,第一金-台中,2023-10-27,5382
5272,笙科,22,2,20,第一金-台中,2023-10-27,5382
00929,復華台灣科技優息,75,58,17,第一金-台中,2023-10-27,5382
2515,中工,17,0,17,第一金-台中,2023-10-27,5382
00712,復華富時不動產,17,0,17,第一金-台中,2023-10-27,5382
2457,飛宏,17,2,15,第一金-台中,2023-10-27,5382
3715,定穎投控,44,31,13,第一金-台中,2023-10-27,5382
2605,新興,12,1,11,第一金-台中,2023-10-27,5382
3704,合勤控,24,13,11,第一金-台中,2023-10-27,5382
6792,詠業,11,0,11,第一金-台中,2023-10-27,5382
2883,凱基金,10,0,10,第一金-台中,2023-10-27,5382
3094,聯傑,10,0,10,第一金-台中,2023-10-27,5382
4414,如興,10,0,10,第一金-台中,2023-10-27,5382
5432,新門,10,0,10,第一金-台中,2023-10-27,5382
6472,保瑞,10,0,10,第一金-台中,2023-10-27,5382
2404,漢唐,10,0,10,第一金-台中,2023-10-27,5382
2402,毅嘉,16,7,9,第一金-台中,2023-10-27,5382
3228,金麗科,10,1,9,第一金-台中,2023-10-27,5382
6446,藥華藥,10,1,9,第一金-台中,2023-10-27,5382
1524,耿鼎,11,3,8,第一金-台中,2023-10-27,5382
2305,全友,9,1,8,第一金-台中,2023-10-27,5382
2409,友達,8,0,8,第一金-台中,2023-10-27,5382
6219,富旺,70,62,8,第一金-台中,2023-10-27,5382
6442,光聖,17,9,8,第一金-台中,2023-10-27,5382
2317,鴻海,10,2,8,第一金-台中,2023-10-27,5382
2363,矽統,8,1,7,第一金-台中,2023-10-27,5382
3025,星通,19,12,7,第一金-台中,2023-10-27,5382
6189,豐藝,7,0,7,第一金-台中,2023-10-27,5382
2867,三商壽,6,0,6,第一金-台中,2023-10-27,5382
3122,笙泉,30,24,6,第一金-台中,2023-10-27,5382
6712,長聖,6,0,6,第一金-台中,2023-10-27,5382
2344,華邦電,5,0,5,第一金-台中,2023-10-27,5382
3324,雙鴻,10,5,5,第一金-台中,2023-10-27,5382
00680L,元大美債20正2,5,0,5,第一金-台中,2023-10-27,5382
3141,晶宏,5,0,5,第一金-台中,2023-10-27,5382
3450,聯鈞,6,1,5,第一金-台中,2023-10-27,5382
3494,誠研,6,1,5,第一金-台中,2023-10-27,5382
4147,中裕,11,6,5,第一金-台中,2023-10-27,5382
4564,元翎,5,0,5,第一金-台中,2023-10-27,5382
2317,鴻海,121,3,118,第一金-台中,2023-10-30,5382
5215,科嘉-KY,40,0,40,第一金-台中,2023-10-30,5382
00712,復華富時不動產,45,10,35,第一金-台中,2023-10-30,5382
6443,元晶,79,44,35,第一金-台中,2023-10-30,5382
2313,華通,38,6,32,第一金-台中,2023-10-30,5382
3576,聯合再生,50,20,30,第一金-台中,2023-10-30,5382
4128,中天,26,0,26,第一金-台中,2023-10-30,5382
8433,弘帆,28,3,25,第一金-台中,2023-10-30,5382
2485,兆赫,42,20,22,第一金-台中,2023-10-30,5382
5460,同協,20,0,20,第一金-台中,2023-10-30,5382
1815,富喬,57,39,18,第一金-台中,2023-10-30,5382
6657,華安,18,0,18,第一金-台中,2023-10-30,5382
00878,國泰永續高股息,20,3,17,第一金-台中,2023-10-30,5382
4960,誠美材,18,1,17,第一金-台中,2023-10-30,5382
3491,昇達科,18,2,16,第一金-台中,2023-10-30,5382
6492,生華科,19,3,16,第一金-台中,2023-10-30,5382
3312,弘憶股,15,0,15,第一金-台中,2023-10-30,5382
2884,玉山金,14,0,14,第一金-台中,2023-10-30,5382
2642,宅配通,14,0,14,第一金-台中,2023-10-30,5382
1314,中石化,13,0,13,第一金-台中,2023-10-30,5382
4973,廣穎,12,0,12,第一金-台中,2023-10-30,5382
6841,長佳智能,15,4,11,第一金-台中,2023-10-30,5382
00662,富邦NASDAQ,11,0,11,第一金-台中,2023-10-30,5382
1303,南亞,10,0,10,第一金-台中,2023-10-30,5382
2367,燿華,10,0,10,第一金-台中,2023-10-30,5382
2404,漢唐,10,0,10,第一金-台中,2023-10-30,5382
6271,同欣電,10,0,10,第一金-台中,2023-10-30,5382
6477,安集,35,25,10,第一金-台中,2023-10-30,5382
6569,醫揚,10,0,10,第一金-台中,2023-10-30,5382
2890,永豐金,10,0,10,第一金-台中,2023-10-30,5382
2230,泰茂,8,1,7,第一金-台中,2023-10-30,5382
6770,力積電,7,0,7,第一金-台中,2023-10-30,5382
8935,邦泰,7,0,7,第一金-台中,2023-10-30,5382
3231,緯創,14,8,6,第一金-台中,2023-10-30,5382
00715L,期街口布蘭特正2,6,0,6,第一金-台中,2023-10-30,5382
1568,倉佑,6,0,6,第一金-台中,2023-10-30,5382
2405,輔信,6,0,6,第一金-台中,2023-10-30,5382
2610,華航,39,34,5,第一金-台中,2023-10-30,5382
2882,國泰金,5,0,5,第一金-台中,2023-10-30,5382
00918,大華優利高填息30,5,0,5,第一金-台中,2023-10-30,5382
00900,富邦特選高股息30,5,0,5,第一金-台中,2023-10-30,5382
1513,中興電,5,0,5,第一金-台中,2023-10-30,5382
2543,皇昌,5,0,5,第一金-台中,2023-10-30,5382
2614,東森,5,0,5,第一金-台中,2023-10-30,5382
2885,元大金,5,0,5,第一金-台中,2023-10-30,5382
3691,碩禾,7,2,5,第一金-台中,2023-10-30,5382
4906,正文,5,0,5,第一金-台中,2023-10-30,5382
6276,安鈦克,5,0,5,第一金-台中,2023-10-30,5382
2301,光寶科,4,0,4,第一金-台中,2023-10-30,5382
2356,英業達,6,2,4,第一金-台中,2023-10-30,5382
00878,國泰永續高股息,124,18,106,第一金-台中,2023-10-31,5382
4128,中天,55,0,55,第一金-台中,2023-10-31,5382
00632R,元大台灣50反1,50,5,45,第一金-台中,2023-10-31,5382
00885,富邦越南,59,20,39,第一金-台中,2023-10-31,5382
1514,亞力,29,0,29,第一金-台中,2023-10-31,5382
3450,聯鈞,33,7,26,第一金-台中,2023-10-31,5382
2313,華通,51,26,25,第一金-台中,2023-10-31,5382
8433,弘帆,35,11,24,第一金-台中,2023-10-31,5382
2314,台揚,23,1,22,第一金-台中,2023-10-31,5382
00929,復華台灣科技優息,25,3,22,第一金-台中,2023-10-31,5382
0056,元大高股息,23,2,21,第一金-台中,2023-10-31,5382
2633,台灣高鐵,20,0,20,第一金-台中,2023-10-31,5382
00722B,群益投資級電信債,20,0,20,第一金-台中,2023-10-31,5382
2449,京元電子,36,16,20,第一金-台中,2023-10-31,5382
2344,華邦電,20,2,18,第一金-台中,2023-10-31,5382
3312,弘憶股,18,0,18,第一金-台中,2023-10-31,5382
00919,群益台灣精選高息,15,0,15,第一金-台中,2023-10-31,5382
2834,臺企銀,15,0,15,第一金-台中,2023-10-31,5382
4960,誠美材,27,13,14,第一金-台中,2023-10-31,5382
3062,建漢,64,51,13,第一金-台中,2023-10-31,5382
3078,僑威,29,18,11,第一金-台中,2023-10-31,5382
00662,富邦NASDAQ,10,0,10,第一金-台中,2023-10-31,5382
00830,國泰費城半導體,10,0,10,第一金-台中,2023-10-31,5382
1584,精剛,10,0,10,第一金-台中,2023-10-31,5382
2399,映泰,10,0,10,第一金-台中,2023-10-31,5382
3163,波若威,10,0,10,第一金-台中,2023-10-31,5382
6271,同欣電,10,0,10,第一金-台中,2023-10-31,5382
3231,緯創,20,10,10,第一金-台中,2023-10-31,5382
2382,廣達,22,13,9,第一金-台中,2023-10-31,5382
1605,華新,9,0,9,第一金-台中,2023-10-31,5382
4743,合一,10,1,9,第一金-台中,2023-10-31,5382
1721,三晃,20,12,8,第一金-台中,2023-10-31,5382
2230,泰茂,7,0,7,第一金-台中,2023-10-31,5382
2376,技嘉,16,10,6,第一金-台中,2023-10-31,5382
5425,台半,6,0,6,第一金-台中,2023-10-31,5382
00881,國泰台灣5G+,6,0,6,第一金-台中,2023-10-31,5382
1504,東元,6,0,6,第一金-台中,2023-10-31,5382
2387,精元,11,5,6,第一金-台中,2023-10-31,5382
3438,類比科,6,0,6,第一金-台中,2023-10-31,5382
5321,美而快,9,3,6,第一金-台中,2023-10-31,5382
6129,普誠,6,0,6,第一金-台中,2023-10-31,5382
6668,中揚光,6,0,6,第一金-台中,2023-10-31,5382
6191,精成科,8,2,6,第一金-台中,2023-10-31,5382
3545,敦泰,7,2,5,第一金-台中,2023-10-31,5382
1519,華城,10,5,5,第一金-台中,2023-10-31,5382
4967,十銓,20,15,5,第一金-台中,2023-10-31,5382
2371,大同,5,0,5,第一金-台中,2023-10-31,5382
2867,三商壽,55,50,5,第一金-台中,2023-10-31,5382
5607,遠雄港,5,0,5,第一金-台中,2023-10-31,5382
2317,鴻海,6,2,4,第一金-台中,2023-10-31,5382
00878,國泰永續高股息,77,7,70,第一金-台中,2023-11-01,5382
00929,復華台灣科技優息,63,3,60,第一金-台中,2023-11-01,5382
3715,定穎投控,119,69,50,第一金-台中,2023-11-01,5382
4167,松瑞藥,30,5,25,第一金-台中,2023-11-01,5382
2492,華新科,28,4,24,第一金-台中,2023-11-01,5382
00706L,期元大S＆P日圓正2,23,0,23,第一金-台中,2023-11-01,5382
4188,安克,20,0,20,第一金-台中,2023-11-01,5382
6446,藥華藥,20,0,20,第一金-台中,2023-11-01,5382
00679B,元大美債20年,20,0,20,第一金-台中,2023-11-01,5382
2618,長榮航,31,12,19,第一金-台中,2023-11-01,5382
4128,中天,12,0,12,第一金-台中,2023-11-01,5382
3312,弘憶股,11,0,11,第一金-台中,2023-11-01,5382
00934,中信成長高股息,25,15,10,第一金-台中,2023-11-01,5382
00923,群益台ESG低碳50,10,0,10,第一金-台中,2023-11-01,5382
2605,新興,10,0,10,第一金-台中,2023-11-01,5382
5328,華容,10,0,10,第一金-台中,2023-11-01,5382
6219,富旺,70,60,10,第一金-台中,2023-11-01,5382
2409,友達,11,1,10,第一金-台中,2023-11-01,5382
3707,漢磊,9,0,9,第一金-台中,2023-11-01,5382
3105,穩懋,20,12,8,第一金-台中,2023-11-01,5382
6792,詠業,8,0,8,第一金-台中,2023-11-01,5382
8935,邦泰,8,0,8,第一金-台中,2023-11-01,5382
2376,技嘉,9,3,6,第一金-台中,2023-11-01,5382
3483,力致,7,1,6,第一金-台中,2023-11-01,5382
00712,復華富時不動產,6,0,6,第一金-台中,2023-11-01,5382
2353,宏��,6,0,6,第一金-台中,2023-11-01,5382
4960,誠美材,7,1,6,第一金-台中,2023-11-01,5382
3231,緯創,10,4,6,第一金-台中,2023-11-01,5382
2382,廣達,7,2,5,第一金-台中,2023-11-01,5382
6284,佳邦,10,5,5,第一金-台中,2023-11-01,5382
2614,東森,5,0,5,第一金-台中,2023-11-01,5382
00662,富邦NASDAQ,5,0,5,第一金-台中,2023-11-01,5382
3494,誠研,5,0,5,第一金-台中,2023-11-01,5382
3706,神達,5,0,5,第一金-台中,2023-11-01,5382
4966,譜瑞-KY,5,0,5,第一金-台中,2023-11-01,5382
5443,均豪,5,0,5,第一金-台中,2023-11-01,5382
6173,信昌電,23,18,5,第一金-台中,2023-11-01,5382
6530,創威,10,5,5,第一金-台中,2023-11-01,5382
2305,全友,4,0,4,第一金-台中,2023-11-01,5382
1101,台泥,4,0,4,第一金-台中,2023-11-01,5382
5536,聖暉*,4,0,4,第一金-台中,2023-11-01,5382
00935,野村臺灣新科技50,4,0,4,第一金-台中,2023-11-01,5382
1504,東元,4,0,4,第一金-台中,2023-11-01,5382
1514,亞力,9,5,4,第一金-台中,2023-11-01,5382
2002,中鋼,5,1,4,第一金-台中,2023-11-01,5382
2327,國巨,5,1,4,第一金-台中,2023-11-01,5382
2375,凱美,4,0,4,第一金-台中,2023-11-01,5382
3189,景碩,5,1,4,第一金-台中,2023-11-01,5382
6168,宏齊,4,0,4,第一金-台中,2023-11-01,5382
4162,智擎,14,10,4,第一金-台中,2023-11-01,5382
2406,國碩,25,0,25,第一金-台中,2023-11-02,5382
2465,麗臺,23,1,22,第一金-台中,2023-11-02,5382
3094,聯傑,23,2,21,第一金-台中,2023-11-02,5382
3680,家登,20,0,20,第一金-台中,2023-11-02,5382
6189,豐藝,20,0,20,第一金-台中,2023-11-02,5382
2729,瓦城,18,0,18,第一金-台中,2023-11-02,5382
2388,威盛,32,14,18,第一金-台中,2023-11-02,5382
4128,中天,16,0,16,第一金-台中,2023-11-02,5382
00720B,元大投資級公司債,15,0,15,第一金-台中,2023-11-02,5382
6197,佳必琪,15,1,14,第一金-台中,2023-11-02,5382
2867,三商壽,12,0,12,第一金-台中,2023-11-02,5382
00662,富邦NASDAQ,11,0,11,第一金-台中,2023-11-02,5382
2884,玉山金,11,0,11,第一金-台中,2023-11-02,5382
00696B,富邦美債20年,10,0,10,第一金-台中,2023-11-02,5382
00640L,富邦日本正2,10,0,10,第一金-台中,2023-11-02,5382
2369,菱生,10,0,10,第一金-台中,2023-11-02,5382
3665,貿聯-KY,10,0,10,第一金-台中,2023-11-02,5382
5328,華容,10,0,10,第一金-台中,2023-11-02,5382
6732,昇佳電子,11,1,10,第一金-台中,2023-11-02,5382
6792,詠業,10,0,10,第一金-台中,2023-11-02,5382
8103,瀚荃,10,0,10,第一金-台中,2023-11-02,5382
4188,安克,30,21,9,第一金-台中,2023-11-02,5382
1721,三晃,20,12,8,第一金-台中,2023-11-02,5382
00632R,元大台灣50反1,7,0,7,第一金-台中,2023-11-02,5382
2377,微星,10,3,7,第一金-台中,2023-11-02,5382
2313,華通,21,15,6,第一金-台中,2023-11-02,5382
2356,英業達,16,10,6,第一金-台中,2023-11-02,5382
3617,碩天,6,0,6,第一金-台中,2023-11-02,5382
4130,健亞,6,0,6,第一金-台中,2023-11-02,5382
8054,安國,32,26,6,第一金-台中,2023-11-02,5382
8935,邦泰,6,0,6,第一金-台中,2023-11-02,5382
9105,泰金寶-DR,6,0,6,第一金-台中,2023-11-02,5382
00679B,元大美債20年,246,240,6,第一金-台中,2023-11-02,5382
00878,國泰永續高股息,6,1,5,第一金-台中,2023-11-02,5382
3035,智原,21,16,5,第一金-台中,2023-11-02,5382
2543,皇昌,10,5,5,第一金-台中,2023-11-02,5382
3005,神基,5,0,5,第一金-台中,2023-11-02,5382
3322,建舜電,16,11,5,第一金-台中,2023-11-02,5382
6111,大宇資,5,0,5,第一金-台中,2023-11-02,5382
6188,廣明,5,0,5,第一金-台中,2023-11-02,5382
6657,華安,5,0,5,第一金-台中,2023-11-02,5382
8088,品安,41,36,5,第一金-台中,2023-11-02,5382
1568,倉佑,5,1,4,第一金-台中,2023-11-02,5382
3027,盛達,4,0,4,第一金-台中,2023-11-02,5382
3062,建漢,4,0,4,第一金-台中,2023-11-02,5382
6282,康舒,4,0,4,第一金-台中,2023-11-02,5382
8086,宏捷科,6,2,4,第一金-台中,2023-11-02,5382
1605,華新,5,2,3,第一金-台中,2023-11-02,5382
1229,聯華,3,0,3,第一金-台中,2023-11-02,5382
9958,世紀鋼,3,0,3,第一金-台中,2023-11-02,5382
00720B,元大投資級公司債,201,0,201,第一金-台中,2023-11-03,5382
2388,威盛,171,34,137,第一金-台中,2023-11-03,5382
00878,國泰永續高股息,106,14,92,第一金-台中,2023-11-03,5382
6156,松上,52,3,49,第一金-台中,2023-11-03,5382
2363,矽統,103,62,41,第一金-台中,2023-11-03,5382
2516,新建,32,0,32,第一金-台中,2023-11-03,5382
4128,中天,28,0,28,第一金-台中,2023-11-03,5382
6189,豐藝,20,0,20,第一金-台中,2023-11-03,5382
3176,基亞,20,1,19,第一金-台中,2023-11-03,5382
8210,勤誠,27,8,19,第一金-台中,2023-11-03,5382
2376,技嘉,19,5,14,第一金-台中,2023-11-03,5382
00935,野村臺灣新科技50,13,0,13,第一金-台中,2023-11-03,5382
00662,富邦NASDAQ,12,0,12,第一金-台中,2023-11-03,5382
8432,東生華,11,0,11,第一金-台中,2023-11-03,5382
00679B,元大美債20年,10,0,10,第一金-台中,2023-11-03,5382
2353,宏��,10,0,10,第一金-台中,2023-11-03,5382
00687B,國泰20年美債,10,0,10,第一金-台中,2023-11-03,5382
2820,華票,10,0,10,第一金-台中,2023-11-03,5382
4542,科嶠,11,1,10,第一金-台中,2023-11-03,5382
6152,百一,10,0,10,第一金-台中,2023-11-03,5382
2303,聯電,36,26,10,第一金-台中,2023-11-03,5382
1301,台塑,12,3,9,第一金-台中,2023-11-03,5382
2458,義隆,9,1,8,第一金-台中,2023-11-03,5382
4979,華星光,13,5,8,第一金-台中,2023-11-03,5382
9921,巨大,8,0,8,第一金-台中,2023-11-03,5382
4908,前鼎,10,3,7,第一金-台中,2023-11-03,5382
6274,台燿,9,2,7,第一金-台中,2023-11-03,5382
2230,泰茂,7,1,6,第一金-台中,2023-11-03,5382
2642,宅配通,6,0,6,第一金-台中,2023-11-03,5382
3322,建舜電,11,5,6,第一金-台中,2023-11-03,5382
4960,誠美材,6,0,6,第一金-台中,2023-11-03,5382
6243,迅杰,7,1,6,第一金-台中,2023-11-03,5382
2313,華通,21,16,5,第一金-台中,2023-11-03,5382
2543,皇昌,5,0,5,第一金-台中,2023-11-03,5382
2614,東森,5,0,5,第一金-台中,2023-11-03,5382
3376,新日興,14,9,5,第一金-台中,2023-11-03,5382
8183,精星,5,0,5,第一金-台中,2023-11-03,5382
00675L,富邦臺灣加權正2,8,3,5,第一金-台中,2023-11-03,5382
5269,祥碩,5,1,4,第一金-台中,2023-11-03,5382
2025,千興,4,0,4,第一金-台中,2023-11-03,5382
2427,三商電,5,1,4,第一金-台中,2023-11-03,5382
6279,胡連,5,1,4,第一金-台中,2023-11-03,5382
1229,聯華,3,0,3,第一金-台中,2023-11-03,5382
2344,華邦電,4,1,3,第一金-台中,2023-11-03,5382
2358,廷鑫,3,0,3,第一金-台中,2023-11-03,5382
2367,燿華,26,23,3,第一金-台中,2023-11-03,5382
2405,輔信,4,1,3,第一金-台中,2023-11-03,5382
3122,笙泉,4,1,3,第一金-台中,2023-11-03,5382
3587,閎康,4,1,3,第一金-台中,2023-11-03,5382
4130,健亞,3,0,3,第一金-台中,2023-11-03,5382
00878,國泰永續高股息,54,3,51,第一金-台中,2023-11-06,5382
2385,群光,45,1,44,第一金-台中,2023-11-06,5382
4162,智擎,43,2,41,第一金-台中,2023-11-06,5382
2406,國碩,25,0,25,第一金-台中,2023-11-06,5382
00715L,期街口布蘭特正2,21,0,21,第一金-台中,2023-11-06,5382
6189,豐藝,20,0,20,第一金-台中,2023-11-06,5382
2369,菱生,20,1,19,第一金-台中,2023-11-06,5382
6412,群電,20,1,19,第一金-台中,2023-11-06,5382
2439,美律,23,5,18,第一金-台中,2023-11-06,5382
3022,威強電,20,5,15,第一金-台中,2023-11-06,5382
00687B,國泰20年美債,14,0,14,第一金-台中,2023-11-06,5382
00919,群益台灣精選高息,18,4,14,第一金-台中,2023-11-06,5382
3062,建漢,15,1,14,第一金-台中,2023-11-06,5382
6243,迅杰,14,0,14,第一金-台中,2023-11-06,5382
6533,晶心科,13,0,13,第一金-台中,2023-11-06,5382
3715,定穎投控,22,10,12,第一金-台中,2023-11-06,5382
00632R,元大台灣50反1,12,0,12,第一金-台中,2023-11-06,5382
4533,協易機,11,0,11,第一金-台中,2023-11-06,5382
5607,遠雄港,11,0,11,第一金-台中,2023-11-06,5382
1227,佳格,10,0,10,第一金-台中,2023-11-06,5382
2727,王品,10,0,10,第一金-台中,2023-11-06,5382
3376,新日興,14,4,10,第一金-台中,2023-11-06,5382
3576,聯合再生,10,0,10,第一金-台中,2023-11-06,5382
4763,材料-KY,11,1,10,第一金-台中,2023-11-06,5382
9933,中鼎,10,0,10,第一金-台中,2023-11-06,5382
2618,長榮航,136,127,9,第一金-台中,2023-11-06,5382
6147,頎邦,8,0,8,第一金-台中,2023-11-06,5382
00662,富邦NASDAQ,8,0,8,第一金-台中,2023-11-06,5382
1301,台塑,8,0,8,第一金-台中,2023-11-06,5382
2363,矽統,120,112,8,第一金-台中,2023-11-06,5382
2390,云辰,29,21,8,第一金-台中,2023-11-06,5382
2399,映泰,11,3,8,第一金-台中,2023-11-06,5382
2634,漢翔,8,0,8,第一金-台中,2023-11-06,5382
1101,台泥,7,0,7,第一金-台中,2023-11-06,5382
00637L,元大滬深300正2,7,0,7,第一金-台中,2023-11-06,5382
3231,緯創,18,12,6,第一金-台中,2023-11-06,5382
1785,光洋科,18,12,6,第一金-台中,2023-11-06,5382
6526,達發,7,1,6,第一金-台中,2023-11-06,5382
1605,華新,6,0,6,第一金-台中,2023-11-06,5382
00679B,元大美債20年,5,0,5,第一金-台中,2023-11-06,5382
1582,信錦,6,1,5,第一金-台中,2023-11-06,5382
1609,大亞,5,0,5,第一金-台中,2023-11-06,5382
2329,華泰,8,3,5,第一金-台中,2023-11-06,5382
2413,環科,5,0,5,第一金-台中,2023-11-06,5382
2543,皇昌,10,5,5,第一金-台中,2023-11-06,5382
2748,雲品,11,6,5,第一金-台中,2023-11-06,5382
3013,晟銘電,26,21,5,第一金-台中,2023-11-06,5382
3036A,文曄甲特,5,0,5,第一金-台中,2023-11-06,5382
5210,寶碩,5,0,5,第一金-台中,2023-11-06,5382
6026,福邦證,6,1,5,第一金-台中,2023-11-06,5382
9934,成霖,128,0,128,第一金-台中,2023-11-07,5382
2867,三商壽,100,0,100,第一金-台中,2023-11-07,5382
3041,揚智,71,10,61,第一金-台中,2023-11-07,5382
00934,中信成長高股息,57,0,57,第一金-台中,2023-11-07,5382
2409,友達,52,0,52,第一金-台中,2023-11-07,5382
6901,鑽石投資,52,0,52,第一金-台中,2023-11-07,5382
2303,聯電,53,17,36,第一金-台中,2023-11-07,5382
00929,復華台灣科技優息,34,3,31,第一金-台中,2023-11-07,5382
4108,懷特,30,0,30,第一金-台中,2023-11-07,5382
2618,長榮航,152,127,25,第一金-台中,2023-11-07,5382
00715L,期街口布蘭特正2,22,0,22,第一金-台中,2023-11-07,5382
8271,宇瞻,22,0,22,第一金-台中,2023-11-07,5382
1304,台聚,20,0,20,第一金-台中,2023-11-07,5382
2369,菱生,34,14,20,第一金-台中,2023-11-07,5382
1721,三晃,24,8,16,第一金-台中,2023-11-07,5382
00878,國泰永續高股息,19,3,16,第一金-台中,2023-11-07,5382
3228,金麗科,20,5,15,第一金-台中,2023-11-07,5382
2705,六福,22,7,15,第一金-台中,2023-11-07,5382
00712,復華富時不動產,13,0,13,第一金-台中,2023-11-07,5382
1515,力山,10,0,10,第一金-台中,2023-11-07,5382
6276,安鈦克,10,0,10,第一金-台中,2023-11-07,5382
9933,中鼎,10,0,10,第一金-台中,2023-11-07,5382
1582,信錦,11,1,10,第一金-台中,2023-11-07,5382
2382,廣達,13,3,10,第一金-台中,2023-11-07,5382
2882,國泰金,10,1,9,第一金-台中,2023-11-07,5382
2006,東和鋼鐵,8,0,8,第一金-台中,2023-11-07,5382
5607,遠雄港,8,0,8,第一金-台中,2023-11-07,5382
6292,迅德,8,0,8,第一金-台中,2023-11-07,5382
8068,全達,8,0,8,第一金-台中,2023-11-07,5382
2421,建準,10,3,7,第一金-台中,2023-11-07,5382
2376,技嘉,10,3,7,第一金-台中,2023-11-07,5382
00679B,元大美債20年,6,0,6,第一金-台中,2023-11-07,5382
3006,晶豪科,6,0,6,第一金-台中,2023-11-07,5382
2634,漢翔,7,1,6,第一金-台中,2023-11-07,5382
5706,鳳凰,7,1,6,第一金-台中,2023-11-07,5382
2388,威盛,19,13,6,第一金-台中,2023-11-07,5382
2317,鴻海,5,0,5,第一金-台中,2023-11-07,5382
3481,群創,6,1,5,第一金-台中,2023-11-07,5382
2383,台光電,5,0,5,第一金-台中,2023-11-07,5382
2413,環科,5,0,5,第一金-台中,2023-11-07,5382
3276,宇環,5,0,5,第一金-台中,2023-11-07,5382
3694,海華,5,0,5,第一金-台中,2023-11-07,5382
4906,正文,6,1,5,第一金-台中,2023-11-07,5382
2002,中鋼,5,0,5,第一金-台中,2023-11-07,5382
3623,富晶通,4,0,4,第一金-台中,2023-11-07,5382
2356,英業達,9,5,4,第一金-台中,2023-11-07,5382
2543,皇昌,4,0,4,第一金-台中,2023-11-07,5382
3163,波若威,4,0,4,第一金-台中,2023-11-07,5382
6120,達運,4,0,4,第一金-台中,2023-11-07,5382
6168,宏齊,5,1,4,第一金-台中,2023-11-07,5382
2421,建準,89,14,75,第一金-台中,2023-11-08,5382
00715L,期街口布蘭特正2,78,10,68,第一金-台中,2023-11-08,5382
3013,晟銘電,150,89,61,第一金-台中,2023-11-08,5382
1324,地球,62,3,59,第一金-台中,2023-11-08,5382
1815,富喬,47,6,41,第一金-台中,2023-11-08,5382
00936,台新永續高息中小,43,10,33,第一金-台中,2023-11-08,5382
6585,鼎基,30,0,30,第一金-台中,2023-11-08,5382
2363,矽統,78,49,29,第一金-台中,2023-11-08,5382
8034,榮群,40,13,27,第一金-台中,2023-11-08,5382
3231,緯創,118,93,25,第一金-台中,2023-11-08,5382
00673R,期元大S＆P原油反1,25,0,25,第一金-台中,2023-11-08,5382
5471,松翰,25,0,25,第一金-台中,2023-11-08,5382
00706L,期元大S＆P日圓正2,23,0,23,第一金-台中,2023-11-08,5382
00637L,元大滬深300正2,21,0,21,第一金-台中,2023-11-08,5382
00720B,元大投資級公司債,20,0,20,第一金-台中,2023-11-08,5382
3033,威健,20,0,20,第一金-台中,2023-11-08,5382
4128,中天,113,95,18,第一金-台中,2023-11-08,5382
2367,燿華,16,0,16,第一金-台中,2023-11-08,5382
2402,毅嘉,32,18,14,第一金-台中,2023-11-08,5382
4906,正文,14,0,14,第一金-台中,2023-11-08,5382
2399,映泰,12,0,12,第一金-台中,2023-11-08,5382
00929,復華台灣科技優息,14,3,11,第一金-台中,2023-11-08,5382
00687B,國泰20年美債,10,0,10,第一金-台中,2023-11-08,5382
2867,三商壽,10,0,10,第一金-台中,2023-11-08,5382
1609,大亞,10,0,10,第一金-台中,2023-11-08,5382
3325,旭品,10,0,10,第一金-台中,2023-11-08,5382
1319,東陽,10,1,9,第一金-台中,2023-11-08,5382
00635U,期元大S＆P黃金,9,0,9,第一金-台中,2023-11-08,5382
1731,美吾華,13,4,9,第一金-台中,2023-11-08,5382
3545,敦泰,17,8,9,第一金-台中,2023-11-08,5382
6117,迎廣,45,36,9,第一金-台中,2023-11-08,5382
6189,豐藝,10,1,9,第一金-台中,2023-11-08,5382
2388,威盛,25,17,8,第一金-台中,2023-11-08,5382
2515,中工,7,0,7,第一金-台中,2023-11-08,5382
3228,金麗科,7,1,6,第一金-台中,2023-11-08,5382
00662,富邦NASDAQ,7,1,6,第一金-台中,2023-11-08,5382
2409,友達,6,0,6,第一金-台中,2023-11-08,5382
2610,華航,6,0,6,第一金-台中,2023-11-08,5382
3122,笙泉,14,8,6,第一金-台中,2023-11-08,5382
4908,前鼎,12,6,6,第一金-台中,2023-11-08,5382
5521,工信,8,2,6,第一金-台中,2023-11-08,5382
8935,邦泰,6,0,6,第一金-台中,2023-11-08,5382
00919,群益台灣精選高息,15,10,5,第一金-台中,2023-11-08,5382
00907,永豐優息存股,5,0,5,第一金-台中,2023-11-08,5382
2453,凌群,5,0,5,第一金-台中,2023-11-08,5382
3694,海華,10,5,5,第一金-台中,2023-11-08,5382
4155,訊映,5,0,5,第一金-台中,2023-11-08,5382
6168,宏齊,5,0,5,第一金-台中,2023-11-08,5382
6227,茂綸,5,0,5,第一金-台中,2023-11-08,5382
6550,北極星藥業-KY,5,0,5,第一金-台中,2023-11-08,5382
1514,亞力,128,9,119,第一金-台中,2023-11-09,5382
8011,台通,99,18,81,第一金-台中,2023-11-09,5382
2363,矽統,96,32,64,第一金-台中,2023-11-09,5382
2462,良得電,62,7,55,第一金-台中,2023-11-09,5382
00929,復華台灣科技優息,51,1,50,第一金-台中,2023-11-09,5382
1324,地球,40,0,40,第一金-台中,2023-11-09,5382
4119,旭富,40,1,39,第一金-台中,2023-11-09,5382
3231,緯創,149,110,39,第一金-台中,2023-11-09,5382
00679B,元大美債20年,35,0,35,第一金-台中,2023-11-09,5382
6150,撼訊,46,14,32,第一金-台中,2023-11-09,5382
3325,旭品,24,0,24,第一金-台中,2023-11-09,5382
4533,協易機,28,4,24,第一金-台中,2023-11-09,5382
2303,聯電,33,12,21,第一金-台中,2023-11-09,5382
4566,時碩工業,21,0,21,第一金-台中,2023-11-09,5382
00936,台新永續高息中小,20,0,20,第一金-台中,2023-11-09,5382
1434,福懋,20,0,20,第一金-台中,2023-11-09,5382
3176,基亞,20,0,20,第一金-台中,2023-11-09,5382
00706L,期元大S＆P日圓正2,18,0,18,第一金-台中,2023-11-09,5382
6770,力積電,19,1,18,第一金-台中,2023-11-09,5382
2313,華通,18,0,18,第一金-台中,2023-11-09,5382
1314,中石化,17,2,15,第一金-台中,2023-11-09,5382
00878,國泰永續高股息,18,3,15,第一金-台中,2023-11-09,5382
2329,華泰,49,36,13,第一金-台中,2023-11-09,5382
2331,精英,23,10,13,第一金-台中,2023-11-09,5382
3041,揚智,42,31,11,第一金-台中,2023-11-09,5382
3043,科風,12,1,11,第一金-台中,2023-11-09,5382
3483,力致,22,11,11,第一金-台中,2023-11-09,5382
1731,美吾華,13,3,10,第一金-台中,2023-11-09,5382
2387,精元,10,0,10,第一金-台中,2023-11-09,5382
2453,凌群,10,0,10,第一金-台中,2023-11-09,5382
3622,洋華,11,1,10,第一金-台中,2023-11-09,5382
3682,亞太電,10,0,10,第一金-台中,2023-11-09,5382
6126,信音,10,0,10,第一金-台中,2023-11-09,5382
6462,神盾,10,0,10,第一金-台中,2023-11-09,5382
8050,廣積,11,1,10,第一金-台中,2023-11-09,5382
2388,威盛,20,12,8,第一金-台中,2023-11-09,5382
6219,富旺,73,65,8,第一金-台中,2023-11-09,5382
3044,健鼎,8,1,7,第一金-台中,2023-11-09,5382
6112,邁達特,7,0,7,第一金-台中,2023-11-09,5382
8935,邦泰,7,0,7,第一金-台中,2023-11-09,5382
00931B,統一美債20年,6,0,6,第一金-台中,2023-11-09,5382
00680L,元大美債20正2,6,0,6,第一金-台中,2023-11-09,5382
3581,博磊,10,4,6,第一金-台中,2023-11-09,5382
2382,廣達,21,15,6,第一金-台中,2023-11-09,5382
2515,中工,5,0,5,第一金-台中,2023-11-09,5382
00715L,期街口布蘭特正2,10,5,5,第一金-台中,2023-11-09,5382
2059,川湖,6,1,5,第一金-台中,2023-11-09,5382
2365,昆盈,5,0,5,第一金-台中,2023-11-09,5382
2614,東森,5,0,5,第一金-台中,2023-11-09,5382
5469,瀚宇博,5,0,5,第一金-台中,2023-11-09,5382
00720B,元大投資級公司債,60,0,60,第一金-台中,2023-11-10,5382
00751B,元大AAA至A公司債,57,0,57,第一金-台中,2023-11-10,5382
2867,三商壽,56,0,56,第一金-台中,2023-11-10,5382
6271,同欣電,52,0,52,第一金-台中,2023-11-10,5382
00878,國泰永續高股息,42,0,42,第一金-台中,2023-11-10,5382
2883,凱基金,42,0,42,第一金-台中,2023-11-10,5382
2329,華泰,93,58,35,第一金-台中,2023-11-10,5382
2462,良得電,33,1,32,第一金-台中,2023-11-10,5382
2204,中華,35,4,31,第一金-台中,2023-11-10,5382
6605,帝寶,31,0,31,第一金-台中,2023-11-10,5382
2317,鴻海,33,2,31,第一金-台中,2023-11-10,5382
00679B,元大美債20年,29,0,29,第一金-台中,2023-11-10,5382
2399,映泰,22,1,21,第一金-台中,2023-11-10,5382
1434,福懋,20,0,20,第一金-台中,2023-11-10,5382
00936,台新永續高息中小,16,0,16,第一金-台中,2023-11-10,5382
2618,長榮航,18,3,15,第一金-台中,2023-11-10,5382
2344,華邦電,15,0,15,第一金-台中,2023-11-10,5382
3231,緯創,39,24,15,第一金-台中,2023-11-10,5382
8935,邦泰,15,0,15,第一金-台中,2023-11-10,5382
00929,復華台灣科技優息,26,12,14,第一金-台中,2023-11-10,5382
00687B,國泰20年美債,17,3,14,第一金-台中,2023-11-10,5382
3483,力致,16,2,14,第一金-台中,2023-11-10,5382
00706L,期元大S＆P日圓正2,14,0,14,第一金-台中,2023-11-10,5382
2363,矽統,108,95,13,第一金-台中,2023-11-10,5382
1101,台泥,11,0,11,第一金-台中,2023-11-10,5382
1810,和成,11,0,11,第一金-台中,2023-11-10,5382
2369,菱生,17,6,11,第一金-台中,2023-11-10,5382
00712,復華富時不動產,10,0,10,第一金-台中,2023-11-10,5382
2820,華票,10,0,10,第一金-台中,2023-11-10,5382
3228,金麗科,19,9,10,第一金-台中,2023-11-10,5382
00933B,國泰10Y+金融債,10,0,10,第一金-台中,2023-11-10,5382
2316,楠梓電,10,0,10,第一金-台中,2023-11-10,5382
2736,富野,10,0,10,第一金-台中,2023-11-10,5382
2303,聯電,10,0,10,第一金-台中,2023-11-10,5382
2353,宏��,9,0,9,第一金-台中,2023-11-10,5382
2605,新興,10,1,9,第一金-台中,2023-11-10,5382
6138,茂達,12,3,9,第一金-台中,2023-11-10,5382
3494,誠研,8,0,8,第一金-台中,2023-11-10,5382
00715L,期街口布蘭特正2,10,3,7,第一金-台中,2023-11-10,5382
3325,旭品,7,0,7,第一金-台中,2023-11-10,5382
4566,時碩工業,7,0,7,第一金-台中,2023-11-10,5382
0056,元大高股息,8,2,6,第一金-台中,2023-11-10,5382
6538,倉和,10,4,6,第一金-台中,2023-11-10,5382
1591,駿吉-KY,6,0,6,第一金-台中,2023-11-10,5382
3548,兆利,16,10,6,第一金-台中,2023-11-10,5382
3693,營邦,6,0,6,第一金-台中,2023-11-10,5382
5704,老爺知,7,1,6,第一金-台中,2023-11-10,5382
6122,擎邦,10,4,6,第一金-台中,2023-11-10,5382
00907,永豐優息存股,5,0,5,第一金-台中,2023-11-10,5382
00935,野村臺灣新科技50,5,0,5,第一金-台中,2023-11-10,5382
3711,日月光投控,601,3,598,第一金-台中,2023-11-13,5382
2313,華通,253,152,101,第一金-台中,2023-11-13,5382
00936,台新永續高息中小,60,0,60,第一金-台中,2023-11-13,5382
1514,亞力,50,0,50,第一金-台中,2023-11-13,5382
00679B,元大美債20年,45,0,45,第一金-台中,2023-11-13,5382
1440,南紡,45,0,45,第一金-台中,2023-11-13,5382
9904,寶成,42,0,42,第一金-台中,2023-11-13,5382
2369,菱生,71,32,39,第一金-台中,2023-11-13,5382
2402,毅嘉,79,42,37,第一金-台中,2023-11-13,5382
2449,京元電子,46,14,32,第一金-台中,2023-11-13,5382
00635U,期元大S＆P黃金,29,0,29,第一金-台中,2023-11-13,5382
2204,中華,29,0,29,第一金-台中,2023-11-13,5382
00706L,期元大S＆P日圓正2,25,0,25,第一金-台中,2023-11-13,5382
2618,長榮航,257,233,24,第一金-台中,2023-11-13,5382
00687B,國泰20年美債,23,0,23,第一金-台中,2023-11-13,5382
00900,富邦特選高股息30,22,0,22,第一金-台中,2023-11-13,5382
00929,復華台灣科技優息,51,31,20,第一金-台中,2023-11-13,5382
8076,伍豐,21,2,19,第一金-台中,2023-11-13,5382
6219,富旺,27,10,17,第一金-台中,2023-11-13,5382
2489,瑞軒,15,0,15,第一金-台中,2023-11-13,5382
00772B,中信高評級公司債,14,0,14,第一金-台中,2023-11-13,5382
2027,大成鋼,14,0,14,第一金-台中,2023-11-13,5382
00632R,元大台灣50反1,14,0,14,第一金-台中,2023-11-13,5382
00751B,元大AAA至A公司債,13,0,13,第一金-台中,2023-11-13,5382
00878,國泰永續高股息,28,15,13,第一金-台中,2023-11-13,5382
2362,藍天,12,0,12,第一金-台中,2023-11-13,5382
6202,盛群,11,0,11,第一金-台中,2023-11-13,5382
2409,友達,11,0,11,第一金-台中,2023-11-13,5382
2002,中鋼,10,0,10,第一金-台中,2023-11-13,5382
3665,貿聯-KY,10,0,10,第一金-台中,2023-11-13,5382
5230,雷笛克光學,10,0,10,第一金-台中,2023-11-13,5382
9958,世紀鋼,20,10,10,第一金-台中,2023-11-13,5382
1423,利華,9,0,9,第一金-台中,2023-11-13,5382
2025,千興,9,0,9,第一金-台中,2023-11-13,5382
3006,晶豪科,15,6,9,第一金-台中,2023-11-13,5382
4128,中天,10,1,9,第一金-台中,2023-11-13,5382
4967,十銓,39,31,8,第一金-台中,2023-11-13,5382
5704,老爺知,8,0,8,第一金-台中,2023-11-13,5382
2347,聯強,8,0,8,第一金-台中,2023-11-13,5382
2734,易飛網,8,0,8,第一金-台中,2023-11-13,5382
3402,漢科,7,0,7,第一金-台中,2023-11-13,5382
1810,和成,6,0,6,第一金-台中,2023-11-13,5382
2301,光寶科,6,0,6,第一金-台中,2023-11-13,5382
2337,旺宏,6,0,6,第一金-台中,2023-11-13,5382
3450,聯鈞,7,1,6,第一金-台中,2023-11-13,5382
3322,建舜電,7,1,6,第一金-台中,2023-11-13,5382
2382,廣達,8,2,6,第一金-台中,2023-11-13,5382
1432,大魯閣,5,0,5,第一金-台中,2023-11-13,5382
2516,新建,8,3,5,第一金-台中,2023-11-13,5382
2745,五福,5,0,5,第一金-台中,2023-11-13,5382
2331,精英,150,0,150,第一金-台中,2023-11-14,5382
2002,中鋼,111,1,110,第一金-台中,2023-11-14,5382
1432,大魯閣,58,0,58,第一金-台中,2023-11-14,5382
2883,凱基金,51,11,40,第一金-台中,2023-11-14,5382
2241,艾姆勒,36,0,36,第一金-台中,2023-11-14,5382
3545,敦泰,97,64,33,第一金-台中,2023-11-14,5382
2313,華通,47,15,32,第一金-台中,2023-11-14,5382
00706L,期元大S＆P日圓正2,26,0,26,第一金-台中,2023-11-14,5382
3588,通嘉,37,11,26,第一金-台中,2023-11-14,5382
2303,聯電,27,6,21,第一金-台中,2023-11-14,5382
1440,南紡,20,0,20,第一金-台中,2023-11-14,5382
2399,映泰,20,0,20,第一金-台中,2023-11-14,5382
6219,富旺,22,2,20,第一金-台中,2023-11-14,5382
3231,緯創,25,6,19,第一金-台中,2023-11-14,5382
00913,兆豐台灣晶圓製造,17,0,17,第一金-台中,2023-11-14,5382
6182,合晶,16,0,16,第一金-台中,2023-11-14,5382
2834,臺企銀,15,0,15,第一金-台中,2023-11-14,5382
1560,中砂,17,2,15,第一金-台中,2023-11-14,5382
00929,復華台灣科技優息,36,23,13,第一金-台中,2023-11-14,5382
1313,聯成,12,0,12,第一金-台中,2023-11-14,5382
00878,國泰永續高股息,24,12,12,第一金-台中,2023-11-14,5382
00934,中信成長高股息,15,4,11,第一金-台中,2023-11-14,5382
2618,長榮航,12,1,11,第一金-台中,2023-11-14,5382
6111,大宇資,17,7,10,第一金-台中,2023-11-14,5382
00680L,元大美債20正2,10,0,10,第一金-台中,2023-11-14,5382
2633,台灣高鐵,10,0,10,第一金-台中,2023-11-14,5382
2645,長榮航太,10,0,10,第一金-台中,2023-11-14,5382
4960,誠美材,10,0,10,第一金-台中,2023-11-14,5382
6122,擎邦,46,36,10,第一金-台中,2023-11-14,5382
2357,華碩,15,5,10,第一金-台中,2023-11-14,5382
2812,台中銀,10,1,9,第一金-台中,2023-11-14,5382
2388,威盛,51,42,9,第一金-台中,2023-11-14,5382
00919,群益台灣精選高息,12,3,9,第一金-台中,2023-11-14,5382
2489,瑞軒,8,0,8,第一金-台中,2023-11-14,5382
6104,創惟,10,2,8,第一金-台中,2023-11-14,5382
6116,彩晶,8,0,8,第一金-台中,2023-11-14,5382
6187,萬潤,11,3,8,第一金-台中,2023-11-14,5382
2308,台達電,7,0,7,第一金-台中,2023-11-14,5382
2610,華航,22,15,7,第一金-台中,2023-11-14,5382
2915,潤泰全,12,6,6,第一金-台中,2023-11-14,5382
6282,康舒,7,1,6,第一金-台中,2023-11-14,5382
6625,必應,11,5,6,第一金-台中,2023-11-14,5382
1504,東元,5,0,5,第一金-台中,2023-11-14,5382
6669,緯穎,8,3,5,第一金-台中,2023-11-14,5382
1515,力山,10,5,5,第一金-台中,2023-11-14,5382
1773,勝一,5,0,5,第一金-台中,2023-11-14,5382
1815,富喬,5,0,5,第一金-台中,2023-11-14,5382
3078,僑威,7,2,5,第一金-台中,2023-11-14,5382
3128,昇銳,5,0,5,第一金-台中,2023-11-14,5382
3653,健策,6,1,5,第一金-台中,2023-11-14,5382
00637L,元大滬深300正2,760,0,760,第一金-台中,2023-11-15,5382
3450,聯鈞,112,11,101,第一金-台中,2023-11-15,5382
2867,三商壽,87,10,77,第一金-台中,2023-11-15,5382
8110,華東,65,32,33,第一金-台中,2023-11-15,5382
00878,國泰永續高股息,46,17,29,第一金-台中,2023-11-15,5382
2014,中鴻,41,15,26,第一金-台中,2023-11-15,5382
00670L,富邦NASDAQ正2,26,1,25,第一金-台中,2023-11-15,5382
6219,富旺,36,11,25,第一金-台中,2023-11-15,5382
1522,堤維西,21,0,21,第一金-台中,2023-11-15,5382
6451,訊芯-KY,25,4,21,第一金-台中,2023-11-15,5382
5215,科嘉-KY,20,2,18,第一金-台中,2023-11-15,5382
00679B,元大美債20年,17,0,17,第一金-台中,2023-11-15,5382
8935,邦泰,16,0,16,第一金-台中,2023-11-15,5382
1802,台玻,15,1,14,第一金-台中,2023-11-15,5382
4414,如興,14,0,14,第一金-台中,2023-11-15,5382
3035,智原,34,21,13,第一金-台中,2023-11-15,5382
6188,廣明,12,0,12,第一金-台中,2023-11-15,5382
6509,聚和,11,0,11,第一金-台中,2023-11-15,5382
1582,信錦,11,0,11,第一金-台中,2023-11-15,5382
4908,前鼎,14,3,11,第一金-台中,2023-11-15,5382
6150,撼訊,14,3,11,第一金-台中,2023-11-15,5382
2049,上銀,10,0,10,第一金-台中,2023-11-15,5382
2323,中環,10,0,10,第一金-台中,2023-11-15,5382
3708,上緯投控,11,1,10,第一金-台中,2023-11-15,5382
8089,康全電訊,10,0,10,第一金-台中,2023-11-15,5382
8473,山林水,10,0,10,第一金-台中,2023-11-15,5382
1504,東元,16,6,10,第一金-台中,2023-11-15,5382
1524,耿鼎,16,7,9,第一金-台中,2023-11-15,5382
2023,燁輝,10,1,9,第一金-台中,2023-11-15,5382
2371,大同,9,0,9,第一金-台中,2023-11-15,5382
3494,誠研,9,0,9,第一金-台中,2023-11-15,5382
5351,鈺創,15,6,9,第一金-台中,2023-11-15,5382
2417,圓剛,18,10,8,第一金-台中,2023-11-15,5382
2449,京元電子,9,2,7,第一金-台中,2023-11-15,5382
00632R,元大台灣50反1,17,10,7,第一金-台中,2023-11-15,5382
3031,佰鴻,7,0,7,第一金-台中,2023-11-15,5382
3363,上詮,8,2,6,第一金-台中,2023-11-15,5382
00676R,富邦臺灣加權反1,5,0,5,第一金-台中,2023-11-15,5382
00680L,元大美債20正2,5,0,5,第一金-台中,2023-11-15,5382
1440,南紡,5,0,5,第一金-台中,2023-11-15,5382
1584,精剛,5,0,5,第一金-台中,2023-11-15,5382
1815,富喬,7,2,5,第一金-台中,2023-11-15,5382
2009,第一銅,10,5,5,第一金-台中,2023-11-15,5382
2329,華泰,21,16,5,第一金-台中,2023-11-15,5382
3006,晶豪科,12,7,5,第一金-台中,2023-11-15,5382
3653,健策,10,5,5,第一金-台中,2023-11-15,5382
3714,富采,5,0,5,第一金-台中,2023-11-15,5382
4739,康普,5,0,5,第一金-台中,2023-11-15,5382
5464,霖宏,5,0,5,第一金-台中,2023-11-15,5382
6792,詠業,5,0,5,第一金-台中,2023-11-15,5382
9950,萬國通,51,4,47,第一金-台中,2023-11-16,5382
6451,訊芯-KY,69,30,39,第一金-台中,2023-11-16,5382
00878,國泰永續高股息,47,15,32,第一金-台中,2023-11-16,5382
1795,美時,30,4,26,第一金-台中,2023-11-16,5382
1432,大魯閣,28,5,23,第一金-台中,2023-11-16,5382
2399,映泰,21,0,21,第一金-台中,2023-11-16,5382
2543,皇昌,51,30,21,第一金-台中,2023-11-16,5382
00632R,元大台灣50反1,20,0,20,第一金-台中,2023-11-16,5382
1314,中石化,20,0,20,第一金-台中,2023-11-16,5382
1316,上曜,20,0,20,第一金-台中,2023-11-16,5382
2417,圓剛,63,43,20,第一金-台中,2023-11-16,5382
4543,萬在,20,0,20,第一金-台中,2023-11-16,5382
00885,富邦越南,19,0,19,第一金-台中,2023-11-16,5382
2367,燿華,33,16,17,第一金-台中,2023-11-16,5382
1324,地球,17,1,16,第一金-台中,2023-11-16,5382
00679B,元大美債20年,15,0,15,第一金-台中,2023-11-16,5382
8996,高力,18,5,13,第一金-台中,2023-11-16,5382
2329,華泰,98,86,12,第一金-台中,2023-11-16,5382
00687B,國泰20年美債,12,1,11,第一金-台中,2023-11-16,5382
5706,鳳凰,48,37,11,第一金-台中,2023-11-16,5382
4550,長佳,12,1,11,第一金-台中,2023-11-16,5382
00752,中信中國50,10,0,10,第一金-台中,2023-11-16,5382
00714,群益道瓊美國地產,10,0,10,第一金-台中,2023-11-16,5382
1440,南紡,10,0,10,第一金-台中,2023-11-16,5382
2023,燁輝,20,10,10,第一金-台中,2023-11-16,5382
2351,順德,10,0,10,第一金-台中,2023-11-16,5382
2516,新建,10,0,10,第一金-台中,2023-11-16,5382
3228,金麗科,17,7,10,第一金-台中,2023-11-16,5382
8089,康全電訊,10,0,10,第一金-台中,2023-11-16,5382
2308,台達電,9,0,9,第一金-台中,2023-11-16,5382
6456,GIS-KY,9,0,9,第一金-台中,2023-11-16,5382
0056,元大高股息,10,2,8,第一金-台中,2023-11-16,5382
00753L,中信中國50正2,8,0,8,第一金-台中,2023-11-16,5382
6509,聚和,10,2,8,第一金-台中,2023-11-16,5382
6770,力積電,9,1,8,第一金-台中,2023-11-16,5382
1522,堤維西,9,2,7,第一金-台中,2023-11-16,5382
2303,聯電,8,1,7,第一金-台中,2023-11-16,5382
3260,威剛,7,0,7,第一金-台中,2023-11-16,5382
5348,正能量智能,7,0,7,第一金-台中,2023-11-16,5382
6219,富旺,47,40,7,第一金-台中,2023-11-16,5382
1515,力山,39,32,7,第一金-台中,2023-11-16,5382
6472,保瑞,6,0,6,第一金-台中,2023-11-16,5382
3402,漢科,8,2,6,第一金-台中,2023-11-16,5382
3617,碩天,7,1,6,第一金-台中,2023-11-16,5382
00720B,元大投資級公司債,5,0,5,第一金-台中,2023-11-16,5382
2380,虹光,5,0,5,第一金-台中,2023-11-16,5382
00795B,中信美國公債20年,5,0,5,第一金-台中,2023-11-16,5382
2355,敬鵬,18,13,5,第一金-台中,2023-11-16,5382
3548,兆利,6,1,5,第一金-台中,2023-11-16,5382
5386,青雲,5,0,5,第一金-台中,2023-11-16,5382
4960,誠美材,93,7,86,第一金-台中,2023-11-17,5382
5531,鄉林,79,0,79,第一金-台中,2023-11-17,5382
4414,如興,50,0,50,第一金-台中,2023-11-17,5382
00891,中信關鍵半導體,45,6,39,第一金-台中,2023-11-17,5382
00929,復華台灣科技優息,35,2,33,第一金-台中,2023-11-17,5382
2498,宏達電,67,38,29,第一金-台中,2023-11-17,5382
2344,華邦電,52,26,26,第一金-台中,2023-11-17,5382
1815,富喬,27,2,25,第一金-台中,2023-11-17,5382
3005,神基,29,4,25,第一金-台中,2023-11-17,5382
3041,揚智,64,43,21,第一金-台中,2023-11-17,5382
2323,中環,21,0,21,第一金-台中,2023-11-17,5382
3714,富采,20,0,20,第一金-台中,2023-11-17,5382
2867,三商壽,20,0,20,第一金-台中,2023-11-17,5382
5523,豐謙,20,0,20,第一金-台中,2023-11-17,5382
00642U,期元大S＆P石油,15,0,15,第一金-台中,2023-11-17,5382
2405,輔信,36,22,14,第一金-台中,2023-11-17,5382
00637L,元大滬深300正2,13,0,13,第一金-台中,2023-11-17,5382
3013,晟銘電,13,0,13,第一金-台中,2023-11-17,5382
2734,易飛網,12,0,12,第一金-台中,2023-11-17,5382
6291,沛亨,11,0,11,第一金-台中,2023-11-17,5382
00936,台新永續高息中小,10,0,10,第一金-台中,2023-11-17,5382
8932,智通*,10,0,10,第一金-台中,2023-11-17,5382
2707,晶華,10,0,10,第一金-台中,2023-11-17,5382
00757,統一FANG+,8,0,8,第一金-台中,2023-11-17,5382
2889,國票金,10,2,8,第一金-台中,2023-11-17,5382
4909,新復興,8,0,8,第一金-台中,2023-11-17,5382
6282,康舒,9,1,8,第一金-台中,2023-11-17,5382
4979,華星光,9,2,7,第一金-台中,2023-11-17,5382
9921,巨大,7,0,7,第一金-台中,2023-11-17,5382
3715,定穎投控,27,20,7,第一金-台中,2023-11-17,5382
1721,三晃,6,0,6,第一金-台中,2023-11-17,5382
2371,大同,6,0,6,第一金-台中,2023-11-17,5382
2883,凱基金,12,6,6,第一金-台中,2023-11-17,5382
3588,通嘉,7,1,6,第一金-台中,2023-11-17,5382
5272,笙科,6,0,6,第一金-台中,2023-11-17,5382
6558,興能高,6,0,6,第一金-台中,2023-11-17,5382
8473,山林水,6,0,6,第一金-台中,2023-11-17,5382
6235,華孚,8,2,6,第一金-台中,2023-11-17,5382
00679B,元大美債20年,5,0,5,第一金-台中,2023-11-17,5382
00753L,中信中國50正2,5,0,5,第一金-台中,2023-11-17,5382
00888,永豐台灣ESG,6,1,5,第一金-台中,2023-11-17,5382
1101,台泥,6,1,5,第一金-台中,2023-11-17,5382
1339,昭輝,5,0,5,第一金-台中,2023-11-17,5382
2025,千興,5,0,5,第一金-台中,2023-11-17,5382
2457,飛宏,5,0,5,第一金-台中,2023-11-17,5382
3252,海灣,5,0,5,第一金-台中,2023-11-17,5382
5464,霖宏,5,0,5,第一金-台中,2023-11-17,5382
5703,亞都,5,0,5,第一金-台中,2023-11-17,5382
6509,聚和,5,0,5,第一金-台中,2023-11-17,5382
6568,宏觀,5,0,5,第一金-台中,2023-11-17,5382
2618,長榮航,258,98,160,第一金-台中,2023-11-20,5382
2002,中鋼,94,0,94,第一金-台中,2023-11-20,5382
6158,禾昌,89,0,89,第一金-台中,2023-11-20,5382
3715,定穎投控,107,47,60,第一金-台中,2023-11-20,5382
8261,富鼎,66,7,59,第一金-台中,2023-11-20,5382
2337,旺宏,79,23,56,第一金-台中,2023-11-20,5382
2258,鴻華先進-創,44,0,44,第一金-台中,2023-11-20,5382
00929,復華台灣科技優息,73,31,42,第一金-台中,2023-11-20,5382
2314,台揚,28,0,28,第一金-台中,2023-11-20,5382
00687B,國泰20年美債,26,2,24,第一金-台中,2023-11-20,5382
5521,工信,24,2,22,第一金-台中,2023-11-20,5382
5236,凌陽創新,23,2,21,第一金-台中,2023-11-20,5382
00650L,復華香港正2,15,0,15,第一金-台中,2023-11-20,5382
3006,晶豪科,28,13,15,第一金-台中,2023-11-20,5382
2489,瑞軒,15,1,14,第一金-台中,2023-11-20,5382
2905,三商,14,0,14,第一金-台中,2023-11-20,5382
5706,鳳凰,18,5,13,第一金-台中,2023-11-20,5382
5607,遠雄港,13,0,13,第一金-台中,2023-11-20,5382
2610,華航,12,0,12,第一金-台中,2023-11-20,5382
3031,佰鴻,13,1,12,第一金-台中,2023-11-20,5382
6219,富旺,41,30,11,第一金-台中,2023-11-20,5382
6418,詠昇,11,0,11,第一金-台中,2023-11-20,5382
6558,興能高,24,13,11,第一金-台中,2023-11-20,5382
2462,良得電,13,3,10,第一金-台中,2023-11-20,5382
6205,詮欣,10,0,10,第一金-台中,2023-11-20,5382
6592,和潤企業,10,0,10,第一金-台中,2023-11-20,5382
2313,華通,185,175,10,第一金-台中,2023-11-20,5382
2303,聯電,27,18,9,第一金-台中,2023-11-20,5382
3013,晟銘電,12,3,9,第一金-台中,2023-11-20,5382
00878,國泰永續高股息,12,3,9,第一金-台中,2023-11-20,5382
2363,矽統,39,31,8,第一金-台中,2023-11-20,5382
00757,統一FANG+,8,0,8,第一金-台中,2023-11-20,5382
1515,力山,8,0,8,第一金-台中,2023-11-20,5382
2367,燿華,56,48,8,第一金-台中,2023-11-20,5382
1810,和成,7,0,7,第一金-台中,2023-11-20,5382
2230,泰茂,7,0,7,第一金-台中,2023-11-20,5382
2356,英業達,11,5,6,第一金-台中,2023-11-20,5382
2409,友達,6,0,6,第一金-台中,2023-11-20,5382
5465,富驊,6,0,6,第一金-台中,2023-11-20,5382
6126,信音,6,0,6,第一金-台中,2023-11-20,5382
3548,兆利,7,1,6,第一金-台中,2023-11-20,5382
6235,華孚,7,1,6,第一金-台中,2023-11-20,5382
3545,敦泰,28,22,6,第一金-台中,2023-11-20,5382
0056,元大高股息,9,4,5,第一金-台中,2023-11-20,5382
1402,遠東新,5,0,5,第一金-台中,2023-11-20,5382
1229,聯華,5,0,5,第一金-台中,2023-11-20,5382
1711,永光,5,0,5,第一金-台中,2023-11-20,5382
2402,毅嘉,24,19,5,第一金-台中,2023-11-20,5382
2482,連宇,6,1,5,第一金-台中,2023-11-20,5382
2736,富野,9,4,5,第一金-台中,2023-11-20,5382
2258,鴻華先進-創,378,0,378,第一金-台中,2023-11-21,5382
3703,欣陸,100,0,100,第一金-台中,2023-11-21,5382
00720B,元大投資級公司債,42,0,42,第一金-台中,2023-11-21,5382
5292,華懋,44,3,41,第一金-台中,2023-11-21,5382
3041,揚智,98,62,36,第一金-台中,2023-11-21,5382
5525,順天,30,0,30,第一金-台中,2023-11-21,5382
5348,正能量智能,27,0,27,第一金-台中,2023-11-21,5382
4979,華星光,45,19,26,第一金-台中,2023-11-21,5382
00679B,元大美債20年,24,1,23,第一金-台中,2023-11-21,5382
3483,力致,52,29,23,第一金-台中,2023-11-21,5382
3583,辛耘,40,18,22,第一金-台中,2023-11-21,5382
2543,皇昌,20,0,20,第一金-台中,2023-11-21,5382
3706,神達,33,16,17,第一金-台中,2023-11-21,5382
8011,台通,28,12,16,第一金-台中,2023-11-21,5382
6237,驊訊,33,17,16,第一金-台中,2023-11-21,5382
2356,英業達,70,55,15,第一金-台中,2023-11-21,5382
3268,海德威,14,0,14,第一金-台中,2023-11-21,5382
8210,勤誠,14,0,14,第一金-台中,2023-11-21,5382
4550,長佳,15,2,13,第一金-台中,2023-11-21,5382
5351,鈺創,60,47,13,第一金-台中,2023-11-21,5382
2027,大成鋼,12,0,12,第一金-台中,2023-11-21,5382
00680L,元大美債20正2,10,0,10,第一金-台中,2023-11-21,5382
00882,中信中國高股息,10,0,10,第一金-台中,2023-11-21,5382
1721,三晃,10,0,10,第一金-台中,2023-11-21,5382
2344,華邦電,10,0,10,第一金-台中,2023-11-21,5382
2633,台灣高鐵,10,0,10,第一金-台中,2023-11-21,5382
4426,利勤,10,0,10,第一金-台中,2023-11-21,5382
5498,凱崴,10,0,10,第一金-台中,2023-11-21,5382
5523,豐謙,10,0,10,第一金-台中,2023-11-21,5382
6517,保勝光學,10,0,10,第一金-台中,2023-11-21,5382
5388,中磊,10,0,10,第一金-台中,2023-11-21,5382
00885,富邦越南,10,1,9,第一金-台中,2023-11-21,5382
2489,瑞軒,10,1,9,第一金-台中,2023-11-21,5382
3047,訊舟,22,14,8,第一金-台中,2023-11-21,5382
1568,倉佑,7,0,7,第一金-台中,2023-11-21,5382
2402,毅嘉,38,31,7,第一金-台中,2023-11-21,5382
8034,榮群,7,0,7,第一金-台中,2023-11-21,5382
6125,廣運,34,27,7,第一金-台中,2023-11-21,5382
3035,智原,13,7,6,第一金-台中,2023-11-21,5382
2355,敬鵬,57,51,6,第一金-台中,2023-11-21,5382
2462,良得電,6,0,6,第一金-台中,2023-11-21,5382
2634,漢翔,6,0,6,第一金-台中,2023-11-21,5382
3306,鼎天,6,0,6,第一金-台中,2023-11-21,5382
3481,群創,9,3,6,第一金-台中,2023-11-21,5382
4543,萬在,8,2,6,第一金-台中,2023-11-21,5382
5452,佶優,8,2,6,第一金-台中,2023-11-21,5382
3694,海華,9,4,5,第一金-台中,2023-11-21,5382
00905,FT臺灣Smart,5,0,5,第一金-台中,2023-11-21,5382
2206,三陽工業,6,1,5,第一金-台中,2023-11-21,5382
2436,偉詮電,6,1,5,第一金-台中,2023-11-21,5382
2206,三陽工業,130,1,129,第一金-台中,2023-11-22,5382
00751B,元大AAA至A公司債,81,0,81,第一金-台中,2023-11-22,5382
2851,中再保,50,0,50,第一金-台中,2023-11-22,5382
0056,元大高股息,48,4,44,第一金-台中,2023-11-22,5382
6494,九齊,36,0,36,第一金-台中,2023-11-22,5382
3231,緯創,49,19,30,第一金-台中,2023-11-22,5382
2399,映泰,30,0,30,第一金-台中,2023-11-22,5382
6579,研揚,27,1,26,第一金-台中,2023-11-22,5382
5272,笙科,25,0,25,第一金-台中,2023-11-22,5382
5531,鄉林,35,10,25,第一金-台中,2023-11-22,5382
00882,中信中國高股息,25,1,24,第一金-台中,2023-11-22,5382
2618,長榮航,34,10,24,第一金-台中,2023-11-22,5382
5348,正能量智能,24,0,24,第一金-台中,2023-11-22,5382
6411,晶焱,27,4,23,第一金-台中,2023-11-22,5382
2382,廣達,26,5,21,第一金-台中,2023-11-22,5382
3169,亞信,22,1,21,第一金-台中,2023-11-22,5382
00929,復華台灣科技優息,33,13,20,第一金-台中,2023-11-22,5382
3005,神基,26,6,20,第一金-台中,2023-11-22,5382
3402,漢科,20,0,20,第一金-台中,2023-11-22,5382
5512,力麒,70,50,20,第一金-台中,2023-11-22,5382
6756,威鋒電子,20,1,19,第一金-台中,2023-11-22,5382
6125,廣運,31,13,18,第一金-台中,2023-11-22,5382
00722B,群益投資級電信債,17,0,17,第一金-台中,2023-11-22,5382
4426,利勤,15,0,15,第一金-台中,2023-11-22,5382
2356,英業達,16,2,14,第一金-台中,2023-11-22,5382
00679B,元大美債20年,13,0,13,第一金-台中,2023-11-22,5382
2367,燿華,55,42,13,第一金-台中,2023-11-22,5382
5009,榮剛,14,2,12,第一金-台中,2023-11-22,5382
2883,凱基金,11,0,11,第一金-台中,2023-11-22,5382
1101,台泥,11,0,11,第一金-台中,2023-11-22,5382
00936,台新永續高息中小,11,0,11,第一金-台中,2023-11-22,5382
1597,直得,11,0,11,第一金-台中,2023-11-22,5382
5351,鈺創,29,18,11,第一金-台中,2023-11-22,5382
6695,芯鼎,11,0,11,第一金-台中,2023-11-22,5382
00919,群益台灣精選高息,10,0,10,第一金-台中,2023-11-22,5382
2357,華碩,10,0,10,第一金-台中,2023-11-22,5382
1584,精剛,10,0,10,第一金-台中,2023-11-22,5382
3494,誠研,10,0,10,第一金-台中,2023-11-22,5382
6122,擎邦,13,3,10,第一金-台中,2023-11-22,5382
2405,輔信,31,22,9,第一金-台中,2023-11-22,5382
2543,皇昌,9,0,9,第一金-台中,2023-11-22,5382
6104,創惟,19,10,9,第一金-台中,2023-11-22,5382
6770,力積電,14,5,9,第一金-台中,2023-11-22,5382
5347,世界,11,3,8,第一金-台中,2023-11-22,5382
2376,技嘉,22,15,7,第一金-台中,2023-11-22,5382
2347,聯強,11,4,7,第一金-台中,2023-11-22,5382
2363,矽統,51,44,7,第一金-台中,2023-11-22,5382
3325,旭品,21,14,7,第一金-台中,2023-11-22,5382
6118,建達,13,6,7,第一金-台中,2023-11-22,5382
2610,華航,20,13,7,第一金-台中,2023-11-22,5382
4414,如興,239,0,239,第一金-台中,2023-11-23,5382
2258,鴻華先進-創,150,0,150,第一金-台中,2023-11-23,5382
1795,美時,62,2,60,第一金-台中,2023-11-23,5382
1447,力鵬,55,0,55,第一金-台中,2023-11-23,5382
00929,復華台灣科技優息,40,5,35,第一金-台中,2023-11-23,5382
3390,旭軟,30,0,30,第一金-台中,2023-11-23,5382
3035,智原,33,6,27,第一金-台中,2023-11-23,5382
1444,力麗,25,0,25,第一金-台中,2023-11-23,5382
00885,富邦越南,22,0,22,第一金-台中,2023-11-23,5382
3041,揚智,53,32,21,第一金-台中,2023-11-23,5382
00882,中信中國高股息,21,0,21,第一金-台中,2023-11-23,5382
1905,華紙,20,0,20,第一金-台中,2023-11-23,5382
2323,中環,20,0,20,第一金-台中,2023-11-23,5382
3060,銘異,20,0,20,第一金-台中,2023-11-23,5382
3094,聯傑,65,45,20,第一金-台中,2023-11-23,5382
5215,科嘉-KY,20,0,20,第一金-台中,2023-11-23,5382
2049,上銀,22,4,18,第一金-台中,2023-11-23,5382
2515,中工,16,0,16,第一金-台中,2023-11-23,5382
6799,來頡,17,1,16,第一金-台中,2023-11-23,5382
6139,亞翔,17,2,15,第一金-台中,2023-11-23,5382
6472,保瑞,15,0,15,第一金-台中,2023-11-23,5382
6237,驊訊,51,38,13,第一金-台中,2023-11-23,5382
3231,緯創,27,14,13,第一金-台中,2023-11-23,5382
3715,定穎投控,56,43,13,第一金-台中,2023-11-23,5382
00919,群益台灣精選高息,12,0,12,第一金-台中,2023-11-23,5382
2610,華航,29,17,12,第一金-台中,2023-11-23,5382
2380,虹光,12,0,12,第一金-台中,2023-11-23,5382
2457,飛宏,17,5,12,第一金-台中,2023-11-23,5382
4743,合一,12,0,12,第一金-台中,2023-11-23,5382
00715L,期街口布蘭特正2,11,0,11,第一金-台中,2023-11-23,5382
2851,中再保,11,0,11,第一金-台中,2023-11-23,5382
6275,元山,11,0,11,第一金-台中,2023-11-23,5382
5521,工信,11,0,11,第一金-台中,2023-11-23,5382
00927,群益半導體收益,11,1,10,第一金-台中,2023-11-23,5382
1457,宜進,10,0,10,第一金-台中,2023-11-23,5382
2399,映泰,10,0,10,第一金-台中,2023-11-23,5382
4960,誠美材,10,0,10,第一金-台中,2023-11-23,5382
5465,富驊,11,1,10,第一金-台中,2023-11-23,5382
5706,鳳凰,43,33,10,第一金-台中,2023-11-23,5382
8940,新天地,10,0,10,第一金-台中,2023-11-23,5382
2230,泰茂,10,1,9,第一金-台中,2023-11-23,5382
2355,敬鵬,22,13,9,第一金-台中,2023-11-23,5382
3234,光環,10,1,9,第一金-台中,2023-11-23,5382
8054,安國,43,34,9,第一金-台中,2023-11-23,5382
1582,信錦,9,0,9,第一金-台中,2023-11-23,5382
5236,凌陽創新,10,2,8,第一金-台中,2023-11-23,5382
2495,普安,8,0,8,第一金-台中,2023-11-23,5382
6118,建達,8,0,8,第一金-台中,2023-11-23,5382
6129,普誠,8,0,8,第一金-台中,2023-11-23,5382
5348,正能量智能,7,0,7,第一金-台中,2023-11-23,5382
4960,誠美材,85,0,85,第一金-台中,2023-11-24,5382
1732,毛寶,60,10,50,第一金-台中,2023-11-24,5382
1815,富喬,43,0,43,第一金-台中,2023-11-24,5382
2385,群光,42,0,42,第一金-台中,2023-11-24,5382
5351,鈺創,75,36,39,第一金-台中,2023-11-24,5382
5876,上海商銀,33,0,33,第一金-台中,2023-11-24,5382
1519,華城,35,2,33,第一金-台中,2023-11-24,5382
3231,緯創,37,5,32,第一金-台中,2023-11-24,5382
2356,英業達,32,0,32,第一金-台中,2023-11-24,5382
1432,大魯閣,30,0,30,第一金-台中,2023-11-24,5382
1513,中興電,49,23,26,第一金-台中,2023-11-24,5382
3047,訊舟,26,2,24,第一金-台中,2023-11-24,5382
2867,三商壽,24,2,22,第一金-台中,2023-11-24,5382
00885,富邦越南,30,10,20,第一金-台中,2023-11-24,5382
5292,華懋,21,3,18,第一金-台中,2023-11-24,5382
3701,大眾控,17,0,17,第一金-台中,2023-11-24,5382
4971,IET-KY,17,0,17,第一金-台中,2023-11-24,5382
2401,凌陽,24,8,16,第一金-台中,2023-11-24,5382
3005,神基,16,0,16,第一金-台中,2023-11-24,5382
00679B,元大美債20年,15,0,15,第一金-台中,2023-11-24,5382
2108,南帝,15,0,15,第一金-台中,2023-11-24,5382
2371,大同,18,3,15,第一金-台中,2023-11-24,5382
3483,力致,14,1,13,第一金-台中,2023-11-24,5382
5443,均豪,13,0,13,第一金-台中,2023-11-24,5382
2313,華通,154,142,12,第一金-台中,2023-11-24,5382
1325,恆大,36,25,11,第一金-台中,2023-11-24,5382
3437,榮創,34,23,11,第一金-台中,2023-11-24,5382
1524,耿鼎,10,0,10,第一金-台中,2023-11-24,5382
2323,中環,10,0,10,第一金-台中,2023-11-24,5382
3666,光耀,10,0,10,第一金-台中,2023-11-24,5382
4119,旭富,10,0,10,第一金-台中,2023-11-24,5382
6120,達運,10,0,10,第一金-台中,2023-11-24,5382
6901,鑽石投資,10,0,10,第一金-台中,2023-11-24,5382
9919,康那香,20,10,10,第一金-台中,2023-11-24,5382
3006,晶豪科,8,0,8,第一金-台中,2023-11-24,5382
00902,中信電池及儲能,8,0,8,第一金-台中,2023-11-24,5382
2495,普安,8,0,8,第一金-台中,2023-11-24,5382
3325,旭品,11,3,8,第一金-台中,2023-11-24,5382
6462,神盾,24,16,8,第一金-台中,2023-11-24,5382
3715,定穎投控,41,34,7,第一金-台中,2023-11-24,5382
2609,陽明,7,0,7,第一金-台中,2023-11-24,5382
3051,力特,7,0,7,第一金-台中,2023-11-24,5382
4133,亞諾法,7,0,7,第一金-台中,2023-11-24,5382
1603,華電,8,1,7,第一金-台中,2023-11-24,5382
5347,世界,13,6,7,第一金-台中,2023-11-24,5382
2382,廣達,10,3,7,第一金-台中,2023-11-24,5382
2492,華新科,8,2,6,第一金-台中,2023-11-24,5382
1514,亞力,37,31,6,第一金-台中,2023-11-24,5382
6235,華孚,10,4,6,第一金-台中,2023-11-24,5382
3228,金麗科,6,0,6,第一金-台中,2023-11-24,5382
4414,如興,246,0,246,第一金-台中,2023-11-27,5382
1760,寶齡富錦,84,14,70,第一金-台中,2023-11-27,5382
2883,凱基金,63,0,63,第一金-台中,2023-11-27,5382
1701,中化,66,7,59,第一金-台中,2023-11-27,5382
6462,神盾,61,10,51,第一金-台中,2023-11-27,5382
4114,健喬,51,8,43,第一金-台中,2023-11-27,5382
3701,大眾控,42,0,42,第一金-台中,2023-11-27,5382
4133,亞諾法,42,0,42,第一金-台中,2023-11-27,5382
4121,優盛,40,0,40,第一金-台中,2023-11-27,5382
1752,南光,38,0,38,第一金-台中,2023-11-27,5382
00919,群益台灣精選高息,38,6,32,第一金-台中,2023-11-27,5382
00679B,元大美債20年,31,0,31,第一金-台中,2023-11-27,5382
3231,緯創,25,1,24,第一金-台中,2023-11-27,5382
00885,富邦越南,22,0,22,第一金-台中,2023-11-27,5382
2108,南帝,26,5,21,第一金-台中,2023-11-27,5382
1720,生達,24,4,20,第一金-台中,2023-11-27,5382
00882,中信中國高股息,19,0,19,第一金-台中,2023-11-27,5382
2353,宏��,41,22,19,第一金-台中,2023-11-27,5382
9919,康那香,20,2,18,第一金-台中,2023-11-27,5382
2492,華新科,24,7,17,第一金-台中,2023-11-27,5382
00878,國泰永續高股息,17,1,16,第一金-台中,2023-11-27,5382
3017,奇鋐,21,5,16,第一金-台中,2023-11-27,5382
00936,台新永續高息中小,15,0,15,第一金-台中,2023-11-27,5382
2495,普安,17,2,15,第一金-台中,2023-11-27,5382
3094,聯傑,16,2,14,第一金-台中,2023-11-27,5382
6118,建達,14,0,14,第一金-台中,2023-11-27,5382
00902,中信電池及儲能,13,0,13,第一金-台中,2023-11-27,5382
2390,云辰,25,12,13,第一金-台中,2023-11-27,5382
00687B,國泰20年美債,12,0,12,第一金-台中,2023-11-27,5382
2382,廣達,19,7,12,第一金-台中,2023-11-27,5382
00931B,統一美債20年,12,0,12,第一金-台中,2023-11-27,5382
00891,中信關鍵半導體,12,0,12,第一金-台中,2023-11-27,5382
00632R,元大台灣50反1,14,3,11,第一金-台中,2023-11-27,5382
3041,揚智,13,2,11,第一金-台中,2023-11-27,5382
2610,華航,11,1,10,第一金-台中,2023-11-27,5382
6271,同欣電,10,0,10,第一金-台中,2023-11-27,5382
00933B,國泰10Y+金融債,10,0,10,第一金-台中,2023-11-27,5382
1325,恆大,10,0,10,第一金-台中,2023-11-27,5382
3056,富華新,11,1,10,第一金-台中,2023-11-27,5382
3373,熱映,10,0,10,第一金-台中,2023-11-27,5382
4127,天良,10,0,10,第一金-台中,2023-11-27,5382
4945,陞達科技,10,0,10,第一金-台中,2023-11-27,5382
0056,元大高股息,19,11,8,第一金-台中,2023-11-27,5382
00923,群益台ESG低碳50,8,0,8,第一金-台中,2023-11-27,5382
2489,瑞軒,13,5,8,第一金-台中,2023-11-27,5382
8054,安國,25,17,8,第一金-台中,2023-11-27,5382
2634,漢翔,10,2,8,第一金-台中,2023-11-27,5382
1732,毛寶,10,3,7,第一金-台中,2023-11-27,5382
2105,正新,7,0,7,第一金-台中,2023-11-27,5382
3694,海華,7,0,7,第一金-台中,2023-11-27,5382
2355,敬鵬,203,11,192,第一金-台中,2023-11-28,5382
4414,如興,127,0,127,第一金-台中,2023-11-28,5382
00632R,元大台灣50反1,100,0,100,第一金-台中,2023-11-28,5382
00885,富邦越南,49,0,49,第一金-台中,2023-11-28,5382
6806,森崴能源,33,0,33,第一金-台中,2023-11-28,5382
2303,聯電,32,1,31,第一金-台中,2023-11-28,5382
2367,燿華,79,51,28,第一金-台中,2023-11-28,5382
3715,定穎投控,45,23,22,第一金-台中,2023-11-28,5382
1802,台玻,20,0,20,第一金-台中,2023-11-28,5382
3060,銘異,20,0,20,第一金-台中,2023-11-28,5382
8940,新天地,20,0,20,第一金-台中,2023-11-28,5382
6122,擎邦,20,3,17,第一金-台中,2023-11-28,5382
5347,世界,18,5,13,第一金-台中,2023-11-28,5382
00757,統一FANG+,13,0,13,第一金-台中,2023-11-28,5382
2371,大同,14,1,13,第一金-台中,2023-11-28,5382
2330,台積電,12,0,12,第一金-台中,2023-11-28,5382
2641,正德,46,34,12,第一金-台中,2023-11-28,5382
5348,正能量智能,12,0,12,第一金-台中,2023-11-28,5382
3147,大綜,12,0,12,第一金-台中,2023-11-28,5382
2383,台光電,11,0,11,第一金-台中,2023-11-28,5382
5351,鈺創,65,54,11,第一金-台中,2023-11-28,5382
6111,大宇資,11,0,11,第一金-台中,2023-11-28,5382
6805,富世達,12,1,11,第一金-台中,2023-11-28,5382
2606,裕民,65,54,11,第一金-台中,2023-11-28,5382
00882,中信中國高股息,10,0,10,第一金-台中,2023-11-28,5382
2108,南帝,10,0,10,第一金-台中,2023-11-28,5382
2323,中環,10,0,10,第一金-台中,2023-11-28,5382
2421,建準,13,3,10,第一金-台中,2023-11-28,5382
4743,合一,10,0,10,第一金-台中,2023-11-28,5382
6274,台燿,17,7,10,第一金-台中,2023-11-28,5382
3545,敦泰,27,17,10,第一金-台中,2023-11-28,5382
2363,矽統,18,9,9,第一金-台中,2023-11-28,5382
1710,東聯,8,0,8,第一金-台中,2023-11-28,5382
2002,中鋼,8,0,8,第一金-台中,2023-11-28,5382
3041,揚智,19,11,8,第一金-台中,2023-11-28,5382
1519,華城,17,9,8,第一金-台中,2023-11-28,5382
6173,信昌電,8,1,7,第一金-台中,2023-11-28,5382
2408,南亞科,11,4,7,第一金-台中,2023-11-28,5382
00715L,期街口布蘭特正2,6,0,6,第一金-台中,2023-11-28,5382
1752,南光,6,0,6,第一金-台中,2023-11-28,5382
2352,佳世達,6,0,6,第一金-台中,2023-11-28,5382
2449,京元電子,6,0,6,第一金-台中,2023-11-28,5382
2882,國泰金,6,0,6,第一金-台中,2023-11-28,5382
3682,亞太電,6,0,6,第一金-台中,2023-11-28,5382
4157,太景*-KY,6,0,6,第一金-台中,2023-11-28,5382
5471,松翰,8,2,6,第一金-台中,2023-11-28,5382
3037,欣興,5,0,5,第一金-台中,2023-11-28,5382
1524,耿鼎,5,0,5,第一金-台中,2023-11-28,5382
3017,奇鋐,6,1,5,第一金-台中,2023-11-28,5382
1449,佳和,12,7,5,第一金-台中,2023-11-28,5382
3147,大綜,298,0,298,第一金-台中,2023-11-29,5382
2376,技嘉,207,17,190,第一金-台中,2023-11-29,5382
4414,如興,145,0,145,第一金-台中,2023-11-29,5382
2355,敬鵬,111,10,101,第一金-台中,2023-11-29,5382
3047,訊舟,66,2,64,第一金-台中,2023-11-29,5382
5328,華容,56,2,54,第一金-台中,2023-11-29,5382
2380,虹光,50,0,50,第一金-台中,2023-11-29,5382
2409,友達,50,1,49,第一金-台中,2023-11-29,5382
2492,華新科,66,21,45,第一金-台中,2023-11-29,5382
00882,中信中國高股息,42,0,42,第一金-台中,2023-11-29,5382
2465,麗臺,48,7,41,第一金-台中,2023-11-29,5382
4561,健椿,30,0,30,第一金-台中,2023-11-29,5382
2369,菱生,82,55,27,第一金-台中,2023-11-29,5382
1815,富喬,21,0,21,第一金-台中,2023-11-29,5382
6117,迎廣,31,10,21,第一金-台中,2023-11-29,5382
2603,長榮,20,0,20,第一金-台中,2023-11-29,5382
2610,華航,19,0,19,第一金-台中,2023-11-29,5382
6695,芯鼎,22,4,18,第一金-台中,2023-11-29,5382
2609,陽明,20,2,18,第一金-台中,2023-11-29,5382
2108,南帝,15,0,15,第一金-台中,2023-11-29,5382
2891,中信金,14,0,14,第一金-台中,2023-11-29,5382
4167,松瑞藥,13,0,13,第一金-台中,2023-11-29,5382
00933B,國泰10Y+金融債,13,0,13,第一金-台中,2023-11-29,5382
00934,中信成長高股息,13,0,13,第一金-台中,2023-11-29,5382
1432,大魯閣,13,0,13,第一金-台中,2023-11-29,5382
5348,正能量智能,13,0,13,第一金-台中,2023-11-29,5382
2867,三商壽,13,1,12,第一金-台中,2023-11-29,5382
2542,興富發,12,0,12,第一金-台中,2023-11-29,5382
3083,網龍,12,0,12,第一金-台中,2023-11-29,5382
00632R,元大台灣50反1,10,0,10,第一金-台中,2023-11-29,5382
00753L,中信中國50正2,10,0,10,第一金-台中,2023-11-29,5382
1612,宏泰,10,0,10,第一金-台中,2023-11-29,5382
1732,毛寶,21,11,10,第一金-台中,2023-11-29,5382
2323,中環,10,0,10,第一金-台中,2023-11-29,5382
3325,旭品,10,0,10,第一金-台中,2023-11-29,5382
1605,華新,9,0,9,第一金-台中,2023-11-29,5382
2313,華通,78,69,9,第一金-台中,2023-11-29,5382
2405,輔信,11,2,9,第一金-台中,2023-11-29,5382
3515,華擎,11,2,9,第一金-台中,2023-11-29,5382
00919,群益台灣精選高息,10,1,9,第一金-台中,2023-11-29,5382
2383,台光電,9,1,8,第一金-台中,2023-11-29,5382
3317,尼克森,8,0,8,第一金-台中,2023-11-29,5382
1810,和成,7,0,7,第一金-台中,2023-11-29,5382
2344,華邦電,22,15,7,第一金-台中,2023-11-29,5382
3055,蔚華科,7,0,7,第一金-台中,2023-11-29,5382
3704,合勤控,13,6,7,第一金-台中,2023-11-29,5382
6284,佳邦,28,21,7,第一金-台中,2023-11-29,5382
6451,訊芯-KY,19,12,7,第一金-台中,2023-11-29,5382
2618,長榮航,78,72,6,第一金-台中,2023-11-29,5382
1504,東元,6,0,6,第一金-台中,2023-11-29,5382
2258,鴻華先進-創,166,0,166,第一金-台中,2023-11-30,5382
2355,敬鵬,84,16,68,第一金-台中,2023-11-30,5382
5452,佶優,65,2,63,第一金-台中,2023-11-30,5382
00882,中信中國高股息,45,0,45,第一金-台中,2023-11-30,5382
5521,工信,45,0,45,第一金-台中,2023-11-30,5382
2352,佳世達,42,0,42,第一金-台中,2023-11-30,5382
00919,群益台灣精選高息,34,0,34,第一金-台中,2023-11-30,5382
00885,富邦越南,26,0,26,第一金-台中,2023-11-30,5382
1909,榮成,25,0,25,第一金-台中,2023-11-30,5382
6180,橘子,26,1,25,第一金-台中,2023-11-30,5382
6806,森崴能源,20,0,20,第一金-台中,2023-11-30,5382
2313,華通,49,29,20,第一金-台中,2023-11-30,5382
6538,倉和,23,3,20,第一金-台中,2023-11-30,5382
6593,台灣銘板,35,15,20,第一金-台中,2023-11-30,5382
3390,旭軟,19,0,19,第一金-台中,2023-11-30,5382
3231,緯創,20,2,18,第一金-台中,2023-11-30,5382
6933,AMAX-KY,18,0,18,第一金-台中,2023-11-30,5382
2338,光罩,24,6,18,第一金-台中,2023-11-30,5382
4979,華星光,28,11,17,第一金-台中,2023-11-30,5382
1514,亞力,52,37,15,第一金-台中,2023-11-30,5382
00934,中信成長高股息,15,0,15,第一金-台中,2023-11-30,5382
1314,中石化,15,0,15,第一金-台中,2023-11-30,5382
2108,南帝,15,0,15,第一金-台中,2023-11-30,5382
2618,長榮航,16,2,14,第一金-台中,2023-11-30,5382
1795,美時,14,1,13,第一金-台中,2023-11-30,5382
3031,佰鴻,13,0,13,第一金-台中,2023-11-30,5382
3055,蔚華科,20,7,13,第一金-台中,2023-11-30,5382
4743,合一,13,0,13,第一金-台中,2023-11-30,5382
1815,富喬,12,0,12,第一金-台中,2023-11-30,5382
5351,鈺創,13,1,12,第一金-台中,2023-11-30,5382
00878,國泰永續高股息,14,2,12,第一金-台中,2023-11-30,5382
2436,偉詮電,11,0,11,第一金-台中,2023-11-30,5382
4550,長佳,14,3,11,第一金-台中,2023-11-30,5382
1519,華城,19,8,11,第一金-台中,2023-11-30,5382
1727,中華化,20,10,10,第一金-台中,2023-11-30,5382
4133,亞諾法,22,12,10,第一金-台中,2023-11-30,5382
4971,IET-KY,10,0,10,第一金-台中,2023-11-30,5382
5608,四維航,15,5,10,第一金-台中,2023-11-30,5382
0056,元大高股息,12,3,9,第一金-台中,2023-11-30,5382
2382,廣達,13,5,8,第一金-台中,2023-11-30,5382
2609,陽明,10,2,8,第一金-台中,2023-11-30,5382
3260,威剛,8,0,8,第一金-台中,2023-11-30,5382
00722B,群益投資級電信債,8,0,8,第一金-台中,2023-11-30,5382
3059,華晶科,18,10,8,第一金-台中,2023-11-30,5382
5348,正能量智能,8,0,8,第一金-台中,2023-11-30,5382
8927,北基,11,3,8,第一金-台中,2023-11-30,5382
2332,友訊,9,2,7,第一金-台中,2023-11-30,5382
2634,漢翔,7,0,7,第一金-台中,2023-11-30,5382
1432,大魯閣,7,0,7,第一金-台中,2023-11-30,5382
1445,大宇,8,1,7,第一金-台中,2023-11-30,5382
2355,敬鵬,243,63,180,第一金-台中,2023-12-01,5382
6233,旺玖,82,9,73,第一金-台中,2023-12-01,5382
1909,榮成,65,0,65,第一金-台中,2023-12-01,5382
2258,鴻華先進-創,64,0,64,第一金-台中,2023-12-01,5382
2367,燿華,98,43,55,第一金-台中,2023-12-01,5382
2352,佳世達,50,7,43,第一金-台中,2023-12-01,5382
2405,輔信,53,11,42,第一金-台中,2023-12-01,5382
00933B,國泰10Y+金融債,41,0,41,第一金-台中,2023-12-01,5382
2409,友達,40,2,38,第一金-台中,2023-12-01,5382
00919,群益台灣精選高息,42,7,35,第一金-台中,2023-12-01,5382
00715L,期街口布蘭特正2,32,0,32,第一金-台中,2023-12-01,5382
1591,駿吉-KY,29,0,29,第一金-台中,2023-12-01,5382
2888,新光金,26,0,26,第一金-台中,2023-12-01,5382
00929,復華台灣科技優息,29,5,24,第一金-台中,2023-12-01,5382
6625,必應,23,0,23,第一金-台中,2023-12-01,5382
00632R,元大台灣50反1,22,0,22,第一金-台中,2023-12-01,5382
1339,昭輝,23,2,21,第一金-台中,2023-12-01,5382
3390,旭軟,21,0,21,第一金-台中,2023-12-01,5382
6693,廣閎科,21,0,21,第一金-台中,2023-12-01,5382
3086,華義,20,0,20,第一金-台中,2023-12-01,5382
3312,弘憶股,21,1,20,第一金-台中,2023-12-01,5382
3231,緯創,32,13,19,第一金-台中,2023-12-01,5382
00706L,期元大S＆P日圓正2,19,0,19,第一金-台中,2023-12-01,5382
4550,長佳,21,3,18,第一金-台中,2023-12-01,5382
4735,豪展,18,0,18,第一金-台中,2023-12-01,5382
1905,華紙,25,8,17,第一金-台中,2023-12-01,5382
00878,國泰永續高股息,18,3,15,第一金-台中,2023-12-01,5382
3704,合勤控,16,1,15,第一金-台中,2023-12-01,5382
5348,正能量智能,17,2,15,第一金-台中,2023-12-01,5382
6194,育富,16,1,15,第一金-台中,2023-12-01,5382
5227,立凱-KY,12,0,12,第一金-台中,2023-12-01,5382
6111,大宇資,31,19,12,第一金-台中,2023-12-01,5382
8110,華東,12,0,12,第一金-台中,2023-12-01,5382
2618,長榮航,13,2,11,第一金-台中,2023-12-01,5382
2388,威盛,16,5,11,第一金-台中,2023-12-01,5382
9919,康那香,19,8,11,第一金-台中,2023-12-01,5382
4114,健喬,23,13,10,第一金-台中,2023-12-01,5382
00753L,中信中國50正2,10,0,10,第一金-台中,2023-12-01,5382
2543,皇昌,10,0,10,第一金-台中,2023-12-01,5382
3138,耀登,10,0,10,第一金-台中,2023-12-01,5382
6122,擎邦,11,1,10,第一金-台中,2023-12-01,5382
3041,揚智,40,30,10,第一金-台中,2023-12-01,5382
3706,神達,17,7,10,第一金-台中,2023-12-01,5382
00679B,元大美債20年,9,0,9,第一金-台中,2023-12-01,5382
2317,鴻海,9,0,9,第一金-台中,2023-12-01,5382
2108,南帝,10,1,9,第一金-台中,2023-12-01,5382
6104,創惟,9,0,9,第一金-台中,2023-12-01,5382
6143,振曜,13,4,9,第一金-台中,2023-12-01,5382
6494,九齊,10,1,9,第一金-台中,2023-12-01,5382
2002,中鋼,9,0,9,第一金-台中,2023-12-01,5382
3481,群創,121,29,92,第一金-台中,2023-12-04,5382
3013,晟銘電,126,72,54,第一金-台中,2023-12-04,5382
1522,堤維西,61,8,53,第一金-台中,2023-12-04,5382
2637,慧洋-KY,58,8,50,第一金-台中,2023-12-04,5382
2883B,凱基金乙特,50,0,50,第一金-台中,2023-12-04,5382
4735,豪展,60,11,49,第一金-台中,2023-12-04,5382
2355,敬鵬,304,259,45,第一金-台中,2023-12-04,5382
2009,第一銅,88,47,41,第一金-台中,2023-12-04,5382
00715L,期街口布蘭特正2,54,14,40,第一金-台中,2023-12-04,5382
00753L,中信中國50正2,35,0,35,第一金-台中,2023-12-04,5382
6125,廣運,54,19,35,第一金-台中,2023-12-04,5382
4971,IET-KY,33,2,31,第一金-台中,2023-12-04,5382
00720B,元大投資級公司債,30,0,30,第一金-台中,2023-12-04,5382
2313,華通,150,123,27,第一金-台中,2023-12-04,5382
2363,矽統,35,9,26,第一金-台中,2023-12-04,5382
3021,鴻名,25,0,25,第一金-台中,2023-12-04,5382
1504,東元,26,2,24,第一金-台中,2023-12-04,5382
8054,安國,38,16,22,第一金-台中,2023-12-04,5382
6285,啟��,26,4,22,第一金-台中,2023-12-04,5382
3264,欣銓,30,8,22,第一金-台中,2023-12-04,5382
00929,復華台灣科技優息,31,11,20,第一金-台中,2023-12-04,5382
5348,正能量智能,22,2,20,第一金-台中,2023-12-04,5382
6113,亞矽,19,0,19,第一金-台中,2023-12-04,5382
3017,奇鋐,22,4,18,第一金-台中,2023-12-04,5382
0056,元大高股息,29,13,16,第一金-台中,2023-12-04,5382
1608,華榮,31,15,16,第一金-台中,2023-12-04,5382
2615,萬海,49,33,16,第一金-台中,2023-12-04,5382
2329,華泰,57,42,15,第一金-台中,2023-12-04,5382
4174,浩鼎,15,0,15,第一金-台中,2023-12-04,5382
1809,中釉,14,0,14,第一金-台中,2023-12-04,5382
6282,康舒,15,3,12,第一金-台中,2023-12-04,5382
00637L,元大滬深300正2,12,0,12,第一金-台中,2023-12-04,5382
1710,東聯,12,0,12,第一金-台中,2023-12-04,5382
3483,力致,18,6,12,第一金-台中,2023-12-04,5382
1605,華新,20,9,11,第一金-台中,2023-12-04,5382
2332,友訊,11,0,11,第一金-台中,2023-12-04,5382
4121,優盛,11,0,11,第一金-台中,2023-12-04,5382
00632R,元大台灣50反1,11,0,11,第一金-台中,2023-12-04,5382
4968,立積,11,0,11,第一金-台中,2023-12-04,5382
6533,晶心科,12,1,11,第一金-台中,2023-12-04,5382
00893,國泰智能電動車,10,0,10,第一金-台中,2023-12-04,5382
3437,榮創,11,1,10,第一金-台中,2023-12-04,5382
6504,南六,10,0,10,第一金-台中,2023-12-04,5382
1514,亞力,83,73,10,第一金-台中,2023-12-04,5382
2618,長榮航,13,4,9,第一金-台中,2023-12-04,5382
6231,系微,12,3,9,第一金-台中,2023-12-04,5382
6245,立端,15,7,8,第一金-台中,2023-12-04,5382
3051,力特,13,5,8,第一金-台中,2023-12-04,5382
6111,大宇資,10,2,8,第一金-台中,2023-12-04,5382
00878,國泰永續高股息,12,4,8,第一金-台中,2023-12-04,5382
2313,華通,202,11,191,第一金-台中,2023-12-05,5382
00937B,群益ESG投等債20,105,34,71,第一金-台中,2023-12-05,5382
2606,裕民,107,59,48,第一金-台中,2023-12-05,5382
3588,通嘉,49,2,47,第一金-台中,2023-12-05,5382
0056,元大高股息,50,7,43,第一金-台中,2023-12-05,5382
2601,益航,50,10,40,第一金-台中,2023-12-05,5382
2610,華航,38,5,33,第一金-台中,2023-12-05,5382
6233,旺玖,32,2,30,第一金-台中,2023-12-05,5382
00679B,元大美債20年,28,0,28,第一金-台中,2023-12-05,5382
1905,華紙,26,0,26,第一金-台中,2023-12-05,5382
2641,正德,37,12,25,第一金-台中,2023-12-05,5382
1503,士電,53,28,25,第一金-台中,2023-12-05,5382
2539,櫻花建,24,0,24,第一金-台中,2023-12-05,5382
3013,晟銘電,58,37,21,第一金-台中,2023-12-05,5382
1513,中興電,59,39,20,第一金-台中,2023-12-05,5382
1308,亞聚,20,0,20,第一金-台中,2023-12-05,5382
2349,錸德,20,0,20,第一金-台中,2023-12-05,5382
5521,工信,19,0,19,第一金-台中,2023-12-05,5382
4114,健喬,21,3,18,第一金-台中,2023-12-05,5382
2883,凱基金,17,0,17,第一金-台中,2023-12-05,5382
00753L,中信中國50正2,17,0,17,第一金-台中,2023-12-05,5382
4167,松瑞藥,36,20,16,第一金-台中,2023-12-05,5382
6194,育富,40,24,16,第一金-台中,2023-12-05,5382
1605,華新,22,6,16,第一金-台中,2023-12-05,5382
00882,中信中國高股息,15,0,15,第一金-台中,2023-12-05,5382
3231,緯創,18,3,15,第一金-台中,2023-12-05,5382
1432,大魯閣,15,0,15,第一金-台中,2023-12-05,5382
3050,鈺德,14,0,14,第一金-台中,2023-12-05,5382
2376,技嘉,13,0,13,第一金-台中,2023-12-05,5382
3017,奇鋐,24,11,13,第一金-台中,2023-12-05,5382
6180,橘子,13,0,13,第一金-台中,2023-12-05,5382
00715L,期街口布蘭特正2,22,10,12,第一金-台中,2023-12-05,5382
8054,安國,15,4,11,第一金-台中,2023-12-05,5382
2882,國泰金,11,0,11,第一金-台中,2023-12-05,5382
3710,連展投控,11,0,11,第一金-台中,2023-12-05,5382
8936,國統,10,0,10,第一金-台中,2023-12-05,5382
00931B,統一美債20年,10,0,10,第一金-台中,2023-12-05,5382
00637L,元大滬深300正2,10,0,10,第一金-台中,2023-12-05,5382
2025,千興,10,0,10,第一金-台中,2023-12-05,5382
2496,卓越,10,0,10,第一金-台中,2023-12-05,5382
2888,新光金,10,0,10,第一金-台中,2023-12-05,5382
6792,詠業,10,0,10,第一金-台中,2023-12-05,5382
8088,品安,11,1,10,第一金-台中,2023-12-05,5382
5347,世界,10,0,10,第一金-台中,2023-12-05,5382
3035,智原,18,8,10,第一金-台中,2023-12-05,5382
2617,台航,18,9,9,第一金-台中,2023-12-05,5382
00751B,元大AAA至A公司債,8,0,8,第一金-台中,2023-12-05,5382
4121,優盛,10,2,8,第一金-台中,2023-12-05,5382
2413,環科,9,1,8,第一金-台中,2023-12-05,5382
6491,晶碩,7,0,7,第一金-台中,2023-12-05,5382
00637L,元大滬深300正2,314,9,305,第一金-台中,2023-12-06,5382
2409,友達,172,1,171,第一金-台中,2023-12-06,5382
2313,華通,131,18,113,第一金-台中,2023-12-06,5382
2883,凱基金,89,2,87,第一金-台中,2023-12-06,5382
2425,承啟,75,12,63,第一金-台中,2023-12-06,5382
6122,擎邦,53,0,53,第一金-台中,2023-12-06,5382
5292,華懋,46,3,43,第一金-台中,2023-12-06,5382
3138,耀登,50,12,38,第一金-台中,2023-12-06,5382
00937B,群益ESG投等債20,40,5,35,第一金-台中,2023-12-06,5382
00753L,中信中國50正2,35,0,35,第一金-台中,2023-12-06,5382
3078,僑威,35,0,35,第一金-台中,2023-12-06,5382
00715L,期街口布蘭特正2,34,0,34,第一金-台中,2023-12-06,5382
1529,樂事綠能,46,14,32,第一金-台中,2023-12-06,5382
1514,亞力,81,50,31,第一金-台中,2023-12-06,5382
00687B,國泰20年美債,29,0,29,第一金-台中,2023-12-06,5382
1605,華新,26,0,26,第一金-台中,2023-12-06,5382
3481,群創,26,0,26,第一金-台中,2023-12-06,5382
1313,聯成,25,0,25,第一金-台中,2023-12-06,5382
2543,皇昌,22,0,22,第一金-台中,2023-12-06,5382
1513,中興電,22,1,21,第一金-台中,2023-12-06,5382
1905,華紙,20,0,20,第一金-台中,2023-12-06,5382
3479,安勤,21,1,20,第一金-台中,2023-12-06,5382
3710,連展投控,20,0,20,第一金-台中,2023-12-06,5382
2371,大同,22,3,19,第一金-台中,2023-12-06,5382
00679B,元大美債20年,19,2,17,第一金-台中,2023-12-06,5382
2882,國泰金,15,0,15,第一金-台中,2023-12-06,5382
1712,興農,15,0,15,第一金-台中,2023-12-06,5382
4938,和碩,15,1,14,第一金-台中,2023-12-06,5382
00929,復華台灣科技優息,16,3,13,第一金-台中,2023-12-06,5382
2382,廣達,11,0,11,第一金-台中,2023-12-06,5382
2465,麗臺,11,0,11,第一金-台中,2023-12-06,5382
5236,凌陽創新,12,1,11,第一金-台中,2023-12-06,5382
3041,揚智,51,40,11,第一金-台中,2023-12-06,5382
3035,智原,40,30,10,第一金-台中,2023-12-06,5382
00934,中信成長高股息,10,0,10,第一金-台中,2023-12-06,5382
4157,太景*-KY,10,0,10,第一金-台中,2023-12-06,5382
5464,霖宏,10,0,10,第一金-台中,2023-12-06,5382
6916,華凌,10,0,10,第一金-台中,2023-12-06,5382
00902,中信電池及儲能,9,0,9,第一金-台中,2023-12-06,5382
1732,毛寶,9,0,9,第一金-台中,2023-12-06,5382
6806,森崴能源,18,9,9,第一金-台中,2023-12-06,5382
2449,京元電子,12,4,8,第一金-台中,2023-12-06,5382
4167,松瑞藥,11,3,8,第一金-台中,2023-12-06,5382
9958,世紀鋼,8,0,8,第一金-台中,2023-12-06,5382
2605,新興,33,25,8,第一金-台中,2023-12-06,5382
1591,駿吉-KY,8,0,8,第一金-台中,2023-12-06,5382
00662,富邦NASDAQ,12,4,8,第一金-台中,2023-12-06,5382
2634,漢翔,7,0,7,第一金-台中,2023-12-06,5382
2344,華邦電,8,1,7,第一金-台中,2023-12-06,5382
0056,元大高股息,27,20,7,第一金-台中,2023-12-06,5382
00715L,期街口布蘭特正2,171,0,171,第一金-台中,2023-12-07,5382
2883,凱基金,150,1,149,第一金-台中,2023-12-07,5382
00919,群益台灣精選高息,120,6,114,第一金-台中,2023-12-07,5382
2374,佳能,80,0,80,第一金-台中,2023-12-07,5382
2313,華通,111,50,61,第一金-台中,2023-12-07,5382
1529,樂事綠能,90,29,61,第一金-台中,2023-12-07,5382
2601,益航,57,5,52,第一金-台中,2023-12-07,5382
1612,宏泰,52,1,51,第一金-台中,2023-12-07,5382
00753L,中信中國50正2,50,0,50,第一金-台中,2023-12-07,5382
00918,大華優利高填息30,43,0,43,第一金-台中,2023-12-07,5382
2605,新興,44,1,43,第一金-台中,2023-12-07,5382
6233,旺玖,55,12,43,第一金-台中,2023-12-07,5382
6275,元山,40,0,40,第一金-台中,2023-12-07,5382
3013,晟銘電,85,49,36,第一金-台中,2023-12-07,5382
1568,倉佑,39,9,30,第一金-台中,2023-12-07,5382
2314,台揚,28,1,27,第一金-台中,2023-12-07,5382
8054,安國,42,15,27,第一金-台中,2023-12-07,5382
5608,四維航,32,5,27,第一金-台中,2023-12-07,5382
00679B,元大美債20年,27,0,27,第一金-台中,2023-12-07,5382
00937B,群益ESG投等債20,29,3,26,第一金-台中,2023-12-07,5382
1452,宏益,25,0,25,第一金-台中,2023-12-07,5382
1609,大亞,58,34,24,第一金-台中,2023-12-07,5382
2882,國泰金,22,0,22,第一金-台中,2023-12-07,5382
2883B,凱基金乙特,22,0,22,第一金-台中,2023-12-07,5382
00712,復華富時不動產,21,0,21,第一金-台中,2023-12-07,5382
3041,揚智,110,90,20,第一金-台中,2023-12-07,5382
00885,富邦越南,20,1,19,第一金-台中,2023-12-07,5382
1457,宜進,18,0,18,第一金-台中,2023-12-07,5382
8034,榮群,21,4,17,第一金-台中,2023-12-07,5382
2204,中華,24,8,16,第一金-台中,2023-12-07,5382
3522,御嵿,15,0,15,第一金-台中,2023-12-07,5382
00931B,統一美債20年,14,0,14,第一金-台中,2023-12-07,5382
2355,敬鵬,43,29,14,第一金-台中,2023-12-07,5382
5292,華懋,13,0,13,第一金-台中,2023-12-07,5382
6462,神盾,29,16,13,第一金-台中,2023-12-07,5382
1324,地球,13,0,13,第一金-台中,2023-12-07,5382
00929,復華台灣科技優息,30,18,12,第一金-台中,2023-12-07,5382
0056,元大高股息,16,4,12,第一金-台中,2023-12-07,5382
3035,智原,14,2,12,第一金-台中,2023-12-07,5382
2399,映泰,27,15,12,第一金-台中,2023-12-07,5382
2363,矽統,16,5,11,第一金-台中,2023-12-07,5382
00648R,元大S＆P500反1,11,0,11,第一金-台中,2023-12-07,5382
2455,全新,11,0,11,第一金-台中,2023-12-07,5382
00637L,元大滬深300正2,10,0,10,第一金-台中,2023-12-07,5382
00713,元大台灣高息低波,10,0,10,第一金-台中,2023-12-07,5382
2405,輔信,10,0,10,第一金-台中,2023-12-07,5382
4919,新唐,10,0,10,第一金-台中,2023-12-07,5382
8467,波力-KY,10,0,10,第一金-台中,2023-12-07,5382
9951,皇田,10,0,10,第一金-台中,2023-12-07,5382
1305,華夏,9,0,9,第一金-台中,2023-12-07,5382
00919,群益台灣精選高息,248,32,216,第一金-台中,2023-12-08,5382
00937B,群益ESG投等債20,76,1,75,第一金-台中,2023-12-08,5382
00882,中信中國高股息,38,0,38,第一金-台中,2023-12-08,5382
2867,三商壽,41,6,35,第一金-台中,2023-12-08,5382
2605,新興,67,34,33,第一金-台中,2023-12-08,5382
3228,金麗科,32,1,31,第一金-台中,2023-12-08,5382
00650L,復華香港正2,23,0,23,第一金-台中,2023-12-08,5382
2241,艾姆勒,23,0,23,第一金-台中,2023-12-08,5382
2402,毅嘉,36,13,23,第一金-台中,2023-12-08,5382
3147,大綜,22,0,22,第一金-台中,2023-12-08,5382
4960,誠美材,22,0,22,第一金-台中,2023-12-08,5382
1522,堤維西,43,22,21,第一金-台中,2023-12-08,5382
00706L,期元大S＆P日圓正2,20,0,20,第一金-台中,2023-12-08,5382
4414,如興,20,0,20,第一金-台中,2023-12-08,5382
6005,群益證,20,0,20,第一金-台中,2023-12-08,5382
3083,網龍,18,0,18,第一金-台中,2023-12-08,5382
2313,華通,28,10,18,第一金-台中,2023-12-08,5382
4167,松瑞藥,24,7,17,第一金-台中,2023-12-08,5382
6245,立端,18,1,17,第一金-台中,2023-12-08,5382
5386,青雲,15,0,15,第一金-台中,2023-12-08,5382
6233,旺玖,20,6,14,第一金-台中,2023-12-08,5382
6243,迅杰,58,44,14,第一金-台中,2023-12-08,5382
4908,前鼎,58,45,13,第一金-台中,2023-12-08,5382
00679B,元大美債20年,17,5,12,第一金-台中,2023-12-08,5382
3703,欣陸,12,0,12,第一金-台中,2023-12-08,5382
00687B,國泰20年美債,12,1,11,第一金-台中,2023-12-08,5382
2002,中鋼,11,0,11,第一金-台中,2023-12-08,5382
2888,新光金,12,1,11,第一金-台中,2023-12-08,5382
00772B,中信高評級公司債,11,0,11,第一金-台中,2023-12-08,5382
00637L,元大滬深300正2,20,10,10,第一金-台中,2023-12-08,5382
2637,慧洋-KY,10,0,10,第一金-台中,2023-12-08,5382
3483,力致,11,1,10,第一金-台中,2023-12-08,5382
3522,御嵿,10,0,10,第一金-台中,2023-12-08,5382
3710,連展投控,10,0,10,第一金-台中,2023-12-08,5382
5292,華懋,10,0,10,第一金-台中,2023-12-08,5382
2489,瑞軒,9,0,9,第一金-台中,2023-12-08,5382
6112,邁達特,13,4,9,第一金-台中,2023-12-08,5382
2303,聯電,12,4,8,第一金-台中,2023-12-08,5382
2453,凌群,11,3,8,第一金-台中,2023-12-08,5382
3390,旭軟,8,0,8,第一金-台中,2023-12-08,5382
5209,新鼎,9,1,8,第一金-台中,2023-12-08,5382
5328,華容,8,0,8,第一金-台中,2023-12-08,5382
5348,正能量智能,8,0,8,第一金-台中,2023-12-08,5382
2882,國泰金,9,2,7,第一金-台中,2023-12-08,5382
2363,矽統,8,1,7,第一金-台中,2023-12-08,5382
8996,高力,7,0,7,第一金-台中,2023-12-08,5382
00931B,統一美債20年,7,0,7,第一金-台中,2023-12-08,5382
00655L,國泰中國A50正2,10,3,7,第一金-台中,2023-12-08,5382
3051,力特,8,1,7,第一金-台中,2023-12-08,5382
4979,華星光,16,9,7,第一金-台中,2023-12-08,5382
00637L,元大滬深300正2,307,0,307,第一金-台中,2023-12-11,5382
6219,富旺,150,35,115,第一金-台中,2023-12-11,5382
3481,群創,106,1,105,第一金-台中,2023-12-11,5382
00918,大華優利高填息30,82,0,82,第一金-台中,2023-12-11,5382
00937B,群益ESG投等債20,72,0,72,第一金-台中,2023-12-11,5382
2516,新建,62,2,60,第一金-台中,2023-12-11,5382
1905,華紙,111,58,53,第一金-台中,2023-12-11,5382
00715L,期街口布蘭特正2,52,0,52,第一金-台中,2023-12-11,5382
5302,太欣,50,0,50,第一金-台中,2023-12-11,5382
1727,中華化,45,0,45,第一金-台中,2023-12-11,5382
6285,啟��,44,9,35,第一金-台中,2023-12-11,5382
2313,華通,124,93,31,第一金-台中,2023-12-11,5382
1447,力鵬,30,0,30,第一金-台中,2023-12-11,5382
2913,農林,40,10,30,第一金-台中,2023-12-11,5382
00687B,國泰20年美債,29,0,29,第一金-台中,2023-12-11,5382
4960,誠美材,26,0,26,第一金-台中,2023-12-11,5382
00882,中信中國高股息,25,3,22,第一金-台中,2023-12-11,5382
3390,旭軟,22,0,22,第一金-台中,2023-12-11,5382
2323,中環,20,0,20,第一金-台中,2023-12-11,5382
8227,巨有科技,36,17,19,第一金-台中,2023-12-11,5382
2453,凌群,18,1,17,第一金-台中,2023-12-11,5382
1907,永豐餘,20,5,15,第一金-台中,2023-12-11,5382
00713,元大台灣高息低波,14,0,14,第一金-台中,2023-12-11,5382
8996,高力,15,1,14,第一金-台中,2023-12-11,5382
00915,凱基優選高股息30,13,0,13,第一金-台中,2023-12-11,5382
3363,上詮,24,11,13,第一金-台中,2023-12-11,5382
3483,力致,17,4,13,第一金-台中,2023-12-11,5382
2002,中鋼,13,1,12,第一金-台中,2023-12-11,5382
2882,國泰金,11,0,11,第一金-台中,2023-12-11,5382
5475,德宏,11,0,11,第一金-台中,2023-12-11,5382
6462,神盾,34,23,11,第一金-台中,2023-12-11,5382
6805,富世達,10,0,10,第一金-台中,2023-12-11,5382
00753L,中信中國50正2,10,0,10,第一金-台中,2023-12-11,5382
1795,美時,10,0,10,第一金-台中,2023-12-11,5382
5464,霖宏,10,0,10,第一金-台中,2023-12-11,5382
6799,來頡,14,4,10,第一金-台中,2023-12-11,5382
00751B,元大AAA至A公司債,9,0,9,第一金-台中,2023-12-11,5382
6245,立端,9,1,8,第一金-台中,2023-12-11,5382
6933,AMAX-KY,10,2,8,第一金-台中,2023-12-11,5382
1319,東陽,22,14,8,第一金-台中,2023-12-11,5382
1903,士紙,7,0,7,第一金-台中,2023-12-11,5382
2637,慧洋-KY,7,0,7,第一金-台中,2023-12-11,5382
3013,晟銘電,8,1,7,第一金-台中,2023-12-11,5382
4162,智擎,7,0,7,第一金-台中,2023-12-11,5382
8040,九暘,7,0,7,第一金-台中,2023-12-11,5382
3231,緯創,11,5,6,第一金-台中,2023-12-11,5382
3694,海華,11,5,6,第一金-台中,2023-12-11,5382
3443,創意,9,3,6,第一金-台中,2023-12-11,5382
00935,野村臺灣新科技50,6,0,6,第一金-台中,2023-12-11,5382
00830,國泰費城半導體,10,4,6,第一金-台中,2023-12-11,5382
00919,群益台灣精選高息,129,30,99,第一金-台中,2023-12-12,5382
4414,如興,52,0,52,第一金-台中,2023-12-12,5382
5521,工信,65,14,51,第一金-台中,2023-12-12,5382
2385,群光,51,0,51,第一金-台中,2023-12-12,5382
00918,大華優利高填息30,50,0,50,第一金-台中,2023-12-12,5382
00934,中信成長高股息,31,0,31,第一金-台中,2023-12-12,5382
00632R,元大台灣50反1,50,20,30,第一金-台中,2023-12-12,5382
4960,誠美材,25,0,25,第一金-台中,2023-12-12,5382
4906,正文,46,22,24,第一金-台中,2023-12-12,5382
00687B,國泰20年美債,24,0,24,第一金-台中,2023-12-12,5382
4714,永捷,23,0,23,第一金-台中,2023-12-12,5382
6805,富世達,22,1,21,第一金-台中,2023-12-12,5382
4561,健椿,20,0,20,第一金-台中,2023-12-12,5382
6219,富旺,62,42,20,第一金-台中,2023-12-12,5382
2392,正崴,31,13,18,第一金-台中,2023-12-12,5382
2102,泰豐,15,0,15,第一金-台中,2023-12-12,5382
8996,高力,19,5,14,第一金-台中,2023-12-12,5382
2605,新興,47,33,14,第一金-台中,2023-12-12,5382
4979,華星光,31,17,14,第一金-台中,2023-12-12,5382
00882,中信中國高股息,13,0,13,第一金-台中,2023-12-12,5382
2610,華航,18,5,13,第一金-台中,2023-12-12,5382
3390,旭軟,12,0,12,第一金-台中,2023-12-12,5382
9919,康那香,12,0,12,第一金-台中,2023-12-12,5382
2603,長榮,25,13,12,第一金-台中,2023-12-12,5382
2002,中鋼,11,0,11,第一金-台中,2023-12-12,5382
2355,敬鵬,13,2,11,第一金-台中,2023-12-12,5382
2888,新光金,17,6,11,第一金-台中,2023-12-12,5382
6120,達運,11,0,11,第一金-台中,2023-12-12,5382
6133,金橋,11,0,11,第一金-台中,2023-12-12,5382
0056,元大高股息,22,11,11,第一金-台中,2023-12-12,5382
00878,國泰永續高股息,25,14,11,第一金-台中,2023-12-12,5382
2881,富邦金,10,0,10,第一金-台中,2023-12-12,5382
00692,富邦公司治理,10,0,10,第一金-台中,2023-12-12,5382
006205,富邦上証,10,0,10,第一金-台中,2023-12-12,5382
2390,云辰,10,0,10,第一金-台中,2023-12-12,5382
6290,良維,11,1,10,第一金-台中,2023-12-12,5382
6937,天虹,11,1,10,第一金-台中,2023-12-12,5382
6285,啟��,58,49,9,第一金-台中,2023-12-12,5382
2618,長榮航,10,1,9,第一金-台中,2023-12-12,5382
8054,安國,21,12,9,第一金-台中,2023-12-12,5382
3228,金麗科,10,1,9,第一金-台中,2023-12-12,5382
1108,幸福,10,1,9,第一金-台中,2023-12-12,5382
6246,臺龍,10,1,9,第一金-台中,2023-12-12,5382
8936,國統,19,10,9,第一金-台中,2023-12-12,5382
2417,圓剛,9,0,9,第一金-台中,2023-12-12,5382
2009,第一銅,15,7,8,第一金-台中,2023-12-12,5382
2427,三商電,10,2,8,第一金-台中,2023-12-12,5382
6139,亞翔,27,19,8,第一金-台中,2023-12-12,5382
6282,康舒,12,4,8,第一金-台中,2023-12-12,5382
1514,亞力,20,13,7,第一金-台中,2023-12-12,5382
00715L,期街口布蘭特正2,215,0,215,第一金-台中,2023-12-13,5382
00680L,元大美債20正2,105,0,105,第一金-台中,2023-12-13,5382
00882,中信中國高股息,64,0,64,第一金-台中,2023-12-13,5382
00919,群益台灣精選高息,73,18,55,第一金-台中,2023-12-13,5382
2543,皇昌,58,18,40,第一金-台中,2023-12-13,5382
2387,精元,31,2,29,第一金-台中,2023-12-13,5382
00937B,群益ESG投等債20,27,0,27,第一金-台中,2023-12-13,5382
3138,耀登,25,0,25,第一金-台中,2023-12-13,5382
00679B,元大美債20年,24,0,24,第一金-台中,2023-12-13,5382
2913,農林,25,1,24,第一金-台中,2023-12-13,5382
2425,承啟,25,3,22,第一金-台中,2023-12-13,5382
8089,康全電訊,20,0,20,第一金-台中,2023-12-13,5382
3390,旭軟,23,5,18,第一金-台中,2023-12-13,5382
5011,久陽,23,5,18,第一金-台中,2023-12-13,5382
00712,復華富時不動產,17,0,17,第一金-台中,2023-12-13,5382
3481,群創,18,1,17,第一金-台中,2023-12-13,5382
2324,仁寶,43,26,17,第一金-台中,2023-12-13,5382
00687B,國泰20年美債,15,0,15,第一金-台中,2023-12-13,5382
00751B,元大AAA至A公司債,15,0,15,第一金-台中,2023-12-13,5382
00934,中信成長高股息,19,4,15,第一金-台中,2023-12-13,5382
3437,榮創,15,0,15,第一金-台中,2023-12-13,5382
6282,康舒,19,5,14,第一金-台中,2023-12-13,5382
2618,長榮航,15,2,13,第一金-台中,2023-12-13,5382
2812,台中銀,14,1,13,第一金-台中,2023-12-13,5382
00936,台新永續高息中小,14,2,12,第一金-台中,2023-12-13,5382
5386,青雲,21,9,12,第一金-台中,2023-12-13,5382
4909,新復興,34,22,12,第一金-台中,2023-12-13,5382
3083,網龍,16,5,11,第一金-台中,2023-12-13,5382
8097,常珵,11,0,11,第一金-台中,2023-12-13,5382
3557,嘉威,10,0,10,第一金-台中,2023-12-13,5382
2108,南帝,10,0,10,第一金-台中,2023-12-13,5382
5324,士開,10,0,10,第一金-台中,2023-12-13,5382
5328,華容,10,0,10,第一金-台中,2023-12-13,5382
5608,四維航,10,0,10,第一金-台中,2023-12-13,5382
6171,大城地產,10,0,10,第一金-台中,2023-12-13,5382
8261,富鼎,10,0,10,第一金-台中,2023-12-13,5382
6182,合晶,10,1,9,第一金-台中,2023-12-13,5382
2881,富邦金,10,1,9,第一金-台中,2023-12-13,5382
4979,華星光,14,5,9,第一金-台中,2023-12-13,5382
00675L,富邦臺灣加權正2,8,0,8,第一金-台中,2023-12-13,5382
3704,合勤控,11,3,8,第一金-台中,2023-12-13,5382
4933,友輝,10,2,8,第一金-台中,2023-12-13,5382
5426,振發,12,4,8,第一金-台中,2023-12-13,5382
2402,毅嘉,58,50,8,第一金-台中,2023-12-13,5382
00918,大華優利高填息30,7,0,7,第一金-台中,2023-12-13,5382
2867,三商壽,7,0,7,第一金-台中,2023-12-13,5382
2883,凱基金,7,0,7,第一金-台中,2023-12-13,5382
3211,順達,8,1,7,第一金-台中,2023-12-13,5382
3362,先進光,7,0,7,第一金-台中,2023-12-13,5382
6462,神盾,14,7,7,第一金-台中,2023-12-13,5382
00637L,元大滬深300正2,305,0,305,第一金-台中,2023-12-14,5382
00715L,期街口布蘭特正2,269,9,260,第一金-台中,2023-12-14,5382
2618,長榮航,200,9,191,第一金-台中,2023-12-14,5382
3372,典範,182,0,182,第一金-台中,2023-12-14,5382
00919,群益台灣精選高息,115,8,107,第一金-台中,2023-12-14,5382
3005,神基,101,13,88,第一金-台中,2023-12-14,5382
2883B,凱基金乙特,60,0,60,第一金-台中,2023-12-14,5382
00680L,元大美債20正2,57,1,56,第一金-台中,2023-12-14,5382
00679B,元大美債20年,32,0,32,第一金-台中,2023-12-14,5382
00632R,元大台灣50反1,31,0,31,第一金-台中,2023-12-14,5382
00936,台新永續高息中小,29,2,27,第一金-台中,2023-12-14,5382
1591,駿吉-KY,31,6,25,第一金-台中,2023-12-14,5382
2402,毅嘉,76,53,23,第一金-台中,2023-12-14,5382
00933B,國泰10Y+金融債,23,0,23,第一金-台中,2023-12-14,5382
00885,富邦越南,22,0,22,第一金-台中,2023-12-14,5382
00931B,統一美債20年,27,5,22,第一金-台中,2023-12-14,5382
2543,皇昌,20,0,20,第一金-台中,2023-12-14,5382
1815,富喬,22,3,19,第一金-台中,2023-12-14,5382
3712,永崴投控,19,0,19,第一金-台中,2023-12-14,5382
3211,順達,25,8,17,第一金-台中,2023-12-14,5382
3213,茂訊,26,9,17,第一金-台中,2023-12-14,5382
2329,華泰,19,2,17,第一金-台中,2023-12-14,5382
2515,中工,21,5,16,第一金-台中,2023-12-14,5382
3051,力特,30,14,16,第一金-台中,2023-12-14,5382
6443,元晶,20,5,15,第一金-台中,2023-12-14,5382
2498,宏達電,19,6,13,第一金-台中,2023-12-14,5382
00751B,元大AAA至A公司債,13,1,12,第一金-台中,2023-12-14,5382
00937B,群益ESG投等債20,13,1,12,第一金-台中,2023-12-14,5382
3645,達邁,12,0,12,第一金-台中,2023-12-14,5382
00687B,國泰20年美債,11,0,11,第一金-台中,2023-12-14,5382
2425,承啟,14,3,11,第一金-台中,2023-12-14,5382
00795B,中信美國公債20年,11,0,11,第一金-台中,2023-12-14,5382
6223,旺矽,11,0,11,第一金-台中,2023-12-14,5382
6806,森崴能源,11,0,11,第一金-台中,2023-12-14,5382
2449,京元電子,23,12,11,第一金-台中,2023-12-14,5382
8068,全達,22,12,10,第一金-台中,2023-12-14,5382
2633,台灣高鐵,10,0,10,第一金-台中,2023-12-14,5382
1809,中釉,10,0,10,第一金-台中,2023-12-14,5382
2312,金寶,10,0,10,第一金-台中,2023-12-14,5382
4909,新復興,12,2,10,第一金-台中,2023-12-14,5382
4960,誠美材,10,0,10,第一金-台中,2023-12-14,5382
5381,合正,10,0,10,第一金-台中,2023-12-14,5382
00788B,元大10年IG電能債,9,0,9,第一金-台中,2023-12-14,5382
2607,榮運,9,0,9,第一金-台中,2023-12-14,5382
2610,華航,8,0,8,第一金-台中,2023-12-14,5382
1903,士紙,8,0,8,第一金-台中,2023-12-14,5382
5011,久陽,8,0,8,第一金-台中,2023-12-14,5382
5351,鈺創,16,8,8,第一金-台中,2023-12-14,5382
6180,橘子,11,3,8,第一金-台中,2023-12-14,5382
6257,矽格,11,3,8,第一金-台中,2023-12-14,5382
2027,大成鋼,117,6,111,第一金-台中,2023-12-15,5382
00929,復華台灣科技優息,123,30,93,第一金-台中,2023-12-15,5382
00688L,國泰20年美債正2,90,0,90,第一金-台中,2023-12-15,5382
00679B,元大美債20年,49,1,48,第一金-台中,2023-12-15,5382
00933B,國泰10Y+金融債,47,1,46,第一金-台中,2023-12-15,5382
00687B,國泰20年美債,63,20,43,第一金-台中,2023-12-15,5382
00715L,期街口布蘭特正2,50,8,42,第一金-台中,2023-12-15,5382
2605,新興,46,5,41,第一金-台中,2023-12-15,5382
2356,英業達,134,99,35,第一金-台中,2023-12-15,5382
6127,九豪,36,4,32,第一金-台中,2023-12-15,5382
2010,春源,36,5,31,第一金-台中,2023-12-15,5382
2355,敬鵬,30,2,28,第一金-台中,2023-12-15,5382
2949,欣新網,25,0,25,第一金-台中,2023-12-15,5382
3305,昇貿,25,0,25,第一金-台中,2023-12-15,5382
2425,承啟,30,7,23,第一金-台中,2023-12-15,5382
1584,精剛,65,42,23,第一金-台中,2023-12-15,5382
00637L,元大滬深300正2,22,0,22,第一金-台中,2023-12-15,5382
00680L,元大美債20正2,22,0,22,第一金-台中,2023-12-15,5382
1309,台達化,20,0,20,第一金-台中,2023-12-15,5382
2007,燁興,20,0,20,第一金-台中,2023-12-15,5382
2331,精英,20,0,20,第一金-台中,2023-12-15,5382
2732,六角,18,0,18,第一金-台中,2023-12-15,5382
00878,國泰永續高股息,23,6,17,第一金-台中,2023-12-15,5382
00931B,統一美債20年,18,1,17,第一金-台中,2023-12-15,5382
4306,炎洲,17,0,17,第一金-台中,2023-12-15,5382
00937B,群益ESG投等債20,16,0,16,第一金-台中,2023-12-15,5382
9103,美德醫療-DR,16,0,16,第一金-台中,2023-12-15,5382
00858,永豐美國500大,15,0,15,第一金-台中,2023-12-15,5382
1905,華紙,15,0,15,第一金-台中,2023-12-15,5382
3707,漢磊,16,1,15,第一金-台中,2023-12-15,5382
6245,立端,15,0,15,第一金-台中,2023-12-15,5382
9962,有益,15,1,14,第一金-台中,2023-12-15,5382
1903,士紙,13,0,13,第一金-台中,2023-12-15,5382
2030,彰源,18,6,12,第一金-台中,2023-12-15,5382
2609,陽明,26,14,12,第一金-台中,2023-12-15,5382
1514,亞力,35,24,11,第一金-台中,2023-12-15,5382
00773B,中信優先金融債,11,0,11,第一金-台中,2023-12-15,5382
00936,台新永續高息中小,11,0,11,第一金-台中,2023-12-15,5382
3094,聯傑,11,0,11,第一金-台中,2023-12-15,5382
3390,旭軟,36,25,11,第一金-台中,2023-12-15,5382
4919,新唐,11,0,11,第一金-台中,2023-12-15,5382
00919,群益台灣精選高息,63,52,11,第一金-台中,2023-12-15,5382
4967,十銓,42,32,10,第一金-台中,2023-12-15,5382
6111,大宇資,11,1,10,第一金-台中,2023-12-15,5382
6456,GIS-KY,10,0,10,第一金-台中,2023-12-15,5382
6578,達邦蛋白,10,0,10,第一金-台中,2023-12-15,5382
3437,榮創,10,2,8,第一金-台中,2023-12-15,5382
8277,商丞,8,0,8,第一金-台中,2023-12-15,5382
3231,緯創,13,6,7,第一金-台中,2023-12-15,5382
3035,智原,21,14,7,第一金-台中,2023-12-15,5382
2867,三商壽,152,1,151,第一金-台中,2023-12-18,5382
00680L,元大美債20正2,149,0,149,第一金-台中,2023-12-18,5382
2027,大成鋼,151,5,146,第一金-台中,2023-12-18,5382
00929,復華台灣科技優息,78,1,77,第一金-台中,2023-12-18,5382
00919,群益台灣精選高息,100,26,74,第一金-台中,2023-12-18,5382
2356,英業達,78,33,45,第一金-台中,2023-12-18,5382
2610,華航,45,1,44,第一金-台中,2023-12-18,5382
1815,富喬,32,0,32,第一金-台中,2023-12-18,5382
00931B,統一美債20年,42,12,30,第一金-台中,2023-12-18,5382
00687B,國泰20年美債,28,0,28,第一金-台中,2023-12-18,5382
2023,燁輝,50,23,27,第一金-台中,2023-12-18,5382
4960,誠美材,26,0,26,第一金-台中,2023-12-18,5382
1304,台聚,25,0,25,第一金-台中,2023-12-18,5382
00632R,元大台灣50反1,20,0,20,第一金-台中,2023-12-18,5382
3044,健鼎,20,0,20,第一金-台中,2023-12-18,5382
4919,新唐,20,0,20,第一金-台中,2023-12-18,5382
5609,中菲行,20,0,20,第一金-台中,2023-12-18,5382
6233,旺玖,20,0,20,第一金-台中,2023-12-18,5382
1514,亞力,48,29,19,第一金-台中,2023-12-18,5382
2014,中鴻,57,40,17,第一金-台中,2023-12-18,5382
2636,台驊控股,20,3,17,第一金-台中,2023-12-18,5382
00679B,元大美債20年,18,2,16,第一金-台中,2023-12-18,5382
00933B,國泰10Y+金融債,16,1,15,第一金-台中,2023-12-18,5382
1809,中釉,15,0,15,第一金-台中,2023-12-18,5382
2303,聯電,23,9,14,第一金-台中,2023-12-18,5382
00936,台新永續高息中小,11,0,11,第一金-台中,2023-12-18,5382
6275,元山,33,22,11,第一金-台中,2023-12-18,5382
6271,同欣電,10,0,10,第一金-台中,2023-12-18,5382
00688L,國泰20年美債正2,10,0,10,第一金-台中,2023-12-18,5382
00788B,元大10年IG電能債,10,0,10,第一金-台中,2023-12-18,5382
00882,中信中國高股息,10,0,10,第一金-台中,2023-12-18,5382
2033,佳大,10,0,10,第一金-台中,2023-12-18,5382
4609,唐鋒,10,0,10,第一金-台中,2023-12-18,5382
6742,澤米,10,0,10,第一金-台中,2023-12-18,5382
00751B,元大AAA至A公司債,9,0,9,第一金-台中,2023-12-18,5382
00662,富邦NASDAQ,9,0,9,第一金-台中,2023-12-18,5382
2031,新光鋼,11,2,9,第一金-台中,2023-12-18,5382
6117,迎廣,9,0,9,第一金-台中,2023-12-18,5382
5457,宣德,8,0,8,第一金-台中,2023-12-18,5382
6118,建達,8,0,8,第一金-台中,2023-12-18,5382
00706L,期元大S＆P日圓正2,7,0,7,第一金-台中,2023-12-18,5382
1618,合機,7,0,7,第一金-台中,2023-12-18,5382
2028,威致,9,2,7,第一金-台中,2023-12-18,5382
2545,皇翔,7,0,7,第一金-台中,2023-12-18,5382
2038,海光,10,4,6,第一金-台中,2023-12-18,5382
2412,中華電,6,0,6,第一金-台中,2023-12-18,5382
1466,聚隆,5,0,5,第一金-台中,2023-12-18,5382
1477,聚陽,5,0,5,第一金-台中,2023-12-18,5382
1732,毛寶,5,0,5,第一金-台中,2023-12-18,5382
2206,三陽工業,5,0,5,第一金-台中,2023-12-18,5382
4414,如興,142,0,142,第一金-台中,2023-12-19,5382
00632R,元大台灣50反1,104,0,104,第一金-台中,2023-12-19,5382
00715L,期街口布蘭特正2,80,0,80,第一金-台中,2023-12-19,5382
00919,群益台灣精選高息,99,37,62,第一金-台中,2023-12-19,5382
6443,元晶,68,6,62,第一金-台中,2023-12-19,5382
2515,中工,60,20,40,第一金-台中,2023-12-19,5382
00918,大華優利高填息30,38,1,37,第一金-台中,2023-12-19,5382
1612,宏泰,35,0,35,第一金-台中,2023-12-19,5382
00637L,元大滬深300正2,50,20,30,第一金-台中,2023-12-19,5382
2356,英業達,70,43,27,第一金-台中,2023-12-19,5382
3390,旭軟,25,0,25,第一金-台中,2023-12-19,5382
2344,華邦電,28,4,24,第一金-台中,2023-12-19,5382
2618,長榮航,124,100,24,第一金-台中,2023-12-19,5382
2615,萬海,33,11,22,第一金-台中,2023-12-19,5382
00937B,群益ESG投等債20,52,30,22,第一金-台中,2023-12-19,5382
2732,六角,22,0,22,第一金-台中,2023-12-19,5382
2303,聯電,22,1,21,第一金-台中,2023-12-19,5382
00688L,國泰20年美債正2,40,20,20,第一金-台中,2023-12-19,5382
2025,千興,20,0,20,第一金-台中,2023-12-19,5382
2069,運錩,20,0,20,第一金-台中,2023-12-19,5382
5263,智崴,19,0,19,第一金-台中,2023-12-19,5382
2353,宏��,48,29,19,第一金-台中,2023-12-19,5382
3548,兆利,22,5,17,第一金-台中,2023-12-19,5382
00720B,元大投資級公司債,16,0,16,第一金-台中,2023-12-19,5382
2014,中鴻,39,23,16,第一金-台中,2023-12-19,5382
2352,佳世達,16,0,16,第一金-台中,2023-12-19,5382
6806,森崴能源,15,0,15,第一金-台中,2023-12-19,5382
00675L,富邦臺灣加權正2,14,0,14,第一金-台中,2023-12-19,5382
3714,富采,14,0,14,第一金-台中,2023-12-19,5382
00679B,元大美債20年,27,14,13,第一金-台中,2023-12-19,5382
0056,元大高股息,20,7,13,第一金-台中,2023-12-19,5382
3006,晶豪科,11,0,11,第一金-台中,2023-12-19,5382
00878,國泰永續高股息,36,25,11,第一金-台中,2023-12-19,5382
6170,統振,11,0,11,第一金-台中,2023-12-19,5382
8016,矽創,10,0,10,第一金-台中,2023-12-19,5382
00687B,國泰20年美債,15,5,10,第一金-台中,2023-12-19,5382
2801,彰銀,10,0,10,第一金-台中,2023-12-19,5382
1471,首利,10,0,10,第一金-台中,2023-12-19,5382
3176,基亞,10,0,10,第一金-台中,2023-12-19,5382
3374,精材,10,0,10,第一金-台中,2023-12-19,5382
6122,擎邦,10,0,10,第一金-台中,2023-12-19,5382
6451,訊芯-KY,10,0,10,第一金-台中,2023-12-19,5382
8089,康全電訊,10,0,10,第一金-台中,2023-12-19,5382
8277,商丞,10,0,10,第一金-台中,2023-12-19,5382
8069,元太,10,0,10,第一金-台中,2023-12-19,5382
2634,漢翔,9,0,9,第一金-台中,2023-12-19,5382
00885,富邦越南,9,0,9,第一金-台中,2023-12-19,5382
2359,所羅門,9,0,9,第一金-台中,2023-12-19,5382
3356,奇偶,9,0,9,第一金-台中,2023-12-19,5382
2355,敬鵬,10,1,9,第一金-台中,2023-12-19,5382
00929,復華台灣科技優息,219,0,219,第一金-台中,2023-12-20,5382
4414,如興,82,0,82,第一金-台中,2023-12-20,5382
00680L,元大美債20正2,80,5,75,第一金-台中,2023-12-20,5382
2312,金寶,161,114,47,第一金-台中,2023-12-20,5382
3374,精材,40,0,40,第一金-台中,2023-12-20,5382
2834,臺企銀,30,0,30,第一金-台中,2023-12-20,5382
2356,英業達,253,225,28,第一金-台中,2023-12-20,5382
00919,群益台灣精選高息,43,15,28,第一金-台中,2023-12-20,5382
2882,國泰金,27,0,27,第一金-台中,2023-12-20,5382
1612,宏泰,26,0,26,第一金-台中,2023-12-20,5382
2609,陽明,80,55,25,第一金-台中,2023-12-20,5382
00712,復華富時不動產,21,0,21,第一金-台中,2023-12-20,5382
3521,鴻翊,22,1,21,第一金-台中,2023-12-20,5382
5609,中菲行,20,1,19,第一金-台中,2023-12-20,5382
6138,茂達,24,6,18,第一金-台中,2023-12-20,5382
00679B,元大美債20年,37,21,16,第一金-台中,2023-12-20,5382
6462,神盾,18,4,14,第一金-台中,2023-12-20,5382
2369,菱生,14,0,14,第一金-台中,2023-12-20,5382
9934,成霖,13,0,13,第一金-台中,2023-12-20,5382
00937B,群益ESG投等債20,33,20,13,第一金-台中,2023-12-20,5382
6504,南六,12,0,12,第一金-台中,2023-12-20,5382
1434,福懋,11,0,11,第一金-台中,2023-12-20,5382
6443,元晶,25,14,11,第一金-台中,2023-12-20,5382
1522,堤維西,10,0,10,第一金-台中,2023-12-20,5382
00752,中信中國50,10,0,10,第一金-台中,2023-12-20,5382
00882,中信中國高股息,10,0,10,第一金-台中,2023-12-20,5382
1216,統一,10,0,10,第一金-台中,2023-12-20,5382
2543,皇昌,10,0,10,第一金-台中,2023-12-20,5382
2913,農林,10,0,10,第一金-台中,2023-12-20,5382
3078,僑威,10,0,10,第一金-台中,2023-12-20,5382
4121,優盛,10,0,10,第一金-台中,2023-12-20,5382
6217,中探針,10,0,10,第一金-台中,2023-12-20,5382
8201,無敵,10,0,10,第一金-台中,2023-12-20,5382
00688L,國泰20年美債正2,9,0,9,第一金-台中,2023-12-20,5382
1605,華新,39,30,9,第一金-台中,2023-12-20,5382
3211,順達,9,1,8,第一金-台中,2023-12-20,5382
8096,擎亞,8,0,8,第一金-台中,2023-12-20,5382
2618,長榮航,11,3,8,第一金-台中,2023-12-20,5382
3035,智原,17,10,7,第一金-台中,2023-12-20,5382
00913,兆豐台灣晶圓製造,6,0,6,第一金-台中,2023-12-20,5382
00931B,統一美債20年,6,0,6,第一金-台中,2023-12-20,5382
2020,美亞,6,0,6,第一金-台中,2023-12-20,5382
6117,迎廣,9,3,6,第一金-台中,2023-12-20,5382
6285,啟��,8,2,6,第一金-台中,2023-12-20,5382
2317,鴻海,20,14,6,第一金-台中,2023-12-20,5382
2603,長榮,10,4,6,第一金-台中,2023-12-20,5382
2363,矽統,19,14,5,第一金-台中,2023-12-20,5382
00753L,中信中國50正2,5,0,5,第一金-台中,2023-12-20,5382
00734B,台新JPM新興債,5,0,5,第一金-台中,2023-12-20,5382
2451,創見,5,0,5,第一金-台中,2023-12-20,5382
00919,群益台灣精選高息,267,0,267,第一金-台中,2023-12-21,5382
3711,日月光投控,172,1,171,第一金-台中,2023-12-21,5382
00637L,元大滬深300正2,150,0,150,第一金-台中,2023-12-21,5382
1314,中石化,125,0,125,第一金-台中,2023-12-21,5382
2615,萬海,86,32,54,第一金-台中,2023-12-21,5382
00929,復華台灣科技優息,57,6,51,第一金-台中,2023-12-21,5382
2027,大成鋼,50,0,50,第一金-台中,2023-12-21,5382
2317,鴻海,46,5,41,第一金-台中,2023-12-21,5382
2355,敬鵬,31,0,31,第一金-台中,2023-12-21,5382
1732,毛寶,45,15,30,第一金-台中,2023-12-21,5382
2362,藍天,29,3,26,第一金-台中,2023-12-21,5382
2618,長榮航,32,10,22,第一金-台中,2023-12-21,5382
2324,仁寶,43,21,22,第一金-台中,2023-12-21,5382
3622,洋華,24,3,21,第一金-台中,2023-12-21,5382
3035,智原,35,14,21,第一金-台中,2023-12-21,5382
2881,富邦金,20,0,20,第一金-台中,2023-12-21,5382
4414,如興,20,0,20,第一金-台中,2023-12-21,5382
6233,旺玖,33,13,20,第一金-台中,2023-12-21,5382
6111,大宇資,20,1,19,第一金-台中,2023-12-21,5382
9105,泰金寶-DR,50,32,18,第一金-台中,2023-12-21,5382
4121,優盛,25,10,15,第一金-台中,2023-12-21,5382
6245,立端,15,0,15,第一金-台中,2023-12-21,5382
00885,富邦越南,13,0,13,第一金-台中,2023-12-21,5382
00650L,復華香港正2,12,0,12,第一金-台中,2023-12-21,5382
1432,大魯閣,12,0,12,第一金-台中,2023-12-21,5382
1591,駿吉-KY,12,0,12,第一金-台中,2023-12-21,5382
1808,潤隆,12,0,12,第一金-台中,2023-12-21,5382
2641,正德,60,48,12,第一金-台中,2023-12-21,5382
2882,國泰金,11,0,11,第一金-台中,2023-12-21,5382
1718,中纖,11,0,11,第一金-台中,2023-12-21,5382
1905,華紙,16,5,11,第一金-台中,2023-12-21,5382
3706,神達,12,1,11,第一金-台中,2023-12-21,5382
5521,工信,84,74,10,第一金-台中,2023-12-21,5382
2388,威盛,10,0,10,第一金-台中,2023-12-21,5382
2038,海光,22,12,10,第一金-台中,2023-12-21,5382
2353,宏��,52,42,10,第一金-台中,2023-12-21,5382
2365,昆盈,10,0,10,第一金-台中,2023-12-21,5382
2367,燿華,10,0,10,第一金-台中,2023-12-21,5382
2613,中櫃,10,0,10,第一金-台中,2023-12-21,5382
3060,銘異,10,0,10,第一金-台中,2023-12-21,5382
3083,網龍,10,0,10,第一金-台中,2023-12-21,5382
3372,典範,10,0,10,第一金-台中,2023-12-21,5382
3521,鴻翊,10,0,10,第一金-台中,2023-12-21,5382
2331,精英,82,73,9,第一金-台中,2023-12-21,5382
2371,大同,22,13,9,第一金-台中,2023-12-21,5382
2465,麗臺,9,0,9,第一金-台中,2023-12-21,5382
2515,中工,104,96,8,第一金-台中,2023-12-21,5382
2634,漢翔,8,0,8,第一金-台中,2023-12-21,5382
00918,大華優利高填息30,7,0,7,第一金-台中,2023-12-21,5382
2630,亞航,17,10,7,第一金-台中,2023-12-21,5382
3711,日月光投控,832,2,830,第一金-台中,2023-12-22,5382
2027,大成鋼,102,3,99,第一金-台中,2023-12-22,5382
2834,臺企銀,90,0,90,第一金-台中,2023-12-22,5382
00919,群益台灣精選高息,88,2,86,第一金-台中,2023-12-22,5382
00937B,群益ESG投等債20,57,3,54,第一金-台中,2023-12-22,5382
2883,凱基金,50,0,50,第一金-台中,2023-12-22,5382
1612,宏泰,40,0,40,第一金-台中,2023-12-22,5382
2355,敬鵬,33,2,31,第一金-台中,2023-12-22,5382
2421,建準,34,4,30,第一金-台中,2023-12-22,5382
5521,工信,30,1,29,第一金-台中,2023-12-22,5382
2344,華邦電,57,32,25,第一金-台中,2023-12-22,5382
1432,大魯閣,24,0,24,第一金-台中,2023-12-22,5382
2353,宏��,71,48,23,第一金-台中,2023-12-22,5382
6116,彩晶,21,0,21,第一金-台中,2023-12-22,5382
1325,恆大,20,0,20,第一金-台中,2023-12-22,5382
6485,點序,25,5,20,第一金-台中,2023-12-22,5382
6117,迎廣,27,7,20,第一金-台中,2023-12-22,5382
1524,耿鼎,18,1,17,第一金-台中,2023-12-22,5382
00688L,國泰20年美債正2,16,0,16,第一金-台中,2023-12-22,5382
6219,富旺,118,103,15,第一金-台中,2023-12-22,5382
3607,谷崧,16,2,14,第一金-台中,2023-12-22,5382
2388,威盛,14,1,13,第一金-台中,2023-12-22,5382
1514,亞力,14,2,12,第一金-台中,2023-12-22,5382
9910,豐泰,12,0,12,第一金-台中,2023-12-22,5382
2892,第一金,11,0,11,第一金-台中,2023-12-22,5382
3041,揚智,11,0,11,第一金-台中,2023-12-22,5382
5014,建錩,11,0,11,第一金-台中,2023-12-22,5382
6270,倍微,11,0,11,第一金-台中,2023-12-22,5382
2014,中鴻,11,1,10,第一金-台中,2023-12-22,5382
00931B,統一美債20年,10,0,10,第一金-台中,2023-12-22,5382
00680L,元大美債20正2,10,0,10,第一金-台中,2023-12-22,5382
3044,健鼎,10,0,10,第一金-台中,2023-12-22,5382
6859,伯特光,10,0,10,第一金-台中,2023-12-22,5382
00687B,國泰20年美債,10,1,9,第一金-台中,2023-12-22,5382
2362,藍天,12,3,9,第一金-台中,2023-12-22,5382
8069,元太,15,6,9,第一金-台中,2023-12-22,5382
0056,元大高股息,12,4,8,第一金-台中,2023-12-22,5382
4979,華星光,10,2,8,第一金-台中,2023-12-22,5382
00720B,元大投資級公司債,8,0,8,第一金-台中,2023-12-22,5382
3413,京鼎,8,0,8,第一金-台中,2023-12-22,5382
6443,元晶,15,7,8,第一金-台中,2023-12-22,5382
9105,泰金寶-DR,16,8,8,第一金-台中,2023-12-22,5382
2408,南亞科,27,20,7,第一金-台中,2023-12-22,5382
00662,富邦NASDAQ,7,0,7,第一金-台中,2023-12-22,5382
4763,材料-KY,9,3,6,第一金-台中,2023-12-22,5382
1326,台化,6,0,6,第一金-台中,2023-12-22,5382
2301,光寶科,10,4,6,第一金-台中,2023-12-22,5382
2498,宏達電,14,8,6,第一金-台中,2023-12-22,5382
3694,海華,16,10,6,第一金-台中,2023-12-22,5382
8034,榮群,12,6,6,第一金-台中,2023-12-22,5382
1312,國喬,261,2,259,第一金-台中,2023-12-25,5382
2027,大成鋼,108,17,91,第一金-台中,2023-12-25,5382
00919,群益台灣精選高息,63,2,61,第一金-台中,2023-12-25,5382
2324,仁寶,75,17,58,第一金-台中,2023-12-25,5382
6237,驊訊,41,1,40,第一金-台中,2023-12-25,5382
4906,正文,39,2,37,第一金-台中,2023-12-25,5382
1514,亞力,39,4,35,第一金-台中,2023-12-25,5382
2317,鴻海,34,3,31,第一金-台中,2023-12-25,5382
2355,敬鵬,23,0,23,第一金-台中,2023-12-25,5382
2637,慧洋-KY,23,0,23,第一金-台中,2023-12-25,5382
6243,迅杰,44,21,23,第一金-台中,2023-12-25,5382
00937B,群益ESG投等債20,20,0,20,第一金-台中,2023-12-25,5382
6111,大宇資,20,0,20,第一金-台中,2023-12-25,5382
6756,威鋒電子,21,1,20,第一金-台中,2023-12-25,5382
2609,陽明,77,57,20,第一金-台中,2023-12-25,5382
2618,長榮航,36,19,17,第一金-台中,2023-12-25,5382
4979,華星光,19,4,15,第一金-台中,2023-12-25,5382
8048,德勝,15,0,15,第一金-台中,2023-12-25,5382
3231,緯創,35,21,14,第一金-台中,2023-12-25,5382
00662,富邦NASDAQ,14,0,14,第一金-台中,2023-12-25,5382
4157,太景*-KY,12,0,12,第一金-台中,2023-12-25,5382
5425,台半,23,11,12,第一金-台中,2023-12-25,5382
6219,富旺,77,65,12,第一金-台中,2023-12-25,5382
2385,群光,12,0,12,第一金-台中,2023-12-25,5382
3163,波若威,11,0,11,第一金-台中,2023-12-25,5382
6123,上奇,11,0,11,第一金-台中,2023-12-25,5382
00929,復華台灣科技優息,23,13,10,第一金-台中,2023-12-25,5382
1907,永豐餘,10,0,10,第一金-台中,2023-12-25,5382
2498,宏達電,15,5,10,第一金-台中,2023-12-25,5382
3207,耀勝,10,0,10,第一金-台中,2023-12-25,5382
3376,新日興,10,0,10,第一金-台中,2023-12-25,5382
6116,彩晶,17,7,10,第一金-台中,2023-12-25,5382
8916,光隆,10,0,10,第一金-台中,2023-12-25,5382
2377,微星,17,8,9,第一金-台中,2023-12-25,5382
00687B,國泰20年美債,10,1,9,第一金-台中,2023-12-25,5382
3694,海華,12,3,9,第一金-台中,2023-12-25,5382
5608,四維航,9,0,9,第一金-台中,2023-12-25,5382
6139,亞翔,10,1,9,第一金-台中,2023-12-25,5382
5321,美而快,8,0,8,第一金-台中,2023-12-25,5382
00679B,元大美債20年,19,12,7,第一金-台中,2023-12-25,5382
00936,台新永續高息中小,7,0,7,第一金-台中,2023-12-25,5382
1605,華新,7,0,7,第一金-台中,2023-12-25,5382
00915,凱基優選高股息30,10,3,7,第一金-台中,2023-12-25,5382
0056,元大高股息,17,11,6,第一金-台中,2023-12-25,5382
2105,正新,6,0,6,第一金-台中,2023-12-25,5382
2393,億光,6,0,6,第一金-台中,2023-12-25,5382
2515,中工,14,8,6,第一金-台中,2023-12-25,5382
2516,新建,6,0,6,第一金-台中,2023-12-25,5382
2732,六角,6,0,6,第一金-台中,2023-12-25,5382
6126,信音,6,0,6,第一金-台中,2023-12-25,5382
2317,鴻海,1001,0,1001,第一金-台中,2023-12-26,5382
6015,宏遠證,220,0,220,第一金-台中,2023-12-26,5382
3481,群創,126,59,67,第一金-台中,2023-12-26,5382
2344,華邦電,67,6,61,第一金-台中,2023-12-26,5382
5272,笙科,55,1,54,第一金-台中,2023-12-26,5382
8089,康全電訊,52,0,52,第一金-台中,2023-12-26,5382
00919,群益台灣精選高息,88,52,36,第一金-台中,2023-12-26,5382
8096,擎亞,28,0,28,第一金-台中,2023-12-26,5382
5478,智冠,27,0,27,第一金-台中,2023-12-26,5382
2324,仁寶,180,157,23,第一金-台中,2023-12-26,5382
3521,鴻翊,21,0,21,第一金-台中,2023-12-26,5382
3530,晶相光,23,2,21,第一金-台中,2023-12-26,5382
8114,振樺電,19,1,18,第一金-台中,2023-12-26,5382
4979,華星光,18,1,17,第一金-台中,2023-12-26,5382
1524,耿鼎,17,0,17,第一金-台中,2023-12-26,5382
00680L,元大美債20正2,17,0,17,第一金-台中,2023-12-26,5382
2402,毅嘉,60,43,17,第一金-台中,2023-12-26,5382
00632R,元大台灣50反1,15,0,15,第一金-台中,2023-12-26,5382
4609,唐鋒,15,0,15,第一金-台中,2023-12-26,5382
3163,波若威,14,0,14,第一金-台中,2023-12-26,5382
5388,中磊,14,0,14,第一金-台中,2023-12-26,5382
6462,神盾,18,4,14,第一金-台中,2023-12-26,5382
9105,泰金寶-DR,14,0,14,第一金-台中,2023-12-26,5382
2443,昶虹,17,4,13,第一金-台中,2023-12-26,5382
2362,藍天,22,10,12,第一金-台中,2023-12-26,5382
2727,王品,11,0,11,第一金-台中,2023-12-26,5382
1795,美時,10,0,10,第一金-台中,2023-12-26,5382
2105,正新,11,1,10,第一金-台中,2023-12-26,5382
2610,華航,11,1,10,第一金-台中,2023-12-26,5382
3014,聯陽,10,0,10,第一金-台中,2023-12-26,5382
3545,敦泰,10,0,10,第一金-台中,2023-12-26,5382
9904,寶成,10,0,10,第一金-台中,2023-12-26,5382
00937B,群益ESG投等債20,27,18,9,第一金-台中,2023-12-26,5382
3437,榮創,9,0,9,第一金-台中,2023-12-26,5382
3390,旭軟,9,1,8,第一金-台中,2023-12-26,5382
3494,誠研,8,0,8,第一金-台中,2023-12-26,5382
3588,通嘉,11,3,8,第一金-台中,2023-12-26,5382
6233,旺玖,16,8,8,第一金-台中,2023-12-26,5382
6668,中揚光,10,2,8,第一金-台中,2023-12-26,5382
00679B,元大美債20年,7,0,7,第一金-台中,2023-12-26,5382
6290,良維,8,1,7,第一金-台中,2023-12-26,5382
8039,台虹,9,2,7,第一金-台中,2023-12-26,5382
00936,台新永續高息中小,6,0,6,第一金-台中,2023-12-26,5382
2812,台中銀,6,0,6,第一金-台中,2023-12-26,5382
3094,聯傑,8,2,6,第一金-台中,2023-12-26,5382
5321,美而快,6,0,6,第一金-台中,2023-12-26,5382
2367,燿華,5,0,5,第一金-台中,2023-12-26,5382
2401,凌陽,6,1,5,第一金-台中,2023-12-26,5382
2903,遠百,5,0,5,第一金-台中,2023-12-26,5382
3687,歐買尬,5,0,5,第一金-台中,2023-12-26,5382
00937B,群益ESG投等債20,296,2,294,第一金-台中,2023-12-27,5382
1312,國喬,152,0,152,第一金-台中,2023-12-27,5382
4414,如興,50,4,46,第一金-台中,2023-12-27,5382
2380,虹光,30,0,30,第一金-台中,2023-12-27,5382
2891,中信金,51,22,29,第一金-台中,2023-12-27,5382
3006,晶豪科,63,39,24,第一金-台中,2023-12-27,5382
00882,中信中國高股息,20,0,20,第一金-台中,2023-12-27,5382
1440,南紡,20,0,20,第一金-台中,2023-12-27,5382
3438,類比科,22,2,20,第一金-台中,2023-12-27,5382
3714,富采,21,1,20,第一金-台中,2023-12-27,5382
2337,旺宏,20,1,19,第一金-台中,2023-12-27,5382
4979,華星光,22,4,18,第一金-台中,2023-12-27,5382
2449,京元電子,19,1,18,第一金-台中,2023-12-27,5382
2402,毅嘉,24,8,16,第一金-台中,2023-12-27,5382
2014,中鴻,15,0,15,第一金-台中,2023-12-27,5382
2388,威盛,16,1,15,第一金-台中,2023-12-27,5382
2727,王品,15,0,15,第一金-台中,2023-12-27,5382
4609,唐鋒,15,0,15,第一金-台中,2023-12-27,5382
5523,豐謙,15,0,15,第一金-台中,2023-12-27,5382
6284,佳邦,14,0,14,第一金-台中,2023-12-27,5382
3483,力致,21,8,13,第一金-台中,2023-12-27,5382
4961,天鈺,14,1,13,第一金-台中,2023-12-27,5382
2610,華航,13,0,13,第一金-台中,2023-12-27,5382
00687B,國泰20年美債,24,11,13,第一金-台中,2023-12-27,5382
2002,中鋼,13,0,13,第一金-台中,2023-12-27,5382
00740B,富邦全球投等債,12,0,12,第一金-台中,2023-12-27,5382
2385,群光,12,0,12,第一金-台中,2023-12-27,5382
5321,美而快,12,0,12,第一金-台中,2023-12-27,5382
9951,皇田,12,0,12,第一金-台中,2023-12-27,5382
3390,旭軟,40,28,12,第一金-台中,2023-12-27,5382
6806,森崴能源,11,0,11,第一金-台中,2023-12-27,5382
9958,世紀鋼,10,0,10,第一金-台中,2023-12-27,5382
00720B,元大投資級公司債,15,5,10,第一金-台中,2023-12-27,5382
2025,千興,10,0,10,第一金-台中,2023-12-27,5382
3044,健鼎,10,0,10,第一金-台中,2023-12-27,5382
00892,富邦台灣半導體,11,2,9,第一金-台中,2023-12-27,5382
6805,富世達,10,1,9,第一金-台中,2023-12-27,5382
6695,芯鼎,14,5,9,第一金-台中,2023-12-27,5382
00918,大華優利高填息30,9,1,8,第一金-台中,2023-12-27,5382
3049,精金,10,2,8,第一金-台中,2023-12-27,5382
8096,擎亞,18,10,8,第一金-台中,2023-12-27,5382
2634,漢翔,8,0,8,第一金-台中,2023-12-27,5382
00931B,統一美債20年,11,4,7,第一金-台中,2023-12-27,5382
00891,中信關鍵半導體,18,11,7,第一金-台中,2023-12-27,5382
1618,合機,8,1,7,第一金-台中,2023-12-27,5382
2892,第一金,11,4,7,第一金-台中,2023-12-27,5382
3231,緯創,20,14,6,第一金-台中,2023-12-27,5382
2405,輔信,106,100,6,第一金-台中,2023-12-27,5382
4174,浩鼎,6,0,6,第一金-台中,2023-12-27,5382
6233,旺玖,50,44,6,第一金-台中,2023-12-27,5382
2324,仁寶,228,40,188,第一金-台中,2023-12-28,5382
00632R,元大台灣50反1,200,30,170,第一金-台中,2023-12-28,5382
1312,國喬,100,0,100,第一金-台中,2023-12-28,5382
8096,擎亞,108,38,70,第一金-台中,2023-12-28,5382
2365,昆盈,89,34,55,第一金-台中,2023-12-28,5382
00929,復華台灣科技優息,71,26,45,第一金-台中,2023-12-28,5382
00937B,群益ESG投等債20,45,0,45,第一金-台中,2023-12-28,5382
00680L,元大美債20正2,45,0,45,第一金-台中,2023-12-28,5382
00919,群益台灣精選高息,43,6,37,第一金-台中,2023-12-28,5382
3706,神達,141,108,33,第一金-台中,2023-12-28,5382
2352,佳世達,31,0,31,第一金-台中,2023-12-28,5382
3481,群創,50,20,30,第一金-台中,2023-12-28,5382
2332,友訊,27,0,27,第一金-台中,2023-12-28,5382
6113,亞矽,30,5,25,第一金-台中,2023-12-28,5382
3338,泰碩,36,15,21,第一金-台中,2023-12-28,5382
00720B,元大投資級公司債,20,0,20,第一金-台中,2023-12-28,5382
6203,海韻電,24,4,20,第一金-台中,2023-12-28,5382
6271,同欣電,20,0,20,第一金-台中,2023-12-28,5382
5381,合正,16,0,16,第一金-台中,2023-12-28,5382
3035,智原,25,10,15,第一金-台中,2023-12-28,5382
2323,中環,15,2,13,第一金-台中,2023-12-28,5382
8034,榮群,12,0,12,第一金-台中,2023-12-28,5382
00687B,國泰20年美債,11,0,11,第一金-台中,2023-12-28,5382
8081,致新,11,1,10,第一金-台中,2023-12-28,5382
2888,新光金,10,0,10,第一金-台中,2023-12-28,5382
3532,台勝科,10,0,10,第一金-台中,2023-12-28,5382
4609,唐鋒,10,0,10,第一金-台中,2023-12-28,5382
6415,矽力*-KY,15,5,10,第一金-台中,2023-12-28,5382
3006,晶豪科,18,9,9,第一金-台中,2023-12-28,5382
2886,兆豐金,9,0,9,第一金-台中,2023-12-28,5382
00885,富邦越南,9,0,9,第一金-台中,2023-12-28,5382
3376,新日興,13,4,9,第一金-台中,2023-12-28,5382
8011,台通,11,2,9,第一金-台中,2023-12-28,5382
1514,亞力,15,7,8,第一金-台中,2023-12-28,5382
1806,冠軍,8,0,8,第一金-台中,2023-12-28,5382
2401,凌陽,8,0,8,第一金-台中,2023-12-28,5382
1513,中興電,15,8,7,第一金-台中,2023-12-28,5382
00936,台新永續高息中小,7,0,7,第一金-台中,2023-12-28,5382
1524,耿鼎,7,0,7,第一金-台中,2023-12-28,5382
2353,宏��,141,134,7,第一金-台中,2023-12-28,5382
4908,前鼎,7,0,7,第一金-台中,2023-12-28,5382
6118,建達,7,0,7,第一金-台中,2023-12-28,5382
8054,安國,7,0,7,第一金-台中,2023-12-28,5382
3588,通嘉,8,2,6,第一金-台中,2023-12-28,5382
2107,厚生,6,0,6,第一金-台中,2023-12-28,5382
2313,華通,16,10,6,第一金-台中,2023-12-28,5382
2543,皇昌,6,0,6,第一金-台中,2023-12-28,5382
4157,太景*-KY,8,2,6,第一金-台中,2023-12-28,5382
6668,中揚光,8,2,6,第一金-台中,2023-12-28,5382
2367,燿華,6,0,6,第一金-台中,2023-12-28,5382
00632R,元大台灣50反1,300,0,300,第一金-台中,2023-12-29,5382
00715L,期街口布蘭特正2,149,7,142,第一金-台中,2023-12-29,5382
00937B,群益ESG投等債20,114,5,109,第一金-台中,2023-12-29,5382
00680L,元大美債20正2,70,0,70,第一金-台中,2023-12-29,5382
00919,群益台灣精選高息,47,0,47,第一金-台中,2023-12-29,5382
2889,國票金,40,0,40,第一金-台中,2023-12-29,5382
6219,富旺,156,126,30,第一金-台中,2023-12-29,5382
6271,同欣電,30,1,29,第一金-台中,2023-12-29,5382
2362,藍天,36,10,26,第一金-台中,2023-12-29,5382
00712,復華富時不動產,24,1,23,第一金-台中,2023-12-29,5382
00720B,元大投資級公司債,20,0,20,第一金-台中,2023-12-29,5382
2374,佳能,21,1,20,第一金-台中,2023-12-29,5382
2883,凱基金,20,0,20,第一金-台中,2023-12-29,5382
2633,台灣高鐵,17,0,17,第一金-台中,2023-12-29,5382
3588,通嘉,16,0,16,第一金-台中,2023-12-29,5382
9945,潤泰新,15,0,15,第一金-台中,2023-12-29,5382
2356,英業達,65,53,12,第一金-台中,2023-12-29,5382
3231,緯創,48,36,12,第一金-台中,2023-12-29,5382
1513,中興電,15,3,12,第一金-台中,2023-12-29,5382
00679B,元大美債20年,12,0,12,第一金-台中,2023-12-29,5382
1503,士電,28,17,11,第一金-台中,2023-12-29,5382
2331,精英,11,0,11,第一金-台中,2023-12-29,5382
2515,中工,16,5,11,第一金-台中,2023-12-29,5382
2605,新興,12,1,11,第一金-台中,2023-12-29,5382
2402,毅嘉,31,20,11,第一金-台中,2023-12-29,5382
00795B,中信美國公債20年,10,0,10,第一金-台中,2023-12-29,5382
1213,大飲,10,0,10,第一金-台中,2023-12-29,5382
00882,中信中國高股息,10,0,10,第一金-台中,2023-12-29,5382
3060,銘異,10,0,10,第一金-台中,2023-12-29,5382
4919,新唐,10,0,10,第一金-台中,2023-12-29,5382
3406,玉晶光,10,1,9,第一金-台中,2023-12-29,5382
1618,合機,11,3,8,第一金-台中,2023-12-29,5382
9951,皇田,8,0,8,第一金-台中,2023-12-29,5382
2382,廣達,28,21,7,第一金-台中,2023-12-29,5382
1432,大魯閣,7,0,7,第一金-台中,2023-12-29,5382
3706,神達,19,12,7,第一金-台中,2023-12-29,5382
3548,兆利,6,0,6,第一金-台中,2023-12-29,5382
3715,定穎投控,15,9,6,第一金-台中,2023-12-29,5382
9103,美德醫療-DR,6,0,6,第一金-台中,2023-12-29,5382
2885,元大金,5,0,5,第一金-台中,2023-12-29,5382
4979,華星光,11,6,5,第一金-台中,2023-12-29,5382
0056,元大高股息,32,27,5,第一金-台中,2023-12-29,5382
9943,好樂迪,5,0,5,第一金-台中,2023-12-29,5382
5425,台半,5,0,5,第一金-台中,2023-12-29,5382
006205,富邦上証,5,0,5,第一金-台中,2023-12-29,5382
1519,華城,16,11,5,第一金-台中,2023-12-29,5382
1810,和成,5,0,5,第一金-台中,2023-12-29,5382
2332,友訊,5,0,5,第一金-台中,2023-12-29,5382
2753,八方雲集,5,0,5,第一金-台中,2023-12-29,5382
2832,台產,5,0,5,第一金-台中,2023-12-29,5382
2324,仁寶,271,20,251,第一金-台中,2024-01-02,5382
00720B,元大投資級公司債,223,2,221,第一金-台中,2024-01-02,5382
00919,群益台灣精選高息,172,21,151,第一金-台中,2024-01-02,5382
4414,如興,149,0,149,第一金-台中,2024-01-02,5382
00937B,群益ESG投等債20,117,0,117,第一金-台中,2024-01-02,5382
2027,大成鋼,100,0,100,第一金-台中,2024-01-02,5382
00688L,國泰20年美債正2,53,0,53,第一金-台中,2024-01-02,5382
00680L,元大美債20正2,38,0,38,第一金-台中,2024-01-02,5382
2002,中鋼,35,0,35,第一金-台中,2024-01-02,5382
00712,復華富時不動產,28,0,28,第一金-台中,2024-01-02,5382
6271,同欣電,26,0,26,第一金-台中,2024-01-02,5382
2344,華邦電,35,10,25,第一金-台中,2024-01-02,5382
2609,陽明,42,19,23,第一金-台中,2024-01-02,5382
2362,藍天,38,16,22,第一金-台中,2024-01-02,5382
3228,金麗科,22,0,22,第一金-台中,2024-01-02,5382
2915,潤泰全,20,0,20,第一金-台中,2024-01-02,5382
00929,復華台灣科技優息,90,70,20,第一金-台中,2024-01-02,5382
6457,紘康,19,0,19,第一金-台中,2024-01-02,5382
2376,技嘉,21,2,19,第一金-台中,2024-01-02,5382
2353,宏��,76,60,16,第一金-台中,2024-01-02,5382
1795,美時,20,4,16,第一金-台中,2024-01-02,5382
2313,華通,18,2,16,第一金-台中,2024-01-02,5382
4919,新唐,16,0,16,第一金-台中,2024-01-02,5382
00751B,元大AAA至A公司債,15,1,14,第一金-台中,2024-01-02,5382
2388,威盛,14,1,13,第一金-台中,2024-01-02,5382
00891,中信關鍵半導體,13,0,13,第一金-台中,2024-01-02,5382
2355,敬鵬,15,2,13,第一金-台中,2024-01-02,5382
0056,元大高股息,15,2,13,第一金-台中,2024-01-02,5382
00687B,國泰20年美債,12,1,11,第一金-台中,2024-01-02,5382
00918,大華優利高填息30,11,0,11,第一金-台中,2024-01-02,5382
2402,毅嘉,21,10,11,第一金-台中,2024-01-02,5382
2303,聯電,13,3,10,第一金-台中,2024-01-02,5382
2615,萬海,28,18,10,第一金-台中,2024-01-02,5382
3715,定穎投控,12,2,10,第一金-台中,2024-01-02,5382
4939,亞電,10,0,10,第一金-台中,2024-01-02,5382
6288,聯嘉,10,0,10,第一金-台中,2024-01-02,5382
9940,信義,10,0,10,第一金-台中,2024-01-02,5382
00933B,國泰10Y+金融債,15,6,9,第一金-台中,2024-01-02,5382
5608,四維航,13,4,9,第一金-台中,2024-01-02,5382
9945,潤泰新,8,0,8,第一金-台中,2024-01-02,5382
00722B,群益投資級電信債,8,0,8,第一金-台中,2024-01-02,5382
4157,太景*-KY,8,0,8,第一金-台中,2024-01-02,5382
5425,台半,13,5,8,第一金-台中,2024-01-02,5382
2330,台積電,8,0,8,第一金-台中,2024-01-02,5382
3006,晶豪科,9,1,8,第一金-台中,2024-01-02,5382
4979,華星光,8,1,7,第一金-台中,2024-01-02,5382
2887,台新金,7,0,7,第一金-台中,2024-01-02,5382
6231,系微,7,0,7,第一金-台中,2024-01-02,5382
00679B,元大美債20年,6,0,6,第一金-台中,2024-01-02,5382
6668,中揚光,6,0,6,第一金-台中,2024-01-02,5382
2618,長榮航,212,13,199,第一金-台中,2024-01-03,5382
00929,復華台灣科技優息,228,67,161,第一金-台中,2024-01-03,5382
00715L,期街口布蘭特正2,180,30,150,第一金-台中,2024-01-03,5382
2609,陽明,169,52,117,第一金-台中,2024-01-03,5382
00632R,元大台灣50反1,110,1,109,第一金-台中,2024-01-03,5382
00882,中信中國高股息,83,3,80,第一金-台中,2024-01-03,5382
00919,群益台灣精選高息,59,2,57,第一金-台中,2024-01-03,5382
2344,華邦電,59,10,49,第一金-台中,2024-01-03,5382
00937B,群益ESG投等債20,58,11,47,第一金-台中,2024-01-03,5382
6695,芯鼎,57,18,39,第一金-台中,2024-01-03,5382
3390,旭軟,117,80,37,第一金-台中,2024-01-03,5382
00680L,元大美債20正2,41,10,31,第一金-台中,2024-01-03,5382
3228,金麗科,32,3,29,第一金-台中,2024-01-03,5382
6257,矽格,30,2,28,第一金-台中,2024-01-03,5382
00918,大華優利高填息30,22,1,21,第一金-台中,2024-01-03,5382
3105,穩懋,21,1,20,第一金-台中,2024-01-03,5382
2402,毅嘉,38,18,20,第一金-台中,2024-01-03,5382
6835,圓裕,20,0,20,第一金-台中,2024-01-03,5382
00878,國泰永續高股息,24,4,20,第一金-台中,2024-01-03,5382
1513,中興電,24,5,19,第一金-台中,2024-01-03,5382
2303,聯電,27,9,18,第一金-台中,2024-01-03,5382
1466,聚隆,18,0,18,第一金-台中,2024-01-03,5382
2890,永豐金,16,0,16,第一金-台中,2024-01-03,5382
3481,群創,30,14,16,第一金-台中,2024-01-03,5382
2330,台積電,18,2,16,第一金-台中,2024-01-03,5382
2883B,凱基金乙特,15,0,15,第一金-台中,2024-01-03,5382
00927,群益半導體收益,14,0,14,第一金-台中,2024-01-03,5382
2615,萬海,30,16,14,第一金-台中,2024-01-03,5382
2363,矽統,14,0,14,第一金-台中,2024-01-03,5382
0056,元大高股息,34,20,14,第一金-台中,2024-01-03,5382
2633,台灣高鐵,14,1,13,第一金-台中,2024-01-03,5382
00931B,統一美債20年,12,0,12,第一金-台中,2024-01-03,5382
2356,英業達,20,8,12,第一金-台中,2024-01-03,5382
6770,力積電,12,0,12,第一金-台中,2024-01-03,5382
2888,新光金,11,0,11,第一金-台中,2024-01-03,5382
6443,元晶,12,1,11,第一金-台中,2024-01-03,5382
1618,合機,10,0,10,第一金-台中,2024-01-03,5382
2025,千興,10,0,10,第一金-台中,2024-01-03,5382
2028,威致,10,0,10,第一金-台中,2024-01-03,5382
2465,麗臺,10,0,10,第一金-台中,2024-01-03,5382
3663,鑫科,10,0,10,第一金-台中,2024-01-03,5382
3714,富采,10,0,10,第一金-台中,2024-01-03,5382
4401,東隆興,10,0,10,第一金-台中,2024-01-03,5382
6217,中探針,10,0,10,第一金-台中,2024-01-03,5382
00751B,元大AAA至A公司債,9,0,9,第一金-台中,2024-01-03,5382
2014,中鴻,9,0,9,第一金-台中,2024-01-03,5382
2038,海光,11,2,9,第一金-台中,2024-01-03,5382
2352,佳世達,12,3,9,第一金-台中,2024-01-03,5382
6188,廣明,10,1,9,第一金-台中,2024-01-03,5382
2884,玉山金,11,3,8,第一金-台中,2024-01-03,5382
1312,國喬,180,0,180,第一金-台中,2024-01-04,5382
2027,大成鋼,166,0,166,第一金-台中,2024-01-04,5382
00929,復華台灣科技優息,115,31,84,第一金-台中,2024-01-04,5382
6219,富旺,143,77,66,第一金-台中,2024-01-04,5382
4909,新復興,50,0,50,第一金-台中,2024-01-04,5382
6462,神盾,48,11,37,第一金-台中,2024-01-04,5382
3390,旭軟,39,2,37,第一金-台中,2024-01-04,5382
6457,紘康,32,0,32,第一金-台中,2024-01-04,5382
00712,復華富時不動產,27,0,27,第一金-台中,2024-01-04,5382
6806,森崴能源,25,0,25,第一金-台中,2024-01-04,5382
2353,宏��,188,163,25,第一金-台中,2024-01-04,5382
1612,宏泰,31,7,24,第一金-台中,2024-01-04,5382
2331,精英,35,11,24,第一金-台中,2024-01-04,5382
2362,藍天,32,10,22,第一金-台中,2024-01-04,5382
00937B,群益ESG投等債20,21,1,20,第一金-台中,2024-01-04,5382
6288,聯嘉,20,0,20,第一金-台中,2024-01-04,5382
3354,律勝,19,1,18,第一金-台中,2024-01-04,5382
00927,群益半導體收益,17,0,17,第一金-台中,2024-01-04,5382
00878,國泰永續高股息,17,0,17,第一金-台中,2024-01-04,5382
2383,台光電,16,0,16,第一金-台中,2024-01-04,5382
2641,正德,19,3,16,第一金-台中,2024-01-04,5382
8046,南電,16,0,16,第一金-台中,2024-01-04,5382
3078,僑威,15,0,15,第一金-台中,2024-01-04,5382
2603,長榮,42,28,14,第一金-台中,2024-01-04,5382
8467,波力-KY,13,1,12,第一金-台中,2024-01-04,5382
00915,凱基優選高股息30,12,0,12,第一金-台中,2024-01-04,5382
00773B,中信優先金融債,11,0,11,第一金-台中,2024-01-04,5382
1609,大亞,12,1,11,第一金-台中,2024-01-04,5382
6271,同欣電,12,1,11,第一金-台中,2024-01-04,5382
6593,台灣銘板,10,0,10,第一金-台中,2024-01-04,5382
2486,一詮,53,43,10,第一金-台中,2024-01-04,5382
00933B,國泰10Y+金融債,10,0,10,第一金-台中,2024-01-04,5382
2323,中環,10,0,10,第一金-台中,2024-01-04,5382
2349,錸德,10,0,10,第一金-台中,2024-01-04,5382
2489,瑞軒,10,0,10,第一金-台中,2024-01-04,5382
2867,三商壽,10,0,10,第一金-台中,2024-01-04,5382
5302,太欣,10,0,10,第一金-台中,2024-01-04,5382
5426,振發,10,0,10,第一金-台中,2024-01-04,5382
6111,大宇資,13,3,10,第一金-台中,2024-01-04,5382
6197,佳必琪,10,0,10,第一金-台中,2024-01-04,5382
3228,金麗科,21,12,9,第一金-台中,2024-01-04,5382
3105,穩懋,10,1,9,第一金-台中,2024-01-04,5382
2328,廣宇,9,0,9,第一金-台中,2024-01-04,5382
2355,敬鵬,10,1,9,第一金-台中,2024-01-04,5382
00650L,復華香港正2,8,0,8,第一金-台中,2024-01-04,5382
2313,華通,10,2,8,第一金-台中,2024-01-04,5382
2834,臺企銀,8,0,8,第一金-台中,2024-01-04,5382
4532,瑞智,8,0,8,第一金-台中,2024-01-04,5382
9934,成霖,8,0,8,第一金-台中,2024-01-04,5382
1591,駿吉-KY,7,0,7,第一金-台中,2024-01-04,5382
1409,新纖,150,0,150,第一金-台中,2024-01-05,5382
2618,長榮航,174,57,117,第一金-台中,2024-01-05,5382
00929,復華台灣科技優息,120,33,87,第一金-台中,2024-01-05,5382
00687B,國泰20年美債,66,0,66,第一金-台中,2024-01-05,5382
6684,安格,60,0,60,第一金-台中,2024-01-05,5382
8096,擎亞,94,38,56,第一金-台中,2024-01-05,5382
6695,芯鼎,65,14,51,第一金-台中,2024-01-05,5382
00937B,群益ESG投等債20,51,2,49,第一金-台中,2024-01-05,5382
00679B,元大美債20年,37,0,37,第一金-台中,2024-01-05,5382
3588,通嘉,56,22,34,第一金-台中,2024-01-05,5382
2362,藍天,97,67,30,第一金-台中,2024-01-05,5382
8467,波力-KY,45,15,30,第一金-台中,2024-01-05,5382
2303,聯電,33,8,25,第一金-台中,2024-01-05,5382
4746,台耀,26,1,25,第一金-台中,2024-01-05,5382
6219,富旺,80,56,24,第一金-台中,2024-01-05,5382
00878,國泰永續高股息,25,4,21,第一金-台中,2024-01-05,5382
6806,森崴能源,20,0,20,第一金-台中,2024-01-05,5382
2611,志信,21,1,20,第一金-台中,2024-01-05,5382
8112,至上,22,5,17,第一金-台中,2024-01-05,5382
00722B,群益投資級電信債,16,0,16,第一金-台中,2024-01-05,5382
00919,群益台灣精選高息,16,0,16,第一金-台中,2024-01-05,5382
00927,群益半導體收益,15,0,15,第一金-台中,2024-01-05,5382
2610,華航,16,1,15,第一金-台中,2024-01-05,5382
8011,台通,15,0,15,第一金-台中,2024-01-05,5382
2352,佳世達,14,0,14,第一金-台中,2024-01-05,5382
00918,大華優利高填息30,14,0,14,第一金-台中,2024-01-05,5382
00715L,期街口布蘭特正2,14,0,14,第一金-台中,2024-01-05,5382
2356,英業達,26,12,14,第一金-台中,2024-01-05,5382
0056,元大高股息,25,13,12,第一金-台中,2024-01-05,5382
2867,三商壽,12,0,12,第一金-台中,2024-01-05,5382
00931B,統一美債20年,11,0,11,第一金-台中,2024-01-05,5382
00795B,中信美國公債20年,11,0,11,第一金-台中,2024-01-05,5382
6271,同欣電,11,0,11,第一金-台中,2024-01-05,5382
2347,聯強,10,0,10,第一金-台中,2024-01-05,5382
3522,御嵿,10,0,10,第一金-台中,2024-01-05,5382
4945,陞達科技,10,0,10,第一金-台中,2024-01-05,5382
5525,順天,10,0,10,第一金-台中,2024-01-05,5382
2324,仁寶,13,3,10,第一金-台中,2024-01-05,5382
00751B,元大AAA至A公司債,10,1,9,第一金-台中,2024-01-05,5382
00770,國泰北美科技,10,1,9,第一金-台中,2024-01-05,5382
00712,復華富時不動產,10,1,9,第一金-台中,2024-01-05,5382
3044,健鼎,8,0,8,第一金-台中,2024-01-05,5382
2368,金像電,8,0,8,第一金-台中,2024-01-05,5382
6171,大城地產,10,2,8,第一金-台中,2024-01-05,5382
6233,旺玖,14,6,8,第一金-台中,2024-01-05,5382
00882,中信中國高股息,7,0,7,第一金-台中,2024-01-05,5382
8046,南電,6,0,6,第一金-台中,2024-01-05,5382
00934,中信成長高股息,7,1,6,第一金-台中,2024-01-05,5382
2888,新光金,20,14,6,第一金-台中,2024-01-05,5382
2330,台積電,8,2,6,第一金-台中,2024-01-05,5382
00637L,元大滬深300正2,151,0,151,第一金-台中,2024-01-08,5382
6770,力積電,111,7,104,第一金-台中,2024-01-08,5382
00919,群益台灣精選高息,100,0,100,第一金-台中,2024-01-08,5382
00929,復華台灣科技優息,112,50,62,第一金-台中,2024-01-08,5382
00679B,元大美債20年,61,0,61,第一金-台中,2024-01-08,5382
2498,宏達電,58,12,46,第一金-台中,2024-01-08,5382
2365,昆盈,30,0,30,第一金-台中,2024-01-08,5382
2888,新光金,58,35,23,第一金-台中,2024-01-08,5382
00882,中信中國高股息,21,0,21,第一金-台中,2024-01-08,5382
2388,威盛,32,12,20,第一金-台中,2024-01-08,5382
6271,同欣電,21,1,20,第一金-台中,2024-01-08,5382
2605,新興,17,0,17,第一金-台中,2024-01-08,5382
3017,奇鋐,21,4,17,第一金-台中,2024-01-08,5382
8011,台通,16,0,16,第一金-台中,2024-01-08,5382
00687B,國泰20年美債,15,0,15,第一金-台中,2024-01-08,5382
6219,富旺,49,34,15,第一金-台中,2024-01-08,5382
2324,仁寶,17,3,14,第一金-台中,2024-01-08,5382
2486,一詮,18,4,14,第一金-台中,2024-01-08,5382
0056,元大高股息,24,10,14,第一金-台中,2024-01-08,5382
00937B,群益ESG投等債20,33,20,13,第一金-台中,2024-01-08,5382
2543,皇昌,20,7,13,第一金-台中,2024-01-08,5382
3037,欣興,12,0,12,第一金-台中,2024-01-08,5382
2636,台驊控股,15,3,12,第一金-台中,2024-01-08,5382
6462,神盾,28,16,12,第一金-台中,2024-01-08,5382
2337,旺宏,11,0,11,第一金-台中,2024-01-08,5382
8227,巨有科技,14,3,11,第一金-台中,2024-01-08,5382
2615,萬海,10,0,10,第一金-台中,2024-01-08,5382
00686R,群益臺灣加權反1,10,0,10,第一金-台中,2024-01-08,5382
00712,復華富時不動產,11,1,10,第一金-台中,2024-01-08,5382
00728,第一金工業30,30,20,10,第一金-台中,2024-01-08,5382
2331,精英,11,1,10,第一金-台中,2024-01-08,5382
2617,台航,10,0,10,第一金-台中,2024-01-08,5382
3042,晶技,10,0,10,第一金-台中,2024-01-08,5382
3051,力特,11,1,10,第一金-台中,2024-01-08,5382
4414,如興,10,0,10,第一金-台中,2024-01-08,5382
5523,豐謙,10,0,10,第一金-台中,2024-01-08,5382
8034,榮群,10,0,10,第一金-台中,2024-01-08,5382
00770,國泰北美科技,9,0,9,第一金-台中,2024-01-08,5382
00753L,中信中國50正2,8,0,8,第一金-台中,2024-01-08,5382
00696B,富邦美債20年,8,0,8,第一金-台中,2024-01-08,5382
2885,元大金,8,0,8,第一金-台中,2024-01-08,5382
00902,中信電池及儲能,7,0,7,第一金-台中,2024-01-08,5382
2317,鴻海,7,0,7,第一金-台中,2024-01-08,5382
8046,南電,7,0,7,第一金-台中,2024-01-08,5382
00931B,統一美債20年,9,2,7,第一金-台中,2024-01-08,5382
2603,長榮,14,7,7,第一金-台中,2024-01-08,5382
2303,聯電,8,1,7,第一金-台中,2024-01-08,5382
3687,歐買尬,11,4,7,第一金-台中,2024-01-08,5382
2344,華邦電,8,2,6,第一金-台中,2024-01-08,5382
00772B,中信高評級公司債,6,0,6,第一金-台中,2024-01-08,5382
2317,鴻海,504,0,504,第一金-台中,2024-01-09,5382
00919,群益台灣精選高息,104,0,104,第一金-台中,2024-01-09,5382
00715L,期街口布蘭特正2,78,3,75,第一金-台中,2024-01-09,5382
4563,百德,50,0,50,第一金-台中,2024-01-09,5382
2605,新興,33,0,33,第一金-台中,2024-01-09,5382
2362,藍天,54,24,30,第一金-台中,2024-01-09,5382
00937B,群益ESG投等債20,25,0,25,第一金-台中,2024-01-09,5382
2356,英業達,69,44,25,第一金-台中,2024-01-09,5382
00929,復華台灣科技優息,25,0,25,第一金-台中,2024-01-09,5382
4128,中天,24,0,24,第一金-台中,2024-01-09,5382
4919,新唐,24,1,23,第一金-台中,2024-01-09,5382
6117,迎廣,23,1,22,第一金-台中,2024-01-09,5382
2402,毅嘉,70,51,19,第一金-台中,2024-01-09,5382
3346,麗清,18,1,17,第一金-台中,2024-01-09,5382
1731,美吾華,16,0,16,第一金-台中,2024-01-09,5382
6806,森崴能源,15,0,15,第一金-台中,2024-01-09,5382
8227,巨有科技,42,27,15,第一金-台中,2024-01-09,5382
8996,高力,15,1,14,第一金-台中,2024-01-09,5382
2486,一詮,14,1,13,第一金-台中,2024-01-09,5382
8111,立��,39,27,12,第一金-台中,2024-01-09,5382
1714,和桐,11,0,11,第一金-台中,2024-01-09,5382
00918,大華優利高填息30,11,0,11,第一金-台中,2024-01-09,5382
1514,亞力,17,6,11,第一金-台中,2024-01-09,5382
6180,橘子,11,0,11,第一金-台中,2024-01-09,5382
2208,台船,10,0,10,第一金-台中,2024-01-09,5382
2355,敬鵬,10,0,10,第一金-台中,2024-01-09,5382
2610,華航,15,5,10,第一金-台中,2024-01-09,5382
3037,欣興,10,0,10,第一金-台中,2024-01-09,5382
5263,智崴,10,0,10,第一金-台中,2024-01-09,5382
6835,圓裕,10,0,10,第一金-台中,2024-01-09,5382
8940,新天地,10,0,10,第一金-台中,2024-01-09,5382
9951,皇田,10,0,10,第一金-台中,2024-01-09,5382
2641,正德,11,2,9,第一金-台中,2024-01-09,5382
3693,營邦,10,1,9,第一金-台中,2024-01-09,5382
1524,耿鼎,8,0,8,第一金-台中,2024-01-09,5382
6111,大宇資,8,0,8,第一金-台中,2024-01-09,5382
2707,晶華,11,4,7,第一金-台中,2024-01-09,5382
00927,群益半導體收益,7,0,7,第一金-台中,2024-01-09,5382
00882,中信中國高股息,7,0,7,第一金-台中,2024-01-09,5382
2313,華通,8,1,7,第一金-台中,2024-01-09,5382
2885,元大金,8,1,7,第一金-台中,2024-01-09,5382
3437,榮創,9,2,7,第一金-台中,2024-01-09,5382
6457,紘康,7,0,7,第一金-台中,2024-01-09,5382
8210,勤誠,20,13,7,第一金-台中,2024-01-09,5382
2363,矽統,13,6,7,第一金-台中,2024-01-09,5382
1325,恆大,15,9,6,第一金-台中,2024-01-09,5382
2308,台達電,6,0,6,第一金-台中,2024-01-09,5382
1101,台泥,6,0,6,第一金-台中,2024-01-09,5382
2014,中鴻,7,1,6,第一金-台中,2024-01-09,5382
00637L,元大滬深300正2,6,0,6,第一金-台中,2024-01-09,5382
6120,達運,256,14,242,第一金-台中,2024-01-10,5382
3055,蔚華科,90,25,65,第一金-台中,2024-01-10,5382
6684,安格,54,2,52,第一金-台中,2024-01-10,5382
0056,元大高股息,44,1,43,第一金-台中,2024-01-10,5382
00937B,群益ESG投等債20,35,0,35,第一金-台中,2024-01-10,5382
2353,宏��,110,80,30,第一金-台中,2024-01-10,5382
00929,復華台灣科技優息,35,6,29,第一金-台中,2024-01-10,5382
3548,兆利,34,6,28,第一金-台中,2024-01-10,5382
3231,緯創,39,13,26,第一金-台中,2024-01-10,5382
6219,富旺,65,40,25,第一金-台中,2024-01-10,5382
2317,鴻海,24,0,24,第一金-台中,2024-01-10,5382
2609,陽明,93,71,22,第一金-台中,2024-01-10,5382
2323,中環,20,0,20,第一金-台中,2024-01-10,5382
2610,華航,18,0,18,第一金-台中,2024-01-10,5382
2371,大同,29,12,17,第一金-台中,2024-01-10,5382
4909,新復興,18,1,17,第一金-台中,2024-01-10,5382
6462,神盾,80,64,16,第一金-台中,2024-01-10,5382
6457,紘康,16,0,16,第一金-台中,2024-01-10,5382
00904,新光臺灣半導體30,15,0,15,第一金-台中,2024-01-10,5382
00679B,元大美債20年,15,0,15,第一金-台中,2024-01-10,5382
2365,昆盈,14,0,14,第一金-台中,2024-01-10,5382
2329,華泰,20,7,13,第一金-台中,2024-01-10,5382
00641R,富邦日本反1,12,0,12,第一金-台中,2024-01-10,5382
8084,巨虹,12,0,12,第一金-台中,2024-01-10,5382
2816,旺旺保,12,0,12,第一金-台中,2024-01-10,5382
2356,英業達,36,25,11,第一金-台中,2024-01-10,5382
2208,台船,12,2,10,第一金-台中,2024-01-10,5382
2383,台光電,10,0,10,第一金-台中,2024-01-10,5382
3630,新鉅科,10,0,10,第一金-台中,2024-01-10,5382
3686,達能,10,0,10,第一金-台中,2024-01-10,5382
6140,訊達,35,25,10,第一金-台中,2024-01-10,5382
4956,光鋐,56,47,9,第一金-台中,2024-01-10,5382
2014,中鴻,9,0,9,第一金-台中,2024-01-10,5382
3031,佰鴻,12,3,9,第一金-台中,2024-01-10,5382
8011,台通,9,0,9,第一金-台中,2024-01-10,5382
2515,中工,10,2,8,第一金-台中,2024-01-10,5382
2615,萬海,23,15,8,第一金-台中,2024-01-10,5382
2376,技嘉,12,5,7,第一金-台中,2024-01-10,5382
6129,普誠,7,0,7,第一金-台中,2024-01-10,5382
00919,群益台灣精選高息,17,11,6,第一金-台中,2024-01-10,5382
2328,廣宇,6,0,6,第一金-台中,2024-01-10,5382
2867,三商壽,6,0,6,第一金-台中,2024-01-10,5382
3437,榮創,6,0,6,第一金-台中,2024-01-10,5382
6118,建達,6,0,6,第一金-台中,2024-01-10,5382
00687B,國泰20年美債,5,0,5,第一金-台中,2024-01-10,5382
2301,光寶科,6,0,6,第一金-台中,2024-01-10,5382
3037,欣興,5,0,5,第一金-台中,2024-01-10,5382
1101,台泥,5,0,5,第一金-台中,2024-01-10,5382
00881,國泰台灣5G+,5,0,5,第一金-台中,2024-01-10,5382
1409,新纖,5,0,5,第一金-台中,2024-01-10,5382
2317,鴻海,254,1,253,第一金-台中,2024-01-11,5382
00937B,群益ESG投等債20,82,0,82,第一金-台中,2024-01-11,5382
00632R,元大台灣50反1,100,25,75,第一金-台中,2024-01-11,5382
6695,芯鼎,75,29,46,第一金-台中,2024-01-11,5382
0056,元大高股息,44,2,42,第一金-台中,2024-01-11,5382
4956,光鋐,107,66,41,第一金-台中,2024-01-11,5382
00929,復華台灣科技優息,54,18,36,第一金-台中,2024-01-11,5382
2362,藍天,54,23,31,第一金-台中,2024-01-11,5382
3228,金麗科,30,2,28,第一金-台中,2024-01-11,5382
00919,群益台灣精選高息,27,2,25,第一金-台中,2024-01-11,5382
00680L,元大美債20正2,20,0,20,第一金-台中,2024-01-11,5382
3036,文曄,21,3,18,第一金-台中,2024-01-11,5382
00927,群益半導體收益,16,0,16,第一金-台中,2024-01-11,5382
6152,百一,15,0,15,第一金-台中,2024-01-11,5382
3231,緯創,30,15,15,第一金-台中,2024-01-11,5382
3287,廣寰科,26,12,14,第一金-台中,2024-01-11,5382
4979,華星光,18,4,14,第一金-台中,2024-01-11,5382
2421,建準,14,1,13,第一金-台中,2024-01-11,5382
1721,三晃,12,0,12,第一金-台中,2024-01-11,5382
2324,仁寶,12,1,11,第一金-台中,2024-01-11,5382
2405,輔信,11,0,11,第一金-台中,2024-01-11,5382
8096,擎亞,31,20,11,第一金-台中,2024-01-11,5382
4128,中天,11,0,11,第一金-台中,2024-01-11,5382
2615,萬海,10,0,10,第一金-台中,2024-01-11,5382
2618,長榮航,10,0,10,第一金-台中,2024-01-11,5382
3665,貿聯-KY,10,0,10,第一金-台中,2024-01-11,5382
6125,廣運,10,0,10,第一金-台中,2024-01-11,5382
8404,百和興業-KY,10,0,10,第一金-台中,2024-01-11,5382
9951,皇田,10,0,10,第一金-台中,2024-01-11,5382
3311,閎暉,10,0,10,第一金-台中,2024-01-11,5382
00662,富邦NASDAQ,10,0,10,第一金-台中,2024-01-11,5382
8227,巨有科技,41,32,9,第一金-台中,2024-01-11,5382
6451,訊芯-KY,12,3,9,第一金-台中,2024-01-11,5382
00679B,元大美債20年,8,0,8,第一金-台中,2024-01-11,5382
2303,聯電,8,0,8,第一金-台中,2024-01-11,5382
3312,弘憶股,10,2,8,第一金-台中,2024-01-11,5382
3494,誠研,9,1,8,第一金-台中,2024-01-11,5382
2357,華碩,7,1,6,第一金-台中,2024-01-11,5382
2347,聯強,11,5,6,第一金-台中,2024-01-11,5382
2353,宏��,69,63,6,第一金-台中,2024-01-11,5382
3689,湧德,6,0,6,第一金-台中,2024-01-11,5382
5425,台半,6,0,6,第一金-台中,2024-01-11,5382
6770,力積電,7,1,6,第一金-台中,2024-01-11,5382
8011,台通,6,0,6,第一金-台中,2024-01-11,5382
2382,廣達,13,7,6,第一金-台中,2024-01-11,5382
00882,中信中國高股息,16,10,6,第一金-台中,2024-01-11,5382
2882,國泰金,7,2,5,第一金-台中,2024-01-11,5382
00933B,國泰10Y+金融債,5,0,5,第一金-台中,2024-01-11,5382
00712,復華富時不動產,5,0,5,第一金-台中,2024-01-11,5382
2013,中鋼構,5,0,5,第一金-台中,2024-01-11,5382
6219,富旺,199,111,88,第一金-台中,2024-01-12,5382
00929,復華台灣科技優息,61,1,60,第一金-台中,2024-01-12,5382
2634,漢翔,47,8,39,第一金-台中,2024-01-12,5382
0056,元大高股息,41,5,36,第一金-台中,2024-01-12,5382
2353,宏��,143,110,33,第一金-台中,2024-01-12,5382
6530,創威,36,5,31,第一金-台中,2024-01-12,5382
00650L,復華香港正2,29,0,29,第一金-台中,2024-01-12,5382
6451,訊芯-KY,47,19,28,第一金-台中,2024-01-12,5382
6593,台灣銘板,32,5,27,第一金-台中,2024-01-12,5382
00927,群益半導體收益,26,0,26,第一金-台中,2024-01-12,5382
2208,台船,25,4,21,第一金-台中,2024-01-12,5382
2891,中信金,21,0,21,第一金-台中,2024-01-12,5382
3622,洋華,23,2,21,第一金-台中,2024-01-12,5382
00738U,期元大道瓊白銀,20,0,20,第一金-台中,2024-01-12,5382
6271,同欣電,20,0,20,第一金-台中,2024-01-12,5382
00937B,群益ESG投等債20,18,3,15,第一金-台中,2024-01-12,5382
00632R,元大台灣50反1,20,5,15,第一金-台中,2024-01-12,5382
3055,蔚華科,31,16,15,第一金-台中,2024-01-12,5382
2308,台達電,14,0,14,第一金-台中,2024-01-12,5382
00919,群益台灣精選高息,43,31,12,第一金-台中,2024-01-12,5382
00904,新光臺灣半導體30,11,0,11,第一金-台中,2024-01-12,5382
5515,建國,11,0,11,第一金-台中,2024-01-12,5382
6770,力積電,11,0,11,第一金-台中,2024-01-12,5382
00688L,國泰20年美債正2,10,0,10,第一金-台中,2024-01-12,5382
00708L,期元大S＆P黃金正2,10,0,10,第一金-台中,2024-01-12,5382
2371,大同,11,1,10,第一金-台中,2024-01-12,5382
2630,亞航,11,2,9,第一金-台中,2024-01-12,5382
6698,旭暉應材,9,0,9,第一金-台中,2024-01-12,5382
2303,聯電,11,2,9,第一金-台中,2024-01-12,5382
2388,威盛,19,11,8,第一金-台中,2024-01-12,5382
8096,擎亞,44,36,8,第一金-台中,2024-01-12,5382
2609,陽明,47,40,7,第一金-台中,2024-01-12,5382
1432,大魯閣,8,1,7,第一金-台中,2024-01-12,5382
2486,一詮,50,43,7,第一金-台中,2024-01-12,5382
2882,國泰金,6,0,6,第一金-台中,2024-01-12,5382
3141,晶宏,6,0,6,第一金-台中,2024-01-12,5382
3373,熱映,6,0,6,第一金-台中,2024-01-12,5382
4114,健喬,6,0,6,第一金-台中,2024-01-12,5382
5211,蒙恬,6,0,6,第一金-台中,2024-01-12,5382
00664R,國泰臺灣加權反1,5,0,5,第一金-台中,2024-01-12,5382
1815,富喬,5,0,5,第一金-台中,2024-01-12,5382
2457,飛宏,5,0,5,第一金-台中,2024-01-12,5382
2618,長榮航,11,6,5,第一金-台中,2024-01-12,5382
3338,泰碩,5,0,5,第一金-台中,2024-01-12,5382
3623,富晶通,5,0,5,第一金-台中,2024-01-12,5382
4128,中天,5,0,5,第一金-台中,2024-01-12,5382
4735,豪展,5,0,5,第一金-台中,2024-01-12,5382
6894,衛司特,5,0,5,第一金-台中,2024-01-12,5382
8112,至上,5,0,5,第一金-台中,2024-01-12,5382
00692,富邦公司治理,5,0,5,第一金-台中,2024-01-12,5382
6120,達運,241,4,237,第一金-台中,2024-01-15,5382
00632R,元大台灣50反1,100,0,100,第一金-台中,2024-01-15,5382
00904,新光臺灣半導體30,98,0,98,第一金-台中,2024-01-15,5382
00929,復華台灣科技優息,98,3,95,第一金-台中,2024-01-15,5382
2356,英業達,82,4,78,第一金-台中,2024-01-15,5382
00927,群益半導體收益,57,0,57,第一金-台中,2024-01-15,5382
2323,中環,50,1,49,第一金-台中,2024-01-15,5382
6219,富旺,143,102,41,第一金-台中,2024-01-15,5382
6695,芯鼎,74,42,32,第一金-台中,2024-01-15,5382
3673,TPK-KY,30,0,30,第一金-台中,2024-01-15,5382
2618,長榮航,117,88,29,第一金-台中,2024-01-15,5382
6684,安格,30,4,26,第一金-台中,2024-01-15,5382
0056,元大高股息,33,7,26,第一金-台中,2024-01-15,5382
00919,群益台灣精選高息,24,0,24,第一金-台中,2024-01-15,5382
1514,亞力,60,37,23,第一金-台中,2024-01-15,5382
3228,金麗科,21,0,21,第一金-台中,2024-01-15,5382
00881,國泰台灣5G+,20,0,20,第一金-台中,2024-01-15,5382
3390,旭軟,21,1,20,第一金-台中,2024-01-15,5382
00679B,元大美債20年,18,0,18,第一金-台中,2024-01-15,5382
2610,華航,18,0,18,第一金-台中,2024-01-15,5382
6243,迅杰,20,3,17,第一金-台中,2024-01-15,5382
00728,第一金工業30,58,42,16,第一金-台中,2024-01-15,5382
00864B,中信美國公債0-1,16,0,16,第一金-台中,2024-01-15,5382
3712,永崴投控,30,16,14,第一金-台中,2024-01-15,5382
4109,加捷生醫,14,0,14,第一金-台中,2024-01-15,5382
3664,安瑞-KY,21,8,13,第一金-台中,2024-01-15,5382
1609,大亞,49,36,13,第一金-台中,2024-01-15,5382
3122,笙泉,12,0,12,第一金-台中,2024-01-15,5382
3311,閎暉,12,0,12,第一金-台中,2024-01-15,5382
3450,聯鈞,17,6,11,第一金-台中,2024-01-15,5382
1326,台化,10,0,10,第一金-台中,2024-01-15,5382
3576,聯合再生,20,10,10,第一金-台中,2024-01-15,5382
3686,達能,10,0,10,第一金-台中,2024-01-15,5382
6141,柏承,10,0,10,第一金-台中,2024-01-15,5382
6244,茂迪,15,5,10,第一金-台中,2024-01-15,5382
8034,榮群,12,2,10,第一金-台中,2024-01-15,5382
8222,寶一,11,1,10,第一金-台中,2024-01-15,5382
2382,廣達,18,9,9,第一金-台中,2024-01-15,5382
1314,中石化,10,1,9,第一金-台中,2024-01-15,5382
00770,國泰北美科技,9,0,9,第一金-台中,2024-01-15,5382
6770,力積電,10,1,9,第一金-台中,2024-01-15,5382
3017,奇鋐,13,5,8,第一金-台中,2024-01-15,5382
6668,中揚光,12,4,8,第一金-台中,2024-01-15,5382
6111,大宇資,10,3,7,第一金-台中,2024-01-15,5382
6415,矽力*-KY,9,2,7,第一金-台中,2024-01-15,5382
2609,陽明,26,19,7,第一金-台中,2024-01-15,5382
1795,美時,7,1,6,第一金-台中,2024-01-15,5382
00687B,國泰20年美債,6,0,6,第一金-台中,2024-01-15,5382
2421,建準,8,2,6,第一金-台中,2024-01-15,5382
00937B,群益ESG投等債20,9,3,6,第一金-台中,2024-01-15,5382
2812,台中銀,106,0,106,第一金-台中,2024-01-16,5382
2329,華泰,157,66,91,第一金-台中,2024-01-16,5382
00929,復華台灣科技優息,112,22,90,第一金-台中,2024-01-16,5382
00679B,元大美債20年,66,1,65,第一金-台中,2024-01-16,5382
2344,華邦電,61,4,57,第一金-台中,2024-01-16,5382
00728,第一金工業30,51,0,51,第一金-台中,2024-01-16,5382
3149,正達,55,4,51,第一金-台中,2024-01-16,5382
6219,富旺,49,3,46,第一金-台中,2024-01-16,5382
4906,正文,55,13,42,第一金-台中,2024-01-16,5382
3587,閎康,59,18,41,第一金-台中,2024-01-16,5382
2882,國泰金,36,3,33,第一金-台中,2024-01-16,5382
2892,第一金,34,1,33,第一金-台中,2024-01-16,5382
2409,友達,35,4,31,第一金-台中,2024-01-16,5382
2486,一詮,35,4,31,第一金-台中,2024-01-16,5382
4128,中天,30,0,30,第一金-台中,2024-01-16,5382
0056,元大高股息,52,24,28,第一金-台中,2024-01-16,5382
2353,宏��,169,143,26,第一金-台中,2024-01-16,5382
2883,凱基金,24,0,24,第一金-台中,2024-01-16,5382
2208,台船,23,1,22,第一金-台中,2024-01-16,5382
3623,富晶通,28,6,22,第一金-台中,2024-01-16,5382
3694,海華,29,9,20,第一金-台中,2024-01-16,5382
00688L,國泰20年美債正2,20,0,20,第一金-台中,2024-01-16,5382
8440,綠電,23,3,20,第一金-台中,2024-01-16,5382
00919,群益台灣精選高息,20,0,20,第一金-台中,2024-01-16,5382
2887,台新金,16,0,16,第一金-台中,2024-01-16,5382
00927,群益半導體收益,16,0,16,第一金-台中,2024-01-16,5382
00730,富邦臺灣優質高息,15,0,15,第一金-台中,2024-01-16,5382
2610,華航,15,0,15,第一金-台中,2024-01-16,5382
5471,松翰,15,0,15,第一金-台中,2024-01-16,5382
2002,中鋼,14,0,14,第一金-台中,2024-01-16,5382
6770,力積電,14,0,14,第一金-台中,2024-01-16,5382
1314,中石化,18,5,13,第一金-台中,2024-01-16,5382
00878,國泰永續高股息,16,4,12,第一金-台中,2024-01-16,5382
00918,大華優利高填息30,12,0,12,第一金-台中,2024-01-16,5382
00706L,期元大S＆P日圓正2,12,0,12,第一金-台中,2024-01-16,5382
00930,永豐ESG低碳高息,13,1,12,第一金-台中,2024-01-16,5382
1731,美吾華,12,0,12,第一金-台中,2024-01-16,5382
2884,玉山金,11,0,11,第一金-台中,2024-01-16,5382
00904,新光臺灣半導體30,11,0,11,第一金-台中,2024-01-16,5382
4563,百德,11,0,11,第一金-台中,2024-01-16,5382
2405,輔信,24,13,11,第一金-台中,2024-01-16,5382
3231,緯創,20,9,11,第一金-台中,2024-01-16,5382
2888,新光金,11,1,10,第一金-台中,2024-01-16,5382
00830,國泰費城半導體,10,0,10,第一金-台中,2024-01-16,5382
1721,三晃,10,0,10,第一金-台中,2024-01-16,5382
1815,富喬,10,0,10,第一金-台中,2024-01-16,5382
2605,新興,10,0,10,第一金-台中,2024-01-16,5382
2913,農林,10,0,10,第一金-台中,2024-01-16,5382
3714,富采,10,0,10,第一金-台中,2024-01-16,5382
4157,太景*-KY,10,0,10,第一金-台中,2024-01-16,5382
00929,復華台灣科技優息,141,43,98,第一金-台中,2024-01-17,5382
0056,元大高股息,59,0,59,第一金-台中,2024-01-17,5382
2633,台灣高鐵,49,0,49,第一金-台中,2024-01-17,5382
8096,擎亞,146,102,44,第一金-台中,2024-01-17,5382
6219,富旺,53,10,43,第一金-台中,2024-01-17,5382
00882,中信中國高股息,42,0,42,第一金-台中,2024-01-17,5382
00919,群益台灣精選高息,97,56,41,第一金-台中,2024-01-17,5382
4128,中天,43,2,41,第一金-台中,2024-01-17,5382
8421,旭源,37,0,37,第一金-台中,2024-01-17,5382
2887,台新金,33,0,33,第一金-台中,2024-01-17,5382
6205,詮欣,32,0,32,第一金-台中,2024-01-17,5382
2303,聯電,50,18,32,第一金-台中,2024-01-17,5382
5302,太欣,30,0,30,第一金-台中,2024-01-17,5382
00927,群益半導體收益,26,0,26,第一金-台中,2024-01-17,5382
2002,中鋼,26,0,26,第一金-台中,2024-01-17,5382
4919,新唐,23,0,23,第一金-台中,2024-01-17,5382
2027,大成鋼,23,0,23,第一金-台中,2024-01-17,5382
1303,南亞,22,0,22,第一金-台中,2024-01-17,5382
2402,毅嘉,32,12,20,第一金-台中,2024-01-17,5382
2308,台達電,20,0,20,第一金-台中,2024-01-17,5382
2882,國泰金,19,0,19,第一金-台中,2024-01-17,5382
2884,玉山金,20,2,18,第一金-台中,2024-01-17,5382
3228,金麗科,28,10,18,第一金-台中,2024-01-17,5382
2371,大同,24,6,18,第一金-台中,2024-01-17,5382
00878,國泰永續高股息,22,4,18,第一金-台中,2024-01-17,5382
3624,光頡,17,0,17,第一金-台中,2024-01-17,5382
00888,永豐台灣ESG,21,5,16,第一金-台中,2024-01-17,5382
00679B,元大美債20年,15,0,15,第一金-台中,2024-01-17,5382
00687B,國泰20年美債,14,0,14,第一金-台中,2024-01-17,5382
2883,凱基金,14,0,14,第一金-台中,2024-01-17,5382
4157,太景*-KY,14,0,14,第一金-台中,2024-01-17,5382
4909,新復興,14,0,14,第一金-台中,2024-01-17,5382
00931B,統一美債20年,14,0,14,第一金-台中,2024-01-17,5382
00772B,中信高評級公司債,13,0,13,第一金-台中,2024-01-17,5382
2610,華航,22,10,12,第一金-台中,2024-01-17,5382
6271,同欣電,12,0,12,第一金-台中,2024-01-17,5382
2465,麗臺,13,1,12,第一金-台中,2024-01-17,5382
2801,彰銀,12,0,12,第一金-台中,2024-01-17,5382
2888,新光金,11,0,11,第一金-台中,2024-01-17,5382
9945,潤泰新,11,0,11,第一金-台中,2024-01-17,5382
9910,豐泰,10,0,10,第一金-台中,2024-01-17,5382
2317,鴻海,10,0,10,第一金-台中,2024-01-17,5382
2313,華通,14,4,10,第一金-台中,2024-01-17,5382
00680L,元大美債20正2,15,5,10,第一金-台中,2024-01-17,5382
2329,華泰,46,36,10,第一金-台中,2024-01-17,5382
4572,駐龍,10,0,10,第一金-台中,2024-01-17,5382
910861,神州-DR,10,0,10,第一金-台中,2024-01-17,5382
6276,安鈦克,12,2,10,第一金-台中,2024-01-17,5382
00720B,元大投資級公司債,9,0,9,第一金-台中,2024-01-17,5382
2892,第一金,9,0,9,第一金-台中,2024-01-17,5382
00632R,元大台灣50反1,310,0,310,第一金-台中,2024-01-18,5382
2344,華邦電,106,5,101,第一金-台中,2024-01-18,5382
00929,復華台灣科技優息,82,0,82,第一金-台中,2024-01-18,5382
6219,富旺,56,5,51,第一金-台中,2024-01-18,5382
00882,中信中國高股息,43,1,42,第一金-台中,2024-01-18,5382
8421,旭源,40,0,40,第一金-台中,2024-01-18,5382
00679B,元大美債20年,36,0,36,第一金-台中,2024-01-18,5382
2308,台達電,34,0,34,第一金-台中,2024-01-18,5382
6205,詮欣,31,0,31,第一金-台中,2024-01-18,5382
3029,零壹,116,86,30,第一金-台中,2024-01-18,5382
2329,華泰,31,1,30,第一金-台中,2024-01-18,5382
5426,振發,38,10,28,第一金-台中,2024-01-18,5382
2888,新光金,27,0,27,第一金-台中,2024-01-18,5382
00706L,期元大S＆P日圓正2,25,0,25,第一金-台中,2024-01-18,5382
8111,立��,24,0,24,第一金-台中,2024-01-18,5382
1303,南亞,20,0,20,第一金-台中,2024-01-18,5382
3530,晶相光,22,2,20,第一金-台中,2024-01-18,5382
4909,新復興,24,5,19,第一金-台中,2024-01-18,5382
3311,閎暉,18,0,18,第一金-台中,2024-01-18,5382
4128,中天,18,0,18,第一金-台中,2024-01-18,5382
2303,聯電,22,5,17,第一金-台中,2024-01-18,5382
1528,恩德,36,19,17,第一金-台中,2024-01-18,5382
1609,大亞,15,0,15,第一金-台中,2024-01-18,5382
2324,仁寶,20,6,14,第一金-台中,2024-01-18,5382
00933B,國泰10Y+金融債,12,0,12,第一金-台中,2024-01-18,5382
00877,復華中國5G,12,0,12,第一金-台中,2024-01-18,5382
2002,中鋼,11,0,11,第一金-台中,2024-01-18,5382
9910,豐泰,11,0,11,第一金-台中,2024-01-18,5382
2887,台新金,11,0,11,第一金-台中,2024-01-18,5382
5328,華容,16,5,11,第一金-台中,2024-01-18,5382
3372,典範,10,0,10,第一金-台中,2024-01-18,5382
4109,加捷生醫,11,1,10,第一金-台中,2024-01-18,5382
4572,駐龍,10,0,10,第一金-台中,2024-01-18,5382
4958,臻鼎-KY,10,0,10,第一金-台中,2024-01-18,5382
6457,紘康,10,0,10,第一金-台中,2024-01-18,5382
6535,順藥,10,0,10,第一金-台中,2024-01-18,5382
6462,神盾,24,14,10,第一金-台中,2024-01-18,5382
0056,元大高股息,20,12,8,第一金-台中,2024-01-18,5382
2362,藍天,35,27,8,第一金-台中,2024-01-18,5382
2412,中華電,9,1,8,第一金-台中,2024-01-18,5382
6668,中揚光,25,17,8,第一金-台中,2024-01-18,5382
2382,廣達,14,7,7,第一金-台中,2024-01-18,5382
00937B,群益ESG投等債20,7,0,7,第一金-台中,2024-01-18,5382
2347,聯強,7,0,7,第一金-台中,2024-01-18,5382
2363,矽統,10,3,7,第一金-台中,2024-01-18,5382
3038,全台,7,0,7,第一金-台中,2024-01-18,5382
4960,誠美材,34,27,7,第一金-台中,2024-01-18,5382
6770,力積電,9,2,7,第一金-台中,2024-01-18,5382
2882,國泰金,8,1,7,第一金-台中,2024-01-18,5382
3260,威剛,6,0,6,第一金-台中,2024-01-18,5382
00632R,元大台灣50反1,120,0,120,第一金-台中,2024-01-19,5382
4960,誠美材,99,3,96,第一金-台中,2024-01-19,5382
2331,精英,50,0,50,第一金-台中,2024-01-19,5382
6219,富旺,142,94,48,第一金-台中,2024-01-19,5382
4958,臻鼎-KY,42,0,42,第一金-台中,2024-01-19,5382
00937B,群益ESG投等債20,37,0,37,第一金-台中,2024-01-19,5382
6233,旺玖,110,75,35,第一金-台中,2024-01-19,5382
00687B,國泰20年美債,34,0,34,第一金-台中,2024-01-19,5382
00919,群益台灣精選高息,34,1,33,第一金-台中,2024-01-19,5382
00882,中信中國高股息,32,0,32,第一金-台中,2024-01-19,5382
8040,九暘,31,1,30,第一金-台中,2024-01-19,5382
6120,達運,182,153,29,第一金-台中,2024-01-19,5382
2002,中鋼,27,0,27,第一金-台中,2024-01-19,5382
2382,廣達,62,35,27,第一金-台中,2024-01-19,5382
8421,旭源,23,0,23,第一金-台中,2024-01-19,5382
00680L,元大美債20正2,21,0,21,第一金-台中,2024-01-19,5382
4746,台耀,16,1,15,第一金-台中,2024-01-19,5382
6188,廣明,18,4,14,第一金-台中,2024-01-19,5382
6770,力積電,14,2,12,第一金-台中,2024-01-19,5382
00712,復華富時不動產,12,0,12,第一金-台中,2024-01-19,5382
00929,復華台灣科技優息,39,28,11,第一金-台中,2024-01-19,5382
5471,松翰,12,1,11,第一金-台中,2024-01-19,5382
2834,臺企銀,11,0,11,第一金-台中,2024-01-19,5382
2618,長榮航,72,62,10,第一金-台中,2024-01-19,5382
00864B,中信美國公債0-1,10,0,10,第一金-台中,2024-01-19,5382
00931B,統一美債20年,10,0,10,第一金-台中,2024-01-19,5382
1303,南亞,10,0,10,第一金-台中,2024-01-19,5382
2031,新光鋼,10,0,10,第一金-台中,2024-01-19,5382
2883B,凱基金乙特,10,0,10,第一金-台中,2024-01-19,5382
3372,典範,10,0,10,第一金-台中,2024-01-19,5382
00751B,元大AAA至A公司債,9,0,9,第一金-台中,2024-01-19,5382
00706L,期元大S＆P日圓正2,10,2,8,第一金-台中,2024-01-19,5382
00933B,國泰10Y+金融債,8,0,8,第一金-台中,2024-01-19,5382
3623,富晶通,9,1,8,第一金-台中,2024-01-19,5382
00720B,元大投資級公司債,7,0,7,第一金-台中,2024-01-19,5382
1519,華城,7,0,7,第一金-台中,2024-01-19,5382
8034,榮群,20,13,7,第一金-台中,2024-01-19,5382
00904,新光臺灣半導體30,7,0,7,第一金-台中,2024-01-19,5382
2486,一詮,9,2,7,第一金-台中,2024-01-19,5382
3032,偉訓,7,0,7,第一金-台中,2024-01-19,5382
3583,辛耘,11,4,7,第一金-台中,2024-01-19,5382
6117,迎廣,18,11,7,第一金-台中,2024-01-19,5382
9910,豐泰,7,0,7,第一金-台中,2024-01-19,5382
0056,元大高股息,9,3,6,第一金-台中,2024-01-19,5382
1608,華榮,6,0,6,第一金-台中,2024-01-19,5382
1795,美時,6,0,6,第一金-台中,2024-01-19,5382
2027,大成鋼,6,0,6,第一金-台中,2024-01-19,5382
2377,微星,8,2,6,第一金-台中,2024-01-19,5382
2515,中工,13,7,6,第一金-台中,2024-01-19,5382
6457,紘康,6,0,6,第一金-台中,2024-01-19,5382
00882,中信中國高股息,174,0,174,第一金-台中,2024-01-22,5382
6219,富旺,76,0,76,第一金-台中,2024-01-22,5382
6120,達運,225,163,62,第一金-台中,2024-01-22,5382
3231,緯創,250,191,59,第一金-台中,2024-01-22,5382
00679B,元大美債20年,52,0,52,第一金-台中,2024-01-22,5382
2316,楠梓電,60,13,47,第一金-台中,2024-01-22,5382
00933B,國泰10Y+金融債,42,0,42,第一金-台中,2024-01-22,5382
2356,英業達,256,218,38,第一金-台中,2024-01-22,5382
2363,矽統,44,10,34,第一金-台中,2024-01-22,5382
00937B,群益ESG投等債20,30,0,30,第一金-台中,2024-01-22,5382
6535,順藥,29,0,29,第一金-台中,2024-01-22,5382
2376,技嘉,75,46,29,第一金-台中,2024-01-22,5382
2610,華航,26,1,25,第一金-台中,2024-01-22,5382
0056,元大高股息,32,11,21,第一金-台中,2024-01-22,5382
2472,立隆電,20,0,20,第一金-台中,2024-01-22,5382
3042,晶技,20,0,20,第一金-台中,2024-01-22,5382
4303,信立,20,0,20,第一金-台中,2024-01-22,5382
2208,台船,24,5,19,第一金-台中,2024-01-22,5382
8034,榮群,23,7,16,第一金-台中,2024-01-22,5382
2368,金像電,21,5,16,第一金-台中,2024-01-22,5382
2615,萬海,15,0,15,第一金-台中,2024-01-22,5382
6695,芯鼎,40,26,14,第一金-台中,2024-01-22,5382
3481,群創,77,64,13,第一金-台中,2024-01-22,5382
2618,長榮航,88,75,13,第一金-台中,2024-01-22,5382
2353,宏��,100,87,13,第一金-台中,2024-01-22,5382
2453,凌群,13,1,12,第一金-台中,2024-01-22,5382
2888,新光金,12,0,12,第一金-台中,2024-01-22,5382
6770,力積電,11,0,11,第一金-台中,2024-01-22,5382
3437,榮創,12,2,10,第一金-台中,2024-01-22,5382
4109,加捷生醫,12,2,10,第一金-台中,2024-01-22,5382
5344,立衛,10,0,10,第一金-台中,2024-01-22,5382
5608,四維航,10,0,10,第一金-台中,2024-01-22,5382
6180,橘子,10,0,10,第一金-台中,2024-01-22,5382
2633,台灣高鐵,10,0,10,第一金-台中,2024-01-22,5382
8096,擎亞,61,51,10,第一金-台中,2024-01-22,5382
3218,大學光,9,0,9,第一金-台中,2024-01-22,5382
2609,陽明,26,17,9,第一金-台中,2024-01-22,5382
2409,友達,11,2,9,第一金-台中,2024-01-22,5382
6285,啟��,12,3,9,第一金-台中,2024-01-22,5382
6684,安格,50,41,9,第一金-台中,2024-01-22,5382
3680,家登,11,2,9,第一金-台中,2024-01-22,5382
00706L,期元大S＆P日圓正2,10,2,8,第一金-台中,2024-01-22,5382
1795,美時,11,3,8,第一金-台中,2024-01-22,5382
2882,國泰金,9,1,8,第一金-台中,2024-01-22,5382
6282,康舒,8,0,8,第一金-台中,2024-01-22,5382
2408,南亞科,7,0,7,第一金-台中,2024-01-22,5382
00715L,期街口布蘭特正2,7,0,7,第一金-台中,2024-01-22,5382
6118,建達,7,0,7,第一金-台中,2024-01-22,5382
00665L,富邦�琤肭磪囓�2,39,33,6,第一金-台中,2024-01-22,5382
2401,凌陽,7,1,6,第一金-台中,2024-01-22,5382
00882,中信中國高股息,51,0,51,第一金-台中,2024-01-23,5382
5426,振發,89,44,45,第一金-台中,2024-01-23,5382
6695,芯鼎,81,41,40,第一金-台中,2024-01-23,5382
4128,中天,37,0,37,第一金-台中,2024-01-23,5382
00878,國泰永續高股息,35,4,31,第一金-台中,2024-01-23,5382
6237,驊訊,72,43,29,第一金-台中,2024-01-23,5382
2331,精英,30,2,28,第一金-台中,2024-01-23,5382
5471,松翰,25,0,25,第一金-台中,2024-01-23,5382
2609,陽明,34,13,21,第一金-台中,2024-01-23,5382
2867,三商壽,21,0,21,第一金-台中,2024-01-23,5382
6684,安格,22,1,21,第一金-台中,2024-01-23,5382
00706L,期元大S＆P日圓正2,20,0,20,第一金-台中,2024-01-23,5382
2355,敬鵬,20,0,20,第一金-台中,2024-01-23,5382
2362,藍天,30,10,20,第一金-台中,2024-01-23,5382
6233,旺玖,20,0,20,第一金-台中,2024-01-23,5382
00877,復華中國5G,14,0,14,第一金-台中,2024-01-23,5382
00655L,國泰中國A50正2,16,2,14,第一金-台中,2024-01-23,5382
3051,力特,13,0,13,第一金-台中,2024-01-23,5382
00633L,富邦上証正2,18,6,12,第一金-台中,2024-01-23,5382
2615,萬海,11,0,11,第一金-台中,2024-01-23,5382
3545,敦泰,18,7,11,第一金-台中,2024-01-23,5382
2313,華通,16,5,11,第一金-台中,2024-01-23,5382
00937B,群益ESG投等債20,12,2,10,第一金-台中,2024-01-23,5382
00680L,元大美債20正2,10,0,10,第一金-台中,2024-01-23,5382
00885,富邦越南,10,0,10,第一金-台中,2024-01-23,5382
3441,聯一光,10,0,10,第一金-台中,2024-01-23,5382
4714,永捷,10,0,10,第一金-台中,2024-01-23,5382
5344,立衛,10,0,10,第一金-台中,2024-01-23,5382
1795,美時,9,0,9,第一金-台中,2024-01-23,5382
6292,迅德,9,0,9,第一金-台中,2024-01-23,5382
2486,一詮,8,0,8,第一金-台中,2024-01-23,5382
2887,台新金,8,0,8,第一金-台中,2024-01-23,5382
3363,上詮,16,8,8,第一金-台中,2024-01-23,5382
3687,歐買尬,13,5,8,第一金-台中,2024-01-23,5382
6462,神盾,32,24,8,第一金-台中,2024-01-23,5382
2421,建準,23,16,7,第一金-台中,2024-01-23,5382
00757,統一FANG+,7,0,7,第一金-台中,2024-01-23,5382
00933B,國泰10Y+金融債,7,0,7,第一金-台中,2024-01-23,5382
2605,新興,8,1,7,第一金-台中,2024-01-23,5382
6442,光聖,11,4,7,第一金-台中,2024-01-23,5382
1514,亞力,36,30,6,第一金-台中,2024-01-23,5382
6288,聯嘉,6,0,6,第一金-台中,2024-01-23,5382
8096,擎亞,28,23,5,第一金-台中,2024-01-23,5382
2801,彰銀,5,0,5,第一金-台中,2024-01-23,5382
2332,友訊,6,1,5,第一金-台中,2024-01-23,5382
3380,明泰,6,1,5,第一金-台中,2024-01-23,5382
5348,正能量智能,5,0,5,第一金-台中,2024-01-23,5382
6120,達運,63,58,5,第一金-台中,2024-01-23,5382
6127,九豪,5,0,5,第一金-台中,2024-01-23,5382
2002,中鋼,5,0,5,第一金-台中,2024-01-23,5382
00637L,元大滬深300正2,454,15,439,第一金-台中,2024-01-24,5382
00882,中信中國高股息,104,4,100,第一金-台中,2024-01-24,5382
00687B,國泰20年美債,54,0,54,第一金-台中,2024-01-24,5382
2812,台中銀,52,0,52,第一金-台中,2024-01-24,5382
2027,大成鋼,50,0,50,第一金-台中,2024-01-24,5382
00878,國泰永續高股息,78,45,33,第一金-台中,2024-01-24,5382
00937B,群益ESG投等債20,29,0,29,第一金-台中,2024-01-24,5382
00919,群益台灣精選高息,54,25,29,第一金-台中,2024-01-24,5382
00679B,元大美債20年,26,0,26,第一金-台中,2024-01-24,5382
3622,洋華,25,2,23,第一金-台中,2024-01-24,5382
3149,正達,23,1,22,第一金-台中,2024-01-24,5382
3623,富晶通,33,11,22,第一金-台中,2024-01-24,5382
2208,台船,23,3,20,第一金-台中,2024-01-24,5382
2892,第一金,21,1,20,第一金-台中,2024-01-24,5382
3558,神準,21,1,20,第一金-台中,2024-01-24,5382
00665L,富邦�琤肭磪囓�2,146,128,18,第一金-台中,2024-01-24,5382
6789,采鈺,18,1,17,第一金-台中,2024-01-24,5382
8011,台通,15,0,15,第一金-台中,2024-01-24,5382
00929,復華台灣科技優息,16,3,13,第一金-台中,2024-01-24,5382
00680L,元大美債20正2,12,0,12,第一金-台中,2024-01-24,5382
2316,楠梓電,25,14,11,第一金-台中,2024-01-24,5382
6505,台塑化,11,0,11,第一金-台中,2024-01-24,5382
2369,菱生,15,5,10,第一金-台中,2024-01-24,5382
00706L,期元大S＆P日圓正2,10,0,10,第一金-台中,2024-01-24,5382
00738U,期元大道瓊白銀,10,0,10,第一金-台中,2024-01-24,5382
3050,鈺德,10,0,10,第一金-台中,2024-01-24,5382
5471,松翰,10,0,10,第一金-台中,2024-01-24,5382
6546,正基,10,0,10,第一金-台中,2024-01-24,5382
6799,來頡,10,0,10,第一金-台中,2024-01-24,5382
4919,新唐,10,0,10,第一金-台中,2024-01-24,5382
6111,大宇資,35,26,9,第一金-台中,2024-01-24,5382
6120,達運,12,3,9,第一金-台中,2024-01-24,5382
8467,波力-KY,10,1,9,第一金-台中,2024-01-24,5382
3490,單井,10,2,8,第一金-台中,2024-01-24,5382
00902,中信電池及儲能,8,0,8,第一金-台中,2024-01-24,5382
2312,金寶,14,6,8,第一金-台中,2024-01-24,5382
1514,亞力,25,17,8,第一金-台中,2024-01-24,5382
5478,智冠,10,2,8,第一金-台中,2024-01-24,5382
2886,兆豐金,8,0,8,第一金-台中,2024-01-24,5382
8096,擎亞,55,47,8,第一金-台中,2024-01-24,5382
3265,台星科,12,5,7,第一金-台中,2024-01-24,5382
3615,安可,31,24,7,第一金-台中,2024-01-24,5382
6233,旺玖,31,24,7,第一金-台中,2024-01-24,5382
3588,通嘉,21,15,6,第一金-台中,2024-01-24,5382
00933B,國泰10Y+金融債,6,0,6,第一金-台中,2024-01-24,5382
5234,達興材料,19,13,6,第一金-台中,2024-01-24,5382
00931B,統一美債20年,5,0,5,第一金-台中,2024-01-24,5382
2377,微星,5,0,5,第一金-台中,2024-01-24,5382
2607,榮運,5,0,5,第一金-台中,2024-01-24,5382
3354,律勝,7,2,5,第一金-台中,2024-01-24,5382
3694,海華,85,37,48,第一金-台中,2024-01-25,5382
00878,國泰永續高股息,53,12,41,第一金-台中,2024-01-25,5382
00937B,群益ESG投等債20,37,0,37,第一金-台中,2024-01-25,5382
00687B,國泰20年美債,35,0,35,第一金-台中,2024-01-25,5382
3622,洋華,30,0,30,第一金-台中,2024-01-25,5382
9105,泰金寶-DR,30,1,29,第一金-台中,2024-01-25,5382
00679B,元大美債20年,29,0,29,第一金-台中,2024-01-25,5382
00929,復華台灣科技優息,23,1,22,第一金-台中,2024-01-25,5382
4526,東台,25,3,22,第一金-台中,2024-01-25,5382
2329,華泰,31,10,21,第一金-台中,2024-01-25,5382
00900,富邦特選高股息30,21,1,20,第一金-台中,2024-01-25,5382
4909,新復興,79,59,20,第一金-台中,2024-01-25,5382
6237,驊訊,49,29,20,第一金-台中,2024-01-25,5382
2303,聯電,124,107,17,第一金-台中,2024-01-25,5382
4128,中天,16,0,16,第一金-台中,2024-01-25,5382
2208,台船,16,1,15,第一金-台中,2024-01-25,5382
6265,方土昶,36,22,14,第一金-台中,2024-01-25,5382
8011,台通,15,1,14,第一金-台中,2024-01-25,5382
3706,神達,14,1,13,第一金-台中,2024-01-25,5382
2409,友達,20,8,12,第一金-台中,2024-01-25,5382
3025,星通,13,1,12,第一金-台中,2024-01-25,5382
2888,新光金,11,0,11,第一金-台中,2024-01-25,5382
3710,連展投控,11,0,11,第一金-台中,2024-01-25,5382
6108,競國,18,7,11,第一金-台中,2024-01-25,5382
6180,橘子,11,0,11,第一金-台中,2024-01-25,5382
2337,旺宏,10,0,10,第一金-台中,2024-01-25,5382
3498,陽程,10,0,10,第一金-台中,2024-01-25,5382
6113,亞矽,38,28,10,第一金-台中,2024-01-25,5382
2412,中華電,9,0,9,第一金-台中,2024-01-25,5382
5426,振發,49,40,9,第一金-台中,2024-01-25,5382
3437,榮創,27,19,8,第一金-台中,2024-01-25,5382
4529,淳紳,10,2,8,第一金-台中,2024-01-25,5382
2344,華邦電,11,4,7,第一金-台中,2024-01-25,5382
4956,光鋐,14,7,7,第一金-台中,2024-01-25,5382
8096,擎亞,71,65,6,第一金-台中,2024-01-25,5382
1809,中釉,17,11,6,第一金-台中,2024-01-25,5382
3038,全台,6,0,6,第一金-台中,2024-01-25,5382
3311,閎暉,6,0,6,第一金-台中,2024-01-25,5382
6457,紘康,9,3,6,第一金-台中,2024-01-25,5382
3687,歐買尬,6,0,6,第一金-台中,2024-01-25,5382
2421,建準,16,10,6,第一金-台中,2024-01-25,5382
2308,台達電,6,1,5,第一金-台中,2024-01-25,5382
1514,亞力,5,0,5,第一金-台中,2024-01-25,5382
2383,台光電,6,1,5,第一金-台中,2024-01-25,5382
2486,一詮,5,0,5,第一金-台中,2024-01-25,5382
3066,李洲,5,0,5,第一金-台中,2024-01-25,5382
3605,宏致,5,0,5,第一金-台中,2024-01-25,5382
5471,松翰,5,0,5,第一金-台中,2024-01-25,5382
6116,彩晶,5,0,5,第一金-台中,2024-01-25,5382
8034,榮群,5,0,5,第一金-台中,2024-01-25,5382
00919,群益台灣精選高息,260,10,250,第一金-台中,2024-01-26,5382
00882,中信中國高股息,250,2,248,第一金-台中,2024-01-26,5382
00632R,元大台灣50反1,200,0,200,第一金-台中,2024-01-26,5382
1432,大魯閣,75,0,75,第一金-台中,2024-01-26,5382
6785,昱展新藥,75,1,74,第一金-台中,2024-01-26,5382
00688L,國泰20年美債正2,60,1,59,第一金-台中,2024-01-26,5382
3615,安可,58,2,56,第一金-台中,2024-01-26,5382
00929,復華台灣科技優息,42,0,42,第一金-台中,2024-01-26,5382
2324,仁寶,43,6,37,第一金-台中,2024-01-26,5382
6219,富旺,24,0,24,第一金-台中,2024-01-26,5382
3265,台星科,35,19,16,第一金-台中,2024-01-26,5382
2609,陽明,16,0,16,第一金-台中,2024-01-26,5382
3055,蔚華科,24,8,16,第一金-台中,2024-01-26,5382
9105,泰金寶-DR,23,11,12,第一金-台中,2024-01-26,5382
2208,台船,11,1,10,第一金-台中,2024-01-26,5382
00937B,群益ESG投等債20,10,0,10,第一金-台中,2024-01-26,5382
00706L,期元大S＆P日圓正2,10,0,10,第一金-台中,2024-01-26,5382
00902,中信電池及儲能,10,0,10,第一金-台中,2024-01-26,5382
2543,皇昌,10,0,10,第一金-台中,2024-01-26,5382
2883,凱基金,10,0,10,第一金-台中,2024-01-26,5382
3622,洋華,11,1,10,第一金-台中,2024-01-26,5382
3673,TPK-KY,34,24,10,第一金-台中,2024-01-26,5382
6695,芯鼎,30,20,10,第一金-台中,2024-01-26,5382
2377,微星,9,0,9,第一金-台中,2024-01-26,5382
3483,力致,9,0,9,第一金-台中,2024-01-26,5382
4743,合一,10,1,9,第一金-台中,2024-01-26,5382
6457,紘康,10,1,9,第一金-台中,2024-01-26,5382
2605,新興,10,2,8,第一金-台中,2024-01-26,5382
6233,旺玖,8,0,8,第一金-台中,2024-01-26,5382
6684,安格,8,0,8,第一金-台中,2024-01-26,5382
3005,神基,11,4,7,第一金-台中,2024-01-26,5382
00752,中信中國50,7,0,7,第一金-台中,2024-01-26,5382
1731,美吾華,6,0,6,第一金-台中,2024-01-26,5382
2007,燁興,6,0,6,第一金-台中,2024-01-26,5382
2353,宏��,178,172,6,第一金-台中,2024-01-26,5382
4960,誠美材,6,0,6,第一金-台中,2024-01-26,5382
8111,立��,12,6,6,第一金-台中,2024-01-26,5382
5292,華懋,5,0,5,第一金-台中,2024-01-26,5382
00933B,國泰10Y+金融債,6,1,5,第一金-台中,2024-01-26,5382
3311,閎暉,5,0,5,第一金-台中,2024-01-26,5382
3605,宏致,6,1,5,第一金-台中,2024-01-26,5382
3694,海華,83,78,5,第一金-台中,2024-01-26,5382
6140,訊達,5,0,5,第一金-台中,2024-01-26,5382
8011,台通,5,0,5,第一金-台中,2024-01-26,5382
8227,巨有科技,5,0,5,第一金-台中,2024-01-26,5382
8940,新天地,5,0,5,第一金-台中,2024-01-26,5382
00687B,國泰20年美債,7,2,5,第一金-台中,2024-01-26,5382
00934,中信成長高股息,5,1,4,第一金-台中,2024-01-26,5382
3035,智原,5,1,4,第一金-台中,2024-01-26,5382
3380,明泰,4,0,4,第一金-台中,2024-01-26,5382
4908,前鼎,114,10,104,第一金-台中,2024-01-29,5382
00929,復華台灣科技優息,88,5,83,第一金-台中,2024-01-29,5382
00673R,期元大S＆P原油反1,72,0,72,第一金-台中,2024-01-29,5382
2867,三商壽,34,0,34,第一金-台中,2024-01-29,5382
2356,英業達,35,2,33,第一金-台中,2024-01-29,5382
3580,友威科,28,0,28,第一金-台中,2024-01-29,5382
00937B,群益ESG投等債20,27,1,26,第一金-台中,2024-01-29,5382
00687B,國泰20年美債,22,0,22,第一金-台中,2024-01-29,5382
9105,泰金寶-DR,22,0,22,第一金-台中,2024-01-29,5382
4960,誠美材,20,0,20,第一金-台中,2024-01-29,5382
3481,群創,146,127,19,第一金-台中,2024-01-29,5382
3706,神達,19,1,18,第一金-台中,2024-01-29,5382
2303,聯電,16,0,16,第一金-台中,2024-01-29,5382
8054,安國,23,7,16,第一金-台中,2024-01-29,5382
8096,擎亞,79,64,15,第一金-台中,2024-01-29,5382
3231,緯創,51,38,13,第一金-台中,2024-01-29,5382
2421,建準,35,23,12,第一金-台中,2024-01-29,5382
3041,揚智,12,0,12,第一金-台中,2024-01-29,5382
8011,台通,12,0,12,第一金-台中,2024-01-29,5382
00878,國泰永續高股息,25,13,12,第一金-台中,2024-01-29,5382
6668,中揚光,11,0,11,第一金-台中,2024-01-29,5382
00877,復華中國5G,10,0,10,第一金-台中,2024-01-29,5382
1325,恆大,10,0,10,第一金-台中,2024-01-29,5382
2634,漢翔,10,0,10,第一金-台中,2024-01-29,5382
4420,光明,10,0,10,第一金-台中,2024-01-29,5382
6116,彩晶,10,0,10,第一金-台中,2024-01-29,5382
9937,全國,9,0,9,第一金-台中,2024-01-29,5382
2317,鴻海,8,0,8,第一金-台中,2024-01-29,5382
6785,昱展新藥,8,0,8,第一金-台中,2024-01-29,5382
1527,鑽全,8,0,8,第一金-台中,2024-01-29,5382
00679B,元大美債20年,9,3,6,第一金-台中,2024-01-29,5382
6180,橘子,6,0,6,第一金-台中,2024-01-29,5382
00706L,期元大S＆P日圓正2,5,0,5,第一金-台中,2024-01-29,5382
00907,永豐優息存股,5,0,5,第一金-台中,2024-01-29,5382
3025,星通,5,0,5,第一金-台中,2024-01-29,5382
3373,熱映,5,0,5,第一金-台中,2024-01-29,5382
3438,類比科,5,0,5,第一金-台中,2024-01-29,5382
3504,揚明光,6,1,5,第一金-台中,2024-01-29,5382
3535,晶彩科,5,0,5,第一金-台中,2024-01-29,5382
5469,瀚宇博,5,0,5,第一金-台中,2024-01-29,5382
9905,大華,5,0,5,第一金-台中,2024-01-29,5382
3434,哲固,6,1,5,第一金-台中,2024-01-29,5382
2606,裕民,5,0,5,第一金-台中,2024-01-29,5382
4167,松瑞藥,4,0,4,第一金-台中,2024-01-29,5382
00902,中信電池及儲能,4,0,4,第一金-台中,2024-01-29,5382
1519,華城,10,6,4,第一金-台中,2024-01-29,5382
2201,裕隆,4,0,4,第一金-台中,2024-01-29,5382
2337,旺宏,6,2,4,第一金-台中,2024-01-29,5382
3483,力致,5,1,4,第一金-台中,2024-01-29,5382
4909,新復興,8,4,4,第一金-台中,2024-01-29,5382
00882,中信中國高股息,134,0,134,第一金-台中,2024-01-30,5382
6120,達運,122,1,121,第一金-台中,2024-01-30,5382
2867,三商壽,41,3,38,第一金-台中,2024-01-30,5382
4906,正文,30,0,30,第一金-台中,2024-01-30,5382
4908,前鼎,36,7,29,第一金-台中,2024-01-30,5382
4960,誠美材,30,1,29,第一金-台中,2024-01-30,5382
4128,中天,26,0,26,第一金-台中,2024-01-30,5382
1795,美時,22,0,22,第一金-台中,2024-01-30,5382
2609,陽明,17,2,15,第一金-台中,2024-01-30,5382
00632R,元大台灣50反1,15,0,15,第一金-台中,2024-01-30,5382
6457,紘康,13,0,13,第一金-台中,2024-01-30,5382
2324,仁寶,17,4,13,第一金-台中,2024-01-30,5382
0056,元大高股息,18,6,12,第一金-台中,2024-01-30,5382
00929,復華台灣科技優息,12,0,12,第一金-台中,2024-01-30,5382
00931B,統一美債20年,11,0,11,第一金-台中,2024-01-30,5382
00687B,國泰20年美債,21,10,11,第一金-台中,2024-01-30,5382
2537,聯上發,11,0,11,第一金-台中,2024-01-30,5382
4909,新復興,11,0,11,第一金-台中,2024-01-30,5382
6108,競國,11,0,11,第一金-台中,2024-01-30,5382
8011,台通,12,1,11,第一金-台中,2024-01-30,5382
2383,台光電,26,15,11,第一金-台中,2024-01-30,5382
1513,中興電,10,0,10,第一金-台中,2024-01-30,5382
1514,亞力,25,15,10,第一金-台中,2024-01-30,5382
3041,揚智,10,0,10,第一金-台中,2024-01-30,5382
5452,佶優,10,0,10,第一金-台中,2024-01-30,5382
6187,萬潤,12,2,10,第一金-台中,2024-01-30,5382
6265,方土昶,14,4,10,第一金-台中,2024-01-30,5382
8110,華東,10,0,10,第一金-台中,2024-01-30,5382
00937B,群益ESG投等債20,9,0,9,第一金-台中,2024-01-30,5382
8932,智通*,9,0,9,第一金-台中,2024-01-30,5382
2618,長榮航,47,38,9,第一金-台中,2024-01-30,5382
2308,台達電,9,0,9,第一金-台中,2024-01-30,5382
2465,麗臺,8,0,8,第一金-台中,2024-01-30,5382
3712,永崴投控,7,0,7,第一金-台中,2024-01-30,5382
6126,信音,7,0,7,第一金-台中,2024-01-30,5382
2337,旺宏,6,0,6,第一金-台中,2024-01-30,5382
2356,英業達,31,25,6,第一金-台中,2024-01-30,5382
2442,新美齊,7,1,6,第一金-台中,2024-01-30,5382
4915,致伸,6,0,6,第一金-台中,2024-01-30,5382
5344,立衛,6,0,6,第一金-台中,2024-01-30,5382
6425,易發,6,0,6,第一金-台中,2024-01-30,5382
00752,中信中國50,5,0,5,第一金-台中,2024-01-30,5382
1907,永豐餘,5,0,5,第一金-台中,2024-01-30,5382
2369,菱生,12,7,5,第一金-台中,2024-01-30,5382
4746,台耀,5,0,5,第一金-台中,2024-01-30,5382
6695,芯鼎,7,2,5,第一金-台中,2024-01-30,5382
9105,泰金寶-DR,5,0,5,第一金-台中,2024-01-30,5382
3687,歐買尬,13,8,5,第一金-台中,2024-01-30,5382
00637L,元大滬深300正2,5,0,5,第一金-台中,2024-01-30,5382
00915,凱基優選高股息30,4,0,4,第一金-台中,2024-01-30,5382
2330,台積電,231,8,223,第一金-台中,2024-01-31,5382
00632R,元大台灣50反1,100,1,99,第一金-台中,2024-01-31,5382
00680L,元大美債20正2,84,0,84,第一金-台中,2024-01-31,5382
2365,昆盈,76,1,75,第一金-台中,2024-01-31,5382
00929,復華台灣科技優息,62,3,59,第一金-台中,2024-01-31,5382
5344,立衛,38,0,38,第一金-台中,2024-01-31,5382
4743,合一,30,0,30,第一金-台中,2024-01-31,5382
00687B,國泰20年美債,30,3,27,第一金-台中,2024-01-31,5382
2812,台中銀,24,1,23,第一金-台中,2024-01-31,5382
2609,陽明,49,27,22,第一金-台中,2024-01-31,5382
00937B,群益ESG投等債20,27,5,22,第一金-台中,2024-01-31,5382
3481,群創,76,55,21,第一金-台中,2024-01-31,5382
2886,兆豐金,21,1,20,第一金-台中,2024-01-31,5382
4420,光明,20,0,20,第一金-台中,2024-01-31,5382
2356,英業達,24,6,18,第一金-台中,2024-01-31,5382
3390,旭軟,18,0,18,第一金-台中,2024-01-31,5382
2345,智邦,20,2,18,第一金-台中,2024-01-31,5382
2867,三商壽,18,1,17,第一金-台中,2024-01-31,5382
00679B,元大美債20年,16,0,16,第一金-台中,2024-01-31,5382
2382,廣達,15,0,15,第一金-台中,2024-01-31,5382
8011,台通,14,0,14,第一金-台中,2024-01-31,5382
2303,聯電,33,20,13,第一金-台中,2024-01-31,5382
3231,緯創,21,8,13,第一金-台中,2024-01-31,5382
2308,台達電,11,0,11,第一金-台中,2024-01-31,5382
00877,復華中國5G,11,0,11,第一金-台中,2024-01-31,5382
3687,歐買尬,11,0,11,第一金-台中,2024-01-31,5382
8936,國統,27,16,11,第一金-台中,2024-01-31,5382
6124,業強,13,3,10,第一金-台中,2024-01-31,5382
6271,同欣電,10,0,10,第一金-台中,2024-01-31,5382
2605,新興,10,1,9,第一金-台中,2024-01-31,5382
8467,波力-KY,11,2,9,第一金-台中,2024-01-31,5382
00919,群益台灣精選高息,9,0,9,第一金-台中,2024-01-31,5382
00751B,元大AAA至A公司債,8,0,8,第一金-台中,2024-01-31,5382
3055,蔚華科,34,26,8,第一金-台中,2024-01-31,5382
4303,信立,9,1,8,第一金-台中,2024-01-31,5382
0056,元大高股息,8,0,8,第一金-台中,2024-01-31,5382
6442,光聖,24,17,7,第一金-台中,2024-01-31,5382
00882,中信中國高股息,7,0,7,第一金-台中,2024-01-31,5382
3363,上詮,21,14,7,第一金-台中,2024-01-31,5382
3530,晶相光,12,5,7,第一金-台中,2024-01-31,5382
2353,宏��,112,106,6,第一金-台中,2024-01-31,5382
2495,普安,6,0,6,第一金-台中,2024-01-31,5382
3176,基亞,6,0,6,第一金-台中,2024-01-31,5382
2328,廣宇,5,0,5,第一金-台中,2024-01-31,5382
2606,裕民,5,0,5,第一金-台中,2024-01-31,5382
3622,洋華,8,3,5,第一金-台中,2024-01-31,5382
3694,海華,29,24,5,第一金-台中,2024-01-31,5382
6129,普誠,5,0,5,第一金-台中,2024-01-31,5382
6494,九齊,5,0,5,第一金-台中,2024-01-31,5382
6243,迅杰,6,1,5,第一金-台中,2024-01-31,5382
00933B,國泰10Y+金融債,1880,12,1868,第一金-台中,2024-02-01,5382
2812,台中銀,95,18,77,第一金-台中,2024-02-01,5382
3580,友威科,60,0,60,第一金-台中,2024-02-01,5382
5364,力麗店,30,0,30,第一金-台中,2024-02-01,5382
8996,高力,32,2,30,第一金-台中,2024-02-01,5382
6491,晶碩,28,0,28,第一金-台中,2024-02-01,5382
00878,國泰永續高股息,46,18,28,第一金-台中,2024-02-01,5382
00929,復華台灣科技優息,25,0,25,第一金-台中,2024-02-01,5382
3374,精材,24,0,24,第一金-台中,2024-02-01,5382
2356,英業達,29,6,23,第一金-台中,2024-02-01,5382
2303,聯電,40,18,22,第一金-台中,2024-02-01,5382
00665L,富邦�琤肭磪囓�2,125,104,21,第一金-台中,2024-02-01,5382
1733,五鼎,26,5,21,第一金-台中,2024-02-01,5382
00904,新光臺灣半導體30,20,0,20,第一金-台中,2024-02-01,5382
00687B,國泰20年美債,22,3,19,第一金-台中,2024-02-01,5382
3481,群創,22,5,17,第一金-台中,2024-02-01,5382
00679B,元大美債20年,16,0,16,第一金-台中,2024-02-01,5382
9914,美利達,15,0,15,第一金-台中,2024-02-01,5382
00924,復華S＆P500成長,11,0,11,第一金-台中,2024-02-01,5382
00916,國泰全球品牌50,11,0,11,第一金-台中,2024-02-01,5382
3035,智原,11,1,10,第一金-台中,2024-02-01,5382
00830,國泰費城半導體,10,0,10,第一金-台中,2024-02-01,5382
3437,榮創,10,0,10,第一金-台中,2024-02-01,5382
6425,易發,14,4,10,第一金-台中,2024-02-01,5382
6835,圓裕,10,0,10,第一金-台中,2024-02-01,5382
3354,律勝,20,10,10,第一金-台中,2024-02-01,5382
9921,巨大,10,0,10,第一金-台中,2024-02-01,5382
6125,廣運,11,2,9,第一金-台中,2024-02-01,5382
2634,漢翔,12,3,9,第一金-台中,2024-02-01,5382
1605,華新,9,0,9,第一金-台中,2024-02-01,5382
3029,零壹,9,0,9,第一金-台中,2024-02-01,5382
4128,中天,9,0,9,第一金-台中,2024-02-01,5382
6113,亞矽,48,40,8,第一金-台中,2024-02-01,5382
2383,台光電,10,2,8,第一金-台中,2024-02-01,5382
1528,恩德,11,4,7,第一金-台中,2024-02-01,5382
8111,立��,9,2,7,第一金-台中,2024-02-01,5382
00708L,期元大S＆P黃金正2,6,0,6,第一金-台中,2024-02-01,5382
8081,致新,5,0,5,第一金-台中,2024-02-01,5382
00633L,富邦上証正2,5,0,5,第一金-台中,2024-02-01,5382
1611,中電,5,0,5,第一金-台中,2024-02-01,5382
2402,毅嘉,5,0,5,第一金-台中,2024-02-01,5382
2610,華航,6,1,5,第一金-台中,2024-02-01,5382
3050,鈺德,5,0,5,第一金-台中,2024-02-01,5382
3122,笙泉,5,0,5,第一金-台中,2024-02-01,5382
4133,亞諾法,5,0,5,第一金-台中,2024-02-01,5382
5263,智崴,5,0,5,第一金-台中,2024-02-01,5382
5301,寶得利,5,0,5,第一金-台中,2024-02-01,5382
5302,太欣,5,0,5,第一金-台中,2024-02-01,5382
6188,廣明,6,1,5,第一金-台中,2024-02-01,5382
6208,日揚,5,0,5,第一金-台中,2024-02-01,5382
00878,國泰永續高股息,179,17,162,第一金-台中,2024-02-02,5382
3047,訊舟,103,3,100,第一金-台中,2024-02-02,5382
00929,復華台灣科技優息,59,11,48,第一金-台中,2024-02-02,5382
3231,緯創,88,46,42,第一金-台中,2024-02-02,5382
6672,騰輝電子-KY,30,0,30,第一金-台中,2024-02-02,5382
00679B,元大美債20年,29,2,27,第一金-台中,2024-02-02,5382
4912,聯德控股-KY,30,3,27,第一金-台中,2024-02-02,5382
8096,擎亞,47,20,27,第一金-台中,2024-02-02,5382
6180,橘子,25,0,25,第一金-台中,2024-02-02,5382
00715L,期街口布蘭特正2,28,6,22,第一金-台中,2024-02-02,5382
00753L,中信中國50正2,20,0,20,第一金-台中,2024-02-02,5382
6695,芯鼎,40,20,20,第一金-台中,2024-02-02,5382
5284,jpp-KY,20,1,19,第一金-台中,2024-02-02,5382
6219,富旺,76,57,19,第一金-台中,2024-02-02,5382
00712,復華富時不動產,17,0,17,第一金-台中,2024-02-02,5382
1618,合機,15,0,15,第一金-台中,2024-02-02,5382
00632R,元大台灣50反1,15,0,15,第一金-台中,2024-02-02,5382
6125,廣運,20,5,15,第一金-台中,2024-02-02,5382
2465,麗臺,21,7,14,第一金-台中,2024-02-02,5382
00687B,國泰20年美債,22,8,14,第一金-台中,2024-02-02,5382
2609,陽明,25,11,14,第一金-台中,2024-02-02,5382
3715,定穎投控,15,1,14,第一金-台中,2024-02-02,5382
6770,力積電,15,1,14,第一金-台中,2024-02-02,5382
1514,亞力,13,0,13,第一金-台中,2024-02-02,5382
2467,志聖,26,13,13,第一金-台中,2024-02-02,5382
4919,新唐,12,0,12,第一金-台中,2024-02-02,5382
2324,仁寶,12,1,11,第一金-台中,2024-02-02,5382
2329,華泰,18,8,10,第一金-台中,2024-02-02,5382
4147,中裕,10,0,10,第一金-台中,2024-02-02,5382
4543,萬在,13,4,9,第一金-台中,2024-02-02,5382
2313,華通,10,2,8,第一金-台中,2024-02-02,5382
1460,宏遠,8,0,8,第一金-台中,2024-02-02,5382
2337,旺宏,9,1,8,第一金-台中,2024-02-02,5382
3338,泰碩,71,63,8,第一金-台中,2024-02-02,5382
3580,友威科,8,0,8,第一金-台中,2024-02-02,5382
3605,宏致,20,12,8,第一金-台中,2024-02-02,5382
2615,萬海,7,0,7,第一金-台中,2024-02-02,5382
6243,迅杰,7,0,7,第一金-台中,2024-02-02,5382
0050,元大台灣50,8,2,6,第一金-台中,2024-02-02,5382
3167,大量,6,0,6,第一金-台中,2024-02-02,5382
2603,長榮,12,7,5,第一金-台中,2024-02-02,5382
1795,美時,5,0,5,第一金-台中,2024-02-02,5382
00895,富邦未來車,5,0,5,第一金-台中,2024-02-02,5382
2014,中鴻,10,5,5,第一金-台中,2024-02-02,5382
2377,微星,7,2,5,第一金-台中,2024-02-02,5382
3013,晟銘電,11,6,5,第一金-台中,2024-02-02,5382
3036,文曄,37,32,5,第一金-台中,2024-02-02,5382
3055,蔚華科,15,10,5,第一金-台中,2024-02-02,5382
4129,聯合,6,1,5,第一金-台中,2024-02-02,5382
4550,長佳,6,1,5,第一金-台中,2024-02-02,5382
6205,詮欣,104,0,104,第一金-台中,2024-02-05,5382
00715L,期街口布蘭特正2,98,0,98,第一金-台中,2024-02-05,5382
2618,長榮航,121,45,76,第一金-台中,2024-02-05,5382
3324,雙鴻,75,5,70,第一金-台中,2024-02-05,5382
6901,鑽石投資,60,0,60,第一金-台中,2024-02-05,5382
2390,云辰,35,0,35,第一金-台中,2024-02-05,5382
2329,華泰,35,2,33,第一金-台中,2024-02-05,5382
8054,安國,34,1,33,第一金-台中,2024-02-05,5382
00712,復華富時不動產,32,1,31,第一金-台中,2024-02-05,5382
4128,中天,30,0,30,第一金-台中,2024-02-05,5382
00679B,元大美債20年,29,0,29,第一金-台中,2024-02-05,5382
00687B,國泰20年美債,31,4,27,第一金-台中,2024-02-05,5382
2421,建準,78,53,25,第一金-台中,2024-02-05,5382
6425,易發,22,0,22,第一金-台中,2024-02-05,5382
00688L,國泰20年美債正2,20,0,20,第一金-台中,2024-02-05,5382
3363,上詮,23,3,20,第一金-台中,2024-02-05,5382
1513,中興電,19,0,19,第一金-台中,2024-02-05,5382
6219,富旺,39,20,19,第一金-台中,2024-02-05,5382
3017,奇鋐,29,12,17,第一金-台中,2024-02-05,5382
00882,中信中國高股息,16,0,16,第一金-台中,2024-02-05,5382
4743,合一,16,1,15,第一金-台中,2024-02-05,5382
5302,太欣,15,0,15,第一金-台中,2024-02-05,5382
3294,英濟,16,1,15,第一金-台中,2024-02-05,5382
2002,中鋼,14,0,14,第一金-台中,2024-02-05,5382
3234,光環,15,1,14,第一金-台中,2024-02-05,5382
6527,明達醫,14,0,14,第一金-台中,2024-02-05,5382
8096,擎亞,52,38,14,第一金-台中,2024-02-05,5382
00929,復華台灣科技優息,17,4,13,第一金-台中,2024-02-05,5382
2368,金像電,15,2,13,第一金-台中,2024-02-05,5382
3548,兆利,42,29,13,第一金-台中,2024-02-05,5382
00919,群益台灣精選高息,13,1,12,第一金-台中,2024-02-05,5382
0056,元大高股息,12,1,11,第一金-台中,2024-02-05,5382
2388,威盛,11,0,11,第一金-台中,2024-02-05,5382
5234,達興材料,17,6,11,第一金-台中,2024-02-05,5382
6672,騰輝電子-KY,11,0,11,第一金-台中,2024-02-05,5382
2303,聯電,10,0,10,第一金-台中,2024-02-05,5382
6584,南俊國際,10,0,10,第一金-台中,2024-02-05,5382
00937B,群益ESG投等債20,14,4,10,第一金-台中,2024-02-05,5382
4147,中裕,10,0,10,第一金-台中,2024-02-05,5382
4960,誠美材,10,0,10,第一金-台中,2024-02-05,5382
9905,大華,10,0,10,第一金-台中,2024-02-05,5382
4714,永捷,59,49,10,第一金-台中,2024-02-05,5382
4979,華星光,10,1,9,第一金-台中,2024-02-05,5382
3693,營邦,12,3,9,第一金-台中,2024-02-05,5382
00752,中信中國50,10,2,8,第一金-台中,2024-02-05,5382
00680L,元大美債20正2,10,2,8,第一金-台中,2024-02-05,5382
2498,宏達電,8,0,8,第一金-台中,2024-02-05,5382
4160,訊聯基因,8,0,8,第一金-台中,2024-02-05,5382
2355,敬鵬,7,0,7,第一金-台中,2024-02-05,5382
6615,慧智,7,0,7,第一金-台中,2024-02-05,5382
00933B,國泰10Y+金融債,1526,0,1526,第一金-台中,2024-02-15,5382
00688L,國泰20年美債正2,158,0,158,第一金-台中,2024-02-15,5382
00680L,元大美債20正2,125,2,123,第一金-台中,2024-02-15,5382
00919,群益台灣精選高息,135,12,123,第一金-台中,2024-02-15,5382
00679B,元大美債20年,111,0,111,第一金-台中,2024-02-15,5382
00673R,期元大S＆P原油反1,100,0,100,第一金-台中,2024-02-15,5382
00712,復華富時不動產,77,0,77,第一金-台中,2024-02-15,5382
4908,前鼎,70,1,69,第一金-台中,2024-02-15,5382
3481,群創,310,245,65,第一金-台中,2024-02-15,5382
3483,力致,73,13,60,第一金-台中,2024-02-15,5382
00720B,元大投資級公司債,54,0,54,第一金-台中,2024-02-15,5382
00929,復華台灣科技優息,70,28,42,第一金-台中,2024-02-15,5382
00687B,國泰20年美債,40,0,40,第一金-台中,2024-02-15,5382
6901,鑽石投資,40,0,40,第一金-台中,2024-02-15,5382
00632R,元大台灣50反1,35,0,35,第一金-台中,2024-02-15,5382
00937B,群益ESG投等債20,34,2,32,第一金-台中,2024-02-15,5382
2409,友達,33,2,31,第一金-台中,2024-02-15,5382
00706L,期元大S＆P日圓正2,28,0,28,第一金-台中,2024-02-15,5382
8011,台通,26,0,26,第一金-台中,2024-02-15,5382
5284,jpp-KY,31,10,21,第一金-台中,2024-02-15,5382
3363,上詮,36,16,20,第一金-台中,2024-02-15,5382
6223,旺矽,21,1,20,第一金-台中,2024-02-15,5382
6546,正基,20,0,20,第一金-台中,2024-02-15,5382
2610,華航,19,0,19,第一金-台中,2024-02-15,5382
6274,台燿,22,4,18,第一金-台中,2024-02-15,5382
2618,長榮航,89,71,18,第一金-台中,2024-02-15,5382
6219,富旺,89,71,18,第一金-台中,2024-02-15,5382
2515,中工,18,1,17,第一金-台中,2024-02-15,5382
3312,弘憶股,15,0,15,第一金-台中,2024-02-15,5382
4706,大恭,15,0,15,第一金-台中,2024-02-15,5382
5871,中租-KY,14,0,14,第一金-台中,2024-02-15,5382
3689,湧德,14,0,14,第一金-台中,2024-02-15,5382
8054,安國,48,34,14,第一金-台中,2024-02-15,5382
6770,力積電,13,0,13,第一金-台中,2024-02-15,5382
00931B,統一美債20年,13,0,13,第一金-台中,2024-02-15,5382
2365,昆盈,91,79,12,第一金-台中,2024-02-15,5382
2329,華泰,49,39,10,第一金-台中,2024-02-15,5382
2354,鴻準,10,0,10,第一金-台中,2024-02-15,5382
3162,精確,10,0,10,第一金-台中,2024-02-15,5382
4128,中天,10,0,10,第一金-台中,2024-02-15,5382
6265,方土昶,10,0,10,第一金-台中,2024-02-15,5382
00918,大華優利高填息30,11,1,10,第一金-台中,2024-02-15,5382
2308,台達電,15,6,9,第一金-台中,2024-02-15,5382
2530,華建,9,0,9,第一金-台中,2024-02-15,5382
00772B,中信高評級公司債,8,0,8,第一金-台中,2024-02-15,5382
2408,南亞科,8,0,8,第一金-台中,2024-02-15,5382
3530,晶相光,10,2,8,第一金-台中,2024-02-15,5382
2449,京元電子,7,0,7,第一金-台中,2024-02-15,5382
2344,華邦電,7,0,7,第一金-台中,2024-02-15,5382
2359,所羅門,9,2,7,第一金-台中,2024-02-15,5382
00673R,期元大S＆P原油反1,160,0,160,第一金-台中,2024-02-16,5382
2353,宏��,158,62,96,第一金-台中,2024-02-16,5382
00679B,元大美債20年,142,50,92,第一金-台中,2024-02-16,5382
6684,安格,75,1,74,第一金-台中,2024-02-16,5382
3450,聯鈞,84,23,61,第一金-台中,2024-02-16,5382
2929,淘帝-KY,60,0,60,第一金-台中,2024-02-16,5382
00680L,元大美債20正2,87,28,59,第一金-台中,2024-02-16,5382
3689,湧德,56,0,56,第一金-台中,2024-02-16,5382
00937B,群益ESG投等債20,53,1,52,第一金-台中,2024-02-16,5382
5426,振發,53,3,50,第一金-台中,2024-02-16,5382
00772B,中信高評級公司債,43,0,43,第一金-台中,2024-02-16,5382
1513,中興電,48,8,40,第一金-台中,2024-02-16,5382
00687B,國泰20年美債,40,2,38,第一金-台中,2024-02-16,5382
00773B,中信優先金融債,36,0,36,第一金-台中,2024-02-16,5382
8054,安國,39,6,33,第一金-台中,2024-02-16,5382
00894,中信小資高價30,30,0,30,第一金-台中,2024-02-16,5382
00931B,統一美債20年,26,0,26,第一金-台中,2024-02-16,5382
6244,茂迪,21,0,21,第一金-台中,2024-02-16,5382
6279,胡連,20,0,20,第一金-台中,2024-02-16,5382
2352,佳世達,23,4,19,第一金-台中,2024-02-16,5382
00706L,期元大S＆P日圓正2,18,0,18,第一金-台中,2024-02-16,5382
00933B,國泰10Y+金融債,17,0,17,第一金-台中,2024-02-16,5382
00712,復華富時不動產,17,1,16,第一金-台中,2024-02-16,5382
3032,偉訓,17,1,16,第一金-台中,2024-02-16,5382
00919,群益台灣精選高息,32,16,16,第一金-台中,2024-02-16,5382
3622,洋華,15,0,15,第一金-台中,2024-02-16,5382
00891,中信關鍵半導體,14,0,14,第一金-台中,2024-02-16,5382
3002,歐格,13,0,13,第一金-台中,2024-02-16,5382
6187,萬潤,26,13,13,第一金-台中,2024-02-16,5382
2356,英業達,44,32,12,第一金-台中,2024-02-16,5382
00688L,國泰20年美債正2,11,0,11,第一金-台中,2024-02-16,5382
6285,啟��,11,0,11,第一金-台中,2024-02-16,5382
3081,聯亞,13,2,11,第一金-台中,2024-02-16,5382
5871,中租-KY,11,1,10,第一金-台中,2024-02-16,5382
1907,永豐餘,10,0,10,第一金-台中,2024-02-16,5382
2440,太空梭,10,0,10,第一金-台中,2024-02-16,5382
2886,兆豐金,12,2,10,第一金-台中,2024-02-16,5382
4401,東隆興,10,0,10,第一金-台中,2024-02-16,5382
6156,松上,11,1,10,第一金-台中,2024-02-16,5382
6215,和椿,10,0,10,第一金-台中,2024-02-16,5382
2337,旺宏,10,0,10,第一金-台中,2024-02-16,5382
3390,旭軟,15,6,9,第一金-台中,2024-02-16,5382
1471,首利,10,1,9,第一金-台中,2024-02-16,5382
1503,士電,18,9,9,第一金-台中,2024-02-16,5382
1809,中釉,10,1,9,第一金-台中,2024-02-16,5382
3587,閎康,11,2,9,第一金-台中,2024-02-16,5382
3583,辛耘,16,7,9,第一金-台中,2024-02-16,5382
2371,大同,10,2,8,第一金-台中,2024-02-16,5382
2492,華新科,11,3,8,第一金-台中,2024-02-16,5382
6219,富旺,58,50,8,第一金-台中,2024-02-16,5382
00937B,群益ESG投等債20,140,0,140,第一金-台中,2024-02-19,5382
00919,群益台灣精選高息,116,2,114,第一金-台中,2024-02-19,5382
00878,國泰永續高股息,103,13,90,第一金-台中,2024-02-19,5382
6274,台燿,108,24,84,第一金-台中,2024-02-19,5382
2401,凌陽,51,0,51,第一金-台中,2024-02-19,5382
00673R,期元大S＆P原油反1,50,0,50,第一金-台中,2024-02-19,5382
8092,建暐,45,0,45,第一金-台中,2024-02-19,5382
1101,台泥,33,1,32,第一金-台中,2024-02-19,5382
2369,菱生,97,67,30,第一金-台中,2024-02-19,5382
3035,智原,35,8,27,第一金-台中,2024-02-19,5382
00929,復華台灣科技優息,40,14,26,第一金-台中,2024-02-19,5382
00687B,國泰20年美債,25,0,25,第一金-台中,2024-02-19,5382
00763U,期街口道瓊銅,24,0,24,第一金-台中,2024-02-19,5382
6125,廣運,41,18,23,第一金-台中,2024-02-19,5382
8070,長華*,22,0,22,第一金-台中,2024-02-19,5382
8089,康全電訊,21,0,21,第一金-台中,2024-02-19,5382
00753L,中信中國50正2,20,0,20,第一金-台中,2024-02-19,5382
3576,聯合再生,20,0,20,第一金-台中,2024-02-19,5382
00679B,元大美債20年,20,1,19,第一金-台中,2024-02-19,5382
6234,高僑,20,2,18,第一金-台中,2024-02-19,5382
4968,立積,25,8,17,第一金-台中,2024-02-19,5382
2367,燿華,31,14,17,第一金-台中,2024-02-19,5382
2867,三商壽,20,3,17,第一金-台中,2024-02-19,5382
8110,華東,24,7,17,第一金-台中,2024-02-19,5382
3055,蔚華科,22,5,17,第一金-台中,2024-02-19,5382
1504,東元,18,2,16,第一金-台中,2024-02-19,5382
2382,廣達,19,4,15,第一金-台中,2024-02-19,5382
00688L,國泰20年美債正2,15,0,15,第一金-台中,2024-02-19,5382
5471,松翰,15,0,15,第一金-台中,2024-02-19,5382
00712,復華富時不動產,16,2,14,第一金-台中,2024-02-19,5382
2457,飛宏,20,6,14,第一金-台中,2024-02-19,5382
00665L,富邦�琤肭磪囓�2,40,27,13,第一金-台中,2024-02-19,5382
00933B,國泰10Y+金融債,13,0,13,第一金-台中,2024-02-19,5382
2618,長榮航,12,0,12,第一金-台中,2024-02-19,5382
2888,新光金,12,1,11,第一金-台中,2024-02-19,5382
8086,宏捷科,17,6,11,第一金-台中,2024-02-19,5382
8421,旭源,31,20,11,第一金-台中,2024-02-19,5382
00720B,元大投資級公司債,11,0,11,第一金-台中,2024-02-19,5382
2489,瑞軒,12,2,10,第一金-台中,2024-02-19,5382
00915,凱基優選高股息30,10,0,10,第一金-台中,2024-02-19,5382
1409,新纖,12,2,10,第一金-台中,2024-02-19,5382
2049,上銀,10,0,10,第一金-台中,2024-02-19,5382
2610,華航,10,0,10,第一金-台中,2024-02-19,5382
3338,泰碩,10,0,10,第一金-台中,2024-02-19,5382
6279,胡連,10,0,10,第一金-台中,2024-02-19,5382
2881,富邦金,10,0,10,第一金-台中,2024-02-19,5382
6126,信音,13,4,9,第一金-台中,2024-02-19,5382
1309,台達化,10,1,9,第一金-台中,2024-02-19,5382
2355,敬鵬,16,7,9,第一金-台中,2024-02-19,5382
3044,健鼎,9,0,9,第一金-台中,2024-02-19,5382
00919,群益台灣精選高息,171,39,132,第一金-台中,2024-02-20,5382
00680L,元大美債20正2,131,17,114,第一金-台中,2024-02-20,5382
00904,新光臺灣半導體30,110,0,110,第一金-台中,2024-02-20,5382
00885,富邦越南,58,0,58,第一金-台中,2024-02-20,5382
1714,和桐,50,0,50,第一金-台中,2024-02-20,5382
6125,廣運,72,22,50,第一金-台中,2024-02-20,5382
5512,力麒,52,4,48,第一金-台中,2024-02-20,5382
2211,長榮鋼,43,0,43,第一金-台中,2024-02-20,5382
6282,康舒,47,8,39,第一金-台中,2024-02-20,5382
3035,智原,40,1,39,第一金-台中,2024-02-20,5382
00933B,國泰10Y+金融債,39,3,36,第一金-台中,2024-02-20,5382
2385,群光,36,0,36,第一金-台中,2024-02-20,5382
6799,來頡,43,7,36,第一金-台中,2024-02-20,5382
00878,國泰永續高股息,54,20,34,第一金-台中,2024-02-20,5382
00712,復華富時不動產,29,0,29,第一金-台中,2024-02-20,5382
6274,台燿,42,16,26,第一金-台中,2024-02-20,5382
5608,四維航,25,0,25,第一金-台中,2024-02-20,5382
00687B,國泰20年美債,24,0,24,第一金-台中,2024-02-20,5382
5426,振發,24,1,23,第一金-台中,2024-02-20,5382
00679B,元大美債20年,22,0,22,第一金-台中,2024-02-20,5382
00720B,元大投資級公司債,22,1,21,第一金-台中,2024-02-20,5382
2612,中航,20,0,20,第一金-台中,2024-02-20,5382
5263,智崴,20,0,20,第一金-台中,2024-02-20,5382
6425,易發,20,0,20,第一金-台中,2024-02-20,5382
6530,創威,28,8,20,第一金-台中,2024-02-20,5382
3017,奇鋐,24,6,18,第一金-台中,2024-02-20,5382
5471,松翰,18,0,18,第一金-台中,2024-02-20,5382
8096,擎亞,41,24,17,第一金-台中,2024-02-20,5382
3450,聯鈞,60,44,16,第一金-台中,2024-02-20,5382
2606,裕民,17,1,16,第一金-台中,2024-02-20,5382
2886,兆豐金,15,0,15,第一金-台中,2024-02-20,5382
3294,英濟,15,0,15,第一金-台中,2024-02-20,5382
5521,工信,15,0,15,第一金-台中,2024-02-20,5382
6141,柏承,15,0,15,第一金-台中,2024-02-20,5382
3231,緯創,24,9,15,第一金-台中,2024-02-20,5382
6179,亞通,15,1,14,第一金-台中,2024-02-20,5382
00688L,國泰20年美債正2,14,0,14,第一金-台中,2024-02-20,5382
1802,台玻,14,0,14,第一金-台中,2024-02-20,5382
1524,耿鼎,13,0,13,第一金-台中,2024-02-20,5382
3041,揚智,94,81,13,第一金-台中,2024-02-20,5382
3438,類比科,13,0,13,第一金-台中,2024-02-20,5382
8011,台通,13,0,13,第一金-台中,2024-02-20,5382
8476,台境*,13,0,13,第一金-台中,2024-02-20,5382
6108,競國,12,0,12,第一金-台中,2024-02-20,5382
2356,英業達,27,16,11,第一金-台中,2024-02-20,5382
2442,新美齊,17,6,11,第一金-台中,2024-02-20,5382
3481,群創,22,11,11,第一金-台中,2024-02-20,5382
8112,至上,12,1,11,第一金-台中,2024-02-20,5382
00696B,富邦美債20年,10,0,10,第一金-台中,2024-02-20,5382
1445,大宇,10,0,10,第一金-台中,2024-02-20,5382
00706L,期元大S＆P日圓正2,240,0,240,第一金-台中,2024-02-21,5382
00878,國泰永續高股息,212,9,203,第一金-台中,2024-02-21,5382
9105,泰金寶-DR,213,11,202,第一金-台中,2024-02-21,5382
00687B,國泰20年美債,96,0,96,第一金-台中,2024-02-21,5382
00679B,元大美債20年,81,0,81,第一金-台中,2024-02-21,5382
3588,通嘉,78,7,71,第一金-台中,2024-02-21,5382
1568,倉佑,70,0,70,第一金-台中,2024-02-21,5382
00712,復華富時不動產,57,0,57,第一金-台中,2024-02-21,5382
00933B,國泰10Y+金融債,54,2,52,第一金-台中,2024-02-21,5382
2618,長榮航,50,0,50,第一金-台中,2024-02-21,5382
4105,東洋,50,0,50,第一金-台中,2024-02-21,5382
00891,中信關鍵半導體,46,0,46,第一金-台中,2024-02-21,5382
5512,力麒,32,0,32,第一金-台中,2024-02-21,5382
00637L,元大滬深300正2,30,0,30,第一金-台中,2024-02-21,5382
3035,智原,37,9,28,第一金-台中,2024-02-21,5382
00919,群益台灣精選高息,43,18,25,第一金-台中,2024-02-21,5382
00632R,元大台灣50反1,25,0,25,第一金-台中,2024-02-21,5382
3163,波若威,52,29,23,第一金-台中,2024-02-21,5382
00937B,群益ESG投等債20,28,5,23,第一金-台中,2024-02-21,5382
3374,精材,22,0,22,第一金-台中,2024-02-21,5382
1513,中興電,60,40,20,第一金-台中,2024-02-21,5382
6282,康舒,26,6,20,第一金-台中,2024-02-21,5382
2476,鉅祥,28,8,20,第一金-台中,2024-02-21,5382
4561,健椿,20,0,20,第一金-台中,2024-02-21,5382
6735,美達科技,20,0,20,第一金-台中,2024-02-21,5382
1503,士電,37,18,19,第一金-台中,2024-02-21,5382
2460,建通,17,0,17,第一金-台中,2024-02-21,5382
00929,復華台灣科技優息,22,6,16,第一金-台中,2024-02-21,5382
5292,華懋,16,0,16,第一金-台中,2024-02-21,5382
00752,中信中國50,15,0,15,第一金-台中,2024-02-21,5382
00862B,中信投資級公司債,15,0,15,第一金-台中,2024-02-21,5382
00680L,元大美債20正2,15,0,15,第一金-台中,2024-02-21,5382
00636,國泰中國A50,15,0,15,第一金-台中,2024-02-21,5382
1414,東和,15,0,15,第一金-台中,2024-02-21,5382
2362,藍天,20,5,15,第一金-台中,2024-02-21,5382
2884,玉山金,15,0,15,第一金-台中,2024-02-21,5382
4746,台耀,14,2,12,第一金-台中,2024-02-21,5382
4945,陞達科技,43,31,12,第一金-台中,2024-02-21,5382
1529,樂事綠能,11,0,11,第一金-台中,2024-02-21,5382
4303,信立,11,0,11,第一金-台中,2024-02-21,5382
9912,偉聯,11,0,11,第一金-台中,2024-02-21,5382
2382,廣達,13,3,10,第一金-台中,2024-02-21,5382
1717,長興,10,0,10,第一金-台中,2024-02-21,5382
3027,盛達,21,11,10,第一金-台中,2024-02-21,5382
3372,典範,11,1,10,第一金-台中,2024-02-21,5382
3591,艾笛森,12,2,10,第一金-台中,2024-02-21,5382
6125,廣運,25,15,10,第一金-台中,2024-02-21,5382
6127,九豪,11,1,10,第一金-台中,2024-02-21,5382
6165,浪凡,10,0,10,第一金-台中,2024-02-21,5382
6223,旺矽,10,0,10,第一金-台中,2024-02-21,5382
00632R,元大台灣50反1,235,0,235,第一金-台中,2024-02-22,5382
1524,耿鼎,165,59,106,第一金-台中,2024-02-22,5382
00679B,元大美債20年,86,0,86,第一金-台中,2024-02-22,5382
2313,華通,198,121,77,第一金-台中,2024-02-22,5382
00937B,群益ESG投等債20,72,5,67,第一金-台中,2024-02-22,5382
2369,菱生,52,6,46,第一金-台中,2024-02-22,5382
00933B,國泰10Y+金融債,53,15,38,第一金-台中,2024-02-22,5382
00687B,國泰20年美債,37,0,37,第一金-台中,2024-02-22,5382
1568,倉佑,34,0,34,第一金-台中,2024-02-22,5382
2371,大同,37,7,30,第一金-台中,2024-02-22,5382
00680L,元大美債20正2,27,0,27,第一金-台中,2024-02-22,5382
5426,振發,26,0,26,第一金-台中,2024-02-22,5382
3706,神達,28,4,24,第一金-台中,2024-02-22,5382
3551,世禾,24,1,23,第一金-台中,2024-02-22,5382
3047,訊舟,48,27,21,第一金-台中,2024-02-22,5382
2376,技嘉,31,10,21,第一金-台中,2024-02-22,5382
2892,第一金,21,1,20,第一金-台中,2024-02-22,5382
1455,集盛,20,0,20,第一金-台中,2024-02-22,5382
2882,國泰金,20,0,20,第一金-台中,2024-02-22,5382
6451,訊芯-KY,24,4,20,第一金-台中,2024-02-22,5382
2417,圓剛,46,27,19,第一金-台中,2024-02-22,5382
6841,長佳智能,19,0,19,第一金-台中,2024-02-22,5382
2356,英業達,33,15,18,第一金-台中,2024-02-22,5382
2367,燿華,22,4,18,第一金-台中,2024-02-22,5382
3221,台嘉碩,19,3,16,第一金-台中,2024-02-22,5382
00878,國泰永續高股息,75,59,16,第一金-台中,2024-02-22,5382
8463,潤泰材,15,0,15,第一金-台中,2024-02-22,5382
2362,藍天,15,0,15,第一金-台中,2024-02-22,5382
00712,復華富時不動產,13,0,13,第一金-台中,2024-02-22,5382
1447,力鵬,13,0,13,第一金-台中,2024-02-22,5382
5263,智崴,13,0,13,第一金-台中,2024-02-22,5382
3228,金麗科,16,3,13,第一金-台中,2024-02-22,5382
00795B,中信美國公債20年,12,0,12,第一金-台中,2024-02-22,5382
00862B,中信投資級公司債,11,0,11,第一金-台中,2024-02-22,5382
00688L,國泰20年美債正2,11,0,11,第一金-台中,2024-02-22,5382
6668,中揚光,26,15,11,第一金-台中,2024-02-22,5382
1815,富喬,51,41,10,第一金-台中,2024-02-22,5382
2883,凱基金,22,12,10,第一金-台中,2024-02-22,5382
3715,定穎投控,21,11,10,第一金-台中,2024-02-22,5382
5465,富驊,10,0,10,第一金-台中,2024-02-22,5382
5478,智冠,10,0,10,第一金-台中,2024-02-22,5382
5523,豐謙,10,0,10,第一金-台中,2024-02-22,5382
9904,寶成,10,0,10,第一金-台中,2024-02-22,5382
2331,精英,10,1,9,第一金-台中,2024-02-22,5382
4945,陞達科技,14,5,9,第一金-台中,2024-02-22,5382
2617,台航,13,5,8,第一金-台中,2024-02-22,5382
3494,誠研,8,0,8,第一金-台中,2024-02-22,5382
8926,台汽電,13,5,8,第一金-台中,2024-02-22,5382
3025,星通,50,42,8,第一金-台中,2024-02-22,5382
2618,長榮航,7,0,7,第一金-台中,2024-02-22,5382
00632R,元大台灣50反1,231,0,231,第一金-台中,2024-02-23,5382
3703,欣陸,133,0,133,第一金-台中,2024-02-23,5382
00673R,期元大S＆P原油反1,100,0,100,第一金-台中,2024-02-23,5382
4906,正文,51,3,48,第一金-台中,2024-02-23,5382
00679B,元大美債20年,47,0,47,第一金-台中,2024-02-23,5382
00937B,群益ESG投等債20,47,0,47,第一金-台中,2024-02-23,5382
00933B,國泰10Y+金融債,33,0,33,第一金-台中,2024-02-23,5382
1605,華新,31,1,30,第一金-台中,2024-02-23,5382
1514,亞力,233,208,25,第一金-台中,2024-02-23,5382
3680,家登,26,1,25,第一金-台中,2024-02-23,5382
00687B,國泰20年美債,24,0,24,第一金-台中,2024-02-23,5382
1805,寶徠,24,0,24,第一金-台中,2024-02-23,5382
8040,九暘,25,2,23,第一金-台中,2024-02-23,5382
2353,宏��,108,87,21,第一金-台中,2024-02-23,5382
8936,國統,31,11,20,第一金-台中,2024-02-23,5382
5471,松翰,20,0,20,第一金-台中,2024-02-23,5382
6799,來頡,20,0,20,第一金-台中,2024-02-23,5382
2615,萬海,20,1,19,第一金-台中,2024-02-23,5382
6257,矽格,20,1,19,第一金-台中,2024-02-23,5382
00878,國泰永續高股息,51,33,18,第一金-台中,2024-02-23,5382
6104,創惟,21,3,18,第一金-台中,2024-02-23,5382
2618,長榮航,20,2,18,第一金-台中,2024-02-23,5382
4188,安克,18,0,18,第一金-台中,2024-02-23,5382
3033,威健,18,0,18,第一金-台中,2024-02-23,5382
2867,三商壽,20,3,17,第一金-台中,2024-02-23,5382
3231,緯創,26,10,16,第一金-台中,2024-02-23,5382
6127,九豪,16,0,16,第一金-台中,2024-02-23,5382
6189,豐藝,15,0,15,第一金-台中,2024-02-23,5382
3481,群創,15,0,15,第一金-台中,2024-02-23,5382
2356,英業達,29,15,14,第一金-台中,2024-02-23,5382
3450,聯鈞,121,107,14,第一金-台中,2024-02-23,5382
6125,廣運,20,6,14,第一金-台中,2024-02-23,5382
8011,台通,15,1,14,第一金-台中,2024-02-23,5382
6274,台燿,50,36,14,第一金-台中,2024-02-23,5382
1536,和大,16,4,12,第一金-台中,2024-02-23,5382
4157,太景*-KY,12,0,12,第一金-台中,2024-02-23,5382
8064,東捷,54,42,12,第一金-台中,2024-02-23,5382
00770,國泰北美科技,12,1,11,第一金-台中,2024-02-23,5382
3711,日月光投控,15,4,11,第一金-台中,2024-02-23,5382
00636,國泰中國A50,10,0,10,第一金-台中,2024-02-23,5382
2328,廣宇,10,0,10,第一金-台中,2024-02-23,5382
3055,蔚華科,22,12,10,第一金-台中,2024-02-23,5382
00713,元大台灣高息低波,10,1,9,第一金-台中,2024-02-23,5382
2405,輔信,25,15,10,第一金-台中,2024-02-23,5382
1513,中興電,43,33,10,第一金-台中,2024-02-23,5382
1454,台富,15,6,9,第一金-台中,2024-02-23,5382
3715,定穎投控,10,1,9,第一金-台中,2024-02-23,5382
3149,正達,8,0,8,第一金-台中,2024-02-23,5382
3303,岱稜,8,0,8,第一金-台中,2024-02-23,5382
3679,新至陞,8,0,8,第一金-台中,2024-02-23,5382
00878,國泰永續高股息,267,146,121,第一金-台中,2024-02-26,5382
00680L,元大美債20正2,100,0,100,第一金-台中,2024-02-26,5382
6684,安格,50,6,44,第一金-台中,2024-02-26,5382
00933B,國泰10Y+金融債,43,1,42,第一金-台中,2024-02-26,5382
1591,駿吉-KY,37,0,37,第一金-台中,2024-02-26,5382
2363,矽統,56,21,35,第一金-台中,2024-02-26,5382
8271,宇瞻,34,0,34,第一金-台中,2024-02-26,5382
00937B,群益ESG投等債20,33,2,31,第一金-台中,2024-02-26,5382
2031,新光鋼,31,2,29,第一金-台中,2024-02-26,5382
8936,國統,55,32,23,第一金-台中,2024-02-26,5382
1522,堤維西,33,10,23,第一金-台中,2024-02-26,5382
3481,群創,34,11,23,第一金-台中,2024-02-26,5382
6219,富旺,207,185,22,第一金-台中,2024-02-26,5382
2615,萬海,21,0,21,第一金-台中,2024-02-26,5382
8027,鈦昇,21,0,21,第一金-台中,2024-02-26,5382
1742,台蠟,20,0,20,第一金-台中,2024-02-26,5382
6462,神盾,20,1,19,第一金-台中,2024-02-26,5382
3037,欣興,27,10,17,第一金-台中,2024-02-26,5382
1514,亞力,145,128,17,第一金-台中,2024-02-26,5382
2387,精元,25,9,16,第一金-台中,2024-02-26,5382
3163,波若威,43,27,16,第一金-台中,2024-02-26,5382
3227,原相,44,28,16,第一金-台中,2024-02-26,5382
00679B,元大美債20年,15,0,15,第一金-台中,2024-02-26,5382
2376,技嘉,20,6,14,第一金-台中,2024-02-26,5382
6168,宏齊,15,2,13,第一金-台中,2024-02-26,5382
1303,南亞,13,0,13,第一金-台中,2024-02-26,5382
8040,九暘,117,105,12,第一金-台中,2024-02-26,5382
6288,聯嘉,17,6,11,第一金-台中,2024-02-26,5382
8064,東捷,15,4,11,第一金-台中,2024-02-26,5382
00885,富邦越南,20,10,10,第一金-台中,2024-02-26,5382
00907,永豐優息存股,10,0,10,第一金-台中,2024-02-26,5382
00706L,期元大S＆P日圓正2,10,0,10,第一金-台中,2024-02-26,5382
2014,中鴻,10,0,10,第一金-台中,2024-02-26,5382
2105,正新,11,1,10,第一金-台中,2024-02-26,5382
6829,千附精密,10,0,10,第一金-台中,2024-02-26,5382
8940,新天地,10,0,10,第一金-台中,2024-02-26,5382
2365,昆盈,11,2,9,第一金-台中,2024-02-26,5382
2542,興富發,9,0,9,第一金-台中,2024-02-26,5382
4960,誠美材,10,1,9,第一金-台中,2024-02-26,5382
6179,亞通,9,0,9,第一金-台中,2024-02-26,5382
2317,鴻海,10,1,9,第一金-台中,2024-02-26,5382
00662,富邦NASDAQ,9,1,8,第一金-台中,2024-02-26,5382
6530,創威,9,1,8,第一金-台中,2024-02-26,5382
00687B,國泰20年美債,10,3,7,第一金-台中,2024-02-26,5382
3038,全台,7,0,7,第一金-台中,2024-02-26,5382
3706,神達,7,0,7,第一金-台中,2024-02-26,5382
5292,華懋,7,0,7,第一金-台中,2024-02-26,5382
1809,中釉,10,3,7,第一金-台中,2024-02-26,5382
6770,力積電,6,0,6,第一金-台中,2024-02-26,5382
00715L,期街口布蘭特正2,10,4,6,第一金-台中,2024-02-26,5382
3231,緯創,263,4,259,第一金-台中,2024-02-27,5382
00632R,元大台灣50反1,117,1,116,第一金-台中,2024-02-27,5382
2454,聯發科,105,2,103,第一金-台中,2024-02-27,5382
8028,昇陽半導體,50,0,50,第一金-台中,2024-02-27,5382
00680L,元大美債20正2,50,0,50,第一金-台中,2024-02-27,5382
4414,如興,50,0,50,第一金-台中,2024-02-27,5382
2002,中鋼,46,1,45,第一金-台中,2024-02-27,5382
00937B,群益ESG投等債20,76,34,42,第一金-台中,2024-02-27,5382
3481,群創,43,1,42,第一金-台中,2024-02-27,5382
4543,萬在,43,1,42,第一金-台中,2024-02-27,5382
3588,通嘉,28,2,26,第一金-台中,2024-02-27,5382
00687B,國泰20年美債,26,3,23,第一金-台中,2024-02-27,5382
2515,中工,26,3,23,第一金-台中,2024-02-27,5382
6451,訊芯-KY,32,9,23,第一金-台中,2024-02-27,5382
00933B,國泰10Y+金融債,22,0,22,第一金-台中,2024-02-27,5382
1815,富喬,41,19,22,第一金-台中,2024-02-27,5382
6532,瑞耘,21,0,21,第一金-台中,2024-02-27,5382
6841,長佳智能,29,8,21,第一金-台中,2024-02-27,5382
1721,三晃,32,13,19,第一金-台中,2024-02-27,5382
4973,廣穎,20,1,19,第一金-台中,2024-02-27,5382
2618,長榮航,17,0,17,第一金-台中,2024-02-27,5382
2329,華泰,27,12,15,第一金-台中,2024-02-27,5382
2014,中鴻,15,0,15,第一金-台中,2024-02-27,5382
4542,科嶠,39,24,15,第一金-台中,2024-02-27,5382
8092,建暐,15,0,15,第一金-台中,2024-02-27,5382
4743,合一,14,0,14,第一金-台中,2024-02-27,5382
00891,中信關鍵半導體,15,2,13,第一金-台中,2024-02-27,5382
2312,金寶,13,0,13,第一金-台中,2024-02-27,5382
4908,前鼎,28,15,13,第一金-台中,2024-02-27,5382
2609,陽明,17,4,13,第一金-台中,2024-02-27,5382
1605,華新,13,1,12,第一金-台中,2024-02-27,5382
4157,太景*-KY,12,0,12,第一金-台中,2024-02-27,5382
5258,虹堡,15,3,12,第一金-台中,2024-02-27,5382
6288,聯嘉,22,10,12,第一金-台中,2024-02-27,5382
4960,誠美材,11,0,11,第一金-台中,2024-02-27,5382
6113,亞矽,14,3,11,第一金-台中,2024-02-27,5382
2401,凌陽,11,0,11,第一金-台中,2024-02-27,5382
6241,易通展,11,0,11,第一金-台中,2024-02-27,5382
00751B,元大AAA至A公司債,10,0,10,第一金-台中,2024-02-27,5382
1314,中石化,10,0,10,第一金-台中,2024-02-27,5382
2337,旺宏,10,0,10,第一金-台中,2024-02-27,5382
2417,圓剛,10,0,10,第一金-台中,2024-02-27,5382
2610,華航,10,0,10,第一金-台中,2024-02-27,5382
4909,新復興,12,2,10,第一金-台中,2024-02-27,5382
7402,邑錡,10,0,10,第一金-台中,2024-02-27,5382
8059,凱碩,10,0,10,第一金-台中,2024-02-27,5382
8163,達方,10,0,10,第一金-台中,2024-02-27,5382
2408,南亞科,9,0,9,第一金-台中,2024-02-27,5382
3360,尚立,10,1,9,第一金-台中,2024-02-27,5382
3372,典範,9,0,9,第一金-台中,2024-02-27,5382
2317,鴻海,802,1,801,第一金-台中,2024-02-29,5382
00706L,期元大S＆P日圓正2,262,0,262,第一金-台中,2024-02-29,5382
00673R,期元大S＆P原油反1,207,0,207,第一金-台中,2024-02-29,5382
6179,亞通,215,14,201,第一金-台中,2024-02-29,5382
2330,台積電,115,6,109,第一金-台中,2024-02-29,5382
6125,廣運,158,64,94,第一金-台中,2024-02-29,5382
00637L,元大滬深300正2,89,1,88,第一金-台中,2024-02-29,5382
3712,永崴投控,138,64,74,第一金-台中,2024-02-29,5382
00937B,群益ESG投等債20,53,0,53,第一金-台中,2024-02-29,5382
1504,東元,71,19,52,第一金-台中,2024-02-29,5382
6462,神盾,47,13,34,第一金-台中,2024-02-29,5382
00679B,元大美債20年,32,0,32,第一金-台中,2024-02-29,5382
8064,東捷,30,0,30,第一金-台中,2024-02-29,5382
3163,波若威,30,2,28,第一金-台中,2024-02-29,5382
3360,尚立,35,7,28,第一金-台中,2024-02-29,5382
00933B,國泰10Y+金融債,27,0,27,第一金-台中,2024-02-29,5382
00919,群益台灣精選高息,27,0,27,第一金-台中,2024-02-29,5382
4542,科嶠,25,1,24,第一金-台中,2024-02-29,5382
6901,鑽石投資,24,2,22,第一金-台中,2024-02-29,5382
00929,復華台灣科技優息,40,19,21,第一金-台中,2024-02-29,5382
00878,國泰永續高股息,20,0,20,第一金-台中,2024-02-29,5382
1589,永冠-KY,20,0,20,第一金-台中,2024-02-29,5382
4972,湯石照明,20,0,20,第一金-台中,2024-02-29,5382
1514,亞力,276,259,17,第一金-台中,2024-02-29,5382
5452,佶優,17,0,17,第一金-台中,2024-02-29,5382
00687B,國泰20年美債,16,0,16,第一金-台中,2024-02-29,5382
2353,宏��,26,11,15,第一金-台中,2024-02-29,5382
00712,復華富時不動產,14,0,14,第一金-台中,2024-02-29,5382
1711,永光,14,0,14,第一金-台中,2024-02-29,5382
00662,富邦NASDAQ,14,0,14,第一金-台中,2024-02-29,5382
00680L,元大美債20正2,15,1,14,第一金-台中,2024-02-29,5382
2385,群光,23,9,14,第一金-台中,2024-02-29,5382
8110,華東,14,0,14,第一金-台中,2024-02-29,5382
2002,中鋼,13,0,13,第一金-台中,2024-02-29,5382
3450,聯鈞,14,1,13,第一金-台中,2024-02-29,5382
2417,圓剛,15,3,12,第一金-台中,2024-02-29,5382
2425,承啟,12,0,12,第一金-台中,2024-02-29,5382
6182,合晶,14,2,12,第一金-台中,2024-02-29,5382
2382,廣達,15,3,12,第一金-台中,2024-02-29,5382
3081,聯亞,11,0,11,第一金-台中,2024-02-29,5382
2603,長榮,24,13,11,第一金-台中,2024-02-29,5382
00751B,元大AAA至A公司債,10,0,10,第一金-台中,2024-02-29,5382
2025,千興,10,0,10,第一金-台中,2024-02-29,5382
2323,中環,10,0,10,第一金-台中,2024-02-29,5382
3033,威健,10,0,10,第一金-台中,2024-02-29,5382
3679,新至陞,10,0,10,第一金-台中,2024-02-29,5382
6160,欣技,10,0,10,第一金-台中,2024-02-29,5382
6216,居易,10,0,10,第一金-台中,2024-02-29,5382
1522,堤維西,34,25,9,第一金-台中,2024-02-29,5382
3228,金麗科,13,4,9,第一金-台中,2024-02-29,5382
00919,群益台灣精選高息,329,3,326,第一金-台中,2024-03-01,5382
00937B,群益ESG投等債20,83,5,78,第一金-台中,2024-03-01,5382
5512,力麒,47,1,46,第一金-台中,2024-03-01,5382
2023,燁輝,30,0,30,第一金-台中,2024-03-01,5382
2367,燿華,30,0,30,第一金-台中,2024-03-01,5382
8105,凌巨,39,13,26,第一金-台中,2024-03-01,5382
1609,大亞,36,10,26,第一金-台中,2024-03-01,5382
1314,中石化,25,0,25,第一金-台中,2024-03-01,5382
2206,三陽工業,50,25,25,第一金-台中,2024-03-01,5382
2888,新光金,27,3,24,第一金-台中,2024-03-01,5382
00929,復華台灣科技優息,33,9,24,第一金-台中,2024-03-01,5382
00753L,中信中國50正2,20,0,20,第一金-台中,2024-03-01,5382
1905,華紙,20,0,20,第一金-台中,2024-03-01,5382
2025,千興,20,0,20,第一金-台中,2024-03-01,5382
3708,上緯投控,20,0,20,第一金-台中,2024-03-01,5382
6148,驊宏資,42,22,20,第一金-台中,2024-03-01,5382
3592,瑞鼎,20,0,20,第一金-台中,2024-03-01,5382
2409,友達,58,38,20,第一金-台中,2024-03-01,5382
3376,新日興,21,3,18,第一金-台中,2024-03-01,5382
2421,建準,23,6,17,第一金-台中,2024-03-01,5382
00918,大華優利高填息30,17,0,17,第一金-台中,2024-03-01,5382
00913,兆豐台灣晶圓製造,16,0,16,第一金-台中,2024-03-01,5382
2449,京元電子,19,3,16,第一金-台中,2024-03-01,5382
2838,聯邦銀,15,0,15,第一金-台中,2024-03-01,5382
6125,廣運,146,131,15,第一金-台中,2024-03-01,5382
2002,中鋼,15,1,14,第一金-台中,2024-03-01,5382
2399,映泰,17,3,14,第一金-台中,2024-03-01,5382
2609,陽明,15,2,13,第一金-台中,2024-03-01,5382
00933B,國泰10Y+金融債,13,0,13,第一金-台中,2024-03-01,5382
00795B,中信美國公債20年,13,0,13,第一金-台中,2024-03-01,5382
3338,泰碩,24,11,13,第一金-台中,2024-03-01,5382
6799,來頡,26,13,13,第一金-台中,2024-03-01,5382
2457,飛宏,13,0,13,第一金-台中,2024-03-01,5382
6770,力積電,13,1,12,第一金-台中,2024-03-01,5382
2455,全新,25,14,11,第一金-台中,2024-03-01,5382
2883,凱基金,11,0,11,第一金-台中,2024-03-01,5382
3055,蔚華科,33,22,11,第一金-台中,2024-03-01,5382
3071,協禧,14,3,11,第一金-台中,2024-03-01,5382
3622,洋華,23,12,11,第一金-台中,2024-03-01,5382
6284,佳邦,21,10,11,第一金-台中,2024-03-01,5382
8085,福華,16,5,11,第一金-台中,2024-03-01,5382
00690,兆豐藍籌30,10,0,10,第一金-台中,2024-03-01,5382
1524,耿鼎,21,11,10,第一金-台中,2024-03-01,5382
1605,華新,10,0,10,第一金-台中,2024-03-01,5382
1618,合機,22,12,10,第一金-台中,2024-03-01,5382
1809,中釉,10,0,10,第一金-台中,2024-03-01,5382
2328,廣宇,10,0,10,第一金-台中,2024-03-01,5382
2368,金像電,29,19,10,第一金-台中,2024-03-01,5382
4138,曜亞,10,0,10,第一金-台中,2024-03-01,5382
4729,熒茂,16,6,10,第一金-台中,2024-03-01,5382
2371,大同,220,22,198,第一金-台中,2024-03-04,5382
6219,富旺,174,0,174,第一金-台中,2024-03-04,5382
00919,群益台灣精選高息,214,41,173,第一金-台中,2024-03-04,5382
00632R,元大台灣50反1,70,0,70,第一金-台中,2024-03-04,5382
00673R,期元大S＆P原油反1,58,0,58,第一金-台中,2024-03-04,5382
2324,仁寶,106,54,52,第一金-台中,2024-03-04,5382
00878,國泰永續高股息,56,5,51,第一金-台中,2024-03-04,5382
2605,新興,50,0,50,第一金-台中,2024-03-04,5382
00753L,中信中國50正2,40,0,40,第一金-台中,2024-03-04,5382
00918,大華優利高填息30,49,13,36,第一金-台中,2024-03-04,5382
00933B,國泰10Y+金融債,40,4,36,第一金-台中,2024-03-04,5382
2913,農林,68,35,33,第一金-台中,2024-03-04,5382
4545,銘鈺,32,0,32,第一金-台中,2024-03-04,5382
00687B,國泰20年美債,31,0,31,第一金-台中,2024-03-04,5382
00904,新光臺灣半導體30,30,0,30,第一金-台中,2024-03-04,5382
3163,波若威,47,17,30,第一金-台中,2024-03-04,5382
4157,太景*-KY,30,0,30,第一金-台中,2024-03-04,5382
00937B,群益ESG投等債20,24,0,24,第一金-台中,2024-03-04,5382
3622,洋華,33,10,23,第一金-台中,2024-03-04,5382
6284,佳邦,23,0,23,第一金-台中,2024-03-04,5382
1721,三晃,22,0,22,第一金-台中,2024-03-04,5382
2353,宏��,180,158,22,第一金-台中,2024-03-04,5382
2363,矽統,22,0,22,第一金-台中,2024-03-04,5382
2399,映泰,22,0,22,第一金-台中,2024-03-04,5382
2467,志聖,23,3,20,第一金-台中,2024-03-04,5382
3147,大綜,21,1,20,第一金-台中,2024-03-04,5382
4542,科嶠,27,8,19,第一金-台中,2024-03-04,5382
2884,玉山金,19,0,19,第一金-台中,2024-03-04,5382
2888,新光金,17,0,17,第一金-台中,2024-03-04,5382
3268,海德威,17,0,17,第一金-台中,2024-03-04,5382
3289,宜特,23,7,16,第一金-台中,2024-03-04,5382
3481,群創,16,2,14,第一金-台中,2024-03-04,5382
1316,上曜,14,1,13,第一金-台中,2024-03-04,5382
3338,泰碩,13,0,13,第一金-台中,2024-03-04,5382
6126,信音,13,0,13,第一金-台中,2024-03-04,5382
3081,聯亞,36,24,12,第一金-台中,2024-03-04,5382
3437,榮創,14,2,12,第一金-台中,2024-03-04,5382
3548,兆利,51,39,12,第一金-台中,2024-03-04,5382
0056,元大高股息,19,7,12,第一金-台中,2024-03-04,5382
00751B,元大AAA至A公司債,11,0,11,第一金-台中,2024-03-04,5382
1326,台化,11,0,11,第一金-台中,2024-03-04,5382
1809,中釉,11,0,11,第一金-台中,2024-03-04,5382
2486,一詮,11,0,11,第一金-台中,2024-03-04,5382
2449,京元電子,62,52,10,第一金-台中,2024-03-04,5382
00679B,元大美債20年,16,6,10,第一金-台中,2024-03-04,5382
00712,復華富時不動產,13,3,10,第一金-台中,2024-03-04,5382
2355,敬鵬,10,0,10,第一金-台中,2024-03-04,5382
4188,安克,10,0,10,第一金-台中,2024-03-04,5382
4557,永新-KY,10,0,10,第一金-台中,2024-03-04,5382
6279,胡連,10,0,10,第一金-台中,2024-03-04,5382
2888,新光金,104,28,76,第一金-台中,2024-03-05,5382
00919,群益台灣精選高息,86,16,70,第一金-台中,2024-03-05,5382
00937B,群益ESG投等債20,56,1,55,第一金-台中,2024-03-05,5382
00637L,元大滬深300正2,50,4,46,第一金-台中,2024-03-05,5382
00918,大華優利高填息30,62,17,45,第一金-台中,2024-03-05,5382
3013,晟銘電,67,23,44,第一金-台中,2024-03-05,5382
8147,正淩,42,0,42,第一金-台中,2024-03-05,5382
2002,中鋼,39,0,39,第一金-台中,2024-03-05,5382
8210,勤誠,82,43,39,第一金-台中,2024-03-05,5382
1721,三晃,34,0,34,第一金-台中,2024-03-05,5382
6271,同欣電,35,1,34,第一金-台中,2024-03-05,5382
00923,群益台ESG低碳50,29,0,29,第一金-台中,2024-03-05,5382
5234,達興材料,25,0,25,第一金-台中,2024-03-05,5382
2355,敬鵬,35,11,24,第一金-台中,2024-03-05,5382
3218,大學光,22,0,22,第一金-台中,2024-03-05,5382
2376,技嘉,52,30,22,第一金-台中,2024-03-05,5382
00915,凱基優選高股息30,21,0,21,第一金-台中,2024-03-05,5382
1455,集盛,20,0,20,第一金-台中,2024-03-05,5382
4938,和碩,20,0,20,第一金-台中,2024-03-05,5382
3557,嘉威,19,0,19,第一金-台中,2024-03-05,5382
5426,振發,25,6,19,第一金-台中,2024-03-05,5382
3231,緯創,66,47,19,第一金-台中,2024-03-05,5382
6117,迎廣,65,47,18,第一金-台中,2024-03-05,5382
6527,明達醫,18,0,18,第一金-台中,2024-03-05,5382
00687B,國泰20年美債,20,3,17,第一金-台中,2024-03-05,5382
2356,英業達,23,7,16,第一金-台中,2024-03-05,5382
00712,復華富時不動產,15,0,15,第一金-台中,2024-03-05,5382
2460,建通,15,0,15,第一金-台中,2024-03-05,5382
2885,元大金,15,0,15,第一金-台中,2024-03-05,5382
3652,精聯,15,0,15,第一金-台中,2024-03-05,5382
00929,復華台灣科技優息,29,14,15,第一金-台中,2024-03-05,5382
2883,凱基金,13,0,13,第一金-台中,2024-03-05,5382
00795B,中信美國公債20年,11,0,11,第一金-台中,2024-03-05,5382
1326,台化,11,0,11,第一金-台中,2024-03-05,5382
3605,宏致,21,10,11,第一金-台中,2024-03-05,5382
5465,富驊,13,2,11,第一金-台中,2024-03-05,5382
6127,九豪,16,5,11,第一金-台中,2024-03-05,5382
3515,華擎,34,23,11,第一金-台中,2024-03-05,5382
1809,中釉,10,0,10,第一金-台中,2024-03-05,5382
3339,泰谷,10,0,10,第一金-台中,2024-03-05,5382
5386,青雲,12,2,10,第一金-台中,2024-03-05,5382
5474,聰泰,10,0,10,第一金-台中,2024-03-05,5382
6285,啟��,10,0,10,第一金-台中,2024-03-05,5382
5608,四維航,9,0,9,第一金-台中,2024-03-05,5382
2419,仲琦,9,0,9,第一金-台中,2024-03-05,5382
4543,萬在,13,4,9,第一金-台中,2024-03-05,5382
5351,鈺創,14,5,9,第一金-台中,2024-03-05,5382
2301,光寶科,16,7,9,第一金-台中,2024-03-05,5382
8086,宏捷科,10,2,8,第一金-台中,2024-03-05,5382
3206,志豐,8,0,8,第一金-台中,2024-03-05,5382
00706L,期元大S＆P日圓正2,240,0,240,第一金-台中,2024-03-06,5382
6219,富旺,110,0,110,第一金-台中,2024-03-06,5382
1609,大亞,135,69,66,第一金-台中,2024-03-06,5382
00937B,群益ESG投等債20,60,1,59,第一金-台中,2024-03-06,5382
2889,國票金,52,0,52,第一金-台中,2024-03-06,5382
1471,首利,50,0,50,第一金-台中,2024-03-06,5382
6189,豐藝,50,0,50,第一金-台中,2024-03-06,5382
00687B,國泰20年美債,53,9,44,第一金-台中,2024-03-06,5382
2002,中鋼,38,1,37,第一金-台中,2024-03-06,5382
6117,迎廣,145,115,30,第一金-台中,2024-03-06,5382
00891,中信關鍵半導體,30,0,30,第一金-台中,2024-03-06,5382
1802,台玻,30,0,30,第一金-台中,2024-03-06,5382
4557,永新-KY,30,0,30,第一金-台中,2024-03-06,5382
2449,京元電子,32,3,29,第一金-台中,2024-03-06,5382
3481,群創,30,2,28,第一金-台中,2024-03-06,5382
2515,中工,33,7,26,第一金-台中,2024-03-06,5382
3035,智原,26,3,23,第一金-台中,2024-03-06,5382
00878,國泰永續高股息,32,9,23,第一金-台中,2024-03-06,5382
2610,華航,21,0,21,第一金-台中,2024-03-06,5382
5443,均豪,22,1,21,第一金-台中,2024-03-06,5382
8091,翔名,20,0,20,第一金-台中,2024-03-06,5382
2365,昆盈,20,0,20,第一金-台中,2024-03-06,5382
1504,東元,41,23,18,第一金-台中,2024-03-06,5382
3689,湧德,33,16,17,第一金-台中,2024-03-06,5382
8284,三竹,15,0,15,第一金-台中,2024-03-06,5382
8936,國統,27,13,14,第一金-台中,2024-03-06,5382
4906,正文,20,6,14,第一金-台中,2024-03-06,5382
4919,新唐,15,1,14,第一金-台中,2024-03-06,5382
4543,萬在,37,24,13,第一金-台中,2024-03-06,5382
4545,銘鈺,13,0,13,第一金-台中,2024-03-06,5382
5608,四維航,13,0,13,第一金-台中,2024-03-06,5382
00923,群益台ESG低碳50,12,0,12,第一金-台中,2024-03-06,5382
3540,曜越,13,1,12,第一金-台中,2024-03-06,5382
6271,同欣電,13,1,12,第一金-台中,2024-03-06,5382
6290,良維,39,29,10,第一金-台中,2024-03-06,5382
2601,益航,10,0,10,第一金-台中,2024-03-06,5382
6279,胡連,10,0,10,第一金-台中,2024-03-06,5382
6465,威潤,10,0,10,第一金-台中,2024-03-06,5382
6684,安格,10,0,10,第一金-台中,2024-03-06,5382
8105,凌巨,10,0,10,第一金-台中,2024-03-06,5382
2405,輔信,11,1,10,第一金-台中,2024-03-06,5382
3321,同泰,10,1,9,第一金-台中,2024-03-06,5382
3711,日月光投控,11,2,9,第一金-台中,2024-03-06,5382
4533,協易機,17,8,9,第一金-台中,2024-03-06,5382
5465,富驊,22,13,9,第一金-台中,2024-03-06,5382
2609,陽明,12,4,8,第一金-台中,2024-03-06,5382
1591,駿吉-KY,10,2,8,第一金-台中,2024-03-06,5382
3483,力致,22,14,8,第一金-台中,2024-03-06,5382
4162,智擎,8,0,8,第一金-台中,2024-03-06,5382
00929,復華台灣科技優息,41,33,8,第一金-台中,2024-03-06,5382
2547,日勝生,700,1,699,第一金-台中,2024-03-07,5382
2367,燿華,189,30,159,第一金-台中,2024-03-07,5382
2331,精英,95,0,95,第一金-台中,2024-03-07,5382
1815,富喬,105,32,73,第一金-台中,2024-03-07,5382
00687B,國泰20年美債,74,1,73,第一金-台中,2024-03-07,5382
2344,華邦電,55,3,52,第一金-台中,2024-03-07,5382
6667,信紘科,55,6,49,第一金-台中,2024-03-07,5382
00929,復華台灣科技優息,110,67,43,第一金-台中,2024-03-07,5382
6275,元山,49,7,42,第一金-台中,2024-03-07,5382
3548,兆利,84,45,39,第一金-台中,2024-03-07,5382
3325,旭品,38,1,37,第一金-台中,2024-03-07,5382
2855,統一證,34,0,34,第一金-台中,2024-03-07,5382
00935,野村臺灣新科技50,31,0,31,第一金-台中,2024-03-07,5382
2883,凱基金,51,20,31,第一金-台中,2024-03-07,5382
3035,智原,36,6,30,第一金-台中,2024-03-07,5382
1409,新纖,30,0,30,第一金-台中,2024-03-07,5382
00937B,群益ESG投等債20,104,76,28,第一金-台中,2024-03-07,5382
00878,國泰永續高股息,114,86,28,第一金-台中,2024-03-07,5382
3481,群創,54,31,23,第一金-台中,2024-03-07,5382
2610,華航,30,8,22,第一金-台中,2024-03-07,5382
1316,上曜,105,83,22,第一金-台中,2024-03-07,5382
00751B,元大AAA至A公司債,21,0,21,第一金-台中,2024-03-07,5382
3231,緯創,36,15,21,第一金-台中,2024-03-07,5382
2929,淘帝-KY,20,0,20,第一金-台中,2024-03-07,5382
1526,日馳,20,1,19,第一金-台中,2024-03-07,5382
2355,敬鵬,23,5,18,第一金-台中,2024-03-07,5382
3081,聯亞,23,5,18,第一金-台中,2024-03-07,5382
8112,至上,25,7,18,第一金-台中,2024-03-07,5382
3689,湧德,24,7,17,第一金-台中,2024-03-07,5382
6457,紘康,17,0,17,第一金-台中,2024-03-07,5382
00679B,元大美債20年,36,20,16,第一金-台中,2024-03-07,5382
3483,力致,17,2,15,第一金-台中,2024-03-07,5382
2867,三商壽,17,2,15,第一金-台中,2024-03-07,5382
6016,康和證,20,5,15,第一金-台中,2024-03-07,5382
2353,宏��,20,6,14,第一金-台中,2024-03-07,5382
00923,群益台ESG低碳50,16,2,14,第一金-台中,2024-03-07,5382
6179,亞通,14,0,14,第一金-台中,2024-03-07,5382
6285,啟��,15,2,13,第一金-台中,2024-03-07,5382
6213,聯茂,19,6,13,第一金-台中,2024-03-07,5382
6530,創威,13,0,13,第一金-台中,2024-03-07,5382
1785,光洋科,32,19,13,第一金-台中,2024-03-07,5382
2328,廣宇,12,0,12,第一金-台中,2024-03-07,5382
2303,聯電,25,13,12,第一金-台中,2024-03-07,5382
2002,中鋼,14,3,11,第一金-台中,2024-03-07,5382
2324,仁寶,16,5,11,第一金-台中,2024-03-07,5382
4561,健椿,11,0,11,第一金-台中,2024-03-07,5382
3050,鈺德,10,0,10,第一金-台中,2024-03-07,5382
3086,華義,10,0,10,第一金-台中,2024-03-07,5382
3178,公準,10,0,10,第一金-台中,2024-03-07,5382
3268,海德威,10,0,10,第一金-台中,2024-03-07,5382
2547,日勝生,240,1,239,第一金-台中,2024-03-08,5382
6219,富旺,111,2,109,第一金-台中,2024-03-08,5382
2376,技嘉,143,47,96,第一金-台中,2024-03-08,5382
2882,國泰金,100,18,82,第一金-台中,2024-03-08,5382
2303,聯電,250,180,70,第一金-台中,2024-03-08,5382
2367,燿華,77,10,67,第一金-台中,2024-03-08,5382
9902,台火,56,0,56,第一金-台中,2024-03-08,5382
2836,高雄銀,60,5,55,第一金-台中,2024-03-08,5382
00679B,元大美債20年,49,3,46,第一金-台中,2024-03-08,5382
5483,中美晶,54,10,44,第一金-台中,2024-03-08,5382
2609,陽明,94,55,39,第一金-台中,2024-03-08,5382
6005,群益證,31,0,31,第一金-台中,2024-03-08,5382
00687B,國泰20年美債,33,4,29,第一金-台中,2024-03-08,5382
1721,三晃,55,30,25,第一金-台中,2024-03-08,5382
6116,彩晶,23,0,23,第一金-台中,2024-03-08,5382
1725,元禎,23,2,21,第一金-台中,2024-03-08,5382
2401,凌陽,21,0,21,第一金-台中,2024-03-08,5382
8996,高力,24,3,21,第一金-台中,2024-03-08,5382
00933B,國泰10Y+金融債,20,0,20,第一金-台中,2024-03-08,5382
2323,中環,20,0,20,第一金-台中,2024-03-08,5382
8011,台通,22,4,18,第一金-台中,2024-03-08,5382
00922,國泰台灣領袖50,18,1,17,第一金-台中,2024-03-08,5382
00680L,元大美債20正2,105,88,17,第一金-台中,2024-03-08,5382
1618,合機,17,0,17,第一金-台中,2024-03-08,5382
3163,波若威,50,33,17,第一金-台中,2024-03-08,5382
5312,寶島科,20,3,17,第一金-台中,2024-03-08,5382
5498,凱崴,23,6,17,第一金-台中,2024-03-08,5382
5521,工信,17,0,17,第一金-台中,2024-03-08,5382
8105,凌巨,17,0,17,第一金-台中,2024-03-08,5382
6182,合晶,23,7,16,第一金-台中,2024-03-08,5382
8112,至上,18,2,16,第一金-台中,2024-03-08,5382
8284,三竹,15,0,15,第一金-台中,2024-03-08,5382
2317,鴻海,19,4,15,第一金-台中,2024-03-08,5382
2417,圓剛,39,24,15,第一金-台中,2024-03-08,5382
1524,耿鼎,14,0,14,第一金-台中,2024-03-08,5382
00918,大華優利高填息30,26,13,13,第一金-台中,2024-03-08,5382
2109,華豐,12,0,12,第一金-台中,2024-03-08,5382
3540,曜越,18,6,12,第一金-台中,2024-03-08,5382
4714,永捷,23,11,12,第一金-台中,2024-03-08,5382
6806,森崴能源,23,11,12,第一金-台中,2024-03-08,5382
6894,衛司特,14,2,12,第一金-台中,2024-03-08,5382
2408,南亞科,11,0,11,第一金-台中,2024-03-08,5382
3483,力致,12,1,11,第一金-台中,2024-03-08,5382
00713,元大台灣高息低波,12,1,11,第一金-台中,2024-03-08,5382
4542,科嶠,11,0,11,第一金-台中,2024-03-08,5382
6271,同欣電,12,1,11,第一金-台中,2024-03-08,5382
2618,長榮航,21,10,11,第一金-台中,2024-03-08,5382
6125,廣運,18,7,11,第一金-台中,2024-03-08,5382
3711,日月光投控,29,19,10,第一金-台中,2024-03-08,5382
1301,台塑,12,2,10,第一金-台中,2024-03-08,5382
2367,燿華,252,90,162,第一金-台中,2024-03-11,5382
00919,群益台灣精選高息,185,39,146,第一金-台中,2024-03-11,5382
00937B,群益ESG投等債20,71,3,68,第一金-台中,2024-03-11,5382
6443,元晶,52,10,42,第一金-台中,2024-03-11,5382
2883,凱基金,43,3,40,第一金-台中,2024-03-11,5382
00918,大華優利高填息30,38,0,38,第一金-台中,2024-03-11,5382
2851,中再保,40,10,30,第一金-台中,2024-03-11,5382
3483,力致,30,2,28,第一金-台中,2024-03-11,5382
2610,華航,37,9,28,第一金-台中,2024-03-11,5382
3706,神達,32,4,28,第一金-台中,2024-03-11,5382
3231,緯創,84,60,24,第一金-台中,2024-03-11,5382
00679B,元大美債20年,27,3,24,第一金-台中,2024-03-11,5382
5234,達興材料,22,1,21,第一金-台中,2024-03-11,5382
3557,嘉威,20,0,20,第一金-台中,2024-03-11,5382
6806,森崴能源,20,0,20,第一金-台中,2024-03-11,5382
1457,宜進,20,0,20,第一金-台中,2024-03-11,5382
3055,蔚華科,20,0,20,第一金-台中,2024-03-11,5382
6125,廣運,43,23,20,第一金-台中,2024-03-11,5382
4960,誠美材,19,0,19,第一金-台中,2024-03-11,5382
00687B,國泰20年美債,22,4,18,第一金-台中,2024-03-11,5382
1815,富喬,73,55,18,第一金-台中,2024-03-11,5382
9902,台火,18,0,18,第一金-台中,2024-03-11,5382
6472,保瑞,18,1,17,第一金-台中,2024-03-11,5382
00795B,中信美國公債20年,16,0,16,第一金-台中,2024-03-11,5382
3325,旭品,16,0,16,第一金-台中,2024-03-11,5382
00830,國泰費城半導體,15,0,15,第一金-台中,2024-03-11,5382
1316,上曜,50,35,15,第一金-台中,2024-03-11,5382
3372,典範,20,5,15,第一金-台中,2024-03-11,5382
5263,智崴,15,0,15,第一金-台中,2024-03-11,5382
1101,台泥,17,2,15,第一金-台中,2024-03-11,5382
00900,富邦特選高股息30,17,3,14,第一金-台中,2024-03-11,5382
00712,復華富時不動產,14,0,14,第一金-台中,2024-03-11,5382
2762,世界健身-KY,14,0,14,第一金-台中,2024-03-11,5382
00929,復華台灣科技優息,68,55,13,第一金-台中,2024-03-11,5382
1539,巨庭,13,0,13,第一金-台中,2024-03-11,5382
2330,台積電,27,15,12,第一金-台中,2024-03-11,5382
2888,新光金,12,0,12,第一金-台中,2024-03-11,5382
6207,雷科,12,0,12,第一金-台中,2024-03-11,5382
2002,中鋼,12,1,11,第一金-台中,2024-03-11,5382
00692,富邦公司治理,11,0,11,第一金-台中,2024-03-11,5382
5292,華懋,12,1,11,第一金-台中,2024-03-11,5382
5608,四維航,11,0,11,第一金-台中,2024-03-11,5382
00935,野村臺灣新科技50,11,1,10,第一金-台中,2024-03-11,5382
00676R,富邦臺灣加權反1,10,0,10,第一金-台中,2024-03-11,5382
2816,旺旺保,20,10,10,第一金-台中,2024-03-11,5382
4945,陞達科技,10,0,10,第一金-台中,2024-03-11,5382
00751B,元大AAA至A公司債,17,8,9,第一金-台中,2024-03-11,5382
2547,日勝生,9,0,9,第一金-台中,2024-03-11,5382
4303,信立,11,3,8,第一金-台中,2024-03-11,5382
5880,合庫金,10,2,8,第一金-台中,2024-03-11,5382
2367,燿華,238,69,169,第一金-台中,2024-03-12,5382
00919,群益台灣精選高息,198,42,156,第一金-台中,2024-03-12,5382
00937B,群益ESG投等債20,94,8,86,第一金-台中,2024-03-12,5382
3481,群創,71,0,71,第一金-台中,2024-03-12,5382
2106,建大,60,0,60,第一金-台中,2024-03-12,5382
2352,佳世達,59,1,58,第一金-台中,2024-03-12,5382
00922,國泰台灣領袖50,56,0,56,第一金-台中,2024-03-12,5382
00918,大華優利高填息30,71,20,51,第一金-台中,2024-03-12,5382
6443,元晶,56,6,50,第一金-台中,2024-03-12,5382
00632R,元大台灣50反1,40,0,40,第一金-台中,2024-03-12,5382
1582,信錦,42,7,35,第一金-台中,2024-03-12,5382
1514,亞力,37,3,34,第一金-台中,2024-03-12,5382
00687B,國泰20年美債,33,0,33,第一金-台中,2024-03-12,5382
2353,宏��,60,28,32,第一金-台中,2024-03-12,5382
2303,聯電,94,64,30,第一金-台中,2024-03-12,5382
2009,第一銅,41,11,30,第一金-台中,2024-03-12,5382
5302,太欣,30,0,30,第一金-台中,2024-03-12,5382
5201,凱衛,29,0,29,第一金-台中,2024-03-12,5382
2241,艾姆勒,25,0,25,第一金-台中,2024-03-12,5382
1316,上曜,26,2,24,第一金-台中,2024-03-12,5382
00923,群益台ESG低碳50,23,0,23,第一金-台中,2024-03-12,5382
2417,圓剛,21,1,20,第一金-台中,2024-03-12,5382
2882A,國泰特,20,0,20,第一金-台中,2024-03-12,5382
2885,元大金,20,2,18,第一金-台中,2024-03-12,5382
2383,台光電,17,2,15,第一金-台中,2024-03-12,5382
4763,材料-KY,14,0,14,第一金-台中,2024-03-12,5382
4915,致伸,14,0,14,第一金-台中,2024-03-12,5382
00679B,元大美債20年,13,0,13,第一金-台中,2024-03-12,5382
2603,長榮,30,17,13,第一金-台中,2024-03-12,5382
2371,大同,21,10,11,第一金-台中,2024-03-12,5382
2376,技嘉,17,6,11,第一金-台中,2024-03-12,5382
6770,力積電,11,0,11,第一金-台中,2024-03-12,5382
00795B,中信美國公債20年,11,0,11,第一金-台中,2024-03-12,5382
00887,永豐中國科技50大,10,0,10,第一金-台中,2024-03-12,5382
1504,東元,10,0,10,第一金-台中,2024-03-12,5382
2615,萬海,30,20,10,第一金-台中,2024-03-12,5382
2832,台產,10,0,10,第一金-台中,2024-03-12,5382
5234,達興材料,32,22,10,第一金-台中,2024-03-12,5382
6161,捷波,13,3,10,第一金-台中,2024-03-12,5382
6292,迅德,10,0,10,第一金-台中,2024-03-12,5382
8059,凱碩,24,14,10,第一金-台中,2024-03-12,5382
8105,凌巨,10,0,10,第一金-台中,2024-03-12,5382
4906,正文,10,1,9,第一金-台中,2024-03-12,5382
2881,富邦金,10,1,9,第一金-台中,2024-03-12,5382
00650L,復華香港正2,8,0,8,第一金-台中,2024-03-12,5382
2498,宏達電,8,0,8,第一金-台中,2024-03-12,5382
3499,環天科,8,0,8,第一金-台中,2024-03-12,5382
3362,先進光,11,3,8,第一金-台中,2024-03-12,5382
2409,友達,9,2,7,第一金-台中,2024-03-12,5382
2486,一詮,22,15,7,第一金-台中,2024-03-12,5382
1513,中興電,253,37,216,第一金-台中,2024-03-13,5382
00680L,元大美債20正2,194,0,194,第一金-台中,2024-03-13,5382
00919,群益台灣精選高息,266,199,67,第一金-台中,2024-03-13,5382
00922,國泰台灣領袖50,66,1,65,第一金-台中,2024-03-13,5382
00904,新光臺灣半導體30,60,0,60,第一金-台中,2024-03-13,5382
2354,鴻準,62,8,54,第一金-台中,2024-03-13,5382
1815,富喬,54,0,54,第一金-台中,2024-03-13,5382
1514,亞力,107,60,47,第一金-台中,2024-03-13,5382
00929,復華台灣科技優息,68,25,43,第一金-台中,2024-03-13,5382
2367,燿華,76,37,39,第一金-台中,2024-03-13,5382
2353,宏��,57,19,38,第一金-台中,2024-03-13,5382
1503,士電,89,51,38,第一金-台中,2024-03-13,5382
1608,華榮,50,14,36,第一金-台中,2024-03-13,5382
1712,興農,32,0,32,第一金-台中,2024-03-13,5382
8089,康全電訊,30,0,30,第一金-台中,2024-03-13,5382
00918,大華優利高填息30,42,13,29,第一金-台中,2024-03-13,5382
1445,大宇,23,0,23,第一金-台中,2024-03-13,5382
00679B,元大美債20年,31,9,22,第一金-台中,2024-03-13,5382
2355,敬鵬,22,0,22,第一金-台中,2024-03-13,5382
5347,世界,49,28,21,第一金-台中,2024-03-13,5382
6219,富旺,20,0,20,第一金-台中,2024-03-13,5382
6412,群電,20,0,20,第一金-台中,2024-03-13,5382
3035,智原,25,6,19,第一金-台中,2024-03-13,5382
00937B,群益ESG投等債20,23,6,17,第一金-台中,2024-03-13,5382
8926,台汽電,54,37,17,第一金-台中,2024-03-13,5382
2385,群光,23,7,16,第一金-台中,2024-03-13,5382
00665L,富邦�琤肭磪囓�2,156,141,15,第一金-台中,2024-03-13,5382
2611,志信,15,0,15,第一金-台中,2024-03-13,5382
2408,南亞科,14,0,14,第一金-台中,2024-03-13,5382
6457,紘康,15,2,13,第一金-台中,2024-03-13,5382
6150,撼訊,14,1,13,第一金-台中,2024-03-13,5382
2371,大同,18,5,13,第一金-台中,2024-03-13,5382
2383,台光電,13,0,13,第一金-台中,2024-03-13,5382
2344,華邦電,12,0,12,第一金-台中,2024-03-13,5382
3231,緯創,39,27,12,第一金-台中,2024-03-13,5382
00915,凱基優選高股息30,24,12,12,第一金-台中,2024-03-13,5382
00795B,中信美國公債20年,11,0,11,第一金-台中,2024-03-13,5382
1809,中釉,11,0,11,第一金-台中,2024-03-13,5382
2882,國泰金,12,1,11,第一金-台中,2024-03-13,5382
3041,揚智,11,0,11,第一金-台中,2024-03-13,5382
2845,遠東銀,10,0,10,第一金-台中,2024-03-13,5382
2855,統一證,10,0,10,第一金-台中,2024-03-13,5382
3356,奇偶,13,3,10,第一金-台中,2024-03-13,5382
5328,華容,10,0,10,第一金-台中,2024-03-13,5382
5534,長虹,10,0,10,第一金-台中,2024-03-13,5382
8092,建暐,10,0,10,第一金-台中,2024-03-13,5382
2409,友達,12,2,10,第一金-台中,2024-03-13,5382
2351,順德,10,0,10,第一金-台中,2024-03-13,5382
2885,元大金,11,1,10,第一金-台中,2024-03-13,5382
2883,凱基金,127,118,9,第一金-台中,2024-03-13,5382
00919,群益台灣精選高息,375,149,226,第一金-台中,2024-03-14,5382
2022,聚亨,186,0,186,第一金-台中,2024-03-14,5382
2618,長榮航,287,224,63,第一金-台中,2024-03-14,5382
3356,奇偶,54,0,54,第一金-台中,2024-03-14,5382
00679B,元大美債20年,49,0,49,第一金-台中,2024-03-14,5382
3706,神達,40,0,40,第一金-台中,2024-03-14,5382
2834,臺企銀,49,9,40,第一金-台中,2024-03-14,5382
00687B,國泰20年美債,30,1,29,第一金-台中,2024-03-14,5382
00922,國泰台灣領袖50,29,0,29,第一金-台中,2024-03-14,5382
2353,宏��,37,8,29,第一金-台中,2024-03-14,5382
5201,凱衛,27,0,27,第一金-台中,2024-03-14,5382
2801,彰銀,29,5,24,第一金-台中,2024-03-14,5382
2897,王道銀行,30,6,24,第一金-台中,2024-03-14,5382
6125,廣運,20,0,20,第一金-台中,2024-03-14,5382
2603,長榮,31,11,20,第一金-台中,2024-03-14,5382
3231,緯創,27,8,19,第一金-台中,2024-03-14,5382
00915,凱基優選高股息30,19,0,19,第一金-台中,2024-03-14,5382
8936,國統,21,2,19,第一金-台中,2024-03-14,5382
3689,湧德,18,1,17,第一金-台中,2024-03-14,5382
8931,大汽電,17,0,17,第一金-台中,2024-03-14,5382
2367,燿華,37,21,16,第一金-台中,2024-03-14,5382
3017,奇鋐,17,3,14,第一金-台中,2024-03-14,5382
1316,上曜,43,29,14,第一金-台中,2024-03-14,5382
2892,第一金,23,9,14,第一金-台中,2024-03-14,5382
0056,元大高股息,16,2,14,第一金-台中,2024-03-14,5382
3013,晟銘電,13,0,13,第一金-台中,2024-03-14,5382
3588,通嘉,23,10,13,第一金-台中,2024-03-14,5382
8054,安國,16,3,13,第一金-台中,2024-03-14,5382
8390,金益鼎,13,0,13,第一金-台中,2024-03-14,5382
2845,遠東銀,13,1,12,第一金-台中,2024-03-14,5382
2354,鴻準,14,2,12,第一金-台中,2024-03-14,5382
6596,寬宏藝術,20,8,12,第一金-台中,2024-03-14,5382
5386,青雲,25,13,12,第一金-台中,2024-03-14,5382
00904,新光臺灣半導體30,11,0,11,第一金-台中,2024-03-14,5382
00688L,國泰20年美債正2,11,0,11,第一金-台中,2024-03-14,5382
2376,技嘉,14,4,10,第一金-台中,2024-03-14,5382
1809,中釉,30,20,10,第一金-台中,2024-03-14,5382
6593,台灣銘板,11,1,10,第一金-台中,2024-03-14,5382
1734,杏輝,10,0,10,第一金-台中,2024-03-14,5382
8016,矽創,10,1,9,第一金-台中,2024-03-14,5382
00857B,永豐20年美公債,9,0,9,第一金-台中,2024-03-14,5382
1445,大宇,10,1,9,第一金-台中,2024-03-14,5382
8059,凱碩,9,0,9,第一金-台中,2024-03-14,5382
8112,至上,9,0,9,第一金-台中,2024-03-14,5382
1514,亞力,35,26,9,第一金-台中,2024-03-14,5382
3005,神基,15,7,8,第一金-台中,2024-03-14,5382
3265,台星科,8,0,8,第一金-台中,2024-03-14,5382
2408,南亞科,7,0,7,第一金-台中,2024-03-14,5382
00933B,國泰10Y+金融債,7,0,7,第一金-台中,2024-03-14,5382
2890,永豐金,7,0,7,第一金-台中,2024-03-14,5382
00941,中信上游半導體,223,6,217,第一金-台中,2024-03-15,5382
00680L,元大美債20正2,88,0,88,第一金-台中,2024-03-15,5382
9945,潤泰新,57,0,57,第一金-台中,2024-03-15,5382
2323,中環,54,0,54,第一金-台中,2024-03-15,5382
00679B,元大美債20年,56,3,53,第一金-台中,2024-03-15,5382
1504,東元,51,2,49,第一金-台中,2024-03-15,5382
00687B,國泰20年美債,44,0,44,第一金-台中,2024-03-15,5382
00650L,復華香港正2,41,0,41,第一金-台中,2024-03-15,5382
5201,凱衛,31,0,31,第一金-台中,2024-03-15,5382
2618,長榮航,145,116,29,第一金-台中,2024-03-15,5382
00918,大華優利高填息30,28,0,28,第一金-台中,2024-03-15,5382
00937B,群益ESG投等債20,40,12,28,第一金-台中,2024-03-15,5382
6275,元山,33,5,28,第一金-台中,2024-03-15,5382
3622,洋華,30,2,28,第一金-台中,2024-03-15,5382
1210,大成,28,1,27,第一金-台中,2024-03-15,5382
1316,上曜,59,38,21,第一金-台中,2024-03-15,5382
2025,千興,21,0,21,第一金-台中,2024-03-15,5382
3081,聯亞,24,4,20,第一金-台中,2024-03-15,5382
00688L,國泰20年美債正2,20,0,20,第一金-台中,2024-03-15,5382
4958,臻鼎-KY,20,0,20,第一金-台中,2024-03-15,5382
6241,易通展,20,0,20,第一金-台中,2024-03-15,5382
00919,群益台灣精選高息,251,231,20,第一金-台中,2024-03-15,5382
5347,世界,24,7,17,第一金-台中,2024-03-15,5382
2354,鴻準,41,25,16,第一金-台中,2024-03-15,5382
4961,天鈺,19,4,15,第一金-台中,2024-03-15,5382
2356,英業達,15,1,14,第一金-台中,2024-03-15,5382
00751B,元大AAA至A公司債,14,0,14,第一金-台中,2024-03-15,5382
00929,復華台灣科技優息,41,27,14,第一金-台中,2024-03-15,5382
2022,聚亨,14,1,13,第一金-台中,2024-03-15,5382
1529,樂事綠能,12,0,12,第一金-台中,2024-03-15,5382
3037,欣興,13,2,11,第一金-台中,2024-03-15,5382
1218,泰山,11,0,11,第一金-台中,2024-03-15,5382
3052,夆典,11,0,11,第一金-台中,2024-03-15,5382
3715,定穎投控,11,0,11,第一金-台中,2024-03-15,5382
1303,南亞,10,0,10,第一金-台中,2024-03-15,5382
2109,華豐,16,6,10,第一金-台中,2024-03-15,5382
2371,大同,10,0,10,第一金-台中,2024-03-15,5382
00665L,富邦�琤肭磪囓�2,107,97,10,第一金-台中,2024-03-15,5382
1324,地球,10,0,10,第一金-台中,2024-03-15,5382
1460,宏遠,10,0,10,第一金-台中,2024-03-15,5382
2204,中華,10,0,10,第一金-台中,2024-03-15,5382
2382,廣達,34,25,9,第一金-台中,2024-03-15,5382
00878,國泰永續高股息,31,22,9,第一金-台中,2024-03-15,5382
1513,中興電,36,27,9,第一金-台中,2024-03-15,5382
2812,台中銀,12,4,8,第一金-台中,2024-03-15,5382
00931B,統一美債20年,8,0,8,第一金-台中,2024-03-15,5382
1314,中石化,8,0,8,第一金-台中,2024-03-15,5382
2363,矽統,8,0,8,第一金-台中,2024-03-15,5382
2702,華園,8,0,8,第一金-台中,2024-03-15,5382
6026,福邦證,8,0,8,第一金-台中,2024-03-15,5382
00680L,元大美債20正2,198,30,168,第一金-台中,2024-03-18,5382
00706L,期元大S＆P日圓正2,115,7,108,第一金-台中,2024-03-18,5382
00941,中信上游半導體,104,22,82,第一金-台中,2024-03-18,5382
00919,群益台灣精選高息,128,57,71,第一金-台中,2024-03-18,5382
2329,華泰,99,31,68,第一金-台中,2024-03-18,5382
8011,台通,63,1,62,第一金-台中,2024-03-18,5382
00679B,元大美債20年,56,0,56,第一金-台中,2024-03-18,5382
1815,富喬,47,2,45,第一金-台中,2024-03-18,5382
2022,聚亨,44,0,44,第一金-台中,2024-03-18,5382
1616,億泰,42,3,39,第一金-台中,2024-03-18,5382
6841,長佳智能,39,0,39,第一金-台中,2024-03-18,5382
00918,大華優利高填息30,43,5,38,第一金-台中,2024-03-18,5382
2367,燿華,96,58,38,第一金-台中,2024-03-18,5382
00687B,國泰20年美債,33,0,33,第一金-台中,2024-03-18,5382
5443,均豪,34,2,32,第一金-台中,2024-03-18,5382
2002,中鋼,38,9,29,第一金-台中,2024-03-18,5382
3294,英濟,34,7,27,第一金-台中,2024-03-18,5382
8936,國統,129,104,25,第一金-台中,2024-03-18,5382
2501,國建,25,0,25,第一金-台中,2024-03-18,5382
1514,亞力,58,35,23,第一金-台中,2024-03-18,5382
00929,復華台灣科技優息,118,97,21,第一金-台中,2024-03-18,5382
6770,力積電,24,3,21,第一金-台中,2024-03-18,5382
2467,志聖,23,2,21,第一金-台中,2024-03-18,5382
00751B,元大AAA至A公司債,24,4,20,第一金-台中,2024-03-18,5382
6462,神盾,31,11,20,第一金-台中,2024-03-18,5382
2357,華碩,20,1,19,第一金-台中,2024-03-18,5382
2888,新光金,17,0,17,第一金-台中,2024-03-18,5382
2885,元大金,14,0,14,第一金-台中,2024-03-18,5382
00907,永豐優息存股,12,0,12,第一金-台中,2024-03-18,5382
2313,華通,30,18,12,第一金-台中,2024-03-18,5382
00770,國泰北美科技,11,0,11,第一金-台中,2024-03-18,5382
00688L,國泰20年美債正2,11,0,11,第一金-台中,2024-03-18,5382
9904,寶成,11,0,11,第一金-台中,2024-03-18,5382
9945,潤泰新,11,0,11,第一金-台中,2024-03-18,5382
2371,大同,11,0,11,第一金-台中,2024-03-18,5382
00632R,元大台灣50反1,10,0,10,第一金-台中,2024-03-18,5382
00753L,中信中國50正2,10,0,10,第一金-台中,2024-03-18,5382
2009,第一銅,11,1,10,第一金-台中,2024-03-18,5382
2208,台船,25,15,10,第一金-台中,2024-03-18,5382
2355,敬鵬,10,0,10,第一金-台中,2024-03-18,5382
2882A,國泰特,10,0,10,第一金-台中,2024-03-18,5382
6116,彩晶,10,0,10,第一金-台中,2024-03-18,5382
2542,興富發,12,2,10,第一金-台中,2024-03-18,5382
3583,辛耘,51,42,9,第一金-台中,2024-03-18,5382
3131,弘塑,10,1,9,第一金-台中,2024-03-18,5382
3481,群創,11,3,8,第一金-台中,2024-03-18,5382
00713,元大台灣高息低波,8,0,8,第一金-台中,2024-03-18,5382
2330,台積電,11,2,9,第一金-台中,2024-03-18,5382
00885,富邦越南,10,2,8,第一金-台中,2024-03-18,5382
4714,永捷,14,6,8,第一金-台中,2024-03-18,5382
00706L,期元大S＆P日圓正2,422,0,422,第一金-台中,2024-03-19,5382
2330,台積電,203,12,191,第一金-台中,2024-03-19,5382
2241,艾姆勒,150,0,150,第一金-台中,2024-03-19,5382
00632R,元大台灣50反1,100,0,100,第一金-台中,2024-03-19,5382
1513,中興電,188,119,69,第一金-台中,2024-03-19,5382
2603,長榮,107,41,66,第一金-台中,2024-03-19,5382
2303,聯電,128,66,62,第一金-台中,2024-03-19,5382
00687B,國泰20年美債,56,0,56,第一金-台中,2024-03-19,5382
2022,聚亨,55,0,55,第一金-台中,2024-03-19,5382
6125,廣運,55,3,52,第一金-台中,2024-03-19,5382
00919,群益台灣精選高息,108,57,51,第一金-台中,2024-03-19,5382
00752,中信中國50,51,0,51,第一金-台中,2024-03-19,5382
2911,麗嬰房,50,0,50,第一金-台中,2024-03-19,5382
00751B,元大AAA至A公司債,40,0,40,第一金-台中,2024-03-19,5382
00937B,群益ESG投等債20,37,0,37,第一金-台中,2024-03-19,5382
3141,晶宏,36,0,36,第一金-台中,2024-03-19,5382
3231,緯創,49,13,36,第一金-台中,2024-03-19,5382
2367,燿華,138,105,33,第一金-台中,2024-03-19,5382
00941,中信上游半導體,31,0,31,第一金-台中,2024-03-19,5382
00885,富邦越南,30,0,30,第一金-台中,2024-03-19,5382
3680,家登,30,0,30,第一金-台中,2024-03-19,5382
2352,佳世達,44,15,29,第一金-台中,2024-03-19,5382
2515,中工,34,5,29,第一金-台中,2024-03-19,5382
00712,復華富時不動產,28,0,28,第一金-台中,2024-03-19,5382
8936,國統,63,37,26,第一金-台中,2024-03-19,5382
00679B,元大美債20年,26,0,26,第一金-台中,2024-03-19,5382
2882A,國泰特,25,0,25,第一金-台中,2024-03-19,5382
8112,至上,40,15,25,第一金-台中,2024-03-19,5382
1618,合機,24,1,23,第一金-台中,2024-03-19,5382
00929,復華台灣科技優息,47,26,21,第一金-台中,2024-03-19,5382
00720B,元大投資級公司債,22,2,20,第一金-台中,2024-03-19,5382
3090,日電貿,20,0,20,第一金-台中,2024-03-19,5382
6005,群益證,20,0,20,第一金-台中,2024-03-19,5382
2885,元大金,17,0,17,第一金-台中,2024-03-19,5382
00665L,富邦�琤肭磪囓�2,35,20,15,第一金-台中,2024-03-19,5382
2501,國建,15,0,15,第一金-台中,2024-03-19,5382
2609,陽明,22,8,14,第一金-台中,2024-03-19,5382
3689,湧德,22,8,14,第一金-台中,2024-03-19,5382
1210,大成,13,0,13,第一金-台中,2024-03-19,5382
3041,揚智,24,11,13,第一金-台中,2024-03-19,5382
1101,台泥,13,0,13,第一金-台中,2024-03-19,5382
00918,大華優利高填息30,29,17,12,第一金-台中,2024-03-19,5382
3005,神基,29,17,12,第一金-台中,2024-03-19,5382
1723,中碳,16,4,12,第一金-台中,2024-03-19,5382
3322,建舜電,12,0,12,第一金-台中,2024-03-19,5382
6841,長佳智能,12,0,12,第一金-台中,2024-03-19,5382
2025,千興,20,9,11,第一金-台中,2024-03-19,5382
2610,華航,11,0,11,第一金-台中,2024-03-19,5382
3055,蔚華科,11,0,11,第一金-台中,2024-03-19,5382
5483,中美晶,26,15,11,第一金-台中,2024-03-19,5382
00939,統一台灣高息動能,339,44,295,第一金-台中,2024-03-20,5382
00706L,期元大S＆P日圓正2,248,55,193,第一金-台中,2024-03-20,5382
00919,群益台灣精選高息,242,54,188,第一金-台中,2024-03-20,5382
2890,永豐金,66,0,66,第一金-台中,2024-03-20,5382
00752,中信中國50,50,0,50,第一金-台中,2024-03-20,5382
2353,宏��,51,7,44,第一金-台中,2024-03-20,5382
6191,精成科,48,4,44,第一金-台中,2024-03-20,5382
00929,復華台灣科技優息,59,18,41,第一金-台中,2024-03-20,5382
6125,廣運,37,0,37,第一金-台中,2024-03-20,5382
4938,和碩,45,8,37,第一金-台中,2024-03-20,5382
00937B,群益ESG投等債20,37,1,36,第一金-台中,2024-03-20,5382
2241,艾姆勒,34,2,32,第一金-台中,2024-03-20,5382
4576,大銀微系統,30,0,30,第一金-台中,2024-03-20,5382
3005,神基,59,29,30,第一金-台中,2024-03-20,5382
2834,臺企銀,31,2,29,第一金-台中,2024-03-20,5382
2618,長榮航,38,13,25,第一金-台中,2024-03-20,5382
1314,中石化,31,7,24,第一金-台中,2024-03-20,5382
8054,安國,41,18,23,第一金-台中,2024-03-20,5382
2892,第一金,25,2,23,第一金-台中,2024-03-20,5382
2888,新光金,23,2,21,第一金-台中,2024-03-20,5382
00900,富邦特選高股息30,23,3,20,第一金-台中,2024-03-20,5382
00918,大華優利高填息30,23,3,20,第一金-台中,2024-03-20,5382
2328,廣宇,20,0,20,第一金-台中,2024-03-20,5382
2025,千興,20,0,20,第一金-台中,2024-03-20,5382
2367,燿華,48,28,20,第一金-台中,2024-03-20,5382
4583,台灣精銳,20,0,20,第一金-台中,2024-03-20,5382
00941,中信上游半導體,38,20,18,第一金-台中,2024-03-20,5382
2354,鴻準,84,66,18,第一金-台中,2024-03-20,5382
3071,協禧,21,3,18,第一金-台中,2024-03-20,5382
2344,華邦電,16,0,16,第一金-台中,2024-03-20,5382
00679B,元大美債20年,16,0,16,第一金-台中,2024-03-20,5382
4714,永捷,18,2,16,第一金-台中,2024-03-20,5382
4961,天鈺,18,2,16,第一金-台中,2024-03-20,5382
6166,凌華,25,10,15,第一金-台中,2024-03-20,5382
6462,神盾,37,22,15,第一金-台中,2024-03-20,5382
2356,英業達,16,3,13,第一金-台中,2024-03-20,5382
6414,樺漢,50,38,12,第一金-台中,2024-03-20,5382
5493,三聯,27,15,12,第一金-台中,2024-03-20,5382
2330,台積電,12,0,12,第一金-台中,2024-03-20,5382
1301,台塑,12,1,11,第一金-台中,2024-03-20,5382
3481,群創,11,0,11,第一金-台中,2024-03-20,5382
6841,長佳智能,11,0,11,第一金-台中,2024-03-20,5382
00650L,復華香港正2,10,0,10,第一金-台中,2024-03-20,5382
00930,永豐ESG低碳高息,10,0,10,第一金-台中,2024-03-20,5382
1528,恩德,10,0,10,第一金-台中,2024-03-20,5382
8374,羅昇,20,10,10,第一金-台中,2024-03-20,5382
9905,大華,10,0,10,第一金-台中,2024-03-20,5382
2308,台達電,16,7,9,第一金-台中,2024-03-20,5382
2383,台光電,10,1,9,第一金-台中,2024-03-20,5382
1218,泰山,10,1,9,第一金-台中,2024-03-20,5382
00680L,元大美債20正2,551,0,551,第一金-台中,2024-03-21,5382
00937B,群益ESG投等債20,512,0,512,第一金-台中,2024-03-21,5382
00706L,期元大S＆P日圓正2,246,7,239,第一金-台中,2024-03-21,5382
00939,統一台灣高息動能,220,1,219,第一金-台中,2024-03-21,5382
6005,群益證,85,0,85,第一金-台中,2024-03-21,5382
2618,長榮航,50,0,50,第一金-台中,2024-03-21,5382
00679B,元大美債20年,51,1,50,第一金-台中,2024-03-21,5382
2014,中鴻,56,7,49,第一金-台中,2024-03-21,5382
00687B,國泰20年美債,47,0,47,第一金-台中,2024-03-21,5382
00632R,元大台灣50反1,95,61,34,第一金-台中,2024-03-21,5382
00919,群益台灣精選高息,131,98,33,第一金-台中,2024-03-21,5382
2888,新光金,33,1,32,第一金-台中,2024-03-21,5382
5443,均豪,46,16,30,第一金-台中,2024-03-21,5382
2377,微星,27,0,27,第一金-台中,2024-03-21,5382
00720B,元大投資級公司債,25,0,25,第一金-台中,2024-03-21,5382
00795B,中信美國公債20年,21,0,21,第一金-台中,2024-03-21,5382
4945,陞達科技,20,0,20,第一金-台中,2024-03-21,5382
2002,中鋼,19,1,18,第一金-台中,2024-03-21,5382
3363,上詮,17,0,17,第一金-台中,2024-03-21,5382
1504,東元,21,9,12,第一金-台中,2024-03-21,5382
3071,協禧,13,1,12,第一金-台中,2024-03-21,5382
3581,博磊,15,3,12,第一金-台中,2024-03-21,5382
3055,蔚華科,12,1,11,第一金-台中,2024-03-21,5382
2816,旺旺保,10,0,10,第一金-台中,2024-03-21,5382
5525,順天,10,0,10,第一金-台中,2024-03-21,5382
6526,達發,10,0,10,第一金-台中,2024-03-21,5382
2022,聚亨,10,0,10,第一金-台中,2024-03-21,5382
3042,晶技,20,11,9,第一金-台中,2024-03-21,5382
00930,永豐ESG低碳高息,10,1,9,第一金-台中,2024-03-21,5382
1319,東陽,9,0,9,第一金-台中,2024-03-21,5382
2405,輔信,16,7,9,第一金-台中,2024-03-21,5382
6235,華孚,9,0,9,第一金-台中,2024-03-21,5382
1303,南亞,8,0,8,第一金-台中,2024-03-21,5382
8936,國統,76,68,8,第一金-台中,2024-03-21,5382
4958,臻鼎-KY,13,5,8,第一金-台中,2024-03-21,5382
1712,興農,7,0,7,第一金-台中,2024-03-21,5382
5292,華懋,7,0,7,第一金-台中,2024-03-21,5382
6239,力成,15,8,7,第一金-台中,2024-03-21,5382
2376,技嘉,9,3,6,第一金-台中,2024-03-21,5382
1795,美時,6,0,6,第一金-台中,2024-03-21,5382
00857B,永豐20年美公債,6,0,6,第一金-台中,2024-03-21,5382
00941,中信上游半導體,20,14,6,第一金-台中,2024-03-21,5382
3594,磐儀,7,1,6,第一金-台中,2024-03-21,5382
5469,瀚宇博,22,16,6,第一金-台中,2024-03-21,5382
5493,三聯,10,4,6,第一金-台中,2024-03-21,5382
6243,迅杰,6,0,6,第一金-台中,2024-03-21,5382
6244,茂迪,11,5,6,第一金-台中,2024-03-21,5382
8089,康全電訊,6,0,6,第一金-台中,2024-03-21,5382
1503,士電,63,57,6,第一金-台中,2024-03-21,5382
2356,英業達,22,16,6,第一金-台中,2024-03-21,5382
3481,群創,306,32,274,第一金-台中,2024-03-22,5382
3231,緯創,238,25,213,第一金-台中,2024-03-22,5382
5222,全訊,183,0,183,第一金-台中,2024-03-22,5382
00680L,元大美債20正2,180,0,180,第一金-台中,2024-03-22,5382
00919,群益台灣精選高息,199,30,169,第一金-台中,2024-03-22,5382
2367,燿華,166,39,127,第一金-台中,2024-03-22,5382
2356,英業達,280,182,98,第一金-台中,2024-03-22,5382
00939,統一台灣高息動能,88,5,83,第一金-台中,2024-03-22,5382
2371,大同,87,6,81,第一金-台中,2024-03-22,5382
2409,友達,81,0,81,第一金-台中,2024-03-22,5382
1609,大亞,119,53,66,第一金-台中,2024-03-22,5382
00897,富邦基因免疫生技,60,0,60,第一金-台中,2024-03-22,5382
2208,台船,51,5,46,第一金-台中,2024-03-22,5382
2603,長榮,46,5,41,第一金-台中,2024-03-22,5382
1618,合機,146,114,32,第一金-台中,2024-03-22,5382
00687B,國泰20年美債,28,0,28,第一金-台中,2024-03-22,5382
8033,雷虎,31,3,28,第一金-台中,2024-03-22,5382
00941,中信上游半導體,53,26,27,第一金-台中,2024-03-22,5382
2354,鴻準,53,27,26,第一金-台中,2024-03-22,5382
2323,中環,25,0,25,第一金-台中,2024-03-22,5382
00752,中信中國50,19,0,19,第一金-台中,2024-03-22,5382
3071,協禧,18,0,18,第一金-台中,2024-03-22,5382
3706,神達,89,73,16,第一金-台中,2024-03-22,5382
1101,台泥,15,0,15,第一金-台中,2024-03-22,5382
5465,富驊,13,0,13,第一金-台中,2024-03-22,5382
2888,新光金,11,0,11,第一金-台中,2024-03-22,5382
2377,微星,11,0,11,第一金-台中,2024-03-22,5382
2236,百達-KY,11,0,11,第一金-台中,2024-03-22,5382
2504,國產,10,0,10,第一金-台中,2024-03-22,5382
2605,新興,10,0,10,第一金-台中,2024-03-22,5382
3011,今皓,10,0,10,第一金-台中,2024-03-22,5382
5347,世界,17,7,10,第一金-台中,2024-03-22,5382
2382,廣達,29,20,9,第一金-台中,2024-03-22,5382
00918,大華優利高填息30,10,1,9,第一金-台中,2024-03-22,5382
00679B,元大美債20年,12,3,9,第一金-台中,2024-03-22,5382
2609,陽明,10,1,9,第一金-台中,2024-03-22,5382
00706L,期元大S＆P日圓正2,9,0,9,第一金-台中,2024-03-22,5382
6477,安集,12,3,9,第一金-台中,2024-03-22,5382
2329,華泰,16,8,8,第一金-台中,2024-03-22,5382
3005,神基,8,1,7,第一金-台中,2024-03-22,5382
8936,國統,27,20,7,第一金-台中,2024-03-22,5382
0056,元大高股息,14,7,7,第一金-台中,2024-03-22,5382
2313,華通,7,1,6,第一金-台中,2024-03-22,5382
5351,鈺創,11,5,6,第一金-台中,2024-03-22,5382
2344,華邦電,16,10,6,第一金-台中,2024-03-22,5382
2812,台中銀,6,0,6,第一金-台中,2024-03-22,5382
6219,富旺,21,15,6,第一金-台中,2024-03-22,5382
8473,山林水,6,0,6,第一金-台中,2024-03-22,5382
00933B,國泰10Y+金融債,10,5,5,第一金-台中,2024-03-22,5382
6235,華孚,6,1,5,第一金-台中,2024-03-22,5382
00937B,群益ESG投等債20,233,0,233,第一金-台中,2024-03-25,5382
3481,群創,183,32,151,第一金-台中,2024-03-25,5382
5222,全訊,94,0,94,第一金-台中,2024-03-25,5382
00941,中信上游半導體,127,51,76,第一金-台中,2024-03-25,5382
2603,長榮,67,7,60,第一金-台中,2024-03-25,5382
3059,華晶科,67,10,57,第一金-台中,2024-03-25,5382
2356,英業達,92,38,54,第一金-台中,2024-03-25,5382
00939,統一台灣高息動能,55,2,53,第一金-台中,2024-03-25,5382
2464,盟立,50,5,45,第一金-台中,2024-03-25,5382
00687B,國泰20年美債,35,0,35,第一金-台中,2024-03-25,5382
1618,合機,97,65,32,第一金-台中,2024-03-25,5382
2367,燿華,202,170,32,第一金-台中,2024-03-25,5382
6219,富旺,32,0,32,第一金-台中,2024-03-25,5382
1605,華新,31,0,31,第一金-台中,2024-03-25,5382
2353,宏��,77,49,28,第一金-台中,2024-03-25,5382
6125,廣運,74,49,25,第一金-台中,2024-03-25,5382
5471,松翰,25,0,25,第一金-台中,2024-03-25,5382
2337,旺宏,22,0,22,第一金-台中,2024-03-25,5382
2344,華邦電,21,0,21,第一金-台中,2024-03-25,5382
3312,弘憶股,22,1,21,第一金-台中,2024-03-25,5382
00882,中信中國高股息,20,0,20,第一金-台中,2024-03-25,5382
1529,樂事綠能,33,13,20,第一金-台中,2024-03-25,5382
6227,茂綸,21,1,20,第一金-台中,2024-03-25,5382
2002,中鋼,18,2,16,第一金-台中,2024-03-25,5382
00933B,國泰10Y+金融債,29,13,16,第一金-台中,2024-03-25,5382
1101,台泥,16,0,16,第一金-台中,2024-03-25,5382
1514,亞力,25,10,15,第一金-台中,2024-03-25,5382
2206,三陽工業,15,1,14,第一金-台中,2024-03-25,5382
00706L,期元大S＆P日圓正2,14,0,14,第一金-台中,2024-03-25,5382
1721,三晃,20,6,14,第一金-台中,2024-03-25,5382
00679B,元大美債20年,22,9,13,第一金-台中,2024-03-25,5382
5512,力麒,12,0,12,第一金-台中,2024-03-25,5382
3294,英濟,39,28,11,第一金-台中,2024-03-25,5382
00912,中信臺灣智慧50,11,0,11,第一金-台中,2024-03-25,5382
1717,長興,11,0,11,第一金-台中,2024-03-25,5382
2352,佳世達,11,0,11,第一金-台中,2024-03-25,5382
2208,台船,10,0,10,第一金-台中,2024-03-25,5382
2401,凌陽,10,0,10,第一金-台中,2024-03-25,5382
2851,中再保,10,0,10,第一金-台中,2024-03-25,5382
1503,士電,21,11,10,第一金-台中,2024-03-25,5382
2303,聯電,18,9,9,第一金-台中,2024-03-25,5382
3545,敦泰,9,0,9,第一金-台中,2024-03-25,5382
6806,森崴能源,23,14,9,第一金-台中,2024-03-25,5382
3005,神基,11,3,8,第一金-台中,2024-03-25,5382
2455,全新,27,19,8,第一金-台中,2024-03-25,5382
2498,宏達電,47,39,8,第一金-台中,2024-03-25,5382
3027,盛達,9,1,8,第一金-台中,2024-03-25,5382
4147,中裕,10,2,8,第一金-台中,2024-03-25,5382
6166,凌華,8,0,8,第一金-台中,2024-03-25,5382
6179,亞通,8,0,8,第一金-台中,2024-03-25,5382
2367,燿華,169,17,152,第一金-台中,2024-03-26,5382
1608,華榮,152,26,126,第一金-台中,2024-03-26,5382
00919,群益台灣精選高息,207,125,82,第一金-台中,2024-03-26,5382
00939,統一台灣高息動能,112,51,61,第一金-台中,2024-03-26,5382
00679B,元大美債20年,40,1,39,第一金-台中,2024-03-26,5382
00937B,群益ESG投等債20,34,0,34,第一金-台中,2024-03-26,5382
1609,大亞,135,102,33,第一金-台中,2024-03-26,5382
3231,緯創,38,7,31,第一金-台中,2024-03-26,5382
2495,普安,27,0,27,第一金-台中,2024-03-26,5382
00941,中信上游半導體,63,41,22,第一金-台中,2024-03-26,5382
1815,富喬,80,58,22,第一金-台中,2024-03-26,5382
8936,國統,61,40,21,第一金-台中,2024-03-26,5382
2344,華邦電,34,13,21,第一金-台中,2024-03-26,5382
2605,新興,21,0,21,第一金-台中,2024-03-26,5382
3339,泰谷,20,0,20,第一金-台中,2024-03-26,5382
5234,達興材料,20,0,20,第一金-台中,2024-03-26,5382
2241,艾姆勒,19,0,19,第一金-台中,2024-03-26,5382
6596,寬宏藝術,16,0,16,第一金-台中,2024-03-26,5382
00878,國泰永續高股息,19,3,16,第一金-台中,2024-03-26,5382
2376,技嘉,18,3,15,第一金-台中,2024-03-26,5382
3035,智原,24,9,15,第一金-台中,2024-03-26,5382
4588,玖鼎電力,15,0,15,第一金-台中,2024-03-26,5382
6219,富旺,15,0,15,第一金-台中,2024-03-26,5382
3005,神基,18,4,14,第一金-台中,2024-03-26,5382
2609,陽明,15,2,13,第一金-台中,2024-03-26,5382
2610,華航,13,0,13,第一金-台中,2024-03-26,5382
2354,鴻準,12,0,12,第一金-台中,2024-03-26,5382
3689,湧德,13,2,11,第一金-台中,2024-03-26,5382
2882,國泰金,13,2,11,第一金-台中,2024-03-26,5382
4915,致伸,10,0,10,第一金-台中,2024-03-26,5382
1616,億泰,11,1,10,第一金-台中,2024-03-26,5382
00632R,元大台灣50反1,10,0,10,第一金-台中,2024-03-26,5382
00706L,期元大S＆P日圓正2,10,0,10,第一金-台中,2024-03-26,5382
1301,台塑,10,0,10,第一金-台中,2024-03-26,5382
2374,佳能,11,1,10,第一金-台中,2024-03-26,5382
2511,太子,10,0,10,第一金-台中,2024-03-26,5382
3059,華晶科,52,42,10,第一金-台中,2024-03-26,5382
4771,望隼,10,0,10,第一金-台中,2024-03-26,5382
6142,友勁,10,0,10,第一金-台中,2024-03-26,5382
8092,建暐,15,5,10,第一金-台中,2024-03-26,5382
4961,天鈺,13,4,9,第一金-台中,2024-03-26,5382
6517,保勝光學,10,2,8,第一金-台中,2024-03-26,5382
4938,和碩,8,0,8,第一金-台中,2024-03-26,5382
4979,華星光,8,1,7,第一金-台中,2024-03-26,5382
00915,凱基優選高股息30,7,0,7,第一金-台中,2024-03-26,5382
2368,金像電,7,0,7,第一金-台中,2024-03-26,5382
1303,南亞,7,0,7,第一金-台中,2024-03-26,5382
4744,皇將,7,0,7,第一金-台中,2024-03-26,5382
6127,九豪,7,0,7,第一金-台中,2024-03-26,5382
8112,至上,10,3,7,第一金-台中,2024-03-26,5382
2367,燿華,142,26,116,第一金-台中,2024-03-27,5382
2515,中工,111,21,90,第一金-台中,2024-03-27,5382
4303,信立,53,4,49,第一金-台中,2024-03-27,5382
8033,雷虎,33,2,31,第一金-台中,2024-03-27,5382
2882,國泰金,30,1,29,第一金-台中,2024-03-27,5382
6284,佳邦,35,7,28,第一金-台中,2024-03-27,5382
1603,華電,45,17,28,第一金-台中,2024-03-27,5382
4961,天鈺,36,10,26,第一金-台中,2024-03-27,5382
4526,東台,65,40,25,第一金-台中,2024-03-27,5382
6415,矽力*-KY,25,0,25,第一金-台中,2024-03-27,5382
1815,富喬,24,2,22,第一金-台中,2024-03-27,5382
2317,鴻海,294,273,21,第一金-台中,2024-03-27,5382
2634,漢翔,39,18,21,第一金-台中,2024-03-27,5382
3062,建漢,30,10,20,第一金-台中,2024-03-27,5382
6901,鑽石投資,20,0,20,第一金-台中,2024-03-27,5382
00929,復華台灣科技優息,21,1,20,第一金-台中,2024-03-27,5382
00878,國泰永續高股息,28,8,20,第一金-台中,2024-03-27,5382
3013,晟銘電,26,7,19,第一金-台中,2024-03-27,5382
3706,神達,55,37,18,第一金-台中,2024-03-27,5382
5483,中美晶,20,2,18,第一金-台中,2024-03-27,5382
2464,盟立,26,9,17,第一金-台中,2024-03-27,5382
3390,旭軟,17,0,17,第一金-台中,2024-03-27,5382
9927,泰銘,17,0,17,第一金-台中,2024-03-27,5382
2208,台船,15,0,15,第一金-台中,2024-03-27,5382
2601,益航,15,0,15,第一金-台中,2024-03-27,5382
4919,新唐,15,0,15,第一金-台中,2024-03-27,5382
3583,辛耘,42,28,14,第一金-台中,2024-03-27,5382
4915,致伸,15,1,14,第一金-台中,2024-03-27,5382
6241,易通展,14,0,14,第一金-台中,2024-03-27,5382
2354,鴻準,66,53,13,第一金-台中,2024-03-27,5382
00937B,群益ESG投等債20,12,0,12,第一金-台中,2024-03-27,5382
2330,台積電,14,2,12,第一金-台中,2024-03-27,5382
00679B,元大美債20年,15,3,12,第一金-台中,2024-03-27,5382
2301,光寶科,18,7,11,第一金-台中,2024-03-27,5382
00939,統一台灣高息動能,21,10,11,第一金-台中,2024-03-27,5382
2355,敬鵬,11,0,11,第一金-台中,2024-03-27,5382
2610,華航,21,10,11,第一金-台中,2024-03-27,5382
3081,聯亞,12,1,11,第一金-台中,2024-03-27,5382
3545,敦泰,15,4,11,第一金-台中,2024-03-27,5382
6806,森崴能源,10,0,10,第一金-台中,2024-03-27,5382
00941,中信上游半導體,23,13,10,第一金-台中,2024-03-27,5382
00891,中信關鍵半導體,10,0,10,第一金-台中,2024-03-27,5382
2022,聚亨,10,0,10,第一金-台中,2024-03-27,5382
2392,正崴,11,1,10,第一金-台中,2024-03-27,5382
3296,勝德,10,0,10,第一金-台中,2024-03-27,5382
4960,誠美材,10,0,10,第一金-台中,2024-03-27,5382
8085,福華,14,4,10,第一金-台中,2024-03-27,5382
2609,陽明,10,1,9,第一金-台中,2024-03-27,5382
1806,冠軍,10,1,9,第一金-台中,2024-03-27,5382
1810,和成,13,4,9,第一金-台中,2024-03-27,5382
2317,鴻海,1143,241,902,第一金-台中,2024-03-28,5382
1314,中石化,102,2,100,第一金-台中,2024-03-28,5382
2328,廣宇,94,10,84,第一金-台中,2024-03-28,5382
00939,統一台灣高息動能,82,4,78,第一金-台中,2024-03-28,5382
2883,凱基金,94,18,76,第一金-台中,2024-03-28,5382
00919,群益台灣精選高息,76,26,50,第一金-台中,2024-03-28,5382
5471,松翰,50,0,50,第一金-台中,2024-03-28,5382
1815,富喬,68,28,40,第一金-台中,2024-03-28,5382
2356,英業達,53,17,36,第一金-台中,2024-03-28,5382
4938,和碩,38,4,34,第一金-台中,2024-03-28,5382
3481,群創,30,3,27,第一金-台中,2024-03-28,5382
3013,晟銘電,115,91,24,第一金-台中,2024-03-28,5382
3706,神達,81,58,23,第一金-台中,2024-03-28,5382
8261,富鼎,22,0,22,第一金-台中,2024-03-28,5382
6125,廣運,45,24,21,第一金-台中,2024-03-28,5382
6770,力積電,20,0,20,第一金-台中,2024-03-28,5382
2382,廣達,73,54,19,第一金-台中,2024-03-28,5382
8033,雷虎,53,35,18,第一金-台中,2024-03-28,5382
9938,百和,18,0,18,第一金-台中,2024-03-28,5382
3231,緯創,23,5,18,第一金-台中,2024-03-28,5382
6443,元晶,19,2,17,第一金-台中,2024-03-28,5382
00941,中信上游半導體,39,23,16,第一金-台中,2024-03-28,5382
2603,長榮,43,29,14,第一金-台中,2024-03-28,5382
6668,中揚光,23,10,13,第一金-台中,2024-03-28,5382
8147,正淩,21,8,13,第一金-台中,2024-03-28,5382
2206,三陽工業,13,3,10,第一金-台中,2024-03-28,5382
00632R,元大台灣50反1,10,0,10,第一金-台中,2024-03-28,5382
1907,永豐餘,10,0,10,第一金-台中,2024-03-28,5382
3498,陽程,15,5,10,第一金-台中,2024-03-28,5382
5243,乙盛-KY,10,0,10,第一金-台中,2024-03-28,5382
7402,邑錡,22,12,10,第一金-台中,2024-03-28,5382
2324,仁寶,12,3,9,第一金-台中,2024-03-28,5382
2408,南亞科,11,2,9,第一金-台中,2024-03-28,5382
1504,東元,12,4,8,第一金-台中,2024-03-28,5382
1609,大亞,17,9,8,第一金-台中,2024-03-28,5382
2383,台光電,8,0,8,第一金-台中,2024-03-28,5382
6719,力智,8,0,8,第一金-台中,2024-03-28,5382
2618,長榮航,8,0,8,第一金-台中,2024-03-28,5382
1810,和成,9,1,8,第一金-台中,2024-03-28,5382
2101,南港,8,0,8,第一金-台中,2024-03-28,5382
2344,華邦電,10,2,8,第一金-台中,2024-03-28,5382
4714,永捷,26,18,8,第一金-台中,2024-03-28,5382
8936,國統,14,6,8,第一金-台中,2024-03-28,5382
2450,神腦,7,0,7,第一金-台中,2024-03-28,5382
2495,普安,7,0,7,第一金-台中,2024-03-28,5382
6257,矽格,7,0,7,第一金-台中,2024-03-28,5382
4958,臻鼎-KY,14,7,7,第一金-台中,2024-03-28,5382
8467,波力-KY,23,16,7,第一金-台中,2024-03-28,5382
2313,華通,27,21,6,第一金-台中,2024-03-28,5382
2451,創見,6,0,6,第一金-台中,2024-03-28,5382
2371,大同,365,33,332,第一金-台中,2024-03-29,5382
2367,燿華,87,15,72,第一金-台中,2024-03-29,5382
1314,中石化,75,22,53,第一金-台中,2024-03-29,5382
6125,廣運,105,52,53,第一金-台中,2024-03-29,5382
00939,統一台灣高息動能,45,4,41,第一金-台中,2024-03-29,5382
00929,復華台灣科技優息,57,24,33,第一金-台中,2024-03-29,5382
00919,群益台灣精選高息,68,36,32,第一金-台中,2024-03-29,5382
2324,仁寶,29,0,29,第一金-台中,2024-03-29,5382
2354,鴻準,51,24,27,第一金-台中,2024-03-29,5382
2025,千興,20,0,20,第一金-台中,2024-03-29,5382
5386,青雲,20,0,20,第一金-台中,2024-03-29,5382
6142,友勁,20,0,20,第一金-台中,2024-03-29,5382
00712,復華富時不動產,50,31,19,第一金-台中,2024-03-29,5382
6462,神盾,51,32,19,第一金-台中,2024-03-29,5382
5515,建國,34,18,16,第一金-台中,2024-03-29,5382
1303,南亞,15,0,15,第一金-台中,2024-03-29,5382
3481,群創,101,86,15,第一金-台中,2024-03-29,5382
8046,南電,15,0,15,第一金-台中,2024-03-29,5382
2027,大成鋼,13,0,13,第一金-台中,2024-03-29,5382
2353,宏��,52,39,13,第一金-台中,2024-03-29,5382
2834,臺企銀,13,0,13,第一金-台中,2024-03-29,5382
2330,台積電,17,5,12,第一金-台中,2024-03-29,5382
3312,弘憶股,24,12,12,第一金-台中,2024-03-29,5382
3702,大聯大,11,0,11,第一金-台中,2024-03-29,5382
00834B,第一金金融債10+,10,0,10,第一金-台中,2024-03-29,5382
1597,直得,10,0,10,第一金-台中,2024-03-29,5382
1806,冠軍,10,0,10,第一金-台中,2024-03-29,5382
6150,撼訊,10,0,10,第一金-台中,2024-03-29,5382
6578,達邦蛋白,9,0,9,第一金-台中,2024-03-29,5382
00937B,群益ESG投等債20,70,61,9,第一金-台中,2024-03-29,5382
2022,聚亨,10,1,9,第一金-台中,2024-03-29,5382
6126,信音,18,9,9,第一金-台中,2024-03-29,5382
3231,緯創,199,191,8,第一金-台中,2024-03-29,5382
2392,正崴,17,9,8,第一金-台中,2024-03-29,5382
6605,帝寶,19,11,8,第一金-台中,2024-03-29,5382
00941,中信上游半導體,18,10,8,第一金-台中,2024-03-29,5382
6188,廣明,12,5,7,第一金-台中,2024-03-29,5382
2301,光寶科,9,3,6,第一金-台中,2024-03-29,5382
8926,台汽電,6,0,6,第一金-台中,2024-03-29,5382
2486,一詮,8,2,6,第一金-台中,2024-03-29,5382
00930,永豐ESG低碳高息,6,0,6,第一金-台中,2024-03-29,5382
5465,富驊,6,0,6,第一金-台中,2024-03-29,5382
8390,金益鼎,8,2,6,第一金-台中,2024-03-29,5382
1603,華電,6,0,6,第一金-台中,2024-03-29,5382
2328,廣宇,12,6,6,第一金-台中,2024-03-29,5382
1618,合機,7,2,5,第一金-台中,2024-03-29,5382
1907,永豐餘,5,0,5,第一金-台中,2024-03-29,5382
3105,穩懋,5,0,5,第一金-台中,2024-03-29,5382
5243,乙盛-KY,5,0,5,第一金-台中,2024-03-29,5382
6829,千附精密,5,0,5,第一金-台中,2024-03-29,5382
00940,元大台灣價值高息,814,324,490,第一金-台中,2024-04-01,5382
1522,堤維西,279,9,270,第一金-台中,2024-04-01,5382
2317,鴻海,237,33,204,第一金-台中,2024-04-01,5382
00919,群益台灣精選高息,148,5,143,第一金-台中,2024-04-01,5382
3052,夆典,72,3,69,第一金-台中,2024-04-01,5382
2328,廣宇,61,1,60,第一金-台中,2024-04-01,5382
00939,統一台灣高息動能,60,4,56,第一金-台中,2024-04-01,5382
5607,遠雄港,45,0,45,第一金-台中,2024-04-01,5382
2492,華新科,50,14,36,第一金-台中,2024-04-01,5382
1524,耿鼎,36,7,29,第一金-台中,2024-04-01,5382
2486,一詮,34,5,29,第一金-台中,2024-04-01,5382
3312,弘憶股,33,5,28,第一金-台中,2024-04-01,5382
00941,中信上游半導體,26,6,20,第一金-台中,2024-04-01,5382
1608,華榮,27,7,20,第一金-台中,2024-04-01,5382
2883,凱基金,21,4,17,第一金-台中,2024-04-01,5382
2408,南亞科,23,7,16,第一金-台中,2024-04-01,5382
00935,野村臺灣新科技50,15,0,15,第一金-台中,2024-04-01,5382
3178,公準,20,5,15,第一金-台中,2024-04-01,5382
9904,寶成,15,0,15,第一金-台中,2024-04-01,5382
0056,元大高股息,21,7,14,第一金-台中,2024-04-01,5382
2356,英業達,25,13,12,第一金-台中,2024-04-01,5382
2515,中工,15,3,12,第一金-台中,2024-04-01,5382
3666,光耀,12,0,12,第一金-台中,2024-04-01,5382
3704,合勤控,22,11,11,第一金-台中,2024-04-01,5382
00679B,元大美債20年,11,0,11,第一金-台中,2024-04-01,5382
8255,朋程,10,0,10,第一金-台中,2024-04-01,5382
00650L,復華香港正2,10,0,10,第一金-台中,2024-04-01,5382
1785,光洋科,17,7,10,第一金-台中,2024-04-01,5382
2105,正新,10,0,10,第一金-台中,2024-04-01,5382
2323,中環,10,0,10,第一金-台中,2024-04-01,5382
2387,精元,10,0,10,第一金-台中,2024-04-01,5382
3231,緯創,60,50,10,第一金-台中,2024-04-01,5382
00927,群益半導體收益,9,0,9,第一金-台中,2024-04-01,5382
6118,建達,9,0,9,第一金-台中,2024-04-01,5382
00713,元大台灣高息低波,9,1,8,第一金-台中,2024-04-01,5382
4576,大銀微系統,31,23,8,第一金-台中,2024-04-01,5382
00637L,元大滬深300正2,9,1,8,第一金-台中,2024-04-01,5382
3217,優群,9,1,8,第一金-台中,2024-04-01,5382
2603,長榮,12,5,7,第一金-台中,2024-04-01,5382
2891,中信金,13,6,7,第一金-台中,2024-04-01,5382
2358,廷鑫,7,0,7,第一金-台中,2024-04-01,5382
3356,奇偶,8,1,7,第一金-台中,2024-04-01,5382
6197,佳必琪,14,7,7,第一金-台中,2024-04-01,5382
6179,亞通,10,4,6,第一金-台中,2024-04-01,5382
3711,日月光投控,8,2,6,第一金-台中,2024-04-01,5382
2337,旺宏,7,1,6,第一金-台中,2024-04-01,5382
4526,東台,6,0,6,第一金-台中,2024-04-01,5382
3036,文曄,5,0,5,第一金-台中,2024-04-01,5382
00936,台新永續高息中小,5,0,5,第一金-台中,2024-04-01,5382
00680L,元大美債20正2,5,0,5,第一金-台中,2024-04-01,5382
3231,緯創,159,24,135,第一金-台中,2024-04-02,5382
00929,復華台灣科技優息,123,18,105,第一金-台中,2024-04-02,5382
00680L,元大美債20正2,104,0,104,第一金-台中,2024-04-02,5382
00679B,元大美債20年,89,1,88,第一金-台中,2024-04-02,5382
00751B,元大AAA至A公司債,81,0,81,第一金-台中,2024-04-02,5382
1806,冠軍,100,20,80,第一金-台中,2024-04-02,5382
00940,元大台灣價值高息,224,146,78,第一金-台中,2024-04-02,5382
2888,新光金,50,0,50,第一金-台中,2024-04-02,5382
00688L,國泰20年美債正2,43,0,43,第一金-台中,2024-04-02,5382
2382,廣達,76,37,39,第一金-台中,2024-04-02,5382
6188,廣明,39,1,38,第一金-台中,2024-04-02,5382
3521,鴻翊,30,2,28,第一金-台中,2024-04-02,5382
5443,均豪,36,10,26,第一金-台中,2024-04-02,5382
00941,中信上游半導體,26,0,26,第一金-台中,2024-04-02,5382
2903,遠百,23,0,23,第一金-台中,2024-04-02,5382
5471,松翰,23,0,23,第一金-台中,2024-04-02,5382
00712,復華富時不動產,21,0,21,第一金-台中,2024-04-02,5382
00937B,群益ESG投等債20,20,0,20,第一金-台中,2024-04-02,5382
3706,神達,19,0,19,第一金-台中,2024-04-02,5382
6438,迅得,20,1,19,第一金-台中,2024-04-02,5382
00687B,國泰20年美債,19,0,19,第一金-台中,2024-04-02,5382
00919,群益台灣精選高息,23,5,18,第一金-台中,2024-04-02,5382
2354,鴻準,38,21,17,第一金-台中,2024-04-02,5382
6196,帆宣,21,4,17,第一金-台中,2024-04-02,5382
6241,易通展,16,0,16,第一金-台中,2024-04-02,5382
00632R,元大台灣50反1,15,0,15,第一金-台中,2024-04-02,5382
00720B,元大投資級公司債,15,0,15,第一金-台中,2024-04-02,5382
6219,富旺,82,67,15,第一金-台中,2024-04-02,5382
2344,華邦電,14,0,14,第一金-台中,2024-04-02,5382
2495,普安,14,0,14,第一金-台中,2024-04-02,5382
2603,長榮,19,6,13,第一金-台中,2024-04-02,5382
6288,聯嘉,23,10,13,第一金-台中,2024-04-02,5382
8054,安國,44,31,13,第一金-台中,2024-04-02,5382
3042,晶技,11,0,11,第一金-台中,2024-04-02,5382
2885,元大金,10,0,10,第一金-台中,2024-04-02,5382
2511,太子,10,0,10,第一金-台中,2024-04-02,5382
2605,新興,10,0,10,第一金-台中,2024-04-02,5382
3455,由田,11,1,10,第一金-台中,2024-04-02,5382
6180,橘子,10,0,10,第一金-台中,2024-04-02,5382
6605,帝寶,10,0,10,第一金-台中,2024-04-02,5382
1608,華榮,21,12,9,第一金-台中,2024-04-02,5382
3294,英濟,9,0,9,第一金-台中,2024-04-02,5382
6505,台塑化,10,1,9,第一金-台中,2024-04-02,5382
00877,復華中國5G,8,0,8,第一金-台中,2024-04-02,5382
6442,光聖,10,2,8,第一金-台中,2024-04-02,5382
2329,華泰,7,0,7,第一金-台中,2024-04-02,5382
00933B,國泰10Y+金融債,7,0,7,第一金-台中,2024-04-02,5382
00650L,復華香港正2,13,6,7,第一金-台中,2024-04-02,5382
1617,榮星,7,0,7,第一金-台中,2024-04-02,5382
8358,金居,9,2,7,第一金-台中,2024-04-02,5382
2317,鴻海,743,145,598,第一金-台中,2024-04-03,5382
00940,元大台灣價值高息,140,16,124,第一金-台中,2024-04-03,5382
00937B,群益ESG投等債20,113,0,113,第一金-台中,2024-04-03,5382
00676R,富邦臺灣加權反1,65,0,65,第一金-台中,2024-04-03,5382
00680L,元大美債20正2,63,0,63,第一金-台中,2024-04-03,5382
00686R,群益臺灣加權反1,60,0,60,第一金-台中,2024-04-03,5382
00679B,元大美債20年,57,0,57,第一金-台中,2024-04-03,5382
2903,遠百,47,0,47,第一金-台中,2024-04-03,5382
6120,達運,62,15,47,第一金-台中,2024-04-03,5382
00941,中信上游半導體,52,6,46,第一金-台中,2024-04-03,5382
2014,中鴻,45,5,40,第一金-台中,2024-04-03,5382
2066,世德,41,1,40,第一金-台中,2024-04-03,5382
00720B,元大投資級公司債,37,0,37,第一金-台中,2024-04-03,5382
00664R,國泰臺灣加權反1,36,1,35,第一金-台中,2024-04-03,5382
00929,復華台灣科技優息,40,6,34,第一金-台中,2024-04-03,5382
2888,新光金,32,0,32,第一金-台中,2024-04-03,5382
6227,茂綸,32,0,32,第一金-台中,2024-04-03,5382
00712,復華富時不動產,31,0,31,第一金-台中,2024-04-03,5382
8011,台通,27,0,27,第一金-台中,2024-04-03,5382
3481,群創,81,54,27,第一金-台中,2024-04-03,5382
00687B,國泰20年美債,25,0,25,第一金-台中,2024-04-03,5382
1101,台泥,25,0,25,第一金-台中,2024-04-03,5382
2038,海光,20,0,20,第一金-台中,2024-04-03,5382
4989,榮科,20,0,20,第一金-台中,2024-04-03,5382
6785,昱展新藥,20,0,20,第一金-台中,2024-04-03,5382
00878,國泰永續高股息,20,2,18,第一金-台中,2024-04-03,5382
2505,國揚,15,0,15,第一金-台中,2024-04-03,5382
2615,萬海,15,0,15,第一金-台中,2024-04-03,5382
2344,華邦電,13,0,13,第一金-台中,2024-04-03,5382
4157,太景*-KY,12,0,12,第一金-台中,2024-04-03,5382
8085,福華,12,0,12,第一金-台中,2024-04-03,5382
2301,光寶科,14,2,12,第一金-台中,2024-04-03,5382
00919,群益台灣精選高息,16,5,11,第一金-台中,2024-04-03,5382
5443,均豪,57,46,11,第一金-台中,2024-04-03,5382
4147,中裕,11,1,10,第一金-台中,2024-04-03,5382
2515,中工,31,21,10,第一金-台中,2024-04-03,5382
1597,直得,10,0,10,第一金-台中,2024-04-03,5382
2851,中再保,10,0,10,第一金-台中,2024-04-03,5382
4557,永新-KY,10,0,10,第一金-台中,2024-04-03,5382
5386,青雲,10,0,10,第一金-台中,2024-04-03,5382
6126,信音,10,0,10,第一金-台中,2024-04-03,5382
6712,長聖,10,0,10,第一金-台中,2024-04-03,5382
0056,元大高股息,21,12,9,第一金-台中,2024-04-03,5382
2882,國泰金,10,0,10,第一金-台中,2024-04-03,5382
00927,群益半導體收益,10,0,10,第一金-台中,2024-04-03,5382
00733,富邦臺灣中小,9,0,9,第一金-台中,2024-04-03,5382
2540,愛山林,9,0,9,第一金-台中,2024-04-03,5382
5471,松翰,9,0,9,第一金-台中,2024-04-03,5382
00795B,中信美國公債20年,8,0,8,第一金-台中,2024-04-03,5382
2028,威致,8,0,8,第一金-台中,2024-04-03,5382
00680L,元大美債20正2,212,0,212,第一金-台中,2024-04-08,5382
00940,元大台灣價值高息,238,42,196,第一金-台中,2024-04-08,5382
3147,大綜,115,0,115,第一金-台中,2024-04-08,5382
00929,復華台灣科技優息,90,0,90,第一金-台中,2024-04-08,5382
5465,富驊,112,26,86,第一金-台中,2024-04-08,5382
3038,全台,75,0,75,第一金-台中,2024-04-08,5382
8234,新漢,75,1,74,第一金-台中,2024-04-08,5382
6016,康和證,73,0,73,第一金-台中,2024-04-08,5382
00679B,元大美債20年,70,0,70,第一金-台中,2024-04-08,5382
00937B,群益ESG投等債20,69,0,69,第一金-台中,2024-04-08,5382
2371,大同,77,11,66,第一金-台中,2024-04-08,5382
2515,中工,70,22,48,第一金-台中,2024-04-08,5382
0056,元大高股息,42,4,38,第一金-台中,2024-04-08,5382
1514,亞力,96,62,34,第一金-台中,2024-04-08,5382
00688L,國泰20年美債正2,32,0,32,第一金-台中,2024-04-08,5382
00687B,國泰20年美債,42,11,31,第一金-台中,2024-04-08,5382
5525,順天,30,0,30,第一金-台中,2024-04-08,5382
2365,昆盈,45,20,25,第一金-台中,2024-04-08,5382
2376,技嘉,47,23,24,第一金-台中,2024-04-08,5382
6215,和椿,27,3,24,第一金-台中,2024-04-08,5382
00751B,元大AAA至A公司債,24,2,22,第一金-台中,2024-04-08,5382
00936,台新永續高息中小,20,0,20,第一金-台中,2024-04-08,5382
5474,聰泰,20,1,19,第一金-台中,2024-04-08,5382
6005,群益證,16,1,15,第一金-台中,2024-04-08,5382
2888,新光金,15,0,15,第一金-台中,2024-04-08,5382
3363,上詮,17,2,15,第一金-台中,2024-04-08,5382
2313,華通,45,31,14,第一金-台中,2024-04-08,5382
5523,豐謙,14,0,14,第一金-台中,2024-04-08,5382
2467,志聖,36,23,13,第一金-台中,2024-04-08,5382
2511,太子,13,0,13,第一金-台中,2024-04-08,5382
3059,華晶科,28,16,12,第一金-台中,2024-04-08,5382
00712,復華富時不動產,12,0,12,第一金-台中,2024-04-08,5382
1618,合機,48,36,12,第一金-台中,2024-04-08,5382
2324,仁寶,12,0,12,第一金-台中,2024-04-08,5382
4909,新復興,12,0,12,第一金-台中,2024-04-08,5382
00931B,統一美債20年,11,0,11,第一金-台中,2024-04-08,5382
2489,瑞軒,13,2,11,第一金-台中,2024-04-08,5382
2547,日勝生,11,0,11,第一金-台中,2024-04-08,5382
2009,第一銅,14,4,10,第一金-台中,2024-04-08,5382
2520,冠德,10,0,10,第一金-台中,2024-04-08,5382
2605,新興,10,0,10,第一金-台中,2024-04-08,5382
2908,特力,10,0,10,第一金-台中,2024-04-08,5382
6163,華電網,10,0,10,第一金-台中,2024-04-08,5382
6241,易通展,10,0,10,第一金-台中,2024-04-08,5382
6523,達爾膚,10,0,10,第一金-台中,2024-04-08,5382
9934,成霖,10,0,10,第一金-台中,2024-04-08,5382
2032,新鋼,15,6,9,第一金-台中,2024-04-08,5382
2374,佳能,42,33,9,第一金-台中,2024-04-08,5382
3105,穩懋,9,1,8,第一金-台中,2024-04-08,5382
1513,中興電,60,52,8,第一金-台中,2024-04-08,5382
00937B,群益ESG投等債20,163,48,115,第一金-台中,2024-04-09,5382
2486,一詮,114,26,88,第一金-台中,2024-04-09,5382
3147,大綜,73,1,72,第一金-台中,2024-04-09,5382
2363,矽統,132,63,69,第一金-台中,2024-04-09,5382
2634,漢翔,125,64,61,第一金-台中,2024-04-09,5382
00940,元大台灣價值高息,56,18,38,第一金-台中,2024-04-09,5382
00687B,國泰20年美債,37,0,37,第一金-台中,2024-04-09,5382
3231,緯創,60,24,36,第一金-台中,2024-04-09,5382
00939,統一台灣高息動能,46,11,35,第一金-台中,2024-04-09,5382
2022,聚亨,31,0,31,第一金-台中,2024-04-09,5382
6188,廣明,54,23,31,第一金-台中,2024-04-09,5382
2409,友達,58,27,31,第一金-台中,2024-04-09,5382
4906,正文,31,1,30,第一金-台中,2024-04-09,5382
2515,中工,75,47,28,第一金-台中,2024-04-09,5382
00720B,元大投資級公司債,26,0,26,第一金-台中,2024-04-09,5382
6189,豐藝,34,8,26,第一金-台中,2024-04-09,5382
3481,群創,32,8,24,第一金-台中,2024-04-09,5382
00919,群益台灣精選高息,25,2,23,第一金-台中,2024-04-09,5382
1532,勤美,23,3,20,第一金-台中,2024-04-09,5382
2328,廣宇,21,2,19,第一金-台中,2024-04-09,5382
3306,鼎天,20,1,19,第一金-台中,2024-04-09,5382
2356,英業達,25,7,18,第一金-台中,2024-04-09,5382
1618,合機,160,142,18,第一金-台中,2024-04-09,5382
2511,太子,18,0,18,第一金-台中,2024-04-09,5382
1513,中興電,50,32,18,第一金-台中,2024-04-09,5382
2610,華航,20,3,17,第一金-台中,2024-04-09,5382
00929,復華台灣科技優息,20,3,17,第一金-台中,2024-04-09,5382
2359,所羅門,26,11,15,第一金-台中,2024-04-09,5382
5471,松翰,15,0,15,第一金-台中,2024-04-09,5382
3338,泰碩,40,25,15,第一金-台中,2024-04-09,5382
8936,國統,13,0,13,第一金-台中,2024-04-09,5382
2867,三商壽,15,2,13,第一金-台中,2024-04-09,5382
1609,大亞,122,110,12,第一金-台中,2024-04-09,5382
00688L,國泰20年美債正2,12,0,12,第一金-台中,2024-04-09,5382
6535,順藥,12,0,12,第一金-台中,2024-04-09,5382
2029,盛餘,11,0,11,第一金-台中,2024-04-09,5382
4162,智擎,10,0,10,第一金-台中,2024-04-09,5382
6462,神盾,11,1,10,第一金-台中,2024-04-09,5382
5234,達興材料,10,0,10,第一金-台中,2024-04-09,5382
1102,亞泥,10,0,10,第一金-台中,2024-04-09,5382
1909,榮成,10,0,10,第一金-台中,2024-04-09,5382
2015,豐興,10,0,10,第一金-台中,2024-04-09,5382
2354,鴻準,18,8,10,第一金-台中,2024-04-09,5382
3209,全科,10,0,10,第一金-台中,2024-04-09,5382
3213,茂訊,10,0,10,第一金-台中,2024-04-09,5382
3450,聯鈞,21,11,10,第一金-台中,2024-04-09,5382
6015,宏遠證,10,0,10,第一金-台中,2024-04-09,5382
6806,森崴能源,10,0,10,第一金-台中,2024-04-09,5382
8092,建暐,20,10,10,第一金-台中,2024-04-09,5382
9940,信義,10,0,10,第一金-台中,2024-04-09,5382
3231,緯創,316,21,295,第一金-台中,2024-04-10,5382
3213,茂訊,220,13,207,第一金-台中,2024-04-10,5382
2888,新光金,132,18,114,第一金-台中,2024-04-10,5382
00937B,群益ESG投等債20,104,10,94,第一金-台中,2024-04-10,5382
3019,亞光,80,2,78,第一金-台中,2024-04-10,5382
2303,聯電,83,24,59,第一金-台中,2024-04-10,5382
00940,元大台灣價值高息,97,42,55,第一金-台中,2024-04-10,5382
1608,華榮,97,43,54,第一金-台中,2024-04-10,5382
00673R,期元大S＆P原油反1,51,0,51,第一金-台中,2024-04-10,5382
00919,群益台灣精選高息,57,16,41,第一金-台中,2024-04-10,5382
2645,長榮航太,44,4,40,第一金-台中,2024-04-10,5382
2371,大同,42,5,37,第一金-台中,2024-04-10,5382
2316,楠梓電,46,13,33,第一金-台中,2024-04-10,5382
2376,技嘉,34,6,28,第一金-台中,2024-04-10,5382
1605,華新,103,78,25,第一金-台中,2024-04-10,5382
2867,三商壽,25,0,25,第一金-台中,2024-04-10,5382
8096,擎亞,81,58,23,第一金-台中,2024-04-10,5382
2007,燁興,23,1,22,第一金-台中,2024-04-10,5382
2605,新興,35,13,22,第一金-台中,2024-04-10,5382
3209,全科,22,0,22,第一金-台中,2024-04-10,5382
00706L,期元大S＆P日圓正2,20,0,20,第一金-台中,2024-04-10,5382
2329,華泰,38,18,20,第一金-台中,2024-04-10,5382
4768,晶呈科技,20,0,20,第一金-台中,2024-04-10,5382
6613,朋億*,20,1,19,第一金-台中,2024-04-10,5382
1584,精剛,29,11,18,第一金-台中,2024-04-10,5382
3715,定穎投控,20,3,17,第一金-台中,2024-04-10,5382
2637,慧洋-KY,20,5,15,第一金-台中,2024-04-10,5382
3013,晟銘電,35,20,15,第一金-台中,2024-04-10,5382
1795,美時,19,4,15,第一金-台中,2024-04-10,5382
00929,復華台灣科技優息,17,3,14,第一金-台中,2024-04-10,5382
6125,廣運,13,1,12,第一金-台中,2024-04-10,5382
2323,中環,12,0,12,第一金-台中,2024-04-10,5382
2911,麗嬰房,12,0,12,第一金-台中,2024-04-10,5382
3521,鴻翊,12,0,12,第一金-台中,2024-04-10,5382
5512,力麒,40,28,12,第一金-台中,2024-04-10,5382
00733,富邦臺灣中小,13,2,11,第一金-台中,2024-04-10,5382
2357,華碩,12,1,11,第一金-台中,2024-04-10,5382
3483,力致,11,0,11,第一金-台中,2024-04-10,5382
1503,士電,44,34,10,第一金-台中,2024-04-10,5382
1307,三芳,10,0,10,第一金-台中,2024-04-10,5382
1731,美吾華,10,0,10,第一金-台中,2024-04-10,5382
2014,中鴻,15,5,10,第一金-台中,2024-04-10,5382
2464,盟立,113,103,10,第一金-台中,2024-04-10,5382
4306,炎洲,10,0,10,第一金-台中,2024-04-10,5382
4541,晟田,10,0,10,第一金-台中,2024-04-10,5382
6558,興能高,12,2,10,第一金-台中,2024-04-10,5382
8110,華東,12,2,10,第一金-台中,2024-04-10,5382
9958,世紀鋼,10,0,10,第一金-台中,2024-04-10,5382
2027,大成鋼,15,6,9,第一金-台中,2024-04-10,5382
2367,燿華,9,0,9,第一金-台中,2024-04-10,5382
00940,元大台灣價值高息,251,27,224,第一金-台中,2024-04-11,5382
2109,華豐,200,0,200,第一金-台中,2024-04-11,5382
00680L,元大美債20正2,206,10,196,第一金-台中,2024-04-11,5382
3481,群創,127,8,119,第一金-台中,2024-04-11,5382
00937B,群益ESG投等債20,109,3,106,第一金-台中,2024-04-11,5382
9933,中鼎,79,1,78,第一金-台中,2024-04-11,5382
00919,群益台灣精選高息,76,4,72,第一金-台中,2024-04-11,5382
00929,復華台灣科技優息,77,8,69,第一金-台中,2024-04-11,5382
2353,宏��,174,106,68,第一金-台中,2024-04-11,5382
3231,緯創,370,303,67,第一金-台中,2024-04-11,5382
3213,茂訊,64,0,64,第一金-台中,2024-04-11,5382
00712,復華富時不動產,65,5,60,第一金-台中,2024-04-11,5382
00679B,元大美債20年,60,0,60,第一金-台中,2024-04-11,5382
00687B,國泰20年美債,56,0,56,第一金-台中,2024-04-11,5382
2888,新光金,52,0,52,第一金-台中,2024-04-11,5382
1605,華新,66,20,46,第一金-台中,2024-04-11,5382
1513,中興電,151,109,42,第一金-台中,2024-04-11,5382
2409,友達,37,0,37,第一金-台中,2024-04-11,5382
00933B,國泰10Y+金融債,32,0,32,第一金-台中,2024-04-11,5382
00720B,元大投資級公司債,29,3,26,第一金-台中,2024-04-11,5382
8033,雷虎,31,5,26,第一金-台中,2024-04-11,5382
00751B,元大AAA至A公司債,25,0,25,第一金-台中,2024-04-11,5382
2355,敬鵬,22,0,22,第一金-台中,2024-04-11,5382
2337,旺宏,20,0,20,第一金-台中,2024-04-11,5382
5471,松翰,20,0,20,第一金-台中,2024-04-11,5382
0056,元大高股息,19,1,18,第一金-台中,2024-04-11,5382
2354,鴻準,44,26,18,第一金-台中,2024-04-11,5382
4157,太景*-KY,16,0,16,第一金-台中,2024-04-11,5382
1609,大亞,82,67,15,第一金-台中,2024-04-11,5382
00931B,統一美債20年,15,0,15,第一金-台中,2024-04-11,5382
2509,全坤建,15,0,15,第一金-台中,2024-04-11,5382
2367,燿華,20,6,14,第一金-台中,2024-04-11,5382
2323,中環,14,0,14,第一金-台中,2024-04-11,5382
2603,長榮,23,10,13,第一金-台中,2024-04-11,5382
2464,盟立,41,28,13,第一金-台中,2024-04-11,5382
2605,新興,31,18,13,第一金-台中,2024-04-11,5382
6271,同欣電,13,0,13,第一金-台中,2024-04-11,5382
6806,森崴能源,25,12,13,第一金-台中,2024-04-11,5382
2313,華通,12,0,12,第一金-台中,2024-04-11,5382
6670,復盛應用,12,0,12,第一金-台中,2024-04-11,5382
00722B,群益投資級電信債,11,0,11,第一金-台中,2024-04-11,5382
1810,和成,11,0,11,第一金-台中,2024-04-11,5382
3686,達能,20,9,11,第一金-台中,2024-04-11,5382
4905,台聯電,12,1,11,第一金-台中,2024-04-11,5382
2382,廣達,21,11,10,第一金-台中,2024-04-11,5382
00927,群益半導體收益,10,0,10,第一金-台中,2024-04-11,5382
1218,泰山,10,0,10,第一金-台中,2024-04-11,5382
2007,燁興,11,1,10,第一金-台中,2024-04-11,5382
2762,世界健身-KY,10,0,10,第一金-台中,2024-04-11,5382
3576,聯合再生,12,2,10,第一金-台中,2024-04-11,5382
2317,鴻海,329,9,320,第一金-台中,2024-04-12,5382
2329,華泰,286,6,280,第一金-台中,2024-04-12,5382
2367,燿華,245,19,226,第一金-台中,2024-04-12,5382
1504,東元,161,20,141,第一金-台中,2024-04-12,5382
2884,玉山金,100,0,100,第一金-台中,2024-04-12,5382
00679B,元大美債20年,72,3,69,第一金-台中,2024-04-12,5382
00929,復華台灣科技優息,57,1,56,第一金-台中,2024-04-12,5382
8411,福貞-KY,50,0,50,第一金-台中,2024-04-12,5382
8936,國統,59,9,50,第一金-台中,2024-04-12,5382
4526,東台,55,6,49,第一金-台中,2024-04-12,5382
1587,吉茂,41,0,41,第一金-台中,2024-04-12,5382
1609,大亞,75,38,37,第一金-台中,2024-04-12,5382
00688L,國泰20年美債正2,33,0,33,第一金-台中,2024-04-12,5382
1455,集盛,35,2,33,第一金-台中,2024-04-12,5382
2323,中環,30,0,30,第一金-台中,2024-04-12,5382
6841,長佳智能,30,0,30,第一金-台中,2024-04-12,5382
00720B,元大投資級公司債,31,3,28,第一金-台中,2024-04-12,5382
00941,中信上游半導體,31,3,28,第一金-台中,2024-04-12,5382
2545,皇翔,25,0,25,第一金-台中,2024-04-12,5382
3289,宜特,26,2,24,第一金-台中,2024-04-12,5382
00687B,國泰20年美債,25,2,23,第一金-台中,2024-04-12,5382
00878,國泰永續高股息,22,1,21,第一金-台中,2024-04-12,5382
3231,緯創,24,3,21,第一金-台中,2024-04-12,5382
2104,國際中橡,21,0,21,第一金-台中,2024-04-12,5382
1503,士電,35,15,20,第一金-台中,2024-04-12,5382
8358,金居,33,16,17,第一金-台中,2024-04-12,5382
00939,統一台灣高息動能,16,0,16,第一金-台中,2024-04-12,5382
2382,廣達,17,1,16,第一金-台中,2024-04-12,5382
9933,中鼎,20,5,15,第一金-台中,2024-04-12,5382
6806,森崴能源,14,0,14,第一金-台中,2024-04-12,5382
2376,技嘉,16,2,14,第一金-台中,2024-04-12,5382
2399,映泰,14,0,14,第一金-台中,2024-04-12,5382
2515,中工,34,20,14,第一金-台中,2024-04-12,5382
00937B,群益ESG投等債20,44,31,13,第一金-台中,2024-04-12,5382
2324,仁寶,18,5,13,第一金-台中,2024-04-12,5382
2883,凱基金,13,0,13,第一金-台中,2024-04-12,5382
2401,凌陽,12,0,12,第一金-台中,2024-04-12,5382
3213,茂訊,12,0,12,第一金-台中,2024-04-12,5382
2002,中鋼,13,1,12,第一金-台中,2024-04-12,5382
1303,南亞,11,0,11,第一金-台中,2024-04-12,5382
2801,彰銀,14,3,11,第一金-台中,2024-04-12,5382
00927,群益半導體收益,11,0,11,第一金-台中,2024-04-12,5382
1218,泰山,10,0,10,第一金-台中,2024-04-12,5382
2406,國碩,10,0,10,第一金-台中,2024-04-12,5382
2897,王道銀行,15,5,10,第一金-台中,2024-04-12,5382
3362,先進光,11,1,10,第一金-台中,2024-04-12,5382
3466,德晉,10,0,10,第一金-台中,2024-04-12,5382
5483,中美晶,10,0,10,第一金-台中,2024-04-12,5382
1514,亞力,103,93,10,第一金-台中,2024-04-12,5382
0056,元大高股息,11,2,9,第一金-台中,2024-04-12,5382
00940,元大台灣價值高息,218,4,214,第一金-台中,2024-04-15,5382
2836,高雄銀,170,0,170,第一金-台中,2024-04-15,5382
00929,復華台灣科技優息,138,0,138,第一金-台中,2024-04-15,5382
1609,大亞,180,56,124,第一金-台中,2024-04-15,5382
00939,統一台灣高息動能,80,4,76,第一金-台中,2024-04-15,5382
1618,合機,116,48,68,第一金-台中,2024-04-15,5382
00919,群益台灣精選高息,65,2,63,第一金-台中,2024-04-15,5382
3703,欣陸,58,0,58,第一金-台中,2024-04-15,5382
0056,元大高股息,58,4,54,第一金-台中,2024-04-15,5382
2618,長榮航,55,2,53,第一金-台中,2024-04-15,5382
2371,大同,240,204,36,第一金-台中,2024-04-15,5382
3706,神達,33,0,33,第一金-台中,2024-04-15,5382
00882,中信中國高股息,31,0,31,第一金-台中,2024-04-15,5382
00936,台新永續高息中小,30,0,30,第一金-台中,2024-04-15,5382
2009,第一銅,36,10,26,第一金-台中,2024-04-15,5382
6841,長佳智能,23,0,23,第一金-台中,2024-04-15,5382
00927,群益半導體收益,24,2,22,第一金-台中,2024-04-15,5382
00725B,國泰投資級公司債,21,0,21,第一金-台中,2024-04-15,5382
00712,復華富時不動產,20,0,20,第一金-台中,2024-04-15,5382
5009,榮剛,50,30,20,第一金-台中,2024-04-15,5382
1514,亞力,53,33,20,第一金-台中,2024-04-15,5382
00937B,群益ESG投等債20,26,8,18,第一金-台中,2024-04-15,5382
2610,華航,27,9,18,第一金-台中,2024-04-15,5382
5604,中連,18,0,18,第一金-台中,2024-04-15,5382
00933B,國泰10Y+金融債,17,0,17,第一金-台中,2024-04-15,5382
2344,華邦電,16,0,16,第一金-台中,2024-04-15,5382
2399,映泰,16,0,16,第一金-台中,2024-04-15,5382
2376,技嘉,22,7,15,第一金-台中,2024-04-15,5382
4533,協易機,25,12,13,第一金-台中,2024-04-15,5382
5371,中光電,21,8,13,第一金-台中,2024-04-15,5382
2388,威盛,16,3,13,第一金-台中,2024-04-15,5382
2002,中鋼,11,0,11,第一金-台中,2024-04-15,5382
2633,台灣高鐵,11,0,11,第一金-台中,2024-04-15,5382
3260,威剛,19,8,11,第一金-台中,2024-04-15,5382
1608,華榮,100,89,11,第一金-台中,2024-04-15,5382
3615,安可,11,0,11,第一金-台中,2024-04-15,5382
2323,中環,10,0,10,第一金-台中,2024-04-15,5382
4121,優盛,10,0,10,第一金-台中,2024-04-15,5382
4542,科嶠,10,0,10,第一金-台中,2024-04-15,5382
8087,麗升能源,10,0,10,第一金-台中,2024-04-15,5382
9933,中鼎,10,0,10,第一金-台中,2024-04-15,5382
3294,英濟,11,2,9,第一金-台中,2024-04-15,5382
2206,三陽工業,11,2,9,第一金-台中,2024-04-15,5382
2915,潤泰全,9,0,9,第一金-台中,2024-04-15,5382
3013,晟銘電,38,29,9,第一金-台中,2024-04-15,5382
3049,精金,9,0,9,第一金-台中,2024-04-15,5382
5324,士開,9,0,9,第一金-台中,2024-04-15,5382
8390,金益鼎,9,0,9,第一金-台中,2024-04-15,5382
3227,原相,10,2,8,第一金-台中,2024-04-15,5382
2355,敬鵬,13,5,8,第一金-台中,2024-04-15,5382
00940,元大台灣價值高息,389,29,360,第一金-台中,2024-04-16,5382
00919,群益台灣精選高息,378,24,354,第一金-台中,2024-04-16,5382
1304,台聚,180,0,180,第一金-台中,2024-04-16,5382
00937B,群益ESG投等債20,170,31,139,第一金-台中,2024-04-16,5382
00929,復華台灣科技優息,135,11,124,第一金-台中,2024-04-16,5382
00680L,元大美債20正2,192,120,72,第一金-台中,2024-04-16,5382
3481,群創,60,3,57,第一金-台中,2024-04-16,5382
00878,國泰永續高股息,71,15,56,第一金-台中,2024-04-16,5382
0056,元大高股息,73,17,56,第一金-台中,2024-04-16,5382
2867,三商壽,64,9,55,第一金-台中,2024-04-16,5382
00939,統一台灣高息動能,59,11,48,第一金-台中,2024-04-16,5382
3703,欣陸,47,0,47,第一金-台中,2024-04-16,5382
00927,群益半導體收益,40,0,40,第一金-台中,2024-04-16,5382
6219,富旺,40,0,40,第一金-台中,2024-04-16,5382
00632R,元大台灣50反1,57,20,37,第一金-台中,2024-04-16,5382
5234,達興材料,35,0,35,第一金-台中,2024-04-16,5382
6901,鑽石投資,55,21,34,第一金-台中,2024-04-16,5382
2353,宏��,177,144,33,第一金-台中,2024-04-16,5382
1907,永豐餘,31,0,31,第一金-台中,2024-04-16,5382
2610,華航,29,0,29,第一金-台中,2024-04-16,5382
3231,緯創,47,19,28,第一金-台中,2024-04-16,5382
00679B,元大美債20年,25,1,24,第一金-台中,2024-04-16,5382
2344,華邦電,28,4,24,第一金-台中,2024-04-16,5382
00687B,國泰20年美債,29,5,24,第一金-台中,2024-04-16,5382
2882,國泰金,22,0,22,第一金-台中,2024-04-16,5382
2367,燿華,23,1,22,第一金-台中,2024-04-16,5382
2376,技嘉,21,3,18,第一金-台中,2024-04-16,5382
2324,仁寶,19,1,18,第一金-台中,2024-04-16,5382
2330,台積電,20,3,17,第一金-台中,2024-04-16,5382
6129,普誠,15,0,15,第一金-台中,2024-04-16,5382
9933,中鼎,15,0,15,第一金-台中,2024-04-16,5382
00712,復華富時不動產,40,25,15,第一金-台中,2024-04-16,5382
1731,美吾華,14,0,14,第一金-台中,2024-04-16,5382
2356,英業達,14,1,13,第一金-台中,2024-04-16,5382
2892,第一金,15,2,13,第一金-台中,2024-04-16,5382
3483,力致,13,1,12,第一金-台中,2024-04-16,5382
4306,炎洲,12,0,12,第一金-台中,2024-04-16,5382
6770,力積電,12,0,12,第一金-台中,2024-04-16,5382
1616,億泰,11,0,11,第一金-台中,2024-04-16,5382
3049,精金,11,0,11,第一金-台中,2024-04-16,5382
8467,波力-KY,11,0,11,第一金-台中,2024-04-16,5382
00733,富邦臺灣中小,10,0,10,第一金-台中,2024-04-16,5382
2408,南亞科,11,1,10,第一金-台中,2024-04-16,5382
2007,燁興,10,0,10,第一金-台中,2024-04-16,5382
2362,藍天,10,0,10,第一金-台中,2024-04-16,5382
4121,優盛,10,0,10,第一金-台中,2024-04-16,5382
6462,神盾,27,17,10,第一金-台中,2024-04-16,5382
6505,台塑化,10,0,10,第一金-台中,2024-04-16,5382
6841,長佳智能,11,1,10,第一金-台中,2024-04-16,5382
9902,台火,10,0,10,第一金-台中,2024-04-16,5382
3231,緯創,632,8,624,第一金-台中,2024-04-17,5382
00937B,群益ESG投等債20,140,1,139,第一金-台中,2024-04-17,5382
00878,國泰永續高股息,141,17,124,第一金-台中,2024-04-17,5382
2317,鴻海,144,23,121,第一金-台中,2024-04-17,5382
00885,富邦越南,100,0,100,第一金-台中,2024-04-17,5382
00632R,元大台灣50反1,91,0,91,第一金-台中,2024-04-17,5382
1615,大山,60,0,60,第一金-台中,2024-04-17,5382
00712,復華富時不動產,60,4,56,第一金-台中,2024-04-17,5382
1513,中興電,150,95,55,第一金-台中,2024-04-17,5382
00940,元大台灣價值高息,65,13,52,第一金-台中,2024-04-17,5382
00918,大華優利高填息30,52,0,52,第一金-台中,2024-04-17,5382
6005,群益證,35,0,35,第一金-台中,2024-04-17,5382
2885,元大金,30,0,30,第一金-台中,2024-04-17,5382
2855,統一證,30,0,30,第一金-台中,2024-04-17,5382
9933,中鼎,30,0,30,第一金-台中,2024-04-17,5382
00679B,元大美債20年,33,4,29,第一金-台中,2024-04-17,5382
1503,士電,32,6,26,第一金-台中,2024-04-17,5382
8096,擎亞,25,0,25,第一金-台中,2024-04-17,5382
00857B,永豐20年美公債,24,0,24,第一金-台中,2024-04-17,5382
1597,直得,20,0,20,第一金-台中,2024-04-17,5382
2849,安泰銀,20,0,20,第一金-台中,2024-04-17,5382
3710,連展投控,20,0,20,第一金-台中,2024-04-17,5382
6219,富旺,20,0,20,第一金-台中,2024-04-17,5382
6901,鑽石投資,20,0,20,第一金-台中,2024-04-17,5382
8440,綠電,22,2,20,第一金-台中,2024-04-17,5382
2353,宏��,109,91,18,第一金-台中,2024-04-17,5382
9955,佳龍,23,5,18,第一金-台中,2024-04-17,5382
00680L,元大美債20正2,17,0,17,第一金-台中,2024-04-17,5382
00927,群益半導體收益,21,4,17,第一金-台中,2024-04-17,5382
0056,元大高股息,17,1,16,第一金-台中,2024-04-17,5382
00751B,元大AAA至A公司債,25,10,15,第一金-台中,2024-04-17,5382
00933B,國泰10Y+金融債,14,0,14,第一金-台中,2024-04-17,5382
1809,中釉,13,0,13,第一金-台中,2024-04-17,5382
2303,聯電,14,2,12,第一金-台中,2024-04-17,5382
1303,南亞,12,0,12,第一金-台中,2024-04-17,5382
1810,和成,27,15,12,第一金-台中,2024-04-17,5382
00687B,國泰20年美債,11,0,11,第一金-台中,2024-04-17,5382
00905,FT臺灣Smart,11,0,11,第一金-台中,2024-04-17,5382
4960,誠美材,11,0,11,第一金-台中,2024-04-17,5382
8996,高力,11,1,10,第一金-台中,2024-04-17,5382
1802,台玻,10,0,10,第一金-台中,2024-04-17,5382
2362,藍天,10,0,10,第一金-台中,2024-04-17,5382
2515,中工,10,0,10,第一金-台中,2024-04-17,5382
2882,國泰金,10,0,10,第一金-台中,2024-04-17,5382
6541,泰福-KY,10,0,10,第一金-台中,2024-04-17,5382
8046,南電,10,0,10,第一金-台中,2024-04-17,5382
4167,松瑞藥,10,0,10,第一金-台中,2024-04-17,5382
2363,矽統,63,54,9,第一金-台中,2024-04-17,5382
00930,永豐ESG低碳高息,9,0,9,第一金-台中,2024-04-17,5382
00941,中信上游半導體,8,0,8,第一金-台中,2024-04-17,5382
1612,宏泰,102,8,94,第一金-台中,2024-04-18,5382
1608,華榮,112,23,89,第一金-台中,2024-04-18,5382
1615,大山,150,62,88,第一金-台中,2024-04-18,5382
1616,億泰,52,3,49,第一金-台中,2024-04-18,5382
1603,華電,63,15,48,第一金-台中,2024-04-18,5382
2317,鴻海,62,21,41,第一金-台中,2024-04-18,5382
2548,華固,40,0,40,第一金-台中,2024-04-18,5382
00937B,群益ESG投等債20,38,0,38,第一金-台中,2024-04-18,5382
2027,大成鋼,50,20,30,第一金-台中,2024-04-18,5382
1605,華新,69,41,28,第一金-台中,2024-04-18,5382
00929,復華台灣科技優息,27,0,27,第一金-台中,2024-04-18,5382
2610,華航,38,14,24,第一金-台中,2024-04-18,5382
2634,漢翔,41,17,24,第一金-台中,2024-04-18,5382
9933,中鼎,24,1,23,第一金-台中,2024-04-18,5382
2528,皇普,20,0,20,第一金-台中,2024-04-18,5382
2543,皇昌,42,22,20,第一金-台中,2024-04-18,5382
1810,和成,20,2,18,第一金-台中,2024-04-18,5382
00940,元大台灣價值高息,31,14,17,第一金-台中,2024-04-18,5382
00941,中信上游半導體,15,0,15,第一金-台中,2024-04-18,5382
1529,樂事綠能,28,13,15,第一金-台中,2024-04-18,5382
1101,台泥,13,0,13,第一金-台中,2024-04-18,5382
8926,台汽電,23,10,13,第一金-台中,2024-04-18,5382
6770,力積電,12,0,12,第一金-台中,2024-04-18,5382
1587,吉茂,13,1,12,第一金-台中,2024-04-18,5382
0056,元大高股息,16,4,12,第一金-台中,2024-04-18,5382
2204,中華,13,2,11,第一金-台中,2024-04-18,5382
2353,宏��,12,1,11,第一金-台中,2024-04-18,5382
3710,連展投控,11,0,11,第一金-台中,2024-04-18,5382
2376,技嘉,10,0,10,第一金-台中,2024-04-18,5382
2362,藍天,10,0,10,第一金-台中,2024-04-18,5382
2545,皇翔,10,0,10,第一金-台中,2024-04-18,5382
3707,漢磊,14,4,10,第一金-台中,2024-04-18,5382
4912,聯德控股-KY,10,0,10,第一金-台中,2024-04-18,5382
2618,長榮航,161,152,9,第一金-台中,2024-04-18,5382
6462,神盾,15,6,9,第一金-台中,2024-04-18,5382
2032,新鋼,8,0,8,第一金-台中,2024-04-18,5382
6233,旺玖,14,6,8,第一金-台中,2024-04-18,5382
00927,群益半導體收益,9,1,8,第一金-台中,2024-04-18,5382
00712,復華富時不動產,7,0,7,第一金-台中,2024-04-18,5382
2409,友達,7,0,7,第一金-台中,2024-04-18,5382
2867,三商壽,7,0,7,第一金-台中,2024-04-18,5382
3622,洋華,13,6,7,第一金-台中,2024-04-18,5382
3338,泰碩,14,8,6,第一金-台中,2024-04-18,5382
3481,群創,6,0,6,第一金-台中,2024-04-18,5382
5251,天鉞電,6,0,6,第一金-台中,2024-04-18,5382
9955,佳龍,50,44,6,第一金-台中,2024-04-18,5382
8028,昇陽半導體,6,1,5,第一金-台中,2024-04-18,5382
2356,英業達,6,1,5,第一金-台中,2024-04-18,5382
5234,達興材料,5,0,5,第一金-台中,2024-04-18,5382
00763U,期街口道瓊銅,5,0,5,第一金-台中,2024-04-18,5382
00929,復華台灣科技優息,399,51,348,第一金-台中,2024-04-19,5382
5607,遠雄港,225,0,225,第一金-台中,2024-04-19,5382
00919,群益台灣精選高息,198,15,183,第一金-台中,2024-04-19,5382
00940,元大台灣價值高息,207,26,181,第一金-台中,2024-04-19,5382
00939,統一台灣高息動能,77,6,71,第一金-台中,2024-04-19,5382
0056,元大高股息,81,14,67,第一金-台中,2024-04-19,5382
2371,大同,377,317,60,第一金-台中,2024-04-19,5382
2547,日勝生,50,1,49,第一金-台中,2024-04-19,5382
2330,台積電,50,11,39,第一金-台中,2024-04-19,5382
6901,鑽石投資,40,1,39,第一金-台中,2024-04-19,5382
2515,中工,69,34,35,第一金-台中,2024-04-19,5382
2528,皇普,40,5,35,第一金-台中,2024-04-19,5382
00720B,元大投資級公司債,44,10,34,第一金-台中,2024-04-19,5382
2610,華航,42,10,32,第一金-台中,2024-04-19,5382
2104,國際中橡,30,0,30,第一金-台中,2024-04-19,5382
5230,雷笛克光學,30,0,30,第一金-台中,2024-04-19,5382
00679B,元大美債20年,37,8,29,第一金-台中,2024-04-19,5382
8054,安國,46,19,27,第一金-台中,2024-04-19,5382
2543,皇昌,58,33,25,第一金-台中,2024-04-19,5382
3260,威剛,29,4,25,第一金-台中,2024-04-19,5382
4533,協易機,30,5,25,第一金-台中,2024-04-19,5382
00891,中信關鍵半導體,29,5,24,第一金-台中,2024-04-19,5382
1609,大亞,202,179,23,第一金-台中,2024-04-19,5382
00918,大華優利高填息30,21,0,21,第一金-台中,2024-04-19,5382
1615,大山,20,0,20,第一金-台中,2024-04-19,5382
1731,美吾華,20,0,20,第一金-台中,2024-04-19,5382
2495,普安,20,0,20,第一金-台中,2024-04-19,5382
2849,安泰銀,20,0,20,第一金-台中,2024-04-19,5382
3023,信邦,21,1,20,第一金-台中,2024-04-19,5382
4142,國光生,20,0,20,第一金-台中,2024-04-19,5382
3312,弘憶股,19,0,19,第一金-台中,2024-04-19,5382
00881,國泰台灣5G+,19,0,19,第一金-台中,2024-04-19,5382
6230,尼得科超眾,20,1,19,第一金-台中,2024-04-19,5382
3036,文曄,22,4,18,第一金-台中,2024-04-19,5382
2520,冠德,17,0,17,第一金-台中,2024-04-19,5382
2887,台新金,17,0,17,第一金-台中,2024-04-19,5382
2367,燿華,25,9,16,第一金-台中,2024-04-19,5382
2892,第一金,16,0,16,第一金-台中,2024-04-19,5382
6219,富旺,16,0,16,第一金-台中,2024-04-19,5382
00927,群益半導體收益,15,0,15,第一金-台中,2024-04-19,5382
006208,富邦台50,14,0,14,第一金-台中,2024-04-19,5382
2303,聯電,15,1,14,第一金-台中,2024-04-19,5382
6116,彩晶,14,0,14,第一金-台中,2024-04-19,5382
2439,美律,13,0,13,第一金-台中,2024-04-19,5382
1513,中興電,61,49,12,第一金-台中,2024-04-19,5382
5880,合庫金,14,2,12,第一金-台中,2024-04-19,5382
2308,台達電,11,0,11,第一金-台中,2024-04-19,5382
3231,緯創,29,18,11,第一金-台中,2024-04-19,5382
1618,合機,40,29,11,第一金-台中,2024-04-19,5382
1760,寶齡富錦,11,0,11,第一金-台中,2024-04-19,5382
1314,中石化,439,212,227,第一金-台中,2024-04-22,5382
2515,中工,244,115,129,第一金-台中,2024-04-22,5382
00929,復華台灣科技優息,193,75,118,第一金-台中,2024-04-22,5382
2317,鴻海,111,13,98,第一金-台中,2024-04-22,5382
2409,友達,83,3,80,第一金-台中,2024-04-22,5382
00679B,元大美債20年,67,0,67,第一金-台中,2024-04-22,5382
3033,威健,60,0,60,第一金-台中,2024-04-22,5382
5324,士開,58,0,58,第一金-台中,2024-04-22,5382
6770,力積電,53,0,53,第一金-台中,2024-04-22,5382
1806,冠軍,50,0,50,第一金-台中,2024-04-22,5382
2103,台橡,50,0,50,第一金-台中,2024-04-22,5382
00940,元大台灣價值高息,123,74,49,第一金-台中,2024-04-22,5382
00751B,元大AAA至A公司債,48,5,43,第一金-台中,2024-04-22,5382
00919,群益台灣精選高息,136,94,42,第一金-台中,2024-04-22,5382
2323,中環,30,0,30,第一金-台中,2024-04-22,5382
2524,京城,30,0,30,第一金-台中,2024-04-22,5382
00720B,元大投資級公司債,29,0,29,第一金-台中,2024-04-22,5382
2031,新光鋼,29,0,29,第一金-台中,2024-04-22,5382
5521,工信,73,44,29,第一金-台中,2024-04-22,5382
00632R,元大台灣50反1,30,5,25,第一金-台中,2024-04-22,5382
3231,緯創,36,12,24,第一金-台中,2024-04-22,5382
00882,中信中國高股息,23,0,23,第一金-台中,2024-04-22,5382
9933,中鼎,67,44,23,第一金-台中,2024-04-22,5382
3708,上緯投控,62,40,22,第一金-台中,2024-04-22,5382
00687B,國泰20年美債,35,14,21,第一金-台中,2024-04-22,5382
00933B,國泰10Y+金融債,21,0,21,第一金-台中,2024-04-22,5382
2520,冠德,26,7,19,第一金-台中,2024-04-22,5382
2101,南港,22,3,19,第一金-台中,2024-04-22,5382
4157,太景*-KY,20,2,18,第一金-台中,2024-04-22,5382
00939,統一台灣高息動能,54,38,16,第一金-台中,2024-04-22,5382
1587,吉茂,36,20,16,第一金-台中,2024-04-22,5382
2344,華邦電,16,0,16,第一金-台中,2024-04-22,5382
1515,力山,15,0,15,第一金-台中,2024-04-22,5382
00724B,群益投資級金融債,14,0,14,第一金-台中,2024-04-22,5382
6120,達運,29,15,14,第一金-台中,2024-04-22,5382
00878,國泰永續高股息,53,40,13,第一金-台中,2024-04-22,5382
1609,大亞,146,133,13,第一金-台中,2024-04-22,5382
6177,達麗,13,0,13,第一金-台中,2024-04-22,5382
2388,威盛,13,1,12,第一金-台中,2024-04-22,5382
2009,第一銅,23,11,12,第一金-台中,2024-04-22,5382
2408,南亞科,11,0,11,第一金-台中,2024-04-22,5382
1618,合機,27,16,11,第一金-台中,2024-04-22,5382
5529,鉅陞,10,0,10,第一金-台中,2024-04-22,5382
6462,神盾,11,1,10,第一金-台中,2024-04-22,5382
3481,群創,14,4,10,第一金-台中,2024-04-22,5382
8011,台通,10,0,10,第一金-台中,2024-04-22,5382
2834,臺企銀,10,0,10,第一金-台中,2024-04-22,5382
3284,太普高,10,0,10,第一金-台中,2024-04-22,5382
5607,遠雄港,10,0,10,第一金-台中,2024-04-22,5382
6541,泰福-KY,10,0,10,第一金-台中,2024-04-22,5382
1314,中石化,221,43,178,第一金-台中,2024-04-23,5382
00929,復華台灣科技優息,58,6,52,第一金-台中,2024-04-23,5382
00897,富邦基因免疫生技,40,0,40,第一金-台中,2024-04-23,5382
2371,大同,100,62,38,第一金-台中,2024-04-23,5382
9933,中鼎,35,0,35,第一金-台中,2024-04-23,5382
2317,鴻海,36,7,29,第一金-台中,2024-04-23,5382
00919,群益台灣精選高息,35,10,25,第一金-台中,2024-04-23,5382
00940,元大台灣價值高息,26,2,24,第一金-台中,2024-04-23,5382
2867,三商壽,32,10,22,第一金-台中,2024-04-23,5382
00632R,元大台灣50反1,30,10,20,第一金-台中,2024-04-23,5382
00939,統一台灣高息動能,13,0,13,第一金-台中,2024-04-23,5382
00877,復華中國5G,12,0,12,第一金-台中,2024-04-23,5382
1608,華榮,85,73,12,第一金-台中,2024-04-23,5382
6125,廣運,51,39,12,第一金-台中,2024-04-23,5382
8926,台汽電,13,1,12,第一金-台中,2024-04-23,5382
2376,技嘉,11,0,11,第一金-台中,2024-04-23,5382
3715,定穎投控,11,1,10,第一金-台中,2024-04-23,5382
1905,華紙,10,0,10,第一金-台中,2024-04-23,5382
2722,夏都,10,0,10,第一金-台中,2024-04-23,5382
3712,永崴投控,10,0,10,第一金-台中,2024-04-23,5382
6223,旺矽,12,2,10,第一金-台中,2024-04-23,5382
00878,國泰永續高股息,16,7,9,第一金-台中,2024-04-23,5382
00923,群益台ESG低碳50,9,0,9,第一金-台中,2024-04-23,5382
1337,再生-KY,15,6,9,第一金-台中,2024-04-23,5382
1609,大亞,90,82,8,第一金-台中,2024-04-23,5382
2027,大成鋼,10,2,8,第一金-台中,2024-04-23,5382
2883B,凱基金乙特,8,0,8,第一金-台中,2024-04-23,5382
6120,達運,14,6,8,第一金-台中,2024-04-23,5382
0056,元大高股息,16,8,8,第一金-台中,2024-04-23,5382
2357,華碩,7,0,7,第一金-台中,2024-04-23,5382
2241,艾姆勒,10,3,7,第一金-台中,2024-04-23,5382
3015,全漢,9,2,7,第一金-台中,2024-04-23,5382
2374,佳能,14,8,6,第一金-台中,2024-04-23,5382
3013,晟銘電,6,0,6,第一金-台中,2024-04-23,5382
3312,弘憶股,20,14,6,第一金-台中,2024-04-23,5382
5292,華懋,6,0,6,第一金-台中,2024-04-23,5382
8089,康全電訊,6,0,6,第一金-台中,2024-04-23,5382
3703,欣陸,5,0,5,第一金-台中,2024-04-23,5382
2353,宏��,5,0,5,第一金-台中,2024-04-23,5382
2915,潤泰全,5,0,5,第一金-台中,2024-04-23,5382
4533,協易機,10,5,5,第一金-台中,2024-04-23,5382
4564,元翎,5,0,5,第一金-台中,2024-04-23,5382
5410,國眾,5,0,5,第一金-台中,2024-04-23,5382
6166,凌華,5,0,5,第一金-台中,2024-04-23,5382
8011,台通,7,2,5,第一金-台中,2024-04-23,5382
2308,台達電,4,0,4,第一金-台中,2024-04-23,5382
6282,康舒,4,0,4,第一金-台中,2024-04-23,5382
00642U,期元大S＆P石油,4,0,4,第一金-台中,2024-04-23,5382
2108,南帝,4,0,4,第一金-台中,2024-04-23,5382
2748,雲品,5,1,4,第一金-台中,2024-04-23,5382
3231,緯創,634,15,619,第一金-台中,2024-04-24,5382
00919,群益台灣精選高息,66,13,53,第一金-台中,2024-04-24,5382
2745,五福,37,0,37,第一金-台中,2024-04-24,5382
8011,台通,35,7,28,第一金-台中,2024-04-24,5382
2504,國產,27,0,27,第一金-台中,2024-04-24,5382
6125,廣運,161,135,26,第一金-台中,2024-04-24,5382
1618,合機,65,41,24,第一金-台中,2024-04-24,5382
00720B,元大投資級公司債,31,10,21,第一金-台中,2024-04-24,5382
2002,中鋼,20,0,20,第一金-台中,2024-04-24,5382
00706L,期元大S＆P日圓正2,20,0,20,第一金-台中,2024-04-24,5382
2007,燁興,20,0,20,第一金-台中,2024-04-24,5382
3013,晟銘電,48,28,20,第一金-台中,2024-04-24,5382
6462,神盾,23,3,20,第一金-台中,2024-04-24,5382
9933,中鼎,20,0,20,第一金-台中,2024-04-24,5382
00679B,元大美債20年,17,0,17,第一金-台中,2024-04-24,5382
2374,佳能,30,13,17,第一金-台中,2024-04-24,5382
00939,統一台灣高息動能,16,0,16,第一金-台中,2024-04-24,5382
3703,欣陸,23,7,16,第一金-台中,2024-04-24,5382
2371,大同,171,156,15,第一金-台中,2024-04-24,5382
4157,太景*-KY,14,0,14,第一金-台中,2024-04-24,5382
3035,智原,14,1,13,第一金-台中,2024-04-24,5382
2368,金像電,10,0,10,第一金-台中,2024-04-24,5382
1608,華榮,39,29,10,第一金-台中,2024-04-24,5382
2492,華新科,10,0,10,第一金-台中,2024-04-24,5382
2542,興富發,10,0,10,第一金-台中,2024-04-24,5382
2611,志信,10,0,10,第一金-台中,2024-04-24,5382
2834,臺企銀,11,1,10,第一金-台中,2024-04-24,5382
3017,奇鋐,12,2,10,第一金-台中,2024-04-24,5382
2324,仁寶,10,0,10,第一金-台中,2024-04-24,5382
2514,龍邦,9,0,9,第一金-台中,2024-04-24,5382
8064,東捷,11,2,9,第一金-台中,2024-04-24,5382
00882,中信中國高股息,11,2,9,第一金-台中,2024-04-24,5382
2382,廣達,28,20,8,第一金-台中,2024-04-24,5382
2359,所羅門,10,2,8,第一金-台中,2024-04-24,5382
3147,大綜,8,0,8,第一金-台中,2024-04-24,5382
00662,富邦NASDAQ,7,0,7,第一金-台中,2024-04-24,5382
2206,三陽工業,35,28,7,第一金-台中,2024-04-24,5382
2317,鴻海,122,116,6,第一金-台中,2024-04-24,5382
2329,華泰,7,1,6,第一金-台中,2024-04-24,5382
2509,全坤建,6,0,6,第一金-台中,2024-04-24,5382
2543,皇昌,6,0,6,第一金-台中,2024-04-24,5382
2739,寒舍,9,3,6,第一金-台中,2024-04-24,5382
3006,晶豪科,7,1,6,第一金-台中,2024-04-24,5382
3362,先進光,7,1,6,第一金-台中,2024-04-24,5382
6129,普誠,6,0,6,第一金-台中,2024-04-24,5382
6668,中揚光,14,8,6,第一金-台中,2024-04-24,5382
00940,元大台灣價值高息,15,9,6,第一金-台中,2024-04-24,5382
2603,長榮,15,9,6,第一金-台中,2024-04-24,5382
3059,華晶科,5,0,5,第一金-台中,2024-04-24,5382
3228,金麗科,5,0,5,第一金-台中,2024-04-24,5382
00680L,元大美債20正2,181,0,181,第一金-台中,2024-04-25,5382
2371,大同,203,85,118,第一金-台中,2024-04-25,5382
00940,元大台灣價值高息,124,32,92,第一金-台中,2024-04-25,5382
5234,達興材料,57,0,57,第一金-台中,2024-04-25,5382
1806,冠軍,40,0,40,第一金-台中,2024-04-25,5382
3234,光環,40,1,39,第一金-台中,2024-04-25,5382
00929,復華台灣科技優息,43,7,36,第一金-台中,2024-04-25,5382
4303,信立,31,1,30,第一金-台中,2024-04-25,5382
1617,榮星,26,0,26,第一金-台中,2024-04-25,5382
3481,群創,77,51,26,第一金-台中,2024-04-25,5382
1905,華紙,26,2,24,第一金-台中,2024-04-25,5382
00937B,群益ESG投等債20,22,0,22,第一金-台中,2024-04-25,5382
4967,十銓,21,0,21,第一金-台中,2024-04-25,5382
5511,德昌,24,3,21,第一金-台中,2024-04-25,5382
2892,第一金,20,0,20,第一金-台中,2024-04-25,5382
9933,中鼎,21,1,20,第一金-台中,2024-04-25,5382
3228,金麗科,19,1,18,第一金-台中,2024-04-25,5382
00751B,元大AAA至A公司債,18,0,18,第一金-台中,2024-04-25,5382
2489,瑞軒,20,2,18,第一金-台中,2024-04-25,5382
6770,力積電,18,0,18,第一金-台中,2024-04-25,5382
2880,華南金,15,0,15,第一金-台中,2024-04-25,5382
3380,明泰,15,0,15,第一金-台中,2024-04-25,5382
3535,晶彩科,14,0,14,第一金-台中,2024-04-25,5382
0056,元大高股息,16,3,13,第一金-台中,2024-04-25,5382
2362,藍天,33,20,13,第一金-台中,2024-04-25,5382
3338,泰碩,18,5,13,第一金-台中,2024-04-25,5382
3037,欣興,28,16,12,第一金-台中,2024-04-25,5382
2883B,凱基金乙特,12,0,12,第一金-台中,2024-04-25,5382
6753,龍德造船,12,0,12,第一金-台中,2024-04-25,5382
00878,國泰永續高股息,15,3,12,第一金-台中,2024-04-25,5382
3035,智原,15,4,11,第一金-台中,2024-04-25,5382
00662,富邦NASDAQ,11,0,11,第一金-台中,2024-04-25,5382
6533,晶心科,10,0,10,第一金-台中,2024-04-25,5382
1219,福壽,10,0,10,第一金-台中,2024-04-25,5382
2007,燁興,10,0,10,第一金-台中,2024-04-25,5382
1810,和成,10,1,9,第一金-台中,2024-04-25,5382
5425,台半,8,0,8,第一金-台中,2024-04-25,5382
2408,南亞科,8,0,8,第一金-台中,2024-04-25,5382
5371,中光電,8,0,8,第一金-台中,2024-04-25,5382
2545,皇翔,15,8,7,第一金-台中,2024-04-25,5382
6197,佳必琪,8,1,7,第一金-台中,2024-04-25,5382
6552,易華電,7,0,7,第一金-台中,2024-04-25,5382
8996,高力,9,2,7,第一金-台中,2024-04-25,5382
2356,英業達,6,0,6,第一金-台中,2024-04-25,5382
00927,群益半導體收益,6,0,6,第一金-台中,2024-04-25,5382
00923,群益台ESG低碳50,6,0,6,第一金-台中,2024-04-25,5382
00720B,元大投資級公司債,6,0,6,第一金-台中,2024-04-25,5382
2365,昆盈,6,0,6,第一金-台中,2024-04-25,5382
2542,興富發,6,0,6,第一金-台中,2024-04-25,5382
6176,瑞儀,12,6,6,第一金-台中,2024-04-25,5382
00679B,元大美債20年,124,0,124,第一金-台中,2024-04-26,5382
2317,鴻海,130,20,110,第一金-台中,2024-04-26,5382
2505,國揚,56,2,54,第一金-台中,2024-04-26,5382
00937B,群益ESG投等債20,49,0,49,第一金-台中,2024-04-26,5382
00857B,永豐20年美公債,46,0,46,第一金-台中,2024-04-26,5382
2241,艾姆勒,82,40,42,第一金-台中,2024-04-26,5382
00940,元大台灣價值高息,30,2,28,第一金-台中,2024-04-26,5382
00929,復華台灣科技優息,27,2,25,第一金-台中,2024-04-26,5382
5523,豐謙,25,1,24,第一金-台中,2024-04-26,5382
3013,晟銘電,78,56,22,第一金-台中,2024-04-26,5382
4726,永昕,22,0,22,第一金-台中,2024-04-26,5382
2362,藍天,26,5,21,第一金-台中,2024-04-26,5382
3605,宏致,24,4,20,第一金-台中,2024-04-26,5382
2515,中工,109,92,17,第一金-台中,2024-04-26,5382
00751B,元大AAA至A公司債,16,0,16,第一金-台中,2024-04-26,5382
2867,三商壽,35,20,15,第一金-台中,2024-04-26,5382
5609,中菲行,15,0,15,第一金-台中,2024-04-26,5382
2464,盟立,44,29,15,第一金-台中,2024-04-26,5382
2363,矽統,31,16,15,第一金-台中,2024-04-26,5382
9933,中鼎,15,1,14,第一金-台中,2024-04-26,5382
6188,廣明,37,24,13,第一金-台中,2024-04-26,5382
2359,所羅門,29,16,13,第一金-台中,2024-04-26,5382
3703,欣陸,55,43,12,第一金-台中,2024-04-26,5382
00795B,中信美國公債20年,11,0,11,第一金-台中,2024-04-26,5382
1605,華新,12,1,11,第一金-台中,2024-04-26,5382
3706,神達,18,7,11,第一金-台中,2024-04-26,5382
00933B,國泰10Y+金融債,11,0,11,第一金-台中,2024-04-26,5382
00687B,國泰20年美債,11,0,11,第一金-台中,2024-04-26,5382
2913,農林,10,0,10,第一金-台中,2024-04-26,5382
00752,中信中國50,10,0,10,第一金-台中,2024-04-26,5382
1905,華紙,15,5,10,第一金-台中,2024-04-26,5382
2520,冠德,51,41,10,第一金-台中,2024-04-26,5382
3339,泰谷,10,0,10,第一金-台中,2024-04-26,5382
8092,建暐,10,0,10,第一金-台中,2024-04-26,5382
00882,中信中國高股息,10,1,9,第一金-台中,2024-04-26,5382
3521,鴻翊,9,0,9,第一金-台中,2024-04-26,5382
6451,訊芯-KY,14,5,9,第一金-台中,2024-04-26,5382
00680L,元大美債20正2,8,0,8,第一金-台中,2024-04-26,5382
00941,中信上游半導體,9,1,8,第一金-台中,2024-04-26,5382
2537,聯上發,10,2,8,第一金-台中,2024-04-26,5382
2634,漢翔,10,2,8,第一金-台中,2024-04-26,5382
3363,上詮,8,1,7,第一金-台中,2024-04-26,5382
6207,雷科,44,37,7,第一金-台中,2024-04-26,5382
8033,雷虎,7,0,7,第一金-台中,2024-04-26,5382
8996,高力,23,16,7,第一金-台中,2024-04-26,5382
8936,國統,7,1,6,第一金-台中,2024-04-26,5382
1504,東元,6,0,6,第一金-台中,2024-04-26,5382
2374,佳能,14,8,6,第一金-台中,2024-04-26,5382
8234,新漢,11,5,6,第一金-台中,2024-04-26,5382
2609,陽明,139,134,5,第一金-台中,2024-04-26,5382
2617,台航,100,2,98,第一金-台中,2024-04-29,5382
8011,台通,97,1,96,第一金-台中,2024-04-29,5382
2913,農林,126,44,82,第一金-台中,2024-04-29,5382
2363,矽統,91,31,60,第一金-台中,2024-04-29,5382
6451,訊芯-KY,57,6,51,第一金-台中,2024-04-29,5382
1314,中石化,131,89,42,第一金-台中,2024-04-29,5382
1905,華紙,101,62,39,第一金-台中,2024-04-29,5382
2537,聯上發,50,11,39,第一金-台中,2024-04-29,5382
2107,厚生,35,0,35,第一金-台中,2024-04-29,5382
1103,嘉泥,30,0,30,第一金-台中,2024-04-29,5382
2607,榮運,30,0,30,第一金-台中,2024-04-29,5382
1101,台泥,29,0,29,第一金-台中,2024-04-29,5382
2442,新美齊,40,12,28,第一金-台中,2024-04-29,5382
8390,金益鼎,26,0,26,第一金-台中,2024-04-29,5382
2323,中環,26,1,25,第一金-台中,2024-04-29,5382
2449,京元電子,24,1,23,第一金-台中,2024-04-29,5382
1419,新紡,22,0,22,第一金-台中,2024-04-29,5382
1795,美時,21,1,20,第一金-台中,2024-04-29,5382
1903,士紙,27,7,20,第一金-台中,2024-04-29,5382
2332,友訊,20,0,20,第一金-台中,2024-04-29,5382
3163,波若威,16,1,15,第一金-台中,2024-04-29,5382
3234,光環,15,4,11,第一金-台中,2024-04-29,5382
6462,神盾,11,0,11,第一金-台中,2024-04-29,5382
2542,興富發,13,2,11,第一金-台中,2024-04-29,5382
1432,大魯閣,10,0,10,第一金-台中,2024-04-29,5382
2883B,凱基金乙特,10,0,10,第一金-台中,2024-04-29,5382
6120,達運,10,0,10,第一金-台中,2024-04-29,5382
1108,幸福,9,0,9,第一金-台中,2024-04-29,5382
3707,漢磊,14,5,9,第一金-台中,2024-04-29,5382
6449,鈺邦,16,7,9,第一金-台中,2024-04-29,5382
1210,大成,8,0,8,第一金-台中,2024-04-29,5382
2511,太子,8,0,8,第一金-台中,2024-04-29,5382
4157,太景*-KY,8,0,8,第一金-台中,2024-04-29,5382
00719B,元大美債1-3,7,0,7,第一金-台中,2024-04-29,5382
1597,直得,7,0,7,第一金-台中,2024-04-29,5382
4533,協易機,10,3,7,第一金-台中,2024-04-29,5382
5392,能率,8,1,7,第一金-台中,2024-04-29,5382
2371,大同,47,41,6,第一金-台中,2024-04-29,5382
3312,弘憶股,24,18,6,第一金-台中,2024-04-29,5382
4919,新唐,7,1,6,第一金-台中,2024-04-29,5382
5531,鄉林,10,4,6,第一金-台中,2024-04-29,5382
0056,元大高股息,9,3,6,第一金-台中,2024-04-29,5382
00919,群益台灣精選高息,14,9,5,第一金-台中,2024-04-29,5382
4976,佳凌,5,0,5,第一金-台中,2024-04-29,5382
2359,所羅門,7,2,5,第一金-台中,2024-04-29,5382
00665L,富邦�琤肭磪囓�2,87,82,5,第一金-台中,2024-04-29,5382
00662,富邦NASDAQ,5,0,5,第一金-台中,2024-04-29,5382
00700,富邦�琤肭磪�,5,0,5,第一金-台中,2024-04-29,5382
1316,上曜,14,9,5,第一金-台中,2024-04-29,5382
1817,凱撒衛,5,0,5,第一金-台中,2024-04-29,5382
4960,誠美材,70,1,69,第一金-台中,2024-04-30,5382
00919,群益台灣精選高息,37,1,36,第一金-台中,2024-04-30,5382
00728,第一金工業30,35,0,35,第一金-台中,2024-04-30,5382
4915,致伸,32,0,32,第一金-台中,2024-04-30,5382
5457,宣德,35,4,31,第一金-台中,2024-04-30,5382
4967,十銓,32,3,29,第一金-台中,2024-04-30,5382
00632R,元大台灣50反1,25,0,25,第一金-台中,2024-04-30,5382
1108,幸福,25,0,25,第一金-台中,2024-04-30,5382
5371,中光電,31,7,24,第一金-台中,2024-04-30,5382
00679B,元大美債20年,21,1,20,第一金-台中,2024-04-30,5382
00882,中信中國高股息,20,0,20,第一金-台中,2024-04-30,5382
3441,聯一光,20,0,20,第一金-台中,2024-04-30,5382
4976,佳凌,16,0,16,第一金-台中,2024-04-30,5382
3576,聯合再生,15,0,15,第一金-台中,2024-04-30,5382
1314,中石化,114,100,14,第一金-台中,2024-04-30,5382
9945,潤泰新,24,10,14,第一金-台中,2024-04-30,5382
6190,萬泰科,14,0,14,第一金-台中,2024-04-30,5382
00940,元大台灣價值高息,13,1,12,第一金-台中,2024-04-30,5382
0056,元大高股息,16,4,12,第一金-台中,2024-04-30,5382
1605,華新,12,0,12,第一金-台中,2024-04-30,5382
8011,台通,16,4,12,第一金-台中,2024-04-30,5382
2610,華航,15,3,12,第一金-台中,2024-04-30,5382
2317,鴻海,25,13,12,第一金-台中,2024-04-30,5382
2887,台新金,11,0,11,第一金-台中,2024-04-30,5382
3013,晟銘電,14,3,11,第一金-台中,2024-04-30,5382
8096,擎亞,58,48,10,第一金-台中,2024-04-30,5382
00712,復華富時不動產,10,0,10,第一金-台中,2024-04-30,5382
00725B,國泰投資級公司債,10,0,10,第一金-台中,2024-04-30,5382
00664R,國泰臺灣加權反1,10,0,10,第一金-台中,2024-04-30,5382
2107,厚生,10,0,10,第一金-台中,2024-04-30,5382
5511,德昌,10,0,10,第一金-台中,2024-04-30,5382
8433,弘帆,10,0,10,第一金-台中,2024-04-30,5382
3703,欣陸,9,0,9,第一金-台中,2024-04-30,5382
2406,國碩,9,0,9,第一金-台中,2024-04-30,5382
6275,元山,19,10,9,第一金-台中,2024-04-30,5382
2505,國揚,8,0,8,第一金-台中,2024-04-30,5382
00635U,期元大S＆P黃金,8,0,8,第一金-台中,2024-04-30,5382
3450,聯鈞,10,2,8,第一金-台中,2024-04-30,5382
3706,神達,11,3,8,第一金-台中,2024-04-30,5382
5230,雷笛克光學,8,0,8,第一金-台中,2024-04-30,5382
8044,網家,9,1,8,第一金-台中,2024-04-30,5382
00877,復華中國5G,8,0,8,第一金-台中,2024-04-30,5382
1587,吉茂,18,11,7,第一金-台中,2024-04-30,5382
3033,威健,7,0,7,第一金-台中,2024-04-30,5382
4994,傳奇,26,19,7,第一金-台中,2024-04-30,5382
5531,鄉林,7,0,7,第一金-台中,2024-04-30,5382
2353,宏��,6,0,6,第一金-台中,2024-04-30,5382
1419,新紡,6,0,6,第一金-台中,2024-04-30,5382
2009,第一銅,10,4,6,第一金-台中,2024-04-30,5382
2504,國產,6,0,6,第一金-台中,2024-04-30,5382
2317,鴻海,311,5,306,第一金-台中,2024-05-02,5382
1905,華紙,91,25,66,第一金-台中,2024-05-02,5382
4533,協易機,68,8,60,第一金-台中,2024-05-02,5382
00937B,群益ESG投等債20,57,0,57,第一金-台中,2024-05-02,5382
00878,國泰永續高股息,53,1,52,第一金-台中,2024-05-02,5382
5324,士開,51,0,51,第一金-台中,2024-05-02,5382
00728,第一金工業30,35,0,35,第一金-台中,2024-05-02,5382
2363,矽統,48,15,33,第一金-台中,2024-05-02,5382
2542,興富發,35,3,32,第一金-台中,2024-05-02,5382
4967,十銓,33,1,32,第一金-台中,2024-05-02,5382
6186,新潤,30,0,30,第一金-台中,2024-05-02,5382
00715L,期街口布蘭特正2,37,11,26,第一金-台中,2024-05-02,5382
00940,元大台灣價值高息,44,21,23,第一金-台中,2024-05-02,5382
2337,旺宏,24,2,22,第一金-台中,2024-05-02,5382
00897,富邦基因免疫生技,20,0,20,第一金-台中,2024-05-02,5382
00706L,期元大S＆P日圓正2,20,0,20,第一金-台中,2024-05-02,5382
5511,德昌,20,0,20,第一金-台中,2024-05-02,5382
6552,易華電,20,0,20,第一金-台中,2024-05-02,5382
5531,鄉林,40,21,19,第一金-台中,2024-05-02,5382
00679B,元大美債20年,18,0,18,第一金-台中,2024-05-02,5382
3147,大綜,20,3,17,第一金-台中,2024-05-02,5382
2371,大同,76,59,17,第一金-台中,2024-05-02,5382
00882,中信中國高股息,15,0,15,第一金-台中,2024-05-02,5382
2316,楠梓電,19,4,15,第一金-台中,2024-05-02,5382
2501,國建,55,43,12,第一金-台中,2024-05-02,5382
8234,新漢,12,0,12,第一金-台中,2024-05-02,5382
1506,正道,11,0,11,第一金-台中,2024-05-02,5382
2888,新光金,13,2,11,第一金-台中,2024-05-02,5382
6125,廣運,34,24,10,第一金-台中,2024-05-02,5382
3006,晶豪科,10,0,10,第一金-台中,2024-05-02,5382
3056,富華新,15,5,10,第一金-台中,2024-05-02,5382
3481,群創,10,0,10,第一金-台中,2024-05-02,5382
3548,兆利,11,1,10,第一金-台中,2024-05-02,5382
5392,能率,10,0,10,第一金-台中,2024-05-02,5382
8016,矽創,10,0,10,第一金-台中,2024-05-02,5382
9943,好樂迪,10,0,10,第一金-台中,2024-05-02,5382
00752,中信中國50,9,0,9,第一金-台中,2024-05-02,5382
00632R,元大台灣50反1,10,1,9,第一金-台中,2024-05-02,5382
3363,上詮,13,4,9,第一金-台中,2024-05-02,5382
1513,中興電,51,43,8,第一金-台中,2024-05-02,5382
5457,宣德,8,0,8,第一金-台中,2024-05-02,5382
5521,工信,17,10,7,第一金-台中,2024-05-02,5382
8064,東捷,13,6,7,第一金-台中,2024-05-02,5382
8467,波力-KY,7,0,7,第一金-台中,2024-05-02,5382
2603,長榮,10,3,7,第一金-台中,2024-05-02,5382
2467,志聖,10,3,7,第一金-台中,2024-05-02,5382
1504,東元,12,6,6,第一金-台中,2024-05-02,5382
2615,萬海,20,14,6,第一金-台中,2024-05-02,5382
2892,第一金,6,0,6,第一金-台中,2024-05-02,5382
3338,泰碩,6,0,6,第一金-台中,2024-05-02,5382
00937B,群益ESG投等債20,185,2,183,第一金-台中,2024-05-03,5382
00919,群益台灣精選高息,154,1,153,第一金-台中,2024-05-03,5382
2511,太子,112,14,98,第一金-台中,2024-05-03,5382
00687B,國泰20年美債,76,10,66,第一金-台中,2024-05-03,5382
00882,中信中國高股息,72,12,60,第一金-台中,2024-05-03,5382
2515,中工,78,18,60,第一金-台中,2024-05-03,5382
1453,大將,58,6,52,第一金-台中,2024-05-03,5382
8011,台通,51,2,49,第一金-台中,2024-05-03,5382
8096,擎亞,142,94,48,第一金-台中,2024-05-03,5382
1314,中石化,154,114,40,第一金-台中,2024-05-03,5382
2546,根基,40,0,40,第一金-台中,2024-05-03,5382
2367,燿華,75,42,33,第一金-台中,2024-05-03,5382
00933B,國泰10Y+金融債,32,0,32,第一金-台中,2024-05-03,5382
00632R,元大台灣50反1,35,3,32,第一金-台中,2024-05-03,5382
4967,十銓,33,2,31,第一金-台中,2024-05-03,5382
2538,基泰,30,0,30,第一金-台中,2024-05-03,5382
6451,訊芯-KY,43,13,30,第一金-台中,2024-05-03,5382
2543,皇昌,51,22,29,第一金-台中,2024-05-03,5382
00679B,元大美債20年,25,0,25,第一金-台中,2024-05-03,5382
00929,復華台灣科技優息,28,8,20,第一金-台中,2024-05-03,5382
1605,華新,20,0,20,第一金-台中,2024-05-03,5382
1316,上曜,125,107,18,第一金-台中,2024-05-03,5382
1440,南紡,20,2,18,第一金-台中,2024-05-03,5382
3025,星通,20,2,18,第一金-台中,2024-05-03,5382
00940,元大台灣價值高息,39,21,18,第一金-台中,2024-05-03,5382
3576,聯合再生,20,3,17,第一金-台中,2024-05-03,5382
00878,國泰永續高股息,17,2,15,第一金-台中,2024-05-03,5382
00665L,富邦�琤肭磪囓�2,222,207,15,第一金-台中,2024-05-03,5382
2537,聯上發,15,0,15,第一金-台中,2024-05-03,5382
6120,達運,28,13,15,第一金-台中,2024-05-03,5382
1515,力山,15,1,14,第一金-台中,2024-05-03,5382
2501,國建,55,41,14,第一金-台中,2024-05-03,5382
3027,盛達,13,0,13,第一金-台中,2024-05-03,5382
5512,力麒,113,100,13,第一金-台中,2024-05-03,5382
5608,四維航,12,0,12,第一金-台中,2024-05-03,5382
9934,成霖,12,0,12,第一金-台中,2024-05-03,5382
1514,亞力,17,5,12,第一金-台中,2024-05-03,5382
2359,所羅門,15,4,11,第一金-台中,2024-05-03,5382
4746,台耀,11,0,11,第一金-台中,2024-05-03,5382
6806,森崴能源,10,0,10,第一金-台中,2024-05-03,5382
2025,千興,10,0,10,第一金-台中,2024-05-03,5382
2605,新興,10,0,10,第一金-台中,2024-05-03,5382
5392,能率,10,0,10,第一金-台中,2024-05-03,5382
6668,中揚光,10,0,10,第一金-台中,2024-05-03,5382
1608,華榮,26,17,9,第一金-台中,2024-05-03,5382
2545,皇翔,20,11,9,第一金-台中,2024-05-03,5382
3313,斐成,9,0,9,第一金-台中,2024-05-03,5382
5009,榮剛,9,0,9,第一金-台中,2024-05-03,5382
8467,波力-KY,9,0,9,第一金-台中,2024-05-03,5382
3163,波若威,10,2,8,第一金-台中,2024-05-03,5382
3312,弘憶股,165,48,117,第一金-台中,2024-05-06,5382
2610,華航,154,39,115,第一金-台中,2024-05-06,5382
3231,緯創,101,6,95,第一金-台中,2024-05-06,5382
00919,群益台灣精選高息,153,84,69,第一金-台中,2024-05-06,5382
1609,大亞,90,31,59,第一金-台中,2024-05-06,5382
4967,十銓,48,6,42,第一金-台中,2024-05-06,5382
00937B,群益ESG投等債20,72,41,31,第一金-台中,2024-05-06,5382
2524,京城,30,0,30,第一金-台中,2024-05-06,5382
5392,能率,30,0,30,第一金-台中,2024-05-06,5382
8011,台通,30,2,28,第一金-台中,2024-05-06,5382
9904,寶成,33,6,27,第一金-台中,2024-05-06,5382
3481,群創,33,6,27,第一金-台中,2024-05-06,5382
6005,群益證,27,1,26,第一金-台中,2024-05-06,5382
9940,信義,25,0,25,第一金-台中,2024-05-06,5382
2534,宏盛,24,1,23,第一金-台中,2024-05-06,5382
6264,富裔,23,0,23,第一金-台中,2024-05-06,5382
00929,復華台灣科技優息,61,39,22,第一金-台中,2024-05-06,5382
2609,陽明,43,21,22,第一金-台中,2024-05-06,5382
2537,聯上發,22,1,21,第一金-台中,2024-05-06,5382
00751B,元大AAA至A公司債,20,0,20,第一金-台中,2024-05-06,5382
1617,榮星,21,1,20,第一金-台中,2024-05-06,5382
3666,光耀,20,0,20,第一金-台中,2024-05-06,5382
4976,佳凌,20,0,20,第一金-台中,2024-05-06,5382
00632R,元大台灣50反1,29,11,18,第一金-台中,2024-05-06,5382
2883,凱基金,70,52,18,第一金-台中,2024-05-06,5382
2392,正崴,28,11,17,第一金-台中,2024-05-06,5382
2915,潤泰全,20,3,17,第一金-台中,2024-05-06,5382
4303,信立,18,1,17,第一金-台中,2024-05-06,5382
3055,蔚華科,17,1,16,第一金-台中,2024-05-06,5382
6235,華孚,27,11,16,第一金-台中,2024-05-06,5382
8044,網家,15,0,15,第一金-台中,2024-05-06,5382
2891,中信金,81,67,14,第一金-台中,2024-05-06,5382
00687B,國泰20年美債,14,0,14,第一金-台中,2024-05-06,5382
5525,順天,12,0,12,第一金-台中,2024-05-06,5382
2449,京元電子,14,2,12,第一金-台中,2024-05-06,5382
8147,正淩,11,0,11,第一金-台中,2024-05-06,5382
2317,鴻海,96,85,11,第一金-台中,2024-05-06,5382
2504,國產,10,0,10,第一金-台中,2024-05-06,5382
4726,永昕,10,0,10,第一金-台中,2024-05-06,5382
4960,誠美材,10,0,10,第一金-台中,2024-05-06,5382
5348,正能量智能,10,0,10,第一金-台中,2024-05-06,5382
5706,鳳凰,10,0,10,第一金-台中,2024-05-06,5382
6552,易華電,10,0,10,第一金-台中,2024-05-06,5382
6914,阜爾運通,10,0,10,第一金-台中,2024-05-06,5382
2323,中環,10,1,9,第一金-台中,2024-05-06,5382
5531,鄉林,11,2,9,第一金-台中,2024-05-06,5382
5880,合庫金,14,5,9,第一金-台中,2024-05-06,5382
8936,國統,20,12,8,第一金-台中,2024-05-06,5382
2344,華邦電,8,1,7,第一金-台中,2024-05-06,5382
2388,威盛,7,0,7,第一金-台中,2024-05-06,5382
00679B,元大美債20年,117,6,111,第一金-台中,2024-05-07,5382
00929,復華台灣科技優息,68,2,66,第一金-台中,2024-05-07,5382
5521,工信,61,0,61,第一金-台中,2024-05-07,5382
2486,一詮,107,50,57,第一金-台中,2024-05-07,5382
2547,日勝生,40,0,40,第一金-台中,2024-05-07,5382
2528,皇普,35,0,35,第一金-台中,2024-05-07,5382
3363,上詮,55,23,32,第一金-台中,2024-05-07,5382
1582,信錦,38,7,31,第一金-台中,2024-05-07,5382
00878,國泰永續高股息,33,2,31,第一金-台中,2024-05-07,5382
1618,合機,56,26,30,第一金-台中,2024-05-07,5382
8271,宇瞻,31,1,30,第一金-台中,2024-05-07,5382
2609,陽明,57,32,25,第一金-台中,2024-05-07,5382
00887,永豐中國科技50大,24,0,24,第一金-台中,2024-05-07,5382
1514,亞力,27,4,23,第一金-台中,2024-05-07,5382
6456,GIS-KY,25,2,23,第一金-台中,2024-05-07,5382
3287,廣寰科,23,1,22,第一金-台中,2024-05-07,5382
2406,國碩,21,1,20,第一金-台中,2024-05-07,5382
2538,基泰,40,20,20,第一金-台中,2024-05-07,5382
2317,鴻海,135,116,19,第一金-台中,2024-05-07,5382
2615,萬海,26,8,18,第一金-台中,2024-05-07,5382
2464,盟立,72,56,16,第一金-台中,2024-05-07,5382
2374,佳能,71,56,15,第一金-台中,2024-05-07,5382
3013,晟銘電,42,27,15,第一金-台中,2024-05-07,5382
3081,聯亞,15,0,15,第一金-台中,2024-05-07,5382
6219,富旺,20,5,15,第一金-台中,2024-05-07,5382
2367,燿華,23,9,14,第一金-台中,2024-05-07,5382
3090,日電貿,15,1,14,第一金-台中,2024-05-07,5382
3489,森寶,14,0,14,第一金-台中,2024-05-07,5382
4726,永昕,14,0,14,第一金-台中,2024-05-07,5382
00919,群益台灣精選高息,34,21,13,第一金-台中,2024-05-07,5382
2535,達欣工,12,0,12,第一金-台中,2024-05-07,5382
4303,信立,19,7,12,第一金-台中,2024-05-07,5382
6207,雷科,16,4,12,第一金-台中,2024-05-07,5382
5531,鄉林,20,9,11,第一金-台中,2024-05-07,5382
9945,潤泰新,37,26,11,第一金-台中,2024-05-07,5382
00937B,群益ESG投等債20,13,2,11,第一金-台中,2024-05-07,5382
00632R,元大台灣50反1,10,0,10,第一金-台中,2024-05-07,5382
00645,富邦日本,10,0,10,第一金-台中,2024-05-07,5382
2351,順德,10,0,10,第一金-台中,2024-05-07,5382
2530,華建,10,0,10,第一金-台中,2024-05-07,5382
2889,國票金,10,0,10,第一金-台中,2024-05-07,5382
3666,光耀,10,0,10,第一金-台中,2024-05-07,5382
5230,雷笛克光學,23,13,10,第一金-台中,2024-05-07,5382
6175,立敦,10,0,10,第一金-台中,2024-05-07,5382
6223,旺矽,12,2,10,第一金-台中,2024-05-07,5382
8092,建暐,10,0,10,第一金-台中,2024-05-07,5382
8096,擎亞,50,40,10,第一金-台中,2024-05-07,5382
6914,阜爾運通,20,11,9,第一金-台中,2024-05-07,5382
2241,艾姆勒,9,1,8,第一金-台中,2024-05-07,5382
2301,光寶科,8,0,8,第一金-台中,2024-05-07,5382
3231,緯創,100,8,92,第一金-台中,2024-05-08,5382
2363,矽統,125,63,62,第一金-台中,2024-05-08,5382
6770,力積電,63,2,61,第一金-台中,2024-05-08,5382
6223,旺矽,60,1,59,第一金-台中,2024-05-08,5382
1618,合機,76,41,35,第一金-台中,2024-05-08,5382
3564,其陽,34,2,32,第一金-台中,2024-05-08,5382
5392,能率,45,13,32,第一金-台中,2024-05-08,5382
3363,上詮,42,18,24,第一金-台中,2024-05-08,5382
00713,元大台灣高息低波,23,0,23,第一金-台中,2024-05-08,5382
1616,億泰,24,1,23,第一金-台中,2024-05-08,5382
3706,神達,22,0,22,第一金-台中,2024-05-08,5382
00939,統一台灣高息動能,21,0,21,第一金-台中,2024-05-08,5382
6284,佳邦,20,0,20,第一金-台中,2024-05-08,5382
2882,國泰金,20,0,20,第一金-台中,2024-05-08,5382
2371,大同,53,35,18,第一金-台中,2024-05-08,5382
4938,和碩,18,2,16,第一金-台中,2024-05-08,5382
00632R,元大台灣50反1,15,0,15,第一金-台中,2024-05-08,5382
3056,富華新,15,0,15,第一金-台中,2024-05-08,5382
4768,晶呈科技,15,0,15,第一金-台中,2024-05-08,5382
6219,富旺,15,0,15,第一金-台中,2024-05-08,5382
5871,中租-KY,15,0,15,第一金-台中,2024-05-08,5382
3481,群創,14,1,13,第一金-台中,2024-05-08,5382
00679B,元大美債20年,13,0,13,第一金-台中,2024-05-08,5382
00940,元大台灣價值高息,26,14,12,第一金-台中,2024-05-08,5382
00932,兆豐永續高息等權,12,0,12,第一金-台中,2024-05-08,5382
2505,國揚,12,0,12,第一金-台中,2024-05-08,5382
2606,裕民,17,6,11,第一金-台中,2024-05-08,5382
3036,文曄,12,2,10,第一金-台中,2024-05-08,5382
1615,大山,19,9,10,第一金-台中,2024-05-08,5382
1325,恆大,10,0,10,第一金-台中,2024-05-08,5382
2440,太空梭,10,0,10,第一金-台中,2024-05-08,5382
5251,天鉞電,11,1,10,第一金-台中,2024-05-08,5382
6163,華電網,10,0,10,第一金-台中,2024-05-08,5382
8271,宇瞻,10,0,10,第一金-台中,2024-05-08,5382
9919,康那香,10,0,10,第一金-台中,2024-05-08,5382
1513,中興電,25,15,10,第一金-台中,2024-05-08,5382
2504,國產,10,1,9,第一金-台中,2024-05-08,5382
2636,台驊控股,10,1,9,第一金-台中,2024-05-08,5382
4973,廣穎,11,2,9,第一金-台中,2024-05-08,5382
2356,英業達,36,27,9,第一金-台中,2024-05-08,5382
2353,宏��,12,4,8,第一金-台中,2024-05-08,5382
2365,昆盈,8,0,8,第一金-台中,2024-05-08,5382
1314,中石化,15,7,8,第一金-台中,2024-05-08,5382
3338,泰碩,8,0,8,第一金-台中,2024-05-08,5382
9105,泰金寶-DR,8,0,8,第一金-台中,2024-05-08,5382
1503,士電,24,17,7,第一金-台中,2024-05-08,5382
00877,復華中國5G,7,0,7,第一金-台中,2024-05-08,5382
4754,國碳科,8,1,7,第一金-台中,2024-05-08,5382
4909,新復興,12,5,7,第一金-台中,2024-05-08,5382
5009,榮剛,8,1,7,第一金-台中,2024-05-08,5382
00680L,元大美債20正2,192,0,192,第一金-台中,2024-05-09,5382
2367,燿華,152,32,120,第一金-台中,2024-05-09,5382
6219,富旺,50,0,50,第一金-台中,2024-05-09,5382
6197,佳必琪,49,0,49,第一金-台中,2024-05-09,5382
2609,陽明,153,105,48,第一金-台中,2024-05-09,5382
00919,群益台灣精選高息,47,0,47,第一金-台中,2024-05-09,5382
00940,元大台灣價值高息,46,0,46,第一金-台中,2024-05-09,5382
00929,復華台灣科技優息,46,3,43,第一金-台中,2024-05-09,5382
2365,昆盈,47,7,40,第一金-台中,2024-05-09,5382
2618,長榮航,253,219,34,第一金-台中,2024-05-09,5382
00944,野村趨勢動能高息,32,0,32,第一金-台中,2024-05-09,5382
9933,中鼎,30,0,30,第一金-台中,2024-05-09,5382
2317,鴻海,74,44,30,第一金-台中,2024-05-09,5382
1440,南紡,27,2,25,第一金-台中,2024-05-09,5382
2061,風青,23,0,23,第一金-台中,2024-05-09,5382
00932,兆豐永續高息等權,22,0,22,第一金-台中,2024-05-09,5382
2399,映泰,22,0,22,第一金-台中,2024-05-09,5382
1314,中石化,22,1,21,第一金-台中,2024-05-09,5382
0056,元大高股息,22,1,21,第一金-台中,2024-05-09,5382
3036,文曄,23,2,21,第一金-台中,2024-05-09,5382
6187,萬潤,21,0,21,第一金-台中,2024-05-09,5382
6005,群益證,20,0,20,第一金-台中,2024-05-09,5382
1721,三晃,64,44,20,第一金-台中,2024-05-09,5382
5392,能率,20,0,20,第一金-台中,2024-05-09,5382
5607,遠雄港,22,2,20,第一金-台中,2024-05-09,5382
00720B,元大投資級公司債,20,1,19,第一金-台中,2024-05-09,5382
2515,中工,26,8,18,第一金-台中,2024-05-09,5382
1609,大亞,31,13,18,第一金-台中,2024-05-09,5382
3260,威剛,108,91,17,第一金-台中,2024-05-09,5382
1605,華新,16,0,16,第一金-台中,2024-05-09,5382
3706,神達,16,0,16,第一金-台中,2024-05-09,5382
8112,至上,16,2,14,第一金-台中,2024-05-09,5382
00665L,富邦�琤肭磪囓�2,43,29,14,第一金-台中,2024-05-09,5382
2363,矽統,28,16,12,第一金-台中,2024-05-09,5382
3708,上緯投控,20,8,12,第一金-台中,2024-05-09,5382
6547,高端疫苗,12,0,12,第一金-台中,2024-05-09,5382
6799,來頡,12,0,12,第一金-台中,2024-05-09,5382
2891,中信金,18,6,12,第一金-台中,2024-05-09,5382
2603,長榮,35,23,12,第一金-台中,2024-05-09,5382
1522,堤維西,15,4,11,第一金-台中,2024-05-09,5382
6117,迎廣,48,37,11,第一金-台中,2024-05-09,5382
2241,艾姆勒,14,3,11,第一金-台中,2024-05-09,5382
5251,天鉞電,25,14,11,第一金-台中,2024-05-09,5382
6505,台塑化,11,0,11,第一金-台中,2024-05-09,5382
2020,美亞,11,0,11,第一金-台中,2024-05-09,5382
3548,兆利,22,12,10,第一金-台中,2024-05-09,5382
2605,新興,30,20,10,第一金-台中,2024-05-09,5382
2855,統一證,10,0,10,第一金-台中,2024-05-09,5382
2324,仁寶,11,1,10,第一金-台中,2024-05-09,5382
4109,加捷生醫,10,0,10,第一金-台中,2024-05-09,5382
6227,茂綸,399,1,398,第一金-台中,2024-05-10,5382
3703,欣陸,382,0,382,第一金-台中,2024-05-10,5382
3231,緯創,370,5,365,第一金-台中,2024-05-10,5382
00929,復華台灣科技優息,159,1,158,第一金-台中,2024-05-10,5382
1720,生達,110,1,109,第一金-台中,2024-05-10,5382
2610,華航,279,174,105,第一金-台中,2024-05-10,5382
3706,神達,96,5,91,第一金-台中,2024-05-10,5382
2888,新光金,56,6,50,第一金-台中,2024-05-10,5382
4960,誠美材,66,26,40,第一金-台中,2024-05-10,5382
00946,群益科技高息成長,25,0,25,第一金-台中,2024-05-10,5382
6219,富旺,25,0,25,第一金-台中,2024-05-10,5382
2353,宏��,55,30,25,第一金-台中,2024-05-10,5382
00632R,元大台灣50反1,22,0,22,第一金-台中,2024-05-10,5382
2399,映泰,20,0,20,第一金-台中,2024-05-10,5382
3693,營邦,20,0,20,第一金-台中,2024-05-10,5382
9933,中鼎,20,0,20,第一金-台中,2024-05-10,5382
9945,潤泰新,21,2,19,第一金-台中,2024-05-10,5382
00752,中信中國50,17,0,17,第一金-台中,2024-05-10,5382
6533,晶心科,16,0,16,第一金-台中,2024-05-10,5382
3481,群創,26,11,15,第一金-台中,2024-05-10,5382
8112,至上,20,5,15,第一金-台中,2024-05-10,5382
2313,華通,20,5,15,第一金-台中,2024-05-10,5382
3013,晟銘電,45,32,13,第一金-台中,2024-05-10,5382
00679B,元大美債20年,14,1,13,第一金-台中,2024-05-10,5382
2636,台驊控股,23,11,12,第一金-台中,2024-05-10,5382
4903,聯光通,12,0,12,第一金-台中,2024-05-10,5382
6547,高端疫苗,12,0,12,第一金-台中,2024-05-10,5382
2344,華邦電,13,1,12,第一金-台中,2024-05-10,5382
2409,友達,11,0,11,第一金-台中,2024-05-10,5382
2388,威盛,11,1,10,第一金-台中,2024-05-10,5382
6187,萬潤,10,0,10,第一金-台中,2024-05-10,5382
8936,國統,14,4,10,第一金-台中,2024-05-10,5382
3178,公準,10,0,10,第一金-台中,2024-05-10,5382
5531,鄉林,11,1,10,第一金-台中,2024-05-10,5382
5609,中菲行,10,0,10,第一金-台中,2024-05-10,5382
8271,宇瞻,10,0,10,第一金-台中,2024-05-10,5382
9935,慶豐富,10,0,10,第一金-台中,2024-05-10,5382
2363,矽統,24,15,9,第一金-台中,2024-05-10,5382
2515,中工,11,2,9,第一金-台中,2024-05-10,5382
3707,漢磊,10,1,9,第一金-台中,2024-05-10,5382
3260,威剛,18,9,9,第一金-台中,2024-05-10,5382
5392,能率,8,0,8,第一金-台中,2024-05-10,5382
6799,來頡,8,0,8,第一金-台中,2024-05-10,5382
3056,富華新,13,6,7,第一金-台中,2024-05-10,5382
2850,新產,7,0,7,第一金-台中,2024-05-10,5382
1440,南紡,7,0,7,第一金-台中,2024-05-10,5382
2408,南亞科,9,2,7,第一金-台中,2024-05-10,5382
2892,第一金,7,0,7,第一金-台中,2024-05-10,5382
3576,聯合再生,7,0,7,第一金-台中,2024-05-10,5382
6005,群益證,14,7,7,第一金-台中,2024-05-10,5382
2609,陽明,302,126,176,第一金-台中,2024-05-13,5382
00929,復華台灣科技優息,99,9,90,第一金-台中,2024-05-13,5382
00679B,元大美債20年,58,8,50,第一金-台中,2024-05-13,5382
2882,國泰金,60,16,44,第一金-台中,2024-05-13,5382
00857B,永豐20年美公債,31,0,31,第一金-台中,2024-05-13,5382
3024,憶聲,30,0,30,第一金-台中,2024-05-13,5382
2897,王道銀行,25,1,24,第一金-台中,2024-05-13,5382
00940,元大台灣價值高息,35,12,23,第一金-台中,2024-05-13,5382
3322,建舜電,23,0,23,第一金-台中,2024-05-13,5382
6506,雙邦,27,6,21,第一金-台中,2024-05-13,5382
8011,台通,21,0,21,第一金-台中,2024-05-13,5382
2323,中環,20,1,19,第一金-台中,2024-05-13,5382
1584,精剛,17,0,17,第一金-台中,2024-05-13,5382
00878,國泰永續高股息,32,17,15,第一金-台中,2024-05-13,5382
2618,長榮航,123,110,13,第一金-台中,2024-05-13,5382
3605,宏致,13,0,13,第一金-台中,2024-05-13,5382
8112,至上,16,4,12,第一金-台中,2024-05-13,5382
2834,臺企銀,14,2,12,第一金-台中,2024-05-13,5382
3231,緯創,16,5,11,第一金-台中,2024-05-13,5382
2363,矽統,20,9,11,第一金-台中,2024-05-13,5382
1777,生泰,11,0,11,第一金-台中,2024-05-13,5382
1714,和桐,10,0,10,第一金-台中,2024-05-13,5382
2010,春源,10,0,10,第一金-台中,2024-05-13,5382
2369,菱生,10,0,10,第一金-台中,2024-05-13,5382
2883B,凱基金乙特,10,0,10,第一金-台中,2024-05-13,5382
9902,台火,10,0,10,第一金-台中,2024-05-13,5382
4303,信立,13,3,10,第一金-台中,2024-05-13,5382
2382,廣達,14,4,10,第一金-台中,2024-05-13,5382
6841,長佳智能,9,0,9,第一金-台中,2024-05-13,5382
3693,營邦,9,1,8,第一金-台中,2024-05-13,5382
2388,威盛,8,0,8,第一金-台中,2024-05-13,5382
1815,富喬,35,27,8,第一金-台中,2024-05-13,5382
4562,穎漢,8,1,7,第一金-台中,2024-05-13,5382
6706,惠特,7,0,7,第一金-台中,2024-05-13,5382
9912,偉聯,7,0,7,第一金-台中,2024-05-13,5382
2353,宏��,11,5,6,第一金-台中,2024-05-13,5382
3260,威剛,16,10,6,第一金-台中,2024-05-13,5382
2406,國碩,18,12,6,第一金-台中,2024-05-13,5382
2515,中工,17,11,6,第一金-台中,2024-05-13,5382
2520,冠德,6,0,6,第一金-台中,2024-05-13,5382
4536,拓凱,6,0,6,第一金-台中,2024-05-13,5382
5312,寶島科,6,0,6,第一金-台中,2024-05-13,5382
6274,台燿,7,1,6,第一金-台中,2024-05-13,5382
00763U,期街口道瓊銅,10,5,5,第一金-台中,2024-05-13,5382
00662,富邦NASDAQ,5,0,5,第一金-台中,2024-05-13,5382
00944,野村趨勢動能高息,5,0,5,第一金-台中,2024-05-13,5382
00945B,凱基美國非投等債,5,0,5,第一金-台中,2024-05-13,5382
1808,潤隆,5,0,5,第一金-台中,2024-05-13,5382
1905,華紙,5,0,5,第一金-台中,2024-05-13,5382
2020,美亞,5,0,5,第一金-台中,2024-05-13,5382
3231,緯創,322,5,317,第一金-台中,2024-05-14,5382
2613,中櫃,99,4,95,第一金-台中,2024-05-14,5382
2367,燿華,185,103,82,第一金-台中,2024-05-14,5382
1720,生達,55,0,55,第一金-台中,2024-05-14,5382
2605,新興,146,97,49,第一金-台中,2024-05-14,5382
6506,雙邦,48,0,48,第一金-台中,2024-05-14,5382
9945,潤泰新,50,11,39,第一金-台中,2024-05-14,5382
2355,敬鵬,56,23,33,第一金-台中,2024-05-14,5382
2882,國泰金,30,0,30,第一金-台中,2024-05-14,5382
3029,零壹,30,0,30,第一金-台中,2024-05-14,5382
2615,萬海,189,163,26,第一金-台中,2024-05-14,5382
00937B,群益ESG投等債20,24,0,24,第一金-台中,2024-05-14,5382
3490,單井,24,1,23,第一金-台中,2024-05-14,5382
00933B,國泰10Y+金融債,22,0,22,第一金-台中,2024-05-14,5382
3703,欣陸,22,0,22,第一金-台中,2024-05-14,5382
1563,巧新,23,2,21,第一金-台中,2024-05-14,5382
2374,佳能,27,6,21,第一金-台中,2024-05-14,5382
2524,京城,20,0,20,第一金-台中,2024-05-14,5382
00679B,元大美債20年,19,1,18,第一金-台中,2024-05-14,5382
00940,元大台灣價值高息,30,12,18,第一金-台中,2024-05-14,5382
00712,復華富時不動產,17,0,17,第一金-台中,2024-05-14,5382
00882,中信中國高股息,23,7,16,第一金-台中,2024-05-14,5382
1582,信錦,18,3,15,第一金-台中,2024-05-14,5382
2618,長榮航,16,2,14,第一金-台中,2024-05-14,5382
3035,智原,14,0,14,第一金-台中,2024-05-14,5382
3481,群創,26,12,14,第一金-台中,2024-05-14,5382
1609,大亞,18,5,13,第一金-台中,2024-05-14,5382
2603,長榮,52,39,13,第一金-台中,2024-05-14,5382
00752,中信中國50,13,0,13,第一金-台中,2024-05-14,5382
1515,力山,14,1,13,第一金-台中,2024-05-14,5382
2520,冠德,18,5,13,第一金-台中,2024-05-14,5382
2382,廣達,32,20,12,第一金-台中,2024-05-14,5382
6117,迎廣,12,1,11,第一金-台中,2024-05-14,5382
6219,富旺,11,0,11,第一金-台中,2024-05-14,5382
2376,技嘉,14,3,11,第一金-台中,2024-05-14,5382
00946,群益科技高息成長,10,0,10,第一金-台中,2024-05-14,5382
2029,盛餘,10,0,10,第一金-台中,2024-05-14,5382
2250,IKKA-KY,10,0,10,第一金-台中,2024-05-14,5382
2328,廣宇,10,0,10,第一金-台中,2024-05-14,5382
2504,國產,11,1,10,第一金-台中,2024-05-14,5382
2501,國建,9,0,9,第一金-台中,2024-05-14,5382
2317,鴻海,43,35,8,第一金-台中,2024-05-14,5382
2371,大同,17,9,8,第一金-台中,2024-05-14,5382
2312,金寶,8,0,8,第一金-台中,2024-05-14,5382
2606,裕民,20,12,8,第一金-台中,2024-05-14,5382
4157,太景*-KY,8,0,8,第一金-台中,2024-05-14,5382
2886,兆豐金,8,0,8,第一金-台中,2024-05-14,5382
1808,潤隆,7,0,7,第一金-台中,2024-05-14,5382
3322,建舜電,7,0,7,第一金-台中,2024-05-14,5382
4909,新復興,26,19,7,第一金-台中,2024-05-14,5382
2317,鴻海,902,156,746,第一金-台中,2024-05-15,5382
4414,如興,181,15,166,第一金-台中,2024-05-15,5382
00937B,群益ESG投等債20,113,0,113,第一金-台中,2024-05-15,5382
2609,陽明,239,158,81,第一金-台中,2024-05-15,5382
2356,英業達,96,16,80,第一金-台中,2024-05-15,5382
2511,太子,53,0,53,第一金-台中,2024-05-15,5382
3322,建舜電,49,0,49,第一金-台中,2024-05-15,5382
00878,國泰永續高股息,76,32,44,第一金-台中,2024-05-15,5382
1720,生達,40,0,40,第一金-台中,2024-05-15,5382
2331,精英,51,16,35,第一金-台中,2024-05-15,5382
6451,訊芯-KY,50,20,30,第一金-台中,2024-05-15,5382
2323,中環,61,32,29,第一金-台中,2024-05-15,5382
1316,上曜,30,2,28,第一金-台中,2024-05-15,5382
6506,雙邦,27,0,27,第一金-台中,2024-05-15,5382
1608,華榮,45,19,26,第一金-台中,2024-05-15,5382
1584,精剛,25,0,25,第一金-台中,2024-05-15,5382
8033,雷虎,24,2,22,第一金-台中,2024-05-15,5382
00882,中信中國高股息,27,6,21,第一金-台中,2024-05-15,5382
6188,廣明,47,26,21,第一金-台中,2024-05-15,5382
00929,復華台灣科技優息,37,17,20,第一金-台中,2024-05-15,5382
00725B,國泰投資級公司債,21,1,20,第一金-台中,2024-05-15,5382
00932,兆豐永續高息等權,29,10,19,第一金-台中,2024-05-15,5382
3406,玉晶光,25,7,18,第一金-台中,2024-05-15,5382
2618,長榮航,90,72,18,第一金-台中,2024-05-15,5382
1522,堤維西,32,16,16,第一金-台中,2024-05-15,5382
1905,華紙,20,5,15,第一金-台中,2024-05-15,5382
6125,廣運,34,19,15,第一金-台中,2024-05-15,5382
00690,兆豐藍籌30,14,0,14,第一金-台中,2024-05-15,5382
5392,能率,14,0,14,第一金-台中,2024-05-15,5382
6684,安格,13,0,13,第一金-台中,2024-05-15,5382
00751B,元大AAA至A公司債,12,0,12,第一金-台中,2024-05-15,5382
00933B,國泰10Y+金融債,12,0,12,第一金-台中,2024-05-15,5382
1515,力山,12,0,12,第一金-台中,2024-05-15,5382
2892,第一金,12,1,11,第一金-台中,2024-05-15,5382
1514,亞力,10,0,10,第一金-台中,2024-05-15,5382
00720B,元大投資級公司債,11,1,10,第一金-台中,2024-05-15,5382
2032,新鋼,10,0,10,第一金-台中,2024-05-15,5382
3372,典範,10,0,10,第一金-台中,2024-05-15,5382
4571,鈞興-KY,11,1,10,第一金-台中,2024-05-15,5382
5521,工信,10,0,10,第一金-台中,2024-05-15,5382
6257,矽格,10,0,10,第一金-台中,2024-05-15,5382
6285,啟��,10,0,10,第一金-台中,2024-05-15,5382
3686,達能,10,0,10,第一金-台中,2024-05-15,5382
1440,南紡,10,0,10,第一金-台中,2024-05-15,5382
00679B,元大美債20年,9,0,9,第一金-台中,2024-05-15,5382
3047,訊舟,48,39,9,第一金-台中,2024-05-15,5382
3535,晶彩科,9,0,9,第一金-台中,2024-05-15,5382
5469,瀚宇博,9,0,9,第一金-台中,2024-05-15,5382
6265,方土昶,10,1,9,第一金-台中,2024-05-15,5382
6770,力積電,10,1,9,第一金-台中,2024-05-15,5382
6188,廣明,112,2,110,第一金-台中,2024-05-16,5382
2610,華航,136,52,84,第一金-台中,2024-05-16,5382
00878,國泰永續高股息,73,11,62,第一金-台中,2024-05-16,5382
3498,陽程,79,18,61,第一金-台中,2024-05-16,5382
2356,英業達,66,12,54,第一金-台中,2024-05-16,5382
00643,群益深証中小,50,0,50,第一金-台中,2024-05-16,5382
4533,協易機,71,22,49,第一金-台中,2024-05-16,5382
2301,光寶科,30,0,30,第一金-台中,2024-05-16,5382
3312,弘憶股,53,26,27,第一金-台中,2024-05-16,5382
00679B,元大美債20年,28,6,22,第一金-台中,2024-05-16,5382
2371,大同,28,6,22,第一金-台中,2024-05-16,5382
00715L,期街口布蘭特正2,21,0,21,第一金-台中,2024-05-16,5382
2748,雲品,24,5,19,第一金-台中,2024-05-16,5382
2009,第一銅,39,21,18,第一金-台中,2024-05-16,5382
3450,聯鈞,35,17,18,第一金-台中,2024-05-16,5382
5508,永信建,20,2,18,第一金-台中,2024-05-16,5382
3234,光環,19,3,16,第一金-台中,2024-05-16,5382
4743,合一,26,10,16,第一金-台中,2024-05-16,5382
2609,陽明,236,220,16,第一金-台中,2024-05-16,5382
8070,長華*,14,0,14,第一金-台中,2024-05-16,5382
00891,中信關鍵半導體,20,7,13,第一金-台中,2024-05-16,5382
3029,零壹,13,0,13,第一金-台中,2024-05-16,5382
00650L,復華香港正2,12,0,12,第一金-台中,2024-05-16,5382
2359,所羅門,52,40,12,第一金-台中,2024-05-16,5382
2382,廣達,42,31,11,第一金-台中,2024-05-16,5382
00680L,元大美債20正2,11,0,11,第一金-台中,2024-05-16,5382
1423,利華,10,0,10,第一金-台中,2024-05-16,5382
1720,生達,10,0,10,第一金-台中,2024-05-16,5382
2489,瑞軒,11,1,10,第一金-台中,2024-05-16,5382
3557,嘉威,10,0,10,第一金-台中,2024-05-16,5382
5371,中光電,12,2,10,第一金-台中,2024-05-16,5382
6785,昱展新藥,10,0,10,第一金-台中,2024-05-16,5382
9940,信義,10,0,10,第一金-台中,2024-05-16,5382
4754,國碳科,10,0,10,第一金-台中,2024-05-16,5382
3372,典範,10,1,9,第一金-台中,2024-05-16,5382
4971,IET-KY,12,3,9,第一金-台中,2024-05-16,5382
3363,上詮,30,22,8,第一金-台中,2024-05-16,5382
6451,訊芯-KY,13,5,8,第一金-台中,2024-05-16,5382
2636,台驊控股,8,0,8,第一金-台中,2024-05-16,5382
5706,鳳凰,20,12,8,第一金-台中,2024-05-16,5382
00937B,群益ESG投等債20,20,12,8,第一金-台中,2024-05-16,5382
1220,台榮,7,0,7,第一金-台中,2024-05-16,5382
2408,南亞科,7,0,7,第一金-台中,2024-05-16,5382
6168,宏齊,7,0,7,第一金-台中,2024-05-16,5382
1532,勤美,14,7,7,第一金-台中,2024-05-16,5382
3231,緯創,32,25,7,第一金-台中,2024-05-16,5382
006208,富邦台50,6,0,6,第一金-台中,2024-05-16,5382
00763U,期街口道瓊銅,6,0,6,第一金-台中,2024-05-16,5382
1721,三晃,6,0,6,第一金-台中,2024-05-16,5382
2362,藍天,59,53,6,第一金-台中,2024-05-16,5382
3481,群創,401,0,401,第一金-台中,2024-05-17,5382
00878,國泰永續高股息,153,38,115,第一金-台中,2024-05-17,5382
00929,復華台灣科技優息,75,1,74,第一金-台中,2024-05-17,5382
2369,菱生,50,0,50,第一金-台中,2024-05-17,5382
00940,元大台灣價值高息,40,0,40,第一金-台中,2024-05-17,5382
2363,矽統,184,150,34,第一金-台中,2024-05-17,5382
2911,麗嬰房,34,0,34,第一金-台中,2024-05-17,5382
1909,榮成,32,1,31,第一金-台中,2024-05-17,5382
2514,龍邦,30,0,30,第一金-台中,2024-05-17,5382
3372,典範,30,0,30,第一金-台中,2024-05-17,5382
2317,鴻海,43,16,27,第一金-台中,2024-05-17,5382
00918,大華優利高填息30,26,5,21,第一金-台中,2024-05-17,5382
1531,高林股,23,4,19,第一金-台中,2024-05-17,5382
6770,力積電,24,5,19,第一金-台中,2024-05-17,5382
2401,凌陽,22,5,17,第一金-台中,2024-05-17,5382
00679B,元大美債20年,17,1,16,第一金-台中,2024-05-17,5382
9912,偉聯,16,0,16,第一金-台中,2024-05-17,5382
2371,大同,17,2,15,第一金-台中,2024-05-17,5382
6126,信音,21,7,14,第一金-台中,2024-05-17,5382
5392,能率,26,13,13,第一金-台中,2024-05-17,5382
3706,神達,19,7,12,第一金-台中,2024-05-17,5382
2440,太空梭,13,1,12,第一金-台中,2024-05-17,5382
6265,方土昶,12,0,12,第一金-台中,2024-05-17,5382
2353,宏��,47,35,12,第一金-台中,2024-05-17,5382
6472,保瑞,15,3,12,第一金-台中,2024-05-17,5382
2241,艾姆勒,52,41,11,第一金-台中,2024-05-17,5382
2486,一詮,16,5,11,第一金-台中,2024-05-17,5382
00946,群益科技高息成長,11,0,11,第一金-台中,2024-05-17,5382
2892,第一金,11,0,11,第一金-台中,2024-05-17,5382
2882,國泰金,11,1,10,第一金-台中,2024-05-17,5382
00753L,中信中國50正2,10,0,10,第一金-台中,2024-05-17,5382
1777,生泰,10,0,10,第一金-台中,2024-05-17,5382
2897,王道銀行,10,0,10,第一金-台中,2024-05-17,5382
4906,正文,10,0,10,第一金-台中,2024-05-17,5382
2374,佳能,41,31,10,第一金-台中,2024-05-17,5382
3228,金麗科,11,2,9,第一金-台中,2024-05-17,5382
2352,佳世達,9,0,9,第一金-台中,2024-05-17,5382
3622,洋華,9,0,9,第一金-台中,2024-05-17,5382
2618,長榮航,47,38,9,第一金-台中,2024-05-17,5382
2408,南亞科,8,0,8,第一金-台中,2024-05-17,5382
3047,訊舟,41,33,8,第一金-台中,2024-05-17,5382
00937B,群益ESG投等債20,8,0,8,第一金-台中,2024-05-17,5382
3231,緯創,9,2,7,第一金-台中,2024-05-17,5382
2634,漢翔,12,5,7,第一金-台中,2024-05-17,5382
2382,廣達,16,10,6,第一金-台中,2024-05-17,5382
8096,擎亞,15,9,6,第一金-台中,2024-05-17,5382
00687B,國泰20年美債,12,6,6,第一金-台中,2024-05-17,5382
1529,樂事綠能,6,0,6,第一金-台中,2024-05-17,5382
2543,皇昌,8,2,6,第一金-台中,2024-05-17,5382
6462,神盾,8,2,6,第一金-台中,2024-05-17,5382
2367,燿華,313,54,259,第一金-台中,2024-05-20,5382
00929,復華台灣科技優息,197,9,188,第一金-台中,2024-05-20,5382
2317,鴻海,178,14,164,第一金-台中,2024-05-20,5382
00650L,復華香港正2,112,6,106,第一金-台中,2024-05-20,5382
00933B,國泰10Y+金融債,103,3,100,第一金-台中,2024-05-20,5382
00753L,中信中國50正2,101,17,84,第一金-台中,2024-05-20,5382
1440,南紡,60,0,60,第一金-台中,2024-05-20,5382
00937B,群益ESG投等債20,56,0,56,第一金-台中,2024-05-20,5382
00679B,元大美債20年,53,0,53,第一金-台中,2024-05-20,5382
00673R,期元大S＆P原油反1,50,0,50,第一金-台中,2024-05-20,5382
1609,大亞,56,11,45,第一金-台中,2024-05-20,5382
1605,華新,75,40,35,第一金-台中,2024-05-20,5382
8071,能率網通,32,7,25,第一金-台中,2024-05-20,5382
3231,緯創,29,5,24,第一金-台中,2024-05-20,5382
2359,所羅門,57,34,23,第一金-台中,2024-05-20,5382
2401,凌陽,24,1,23,第一金-台中,2024-05-20,5382
4533,協易機,42,20,22,第一金-台中,2024-05-20,5382
1591,駿吉-KY,21,0,21,第一金-台中,2024-05-20,5382
4906,正文,21,0,21,第一金-台中,2024-05-20,5382
9105,泰金寶-DR,20,0,20,第一金-台中,2024-05-20,5382
4967,十銓,20,0,20,第一金-台中,2024-05-20,5382
5469,瀚宇博,22,2,20,第一金-台中,2024-05-20,5382
4543,萬在,27,8,19,第一金-台中,2024-05-20,5382
6239,力成,20,1,19,第一金-台中,2024-05-20,5382
2867,三商壽,84,65,19,第一金-台中,2024-05-20,5382
2316,楠梓電,20,2,18,第一金-台中,2024-05-20,5382
00687B,國泰20年美債,17,0,17,第一金-台中,2024-05-20,5382
2031,新光鋼,16,0,16,第一金-台中,2024-05-20,5382
3234,光環,15,0,15,第一金-台中,2024-05-20,5382
1608,華榮,117,104,13,第一金-台中,2024-05-20,5382
5392,能率,31,18,13,第一金-台中,2024-05-20,5382
9904,寶成,13,0,13,第一金-台中,2024-05-20,5382
00637L,元大滬深300正2,12,0,12,第一金-台中,2024-05-20,5382
00936,台新永續高息中小,12,0,12,第一金-台中,2024-05-20,5382
2330,台積電,12,1,11,第一金-台中,2024-05-20,5382
00731,復華富時高息低波,11,0,11,第一金-台中,2024-05-20,5382
00945B,凱基美國非投等債,11,0,11,第一金-台中,2024-05-20,5382
3055,蔚華科,12,1,11,第一金-台中,2024-05-20,5382
4976,佳凌,22,11,11,第一金-台中,2024-05-20,5382
00915,凱基優選高股息30,10,0,10,第一金-台中,2024-05-20,5382
00877,復華中國5G,10,0,10,第一金-台中,2024-05-20,5382
00942B,台新美A公司債20+,10,0,10,第一金-台中,2024-05-20,5382
2014,中鴻,21,11,10,第一金-台中,2024-05-20,5382
2524,京城,10,0,10,第一金-台中,2024-05-20,5382
2606,裕民,11,1,10,第一金-台中,2024-05-20,5382
2851,中再保,10,0,10,第一金-台中,2024-05-20,5382
3708,上緯投控,10,0,10,第一金-台中,2024-05-20,5382
4726,永昕,10,0,10,第一金-台中,2024-05-20,5382
5531,鄉林,10,0,10,第一金-台中,2024-05-20,5382
6285,啟��,10,0,10,第一金-台中,2024-05-20,5382
2464,盟立,162,61,101,第一金-台中,2024-05-21,5382
2511,太子,70,0,70,第一金-台中,2024-05-21,5382
6188,廣明,94,32,62,第一金-台中,2024-05-21,5382
2014,中鴻,60,10,50,第一金-台中,2024-05-21,5382
2369,菱生,50,0,50,第一金-台中,2024-05-21,5382
2867,三商壽,57,9,48,第一金-台中,2024-05-21,5382
2241,艾姆勒,64,21,43,第一金-台中,2024-05-21,5382
2323,中環,41,0,41,第一金-台中,2024-05-21,5382
3005,神基,39,11,28,第一金-台中,2024-05-21,5382
5392,能率,54,28,26,第一金-台中,2024-05-21,5382
2515,中工,24,0,24,第一金-台中,2024-05-21,5382
2888,新光金,24,0,24,第一金-台中,2024-05-21,5382
3338,泰碩,26,2,24,第一金-台中,2024-05-21,5382
4967,十銓,27,4,23,第一金-台中,2024-05-21,5382
3481,群創,20,0,20,第一金-台中,2024-05-21,5382
6806,森崴能源,20,0,20,第一金-台中,2024-05-21,5382
2025,千興,20,0,20,第一金-台中,2024-05-21,5382
2618,長榮航,105,86,19,第一金-台中,2024-05-21,5382
00919,群益台灣精選高息,34,15,19,第一金-台中,2024-05-21,5382
00712,復華富時不動產,20,2,18,第一金-台中,2024-05-21,5382
00944,野村趨勢動能高息,18,0,18,第一金-台中,2024-05-21,5382
1447,力鵬,18,0,18,第一金-台中,2024-05-21,5382
6111,大宇資,23,5,18,第一金-台中,2024-05-21,5382
2834,臺企銀,17,1,16,第一金-台中,2024-05-21,5382
2731,雄獅,15,0,15,第一金-台中,2024-05-21,5382
8033,雷虎,16,1,15,第一金-台中,2024-05-21,5382
2027,大成鋼,57,44,13,第一金-台中,2024-05-21,5382
00929,復華台灣科技優息,40,27,13,第一金-台中,2024-05-21,5382
2204,中華,12,1,11,第一金-台中,2024-05-21,5382
00662,富邦NASDAQ,11,0,11,第一金-台中,2024-05-21,5382
6770,力積電,11,0,11,第一金-台中,2024-05-21,5382
00877,復華中國5G,10,0,10,第一金-台中,2024-05-21,5382
1515,力山,10,0,10,第一金-台中,2024-05-21,5382
2109,華豐,10,0,10,第一金-台中,2024-05-21,5382
2610,華航,108,98,10,第一金-台中,2024-05-21,5382
2851,中再保,10,0,10,第一金-台中,2024-05-21,5382
3686,達能,10,0,10,第一金-台中,2024-05-21,5382
8044,網家,10,0,10,第一金-台中,2024-05-21,5382
9912,偉聯,13,3,10,第一金-台中,2024-05-21,5382
00878,國泰永續高股息,33,23,10,第一金-台中,2024-05-21,5382
1316,上曜,10,1,9,第一金-台中,2024-05-21,5382
2365,昆盈,10,1,9,第一金-台中,2024-05-21,5382
3707,漢磊,9,0,9,第一金-台中,2024-05-21,5382
6275,元山,12,3,9,第一金-台中,2024-05-21,5382
6579,研揚,11,2,9,第一金-台中,2024-05-21,5382
9919,康那香,9,0,9,第一金-台中,2024-05-21,5382
00937B,群益ESG投等債20,19,11,8,第一金-台中,2024-05-21,5382
1591,駿吉-KY,8,0,8,第一金-台中,2024-05-21,5382
3059,華晶科,47,39,8,第一金-台中,2024-05-21,5382
5531,鄉林,8,0,8,第一金-台中,2024-05-21,5382
2002,中鋼,204,7,197,第一金-台中,2024-05-22,5382
2324,仁寶,187,49,138,第一金-台中,2024-05-22,5382
3580,友威科,142,5,137,第一金-台中,2024-05-22,5382
2610,華航,102,50,52,第一金-台中,2024-05-22,5382
2027,大成鋼,45,2,43,第一金-台中,2024-05-22,5382
3481,群創,89,48,41,第一金-台中,2024-05-22,5382
3047,訊舟,67,28,39,第一金-台中,2024-05-22,5382
8076,伍豐,30,0,30,第一金-台中,2024-05-22,5382
6188,廣明,102,72,30,第一金-台中,2024-05-22,5382
00937B,群益ESG投等債20,24,0,24,第一金-台中,2024-05-22,5382
00946,群益科技高息成長,22,0,22,第一金-台中,2024-05-22,5382
00715L,期街口布蘭特正2,22,0,22,第一金-台中,2024-05-22,5382
2888,新光金,21,0,21,第一金-台中,2024-05-22,5382
3260,威剛,21,0,21,第一金-台中,2024-05-22,5382
6104,創惟,21,0,21,第一金-台中,2024-05-22,5382
2323,中環,20,0,20,第一金-台中,2024-05-22,5382
2504,國產,20,0,20,第一金-台中,2024-05-22,5382
6706,惠特,26,6,20,第一金-台中,2024-05-22,5382
8044,網家,20,0,20,第一金-台中,2024-05-22,5382
6125,廣運,35,15,20,第一金-台中,2024-05-22,5382
1582,信錦,20,1,19,第一金-台中,2024-05-22,5382
3163,波若威,26,7,19,第一金-台中,2024-05-22,5382
2618,長榮航,142,124,18,第一金-台中,2024-05-22,5382
2354,鴻準,23,6,17,第一金-台中,2024-05-22,5382
3540,曜越,20,3,17,第一金-台中,2024-05-22,5382
1731,美吾華,16,0,16,第一金-台中,2024-05-22,5382
3322,建舜電,16,0,16,第一金-台中,2024-05-22,5382
8064,東捷,34,19,15,第一金-台中,2024-05-22,5382
00632R,元大台灣50反1,20,5,15,第一金-台中,2024-05-22,5382
8093,保銳,15,0,15,第一金-台中,2024-05-22,5382
2731,雄獅,16,1,15,第一金-台中,2024-05-22,5382
2511,太子,14,0,14,第一金-台中,2024-05-22,5382
6219,富旺,35,22,13,第一金-台中,2024-05-22,5382
00882,中信中國高股息,12,0,12,第一金-台中,2024-05-22,5382
2102,泰豐,12,0,12,第一金-台中,2024-05-22,5382
2852,第一保,12,0,12,第一金-台中,2024-05-22,5382
1513,中興電,11,0,11,第一金-台中,2024-05-22,5382
00752,中信中國50,11,0,11,第一金-台中,2024-05-22,5382
1605,華新,16,5,11,第一金-台中,2024-05-22,5382
8104,錸寶,18,7,11,第一金-台中,2024-05-22,5382
00932,兆豐永續高息等權,10,0,10,第一金-台中,2024-05-22,5382
2425,承啟,10,0,10,第一金-台中,2024-05-22,5382
2633,台灣高鐵,10,0,10,第一金-台中,2024-05-22,5382
3450,聯鈞,19,9,10,第一金-台中,2024-05-22,5382
3490,單井,21,11,10,第一金-台中,2024-05-22,5382
5324,士開,10,0,10,第一金-台中,2024-05-22,5382
6244,茂迪,10,0,10,第一金-台中,2024-05-22,5382
2367,燿華,35,25,10,第一金-台中,2024-05-22,5382
1609,大亞,10,1,9,第一金-台中,2024-05-22,5382
00687B,國泰20年美債,36,27,9,第一金-台中,2024-05-22,5382
2363,矽統,108,4,104,第一金-台中,2024-05-23,5382
2355,敬鵬,100,3,97,第一金-台中,2024-05-23,5382
2464,盟立,146,49,97,第一金-台中,2024-05-23,5382
2888,新光金,78,12,66,第一金-台中,2024-05-23,5382
8433,弘帆,158,98,60,第一金-台中,2024-05-23,5382
8926,台汽電,60,0,60,第一金-台中,2024-05-23,5382
2301,光寶科,104,52,52,第一金-台中,2024-05-23,5382
3535,晶彩科,57,8,49,第一金-台中,2024-05-23,5382
6276,安鈦克,47,0,47,第一金-台中,2024-05-23,5382
5464,霖宏,35,0,35,第一金-台中,2024-05-23,5382
5371,中光電,65,31,34,第一金-台中,2024-05-23,5382
5392,能率,42,8,34,第一金-台中,2024-05-23,5382
00665L,富邦�琤肭磪囓�2,85,56,29,第一金-台中,2024-05-23,5382
2353,宏��,192,165,27,第一金-台中,2024-05-23,5382
2618,長榮航,244,218,26,第一金-台中,2024-05-23,5382
00937B,群益ESG投等債20,32,11,21,第一金-台中,2024-05-23,5382
2104,國際中橡,20,0,20,第一金-台中,2024-05-23,5382
2420,新巨,20,0,20,第一金-台中,2024-05-23,5382
2002,中鋼,19,0,19,第一金-台中,2024-05-23,5382
8033,雷虎,26,7,19,第一金-台中,2024-05-23,5382
3023,信邦,19,0,19,第一金-台中,2024-05-23,5382
1815,富喬,129,110,19,第一金-台中,2024-05-23,5382
2331,精英,17,0,17,第一金-台中,2024-05-23,5382
3055,蔚華科,32,15,17,第一金-台中,2024-05-23,5382
1731,美吾華,16,0,16,第一金-台中,2024-05-23,5382
2367,燿華,24,9,15,第一金-台中,2024-05-23,5382
5314,世紀,18,3,15,第一金-台中,2024-05-23,5382
00936,台新永續高息中小,14,0,14,第一金-台中,2024-05-23,5382
2313,華通,15,1,14,第一金-台中,2024-05-23,5382
2867,三商壽,16,2,14,第一金-台中,2024-05-23,5382
4938,和碩,15,1,14,第一金-台中,2024-05-23,5382
6209,今國光,33,19,14,第一金-台中,2024-05-23,5382
1101,台泥,12,0,12,第一金-台中,2024-05-23,5382
6147,頎邦,12,0,12,第一金-台中,2024-05-23,5382
3708,上緯投控,13,1,12,第一金-台中,2024-05-23,5382
6219,富旺,12,0,12,第一金-台中,2024-05-23,5382
2405,輔信,12,1,11,第一金-台中,2024-05-23,5382
00940,元大台灣價值高息,12,1,11,第一金-台中,2024-05-23,5382
8936,國統,21,11,10,第一金-台中,2024-05-23,5382
00712,復華富時不動產,10,0,10,第一金-台中,2024-05-23,5382
00933B,國泰10Y+金融債,10,0,10,第一金-台中,2024-05-23,5382
2851,中再保,10,0,10,第一金-台中,2024-05-23,5382
5324,士開,10,0,10,第一金-台中,2024-05-23,5382
2376,技嘉,17,8,9,第一金-台中,2024-05-23,5382
1319,東陽,9,0,9,第一金-台中,2024-05-23,5382
3363,上詮,14,5,9,第一金-台中,2024-05-23,5382
00733,富邦臺灣中小,8,0,8,第一金-台中,2024-05-23,5382
00700,富邦�琤肭磪�,8,0,8,第一金-台中,2024-05-23,5382
00753L,中信中國50正2,8,0,8,第一金-台中,2024-05-23,5382
1532,勤美,8,0,8,第一金-台中,2024-05-23,5382
2367,燿華,681,44,637,第一金-台中,2024-05-24,5382
9904,寶成,161,0,161,第一金-台中,2024-05-24,5382
3583,辛耘,113,3,110,第一金-台中,2024-05-24,5382
00933B,國泰10Y+金融債,56,0,56,第一金-台中,2024-05-24,5382
00937B,群益ESG投等債20,55,0,55,第一金-台中,2024-05-24,5382
00673R,期元大S＆P原油反1,50,0,50,第一金-台中,2024-05-24,5382
3234,光環,63,14,49,第一金-台中,2024-05-24,5382
00679B,元大美債20年,47,0,47,第一金-台中,2024-05-24,5382
6770,力積電,37,0,37,第一金-台中,2024-05-24,5382
00712,復華富時不動產,36,4,32,第一金-台中,2024-05-24,5382
3062,建漢,32,3,29,第一金-台中,2024-05-24,5382
4908,前鼎,27,3,24,第一金-台中,2024-05-24,5382
6234,高僑,24,0,24,第一金-台中,2024-05-24,5382
2365,昆盈,153,130,23,第一金-台中,2024-05-24,5382
2615,萬海,27,4,23,第一金-台中,2024-05-24,5382
8291,尚茂,23,0,23,第一金-台中,2024-05-24,5382
1721,三晃,22,0,22,第一金-台中,2024-05-24,5382
00632R,元大台灣50反1,20,0,20,第一金-台中,2024-05-24,5382
1563,巧新,20,0,20,第一金-台中,2024-05-24,5382
2236,百達-KY,20,0,20,第一金-台中,2024-05-24,5382
8028,昇陽半導體,24,4,20,第一金-台中,2024-05-24,5382
8104,錸寶,20,0,20,第一金-台中,2024-05-24,5382
00929,復華台灣科技優息,28,9,19,第一金-台中,2024-05-24,5382
4979,華星光,41,22,19,第一金-台中,2024-05-24,5382
2618,長榮航,18,0,18,第一金-台中,2024-05-24,5382
5234,達興材料,20,2,18,第一金-台中,2024-05-24,5382
2317,鴻海,46,29,17,第一金-台中,2024-05-24,5382
00706L,期元大S＆P日圓正2,16,0,16,第一金-台中,2024-05-24,5382
1810,和成,20,5,15,第一金-台中,2024-05-24,5382
2002,中鋼,16,2,14,第一金-台中,2024-05-24,5382
9958,世紀鋼,16,3,13,第一金-台中,2024-05-24,5382
00642U,期元大S＆P石油,12,0,12,第一金-台中,2024-05-24,5382
2482,連宇,12,0,12,第一金-台中,2024-05-24,5382
2486,一詮,26,15,11,第一金-台中,2024-05-24,5382
6125,廣運,38,27,11,第一金-台中,2024-05-24,5382
00772B,中信高評級公司債,11,0,11,第一金-台中,2024-05-24,5382
00936,台新永續高息中小,11,0,11,第一金-台中,2024-05-24,5382
2520,冠德,11,0,11,第一金-台中,2024-05-24,5382
1307,三芳,10,0,10,第一金-台中,2024-05-24,5382
2485,兆赫,10,0,10,第一金-台中,2024-05-24,5382
2505,國揚,10,0,10,第一金-台中,2024-05-24,5382
2524,京城,10,0,10,第一金-台中,2024-05-24,5382
4906,正文,10,0,10,第一金-台中,2024-05-24,5382
5014,建錩,11,1,10,第一金-台中,2024-05-24,5382
5530,龍巖,10,0,10,第一金-台中,2024-05-24,5382
6509,聚和,10,0,10,第一金-台中,2024-05-24,5382
8096,擎亞,11,1,10,第一金-台中,2024-05-24,5382
9934,成霖,10,0,10,第一金-台中,2024-05-24,5382
3481,群創,20,11,9,第一金-台中,2024-05-24,5382
2371,大同,21,12,9,第一金-台中,2024-05-24,5382
2308,台達電,955,21,934,第一金-台中,2024-05-27,5382
2367,燿華,616,8,608,第一金-台中,2024-05-27,5382
2464,盟立,143,23,120,第一金-台中,2024-05-27,5382
00918,大華優利高填息30,60,1,59,第一金-台中,2024-05-27,5382
2401,凌陽,51,1,50,第一金-台中,2024-05-27,5382
1609,大亞,46,0,46,第一金-台中,2024-05-27,5382
2002,中鋼,43,1,42,第一金-台中,2024-05-27,5382
00882,中信中國高股息,35,0,35,第一金-台中,2024-05-27,5382
4533,協易機,40,5,35,第一金-台中,2024-05-27,5382
00687B,國泰20年美債,32,0,32,第一金-台中,2024-05-27,5382
6901,鑽石投資,30,1,29,第一金-台中,2024-05-27,5382
00937B,群益ESG投等債20,29,1,28,第一金-台中,2024-05-27,5382
5371,中光電,75,48,27,第一金-台中,2024-05-27,5382
2317,鴻海,76,50,26,第一金-台中,2024-05-27,5382
2314,台揚,25,0,25,第一金-台中,2024-05-27,5382
3055,蔚華科,32,7,25,第一金-台中,2024-05-27,5382
9105,泰金寶-DR,32,8,24,第一金-台中,2024-05-27,5382
00772B,中信高評級公司債,22,0,22,第一金-台中,2024-05-27,5382
2609,陽明,50,30,20,第一金-台中,2024-05-27,5382
2102,泰豐,20,0,20,第一金-台中,2024-05-27,5382
2250,IKKA-KY,21,1,20,第一金-台中,2024-05-27,5382
2397,友通,20,0,20,第一金-台中,2024-05-27,5382
3710,連展投控,20,0,20,第一金-台中,2024-05-27,5382
3481,群創,30,13,17,第一金-台中,2024-05-27,5382
8433,弘帆,16,0,16,第一金-台中,2024-05-27,5382
1815,富喬,68,52,16,第一金-台中,2024-05-27,5382
00712,復華富時不動產,17,1,16,第一金-台中,2024-05-27,5382
2392,正崴,29,14,15,第一金-台中,2024-05-27,5382
2454,聯發科,15,1,14,第一金-台中,2024-05-27,5382
1303,南亞,14,0,14,第一金-台中,2024-05-27,5382
2303,聯電,89,76,13,第一金-台中,2024-05-27,5382
6197,佳必琪,23,10,13,第一金-台中,2024-05-27,5382
2489,瑞軒,23,11,12,第一金-台中,2024-05-27,5382
00933B,國泰10Y+金融債,12,0,12,第一金-台中,2024-05-27,5382
9910,豐泰,11,0,11,第一金-台中,2024-05-27,5382
00939,統一台灣高息動能,30,19,11,第一金-台中,2024-05-27,5382
2352,佳世達,22,11,11,第一金-台中,2024-05-27,5382
6591,動力-KY,13,2,11,第一金-台中,2024-05-27,5382
00946,群益科技高息成長,26,15,11,第一金-台中,2024-05-27,5382
1210,大成,10,0,10,第一金-台中,2024-05-27,5382
00752,中信中國50,10,0,10,第一金-台中,2024-05-27,5382
00706L,期元大S＆P日圓正2,10,0,10,第一金-台中,2024-05-27,5382
2442,新美齊,10,0,10,第一金-台中,2024-05-27,5382
2472,立隆電,10,0,10,第一金-台中,2024-05-27,5382
2520,冠德,10,0,10,第一金-台中,2024-05-27,5382
4934,太極,10,0,10,第一金-台中,2024-05-27,5382
5464,霖宏,10,0,10,第一金-台中,2024-05-27,5382
5609,中菲行,10,0,10,第一金-台中,2024-05-27,5382
1301,台塑,14,5,9,第一金-台中,2024-05-27,5382
00679B,元大美債20年,9,0,9,第一金-台中,2024-05-27,5382
2308,台達電,648,2,646,第一金-台中,2024-05-28,5382
2464,盟立,340,26,314,第一金-台中,2024-05-28,5382
3231,緯創,394,244,150,第一金-台中,2024-05-28,5382
2367,燿華,140,12,128,第一金-台中,2024-05-28,5382
00929,復華台灣科技優息,83,4,79,第一金-台中,2024-05-28,5382
00919,群益台灣精選高息,82,16,66,第一金-台中,2024-05-28,5382
2354,鴻準,121,63,58,第一金-台中,2024-05-28,5382
2609,陽明,76,21,55,第一金-台中,2024-05-28,5382
5392,能率,40,0,40,第一金-台中,2024-05-28,5382
00679B,元大美債20年,41,8,33,第一金-台中,2024-05-28,5382
4543,萬在,43,16,27,第一金-台中,2024-05-28,5382
00665L,富邦�琤肭磪囓�2,144,117,27,第一金-台中,2024-05-28,5382
2324,仁寶,26,2,24,第一金-台中,2024-05-28,5382
2353,宏��,80,56,24,第一金-台中,2024-05-28,5382
2834,臺企銀,21,0,21,第一金-台中,2024-05-28,5382
2867,三商壽,24,3,21,第一金-台中,2024-05-28,5382
3356,奇偶,20,3,17,第一金-台中,2024-05-28,5382
3481,群創,25,9,16,第一金-台中,2024-05-28,5382
6189,豐藝,23,7,16,第一金-台中,2024-05-28,5382
2313,華通,14,0,14,第一金-台中,2024-05-28,5382
2314,台揚,14,0,14,第一金-台中,2024-05-28,5382
2501,國建,14,0,14,第一金-台中,2024-05-28,5382
2515,中工,17,3,14,第一金-台中,2024-05-28,5382
6706,惠特,14,0,14,第一金-台中,2024-05-28,5382
2002,中鋼,16,4,12,第一金-台中,2024-05-28,5382
1809,中釉,12,0,12,第一金-台中,2024-05-28,5382
2897,王道銀行,12,0,12,第一金-台中,2024-05-28,5382
3047,訊舟,89,77,12,第一金-台中,2024-05-28,5382
2476,鉅祥,11,0,11,第一金-台中,2024-05-28,5382
3060,銘異,11,0,11,第一金-台中,2024-05-28,5382
6125,廣運,22,11,11,第一金-台中,2024-05-28,5382
2331,精英,11,1,10,第一金-台中,2024-05-28,5382
00752,中信中國50,10,0,10,第一金-台中,2024-05-28,5382
00632R,元大台灣50反1,10,0,10,第一金-台中,2024-05-28,5382
00933B,國泰10Y+金融債,10,0,10,第一金-台中,2024-05-28,5382
2375,凱美,10,0,10,第一金-台中,2024-05-28,5382
2535,達欣工,10,0,10,第一金-台中,2024-05-28,5382
6257,矽格,10,0,10,第一金-台中,2024-05-28,5382
6603,富強鑫,10,0,10,第一金-台中,2024-05-28,5382
9919,康那香,10,0,10,第一金-台中,2024-05-28,5382
8064,東捷,34,24,10,第一金-台中,2024-05-28,5382
2382,廣達,17,8,9,第一金-台中,2024-05-28,5382
00946,群益科技高息成長,9,0,9,第一金-台中,2024-05-28,5382
4714,永捷,24,15,9,第一金-台中,2024-05-28,5382
1795,美時,10,2,8,第一金-台中,2024-05-28,5382
1531,高林股,8,0,8,第一金-台中,2024-05-28,5382
5452,佶優,8,0,8,第一金-台中,2024-05-28,5382
1815,富喬,89,81,8,第一金-台中,2024-05-28,5382
00712,復華富時不動產,7,0,7,第一金-台中,2024-05-28,5382
00687B,國泰20年美債,12,5,7,第一金-台中,2024-05-28,5382
9105,泰金寶-DR,1210,10,1200,第一金-台中,2024-05-29,5382
5512,力麒,425,0,425,第一金-台中,2024-05-29,5382
00680L,元大美債20正2,190,0,190,第一金-台中,2024-05-29,5382
00679B,元大美債20年,115,6,109,第一金-台中,2024-05-29,5382
00937B,群益ESG投等債20,106,0,106,第一金-台中,2024-05-29,5382
00632R,元大台灣50反1,100,0,100,第一金-台中,2024-05-29,5382
4967,十銓,71,4,67,第一金-台中,2024-05-29,5382
6591,動力-KY,62,1,61,第一金-台中,2024-05-29,5382
00687B,國泰20年美債,61,5,56,第一金-台中,2024-05-29,5382
2489,瑞軒,72,22,50,第一金-台中,2024-05-29,5382
2353,宏��,66,17,49,第一金-台中,2024-05-29,5382
1447,力鵬,46,0,46,第一金-台中,2024-05-29,5382
3338,泰碩,115,73,42,第一金-台中,2024-05-29,5382
2401,凌陽,119,80,39,第一金-台中,2024-05-29,5382
3535,晶彩科,37,0,37,第一金-台中,2024-05-29,5382
4533,協易機,91,55,36,第一金-台中,2024-05-29,5382
2641,正德,48,15,33,第一金-台中,2024-05-29,5382
2882,國泰金,32,0,32,第一金-台中,2024-05-29,5382
2538,基泰,51,20,31,第一金-台中,2024-05-29,5382
2323,中環,30,0,30,第一金-台中,2024-05-29,5382
2317,鴻海,55,31,24,第一金-台中,2024-05-29,5382
2495,普安,26,4,22,第一金-台中,2024-05-29,5382
00688L,國泰20年美債正2,21,0,21,第一金-台中,2024-05-29,5382
2515,中工,29,8,21,第一金-台中,2024-05-29,5382
3047,訊舟,50,29,21,第一金-台中,2024-05-29,5382
5392,能率,22,1,21,第一金-台中,2024-05-29,5382
2892,第一金,22,1,21,第一金-台中,2024-05-29,5382
2025,千興,20,0,20,第一金-台中,2024-05-29,5382
2375,凱美,20,0,20,第一金-台中,2024-05-29,5382
00929,復華台灣科技優息,97,79,18,第一金-台中,2024-05-29,5382
00933B,國泰10Y+金融債,18,0,18,第一金-台中,2024-05-29,5382
8054,安國,50,32,18,第一金-台中,2024-05-29,5382
3051,力特,25,8,17,第一金-台中,2024-05-29,5382
006208,富邦台50,17,0,17,第一金-台中,2024-05-29,5382
5371,中光電,31,15,16,第一金-台中,2024-05-29,5382
4939,亞電,16,0,16,第一金-台中,2024-05-29,5382
00918,大華優利高填息30,15,0,15,第一金-台中,2024-05-29,5382
1795,美時,15,1,14,第一金-台中,2024-05-29,5382
2883,凱基金,14,1,13,第一金-台中,2024-05-29,5382
1445,大宇,13,0,13,第一金-台中,2024-05-29,5382
2303,聯電,20,8,12,第一金-台中,2024-05-29,5382
00795B,中信美國公債20年,12,0,12,第一金-台中,2024-05-29,5382
2344,華邦電,12,0,12,第一金-台中,2024-05-29,5382
5608,四維航,21,9,12,第一金-台中,2024-05-29,5382
0056,元大高股息,12,0,12,第一金-台中,2024-05-29,5382
3706,神達,16,5,11,第一金-台中,2024-05-29,5382
2328,廣宇,51,40,11,第一金-台中,2024-05-29,5382
2524,京城,11,0,11,第一金-台中,2024-05-29,5382
3594,磐儀,25,14,11,第一金-台中,2024-05-29,5382
6125,廣運,59,48,11,第一金-台中,2024-05-29,5382
00929,復華台灣科技優息,147,0,147,第一金-台中,2024-05-30,5382
2317,鴻海,180,60,120,第一金-台中,2024-05-30,5382
1314,中石化,96,0,96,第一金-台中,2024-05-30,5382
2603,長榮,86,3,83,第一金-台中,2024-05-30,5382
00940,元大台灣價值高息,77,8,69,第一金-台中,2024-05-30,5382
00937B,群益ESG投等債20,65,3,62,第一金-台中,2024-05-30,5382
00679B,元大美債20年,67,16,51,第一金-台中,2024-05-30,5382
4915,致伸,51,10,41,第一金-台中,2024-05-30,5382
00878,國泰永續高股息,42,2,40,第一金-台中,2024-05-30,5382
6209,今國光,39,4,35,第一金-台中,2024-05-30,5382
2367,燿華,34,2,32,第一金-台中,2024-05-30,5382
1815,富喬,86,55,31,第一金-台中,2024-05-30,5382
00772B,中信高評級公司債,31,0,31,第一金-台中,2024-05-30,5382
2354,鴻準,62,32,30,第一金-台中,2024-05-30,5382
2812,台中銀,30,0,30,第一金-台中,2024-05-30,5382
6197,佳必琪,31,1,30,第一金-台中,2024-05-30,5382
2891,中信金,28,0,28,第一金-台中,2024-05-30,5382
3055,蔚華科,56,28,28,第一金-台中,2024-05-30,5382
4533,協易機,28,5,23,第一金-台中,2024-05-30,5382
5234,達興材料,24,1,23,第一金-台中,2024-05-30,5382
2495,普安,33,13,20,第一金-台中,2024-05-30,5382
3051,力特,27,7,20,第一金-台中,2024-05-30,5382
3306,鼎天,24,4,20,第一金-台中,2024-05-30,5382
3362,先進光,21,1,20,第一金-台中,2024-05-30,5382
2002,中鋼,20,1,19,第一金-台中,2024-05-30,5382
1810,和成,18,0,18,第一金-台中,2024-05-30,5382
6684,安格,22,4,18,第一金-台中,2024-05-30,5382
00946,群益科技高息成長,22,5,17,第一金-台中,2024-05-30,5382
2331,精英,22,5,17,第一金-台中,2024-05-30,5382
2365,昆盈,24,8,16,第一金-台中,2024-05-30,5382
6695,芯鼎,20,4,16,第一金-台中,2024-05-30,5382
2855,統一證,15,0,15,第一金-台中,2024-05-30,5382
6126,信音,54,39,15,第一金-台中,2024-05-30,5382
2353,宏��,38,24,14,第一金-台中,2024-05-30,5382
00712,復華富時不動產,14,0,14,第一金-台中,2024-05-30,5382
2486,一詮,20,6,14,第一金-台中,2024-05-30,5382
5230,雷笛克光學,22,9,13,第一金-台中,2024-05-30,5382
1609,大亞,16,3,13,第一金-台中,2024-05-30,5382
2399,映泰,21,8,13,第一金-台中,2024-05-30,5382
3006,晶豪科,16,3,13,第一金-台中,2024-05-30,5382
2408,南亞科,12,0,12,第一金-台中,2024-05-30,5382
5340,建榮,12,0,12,第一金-台中,2024-05-30,5382
2330,台積電,13,1,12,第一金-台中,2024-05-30,5382
3231,緯創,12,1,11,第一金-台中,2024-05-30,5382
2892,第一金,11,0,11,第一金-台中,2024-05-30,5382
00918,大華優利高填息30,31,20,11,第一金-台中,2024-05-30,5382
00665L,富邦�琤肭磪囓�2,92,81,11,第一金-台中,2024-05-30,5382
2328,廣宇,20,9,11,第一金-台中,2024-05-30,5382
3048,益登,11,0,11,第一金-台中,2024-05-30,5382
5426,振發,11,0,11,第一金-台中,2024-05-30,5382
00929,復華台灣科技優息,168,1,167,第一金-台中,2024-05-31,5382
2317,鴻海,717,565,152,第一金-台中,2024-05-31,5382
00919,群益台灣精選高息,132,1,131,第一金-台中,2024-05-31,5382
00918,大華優利高填息30,61,0,61,第一金-台中,2024-05-31,5382
2385,群光,59,1,58,第一金-台中,2024-05-31,5382
2367,燿華,77,27,50,第一金-台中,2024-05-31,5382
2641,正德,121,72,49,第一金-台中,2024-05-31,5382
6188,廣明,63,17,46,第一金-台中,2024-05-31,5382
00940,元大台灣價值高息,56,12,44,第一金-台中,2024-05-31,5382
8011,台通,41,0,41,第一金-台中,2024-05-31,5382
3019,亞光,40,1,39,第一金-台中,2024-05-31,5382
00937B,群益ESG投等債20,40,3,37,第一金-台中,2024-05-31,5382
8064,東捷,43,7,36,第一金-台中,2024-05-31,5382
2002,中鋼,41,6,35,第一金-台中,2024-05-31,5382
2609,陽明,124,89,35,第一金-台中,2024-05-31,5382
2331,精英,40,6,34,第一金-台中,2024-05-31,5382
00706L,期元大S＆P日圓正2,30,0,30,第一金-台中,2024-05-31,5382
2102,泰豐,30,0,30,第一金-台中,2024-05-31,5382
4960,誠美材,30,2,28,第一金-台中,2024-05-31,5382
00923,群益台ESG低碳50,24,0,24,第一金-台中,2024-05-31,5382
2610,華航,35,11,24,第一金-台中,2024-05-31,5382
2618,長榮航,32,9,23,第一金-台中,2024-05-31,5382
2845,遠東銀,20,0,20,第一金-台中,2024-05-31,5382
00664R,國泰臺灣加權反1,20,0,20,第一金-台中,2024-05-31,5382
2892,第一金,20,0,20,第一金-台中,2024-05-31,5382
2916,滿心,21,1,20,第一金-台中,2024-05-31,5382
4503,金雨,20,0,20,第一金-台中,2024-05-31,5382
2354,鴻準,91,72,19,第一金-台中,2024-05-31,5382
6140,訊達,20,1,19,第一金-台中,2024-05-31,5382
2376,技嘉,21,4,17,第一金-台中,2024-05-31,5382
2401,凌陽,43,27,16,第一金-台中,2024-05-31,5382
0056,元大高股息,17,2,15,第一金-台中,2024-05-31,5382
2464,盟立,99,84,15,第一金-台中,2024-05-31,5382
8105,凌巨,14,0,14,第一金-台中,2024-05-31,5382
00878,國泰永續高股息,16,2,14,第一金-台中,2024-05-31,5382
00725B,國泰投資級公司債,13,0,13,第一金-台中,2024-05-31,5382
00632R,元大台灣50反1,13,0,13,第一金-台中,2024-05-31,5382
2409,友達,17,4,13,第一金-台中,2024-05-31,5382
6770,力積電,18,5,13,第一金-台中,2024-05-31,5382
1532,勤美,15,3,12,第一金-台中,2024-05-31,5382
6170,統振,16,4,12,第一金-台中,2024-05-31,5382
2330,台積電,14,2,12,第一金-台中,2024-05-31,5382
1785,光洋科,11,0,11,第一金-台中,2024-05-31,5382
2328,廣宇,27,16,11,第一金-台中,2024-05-31,5382
2408,南亞科,12,1,11,第一金-台中,2024-05-31,5382
5234,達興材料,11,0,11,第一金-台中,2024-05-31,5382
6271,同欣電,11,0,11,第一金-台中,2024-05-31,5382
00830,國泰費城半導體,10,0,10,第一金-台中,2024-05-31,5382
00946,群益科技高息成長,10,0,10,第一金-台中,2024-05-31,5382
2603,長榮,28,18,10,第一金-台中,2024-05-31,5382
2609,陽明,217,74,143,第一金-台中,2024-06-03,5382
2367,燿華,133,30,103,第一金-台中,2024-06-03,5382
2464,盟立,155,59,96,第一金-台中,2024-06-03,5382
3013,晟銘電,135,73,62,第一金-台中,2024-06-03,5382
6712,長聖,55,0,55,第一金-台中,2024-06-03,5382
4533,協易機,81,27,54,第一金-台中,2024-06-03,5382
5426,振發,62,17,45,第一金-台中,2024-06-03,5382
2504,國產,40,0,40,第一金-台中,2024-06-03,5382
4960,誠美材,40,0,40,第一金-台中,2024-06-03,5382
00918,大華優利高填息30,50,14,36,第一金-台中,2024-06-03,5382
3118,進階,35,0,35,第一金-台中,2024-06-03,5382
00665L,富邦�琤肭磪囓�2,230,197,33,第一金-台中,2024-06-03,5382
00919,群益台灣精選高息,37,6,31,第一金-台中,2024-06-03,5382
2353,宏��,31,4,27,第一金-台中,2024-06-03,5382
1447,力鵬,25,0,25,第一金-台中,2024-06-03,5382
3712,永崴投控,26,2,24,第一金-台中,2024-06-03,5382
1815,富喬,114,92,22,第一金-台中,2024-06-03,5382
2615,萬海,52,31,21,第一金-台中,2024-06-03,5382
2888,新光金,204,183,21,第一金-台中,2024-06-03,5382
5443,均豪,23,2,21,第一金-台中,2024-06-03,5382
00923,群益台ESG低碳50,21,1,20,第一金-台中,2024-06-03,5382
3088,艾訊,20,0,20,第一金-台中,2024-06-03,5382
6187,萬潤,20,0,20,第一金-台中,2024-06-03,5382
0056,元大高股息,22,4,18,第一金-台中,2024-06-03,5382
3491,昇達科,17,0,17,第一金-台中,2024-06-03,5382
2618,長榮航,22,5,17,第一金-台中,2024-06-03,5382
2354,鴻準,76,61,15,第一金-台中,2024-06-03,5382
00715L,期街口布蘭特正2,17,2,15,第一金-台中,2024-06-03,5382
1618,合機,14,0,14,第一金-台中,2024-06-03,5382
2916,滿心,14,1,13,第一金-台中,2024-06-03,5382
2867,三商壽,22,10,12,第一金-台中,2024-06-03,5382
9945,潤泰新,14,2,12,第一金-台中,2024-06-03,5382
2834,臺企銀,12,1,11,第一金-台中,2024-06-03,5382
2313,華通,12,1,11,第一金-台中,2024-06-03,5382
1514,亞力,11,1,10,第一金-台中,2024-06-03,5382
2301,光寶科,10,0,10,第一金-台中,2024-06-03,5382
2355,敬鵬,20,10,10,第一金-台中,2024-06-03,5382
2505,國揚,10,0,10,第一金-台中,2024-06-03,5382
2537,聯上發,55,45,10,第一金-台中,2024-06-03,5382
2812,台中銀,10,1,9,第一金-台中,2024-06-03,5382
2449,京元電子,11,3,8,第一金-台中,2024-06-03,5382
5371,中光電,14,6,8,第一金-台中,2024-06-03,5382
2324,仁寶,11,3,8,第一金-台中,2024-06-03,5382
3715,定穎投控,8,0,8,第一金-台中,2024-06-03,5382
6275,元山,15,7,8,第一金-台中,2024-06-03,5382
3017,奇鋐,11,4,7,第一金-台中,2024-06-03,5382
6166,凌華,8,1,7,第一金-台中,2024-06-03,5382
3450,聯鈞,9,2,7,第一金-台中,2024-06-03,5382
3022,威強電,7,0,7,第一金-台中,2024-06-03,5382
6541,泰福-KY,10,3,7,第一金-台中,2024-06-03,5382
2363,矽統,255,14,241,第一金-台中,2024-06-04,5382
2367,燿華,285,87,198,第一金-台中,2024-06-04,5382
2888,新光金,291,113,178,第一金-台中,2024-06-04,5382
2465,麗臺,136,32,104,第一金-台中,2024-06-04,5382
00940,元大台灣價值高息,124,39,85,第一金-台中,2024-06-04,5382
00715L,期街口布蘭特正2,47,0,47,第一金-台中,2024-06-04,5382
00929,復華台灣科技優息,68,27,41,第一金-台中,2024-06-04,5382
00918,大華優利高填息30,39,0,39,第一金-台中,2024-06-04,5382
2109,華豐,35,0,35,第一金-台中,2024-06-04,5382
8234,新漢,48,13,35,第一金-台中,2024-06-04,5382
4526,東台,39,8,31,第一金-台中,2024-06-04,5382
6197,佳必琪,31,4,27,第一金-台中,2024-06-04,5382
00878,國泰永續高股息,27,1,26,第一金-台中,2024-06-04,5382
2495,普安,29,6,23,第一金-台中,2024-06-04,5382
9105,泰金寶-DR,28,7,21,第一金-台中,2024-06-04,5382
6770,力積電,19,0,19,第一金-台中,2024-06-04,5382
2408,南亞科,17,0,17,第一金-台中,2024-06-04,5382
2312,金寶,59,44,15,第一金-台中,2024-06-04,5382
2515,中工,15,2,13,第一金-台中,2024-06-04,5382
6591,動力-KY,36,23,13,第一金-台中,2024-06-04,5382
8936,國統,14,1,13,第一金-台中,2024-06-04,5382
0056,元大高股息,14,1,13,第一金-台中,2024-06-04,5382
3231,緯創,13,1,12,第一金-台中,2024-06-04,5382
2344,華邦電,22,10,12,第一金-台中,2024-06-04,5382
2524,京城,16,4,12,第一金-台中,2024-06-04,5382
3027,盛達,14,2,12,第一金-台中,2024-06-04,5382
00923,群益台ESG低碳50,12,0,12,第一金-台中,2024-06-04,5382
1810,和成,11,0,11,第一金-台中,2024-06-04,5382
3060,銘異,15,4,11,第一金-台中,2024-06-04,5382
00753L,中信中國50正2,15,5,10,第一金-台中,2024-06-04,5382
2007,燁興,10,0,10,第一金-台中,2024-06-04,5382
2102,泰豐,10,0,10,第一金-台中,2024-06-04,5382
2241,艾姆勒,13,3,10,第一金-台中,2024-06-04,5382
2316,楠梓電,10,0,10,第一金-台中,2024-06-04,5382
2329,華泰,10,0,10,第一金-台中,2024-06-04,5382
2739,寒舍,10,0,10,第一金-台中,2024-06-04,5382
4550,長佳,10,0,10,第一金-台中,2024-06-04,5382
2834,臺企銀,10,1,9,第一金-台中,2024-06-04,5382
2615,萬海,34,25,9,第一金-台中,2024-06-04,5382
3490,單井,9,0,9,第一金-台中,2024-06-04,5382
5426,振發,26,17,9,第一金-台中,2024-06-04,5382
6227,茂綸,42,33,9,第一金-台中,2024-06-04,5382
2002,中鋼,11,2,9,第一金-台中,2024-06-04,5382
2324,仁寶,11,2,9,第一金-台中,2024-06-04,5382
00919,群益台灣精選高息,51,43,8,第一金-台中,2024-06-04,5382
00763U,期街口道瓊銅,8,0,8,第一金-台中,2024-06-04,5382
3022,威強電,11,3,8,第一金-台中,2024-06-04,5382
6462,神盾,8,1,7,第一金-台中,2024-06-04,5382
00712,復華富時不動產,7,0,7,第一金-台中,2024-06-04,5382
1447,力鵬,7,0,7,第一金-台中,2024-06-04,5382
00929,復華台灣科技優息,98,0,98,第一金-台中,2024-06-05,5382
2308,台達電,73,6,67,第一金-台中,2024-06-05,5382
2605,新興,70,10,60,第一金-台中,2024-06-05,5382
3483,力致,75,20,55,第一金-台中,2024-06-05,5382
00715L,期街口布蘭特正2,48,0,48,第一金-台中,2024-06-05,5382
2618,長榮航,105,61,44,第一金-台中,2024-06-05,5382
00878,國泰永續高股息,41,0,41,第一金-台中,2024-06-05,5382
00632R,元大台灣50反1,40,0,40,第一金-台中,2024-06-05,5382
00665L,富邦�琤肭磪囓�2,131,93,38,第一金-台中,2024-06-05,5382
2105,正新,48,11,37,第一金-台中,2024-06-05,5382
5392,能率,39,2,37,第一金-台中,2024-06-05,5382
3356,奇偶,43,8,35,第一金-台中,2024-06-05,5382
2612,中航,30,0,30,第一金-台中,2024-06-05,5382
00919,群益台灣精選高息,30,4,26,第一金-台中,2024-06-05,5382
8110,華東,22,0,22,第一金-台中,2024-06-05,5382
2353,宏��,38,17,21,第一金-台中,2024-06-05,5382
00918,大華優利高填息30,21,0,21,第一金-台中,2024-06-05,5382
00936,台新永續高息中小,25,5,20,第一金-台中,2024-06-05,5382
2331,精英,25,5,20,第一金-台中,2024-06-05,5382
2344,華邦電,23,3,20,第一金-台中,2024-06-05,5382
2495,普安,20,1,19,第一金-台中,2024-06-05,5382
6161,捷波,20,1,19,第一金-台中,2024-06-05,5382
1815,富喬,170,152,18,第一金-台中,2024-06-05,5382
00882,中信中國高股息,17,0,17,第一金-台中,2024-06-05,5382
1447,力鵬,17,0,17,第一金-台中,2024-06-05,5382
8076,伍豐,17,0,17,第一金-台中,2024-06-05,5382
00937B,群益ESG投等債20,25,9,16,第一金-台中,2024-06-05,5382
2241,艾姆勒,15,0,15,第一金-台中,2024-06-05,5382
2478,大毅,15,0,15,第一金-台中,2024-06-05,5382
1802,台玻,21,7,14,第一金-台中,2024-06-05,5382
3062,建漢,22,9,13,第一金-台中,2024-06-05,5382
1303,南亞,13,1,12,第一金-台中,2024-06-05,5382
2417,圓剛,21,9,12,第一金-台中,2024-06-05,5382
2397,友通,19,8,11,第一金-台中,2024-06-05,5382
6806,森崴能源,10,0,10,第一金-台中,2024-06-05,5382
00692,富邦公司治理,10,0,10,第一金-台中,2024-06-05,5382
1515,力山,10,0,10,第一金-台中,2024-06-05,5382
1597,直得,18,8,10,第一金-台中,2024-06-05,5382
2102,泰豐,10,0,10,第一金-台中,2024-06-05,5382
2867,三商壽,10,0,10,第一金-台中,2024-06-05,5382
4960,誠美材,10,0,10,第一金-台中,2024-06-05,5382
9919,康那香,10,0,10,第一金-台中,2024-06-05,5382
1455,集盛,11,1,10,第一金-台中,2024-06-05,5382
00942B,台新美A公司債20+,10,1,9,第一金-台中,2024-06-05,5382
00687B,國泰20年美債,9,0,9,第一金-台中,2024-06-05,5382
00946,群益科技高息成長,9,0,9,第一金-台中,2024-06-05,5382
2489,瑞軒,9,0,9,第一金-台中,2024-06-05,5382
2641,正德,23,14,9,第一金-台中,2024-06-05,5382
6215,和椿,12,3,9,第一金-台中,2024-06-05,5382
8374,羅昇,10,1,9,第一金-台中,2024-06-05,5382
00946,群益科技高息成長,100,0,100,第一金-台中,2024-06-06,5382
00687B,國泰20年美債,96,15,81,第一金-台中,2024-06-06,5382
00936,台新永續高息中小,63,0,63,第一金-台中,2024-06-06,5382
2022,聚亨,50,2,48,第一金-台中,2024-06-06,5382
2605,新興,70,22,48,第一金-台中,2024-06-06,5382
2331,精英,120,73,47,第一金-台中,2024-06-06,5382
00929,復華台灣科技優息,60,15,45,第一金-台中,2024-06-06,5382
2610,華航,55,14,41,第一金-台中,2024-06-06,5382
4571,鈞興-KY,30,0,30,第一金-台中,2024-06-06,5382
9938,百和,26,0,26,第一金-台中,2024-06-06,5382
1303,南亞,25,0,25,第一金-台中,2024-06-06,5382
2489,瑞軒,26,1,25,第一金-台中,2024-06-06,5382
8103,瀚荃,23,0,23,第一金-台中,2024-06-06,5382
2007,燁興,20,0,20,第一金-台中,2024-06-06,5382
2102,泰豐,20,0,20,第一金-台中,2024-06-06,5382
2365,昆盈,21,2,19,第一金-台中,2024-06-06,5382
2371,大同,18,0,18,第一金-台中,2024-06-06,5382
3055,蔚華科,37,19,18,第一金-台中,2024-06-06,5382
2344,華邦電,17,0,17,第一金-台中,2024-06-06,5382
6197,佳必琪,60,44,16,第一金-台中,2024-06-06,5382
2409,友達,16,1,15,第一金-台中,2024-06-06,5382
00632R,元大台灣50反1,35,20,15,第一金-台中,2024-06-06,5382
1785,光洋科,15,0,15,第一金-台中,2024-06-06,5382
2609,陽明,152,138,14,第一金-台中,2024-06-06,5382
2643,捷迅,14,0,14,第一金-台中,2024-06-06,5382
1301,台塑,14,0,14,第一金-台中,2024-06-06,5382
8076,伍豐,13,0,13,第一金-台中,2024-06-06,5382
3048,益登,13,0,13,第一金-台中,2024-06-06,5382
2385,群光,13,0,13,第一金-台中,2024-06-06,5382
1603,華電,14,2,12,第一金-台中,2024-06-06,5382
4976,佳凌,12,0,12,第一金-台中,2024-06-06,5382
6523,達爾膚,12,0,12,第一金-台中,2024-06-06,5382
6541,泰福-KY,12,0,12,第一金-台中,2024-06-06,5382
1314,中石化,14,3,11,第一金-台中,2024-06-06,5382
4961,天鈺,10,0,10,第一金-台中,2024-06-06,5382
1515,力山,10,0,10,第一金-台中,2024-06-06,5382
1722,台肥,10,0,10,第一金-台中,2024-06-06,5382
2524,京城,10,0,10,第一金-台中,2024-06-06,5382
3686,達能,10,0,10,第一金-台中,2024-06-06,5382
4960,誠美材,10,0,10,第一金-台中,2024-06-06,5382
6233,旺玖,10,0,10,第一金-台中,2024-06-06,5382
6592,和潤企業,10,0,10,第一金-台中,2024-06-06,5382
4760,勤凱,10,0,10,第一金-台中,2024-06-06,5382
1514,亞力,11,2,9,第一金-台中,2024-06-06,5382
00935,野村臺灣新科技50,10,1,9,第一金-台中,2024-06-06,5382
2241,艾姆勒,9,0,9,第一金-台中,2024-06-06,5382
2897,王道銀行,9,0,9,第一金-台中,2024-06-06,5382
9955,佳龍,12,3,9,第一金-台中,2024-06-06,5382
2354,鴻準,32,24,8,第一金-台中,2024-06-06,5382
00944,野村趨勢動能高息,10,2,8,第一金-台中,2024-06-06,5382
00687B,國泰20年美債,115,12,103,第一金-台中,2024-06-07,5382
2367,燿華,114,14,100,第一金-台中,2024-06-07,5382
1608,華榮,140,42,98,第一金-台中,2024-06-07,5382
00937B,群益ESG投等債20,102,10,92,第一金-台中,2024-06-07,5382
2308,台達電,90,0,90,第一金-台中,2024-06-07,5382
8064,東捷,89,22,67,第一金-台中,2024-06-07,5382
1503,士電,66,8,58,第一金-台中,2024-06-07,5382
3231,緯創,61,2,59,第一金-台中,2024-06-07,5382
1532,勤美,66,14,52,第一金-台中,2024-06-07,5382
00720B,元大投資級公司債,50,3,47,第一金-台中,2024-06-07,5382
00936,台新永續高息中小,43,0,43,第一金-台中,2024-06-07,5382
1609,大亞,54,11,43,第一金-台中,2024-06-07,5382
2834,臺企銀,48,7,41,第一金-台中,2024-06-07,5382
1618,合機,89,52,37,第一金-台中,2024-06-07,5382
1616,億泰,32,0,32,第一金-台中,2024-06-07,5382
1513,中興電,78,47,31,第一金-台中,2024-06-07,5382
00857B,永豐20年美公債,30,0,30,第一金-台中,2024-06-07,5382
5493,三聯,33,3,30,第一金-台中,2024-06-07,5382
00929,復華台灣科技優息,33,6,27,第一金-台中,2024-06-07,5382
4566,時碩工業,26,0,26,第一金-台中,2024-06-07,5382
2515,中工,34,9,25,第一金-台中,2024-06-07,5382
2816,旺旺保,30,5,25,第一金-台中,2024-06-07,5382
2603,長榮,43,20,23,第一金-台中,2024-06-07,5382
00919,群益台灣精選高息,27,5,22,第一金-台中,2024-06-07,5382
9938,百和,22,1,21,第一金-台中,2024-06-07,5382
3189,景碩,20,0,20,第一金-台中,2024-06-07,5382
3580,友威科,41,21,20,第一金-台中,2024-06-07,5382
1514,亞力,36,16,20,第一金-台中,2024-06-07,5382
6125,廣運,28,9,19,第一金-台中,2024-06-07,5382
2613,中櫃,45,29,16,第一金-台中,2024-06-07,5382
00933B,國泰10Y+金融債,16,1,15,第一金-台中,2024-06-07,5382
4919,新唐,14,0,14,第一金-台中,2024-06-07,5382
9958,世紀鋼,29,16,13,第一金-台中,2024-06-07,5382
00712,復華富時不動產,13,0,13,第一金-台中,2024-06-07,5382
3122,笙泉,83,70,13,第一金-台中,2024-06-07,5382
4513,福裕,14,1,13,第一金-台中,2024-06-07,5382
2101,南港,13,0,13,第一金-台中,2024-06-07,5382
2478,大毅,12,0,12,第一金-台中,2024-06-07,5382
2505,國揚,11,0,11,第一金-台中,2024-06-07,5382
00935,野村臺灣新科技50,10,0,10,第一金-台中,2024-06-07,5382
1723,中碳,10,0,10,第一金-台中,2024-06-07,5382
3380,明泰,10,0,10,第一金-台中,2024-06-07,5382
8033,雷虎,11,1,10,第一金-台中,2024-06-07,5382
6207,雷科,19,10,9,第一金-台中,2024-06-07,5382
3176,基亞,9,0,9,第一金-台中,2024-06-07,5382
6139,亞翔,12,4,8,第一金-台中,2024-06-07,5382
2376,技嘉,8,0,8,第一金-台中,2024-06-07,5382
2520,冠德,20,12,8,第一金-台中,2024-06-07,5382
8936,國統,8,0,8,第一金-台中,2024-06-07,5382
00878,國泰永續高股息,7,0,7,第一金-台中,2024-06-07,5382
00937B,群益ESG投等債20,581,0,581,第一金-台中,2024-06-11,5382
00929,復華台灣科技優息,274,5,269,第一金-台中,2024-06-11,5382
00918,大華優利高填息30,135,0,135,第一金-台中,2024-06-11,5382
00919,群益台灣精選高息,137,3,134,第一金-台中,2024-06-11,5382
2323,中環,70,0,70,第一金-台中,2024-06-11,5382
2609,陽明,210,143,67,第一金-台中,2024-06-11,5382
2367,燿華,68,4,64,第一金-台中,2024-06-11,5382
6841,長佳智能,62,5,57,第一金-台中,2024-06-11,5382
1314,中石化,56,0,56,第一金-台中,2024-06-11,5382
8105,凌巨,54,0,54,第一金-台中,2024-06-11,5382
2371,大同,47,1,46,第一金-台中,2024-06-11,5382
2883,凱基金,66,21,45,第一金-台中,2024-06-11,5382
1815,富喬,72,31,41,第一金-台中,2024-06-11,5382
3029,零壹,40,1,39,第一金-台中,2024-06-11,5382
00687B,國泰20年美債,38,1,37,第一金-台中,2024-06-11,5382
2515,中工,43,9,34,第一金-台中,2024-06-11,5382
3583,辛耘,53,19,34,第一金-台中,2024-06-11,5382
00878,國泰永續高股息,34,1,33,第一金-台中,2024-06-11,5382
3481,群創,34,1,33,第一金-台中,2024-06-11,5382
3231,緯創,35,4,31,第一金-台中,2024-06-11,5382
1616,億泰,29,0,29,第一金-台中,2024-06-11,5382
3176,基亞,34,9,25,第一金-台中,2024-06-11,5382
8064,東捷,29,4,25,第一金-台中,2024-06-11,5382
00679B,元大美債20年,27,5,22,第一金-台中,2024-06-11,5382
2204,中華,22,1,21,第一金-台中,2024-06-11,5382
4588,玖鼎電力,22,2,20,第一金-台中,2024-06-11,5382
9938,百和,19,0,19,第一金-台中,2024-06-11,5382
2504,國產,20,2,18,第一金-台中,2024-06-11,5382
2615,萬海,48,31,17,第一金-台中,2024-06-11,5382
2002,中鋼,18,1,17,第一金-台中,2024-06-11,5382
6692,進能服,16,0,16,第一金-台中,2024-06-11,5382
9945,潤泰新,18,2,16,第一金-台中,2024-06-11,5382
00936,台新永續高息中小,15,0,15,第一金-台中,2024-06-11,5382
1101,台泥,17,3,14,第一金-台中,2024-06-11,5382
1608,華榮,30,16,14,第一金-台中,2024-06-11,5382
00637L,元大滬深300正2,13,0,13,第一金-台中,2024-06-11,5382
5324,士開,13,0,13,第一金-台中,2024-06-11,5382
00939,統一台灣高息動能,13,0,13,第一金-台中,2024-06-11,5382
4306,炎洲,12,0,12,第一金-台中,2024-06-11,5382
6506,雙邦,14,2,12,第一金-台中,2024-06-11,5382
2537,聯上發,43,31,12,第一金-台中,2024-06-11,5382
3483,力致,17,5,12,第一金-台中,2024-06-11,5382
00673R,期元大S＆P原油反1,11,0,11,第一金-台中,2024-06-11,5382
00933B,國泰10Y+金融債,11,0,11,第一金-台中,2024-06-11,5382
2365,昆盈,14,3,11,第一金-台中,2024-06-11,5382
4971,IET-KY,11,0,11,第一金-台中,2024-06-11,5382
6207,雷科,36,25,11,第一金-台中,2024-06-11,5382
00753L,中信中國50正2,10,0,10,第一金-台中,2024-06-11,5382
00942B,台新美A公司債20+,10,0,10,第一金-台中,2024-06-11,5382
1444,力麗,10,0,10,第一金-台中,2024-06-11,5382
2888,新光金,212,61,151,第一金-台中,2024-06-12,5382
00919,群益台灣精選高息,71,0,71,第一金-台中,2024-06-12,5382
00948B,中信優息投資級債,87,46,41,第一金-台中,2024-06-12,5382
2323,中環,40,0,40,第一金-台中,2024-06-12,5382
2618,長榮航,58,19,39,第一金-台中,2024-06-12,5382
4128,中天,31,2,29,第一金-台中,2024-06-12,5382
5392,能率,28,2,26,第一金-台中,2024-06-12,5382
00712,復華富時不動產,25,0,25,第一金-台中,2024-06-12,5382
2442,新美齊,25,0,25,第一金-台中,2024-06-12,5382
00936,台新永續高息中小,23,0,23,第一金-台中,2024-06-12,5382
2002,中鋼,23,0,23,第一金-台中,2024-06-12,5382
2851,中再保,26,4,22,第一金-台中,2024-06-12,5382
00918,大華優利高填息30,22,0,22,第一金-台中,2024-06-12,5382
3339,泰谷,20,0,20,第一金-台中,2024-06-12,5382
2464,盟立,34,15,19,第一金-台中,2024-06-12,5382
6451,訊芯-KY,24,5,19,第一金-台中,2024-06-12,5382
3374,精材,33,15,18,第一金-台中,2024-06-12,5382
3363,上詮,32,14,18,第一金-台中,2024-06-12,5382
5351,鈺創,40,22,18,第一金-台中,2024-06-12,5382
8096,擎亞,33,15,18,第一金-台中,2024-06-12,5382
2317,鴻海,89,72,17,第一金-台中,2024-06-12,5382
8028,昇陽半導體,23,7,16,第一金-台中,2024-06-12,5382
2330,台積電,23,8,15,第一金-台中,2024-06-12,5382
8299,群聯,13,1,12,第一金-台中,2024-06-12,5382
2344,華邦電,17,5,12,第一金-台中,2024-06-12,5382
2353,宏��,37,25,12,第一金-台中,2024-06-12,5382
3047,訊舟,15,4,11,第一金-台中,2024-06-12,5382
3450,聯鈞,82,71,11,第一金-台中,2024-06-12,5382
6191,精成科,11,0,11,第一金-台中,2024-06-12,5382
2401,凌陽,19,8,11,第一金-台中,2024-06-12,5382
6806,森崴能源,10,0,10,第一金-台中,2024-06-12,5382
2376,技嘉,14,4,10,第一金-台中,2024-06-12,5382
2505,國揚,11,1,10,第一金-台中,2024-06-12,5382
2511,太子,10,0,10,第一金-台中,2024-06-12,5382
3557,嘉威,10,0,10,第一金-台中,2024-06-12,5382
5469,瀚宇博,10,0,10,第一金-台中,2024-06-12,5382
6116,彩晶,10,0,10,第一金-台中,2024-06-12,5382
9105,泰金寶-DR,10,0,10,第一金-台中,2024-06-12,5382
00929,復華台灣科技優息,42,33,9,第一金-台中,2024-06-12,5382
1815,富喬,48,39,9,第一金-台中,2024-06-12,5382
3060,銘異,9,0,9,第一金-台中,2024-06-12,5382
2409,友達,9,1,8,第一金-台中,2024-06-12,5382
2014,中鴻,8,0,8,第一金-台中,2024-06-12,5382
2352,佳世達,8,0,8,第一金-台中,2024-06-12,5382
2515,中工,18,10,8,第一金-台中,2024-06-12,5382
3548,兆利,8,0,8,第一金-台中,2024-06-12,5382
8064,東捷,31,23,8,第一金-台中,2024-06-12,5382
3029,零壹,40,32,8,第一金-台中,2024-06-12,5382
3231,緯創,20,13,7,第一金-台中,2024-06-12,5382
2883,凱基金,23,16,7,第一金-台中,2024-06-12,5382
00632R,元大台灣50反1,322,0,322,第一金-台中,2024-06-13,5382
2888,新光金,112,4,108,第一金-台中,2024-06-13,5382
2308,台達電,90,5,85,第一金-台中,2024-06-13,5382
00687B,國泰20年美債,82,0,82,第一金-台中,2024-06-13,5382
2367,燿華,109,51,58,第一金-台中,2024-06-13,5382
1608,華榮,111,66,45,第一金-台中,2024-06-13,5382
6546,正基,57,23,34,第一金-台中,2024-06-13,5382
3481,群創,34,0,34,第一金-台中,2024-06-13,5382
6841,長佳智能,35,2,33,第一金-台中,2024-06-13,5382
3029,零壹,36,5,31,第一金-台中,2024-06-13,5382
3055,蔚華科,42,12,30,第一金-台中,2024-06-13,5382
6282,康舒,30,0,30,第一金-台中,2024-06-13,5382
2303,聯電,44,15,29,第一金-台中,2024-06-13,5382
2609,陽明,47,21,26,第一金-台中,2024-06-13,5382
9958,世紀鋼,28,3,25,第一金-台中,2024-06-13,5382
2618,長榮航,90,70,20,第一金-台中,2024-06-13,5382
2007,燁興,20,0,20,第一金-台中,2024-06-13,5382
2385,群光,20,0,20,第一金-台中,2024-06-13,5382
00937B,群益ESG投等債20,20,1,19,第一金-台中,2024-06-13,5382
00939,統一台灣高息動能,25,9,16,第一金-台中,2024-06-13,5382
1617,榮星,24,9,15,第一金-台中,2024-06-13,5382
1325,恆大,14,0,14,第一金-台中,2024-06-13,5382
3019,亞光,14,0,14,第一金-台中,2024-06-13,5382
1514,亞力,20,7,13,第一金-台中,2024-06-13,5382
3339,泰谷,13,0,13,第一金-台中,2024-06-13,5382
3712,永崴投控,32,19,13,第一金-台中,2024-06-13,5382
2359,所羅門,25,14,11,第一金-台中,2024-06-13,5382
00650L,復華香港正2,10,0,10,第一金-台中,2024-06-13,5382
1538,正峰,10,0,10,第一金-台中,2024-06-13,5382
2492,華新科,10,0,10,第一金-台中,2024-06-13,5382
2515,中工,10,0,10,第一金-台中,2024-06-13,5382
2855,統一證,10,0,10,第一金-台中,2024-06-13,5382
2851,中再保,12,3,9,第一金-台中,2024-06-13,5382
00692,富邦公司治理,9,0,9,第一金-台中,2024-06-13,5382
6265,方土昶,10,1,9,第一金-台中,2024-06-13,5382
2382,廣達,21,12,9,第一金-台中,2024-06-13,5382
2324,仁寶,8,0,8,第一金-台中,2024-06-13,5382
1524,耿鼎,8,0,8,第一金-台中,2024-06-13,5382
4157,太景*-KY,14,6,8,第一金-台中,2024-06-13,5382
5443,均豪,17,9,8,第一金-台中,2024-06-13,5382
6151,晉倫,8,0,8,第一金-台中,2024-06-13,5382
2002,中鋼,12,5,7,第一金-台中,2024-06-13,5382
00948B,中信優息投資級債,40,33,7,第一金-台中,2024-06-13,5382
3622,洋華,9,2,7,第一金-台中,2024-06-13,5382
4960,誠美材,10,3,7,第一金-台中,2024-06-13,5382
8299,群聯,7,1,6,第一金-台中,2024-06-13,5382
00915,凱基優選高股息30,8,2,6,第一金-台中,2024-06-13,5382
00924,復華S＆P500成長,6,0,6,第一金-台中,2024-06-13,5382
2102,泰豐,6,0,6,第一金-台中,2024-06-13,5382
3163,波若威,6,0,6,第一金-台中,2024-06-13,5382
2457,飛宏,80,0,80,第一金-台中,2024-06-14,5382
5324,士開,70,0,70,第一金-台中,2024-06-14,5382
00878,國泰永續高股息,67,11,56,第一金-台中,2024-06-14,5382
1609,大亞,77,31,46,第一金-台中,2024-06-14,5382
2492,華新科,49,15,34,第一金-台中,2024-06-14,5382
4967,十銓,44,13,31,第一金-台中,2024-06-14,5382
2882,國泰金,31,2,29,第一金-台中,2024-06-14,5382
6209,今國光,28,0,28,第一金-台中,2024-06-14,5382
00687B,國泰20年美債,35,11,24,第一金-台中,2024-06-14,5382
9105,泰金寶-DR,87,65,22,第一金-台中,2024-06-14,5382
00947,台新臺灣IC設計,21,0,21,第一金-台中,2024-06-14,5382
3466,德晉,24,3,21,第一金-台中,2024-06-14,5382
00632R,元大台灣50反1,35,15,20,第一金-台中,2024-06-14,5382
2543,皇昌,25,5,20,第一金-台中,2024-06-14,5382
2367,燿華,26,9,17,第一金-台中,2024-06-14,5382
00905,FT臺灣Smart,17,0,17,第一金-台中,2024-06-14,5382
2314,台揚,17,1,16,第一金-台中,2024-06-14,5382
1513,中興電,61,45,16,第一金-台中,2024-06-14,5382
2855,統一證,15,0,15,第一金-台中,2024-06-14,5382
6890,來億-KY,15,0,15,第一金-台中,2024-06-14,5382
00936,台新永續高息中小,18,4,14,第一金-台中,2024-06-14,5382
2392,正崴,54,42,12,第一金-台中,2024-06-14,5382
2888,新光金,12,0,12,第一金-台中,2024-06-14,5382
2376,技嘉,13,2,11,第一金-台中,2024-06-14,5382
00706L,期元大S＆P日圓正2,11,0,11,第一金-台中,2024-06-14,5382
3339,泰谷,11,0,11,第一金-台中,2024-06-14,5382
5410,國眾,22,11,11,第一金-台中,2024-06-14,5382
6423,億而得-創,11,0,11,第一金-台中,2024-06-14,5382
3013,晟銘電,26,16,10,第一金-台中,2024-06-14,5382
1732,毛寶,10,0,10,第一金-台中,2024-06-14,5382
3033,威健,10,0,10,第一金-台中,2024-06-14,5382
3051,力特,10,0,10,第一金-台中,2024-06-14,5382
4961,天鈺,10,0,10,第一金-台中,2024-06-14,5382
6024,群益期,10,0,10,第一金-台中,2024-06-14,5382
6191,精成科,10,0,10,第一金-台中,2024-06-14,5382
8068,全達,10,0,10,第一金-台中,2024-06-14,5382
8071,能率網通,10,0,10,第一金-台中,2024-06-14,5382
8277,商丞,11,1,10,第一金-台中,2024-06-14,5382
1785,光洋科,14,5,9,第一金-台中,2024-06-14,5382
00946,群益科技高息成長,9,0,9,第一金-台中,2024-06-14,5382
1325,恆大,20,11,9,第一金-台中,2024-06-14,5382
2312,金寶,19,10,9,第一金-台中,2024-06-14,5382
2352,佳世達,9,0,9,第一金-台中,2024-06-14,5382
2610,華航,10,1,9,第一金-台中,2024-06-14,5382
2897,王道銀行,9,0,9,第一金-台中,2024-06-14,5382
4989,榮科,9,0,9,第一金-台中,2024-06-14,5382
1519,華城,25,16,9,第一金-台中,2024-06-14,5382
2371,大同,59,50,9,第一金-台中,2024-06-14,5382
6117,迎廣,8,0,8,第一金-台中,2024-06-14,5382
2356,英業達,11,3,8,第一金-台中,2024-06-14,5382
2308,台達電,225,2,223,第一金-台中,2024-06-17,5382
00929,復華台灣科技優息,265,154,111,第一金-台中,2024-06-17,5382
1815,富喬,120,37,83,第一金-台中,2024-06-17,5382
00918,大華優利高填息30,165,86,79,第一金-台中,2024-06-17,5382
00948B,中信優息投資級債,55,0,55,第一金-台中,2024-06-17,5382
2515,中工,64,10,54,第一金-台中,2024-06-17,5382
00942B,台新美A公司債20+,50,0,50,第一金-台中,2024-06-17,5382
2371,大同,155,108,47,第一金-台中,2024-06-17,5382
1802,台玻,129,84,45,第一金-台中,2024-06-17,5382
1514,亞力,80,38,42,第一金-台中,2024-06-17,5382
5302,太欣,40,0,40,第一金-台中,2024-06-17,5382
6139,亞翔,34,2,32,第一金-台中,2024-06-17,5382
1618,合機,59,27,32,第一金-台中,2024-06-17,5382
2303,聯電,37,7,30,第一金-台中,2024-06-17,5382
00751B,元大AAA至A公司債,30,1,29,第一金-台中,2024-06-17,5382
00679B,元大美債20年,32,6,26,第一金-台中,2024-06-17,5382
5519,隆大,25,0,25,第一金-台中,2024-06-17,5382
6187,萬潤,28,3,25,第一金-台中,2024-06-17,5382
8103,瀚荃,26,2,24,第一金-台中,2024-06-17,5382
00919,群益台灣精選高息,24,4,20,第一金-台中,2024-06-17,5382
00946,群益科技高息成長,20,0,20,第一金-台中,2024-06-17,5382
2323,中環,21,1,20,第一金-台中,2024-06-17,5382
6215,和椿,20,0,20,第一金-台中,2024-06-17,5382
00940,元大台灣價值高息,48,29,19,第一金-台中,2024-06-17,5382
2891,中信金,20,1,19,第一金-台中,2024-06-17,5382
6207,雷科,28,10,18,第一金-台中,2024-06-17,5382
2610,華航,28,10,18,第一金-台中,2024-06-17,5382
2388,威盛,21,4,17,第一金-台中,2024-06-17,5382
6506,雙邦,17,0,17,第一金-台中,2024-06-17,5382
5484,慧友,17,1,16,第一金-台中,2024-06-17,5382
1503,士電,21,6,15,第一金-台中,2024-06-17,5382
00665L,富邦�琤肭磪囓�2,183,168,15,第一金-台中,2024-06-17,5382
2537,聯上發,15,1,14,第一金-台中,2024-06-17,5382
6770,力積電,47,34,13,第一金-台中,2024-06-17,5382
2489,瑞軒,13,1,12,第一金-台中,2024-06-17,5382
00713,元大台灣高息低波,17,6,11,第一金-台中,2024-06-17,5382
2618,長榮航,11,0,11,第一金-台中,2024-06-17,5382
9904,寶成,11,0,11,第一金-台中,2024-06-17,5382
00662,富邦NASDAQ,10,0,10,第一金-台中,2024-06-17,5382
1538,正峰,10,0,10,第一金-台中,2024-06-17,5382
2029,盛餘,10,0,10,第一金-台中,2024-06-17,5382
2316,楠梓電,30,20,10,第一金-台中,2024-06-17,5382
2367,燿華,23,13,10,第一金-台中,2024-06-17,5382
2851,中再保,10,0,10,第一金-台中,2024-06-17,5382
3058,立德,15,5,10,第一金-台中,2024-06-17,5382
3176,基亞,10,0,10,第一金-台中,2024-06-17,5382
4714,永捷,10,0,10,第一金-台中,2024-06-17,5382
6191,精成科,10,0,10,第一金-台中,2024-06-17,5382
6270,倍微,10,0,10,第一金-台中,2024-06-17,5382
6290,良維,15,6,9,第一金-台中,2024-06-17,5382
2457,飛宏,154,0,154,第一金-台中,2024-06-18,5382
00918,大華優利高填息30,152,38,114,第一金-台中,2024-06-18,5382
00919,群益台灣精選高息,87,17,70,第一金-台中,2024-06-18,5382
00929,復華台灣科技優息,66,2,64,第一金-台中,2024-06-18,5382
00937B,群益ESG投等債20,57,0,57,第一金-台中,2024-06-18,5382
2883,凱基金,60,5,55,第一金-台中,2024-06-18,5382
00673R,期元大S＆P原油反1,53,0,53,第一金-台中,2024-06-18,5382
8096,擎亞,92,46,46,第一金-台中,2024-06-18,5382
3372,典範,41,0,41,第一金-台中,2024-06-18,5382
3710,連展投控,35,0,35,第一金-台中,2024-06-18,5382
8076,伍豐,35,0,35,第一金-台中,2024-06-18,5382
00632R,元大台灣50反1,32,0,32,第一金-台中,2024-06-18,5382
6806,森崴能源,28,0,28,第一金-台中,2024-06-18,5382
8040,九暘,41,13,28,第一金-台中,2024-06-18,5382
2002,中鋼,24,0,24,第一金-台中,2024-06-18,5382
00679B,元大美債20年,28,5,23,第一金-台中,2024-06-18,5382
2754,亞洲藏壽司,23,0,23,第一金-台中,2024-06-18,5382
6187,萬潤,24,1,23,第一金-台中,2024-06-18,5382
00751B,元大AAA至A公司債,22,0,22,第一金-台中,2024-06-18,5382
6024,群益期,21,1,20,第一金-台中,2024-06-18,5382
3622,洋華,48,30,18,第一金-台中,2024-06-18,5382
3051,力特,25,10,15,第一金-台中,2024-06-18,5382
6173,信昌電,15,1,14,第一金-台中,2024-06-18,5382
1504,東元,15,1,14,第一金-台中,2024-06-18,5382
00936,台新永續高息中小,13,0,13,第一金-台中,2024-06-18,5382
9945,潤泰新,17,5,12,第一金-台中,2024-06-18,5382
2025,千興,12,0,12,第一金-台中,2024-06-18,5382
8227,巨有科技,15,3,12,第一金-台中,2024-06-18,5382
00940,元大台灣價值高息,31,19,12,第一金-台中,2024-06-18,5382
00687B,國泰20年美債,11,0,11,第一金-台中,2024-06-18,5382
2489,瑞軒,13,2,11,第一金-台中,2024-06-18,5382
2704,國賓,11,0,11,第一金-台中,2024-06-18,5382
6166,凌華,12,1,11,第一金-台中,2024-06-18,5382
6640,均華,11,0,11,第一金-台中,2024-06-18,5382
00878,國泰永續高股息,11,1,10,第一金-台中,2024-06-18,5382
00752,中信中國50,10,0,10,第一金-台中,2024-06-18,5382
00882,中信中國高股息,10,0,10,第一金-台中,2024-06-18,5382
6180,橘子,10,0,10,第一金-台中,2024-06-18,5382
9103,美德醫療-DR,10,0,10,第一金-台中,2024-06-18,5382
4562,穎漢,11,2,9,第一金-台中,2024-06-18,5382
1618,合機,52,43,9,第一金-台中,2024-06-18,5382
2314,台揚,11,2,9,第一金-台中,2024-06-18,5382
2929,淘帝-KY,9,0,9,第一金-台中,2024-06-18,5382
2374,佳能,9,0,9,第一金-台中,2024-06-18,5382
2887,台新金,13,5,8,第一金-台中,2024-06-18,5382
4909,新復興,21,13,8,第一金-台中,2024-06-18,5382
6506,雙邦,9,1,8,第一金-台中,2024-06-18,5382
4967,十銓,10,3,7,第一金-台中,2024-06-18,5382
5243,乙盛-KY,12,5,7,第一金-台中,2024-06-18,5382
5347,世界,30,23,7,第一金-台中,2024-06-18,5382
3231,緯創,1060,19,1041,第一金-台中,2024-06-19,5382
00632R,元大台灣50反1,137,0,137,第一金-台中,2024-06-19,5382
2615,萬海,130,35,95,第一金-台中,2024-06-19,5382
00712,復華富時不動產,75,0,75,第一金-台中,2024-06-19,5382
00918,大華優利高填息30,90,16,74,第一金-台中,2024-06-19,5382
3372,典範,61,0,61,第一金-台中,2024-06-19,5382
00948B,中信優息投資級債,50,0,50,第一金-台中,2024-06-19,5382
6197,佳必琪,49,1,48,第一金-台中,2024-06-19,5382
1815,富喬,103,58,45,第一金-台中,2024-06-19,5382
2371,大同,59,17,42,第一金-台中,2024-06-19,5382
00929,復華台灣科技優息,63,24,39,第一金-台中,2024-06-19,5382
2754,亞洲藏壽司,39,1,38,第一金-台中,2024-06-19,5382
2344,華邦電,51,18,33,第一金-台中,2024-06-19,5382
1617,榮星,33,0,33,第一金-台中,2024-06-19,5382
00936,台新永續高息中小,33,1,32,第一金-台中,2024-06-19,5382
00665L,富邦�琤肭磪囓�2,140,110,30,第一金-台中,2024-06-19,5382
3706,神達,32,2,30,第一金-台中,2024-06-19,5382
8044,網家,30,0,30,第一金-台中,2024-06-19,5382
3062,建漢,60,31,29,第一金-台中,2024-06-19,5382
00713,元大台灣高息低波,29,0,29,第一金-台中,2024-06-19,5382
8096,擎亞,60,32,28,第一金-台中,2024-06-19,5382
00937B,群益ESG投等債20,33,5,28,第一金-台中,2024-06-19,5382
2330,台積電,45,17,28,第一金-台中,2024-06-19,5382
5392,能率,28,2,26,第一金-台中,2024-06-19,5382
9945,潤泰新,25,0,25,第一金-台中,2024-06-19,5382
2610,華航,27,3,24,第一金-台中,2024-06-19,5382
00923,群益台ESG低碳50,22,0,22,第一金-台中,2024-06-19,5382
2317,鴻海,86,65,21,第一金-台中,2024-06-19,5382
00946,群益科技高息成長,21,1,20,第一金-台中,2024-06-19,5382
2323,中環,20,0,20,第一金-台中,2024-06-19,5382
2382,廣達,98,79,19,第一金-台中,2024-06-19,5382
2328,廣宇,24,7,17,第一金-台中,2024-06-19,5382
2023,燁輝,20,4,16,第一金-台中,2024-06-19,5382
8011,台通,17,1,16,第一金-台中,2024-06-19,5382
3041,揚智,16,3,13,第一金-台中,2024-06-19,5382
00947,台新臺灣IC設計,13,0,13,第一金-台中,2024-06-19,5382
4968,立積,18,5,13,第一金-台中,2024-06-19,5382
2312,金寶,18,6,12,第一金-台中,2024-06-19,5382
4162,智擎,12,0,12,第一金-台中,2024-06-19,5382
6282,康舒,15,3,12,第一金-台中,2024-06-19,5382
8277,商丞,14,2,12,第一金-台中,2024-06-19,5382
00687B,國泰20年美債,13,1,12,第一金-台中,2024-06-19,5382
2405,輔信,11,0,11,第一金-台中,2024-06-19,5382
2891,中信金,11,0,11,第一金-台中,2024-06-19,5382
0050,元大台灣50,12,1,11,第一金-台中,2024-06-19,5382
5443,均豪,21,10,11,第一金-台中,2024-06-19,5382
00673R,期元大S＆P原油反1,10,0,10,第一金-台中,2024-06-19,5382
1314,中石化,10,0,10,第一金-台中,2024-06-19,5382
2070,精湛,10,0,10,第一金-台中,2024-06-19,5382
3450,聯鈞,34,24,10,第一金-台中,2024-06-19,5382
00919,群益台灣精選高息,189,13,176,第一金-台中,2024-06-20,5382
00929,復華台灣科技優息,115,23,92,第一金-台中,2024-06-20,5382
00940,元大台灣價值高息,95,14,81,第一金-台中,2024-06-20,5382
2317,鴻海,127,62,65,第一金-台中,2024-06-20,5382
1815,富喬,129,74,55,第一金-台中,2024-06-20,5382
00686R,群益臺灣加權反1,50,0,50,第一金-台中,2024-06-20,5382
3374,精材,42,1,41,第一金-台中,2024-06-20,5382
00632R,元大台灣50反1,50,10,40,第一金-台中,2024-06-20,5382
00687B,國泰20年美債,38,0,38,第一金-台中,2024-06-20,5382
00936,台新永續高息中小,36,1,35,第一金-台中,2024-06-20,5382
2618,長榮航,92,62,30,第一金-台中,2024-06-20,5382
2891,中信金,30,1,29,第一金-台中,2024-06-20,5382
2609,陽明,31,4,27,第一金-台中,2024-06-20,5382
2354,鴻準,48,25,23,第一金-台中,2024-06-20,5382
2002,中鋼,21,1,20,第一金-台中,2024-06-20,5382
3530,晶相光,20,0,20,第一金-台中,2024-06-20,5382
6550,北極星藥業-KY,25,5,20,第一金-台中,2024-06-20,5382
5443,均豪,40,21,19,第一金-台中,2024-06-20,5382
1513,中興電,22,4,18,第一金-台中,2024-06-20,5382
6531,愛普*,20,5,15,第一金-台中,2024-06-20,5382
6187,萬潤,17,2,15,第一金-台中,2024-06-20,5382
2338,光罩,15,0,15,第一金-台中,2024-06-20,5382
2353,宏��,17,2,15,第一金-台中,2024-06-20,5382
00939,統一台灣高息動能,15,1,14,第一金-台中,2024-06-20,5382
1529,樂事綠能,26,14,12,第一金-台中,2024-06-20,5382
6609,瀧澤科,12,0,12,第一金-台中,2024-06-20,5382
00937B,群益ESG投等債20,16,5,11,第一金-台中,2024-06-20,5382
6505,台塑化,11,0,11,第一金-台中,2024-06-20,5382
00665L,富邦�琤肭磪囓�2,77,67,10,第一金-台中,2024-06-20,5382
00853B,統一美債10年Aa-,10,0,10,第一金-台中,2024-06-20,5382
1325,恆大,10,0,10,第一金-台中,2024-06-20,5382
2365,昆盈,21,11,10,第一金-台中,2024-06-20,5382
2504,國產,10,0,10,第一金-台中,2024-06-20,5382
8383,千附,10,0,10,第一金-台中,2024-06-20,5382
00933B,國泰10Y+金融債,9,0,9,第一金-台中,2024-06-20,5382
8096,擎亞,16,7,9,第一金-台中,2024-06-20,5382
00948B,中信優息投資級債,10,1,9,第一金-台中,2024-06-20,5382
2371,大同,41,32,9,第一金-台中,2024-06-20,5382
3521,鴻翊,10,1,9,第一金-台中,2024-06-20,5382
2359,所羅門,10,2,8,第一金-台中,2024-06-20,5382
3047,訊舟,13,5,8,第一金-台中,2024-06-20,5382
6216,居易,9,1,8,第一金-台中,2024-06-20,5382
00946,群益科技高息成長,19,12,7,第一金-台中,2024-06-20,5382
6446,藥華藥,9,2,7,第一金-台中,2024-06-20,5382
3673,TPK-KY,7,0,7,第一金-台中,2024-06-20,5382
6585,鼎基,7,0,7,第一金-台中,2024-06-20,5382
9919,康那香,7,0,7,第一金-台中,2024-06-20,5382
4726,永昕,7,1,6,第一金-台中,2024-06-20,5382
1503,士電,30,24,6,第一金-台中,2024-06-20,5382
3312,弘憶股,9,3,6,第一金-台中,2024-06-20,5382
00937B,群益ESG投等債20,610,5,605,第一金-台中,2024-06-21,5382
00919,群益台灣精選高息,125,30,95,第一金-台中,2024-06-21,5382
3481,群創,279,184,95,第一金-台中,2024-06-21,5382
00939,統一台灣高息動能,90,0,90,第一金-台中,2024-06-21,5382
6472,保瑞,65,2,63,第一金-台中,2024-06-21,5382
6446,藥華藥,61,10,51,第一金-台中,2024-06-21,5382
4564,元翎,50,0,50,第一金-台中,2024-06-21,5382
00936,台新永續高息中小,32,0,32,第一金-台中,2024-06-21,5382
00940,元大台灣價值高息,56,24,32,第一金-台中,2024-06-21,5382
00687B,國泰20年美債,41,10,31,第一金-台中,2024-06-21,5382
3438,類比科,30,0,30,第一金-台中,2024-06-21,5382
2489,瑞軒,75,49,26,第一金-台中,2024-06-21,5382
6116,彩晶,36,11,25,第一金-台中,2024-06-21,5382
6695,芯鼎,44,21,23,第一金-台中,2024-06-21,5382
00881,國泰台灣5G+,24,2,22,第一金-台中,2024-06-21,5382
3029,零壹,26,6,20,第一金-台中,2024-06-21,5382
3268,海德威,20,0,20,第一金-台中,2024-06-21,5382
3372,典範,20,0,20,第一金-台中,2024-06-21,5382
2472,立隆電,31,11,20,第一金-台中,2024-06-21,5382
1611,中電,21,2,19,第一金-台中,2024-06-21,5382
3025,星通,23,4,19,第一金-台中,2024-06-21,5382
6449,鈺邦,33,15,18,第一金-台中,2024-06-21,5382
3521,鴻翊,18,0,18,第一金-台中,2024-06-21,5382
2409,友達,76,59,17,第一金-台中,2024-06-21,5382
2365,昆盈,77,60,17,第一金-台中,2024-06-21,5382
9105,泰金寶-DR,20,4,16,第一金-台中,2024-06-21,5382
8072,陞泰,15,0,15,第一金-台中,2024-06-21,5382
00929,復華台灣科技優息,56,42,14,第一金-台中,2024-06-21,5382
00895,富邦未來車,13,0,13,第一金-台中,2024-06-21,5382
5340,建榮,20,7,13,第一金-台中,2024-06-21,5382
2392,正崴,24,12,12,第一金-台中,2024-06-21,5382
2027,大成鋼,11,0,11,第一金-台中,2024-06-21,5382
3694,海華,13,2,11,第一金-台中,2024-06-21,5382
4961,天鈺,12,1,11,第一金-台中,2024-06-21,5382
00753L,中信中國50正2,10,0,10,第一金-台中,2024-06-21,5382
00632R,元大台灣50反1,10,0,10,第一金-台中,2024-06-21,5382
00948B,中信優息投資級債,10,0,10,第一金-台中,2024-06-21,5382
2618,長榮航,20,10,10,第一金-台中,2024-06-21,5382
2851,中再保,10,0,10,第一金-台中,2024-06-21,5382
3339,泰谷,10,0,10,第一金-台中,2024-06-21,5382
4503,金雨,10,0,10,第一金-台中,2024-06-21,5382
5410,國眾,10,0,10,第一金-台中,2024-06-21,5382
6217,中探針,13,3,10,第一金-台中,2024-06-21,5382
8050,廣積,10,0,10,第一金-台中,2024-06-21,5382
8105,凌巨,75,65,10,第一金-台中,2024-06-21,5382
2542,興富發,10,0,10,第一金-台中,2024-06-21,5382
2330,台積電,22,12,10,第一金-台中,2024-06-21,5382
2356,英業達,11,2,9,第一金-台中,2024-06-21,5382
00902,中信電池及儲能,9,0,9,第一金-台中,2024-06-21,5382
00637L,元大滬深300正2,13,4,9,第一金-台中,2024-06-21,5382
00929,復華台灣科技優息,257,1,256,第一金-台中,2024-06-24,5382
2618,長榮航,63,2,61,第一金-台中,2024-06-24,5382
3062,建漢,87,36,51,第一金-台中,2024-06-24,5382
00942B,台新美A公司債20+,50,0,50,第一金-台中,2024-06-24,5382
6770,力積電,49,2,47,第一金-台中,2024-06-24,5382
6229,研通,40,0,40,第一金-台中,2024-06-24,5382
00918,大華優利高填息30,40,0,40,第一金-台中,2024-06-24,5382
2401,凌陽,57,20,37,第一金-台中,2024-06-24,5382
3035,智原,43,7,36,第一金-台中,2024-06-24,5382
3483,力致,35,1,34,第一金-台中,2024-06-24,5382
00940,元大台灣價值高息,44,10,34,第一金-台中,2024-06-24,5382
00936,台新永續高息中小,33,0,33,第一金-台中,2024-06-24,5382
6530,創威,39,9,30,第一金-台中,2024-06-24,5382
00939,統一台灣高息動能,27,0,27,第一金-台中,2024-06-24,5382
2330,台積電,28,2,26,第一金-台中,2024-06-24,5382
2609,陽明,49,24,25,第一金-台中,2024-06-24,5382
00905,FT臺灣Smart,25,0,25,第一金-台中,2024-06-24,5382
5315,光聯,25,0,25,第一金-台中,2024-06-24,5382
00881,國泰台灣5G+,25,0,25,第一金-台中,2024-06-24,5382
4967,十銓,27,3,24,第一金-台中,2024-06-24,5382
00937B,群益ESG投等債20,23,0,23,第一金-台中,2024-06-24,5382
8064,東捷,43,21,22,第一金-台中,2024-06-24,5382
00885,富邦越南,21,0,21,第一金-台中,2024-06-24,5382
2061,風青,21,0,21,第一金-台中,2024-06-24,5382
2385,群光,20,0,20,第一金-台中,2024-06-24,5382
2109,華豐,20,0,20,第一金-台中,2024-06-24,5382
2002,中鋼,19,0,19,第一金-台中,2024-06-24,5382
3576,聯合再生,18,0,18,第一金-台中,2024-06-24,5382
2615,萬海,23,6,17,第一金-台中,2024-06-24,5382
6197,佳必琪,20,3,17,第一金-台中,2024-06-24,5382
00878,國泰永續高股息,18,1,17,第一金-台中,2024-06-24,5382
3036,文曄,22,5,17,第一金-台中,2024-06-24,5382
2206,三陽工業,16,0,16,第一金-台中,2024-06-24,5382
2388,威盛,16,0,16,第一金-台中,2024-06-24,5382
1319,東陽,15,1,14,第一金-台中,2024-06-24,5382
2888,新光金,21,7,14,第一金-台中,2024-06-24,5382
4977,眾達-KY,18,4,14,第一金-台中,2024-06-24,5382
1785,光洋科,56,42,14,第一金-台中,2024-06-24,5382
6284,佳邦,20,6,14,第一金-台中,2024-06-24,5382
2501,國建,13,0,13,第一金-台中,2024-06-24,5382
6806,森崴能源,20,8,12,第一金-台中,2024-06-24,5382
3141,晶宏,12,0,12,第一金-台中,2024-06-24,5382
4526,東台,49,37,12,第一金-台中,2024-06-24,5382
9105,泰金寶-DR,16,4,12,第一金-台中,2024-06-24,5382
2454,聯發科,13,2,11,第一金-台中,2024-06-24,5382
3372,典範,11,0,11,第一金-台中,2024-06-24,5382
3686,達能,11,0,11,第一金-台中,2024-06-24,5382
4306,炎洲,11,0,11,第一金-台中,2024-06-24,5382
00679B,元大美債20年,14,3,11,第一金-台中,2024-06-24,5382
2347,聯強,10,0,10,第一金-台中,2024-06-24,5382
5871,中租-KY,800,1,799,第一金-台中,2024-06-25,5382
2353,宏��,124,18,106,第一金-台中,2024-06-25,5382
2888,新光金,86,20,66,第一金-台中,2024-06-25,5382
00929,復華台灣科技優息,94,29,65,第一金-台中,2024-06-25,5382
2317,鴻海,98,42,56,第一金-台中,2024-06-25,5382
1609,大亞,58,7,51,第一金-台中,2024-06-25,5382
00830,國泰費城半導體,42,0,42,第一金-台中,2024-06-25,5382
5302,太欣,40,0,40,第一金-台中,2024-06-25,5382
00936,台新永續高息中小,39,2,37,第一金-台中,2024-06-25,5382
2449,京元電子,37,1,36,第一金-台中,2024-06-25,5382
2609,陽明,46,14,32,第一金-台中,2024-06-25,5382
2007,燁興,30,0,30,第一金-台中,2024-06-25,5382
2023,燁輝,30,0,30,第一金-台中,2024-06-25,5382
1815,富喬,87,61,26,第一金-台中,2024-06-25,5382
2406,國碩,48,24,24,第一金-台中,2024-06-25,5382
2464,盟立,88,65,23,第一金-台中,2024-06-25,5382
8044,網家,22,0,22,第一金-台中,2024-06-25,5382
9105,泰金寶-DR,29,7,22,第一金-台中,2024-06-25,5382
5392,能率,23,3,20,第一金-台中,2024-06-25,5382
3006,晶豪科,22,2,20,第一金-台中,2024-06-25,5382
3372,典範,20,0,20,第一金-台中,2024-06-25,5382
1319,東陽,16,0,16,第一金-台中,2024-06-25,5382
2472,立隆電,24,9,15,第一金-台中,2024-06-25,5382
5452,佶優,32,17,15,第一金-台中,2024-06-25,5382
3694,海華,20,6,14,第一金-台中,2024-06-25,5382
2371,大同,36,22,14,第一金-台中,2024-06-25,5382
3535,晶彩科,18,4,14,第一金-台中,2024-06-25,5382
4967,十銓,13,0,13,第一金-台中,2024-06-25,5382
6598,ABC-KY,13,0,13,第一金-台中,2024-06-25,5382
2002,中鋼,23,11,12,第一金-台中,2024-06-25,5382
2323,中環,12,0,12,第一金-台中,2024-06-25,5382
1722,台肥,12,0,12,第一金-台中,2024-06-25,5382
3663,鑫科,13,1,12,第一金-台中,2024-06-25,5382
6153,嘉聯益,20,8,12,第一金-台中,2024-06-25,5382
2303,聯電,15,3,12,第一金-台中,2024-06-25,5382
9945,潤泰新,11,0,11,第一金-台中,2024-06-25,5382
1301,台塑,12,1,11,第一金-台中,2024-06-25,5382
00939,統一台灣高息動能,11,0,11,第一金-台中,2024-06-25,5382
1514,亞力,37,26,11,第一金-台中,2024-06-25,5382
2369,菱生,11,0,11,第一金-台中,2024-06-25,5382
2542,興富發,11,0,11,第一金-台中,2024-06-25,5382
2330,台積電,12,2,10,第一金-台中,2024-06-25,5382
6274,台燿,10,0,10,第一金-台中,2024-06-25,5382
00853B,統一美債10年Aa-,10,0,10,第一金-台中,2024-06-25,5382
6233,旺玖,10,0,10,第一金-台中,2024-06-25,5382
6869,雲豹能源,24,14,10,第一金-台中,2024-06-25,5382
6890,來億-KY,10,0,10,第一金-台中,2024-06-25,5382
1101,台泥,10,1,9,第一金-台中,2024-06-25,5382
00891,中信關鍵半導體,9,0,9,第一金-台中,2024-06-25,5382
3047,訊舟,9,0,9,第一金-台中,2024-06-25,5382
5871,中租-KY,302,1,301,第一金-台中,2024-06-26,5382
00940,元大台灣價值高息,77,0,77,第一金-台中,2024-06-26,5382
2457,飛宏,61,0,61,第一金-台中,2024-06-26,5382
2543,皇昌,50,3,47,第一金-台中,2024-06-26,5382
2888,新光金,37,1,36,第一金-台中,2024-06-26,5382
3673,TPK-KY,32,0,32,第一金-台中,2024-06-26,5382
2323,中環,30,0,30,第一金-台中,2024-06-26,5382
1605,華新,30,0,30,第一金-台中,2024-06-26,5382
4167,松瑞藥,98,70,28,第一金-台中,2024-06-26,5382
2464,盟立,28,4,24,第一金-台中,2024-06-26,5382
2476,鉅祥,52,30,22,第一金-台中,2024-06-26,5382
00939,統一台灣高息動能,22,0,22,第一金-台中,2024-06-26,5382
2392,正崴,23,1,22,第一金-台中,2024-06-26,5382
00931B,統一美債20年,20,0,20,第一金-台中,2024-06-26,5382
2023,燁輝,20,0,20,第一金-台中,2024-06-26,5382
3312,弘憶股,22,2,20,第一金-台中,2024-06-26,5382
3357,臺慶科,20,0,20,第一金-台中,2024-06-26,5382
8110,華東,22,2,20,第一金-台中,2024-06-26,5382
00929,復華台灣科技優息,25,6,19,第一金-台中,2024-06-26,5382
2603,長榮,21,2,19,第一金-台中,2024-06-26,5382
3048,益登,22,3,19,第一金-台中,2024-06-26,5382
6187,萬潤,19,0,19,第一金-台中,2024-06-26,5382
2007,燁興,20,3,17,第一金-台中,2024-06-26,5382
1314,中石化,20,4,16,第一金-台中,2024-06-26,5382
2610,華航,16,0,16,第一金-台中,2024-06-26,5382
3372,典範,20,4,16,第一金-台中,2024-06-26,5382
2353,宏��,24,9,15,第一金-台中,2024-06-26,5382
6126,信音,17,2,15,第一金-台中,2024-06-26,5382
6477,安集,42,27,15,第一金-台中,2024-06-26,5382
2020,美亞,14,0,14,第一金-台中,2024-06-26,5382
2363,矽統,17,3,14,第一金-台中,2024-06-26,5382
2495,普安,15,1,14,第一金-台中,2024-06-26,5382
5392,能率,19,5,14,第一金-台中,2024-06-26,5382
8076,伍豐,20,6,14,第一金-台中,2024-06-26,5382
4414,如興,13,0,13,第一金-台中,2024-06-26,5382
2515,中工,12,0,12,第一金-台中,2024-06-26,5382
2892,第一金,12,0,12,第一金-台中,2024-06-26,5382
1529,樂事綠能,41,30,11,第一金-台中,2024-06-26,5382
2615,萬海,20,9,11,第一金-台中,2024-06-26,5382
2367,燿華,11,0,11,第一金-台中,2024-06-26,5382
1802,台玻,10,0,10,第一金-台中,2024-06-26,5382
2474,可成,10,0,10,第一金-台中,2024-06-26,5382
2633,台灣高鐵,10,0,10,第一金-台中,2024-06-26,5382
2855,統一證,10,0,10,第一金-台中,2024-06-26,5382
2883,凱基金,10,0,10,第一金-台中,2024-06-26,5382
8033,雷虎,11,1,10,第一金-台中,2024-06-26,5382
1609,大亞,50,41,9,第一金-台中,2024-06-26,5382
1909,榮成,9,0,9,第一金-台中,2024-06-26,5382
3535,晶彩科,17,8,9,第一金-台中,2024-06-26,5382
6462,神盾,9,0,9,第一金-台中,2024-06-26,5382
4414,如興,607,0,607,第一金-台中,2024-06-27,5382
00643,群益深証中小,210,0,210,第一金-台中,2024-06-27,5382
3481,群創,230,22,208,第一金-台中,2024-06-27,5382
5871,中租-KY,204,4,200,第一金-台中,2024-06-27,5382
00679B,元大美債20年,145,0,145,第一金-台中,2024-06-27,5382
00919,群益台灣精選高息,146,42,104,第一金-台中,2024-06-27,5382
00751B,元大AAA至A公司債,101,0,101,第一金-台中,2024-06-27,5382
4109,加捷生醫,91,1,90,第一金-台中,2024-06-27,5382
00939,統一台灣高息動能,58,3,55,第一金-台中,2024-06-27,5382
1760,寶齡富錦,54,0,54,第一金-台中,2024-06-27,5382
3050,鈺德,50,0,50,第一金-台中,2024-06-27,5382
2610,華航,116,73,43,第一金-台中,2024-06-27,5382
4707,磐亞,50,11,39,第一金-台中,2024-06-27,5382
2317,鴻海,52,13,39,第一金-台中,2024-06-27,5382
5443,均豪,66,30,36,第一金-台中,2024-06-27,5382
1514,亞力,61,27,34,第一金-台中,2024-06-27,5382
3703,欣陸,32,0,32,第一金-台中,2024-06-27,5382
00948B,中信優息投資級債,25,0,25,第一金-台中,2024-06-27,5382
6443,元晶,46,24,22,第一金-台中,2024-06-27,5382
2007,燁興,20,0,20,第一金-台中,2024-06-27,5382
00878,國泰永續高股息,20,1,19,第一金-台中,2024-06-27,5382
3576,聯合再生,24,5,19,第一金-台中,2024-06-27,5382
2845,遠東銀,18,0,18,第一金-台中,2024-06-27,5382
4726,永昕,19,1,18,第一金-台中,2024-06-27,5382
1609,大亞,46,28,18,第一金-台中,2024-06-27,5382
4938,和碩,16,0,16,第一金-台中,2024-06-27,5382
1529,樂事綠能,43,27,16,第一金-台中,2024-06-27,5382
3652,精聯,17,1,16,第一金-台中,2024-06-27,5382
00936,台新永續高息中小,15,0,15,第一金-台中,2024-06-27,5382
3581,博磊,31,16,15,第一金-台中,2024-06-27,5382
4526,東台,34,19,15,第一金-台中,2024-06-27,5382
6169,昱泉,15,0,15,第一金-台中,2024-06-27,5382
2888,新光金,17,3,14,第一金-台中,2024-06-27,5382
00687B,國泰20年美債,13,0,13,第一金-台中,2024-06-27,5382
2489,瑞軒,14,1,13,第一金-台中,2024-06-27,5382
5328,華容,14,1,13,第一金-台中,2024-06-27,5382
2301,光寶科,18,6,12,第一金-台中,2024-06-27,5382
00665L,富邦�琤肭磪囓�2,64,52,12,第一金-台中,2024-06-27,5382
1319,東陽,12,0,12,第一金-台中,2024-06-27,5382
1618,合機,15,3,12,第一金-台中,2024-06-27,5382
6282,康舒,17,5,12,第一金-台中,2024-06-27,5382
2406,國碩,29,18,11,第一金-台中,2024-06-27,5382
3062,建漢,13,2,11,第一金-台中,2024-06-27,5382
6187,萬潤,11,0,11,第一金-台中,2024-06-27,5382
9945,潤泰新,15,4,11,第一金-台中,2024-06-27,5382
1608,華榮,10,0,10,第一金-台中,2024-06-27,5382
1789,神隆,10,0,10,第一金-台中,2024-06-27,5382
3122,笙泉,10,0,10,第一金-台中,2024-06-27,5382
3321,同泰,10,0,10,第一金-台中,2024-06-27,5382
3357,臺慶科,11,1,10,第一金-台中,2024-06-27,5382
2888,新光金,11000,40,10960,第一金-台中,2024-06-28,5382
2317,鴻海,1529,46,1483,第一金-台中,2024-06-28,5382
00929,復華台灣科技優息,136,6,130,第一金-台中,2024-06-28,5382
2374,佳能,110,17,93,第一金-台中,2024-06-28,5382
6244,茂迪,89,33,56,第一金-台中,2024-06-28,5382
00919,群益台灣精選高息,73,21,52,第一金-台中,2024-06-28,5382
4919,新唐,48,0,48,第一金-台中,2024-06-28,5382
3576,聯合再生,99,52,47,第一金-台中,2024-06-28,5382
4566,時碩工業,63,21,42,第一金-台中,2024-06-28,5382
00936,台新永續高息中小,32,0,32,第一金-台中,2024-06-28,5382
3615,安可,37,8,29,第一金-台中,2024-06-28,5382
2417,圓剛,35,8,27,第一金-台中,2024-06-28,5382
6477,安集,33,9,24,第一金-台中,2024-06-28,5382
6446,藥華藥,24,3,21,第一金-台中,2024-06-28,5382
00712,復華富時不動產,20,0,20,第一金-台中,2024-06-28,5382
1515,力山,20,0,20,第一金-台中,2024-06-28,5382
2023,燁輝,20,1,19,第一金-台中,2024-06-28,5382
2367,燿華,21,3,18,第一金-台中,2024-06-28,5382
9945,潤泰新,17,0,17,第一金-台中,2024-06-28,5382
6188,廣明,24,8,16,第一金-台中,2024-06-28,5382
1445,大宇,15,0,15,第一金-台中,2024-06-28,5382
2328,廣宇,20,5,15,第一金-台中,2024-06-28,5382
2542,興富發,15,0,15,第一金-台中,2024-06-28,5382
8105,凌巨,23,8,15,第一金-台中,2024-06-28,5382
6125,廣運,29,15,14,第一金-台中,2024-06-28,5382
2301,光寶科,16,2,14,第一金-台中,2024-06-28,5382
2883,凱基金,14,0,14,第一金-台中,2024-06-28,5382
2312,金寶,14,0,14,第一金-台中,2024-06-28,5382
00882,中信中國高股息,13,0,13,第一金-台中,2024-06-28,5382
2498,宏達電,16,4,12,第一金-台中,2024-06-28,5382
1781,合世,12,0,12,第一金-台中,2024-06-28,5382
3050,鈺德,20,8,12,第一金-台中,2024-06-28,5382
8440,綠電,20,8,12,第一金-台中,2024-06-28,5382
6928,攸泰科技,11,0,11,第一金-台中,2024-06-28,5382
00932,兆豐永續高息等權,10,0,10,第一金-台中,2024-06-28,5382
00948B,中信優息投資級債,10,0,10,第一金-台中,2024-06-28,5382
1611,中電,10,0,10,第一金-台中,2024-06-28,5382
1617,榮星,10,0,10,第一金-台中,2024-06-28,5382
2337,旺宏,11,1,10,第一金-台中,2024-06-28,5382
00934,中信成長高股息,9,0,9,第一金-台中,2024-06-28,5382
2324,仁寶,8,0,8,第一金-台中,2024-06-28,5382
5230,雷笛克光學,27,19,8,第一金-台中,2024-06-28,5382
1325,恆大,10,3,7,第一金-台中,2024-06-28,5382
4938,和碩,8,1,7,第一金-台中,2024-06-28,5382
00679B,元大美債20年,7,0,7,第一金-台中,2024-06-28,5382
8096,擎亞,8,2,6,第一金-台中,2024-06-28,5382
1609,大亞,18,12,6,第一金-台中,2024-06-28,5382
3043,科風,8,2,6,第一金-台中,2024-06-28,5382
3062,建漢,9,3,6,第一金-台中,2024-06-28,5382
4129,聯合,6,0,6,第一金-台中,2024-06-28,5382
2888,新光金,7423,35,7388,第一金-台中,2024-07-01,5382
00937B,群益ESG投等債20,494,63,431,第一金-台中,2024-07-01,5382
00679B,元大美債20年,150,2,148,第一金-台中,2024-07-01,5382
5302,太欣,134,0,134,第一金-台中,2024-07-01,5382
00751B,元大AAA至A公司債,124,0,124,第一金-台中,2024-07-01,5382
00687B,國泰20年美債,81,0,81,第一金-台中,2024-07-01,5382
00720B,元大投資級公司債,62,0,62,第一金-台中,2024-07-01,5382
2365,昆盈,161,104,57,第一金-台中,2024-07-01,5382
3481,群創,75,20,55,第一金-台中,2024-07-01,5382
00929,復華台灣科技優息,52,10,42,第一金-台中,2024-07-01,5382
2349,錸德,39,3,36,第一金-台中,2024-07-01,5382
3450,聯鈞,59,25,34,第一金-台中,2024-07-01,5382
3413,京鼎,31,0,31,第一金-台中,2024-07-01,5382
4989,榮科,31,0,31,第一金-台中,2024-07-01,5382
2464,盟立,73,44,29,第一金-台中,2024-07-01,5382
00942B,台新美A公司債20+,28,0,28,第一金-台中,2024-07-01,5382
3708,上緯投控,30,5,25,第一金-台中,2024-07-01,5382
0056,元大高股息,25,4,21,第一金-台中,2024-07-01,5382
2486,一詮,20,0,20,第一金-台中,2024-07-01,5382
00946,群益科技高息成長,19,0,19,第一金-台中,2024-07-01,5382
4167,松瑞藥,27,8,19,第一金-台中,2024-07-01,5382
2889,國票金,20,1,19,第一金-台中,2024-07-01,5382
2495,普安,19,0,19,第一金-台中,2024-07-01,5382
4562,穎漢,25,6,19,第一金-台中,2024-07-01,5382
2609,陽明,52,33,19,第一金-台中,2024-07-01,5382
2397,友通,23,5,18,第一金-台中,2024-07-01,5382
4721,美琪瑪,20,2,18,第一金-台中,2024-07-01,5382
00878,國泰永續高股息,24,7,17,第一金-台中,2024-07-01,5382
4739,康普,20,3,17,第一金-台中,2024-07-01,5382
00795B,中信美國公債20年,16,0,16,第一金-台中,2024-07-01,5382
3356,奇偶,16,0,16,第一金-台中,2024-07-01,5382
2352,佳世達,15,0,15,第一金-台中,2024-07-01,5382
3029,零壹,15,0,15,第一金-台中,2024-07-01,5382
00933B,國泰10Y+金融債,15,0,15,第一金-台中,2024-07-01,5382
4908,前鼎,14,0,14,第一金-台中,2024-07-01,5382
2363,矽統,17,5,12,第一金-台中,2024-07-01,5382
4533,協易機,26,14,12,第一金-台中,2024-07-01,5382
6901,鑽石投資,12,0,12,第一金-台中,2024-07-01,5382
2883,凱基金,13,1,12,第一金-台中,2024-07-01,5382
3105,穩懋,16,4,12,第一金-台中,2024-07-01,5382
00948B,中信優息投資級債,11,0,11,第一金-台中,2024-07-01,5382
3006,晶豪科,11,0,11,第一金-台中,2024-07-01,5382
6753,龍德造船,22,11,11,第一金-台中,2024-07-01,5382
1513,中興電,17,7,10,第一金-台中,2024-07-01,5382
2323,中環,11,1,10,第一金-台中,2024-07-01,5382
00927,群益半導體收益,10,0,10,第一金-台中,2024-07-01,5382
2615,萬海,15,5,10,第一金-台中,2024-07-01,5382
3025,星通,22,12,10,第一金-台中,2024-07-01,5382
3712,永崴投控,31,21,10,第一金-台中,2024-07-01,5382
5905,南仁湖,10,0,10,第一金-台中,2024-07-01,5382
2888,新光金,8651,40,8611,第一金-台中,2024-07-02,5382
4414,如興,300,0,300,第一金-台中,2024-07-02,5382
00937B,群益ESG投等債20,128,1,127,第一金-台中,2024-07-02,5382
2303,聯電,118,3,115,第一金-台中,2024-07-02,5382
00929,復華台灣科技優息,100,14,86,第一金-台中,2024-07-02,5382
3576,聯合再生,95,10,85,第一金-台中,2024-07-02,5382
3059,華晶科,119,43,76,第一金-台中,2024-07-02,5382
6443,元晶,114,47,67,第一金-台中,2024-07-02,5382
6284,佳邦,50,0,50,第一金-台中,2024-07-02,5382
00679B,元大美債20年,55,5,50,第一金-台中,2024-07-02,5382
00936,台新永續高息中小,46,0,46,第一金-台中,2024-07-02,5382
2317,鴻海,56,11,45,第一金-台中,2024-07-02,5382
3481,群創,46,6,40,第一金-台中,2024-07-02,5382
2618,長榮航,98,62,36,第一金-台中,2024-07-02,5382
0056,元大高股息,61,26,35,第一金-台中,2024-07-02,5382
2913,農林,30,0,30,第一金-台中,2024-07-02,5382
00687B,國泰20年美債,29,0,29,第一金-台中,2024-07-02,5382
6658,聯策,29,0,29,第一金-台中,2024-07-02,5382
5608,四維航,28,1,27,第一金-台中,2024-07-02,5382
2349,錸德,46,20,26,第一金-台中,2024-07-02,5382
2002,中鋼,26,1,25,第一金-台中,2024-07-02,5382
5607,遠雄港,25,0,25,第一金-台中,2024-07-02,5382
2365,昆盈,62,37,25,第一金-台中,2024-07-02,5382
00919,群益台灣精選高息,26,2,24,第一金-台中,2024-07-02,5382
00942B,台新美A公司債20+,23,0,23,第一金-台中,2024-07-02,5382
3498,陽程,29,6,23,第一金-台中,2024-07-02,5382
00934,中信成長高股息,23,1,22,第一金-台中,2024-07-02,5382
00795B,中信美國公債20年,20,0,20,第一金-台中,2024-07-02,5382
6538,倉和,32,12,20,第一金-台中,2024-07-02,5382
2353,宏��,123,105,18,第一金-台中,2024-07-02,5382
00662,富邦NASDAQ,17,0,17,第一金-台中,2024-07-02,5382
2371,大同,21,4,17,第一金-台中,2024-07-02,5382
2464,盟立,17,1,16,第一金-台中,2024-07-02,5382
1785,光洋科,18,2,16,第一金-台中,2024-07-02,5382
00712,復華富時不動產,15,0,15,第一金-台中,2024-07-02,5382
1301,台塑,14,0,14,第一金-台中,2024-07-02,5382
2201,裕隆,14,0,14,第一金-台中,2024-07-02,5382
9105,泰金寶-DR,24,11,13,第一金-台中,2024-07-02,5382
2352,佳世達,13,0,13,第一金-台中,2024-07-02,5382
1514,亞力,14,2,12,第一金-台中,2024-07-02,5382
00939,統一台灣高息動能,12,0,12,第一金-台中,2024-07-02,5382
1760,寶齡富錦,14,2,12,第一金-台中,2024-07-02,5382
6125,廣運,12,0,12,第一金-台中,2024-07-02,5382
00933B,國泰10Y+金融債,12,0,12,第一金-台中,2024-07-02,5382
00948B,中信優息投資級債,11,0,11,第一金-台中,2024-07-02,5382
2543,皇昌,29,18,11,第一金-台中,2024-07-02,5382
8105,凌巨,11,0,11,第一金-台中,2024-07-02,5382
00927,群益半導體收益,10,0,10,第一金-台中,2024-07-02,5382
2889,國票金,10,0,10,第一金-台中,2024-07-02,5382
00772B,中信高評級公司債,10,0,10,第一金-台中,2024-07-02,5382
2365,昆盈,231,93,138,第一金-台中,2024-07-03,5382
2883,凱基金,130,21,109,第一金-台中,2024-07-03,5382
00937B,群益ESG投等債20,119,16,103,第一金-台中,2024-07-03,5382
9938,百和,80,0,80,第一金-台中,2024-07-03,5382
8044,網家,70,0,70,第一金-台中,2024-07-03,5382
00933B,國泰10Y+金融債,61,0,61,第一金-台中,2024-07-03,5382
00934,中信成長高股息,55,0,55,第一金-台中,2024-07-03,5382
2882,國泰金,58,4,54,第一金-台中,2024-07-03,5382
2344,華邦電,59,13,46,第一金-台中,2024-07-03,5382
00687B,國泰20年美債,45,1,44,第一金-台中,2024-07-03,5382
3703,欣陸,44,2,42,第一金-台中,2024-07-03,5382
3481,群創,43,5,38,第一金-台中,2024-07-03,5382
00679B,元大美債20年,39,2,37,第一金-台中,2024-07-03,5382
2354,鴻準,35,1,34,第一金-台中,2024-07-03,5382
2317,鴻海,36,2,34,第一金-台中,2024-07-03,5382
2464,盟立,62,29,33,第一金-台中,2024-07-03,5382
6217,中探針,30,1,29,第一金-台中,2024-07-03,5382
00882,中信中國高股息,27,0,27,第一金-台中,2024-07-03,5382
5392,能率,59,33,26,第一金-台中,2024-07-03,5382
3605,宏致,26,2,24,第一金-台中,2024-07-03,5382
6244,茂迪,26,2,24,第一金-台中,2024-07-03,5382
2892,第一金,30,7,23,第一金-台中,2024-07-03,5382
2537,聯上發,24,1,23,第一金-台中,2024-07-03,5382
1504,東元,22,0,22,第一金-台中,2024-07-03,5382
4906,正文,23,1,22,第一金-台中,2024-07-03,5382
00632R,元大台灣50反1,20,0,20,第一金-台中,2024-07-03,5382
00949,復華日本龍頭,22,2,20,第一金-台中,2024-07-03,5382
3029,零壹,20,0,20,第一金-台中,2024-07-03,5382
8086,宏捷科,21,1,20,第一金-台中,2024-07-03,5382
4995,晶達,19,0,19,第一金-台中,2024-07-03,5382
3047,訊舟,30,12,18,第一金-台中,2024-07-03,5382
2409,友達,17,0,17,第一金-台中,2024-07-03,5382
3059,華晶科,16,0,16,第一金-台中,2024-07-03,5382
3025,星通,26,11,15,第一金-台中,2024-07-03,5382
3450,聯鈞,24,9,15,第一金-台中,2024-07-03,5382
2482,連宇,17,3,14,第一金-台中,2024-07-03,5382
2303,聯電,17,4,13,第一金-台中,2024-07-03,5382
2408,南亞科,21,8,13,第一金-台中,2024-07-03,5382
4167,松瑞藥,24,11,13,第一金-台中,2024-07-03,5382
6235,華孚,17,4,13,第一金-台中,2024-07-03,5382
6288,聯嘉,22,9,13,第一金-台中,2024-07-03,5382
9105,泰金寶-DR,76,63,13,第一金-台中,2024-07-03,5382
2486,一詮,24,12,12,第一金-台中,2024-07-03,5382
1605,華新,12,0,12,第一金-台中,2024-07-03,5382
00637L,元大滬深300正2,11,0,11,第一金-台中,2024-07-03,5382
1808,潤隆,11,0,11,第一金-台中,2024-07-03,5382
2009,第一銅,11,0,11,第一金-台中,2024-07-03,5382
6538,倉和,13,2,11,第一金-台中,2024-07-03,5382
9910,豐泰,10,0,10,第一金-台中,2024-07-03,5382
00680L,元大美債20正2,10,0,10,第一金-台中,2024-07-03,5382
4414,如興,366,0,366,第一金-台中,2024-07-04,5382
00632R,元大台灣50反1,274,20,254,第一金-台中,2024-07-04,5382
3374,精材,239,9,230,第一金-台中,2024-07-04,5382
3576,聯合再生,101,1,100,第一金-台中,2024-07-04,5382
00929,復華台灣科技優息,72,5,67,第一金-台中,2024-07-04,5382
4995,晶達,53,0,53,第一金-台中,2024-07-04,5382
1536,和大,56,10,46,第一金-台中,2024-07-04,5382
2412,中華電,44,0,44,第一金-台中,2024-07-04,5382
1609,大亞,76,35,41,第一金-台中,2024-07-04,5382
8071,能率網通,56,15,41,第一金-台中,2024-07-04,5382
1409,新纖,40,2,38,第一金-台中,2024-07-04,5382
6179,亞通,54,16,38,第一金-台中,2024-07-04,5382
1618,合機,67,34,33,第一金-台中,2024-07-04,5382
3583,辛耘,39,7,32,第一金-台中,2024-07-04,5382
1503,士電,63,31,32,第一金-台中,2024-07-04,5382
1513,中興電,84,54,30,第一金-台中,2024-07-04,5382
1785,光洋科,78,48,30,第一金-台中,2024-07-04,5382
3048,益登,31,3,28,第一金-台中,2024-07-04,5382
6532,瑞耘,28,1,27,第一金-台中,2024-07-04,5382
2417,圓剛,41,16,25,第一金-台中,2024-07-04,5382
2610,華航,35,11,24,第一金-台中,2024-07-04,5382
8021,尖點,25,1,24,第一金-台中,2024-07-04,5382
8358,金居,28,4,24,第一金-台中,2024-07-04,5382
00934,中信成長高股息,24,2,22,第一金-台中,2024-07-04,5382
8028,昇陽半導體,26,4,22,第一金-台中,2024-07-04,5382
1303,南亞,21,0,21,第一金-台中,2024-07-04,5382
8390,金益鼎,21,0,21,第一金-台中,2024-07-04,5382
00720B,元大投資級公司債,20,0,20,第一金-台中,2024-07-04,5382
1720,生達,20,0,20,第一金-台中,2024-07-04,5382
5425,台半,21,1,20,第一金-台中,2024-07-04,5382
6477,安集,22,3,19,第一金-台中,2024-07-04,5382
2355,敬鵬,20,2,18,第一金-台中,2024-07-04,5382
00936,台新永續高息中小,18,0,18,第一金-台中,2024-07-04,5382
00725B,國泰投資級公司債,17,0,17,第一金-台中,2024-07-04,5382
2615,萬海,18,2,16,第一金-台中,2024-07-04,5382
6667,信紘科,20,4,16,第一金-台中,2024-07-04,5382
2402,毅嘉,15,0,15,第一金-台中,2024-07-04,5382
00679B,元大美債20年,14,0,14,第一金-台中,2024-07-04,5382
4109,加捷生醫,21,8,13,第一金-台中,2024-07-04,5382
1514,亞力,59,46,13,第一金-台中,2024-07-04,5382
2504,國產,14,1,13,第一金-台中,2024-07-04,5382
3033,威健,13,0,13,第一金-台中,2024-07-04,5382
6142,友勁,12,0,12,第一金-台中,2024-07-04,5382
3047,訊舟,24,12,12,第一金-台中,2024-07-04,5382
2603,長榮,11,0,11,第一金-台中,2024-07-04,5382
3062,建漢,17,6,11,第一金-台中,2024-07-04,5382
2421,建準,12,1,11,第一金-台中,2024-07-04,5382
4533,協易機,13,2,11,第一金-台中,2024-07-04,5382
4971,IET-KY,11,0,11,第一金-台中,2024-07-04,5382
8011,台通,26,15,11,第一金-台中,2024-07-04,5382
2888,新光金,10031,524,9507,第一金-台中,2024-07-05,5382
6227,茂綸,266,0,266,第一金-台中,2024-07-05,5382
00929,復華台灣科技優息,211,1,210,第一金-台中,2024-07-05,5382
2374,佳能,153,24,129,第一金-台中,2024-07-05,5382
2883,凱基金,95,0,95,第一金-台中,2024-07-05,5382
00934,中信成長高股息,99,4,95,第一金-台中,2024-07-05,5382
3443,創意,56,0,56,第一金-台中,2024-07-05,5382
6015,宏遠證,95,40,55,第一金-台中,2024-07-05,5382
1568,倉佑,50,0,50,第一金-台中,2024-07-05,5382
1815,富喬,51,4,47,第一金-台中,2024-07-05,5382
00936,台新永續高息中小,46,0,46,第一金-台中,2024-07-05,5382
3490,單井,55,15,40,第一金-台中,2024-07-05,5382
00937B,群益ESG投等債20,40,1,39,第一金-台中,2024-07-05,5382
2367,燿華,74,38,36,第一金-台中,2024-07-05,5382
6472,保瑞,37,2,35,第一金-台中,2024-07-05,5382
2615,萬海,36,2,34,第一金-台中,2024-07-05,5382
2603,長榮,42,11,31,第一金-台中,2024-07-05,5382
00949,復華日本龍頭,29,0,29,第一金-台中,2024-07-05,5382
1597,直得,32,3,29,第一金-台中,2024-07-05,5382
3581,博磊,30,2,28,第一金-台中,2024-07-05,5382
00679B,元大美債20年,25,0,25,第一金-台中,2024-07-05,5382
1314,中石化,25,0,25,第一金-台中,2024-07-05,5382
6173,信昌電,25,0,25,第一金-台中,2024-07-05,5382
2365,昆盈,40,17,23,第一金-台中,2024-07-05,5382
6443,元晶,28,6,22,第一金-台中,2024-07-05,5382
00751B,元大AAA至A公司債,21,0,21,第一金-台中,2024-07-05,5382
5484,慧友,22,1,21,第一金-台中,2024-07-05,5382
2427,三商電,25,8,17,第一金-台中,2024-07-05,5382
2412,中華電,15,0,15,第一金-台中,2024-07-05,5382
00895,富邦未來車,15,0,15,第一金-台中,2024-07-05,5382
00948B,中信優息投資級債,15,0,15,第一金-台中,2024-07-05,5382
1618,合機,38,23,15,第一金-台中,2024-07-05,5382
4995,晶達,15,0,15,第一金-台中,2024-07-05,5382
6426,統新,15,0,15,第一金-台中,2024-07-05,5382
3623,富晶通,15,0,15,第一金-台中,2024-07-05,5382
6166,凌華,15,1,14,第一金-台中,2024-07-05,5382
3094,聯傑,16,2,14,第一金-台中,2024-07-05,5382
3689,湧德,18,4,14,第一金-台中,2024-07-05,5382
3321,同泰,15,2,13,第一金-台中,2024-07-05,5382
5607,遠雄港,13,0,13,第一金-台中,2024-07-05,5382
2371,大同,17,6,11,第一金-台中,2024-07-05,5382
00633L,富邦上証正2,11,0,11,第一金-台中,2024-07-05,5382
4526,東台,32,21,11,第一金-台中,2024-07-05,5382
2486,一詮,34,24,10,第一金-台中,2024-07-05,5382
1303,南亞,10,0,10,第一金-台中,2024-07-05,5382
2352,佳世達,10,0,10,第一金-台中,2024-07-05,5382
3027,盛達,10,0,10,第一金-台中,2024-07-05,5382
4968,立積,43,33,10,第一金-台中,2024-07-05,5382
5519,隆大,10,0,10,第一金-台中,2024-07-05,5382
8099,大世科,10,0,10,第一金-台中,2024-07-05,5382
4414,如興,298,5,293,第一金-台中,2024-07-08,5382
3481,群創,334,149,185,第一金-台中,2024-07-08,5382
00937B,群益ESG投等債20,245,69,176,第一金-台中,2024-07-08,5382
3443,創意,164,1,163,第一金-台中,2024-07-08,5382
00720B,元大投資級公司債,135,0,135,第一金-台中,2024-07-08,5382
2888,新光金,161,26,135,第一金-台中,2024-07-08,5382
00929,復華台灣科技優息,110,16,94,第一金-台中,2024-07-08,5382
5230,雷笛克光學,86,0,86,第一金-台中,2024-07-08,5382
2303,聯電,106,26,80,第一金-台中,2024-07-08,5382
2464,盟立,123,55,68,第一金-台中,2024-07-08,5382
00632R,元大台灣50反1,86,20,66,第一金-台中,2024-07-08,5382
1536,和大,80,16,64,第一金-台中,2024-07-08,5382
5452,佶優,53,0,53,第一金-台中,2024-07-08,5382
1316,上曜,55,5,50,第一金-台中,2024-07-08,5382
1309,台達化,50,3,47,第一金-台中,2024-07-08,5382
6472,保瑞,43,0,43,第一金-台中,2024-07-08,5382
2354,鴻準,63,24,39,第一金-台中,2024-07-08,5382
6125,廣運,47,11,36,第一金-台中,2024-07-08,5382
2313,華通,105,72,33,第一金-台中,2024-07-08,5382
00712,復華富時不動產,32,1,31,第一金-台中,2024-07-08,5382
1308,亞聚,30,0,30,第一金-台中,2024-07-08,5382
4916,事欣科,30,0,30,第一金-台中,2024-07-08,5382
2501,國建,27,0,27,第一金-台中,2024-07-08,5382
2365,昆盈,102,78,24,第一金-台中,2024-07-08,5382
1304,台聚,23,0,23,第一金-台中,2024-07-08,5382
5272,笙科,41,18,23,第一金-台中,2024-07-08,5382
2883,凱基金,23,1,22,第一金-台中,2024-07-08,5382
2070,精湛,21,0,21,第一金-台中,2024-07-08,5382
3013,晟銘電,20,0,20,第一金-台中,2024-07-08,5382
3703,欣陸,23,3,20,第一金-台中,2024-07-08,5382
1301,台塑,27,8,19,第一金-台中,2024-07-08,5382
8076,伍豐,26,7,19,第一金-台中,2024-07-08,5382
2618,長榮航,59,41,18,第一金-台中,2024-07-08,5382
4909,新復興,26,8,18,第一金-台中,2024-07-08,5382
1815,富喬,53,35,18,第一金-台中,2024-07-08,5382
5443,均豪,35,18,17,第一金-台中,2024-07-08,5382
2615,萬海,22,5,17,第一金-台中,2024-07-08,5382
6207,雷科,16,0,16,第一金-台中,2024-07-08,5382
6244,茂迪,23,7,16,第一金-台中,2024-07-08,5382
3029,零壹,15,0,15,第一金-台中,2024-07-08,5382
4967,十銓,15,0,15,第一金-台中,2024-07-08,5382
2330,台積電,19,4,15,第一金-台中,2024-07-08,5382
2344,華邦電,14,0,14,第一金-台中,2024-07-08,5382
3483,力致,14,0,14,第一金-台中,2024-07-08,5382
6126,信音,46,32,14,第一金-台中,2024-07-08,5382
00934,中信成長高股息,14,1,13,第一金-台中,2024-07-08,5382
6706,惠特,14,2,12,第一金-台中,2024-07-08,5382
6282,康舒,13,1,12,第一金-台中,2024-07-08,5382
2634,漢翔,12,0,12,第一金-台中,2024-07-08,5382
6213,聯茂,11,0,11,第一金-台中,2024-07-08,5382
00929,復華台灣科技優息,123,1,122,第一金-台中,2024-07-09,5382
4414,如興,112,0,112,第一金-台中,2024-07-09,5382
00673R,期元大S＆P原油反1,100,0,100,第一金-台中,2024-07-09,5382
6603,富強鑫,75,0,75,第一金-台中,2024-07-09,5382
2367,燿華,197,123,74,第一金-台中,2024-07-09,5382
1316,上曜,92,20,72,第一金-台中,2024-07-09,5382
1536,和大,85,22,63,第一金-台中,2024-07-09,5382
2331,精英,55,1,54,第一金-台中,2024-07-09,5382
2201,裕隆,54,2,52,第一金-台中,2024-07-09,5382
00949,復華日本龍頭,50,0,50,第一金-台中,2024-07-09,5382
8044,網家,50,0,50,第一金-台中,2024-07-09,5382
3231,緯創,46,4,42,第一金-台中,2024-07-09,5382
00936,台新永續高息中小,43,2,41,第一金-台中,2024-07-09,5382
00720B,元大投資級公司債,44,4,40,第一金-台中,2024-07-09,5382
00945B,凱基美國非投等債,30,0,30,第一金-台中,2024-07-09,5382
1569,濱川,41,11,30,第一金-台中,2024-07-09,5382
2812,台中銀,31,1,30,第一金-台中,2024-07-09,5382
6806,森崴能源,45,17,28,第一金-台中,2024-07-09,5382
3312,弘憶股,102,77,25,第一金-台中,2024-07-09,5382
8040,九暘,25,0,25,第一金-台中,2024-07-09,5382
00946,群益科技高息成長,25,0,25,第一金-台中,2024-07-09,5382
5324,士開,24,0,24,第一金-台中,2024-07-09,5382
2353,宏��,136,113,23,第一金-台中,2024-07-09,5382
00725B,國泰投資級公司債,25,3,22,第一金-台中,2024-07-09,5382
2543,皇昌,27,6,21,第一金-台中,2024-07-09,5382
1785,光洋科,34,14,20,第一金-台中,2024-07-09,5382
2025,千興,20,0,20,第一金-台中,2024-07-09,5382
9105,泰金寶-DR,64,45,19,第一金-台中,2024-07-09,5382
3706,神達,21,3,18,第一金-台中,2024-07-09,5382
3047,訊舟,42,24,18,第一金-台中,2024-07-09,5382
2023,燁輝,16,0,16,第一金-台中,2024-07-09,5382
2344,華邦電,16,0,16,第一金-台中,2024-07-09,5382
3712,永崴投控,100,84,16,第一金-台中,2024-07-09,5382
6213,聯茂,22,6,16,第一金-台中,2024-07-09,5382
2002,中鋼,15,0,15,第一金-台中,2024-07-09,5382
00940,元大台灣價值高息,90,75,15,第一金-台中,2024-07-09,5382
4906,正文,70,55,15,第一金-台中,2024-07-09,5382
2241,艾姆勒,14,0,14,第一金-台中,2024-07-09,5382
2618,長榮航,95,82,13,第一金-台中,2024-07-09,5382
6112,邁達特,19,6,13,第一金-台中,2024-07-09,5382
1326,台化,13,0,13,第一金-台中,2024-07-09,5382
1314,中石化,22,9,13,第一金-台中,2024-07-09,5382
2312,金寶,43,31,12,第一金-台中,2024-07-09,5382
1731,美吾華,12,0,12,第一金-台中,2024-07-09,5382
3673,TPK-KY,41,29,12,第一金-台中,2024-07-09,5382
2349,錸德,38,27,11,第一金-台中,2024-07-09,5382
0052,富邦科技,11,0,11,第一金-台中,2024-07-09,5382
00882,中信中國高股息,11,0,11,第一金-台中,2024-07-09,5382
911868,同方友友-DR,11,0,11,第一金-台中,2024-07-09,5382
2542,興富發,17,6,11,第一金-台中,2024-07-09,5382
2464,盟立,185,100,85,第一金-台中,2024-07-10,5382
3047,訊舟,99,38,61,第一金-台中,2024-07-10,5382
2867,三商壽,91,33,58,第一金-台中,2024-07-10,5382
2367,燿華,222,169,53,第一金-台中,2024-07-10,5382
4566,時碩工業,43,8,35,第一金-台中,2024-07-10,5382
00919,群益台灣精選高息,54,24,30,第一金-台中,2024-07-10,5382
00929,復華台灣科技優息,45,15,30,第一金-台中,2024-07-10,5382
1569,濱川,30,3,27,第一金-台中,2024-07-10,5382
5876,上海商銀,26,0,26,第一金-台中,2024-07-10,5382
2449,京元電子,37,11,26,第一金-台中,2024-07-10,5382
2392,正崴,45,20,25,第一金-台中,2024-07-10,5382
1513,中興電,60,37,23,第一金-台中,2024-07-10,5382
4534,慶騰,23,0,23,第一金-台中,2024-07-10,5382
8085,福華,23,1,22,第一金-台中,2024-07-10,5382
3581,博磊,24,3,21,第一金-台中,2024-07-10,5382
6546,正基,22,1,21,第一金-台中,2024-07-10,5382
00945B,凱基美國非投等債,20,0,20,第一金-台中,2024-07-10,5382
2312,金寶,29,9,20,第一金-台中,2024-07-10,5382
00725B,國泰投資級公司債,19,0,19,第一金-台中,2024-07-10,5382
00937B,群益ESG投等債20,27,8,19,第一金-台中,2024-07-10,5382
00944,野村趨勢動能高息,19,0,19,第一金-台中,2024-07-10,5382
3443,創意,20,1,19,第一金-台中,2024-07-10,5382
3481,群創,44,26,18,第一金-台中,2024-07-10,5382
00934,中信成長高股息,17,0,17,第一金-台中,2024-07-10,5382
8011,台通,25,9,16,第一金-台中,2024-07-10,5382
2301,光寶科,17,2,15,第一金-台中,2024-07-10,5382
6005,群益證,19,4,15,第一金-台中,2024-07-10,5382
2515,中工,14,0,14,第一金-台中,2024-07-10,5382
4162,智擎,14,0,14,第一金-台中,2024-07-10,5382
4976,佳凌,18,4,14,第一金-台中,2024-07-10,5382
2330,台積電,15,1,14,第一金-台中,2024-07-10,5382
2317,鴻海,28,14,14,第一金-台中,2024-07-10,5382
00713,元大台灣高息低波,13,0,13,第一金-台中,2024-07-10,5382
1463,強盛新,13,0,13,第一金-台中,2024-07-10,5382
6456,GIS-KY,15,2,13,第一金-台中,2024-07-10,5382
2892,第一金,17,4,13,第一金-台中,2024-07-10,5382
00679B,元大美債20年,12,0,12,第一金-台中,2024-07-10,5382
4510,高鋒,12,0,12,第一金-台中,2024-07-10,5382
6265,方土昶,35,23,12,第一金-台中,2024-07-10,5382
2002,中鋼,21,10,11,第一金-台中,2024-07-10,5382
5347,世界,13,2,11,第一金-台中,2024-07-10,5382
8071,能率網通,11,0,11,第一金-台中,2024-07-10,5382
6180,橘子,11,0,11,第一金-台中,2024-07-10,5382
00878,國泰永續高股息,13,3,10,第一金-台中,2024-07-10,5382
2429,銘旺科,10,0,10,第一金-台中,2024-07-10,5382
2323,中環,10,0,10,第一金-台中,2024-07-10,5382
1617,榮星,17,7,10,第一金-台中,2024-07-10,5382
2545,皇翔,12,2,10,第一金-台中,2024-07-10,5382
2745,五福,10,0,10,第一金-台中,2024-07-10,5382
2887,台新金,10,0,10,第一金-台中,2024-07-10,5382
2323,中環,90,0,90,第一金-台中,2024-07-11,5382
4566,時碩工業,135,47,88,第一金-台中,2024-07-11,5382
9105,泰金寶-DR,115,30,85,第一金-台中,2024-07-11,5382
00949,復華日本龍頭,83,0,83,第一金-台中,2024-07-11,5382
00725B,國泰投資級公司債,61,0,61,第一金-台中,2024-07-11,5382
5392,能率,60,0,60,第一金-台中,2024-07-11,5382
2356,英業達,90,32,58,第一金-台中,2024-07-11,5382
00919,群益台灣精選高息,105,48,57,第一金-台中,2024-07-11,5382
3663,鑫科,67,10,57,第一金-台中,2024-07-11,5382
3481,群創,131,77,54,第一金-台中,2024-07-11,5382
8064,東捷,53,11,42,第一金-台中,2024-07-11,5382
00937B,群益ESG投等債20,45,4,41,第一金-台中,2024-07-11,5382
00679B,元大美債20年,41,0,41,第一金-台中,2024-07-11,5382
3707,漢磊,60,24,36,第一金-台中,2024-07-11,5382
2303,聯電,35,0,35,第一金-台中,2024-07-11,5382
2362,藍天,41,7,34,第一金-台中,2024-07-11,5382
9945,潤泰新,34,2,32,第一金-台中,2024-07-11,5382
1597,直得,51,21,30,第一金-台中,2024-07-11,5382
3048,益登,31,5,26,第一金-台中,2024-07-11,5382
2337,旺宏,34,10,24,第一金-台中,2024-07-11,5382
9938,百和,23,0,23,第一金-台中,2024-07-11,5382
6530,創威,57,35,22,第一金-台中,2024-07-11,5382
3037,欣興,37,15,22,第一金-台中,2024-07-11,5382
2489,瑞軒,104,83,21,第一金-台中,2024-07-11,5382
2812,台中銀,21,0,21,第一金-台中,2024-07-11,5382
1504,東元,22,2,20,第一金-台中,2024-07-11,5382
2906,高林,20,0,20,第一金-台中,2024-07-11,5382
3706,神達,80,60,20,第一金-台中,2024-07-11,5382
4933,友輝,20,0,20,第一金-台中,2024-07-11,5382
00687B,國泰20年美債,19,0,19,第一金-台中,2024-07-11,5382
2324,仁寶,20,1,19,第一金-台中,2024-07-11,5382
4960,誠美材,20,1,19,第一金-台中,2024-07-11,5382
3711,日月光投控,60,43,17,第一金-台中,2024-07-11,5382
2610,華航,101,85,16,第一金-台中,2024-07-11,5382
2380,虹光,16,0,16,第一金-台中,2024-07-11,5382
8936,國統,21,6,15,第一金-台中,2024-07-11,5382
00934,中信成長高股息,15,1,14,第一金-台中,2024-07-11,5382
5410,國眾,14,0,14,第一金-台中,2024-07-11,5382
2478,大毅,15,2,13,第一金-台中,2024-07-11,5382
3122,笙泉,18,5,13,第一金-台中,2024-07-11,5382
4714,永捷,18,5,13,第一金-台中,2024-07-11,5382
6217,中探針,12,0,12,第一金-台中,2024-07-11,5382
2603,長榮,12,1,11,第一金-台中,2024-07-11,5382
2317,鴻海,31,20,11,第一金-台中,2024-07-11,5382
4155,訊映,12,1,11,第一金-台中,2024-07-11,5382
1101,台泥,11,0,11,第一金-台中,2024-07-11,5382
1463,強盛新,11,0,11,第一金-台中,2024-07-11,5382
2070,精湛,11,0,11,第一金-台中,2024-07-11,5382
2349,錸德,22,11,11,第一金-台中,2024-07-11,5382
2385,群光,11,0,11,第一金-台中,2024-07-11,5382
00929,復華台灣科技優息,224,30,194,第一金-台中,2024-07-12,5382
2888,新光金,116,25,91,第一金-台中,2024-07-12,5382
2317,鴻海,90,7,83,第一金-台中,2024-07-12,5382
00919,群益台灣精選高息,69,8,61,第一金-台中,2024-07-12,5382
00878,國泰永續高股息,65,5,60,第一金-台中,2024-07-12,5382
00934,中信成長高股息,67,10,57,第一金-台中,2024-07-12,5382
2867,三商壽,76,23,53,第一金-台中,2024-07-12,5382
1316,上曜,52,2,50,第一金-台中,2024-07-12,5382
2409,友達,146,97,49,第一金-台中,2024-07-12,5382
0056,元大高股息,43,1,42,第一金-台中,2024-07-12,5382
1308,亞聚,40,5,35,第一金-台中,2024-07-12,5382
4960,誠美材,61,27,34,第一金-台中,2024-07-12,5382
3029,零壹,47,17,30,第一金-台中,2024-07-12,5382
2330,台積電,30,2,28,第一金-台中,2024-07-12,5382
1711,永光,40,12,28,第一金-台中,2024-07-12,5382
2365,昆盈,106,79,27,第一金-台中,2024-07-12,5382
00927,群益半導體收益,26,0,26,第一金-台中,2024-07-12,5382
1785,光洋科,34,9,25,第一金-台中,2024-07-12,5382
00687B,國泰20年美債,39,14,25,第一金-台中,2024-07-12,5382
00905,FT臺灣Smart,24,0,24,第一金-台中,2024-07-12,5382
00935,野村臺灣新科技50,22,0,22,第一金-台中,2024-07-12,5382
2498,宏達電,25,5,20,第一金-台中,2024-07-12,5382
4933,友輝,20,0,20,第一金-台中,2024-07-12,5382
6743,安普新,20,0,20,第一金-台中,2024-07-12,5382
3443,創意,22,2,20,第一金-台中,2024-07-12,5382
8011,台通,23,3,20,第一金-台中,2024-07-12,5382
2303,聯電,20,1,19,第一金-台中,2024-07-12,5382
2313,華通,19,1,18,第一金-台中,2024-07-12,5382
4906,正文,24,6,18,第一金-台中,2024-07-12,5382
4533,協易機,26,9,17,第一金-台中,2024-07-12,5382
1303,南亞,18,2,16,第一金-台中,2024-07-12,5382
4109,加捷生醫,31,15,16,第一金-台中,2024-07-12,5382
2618,長榮航,16,1,15,第一金-台中,2024-07-12,5382
6180,橘子,15,0,15,第一金-台中,2024-07-12,5382
00881,國泰台灣5G+,14,0,14,第一金-台中,2024-07-12,5382
2615,萬海,36,22,14,第一金-台中,2024-07-12,5382
3663,鑫科,37,23,14,第一金-台中,2024-07-12,5382
3047,訊舟,20,7,13,第一金-台中,2024-07-12,5382
00891,中信關鍵半導體,14,1,13,第一金-台中,2024-07-12,5382
2889,國票金,15,2,13,第一金-台中,2024-07-12,5382
00882,中信中國高股息,12,0,12,第一金-台中,2024-07-12,5382
00680L,元大美債20正2,12,0,12,第一金-台中,2024-07-12,5382
3594,磐儀,12,0,12,第一金-台中,2024-07-12,5382
4716,大立,12,0,12,第一金-台中,2024-07-12,5382
5452,佶優,12,0,12,第一金-台中,2024-07-12,5382
00937B,群益ESG投等債20,25,14,11,第一金-台中,2024-07-12,5382
2515,中工,13,2,11,第一金-台中,2024-07-12,5382
6658,聯策,11,0,11,第一金-台中,2024-07-12,5382
8936,國統,13,2,11,第一金-台中,2024-07-12,5382
006208,富邦台50,11,0,11,第一金-台中,2024-07-12,5382
00929,復華台灣科技優息,167,0,167,第一金-台中,2024-07-15,5382
0056,元大高股息,112,0,112,第一金-台中,2024-07-15,5382
00937B,群益ESG投等債20,117,8,109,第一金-台中,2024-07-15,5382
3518,柏騰,82,20,62,第一金-台中,2024-07-15,5382
00679B,元大美債20年,50,0,50,第一金-台中,2024-07-15,5382
3050,鈺德,59,15,44,第一金-台中,2024-07-15,5382
5512,力麒,40,0,40,第一金-台中,2024-07-15,5382
00706L,期元大S＆P日圓正2,30,0,30,第一金-台中,2024-07-15,5382
00936,台新永續高息中小,29,0,29,第一金-台中,2024-07-15,5382
2312,金寶,50,22,28,第一金-台中,2024-07-15,5382
2891,中信金,27,0,27,第一金-台中,2024-07-15,5382
2489,瑞軒,111,85,26,第一金-台中,2024-07-15,5382
1568,倉佑,55,30,25,第一金-台中,2024-07-15,5382
8044,網家,24,0,24,第一金-台中,2024-07-15,5382
1608,華榮,65,42,23,第一金-台中,2024-07-15,5382
1785,光洋科,24,1,23,第一金-台中,2024-07-15,5382
6829,千附精密,22,0,22,第一金-台中,2024-07-15,5382
2376,技嘉,21,0,21,第一金-台中,2024-07-15,5382
1309,台達化,20,0,20,第一金-台中,2024-07-15,5382
1536,和大,34,14,20,第一金-台中,2024-07-15,5382
2323,中環,20,0,20,第一金-台中,2024-07-15,5382
3594,磐儀,22,2,20,第一金-台中,2024-07-15,5382
4919,新唐,20,0,20,第一金-台中,2024-07-15,5382
5225,東科-KY,20,0,20,第一金-台中,2024-07-15,5382
6578,達邦蛋白,20,0,20,第一金-台中,2024-07-15,5382
6592,和潤企業,20,0,20,第一金-台中,2024-07-15,5382
1720,生達,19,0,19,第一金-台中,2024-07-15,5382
1727,中華化,21,2,19,第一金-台中,2024-07-15,5382
2352,佳世達,20,3,17,第一金-台中,2024-07-15,5382
8011,台通,21,4,17,第一金-台中,2024-07-15,5382
1503,士電,31,14,17,第一金-台中,2024-07-15,5382
2354,鴻準,17,1,16,第一金-台中,2024-07-15,5382
8064,東捷,18,2,16,第一金-台中,2024-07-15,5382
8473,山林水,19,3,16,第一金-台中,2024-07-15,5382
2401,凌陽,15,0,15,第一金-台中,2024-07-15,5382
2472,立隆電,16,1,15,第一金-台中,2024-07-15,5382
8358,金居,16,1,15,第一金-台中,2024-07-15,5382
6668,中揚光,23,10,13,第一金-台中,2024-07-15,5382
2317,鴻海,23,11,12,第一金-台中,2024-07-15,5382
2618,長榮航,146,134,12,第一金-台中,2024-07-15,5382
00933B,國泰10Y+金融債,11,0,11,第一金-台中,2024-07-15,5382
4726,永昕,19,8,11,第一金-台中,2024-07-15,5382
2609,陽明,70,59,11,第一金-台中,2024-07-15,5382
2344,華邦電,11,1,10,第一金-台中,2024-07-15,5382
00680L,元大美債20正2,10,0,10,第一金-台中,2024-07-15,5382
2102,泰豐,10,0,10,第一金-台中,2024-07-15,5382
3708,上緯投控,10,0,10,第一金-台中,2024-07-15,5382
4906,正文,12,2,10,第一金-台中,2024-07-15,5382
5608,四維航,10,0,10,第一金-台中,2024-07-15,5382
6658,聯策,10,0,10,第一金-台中,2024-07-15,5382
00688L,國泰20年美債正2,301,0,301,第一金-台中,2024-07-16,5382
9945,潤泰新,203,31,172,第一金-台中,2024-07-16,5382
00929,復華台灣科技優息,86,5,81,第一金-台中,2024-07-16,5382
2867,三商壽,73,0,73,第一金-台中,2024-07-16,5382
6173,信昌電,60,8,52,第一金-台中,2024-07-16,5382
00753L,中信中國50正2,45,0,45,第一金-台中,2024-07-16,5382
2349,錸德,43,2,41,第一金-台中,2024-07-16,5382
2340,台亞,40,0,40,第一金-台中,2024-07-16,5382
4417,金洲,39,0,39,第一金-台中,2024-07-16,5382
00919,群益台灣精選高息,42,9,33,第一金-台中,2024-07-16,5382
2317,鴻海,34,2,32,第一金-台中,2024-07-16,5382
0056,元大高股息,35,5,30,第一金-台中,2024-07-16,5382
00905,FT臺灣Smart,31,2,29,第一金-台中,2024-07-16,5382
1597,直得,32,4,28,第一金-台中,2024-07-16,5382
00878,國泰永續高股息,28,1,27,第一金-台中,2024-07-16,5382
3708,上緯投控,26,0,26,第一金-台中,2024-07-16,5382
00882,中信中國高股息,30,4,26,第一金-台中,2024-07-16,5382
2498,宏達電,24,0,24,第一金-台中,2024-07-16,5382
2354,鴻準,23,0,23,第一金-台中,2024-07-16,5382
2303,聯電,21,0,21,第一金-台中,2024-07-16,5382
8064,東捷,23,2,21,第一金-台中,2024-07-16,5382
00937B,群益ESG投等債20,25,5,20,第一金-台中,2024-07-16,5382
8099,大世科,20,0,20,第一金-台中,2024-07-16,5382
2388,威盛,24,5,19,第一金-台中,2024-07-16,5382
2615,萬海,63,44,19,第一金-台中,2024-07-16,5382
8054,安國,41,22,19,第一金-台中,2024-07-16,5382
8147,正淩,20,1,19,第一金-台中,2024-07-16,5382
2495,普安,30,12,18,第一金-台中,2024-07-16,5382
8936,國統,38,21,17,第一金-台中,2024-07-16,5382
00934,中信成長高股息,21,5,16,第一金-台中,2024-07-16,5382
5302,太欣,15,0,15,第一金-台中,2024-07-16,5382
6658,聯策,15,0,15,第一金-台中,2024-07-16,5382
2356,英業達,18,3,15,第一金-台中,2024-07-16,5382
4933,友輝,14,0,14,第一金-台中,2024-07-16,5382
6684,安格,83,69,14,第一金-台中,2024-07-16,5382
2312,金寶,42,28,14,第一金-台中,2024-07-16,5382
4938,和碩,13,0,13,第一金-台中,2024-07-16,5382
9105,泰金寶-DR,15,2,13,第一金-台中,2024-07-16,5382
2891,中信金,14,2,12,第一金-台中,2024-07-16,5382
1313,聯成,12,0,12,第一金-台中,2024-07-16,5382
1319,東陽,13,1,12,第一金-台中,2024-07-16,5382
3324,雙鴻,12,1,11,第一金-台中,2024-07-16,5382
1316,上曜,22,11,11,第一金-台中,2024-07-16,5382
8227,巨有科技,21,10,11,第一金-台中,2024-07-16,5382
6811,宏�硌穈T,11,0,11,第一金-台中,2024-07-16,5382
2618,長榮航,22,12,10,第一金-台中,2024-07-16,5382
00927,群益半導體收益,10,0,10,第一金-台中,2024-07-16,5382
2371,大同,10,0,10,第一金-台中,2024-07-16,5382
2834,臺企銀,10,0,10,第一金-台中,2024-07-16,5382
6147,頎邦,10,0,10,第一金-台中,2024-07-16,5382
9945,潤泰新,210,1,209,第一金-台中,2024-07-17,5382
00919,群益台灣精選高息,151,4,147,第一金-台中,2024-07-17,5382
00937B,群益ESG投等債20,137,5,132,第一金-台中,2024-07-17,5382
00929,復華台灣科技優息,139,10,129,第一金-台中,2024-07-17,5382
4417,金洲,60,0,60,第一金-台中,2024-07-17,5382
4906,正文,64,8,56,第一金-台中,2024-07-17,5382
2915,潤泰全,52,0,52,第一金-台中,2024-07-17,5382
00933B,國泰10Y+金融債,44,0,44,第一金-台中,2024-07-17,5382
3294,英濟,45,5,40,第一金-台中,2024-07-17,5382
4566,時碩工業,34,2,32,第一金-台中,2024-07-17,5382
6187,萬潤,41,11,30,第一金-台中,2024-07-17,5382
4960,誠美材,69,39,30,第一金-台中,2024-07-17,5382
2464,盟立,63,34,29,第一金-台中,2024-07-17,5382
1608,華榮,49,21,28,第一金-台中,2024-07-17,5382
6770,力積電,42,15,27,第一金-台中,2024-07-17,5382
6125,廣運,29,3,26,第一金-台中,2024-07-17,5382
3520,華盈,25,0,25,第一金-台中,2024-07-17,5382
3189,景碩,36,11,25,第一金-台中,2024-07-17,5382
2376,技嘉,22,1,21,第一金-台中,2024-07-17,5382
6546,正基,22,2,20,第一金-台中,2024-07-17,5382
00934,中信成長高股息,19,0,19,第一金-台中,2024-07-17,5382
1536,和大,22,5,17,第一金-台中,2024-07-17,5382
00949,復華日本龍頭,17,0,17,第一金-台中,2024-07-17,5382
2353,宏��,18,1,17,第一金-台中,2024-07-17,5382
2330,台積電,17,1,16,第一金-台中,2024-07-17,5382
2515,中工,17,1,16,第一金-台中,2024-07-17,5382
2524,京城,24,8,16,第一金-台中,2024-07-17,5382
3518,柏騰,16,0,16,第一金-台中,2024-07-17,5382
3689,湧德,20,4,16,第一金-台中,2024-07-17,5382
2618,長榮航,22,6,16,第一金-台中,2024-07-17,5382
00923,群益台ESG低碳50,15,0,15,第一金-台中,2024-07-17,5382
2547,日勝生,17,2,15,第一金-台中,2024-07-17,5382
2317,鴻海,25,11,14,第一金-台中,2024-07-17,5382
2352,佳世達,14,0,14,第一金-台中,2024-07-17,5382
3013,晟銘電,29,16,13,第一金-台中,2024-07-17,5382
3048,益登,27,15,12,第一金-台中,2024-07-17,5382
00878,國泰永續高股息,13,1,12,第一金-台中,2024-07-17,5382
2542,興富發,14,2,12,第一金-台中,2024-07-17,5382
1301,台塑,21,10,11,第一金-台中,2024-07-17,5382
00679B,元大美債20年,17,6,11,第一金-台中,2024-07-17,5382
2615,萬海,19,8,11,第一金-台中,2024-07-17,5382
4109,加捷生醫,23,12,11,第一金-台中,2024-07-17,5382
6269,台郡,11,0,11,第一金-台中,2024-07-17,5382
00905,FT臺灣Smart,13,2,11,第一金-台中,2024-07-17,5382
1303,南亞,10,0,10,第一金-台中,2024-07-17,5382
8046,南電,21,11,10,第一金-台中,2024-07-17,5382
2070,精湛,11,1,10,第一金-台中,2024-07-17,5382
2492,華新科,15,5,10,第一金-台中,2024-07-17,5382
4155,訊映,10,0,10,第一金-台中,2024-07-17,5382
6127,九豪,15,5,10,第一金-台中,2024-07-17,5382
2317,鴻海,1054,19,1035,第一金-台中,2024-07-18,5382
2888,新光金,241,82,159,第一金-台中,2024-07-18,5382
00937B,群益ESG投等債20,239,95,144,第一金-台中,2024-07-18,5382
3481,群創,258,152,106,第一金-台中,2024-07-18,5382
00919,群益台灣精選高息,117,16,101,第一金-台中,2024-07-18,5382
2867,三商壽,75,3,72,第一金-台中,2024-07-18,5382
00929,復華台灣科技優息,134,67,67,第一金-台中,2024-07-18,5382
4417,金洲,63,0,63,第一金-台中,2024-07-18,5382
3443,創意,102,40,62,第一金-台中,2024-07-18,5382
00949,復華日本龍頭,51,0,51,第一金-台中,2024-07-18,5382
6125,廣運,57,9,48,第一金-台中,2024-07-18,5382
00878,國泰永續高股息,40,7,33,第一金-台中,2024-07-18,5382
2014,中鴻,34,3,31,第一金-台中,2024-07-18,5382
00934,中信成長高股息,32,1,31,第一金-台中,2024-07-18,5382
4956,光鋐,30,0,30,第一金-台中,2024-07-18,5382
2609,陽明,27,0,27,第一金-台中,2024-07-18,5382
2356,英業達,36,9,27,第一金-台中,2024-07-18,5382
4128,中天,27,1,26,第一金-台中,2024-07-18,5382
00882,中信中國高股息,26,2,24,第一金-台中,2024-07-18,5382
6770,力積電,29,6,23,第一金-台中,2024-07-18,5382
4303,信立,71,48,23,第一金-台中,2024-07-18,5382
6116,彩晶,23,0,23,第一金-台中,2024-07-18,5382
2376,技嘉,25,3,22,第一金-台中,2024-07-18,5382
00927,群益半導體收益,23,1,22,第一金-台中,2024-07-18,5382
00936,台新永續高息中小,21,0,21,第一金-台中,2024-07-18,5382
2630,亞航,21,0,21,第一金-台中,2024-07-18,5382
2323,中環,20,0,20,第一金-台中,2024-07-18,5382
6505,台塑化,23,4,19,第一金-台中,2024-07-18,5382
2002,中鋼,30,12,18,第一金-台中,2024-07-18,5382
3189,景碩,48,30,18,第一金-台中,2024-07-18,5382
00679B,元大美債20年,18,1,17,第一金-台中,2024-07-18,5382
2603,長榮,19,2,17,第一金-台中,2024-07-18,5382
2881,富邦金,17,0,17,第一金-台中,2024-07-18,5382
2449,京元電子,21,5,16,第一金-台中,2024-07-18,5382
00642U,期元大S＆P石油,14,0,14,第一金-台中,2024-07-18,5382
8054,安國,179,166,13,第一金-台中,2024-07-18,5382
2337,旺宏,14,1,13,第一金-台中,2024-07-18,5382
00946,群益科技高息成長,13,0,13,第一金-台中,2024-07-18,5382
00687B,國泰20年美債,13,0,13,第一金-台中,2024-07-18,5382
00940,元大台灣價值高息,24,12,12,第一金-台中,2024-07-18,5382
1463,強盛新,12,0,12,第一金-台中,2024-07-18,5382
3035,智原,18,6,12,第一金-台中,2024-07-18,5382
3297,杭特,11,0,11,第一金-台中,2024-07-18,5382
3163,波若威,34,24,10,第一金-台中,2024-07-18,5382
1440,南紡,10,0,10,第一金-台中,2024-07-18,5382
1584,精剛,17,7,10,第一金-台中,2024-07-18,5382
2070,精湛,10,0,10,第一金-台中,2024-07-18,5382
3059,華晶科,10,0,10,第一金-台中,2024-07-18,5382
00715L,期街口布蘭特正2,10,0,10,第一金-台中,2024-07-18,5382
00881,國泰台灣5G+,12,2,10,第一金-台中,2024-07-18,5382
2888,新光金,201,17,184,第一金-台中,2024-07-19,5382
1449,佳和,140,0,140,第一金-台中,2024-07-19,5382
00919,群益台灣精選高息,96,12,84,第一金-台中,2024-07-19,5382
4417,金洲,76,0,76,第一金-台中,2024-07-19,5382
00940,元大台灣價值高息,113,38,75,第一金-台中,2024-07-19,5382
6462,神盾,77,6,71,第一金-台中,2024-07-19,5382
5443,均豪,150,81,69,第一金-台中,2024-07-19,5382
00946,群益科技高息成長,60,0,60,第一金-台中,2024-07-19,5382
2330,台積電,62,10,52,第一金-台中,2024-07-19,5382
00936,台新永續高息中小,48,0,48,第一金-台中,2024-07-19,5382
5302,太欣,45,0,45,第一金-台中,2024-07-19,5382
2882,國泰金,41,1,40,第一金-台中,2024-07-19,5382
3374,精材,40,1,39,第一金-台中,2024-07-19,5382
3481,群創,154,115,39,第一金-台中,2024-07-19,5382
00927,群益半導體收益,44,5,39,第一金-台中,2024-07-19,5382
00937B,群益ESG投等債20,41,3,38,第一金-台中,2024-07-19,5382
2007,燁興,50,12,38,第一金-台中,2024-07-19,5382
2881,富邦金,43,6,37,第一金-台中,2024-07-19,5382
1785,光洋科,39,2,37,第一金-台中,2024-07-19,5382
2408,南亞科,34,0,34,第一金-台中,2024-07-19,5382
1718,中纖,30,0,30,第一金-台中,2024-07-19,5382
8064,東捷,60,30,30,第一金-台中,2024-07-19,5382
00949,復華日本龍頭,28,0,28,第一金-台中,2024-07-19,5382
2371,大同,54,29,25,第一金-台中,2024-07-19,5382
1709,和益,30,5,25,第一金-台中,2024-07-19,5382
8044,網家,24,0,24,第一金-台中,2024-07-19,5382
1314,中石化,21,0,21,第一金-台中,2024-07-19,5382
2891,中信金,21,0,21,第一金-台中,2024-07-19,5382
2834,臺企銀,26,5,21,第一金-台中,2024-07-19,5382
2356,英業達,22,1,21,第一金-台中,2024-07-19,5382
00635U,期元大S＆P黃金,20,0,20,第一金-台中,2024-07-19,5382
1440,南紡,20,0,20,第一金-台中,2024-07-19,5382
2102,泰豐,20,0,20,第一金-台中,2024-07-19,5382
2323,中環,40,20,20,第一金-台中,2024-07-19,5382
00929,復華台灣科技優息,138,119,19,第一金-台中,2024-07-19,5382
00934,中信成長高股息,23,5,18,第一金-台中,2024-07-19,5382
00881,國泰台灣5G+,18,0,18,第一金-台中,2024-07-19,5382
2349,錸德,21,3,18,第一金-台中,2024-07-19,5382
1611,中電,31,16,15,第一金-台中,2024-07-19,5382
6806,森崴能源,37,22,15,第一金-台中,2024-07-19,5382
6116,彩晶,14,0,14,第一金-台中,2024-07-19,5382
00918,大華優利高填息30,19,5,14,第一金-台中,2024-07-19,5382
00923,群益台ESG低碳50,13,0,13,第一金-台中,2024-07-19,5382
00905,FT臺灣Smart,13,0,13,第一金-台中,2024-07-19,5382
2610,華航,13,0,13,第一金-台中,2024-07-19,5382
4533,協易機,14,1,13,第一金-台中,2024-07-19,5382
8404,百和興業-KY,13,0,13,第一金-台中,2024-07-19,5382
3260,威剛,12,0,12,第一金-台中,2024-07-19,5382
2002,中鋼,12,0,12,第一金-台中,2024-07-19,5382
4513,福裕,12,0,12,第一金-台中,2024-07-19,5382
00929,復華台灣科技優息,278,1,277,第一金-台中,2024-07-22,5382
00919,群益台灣精選高息,206,53,153,第一金-台中,2024-07-22,5382
00940,元大台灣價值高息,146,21,125,第一金-台中,2024-07-22,5382
3481,群創,301,179,122,第一金-台中,2024-07-22,5382
00679B,元大美債20年,132,16,116,第一金-台中,2024-07-22,5382
00937B,群益ESG投等債20,166,53,113,第一金-台中,2024-07-22,5382
2888,新光金,71,6,65,第一金-台中,2024-07-22,5382
4417,金洲,62,0,62,第一金-台中,2024-07-22,5382
2882,國泰金,68,12,56,第一金-台中,2024-07-22,5382
4128,中天,50,1,49,第一金-台中,2024-07-22,5382
2323,中環,39,2,37,第一金-台中,2024-07-22,5382
2365,昆盈,76,41,35,第一金-台中,2024-07-22,5382
8044,網家,34,0,34,第一金-台中,2024-07-22,5382
2349,錸德,32,0,32,第一金-台中,2024-07-22,5382
00946,群益科技高息成長,31,0,31,第一金-台中,2024-07-22,5382
6901,鑽石投資,47,19,28,第一金-台中,2024-07-22,5382
2498,宏達電,27,0,27,第一金-台中,2024-07-22,5382
5302,太欣,27,0,27,第一金-台中,2024-07-22,5382
2618,長榮航,46,23,23,第一金-台中,2024-07-22,5382
2641,正德,22,0,22,第一金-台中,2024-07-22,5382
1314,中石化,21,0,21,第一金-台中,2024-07-22,5382
2881,富邦金,20,0,20,第一金-台中,2024-07-22,5382
00680L,元大美債20正2,20,0,20,第一金-台中,2024-07-22,5382
2449,京元電子,22,3,19,第一金-台中,2024-07-22,5382
2330,台積電,42,23,19,第一金-台中,2024-07-22,5382
2731,雄獅,19,0,19,第一金-台中,2024-07-22,5382
3483,力致,20,1,19,第一金-台中,2024-07-22,5382
0050,元大台灣50,23,5,18,第一金-台中,2024-07-22,5382
1605,華新,17,0,17,第一金-台中,2024-07-22,5382
2356,英業達,23,6,17,第一金-台中,2024-07-22,5382
00927,群益半導體收益,16,0,16,第一金-台中,2024-07-22,5382
00934,中信成長高股息,18,2,16,第一金-台中,2024-07-22,5382
00881,國泰台灣5G+,28,13,15,第一金-台中,2024-07-22,5382
9105,泰金寶-DR,15,1,14,第一金-台中,2024-07-22,5382
2408,南亞科,14,1,13,第一金-台中,2024-07-22,5382
00882,中信中國高股息,16,3,13,第一金-台中,2024-07-22,5382
3712,永崴投控,27,14,13,第一金-台中,2024-07-22,5382
6116,彩晶,12,0,12,第一金-台中,2024-07-22,5382
00632R,元大台灣50反1,53,41,12,第一金-台中,2024-07-22,5382
1463,強盛新,12,0,12,第一金-台中,2024-07-22,5382
0056,元大高股息,57,45,12,第一金-台中,2024-07-22,5382
2241,艾姆勒,11,0,11,第一金-台中,2024-07-22,5382
2515,中工,22,11,11,第一金-台中,2024-07-22,5382
2534,宏盛,11,0,11,第一金-台中,2024-07-22,5382
2867,三商壽,25,14,11,第一金-台中,2024-07-22,5382
8054,安國,30,19,11,第一金-台中,2024-07-22,5382
3260,威剛,11,1,10,第一金-台中,2024-07-22,5382
3535,晶彩科,10,0,10,第一金-台中,2024-07-22,5382
00788B,元大10年IG電能債,10,0,10,第一金-台中,2024-07-22,5382
1709,和益,15,5,10,第一金-台中,2024-07-22,5382
2888,新光金,248,30,218,第一金-台中,2024-07-23,5382
3481,群創,416,244,172,第一金-台中,2024-07-23,5382
00929,復華台灣科技優息,150,0,150,第一金-台中,2024-07-23,5382
2515,中工,72,1,71,第一金-台中,2024-07-23,5382
2409,友達,152,90,62,第一金-台中,2024-07-23,5382
00919,群益台灣精選高息,62,5,57,第一金-台中,2024-07-23,5382
3056,富華新,55,0,55,第一金-台中,2024-07-23,5382
2313,華通,55,1,54,第一金-台中,2024-07-23,5382
2367,燿華,52,8,44,第一金-台中,2024-07-23,5382
5328,華容,44,0,44,第一金-台中,2024-07-23,5382
00679B,元大美債20年,59,17,42,第一金-台中,2024-07-23,5382
00878,國泰永續高股息,35,3,32,第一金-台中,2024-07-23,5382
2312,金寶,67,36,31,第一金-台中,2024-07-23,5382
2408,南亞科,30,1,29,第一金-台中,2024-07-23,5382
2365,昆盈,71,42,29,第一金-台中,2024-07-23,5382
2610,華航,29,1,28,第一金-台中,2024-07-23,5382
8028,昇陽半導體,23,0,23,第一金-台中,2024-07-23,5382
2812,台中銀,23,0,23,第一金-台中,2024-07-23,5382
3163,波若威,34,12,22,第一金-台中,2024-07-23,5382
5498,凱崴,20,1,19,第一金-台中,2024-07-23,5382
0050,元大台灣50,22,5,17,第一金-台中,2024-07-23,5382
2392,正崴,19,2,17,第一金-台中,2024-07-23,5382
00937B,群益ESG投等債20,33,17,16,第一金-台中,2024-07-23,5382
00940,元大台灣價值高息,27,12,15,第一金-台中,2024-07-23,5382
6692,進能服,15,0,15,第一金-台中,2024-07-23,5382
1563,巧新,15,0,15,第一金-台中,2024-07-23,5382
2317,鴻海,32,18,14,第一金-台中,2024-07-23,5382
2355,敬鵬,13,0,13,第一金-台中,2024-07-23,5382
3035,智原,16,4,12,第一金-台中,2024-07-23,5382
00936,台新永續高息中小,12,0,12,第一金-台中,2024-07-23,5382
00891,中信關鍵半導體,12,0,12,第一金-台中,2024-07-23,5382
1708,東鹼,12,0,12,第一金-台中,2024-07-23,5382
00918,大華優利高填息30,11,0,11,第一金-台中,2024-07-23,5382
8440,綠電,18,7,11,第一金-台中,2024-07-23,5382
6770,力積電,10,0,10,第一金-台中,2024-07-23,5382
1721,三晃,10,0,10,第一金-台中,2024-07-23,5382
2337,旺宏,10,0,10,第一金-台中,2024-07-23,5382
2897,王道銀行,10,0,10,第一金-台中,2024-07-23,5382
3580,友威科,16,6,10,第一金-台中,2024-07-23,5382
6684,安格,19,9,10,第一金-台中,2024-07-23,5382
8085,福華,12,2,10,第一金-台中,2024-07-23,5382
00631L,元大台灣50正2,11,2,9,第一金-台中,2024-07-23,5382
2867,三商壽,8,0,8,第一金-台中,2024-07-23,5382
8054,安國,86,79,7,第一金-台中,2024-07-23,5382
4903,聯光通,7,0,7,第一金-台中,2024-07-23,5382
9924,福興,7,0,7,第一金-台中,2024-07-23,5382
00915,凱基優選高股息30,7,0,7,第一金-台中,2024-07-23,5382
3231,緯創,12,6,6,第一金-台中,2024-07-23,5382
912000,晨訊科-DR,6,0,6,第一金-台中,2024-07-23,5382
4526,東台,13,7,6,第一金-台中,2024-07-23,5382
00929,復華台灣科技優息,162,0,162,第一金-台中,2024-07-26,5382
2062,橋椿,90,0,90,第一金-台中,2024-07-26,5382
3481,群創,318,235,83,第一金-台中,2024-07-26,5382
00940,元大台灣價值高息,57,1,56,第一金-台中,2024-07-26,5382
00951,台新日本半導體,47,0,47,第一金-台中,2024-07-26,5382
2109,華豐,44,0,44,第一金-台中,2024-07-26,5382
1536,和大,41,0,41,第一金-台中,2024-07-26,5382
00934,中信成長高股息,43,2,41,第一金-台中,2024-07-26,5382
2002,中鋼,41,0,41,第一金-台中,2024-07-26,5382
2330,台積電,42,6,36,第一金-台中,2024-07-26,5382
2317,鴻海,45,10,35,第一金-台中,2024-07-26,5382
00715L,期街口布蘭特正2,30,0,30,第一金-台中,2024-07-26,5382
00679B,元大美債20年,28,1,27,第一金-台中,2024-07-26,5382
2402,毅嘉,27,0,27,第一金-台中,2024-07-26,5382
5443,均豪,71,45,26,第一金-台中,2024-07-26,5382
00878,國泰永續高股息,32,8,24,第一金-台中,2024-07-26,5382
00946,群益科技高息成長,24,0,24,第一金-台中,2024-07-26,5382
2498,宏達電,23,0,23,第一金-台中,2024-07-26,5382
2845,遠東銀,23,0,23,第一金-台中,2024-07-26,5382
8926,台汽電,26,5,21,第一金-台中,2024-07-26,5382
2867,三商壽,20,0,20,第一金-台中,2024-07-26,5382
6768,志強-KY,23,3,20,第一金-台中,2024-07-26,5382
0050,元大台灣50,21,3,18,第一金-台中,2024-07-26,5382
006208,富邦台50,20,4,16,第一金-台中,2024-07-26,5382
6177,達麗,16,0,16,第一金-台中,2024-07-26,5382
00720B,元大投資級公司債,15,0,15,第一金-台中,2024-07-26,5382
2890,永豐金,15,0,15,第一金-台中,2024-07-26,5382
3711,日月光投控,14,0,14,第一金-台中,2024-07-26,5382
00725B,國泰投資級公司債,14,0,14,第一金-台中,2024-07-26,5382
0056,元大高股息,39,26,13,第一金-台中,2024-07-26,5382
00751B,元大AAA至A公司債,13,0,13,第一金-台中,2024-07-26,5382
6658,聯策,13,0,13,第一金-台中,2024-07-26,5382
2884,玉山金,17,4,13,第一金-台中,2024-07-26,5382
5607,遠雄港,13,0,13,第一金-台中,2024-07-26,5382
1503,士電,15,3,12,第一金-台中,2024-07-26,5382
00941,中信上游半導體,14,2,12,第一金-台中,2024-07-26,5382
2739,寒舍,12,0,12,第一金-台中,2024-07-26,5382
3167,大量,13,1,12,第一金-台中,2024-07-26,5382
00881,國泰台灣5G+,12,0,12,第一金-台中,2024-07-26,5382
2303,聯電,12,1,11,第一金-台中,2024-07-26,5382
2614,東森,15,4,11,第一金-台中,2024-07-26,5382
00680L,元大美債20正2,11,0,11,第一金-台中,2024-07-26,5382
2486,一詮,14,3,11,第一金-台中,2024-07-26,5382
2887,台新金,13,2,11,第一金-台中,2024-07-26,5382
8096,擎亞,11,0,11,第一金-台中,2024-07-26,5382
2812,台中銀,11,0,11,第一金-台中,2024-07-26,5382
1301,台塑,10,0,10,第一金-台中,2024-07-26,5382
1325,恆大,10,0,10,第一金-台中,2024-07-26,5382
2070,精湛,10,0,10,第一金-台中,2024-07-26,5382
2395,研華,10,0,10,第一金-台中,2024-07-26,5382
5871,中租-KY,201,0,201,第一金-台中,2024-07-29,5382
00929,復華台灣科技優息,140,6,134,第一金-台中,2024-07-29,5382
00919,群益台灣精選高息,95,24,71,第一金-台中,2024-07-29,5382
2367,燿華,52,1,51,第一金-台中,2024-07-29,5382
2369,菱生,50,0,50,第一金-台中,2024-07-29,5382
00632R,元大台灣50反1,40,0,40,第一金-台中,2024-07-29,5382
9919,康那香,40,0,40,第一金-台中,2024-07-29,5382
00940,元大台灣價值高息,39,3,36,第一金-台中,2024-07-29,5382
00878,國泰永續高股息,43,8,35,第一金-台中,2024-07-29,5382
1536,和大,38,3,35,第一金-台中,2024-07-29,5382
00945B,凱基美國非投等債,30,0,30,第一金-台中,2024-07-29,5382
4128,中天,31,3,28,第一金-台中,2024-07-29,5382
4306,炎洲,25,0,25,第一金-台中,2024-07-29,5382
5386,青雲,25,0,25,第一金-台中,2024-07-29,5382
0056,元大高股息,28,5,23,第一金-台中,2024-07-29,5382
2312,金寶,32,9,23,第一金-台中,2024-07-29,5382
9946,三發地產,31,8,23,第一金-台中,2024-07-29,5382
8926,台汽電,29,7,22,第一金-台中,2024-07-29,5382
2323,中環,21,0,21,第一金-台中,2024-07-29,5382
2356,英業達,21,0,21,第一金-台中,2024-07-29,5382
2007,燁興,20,0,20,第一金-台中,2024-07-29,5382
2520,冠德,22,2,20,第一金-台中,2024-07-29,5382
2388,威盛,19,1,18,第一金-台中,2024-07-29,5382
00936,台新永續高息中小,17,0,17,第一金-台中,2024-07-29,5382
5302,太欣,17,0,17,第一金-台中,2024-07-29,5382
2867,三商壽,16,0,16,第一金-台中,2024-07-29,5382
3023,信邦,16,0,16,第一金-台中,2024-07-29,5382
3211,順達,20,4,16,第一金-台中,2024-07-29,5382
4533,協易機,18,3,15,第一金-台中,2024-07-29,5382
8111,立��,15,0,15,第一金-台中,2024-07-29,5382
2303,聯電,15,1,14,第一金-台中,2024-07-29,5382
9945,潤泰新,15,1,14,第一金-台中,2024-07-29,5382
6869,雲豹能源,17,3,14,第一金-台中,2024-07-29,5382
4510,高鋒,14,0,14,第一金-台中,2024-07-29,5382
8044,網家,14,0,14,第一金-台中,2024-07-29,5382
3483,力致,13,0,13,第一金-台中,2024-07-29,5382
1608,華榮,16,4,12,第一金-台中,2024-07-29,5382
3580,友威科,75,63,12,第一金-台中,2024-07-29,5382
00946,群益科技高息成長,14,3,11,第一金-台中,2024-07-29,5382
2884,玉山金,11,0,11,第一金-台中,2024-07-29,5382
1785,光洋科,17,6,11,第一金-台中,2024-07-29,5382
6719,力智,11,0,11,第一金-台中,2024-07-29,5382
3260,威剛,10,0,10,第一金-台中,2024-07-29,5382
2368,金像電,10,0,10,第一金-台中,2024-07-29,5382
2109,華豐,10,0,10,第一金-台中,2024-07-29,5382
3708,上緯投控,10,0,10,第一金-台中,2024-07-29,5382
6414,樺漢,10,0,10,第一金-台中,2024-07-29,5382
6533,晶心科,10,0,10,第一金-台中,2024-07-29,5382
1599,宏佳騰,10,0,10,第一金-台中,2024-07-29,5382
00927,群益半導體收益,10,0,10,第一金-台中,2024-07-29,5382
2349,錸德,189,77,112,第一金-台中,2024-07-30,5382
00929,復華台灣科技優息,78,2,76,第一金-台中,2024-07-30,5382
00940,元大台灣價值高息,72,3,69,第一金-台中,2024-07-30,5382
00919,群益台灣精選高息,72,4,68,第一金-台中,2024-07-30,5382
2812,台中銀,57,0,57,第一金-台中,2024-07-30,5382
3167,大量,71,16,55,第一金-台中,2024-07-30,5382
00934,中信成長高股息,52,0,52,第一金-台中,2024-07-30,5382
4526,東台,74,23,51,第一金-台中,2024-07-30,5382
8054,安國,100,49,51,第一金-台中,2024-07-30,5382
4564,元翎,63,14,49,第一金-台中,2024-07-30,5382
00688L,國泰20年美債正2,43,2,41,第一金-台中,2024-07-30,5382
8091,翔名,41,0,41,第一金-台中,2024-07-30,5382
3189,景碩,44,8,36,第一金-台中,2024-07-30,5382
00878,國泰永續高股息,45,17,28,第一金-台中,2024-07-30,5382
00937B,群益ESG投等債20,27,0,27,第一金-台中,2024-07-30,5382
0056,元大高股息,28,3,25,第一金-台中,2024-07-30,5382
00949,復華日本龍頭,22,0,22,第一金-台中,2024-07-30,5382
2618,長榮航,20,0,20,第一金-台中,2024-07-30,5382
3029,零壹,20,0,20,第一金-台中,2024-07-30,5382
1569,濱川,19,0,19,第一金-台中,2024-07-30,5382
3715,定穎投控,22,3,19,第一金-台中,2024-07-30,5382
00715L,期街口布蘭特正2,17,0,17,第一金-台中,2024-07-30,5382
5443,均豪,63,46,17,第一金-台中,2024-07-30,5382
2313,華通,16,1,15,第一金-台中,2024-07-30,5382
1815,富喬,16,2,14,第一金-台中,2024-07-30,5382
8028,昇陽半導體,44,30,14,第一金-台中,2024-07-30,5382
6015,宏遠證,12,0,12,第一金-台中,2024-07-30,5382
8103,瀚荃,13,1,12,第一金-台中,2024-07-30,5382
8201,無敵,13,1,12,第一金-台中,2024-07-30,5382
00946,群益科技高息成長,11,0,11,第一金-台中,2024-07-30,5382
00918,大華優利高填息30,11,0,11,第一金-台中,2024-07-30,5382
2845,遠東銀,11,0,11,第一金-台中,2024-07-30,5382
3605,宏致,12,1,11,第一金-台中,2024-07-30,5382
00945B,凱基美國非投等債,10,0,10,第一金-台中,2024-07-30,5382
00927,群益半導體收益,10,0,10,第一金-台中,2024-07-30,5382
00680L,元大美債20正2,10,0,10,第一金-台中,2024-07-30,5382
2485,兆赫,10,0,10,第一金-台中,2024-07-30,5382
2356,英業達,9,0,9,第一金-台中,2024-07-30,5382
6770,力積電,11,2,9,第一金-台中,2024-07-30,5382
3321,同泰,9,0,9,第一金-台中,2024-07-30,5382
2892,第一金,12,3,9,第一金-台中,2024-07-30,5382
00687B,國泰20年美債,8,0,8,第一金-台中,2024-07-30,5382
3580,友威科,80,72,8,第一金-台中,2024-07-30,5382
4510,高鋒,12,4,8,第一金-台中,2024-07-30,5382
3293,鈊象,7,0,7,第一金-台中,2024-07-30,5382
2392,正崴,7,0,7,第一金-台中,2024-07-30,5382
2889,國票金,7,0,7,第一金-台中,2024-07-30,5382
2303,聯電,7,0,7,第一金-台中,2024-07-30,5382
00907,永豐優息存股,6,0,6,第一金-台中,2024-07-30,5382
2344,華邦電,6,0,6,第一金-台中,2024-07-30,5382
00680L,元大美債20正2,200,0,200,第一金-台中,2024-07-31,5382
6592,和潤企業,114,0,114,第一金-台中,2024-07-31,5382
4536,拓凱,102,0,102,第一金-台中,2024-07-31,5382
00933B,國泰10Y+金融債,60,0,60,第一金-台中,2024-07-31,5382
1597,直得,59,1,58,第一金-台中,2024-07-31,5382
8064,東捷,75,25,50,第一金-台中,2024-07-31,5382
00929,復華台灣科技優息,41,4,37,第一金-台中,2024-07-31,5382
00946,群益科技高息成長,30,1,29,第一金-台中,2024-07-31,5382
4562,穎漢,30,4,26,第一金-台中,2024-07-31,5382
00878,國泰永續高股息,24,0,24,第一金-台中,2024-07-31,5382
3056,富華新,24,1,23,第一金-台中,2024-07-31,5382
3105,穩懋,26,3,23,第一金-台中,2024-07-31,5382
2812,台中銀,23,1,22,第一金-台中,2024-07-31,5382
2498,宏達電,23,2,21,第一金-台中,2024-07-31,5382
00940,元大台灣價值高息,24,4,20,第一金-台中,2024-07-31,5382
00687B,國泰20年美債,21,1,20,第一金-台中,2024-07-31,5382
3518,柏騰,20,1,19,第一金-台中,2024-07-31,5382
3580,友威科,131,112,19,第一金-台中,2024-07-31,5382
2204,中華,28,10,18,第一金-台中,2024-07-31,5382
2356,英業達,29,11,18,第一金-台中,2024-07-31,5382
5512,力麒,16,0,16,第一金-台中,2024-07-31,5382
2317,鴻海,23,8,15,第一金-台中,2024-07-31,5382
00753L,中信中國50正2,20,5,15,第一金-台中,2024-07-31,5382
3189,景碩,19,5,14,第一金-台中,2024-07-31,5382
3211,順達,14,0,14,第一金-台中,2024-07-31,5382
2382,廣達,19,5,14,第一金-台中,2024-07-31,5382
3481,群創,102,89,13,第一金-台中,2024-07-31,5382
00939,統一台灣高息動能,14,1,13,第一金-台中,2024-07-31,5382
0056,元大高股息,15,3,12,第一金-台中,2024-07-31,5382
2330,台積電,14,1,13,第一金-台中,2024-07-31,5382
2486,一詮,20,8,12,第一金-台中,2024-07-31,5382
6271,同欣電,13,1,12,第一金-台中,2024-07-31,5382
3037,欣興,22,11,11,第一金-台中,2024-07-31,5382
3231,緯創,16,5,11,第一金-台中,2024-07-31,5382
2408,南亞科,11,0,11,第一金-台中,2024-07-31,5382
6125,廣運,12,1,11,第一金-台中,2024-07-31,5382
3443,創意,10,0,10,第一金-台中,2024-07-31,5382
5206,坤悅,10,0,10,第一金-台中,2024-07-31,5382
9934,成霖,10,0,10,第一金-台中,2024-07-31,5382
2349,錸德,199,190,9,第一金-台中,2024-07-31,5382
2347,聯強,9,0,9,第一金-台中,2024-07-31,5382
2618,長榮航,9,0,9,第一金-台中,2024-07-31,5382
00632R,元大台灣50反1,9,0,9,第一金-台中,2024-07-31,5382
2344,華邦電,10,1,9,第一金-台中,2024-07-31,5382
2362,藍天,34,25,9,第一金-台中,2024-07-31,5382
6576,逸達,9,0,9,第一金-台中,2024-07-31,5382
1795,美時,8,0,8,第一金-台中,2024-07-31,5382
2363,矽統,37,29,8,第一金-台中,2024-07-31,5382
00850,元大臺灣ESG永續,7,0,7,第一金-台中,2024-07-31,5382
3715,定穎投控,12,5,7,第一金-台中,2024-07-31,5382
00878,國泰永續高股息,83,0,83,第一金-台中,2024-08-01,5382
5392,能率,73,1,72,第一金-台中,2024-08-01,5382
2515,中工,122,62,60,第一金-台中,2024-08-01,5382
3481,群創,76,23,53,第一金-台中,2024-08-01,5382
2417,圓剛,53,1,52,第一金-台中,2024-08-01,5382
2303,聯電,101,51,50,第一金-台中,2024-08-01,5382
4306,炎洲,50,1,49,第一金-台中,2024-08-01,5382
00679B,元大美債20年,46,1,45,第一金-台中,2024-08-01,5382
8054,安國,64,26,38,第一金-台中,2024-08-01,5382
6446,藥華藥,39,1,38,第一金-台中,2024-08-01,5382
1605,華新,30,0,30,第一金-台中,2024-08-01,5382
00687B,國泰20年美債,44,15,29,第一金-台中,2024-08-01,5382
6166,凌華,30,1,29,第一金-台中,2024-08-01,5382
9902,台火,35,6,29,第一金-台中,2024-08-01,5382
2501,國建,29,1,28,第一金-台中,2024-08-01,5382
3260,威剛,25,0,25,第一金-台中,2024-08-01,5382
3605,宏致,26,1,25,第一金-台中,2024-08-01,5382
1904,正隆,24,0,24,第一金-台中,2024-08-01,5382
1711,永光,34,11,23,第一金-台中,2024-08-01,5382
4564,元翎,34,12,22,第一金-台中,2024-08-01,5382
00733,富邦臺灣中小,21,0,21,第一金-台中,2024-08-01,5382
00715L,期街口布蘭特正2,22,2,20,第一金-台中,2024-08-01,5382
2731,雄獅,20,0,20,第一金-台中,2024-08-01,5382
00949,復華日本龍頭,19,0,19,第一金-台中,2024-08-01,5382
4303,信立,28,10,18,第一金-台中,2024-08-01,5382
9945,潤泰新,27,9,18,第一金-台中,2024-08-01,5382
2867,三商壽,15,0,15,第一金-台中,2024-08-01,5382
4933,友輝,14,1,13,第一金-台中,2024-08-01,5382
00946,群益科技高息成長,13,1,12,第一金-台中,2024-08-01,5382
00932,兆豐永續高息等權,12,0,12,第一金-台中,2024-08-01,5382
1316,上曜,22,11,11,第一金-台中,2024-08-01,5382
1597,直得,73,62,11,第一金-台中,2024-08-01,5382
5522,遠雄,11,0,11,第一金-台中,2024-08-01,5382
8091,翔名,11,0,11,第一金-台中,2024-08-01,5382
3663,鑫科,28,17,11,第一金-台中,2024-08-01,5382
2002,中鋼,13,2,11,第一金-台中,2024-08-01,5382
4583,台灣精銳,10,0,10,第一金-台中,2024-08-01,5382
9105,泰金寶-DR,10,0,10,第一金-台中,2024-08-01,5382
2027,大成鋼,11,2,9,第一金-台中,2024-08-01,5382
00734B,台新JPM新興債,8,0,8,第一金-台中,2024-08-01,5382
2388,威盛,10,2,8,第一金-台中,2024-08-01,5382
2449,京元電子,14,6,8,第一金-台中,2024-08-01,5382
3163,波若威,47,39,8,第一金-台中,2024-08-01,5382
3376,新日興,12,4,8,第一金-台中,2024-08-01,5382
6603,富強鑫,9,1,8,第一金-台中,2024-08-01,5382
2489,瑞軒,13,6,7,第一金-台中,2024-08-01,5382
3518,柏騰,9,2,7,第一金-台中,2024-08-01,5382
4402,郡都開發,7,0,7,第一金-台中,2024-08-01,5382
2609,陽明,10,5,5,第一金-台中,2024-08-01,5382
2374,佳能,5,0,5,第一金-台中,2024-08-01,5382
5871,中租-KY,301,0,301,第一金-台中,2024-08-02,5382
00632R,元大台灣50反1,315,110,205,第一金-台中,2024-08-02,5382
00919,群益台灣精選高息,164,1,163,第一金-台中,2024-08-02,5382
00929,復華台灣科技優息,147,10,137,第一金-台中,2024-08-02,5382
00878,國泰永續高股息,129,0,129,第一金-台中,2024-08-02,5382
00949,復華日本龍頭,107,0,107,第一金-台中,2024-08-02,5382
4536,拓凱,107,0,107,第一金-台中,2024-08-02,5382
2464,盟立,140,35,105,第一金-台中,2024-08-02,5382
8071,能率網通,130,32,98,第一金-台中,2024-08-02,5382
0056,元大高股息,82,4,78,第一金-台中,2024-08-02,5382
00940,元大台灣價值高息,89,11,78,第一金-台中,2024-08-02,5382
2365,昆盈,172,104,68,第一金-台中,2024-08-02,5382
1314,中石化,73,9,64,第一金-台中,2024-08-02,5382
2330,台積電,72,11,61,第一金-台中,2024-08-02,5382
1904,正隆,60,0,60,第一金-台中,2024-08-02,5382
00795B,中信美國公債20年,54,1,53,第一金-台中,2024-08-02,5382
00680L,元大美債20正2,50,0,50,第一金-台中,2024-08-02,5382
5512,力麒,46,2,44,第一金-台中,2024-08-02,5382
00923,群益台ESG低碳50,42,0,42,第一金-台中,2024-08-02,5382
3605,宏致,58,17,41,第一金-台中,2024-08-02,5382
6443,元晶,40,0,40,第一金-台中,2024-08-02,5382
00936,台新永續高息中小,41,1,40,第一金-台中,2024-08-02,5382
00679B,元大美債20年,46,8,38,第一金-台中,2024-08-02,5382
00881,國泰台灣5G+,33,0,33,第一金-台中,2024-08-02,5382
2834,臺企銀,34,1,33,第一金-台中,2024-08-02,5382
00946,群益科技高息成長,33,0,33,第一金-台中,2024-08-02,5382
2524,京城,34,4,30,第一金-台中,2024-08-02,5382
2851,中再保,30,0,30,第一金-台中,2024-08-02,5382
00934,中信成長高股息,29,0,29,第一金-台中,2024-08-02,5382
00927,群益半導體收益,31,2,29,第一金-台中,2024-08-02,5382
8091,翔名,31,2,29,第一金-台中,2024-08-02,5382
9906,欣巴巴,49,20,29,第一金-台中,2024-08-02,5382
2442,新美齊,30,2,28,第一金-台中,2024-08-02,5382
3376,新日興,30,2,28,第一金-台中,2024-08-02,5382
3037,欣興,28,0,28,第一金-台中,2024-08-02,5382
3338,泰碩,31,4,27,第一金-台中,2024-08-02,5382
0050,元大台灣50,31,4,27,第一金-台中,2024-08-02,5382
00951,台新日本半導體,26,0,26,第一金-台中,2024-08-02,5382
2337,旺宏,28,5,23,第一金-台中,2024-08-02,5382
2882,國泰金,32,9,23,第一金-台中,2024-08-02,5382
2002,中鋼,29,6,23,第一金-台中,2024-08-02,5382
2610,華航,21,0,21,第一金-台中,2024-08-02,5382
5309,系統電,22,1,21,第一金-台中,2024-08-02,5382
6187,萬潤,31,10,21,第一金-台中,2024-08-02,5382
00687B,國泰20年美債,67,46,21,第一金-台中,2024-08-02,5382
2007,燁興,20,0,20,第一金-台中,2024-08-02,5382
6215,和椿,71,51,20,第一金-台中,2024-08-02,5382
5410,國眾,19,0,19,第一金-台中,2024-08-02,5382
6015,宏遠證,18,0,18,第一金-台中,2024-08-02,5382
2344,華邦電,29,12,17,第一金-台中,2024-08-02,5382
2888,新光金,1658,63,1595,第一金-台中,2024-08-05,5382
00929,復華台灣科技優息,371,51,320,第一金-台中,2024-08-05,5382
00878,國泰永續高股息,187,5,182,第一金-台中,2024-08-05,5382
00940,元大台灣價值高息,262,83,179,第一金-台中,2024-08-05,5382
2618,長榮航,261,144,117,第一金-台中,2024-08-05,5382
2337,旺宏,108,13,95,第一金-台中,2024-08-05,5382
3605,宏致,84,0,84,第一金-台中,2024-08-05,5382
3481,群創,264,186,78,第一金-台中,2024-08-05,5382
6187,萬潤,62,0,62,第一金-台中,2024-08-05,5382
2511,太子,60,0,60,第一金-台中,2024-08-05,5382
00919,群益台灣精選高息,149,96,53,第一金-台中,2024-08-05,5382
00795B,中信美國公債20年,49,0,49,第一金-台中,2024-08-05,5382
00715L,期街口布蘭特正2,47,0,47,第一金-台中,2024-08-05,5382
0056,元大高股息,57,12,45,第一金-台中,2024-08-05,5382
2851,中再保,40,0,40,第一金-台中,2024-08-05,5382
2882,國泰金,48,9,39,第一金-台中,2024-08-05,5382
00936,台新永續高息中小,39,2,37,第一金-台中,2024-08-05,5382
00951,台新日本半導體,39,3,36,第一金-台中,2024-08-05,5382
0050,元大台灣50,40,5,35,第一金-台中,2024-08-05,5382
2881,富邦金,37,4,33,第一金-台中,2024-08-05,5382
2330,台積電,67,34,33,第一金-台中,2024-08-05,5382
00934,中信成長高股息,73,41,32,第一金-台中,2024-08-05,5382
2014,中鴻,31,0,31,第一金-台中,2024-08-05,5382
9919,康那香,30,0,30,第一金-台中,2024-08-05,5382
2317,鴻海,88,59,29,第一金-台中,2024-08-05,5382
00946,群益科技高息成長,30,5,25,第一金-台中,2024-08-05,5382
00941,中信上游半導體,23,0,23,第一金-台中,2024-08-05,5382
2070,精湛,23,0,23,第一金-台中,2024-08-05,5382
2884,玉山金,29,6,23,第一金-台中,2024-08-05,5382
2312,金寶,29,6,23,第一金-台中,2024-08-05,5382
3483,力致,22,0,22,第一金-台中,2024-08-05,5382
2834,臺企銀,23,2,21,第一金-台中,2024-08-05,5382
00881,國泰台灣5G+,20,0,20,第一金-台中,2024-08-05,5382
2409,友達,34,15,19,第一金-台中,2024-08-05,5382
00679B,元大美債20年,35,16,19,第一金-台中,2024-08-05,5382
2610,華航,119,100,19,第一金-台中,2024-08-05,5382
00905,FT臺灣Smart,19,0,19,第一金-台中,2024-08-05,5382
2376,技嘉,18,0,18,第一金-台中,2024-08-05,5382
6770,力積電,18,0,18,第一金-台中,2024-08-05,5382
2812,台中銀,18,0,18,第一金-台中,2024-08-05,5382
00935,野村臺灣新科技50,17,0,17,第一金-台中,2024-08-05,5382
00933B,國泰10Y+金融債,16,0,16,第一金-台中,2024-08-05,5382
00927,群益半導體收益,18,2,16,第一金-台中,2024-08-05,5382
9955,佳龍,32,17,15,第一金-台中,2024-08-05,5382
2367,燿華,14,0,14,第一金-台中,2024-08-05,5382
9938,百和,14,0,14,第一金-台中,2024-08-05,5382
006208,富邦台50,16,2,14,第一金-台中,2024-08-05,5382
6443,元晶,31,18,13,第一金-台中,2024-08-05,5382
2368,金像電,13,1,12,第一金-台中,2024-08-05,5382
2347,聯強,12,0,12,第一金-台中,2024-08-05,5382
2542,興富發,202,8,194,第一金-台中,2024-08-06,5382
3605,宏致,174,5,169,第一金-台中,2024-08-06,5382
00929,復華台灣科技優息,173,47,126,第一金-台中,2024-08-06,5382
00878,國泰永續高股息,146,42,104,第一金-台中,2024-08-06,5382
3481,群創,279,198,81,第一金-台中,2024-08-06,5382
00940,元大台灣價值高息,102,39,63,第一金-台中,2024-08-06,5382
2352,佳世達,61,0,61,第一金-台中,2024-08-06,5382
00857B,永豐20年美公債,52,2,50,第一金-台中,2024-08-06,5382
2615,萬海,73,30,43,第一金-台中,2024-08-06,5382
2888,新光金,49,10,39,第一金-台中,2024-08-06,5382
1316,上曜,33,0,33,第一金-台中,2024-08-06,5382
2409,友達,53,20,33,第一金-台中,2024-08-06,5382
2851,中再保,30,0,30,第一金-台中,2024-08-06,5382
2887,台新金,37,15,22,第一金-台中,2024-08-06,5382
8044,網家,22,0,22,第一金-台中,2024-08-06,5382
2313,華通,28,7,21,第一金-台中,2024-08-06,5382
2317,鴻海,141,120,21,第一金-台中,2024-08-06,5382
8054,安國,45,24,21,第一金-台中,2024-08-06,5382
2641,正德,22,1,21,第一金-台中,2024-08-06,5382
1514,亞力,20,0,20,第一金-台中,2024-08-06,5382
3013,晟銘電,19,2,17,第一金-台中,2024-08-06,5382
2308,台達電,24,7,17,第一金-台中,2024-08-06,5382
3056,富華新,15,0,15,第一金-台中,2024-08-06,5382
2543,皇昌,17,2,15,第一金-台中,2024-08-06,5382
00715L,期街口布蘭特正2,14,0,14,第一金-台中,2024-08-06,5382
1609,大亞,15,1,14,第一金-台中,2024-08-06,5382
2882,國泰金,31,17,14,第一金-台中,2024-08-06,5382
3703,欣陸,13,0,13,第一金-台中,2024-08-06,5382
2528,皇普,11,0,11,第一金-台中,2024-08-06,5382
5452,佶優,15,4,11,第一金-台中,2024-08-06,5382
0056,元大高股息,29,18,11,第一金-台中,2024-08-06,5382
00900,富邦特選高股息30,10,0,10,第一金-台中,2024-08-06,5382
00664R,國泰臺灣加權反1,10,0,10,第一金-台中,2024-08-06,5382
1802,台玻,10,0,10,第一金-台中,2024-08-06,5382
2392,正崴,17,7,10,第一金-台中,2024-08-06,5382
2395,研華,10,0,10,第一金-台中,2024-08-06,5382
2471,資通,10,0,10,第一金-台中,2024-08-06,5382
2816,旺旺保,10,0,10,第一金-台中,2024-08-06,5382
3372,典範,10,0,10,第一金-台中,2024-08-06,5382
4977,眾達-KY,10,0,10,第一金-台中,2024-08-06,5382
5525,順天,10,0,10,第一金-台中,2024-08-06,5382
3035,智原,11,1,10,第一金-台中,2024-08-06,5382
2388,威盛,11,2,9,第一金-台中,2024-08-06,5382
2376,技嘉,11,2,9,第一金-台中,2024-08-06,5382
2881,富邦金,10,1,9,第一金-台中,2024-08-06,5382
00931B,統一美債20年,11,2,9,第一金-台中,2024-08-06,5382
2534,宏盛,13,4,9,第一金-台中,2024-08-06,5382
9105,泰金寶-DR,10,1,9,第一金-台中,2024-08-06,5382
3189,景碩,12,3,9,第一金-台中,2024-08-06,5382
3374,精材,19,10,9,第一金-台中,2024-08-06,5382
2887,台新金,1619,0,1619,第一金-台中,2024-08-07,5382
00632R,元大台灣50反1,194,54,140,第一金-台中,2024-08-07,5382
3481,群創,140,2,138,第一金-台中,2024-08-07,5382
2888,新光金,158,36,122,第一金-台中,2024-08-07,5382
00948B,中信優息投資級債,100,0,100,第一金-台中,2024-08-07,5382
2317,鴻海,122,58,64,第一金-台中,2024-08-07,5382
00940,元大台灣價值高息,97,37,60,第一金-台中,2024-08-07,5382
00679B,元大美債20年,60,0,60,第一金-台中,2024-08-07,5382
2542,興富發,59,1,58,第一金-台中,2024-08-07,5382
6215,和椿,50,0,50,第一金-台中,2024-08-07,5382
2359,所羅門,65,19,46,第一金-台中,2024-08-07,5382
2892,第一金,50,5,45,第一金-台中,2024-08-07,5382
1536,和大,106,65,41,第一金-台中,2024-08-07,5382
1752,南光,40,0,40,第一金-台中,2024-08-07,5382
00919,群益台灣精選高息,55,16,39,第一金-台中,2024-08-07,5382
3583,辛耘,78,41,37,第一金-台中,2024-08-07,5382
2609,陽明,58,22,36,第一金-台中,2024-08-07,5382
2603,長榮,34,6,28,第一金-台中,2024-08-07,5382
00751B,元大AAA至A公司債,26,0,26,第一金-台中,2024-08-07,5382
00937B,群益ESG投等債20,27,1,26,第一金-台中,2024-08-07,5382
2356,英業達,27,3,24,第一金-台中,2024-08-07,5382
2007,燁興,20,0,20,第一金-台中,2024-08-07,5382
3450,聯鈞,22,2,20,第一金-台中,2024-08-07,5382
2367,燿華,32,13,19,第一金-台中,2024-08-07,5382
00878,國泰永續高股息,37,18,19,第一金-台中,2024-08-07,5382
0056,元大高股息,23,5,18,第一金-台中,2024-08-07,5382
2834,臺企銀,17,0,17,第一金-台中,2024-08-07,5382
3605,宏致,126,109,17,第一金-台中,2024-08-07,5382
8027,鈦昇,22,5,17,第一金-台中,2024-08-07,5382
4562,穎漢,25,8,17,第一金-台中,2024-08-07,5382
0050,元大台灣50,28,13,15,第一金-台中,2024-08-07,5382
2442,新美齊,15,0,15,第一金-台中,2024-08-07,5382
3686,達能,17,3,14,第一金-台中,2024-08-07,5382
8926,台汽電,14,0,14,第一金-台中,2024-08-07,5382
00918,大華優利高填息30,16,3,13,第一金-台中,2024-08-07,5382
3037,欣興,24,11,13,第一金-台中,2024-08-07,5382
1101,台泥,12,0,12,第一金-台中,2024-08-07,5382
2353,宏��,16,4,12,第一金-台中,2024-08-07,5382
2409,友達,16,5,11,第一金-台中,2024-08-07,5382
2449,京元電子,13,2,11,第一金-台中,2024-08-07,5382
2313,華通,27,17,10,第一金-台中,2024-08-07,5382
00907,永豐優息存股,10,0,10,第一金-台中,2024-08-07,5382
1210,大成,10,0,10,第一金-台中,2024-08-07,5382
2515,中工,10,0,10,第一金-台中,2024-08-07,5382
5609,中菲行,10,0,10,第一金-台中,2024-08-07,5382
2891,中信金,11,1,10,第一金-台中,2024-08-07,5382
2382,廣達,21,13,8,第一金-台中,2024-08-07,5382
2812,台中銀,8,0,8,第一金-台中,2024-08-07,5382
4540,全球傳動,9,1,8,第一金-台中,2024-08-07,5382
2801,彰銀,10,2,8,第一金-台中,2024-08-07,5382
2834,臺企銀,170,0,170,第一金-台中,2024-08-08,5382
00878,國泰永續高股息,80,0,80,第一金-台中,2024-08-08,5382
6603,富強鑫,60,0,60,第一金-台中,2024-08-08,5382
00929,復華台灣科技優息,54,1,53,第一金-台中,2024-08-08,5382
00679B,元大美債20年,39,1,38,第一金-台中,2024-08-08,5382
2892,第一金,38,0,38,第一金-台中,2024-08-08,5382
3605,宏致,38,4,34,第一金-台中,2024-08-08,5382
00936,台新永續高息中小,32,0,32,第一金-台中,2024-08-08,5382
0056,元大高股息,34,3,31,第一金-台中,2024-08-08,5382
1529,樂事綠能,30,0,30,第一金-台中,2024-08-08,5382
4513,福裕,37,7,30,第一金-台中,2024-08-08,5382
00937B,群益ESG投等債20,23,0,23,第一金-台中,2024-08-08,5382
2886,兆豐金,23,0,23,第一金-台中,2024-08-08,5382
2888,新光金,20,0,20,第一金-台中,2024-08-08,5382
8374,羅昇,40,20,20,第一金-台中,2024-08-08,5382
1609,大亞,32,12,20,第一金-台中,2024-08-08,5382
4128,中天,20,0,20,第一金-台中,2024-08-08,5382
3047,訊舟,49,33,16,第一金-台中,2024-08-08,5382
00905,FT臺灣Smart,14,0,14,第一金-台中,2024-08-08,5382
00687B,國泰20年美債,23,9,14,第一金-台中,2024-08-08,5382
6223,旺矽,15,1,14,第一金-台中,2024-08-08,5382
6505,台塑化,14,0,14,第一金-台中,2024-08-08,5382
00927,群益半導體收益,13,0,13,第一金-台中,2024-08-08,5382
2417,圓剛,40,27,13,第一金-台中,2024-08-08,5382
2409,友達,33,21,12,第一金-台中,2024-08-08,5382
2376,技嘉,14,3,11,第一金-台中,2024-08-08,5382
5443,均豪,11,0,11,第一金-台中,2024-08-08,5382
00919,群益台灣精選高息,13,3,10,第一金-台中,2024-08-08,5382
9906,欣巴巴,25,15,10,第一金-台中,2024-08-08,5382
00795B,中信美國公債20年,10,0,10,第一金-台中,2024-08-08,5382
1316,上曜,20,10,10,第一金-台中,2024-08-08,5382
4909,新復興,16,6,10,第一金-台中,2024-08-08,5382
5465,富驊,10,0,10,第一金-台中,2024-08-08,5382
8011,台通,10,0,10,第一金-台中,2024-08-08,5382
1536,和大,11,2,9,第一金-台中,2024-08-08,5382
00642U,期元大S＆P石油,8,0,8,第一金-台中,2024-08-08,5382
3374,精材,21,14,7,第一金-台中,2024-08-08,5382
00881,國泰台灣5G+,7,0,7,第一金-台中,2024-08-08,5382
2618,長榮航,9,2,7,第一金-台中,2024-08-08,5382
3231,緯創,9,2,7,第一金-台中,2024-08-08,5382
00830,國泰費城半導體,6,0,6,第一金-台中,2024-08-08,5382
2313,華通,6,0,6,第一金-台中,2024-08-08,5382
2344,華邦電,7,1,6,第一金-台中,2024-08-08,5382
3037,欣興,6,0,6,第一金-台中,2024-08-08,5382
3406,玉晶光,8,2,6,第一金-台中,2024-08-08,5382
4510,高鋒,44,38,6,第一金-台中,2024-08-08,5382
8096,擎亞,7,1,6,第一金-台中,2024-08-08,5382
2528,皇普,5,0,5,第一金-台中,2024-08-08,5382
00680L,元大美債20正2,5,0,5,第一金-台中,2024-08-08,5382
1712,興農,5,0,5,第一金-台中,2024-08-08,5382
5351,鈺創,452,6,446,第一金-台中,2024-08-09,5382
00937B,群益ESG投等債20,450,11,439,第一金-台中,2024-08-09,5382
00679B,元大美債20年,264,95,169,第一金-台中,2024-08-09,5382
2062,橋椿,113,7,106,第一金-台中,2024-08-09,5382
2365,昆盈,122,55,67,第一金-台中,2024-08-09,5382
2392,正崴,68,5,63,第一金-台中,2024-08-09,5382
2323,中環,60,0,60,第一金-台中,2024-08-09,5382
2609,陽明,89,42,47,第一金-台中,2024-08-09,5382
3583,辛耘,58,12,46,第一金-台中,2024-08-09,5382
2359,所羅門,75,33,42,第一金-台中,2024-08-09,5382
3450,聯鈞,60,20,40,第一金-台中,2024-08-09,5382
4510,高鋒,21,0,21,第一金-台中,2024-08-09,5382
6770,力積電,24,3,21,第一金-台中,2024-08-09,5382
00664R,國泰臺灣加權反1,20,0,20,第一金-台中,2024-08-09,5382
2641,正德,20,0,20,第一金-台中,2024-08-09,5382
6215,和椿,80,61,19,第一金-台中,2024-08-09,5382
00929,復華台灣科技優息,54,36,18,第一金-台中,2024-08-09,5382
1514,亞力,21,5,16,第一金-台中,2024-08-09,5382
1810,和成,14,1,13,第一金-台中,2024-08-09,5382
00919,群益台灣精選高息,34,21,13,第一金-台中,2024-08-09,5382
00688L,國泰20年美債正2,12,0,12,第一金-台中,2024-08-09,5382
00720B,元大投資級公司債,11,0,11,第一金-台中,2024-08-09,5382
00795B,中信美國公債20年,11,0,11,第一金-台中,2024-08-09,5382
2374,佳能,11,0,11,第一金-台中,2024-08-09,5382
2528,皇普,11,0,11,第一金-台中,2024-08-09,5382
3188,鑫龍騰,11,0,11,第一金-台中,2024-08-09,5382
5880,合庫金,18,7,11,第一金-台中,2024-08-09,5382
1609,大亞,32,21,11,第一金-台中,2024-08-09,5382
3293,鈊象,14,3,11,第一金-台中,2024-08-09,5382
2489,瑞軒,23,13,10,第一金-台中,2024-08-09,5382
00948B,中信優息投資級債,10,0,10,第一金-台中,2024-08-09,5382
1720,生達,10,0,10,第一金-台中,2024-08-09,5382
2049,上銀,10,0,10,第一金-台中,2024-08-09,5382
2102,泰豐,10,0,10,第一金-台中,2024-08-09,5382
3048,益登,45,35,10,第一金-台中,2024-08-09,5382
1540,喬福,9,0,9,第一金-台中,2024-08-09,5382
9935,慶豐富,9,0,9,第一金-台中,2024-08-09,5382
0056,元大高股息,12,4,8,第一金-台中,2024-08-09,5382
00642U,期元大S＆P石油,8,0,8,第一金-台中,2024-08-09,5382
3715,定穎投控,9,1,8,第一金-台中,2024-08-09,5382
00706L,期元大S＆P日圓正2,7,0,7,第一金-台中,2024-08-09,5382
2834,臺企銀,10,3,7,第一金-台中,2024-08-09,5382
3162,精確,11,4,7,第一金-台中,2024-08-09,5382
3703,欣陸,7,0,7,第一金-台中,2024-08-09,5382
2317,鴻海,31,24,7,第一金-台中,2024-08-09,5382
2892,第一金,9,3,6,第一金-台中,2024-08-09,5382
1503,士電,42,36,6,第一金-台中,2024-08-09,5382
1785,光洋科,11,5,6,第一金-台中,2024-08-09,5382
4540,全球傳動,6,0,6,第一金-台中,2024-08-09,5382
00931B,統一美債20年,8,2,6,第一金-台中,2024-08-09,5382
2888,新光金,24213,54,24159,第一金-台中,2024-08-12,5382
00680L,元大美債20正2,230,20,210,第一金-台中,2024-08-12,5382
1457,宜進,200,0,200,第一金-台中,2024-08-12,5382
3481,群創,312,228,84,第一金-台中,2024-08-12,5382
00632R,元大台灣50反1,81,0,81,第一金-台中,2024-08-12,5382
3105,穩懋,76,0,76,第一金-台中,2024-08-12,5382
00937B,群益ESG投等債20,73,3,70,第一金-台中,2024-08-12,5382
00933B,國泰10Y+金融債,66,3,63,第一金-台中,2024-08-12,5382
00687B,國泰20年美債,58,0,58,第一金-台中,2024-08-12,5382
4563,百德,53,2,51,第一金-台中,2024-08-12,5382
1314,中石化,44,0,44,第一金-台中,2024-08-12,5382
00929,復華台灣科技優息,51,10,41,第一金-台中,2024-08-12,5382
4541,晟田,40,0,40,第一金-台中,2024-08-12,5382
2312,金寶,72,43,29,第一金-台中,2024-08-12,5382
1446,宏和,20,0,20,第一金-台中,2024-08-12,5382
4576,大銀微系統,20,0,20,第一金-台中,2024-08-12,5382
5309,系統電,20,1,19,第一金-台中,2024-08-12,5382
5531,鄉林,20,1,19,第一金-台中,2024-08-12,5382
2515,中工,18,0,18,第一金-台中,2024-08-12,5382
0050,元大台灣50,23,5,18,第一金-台中,2024-08-12,5382
00900,富邦特選高股息30,17,0,17,第一金-台中,2024-08-12,5382
8374,羅昇,19,3,16,第一金-台中,2024-08-12,5382
3167,大量,31,15,16,第一金-台中,2024-08-12,5382
1597,直得,27,12,15,第一金-台中,2024-08-12,5382
2520,冠德,35,20,15,第一金-台中,2024-08-12,5382
3583,辛耘,36,21,15,第一金-台中,2024-08-12,5382
2476,鉅祥,16,2,14,第一金-台中,2024-08-12,5382
2610,華航,13,0,13,第一金-台中,2024-08-12,5382
1615,大山,16,3,13,第一金-台中,2024-08-12,5382
6187,萬潤,24,12,12,第一金-台中,2024-08-12,5382
00688L,國泰20年美債正2,11,0,11,第一金-台中,2024-08-12,5382
3535,晶彩科,15,4,11,第一金-台中,2024-08-12,5382
6104,創惟,11,0,11,第一金-台中,2024-08-12,5382
2883,凱基金,10,0,10,第一金-台中,2024-08-12,5382
00664R,國泰臺灣加權反1,10,0,10,第一金-台中,2024-08-12,5382
2492,華新科,10,0,10,第一金-台中,2024-08-12,5382
4127,天良,10,0,10,第一金-台中,2024-08-12,5382
5452,佶優,10,0,10,第一金-台中,2024-08-12,5382
6219,富旺,10,0,10,第一金-台中,2024-08-12,5382
6576,逸達,10,0,10,第一金-台中,2024-08-12,5382
2409,友達,9,0,9,第一金-台中,2024-08-12,5382
00931B,統一美債20年,10,1,9,第一金-台中,2024-08-12,5382
3518,柏騰,10,1,9,第一金-台中,2024-08-12,5382
4513,福裕,10,2,8,第一金-台中,2024-08-12,5382
2330,台積電,19,11,8,第一金-台中,2024-08-12,5382
3661,世芯-KY,8,0,8,第一金-台中,2024-08-12,5382
00795B,中信美國公債20年,12,4,8,第一金-台中,2024-08-12,5382
2464,盟立,41,33,8,第一金-台中,2024-08-12,5382
1513,中興電,13,6,7,第一金-台中,2024-08-12,5382
2344,華邦電,8,1,7,第一金-台中,2024-08-12,5382
2888,新光金,4242,45,4197,第一金-台中,2024-08-13,5382
5443,均豪,103,41,62,第一金-台中,2024-08-13,5382
8071,能率網通,56,9,47,第一金-台中,2024-08-13,5382
00632R,元大台灣50反1,46,0,46,第一金-台中,2024-08-13,5382
00679B,元大美債20年,34,0,34,第一金-台中,2024-08-13,5382
2609,陽明,36,5,31,第一金-台中,2024-08-13,5382
3413,京鼎,31,0,31,第一金-台中,2024-08-13,5382
3498,陽程,30,1,29,第一金-台中,2024-08-13,5382
2880,華南金,27,0,27,第一金-台中,2024-08-13,5382
00907,永豐優息存股,27,0,27,第一金-台中,2024-08-13,5382
00878,國泰永續高股息,28,2,26,第一金-台中,2024-08-13,5382
00919,群益台灣精選高息,26,5,21,第一金-台中,2024-08-13,5382
2615,萬海,70,50,20,第一金-台中,2024-08-13,5382
2409,友達,20,0,20,第一金-台中,2024-08-13,5382
2365,昆盈,59,39,20,第一金-台中,2024-08-13,5382
2504,國產,20,0,20,第一金-台中,2024-08-13,5382
00929,復華台灣科技優息,26,7,19,第一金-台中,2024-08-13,5382
2892,第一金,19,0,19,第一金-台中,2024-08-13,5382
1536,和大,36,17,19,第一金-台中,2024-08-13,5382
00688L,國泰20年美債正2,16,0,16,第一金-台中,2024-08-13,5382
3167,大量,35,19,16,第一金-台中,2024-08-13,5382
3583,辛耘,37,21,16,第一金-台中,2024-08-13,5382
2867,三商壽,15,0,15,第一金-台中,2024-08-13,5382
00687B,國泰20年美債,14,0,14,第一金-台中,2024-08-13,5382
5525,順天,14,0,14,第一金-台中,2024-08-13,5382
2891,中信金,14,1,13,第一金-台中,2024-08-13,5382
00931B,統一美債20年,13,0,13,第一金-台中,2024-08-13,5382
4979,華星光,13,1,12,第一金-台中,2024-08-13,5382
2886,兆豐金,12,0,12,第一金-台中,2024-08-13,5382
00937B,群益ESG投等債20,11,0,11,第一金-台中,2024-08-13,5382
1584,精剛,14,3,11,第一金-台中,2024-08-13,5382
00927,群益半導體收益,10,0,10,第一金-台中,2024-08-13,5382
4541,晟田,10,0,10,第一金-台中,2024-08-13,5382
5522,遠雄,10,0,10,第一金-台中,2024-08-13,5382
2801,彰銀,12,3,9,第一金-台中,2024-08-13,5382
6957,裕慶-KY,9,0,9,第一金-台中,2024-08-13,5382
8054,安國,15,6,9,第一金-台中,2024-08-13,5382
1325,恆大,8,0,8,第一金-台中,2024-08-13,5382
1597,直得,14,6,8,第一金-台中,2024-08-13,5382
2312,金寶,19,11,8,第一金-台中,2024-08-13,5382
4562,穎漢,35,27,8,第一金-台中,2024-08-13,5382
8103,瀚荃,8,0,8,第一金-台中,2024-08-13,5382
00881,國泰台灣5G+,7,0,7,第一金-台中,2024-08-13,5382
3037,欣興,9,2,7,第一金-台中,2024-08-13,5382
1301,台塑,8,1,7,第一金-台中,2024-08-13,5382
00933B,國泰10Y+金融債,7,0,7,第一金-台中,2024-08-13,5382
1314,中石化,7,0,7,第一金-台中,2024-08-13,5382
8011,台通,6,0,6,第一金-台中,2024-08-13,5382
2383,台光電,9,4,5,第一金-台中,2024-08-13,5382
0056,元大高股息,7,2,5,第一金-台中,2024-08-13,5382
00679B,元大美債20年,65,0,65,第一金-台中,2024-08-14,5382
00632R,元大台灣50反1,90,46,44,第一金-台中,2024-08-14,5382
3583,辛耘,69,25,44,第一金-台中,2024-08-14,5382
00688L,國泰20年美債正2,40,0,40,第一金-台中,2024-08-14,5382
00929,復華台灣科技優息,50,10,40,第一金-台中,2024-08-14,5382
2317,鴻海,54,17,37,第一金-台中,2024-08-14,5382
3481,群創,81,48,33,第一金-台中,2024-08-14,5382
00706L,期元大S＆P日圓正2,28,0,28,第一金-台中,2024-08-14,5382
3580,友威科,31,3,28,第一金-台中,2024-08-14,5382
9902,台火,26,0,26,第一金-台中,2024-08-14,5382
3535,晶彩科,57,33,24,第一金-台中,2024-08-14,5382
4566,時碩工業,51,27,24,第一金-台中,2024-08-14,5382
4561,健椿,32,11,21,第一金-台中,2024-08-14,5382
4562,穎漢,59,39,20,第一金-台中,2024-08-14,5382
00900,富邦特選高股息30,25,5,20,第一金-台中,2024-08-14,5382
1309,台達化,20,0,20,第一金-台中,2024-08-14,5382
4555,氣立,22,2,20,第一金-台中,2024-08-14,5382
4563,百德,71,52,19,第一金-台中,2024-08-14,5382
2349,錸德,18,0,18,第一金-台中,2024-08-14,5382
00918,大華優利高填息30,27,10,17,第一金-台中,2024-08-14,5382
1101,台泥,16,1,15,第一金-台中,2024-08-14,5382
1570,力肯,15,1,14,第一金-台中,2024-08-14,5382
2356,英業達,29,15,14,第一金-台中,2024-08-14,5382
2359,所羅門,44,30,14,第一金-台中,2024-08-14,5382
00931B,統一美債20年,13,1,12,第一金-台中,2024-08-14,5382
2880,華南金,12,0,12,第一金-台中,2024-08-14,5382
4127,天良,12,0,12,第一金-台中,2024-08-14,5382
00751B,元大AAA至A公司債,11,0,11,第一金-台中,2024-08-14,5382
1215,卜蜂,10,0,10,第一金-台中,2024-08-14,5382
00687B,國泰20年美債,32,22,10,第一金-台中,2024-08-14,5382
2014,中鴻,10,0,10,第一金-台中,2024-08-14,5382
2492,華新科,10,0,10,第一金-台中,2024-08-14,5382
2515,中工,10,0,10,第一金-台中,2024-08-14,5382
2851,中再保,10,0,10,第一金-台中,2024-08-14,5382
4726,永昕,10,0,10,第一金-台中,2024-08-14,5382
1609,大亞,10,0,10,第一金-台中,2024-08-14,5382
6788,華景電,10,0,10,第一金-台中,2024-08-14,5382
8096,擎亞,16,7,9,第一金-台中,2024-08-14,5382
4968,立積,10,1,9,第一金-台中,2024-08-14,5382
9105,泰金寶-DR,9,1,8,第一金-台中,2024-08-14,5382
8103,瀚荃,17,10,7,第一金-台中,2024-08-14,5382
00764B,群益25年美債,7,0,7,第一金-台中,2024-08-14,5382
5534,長虹,7,0,7,第一金-台中,2024-08-14,5382
2603,長榮,18,12,6,第一金-台中,2024-08-14,5382
00946,群益科技高息成長,6,0,6,第一金-台中,2024-08-14,5382
2002,中鋼,12,6,6,第一金-台中,2024-08-14,5382
2611,志信,6,0,6,第一金-台中,2024-08-14,5382
3581,博磊,11,5,6,第一金-台中,2024-08-14,5382
2615,萬海,8,2,6,第一金-台中,2024-08-14,5382
00664R,國泰臺灣加權反1,5,0,5,第一金-台中,2024-08-14,5382
00900,富邦特選高股息30,142,0,142,第一金-台中,2024-08-15,5382
00679B,元大美債20年,115,8,107,第一金-台中,2024-08-15,5382
00687B,國泰20年美債,100,4,96,第一金-台中,2024-08-15,5382
2062,橋椿,84,8,76,第一金-台中,2024-08-15,5382
00688L,國泰20年美債正2,78,15,63,第一金-台中,2024-08-15,5382
6532,瑞耘,31,0,31,第一金-台中,2024-08-15,5382
00881,國泰台灣5G+,26,0,26,第一金-台中,2024-08-15,5382
2002,中鋼,28,3,25,第一金-台中,2024-08-15,5382
00795B,中信美國公債20年,22,0,22,第一金-台中,2024-08-15,5382
00948B,中信優息投資級債,21,0,21,第一金-台中,2024-08-15,5382
5871,中租-KY,40,20,20,第一金-台中,2024-08-15,5382
4513,福裕,20,0,20,第一金-台中,2024-08-15,5382
2312,金寶,23,6,17,第一金-台中,2024-08-15,5382
00934,中信成長高股息,16,0,16,第一金-台中,2024-08-15,5382
1708,東鹼,19,4,15,第一金-台中,2024-08-15,5382
2317,鴻海,32,18,14,第一金-台中,2024-08-15,5382
00944,野村趨勢動能高息,12,0,12,第一金-台中,2024-08-15,5382
1712,興農,12,0,12,第一金-台中,2024-08-15,5382
3019,亞光,38,26,12,第一金-台中,2024-08-15,5382
1325,恆大,13,3,10,第一金-台中,2024-08-15,5382
2397,友通,13,3,10,第一金-台中,2024-08-15,5382
5522,遠雄,10,0,10,第一金-台中,2024-08-15,5382
8473,山林水,10,0,10,第一金-台中,2024-08-15,5382
3715,定穎投控,19,10,9,第一金-台中,2024-08-15,5382
00932,兆豐永續高息等權,9,0,9,第一金-台中,2024-08-15,5382
2524,京城,10,1,9,第一金-台中,2024-08-15,5382
3013,晟銘電,17,8,9,第一金-台中,2024-08-15,5382
2891,中信金,9,1,8,第一金-台中,2024-08-15,5382
1732,毛寶,10,3,7,第一金-台中,2024-08-15,5382
2834,臺企銀,7,0,7,第一金-台中,2024-08-15,5382
3228,金麗科,10,3,7,第一金-台中,2024-08-15,5382
2892,第一金,6,0,6,第一金-台中,2024-08-15,5382
2543,皇昌,6,0,6,第一金-台中,2024-08-15,5382
2883,凱基金,6,0,6,第一金-台中,2024-08-15,5382
3663,鑫科,23,17,6,第一金-台中,2024-08-15,5382
6133,金橋,9,3,6,第一金-台中,2024-08-15,5382
8105,凌巨,6,0,6,第一金-台中,2024-08-15,5382
8107,大億金茂,6,0,6,第一金-台中,2024-08-15,5382
00929,復華台灣科技優息,19,14,5,第一金-台中,2024-08-15,5382
2363,矽統,5,0,5,第一金-台中,2024-08-15,5382
1608,華榮,5,0,5,第一金-台中,2024-08-15,5382
2355,敬鵬,5,0,5,第一金-台中,2024-08-15,5382
3167,大量,12,7,5,第一金-台中,2024-08-15,5382
5011,久陽,31,26,5,第一金-台中,2024-08-15,5382
6152,百一,8,3,5,第一金-台中,2024-08-15,5382
8027,鈦昇,5,0,5,第一金-台中,2024-08-15,5382
2486,一詮,6,1,5,第一金-台中,2024-08-15,5382
2887,台新金,4,0,4,第一金-台中,2024-08-15,5382
2356,英業達,5,1,4,第一金-台中,2024-08-15,5382
2365,昆盈,49,45,4,第一金-台中,2024-08-15,5382
2845,遠東銀,499,0,499,第一金-台中,2024-08-16,5382
00632R,元大台灣50反1,206,0,206,第一金-台中,2024-08-16,5382
6770,力積電,200,0,200,第一金-台中,2024-08-16,5382
00687B,國泰20年美債,112,1,111,第一金-台中,2024-08-16,5382
00795B,中信美國公債20年,82,0,82,第一金-台中,2024-08-16,5382
5443,均豪,113,71,42,第一金-台中,2024-08-16,5382
2609,陽明,42,3,39,第一金-台中,2024-08-16,5382
00680L,元大美債20正2,36,6,30,第一金-台中,2024-08-16,5382
2367,燿華,30,0,30,第一金-台中,2024-08-16,5382
00931B,統一美債20年,26,0,26,第一金-台中,2024-08-16,5382
1732,毛寶,25,0,25,第一金-台中,2024-08-16,5382
1325,恆大,28,6,22,第一金-台中,2024-08-16,5382
8011,台通,22,0,22,第一金-台中,2024-08-16,5382
2363,矽統,59,38,21,第一金-台中,2024-08-16,5382
2359,所羅門,72,52,20,第一金-台中,2024-08-16,5382
1309,台達化,20,1,19,第一金-台中,2024-08-16,5382
2002,中鋼,22,3,19,第一金-台中,2024-08-16,5382
3167,大量,43,25,18,第一金-台中,2024-08-16,5382
4549,桓達,20,5,15,第一金-台中,2024-08-16,5382
2409,友達,37,24,13,第一金-台中,2024-08-16,5382
3049,精金,16,4,12,第一金-台中,2024-08-16,5382
3518,柏騰,16,4,12,第一金-台中,2024-08-16,5382
4561,健椿,17,6,11,第一金-台中,2024-08-16,5382
2884,玉山金,10,0,10,第一金-台中,2024-08-16,5382
1301,台塑,12,2,10,第一金-台中,2024-08-16,5382
4906,正文,10,0,10,第一金-台中,2024-08-16,5382
00645,富邦日本,10,0,10,第一金-台中,2024-08-16,5382
2025,千興,10,0,10,第一金-台中,2024-08-16,5382
2489,瑞軒,17,7,10,第一金-台中,2024-08-16,5382
2881A,富邦特,10,0,10,第一金-台中,2024-08-16,5382
3437,榮創,15,5,10,第一金-台中,2024-08-16,5382
8043,蜜望實,18,8,10,第一金-台中,2024-08-16,5382
8477,創業家,12,2,10,第一金-台中,2024-08-16,5382
9935,慶豐富,12,2,10,第一金-台中,2024-08-16,5382
4566,時碩工業,50,41,9,第一金-台中,2024-08-16,5382
8111,立��,9,0,9,第一金-台中,2024-08-16,5382
6187,萬潤,26,17,9,第一金-台中,2024-08-16,5382
00940,元大台灣價值高息,12,5,7,第一金-台中,2024-08-16,5382
00664R,國泰臺灣加權反1,7,0,7,第一金-台中,2024-08-16,5382
1449,佳和,7,0,7,第一金-台中,2024-08-16,5382
00937B,群益ESG投等債20,12,6,6,第一金-台中,2024-08-16,5382
2618,長榮航,10,4,6,第一金-台中,2024-08-16,5382
5309,系統電,8,2,6,第一金-台中,2024-08-16,5382
6443,元晶,6,0,6,第一金-台中,2024-08-16,5382
00878,國泰永續高股息,15,9,6,第一金-台中,2024-08-16,5382
00946,群益科技高息成長,5,0,5,第一金-台中,2024-08-16,5382
00933B,國泰10Y+金融債,5,0,5,第一金-台中,2024-08-16,5382
00715L,期街口布蘭特正2,5,0,5,第一金-台中,2024-08-16,5382
1310,台苯,5,0,5,第一金-台中,2024-08-16,5382
2867,三商壽,5,0,5,第一金-台中,2024-08-16,5382
2371,大同,2031,0,2031,第一金-台中,2024-08-19,5382
2888,新光金,205,37,168,第一金-台中,2024-08-19,5382
8064,東捷,136,15,121,第一金-台中,2024-08-19,5382
00929,復華台灣科技優息,126,7,119,第一金-台中,2024-08-19,5382
5521,工信,89,0,89,第一金-台中,2024-08-19,5382
2374,佳能,94,7,87,第一金-台中,2024-08-19,5382
00687B,國泰20年美債,83,0,83,第一金-台中,2024-08-19,5382
2489,瑞軒,57,21,36,第一金-台中,2024-08-19,5382
00795B,中信美國公債20年,35,0,35,第一金-台中,2024-08-19,5382
00937B,群益ESG投等債20,35,0,35,第一金-台中,2024-08-19,5382
2377,微星,30,1,29,第一金-台中,2024-08-19,5382
00679B,元大美債20年,30,3,27,第一金-台中,2024-08-19,5382
4541,晟田,25,0,25,第一金-台中,2024-08-19,5382
5484,慧友,25,0,25,第一金-台中,2024-08-19,5382
00907,永豐優息存股,24,0,24,第一金-台中,2024-08-19,5382
00936,台新永續高息中小,25,1,24,第一金-台中,2024-08-19,5382
00712,復華富時不動產,23,0,23,第一金-台中,2024-08-19,5382
2609,陽明,28,7,21,第一金-台中,2024-08-19,5382
2453,凌群,21,1,20,第一金-台中,2024-08-19,5382
00940,元大台灣價值高息,20,0,20,第一金-台中,2024-08-19,5382
2023,燁輝,20,0,20,第一金-台中,2024-08-19,5382
3047,訊舟,79,59,20,第一金-台中,2024-08-19,5382
3312,弘憶股,21,1,20,第一金-台中,2024-08-19,5382
3025,星通,20,1,19,第一金-台中,2024-08-19,5382
00919,群益台灣精選高息,18,1,17,第一金-台中,2024-08-19,5382
3056,富華新,17,0,17,第一金-台中,2024-08-19,5382
3490,單井,17,0,17,第一金-台中,2024-08-19,5382
2615,萬海,15,1,14,第一金-台中,2024-08-19,5382
00945B,凱基美國非投等債,12,0,12,第一金-台中,2024-08-19,5382
2102,泰豐,12,0,12,第一金-台中,2024-08-19,5382
2351,順德,11,0,11,第一金-台中,2024-08-19,5382
8374,羅昇,31,20,11,第一金-台中,2024-08-19,5382
3019,亞光,24,13,11,第一金-台中,2024-08-19,5382
00680L,元大美債20正2,10,0,10,第一金-台中,2024-08-19,5382
00931B,統一美債20年,10,0,10,第一金-台中,2024-08-19,5382
5465,富驊,10,0,10,第一金-台中,2024-08-19,5382
6134,萬旭,10,0,10,第一金-台中,2024-08-19,5382
6274,台燿,11,1,10,第一金-台中,2024-08-19,5382
00720B,元大投資級公司債,11,2,9,第一金-台中,2024-08-19,5382
1785,光洋科,16,7,9,第一金-台中,2024-08-19,5382
2002,中鋼,9,0,9,第一金-台中,2024-08-19,5382
4526,東台,16,7,9,第一金-台中,2024-08-19,5382
6937,天虹,11,2,9,第一金-台中,2024-08-19,5382
00948B,中信優息投資級債,8,0,8,第一金-台中,2024-08-19,5382
6838,台新藥,8,0,8,第一金-台中,2024-08-19,5382
2891,中信金,11,4,7,第一金-台中,2024-08-19,5382
3023,信邦,7,0,7,第一金-台中,2024-08-19,5382
00696B,富邦美債20年,7,0,7,第一金-台中,2024-08-19,5382
00933B,國泰10Y+金融債,16,10,6,第一金-台中,2024-08-19,5382
2867,三商壽,6,0,6,第一金-台中,2024-08-19,5382
2354,鴻準,94,23,71,第一金-台中,2024-08-20,5382
00882,中信中國高股息,64,4,60,第一金-台中,2024-08-20,5382
00687B,國泰20年美債,67,8,59,第一金-台中,2024-08-20,5382
8091,翔名,54,0,54,第一金-台中,2024-08-20,5382
00715L,期街口布蘭特正2,45,0,45,第一金-台中,2024-08-20,5382
00632R,元大台灣50反1,39,0,39,第一金-台中,2024-08-20,5382
8101,華冠,41,2,39,第一金-台中,2024-08-20,5382
00679B,元大美債20年,36,0,36,第一金-台中,2024-08-20,5382
2356,英業達,48,13,35,第一金-台中,2024-08-20,5382
00929,復華台灣科技優息,37,3,34,第一金-台中,2024-08-20,5382
3379,彬台,40,7,33,第一金-台中,2024-08-20,5382
00937B,群益ESG投等債20,36,5,31,第一金-台中,2024-08-20,5382
1527,鑽全,32,3,29,第一金-台中,2024-08-20,5382
2233,宇隆,30,1,29,第一金-台中,2024-08-20,5382
8107,大億金茂,26,0,26,第一金-台中,2024-08-20,5382
8028,昇陽半導體,42,16,26,第一金-台中,2024-08-20,5382
1785,光洋科,44,21,23,第一金-台中,2024-08-20,5382
4564,元翎,32,9,23,第一金-台中,2024-08-20,5382
2317,鴻海,45,23,22,第一金-台中,2024-08-20,5382
3073,天方能源,20,0,20,第一金-台中,2024-08-20,5382
6125,廣運,36,16,20,第一金-台中,2024-08-20,5382
2062,橋椿,26,7,19,第一金-台中,2024-08-20,5382
4128,中天,17,0,17,第一金-台中,2024-08-20,5382
6274,台燿,16,0,16,第一金-台中,2024-08-20,5382
2915,潤泰全,15,0,15,第一金-台中,2024-08-20,5382
1326,台化,14,0,14,第一金-台中,2024-08-20,5382
5484,慧友,49,37,12,第一金-台中,2024-08-20,5382
2392,正崴,15,3,12,第一金-台中,2024-08-20,5382
3260,威剛,12,0,12,第一金-台中,2024-08-20,5382
4979,華星光,12,0,12,第一金-台中,2024-08-20,5382
5443,均豪,88,77,11,第一金-台中,2024-08-20,5382
00878,國泰永續高股息,14,3,11,第一金-台中,2024-08-20,5382
2367,燿華,31,20,11,第一金-台中,2024-08-20,5382
2515,中工,13,2,11,第一金-台中,2024-08-20,5382
8112,至上,11,0,11,第一金-台中,2024-08-20,5382
00931B,統一美債20年,10,0,10,第一金-台中,2024-08-20,5382
00712,復華富時不動產,10,0,10,第一金-台中,2024-08-20,5382
2034,允強,10,0,10,第一金-台中,2024-08-20,5382
4510,高鋒,10,0,10,第一金-台中,2024-08-20,5382
5426,振發,10,0,10,第一金-台中,2024-08-20,5382
8021,尖點,10,0,10,第一金-台中,2024-08-20,5382
3293,鈊象,10,0,10,第一金-台中,2024-08-20,5382
1316,上曜,13,4,9,第一金-台中,2024-08-20,5382
2609,陽明,13,4,9,第一金-台中,2024-08-20,5382
8240,華宏,9,0,9,第一金-台中,2024-08-20,5382
2002,中鋼,8,0,8,第一金-台中,2024-08-20,5382
3363,上詮,13,5,8,第一金-台中,2024-08-20,5382
1810,和成,8,0,8,第一金-台中,2024-08-20,5382
4977,眾達-KY,8,0,8,第一金-台中,2024-08-20,5382
00795B,中信美國公債20年,7,0,7,第一金-台中,2024-08-20,5382
3363,上詮,156,11,145,第一金-台中,2024-08-21,5382
2891,中信金,121,1,120,第一金-台中,2024-08-21,5382
8096,擎亞,62,18,44,第一金-台中,2024-08-21,5382
3047,訊舟,102,71,31,第一金-台中,2024-08-21,5382
4908,前鼎,43,12,31,第一金-台中,2024-08-21,5382
6156,松上,31,0,31,第一金-台中,2024-08-21,5382
3163,波若威,87,60,27,第一金-台中,2024-08-21,5382
2356,英業達,26,1,25,第一金-台中,2024-08-21,5382
6606,建德工業,25,0,25,第一金-台中,2024-08-21,5382
3707,漢磊,25,1,24,第一金-台中,2024-08-21,5382
00687B,國泰20年美債,24,2,22,第一金-台中,2024-08-21,5382
3518,柏騰,42,21,21,第一金-台中,2024-08-21,5382
4541,晟田,21,0,21,第一金-台中,2024-08-21,5382
5905,南仁湖,64,44,20,第一金-台中,2024-08-21,5382
00945B,凱基美國非投等債,20,0,20,第一金-台中,2024-08-21,5382
2312,金寶,50,30,20,第一金-台中,2024-08-21,5382
00937B,群益ESG投等債20,21,2,19,第一金-台中,2024-08-21,5382
8107,大億金茂,16,2,14,第一金-台中,2024-08-21,5382
00923,群益台ESG低碳50,13,0,13,第一金-台中,2024-08-21,5382
1785,光洋科,41,28,13,第一金-台中,2024-08-21,5382
6133,金橋,13,0,13,第一金-台中,2024-08-21,5382
3711,日月光投控,14,1,13,第一金-台中,2024-08-21,5382
2317,鴻海,20,8,12,第一金-台中,2024-08-21,5382
4563,百德,13,1,12,第一金-台中,2024-08-21,5382
8064,東捷,15,3,12,第一金-台中,2024-08-21,5382
2371,大同,11,0,11,第一金-台中,2024-08-21,5382
2867,三商壽,17,6,11,第一金-台中,2024-08-21,5382
4533,協易機,12,1,11,第一金-台中,2024-08-21,5382
6207,雷科,20,9,11,第一金-台中,2024-08-21,5382
9938,百和,11,1,10,第一金-台中,2024-08-21,5382
00918,大華優利高填息30,10,0,10,第一金-台中,2024-08-21,5382
00919,群益台灣精選高息,11,1,10,第一金-台中,2024-08-21,5382
3645,達邁,18,8,10,第一金-台中,2024-08-21,5382
6443,元晶,10,0,10,第一金-台中,2024-08-21,5382
1513,中興電,19,10,9,第一金-台中,2024-08-21,5382
1608,華榮,9,0,9,第一金-台中,2024-08-21,5382
8104,錸寶,21,12,9,第一金-台中,2024-08-21,5382
3712,永崴投控,9,1,8,第一金-台中,2024-08-21,5382
2890,永豐金,8,0,8,第一金-台中,2024-08-21,5382
4513,福裕,8,0,8,第一金-台中,2024-08-21,5382
2349,錸德,21,13,8,第一金-台中,2024-08-21,5382
00878,國泰永續高股息,8,1,7,第一金-台中,2024-08-21,5382
3122,笙泉,8,1,7,第一金-台中,2024-08-21,5382
4555,氣立,14,7,7,第一金-台中,2024-08-21,5382
8054,安國,13,6,7,第一金-台中,2024-08-21,5382
2542,興富發,10,4,6,第一金-台中,2024-08-21,5382
2449,京元電子,8,2,6,第一金-台中,2024-08-21,5382
2489,瑞軒,6,0,6,第一金-台中,2024-08-21,5382
2498,宏達電,6,0,6,第一金-台中,2024-08-21,5382
9955,佳龍,17,11,6,第一金-台中,2024-08-21,5382
3615,安可,50,0,50,第一金-台中,2024-08-22,5382
2891,中信金,40,3,37,第一金-台中,2024-08-22,5382
1609,大亞,33,2,31,第一金-台中,2024-08-22,5382
00715L,期街口布蘭特正2,31,0,31,第一金-台中,2024-08-22,5382
1737,臺鹽,30,1,29,第一金-台中,2024-08-22,5382
2409,友達,67,41,26,第一金-台中,2024-08-22,5382
2363,矽統,37,15,22,第一金-台中,2024-08-22,5382
3686,達能,20,0,20,第一金-台中,2024-08-22,5382
4564,元翎,20,0,20,第一金-台中,2024-08-22,5382
8039,台虹,42,22,20,第一金-台中,2024-08-22,5382
2890,永豐金,20,0,20,第一金-台中,2024-08-22,5382
3047,訊舟,36,17,19,第一金-台中,2024-08-22,5382
4755,三福化,21,2,19,第一金-台中,2024-08-22,5382
5525,順天,19,0,19,第一金-台中,2024-08-22,5382
8096,擎亞,81,62,19,第一金-台中,2024-08-22,5382
1727,中華化,20,2,18,第一金-台中,2024-08-22,5382
1314,中石化,17,1,16,第一金-台中,2024-08-22,5382
2349,錸德,89,74,15,第一金-台中,2024-08-22,5382
3163,波若威,24,10,14,第一金-台中,2024-08-22,5382
4303,信立,17,3,14,第一金-台中,2024-08-22,5382
2359,所羅門,17,5,12,第一金-台中,2024-08-22,5382
00919,群益台灣精選高息,14,2,12,第一金-台中,2024-08-22,5382
00923,群益台ESG低碳50,11,0,11,第一金-台中,2024-08-22,5382
2467,志聖,11,0,11,第一金-台中,2024-08-22,5382
3303,岱稜,11,0,11,第一金-台中,2024-08-22,5382
3518,柏騰,80,69,11,第一金-台中,2024-08-22,5382
2886,兆豐金,11,0,11,第一金-台中,2024-08-22,5382
5443,均豪,30,20,10,第一金-台中,2024-08-22,5382
00679B,元大美債20年,10,0,10,第一金-台中,2024-08-22,5382
00900,富邦特選高股息30,10,0,10,第一金-台中,2024-08-22,5382
00650L,復華香港正2,10,0,10,第一金-台中,2024-08-22,5382
1309,台達化,10,0,10,第一金-台中,2024-08-22,5382
2312,金寶,15,5,10,第一金-台中,2024-08-22,5382
2328,廣宇,10,0,10,第一金-台中,2024-08-22,5382
2371,大同,12,2,10,第一金-台中,2024-08-22,5382
2882A,國泰特,10,0,10,第一金-台中,2024-08-22,5382
3073,天方能源,17,7,10,第一金-台中,2024-08-22,5382
3702A,大聯大甲特,10,0,10,第一金-台中,2024-08-22,5382
6179,亞通,10,0,10,第一金-台中,2024-08-22,5382
1721,三晃,15,6,9,第一金-台中,2024-08-22,5382
2102,泰豐,10,1,9,第一金-台中,2024-08-22,5382
4533,協易機,10,1,9,第一金-台中,2024-08-22,5382
2615,萬海,8,0,8,第一金-台中,2024-08-22,5382
2867,三商壽,11,3,8,第一金-台中,2024-08-22,5382
3060,銘異,14,6,8,第一金-台中,2024-08-22,5382
3086,華義,8,0,8,第一金-台中,2024-08-22,5382
4526,東台,22,14,8,第一金-台中,2024-08-22,5382
1709,和益,8,0,8,第一金-台中,2024-08-22,5382
3711,日月光投控,8,1,7,第一金-台中,2024-08-22,5382
1785,光洋科,12,5,7,第一金-台中,2024-08-22,5382
2371,大同,2605,114,2491,第一金-台中,2024-08-23,5382
00632R,元大台灣50反1,762,49,713,第一金-台中,2024-08-23,5382
5871,中租-KY,300,1,299,第一金-台中,2024-08-23,5382
00712,復華富時不動產,102,0,102,第一金-台中,2024-08-23,5382
8054,安國,76,3,73,第一金-台中,2024-08-23,5382
00937B,群益ESG投等債20,72,0,72,第一金-台中,2024-08-23,5382
00933B,國泰10Y+金融債,70,0,70,第一金-台中,2024-08-23,5382
2349,錸德,113,49,64,第一金-台中,2024-08-23,5382
00687B,國泰20年美債,63,3,60,第一金-台中,2024-08-23,5382
2511,太子,60,0,60,第一金-台中,2024-08-23,5382
6462,神盾,55,0,55,第一金-台中,2024-08-23,5382
00725B,國泰投資級公司債,50,0,50,第一金-台中,2024-08-23,5382
3189,景碩,46,12,34,第一金-台中,2024-08-23,5382
8071,能率網通,47,13,34,第一金-台中,2024-08-23,5382
8028,昇陽半導體,45,23,22,第一金-台中,2024-08-23,5382
5309,系統電,26,5,21,第一金-台中,2024-08-23,5382
3605,宏致,59,38,21,第一金-台中,2024-08-23,5382
2887,台新金,23,3,20,第一金-台中,2024-08-23,5382
00936,台新永續高息中小,20,0,20,第一金-台中,2024-08-23,5382
00679B,元大美債20年,23,3,20,第一金-台中,2024-08-23,5382
1309,台達化,40,20,20,第一金-台中,2024-08-23,5382
3167,大量,57,38,19,第一金-台中,2024-08-23,5382
5484,慧友,22,4,18,第一金-台中,2024-08-23,5382
00878,國泰永續高股息,21,3,18,第一金-台中,2024-08-23,5382
2891,中信金,29,11,18,第一金-台中,2024-08-23,5382
4729,熒茂,31,14,17,第一金-台中,2024-08-23,5382
4564,元翎,14,0,14,第一金-台中,2024-08-23,5382
2337,旺宏,14,1,13,第一金-台中,2024-08-23,5382
00907,永豐優息存股,11,0,11,第一金-台中,2024-08-23,5382
1721,三晃,16,5,11,第一金-台中,2024-08-23,5382
4542,科嶠,11,0,11,第一金-台中,2024-08-23,5382
00688L,國泰20年美債正2,10,0,10,第一金-台中,2024-08-23,5382
2348,海悅,10,0,10,第一金-台中,2024-08-23,5382
3062,建漢,10,0,10,第一金-台中,2024-08-23,5382
3297,杭特,10,0,10,第一金-台中,2024-08-23,5382
4420,光明,10,0,10,第一金-台中,2024-08-23,5382
5871A,中租-KY甲特,10,0,10,第一金-台中,2024-08-23,5382
9945,潤泰新,9,0,9,第一金-台中,2024-08-23,5382
00929,復華台灣科技優息,15,7,8,第一金-台中,2024-08-23,5382
3035,智原,8,0,8,第一金-台中,2024-08-23,5382
6617,共信-KY,9,1,8,第一金-台中,2024-08-23,5382
2365,昆盈,21,14,7,第一金-台中,2024-08-23,5382
1563,巧新,7,0,7,第一金-台中,2024-08-23,5382
2614,東森,7,0,7,第一金-台中,2024-08-23,5382
2892,第一金,7,0,7,第一金-台中,2024-08-23,5382
3339,泰谷,8,1,7,第一金-台中,2024-08-23,5382
6177,達麗,7,0,7,第一金-台中,2024-08-23,5382
2867,三商壽,7,0,7,第一金-台中,2024-08-23,5382
00900,富邦特選高股息30,6,0,6,第一金-台中,2024-08-23,5382
00764B,群益25年美債,6,0,6,第一金-台中,2024-08-23,5382
2371,大同,1500,6,1494,第一金-台中,2024-08-26,5382
2888,新光金,826,489,337,第一金-台中,2024-08-26,5382
2891,中信金,139,18,121,第一金-台中,2024-08-26,5382
6462,神盾,111,0,111,第一金-台中,2024-08-26,5382
3615,安可,62,8,54,第一金-台中,2024-08-26,5382
9935,慶豐富,43,0,43,第一金-台中,2024-08-26,5382
00688L,國泰20年美債正2,33,0,33,第一金-台中,2024-08-26,5382
00725B,國泰投資級公司債,25,0,25,第一金-台中,2024-08-26,5382
5263,智崴,24,0,24,第一金-台中,2024-08-26,5382
00687B,國泰20年美債,23,0,23,第一金-台中,2024-08-26,5382
00679B,元大美債20年,34,12,22,第一金-台中,2024-08-26,5382
2367,燿華,21,0,21,第一金-台中,2024-08-26,5382
2409,友達,48,27,21,第一金-台中,2024-08-26,5382
8096,擎亞,81,63,18,第一金-台中,2024-08-26,5382
8103,瀚荃,24,6,18,第一金-台中,2024-08-26,5382
00940,元大台灣價值高息,28,11,17,第一金-台中,2024-08-26,5382
6133,金橋,18,2,16,第一金-台中,2024-08-26,5382
3581,博磊,35,20,15,第一金-台中,2024-08-26,5382
2481,強茂,17,2,15,第一金-台中,2024-08-26,5382
5871A,中租-KY甲特,15,0,15,第一金-台中,2024-08-26,5382
6125,廣運,17,2,15,第一金-台中,2024-08-26,5382
5443,均豪,81,68,13,第一金-台中,2024-08-26,5382
2331,精英,18,5,13,第一金-台中,2024-08-26,5382
6451,訊芯-KY,14,2,12,第一金-台中,2024-08-26,5382
2317,鴻海,23,12,11,第一金-台中,2024-08-26,5382
2630,亞航,11,0,11,第一金-台中,2024-08-26,5382
5452,佶優,16,5,11,第一金-台中,2024-08-26,5382
8039,台虹,20,9,11,第一金-台中,2024-08-26,5382
00720B,元大投資級公司債,10,0,10,第一金-台中,2024-08-26,5382
2886,兆豐金,10,0,10,第一金-台中,2024-08-26,5382
00642U,期元大S＆P石油,10,0,10,第一金-台中,2024-08-26,5382
00795B,中信美國公債20年,10,0,10,第一金-台中,2024-08-26,5382
00923,群益台ESG低碳50,10,0,10,第一金-台中,2024-08-26,5382
3686,達能,10,0,10,第一金-台中,2024-08-26,5382
6789,采鈺,10,0,10,第一金-台中,2024-08-26,5382
6805,富世達,10,0,10,第一金-台中,2024-08-26,5382
3163,波若威,12,3,9,第一金-台中,2024-08-26,5382
6806,森崴能源,11,2,9,第一金-台中,2024-08-26,5382
2312,金寶,8,0,8,第一金-台中,2024-08-26,5382
2401,凌陽,8,0,8,第一金-台中,2024-08-26,5382
6134,萬旭,21,13,8,第一金-台中,2024-08-26,5382
3036,文曄,13,5,8,第一金-台中,2024-08-26,5382
1708,東鹼,10,3,7,第一金-台中,2024-08-26,5382
2062,橋椿,17,10,7,第一金-台中,2024-08-26,5382
8070,長華*,18,11,7,第一金-台中,2024-08-26,5382
8107,大億金茂,7,0,7,第一金-台中,2024-08-26,5382
4967,十銓,15,9,6,第一金-台中,2024-08-26,5382
00751B,元大AAA至A公司債,8,1,7,第一金-台中,2024-08-26,5382
2377,微星,20,14,6,第一金-台中,2024-08-26,5382
3535,晶彩科,9,3,6,第一金-台中,2024-08-26,5382
2888,新光金,3322,261,3061,第一金-台中,2024-08-27,5382
00688L,國泰20年美債正2,159,0,159,第一金-台中,2024-08-27,5382
2891,中信金,126,0,126,第一金-台中,2024-08-27,5382
1711,永光,163,83,80,第一金-台中,2024-08-27,5382
00929,復華台灣科技優息,49,0,49,第一金-台中,2024-08-27,5382
00679B,元大美債20年,52,7,45,第一金-台中,2024-08-27,5382
4563,百德,31,1,30,第一金-台中,2024-08-27,5382
2349,錸德,48,21,27,第一金-台中,2024-08-27,5382
00919,群益台灣精選高息,24,2,22,第一金-台中,2024-08-27,5382
00937B,群益ESG投等債20,21,0,21,第一金-台中,2024-08-27,5382
4562,穎漢,38,19,19,第一金-台中,2024-08-27,5382
8039,台虹,61,44,17,第一金-台中,2024-08-27,5382
2359,所羅門,40,23,17,第一金-台中,2024-08-27,5382
2882,國泰金,17,1,16,第一金-台中,2024-08-27,5382
1597,直得,21,6,15,第一金-台中,2024-08-27,5382
6606,建德工業,15,0,15,第一金-台中,2024-08-27,5382
6667,信紘科,15,0,15,第一金-台中,2024-08-27,5382
3580,友威科,17,2,15,第一金-台中,2024-08-27,5382
00878,國泰永續高股息,16,2,14,第一金-台中,2024-08-27,5382
8028,昇陽半導體,34,20,14,第一金-台中,2024-08-27,5382
2615,萬海,14,0,14,第一金-台中,2024-08-27,5382
2887,台新金,17,4,13,第一金-台中,2024-08-27,5382
2610,華航,13,0,13,第一金-台中,2024-08-27,5382
1732,毛寶,13,0,13,第一金-台中,2024-08-27,5382
3303,岱稜,26,13,13,第一金-台中,2024-08-27,5382
6150,撼訊,21,8,13,第一金-台中,2024-08-27,5382
00927,群益半導體收益,12,0,12,第一金-台中,2024-08-27,5382
00918,大華優利高填息30,10,0,10,第一金-台中,2024-08-27,5382
00881,國泰台灣5G+,10,0,10,第一金-台中,2024-08-27,5382
00910,第一金太空衛星,10,0,10,第一金-台中,2024-08-27,5382
1752,南光,10,0,10,第一金-台中,2024-08-27,5382
2609,陽明,18,8,10,第一金-台中,2024-08-27,5382
2867,三商壽,10,0,10,第一金-台中,2024-08-27,5382
3019,亞光,27,17,10,第一金-台中,2024-08-27,5382
3450,聯鈞,19,9,10,第一金-台中,2024-08-27,5382
3540,曜越,10,0,10,第一金-台中,2024-08-27,5382
3710,連展投控,10,0,10,第一金-台中,2024-08-27,5382
4127,天良,10,0,10,第一金-台中,2024-08-27,5382
6104,創惟,10,0,10,第一金-台中,2024-08-27,5382
6263,普萊德,10,0,10,第一金-台中,2024-08-27,5382
1584,精剛,20,10,10,第一金-台中,2024-08-27,5382
9955,佳龍,13,3,10,第一金-台中,2024-08-27,5382
5234,達興材料,13,4,9,第一金-台中,2024-08-27,5382
2303,聯電,9,0,9,第一金-台中,2024-08-27,5382
2376,技嘉,10,2,8,第一金-台中,2024-08-27,5382
00720B,元大投資級公司債,8,0,8,第一金-台中,2024-08-27,5382
2892,第一金,8,0,8,第一金-台中,2024-08-27,5382
3032,偉訓,8,0,8,第一金-台中,2024-08-27,5382
3550,聯穎,10,2,8,第一金-台中,2024-08-27,5382
00907,永豐優息存股,7,0,7,第一金-台中,2024-08-27,5382
6603,富強鑫,106,3,103,第一金-台中,2024-08-28,5382
00632R,元大台灣50反1,124,50,74,第一金-台中,2024-08-28,5382
00878,國泰永續高股息,57,0,57,第一金-台中,2024-08-28,5382
6405,悅城,43,1,42,第一金-台中,2024-08-28,5382
8011,台通,53,15,38,第一金-台中,2024-08-28,5382
00679B,元大美債20年,33,2,31,第一金-台中,2024-08-28,5382
2891,中信金,37,7,30,第一金-台中,2024-08-28,5382
1540,喬福,31,5,26,第一金-台中,2024-08-28,5382
3550,聯穎,60,34,26,第一金-台中,2024-08-28,5382
1528,恩德,24,1,23,第一金-台中,2024-08-28,5382
4555,氣立,22,0,22,第一金-台中,2024-08-28,5382
3062,建漢,34,13,21,第一金-台中,2024-08-28,5382
4510,高鋒,24,3,21,第一金-台中,2024-08-28,5382
4540,全球傳動,37,16,21,第一金-台中,2024-08-28,5382
5392,能率,20,0,20,第一金-台中,2024-08-28,5382
1527,鑽全,20,3,17,第一金-台中,2024-08-28,5382
3481,群創,121,106,15,第一金-台中,2024-08-28,5382
00937B,群益ESG投等債20,15,0,15,第一金-台中,2024-08-28,5382
00881,國泰台灣5G+,14,0,14,第一金-台中,2024-08-28,5382
6443,元晶,13,0,13,第一金-台中,2024-08-28,5382
9958,世紀鋼,23,11,12,第一金-台中,2024-08-28,5382
0056,元大高股息,16,4,12,第一金-台中,2024-08-28,5382
2464,盟立,14,3,11,第一金-台中,2024-08-28,5382
00923,群益台ESG低碳50,10,0,10,第一金-台中,2024-08-28,5382
1210,大成,10,0,10,第一金-台中,2024-08-28,5382
1215,卜蜂,10,0,10,第一金-台中,2024-08-28,5382
5388,中磊,10,0,10,第一金-台中,2024-08-28,5382
2409,友達,10,1,9,第一金-台中,2024-08-28,5382
00675L,富邦臺灣加權正2,10,1,9,第一金-台中,2024-08-28,5382
8039,台虹,15,6,9,第一金-台中,2024-08-28,5382
3163,波若威,16,8,8,第一金-台中,2024-08-28,5382
5871,中租-KY,16,8,8,第一金-台中,2024-08-28,5382
9935,慶豐富,8,0,8,第一金-台中,2024-08-28,5382
2615,萬海,8,0,8,第一金-台中,2024-08-28,5382
2887,台新金,13,6,7,第一金-台中,2024-08-28,5382
1314,中石化,7,0,7,第一金-台中,2024-08-28,5382
2399,映泰,22,15,7,第一金-台中,2024-08-28,5382
3680,家登,9,2,7,第一金-台中,2024-08-28,5382
1584,精剛,6,0,6,第一金-台中,2024-08-28,5382
2312,金寶,7,1,6,第一金-台中,2024-08-28,5382
2498,宏達電,6,0,6,第一金-台中,2024-08-28,5382
3234,光環,6,0,6,第一金-台中,2024-08-28,5382
6177,達麗,7,1,6,第一金-台中,2024-08-28,5382
6805,富世達,6,0,6,第一金-台中,2024-08-28,5382
2845,遠東銀,5,0,5,第一金-台中,2024-08-28,5382
00900,富邦特選高股息30,5,0,5,第一金-台中,2024-08-28,5382
6664,群翊,5,0,5,第一金-台中,2024-08-28,5382
00877,復華中國5G,5,0,5,第一金-台中,2024-08-28,5382
00712,復華富時不動產,5,0,5,第一金-台中,2024-08-28,5382
1231,聯華食,5,0,5,第一金-台中,2024-08-28,5382
5871,中租-KY,301,0,301,第一金-台中,2024-08-29,5382
00687B,國泰20年美債,165,0,165,第一金-台中,2024-08-29,5382
1314,中石化,143,7,136,第一金-台中,2024-08-29,5382
00959B,大華投等美債15Y+,108,0,108,第一金-台中,2024-08-29,5382
3062,建漢,120,24,96,第一金-台中,2024-08-29,5382
2314,台揚,62,1,61,第一金-台中,2024-08-29,5382
2891,中信金,56,5,51,第一金-台中,2024-08-29,5382
8111,立��,60,10,50,第一金-台中,2024-08-29,5382
2317,鴻海,58,15,43,第一金-台中,2024-08-29,5382
00688L,國泰20年美債正2,41,0,41,第一金-台中,2024-08-29,5382
4909,新復興,61,25,36,第一金-台中,2024-08-29,5382
2367,燿華,63,29,34,第一金-台中,2024-08-29,5382
8086,宏捷科,30,1,29,第一金-台中,2024-08-29,5382
6598,ABC-KY,30,1,29,第一金-台中,2024-08-29,5382
2330,台積電,22,1,21,第一金-台中,2024-08-29,5382
2007,燁興,21,0,21,第一金-台中,2024-08-29,5382
3605,宏致,20,0,20,第一金-台中,2024-08-29,5382
2887,台新金,19,1,18,第一金-台中,2024-08-29,5382
00909,國泰數位支付服務,17,0,17,第一金-台中,2024-08-29,5382
1539,巨庭,17,0,17,第一金-台中,2024-08-29,5382
4303,信立,25,8,17,第一金-台中,2024-08-29,5382
00929,復華台灣科技優息,17,0,17,第一金-台中,2024-08-29,5382
00795B,中信美國公債20年,15,0,15,第一金-台中,2024-08-29,5382
00940,元大台灣價值高息,17,2,15,第一金-台中,2024-08-29,5382
8039,台虹,18,3,15,第一金-台中,2024-08-29,5382
00830,國泰費城半導體,21,7,14,第一金-台中,2024-08-29,5382
2464,盟立,25,12,13,第一金-台中,2024-08-29,5382
4534,慶騰,12,0,12,第一金-台中,2024-08-29,5382
2376,技嘉,15,4,11,第一金-台中,2024-08-29,5382
00753L,中信中國50正2,10,0,10,第一金-台中,2024-08-29,5382
1210,大成,10,0,10,第一金-台中,2024-08-29,5382
1732,毛寶,10,0,10,第一金-台中,2024-08-29,5382
2482,連宇,10,0,10,第一金-台中,2024-08-29,5382
2467,志聖,21,12,9,第一金-台中,2024-08-29,5382
3037,欣興,18,9,9,第一金-台中,2024-08-29,5382
3019,亞光,44,35,9,第一金-台中,2024-08-29,5382
8121,越峰,10,1,9,第一金-台中,2024-08-29,5382
2388,威盛,8,0,8,第一金-台中,2024-08-29,5382
00900,富邦特選高股息30,7,0,7,第一金-台中,2024-08-29,5382
1541,錩泰,7,0,7,第一金-台中,2024-08-29,5382
1717,長興,11,4,7,第一金-台中,2024-08-29,5382
2515,中工,8,1,7,第一金-台中,2024-08-29,5382
00878,國泰永續高股息,7,1,6,第一金-台中,2024-08-29,5382
2426,鼎元,7,1,6,第一金-台中,2024-08-29,5382
2610,華航,6,0,6,第一金-台中,2024-08-29,5382
4711,永純,13,7,6,第一金-台中,2024-08-29,5382
6143,振曜,14,8,6,第一金-台中,2024-08-29,5382
6906,現觀科,6,0,6,第一金-台中,2024-08-29,5382
6698,旭暉應材,9,3,6,第一金-台中,2024-08-29,5382
00919,群益台灣精選高息,9,3,6,第一金-台中,2024-08-29,5382
2371,大同,752,10,742,第一金-台中,2024-08-30,5382
00632R,元大台灣50反1,115,0,115,第一金-台中,2024-08-30,5382
00679B,元大美債20年,82,2,80,第一金-台中,2024-08-30,5382
4714,永捷,76,15,61,第一金-台中,2024-08-30,5382
00937B,群益ESG投等債20,57,8,49,第一金-台中,2024-08-30,5382
00688L,國泰20年美債正2,44,0,44,第一金-台中,2024-08-30,5382
9935,慶豐富,35,0,35,第一金-台中,2024-08-30,5382
2915,潤泰全,32,0,32,第一金-台中,2024-08-30,5382
2889,國票金,30,0,30,第一金-台中,2024-08-30,5382
2913,農林,30,0,30,第一金-台中,2024-08-30,5382
3042,晶技,30,0,30,第一金-台中,2024-08-30,5382
3437,榮創,35,5,30,第一金-台中,2024-08-30,5382
2891,中信金,30,7,23,第一金-台中,2024-08-30,5382
3294,英濟,28,5,23,第一金-台中,2024-08-30,5382
2344,華邦電,49,26,23,第一金-台中,2024-08-30,5382
2615,萬海,39,18,21,第一金-台中,2024-08-30,5382
2243,宏旭-KY,21,0,21,第一金-台中,2024-08-30,5382
00895,富邦未來車,20,0,20,第一金-台中,2024-08-30,5382
4908,前鼎,32,12,20,第一金-台中,2024-08-30,5382
5245,智晶,20,0,20,第一金-台中,2024-08-30,5382
2881,富邦金,20,1,19,第一金-台中,2024-08-30,5382
4561,健椿,21,3,18,第一金-台中,2024-08-30,5382
1316,上曜,23,6,17,第一金-台中,2024-08-30,5382
1785,光洋科,50,35,15,第一金-台中,2024-08-30,5382
00687B,國泰20年美債,17,2,15,第一金-台中,2024-08-30,5382
1711,永光,37,24,13,第一金-台中,2024-08-30,5382
3481,群創,15,4,11,第一金-台中,2024-08-30,5382
00680L,元大美債20正2,11,0,11,第一金-台中,2024-08-30,5382
2376,技嘉,11,0,11,第一金-台中,2024-08-30,5382
00936,台新永續高息中小,10,0,10,第一金-台中,2024-08-30,5382
00720B,元大投資級公司債,10,0,10,第一金-台中,2024-08-30,5382
00719B,元大美債1-3,10,0,10,第一金-台中,2024-08-30,5382
00918,大華優利高填息30,10,0,10,第一金-台中,2024-08-30,5382
00932,兆豐永續高息等權,10,0,10,第一金-台中,2024-08-30,5382
2520,冠德,10,0,10,第一金-台中,2024-08-30,5382
2603,長榮,14,4,10,第一金-台中,2024-08-30,5382
5508,永信建,10,0,10,第一金-台中,2024-08-30,5382
5534,長虹,10,0,10,第一金-台中,2024-08-30,5382
6005,群益證,10,0,10,第一金-台中,2024-08-30,5382
6269,台郡,15,5,10,第一金-台中,2024-08-30,5382
00919,群益台灣精選高息,11,1,10,第一金-台中,2024-08-30,5382
1905,華紙,10,1,9,第一金-台中,2024-08-30,5382
3535,晶彩科,31,22,9,第一金-台中,2024-08-30,5382
3060,銘異,8,0,8,第一金-台中,2024-08-30,5382
6160,欣技,8,0,8,第一金-台中,2024-08-30,5382
8105,凌巨,8,0,8,第一金-台中,2024-08-30,5382
00959B,大華投等美債15Y+,7,0,7,第一金-台中,2024-08-30,5382
1101,台泥,6,0,6,第一金-台中,2024-08-30,5382
1608,華榮,6,0,6,第一金-台中,2024-08-30,5382
2425,承啟,28,22,6,第一金-台中,2024-08-30,5382
00937B,群益ESG投等債20,58,0,58,第一金-台中,2024-09-02,5382
00687B,國泰20年美債,40,0,40,第一金-台中,2024-09-02,5382
5607,遠雄港,38,0,38,第一金-台中,2024-09-02,5382
8011,台通,36,4,32,第一金-台中,2024-09-02,5382
2367,燿華,30,0,30,第一金-台中,2024-09-02,5382
3047,訊舟,103,77,26,第一金-台中,2024-09-02,5382
00919,群益台灣精選高息,27,2,25,第一金-台中,2024-09-02,5382
00929,復華台灣科技優息,32,11,21,第一金-台中,2024-09-02,5382
2025,千興,20,0,20,第一金-台中,2024-09-02,5382
2455,全新,24,4,20,第一金-台中,2024-09-02,5382
5443,均豪,33,15,18,第一金-台中,2024-09-02,5382
00795B,中信美國公債20年,18,0,18,第一金-台中,2024-09-02,5382
4566,時碩工業,20,2,18,第一金-台中,2024-09-02,5382
00713,元大台灣高息低波,17,0,17,第一金-台中,2024-09-02,5382
00715L,期街口布蘭特正2,28,11,17,第一金-台中,2024-09-02,5382
00942B,台新美A公司債20+,16,0,16,第一金-台中,2024-09-02,5382
6134,萬旭,15,0,15,第一金-台中,2024-09-02,5382
8234,新漢,15,0,15,第一金-台中,2024-09-02,5382
00680L,元大美債20正2,14,0,14,第一金-台中,2024-09-02,5382
00959B,大華投等美債15Y+,13,0,13,第一金-台中,2024-09-02,5382
1541,錩泰,13,0,13,第一金-台中,2024-09-02,5382
2867,三商壽,12,0,12,第一金-台中,2024-09-02,5382
2409,友達,11,0,11,第一金-台中,2024-09-02,5382
00679B,元大美債20年,11,0,11,第一金-台中,2024-09-02,5382
2008,高興昌,10,0,10,第一金-台中,2024-09-02,5382
2023,燁輝,10,0,10,第一金-台中,2024-09-02,5382
3548,兆利,28,18,10,第一金-台中,2024-09-02,5382
6957,裕慶-KY,10,0,10,第一金-台中,2024-09-02,5382
2313,華通,11,2,9,第一金-台中,2024-09-02,5382
1219,福壽,9,0,9,第一金-台中,2024-09-02,5382
1712,興農,9,0,9,第一金-台中,2024-09-02,5382
2312,金寶,11,2,9,第一金-台中,2024-09-02,5382
3050,鈺德,9,0,9,第一金-台中,2024-09-02,5382
00918,大華優利高填息30,8,0,8,第一金-台中,2024-09-02,5382
3231,緯創,8,0,8,第一金-台中,2024-09-02,5382
3380,明泰,8,0,8,第一金-台中,2024-09-02,5382
2402,毅嘉,10,2,8,第一金-台中,2024-09-02,5382
6546,正基,10,3,7,第一金-台中,2024-09-02,5382
3481,群創,10,4,6,第一金-台中,2024-09-02,5382
4562,穎漢,6,0,6,第一金-台中,2024-09-02,5382
2613,中櫃,6,0,6,第一金-台中,2024-09-02,5382
2801,彰銀,6,0,6,第一金-台中,2024-09-02,5382
5512,力麒,6,0,6,第一金-台中,2024-09-02,5382
6869,雲豹能源,11,5,6,第一金-台中,2024-09-02,5382
3017,奇鋐,9,4,5,第一金-台中,2024-09-02,5382
00877,復華中國5G,5,0,5,第一金-台中,2024-09-02,5382
2497,怡利電,8,3,5,第一金-台中,2024-09-02,5382
2723,美食-KY,5,0,5,第一金-台中,2024-09-02,5382
3149,正達,11,6,5,第一金-台中,2024-09-02,5382
3260,威剛,5,0,5,第一金-台中,2024-09-02,5382
00919,群益台灣精選高息,122,2,120,第一金-台中,2024-09-03,5382
00959B,大華投等美債15Y+,100,0,100,第一金-台中,2024-09-03,5382
2323,中環,52,0,52,第一金-台中,2024-09-03,5382
00948B,中信優息投資級債,48,0,48,第一金-台中,2024-09-03,5382
9935,慶豐富,46,0,46,第一金-台中,2024-09-03,5382
00687B,國泰20年美債,27,0,27,第一金-台中,2024-09-03,5382
5607,遠雄港,25,0,25,第一金-台中,2024-09-03,5382
3481,群創,23,0,23,第一金-台中,2024-09-03,5382
2007,燁興,23,0,23,第一金-台中,2024-09-03,5382
2409,友達,22,0,22,第一金-台中,2024-09-03,5382
4571,鈞興-KY,22,0,22,第一金-台中,2024-09-03,5382
00751B,元大AAA至A公司債,20,0,20,第一金-台中,2024-09-03,5382
00878,國泰永續高股息,22,3,19,第一金-台中,2024-09-03,5382
3548,兆利,22,3,19,第一金-台中,2024-09-03,5382
2891,中信金,25,6,19,第一金-台中,2024-09-03,5382
00679B,元大美債20年,20,2,18,第一金-台中,2024-09-03,5382
3294,英濟,20,2,18,第一金-台中,2024-09-03,5382
2534,宏盛,15,0,15,第一金-台中,2024-09-03,5382
2002,中鋼,14,0,14,第一金-台中,2024-09-03,5382
2609,陽明,15,1,14,第一金-台中,2024-09-03,5382
0056,元大高股息,14,1,13,第一金-台中,2024-09-03,5382
2371,大同,15,2,13,第一金-台中,2024-09-03,5382
2515,中工,13,0,13,第一金-台中,2024-09-03,5382
5388,中磊,13,0,13,第一金-台中,2024-09-03,5382
2241,艾姆勒,26,14,12,第一金-台中,2024-09-03,5382
8374,羅昇,25,13,12,第一金-台中,2024-09-03,5382
2313,華通,19,8,11,第一金-台中,2024-09-03,5382
4714,永捷,35,24,11,第一金-台中,2024-09-03,5382
8096,擎亞,14,3,11,第一金-台中,2024-09-03,5382
2449,京元電子,11,1,10,第一金-台中,2024-09-03,5382
2109,華豐,10,0,10,第一金-台中,2024-09-03,5382
00680L,元大美債20正2,10,0,10,第一金-台中,2024-09-03,5382
00943,兆豐電子高息等權,10,0,10,第一金-台中,2024-09-03,5382
1528,恩德,10,0,10,第一金-台中,2024-09-03,5382
2420,新巨,12,2,10,第一金-台中,2024-09-03,5382
2486,一詮,45,35,10,第一金-台中,2024-09-03,5382
5309,系統電,10,0,10,第一金-台中,2024-09-03,5382
8234,新漢,10,0,10,第一金-台中,2024-09-03,5382
2408,南亞科,12,3,9,第一金-台中,2024-09-03,5382
1584,精剛,11,2,9,第一金-台中,2024-09-03,5382
00933B,國泰10Y+金融債,8,0,8,第一金-台中,2024-09-03,5382
2065,世豐,8,0,8,第一金-台中,2024-09-03,5382
3498,陽程,9,1,8,第一金-台中,2024-09-03,5382
2867,三商壽,7,0,7,第一金-台中,2024-09-03,5382
2426,鼎元,7,0,7,第一金-台中,2024-09-03,5382
2495,普安,7,0,7,第一金-台中,2024-09-03,5382
2610,華航,10,3,7,第一金-台中,2024-09-03,5382
6152,百一,8,1,7,第一金-台中,2024-09-03,5382
8043,蜜望實,13,6,7,第一金-台中,2024-09-03,5382
2892,第一金,7,1,6,第一金-台中,2024-09-03,5382
00878,國泰永續高股息,160,5,155,第一金-台中,2024-09-04,5382
00929,復華台灣科技優息,136,12,124,第一金-台中,2024-09-04,5382
00715L,期街口布蘭特正2,113,0,113,第一金-台中,2024-09-04,5382
00919,群益台灣精選高息,112,1,111,第一金-台中,2024-09-04,5382
1714,和桐,100,0,100,第一金-台中,2024-09-04,5382
00940,元大台灣價值高息,118,20,98,第一金-台中,2024-09-04,5382
5460,同協,80,0,80,第一金-台中,2024-09-04,5382
00688L,國泰20年美債正2,100,40,60,第一金-台中,2024-09-04,5382
00948B,中信優息投資級債,48,0,48,第一金-台中,2024-09-04,5382
00881,國泰台灣5G+,48,0,48,第一金-台中,2024-09-04,5382
00915,凱基優選高股息30,46,0,46,第一金-台中,2024-09-04,5382
0056,元大高股息,43,3,40,第一金-台中,2024-09-04,5382
0050,元大台灣50,38,1,37,第一金-台中,2024-09-04,5382
00675L,富邦臺灣加權正2,35,0,35,第一金-台中,2024-09-04,5382
3481,群創,97,64,33,第一金-台中,2024-09-04,5382
2849,安泰銀,30,0,30,第一金-台中,2024-09-04,5382
2330,台積電,33,4,29,第一金-台中,2024-09-04,5382
3576,聯合再生,30,1,29,第一金-台中,2024-09-04,5382
3550,聯穎,27,0,27,第一金-台中,2024-09-04,5382
00687B,國泰20年美債,44,19,25,第一金-台中,2024-09-04,5382
4510,高鋒,54,29,25,第一金-台中,2024-09-04,5382
9935,慶豐富,25,0,25,第一金-台中,2024-09-04,5382
2610,華航,27,3,24,第一金-台中,2024-09-04,5382
2891,中信金,75,51,24,第一金-台中,2024-09-04,5382
00959B,大華投等美債15Y+,25,2,23,第一金-台中,2024-09-04,5382
2883,凱基金,31,8,23,第一金-台中,2024-09-04,5382
00713,元大台灣高息低波,23,0,23,第一金-台中,2024-09-04,5382
1735,日勝化,26,5,21,第一金-台中,2024-09-04,5382
2007,燁興,21,0,21,第一金-台中,2024-09-04,5382
3703,欣陸,21,0,21,第一金-台中,2024-09-04,5382
5245,智晶,21,0,21,第一金-台中,2024-09-04,5382
00927,群益半導體收益,22,2,20,第一金-台中,2024-09-04,5382
006208,富邦台50,20,0,20,第一金-台中,2024-09-04,5382
1540,喬福,57,37,20,第一金-台中,2024-09-04,5382
2025,千興,20,0,20,第一金-台中,2024-09-04,5382
2816,旺旺保,20,0,20,第一金-台中,2024-09-04,5382
1303,南亞,19,1,18,第一金-台中,2024-09-04,5382
3037,欣興,20,2,18,第一金-台中,2024-09-04,5382
2892,第一金,18,0,18,第一金-台中,2024-09-04,5382
2323,中環,17,0,17,第一金-台中,2024-09-04,5382
2382,廣達,23,7,16,第一金-台中,2024-09-04,5382
00918,大華優利高填息30,21,6,15,第一金-台中,2024-09-04,5382
2603,長榮,23,8,15,第一金-台中,2024-09-04,5382
1808,潤隆,15,0,15,第一金-台中,2024-09-04,5382
1301,台塑,14,0,14,第一金-台中,2024-09-04,5382
1605,華新,14,0,14,第一金-台中,2024-09-04,5382
4729,熒茂,24,10,14,第一金-台中,2024-09-04,5382
2885,元大金,14,0,14,第一金-台中,2024-09-04,5382
3228,金麗科,24,11,13,第一金-台中,2024-09-04,5382
00664R,國泰臺灣加權反1,40,27,13,第一金-台中,2024-09-04,5382
00676R,富邦臺灣加權反1,300,0,300,第一金-台中,2024-09-05,5382
00632R,元大台灣50反1,210,14,196,第一金-台中,2024-09-05,5382
2867,三商壽,158,3,155,第一金-台中,2024-09-05,5382
00715L,期街口布蘭特正2,155,0,155,第一金-台中,2024-09-05,5382
00918,大華優利高填息30,139,0,139,第一金-台中,2024-09-05,5382
00712,復華富時不動產,98,0,98,第一金-台中,2024-09-05,5382
00940,元大台灣價值高息,70,0,70,第一金-台中,2024-09-05,5382
6217,中探針,55,2,53,第一金-台中,2024-09-05,5382
00948B,中信優息投資級債,48,0,48,第一金-台中,2024-09-05,5382
2408,南亞科,47,0,47,第一金-台中,2024-09-05,5382
00915,凱基優選高股息30,46,0,46,第一金-台中,2024-09-05,5382
00878,國泰永續高股息,46,0,46,第一金-台中,2024-09-05,5382
8085,福華,36,0,36,第一金-台中,2024-09-05,5382
00929,復華台灣科技優息,74,39,35,第一金-台中,2024-09-05,5382
3062,建漢,39,6,33,第一金-台中,2024-09-05,5382
00919,群益台灣精選高息,30,1,29,第一金-台中,2024-09-05,5382
1722,台肥,21,0,21,第一金-台中,2024-09-05,5382
8070,長華*,23,2,21,第一金-台中,2024-09-05,5382
00942B,台新美A公司債20+,20,0,20,第一金-台中,2024-09-05,5382
00945B,凱基美國非投等債,20,0,20,第一金-台中,2024-09-05,5382
6257,矽格,20,0,20,第一金-台中,2024-09-05,5382
4526,東台,18,0,18,第一金-台中,2024-09-05,5382
8043,蜜望實,21,3,18,第一金-台中,2024-09-05,5382
3047,訊舟,25,8,17,第一金-台中,2024-09-05,5382
00795B,中信美國公債20年,15,0,15,第一金-台中,2024-09-05,5382
2402,毅嘉,15,0,15,第一金-台中,2024-09-05,5382
2312,金寶,17,3,14,第一金-台中,2024-09-05,5382
2495,普安,15,1,14,第一金-台中,2024-09-05,5382
00946,群益科技高息成長,13,0,13,第一金-台中,2024-09-05,5382
00923,群益台ESG低碳50,13,0,13,第一金-台中,2024-09-05,5382
8374,羅昇,37,24,13,第一金-台中,2024-09-05,5382
8039,台虹,12,0,12,第一金-台中,2024-09-05,5382
4561,健椿,17,5,12,第一金-台中,2024-09-05,5382
00927,群益半導體收益,11,0,11,第一金-台中,2024-09-05,5382
5608,四維航,11,0,11,第一金-台中,2024-09-05,5382
00939,統一台灣高息動能,10,0,10,第一金-台中,2024-09-05,5382
3066,李洲,21,11,10,第一金-台中,2024-09-05,5382
3706,神達,12,2,10,第一金-台中,2024-09-05,5382
8929,富堡,10,0,10,第一金-台中,2024-09-05,5382
2344,華邦電,10,1,9,第一金-台中,2024-09-05,5382
00857B,永豐20年美公債,10,1,9,第一金-台中,2024-09-05,5382
2485,兆赫,10,1,9,第一金-台中,2024-09-05,5382
00881,國泰台灣5G+,9,0,9,第一金-台中,2024-09-05,5382
00772B,中信高評級公司債,10,2,8,第一金-台中,2024-09-05,5382
3673,TPK-KY,9,1,8,第一金-台中,2024-09-05,5382
2363,矽統,9,1,8,第一金-台中,2024-09-05,5382
2486,一詮,11,4,7,第一金-台中,2024-09-05,5382
2892,第一金,7,0,7,第一金-台中,2024-09-05,5382
5880,合庫金,7,0,7,第一金-台中,2024-09-05,5382
4562,穎漢,45,39,6,第一金-台中,2024-09-05,5382
00676R,富邦臺灣加權反1,180,0,180,第一金-台中,2024-09-06,5382
3437,榮創,50,0,50,第一金-台中,2024-09-06,5382
00688L,國泰20年美債正2,54,5,49,第一金-台中,2024-09-06,5382
6698,旭暉應材,43,1,42,第一金-台中,2024-09-06,5382
00919,群益台灣精選高息,43,2,41,第一金-台中,2024-09-06,5382
3481,群創,61,20,41,第一金-台中,2024-09-06,5382
00915,凱基優選高股息30,38,0,38,第一金-台中,2024-09-06,5382
3047,訊舟,43,7,36,第一金-台中,2024-09-06,5382
00951,台新日本半導體,31,0,31,第一金-台中,2024-09-06,5382
1540,喬福,65,34,31,第一金-台中,2024-09-06,5382
4729,熒茂,24,0,24,第一金-台中,2024-09-06,5382
1711,永光,23,1,22,第一金-台中,2024-09-06,5382
2467,志聖,33,11,22,第一金-台中,2024-09-06,5382
6215,和椿,34,13,21,第一金-台中,2024-09-06,5382
00878,國泰永續高股息,23,2,21,第一金-台中,2024-09-06,5382
1808,潤隆,20,0,20,第一金-台中,2024-09-06,5382
00929,復華台灣科技優息,19,0,19,第一金-台中,2024-09-06,5382
00687B,國泰20年美債,17,0,17,第一金-台中,2024-09-06,5382
8249,菱光,18,2,16,第一金-台中,2024-09-06,5382
1584,精剛,15,0,15,第一金-台中,2024-09-06,5382
6576,逸達,15,0,15,第一金-台中,2024-09-06,5382
3581,博磊,26,13,13,第一金-台中,2024-09-06,5382
2888,新光金,14,2,12,第一金-台中,2024-09-06,5382
00946,群益科技高息成長,11,0,11,第一金-台中,2024-09-06,5382
00893,國泰智能電動車,10,0,10,第一金-台中,2024-09-06,5382
1541,錩泰,10,0,10,第一金-台中,2024-09-06,5382
2504,國產,10,0,10,第一金-台中,2024-09-06,5382
2515,中工,10,0,10,第一金-台中,2024-09-06,5382
2547,日勝生,10,0,10,第一金-台中,2024-09-06,5382
3056,富華新,10,0,10,第一金-台中,2024-09-06,5382
3623,富晶通,10,0,10,第一金-台中,2024-09-06,5382
5525,順天,10,0,10,第一金-台中,2024-09-06,5382
2603,長榮,15,6,9,第一金-台中,2024-09-06,5382
2520,冠德,10,1,9,第一金-台中,2024-09-06,5382
8261,富鼎,10,1,9,第一金-台中,2024-09-06,5382
2881,富邦金,9,0,9,第一金-台中,2024-09-06,5382
00948B,中信優息投資級債,8,0,8,第一金-台中,2024-09-06,5382
2834,臺企銀,7,0,7,第一金-台中,2024-09-06,5382
1539,巨庭,9,2,7,第一金-台中,2024-09-06,5382
3673,TPK-KY,7,0,7,第一金-台中,2024-09-06,5382
2317,鴻海,9,2,7,第一金-台中,2024-09-06,5382
2371,大同,6,0,6,第一金-台中,2024-09-06,5382
2538,基泰,6,0,6,第一金-台中,2024-09-06,5382
8085,福華,6,0,6,第一金-台中,2024-09-06,5382
8105,凌巨,7,1,6,第一金-台中,2024-09-06,5382
5443,均豪,26,20,6,第一金-台中,2024-09-06,5382
4533,協易機,5,0,5,第一金-台中,2024-09-06,5382
2851,中再保,5,0,5,第一金-台中,2024-09-06,5382
00881,國泰台灣5G+,10,5,5,第一金-台中,2024-09-06,5382
00952,凱基台灣AI50,5,0,5,第一金-台中,2024-09-06,5382
00715L,期街口布蘭特正2,181,0,181,第一金-台中,2024-09-09,5382
3443,創意,100,0,100,第一金-台中,2024-09-09,5382
00937B,群益ESG投等債20,62,3,59,第一金-台中,2024-09-09,5382
00919,群益台灣精選高息,57,1,56,第一金-台中,2024-09-09,5382
00878,國泰永續高股息,56,6,50,第一金-台中,2024-09-09,5382
2867,三商壽,49,0,49,第一金-台中,2024-09-09,5382
00929,復華台灣科技優息,47,0,47,第一金-台中,2024-09-09,5382
00940,元大台灣價值高息,34,0,34,第一金-台中,2024-09-09,5382
00915,凱基優選高股息30,36,4,32,第一金-台中,2024-09-09,5382
2464,盟立,81,50,31,第一金-台中,2024-09-09,5382
4956,光鋐,33,2,31,第一金-台中,2024-09-09,5382
2891,中信金,29,0,29,第一金-台中,2024-09-09,5382
2888,新光金,113,84,29,第一金-台中,2024-09-09,5382
1316,上曜,28,0,28,第一金-台中,2024-09-09,5382
00673R,期元大S＆P原油反1,27,0,27,第一金-台中,2024-09-09,5382
1582,信錦,23,3,20,第一金-台中,2024-09-09,5382
3550,聯穎,20,0,20,第一金-台中,2024-09-09,5382
2317,鴻海,26,8,18,第一金-台中,2024-09-09,5382
00688L,國泰20年美債正2,64,48,16,第一金-台中,2024-09-09,5382
3354,律勝,18,3,15,第一金-台中,2024-09-09,5382
4123,晟德,15,0,15,第一金-台中,2024-09-09,5382
6606,建德工業,15,0,15,第一金-台中,2024-09-09,5382
2892,第一金,15,1,14,第一金-台中,2024-09-09,5382
00918,大華優利高填息30,13,0,13,第一金-台中,2024-09-09,5382
2883,凱基金,11,0,11,第一金-台中,2024-09-09,5382
2885,元大金,11,1,10,第一金-台中,2024-09-09,5382
1524,耿鼎,10,0,10,第一金-台中,2024-09-09,5382
1808,潤隆,10,0,10,第一金-台中,2024-09-09,5382
2537,聯上發,10,0,10,第一金-台中,2024-09-09,5382
2615,萬海,10,0,10,第一金-台中,2024-09-09,5382
4534,慶騰,10,0,10,第一金-台中,2024-09-09,5382
6443,元晶,10,0,10,第一金-台中,2024-09-09,5382
6782,視陽,10,0,10,第一金-台中,2024-09-09,5382
2330,台積電,11,2,9,第一金-台中,2024-09-09,5382
2002,中鋼,12,2,10,第一金-台中,2024-09-09,5382
4128,中天,9,0,9,第一金-台中,2024-09-09,5382
6505,台塑化,9,0,9,第一金-台中,2024-09-09,5382
00830,國泰費城半導體,8,0,8,第一金-台中,2024-09-09,5382
6194,育富,8,0,8,第一金-台中,2024-09-09,5382
8085,福華,8,0,8,第一金-台中,2024-09-09,5382
8374,羅昇,33,25,8,第一金-台中,2024-09-09,5382
00881,國泰台灣5G+,7,0,7,第一金-台中,2024-09-09,5382
00680L,元大美債20正2,8,1,7,第一金-台中,2024-09-09,5382
2882,國泰金,7,0,7,第一金-台中,2024-09-09,5382
3581,博磊,7,0,7,第一金-台中,2024-09-09,5382
8249,菱光,11,4,7,第一金-台中,2024-09-09,5382
2881,富邦金,7,0,7,第一金-台中,2024-09-09,5382
00935,野村臺灣新科技50,6,0,6,第一金-台中,2024-09-09,5382
4562,穎漢,27,21,6,第一金-台中,2024-09-09,5382
2540,愛山林,6,0,6,第一金-台中,2024-09-09,5382
00632R,元大台灣50反1,674,354,320,第一金-台中,2024-09-10,5382
00664R,國泰臺灣加權反1,110,0,110,第一金-台中,2024-09-10,5382
00918,大華優利高填息30,72,2,70,第一金-台中,2024-09-10,5382
0056,元大高股息,68,5,63,第一金-台中,2024-09-10,5382
00687B,國泰20年美債,52,0,52,第一金-台中,2024-09-10,5382
00878,國泰永續高股息,55,6,49,第一金-台中,2024-09-10,5382
3481,群創,83,35,48,第一金-台中,2024-09-10,5382
00929,復華台灣科技優息,35,0,35,第一金-台中,2024-09-10,5382
00919,群益台灣精選高息,34,0,34,第一金-台中,2024-09-10,5382
00940,元大台灣價值高息,33,1,32,第一金-台中,2024-09-10,5382
00715L,期街口布蘭特正2,31,0,31,第一金-台中,2024-09-10,5382
3209,全科,30,0,30,第一金-台中,2024-09-10,5382
00937B,群益ESG投等債20,25,0,25,第一金-台中,2024-09-10,5382
2883,凱基金,23,0,23,第一金-台中,2024-09-10,5382
00927,群益半導體收益,22,0,22,第一金-台中,2024-09-10,5382
00935,野村臺灣新科技50,23,1,22,第一金-台中,2024-09-10,5382
4414,如興,21,0,21,第一金-台中,2024-09-10,5382
00915,凱基優選高股息30,20,0,20,第一金-台中,2024-09-10,5382
4908,前鼎,20,0,20,第一金-台中,2024-09-10,5382
2851,中再保,20,0,20,第一金-台中,2024-09-10,5382
00953B,群益優選非投等債,20,0,20,第一金-台中,2024-09-10,5382
00952,凱基台灣AI50,19,0,19,第一金-台中,2024-09-10,5382
3360,尚立,20,1,19,第一金-台中,2024-09-10,5382
2409,友達,23,5,18,第一金-台中,2024-09-10,5382
2344,華邦電,17,0,17,第一金-台中,2024-09-10,5382
3535,晶彩科,17,0,17,第一金-台中,2024-09-10,5382
00680L,元大美債20正2,16,0,16,第一金-台中,2024-09-10,5382
2540,愛山林,16,0,16,第一金-台中,2024-09-10,5382
2382,廣達,17,1,16,第一金-台中,2024-09-10,5382
2371,大同,16,1,15,第一金-台中,2024-09-10,5382
8074,鉅橡,15,0,15,第一金-台中,2024-09-10,5382
9938,百和,15,0,15,第一金-台中,2024-09-10,5382
2412,中華電,14,0,14,第一金-台中,2024-09-10,5382
2317,鴻海,38,25,13,第一金-台中,2024-09-10,5382
5347,世界,12,0,12,第一金-台中,2024-09-10,5382
6651,全宇昕,12,0,12,第一金-台中,2024-09-10,5382
6806,森崴能源,11,0,11,第一金-台中,2024-09-10,5382
8033,雷虎,11,0,11,第一金-台中,2024-09-10,5382
00688L,國泰20年美債正2,10,0,10,第一金-台中,2024-09-10,5382
1584,精剛,12,2,10,第一金-台中,2024-09-10,5382
2349,錸德,25,15,10,第一金-台中,2024-09-10,5382
3550,聯穎,10,0,10,第一金-台中,2024-09-10,5382
4526,東台,15,5,10,第一金-台中,2024-09-10,5382
5392,能率,11,1,10,第一金-台中,2024-09-10,5382
6246,臺龍,10,0,10,第一金-台中,2024-09-10,5382
8039,台虹,16,6,10,第一金-台中,2024-09-10,5382
0050,元大台灣50,11,2,9,第一金-台中,2024-09-10,5382
4919,新唐,11,2,9,第一金-台中,2024-09-10,5382
1316,上曜,8,0,8,第一金-台中,2024-09-10,5382
1735,日勝化,8,0,8,第一金-台中,2024-09-10,5382
00632R,元大台灣50反1,805,30,775,第一金-台中,2024-09-11,5382
00715L,期街口布蘭特正2,167,0,167,第一金-台中,2024-09-11,5382
00687B,國泰20年美債,145,56,89,第一金-台中,2024-09-11,5382
2891,中信金,52,0,52,第一金-台中,2024-09-11,5382
00929,復華台灣科技優息,40,1,39,第一金-台中,2024-09-11,5382
00919,群益台灣精選高息,34,1,33,第一金-台中,2024-09-11,5382
00937B,群益ESG投等債20,32,1,31,第一金-台中,2024-09-11,5382
3360,尚立,32,1,31,第一金-台中,2024-09-11,5382
00948B,中信優息投資級債,30,0,30,第一金-台中,2024-09-11,5382
00940,元大台灣價值高息,26,3,23,第一金-台中,2024-09-11,5382
2497,怡利電,65,43,22,第一金-台中,2024-09-11,5382
00933B,國泰10Y+金融債,20,0,20,第一金-台中,2024-09-11,5382
3312,弘憶股,21,1,20,第一金-台中,2024-09-11,5382
3673,TPK-KY,22,2,20,第一金-台中,2024-09-11,5382
00878,國泰永續高股息,19,1,18,第一金-台中,2024-09-11,5382
2867,三商壽,23,5,18,第一金-台中,2024-09-11,5382
5443,均豪,33,15,18,第一金-台中,2024-09-11,5382
2399,映泰,37,20,17,第一金-台中,2024-09-11,5382
00931B,統一美債20年,20,4,16,第一金-台中,2024-09-11,5382
8076,伍豐,16,0,16,第一金-台中,2024-09-11,5382
2243,宏旭-KY,15,0,15,第一金-台中,2024-09-11,5382
3056,富華新,15,0,15,第一金-台中,2024-09-11,5382
8249,菱光,19,6,13,第一金-台中,2024-09-11,5382
1709,和益,12,0,12,第一金-台中,2024-09-11,5382
2323,中環,11,0,11,第一金-台中,2024-09-11,5382
3481,群創,61,51,10,第一金-台中,2024-09-11,5382
1584,精剛,20,10,10,第一金-台中,2024-09-11,5382
00664R,國泰臺灣加權反1,10,0,10,第一金-台中,2024-09-11,5382
2515,中工,10,0,10,第一金-台中,2024-09-11,5382
2545,皇翔,10,0,10,第一金-台中,2024-09-11,5382
4526,東台,10,0,10,第一金-台中,2024-09-11,5382
6187,萬潤,18,8,10,第一金-台中,2024-09-11,5382
6788,華景電,10,0,10,第一金-台中,2024-09-11,5382
00934,中信成長高股息,10,0,10,第一金-台中,2024-09-11,5382
00795B,中信美國公債20年,12,4,8,第一金-台中,2024-09-11,5382
5302,太欣,8,0,8,第一金-台中,2024-09-11,5382
6667,信紘科,10,2,8,第一金-台中,2024-09-11,5382
00918,大華優利高填息30,7,0,7,第一金-台中,2024-09-11,5382
2312,金寶,8,0,8,第一金-台中,2024-09-11,5382
00725B,國泰投資級公司債,8,1,7,第一金-台中,2024-09-11,5382
0056,元大高股息,17,11,6,第一金-台中,2024-09-11,5382
00881,國泰台灣5G+,6,0,6,第一金-台中,2024-09-11,5382
2204,中華,7,1,6,第一金-台中,2024-09-11,5382
2353,宏��,6,0,6,第一金-台中,2024-09-11,5382
2356,英業達,6,0,6,第一金-台中,2024-09-11,5382
3577,泓格,6,0,6,第一金-台中,2024-09-11,5382
4909,新復興,7,1,6,第一金-台中,2024-09-11,5382
4974,亞泰,28,22,6,第一金-台中,2024-09-11,5382
2881,富邦金,6,0,6,第一金-台中,2024-09-11,5382
3037,欣興,6,1,5,第一金-台中,2024-09-11,5382
2888,新光金,317,84,233,第一金-台中,2024-09-12,5382
00687B,國泰20年美債,90,2,88,第一金-台中,2024-09-12,5382
00931B,統一美債20年,80,4,76,第一金-台中,2024-09-12,5382
00688L,國泰20年美債正2,86,23,63,第一金-台中,2024-09-12,5382
00753L,中信中國50正2,50,0,50,第一金-台中,2024-09-12,5382
00878,國泰永續高股息,39,1,38,第一金-台中,2024-09-12,5382
00957B,兆豐US優選投等債,34,0,34,第一金-台中,2024-09-12,5382
3673,TPK-KY,33,1,32,第一金-台中,2024-09-12,5382
5460,同協,32,1,31,第一金-台中,2024-09-12,5382
1307,三芳,25,0,25,第一金-台中,2024-09-12,5382
1464,得力,25,0,25,第一金-台中,2024-09-12,5382
00795B,中信美國公債20年,31,10,21,第一金-台中,2024-09-12,5382
3312,弘憶股,43,22,21,第一金-台中,2024-09-12,5382
00637L,元大滬深300正2,20,0,20,第一金-台中,2024-09-12,5382
5309,系統電,20,0,20,第一金-台中,2024-09-12,5382
4549,桓達,20,0,20,第一金-台中,2024-09-12,5382
6426,統新,22,3,19,第一金-台中,2024-09-12,5382
6451,訊芯-KY,22,3,19,第一金-台中,2024-09-12,5382
00857B,永豐20年美公債,18,0,18,第一金-台中,2024-09-12,5382
2891,中信金,19,2,17,第一金-台中,2024-09-12,5382
4564,元翎,17,0,17,第一金-台中,2024-09-12,5382
8374,羅昇,28,12,16,第一金-台中,2024-09-12,5382
1308,亞聚,15,0,15,第一金-台中,2024-09-12,5382
3167,大量,20,5,15,第一金-台中,2024-09-12,5382
4711,永純,15,0,15,第一金-台中,2024-09-12,5382
1301,台塑,14,0,14,第一金-台中,2024-09-12,5382
4541,晟田,14,0,14,第一金-台中,2024-09-12,5382
6838,台新藥,14,0,14,第一金-台中,2024-09-12,5382
5438,東友,15,2,13,第一金-台中,2024-09-12,5382
6152,百一,18,5,13,第一金-台中,2024-09-12,5382
00642U,期元大S＆P石油,12,0,12,第一金-台中,2024-09-12,5382
3294,英濟,12,0,12,第一金-台中,2024-09-12,5382
1721,三晃,11,0,11,第一金-台中,2024-09-12,5382
2851,中再保,11,0,11,第一金-台中,2024-09-12,5382
3374,精材,24,13,11,第一金-台中,2024-09-12,5382
00725B,國泰投資級公司債,10,0,10,第一金-台中,2024-09-12,5382
00715L,期街口布蘭特正2,20,10,10,第一金-台中,2024-09-12,5382
00665L,富邦�琤肭磪囓�2,10,0,10,第一金-台中,2024-09-12,5382
00650L,復華香港正2,10,0,10,第一金-台中,2024-09-12,5382
1473,台南,10,0,10,第一金-台中,2024-09-12,5382
2609,陽明,10,0,10,第一金-台中,2024-09-12,5382
3707,漢磊,11,1,10,第一金-台中,2024-09-12,5382
5534,長虹,10,0,10,第一金-台中,2024-09-12,5382
0056,元大高股息,10,1,9,第一金-台中,2024-09-12,5382
2618,長榮航,16,7,9,第一金-台中,2024-09-12,5382
6830,汎銓,10,1,9,第一金-台中,2024-09-12,5382
2002,中鋼,8,0,8,第一金-台中,2024-09-12,5382
2489,瑞軒,9,1,8,第一金-台中,2024-09-12,5382
8032,光菱,14,6,8,第一金-台中,2024-09-12,5382
8105,凌巨,8,0,8,第一金-台中,2024-09-12,5382
8039,台虹,112,12,100,第一金-台中,2024-09-13,5382
2888,新光金,101,6,95,第一金-台中,2024-09-13,5382
1455,集盛,50,0,50,第一金-台中,2024-09-13,5382
00687B,國泰20年美債,74,27,47,第一金-台中,2024-09-13,5382
8926,台汽電,52,5,47,第一金-台中,2024-09-13,5382
3289,宜特,52,10,42,第一金-台中,2024-09-13,5382
5243,乙盛-KY,40,0,40,第一金-台中,2024-09-13,5382
00940,元大台灣價值高息,37,1,36,第一金-台中,2024-09-13,5382
00679B,元大美債20年,36,4,32,第一金-台中,2024-09-13,5382
3481,群創,35,2,33,第一金-台中,2024-09-13,5382
00632R,元大台灣50反1,40,10,30,第一金-台中,2024-09-13,5382
00919,群益台灣精選高息,32,2,30,第一金-台中,2024-09-13,5382
00929,復華台灣科技優息,49,21,28,第一金-台中,2024-09-13,5382
1305,華夏,35,10,25,第一金-台中,2024-09-13,5382
2002,中鋼,25,0,25,第一金-台中,2024-09-13,5382
3663,鑫科,28,7,21,第一金-台中,2024-09-13,5382
00688L,國泰20年美債正2,21,0,21,第一金-台中,2024-09-13,5382
00740B,富邦全球投等債,19,0,19,第一金-台中,2024-09-13,5382
2887,台新金,22,3,19,第一金-台中,2024-09-13,5382
1303,南亞,17,0,17,第一金-台中,2024-09-13,5382
1449,佳和,15,0,15,第一金-台中,2024-09-13,5382
3013,晟銘電,19,4,15,第一金-台中,2024-09-13,5382
1540,喬福,30,16,14,第一金-台中,2024-09-13,5382
3062,建漢,44,31,13,第一金-台中,2024-09-13,5382
3673,TPK-KY,13,0,13,第一金-台中,2024-09-13,5382
4542,科嶠,13,0,13,第一金-台中,2024-09-13,5382
1524,耿鼎,12,0,12,第一金-台中,2024-09-13,5382
3498,陽程,17,5,12,第一金-台中,2024-09-13,5382
8028,昇陽半導體,18,7,11,第一金-台中,2024-09-13,5382
1711,永光,13,2,11,第一金-台中,2024-09-13,5382
2312,金寶,20,9,11,第一金-台中,2024-09-13,5382
4128,中天,11,0,11,第一金-台中,2024-09-13,5382
2539,櫻花建,10,0,10,第一金-台中,2024-09-13,5382
8105,凌巨,10,0,10,第一金-台中,2024-09-13,5382
1608,華榮,10,0,10,第一金-台中,2024-09-13,5382
4979,華星光,10,0,10,第一金-台中,2024-09-13,5382
00918,大華優利高填息30,12,3,9,第一金-台中,2024-09-13,5382
3312,弘憶股,10,1,9,第一金-台中,2024-09-13,5382
4927,泰鼎-KY,11,2,9,第一金-台中,2024-09-13,5382
1301,台塑,13,5,8,第一金-台中,2024-09-13,5382
1101,台泥,8,0,8,第一金-台中,2024-09-13,5382
2062,橋椿,13,5,8,第一金-台中,2024-09-13,5382
3548,兆利,7,0,7,第一金-台中,2024-09-13,5382
8064,東捷,13,6,7,第一金-台中,2024-09-13,5382
6187,萬潤,26,19,7,第一金-台中,2024-09-13,5382
1808,潤隆,7,1,6,第一金-台中,2024-09-13,5382
2439,美律,6,0,6,第一金-台中,2024-09-13,5382
2467,志聖,10,4,6,第一金-台中,2024-09-13,5382
3050,鈺德,6,0,6,第一金-台中,2024-09-13,5382
00715L,期街口布蘭特正2,5,0,5,第一金-台中,2024-09-13,5382
8933,愛地雅,152,0,152,第一金-台中,2024-09-16,5382
00687B,國泰20年美債,69,2,67,第一金-台中,2024-09-16,5382
2409,友達,60,14,46,第一金-台中,2024-09-16,5382
8039,台虹,46,0,46,第一金-台中,2024-09-16,5382
1711,永光,61,23,38,第一金-台中,2024-09-16,5382
00688L,國泰20年美債正2,60,23,37,第一金-台中,2024-09-16,5382
8096,擎亞,36,1,35,第一金-台中,2024-09-16,5382
00878,國泰永續高股息,35,2,33,第一金-台中,2024-09-16,5382
00929,復華台灣科技優息,37,5,32,第一金-台中,2024-09-16,5382
1449,佳和,29,0,29,第一金-台中,2024-09-16,5382
00795B,中信美國公債20年,31,3,28,第一金-台中,2024-09-16,5382
00679B,元大美債20年,31,3,28,第一金-台中,2024-09-16,5382
8064,東捷,36,10,26,第一金-台中,2024-09-16,5382
00632R,元大台灣50反1,23,0,23,第一金-台中,2024-09-16,5382
3303,岱稜,26,4,22,第一金-台中,2024-09-16,5382
00637L,元大滬深300正2,21,0,21,第一金-台中,2024-09-16,5382
2417,圓剛,20,0,20,第一金-台中,2024-09-16,5382
4561,健椿,21,1,20,第一金-台中,2024-09-16,5382
1785,光洋科,62,43,19,第一金-台中,2024-09-16,5382
3062,建漢,89,70,19,第一金-台中,2024-09-16,5382
4142,國光生,19,0,19,第一金-台中,2024-09-16,5382
6223,旺矽,20,2,18,第一金-台中,2024-09-16,5382
1455,集盛,17,0,17,第一金-台中,2024-09-16,5382
1464,得力,16,0,16,第一金-台中,2024-09-16,5382
00713,元大台灣高息低波,15,0,15,第一金-台中,2024-09-16,5382
4909,新復興,19,6,13,第一金-台中,2024-09-16,5382
2832,台產,13,0,13,第一金-台中,2024-09-16,5382
4526,東台,13,0,13,第一金-台中,2024-09-16,5382
00881,國泰台灣5G+,11,0,11,第一金-台中,2024-09-16,5382
8046,南電,11,0,11,第一金-台中,2024-09-16,5382
6163,華電網,13,2,11,第一金-台中,2024-09-16,5382
1308,亞聚,10,0,10,第一金-台中,2024-09-16,5382
1909,榮成,10,0,10,第一金-台中,2024-09-16,5382
2323,中環,10,0,10,第一金-台中,2024-09-16,5382
2504,國產,10,0,10,第一金-台中,2024-09-16,5382
3522,御嵿,10,0,10,第一金-台中,2024-09-16,5382
4542,科嶠,23,13,10,第一金-台中,2024-09-16,5382
5522,遠雄,10,0,10,第一金-台中,2024-09-16,5382
6405,悅城,10,0,10,第一金-台中,2024-09-16,5382
00937B,群益ESG投等債20,9,0,9,第一金-台中,2024-09-16,5382
2344,華邦電,12,3,9,第一金-台中,2024-09-16,5382
1101,台泥,11,3,8,第一金-台中,2024-09-16,5382
2382,廣達,20,13,7,第一金-台中,2024-09-16,5382
2070,精湛,10,3,7,第一金-台中,2024-09-16,5382
4956,光鋐,17,10,7,第一金-台中,2024-09-16,5382
8105,凌巨,11,4,7,第一金-台中,2024-09-16,5382
1504,東元,6,0,6,第一金-台中,2024-09-16,5382
2371,大同,10,4,6,第一金-台中,2024-09-16,5382
2464,盟立,30,24,6,第一金-台中,2024-09-16,5382
4420,光明,7,1,6,第一金-台中,2024-09-16,5382
2888,新光金,13189,169,13020,第一金-台中,2024-09-18,5382
4576,大銀微系統,52,0,52,第一金-台中,2024-09-18,5382
00632R,元大台灣50反1,60,10,50,第一金-台中,2024-09-18,5382
3550,聯穎,129,82,47,第一金-台中,2024-09-18,5382
00935,野村臺灣新科技50,40,0,40,第一金-台中,2024-09-18,5382
2399,映泰,95,57,38,第一金-台中,2024-09-18,5382
00929,復華台灣科技優息,68,31,37,第一金-台中,2024-09-18,5382
00919,群益台灣精選高息,39,3,36,第一金-台中,2024-09-18,5382
00713,元大台灣高息低波,32,0,32,第一金-台中,2024-09-18,5382
2429,銘旺科,31,0,31,第一金-台中,2024-09-18,5382
6405,悅城,35,4,31,第一金-台中,2024-09-18,5382
00687B,國泰20年美債,29,0,29,第一金-台中,2024-09-18,5382
1717,長興,33,6,27,第一金-台中,2024-09-18,5382
00918,大華優利高填息30,41,17,24,第一金-台中,2024-09-18,5382
1449,佳和,22,0,22,第一金-台中,2024-09-18,5382
3363,上詮,41,19,22,第一金-台中,2024-09-18,5382
6869,雲豹能源,23,2,21,第一金-台中,2024-09-18,5382
2069,運錩,20,0,20,第一金-台中,2024-09-18,5382
2028,威致,18,0,18,第一金-台中,2024-09-18,5382
3498,陽程,22,5,17,第一金-台中,2024-09-18,5382
2317,鴻海,26,9,17,第一金-台中,2024-09-18,5382
4979,華星光,32,15,17,第一金-台中,2024-09-18,5382
4903,聯光通,25,9,16,第一金-台中,2024-09-18,5382
6547,高端疫苗,16,0,16,第一金-台中,2024-09-18,5382
2887,台新金,16,1,15,第一金-台中,2024-09-18,5382
1905,華紙,14,0,14,第一金-台中,2024-09-18,5382
00673R,期元大S＆P原油反1,13,0,13,第一金-台中,2024-09-18,5382
2486,一詮,71,58,13,第一金-台中,2024-09-18,5382
00881,國泰台灣5G+,12,0,12,第一金-台中,2024-09-18,5382
8011,台通,20,8,12,第一金-台中,2024-09-18,5382
3163,波若威,16,5,11,第一金-台中,2024-09-18,5382
1464,得力,11,0,11,第一金-台中,2024-09-18,5382
00679B,元大美債20年,11,0,11,第一金-台中,2024-09-18,5382
8039,台虹,11,0,11,第一金-台中,2024-09-18,5382
00631L,元大台灣50正2,10,0,10,第一金-台中,2024-09-18,5382
2882,國泰金,10,0,10,第一金-台中,2024-09-18,5382
2913,農林,15,5,10,第一金-台中,2024-09-18,5382
2915,潤泰全,10,0,10,第一金-台中,2024-09-18,5382
4711,永純,10,0,10,第一金-台中,2024-09-18,5382
4933,友輝,10,0,10,第一金-台中,2024-09-18,5382
6134,萬旭,10,0,10,第一金-台中,2024-09-18,5382
6438,迅得,11,1,10,第一金-台中,2024-09-18,5382
9105,泰金寶-DR,10,0,10,第一金-台中,2024-09-18,5382
6274,台燿,11,1,10,第一金-台中,2024-09-18,5382
6177,達麗,10,0,10,第一金-台中,2024-09-18,5382
00934,中信成長高股息,10,0,10,第一金-台中,2024-09-18,5382
00915,凱基優選高股息30,9,0,9,第一金-台中,2024-09-18,5382
3686,達能,10,1,9,第一金-台中,2024-09-18,5382
6111,大宇資,10,2,8,第一金-台中,2024-09-18,5382
2883,凱基金,10,2,8,第一金-台中,2024-09-18,5382
2888,新光金,3159,45,3114,第一金-台中,2024-09-19,5382
3481,群創,131,1,130,第一金-台中,2024-09-19,5382
00632R,元大台灣50反1,126,0,126,第一金-台中,2024-09-19,5382
00687B,國泰20年美債,119,6,113,第一金-台中,2024-09-19,5382
00688L,國泰20年美債正2,122,41,81,第一金-台中,2024-09-19,5382
00929,復華台灣科技優息,62,0,62,第一金-台中,2024-09-19,5382
00679B,元大美債20年,65,5,60,第一金-台中,2024-09-19,5382
8070,長華*,74,21,53,第一金-台中,2024-09-19,5382
4903,聯光通,63,11,52,第一金-台中,2024-09-19,5382
3580,友威科,44,3,41,第一金-台中,2024-09-19,5382
00918,大華優利高填息30,38,0,38,第一金-台中,2024-09-19,5382
00937B,群益ESG投等債20,37,1,36,第一金-台中,2024-09-19,5382
5443,均豪,51,21,30,第一金-台中,2024-09-19,5382
8421,旭源,39,14,25,第一金-台中,2024-09-19,5382
00740B,富邦全球投等債,24,0,24,第一金-台中,2024-09-19,5382
00715L,期街口布蘭特正2,100,76,24,第一金-台中,2024-09-19,5382
1711,永光,35,14,21,第一金-台中,2024-09-19,5382
00637L,元大滬深300正2,20,0,20,第一金-台中,2024-09-19,5382
1304,台聚,20,0,20,第一金-台中,2024-09-19,5382
00878,國泰永續高股息,19,2,17,第一金-台中,2024-09-19,5382
00919,群益台灣精選高息,17,0,17,第一金-台中,2024-09-19,5382
00915,凱基優選高股息30,16,0,16,第一金-台中,2024-09-19,5382
2062,橋椿,21,5,16,第一金-台中,2024-09-19,5382
2317,鴻海,21,6,15,第一金-台中,2024-09-19,5382
2762,世界健身-KY,15,0,15,第一金-台中,2024-09-19,5382
00662,富邦NASDAQ,14,0,14,第一金-台中,2024-09-19,5382
3062,建漢,44,30,14,第一金-台中,2024-09-19,5382
00931B,統一美債20年,13,0,13,第一金-台中,2024-09-19,5382
6698,旭暉應材,19,6,13,第一金-台中,2024-09-19,5382
00680L,元大美債20正2,12,0,12,第一金-台中,2024-09-19,5382
5438,東友,25,13,12,第一金-台中,2024-09-19,5382
1905,華紙,11,0,11,第一金-台中,2024-09-19,5382
00725B,國泰投資級公司債,10,0,10,第一金-台中,2024-09-19,5382
1785,光洋科,36,26,10,第一金-台中,2024-09-19,5382
3024,憶聲,10,0,10,第一金-台中,2024-09-19,5382
3710,連展投控,10,0,10,第一金-台中,2024-09-19,5382
4171,瑞基,10,0,10,第一金-台中,2024-09-19,5382
6405,悅城,10,0,10,第一金-台中,2024-09-19,5382
8085,福華,10,0,10,第一金-台中,2024-09-19,5382
8103,瀚荃,10,0,10,第一金-台中,2024-09-19,5382
00857B,永豐20年美公債,9,0,9,第一金-台中,2024-09-19,5382
8249,菱光,12,3,9,第一金-台中,2024-09-19,5382
00795B,中信美國公債20年,16,8,8,第一金-台中,2024-09-19,5382
4513,福裕,21,13,8,第一金-台中,2024-09-19,5382
00933B,國泰10Y+金融債,7,0,7,第一金-台中,2024-09-19,5382
3230,錦明,18,11,7,第一金-台中,2024-09-19,5382
4909,新復興,15,8,7,第一金-台中,2024-09-19,5382
00942B,台新美A公司債20+,6,0,6,第一金-台中,2024-09-19,5382
3189,景碩,7,1,6,第一金-台中,2024-09-19,5382
6188,廣明,6,0,6,第一金-台中,2024-09-19,5382
2882,國泰金,305,118,187,第一金-台中,2024-09-20,5382
00688L,國泰20年美債正2,87,0,87,第一金-台中,2024-09-20,5382
3715,定穎投控,76,6,70,第一金-台中,2024-09-20,5382
2312,金寶,55,10,45,第一金-台中,2024-09-20,5382
3481,群創,83,40,43,第一金-台中,2024-09-20,5382
00679B,元大美債20年,64,21,43,第一金-台中,2024-09-20,5382
3149,正達,39,3,36,第一金-台中,2024-09-20,5382
00919,群益台灣精選高息,32,0,32,第一金-台中,2024-09-20,5382
00680L,元大美債20正2,30,0,30,第一金-台中,2024-09-20,5382
00664R,國泰臺灣加權反1,30,0,30,第一金-台中,2024-09-20,5382
2482,連宇,30,0,30,第一金-台中,2024-09-20,5382
4772,台特化,30,3,27,第一金-台中,2024-09-20,5382
2038,海光,20,0,20,第一金-台中,2024-09-20,5382
2409,友達,40,20,20,第一金-台中,2024-09-20,5382
3588,通嘉,20,0,20,第一金-台中,2024-09-20,5382
4114,健喬,20,0,20,第一金-台中,2024-09-20,5382
4128,中天,20,0,20,第一金-台中,2024-09-20,5382
00960,野村全球航運龍頭,16,0,16,第一金-台中,2024-09-20,5382
00915,凱基優選高股息30,15,0,15,第一金-台中,2024-09-20,5382
1307,三芳,15,0,15,第一金-台中,2024-09-20,5382
2528,皇普,15,0,15,第一金-台中,2024-09-20,5382
2891,中信金,64,49,15,第一金-台中,2024-09-20,5382
6163,華電網,17,2,15,第一金-台中,2024-09-20,5382
2464,盟立,117,105,12,第一金-台中,2024-09-20,5382
2486,一詮,27,15,12,第一金-台中,2024-09-20,5382
2537,聯上發,12,0,12,第一金-台中,2024-09-20,5382
3056,富華新,15,3,12,第一金-台中,2024-09-20,5382
6125,廣運,14,2,12,第一金-台中,2024-09-20,5382
6698,旭暉應材,15,3,12,第一金-台中,2024-09-20,5382
4513,福裕,20,9,11,第一金-台中,2024-09-20,5382
1314,中石化,10,0,10,第一金-台中,2024-09-20,5382
2547,日勝生,10,0,10,第一金-台中,2024-09-20,5382
3673,TPK-KY,10,0,10,第一金-台中,2024-09-20,5382
4707,磐亞,10,0,10,第一金-台中,2024-09-20,5382
6257,矽格,10,0,10,第一金-台中,2024-09-20,5382
00929,復華台灣科技優息,20,10,10,第一金-台中,2024-09-20,5382
00933B,國泰10Y+金融債,10,0,10,第一金-台中,2024-09-20,5382
5392,能率,10,1,9,第一金-台中,2024-09-20,5382
1711,永光,91,83,8,第一金-台中,2024-09-20,5382
3303,岱稜,9,1,8,第一金-台中,2024-09-20,5382
4722,國精化,10,2,8,第一金-台中,2024-09-20,5382
4741,泓瀚,8,0,8,第一金-台中,2024-09-20,5382
4931,新盛力,8,0,8,第一金-台中,2024-09-20,5382
4510,高鋒,8,1,7,第一金-台中,2024-09-20,5382
00673R,期元大S＆P原油反1,7,0,7,第一金-台中,2024-09-20,5382
2425,承啟,10,3,7,第一金-台中,2024-09-20,5382
5512,力麒,7,0,7,第一金-台中,2024-09-20,5382
6133,金橋,17,10,7,第一金-台中,2024-09-20,5382
2539,櫻花建,8,2,6,第一金-台中,2024-09-20,5382
00795B,中信美國公債20年,6,0,6,第一金-台中,2024-09-20,5382
2888,新光金,2611,97,2514,第一金-台中,2024-09-23,5382
3615,安可,126,15,111,第一金-台中,2024-09-23,5382
00637L,元大滬深300正2,121,21,100,第一金-台中,2024-09-23,5382
00919,群益台灣精選高息,91,7,84,第一金-台中,2024-09-23,5382
6548,長科*,62,2,60,第一金-台中,2024-09-23,5382
2438,翔耀,40,0,40,第一金-台中,2024-09-23,5382
00915,凱基優選高股息30,33,0,33,第一金-台中,2024-09-23,5382
00680L,元大美債20正2,32,1,31,第一金-台中,2024-09-23,5382
8032,光菱,53,22,31,第一金-台中,2024-09-23,5382
1432,大魯閣,30,0,30,第一金-台中,2024-09-23,5382
2542,興富發,30,5,25,第一金-台中,2024-09-23,5382
6142,友勁,25,0,25,第一金-台中,2024-09-23,5382
1721,三晃,41,17,24,第一金-台中,2024-09-23,5382
3581,博磊,37,15,22,第一金-台中,2024-09-23,5382
00937B,群益ESG投等債20,41,20,21,第一金-台中,2024-09-23,5382
6282,康舒,20,0,20,第一金-台中,2024-09-23,5382
00733,富邦臺灣中小,20,0,20,第一金-台中,2024-09-23,5382
00960,野村全球航運龍頭,20,0,20,第一金-台中,2024-09-23,5382
4767,誠泰科技,20,0,20,第一金-台中,2024-09-23,5382
2312,金寶,20,1,19,第一金-台中,2024-09-23,5382
4707,磐亞,37,20,17,第一金-台中,2024-09-23,5382
5609,中菲行,16,0,16,第一金-台中,2024-09-23,5382
8249,菱光,25,9,16,第一金-台中,2024-09-23,5382
00918,大華優利高填息30,15,0,15,第一金-台中,2024-09-23,5382
2349,錸德,88,73,15,第一金-台中,2024-09-23,5382
2851,中再保,15,0,15,第一金-台中,2024-09-23,5382
00795B,中信美國公債20年,20,6,14,第一金-台中,2024-09-23,5382
2399,映泰,80,66,14,第一金-台中,2024-09-23,5382
2062,橋椿,23,10,13,第一金-台中,2024-09-23,5382
2201,裕隆,15,2,13,第一金-台中,2024-09-23,5382
5213,亞昕,16,3,13,第一金-台中,2024-09-23,5382
6117,迎廣,23,10,13,第一金-台中,2024-09-23,5382
2101,南港,12,0,12,第一金-台中,2024-09-23,5382
2228,劍麟,12,0,12,第一金-台中,2024-09-23,5382
1714,和桐,11,0,11,第一金-台中,2024-09-23,5382
00753L,中信中國50正2,10,0,10,第一金-台中,2024-09-23,5382
1785,光洋科,14,4,10,第一金-台中,2024-09-23,5382
8107,大億金茂,10,0,10,第一金-台中,2024-09-23,5382
2317,鴻海,23,13,10,第一金-台中,2024-09-23,5382
00688L,國泰20年美債正2,20,11,9,第一金-台中,2024-09-23,5382
00687B,國泰20年美債,59,50,9,第一金-台中,2024-09-23,5382
2388,威盛,9,0,9,第一金-台中,2024-09-23,5382
5234,達興材料,13,4,9,第一金-台中,2024-09-23,5382
3450,聯鈞,18,9,9,第一金-台中,2024-09-23,5382
3227,原相,10,2,8,第一金-台中,2024-09-23,5382
6869,雲豹能源,20,13,7,第一金-台中,2024-09-23,5382
00673R,期元大S＆P原油反1,7,0,7,第一金-台中,2024-09-23,5382
6024,群益期,7,0,7,第一金-台中,2024-09-23,5382
8027,鈦昇,30,23,7,第一金-台中,2024-09-23,5382
00929,復華台灣科技優息,16,9,7,第一金-台中,2024-09-23,5382
00715L,期街口布蘭特正2,125,0,125,第一金-台中,2024-09-24,5382
00637L,元大滬深300正2,127,28,99,第一金-台中,2024-09-24,5382
00679B,元大美債20年,76,0,76,第一金-台中,2024-09-24,5382
2436,偉詮電,76,0,76,第一金-台中,2024-09-24,5382
00929,復華台灣科技優息,77,1,76,第一金-台中,2024-09-24,5382
6405,悅城,63,10,53,第一金-台中,2024-09-24,5382
3481,群創,60,20,40,第一金-台中,2024-09-24,5382
00687B,國泰20年美債,42,6,36,第一金-台中,2024-09-24,5382
3230,錦明,33,0,33,第一金-台中,2024-09-24,5382
8240,華宏,45,12,33,第一金-台中,2024-09-24,5382
2455,全新,43,11,32,第一金-台中,2024-09-24,5382
3605,宏致,45,14,31,第一金-台中,2024-09-24,5382
2611,志信,35,5,30,第一金-台中,2024-09-24,5382
00919,群益台灣精選高息,43,14,29,第一金-台中,2024-09-24,5382
2399,映泰,79,50,29,第一金-台中,2024-09-24,5382
00688L,國泰20年美債正2,26,0,26,第一金-台中,2024-09-24,5382
00937B,群益ESG投等債20,24,1,23,第一金-台中,2024-09-24,5382
00960,野村全球航運龍頭,23,1,22,第一金-台中,2024-09-24,5382
8249,菱光,25,4,21,第一金-台中,2024-09-24,5382
2891,中信金,18,0,18,第一金-台中,2024-09-24,5382
2312,金寶,17,1,16,第一金-台中,2024-09-24,5382
4174,浩鼎,16,0,16,第一金-台中,2024-09-24,5382
6506,雙邦,46,30,16,第一金-台中,2024-09-24,5382
2344,華邦電,15,0,15,第一金-台中,2024-09-24,5382
4716,大立,22,7,15,第一金-台中,2024-09-24,5382
6274,台燿,15,0,15,第一金-台中,2024-09-24,5382
2542,興富發,16,4,12,第一金-台中,2024-09-24,5382
3213,茂訊,11,0,11,第一金-台中,2024-09-24,5382
3712,永崴投控,14,3,11,第一金-台中,2024-09-24,5382
8011,台通,11,0,11,第一金-台中,2024-09-24,5382
00953B,群益優選非投等債,10,0,10,第一金-台中,2024-09-24,5382
2606,裕民,10,0,10,第一金-台中,2024-09-24,5382
2636,台驊控股,10,0,10,第一金-台中,2024-09-24,5382
3062,建漢,20,10,10,第一金-台中,2024-09-24,5382
4306,炎洲,10,0,10,第一金-台中,2024-09-24,5382
4707,磐亞,10,0,10,第一金-台中,2024-09-24,5382
5351,鈺創,10,0,10,第一金-台中,2024-09-24,5382
3374,精材,17,7,10,第一金-台中,2024-09-24,5382
2615,萬海,59,50,9,第一金-台中,2024-09-24,5382
8091,翔名,13,4,9,第一金-台中,2024-09-24,5382
2881,富邦金,10,1,9,第一金-台中,2024-09-24,5382
0056,元大高股息,8,0,8,第一金-台中,2024-09-24,5382
2515,中工,10,2,8,第一金-台中,2024-09-24,5382
3450,聯鈞,13,5,8,第一金-台中,2024-09-24,5382
00878,國泰永續高股息,10,3,7,第一金-台中,2024-09-24,5382
4711,永純,7,0,7,第一金-台中,2024-09-24,5382
5460,同協,10,3,7,第一金-台中,2024-09-24,5382
4903,聯光通,7,0,7,第一金-台中,2024-09-24,5382
00946,群益科技高息成長,6,0,6,第一金-台中,2024-09-24,5382
00650L,復華香港正2,11,5,6,第一金-台中,2024-09-24,5382
00665L,富邦�琤肭磪囓�2,255,22,233,第一金-台中,2024-09-25,5382
8112,至上,50,0,50,第一金-台中,2024-09-25,5382
00679B,元大美債20年,61,17,44,第一金-台中,2024-09-25,5382
4968,立積,33,1,32,第一金-台中,2024-09-25,5382
3094,聯傑,33,5,28,第一金-台中,2024-09-25,5382
3576,聯合再生,40,12,28,第一金-台中,2024-09-25,5382
00687B,國泰20年美債,41,16,25,第一金-台中,2024-09-25,5382
2891,中信金,29,3,26,第一金-台中,2024-09-25,5382
2851,中再保,25,0,25,第一金-台中,2024-09-25,5382
3047,訊舟,42,19,23,第一金-台中,2024-09-25,5382
4571,鈞興-KY,24,1,23,第一金-台中,2024-09-25,5382
3673,TPK-KY,27,5,22,第一金-台中,2024-09-25,5382
6188,廣明,28,7,21,第一金-台中,2024-09-25,5382
1612,宏泰,20,0,20,第一金-台中,2024-09-25,5382
2515,中工,20,0,20,第一金-台中,2024-09-25,5382
3048,益登,20,0,20,第一金-台中,2024-09-25,5382
6134,萬旭,20,0,20,第一金-台中,2024-09-25,5382
6152,百一,21,1,20,第一金-台中,2024-09-25,5382
4510,高鋒,32,14,18,第一金-台中,2024-09-25,5382
8249,菱光,23,5,18,第一金-台中,2024-09-25,5382
6770,力積電,19,2,17,第一金-台中,2024-09-25,5382
2014,中鴻,16,0,16,第一金-台中,2024-09-25,5382
1785,光洋科,18,3,15,第一金-台中,2024-09-25,5382
2323,中環,20,6,14,第一金-台中,2024-09-25,5382
6215,和椿,32,18,14,第一金-台中,2024-09-25,5382
00931B,統一美債20年,13,0,13,第一金-台中,2024-09-25,5382
2609,陽明,89,76,13,第一金-台中,2024-09-25,5382
2436,偉詮電,74,62,12,第一金-台中,2024-09-25,5382
00929,復華台灣科技優息,42,31,11,第一金-台中,2024-09-25,5382
00948B,中信優息投資級債,11,0,11,第一金-台中,2024-09-25,5382
00919,群益台灣精選高息,17,6,11,第一金-台中,2024-09-25,5382
2615,萬海,89,79,10,第一金-台中,2024-09-25,5382
00752,中信中國50,10,0,10,第一金-台中,2024-09-25,5382
00959B,大華投等美債15Y+,10,0,10,第一金-台中,2024-09-25,5382
2388,威盛,11,1,10,第一金-台中,2024-09-25,5382
6506,雙邦,21,11,10,第一金-台中,2024-09-25,5382
1721,三晃,20,11,9,第一金-台中,2024-09-25,5382
3149,正達,10,1,9,第一金-台中,2024-09-25,5382
00885,富邦越南,10,1,9,第一金-台中,2024-09-25,5382
3013,晟銘電,28,20,8,第一金-台中,2024-09-25,5382
1609,大亞,9,1,8,第一金-台中,2024-09-25,5382
2302,麗正,10,2,8,第一金-台中,2024-09-25,5382
5438,東友,12,4,8,第一金-台中,2024-09-25,5382
8111,立��,10,3,7,第一金-台中,2024-09-25,5382
8070,長華*,16,9,7,第一金-台中,2024-09-25,5382
2228,劍麟,29,23,6,第一金-台中,2024-09-25,5382
00795B,中信美國公債20年,6,0,6,第一金-台中,2024-09-25,5382
8039,台虹,6,0,6,第一金-台中,2024-09-25,5382
9955,佳龍,7,1,6,第一金-台中,2024-09-25,5382
00960,野村全球航運龍頭,18,13,5,第一金-台中,2024-09-25,5382
2888,新光金,3469,116,3353,第一金-台中,2024-09-26,5382
00937B,群益ESG投等債20,207,10,197,第一金-台中,2024-09-26,5382
2367,燿華,120,6,114,第一金-台中,2024-09-26,5382
00687B,國泰20年美債,88,0,88,第一金-台中,2024-09-26,5382
00960,野村全球航運龍頭,155,93,62,第一金-台中,2024-09-26,5382
00933B,國泰10Y+金融債,52,0,52,第一金-台中,2024-09-26,5382
6197,佳必琪,65,18,47,第一金-台中,2024-09-26,5382
4716,大立,75,32,43,第一金-台中,2024-09-26,5382
00688L,國泰20年美債正2,41,1,40,第一金-台中,2024-09-26,5382
00680L,元大美債20正2,35,0,35,第一金-台中,2024-09-26,5382
00679B,元大美債20年,35,3,32,第一金-台中,2024-09-26,5382
1815,富喬,26,0,26,第一金-台中,2024-09-26,5382
00753L,中信中國50正2,31,7,24,第一金-台中,2024-09-26,5382
2542,興富發,30,7,23,第一金-台中,2024-09-26,5382
3047,訊舟,22,1,21,第一金-台中,2024-09-26,5382
4414,如興,21,0,21,第一金-台中,2024-09-26,5382
3588,通嘉,24,4,20,第一金-台中,2024-09-26,5382
1612,宏泰,20,0,20,第一金-台中,2024-09-26,5382
3374,精材,21,4,17,第一金-台中,2024-09-26,5382
00946,群益科技高息成長,16,0,16,第一金-台中,2024-09-26,5382
4919,新唐,17,2,15,第一金-台中,2024-09-26,5382
4979,華星光,26,11,15,第一金-台中,2024-09-26,5382
3019,亞光,15,1,14,第一金-台中,2024-09-26,5382
2610,華航,26,12,14,第一金-台中,2024-09-26,5382
3535,晶彩科,19,5,14,第一金-台中,2024-09-26,5382
6125,廣運,53,39,14,第一金-台中,2024-09-26,5382
2457,飛宏,13,0,13,第一金-台中,2024-09-26,5382
00931B,統一美債20年,16,3,13,第一金-台中,2024-09-26,5382
2913,農林,16,4,12,第一金-台中,2024-09-26,5382
3622,洋華,21,9,12,第一金-台中,2024-09-26,5382
00712,復華富時不動產,11,0,11,第一金-台中,2024-09-26,5382
3708,上緯投控,11,0,11,第一金-台中,2024-09-26,5382
4743,合一,11,0,11,第一金-台中,2024-09-26,5382
00795B,中信美國公債20年,10,0,10,第一金-台中,2024-09-26,5382
00959B,大華投等美債15Y+,10,0,10,第一金-台中,2024-09-26,5382
1586,和勤,10,0,10,第一金-台中,2024-09-26,5382
2201,裕隆,10,0,10,第一金-台中,2024-09-26,5382
2316,楠梓電,10,0,10,第一金-台中,2024-09-26,5382
2408,南亞科,20,11,9,第一金-台中,2024-09-26,5382
00919,群益台灣精選高息,14,6,8,第一金-台中,2024-09-26,5382
00662,富邦NASDAQ,8,0,8,第一金-台中,2024-09-26,5382
1336,台翰,10,2,8,第一金-台中,2024-09-26,5382
2354,鴻準,9,1,8,第一金-台中,2024-09-26,5382
2401,凌陽,12,4,8,第一金-台中,2024-09-26,5382
3003,健和興,8,0,8,第一金-台中,2024-09-26,5382
4130,健亞,8,0,8,第一金-台中,2024-09-26,5382
0056,元大高股息,9,1,8,第一金-台中,2024-09-26,5382
2613,中櫃,7,0,7,第一金-台中,2024-09-26,5382
00935,野村臺灣新科技50,7,0,7,第一金-台中,2024-09-26,5382
3663,鑫科,9,2,7,第一金-台中,2024-09-26,5382
00753L,中信中國50正2,136,31,105,第一金-台中,2024-09-27,5382
00637L,元大滬深300正2,68,9,59,第一金-台中,2024-09-27,5382
3481,群創,124,72,52,第一金-台中,2024-09-27,5382
2062,橋椿,52,1,51,第一金-台中,2024-09-27,5382
00937B,群益ESG投等債20,44,0,44,第一金-台中,2024-09-27,5382
2605,新興,68,25,43,第一金-台中,2024-09-27,5382
2891,中信金,52,13,39,第一金-台中,2024-09-27,5382
2641,正德,36,4,32,第一金-台中,2024-09-27,5382
6197,佳必琪,34,2,32,第一金-台中,2024-09-27,5382
00960,野村全球航運龍頭,31,0,31,第一金-台中,2024-09-27,5382
00752,中信中國50,30,0,30,第一金-台中,2024-09-27,5382
1721,三晃,59,30,29,第一金-台中,2024-09-27,5382
2637,慧洋-KY,41,13,28,第一金-台中,2024-09-27,5382
6142,友勁,27,0,27,第一金-台中,2024-09-27,5382
00929,復華台灣科技優息,54,27,27,第一金-台中,2024-09-27,5382
8032,光菱,23,0,23,第一金-台中,2024-09-27,5382
2892,第一金,23,0,23,第一金-台中,2024-09-27,5382
00679B,元大美債20年,25,2,23,第一金-台中,2024-09-27,5382
2323,中環,23,1,22,第一金-台中,2024-09-27,5382
00632R,元大台灣50反1,51,30,21,第一金-台中,2024-09-27,5382
2612,中航,20,0,20,第一金-台中,2024-09-27,5382
00688L,國泰20年美債正2,21,1,20,第一金-台中,2024-09-27,5382
6243,迅杰,40,21,19,第一金-台中,2024-09-27,5382
2014,中鴻,27,10,17,第一金-台中,2024-09-27,5382
2609,陽明,59,42,17,第一金-台中,2024-09-27,5382
4549,桓達,26,9,17,第一金-台中,2024-09-27,5382
00942B,台新美A公司債20+,18,2,16,第一金-台中,2024-09-27,5382
00650L,復華香港正2,15,0,15,第一金-台中,2024-09-27,5382
2349,錸德,16,1,15,第一金-台中,2024-09-27,5382
2406,國碩,20,5,15,第一金-台中,2024-09-27,5382
00687B,國泰20年美債,31,16,15,第一金-台中,2024-09-27,5382
5608,四維航,25,11,14,第一金-台中,2024-09-27,5382
00712,復華富時不動產,12,0,12,第一金-台中,2024-09-27,5382
1314,中石化,12,0,12,第一金-台中,2024-09-27,5382
2613,中櫃,55,43,12,第一金-台中,2024-09-27,5382
8150,南茂,12,0,12,第一金-台中,2024-09-27,5382
6462,神盾,13,1,12,第一金-台中,2024-09-27,5382
5438,東友,11,0,11,第一金-台中,2024-09-27,5382
00715L,期街口布蘭特正2,10,0,10,第一金-台中,2024-09-27,5382
1210,大成,10,0,10,第一金-台中,2024-09-27,5382
1305,華夏,10,0,10,第一金-台中,2024-09-27,5382
2492,華新科,10,0,10,第一金-台中,2024-09-27,5382
2545,皇翔,10,0,10,第一金-台中,2024-09-27,5382
6877,鏵友益,10,0,10,第一金-台中,2024-09-27,5382
6949,沛爾生醫-創,10,0,10,第一金-台中,2024-09-27,5382
9927,泰銘,10,0,10,第一金-台中,2024-09-27,5382
3056,富華新,10,0,10,第一金-台中,2024-09-27,5382
2337,旺宏,10,1,9,第一金-台中,2024-09-27,5382
2354,鴻準,11,2,9,第一金-台中,2024-09-27,5382
2408,南亞科,11,2,9,第一金-台中,2024-09-27,5382
2888,新光金,3516,1,3515,第一金-台中,2024-09-30,5382
00919,群益台灣精選高息,137,5,132,第一金-台中,2024-09-30,5382
00929,復華台灣科技優息,65,0,65,第一金-台中,2024-09-30,5382
00753L,中信中國50正2,78,25,53,第一金-台中,2024-09-30,5382
00632R,元大台灣50反1,33,1,32,第一金-台中,2024-09-30,5382
00687B,國泰20年美債,42,11,31,第一金-台中,2024-09-30,5382
00940,元大台灣價值高息,29,1,28,第一金-台中,2024-09-30,5382
1909,榮成,25,1,24,第一金-台中,2024-09-30,5382
2641,正德,25,1,24,第一金-台中,2024-09-30,5382
00720B,元大投資級公司債,24,1,23,第一金-台中,2024-09-30,5382
2504,國產,23,0,23,第一金-台中,2024-09-30,5382
6276,安鈦克,20,0,20,第一金-台中,2024-09-30,5382
2009,第一銅,21,2,19,第一金-台中,2024-09-30,5382
5443,均豪,25,6,19,第一金-台中,2024-09-30,5382
00878,國泰永續高股息,18,1,17,第一金-台中,2024-09-30,5382
2007,燁興,16,0,16,第一金-台中,2024-09-30,5382
2406,國碩,15,0,15,第一金-台中,2024-09-30,5382
5608,四維航,17,2,15,第一金-台中,2024-09-30,5382
1515,力山,14,0,14,第一金-台中,2024-09-30,5382
3625,西勝,14,0,14,第一金-台中,2024-09-30,5382
0056,元大高股息,16,4,12,第一金-台中,2024-09-30,5382
2356,英業達,12,0,12,第一金-台中,2024-09-30,5382
4979,華星光,19,7,12,第一金-台中,2024-09-30,5382
2030,彰源,11,0,11,第一金-台中,2024-09-30,5382
00891,中信關鍵半導體,11,0,11,第一金-台中,2024-09-30,5382
00712,復華富時不動產,11,0,11,第一金-台中,2024-09-30,5382
00947,台新臺灣IC設計,10,0,10,第一金-台中,2024-09-30,5382
1580,新麥,10,0,10,第一金-台中,2024-09-30,5382
2426,鼎元,10,0,10,第一金-台中,2024-09-30,5382
2457,飛宏,10,0,10,第一金-台中,2024-09-30,5382
2542,興富發,10,0,10,第一金-台中,2024-09-30,5382
4130,健亞,10,0,10,第一金-台中,2024-09-30,5382
5263,智崴,12,2,10,第一金-台中,2024-09-30,5382
2615,萬海,24,14,10,第一金-台中,2024-09-30,5382
2330,台積電,13,4,9,第一金-台中,2024-09-30,5382
2498,宏達電,26,17,9,第一金-台中,2024-09-30,5382
8096,擎亞,9,0,9,第一金-台中,2024-09-30,5382
2383,台光電,7,0,7,第一金-台中,2024-09-30,5382
00937B,群益ESG投等債20,9,2,7,第一金-台中,2024-09-30,5382
4527,方土霖,8,1,7,第一金-台中,2024-09-30,5382
2344,華邦電,8,1,7,第一金-台中,2024-09-30,5382
00692,富邦公司治理,6,0,6,第一金-台中,2024-09-30,5382
00935,野村臺灣新科技50,6,0,6,第一金-台中,2024-09-30,5382
1570,力肯,6,0,6,第一金-台中,2024-09-30,5382
1595,川寶,6,0,6,第一金-台中,2024-09-30,5382
1717,長興,7,1,6,第一金-台中,2024-09-30,5382
2402,毅嘉,6,0,6,第一金-台中,2024-09-30,5382
3073,天方能源,11,5,6,第一金-台中,2024-09-30,5382
3081,聯亞,19,13,6,第一金-台中,2024-09-30,5382
4977,眾達-KY,13,7,6,第一金-台中,2024-09-30,5382
00753L,中信中國50正2,142,0,142,第一金-台中,2024-10-01,5382
3576,聯合再生,85,0,85,第一金-台中,2024-10-01,5382
00633L,富邦上証正2,72,2,70,第一金-台中,2024-10-01,5382
6425,易發,72,3,69,第一金-台中,2024-10-01,5382
0056,元大高股息,63,0,63,第一金-台中,2024-10-01,5382
00887,永豐中國科技50大,73,13,60,第一金-台中,2024-10-01,5382
00929,復華台灣科技優息,62,3,59,第一金-台中,2024-10-01,5382
2399,映泰,99,41,58,第一金-台中,2024-10-01,5382
8068,全達,50,1,49,第一金-台中,2024-10-01,5382
1721,三晃,37,0,37,第一金-台中,2024-10-01,5382
2371,大同,26,0,26,第一金-台中,2024-10-01,5382
00642U,期元大S＆P石油,21,0,21,第一金-台中,2024-10-01,5382
00752,中信中國50,20,0,20,第一金-台中,2024-10-01,5382
2888,新光金,20,2,18,第一金-台中,2024-10-01,5382
00878,國泰永續高股息,17,0,17,第一金-台中,2024-10-01,5382
2312,金寶,14,0,14,第一金-台中,2024-10-01,5382
2801,彰銀,14,0,14,第一金-台中,2024-10-01,5382
00919,群益台灣精選高息,15,1,14,第一金-台中,2024-10-01,5382
6770,力積電,17,5,12,第一金-台中,2024-10-01,5382
6139,亞翔,12,1,11,第一金-台中,2024-10-01,5382
8467,波力-KY,11,0,11,第一金-台中,2024-10-01,5382
2030,彰源,10,0,10,第一金-台中,2024-10-01,5382
2855,統一證,10,0,10,第一金-台中,2024-10-01,5382
6202,盛群,10,0,10,第一金-台中,2024-10-01,5382
4909,新復興,19,10,9,第一金-台中,2024-10-01,5382
00918,大華優利高填息30,8,0,8,第一金-台中,2024-10-01,5382
00713,元大台灣高息低波,8,0,8,第一金-台中,2024-10-01,5382
00679B,元大美債20年,8,1,7,第一金-台中,2024-10-01,5382
2347,聯強,7,0,7,第一金-台中,2024-10-01,5382
00636,國泰中國A50,7,0,7,第一金-台中,2024-10-01,5382
6177,達麗,7,0,7,第一金-台中,2024-10-01,5382
6530,創威,36,29,7,第一金-台中,2024-10-01,5382
1309,台達化,7,1,6,第一金-台中,2024-10-01,5382
2002,中鋼,9,3,6,第一金-台中,2024-10-01,5382
1580,新麥,6,0,6,第一金-台中,2024-10-01,5382
1727,中華化,7,1,6,第一金-台中,2024-10-01,5382
3581,博磊,11,5,6,第一金-台中,2024-10-01,5382
3715,定穎投控,8,2,6,第一金-台中,2024-10-01,5382
2613,中櫃,9,3,6,第一金-台中,2024-10-01,5382
2504,國產,5,0,5,第一金-台中,2024-10-01,5382
3548,兆利,5,0,5,第一金-台中,2024-10-01,5382
00882,中信中國高股息,31,26,5,第一金-台中,2024-10-01,5382
1565,精華,6,1,5,第一金-台中,2024-10-01,5382
1815,富喬,11,6,5,第一金-台中,2024-10-01,5382
2070,精湛,22,17,5,第一金-台中,2024-10-01,5382
2495,普安,5,0,5,第一金-台中,2024-10-01,5382
2641,正德,5,0,5,第一金-台中,2024-10-01,5382
3552,同致,5,0,5,第一金-台中,2024-10-01,5382
4919,新唐,5,0,5,第一金-台中,2024-10-01,5382
8438,昶昕,5,0,5,第一金-台中,2024-10-01,5382
00650L,復華香港正2,383,2,381,第一金-台中,2024-10-04,5382
00753L,中信中國50正2,385,107,278,第一金-台中,2024-10-04,5382
00632R,元大台灣50反1,318,100,218,第一金-台中,2024-10-04,5382
00919,群益台灣精選高息,132,0,132,第一金-台中,2024-10-04,5382
2867,三商壽,100,0,100,第一金-台中,2024-10-04,5382
2881,富邦金,100,4,96,第一金-台中,2024-10-04,5382
00673R,期元大S＆P原油反1,50,0,50,第一金-台中,2024-10-04,5382
00940,元大台灣價值高息,65,20,45,第一金-台中,2024-10-04,5382
6274,台燿,43,1,42,第一金-台中,2024-10-04,5382
2425,承啟,58,17,41,第一金-台中,2024-10-04,5382
00680L,元大美債20正2,35,0,35,第一金-台中,2024-10-04,5382
0056,元大高股息,35,0,35,第一金-台中,2024-10-04,5382
2892,第一金,33,0,33,第一金-台中,2024-10-04,5382
2888,新光金,58,26,32,第一金-台中,2024-10-04,5382
2610,華航,38,10,28,第一金-台中,2024-10-04,5382
6425,易發,38,10,28,第一金-台中,2024-10-04,5382
4563,百德,70,43,27,第一金-台中,2024-10-04,5382
00679B,元大美債20年,31,4,27,第一金-台中,2024-10-04,5382
2498,宏達電,91,67,24,第一金-台中,2024-10-04,5382
2609,陽明,36,13,23,第一金-台中,2024-10-04,5382
1309,台達化,20,0,20,第一金-台中,2024-10-04,5382
00929,復華台灣科技優息,57,37,20,第一金-台中,2024-10-04,5382
00712,復華富時不動產,19,0,19,第一金-台中,2024-10-04,5382
2603,長榮,21,5,16,第一金-台中,2024-10-04,5382
2303,聯電,16,0,16,第一金-台中,2024-10-04,5382
4128,中天,16,0,16,第一金-台中,2024-10-04,5382
00937B,群益ESG投等債20,29,14,15,第一金-台中,2024-10-04,5382
2349,錸德,32,17,15,第一金-台中,2024-10-04,5382
6133,金橋,16,1,15,第一金-台中,2024-10-04,5382
00918,大華優利高填息30,15,1,14,第一金-台中,2024-10-04,5382
00939,統一台灣高息動能,14,0,14,第一金-台中,2024-10-04,5382
2618,長榮航,15,1,14,第一金-台中,2024-10-04,5382
2308,台達電,17,3,14,第一金-台中,2024-10-04,5382
6770,力積電,13,0,13,第一金-台中,2024-10-04,5382
2312,金寶,15,2,13,第一金-台中,2024-10-04,5382
2542,興富發,12,0,12,第一金-台中,2024-10-04,5382
00642U,期元大S＆P石油,12,0,12,第一金-台中,2024-10-04,5382
1216,統一,12,0,12,第一金-台中,2024-10-04,5382
1569,濱川,26,14,12,第一金-台中,2024-10-04,5382
2344,華邦電,12,1,11,第一金-台中,2024-10-04,5382
3055,蔚華科,11,0,11,第一金-台中,2024-10-04,5382
2615,萬海,12,1,11,第一金-台中,2024-10-04,5382
2382,廣達,12,2,10,第一金-台中,2024-10-04,5382
1313,聯成,10,0,10,第一金-台中,2024-10-04,5382
2328,廣宇,10,0,10,第一金-台中,2024-10-04,5382
5607,遠雄港,10,0,10,第一金-台中,2024-10-04,5382
9105,泰金寶-DR,10,0,10,第一金-台中,2024-10-04,5382
4526,東台,10,1,9,第一金-台中,2024-10-04,5382
4903,聯光通,43,34,9,第一金-台中,2024-10-04,5382
6869,雲豹能源,8,0,8,第一金-台中,2024-10-04,5382
2888,新光金,4624,434,4190,第一金-台中,2024-10-07,5382
00882,中信中國高股息,443,44,399,第一金-台中,2024-10-07,5382
00753L,中信中國50正2,236,55,181,第一金-台中,2024-10-07,5382
00637L,元大滬深300正2,192,96,96,第一金-台中,2024-10-07,5382
00665L,富邦�琤肭磪囓�2,88,17,71,第一金-台中,2024-10-07,5382
00706L,期元大S＆P日圓正2,55,0,55,第一金-台中,2024-10-07,5382
00632R,元大台灣50反1,61,10,51,第一金-台中,2024-10-07,5382
00673R,期元大S＆P原油反1,50,0,50,第一金-台中,2024-10-07,5382
3443,創意,50,1,49,第一金-台中,2024-10-07,5382
4542,科嶠,46,1,45,第一金-台中,2024-10-07,5382
00679B,元大美債20年,48,3,45,第一金-台中,2024-10-07,5382
00688L,國泰20年美債正2,50,9,41,第一金-台中,2024-10-07,5382
00887,永豐中國科技50大,47,7,40,第一金-台中,2024-10-07,5382
4128,中天,33,0,33,第一金-台中,2024-10-07,5382
00919,群益台灣精選高息,34,1,33,第一金-台中,2024-10-07,5382
2402,毅嘉,39,7,32,第一金-台中,2024-10-07,5382
00937B,群益ESG投等債20,47,16,31,第一金-台中,2024-10-07,5382
5443,均豪,52,22,30,第一金-台中,2024-10-07,5382
00952,凱基台灣AI50,25,3,22,第一金-台中,2024-10-07,5382
2337,旺宏,21,0,21,第一金-台中,2024-10-07,5382
1714,和桐,20,0,20,第一金-台中,2024-10-07,5382
6246,臺龍,20,0,20,第一金-台中,2024-10-07,5382
2892,第一金,18,0,18,第一金-台中,2024-10-07,5382
3550,聯穎,16,0,16,第一金-台中,2024-10-07,5382
0056,元大高股息,17,2,15,第一金-台中,2024-10-07,5382
00650L,復華香港正2,14,0,14,第一金-台中,2024-10-07,5382
3581,博磊,15,1,14,第一金-台中,2024-10-07,5382
00633L,富邦上証正2,24,12,12,第一金-台中,2024-10-07,5382
2615,萬海,35,23,12,第一金-台中,2024-10-07,5382
3583,辛耘,26,14,12,第一金-台中,2024-10-07,5382
00939,統一台灣高息動能,11,0,11,第一金-台中,2024-10-07,5382
1504,東元,12,1,11,第一金-台中,2024-10-07,5382
3049,精金,17,6,11,第一金-台中,2024-10-07,5382
1210,大成,10,0,10,第一金-台中,2024-10-07,5382
1477,聚陽,10,0,10,第一金-台中,2024-10-07,5382
6177,達麗,10,0,10,第一金-台中,2024-10-07,5382
8028,昇陽半導體,18,8,10,第一金-台中,2024-10-07,5382
00907,永豐優息存股,10,1,9,第一金-台中,2024-10-07,5382
00942B,台新美A公司債20+,9,0,9,第一金-台中,2024-10-07,5382
1584,精剛,9,0,9,第一金-台中,2024-10-07,5382
2316,楠梓電,12,3,9,第一金-台中,2024-10-07,5382
6104,創惟,12,3,9,第一金-台中,2024-10-07,5382
00878,國泰永續高股息,11,2,9,第一金-台中,2024-10-07,5382
1580,新麥,8,0,8,第一金-台中,2024-10-07,5382
1776,展宇,10,2,8,第一金-台中,2024-10-07,5382
3419,譁裕,10,2,8,第一金-台中,2024-10-07,5382
5603,陸海,10,2,8,第一金-台中,2024-10-07,5382
0061,元大寶滬深,8,0,8,第一金-台中,2024-10-07,5382
2313,華通,7,0,7,第一金-台中,2024-10-07,5382
3374,精材,11,4,7,第一金-台中,2024-10-07,5382
2888,新光金,1456,10,1446,第一金-台中,2024-10-08,5382
00937B,群益ESG投等債20,358,0,358,第一金-台中,2024-10-08,5382
00753L,中信中國50正2,218,0,218,第一金-台中,2024-10-08,5382
1464,得力,100,1,99,第一金-台中,2024-10-08,5382
00905,FT臺灣Smart,70,0,70,第一金-台中,2024-10-08,5382
2867,三商壽,61,0,61,第一金-台中,2024-10-08,5382
00929,復華台灣科技優息,49,2,47,第一金-台中,2024-10-08,5382
00687B,國泰20年美債,112,69,43,第一金-台中,2024-10-08,5382
00679B,元大美債20年,47,4,43,第一金-台中,2024-10-08,5382
3149,正達,72,30,42,第一金-台中,2024-10-08,5382
00688L,國泰20年美債正2,39,0,39,第一金-台中,2024-10-08,5382
1314,中石化,39,0,39,第一金-台中,2024-10-08,5382
00636,國泰中國A50,36,0,36,第一金-台中,2024-10-08,5382
2106,建大,35,0,35,第一金-台中,2024-10-08,5382
3209,全科,48,13,35,第一金-台中,2024-10-08,5382
00795B,中信美國公債20年,28,0,28,第一金-台中,2024-10-08,5382
6271,同欣電,25,0,25,第一金-台中,2024-10-08,5382
00665L,富邦�琤肭磪囓�2,42,18,24,第一金-台中,2024-10-08,5382
2892,第一金,24,0,24,第一金-台中,2024-10-08,5382
2363,矽統,84,62,22,第一金-台中,2024-10-08,5382
1714,和桐,20,0,20,第一金-台中,2024-10-08,5382
2312,金寶,20,0,20,第一金-台中,2024-10-08,5382
3615,安可,20,0,20,第一金-台中,2024-10-08,5382
8068,全達,20,0,20,第一金-台中,2024-10-08,5382
4542,科嶠,31,12,19,第一金-台中,2024-10-08,5382
6651,全宇昕,19,0,19,第一金-台中,2024-10-08,5382
3025,星通,49,31,18,第一金-台中,2024-10-08,5382
00878,國泰永續高股息,18,0,18,第一金-台中,2024-10-08,5382
6425,易發,23,6,17,第一金-台中,2024-10-08,5382
00918,大華優利高填息30,15,0,15,第一金-台中,2024-10-08,5382
00907,永豐優息存股,15,0,15,第一金-台中,2024-10-08,5382
2344,華邦電,15,1,14,第一金-台中,2024-10-08,5382
2409,友達,13,1,12,第一金-台中,2024-10-08,5382
0056,元大高股息,18,6,12,第一金-台中,2024-10-08,5382
2354,鴻準,12,1,11,第一金-台中,2024-10-08,5382
2425,承啟,23,12,11,第一金-台中,2024-10-08,5382
1752,南光,10,0,10,第一金-台中,2024-10-08,5382
00944,野村趨勢動能高息,10,0,10,第一金-台中,2024-10-08,5382
2328,廣宇,10,0,10,第一金-台中,2024-10-08,5382
2736,富野,10,0,10,第一金-台中,2024-10-08,5382
2884,玉山金,10,0,10,第一金-台中,2024-10-08,5382
2887,台新金,10,0,10,第一金-台中,2024-10-08,5382
2929,淘帝-KY,15,5,10,第一金-台中,2024-10-08,5382
3006,晶豪科,10,0,10,第一金-台中,2024-10-08,5382
6223,旺矽,13,3,10,第一金-台中,2024-10-08,5382
00639,富邦深100,10,1,9,第一金-台中,2024-10-08,5382
8261,富鼎,9,0,9,第一金-台中,2024-10-08,5382
00922,國泰台灣領袖50,9,0,9,第一金-台中,2024-10-08,5382
8111,立��,8,0,8,第一金-台中,2024-10-08,5382
00940,元大台灣價值高息,11,3,8,第一金-台中,2024-10-08,5382
2888,新光金,2107,107,2000,第一金-台中,2024-10-09,5382
2891,中信金,499,23,476,第一金-台中,2024-10-09,5382
00753L,中信中國50正2,342,4,338,第一金-台中,2024-10-09,5382
00882,中信中國高股息,311,17,294,第一金-台中,2024-10-09,5382
00937B,群益ESG投等債20,135,0,135,第一金-台中,2024-10-09,5382
00651R,復華香港反1,100,0,100,第一金-台中,2024-10-09,5382
00752,中信中國50,51,5,46,第一金-台中,2024-10-09,5382
00637L,元大滬深300正2,64,26,38,第一金-台中,2024-10-09,5382
3450,聯鈞,82,46,36,第一金-台中,2024-10-09,5382
2106,建大,35,0,35,第一金-台中,2024-10-09,5382
00706L,期元大S＆P日圓正2,35,1,34,第一金-台中,2024-10-09,5382
2007,燁興,30,0,30,第一金-台中,2024-10-09,5382
3042,晶技,30,0,30,第一金-台中,2024-10-09,5382
2601,益航,30,2,28,第一金-台中,2024-10-09,5382
00665L,富邦�琤肭磪囓�2,56,29,27,第一金-台中,2024-10-09,5382
2363,矽統,162,138,24,第一金-台中,2024-10-09,5382
1314,中石化,22,0,22,第一金-台中,2024-10-09,5382
1591,駿吉-KY,20,0,20,第一金-台中,2024-10-09,5382
2736,富野,20,0,20,第一金-台中,2024-10-09,5382
6937,天虹,24,4,20,第一金-台中,2024-10-09,5382
8068,全達,20,0,20,第一金-台中,2024-10-09,5382
5014,建錩,20,0,20,第一金-台中,2024-10-09,5382
00680L,元大美債20正2,20,4,16,第一金-台中,2024-10-09,5382
00688L,國泰20年美債正2,16,0,16,第一金-台中,2024-10-09,5382
4542,科嶠,16,0,16,第一金-台中,2024-10-09,5382
6806,森崴能源,16,0,16,第一金-台中,2024-10-09,5382
6152,百一,14,0,14,第一金-台中,2024-10-09,5382
00712,復華富時不動產,14,1,13,第一金-台中,2024-10-09,5382
4128,中天,13,0,13,第一金-台中,2024-10-09,5382
6156,松上,15,3,12,第一金-台中,2024-10-09,5382
2402,毅嘉,29,17,12,第一金-台中,2024-10-09,5382
3706,神達,11,0,11,第一金-台中,2024-10-09,5382
2365,昆盈,18,8,10,第一金-台中,2024-10-09,5382
2511,太子,10,0,10,第一金-台中,2024-10-09,5382
3094,聯傑,10,0,10,第一金-台中,2024-10-09,5382
4510,高鋒,10,0,10,第一金-台中,2024-10-09,5382
6163,華電網,10,0,10,第一金-台中,2024-10-09,5382
6581,鋼聯,10,0,10,第一金-台中,2024-10-09,5382
6830,汎銓,16,6,10,第一金-台中,2024-10-09,5382
8043,蜜望實,10,0,10,第一金-台中,2024-10-09,5382
00915,凱基優選高股息30,12,2,10,第一金-台中,2024-10-09,5382
2303,聯電,9,0,9,第一金-台中,2024-10-09,5382
6207,雷科,31,22,9,第一金-台中,2024-10-09,5382
00919,群益台灣精選高息,24,15,9,第一金-台中,2024-10-09,5382
8076,伍豐,8,0,8,第一金-台中,2024-10-09,5382
2002,中鋼,80,72,8,第一金-台中,2024-10-09,5382
2201,裕隆,8,0,8,第一金-台中,2024-10-09,5382
3209,全科,11,3,8,第一金-台中,2024-10-09,5382
3419,譁裕,8,0,8,第一金-台中,2024-10-09,5382
5876,上海商銀,7,0,7,第一金-台中,2024-10-09,5382
00882,中信中國高股息,178,13,165,第一金-台中,2024-10-11,5382
00680L,元大美債20正2,92,2,90,第一金-台中,2024-10-11,5382
2426,鼎元,61,3,58,第一金-台中,2024-10-11,5382
00632R,元大台灣50反1,60,6,54,第一金-台中,2024-10-11,5382
00673R,期元大S＆P原油反1,50,0,50,第一金-台中,2024-10-11,5382
00905,FT臺灣Smart,50,0,50,第一金-台中,2024-10-11,5382
2103,台橡,50,0,50,第一金-台中,2024-10-11,5382
2007,燁興,40,0,40,第一金-台中,2024-10-11,5382
1717,長興,45,7,38,第一金-台中,2024-10-11,5382
4414,如興,33,0,33,第一金-台中,2024-10-11,5382
00637L,元大滬深300正2,73,41,32,第一金-台中,2024-10-11,5382
0061,元大寶滬深,30,0,30,第一金-台中,2024-10-11,5382
2601,益航,31,1,30,第一金-台中,2024-10-11,5382
2421,建準,31,4,27,第一金-台中,2024-10-11,5382
8076,伍豐,25,0,25,第一金-台中,2024-10-11,5382
2344,華邦電,31,9,22,第一金-台中,2024-10-11,5382
6425,易發,65,47,18,第一金-台中,2024-10-11,5382
8111,立��,18,0,18,第一金-台中,2024-10-11,5382
3481,群創,51,33,18,第一金-台中,2024-10-11,5382
1785,光洋科,30,13,17,第一金-台中,2024-10-11,5382
00931B,統一美債20年,16,0,16,第一金-台中,2024-10-11,5382
3491,昇達科,15,0,15,第一金-台中,2024-10-11,5382
6177,達麗,16,1,15,第一金-台中,2024-10-11,5382
2887,台新金,14,0,14,第一金-台中,2024-10-11,5382
4971,IET-KY,23,9,14,第一金-台中,2024-10-11,5382
2637,慧洋-KY,13,0,13,第一金-台中,2024-10-11,5382
3163,波若威,35,22,13,第一金-台中,2024-10-11,5382
2356,英業達,12,0,12,第一金-台中,2024-10-11,5382
3149,正達,21,9,12,第一金-台中,2024-10-11,5382
3037,欣興,12,1,11,第一金-台中,2024-10-11,5382
5483,中美晶,11,0,11,第一金-台中,2024-10-11,5382
00907,永豐優息存股,12,1,11,第一金-台中,2024-10-11,5382
00650L,復華香港正2,10,0,10,第一金-台中,2024-10-11,5382
00948B,中信優息投資級債,10,0,10,第一金-台中,2024-10-11,5382
1312,國喬,10,0,10,第一金-台中,2024-10-11,5382
2324,仁寶,10,0,10,第一金-台中,2024-10-11,5382
2605,新興,10,0,10,第一金-台中,2024-10-11,5382
2801,彰銀,10,0,10,第一金-台中,2024-10-11,5382
2883,凱基金,40,30,10,第一金-台中,2024-10-11,5382
3094,聯傑,10,0,10,第一金-台中,2024-10-11,5382
00933B,國泰10Y+金融債,10,0,10,第一金-台中,2024-10-11,5382
6218,豪勉,9,0,9,第一金-台中,2024-10-11,5382
8011,台通,46,37,9,第一金-台中,2024-10-11,5382
2388,威盛,11,3,8,第一金-台中,2024-10-11,5382
2449,京元電子,96,88,8,第一金-台中,2024-10-11,5382
3055,蔚華科,11,3,8,第一金-台中,2024-10-11,5382
3234,光環,10,2,8,第一金-台中,2024-10-11,5382
3714,富采,10,2,8,第一金-台中,2024-10-11,5382
00688L,國泰20年美債正2,10,3,7,第一金-台中,2024-10-11,5382
3706,神達,10,3,7,第一金-台中,2024-10-11,5382
00679B,元大美債20年,135,14,121,第一金-台中,2024-10-14,5382
00937B,群益ESG投等債20,81,1,80,第一金-台中,2024-10-14,5382
00887,永豐中國科技50大,71,1,70,第一金-台中,2024-10-14,5382
00687B,國泰20年美債,91,36,55,第一金-台中,2024-10-14,5382
1219,福壽,55,0,55,第一金-台中,2024-10-14,5382
00673R,期元大S＆P原油反1,50,0,50,第一金-台中,2024-10-14,5382
2887,台新金,46,0,46,第一金-台中,2024-10-14,5382
3450,聯鈞,64,21,43,第一金-台中,2024-10-14,5382
2106,建大,35,0,35,第一金-台中,2024-10-14,5382
3715,定穎投控,36,2,34,第一金-台中,2024-10-14,5382
4414,如興,30,0,30,第一金-台中,2024-10-14,5382
4530,宏易,30,0,30,第一金-台中,2024-10-14,5382
00688L,國泰20年美債正2,29,0,29,第一金-台中,2024-10-14,5382
1464,得力,30,2,28,第一金-台中,2024-10-14,5382
3062,建漢,31,4,27,第一金-台中,2024-10-14,5382
3042,晶技,25,0,25,第一金-台中,2024-10-14,5382
00753L,中信中國50正2,25,2,23,第一金-台中,2024-10-14,5382
00922,國泰台灣領袖50,23,0,23,第一金-台中,2024-10-14,5382
5452,佶優,33,11,22,第一金-台中,2024-10-14,5382
00933B,國泰10Y+金融債,22,0,22,第一金-台中,2024-10-14,5382
2312,金寶,30,8,22,第一金-台中,2024-10-14,5382
0061,元大寶滬深,20,0,20,第一金-台中,2024-10-14,5382
00795B,中信美國公債20年,19,0,19,第一金-台中,2024-10-14,5382
3231,緯創,18,5,13,第一金-台中,2024-10-14,5382
1591,駿吉-KY,13,0,13,第一金-台中,2024-10-14,5382
2344,華邦電,13,0,13,第一金-台中,2024-10-14,5382
2383,台光電,13,0,13,第一金-台中,2024-10-14,5382
00752,中信中國50,11,0,11,第一金-台中,2024-10-14,5382
00725B,國泰投資級公司債,11,0,11,第一金-台中,2024-10-14,5382
2337,旺宏,11,0,11,第一金-台中,2024-10-14,5382
00650L,復華香港正2,10,0,10,第一金-台中,2024-10-14,5382
00706L,期元大S＆P日圓正2,10,0,10,第一金-台中,2024-10-14,5382
2480,敦陽科,10,0,10,第一金-台中,2024-10-14,5382
3211,順達,10,0,10,第一金-台中,2024-10-14,5382
1584,精剛,10,1,9,第一金-台中,2024-10-14,5382
00712,復華富時不動產,8,0,8,第一金-台中,2024-10-14,5382
00751B,元大AAA至A公司債,8,0,8,第一金-台中,2024-10-14,5382
00637L,元大滬深300正2,16,8,8,第一金-台中,2024-10-14,5382
9105,泰金寶-DR,10,3,7,第一金-台中,2024-10-14,5382
3163,波若威,13,6,7,第一金-台中,2024-10-14,5382
3339,泰谷,7,0,7,第一金-台中,2024-10-14,5382
6525,捷敏-KY,9,2,7,第一金-台中,2024-10-14,5382
00878,國泰永續高股息,7,0,7,第一金-台中,2024-10-14,5382
1310,台苯,6,0,6,第一金-台中,2024-10-14,5382
2102,泰豐,6,0,6,第一金-台中,2024-10-14,5382
6937,天虹,6,0,6,第一金-台中,2024-10-14,5382
00931B,統一美債20年,5,0,5,第一金-台中,2024-10-14,5382
00915,凱基優選高股息30,6,1,5,第一金-台中,2024-10-14,5382
3094,聯傑,5,0,5,第一金-台中,2024-10-14,5382
6213,聯茂,5,0,5,第一金-台中,2024-10-14,5382
2888,新光金,6093,21,6072,第一金-台中,2024-10-15,5382
3231,緯創,257,25,232,第一金-台中,2024-10-15,5382
4555,氣立,50,0,50,第一金-台中,2024-10-15,5382
00645,富邦日本,39,0,39,第一金-台中,2024-10-15,5382
00882,中信中國高股息,41,3,38,第一金-台中,2024-10-15,5382
00715L,期街口布蘭特正2,36,0,36,第一金-台中,2024-10-15,5382
3062,建漢,112,77,35,第一金-台中,2024-10-15,5382
2106,建大,35,0,35,第一金-台中,2024-10-15,5382
00929,復華台灣科技優息,46,14,32,第一金-台中,2024-10-15,5382
00637L,元大滬深300正2,38,6,32,第一金-台中,2024-10-15,5382
00887,永豐中國科技50大,36,5,31,第一金-台中,2024-10-15,5382
6284,佳邦,29,0,29,第一金-台中,2024-10-15,5382
4919,新唐,26,1,25,第一金-台中,2024-10-15,5382
6806,森崴能源,28,4,24,第一金-台中,2024-10-15,5382
2241,艾姆勒,46,25,21,第一金-台中,2024-10-15,5382
6142,友勁,21,0,21,第一金-台中,2024-10-15,5382
5234,達興材料,20,0,20,第一金-台中,2024-10-15,5382
3605,宏致,19,0,19,第一金-台中,2024-10-15,5382
00959B,大華投等美債15Y+,20,2,18,第一金-台中,2024-10-15,5382
2891,中信金,26,8,18,第一金-台中,2024-10-15,5382
00922,國泰台灣領袖50,21,4,17,第一金-台中,2024-10-15,5382
00679B,元大美債20年,18,1,17,第一金-台中,2024-10-15,5382
6457,紘康,14,0,14,第一金-台中,2024-10-15,5382
4956,光鋐,57,43,14,第一金-台中,2024-10-15,5382
2486,一詮,23,10,13,第一金-台中,2024-10-15,5382
2887,台新金,12,1,11,第一金-台中,2024-10-15,5382
5230,雷笛克光學,32,21,11,第一金-台中,2024-10-15,5382
2542,興富發,11,1,10,第一金-台中,2024-10-15,5382
00752,中信中國50,11,1,10,第一金-台中,2024-10-15,5382
00664R,國泰臺灣加權反1,10,0,10,第一金-台中,2024-10-15,5382
1464,得力,10,0,10,第一金-台中,2024-10-15,5382
2515,中工,10,0,10,第一金-台中,2024-10-15,5382
3615,安可,10,0,10,第一金-台中,2024-10-15,5382
3714,富采,30,20,10,第一金-台中,2024-10-15,5382
6127,九豪,10,0,10,第一金-台中,2024-10-15,5382
2436,偉詮電,9,0,9,第一金-台中,2024-10-15,5382
2498,宏達電,18,9,9,第一金-台中,2024-10-15,5382
8112,至上,10,2,8,第一金-台中,2024-10-15,5382
00665L,富邦�琤肭磪囓�2,15,7,8,第一金-台中,2024-10-15,5382
2399,映泰,29,21,8,第一金-台中,2024-10-15,5382
3094,聯傑,8,0,8,第一金-台中,2024-10-15,5382
8367,建新國際,8,0,8,第一金-台中,2024-10-15,5382
4909,新復興,10,2,8,第一金-台中,2024-10-15,5382
2317,鴻海,40,33,7,第一金-台中,2024-10-15,5382
2388,威盛,8,1,7,第一金-台中,2024-10-15,5382
1591,駿吉-KY,7,0,7,第一金-台中,2024-10-15,5382
00933B,國泰10Y+金融債,7,0,7,第一金-台中,2024-10-15,5382
2501,國建,8,1,7,第一金-台中,2024-10-15,5382
2736,富野,7,0,7,第一金-台中,2024-10-15,5382
6207,雷科,8,1,7,第一金-台中,2024-10-15,5382
2888,新光金,5005,124,4881,第一金-台中,2024-10-16,5382
2891,中信金,1000,15,985,第一金-台中,2024-10-16,5382
00632R,元大台灣50反1,144,21,123,第一金-台中,2024-10-16,5382
2426,鼎元,98,12,86,第一金-台中,2024-10-16,5382
00687B,國泰20年美債,94,20,74,第一金-台中,2024-10-16,5382
0056,元大高股息,74,0,74,第一金-台中,2024-10-16,5382
1314,中石化,72,0,72,第一金-台中,2024-10-16,5382
6742,澤米,63,0,63,第一金-台中,2024-10-16,5382
00887,永豐中國科技50大,57,1,56,第一金-台中,2024-10-16,5382
3379,彬台,44,4,40,第一金-台中,2024-10-16,5382
2365,昆盈,51,12,39,第一金-台中,2024-10-16,5382
6770,力積電,38,0,38,第一金-台中,2024-10-16,5382
00922,國泰台灣領袖50,31,0,31,第一金-台中,2024-10-16,5382
2344,華邦電,30,0,30,第一金-台中,2024-10-16,5382
8240,華宏,30,2,28,第一金-台中,2024-10-16,5382
00937B,群益ESG投等債20,35,10,25,第一金-台中,2024-10-16,5382
6506,雙邦,25,0,25,第一金-台中,2024-10-16,5382
6288,聯嘉,25,5,20,第一金-台中,2024-10-16,5382
1464,得力,20,0,20,第一金-台中,2024-10-16,5382
2892,第一金,19,0,19,第一金-台中,2024-10-16,5382
00637L,元大滬深300正2,29,10,19,第一金-台中,2024-10-16,5382
5452,佶優,36,18,18,第一金-台中,2024-10-16,5382
2330,台積電,22,4,18,第一金-台中,2024-10-16,5382
00665L,富邦�琤肭磪囓�2,85,70,15,第一金-台中,2024-10-16,5382
3029,零壹,17,2,15,第一金-台中,2024-10-16,5382
5236,凌陽創新,16,3,13,第一金-台中,2024-10-16,5382
00951,台新日本半導體,11,0,11,第一金-台中,2024-10-16,5382
3231,緯創,14,3,11,第一金-台中,2024-10-16,5382
3710,連展投控,11,0,11,第一金-台中,2024-10-16,5382
6284,佳邦,11,0,11,第一金-台中,2024-10-16,5382
00645,富邦日本,10,0,10,第一金-台中,2024-10-16,5382
00912,中信臺灣智慧50,10,0,10,第一金-台中,2024-10-16,5382
2359,所羅門,26,16,10,第一金-台中,2024-10-16,5382
6763,綠界科技*,10,0,10,第一金-台中,2024-10-16,5382
2408,南亞科,10,0,10,第一金-台中,2024-10-16,5382
2455,全新,9,0,9,第一金-台中,2024-10-16,5382
00961,FT臺灣永續高息,9,0,9,第一金-台中,2024-10-16,5382
6525,捷敏-KY,18,9,9,第一金-台中,2024-10-16,5382
6937,天虹,11,2,9,第一金-台中,2024-10-16,5382
3149,正達,24,15,9,第一金-台中,2024-10-16,5382
4977,眾達-KY,10,2,8,第一金-台中,2024-10-16,5382
5230,雷笛克光學,32,24,8,第一金-台中,2024-10-16,5382
2883,凱基金,8,1,7,第一金-台中,2024-10-16,5382
00881,國泰台灣5G+,7,0,7,第一金-台中,2024-10-16,5382
3094,聯傑,7,0,7,第一金-台中,2024-10-16,5382
6830,汎銓,22,15,7,第一金-台中,2024-10-16,5382
8111,立��,69,62,7,第一金-台中,2024-10-16,5382
2382,廣達,16,9,7,第一金-台中,2024-10-16,5382
00946,群益科技高息成長,7,0,7,第一金-台中,2024-10-16,5382
00915,凱基優選高股息30,7,1,6,第一金-台中,2024-10-16,5382
00882,中信中國高股息,310,0,310,第一金-台中,2024-10-17,5382
00887,永豐中國科技50大,122,1,121,第一金-台中,2024-10-17,5382
00637L,元大滬深300正2,134,20,114,第一金-台中,2024-10-17,5382
4566,時碩工業,60,2,58,第一金-台中,2024-10-17,5382
8011,台通,55,0,55,第一金-台中,2024-10-17,5382
0056,元大高股息,58,4,54,第一金-台中,2024-10-17,5382
00688L,國泰20年美債正2,47,0,47,第一金-台中,2024-10-17,5382
00922,國泰台灣領袖50,46,0,46,第一金-台中,2024-10-17,5382
3029,零壹,40,0,40,第一金-台中,2024-10-17,5382
2892,第一金,37,5,32,第一金-台中,2024-10-17,5382
2354,鴻準,39,7,32,第一金-台中,2024-10-17,5382
1473,台南,30,0,30,第一金-台中,2024-10-17,5382
6763,綠界科技*,91,61,30,第一金-台中,2024-10-17,5382
00937B,群益ESG投等債20,30,1,29,第一金-台中,2024-10-17,5382
00929,復華台灣科技優息,29,2,27,第一金-台中,2024-10-17,5382
9105,泰金寶-DR,25,0,25,第一金-台中,2024-10-17,5382
2399,映泰,136,111,25,第一金-台中,2024-10-17,5382
8404,百和興業-KY,29,4,25,第一金-台中,2024-10-17,5382
6125,廣運,41,19,22,第一金-台中,2024-10-17,5382
00905,FT臺灣Smart,22,0,22,第一金-台中,2024-10-17,5382
00733,富邦臺灣中小,20,0,20,第一金-台中,2024-10-17,5382
1304,台聚,20,0,20,第一金-台中,2024-10-17,5382
6806,森崴能源,20,0,20,第一金-台中,2024-10-17,5382
3356,奇偶,16,0,16,第一金-台中,2024-10-17,5382
8111,立��,28,12,16,第一金-台中,2024-10-17,5382
8064,東捷,26,11,15,第一金-台中,2024-10-17,5382
3576,聯合再生,14,0,14,第一金-台中,2024-10-17,5382
8374,羅昇,44,30,14,第一金-台中,2024-10-17,5382
3706,神達,13,0,13,第一金-台中,2024-10-17,5382
4526,東台,15,2,13,第一金-台中,2024-10-17,5382
5452,佶優,35,22,13,第一金-台中,2024-10-17,5382
3060,銘異,13,1,12,第一金-台中,2024-10-17,5382
6282,康舒,12,0,12,第一金-台中,2024-10-17,5382
3551,世禾,11,0,11,第一金-台中,2024-10-17,5382
006205,富邦上証,10,0,10,第一金-台中,2024-10-17,5382
0061,元大寶滬深,10,0,10,第一金-台中,2024-10-17,5382
3035,智原,10,0,10,第一金-台中,2024-10-17,5382
5230,雷笛克光學,28,18,10,第一金-台中,2024-10-17,5382
5609,中菲行,10,0,10,第一金-台中,2024-10-17,5382
1528,恩德,56,46,10,第一金-台中,2024-10-17,5382
00941,中信上游半導體,9,0,9,第一金-台中,2024-10-17,5382
3339,泰谷,13,5,8,第一金-台中,2024-10-17,5382
3715,定穎投控,18,10,8,第一金-台中,2024-10-17,5382
4533,協易機,23,15,8,第一金-台中,2024-10-17,5382
3498,陽程,11,3,8,第一金-台中,2024-10-17,5382
2353,宏��,10,2,8,第一金-台中,2024-10-17,5382
2374,佳能,10,3,7,第一金-台中,2024-10-17,5382
6197,佳必琪,10,3,7,第一金-台中,2024-10-17,5382
1712,興農,6,0,6,第一金-台中,2024-10-17,5382
2601,益航,6,0,6,第一金-台中,2024-10-17,5382
00887,永豐中國科技50大,193,0,193,第一金-台中,2024-10-18,5382
00877,復華中國5G,120,2,118,第一金-台中,2024-10-18,5382
00679B,元大美債20年,112,1,111,第一金-台中,2024-10-18,5382
00632R,元大台灣50反1,111,0,111,第一金-台中,2024-10-18,5382
00937B,群益ESG投等債20,96,6,90,第一金-台中,2024-10-18,5382
00687B,國泰20年美債,102,18,84,第一金-台中,2024-10-18,5382
00882,中信中國高股息,83,0,83,第一金-台中,2024-10-18,5382
2312,金寶,147,71,76,第一金-台中,2024-10-18,5382
2867,三商壽,90,27,63,第一金-台中,2024-10-18,5382
4510,高鋒,86,31,55,第一金-台中,2024-10-18,5382
3231,緯創,57,6,51,第一金-台中,2024-10-18,5382
00673R,期元大S＆P原油反1,50,0,50,第一金-台中,2024-10-18,5382
2402,毅嘉,51,5,46,第一金-台中,2024-10-18,5382
4562,穎漢,110,68,42,第一金-台中,2024-10-18,5382
6223,旺矽,35,0,35,第一金-台中,2024-10-18,5382
1455,集盛,31,0,31,第一金-台中,2024-10-18,5382
3209,全科,41,10,31,第一金-台中,2024-10-18,5382
6234,高僑,33,3,30,第一金-台中,2024-10-18,5382
00637L,元大滬深300正2,31,4,27,第一金-台中,2024-10-18,5382
8028,昇陽半導體,46,19,27,第一金-台中,2024-10-18,5382
1785,光洋科,55,30,25,第一金-台中,2024-10-18,5382
0056,元大高股息,37,14,23,第一金-台中,2024-10-18,5382
4561,健椿,20,0,20,第一金-台中,2024-10-18,5382
8011,台通,20,0,20,第一金-台中,2024-10-18,5382
2363,矽統,40,22,18,第一金-台中,2024-10-18,5382
00929,復華台灣科技優息,24,7,17,第一金-台中,2024-10-18,5382
4566,時碩工業,20,5,15,第一金-台中,2024-10-18,5382
3013,晟銘電,67,55,12,第一金-台中,2024-10-18,5382
00919,群益台灣精選高息,15,3,12,第一金-台中,2024-10-18,5382
3615,安可,19,7,12,第一金-台中,2024-10-18,5382
6770,力積電,12,0,12,第一金-台中,2024-10-18,5382
2449,京元電子,20,9,11,第一金-台中,2024-10-18,5382
00665L,富邦�琤肭磪囓�2,90,79,11,第一金-台中,2024-10-18,5382
00664R,國泰臺灣加權反1,11,0,11,第一金-台中,2024-10-18,5382
00953B,群益優選非投等債,10,0,10,第一金-台中,2024-10-18,5382
2328,廣宇,10,0,10,第一金-台中,2024-10-18,5382
2515,中工,10,0,10,第一金-台中,2024-10-18,5382
4909,新復興,13,3,10,第一金-台中,2024-10-18,5382
5452,佶優,12,2,10,第一金-台中,2024-10-18,5382
6177,達麗,10,0,10,第一金-台中,2024-10-18,5382
6217,中探針,10,0,10,第一金-台中,2024-10-18,5382
6841,長佳智能,10,0,10,第一金-台中,2024-10-18,5382
3037,欣興,10,0,10,第一金-台中,2024-10-18,5382
00922,國泰台灣領袖50,21,12,9,第一金-台中,2024-10-18,5382
6830,汎銓,9,0,9,第一金-台中,2024-10-18,5382
2303,聯電,8,0,8,第一金-台中,2024-10-18,5382
00688L,國泰20年美債正2,14,6,8,第一金-台中,2024-10-18,5382
00933B,國泰10Y+金融債,8,0,8,第一金-台中,2024-10-18,5382
2344,華邦電,8,0,8,第一金-台中,2024-10-18,5382
2421,建準,17,9,8,第一金-台中,2024-10-18,5382
00937B,群益ESG投等債20,156,0,156,第一金-台中,2024-10-21,5382
00887,永豐中國科技50大,160,22,138,第一金-台中,2024-10-21,5382
2103,台橡,100,0,100,第一金-台中,2024-10-21,5382
00679B,元大美債20年,77,0,77,第一金-台中,2024-10-21,5382
00712,復華富時不動產,67,0,67,第一金-台中,2024-10-21,5382
00878,國泰永續高股息,71,31,40,第一金-台中,2024-10-21,5382
00639,富邦深100,34,0,34,第一金-台中,2024-10-21,5382
1597,直得,49,17,32,第一金-台中,2024-10-21,5382
2609,陽明,37,5,32,第一金-台中,2024-10-21,5382
00715L,期街口布蘭特正2,31,0,31,第一金-台中,2024-10-21,5382
2363,矽統,109,80,29,第一金-台中,2024-10-21,5382
3011,今皓,32,4,28,第一金-台中,2024-10-21,5382
2891,中信金,25,0,25,第一金-台中,2024-10-21,5382
00687B,國泰20年美債,25,1,24,第一金-台中,2024-10-21,5382
2014,中鴻,30,8,22,第一金-台中,2024-10-21,5382
3605,宏致,38,16,22,第一金-台中,2024-10-21,5382
3149,正達,27,6,21,第一金-台中,2024-10-21,5382
4549,桓達,20,0,20,第一金-台中,2024-10-21,5382
00882,中信中國高股息,21,2,19,第一金-台中,2024-10-21,5382
00637L,元大滬深300正2,39,20,19,第一金-台中,2024-10-21,5382
00895,富邦未來車,18,0,18,第一金-台中,2024-10-21,5382
1569,濱川,27,9,18,第一金-台中,2024-10-21,5382
2402,毅嘉,20,2,18,第一金-台中,2024-10-21,5382
3031,佰鴻,21,5,16,第一金-台中,2024-10-21,5382
2882,國泰金,15,0,15,第一金-台中,2024-10-21,5382
2367,燿華,20,5,15,第一金-台中,2024-10-21,5382
00927,群益半導體收益,13,0,13,第一金-台中,2024-10-21,5382
3481,群創,13,0,13,第一金-台中,2024-10-21,5382
2303,聯電,13,1,12,第一金-台中,2024-10-21,5382
2486,一詮,13,1,12,第一金-台中,2024-10-21,5382
00961,FT臺灣永續高息,12,0,12,第一金-台中,2024-10-21,5382
2618,長榮航,20,8,12,第一金-台中,2024-10-21,5382
2883,凱基金,12,0,12,第一金-台中,2024-10-21,5382
00636,國泰中國A50,11,0,11,第一金-台中,2024-10-21,5382
4510,高鋒,25,14,11,第一金-台中,2024-10-21,5382
5284,jpp-KY,13,2,11,第一金-台中,2024-10-21,5382
1227,佳格,10,0,10,第一金-台中,2024-10-21,5382
1711,永光,14,4,10,第一金-台中,2024-10-21,5382
1727,中華化,22,12,10,第一金-台中,2024-10-21,5382
3339,泰谷,12,2,10,第一金-台中,2024-10-21,5382
6127,九豪,10,0,10,第一金-台中,2024-10-21,5382
1513,中興電,10,1,9,第一金-台中,2024-10-21,5382
2344,華邦電,13,4,9,第一金-台中,2024-10-21,5382
2449,京元電子,11,2,9,第一金-台中,2024-10-21,5382
00675L,富邦臺灣加權正2,9,1,8,第一金-台中,2024-10-21,5382
00912,中信臺灣智慧50,8,0,8,第一金-台中,2024-10-21,5382
8085,福華,10,2,8,第一金-台中,2024-10-21,5382
00795B,中信美國公債20年,7,0,7,第一金-台中,2024-10-21,5382
00915,凱基優選高股息30,7,0,7,第一金-台中,2024-10-21,5382
00751B,元大AAA至A公司債,7,0,7,第一金-台中,2024-10-21,5382
00680L,元大美債20正2,135,0,135,第一金-台中,2024-10-22,5382
00887,永豐中國科技50大,126,0,126,第一金-台中,2024-10-22,5382
2103,台橡,98,0,98,第一金-台中,2024-10-22,5382
00679B,元大美債20年,165,88,77,第一金-台中,2024-10-22,5382
4414,如興,70,0,70,第一金-台中,2024-10-22,5382
2543,皇昌,63,1,62,第一金-台中,2024-10-22,5382
4763,材料-KY,59,0,59,第一金-台中,2024-10-22,5382
3231,緯創,71,14,57,第一金-台中,2024-10-22,5382
00688L,國泰20年美債正2,44,0,44,第一金-台中,2024-10-22,5382
00687B,國泰20年美債,122,85,37,第一金-台中,2024-10-22,5382
00632R,元大台灣50反1,121,86,35,第一金-台中,2024-10-22,5382
2106,建大,35,0,35,第一金-台中,2024-10-22,5382
00905,FT臺灣Smart,31,0,31,第一金-台中,2024-10-22,5382
00725B,國泰投資級公司債,39,8,31,第一金-台中,2024-10-22,5382
00715L,期街口布蘭特正2,30,0,30,第一金-台中,2024-10-22,5382
00933B,國泰10Y+金融債,27,0,27,第一金-台中,2024-10-22,5382
00929,復華台灣科技優息,32,5,27,第一金-台中,2024-10-22,5382
0050,元大台灣50,26,1,25,第一金-台中,2024-10-22,5382
00773B,中信優先金融債,24,0,24,第一金-台中,2024-10-22,5382
6151,晉倫,44,22,22,第一金-台中,2024-10-22,5382
6763,綠界科技*,23,1,22,第一金-台中,2024-10-22,5382
3443,創意,20,0,20,第一金-台中,2024-10-22,5382
1785,光洋科,73,55,18,第一金-台中,2024-10-22,5382
4533,協易機,24,6,18,第一金-台中,2024-10-22,5382
00931B,統一美債20年,22,5,17,第一金-台中,2024-10-22,5382
00948B,中信優息投資級債,16,0,16,第一金-台中,2024-10-22,5382
3049,精金,26,10,16,第一金-台中,2024-10-22,5382
1605,華新,15,0,15,第一金-台中,2024-10-22,5382
4540,全球傳動,23,10,13,第一金-台中,2024-10-22,5382
2887,台新金,12,0,12,第一金-台中,2024-10-22,5382
00712,復華富時不動產,12,0,12,第一金-台中,2024-10-22,5382
1301,台塑,11,0,11,第一金-台中,2024-10-22,5382
2891,中信金,14,4,10,第一金-台中,2024-10-22,5382
00645,富邦日本,10,0,10,第一金-台中,2024-10-22,5382
00959B,大華投等美債15Y+,10,0,10,第一金-台中,2024-10-22,5382
1802,台玻,10,0,10,第一金-台中,2024-10-22,5382
3051,力特,10,0,10,第一金-台中,2024-10-22,5382
4919,新唐,10,0,10,第一金-台中,2024-10-22,5382
6830,汎銓,15,5,10,第一金-台中,2024-10-22,5382
3030,德律,9,0,9,第一金-台中,2024-10-22,5382
3227,原相,9,0,9,第一金-台中,2024-10-22,5382
5315,光聯,20,12,8,第一金-台中,2024-10-22,5382
6698,旭暉應材,10,2,8,第一金-台中,2024-10-22,5382
1528,恩德,21,13,8,第一金-台中,2024-10-22,5382
8341,日友,7,0,7,第一金-台中,2024-10-22,5382
2736,富野,7,0,7,第一金-台中,2024-10-22,5382
8227,巨有科技,7,0,7,第一金-台中,2024-10-22,5382
2344,華邦電,8,2,6,第一金-台中,2024-10-22,5382
00772B,中信高評級公司債,6,0,6,第一金-台中,2024-10-22,5382
00795B,中信美國公債20年,6,0,6,第一金-台中,2024-10-22,5382
2882,國泰金,307,0,307,第一金-台中,2024-10-23,5382
00887,永豐中國科技50大,104,0,104,第一金-台中,2024-10-23,5382
00877,復華中國5G,100,0,100,第一金-台中,2024-10-23,5382
00937B,群益ESG投等債20,59,0,59,第一金-台中,2024-10-23,5382
3055,蔚華科,72,16,56,第一金-台中,2024-10-23,5382
6120,達運,55,2,53,第一金-台中,2024-10-23,5382
5460,同協,50,1,49,第一金-台中,2024-10-23,5382
00922,國泰台灣領袖50,50,2,48,第一金-台中,2024-10-23,5382
4414,如興,38,0,38,第一金-台中,2024-10-23,5382
00753L,中信中國50正2,44,13,31,第一金-台中,2024-10-23,5382
00907,永豐優息存股,31,0,31,第一金-台中,2024-10-23,5382
3664,安瑞-KY,31,0,31,第一金-台中,2024-10-23,5382
00664R,國泰臺灣加權反1,30,0,30,第一金-台中,2024-10-23,5382
00945B,凱基美國非投等債,30,0,30,第一金-台中,2024-10-23,5382
2891,中信金,31,5,26,第一金-台中,2024-10-23,5382
00637L,元大滬深300正2,75,50,25,第一金-台中,2024-10-23,5382
2369,菱生,27,3,24,第一金-台中,2024-10-23,5382
2542,興富發,24,0,24,第一金-台中,2024-10-23,5382
00662,富邦NASDAQ,23,1,22,第一金-台中,2024-10-23,5382
4755,三福化,22,0,22,第一金-台中,2024-10-23,5382
2329,華泰,34,12,22,第一金-台中,2024-10-23,5382
1717,長興,21,0,21,第一金-台中,2024-10-23,5382
3443,創意,20,0,20,第一金-台中,2024-10-23,5382
00712,復華富時不動產,19,0,19,第一金-台中,2024-10-23,5382
00932,兆豐永續高息等權,19,0,19,第一金-台中,2024-10-23,5382
2399,映泰,85,66,19,第一金-台中,2024-10-23,5382
4916,事欣科,22,3,19,第一金-台中,2024-10-23,5382
6197,佳必琪,45,26,19,第一金-台中,2024-10-23,5382
00687B,國泰20年美債,17,0,17,第一金-台中,2024-10-23,5382
2439,美律,17,0,17,第一金-台中,2024-10-23,5382
3450,聯鈞,27,11,16,第一金-台中,2024-10-23,5382
3221,台嘉碩,15,0,15,第一金-台中,2024-10-23,5382
2402,毅嘉,16,1,15,第一金-台中,2024-10-23,5382
8111,立��,18,5,13,第一金-台中,2024-10-23,5382
8028,昇陽半導體,20,8,12,第一金-台中,2024-10-23,5382
3060,銘異,16,5,11,第一金-台中,2024-10-23,5382
4569,六方科-KY,11,0,11,第一金-台中,2024-10-23,5382
6425,易發,11,0,11,第一金-台中,2024-10-23,5382
0052,富邦科技,10,0,10,第一金-台中,2024-10-23,5382
2892,第一金,10,0,10,第一金-台中,2024-10-23,5382
6142,友勁,10,0,10,第一金-台中,2024-10-23,5382
8404,百和興業-KY,47,37,10,第一金-台中,2024-10-23,5382
3363,上詮,21,12,9,第一金-台中,2024-10-23,5382
00878,國泰永續高股息,8,0,8,第一金-台中,2024-10-23,5382
2367,燿華,15,7,8,第一金-台中,2024-10-23,5382
4909,新復興,9,1,8,第一金-台中,2024-10-23,5382
00751B,元大AAA至A公司債,7,0,7,第一金-台中,2024-10-23,5382
00957B,兆豐US優選投等債,7,0,7,第一金-台中,2024-10-23,5382
2349,錸德,8,1,7,第一金-台中,2024-10-23,5382
2497,怡利電,7,0,7,第一金-台中,2024-10-23,5382
00950B,凱基A級公司債,1000,0,1000,第一金-台中,2024-10-24,5382
2882,國泰金,392,2,390,第一金-台中,2024-10-24,5382
4414,如興,162,0,162,第一金-台中,2024-10-24,5382
00887,永豐中國科技50大,77,0,77,第一金-台中,2024-10-24,5382
3231,緯創,63,3,60,第一金-台中,2024-10-24,5382
00929,復華台灣科技優息,46,4,42,第一金-台中,2024-10-24,5382
2007,燁興,40,0,40,第一金-台中,2024-10-24,5382
0056,元大高股息,44,5,39,第一金-台中,2024-10-24,5382
00937B,群益ESG投等債20,38,0,38,第一金-台中,2024-10-24,5382
00922,國泰台灣領袖50,34,0,34,第一金-台中,2024-10-24,5382
8024,佑華,31,0,31,第一金-台中,2024-10-24,5382
00680L,元大美債20正2,30,0,30,第一金-台中,2024-10-24,5382
3663,鑫科,53,23,30,第一金-台中,2024-10-24,5382
2317,鴻海,47,19,28,第一金-台中,2024-10-24,5382
00882,中信中國高股息,30,2,28,第一金-台中,2024-10-24,5382
2388,威盛,29,2,27,第一金-台中,2024-10-24,5382
3580,友威科,29,3,26,第一金-台中,2024-10-24,5382
00878,國泰永續高股息,25,0,25,第一金-台中,2024-10-24,5382
00907,永豐優息存股,24,0,24,第一金-台中,2024-10-24,5382
00933B,國泰10Y+金融債,24,0,24,第一金-台中,2024-10-24,5382
6806,森崴能源,24,0,24,第一金-台中,2024-10-24,5382
1101,台泥,22,0,22,第一金-台中,2024-10-24,5382
8043,蜜望實,35,13,22,第一金-台中,2024-10-24,5382
00945B,凱基美國非投等債,20,0,20,第一金-台中,2024-10-24,5382
00959B,大華投等美債15Y+,20,0,20,第一金-台中,2024-10-24,5382
3687,歐買尬,20,0,20,第一金-台中,2024-10-24,5382
9934,成霖,20,0,20,第一金-台中,2024-10-24,5382
3029,零壹,23,5,18,第一金-台中,2024-10-24,5382
5490,同亨,22,4,18,第一金-台中,2024-10-24,5382
00751B,元大AAA至A公司債,16,0,16,第一金-台中,2024-10-24,5382
00753L,中信中國50正2,20,5,15,第一金-台中,2024-10-24,5382
00943,兆豐電子高息等權,15,0,15,第一金-台中,2024-10-24,5382
3189,景碩,16,1,15,第一金-台中,2024-10-24,5382
3221,台嘉碩,15,0,15,第一金-台中,2024-10-24,5382
2405,輔信,29,15,14,第一金-台中,2024-10-24,5382
00919,群益台灣精選高息,18,4,14,第一金-台中,2024-10-24,5382
00927,群益半導體收益,13,0,13,第一金-台中,2024-10-24,5382
6763,綠界科技*,26,14,12,第一金-台中,2024-10-24,5382
00712,復華富時不動產,12,0,12,第一金-台中,2024-10-24,5382
00918,大華優利高填息30,13,1,12,第一金-台中,2024-10-24,5382
8249,菱光,13,2,11,第一金-台中,2024-10-24,5382
00900,富邦特選高股息30,11,0,11,第一金-台中,2024-10-24,5382
2498,宏達電,14,3,11,第一金-台中,2024-10-24,5382
6414,樺漢,11,0,11,第一金-台中,2024-10-24,5382
2603,長榮,10,0,10,第一金-台中,2024-10-24,5382
00665L,富邦�琤肭磪囓�2,19,9,10,第一金-台中,2024-10-24,5382
00645,富邦日本,10,0,10,第一金-台中,2024-10-24,5382
00946,群益科技高息成長,10,0,10,第一金-台中,2024-10-24,5382
2103,台橡,10,0,10,第一金-台中,2024-10-24,5382
2467,志聖,10,0,10,第一金-台中,2024-10-24,5382
00632R,元大台灣50反1,150,0,150,第一金-台中,2024-10-25,5382
3481,群創,103,41,62,第一金-台中,2024-10-25,5382
2353,宏��,45,1,44,第一金-台中,2024-10-25,5382
00937B,群益ESG投等債20,47,6,41,第一金-台中,2024-10-25,5382
00887,永豐中國科技50大,39,0,39,第一金-台中,2024-10-25,5382
00637L,元大滬深300正2,23,1,22,第一金-台中,2024-10-25,5382
4414,如興,22,0,22,第一金-台中,2024-10-25,5382
00679B,元大美債20年,22,0,22,第一金-台中,2024-10-25,5382
2344,華邦電,23,1,22,第一金-台中,2024-10-25,5382
8183,精星,20,0,20,第一金-台中,2024-10-25,5382
00687B,國泰20年美債,19,0,19,第一金-台中,2024-10-25,5382
3707,漢磊,21,2,19,第一金-台中,2024-10-25,5382
00645,富邦日本,17,0,17,第一金-台中,2024-10-25,5382
4569,六方科-KY,23,6,17,第一金-台中,2024-10-25,5382
00753L,中信中國50正2,16,1,15,第一金-台中,2024-10-25,5382
00960,野村全球航運龍頭,13,0,13,第一金-台中,2024-10-25,5382
3013,晟銘電,26,13,13,第一金-台中,2024-10-25,5382
3710,連展投控,12,0,12,第一金-台中,2024-10-25,5382
3693,營邦,12,0,12,第一金-台中,2024-10-25,5382
00915,凱基優選高股息30,12,1,11,第一金-台中,2024-10-25,5382
2337,旺宏,11,0,11,第一金-台中,2024-10-25,5382
3615,安可,19,8,11,第一金-台中,2024-10-25,5382
8021,尖點,16,5,11,第一金-台中,2024-10-25,5382
2890,永豐金,10,0,10,第一金-台中,2024-10-25,5382
00957B,兆豐US優選投等債,10,0,10,第一金-台中,2024-10-25,5382
2498,宏達電,10,0,10,第一金-台中,2024-10-25,5382
4526,東台,10,0,10,第一金-台中,2024-10-25,5382
6770,力積電,11,1,10,第一金-台中,2024-10-25,5382
3450,聯鈞,14,5,9,第一金-台中,2024-10-25,5382
2324,仁寶,10,1,9,第一金-台中,2024-10-25,5382
2495,普安,29,20,9,第一金-台中,2024-10-25,5382
3049,精金,9,0,9,第一金-台中,2024-10-25,5382
2609,陽明,10,1,9,第一金-台中,2024-10-25,5382
2610,華航,11,3,8,第一金-台中,2024-10-25,5382
3031,佰鴻,8,0,8,第一金-台中,2024-10-25,5382
3581,博磊,15,7,8,第一金-台中,2024-10-25,5382
3680,家登,10,2,8,第一金-台中,2024-10-25,5382
3715,定穎投控,12,4,8,第一金-台中,2024-10-25,5382
6609,瀧澤科,13,5,8,第一金-台中,2024-10-25,5382
9935,慶豐富,8,0,8,第一金-台中,2024-10-25,5382
1464,得力,10,2,8,第一金-台中,2024-10-25,5382
2303,聯電,7,0,7,第一金-台中,2024-10-25,5382
00959B,大華投等美債15Y+,7,0,7,第一金-台中,2024-10-25,5382
6246,臺龍,9,2,7,第一金-台中,2024-10-25,5382
2736,富野,7,0,7,第一金-台中,2024-10-25,5382
6168,宏齊,7,0,7,第一金-台中,2024-10-25,5382
2883,凱基金,6,0,6,第一金-台中,2024-10-25,5382
2408,南亞科,6,0,6,第一金-台中,2024-10-25,5382
2241,艾姆勒,6,0,6,第一金-台中,2024-10-25,5382
1584,精剛,6,0,6,第一金-台中,2024-10-25,5382
00950B,凱基A級公司債,200,0,200,第一金-台中,2024-10-28,5382
2646,星宇航空,159,45,114,第一金-台中,2024-10-28,5382
00937B,群益ESG投等債20,85,0,85,第一金-台中,2024-10-28,5382
6763,綠界科技*,54,2,52,第一金-台中,2024-10-28,5382
2477,美隆電,84,37,47,第一金-台中,2024-10-28,5382
00679B,元大美債20年,110,66,44,第一金-台中,2024-10-28,5382
8011,台通,41,0,41,第一金-台中,2024-10-28,5382
2312,金寶,62,28,34,第一金-台中,2024-10-28,5382
00882,中信中國高股息,31,0,31,第一金-台中,2024-10-28,5382
4956,光鋐,31,2,29,第一金-台中,2024-10-28,5382
4414,如興,28,0,28,第一金-台中,2024-10-28,5382
00687B,國泰20年美債,83,63,20,第一金-台中,2024-10-28,5382
00959B,大華投等美債15Y+,20,0,20,第一金-台中,2024-10-28,5382
2002,中鋼,23,3,20,第一金-台中,2024-10-28,5382
2104,國際中橡,20,0,20,第一金-台中,2024-10-28,5382
4162,智擎,21,1,20,第一金-台中,2024-10-28,5382
6472,保瑞,20,1,19,第一金-台中,2024-10-28,5382
3105,穩懋,19,1,18,第一金-台中,2024-10-28,5382
6821,聯寶,17,0,17,第一金-台中,2024-10-28,5382
00715L,期街口布蘭特正2,15,0,15,第一金-台中,2024-10-28,5382
8064,東捷,21,6,15,第一金-台中,2024-10-28,5382
2892,第一金,16,2,14,第一金-台中,2024-10-28,5382
6770,力積電,14,0,14,第一金-台中,2024-10-28,5382
2402,毅嘉,15,3,12,第一金-台中,2024-10-28,5382
00712,復華富時不動產,11,0,11,第一金-台中,2024-10-28,5382
2615,萬海,29,18,11,第一金-台中,2024-10-28,5382
1605,華新,11,0,11,第一金-台中,2024-10-28,5382
3707,漢磊,11,0,11,第一金-台中,2024-10-28,5382
5536,聖暉*,13,2,11,第一金-台中,2024-10-28,5382
6438,迅得,11,0,11,第一金-台中,2024-10-28,5382
8021,尖點,11,0,11,第一金-台中,2024-10-28,5382
00915,凱基優選高股息30,10,0,10,第一金-台中,2024-10-28,5382
00641R,富邦日本反1,10,0,10,第一金-台中,2024-10-28,5382
1528,恩德,11,1,10,第一金-台中,2024-10-28,5382
2498,宏達電,11,1,10,第一金-台中,2024-10-28,5382
3494,誠研,10,0,10,第一金-台中,2024-10-28,5382
4577,達航科技,10,0,10,第一金-台中,2024-10-28,5382
4919,新唐,12,2,10,第一金-台中,2024-10-28,5382
8028,昇陽半導體,11,1,10,第一金-台中,2024-10-28,5382
2439,美律,9,0,9,第一金-台中,2024-10-28,5382
6283,淳安,10,1,9,第一金-台中,2024-10-28,5382
00929,復華台灣科技優息,12,5,7,第一金-台中,2024-10-28,5382
6246,臺龍,7,0,7,第一金-台中,2024-10-28,5382
00960,野村全球航運龍頭,6,0,6,第一金-台中,2024-10-28,5382
1325,恆大,14,8,6,第一金-台中,2024-10-28,5382
1718,中纖,6,0,6,第一金-台中,2024-10-28,5382
2349,錸德,6,0,6,第一金-台中,2024-10-28,5382
3491,昇達科,6,0,6,第一金-台中,2024-10-28,5382
3663,鑫科,8,2,6,第一金-台中,2024-10-28,5382
6609,瀧澤科,12,6,6,第一金-台中,2024-10-28,5382
2882,國泰金,575,0,575,第一金-台中,2024-10-29,5382
3481,群創,110,10,100,第一金-台中,2024-10-29,5382
6283,淳安,101,9,92,第一金-台中,2024-10-29,5382
00919,群益台灣精選高息,97,14,83,第一金-台中,2024-10-29,5382
00929,復華台灣科技優息,74,0,74,第一金-台中,2024-10-29,5382
00637L,元大滬深300正2,45,0,45,第一金-台中,2024-10-29,5382
2892,第一金,38,0,38,第一金-台中,2024-10-29,5382
2476,鉅祥,37,0,37,第一金-台中,2024-10-29,5382
0056,元大高股息,43,8,35,第一金-台中,2024-10-29,5382
00715L,期街口布蘭特正2,33,0,33,第一金-台中,2024-10-29,5382
2323,中環,32,0,32,第一金-台中,2024-10-29,5382
6806,森崴能源,31,0,31,第一金-台中,2024-10-29,5382
3029,零壹,32,3,29,第一金-台中,2024-10-29,5382
4576,大銀微系統,30,1,29,第一金-台中,2024-10-29,5382
6150,撼訊,31,2,29,第一金-台中,2024-10-29,5382
00940,元大台灣價值高息,29,1,28,第一金-台中,2024-10-29,5382
2495,普安,44,19,25,第一金-台中,2024-10-29,5382
3354,律勝,24,0,24,第一金-台中,2024-10-29,5382
6821,聯寶,26,2,24,第一金-台中,2024-10-29,5382
2007,燁興,20,0,20,第一金-台中,2024-10-29,5382
2104,國際中橡,20,0,20,第一金-台中,2024-10-29,5382
4527,方土霖,22,2,20,第一金-台中,2024-10-29,5382
00878,國泰永續高股息,29,9,20,第一金-台中,2024-10-29,5382
6770,力積電,32,15,17,第一金-台中,2024-10-29,5382
2646,星宇航空,23,6,17,第一金-台中,2024-10-29,5382
3035,智原,20,4,16,第一金-台中,2024-10-29,5382
2363,矽統,16,0,16,第一金-台中,2024-10-29,5382
00795B,中信美國公債20年,16,0,16,第一金-台中,2024-10-29,5382
2515,中工,16,0,16,第一金-台中,2024-10-29,5382
2867,三商壽,16,0,16,第一金-台中,2024-10-29,5382
6156,松上,24,8,16,第一金-台中,2024-10-29,5382
00915,凱基優選高股息30,15,0,15,第一金-台中,2024-10-29,5382
2887,台新金,15,0,15,第一金-台中,2024-10-29,5382
4414,如興,15,0,15,第一金-台中,2024-10-29,5382
8064,東捷,53,38,15,第一金-台中,2024-10-29,5382
2303,聯電,14,0,14,第一金-台中,2024-10-29,5382
2399,映泰,26,12,14,第一金-台中,2024-10-29,5382
2408,南亞科,12,0,12,第一金-台中,2024-10-29,5382
2349,錸德,12,0,12,第一金-台中,2024-10-29,5382
2354,鴻準,60,48,12,第一金-台中,2024-10-29,5382
3605,宏致,12,0,12,第一金-台中,2024-10-29,5382
5880,合庫金,11,0,11,第一金-台中,2024-10-29,5382
1301,台塑,10,0,10,第一金-台中,2024-10-29,5382
00935,野村臺灣新科技50,10,0,10,第一金-台中,2024-10-29,5382
2511,太子,10,0,10,第一金-台中,2024-10-29,5382
2601,益航,10,0,10,第一金-台中,2024-10-29,5382
3374,精材,12,2,10,第一金-台中,2024-10-29,5382
5202,力新,12,2,10,第一金-台中,2024-10-29,5382
3711,日月光投控,16,6,10,第一金-台中,2024-10-29,5382
00712,復華富時不動產,10,0,10,第一金-台中,2024-10-29,5382
4414,如興,135,0,135,第一金-台中,2024-10-30,5382
00887,永豐中國科技50大,109,0,109,第一金-台中,2024-10-30,5382
4558,寶緯,111,6,105,第一金-台中,2024-10-30,5382
00680L,元大美債20正2,62,0,62,第一金-台中,2024-10-30,5382
00937B,群益ESG投等債20,62,1,61,第一金-台中,2024-10-30,5382
3663,鑫科,56,1,55,第一金-台中,2024-10-30,5382
2892,第一金,35,0,35,第一金-台中,2024-10-30,5382
2891,中信金,32,0,32,第一金-台中,2024-10-30,5382
0056,元大高股息,34,3,31,第一金-台中,2024-10-30,5382
2328,廣宇,45,18,27,第一金-台中,2024-10-30,5382
00679B,元大美債20年,26,1,25,第一金-台中,2024-10-30,5382
1314,中石化,25,0,25,第一金-台中,2024-10-30,5382
2425,承啟,27,3,24,第一金-台中,2024-10-30,5382
2323,中環,21,0,21,第一金-台中,2024-10-30,5382
1464,得力,20,0,20,第一金-台中,2024-10-30,5382
3013,晟銘電,28,9,19,第一金-台中,2024-10-30,5382
00940,元大台灣價值高息,26,8,18,第一金-台中,2024-10-30,5382
00929,復華台灣科技優息,20,3,17,第一金-台中,2024-10-30,5382
6246,臺龍,17,1,16,第一金-台中,2024-10-30,5382
00712,復華富時不動產,16,0,16,第一金-台中,2024-10-30,5382
00753L,中信中國50正2,16,0,16,第一金-台中,2024-10-30,5382
3060,銘異,18,2,16,第一金-台中,2024-10-30,5382
1605,華新,15,0,15,第一金-台中,2024-10-30,5382
00946,群益科技高息成長,14,0,14,第一金-台中,2024-10-30,5382
2477,美隆電,62,48,14,第一金-台中,2024-10-30,5382
3062,建漢,21,7,14,第一金-台中,2024-10-30,5382
2543,皇昌,13,1,12,第一金-台中,2024-10-30,5382
6271,同欣電,12,0,12,第一金-台中,2024-10-30,5382
4532,瑞智,11,0,11,第一金-台中,2024-10-30,5382
6821,聯寶,13,2,11,第一金-台中,2024-10-30,5382
00915,凱基優選高股息30,10,0,10,第一金-台中,2024-10-30,5382
00715L,期街口布蘭特正2,10,0,10,第一金-台中,2024-10-30,5382
8404,百和興業-KY,10,0,10,第一金-台中,2024-10-30,5382
00878,國泰永續高股息,9,0,9,第一金-台中,2024-10-30,5382
2392,正崴,12,3,9,第一金-台中,2024-10-30,5382
2317,鴻海,30,22,8,第一金-台中,2024-10-30,5382
2337,旺宏,10,2,8,第一金-台中,2024-10-30,5382
3094,聯傑,8,0,8,第一金-台中,2024-10-30,5382
3162,精確,8,0,8,第一金-台中,2024-10-30,5382
3605,宏致,8,0,8,第一金-台中,2024-10-30,5382
8091,翔名,9,1,8,第一金-台中,2024-10-30,5382
3086,華義,9,1,8,第一金-台中,2024-10-30,5382
00665L,富邦�琤肭磪囓�2,14,7,7,第一金-台中,2024-10-30,5382
00938,凱基優選30,7,0,7,第一金-台中,2024-10-30,5382
3083,網龍,7,0,7,第一金-台中,2024-10-30,5382
5302,太欣,7,0,7,第一金-台中,2024-10-30,5382
6109,亞元,18,11,7,第一金-台中,2024-10-30,5382
6770,力積電,7,0,7,第一金-台中,2024-10-30,5382
6806,森崴能源,7,0,7,第一金-台中,2024-10-30,5382
5880,合庫金,6,0,6,第一金-台中,2024-10-30,5382
8044,網家,150,1,149,第一金-台中,2024-11-01,5382
2646,星宇航空,139,10,129,第一金-台中,2024-11-01,5382
6770,力積電,102,2,100,第一金-台中,2024-11-01,5382
00919,群益台灣精選高息,53,0,53,第一金-台中,2024-11-01,5382
00878,國泰永續高股息,50,0,50,第一金-台中,2024-11-01,5382
2317,鴻海,51,7,44,第一金-台中,2024-11-01,5382
00937B,群益ESG投等債20,48,6,42,第一金-台中,2024-11-01,5382
6763,綠界科技*,41,0,41,第一金-台中,2024-11-01,5382
2615,萬海,62,28,34,第一金-台中,2024-11-01,5382
00895,富邦未來車,25,0,25,第一金-台中,2024-11-01,5382
00679B,元大美債20年,26,2,24,第一金-台中,2024-11-01,5382
3605,宏致,24,0,24,第一金-台中,2024-11-01,5382
2337,旺宏,24,2,22,第一金-台中,2024-11-01,5382
00757,統一FANG+,20,0,20,第一金-台中,2024-11-01,5382
2609,陽明,58,38,20,第一金-台中,2024-11-01,5382
2303,聯電,27,7,20,第一金-台中,2024-11-01,5382
1464,得力,20,0,20,第一金-台中,2024-11-01,5382
00712,復華富時不動產,19,0,19,第一金-台中,2024-11-01,5382
00915,凱基優選高股息30,18,0,18,第一金-台中,2024-11-01,5382
00887,永豐中國科技50大,26,8,18,第一金-台中,2024-11-01,5382
00938,凱基優選30,19,2,17,第一金-台中,2024-11-01,5382
2611,志信,16,0,16,第一金-台中,2024-11-01,5382
6821,聯寶,15,0,15,第一金-台中,2024-11-01,5382
4414,如興,14,0,14,第一金-台中,2024-11-01,5382
2891,中信金,13,0,13,第一金-台中,2024-11-01,5382
00753L,中信中國50正2,13,0,13,第一金-台中,2024-11-01,5382
2880,華南金,13,0,13,第一金-台中,2024-11-01,5382
5438,東友,37,25,12,第一金-台中,2024-11-01,5382
3047,訊舟,50,39,11,第一金-台中,2024-11-01,5382
8028,昇陽半導體,16,5,11,第一金-台中,2024-11-01,5382
00891,中信關鍵半導體,10,0,10,第一金-台中,2024-11-01,5382
1528,恩德,21,11,10,第一金-台中,2024-11-01,5382
5609,中菲行,10,0,10,第一金-台中,2024-11-01,5382
6425,易發,45,35,10,第一金-台中,2024-11-01,5382
2887,台新金,9,1,8,第一金-台中,2024-11-01,5382
006208,富邦台50,9,1,8,第一金-台中,2024-11-01,5382
0050,元大台灣50,9,1,8,第一金-台中,2024-11-01,5382
1307,三芳,7,0,7,第一金-台中,2024-11-01,5382
3711,日月光投控,10,3,7,第一金-台中,2024-11-01,5382
6235,華孚,7,0,7,第一金-台中,2024-11-01,5382
2368,金像電,6,0,6,第一金-台中,2024-11-01,5382
00642U,期元大S＆P石油,6,0,6,第一金-台中,2024-11-01,5382
3062,建漢,10,4,6,第一金-台中,2024-11-01,5382
3324,雙鴻,8,2,6,第一金-台中,2024-11-01,5382
3402,漢科,6,0,6,第一金-台中,2024-11-01,5382
3686,達能,7,1,6,第一金-台中,2024-11-01,5382
5607,遠雄港,6,0,6,第一金-台中,2024-11-01,5382
2009,第一銅,5,0,5,第一金-台中,2024-11-01,5382
3687,歐買尬,5,0,5,第一金-台中,2024-11-01,5382
6282,康舒,5,0,5,第一金-台中,2024-11-01,5382
3703,欣陸,200,0,200,第一金-台中,2024-11-04,5382
00878,國泰永續高股息,165,1,164,第一金-台中,2024-11-04,5382
1532,勤美,150,0,150,第一金-台中,2024-11-04,5382
00937B,群益ESG投等債20,107,0,107,第一金-台中,2024-11-04,5382
00679B,元大美債20年,90,10,80,第一金-台中,2024-11-04,5382
4414,如興,78,0,78,第一金-台中,2024-11-04,5382
3605,宏致,72,0,72,第一金-台中,2024-11-04,5382
00933B,國泰10Y+金融債,71,0,71,第一金-台中,2024-11-04,5382
00712,復華富時不動產,65,1,64,第一金-台中,2024-11-04,5382
2106,建大,50,0,50,第一金-台中,2024-11-04,5382
6804,明係,50,0,50,第一金-台中,2024-11-04,5382
00919,群益台灣精選高息,48,6,42,第一金-台中,2024-11-04,5382
2646,星宇航空,36,3,33,第一金-台中,2024-11-04,5382
4919,新唐,30,1,29,第一金-台中,2024-11-04,5382
2303,聯電,26,3,23,第一金-台中,2024-11-04,5382
3019,亞光,24,2,22,第一金-台中,2024-11-04,5382
3047,訊舟,22,0,22,第一金-台中,2024-11-04,5382
00687B,國泰20年美債,27,5,22,第一金-台中,2024-11-04,5382
8111,立��,65,44,21,第一金-台中,2024-11-04,5382
2007,燁興,20,0,20,第一金-台中,2024-11-04,5382
6133,金橋,21,1,20,第一金-台中,2024-11-04,5382
3450,聯鈞,39,19,20,第一金-台中,2024-11-04,5382
00751B,元大AAA至A公司債,16,0,16,第一金-台中,2024-11-04,5382
00633L,富邦上証正2,15,0,15,第一金-台中,2024-11-04,5382
2605,新興,15,0,15,第一金-台中,2024-11-04,5382
6821,聯寶,15,0,15,第一金-台中,2024-11-04,5382
00795B,中信美國公債20年,18,5,13,第一金-台中,2024-11-04,5382
4541,晟田,13,0,13,第一金-台中,2024-11-04,5382
00907,永豐優息存股,11,0,11,第一金-台中,2024-11-04,5382
00891,中信關鍵半導體,10,0,10,第一金-台中,2024-11-04,5382
00830,國泰費城半導體,10,0,10,第一金-台中,2024-11-04,5382
6806,森崴能源,10,0,10,第一金-台中,2024-11-04,5382
3105,穩懋,11,1,10,第一金-台中,2024-11-04,5382
1605,華新,10,0,10,第一金-台中,2024-11-04,5382
6830,汎銓,10,0,10,第一金-台中,2024-11-04,5382
2034,允強,9,0,9,第一金-台中,2024-11-04,5382
5443,均豪,9,0,9,第一金-台中,2024-11-04,5382
00887,永豐中國科技50大,10,2,8,第一金-台中,2024-11-04,5382
8032,光菱,32,24,8,第一金-台中,2024-11-04,5382
00915,凱基優選高股息30,7,0,7,第一金-台中,2024-11-04,5382
00943,兆豐電子高息等權,7,0,7,第一金-台中,2024-11-04,5382
00946,群益科技高息成長,7,0,7,第一金-台中,2024-11-04,5382
3481,群創,13,7,6,第一金-台中,2024-11-04,5382
00639,富邦深100,6,0,6,第一金-台中,2024-11-04,5382
3230,錦明,15,9,6,第一金-台中,2024-11-04,5382
8021,尖點,9,3,6,第一金-台中,2024-11-04,5382
2812,台中銀,5,0,5,第一金-台中,2024-11-04,5382
6425,易發,5,0,5,第一金-台中,2024-11-04,5382
00930,永豐ESG低碳高息,5,0,5,第一金-台中,2024-11-04,5382
00637L,元大滬深300正2,5,0,5,第一金-台中,2024-11-04,5382
9933,中鼎,200,0,200,第一金-台中,2024-11-05,5382
2609,陽明,71,15,56,第一金-台中,2024-11-05,5382
00919,群益台灣精選高息,46,2,44,第一金-台中,2024-11-05,5382
1540,喬福,46,5,41,第一金-台中,2024-11-05,5382
00953B,群益優選非投等債,40,0,40,第一金-台中,2024-11-05,5382
00680L,元大美債20正2,32,0,32,第一金-台中,2024-11-05,5382
00878,國泰永續高股息,57,26,31,第一金-台中,2024-11-05,5382
4903,聯光通,36,8,28,第一金-台中,2024-11-05,5382
4912,聯德控股-KY,27,0,27,第一金-台中,2024-11-05,5382
2367,燿華,20,0,20,第一金-台中,2024-11-05,5382
00900,富邦特選高股息30,16,0,16,第一金-台中,2024-11-05,5382
00932,兆豐永續高息等權,15,0,15,第一金-台中,2024-11-05,5382
2834,臺企銀,15,0,15,第一金-台中,2024-11-05,5382
3049,精金,19,4,15,第一金-台中,2024-11-05,5382
00946,群益科技高息成長,15,0,15,第一金-台中,2024-11-05,5382
00930,永豐ESG低碳高息,14,0,14,第一金-台中,2024-11-05,5382
00943,兆豐電子高息等權,15,1,14,第一金-台中,2024-11-05,5382
2356,英業達,53,39,14,第一金-台中,2024-11-05,5382
2328,廣宇,15,2,13,第一金-台中,2024-11-05,5382
2351,順德,13,0,13,第一金-台中,2024-11-05,5382
00830,國泰費城半導體,12,0,12,第一金-台中,2024-11-05,5382
3230,錦明,20,9,11,第一金-台中,2024-11-05,5382
00887,永豐中國科技50大,26,15,11,第一金-台中,2024-11-05,5382
2762,世界健身-KY,11,0,11,第一金-台中,2024-11-05,5382
2382,廣達,14,3,11,第一金-台中,2024-11-05,5382
00927,群益半導體收益,11,0,11,第一金-台中,2024-11-05,5382
00795B,中信美國公債20年,10,0,10,第一金-台中,2024-11-05,5382
2477,美隆電,15,5,10,第一金-台中,2024-11-05,5382
2636,台驊控股,10,0,10,第一金-台中,2024-11-05,5382
3490,單井,10,0,10,第一金-台中,2024-11-05,5382
5521,工信,10,0,10,第一金-台中,2024-11-05,5382
6426,統新,10,0,10,第一金-台中,2024-11-05,5382
0056,元大高股息,14,5,9,第一金-台中,2024-11-05,5382
3231,緯創,30,22,8,第一金-台中,2024-11-05,5382
2354,鴻準,115,108,7,第一金-台中,2024-11-05,5382
3037,欣興,9,2,7,第一金-台中,2024-11-05,5382
8107,大億金茂,7,0,7,第一金-台中,2024-11-05,5382
1531,高林股,6,0,6,第一金-台中,2024-11-05,5382
2613,中櫃,39,33,6,第一金-台中,2024-11-05,5382
3581,博磊,8,2,6,第一金-台中,2024-11-05,5382
5315,光聯,10,4,6,第一金-台中,2024-11-05,5382
3498,陽程,6,0,6,第一金-台中,2024-11-05,5382
2542,興富發,5,0,5,第一金-台中,2024-11-05,5382
1514,亞力,5,0,5,第一金-台中,2024-11-05,5382
2314,台揚,5,0,5,第一金-台中,2024-11-05,5382
3025,星通,16,11,5,第一金-台中,2024-11-05,5382
4558,寶緯,6,1,5,第一金-台中,2024-11-05,5382
6111,大宇資,10,5,5,第一金-台中,2024-11-05,5382
6116,彩晶,5,0,5,第一金-台中,2024-11-05,5382
6151,晉倫,5,0,5,第一金-台中,2024-11-05,5382
3231,緯創,243,37,206,第一金-台中,2024-11-06,5382
00679B,元大美債20年,202,52,150,第一金-台中,2024-11-06,5382
00637L,元大滬深300正2,138,11,127,第一金-台中,2024-11-06,5382
00632R,元大台灣50反1,103,0,103,第一金-台中,2024-11-06,5382
00687B,國泰20年美債,156,71,85,第一金-台中,2024-11-06,5382
2312,金寶,180,98,82,第一金-台中,2024-11-06,5382
00857B,永豐20年美公債,52,0,52,第一金-台中,2024-11-06,5382
2106,建大,50,0,50,第一金-台中,2024-11-06,5382
8076,伍豐,40,0,40,第一金-台中,2024-11-06,5382
00887,永豐中國科技50大,84,49,35,第一金-台中,2024-11-06,5382
00753L,中信中國50正2,35,0,35,第一金-台中,2024-11-06,5382
3062,建漢,76,42,34,第一金-台中,2024-11-06,5382
6187,萬潤,31,2,29,第一金-台中,2024-11-06,5382
00639,富邦深100,27,0,27,第一金-台中,2024-11-06,5382
2351,順德,29,5,24,第一金-台中,2024-11-06,5382
2431,聯昌,25,5,20,第一金-台中,2024-11-06,5382
00795B,中信美國公債20年,20,0,20,第一金-台中,2024-11-06,5382
1904,正隆,20,0,20,第一金-台中,2024-11-06,5382
2323,中環,20,0,20,第一金-台中,2024-11-06,5382
4533,協易機,24,4,20,第一金-台中,2024-11-06,5382
2303,聯電,30,10,20,第一金-台中,2024-11-06,5382
1449,佳和,39,22,17,第一金-台中,2024-11-06,5382
00680L,元大美債20正2,16,0,16,第一金-台中,2024-11-06,5382
3605,宏致,16,0,16,第一金-台中,2024-11-06,5382
8091,翔名,17,1,16,第一金-台中,2024-11-06,5382
4526,東台,39,24,15,第一金-台中,2024-11-06,5382
3149,正達,20,7,13,第一金-台中,2024-11-06,5382
2425,承啟,27,14,13,第一金-台中,2024-11-06,5382
6104,創惟,12,0,12,第一金-台中,2024-11-06,5382
2354,鴻準,53,42,11,第一金-台中,2024-11-06,5382
2314,台揚,10,0,10,第一金-台中,2024-11-06,5382
3548,兆利,10,0,10,第一金-台中,2024-11-06,5382
4919,新唐,10,0,10,第一金-台中,2024-11-06,5382
4989,榮科,10,0,10,第一金-台中,2024-11-06,5382
6177,達麗,10,0,10,第一金-台中,2024-11-06,5382
6830,汎銓,11,1,10,第一金-台中,2024-11-06,5382
8011,台通,10,0,10,第一金-台中,2024-11-06,5382
00931B,統一美債20年,9,0,9,第一金-台中,2024-11-06,5382
00907,永豐優息存股,8,0,8,第一金-台中,2024-11-06,5382
1569,濱川,11,3,8,第一金-台中,2024-11-06,5382
2399,映泰,21,13,8,第一金-台中,2024-11-06,5382
2497,怡利電,8,0,8,第一金-台中,2024-11-06,5382
3450,聯鈞,41,33,8,第一金-台中,2024-11-06,5382
6246,臺龍,8,0,8,第一金-台中,2024-11-06,5382
00712,復華富時不動產,8,1,7,第一金-台中,2024-11-06,5382
2104,國際中橡,7,0,7,第一金-台中,2024-11-06,5382
2419,仲琦,14,7,7,第一金-台中,2024-11-06,5382
6462,神盾,7,0,7,第一金-台中,2024-11-06,5382
8103,瀚荃,7,0,7,第一金-台中,2024-11-06,5382
8044,網家,9,2,7,第一金-台中,2024-11-06,5382
9933,中鼎,225,0,225,第一金-台中,2024-11-07,5382
3481,群創,165,62,103,第一金-台中,2024-11-07,5382
2314,台揚,102,13,89,第一金-台中,2024-11-07,5382
00753L,中信中國50正2,121,37,84,第一金-台中,2024-11-07,5382
00887,永豐中國科技50大,72,5,67,第一金-台中,2024-11-07,5382
00632R,元大台灣50反1,202,137,65,第一金-台中,2024-11-07,5382
00679B,元大美債20年,63,0,63,第一金-台中,2024-11-07,5382
00720B,元大投資級公司債,57,0,57,第一金-台中,2024-11-07,5382
1532,勤美,50,0,50,第一金-台中,2024-11-07,5382
2103,台橡,50,0,50,第一金-台中,2024-11-07,5382
3498,陽程,42,8,34,第一金-台中,2024-11-07,5382
1464,得力,40,8,32,第一金-台中,2024-11-07,5382
6757,台灣虎航,30,0,30,第一金-台中,2024-11-07,5382
2409,友達,40,12,28,第一金-台中,2024-11-07,5382
2303,聯電,28,2,26,第一金-台中,2024-11-07,5382
2356,英業達,44,18,26,第一金-台中,2024-11-07,5382
2317,鴻海,58,33,25,第一金-台中,2024-11-07,5382
2324,仁寶,31,6,25,第一金-台中,2024-11-07,5382
8111,立��,33,10,23,第一金-台中,2024-11-07,5382
3230,錦明,23,5,18,第一金-台中,2024-11-07,5382
1101,台泥,16,0,16,第一金-台中,2024-11-07,5382
00712,復華富時不動產,15,0,15,第一金-台中,2024-11-07,5382
4540,全球傳動,15,0,15,第一金-台中,2024-11-07,5382
2028,威致,15,0,15,第一金-台中,2024-11-07,5382
2367,燿華,35,20,15,第一金-台中,2024-11-07,5382
00919,群益台灣精選高息,20,6,14,第一金-台中,2024-11-07,5382
00680L,元大美債20正2,16,3,13,第一金-台中,2024-11-07,5382
2392,正崴,17,4,13,第一金-台中,2024-11-07,5382
2892,第一金,15,3,12,第一金-台中,2024-11-07,5382
6182,合晶,12,0,12,第一金-台中,2024-11-07,5382
00637L,元大滬深300正2,100,88,12,第一金-台中,2024-11-07,5382
6763,綠界科技*,11,0,11,第一金-台中,2024-11-07,5382
00688L,國泰20年美債正2,11,0,11,第一金-台中,2024-11-07,5382
4542,科嶠,14,3,11,第一金-台中,2024-11-07,5382
00643,群益深証中小,10,0,10,第一金-台中,2024-11-07,5382
00751B,元大AAA至A公司債,10,0,10,第一金-台中,2024-11-07,5382
1591,駿吉-KY,10,0,10,第一金-台中,2024-11-07,5382
2408,南亞科,11,1,10,第一金-台中,2024-11-07,5382
2431,聯昌,10,0,10,第一金-台中,2024-11-07,5382
2832,台產,10,0,10,第一金-台中,2024-11-07,5382
6190,萬泰科,10,0,10,第一金-台中,2024-11-07,5382
6213,聯茂,10,0,10,第一金-台中,2024-11-07,5382
8464,億豐,8,0,8,第一金-台中,2024-11-07,5382
1536,和大,12,5,7,第一金-台中,2024-11-07,5382
2497,怡利電,12,5,7,第一金-台中,2024-11-07,5382
6488,環球晶,7,0,7,第一金-台中,2024-11-07,5382
00878,國泰永續高股息,11,5,6,第一金-台中,2024-11-07,5382
00634R,富邦上証反1,50,44,6,第一金-台中,2024-11-07,5382
3450,聯鈞,30,24,6,第一金-台中,2024-11-07,5382
4510,高鋒,38,32,6,第一金-台中,2024-11-07,5382
00929,復華台灣科技優息,336,37,299,第一金-台中,2024-11-08,5382
00637L,元大滬深300正2,228,28,200,第一金-台中,2024-11-08,5382
9933,中鼎,75,0,75,第一金-台中,2024-11-08,5382
6830,汎銓,79,6,73,第一金-台中,2024-11-08,5382
2007,燁興,70,0,70,第一金-台中,2024-11-08,5382
2392,正崴,91,25,66,第一金-台中,2024-11-08,5382
00632R,元大台灣50反1,60,0,60,第一金-台中,2024-11-08,5382
00882,中信中國高股息,80,21,59,第一金-台中,2024-11-08,5382
6763,綠界科技*,53,0,53,第一金-台中,2024-11-08,5382
2103,台橡,50,0,50,第一金-台中,2024-11-08,5382
3605,宏致,43,0,43,第一金-台中,2024-11-08,5382
9105,泰金寶-DR,57,22,35,第一金-台中,2024-11-08,5382
3419,譁裕,30,0,30,第一金-台中,2024-11-08,5382
6290,良維,30,0,30,第一金-台中,2024-11-08,5382
4979,華星光,41,15,26,第一金-台中,2024-11-08,5382
6532,瑞耘,22,0,22,第一金-台中,2024-11-08,5382
2892,第一金,22,0,22,第一金-台中,2024-11-08,5382
00922,國泰台灣領袖50,24,3,21,第一金-台中,2024-11-08,5382
2323,中環,20,0,20,第一金-台中,2024-11-08,5382
2613,中櫃,101,83,18,第一金-台中,2024-11-08,5382
2722,夏都,18,0,18,第一金-台中,2024-11-08,5382
2344,華邦電,18,1,17,第一金-台中,2024-11-08,5382
00919,群益台灣精選高息,17,1,16,第一金-台中,2024-11-08,5382
2332,友訊,42,26,16,第一金-台中,2024-11-08,5382
8091,翔名,15,0,15,第一金-台中,2024-11-08,5382
00706L,期元大S＆P日圓正2,14,0,14,第一金-台中,2024-11-08,5382
00887,永豐中國科技50大,64,50,14,第一金-台中,2024-11-08,5382
3231,緯創,30,17,13,第一金-台中,2024-11-08,5382
2353,宏��,13,0,13,第一金-台中,2024-11-08,5382
2303,聯電,13,1,12,第一金-台中,2024-11-08,5382
3062,建漢,69,57,12,第一金-台中,2024-11-08,5382
6789,采鈺,12,0,12,第一金-台中,2024-11-08,5382
2399,映泰,15,4,11,第一金-台中,2024-11-08,5382
4919,新唐,11,0,11,第一金-台中,2024-11-08,5382
2493,揚博,10,0,10,第一金-台中,2024-11-08,5382
00900,富邦特選高股息30,10,0,10,第一金-台中,2024-11-08,5382
00752,中信中國50,10,0,10,第一金-台中,2024-11-08,5382
00662,富邦NASDAQ,10,0,10,第一金-台中,2024-11-08,5382
00953B,群益優選非投等債,10,0,10,第一金-台中,2024-11-08,5382
3305,昇貿,10,0,10,第一金-台中,2024-11-08,5382
4739,康普,10,0,10,第一金-台中,2024-11-08,5382
6190,萬泰科,10,0,10,第一金-台中,2024-11-08,5382
2313,華通,13,3,10,第一金-台中,2024-11-08,5382
00652,富邦印度,9,0,9,第一金-台中,2024-11-08,5382
8107,大億金茂,9,0,9,第一金-台中,2024-11-08,5382
6505,台塑化,9,1,8,第一金-台中,2024-11-08,5382
00907,永豐優息存股,8,0,8,第一金-台中,2024-11-08,5382
2867,三商壽,8,0,8,第一金-台中,2024-11-08,5382
5263,智崴,8,0,8,第一金-台中,2024-11-08,5382
6770,力積電,8,0,8,第一金-台中,2024-11-08,5382
00753L,中信中國50正2,188,1,187,第一金-台中,2024-11-11,5382
00687B,國泰20年美債,54,4,50,第一金-台中,2024-11-11,5382
8044,網家,40,2,38,第一金-台中,2024-11-11,5382
00882,中信中國高股息,33,0,33,第一金-台中,2024-11-11,5382
3491,昇達科,32,0,32,第一金-台中,2024-11-11,5382
00933B,國泰10Y+金融債,30,0,30,第一金-台中,2024-11-11,5382
2007,燁興,30,1,29,第一金-台中,2024-11-11,5382
6790,永豐實,28,0,28,第一金-台中,2024-11-11,5382
2356,英業達,85,59,26,第一金-台中,2024-11-11,5382
00932,兆豐永續高息等權,24,0,24,第一金-台中,2024-11-11,5382
00637L,元大滬深300正2,28,5,23,第一金-台中,2024-11-11,5382
1326,台化,23,0,23,第一金-台中,2024-11-11,5382
1605,華新,29,6,23,第一金-台中,2024-11-11,5382
1734,杏輝,20,0,20,第一金-台中,2024-11-11,5382
2524,京城,21,2,19,第一金-台中,2024-11-11,5382
2646,星宇航空,31,12,19,第一金-台中,2024-11-11,5382
3712,永崴投控,21,3,18,第一金-台中,2024-11-11,5382
5452,佶優,20,2,18,第一金-台中,2024-11-11,5382
2301,光寶科,27,11,16,第一金-台中,2024-11-11,5382
6763,綠界科技*,37,21,16,第一金-台中,2024-11-11,5382
2618,長榮航,32,16,16,第一金-台中,2024-11-11,5382
8107,大億金茂,20,4,16,第一金-台中,2024-11-11,5382
2337,旺宏,14,0,14,第一金-台中,2024-11-11,5382
2303,聯電,16,2,14,第一金-台中,2024-11-11,5382
2317,鴻海,32,19,13,第一金-台中,2024-11-11,5382
2414,精技,20,8,12,第一金-台中,2024-11-11,5382
6290,良維,12,0,12,第一金-台中,2024-11-11,5382
2892,第一金,11,0,11,第一金-台中,2024-11-11,5382
2615,萬海,31,20,11,第一金-台中,2024-11-11,5382
00937B,群益ESG投等債20,12,1,11,第一金-台中,2024-11-11,5382
8032,光菱,22,11,11,第一金-台中,2024-11-11,5382
2506,太設,18,8,10,第一金-台中,2024-11-11,5382
00633L,富邦上証正2,30,20,10,第一金-台中,2024-11-11,5382
1203,味王,10,0,10,第一金-台中,2024-11-11,5382
1536,和大,10,0,10,第一金-台中,2024-11-11,5382
2355,敬鵬,10,0,10,第一金-台中,2024-11-11,5382
3714,富采,10,0,10,第一金-台中,2024-11-11,5382
4121,優盛,10,0,10,第一金-台中,2024-11-11,5382
4168,醣聯,10,0,10,第一金-台中,2024-11-11,5382
8096,擎亞,15,5,10,第一金-台中,2024-11-11,5382
8111,立��,10,0,10,第一金-台中,2024-11-11,5382
8210,勤誠,12,2,10,第一金-台中,2024-11-11,5382
00878,國泰永續高股息,16,7,9,第一金-台中,2024-11-11,5382
00960,野村全球航運龍頭,9,0,9,第一金-台中,2024-11-11,5382
1524,耿鼎,10,1,9,第一金-台中,2024-11-11,5382
6821,聯寶,9,0,9,第一金-台中,2024-11-11,5382
8011,台通,10,1,9,第一金-台中,2024-11-11,5382
2834,臺企銀,9,0,9,第一金-台中,2024-11-11,5382
1301,台塑,12,4,8,第一金-台中,2024-11-11,5382
1785,光洋科,12,4,8,第一金-台中,2024-11-11,5382
2882,國泰金,273,0,273,第一金-台中,2024-11-12,5382
3703,欣陸,201,0,201,第一金-台中,2024-11-12,5382
9935,慶豐富,172,3,169,第一金-台中,2024-11-12,5382
1532,勤美,100,0,100,第一金-台中,2024-11-12,5382
2103,台橡,100,0,100,第一金-台中,2024-11-12,5382
00878,國泰永續高股息,110,22,88,第一金-台中,2024-11-12,5382
6220,岳豐,80,0,80,第一金-台中,2024-11-12,5382
0056,元大高股息,68,6,62,第一金-台中,2024-11-12,5382
2332,友訊,63,1,62,第一金-台中,2024-11-12,5382
2007,燁興,60,0,60,第一金-台中,2024-11-12,5382
00929,復華台灣科技優息,50,7,43,第一金-台中,2024-11-12,5382
2106,建大,40,0,40,第一金-台中,2024-11-12,5382
3706,神達,183,147,36,第一金-台中,2024-11-12,5382
1301,台塑,34,0,34,第一金-台中,2024-11-12,5382
3037,欣興,33,1,32,第一金-台中,2024-11-12,5382
2354,鴻準,77,54,23,第一金-台中,2024-11-12,5382
2002,中鋼,23,0,23,第一金-台中,2024-11-12,5382
3605,宏致,23,0,23,第一金-台中,2024-11-12,5382
2883,凱基金,25,3,22,第一金-台中,2024-11-12,5382
2646,星宇航空,32,10,22,第一金-台中,2024-11-12,5382
6506,雙邦,22,0,22,第一金-台中,2024-11-12,5382
1326,台化,20,0,20,第一金-台中,2024-11-12,5382
2344,華邦電,20,0,20,第一金-台中,2024-11-12,5382
00927,群益半導體收益,19,0,19,第一金-台中,2024-11-12,5382
6821,聯寶,19,1,18,第一金-台中,2024-11-12,5382
00715L,期街口布蘭特正2,17,0,17,第一金-台中,2024-11-12,5382
6229,研通,17,0,17,第一金-台中,2024-11-12,5382
00915,凱基優選高股息30,16,0,16,第一金-台中,2024-11-12,5382
3481,群創,66,50,16,第一金-台中,2024-11-12,5382
00633L,富邦上証正2,47,32,15,第一金-台中,2024-11-12,5382
6770,力積電,19,5,14,第一金-台中,2024-11-12,5382
2884,玉山金,13,0,13,第一金-台中,2024-11-12,5382
2867,三商壽,12,0,12,第一金-台中,2024-11-12,5382
2722,夏都,11,0,11,第一金-台中,2024-11-12,5382
4551,智伸科,15,4,11,第一金-台中,2024-11-12,5382
8044,網家,11,0,11,第一金-台中,2024-11-12,5382
2392,正崴,20,9,11,第一金-台中,2024-11-12,5382
4919,新唐,11,0,11,第一金-台中,2024-11-12,5382
8091,翔名,10,0,10,第一金-台中,2024-11-12,5382
00885,富邦越南,10,0,10,第一金-台中,2024-11-12,5382
00900,富邦特選高股息30,10,0,10,第一金-台中,2024-11-12,5382
00953B,群益優選非投等債,10,0,10,第一金-台中,2024-11-12,5382
1314,中石化,10,0,10,第一金-台中,2024-11-12,5382
2069,運錩,10,0,10,第一金-台中,2024-11-12,5382
2231,為升,10,0,10,第一金-台中,2024-11-12,5382
2611,志信,10,0,10,第一金-台中,2024-11-12,5382
3025,星通,18,8,10,第一金-台中,2024-11-12,5382
3047,訊舟,11,1,10,第一金-台中,2024-11-12,5382
4569,六方科-KY,13,3,10,第一金-台中,2024-11-12,5382
6548,長科*,10,0,10,第一金-台中,2024-11-12,5382
00878,國泰永續高股息,156,2,154,第一金-台中,2024-11-13,5382
2312,金寶,208,140,68,第一金-台中,2024-11-13,5382
5309,系統電,120,55,65,第一金-台中,2024-11-13,5382
00673R,期元大S＆P原油反1,50,0,50,第一金-台中,2024-11-13,5382
2882,國泰金,42,0,42,第一金-台中,2024-11-13,5382
2883,凱基金,42,0,42,第一金-台中,2024-11-13,5382
00679B,元大美債20年,64,23,41,第一金-台中,2024-11-13,5382
00680L,元大美債20正2,40,0,40,第一金-台中,2024-11-13,5382
3419,譁裕,45,9,36,第一金-台中,2024-11-13,5382
2354,鴻準,60,26,34,第一金-台中,2024-11-13,5382
00887,永豐中國科技50大,46,16,30,第一金-台中,2024-11-13,5382
00665L,富邦�琤肭磪囓�2,39,9,30,第一金-台中,2024-11-13,5382
2498,宏達電,30,1,29,第一金-台中,2024-11-13,5382
2892,第一金,33,5,28,第一金-台中,2024-11-13,5382
2317,鴻海,37,9,28,第一金-台中,2024-11-13,5382
9935,慶豐富,28,2,26,第一金-台中,2024-11-13,5382
3605,宏致,25,0,25,第一金-台中,2024-11-13,5382
8261,富鼎,20,0,20,第一金-台中,2024-11-13,5382
1326,台化,20,0,20,第一金-台中,2024-11-13,5382
2404,漢唐,20,0,20,第一金-台中,2024-11-13,5382
2890,永豐金,21,2,19,第一金-台中,2024-11-13,5382
0056,元大高股息,18,2,16,第一金-台中,2024-11-13,5382
6763,綠界科技*,17,2,15,第一金-台中,2024-11-13,5382
2204,中華,15,1,14,第一金-台中,2024-11-13,5382
00688L,國泰20年美債正2,13,0,13,第一金-台中,2024-11-13,5382
2615,萬海,19,6,13,第一金-台中,2024-11-13,5382
1605,華新,12,0,12,第一金-台中,2024-11-13,5382
00795B,中信美國公債20年,12,0,12,第一金-台中,2024-11-13,5382
1301,台塑,16,5,11,第一金-台中,2024-11-13,5382
00652,富邦印度,11,0,11,第一金-台中,2024-11-13,5382
6462,神盾,11,0,11,第一金-台中,2024-11-13,5382
00937B,群益ESG投等債20,18,7,11,第一金-台中,2024-11-13,5382
1795,美時,11,0,11,第一金-台中,2024-11-13,5382
4979,華星光,20,10,10,第一金-台中,2024-11-13,5382
00891,中信關鍵半導體,10,0,10,第一金-台中,2024-11-13,5382
00953B,群益優選非投等債,10,0,10,第一金-台中,2024-11-13,5382
00957B,兆豐US優選投等債,10,0,10,第一金-台中,2024-11-13,5382
2102,泰豐,10,0,10,第一金-台中,2024-11-13,5382
2363,矽統,15,5,10,第一金-台中,2024-11-13,5382
2753,八方雲集,10,0,10,第一金-台中,2024-11-13,5382
5706,鳳凰,10,0,10,第一金-台中,2024-11-13,5382
7703,銳澤,10,0,10,第一金-台中,2024-11-13,5382
3018,隆銘綠能,10,0,10,第一金-台中,2024-11-13,5382
00919,群益台灣精選高息,32,22,10,第一金-台中,2024-11-13,5382
5880,合庫金,9,0,9,第一金-台中,2024-11-13,5382
00943,兆豐電子高息等權,9,0,9,第一金-台中,2024-11-13,5382
2449,京元電子,11,2,9,第一金-台中,2024-11-13,5382
3231,緯創,32,24,8,第一金-台中,2024-11-13,5382
2382,廣達,21,13,8,第一金-台中,2024-11-13,5382
2409,友達,8,0,8,第一金-台中,2024-11-13,5382
00937B,群益ESG投等債20,262,20,242,第一金-台中,2024-11-14,5382
00878,國泰永續高股息,165,0,165,第一金-台中,2024-11-14,5382
1218,泰山,125,0,125,第一金-台中,2024-11-14,5382
9105,泰金寶-DR,107,0,107,第一金-台中,2024-11-14,5382
00679B,元大美債20年,115,41,74,第一金-台中,2024-11-14,5382
0056,元大高股息,66,1,65,第一金-台中,2024-11-14,5382
00772B,中信高評級公司債,60,0,60,第一金-台中,2024-11-14,5382
00751B,元大AAA至A公司債,60,0,60,第一金-台中,2024-11-14,5382
00933B,國泰10Y+金融債,60,0,60,第一金-台中,2024-11-14,5382
3149,正達,54,1,53,第一金-台中,2024-11-14,5382
00919,群益台灣精選高息,43,3,40,第一金-台中,2024-11-14,5382
00680L,元大美債20正2,40,1,39,第一金-台中,2024-11-14,5382
1301,台塑,41,5,36,第一金-台中,2024-11-14,5382
2892,第一金,36,1,35,第一金-台中,2024-11-14,5382
8091,翔名,34,0,34,第一金-台中,2024-11-14,5382
5263,智崴,32,0,32,第一金-台中,2024-11-14,5382
1591,駿吉-KY,31,0,31,第一金-台中,2024-11-14,5382
2007,燁興,27,0,27,第一金-台中,2024-11-14,5382
4414,如興,26,0,26,第一金-台中,2024-11-14,5382
8104,錸寶,41,16,25,第一金-台中,2024-11-14,5382
2646,星宇航空,25,1,24,第一金-台中,2024-11-14,5382
00931B,統一美債20年,24,1,23,第一金-台中,2024-11-14,5382
3062,建漢,24,1,23,第一金-台中,2024-11-14,5382
2883,凱基金,22,0,22,第一金-台中,2024-11-14,5382
3605,宏致,22,0,22,第一金-台中,2024-11-14,5382
8011,台通,42,20,22,第一金-台中,2024-11-14,5382
00637L,元大滬深300正2,30,9,21,第一金-台中,2024-11-14,5382
3615,安可,23,2,21,第一金-台中,2024-11-14,5382
2851,中再保,20,0,20,第一金-台中,2024-11-14,5382
2449,京元電子,24,4,20,第一金-台中,2024-11-14,5382
2849,安泰銀,20,0,20,第一金-台中,2024-11-14,5382
6462,神盾,20,0,20,第一金-台中,2024-11-14,5382
2002,中鋼,21,1,20,第一金-台中,2024-11-14,5382
00929,復華台灣科技優息,23,3,20,第一金-台中,2024-11-14,5382
3481,群創,106,87,19,第一金-台中,2024-11-14,5382
00738U,期元大道瓊白銀,18,0,18,第一金-台中,2024-11-14,5382
00959B,大華投等美債15Y+,30,12,18,第一金-台中,2024-11-14,5382
1815,富喬,43,25,18,第一金-台中,2024-11-14,5382
2303,聯電,20,2,18,第一金-台中,2024-11-14,5382
00932,兆豐永續高息等權,17,0,17,第一金-台中,2024-11-14,5382
00940,元大台灣價值高息,17,0,17,第一金-台中,2024-11-14,5382
4919,新唐,36,20,16,第一金-台中,2024-11-14,5382
1605,華新,18,2,16,第一金-台中,2024-11-14,5382
00665L,富邦�琤肭磪囓�2,27,12,15,第一金-台中,2024-11-14,5382
6229,研通,14,0,14,第一金-台中,2024-11-14,5382
6789,采鈺,14,0,14,第一金-台中,2024-11-14,5382
9935,慶豐富,14,0,14,第一金-台中,2024-11-14,5382
00891,中信關鍵半導體,13,0,13,第一金-台中,2024-11-14,5382
1447,力鵬,13,0,13,第一金-台中,2024-11-14,5382
3535,晶彩科,16,3,13,第一金-台中,2024-11-14,5382
00878,國泰永續高股息,143,1,142,第一金-台中,2024-11-15,5382
4956,光鋐,90,22,68,第一金-台中,2024-11-15,5382
00673R,期元大S＆P原油反1,50,0,50,第一金-台中,2024-11-15,5382
2882,國泰金,52,2,50,第一金-台中,2024-11-15,5382
0056,元大高股息,37,1,36,第一金-台中,2024-11-15,5382
00932,兆豐永續高息等權,31,0,31,第一金-台中,2024-11-15,5382
2382,廣達,30,8,22,第一金-台中,2024-11-15,5382
4931,新盛力,25,3,22,第一金-台中,2024-11-15,5382
4168,醣聯,20,0,20,第一金-台中,2024-11-15,5382
6438,迅得,22,2,20,第一金-台中,2024-11-15,5382
2354,鴻準,116,97,19,第一金-台中,2024-11-15,5382
3088,艾訊,18,1,17,第一金-台中,2024-11-15,5382
1101,台泥,18,2,16,第一金-台中,2024-11-15,5382
00929,復華台灣科技優息,16,1,15,第一金-台中,2024-11-15,5382
2201,裕隆,15,1,14,第一金-台中,2024-11-15,5382
9935,慶豐富,19,5,14,第一金-台中,2024-11-15,5382
2609,陽明,25,13,12,第一金-台中,2024-11-15,5382
00637L,元大滬深300正2,33,22,11,第一金-台中,2024-11-15,5382
00830,國泰費城半導體,11,0,11,第一金-台中,2024-11-15,5382
5880,合庫金,11,0,11,第一金-台中,2024-11-15,5382
3211,順達,11,1,10,第一金-台中,2024-11-15,5382
00633L,富邦上証正2,10,0,10,第一金-台中,2024-11-15,5382
00891,中信關鍵半導體,10,0,10,第一金-台中,2024-11-15,5382
00953B,群益優選非投等債,10,0,10,第一金-台中,2024-11-15,5382
3548,兆利,10,0,10,第一金-台中,2024-11-15,5382
4912,聯德控股-KY,10,0,10,第一金-台中,2024-11-15,5382
5263,智崴,10,0,10,第一金-台中,2024-11-15,5382
6505,台塑化,10,0,10,第一金-台中,2024-11-15,5382
6578,達邦蛋白,10,0,10,第一金-台中,2024-11-15,5382
8112,至上,10,0,10,第一金-台中,2024-11-15,5382
2849,安泰銀,9,0,9,第一金-台中,2024-11-15,5382
3706,神達,99,90,9,第一金-台中,2024-11-15,5382
00713,元大台灣高息低波,8,0,8,第一金-台中,2024-11-15,5382
1524,耿鼎,22,14,8,第一金-台中,2024-11-15,5382
2812,台中銀,8,0,8,第一金-台中,2024-11-15,5382
3338,泰碩,30,22,8,第一金-台中,2024-11-15,5382
2408,南亞科,12,5,7,第一金-台中,2024-11-15,5382
5871,中租-KY,7,1,6,第一金-台中,2024-11-15,5382
2002,中鋼,7,1,6,第一金-台中,2024-11-15,5382
2356,英業達,9,3,6,第一金-台中,2024-11-15,5382
4414,如興,6,0,6,第一金-台中,2024-11-15,5382
6674,鋐寶科技,6,0,6,第一金-台中,2024-11-15,5382
00913,兆豐台灣晶圓製造,5,0,5,第一金-台中,2024-11-15,5382
2543,皇昌,5,0,5,第一金-台中,2024-11-15,5382
6187,萬潤,8,3,5,第一金-台中,2024-11-15,5382
1445,大宇,5,0,5,第一金-台中,2024-11-15,5382
3090,日電貿,8,3,5,第一金-台中,2024-11-15,5382
3374,精材,5,0,5,第一金-台中,2024-11-15,5382
5534,長虹,5,0,5,第一金-台中,2024-11-15,5382
6104,創惟,5,0,5,第一金-台中,2024-11-15,5382
00679B,元大美債20年,197,0,197,第一金-台中,2024-11-18,5382
00878,國泰永續高股息,172,0,172,第一金-台中,2024-11-18,5382
8011,台通,110,10,100,第一金-台中,2024-11-18,5382
2439,美律,92,0,92,第一金-台中,2024-11-18,5382
00929,復華台灣科技優息,113,24,89,第一金-台中,2024-11-18,5382
4743,合一,63,4,59,第一金-台中,2024-11-18,5382
2867,三商壽,53,0,53,第一金-台中,2024-11-18,5382
3481,群創,60,13,47,第一金-台中,2024-11-18,5382
2312,金寶,146,103,43,第一金-台中,2024-11-18,5382
0056,元大高股息,36,1,35,第一金-台中,2024-11-18,5382
3706,神達,96,65,31,第一金-台中,2024-11-18,5382
8104,錸寶,36,11,25,第一金-台中,2024-11-18,5382
6763,綠界科技*,25,2,23,第一金-台中,2024-11-18,5382
4536,拓凱,20,0,20,第一金-台中,2024-11-18,5382
3062,建漢,21,3,18,第一金-台中,2024-11-18,5382
3049,精金,17,0,17,第一金-台中,2024-11-18,5382
3491,昇達科,16,0,16,第一金-台中,2024-11-18,5382
00887,永豐中國科技50大,14,0,14,第一金-台中,2024-11-18,5382
6674,鋐寶科技,14,0,14,第一金-台中,2024-11-18,5382
6789,采鈺,13,0,13,第一金-台中,2024-11-18,5382
00932,兆豐永續高息等權,13,0,13,第一金-台中,2024-11-18,5382
00891,中信關鍵半導體,12,0,12,第一金-台中,2024-11-18,5382
1591,駿吉-KY,12,0,12,第一金-台中,2024-11-18,5382
2332,友訊,12,0,12,第一金-台中,2024-11-18,5382
00881,國泰台灣5G+,12,0,12,第一金-台中,2024-11-18,5382
2618,長榮航,33,22,11,第一金-台中,2024-11-18,5382
2106,建大,10,0,10,第一金-台中,2024-11-18,5382
2520,冠德,17,7,10,第一金-台中,2024-11-18,5382
3402,漢科,10,0,10,第一金-台中,2024-11-18,5382
6271,同欣電,10,0,10,第一金-台中,2024-11-18,5382
6548,長科*,10,0,10,第一金-台中,2024-11-18,5382
8176,智捷,10,0,10,第一金-台中,2024-11-18,5382
2610,華航,10,0,10,第一金-台中,2024-11-18,5382
3044,健鼎,9,0,9,第一金-台中,2024-11-18,5382
00922,國泰台灣領袖50,9,0,9,第一金-台中,2024-11-18,5382
2348,海悅,13,4,9,第一金-台中,2024-11-18,5382
3518,柏騰,9,0,9,第一金-台中,2024-11-18,5382
3712,永崴投控,11,2,9,第一金-台中,2024-11-18,5382
2376,技嘉,13,5,8,第一金-台中,2024-11-18,5382
00877,復華中國5G,8,0,8,第一金-台中,2024-11-18,5382
00963,中信全球高股息,8,0,8,第一金-台中,2024-11-18,5382
1605,華新,17,9,8,第一金-台中,2024-11-18,5382
2204,中華,8,0,8,第一金-台中,2024-11-18,5382
4912,聯德控股-KY,10,2,8,第一金-台中,2024-11-18,5382
2524,京城,9,2,7,第一金-台中,2024-11-18,5382
00692,富邦公司治理,6,0,6,第一金-台中,2024-11-18,5382
1303,南亞,9,3,6,第一金-台中,2024-11-18,5382
1326,台化,6,0,6,第一金-台中,2024-11-18,5382
2399,映泰,6,0,6,第一金-台中,2024-11-18,5382
3450,聯鈞,11,5,6,第一金-台中,2024-11-18,5382
2439,美律,153,3,150,第一金-台中,2024-11-19,5382
00919,群益台灣精選高息,110,4,106,第一金-台中,2024-11-19,5382
00878,國泰永續高股息,70,0,70,第一金-台中,2024-11-19,5382
00637L,元大滬深300正2,106,45,61,第一金-台中,2024-11-19,5382
1806,冠軍,50,0,50,第一金-台中,2024-11-19,5382
00932,兆豐永續高息等權,44,1,43,第一金-台中,2024-11-19,5382
00929,復華台灣科技優息,48,7,41,第一金-台中,2024-11-19,5382
2399,映泰,60,28,32,第一金-台中,2024-11-19,5382
00664R,國泰臺灣加權反1,30,0,30,第一金-台中,2024-11-19,5382
2317,鴻海,38,12,26,第一金-台中,2024-11-19,5382
2641,正德,25,0,25,第一金-台中,2024-11-19,5382
4912,聯德控股-KY,22,0,22,第一金-台中,2024-11-19,5382
5457,宣德,22,1,21,第一金-台中,2024-11-19,5382
6187,萬潤,27,8,19,第一金-台中,2024-11-19,5382
5243,乙盛-KY,31,14,17,第一金-台中,2024-11-19,5382
2609,陽明,34,20,14,第一金-台中,2024-11-19,5382
0056,元大高股息,17,4,13,第一金-台中,2024-11-19,5382
1301,台塑,12,0,12,第一金-台中,2024-11-19,5382
8044,網家,16,5,11,第一金-台中,2024-11-19,5382
00731,復華富時高息低波,10,0,10,第一金-台中,2024-11-19,5382
3209,全科,10,0,10,第一金-台中,2024-11-19,5382
4536,拓凱,10,0,10,第一金-台中,2024-11-19,5382
6788,華景電,10,0,10,第一金-台中,2024-11-19,5382
8215,明基材,10,0,10,第一金-台中,2024-11-19,5382
2312,金寶,149,140,9,第一金-台中,2024-11-19,5382
2349,錸德,27,18,9,第一金-台中,2024-11-19,5382
6462,神盾,9,0,9,第一金-台中,2024-11-19,5382
8996,高力,18,10,8,第一金-台中,2024-11-19,5382
00830,國泰費城半導體,7,0,7,第一金-台中,2024-11-19,5382
2884,玉山金,6,0,6,第一金-台中,2024-11-19,5382
2337,旺宏,6,0,6,第一金-台中,2024-11-19,5382
2524,京城,6,0,6,第一金-台中,2024-11-19,5382
2753,八方雲集,6,0,6,第一金-台中,2024-11-19,5382
2882,國泰金,6,0,6,第一金-台中,2024-11-19,5382
6233,旺玖,6,0,6,第一金-台中,2024-11-19,5382
6283,淳安,6,0,6,第一金-台中,2024-11-19,5382
2392,正崴,23,17,6,第一金-台中,2024-11-19,5382
00633L,富邦上証正2,6,0,6,第一金-台中,2024-11-19,5382
8089,康全電訊,5,0,5,第一金-台中,2024-11-19,5382
1218,泰山,5,0,5,第一金-台中,2024-11-19,5382
2605,新興,8,3,5,第一金-台中,2024-11-19,5382
2637,慧洋-KY,5,0,5,第一金-台中,2024-11-19,5382
3217,優群,5,0,5,第一金-台中,2024-11-19,5382
3581,博磊,5,0,5,第一金-台中,2024-11-19,5382
4414,如興,5,0,5,第一金-台中,2024-11-19,5382
5426,振發,12,7,5,第一金-台中,2024-11-19,5382
8466,美吉吉-KY,5,0,5,第一金-台中,2024-11-19,5382
3231,緯創,7,2,5,第一金-台中,2024-11-19,5382
2382,廣達,16,11,5,第一金-台中,2024-11-19,5382
2408,南亞科,4,0,4,第一金-台中,2024-11-19,5382
2888,新光金,6989,0,6989,第一金-台中,2024-11-20,5382
00937B,群益ESG投等債20,550,7,543,第一金-台中,2024-11-20,5382
00753L,中信中國50正2,162,0,162,第一金-台中,2024-11-20,5382
2354,鴻準,122,46,76,第一金-台中,2024-11-20,5382
1806,冠軍,50,0,50,第一金-台中,2024-11-20,5382
2413,環科,89,39,50,第一金-台中,2024-11-20,5382
2344,華邦電,54,5,49,第一金-台中,2024-11-20,5382
00946,群益科技高息成長,52,10,42,第一金-台中,2024-11-20,5382
00637L,元大滬深300正2,50,10,40,第一金-台中,2024-11-20,5382
1449,佳和,38,3,35,第一金-台中,2024-11-20,5382
2609,陽明,144,111,33,第一金-台中,2024-11-20,5382
3032,偉訓,38,9,29,第一金-台中,2024-11-20,5382
6220,岳豐,28,0,28,第一金-台中,2024-11-20,5382
8111,立��,30,6,24,第一金-台中,2024-11-20,5382
00929,復華台灣科技優息,30,6,24,第一金-台中,2024-11-20,5382
2882,國泰金,23,0,23,第一金-台中,2024-11-20,5382
3211,順達,22,0,22,第一金-台中,2024-11-20,5382
00878,國泰永續高股息,24,4,20,第一金-台中,2024-11-20,5382
00930,永豐ESG低碳高息,19,0,19,第一金-台中,2024-11-20,5382
3706,神達,134,118,16,第一金-台中,2024-11-20,5382
2409,友達,15,1,14,第一金-台中,2024-11-20,5382
2867,三商壽,14,0,14,第一金-台中,2024-11-20,5382
2332,友訊,29,16,13,第一金-台中,2024-11-20,5382
2887,台新金,12,0,12,第一金-台中,2024-11-20,5382
6546,正基,13,1,12,第一金-台中,2024-11-20,5382
0056,元大高股息,11,0,11,第一金-台中,2024-11-20,5382
00864B,中信美國公債0-1,10,0,10,第一金-台中,2024-11-20,5382
6282,康舒,16,6,10,第一金-台中,2024-11-20,5382
9103,美德醫療-DR,10,0,10,第一金-台中,2024-11-20,5382
00894,中信小資高價30,8,0,8,第一金-台中,2024-11-20,5382
2449,京元電子,10,2,8,第一金-台中,2024-11-20,5382
3323,加百裕,8,0,8,第一金-台中,2024-11-20,5382
4729,熒茂,8,0,8,第一金-台中,2024-11-20,5382
2351,順德,7,0,7,第一金-台中,2024-11-20,5382
2365,昆盈,7,0,7,第一金-台中,2024-11-20,5382
2408,南亞科,7,0,7,第一金-台中,2024-11-20,5382
5243,乙盛-KY,9,2,7,第一金-台中,2024-11-20,5382
5426,振發,7,0,7,第一金-台中,2024-11-20,5382
6821,聯寶,7,0,7,第一金-台中,2024-11-20,5382
00662,富邦NASDAQ,6,0,6,第一金-台中,2024-11-20,5382
3481,群創,38,32,6,第一金-台中,2024-11-20,5382
4973,廣穎,6,0,6,第一金-台中,2024-11-20,5382
6202,盛群,6,0,6,第一金-台中,2024-11-20,5382
9935,慶豐富,6,0,6,第一金-台中,2024-11-20,5382
2884,玉山金,6,0,6,第一金-台中,2024-11-20,5382
2303,聯電,6,0,6,第一金-台中,2024-11-20,5382
0050,元大台灣50,6,0,6,第一金-台中,2024-11-20,5382
5880,合庫金,5,0,5,第一金-台中,2024-11-20,5382
2317,鴻海,39,34,5,第一金-台中,2024-11-20,5382
1218,泰山,5,0,5,第一金-台中,2024-11-20,5382
2888,新光金,2994,1,2993,第一金-台中,2024-11-21,5382
00953B,群益優選非投等債,1523,0,1523,第一金-台中,2024-11-21,5382
2646,星宇航空,63,0,63,第一金-台中,2024-11-21,5382
9105,泰金寶-DR,137,86,51,第一金-台中,2024-11-21,5382
2233,宇隆,35,3,32,第一金-台中,2024-11-21,5382
8038,長園科,31,0,31,第一金-台中,2024-11-21,5382
8032,光菱,55,26,29,第一金-台中,2024-11-21,5382
4977,眾達-KY,32,4,28,第一金-台中,2024-11-21,5382
1720,生達,25,0,25,第一金-台中,2024-11-21,5382
2354,鴻準,49,25,24,第一金-台中,2024-11-21,5382
2349,錸德,78,54,24,第一金-台中,2024-11-21,5382
2312,金寶,125,101,24,第一金-台中,2024-11-21,5382
3481,群創,24,0,24,第一金-台中,2024-11-21,5382
4931,新盛力,20,0,20,第一金-台中,2024-11-21,5382
2882,國泰金,19,0,19,第一金-台中,2024-11-21,5382
00878,國泰永續高股息,48,32,16,第一金-台中,2024-11-21,5382
0056,元大高股息,15,1,14,第一金-台中,2024-11-21,5382
1591,駿吉-KY,14,0,14,第一金-台中,2024-11-21,5382
4142,國光生,14,0,14,第一金-台中,2024-11-21,5382
2027,大成鋼,13,0,13,第一金-台中,2024-11-21,5382
2886,兆豐金,12,0,12,第一金-台中,2024-11-21,5382
2540,愛山林,14,2,12,第一金-台中,2024-11-21,5382
2351,順德,12,0,12,第一金-台中,2024-11-21,5382
6271,同欣電,14,3,11,第一金-台中,2024-11-21,5382
2330,台積電,11,0,11,第一金-台中,2024-11-21,5382
00929,復華台灣科技優息,13,2,11,第一金-台中,2024-11-21,5382
1325,恆大,10,0,10,第一金-台中,2024-11-21,5382
1732,毛寶,10,0,10,第一金-台中,2024-11-21,5382
3015,全漢,12,2,10,第一金-台中,2024-11-21,5382
6177,達麗,10,0,10,第一金-台中,2024-11-21,5382
8104,錸寶,23,13,10,第一金-台中,2024-11-21,5382
9933,中鼎,10,0,10,第一金-台中,2024-11-21,5382
2367,燿華,10,1,9,第一金-台中,2024-11-21,5382
2474,可成,9,0,9,第一金-台中,2024-11-21,5382
5314,世紀,9,0,9,第一金-台中,2024-11-21,5382
2303,聯電,10,2,8,第一金-台中,2024-11-21,5382
006208,富邦台50,8,0,8,第一金-台中,2024-11-21,5382
00887,永豐中國科技50大,10,2,8,第一金-台中,2024-11-21,5382
3615,安可,22,14,8,第一金-台中,2024-11-21,5382
5531,鄉林,10,2,8,第一金-台中,2024-11-21,5382
2332,友訊,12,5,7,第一金-台中,2024-11-21,5382
2399,映泰,7,0,7,第一金-台中,2024-11-21,5382
6708,天擎,7,0,7,第一金-台中,2024-11-21,5382
2204,中華,17,11,6,第一金-台中,2024-11-21,5382
00637L,元大滬深300正2,56,50,6,第一金-台中,2024-11-21,5382
00751B,元大AAA至A公司債,6,0,6,第一金-台中,2024-11-21,5382
5309,系統電,21,15,6,第一金-台中,2024-11-21,5382
6674,鋐寶科技,6,0,6,第一金-台中,2024-11-21,5382
2603,長榮,22,16,6,第一金-台中,2024-11-21,5382
1303,南亞,5,0,5,第一金-台中,2024-11-21,5382
00953B,群益優選非投等債,1500,17,1483,第一金-台中,2024-11-22,5382
2867,三商壽,71,1,70,第一金-台中,2024-11-22,5382
3714,富采,33,0,33,第一金-台中,2024-11-22,5382
6143,振曜,66,41,25,第一金-台中,2024-11-22,5382
8358,金居,21,0,21,第一金-台中,2024-11-22,5382
1720,生達,20,0,20,第一金-台中,2024-11-22,5382
00930,永豐ESG低碳高息,19,0,19,第一金-台中,2024-11-22,5382
1471,首利,19,0,19,第一金-台中,2024-11-22,5382
2204,中華,25,6,19,第一金-台中,2024-11-22,5382
2891,中信金,28,11,17,第一金-台中,2024-11-22,5382
00882,中信中國高股息,17,0,17,第一金-台中,2024-11-22,5382
3032,偉訓,41,24,17,第一金-台中,2024-11-22,5382
00878,國泰永續高股息,34,18,16,第一金-台中,2024-11-22,5382
00679B,元大美債20年,16,0,16,第一金-台中,2024-11-22,5382
3030,德律,20,4,16,第一金-台中,2024-11-22,5382
2332,友訊,18,3,15,第一金-台中,2024-11-22,5382
4968,立積,26,11,15,第一金-台中,2024-11-22,5382
1815,富喬,97,83,14,第一金-台中,2024-11-22,5382
2886,兆豐金,20,6,14,第一金-台中,2024-11-22,5382
6674,鋐寶科技,14,0,14,第一金-台中,2024-11-22,5382
6134,萬旭,13,0,13,第一金-台中,2024-11-22,5382
2347,聯強,17,5,12,第一金-台中,2024-11-22,5382
6156,松上,13,1,12,第一金-台中,2024-11-22,5382
2609,陽明,42,31,11,第一金-台中,2024-11-22,5382
2002,中鋼,11,0,11,第一金-台中,2024-11-22,5382
4729,熒茂,37,26,11,第一金-台中,2024-11-22,5382
3231,緯創,25,14,11,第一金-台中,2024-11-22,5382
00915,凱基優選高股息30,10,0,10,第一金-台中,2024-11-22,5382
00877,復華中國5G,10,0,10,第一金-台中,2024-11-22,5382
2489,瑞軒,10,0,10,第一金-台中,2024-11-22,5382
2601,益航,10,0,10,第一金-台中,2024-11-22,5382
2924,宏太-KY,10,0,10,第一金-台中,2024-11-22,5382
4414,如興,10,0,10,第一金-台中,2024-11-22,5382
5263,智崴,10,0,10,第一金-台中,2024-11-22,5382
6282,康舒,35,25,10,第一金-台中,2024-11-22,5382
1524,耿鼎,9,0,9,第一金-台中,2024-11-22,5382
3062,建漢,11,3,8,第一金-台中,2024-11-22,5382
3088,艾訊,9,1,8,第一金-台中,2024-11-22,5382
1528,恩德,7,0,7,第一金-台中,2024-11-22,5382
2228,劍麟,7,0,7,第一金-台中,2024-11-22,5382
00637L,元大滬深300正2,57,50,7,第一金-台中,2024-11-22,5382
2317,鴻海,12,5,7,第一金-台中,2024-11-22,5382
6462,神盾,7,1,6,第一金-台中,2024-11-22,5382
1229,聯華,6,0,6,第一金-台中,2024-11-22,5382
1460,宏遠,6,0,6,第一金-台中,2024-11-22,5382
4958,臻鼎-KY,6,0,6,第一金-台中,2024-11-22,5382
1795,美時,5,0,5,第一金-台中,2024-11-22,5382
2303,聯電,5,0,5,第一金-台中,2024-11-22,5382
2633,台灣高鐵,5,0,5,第一金-台中,2024-11-22,5382
3252,海灣,5,0,5,第一金-台中,2024-11-22,5382
2371,大同,65,5,60,第一金-台中,2024-11-25,5382
2392,正崴,83,43,40,第一金-台中,2024-11-25,5382
3056,富華新,51,14,37,第一金-台中,2024-11-25,5382
3090,日電貿,36,3,33,第一金-台中,2024-11-25,5382
1799,易威,30,0,30,第一金-台中,2024-11-25,5382
4989,榮科,30,0,30,第一金-台中,2024-11-25,5382
8028,昇陽半導體,37,10,27,第一金-台中,2024-11-25,5382
2317,鴻海,39,14,25,第一金-台中,2024-11-25,5382
2331,精英,25,0,25,第一金-台中,2024-11-25,5382
5465,富驊,23,1,22,第一金-台中,2024-11-25,5382
00882,中信中國高股息,23,3,20,第一金-台中,2024-11-25,5382
00919,群益台灣精選高息,19,0,19,第一金-台中,2024-11-25,5382
00637L,元大滬深300正2,21,5,16,第一金-台中,2024-11-25,5382
2356,英業達,19,6,13,第一金-台中,2024-11-25,5382
2312,金寶,58,46,12,第一金-台中,2024-11-25,5382
2316,楠梓電,12,0,12,第一金-台中,2024-11-25,5382
6674,鋐寶科技,12,0,12,第一金-台中,2024-11-25,5382
2344,華邦電,12,1,11,第一金-台中,2024-11-25,5382
4542,科嶠,10,0,10,第一金-台中,2024-11-25,5382
4558,寶緯,11,1,10,第一金-台中,2024-11-25,5382
6133,金橋,11,1,10,第一金-台中,2024-11-25,5382
3712,永崴投控,70,61,9,第一金-台中,2024-11-25,5382
4968,立積,11,2,9,第一金-台中,2024-11-25,5382
2603,長榮,9,1,8,第一金-台中,2024-11-25,5382
00633L,富邦上証正2,9,1,8,第一金-台中,2024-11-25,5382
1609,大亞,8,0,8,第一金-台中,2024-11-25,5382
8111,立��,22,15,7,第一金-台中,2024-11-25,5382
8114,振樺電,7,0,7,第一金-台中,2024-11-25,5382
2891,中信金,6,0,6,第一金-台中,2024-11-25,5382
2324,仁寶,8,2,6,第一金-台中,2024-11-25,5382
4576,大銀微系統,35,29,6,第一金-台中,2024-11-25,5382
00930,永豐ESG低碳高息,6,1,5,第一金-台中,2024-11-25,5382
1563,巧新,5,0,5,第一金-台中,2024-11-25,5382
1524,耿鼎,15,10,5,第一金-台中,2024-11-25,5382
1569,濱川,15,10,5,第一金-台中,2024-11-25,5382
1802,台玻,8,3,5,第一金-台中,2024-11-25,5382
3545,敦泰,5,0,5,第一金-台中,2024-11-25,5382
4303,信立,9,4,5,第一金-台中,2024-11-25,5382
4414,如興,5,0,5,第一金-台中,2024-11-25,5382
5426,振發,6,1,5,第一金-台中,2024-11-25,5382
5880,合庫金,5,0,5,第一金-台中,2024-11-25,5382
6706,惠特,5,0,5,第一金-台中,2024-11-25,5382
6488,環球晶,8,3,5,第一金-台中,2024-11-25,5382
5351,鈺創,5,1,4,第一金-台中,2024-11-25,5382
4979,華星光,14,10,4,第一金-台中,2024-11-25,5382
006208,富邦台50,5,1,4,第一金-台中,2024-11-25,5382
2330,台積電,4,0,4,第一金-台中,2024-11-25,5382
2449,京元電子,9,5,4,第一金-台中,2024-11-25,5382
00924,復華S＆P500成長,4,0,4,第一金-台中,2024-11-25,5382
1582,信錦,4,0,4,第一金-台中,2024-11-25,5382
3056,富華新,60,0,60,第一金-台中,2024-11-26,5382
00953B,群益優選非投等債,49,0,49,第一金-台中,2024-11-26,5382
00878,國泰永續高股息,43,4,39,第一金-台中,2024-11-26,5382
3481,群創,50,19,31,第一金-台中,2024-11-26,5382
3706,神達,46,17,29,第一金-台中,2024-11-26,5382
1536,和大,33,5,28,第一金-台中,2024-11-26,5382
2426,鼎元,51,23,28,第一金-台中,2024-11-26,5382
2317,鴻海,32,8,24,第一金-台中,2024-11-26,5382
2610,華航,25,3,22,第一金-台中,2024-11-26,5382
6197,佳必琪,20,0,20,第一金-台中,2024-11-26,5382
2070,精湛,21,2,19,第一金-台中,2024-11-26,5382
3605,宏致,20,1,19,第一金-台中,2024-11-26,5382
3231,緯創,42,25,17,第一金-台中,2024-11-26,5382
00633L,富邦上証正2,21,5,16,第一金-台中,2024-11-26,5382
5371,中光電,48,32,16,第一金-台中,2024-11-26,5382
1605,華新,18,4,14,第一金-台中,2024-11-26,5382
0056,元大高股息,14,1,13,第一金-台中,2024-11-26,5382
6821,聯寶,13,0,13,第一金-台中,2024-11-26,5382
2891,中信金,15,3,12,第一金-台中,2024-11-26,5382
2603,長榮,13,1,12,第一金-台中,2024-11-26,5382
2303,聯電,11,0,11,第一金-台中,2024-11-26,5382
2359,所羅門,15,4,11,第一金-台中,2024-11-26,5382
00915,凱基優選高股息30,10,0,10,第一金-台中,2024-11-26,5382
00887,永豐中國科技50大,10,0,10,第一金-台中,2024-11-26,5382
00706L,期元大S＆P日圓正2,10,0,10,第一金-台中,2024-11-26,5382
3380,明泰,20,10,10,第一金-台中,2024-11-26,5382
4977,眾達-KY,10,0,10,第一金-台中,2024-11-26,5382
8215,明基材,10,0,10,第一金-台中,2024-11-26,5382
1569,濱川,13,3,10,第一金-台中,2024-11-26,5382
2615,萬海,10,1,9,第一金-台中,2024-11-26,5382
2498,宏達電,14,5,9,第一金-台中,2024-11-26,5382
4912,聯德控股-KY,9,0,9,第一金-台中,2024-11-26,5382
6770,力積電,10,1,9,第一金-台中,2024-11-26,5382
4540,全球傳動,16,7,9,第一金-台中,2024-11-26,5382
4526,東台,32,24,8,第一金-台中,2024-11-26,5382
3062,建漢,7,0,7,第一金-台中,2024-11-26,5382
6134,萬旭,15,8,7,第一金-台中,2024-11-26,5382
9935,慶豐富,8,1,7,第一金-台中,2024-11-26,5382
006208,富邦台50,7,0,7,第一金-台中,2024-11-26,5382
00919,群益台灣精選高息,7,0,7,第一金-台中,2024-11-26,5382
2330,台積電,6,0,6,第一金-台中,2024-11-26,5382
00665L,富邦�琤肭磪囓�2,23,17,6,第一金-台中,2024-11-26,5382
2344,華邦電,9,3,6,第一金-台中,2024-11-26,5382
4968,立積,6,0,6,第一金-台中,2024-11-26,5382
6118,建達,10,4,6,第一金-台中,2024-11-26,5382
00933B,國泰10Y+金融債,8,2,6,第一金-台中,2024-11-26,5382
00753L,中信中國50正2,5,0,5,第一金-台中,2024-11-26,5382
00946,群益科技高息成長,5,0,5,第一金-台中,2024-11-26,5382
1301,台塑,7,2,5,第一金-台中,2024-11-26,5382
3323,加百裕,10,5,5,第一金-台中,2024-11-26,5382
2834,臺企銀,153,0,153,第一金-台中,2024-11-27,5382
00919,群益台灣精選高息,78,3,75,第一金-台中,2024-11-27,5382
3056,富華新,75,0,75,第一金-台中,2024-11-27,5382
3043,科風,56,0,56,第一金-台中,2024-11-27,5382
00632R,元大台灣50反1,54,0,54,第一金-台中,2024-11-27,5382
00929,復華台灣科技優息,52,3,49,第一金-台中,2024-11-27,5382
0056,元大高股息,49,0,49,第一金-台中,2024-11-27,5382
2303,聯電,73,28,45,第一金-台中,2024-11-27,5382
3702A,大聯大甲特,40,0,40,第一金-台中,2024-11-27,5382
2367,燿華,40,1,39,第一金-台中,2024-11-27,5382
00878,國泰永續高股息,40,3,37,第一金-台中,2024-11-27,5382
8038,長園科,36,0,36,第一金-台中,2024-11-27,5382
00881,國泰台灣5G+,32,0,32,第一金-台中,2024-11-27,5382
6558,興能高,39,10,29,第一金-台中,2024-11-27,5382
3481,群創,34,5,29,第一金-台中,2024-11-27,5382
2317,鴻海,52,23,29,第一金-台中,2024-11-27,5382
1605,華新,27,1,26,第一金-台中,2024-11-27,5382
2891,中信金,27,2,25,第一金-台中,2024-11-27,5382
2204,中華,26,2,24,第一金-台中,2024-11-27,5382
3047,訊舟,24,0,24,第一金-台中,2024-11-27,5382
1449,佳和,23,1,22,第一金-台中,2024-11-27,5382
2646,星宇航空,21,0,21,第一金-台中,2024-11-27,5382
3062,建漢,21,0,21,第一金-台中,2024-11-27,5382
00937B,群益ESG投等債20,30,10,20,第一金-台中,2024-11-27,5382
00915,凱基優選高股息30,19,0,19,第一金-台中,2024-11-27,5382
3622,洋華,20,2,18,第一金-台中,2024-11-27,5382
3231,緯創,22,5,17,第一金-台中,2024-11-27,5382
2376,技嘉,19,3,16,第一金-台中,2024-11-27,5382
6668,中揚光,29,13,16,第一金-台中,2024-11-27,5382
00940,元大台灣價值高息,35,20,15,第一金-台中,2024-11-27,5382
2883,凱基金,15,1,14,第一金-台中,2024-11-27,5382
00751B,元大AAA至A公司債,14,0,14,第一金-台中,2024-11-27,5382
3230,錦明,27,13,14,第一金-台中,2024-11-27,5382
00891,中信關鍵半導體,13,0,13,第一金-台中,2024-11-27,5382
00900,富邦特選高股息30,12,0,12,第一金-台中,2024-11-27,5382
00946,群益科技高息成長,12,0,12,第一金-台中,2024-11-27,5382
1301,台塑,13,1,12,第一金-台中,2024-11-27,5382
1815,富喬,23,11,12,第一金-台中,2024-11-27,5382
6506,雙邦,12,0,12,第一金-台中,2024-11-27,5382
1536,和大,28,16,12,第一金-台中,2024-11-27,5382
2330,台積電,11,0,11,第一金-台中,2024-11-27,5382
3042,晶技,11,0,11,第一金-台中,2024-11-27,5382
006208,富邦台50,10,0,10,第一金-台中,2024-11-27,5382
2363,矽統,10,0,10,第一金-台中,2024-11-27,5382
00641R,富邦日本反1,10,0,10,第一金-台中,2024-11-27,5382
00933B,國泰10Y+金融債,10,0,10,第一金-台中,2024-11-27,5382
1326,台化,10,0,10,第一金-台中,2024-11-27,5382
2882,國泰金,10,0,10,第一金-台中,2024-11-27,5382
3150,鈺寶-創,10,0,10,第一金-台中,2024-11-27,5382
4558,寶緯,10,0,10,第一金-台中,2024-11-27,5382
2646,星宇航空,143,5,138,第一金-台中,2024-11-28,5382
3481,群創,175,60,115,第一金-台中,2024-11-28,5382
2332,友訊,127,31,96,第一金-台中,2024-11-28,5382
00929,復華台灣科技優息,82,9,73,第一金-台中,2024-11-28,5382
00919,群益台灣精選高息,75,2,73,第一金-台中,2024-11-28,5382
00878,國泰永續高股息,75,5,70,第一金-台中,2024-11-28,5382
2883,凱基金,64,2,62,第一金-台中,2024-11-28,5382
4510,高鋒,87,37,50,第一金-台中,2024-11-28,5382
2426,鼎元,55,13,42,第一金-台中,2024-11-28,5382
4979,華星光,50,15,35,第一金-台中,2024-11-28,5382
1605,華新,34,0,34,第一金-台中,2024-11-28,5382
1218,泰山,30,1,29,第一金-台中,2024-11-28,5382
0056,元大高股息,42,17,25,第一金-台中,2024-11-28,5382
2884,玉山金,21,1,20,第一金-台中,2024-11-28,5382
00664R,國泰臺灣加權反1,20,0,20,第一金-台中,2024-11-28,5382
4542,科嶠,18,0,18,第一金-台中,2024-11-28,5382
2392,正崴,70,54,16,第一金-台中,2024-11-28,5382
00940,元大台灣價值高息,25,10,15,第一金-台中,2024-11-28,5382
6127,九豪,30,17,13,第一金-台中,2024-11-28,5382
3711,日月光投控,13,0,13,第一金-台中,2024-11-28,5382
1595,川寶,12,0,12,第一金-台中,2024-11-28,5382
2501,國建,11,0,11,第一金-台中,2024-11-28,5382
2312,金寶,106,95,11,第一金-台中,2024-11-28,5382
00891,中信關鍵半導體,11,1,10,第一金-台中,2024-11-28,5382
1802,台玻,11,1,10,第一金-台中,2024-11-28,5382
2618,長榮航,10,0,10,第一金-台中,2024-11-28,5382
3042,晶技,10,0,10,第一金-台中,2024-11-28,5382
3056,富華新,10,0,10,第一金-台中,2024-11-28,5382
8240,華宏,10,1,9,第一金-台中,2024-11-28,5382
00665L,富邦�琤肭磪囓�2,79,71,8,第一金-台中,2024-11-28,5382
5410,國眾,8,0,8,第一金-台中,2024-11-28,5382
3374,精材,7,0,7,第一金-台中,2024-11-28,5382
3450,聯鈞,25,18,7,第一金-台中,2024-11-28,5382
6668,中揚光,7,0,7,第一金-台中,2024-11-28,5382
00918,大華優利高填息30,6,0,6,第一金-台中,2024-11-28,5382
2483,百容,6,0,6,第一金-台中,2024-11-28,5382
5263,智崴,6,0,6,第一金-台中,2024-11-28,5382
2102,泰豐,6,0,6,第一金-台中,2024-11-28,5382
2365,昆盈,8,3,5,第一金-台中,2024-11-28,5382
5871,中租-KY,5,0,5,第一金-台中,2024-11-28,5382
1531,高林股,5,0,5,第一金-台中,2024-11-28,5382
1712,興農,6,1,5,第一金-台中,2024-11-28,5382
2014,中鴻,5,0,5,第一金-台中,2024-11-28,5382
2062,橋椿,60,55,5,第一金-台中,2024-11-28,5382
3702A,大聯大甲特,5,0,5,第一金-台中,2024-11-28,5382
4303,信立,5,0,5,第一金-台中,2024-11-28,5382
6533,晶心科,5,0,5,第一金-台中,2024-11-28,5382
6706,惠特,10,5,5,第一金-台中,2024-11-28,5382
8163,達方,5,0,5,第一金-台中,2024-11-28,5382
006208,富邦台50,5,1,4,第一金-台中,2024-11-28,5382
5309,系統電,120,24,96,第一金-台中,2024-11-29,5382
2883,凱基金,58,0,58,第一金-台中,2024-11-29,5382
00632R,元大台灣50反1,59,9,50,第一金-台中,2024-11-29,5382
00878,國泰永續高股息,39,2,37,第一金-台中,2024-11-29,5382
2354,鴻準,62,26,36,第一金-台中,2024-11-29,5382
3706,神達,123,89,34,第一金-台中,2024-11-29,5382
00936,台新永續高息中小,33,2,31,第一金-台中,2024-11-29,5382
1301,台塑,30,0,30,第一金-台中,2024-11-29,5382
8171,天宇,28,3,25,第一金-台中,2024-11-29,5382
00919,群益台灣精選高息,124,101,23,第一金-台中,2024-11-29,5382
00959B,大華投等美債15Y+,22,0,22,第一金-台中,2024-11-29,5382
1326,台化,21,0,21,第一金-台中,2024-11-29,5382
4542,科嶠,21,0,21,第一金-台中,2024-11-29,5382
00887,永豐中國科技50大,20,0,20,第一金-台中,2024-11-29,5382
2375,凱美,20,1,19,第一金-台中,2024-11-29,5382
0056,元大高股息,21,3,18,第一金-台中,2024-11-29,5382
1815,富喬,45,28,17,第一金-台中,2024-11-29,5382
00639,富邦深100,16,0,16,第一金-台中,2024-11-29,5382
2886,兆豐金,16,0,16,第一金-台中,2024-11-29,5382
3702A,大聯大甲特,16,0,16,第一金-台中,2024-11-29,5382
2317,鴻海,30,14,16,第一金-台中,2024-11-29,5382
2882,國泰金,16,2,14,第一金-台中,2024-11-29,5382
3056,富華新,13,1,12,第一金-台中,2024-11-29,5382
2353,宏��,13,2,11,第一金-台中,2024-11-29,5382
2204,中華,15,4,11,第一金-台中,2024-11-29,5382
2891,中信金,11,0,11,第一金-台中,2024-11-29,5382
1536,和大,56,45,11,第一金-台中,2024-11-29,5382
00940,元大台灣價值高息,10,0,10,第一金-台中,2024-11-29,5382
00937B,群益ESG投等債20,10,0,10,第一金-台中,2024-11-29,5382
1449,佳和,10,0,10,第一金-台中,2024-11-29,5382
6282,康舒,10,0,10,第一金-台中,2024-11-29,5382
00929,復華台灣科技優息,26,16,10,第一金-台中,2024-11-29,5382
00715L,期街口布蘭特正2,10,2,8,第一金-台中,2024-11-29,5382
3162,精確,8,0,8,第一金-台中,2024-11-29,5382
6180,橘子,11,3,8,第一金-台中,2024-11-29,5382
8929,富堡,8,0,8,第一金-台中,2024-11-29,5382
8937,合騏,8,0,8,第一金-台中,2024-11-29,5382
3625,西勝,7,0,7,第一金-台中,2024-11-29,5382
9105,泰金寶-DR,10,3,7,第一金-台中,2024-11-29,5382
00938,凱基優選30,6,0,6,第一金-台中,2024-11-29,5382
00946,群益科技高息成長,6,0,6,第一金-台中,2024-11-29,5382
2609,陽明,16,10,6,第一金-台中,2024-11-29,5382
2887,台新金,6,0,6,第一金-台中,2024-11-29,5382
3047,訊舟,7,1,6,第一金-台中,2024-11-29,5382
3323,加百裕,70,64,6,第一金-台中,2024-11-29,5382
6578,達邦蛋白,6,0,6,第一金-台中,2024-11-29,5382
00927,群益半導體收益,7,2,5,第一金-台中,2024-11-29,5382
6753,龍德造船,5,0,5,第一金-台中,2024-11-29,5382
00882,中信中國高股息,16,11,5,第一金-台中,2024-11-29,5382
1307,三芳,5,0,5,第一金-台中,2024-11-29,5382
6558,興能高,96,12,84,第一金-台中,2024-12-02,5382
1218,泰山,50,0,50,第一金-台中,2024-12-02,5382
9105,泰金寶-DR,40,0,40,第一金-台中,2024-12-02,5382
5371,中光電,75,37,38,第一金-台中,2024-12-02,5382
2344,華邦電,37,0,37,第一金-台中,2024-12-02,5382
4968,立積,39,5,34,第一金-台中,2024-12-02,5382
2312,金寶,36,4,32,第一金-台中,2024-12-02,5382
1605,華新,39,8,31,第一金-台中,2024-12-02,5382
3323,加百裕,56,31,25,第一金-台中,2024-12-02,5382
3056,富華新,35,10,25,第一金-台中,2024-12-02,5382
4542,科嶠,25,0,25,第一金-台中,2024-12-02,5382
5328,華容,28,3,25,第一金-台中,2024-12-02,5382
3625,西勝,23,2,21,第一金-台中,2024-12-02,5382
4303,信立,26,7,19,第一金-台中,2024-12-02,5382
6962,ITH-KY,19,1,18,第一金-台中,2024-12-02,5382
4979,華星光,38,21,17,第一金-台中,2024-12-02,5382
2317,鴻海,17,1,16,第一金-台中,2024-12-02,5382
3706,神達,43,31,12,第一金-台中,2024-12-02,5382
1708,東鹼,12,0,12,第一金-台中,2024-12-02,5382
2402,毅嘉,12,0,12,第一金-台中,2024-12-02,5382
6505,台塑化,12,0,12,第一金-台中,2024-12-02,5382
00878,國泰永續高股息,12,2,10,第一金-台中,2024-12-02,5382
00953B,群益優選非投等債,10,0,10,第一金-台中,2024-12-02,5382
2488,漢平,10,0,10,第一金-台中,2024-12-02,5382
2736,富野,10,0,10,第一金-台中,2024-12-02,5382
4716,大立,10,0,10,第一金-台中,2024-12-02,5382
2603,長榮,11,1,10,第一金-台中,2024-12-02,5382
4977,眾達-KY,27,17,10,第一金-台中,2024-12-02,5382
2354,鴻準,19,10,9,第一金-台中,2024-12-02,5382
2883,凱基金,20,11,9,第一金-台中,2024-12-02,5382
3693,營邦,10,1,9,第一金-台中,2024-12-02,5382
2615,萬海,11,3,8,第一金-台中,2024-12-02,5382
00887,永豐中國科技50大,14,6,8,第一金-台中,2024-12-02,5382
2606,裕民,8,0,8,第一金-台中,2024-12-02,5382
3622,洋華,10,2,8,第一金-台中,2024-12-02,5382
7402,邑錡,9,1,8,第一金-台中,2024-12-02,5382
6603,富強鑫,7,0,7,第一金-台中,2024-12-02,5382
1301,台塑,32,25,7,第一金-台中,2024-12-02,5382
00919,群益台灣精選高息,12,5,7,第一金-台中,2024-12-02,5382
1449,佳和,8,2,6,第一金-台中,2024-12-02,5382
2419,仲琦,6,0,6,第一金-台中,2024-12-02,5382
6180,橘子,6,0,6,第一金-台中,2024-12-02,5382
00633L,富邦上証正2,9,4,5,第一金-台中,2024-12-02,5382
00895,富邦未來車,5,0,5,第一金-台中,2024-12-02,5382
1409,新纖,5,0,5,第一金-台中,2024-12-02,5382
1781,合世,5,0,5,第一金-台中,2024-12-02,5382
2597,潤弘,5,0,5,第一金-台中,2024-12-02,5382
3419,譁裕,6,1,5,第一金-台中,2024-12-02,5382
3628,盈正,9,4,5,第一金-台中,2024-12-02,5382
6668,中揚光,9,4,5,第一金-台中,2024-12-02,5382
2449,京元電子,135,6,129,第一金-台中,2024-12-03,5382
00919,群益台灣精選高息,107,2,105,第一金-台中,2024-12-03,5382
1449,佳和,79,22,57,第一金-台中,2024-12-03,5382
6757,台灣虎航,90,39,51,第一金-台中,2024-12-03,5382
00915,凱基優選高股息30,45,0,45,第一金-台中,2024-12-03,5382
6121,新普,39,1,38,第一金-台中,2024-12-03,5382
4931,新盛力,40,4,36,第一金-台中,2024-12-03,5382
2454,聯發科,40,10,30,第一金-台中,2024-12-03,5382
3557,嘉威,29,0,29,第一金-台中,2024-12-03,5382
5371,中光電,34,8,26,第一金-台中,2024-12-03,5382
00918,大華優利高填息30,28,2,26,第一金-台中,2024-12-03,5382
9105,泰金寶-DR,84,60,24,第一金-台中,2024-12-03,5382
3032,偉訓,24,4,20,第一金-台中,2024-12-03,5382
4968,立積,19,1,18,第一金-台中,2024-12-03,5382
6546,正基,23,5,18,第一金-台中,2024-12-03,5382
2303,聯電,22,6,16,第一金-台中,2024-12-03,5382
2347,聯強,16,0,16,第一金-台中,2024-12-03,5382
2408,南亞科,21,6,15,第一金-台中,2024-12-03,5382
3023,信邦,15,0,15,第一金-台中,2024-12-03,5382
00878,國泰永續高股息,31,17,14,第一金-台中,2024-12-03,5382
2476,鉅祥,14,0,14,第一金-台中,2024-12-03,5382
2486,一詮,20,7,13,第一金-台中,2024-12-03,5382
2342,茂矽,14,1,13,第一金-台中,2024-12-03,5382
2897,王道銀行,12,0,12,第一金-台中,2024-12-03,5382
3712,永崴投控,12,0,12,第一金-台中,2024-12-03,5382
2891,中信金,14,3,11,第一金-台中,2024-12-03,5382
1569,濱川,10,0,10,第一金-台中,2024-12-03,5382
2204,中華,10,0,10,第一金-台中,2024-12-03,5382
4571,鈞興-KY,10,0,10,第一金-台中,2024-12-03,5382
6799,來頡,10,0,10,第一金-台中,2024-12-03,5382
8404,百和興業-KY,10,0,10,第一金-台中,2024-12-03,5382
9802,鈺齊-KY,10,0,10,第一金-台中,2024-12-03,5382
2317,鴻海,11,2,9,第一金-台中,2024-12-03,5382
2498,宏達電,9,0,9,第一金-台中,2024-12-03,5382
9914,美利達,9,0,9,第一金-台中,2024-12-03,5382
0056,元大高股息,11,3,8,第一金-台中,2024-12-03,5382
00720B,元大投資級公司債,8,0,8,第一金-台中,2024-12-03,5382
2520,冠德,8,0,8,第一金-台中,2024-12-03,5382
6117,迎廣,8,0,8,第一金-台中,2024-12-03,5382
00940,元大台灣價值高息,12,5,7,第一金-台中,2024-12-03,5382
2371,大同,8,1,7,第一金-台中,2024-12-03,5382
2387,精元,7,0,7,第一金-台中,2024-12-03,5382
8929,富堡,9,2,7,第一金-台中,2024-12-03,5382
1464,得力,7,0,7,第一金-台中,2024-12-03,5382
6695,芯鼎,33,27,6,第一金-台中,2024-12-03,5382
00665L,富邦�琤肭磪囓�2,69,63,6,第一金-台中,2024-12-03,5382
2329,華泰,9,3,6,第一金-台中,2024-12-03,5382
8085,福華,6,0,6,第一金-台中,2024-12-03,5382
00632R,元大台灣50反1,14,9,5,第一金-台中,2024-12-03,5382
2405,輔信,8,3,5,第一金-台中,2024-12-03,5382
00712,復華富時不動產,318,1,317,第一金-台中,2024-12-04,5382
00959B,大華投等美債15Y+,301,0,301,第一金-台中,2024-12-04,5382
00950B,凱基A級公司債,300,0,300,第一金-台中,2024-12-04,5382
00687B,國泰20年美債,163,101,62,第一金-台中,2024-12-04,5382
6127,九豪,85,27,58,第一金-台中,2024-12-04,5382
4908,前鼎,31,2,29,第一金-台中,2024-12-04,5382
3450,聯鈞,74,50,24,第一金-台中,2024-12-04,5382
2472,立隆電,32,9,23,第一金-台中,2024-12-04,5382
3706,神達,67,44,23,第一金-台中,2024-12-04,5382
00918,大華優利高填息30,25,3,22,第一金-台中,2024-12-04,5382
00923,群益台ESG低碳50,19,0,19,第一金-台中,2024-12-04,5382
00878,國泰永續高股息,21,2,19,第一金-台中,2024-12-04,5382
4968,立積,21,3,18,第一金-台中,2024-12-04,5382
00919,群益台灣精選高息,41,23,18,第一金-台中,2024-12-04,5382
0056,元大高股息,18,0,18,第一金-台中,2024-12-04,5382
3548,兆利,23,5,18,第一金-台中,2024-12-04,5382
2317,鴻海,37,20,17,第一金-台中,2024-12-04,5382
1301,台塑,42,26,16,第一金-台中,2024-12-04,5382
2646,星宇航空,16,0,16,第一金-台中,2024-12-04,5382
00930,永豐ESG低碳高息,16,0,16,第一金-台中,2024-12-04,5382
3376,新日興,27,12,15,第一金-台中,2024-12-04,5382
00915,凱基優選高股息30,13,0,13,第一金-台中,2024-12-04,5382
6530,創威,14,1,13,第一金-台中,2024-12-04,5382
00953B,群益優選非投等債,11,0,11,第一金-台中,2024-12-04,5382
2457,飛宏,11,0,11,第一金-台中,2024-12-04,5382
6175,立敦,11,0,11,第一金-台中,2024-12-04,5382
8103,瀚荃,11,0,11,第一金-台中,2024-12-04,5382
2834,臺企銀,10,0,10,第一金-台中,2024-12-04,5382
1605,華新,15,5,10,第一金-台中,2024-12-04,5382
2489,瑞軒,10,0,10,第一金-台中,2024-12-04,5382
3078,僑威,38,28,10,第一金-台中,2024-12-04,5382
8358,金居,10,1,9,第一金-台中,2024-12-04,5382
00713,元大台灣高息低波,7,0,7,第一金-台中,2024-12-04,5382
6142,友勁,6,0,6,第一金-台中,2024-12-04,5382
00751B,元大AAA至A公司債,6,0,6,第一金-台中,2024-12-04,5382
2408,南亞科,6,0,6,第一金-台中,2024-12-04,5382
3003,健和興,15,9,6,第一金-台中,2024-12-04,5382
3363,上詮,6,0,6,第一金-台中,2024-12-04,5382
3511,矽瑪,9,3,6,第一金-台中,2024-12-04,5382
6173,信昌電,5,0,5,第一金-台中,2024-12-04,5382
2365,昆盈,5,0,5,第一金-台中,2024-12-04,5382
00877,復華中國5G,5,0,5,第一金-台中,2024-12-04,5382
1591,駿吉-KY,5,0,5,第一金-台中,2024-12-04,5382
2002,中鋼,5,0,5,第一金-台中,2024-12-04,5382
2349,錸德,23,18,5,第一金-台中,2024-12-04,5382
3029,零壹,9,4,5,第一金-台中,2024-12-04,5382
3081,聯亞,5,0,5,第一金-台中,2024-12-04,5382
3149,正達,6,1,5,第一金-台中,2024-12-04,5382
3702A,大聯大甲特,5,0,5,第一金-台中,2024-12-04,5382
6177,達麗,5,0,5,第一金-台中,2024-12-04,5382
2344,華邦電,50,0,50,第一金-台中,2024-12-05,5382
00918,大華優利高填息30,45,7,38,第一金-台中,2024-12-05,5382
2457,飛宏,37,1,36,第一金-台中,2024-12-05,5382
00753L,中信中國50正2,43,10,33,第一金-台中,2024-12-05,5382
4542,科嶠,32,0,32,第一金-台中,2024-12-05,5382
3211,順達,44,13,31,第一金-台中,2024-12-05,5382
2646,星宇航空,30,0,30,第一金-台中,2024-12-05,5382
3323,加百裕,35,6,29,第一金-台中,2024-12-05,5382
6962,ITH-KY,29,0,29,第一金-台中,2024-12-05,5382
00915,凱基優選高股息30,28,0,28,第一金-台中,2024-12-05,5382
3090,日電貿,37,13,24,第一金-台中,2024-12-05,5382
00882,中信中國高股息,23,1,22,第一金-台中,2024-12-05,5382
2399,映泰,21,1,20,第一金-台中,2024-12-05,5382
6505,台塑化,18,0,18,第一金-台中,2024-12-05,5382
1815,富喬,51,35,16,第一金-台中,2024-12-05,5382
2027,大成鋼,15,0,15,第一金-台中,2024-12-05,5382
6438,迅得,18,3,15,第一金-台中,2024-12-05,5382
4968,立積,15,1,14,第一金-台中,2024-12-05,5382
3150,鈺寶-創,14,0,14,第一金-台中,2024-12-05,5382
3481,群創,134,120,14,第一金-台中,2024-12-05,5382
2392,正崴,54,40,14,第一金-台中,2024-12-05,5382
1605,華新,13,0,13,第一金-台中,2024-12-05,5382
4123,晟德,12,0,12,第一金-台中,2024-12-05,5382
1708,東鹼,12,0,12,第一金-台中,2024-12-05,5382
2618,長榮航,13,1,12,第一金-台中,2024-12-05,5382
2324,仁寶,13,2,11,第一金-台中,2024-12-05,5382
2472,立隆電,27,17,10,第一金-台中,2024-12-05,5382
00946,群益科技高息成長,10,0,10,第一金-台中,2024-12-05,5382
1565,精華,10,0,10,第一金-台中,2024-12-05,5382
1809,中釉,10,0,10,第一金-台中,2024-12-05,5382
8038,長園科,10,0,10,第一金-台中,2024-12-05,5382
8101,華冠,10,0,10,第一金-台中,2024-12-05,5382
8916,光隆,10,0,10,第一金-台中,2024-12-05,5382
2375,凱美,21,12,9,第一金-台中,2024-12-05,5382
2383,台光電,9,0,9,第一金-台中,2024-12-05,5382
3062,建漢,11,2,9,第一金-台中,2024-12-05,5382
2606,裕民,8,0,8,第一金-台中,2024-12-05,5382
00909,國泰數位支付服務,7,0,7,第一金-台中,2024-12-05,5382
4977,眾達-KY,39,33,6,第一金-台中,2024-12-05,5382
00926,凱基全球菁英55,6,0,6,第一金-台中,2024-12-05,5382
3511,矽瑪,11,5,6,第一金-台中,2024-12-05,5382
5309,系統電,15,9,6,第一金-台中,2024-12-05,5382
6134,萬旭,8,2,6,第一金-台中,2024-12-05,5382
0056,元大高股息,10,5,5,第一金-台中,2024-12-05,5382
3013,晟銘電,6,1,5,第一金-台中,2024-12-05,5382
00633L,富邦上証正2,5,0,5,第一金-台中,2024-12-05,5382
2331,精英,5,0,5,第一金-台中,2024-12-05,5382
2723,美食-KY,5,0,5,第一金-台中,2024-12-05,5382
3047,訊舟,5,0,5,第一金-台中,2024-12-05,5382
3163,波若威,13,8,5,第一金-台中,2024-12-05,5382
2888,新光金,499,0,499,第一金-台中,2024-12-06,5382
00953B,群益優選非投等債,70,0,70,第一金-台中,2024-12-06,5382
3056,富華新,74,4,70,第一金-台中,2024-12-06,5382
1605,華新,34,2,32,第一金-台中,2024-12-06,5382
2454,聯發科,53,22,31,第一金-台中,2024-12-06,5382
1612,宏泰,30,0,30,第一金-台中,2024-12-06,5382
00887,永豐中國科技50大,33,9,24,第一金-台中,2024-12-06,5382
4968,立積,21,1,20,第一金-台中,2024-12-06,5382
5871,中租-KY,20,0,20,第一金-台中,2024-12-06,5382
0056,元大高股息,21,1,20,第一金-台中,2024-12-06,5382
00878,國泰永續高股息,21,2,19,第一金-台中,2024-12-06,5382
6674,鋐寶科技,16,0,16,第一金-台中,2024-12-06,5382
6443,元晶,15,0,15,第一金-台中,2024-12-06,5382
9941,裕融,15,0,15,第一金-台中,2024-12-06,5382
4956,光鋐,19,6,13,第一金-台中,2024-12-06,5382
6140,訊達,15,3,12,第一金-台中,2024-12-06,5382
4979,華星光,32,21,11,第一金-台中,2024-12-06,5382
00676R,富邦臺灣加權反1,10,0,10,第一金-台中,2024-12-06,5382
2353,宏��,10,0,10,第一金-台中,2024-12-06,5382
2543,皇昌,10,0,10,第一金-台中,2024-12-06,5382
5522,遠雄,10,0,10,第一金-台中,2024-12-06,5382
5525,順天,10,0,10,第一金-台中,2024-12-06,5382
6244,茂迪,15,5,10,第一金-台中,2024-12-06,5382
1795,美時,9,0,9,第一金-台中,2024-12-06,5382
3625,西勝,11,2,9,第一金-台中,2024-12-06,5382
6811,宏�硌穈T,10,1,9,第一金-台中,2024-12-06,5382
00909,國泰數位支付服務,8,0,8,第一金-台中,2024-12-06,5382
00712,復華富時不動產,8,0,8,第一金-台中,2024-12-06,5382
1595,川寶,9,1,8,第一金-台中,2024-12-06,5382
3323,加百裕,22,15,7,第一金-台中,2024-12-06,5382
2882,國泰金,7,0,7,第一金-台中,2024-12-06,5382
00753L,中信中國50正2,10,3,7,第一金-台中,2024-12-06,5382
3466,德晉,7,0,7,第一金-台中,2024-12-06,5382
3628,盈正,7,0,7,第一金-台中,2024-12-06,5382
00915,凱基優選高股息30,7,1,6,第一金-台中,2024-12-06,5382
8111,立��,11,5,6,第一金-台中,2024-12-06,5382
00646,元大S＆P500,6,0,6,第一金-台中,2024-12-06,5382
1608,華榮,6,0,6,第一金-台中,2024-12-06,5382
2375,凱美,12,6,6,第一金-台中,2024-12-06,5382
9911,櫻花,6,0,6,第一金-台中,2024-12-06,5382
2603,長榮,9,3,6,第一金-台中,2024-12-06,5382
5284,jpp-KY,15,9,6,第一金-台中,2024-12-06,5382
8028,昇陽半導體,9,3,6,第一金-台中,2024-12-06,5382
2615,萬海,5,0,5,第一金-台中,2024-12-06,5382
3661,世芯-KY,5,0,5,第一金-台中,2024-12-06,5382
00830,國泰費城半導體,5,0,5,第一金-台中,2024-12-06,5382
3041,揚智,5,0,5,第一金-台中,2024-12-06,5382
2376,技嘉,6,1,5,第一金-台中,2024-12-06,5382
9958,世紀鋼,5,0,5,第一金-台中,2024-12-06,5382
1565,精華,5,0,5,第一金-台中,2024-12-06,5382
2888,新光金,499,15,484,第一金-台中,2024-12-09,5382
3703,欣陸,300,3,297,第一金-台中,2024-12-09,5382
3056,富華新,116,1,115,第一金-台中,2024-12-09,5382
0056,元大高股息,101,7,94,第一金-台中,2024-12-09,5382
4931,新盛力,61,6,55,第一金-台中,2024-12-09,5382
2609,陽明,165,129,36,第一金-台中,2024-12-09,5382
00918,大華優利高填息30,31,0,31,第一金-台中,2024-12-09,5382
00715L,期街口布蘭特正2,30,0,30,第一金-台中,2024-12-09,5382
00915,凱基優選高股息30,21,0,21,第一金-台中,2024-12-09,5382
6443,元晶,23,3,20,第一金-台中,2024-12-09,5382
4919,新唐,20,0,20,第一金-台中,2024-12-09,5382
2324,仁寶,35,18,17,第一金-台中,2024-12-09,5382
2332,友訊,42,26,16,第一金-台中,2024-12-09,5382
2520,冠德,15,0,15,第一金-台中,2024-12-09,5382
2913,農林,25,10,15,第一金-台中,2024-12-09,5382
2887,台新金,15,0,15,第一金-台中,2024-12-09,5382
2442,新美齊,13,0,13,第一金-台中,2024-12-09,5382
6674,鋐寶科技,13,0,13,第一金-台中,2024-12-09,5382
3607,谷崧,17,4,13,第一金-台中,2024-12-09,5382
6962,ITH-KY,13,1,12,第一金-台中,2024-12-09,5382
2537,聯上發,12,0,12,第一金-台中,2024-12-09,5382
4977,眾達-KY,18,6,12,第一金-台中,2024-12-09,5382
4541,晟田,11,0,11,第一金-台中,2024-12-09,5382
5309,系統電,19,8,11,第一金-台中,2024-12-09,5382
6462,神盾,18,7,11,第一金-台中,2024-12-09,5382
2317,鴻海,12,1,11,第一金-台中,2024-12-09,5382
00905,FT臺灣Smart,10,0,10,第一金-台中,2024-12-09,5382
00655L,國泰中國A50正2,17,7,10,第一金-台中,2024-12-09,5382
00665L,富邦�琤肭磪囓�2,16,6,10,第一金-台中,2024-12-09,5382
1817,凱撒衛,10,0,10,第一金-台中,2024-12-09,5382
2002,中鋼,11,1,10,第一金-台中,2024-12-09,5382
3450,聯鈞,36,26,10,第一金-台中,2024-12-09,5382
3605,宏致,10,0,10,第一金-台中,2024-12-09,5382
8467,波力-KY,10,0,10,第一金-台中,2024-12-09,5382
2354,鴻準,22,12,10,第一金-台中,2024-12-09,5382
2363,矽統,13,3,10,第一金-台中,2024-12-09,5382
00919,群益台灣精選高息,10,0,10,第一金-台中,2024-12-09,5382
2891,中信金,11,2,9,第一金-台中,2024-12-09,5382
2603,長榮,16,7,9,第一金-台中,2024-12-09,5382
3625,西勝,10,1,9,第一金-台中,2024-12-09,5382
8249,菱光,9,0,9,第一金-台中,2024-12-09,5382
2375,凱美,10,1,9,第一金-台中,2024-12-09,5382
00930,永豐ESG低碳高息,8,0,8,第一金-台中,2024-12-09,5382
00662,富邦NASDAQ,8,0,8,第一金-台中,2024-12-09,5382
00639,富邦深100,8,0,8,第一金-台中,2024-12-09,5382
6470,宇智,8,0,8,第一金-台中,2024-12-09,5382
3013,晟銘電,9,1,8,第一金-台中,2024-12-09,5382
2618,長榮航,29,21,8,第一金-台中,2024-12-09,5382
1605,華新,13,6,7,第一金-台中,2024-12-09,5382
2436,偉詮電,13,6,7,第一金-台中,2024-12-09,5382
2888,新光金,4992,4,4988,第一金-台中,2024-12-10,5382
00948B,中信優息投資級債,318,0,318,第一金-台中,2024-12-10,5382
3056,富華新,182,0,182,第一金-台中,2024-12-10,5382
00637L,元大滬深300正2,185,65,120,第一金-台中,2024-12-10,5382
00680L,元大美債20正2,61,1,60,第一金-台中,2024-12-10,5382
8942,森鉅,50,0,50,第一金-台中,2024-12-10,5382
4931,新盛力,48,7,41,第一金-台中,2024-12-10,5382
00633L,富邦上証正2,34,4,30,第一金-台中,2024-12-10,5382
4912,聯德控股-KY,29,0,29,第一金-台中,2024-12-10,5382
1301,台塑,36,10,26,第一金-台中,2024-12-10,5382
1449,佳和,32,6,26,第一金-台中,2024-12-10,5382
1815,富喬,32,6,26,第一金-台中,2024-12-10,5382
8227,巨有科技,25,1,24,第一金-台中,2024-12-10,5382
8249,菱光,37,15,22,第一金-台中,2024-12-10,5382
2317,鴻海,24,3,21,第一金-台中,2024-12-10,5382
3535,晶彩科,27,7,20,第一金-台中,2024-12-10,5382
6684,安格,75,56,19,第一金-台中,2024-12-10,5382
1595,川寶,25,7,18,第一金-台中,2024-12-10,5382
00918,大華優利高填息30,31,14,17,第一金-台中,2024-12-10,5382
00878,國泰永續高股息,15,0,15,第一金-台中,2024-12-10,5382
910322,康師傅-DR,15,0,15,第一金-台中,2024-12-10,5382
00909,國泰數位支付服務,14,0,14,第一金-台中,2024-12-10,5382
00687B,國泰20年美債,16,2,14,第一金-台中,2024-12-10,5382
3362,先進光,14,0,14,第一金-台中,2024-12-10,5382
00937B,群益ESG投等債20,13,0,13,第一金-台中,2024-12-10,5382
00919,群益台灣精選高息,18,5,13,第一金-台中,2024-12-10,5382
6962,ITH-KY,12,0,12,第一金-台中,2024-12-10,5382
00857B,永豐20年美公債,12,0,12,第一金-台中,2024-12-10,5382
3323,加百裕,26,14,12,第一金-台中,2024-12-10,5382
3029,零壹,30,18,12,第一金-台中,2024-12-10,5382
0056,元大高股息,15,4,11,第一金-台中,2024-12-10,5382
2354,鴻準,20,9,11,第一金-台中,2024-12-10,5382
00882,中信中國高股息,26,15,11,第一金-台中,2024-12-10,5382
2646,星宇航空,12,2,10,第一金-台中,2024-12-10,5382
00676R,富邦臺灣加權反1,10,0,10,第一金-台中,2024-12-10,5382
00881,國泰台灣5G+,10,0,10,第一金-台中,2024-12-10,5382
2472,立隆電,10,0,10,第一金-台中,2024-12-10,5382
4919,新唐,10,0,10,第一金-台中,2024-12-10,5382
1590,亞德客-KY,10,0,10,第一金-台中,2024-12-10,5382
00953B,群益優選非投等債,10,0,10,第一金-台中,2024-12-10,5382
3702A,大聯大甲特,9,0,9,第一金-台中,2024-12-10,5382
4977,眾達-KY,26,17,9,第一金-台中,2024-12-10,5382
00915,凱基優選高股息30,7,0,7,第一金-台中,2024-12-10,5382
2453,凌群,8,1,7,第一金-台中,2024-12-10,5382
3706,神達,75,69,6,第一金-台中,2024-12-10,5382
00713,元大台灣高息低波,6,0,6,第一金-台中,2024-12-10,5382
1309,台達化,11,5,6,第一金-台中,2024-12-10,5382
1591,駿吉-KY,6,0,6,第一金-台中,2024-12-10,5382
1712,興農,6,0,6,第一金-台中,2024-12-10,5382
2313,華通,22,16,6,第一金-台中,2024-12-10,5382
6121,新普,40,0,40,第一金-台中,2024-12-11,5382
9105,泰金寶-DR,39,1,38,第一金-台中,2024-12-11,5382
2317,鴻海,37,5,32,第一金-台中,2024-12-11,5382
2367,燿華,33,1,32,第一金-台中,2024-12-11,5382
00664R,國泰臺灣加權反1,30,0,30,第一金-台中,2024-12-11,5382
6215,和椿,36,8,28,第一金-台中,2024-12-11,5382
6237,驊訊,31,6,25,第一金-台中,2024-12-11,5382
00687B,國泰20年美債,30,9,21,第一金-台中,2024-12-11,5382
00951,台新日本半導體,20,0,20,第一金-台中,2024-12-11,5382
0056,元大高股息,20,1,19,第一金-台中,2024-12-11,5382
00918,大華優利高填息30,57,39,18,第一金-台中,2024-12-11,5382
4953,緯軟,21,3,18,第一金-台中,2024-12-11,5382
00919,群益台灣精選高息,27,10,17,第一金-台中,2024-12-11,5382
4576,大銀微系統,21,4,17,第一金-台中,2024-12-11,5382
3041,揚智,22,6,16,第一金-台中,2024-12-11,5382
00915,凱基優選高股息30,17,1,16,第一金-台中,2024-12-11,5382
2312,金寶,42,25,17,第一金-台中,2024-12-11,5382
2408,南亞科,15,0,15,第一金-台中,2024-12-11,5382
3548,兆利,23,8,15,第一金-台中,2024-12-11,5382
00946,群益科技高息成長,13,0,13,第一金-台中,2024-12-11,5382
1708,東鹼,13,0,13,第一金-台中,2024-12-11,5382
2402,毅嘉,14,1,13,第一金-台中,2024-12-11,5382
4510,高鋒,27,14,13,第一金-台中,2024-12-11,5382
8054,安國,40,27,13,第一金-台中,2024-12-11,5382
1795,美時,12,0,12,第一金-台中,2024-12-11,5382
00887,永豐中國科技50大,12,0,12,第一金-台中,2024-12-11,5382
3376,新日興,11,0,11,第一金-台中,2024-12-11,5382
2515,中工,10,0,10,第一金-台中,2024-12-11,5382
9941,裕融,10,0,10,第一金-台中,2024-12-11,5382
00910,第一金太空衛星,10,1,9,第一金-台中,2024-12-11,5382
2412,中華電,9,0,9,第一金-台中,2024-12-11,5382
1447,力鵬,8,0,8,第一金-台中,2024-12-11,5382
00878,國泰永續高股息,12,4,8,第一金-台中,2024-12-11,5382
00952,凱基台灣AI50,8,0,8,第一金-台中,2024-12-11,5382
6578,達邦蛋白,8,0,8,第一金-台中,2024-12-11,5382
2610,華航,72,64,8,第一金-台中,2024-12-11,5382
6770,力積電,7,0,7,第一金-台中,2024-12-11,5382
1301,台塑,12,5,7,第一金-台中,2024-12-11,5382
6530,創威,7,0,7,第一金-台中,2024-12-11,5382
2382,廣達,9,2,7,第一金-台中,2024-12-11,5382
006208,富邦台50,6,0,6,第一金-台中,2024-12-11,5382
5410,國眾,26,20,6,第一金-台中,2024-12-11,5382
6988,威力暘-創,6,0,6,第一金-台中,2024-12-11,5382
00713,元大台灣高息低波,5,0,5,第一金-台中,2024-12-11,5382
2388,威盛,5,0,5,第一金-台中,2024-12-11,5382
00955,中信日本商社,5,0,5,第一金-台中,2024-12-11,5382
1712,興農,5,0,5,第一金-台中,2024-12-11,5382
1817,凱撒衛,5,0,5,第一金-台中,2024-12-11,5382
2010,春源,5,0,5,第一金-台中,2024-12-11,5382
2102,泰豐,5,0,5,第一金-台中,2024-12-11,5382
00679B,元大美債20年,166,0,166,第一金-台中,2024-12-12,5382
00680L,元大美債20正2,105,0,105,第一金-台中,2024-12-12,5382
00637L,元大滬深300正2,83,0,83,第一金-台中,2024-12-12,5382
2374,佳能,110,27,83,第一金-台中,2024-12-12,5382
00950B,凱基A級公司債,50,0,50,第一金-台中,2024-12-12,5382
2618,長榮航,189,150,39,第一金-台中,2024-12-12,5382
1218,泰山,34,0,34,第一金-台中,2024-12-12,5382
1326,台化,31,0,31,第一金-台中,2024-12-12,5382
6415,矽力*-KY,26,0,26,第一金-台中,2024-12-12,5382
2359,所羅門,30,5,25,第一金-台中,2024-12-12,5382
00932,兆豐永續高息等權,24,0,24,第一金-台中,2024-12-12,5382
6962,ITH-KY,24,0,24,第一金-台中,2024-12-12,5382
00687B,國泰20年美債,22,0,22,第一金-台中,2024-12-12,5382
8374,羅昇,49,28,21,第一金-台中,2024-12-12,5382
5880,合庫金,21,0,21,第一金-台中,2024-12-12,5382
3217,優群,21,1,20,第一金-台中,2024-12-12,5382
6015,宏遠證,20,0,20,第一金-台中,2024-12-12,5382
6558,興能高,20,1,19,第一金-台中,2024-12-12,5382
2109,華豐,16,0,16,第一金-台中,2024-12-12,5382
2520,冠德,15,0,15,第一金-台中,2024-12-12,5382
00918,大華優利高填息30,13,0,13,第一金-台中,2024-12-12,5382
1303,南亞,13,0,13,第一金-台中,2024-12-12,5382
2498,宏達電,12,0,12,第一金-台中,2024-12-12,5382
00931B,統一美債20年,11,0,11,第一金-台中,2024-12-12,5382
2646,星宇航空,12,1,11,第一金-台中,2024-12-12,5382
3706,神達,41,30,11,第一金-台中,2024-12-12,5382
6237,驊訊,12,1,11,第一金-台中,2024-12-12,5382
2328,廣宇,16,5,11,第一金-台中,2024-12-12,5382
6806,森崴能源,10,0,10,第一金-台中,2024-12-12,5382
2303,聯電,18,8,10,第一金-台中,2024-12-12,5382
4968,立積,13,5,8,第一金-台中,2024-12-12,5382
2615,萬海,11,3,8,第一金-台中,2024-12-12,5382
5426,振發,15,7,8,第一金-台中,2024-12-12,5382
6134,萬旭,8,0,8,第一金-台中,2024-12-12,5382
3363,上詮,17,10,7,第一金-台中,2024-12-12,5382
2429,銘旺科,7,0,7,第一金-台中,2024-12-12,5382
2002,中鋼,11,5,6,第一金-台中,2024-12-12,5382
00915,凱基優選高股息30,8,2,6,第一金-台中,2024-12-12,5382
7722,LINEPAY,6,0,6,第一金-台中,2024-12-12,5382
3296,勝德,6,0,6,第一金-台中,2024-12-12,5382
3450,聯鈞,30,24,6,第一金-台中,2024-12-12,5382
3498,陽程,22,16,6,第一金-台中,2024-12-12,5382
2609,陽明,16,10,6,第一金-台中,2024-12-12,5382
1301,台塑,20,14,6,第一金-台中,2024-12-12,5382
4979,華星光,5,0,5,第一金-台中,2024-12-12,5382
00937B,群益ESG投等債20,5,0,5,第一金-台中,2024-12-12,5382
00857B,永豐20年美公債,5,0,5,第一金-台中,2024-12-12,5382
00955,中信日本商社,5,0,5,第一金-台中,2024-12-12,5382
1595,川寶,5,0,5,第一金-台中,2024-12-12,5382
1802,台玻,6,1,5,第一金-台中,2024-12-12,5382
00919,群益台灣精選高息,149,1,148,第一金-台中,2024-12-13,5382
2883,凱基金,128,0,128,第一金-台中,2024-12-13,5382
9105,泰金寶-DR,154,35,119,第一金-台中,2024-12-13,5382
9933,中鼎,100,0,100,第一金-台中,2024-12-13,5382
2109,華豐,99,0,99,第一金-台中,2024-12-13,5382
00637L,元大滬深300正2,96,9,87,第一金-台中,2024-12-13,5382
00918,大華優利高填息30,62,0,62,第一金-台中,2024-12-13,5382
00720B,元大投資級公司債,61,1,60,第一金-台中,2024-12-13,5382
2303,聯電,69,11,58,第一金-台中,2024-12-13,5382
3481,群創,113,61,52,第一金-台中,2024-12-13,5382
00882,中信中國高股息,50,0,50,第一金-台中,2024-12-13,5382
1806,冠軍,45,0,45,第一金-台中,2024-12-13,5382
2609,陽明,63,28,35,第一金-台中,2024-12-13,5382
5880,合庫金,35,0,35,第一金-台中,2024-12-13,5382
2312,金寶,36,5,31,第一金-台中,2024-12-13,5382
00751B,元大AAA至A公司債,30,0,30,第一金-台中,2024-12-13,5382
0056,元大高股息,24,1,23,第一金-台中,2024-12-13,5382
00959B,大華投等美債15Y+,20,0,20,第一金-台中,2024-12-13,5382
4974,亞泰,30,10,20,第一金-台中,2024-12-13,5382
5607,遠雄港,20,1,19,第一金-台中,2024-12-13,5382
00633L,富邦上証正2,23,4,19,第一金-台中,2024-12-13,5382
1815,富喬,26,8,18,第一金-台中,2024-12-13,5382
5263,智崴,18,0,18,第一金-台中,2024-12-13,5382
5481,新華,18,0,18,第一金-台中,2024-12-13,5382
00878,國泰永續高股息,20,2,18,第一金-台中,2024-12-13,5382
2317,鴻海,28,10,18,第一金-台中,2024-12-13,5382
00929,復華台灣科技優息,30,14,16,第一金-台中,2024-12-13,5382
1301,台塑,32,17,15,第一金-台中,2024-12-13,5382
4542,科嶠,15,0,15,第一金-台中,2024-12-13,5382
8404,百和興業-KY,15,0,15,第一金-台中,2024-12-13,5382
00915,凱基優選高股息30,17,5,12,第一金-台中,2024-12-13,5382
00680L,元大美債20正2,11,0,11,第一金-台中,2024-12-13,5382
1218,泰山,11,0,11,第一金-台中,2024-12-13,5382
5410,國眾,11,0,11,第一金-台中,2024-12-13,5382
9938,百和,11,0,11,第一金-台中,2024-12-13,5382
3323,加百裕,46,36,10,第一金-台中,2024-12-13,5382
00887,永豐中國科技50大,10,0,10,第一金-台中,2024-12-13,5382
2836,高雄銀,10,0,10,第一金-台中,2024-12-13,5382
3317,尼克森,10,0,10,第一金-台中,2024-12-13,5382
3703,欣陸,11,1,10,第一金-台中,2024-12-13,5382
5392,能率,10,0,10,第一金-台中,2024-12-13,5382
8111,立��,21,11,10,第一金-台中,2024-12-13,5382
00937B,群益ESG投等債20,16,6,10,第一金-台中,2024-12-13,5382
00655L,國泰中國A50正2,26,17,9,第一金-台中,2024-12-13,5382
00665L,富邦�琤肭磪囓�2,71,63,8,第一金-台中,2024-12-13,5382
6283,淳安,8,0,8,第一金-台中,2024-12-13,5382
1785,光洋科,11,3,8,第一金-台中,2024-12-13,5382
3694,海華,7,0,7,第一金-台中,2024-12-13,5382
00713,元大台灣高息低波,7,0,7,第一金-台中,2024-12-13,5382
2468,華經,17,10,7,第一金-台中,2024-12-13,5382
00679B,元大美債20年,124,1,123,第一金-台中,2024-12-16,5382
00687B,國泰20年美債,91,4,87,第一金-台中,2024-12-16,5382
00919,群益台灣精選高息,75,0,75,第一金-台中,2024-12-16,5382
6643,M31,67,1,66,第一金-台中,2024-12-16,5382
00751B,元大AAA至A公司債,60,0,60,第一金-台中,2024-12-16,5382
00720B,元大投資級公司債,60,0,60,第一金-台中,2024-12-16,5382
00918,大華優利高填息30,57,2,55,第一金-台中,2024-12-16,5382
00665L,富邦�琤肭磪囓�2,67,18,49,第一金-台中,2024-12-16,5382
2317,鴻海,51,7,44,第一金-台中,2024-12-16,5382
00664R,國泰臺灣加權反1,40,0,40,第一金-台中,2024-12-16,5382
6558,興能高,68,31,37,第一金-台中,2024-12-16,5382
2454,聯發科,64,29,35,第一金-台中,2024-12-16,5382
00637L,元大滬深300正2,40,9,31,第一金-台中,2024-12-16,5382
1536,和大,36,8,28,第一金-台中,2024-12-16,5382
00922,國泰台灣領袖50,27,0,27,第一金-台中,2024-12-16,5382
00878,國泰永續高股息,29,4,25,第一金-台中,2024-12-16,5382
00680L,元大美債20正2,24,0,24,第一金-台中,2024-12-16,5382
2474,可成,20,0,20,第一金-台中,2024-12-16,5382
6237,驊訊,20,0,20,第一金-台中,2024-12-16,5382
6596,寬宏藝術,20,0,20,第一金-台中,2024-12-16,5382
2891,中信金,20,2,18,第一金-台中,2024-12-16,5382
3041,揚智,23,5,18,第一金-台中,2024-12-16,5382
00887,永豐中國科技50大,27,10,17,第一金-台中,2024-12-16,5382
0056,元大高股息,18,4,14,第一金-台中,2024-12-16,5382
2376,技嘉,16,2,14,第一金-台中,2024-12-16,5382
2359,所羅門,19,6,13,第一金-台中,2024-12-16,5382
00937B,群益ESG投等債20,13,0,13,第一金-台中,2024-12-16,5382
2367,燿華,13,1,12,第一金-台中,2024-12-16,5382
00712,復華富時不動產,12,0,12,第一金-台中,2024-12-16,5382
00933B,國泰10Y+金融債,12,0,12,第一金-台中,2024-12-16,5382
4931,新盛力,27,15,12,第一金-台中,2024-12-16,5382
6285,啟��,13,1,12,第一金-台中,2024-12-16,5382
3443,創意,13,1,12,第一金-台中,2024-12-16,5382
00959B,大華投等美債15Y+,11,0,11,第一金-台中,2024-12-16,5382
1605,華新,26,15,11,第一金-台中,2024-12-16,5382
2646,星宇航空,11,0,11,第一金-台中,2024-12-16,5382
5263,智崴,11,0,11,第一金-台中,2024-12-16,5382
00940,元大台灣價值高息,11,1,10,第一金-台中,2024-12-16,5382
00688L,國泰20年美債正2,11,1,10,第一金-台中,2024-12-16,5382
00950B,凱基A級公司債,10,0,10,第一金-台中,2024-12-16,5382
2603,長榮,12,2,10,第一金-台中,2024-12-16,5382
2801,彰銀,10,0,10,第一金-台中,2024-12-16,5382
4510,高鋒,27,17,10,第一金-台中,2024-12-16,5382
8374,羅昇,14,4,10,第一金-台中,2024-12-16,5382
2354,鴻準,18,8,10,第一金-台中,2024-12-16,5382
3231,緯創,14,4,10,第一金-台中,2024-12-16,5382
3211,順達,11,2,9,第一金-台中,2024-12-16,5382
6187,萬潤,10,1,9,第一金-台中,2024-12-16,5382
8121,越峰,9,0,9,第一金-台中,2024-12-16,5382
2382,廣達,15,6,9,第一金-台中,2024-12-16,5382
5871,中租-KY,1006,2,1004,第一金-台中,2024-12-17,5382
00918,大華優利高填息30,102,10,92,第一金-台中,2024-12-17,5382
3481,群創,151,86,65,第一金-台中,2024-12-17,5382
3019,亞光,77,25,52,第一金-台中,2024-12-17,5382
2634,漢翔,50,0,50,第一金-台中,2024-12-17,5382
2365,昆盈,61,12,49,第一金-台中,2024-12-17,5382
2002,中鋼,49,1,48,第一金-台中,2024-12-17,5382
5880,合庫金,43,1,42,第一金-台中,2024-12-17,5382
1326,台化,31,0,31,第一金-台中,2024-12-17,5382
00664R,國泰臺灣加權反1,30,0,30,第一金-台中,2024-12-17,5382
00915,凱基優選高股息30,39,10,29,第一金-台中,2024-12-17,5382
00687B,國泰20年美債,28,1,27,第一金-台中,2024-12-17,5382
1605,華新,21,0,21,第一金-台中,2024-12-17,5382
0056,元大高股息,22,1,21,第一金-台中,2024-12-17,5382
3711,日月光投控,21,1,20,第一金-台中,2024-12-17,5382
00937B,群益ESG投等債20,22,3,19,第一金-台中,2024-12-17,5382
2359,所羅門,41,23,18,第一金-台中,2024-12-17,5382
00688L,國泰20年美債正2,15,0,15,第一金-台中,2024-12-17,5382
6674,鋐寶科技,15,0,15,第一金-台中,2024-12-17,5382
00878,國泰永續高股息,16,2,14,第一金-台中,2024-12-17,5382
2392,正崴,18,4,14,第一金-台中,2024-12-17,5382
2317,鴻海,21,7,14,第一金-台中,2024-12-17,5382
8227,巨有科技,11,0,11,第一金-台中,2024-12-17,5382
2887,台新金,10,0,10,第一金-台中,2024-12-17,5382
00680L,元大美債20正2,10,0,10,第一金-台中,2024-12-17,5382
00795B,中信美國公債20年,10,0,10,第一金-台中,2024-12-17,5382
00950B,凱基A級公司債,10,0,10,第一金-台中,2024-12-17,5382
1802,台玻,10,0,10,第一金-台中,2024-12-17,5382
3178,公準,10,0,10,第一金-台中,2024-12-17,5382
4561,健椿,13,3,10,第一金-台中,2024-12-17,5382
9904,寶成,10,0,10,第一金-台中,2024-12-17,5382
00713,元大台灣高息低波,10,0,10,第一金-台中,2024-12-17,5382
2406,國碩,9,0,9,第一金-台中,2024-12-17,5382
4977,眾達-KY,21,12,9,第一金-台中,2024-12-17,5382
3707,漢磊,9,0,9,第一金-台中,2024-12-17,5382
00922,國泰台灣領袖50,9,0,9,第一金-台中,2024-12-17,5382
2354,鴻準,10,2,8,第一金-台中,2024-12-17,5382
2417,圓剛,17,9,8,第一金-台中,2024-12-17,5382
2540,愛山林,8,0,8,第一金-台中,2024-12-17,5382
3374,精材,8,0,8,第一金-台中,2024-12-17,5382
2834,臺企銀,7,0,7,第一金-台中,2024-12-17,5382
4571,鈞興-KY,16,9,7,第一金-台中,2024-12-17,5382
6237,驊訊,7,1,6,第一金-台中,2024-12-17,5382
6274,台燿,6,0,6,第一金-台中,2024-12-17,5382
00679B,元大美債20年,7,2,5,第一金-台中,2024-12-17,5382
6488,環球晶,5,0,5,第一金-台中,2024-12-17,5382
2603,長榮,6,1,5,第一金-台中,2024-12-17,5382
3491,昇達科,5,0,5,第一金-台中,2024-12-17,5382
5371,中光電,11,6,5,第一金-台中,2024-12-17,5382
8011,台通,5,0,5,第一金-台中,2024-12-17,5382
00937B,群益ESG投等債20,507,0,507,第一金-台中,2024-12-18,5382
00918,大華優利高填息30,61,0,61,第一金-台中,2024-12-18,5382
9933,中鼎,50,0,50,第一金-台中,2024-12-18,5382
00712,復華富時不動產,48,0,48,第一金-台中,2024-12-18,5382
1815,富喬,68,20,48,第一金-台中,2024-12-18,5382
2002,中鋼,37,1,36,第一金-台中,2024-12-18,5382
5243,乙盛-KY,93,57,36,第一金-台中,2024-12-18,5382
2312,金寶,34,0,34,第一金-台中,2024-12-18,5382
1314,中石化,30,0,30,第一金-台中,2024-12-18,5382
2332,友訊,30,1,29,第一金-台中,2024-12-18,5382
2303,聯電,35,12,23,第一金-台中,2024-12-18,5382
2474,可成,21,0,21,第一金-台中,2024-12-18,5382
8042,金山電,23,2,21,第一金-台中,2024-12-18,5382
2834,臺企銀,20,0,20,第一金-台中,2024-12-18,5382
00882,中信中國高股息,20,0,20,第一金-台中,2024-12-18,5382
2324,仁寶,20,0,20,第一金-台中,2024-12-18,5382
3323,加百裕,42,22,20,第一金-台中,2024-12-18,5382
00688L,國泰20年美債正2,19,0,19,第一金-台中,2024-12-18,5382
2408,南亞科,21,3,18,第一金-台中,2024-12-18,5382
5009,榮剛,15,0,15,第一金-台中,2024-12-18,5382
00713,元大台灣高息低波,14,0,14,第一金-台中,2024-12-18,5382
9105,泰金寶-DR,13,0,13,第一金-台中,2024-12-18,5382
3029,零壹,13,0,13,第一金-台中,2024-12-18,5382
6962,ITH-KY,15,3,12,第一金-台中,2024-12-18,5382
6573,虹揚-KY,12,0,12,第一金-台中,2024-12-18,5382
3481,群創,21,10,11,第一金-台中,2024-12-18,5382
3376,新日興,12,1,11,第一金-台中,2024-12-18,5382
00679B,元大美債20年,11,1,10,第一金-台中,2024-12-18,5382
00950B,凱基A級公司債,10,0,10,第一金-台中,2024-12-18,5382
6596,寬宏藝術,10,0,10,第一金-台中,2024-12-18,5382
8101,華冠,10,0,10,第一金-台中,2024-12-18,5382
3019,亞光,46,36,10,第一金-台中,2024-12-18,5382
00910,第一金太空衛星,10,1,9,第一金-台中,2024-12-18,5382
3035,智原,16,7,9,第一金-台中,2024-12-18,5382
3450,聯鈞,18,9,9,第一金-台中,2024-12-18,5382
4952,凌通,17,8,9,第一金-台中,2024-12-18,5382
4958,臻鼎-KY,15,6,9,第一金-台中,2024-12-18,5382
2374,佳能,44,36,8,第一金-台中,2024-12-18,5382
4991,環宇-KY,29,22,7,第一金-台中,2024-12-18,5382
5371,中光電,18,11,7,第一金-台中,2024-12-18,5382
6643,M31,7,0,7,第一金-台中,2024-12-18,5382
8033,雷虎,20,13,7,第一金-台中,2024-12-18,5382
00930,永豐ESG低碳高息,6,0,6,第一金-台中,2024-12-18,5382
2426,鼎元,6,0,6,第一金-台中,2024-12-18,5382
3706,神達,54,48,6,第一金-台中,2024-12-18,5382
6674,鋐寶科技,6,0,6,第一金-台中,2024-12-18,5382
3231,緯創,6,1,5,第一金-台中,2024-12-18,5382
2736,富野,5,0,5,第一金-台中,2024-12-18,5382
3483,力致,5,0,5,第一金-台中,2024-12-18,5382
5344,立衛,4,0,4,第一金-台中,2024-12-18,5382
2882,國泰金,1985,5,1980,第一金-台中,2024-12-19,5382
5871,中租-KY,300,100,200,第一金-台中,2024-12-19,5382
00680L,元大美債20正2,192,30,162,第一金-台中,2024-12-19,5382
00632R,元大台灣50反1,164,10,154,第一金-台中,2024-12-19,5382
9933,中鼎,150,0,150,第一金-台中,2024-12-19,5382
9105,泰金寶-DR,155,47,108,第一金-台中,2024-12-19,5382
00878,國泰永續高股息,108,1,107,第一金-台中,2024-12-19,5382
3703,欣陸,100,0,100,第一金-台中,2024-12-19,5382
6859,伯特光,101,1,100,第一金-台中,2024-12-19,5382
00712,復華富時不動產,66,0,66,第一金-台中,2024-12-19,5382
00918,大華優利高填息30,67,8,59,第一金-台中,2024-12-19,5382
3481,群創,53,0,53,第一金-台中,2024-12-19,5382
1528,恩德,53,0,53,第一金-台中,2024-12-19,5382
5388,中磊,53,3,50,第一金-台中,2024-12-19,5382
0056,元大高股息,49,2,47,第一金-台中,2024-12-19,5382
2374,佳能,111,65,46,第一金-台中,2024-12-19,5382
2317,鴻海,45,1,44,第一金-台中,2024-12-19,5382
00937B,群益ESG投等債20,41,0,41,第一金-台中,2024-12-19,5382
6188,廣明,59,19,40,第一金-台中,2024-12-19,5382
5607,遠雄港,39,0,39,第一金-台中,2024-12-19,5382
1303,南亞,37,1,36,第一金-台中,2024-12-19,5382
00679B,元大美債20年,36,1,35,第一金-台中,2024-12-19,5382
6558,興能高,73,44,29,第一金-台中,2024-12-19,5382
8111,立��,56,30,26,第一金-台中,2024-12-19,5382
00687B,國泰20年美債,33,10,23,第一金-台中,2024-12-19,5382
6209,今國光,33,10,23,第一金-台中,2024-12-19,5382
00751B,元大AAA至A公司債,22,0,22,第一金-台中,2024-12-19,5382
5392,能率,46,25,21,第一金-台中,2024-12-19,5382
1314,中石化,20,0,20,第一金-台中,2024-12-19,5382
00720B,元大投資級公司債,19,0,19,第一金-台中,2024-12-19,5382
00931B,統一美債20年,19,0,19,第一金-台中,2024-12-19,5382
00915,凱基優選高股息30,19,0,19,第一金-台中,2024-12-19,5382
00713,元大台灣高息低波,18,1,17,第一金-台中,2024-12-19,5382
9958,世紀鋼,22,5,17,第一金-台中,2024-12-19,5382
5531,鄉林,17,0,17,第一金-台中,2024-12-19,5382
006208,富邦台50,16,0,16,第一金-台中,2024-12-19,5382
3231,緯創,20,4,16,第一金-台中,2024-12-19,5382
00688L,國泰20年美債正2,16,0,16,第一金-台中,2024-12-19,5382
2891,中信金,15,0,15,第一金-台中,2024-12-19,5382
4571,鈞興-KY,41,28,13,第一金-台中,2024-12-19,5382
2618,長榮航,13,1,12,第一金-台中,2024-12-19,5382
4967,十銓,13,1,12,第一金-台中,2024-12-19,5382
2609,陽明,37,25,12,第一金-台中,2024-12-19,5382
2367,燿華,12,1,11,第一金-台中,2024-12-19,5382
2303,聯電,14,4,10,第一金-台中,2024-12-19,5382
2359,所羅門,47,37,10,第一金-台中,2024-12-19,5382
2849,安泰銀,10,0,10,第一金-台中,2024-12-19,5382
3049,精金,10,0,10,第一金-台中,2024-12-19,5382
3035,智原,11,2,9,第一金-台中,2024-12-19,5382
8404,百和興業-KY,9,0,9,第一金-台中,2024-12-19,5382
