Ticker,Name,buy,sell,diff,Branch,Date,Branch_Code
0050,元大台灣50,3338,102,3236,統一,2023-01-03,5850
1605,華新,1982,515,1467,統一,2023-01-03,5850
1701,中化,1253,104,1149,統一,2023-01-03,5850
2891,中信金,1184,168,1016,統一,2023-01-03,5850
00715L,期街口布蘭特正2,1278,356,922,統一,2023-01-03,5850
1513,中興電,1002,373,629,統一,2023-01-03,5850
1216,統一,508,11,497,統一,2023-01-03,5850
2881,富邦金,549,52,497,統一,2023-01-03,5850
2882,國泰金,1105,717,388,統一,2023-01-03,5850
1909,榮成,333,0,333,統一,2023-01-03,5850
2409,友達,329,1,328,統一,2023-01-03,5850
00673R,期元大S＆P原油反1,291,2,289,統一,2023-01-03,5850
2201,裕隆,369,100,269,統一,2023-01-03,5850
6547,高端疫苗,240,1,239,統一,2023-01-03,5850
2889,國票金,208,0,208,統一,2023-01-03,5850
3515,華擎,202,10,192,統一,2023-01-03,5850
6443,元晶,293,112,181,統一,2023-01-03,5850
1101,台泥,284,123,161,統一,2023-01-03,5850
5351,鈺創,161,22,139,統一,2023-01-03,5850
2618,長榮航,459,324,135,統一,2023-01-03,5850
2412,中華電,216,82,134,統一,2023-01-03,5850
2014,中鴻,179,45,134,統一,2023-01-03,5850
2603,長榮,335,205,130,統一,2023-01-03,5850
2030,彰源,121,0,121,統一,2023-01-03,5850
2303,聯電,592,481,111,統一,2023-01-03,5850
2534,宏盛,103,0,103,統一,2023-01-03,5850
2308,台達電,99,5,94,統一,2023-01-03,5850
1707,葡萄王,92,2,90,統一,2023-01-03,5850
4551,智伸科,90,2,88,統一,2023-01-03,5850
6191,精成科,81,0,81,統一,2023-01-03,5850
00830,國泰費城半導體,81,0,81,統一,2023-01-03,5850
3708,上緯投控,89,9,80,統一,2023-01-03,5850
8478,東哥遊艇,90,10,80,統一,2023-01-03,5850
8069,元太,295,215,80,統一,2023-01-03,5850
8916,光隆,78,0,78,統一,2023-01-03,5850
2345,智邦,93,16,77,統一,2023-01-03,5850
6143,振曜,83,6,77,統一,2023-01-03,5850
2851,中再保,76,0,76,統一,2023-01-03,5850
3592,瑞鼎,77,1,76,統一,2023-01-03,5850
4919,新唐,101,28,73,統一,2023-01-03,5850
3037,欣興,119,48,71,統一,2023-01-03,5850
3481,群創,105,34,71,統一,2023-01-03,5850
0052,富邦科技,71,2,69,統一,2023-01-03,5850
8171,天宇,136,69,67,統一,2023-01-03,5850
3443,創意,77,12,65,統一,2023-01-03,5850
2498,宏達電,244,180,64,統一,2023-01-03,5850
00712,復華富時不動產,63,0,63,統一,2023-01-03,5850
1752,南光,304,245,59,統一,2023-01-03,5850
4763,材料-KY,59,3,56,統一,2023-01-03,5850
2368,金像電,68,17,51,統一,2023-01-03,5850
00632R,元大台灣50反1,2220,57,2163,統一,2023-01-04,5850
2376,技嘉,1994,133,1861,統一,2023-01-04,5850
2881,富邦金,703,2,701,統一,2023-01-04,5850
0050,元大台灣50,578,0,578,統一,2023-01-04,5850
1102,亞泥,505,0,505,統一,2023-01-04,5850
1326,台化,500,0,500,統一,2023-01-04,5850
1701,中化,724,260,464,統一,2023-01-04,5850
1513,中興電,1343,1002,341,統一,2023-01-04,5850
00773B,中信優先金融債,788,450,338,統一,2023-01-04,5850
3711,日月光投控,315,15,300,統一,2023-01-04,5850
1529,樂事綠能,326,49,277,統一,2023-01-04,5850
00772B,中信高評級公司債,689,420,269,統一,2023-01-04,5850
00902,中信電池及儲能,266,1,265,統一,2023-01-04,5850
3034,聯詠,280,18,262,統一,2023-01-04,5850
2409,友達,282,30,252,統一,2023-01-04,5850
2351,順德,250,0,250,統一,2023-01-04,5850
00715L,期街口布蘭特正2,286,40,246,統一,2023-01-04,5850
5351,鈺創,342,108,234,統一,2023-01-04,5850
1444,力麗,289,57,232,統一,2023-01-04,5850
1519,華城,309,78,231,統一,2023-01-04,5850
1909,榮成,256,30,226,統一,2023-01-04,5850
4114,健喬,296,78,218,統一,2023-01-04,5850
2324,仁寶,196,0,196,統一,2023-01-04,5850
4167,松瑞藥,212,20,192,統一,2023-01-04,5850
4968,立積,182,18,164,統一,2023-01-04,5850
2383,台光電,198,37,161,統一,2023-01-04,5850
2603,長榮,562,402,160,統一,2023-01-04,5850
4130,健亞,153,4,149,統一,2023-01-04,5850
8069,元太,291,147,144,統一,2023-01-04,5850
1736,喬山,149,7,142,統一,2023-01-04,5850
6741,91APP*-KY,134,2,132,統一,2023-01-04,5850
6443,元晶,224,96,128,統一,2023-01-04,5850
2103,台橡,130,3,127,統一,2023-01-04,5850
3686,達能,128,3,125,統一,2023-01-04,5850
2882,國泰金,116,1,115,統一,2023-01-04,5850
020033,統一�琤肮黕篾,160,45,115,統一,2023-01-04,5850
5425,台半,201,93,108,統一,2023-01-04,5850
3481,群創,263,156,107,統一,2023-01-04,5850
6488,環球晶,110,8,102,統一,2023-01-04,5850
020025,統一亞洲半導體N,104,4,100,統一,2023-01-04,5850
1904,正隆,100,0,100,統一,2023-01-04,5850
6176,瑞儀,100,0,100,統一,2023-01-04,5850
1504,東元,93,7,86,統一,2023-01-04,5850
00679B,元大美債20年,105,21,84,統一,2023-01-04,5850
3661,世芯-KY,99,19,80,統一,2023-01-04,5850
3284,太普高,76,0,76,統一,2023-01-04,5850
2006,東和鋼鐵,75,0,75,統一,2023-01-04,5850
020031,統一IC設計臺灣N,91,18,73,統一,2023-01-04,5850
8299,群聯,75,3,72,統一,2023-01-04,5850
2482,連宇,67,0,67,統一,2023-01-04,5850
00632R,元大台灣50反1,2310,59,2251,統一,2023-01-05,5850
020033,統一�琤肮黕篾,1079,27,1052,統一,2023-01-05,5850
2303,聯電,1180,229,951,統一,2023-01-05,5850
00633L,富邦上証正2,850,1,849,統一,2023-01-05,5850
1101,台泥,821,55,766,統一,2023-01-05,5850
2382,廣達,714,0,714,統一,2023-01-05,5850
0050,元大台灣50,500,17,483,統一,2023-01-05,5850
3044,健鼎,410,0,410,統一,2023-01-05,5850
00902,中信電池及儲能,402,10,392,統一,2023-01-05,5850
2881,富邦金,375,1,374,統一,2023-01-05,5850
9955,佳龍,285,3,282,統一,2023-01-05,5850
1701,中化,352,85,267,統一,2023-01-05,5850
2412,中華電,306,51,255,統一,2023-01-05,5850
3711,日月光投控,210,1,209,統一,2023-01-05,5850
2603,長榮,317,123,194,統一,2023-01-05,5850
2317,鴻海,222,30,192,統一,2023-01-05,5850
5347,世界,194,12,182,統一,2023-01-05,5850
00919,群益台灣精選高息,226,55,171,統一,2023-01-05,5850
2883,凱基金,170,5,165,統一,2023-01-05,5850
5475,德宏,165,1,164,統一,2023-01-05,5850
00715L,期街口布蘭特正2,162,0,162,統一,2023-01-05,5850
1477,聚陽,188,35,153,統一,2023-01-05,5850
8171,天宇,587,436,151,統一,2023-01-05,5850
1513,中興電,819,673,146,統一,2023-01-05,5850
2014,中鴻,138,2,136,統一,2023-01-05,5850
00637L,元大滬深300正2,295,163,132,統一,2023-01-05,5850
2498,宏達電,347,216,131,統一,2023-01-05,5850
2344,華邦電,134,14,120,統一,2023-01-05,5850
6719,力智,128,10,118,統一,2023-01-05,5850
8033,雷虎,132,19,113,統一,2023-01-05,5850
2201,裕隆,179,72,107,統一,2023-01-05,5850
3454,晶睿,116,9,107,統一,2023-01-05,5850
3682,亞太電,104,0,104,統一,2023-01-05,5850
6223,旺矽,102,0,102,統一,2023-01-05,5850
3665,貿聯-KY,99,2,97,統一,2023-01-05,5850
8996,高力,125,34,91,統一,2023-01-05,5850
2882,國泰金,93,4,89,統一,2023-01-05,5850
2034,允強,86,0,86,統一,2023-01-05,5850
5258,虹堡,85,3,82,統一,2023-01-05,5850
2385,群光,81,0,81,統一,2023-01-05,5850
4961,天鈺,90,10,80,統一,2023-01-05,5850
00718B,富邦中國政策債,80,0,80,統一,2023-01-05,5850
6215,和椿,81,1,80,統一,2023-01-05,5850
1590,亞德客-KY,72,0,72,統一,2023-01-05,5850
00773B,中信優先金融債,501,430,71,統一,2023-01-05,5850
6679,鈺太,96,27,69,統一,2023-01-05,5850
3260,威剛,66,0,66,統一,2023-01-05,5850
2204,中華,65,0,65,統一,2023-01-05,5850
6492,生華科,65,1,64,統一,2023-01-05,5850
3406,玉晶光,80,16,64,統一,2023-01-05,5850
00632R,元大台灣50反1,5845,531,5314,統一,2023-01-06,5850
8358,金居,1053,27,1026,統一,2023-01-06,5850
1513,中興電,695,204,491,統一,2023-01-06,5850
3141,晶宏,481,28,453,統一,2023-01-06,5850
2455,全新,436,6,430,統一,2023-01-06,5850
1519,華城,476,48,428,統一,2023-01-06,5850
020031,統一IC設計臺灣N,462,45,417,統一,2023-01-06,5850
00893,國泰智能電動車,400,0,400,統一,2023-01-06,5850
5347,世界,867,472,395,統一,2023-01-06,5850
2204,中華,348,0,348,統一,2023-01-06,5850
3711,日月光投控,374,47,327,統一,2023-01-06,5850
3481,群創,523,201,322,統一,2023-01-06,5850
5483,中美晶,326,41,285,統一,2023-01-06,5850
2002,中鋼,245,15,230,統一,2023-01-06,5850
4961,天鈺,273,47,226,統一,2023-01-06,5850
1305,華夏,240,38,202,統一,2023-01-06,5850
8171,天宇,417,238,179,統一,2023-01-06,5850
3037,欣興,204,32,172,統一,2023-01-06,5850
2409,友達,381,237,144,統一,2023-01-06,5850
2615,萬海,211,69,142,統一,2023-01-06,5850
6770,力積電,236,117,119,統一,2023-01-06,5850
2603,長榮,185,67,118,統一,2023-01-06,5850
00679B,元大美債20年,103,0,103,統一,2023-01-06,5850
4763,材料-KY,105,13,92,統一,2023-01-06,5850
2634,漢翔,104,12,92,統一,2023-01-06,5850
00919,群益台灣精選高息,115,32,83,統一,2023-01-06,5850
2303,聯電,570,493,77,統一,2023-01-06,5850
2301,光寶科,77,1,76,統一,2023-01-06,5850
020025,統一亞洲半導體N,77,1,76,統一,2023-01-06,5850
2034,允強,74,0,74,統一,2023-01-06,5850
1218,泰山,66,0,66,統一,2023-01-06,5850
3189,景碩,69,7,62,統一,2023-01-06,5850
8046,南電,78,17,61,統一,2023-01-06,5850
3545,敦泰,64,5,59,統一,2023-01-06,5850
0050,元大台灣50,59,1,58,統一,2023-01-06,5850
020033,統一�琤肮黕篾,65,8,57,統一,2023-01-06,5850
1342,八貫,60,6,54,統一,2023-01-06,5850
5425,台半,73,20,53,統一,2023-01-06,5850
6415,矽力*-KY,52,1,51,統一,2023-01-06,5850
5388,中磊,55,4,51,統一,2023-01-06,5850
00648R,元大S＆P500反1,50,0,50,統一,2023-01-06,5850
00708L,期元大S＆P黃金正2,50,0,50,統一,2023-01-06,5850
2855,統一證,52,3,49,統一,2023-01-06,5850
2327,國巨,95,47,48,統一,2023-01-06,5850
9802,鈺齊-KY,49,2,47,統一,2023-01-06,5850
2458,義隆,55,8,47,統一,2023-01-06,5850
4977,眾達-KY,134,89,45,統一,2023-01-06,5850
020030,統一智慧電動車N,45,1,44,統一,2023-01-06,5850
8299,群聯,84,40,44,統一,2023-01-06,5850
3704,合勤控,62,22,40,統一,2023-01-06,5850
1909,榮成,1510,9,1501,統一,2023-01-09,5850
2610,華航,1222,70,1152,統一,2023-01-09,5850
2327,國巨,717,82,635,統一,2023-01-09,5850
2891,中信金,575,30,545,統一,2023-01-09,5850
2301,光寶科,518,2,516,統一,2023-01-09,5850
1303,南亞,508,38,470,統一,2023-01-09,5850
2881,富邦金,416,16,400,統一,2023-01-09,5850
00912,中信臺灣智慧50,391,46,345,統一,2023-01-09,5850
00633L,富邦上証正2,300,3,297,統一,2023-01-09,5850
3105,穩懋,370,73,297,統一,2023-01-09,5850
2409,友達,339,54,285,統一,2023-01-09,5850
5347,世界,480,196,284,統一,2023-01-09,5850
0050,元大台灣50,310,57,253,統一,2023-01-09,5850
2014,中鴻,264,21,243,統一,2023-01-09,5850
3035,智原,254,37,217,統一,2023-01-09,5850
2606,裕民,237,23,214,統一,2023-01-09,5850
2801,彰銀,207,2,205,統一,2023-01-09,5850
2458,義隆,235,50,185,統一,2023-01-09,5850
2103,台橡,170,3,167,統一,2023-01-09,5850
8086,宏捷科,203,36,167,統一,2023-01-09,5850
2201,裕隆,297,133,164,統一,2023-01-09,5850
5483,中美晶,195,36,159,統一,2023-01-09,5850
5425,台半,194,36,158,統一,2023-01-09,5850
1305,華夏,168,11,157,統一,2023-01-09,5850
1904,正隆,151,0,151,統一,2023-01-09,5850
2455,全新,268,121,147,統一,2023-01-09,5850
6443,元晶,241,94,147,統一,2023-01-09,5850
2379,瑞昱,156,27,129,統一,2023-01-09,5850
8227,巨有科技,126,11,115,統一,2023-01-09,5850
020030,統一智慧電動車N,115,1,114,統一,2023-01-09,5850
2338,光罩,185,71,114,統一,2023-01-09,5850
2887,台新金,131,22,109,統一,2023-01-09,5850
3034,聯詠,131,25,106,統一,2023-01-09,5850
020031,統一IC設計臺灣N,166,65,101,統一,2023-01-09,5850
4931,新盛力,100,0,100,統一,2023-01-09,5850
4979,華星光,111,11,100,統一,2023-01-09,5850
1218,泰山,98,0,98,統一,2023-01-09,5850
2401,凌陽,109,13,96,統一,2023-01-09,5850
4155,訊映,180,87,93,統一,2023-01-09,5850
3293,鈊象,112,22,90,統一,2023-01-09,5850
00680L,元大美債20正2,90,2,88,統一,2023-01-09,5850
2204,中華,84,0,84,統一,2023-01-09,5850
1516,川飛,84,0,84,統一,2023-01-09,5850
1519,華城,103,20,83,統一,2023-01-09,5850
00902,中信電池及儲能,79,0,79,統一,2023-01-09,5850
6505,台塑化,78,0,78,統一,2023-01-09,5850
2105,正新,80,5,75,統一,2023-01-09,5850
2428,興勤,74,3,71,統一,2023-01-09,5850
1301,台塑,76,5,71,統一,2023-01-09,5850
8038,長園科,70,0,70,統一,2023-01-09,5850
4979,華星光,4265,81,4184,統一,2023-01-10,5850
00632R,元大台灣50反1,4111,39,4072,統一,2023-01-10,5850
2610,華航,1206,109,1097,統一,2023-01-10,5850
00878,國泰永續高股息,1137,215,922,統一,2023-01-10,5850
2027,大成鋼,1064,229,835,統一,2023-01-10,5850
00633L,富邦上証正2,540,0,540,統一,2023-01-10,5850
00664R,國泰臺灣加權反1,499,0,499,統一,2023-01-10,5850
0050,元大台灣50,473,6,467,統一,2023-01-10,5850
1218,泰山,361,1,360,統一,2023-01-10,5850
4961,天鈺,351,34,317,統一,2023-01-10,5850
2882,國泰金,313,3,310,統一,2023-01-10,5850
2834,臺企銀,309,9,300,統一,2023-01-10,5850
1701,中化,319,34,285,統一,2023-01-10,5850
1216,統一,236,0,236,統一,2023-01-10,5850
2313,華通,210,1,209,統一,2023-01-10,5850
4763,材料-KY,296,89,207,統一,2023-01-10,5850
2454,聯發科,226,34,192,統一,2023-01-10,5850
4155,訊映,189,0,189,統一,2023-01-10,5850
1513,中興電,384,200,184,統一,2023-01-10,5850
4968,立積,178,6,172,統一,2023-01-10,5850
3479,安勤,202,35,167,統一,2023-01-10,5850
020031,統一IC設計臺灣N,177,21,156,統一,2023-01-10,5850
020030,統一智慧電動車N,159,6,153,統一,2023-01-10,5850
1560,中砂,144,15,129,統一,2023-01-10,5850
6148,驊宏資,119,0,119,統一,2023-01-10,5850
6104,創惟,111,4,107,統一,2023-01-10,5850
020033,統一�琤肮黕篾,123,16,107,統一,2023-01-10,5850
2748,雲品,105,3,102,統一,2023-01-10,5850
1504,東元,101,0,101,統一,2023-01-10,5850
00909,國泰數位支付服務,105,10,95,統一,2023-01-10,5850
6456,GIS-KY,90,0,90,統一,2023-01-10,5850
9962,有益,92,3,89,統一,2023-01-10,5850
1402,遠東新,83,5,78,統一,2023-01-10,5850
00885,富邦越南,85,10,75,統一,2023-01-10,5850
5351,鈺創,116,41,75,統一,2023-01-10,5850
2002,中鋼,96,22,74,統一,2023-01-10,5850
2498,宏達電,94,23,71,統一,2023-01-10,5850
3289,宜特,186,115,71,統一,2023-01-10,5850
2317,鴻海,71,5,66,統一,2023-01-10,5850
020025,統一亞洲半導體N,65,1,64,統一,2023-01-10,5850
00746B,富邦A級公司債,85,25,60,統一,2023-01-10,5850
2324,仁寶,64,6,58,統一,2023-01-10,5850
5251,天鉞電,55,0,55,統一,2023-01-10,5850
9904,寶成,58,4,54,統一,2023-01-10,5850
6182,合晶,59,6,53,統一,2023-01-10,5850
1342,八貫,55,5,50,統一,2023-01-10,5850
00912,中信臺灣智慧50,97,47,50,統一,2023-01-10,5850
2312,金寶,45,0,45,統一,2023-01-10,5850
5425,台半,140,98,42,統一,2023-01-10,5850
00757,統一FANG+,41,0,41,統一,2023-01-10,5850
00632R,元大台灣50反1,6097,2499,3598,統一,2023-01-11,5850
2618,長榮航,1964,426,1538,統一,2023-01-11,5850
4919,新唐,1011,59,952,統一,2023-01-11,5850
1101,台泥,586,74,512,統一,2023-01-11,5850
4155,訊映,494,68,426,統一,2023-01-11,5850
1305,華夏,418,0,418,統一,2023-01-11,5850
8069,元太,449,50,399,統一,2023-01-11,5850
2603,長榮,319,38,281,統一,2023-01-11,5850
2105,正新,247,0,247,統一,2023-01-11,5850
5483,中美晶,451,209,242,統一,2023-01-11,5850
2408,南亞科,360,121,239,統一,2023-01-11,5850
6245,立端,229,10,219,統一,2023-01-11,5850
2610,華航,316,104,212,統一,2023-01-11,5850
1809,中釉,211,0,211,統一,2023-01-11,5850
1301,台塑,200,13,187,統一,2023-01-11,5850
00637L,元大滬深300正2,278,105,173,統一,2023-01-11,5850
2881,富邦金,171,3,168,統一,2023-01-11,5850
1802,台玻,164,0,164,統一,2023-01-11,5850
8049,晶采,162,1,161,統一,2023-01-11,5850
9103,美德醫療-DR,160,10,150,統一,2023-01-11,5850
2471,資通,144,0,144,統一,2023-01-11,5850
020033,統一�琤肮黕篾,156,12,144,統一,2023-01-11,5850
2027,大成鋼,146,18,128,統一,2023-01-11,5850
2834,臺企銀,127,2,125,統一,2023-01-11,5850
020031,統一IC設計臺灣N,136,12,124,統一,2023-01-11,5850
1513,中興電,365,244,121,統一,2023-01-11,5850
3594,磐儀,120,0,120,統一,2023-01-11,5850
2368,金像電,133,17,116,統一,2023-01-11,5850
2504,國產,120,5,115,統一,2023-01-11,5850
5371,中光電,115,1,114,統一,2023-01-11,5850
5425,台半,163,51,112,統一,2023-01-11,5850
2498,宏達電,183,75,108,統一,2023-01-11,5850
1907,永豐餘,136,32,104,統一,2023-01-11,5850
4943,康控-KY,100,0,100,統一,2023-01-11,5850
2358,廷鑫,107,9,98,統一,2023-01-11,5850
3105,穩懋,174,76,98,統一,2023-01-11,5850
2206,三陽工業,94,3,91,統一,2023-01-11,5850
2454,聯發科,110,20,90,統一,2023-01-11,5850
9910,豐泰,84,0,84,統一,2023-01-11,5850
1591,駿吉-KY,81,0,81,統一,2023-01-11,5850
1618,合機,81,0,81,統一,2023-01-11,5850
3701,大眾控,80,0,80,統一,2023-01-11,5850
00633L,富邦上証正2,76,0,76,統一,2023-01-11,5850
2347,聯強,77,2,75,統一,2023-01-11,5850
2009,第一銅,106,31,75,統一,2023-01-11,5850
00773B,中信優先金融債,866,792,74,統一,2023-01-11,5850
8044,網家,151,77,74,統一,2023-01-11,5850
1608,華榮,72,0,72,統一,2023-01-11,5850
2634,漢翔,79,7,72,統一,2023-01-11,5850
3680,家登,99,28,71,統一,2023-01-11,5850
2002,中鋼,2186,129,2057,統一,2023-01-12,5850
00882,中信中國高股息,719,1,718,統一,2023-01-12,5850
2313,華通,505,2,503,統一,2023-01-12,5850
0050,元大台灣50,846,394,452,統一,2023-01-12,5850
2610,華航,517,151,366,統一,2023-01-12,5850
2014,中鴻,401,48,353,統一,2023-01-12,5850
3045,台灣大,307,0,307,統一,2023-01-12,5850
8069,元太,464,199,265,統一,2023-01-12,5850
2723,美食-KY,265,4,261,統一,2023-01-12,5850
00633L,富邦上証正2,229,0,229,統一,2023-01-12,5850
00773B,中信優先金融債,873,645,228,統一,2023-01-12,5850
4121,優盛,237,33,204,統一,2023-01-12,5850
1701,中化,352,152,200,統一,2023-01-12,5850
00715L,期街口布蘭特正2,212,15,197,統一,2023-01-12,5850
8358,金居,254,61,193,統一,2023-01-12,5850
3680,家登,214,26,188,統一,2023-01-12,5850
1708,東鹼,185,3,182,統一,2023-01-12,5850
2454,聯發科,212,33,179,統一,2023-01-12,5850
6290,良維,150,0,150,統一,2023-01-12,5850
5340,建榮,145,0,145,統一,2023-01-12,5850
020031,統一IC設計臺灣N,158,17,141,統一,2023-01-12,5850
020030,統一智慧電動車N,136,14,122,統一,2023-01-12,5850
9103,美德醫療-DR,122,0,122,統一,2023-01-12,5850
1605,華新,191,80,111,統一,2023-01-12,5850
2498,宏達電,361,255,106,統一,2023-01-12,5850
2618,長榮航,1307,1202,105,統一,2023-01-12,5850
4106,雃博,105,0,105,統一,2023-01-12,5850
3027,盛達,119,18,101,統一,2023-01-12,5850
00679B,元大美債20年,94,0,94,統一,2023-01-12,5850
2408,南亞科,126,32,94,統一,2023-01-12,5850
6176,瑞儀,93,1,92,統一,2023-01-12,5850
1734,杏輝,98,12,86,統一,2023-01-12,5850
8112,至上,85,0,85,統一,2023-01-12,5850
2471,資通,87,2,85,統一,2023-01-12,5850
1752,南光,152,73,79,統一,2023-01-12,5850
3207,耀勝,75,0,75,統一,2023-01-12,5850
00772B,中信高評級公司債,558,490,68,統一,2023-01-12,5850
3265,台星科,74,7,67,統一,2023-01-12,5850
4155,訊映,71,4,67,統一,2023-01-12,5850
00637L,元大滬深300正2,103,38,65,統一,2023-01-12,5850
1513,中興電,189,126,63,統一,2023-01-12,5850
3533,嘉澤,69,7,62,統一,2023-01-12,5850
00665L,富邦�琤肭磪囓�2,60,0,60,統一,2023-01-12,5850
1760,寶齡富錦,66,13,53,統一,2023-01-12,5850
2606,裕民,119,67,52,統一,2023-01-12,5850
2855,統一證,51,0,51,統一,2023-01-12,5850
4114,健喬,178,127,51,統一,2023-01-12,5850
2030,彰源,50,0,50,統一,2023-01-12,5850
6806,森崴能源,85,35,50,統一,2023-01-12,5850
4743,合一,93,44,49,統一,2023-01-12,5850
00632R,元大台灣50反1,2064,23,2041,統一,2023-01-13,5850
00715L,期街口布蘭特正2,1433,179,1254,統一,2023-01-13,5850
2610,華航,1154,23,1131,統一,2023-01-13,5850
00636,國泰中國A50,1004,0,1004,統一,2023-01-13,5850
2409,友達,1012,79,933,統一,2023-01-13,5850
2618,長榮航,3116,2468,648,統一,2023-01-13,5850
0050,元大台灣50,722,94,628,統一,2023-01-13,5850
006205,富邦上証,500,0,500,統一,2023-01-13,5850
1101,台泥,436,35,401,統一,2023-01-13,5850
2338,光罩,495,96,399,統一,2023-01-13,5850
3702,大聯大,336,6,330,統一,2023-01-13,5850
00673R,期元大S＆P原油反1,305,3,302,統一,2023-01-13,5850
2609,陽明,419,123,296,統一,2023-01-13,5850
00633L,富邦上証正2,240,0,240,統一,2023-01-13,5850
1710,東聯,200,0,200,統一,2023-01-13,5850
5347,世界,207,8,199,統一,2023-01-13,5850
8069,元太,205,36,169,統一,2023-01-13,5850
2014,中鴻,210,76,134,統一,2023-01-13,5850
020025,統一亞洲半導體N,122,3,119,統一,2023-01-13,5850
2881,富邦金,111,3,108,統一,2023-01-13,5850
2382,廣達,101,0,101,統一,2023-01-13,5850
1476,儒鴻,100,1,99,統一,2023-01-13,5850
2379,瑞昱,109,13,96,統一,2023-01-13,5850
2888,新光金,105,10,95,統一,2023-01-13,5850
00885,富邦越南,95,1,94,統一,2023-01-13,5850
8421,旭源,93,0,93,統一,2023-01-13,5850
4155,訊映,90,0,90,統一,2023-01-13,5850
1477,聚陽,92,7,85,統一,2023-01-13,5850
6415,矽力*-KY,94,10,84,統一,2023-01-13,5850
4114,健喬,97,14,83,統一,2023-01-13,5850
2504,國產,80,0,80,統一,2023-01-13,5850
2723,美食-KY,91,16,75,統一,2023-01-13,5850
1584,精剛,91,20,71,統一,2023-01-13,5850
6770,力積電,102,37,65,統一,2023-01-13,5850
4770,上品,99,34,65,統一,2023-01-13,5850
1439,雋揚,65,3,62,統一,2023-01-13,5850
4743,合一,116,55,61,統一,2023-01-13,5850
6488,環球晶,67,6,61,統一,2023-01-13,5850
2603,長榮,102,41,61,統一,2023-01-13,5850
2908,特力,59,0,59,統一,2023-01-13,5850
5483,中美晶,58,2,56,統一,2023-01-13,5850
2615,萬海,68,14,54,統一,2023-01-13,5850
1443,立益物流,62,10,52,統一,2023-01-13,5850
00665L,富邦�琤肭磪囓�2,70,20,50,統一,2023-01-13,5850
1752,南光,178,132,46,統一,2023-01-13,5850
2471,資通,43,0,43,統一,2023-01-13,5850
00753L,中信中國50正2,42,1,41,統一,2023-01-13,5850
6456,GIS-KY,40,0,40,統一,2023-01-13,5850
1325,恆大,40,0,40,統一,2023-01-13,5850
3105,穩懋,170,130,40,統一,2023-01-13,5850
00715L,期街口布蘭特正2,946,15,931,統一,2023-01-16,5850
00882,中信中國高股息,510,0,510,統一,2023-01-16,5850
00636,國泰中國A50,500,0,500,統一,2023-01-16,5850
00861,元大全球未來通訊,500,0,500,統一,2023-01-16,5850
1701,中化,478,93,385,統一,2023-01-16,5850
00830,國泰費城半導體,400,29,371,統一,2023-01-16,5850
1101,台泥,428,105,323,統一,2023-01-16,5850
2105,正新,312,0,312,統一,2023-01-16,5850
2891,中信金,305,5,300,統一,2023-01-16,5850
00637L,元大滬深300正2,355,85,270,統一,2023-01-16,5850
2201,裕隆,365,167,198,統一,2023-01-16,5850
4128,中天,190,22,168,統一,2023-01-16,5850
2371,大同,153,0,153,統一,2023-01-16,5850
00893,國泰智能電動車,200,56,144,統一,2023-01-16,5850
6547,高端疫苗,128,5,123,統一,2023-01-16,5850
4979,華星光,126,11,115,統一,2023-01-16,5850
3027,盛達,113,6,107,統一,2023-01-16,5850
00772B,中信高評級公司債,621,524,97,統一,2023-01-16,5850
4770,上品,101,7,94,統一,2023-01-16,5850
2377,微星,119,26,93,統一,2023-01-16,5850
4155,訊映,94,3,91,統一,2023-01-16,5850
6505,台塑化,100,14,86,統一,2023-01-16,5850
1752,南光,108,23,85,統一,2023-01-16,5850
00633L,富邦上証正2,160,76,84,統一,2023-01-16,5850
2014,中鴻,118,37,81,統一,2023-01-16,5850
00909,國泰數位支付服務,80,0,80,統一,2023-01-16,5850
4114,健喬,176,101,75,統一,2023-01-16,5850
6782,視陽,81,7,74,統一,2023-01-16,5850
3105,穩懋,92,18,74,統一,2023-01-16,5850
3521,鴻翊,81,9,72,統一,2023-01-16,5850
4763,材料-KY,265,193,72,統一,2023-01-16,5850
4743,合一,123,53,70,統一,2023-01-16,5850
2603,長榮,134,65,69,統一,2023-01-16,5850
00679B,元大美債20年,70,3,67,統一,2023-01-16,5850
00696B,富邦美債20年,113,50,63,統一,2023-01-16,5850
020031,統一IC設計臺灣N,88,28,60,統一,2023-01-16,5850
1795,美時,100,42,58,統一,2023-01-16,5850
1584,精剛,65,14,51,統一,2023-01-16,5850
3260,威剛,70,20,50,統一,2023-01-16,5850
6231,系微,53,4,49,統一,2023-01-16,5850
6491,晶碩,61,12,49,統一,2023-01-16,5850
020030,統一智慧電動車N,51,3,48,統一,2023-01-16,5850
2236,百達-KY,49,5,44,統一,2023-01-16,5850
6770,力積電,70,27,43,統一,2023-01-16,5850
8478,東哥遊艇,75,32,43,統一,2023-01-16,5850
3675,德微,85,42,43,統一,2023-01-16,5850
4153,鈺緯,42,0,42,統一,2023-01-16,5850
3028,增你強,42,0,42,統一,2023-01-16,5850
3665,貿聯-KY,42,0,42,統一,2023-01-16,5850
2890,永豐金,46,6,40,統一,2023-01-16,5850
00632R,元大台灣50反1,4503,23,4480,統一,2023-01-17,5850
00893,國泰智能電動車,2050,200,1850,統一,2023-01-17,5850
00882,中信中國高股息,960,0,960,統一,2023-01-17,5850
1605,華新,1262,352,910,統一,2023-01-17,5850
00715L,期街口布蘭特正2,1101,202,899,統一,2023-01-17,5850
2201,裕隆,1300,456,844,統一,2023-01-17,5850
00773B,中信優先金融債,1158,459,699,統一,2023-01-17,5850
2891,中信金,649,3,646,統一,2023-01-17,5850
00772B,中信高評級公司債,1265,655,610,統一,2023-01-17,5850
2881,富邦金,568,8,560,統一,2023-01-17,5850
1305,華夏,677,151,526,統一,2023-01-17,5850
2504,國產,500,0,500,統一,2023-01-17,5850
1513,中興電,700,250,450,統一,2023-01-17,5850
2330,台積電,466,19,447,統一,2023-01-17,5850
3037,欣興,452,108,344,統一,2023-01-17,5850
2812,台中銀,300,0,300,統一,2023-01-17,5850
00633L,富邦上証正2,272,1,271,統一,2023-01-17,5850
8358,金居,251,11,240,統一,2023-01-17,5850
5347,世界,254,16,238,統一,2023-01-17,5850
2603,長榮,263,33,230,統一,2023-01-17,5850
6788,華景電,220,3,217,統一,2023-01-17,5850
4961,天鈺,240,37,203,統一,2023-01-17,5850
00665L,富邦�琤肭磪囓�2,200,0,200,統一,2023-01-17,5850
020031,統一IC設計臺灣N,167,0,167,統一,2023-01-17,5850
4155,訊映,145,0,145,統一,2023-01-17,5850
4977,眾達-KY,203,61,142,統一,2023-01-17,5850
2030,彰源,150,25,125,統一,2023-01-17,5850
00670L,富邦NASDAQ正2,113,0,113,統一,2023-01-17,5850
1810,和成,123,21,102,統一,2023-01-17,5850
8114,振樺電,96,0,96,統一,2023-01-17,5850
00917,中信特選金融,95,0,95,統一,2023-01-17,5850
2615,萬海,122,31,91,統一,2023-01-17,5850
020030,統一智慧電動車N,64,0,64,統一,2023-01-17,5850
8086,宏捷科,69,6,63,統一,2023-01-17,5850
00692,富邦公司治理,111,50,61,統一,2023-01-17,5850
1752,南光,61,3,58,統一,2023-01-17,5850
2454,聯發科,61,4,57,統一,2023-01-17,5850
2204,中華,58,3,55,統一,2023-01-17,5850
3189,景碩,58,3,55,統一,2023-01-17,5850
00637L,元大滬深300正2,64,10,54,統一,2023-01-17,5850
8050,廣積,52,0,52,統一,2023-01-17,5850
00719B,元大美債1-3,51,0,51,統一,2023-01-17,5850
1476,儒鴻,51,0,51,統一,2023-01-17,5850
2002,中鋼,95,45,50,統一,2023-01-17,5850
2409,友達,91,41,50,統一,2023-01-17,5850
2888,新光金,51,1,50,統一,2023-01-17,5850
00912,中信臺灣智慧50,124,74,50,統一,2023-01-17,5850
02001B,統一美國政府債N,50,0,50,統一,2023-01-17,5850
1701,中化,53,6,47,統一,2023-01-17,5850
2471,資通,46,0,46,統一,2023-01-17,5850
2303,聯電,8977,1564,7413,統一,2023-01-30,5850
00893,國泰智能電動車,3225,140,3085,統一,2023-01-30,5850
1605,華新,3354,1436,1918,統一,2023-01-30,5850
6282,康舒,1719,37,1682,統一,2023-01-30,5850
2409,友達,1459,96,1363,統一,2023-01-30,5850
6719,力智,936,34,902,統一,2023-01-30,5850
3481,群創,984,184,800,統一,2023-01-30,5850
020030,統一智慧電動車N,769,15,754,統一,2023-01-30,5850
2498,宏達電,697,44,653,統一,2023-01-30,5850
2014,中鴻,643,5,638,統一,2023-01-30,5850
2344,華邦電,634,4,630,統一,2023-01-30,5850
00773B,中信優先金融債,1220,610,610,統一,2023-01-30,5850
2337,旺宏,609,8,601,統一,2023-01-30,5850
3217,優群,598,3,595,統一,2023-01-30,5850
0050,元大台灣50,742,304,438,統一,2023-01-30,5850
1513,中興電,826,399,427,統一,2023-01-30,5850
3035,智原,427,37,390,統一,2023-01-30,5850
5425,台半,524,154,370,統一,2023-01-30,5850
2027,大成鋼,401,32,369,統一,2023-01-30,5850
006205,富邦上証,308,0,308,統一,2023-01-30,5850
020031,統一IC設計臺灣N,378,70,308,統一,2023-01-30,5850
4919,新唐,338,38,300,統一,2023-01-30,5850
2354,鴻準,316,56,260,統一,2023-01-30,5850
00715L,期街口布蘭特正2,426,168,258,統一,2023-01-30,5850
2388,威盛,259,19,240,統一,2023-01-30,5850
2009,第一銅,235,4,231,統一,2023-01-30,5850
3624,光頡,251,30,221,統一,2023-01-30,5850
2851,中再保,211,0,211,統一,2023-01-30,5850
3034,聯詠,227,17,210,統一,2023-01-30,5850
2887,台新金,214,8,206,統一,2023-01-30,5850
2886,兆豐金,208,3,205,統一,2023-01-30,5850
3260,威剛,287,93,194,統一,2023-01-30,5850
5009,榮剛,212,20,192,統一,2023-01-30,5850
2883,凱基金,257,72,185,統一,2023-01-30,5850
00876,元大全球5G,200,20,180,統一,2023-01-30,5850
5351,鈺創,198,21,177,統一,2023-01-30,5850
2609,陽明,407,244,163,統一,2023-01-30,5850
2885,元大金,165,13,152,統一,2023-01-30,5850
00891,中信關鍵半導體,230,80,150,統一,2023-01-30,5850
3105,穩懋,165,19,146,統一,2023-01-30,5850
9945,潤泰新,156,13,143,統一,2023-01-30,5850
8086,宏捷科,151,12,139,統一,2023-01-30,5850
3037,欣興,206,70,136,統一,2023-01-30,5850
3515,華擎,132,1,131,統一,2023-01-30,5850
4961,天鈺,136,13,123,統一,2023-01-30,5850
2455,全新,134,11,123,統一,2023-01-30,5850
6415,矽力*-KY,122,1,121,統一,2023-01-30,5850
2376,技嘉,365,244,121,統一,2023-01-30,5850
3447,展達,142,23,119,統一,2023-01-30,5850
5347,世界,689,573,116,統一,2023-01-30,5850
00632R,元大台灣50反1,2124,185,1939,統一,2023-01-31,5850
6282,康舒,4423,2508,1915,統一,2023-01-31,5850
1609,大亞,2489,640,1849,統一,2023-01-31,5850
00893,國泰智能電動車,1372,35,1337,統一,2023-01-31,5850
2317,鴻海,1161,96,1065,統一,2023-01-31,5850
2498,宏達電,822,137,685,統一,2023-01-31,5850
020031,統一IC設計臺灣N,622,124,498,統一,2023-01-31,5850
2454,聯發科,605,120,485,統一,2023-01-31,5850
1513,中興電,808,388,420,統一,2023-01-31,5850
2603,長榮,424,31,393,統一,2023-01-31,5850
3481,群創,682,305,377,統一,2023-01-31,5850
8105,凌巨,502,140,362,統一,2023-01-31,5850
1752,南光,341,2,339,統一,2023-01-31,5850
8121,越峰,332,3,329,統一,2023-01-31,5850
006205,富邦上証,310,0,310,統一,2023-01-31,5850
00891,中信關鍵半導體,328,21,307,統一,2023-01-31,5850
6679,鈺太,303,11,292,統一,2023-01-31,5850
3290,東浦,291,0,291,統一,2023-01-31,5850
4164,承業醫,288,0,288,統一,2023-01-31,5850
2458,義隆,273,26,247,統一,2023-01-31,5850
00673R,期元大S＆P原油反1,270,34,236,統一,2023-01-31,5850
8358,金居,400,167,233,統一,2023-01-31,5850
6245,立端,208,4,204,統一,2023-01-31,5850
2358,廷鑫,203,2,201,統一,2023-01-31,5850
2441,超豐,200,2,198,統一,2023-01-31,5850
3034,聯詠,239,46,193,統一,2023-01-31,5850
1216,統一,203,22,181,統一,2023-01-31,5850
5009,榮剛,213,35,178,統一,2023-01-31,5850
8038,長園科,174,1,173,統一,2023-01-31,5850
4128,中天,218,48,170,統一,2023-01-31,5850
5351,鈺創,396,233,163,統一,2023-01-31,5850
2351,順德,166,6,160,統一,2023-01-31,5850
4743,合一,231,84,147,統一,2023-01-31,5850
2609,陽明,194,53,141,統一,2023-01-31,5850
8155,博智,148,12,136,統一,2023-01-31,5850
4121,優盛,135,0,135,統一,2023-01-31,5850
3711,日月光投控,136,8,128,統一,2023-01-31,5850
00905,FT臺灣Smart,125,0,125,統一,2023-01-31,5850
3081,聯亞,143,18,125,統一,2023-01-31,5850
1734,杏輝,132,11,121,統一,2023-01-31,5850
8255,朋程,127,10,117,統一,2023-01-31,5850
6550,北極星藥業-KY,114,6,108,統一,2023-01-31,5850
6477,安集,106,0,106,統一,2023-01-31,5850
8171,天宇,117,13,104,統一,2023-01-31,5850
5234,達興材料,96,0,96,統一,2023-01-31,5850
6589,台康生技,117,22,95,統一,2023-01-31,5850
2049,上銀,170,80,90,統一,2023-01-31,5850
3207,耀勝,92,4,88,統一,2023-01-31,5850
5876,上海商銀,91,4,87,統一,2023-01-31,5850
3447,展達,122,37,85,統一,2023-01-31,5850
2344,華邦電,2650,605,2045,統一,2023-02-01,5850
2303,聯電,2269,704,1565,統一,2023-02-01,5850
1342,八貫,1320,3,1317,統一,2023-02-01,5850
2886,兆豐金,1215,183,1032,統一,2023-02-01,5850
00830,國泰費城半導體,800,0,800,統一,2023-02-01,5850
4919,新唐,934,225,709,統一,2023-02-01,5850
2610,華航,693,31,662,統一,2023-02-01,5850
9958,世紀鋼,765,115,650,統一,2023-02-01,5850
3035,智原,825,196,629,統一,2023-02-01,5850
00632R,元大台灣50反1,1037,410,627,統一,2023-02-01,5850
8358,金居,700,74,626,統一,2023-02-01,5850
2351,順德,678,53,625,統一,2023-02-01,5850
1609,大亞,737,138,599,統一,2023-02-01,5850
3037,欣興,536,78,458,統一,2023-02-01,5850
2014,中鴻,452,4,448,統一,2023-02-01,5850
3189,景碩,452,42,410,統一,2023-02-01,5850
00715L,期街口布蘭特正2,404,0,404,統一,2023-02-01,5850
006205,富邦上証,400,0,400,統一,2023-02-01,5850
3017,奇鋐,639,247,392,統一,2023-02-01,5850
1477,聚陽,442,68,374,統一,2023-02-01,5850
3558,神準,370,44,326,統一,2023-02-01,5850
1304,台聚,325,0,325,統一,2023-02-01,5850
8069,元太,440,116,324,統一,2023-02-01,5850
1809,中釉,316,9,307,統一,2023-02-01,5850
6505,台塑化,300,0,300,統一,2023-02-01,5850
6770,力積電,470,177,293,統一,2023-02-01,5850
00876,元大全球5G,250,0,250,統一,2023-02-01,5850
00861,元大全球未來通訊,250,0,250,統一,2023-02-01,5850
3675,德微,243,7,236,統一,2023-02-01,5850
020031,統一IC設計臺灣N,286,51,235,統一,2023-02-01,5850
8046,南電,316,84,232,統一,2023-02-01,5850
2882,國泰金,518,295,223,統一,2023-02-01,5850
1584,精剛,255,35,220,統一,2023-02-01,5850
2034,允強,200,1,199,統一,2023-02-01,5850
2441,超豐,201,3,198,統一,2023-02-01,5850
2474,可成,230,33,197,統一,2023-02-01,5850
8171,天宇,220,25,195,統一,2023-02-01,5850
8150,南茂,181,0,181,統一,2023-02-01,5850
1717,長興,176,0,176,統一,2023-02-01,5850
6239,力成,252,81,171,統一,2023-02-01,5850
2103,台橡,158,2,156,統一,2023-02-01,5850
3406,玉晶光,157,7,150,統一,2023-02-01,5850
1810,和成,184,36,148,統一,2023-02-01,5850
2383,台光電,181,34,147,統一,2023-02-01,5850
4164,承業醫,163,16,147,統一,2023-02-01,5850
020030,統一智慧電動車N,158,13,145,統一,2023-02-01,5850
00696B,富邦美債20年,385,250,135,統一,2023-02-01,5850
3310,佳穎,131,3,128,統一,2023-02-01,5850
6443,元晶,368,246,122,統一,2023-02-01,5850
2881,富邦金,282,163,119,統一,2023-02-01,5850
2409,友達,2521,1,2520,統一,2023-02-02,5850
3508,位速,1879,4,1875,統一,2023-02-02,5850
2886,兆豐金,1642,144,1498,統一,2023-02-02,5850
2498,宏達電,1501,197,1304,統一,2023-02-02,5850
00633L,富邦上証正2,1202,2,1200,統一,2023-02-02,5850
6116,彩晶,1167,23,1144,統一,2023-02-02,5850
8069,元太,1249,388,861,統一,2023-02-02,5850
4919,新唐,1615,952,663,統一,2023-02-02,5850
2344,華邦電,1588,930,658,統一,2023-02-02,5850
2342,茂矽,547,2,545,統一,2023-02-02,5850
2027,大成鋼,673,128,545,統一,2023-02-02,5850
2388,威盛,635,140,495,統一,2023-02-02,5850
3189,景碩,556,98,458,統一,2023-02-02,5850
4915,致伸,450,2,448,統一,2023-02-02,5850
00830,國泰費城半導體,431,11,420,統一,2023-02-02,5850
3141,晶宏,449,58,391,統一,2023-02-02,5850
1904,正隆,370,0,370,統一,2023-02-02,5850
00893,國泰智能電動車,773,422,351,統一,2023-02-02,5850
2615,萬海,463,114,349,統一,2023-02-02,5850
00773B,中信優先金融債,843,500,343,統一,2023-02-02,5850
2201,裕隆,648,338,310,統一,2023-02-02,5850
2317,鴻海,418,108,310,統一,2023-02-02,5850
6505,台塑化,302,2,300,統一,2023-02-02,5850
2882,國泰金,347,47,300,統一,2023-02-02,5850
2458,義隆,310,32,278,統一,2023-02-02,5850
3661,世芯-KY,303,36,267,統一,2023-02-02,5850
2408,南亞科,322,59,263,統一,2023-02-02,5850
00680L,元大美債20正2,260,2,258,統一,2023-02-02,5850
6285,啟��,288,33,255,統一,2023-02-02,5850
00679B,元大美債20年,243,0,243,統一,2023-02-02,5850
1720,生達,231,10,221,統一,2023-02-02,5850
2603,長榮,545,331,214,統一,2023-02-02,5850
3006,晶豪科,315,108,207,統一,2023-02-02,5850
1785,光洋科,207,3,204,統一,2023-02-02,5850
006205,富邦上証,200,0,200,統一,2023-02-02,5850
2023,燁輝,200,1,199,統一,2023-02-02,5850
6176,瑞儀,200,4,196,統一,2023-02-02,5850
4114,健喬,310,118,192,統一,2023-02-02,5850
5009,榮剛,250,70,180,統一,2023-02-02,5850
00696B,富邦美債20年,430,272,158,統一,2023-02-02,5850
020025,統一亞洲半導體N,166,9,157,統一,2023-02-02,5850
6546,正基,153,1,152,統一,2023-02-02,5850
8046,南電,189,38,151,統一,2023-02-02,5850
2482,連宇,175,26,149,統一,2023-02-02,5850
4979,華星光,356,210,146,統一,2023-02-02,5850
020033,統一�琤肮黕篾,134,2,132,統一,2023-02-02,5850
3526,凡甲,130,4,126,統一,2023-02-02,5850
2364,倫飛,134,9,125,統一,2023-02-02,5850
1477,聚陽,209,86,123,統一,2023-02-02,5850
2891,中信金,330,210,120,統一,2023-02-02,5850
00893,國泰智能電動車,1162,115,1047,統一,2023-02-03,5850
2891,中信金,1112,84,1028,統一,2023-02-03,5850
00900,富邦特選高股息30,942,5,937,統一,2023-02-03,5850
00636,國泰中國A50,700,0,700,統一,2023-02-03,5850
2344,華邦電,1208,532,676,統一,2023-02-03,5850
2201,裕隆,1149,487,662,統一,2023-02-03,5850
2014,中鴻,641,7,634,統一,2023-02-03,5850
6282,康舒,894,299,595,統一,2023-02-03,5850
3035,智原,856,274,582,統一,2023-02-03,5850
00680L,元大美債20正2,555,0,555,統一,2023-02-03,5850
2103,台橡,463,27,436,統一,2023-02-03,5850
5351,鈺創,614,213,401,統一,2023-02-03,5850
6104,創惟,519,126,393,統一,2023-02-03,5850
1609,大亞,389,5,384,統一,2023-02-03,5850
6245,立端,437,70,367,統一,2023-02-03,5850
1785,光洋科,331,2,329,統一,2023-02-03,5850
2610,華航,432,117,315,統一,2023-02-03,5850
2337,旺宏,315,18,297,統一,2023-02-03,5850
3037,欣興,450,165,285,統一,2023-02-03,5850
1605,華新,601,335,266,統一,2023-02-03,5850
6279,胡連,269,6,263,統一,2023-02-03,5850
6138,茂達,248,2,246,統一,2023-02-03,5850
1720,生達,246,3,243,統一,2023-02-03,5850
6285,啟��,270,27,243,統一,2023-02-03,5850
2603,長榮,528,327,201,統一,2023-02-03,5850
2382,廣達,184,22,162,統一,2023-02-03,5850
2851,中再保,182,27,155,統一,2023-02-03,5850
4956,光鋐,153,0,153,統一,2023-02-03,5850
2482,連宇,538,385,153,統一,2023-02-03,5850
6443,元晶,274,127,147,統一,2023-02-03,5850
8150,南茂,150,4,146,統一,2023-02-03,5850
3260,威剛,155,11,144,統一,2023-02-03,5850
6290,良維,160,18,142,統一,2023-02-03,5850
3707,漢磊,150,8,142,統一,2023-02-03,5850
00885,富邦越南,148,11,137,統一,2023-02-03,5850
2354,鴻準,169,35,134,統一,2023-02-03,5850
2481,強茂,189,60,129,統一,2023-02-03,5850
1216,統一,126,3,123,統一,2023-02-03,5850
1707,葡萄王,120,0,120,統一,2023-02-03,5850
00637L,元大滬深300正2,240,120,120,統一,2023-02-03,5850
4142,國光生,131,14,117,統一,2023-02-03,5850
1210,大成,164,50,114,統一,2023-02-03,5850
5285,界霖,168,58,110,統一,2023-02-03,5850
00633L,富邦上証正2,110,2,108,統一,2023-02-03,5850
3021,鴻名,112,5,107,統一,2023-02-03,5850
2357,華碩,117,15,102,統一,2023-02-03,5850
00719B,元大美債1-3,100,0,100,統一,2023-02-03,5850
6456,GIS-KY,100,1,99,統一,2023-02-03,5850
2504,國產,101,5,96,統一,2023-02-03,5850
1417,嘉裕,100,7,93,統一,2023-02-03,5850
00632R,元大台灣50反1,6646,837,5809,統一,2023-02-06,5850
2498,宏達電,1291,196,1095,統一,2023-02-06,5850
020030,統一智慧電動車N,767,21,746,統一,2023-02-06,5850
3017,奇鋐,607,23,584,統一,2023-02-06,5850
2882,國泰金,518,12,506,統一,2023-02-06,5850
2610,華航,507,56,451,統一,2023-02-06,5850
1305,華夏,440,2,438,統一,2023-02-06,5850
2344,華邦電,381,31,350,統一,2023-02-06,5850
00830,國泰費城半導體,530,186,344,統一,2023-02-06,5850
5009,榮剛,349,19,330,統一,2023-02-06,5850
2885,元大金,413,120,293,統一,2023-02-06,5850
00893,國泰智能電動車,301,10,291,統一,2023-02-06,5850
2412,中華電,754,478,276,統一,2023-02-06,5850
6441,廣錠,273,17,256,統一,2023-02-06,5850
00752,中信中國50,251,0,251,統一,2023-02-06,5850
6541,泰福-KY,232,0,232,統一,2023-02-06,5850
00679B,元大美債20年,224,1,223,統一,2023-02-06,5850
4919,新唐,290,86,204,統一,2023-02-06,5850
00876,元大全球5G,200,0,200,統一,2023-02-06,5850
9938,百和,200,0,200,統一,2023-02-06,5850
00773B,中信優先金融債,713,515,198,統一,2023-02-06,5850
4155,訊映,200,4,196,統一,2023-02-06,5850
6235,華孚,303,111,192,統一,2023-02-06,5850
00633L,富邦上証正2,177,0,177,統一,2023-02-06,5850
1432,大魯閣,166,0,166,統一,2023-02-06,5850
2707,晶華,156,4,152,統一,2023-02-06,5850
00665L,富邦�琤肭磪囓�2,144,1,143,統一,2023-02-06,5850
00751B,元大AAA至A公司債,142,0,142,統一,2023-02-06,5850
8341,日友,140,0,140,統一,2023-02-06,5850
2634,漢翔,203,72,131,統一,2023-02-06,5850
1216,統一,110,0,110,統一,2023-02-06,5850
4114,健喬,145,36,109,統一,2023-02-06,5850
3624,光頡,110,5,105,統一,2023-02-06,5850
4746,台耀,136,32,104,統一,2023-02-06,5850
6223,旺矽,112,13,99,統一,2023-02-06,5850
00740B,富邦全球投等債,368,270,98,統一,2023-02-06,5850
2351,順德,104,6,98,統一,2023-02-06,5850
2486,一詮,100,2,98,統一,2023-02-06,5850
6712,長聖,125,27,98,統一,2023-02-06,5850
5483,中美晶,105,10,95,統一,2023-02-06,5850
6239,力成,100,6,94,統一,2023-02-06,5850
4979,華星光,115,27,88,統一,2023-02-06,5850
8996,高力,109,26,83,統一,2023-02-06,5850
2317,鴻海,127,45,82,統一,2023-02-06,5850
2481,強茂,107,30,77,統一,2023-02-06,5850
4551,智伸科,70,0,70,統一,2023-02-06,5850
4974,亞泰,68,0,68,統一,2023-02-06,5850
2330,台積電,100,33,67,統一,2023-02-06,5850
1301,台塑,71,5,66,統一,2023-02-06,5850
2332,友訊,65,0,65,統一,2023-02-06,5850
3481,群創,4109,289,3820,統一,2023-02-07,5850
2014,中鴻,1161,92,1069,統一,2023-02-07,5850
2303,聯電,1047,60,987,統一,2023-02-07,5850
1477,聚陽,941,42,899,統一,2023-02-07,5850
00773B,中信優先金融債,1002,400,602,統一,2023-02-07,5850
00632R,元大台灣50反1,1052,476,576,統一,2023-02-07,5850
6282,康舒,1226,735,491,統一,2023-02-07,5850
8171,天宇,475,62,413,統一,2023-02-07,5850
6138,茂達,389,0,389,統一,2023-02-07,5850
2002,中鋼,545,163,382,統一,2023-02-07,5850
3046,建��,330,26,304,統一,2023-02-07,5850
1417,嘉裕,302,2,300,統一,2023-02-07,5850
2610,華航,398,102,296,統一,2023-02-07,5850
00679B,元大美債20年,272,0,272,統一,2023-02-07,5850
2881,富邦金,328,81,247,統一,2023-02-07,5850
2103,台橡,220,8,212,統一,2023-02-07,5850
00772B,中信高評級公司債,1100,900,200,統一,2023-02-07,5850
2851,中再保,200,0,200,統一,2023-02-07,5850
4919,新唐,339,158,181,統一,2023-02-07,5850
00751B,元大AAA至A公司債,177,0,177,統一,2023-02-07,5850
6541,泰福-KY,304,129,175,統一,2023-02-07,5850
00680L,元大美債20正2,303,140,163,統一,2023-02-07,5850
00853B,統一美債10年Aa-,372,233,139,統一,2023-02-07,5850
3088,艾訊,138,0,138,統一,2023-02-07,5850
2412,中華電,191,55,136,統一,2023-02-07,5850
1402,遠東新,312,177,135,統一,2023-02-07,5850
6235,華孚,331,197,134,統一,2023-02-07,5850
2482,連宇,135,8,127,統一,2023-02-07,5850
3443,創意,152,26,126,統一,2023-02-07,5850
2615,萬海,240,115,125,統一,2023-02-07,5850
3558,神準,181,58,123,統一,2023-02-07,5850
6472,保瑞,145,22,123,統一,2023-02-07,5850
00719B,元大美債1-3,111,0,111,統一,2023-02-07,5850
5009,榮剛,151,41,110,統一,2023-02-07,5850
006205,富邦上証,100,0,100,統一,2023-02-07,5850
2457,飛宏,101,2,99,統一,2023-02-07,5850
6547,高端疫苗,125,29,96,統一,2023-02-07,5850
3479,安勤,110,15,95,統一,2023-02-07,5850
8358,金居,145,58,87,統一,2023-02-07,5850
1432,大魯閣,86,1,85,統一,2023-02-07,5850
2409,友達,108,25,83,統一,2023-02-07,5850
4763,材料-KY,134,52,82,統一,2023-02-07,5850
4114,健喬,232,151,81,統一,2023-02-07,5850
3034,聯詠,127,52,75,統一,2023-02-07,5850
3624,光頡,129,57,72,統一,2023-02-07,5850
00885,富邦越南,914,847,67,統一,2023-02-07,5850
4961,天鈺,94,35,59,統一,2023-02-07,5850
6625,必應,58,0,58,統一,2023-02-07,5850
2855,統一證,59,2,57,統一,2023-02-07,5850
2454,聯發科,73,19,54,統一,2023-02-07,5850
3481,群創,9980,1967,8013,統一,2023-02-08,5850
2409,友達,2755,55,2700,統一,2023-02-08,5850
00632R,元大台灣50反1,3233,657,2576,統一,2023-02-08,5850
6235,華孚,3511,936,2575,統一,2023-02-08,5850
00893,國泰智能電動車,1260,7,1253,統一,2023-02-08,5850
00900,富邦特選高股息30,1210,1,1209,統一,2023-02-08,5850
2049,上銀,1013,62,951,統一,2023-02-08,5850
2352,佳世達,900,0,900,統一,2023-02-08,5850
3034,聯詠,1017,337,680,統一,2023-02-08,5850
00830,國泰費城半導體,663,146,517,統一,2023-02-08,5850
3035,智原,717,208,509,統一,2023-02-08,5850
2303,聯電,923,420,503,統一,2023-02-08,5850
00885,富邦越南,408,0,408,統一,2023-02-08,5850
00861,元大全球未來通訊,400,0,400,統一,2023-02-08,5850
2401,凌陽,547,188,359,統一,2023-02-08,5850
00715L,期街口布蘭特正2,509,151,358,統一,2023-02-08,5850
00773B,中信優先金融債,1041,738,303,統一,2023-02-08,5850
6531,愛普*,347,56,291,統一,2023-02-08,5850
5347,世界,341,57,284,統一,2023-02-08,5850
020031,統一IC設計臺灣N,494,211,283,統一,2023-02-08,5850
2498,宏達電,378,101,277,統一,2023-02-08,5850
2388,威盛,334,59,275,統一,2023-02-08,5850
1513,中興電,348,84,264,統一,2023-02-08,5850
00636,國泰中國A50,260,0,260,統一,2023-02-08,5850
2351,順德,276,38,238,統一,2023-02-08,5850
6282,康舒,561,324,237,統一,2023-02-08,5850
3105,穩懋,245,17,228,統一,2023-02-08,5850
020025,統一亞洲半導體N,212,10,202,統一,2023-02-08,5850
5475,德宏,210,8,202,統一,2023-02-08,5850
6231,系微,232,31,201,統一,2023-02-08,5850
2014,中鴻,200,5,195,統一,2023-02-08,5850
3207,耀勝,252,61,191,統一,2023-02-08,5850
6230,尼得科超眾,191,1,190,統一,2023-02-08,5850
8227,巨有科技,203,18,185,統一,2023-02-08,5850
6138,茂達,186,4,182,統一,2023-02-08,5850
2412,中華電,201,20,181,統一,2023-02-08,5850
00772B,中信高評級公司債,665,503,162,統一,2023-02-08,5850
3443,創意,270,111,159,統一,2023-02-08,5850
6770,力積電,205,59,146,統一,2023-02-08,5850
1810,和成,161,22,139,統一,2023-02-08,5850
1453,大將,138,9,129,統一,2023-02-08,5850
00679B,元大美債20年,124,0,124,統一,2023-02-08,5850
2367,燿華,139,32,107,統一,2023-02-08,5850
2883,凱基金,191,87,104,統一,2023-02-08,5850
6290,良維,100,0,100,統一,2023-02-08,5850
6215,和椿,101,3,98,統一,2023-02-08,5850
00895,富邦未來車,100,5,95,統一,2023-02-08,5850
6533,晶心科,105,14,91,統一,2023-02-08,5850
8069,元太,179,89,90,統一,2023-02-08,5850
6719,力智,140,50,90,統一,2023-02-08,5850
6282,康舒,2626,781,1845,統一,2023-02-09,5850
00715L,期街口布蘭特正2,1687,210,1477,統一,2023-02-09,5850
3481,群創,2291,1419,872,統一,2023-02-09,5850
2498,宏達電,871,289,582,統一,2023-02-09,5850
00885,富邦越南,526,5,521,統一,2023-02-09,5850
4533,協易機,520,1,519,統一,2023-02-09,5850
4130,健亞,552,82,470,統一,2023-02-09,5850
8069,元太,518,132,386,統一,2023-02-09,5850
3454,晶睿,343,17,326,統一,2023-02-09,5850
00752,中信中國50,301,0,301,統一,2023-02-09,5850
3479,安勤,624,326,298,統一,2023-02-09,5850
00893,國泰智能電動車,300,5,295,統一,2023-02-09,5850
020033,統一�琤肮黕篾,268,32,236,統一,2023-02-09,5850
2317,鴻海,238,3,235,統一,2023-02-09,5850
4931,新盛力,255,27,228,統一,2023-02-09,5850
00830,國泰費城半導體,227,0,227,統一,2023-02-09,5850
006205,富邦上証,300,80,220,統一,2023-02-09,5850
2201,裕隆,342,137,205,統一,2023-02-09,5850
00876,元大全球5G,200,0,200,統一,2023-02-09,5850
00861,元大全球未來通訊,200,0,200,統一,2023-02-09,5850
00665L,富邦�琤肭磪囓�2,160,0,160,統一,2023-02-09,5850
6691,洋基工程,141,0,141,統一,2023-02-09,5850
00719B,元大美債1-3,139,0,139,統一,2023-02-09,5850
1402,遠東新,291,154,137,統一,2023-02-09,5850
1609,大亞,241,114,127,統一,2023-02-09,5850
4770,上品,136,12,124,統一,2023-02-09,5850
9914,美利達,121,0,121,統一,2023-02-09,5850
2351,順德,143,24,119,統一,2023-02-09,5850
2748,雲品,119,4,115,統一,2023-02-09,5850
2412,中華電,342,240,102,統一,2023-02-09,5850
2103,台橡,101,0,101,統一,2023-02-09,5850
00909,國泰數位支付服務,110,10,100,統一,2023-02-09,5850
5009,榮剛,101,2,99,統一,2023-02-09,5850
00881,國泰台灣5G+,300,201,99,統一,2023-02-09,5850
2610,華航,168,70,98,統一,2023-02-09,5850
6558,興能高,104,8,96,統一,2023-02-09,5850
3710,連展投控,125,30,95,統一,2023-02-09,5850
4938,和碩,92,0,92,統一,2023-02-09,5850
6290,良維,96,4,92,統一,2023-02-09,5850
1216,統一,93,3,90,統一,2023-02-09,5850
6285,啟��,103,15,88,統一,2023-02-09,5850
00895,富邦未來車,93,5,88,統一,2023-02-09,5850
00912,中信臺灣智慧50,98,12,86,統一,2023-02-09,5850
6799,來頡,100,20,80,統一,2023-02-09,5850
9904,寶成,85,10,75,統一,2023-02-09,5850
6552,易華電,74,2,72,統一,2023-02-09,5850
5876,上海商銀,81,13,68,統一,2023-02-09,5850
2303,聯電,321,253,68,統一,2023-02-09,5850
6166,凌華,62,0,62,統一,2023-02-09,5850
6101,寬魚國際,66,5,61,統一,2023-02-09,5850
00632R,元大台灣50反1,2499,0,2499,統一,2023-02-10,5850
00637L,元大滬深300正2,1723,23,1700,統一,2023-02-10,5850
2303,聯電,2284,711,1573,統一,2023-02-10,5850
8033,雷虎,1554,68,1486,統一,2023-02-10,5850
00893,國泰智能電動車,1301,352,949,統一,2023-02-10,5850
3037,欣興,816,72,744,統一,2023-02-10,5850
00636,國泰中國A50,500,0,500,統一,2023-02-10,5850
9939,宏全,503,25,478,統一,2023-02-10,5850
00895,富邦未來車,428,5,423,統一,2023-02-10,5850
00861,元大全球未來通訊,400,0,400,統一,2023-02-10,5850
1417,嘉裕,504,106,398,統一,2023-02-10,5850
00891,中信關鍵半導體,366,0,366,統一,2023-02-10,5850
2883B,凱基金乙特,350,0,350,統一,2023-02-10,5850
2101,南港,353,4,349,統一,2023-02-10,5850
5222,全訊,281,1,280,統一,2023-02-10,5850
2376,技嘉,270,0,270,統一,2023-02-10,5850
00882,中信中國高股息,271,12,259,統一,2023-02-10,5850
2317,鴻海,252,23,229,統一,2023-02-10,5850
00715L,期街口布蘭特正2,524,307,217,統一,2023-02-10,5850
3494,誠研,204,0,204,統一,2023-02-10,5850
0050,元大台灣50,200,0,200,統一,2023-02-10,5850
6290,良維,200,3,197,統一,2023-02-10,5850
3591,艾笛森,194,0,194,統一,2023-02-10,5850
2634,漢翔,1538,1351,187,統一,2023-02-10,5850
9938,百和,232,77,155,統一,2023-02-10,5850
2455,全新,145,10,135,統一,2023-02-10,5850
2486,一詮,132,3,129,統一,2023-02-10,5850
020031,統一IC設計臺灣N,213,90,123,統一,2023-02-10,5850
6806,森崴能源,114,12,102,統一,2023-02-10,5850
2382,廣達,168,68,100,統一,2023-02-10,5850
2030,彰源,100,0,100,統一,2023-02-10,5850
00830,國泰費城半導體,279,187,92,統一,2023-02-10,5850
2401,凌陽,85,4,81,統一,2023-02-10,5850
4743,合一,106,28,78,統一,2023-02-10,5850
3289,宜特,252,175,77,統一,2023-02-10,5850
3687,歐買尬,75,2,73,統一,2023-02-10,5850
00671R,富邦NASDAQ反1,71,0,71,統一,2023-02-10,5850
4155,訊映,239,170,69,統一,2023-02-10,5850
1218,泰山,65,0,65,統一,2023-02-10,5850
1321,大洋,64,0,64,統一,2023-02-10,5850
8222,寶一,90,27,63,統一,2023-02-10,5850
6143,振曜,70,8,62,統一,2023-02-10,5850
00917,中信特選金融,61,0,61,統一,2023-02-10,5850
2103,台橡,60,0,60,統一,2023-02-10,5850
3207,耀勝,85,29,56,統一,2023-02-10,5850
2748,雲品,81,25,56,統一,2023-02-10,5850
3027,盛達,73,21,52,統一,2023-02-10,5850
8234,新漢,51,0,51,統一,2023-02-10,5850
020019,統一特選台灣5GN,50,0,50,統一,2023-02-10,5850
6278,台表科,49,0,49,統一,2023-02-10,5850
00882,中信中國高股息,2501,8,2493,統一,2023-02-13,5850
00632R,元大台灣50反1,3573,1717,1856,統一,2023-02-13,5850
6142,友勁,1579,1,1578,統一,2023-02-13,5850
00897,富邦基因免疫生技,1000,2,998,統一,2023-02-13,5850
00715L,期街口布蘭特正2,969,46,923,統一,2023-02-13,5850
00893,國泰智能電動車,760,2,758,統一,2023-02-13,5850
2881,富邦金,798,62,736,統一,2023-02-13,5850
2408,南亞科,613,56,557,統一,2023-02-13,5850
2014,中鴻,1555,1043,512,統一,2023-02-13,5850
6290,良維,447,17,430,統一,2023-02-13,5850
00830,國泰費城半導體,429,20,409,統一,2023-02-13,5850
3591,艾笛森,364,1,363,統一,2023-02-13,5850
6282,康舒,424,70,354,統一,2023-02-13,5850
00633L,富邦上証正2,325,0,325,統一,2023-02-13,5850
00895,富邦未來車,259,1,258,統一,2023-02-13,5850
006205,富邦上証,220,0,220,統一,2023-02-13,5850
4164,承業醫,227,12,215,統一,2023-02-13,5850
4977,眾達-KY,276,61,215,統一,2023-02-13,5850
6153,嘉聯益,200,10,190,統一,2023-02-13,5850
2888A,新光金甲特,172,0,172,統一,2023-02-13,5850
2314,台揚,174,5,169,統一,2023-02-13,5850
020030,統一智慧電動車N,179,21,158,統一,2023-02-13,5850
1101,台泥,347,195,152,統一,2023-02-13,5850
0050,元大台灣50,131,0,131,統一,2023-02-13,5850
6531,愛普*,139,21,118,統一,2023-02-13,5850
1609,大亞,214,97,117,統一,2023-02-13,5850
2206,三陽工業,117,1,116,統一,2023-02-13,5850
6547,高端疫苗,139,29,110,統一,2023-02-13,5850
00665L,富邦�琤肭磪囓�2,110,5,105,統一,2023-02-13,5850
3624,光頡,200,97,103,統一,2023-02-13,5850
2030,彰源,100,0,100,統一,2023-02-13,5850
3704,合勤控,118,31,87,統一,2023-02-13,5850
2851,中再保,84,0,84,統一,2023-02-13,5850
8409,商之器,77,1,76,統一,2023-02-13,5850
5512,力麒,75,0,75,統一,2023-02-13,5850
8931,大汽電,74,0,74,統一,2023-02-13,5850
5483,中美晶,78,5,73,統一,2023-02-13,5850
2401,凌陽,75,3,72,統一,2023-02-13,5850
00751B,元大AAA至A公司債,72,0,72,統一,2023-02-13,5850
1531,高林股,71,0,71,統一,2023-02-13,5850
020031,統一IC設計臺灣N,274,203,71,統一,2023-02-13,5850
4720,德淵,70,0,70,統一,2023-02-13,5850
3029,零壹,84,14,70,統一,2023-02-13,5850
5465,富驊,68,0,68,統一,2023-02-13,5850
8299,群聯,67,1,66,統一,2023-02-13,5850
1342,八貫,96,34,62,統一,2023-02-13,5850
2351,順德,67,8,59,統一,2023-02-13,5850
5309,系統電,110,51,59,統一,2023-02-13,5850
1104,環泥,58,0,58,統一,2023-02-13,5850
8222,寶一,505,451,54,統一,2023-02-13,5850
00893,國泰智能電動車,1919,19,1900,統一,2023-02-14,5850
00636,國泰中國A50,1500,0,1500,統一,2023-02-14,5850
00637L,元大滬深300正2,1547,88,1459,統一,2023-02-14,5850
2382,廣達,1008,3,1005,統一,2023-02-14,5850
1301,台塑,747,7,740,統一,2023-02-14,5850
00715L,期街口布蘭特正2,753,80,673,統一,2023-02-14,5850
2376,技嘉,631,7,624,統一,2023-02-14,5850
2603,長榮,616,90,526,統一,2023-02-14,5850
6285,啟��,534,59,475,統一,2023-02-14,5850
1605,華新,940,510,430,統一,2023-02-14,5850
00632R,元大台灣50反1,622,220,402,統一,2023-02-14,5850
1513,中興電,623,251,372,統一,2023-02-14,5850
8436,大江,355,10,345,統一,2023-02-14,5850
00891,中信關鍵半導體,258,2,256,統一,2023-02-14,5850
2409,友達,522,273,249,統一,2023-02-14,5850
3035,智原,259,14,245,統一,2023-02-14,5850
5425,台半,313,102,211,統一,2023-02-14,5850
00752,中信中國50,201,0,201,統一,2023-02-14,5850
1402,遠東新,233,33,200,統一,2023-02-14,5850
3675,德微,212,16,196,統一,2023-02-14,5850
2881,富邦金,304,110,194,統一,2023-02-14,5850
3479,安勤,239,60,179,統一,2023-02-14,5850
5347,世界,181,4,177,統一,2023-02-14,5850
8050,廣積,233,59,174,統一,2023-02-14,5850
2342,茂矽,248,87,161,統一,2023-02-14,5850
6282,康舒,483,322,161,統一,2023-02-14,5850
8299,群聯,168,9,159,統一,2023-02-14,5850
3438,類比科,152,1,151,統一,2023-02-14,5850
2609,陽明,226,83,143,統一,2023-02-14,5850
2888A,新光金甲特,138,0,138,統一,2023-02-14,5850
6531,愛普*,144,6,138,統一,2023-02-14,5850
6290,良維,177,42,135,統一,2023-02-14,5850
00830,國泰費城半導體,272,138,134,統一,2023-02-14,5850
00917,中信特選金融,131,10,121,統一,2023-02-14,5850
2303,聯電,182,63,119,統一,2023-02-14,5850
2453,凌群,297,180,117,統一,2023-02-14,5850
1432,大魯閣,123,6,117,統一,2023-02-14,5850
2457,飛宏,112,3,109,統一,2023-02-14,5850
5388,中磊,105,1,104,統一,2023-02-14,5850
00696B,富邦美債20年,350,250,100,統一,2023-02-14,5850
2615,萬海,118,25,93,統一,2023-02-14,5850
8940,新天地,94,2,92,統一,2023-02-14,5850
3443,創意,141,51,90,統一,2023-02-14,5850
00633L,富邦上証正2,90,0,90,統一,2023-02-14,5850
5009,榮剛,84,0,84,統一,2023-02-14,5850
2492,華新科,113,31,82,統一,2023-02-14,5850
2458,義隆,88,7,81,統一,2023-02-14,5850
8349,�矬�,79,0,79,統一,2023-02-14,5850
6101,寬魚國際,77,0,77,統一,2023-02-14,5850
2637,慧洋-KY,98,24,74,統一,2023-02-14,5850
00882,中信中國高股息,1013,0,1013,統一,2023-02-15,5850
2337,旺宏,980,32,948,統一,2023-02-15,5850
1609,大亞,1015,182,833,統一,2023-02-15,5850
1605,華新,1161,394,767,統一,2023-02-15,5850
00632R,元大台灣50反1,947,190,757,統一,2023-02-15,5850
2471,資通,1042,452,590,統一,2023-02-15,5850
00715L,期街口布蘭特正2,515,4,511,統一,2023-02-15,5850
2342,茂矽,467,1,466,統一,2023-02-15,5850
020031,統一IC設計臺灣N,446,5,441,統一,2023-02-15,5850
00830,國泰費城半導體,500,60,440,統一,2023-02-15,5850
4938,和碩,359,1,358,統一,2023-02-15,5850
00636,國泰中國A50,336,0,336,統一,2023-02-15,5850
2409,友達,529,220,309,統一,2023-02-15,5850
9945,潤泰新,298,8,290,統一,2023-02-15,5850
00876,元大全球5G,280,0,280,統一,2023-02-15,5850
6477,安集,285,7,278,統一,2023-02-15,5850
1513,中興電,845,595,250,統一,2023-02-15,5850
3552,同致,248,3,245,統一,2023-02-15,5850
2723,美食-KY,425,182,243,統一,2023-02-15,5850
1504,東元,239,2,237,統一,2023-02-15,5850
1402,遠東新,243,42,201,統一,2023-02-15,5850
006205,富邦上証,200,0,200,統一,2023-02-15,5850
1308,亞聚,200,0,200,統一,2023-02-15,5850
5706,鳳凰,258,58,200,統一,2023-02-15,5850
6191,精成科,198,0,198,統一,2023-02-15,5850
00893,國泰智能電動車,222,37,185,統一,2023-02-15,5850
1519,華城,226,75,151,統一,2023-02-15,5850
1101,台泥,200,50,150,統一,2023-02-15,5850
1503,士電,151,6,145,統一,2023-02-15,5850
6205,詮欣,323,186,137,統一,2023-02-15,5850
3260,威剛,154,19,135,統一,2023-02-15,5850
2376,技嘉,155,31,124,統一,2023-02-15,5850
5009,榮剛,178,55,123,統一,2023-02-15,5850
2727,王品,160,47,113,統一,2023-02-15,5850
00891,中信關鍵半導體,174,70,104,統一,2023-02-15,5850
8476,台境*,100,0,100,統一,2023-02-15,5850
2415,錩新,98,0,98,統一,2023-02-15,5850
2454,聯發科,167,75,92,統一,2023-02-15,5850
5309,系統電,99,13,86,統一,2023-02-15,5850
2486,一詮,88,6,82,統一,2023-02-15,5850
3624,光頡,100,18,82,統一,2023-02-15,5850
2327,國巨,107,26,81,統一,2023-02-15,5850
8436,大江,156,76,80,統一,2023-02-15,5850
2739,寒舍,80,1,79,統一,2023-02-15,5850
3105,穩懋,108,32,76,統一,2023-02-15,5850
6472,保瑞,75,0,75,統一,2023-02-15,5850
2317,鴻海,150,77,73,統一,2023-02-15,5850
6770,力積電,188,121,67,統一,2023-02-15,5850
6285,啟��,73,6,67,統一,2023-02-15,5850
3207,耀勝,162,96,66,統一,2023-02-15,5850
00893,國泰智能電動車,4000,13,3987,統一,2023-02-16,5850
2610,華航,2035,244,1791,統一,2023-02-16,5850
00882,中信中國高股息,1001,0,1001,統一,2023-02-16,5850
1605,華新,1879,1191,688,統一,2023-02-16,5850
2376,技嘉,654,0,654,統一,2023-02-16,5850
6116,彩晶,640,22,618,統一,2023-02-16,5850
3591,艾笛森,540,2,538,統一,2023-02-16,5850
00895,富邦未來車,500,0,500,統一,2023-02-16,5850
8069,元太,975,483,492,統一,2023-02-16,5850
2201,裕隆,683,195,488,統一,2023-02-16,5850
2408,南亞科,465,45,420,統一,2023-02-16,5850
3027,盛達,599,185,414,統一,2023-02-16,5850
1102,亞泥,400,0,400,統一,2023-02-16,5850
00715L,期街口布蘭特正2,405,10,395,統一,2023-02-16,5850
2492,華新科,361,45,316,統一,2023-02-16,5850
6806,森崴能源,308,7,301,統一,2023-02-16,5850
2634,漢翔,447,146,301,統一,2023-02-16,5850
00876,元大全球5G,300,0,300,統一,2023-02-16,5850
00752,中信中國50,300,0,300,統一,2023-02-16,5850
00633L,富邦上証正2,300,1,299,統一,2023-02-16,5850
3141,晶宏,337,46,291,統一,2023-02-16,5850
2308,台達電,293,12,281,統一,2023-02-16,5850
6477,安集,259,4,255,統一,2023-02-16,5850
00830,國泰費城半導體,318,67,251,統一,2023-02-16,5850
2453,凌群,256,15,241,統一,2023-02-16,5850
3207,耀勝,283,59,224,統一,2023-02-16,5850
3058,立德,216,0,216,統一,2023-02-16,5850
2375,凱美,256,49,207,統一,2023-02-16,5850
2330,台積電,390,189,201,統一,2023-02-16,5850
006205,富邦上証,200,0,200,統一,2023-02-16,5850
00861,元大全球未來通訊,200,0,200,統一,2023-02-16,5850
2379,瑞昱,215,19,196,統一,2023-02-16,5850
8358,金居,213,18,195,統一,2023-02-16,5850
3545,敦泰,199,20,179,統一,2023-02-16,5850
8227,巨有科技,203,38,165,統一,2023-02-16,5850
2605,新興,160,4,156,統一,2023-02-16,5850
3035,智原,218,66,152,統一,2023-02-16,5850
00670L,富邦NASDAQ正2,156,5,151,統一,2023-02-16,5850
9958,世紀鋼,142,0,142,統一,2023-02-16,5850
5351,鈺創,156,32,124,統一,2023-02-16,5850
2748,雲品,183,60,123,統一,2023-02-16,5850
2103,台橡,121,0,121,統一,2023-02-16,5850
2317,鴻海,136,15,121,統一,2023-02-16,5850
1760,寶齡富錦,131,11,120,統一,2023-02-16,5850
2891,中信金,211,91,120,統一,2023-02-16,5850
2344,華邦電,169,53,116,統一,2023-02-16,5850
3704,合勤控,152,55,97,統一,2023-02-16,5850
2731,雄獅,162,71,91,統一,2023-02-16,5850
3443,創意,153,66,87,統一,2023-02-16,5850
2702,華園,108,23,85,統一,2023-02-16,5850
2610,華航,2309,283,2026,統一,2023-02-17,5850
2409,友達,941,166,775,統一,2023-02-17,5850
6282,康舒,764,41,723,統一,2023-02-17,5850
2379,瑞昱,687,8,679,統一,2023-02-17,5850
1605,華新,2204,1536,668,統一,2023-02-17,5850
3481,群創,1253,602,651,統一,2023-02-17,5850
00830,國泰費城半導體,645,0,645,統一,2023-02-17,5850
4961,天鈺,1028,389,639,統一,2023-02-17,5850
1513,中興電,883,375,508,統一,2023-02-17,5850
00897,富邦基因免疫生技,505,0,505,統一,2023-02-17,5850
2412,中華電,496,2,494,統一,2023-02-17,5850
8016,矽創,475,38,437,統一,2023-02-17,5850
00882,中信中國高股息,401,0,401,統一,2023-02-17,5850
6245,立端,393,51,342,統一,2023-02-17,5850
020031,統一IC設計臺灣N,364,24,340,統一,2023-02-17,5850
1503,士電,615,289,326,統一,2023-02-17,5850
6104,創惟,451,136,315,統一,2023-02-17,5850
00715L,期街口布蘭特正2,309,0,309,統一,2023-02-17,5850
1795,美時,426,137,289,統一,2023-02-17,5850
020033,統一�琤肮黕篾,245,4,241,統一,2023-02-17,5850
3443,創意,273,37,236,統一,2023-02-17,5850
6531,愛普*,454,231,223,統一,2023-02-17,5850
1519,華城,268,55,213,統一,2023-02-17,5850
2206,三陽工業,248,67,181,統一,2023-02-17,5850
3017,奇鋐,183,5,178,統一,2023-02-17,5850
2637,慧洋-KY,193,17,176,統一,2023-02-17,5850
2472,立隆電,176,0,176,統一,2023-02-17,5850
2605,新興,175,2,173,統一,2023-02-17,5850
6741,91APP*-KY,195,31,164,統一,2023-02-17,5850
6116,彩晶,217,58,159,統一,2023-02-17,5850
6443,元晶,318,159,159,統一,2023-02-17,5850
2723,美食-KY,184,25,159,統一,2023-02-17,5850
2344,華邦電,220,62,158,統一,2023-02-17,5850
6143,振曜,178,21,157,統一,2023-02-17,5850
00670L,富邦NASDAQ正2,150,3,147,統一,2023-02-17,5850
9958,世紀鋼,152,6,146,統一,2023-02-17,5850
6205,詮欣,309,165,144,統一,2023-02-17,5850
2327,國巨,158,17,141,統一,2023-02-17,5850
5009,榮剛,211,72,139,統一,2023-02-17,5850
4526,東台,137,0,137,統一,2023-02-17,5850
2453,凌群,359,233,126,統一,2023-02-17,5850
00917,中信特選金融,121,0,121,統一,2023-02-17,5850
2748,雲品,157,41,116,統一,2023-02-17,5850
2455,全新,278,171,107,統一,2023-02-17,5850
2308,台達電,109,7,102,統一,2023-02-17,5850
1301,台塑,101,0,101,統一,2023-02-17,5850
5439,高技,100,2,98,統一,2023-02-17,5850
00679B,元大美債20年,109,17,92,統一,2023-02-17,5850
2401,凌陽,97,8,89,統一,2023-02-17,5850
1611,中電,88,0,88,統一,2023-02-17,5850
3481,群創,4562,1331,3231,統一,2023-02-20,5850
00893,國泰智能電動車,2683,0,2683,統一,2023-02-20,5850
2409,友達,1452,202,1250,統一,2023-02-20,5850
8936,國統,1328,155,1173,統一,2023-02-20,5850
5701,劍湖山,998,2,996,統一,2023-02-20,5850
6205,詮欣,1186,214,972,統一,2023-02-20,5850
2610,華航,1054,85,969,統一,2023-02-20,5850
00637L,元大滬深300正2,1799,992,807,統一,2023-02-20,5850
5353,台林,701,8,693,統一,2023-02-20,5850
2748,雲品,730,123,607,統一,2023-02-20,5850
2344,華邦電,576,41,535,統一,2023-02-20,5850
2457,飛宏,693,235,458,統一,2023-02-20,5850
5258,虹堡,558,153,405,統一,2023-02-20,5850
2603,長榮,358,7,351,統一,2023-02-20,5850
9939,宏全,339,0,339,統一,2023-02-20,5850
006205,富邦上証,300,0,300,統一,2023-02-20,5850
9958,世紀鋼,293,11,282,統一,2023-02-20,5850
2472,立隆電,236,1,235,統一,2023-02-20,5850
1304,台聚,228,1,227,統一,2023-02-20,5850
1108,幸福,210,0,210,統一,2023-02-20,5850
1513,中興電,565,359,206,統一,2023-02-20,5850
2102,泰豐,200,0,200,統一,2023-02-20,5850
6239,力成,200,0,200,統一,2023-02-20,5850
2303,聯電,688,495,193,統一,2023-02-20,5850
5309,系統電,183,6,177,統一,2023-02-20,5850
3034,聯詠,192,21,171,統一,2023-02-20,5850
020030,統一智慧電動車N,163,2,161,統一,2023-02-20,5850
6235,華孚,243,83,160,統一,2023-02-20,5850
4164,承業醫,647,497,150,統一,2023-02-20,5850
3027,盛達,402,255,147,統一,2023-02-20,5850
1519,華城,299,152,147,統一,2023-02-20,5850
3049,精金,153,7,146,統一,2023-02-20,5850
2367,燿華,191,48,143,統一,2023-02-20,5850
5452,佶優,137,0,137,統一,2023-02-20,5850
020031,統一IC設計臺灣N,399,263,136,統一,2023-02-20,5850
3011,今皓,136,0,136,統一,2023-02-20,5850
8084,巨虹,131,0,131,統一,2023-02-20,5850
3594,磐儀,166,41,125,統一,2023-02-20,5850
4968,立積,150,26,124,統一,2023-02-20,5850
0050,元大台灣50,137,14,123,統一,2023-02-20,5850
1504,東元,224,104,120,統一,2023-02-20,5850
4961,天鈺,295,195,100,統一,2023-02-20,5850
8044,網家,114,18,96,統一,2023-02-20,5850
6712,長聖,100,7,93,統一,2023-02-20,5850
2230,泰茂,93,1,92,統一,2023-02-20,5850
1609,大亞,209,118,91,統一,2023-02-20,5850
6531,愛普*,459,369,90,統一,2023-02-20,5850
2609,陽明,110,21,89,統一,2023-02-20,5850
8927,北基,91,4,87,統一,2023-02-20,5850
2317,鴻海,99,13,86,統一,2023-02-20,5850
1519,華城,3060,789,2271,統一,2023-02-21,5850
2303,聯電,1853,148,1705,統一,2023-02-21,5850
2603,長榮,1523,244,1279,統一,2023-02-21,5850
1217,愛之味,1016,5,1011,統一,2023-02-21,5850
2610,華航,1042,105,937,統一,2023-02-21,5850
00752,中信中國50,700,0,700,統一,2023-02-21,5850
2388,威盛,953,354,599,統一,2023-02-21,5850
3035,智原,504,46,458,統一,2023-02-21,5850
3217,優群,414,42,372,統一,2023-02-21,5850
9958,世紀鋼,352,5,347,統一,2023-02-21,5850
2615,萬海,482,151,331,統一,2023-02-21,5850
6282,康舒,892,581,311,統一,2023-02-21,5850
2472,立隆電,351,40,311,統一,2023-02-21,5850
1513,中興電,910,613,297,統一,2023-02-21,5850
020031,統一IC設計臺灣N,474,183,291,統一,2023-02-21,5850
3034,聯詠,342,58,284,統一,2023-02-21,5850
4746,台耀,278,0,278,統一,2023-02-21,5850
2727,王品,363,85,278,統一,2023-02-21,5850
00696B,富邦美債20年,515,250,265,統一,2023-02-21,5850
1783,和康生,253,3,250,統一,2023-02-21,5850
2404,漢唐,250,3,247,統一,2023-02-21,5850
00637L,元大滬深300正2,709,468,241,統一,2023-02-21,5850
3027,盛達,280,62,218,統一,2023-02-21,5850
6176,瑞儀,200,0,200,統一,2023-02-21,5850
6235,華孚,312,136,176,統一,2023-02-21,5850
2201,裕隆,330,171,159,統一,2023-02-21,5850
2383,台光電,163,5,158,統一,2023-02-21,5850
8069,元太,399,241,158,統一,2023-02-21,5850
2330,台積電,167,12,155,統一,2023-02-21,5850
2633,台灣高鐵,151,0,151,統一,2023-02-21,5850
1522,堤維西,195,57,138,統一,2023-02-21,5850
2609,陽明,332,195,137,統一,2023-02-21,5850
3022,威強電,137,5,132,統一,2023-02-21,5850
2498,宏達電,292,161,131,統一,2023-02-21,5850
4119,旭富,130,0,130,統一,2023-02-21,5850
2308,台達電,133,4,129,統一,2023-02-21,5850
5222,全訊,143,16,127,統一,2023-02-21,5850
3591,艾笛森,126,0,126,統一,2023-02-21,5850
6016,康和證,124,0,124,統一,2023-02-21,5850
5009,榮剛,161,41,120,統一,2023-02-21,5850
3044,健鼎,110,3,107,統一,2023-02-21,5850
2014,中鴻,110,5,105,統一,2023-02-21,5850
4114,健喬,169,71,98,統一,2023-02-21,5850
2504,國產,102,5,97,統一,2023-02-21,5850
6517,保勝光學,153,64,89,統一,2023-02-21,5850
4919,新唐,111,24,87,統一,2023-02-21,5850
6146,耕興,89,3,86,統一,2023-02-21,5850
00665L,富邦�琤肭磪囓�2,84,0,84,統一,2023-02-21,5850
1321,大洋,88,8,80,統一,2023-02-21,5850
2637,慧洋-KY,77,1,76,統一,2023-02-21,5850
00632R,元大台灣50反1,6957,182,6775,統一,2023-02-22,5850
3481,群創,2636,741,1895,統一,2023-02-22,5850
1514,亞力,1118,49,1069,統一,2023-02-22,5850
00696B,富邦美債20年,860,200,660,統一,2023-02-22,5850
2727,王品,567,27,540,統一,2023-02-22,5850
1210,大成,500,35,465,統一,2023-02-22,5850
00636,國泰中國A50,450,0,450,統一,2023-02-22,5850
00897,富邦基因免疫生技,434,0,434,統一,2023-02-22,5850
2748,雲品,528,98,430,統一,2023-02-22,5850
8358,金居,430,42,388,統一,2023-02-22,5850
6235,華孚,862,486,376,統一,2023-02-22,5850
5009,榮剛,378,45,333,統一,2023-02-22,5850
2382,廣達,334,11,323,統一,2023-02-22,5850
3058,立德,310,1,309,統一,2023-02-22,5850
2471,資通,377,75,302,統一,2023-02-22,5850
1321,大洋,288,0,288,統一,2023-02-22,5850
00795B,中信美國公債20年,493,250,243,統一,2023-02-22,5850
6715,嘉基,218,11,207,統一,2023-02-22,5850
2705,六福,208,5,203,統一,2023-02-22,5850
00712,復華富時不動產,200,0,200,統一,2023-02-22,5850
3653,健策,261,62,199,統一,2023-02-22,5850
6666,羅麗芬-KY,201,5,196,統一,2023-02-22,5850
4536,拓凱,226,33,193,統一,2023-02-22,5850
00891,中信關鍵半導體,190,0,190,統一,2023-02-22,5850
3454,晶睿,231,42,189,統一,2023-02-22,5850
2303,聯電,551,388,163,統一,2023-02-22,5850
2457,飛宏,227,83,144,統一,2023-02-22,5850
2449,京元電子,133,0,133,統一,2023-02-22,5850
6148,驊宏資,168,38,130,統一,2023-02-22,5850
5381,合正,130,1,129,統一,2023-02-22,5850
00740B,富邦全球投等債,429,301,128,統一,2023-02-22,5850
2731,雄獅,137,12,125,統一,2023-02-22,5850
4164,承業醫,125,1,124,統一,2023-02-22,5850
2330,台積電,190,70,120,統一,2023-02-22,5850
1528,恩德,120,0,120,統一,2023-02-22,5850
6477,安集,120,0,120,統一,2023-02-22,5850
6859,伯特光,117,2,115,統一,2023-02-22,5850
3290,東浦,111,0,111,統一,2023-02-22,5850
4967,十銓,131,21,110,統一,2023-02-22,5850
3673,TPK-KY,109,1,108,統一,2023-02-22,5850
2707,晶華,148,45,103,統一,2023-02-22,5850
2002,中鋼,144,43,101,統一,2023-02-22,5850
3322,建舜電,104,4,100,統一,2023-02-22,5850
2345,智邦,102,7,95,統一,2023-02-22,5850
5353,台林,147,53,94,統一,2023-02-22,5850
3027,盛達,252,159,93,統一,2023-02-22,5850
8940,新天地,104,22,82,統一,2023-02-22,5850
5703,亞都,80,0,80,統一,2023-02-22,5850
2610,華航,124,46,78,統一,2023-02-22,5850
3094,聯傑,80,4,76,統一,2023-02-22,5850
5512,力麒,4533,51,4482,統一,2023-02-23,5850
00632R,元大台灣50反1,2508,1420,1088,統一,2023-02-23,5850
00893,國泰智能電動車,1023,25,998,統一,2023-02-23,5850
2388,威盛,1307,586,721,統一,2023-02-23,5850
020031,統一IC設計臺灣N,838,124,714,統一,2023-02-23,5850
3515,華擎,677,35,642,統一,2023-02-23,5850
6531,愛普*,887,265,622,統一,2023-02-23,5850
1101,台泥,737,167,570,統一,2023-02-23,5850
00715L,期街口布蘭特正2,512,0,512,統一,2023-02-23,5850
5258,虹堡,561,116,445,統一,2023-02-23,5850
3037,欣興,640,232,408,統一,2023-02-23,5850
2236,百達-KY,400,1,399,統一,2023-02-23,5850
5009,榮剛,479,127,352,統一,2023-02-23,5850
2637,慧洋-KY,456,127,329,統一,2023-02-23,5850
00695B,富邦美債7-10,302,0,302,統一,2023-02-23,5850
2458,義隆,285,13,272,統一,2023-02-23,5850
00697B,元大美債7-10,245,0,245,統一,2023-02-23,5850
1528,恩德,240,0,240,統一,2023-02-23,5850
020018,統一價值成長30N,227,0,227,統一,2023-02-23,5850
020019,統一特選台灣5GN,220,0,220,統一,2023-02-23,5850
2379,瑞昱,239,25,214,統一,2023-02-23,5850
4763,材料-KY,275,68,207,統一,2023-02-23,5850
3711,日月光投控,232,26,206,統一,2023-02-23,5850
2606,裕民,274,68,206,統一,2023-02-23,5850
2376,技嘉,214,21,193,統一,2023-02-23,5850
00650L,復華香港正2,195,2,193,統一,2023-02-23,5850
2498,宏達電,361,169,192,統一,2023-02-23,5850
1108,幸福,186,5,181,統一,2023-02-23,5850
2399,映泰,181,4,177,統一,2023-02-23,5850
2712,遠雄來,172,0,172,統一,2023-02-23,5850
5351,鈺創,189,18,171,統一,2023-02-23,5850
2610,華航,369,213,156,統一,2023-02-23,5850
4919,新唐,230,77,153,統一,2023-02-23,5850
3058,立德,181,31,150,統一,2023-02-23,5850
3443,創意,171,30,141,統一,2023-02-23,5850
9935,慶豐富,137,0,137,統一,2023-02-23,5850
2834,臺企銀,181,45,136,統一,2023-02-23,5850
6146,耕興,154,30,124,統一,2023-02-23,5850
020025,統一亞洲半導體N,140,17,123,統一,2023-02-23,5850
8112,至上,131,10,121,統一,2023-02-23,5850
8299,群聯,118,0,118,統一,2023-02-23,5850
4979,華星光,175,60,115,統一,2023-02-23,5850
4967,十銓,301,188,113,統一,2023-02-23,5850
2736,富野,110,1,109,統一,2023-02-23,5850
2609,陽明,220,114,106,統一,2023-02-23,5850
3035,智原,197,92,105,統一,2023-02-23,5850
3591,艾笛森,102,0,102,統一,2023-02-23,5850
6285,啟��,109,8,101,統一,2023-02-23,5850
2363,矽統,136,35,101,統一,2023-02-23,5850
6733,博晟生醫,97,0,97,統一,2023-02-23,5850
00632R,元大台灣50反1,1157,2,1155,統一,2023-02-24,5850
00639,富邦深100,1060,105,955,統一,2023-02-24,5850
3711,日月光投控,519,36,483,統一,2023-02-24,5850
3017,奇鋐,586,151,435,統一,2023-02-24,5850
5009,榮剛,926,501,425,統一,2023-02-24,5850
2382,廣達,421,9,412,統一,2023-02-24,5850
2606,裕民,695,283,412,統一,2023-02-24,5850
1101,台泥,393,20,373,統一,2023-02-24,5850
00637L,元大滬深300正2,410,100,310,統一,2023-02-24,5850
3163,波若威,299,10,289,統一,2023-02-24,5850
9939,宏全,235,0,235,統一,2023-02-24,5850
4915,致伸,315,110,205,統一,2023-02-24,5850
2301,光寶科,185,0,185,統一,2023-02-24,5850
8028,昇陽半導體,171,0,171,統一,2023-02-24,5850
8033,雷虎,245,81,164,統一,2023-02-24,5850
4923,力士,155,0,155,統一,2023-02-24,5850
2345,智邦,160,6,154,統一,2023-02-24,5850
1907,永豐餘,155,7,148,統一,2023-02-24,5850
5608,四維航,216,68,148,統一,2023-02-24,5850
8938,明安,180,34,146,統一,2023-02-24,5850
2474,可成,150,8,142,統一,2023-02-24,5850
1528,恩德,140,0,140,統一,2023-02-24,5850
2303,聯電,575,436,139,統一,2023-02-24,5850
5450,南良,136,1,135,統一,2023-02-24,5850
2449,京元電子,130,2,128,統一,2023-02-24,5850
020031,統一IC設計臺灣N,302,178,124,統一,2023-02-24,5850
020025,統一亞洲半導體N,177,62,115,統一,2023-02-24,5850
1326,台化,111,1,110,統一,2023-02-24,5850
3231,緯創,123,15,108,統一,2023-02-24,5850
3491,昇達科,117,12,105,統一,2023-02-24,5850
1722,台肥,100,0,100,統一,2023-02-24,5850
5706,鳳凰,100,6,94,統一,2023-02-24,5850
6799,來頡,116,24,92,統一,2023-02-24,5850
006205,富邦上証,90,0,90,統一,2023-02-24,5850
6443,元晶,145,55,90,統一,2023-02-24,5850
2482,連宇,97,9,88,統一,2023-02-24,5850
2801,彰銀,88,0,88,統一,2023-02-24,5850
6782,視陽,84,1,83,統一,2023-02-24,5850
6689,伊雲谷,100,20,80,統一,2023-02-24,5850
2441,超豐,80,0,80,統一,2023-02-24,5850
1504,東元,78,1,77,統一,2023-02-24,5850
8289,泰藝,198,126,72,統一,2023-02-24,5850
2230,泰茂,90,20,70,統一,2023-02-24,5850
3088,艾訊,98,33,65,統一,2023-02-24,5850
4746,台耀,60,0,60,統一,2023-02-24,5850
6104,創惟,91,31,60,統一,2023-02-24,5850
2601,益航,119,61,58,統一,2023-02-24,5850
5284,jpp-KY,57,3,54,統一,2023-02-24,5850
1402,遠東新,61,7,54,統一,2023-02-24,5850
00853B,統一美債10年Aa-,259,206,53,統一,2023-02-24,5850
00897,富邦基因免疫生技,1000,0,1000,統一,2023-03-01,5850
00637L,元大滬深300正2,1213,295,918,統一,2023-03-01,5850
00632R,元大台灣50反1,1753,870,883,統一,2023-03-01,5850
00882,中信中國高股息,703,0,703,統一,2023-03-01,5850
020031,統一IC設計臺灣N,742,50,692,統一,2023-03-01,5850
2382,廣達,527,33,494,統一,2023-03-01,5850
00881,國泰台灣5G+,411,1,410,統一,2023-03-01,5850
3045,台灣大,322,20,302,統一,2023-03-01,5850
1514,亞力,334,35,299,統一,2023-03-01,5850
00633L,富邦上証正2,300,2,298,統一,2023-03-01,5850
2454,聯發科,435,166,269,統一,2023-03-01,5850
3162,精確,268,2,266,統一,2023-03-01,5850
00713,元大台灣高息低波,264,1,263,統一,2023-03-01,5850
1258,其祥-KY,260,10,250,統一,2023-03-01,5850
4953,緯軟,266,32,234,統一,2023-03-01,5850
8112,至上,220,4,216,統一,2023-03-01,5850
1215,卜蜂,215,9,206,統一,2023-03-01,5850
6290,良維,201,12,189,統一,2023-03-01,5850
3591,艾笛森,186,0,186,統一,2023-03-01,5850
5498,凱崴,202,20,182,統一,2023-03-01,5850
00917,中信特選金融,190,10,180,統一,2023-03-01,5850
5701,劍湖山,176,0,176,統一,2023-03-01,5850
00720B,元大投資級公司債,179,4,175,統一,2023-03-01,5850
1220,台榮,156,14,142,統一,2023-03-01,5850
2504,國產,143,1,142,統一,2023-03-01,5850
5452,佶優,139,0,139,統一,2023-03-01,5850
2449,京元電子,134,5,129,統一,2023-03-01,5850
8176,智捷,128,0,128,統一,2023-03-01,5850
3481,群創,483,359,124,統一,2023-03-01,5850
6578,達邦蛋白,125,2,123,統一,2023-03-01,5850
3037,欣興,153,32,121,統一,2023-03-01,5850
2308,台達電,153,35,118,統一,2023-03-01,5850
8069,元太,166,49,117,統一,2023-03-01,5850
00712,復華富時不動產,114,0,114,統一,2023-03-01,5850
1504,東元,110,0,110,統一,2023-03-01,5850
00679B,元大美債20年,105,0,105,統一,2023-03-01,5850
1532,勤美,102,0,102,統一,2023-03-01,5850
6239,力成,103,2,101,統一,2023-03-01,5850
2103,台橡,101,0,101,統一,2023-03-01,5850
1434,福懋,100,0,100,統一,2023-03-01,5850
6874,倍力,96,0,96,統一,2023-03-01,5850
2867,三商壽,88,0,88,統一,2023-03-01,5850
2748,雲品,238,150,88,統一,2023-03-01,5850
4919,新唐,101,16,85,統一,2023-03-01,5850
4746,台耀,95,12,83,統一,2023-03-01,5850
6282,康舒,327,244,83,統一,2023-03-01,5850
3034,聯詠,129,47,82,統一,2023-03-01,5850
6531,愛普*,142,65,77,統一,2023-03-01,5850
3081,聯亞,86,10,76,統一,2023-03-01,5850
8436,大江,74,6,68,統一,2023-03-01,5850
00632R,元大台灣50反1,2568,4,2564,統一,2023-03-02,5850
2344,華邦電,2035,357,1678,統一,2023-03-02,5850
2412,中華電,1529,217,1312,統一,2023-03-02,5850
2605,新興,1192,116,1076,統一,2023-03-02,5850
2002,中鋼,1142,87,1055,統一,2023-03-02,5850
2637,慧洋-KY,827,38,789,統一,2023-03-02,5850
2324,仁寶,1031,261,770,統一,2023-03-02,5850
2603,長榮,750,118,632,統一,2023-03-02,5850
00795B,中信美國公債20年,900,389,511,統一,2023-03-02,5850
3675,德微,454,46,408,統一,2023-03-02,5850
00687B,國泰20年美債,450,70,380,統一,2023-03-02,5850
00715L,期街口布蘭特正2,639,261,378,統一,2023-03-02,5850
00712,復華富時不動產,383,8,375,統一,2023-03-02,5850
3362,先進光,420,83,337,統一,2023-03-02,5850
2886,兆豐金,511,180,331,統一,2023-03-02,5850
1609,大亞,353,42,311,統一,2023-03-02,5850
2609,陽明,548,253,295,統一,2023-03-02,5850
00893,國泰智能電動車,805,512,293,統一,2023-03-02,5850
3481,群創,1122,833,289,統一,2023-03-02,5850
00857B,永豐20年美公債,250,0,250,統一,2023-03-02,5850
3058,立德,229,0,229,統一,2023-03-02,5850
6811,宏�硌穈T,212,1,211,統一,2023-03-02,5850
1305,華夏,210,1,209,統一,2023-03-02,5850
3147,大綜,178,7,171,統一,2023-03-02,5850
8442,威宏-KY,166,10,156,統一,2023-03-02,5850
6865,偉康科技,171,16,155,統一,2023-03-02,5850
00695B,富邦美債7-10,205,50,155,統一,2023-03-02,5850
3454,晶睿,309,155,154,統一,2023-03-02,5850
2606,裕民,303,151,152,統一,2023-03-02,5850
3162,精確,200,64,136,統一,2023-03-02,5850
020031,統一IC設計臺灣N,151,19,132,統一,2023-03-02,5850
5450,南良,132,1,131,統一,2023-03-02,5850
1504,東元,120,2,118,統一,2023-03-02,5850
5210,寶碩,109,0,109,統一,2023-03-02,5850
1439,雋揚,108,0,108,統一,2023-03-02,5850
6488,環球晶,106,2,104,統一,2023-03-02,5850
9941,裕融,101,3,98,統一,2023-03-02,5850
4743,合一,127,33,94,統一,2023-03-02,5850
2601,益航,264,170,94,統一,2023-03-02,5850
1762,中化生,107,19,88,統一,2023-03-02,5850
1752,南光,101,14,87,統一,2023-03-02,5850
3081,聯亞,91,7,84,統一,2023-03-02,5850
2049,上銀,118,35,83,統一,2023-03-02,5850
00720B,元大投資級公司債,79,3,76,統一,2023-03-02,5850
2377,微星,155,80,75,統一,2023-03-02,5850
8046,南電,172,99,73,統一,2023-03-02,5850
6207,雷科,81,8,73,統一,2023-03-02,5850
6223,旺矽,76,4,72,統一,2023-03-02,5850
8940,新天地,91,20,71,統一,2023-03-02,5850
00697B,元大美債7-10,69,0,69,統一,2023-03-02,5850
5608,四維航,1772,39,1733,統一,2023-03-03,5850
00893,國泰智能電動車,1503,22,1481,統一,2023-03-03,5850
2409,友達,1272,56,1216,統一,2023-03-03,5850
3481,群創,1945,849,1096,統一,2023-03-03,5850
2609,陽明,1473,407,1066,統一,2023-03-03,5850
00882,中信中國高股息,1001,0,1001,統一,2023-03-03,5850
00715L,期街口布蘭特正2,774,11,763,統一,2023-03-03,5850
2605,新興,766,26,740,統一,2023-03-03,5850
2603,長榮,1132,484,648,統一,2023-03-03,5850
00632R,元大台灣50反1,3216,2600,616,統一,2023-03-03,5850
2412,中華電,754,154,600,統一,2023-03-03,5850
2303,聯電,605,48,557,統一,2023-03-03,5850
9939,宏全,382,0,382,統一,2023-03-03,5850
2634,漢翔,406,74,332,統一,2023-03-03,5850
1219,福壽,332,5,327,統一,2023-03-03,5850
00885,富邦越南,315,0,315,統一,2023-03-03,5850
1220,台榮,307,5,302,統一,2023-03-03,5850
1210,大成,318,17,301,統一,2023-03-03,5850
2457,飛宏,400,123,277,統一,2023-03-03,5850
8069,元太,342,81,261,統一,2023-03-03,5850
6719,力智,275,24,251,統一,2023-03-03,5850
00636,國泰中國A50,250,1,249,統一,2023-03-03,5850
6282,康舒,230,17,213,統一,2023-03-03,5850
2615,萬海,422,231,191,統一,2023-03-03,5850
3037,欣興,298,116,182,統一,2023-03-03,5850
6245,立端,286,122,164,統一,2023-03-03,5850
6116,彩晶,194,35,159,統一,2023-03-03,5850
1402,遠東新,161,2,159,統一,2023-03-03,5850
4137,麗豐-KY,160,8,152,統一,2023-03-03,5850
5351,鈺創,170,18,152,統一,2023-03-03,5850
3479,安勤,161,11,150,統一,2023-03-03,5850
020030,統一智慧電動車N,148,3,145,統一,2023-03-03,5850
2471,資通,175,41,134,統一,2023-03-03,5850
3169,亞信,153,20,133,統一,2023-03-03,5850
3141,晶宏,197,66,131,統一,2023-03-03,5850
2301,光寶科,151,21,130,統一,2023-03-03,5850
3432,台端,131,6,125,統一,2023-03-03,5850
2812,台中銀,112,0,112,統一,2023-03-03,5850
3680,家登,125,14,111,統一,2023-03-03,5850
4726,永昕,104,0,104,統一,2023-03-03,5850
9941,裕融,102,1,101,統一,2023-03-03,5850
6140,訊達,110,15,95,統一,2023-03-03,5850
2228,劍麟,115,21,94,統一,2023-03-03,5850
3035,智原,153,61,92,統一,2023-03-03,5850
8046,南電,188,96,92,統一,2023-03-03,5850
00712,復華富時不動產,90,0,90,統一,2023-03-03,5850
3017,奇鋐,139,52,87,統一,2023-03-03,5850
3006,晶豪科,161,75,86,統一,2023-03-03,5850
2455,全新,90,6,84,統一,2023-03-03,5850
1539,巨庭,86,3,83,統一,2023-03-03,5850
2892,第一金,2672,2,2670,統一,2023-03-06,5850
3481,群創,3137,623,2514,統一,2023-03-06,5850
3019,亞光,2017,7,2010,統一,2023-03-06,5850
00772B,中信高評級公司債,2392,400,1992,統一,2023-03-06,5850
6548,長科*,1934,2,1932,統一,2023-03-06,5850
2891,中信金,1204,16,1188,統一,2023-03-06,5850
2883,凱基金,1048,10,1038,統一,2023-03-06,5850
2888,新光金,933,2,931,統一,2023-03-06,5850
2388,威盛,1053,124,929,統一,2023-03-06,5850
4164,承業醫,1000,113,887,統一,2023-03-06,5850
2884,玉山金,897,78,819,統一,2023-03-06,5850
00773B,中信優先金融債,1241,470,771,統一,2023-03-06,5850
2885,元大金,746,0,746,統一,2023-03-06,5850
00715L,期街口布蘭特正2,1018,301,717,統一,2023-03-06,5850
2890,永豐金,718,19,699,統一,2023-03-06,5850
2886,兆豐金,698,4,694,統一,2023-03-06,5850
2880,華南金,654,2,652,統一,2023-03-06,5850
2881,富邦金,606,6,600,統一,2023-03-06,5850
2882,國泰金,603,15,588,統一,2023-03-06,5850
00861,元大全球未來通訊,500,0,500,統一,2023-03-06,5850
00636,國泰中國A50,500,10,490,統一,2023-03-06,5850
1402,遠東新,446,3,443,統一,2023-03-06,5850
6282,康舒,712,334,378,統一,2023-03-06,5850
4976,佳凌,363,4,359,統一,2023-03-06,5850
6505,台塑化,332,0,332,統一,2023-03-06,5850
5258,虹堡,386,107,279,統一,2023-03-06,5850
1304,台聚,278,2,276,統一,2023-03-06,5850
6443,元晶,292,18,274,統一,2023-03-06,5850
3591,艾笛森,381,111,270,統一,2023-03-06,5850
3034,聯詠,299,33,266,統一,2023-03-06,5850
3624,光頡,302,37,265,統一,2023-03-06,5850
2330,台積電,367,113,254,統一,2023-03-06,5850
3443,創意,283,37,246,統一,2023-03-06,5850
2308,台達電,229,3,226,統一,2023-03-06,5850
2002,中鋼,227,3,224,統一,2023-03-06,5850
1609,大亞,389,179,210,統一,2023-03-06,5850
1210,大成,212,12,200,統一,2023-03-06,5850
2603,長榮,442,244,198,統一,2023-03-06,5850
1907,永豐餘,200,5,195,統一,2023-03-06,5850
1519,華城,241,48,193,統一,2023-03-06,5850
6770,力積電,445,252,193,統一,2023-03-06,5850
2454,聯發科,251,65,186,統一,2023-03-06,5850
3406,玉晶光,205,19,186,統一,2023-03-06,5850
4919,新唐,362,181,181,統一,2023-03-06,5850
8255,朋程,208,54,154,統一,2023-03-06,5850
1476,儒鴻,150,0,150,統一,2023-03-06,5850
6113,亞矽,147,2,145,統一,2023-03-06,5850
6285,啟��,162,21,141,統一,2023-03-06,5850
3017,奇鋐,136,0,136,統一,2023-03-06,5850
6531,愛普*,145,14,131,統一,2023-03-06,5850
00882,中信中國高股息,3403,3,3400,統一,2023-03-07,5850
1605,華新,3041,473,2568,統一,2023-03-07,5850
3093,港建*,1555,24,1531,統一,2023-03-07,5850
1504,東元,1825,452,1373,統一,2023-03-07,5850
1609,大亞,2123,832,1291,統一,2023-03-07,5850
00715L,期街口布蘭特正2,1560,305,1255,統一,2023-03-07,5850
5009,榮剛,1482,346,1136,統一,2023-03-07,5850
00639,富邦深100,1130,131,999,統一,2023-03-07,5850
2457,飛宏,949,237,712,統一,2023-03-07,5850
3046,建��,603,10,593,統一,2023-03-07,5850
2301,光寶科,1218,654,564,統一,2023-03-07,5850
3591,艾笛森,523,40,483,統一,2023-03-07,5850
2408,南亞科,511,64,447,統一,2023-03-07,5850
2441,超豐,402,0,402,統一,2023-03-07,5850
2317,鴻海,570,184,386,統一,2023-03-07,5850
4164,承業醫,392,34,358,統一,2023-03-07,5850
2603,長榮,446,126,320,統一,2023-03-07,5850
3044,健鼎,300,0,300,統一,2023-03-07,5850
00633L,富邦上証正2,300,0,300,統一,2023-03-07,5850
6282,康舒,345,59,286,統一,2023-03-07,5850
3552,同致,292,27,265,統一,2023-03-07,5850
4958,臻鼎-KY,272,23,249,統一,2023-03-07,5850
1477,聚陽,355,112,243,統一,2023-03-07,5850
2375,凱美,243,5,238,統一,2023-03-07,5850
6116,彩晶,368,138,230,統一,2023-03-07,5850
020031,統一IC設計臺灣N,282,58,224,統一,2023-03-07,5850
1216,統一,254,50,204,統一,2023-03-07,5850
1519,華城,383,184,199,統一,2023-03-07,5850
2610,華航,235,40,195,統一,2023-03-07,5850
00679B,元大美債20年,203,10,193,統一,2023-03-07,5850
8112,至上,200,7,193,統一,2023-03-07,5850
00876,元大全球5G,187,0,187,統一,2023-03-07,5850
5464,霖宏,220,45,175,統一,2023-03-07,5850
5864,致和證,151,0,151,統一,2023-03-07,5850
00885,富邦越南,156,9,147,統一,2023-03-07,5850
8931,大汽電,146,0,146,統一,2023-03-07,5850
00636,國泰中國A50,152,10,142,統一,2023-03-07,5850
2308,台達電,154,21,133,統一,2023-03-07,5850
00712,復華富時不動產,189,60,129,統一,2023-03-07,5850
3702,大聯大,129,2,127,統一,2023-03-07,5850
6472,保瑞,139,15,124,統一,2023-03-07,5850
1304,台聚,121,0,121,統一,2023-03-07,5850
2338,光罩,129,14,115,統一,2023-03-07,5850
4919,新唐,185,78,107,統一,2023-03-07,5850
2049,上銀,161,59,102,統一,2023-03-07,5850
5203,訊連,110,13,97,統一,2023-03-07,5850
3712,永崴投控,95,0,95,統一,2023-03-07,5850
6732,昇佳電子,106,15,91,統一,2023-03-07,5850
2371,大同,148,57,91,統一,2023-03-07,5850
3624,光頡,167,78,89,統一,2023-03-07,5850
3046,建��,4032,660,3372,統一,2023-03-08,5850
3624,光頡,3144,170,2974,統一,2023-03-08,5850
00923,群益台ESG低碳50,2645,419,2226,統一,2023-03-08,5850
2892,第一金,1750,0,1750,統一,2023-03-08,5850
2301,光寶科,1580,14,1566,統一,2023-03-08,5850
8046,南電,1057,41,1016,統一,2023-03-08,5850
6770,力積電,987,218,769,統一,2023-03-08,5850
00662,富邦NASDAQ,700,0,700,統一,2023-03-08,5850
3289,宜特,796,145,651,統一,2023-03-08,5850
006205,富邦上証,530,0,530,統一,2023-03-08,5850
5285,界霖,1644,1151,493,統一,2023-03-08,5850
4904,遠傳,501,17,484,統一,2023-03-08,5850
4164,承業醫,506,28,478,統一,2023-03-08,5850
4958,臻鼎-KY,474,11,463,統一,2023-03-08,5850
2330,台積電,503,47,456,統一,2023-03-08,5850
1402,遠東新,433,0,433,統一,2023-03-08,5850
6443,元晶,809,385,424,統一,2023-03-08,5850
1504,東元,2119,1722,397,統一,2023-03-08,5850
5425,台半,601,242,359,統一,2023-03-08,5850
2633,台灣高鐵,384,28,356,統一,2023-03-08,5850
2303,聯電,622,313,309,統一,2023-03-08,5850
2408,南亞科,319,14,305,統一,2023-03-08,5850
6841,長佳智能,280,0,280,統一,2023-03-08,5850
2027,大成鋼,283,8,275,統一,2023-03-08,5850
00853B,統一美債10年Aa-,472,205,267,統一,2023-03-08,5850
1760,寶齡富錦,288,33,255,統一,2023-03-08,5850
2441,超豐,250,2,248,統一,2023-03-08,5850
2472,立隆電,253,10,243,統一,2023-03-08,5850
3290,東浦,368,129,239,統一,2023-03-08,5850
1519,華城,520,295,225,統一,2023-03-08,5850
4746,台耀,244,20,224,統一,2023-03-08,5850
7402,邑錡,226,23,203,統一,2023-03-08,5850
2634,漢翔,910,712,198,統一,2023-03-08,5850
5340,建榮,196,2,194,統一,2023-03-08,5850
1524,耿鼎,200,17,183,統一,2023-03-08,5850
6147,頎邦,181,1,180,統一,2023-03-08,5850
2231,為升,211,40,171,統一,2023-03-08,5850
3037,欣興,176,28,148,統一,2023-03-08,5850
2351,順德,179,33,146,統一,2023-03-08,5850
3081,聯亞,153,17,136,統一,2023-03-08,5850
9939,宏全,140,4,136,統一,2023-03-08,5850
2375,凱美,153,17,136,統一,2023-03-08,5850
5353,台林,150,18,132,統一,2023-03-08,5850
00673R,期元大S＆P原油反1,145,16,129,統一,2023-03-08,5850
6146,耕興,132,10,122,統一,2023-03-08,5850
2243,宏旭-KY,167,47,120,統一,2023-03-08,5850
6129,普誠,181,65,116,統一,2023-03-08,5850
00637L,元大滬深300正2,357,243,114,統一,2023-03-08,5850
00636,國泰中國A50,105,0,105,統一,2023-03-08,5850
4543,萬在,103,0,103,統一,2023-03-08,5850
3712,永崴投控,4773,4,4769,統一,2023-03-09,5850
2610,華航,3118,1065,2053,統一,2023-03-09,5850
2603,長榮,1598,48,1550,統一,2023-03-09,5850
2482,連宇,2931,1716,1215,統一,2023-03-09,5850
2317,鴻海,1234,26,1208,統一,2023-03-09,5850
2457,飛宏,1851,863,988,統一,2023-03-09,5850
2303,聯電,880,87,793,統一,2023-03-09,5850
3624,光頡,4585,3870,715,統一,2023-03-09,5850
3217,優群,1007,302,705,統一,2023-03-09,5850
6274,台燿,686,76,610,統一,2023-03-09,5850
1605,華新,711,147,564,統一,2023-03-09,5850
00713,元大台灣高息低波,515,0,515,統一,2023-03-09,5850
00882,中信中國高股息,503,1,502,統一,2023-03-09,5850
5321,美而快,503,25,478,統一,2023-03-09,5850
2449,京元電子,529,122,407,統一,2023-03-09,5850
4958,臻鼎-KY,401,1,400,統一,2023-03-09,5850
8069,元太,380,62,318,統一,2023-03-09,5850
6505,台塑化,304,0,304,統一,2023-03-09,5850
2633,台灣高鐵,311,21,290,統一,2023-03-09,5850
1216,統一,285,10,275,統一,2023-03-09,5850
00636,國泰中國A50,272,0,272,統一,2023-03-09,5850
2441,超豐,250,0,250,統一,2023-03-09,5850
2617,台航,269,25,244,統一,2023-03-09,5850
6684,安格,243,0,243,統一,2023-03-09,5850
00752,中信中國50,231,0,231,統一,2023-03-09,5850
3701,大眾控,218,5,213,統一,2023-03-09,5850
00876,元大全球5G,207,0,207,統一,2023-03-09,5850
1210,大成,198,0,198,統一,2023-03-09,5850
2383,台光電,205,10,195,統一,2023-03-09,5850
1503,士電,199,5,194,統一,2023-03-09,5850
1402,遠東新,250,63,187,統一,2023-03-09,5850
00853B,統一美債10年Aa-,400,214,186,統一,2023-03-09,5850
1215,卜蜂,184,9,175,統一,2023-03-09,5850
00673R,期元大S＆P原油反1,220,47,173,統一,2023-03-09,5850
8234,新漢,192,20,172,統一,2023-03-09,5850
5269,祥碩,232,68,164,統一,2023-03-09,5850
3035,智原,571,411,160,統一,2023-03-09,5850
9933,中鼎,159,0,159,統一,2023-03-09,5850
6547,高端疫苗,167,12,155,統一,2023-03-09,5850
1440,南紡,149,0,149,統一,2023-03-09,5850
2498,宏達電,294,145,149,統一,2023-03-09,5850
9941,裕融,150,3,147,統一,2023-03-09,5850
6782,視陽,145,5,140,統一,2023-03-09,5850
4903,聯光通,145,7,138,統一,2023-03-09,5850
00715L,期街口布蘭特正2,134,0,134,統一,2023-03-09,5850
8155,博智,145,13,132,統一,2023-03-09,5850
1616,億泰,131,0,131,統一,2023-03-09,5850
1609,大亞,647,517,130,統一,2023-03-09,5850
2385,群光,168,37,131,統一,2023-03-09,5850
6531,愛普*,263,140,123,統一,2023-03-09,5850
00632R,元大台灣50反1,9123,2464,6659,統一,2023-03-10,5850
00882,中信中國高股息,1510,0,1510,統一,2023-03-10,5850
00673R,期元大S＆P原油反1,972,112,860,統一,2023-03-10,5850
2618,長榮航,1277,418,859,統一,2023-03-10,5850
2103,台橡,821,4,817,統一,2023-03-10,5850
2402,毅嘉,749,50,699,統一,2023-03-10,5850
2603,長榮,1900,1253,647,統一,2023-03-10,5850
1319,東陽,505,4,501,統一,2023-03-10,5850
2303,聯電,790,342,448,統一,2023-03-10,5850
00713,元大台灣高息低波,526,114,412,統一,2023-03-10,5850
2441,超豐,400,0,400,統一,2023-03-10,5850
2471,資通,417,18,399,統一,2023-03-10,5850
2388,威盛,1021,630,391,統一,2023-03-10,5850
8358,金居,389,18,371,統一,2023-03-10,5850
3591,艾笛森,402,32,370,統一,2023-03-10,5850
2867,三商壽,332,0,332,統一,2023-03-10,5850
2472,立隆電,345,46,299,統一,2023-03-10,5850
8028,昇陽半導體,275,0,275,統一,2023-03-10,5850
3711,日月光投控,349,76,273,統一,2023-03-10,5850
00662,富邦NASDAQ,250,0,250,統一,2023-03-10,5850
3362,先進光,328,84,244,統一,2023-03-10,5850
00636,國泰中國A50,230,0,230,統一,2023-03-10,5850
3665,貿聯-KY,223,12,211,統一,2023-03-10,5850
5871,中租-KY,213,2,211,統一,2023-03-10,5850
1216,統一,206,9,197,統一,2023-03-10,5850
00876,元大全球5G,192,0,192,統一,2023-03-10,5850
1227,佳格,182,0,182,統一,2023-03-10,5850
2641,正德,253,101,152,統一,2023-03-10,5850
3044,健鼎,174,25,149,統一,2023-03-10,5850
2453,凌群,454,308,146,統一,2023-03-10,5850
1514,亞力,203,65,138,統一,2023-03-10,5850
2427,三商電,137,1,136,統一,2023-03-10,5850
6719,力智,350,218,132,統一,2023-03-10,5850
2243,宏旭-KY,123,0,123,統一,2023-03-10,5850
3207,耀勝,224,102,122,統一,2023-03-10,5850
4164,承業醫,118,5,113,統一,2023-03-10,5850
2308,台達電,183,72,111,統一,2023-03-10,5850
3231,緯創,123,17,106,統一,2023-03-10,5850
6276,安鈦克,104,0,104,統一,2023-03-10,5850
1609,大亞,218,117,101,統一,2023-03-10,5850
00753L,中信中國50正2,86,0,86,統一,2023-03-10,5850
3022,威強電,166,83,83,統一,2023-03-10,5850
1301,台塑,79,1,78,統一,2023-03-10,5850
8234,新漢,76,0,76,統一,2023-03-10,5850
6417,韋僑,78,6,72,統一,2023-03-10,5850
2851,中再保,68,0,68,統一,2023-03-10,5850
6732,昇佳電子,68,3,65,統一,2023-03-10,5850
5289,宜鼎,119,54,65,統一,2023-03-10,5850
6505,台塑化,66,1,65,統一,2023-03-10,5850
2014,中鴻,65,2,63,統一,2023-03-10,5850
00632R,元大台灣50反1,18807,2650,16157,統一,2023-03-13,5850
00900,富邦特選高股息30,2501,4,2497,統一,2023-03-13,5850
00893,國泰智能電動車,2508,19,2489,統一,2023-03-13,5850
00882,中信中國高股息,1840,15,1825,統一,2023-03-13,5850
2382,廣達,1044,40,1004,統一,2023-03-13,5850
6163,華電網,786,4,782,統一,2023-03-13,5850
2889,國票金,600,0,600,統一,2023-03-13,5850
2427,三商電,697,138,559,統一,2023-03-13,5850
3712,永崴投控,1437,1011,426,統一,2023-03-13,5850
020030,統一智慧電動車N,462,51,411,統一,2023-03-13,5850
2603,長榮,1250,875,375,統一,2023-03-13,5850
2495,普安,390,40,350,統一,2023-03-13,5850
9941,裕融,303,0,303,統一,2023-03-13,5850
4958,臻鼎-KY,302,1,301,統一,2023-03-13,5850
2301,光寶科,377,94,283,統一,2023-03-13,5850
2027,大成鋼,341,81,260,統一,2023-03-13,5850
00712,復華富時不動產,352,111,241,統一,2023-03-13,5850
2103,台橡,230,0,230,統一,2023-03-13,5850
2206,三陽工業,215,2,213,統一,2023-03-13,5850
3494,誠研,210,1,209,統一,2023-03-13,5850
2002,中鋼,299,98,201,統一,2023-03-13,5850
1216,統一,200,0,200,統一,2023-03-13,5850
2385,群光,192,2,190,統一,2023-03-13,5850
1227,佳格,180,0,180,統一,2023-03-13,5850
3443,創意,231,62,169,統一,2023-03-13,5850
0050,元大台灣50,163,3,160,統一,2023-03-13,5850
1451,年興,150,0,150,統一,2023-03-13,5850
5871,中租-KY,153,4,149,統一,2023-03-13,5850
8499,鼎炫-KY,140,0,140,統一,2023-03-13,5850
5425,台半,231,94,137,統一,2023-03-13,5850
8420,明揚,129,0,129,統一,2023-03-13,5850
2201,裕隆,294,167,127,統一,2023-03-13,5850
2471,資通,151,24,127,統一,2023-03-13,5850
8028,昇陽半導體,124,3,121,統一,2023-03-13,5850
3362,先進光,298,178,120,統一,2023-03-13,5850
9939,宏全,120,4,116,統一,2023-03-13,5850
2368,金像電,117,3,114,統一,2023-03-13,5850
6122,擎邦,118,5,113,統一,2023-03-13,5850
1605,華新,614,502,112,統一,2023-03-13,5850
6874,倍力,128,19,109,統一,2023-03-13,5850
2812,台中銀,103,0,103,統一,2023-03-13,5850
1722,台肥,100,0,100,統一,2023-03-13,5850
3045,台灣大,128,28,100,統一,2023-03-13,5850
2243,宏旭-KY,146,52,94,統一,2023-03-13,5850
4550,長佳,94,2,92,統一,2023-03-13,5850
3029,零壹,134,43,91,統一,2023-03-13,5850
8049,晶采,91,1,90,統一,2023-03-13,5850
2340,台亞,84,0,84,統一,2023-03-13,5850
2211,長榮鋼,94,12,82,統一,2023-03-13,5850
2851,中再保,80,0,80,統一,2023-03-13,5850
00632R,元大台灣50反1,8914,1197,7717,統一,2023-03-14,5850
00882,中信中國高股息,2039,3,2036,統一,2023-03-14,5850
2889,國票金,1713,24,1689,統一,2023-03-14,5850
3712,永崴投控,1314,289,1025,統一,2023-03-14,5850
5347,世界,1005,29,976,統一,2023-03-14,5850
00662,富邦NASDAQ,850,0,850,統一,2023-03-14,5850
3162,精確,692,116,576,統一,2023-03-14,5850
1609,大亞,711,147,564,統一,2023-03-14,5850
00830,國泰費城半導體,561,0,561,統一,2023-03-14,5850
2603,長榮,1017,489,528,統一,2023-03-14,5850
3481,群創,1501,1018,483,統一,2023-03-14,5850
4958,臻鼎-KY,500,28,472,統一,2023-03-14,5850
2457,飛宏,621,278,343,統一,2023-03-14,5850
3231,緯創,314,6,308,統一,2023-03-14,5850
5009,榮剛,416,144,272,統一,2023-03-14,5850
00712,復華富時不動產,267,0,267,統一,2023-03-14,5850
2388,威盛,341,97,244,統一,2023-03-14,5850
2472,立隆電,228,6,222,統一,2023-03-14,5850
2801,彰銀,201,11,190,統一,2023-03-14,5850
2609,陽明,478,309,169,統一,2023-03-14,5850
8069,元太,394,227,167,統一,2023-03-14,5850
2634,漢翔,230,73,157,統一,2023-03-14,5850
00725B,國泰投資級公司債,656,499,157,統一,2023-03-14,5850
1216,統一,309,156,153,統一,2023-03-14,5850
6443,元晶,295,142,153,統一,2023-03-14,5850
2103,台橡,145,2,143,統一,2023-03-14,5850
020031,統一IC設計臺灣N,225,89,136,統一,2023-03-14,5850
4919,新唐,210,74,136,統一,2023-03-14,5850
8499,鼎炫-KY,119,1,118,統一,2023-03-14,5850
5450,南良,112,1,111,統一,2023-03-14,5850
3432,台端,107,0,107,統一,2023-03-14,5850
1584,精剛,180,78,102,統一,2023-03-14,5850
00642U,期元大S＆P石油,102,0,102,統一,2023-03-14,5850
00665L,富邦�琤肭磪囓�2,201,101,100,統一,2023-03-14,5850
2471,資通,117,21,96,統一,2023-03-14,5850
4989,榮科,91,0,91,統一,2023-03-14,5850
2230,泰茂,95,8,87,統一,2023-03-14,5850
3264,欣銓,97,10,87,統一,2023-03-14,5850
6477,安集,100,20,80,統一,2023-03-14,5850
3533,嘉澤,73,1,72,統一,2023-03-14,5850
2308,台達電,79,11,68,統一,2023-03-14,5850
3260,威剛,81,13,68,統一,2023-03-14,5850
6243,迅杰,68,3,65,統一,2023-03-14,5850
9934,成霖,65,0,65,統一,2023-03-14,5850
2382,廣達,143,82,61,統一,2023-03-14,5850
2331,精英,115,54,61,統一,2023-03-14,5850
3483,力致,60,0,60,統一,2023-03-14,5850
2637,慧洋-KY,78,23,55,統一,2023-03-14,5850
00893,國泰智能電動車,66,10,56,統一,2023-03-14,5850
6791,虎門科技,54,0,54,統一,2023-03-14,5850
4960,誠美材,5436,0,5436,統一,2023-03-15,5850
00893,國泰智能電動車,2550,12,2538,統一,2023-03-15,5850
00900,富邦特選高股息30,1500,262,1238,統一,2023-03-15,5850
6182,合晶,1051,71,980,統一,2023-03-15,5850
2344,華邦電,1091,116,975,統一,2023-03-15,5850
2606,裕民,1009,83,926,統一,2023-03-15,5850
2610,華航,939,25,914,統一,2023-03-15,5850
2867,三商壽,906,60,846,統一,2023-03-15,5850
2324,仁寶,893,180,713,統一,2023-03-15,5850
2605,新興,711,37,674,統一,2023-03-15,5850
3027,盛達,737,137,600,統一,2023-03-15,5850
2889,國票金,566,0,566,統一,2023-03-15,5850
6116,彩晶,413,16,397,統一,2023-03-15,5850
4934,太極,405,20,385,統一,2023-03-15,5850
6417,韋僑,392,27,365,統一,2023-03-15,5850
2498,宏達電,684,346,338,統一,2023-03-15,5850
1802,台玻,321,21,300,統一,2023-03-15,5850
2645,長榮航太,301,22,279,統一,2023-03-15,5850
2337,旺宏,310,57,253,統一,2023-03-15,5850
2379,瑞昱,283,30,253,統一,2023-03-15,5850
3035,智原,390,144,246,統一,2023-03-15,5850
3406,玉晶光,301,55,246,統一,2023-03-15,5850
00712,復華富時不動產,229,0,229,統一,2023-03-15,5850
3189,景碩,261,39,222,統一,2023-03-15,5850
1609,大亞,826,604,222,統一,2023-03-15,5850
2609,陽明,899,680,219,統一,2023-03-15,5850
3231,緯創,511,307,204,統一,2023-03-15,5850
3005,神基,202,4,198,統一,2023-03-15,5850
1316,上曜,215,18,197,統一,2023-03-15,5850
2383,台光電,212,16,196,統一,2023-03-15,5850
5009,榮剛,402,209,193,統一,2023-03-15,5850
8299,群聯,181,5,176,統一,2023-03-15,5850
020031,統一IC設計臺灣N,236,64,172,統一,2023-03-15,5850
6235,華孚,213,45,168,統一,2023-03-15,5850
4164,承業醫,166,6,160,統一,2023-03-15,5850
2615,萬海,379,223,156,統一,2023-03-15,5850
1440,南紡,155,0,155,統一,2023-03-15,5850
6799,來頡,292,151,141,統一,2023-03-15,5850
6244,茂迪,182,49,133,統一,2023-03-15,5850
3680,家登,150,21,129,統一,2023-03-15,5850
2890,永豐金,233,107,126,統一,2023-03-15,5850
2103,台橡,125,0,125,統一,2023-03-15,5850
2888,新光金,131,10,121,統一,2023-03-15,5850
2455,全新,149,34,115,統一,2023-03-15,5850
3545,敦泰,117,5,112,統一,2023-03-15,5850
2243,宏旭-KY,113,3,110,統一,2023-03-15,5850
6477,安集,110,4,106,統一,2023-03-15,5850
1611,中電,202,101,101,統一,2023-03-15,5850
6104,創惟,111,15,96,統一,2023-03-15,5850
2388,威盛,278,187,91,統一,2023-03-15,5850
4960,誠美材,3809,40,3769,統一,2023-03-16,5850
9945,潤泰新,2250,685,1565,統一,2023-03-16,5850
1714,和桐,1074,0,1074,統一,2023-03-16,5850
020025,統一亞洲半導體N,954,0,954,統一,2023-03-16,5850
020031,統一IC設計臺灣N,709,4,705,統一,2023-03-16,5850
2637,慧洋-KY,803,211,592,統一,2023-03-16,5850
3035,智原,848,271,577,統一,2023-03-16,5850
00882,中信中國高股息,509,0,509,統一,2023-03-16,5850
020030,統一智慧電動車N,485,62,423,統一,2023-03-16,5850
6417,韋僑,430,20,410,統一,2023-03-16,5850
2103,台橡,394,0,394,統一,2023-03-16,5850
2645,長榮航太,306,9,297,統一,2023-03-16,5850
5009,榮剛,579,294,285,統一,2023-03-16,5850
00772B,中信高評級公司債,265,10,255,統一,2023-03-16,5850
1504,東元,516,261,255,統一,2023-03-16,5850
00680L,元大美債20正2,246,15,231,統一,2023-03-16,5850
3290,東浦,225,1,224,統一,2023-03-16,5850
00696B,富邦美債20年,663,471,192,統一,2023-03-16,5850
2027,大成鋼,458,295,163,統一,2023-03-16,5850
1312,國喬,151,0,151,統一,2023-03-16,5850
1722,台肥,151,2,149,統一,2023-03-16,5850
8499,鼎炫-KY,149,0,149,統一,2023-03-16,5850
3591,艾笛森,140,3,137,統一,2023-03-16,5850
00650L,復華香港正2,139,3,136,統一,2023-03-16,5850
00752,中信中國50,135,0,135,統一,2023-03-16,5850
2851,中再保,130,0,130,統一,2023-03-16,5850
00712,復華富時不動產,130,0,130,統一,2023-03-16,5850
2888B,新光金乙特,126,0,126,統一,2023-03-16,5850
1308,亞聚,125,0,125,統一,2023-03-16,5850
1528,恩德,120,2,118,統一,2023-03-16,5850
2915,潤泰全,198,82,116,統一,2023-03-16,5850
2030,彰源,110,0,110,統一,2023-03-16,5850
3088,艾訊,115,13,102,統一,2023-03-16,5850
2731,雄獅,116,15,101,統一,2023-03-16,5850
8478,東哥遊艇,123,23,100,統一,2023-03-16,5850
2504,國產,102,4,98,統一,2023-03-16,5850
5483,中美晶,109,12,97,統一,2023-03-16,5850
1584,精剛,142,46,96,統一,2023-03-16,5850
3481,群創,592,501,91,統一,2023-03-16,5850
3712,永崴投控,84,0,84,統一,2023-03-16,5850
2006,東和鋼鐵,87,7,80,統一,2023-03-16,5850
4958,臻鼎-KY,84,4,80,統一,2023-03-16,5850
2809,京城銀,97,20,77,統一,2023-03-16,5850
2330,台積電,128,53,75,統一,2023-03-16,5850
9938,百和,85,10,75,統一,2023-03-16,5850
2538,基泰,72,0,72,統一,2023-03-16,5850
4306,炎洲,71,0,71,統一,2023-03-16,5850
1605,華新,213,144,69,統一,2023-03-16,5850
8069,元太,234,170,64,統一,2023-03-16,5850
2409,友達,199,136,63,統一,2023-03-16,5850
4960,誠美材,3127,0,3127,統一,2023-03-17,5850
3481,群創,1805,758,1047,統一,2023-03-17,5850
3217,優群,2255,1272,983,統一,2023-03-17,5850
00902,中信電池及儲能,619,0,619,統一,2023-03-17,5850
1714,和桐,520,0,520,統一,2023-03-17,5850
00861,元大全球未來通訊,501,1,500,統一,2023-03-17,5850
2890,永豐金,570,82,488,統一,2023-03-17,5850
2645,長榮航太,448,16,432,統一,2023-03-17,5850
2891,中信金,452,40,412,統一,2023-03-17,5850
2731,雄獅,548,148,400,統一,2023-03-17,5850
020031,統一IC設計臺灣N,496,104,392,統一,2023-03-17,5850
3017,奇鋐,384,10,374,統一,2023-03-17,5850
006205,富邦上証,390,30,360,統一,2023-03-17,5850
2409,友達,527,207,320,統一,2023-03-17,5850
2528,皇普,300,0,300,統一,2023-03-17,5850
00643,群益深証中小,290,0,290,統一,2023-03-17,5850
3088,艾訊,298,11,287,統一,2023-03-17,5850
2408,南亞科,282,25,257,統一,2023-03-17,5850
3624,光頡,530,282,248,統一,2023-03-17,5850
6235,華孚,338,91,247,統一,2023-03-17,5850
2748,雲品,263,22,241,統一,2023-03-17,5850
2888,新光金,232,1,231,統一,2023-03-17,5850
1402,遠東新,288,60,228,統一,2023-03-17,5850
2633,台灣高鐵,225,2,223,統一,2023-03-17,5850
2727,王品,233,19,214,統一,2023-03-17,5850
2542,興富發,202,0,202,統一,2023-03-17,5850
2606,裕民,198,10,188,統一,2023-03-17,5850
4967,十銓,308,128,180,統一,2023-03-17,5850
2330,台積電,199,25,174,統一,2023-03-17,5850
3680,家登,206,34,172,統一,2023-03-17,5850
3209,全科,176,9,167,統一,2023-03-17,5850
5608,四維航,188,24,164,統一,2023-03-17,5850
5289,宜鼎,199,38,161,統一,2023-03-17,5850
00680L,元大美債20正2,152,0,152,統一,2023-03-17,5850
2204,中華,151,2,149,統一,2023-03-17,5850
3443,創意,202,55,147,統一,2023-03-17,5850
3290,東浦,425,278,147,統一,2023-03-17,5850
6274,台燿,175,32,143,統一,2023-03-17,5850
6788,華景電,153,19,134,統一,2023-03-17,5850
4916,事欣科,140,7,133,統一,2023-03-17,5850
1305,華夏,244,113,131,統一,2023-03-17,5850
1102,亞泥,129,1,128,統一,2023-03-17,5850
5425,台半,222,97,125,統一,2023-03-17,5850
2103,台橡,124,0,124,統一,2023-03-17,5850
1432,大魯閣,116,1,115,統一,2023-03-17,5850
1216,統一,119,4,115,統一,2023-03-17,5850
2313,華通,115,0,115,統一,2023-03-17,5850
3591,艾笛森,97,0,97,統一,2023-03-17,5850
2455,全新,334,240,94,統一,2023-03-17,5850
6146,耕興,100,7,93,統一,2023-03-17,5850
2303,聯電,3108,455,2653,統一,2023-03-20,5850
00900,富邦特選高股息30,2000,0,2000,統一,2023-03-20,5850
4960,誠美材,1606,0,1606,統一,2023-03-20,5850
2867,三商壽,4161,2832,1329,統一,2023-03-20,5850
2382,廣達,1047,22,1025,統一,2023-03-20,5850
2388,威盛,1058,60,998,統一,2023-03-20,5850
1301,台塑,1000,8,992,統一,2023-03-20,5850
5211,蒙恬,874,1,873,統一,2023-03-20,5850
00643,群益深証中小,850,0,850,統一,2023-03-20,5850
6182,合晶,850,24,826,統一,2023-03-20,5850
00752,中信中國50,803,0,803,統一,2023-03-20,5850
1513,中興電,949,185,764,統一,2023-03-20,5850
00636,國泰中國A50,700,10,690,統一,2023-03-20,5850
00662,富邦NASDAQ,501,0,501,統一,2023-03-20,5850
3231,緯創,676,227,449,統一,2023-03-20,5850
1477,聚陽,454,17,437,統一,2023-03-20,5850
006206,元大上證50,400,0,400,統一,2023-03-20,5850
6531,愛普*,479,158,321,統一,2023-03-20,5850
3680,家登,349,37,312,統一,2023-03-20,5850
2890,永豐金,420,118,302,統一,2023-03-20,5850
2727,王品,301,14,287,統一,2023-03-20,5850
3290,東浦,496,216,280,統一,2023-03-20,5850
6417,韋僑,277,13,264,統一,2023-03-20,5850
2610,華航,315,54,261,統一,2023-03-20,5850
2882,國泰金,297,38,259,統一,2023-03-20,5850
8016,矽創,246,14,232,統一,2023-03-20,5850
6148,驊宏資,230,0,230,統一,2023-03-20,5850
1402,遠東新,306,86,220,統一,2023-03-20,5850
4919,新唐,237,30,207,統一,2023-03-20,5850
2883,凱基金,298,98,200,統一,2023-03-20,5850
2204,中華,200,0,200,統一,2023-03-20,5850
3665,貿聯-KY,203,4,199,統一,2023-03-20,5850
3592,瑞鼎,206,9,197,統一,2023-03-20,5850
2324,仁寶,363,166,197,統一,2023-03-20,5850
3058,立德,192,0,192,統一,2023-03-20,5850
5425,台半,232,44,188,統一,2023-03-20,5850
3545,敦泰,205,22,183,統一,2023-03-20,5850
1714,和桐,179,0,179,統一,2023-03-20,5850
2406,國碩,356,178,178,統一,2023-03-20,5850
00637L,元大滬深300正2,243,71,172,統一,2023-03-20,5850
1519,華城,270,101,169,統一,2023-03-20,5850
0050,元大台灣50,141,1,140,統一,2023-03-20,5850
8069,元太,148,9,139,統一,2023-03-20,5850
4967,十銓,438,299,139,統一,2023-03-20,5850
4934,太極,166,29,137,統一,2023-03-20,5850
8227,巨有科技,135,1,134,統一,2023-03-20,5850
1529,樂事綠能,232,104,128,統一,2023-03-20,5850
3441,聯一光,133,15,118,統一,2023-03-20,5850
6274,台燿,171,55,116,統一,2023-03-20,5850
00753L,中信中國50正2,126,15,111,統一,2023-03-20,5850
2402,毅嘉,5619,203,5416,統一,2023-03-21,5850
2002,中鋼,3214,215,2999,統一,2023-03-21,5850
4157,太景*-KY,1413,71,1342,統一,2023-03-21,5850
2867,三商壽,1361,38,1323,統一,2023-03-21,5850
3481,群創,1222,95,1127,統一,2023-03-21,5850
00882,中信中國高股息,1106,0,1106,統一,2023-03-21,5850
1301,台塑,1000,0,1000,統一,2023-03-21,5850
6235,華孚,1008,87,921,統一,2023-03-21,5850
3231,緯創,1068,232,836,統一,2023-03-21,5850
00752,中信中國50,800,0,800,統一,2023-03-21,5850
2606,裕民,758,167,591,統一,2023-03-21,5850
5608,四維航,582,2,580,統一,2023-03-21,5850
2344,華邦電,587,16,571,統一,2023-03-21,5850
00893,國泰智能電動車,501,7,494,統一,2023-03-21,5850
1503,士電,465,2,463,統一,2023-03-21,5850
2204,中華,631,231,400,統一,2023-03-21,5850
1402,遠東新,411,12,399,統一,2023-03-21,5850
1513,中興電,1677,1304,373,統一,2023-03-21,5850
1504,東元,506,159,347,統一,2023-03-21,5850
4960,誠美材,410,80,330,統一,2023-03-21,5850
4155,訊映,312,0,312,統一,2023-03-21,5850
6182,合晶,368,57,311,統一,2023-03-21,5850
6223,旺矽,405,117,288,統一,2023-03-21,5850
00876,元大全球5G,270,0,270,統一,2023-03-21,5850
3624,光頡,302,39,263,統一,2023-03-21,5850
2603,長榮,306,52,254,統一,2023-03-21,5850
2408,南亞科,227,2,225,統一,2023-03-21,5850
3017,奇鋐,242,25,217,統一,2023-03-21,5850
2302,麗正,215,3,212,統一,2023-03-21,5850
2457,飛宏,680,469,211,統一,2023-03-21,5850
1714,和桐,210,0,210,統一,2023-03-21,5850
3290,東浦,573,369,204,統一,2023-03-21,5850
020030,統一智慧電動車N,213,11,202,統一,2023-03-21,5850
2441,超豐,200,0,200,統一,2023-03-21,5850
2368,金像電,210,15,195,統一,2023-03-21,5850
1605,華新,470,284,186,統一,2023-03-21,5850
2382,廣達,185,2,183,統一,2023-03-21,5850
6756,威鋒電子,234,55,179,統一,2023-03-21,5850
6776,展�眥篕�,194,23,171,統一,2023-03-21,5850
3013,晟銘電,168,3,165,統一,2023-03-21,5850
3029,零壹,367,202,165,統一,2023-03-21,5850
4967,十銓,211,49,162,統一,2023-03-21,5850
8069,元太,178,19,159,統一,2023-03-21,5850
8938,明安,165,10,155,統一,2023-03-21,5850
8478,東哥遊艇,200,48,152,統一,2023-03-21,5850
2801,彰銀,140,0,140,統一,2023-03-21,5850
3162,精確,504,366,138,統一,2023-03-21,5850
00680L,元大美債20正2,130,5,125,統一,2023-03-21,5850
00712,復華富時不動產,152,31,121,統一,2023-03-21,5850
1477,聚陽,138,23,115,統一,2023-03-21,5850
6143,振曜,2833,22,2811,統一,2023-03-22,5850
2368,金像電,1440,346,1094,統一,2023-03-22,5850
00893,國泰智能電動車,1000,15,985,統一,2023-03-22,5850
00882,中信中國高股息,1001,28,973,統一,2023-03-22,5850
2889,國票金,844,13,831,統一,2023-03-22,5850
00861,元大全球未來通訊,800,0,800,統一,2023-03-22,5850
00902,中信電池及儲能,653,4,649,統一,2023-03-22,5850
5425,台半,955,358,597,統一,2023-03-22,5850
6223,旺矽,761,223,538,統一,2023-03-22,5850
00679B,元大美債20年,576,71,505,統一,2023-03-22,5850
2382,廣達,380,10,370,統一,2023-03-22,5850
1714,和桐,358,0,358,統一,2023-03-22,5850
2204,中華,378,31,347,統一,2023-03-22,5850
3324,雙鴻,426,91,335,統一,2023-03-22,5850
3592,瑞鼎,380,54,326,統一,2023-03-22,5850
00673R,期元大S＆P原油反1,345,20,325,統一,2023-03-22,5850
1319,東陽,347,22,325,統一,2023-03-22,5850
4763,材料-KY,328,19,309,統一,2023-03-22,5850
3035,智原,343,47,296,統一,2023-03-22,5850
8028,昇陽半導體,283,18,265,統一,2023-03-22,5850
6176,瑞儀,250,0,250,統一,2023-03-22,5850
3017,奇鋐,610,365,245,統一,2023-03-22,5850
2408,南亞科,260,16,244,統一,2023-03-22,5850
6125,廣運,251,15,236,統一,2023-03-22,5850
2376,技嘉,278,60,218,統一,2023-03-22,5850
6669,緯穎,227,10,217,統一,2023-03-22,5850
6485,點序,221,5,216,統一,2023-03-22,5850
3037,欣興,403,189,214,統一,2023-03-22,5850
3189,景碩,235,27,208,統一,2023-03-22,5850
8155,博智,241,39,202,統一,2023-03-22,5850
2883,凱基金,198,0,198,統一,2023-03-22,5850
2548,華固,187,0,187,統一,2023-03-22,5850
8046,南電,292,116,176,統一,2023-03-22,5850
00712,復華富時不動產,190,15,175,統一,2023-03-22,5850
2603,長榮,257,83,174,統一,2023-03-22,5850
3479,安勤,303,132,171,統一,2023-03-22,5850
3260,威剛,204,33,171,統一,2023-03-22,5850
5474,聰泰,169,1,168,統一,2023-03-22,5850
4967,十銓,464,298,166,統一,2023-03-22,5850
5475,德宏,163,0,163,統一,2023-03-22,5850
1477,聚陽,179,16,163,統一,2023-03-22,5850
020030,統一智慧電動車N,163,0,163,統一,2023-03-22,5850
8176,智捷,155,0,155,統一,2023-03-22,5850
2637,慧洋-KY,215,72,143,統一,2023-03-22,5850
00757,統一FANG+,232,97,135,統一,2023-03-22,5850
020031,統一IC設計臺灣N,140,9,131,統一,2023-03-22,5850
2301,光寶科,134,4,130,統一,2023-03-22,5850
5289,宜鼎,142,13,129,統一,2023-03-22,5850
6288,聯嘉,370,251,119,統一,2023-03-22,5850
5484,慧友,118,0,118,統一,2023-03-22,5850
2889,國票金,8457,224,8233,統一,2023-03-23,5850
3231,緯創,3781,597,3184,統一,2023-03-23,5850
4960,誠美材,2325,0,2325,統一,2023-03-23,5850
00923,群益台ESG低碳50,1159,20,1139,統一,2023-03-23,5850
2356,英業達,1215,109,1106,統一,2023-03-23,5850
2382,廣達,1033,51,982,統一,2023-03-23,5850
2204,中華,671,20,651,統一,2023-03-23,5850
00752,中信中國50,625,1,624,統一,2023-03-23,5850
2360,致茂,541,3,538,統一,2023-03-23,5850
3694,海華,534,6,528,統一,2023-03-23,5850
4919,新唐,684,169,515,統一,2023-03-23,5850
3532,台勝科,550,37,513,統一,2023-03-23,5850
00662,富邦NASDAQ,500,0,500,統一,2023-03-23,5850
5347,世界,524,57,467,統一,2023-03-23,5850
5284,jpp-KY,453,0,453,統一,2023-03-23,5850
3035,智原,696,313,383,統一,2023-03-23,5850
4147,中裕,461,106,355,統一,2023-03-23,5850
2388,威盛,368,36,332,統一,2023-03-23,5850
6223,旺矽,495,174,321,統一,2023-03-23,5850
2351,順德,330,10,320,統一,2023-03-23,5850
5465,富驊,308,0,308,統一,2023-03-23,5850
00876,元大全球5G,300,0,300,統一,2023-03-23,5850
00861,元大全球未來通訊,300,0,300,統一,2023-03-23,5850
3037,欣興,658,367,291,統一,2023-03-23,5850
4763,材料-KY,314,43,271,統一,2023-03-23,5850
5608,四維航,269,6,263,統一,2023-03-23,5850
00636,國泰中國A50,260,0,260,統一,2023-03-23,5850
5222,全訊,249,6,243,統一,2023-03-23,5850
3092,鴻碩,240,3,237,統一,2023-03-23,5850
5309,系統電,220,0,220,統一,2023-03-23,5850
00673R,期元大S＆P原油反1,255,40,215,統一,2023-03-23,5850
6176,瑞儀,201,0,201,統一,2023-03-23,5850
020030,統一智慧電動車N,201,5,196,統一,2023-03-23,5850
6517,保勝光學,195,0,195,統一,2023-03-23,5850
2634,漢翔,256,64,192,統一,2023-03-23,5850
2385,群光,189,0,189,統一,2023-03-23,5850
5351,鈺創,222,33,189,統一,2023-03-23,5850
6531,愛普*,261,76,185,統一,2023-03-23,5850
2376,技嘉,189,7,182,統一,2023-03-23,5850
8028,昇陽半導體,191,14,177,統一,2023-03-23,5850
6651,全宇昕,179,3,176,統一,2023-03-23,5850
00712,復華富時不動產,171,1,170,統一,2023-03-23,5850
1605,華新,214,63,151,統一,2023-03-23,5850
1714,和桐,137,0,137,統一,2023-03-23,5850
1402,遠東新,135,5,130,統一,2023-03-23,5850
6109,亞元,122,10,112,統一,2023-03-23,5850
00708L,期元大S＆P黃金正2,100,0,100,統一,2023-03-23,5850
3685,元創精密,99,1,98,統一,2023-03-23,5850
6276,安鈦克,97,3,94,統一,2023-03-23,5850
1591,駿吉-KY,91,2,89,統一,2023-03-23,5850
2344,華邦電,2685,186,2499,統一,2023-03-24,5850
2634,漢翔,2217,174,2043,統一,2023-03-24,5850
00632R,元大台灣50反1,2394,635,1759,統一,2023-03-24,5850
00900,富邦特選高股息30,1504,34,1470,統一,2023-03-24,5850
00923,群益台ESG低碳50,1164,81,1083,統一,2023-03-24,5850
4147,中裕,1361,328,1033,統一,2023-03-24,5850
2301,光寶科,1008,22,986,統一,2023-03-24,5850
2317,鴻海,1273,297,976,統一,2023-03-24,5850
3035,智原,1265,366,899,統一,2023-03-24,5850
1102,亞泥,801,0,801,統一,2023-03-24,5850
1504,東元,1794,1133,661,統一,2023-03-24,5850
3714,富采,793,246,547,統一,2023-03-24,5850
2408,南亞科,679,138,541,統一,2023-03-24,5850
00662,富邦NASDAQ,501,1,500,統一,2023-03-24,5850
00882,中信中國高股息,463,12,451,統一,2023-03-24,5850
1609,大亞,824,394,430,統一,2023-03-24,5850
00878,國泰永續高股息,411,10,401,統一,2023-03-24,5850
00861,元大全球未來通訊,400,0,400,統一,2023-03-24,5850
6176,瑞儀,401,2,399,統一,2023-03-24,5850
3013,晟銘電,438,63,375,統一,2023-03-24,5850
2351,順德,474,152,322,統一,2023-03-24,5850
1714,和桐,315,0,315,統一,2023-03-24,5850
00876,元大全球5G,300,0,300,統一,2023-03-24,5850
3481,群創,360,68,292,統一,2023-03-24,5850
00639,富邦深100,410,140,270,統一,2023-03-24,5850
2915,潤泰全,289,20,269,統一,2023-03-24,5850
9939,宏全,300,31,269,統一,2023-03-24,5850
2324,仁寶,249,2,247,統一,2023-03-24,5850
3294,英濟,233,0,233,統一,2023-03-24,5850
3260,威剛,288,56,232,統一,2023-03-24,5850
3037,欣興,547,321,226,統一,2023-03-24,5850
3044,健鼎,260,51,209,統一,2023-03-24,5850
3290,東浦,259,58,201,統一,2023-03-24,5850
2461,光群雷,201,4,197,統一,2023-03-24,5850
00773B,中信優先金融債,594,400,194,統一,2023-03-24,5850
2231,為升,217,36,181,統一,2023-03-24,5850
3038,全台,165,1,164,統一,2023-03-24,5850
2338,光罩,156,6,150,統一,2023-03-24,5850
020030,統一智慧電動車N,149,13,136,統一,2023-03-24,5850
8155,博智,199,65,134,統一,2023-03-24,5850
8028,昇陽半導體,130,0,130,統一,2023-03-24,5850
1760,寶齡富錦,138,8,130,統一,2023-03-24,5850
5289,宜鼎,233,104,129,統一,2023-03-24,5850
6712,長聖,142,13,129,統一,2023-03-24,5850
2723,美食-KY,141,14,127,統一,2023-03-24,5850
6188,廣明,204,80,124,統一,2023-03-24,5850
6235,華孚,171,54,117,統一,2023-03-24,5850
3664,安瑞-KY,116,1,115,統一,2023-03-24,5850
020025,統一亞洲半導體N,114,2,112,統一,2023-03-24,5850
3591,艾笛森,116,5,111,統一,2023-03-24,5850
3231,緯創,4254,632,3622,統一,2023-03-27,5850
2889,國票金,2936,2,2934,統一,2023-03-27,5850
00632R,元大台灣50反1,3550,1500,2050,統一,2023-03-27,5850
00882,中信中國高股息,1560,0,1560,統一,2023-03-27,5850
00900,富邦特選高股息30,1250,22,1228,統一,2023-03-27,5850
2368,金像電,944,87,857,統一,2023-03-27,5850
2883B,凱基金乙特,831,0,831,統一,2023-03-27,5850
1216,統一,1005,226,779,統一,2023-03-27,5850
00662,富邦NASDAQ,500,0,500,統一,2023-03-27,5850
8255,朋程,524,37,487,統一,2023-03-27,5850
2731,雄獅,512,56,456,統一,2023-03-27,5850
6239,力成,499,51,448,統一,2023-03-27,5850
3624,光頡,452,25,427,統一,2023-03-27,5850
6285,啟��,436,33,403,統一,2023-03-27,5850
2408,南亞科,407,63,344,統一,2023-03-27,5850
3017,奇鋐,441,102,339,統一,2023-03-27,5850
5225,東科-KY,709,390,319,統一,2023-03-27,5850
3558,神準,326,10,316,統一,2023-03-27,5850
3479,安勤,333,64,269,統一,2023-03-27,5850
8088,品安,239,5,234,統一,2023-03-27,5850
3324,雙鴻,300,69,231,統一,2023-03-27,5850
6244,茂迪,381,162,219,統一,2023-03-27,5850
8033,雷虎,267,60,207,統一,2023-03-27,5850
2402,毅嘉,219,14,205,統一,2023-03-27,5850
6274,台燿,226,25,201,統一,2023-03-27,5850
3044,健鼎,200,0,200,統一,2023-03-27,5850
1342,八貫,202,23,179,統一,2023-03-27,5850
6152,百一,175,1,174,統一,2023-03-27,5850
2867,三商壽,293,122,171,統一,2023-03-27,5850
1102,亞泥,155,2,153,統一,2023-03-27,5850
5285,界霖,170,20,150,統一,2023-03-27,5850
5534,長虹,150,2,148,統一,2023-03-27,5850
8996,高力,164,18,146,統一,2023-03-27,5850
2453,凌群,402,259,143,統一,2023-03-27,5850
5009,榮剛,193,51,142,統一,2023-03-27,5850
00712,復華富時不動產,145,6,139,統一,2023-03-27,5850
1714,和桐,129,0,129,統一,2023-03-27,5850
2438,翔耀,136,8,128,統一,2023-03-27,5850
2455,全新,186,64,122,統一,2023-03-27,5850
6226,光鼎,163,43,120,統一,2023-03-27,5850
6288,聯嘉,262,143,119,統一,2023-03-27,5850
6245,立端,130,16,114,統一,2023-03-27,5850
2458,義隆,116,3,113,統一,2023-03-27,5850
4541,晟田,215,103,112,統一,2023-03-27,5850
2327,國巨,131,21,110,統一,2023-03-27,5850
2637,慧洋-KY,180,71,109,統一,2023-03-27,5850
3289,宜特,135,30,105,統一,2023-03-27,5850
2383,台光電,109,5,104,統一,2023-03-27,5850
00736,國泰新興市場,155,54,101,統一,2023-03-27,5850
4904,遠傳,100,0,100,統一,2023-03-27,5850
3715,定穎投控,6126,172,5954,統一,2023-03-28,5850
00715L,期街口布蘭特正2,4562,783,3779,統一,2023-03-28,5850
2889,國票金,2839,2,2837,統一,2023-03-28,5850
6485,點序,962,49,913,統一,2023-03-28,5850
00632R,元大台灣50反1,2014,1230,784,統一,2023-03-28,5850
8255,朋程,809,266,543,統一,2023-03-28,5850
3707,漢磊,605,98,507,統一,2023-03-28,5850
00662,富邦NASDAQ,500,0,500,統一,2023-03-28,5850
3324,雙鴻,559,98,461,統一,2023-03-28,5850
1714,和桐,404,0,404,統一,2023-03-28,5850
2727,王品,362,49,313,統一,2023-03-28,5850
3224,三顧,319,13,306,統一,2023-03-28,5850
6239,力成,309,9,300,統一,2023-03-28,5850
5347,世界,303,12,291,統一,2023-03-28,5850
5009,榮剛,568,315,253,統一,2023-03-28,5850
020031,統一IC設計臺灣N,622,399,223,統一,2023-03-28,5850
2615,萬海,241,18,223,統一,2023-03-28,5850
3105,穩懋,366,149,217,統一,2023-03-28,5850
2324,仁寶,210,0,210,統一,2023-03-28,5850
2731,雄獅,286,81,205,統一,2023-03-28,5850
2892,第一金,200,0,200,統一,2023-03-28,5850
00870B,元大15年EM主權債,156,0,156,統一,2023-03-28,5850
2204,中華,161,7,154,統一,2023-03-28,5850
1305,華夏,152,0,152,統一,2023-03-28,5850
6235,華孚,213,68,145,統一,2023-03-28,5850
8227,巨有科技,172,27,145,統一,2023-03-28,5850
3147,大綜,147,3,144,統一,2023-03-28,5850
8936,國統,142,0,142,統一,2023-03-28,5850
2342,茂矽,444,311,133,統一,2023-03-28,5850
2723,美食-KY,138,13,125,統一,2023-03-28,5850
4979,華星光,156,50,106,統一,2023-03-28,5850
4915,致伸,101,0,101,統一,2023-03-28,5850
2883B,凱基金乙特,100,0,100,統一,2023-03-28,5850
6146,耕興,109,13,96,統一,2023-03-28,5850
3680,家登,158,64,94,統一,2023-03-28,5850
4770,上品,104,12,92,統一,2023-03-28,5850
3231,緯創,515,423,92,統一,2023-03-28,5850
6140,訊達,113,25,88,統一,2023-03-28,5850
2548,華固,81,0,81,統一,2023-03-28,5850
6138,茂達,190,111,79,統一,2023-03-28,5850
2481,強茂,124,48,76,統一,2023-03-28,5850
6274,台燿,155,79,76,統一,2023-03-28,5850
1760,寶齡富錦,98,26,72,統一,2023-03-28,5850
2618,長榮航,233,162,71,統一,2023-03-28,5850
2327,國巨,106,40,66,統一,2023-03-28,5850
1773,勝一,64,0,64,統一,2023-03-28,5850
6443,元晶,159,97,62,統一,2023-03-28,5850
00712,復華富時不動產,115,54,61,統一,2023-03-28,5850
3419,譁裕,61,0,61,統一,2023-03-28,5850
8033,雷虎,94,33,61,統一,2023-03-28,5850
2867,三商壽,10994,0,10994,統一,2023-03-29,5850
00632R,元大台灣50反1,3505,501,3004,統一,2023-03-29,5850
2889,國票金,3018,114,2904,統一,2023-03-29,5850
00715L,期街口布蘭特正2,1821,69,1752,統一,2023-03-29,5850
3481,群創,1741,131,1610,統一,2023-03-29,5850
00882,中信中國高股息,1105,0,1105,統一,2023-03-29,5850
2409,友達,898,17,881,統一,2023-03-29,5850
00637L,元大滬深300正2,1313,590,723,統一,2023-03-29,5850
2376,技嘉,413,4,409,統一,2023-03-29,5850
006205,富邦上証,330,0,330,統一,2023-03-29,5850
2603,長榮,445,117,328,統一,2023-03-29,5850
2313,華通,301,0,301,統一,2023-03-29,5850
3324,雙鴻,648,363,285,統一,2023-03-29,5850
2002,中鋼,270,0,270,統一,2023-03-29,5850
2618,長榮航,465,206,259,統一,2023-03-29,5850
1714,和桐,256,0,256,統一,2023-03-29,5850
3081,聯亞,251,11,240,統一,2023-03-29,5850
1618,合機,221,2,219,統一,2023-03-29,5850
1519,華城,211,2,209,統一,2023-03-29,5850
1102,亞泥,202,0,202,統一,2023-03-29,5850
6698,旭暉應材,219,19,200,統一,2023-03-29,5850
2884,玉山金,159,14,145,統一,2023-03-29,5850
3147,大綜,138,0,138,統一,2023-03-29,5850
2204,中華,136,0,136,統一,2023-03-29,5850
2408,南亞科,472,343,129,統一,2023-03-29,5850
2457,飛宏,224,96,128,統一,2023-03-29,5850
5475,德宏,128,2,126,統一,2023-03-29,5850
6235,華孚,413,299,114,統一,2023-03-29,5850
2883B,凱基金乙特,110,0,110,統一,2023-03-29,5850
4114,健喬,154,45,109,統一,2023-03-29,5850
8996,高力,104,0,104,統一,2023-03-29,5850
4743,合一,128,25,103,統一,2023-03-29,5850
1609,大亞,336,235,101,統一,2023-03-29,5850
2377,微星,138,38,100,統一,2023-03-29,5850
8016,矽創,104,5,99,統一,2023-03-29,5850
2352,佳世達,100,2,98,統一,2023-03-29,5850
6163,華電網,145,50,95,統一,2023-03-29,5850
1476,儒鴻,96,3,93,統一,2023-03-29,5850
2634,漢翔,105,12,93,統一,2023-03-29,5850
3312,弘憶股,93,3,90,統一,2023-03-29,5850
8227,巨有科技,130,42,88,統一,2023-03-29,5850
2308,台達電,120,35,85,統一,2023-03-29,5850
6753,龍德造船,108,26,82,統一,2023-03-29,5850
2748,雲品,133,51,82,統一,2023-03-29,5850
5009,榮剛,172,92,80,統一,2023-03-29,5850
6134,萬旭,80,0,80,統一,2023-03-29,5850
2707,晶華,82,3,79,統一,2023-03-29,5850
3653,健策,86,7,79,統一,2023-03-29,5850
2317,鴻海,80,5,75,統一,2023-03-29,5850
2356,英業達,77,2,75,統一,2023-03-29,5850
3231,緯創,3613,311,3302,統一,2023-03-30,5850
2382,廣達,1015,92,923,統一,2023-03-30,5850
2897,王道銀行,585,0,585,統一,2023-03-30,5850
1714,和桐,357,0,357,統一,2023-03-30,5850
6285,啟��,390,51,339,統一,2023-03-30,5850
4164,承業醫,390,59,331,統一,2023-03-30,5850
9907,統一實,330,0,330,統一,2023-03-30,5850
4919,新唐,302,8,294,統一,2023-03-30,5850
2515,中工,278,0,278,統一,2023-03-30,5850
2748,雲品,348,82,266,統一,2023-03-30,5850
2303,聯電,329,68,261,統一,2023-03-30,5850
2457,飛宏,322,63,259,統一,2023-03-30,5850
8358,金居,256,4,252,統一,2023-03-30,5850
00665L,富邦�琤肭磪囓�2,236,6,230,統一,2023-03-30,5850
5309,系統電,637,418,219,統一,2023-03-30,5850
2317,鴻海,259,47,212,統一,2023-03-30,5850
020030,統一智慧電動車N,199,0,199,統一,2023-03-30,5850
2603,長榮,285,88,197,統一,2023-03-30,5850
2344,華邦電,281,87,194,統一,2023-03-30,5850
8299,群聯,190,11,179,統一,2023-03-30,5850
2891B,中信金乙特,170,0,170,統一,2023-03-30,5850
2888B,新光金乙特,148,0,148,統一,2023-03-30,5850
1584,精剛,205,66,139,統一,2023-03-30,5850
3443,創意,164,29,135,統一,2023-03-30,5850
00715L,期街口布蘭特正2,375,245,130,統一,2023-03-30,5850
8028,昇陽半導體,199,73,126,統一,2023-03-30,5850
2308,台達電,139,15,124,統一,2023-03-30,5850
6138,茂達,133,10,123,統一,2023-03-30,5850
3081,聯亞,195,76,119,統一,2023-03-30,5850
3088,艾訊,142,30,112,統一,2023-03-30,5850
1477,聚陽,121,9,112,統一,2023-03-30,5850
3715,定穎投控,112,1,111,統一,2023-03-30,5850
8277,商丞,114,5,109,統一,2023-03-30,5850
8069,元太,225,119,106,統一,2023-03-30,5850
1102,亞泥,158,52,106,統一,2023-03-30,5850
6235,華孚,150,48,102,統一,2023-03-30,5850
1909,榮成,100,0,100,統一,2023-03-30,5850
3037,欣興,346,248,98,統一,2023-03-30,5850
3664,安瑞-KY,96,0,96,統一,2023-03-30,5850
2883,凱基金,107,12,95,統一,2023-03-30,5850
8086,宏捷科,128,37,91,統一,2023-03-30,5850
00850,元大臺灣ESG永續,89,0,89,統一,2023-03-30,5850
3162,精確,90,2,88,統一,2023-03-30,5850
2345,智邦,118,32,86,統一,2023-03-30,5850
6133,金橋,130,47,83,統一,2023-03-30,5850
3484,崧騰,82,0,82,統一,2023-03-30,5850
2201,裕隆,96,23,73,統一,2023-03-30,5850
8996,高力,104,32,72,統一,2023-03-30,5850
2030,彰源,70,0,70,統一,2023-03-30,5850
2313,華通,71,2,69,統一,2023-03-30,5850
2344,華邦電,6132,631,5501,統一,2023-03-31,5850
00715L,期街口布蘭特正2,3173,611,2562,統一,2023-03-31,5850
2606,裕民,1111,8,1103,統一,2023-03-31,5850
6235,華孚,1748,655,1093,統一,2023-03-31,5850
5309,系統電,1327,340,987,統一,2023-03-31,5850
3006,晶豪科,887,96,791,統一,2023-03-31,5850
6548,長科*,730,79,651,統一,2023-03-31,5850
2337,旺宏,548,47,501,統一,2023-03-31,5850
2303,聯電,671,259,412,統一,2023-03-31,5850
2637,慧洋-KY,305,20,285,統一,2023-03-31,5850
2301,光寶科,285,17,268,統一,2023-03-31,5850
2498,宏達電,330,66,264,統一,2023-03-31,5850
1714,和桐,239,0,239,統一,2023-03-31,5850
2338,光罩,229,10,219,統一,2023-03-31,5850
3591,艾笛森,225,7,218,統一,2023-03-31,5850
3037,欣興,413,205,208,統一,2023-03-31,5850
8299,群聯,243,36,207,統一,2023-03-31,5850
2528,皇普,206,0,206,統一,2023-03-31,5850
8150,南茂,204,5,199,統一,2023-03-31,5850
1102,亞泥,192,9,183,統一,2023-03-31,5850
5425,台半,247,75,172,統一,2023-03-31,5850
1760,寶齡富錦,198,31,167,統一,2023-03-31,5850
8358,金居,178,11,167,統一,2023-03-31,5850
2603,長榮,361,212,149,統一,2023-03-31,5850
3260,威剛,291,142,149,統一,2023-03-31,5850
5351,鈺創,185,49,136,統一,2023-03-31,5850
2609,陽明,161,30,131,統一,2023-03-31,5850
4967,十銓,382,256,126,統一,2023-03-31,5850
2327,國巨,127,4,123,統一,2023-03-31,5850
020030,統一智慧電動車N,123,3,120,統一,2023-03-31,5850
6438,迅得,118,1,117,統一,2023-03-31,5850
8016,矽創,116,3,113,統一,2023-03-31,5850
3324,雙鴻,139,26,113,統一,2023-03-31,5850
020031,統一IC設計臺灣N,117,9,108,統一,2023-03-31,5850
2313,華通,111,3,108,統一,2023-03-31,5850
00712,復華富時不動產,109,5,104,統一,2023-03-31,5850
3322,建舜電,108,5,103,統一,2023-03-31,5850
1909,榮成,100,0,100,統一,2023-03-31,5850
2049,上銀,111,12,99,統一,2023-03-31,5850
1903,士紙,100,1,99,統一,2023-03-31,5850
6203,海韻電,103,6,97,統一,2023-03-31,5850
3034,聯詠,233,142,91,統一,2023-03-31,5850
3664,安瑞-KY,89,1,88,統一,2023-03-31,5850
2002,中鋼,106,18,88,統一,2023-03-31,5850
4551,智伸科,110,25,85,統一,2023-03-31,5850
6712,長聖,107,23,84,統一,2023-03-31,5850
2515,中工,79,0,79,統一,2023-03-31,5850
4147,中裕,132,59,73,統一,2023-03-31,5850
4919,新唐,116,45,71,統一,2023-03-31,5850
4114,健喬,71,1,70,統一,2023-03-31,5850
00715L,期街口布蘭特正2,4944,741,4203,統一,2023-04-06,5850
00632R,元大台灣50反1,3604,22,3582,統一,2023-04-06,5850
1609,大亞,818,172,646,統一,2023-04-06,5850
3481,群創,716,73,643,統一,2023-04-06,5850
3664,安瑞-KY,662,70,592,統一,2023-04-06,5850
9955,佳龍,982,460,522,統一,2023-04-06,5850
6829,千附精密,514,15,499,統一,2023-04-06,5850
0056,元大高股息,514,176,338,統一,2023-04-06,5850
1519,華城,370,89,281,統一,2023-04-06,5850
3025,星通,378,103,275,統一,2023-04-06,5850
6589,台康生技,310,40,270,統一,2023-04-06,5850
1210,大成,271,29,242,統一,2023-04-06,5850
8033,雷虎,222,6,216,統一,2023-04-06,5850
6443,元晶,225,9,216,統一,2023-04-06,5850
6143,振曜,210,4,206,統一,2023-04-06,5850
2317,鴻海,196,34,162,統一,2023-04-06,5850
1101,台泥,211,51,160,統一,2023-04-06,5850
5328,華容,155,0,155,統一,2023-04-06,5850
00712,復華富時不動產,144,2,142,統一,2023-04-06,5850
4114,健喬,148,10,138,統一,2023-04-06,5850
2603,長榮,199,64,135,統一,2023-04-06,5850
4968,立積,176,47,129,統一,2023-04-06,5850
3004,豐達科,156,32,124,統一,2023-04-06,5850
6477,安集,117,0,117,統一,2023-04-06,5850
3035,智原,315,200,115,統一,2023-04-06,5850
6239,力成,261,151,110,統一,2023-04-06,5850
5009,榮剛,177,68,109,統一,2023-04-06,5850
2485,兆赫,101,0,101,統一,2023-04-06,5850
2498,宏達電,187,91,96,統一,2023-04-06,5850
3034,聯詠,136,43,93,統一,2023-04-06,5850
2867,三商壽,101,8,93,統一,2023-04-06,5850
2528,皇普,144,55,89,統一,2023-04-06,5850
8358,金居,104,15,89,統一,2023-04-06,5850
1216,統一,111,24,87,統一,2023-04-06,5850
6417,韋僑,122,39,83,統一,2023-04-06,5850
2409,友達,180,100,80,統一,2023-04-06,5850
8409,商之器,79,0,79,統一,2023-04-06,5850
2548,華固,71,0,71,統一,2023-04-06,5850
6248,沛波,70,0,70,統一,2023-04-06,5850
00636,國泰中國A50,70,0,70,統一,2023-04-06,5850
8403,盛弘,80,10,70,統一,2023-04-06,5850
1760,寶齡富錦,181,113,68,統一,2023-04-06,5850
3701,大眾控,70,3,67,統一,2023-04-06,5850
00665L,富邦�琤肭磪囓�2,73,8,65,統一,2023-04-06,5850
1513,中興電,93,29,64,統一,2023-04-06,5850
00637L,元大滬深300正2,105,42,63,統一,2023-04-06,5850
4960,誠美材,63,0,63,統一,2023-04-06,5850
6461,益得,62,0,62,統一,2023-04-06,5850
1708,東鹼,61,0,61,統一,2023-04-06,5850
6414,樺漢,70,9,61,統一,2023-04-06,5850
00632R,元大台灣50反1,3025,100,2925,統一,2023-04-07,5850
1504,東元,1844,348,1496,統一,2023-04-07,5850
00715L,期街口布蘭特正2,1049,18,1031,統一,2023-04-07,5850
2609,陽明,554,39,515,統一,2023-04-07,5850
00891,中信關鍵半導體,515,2,513,統一,2023-04-07,5850
2603,長榮,656,151,505,統一,2023-04-07,5850
2409,友達,471,0,471,統一,2023-04-07,5850
3260,威剛,527,81,446,統一,2023-04-07,5850
3715,定穎投控,485,55,430,統一,2023-04-07,5850
1609,大亞,1679,1252,427,統一,2023-04-07,5850
00902,中信電池及儲能,411,0,411,統一,2023-04-07,5850
5381,合正,359,2,357,統一,2023-04-07,5850
6443,元晶,469,128,341,統一,2023-04-07,5850
2615,萬海,290,7,283,統一,2023-04-07,5850
1519,華城,595,316,279,統一,2023-04-07,5850
3162,精確,279,16,263,統一,2023-04-07,5850
020031,統一IC設計臺灣N,262,10,252,統一,2023-04-07,5850
3545,敦泰,323,88,235,統一,2023-04-07,5850
2337,旺宏,274,73,201,統一,2023-04-07,5850
2356,英業達,221,23,198,統一,2023-04-07,5850
2888,新光金,199,1,198,統一,2023-04-07,5850
1605,華新,407,211,196,統一,2023-04-07,5850
2883,凱基金,198,3,195,統一,2023-04-07,5850
2528,皇普,243,53,190,統一,2023-04-07,5850
3231,緯創,593,404,189,統一,2023-04-07,5850
1513,中興電,431,247,184,統一,2023-04-07,5850
6163,華電網,236,54,182,統一,2023-04-07,5850
6538,倉和,175,1,174,統一,2023-04-07,5850
8201,無敵,159,1,158,統一,2023-04-07,5850
6477,安集,173,28,145,統一,2023-04-07,5850
2352,佳世達,144,3,141,統一,2023-04-07,5850
2890,永豐金,149,8,141,統一,2023-04-07,5850
3354,律勝,138,1,137,統一,2023-04-07,5850
2885,元大金,137,1,136,統一,2023-04-07,5850
6732,昇佳電子,147,13,134,統一,2023-04-07,5850
2887,台新金,139,5,134,統一,2023-04-07,5850
3034,聯詠,170,38,132,統一,2023-04-07,5850
4968,立積,248,124,124,統一,2023-04-07,5850
1524,耿鼎,130,18,112,統一,2023-04-07,5850
6578,達邦蛋白,111,1,110,統一,2023-04-07,5850
3322,建舜電,138,29,109,統一,2023-04-07,5850
1102,亞泥,108,0,108,統一,2023-04-07,5850
9958,世紀鋼,129,22,107,統一,2023-04-07,5850
6589,台康生技,182,76,106,統一,2023-04-07,5850
00756B,群益投等新興公債,155,52,103,統一,2023-04-07,5850
2354,鴻準,111,9,102,統一,2023-04-07,5850
4114,健喬,227,125,102,統一,2023-04-07,5850
2820,華票,100,0,100,統一,2023-04-07,5850
2308,台達電,102,4,98,統一,2023-04-07,5850
6285,啟��,103,5,98,統一,2023-04-07,5850
2382,廣達,1261,224,1037,統一,2023-04-10,5850
2324,仁寶,881,1,880,統一,2023-04-10,5850
1102,亞泥,750,0,750,統一,2023-04-10,5850
00632R,元大台灣50反1,1501,800,701,統一,2023-04-10,5850
00830,國泰費城半導體,600,1,599,統一,2023-04-10,5850
5009,榮剛,686,143,543,統一,2023-04-10,5850
2492,華新科,496,84,412,統一,2023-04-10,5850
6209,今國光,427,37,390,統一,2023-04-10,5850
00882,中信中國高股息,363,0,363,統一,2023-04-10,5850
00893,國泰智能電動車,361,0,361,統一,2023-04-10,5850
3017,奇鋐,410,108,302,統一,2023-04-10,5850
00680L,元大美債20正2,280,1,279,統一,2023-04-10,5850
2303,聯電,306,42,264,統一,2023-04-10,5850
3231,緯創,980,716,264,統一,2023-04-10,5850
00679B,元大美債20年,271,11,260,統一,2023-04-10,5850
3290,東浦,266,21,245,統一,2023-04-10,5850
3046,建��,267,24,243,統一,2023-04-10,5850
3034,聯詠,283,46,237,統一,2023-04-10,5850
3715,定穎投控,291,56,235,統一,2023-04-10,5850
4967,十銓,416,188,228,統一,2023-04-10,5850
2634,漢翔,514,288,226,統一,2023-04-10,5850
1513,中興電,780,559,221,統一,2023-04-10,5850
2409,友達,339,127,212,統一,2023-04-10,5850
1301,台塑,253,42,211,統一,2023-04-10,5850
00636,國泰中國A50,204,0,204,統一,2023-04-10,5850
00902,中信電池及儲能,603,400,203,統一,2023-04-10,5850
1722,台肥,200,0,200,統一,2023-04-10,5850
6285,啟��,281,81,200,統一,2023-04-10,5850
1504,東元,412,218,194,統一,2023-04-10,5850
3011,今皓,181,10,171,統一,2023-04-10,5850
3545,敦泰,334,165,169,統一,2023-04-10,5850
6138,茂達,279,127,152,統一,2023-04-10,5850
5328,華容,145,0,145,統一,2023-04-10,5850
2482,連宇,179,34,145,統一,2023-04-10,5850
2455,全新,216,73,143,統一,2023-04-10,5850
5425,台半,814,673,141,統一,2023-04-10,5850
2327,國巨,153,20,133,統一,2023-04-10,5850
8069,元太,471,343,128,統一,2023-04-10,5850
0050,元大台灣50,232,104,128,統一,2023-04-10,5850
020031,統一IC設計臺灣N,144,20,124,統一,2023-04-10,5850
6148,驊宏資,129,7,122,統一,2023-04-10,5850
6274,台燿,112,2,110,統一,2023-04-10,5850
6127,九豪,108,0,108,統一,2023-04-10,5850
3661,世芯-KY,148,40,108,統一,2023-04-10,5850
1584,精剛,198,93,105,統一,2023-04-10,5850
6578,達邦蛋白,101,0,101,統一,2023-04-10,5850
2891,中信金,100,0,100,統一,2023-04-10,5850
4915,致伸,100,0,100,統一,2023-04-10,5850
8033,雷虎,100,0,100,統一,2023-04-10,5850
6244,茂迪,153,58,95,統一,2023-04-10,5850
4968,立積,2169,245,1924,統一,2023-04-11,5850
2888,新光金,1834,3,1831,統一,2023-04-11,5850
2324,仁寶,1504,10,1494,統一,2023-04-11,5850
2515,中工,1400,11,1389,統一,2023-04-11,5850
2368,金像電,1580,355,1225,統一,2023-04-11,5850
3006,晶豪科,1659,436,1223,統一,2023-04-11,5850
00715L,期街口布蘭特正2,1475,300,1175,統一,2023-04-11,5850
020031,統一IC設計臺灣N,1013,8,1005,統一,2023-04-11,5850
2382,廣達,871,16,855,統一,2023-04-11,5850
2352,佳世達,757,12,745,統一,2023-04-11,5850
6235,華孚,764,71,693,統一,2023-04-11,5850
3017,奇鋐,728,97,631,統一,2023-04-11,5850
5009,榮剛,730,150,580,統一,2023-04-11,5850
1722,台肥,501,0,501,統一,2023-04-11,5850
2408,南亞科,467,19,448,統一,2023-04-11,5850
3324,雙鴻,743,326,417,統一,2023-04-11,5850
3231,緯創,657,241,416,統一,2023-04-11,5850
1301,台塑,405,0,405,統一,2023-04-11,5850
6806,森崴能源,465,83,382,統一,2023-04-11,5850
1504,東元,495,166,329,統一,2023-04-11,5850
3545,敦泰,351,28,323,統一,2023-04-11,5850
006206,元大上證50,350,50,300,統一,2023-04-11,5850
2303,聯電,409,110,299,統一,2023-04-11,5850
6239,力成,288,0,288,統一,2023-04-11,5850
5351,鈺創,409,130,279,統一,2023-04-11,5850
2385,群光,271,3,268,統一,2023-04-11,5850
3624,光頡,327,60,267,統一,2023-04-11,5850
2317,鴻海,280,31,249,統一,2023-04-11,5850
6290,良維,282,52,230,統一,2023-04-11,5850
2330,台積電,242,31,211,統一,2023-04-11,5850
3034,聯詠,247,62,185,統一,2023-04-11,5850
5488,松普,225,40,185,統一,2023-04-11,5850
4966,譜瑞-KY,183,6,177,統一,2023-04-11,5850
2409,友達,202,30,172,統一,2023-04-11,5850
2344,華邦電,272,100,172,統一,2023-04-11,5850
00680L,元大美債20正2,227,56,171,統一,2023-04-11,5850
00712,復華富時不動產,174,12,162,統一,2023-04-11,5850
00830,國泰費城半導體,150,0,150,統一,2023-04-11,5850
8234,新漢,132,1,131,統一,2023-04-11,5850
4114,健喬,135,10,125,統一,2023-04-11,5850
2337,旺宏,121,0,121,統一,2023-04-11,5850
2049,上銀,155,34,121,統一,2023-04-11,5850
2482,連宇,138,18,120,統一,2023-04-11,5850
2891,中信金,118,0,118,統一,2023-04-11,5850
2355,敬鵬,118,1,117,統一,2023-04-11,5850
8016,矽創,144,32,112,統一,2023-04-11,5850
6732,昇佳電子,133,23,110,統一,2023-04-11,5850
4979,華星光,204,97,107,統一,2023-04-11,5850
8033,雷虎,106,0,106,統一,2023-04-11,5850
8069,元太,198,94,104,統一,2023-04-11,5850
1529,樂事綠能,4631,15,4616,統一,2023-04-12,5850
2515,中工,2862,216,2646,統一,2023-04-12,5850
3481,群創,2401,113,2288,統一,2023-04-12,5850
1319,東陽,1263,20,1243,統一,2023-04-12,5850
3017,奇鋐,1268,192,1076,統一,2023-04-12,5850
2409,友達,981,4,977,統一,2023-04-12,5850
2634,漢翔,2559,1740,819,統一,2023-04-12,5850
00715L,期街口布蘭特正2,1033,307,726,統一,2023-04-12,5850
5439,高技,685,2,683,統一,2023-04-12,5850
2603,長榮,1215,647,568,統一,2023-04-12,5850
3363,上詮,572,31,541,統一,2023-04-12,5850
8299,群聯,566,51,515,統一,2023-04-12,5850
020031,統一IC設計臺灣N,474,4,470,統一,2023-04-12,5850
2891,中信金,405,27,378,統一,2023-04-12,5850
1514,亞力,433,87,346,統一,2023-04-12,5850
1503,士電,346,16,330,統一,2023-04-12,5850
6239,力成,370,66,304,統一,2023-04-12,5850
1301,台塑,303,0,303,統一,2023-04-12,5850
1722,台肥,300,0,300,統一,2023-04-12,5850
00637L,元大滬深300正2,318,72,246,統一,2023-04-12,5850
6806,森崴能源,340,102,238,統一,2023-04-12,5850
2408,南亞科,428,204,224,統一,2023-04-12,5850
3324,雙鴻,265,51,214,統一,2023-04-12,5850
1909,榮成,200,0,200,統一,2023-04-12,5850
2892,第一金,202,3,199,統一,2023-04-12,5850
00632R,元大台灣50反1,210,11,199,統一,2023-04-12,5850
8936,國統,275,81,194,統一,2023-04-12,5850
6244,茂迪,258,65,193,統一,2023-04-12,5850
6160,欣技,210,22,188,統一,2023-04-12,5850
3013,晟銘電,230,43,187,統一,2023-04-12,5850
3591,艾笛森,182,1,181,統一,2023-04-12,5850
2731,雄獅,200,22,178,統一,2023-04-12,5850
1609,大亞,810,634,176,統一,2023-04-12,5850
4147,中裕,364,188,176,統一,2023-04-12,5850
2323,中環,160,0,160,統一,2023-04-12,5850
1305,華夏,160,1,159,統一,2023-04-12,5850
2492,華新科,318,170,148,統一,2023-04-12,5850
2615,萬海,152,10,142,統一,2023-04-12,5850
2382,廣達,156,16,140,統一,2023-04-12,5850
3032,偉訓,156,22,134,統一,2023-04-12,5850
1504,東元,249,128,121,統一,2023-04-12,5850
4114,健喬,314,195,119,統一,2023-04-12,5850
1445,大宇,119,1,118,統一,2023-04-12,5850
2402,毅嘉,137,22,115,統一,2023-04-12,5850
6127,九豪,112,0,112,統一,2023-04-12,5850
3169,亞信,155,47,108,統一,2023-04-12,5850
8227,巨有科技,104,1,103,統一,2023-04-12,5850
2457,飛宏,205,102,103,統一,2023-04-12,5850
1580,新麥,101,0,101,統一,2023-04-12,5850
5425,台半,124,24,100,統一,2023-04-12,5850
2515,中工,8073,2232,5841,統一,2023-04-13,5850
8222,寶一,4820,129,4691,統一,2023-04-13,5850
2208,台船,4719,134,4585,統一,2023-04-13,5850
4541,晟田,4119,1521,2598,統一,2023-04-13,5850
2413,環科,2484,24,2460,統一,2023-04-13,5850
3481,群創,3292,1264,2028,統一,2023-04-13,5850
00715L,期街口布蘭特正2,1532,144,1388,統一,2023-04-13,5850
2352,佳世達,1014,1,1013,統一,2023-04-13,5850
6829,千附精密,969,23,946,統一,2023-04-13,5850
1513,中興電,1182,302,880,統一,2023-04-13,5850
3494,誠研,712,0,712,統一,2023-04-13,5850
2634,漢翔,2221,1630,591,統一,2023-04-13,5850
2204,中華,560,40,520,統一,2023-04-13,5850
2201,裕隆,610,155,455,統一,2023-04-13,5850
2606,裕民,419,2,417,統一,2023-04-13,5850
2883B,凱基金乙特,379,0,379,統一,2023-04-13,5850
2618,長榮航,574,212,362,統一,2023-04-13,5850
2230,泰茂,333,3,330,統一,2023-04-13,5850
00712,復華富時不動產,314,5,309,統一,2023-04-13,5850
5309,系統電,483,198,285,統一,2023-04-13,5850
7402,邑錡,297,19,278,統一,2023-04-13,5850
2347,聯強,250,0,250,統一,2023-04-13,5850
8383,千附,286,39,247,統一,2023-04-13,5850
3162,精確,296,50,246,統一,2023-04-13,5850
1108,幸福,244,0,244,統一,2023-04-13,5850
00642U,期元大S＆P石油,240,15,225,統一,2023-04-13,5850
1504,東元,548,323,225,統一,2023-04-13,5850
2409,友達,366,155,211,統一,2023-04-13,5850
2610,華航,251,45,206,統一,2023-04-13,5850
2891,中信金,200,6,194,統一,2023-04-13,5850
1584,精剛,1131,940,191,統一,2023-04-13,5850
6205,詮欣,200,31,169,統一,2023-04-13,5850
1615,大山,158,0,158,統一,2023-04-13,5850
4743,合一,216,59,157,統一,2023-04-13,5850
4128,中天,219,74,145,統一,2023-04-13,5850
3231,緯創,469,334,135,統一,2023-04-13,5850
00882,中信中國高股息,133,0,133,統一,2023-04-13,5850
00680L,元大美債20正2,151,32,119,統一,2023-04-13,5850
3454,晶睿,108,4,104,統一,2023-04-13,5850
2368,金像電,124,21,103,統一,2023-04-13,5850
4114,健喬,157,56,101,統一,2023-04-13,5850
3045,台灣大,100,0,100,統一,2023-04-13,5850
1702,南僑,100,0,100,統一,2023-04-13,5850
2630,亞航,115,19,96,統一,2023-04-13,5850
1589,永冠-KY,99,4,95,統一,2023-04-13,5850
6125,廣運,108,13,95,統一,2023-04-13,5850
2402,毅嘉,232,139,93,統一,2023-04-13,5850
2474,可成,90,0,90,統一,2023-04-13,5850
3591,艾笛森,96,6,90,統一,2023-04-13,5850
5222,全訊,200,112,88,統一,2023-04-13,5850
8033,雷虎,3202,286,2916,統一,2023-04-14,5850
00715L,期街口布蘭特正2,1484,0,1484,統一,2023-04-14,5850
1762,中化生,863,32,831,統一,2023-04-14,5850
2515,中工,966,233,733,統一,2023-04-14,5850
2891,中信金,654,0,654,統一,2023-04-14,5850
8121,越峰,744,127,617,統一,2023-04-14,5850
2201,裕隆,846,286,560,統一,2023-04-14,5850
2603,長榮,906,359,547,統一,2023-04-14,5850
2413,環科,1944,1442,502,統一,2023-04-14,5850
00712,復華富時不動產,473,2,471,統一,2023-04-14,5850
2885,元大金,462,0,462,統一,2023-04-14,5850
2609,陽明,557,109,448,統一,2023-04-14,5850
4961,天鈺,545,118,427,統一,2023-04-14,5850
2886,兆豐金,426,10,416,統一,2023-04-14,5850
6005,群益證,555,155,400,統一,2023-04-14,5850
3017,奇鋐,816,417,399,統一,2023-04-14,5850
3032,偉訓,600,234,366,統一,2023-04-14,5850
00632R,元大台灣50反1,613,275,338,統一,2023-04-14,5850
2105,正新,326,4,322,統一,2023-04-14,5850
2344,華邦電,644,332,312,統一,2023-04-14,5850
6235,華孚,1199,899,300,統一,2023-04-14,5850
2867,三商壽,298,11,287,統一,2023-04-14,5850
2615,萬海,402,117,285,統一,2023-04-14,5850
2606,裕民,312,27,285,統一,2023-04-14,5850
1589,永冠-KY,297,21,276,統一,2023-04-14,5850
2308,台達電,344,69,275,統一,2023-04-14,5850
6732,昇佳電子,308,36,272,統一,2023-04-14,5850
1609,大亞,641,377,264,統一,2023-04-14,5850
1471,首利,260,4,256,統一,2023-04-14,5850
3324,雙鴻,359,103,256,統一,2023-04-14,5850
6142,友勁,256,2,254,統一,2023-04-14,5850
2347,聯強,250,2,248,統一,2023-04-14,5850
1605,華新,480,233,247,統一,2023-04-14,5850
00680L,元大美債20正2,234,0,234,統一,2023-04-14,5850
1513,中興電,342,120,222,統一,2023-04-14,5850
2204,中華,205,2,203,統一,2023-04-14,5850
6185,幃翔,202,2,200,統一,2023-04-14,5850
2317,鴻海,224,30,194,統一,2023-04-14,5850
4968,立積,372,185,187,統一,2023-04-14,5850
1402,遠東新,189,3,186,統一,2023-04-14,5850
6223,旺矽,203,21,182,統一,2023-04-14,5850
1618,合機,201,20,181,統一,2023-04-14,5850
2881,富邦金,179,8,171,統一,2023-04-14,5850
6274,台燿,173,17,156,統一,2023-04-14,5850
3479,安勤,277,124,153,統一,2023-04-14,5850
9904,寶成,153,1,152,統一,2023-04-14,5850
1218,泰山,151,2,149,統一,2023-04-14,5850
2379,瑞昱,148,3,145,統一,2023-04-14,5850
3058,立德,177,36,141,統一,2023-04-14,5850
2331,精英,216,85,131,統一,2023-04-14,5850
1584,精剛,6046,437,5609,統一,2023-04-17,5850
2457,飛宏,2751,919,1832,統一,2023-04-17,5850
6829,千附精密,1418,7,1411,統一,2023-04-17,5850
2201,裕隆,1463,304,1159,統一,2023-04-17,5850
2352,佳世達,754,12,742,統一,2023-04-17,5850
2204,中華,746,8,738,統一,2023-04-17,5850
2892,第一金,702,2,700,統一,2023-04-17,5850
00680L,元大美債20正2,629,0,629,統一,2023-04-17,5850
4968,立積,1217,590,627,統一,2023-04-17,5850
00902,中信電池及儲能,613,0,613,統一,2023-04-17,5850
6190,萬泰科,614,14,600,統一,2023-04-17,5850
00712,復華富時不動產,557,0,557,統一,2023-04-17,5850
3078,僑威,913,367,546,統一,2023-04-17,5850
2453,凌群,531,35,496,統一,2023-04-17,5850
2303,聯電,439,66,373,統一,2023-04-17,5850
1101,台泥,364,7,357,統一,2023-04-17,5850
6443,元晶,405,90,315,統一,2023-04-17,5850
2606,裕民,310,18,292,統一,2023-04-17,5850
00633L,富邦上証正2,300,16,284,統一,2023-04-17,5850
1717,長興,424,156,268,統一,2023-04-17,5850
4904,遠傳,264,1,263,統一,2023-04-17,5850
5488,松普,299,47,252,統一,2023-04-17,5850
2347,聯強,250,0,250,統一,2023-04-17,5850
2368,金像電,304,64,240,統一,2023-04-17,5850
2314,台揚,253,19,234,統一,2023-04-17,5850
1301,台塑,233,0,233,統一,2023-04-17,5850
6026,福邦證,212,0,212,統一,2023-04-17,5850
1471,首利,213,3,210,統一,2023-04-17,5850
3058,立德,240,32,208,統一,2023-04-17,5850
4951,精拓科,205,0,205,統一,2023-04-17,5850
2727,王品,224,21,203,統一,2023-04-17,5850
2206,三陽工業,444,243,201,統一,2023-04-17,5850
0050,元大台灣50,194,0,194,統一,2023-04-17,5850
6719,力智,300,108,192,統一,2023-04-17,5850
6547,高端疫苗,454,272,182,統一,2023-04-17,5850
1215,卜蜂,196,18,178,統一,2023-04-17,5850
8038,長園科,160,6,154,統一,2023-04-17,5850
6234,高僑,158,5,153,統一,2023-04-17,5850
4147,中裕,202,54,148,統一,2023-04-17,5850
6505,台塑化,142,1,141,統一,2023-04-17,5850
3708,上緯投控,152,16,136,統一,2023-04-17,5850
8383,千附,176,41,135,統一,2023-04-17,5850
2615,萬海,419,285,134,統一,2023-04-17,5850
1720,生達,416,284,132,統一,2023-04-17,5850
2421,建準,158,27,131,統一,2023-04-17,5850
00715L,期街口布蘭特正2,179,50,129,統一,2023-04-17,5850
1809,中釉,330,203,127,統一,2023-04-17,5850
2103,台橡,127,0,127,統一,2023-04-17,5850
6806,森崴能源,258,134,124,統一,2023-04-17,5850
4979,華星光,149,26,123,統一,2023-04-17,5850
00893,國泰智能電動車,1500,4,1496,統一,2023-04-18,5850
3704,合勤控,1334,53,1281,統一,2023-04-18,5850
2603,長榮,1653,512,1141,統一,2023-04-18,5850
1102,亞泥,1001,12,989,統一,2023-04-18,5850
2314,台揚,772,40,732,統一,2023-04-18,5850
00715L,期街口布蘭特正2,689,0,689,統一,2023-04-18,5850
6005,群益證,700,73,627,統一,2023-04-18,5850
2634,漢翔,1048,472,576,統一,2023-04-18,5850
4977,眾達-KY,661,113,548,統一,2023-04-18,5850
1444,力麗,574,41,533,統一,2023-04-18,5850
6026,福邦證,368,0,368,統一,2023-04-18,5850
6547,高端疫苗,361,0,361,統一,2023-04-18,5850
00881,國泰台灣5G+,329,9,320,統一,2023-04-18,5850
4951,精拓科,320,1,319,統一,2023-04-18,5850
2201,裕隆,1055,781,274,統一,2023-04-18,5850
8155,博智,253,4,249,統一,2023-04-18,5850
3591,艾笛森,322,77,245,統一,2023-04-18,5850
8088,品安,223,0,223,統一,2023-04-18,5850
2347,聯強,250,37,213,統一,2023-04-18,5850
3017,奇鋐,389,180,209,統一,2023-04-18,5850
6138,茂達,283,76,207,統一,2023-04-18,5850
2301,光寶科,221,17,204,統一,2023-04-18,5850
2204,中華,226,25,201,統一,2023-04-18,5850
3711,日月光投控,208,7,201,統一,2023-04-18,5850
2851,中再保,185,0,185,統一,2023-04-18,5850
4714,永捷,195,14,181,統一,2023-04-18,5850
4979,華星光,258,87,171,統一,2023-04-18,5850
3038,全台,173,8,165,統一,2023-04-18,5850
3592,瑞鼎,286,125,161,統一,2023-04-18,5850
6282,康舒,209,49,160,統一,2023-04-18,5850
8222,寶一,268,111,157,統一,2023-04-18,5850
8059,凱碩,158,10,148,統一,2023-04-18,5850
4127,天良,145,2,143,統一,2023-04-18,5850
6290,良維,197,63,134,統一,2023-04-18,5850
1714,和桐,156,24,132,統一,2023-04-18,5850
8436,大江,153,34,119,統一,2023-04-18,5850
4572,駐龍,151,35,116,統一,2023-04-18,5850
00696B,富邦美債20年,360,250,110,統一,2023-04-18,5850
6438,迅得,109,1,108,統一,2023-04-18,5850
6606,建德工業,108,1,107,統一,2023-04-18,5850
2412,中華電,259,163,96,統一,2023-04-18,5850
6799,來頡,120,24,96,統一,2023-04-18,5850
2313,華通,144,48,96,統一,2023-04-18,5850
2485,兆赫,95,0,95,統一,2023-04-18,5850
8081,致新,107,13,94,統一,2023-04-18,5850
2727,王品,203,110,93,統一,2023-04-18,5850
2731,雄獅,227,135,92,統一,2023-04-18,5850
6625,必應,94,2,92,統一,2023-04-18,5850
1760,寶齡富錦,99,8,91,統一,2023-04-18,5850
1529,樂事綠能,213,125,88,統一,2023-04-18,5850
3078,僑威,6683,166,6517,統一,2023-04-19,5850
6005,群益證,1558,2,1556,統一,2023-04-19,5850
3058,立德,1130,60,1070,統一,2023-04-19,5850
00888,永豐台灣ESG,1016,11,1005,統一,2023-04-19,5850
6244,茂迪,1266,296,970,統一,2023-04-19,5850
6116,彩晶,1009,48,961,統一,2023-04-19,5850
2754,亞洲藏壽司,900,5,895,統一,2023-04-19,5850
2603,長榮,777,119,658,統一,2023-04-19,5850
1609,大亞,718,98,620,統一,2023-04-19,5850
2324,仁寶,616,28,588,統一,2023-04-19,5850
1210,大成,504,1,503,統一,2023-04-19,5850
6477,安集,1146,651,495,統一,2023-04-19,5850
6690,安�硌穈T,491,0,491,統一,2023-04-19,5850
2610,華航,487,13,474,統一,2023-04-19,5850
2883B,凱基金乙特,378,0,378,統一,2023-04-19,5850
2412,中華電,604,235,369,統一,2023-04-19,5850
2330,台積電,582,234,348,統一,2023-04-19,5850
2891,中信金,314,1,313,統一,2023-04-19,5850
6026,福邦證,309,1,308,統一,2023-04-19,5850
3552,同致,281,4,277,統一,2023-04-19,5850
1810,和成,327,61,266,統一,2023-04-19,5850
2382,廣達,364,106,258,統一,2023-04-19,5850
2851,中再保,239,0,239,統一,2023-04-19,5850
2206,三陽工業,247,9,238,統一,2023-04-19,5850
2347,聯強,250,20,230,統一,2023-04-19,5850
1760,寶齡富錦,275,48,227,統一,2023-04-19,5850
6806,森崴能源,676,478,198,統一,2023-04-19,5850
8033,雷虎,224,27,197,統一,2023-04-19,5850
6176,瑞儀,194,6,188,統一,2023-04-19,5850
2376,技嘉,209,28,181,統一,2023-04-19,5850
6438,迅得,204,26,178,統一,2023-04-19,5850
2356,英業達,259,93,166,統一,2023-04-19,5850
1714,和桐,160,0,160,統一,2023-04-19,5850
00870B,元大15年EM主權債,158,0,158,統一,2023-04-19,5850
8069,元太,286,129,157,統一,2023-04-19,5850
6138,茂達,199,43,156,統一,2023-04-19,5850
4951,精拓科,181,26,155,統一,2023-04-19,5850
3169,亞信,168,14,154,統一,2023-04-19,5850
6285,啟��,197,60,137,統一,2023-04-19,5850
3673,TPK-KY,266,131,135,統一,2023-04-19,5850
2201,裕隆,680,562,118,統一,2023-04-19,5850
3686,達能,119,5,114,統一,2023-04-19,5850
1301,台塑,152,41,111,統一,2023-04-19,5850
3479,安勤,175,68,107,統一,2023-04-19,5850
8436,大江,218,113,105,統一,2023-04-19,5850
3088,艾訊,104,0,104,統一,2023-04-19,5850
2337,旺宏,122,20,102,統一,2023-04-19,5850
3005,神基,156,54,102,統一,2023-04-19,5850
4164,承業醫,155,54,101,統一,2023-04-19,5850
2867,三商壽,101,1,100,統一,2023-04-19,5850
3264,欣銓,1506,11,1495,統一,2023-04-20,5850
6005,群益證,1461,305,1156,統一,2023-04-20,5850
2201,裕隆,1417,324,1093,統一,2023-04-20,5850
2449,京元電子,976,3,973,統一,2023-04-20,5850
00830,國泰費城半導體,528,2,526,統一,2023-04-20,5850
5351,鈺創,448,27,421,統一,2023-04-20,5850
5243,乙盛-KY,480,79,401,統一,2023-04-20,5850
2883B,凱基金乙特,400,0,400,統一,2023-04-20,5850
2603,長榮,629,230,399,統一,2023-04-20,5850
4934,太極,459,66,393,統一,2023-04-20,5850
2528,皇普,376,1,375,統一,2023-04-20,5850
2382,廣達,462,110,352,統一,2023-04-20,5850
6163,華電網,398,66,332,統一,2023-04-20,5850
2455,全新,487,158,329,統一,2023-04-20,5850
2413,環科,318,2,316,統一,2023-04-20,5850
2891,中信金,315,9,306,統一,2023-04-20,5850
1402,遠東新,395,95,300,統一,2023-04-20,5850
1904,正隆,329,30,299,統一,2023-04-20,5850
2359,所羅門,644,353,291,統一,2023-04-20,5850
2103,台橡,270,0,270,統一,2023-04-20,5850
00715L,期街口布蘭特正2,330,61,269,統一,2023-04-20,5850
1616,億泰,260,0,260,統一,2023-04-20,5850
2347,聯強,258,7,251,統一,2023-04-20,5850
8105,凌巨,211,1,210,統一,2023-04-20,5850
4958,臻鼎-KY,202,0,202,統一,2023-04-20,5850
2330,台積電,204,3,201,統一,2023-04-20,5850
2913,農林,621,434,187,統一,2023-04-20,5850
3715,定穎投控,219,36,183,統一,2023-04-20,5850
3049,精金,174,0,174,統一,2023-04-20,5850
1529,樂事綠能,199,33,166,統一,2023-04-20,5850
3017,奇鋐,253,91,162,統一,2023-04-20,5850
2727,王品,300,139,161,統一,2023-04-20,5850
8088,品安,168,13,155,統一,2023-04-20,5850
6161,捷波,154,0,154,統一,2023-04-20,5850
00923,群益台ESG低碳50,144,8,136,統一,2023-04-20,5850
2606,裕民,137,3,134,統一,2023-04-20,5850
3481,群創,358,225,133,統一,2023-04-20,5850
2867,三商壽,143,12,131,統一,2023-04-20,5850
3324,雙鴻,209,84,125,統一,2023-04-20,5850
2454,聯發科,140,20,120,統一,2023-04-20,5850
020031,統一IC設計臺灣N,127,10,117,統一,2023-04-20,5850
1513,中興電,189,73,116,統一,2023-04-20,5850
4163,鐿鈦,113,0,113,統一,2023-04-20,5850
00895,富邦未來車,202,100,102,統一,2023-04-20,5850
2351,順德,111,9,102,統一,2023-04-20,5850
6719,力智,150,49,101,統一,2023-04-20,5850
2228,劍麟,105,5,100,統一,2023-04-20,5850
8234,新漢,93,1,92,統一,2023-04-20,5850
00637L,元大滬深300正2,93,5,88,統一,2023-04-20,5850
00881,國泰台灣5G+,83,0,83,統一,2023-04-20,5850
2883B,凱基金乙特,1989,0,1989,統一,2023-04-21,5850
8069,元太,1039,81,958,統一,2023-04-21,5850
6005,群益證,885,2,883,統一,2023-04-21,5850
1101,台泥,799,60,739,統一,2023-04-21,5850
2031,新光鋼,854,122,732,統一,2023-04-21,5850
3231,緯創,892,168,724,統一,2023-04-21,5850
2206,三陽工業,673,104,569,統一,2023-04-21,5850
1810,和成,681,127,554,統一,2023-04-21,5850
00636,國泰中國A50,500,0,500,統一,2023-04-21,5850
6799,來頡,543,56,487,統一,2023-04-21,5850
2748,雲品,532,64,468,統一,2023-04-21,5850
4968,立積,624,251,373,統一,2023-04-21,5850
2204,中華,595,264,331,統一,2023-04-21,5850
8033,雷虎,313,2,311,統一,2023-04-21,5850
00637L,元大滬深300正2,212,24,188,統一,2023-04-21,5850
00881,國泰台灣5G+,283,114,169,統一,2023-04-21,5850
2382,廣達,223,55,168,統一,2023-04-21,5850
2891,中信金,200,33,167,統一,2023-04-21,5850
2913,農林,997,833,164,統一,2023-04-21,5850
4763,材料-KY,187,26,161,統一,2023-04-21,5850
1314,中石化,157,2,155,統一,2023-04-21,5850
8105,凌巨,150,0,150,統一,2023-04-21,5850
2103,台橡,147,0,147,統一,2023-04-21,5850
9902,台火,147,1,146,統一,2023-04-21,5850
4510,高鋒,152,19,133,統一,2023-04-21,5850
00696B,富邦美債20年,360,240,120,統一,2023-04-21,5850
2352,佳世達,161,42,119,統一,2023-04-21,5850
8028,昇陽半導體,109,2,107,統一,2023-04-21,5850
6161,捷波,107,0,107,統一,2023-04-21,5850
6806,森崴能源,141,34,107,統一,2023-04-21,5850
1605,華新,217,113,104,統一,2023-04-21,5850
6414,樺漢,105,2,103,統一,2023-04-21,5850
2498,宏達電,144,43,101,統一,2023-04-21,5850
00892,富邦台灣半導體,101,0,101,統一,2023-04-21,5850
2851,中再保,101,0,101,統一,2023-04-21,5850
020030,統一智慧電動車N,136,40,96,統一,2023-04-21,5850
3324,雙鴻,175,82,93,統一,2023-04-21,5850
2002,中鋼,129,36,93,統一,2023-04-21,5850
3704,合勤控,150,63,87,統一,2023-04-21,5850
3680,家登,147,62,85,統一,2023-04-21,5850
6271,同欣電,196,114,82,統一,2023-04-21,5850
9904,寶成,90,12,78,統一,2023-04-21,5850
8234,新漢,91,13,78,統一,2023-04-21,5850
1108,幸福,82,4,78,統一,2023-04-21,5850
00830,國泰費城半導體,75,0,75,統一,2023-04-21,5850
4979,華星光,172,99,73,統一,2023-04-21,5850
00885,富邦越南,100,29,71,統一,2023-04-21,5850
1720,生達,83,16,67,統一,2023-04-21,5850
3131,弘塑,67,1,66,統一,2023-04-21,5850
2105,正新,66,1,65,統一,2023-04-21,5850
00632R,元大台灣50反1,1875,85,1790,統一,2023-04-24,5850
1721,三晃,1520,10,1510,統一,2023-04-24,5850
3037,欣興,1660,248,1412,統一,2023-04-24,5850
00637L,元大滬深300正2,1100,192,908,統一,2023-04-24,5850
2883B,凱基金乙特,862,0,862,統一,2023-04-24,5850
8069,元太,931,74,857,統一,2023-04-24,5850
1101,台泥,1083,367,716,統一,2023-04-24,5850
1310,台苯,578,44,534,統一,2023-04-24,5850
3624,光頡,645,171,474,統一,2023-04-24,5850
020031,統一IC設計臺灣N,487,28,459,統一,2023-04-24,5850
3481,群創,972,522,450,統一,2023-04-24,5850
2471,資通,416,58,358,統一,2023-04-24,5850
2913,農林,892,549,343,統一,2023-04-24,5850
2515,中工,330,5,325,統一,2023-04-24,5850
1519,華城,358,46,312,統一,2023-04-24,5850
3231,緯創,853,552,301,統一,2023-04-24,5850
1609,大亞,286,58,228,統一,2023-04-24,5850
2892,第一金,200,0,200,統一,2023-04-24,5850
6799,來頡,281,89,192,統一,2023-04-24,5850
3032,偉訓,207,18,189,統一,2023-04-24,5850
1904,正隆,294,115,179,統一,2023-04-24,5850
2634,漢翔,1358,1188,170,統一,2023-04-24,5850
3189,景碩,213,55,158,統一,2023-04-24,5850
6282,康舒,500,343,157,統一,2023-04-24,5850
00696B,富邦美債20年,410,256,154,統一,2023-04-24,5850
2201,裕隆,261,108,153,統一,2023-04-24,5850
5009,榮剛,200,48,152,統一,2023-04-24,5850
3711,日月光投控,151,0,151,統一,2023-04-24,5850
0050,元大台灣50,143,0,143,統一,2023-04-24,5850
6005,群益證,278,138,140,統一,2023-04-24,5850
8088,品安,142,12,130,統一,2023-04-24,5850
2461,光群雷,129,0,129,統一,2023-04-24,5850
9939,宏全,120,0,120,統一,2023-04-24,5850
5465,富驊,130,11,119,統一,2023-04-24,5850
6148,驊宏資,594,484,110,統一,2023-04-24,5850
00902,中信電池及儲能,110,0,110,統一,2023-04-24,5850
9919,康那香,115,11,104,統一,2023-04-24,5850
6234,高僑,102,0,102,統一,2023-04-24,5850
1909,榮成,148,47,101,統一,2023-04-24,5850
3479,安勤,121,20,101,統一,2023-04-24,5850
2704,國賓,100,0,100,統一,2023-04-24,5850
4147,中裕,169,75,94,統一,2023-04-24,5850
2603,長榮,764,672,92,統一,2023-04-24,5850
4763,材料-KY,129,37,92,統一,2023-04-24,5850
1584,精剛,160,72,88,統一,2023-04-24,5850
1905,華紙,410,327,83,統一,2023-04-24,5850
2851,中再保,82,0,82,統一,2023-04-24,5850
6438,迅得,80,0,80,統一,2023-04-24,5850
2105,正新,80,1,79,統一,2023-04-24,5850
1529,樂事綠能,111,32,79,統一,2023-04-24,5850
00632R,元大台灣50反1,8374,286,8088,統一,2023-04-25,5850
2883B,凱基金乙特,1220,0,1220,統一,2023-04-25,5850
8222,寶一,1048,40,1008,統一,2023-04-25,5850
6517,保勝光學,1013,7,1006,統一,2023-04-25,5850
2382,廣達,1398,393,1005,統一,2023-04-25,5850
3037,欣興,1062,171,891,統一,2023-04-25,5850
2413,環科,843,139,704,統一,2023-04-25,5850
1802,台玻,508,9,499,統一,2023-04-25,5850
2301,光寶科,414,7,407,統一,2023-04-25,5850
6235,華孚,471,71,400,統一,2023-04-25,5850
2206,三陽工業,495,107,388,統一,2023-04-25,5850
00637L,元大滬深300正2,348,1,347,統一,2023-04-25,5850
4147,中裕,469,125,344,統一,2023-04-25,5850
1907,永豐餘,433,119,314,統一,2023-04-25,5850
3224,三顧,321,9,312,統一,2023-04-25,5850
2892,第一金,301,1,300,統一,2023-04-25,5850
00881,國泰台灣5G+,300,0,300,統一,2023-04-25,5850
2031,新光鋼,524,229,295,統一,2023-04-25,5850
6461,益得,385,103,282,統一,2023-04-25,5850
3322,建舜電,313,36,277,統一,2023-04-25,5850
8069,元太,339,96,243,統一,2023-04-25,5850
1905,華紙,513,283,230,統一,2023-04-25,5850
1101,台泥,919,689,230,統一,2023-04-25,5850
3105,穩懋,313,91,222,統一,2023-04-25,5850
2105,正新,192,2,190,統一,2023-04-25,5850
6005,群益證,190,5,185,統一,2023-04-25,5850
3308,聯德,239,70,169,統一,2023-04-25,5850
3147,大綜,145,2,143,統一,2023-04-25,5850
2059,川湖,129,0,129,統一,2023-04-25,5850
8093,保銳,128,5,123,統一,2023-04-25,5850
4551,智伸科,118,0,118,統一,2023-04-25,5850
4123,晟德,161,43,118,統一,2023-04-25,5850
3294,英濟,127,11,116,統一,2023-04-25,5850
4763,材料-KY,136,24,112,統一,2023-04-25,5850
3702,大聯大,106,0,106,統一,2023-04-25,5850
6218,豪勉,105,3,102,統一,2023-04-25,5850
3711,日月光投控,103,2,101,統一,2023-04-25,5850
2474,可成,103,2,101,統一,2023-04-25,5850
1784,訊聯,153,62,91,統一,2023-04-25,5850
2851,中再保,90,0,90,統一,2023-04-25,5850
6830,汎銓,82,1,81,統一,2023-04-25,5850
3479,安勤,141,61,80,統一,2023-04-25,5850
2504,國產,88,10,78,統一,2023-04-25,5850
4728,雙美,80,2,78,統一,2023-04-25,5850
0050,元大台灣50,85,9,76,統一,2023-04-25,5850
8234,新漢,75,0,75,統一,2023-04-25,5850
2204,中華,165,93,72,統一,2023-04-25,5850
4572,駐龍,102,30,72,統一,2023-04-25,5850
6239,力成,88,16,72,統一,2023-04-25,5850
4977,眾達-KY,116,49,67,統一,2023-04-25,5850
00632R,元大台灣50反1,15421,145,15276,統一,2023-04-26,5850
2883B,凱基金乙特,1151,0,1151,統一,2023-04-26,5850
1310,台苯,1305,184,1121,統一,2023-04-26,5850
1905,華紙,1071,205,866,統一,2023-04-26,5850
3017,奇鋐,570,50,520,統一,2023-04-26,5850
2515,中工,602,230,372,統一,2023-04-26,5850
3558,神準,330,1,329,統一,2023-04-26,5850
1503,士電,429,114,315,統一,2023-04-26,5850
2301,光寶科,325,10,315,統一,2023-04-26,5850
2618,長榮航,554,247,307,統一,2023-04-26,5850
2201,裕隆,497,206,291,統一,2023-04-26,5850
2356,英業達,281,10,271,統一,2023-04-26,5850
2204,中華,413,154,259,統一,2023-04-26,5850
00830,國泰費城半導體,467,214,253,統一,2023-04-26,5850
3711,日月光投控,277,63,214,統一,2023-04-26,5850
8069,元太,224,29,195,統一,2023-04-26,5850
3058,立德,284,91,193,統一,2023-04-26,5850
2454,聯發科,253,77,176,統一,2023-04-26,5850
2317,鴻海,235,60,175,統一,2023-04-26,5850
1519,華城,342,172,170,統一,2023-04-26,5850
4147,中裕,334,169,165,統一,2023-04-26,5850
4572,駐龍,220,56,164,統一,2023-04-26,5850
3231,緯創,374,210,164,統一,2023-04-26,5850
2882,國泰金,181,18,163,統一,2023-04-26,5850
6770,力積電,188,44,144,統一,2023-04-26,5850
1727,中華化,418,280,138,統一,2023-04-26,5850
2474,可成,130,0,130,統一,2023-04-26,5850
2603,長榮,494,370,124,統一,2023-04-26,5850
2891,中信金,130,9,121,統一,2023-04-26,5850
2408,南亞科,212,95,117,統一,2023-04-26,5850
6223,旺矽,116,1,115,統一,2023-04-26,5850
2330,台積電,270,157,113,統一,2023-04-26,5850
2379,瑞昱,113,2,111,統一,2023-04-26,5850
8155,博智,110,2,108,統一,2023-04-26,5850
5351,鈺創,111,7,104,統一,2023-04-26,5850
3693,營邦,105,2,103,統一,2023-04-26,5850
8050,廣積,114,12,102,統一,2023-04-26,5850
2888,新光金,105,4,101,統一,2023-04-26,5850
00909,國泰數位支付服務,112,11,101,統一,2023-04-26,5850
1785,光洋科,100,0,100,統一,2023-04-26,5850
3265,台星科,140,43,97,統一,2023-04-26,5850
1720,生達,188,91,97,統一,2023-04-26,5850
6456,GIS-KY,90,0,90,統一,2023-04-26,5850
2429,銘旺科,89,0,89,統一,2023-04-26,5850
2609,陽明,169,81,88,統一,2023-04-26,5850
1108,幸福,175,89,86,統一,2023-04-26,5850
3032,偉訓,92,8,84,統一,2023-04-26,5850
5483,中美晶,91,7,84,統一,2023-04-26,5850
2890,永豐金,82,0,82,統一,2023-04-26,5850
2885,元大金,81,0,81,統一,2023-04-26,5850
00673R,期元大S＆P原油反1,8883,120,8763,統一,2023-04-27,5850
8222,寶一,3130,118,3012,統一,2023-04-27,5850
2618,長榮航,2160,436,1724,統一,2023-04-27,5850
3004,豐達科,1270,24,1246,統一,2023-04-27,5850
4960,誠美材,1104,0,1104,統一,2023-04-27,5850
2408,南亞科,921,157,764,統一,2023-04-27,5850
2883B,凱基金乙特,756,0,756,統一,2023-04-27,5850
2603,長榮,951,305,646,統一,2023-04-27,5850
1727,中華化,721,259,462,統一,2023-04-27,5850
00632R,元大台灣50反1,1113,726,387,統一,2023-04-27,5850
2412,中華電,387,76,311,統一,2023-04-27,5850
2731,雄獅,325,19,306,統一,2023-04-27,5850
2482,連宇,325,25,300,統一,2023-04-27,5850
2204,中華,431,148,283,統一,2023-04-27,5850
3078,僑威,315,67,248,統一,2023-04-27,5850
2379,瑞昱,294,48,246,統一,2023-04-27,5850
00712,復華富時不動產,218,0,218,統一,2023-04-27,5850
3231,緯創,728,535,193,統一,2023-04-27,5850
3017,奇鋐,370,194,176,統一,2023-04-27,5850
2630,亞航,259,83,176,統一,2023-04-27,5850
6741,91APP*-KY,200,40,160,統一,2023-04-27,5850
1907,永豐餘,340,180,160,統一,2023-04-27,5850
2330,台積電,220,68,152,統一,2023-04-27,5850
6005,群益證,151,0,151,統一,2023-04-27,5850
2103,台橡,150,0,150,統一,2023-04-27,5850
8011,台通,224,86,138,統一,2023-04-27,5850
4147,中裕,143,7,136,統一,2023-04-27,5850
2471,資通,217,83,134,統一,2023-04-27,5850
3260,威剛,188,54,134,統一,2023-04-27,5850
4572,駐龍,189,57,132,統一,2023-04-27,5850
2308,台達電,187,59,128,統一,2023-04-27,5850
2610,華航,195,72,123,統一,2023-04-27,5850
2301,光寶科,128,7,121,統一,2023-04-27,5850
2351,順德,147,27,120,統一,2023-04-27,5850
5351,鈺創,120,0,120,統一,2023-04-27,5850
8215,明基材,156,39,117,統一,2023-04-27,5850
4108,懷特,116,0,116,統一,2023-04-27,5850
4711,永純,116,1,115,統一,2023-04-27,5850
8299,群聯,151,44,107,統一,2023-04-27,5850
2382,廣達,118,14,104,統一,2023-04-27,5850
1773,勝一,100,0,100,統一,2023-04-27,5850
3479,安勤,100,6,94,統一,2023-04-27,5850
2344,華邦電,153,59,94,統一,2023-04-27,5850
8033,雷虎,136,46,90,統一,2023-04-27,5850
4123,晟德,221,132,89,統一,2023-04-27,5850
1402,遠東新,90,4,86,統一,2023-04-27,5850
6213,聯茂,88,4,84,統一,2023-04-27,5850
5009,榮剛,198,122,76,統一,2023-04-27,5850
00853B,統一美債10年Aa-,400,329,71,統一,2023-04-27,5850
3715,定穎投控,111,40,71,統一,2023-04-27,5850
00673R,期元大S＆P原油反1,4937,0,4937,統一,2023-04-28,5850
3363,上詮,5039,112,4927,統一,2023-04-28,5850
3037,欣興,1666,210,1456,統一,2023-04-28,5850
5009,榮剛,1503,283,1220,統一,2023-04-28,5850
1809,中釉,1150,244,906,統一,2023-04-28,5850
2883B,凱基金乙特,802,0,802,統一,2023-04-28,5850
8121,越峰,769,14,755,統一,2023-04-28,5850
4960,誠美材,602,0,602,統一,2023-04-28,5850
2618,長榮航,858,257,601,統一,2023-04-28,5850
2344,華邦電,825,257,568,統一,2023-04-28,5850
4968,立積,662,101,561,統一,2023-04-28,5850
2408,南亞科,677,198,479,統一,2023-04-28,5850
1905,華紙,833,374,459,統一,2023-04-28,5850
2303,聯電,1105,670,435,統一,2023-04-28,5850
6752,叡揚,401,15,386,統一,2023-04-28,5850
1609,大亞,422,40,382,統一,2023-04-28,5850
3032,偉訓,395,104,291,統一,2023-04-28,5850
6111,大宇資,342,51,291,統一,2023-04-28,5850
1305,華夏,272,0,272,統一,2023-04-28,5850
1519,華城,307,40,267,統一,2023-04-28,5850
3105,穩懋,290,37,253,統一,2023-04-28,5850
00680L,元大美債20正2,232,20,212,統一,2023-04-28,5850
2495,普安,361,150,211,統一,2023-04-28,5850
2731,雄獅,247,40,207,統一,2023-04-28,5850
2022,聚亨,225,22,203,統一,2023-04-28,5850
2634,漢翔,811,610,201,統一,2023-04-28,5850
6167,久正,221,21,200,統一,2023-04-28,5850
3034,聯詠,211,24,187,統一,2023-04-28,5850
6005,群益證,183,0,183,統一,2023-04-28,5850
8210,勤誠,170,6,164,統一,2023-04-28,5850
00715L,期街口布蘭特正2,171,10,161,統一,2023-04-28,5850
3017,奇鋐,270,110,160,統一,2023-04-28,5850
3289,宜特,200,41,159,統一,2023-04-28,5850
2356,英業達,163,13,150,統一,2023-04-28,5850
00764B,群益25年美債,550,409,141,統一,2023-04-28,5850
00632R,元大台灣50反1,525,395,130,統一,2023-04-28,5850
6112,邁達特,164,36,128,統一,2023-04-28,5850
8046,南電,228,105,123,統一,2023-04-28,5850
2515,中工,128,17,111,統一,2023-04-28,5850
2376,技嘉,109,0,109,統一,2023-04-28,5850
8093,保銳,109,3,106,統一,2023-04-28,5850
00679B,元大美債20年,145,42,103,統一,2023-04-28,5850
2206,三陽工業,178,76,102,統一,2023-04-28,5850
1776,展宇,96,0,96,統一,2023-04-28,5850
6874,倍力,114,21,93,統一,2023-04-28,5850
4121,優盛,98,6,92,統一,2023-04-28,5850
2353,宏��,174,82,92,統一,2023-04-28,5850
2455,全新,124,33,91,統一,2023-04-28,5850
9933,中鼎,90,0,90,統一,2023-04-28,5850
2317,鴻海,110,20,90,統一,2023-04-28,5850
4968,立積,3708,286,3422,統一,2023-05-02,5850
00632R,元大台灣50反1,2261,811,1450,統一,2023-05-02,5850
3715,定穎投控,957,4,953,統一,2023-05-02,5850
3032,偉訓,1014,147,867,統一,2023-05-02,5850
1101,台泥,975,203,772,統一,2023-05-02,5850
2883B,凱基金乙特,702,0,702,統一,2023-05-02,5850
3231,緯創,1628,992,636,統一,2023-05-02,5850
00902,中信電池及儲能,600,0,600,統一,2023-05-02,5850
6752,叡揚,1033,442,591,統一,2023-05-02,5850
2618,長榮航,803,269,534,統一,2023-05-02,5850
2820,華票,500,0,500,統一,2023-05-02,5850
3481,群創,555,123,432,統一,2023-05-02,5850
1514,亞力,506,86,420,統一,2023-05-02,5850
1519,華城,571,153,418,統一,2023-05-02,5850
2002,中鋼,464,56,408,統一,2023-05-02,5850
4111,濟生,520,125,395,統一,2023-05-02,5850
8085,福華,377,8,369,統一,2023-05-02,5850
3324,雙鴻,468,106,362,統一,2023-05-02,5850
8069,元太,806,459,347,統一,2023-05-02,5850
4960,誠美材,349,6,343,統一,2023-05-02,5850
00680L,元大美債20正2,323,7,316,統一,2023-05-02,5850
0050,元大台灣50,280,4,276,統一,2023-05-02,5850
2645,長榮航太,280,6,274,統一,2023-05-02,5850
6288,聯嘉,465,192,273,統一,2023-05-02,5850
2888B,新光金乙特,271,0,271,統一,2023-05-02,5850
2888A,新光金甲特,270,0,270,統一,2023-05-02,5850
3037,欣興,1150,901,249,統一,2023-05-02,5850
1513,中興電,393,157,236,統一,2023-05-02,5850
020030,統一智慧電動車N,224,0,224,統一,2023-05-02,5850
6167,久正,265,42,223,統一,2023-05-02,5850
2376,技嘉,224,15,209,統一,2023-05-02,5850
2637,慧洋-KY,220,15,205,統一,2023-05-02,5850
3017,奇鋐,451,252,199,統一,2023-05-02,5850
3260,威剛,234,39,195,統一,2023-05-02,5850
2317,鴻海,320,125,195,統一,2023-05-02,5850
4510,高鋒,303,111,192,統一,2023-05-02,5850
2206,三陽工業,834,658,176,統一,2023-05-02,5850
1402,遠東新,182,10,172,統一,2023-05-02,5850
2330,台積電,200,30,170,統一,2023-05-02,5850
1795,美時,184,15,169,統一,2023-05-02,5850
2457,飛宏,506,352,154,統一,2023-05-02,5850
00706L,期元大S＆P日圓正2,152,0,152,統一,2023-05-02,5850
3443,創意,252,101,151,統一,2023-05-02,5850
4909,新復興,150,5,145,統一,2023-05-02,5850
2345,智邦,148,13,135,統一,2023-05-02,5850
6244,茂迪,186,51,135,統一,2023-05-02,5850
6806,森崴能源,212,80,132,統一,2023-05-02,5850
5439,高技,125,0,125,統一,2023-05-02,5850
8099,大世科,127,2,125,統一,2023-05-02,5850
2417,圓剛,118,0,118,統一,2023-05-02,5850
00673R,期元大S＆P原油反1,5245,54,5191,統一,2023-05-03,5850
3231,緯創,1613,183,1430,統一,2023-05-03,5850
3037,欣興,684,151,533,統一,2023-05-03,5850
00637L,元大滬深300正2,409,16,393,統一,2023-05-03,5850
2359,所羅門,350,0,350,統一,2023-05-03,5850
1513,中興電,541,194,347,統一,2023-05-03,5850
4121,優盛,349,13,336,統一,2023-05-03,5850
6111,大宇資,427,95,332,統一,2023-05-03,5850
3443,創意,410,104,306,統一,2023-05-03,5850
6005,群益證,298,43,255,統一,2023-05-03,5850
00830,國泰費城半導體,251,0,251,統一,2023-05-03,5850
5009,榮剛,330,92,238,統一,2023-05-03,5850
2382,廣達,368,132,236,統一,2023-05-03,5850
5222,全訊,372,151,221,統一,2023-05-03,5850
2886,兆豐金,228,8,220,統一,2023-05-03,5850
2881,富邦金,207,0,207,統一,2023-05-03,5850
8069,元太,548,342,206,統一,2023-05-03,5850
00706L,期元大S＆P日圓正2,200,0,200,統一,2023-05-03,5850
6592,和潤企業,221,21,200,統一,2023-05-03,5850
9910,豐泰,190,0,190,統一,2023-05-03,5850
5475,德宏,184,1,183,統一,2023-05-03,5850
3653,健策,168,10,158,統一,2023-05-03,5850
6288,聯嘉,158,6,152,統一,2023-05-03,5850
2745,五福,150,0,150,統一,2023-05-03,5850
5388,中磊,150,0,150,統一,2023-05-03,5850
6235,華孚,261,120,141,統一,2023-05-03,5850
4711,永純,142,3,139,統一,2023-05-03,5850
2206,三陽工業,439,302,137,統一,2023-05-03,5850
2474,可成,121,2,119,統一,2023-05-03,5850
1905,華紙,335,218,117,統一,2023-05-03,5850
2913,農林,316,201,115,統一,2023-05-03,5850
1727,中華化,152,37,115,統一,2023-05-03,5850
2884,玉山金,166,53,113,統一,2023-05-03,5850
5439,高技,104,0,104,統一,2023-05-03,5850
9939,宏全,102,1,101,統一,2023-05-03,5850
00665L,富邦�琤肭磪囓�2,100,0,100,統一,2023-05-03,5850
2103,台橡,120,20,100,統一,2023-05-03,5850
1909,榮成,100,0,100,統一,2023-05-03,5850
2344,華邦電,258,168,90,統一,2023-05-03,5850
4960,誠美材,89,0,89,統一,2023-05-03,5850
9942,茂順,109,25,84,統一,2023-05-03,5850
9802,鈺齊-KY,81,0,81,統一,2023-05-03,5850
00900,富邦特選高股息30,100,22,78,統一,2023-05-03,5850
6112,邁達特,96,29,67,統一,2023-05-03,5850
3060,銘異,131,66,65,統一,2023-05-03,5850
2515,中工,76,11,65,統一,2023-05-03,5850
4979,華星光,141,78,63,統一,2023-05-03,5850
4770,上品,80,20,60,統一,2023-05-03,5850
1723,中碳,60,0,60,統一,2023-05-03,5850
3207,耀勝,62,2,60,統一,2023-05-03,5850
00673R,期元大S＆P原油反1,6716,19,6697,統一,2023-05-04,5850
1609,大亞,2854,637,2217,統一,2023-05-04,5850
3017,奇鋐,1945,281,1664,統一,2023-05-04,5850
1904,正隆,1339,233,1106,統一,2023-05-04,5850
00632R,元大台灣50反1,1101,75,1026,統一,2023-05-04,5850
6005,群益證,790,9,781,統一,2023-05-04,5850
3711,日月光投控,810,196,614,統一,2023-05-04,5850
1101,台泥,464,3,461,統一,2023-05-04,5850
5309,系統電,449,28,421,統一,2023-05-04,5850
1301,台塑,420,0,420,統一,2023-05-04,5850
1605,華新,443,29,414,統一,2023-05-04,5850
3037,欣興,698,285,413,統一,2023-05-04,5850
6274,台燿,321,9,312,統一,2023-05-04,5850
2890,永豐金,301,2,299,統一,2023-05-04,5850
2421,建準,413,149,264,統一,2023-05-04,5850
2105,正新,455,204,251,統一,2023-05-04,5850
1513,中興電,445,198,247,統一,2023-05-04,5850
1529,樂事綠能,399,164,235,統一,2023-05-04,5850
4147,中裕,352,133,219,統一,2023-05-04,5850
00712,復華富時不動產,215,0,215,統一,2023-05-04,5850
2867,三商壽,210,0,210,統一,2023-05-04,5850
2357,華碩,215,24,191,統一,2023-05-04,5850
1519,華城,212,32,180,統一,2023-05-04,5850
2208,台船,229,50,179,統一,2023-05-04,5850
2303,聯電,291,120,171,統一,2023-05-04,5850
2314,台揚,184,35,149,統一,2023-05-04,5850
3673,TPK-KY,154,12,142,統一,2023-05-04,5850
020031,統一IC設計臺灣N,149,16,133,統一,2023-05-04,5850
2408,南亞科,170,38,132,統一,2023-05-04,5850
5009,榮剛,288,161,127,統一,2023-05-04,5850
020030,統一智慧電動車N,114,2,112,統一,2023-05-04,5850
1307,三芳,109,0,109,統一,2023-05-04,5850
2383,台光電,127,20,107,統一,2023-05-04,5850
6235,華孚,231,125,106,統一,2023-05-04,5850
2618,長榮航,163,62,101,統一,2023-05-04,5850
3147,大綜,152,52,100,統一,2023-05-04,5850
5439,高技,95,0,95,統一,2023-05-04,5850
1503,士電,330,235,95,統一,2023-05-04,5850
6589,台康生技,185,92,93,統一,2023-05-04,5850
4108,懷特,95,2,93,統一,2023-05-04,5850
6763,綠界科技*,100,7,93,統一,2023-05-04,5850
6218,豪勉,103,14,89,統一,2023-05-04,5850
2239,英利-KY,88,0,88,統一,2023-05-04,5850
4967,十銓,155,67,88,統一,2023-05-04,5850
1727,中華化,139,58,81,統一,2023-05-04,5850
2745,五福,81,0,81,統一,2023-05-04,5850
3363,上詮,128,56,72,統一,2023-05-04,5850
1720,生達,120,49,71,統一,2023-05-04,5850
4160,訊聯基因,69,1,68,統一,2023-05-04,5850
00680L,元大美債20正2,100,34,66,統一,2023-05-04,5850
00673R,期元大S＆P原油反1,4963,28,4935,統一,2023-05-05,5850
8085,福華,2239,65,2174,統一,2023-05-05,5850
6245,立端,1158,394,764,統一,2023-05-05,5850
3231,緯創,1907,1165,742,統一,2023-05-05,5850
2606,裕民,572,21,551,統一,2023-05-05,5850
3037,欣興,939,389,550,統一,2023-05-05,5850
6005,群益證,496,0,496,統一,2023-05-05,5850
3338,泰碩,966,488,478,統一,2023-05-05,5850
6589,台康生技,562,123,439,統一,2023-05-05,5850
3305,昇貿,400,3,397,統一,2023-05-05,5850
3363,上詮,571,190,381,統一,2023-05-05,5850
2303,聯電,377,27,350,統一,2023-05-05,5850
2614,東森,309,2,307,統一,2023-05-05,5850
2002,中鋼,308,4,304,統一,2023-05-05,5850
2455,全新,358,106,252,統一,2023-05-05,5850
2634,漢翔,491,260,231,統一,2023-05-05,5850
3005,神基,293,72,221,統一,2023-05-05,5850
3479,安勤,501,288,213,統一,2023-05-05,5850
6274,台燿,254,46,208,統一,2023-05-05,5850
00712,復華富時不動產,215,10,205,統一,2023-05-05,5850
6127,九豪,267,67,200,統一,2023-05-05,5850
4960,誠美材,200,0,200,統一,2023-05-05,5850
5876,上海商銀,198,1,197,統一,2023-05-05,5850
2492,華新科,214,17,197,統一,2023-05-05,5850
4967,十銓,301,106,195,統一,2023-05-05,5850
6763,綠界科技*,192,4,188,統一,2023-05-05,5850
2409,友達,187,17,170,統一,2023-05-05,5850
4903,聯光通,163,0,163,統一,2023-05-05,5850
2312,金寶,161,0,161,統一,2023-05-05,5850
6112,邁達特,457,304,153,統一,2023-05-05,5850
3703,欣陸,150,0,150,統一,2023-05-05,5850
2317,鴻海,163,15,148,統一,2023-05-05,5850
6443,元晶,194,50,144,統一,2023-05-05,5850
5439,高技,140,7,133,統一,2023-05-05,5850
3230,錦明,128,0,128,統一,2023-05-05,5850
2031,新光鋼,124,8,116,統一,2023-05-05,5850
8930,青鋼,142,28,114,統一,2023-05-05,5850
1503,士電,393,279,114,統一,2023-05-05,5850
6244,茂迪,491,381,110,統一,2023-05-05,5850
3545,敦泰,131,25,106,統一,2023-05-05,5850
2368,金像電,157,55,102,統一,2023-05-05,5850
4161,聿新科,131,30,101,統一,2023-05-05,5850
8403,盛弘,669,568,101,統一,2023-05-05,5850
3481,群創,188,87,101,統一,2023-05-05,5850
4121,優盛,110,10,100,統一,2023-05-05,5850
3071,協禧,208,110,98,統一,2023-05-05,5850
5309,系統電,146,52,94,統一,2023-05-05,5850
3443,創意,122,28,94,統一,2023-05-05,5850
4958,臻鼎-KY,93,0,93,統一,2023-05-05,5850
2618,長榮航,92,1,91,統一,2023-05-05,5850
00673R,期元大S＆P原油反1,1950,433,1517,統一,2023-05-08,5850
1609,大亞,1632,333,1299,統一,2023-05-08,5850
3037,欣興,1605,393,1212,統一,2023-05-08,5850
2603,長榮,865,249,616,統一,2023-05-08,5850
00885,富邦越南,600,0,600,統一,2023-05-08,5850
00633L,富邦上証正2,603,18,585,統一,2023-05-08,5850
1504,東元,854,298,556,統一,2023-05-08,5850
6005,群益證,473,30,443,統一,2023-05-08,5850
3715,定穎投控,992,550,442,統一,2023-05-08,5850
2371,大同,617,176,441,統一,2023-05-08,5850
3017,奇鋐,811,386,425,統一,2023-05-08,5850
6235,華孚,503,110,393,統一,2023-05-08,5850
2421,建準,832,464,368,統一,2023-05-08,5850
2303,聯電,387,27,360,統一,2023-05-08,5850
020031,統一IC設計臺灣N,372,53,319,統一,2023-05-08,5850
3038,全台,337,36,301,統一,2023-05-08,5850
4915,致伸,286,0,286,統一,2023-05-08,5850
020030,統一智慧電動車N,279,1,278,統一,2023-05-08,5850
3363,上詮,341,65,276,統一,2023-05-08,5850
5498,凱崴,268,0,268,統一,2023-05-08,5850
2606,裕民,257,0,257,統一,2023-05-08,5850
3058,立德,250,11,239,統一,2023-05-08,5850
1503,士電,317,102,215,統一,2023-05-08,5850
6531,愛普*,246,31,215,統一,2023-05-08,5850
1519,華城,648,439,209,統一,2023-05-08,5850
3011,今皓,202,0,202,統一,2023-05-08,5850
4173,久裕,204,14,190,統一,2023-05-08,5850
3231,緯創,488,298,190,統一,2023-05-08,5850
2548,華固,189,0,189,統一,2023-05-08,5850
2002,中鋼,187,4,183,統一,2023-05-08,5850
3483,力致,209,29,180,統一,2023-05-08,5850
2301,光寶科,173,5,168,統一,2023-05-08,5850
5439,高技,174,23,151,統一,2023-05-08,5850
1513,中興電,320,179,141,統一,2023-05-08,5850
3147,大綜,242,102,140,統一,2023-05-08,5850
3324,雙鴻,184,47,137,統一,2023-05-08,5850
5864,致和證,141,5,136,統一,2023-05-08,5850
6456,GIS-KY,132,2,130,統一,2023-05-08,5850
3661,世芯-KY,149,23,126,統一,2023-05-08,5850
8403,盛弘,211,87,124,統一,2023-05-08,5850
00712,復華富時不動產,121,0,121,統一,2023-05-08,5850
4175,杏一,138,18,120,統一,2023-05-08,5850
2455,全新,166,47,119,統一,2023-05-08,5850
2457,飛宏,217,99,118,統一,2023-05-08,5850
2204,中華,176,59,117,統一,2023-05-08,5850
0050,元大台灣50,137,20,117,統一,2023-05-08,5850
8478,東哥遊艇,153,42,111,統一,2023-05-08,5850
00882,中信中國高股息,112,4,108,統一,2023-05-08,5850
6112,邁達特,183,75,108,統一,2023-05-08,5850
3484,崧騰,241,135,106,統一,2023-05-08,5850
00715L,期街口布蘭特正2,2443,616,1827,統一,2023-05-09,5850
00673R,期元大S＆P原油反1,1020,0,1020,統一,2023-05-09,5850
3231,緯創,1087,293,794,統一,2023-05-09,5850
2891,中信金,615,16,599,統一,2023-05-09,5850
00680L,元大美債20正2,596,0,596,統一,2023-05-09,5850
3483,力致,1392,924,468,統一,2023-05-09,5850
3673,TPK-KY,558,93,465,統一,2023-05-09,5850
00882,中信中國高股息,387,45,342,統一,2023-05-09,5850
8234,新漢,336,28,308,統一,2023-05-09,5850
3037,欣興,447,144,303,統一,2023-05-09,5850
3071,協禧,286,40,246,統一,2023-05-09,5850
6005,群益證,238,0,238,統一,2023-05-09,5850
8046,南電,300,65,235,統一,2023-05-09,5850
3147,大綜,223,15,208,統一,2023-05-09,5850
2548,華固,205,0,205,統一,2023-05-09,5850
2645,長榮航太,211,13,198,統一,2023-05-09,5850
8069,元太,224,36,188,統一,2023-05-09,5850
2027,大成鋼,227,46,181,統一,2023-05-09,5850
00633L,富邦上証正2,202,28,174,統一,2023-05-09,5850
00878,國泰永續高股息,177,4,173,統一,2023-05-09,5850
2303,聯電,249,81,168,統一,2023-05-09,5850
5439,高技,157,2,155,統一,2023-05-09,5850
2603,長榮,248,105,143,統一,2023-05-09,5850
2331,精英,140,3,137,統一,2023-05-09,5850
2382,廣達,177,44,133,統一,2023-05-09,5850
6689,伊雲谷,155,29,126,統一,2023-05-09,5850
6806,森崴能源,149,30,119,統一,2023-05-09,5850
2313,華通,123,12,111,統一,2023-05-09,5850
2352,佳世達,308,197,111,統一,2023-05-09,5850
3363,上詮,142,37,105,統一,2023-05-09,5850
1305,華夏,102,0,102,統一,2023-05-09,5850
00696B,富邦美債20年,102,0,102,統一,2023-05-09,5850
5876,上海商銀,101,1,100,統一,2023-05-09,5850
3661,世芯-KY,109,9,100,統一,2023-05-09,5850
1308,亞聚,100,0,100,統一,2023-05-09,5850
3029,零壹,230,132,98,統一,2023-05-09,5850
5009,榮剛,188,91,97,統一,2023-05-09,5850
020025,統一亞洲半導體N,95,0,95,統一,2023-05-09,5850
00900,富邦特選高股息30,93,0,93,統一,2023-05-09,5850
5351,鈺創,109,16,93,統一,2023-05-09,5850
4147,中裕,141,51,90,統一,2023-05-09,5850
3481,群創,123,37,86,統一,2023-05-09,5850
2732,六角,100,17,83,統一,2023-05-09,5850
00688L,國泰20年美債正2,82,0,82,統一,2023-05-09,5850
5315,光聯,85,4,81,統一,2023-05-09,5850
1727,中華化,115,35,80,統一,2023-05-09,5850
2641,正德,79,0,79,統一,2023-05-09,5850
2881,富邦金,81,4,77,統一,2023-05-09,5850
6016,康和證,72,0,72,統一,2023-05-09,5850
5258,虹堡,71,1,70,統一,2023-05-09,5850
6234,高僑,4130,60,4070,統一,2023-05-10,5850
00715L,期街口布蘭特正2,1096,105,991,統一,2023-05-10,5850
2603,長榮,1083,431,652,統一,2023-05-10,5850
1337,再生-KY,576,11,565,統一,2023-05-10,5850
6005,群益證,635,110,525,統一,2023-05-10,5850
1907,永豐餘,505,10,495,統一,2023-05-10,5850
3231,緯創,936,526,410,統一,2023-05-10,5850
2634,漢翔,446,71,375,統一,2023-05-10,5850
2609,陽明,336,26,310,統一,2023-05-10,5850
2376,技嘉,637,332,305,統一,2023-05-10,5850
2454,聯發科,280,18,262,統一,2023-05-10,5850
6139,亞翔,436,187,249,統一,2023-05-10,5850
00637L,元大滬深300正2,271,33,238,統一,2023-05-10,5850
5227,立凱-KY,235,17,218,統一,2023-05-10,5850
2022,聚亨,226,12,214,統一,2023-05-10,5850
2330,台積電,244,42,202,統一,2023-05-10,5850
6689,伊雲谷,547,362,185,統一,2023-05-10,5850
3324,雙鴻,258,91,167,統一,2023-05-10,5850
8112,至上,171,8,163,統一,2023-05-10,5850
5439,高技,186,31,155,統一,2023-05-10,5850
4939,亞電,149,1,148,統一,2023-05-10,5850
1760,寶齡富錦,140,2,138,統一,2023-05-10,5850
1721,三晃,138,1,137,統一,2023-05-10,5850
2615,萬海,176,42,134,統一,2023-05-10,5850
00696B,富邦美債20年,448,320,128,統一,2023-05-10,5850
00665L,富邦�琤肭磪囓�2,120,0,120,統一,2023-05-10,5850
6239,力成,120,2,118,統一,2023-05-10,5850
3545,敦泰,133,15,118,統一,2023-05-10,5850
6191,精成科,124,8,116,統一,2023-05-10,5850
3680,家登,134,21,113,統一,2023-05-10,5850
020025,統一亞洲半導體N,108,2,106,統一,2023-05-10,5850
2383,台光電,105,0,105,統一,2023-05-10,5850
1454,台富,100,0,100,統一,2023-05-10,5850
5284,jpp-KY,141,48,93,統一,2023-05-10,5850
2201,裕隆,121,28,93,統一,2023-05-10,5850
2630,亞航,160,75,85,統一,2023-05-10,5850
3044,健鼎,111,27,84,統一,2023-05-10,5850
9933,中鼎,90,8,82,統一,2023-05-10,5850
3037,欣興,158,78,80,統一,2023-05-10,5850
3363,上詮,115,38,77,統一,2023-05-10,5850
2356,英業達,81,5,76,統一,2023-05-10,5850
2606,裕民,85,10,75,統一,2023-05-10,5850
00712,復華富時不動產,73,0,73,統一,2023-05-10,5850
8940,新天地,73,0,73,統一,2023-05-10,5850
6160,欣技,121,50,71,統一,2023-05-10,5850
8088,品安,70,0,70,統一,2023-05-10,5850
2105,正新,69,3,66,統一,2023-05-10,5850
3704,合勤控,77,12,65,統一,2023-05-10,5850
2731,雄獅,133,69,64,統一,2023-05-10,5850
2388,威盛,72,11,61,統一,2023-05-10,5850
2324,仁寶,2301,36,2265,統一,2023-05-11,5850
3037,欣興,1709,457,1252,統一,2023-05-11,5850
6005,群益證,959,163,796,統一,2023-05-11,5850
2615,萬海,772,208,564,統一,2023-05-11,5850
5439,高技,561,20,541,統一,2023-05-11,5850
2382,廣達,733,211,522,統一,2023-05-11,5850
1301,台塑,505,1,504,統一,2023-05-11,5850
2376,技嘉,513,9,504,統一,2023-05-11,5850
2103,台橡,374,0,374,統一,2023-05-11,5850
2027,大成鋼,392,19,373,統一,2023-05-11,5850
2455,全新,349,31,318,統一,2023-05-11,5850
2748,雲品,185,8,177,統一,2023-05-11,5850
3224,三顧,213,48,165,統一,2023-05-11,5850
1760,寶齡富錦,230,68,162,統一,2023-05-11,5850
2049,上銀,184,30,154,統一,2023-05-11,5850
1907,永豐餘,155,4,151,統一,2023-05-11,5850
3481,群創,454,322,132,統一,2023-05-11,5850
6531,愛普*,177,60,117,統一,2023-05-11,5850
4927,泰鼎-KY,116,0,116,統一,2023-05-11,5850
2352,佳世達,235,123,112,統一,2023-05-11,5850
1605,華新,136,32,104,統一,2023-05-11,5850
1529,樂事綠能,113,10,103,統一,2023-05-11,5850
5328,華容,102,0,102,統一,2023-05-11,5850
3044,健鼎,108,6,102,統一,2023-05-11,5850
3711,日月光投控,100,1,99,統一,2023-05-11,5850
1447,力鵬,93,0,93,統一,2023-05-11,5850
5009,榮剛,342,250,92,統一,2023-05-11,5850
2301,光寶科,95,4,91,統一,2023-05-11,5850
8420,明揚,95,9,86,統一,2023-05-11,5850
4747,強生,90,9,81,統一,2023-05-11,5850
4755,三福化,75,0,75,統一,2023-05-11,5850
1909,榮成,101,30,71,統一,2023-05-11,5850
00639,富邦深100,72,2,70,統一,2023-05-11,5850
2421,建準,273,204,69,統一,2023-05-11,5850
2886,兆豐金,90,23,67,統一,2023-05-11,5850
3664,安瑞-KY,67,1,66,統一,2023-05-11,5850
0056,元大高股息,77,11,66,統一,2023-05-11,5850
6189,豐藝,94,30,64,統一,2023-05-11,5850
6148,驊宏資,80,19,61,統一,2023-05-11,5850
3591,艾笛森,70,12,58,統一,2023-05-11,5850
9943,好樂迪,138,81,57,統一,2023-05-11,5850
2314,台揚,56,0,56,統一,2023-05-11,5850
5465,富驊,99,44,55,統一,2023-05-11,5850
6111,大宇資,94,41,53,統一,2023-05-11,5850
00665L,富邦�琤肭磪囓�2,52,1,51,統一,2023-05-11,5850
6233,旺玖,51,0,51,統一,2023-05-11,5850
3516,亞帝歐,59,8,51,統一,2023-05-11,5850
1216,統一,56,6,50,統一,2023-05-11,5850
6239,力成,50,0,50,統一,2023-05-11,5850
2474,可成,60,11,49,統一,2023-05-11,5850
2371,大同,3583,656,2927,統一,2023-05-12,5850
6005,群益證,2062,349,1713,統一,2023-05-12,5850
00632R,元大台灣50反1,2035,335,1700,統一,2023-05-12,5850
3032,偉訓,905,5,900,統一,2023-05-12,5850
2382,廣達,1550,682,868,統一,2023-05-12,5850
2603,長榮,832,59,773,統一,2023-05-12,5850
1504,東元,485,10,475,統一,2023-05-12,5850
3231,緯創,1790,1379,411,統一,2023-05-12,5850
5531,鄉林,486,93,393,統一,2023-05-12,5850
2454,聯發科,334,18,316,統一,2023-05-12,5850
3711,日月光投控,316,1,315,統一,2023-05-12,5850
3481,群創,435,122,313,統一,2023-05-12,5850
2615,萬海,320,7,313,統一,2023-05-12,5850
5009,榮剛,287,20,267,統一,2023-05-12,5850
2103,台橡,262,0,262,統一,2023-05-12,5850
00637L,元大滬深300正2,284,39,245,統一,2023-05-12,5850
2457,飛宏,358,113,245,統一,2023-05-12,5850
1609,大亞,313,129,184,統一,2023-05-12,5850
2634,漢翔,450,276,174,統一,2023-05-12,5850
4763,材料-KY,185,22,163,統一,2023-05-12,5850
3078,僑威,248,95,153,統一,2023-05-12,5850
3260,威剛,151,1,150,統一,2023-05-12,5850
2402,毅嘉,148,5,143,統一,2023-05-12,5850
8011,台通,177,37,140,統一,2023-05-12,5850
00708L,期元大S＆P黃金正2,131,0,131,統一,2023-05-12,5850
6235,華孚,498,369,129,統一,2023-05-12,5850
020031,統一IC設計臺灣N,136,12,124,統一,2023-05-12,5850
4744,皇將,130,8,122,統一,2023-05-12,5850
1727,中華化,194,76,118,統一,2023-05-12,5850
6531,愛普*,156,39,117,統一,2023-05-12,5850
2349,錸德,115,0,115,統一,2023-05-12,5850
1519,華城,195,86,109,統一,2023-05-12,5850
5439,高技,111,8,103,統一,2023-05-12,5850
5227,立凱-KY,110,8,102,統一,2023-05-12,5850
3207,耀勝,102,2,100,統一,2023-05-12,5850
2745,五福,106,6,100,統一,2023-05-12,5850
2707,晶華,101,1,100,統一,2023-05-12,5850
2206,三陽工業,197,102,95,統一,2023-05-12,5850
2883,凱基金,118,23,95,統一,2023-05-12,5850
2886,兆豐金,92,8,84,統一,2023-05-12,5850
3591,艾笛森,84,0,84,統一,2023-05-12,5850
2455,全新,87,7,80,統一,2023-05-12,5850
1618,合機,80,0,80,統一,2023-05-12,5850
2353,宏��,99,25,74,統一,2023-05-12,5850
6747,亨泰光,74,0,74,統一,2023-05-12,5850
8420,明揚,75,1,74,統一,2023-05-12,5850
8069,元太,147,75,72,統一,2023-05-12,5850
3005,神基,126,57,69,統一,2023-05-12,5850
3693,營邦,99,30,69,統一,2023-05-12,5850
2474,可成,73,10,63,統一,2023-05-12,5850
00632R,元大台灣50反1,3900,1725,2175,統一,2023-05-15,5850
2382,廣達,1440,348,1092,統一,2023-05-15,5850
2891,中信金,633,21,612,統一,2023-05-15,5850
2633,台灣高鐵,602,6,596,統一,2023-05-15,5850
3363,上詮,672,263,409,統一,2023-05-15,5850
1218,泰山,354,1,353,統一,2023-05-15,5850
2206,三陽工業,562,218,344,統一,2023-05-15,5850
2313,華通,306,5,301,統一,2023-05-15,5850
2331,精英,287,49,238,統一,2023-05-15,5850
1609,大亞,735,501,234,統一,2023-05-15,5850
8033,雷虎,209,0,209,統一,2023-05-15,5850
0050,元大台灣50,205,0,205,統一,2023-05-15,5850
3715,定穎投控,384,187,197,統一,2023-05-15,5850
3324,雙鴻,295,122,173,統一,2023-05-15,5850
2474,可成,176,6,170,統一,2023-05-15,5850
1477,聚陽,172,9,163,統一,2023-05-15,5850
2204,中華,167,10,157,統一,2023-05-15,5850
6244,茂迪,200,45,155,統一,2023-05-15,5850
1101,台泥,213,68,145,統一,2023-05-15,5850
3481,群創,182,51,131,統一,2023-05-15,5850
2427,三商電,129,2,127,統一,2023-05-15,5850
8011,台通,184,60,124,統一,2023-05-15,5850
3376,新日興,112,0,112,統一,2023-05-15,5850
3141,晶宏,112,7,105,統一,2023-05-15,5850
6592,和潤企業,101,0,101,統一,2023-05-15,5850
2504,國產,101,1,100,統一,2023-05-15,5850
2330,台積電,196,101,95,統一,2023-05-15,5850
2454,聯發科,107,15,92,統一,2023-05-15,5850
6477,安集,114,23,91,統一,2023-05-15,5850
2609,陽明,115,24,91,統一,2023-05-15,5850
1308,亞聚,90,0,90,統一,2023-05-15,5850
2645,長榮航太,93,6,87,統一,2023-05-15,5850
2303,聯電,314,229,85,統一,2023-05-15,5850
8222,寶一,149,67,82,統一,2023-05-15,5850
2812,台中銀,80,0,80,統一,2023-05-15,5850
8420,明揚,76,0,76,統一,2023-05-15,5850
2743,山富,78,3,75,統一,2023-05-15,5850
5258,虹堡,251,182,69,統一,2023-05-15,5850
3548,兆利,65,2,63,統一,2023-05-15,5850
4768,晶呈科技,63,0,63,統一,2023-05-15,5850
2615,萬海,119,57,62,統一,2023-05-15,5850
2491,吉祥全,55,0,55,統一,2023-05-15,5850
2376,技嘉,99,46,53,統一,2023-05-15,5850
1795,美時,197,146,51,統一,2023-05-15,5850
8069,元太,125,74,51,統一,2023-05-15,5850
00696B,富邦美債20年,50,0,50,統一,2023-05-15,5850
3591,艾笛森,50,0,50,統一,2023-05-15,5850
8050,廣積,50,0,50,統一,2023-05-15,5850
2337,旺宏,53,5,48,統一,2023-05-15,5850
6285,啟��,168,121,47,統一,2023-05-15,5850
0050,元大台灣50,1470,30,1440,統一,2023-05-16,5850
2618,長榮航,3554,2683,871,統一,2023-05-16,5850
00878,國泰永續高股息,3139,2500,639,統一,2023-05-16,5850
3363,上詮,1468,848,620,統一,2023-05-16,5850
3231,緯創,780,161,619,統一,2023-05-16,5850
00882,中信中國高股息,432,2,430,統一,2023-05-16,5850
2356,英業達,446,17,429,統一,2023-05-16,5850
3017,奇鋐,460,69,391,統一,2023-05-16,5850
2603,長榮,918,598,320,統一,2023-05-16,5850
2313,華通,356,39,317,統一,2023-05-16,5850
2317,鴻海,368,52,316,統一,2023-05-16,5850
6874,倍力,445,167,278,統一,2023-05-16,5850
5388,中磊,257,4,253,統一,2023-05-16,5850
00680L,元大美債20正2,239,0,239,統一,2023-05-16,5850
4746,台耀,238,6,232,統一,2023-05-16,5850
2330,台積電,253,21,232,統一,2023-05-16,5850
2353,宏��,254,29,225,統一,2023-05-16,5850
6213,聯茂,241,21,220,統一,2023-05-16,5850
8069,元太,302,105,197,統一,2023-05-16,5850
2633,台灣高鐵,224,30,194,統一,2023-05-16,5850
1519,華城,491,297,194,統一,2023-05-16,5850
3715,定穎投控,348,155,193,統一,2023-05-16,5850
2201,裕隆,502,334,168,統一,2023-05-16,5850
2645,長榮航太,150,0,150,統一,2023-05-16,5850
8905,裕國,149,0,149,統一,2023-05-16,5850
2303,聯電,236,87,149,統一,2023-05-16,5850
9942,茂順,184,42,142,統一,2023-05-16,5850
1477,聚陽,143,8,135,統一,2023-05-16,5850
8044,網家,121,5,116,統一,2023-05-16,5850
3202,樺晟,348,236,112,統一,2023-05-16,5850
8033,雷虎,107,1,106,統一,2023-05-16,5850
2408,南亞科,181,79,102,統一,2023-05-16,5850
3701,大眾控,119,22,97,統一,2023-05-16,5850
2421,建準,443,356,87,統一,2023-05-16,5850
6160,欣技,144,60,84,統一,2023-05-16,5850
9945,潤泰新,101,18,83,統一,2023-05-16,5850
2457,飛宏,373,291,82,統一,2023-05-16,5850
8046,南電,143,62,81,統一,2023-05-16,5850
2467,志聖,79,0,79,統一,2023-05-16,5850
3005,神基,131,52,79,統一,2023-05-16,5850
5351,鈺創,132,56,76,統一,2023-05-16,5850
2368,金像電,179,107,72,統一,2023-05-16,5850
8446,華研,75,8,67,統一,2023-05-16,5850
9928,中視,68,1,67,統一,2023-05-16,5850
2357,華碩,95,29,66,統一,2023-05-16,5850
2912,統一超,66,0,66,統一,2023-05-16,5850
3022,威強電,334,268,66,統一,2023-05-16,5850
2314,台揚,65,0,65,統一,2023-05-16,5850
00664R,國泰臺灣加權反1,64,0,64,統一,2023-05-16,5850
4163,鐿鈦,69,5,64,統一,2023-05-16,5850
00632R,元大台灣50反1,12547,855,11692,統一,2023-05-17,5850
2427,三商電,5025,77,4948,統一,2023-05-17,5850
3231,緯創,2557,770,1787,統一,2023-05-17,5850
6235,華孚,1331,211,1120,統一,2023-05-17,5850
2454,聯發科,971,72,899,統一,2023-05-17,5850
1795,美時,1076,206,870,統一,2023-05-17,5850
0050,元大台灣50,851,58,793,統一,2023-05-17,5850
2303,聯電,878,141,737,統一,2023-05-17,5850
3711,日月光投控,793,67,726,統一,2023-05-17,5850
2634,漢翔,692,89,603,統一,2023-05-17,5850
2206,三陽工業,569,97,472,統一,2023-05-17,5850
3037,欣興,932,497,435,統一,2023-05-17,5850
2603,長榮,822,406,416,統一,2023-05-17,5850
00882,中信中國高股息,406,0,406,統一,2023-05-17,5850
3680,家登,454,78,376,統一,2023-05-17,5850
2408,南亞科,642,315,327,統一,2023-05-17,5850
8069,元太,642,318,324,統一,2023-05-17,5850
3481,群創,368,64,304,統一,2023-05-17,5850
00752,中信中國50,300,0,300,統一,2023-05-17,5850
8299,群聯,248,14,234,統一,2023-05-17,5850
00680L,元大美債20正2,230,0,230,統一,2023-05-17,5850
3673,TPK-KY,337,121,216,統一,2023-05-17,5850
2324,仁寶,301,87,214,統一,2023-05-17,5850
3324,雙鴻,443,229,214,統一,2023-05-17,5850
1321,大洋,211,1,210,統一,2023-05-17,5850
2204,中華,345,136,209,統一,2023-05-17,5850
00696B,富邦美債20年,258,61,197,統一,2023-05-17,5850
3617,碩天,247,50,197,統一,2023-05-17,5850
2890,永豐金,280,91,189,統一,2023-05-17,5850
2888,新光金,228,44,184,統一,2023-05-17,5850
6116,彩晶,178,0,178,統一,2023-05-17,5850
2882,國泰金,215,45,170,統一,2023-05-17,5850
2330,台積電,509,341,168,統一,2023-05-17,5850
2376,技嘉,511,347,164,統一,2023-05-17,5850
1710,東聯,151,2,149,統一,2023-05-17,5850
2383,台光電,148,2,146,統一,2023-05-17,5850
2474,可成,147,17,130,統一,2023-05-17,5850
6198,瑞築,120,1,119,統一,2023-05-17,5850
2402,毅嘉,122,10,112,統一,2023-05-17,5850
2201,裕隆,581,473,108,統一,2023-05-17,5850
2884,玉山金,126,18,108,統一,2023-05-17,5850
1319,東陽,153,45,108,統一,2023-05-17,5850
020030,統一智慧電動車N,114,7,107,統一,2023-05-17,5850
2491,吉祥全,131,25,106,統一,2023-05-17,5850
00642U,期元大S＆P石油,102,0,102,統一,2023-05-17,5850
1308,亞聚,100,0,100,統一,2023-05-17,5850
6531,愛普*,134,34,100,統一,2023-05-17,5850
1504,東元,155,56,99,統一,2023-05-17,5850
1617,榮星,100,3,97,統一,2023-05-17,5850
020025,統一亞洲半導體N,96,1,95,統一,2023-05-17,5850
2471,資通,3223,58,3165,統一,2023-05-18,5850
1504,東元,2000,433,1567,統一,2023-05-18,5850
1519,華城,1681,431,1250,統一,2023-05-18,5850
00752,中信中國50,1100,0,1100,統一,2023-05-18,5850
2412,中華電,1121,124,997,統一,2023-05-18,5850
2883,凱基金,1006,19,987,統一,2023-05-18,5850
2515,中工,1232,254,978,統一,2023-05-18,5850
3231,緯創,1655,923,732,統一,2023-05-18,5850
2344,華邦電,689,107,582,統一,2023-05-18,5850
2323,中環,584,29,555,統一,2023-05-18,5850
2453,凌群,561,52,509,統一,2023-05-18,5850
2371,大同,1137,629,508,統一,2023-05-18,5850
020031,統一IC設計臺灣N,592,153,439,統一,2023-05-18,5850
9941,裕融,388,1,387,統一,2023-05-18,5850
1216,統一,503,120,383,統一,2023-05-18,5850
6531,愛普*,416,55,361,統一,2023-05-18,5850
2317,鴻海,402,53,349,統一,2023-05-18,5850
1503,士電,589,258,331,統一,2023-05-18,5850
6282,康舒,435,130,305,統一,2023-05-18,5850
1513,中興電,442,156,286,統一,2023-05-18,5850
2383,台光電,282,1,281,統一,2023-05-18,5850
2368,金像電,447,167,280,統一,2023-05-18,5850
2454,聯發科,292,13,279,統一,2023-05-18,5850
2303,聯電,319,68,251,統一,2023-05-18,5850
2201,裕隆,580,330,250,統一,2023-05-18,5850
2353,宏��,253,8,245,統一,2023-05-18,5850
6441,廣錠,249,17,232,統一,2023-05-18,5850
2467,志聖,231,0,231,統一,2023-05-18,5850
2427,三商電,3374,3148,226,統一,2023-05-18,5850
8033,雷虎,213,1,212,統一,2023-05-18,5850
020030,統一智慧電動車N,223,13,210,統一,2023-05-18,5850
1308,亞聚,200,0,200,統一,2023-05-18,5850
2204,中華,324,130,194,統一,2023-05-18,5850
2498,宏達電,192,11,181,統一,2023-05-18,5850
3711,日月光投控,183,7,176,統一,2023-05-18,5850
3003,健和興,236,63,173,統一,2023-05-18,5850
4967,十銓,693,520,173,統一,2023-05-18,5850
1802,台玻,172,1,171,統一,2023-05-18,5850
8299,群聯,231,62,169,統一,2023-05-18,5850
3058,立德,199,36,163,統一,2023-05-18,5850
2376,技嘉,459,300,159,統一,2023-05-18,5850
2457,飛宏,383,226,157,統一,2023-05-18,5850
2421,建準,245,95,150,統一,2023-05-18,5850
1710,東聯,157,10,147,統一,2023-05-18,5850
00631L,元大台灣50正2,153,7,146,統一,2023-05-18,5850
00674R,期元大S＆P黃金反1,130,0,130,統一,2023-05-18,5850
2480,敦陽科,142,33,109,統一,2023-05-18,5850
00665L,富邦�琤肭磪囓�2,105,0,105,統一,2023-05-18,5850
2377,微星,113,8,105,統一,2023-05-18,5850
020025,統一亞洲半導體N,107,3,104,統一,2023-05-18,5850
00878,國泰永續高股息,6020,54,5966,統一,2023-05-19,5850
3231,緯創,4376,362,4014,統一,2023-05-19,5850
2376,技嘉,1956,96,1860,統一,2023-05-19,5850
2368,金像電,2639,900,1739,統一,2023-05-19,5850
3025,星通,1002,53,949,統一,2023-05-19,5850
2382,廣達,780,67,713,統一,2023-05-19,5850
3715,定穎投控,832,169,663,統一,2023-05-19,5850
2610,華航,2065,1541,524,統一,2023-05-19,5850
2634,漢翔,587,153,434,統一,2023-05-19,5850
6239,力成,426,0,426,統一,2023-05-19,5850
00646,元大S＆P500,404,1,403,統一,2023-05-19,5850
2383,台光電,584,190,394,統一,2023-05-19,5850
8069,元太,561,201,360,統一,2023-05-19,5850
2330,台積電,418,114,304,統一,2023-05-19,5850
3038,全台,389,105,284,統一,2023-05-19,5850
3363,上詮,570,295,275,統一,2023-05-19,5850
2332,友訊,250,7,243,統一,2023-05-19,5850
2421,建準,878,638,240,統一,2023-05-19,5850
00706L,期元大S＆P日圓正2,230,0,230,統一,2023-05-19,5850
2206,三陽工業,412,195,217,統一,2023-05-19,5850
6488,環球晶,204,0,204,統一,2023-05-19,5850
1101,台泥,216,13,203,統一,2023-05-19,5850
6274,台燿,263,60,203,統一,2023-05-19,5850
1301,台塑,201,1,200,統一,2023-05-19,5850
2427,三商電,2303,2113,190,統一,2023-05-19,5850
2748,雲品,221,32,189,統一,2023-05-19,5850
00680L,元大美債20正2,188,2,186,統一,2023-05-19,5850
3035,智原,209,34,175,統一,2023-05-19,5850
0050,元大台灣50,170,0,170,統一,2023-05-19,5850
1907,永豐餘,195,29,166,統一,2023-05-19,5850
1710,東聯,162,2,160,統一,2023-05-19,5850
2356,英業達,170,31,139,統一,2023-05-19,5850
2707,晶華,176,41,135,統一,2023-05-19,5850
020025,統一亞洲半導體N,133,0,133,統一,2023-05-19,5850
5243,乙盛-KY,182,54,128,統一,2023-05-19,5850
1305,華夏,136,9,127,統一,2023-05-19,5850
2442,新美齊,158,35,123,統一,2023-05-19,5850
8033,雷虎,124,6,118,統一,2023-05-19,5850
2603,長榮,280,174,106,統一,2023-05-19,5850
020019,統一特選台灣5GN,103,0,103,統一,2023-05-19,5850
2548,華固,101,0,101,統一,2023-05-19,5850
2467,志聖,100,1,99,統一,2023-05-19,5850
1308,亞聚,100,2,98,統一,2023-05-19,5850
3022,威強電,134,40,94,統一,2023-05-19,5850
3324,雙鴻,273,180,93,統一,2023-05-19,5850
8227,巨有科技,103,11,92,統一,2023-05-19,5850
3680,家登,102,15,87,統一,2023-05-19,5850
1528,恩德,87,0,87,統一,2023-05-19,5850
00665L,富邦�琤肭磪囓�2,84,2,82,統一,2023-05-19,5850
2031,新光鋼,120,39,81,統一,2023-05-19,5850
3481,群創,3289,133,3156,統一,2023-05-22,5850
2515,中工,1472,61,1411,統一,2023-05-22,5850
6274,台燿,3739,2534,1205,統一,2023-05-22,5850
2603,長榮,1349,154,1195,統一,2023-05-22,5850
2201,裕隆,1112,100,1012,統一,2023-05-22,5850
2208,台船,1010,2,1008,統一,2023-05-22,5850
1513,中興電,1116,453,663,統一,2023-05-22,5850
00881,國泰台灣5G+,601,0,601,統一,2023-05-22,5850
2409,友達,977,444,533,統一,2023-05-22,5850
5388,中磊,411,5,406,統一,2023-05-22,5850
2610,華航,1000,607,393,統一,2023-05-22,5850
2376,技嘉,372,69,303,統一,2023-05-22,5850
2609,陽明,325,28,297,統一,2023-05-22,5850
1609,大亞,664,383,281,統一,2023-05-22,5850
1802,台玻,279,10,269,統一,2023-05-22,5850
2748,雲品,293,47,246,統一,2023-05-22,5850
5009,榮剛,377,131,246,統一,2023-05-22,5850
2467,志聖,251,6,245,統一,2023-05-22,5850
1227,佳格,240,0,240,統一,2023-05-22,5850
3701,大眾控,250,15,235,統一,2023-05-22,5850
5439,高技,242,15,227,統一,2023-05-22,5850
2912,統一超,225,0,225,統一,2023-05-22,5850
6213,聯茂,230,15,215,統一,2023-05-22,5850
1210,大成,211,5,206,統一,2023-05-22,5850
1301,台塑,203,0,203,統一,2023-05-22,5850
1528,恩德,211,40,171,統一,2023-05-22,5850
5531,鄉林,212,43,169,統一,2023-05-22,5850
2382,廣達,541,377,164,統一,2023-05-22,5850
5488,松普,158,17,141,統一,2023-05-22,5850
1101,台泥,162,30,132,統一,2023-05-22,5850
3078,僑威,186,54,132,統一,2023-05-22,5850
2399,映泰,163,31,132,統一,2023-05-22,5850
020031,統一IC設計臺灣N,176,44,132,統一,2023-05-22,5850
1907,永豐餘,133,2,131,統一,2023-05-22,5850
2498,宏達電,139,11,128,統一,2023-05-22,5850
2442,新美齊,146,18,128,統一,2023-05-22,5850
6592,和潤企業,148,21,127,統一,2023-05-22,5850
2474,可成,120,2,118,統一,2023-05-22,5850
6235,華孚,298,180,118,統一,2023-05-22,5850
2633,台灣高鐵,118,1,117,統一,2023-05-22,5850
6116,彩晶,136,26,110,統一,2023-05-22,5850
8059,凱碩,141,32,109,統一,2023-05-22,5850
020025,統一亞洲半導體N,121,17,104,統一,2023-05-22,5850
2313,華通,122,18,104,統一,2023-05-22,5850
3325,旭品,111,8,103,統一,2023-05-22,5850
3702,大聯大,104,1,103,統一,2023-05-22,5850
00708L,期元大S＆P黃金正2,101,0,101,統一,2023-05-22,5850
1215,卜蜂,117,16,101,統一,2023-05-22,5850
1308,亞聚,100,0,100,統一,2023-05-22,5850
6170,統振,101,1,100,統一,2023-05-22,5850
2399,映泰,4347,24,4323,統一,2023-05-23,5850
3701,大眾控,3525,33,3492,統一,2023-05-23,5850
3178,公準,1849,7,1842,統一,2023-05-23,5850
00646,元大S＆P500,801,0,801,統一,2023-05-23,5850
2330,台積電,691,93,598,統一,2023-05-23,5850
2609,陽明,450,43,407,統一,2023-05-23,5850
2231,為升,400,13,387,統一,2023-05-23,5850
2408,南亞科,401,46,355,統一,2023-05-23,5850
5009,榮剛,782,442,340,統一,2023-05-23,5850
1609,大亞,735,436,299,統一,2023-05-23,5850
1907,永豐餘,324,39,285,統一,2023-05-23,5850
2376,技嘉,354,74,280,統一,2023-05-23,5850
2352,佳世達,234,10,224,統一,2023-05-23,5850
6799,來頡,226,6,220,統一,2023-05-23,5850
3711,日月光投控,224,16,208,統一,2023-05-23,5850
6285,啟��,212,11,201,統一,2023-05-23,5850
6733,博晟生醫,201,0,201,統一,2023-05-23,5850
8076,伍豐,227,29,198,統一,2023-05-23,5850
2454,聯發科,208,14,194,統一,2023-05-23,5850
6116,彩晶,168,0,168,統一,2023-05-23,5850
5301,寶得利,165,0,165,統一,2023-05-23,5850
6164,華興,166,3,163,統一,2023-05-23,5850
00715L,期街口布蘭特正2,221,59,162,統一,2023-05-23,5850
6245,立端,315,160,155,統一,2023-05-23,5850
3141,晶宏,157,5,152,統一,2023-05-23,5850
1326,台化,152,0,152,統一,2023-05-23,5850
1710,東聯,150,0,150,統一,2023-05-23,5850
1227,佳格,143,0,143,統一,2023-05-23,5850
5425,台半,188,50,138,統一,2023-05-23,5850
2630,亞航,137,2,135,統一,2023-05-23,5850
8155,博智,141,7,134,統一,2023-05-23,5850
1305,華夏,125,0,125,統一,2023-05-23,5850
6643,M31,144,19,125,統一,2023-05-23,5850
2891,中信金,129,7,122,統一,2023-05-23,5850
2383,台光電,189,78,111,統一,2023-05-23,5850
3044,健鼎,190,80,110,統一,2023-05-23,5850
6535,順藥,125,17,108,統一,2023-05-23,5850
3252,海灣,106,0,106,統一,2023-05-23,5850
2313,華通,114,12,102,統一,2023-05-23,5850
1802,台玻,103,3,100,統一,2023-05-23,5850
9921,巨大,103,3,100,統一,2023-05-23,5850
1308,亞聚,100,0,100,統一,2023-05-23,5850
3041,揚智,124,25,99,統一,2023-05-23,5850
1727,中華化,105,8,97,統一,2023-05-23,5850
00688L,國泰20年美債正2,95,0,95,統一,2023-05-23,5850
0050,元大台灣50,96,4,92,統一,2023-05-23,5850
020030,統一智慧電動車N,95,3,92,統一,2023-05-23,5850
2103,台橡,90,2,88,統一,2023-05-23,5850
3591,艾笛森,466,378,88,統一,2023-05-23,5850
3088,艾訊,106,20,86,統一,2023-05-23,5850
00632R,元大台灣50反1,5018,1175,3843,統一,2023-05-24,5850
00893,國泰智能電動車,2280,0,2280,統一,2023-05-24,5850
00928,中信上櫃ESG30,1622,117,1505,統一,2023-05-24,5850
2610,華航,1430,544,886,統一,2023-05-24,5850
5706,鳳凰,921,66,855,統一,2023-05-24,5850
1905,華紙,1336,527,809,統一,2023-05-24,5850
00715L,期街口布蘭特正2,1772,999,773,統一,2023-05-24,5850
2368,金像電,927,193,734,統一,2023-05-24,5850
3038,全台,689,45,644,統一,2023-05-24,5850
020031,統一IC設計臺灣N,480,10,470,統一,2023-05-24,5850
3231,緯創,1294,864,430,統一,2023-05-24,5850
2383,台光電,705,277,428,統一,2023-05-24,5850
2705,六福,620,230,390,統一,2023-05-24,5850
2457,飛宏,906,541,365,統一,2023-05-24,5850
2204,中華,465,117,348,統一,2023-05-24,5850
6176,瑞儀,350,5,345,統一,2023-05-24,5850
3481,群創,350,29,321,統一,2023-05-24,5850
2603,長榮,636,317,319,統一,2023-05-24,5850
5301,寶得利,309,0,309,統一,2023-05-24,5850
2356,英業達,302,12,290,統一,2023-05-24,5850
2467,志聖,271,0,271,統一,2023-05-24,5850
00882,中信中國高股息,248,0,248,統一,2023-05-24,5850
3044,健鼎,250,41,209,統一,2023-05-24,5850
1605,華新,215,9,206,統一,2023-05-24,5850
2474,可成,203,2,201,統一,2023-05-24,5850
2376,技嘉,306,117,189,統一,2023-05-24,5850
4916,事欣科,195,18,177,統一,2023-05-24,5850
2881,富邦金,203,31,172,統一,2023-05-24,5850
00637L,元大滬深300正2,251,87,164,統一,2023-05-24,5850
6274,台燿,685,523,162,統一,2023-05-24,5850
2421,建準,296,148,148,統一,2023-05-24,5850
2913,農林,147,2,145,統一,2023-05-24,5850
020030,統一智慧電動車N,150,10,140,統一,2023-05-24,5850
00650L,復華香港正2,137,0,137,統一,2023-05-24,5850
2611,志信,139,8,131,統一,2023-05-24,5850
3522,御嵿,129,0,129,統一,2023-05-24,5850
1432,大魯閣,124,0,124,統一,2023-05-24,5850
2701,萬企,204,83,121,統一,2023-05-24,5850
2706,第一店,232,114,118,統一,2023-05-24,5850
00665L,富邦�琤肭磪囓�2,121,5,116,統一,2023-05-24,5850
3287,廣寰科,112,0,112,統一,2023-05-24,5850
1710,東聯,108,0,108,統一,2023-05-24,5850
2408,南亞科,136,33,103,統一,2023-05-24,5850
3024,憶聲,104,3,101,統一,2023-05-24,5850
1308,亞聚,100,0,100,統一,2023-05-24,5850
2103,台橡,102,2,100,統一,2023-05-24,5850
4967,十銓,103,4,99,統一,2023-05-24,5850
2303,聯電,126,29,97,統一,2023-05-24,5850
2201,裕隆,219,124,95,統一,2023-05-24,5850
00706L,期元大S＆P日圓正2,93,0,93,統一,2023-05-24,5850
3481,群創,5711,456,5255,統一,2023-05-25,5850
2618,長榮航,7782,2557,5225,統一,2023-05-25,5850
1608,華榮,3876,40,3836,統一,2023-05-25,5850
00881,國泰台灣5G+,2520,29,2491,統一,2023-05-25,5850
2368,金像電,3910,1672,2238,統一,2023-05-25,5850
2371,大同,2172,408,1764,統一,2023-05-25,5850
2204,中華,2002,303,1699,統一,2023-05-25,5850
00923,群益台ESG低碳50,1003,10,993,統一,2023-05-25,5850
00878,國泰永續高股息,1011,21,990,統一,2023-05-25,5850
2356,英業達,1260,281,979,統一,2023-05-25,5850
2330,台積電,1098,213,885,統一,2023-05-25,5850
1605,華新,813,29,784,統一,2023-05-25,5850
2383,台光電,1031,260,771,統一,2023-05-25,5850
00715L,期街口布蘭特正2,1179,531,648,統一,2023-05-25,5850
2347,聯強,537,4,533,統一,2023-05-25,5850
3231,緯創,4003,3490,513,統一,2023-05-25,5850
2376,技嘉,885,384,501,統一,2023-05-25,5850
2427,三商電,509,30,479,統一,2023-05-25,5850
2103,台橡,510,60,450,統一,2023-05-25,5850
5483,中美晶,375,7,368,統一,2023-05-25,5850
1503,士電,509,160,349,統一,2023-05-25,5850
3591,艾笛森,443,97,346,統一,2023-05-25,5850
6441,廣錠,296,6,290,統一,2023-05-25,5850
3017,奇鋐,839,566,273,統一,2023-05-25,5850
2323,中環,504,235,269,統一,2023-05-25,5850
2303,聯電,284,18,266,統一,2023-05-25,5850
3363,上詮,686,428,258,統一,2023-05-25,5850
6125,廣運,279,57,222,統一,2023-05-25,5850
00665L,富邦�琤肭磪囓�2,211,0,211,統一,2023-05-25,5850
020030,統一智慧電動車N,208,28,180,統一,2023-05-25,5850
3325,旭品,217,46,171,統一,2023-05-25,5850
1710,東聯,150,1,149,統一,2023-05-25,5850
6285,啟��,157,8,149,統一,2023-05-25,5850
2881,富邦金,172,29,143,統一,2023-05-25,5850
6147,頎邦,143,1,142,統一,2023-05-25,5850
2317,鴻海,214,77,137,統一,2023-05-25,5850
020025,統一亞洲半導體N,137,5,132,統一,2023-05-25,5850
2349,錸德,126,0,126,統一,2023-05-25,5850
00753L,中信中國50正2,121,0,121,統一,2023-05-25,5850
3038,全台,122,6,116,統一,2023-05-25,5850
2408,南亞科,194,79,115,統一,2023-05-25,5850
1305,華夏,125,12,113,統一,2023-05-25,5850
2421,建準,255,146,109,統一,2023-05-25,5850
2491,吉祥全,114,5,109,統一,2023-05-25,5850
1308,亞聚,100,0,100,統一,2023-05-25,5850
00757,統一FANG+,111,12,99,統一,2023-05-25,5850
3034,聯詠,120,28,92,統一,2023-05-25,5850
00712,復華富時不動產,87,0,87,統一,2023-05-25,5850
3661,世芯-KY,114,31,83,統一,2023-05-25,5850
00637L,元大滬深300正2,137,58,79,統一,2023-05-25,5850
2303,聯電,8087,309,7778,統一,2023-05-26,5850
1608,華榮,10143,3785,6358,統一,2023-05-26,5850
00632R,元大台灣50反1,5173,626,4547,統一,2023-05-26,5850
2421,建準,4030,1223,2807,統一,2023-05-26,5850
00881,國泰台灣5G+,2243,112,2131,統一,2023-05-26,5850
2371,大同,3414,1786,1628,統一,2023-05-26,5850
2618,長榮航,3717,2292,1425,統一,2023-05-26,5850
2313,華通,1339,39,1300,統一,2023-05-26,5850
00928,中信上櫃ESG30,1032,21,1011,統一,2023-05-26,5850
3231,緯創,6300,5662,638,統一,2023-05-26,5850
4979,華星光,983,348,635,統一,2023-05-26,5850
00878,國泰永續高股息,640,17,623,統一,2023-05-26,5850
1907,永豐餘,404,4,400,統一,2023-05-26,5850
00679B,元大美債20年,364,29,335,統一,2023-05-26,5850
020030,統一智慧電動車N,558,233,325,統一,2023-05-26,5850
6176,瑞儀,321,11,310,統一,2023-05-26,5850
2103,台橡,300,2,298,統一,2023-05-26,5850
2467,志聖,295,0,295,統一,2023-05-26,5850
2603,長榮,506,217,289,統一,2023-05-26,5850
020025,統一亞洲半導體N,293,4,289,統一,2023-05-26,5850
020031,統一IC設計臺灣N,301,16,285,統一,2023-05-26,5850
8069,元太,374,105,269,統一,2023-05-26,5850
1605,華新,313,46,267,統一,2023-05-26,5850
2351,順德,256,1,255,統一,2023-05-26,5850
2913,農林,246,0,246,統一,2023-05-26,5850
5483,中美晶,262,17,245,統一,2023-05-26,5850
3711,日月光投控,541,323,218,統一,2023-05-26,5850
2515,中工,210,4,206,統一,2023-05-26,5850
3591,艾笛森,200,3,197,統一,2023-05-26,5850
2882,國泰金,194,17,177,統一,2023-05-26,5850
2431,聯昌,198,23,175,統一,2023-05-26,5850
1710,東聯,150,8,142,統一,2023-05-26,5850
3625,西勝,140,2,138,統一,2023-05-26,5850
8076,伍豐,146,10,136,統一,2023-05-26,5850
1305,華夏,136,0,136,統一,2023-05-26,5850
1308,亞聚,125,0,125,統一,2023-05-26,5850
5289,宜鼎,137,12,125,統一,2023-05-26,5850
2491,吉祥全,121,0,121,統一,2023-05-26,5850
2002,中鋼,253,134,119,統一,2023-05-26,5850
2454,聯發科,151,34,117,統一,2023-05-26,5850
8033,雷虎,233,117,116,統一,2023-05-26,5850
3131,弘塑,152,36,116,統一,2023-05-26,5850
8059,凱碩,166,51,115,統一,2023-05-26,5850
2609,陽明,136,22,114,統一,2023-05-26,5850
3594,磐儀,183,74,109,統一,2023-05-26,5850
2344,華邦電,132,23,109,統一,2023-05-26,5850
1216,統一,108,1,107,統一,2023-05-26,5850
2427,三商電,128,28,100,統一,2023-05-26,5850
6217,中探針,121,25,96,統一,2023-05-26,5850
4804,大略-KY,100,8,92,統一,2023-05-26,5850
2317,鴻海,4338,66,4272,統一,2023-05-29,5850
2303,聯電,4217,706,3511,統一,2023-05-29,5850
2618,長榮航,5042,2945,2097,統一,2023-05-29,5850
2371,大同,2211,137,2074,統一,2023-05-29,5850
2356,英業達,2123,145,1978,統一,2023-05-29,5850
8085,福華,3062,1557,1505,統一,2023-05-29,5850
00881,國泰台灣5G+,1597,129,1468,統一,2023-05-29,5850
6235,華孚,1254,190,1064,統一,2023-05-29,5850
3706,神達,1225,163,1062,統一,2023-05-29,5850
2408,南亞科,1085,51,1034,統一,2023-05-29,5850
2603,長榮,1507,697,810,統一,2023-05-29,5850
2206,三陽工業,864,76,788,統一,2023-05-29,5850
3260,威剛,790,111,679,統一,2023-05-29,5850
6125,廣運,770,120,650,統一,2023-05-29,5850
1402,遠東新,656,6,650,統一,2023-05-29,5850
1605,華新,648,47,601,統一,2023-05-29,5850
00878,國泰永續高股息,937,378,559,統一,2023-05-29,5850
00662,富邦NASDAQ,500,0,500,統一,2023-05-29,5850
3481,群創,552,56,496,統一,2023-05-29,5850
6438,迅得,478,1,477,統一,2023-05-29,5850
2634,漢翔,568,111,457,統一,2023-05-29,5850
1519,華城,524,73,451,統一,2023-05-29,5850
3044,健鼎,536,87,449,統一,2023-05-29,5850
2457,飛宏,565,122,443,統一,2023-05-29,5850
3032,偉訓,534,98,436,統一,2023-05-29,5850
3006,晶豪科,539,138,401,統一,2023-05-29,5850
020030,統一智慧電動車N,407,20,387,統一,2023-05-29,5850
1503,士電,495,112,383,統一,2023-05-29,5850
1504,東元,417,39,378,統一,2023-05-29,5850
1525,江申,379,2,377,統一,2023-05-29,5850
00928,中信上櫃ESG30,372,0,372,統一,2023-05-29,5850
2344,華邦電,450,92,358,統一,2023-05-29,5850
2382,廣達,393,52,341,統一,2023-05-29,5850
2891,中信金,319,3,316,統一,2023-05-29,5850
2610,華航,1026,725,301,統一,2023-05-29,5850
2489,瑞軒,287,0,287,統一,2023-05-29,5850
2498,宏達電,338,51,287,統一,2023-05-29,5850
6176,瑞儀,280,0,280,統一,2023-05-29,5850
2301,光寶科,442,169,273,統一,2023-05-29,5850
2515,中工,323,52,271,統一,2023-05-29,5850
3078,僑威,343,73,270,統一,2023-05-29,5850
6443,元晶,268,26,242,統一,2023-05-29,5850
6282,康舒,352,122,230,統一,2023-05-29,5850
2230,泰茂,208,6,202,統一,2023-05-29,5850
2388,威盛,448,250,198,統一,2023-05-29,5850
3035,智原,215,32,183,統一,2023-05-29,5850
2609,陽明,190,19,171,統一,2023-05-29,5850
5328,華容,158,1,157,統一,2023-05-29,5850
3034,聯詠,167,10,157,統一,2023-05-29,5850
3661,世芯-KY,257,112,145,統一,2023-05-29,5850
00893,國泰智能電動車,1251,31,1220,統一,2023-05-30,5850
2382,廣達,1301,143,1158,統一,2023-05-30,5850
00878,國泰永續高股息,1164,25,1139,統一,2023-05-30,5850
00830,國泰費城半導體,886,7,879,統一,2023-05-30,5850
3363,上詮,1298,428,870,統一,2023-05-30,5850
2303,聯電,1239,503,736,統一,2023-05-30,5850
2891,中信金,751,43,708,統一,2023-05-30,5850
6438,迅得,656,6,650,統一,2023-05-30,5850
2371,大同,1081,467,614,統一,2023-05-30,5850
2206,三陽工業,1022,421,601,統一,2023-05-30,5850
00662,富邦NASDAQ,500,0,500,統一,2023-05-30,5850
2201,裕隆,701,363,338,統一,2023-05-30,5850
1101,台泥,306,14,292,統一,2023-05-30,5850
8040,九暘,290,0,290,統一,2023-05-30,5850
2609,陽明,365,78,287,統一,2023-05-30,5850
4950,牧東,270,0,270,統一,2023-05-30,5850
00637L,元大滬深300正2,784,542,242,統一,2023-05-30,5850
020025,統一亞洲半導體N,231,5,226,統一,2023-05-30,5850
2481,強茂,224,12,212,統一,2023-05-30,5850
2204,中華,557,361,196,統一,2023-05-30,5850
2610,華航,1482,1296,186,統一,2023-05-30,5850
2368,金像電,296,112,184,統一,2023-05-30,5850
5880,合庫金,182,1,181,統一,2023-05-30,5850
6278,台表科,180,0,180,統一,2023-05-30,5850
3025,星通,399,225,174,統一,2023-05-30,5850
2892,第一金,175,14,161,統一,2023-05-30,5850
00734B,台新JPM新興債,150,0,150,統一,2023-05-30,5850
4163,鐿鈦,161,14,147,統一,2023-05-30,5850
020030,統一智慧電動車N,180,34,146,統一,2023-05-30,5850
6456,GIS-KY,141,0,141,統一,2023-05-30,5850
00891,中信關鍵半導體,150,9,141,統一,2023-05-30,5850
2504,國產,140,7,133,統一,2023-05-30,5850
3532,台勝科,186,63,123,統一,2023-05-30,5850
9945,潤泰新,146,25,121,統一,2023-05-30,5850
2330,台積電,198,78,120,統一,2023-05-30,5850
3715,定穎投控,220,101,119,統一,2023-05-30,5850
3006,晶豪科,223,109,114,統一,2023-05-30,5850
1216,統一,106,1,105,統一,2023-05-30,5850
1589,永冠-KY,101,0,101,統一,2023-05-30,5850
2881,富邦金,102,2,100,統一,2023-05-30,5850
3163,波若威,108,10,98,統一,2023-05-30,5850
4919,新唐,219,122,97,統一,2023-05-30,5850
3147,大綜,97,0,97,統一,2023-05-30,5850
6285,啟��,108,14,94,統一,2023-05-30,5850
3031,佰鴻,99,6,93,統一,2023-05-30,5850
00882,中信中國高股息,85,1,84,統一,2023-05-30,5850
3207,耀勝,85,8,77,統一,2023-05-30,5850
2467,志聖,75,3,72,統一,2023-05-30,5850
2408,南亞科,144,75,69,統一,2023-05-30,5850
6114,久威,69,0,69,統一,2023-05-30,5850
2630,亞航,4510,94,4416,統一,2023-05-31,5850
2323,中環,4227,55,4172,統一,2023-05-31,5850
2515,中工,4482,1727,2755,統一,2023-05-31,5850
2603,長榮,1134,68,1066,統一,2023-05-31,5850
020031,統一IC設計臺灣N,1018,16,1002,統一,2023-05-31,5850
3260,威剛,1221,456,765,統一,2023-05-31,5850
6282,康舒,823,114,709,統一,2023-05-31,5850
3702,大聯大,603,13,590,統一,2023-05-31,5850
5243,乙盛-KY,814,240,574,統一,2023-05-31,5850
4938,和碩,555,3,552,統一,2023-05-31,5850
00882,中信中國高股息,551,0,551,統一,2023-05-31,5850
5876,上海商銀,455,8,447,統一,2023-05-31,5850
2455,全新,469,61,408,統一,2023-05-31,5850
2618,長榮航,1926,1549,377,統一,2023-05-31,5850
8299,群聯,395,42,353,統一,2023-05-31,5850
2206,三陽工業,771,441,330,統一,2023-05-31,5850
1609,大亞,370,45,325,統一,2023-05-31,5850
5309,系統電,267,1,266,統一,2023-05-31,5850
6550,北極星藥業-KY,265,8,257,統一,2023-05-31,5850
4968,立積,301,45,256,統一,2023-05-31,5850
6485,點序,291,37,254,統一,2023-05-31,5850
2105,正新,270,21,249,統一,2023-05-31,5850
2467,志聖,241,0,241,統一,2023-05-31,5850
2883,凱基金,244,5,239,統一,2023-05-31,5850
3264,欣銓,263,32,231,統一,2023-05-31,5850
1303,南亞,200,0,200,統一,2023-05-31,5850
6188,廣明,337,138,199,統一,2023-05-31,5850
2408,南亞科,400,202,198,統一,2023-05-31,5850
2303,聯電,429,236,193,統一,2023-05-31,5850
2731,雄獅,220,31,189,統一,2023-05-31,5850
2421,建準,227,60,167,統一,2023-05-31,5850
3017,奇鋐,247,91,156,統一,2023-05-31,5850
3715,定穎投控,294,145,149,統一,2023-05-31,5850
2362,藍天,137,0,137,統一,2023-05-31,5850
5706,鳳凰,159,29,130,統一,2023-05-31,5850
1103,嘉泥,128,1,127,統一,2023-05-31,5850
1504,東元,148,28,120,統一,2023-05-31,5850
6531,愛普*,224,107,117,統一,2023-05-31,5850
9904,寶成,121,6,115,統一,2023-05-31,5850
2809,京城銀,114,0,114,統一,2023-05-31,5850
4147,中裕,128,19,109,統一,2023-05-31,5850
6239,力成,112,5,107,統一,2023-05-31,5850
2368,金像電,181,77,104,統一,2023-05-31,5850
2236,百達-KY,134,30,104,統一,2023-05-31,5850
2352,佳世達,170,74,96,統一,2023-05-31,5850
2891,中信金,97,6,91,統一,2023-05-31,5850
4906,正文,91,2,89,統一,2023-05-31,5850
1301,台塑,86,2,84,統一,2023-05-31,5850
3006,晶豪科,227,143,84,統一,2023-05-31,5850
6863,永道-KY,104,20,84,統一,2023-05-31,5850
2618,長榮航,10655,2708,7947,統一,2023-06-01,5850
2913,農林,1145,275,870,統一,2023-06-01,5850
2457,飛宏,967,180,787,統一,2023-06-01,5850
00902,中信電池及儲能,735,11,724,統一,2023-06-01,5850
2515,中工,2230,1518,712,統一,2023-06-01,5850
1218,泰山,637,1,636,統一,2023-06-01,5850
2376,技嘉,1106,510,596,統一,2023-06-01,5850
00715L,期街口布蘭特正2,525,17,508,統一,2023-06-01,5850
1216,統一,500,0,500,統一,2023-06-01,5850
6180,橘子,536,67,469,統一,2023-06-01,5850
4979,華星光,1063,604,459,統一,2023-06-01,5850
2603,長榮,942,493,449,統一,2023-06-01,5850
6770,力積電,431,8,423,統一,2023-06-01,5850
2885,元大金,380,5,375,統一,2023-06-01,5850
2313,華通,356,0,356,統一,2023-06-01,5850
6282,康舒,928,578,350,統一,2023-06-01,5850
3163,波若威,371,76,295,統一,2023-06-01,5850
020030,統一智慧電動車N,281,0,281,統一,2023-06-01,5850
2481,強茂,264,0,264,統一,2023-06-01,5850
2353,宏��,259,2,257,統一,2023-06-01,5850
5009,榮剛,308,73,235,統一,2023-06-01,5850
8150,南茂,229,2,227,統一,2023-06-01,5850
6548,長科*,214,0,214,統一,2023-06-01,5850
5347,世界,212,5,207,統一,2023-06-01,5850
2103,台橡,202,0,202,統一,2023-06-01,5850
6147,頎邦,192,1,191,統一,2023-06-01,5850
6279,胡連,193,2,191,統一,2023-06-01,5850
2382,廣達,603,420,183,統一,2023-06-01,5850
3078,僑威,233,52,181,統一,2023-06-01,5850
6182,合晶,177,6,171,統一,2023-06-01,5850
8440,綠電,228,62,166,統一,2023-06-01,5850
9105,泰金寶-DR,163,0,163,統一,2023-06-01,5850
1402,遠東新,159,6,153,統一,2023-06-01,5850
00919,群益台灣精選高息,253,101,152,統一,2023-06-01,5850
4533,協易機,199,47,152,統一,2023-06-01,5850
2489,瑞軒,176,38,138,統一,2023-06-01,5850
2748,雲品,191,55,136,統一,2023-06-01,5850
3443,創意,148,15,133,統一,2023-06-01,5850
00650L,復華香港正2,135,7,128,統一,2023-06-01,5850
2330,台積電,147,20,127,統一,2023-06-01,5850
2883,凱基金,135,15,120,統一,2023-06-01,5850
3673,TPK-KY,146,29,117,統一,2023-06-01,5850
020025,統一亞洲半導體N,114,3,111,統一,2023-06-01,5850
2356,英業達,144,36,108,統一,2023-06-01,5850
8210,勤誠,197,91,106,統一,2023-06-01,5850
2467,志聖,105,0,105,統一,2023-06-01,5850
1305,華夏,103,0,103,統一,2023-06-01,5850
4958,臻鼎-KY,105,2,103,統一,2023-06-01,5850
2449,京元電子,113,10,103,統一,2023-06-01,5850
1477,聚陽,102,1,101,統一,2023-06-01,5850
2353,宏��,5487,88,5399,統一,2023-06-02,5850
6282,康舒,4139,947,3192,統一,2023-06-02,5850
2402,毅嘉,3159,37,3122,統一,2023-06-02,5850
2303,聯電,2467,184,2283,統一,2023-06-02,5850
2344,華邦電,2383,113,2270,統一,2023-06-02,5850
6160,欣技,1905,14,1891,統一,2023-06-02,5850
2425,承啟,1976,104,1872,統一,2023-06-02,5850
3231,緯創,4396,3002,1394,統一,2023-06-02,5850
3711,日月光投控,1341,13,1328,統一,2023-06-02,5850
5386,青雲,1144,4,1140,統一,2023-06-02,5850
2603,長榮,1258,198,1060,統一,2023-06-02,5850
1605,華新,998,7,991,統一,2023-06-02,5850
1514,亞力,889,53,836,統一,2023-06-02,5850
2382,廣達,949,312,637,統一,2023-06-02,5850
2891,中信金,574,0,574,統一,2023-06-02,5850
6125,廣運,637,76,561,統一,2023-06-02,5850
00662,富邦NASDAQ,559,0,559,統一,2023-06-02,5850
2408,南亞科,577,28,549,統一,2023-06-02,5850
2449,京元電子,628,94,534,統一,2023-06-02,5850
020031,統一IC設計臺灣N,702,221,481,統一,2023-06-02,5850
3324,雙鴻,548,78,470,統一,2023-06-02,5850
6150,撼訊,456,1,455,統一,2023-06-02,5850
6285,啟��,476,21,455,統一,2023-06-02,5850
2455,全新,579,129,450,統一,2023-06-02,5850
2615,萬海,492,60,432,統一,2023-06-02,5850
1609,大亞,606,179,427,統一,2023-06-02,5850
00715L,期街口布蘭特正2,503,95,408,統一,2023-06-02,5850
2301,光寶科,371,13,358,統一,2023-06-02,5850
9105,泰金寶-DR,337,0,337,統一,2023-06-02,5850
2376,技嘉,970,636,334,統一,2023-06-02,5850
2492,華新科,327,8,319,統一,2023-06-02,5850
8069,元太,450,170,280,統一,2023-06-02,5850
6274,台燿,335,59,276,統一,2023-06-02,5850
2204,中華,347,80,267,統一,2023-06-02,5850
4938,和碩,316,103,213,統一,2023-06-02,5850
6213,聯茂,213,0,213,統一,2023-06-02,5850
1504,東元,1326,1114,212,統一,2023-06-02,5850
2454,聯發科,217,8,209,統一,2023-06-02,5850
00902,中信電池及儲能,200,0,200,統一,2023-06-02,5850
5706,鳳凰,222,36,186,統一,2023-06-02,5850
2206,三陽工業,563,377,186,統一,2023-06-02,5850
2313,華通,257,73,184,統一,2023-06-02,5850
1806,冠軍,341,160,181,統一,2023-06-02,5850
3625,西勝,174,1,173,統一,2023-06-02,5850
4147,中裕,234,63,171,統一,2023-06-02,5850
2368,金像電,338,172,166,統一,2023-06-02,5850
6417,韋僑,225,66,159,統一,2023-06-02,5850
6167,久正,158,6,152,統一,2023-06-02,5850
6257,矽格,151,0,151,統一,2023-06-02,5850
00734B,台新JPM新興債,150,0,150,統一,2023-06-02,5850
2888,新光金,5432,233,5199,統一,2023-06-05,5850
2402,毅嘉,4308,601,3707,統一,2023-06-05,5850
2891,中信金,3501,7,3494,統一,2023-06-05,5850
2885,元大金,2954,9,2945,統一,2023-06-05,5850
6116,彩晶,3129,348,2781,統一,2023-06-05,5850
5009,榮剛,1655,148,1507,統一,2023-06-05,5850
1905,華紙,1436,224,1212,統一,2023-06-05,5850
2886,兆豐金,1114,3,1111,統一,2023-06-05,5850
1609,大亞,1529,430,1099,統一,2023-06-05,5850
1605,華新,1129,65,1064,統一,2023-06-05,5850
3231,緯創,2095,1049,1046,統一,2023-06-05,5850
3481,群創,1253,303,950,統一,2023-06-05,5850
1528,恩德,907,52,855,統一,2023-06-05,5850
6180,橘子,847,48,799,統一,2023-06-05,5850
3483,力致,717,48,669,統一,2023-06-05,5850
2301,光寶科,918,265,653,統一,2023-06-05,5850
3033,威健,650,0,650,統一,2023-06-05,5850
8086,宏捷科,645,73,572,統一,2023-06-05,5850
3591,艾笛森,573,2,571,統一,2023-06-05,5850
2515,中工,1716,1148,568,統一,2023-06-05,5850
6235,華孚,1648,1154,494,統一,2023-06-05,5850
1907,永豐餘,1003,522,481,統一,2023-06-05,5850
4533,協易機,418,0,418,統一,2023-06-05,5850
1477,聚陽,440,44,396,統一,2023-06-05,5850
1504,東元,992,602,390,統一,2023-06-05,5850
4931,新盛力,430,69,361,統一,2023-06-05,5850
8028,昇陽半導體,346,8,338,統一,2023-06-05,5850
6223,旺矽,371,94,277,統一,2023-06-05,5850
00706L,期元大S＆P日圓正2,235,0,235,統一,2023-06-05,5850
020025,統一亞洲半導體N,236,14,222,統一,2023-06-05,5850
6176,瑞儀,222,12,210,統一,2023-06-05,5850
8069,元太,298,92,206,統一,2023-06-05,5850
1810,和成,317,112,205,統一,2023-06-05,5850
1216,統一,203,0,203,統一,2023-06-05,5850
2753,八方雲集,206,6,200,統一,2023-06-05,5850
4977,眾達-KY,196,6,190,統一,2023-06-05,5850
006208,富邦台50,180,1,179,統一,2023-06-05,5850
2883,凱基金,180,5,175,統一,2023-06-05,5850
2498,宏達電,257,89,168,統一,2023-06-05,5850
3715,定穎投控,299,135,164,統一,2023-06-05,5850
3707,漢磊,269,108,161,統一,2023-06-05,5850
2388,威盛,1291,1137,154,統一,2023-06-05,5850
2882,國泰金,230,79,151,統一,2023-06-05,5850
00687B,國泰20年美債,145,1,144,統一,2023-06-05,5850
3034,聯詠,172,29,143,統一,2023-06-05,5850
3615,安可,137,0,137,統一,2023-06-05,5850
2489,瑞軒,211,75,136,統一,2023-06-05,5850
6182,合晶,144,8,136,統一,2023-06-05,5850
2454,聯發科,167,32,135,統一,2023-06-05,5850
020031,統一IC設計臺灣N,135,14,121,統一,2023-06-05,5850
2891,中信金,3001,107,2894,統一,2023-06-06,5850
2409,友達,1913,43,1870,統一,2023-06-06,5850
2885,元大金,1577,9,1568,統一,2023-06-06,5850
2618,長榮航,2477,1028,1449,統一,2023-06-06,5850
2313,華通,1297,12,1285,統一,2023-06-06,5850
2344,華邦電,945,89,856,統一,2023-06-06,5850
3481,群創,1426,707,719,統一,2023-06-06,5850
1216,統一,593,0,593,統一,2023-06-06,5850
2515,中工,1621,1067,554,統一,2023-06-06,5850
2412,中華電,714,217,497,統一,2023-06-06,5850
2603,長榮,1393,912,481,統一,2023-06-06,5850
00679B,元大美債20年,488,10,478,統一,2023-06-06,5850
3231,緯創,993,629,364,統一,2023-06-06,5850
2382,廣達,363,44,319,統一,2023-06-06,5850
2323,中環,1037,725,312,統一,2023-06-06,5850
8358,金居,404,103,301,統一,2023-06-06,5850
2706,第一店,286,28,258,統一,2023-06-06,5850
2610,華航,636,381,255,統一,2023-06-06,5850
1444,力麗,254,7,247,統一,2023-06-06,5850
2731,雄獅,222,13,209,統一,2023-06-06,5850
00864B,中信美國公債0-1,230,25,205,統一,2023-06-06,5850
4147,中裕,222,17,205,統一,2023-06-06,5850
2427,三商電,281,77,204,統一,2023-06-06,5850
4958,臻鼎-KY,213,10,203,統一,2023-06-06,5850
6125,廣運,558,365,193,統一,2023-06-06,5850
2704,國賓,198,10,188,統一,2023-06-06,5850
020031,統一IC設計臺灣N,190,3,187,統一,2023-06-06,5850
3591,艾笛森,176,1,175,統一,2023-06-06,5850
4915,致伸,174,6,168,統一,2023-06-06,5850
2701,萬企,226,66,160,統一,2023-06-06,5850
3324,雙鴻,296,153,143,統一,2023-06-06,5850
2609,陽明,157,17,140,統一,2023-06-06,5850
8028,昇陽半導體,172,36,136,統一,2023-06-06,5850
2809,京城銀,133,2,131,統一,2023-06-06,5850
020030,統一智慧電動車N,180,50,130,統一,2023-06-06,5850
2356,英業達,163,36,127,統一,2023-06-06,5850
3252,海灣,135,13,122,統一,2023-06-06,5850
2461,光群雷,193,74,119,統一,2023-06-06,5850
3711,日月光投控,196,78,118,統一,2023-06-06,5850
3147,大綜,118,2,116,統一,2023-06-06,5850
3583,辛耘,195,80,115,統一,2023-06-06,5850
2204,中華,130,16,114,統一,2023-06-06,5850
1815,富喬,150,39,111,統一,2023-06-06,5850
5210,寶碩,109,0,109,統一,2023-06-06,5850
1477,聚陽,107,3,104,統一,2023-06-06,5850
5703,亞都,97,1,96,統一,2023-06-06,5850
020025,統一亞洲半導體N,94,1,93,統一,2023-06-06,5850
1603,華電,103,12,91,統一,2023-06-06,5850
4543,萬在,136,46,90,統一,2023-06-06,5850
2330,台積電,124,34,90,統一,2023-06-06,5850
2885,元大金,2364,28,2336,統一,2023-06-07,5850
2891,中信金,2250,3,2247,統一,2023-06-07,5850
2382,廣達,1759,236,1523,統一,2023-06-07,5850
2603,長榮,1511,181,1330,統一,2023-06-07,5850
3217,優群,1555,331,1224,統一,2023-06-07,5850
2368,金像電,1340,177,1163,統一,2023-06-07,5850
2303,聯電,1203,62,1141,統一,2023-06-07,5850
2886,兆豐金,1125,12,1113,統一,2023-06-07,5850
3231,緯創,1854,845,1009,統一,2023-06-07,5850
3711,日月光投控,1201,222,979,統一,2023-06-07,5850
3078,僑威,1240,383,857,統一,2023-06-07,5850
6770,力積電,833,5,828,統一,2023-06-07,5850
2409,友達,885,74,811,統一,2023-06-07,5850
6274,台燿,873,78,795,統一,2023-06-07,5850
2323,中環,969,238,731,統一,2023-06-07,5850
2615,萬海,826,128,698,統一,2023-06-07,5850
2330,台積電,802,178,624,統一,2023-06-07,5850
2618,長榮航,1660,1077,583,統一,2023-06-07,5850
6147,頎邦,501,2,499,統一,2023-06-07,5850
1605,華新,632,137,495,統一,2023-06-07,5850
1612,宏泰,548,67,481,統一,2023-06-07,5850
2883,凱基金,457,3,454,統一,2023-06-07,5850
2455,全新,439,64,375,統一,2023-06-07,5850
3481,群創,1294,933,361,統一,2023-06-07,5850
8076,伍豐,364,33,331,統一,2023-06-07,5850
2383,台光電,410,81,329,統一,2023-06-07,5850
3680,家登,308,3,305,統一,2023-06-07,5850
2002,中鋼,289,1,288,統一,2023-06-07,5850
6188,廣明,350,69,281,統一,2023-06-07,5850
3105,穩懋,491,211,280,統一,2023-06-07,5850
3324,雙鴻,360,92,268,統一,2023-06-07,5850
1513,中興電,286,22,264,統一,2023-06-07,5850
2454,聯發科,250,13,237,統一,2023-06-07,5850
2376,技嘉,555,324,231,統一,2023-06-07,5850
4979,華星光,376,150,226,統一,2023-06-07,5850
5340,建榮,353,128,225,統一,2023-06-07,5850
6806,森崴能源,230,6,224,統一,2023-06-07,5850
8277,商丞,214,2,212,統一,2023-06-07,5850
8431,匯鑽科,213,5,208,統一,2023-06-07,5850
8358,金居,382,175,207,統一,2023-06-07,5850
1402,遠東新,186,0,186,統一,2023-06-07,5850
9943,好樂迪,200,18,182,統一,2023-06-07,5850
1907,永豐餘,204,30,174,統一,2023-06-07,5850
3027,盛達,310,139,171,統一,2023-06-07,5850
8421,旭源,166,0,166,統一,2023-06-07,5850
3563,牧德,199,34,165,統一,2023-06-07,5850
3594,磐儀,171,18,153,統一,2023-06-07,5850
1210,大成,150,3,147,統一,2023-06-07,5850
00650L,復華香港正2,209,65,144,統一,2023-06-07,5850
2701,萬企,301,158,143,統一,2023-06-07,5850
00715L,期街口布蘭特正2,2980,77,2903,統一,2023-06-08,5850
00752,中信中國50,1500,1,1499,統一,2023-06-08,5850
2303,聯電,1230,220,1010,統一,2023-06-08,5850
3231,緯創,1416,739,677,統一,2023-06-08,5850
1216,統一,601,0,601,統一,2023-06-08,5850
2705,六福,1013,434,579,統一,2023-06-08,5850
3035,智原,601,103,498,統一,2023-06-08,5850
00688L,國泰20年美債正2,407,0,407,統一,2023-06-08,5850
3264,欣銓,406,0,406,統一,2023-06-08,5850
2308,台達電,426,60,366,統一,2023-06-08,5850
2603,長榮,912,553,359,統一,2023-06-08,5850
2382,廣達,559,218,341,統一,2023-06-08,5850
2383,台光電,438,104,334,統一,2023-06-08,5850
2610,華航,589,266,323,統一,2023-06-08,5850
3711,日月光投控,495,175,320,統一,2023-06-08,5850
2606,裕民,300,5,295,統一,2023-06-08,5850
6441,廣錠,309,31,278,統一,2023-06-08,5850
6176,瑞儀,274,0,274,統一,2023-06-08,5850
1907,永豐餘,276,5,271,統一,2023-06-08,5850
3583,辛耘,717,457,260,統一,2023-06-08,5850
2883,凱基金,243,2,241,統一,2023-06-08,5850
1609,大亞,909,691,218,統一,2023-06-08,5850
4967,十銓,593,380,213,統一,2023-06-08,5850
1611,中電,200,1,199,統一,2023-06-08,5850
3702,大聯大,190,1,189,統一,2023-06-08,5850
1612,宏泰,543,357,186,統一,2023-06-08,5850
5009,榮剛,307,129,178,統一,2023-06-08,5850
3673,TPK-KY,331,154,177,統一,2023-06-08,5850
00919,群益台灣精選高息,150,0,150,統一,2023-06-08,5850
2634,漢翔,264,141,123,統一,2023-06-08,5850
4207,環泰,179,58,121,統一,2023-06-08,5850
5340,建榮,233,115,118,統一,2023-06-08,5850
3532,台勝科,135,17,118,統一,2023-06-08,5850
2884,玉山金,202,85,117,統一,2023-06-08,5850
020030,統一智慧電動車N,132,21,111,統一,2023-06-08,5850
00864B,中信美國公債0-1,135,25,110,統一,2023-06-08,5850
1476,儒鴻,105,0,105,統一,2023-06-08,5850
3044,健鼎,109,7,102,統一,2023-06-08,5850
8046,南電,243,142,101,統一,2023-06-08,5850
2886,兆豐金,107,6,101,統一,2023-06-08,5850
5474,聰泰,108,9,99,統一,2023-06-08,5850
2745,五福,144,49,95,統一,2023-06-08,5850
2454,聯發科,185,95,90,統一,2023-06-08,5850
2427,三商電,113,26,87,統一,2023-06-08,5850
6863,永道-KY,86,0,86,統一,2023-06-08,5850
00680L,元大美債20正2,83,1,82,統一,2023-06-08,5850
6147,頎邦,82,2,80,統一,2023-06-08,5850
00720B,元大投資級公司債,77,0,77,統一,2023-06-08,5850
1720,生達,120,44,76,統一,2023-06-08,5850
5439,高技,78,2,76,統一,2023-06-08,5850
2382,廣達,3334,1319,2015,統一,2023-06-09,5850
3374,精材,1859,155,1704,統一,2023-06-09,5850
00893,國泰智能電動車,1472,30,1442,統一,2023-06-09,5850
6770,力積電,1052,4,1048,統一,2023-06-09,5850
6005,群益證,897,64,833,統一,2023-06-09,5850
2344,華邦電,911,125,786,統一,2023-06-09,5850
4533,協易機,709,62,647,統一,2023-06-09,5850
2888,新光金,821,247,574,統一,2023-06-09,5850
3515,華擎,575,19,556,統一,2023-06-09,5850
3715,定穎投控,455,86,369,統一,2023-06-09,5850
8210,勤誠,529,173,356,統一,2023-06-09,5850
1560,中砂,339,3,336,統一,2023-06-09,5850
2368,金像電,687,370,317,統一,2023-06-09,5850
4961,天鈺,334,21,313,統一,2023-06-09,5850
5381,合正,312,0,312,統一,2023-06-09,5850
2855,統一證,307,1,306,統一,2023-06-09,5850
2454,聯發科,304,2,302,統一,2023-06-09,5850
3027,盛達,409,130,279,統一,2023-06-09,5850
3231,緯創,1888,1618,270,統一,2023-06-09,5850
5465,富驊,267,19,248,統一,2023-06-09,5850
8996,高力,311,74,237,統一,2023-06-09,5850
2345,智邦,230,2,228,統一,2023-06-09,5850
3017,奇鋐,365,149,216,統一,2023-06-09,5850
2704,國賓,220,7,213,統一,2023-06-09,5850
8084,巨虹,212,0,212,統一,2023-06-09,5850
8069,元太,413,202,211,統一,2023-06-09,5850
2388,威盛,358,149,209,統一,2023-06-09,5850
1522,堤維西,207,3,204,統一,2023-06-09,5850
2303,聯電,358,171,187,統一,2023-06-09,5850
8016,矽創,184,7,177,統一,2023-06-09,5850
00637L,元大滬深300正2,204,29,175,統一,2023-06-09,5850
2353,宏��,540,372,168,統一,2023-06-09,5850
00919,群益台灣精選高息,162,0,162,統一,2023-06-09,5850
3680,家登,203,42,161,統一,2023-06-09,5850
3596,智易,153,1,152,統一,2023-06-09,5850
2356,英業達,700,549,151,統一,2023-06-09,5850
2376,技嘉,704,554,150,統一,2023-06-09,5850
2404,漢唐,151,4,147,統一,2023-06-09,5850
3592,瑞鼎,147,11,136,統一,2023-06-09,5850
2883,凱基金,134,0,134,統一,2023-06-09,5850
6843,進典,128,1,127,統一,2023-06-09,5850
00878,國泰永續高股息,2862,2737,125,統一,2023-06-09,5850
1305,華夏,125,0,125,統一,2023-06-09,5850
2885,元大金,130,5,125,統一,2023-06-09,5850
2383,台光電,238,114,124,統一,2023-06-09,5850
1326,台化,121,0,121,統一,2023-06-09,5850
2027,大成鋼,151,31,120,統一,2023-06-09,5850
5425,台半,232,120,112,統一,2023-06-09,5850
00706L,期元大S＆P日圓正2,110,0,110,統一,2023-06-09,5850
00881,國泰台灣5G+,173,65,108,統一,2023-06-09,5850
00878,國泰永續高股息,4392,1249,3143,統一,2023-06-12,5850
2303,聯電,2951,657,2294,統一,2023-06-12,5850
00673R,期元大S＆P原油反1,2260,0,2260,統一,2023-06-12,5850
2885,元大金,1645,5,1640,統一,2023-06-12,5850
2891,中信金,1508,262,1246,統一,2023-06-12,5850
3231,緯創,2293,1207,1086,統一,2023-06-12,5850
2603,長榮,1694,694,1000,統一,2023-06-12,5850
6279,胡連,1225,287,938,統一,2023-06-12,5850
00900,富邦特選高股息30,900,21,879,統一,2023-06-12,5850
00893,國泰智能電動車,873,2,871,統一,2023-06-12,5850
3037,欣興,897,119,778,統一,2023-06-12,5850
6770,力積電,765,16,749,統一,2023-06-12,5850
2615,萬海,708,29,679,統一,2023-06-12,5850
00881,國泰台灣5G+,774,100,674,統一,2023-06-12,5850
5425,台半,884,217,667,統一,2023-06-12,5850
00919,群益台灣精選高息,578,0,578,統一,2023-06-12,5850
2457,飛宏,624,73,551,統一,2023-06-12,5850
3711,日月光投控,769,235,534,統一,2023-06-12,5850
2317,鴻海,931,413,518,統一,2023-06-12,5850
5381,合正,450,9,441,統一,2023-06-12,5850
2890,永豐金,426,0,426,統一,2023-06-12,5850
00715L,期街口布蘭特正2,1640,1228,412,統一,2023-06-12,5850
2344,華邦電,629,314,315,統一,2023-06-12,5850
020025,統一亞洲半導體N,276,1,275,統一,2023-06-12,5850
4968,立積,459,189,270,統一,2023-06-12,5850
3702,大聯大,269,2,267,統一,2023-06-12,5850
020030,統一智慧電動車N,259,25,234,統一,2023-06-12,5850
2313,華通,250,18,232,統一,2023-06-12,5850
8210,勤誠,342,114,228,統一,2023-06-12,5850
2347,聯強,202,3,199,統一,2023-06-12,5850
2301,光寶科,317,128,189,統一,2023-06-12,5850
8299,群聯,203,15,188,統一,2023-06-12,5850
2404,漢唐,200,14,186,統一,2023-06-12,5850
3545,敦泰,185,7,178,統一,2023-06-12,5850
2515,中工,579,406,173,統一,2023-06-12,5850
3515,華擎,553,386,167,統一,2023-06-12,5850
3290,東浦,162,0,162,統一,2023-06-12,5850
2049,上銀,164,3,161,統一,2023-06-12,5850
2427,三商電,186,27,159,統一,2023-06-12,5850
1609,大亞,403,247,156,統一,2023-06-12,5850
1210,大成,151,0,151,統一,2023-06-12,5850
8084,巨虹,144,1,143,統一,2023-06-12,5850
3105,穩懋,214,71,143,統一,2023-06-12,5850
3481,群創,178,43,135,統一,2023-06-12,5850
2385,群光,132,0,132,統一,2023-06-12,5850
4967,十銓,155,24,131,統一,2023-06-12,5850
2454,聯發科,133,4,129,統一,2023-06-12,5850
2883,凱基金,144,23,121,統一,2023-06-12,5850
00906,大華元宇宙科技50,118,0,118,統一,2023-06-12,5850
1560,中砂,125,10,115,統一,2023-06-12,5850
00893,國泰智能電動車,3715,14,3701,統一,2023-06-13,5850
00673R,期元大S＆P原油反1,3015,73,2942,統一,2023-06-13,5850
2449,京元電子,2487,72,2415,統一,2023-06-13,5850
2317,鴻海,2332,236,2096,統一,2023-06-13,5850
2603,長榮,2139,86,2053,統一,2023-06-13,5850
2382,廣達,2289,355,1934,統一,2023-06-13,5850
2356,英業達,1804,282,1522,統一,2023-06-13,5850
00891,中信關鍵半導體,1520,7,1513,統一,2023-06-13,5850
2303,聯電,1625,195,1430,統一,2023-06-13,5850
2609,陽明,1372,74,1298,統一,2023-06-13,5850
2610,華航,1320,149,1171,統一,2023-06-13,5850
020031,統一IC設計臺灣N,1101,27,1074,統一,2023-06-13,5850
6279,胡連,1163,101,1062,統一,2023-06-13,5850
3583,辛耘,1028,21,1007,統一,2023-06-13,5850
00881,國泰台灣5G+,1252,254,998,統一,2023-06-13,5850
020025,統一亞洲半導體N,962,43,919,統一,2023-06-13,5850
4919,新唐,622,18,604,統一,2023-06-13,5850
2347,聯強,611,11,600,統一,2023-06-13,5850
1216,統一,600,14,586,統一,2023-06-13,5850
00901,永豐智能車供應鏈,509,0,509,統一,2023-06-13,5850
2454,聯發科,508,19,489,統一,2023-06-13,5850
2890,永豐金,500,18,482,統一,2023-06-13,5850
00888,永豐台灣ESG,426,25,401,統一,2023-06-13,5850
020030,統一智慧電動車N,395,36,359,統一,2023-06-13,5850
00894,中信小資高價30,350,3,347,統一,2023-06-13,5850
3035,智原,422,86,336,統一,2023-06-13,5850
2330,台積電,538,208,330,統一,2023-06-13,5850
9110,越南控-DR,317,0,317,統一,2023-06-13,5850
1218,泰山,271,7,264,統一,2023-06-13,5850
00701,國泰股利精選30,260,0,260,統一,2023-06-13,5850
1722,台肥,348,90,258,統一,2023-06-13,5850
3346,麗清,266,18,248,統一,2023-06-13,5850
2352,佳世達,241,15,226,統一,2023-06-13,5850
2891,中信金,1013,790,223,統一,2023-06-13,5850
8069,元太,310,89,221,統一,2023-06-13,5850
4510,高鋒,214,5,209,統一,2023-06-13,5850
2408,南亞科,434,226,208,統一,2023-06-13,5850
00896,中信綠能及電動車,206,10,196,統一,2023-06-13,5850
3231,緯創,918,726,192,統一,2023-06-13,5850
1609,大亞,321,144,177,統一,2023-06-13,5850
3037,欣興,351,180,171,統一,2023-06-13,5850
2385,群光,285,115,170,統一,2023-06-13,5850
2636,台驊控股,158,1,157,統一,2023-06-13,5850
6125,廣運,214,58,156,統一,2023-06-13,5850
3363,上詮,239,87,152,統一,2023-06-13,5850
3105,穩懋,240,88,152,統一,2023-06-13,5850
1102,亞泥,162,12,150,統一,2023-06-13,5850
2421,建準,226,78,148,統一,2023-06-13,5850
6531,愛普*,287,143,144,統一,2023-06-13,5850
3015,全漢,144,0,144,統一,2023-06-13,5850
2610,華航,11664,1039,10625,統一,2023-06-14,5850
2618,長榮航,11121,2937,8184,統一,2023-06-14,5850
3231,緯創,6940,1138,5802,統一,2023-06-14,5850
2401,凌陽,4023,42,3981,統一,2023-06-14,5850
00715L,期街口布蘭特正2,2594,52,2542,統一,2023-06-14,5850
00878,國泰永續高股息,2460,32,2428,統一,2023-06-14,5850
2890,永豐金,2551,525,2026,統一,2023-06-14,5850
1611,中電,2053,845,1208,統一,2023-06-14,5850
2891,中信金,1014,25,989,統一,2023-06-14,5850
2609,陽明,980,81,899,統一,2023-06-14,5850
2344,華邦電,1006,267,739,統一,2023-06-14,5850
8076,伍豐,964,292,672,統一,2023-06-14,5850
2615,萬海,685,29,656,統一,2023-06-14,5850
2603,長榮,856,234,622,統一,2023-06-14,5850
2881,富邦金,599,11,588,統一,2023-06-14,5850
1216,統一,585,5,580,統一,2023-06-14,5850
3260,威剛,610,71,539,統一,2023-06-14,5850
00679B,元大美債20年,529,0,529,統一,2023-06-14,5850
00706L,期元大S＆P日圓正2,510,0,510,統一,2023-06-14,5850
00882,中信中國高股息,451,11,440,統一,2023-06-14,5850
2886,兆豐金,444,27,417,統一,2023-06-14,5850
4979,華星光,596,190,406,統一,2023-06-14,5850
020030,統一智慧電動車N,400,61,339,統一,2023-06-14,5850
020025,統一亞洲半導體N,433,114,319,統一,2023-06-14,5850
00830,國泰費城半導體,290,0,290,統一,2023-06-14,5850
2385,群光,314,31,283,統一,2023-06-14,5850
020031,統一IC設計臺灣N,311,73,238,統一,2023-06-14,5850
1477,聚陽,347,120,227,統一,2023-06-14,5850
2105,正新,233,9,224,統一,2023-06-14,5850
2352,佳世達,285,62,223,統一,2023-06-14,5850
8147,正淩,218,0,218,統一,2023-06-14,5850
2303,聯電,509,303,206,統一,2023-06-14,5850
1102,亞泥,229,25,204,統一,2023-06-14,5850
2454,聯發科,210,9,201,統一,2023-06-14,5850
2889,國票金,200,0,200,統一,2023-06-14,5850
2329,華泰,277,91,186,統一,2023-06-14,5850
00895,富邦未來車,208,30,178,統一,2023-06-14,5850
2383,台光電,293,119,174,統一,2023-06-14,5850
2404,漢唐,167,5,162,統一,2023-06-14,5850
2882,國泰金,161,7,154,統一,2023-06-14,5850
3623,富晶通,150,2,148,統一,2023-06-14,5850
3207,耀勝,181,33,148,統一,2023-06-14,5850
8201,無敵,147,0,147,統一,2023-06-14,5850
1609,大亞,365,218,147,統一,2023-06-14,5850
00687B,國泰20年美債,165,18,147,統一,2023-06-14,5850
3044,健鼎,194,58,136,統一,2023-06-14,5850
2748,雲品,141,9,132,統一,2023-06-14,5850
2379,瑞昱,144,12,132,統一,2023-06-14,5850
4744,皇將,126,0,126,統一,2023-06-14,5850
00639,富邦深100,526,403,123,統一,2023-06-14,5850
2610,華航,15983,10187,5796,統一,2023-06-15,5850
00878,國泰永續高股息,4793,184,4609,統一,2023-06-15,5850
3231,緯創,5702,1632,4070,統一,2023-06-15,5850
00893,國泰智能電動車,3377,79,3298,統一,2023-06-15,5850
3706,神達,3404,186,3218,統一,2023-06-15,5850
2891,中信金,1710,4,1706,統一,2023-06-15,5850
2303,聯電,3065,1926,1139,統一,2023-06-15,5850
00891,中信關鍵半導體,1184,61,1123,統一,2023-06-15,5850
2308,台達電,1223,137,1086,統一,2023-06-15,5850
2382,廣達,1472,527,945,統一,2023-06-15,5850
00881,國泰台灣5G+,958,83,875,統一,2023-06-15,5850
00830,國泰費城半導體,735,10,725,統一,2023-06-15,5850
3035,智原,829,199,630,統一,2023-06-15,5850
4533,協易機,1622,1015,607,統一,2023-06-15,5850
2301,光寶科,733,180,553,統一,2023-06-15,5850
2368,金像電,1521,1069,452,統一,2023-06-15,5850
2356,英業達,1199,760,439,統一,2023-06-15,5850
8088,品安,433,1,432,統一,2023-06-15,5850
4951,精拓科,439,11,428,統一,2023-06-15,5850
00715L,期街口布蘭特正2,505,101,404,統一,2023-06-15,5850
00892,富邦台灣半導體,394,0,394,統一,2023-06-15,5850
1519,華城,437,58,379,統一,2023-06-15,5850
8147,正淩,412,47,365,統一,2023-06-15,5850
2453,凌群,547,188,359,統一,2023-06-15,5850
020025,統一亞洲半導體N,404,60,344,統一,2023-06-15,5850
2371,大同,703,362,341,統一,2023-06-15,5850
2332,友訊,369,51,318,統一,2023-06-15,5850
1609,大亞,339,67,272,統一,2023-06-15,5850
1815,富喬,233,8,225,統一,2023-06-15,5850
8210,勤誠,889,666,223,統一,2023-06-15,5850
5465,富驊,313,97,216,統一,2023-06-15,5850
3045,台灣大,200,0,200,統一,2023-06-15,5850
00706L,期元大S＆P日圓正2,230,50,180,統一,2023-06-15,5850
4979,華星光,336,158,178,統一,2023-06-15,5850
2748,雲品,233,63,170,統一,2023-06-15,5850
3264,欣銓,215,50,165,統一,2023-06-15,5850
2603,長榮,244,80,164,統一,2023-06-15,5850
00674R,期元大S＆P黃金反1,160,0,160,統一,2023-06-15,5850
00719B,元大美債1-3,154,0,154,統一,2023-06-15,5850
5381,合正,151,0,151,統一,2023-06-15,5850
3287,廣寰科,146,0,146,統一,2023-06-15,5850
3591,艾笛森,141,2,139,統一,2023-06-15,5850
2376,技嘉,291,152,139,統一,2023-06-15,5850
5009,榮剛,178,42,136,統一,2023-06-15,5850
2103,台橡,136,2,134,統一,2023-06-15,5850
4534,慶騰,130,0,130,統一,2023-06-15,5850
6531,愛普*,174,45,129,統一,2023-06-15,5850
00882,中信中國高股息,404,278,126,統一,2023-06-15,5850
3693,營邦,147,24,123,統一,2023-06-15,5850
2468,華經,156,37,119,統一,2023-06-15,5850
00878,國泰永續高股息,4997,40,4957,統一,2023-06-16,5850
00715L,期街口布蘭特正2,6625,2136,4489,統一,2023-06-16,5850
2312,金寶,4500,584,3916,統一,2023-06-16,5850
3231,緯創,3673,1046,2627,統一,2023-06-16,5850
2408,南亞科,1719,39,1680,統一,2023-06-16,5850
2421,建準,1501,141,1360,統一,2023-06-16,5850
3260,威剛,1612,412,1200,統一,2023-06-16,5850
00751B,元大AAA至A公司債,1128,0,1128,統一,2023-06-16,5850
00893,國泰智能電動車,1001,25,976,統一,2023-06-16,5850
00772B,中信高評級公司債,817,0,817,統一,2023-06-16,5850
1513,中興電,1061,281,780,統一,2023-06-16,5850
2371,大同,1086,353,733,統一,2023-06-16,5850
1504,東元,1042,311,731,統一,2023-06-16,5850
2301,光寶科,1154,543,611,統一,2023-06-16,5850
00752,中信中國50,500,2,498,統一,2023-06-16,5850
1609,大亞,701,212,489,統一,2023-06-16,5850
00720B,元大投資級公司債,455,0,455,統一,2023-06-16,5850
1605,華新,622,173,449,統一,2023-06-16,5850
00773B,中信優先金融債,837,400,437,統一,2023-06-16,5850
2634,漢翔,705,320,385,統一,2023-06-16,5850
2317,鴻海,499,124,375,統一,2023-06-16,5850
8147,正淩,441,72,369,統一,2023-06-16,5850
2368,金像電,678,333,345,統一,2023-06-16,5850
2881,富邦金,572,235,337,統一,2023-06-16,5850
8088,品安,351,18,333,統一,2023-06-16,5850
5512,力麒,333,3,330,統一,2023-06-16,5850
3024,憶聲,539,212,327,統一,2023-06-16,5850
2337,旺宏,407,80,327,統一,2023-06-16,5850
3078,僑威,538,212,326,統一,2023-06-16,5850
1477,聚陽,485,179,306,統一,2023-06-16,5850
020025,統一亞洲半導體N,321,19,302,統一,2023-06-16,5850
2454,聯發科,287,10,277,統一,2023-06-16,5850
5426,振發,273,0,273,統一,2023-06-16,5850
3515,華擎,288,24,264,統一,2023-06-16,5850
4951,精拓科,392,132,260,統一,2023-06-16,5850
3034,聯詠,288,29,259,統一,2023-06-16,5850
2845,遠東銀,457,201,256,統一,2023-06-16,5850
2103,台橡,256,0,256,統一,2023-06-16,5850
2308,台達電,305,84,221,統一,2023-06-16,5850
3035,智原,431,216,215,統一,2023-06-16,5850
6265,方土昶,258,46,212,統一,2023-06-16,5850
8277,商丞,212,7,205,統一,2023-06-16,5850
2889,國票金,200,1,199,統一,2023-06-16,5850
2455,全新,261,76,185,統一,2023-06-16,5850
1611,中電,271,91,180,統一,2023-06-16,5850
2356,英業達,931,767,164,統一,2023-06-16,5850
5460,同協,159,0,159,統一,2023-06-16,5850
4979,華星光,769,612,157,統一,2023-06-16,5850
3022,威強電,205,49,156,統一,2023-06-16,5850
2886,兆豐金,171,23,148,統一,2023-06-16,5850
3481,群創,17698,2525,15173,統一,2023-06-19,5850
2891,中信金,5973,119,5854,統一,2023-06-19,5850
2885,元大金,5145,0,5145,統一,2023-06-19,5850
2303,聯電,5087,184,4903,統一,2023-06-19,5850
2736,富野,2743,13,2730,統一,2023-06-19,5850
2454,聯發科,2279,35,2244,統一,2023-06-19,5850
1102,亞泥,1363,0,1363,統一,2023-06-19,5850
2634,漢翔,1105,207,898,統一,2023-06-19,5850
1471,首利,872,0,872,統一,2023-06-19,5850
00772B,中信高評級公司債,802,0,802,統一,2023-06-19,5850
1218,泰山,781,49,732,統一,2023-06-19,5850
5009,榮剛,776,82,694,統一,2023-06-19,5850
020030,統一智慧電動車N,671,9,662,統一,2023-06-19,5850
2385,群光,652,16,636,統一,2023-06-19,5850
6239,力成,652,56,596,統一,2023-06-19,5850
4967,十銓,982,508,474,統一,2023-06-19,5850
4533,協易機,511,49,462,統一,2023-06-19,5850
2809,京城銀,514,56,458,統一,2023-06-19,5850
2103,台橡,418,0,418,統一,2023-06-19,5850
020031,統一IC設計臺灣N,406,61,345,統一,2023-06-19,5850
2889,國票金,310,0,310,統一,2023-06-19,5850
3701,大眾控,287,39,248,統一,2023-06-19,5850
3264,欣銓,275,29,246,統一,2023-06-19,5850
7402,邑錡,261,22,239,統一,2023-06-19,5850
2890,永豐金,227,0,227,統一,2023-06-19,5850
6176,瑞儀,227,1,226,統一,2023-06-19,5850
00715L,期街口布蘭特正2,1607,1384,223,統一,2023-06-19,5850
2330,台積電,241,28,213,統一,2023-06-19,5850
00679B,元大美債20年,204,3,201,統一,2023-06-19,5850
020025,統一亞洲半導體N,193,5,188,統一,2023-06-19,5850
2337,旺宏,196,22,174,統一,2023-06-19,5850
8147,正淩,173,12,161,統一,2023-06-19,5850
3715,定穎投控,168,12,156,統一,2023-06-19,5850
6266,泰詠,179,23,156,統一,2023-06-19,5850
1417,嘉裕,145,0,145,統一,2023-06-19,5850
3363,上詮,261,117,144,統一,2023-06-19,5850
2457,飛宏,172,29,143,統一,2023-06-19,5850
2883,凱基金,279,136,143,統一,2023-06-19,5850
4406,新昕纖,141,0,141,統一,2023-06-19,5850
8210,勤誠,235,94,141,統一,2023-06-19,5850
2014,中鴻,156,17,139,統一,2023-06-19,5850
2427,三商電,135,3,132,統一,2023-06-19,5850
0050,元大台灣50,120,2,118,統一,2023-06-19,5850
2353,宏��,186,73,113,統一,2023-06-19,5850
5347,世界,115,3,112,統一,2023-06-19,5850
00665L,富邦�琤肭磪囓�2,150,40,110,統一,2023-06-19,5850
2504,國產,104,0,104,統一,2023-06-19,5850
3217,優群,178,81,97,統一,2023-06-19,5850
2362,藍天,154,60,94,統一,2023-06-19,5850
4951,精拓科,147,53,94,統一,2023-06-19,5850
00715L,期街口布蘭特正2,4508,100,4408,統一,2023-06-20,5850
2705,六福,3085,324,2761,統一,2023-06-20,5850
00878,國泰永續高股息,2483,42,2441,統一,2023-06-20,5850
2303,聯電,2166,611,1555,統一,2023-06-20,5850
2371,大同,2022,477,1545,統一,2023-06-20,5850
2736,富野,2641,1260,1381,統一,2023-06-20,5850
3231,緯創,3663,2565,1098,統一,2023-06-20,5850
00893,國泰智能電動車,959,13,946,統一,2023-06-20,5850
4533,協易機,954,94,860,統一,2023-06-20,5850
6669,緯穎,876,39,837,統一,2023-06-20,5850
2301,光寶科,924,108,816,統一,2023-06-20,5850
3260,威剛,814,173,641,統一,2023-06-20,5850
2609,陽明,596,75,521,統一,2023-06-20,5850
2409,友達,1067,645,422,統一,2023-06-20,5850
00706L,期元大S＆P日圓正2,420,0,420,統一,2023-06-20,5850
00895,富邦未來車,379,0,379,統一,2023-06-20,5850
00679B,元大美債20年,363,0,363,統一,2023-06-20,5850
2340,台亞,527,187,340,統一,2023-06-20,5850
2401,凌陽,326,17,309,統一,2023-06-20,5850
3005,神基,317,9,308,統一,2023-06-20,5850
1513,中興電,908,646,262,統一,2023-06-20,5850
6235,華孚,293,42,251,統一,2023-06-20,5850
2748,雲品,541,321,220,統一,2023-06-20,5850
2059,川湖,245,31,214,統一,2023-06-20,5850
2504,國產,215,4,211,統一,2023-06-20,5850
1609,大亞,312,107,205,統一,2023-06-20,5850
6217,中探針,543,349,194,統一,2023-06-20,5850
1303,南亞,195,7,188,統一,2023-06-20,5850
6584,南俊國際,191,11,180,統一,2023-06-20,5850
3687,歐買尬,199,20,179,統一,2023-06-20,5850
1504,東元,276,112,164,統一,2023-06-20,5850
2103,台橡,152,0,152,統一,2023-06-20,5850
1528,恩德,329,184,145,統一,2023-06-20,5850
8210,勤誠,448,303,145,統一,2023-06-20,5850
6279,胡連,192,61,131,統一,2023-06-20,5850
5484,慧友,131,0,131,統一,2023-06-20,5850
4108,懷特,129,3,126,統一,2023-06-20,5850
00853B,統一美債10年Aa-,453,327,126,統一,2023-06-20,5850
3581,博磊,122,3,119,統一,2023-06-20,5850
00680L,元大美債20正2,116,4,112,統一,2023-06-20,5850
8171,天宇,109,0,109,統一,2023-06-20,5850
2405,輔信,122,13,109,統一,2023-06-20,5850
020030,統一智慧電動車N,130,23,107,統一,2023-06-20,5850
3092,鴻碩,100,1,99,統一,2023-06-20,5850
6290,良維,116,18,98,統一,2023-06-20,5850
1603,華電,100,6,94,統一,2023-06-20,5850
6214,精誠,93,4,89,統一,2023-06-20,5850
1446,宏和,89,0,89,統一,2023-06-20,5850
6138,茂達,94,8,86,統一,2023-06-20,5850
1215,卜蜂,94,8,86,統一,2023-06-20,5850
2303,聯電,11861,576,11285,統一,2023-06-21,5850
3231,緯創,11720,1497,10223,統一,2023-06-21,5850
00878,國泰永續高股息,4278,153,4125,統一,2023-06-21,5850
00715L,期街口布蘭特正2,3019,19,3000,統一,2023-06-21,5850
2603,長榮,1708,462,1246,統一,2023-06-21,5850
2610,華航,1783,709,1074,統一,2023-06-21,5850
020031,統一IC設計臺灣N,995,20,975,統一,2023-06-21,5850
2344,華邦電,1323,372,951,統一,2023-06-21,5850
3032,偉訓,862,49,813,統一,2023-06-21,5850
00895,富邦未來車,588,1,587,統一,2023-06-21,5850
3049,精金,649,77,572,統一,2023-06-21,5850
8936,國統,585,42,543,統一,2023-06-21,5850
8210,勤誠,1024,507,517,統一,2023-06-21,5850
2356,英業達,1089,572,517,統一,2023-06-21,5850
00772B,中信高評級公司債,525,26,499,統一,2023-06-21,5850
8358,金居,676,199,477,統一,2023-06-21,5850
3483,力致,503,33,470,統一,2023-06-21,5850
2301,光寶科,655,203,452,統一,2023-06-21,5850
2409,友達,1342,915,427,統一,2023-06-21,5850
2002,中鋼,385,53,332,統一,2023-06-21,5850
00893,國泰智能電動車,337,19,318,統一,2023-06-21,5850
4979,華星光,680,373,307,統一,2023-06-21,5850
1319,東陽,327,23,304,統一,2023-06-21,5850
3515,華擎,357,76,281,統一,2023-06-21,5850
2634,漢翔,604,324,280,統一,2023-06-21,5850
6282,康舒,375,107,268,統一,2023-06-21,5850
5381,合正,242,0,242,統一,2023-06-21,5850
2504,國產,240,2,238,統一,2023-06-21,5850
00757,統一FANG+,230,2,228,統一,2023-06-21,5850
6488,環球晶,234,18,216,統一,2023-06-21,5850
3078,僑威,702,495,207,統一,2023-06-21,5850
4533,協易機,245,41,204,統一,2023-06-21,5850
7402,邑錡,215,12,203,統一,2023-06-21,5850
3711,日月光投控,554,356,198,統一,2023-06-21,5850
3289,宜特,200,7,193,統一,2023-06-21,5850
6203,海韻電,246,60,186,統一,2023-06-21,5850
5302,太欣,185,0,185,統一,2023-06-21,5850
2331,精英,341,168,173,統一,2023-06-21,5850
1589,永冠-KY,264,92,172,統一,2023-06-21,5850
2538,基泰,154,0,154,統一,2023-06-21,5850
3372,典範,150,0,150,統一,2023-06-21,5850
2637,慧洋-KY,156,7,149,統一,2023-06-21,5850
2457,飛宏,176,41,135,統一,2023-06-21,5850
2369,菱生,129,0,129,統一,2023-06-21,5850
8110,華東,142,22,120,統一,2023-06-21,5850
2347,聯強,115,6,109,統一,2023-06-21,5850
6121,新普,107,1,106,統一,2023-06-21,5850
2353,宏��,270,165,105,統一,2023-06-21,5850
2363,矽統,109,5,104,統一,2023-06-21,5850
5876,上海商銀,103,1,102,統一,2023-06-21,5850
00632R,元大台灣50反1,6862,490,6372,統一,2023-06-26,5850
00673R,期元大S＆P原油反1,4219,60,4159,統一,2023-06-26,5850
2303,聯電,3883,185,3698,統一,2023-06-26,5850
2618,長榮航,2954,1110,1844,統一,2023-06-26,5850
6188,廣明,1941,681,1260,統一,2023-06-26,5850
6276,安鈦克,1207,15,1192,統一,2023-06-26,5850
3706,神達,1256,157,1099,統一,2023-06-26,5850
2603,長榮,1979,971,1008,統一,2023-06-26,5850
1907,永豐餘,1426,523,903,統一,2023-06-26,5850
2317,鴻海,1052,196,856,統一,2023-06-26,5850
2371,大同,1087,290,797,統一,2023-06-26,5850
2891,中信金,739,12,727,統一,2023-06-26,5850
3711,日月光投控,782,104,678,統一,2023-06-26,5850
00706L,期元大S＆P日圓正2,619,0,619,統一,2023-06-26,5850
2888,新光金,635,31,604,統一,2023-06-26,5850
2609,陽明,629,26,603,統一,2023-06-26,5850
2002,中鋼,518,65,453,統一,2023-06-26,5850
2913,農林,405,48,357,統一,2023-06-26,5850
3356,奇偶,354,18,336,統一,2023-06-26,5850
020030,統一智慧電動車N,402,68,334,統一,2023-06-26,5850
2340,台亞,525,238,287,統一,2023-06-26,5850
6111,大宇資,303,36,267,統一,2023-06-26,5850
2308,台達電,443,178,265,統一,2023-06-26,5850
2704,國賓,261,0,261,統一,2023-06-26,5850
3042,晶技,255,8,247,統一,2023-06-26,5850
3035,智原,570,328,242,統一,2023-06-26,5850
00881,國泰台灣5G+,217,1,216,統一,2023-06-26,5850
00712,復華富時不動產,215,0,215,統一,2023-06-26,5850
5009,榮剛,281,85,196,統一,2023-06-26,5850
2399,映泰,199,3,196,統一,2023-06-26,5850
3260,威剛,272,78,194,統一,2023-06-26,5850
1589,永冠-KY,185,0,185,統一,2023-06-26,5850
4510,高鋒,193,11,182,統一,2023-06-26,5850
2637,慧洋-KY,171,2,169,統一,2023-06-26,5850
1477,聚陽,170,11,159,統一,2023-06-26,5850
00908,富邦入息REITs+,203,60,143,統一,2023-06-26,5850
2867,三商壽,167,30,137,統一,2023-06-26,5850
4916,事欣科,216,84,132,統一,2023-06-26,5850
2103,台橡,130,0,130,統一,2023-06-26,5850
9912,偉聯,119,0,119,統一,2023-06-26,5850
2201,裕隆,187,68,119,統一,2023-06-26,5850
00637L,元大滬深300正2,278,165,113,統一,2023-06-26,5850
1513,中興電,342,230,112,統一,2023-06-26,5850
3122,笙泉,107,0,107,統一,2023-06-26,5850
1609,大亞,134,29,105,統一,2023-06-26,5850
2743,山富,115,14,101,統一,2023-06-26,5850
1308,亞聚,100,0,100,統一,2023-06-26,5850
3306,鼎天,110,14,96,統一,2023-06-26,5850
5381,合正,146,50,96,統一,2023-06-26,5850
2329,華泰,110,14,96,統一,2023-06-26,5850
00673R,期元大S＆P原油反1,3116,105,3011,統一,2023-06-27,5850
2603,長榮,3531,551,2980,統一,2023-06-27,5850
3205,佰研,948,0,948,統一,2023-06-27,5850
2371,大同,1191,445,746,統一,2023-06-27,5850
00881,國泰台灣5G+,678,11,667,統一,2023-06-27,5850
6125,廣運,995,369,626,統一,2023-06-27,5850
00706L,期元大S＆P日圓正2,545,0,545,統一,2023-06-27,5850
2610,華航,1192,669,523,統一,2023-06-27,5850
00878,國泰永續高股息,546,26,520,統一,2023-06-27,5850
3083,網龍,493,31,462,統一,2023-06-27,5850
2317,鴻海,999,563,436,統一,2023-06-27,5850
1905,華紙,513,152,361,統一,2023-06-27,5850
2913,農林,398,107,291,統一,2023-06-27,5850
3289,宜特,354,72,282,統一,2023-06-27,5850
00892,富邦台灣半導體,267,0,267,統一,2023-06-27,5850
3032,偉訓,239,24,215,統一,2023-06-27,5850
6278,台表科,217,2,215,統一,2023-06-27,5850
1402,遠東新,208,0,208,統一,2023-06-27,5850
6472,保瑞,213,12,201,統一,2023-06-27,5850
6169,昱泉,200,1,199,統一,2023-06-27,5850
8210,勤誠,302,107,195,統一,2023-06-27,5850
2399,映泰,188,0,188,統一,2023-06-27,5850
2883,凱基金,242,66,176,統一,2023-06-27,5850
020030,統一智慧電動車N,211,50,161,統一,2023-06-27,5850
2609,陽明,221,61,160,統一,2023-06-27,5850
4915,致伸,125,1,124,統一,2023-06-27,5850
3287,廣寰科,124,0,124,統一,2023-06-27,5850
4120,友華,122,0,122,統一,2023-06-27,5850
6657,華安,171,52,119,統一,2023-06-27,5850
4406,新昕纖,231,115,116,統一,2023-06-27,5850
5009,榮剛,335,219,116,統一,2023-06-27,5850
2014,中鴻,159,44,115,統一,2023-06-27,5850
4747,強生,387,290,97,統一,2023-06-27,5850
3105,穩懋,108,13,95,統一,2023-06-27,5850
9910,豐泰,102,8,94,統一,2023-06-27,5850
4123,晟德,105,12,93,統一,2023-06-27,5850
8936,國統,130,40,90,統一,2023-06-27,5850
4543,萬在,198,108,90,統一,2023-06-27,5850
2486,一詮,101,12,89,統一,2023-06-27,5850
4743,合一,132,46,86,統一,2023-06-27,5850
6111,大宇資,430,350,80,統一,2023-06-27,5850
2382,廣達,403,323,80,統一,2023-06-27,5850
4129,聯合,84,5,79,統一,2023-06-27,5850
3434,哲固,102,24,78,統一,2023-06-27,5850
2103,台橡,82,4,78,統一,2023-06-27,5850
2743,山富,88,12,76,統一,2023-06-27,5850
1301,台塑,127,51,76,統一,2023-06-27,5850
4951,精拓科,81,6,75,統一,2023-06-27,5850
8234,新漢,77,5,72,統一,2023-06-27,5850
3310,佳穎,71,0,71,統一,2023-06-27,5850
2603,長榮,3822,241,3581,統一,2023-06-28,5850
3207,耀勝,3178,300,2878,統一,2023-06-28,5850
2618,長榮航,3811,1495,2316,統一,2023-06-28,5850
2609,陽明,2053,109,1944,統一,2023-06-28,5850
00673R,期元大S＆P原油反1,1736,230,1506,統一,2023-06-28,5850
2419,仲琦,1107,8,1099,統一,2023-06-28,5850
2885,元大金,909,0,909,統一,2023-06-28,5850
3260,威剛,1048,163,885,統一,2023-06-28,5850
2301,光寶科,981,139,842,統一,2023-06-28,5850
3481,群創,840,39,801,統一,2023-06-28,5850
2356,英業達,1173,399,774,統一,2023-06-28,5850
2610,華航,1374,617,757,統一,2023-06-28,5850
00706L,期元大S＆P日圓正2,593,0,593,統一,2023-06-28,5850
00893,國泰智能電動車,579,21,558,統一,2023-06-28,5850
4533,協易機,636,198,438,統一,2023-06-28,5850
8210,勤誠,434,90,344,統一,2023-06-28,5850
2103,台橡,327,0,327,統一,2023-06-28,5850
00895,富邦未來車,284,0,284,統一,2023-06-28,5850
5465,富驊,491,211,280,統一,2023-06-28,5850
2344,華邦電,294,15,279,統一,2023-06-28,5850
1477,聚陽,333,91,242,統一,2023-06-28,5850
6841,長佳智能,275,45,230,統一,2023-06-28,5850
8277,商丞,224,3,221,統一,2023-06-28,5850
2634,漢翔,306,86,220,統一,2023-06-28,5850
00679B,元大美債20年,210,6,204,統一,2023-06-28,5850
1102,亞泥,200,11,189,統一,2023-06-28,5850
6282,康舒,287,99,188,統一,2023-06-28,5850
2891,中信金,531,354,177,統一,2023-06-28,5850
2906,高林,187,14,173,統一,2023-06-28,5850
2353,宏��,362,196,166,統一,2023-06-28,5850
1795,美時,286,134,152,統一,2023-06-28,5850
1308,亞聚,151,0,151,統一,2023-06-28,5850
3687,歐買尬,189,42,147,統一,2023-06-28,5850
3005,神基,181,35,146,統一,2023-06-28,5850
3287,廣寰科,146,4,142,統一,2023-06-28,5850
3264,欣銓,173,33,140,統一,2023-06-28,5850
8299,群聯,144,18,126,統一,2023-06-28,5850
3035,智原,319,194,125,統一,2023-06-28,5850
2376,技嘉,161,40,121,統一,2023-06-28,5850
6285,啟��,187,73,114,統一,2023-06-28,5850
2206,三陽工業,121,7,114,統一,2023-06-28,5850
3380,明泰,132,25,107,統一,2023-06-28,5850
2329,華泰,107,1,106,統一,2023-06-28,5850
3105,穩懋,152,47,105,統一,2023-06-28,5850
2331,精英,225,122,103,統一,2023-06-28,5850
6781,AES-KY,119,19,100,統一,2023-06-28,5850
1589,永冠-KY,100,1,99,統一,2023-06-28,5850
1609,大亞,110,11,99,統一,2023-06-28,5850
1303,南亞,110,14,96,統一,2023-06-28,5850
3034,聯詠,113,18,95,統一,2023-06-28,5850
2603,長榮,12060,474,11586,統一,2023-06-29,5850
00715L,期街口布蘭特正2,6296,1866,4430,統一,2023-06-29,5850
2344,華邦電,2609,585,2024,統一,2023-06-29,5850
3231,緯創,2293,864,1429,統一,2023-06-29,5850
2704,國賓,1087,0,1087,統一,2023-06-29,5850
00881,國泰台灣5G+,1168,103,1065,統一,2023-06-29,5850
2408,南亞科,966,64,902,統一,2023-06-29,5850
5388,中磊,1021,158,863,統一,2023-06-29,5850
3207,耀勝,5020,4229,791,統一,2023-06-29,5850
2609,陽明,842,123,719,統一,2023-06-29,5850
2382,廣達,632,214,418,統一,2023-06-29,5850
3481,群創,456,88,368,統一,2023-06-29,5850
6451,訊芯-KY,366,41,325,統一,2023-06-29,5850
1605,華新,373,60,313,統一,2023-06-29,5850
4533,協易機,485,173,312,統一,2023-06-29,5850
3035,智原,684,379,305,統一,2023-06-29,5850
020030,統一智慧電動車N,376,99,277,統一,2023-06-29,5850
2356,英業達,391,125,266,統一,2023-06-29,5850
00893,國泰智能電動車,301,54,247,統一,2023-06-29,5850
3260,威剛,774,533,241,統一,2023-06-29,5850
00706L,期元大S＆P日圓正2,230,0,230,統一,2023-06-29,5850
4904,遠傳,220,4,216,統一,2023-06-29,5850
9958,世紀鋼,239,24,215,統一,2023-06-29,5850
4147,中裕,200,6,194,統一,2023-06-29,5850
1471,首利,188,2,186,統一,2023-06-29,5850
00673R,期元大S＆P原油反1,170,0,170,統一,2023-06-29,5850
3515,華擎,198,34,164,統一,2023-06-29,5850
2330,台積電,203,41,162,統一,2023-06-29,5850
9942,茂順,146,3,143,統一,2023-06-29,5850
1609,大亞,255,116,139,統一,2023-06-29,5850
6120,達運,154,16,138,統一,2023-06-29,5850
5452,佶優,157,25,132,統一,2023-06-29,5850
4763,材料-KY,169,45,124,統一,2023-06-29,5850
2230,泰茂,134,10,124,統一,2023-06-29,5850
3078,僑威,162,38,124,統一,2023-06-29,5850
020031,統一IC設計臺灣N,135,13,122,統一,2023-06-29,5850
4938,和碩,118,4,114,統一,2023-06-29,5850
2618,長榮航,4490,4381,109,統一,2023-06-29,5850
2409,友達,123,16,107,統一,2023-06-29,5850
8171,天宇,108,2,106,統一,2023-06-29,5850
2615,萬海,120,19,101,統一,2023-06-29,5850
2371,大同,612,512,100,統一,2023-06-29,5850
00891,中信關鍵半導體,100,0,100,統一,2023-06-29,5850
00892,富邦台灣半導體,100,0,100,統一,2023-06-29,5850
4155,訊映,99,0,99,統一,2023-06-29,5850
4968,立積,166,69,97,統一,2023-06-29,5850
6282,康舒,115,22,93,統一,2023-06-29,5850
6806,森崴能源,102,11,91,統一,2023-06-29,5850
2308,台達電,183,94,89,統一,2023-06-29,5850
2383,台光電,105,19,86,統一,2023-06-29,5850
2609,陽明,3286,184,3102,統一,2023-06-30,5850
1217,愛之味,2213,88,2125,統一,2023-06-30,5850
00715L,期街口布蘭特正2,4498,2382,2116,統一,2023-06-30,5850
2890,永豐金,600,0,600,統一,2023-06-30,5850
00881,國泰台灣5G+,1340,803,537,統一,2023-06-30,5850
00706L,期元大S＆P日圓正2,500,0,500,統一,2023-06-30,5850
2303,聯電,529,30,499,統一,2023-06-30,5850
2618,長榮航,1943,1482,461,統一,2023-06-30,5850
8050,廣積,649,221,428,統一,2023-06-30,5850
2317,鴻海,523,119,404,統一,2023-06-30,5850
00907,永豐優息存股,400,0,400,統一,2023-06-30,5850
6125,廣運,492,94,398,統一,2023-06-30,5850
1605,華新,443,57,386,統一,2023-06-30,5850
2313,華通,342,0,342,統一,2023-06-30,5850
2615,萬海,406,65,341,統一,2023-06-30,5850
3017,奇鋐,682,351,331,統一,2023-06-30,5850
2301,光寶科,396,71,325,統一,2023-06-30,5850
6282,康舒,505,189,316,統一,2023-06-30,5850
00673R,期元大S＆P原油反1,313,0,313,統一,2023-06-30,5850
2376,技嘉,340,54,286,統一,2023-06-30,5850
1609,大亞,571,291,280,統一,2023-06-30,5850
2002,中鋼,273,7,266,統一,2023-06-30,5850
1513,中興電,475,227,248,統一,2023-06-30,5850
4979,華星光,496,256,240,統一,2023-06-30,5850
00679B,元大美債20年,218,0,218,統一,2023-06-30,5850
3374,精材,217,11,206,統一,2023-06-30,5850
2329,華泰,288,89,199,統一,2023-06-30,5850
3036,文曄,200,5,195,統一,2023-06-30,5850
3704,合勤控,291,137,154,統一,2023-06-30,5850
6117,迎廣,164,10,154,統一,2023-06-30,5850
1795,美時,199,58,141,統一,2023-06-30,5850
2886,兆豐金,150,10,140,統一,2023-06-30,5850
00680L,元大美債20正2,147,20,127,統一,2023-06-30,5850
8171,天宇,127,1,126,統一,2023-06-30,5850
1303,南亞,152,27,125,統一,2023-06-30,5850
0050,元大台灣50,126,1,125,統一,2023-06-30,5850
2383,台光電,179,55,124,統一,2023-06-30,5850
2457,飛宏,153,31,122,統一,2023-06-30,5850
1528,恩德,134,13,121,統一,2023-06-30,5850
2201,裕隆,165,47,118,統一,2023-06-30,5850
6188,廣明,257,142,115,統一,2023-06-30,5850
4538,大詠城,125,12,113,統一,2023-06-30,5850
4714,永捷,110,0,110,統一,2023-06-30,5850
6274,台燿,196,87,109,統一,2023-06-30,5850
2421,建準,162,59,103,統一,2023-06-30,5850
00893,國泰智能電動車,200,101,99,統一,2023-06-30,5850
2530,華建,97,0,97,統一,2023-06-30,5850
3483,力致,134,38,96,統一,2023-06-30,5850
3289,宜特,162,66,96,統一,2023-06-30,5850
6669,緯穎,94,5,89,統一,2023-06-30,5850
2609,陽明,12821,946,11875,統一,2023-07-03,5850
2399,映泰,6399,59,6340,統一,2023-07-03,5850
00715L,期街口布蘭特正2,4524,1521,3003,統一,2023-07-03,5850
3481,群創,1894,84,1810,統一,2023-07-03,5850
3711,日月光投控,1543,97,1446,統一,2023-07-03,5850
2419,仲琦,1182,69,1113,統一,2023-07-03,5850
4960,誠美材,1102,2,1100,統一,2023-07-03,5850
00632R,元大台灣50反1,1095,0,1095,統一,2023-07-03,5850
2317,鴻海,1121,71,1050,統一,2023-07-03,5850
2301,光寶科,1162,156,1006,統一,2023-07-03,5850
1102,亞泥,561,4,557,統一,2023-07-03,5850
2329,華泰,965,446,519,統一,2023-07-03,5850
1603,華電,505,3,502,統一,2023-07-03,5850
2421,建準,522,79,443,統一,2023-07-03,5850
2888,新光金,504,67,437,統一,2023-07-03,5850
3035,智原,630,197,433,統一,2023-07-03,5850
00895,富邦未來車,400,5,395,統一,2023-07-03,5850
00905,FT臺灣Smart,355,1,354,統一,2023-07-03,5850
1905,華紙,834,489,345,統一,2023-07-03,5850
00893,國泰智能電動車,341,4,337,統一,2023-07-03,5850
2345,智邦,342,7,335,統一,2023-07-03,5850
5426,振發,325,4,321,統一,2023-07-03,5850
2331,精英,455,136,319,統一,2023-07-03,5850
4906,正文,520,208,312,統一,2023-07-03,5850
5009,榮剛,449,142,307,統一,2023-07-03,5850
6548,長科*,310,19,291,統一,2023-07-03,5850
020025,統一亞洲半導體N,278,0,278,統一,2023-07-03,5850
2332,友訊,452,174,278,統一,2023-07-03,5850
3675,德微,296,19,277,統一,2023-07-03,5850
1101,台泥,261,5,256,統一,2023-07-03,5850
0050,元大台灣50,251,9,242,統一,2023-07-03,5850
2618,長榮航,1851,1618,233,統一,2023-07-03,5850
4155,訊映,335,107,228,統一,2023-07-03,5850
6279,胡連,213,10,203,統一,2023-07-03,5850
2308,台達電,449,249,200,統一,2023-07-03,5850
2409,友達,215,26,189,統一,2023-07-03,5850
2368,金像電,486,301,185,統一,2023-07-03,5850
3078,僑威,366,181,185,統一,2023-07-03,5850
2356,英業達,610,432,178,統一,2023-07-03,5850
3374,精材,381,204,177,統一,2023-07-03,5850
00907,永豐優息存股,177,0,177,統一,2023-07-03,5850
3380,明泰,213,41,172,統一,2023-07-03,5850
2371,大同,482,322,160,統一,2023-07-03,5850
3289,宜特,233,79,154,統一,2023-07-03,5850
2382,廣達,821,667,154,統一,2023-07-03,5850
2376,技嘉,354,208,146,統一,2023-07-03,5850
020031,統一IC設計臺灣N,160,21,139,統一,2023-07-03,5850
6188,廣明,501,376,125,統一,2023-07-03,5850
6266,泰詠,173,51,122,統一,2023-07-03,5850
2486,一詮,162,43,119,統一,2023-07-03,5850
2356,英業達,5772,820,4952,統一,2023-07-04,5850
3363,上詮,2797,45,2752,統一,2023-07-04,5850
00715L,期街口布蘭特正2,1852,91,1761,統一,2023-07-04,5850
00878,國泰永續高股息,1499,121,1378,統一,2023-07-04,5850
2301,光寶科,1771,691,1080,統一,2023-07-04,5850
00881,國泰台灣5G+,1959,991,968,統一,2023-07-04,5850
6282,康舒,2981,2070,911,統一,2023-07-04,5850
2329,華泰,1595,833,762,統一,2023-07-04,5850
2618,長榮航,1626,934,692,統一,2023-07-04,5850
3035,智原,873,275,598,統一,2023-07-04,5850
2303,聯電,829,233,596,統一,2023-07-04,5850
3260,威剛,654,65,589,統一,2023-07-04,5850
2610,華航,1173,604,569,統一,2023-07-04,5850
2402,毅嘉,643,76,567,統一,2023-07-04,5850
4958,臻鼎-KY,483,25,458,統一,2023-07-04,5850
2330,台積電,533,95,438,統一,2023-07-04,5850
3481,群創,719,286,433,統一,2023-07-04,5850
3163,波若威,373,22,351,統一,2023-07-04,5850
1514,亞力,402,54,348,統一,2023-07-04,5850
00905,FT臺灣Smart,366,22,344,統一,2023-07-04,5850
6806,森崴能源,354,55,299,統一,2023-07-04,5850
020030,統一智慧電動車N,407,124,283,統一,2023-07-04,5850
9910,豐泰,256,3,253,統一,2023-07-04,5850
00907,永豐優息存股,251,0,251,統一,2023-07-04,5850
1101,台泥,254,8,246,統一,2023-07-04,5850
5347,世界,231,0,231,統一,2023-07-04,5850
3289,宜特,332,108,224,統一,2023-07-04,5850
3583,辛耘,279,59,220,統一,2023-07-04,5850
3372,典範,214,33,181,統一,2023-07-04,5850
2867,三商壽,171,0,171,統一,2023-07-04,5850
2883,凱基金,213,46,167,統一,2023-07-04,5850
3515,華擎,206,43,163,統一,2023-07-04,5850
3105,穩懋,195,33,162,統一,2023-07-04,5850
6121,新普,160,4,156,統一,2023-07-04,5850
2340,台亞,220,65,155,統一,2023-07-04,5850
3362,先進光,198,43,155,統一,2023-07-04,5850
2458,義隆,162,8,154,統一,2023-07-04,5850
020025,統一亞洲半導體N,153,0,153,統一,2023-07-04,5850
8411,福貞-KY,147,0,147,統一,2023-07-04,5850
3025,星通,243,100,143,統一,2023-07-04,5850
4526,東台,141,1,140,統一,2023-07-04,5850
2368,金像電,471,335,136,統一,2023-07-04,5850
2376,技嘉,690,557,133,統一,2023-07-04,5850
6274,台燿,143,13,130,統一,2023-07-04,5850
2460,建通,164,38,126,統一,2023-07-04,5850
2383,台光電,295,172,123,統一,2023-07-04,5850
2425,承啟,118,10,108,統一,2023-07-04,5850
2486,一詮,193,85,108,統一,2023-07-04,5850
3131,弘塑,143,37,106,統一,2023-07-04,5850
4979,華星光,915,811,104,統一,2023-07-04,5850
8215,明基材,6778,52,6726,統一,2023-07-05,5850
2610,華航,6183,1612,4571,統一,2023-07-05,5850
00715L,期街口布蘭特正2,4150,202,3948,統一,2023-07-05,5850
2201,裕隆,1172,44,1128,統一,2023-07-05,5850
2615,萬海,1222,189,1033,統一,2023-07-05,5850
3481,群創,1204,336,868,統一,2023-07-05,5850
00881,國泰台灣5G+,961,153,808,統一,2023-07-05,5850
4532,瑞智,892,157,735,統一,2023-07-05,5850
6138,茂達,611,15,596,統一,2023-07-05,5850
2330,台積電,670,115,555,統一,2023-07-05,5850
2885,元大金,530,12,518,統一,2023-07-05,5850
6282,康舒,1508,1012,496,統一,2023-07-05,5850
00893,國泰智能電動車,473,100,373,統一,2023-07-05,5850
00706L,期元大S＆P日圓正2,361,0,361,統一,2023-07-05,5850
4960,誠美材,410,50,360,統一,2023-07-05,5850
8210,勤誠,383,28,355,統一,2023-07-05,5850
1101,台泥,329,17,312,統一,2023-07-05,5850
2301,光寶科,533,241,292,統一,2023-07-05,5850
4934,太極,362,72,290,統一,2023-07-05,5850
020025,統一亞洲半導體N,290,5,285,統一,2023-07-05,5850
00876,元大全球5G,269,0,269,統一,2023-07-05,5850
020030,統一智慧電動車N,315,50,265,統一,2023-07-05,5850
2399,映泰,401,136,265,統一,2023-07-05,5850
2606,裕民,230,2,228,統一,2023-07-05,5850
2368,金像電,406,186,220,統一,2023-07-05,5850
5347,世界,411,193,218,統一,2023-07-05,5850
1514,亞力,269,52,217,統一,2023-07-05,5850
2313,華通,231,23,208,統一,2023-07-05,5850
2371,大同,241,41,200,統一,2023-07-05,5850
2723,美食-KY,198,1,197,統一,2023-07-05,5850
8112,至上,191,3,188,統一,2023-07-05,5850
3078,僑威,293,109,184,統一,2023-07-05,5850
4919,新唐,235,56,179,統一,2023-07-05,5850
3711,日月光投控,374,217,157,統一,2023-07-05,5850
3025,星通,214,57,157,統一,2023-07-05,5850
2345,智邦,170,14,156,統一,2023-07-05,5850
8996,高力,193,40,153,統一,2023-07-05,5850
00757,統一FANG+,152,0,152,統一,2023-07-05,5850
1809,中釉,153,3,150,統一,2023-07-05,5850
6133,金橋,172,26,146,統一,2023-07-05,5850
2419,仲琦,818,672,146,統一,2023-07-05,5850
4770,上品,144,3,141,統一,2023-07-05,5850
4533,協易機,247,110,137,統一,2023-07-05,5850
3037,欣興,179,44,135,統一,2023-07-05,5850
6538,倉和,132,2,130,統一,2023-07-05,5850
3042,晶技,132,4,128,統一,2023-07-05,5850
3715,定穎投控,170,46,124,統一,2023-07-05,5850
2030,彰源,122,0,122,統一,2023-07-05,5850
1504,東元,152,30,122,統一,2023-07-05,5850
4976,佳凌,139,19,120,統一,2023-07-05,5850
00715L,期街口布蘭特正2,6357,621,5736,統一,2023-07-06,5850
5381,合正,2505,0,2505,統一,2023-07-06,5850
2340,台亞,1961,373,1588,統一,2023-07-06,5850
2388,威盛,1075,112,963,統一,2023-07-06,5850
5426,振發,1013,133,880,統一,2023-07-06,5850
4306,炎洲,804,0,804,統一,2023-07-06,5850
5347,世界,792,92,700,統一,2023-07-06,5850
2449,京元電子,594,26,568,統一,2023-07-06,5850
3034,聯詠,544,6,538,統一,2023-07-06,5850
3481,群創,952,519,433,統一,2023-07-06,5850
3701,大眾控,475,127,348,統一,2023-07-06,5850
2103,台橡,315,0,315,統一,2023-07-06,5850
2409,友達,556,248,308,統一,2023-07-06,5850
2380,虹光,288,5,283,統一,2023-07-06,5850
8086,宏捷科,293,34,259,統一,2023-07-06,5850
00893,國泰智能電動車,301,51,250,統一,2023-07-06,5850
9958,世紀鋼,260,12,248,統一,2023-07-06,5850
5388,中磊,410,172,238,統一,2023-07-06,5850
00665L,富邦�琤肭磪囓�2,236,2,234,統一,2023-07-06,5850
8016,矽創,233,6,227,統一,2023-07-06,5850
3035,智原,383,158,225,統一,2023-07-06,5850
2534,宏盛,215,1,214,統一,2023-07-06,5850
2801,彰銀,214,3,211,統一,2023-07-06,5850
0056,元大高股息,226,17,209,統一,2023-07-06,5850
6491,晶碩,214,8,206,統一,2023-07-06,5850
3362,先進光,480,278,202,統一,2023-07-06,5850
00876,元大全球5G,200,0,200,統一,2023-07-06,5850
6550,北極星藥業-KY,231,32,199,統一,2023-07-06,5850
4960,誠美材,200,9,191,統一,2023-07-06,5850
8201,無敵,189,0,189,統一,2023-07-06,5850
4968,立積,257,72,185,統一,2023-07-06,5850
6538,倉和,323,139,184,統一,2023-07-06,5850
2303,聯電,258,77,181,統一,2023-07-06,5850
2395,研華,180,0,180,統一,2023-07-06,5850
2913,農林,200,22,178,統一,2023-07-06,5850
3005,神基,176,8,168,統一,2023-07-06,5850
2454,聯發科,185,18,167,統一,2023-07-06,5850
4934,太極,445,278,167,統一,2023-07-06,5850
3060,銘異,166,1,165,統一,2023-07-06,5850
2402,毅嘉,232,83,149,統一,2023-07-06,5850
5474,聰泰,149,2,147,統一,2023-07-06,5850
3071,協禧,365,223,142,統一,2023-07-06,5850
6417,韋僑,146,7,139,統一,2023-07-06,5850
2890,永豐金,138,0,138,統一,2023-07-06,5850
9802,鈺齊-KY,135,1,134,統一,2023-07-06,5850
1710,東聯,140,10,130,統一,2023-07-06,5850
8084,巨虹,128,0,128,統一,2023-07-06,5850
6546,正基,136,9,127,統一,2023-07-06,5850
00706L,期元大S＆P日圓正2,155,29,126,統一,2023-07-06,5850
2415,錩新,118,0,118,統一,2023-07-06,5850
00715L,期街口布蘭特正2,5282,609,4673,統一,2023-07-07,5850
4532,瑞智,1597,528,1069,統一,2023-07-07,5850
6282,康舒,1256,427,829,統一,2023-07-07,5850
2312,金寶,891,169,722,統一,2023-07-07,5850
2356,英業達,1823,1167,656,統一,2023-07-07,5850
2449,京元電子,665,25,640,統一,2023-07-07,5850
2913,農林,555,30,525,統一,2023-07-07,5850
3666,光耀,514,0,514,統一,2023-07-07,5850
1605,華新,593,84,509,統一,2023-07-07,5850
2610,華航,1350,847,503,統一,2023-07-07,5850
00646,元大S＆P500,502,0,502,統一,2023-07-07,5850
1216,統一,602,206,396,統一,2023-07-07,5850
4967,十銓,400,60,340,統一,2023-07-07,5850
6426,統新,315,16,299,統一,2023-07-07,5850
3380,明泰,370,73,297,統一,2023-07-07,5850
2330,台積電,314,18,296,統一,2023-07-07,5850
3362,先進光,396,124,272,統一,2023-07-07,5850
0056,元大高股息,331,68,263,統一,2023-07-07,5850
00662,富邦NASDAQ,250,0,250,統一,2023-07-07,5850
3025,星通,529,321,208,統一,2023-07-07,5850
2388,威盛,501,293,208,統一,2023-07-07,5850
2103,台橡,179,0,179,統一,2023-07-07,5850
3521,鴻翊,168,1,167,統一,2023-07-07,5850
2303,聯電,266,101,165,統一,2023-07-07,5850
2323,中環,276,118,158,統一,2023-07-07,5850
6669,緯穎,169,14,155,統一,2023-07-07,5850
6220,岳豐,151,0,151,統一,2023-07-07,5850
5381,合正,1050,900,150,統一,2023-07-07,5850
3013,晟銘電,195,47,148,統一,2023-07-07,5850
8016,矽創,170,22,148,統一,2023-07-07,5850
9910,豐泰,150,6,144,統一,2023-07-07,5850
3406,玉晶光,226,84,142,統一,2023-07-07,5850
6274,台燿,192,53,139,統一,2023-07-07,5850
8071,能率網通,199,65,134,統一,2023-07-07,5850
5392,能率,143,17,126,統一,2023-07-07,5850
3044,健鼎,126,4,122,統一,2023-07-07,5850
6625,必應,128,9,119,統一,2023-07-07,5850
3234,光環,121,6,115,統一,2023-07-07,5850
2731,雄獅,221,110,111,統一,2023-07-07,5850
1604,聲寶,137,29,108,統一,2023-07-07,5850
6546,正基,146,42,104,統一,2023-07-07,5850
2534,宏盛,101,0,101,統一,2023-07-07,5850
2415,錩新,121,24,97,統一,2023-07-07,5850
3713,新晶投控,106,10,96,統一,2023-07-07,5850
2457,飛宏,216,122,94,統一,2023-07-07,5850
00929,復華台灣科技優息,90,1,89,統一,2023-07-07,5850
00772B,中信高評級公司債,117,31,86,統一,2023-07-07,5850
1612,宏泰,86,0,86,統一,2023-07-07,5850
4527,方土霖,98,15,83,統一,2023-07-07,5850
2882,國泰金,156,75,81,統一,2023-07-07,5850
3025,星通,5163,480,4683,統一,2023-07-10,5850
4526,東台,3451,1,3450,統一,2023-07-10,5850
6285,啟��,2274,134,2140,統一,2023-07-10,5850
00715L,期街口布蘭特正2,1793,546,1247,統一,2023-07-10,5850
4934,太極,1136,79,1057,統一,2023-07-10,5850
6125,廣運,1153,341,812,統一,2023-07-10,5850
1217,愛之味,545,2,543,統一,2023-07-10,5850
2449,京元電子,510,15,495,統一,2023-07-10,5850
3231,緯創,1236,822,414,統一,2023-07-10,5850
2885,元大金,419,91,328,統一,2023-07-10,5850
1785,光洋科,369,42,327,統一,2023-07-10,5850
2329,華泰,352,49,303,統一,2023-07-10,5850
1504,東元,357,69,288,統一,2023-07-10,5850
3264,欣銓,326,40,286,統一,2023-07-10,5850
2383,台光電,499,216,283,統一,2023-07-10,5850
2618,長榮航,1637,1360,277,統一,2023-07-10,5850
1609,大亞,422,180,242,統一,2023-07-10,5850
020030,統一智慧電動車N,340,104,236,統一,2023-07-10,5850
00893,國泰智能電動車,238,8,230,統一,2023-07-10,5850
2408,南亞科,286,65,221,統一,2023-07-10,5850
1519,華城,244,25,219,統一,2023-07-10,5850
4979,華星光,554,339,215,統一,2023-07-10,5850
2371,大同,374,161,213,統一,2023-07-10,5850
2103,台橡,200,0,200,統一,2023-07-10,5850
6179,亞通,229,30,199,統一,2023-07-10,5850
2382,廣達,490,292,198,統一,2023-07-10,5850
2887,台新金,217,23,194,統一,2023-07-10,5850
3013,晟銘電,291,112,179,統一,2023-07-10,5850
3034,聯詠,193,22,171,統一,2023-07-10,5850
2444,兆勁,170,0,170,統一,2023-07-10,5850
8358,金居,236,67,169,統一,2023-07-10,5850
8071,能率網通,177,12,165,統一,2023-07-10,5850
3704,合勤控,265,105,160,統一,2023-07-10,5850
1540,喬福,165,13,152,統一,2023-07-10,5850
3284,太普高,141,0,141,統一,2023-07-10,5850
00642U,期元大S＆P石油,156,16,140,統一,2023-07-10,5850
8255,朋程,148,11,137,統一,2023-07-10,5850
8930,青鋼,147,11,136,統一,2023-07-10,5850
3558,神準,140,6,134,統一,2023-07-10,5850
5607,遠雄港,180,50,130,統一,2023-07-10,5850
00675L,富邦臺灣加權正2,128,0,128,統一,2023-07-10,5850
1711,永光,153,25,128,統一,2023-07-10,5850
3289,宜特,233,108,125,統一,2023-07-10,5850
3022,威強電,189,73,116,統一,2023-07-10,5850
6451,訊芯-KY,116,0,116,統一,2023-07-10,5850
2368,金像電,247,131,116,統一,2023-07-10,5850
2801,彰銀,115,0,115,統一,2023-07-10,5850
2353,宏��,151,39,112,統一,2023-07-10,5850
6274,台燿,261,151,110,統一,2023-07-10,5850
8050,廣積,215,111,104,統一,2023-07-10,5850
4960,誠美材,4800,12,4788,統一,2023-07-11,5850
2356,英業達,2920,1076,1844,統一,2023-07-11,5850
00632R,元大台灣50反1,1514,100,1414,統一,2023-07-11,5850
3231,緯創,2302,998,1304,統一,2023-07-11,5850
2301,光寶科,1095,137,958,統一,2023-07-11,5850
2382,廣達,1148,378,770,統一,2023-07-11,5850
6274,台燿,802,103,699,統一,2023-07-11,5850
2610,華航,1369,763,606,統一,2023-07-11,5850
2486,一詮,819,224,595,統一,2023-07-11,5850
1605,華新,568,27,541,統一,2023-07-11,5850
3481,群創,1800,1280,520,統一,2023-07-11,5850
5425,台半,562,79,483,統一,2023-07-11,5850
2481,強茂,552,100,452,統一,2023-07-11,5850
3265,台星科,422,11,411,統一,2023-07-11,5850
2340,台亞,885,494,391,統一,2023-07-11,5850
4979,華星光,444,68,376,統一,2023-07-11,5850
6285,啟��,514,147,367,統一,2023-07-11,5850
2368,金像電,433,115,318,統一,2023-07-11,5850
2903,遠百,315,0,315,統一,2023-07-11,5850
2323,中環,663,359,304,統一,2023-07-11,5850
3515,華擎,401,113,288,統一,2023-07-11,5850
4207,環泰,271,0,271,統一,2023-07-11,5850
4746,台耀,294,25,269,統一,2023-07-11,5850
6188,廣明,316,54,262,統一,2023-07-11,5850
1604,聲寶,246,30,216,統一,2023-07-11,5850
3035,智原,332,120,212,統一,2023-07-11,5850
4306,炎洲,205,0,205,統一,2023-07-11,5850
1603,華電,214,12,202,統一,2023-07-11,5850
3596,智易,202,2,200,統一,2023-07-11,5850
5328,華容,193,0,193,統一,2023-07-11,5850
3024,憶聲,182,0,182,統一,2023-07-11,5850
8092,建暐,165,0,165,統一,2023-07-11,5850
2379,瑞昱,163,1,162,統一,2023-07-11,5850
8096,擎亞,162,0,162,統一,2023-07-11,5850
2344,華邦電,206,49,157,統一,2023-07-11,5850
3694,海華,154,1,153,統一,2023-07-11,5850
2409,友達,365,219,146,統一,2023-07-11,5850
6523,達爾膚,146,0,146,統一,2023-07-11,5850
6605,帝寶,147,2,145,統一,2023-07-11,5850
3617,碩天,150,13,137,統一,2023-07-11,5850
1234,黑松,132,0,132,統一,2023-07-11,5850
5283,禾聯碩,146,17,129,統一,2023-07-11,5850
3114,好德,118,0,118,統一,2023-07-11,5850
8155,博智,208,91,117,統一,2023-07-11,5850
3287,廣寰科,116,1,115,統一,2023-07-11,5850
1618,合機,150,39,111,統一,2023-07-11,5850
00876,元大全球5G,286,175,111,統一,2023-07-11,5850
4763,材料-KY,169,59,110,統一,2023-07-11,5850
1210,大成,130,20,110,統一,2023-07-11,5850
1337,再生-KY,108,0,108,統一,2023-07-11,5850
3706,神達,9974,3498,6476,統一,2023-07-12,5850
2382,廣達,3544,1145,2399,統一,2023-07-12,5850
2618,長榮航,1933,822,1111,統一,2023-07-12,5850
020030,統一智慧電動車N,1038,68,970,統一,2023-07-12,5850
00632R,元大台灣50反1,1005,134,871,統一,2023-07-12,5850
00893,國泰智能電動車,906,81,825,統一,2023-07-12,5850
6282,康舒,1128,330,798,統一,2023-07-12,5850
3704,合勤控,753,142,611,統一,2023-07-12,5850
2301,光寶科,1890,1287,603,統一,2023-07-12,5850
00878,國泰永續高股息,608,83,525,統一,2023-07-12,5850
5483,中美晶,698,190,508,統一,2023-07-12,5850
2376,技嘉,855,350,505,統一,2023-07-12,5850
1519,華城,476,55,421,統一,2023-07-12,5850
2610,華航,1535,1151,384,統一,2023-07-12,5850
5457,宣德,490,111,379,統一,2023-07-12,5850
3037,欣興,410,60,350,統一,2023-07-12,5850
6125,廣運,360,12,348,統一,2023-07-12,5850
3715,定穎投控,371,41,330,統一,2023-07-12,5850
2449,京元電子,344,19,325,統一,2023-07-12,5850
2368,金像電,523,203,320,統一,2023-07-12,5850
1513,中興電,424,126,298,統一,2023-07-12,5850
5388,中磊,342,89,253,統一,2023-07-12,5850
00646,元大S＆P500,250,0,250,統一,2023-07-12,5850
2885,元大金,250,0,250,統一,2023-07-12,5850
4960,誠美材,224,0,224,統一,2023-07-12,5850
1503,士電,272,57,215,統一,2023-07-12,5850
4129,聯合,171,1,170,統一,2023-07-12,5850
00719B,元大美債1-3,168,0,168,統一,2023-07-12,5850
2383,台光電,349,198,151,統一,2023-07-12,5850
020025,統一亞洲半導體N,157,12,145,統一,2023-07-12,5850
2421,建準,179,35,144,統一,2023-07-12,5850
5371,中光電,161,18,143,統一,2023-07-12,5850
2743,山富,148,6,142,統一,2023-07-12,5850
2457,飛宏,211,72,139,統一,2023-07-12,5850
3189,景碩,157,20,137,統一,2023-07-12,5850
00706L,期元大S＆P日圓正2,425,289,136,統一,2023-07-12,5850
6117,迎廣,134,3,131,統一,2023-07-12,5850
6235,華孚,235,104,131,統一,2023-07-12,5850
4953,緯軟,179,48,131,統一,2023-07-12,5850
4763,材料-KY,159,34,125,統一,2023-07-12,5850
3234,光環,128,5,123,統一,2023-07-12,5850
2345,智邦,162,40,122,統一,2023-07-12,5850
8155,博智,180,59,121,統一,2023-07-12,5850
5484,慧友,125,6,119,統一,2023-07-12,5850
1504,東元,190,77,113,統一,2023-07-12,5850
4306,炎洲,111,0,111,統一,2023-07-12,5850
4979,華星光,153,49,104,統一,2023-07-12,5850
3693,營邦,124,23,101,統一,2023-07-12,5850
2633,台灣高鐵,121,20,101,統一,2023-07-12,5850
6182,合晶,176,75,101,統一,2023-07-12,5850
2356,英業達,10641,5240,5401,統一,2023-07-13,5850
2419,仲琦,5225,59,5166,統一,2023-07-13,5850
00881,國泰台灣5G+,3747,35,3712,統一,2023-07-13,5850
00930,永豐ESG低碳高息,2607,100,2507,統一,2023-07-13,5850
00893,國泰智能電動車,2382,90,2292,統一,2023-07-13,5850
020030,統一智慧電動車N,1319,41,1278,統一,2023-07-13,5850
2618,長榮航,4250,3161,1089,統一,2023-07-13,5850
6274,台燿,1278,207,1071,統一,2023-07-13,5850
00665L,富邦�琤肭磪囓�2,1148,80,1068,統一,2023-07-13,5850
2301,光寶科,3238,2183,1055,統一,2023-07-13,5850
020025,統一亞洲半導體N,846,15,831,統一,2023-07-13,5850
00878,國泰永續高股息,1068,293,775,統一,2023-07-13,5850
3706,神達,3134,2503,631,統一,2023-07-13,5850
00680L,元大美債20正2,541,5,536,統一,2023-07-13,5850
00646,元大S＆P500,500,0,500,統一,2023-07-13,5850
3032,偉訓,570,82,488,統一,2023-07-13,5850
00830,國泰費城半導體,500,101,399,統一,2023-07-13,5850
2885,元大金,451,58,393,統一,2023-07-13,5850
00876,元大全球5G,392,1,391,統一,2023-07-13,5850
00901,永豐智能車供應鏈,369,0,369,統一,2023-07-13,5850
3702,大聯大,357,9,348,統一,2023-07-13,5850
2329,華泰,948,600,348,統一,2023-07-13,5850
00715L,期街口布蘭特正2,441,104,337,統一,2023-07-13,5850
00701,國泰股利精選30,334,1,333,統一,2023-07-13,5850
2610,華航,1567,1242,325,統一,2023-07-13,5850
4533,協易機,804,486,318,統一,2023-07-13,5850
2891,中信金,374,61,313,統一,2023-07-13,5850
2421,建準,423,110,313,統一,2023-07-13,5850
1402,遠東新,311,0,311,統一,2023-07-13,5850
020031,統一IC設計臺灣N,321,15,306,統一,2023-07-13,5850
3483,力致,300,11,289,統一,2023-07-13,5850
3704,合勤控,470,186,284,統一,2023-07-13,5850
00895,富邦未來車,287,8,279,統一,2023-07-13,5850
3380,明泰,308,61,247,統一,2023-07-13,5850
1319,東陽,299,56,243,統一,2023-07-13,5850
6548,長科*,274,43,231,統一,2023-07-13,5850
2201,裕隆,307,84,223,統一,2023-07-13,5850
2328,廣宇,375,153,222,統一,2023-07-13,5850
2408,南亞科,243,26,217,統一,2023-07-13,5850
2331,精英,261,54,207,統一,2023-07-13,5850
4306,炎洲,200,0,200,統一,2023-07-13,5850
020033,統一�琤肮黕篾,216,18,198,統一,2023-07-13,5850
2913,農林,205,21,184,統一,2023-07-13,5850
5426,振發,186,4,182,統一,2023-07-13,5850
4906,正文,183,2,181,統一,2023-07-13,5850
3078,僑威,253,76,177,統一,2023-07-13,5850
00642U,期元大S＆P石油,177,8,169,統一,2023-07-13,5850
4916,事欣科,155,4,151,統一,2023-07-13,5850
2731,雄獅,159,9,150,統一,2023-07-13,5850
2743,山富,147,14,133,統一,2023-07-13,5850
3231,緯創,3688,1106,2582,統一,2023-07-14,5850
2356,英業達,9946,7449,2497,統一,2023-07-14,5850
00878,國泰永續高股息,2708,267,2441,統一,2023-07-14,5850
020030,統一智慧電動車N,1412,51,1361,統一,2023-07-14,5850
00688L,國泰20年美債正2,1481,150,1331,統一,2023-07-14,5850
00891,中信關鍵半導體,1246,17,1229,統一,2023-07-14,5850
00881,國泰台灣5G+,1163,8,1155,統一,2023-07-14,5850
2301,光寶科,3127,2192,935,統一,2023-07-14,5850
6179,亞通,1046,135,911,統一,2023-07-14,5850
2371,大同,875,161,714,統一,2023-07-14,5850
020025,統一亞洲半導體N,625,20,605,統一,2023-07-14,5850
1519,華城,623,27,596,統一,2023-07-14,5850
3037,欣興,1242,651,591,統一,2023-07-14,5850
8936,國統,746,161,585,統一,2023-07-14,5850
1605,華新,606,85,521,統一,2023-07-14,5850
6550,北極星藥業-KY,531,18,513,統一,2023-07-14,5850
1503,士電,556,57,499,統一,2023-07-14,5850
1560,中砂,529,50,479,統一,2023-07-14,5850
00752,中信中國50,477,0,477,統一,2023-07-14,5850
00701,國泰股利精選30,472,2,470,統一,2023-07-14,5850
3338,泰碩,508,66,442,統一,2023-07-14,5850
6282,康舒,585,196,389,統一,2023-07-14,5850
3704,合勤控,724,345,379,統一,2023-07-14,5850
2888,新光金,475,104,371,統一,2023-07-14,5850
6274,台燿,639,269,370,統一,2023-07-14,5850
00901,永豐智能車供應鏈,356,0,356,統一,2023-07-14,5850
3380,明泰,627,300,327,統一,2023-07-14,5850
3035,智原,580,262,318,統一,2023-07-14,5850
3017,奇鋐,585,269,316,統一,2023-07-14,5850
2359,所羅門,321,24,297,統一,2023-07-14,5850
3033,威健,313,46,267,統一,2023-07-14,5850
8403,盛弘,285,29,256,統一,2023-07-14,5850
00646,元大S＆P500,253,0,253,統一,2023-07-14,5850
00893,國泰智能電動車,1469,1216,253,統一,2023-07-14,5850
4915,致伸,204,1,203,統一,2023-07-14,5850
3057,喬鼎,200,3,197,統一,2023-07-14,5850
2379,瑞昱,215,18,197,統一,2023-07-14,5850
2402,毅嘉,195,1,194,統一,2023-07-14,5850
6548,長科*,237,61,176,統一,2023-07-14,5850
4938,和碩,179,8,171,統一,2023-07-14,5850
5474,聰泰,199,33,166,統一,2023-07-14,5850
1504,東元,297,136,161,統一,2023-07-14,5850
4533,協易機,454,296,158,統一,2023-07-14,5850
2383,台光電,282,127,155,統一,2023-07-14,5850
6185,幃翔,197,47,150,統一,2023-07-14,5850
5607,遠雄港,202,54,148,統一,2023-07-14,5850
2743,山富,196,48,148,統一,2023-07-14,5850
2323,中環,245,100,145,統一,2023-07-14,5850
6125,廣運,263,125,138,統一,2023-07-14,5850
5347,世界,138,3,135,統一,2023-07-14,5850
2353,宏��,10720,318,10402,統一,2023-07-17,5850
2891,中信金,5293,23,5270,統一,2023-07-17,5850
2324,仁寶,3322,242,3080,統一,2023-07-17,5850
00632R,元大台灣50反1,2812,153,2659,統一,2023-07-17,5850
00878,國泰永續高股息,2431,378,2053,統一,2023-07-17,5850
6274,台燿,1449,136,1313,統一,2023-07-17,5850
2421,建準,1553,319,1234,統一,2023-07-17,5850
00881,國泰台灣5G+,1135,12,1123,統一,2023-07-17,5850
6150,撼訊,1078,11,1067,統一,2023-07-17,5850
1216,統一,802,0,802,統一,2023-07-17,5850
2340,台亞,1275,528,747,統一,2023-07-17,5850
1513,中興電,1007,321,686,統一,2023-07-17,5850
2888,新光金,1184,511,673,統一,2023-07-17,5850
2352,佳世達,698,32,666,統一,2023-07-17,5850
2301,光寶科,2146,1513,633,統一,2023-07-17,5850
3706,神達,2006,1389,617,統一,2023-07-17,5850
3583,辛耘,854,247,607,統一,2023-07-17,5850
3231,緯創,2137,1609,528,統一,2023-07-17,5850
00637L,元大滬深300正2,526,0,526,統一,2023-07-17,5850
3078,僑威,655,158,497,統一,2023-07-17,5850
3481,群創,1433,953,480,統一,2023-07-17,5850
5469,瀚宇博,590,169,421,統一,2023-07-17,5850
0056,元大高股息,583,167,416,統一,2023-07-17,5850
00901,永豐智能車供應鏈,397,0,397,統一,2023-07-17,5850
3163,波若威,612,215,397,統一,2023-07-17,5850
2886,兆豐金,379,5,374,統一,2023-07-17,5850
6120,達運,405,35,370,統一,2023-07-17,5850
3715,定穎投控,349,13,336,統一,2023-07-17,5850
020030,統一智慧電動車N,460,157,303,統一,2023-07-17,5850
00888,永豐台灣ESG,301,0,301,統一,2023-07-17,5850
3227,原相,290,5,285,統一,2023-07-17,5850
3005,神基,335,52,283,統一,2023-07-17,5850
2344,華邦電,337,73,264,統一,2023-07-17,5850
00876,元大全球5G,260,0,260,統一,2023-07-17,5850
1609,大亞,496,242,254,統一,2023-07-17,5850
1402,遠東新,385,130,255,統一,2023-07-17,5850
9958,世紀鋼,375,121,254,統一,2023-07-17,5850
2049,上銀,263,16,247,統一,2023-07-17,5850
2408,南亞科,391,158,233,統一,2023-07-17,5850
2885,元大金,213,1,212,統一,2023-07-17,5850
2881,富邦金,217,7,210,統一,2023-07-17,5850
3035,智原,641,435,206,統一,2023-07-17,5850
4306,炎洲,202,0,202,統一,2023-07-17,5850
2427,三商電,202,1,201,統一,2023-07-17,5850
020025,統一亞洲半導體N,200,5,195,統一,2023-07-17,5850
3149,正達,190,6,184,統一,2023-07-17,5850
1605,華新,281,102,179,統一,2023-07-17,5850
2812,台中銀,202,25,177,統一,2023-07-17,5850
2449,京元電子,286,111,175,統一,2023-07-17,5850
2457,飛宏,252,84,168,統一,2023-07-17,5850
00632R,元大台灣50反1,4645,815,3830,統一,2023-07-18,5850
2312,金寶,6465,3326,3139,統一,2023-07-18,5850
3037,欣興,2503,336,2167,統一,2023-07-18,5850
3231,緯創,3550,1430,2120,統一,2023-07-18,5850
2329,華泰,3556,1935,1621,統一,2023-07-18,5850
2891,中信金,1507,57,1450,統一,2023-07-18,5850
020031,統一IC設計臺灣N,1418,12,1406,統一,2023-07-18,5850
00893,國泰智能電動車,1380,6,1374,統一,2023-07-18,5850
3483,力致,1524,405,1119,統一,2023-07-18,5850
00878,國泰永續高股息,1556,792,764,統一,2023-07-18,5850
2313,華通,741,107,634,統一,2023-07-18,5850
1216,統一,628,23,605,統一,2023-07-18,5850
00701,國泰股利精選30,535,1,534,統一,2023-07-18,5850
1560,中砂,537,55,482,統一,2023-07-18,5850
4938,和碩,1899,1425,474,統一,2023-07-18,5850
6274,台燿,686,265,421,統一,2023-07-18,5850
2382,廣達,1082,684,398,統一,2023-07-18,5850
3189,景碩,432,57,375,統一,2023-07-18,5850
00891,中信關鍵半導體,361,2,359,統一,2023-07-18,5850
2603,長榮,951,599,352,統一,2023-07-18,5850
6235,華孚,363,13,350,統一,2023-07-18,5850
00881,國泰台灣5G+,318,7,311,統一,2023-07-18,5850
2913,農林,310,1,309,統一,2023-07-18,5850
4919,新唐,332,27,305,統一,2023-07-18,5850
3715,定穎投控,316,22,294,統一,2023-07-18,5850
00901,永豐智能車供應鏈,279,0,279,統一,2023-07-18,5850
6116,彩晶,301,22,279,統一,2023-07-18,5850
3710,連展投控,270,0,270,統一,2023-07-18,5850
020025,統一亞洲半導體N,618,348,270,統一,2023-07-18,5850
6182,合晶,286,23,263,統一,2023-07-18,5850
1313,聯成,300,40,260,統一,2023-07-18,5850
9958,世紀鋼,322,64,258,統一,2023-07-18,5850
1210,大成,291,37,254,統一,2023-07-18,5850
020030,統一智慧電動車N,470,218,252,統一,2023-07-18,5850
2458,義隆,335,85,250,統一,2023-07-18,5850
2610,華航,979,741,238,統一,2023-07-18,5850
3363,上詮,434,221,213,統一,2023-07-18,5850
2376,技嘉,583,374,209,統一,2023-07-18,5850
2405,輔信,242,34,208,統一,2023-07-18,5850
6191,精成科,290,85,205,統一,2023-07-18,5850
2027,大成鋼,220,17,203,統一,2023-07-18,5850
3035,智原,514,324,190,統一,2023-07-18,5850
5258,虹堡,315,130,185,統一,2023-07-18,5850
8176,智捷,179,2,177,統一,2023-07-18,5850
6213,聯茂,167,22,145,統一,2023-07-18,5850
4979,華星光,516,375,141,統一,2023-07-18,5850
1519,華城,469,335,134,統一,2023-07-18,5850
6546,正基,178,46,132,統一,2023-07-18,5850
2504,國產,130,0,130,統一,2023-07-18,5850
00665L,富邦�琤肭磪囓�2,150,20,130,統一,2023-07-18,5850
00878,國泰永續高股息,2345,359,1986,統一,2023-07-19,5850
4908,前鼎,1542,21,1521,統一,2023-07-19,5850
3231,緯創,2903,1461,1442,統一,2023-07-19,5850
2316,楠梓電,1545,237,1308,統一,2023-07-19,5850
2408,南亞科,1375,88,1287,統一,2023-07-19,5850
00881,國泰台灣5G+,1139,6,1133,統一,2023-07-19,5850
2412,中華電,1059,232,827,統一,2023-07-19,5850
4123,晟德,913,91,822,統一,2023-07-19,5850
3035,智原,999,359,640,統一,2023-07-19,5850
00706L,期元大S＆P日圓正2,613,10,603,統一,2023-07-19,5850
6282,康舒,1365,763,602,統一,2023-07-19,5850
2002,中鋼,548,3,545,統一,2023-07-19,5850
2890,永豐金,493,0,493,統一,2023-07-19,5850
3706,神達,1434,973,461,統一,2023-07-19,5850
2330,台積電,662,270,392,統一,2023-07-19,5850
0056,元大高股息,565,177,388,統一,2023-07-19,5850
2356,英業達,2823,2492,331,統一,2023-07-19,5850
6274,台燿,798,483,315,統一,2023-07-19,5850
1519,華城,318,15,303,統一,2023-07-19,5850
2301,光寶科,1154,852,302,統一,2023-07-19,5850
2881,富邦金,385,86,299,統一,2023-07-19,5850
3325,旭品,271,1,270,統一,2023-07-19,5850
9907,統一實,291,30,261,統一,2023-07-19,5850
2352,佳世達,304,54,250,統一,2023-07-19,5850
6269,台郡,263,14,249,統一,2023-07-19,5850
3044,健鼎,247,5,242,統一,2023-07-19,5850
020025,統一亞洲半導體N,240,4,236,統一,2023-07-19,5850
2206,三陽工業,289,55,234,統一,2023-07-19,5850
3260,威剛,330,114,216,統一,2023-07-19,5850
2103,台橡,202,0,202,統一,2023-07-19,5850
3694,海華,221,43,178,統一,2023-07-19,5850
020031,統一IC設計臺灣N,223,49,174,統一,2023-07-19,5850
9910,豐泰,274,105,169,統一,2023-07-19,5850
6120,達運,177,9,168,統一,2023-07-19,5850
3264,欣銓,240,88,152,統一,2023-07-19,5850
00891,中信關鍵半導體,159,9,150,統一,2023-07-19,5850
1605,華新,223,82,141,統一,2023-07-19,5850
2405,輔信,578,440,138,統一,2023-07-19,5850
2458,義隆,255,120,135,統一,2023-07-19,5850
3163,波若威,167,37,130,統一,2023-07-19,5850
2049,上銀,155,30,125,統一,2023-07-19,5850
6546,正基,230,109,121,統一,2023-07-19,5850
4953,緯軟,136,16,120,統一,2023-07-19,5850
2317,鴻海,329,211,118,統一,2023-07-19,5850
1795,美時,171,54,117,統一,2023-07-19,5850
8050,廣積,218,103,115,統一,2023-07-19,5850
2027,大成鋼,147,32,115,統一,2023-07-19,5850
2105,正新,110,4,106,統一,2023-07-19,5850
6104,創惟,130,29,101,統一,2023-07-19,5850
1905,華紙,144,48,96,統一,2023-07-19,5850
3231,緯創,4839,290,4549,統一,2023-07-20,5850
2002,中鋼,2539,10,2529,統一,2023-07-20,5850
2610,華航,2639,236,2403,統一,2023-07-20,5850
00878,國泰永續高股息,2748,388,2360,統一,2023-07-20,5850
2618,長榮航,3089,1397,1692,統一,2023-07-20,5850
2409,友達,1109,15,1094,統一,2023-07-20,5850
2382,廣達,1521,494,1027,統一,2023-07-20,5850
1504,東元,951,13,938,統一,2023-07-20,5850
00888,永豐台灣ESG,800,3,797,統一,2023-07-20,5850
2228,劍麟,743,2,741,統一,2023-07-20,5850
2356,英業達,1563,857,706,統一,2023-07-20,5850
3706,神達,1216,571,645,統一,2023-07-20,5850
3325,旭品,666,23,643,統一,2023-07-20,5850
2301,光寶科,805,185,620,統一,2023-07-20,5850
00706L,期元大S＆P日圓正2,620,0,620,統一,2023-07-20,5850
2027,大成鋼,895,300,595,統一,2023-07-20,5850
1609,大亞,737,205,532,統一,2023-07-20,5850
6274,台燿,1423,913,510,統一,2023-07-20,5850
2330,台積電,531,22,509,統一,2023-07-20,5850
4953,緯軟,669,192,477,統一,2023-07-20,5850
3363,上詮,740,266,474,統一,2023-07-20,5850
3044,健鼎,808,388,420,統一,2023-07-20,5850
2603,長榮,675,307,368,統一,2023-07-20,5850
6125,廣運,413,59,354,統一,2023-07-20,5850
2748,雲品,352,24,328,統一,2023-07-20,5850
00893,國泰智能電動車,405,99,306,統一,2023-07-20,5850
00891,中信關鍵半導體,292,0,292,統一,2023-07-20,5850
2383,台光電,398,112,286,統一,2023-07-20,5850
2316,楠梓電,1043,762,281,統一,2023-07-20,5850
00900,富邦特選高股息30,251,2,249,統一,2023-07-20,5850
00881,國泰台灣5G+,231,9,222,統一,2023-07-20,5850
2609,陽明,714,511,203,統一,2023-07-20,5850
00917,中信特選金融,200,0,200,統一,2023-07-20,5850
2634,漢翔,249,52,197,統一,2023-07-20,5850
1319,東陽,193,8,185,統一,2023-07-20,5850
2323,中環,218,43,175,統一,2023-07-20,5850
00701,國泰股利精選30,177,4,173,統一,2023-07-20,5850
6187,萬潤,251,84,167,統一,2023-07-20,5850
3042,晶技,170,5,165,統一,2023-07-20,5850
3017,奇鋐,356,195,161,統一,2023-07-20,5850
6548,長科*,177,23,154,統一,2023-07-20,5850
3265,台星科,162,11,151,統一,2023-07-20,5850
9907,統一實,150,1,149,統一,2023-07-20,5850
8926,台汽電,159,11,148,統一,2023-07-20,5850
8936,國統,168,29,139,統一,2023-07-20,5850
3581,博磊,146,8,138,統一,2023-07-20,5850
3035,智原,332,195,137,統一,2023-07-20,5850
1104,環泥,132,1,131,統一,2023-07-20,5850
5439,高技,179,50,129,統一,2023-07-20,5850
2412,中華電,302,180,122,統一,2023-07-20,5850
3231,緯創,5529,1873,3656,統一,2023-07-21,5850
3338,泰碩,3208,252,2956,統一,2023-07-21,5850
2329,華泰,2081,351,1730,統一,2023-07-21,5850
2301,光寶科,2218,518,1700,統一,2023-07-21,5850
2376,技嘉,1230,205,1025,統一,2023-07-21,5850
1504,東元,1716,836,880,統一,2023-07-21,5850
3017,奇鋐,1038,285,753,統一,2023-07-21,5850
4532,瑞智,838,264,574,統一,2023-07-21,5850
3325,旭品,524,10,514,統一,2023-07-21,5850
2382,廣達,1393,895,498,統一,2023-07-21,5850
4746,台耀,626,141,485,統一,2023-07-21,5850
00706L,期元大S＆P日圓正2,459,0,459,統一,2023-07-21,5850
2885,元大金,450,10,440,統一,2023-07-21,5850
3035,智原,717,332,385,統一,2023-07-21,5850
4919,新唐,410,48,362,統一,2023-07-21,5850
6274,台燿,889,563,326,統一,2023-07-21,5850
6282,康舒,622,346,276,統一,2023-07-21,5850
2528,皇普,270,0,270,統一,2023-07-21,5850
2368,金像電,580,311,269,統一,2023-07-21,5850
4915,致伸,248,11,237,統一,2023-07-21,5850
1304,台聚,232,0,232,統一,2023-07-21,5850
2618,長榮航,1459,1240,219,統一,2023-07-21,5850
2504,國產,214,0,214,統一,2023-07-21,5850
4979,華星光,430,216,214,統一,2023-07-21,5850
2303,聯電,446,234,212,統一,2023-07-21,5850
9910,豐泰,202,20,182,統一,2023-07-21,5850
6125,廣運,339,166,173,統一,2023-07-21,5850
2705,六福,165,0,165,統一,2023-07-21,5850
3324,雙鴻,216,69,147,統一,2023-07-21,5850
2731,雄獅,178,37,141,統一,2023-07-21,5850
2455,全新,147,8,139,統一,2023-07-21,5850
8996,高力,171,33,138,統一,2023-07-21,5850
00900,富邦特選高股息30,137,2,135,統一,2023-07-21,5850
2745,五福,133,0,133,統一,2023-07-21,5850
2014,中鴻,153,21,132,統一,2023-07-21,5850
6189,豐藝,131,0,131,統一,2023-07-21,5850
1707,葡萄王,130,0,130,統一,2023-07-21,5850
6669,緯穎,165,39,126,統一,2023-07-21,5850
2027,大成鋼,191,69,122,統一,2023-07-21,5850
5876,上海商銀,126,6,120,統一,2023-07-21,5850
6811,宏�硌穈T,146,29,117,統一,2023-07-21,5850
4129,聯合,154,38,116,統一,2023-07-21,5850
1102,亞泥,133,19,114,統一,2023-07-21,5850
2891,中信金,151,38,113,統一,2023-07-21,5850
8409,商之器,105,1,104,統一,2023-07-21,5850
2312,金寶,183,81,102,統一,2023-07-21,5850
1903,士紙,135,34,101,統一,2023-07-21,5850
2103,台橡,100,0,100,統一,2023-07-21,5850
6231,系微,119,21,98,統一,2023-07-21,5850
1514,亞力,288,196,92,統一,2023-07-21,5850
00878,國泰永續高股息,7104,1727,5377,統一,2023-07-24,5850
3231,緯創,6887,2341,4546,統一,2023-07-24,5850
00706L,期元大S＆P日圓正2,2007,0,2007,統一,2023-07-24,5850
2845,遠東銀,1880,0,1880,統一,2023-07-24,5850
2301,光寶科,2931,1115,1816,統一,2023-07-24,5850
4938,和碩,1122,84,1038,統一,2023-07-24,5850
2368,金像電,1106,253,853,統一,2023-07-24,5850
8210,勤誠,1037,185,852,統一,2023-07-24,5850
2376,技嘉,1368,558,810,統一,2023-07-24,5850
5452,佶優,1406,658,748,統一,2023-07-24,5850
2382,廣達,1345,598,747,統一,2023-07-24,5850
2357,華碩,844,186,658,統一,2023-07-24,5850
2329,華泰,1621,1062,559,統一,2023-07-24,5850
5483,中美晶,629,72,557,統一,2023-07-24,5850
3044,健鼎,666,175,491,統一,2023-07-24,5850
2405,輔信,462,34,428,統一,2023-07-24,5850
1905,華紙,524,112,412,統一,2023-07-24,5850
0050,元大台灣50,380,1,379,統一,2023-07-24,5850
6274,台燿,1185,814,371,統一,2023-07-24,5850
00646,元大S＆P500,336,0,336,統一,2023-07-24,5850
2103,台橡,323,0,323,統一,2023-07-24,5850
3324,雙鴻,468,147,321,統一,2023-07-24,5850
020030,統一智慧電動車N,328,66,262,統一,2023-07-24,5850
3037,欣興,369,112,257,統一,2023-07-24,5850
2504,國產,234,0,234,統一,2023-07-24,5850
6285,啟��,244,20,224,統一,2023-07-24,5850
9958,世紀鋼,419,195,224,統一,2023-07-24,5850
2607,榮運,220,0,220,統一,2023-07-24,5850
3362,先進光,234,18,216,統一,2023-07-24,5850
3702,大聯大,242,27,215,統一,2023-07-24,5850
00830,國泰費城半導體,207,2,205,統一,2023-07-24,5850
5474,聰泰,293,89,204,統一,2023-07-24,5850
2455,全新,520,316,204,統一,2023-07-24,5850
5009,榮剛,259,62,197,統一,2023-07-24,5850
1795,美時,365,172,193,統一,2023-07-24,5850
4989,榮科,183,6,177,統一,2023-07-24,5850
2353,宏��,409,235,174,統一,2023-07-24,5850
3035,智原,598,431,167,統一,2023-07-24,5850
1560,中砂,173,9,164,統一,2023-07-24,5850
6203,海韻電,170,32,138,統一,2023-07-24,5850
2027,大成鋼,190,54,136,統一,2023-07-24,5850
5225,東科-KY,127,1,126,統一,2023-07-24,5850
6117,迎廣,155,31,124,統一,2023-07-24,5850
1727,中華化,256,135,121,統一,2023-07-24,5850
2206,三陽工業,260,139,121,統一,2023-07-24,5850
6535,順藥,137,19,118,統一,2023-07-24,5850
3363,上詮,159,44,115,統一,2023-07-24,5850
00715L,期街口布蘭特正2,158,44,114,統一,2023-07-24,5850
6188,廣明,489,376,113,統一,2023-07-24,5850
4188,安克,112,0,112,統一,2023-07-24,5850
1504,東元,5603,341,5262,統一,2023-07-25,5850
6005,群益證,1574,1,1573,統一,2023-07-25,5850
3306,鼎天,1515,21,1494,統一,2023-07-25,5850
020030,統一智慧電動車N,1524,267,1257,統一,2023-07-25,5850
8358,金居,1411,220,1191,統一,2023-07-25,5850
2317,鴻海,1611,508,1103,統一,2023-07-25,5850
00679B,元大美債20年,1087,0,1087,統一,2023-07-25,5850
3483,力致,684,89,595,統一,2023-07-25,5850
2354,鴻準,625,51,574,統一,2023-07-25,5850
1102,亞泥,559,18,541,統一,2023-07-25,5850
2383,台光電,799,325,474,統一,2023-07-25,5850
2376,技嘉,1150,719,431,統一,2023-07-25,5850
1907,永豐餘,419,8,411,統一,2023-07-25,5850
00830,國泰費城半導體,402,0,402,統一,2023-07-25,5850
00773B,中信優先金融債,810,410,400,統一,2023-07-25,5850
00772B,中信高評級公司債,409,16,393,統一,2023-07-25,5850
00706L,期元大S＆P日圓正2,390,3,387,統一,2023-07-25,5850
00715L,期街口布蘭特正2,288,8,280,統一,2023-07-25,5850
2002,中鋼,302,46,256,統一,2023-07-25,5850
6104,創惟,291,41,250,統一,2023-07-25,5850
2323,中環,235,18,217,統一,2023-07-25,5850
4958,臻鼎-KY,218,1,217,統一,2023-07-25,5850
2392,正崴,209,1,208,統一,2023-07-25,5850
6214,精誠,272,76,196,統一,2023-07-25,5850
4123,晟德,194,22,172,統一,2023-07-25,5850
6223,旺矽,270,106,164,統一,2023-07-25,5850
1304,台聚,161,0,161,統一,2023-07-25,5850
3591,艾笛森,156,0,156,統一,2023-07-25,5850
6121,新普,151,3,148,統一,2023-07-25,5850
1618,合機,160,19,141,統一,2023-07-25,5850
6147,頎邦,136,0,136,統一,2023-07-25,5850
2421,建準,320,185,135,統一,2023-07-25,5850
9958,世紀鋼,257,124,133,統一,2023-07-25,5850
2409,友達,149,24,125,統一,2023-07-25,5850
6206,飛捷,125,2,123,統一,2023-07-25,5850
2014,中鴻,131,9,122,統一,2023-07-25,5850
2609,陽明,205,86,119,統一,2023-07-25,5850
2330,台積電,295,179,116,統一,2023-07-25,5850
020031,統一IC設計臺灣N,126,16,110,統一,2023-07-25,5850
1717,長興,108,0,108,統一,2023-07-25,5850
3287,廣寰科,111,3,108,統一,2023-07-25,5850
2301,光寶科,2961,2855,106,統一,2023-07-25,5850
2340,台亞,166,65,101,統一,2023-07-25,5850
4763,材料-KY,105,4,101,統一,2023-07-25,5850
3017,奇鋐,386,286,100,統一,2023-07-25,5850
4533,協易機,105,5,100,統一,2023-07-25,5850
3665,貿聯-KY,137,38,99,統一,2023-07-25,5850
4915,致伸,105,6,99,統一,2023-07-25,5850
3376,新日興,99,0,99,統一,2023-07-25,5850
5443,均豪,147,48,99,統一,2023-07-25,5850
3481,群創,2152,255,1897,統一,2023-07-26,5850
2891,中信金,1001,39,962,統一,2023-07-26,5850
2301,光寶科,1784,1020,764,統一,2023-07-26,5850
6282,康舒,1083,365,718,統一,2023-07-26,5850
4533,協易機,873,245,628,統一,2023-07-26,5850
2882,國泰金,626,30,596,統一,2023-07-26,5850
2610,華航,874,289,585,統一,2023-07-26,5850
4532,瑞智,608,26,582,統一,2023-07-26,5850
006208,富邦台50,502,0,502,統一,2023-07-26,5850
00662,富邦NASDAQ,477,0,477,統一,2023-07-26,5850
6239,力成,738,310,428,統一,2023-07-26,5850
2603,長榮,686,260,426,統一,2023-07-26,5850
2618,長榮航,922,501,421,統一,2023-07-26,5850
5225,東科-KY,419,1,418,統一,2023-07-26,5850
00715L,期街口布蘭特正2,868,467,401,統一,2023-07-26,5850
00706L,期元大S＆P日圓正2,395,0,395,統一,2023-07-26,5850
1210,大成,515,123,392,統一,2023-07-26,5850
2609,陽明,507,181,326,統一,2023-07-26,5850
2409,友達,631,339,292,統一,2023-07-26,5850
6148,驊宏資,295,9,286,統一,2023-07-26,5850
2027,大成鋼,366,85,281,統一,2023-07-26,5850
6015,宏遠證,322,69,253,統一,2023-07-26,5850
00646,元大S＆P500,250,0,250,統一,2023-07-26,5850
00633L,富邦上証正2,243,3,240,統一,2023-07-26,5850
2340,台亞,448,211,237,統一,2023-07-26,5850
2748,雲品,228,10,218,統一,2023-07-26,5850
2884,玉山金,289,72,217,統一,2023-07-26,5850
00688L,國泰20年美債正2,260,50,210,統一,2023-07-26,5850
2383,台光電,343,144,199,統一,2023-07-26,5850
4768,晶呈科技,203,6,197,統一,2023-07-26,5850
2913,農林,206,16,190,統一,2023-07-26,5850
5309,系統電,172,0,172,統一,2023-07-26,5850
3483,力致,657,487,170,統一,2023-07-26,5850
2316,楠梓電,209,42,167,統一,2023-07-26,5850
2379,瑞昱,172,6,166,統一,2023-07-26,5850
2515,中工,174,12,162,統一,2023-07-26,5850
1560,中砂,712,556,156,統一,2023-07-26,5850
3044,健鼎,272,121,151,統一,2023-07-26,5850
00712,復華富時不動產,155,15,140,統一,2023-07-26,5850
3131,弘塑,147,17,130,統一,2023-07-26,5850
8201,無敵,127,0,127,統一,2023-07-26,5850
9802,鈺齊-KY,124,1,123,統一,2023-07-26,5850
6257,矽格,112,2,110,統一,2023-07-26,5850
3685,元創精密,120,10,110,統一,2023-07-26,5850
3693,營邦,209,102,107,統一,2023-07-26,5850
4958,臻鼎-KY,105,3,102,統一,2023-07-26,5850
2520,冠德,101,0,101,統一,2023-07-26,5850
2897,王道銀行,101,5,96,統一,2023-07-26,5850
1905,華紙,219,126,93,統一,2023-07-26,5850
1304,台聚,95,2,93,統一,2023-07-26,5850
00706L,期元大S＆P日圓正2,1930,0,1930,統一,2023-07-27,5850
6282,康舒,2358,482,1876,統一,2023-07-27,5850
2913,農林,2246,475,1771,統一,2023-07-27,5850
6005,群益證,1566,1,1565,統一,2023-07-27,5850
2409,友達,2972,1440,1532,統一,2023-07-27,5850
2383,台光電,1512,3,1509,統一,2023-07-27,5850
3481,群創,4189,3046,1143,統一,2023-07-27,5850
2886,兆豐金,1128,15,1113,統一,2023-07-27,5850
2888,新光金,2441,1362,1079,統一,2023-07-27,5850
2610,華航,2072,1004,1068,統一,2023-07-27,5850
1560,中砂,1029,58,971,統一,2023-07-27,5850
1102,亞泥,925,13,912,統一,2023-07-27,5850
2303,聯電,942,126,816,統一,2023-07-27,5850
2618,長榮航,2040,1392,648,統一,2023-07-27,5850
00882,中信中國高股息,636,15,621,統一,2023-07-27,5850
6213,聯茂,609,60,549,統一,2023-07-27,5850
1304,台聚,511,0,511,統一,2023-07-27,5850
2344,華邦電,554,49,505,統一,2023-07-27,5850
2603,長榮,1075,576,499,統一,2023-07-27,5850
2382,廣達,934,493,441,統一,2023-07-27,5850
3163,波若威,717,287,430,統一,2023-07-27,5850
6239,力成,600,201,399,統一,2023-07-27,5850
2731,雄獅,447,50,397,統一,2023-07-27,5850
2891,中信金,387,41,346,統一,2023-07-27,5850
6125,廣運,667,321,346,統一,2023-07-27,5850
2421,建準,621,296,325,統一,2023-07-27,5850
2883,凱基金,344,25,319,統一,2023-07-27,5850
4919,新唐,332,15,317,統一,2023-07-27,5850
00830,國泰費城半導體,301,0,301,統一,2023-07-27,5850
5483,中美晶,343,55,288,統一,2023-07-27,5850
020025,統一亞洲半導體N,260,0,260,統一,2023-07-27,5850
3372,典範,337,87,250,統一,2023-07-27,5850
2301,光寶科,829,598,231,統一,2023-07-27,5850
3017,奇鋐,558,333,225,統一,2023-07-27,5850
00687B,國泰20年美債,218,2,216,統一,2023-07-27,5850
3607,谷崧,329,117,212,統一,2023-07-27,5850
1217,愛之味,211,1,210,統一,2023-07-27,5850
6531,愛普*,320,110,210,統一,2023-07-27,5850
3036,文曄,200,0,200,統一,2023-07-27,5850
1210,大成,251,54,197,統一,2023-07-27,5850
5452,佶優,261,74,187,統一,2023-07-27,5850
2481,強茂,197,12,185,統一,2023-07-27,5850
1319,東陽,188,5,183,統一,2023-07-27,5850
3260,威剛,203,20,183,統一,2023-07-27,5850
5009,榮剛,237,55,182,統一,2023-07-27,5850
2379,瑞昱,181,3,178,統一,2023-07-27,5850
1722,台肥,174,0,174,統一,2023-07-27,5850
2368,金像電,462,292,170,統一,2023-07-27,5850
3013,晟銘電,232,66,166,統一,2023-07-27,5850
3483,力致,300,143,157,統一,2023-07-27,5850
6218,豪勉,2892,25,2867,統一,2023-07-28,5850
3257,虹冠電,1518,9,1509,統一,2023-07-28,5850
6274,台燿,2444,967,1477,統一,2023-07-28,5850
2603,長榮,1836,404,1432,統一,2023-07-28,5850
4908,前鼎,1195,23,1172,統一,2023-07-28,5850
2301,光寶科,1671,536,1135,統一,2023-07-28,5850
1815,富喬,1406,393,1013,統一,2023-07-28,5850
2409,友達,2798,1801,997,統一,2023-07-28,5850
6005,群益證,984,0,984,統一,2023-07-28,5850
2357,華碩,875,169,706,統一,2023-07-28,5850
2731,雄獅,686,109,577,統一,2023-07-28,5850
2885,元大金,554,59,495,統一,2023-07-28,5850
2455,全新,569,75,494,統一,2023-07-28,5850
2748,雲品,555,68,487,統一,2023-07-28,5850
8069,元太,543,102,441,統一,2023-07-28,5850
6535,順藥,419,51,368,統一,2023-07-28,5850
3558,神準,612,249,363,統一,2023-07-28,5850
2303,聯電,535,178,357,統一,2023-07-28,5850
1216,統一,355,0,355,統一,2023-07-28,5850
00715L,期街口布蘭特正2,328,7,321,統一,2023-07-28,5850
2890,永豐金,368,55,313,統一,2023-07-28,5850
6770,力積電,309,6,303,統一,2023-07-28,5850
3483,力致,408,119,289,統一,2023-07-28,5850
2330,台積電,627,339,288,統一,2023-07-28,5850
3324,雙鴻,637,362,275,統一,2023-07-28,5850
3017,奇鋐,441,179,262,統一,2023-07-28,5850
2609,陽明,355,93,262,統一,2023-07-28,5850
1609,大亞,362,112,250,統一,2023-07-28,5850
2369,菱生,271,25,246,統一,2023-07-28,5850
3163,波若威,625,383,242,統一,2023-07-28,5850
2312,金寶,464,229,235,統一,2023-07-28,5850
3264,欣銓,351,120,231,統一,2023-07-28,5850
2345,智邦,233,4,229,統一,2023-07-28,5850
3260,威剛,450,221,229,統一,2023-07-28,5850
3711,日月光投控,244,21,223,統一,2023-07-28,5850
4989,榮科,205,0,205,統一,2023-07-28,5850
2884,玉山金,200,3,197,統一,2023-07-28,5850
6282,康舒,1312,1117,195,統一,2023-07-28,5850
3044,健鼎,400,206,194,統一,2023-07-28,5850
4919,新唐,235,46,189,統一,2023-07-28,5850
00645,富邦日本,171,0,171,統一,2023-07-28,5850
020025,統一亞洲半導體N,170,0,170,統一,2023-07-28,5850
5289,宜鼎,190,33,157,統一,2023-07-28,5850
00882,中信中國高股息,174,19,155,統一,2023-07-28,5850
3363,上詮,236,86,150,統一,2023-07-28,5850
2897,王道銀行,154,5,149,統一,2023-07-28,5850
00687B,國泰20年美債,248,100,148,統一,2023-07-28,5850
00679B,元大美債20年,646,513,133,統一,2023-07-28,5850
2809,京城銀,121,1,120,統一,2023-07-28,5850
3706,神達,218,97,121,統一,2023-07-28,5850
1802,台玻,2817,277,2540,統一,2023-07-31,5850
020030,統一智慧電動車N,1299,190,1109,統一,2023-07-31,5850
1319,東陽,858,181,677,統一,2023-07-31,5850
1905,華紙,1153,511,642,統一,2023-07-31,5850
2383,台光電,900,296,604,統一,2023-07-31,5850
00646,元大S＆P500,600,0,600,統一,2023-07-31,5850
2312,金寶,2166,1608,558,統一,2023-07-31,5850
3483,力致,599,96,503,統一,2023-07-31,5850
00706L,期元大S＆P日圓正2,481,0,481,統一,2023-07-31,5850
00637L,元大滬深300正2,751,304,447,統一,2023-07-31,5850
5340,建榮,589,147,442,統一,2023-07-31,5850
6285,啟��,428,58,370,統一,2023-07-31,5850
2888,新光金,796,445,351,統一,2023-07-31,5850
3044,健鼎,666,347,319,統一,2023-07-31,5850
2308,台達電,562,251,311,統一,2023-07-31,5850
6176,瑞儀,371,63,308,統一,2023-07-31,5850
020025,統一亞洲半導體N,292,1,291,統一,2023-07-31,5850
6282,康舒,2148,1862,286,統一,2023-07-31,5850
2881,富邦金,468,194,274,統一,2023-07-31,5850
020031,統一IC設計臺灣N,285,13,272,統一,2023-07-31,5850
3587,閎康,358,88,270,統一,2023-07-31,5850
2444,兆勁,264,0,264,統一,2023-07-31,5850
1513,中興電,541,309,232,統一,2023-07-31,5850
8996,高力,224,4,220,統一,2023-07-31,5850
00878,國泰永續高股息,442,226,216,統一,2023-07-31,5850
2426,鼎元,240,30,210,統一,2023-07-31,5850
2014,中鴻,207,3,204,統一,2023-07-31,5850
3689,湧德,209,9,200,統一,2023-07-31,5850
00655L,國泰中國A50正2,194,0,194,統一,2023-07-31,5850
2317,鴻海,229,36,193,統一,2023-07-31,5850
2485,兆赫,213,23,190,統一,2023-07-31,5850
2344,華邦電,1092,907,185,統一,2023-07-31,5850
2323,中環,218,44,174,統一,2023-07-31,5850
3029,零壹,251,79,172,統一,2023-07-31,5850
5871,中租-KY,178,10,168,統一,2023-07-31,5850
0050,元大台灣50,172,6,166,統一,2023-07-31,5850
6239,力成,183,18,165,統一,2023-07-31,5850
1477,聚陽,192,40,152,統一,2023-07-31,5850
5289,宜鼎,339,188,151,統一,2023-07-31,5850
2462,良得電,160,16,144,統一,2023-07-31,5850
2371,大同,149,6,143,統一,2023-07-31,5850
00701,國泰股利精選30,141,0,141,統一,2023-07-31,5850
3704,合勤控,202,62,140,統一,2023-07-31,5850
2634,漢翔,169,29,140,統一,2023-07-31,5850
00929,復華台灣科技優息,150,29,121,統一,2023-07-31,5850
2360,致茂,158,37,121,統一,2023-07-31,5850
4953,緯軟,161,42,119,統一,2023-07-31,5850
3581,博磊,145,28,117,統一,2023-07-31,5850
3057,喬鼎,143,35,108,統一,2023-07-31,5850
3325,旭品,135,27,108,統一,2023-07-31,5850
1802,台玻,1974,880,1094,統一,2023-08-01,5850
2890,永豐金,1003,15,988,統一,2023-08-01,5850
2880,華南金,908,7,901,統一,2023-08-01,5850
2886,兆豐金,903,72,831,統一,2023-08-01,5850
2892,第一金,702,0,702,統一,2023-08-01,5850
2455,全新,859,199,660,統一,2023-08-01,5850
2882,國泰金,1131,505,626,統一,2023-08-01,5850
00637L,元大滬深300正2,602,7,595,統一,2023-08-01,5850
2603,長榮,720,255,465,統一,2023-08-01,5850
3033,威健,479,19,460,統一,2023-08-01,5850
3483,力致,465,7,458,統一,2023-08-01,5850
2618,長榮航,874,446,428,統一,2023-08-01,5850
2610,華航,875,464,411,統一,2023-08-01,5850
1210,大成,423,68,355,統一,2023-08-01,5850
2317,鴻海,361,8,353,統一,2023-08-01,5850
4746,台耀,542,209,333,統一,2023-08-01,5850
2330,台積電,574,269,305,統一,2023-08-01,5850
3481,群創,886,585,301,統一,2023-08-01,5850
2441,超豐,301,1,300,統一,2023-08-01,5850
2303,聯電,352,63,289,統一,2023-08-01,5850
9904,寶成,291,3,288,統一,2023-08-01,5850
1305,華夏,277,0,277,統一,2023-08-01,5850
2609,陽明,300,45,255,統一,2023-08-01,5850
1319,東陽,302,50,252,統一,2023-08-01,5850
6770,力積電,277,29,248,統一,2023-08-01,5850
3189,景碩,255,11,244,統一,2023-08-01,5850
3035,智原,306,75,231,統一,2023-08-01,5850
020025,統一亞洲半導體N,371,149,222,統一,2023-08-01,5850
2388,威盛,266,61,205,統一,2023-08-01,5850
00646,元大S＆P500,200,0,200,統一,2023-08-01,5850
2409,友達,321,137,184,統一,2023-08-01,5850
5871,中租-KY,307,125,182,統一,2023-08-01,5850
3693,營邦,293,120,173,統一,2023-08-01,5850
3163,波若威,627,456,171,統一,2023-08-01,5850
2393,億光,173,3,170,統一,2023-08-01,5850
2357,華碩,218,50,168,統一,2023-08-01,5850
3706,神達,333,175,158,統一,2023-08-01,5850
2883,凱基金,157,1,156,統一,2023-08-01,5850
00665L,富邦�琤肭磪囓�2,156,0,156,統一,2023-08-01,5850
2884,玉山金,154,3,151,統一,2023-08-01,5850
4953,緯軟,142,6,136,統一,2023-08-01,5850
2731,雄獅,147,19,128,統一,2023-08-01,5850
1504,東元,225,111,114,統一,2023-08-01,5850
2368,金像電,238,125,113,統一,2023-08-01,5850
1101,台泥,120,8,112,統一,2023-08-01,5850
2887,台新金,112,2,110,統一,2023-08-01,5850
2009,第一銅,140,43,97,統一,2023-08-01,5850
4960,誠美材,100,7,93,統一,2023-08-01,5850
2454,聯發科,165,73,92,統一,2023-08-01,5850
00882,中信中國高股息,91,0,91,統一,2023-08-01,5850
00715L,期街口布蘭特正2,1130,51,1079,統一,2023-08-02,5850
2303,聯電,1060,75,985,統一,2023-08-02,5850
1785,光洋科,1110,158,952,統一,2023-08-02,5850
1802,台玻,899,116,783,統一,2023-08-02,5850
2634,漢翔,853,75,778,統一,2023-08-02,5850
2462,良得電,763,68,695,統一,2023-08-02,5850
2913,農林,1956,1323,633,統一,2023-08-02,5850
00679B,元大美債20年,605,0,605,統一,2023-08-02,5850
1605,華新,1394,836,558,統一,2023-08-02,5850
2206,三陽工業,678,211,467,統一,2023-08-02,5850
1305,華夏,792,339,453,統一,2023-08-02,5850
1216,統一,620,216,404,統一,2023-08-02,5850
3325,旭品,561,177,384,統一,2023-08-02,5850
2006,東和鋼鐵,381,2,379,統一,2023-08-02,5850
00700,富邦�琤肭磪�,300,0,300,統一,2023-08-02,5850
00712,復華富時不動產,299,2,297,統一,2023-08-02,5850
00900,富邦特選高股息30,294,0,294,統一,2023-08-02,5850
1616,億泰,344,65,279,統一,2023-08-02,5850
3483,力致,427,153,274,統一,2023-08-02,5850
3591,艾笛森,288,25,263,統一,2023-08-02,5850
2603,長榮,412,196,216,統一,2023-08-02,5850
2883,凱基金,238,27,211,統一,2023-08-02,5850
5009,榮剛,253,67,186,統一,2023-08-02,5850
1402,遠東新,195,12,183,統一,2023-08-02,5850
00665L,富邦�琤肭磪囓�2,188,10,178,統一,2023-08-02,5850
2317,鴻海,585,409,176,統一,2023-08-02,5850
2330,台積電,866,703,163,統一,2023-08-02,5850
2324,仁寶,308,149,159,統一,2023-08-02,5850
2887,台新金,166,8,158,統一,2023-08-02,5850
2460,建通,170,12,158,統一,2023-08-02,5850
1608,華榮,223,71,152,統一,2023-08-02,5850
9955,佳龍,178,31,147,統一,2023-08-02,5850
2890,永豐金,159,16,143,統一,2023-08-02,5850
1504,東元,296,156,140,統一,2023-08-02,5850
020030,統一智慧電動車N,263,144,119,統一,2023-08-02,5850
8050,廣積,208,93,115,統一,2023-08-02,5850
020031,統一IC設計臺灣N,163,51,112,統一,2023-08-02,5850
2061,風青,110,0,110,統一,2023-08-02,5850
00878,國泰永續高股息,621,512,109,統一,2023-08-02,5850
2880,華南金,130,22,108,統一,2023-08-02,5850
8996,高力,112,4,108,統一,2023-08-02,5850
6417,韋僑,111,4,107,統一,2023-08-02,5850
8215,明基材,180,74,106,統一,2023-08-02,5850
1615,大山,109,6,103,統一,2023-08-02,5850
6112,邁達特,130,29,101,統一,2023-08-02,5850
020025,統一亞洲半導體N,111,11,100,統一,2023-08-02,5850
5225,東科-KY,100,0,100,統一,2023-08-02,5850
1514,亞力,139,40,99,統一,2023-08-02,5850
1905,華紙,578,480,98,統一,2023-08-02,5850
1727,中華化,120,24,96,統一,2023-08-02,5850
2337,旺宏,1660,4,1656,統一,2023-08-04,5850
2892,第一金,1025,22,1003,統一,2023-08-04,5850
6285,啟��,870,70,800,統一,2023-08-04,5850
2634,漢翔,722,146,576,統一,2023-08-04,5850
3324,雙鴻,695,173,522,統一,2023-08-04,5850
5371,中光電,579,98,481,統一,2023-08-04,5850
1802,台玻,726,266,460,統一,2023-08-04,5850
2603,長榮,519,96,423,統一,2023-08-04,5850
2303,聯電,556,165,391,統一,2023-08-04,5850
2462,良得電,544,189,355,統一,2023-08-04,5850
2376,技嘉,516,163,353,統一,2023-08-04,5850
5340,建榮,344,14,330,統一,2023-08-04,5850
2408,南亞科,343,34,309,統一,2023-08-04,5850
3481,群創,457,153,304,統一,2023-08-04,5850
00700,富邦�琤肭磪�,300,0,300,統一,2023-08-04,5850
2883,凱基金,305,7,298,統一,2023-08-04,5850
2474,可成,282,0,282,統一,2023-08-04,5850
2409,友達,713,446,267,統一,2023-08-04,5850
2888,新光金,334,71,263,統一,2023-08-04,5850
1308,亞聚,272,11,261,統一,2023-08-04,5850
6274,台燿,420,174,246,統一,2023-08-04,5850
2385,群光,364,127,237,統一,2023-08-04,5850
2344,華邦電,306,74,232,統一,2023-08-04,5850
2356,英業達,894,663,231,統一,2023-08-04,5850
00679B,元大美債20年,545,328,217,統一,2023-08-04,5850
6235,華孚,309,99,210,統一,2023-08-04,5850
2330,台積電,318,114,204,統一,2023-08-04,5850
6239,力成,235,34,201,統一,2023-08-04,5850
2103,台橡,200,0,200,統一,2023-08-04,5850
2404,漢唐,204,11,193,統一,2023-08-04,5850
3581,博磊,219,33,186,統一,2023-08-04,5850
8016,矽創,223,44,179,統一,2023-08-04,5850
3017,奇鋐,322,146,176,統一,2023-08-04,5850
6282,康舒,378,205,173,統一,2023-08-04,5850
00720B,元大投資級公司債,242,71,171,統一,2023-08-04,5850
2324,仁寶,293,123,170,統一,2023-08-04,5850
2609,陽明,282,112,170,統一,2023-08-04,5850
2379,瑞昱,219,64,155,統一,2023-08-04,5850
3163,波若威,473,319,154,統一,2023-08-04,5850
3021,鴻名,164,12,152,統一,2023-08-04,5850
6271,同欣電,150,0,150,統一,2023-08-04,5850
00680L,元大美債20正2,154,5,149,統一,2023-08-04,5850
3558,神準,234,100,134,統一,2023-08-04,5850
2313,華通,143,17,126,統一,2023-08-04,5850
3078,僑威,172,48,124,統一,2023-08-04,5850
1301,台塑,124,2,122,統一,2023-08-04,5850
6114,久威,121,2,119,統一,2023-08-04,5850
1432,大魯閣,118,0,118,統一,2023-08-04,5850
00740B,富邦全球投等債,770,656,114,統一,2023-08-04,5850
2353,宏��,379,266,113,統一,2023-08-04,5850
00632R,元大台灣50反1,5003,75,4928,統一,2023-08-07,5850
2630,亞航,2552,1,2551,統一,2023-08-07,5850
2892,第一金,1189,28,1161,統一,2023-08-07,5850
4979,華星光,1124,87,1037,統一,2023-08-07,5850
3017,奇鋐,1017,182,835,統一,2023-08-07,5850
2356,英業達,1007,480,527,統一,2023-08-07,5850
2332,友訊,520,21,499,統一,2023-08-07,5850
2881,富邦金,505,9,496,統一,2023-08-07,5850
2376,技嘉,617,136,481,統一,2023-08-07,5850
1802,台玻,1041,569,472,統一,2023-08-07,5850
2317,鴻海,453,52,401,統一,2023-08-07,5850
6282,康舒,820,434,386,統一,2023-08-07,5850
2382,廣達,1081,695,386,統一,2023-08-07,5850
3706,神達,723,343,380,統一,2023-08-07,5850
2103,台橡,301,1,300,統一,2023-08-07,5850
6770,力積電,304,5,299,統一,2023-08-07,5850
1584,精剛,310,34,276,統一,2023-08-07,5850
2888,新光金,613,342,271,統一,2023-08-07,5850
2368,金像電,413,160,253,統一,2023-08-07,5850
2388,威盛,290,46,244,統一,2023-08-07,5850
2610,華航,619,385,234,統一,2023-08-07,5850
00929,復華台灣科技優息,254,21,233,統一,2023-08-07,5850
00679B,元大美債20年,205,1,204,統一,2023-08-07,5850
6239,力成,214,11,203,統一,2023-08-07,5850
6285,啟��,328,126,202,統一,2023-08-07,5850
2886,兆豐金,218,16,202,統一,2023-08-07,5850
6187,萬潤,272,91,181,統一,2023-08-07,5850
0050,元大台灣50,174,5,169,統一,2023-08-07,5850
6451,訊芯-KY,161,0,161,統一,2023-08-07,5850
2890,永豐金,155,9,146,統一,2023-08-07,5850
2353,宏��,337,196,141,統一,2023-08-07,5850
3092,鴻碩,160,20,140,統一,2023-08-07,5850
9910,豐泰,131,0,131,統一,2023-08-07,5850
2329,華泰,186,56,130,統一,2023-08-07,5850
8050,廣積,688,559,129,統一,2023-08-07,5850
2885,元大金,129,2,127,統一,2023-08-07,5850
2330,台積電,141,15,126,統一,2023-08-07,5850
3044,健鼎,422,297,125,統一,2023-08-07,5850
5871,中租-KY,123,5,118,統一,2023-08-07,5850
4763,材料-KY,140,25,115,統一,2023-08-07,5850
3324,雙鴻,221,107,114,統一,2023-08-07,5850
4967,十銓,113,4,109,統一,2023-08-07,5850
2855,統一證,106,0,106,統一,2023-08-07,5850
2887,台新金,126,22,104,統一,2023-08-07,5850
00882,中信中國高股息,104,1,103,統一,2023-08-07,5850
2383,台光電,229,126,103,統一,2023-08-07,5850
3213,茂訊,105,2,103,統一,2023-08-07,5850
2481,強茂,103,1,102,統一,2023-08-07,5850
1307,三芳,100,0,100,統一,2023-08-07,5850
5452,佶優,110,11,99,統一,2023-08-07,5850
2371,大同,1073,126,947,統一,2023-08-08,5850
6412,群電,874,11,863,統一,2023-08-08,5850
4960,誠美材,800,0,800,統一,2023-08-08,5850
2890,永豐金,722,45,677,統一,2023-08-08,5850
4979,華星光,919,316,603,統一,2023-08-08,5850
2206,三陽工業,709,140,569,統一,2023-08-08,5850
2603,長榮,649,90,559,統一,2023-08-08,5850
6770,力積電,452,28,424,統一,2023-08-08,5850
2356,英業達,1112,719,393,統一,2023-08-08,5850
3044,健鼎,740,404,336,統一,2023-08-08,5850
2615,萬海,347,18,329,統一,2023-08-08,5850
2888,新光金,326,1,325,統一,2023-08-08,5850
2368,金像電,501,200,301,統一,2023-08-08,5850
2449,京元電子,357,57,300,統一,2023-08-08,5850
2618,長榮航,652,360,292,統一,2023-08-08,5850
00701,國泰股利精選30,288,0,288,統一,2023-08-08,5850
2377,微星,309,23,286,統一,2023-08-08,5850
2883,凱基金,259,12,247,統一,2023-08-08,5850
2388,威盛,355,121,234,統一,2023-08-08,5850
3711,日月光投控,247,16,231,統一,2023-08-08,5850
2884,玉山金,249,19,230,統一,2023-08-08,5850
2330,台積電,236,30,206,統一,2023-08-08,5850
2376,技嘉,369,163,206,統一,2023-08-08,5850
1217,愛之味,237,41,196,統一,2023-08-08,5850
2382,廣達,664,473,191,統一,2023-08-08,5850
2880,華南金,185,4,181,統一,2023-08-08,5850
2892,第一金,181,1,180,統一,2023-08-08,5850
2887,台新金,183,6,177,統一,2023-08-08,5850
1210,大成,187,13,174,統一,2023-08-08,5850
5880,合庫金,174,0,174,統一,2023-08-08,5850
3017,奇鋐,383,210,173,統一,2023-08-08,5850
2886,兆豐金,186,16,170,統一,2023-08-08,5850
2106,建大,167,0,167,統一,2023-08-08,5850
2885,元大金,201,45,156,統一,2023-08-08,5850
3163,波若威,623,478,145,統一,2023-08-08,5850
2383,台光電,299,157,142,統一,2023-08-08,5850
00929,復華台灣科技優息,142,10,132,統一,2023-08-08,5850
1605,華新,175,43,132,統一,2023-08-08,5850
2881,富邦金,136,5,131,統一,2023-08-08,5850
2882,國泰金,171,47,124,統一,2023-08-08,5850
2329,華泰,226,104,122,統一,2023-08-08,5850
00665L,富邦�琤肭磪囓�2,118,0,118,統一,2023-08-08,5850
1802,台玻,720,603,117,統一,2023-08-08,5850
00853B,統一美債10年Aa-,400,284,116,統一,2023-08-08,5850
8234,新漢,144,29,115,統一,2023-08-08,5850
00715L,期街口布蘭特正2,115,0,115,統一,2023-08-08,5850
2731,雄獅,134,25,109,統一,2023-08-08,5850
3324,雙鴻,378,275,103,統一,2023-08-08,5850
6185,幃翔,115,15,100,統一,2023-08-08,5850
2363,矽統,268,169,99,統一,2023-08-08,5850
00632R,元大台灣50反1,4111,500,3611,統一,2023-08-09,5850
2610,華航,1839,1046,793,統一,2023-08-09,5850
2458,義隆,703,3,700,統一,2023-08-09,5850
2603,長榮,1082,383,699,統一,2023-08-09,5850
2618,長榮航,1605,950,655,統一,2023-08-09,5850
2409,友達,732,85,647,統一,2023-08-09,5850
00715L,期街口布蘭特正2,561,11,550,統一,2023-08-09,5850
1305,華夏,475,33,442,統一,2023-08-09,5850
3711,日月光投控,381,30,351,統一,2023-08-09,5850
6770,力積電,326,9,317,統一,2023-08-09,5850
2888,新光金,724,426,298,統一,2023-08-09,5850
3264,欣銓,257,2,255,統一,2023-08-09,5850
2329,華泰,419,181,238,統一,2023-08-09,5850
2368,金像電,420,208,212,統一,2023-08-09,5850
2801,彰銀,207,0,207,統一,2023-08-09,5850
00706L,期元大S＆P日圓正2,205,0,205,統一,2023-08-09,5850
1477,聚陽,203,6,197,統一,2023-08-09,5850
1605,華新,233,52,181,統一,2023-08-09,5850
2323,中環,198,29,169,統一,2023-08-09,5850
2884,玉山金,171,2,169,統一,2023-08-09,5850
2882,國泰金,219,54,165,統一,2023-08-09,5850
3044,健鼎,1087,924,163,統一,2023-08-09,5850
2376,技嘉,418,257,161,統一,2023-08-09,5850
1301,台塑,162,3,159,統一,2023-08-09,5850
4906,正文,276,119,157,統一,2023-08-09,5850
6176,瑞儀,163,6,157,統一,2023-08-09,5850
1519,華城,190,47,143,統一,2023-08-09,5850
2885,元大金,143,1,142,統一,2023-08-09,5850
4979,華星光,262,127,135,統一,2023-08-09,5850
2887,台新金,134,2,132,統一,2023-08-09,5850
6235,華孚,163,35,128,統一,2023-08-09,5850
6418,詠昇,139,16,123,統一,2023-08-09,5850
2886,兆豐金,140,22,118,統一,2023-08-09,5850
2892,第一金,123,6,117,統一,2023-08-09,5850
4961,天鈺,136,19,117,統一,2023-08-09,5850
1432,大魯閣,116,0,116,統一,2023-08-09,5850
8081,致新,115,1,114,統一,2023-08-09,5850
2880,華南金,114,0,114,統一,2023-08-09,5850
2516,新建,121,10,111,統一,2023-08-09,5850
2634,漢翔,241,133,108,統一,2023-08-09,5850
2330,台積電,204,101,103,統一,2023-08-09,5850
2855,統一證,108,6,102,統一,2023-08-09,5850
00719B,元大美債1-3,100,0,100,統一,2023-08-09,5850
6672,騰輝電子-KY,115,19,96,統一,2023-08-09,5850
00878,國泰永續高股息,101,8,93,統一,2023-08-09,5850
3520,華盈,93,0,93,統一,2023-08-09,5850
4938,和碩,123,37,86,統一,2023-08-09,5850
2734,易飛網,85,0,85,統一,2023-08-09,5850
8050,廣積,148,67,81,統一,2023-08-09,5850
6223,旺矽,89,11,78,統一,2023-08-09,5850
00664R,國泰臺灣加權反1,2500,76,2424,統一,2023-08-10,5850
2892,第一金,2023,15,2008,統一,2023-08-10,5850
2303,聯電,716,79,637,統一,2023-08-10,5850
2002,中鋼,646,42,604,統一,2023-08-10,5850
2329,華泰,939,401,538,統一,2023-08-10,5850
2618,長榮航,2716,2205,511,統一,2023-08-10,5850
00680L,元大美債20正2,512,20,492,統一,2023-08-10,5850
1301,台塑,406,2,404,統一,2023-08-10,5850
6770,力積電,373,10,363,統一,2023-08-10,5850
00900,富邦特選高股息30,1337,1000,337,統一,2023-08-10,5850
1303,南亞,280,3,277,統一,2023-08-10,5850
2412,中華電,373,96,277,統一,2023-08-10,5850
2888,新光金,958,706,252,統一,2023-08-10,5850
2883,凱基金,251,1,250,統一,2023-08-10,5850
2382,廣達,957,709,248,統一,2023-08-10,5850
2884,玉山金,251,7,244,統一,2023-08-10,5850
3045,台灣大,226,0,226,統一,2023-08-10,5850
00878,國泰永續高股息,272,50,222,統一,2023-08-10,5850
1519,華城,493,280,213,統一,2023-08-10,5850
00881,國泰台灣5G+,212,20,192,統一,2023-08-10,5850
1216,統一,177,0,177,統一,2023-08-10,5850
00662,富邦NASDAQ,166,0,166,統一,2023-08-10,5850
2882,國泰金,174,12,162,統一,2023-08-10,5850
2886,兆豐金,189,30,159,統一,2023-08-10,5850
2890,永豐金,158,1,157,統一,2023-08-10,5850
2885,元大金,157,2,155,統一,2023-08-10,5850
2887,台新金,161,8,153,統一,2023-08-10,5850
2880,華南金,163,16,147,統一,2023-08-10,5850
5340,建榮,158,17,141,統一,2023-08-10,5850
00715L,期街口布蘭特正2,139,1,138,統一,2023-08-10,5850
6417,韋僑,133,1,132,統一,2023-08-10,5850
2388,威盛,354,227,127,統一,2023-08-10,5850
3711,日月光投控,292,179,113,統一,2023-08-10,5850
4533,協易機,133,20,113,統一,2023-08-10,5850
1795,美時,342,234,108,統一,2023-08-10,5850
2855,統一證,115,13,102,統一,2023-08-10,5850
2881,富邦金,125,23,102,統一,2023-08-10,5850
00925,新光標普電動車,100,0,100,統一,2023-08-10,5850
2530,華建,98,0,98,統一,2023-08-10,5850
8234,新漢,114,17,97,統一,2023-08-10,5850
4979,華星光,128,31,97,統一,2023-08-10,5850
3363,上詮,233,136,97,統一,2023-08-10,5850
2801,彰銀,311,216,95,統一,2023-08-10,5850
00929,復華台灣科技優息,112,18,94,統一,2023-08-10,5850
2305,全友,96,4,92,統一,2023-08-10,5850
6535,順藥,92,0,92,統一,2023-08-10,5850
6418,詠昇,100,18,82,統一,2023-08-10,5850
00665L,富邦�琤肭磪囓�2,103,22,81,統一,2023-08-10,5850
3022,威強電,97,26,71,統一,2023-08-10,5850
8081,致新,86,17,69,統一,2023-08-10,5850
4967,十銓,1474,46,1428,統一,2023-08-11,5850
00664R,國泰臺灣加權反1,1200,0,1200,統一,2023-08-11,5850
2881,富邦金,975,16,959,統一,2023-08-11,5850
00632R,元大台灣50反1,1400,900,500,統一,2023-08-11,5850
3483,力致,641,171,470,統一,2023-08-11,5850
2368,金像電,711,326,385,統一,2023-08-11,5850
4979,華星光,329,31,298,統一,2023-08-11,5850
2801,彰銀,312,18,294,統一,2023-08-11,5850
2376,技嘉,455,171,284,統一,2023-08-11,5850
00706L,期元大S＆P日圓正2,226,0,226,統一,2023-08-11,5850
1301,台塑,197,4,193,統一,2023-08-11,5850
3037,欣興,238,54,184,統一,2023-08-11,5850
00931B,統一美債20年,181,0,181,統一,2023-08-11,5850
9927,泰銘,160,1,159,統一,2023-08-11,5850
00715L,期街口布蘭特正2,150,0,150,統一,2023-08-11,5850
2634,漢翔,455,319,136,統一,2023-08-11,5850
00680L,元大美債20正2,135,0,135,統一,2023-08-11,5850
2371,大同,197,66,131,統一,2023-08-11,5850
2855,統一證,120,2,118,統一,2023-08-11,5850
6417,韋僑,110,1,109,統一,2023-08-11,5850
1907,永豐餘,125,18,107,統一,2023-08-11,5850
6189,豐藝,150,47,103,統一,2023-08-11,5850
2359,所羅門,106,4,102,統一,2023-08-11,5850
00679B,元大美債20年,117,20,97,統一,2023-08-11,5850
3033,威健,95,1,94,統一,2023-08-11,5850
00687B,國泰20年美債,194,100,94,統一,2023-08-11,5850
00900,富邦特選高股息30,101,8,93,統一,2023-08-11,5850
00753L,中信中國50正2,92,5,87,統一,2023-08-11,5850
3702,大聯大,88,2,86,統一,2023-08-11,5850
2705,六福,81,0,81,統一,2023-08-11,5850
3010,華立,78,0,78,統一,2023-08-11,5850
2609,陽明,200,130,70,統一,2023-08-11,5850
3078,僑威,187,118,69,統一,2023-08-11,5850
5009,榮剛,87,18,69,統一,2023-08-11,5850
6223,旺矽,80,15,65,統一,2023-08-11,5850
00830,國泰費城半導體,62,0,62,統一,2023-08-11,5850
3567,逸昌,62,2,60,統一,2023-08-11,5850
2002,中鋼,82,26,56,統一,2023-08-11,5850
6125,廣運,86,31,55,統一,2023-08-11,5850
00885,富邦越南,114,60,54,統一,2023-08-11,5850
2457,飛宏,103,49,54,統一,2023-08-11,5850
2353,宏��,90,37,53,統一,2023-08-11,5850
1513,中興電,149,97,52,統一,2023-08-11,5850
3043,科風,53,2,51,統一,2023-08-11,5850
6284,佳邦,50,0,50,統一,2023-08-11,5850
6239,力成,52,3,49,統一,2023-08-11,5850
6278,台表科,51,2,49,統一,2023-08-11,5850
2530,華建,49,0,49,統一,2023-08-11,5850
00719B,元大美債1-3,48,0,48,統一,2023-08-11,5850
4763,材料-KY,52,5,47,統一,2023-08-11,5850
2382,廣達,2278,678,1600,統一,2023-08-14,5850
2324,仁寶,1770,395,1375,統一,2023-08-14,5850
2303,聯電,1196,384,812,統一,2023-08-14,5850
2317,鴻海,832,144,688,統一,2023-08-14,5850
1101,台泥,691,40,651,統一,2023-08-14,5850
2834,臺企銀,607,10,597,統一,2023-08-14,5850
1605,華新,942,388,554,統一,2023-08-14,5850
0050,元大台灣50,531,10,521,統一,2023-08-14,5850
2890,永豐金,560,43,517,統一,2023-08-14,5850
2886,兆豐金,471,28,443,統一,2023-08-14,5850
8150,南茂,435,0,435,統一,2023-08-14,5850
2801,彰銀,453,20,433,統一,2023-08-14,5850
2887,台新金,354,16,338,統一,2023-08-14,5850
3483,力致,1597,1302,295,統一,2023-08-14,5850
4967,十銓,305,17,288,統一,2023-08-14,5850
00715L,期街口布蘭特正2,285,5,280,統一,2023-08-14,5850
00881,國泰台灣5G+,319,43,276,統一,2023-08-14,5850
9904,寶成,286,17,269,統一,2023-08-14,5850
2412,中華電,488,230,258,統一,2023-08-14,5850
2892,第一金,271,25,246,統一,2023-08-14,5850
020031,統一IC設計臺灣N,224,10,214,統一,2023-08-14,5850
2504,國產,205,0,205,統一,2023-08-14,5850
1102,亞泥,195,0,195,統一,2023-08-14,5850
2103,台橡,193,0,193,統一,2023-08-14,5850
5876,上海商銀,201,8,193,統一,2023-08-14,5850
4979,華星光,291,100,191,統一,2023-08-14,5850
1402,遠東新,192,3,189,統一,2023-08-14,5850
5880,合庫金,215,30,185,統一,2023-08-14,5850
2301,光寶科,329,153,176,統一,2023-08-14,5850
020033,統一�琤肮黕篾,169,2,167,統一,2023-08-14,5850
00706L,期元大S＆P日圓正2,126,0,126,統一,2023-08-14,5850
2855,統一證,120,1,119,統一,2023-08-14,5850
2633,台灣高鐵,131,16,115,統一,2023-08-14,5850
1303,南亞,129,21,108,統一,2023-08-14,5850
00929,復華台灣科技優息,201,95,106,統一,2023-08-14,5850
9921,巨大,104,4,100,統一,2023-08-14,5850
2379,瑞昱,123,25,98,統一,2023-08-14,5850
5258,虹堡,184,88,96,統一,2023-08-14,5850
6538,倉和,149,58,91,統一,2023-08-14,5850
2637,慧洋-KY,122,34,88,統一,2023-08-14,5850
2388,威盛,134,46,88,統一,2023-08-14,5850
00923,群益台ESG低碳50,88,1,87,統一,2023-08-14,5850
2881,富邦金,102,16,86,統一,2023-08-14,5850
2330,台積電,130,44,86,統一,2023-08-14,5850
2308,台達電,106,24,82,統一,2023-08-14,5850
00679B,元大美債20年,82,0,82,統一,2023-08-14,5850
2882,國泰金,112,33,79,統一,2023-08-14,5850
3005,神基,108,32,76,統一,2023-08-14,5850
3653,健策,82,8,74,統一,2023-08-14,5850
3045,台灣大,73,3,70,統一,2023-08-14,5850
2324,仁寶,3943,656,3287,統一,2023-08-15,5850
00632R,元大台灣50反1,3003,37,2966,統一,2023-08-15,5850
6757,台灣虎航,1000,41,959,統一,2023-08-15,5850
2421,建準,1028,186,842,統一,2023-08-15,5850
2460,建通,779,17,762,統一,2023-08-15,5850
2376,技嘉,942,249,693,統一,2023-08-15,5850
2368,金像電,818,343,475,統一,2023-08-15,5850
3035,智原,617,165,452,統一,2023-08-15,5850
2382,廣達,1065,616,449,統一,2023-08-15,5850
8213,志超,427,4,423,統一,2023-08-15,5850
1609,大亞,316,36,280,統一,2023-08-15,5850
00646,元大S＆P500,250,0,250,統一,2023-08-15,5850
1907,永豐餘,232,7,225,統一,2023-08-15,5850
3044,健鼎,285,67,218,統一,2023-08-15,5850
00701,國泰股利精選30,217,0,217,統一,2023-08-15,5850
3548,兆利,207,1,206,統一,2023-08-15,5850
3324,雙鴻,233,28,205,統一,2023-08-15,5850
4960,誠美材,200,0,200,統一,2023-08-15,5850
2301,光寶科,482,289,193,統一,2023-08-15,5850
3037,欣興,233,52,181,統一,2023-08-15,5850
00830,國泰費城半導體,175,0,175,統一,2023-08-15,5850
4933,友輝,173,0,173,統一,2023-08-15,5850
4909,新復興,172,5,167,統一,2023-08-15,5850
4942,嘉彰,167,0,167,統一,2023-08-15,5850
6189,豐藝,163,2,161,統一,2023-08-15,5850
2340,台亞,179,21,158,統一,2023-08-15,5850
3481,群創,212,56,156,統一,2023-08-15,5850
00712,復華富時不動產,147,0,147,統一,2023-08-15,5850
3036,文曄,159,12,147,統一,2023-08-15,5850
2323,中環,172,25,147,統一,2023-08-15,5850
2743,山富,147,0,147,統一,2023-08-15,5850
2388,威盛,175,29,146,統一,2023-08-15,5850
1104,環泥,145,1,144,統一,2023-08-15,5850
9927,泰銘,137,0,137,統一,2023-08-15,5850
6799,來頡,201,64,137,統一,2023-08-15,5850
1340,勝悅-KY,136,0,136,統一,2023-08-15,5850
1504,東元,164,29,135,統一,2023-08-15,5850
2059,川湖,157,24,133,統一,2023-08-15,5850
8358,金居,246,119,127,統一,2023-08-15,5850
3231,緯創,1136,1010,126,統一,2023-08-15,5850
3622,洋華,192,67,125,統一,2023-08-15,5850
3015,全漢,145,21,124,統一,2023-08-15,5850
2855,統一證,124,1,123,統一,2023-08-15,5850
2801,彰銀,134,15,119,統一,2023-08-15,5850
3163,波若威,187,71,116,統一,2023-08-15,5850
8109,博大,112,1,111,統一,2023-08-15,5850
00878,國泰永續高股息,128,28,100,統一,2023-08-15,5850
1217,愛之味,100,0,100,統一,2023-08-15,5850
4113,聯上,100,0,100,統一,2023-08-15,5850
6139,亞翔,127,27,100,統一,2023-08-15,5850
3689,湧德,2220,107,2113,統一,2023-08-16,5850
3715,定穎投控,2693,896,1797,統一,2023-08-16,5850
2356,英業達,1714,336,1378,統一,2023-08-16,5850
1584,精剛,1415,102,1313,統一,2023-08-16,5850
8044,網家,1273,0,1273,統一,2023-08-16,5850
3231,緯創,3356,2109,1247,統一,2023-08-16,5850
00706L,期元大S＆P日圓正2,1017,17,1000,統一,2023-08-16,5850
00664R,國泰臺灣加權反1,998,0,998,統一,2023-08-16,5850
4960,誠美材,800,0,800,統一,2023-08-16,5850
2301,光寶科,779,266,513,統一,2023-08-16,5850
8358,金居,596,105,491,統一,2023-08-16,5850
2382,廣達,1109,629,480,統一,2023-08-16,5850
2388,威盛,363,62,301,統一,2023-08-16,5850
2376,技嘉,453,159,294,統一,2023-08-16,5850
3209,全科,314,26,288,統一,2023-08-16,5850
2368,金像電,575,316,259,統一,2023-08-16,5850
2609,陽明,400,148,252,統一,2023-08-16,5850
2421,建準,645,393,252,統一,2023-08-16,5850
1605,華新,458,213,245,統一,2023-08-16,5850
4979,華星光,288,54,234,統一,2023-08-16,5850
3035,智原,544,326,218,統一,2023-08-16,5850
2402,毅嘉,221,11,210,統一,2023-08-16,5850
8050,廣積,383,176,207,統一,2023-08-16,5850
2504,國產,200,0,200,統一,2023-08-16,5850
020033,統一�琤肮黕篾,198,0,198,統一,2023-08-16,5850
8210,勤誠,435,251,184,統一,2023-08-16,5850
2882,國泰金,277,95,182,統一,2023-08-16,5850
2330,台積電,265,84,181,統一,2023-08-16,5850
00715L,期街口布蘭特正2,172,10,162,統一,2023-08-16,5850
3548,兆利,181,33,148,統一,2023-08-16,5850
6188,廣明,199,69,130,統一,2023-08-16,5850
3163,波若威,233,106,127,統一,2023-08-16,5850
2353,宏��,511,385,126,統一,2023-08-16,5850
00670L,富邦NASDAQ正2,120,0,120,統一,2023-08-16,5850
1303,南亞,155,40,115,統一,2023-08-16,5850
5425,台半,151,38,113,統一,2023-08-16,5850
1471,首利,112,0,112,統一,2023-08-16,5850
1504,東元,510,401,109,統一,2023-08-16,5850
5381,合正,144,40,104,統一,2023-08-16,5850
2457,飛宏,168,65,103,統一,2023-08-16,5850
1301,台塑,163,61,102,統一,2023-08-16,5850
00712,復華富時不動產,100,0,100,統一,2023-08-16,5850
6274,台燿,184,85,99,統一,2023-08-16,5850
6125,廣運,149,50,99,統一,2023-08-16,5850
2103,台橡,100,3,97,統一,2023-08-16,5850
6235,華孚,106,12,94,統一,2023-08-16,5850
2363,矽統,184,91,93,統一,2023-08-16,5850
2855,統一證,121,30,91,統一,2023-08-16,5850
2059,川湖,111,25,86,統一,2023-08-16,5850
1907,永豐餘,98,13,85,統一,2023-08-16,5850
00632R,元大台灣50反1,9519,1109,8410,統一,2023-08-17,5850
3715,定穎投控,4210,1053,3157,統一,2023-08-17,5850
00878,國泰永續高股息,3765,842,2923,統一,2023-08-17,5850
3163,波若威,2773,389,2384,統一,2023-08-17,5850
00664R,國泰臺灣加權反1,2003,0,2003,統一,2023-08-17,5850
2324,仁寶,2755,1447,1308,統一,2023-08-17,5850
2368,金像電,2137,1146,991,統一,2023-08-17,5850
2610,華航,1717,819,898,統一,2023-08-17,5850
1802,台玻,819,13,806,統一,2023-08-17,5850
2382,廣達,1314,672,642,統一,2023-08-17,5850
2603,長榮,889,350,539,統一,2023-08-17,5850
6282,康舒,547,176,371,統一,2023-08-17,5850
2363,矽統,576,246,330,統一,2023-08-17,5850
2303,聯電,565,238,327,統一,2023-08-17,5850
6538,倉和,403,79,324,統一,2023-08-17,5850
3044,健鼎,398,85,313,統一,2023-08-17,5850
2408,南亞科,953,641,312,統一,2023-08-17,5850
2329,華泰,564,254,310,統一,2023-08-17,5850
2353,宏��,846,562,284,統一,2023-08-17,5850
2332,友訊,337,79,258,統一,2023-08-17,5850
2409,友達,352,95,257,統一,2023-08-17,5850
2356,英業達,648,393,255,統一,2023-08-17,5850
2371,大同,318,68,250,統一,2023-08-17,5850
3035,智原,652,414,238,統一,2023-08-17,5850
2890,永豐金,241,8,233,統一,2023-08-17,5850
1609,大亞,823,594,229,統一,2023-08-17,5850
5340,建榮,339,115,224,統一,2023-08-17,5850
2891,中信金,221,12,209,統一,2023-08-17,5850
2402,毅嘉,329,127,202,統一,2023-08-17,5850
00881,國泰台灣5G+,212,17,195,統一,2023-08-17,5850
4960,誠美材,200,20,180,統一,2023-08-17,5850
1319,東陽,279,102,177,統一,2023-08-17,5850
2888,新光金,243,74,169,統一,2023-08-17,5850
2743,山富,166,0,166,統一,2023-08-17,5850
2885,元大金,210,44,166,統一,2023-08-17,5850
00715L,期街口布蘭特正2,190,28,162,統一,2023-08-17,5850
3324,雙鴻,266,106,160,統一,2023-08-17,5850
1513,中興電,259,109,150,統一,2023-08-17,5850
6274,台燿,265,116,149,統一,2023-08-17,5850
1301,台塑,175,32,143,統一,2023-08-17,5850
5876,上海商銀,151,10,141,統一,2023-08-17,5850
00712,復華富時不動產,138,0,138,統一,2023-08-17,5850
6285,啟��,330,206,124,統一,2023-08-17,5850
2886,兆豐金,175,54,121,統一,2023-08-17,5850
2855,統一證,119,1,118,統一,2023-08-17,5850
1907,永豐餘,121,8,113,統一,2023-08-17,5850
1584,精剛,158,46,112,統一,2023-08-17,5850
6125,廣運,353,242,111,統一,2023-08-17,5850
2634,漢翔,165,56,109,統一,2023-08-17,5850
2440,太空梭,115,6,109,統一,2023-08-17,5850
00632R,元大台灣50反1,12600,14,12586,統一,2023-08-18,5850
00664R,國泰臺灣加權反1,5652,0,5652,統一,2023-08-18,5850
1319,東陽,532,17,515,統一,2023-08-18,5850
4960,誠美材,500,0,500,統一,2023-08-18,5850
6235,華孚,716,262,454,統一,2023-08-18,5850
00679B,元大美債20年,407,2,405,統一,2023-08-18,5850
2371,大同,531,157,374,統一,2023-08-18,5850
6829,千附精密,395,40,355,統一,2023-08-18,5850
00893,國泰智能電動車,324,0,324,統一,2023-08-18,5850
2368,金像電,1013,698,315,統一,2023-08-18,5850
4979,華星光,420,168,252,統一,2023-08-18,5850
6799,來頡,326,86,240,統一,2023-08-18,5850
3680,家登,267,41,226,統一,2023-08-18,5850
1326,台化,217,7,210,統一,2023-08-18,5850
00662,富邦NASDAQ,200,0,200,統一,2023-08-18,5850
00712,復華富時不動產,194,0,194,統一,2023-08-18,5850
2516,新建,217,25,192,統一,2023-08-18,5850
2457,飛宏,302,120,182,統一,2023-08-18,5850
2851,中再保,159,0,159,統一,2023-08-18,5850
6139,亞翔,353,194,159,統一,2023-08-18,5850
4967,十銓,154,0,154,統一,2023-08-18,5850
2609,陽明,545,411,134,統一,2023-08-18,5850
2705,六福,133,0,133,統一,2023-08-18,5850
2855,統一證,128,0,128,統一,2023-08-18,5850
6538,倉和,279,155,124,統一,2023-08-18,5850
5483,中美晶,139,22,117,統一,2023-08-18,5850
3533,嘉澤,116,10,106,統一,2023-08-18,5850
2603,長榮,789,684,105,統一,2023-08-18,5850
00706L,期元大S＆P日圓正2,103,0,103,統一,2023-08-18,5850
1504,東元,321,223,98,統一,2023-08-18,5850
3042,晶技,133,41,92,統一,2023-08-18,5850
8210,勤誠,269,180,89,統一,2023-08-18,5850
00929,復華台灣科技優息,87,1,86,統一,2023-08-18,5850
2615,萬海,138,52,86,統一,2023-08-18,5850
1903,士紙,95,12,83,統一,2023-08-18,5850
2605,新興,117,42,75,統一,2023-08-18,5850
2345,智邦,121,49,72,統一,2023-08-18,5850
2606,裕民,159,89,70,統一,2023-08-18,5850
2471,資通,69,1,68,統一,2023-08-18,5850
00830,國泰費城半導體,67,0,67,統一,2023-08-18,5850
6417,韋僑,65,0,65,統一,2023-08-18,5850
6117,迎廣,63,3,60,統一,2023-08-18,5850
6213,聯茂,84,25,59,統一,2023-08-18,5850
3234,光環,62,4,58,統一,2023-08-18,5850
8048,德勝,54,1,53,統一,2023-08-18,5850
9904,寶成,73,21,52,統一,2023-08-18,5850
1305,華夏,50,0,50,統一,2023-08-18,5850
00722B,群益投資級電信債,425,375,50,統一,2023-08-18,5850
2201,裕隆,113,67,46,統一,2023-08-18,5850
4763,材料-KY,100,54,46,統一,2023-08-18,5850
1519,華城,1343,150,1193,統一,2023-08-21,5850
2363,矽統,2841,1706,1135,統一,2023-08-21,5850
2421,建準,1426,392,1034,統一,2023-08-21,5850
020033,統一�琤肮黕篾,501,18,483,統一,2023-08-21,5850
1326,台化,423,27,396,統一,2023-08-21,5850
3163,波若威,595,231,364,統一,2023-08-21,5850
2303,聯電,539,201,338,統一,2023-08-21,5850
3044,健鼎,431,129,302,統一,2023-08-21,5850
3715,定穎投控,809,518,291,統一,2023-08-21,5850
0050,元大台灣50,281,0,281,統一,2023-08-21,5850
3675,德微,249,6,243,統一,2023-08-21,5850
00637L,元大滬深300正2,210,13,197,統一,2023-08-21,5850
2881,富邦金,214,17,197,統一,2023-08-21,5850
2645,長榮航太,282,92,190,統一,2023-08-21,5850
5340,建榮,371,183,188,統一,2023-08-21,5850
1319,東陽,200,28,172,統一,2023-08-21,5850
2356,英業達,365,223,142,統一,2023-08-21,5850
5009,榮剛,159,18,141,統一,2023-08-21,5850
1444,力麗,150,11,139,統一,2023-08-21,5850
3306,鼎天,330,196,134,統一,2023-08-21,5850
3533,嘉澤,144,11,133,統一,2023-08-21,5850
00764B,群益25年美債,868,736,132,統一,2023-08-21,5850
3661,世芯-KY,139,9,130,統一,2023-08-21,5850
6139,亞翔,299,170,129,統一,2023-08-21,5850
6235,華孚,482,359,123,統一,2023-08-21,5850
00850,元大臺灣ESG永續,372,250,122,統一,2023-08-21,5850
6285,啟��,275,156,119,統一,2023-08-21,5850
00670L,富邦NASDAQ正2,105,0,105,統一,2023-08-21,5850
3078,僑威,128,27,101,統一,2023-08-21,5850
00706L,期元大S＆P日圓正2,100,0,100,統一,2023-08-21,5850
3680,家登,144,44,100,統一,2023-08-21,5850
2332,友訊,297,199,98,統一,2023-08-21,5850
2633,台灣高鐵,92,2,90,統一,2023-08-21,5850
6108,競國,148,60,88,統一,2023-08-21,5850
2376,技嘉,172,85,87,統一,2023-08-21,5850
00929,復華台灣科技優息,87,0,87,統一,2023-08-21,5850
2371,大同,93,13,80,統一,2023-08-21,5850
5388,中磊,112,33,79,統一,2023-08-21,5850
3037,欣興,115,37,78,統一,2023-08-21,5850
4763,材料-KY,118,40,78,統一,2023-08-21,5850
00679B,元大美債20年,75,0,75,統一,2023-08-21,5850
3583,辛耘,112,37,75,統一,2023-08-21,5850
3324,雙鴻,141,70,71,統一,2023-08-21,5850
1513,中興電,205,134,71,統一,2023-08-21,5850
1907,永豐餘,72,3,69,統一,2023-08-21,5850
1760,寶齡富錦,94,30,64,統一,2023-08-21,5850
3689,湧德,66,9,57,統一,2023-08-21,5850
00722B,群益投資級電信債,858,802,56,統一,2023-08-21,5850
9904,寶成,74,20,54,統一,2023-08-21,5850
6275,元山,52,0,52,統一,2023-08-21,5850
3071,協禧,1605,18,1587,統一,2023-08-22,5850
2376,技嘉,2515,1583,932,統一,2023-08-22,5850
2363,矽統,1924,1213,711,統一,2023-08-22,5850
2610,華航,842,173,669,統一,2023-08-22,5850
5876,上海商銀,608,8,600,統一,2023-08-22,5850
4306,炎洲,401,0,401,統一,2023-08-22,5850
6213,聯茂,391,41,350,統一,2023-08-22,5850
3042,晶技,326,12,314,統一,2023-08-22,5850
6592,和潤企業,279,1,278,統一,2023-08-22,5850
00712,復華富時不動產,272,5,267,統一,2023-08-22,5850
2345,智邦,448,185,263,統一,2023-08-22,5850
2603,長榮,321,74,247,統一,2023-08-22,5850
3044,健鼎,468,224,244,統一,2023-08-22,5850
2301,光寶科,674,445,229,統一,2023-08-22,5850
1471,首利,196,15,181,統一,2023-08-22,5850
3483,力致,685,507,178,統一,2023-08-22,5850
3564,其陽,174,0,174,統一,2023-08-22,5850
00706L,期元大S＆P日圓正2,174,1,173,統一,2023-08-22,5850
3324,雙鴻,210,37,173,統一,2023-08-22,5850
1477,聚陽,141,10,131,統一,2023-08-22,5850
3680,家登,178,53,125,統一,2023-08-22,5850
6829,千附精密,140,20,120,統一,2023-08-22,5850
1519,華城,1208,1091,117,統一,2023-08-22,5850
00637L,元大滬深300正2,132,15,117,統一,2023-08-22,5850
00772B,中信高評級公司債,118,11,107,統一,2023-08-22,5850
6643,M31,109,5,104,統一,2023-08-22,5850
3035,智原,224,122,102,統一,2023-08-22,5850
2705,六福,100,0,100,統一,2023-08-22,5850
2308,台達電,103,5,98,統一,2023-08-22,5850
00850,元大臺灣ESG永續,242,152,90,統一,2023-08-22,5850
2330,台積電,122,39,83,統一,2023-08-22,5850
8086,宏捷科,222,141,81,統一,2023-08-22,5850
4766,南寶,77,1,76,統一,2023-08-22,5850
2634,漢翔,176,104,72,統一,2023-08-22,5850
00773B,中信優先金融債,69,0,69,統一,2023-08-22,5850
00665L,富邦�琤肭磪囓�2,65,0,65,統一,2023-08-22,5850
3231,緯創,1164,1103,61,統一,2023-08-22,5850
3443,創意,77,16,61,統一,2023-08-22,5850
6603,富強鑫,60,0,60,統一,2023-08-22,5850
1907,永豐餘,69,9,60,統一,2023-08-22,5850
6163,華電網,53,0,53,統一,2023-08-22,5850
8213,志超,53,0,53,統一,2023-08-22,5850
3032,偉訓,69,20,49,統一,2023-08-22,5850
1773,勝一,46,0,46,統一,2023-08-22,5850
4542,科嶠,53,8,45,統一,2023-08-22,5850
00680L,元大美債20正2,41,0,41,統一,2023-08-22,5850
00695B,富邦美債7-10,88,50,38,統一,2023-08-22,5850
2516,新建,39,1,38,統一,2023-08-22,5850
00795B,中信美國公債20年,33,0,33,統一,2023-08-22,5850
1582,信錦,33,0,33,統一,2023-08-22,5850
2449,京元電子,9341,161,9180,統一,2023-08-23,5850
2485,兆赫,7278,1773,5505,統一,2023-08-23,5850
3051,力特,1778,768,1010,統一,2023-08-23,5850
2363,矽統,974,315,659,統一,2023-08-23,5850
2357,華碩,695,81,614,統一,2023-08-23,5850
3231,緯創,1011,561,450,統一,2023-08-23,5850
6285,啟��,410,36,374,統一,2023-08-23,5850
2634,漢翔,803,443,360,統一,2023-08-23,5850
2609,陽明,576,252,324,統一,2023-08-23,5850
3017,奇鋐,317,26,291,統一,2023-08-23,5850
3260,威剛,217,10,207,統一,2023-08-23,5850
1905,華紙,280,79,201,統一,2023-08-23,5850
2388,威盛,334,137,197,統一,2023-08-23,5850
2368,金像電,250,55,195,統一,2023-08-23,5850
3362,先進光,195,7,188,統一,2023-08-23,5850
2402,毅嘉,157,33,124,統一,2023-08-23,5850
2308,台達電,134,11,123,統一,2023-08-23,5850
1722,台肥,127,5,122,統一,2023-08-23,5850
2603,長榮,239,118,121,統一,2023-08-23,5850
1305,華夏,120,0,120,統一,2023-08-23,5850
1477,聚陽,193,81,112,統一,2023-08-23,5850
1471,首利,308,196,112,統一,2023-08-23,5850
3706,神達,157,46,111,統一,2023-08-23,5850
1904,正隆,122,13,109,統一,2023-08-23,5850
3043,科風,123,14,109,統一,2023-08-23,5850
00701,國泰股利精選30,107,0,107,統一,2023-08-23,5850
1737,臺鹽,110,6,104,統一,2023-08-23,5850
2355,敬鵬,119,16,103,統一,2023-08-23,5850
2440,太空梭,103,1,102,統一,2023-08-23,5850
00706L,期元大S＆P日圓正2,100,1,99,統一,2023-08-23,5850
2367,燿華,100,2,98,統一,2023-08-23,5850
2383,台光電,185,89,96,統一,2023-08-23,5850
6167,久正,118,24,94,統一,2023-08-23,5850
3325,旭品,140,47,93,統一,2023-08-23,5850
2376,技嘉,197,106,91,統一,2023-08-23,5850
2002,中鋼,130,39,91,統一,2023-08-23,5850
00878,國泰永續高股息,112,25,87,統一,2023-08-23,5850
2356,英業達,155,74,81,統一,2023-08-23,5850
3264,欣銓,89,8,81,統一,2023-08-23,5850
2340,台亞,94,16,78,統一,2023-08-23,5850
2419,仲琦,108,30,78,統一,2023-08-23,5850
8027,鈦昇,92,14,78,統一,2023-08-23,5850
00712,復華富時不動產,65,0,65,統一,2023-08-23,5850
020025,統一亞洲半導體N,63,0,63,統一,2023-08-23,5850
1504,東元,72,9,63,統一,2023-08-23,5850
1907,永豐餘,61,1,60,統一,2023-08-23,5850
00713,元大台灣高息低波,56,1,55,統一,2023-08-23,5850
2705,六福,55,0,55,統一,2023-08-23,5850
2353,宏��,64,9,55,統一,2023-08-23,5850
1326,台化,65,12,53,統一,2023-08-23,5850
2485,兆赫,7323,2559,4764,統一,2023-08-24,5850
00878,國泰永續高股息,1679,79,1600,統一,2023-08-24,5850
2886,兆豐金,1539,12,1527,統一,2023-08-24,5850
8222,寶一,1529,17,1512,統一,2023-08-24,5850
2301,光寶科,1579,613,966,統一,2023-08-24,5850
2634,漢翔,1818,885,933,統一,2023-08-24,5850
6829,千附精密,839,29,810,統一,2023-08-24,5850
2382,廣達,2752,1952,800,統一,2023-08-24,5850
2357,華碩,804,183,621,統一,2023-08-24,5850
1519,華城,647,112,535,統一,2023-08-24,5850
6274,台燿,667,219,448,統一,2023-08-24,5850
1513,中興電,548,128,420,統一,2023-08-24,5850
2303,聯電,474,65,409,統一,2023-08-24,5850
00881,國泰台灣5G+,424,23,401,統一,2023-08-24,5850
4938,和碩,452,51,401,統一,2023-08-24,5850
3051,力特,1581,1213,368,統一,2023-08-24,5850
3044,健鼎,514,199,315,統一,2023-08-24,5850
2345,智邦,807,496,311,統一,2023-08-24,5850
00757,統一FANG+,492,206,286,統一,2023-08-24,5850
1477,聚陽,387,115,272,統一,2023-08-24,5850
3260,威剛,328,59,269,統一,2023-08-24,5850
2891,中信金,272,6,266,統一,2023-08-24,5850
00701,國泰股利精選30,249,0,249,統一,2023-08-24,5850
1504,東元,280,76,204,統一,2023-08-24,5850
00885,富邦越南,190,0,190,統一,2023-08-24,5850
00706L,期元大S＆P日圓正2,180,0,180,統一,2023-08-24,5850
6213,聯茂,181,15,166,統一,2023-08-24,5850
2603,長榮,211,47,164,統一,2023-08-24,5850
3324,雙鴻,209,58,151,統一,2023-08-24,5850
2332,友訊,378,227,151,統一,2023-08-24,5850
2371,大同,173,33,140,統一,2023-08-24,5850
3017,奇鋐,257,118,139,統一,2023-08-24,5850
2331,精英,511,374,137,統一,2023-08-24,5850
2344,華邦電,192,56,136,統一,2023-08-24,5850
00847B,中信美國市政債,150,25,125,統一,2023-08-24,5850
2367,燿華,127,3,124,統一,2023-08-24,5850
4763,材料-KY,179,56,123,統一,2023-08-24,5850
3037,欣興,261,139,122,統一,2023-08-24,5850
3362,先進光,125,8,117,統一,2023-08-24,5850
2645,長榮航太,175,64,111,統一,2023-08-24,5850
3704,合勤控,146,35,111,統一,2023-08-24,5850
2888,新光金,137,34,103,統一,2023-08-24,5850
1584,精剛,105,4,101,統一,2023-08-24,5850
2610,華航,523,425,98,統一,2023-08-24,5850
2913,農林,100,3,97,統一,2023-08-24,5850
00719B,元大美債1-3,221,125,96,統一,2023-08-24,5850
5381,合正,105,11,94,統一,2023-08-24,5850
00679B,元大美債20年,192,100,92,統一,2023-08-24,5850
3443,創意,117,26,91,統一,2023-08-24,5850
2705,六福,90,0,90,統一,2023-08-24,5850
00664R,國泰臺灣加權反1,2697,0,2697,統一,2023-08-25,5850
3711,日月光投控,1929,88,1841,統一,2023-08-25,5850
2388,威盛,706,86,620,統一,2023-08-25,5850
3702,大聯大,507,0,507,統一,2023-08-25,5850
6170,統振,565,64,501,統一,2023-08-25,5850
2337,旺宏,495,5,490,統一,2023-08-25,5850
3715,定穎投控,684,268,416,統一,2023-08-25,5850
6191,精成科,442,38,404,統一,2023-08-25,5850
2313,華通,395,2,393,統一,2023-08-25,5850
2330,台積電,452,96,356,統一,2023-08-25,5850
8112,至上,416,66,350,統一,2023-08-25,5850
3264,欣銓,364,19,345,統一,2023-08-25,5850
2615,萬海,392,56,336,統一,2023-08-25,5850
6147,頎邦,318,5,313,統一,2023-08-25,5850
2633,台灣高鐵,302,1,301,統一,2023-08-25,5850
2303,聯電,432,150,282,統一,2023-08-25,5850
3289,宜特,333,61,272,統一,2023-08-25,5850
00878,國泰永續高股息,273,13,260,統一,2023-08-25,5850
3044,健鼎,415,163,252,統一,2023-08-25,5850
00706L,期元大S＆P日圓正2,211,0,211,統一,2023-08-25,5850
6176,瑞儀,186,8,178,統一,2023-08-25,5850
00857B,永豐20年美公債,175,1,174,統一,2023-08-25,5850
5388,中磊,157,5,152,統一,2023-08-25,5850
3596,智易,162,24,138,統一,2023-08-25,5850
2419,仲琦,157,21,136,統一,2023-08-25,5850
1477,聚陽,199,64,135,統一,2023-08-25,5850
3014,聯陽,134,2,132,統一,2023-08-25,5850
2888,新光金,194,65,129,統一,2023-08-25,5850
2748,雲品,139,15,124,統一,2023-08-25,5850
00881,國泰台灣5G+,121,0,121,統一,2023-08-25,5850
3489,森寶,114,0,114,統一,2023-08-25,5850
4919,新唐,122,9,113,統一,2023-08-25,5850
5483,中美晶,123,19,104,統一,2023-08-25,5850
00908,富邦入息REITs+,101,0,101,統一,2023-08-25,5850
0056,元大高股息,106,8,98,統一,2023-08-25,5850
00789B,復華公司債A3,102,15,87,統一,2023-08-25,5850
1605,華新,132,46,86,統一,2023-08-25,5850
3306,鼎天,108,22,86,統一,2023-08-25,5850
2436,偉詮電,88,4,84,統一,2023-08-25,5850
8016,矽創,122,39,83,統一,2023-08-25,5850
6285,啟��,178,100,78,統一,2023-08-25,5850
1609,大亞,259,181,78,統一,2023-08-25,5850
00893,國泰智能電動車,77,0,77,統一,2023-08-25,5850
2357,華碩,183,106,77,統一,2023-08-25,5850
4763,材料-KY,130,55,75,統一,2023-08-25,5850
2486,一詮,89,17,72,統一,2023-08-25,5850
6117,迎廣,73,6,67,統一,2023-08-25,5850
00637L,元大滬深300正2,115,50,65,統一,2023-08-25,5850
2645,長榮航太,172,107,65,統一,2023-08-25,5850
6168,宏齊,80,17,63,統一,2023-08-25,5850
00632R,元大台灣50反1,8198,0,8198,統一,2023-08-28,5850
2630,亞航,2930,114,2816,統一,2023-08-28,5850
8222,寶一,2503,62,2441,統一,2023-08-28,5850
3715,定穎投控,1456,191,1265,統一,2023-08-28,5850
6829,千附精密,1029,44,985,統一,2023-08-28,5850
00664R,國泰臺灣加權反1,800,0,800,統一,2023-08-28,5850
1802,台玻,790,74,716,統一,2023-08-28,5850
6235,華孚,1014,532,482,統一,2023-08-28,5850
3034,聯詠,373,11,362,統一,2023-08-28,5850
00706L,期元大S＆P日圓正2,304,0,304,統一,2023-08-28,5850
00637L,元大滬深300正2,2143,1845,298,統一,2023-08-28,5850
00857B,永豐20年美公債,270,0,270,統一,2023-08-28,5850
00701,國泰股利精選30,258,0,258,統一,2023-08-28,5850
3711,日月光投控,404,159,245,統一,2023-08-28,5850
2355,敬鵬,374,142,232,統一,2023-08-28,5850
5222,全訊,222,8,214,統一,2023-08-28,5850
3163,波若威,382,176,206,統一,2023-08-28,5850
3045,台灣大,218,18,200,統一,2023-08-28,5850
4979,華星光,545,355,190,統一,2023-08-28,5850
2303,聯電,461,273,188,統一,2023-08-28,5850
2888,新光金,340,155,185,統一,2023-08-28,5850
1810,和成,308,125,183,統一,2023-08-28,5850
0050,元大台灣50,177,1,176,統一,2023-08-28,5850
2363,矽統,1198,1029,169,統一,2023-08-28,5850
2357,華碩,251,100,151,統一,2023-08-28,5850
2634,漢翔,1144,1016,128,統一,2023-08-28,5850
3035,智原,293,181,112,統一,2023-08-28,5850
2748,雲品,166,60,106,統一,2023-08-28,5850
3044,健鼎,313,207,106,統一,2023-08-28,5850
2883,凱基金,245,146,99,統一,2023-08-28,5850
2330,台積電,112,17,95,統一,2023-08-28,5850
1445,大宇,90,0,90,統一,2023-08-28,5850
4714,永捷,80,0,80,統一,2023-08-28,5850
2409,友達,91,14,77,統一,2023-08-28,5850
020030,統一智慧電動車N,79,16,63,統一,2023-08-28,5850
00929,復華台灣科技優息,85,22,63,統一,2023-08-28,5850
3443,創意,67,7,60,統一,2023-08-28,5850
8383,千附,60,0,60,統一,2023-08-28,5850
2454,聯發科,79,21,58,統一,2023-08-28,5850
2201,裕隆,94,37,57,統一,2023-08-28,5850
00772B,中信高評級公司債,75,20,55,統一,2023-08-28,5850
6223,旺矽,101,47,54,統一,2023-08-28,5850
8050,廣積,87,34,53,統一,2023-08-28,5850
1532,勤美,53,0,53,統一,2023-08-28,5850
3162,精確,50,0,50,統一,2023-08-28,5850
4961,天鈺,88,38,50,統一,2023-08-28,5850
2449,京元電子,128,78,50,統一,2023-08-28,5850
2705,六福,52,3,49,統一,2023-08-28,5850
1560,中砂,57,8,49,統一,2023-08-28,5850
3023,信邦,48,0,48,統一,2023-08-28,5850
00632R,元大台灣50反1,3053,0,3053,統一,2023-08-29,5850
4960,誠美材,1700,0,1700,統一,2023-08-29,5850
5222,全訊,651,56,595,統一,2023-08-29,5850
6213,聯茂,663,81,582,統一,2023-08-29,5850
3715,定穎投控,634,114,520,統一,2023-08-29,5850
3257,虹冠電,465,3,462,統一,2023-08-29,5850
2883,凱基金,400,0,400,統一,2023-08-29,5850
8069,元太,439,46,393,統一,2023-08-29,5850
2301,光寶科,473,104,369,統一,2023-08-29,5850
00636,國泰中國A50,365,0,365,統一,2023-08-29,5850
2436,偉詮電,384,92,292,統一,2023-08-29,5850
2610,華航,299,20,279,統一,2023-08-29,5850
6443,元晶,275,30,245,統一,2023-08-29,5850
8927,北基,203,1,202,統一,2023-08-29,5850
6117,迎廣,203,8,195,統一,2023-08-29,5850
3037,欣興,240,46,194,統一,2023-08-29,5850
2344,華邦電,199,17,182,統一,2023-08-29,5850
3653,健策,186,23,163,統一,2023-08-29,5850
2340,台亞,233,79,154,統一,2023-08-29,5850
2308,台達電,203,52,151,統一,2023-08-29,5850
1477,聚陽,190,53,137,統一,2023-08-29,5850
2201,裕隆,221,95,126,統一,2023-08-29,5850
020033,統一�琤肮黕篾,136,18,118,統一,2023-08-29,5850
3711,日月光投控,328,211,117,統一,2023-08-29,5850
5371,中光電,164,47,117,統一,2023-08-29,5850
3533,嘉澤,149,39,110,統一,2023-08-29,5850
1513,中興電,137,28,109,統一,2023-08-29,5850
3362,先進光,106,1,105,統一,2023-08-29,5850
4966,譜瑞-KY,108,5,103,統一,2023-08-29,5850
00881,國泰台灣5G+,104,5,99,統一,2023-08-29,5850
1449,佳和,99,0,99,統一,2023-08-29,5850
9958,世紀鋼,252,155,97,統一,2023-08-29,5850
2395,研華,90,0,90,統一,2023-08-29,5850
020025,統一亞洲半導體N,86,6,80,統一,2023-08-29,5850
1609,大亞,118,39,79,統一,2023-08-29,5850
6488,環球晶,83,5,78,統一,2023-08-29,5850
00789B,復華公司債A3,84,10,74,統一,2023-08-29,5850
1319,東陽,101,31,70,統一,2023-08-29,5850
3617,碩天,114,47,67,統一,2023-08-29,5850
2371,大同,78,11,67,統一,2023-08-29,5850
2206,三陽工業,84,17,67,統一,2023-08-29,5850
00878,國泰永續高股息,66,2,64,統一,2023-08-29,5850
1905,華紙,98,34,64,統一,2023-08-29,5850
4979,華星光,145,81,64,統一,2023-08-29,5850
2457,飛宏,113,51,62,統一,2023-08-29,5850
2101,南港,60,0,60,統一,2023-08-29,5850
2376,技嘉,427,368,59,統一,2023-08-29,5850
6104,創惟,75,17,58,統一,2023-08-29,5850
2383,台光電,90,33,57,統一,2023-08-29,5850
2455,全新,119,63,56,統一,2023-08-29,5850
6213,聯茂,7457,399,7058,統一,2023-08-30,5850
5225,東科-KY,1508,57,1451,統一,2023-08-30,5850
6547,高端疫苗,1258,29,1229,統一,2023-08-30,5850
2303,聯電,1101,59,1042,統一,2023-08-30,5850
2883,凱基金,533,18,515,統一,2023-08-30,5850
3231,緯創,969,472,497,統一,2023-08-30,5850
2313,華通,583,101,482,統一,2023-08-30,5850
2337,旺宏,1076,622,454,統一,2023-08-30,5850
00706L,期元大S＆P日圓正2,451,20,431,統一,2023-08-30,5850
2891,中信金,365,10,355,統一,2023-08-30,5850
2308,台達電,334,22,312,統一,2023-08-30,5850
1802,台玻,303,31,272,統一,2023-08-30,5850
4584,君帆,250,0,250,統一,2023-08-30,5850
3260,威剛,313,80,233,統一,2023-08-30,5850
5274,信驊,206,1,205,統一,2023-08-30,5850
6235,華孚,377,191,186,統一,2023-08-30,5850
3710,連展投控,183,0,183,統一,2023-08-30,5850
2409,友達,232,61,171,統一,2023-08-30,5850
4979,華星光,325,156,169,統一,2023-08-30,5850
2390,云辰,169,1,168,統一,2023-08-30,5850
8358,金居,320,152,168,統一,2023-08-30,5850
2886,兆豐金,173,5,168,統一,2023-08-30,5850
2885,元大金,261,101,160,統一,2023-08-30,5850
8299,群聯,172,15,157,統一,2023-08-30,5850
2330,台積電,172,18,154,統一,2023-08-30,5850
2748,雲品,172,23,149,統一,2023-08-30,5850
2368,金像電,308,162,146,統一,2023-08-30,5850
4147,中裕,166,25,141,統一,2023-08-30,5850
8086,宏捷科,131,14,117,統一,2023-08-30,5850
00715L,期街口布蘭特正2,127,10,117,統一,2023-08-30,5850
3702,大聯大,117,5,112,統一,2023-08-30,5850
1609,大亞,209,97,112,統一,2023-08-30,5850
1319,東陽,208,111,97,統一,2023-08-30,5850
3653,健策,111,14,97,統一,2023-08-30,5850
0050,元大台灣50,163,70,93,統一,2023-08-30,5850
2367,燿華,140,49,91,統一,2023-08-30,5850
3078,僑威,136,45,91,統一,2023-08-30,5850
00637L,元大滬深300正2,96,5,91,統一,2023-08-30,5850
6170,統振,89,1,88,統一,2023-08-30,5850
3035,智原,357,270,87,統一,2023-08-30,5850
6799,來頡,96,10,86,統一,2023-08-30,5850
2377,微星,91,13,78,統一,2023-08-30,5850
3481,群創,163,86,77,統一,2023-08-30,5850
00726B,國泰新興投等債,77,0,77,統一,2023-08-30,5850
2392,正崴,115,40,75,統一,2023-08-30,5850
2449,京元電子,95,21,74,統一,2023-08-30,5850
3217,優群,97,26,71,統一,2023-08-30,5850
0056,元大高股息,82,13,69,統一,2023-08-30,5850
1303,南亞,68,0,68,統一,2023-08-30,5850
3017,奇鋐,124,62,62,統一,2023-08-30,5850
3715,定穎投控,2096,427,1669,統一,2023-08-31,5850
3231,緯創,3484,1978,1506,統一,2023-08-31,5850
00706L,期元大S＆P日圓正2,720,0,720,統一,2023-08-31,5850
4979,華星光,639,49,590,統一,2023-08-31,5850
2363,矽統,679,117,562,統一,2023-08-31,5850
2409,友達,576,24,552,統一,2023-08-31,5850
2356,英業達,733,189,544,統一,2023-08-31,5850
6285,啟��,504,72,432,統一,2023-08-31,5850
2313,華通,556,153,403,統一,2023-08-31,5850
2801,彰銀,372,5,367,統一,2023-08-31,5850
2607,榮運,350,0,350,統一,2023-08-31,5850
3260,威剛,569,234,335,統一,2023-08-31,5850
4147,中裕,366,33,333,統一,2023-08-31,5850
2402,毅嘉,1502,1171,331,統一,2023-08-31,5850
2641,正德,310,0,310,統一,2023-08-31,5850
2367,燿華,368,84,284,統一,2023-08-31,5850
2603,長榮,338,57,281,統一,2023-08-31,5850
2704,國賓,282,1,281,統一,2023-08-31,5850
2382,廣達,403,126,277,統一,2023-08-31,5850
1326,台化,772,515,257,統一,2023-08-31,5850
2027,大成鋼,274,23,251,統一,2023-08-31,5850
2615,萬海,295,48,247,統一,2023-08-31,5850
3045,台灣大,226,8,218,統一,2023-08-31,5850
2634,漢翔,288,108,180,統一,2023-08-31,5850
2317,鴻海,190,12,178,統一,2023-08-31,5850
3227,原相,167,1,166,統一,2023-08-31,5850
1102,亞泥,170,5,165,統一,2023-08-31,5850
1504,東元,178,16,162,統一,2023-08-31,5850
3362,先進光,158,1,157,統一,2023-08-31,5850
1584,精剛,161,4,157,統一,2023-08-31,5850
2330,台積電,174,20,154,統一,2023-08-31,5850
8050,廣積,184,36,148,統一,2023-08-31,5850
9939,宏全,150,3,147,統一,2023-08-31,5850
2633,台灣高鐵,156,10,146,統一,2023-08-31,5850
2884,玉山金,186,40,146,統一,2023-08-31,5850
1216,統一,147,1,146,統一,2023-08-31,5850
3675,德微,150,8,142,統一,2023-08-31,5850
3548,兆利,202,60,142,統一,2023-08-31,5850
2371,大同,136,5,131,統一,2023-08-31,5850
1522,堤維西,133,3,130,統一,2023-08-31,5850
1605,華新,212,82,130,統一,2023-08-31,5850
00637L,元大滬深300正2,121,0,121,統一,2023-08-31,5850
6605,帝寶,135,17,118,統一,2023-08-31,5850
2645,長榮航太,202,86,116,統一,2023-08-31,5850
2511,太子,116,0,116,統一,2023-08-31,5850
2890,永豐金,112,1,111,統一,2023-08-31,5850
1402,遠東新,126,17,109,統一,2023-08-31,5850
3035,智原,164,57,107,統一,2023-08-31,5850
3680,家登,140,35,105,統一,2023-08-31,5850
2457,飛宏,132,28,104,統一,2023-08-31,5850
2344,華邦電,4204,171,4033,統一,2023-09-01,5850
1102,亞泥,1100,5,1095,統一,2023-09-01,5850
3260,威剛,1182,172,1010,統一,2023-09-01,5850
2886,兆豐金,1002,2,1000,統一,2023-09-01,5850
020031,統一IC設計臺灣N,951,8,943,統一,2023-09-01,5850
00715L,期街口布蘭特正2,921,0,921,統一,2023-09-01,5850
1402,遠東新,880,9,871,統一,2023-09-01,5850
2618,長榮航,884,297,587,統一,2023-09-01,5850
00932,兆豐永續高息等權,674,100,574,統一,2023-09-01,5850
2201,裕隆,699,186,513,統一,2023-09-01,5850
2610,華航,574,170,404,統一,2023-09-01,5850
2888,新光金,390,30,360,統一,2023-09-01,5850
3081,聯亞,269,21,248,統一,2023-09-01,5850
1326,台化,243,5,238,統一,2023-09-01,5850
4909,新復興,231,9,222,統一,2023-09-01,5850
3035,智原,487,268,219,統一,2023-09-01,5850
2340,台亞,246,28,218,統一,2023-09-01,5850
2409,友達,238,43,195,統一,2023-09-01,5850
6282,康舒,207,14,193,統一,2023-09-01,5850
2492,華新科,882,695,187,統一,2023-09-01,5850
00706L,期元大S＆P日圓正2,176,0,176,統一,2023-09-01,5850
0056,元大高股息,173,2,171,統一,2023-09-01,5850
00876,元大全球5G,170,0,170,統一,2023-09-01,5850
2371,大同,177,11,166,統一,2023-09-01,5850
2331,精英,295,144,151,統一,2023-09-01,5850
2006,東和鋼鐵,150,0,150,統一,2023-09-01,5850
6592,和潤企業,150,1,149,統一,2023-09-01,5850
2360,致茂,145,1,144,統一,2023-09-01,5850
8155,博智,141,0,141,統一,2023-09-01,5850
5381,合正,258,117,141,統一,2023-09-01,5850
1586,和勤,140,0,140,統一,2023-09-01,5850
3481,群創,161,27,134,統一,2023-09-01,5850
3105,穩懋,223,95,128,統一,2023-09-01,5850
5222,全訊,128,4,124,統一,2023-09-01,5850
2330,台積電,140,21,119,統一,2023-09-01,5850
6274,台燿,293,179,114,統一,2023-09-01,5850
2204,中華,216,102,114,統一,2023-09-01,5850
00878,國泰永續高股息,135,25,110,統一,2023-09-01,5850
2369,菱生,153,44,109,統一,2023-09-01,5850
9919,康那香,156,48,108,統一,2023-09-01,5850
2634,漢翔,226,120,106,統一,2023-09-01,5850
00632R,元大台灣50反1,100,0,100,統一,2023-09-01,5850
8069,元太,103,15,88,統一,2023-09-01,5850
8086,宏捷科,123,37,86,統一,2023-09-01,5850
3004,豐達科,85,2,83,統一,2023-09-01,5850
5009,榮剛,164,86,78,統一,2023-09-01,5850
2327,國巨,126,47,79,統一,2023-09-01,5850
4188,安克,75,0,75,統一,2023-09-01,5850
00919,群益台灣精選高息,128,57,71,統一,2023-09-01,5850
2357,華碩,75,7,68,統一,2023-09-01,5850
00830,國泰費城半導體,1600,0,1600,統一,2023-09-04,5850
2241,艾姆勒,1053,92,961,統一,2023-09-04,5850
00706L,期元大S＆P日圓正2,669,0,669,統一,2023-09-04,5850
2201,裕隆,1188,668,520,統一,2023-09-04,5850
00902,中信電池及儲能,501,3,498,統一,2023-09-04,5850
2301,光寶科,568,103,465,統一,2023-09-04,5850
00715L,期街口布蘭特正2,418,2,416,統一,2023-09-04,5850
3264,欣銓,409,40,369,統一,2023-09-04,5850
1605,華新,584,255,329,統一,2023-09-04,5850
6239,力成,326,0,326,統一,2023-09-04,5850
2353,宏��,400,91,309,統一,2023-09-04,5850
00876,元大全球5G,300,0,300,統一,2023-09-04,5850
6274,台燿,506,229,277,統一,2023-09-04,5850
1301,台塑,271,1,270,統一,2023-09-04,5850
2385,群光,273,19,254,統一,2023-09-04,5850
00662,富邦NASDAQ,250,0,250,統一,2023-09-04,5850
5457,宣德,259,13,246,統一,2023-09-04,5850
4938,和碩,246,8,238,統一,2023-09-04,5850
6176,瑞儀,248,12,236,統一,2023-09-04,5850
2368,金像電,283,48,235,統一,2023-09-04,5850
6285,啟��,269,46,223,統一,2023-09-04,5850
2358,廷鑫,248,28,220,統一,2023-09-04,5850
3163,波若威,417,200,217,統一,2023-09-04,5850
2455,全新,310,94,216,統一,2023-09-04,5850
00795B,中信美國公債20年,203,0,203,統一,2023-09-04,5850
3189,景碩,212,13,199,統一,2023-09-04,5850
2308,台達電,214,19,195,統一,2023-09-04,5850
4958,臻鼎-KY,196,5,191,統一,2023-09-04,5850
020030,統一智慧電動車N,193,11,182,統一,2023-09-04,5850
1616,億泰,175,0,175,統一,2023-09-04,5850
0050,元大台灣50,175,1,174,統一,2023-09-04,5850
1303,南亞,175,0,175,統一,2023-09-04,5850
3711,日月光投控,263,92,171,統一,2023-09-04,5850
2356,英業達,195,33,162,統一,2023-09-04,5850
2634,漢翔,532,381,151,統一,2023-09-04,5850
3622,洋華,194,44,150,統一,2023-09-04,5850
9950,萬國通,137,0,137,統一,2023-09-04,5850
3483,力致,130,8,122,統一,2023-09-04,5850
9929,秋雨,120,0,120,統一,2023-09-04,5850
3596,智易,183,65,118,統一,2023-09-04,5850
2412,中華電,163,51,112,統一,2023-09-04,5850
1609,大亞,282,170,112,統一,2023-09-04,5850
2883,凱基金,106,1,105,統一,2023-09-04,5850
5210,寶碩,104,0,104,統一,2023-09-04,5850
2515,中工,102,0,102,統一,2023-09-04,5850
00632R,元大台灣50反1,101,0,101,統一,2023-09-04,5850
00696B,富邦美債20年,850,750,100,統一,2023-09-04,5850
1210,大成,111,13,98,統一,2023-09-04,5850
1216,統一,105,7,98,統一,2023-09-04,5850
2409,友達,303,205,98,統一,2023-09-04,5850
6274,台燿,1927,457,1470,統一,2023-09-05,5850
8358,金居,1573,524,1049,統一,2023-09-05,5850
3548,兆利,1154,131,1023,統一,2023-09-05,5850
3264,欣銓,806,161,645,統一,2023-09-05,5850
4961,天鈺,810,219,591,統一,2023-09-05,5850
2337,旺宏,675,139,536,統一,2023-09-05,5850
3715,定穎投控,1033,521,512,統一,2023-09-05,5850
00715L,期街口布蘭特正2,493,0,493,統一,2023-09-05,5850
3035,智原,648,166,482,統一,2023-09-05,5850
2609,陽明,562,105,457,統一,2023-09-05,5850
00929,復華台灣科技優息,384,16,368,統一,2023-09-05,5850
9802,鈺齊-KY,381,15,366,統一,2023-09-05,5850
1605,華新,435,91,344,統一,2023-09-05,5850
2603,長榮,461,134,327,統一,2023-09-05,5850
2340,台亞,437,117,320,統一,2023-09-05,5850
6176,瑞儀,326,14,312,統一,2023-09-05,5850
6271,同欣電,308,11,297,統一,2023-09-05,5850
2331,精英,393,114,279,統一,2023-09-05,5850
2356,英業達,645,366,279,統一,2023-09-05,5850
3044,健鼎,526,255,271,統一,2023-09-05,5850
8046,南電,271,31,240,統一,2023-09-05,5850
2383,台光電,317,79,238,統一,2023-09-05,5850
00830,國泰費城半導體,236,0,236,統一,2023-09-05,5850
2330,台積電,317,99,218,統一,2023-09-05,5850
8016,矽創,294,76,218,統一,2023-09-05,5850
3702,大聯大,200,3,197,統一,2023-09-05,5850
2634,漢翔,326,164,162,統一,2023-09-05,5850
6125,廣運,193,31,162,統一,2023-09-05,5850
2313,華通,213,51,162,統一,2023-09-05,5850
3592,瑞鼎,166,7,159,統一,2023-09-05,5850
2317,鴻海,224,65,159,統一,2023-09-05,5850
5381,合正,455,296,159,統一,2023-09-05,5850
9939,宏全,152,0,152,統一,2023-09-05,5850
3324,雙鴻,282,136,146,統一,2023-09-05,5850
2401,凌陽,413,285,128,統一,2023-09-05,5850
2201,裕隆,376,252,124,統一,2023-09-05,5850
4968,立積,138,16,122,統一,2023-09-05,5850
00706L,期元大S＆P日圓正2,271,150,121,統一,2023-09-05,5850
00637L,元大滬深300正2,121,1,120,統一,2023-09-05,5850
3362,先進光,128,17,111,統一,2023-09-05,5850
4979,華星光,130,22,108,統一,2023-09-05,5850
00918,大華優利高填息30,107,1,106,統一,2023-09-05,5850
6282,康舒,322,217,105,統一,2023-09-05,5850
00795B,中信美國公債20年,104,0,104,統一,2023-09-05,5850
00712,復華富時不動產,102,4,98,統一,2023-09-05,5850
2358,廷鑫,193,95,98,統一,2023-09-05,5850
6121,新普,103,6,97,統一,2023-09-05,5850
2355,敬鵬,153,57,96,統一,2023-09-05,5850
4919,新唐,122,27,95,統一,2023-09-05,5850
5371,中光電,122,28,94,統一,2023-09-05,5850
00885,富邦越南,925,1,924,統一,2023-09-06,5850
2313,華通,9053,8189,864,統一,2023-09-06,5850
3042,晶技,861,120,741,統一,2023-09-06,5850
2382,廣達,819,186,633,統一,2023-09-06,5850
2891,中信金,558,11,547,統一,2023-09-06,5850
1402,遠東新,521,7,514,統一,2023-09-06,5850
00662,富邦NASDAQ,390,0,390,統一,2023-09-06,5850
00715L,期街口布蘭特正2,386,5,381,統一,2023-09-06,5850
2376,技嘉,441,98,343,統一,2023-09-06,5850
00706L,期元大S＆P日圓正2,457,150,307,統一,2023-09-06,5850
00929,復華台灣科技優息,259,17,242,統一,2023-09-06,5850
2383,台光電,379,152,227,統一,2023-09-06,5850
2364,倫飛,708,492,216,統一,2023-09-06,5850
1301,台塑,210,7,203,統一,2023-09-06,5850
3006,晶豪科,228,35,193,統一,2023-09-06,5850
3035,智原,395,209,186,統一,2023-09-06,5850
6257,矽格,165,0,165,統一,2023-09-06,5850
2371,大同,269,122,147,統一,2023-09-06,5850
8150,南茂,153,7,146,統一,2023-09-06,5850
6285,啟��,279,137,142,統一,2023-09-06,5850
2301,光寶科,207,70,137,統一,2023-09-06,5850
8147,正淩,142,6,136,統一,2023-09-06,5850
6213,聯茂,300,166,134,統一,2023-09-06,5850
3704,合勤控,186,54,132,統一,2023-09-06,5850
6282,康舒,194,63,131,統一,2023-09-06,5850
3209,全科,129,0,129,統一,2023-09-06,5850
8163,達方,128,1,127,統一,2023-09-06,5850
3596,智易,217,97,120,統一,2023-09-06,5850
1609,大亞,137,25,112,統一,2023-09-06,5850
2201,裕隆,136,33,103,統一,2023-09-06,5850
00665L,富邦�琤肭磪囓�2,102,0,102,統一,2023-09-06,5850
2485,兆赫,374,273,101,統一,2023-09-06,5850
3017,奇鋐,136,35,101,統一,2023-09-06,5850
5302,太欣,197,100,97,統一,2023-09-06,5850
2885,元大金,103,6,97,統一,2023-09-06,5850
6170,統振,330,234,96,統一,2023-09-06,5850
3078,僑威,179,87,92,統一,2023-09-06,5850
0050,元大台灣50,90,0,90,統一,2023-09-06,5850
3265,台星科,90,3,87,統一,2023-09-06,5850
6209,今國光,85,0,85,統一,2023-09-06,5850
00680L,元大美債20正2,82,1,81,統一,2023-09-06,5850
3338,泰碩,101,21,80,統一,2023-09-06,5850
4979,華星光,150,71,79,統一,2023-09-06,5850
2103,台橡,78,0,78,統一,2023-09-06,5850
6206,飛捷,78,1,77,統一,2023-09-06,5850
8261,富鼎,194,118,76,統一,2023-09-06,5850
6269,台郡,75,0,75,統一,2023-09-06,5850
6114,久威,65,0,65,統一,2023-09-06,5850
2641,正德,70,6,64,統一,2023-09-06,5850
4908,前鼎,88,25,63,統一,2023-09-06,5850
2382,廣達,1065,356,709,統一,2023-09-07,5850
00885,富邦越南,630,10,620,統一,2023-09-07,5850
5344,立衛,499,2,497,統一,2023-09-07,5850
00706L,期元大S＆P日圓正2,490,0,490,統一,2023-09-07,5850
4967,十銓,463,82,381,統一,2023-09-07,5850
2641,正德,380,10,370,統一,2023-09-07,5850
6271,同欣電,382,57,325,統一,2023-09-07,5850
2883,凱基金,309,9,300,統一,2023-09-07,5850
3711,日月光投控,691,393,298,統一,2023-09-07,5850
00929,復華台灣科技優息,511,220,291,統一,2023-09-07,5850
3163,波若威,749,484,265,統一,2023-09-07,5850
3260,威剛,517,256,261,統一,2023-09-07,5850
3481,群創,426,184,242,統一,2023-09-07,5850
2385,群光,288,50,238,統一,2023-09-07,5850
2344,華邦電,262,34,228,統一,2023-09-07,5850
3207,耀勝,227,3,224,統一,2023-09-07,5850
3338,泰碩,237,36,201,統一,2023-09-07,5850
8358,金居,256,57,199,統一,2023-09-07,5850
2409,友達,269,74,195,統一,2023-09-07,5850
1618,合機,205,12,193,統一,2023-09-07,5850
020031,統一IC設計臺灣N,172,22,150,統一,2023-09-07,5850
00696B,富邦美債20年,883,750,133,統一,2023-09-07,5850
3324,雙鴻,283,153,130,統一,2023-09-07,5850
1402,遠東新,135,11,124,統一,2023-09-07,5850
2376,技嘉,398,278,120,統一,2023-09-07,5850
2324,仁寶,184,70,114,統一,2023-09-07,5850
3706,神達,137,29,108,統一,2023-09-07,5850
2201,裕隆,140,32,108,統一,2023-09-07,5850
8034,榮群,117,14,103,統一,2023-09-07,5850
2705,六福,101,0,101,統一,2023-09-07,5850
3088,艾訊,138,40,98,統一,2023-09-07,5850
3680,家登,151,53,98,統一,2023-09-07,5850
3479,安勤,119,23,96,統一,2023-09-07,5850
3037,欣興,111,17,94,統一,2023-09-07,5850
1907,永豐餘,94,2,92,統一,2023-09-07,5850
4123,晟德,97,10,87,統一,2023-09-07,5850
2408,南亞科,98,15,83,統一,2023-09-07,5850
00881,國泰台灣5G+,82,0,82,統一,2023-09-07,5850
3704,合勤控,354,273,81,統一,2023-09-07,5850
8147,正淩,100,20,80,統一,2023-09-07,5850
5351,鈺創,92,16,76,統一,2023-09-07,5850
4979,華星光,109,34,75,統一,2023-09-07,5850
00918,大華優利高填息30,75,5,70,統一,2023-09-07,5850
00671R,富邦NASDAQ反1,120,50,70,統一,2023-09-07,5850
6182,合晶,86,19,67,統一,2023-09-07,5850
2353,宏��,99,32,67,統一,2023-09-07,5850
2388,威盛,106,41,65,統一,2023-09-07,5850
2888,新光金,62,1,61,統一,2023-09-07,5850
6223,旺矽,87,30,57,統一,2023-09-07,5850
2383,台光電,99,43,56,統一,2023-09-07,5850
4960,誠美材,1422,0,1422,統一,2023-09-08,5850
8227,巨有科技,447,2,445,統一,2023-09-08,5850
2313,華通,704,278,426,統一,2023-09-08,5850
3264,欣銓,580,181,399,統一,2023-09-08,5850
3481,群創,370,78,292,統一,2023-09-08,5850
2382,廣達,792,547,245,統一,2023-09-08,5850
3702,大聯大,226,0,226,統一,2023-09-08,5850
3014,聯陽,358,145,213,統一,2023-09-08,5850
1305,華夏,313,121,192,統一,2023-09-08,5850
6414,樺漢,203,15,188,統一,2023-09-08,5850
00789B,復華公司債A3,193,10,183,統一,2023-09-08,5850
6753,龍德造船,189,6,183,統一,2023-09-08,5850
3592,瑞鼎,188,9,179,統一,2023-09-08,5850
8016,矽創,216,67,149,統一,2023-09-08,5850
1304,台聚,156,8,148,統一,2023-09-08,5850
1319,東陽,295,151,144,統一,2023-09-08,5850
2358,廷鑫,148,8,140,統一,2023-09-08,5850
2409,友達,140,1,139,統一,2023-09-08,5850
2405,輔信,197,61,136,統一,2023-09-08,5850
00696B,富邦美債20年,1102,973,129,統一,2023-09-08,5850
2388,威盛,229,105,124,統一,2023-09-08,5850
2241,艾姆勒,131,8,123,統一,2023-09-08,5850
2634,漢翔,378,267,111,統一,2023-09-08,5850
3163,波若威,157,50,107,統一,2023-09-08,5850
00715L,期街口布蘭特正2,102,0,102,統一,2023-09-08,5850
6121,新普,106,4,102,統一,2023-09-08,5850
2454,聯發科,108,8,100,統一,2023-09-08,5850
2317,鴻海,116,21,95,統一,2023-09-08,5850
6279,胡連,95,3,92,統一,2023-09-08,5850
3548,兆利,220,128,92,統一,2023-09-08,5850
0056,元大高股息,93,3,90,統一,2023-09-08,5850
2891,中信金,96,7,89,統一,2023-09-08,5850
1802,台玻,101,16,85,統一,2023-09-08,5850
4944,兆遠,92,7,85,統一,2023-09-08,5850
6703,軒郁,85,5,80,統一,2023-09-08,5850
2883,凱基金,82,3,79,統一,2023-09-08,5850
8299,群聯,155,80,75,統一,2023-09-08,5850
2884,玉山金,81,6,75,統一,2023-09-08,5850
2356,英業達,262,191,71,統一,2023-09-08,5850
00885,富邦越南,70,0,70,統一,2023-09-08,5850
00929,復華台灣科技優息,346,278,68,統一,2023-09-08,5850
0050,元大台灣50,63,2,61,統一,2023-09-08,5850
9958,世紀鋼,130,71,59,統一,2023-09-08,5850
1402,遠東新,63,6,57,統一,2023-09-08,5850
2890,永豐金,72,16,56,統一,2023-09-08,5850
2892,第一金,59,4,55,統一,2023-09-08,5850
3207,耀勝,57,2,55,統一,2023-09-08,5850
2630,亞航,605,551,54,統一,2023-09-08,5850
5880,合庫金,62,9,53,統一,2023-09-08,5850
6451,訊芯-KY,62,9,53,統一,2023-09-08,5850
2303,聯電,4022,73,3949,統一,2023-09-11,5850
2609,陽明,3471,52,3419,統一,2023-09-11,5850
00632R,元大台灣50反1,2100,288,1812,統一,2023-09-11,5850
2615,萬海,1293,22,1271,統一,2023-09-11,5850
2886,兆豐金,1058,24,1034,統一,2023-09-11,5850
3264,欣銓,1190,462,728,統一,2023-09-11,5850
1319,東陽,892,232,660,統一,2023-09-11,5850
2449,京元電子,673,49,624,統一,2023-09-11,5850
4960,誠美材,578,0,578,統一,2023-09-11,5850
2002,中鋼,533,12,521,統一,2023-09-11,5850
2352,佳世達,525,27,498,統一,2023-09-11,5850
2385,群光,452,2,450,統一,2023-09-11,5850
00706L,期元大S＆P日圓正2,570,130,440,統一,2023-09-11,5850
2404,漢唐,414,7,407,統一,2023-09-11,5850
4542,科嶠,446,61,385,統一,2023-09-11,5850
5009,榮剛,464,113,351,統一,2023-09-11,5850
2363,矽統,2272,1951,321,統一,2023-09-11,5850
2603,長榮,375,64,311,統一,2023-09-11,5850
3044,健鼎,435,135,300,統一,2023-09-11,5850
020030,統一智慧電動車N,267,11,256,統一,2023-09-11,5850
00864B,中信美國公債0-1,623,370,253,統一,2023-09-11,5850
2409,友達,368,116,252,統一,2023-09-11,5850
3034,聯詠,227,8,219,統一,2023-09-11,5850
8086,宏捷科,342,124,218,統一,2023-09-11,5850
3260,威剛,326,111,215,統一,2023-09-11,5850
00885,富邦越南,202,7,195,統一,2023-09-11,5850
0050,元大台灣50,191,11,180,統一,2023-09-11,5850
3715,定穎投控,781,603,178,統一,2023-09-11,5850
1326,台化,171,1,170,統一,2023-09-11,5850
2705,六福,156,0,156,統一,2023-09-11,5850
2025,千興,156,3,153,統一,2023-09-11,5850
2436,偉詮電,308,158,150,統一,2023-09-11,5850
6120,達運,148,0,148,統一,2023-09-11,5850
3481,群創,239,93,146,統一,2023-09-11,5850
4529,淳紳,151,10,141,統一,2023-09-11,5850
00881,國泰台灣5G+,139,0,139,統一,2023-09-11,5850
00719B,元大美債1-3,263,125,138,統一,2023-09-11,5850
6122,擎邦,159,21,138,統一,2023-09-11,5850
3548,兆利,265,133,132,統一,2023-09-11,5850
3045,台灣大,127,2,125,統一,2023-09-11,5850
9910,豐泰,152,34,118,統一,2023-09-11,5850
2317,鴻海,155,37,118,統一,2023-09-11,5850
2610,華航,361,248,113,統一,2023-09-11,5850
2383,台光電,309,197,112,統一,2023-09-11,5850
2634,漢翔,698,588,110,統一,2023-09-11,5850
00722B,群益投資級電信債,850,750,100,統一,2023-09-11,5850
2421,建準,180,84,96,統一,2023-09-11,5850
00696B,富邦美債20年,1050,960,90,統一,2023-09-11,5850
1471,首利,102,16,86,統一,2023-09-11,5850
3545,敦泰,125,39,86,統一,2023-09-11,5850
2538,基泰,1901,246,1655,統一,2023-09-12,5850
2382,廣達,1643,466,1177,統一,2023-09-12,5850
2313,華通,1777,603,1174,統一,2023-09-12,5850
00706L,期元大S＆P日圓正2,1120,0,1120,統一,2023-09-12,5850
00637L,元大滬深300正2,1000,10,990,統一,2023-09-12,5850
2891,中信金,960,4,956,統一,2023-09-12,5850
2603,長榮,1026,107,919,統一,2023-09-12,5850
2610,華航,1076,335,741,統一,2023-09-12,5850
2330,台積電,573,8,565,統一,2023-09-12,5850
3711,日月光投控,756,253,503,統一,2023-09-12,5850
1504,東元,526,43,483,統一,2023-09-12,5850
1522,堤維西,567,87,480,統一,2023-09-12,5850
2353,宏��,506,65,441,統一,2023-09-12,5850
00885,富邦越南,409,21,388,統一,2023-09-12,5850
3264,欣銓,517,136,381,統一,2023-09-12,5850
4915,致伸,446,73,373,統一,2023-09-12,5850
6147,頎邦,360,11,349,統一,2023-09-12,5850
2337,旺宏,358,28,330,統一,2023-09-12,5850
3037,欣興,434,131,303,統一,2023-09-12,5850
3260,威剛,780,479,301,統一,2023-09-12,5850
2303,聯電,1195,900,295,統一,2023-09-12,5850
6182,合晶,352,78,274,統一,2023-09-12,5850
00646,元大S＆P500,270,0,270,統一,2023-09-12,5850
3014,聯陽,290,21,269,統一,2023-09-12,5850
5371,中光電,292,26,266,統一,2023-09-12,5850
3704,合勤控,498,234,264,統一,2023-09-12,5850
2609,陽明,273,21,252,統一,2023-09-12,5850
3044,健鼎,433,185,248,統一,2023-09-12,5850
6176,瑞儀,299,51,248,統一,2023-09-12,5850
4552,力達-KY,277,40,237,統一,2023-09-12,5850
2352,佳世達,258,34,224,統一,2023-09-12,5850
2816,旺旺保,230,15,215,統一,2023-09-12,5850
1339,昭輝,212,7,205,統一,2023-09-12,5850
2449,京元電子,338,133,205,統一,2023-09-12,5850
8150,南茂,206,2,204,統一,2023-09-12,5850
8050,廣積,210,17,193,統一,2023-09-12,5850
2347,聯強,193,2,191,統一,2023-09-12,5850
5469,瀚宇博,207,18,189,統一,2023-09-12,5850
3702,大聯大,293,108,185,統一,2023-09-12,5850
4938,和碩,183,7,176,統一,2023-09-12,5850
6285,啟��,224,49,175,統一,2023-09-12,5850
2006,東和鋼鐵,173,0,173,統一,2023-09-12,5850
6191,精成科,310,138,172,統一,2023-09-12,5850
1605,華新,180,8,172,統一,2023-09-12,5850
3088,艾訊,197,26,171,統一,2023-09-12,5850
8213,志超,161,0,161,統一,2023-09-12,5850
6125,廣運,222,67,155,統一,2023-09-12,5850
1324,地球,177,24,153,統一,2023-09-12,5850
2454,聯發科,175,23,152,統一,2023-09-12,5850
1582,信錦,149,0,149,統一,2023-09-12,5850
2303,聯電,3588,92,3496,統一,2023-09-13,5850
2609,陽明,2202,60,2142,統一,2023-09-13,5850
00864B,中信美國公債0-1,1156,211,945,統一,2023-09-13,5850
1319,東陽,1397,515,882,統一,2023-09-13,5850
4960,誠美材,656,0,656,統一,2023-09-13,5850
3005,神基,746,108,638,統一,2023-09-13,5850
1560,中砂,751,120,631,統一,2023-09-13,5850
3363,上詮,985,405,580,統一,2023-09-13,5850
3044,健鼎,620,152,468,統一,2023-09-13,5850
2486,一詮,612,156,456,統一,2023-09-13,5850
2404,漢唐,369,7,362,統一,2023-09-13,5850
9938,百和,348,6,342,統一,2023-09-13,5850
2890,永豐金,333,13,320,統一,2023-09-13,5850
8046,南電,368,54,314,統一,2023-09-13,5850
1522,堤維西,557,252,305,統一,2023-09-13,5850
00706L,期元大S＆P日圓正2,305,0,305,統一,2023-09-13,5850
00664R,國泰臺灣加權反1,300,0,300,統一,2023-09-13,5850
3034,聯詠,329,60,269,統一,2023-09-13,5850
3702,大聯大,282,15,267,統一,2023-09-13,5850
2330,台積電,362,100,262,統一,2023-09-13,5850
6414,樺漢,289,27,262,統一,2023-09-13,5850
8016,矽創,320,62,258,統一,2023-09-13,5850
3596,智易,276,23,253,統一,2023-09-13,5850
6176,瑞儀,253,20,233,統一,2023-09-13,5850
3324,雙鴻,275,57,218,統一,2023-09-13,5850
3217,優群,353,139,214,統一,2023-09-13,5850
3665,貿聯-KY,217,6,211,統一,2023-09-13,5850
020031,統一IC設計臺灣N,204,4,200,統一,2023-09-13,5850
6515,穎崴,182,5,177,統一,2023-09-13,5850
00929,復華台灣科技優息,340,179,161,統一,2023-09-13,5850
3014,聯陽,237,76,161,統一,2023-09-13,5850
3592,瑞鼎,175,17,158,統一,2023-09-13,5850
2371,大同,209,68,141,統一,2023-09-13,5850
1605,華新,154,20,134,統一,2023-09-13,5850
2385,群光,196,65,131,統一,2023-09-13,5850
00637L,元大滬深300正2,140,10,130,統一,2023-09-13,5850
2316,楠梓電,129,2,127,統一,2023-09-13,5850
2025,千興,267,143,124,統一,2023-09-13,5850
0056,元大高股息,122,2,120,統一,2023-09-13,5850
00696B,富邦美債20年,1251,1131,120,統一,2023-09-13,5850
2408,南亞科,148,41,107,統一,2023-09-13,5850
2834,臺企銀,101,0,101,統一,2023-09-13,5850
2633,台灣高鐵,101,1,100,統一,2023-09-13,5850
6505,台塑化,108,13,95,統一,2023-09-13,5850
00722B,群益投資級電信債,94,0,94,統一,2023-09-13,5850
2497,怡利電,221,127,94,統一,2023-09-13,5850
3006,晶豪科,120,33,87,統一,2023-09-13,5850
1609,大亞,92,5,87,統一,2023-09-13,5850
00673R,期元大S＆P原油反1,118,32,86,統一,2023-09-13,5850
5274,信驊,87,1,86,統一,2023-09-13,5850
2303,聯電,3277,112,3165,統一,2023-09-14,5850
2609,陽明,3215,73,3142,統一,2023-09-14,5850
2462,良得電,3025,22,3003,統一,2023-09-14,5850
2313,華通,3347,1090,2257,統一,2023-09-14,5850
5483,中美晶,1230,38,1192,統一,2023-09-14,5850
2615,萬海,1316,148,1168,統一,2023-09-14,5850
2886,兆豐金,1109,42,1067,統一,2023-09-14,5850
3014,聯陽,931,47,884,統一,2023-09-14,5850
2344,華邦電,851,38,813,統一,2023-09-14,5850
3231,緯創,938,176,762,統一,2023-09-14,5850
2388,威盛,848,105,743,統一,2023-09-14,5850
2610,華航,939,300,639,統一,2023-09-14,5850
4960,誠美材,622,0,622,統一,2023-09-14,5850
2731,雄獅,633,17,616,統一,2023-09-14,5850
4967,十銓,684,78,606,統一,2023-09-14,5850
2449,京元電子,598,7,591,統一,2023-09-14,5850
4919,新唐,521,7,514,統一,2023-09-14,5850
00900,富邦特選高股息30,502,0,502,統一,2023-09-14,5850
2436,偉詮電,510,12,498,統一,2023-09-14,5850
00891,中信關鍵半導體,500,4,496,統一,2023-09-14,5850
2352,佳世達,466,6,460,統一,2023-09-14,5850
3005,神基,748,333,415,統一,2023-09-14,5850
8155,博智,449,42,407,統一,2023-09-14,5850
3034,聯詠,416,29,387,統一,2023-09-14,5850
3450,聯鈞,362,5,357,統一,2023-09-14,5850
2356,英業達,431,88,343,統一,2023-09-14,5850
3044,健鼎,524,199,325,統一,2023-09-14,5850
2890,永豐金,348,33,315,統一,2023-09-14,5850
2408,南亞科,413,113,300,統一,2023-09-14,5850
3163,波若威,529,241,288,統一,2023-09-14,5850
3017,奇鋐,349,64,285,統一,2023-09-14,5850
2455,全新,289,8,281,統一,2023-09-14,5850
3037,欣興,331,51,280,統一,2023-09-14,5850
2404,漢唐,308,37,271,統一,2023-09-14,5850
2382,廣達,372,108,264,統一,2023-09-14,5850
1515,力山,262,11,251,統一,2023-09-14,5850
4564,元翎,233,0,233,統一,2023-09-14,5850
8081,致新,230,6,224,統一,2023-09-14,5850
2059,川湖,225,7,218,統一,2023-09-14,5850
020031,統一IC設計臺灣N,321,109,212,統一,2023-09-14,5850
2340,台亞,295,87,208,統一,2023-09-14,5850
3306,鼎天,209,2,207,統一,2023-09-14,5850
6176,瑞儀,245,39,206,統一,2023-09-14,5850
3704,合勤控,319,128,191,統一,2023-09-14,5850
5009,榮剛,300,113,187,統一,2023-09-14,5850
2603,長榮,449,267,182,統一,2023-09-14,5850
2363,矽統,715,533,182,統一,2023-09-14,5850
3324,雙鴻,304,127,177,統一,2023-09-14,5850
6426,統新,193,16,177,統一,2023-09-14,5850
2385,群光,174,3,171,統一,2023-09-14,5850
2838,聯邦銀,1819,2,1817,統一,2023-09-15,5850
3045,台灣大,1304,3,1301,統一,2023-09-15,5850
020031,統一IC設計臺灣N,1141,173,968,統一,2023-09-15,5850
2344,華邦電,984,336,648,統一,2023-09-15,5850
4938,和碩,655,11,644,統一,2023-09-15,5850
2449,京元電子,576,20,556,統一,2023-09-15,5850
2337,旺宏,558,7,551,統一,2023-09-15,5850
3014,聯陽,594,68,526,統一,2023-09-15,5850
2609,陽明,932,414,518,統一,2023-09-15,5850
00929,復華台灣科技優息,1663,1190,473,統一,2023-09-15,5850
8112,至上,505,105,400,統一,2023-09-15,5850
2408,南亞科,578,191,387,統一,2023-09-15,5850
3037,欣興,453,72,381,統一,2023-09-15,5850
2301,光寶科,414,35,379,統一,2023-09-15,5850
2615,萬海,569,200,369,統一,2023-09-15,5850
3702,大聯大,408,43,365,統一,2023-09-15,5850
6147,頎邦,383,19,364,統一,2023-09-15,5850
2353,宏��,387,26,361,統一,2023-09-15,5850
6182,合晶,497,140,357,統一,2023-09-15,5850
8299,群聯,455,135,320,統一,2023-09-15,5850
3231,緯創,577,265,312,統一,2023-09-15,5850
6213,聯茂,320,33,287,統一,2023-09-15,5850
2347,聯強,295,13,282,統一,2023-09-15,5850
00706L,期元大S＆P日圓正2,371,100,271,統一,2023-09-15,5850
020030,統一智慧電動車N,273,3,270,統一,2023-09-15,5850
2637,慧洋-KY,341,75,266,統一,2023-09-15,5850
2605,新興,758,494,264,統一,2023-09-15,5850
3006,晶豪科,324,75,249,統一,2023-09-15,5850
3044,健鼎,422,189,233,統一,2023-09-15,5850
3036,文曄,226,1,225,統一,2023-09-15,5850
3105,穩懋,244,25,219,統一,2023-09-15,5850
3481,群創,285,70,215,統一,2023-09-15,5850
3711,日月光投控,227,17,210,統一,2023-09-15,5850
6121,新普,221,14,207,統一,2023-09-15,5850
6770,力積電,216,14,202,統一,2023-09-15,5850
3260,威剛,322,122,200,統一,2023-09-15,5850
1605,華新,263,64,199,統一,2023-09-15,5850
00891,中信關鍵半導體,713,514,199,統一,2023-09-15,5850
00893,國泰智能電動車,200,2,198,統一,2023-09-15,5850
8054,安國,209,11,198,統一,2023-09-15,5850
6125,廣運,198,10,188,統一,2023-09-15,5850
8046,南電,256,68,188,統一,2023-09-15,5850
00673R,期元大S＆P原油反1,174,3,171,統一,2023-09-15,5850
6176,瑞儀,176,6,170,統一,2023-09-15,5850
4958,臻鼎-KY,184,18,166,統一,2023-09-15,5850
3264,欣銓,288,124,164,統一,2023-09-15,5850
2345,智邦,212,50,162,統一,2023-09-15,5850
2385,群光,213,52,161,統一,2023-09-15,5850
1316,上曜,161,0,161,統一,2023-09-15,5850
2409,友達,281,131,150,統一,2023-09-15,5850
2367,燿華,1632,180,1452,統一,2023-09-18,5850
2313,華通,2868,1601,1267,統一,2023-09-18,5850
00891,中信關鍵半導體,1104,11,1093,統一,2023-09-18,5850
2886,兆豐金,1001,2,999,統一,2023-09-18,5850
020031,統一IC設計臺灣N,744,96,648,統一,2023-09-18,5850
4960,誠美材,647,0,647,統一,2023-09-18,5850
5009,榮剛,640,129,511,統一,2023-09-18,5850
2388,威盛,1216,789,427,統一,2023-09-18,5850
00876,元大全球5G,350,0,350,統一,2023-09-18,5850
1319,東陽,427,119,308,統一,2023-09-18,5850
00646,元大S＆P500,301,0,301,統一,2023-09-18,5850
2379,瑞昱,310,13,297,統一,2023-09-18,5850
2330,台積電,345,48,297,統一,2023-09-18,5850
2610,華航,474,181,293,統一,2023-09-18,5850
8046,南電,336,56,280,統一,2023-09-18,5850
6239,力成,274,2,272,統一,2023-09-18,5850
2633,台灣高鐵,239,11,228,統一,2023-09-18,5850
00706L,期元大S＆P日圓正2,216,0,216,統一,2023-09-18,5850
6191,精成科,234,21,213,統一,2023-09-18,5850
2455,全新,226,38,188,統一,2023-09-18,5850
5469,瀚宇博,216,33,183,統一,2023-09-18,5850
2615,萬海,386,205,181,統一,2023-09-18,5850
0050,元大台灣50,203,27,176,統一,2023-09-18,5850
00919,群益台灣精選高息,234,62,172,統一,2023-09-18,5850
3163,波若威,335,163,172,統一,2023-09-18,5850
00864B,中信美國公債0-1,567,411,156,統一,2023-09-18,5850
8081,致新,152,11,141,統一,2023-09-18,5850
3617,碩天,203,75,128,統一,2023-09-18,5850
00789B,復華公司債A3,147,21,126,統一,2023-09-18,5850
00696B,富邦美債20年,962,844,118,統一,2023-09-18,5850
3545,敦泰,206,90,116,統一,2023-09-18,5850
5309,系統電,106,0,106,統一,2023-09-18,5850
3035,智原,161,55,106,統一,2023-09-18,5850
6285,啟��,130,27,103,統一,2023-09-18,5850
6770,力積電,113,10,103,統一,2023-09-18,5850
2363,矽統,1157,1059,98,統一,2023-09-18,5850
3005,神基,145,47,98,統一,2023-09-18,5850
2377,微星,121,27,94,統一,2023-09-18,5850
4961,天鈺,94,12,82,統一,2023-09-18,5850
2345,智邦,144,66,78,統一,2023-09-18,5850
00631L,元大台灣50正2,76,0,76,統一,2023-09-18,5850
00857B,永豐20年美公債,76,0,76,統一,2023-09-18,5850
6691,洋基工程,76,2,74,統一,2023-09-18,5850
5371,中光電,109,37,72,統一,2023-09-18,5850
2417,圓剛,111,41,70,統一,2023-09-18,5850
2412,中華電,70,1,69,統一,2023-09-18,5850
3443,創意,76,9,67,統一,2023-09-18,5850
4938,和碩,72,5,67,統一,2023-09-18,5850
3008,大立光,68,6,62,統一,2023-09-18,5850
00930,永豐ESG低碳高息,60,0,60,統一,2023-09-18,5850
00931B,統一美債20年,1405,0,1405,統一,2023-09-19,5850
4960,誠美材,1060,0,1060,統一,2023-09-19,5850
3014,聯陽,648,76,572,統一,2023-09-19,5850
00632R,元大台灣50反1,515,21,494,統一,2023-09-19,5850
2367,燿華,1687,1263,424,統一,2023-09-19,5850
2204,中華,419,20,399,統一,2023-09-19,5850
3037,欣興,578,193,385,統一,2023-09-19,5850
2201,裕隆,490,138,352,統一,2023-09-19,5850
1319,東陽,745,407,338,統一,2023-09-19,5850
3005,神基,646,313,333,統一,2023-09-19,5850
1584,精剛,325,42,283,統一,2023-09-19,5850
3265,台星科,397,128,269,統一,2023-09-19,5850
1504,東元,297,36,261,統一,2023-09-19,5850
1514,亞力,307,57,250,統一,2023-09-19,5850
020030,統一智慧電動車N,242,0,242,統一,2023-09-19,5850
00929,復華台灣科技優息,435,217,218,統一,2023-09-19,5850
2303,聯電,284,73,211,統一,2023-09-19,5850
4979,華星光,841,636,205,統一,2023-09-19,5850
8069,元太,240,42,198,統一,2023-09-19,5850
6509,聚和,155,1,154,統一,2023-09-19,5850
5475,德宏,149,0,149,統一,2023-09-19,5850
2006,東和鋼鐵,143,14,129,統一,2023-09-19,5850
2449,京元電子,323,197,126,統一,2023-09-19,5850
6901,鑽石投資,150,30,120,統一,2023-09-19,5850
1909,榮成,125,10,115,統一,2023-09-19,5850
1802,台玻,138,28,110,統一,2023-09-19,5850
3339,泰谷,102,0,102,統一,2023-09-19,5850
1522,堤維西,247,149,98,統一,2023-09-19,5850
3706,神達,129,32,97,統一,2023-09-19,5850
6592,和潤企業,90,1,89,統一,2023-09-19,5850
00665L,富邦�琤肭磪囓�2,87,4,83,統一,2023-09-19,5850
6285,啟��,323,246,77,統一,2023-09-19,5850
8034,榮群,97,21,76,統一,2023-09-19,5850
2888,新光金,106,31,75,統一,2023-09-19,5850
5381,合正,222,152,70,統一,2023-09-19,5850
2206,三陽工業,147,78,69,統一,2023-09-19,5850
3122,笙泉,68,1,67,統一,2023-09-19,5850
2355,敬鵬,239,174,65,統一,2023-09-19,5850
00706L,期元大S＆P日圓正2,62,0,62,統一,2023-09-19,5850
00930,永豐ESG低碳高息,60,0,60,統一,2023-09-19,5850
1605,華新,71,13,58,統一,2023-09-19,5850
6239,力成,55,0,55,統一,2023-09-19,5850
1795,美時,81,26,55,統一,2023-09-19,5850
8085,福華,74,23,51,統一,2023-09-19,5850
00857B,永豐20年美公債,50,0,50,統一,2023-09-19,5850
5434,崇越,50,0,50,統一,2023-09-19,5850
2486,一詮,103,57,46,統一,2023-09-19,5850
4763,材料-KY,102,58,44,統一,2023-09-19,5850
3617,碩天,100,56,44,統一,2023-09-19,5850
00715L,期街口布蘭特正2,43,0,43,統一,2023-09-19,5850
1605,華新,1320,42,1278,統一,2023-09-20,5850
3231,緯創,1759,649,1110,統一,2023-09-20,5850
3706,神達,761,209,552,統一,2023-09-20,5850
4915,致伸,561,16,545,統一,2023-09-20,5850
2377,微星,466,83,383,統一,2023-09-20,5850
3665,貿聯-KY,396,38,358,統一,2023-09-20,5850
00930,永豐ESG低碳高息,317,0,317,統一,2023-09-20,5850
1609,大亞,351,34,317,統一,2023-09-20,5850
2385,群光,308,3,305,統一,2023-09-20,5850
00929,復華台灣科技優息,562,292,270,統一,2023-09-20,5850
2882,國泰金,297,31,266,統一,2023-09-20,5850
1216,統一,261,4,257,統一,2023-09-20,5850
2634,漢翔,327,79,248,統一,2023-09-20,5850
2637,慧洋-KY,324,128,196,統一,2023-09-20,5850
3189,景碩,185,2,183,統一,2023-09-20,5850
1504,東元,438,258,180,統一,2023-09-20,5850
8064,東捷,206,36,170,統一,2023-09-20,5850
2360,致茂,186,19,167,統一,2023-09-20,5850
2356,英業達,405,247,158,統一,2023-09-20,5850
00662,富邦NASDAQ,150,0,150,統一,2023-09-20,5850
3044,健鼎,421,274,147,統一,2023-09-20,5850
1316,上曜,141,3,138,統一,2023-09-20,5850
3017,奇鋐,280,149,131,統一,2023-09-20,5850
3596,智易,161,34,127,統一,2023-09-20,5850
2006,東和鋼鐵,108,2,106,統一,2023-09-20,5850
3092,鴻碩,127,22,105,統一,2023-09-20,5850
2845,遠東銀,100,0,100,統一,2023-09-20,5850
6505,台塑化,102,3,99,統一,2023-09-20,5850
2382,廣達,370,274,96,統一,2023-09-20,5850
2353,宏��,102,7,95,統一,2023-09-20,5850
00893,國泰智能電動車,94,0,94,統一,2023-09-20,5850
5388,中磊,127,39,88,統一,2023-09-20,5850
2204,中華,140,53,87,統一,2023-09-20,5850
8084,巨虹,84,0,84,統一,2023-09-20,5850
020031,統一IC設計臺灣N,350,267,83,統一,2023-09-20,5850
00696B,富邦美債20年,976,894,82,統一,2023-09-20,5850
3207,耀勝,81,0,81,統一,2023-09-20,5850
2609,陽明,435,357,78,統一,2023-09-20,5850
3037,欣興,288,211,77,統一,2023-09-20,5850
4960,誠美材,75,0,75,統一,2023-09-20,5850
00921,兆豐龍頭等權重,74,2,72,統一,2023-09-20,5850
00857B,永豐20年美公債,66,0,66,統一,2023-09-20,5850
5880,合庫金,88,24,64,統一,2023-09-20,5850
6531,愛普*,168,104,64,統一,2023-09-20,5850
00632R,元大台灣50反1,65,3,62,統一,2023-09-20,5850
3552,同致,62,4,58,統一,2023-09-20,5850
2241,艾姆勒,58,0,58,統一,2023-09-20,5850
8050,廣積,170,114,56,統一,2023-09-20,5850
6515,穎崴,66,17,49,統一,2023-09-20,5850
6285,啟��,266,220,46,統一,2023-09-20,5850
4960,誠美材,620,0,620,統一,2023-09-21,5850
00706L,期元大S＆P日圓正2,618,0,618,統一,2023-09-21,5850
1319,東陽,860,283,577,統一,2023-09-21,5850
1584,精剛,829,292,537,統一,2023-09-21,5850
1216,統一,358,3,355,統一,2023-09-21,5850
2385,群光,340,40,300,統一,2023-09-21,5850
020033,統一�琤肮黕篾,280,1,279,統一,2023-09-21,5850
2801,彰銀,249,5,244,統一,2023-09-21,5850
3450,聯鈞,445,218,227,統一,2023-09-21,5850
00929,復華台灣科技優息,436,216,220,統一,2023-09-21,5850
00878,國泰永續高股息,217,11,206,統一,2023-09-21,5850
2356,英業達,490,297,193,統一,2023-09-21,5850
3665,貿聯-KY,185,15,170,統一,2023-09-21,5850
2912,統一超,163,0,163,統一,2023-09-21,5850
2383,台光電,252,89,163,統一,2023-09-21,5850
2006,東和鋼鐵,152,0,152,統一,2023-09-21,5850
1909,榮成,150,0,150,統一,2023-09-21,5850
2377,微星,253,125,128,統一,2023-09-21,5850
2705,六福,126,1,125,統一,2023-09-21,5850
00715L,期街口布蘭特正2,122,2,120,統一,2023-09-21,5850
4747,強生,108,0,108,統一,2023-09-21,5850
3596,智易,142,36,106,統一,2023-09-21,5850
2408,南亞科,131,26,105,統一,2023-09-21,5850
3617,碩天,182,79,103,統一,2023-09-21,5850
00637L,元大滬深300正2,113,11,102,統一,2023-09-21,5850
2367,燿華,609,510,99,統一,2023-09-21,5850
3373,熱映,91,0,91,統一,2023-09-21,5850
3693,營邦,126,36,90,統一,2023-09-21,5850
6121,新普,94,4,90,統一,2023-09-21,5850
6271,同欣電,105,19,86,統一,2023-09-21,5850
00931B,統一美債20年,85,0,85,統一,2023-09-21,5850
8050,廣積,123,38,85,統一,2023-09-21,5850
2103,台橡,82,0,82,統一,2023-09-21,5850
00857B,永豐20年美公債,80,0,80,統一,2023-09-21,5850
2915,潤泰全,75,1,74,統一,2023-09-21,5850
3042,晶技,97,25,72,統一,2023-09-21,5850
3706,神達,668,597,71,統一,2023-09-21,5850
2468,華經,70,1,69,統一,2023-09-21,5850
5321,美而快,70,1,69,統一,2023-09-21,5850
0056,元大高股息,94,26,68,統一,2023-09-21,5850
2344,華邦電,81,15,66,統一,2023-09-21,5850
2204,中華,117,52,65,統一,2023-09-21,5850
1402,遠東新,71,11,60,統一,2023-09-21,5850
2504,國產,60,0,60,統一,2023-09-21,5850
3017,奇鋐,95,35,60,統一,2023-09-21,5850
00893,國泰智能電動車,57,0,57,統一,2023-09-21,5850
9938,百和,72,16,56,統一,2023-09-21,5850
9904,寶成,57,2,55,統一,2023-09-21,5850
00665L,富邦�琤肭磪囓�2,56,4,52,統一,2023-09-21,5850
2882,國泰金,85,34,51,統一,2023-09-21,5850
4960,誠美材,710,0,710,統一,2023-09-22,5850
3363,上詮,780,155,625,統一,2023-09-22,5850
00931B,統一美債20年,446,0,446,統一,2023-09-22,5850
2603,長榮,764,332,432,統一,2023-09-22,5850
2002,中鋼,382,11,371,統一,2023-09-22,5850
2610,華航,501,142,359,統一,2023-09-22,5850
2382,廣達,459,183,276,統一,2023-09-22,5850
1319,東陽,363,96,267,統一,2023-09-22,5850
2105,正新,256,5,251,統一,2023-09-22,5850
4908,前鼎,358,122,236,統一,2023-09-22,5850
1815,富喬,409,179,230,統一,2023-09-22,5850
2912,統一超,225,0,225,統一,2023-09-22,5850
6235,華孚,284,68,216,統一,2023-09-22,5850
1717,長興,206,7,199,統一,2023-09-22,5850
3706,神達,515,320,195,統一,2023-09-22,5850
1514,亞力,251,62,189,統一,2023-09-22,5850
6274,台燿,245,59,186,統一,2023-09-22,5850
00679B,元大美債20年,252,72,180,統一,2023-09-22,5850
1504,東元,317,138,179,統一,2023-09-22,5850
2356,英業達,374,207,167,統一,2023-09-22,5850
1609,大亞,229,80,149,統一,2023-09-22,5850
00687B,國泰20年美債,153,5,148,統一,2023-09-22,5850
3548,兆利,212,68,144,統一,2023-09-22,5850
2543,皇昌,167,25,142,統一,2023-09-22,5850
00712,復華富時不動產,167,30,137,統一,2023-09-22,5850
3036,文曄,420,285,135,統一,2023-09-22,5850
3037,欣興,187,54,133,統一,2023-09-22,5850
1324,地球,151,19,132,統一,2023-09-22,5850
1524,耿鼎,129,12,117,統一,2023-09-22,5850
1513,中興電,249,134,115,統一,2023-09-22,5850
8299,群聯,141,28,113,統一,2023-09-22,5850
00706L,期元大S＆P日圓正2,125,20,105,統一,2023-09-22,5850
00795B,中信美國公債20年,116,15,101,統一,2023-09-22,5850
2634,漢翔,143,44,99,統一,2023-09-22,5850
3324,雙鴻,163,66,97,統一,2023-09-22,5850
2330,台積電,129,34,95,統一,2023-09-22,5850
00696B,富邦美債20年,1032,951,81,統一,2023-09-22,5850
020030,統一智慧電動車N,81,0,81,統一,2023-09-22,5850
3062,建漢,82,1,81,統一,2023-09-22,5850
2374,佳能,90,10,80,統一,2023-09-22,5850
6418,詠昇,92,12,80,統一,2023-09-22,5850
9910,豐泰,81,1,80,統一,2023-09-22,5850
3615,安可,92,16,76,統一,2023-09-22,5850
2345,智邦,107,32,75,統一,2023-09-22,5850
6901,鑽石投資,76,3,73,統一,2023-09-22,5850
2891,中信金,113,40,73,統一,2023-09-22,5850
6412,群電,79,6,73,統一,2023-09-22,5850
3051,力特,136,72,64,統一,2023-09-22,5850
00857B,永豐20年美公債,63,0,63,統一,2023-09-22,5850
2890,永豐金,61,0,61,統一,2023-09-22,5850
1815,富喬,3931,543,3388,統一,2023-09-25,5850
1319,東陽,1198,269,929,統一,2023-09-25,5850
4960,誠美材,701,0,701,統一,2023-09-25,5850
1504,東元,888,308,580,統一,2023-09-25,5850
2388,威盛,767,200,567,統一,2023-09-25,5850
3017,奇鋐,500,132,368,統一,2023-09-25,5850
2603,長榮,654,343,311,統一,2023-09-25,5850
00830,國泰費城半導體,300,2,298,統一,2023-09-25,5850
6271,同欣電,328,39,289,統一,2023-09-25,5850
2368,金像電,496,223,273,統一,2023-09-25,5850
3042,晶技,423,166,257,統一,2023-09-25,5850
1584,精剛,864,612,252,統一,2023-09-25,5850
6274,台燿,575,330,245,統一,2023-09-25,5850
1210,大成,232,10,222,統一,2023-09-25,5850
3036,文曄,333,119,214,統一,2023-09-25,5850
8210,勤誠,279,95,184,統一,2023-09-25,5850
2363,矽統,1102,932,170,統一,2023-09-25,5850
0050,元大台灣50,183,15,168,統一,2023-09-25,5850
3379,彬台,163,2,161,統一,2023-09-25,5850
5258,虹堡,214,54,160,統一,2023-09-25,5850
00929,復華台灣科技優息,225,64,161,統一,2023-09-25,5850
2345,智邦,222,68,154,統一,2023-09-25,5850
3693,營邦,270,122,148,統一,2023-09-25,5850
5009,榮剛,202,61,141,統一,2023-09-25,5850
5465,富驊,192,52,140,統一,2023-09-25,5850
4126,太醫,140,0,140,統一,2023-09-25,5850
6235,華孚,189,49,140,統一,2023-09-25,5850
00931B,統一美債20年,137,3,134,統一,2023-09-25,5850
3548,兆利,444,327,117,統一,2023-09-25,5850
1702,南僑,114,0,114,統一,2023-09-25,5850
020030,統一智慧電動車N,107,0,107,統一,2023-09-25,5850
2002,中鋼,110,9,101,統一,2023-09-25,5850
2330,台積電,117,15,102,統一,2023-09-25,5850
6488,環球晶,100,0,100,統一,2023-09-25,5850
2376,技嘉,349,256,93,統一,2023-09-25,5850
2610,華航,433,346,87,統一,2023-09-25,5850
6505,台塑化,85,0,85,統一,2023-09-25,5850
3293,鈊象,108,24,84,統一,2023-09-25,5850
2634,漢翔,127,44,83,統一,2023-09-25,5850
5289,宜鼎,100,18,82,統一,2023-09-25,5850
5460,同協,82,0,82,統一,2023-09-25,5850
1609,大亞,329,248,81,統一,2023-09-25,5850
00665L,富邦�琤肭磪囓�2,82,2,80,統一,2023-09-25,5850
2204,中華,84,11,73,統一,2023-09-25,5850
3032,偉訓,94,22,72,統一,2023-09-25,5850
6405,悅城,71,0,71,統一,2023-09-25,5850
1522,堤維西,93,25,68,統一,2023-09-25,5850
6139,亞翔,201,135,66,統一,2023-09-25,5850
2103,台橡,64,0,64,統一,2023-09-25,5850
2412,中華電,120,60,60,統一,2023-09-25,5850
2421,建準,1074,112,962,統一,2023-09-26,5850
2890,永豐金,800,0,800,統一,2023-09-26,5850
00706L,期元大S＆P日圓正2,387,0,387,統一,2023-09-26,5850
9945,潤泰新,365,17,348,統一,2023-09-26,5850
00931B,統一美債20年,294,15,279,統一,2023-09-26,5850
2515,中工,286,7,279,統一,2023-09-26,5850
2103,台橡,257,0,257,統一,2023-09-26,5850
4961,天鈺,338,93,245,統一,2023-09-26,5850
00857B,永豐20年美公債,210,1,209,統一,2023-09-26,5850
5324,士開,193,3,190,統一,2023-09-26,5850
1319,東陽,208,19,189,統一,2023-09-26,5850
00893,國泰智能電動車,144,0,144,統一,2023-09-26,5850
1101,台泥,151,14,137,統一,2023-09-26,5850
4979,華星光,295,173,122,統一,2023-09-26,5850
00932,兆豐永續高息等權,123,2,121,統一,2023-09-26,5850
3617,碩天,176,59,117,統一,2023-09-26,5850
2379,瑞昱,128,13,115,統一,2023-09-26,5850
020033,統一�琤肮黕篾,134,23,111,統一,2023-09-26,5850
5258,虹堡,152,45,107,統一,2023-09-26,5850
00637L,元大滬深300正2,104,0,104,統一,2023-09-26,5850
2382,廣達,214,111,103,統一,2023-09-26,5850
00929,復華台灣科技優息,125,23,102,統一,2023-09-26,5850
0056,元大高股息,110,11,99,統一,2023-09-26,5850
3711,日月光投控,104,14,90,統一,2023-09-26,5850
00712,復華富時不動產,87,0,87,統一,2023-09-26,5850
8401,白紗科,89,2,87,統一,2023-09-26,5850
3293,鈊象,98,19,79,統一,2023-09-26,5850
2471,資通,79,1,78,統一,2023-09-26,5850
3017,奇鋐,318,245,73,統一,2023-09-26,5850
6679,鈺太,75,4,71,統一,2023-09-26,5850
1503,士電,347,276,71,統一,2023-09-26,5850
9938,百和,71,1,70,統一,2023-09-26,5850
1504,東元,109,41,68,統一,2023-09-26,5850
6806,森崴能源,86,21,65,統一,2023-09-26,5850
2353,宏��,69,6,63,統一,2023-09-26,5850
00665L,富邦�琤肭磪囓�2,62,2,60,統一,2023-09-26,5850
3044,健鼎,76,19,57,統一,2023-09-26,5850
1802,台玻,60,4,56,統一,2023-09-26,5850
2317,鴻海,109,54,55,統一,2023-09-26,5850
2313,華通,152,98,54,統一,2023-09-26,5850
5340,建榮,63,9,54,統一,2023-09-26,5850
2330,台積電,96,43,53,統一,2023-09-26,5850
1560,中砂,56,4,52,統一,2023-09-26,5850
6901,鑽石投資,60,9,51,統一,2023-09-26,5850
3207,耀勝,50,0,50,統一,2023-09-26,5850
9910,豐泰,51,2,49,統一,2023-09-26,5850
1618,合機,88,39,49,統一,2023-09-26,5850
9958,世紀鋼,73,27,46,統一,2023-09-26,5850
3680,家登,46,4,42,統一,2023-09-26,5850
1210,大成,44,2,42,統一,2023-09-26,5850
00632R,元大台灣50反1,504,30,474,統一,2023-09-27,5850
2201,裕隆,446,89,357,統一,2023-09-27,5850
4979,華星光,592,262,330,統一,2023-09-27,5850
1560,中砂,574,259,315,統一,2023-09-27,5850
3450,聯鈞,425,114,311,統一,2023-09-27,5850
3374,精材,257,7,250,統一,2023-09-27,5850
2382,廣達,353,128,225,統一,2023-09-27,5850
5388,中磊,394,186,208,統一,2023-09-27,5850
2421,建準,409,212,197,統一,2023-09-27,5850
1319,東陽,262,68,194,統一,2023-09-27,5850
1519,華城,399,232,167,統一,2023-09-27,5850
3017,奇鋐,338,184,154,統一,2023-09-27,5850
2353,宏��,245,94,151,統一,2023-09-27,5850
2515,中工,164,23,141,統一,2023-09-27,5850
2388,威盛,318,181,137,統一,2023-09-27,5850
8213,志超,133,2,131,統一,2023-09-27,5850
9958,世紀鋼,189,66,123,統一,2023-09-27,5850
2368,金像電,197,75,122,統一,2023-09-27,5850
2610,華航,301,187,114,統一,2023-09-27,5850
6806,森崴能源,171,68,103,統一,2023-09-27,5850
6418,詠昇,118,21,97,統一,2023-09-27,5850
00696B,富邦美債20年,453,357,96,統一,2023-09-27,5850
2913,農林,98,3,95,統一,2023-09-27,5850
020033,統一�琤肮黕篾,115,22,93,統一,2023-09-27,5850
00931B,統一美債20年,91,0,91,統一,2023-09-27,5850
8046,南電,126,36,90,統一,2023-09-27,5850
00929,復華台灣科技優息,180,91,89,統一,2023-09-27,5850
8299,群聯,111,25,86,統一,2023-09-27,5850
3231,緯創,372,291,81,統一,2023-09-27,5850
00706L,期元大S＆P日圓正2,107,28,79,統一,2023-09-27,5850
2356,英業達,176,97,79,統一,2023-09-27,5850
3171,炎洲流通,110,32,78,統一,2023-09-27,5850
6679,鈺太,77,1,76,統一,2023-09-27,5850
2468,華經,90,14,76,統一,2023-09-27,5850
4961,天鈺,161,86,75,統一,2023-09-27,5850
1339,昭輝,71,1,70,統一,2023-09-27,5850
6274,台燿,220,153,67,統一,2023-09-27,5850
6117,迎廣,74,8,66,統一,2023-09-27,5850
00665L,富邦�琤肭磪囓�2,64,4,60,統一,2023-09-27,5850
3207,耀勝,57,0,57,統一,2023-09-27,5850
3023,信邦,57,5,52,統一,2023-09-27,5850
2103,台橡,50,0,50,統一,2023-09-27,5850
5340,建榮,56,6,50,統一,2023-09-27,5850
1618,合機,177,128,49,統一,2023-09-27,5850
3325,旭品,66,18,48,統一,2023-09-27,5850
6719,力智,51,7,44,統一,2023-09-27,5850
1612,宏泰,82,38,44,統一,2023-09-27,5850
3163,波若威,114,71,43,統一,2023-09-27,5850
4923,力士,43,0,43,統一,2023-09-27,5850
2308,台達電,50,8,42,統一,2023-09-27,5850
1815,富喬,1562,27,1535,統一,2023-09-28,5850
3036,文曄,1393,562,831,統一,2023-09-28,5850
2382,廣達,973,235,738,統一,2023-09-28,5850
2377,微星,668,175,493,統一,2023-09-28,5850
1609,大亞,929,506,423,統一,2023-09-28,5850
2356,英業達,405,125,280,統一,2023-09-28,5850
6187,萬潤,294,31,263,統一,2023-09-28,5850
2303,聯電,261,20,241,統一,2023-09-28,5850
4958,臻鼎-KY,238,1,237,統一,2023-09-28,5850
00662,富邦NASDAQ,220,0,220,統一,2023-09-28,5850
3017,奇鋐,349,135,214,統一,2023-09-28,5850
00712,復華富時不動產,220,10,210,統一,2023-09-28,5850
00670L,富邦NASDAQ正2,210,0,210,統一,2023-09-28,5850
4919,新唐,207,10,197,統一,2023-09-28,5850
5426,振發,207,16,191,統一,2023-09-28,5850
6550,北極星藥業-KY,185,3,182,統一,2023-09-28,5850
00706L,期元大S＆P日圓正2,176,0,176,統一,2023-09-28,5850
5483,中美晶,184,14,170,統一,2023-09-28,5850
5258,虹堡,209,44,165,統一,2023-09-28,5850
3324,雙鴻,347,194,153,統一,2023-09-28,5850
2368,金像電,331,179,152,統一,2023-09-28,5850
2206,三陽工業,256,108,148,統一,2023-09-28,5850
6282,康舒,175,45,130,統一,2023-09-28,5850
6121,新普,129,0,129,統一,2023-09-28,5850
3037,欣興,200,75,125,統一,2023-09-28,5850
6510,精測,123,8,115,統一,2023-09-28,5850
8081,致新,119,6,113,統一,2023-09-28,5850
00715L,期街口布蘭特正2,119,13,106,統一,2023-09-28,5850
2376,技嘉,318,212,106,統一,2023-09-28,5850
8210,勤誠,248,143,105,統一,2023-09-28,5850
6117,迎廣,183,84,99,統一,2023-09-28,5850
3653,健策,107,21,86,統一,2023-09-28,5850
6235,華孚,302,218,84,統一,2023-09-28,5850
2417,圓剛,103,20,83,統一,2023-09-28,5850
1504,東元,164,82,82,統一,2023-09-28,5850
3548,兆利,503,421,82,統一,2023-09-28,5850
00772B,中信高評級公司債,82,1,81,統一,2023-09-28,5850
00720B,元大投資級公司債,81,1,80,統一,2023-09-28,5850
00646,元大S＆P500,80,0,80,統一,2023-09-28,5850
020033,統一�琤肮黕篾,84,5,79,統一,2023-09-28,5850
6806,森崴能源,186,110,76,統一,2023-09-28,5850
5009,榮剛,132,58,74,統一,2023-09-28,5850
3711,日月光投控,77,7,70,統一,2023-09-28,5850
6196,帆宣,70,2,68,統一,2023-09-28,5850
3234,光環,74,7,67,統一,2023-09-28,5850
3481,群創,105,39,66,統一,2023-09-28,5850
1802,台玻,80,15,65,統一,2023-09-28,5850
6274,台燿,514,451,63,統一,2023-09-28,5850
3533,嘉澤,64,2,62,統一,2023-09-28,5850
2103,台橡,62,0,62,統一,2023-09-28,5850
1815,富喬,5388,461,4927,統一,2023-10-02,5850
00632R,元大台灣50反1,3220,219,3001,統一,2023-10-02,5850
3231,緯創,3976,1364,2612,統一,2023-10-02,5850
2356,英業達,1454,267,1187,統一,2023-10-02,5850
2382,廣達,1589,455,1134,統一,2023-10-02,5850
1504,東元,974,140,834,統一,2023-10-02,5850
6117,迎廣,945,167,778,統一,2023-10-02,5850
3044,健鼎,719,119,600,統一,2023-10-02,5850
3706,神達,554,119,435,統一,2023-10-02,5850
1513,中興電,481,49,432,統一,2023-10-02,5850
2317,鴻海,457,72,385,統一,2023-10-02,5850
5483,中美晶,391,7,384,統一,2023-10-02,5850
00706L,期元大S＆P日圓正2,358,0,358,統一,2023-10-02,5850
4543,萬在,322,5,317,統一,2023-10-02,5850
2301,光寶科,361,63,298,統一,2023-10-02,5850
2886,兆豐金,544,253,291,統一,2023-10-02,5850
3548,兆利,345,62,283,統一,2023-10-02,5850
2421,建準,484,206,278,統一,2023-10-02,5850
8069,元太,284,7,277,統一,2023-10-02,5850
2408,南亞科,300,24,276,統一,2023-10-02,5850
2329,華泰,407,146,261,統一,2023-10-02,5850
2344,華邦電,265,34,231,統一,2023-10-02,5850
2353,宏��,299,72,227,統一,2023-10-02,5850
4958,臻鼎-KY,285,70,215,統一,2023-10-02,5850
00931B,統一美債20年,206,0,206,統一,2023-10-02,5850
3042,晶技,225,21,204,統一,2023-10-02,5850
8358,金居,224,27,197,統一,2023-10-02,5850
2368,金像電,412,217,195,統一,2023-10-02,5850
6451,訊芯-KY,252,58,194,統一,2023-10-02,5850
0050,元大台灣50,200,8,192,統一,2023-10-02,5850
3324,雙鴻,250,63,187,統一,2023-10-02,5850
00864B,中信美國公債0-1,284,102,182,統一,2023-10-02,5850
2543,皇昌,223,42,181,統一,2023-10-02,5850
3017,奇鋐,283,109,174,統一,2023-10-02,5850
2367,燿華,265,104,161,統一,2023-10-02,5850
3260,威剛,198,48,150,統一,2023-10-02,5850
6121,新普,148,0,148,統一,2023-10-02,5850
2610,華航,218,74,144,統一,2023-10-02,5850
8081,致新,146,8,138,統一,2023-10-02,5850
3276,宇環,118,1,117,統一,2023-10-02,5850
2376,技嘉,273,158,115,統一,2023-10-02,5850
8155,博智,119,6,113,統一,2023-10-02,5850
00764B,群益25年美債,392,280,112,統一,2023-10-02,5850
9938,百和,137,27,110,統一,2023-10-02,5850
6806,森崴能源,138,30,108,統一,2023-10-02,5850
4979,華星光,220,115,105,統一,2023-10-02,5850
2731,雄獅,103,5,98,統一,2023-10-02,5850
1612,宏泰,103,7,96,統一,2023-10-02,5850
3234,光環,124,28,96,統一,2023-10-02,5850
00857B,永豐20年美公債,90,0,90,統一,2023-10-02,5850
2408,南亞科,1294,39,1255,統一,2023-10-03,5850
1504,東元,826,93,733,統一,2023-10-03,5850
3702,大聯大,708,40,668,統一,2023-10-03,5850
00662,富邦NASDAQ,600,0,600,統一,2023-10-03,5850
3006,晶豪科,709,158,551,統一,2023-10-03,5850
3231,緯創,1307,770,537,統一,2023-10-03,5850
2337,旺宏,538,35,503,統一,2023-10-03,5850
6451,訊芯-KY,538,38,500,統一,2023-10-03,5850
00706L,期元大S＆P日圓正2,462,0,462,統一,2023-10-03,5850
2427,三商電,437,47,390,統一,2023-10-03,5850
2409,友達,622,240,382,統一,2023-10-03,5850
2301,光寶科,431,64,367,統一,2023-10-03,5850
2449,京元電子,310,2,308,統一,2023-10-03,5850
3122,笙泉,281,12,269,統一,2023-10-03,5850
0056,元大高股息,271,3,268,統一,2023-10-03,5850
8299,群聯,315,58,257,統一,2023-10-03,5850
2353,宏��,503,256,247,統一,2023-10-03,5850
2323,中環,245,11,234,統一,2023-10-03,5850
3545,敦泰,232,26,206,統一,2023-10-03,5850
00892,富邦台灣半導體,210,4,206,統一,2023-10-03,5850
2645,長榮航太,207,5,202,統一,2023-10-03,5850
3234,光環,207,8,199,統一,2023-10-03,5850
00715L,期街口布蘭特正2,280,86,194,統一,2023-10-03,5850
6213,聯茂,534,352,182,統一,2023-10-03,5850
8277,商丞,174,0,174,統一,2023-10-03,5850
3260,威剛,467,295,172,統一,2023-10-03,5850
3443,創意,175,15,160,統一,2023-10-03,5850
3005,神基,240,83,157,統一,2023-10-03,5850
00645,富邦日本,149,0,149,統一,2023-10-03,5850
2006,東和鋼鐵,150,2,148,統一,2023-10-03,5850
00893,國泰智能電動車,150,2,148,統一,2023-10-03,5850
00680L,元大美債20正2,143,14,129,統一,2023-10-03,5850
2374,佳能,129,2,127,統一,2023-10-03,5850
00929,復華台灣科技優息,307,188,119,統一,2023-10-03,5850
2458,義隆,146,31,115,統一,2023-10-03,5850
3481,群創,306,194,112,統一,2023-10-03,5850
9917,中保科,110,0,110,統一,2023-10-03,5850
6585,鼎基,139,31,108,統一,2023-10-03,5850
2330,台積電,115,29,86,統一,2023-10-03,5850
3325,旭品,556,474,82,統一,2023-10-03,5850
2537,聯上發,86,4,82,統一,2023-10-03,5850
5289,宜鼎,101,22,79,統一,2023-10-03,5850
2344,華邦電,286,208,78,統一,2023-10-03,5850
00922,國泰台灣領袖50,77,0,77,統一,2023-10-03,5850
3680,家登,97,26,71,統一,2023-10-03,5850
3163,波若威,382,312,70,統一,2023-10-03,5850
3013,晟銘電,265,198,67,統一,2023-10-03,5850
2002,中鋼,75,9,66,統一,2023-10-03,5850
3526,凡甲,64,1,63,統一,2023-10-03,5850
2543,皇昌,99,37,62,統一,2023-10-03,5850
2880,華南金,2129,5,2124,統一,2023-10-04,5850
00929,復華台灣科技優息,2218,111,2107,統一,2023-10-04,5850
4960,誠美材,907,0,907,統一,2023-10-04,5850
1514,亞力,644,135,509,統一,2023-10-04,5850
00712,復華富時不動產,489,1,488,統一,2023-10-04,5850
0056,元大高股息,417,14,403,統一,2023-10-04,5850
00830,國泰費城半導體,400,0,400,統一,2023-10-04,5850
00706L,期元大S＆P日圓正2,440,42,398,統一,2023-10-04,5850
8358,金居,503,112,391,統一,2023-10-04,5850
3711,日月光投控,409,27,382,統一,2023-10-04,5850
6239,力成,323,4,319,統一,2023-10-04,5850
5871,中租-KY,305,1,304,統一,2023-10-04,5850
00895,富邦未來車,302,0,302,統一,2023-10-04,5850
00931B,統一美債20年,303,1,302,統一,2023-10-04,5850
2201,裕隆,373,105,268,統一,2023-10-04,5850
2890,永豐金,239,0,239,統一,2023-10-04,5850
3231,緯創,980,742,238,統一,2023-10-04,5850
3715,定穎投控,412,212,200,統一,2023-10-04,5850
3669,圓展,205,14,191,統一,2023-10-04,5850
2344,華邦電,402,224,178,統一,2023-10-04,5850
2103,台橡,175,0,175,統一,2023-10-04,5850
1603,華電,179,8,171,統一,2023-10-04,5850
2351,順德,174,4,170,統一,2023-10-04,5850
2615,萬海,170,10,160,統一,2023-10-04,5850
2891,中信金,220,65,155,統一,2023-10-04,5850
2801,彰銀,148,0,148,統一,2023-10-04,5850
1519,華城,206,67,139,統一,2023-10-04,5850
8210,勤誠,154,19,135,統一,2023-10-04,5850
00857B,永豐20年美公債,132,0,132,統一,2023-10-04,5850
2886,兆豐金,147,16,131,統一,2023-10-04,5850
2356,英業達,263,133,130,統一,2023-10-04,5850
1319,東陽,161,34,127,統一,2023-10-04,5850
6279,胡連,139,16,123,統一,2023-10-04,5850
2458,義隆,214,95,119,統一,2023-10-04,5850
2885,元大金,222,107,115,統一,2023-10-04,5850
2887,台新金,115,4,111,統一,2023-10-04,5850
2027,大成鋼,111,2,109,統一,2023-10-04,5850
00670L,富邦NASDAQ正2,106,0,106,統一,2023-10-04,5850
00680L,元大美債20正2,150,46,104,統一,2023-10-04,5850
6782,視陽,103,0,103,統一,2023-10-04,5850
3122,笙泉,837,734,103,統一,2023-10-04,5850
00927,群益半導體收益,101,0,101,統一,2023-10-04,5850
2892,第一金,129,30,99,統一,2023-10-04,5850
6491,晶碩,111,12,99,統一,2023-10-04,5850
4979,華星光,140,43,97,統一,2023-10-04,5850
9904,寶成,113,16,97,統一,2023-10-04,5850
8093,保銳,115,23,92,統一,2023-10-04,5850
8299,群聯,150,59,91,統一,2023-10-04,5850
020033,統一�琤肮黕篾,458,369,89,統一,2023-10-04,5850
2454,聯發科,128,41,87,統一,2023-10-04,5850
2468,華經,2173,27,2146,統一,2023-10-05,5850
2886,兆豐金,1013,18,995,統一,2023-10-05,5850
2313,華通,1056,91,965,統一,2023-10-05,5850
2344,華邦電,838,115,723,統一,2023-10-05,5850
2610,華航,741,114,627,統一,2023-10-05,5850
1319,東陽,652,43,609,統一,2023-10-05,5850
00712,復華富時不動產,549,0,549,統一,2023-10-05,5850
0056,元大高股息,513,3,510,統一,2023-10-05,5850
00830,國泰費城半導體,410,0,410,統一,2023-10-05,5850
1514,亞力,533,140,393,統一,2023-10-05,5850
00662,富邦NASDAQ,380,0,380,統一,2023-10-05,5850
00885,富邦越南,362,2,360,統一,2023-10-05,5850
2486,一詮,729,385,344,統一,2023-10-05,5850
2458,義隆,316,20,296,統一,2023-10-05,5850
2303,聯電,361,70,291,統一,2023-10-05,5850
020031,統一IC設計臺灣N,282,2,280,統一,2023-10-05,5850
5381,合正,316,47,269,統一,2023-10-05,5850
2382,廣達,909,641,268,統一,2023-10-05,5850
3680,家登,307,40,267,統一,2023-10-05,5850
1519,華城,345,98,247,統一,2023-10-05,5850
6451,訊芯-KY,966,731,235,統一,2023-10-05,5850
2383,台光電,267,33,234,統一,2023-10-05,5850
3276,宇環,264,40,224,統一,2023-10-05,5850
1324,地球,250,48,202,統一,2023-10-05,5850
2356,英業達,393,201,192,統一,2023-10-05,5850
3034,聯詠,171,3,168,統一,2023-10-05,5850
5483,中美晶,164,10,154,統一,2023-10-05,5850
2006,東和鋼鐵,146,1,145,統一,2023-10-05,5850
1504,東元,164,33,131,統一,2023-10-05,5850
2409,友達,356,227,129,統一,2023-10-05,5850
3325,旭品,582,453,129,統一,2023-10-05,5850
2301,光寶科,178,55,123,統一,2023-10-05,5850
3036,文曄,361,240,121,統一,2023-10-05,5850
2345,智邦,191,70,121,統一,2023-10-05,5850
3013,晟銘電,410,291,119,統一,2023-10-05,5850
2888,新光金,127,16,111,統一,2023-10-05,5850
3044,健鼎,384,274,110,統一,2023-10-05,5850
2340,台亞,116,7,109,統一,2023-10-05,5850
2371,大同,162,54,108,統一,2023-10-05,5850
3035,智原,331,223,108,統一,2023-10-05,5850
8069,元太,161,55,106,統一,2023-10-05,5850
5258,虹堡,183,81,102,統一,2023-10-05,5850
9938,百和,104,3,101,統一,2023-10-05,5850
5272,笙科,101,4,97,統一,2023-10-05,5850
3017,奇鋐,190,95,95,統一,2023-10-05,5850
4966,譜瑞-KY,104,8,96,統一,2023-10-05,5850
6117,迎廣,173,80,93,統一,2023-10-05,5850
6134,萬旭,93,0,93,統一,2023-10-05,5850
6488,環球晶,92,0,92,統一,2023-10-05,5850
3706,神達,242,152,90,統一,2023-10-05,5850
2344,華邦電,1904,371,1533,統一,2023-10-06,5850
1504,東元,1008,152,856,統一,2023-10-06,5850
2382,廣達,972,171,801,統一,2023-10-06,5850
1319,東陽,805,6,799,統一,2023-10-06,5850
3260,威剛,886,97,789,統一,2023-10-06,5850
3231,緯創,977,259,718,統一,2023-10-06,5850
2408,南亞科,544,36,508,統一,2023-10-06,5850
3006,晶豪科,564,140,424,統一,2023-10-06,5850
3013,晟銘電,522,183,339,統一,2023-10-06,5850
2204,中華,319,6,313,統一,2023-10-06,5850
6491,晶碩,279,3,276,統一,2023-10-06,5850
4155,訊映,229,0,229,統一,2023-10-06,5850
2376,技嘉,322,107,215,統一,2023-10-06,5850
6530,創威,205,1,204,統一,2023-10-06,5850
00892,富邦台灣半導體,200,0,200,統一,2023-10-06,5850
00864B,中信美國公債0-1,581,386,195,統一,2023-10-06,5850
2377,微星,188,8,180,統一,2023-10-06,5850
2330,台積電,188,26,162,統一,2023-10-06,5850
5347,世界,172,13,159,統一,2023-10-06,5850
3045,台灣大,156,2,154,統一,2023-10-06,5850
4714,永捷,153,3,150,統一,2023-10-06,5850
6290,良維,165,32,133,統一,2023-10-06,5850
6189,豐藝,167,37,130,統一,2023-10-06,5850
3701,大眾控,141,12,129,統一,2023-10-06,5850
8227,巨有科技,163,37,126,統一,2023-10-06,5850
1339,昭輝,128,8,120,統一,2023-10-06,5850
5439,高技,147,28,119,統一,2023-10-06,5850
3680,家登,156,39,117,統一,2023-10-06,5850
4960,誠美材,110,0,110,統一,2023-10-06,5850
2317,鴻海,148,39,109,統一,2023-10-06,5850
00931B,統一美債20年,107,0,107,統一,2023-10-06,5850
00706L,期元大S＆P日圓正2,105,0,105,統一,2023-10-06,5850
00670L,富邦NASDAQ正2,100,0,100,統一,2023-10-06,5850
3483,力致,292,195,97,統一,2023-10-06,5850
6684,安格,144,51,93,統一,2023-10-06,5850
2605,新興,126,37,89,統一,2023-10-06,5850
2537,聯上發,86,0,86,統一,2023-10-06,5850
8069,元太,295,210,85,統一,2023-10-06,5850
1605,華新,114,32,82,統一,2023-10-06,5850
2421,建準,127,56,71,統一,2023-10-06,5850
2345,智邦,100,34,66,統一,2023-10-06,5850
00929,復華台灣科技優息,92,30,62,統一,2023-10-06,5850
8147,正淩,101,40,61,統一,2023-10-06,5850
3078,僑威,100,40,60,統一,2023-10-06,5850
3234,光環,64,4,60,統一,2023-10-06,5850
9802,鈺齊-KY,145,85,60,統一,2023-10-06,5850
2002,中鋼,87,30,57,統一,2023-10-06,5850
2882,國泰金,61,5,56,統一,2023-10-06,5850
5351,鈺創,91,36,55,統一,2023-10-06,5850
5269,祥碩,71,19,52,統一,2023-10-06,5850
0056,元大高股息,2250,19,2231,統一,2023-10-11,5850
1319,東陽,1060,10,1050,統一,2023-10-11,5850
1504,東元,967,44,923,統一,2023-10-11,5850
6127,九豪,798,0,798,統一,2023-10-11,5850
2603,長榮,784,253,531,統一,2023-10-11,5850
020031,統一IC設計臺灣N,506,13,493,統一,2023-10-11,5850
3260,威剛,590,164,426,統一,2023-10-11,5850
6290,良維,424,35,389,統一,2023-10-11,5850
3035,智原,598,229,369,統一,2023-10-11,5850
2303,聯電,575,213,362,統一,2023-10-11,5850
00891,中信關鍵半導體,371,10,361,統一,2023-10-11,5850
2476,鉅祥,351,7,344,統一,2023-10-11,5850
3325,旭品,275,22,253,統一,2023-10-11,5850
2471,資通,227,11,216,統一,2023-10-11,5850
2504,國產,210,2,208,統一,2023-10-11,5850
00864B,中信美國公債0-1,474,272,202,統一,2023-10-11,5850
1722,台肥,212,13,199,統一,2023-10-11,5850
1762,中化生,189,2,187,統一,2023-10-11,5850
3715,定穎投控,952,785,167,統一,2023-10-11,5850
6274,台燿,246,81,165,統一,2023-10-11,5850
2301,光寶科,315,156,159,統一,2023-10-11,5850
0050,元大台灣50,179,28,151,統一,2023-10-11,5850
3036,文曄,201,68,133,統一,2023-10-11,5850
3022,威強電,149,20,129,統一,2023-10-11,5850
00636,國泰中國A50,120,0,120,統一,2023-10-11,5850
8210,勤誠,146,30,116,統一,2023-10-11,5850
6104,創惟,123,9,114,統一,2023-10-11,5850
2371,大同,166,53,113,統一,2023-10-11,5850
2913,農林,120,8,112,統一,2023-10-11,5850
2486,一詮,159,48,111,統一,2023-10-11,5850
1560,中砂,117,9,108,統一,2023-10-11,5850
3443,創意,302,194,108,統一,2023-10-11,5850
2888,新光金,215,107,108,統一,2023-10-11,5850
3088,艾訊,123,17,106,統一,2023-10-11,5850
8996,高力,132,27,105,統一,2023-10-11,5850
6684,安格,122,22,100,統一,2023-10-11,5850
2408,南亞科,135,39,96,統一,2023-10-11,5850
8050,廣積,127,32,95,統一,2023-10-11,5850
00878,國泰永續高股息,121,27,94,統一,2023-10-11,5850
2468,華經,104,14,90,統一,2023-10-11,5850
6239,力成,92,6,86,統一,2023-10-11,5850
4915,致伸,104,18,86,統一,2023-10-11,5850
2417,圓剛,101,28,73,統一,2023-10-11,5850
3591,艾笛森,73,0,73,統一,2023-10-11,5850
020030,統一智慧電動車N,74,5,69,統一,2023-10-11,5850
6244,茂迪,73,5,68,統一,2023-10-11,5850
00849B,中信EM主權債0-5,93,25,68,統一,2023-10-11,5850
2382,廣達,284,223,61,統一,2023-10-11,5850
4979,華星光,132,71,61,統一,2023-10-11,5850
2103,台橡,60,0,60,統一,2023-10-11,5850
00891,中信關鍵半導體,2085,11,2074,統一,2023-10-12,5850
2363,矽統,2124,667,1457,統一,2023-10-12,5850
00929,復華台灣科技優息,969,20,949,統一,2023-10-12,5850
6285,啟��,698,9,689,統一,2023-10-12,5850
2313,華通,741,119,622,統一,2023-10-12,5850
8996,高力,1183,593,590,統一,2023-10-12,5850
0056,元大高股息,563,57,506,統一,2023-10-12,5850
00892,富邦台灣半導體,487,0,487,統一,2023-10-12,5850
2388,威盛,611,160,451,統一,2023-10-12,5850
2344,華邦電,736,353,383,統一,2023-10-12,5850
2371,大同,377,15,362,統一,2023-10-12,5850
6117,迎廣,363,20,343,統一,2023-10-12,5850
00931B,統一美債20年,338,11,327,統一,2023-10-12,5850
6216,居易,367,60,307,統一,2023-10-12,5850
2408,南亞科,377,75,302,統一,2023-10-12,5850
2455,全新,302,3,299,統一,2023-10-12,5850
3443,創意,385,102,283,統一,2023-10-12,5850
8227,巨有科技,292,34,258,統一,2023-10-12,5850
2417,圓剛,275,32,243,統一,2023-10-12,5850
2488,漢平,240,1,239,統一,2023-10-12,5850
00878,國泰永續高股息,244,10,234,統一,2023-10-12,5850
2439,美律,229,2,227,統一,2023-10-12,5850
2607,榮運,223,1,222,統一,2023-10-12,5850
5483,中美晶,251,34,217,統一,2023-10-12,5850
6284,佳邦,309,94,215,統一,2023-10-12,5850
6451,訊芯-KY,280,66,214,統一,2023-10-12,5850
3481,群創,245,43,202,統一,2023-10-12,5850
1604,聲寶,194,0,194,統一,2023-10-12,5850
3715,定穎投控,582,391,191,統一,2023-10-12,5850
6187,萬潤,279,91,188,統一,2023-10-12,5850
2610,華航,377,189,188,統一,2023-10-12,5850
00757,統一FANG+,185,0,185,統一,2023-10-12,5850
3078,僑威,210,27,183,統一,2023-10-12,5850
00706L,期元大S＆P日圓正2,180,0,180,統一,2023-10-12,5850
2603,長榮,220,45,175,統一,2023-10-12,5850
2888,新光金,251,82,169,統一,2023-10-12,5850
00864B,中信美國公債0-1,994,831,163,統一,2023-10-12,5850
020031,統一IC設計臺灣N,185,24,161,統一,2023-10-12,5850
6274,台燿,200,40,160,統一,2023-10-12,5850
4763,材料-KY,179,19,160,統一,2023-10-12,5850
6488,環球晶,174,17,157,統一,2023-10-12,5850
3006,晶豪科,377,221,156,統一,2023-10-12,5850
2377,微星,150,2,148,統一,2023-10-12,5850
8210,勤誠,181,39,142,統一,2023-10-12,5850
8069,元太,171,30,141,統一,2023-10-12,5850
3231,緯創,393,256,137,統一,2023-10-12,5850
2329,華泰,168,36,132,統一,2023-10-12,5850
3526,凡甲,128,0,128,統一,2023-10-12,5850
2421,建準,158,30,128,統一,2023-10-12,5850
1402,遠東新,158,36,122,統一,2023-10-12,5850
4960,誠美材,3987,1,3986,統一,2023-10-13,5850
020031,統一IC設計臺灣N,2105,65,2040,統一,2023-10-13,5850
00891,中信關鍵半導體,1966,171,1795,統一,2023-10-13,5850
2303,聯電,1723,72,1651,統一,2023-10-13,5850
00927,群益半導體收益,1020,0,1020,統一,2023-10-13,5850
1504,東元,1016,56,960,統一,2023-10-13,5850
00830,國泰費城半導體,959,8,951,統一,2023-10-13,5850
00892,富邦台灣半導體,887,0,887,統一,2023-10-13,5850
00646,元大S＆P500,670,0,670,統一,2023-10-13,5850
1314,中石化,1279,612,667,統一,2023-10-13,5850
3363,上詮,668,31,637,統一,2023-10-13,5850
0056,元大高股息,628,0,628,統一,2023-10-13,5850
2881,富邦金,574,42,532,統一,2023-10-13,5850
2634,漢翔,576,70,506,統一,2023-10-13,5850
6117,迎廣,477,3,474,統一,2023-10-13,5850
2454,聯發科,466,73,393,統一,2023-10-13,5850
2891,中信金,478,87,391,統一,2023-10-13,5850
2867,三商壽,394,10,384,統一,2023-10-13,5850
00662,富邦NASDAQ,360,0,360,統一,2023-10-13,5850
2449,京元電子,397,55,342,統一,2023-10-13,5850
00878,國泰永續高股息,352,13,339,統一,2023-10-13,5850
3260,威剛,456,124,332,統一,2023-10-13,5850
2345,智邦,328,14,314,統一,2023-10-13,5850
2371,大同,327,25,302,統一,2023-10-13,5850
6605,帝寶,312,10,302,統一,2023-10-13,5850
00895,富邦未來車,300,0,300,統一,2023-10-13,5850
6147,頎邦,302,16,286,統一,2023-10-13,5850
6415,矽力*-KY,296,38,258,統一,2023-10-13,5850
1560,中砂,307,50,257,統一,2023-10-13,5850
2383,台光電,338,84,254,統一,2023-10-13,5850
6239,力成,254,5,249,統一,2023-10-13,5850
1718,中纖,252,10,242,統一,2023-10-13,5850
6770,力積電,200,9,191,統一,2023-10-13,5850
6530,創威,205,16,189,統一,2023-10-13,5850
4503,金雨,193,31,162,統一,2023-10-13,5850
2905,三商,160,0,160,統一,2023-10-13,5850
3693,營邦,186,27,159,統一,2023-10-13,5850
00757,統一FANG+,158,1,157,統一,2023-10-13,5850
3483,力致,393,239,154,統一,2023-10-13,5850
5215,科嘉-KY,161,10,151,統一,2023-10-13,5850
00636,國泰中國A50,150,0,150,統一,2023-10-13,5850
8227,巨有科技,352,205,147,統一,2023-10-13,5850
1609,大亞,223,77,146,統一,2023-10-13,5850
2330,台積電,208,63,145,統一,2023-10-13,5850
3042,晶技,146,5,141,統一,2023-10-13,5850
2409,友達,158,22,136,統一,2023-10-13,5850
2312,金寶,141,5,136,統一,2023-10-13,5850
2344,華邦電,671,538,133,統一,2023-10-13,5850
2204,中華,203,71,132,統一,2023-10-13,5850
6290,良維,194,65,129,統一,2023-10-13,5850
00673R,期元大S＆P原油反1,1515,2,1513,統一,2023-10-16,5850
4960,誠美材,1239,104,1135,統一,2023-10-16,5850
0056,元大高股息,827,4,823,統一,2023-10-16,5850
00885,富邦越南,761,31,730,統一,2023-10-16,5850
4967,十銓,514,6,508,統一,2023-10-16,5850
00830,國泰費城半導體,501,0,501,統一,2023-10-16,5850
2881,富邦金,517,27,490,統一,2023-10-16,5850
3042,晶技,528,47,481,統一,2023-10-16,5850
2388,威盛,671,266,405,統一,2023-10-16,5850
2330,台積電,353,24,329,統一,2023-10-16,5850
2371,大同,341,37,304,統一,2023-10-16,5850
2363,矽統,1126,832,294,統一,2023-10-16,5850
00712,復華富時不動產,259,1,258,統一,2023-10-16,5850
1314,中石化,2453,2197,256,統一,2023-10-16,5850
00637L,元大滬深300正2,217,0,217,統一,2023-10-16,5850
1326,台化,207,2,205,統一,2023-10-16,5850
2449,京元電子,535,340,195,統一,2023-10-16,5850
4958,臻鼎-KY,167,5,162,統一,2023-10-16,5850
3483,力致,217,66,151,統一,2023-10-16,5850
6290,良維,220,84,136,統一,2023-10-16,5850
3034,聯詠,152,21,131,統一,2023-10-16,5850
5519,隆大,130,3,127,統一,2023-10-16,5850
1304,台聚,125,0,125,統一,2023-10-16,5850
2543,皇昌,143,20,123,統一,2023-10-16,5850
00857B,永豐20年美公債,123,0,123,統一,2023-10-16,5850
2014,中鴻,127,5,122,統一,2023-10-16,5850
020031,統一IC設計臺灣N,160,40,120,統一,2023-10-16,5850
6585,鼎基,138,20,118,統一,2023-10-16,5850
3078,僑威,165,47,118,統一,2023-10-16,5850
5483,中美晶,121,11,110,統一,2023-10-16,5850
4919,新唐,141,33,108,統一,2023-10-16,5850
8429,金麗-KY,201,93,108,統一,2023-10-16,5850
2369,菱生,138,38,100,統一,2023-10-16,5850
6146,耕興,100,1,99,統一,2023-10-16,5850
3591,艾笛森,98,0,98,統一,2023-10-16,5850
2637,慧洋-KY,100,4,96,統一,2023-10-16,5850
1905,華紙,313,219,94,統一,2023-10-16,5850
6643,M31,103,10,93,統一,2023-10-16,5850
00789B,復華公司債A3,87,0,87,統一,2023-10-16,5850
6231,系微,103,18,85,統一,2023-10-16,5850
6121,新普,88,3,85,統一,2023-10-16,5850
2383,台光電,139,54,85,統一,2023-10-16,5850
00929,復華台灣科技優息,88,3,85,統一,2023-10-16,5850
8227,巨有科技,114,31,83,統一,2023-10-16,5850
3325,旭品,96,14,82,統一,2023-10-16,5850
0050,元大台灣50,184,102,82,統一,2023-10-16,5850
9955,佳龍,82,2,80,統一,2023-10-16,5850
8081,致新,80,0,80,統一,2023-10-16,5850
1909,榮成,90,15,75,統一,2023-10-16,5850
6257,矽格,82,8,74,統一,2023-10-16,5850
2303,聯電,2219,537,1682,統一,2023-10-17,5850
2344,華邦電,1288,30,1258,統一,2023-10-17,5850
3260,威剛,1643,408,1235,統一,2023-10-17,5850
1319,東陽,902,76,826,統一,2023-10-17,5850
6168,宏齊,669,40,629,統一,2023-10-17,5850
6274,台燿,654,117,537,統一,2023-10-17,5850
00891,中信關鍵半導體,514,7,507,統一,2023-10-17,5850
2388,威盛,421,63,358,統一,2023-10-17,5850
2515,中工,457,123,334,統一,2023-10-17,5850
3325,旭品,371,65,306,統一,2023-10-17,5850
00673R,期元大S＆P原油反1,260,0,260,統一,2023-10-17,5850
2454,聯發科,236,16,220,統一,2023-10-17,5850
3376,新日興,240,25,215,統一,2023-10-17,5850
3045,台灣大,210,3,207,統一,2023-10-17,5850
2330,台積電,258,55,203,統一,2023-10-17,5850
0056,元大高股息,203,0,203,統一,2023-10-17,5850
2408,南亞科,250,82,168,統一,2023-10-17,5850
1799,易威,163,0,163,統一,2023-10-17,5850
4129,聯合,160,1,159,統一,2023-10-17,5850
2455,全新,264,106,158,統一,2023-10-17,5850
3035,智原,714,562,152,統一,2023-10-17,5850
00857B,永豐20年美公債,150,0,150,統一,2023-10-17,5850
2327,國巨,183,39,144,統一,2023-10-17,5850
2881,富邦金,156,17,139,統一,2023-10-17,5850
8210,勤誠,183,47,136,統一,2023-10-17,5850
3588,通嘉,152,18,134,統一,2023-10-17,5850
4967,十銓,236,106,130,統一,2023-10-17,5850
5388,中磊,147,21,126,統一,2023-10-17,5850
00878,國泰永續高股息,132,7,125,統一,2023-10-17,5850
8299,群聯,154,29,125,統一,2023-10-17,5850
8176,智捷,143,21,122,統一,2023-10-17,5850
3680,家登,122,7,115,統一,2023-10-17,5850
1471,首利,112,1,111,統一,2023-10-17,5850
00892,富邦台灣半導體,110,0,110,統一,2023-10-17,5850
00679B,元大美債20年,104,0,104,統一,2023-10-17,5850
6104,創惟,227,124,103,統一,2023-10-17,5850
1904,正隆,102,0,102,統一,2023-10-17,5850
6415,矽力*-KY,158,57,101,統一,2023-10-17,5850
5210,寶碩,105,5,100,統一,2023-10-17,5850
1101,台泥,100,0,100,統一,2023-10-17,5850
2409,友達,114,16,98,統一,2023-10-17,5850
6113,亞矽,95,0,95,統一,2023-10-17,5850
00931B,統一美債20年,94,0,94,統一,2023-10-17,5850
4401,東隆興,94,0,94,統一,2023-10-17,5850
2351,順德,92,1,91,統一,2023-10-17,5850
3276,宇環,117,26,91,統一,2023-10-17,5850
6233,旺玖,85,1,84,統一,2023-10-17,5850
3346,麗清,129,46,83,統一,2023-10-17,5850
1532,勤美,80,0,80,統一,2023-10-17,5850
6284,佳邦,267,193,74,統一,2023-10-17,5850
0056,元大高股息,2432,19,2413,統一,2023-10-18,5850
2618,長榮航,1598,194,1404,統一,2023-10-18,5850
00927,群益半導體收益,1370,1,1369,統一,2023-10-18,5850
2363,矽統,1794,717,1077,統一,2023-10-18,5850
3041,揚智,940,33,907,統一,2023-10-18,5850
1605,華新,902,81,821,統一,2023-10-18,5850
2609,陽明,736,54,682,統一,2023-10-18,5850
00891,中信關鍵半導體,499,8,491,統一,2023-10-18,5850
020031,統一IC設計臺灣N,461,24,437,統一,2023-10-18,5850
9938,百和,398,9,389,統一,2023-10-18,5850
1799,易威,361,1,360,統一,2023-10-18,5850
2103,台橡,350,0,350,統一,2023-10-18,5850
2388,威盛,1950,1608,342,統一,2023-10-18,5850
2303,聯電,842,534,308,統一,2023-10-18,5850
8996,高力,380,87,293,統一,2023-10-18,5850
2913,農林,294,42,252,統一,2023-10-18,5850
00892,富邦台灣半導體,235,0,235,統一,2023-10-18,5850
00881,國泰台灣5G+,225,0,225,統一,2023-10-18,5850
2323,中環,268,46,222,統一,2023-10-18,5850
00893,國泰智能電動車,204,0,204,統一,2023-10-18,5850
00900,富邦特選高股息30,203,10,193,統一,2023-10-18,5850
6530,創威,262,69,193,統一,2023-10-18,5850
1560,中砂,244,85,159,統一,2023-10-18,5850
1604,聲寶,162,3,159,統一,2023-10-18,5850
2888,新光金,157,5,152,統一,2023-10-18,5850
1519,華城,214,69,145,統一,2023-10-18,5850
6585,鼎基,143,5,138,統一,2023-10-18,5850
6117,迎廣,172,35,137,統一,2023-10-18,5850
1324,地球,188,51,137,統一,2023-10-18,5850
2897,王道銀行,130,0,130,統一,2023-10-18,5850
6284,佳邦,168,49,119,統一,2023-10-18,5850
2515,中工,359,241,118,統一,2023-10-18,5850
6113,亞矽,148,38,110,統一,2023-10-18,5850
00706L,期元大S＆P日圓正2,105,0,105,統一,2023-10-18,5850
2705,六福,99,0,99,統一,2023-10-18,5850
00885,富邦越南,97,0,97,統一,2023-10-18,5850
2454,聯發科,119,22,97,統一,2023-10-18,5850
9939,宏全,99,5,94,統一,2023-10-18,5850
2006,東和鋼鐵,96,13,83,統一,2023-10-18,5850
00632R,元大台灣50反1,201,122,79,統一,2023-10-18,5850
2615,萬海,119,53,66,統一,2023-10-18,5850
2449,京元電子,291,226,65,統一,2023-10-18,5850
00857B,永豐20年美公債,60,0,60,統一,2023-10-18,5850
3703,欣陸,53,0,53,統一,2023-10-18,5850
00909,國泰數位支付服務,52,0,52,統一,2023-10-18,5850
020025,統一亞洲半導體N,52,0,52,統一,2023-10-18,5850
00830,國泰費城半導體,50,0,50,統一,2023-10-18,5850
6770,力積電,137,87,50,統一,2023-10-18,5850
00908,富邦入息REITs+,50,1,49,統一,2023-10-18,5850
1216,統一,50,1,49,統一,2023-10-18,5850
2303,聯電,4313,704,3609,統一,2023-10-19,5850
3025,星通,625,73,552,統一,2023-10-19,5850
00923,群益台ESG低碳50,508,1,507,統一,2023-10-19,5850
2888,新光金,518,11,507,統一,2023-10-19,5850
9950,萬國通,531,39,492,統一,2023-10-19,5850
0056,元大高股息,458,15,443,統一,2023-10-19,5850
00706L,期元大S＆P日圓正2,375,5,370,統一,2023-10-19,5850
00927,群益半導體收益,325,0,325,統一,2023-10-19,5850
2816,旺旺保,314,16,298,統一,2023-10-19,5850
5388,中磊,333,55,278,統一,2023-10-19,5850
4743,合一,315,52,263,統一,2023-10-19,5850
2345,智邦,352,104,248,統一,2023-10-19,5850
4967,十銓,354,111,243,統一,2023-10-19,5850
00893,國泰智能電動車,244,5,239,統一,2023-10-19,5850
2356,英業達,430,200,230,統一,2023-10-19,5850
2618,長榮航,313,86,227,統一,2023-10-19,5850
6147,頎邦,204,11,193,統一,2023-10-19,5850
3122,笙泉,345,153,192,統一,2023-10-19,5850
0050,元大台灣50,180,2,178,統一,2023-10-19,5850
3548,兆利,269,102,167,統一,2023-10-19,5850
1560,中砂,233,67,166,統一,2023-10-19,5850
3374,精材,241,79,162,統一,2023-10-19,5850
2609,陽明,184,25,159,統一,2023-10-19,5850
3704,合勤控,307,151,156,統一,2023-10-19,5850
00712,復華富時不動產,154,0,154,統一,2023-10-19,5850
2383,台光電,180,27,153,統一,2023-10-19,5850
4763,材料-KY,201,56,145,統一,2023-10-19,5850
6451,訊芯-KY,203,62,141,統一,2023-10-19,5850
3661,世芯-KY,142,16,126,統一,2023-10-19,5850
2364,倫飛,150,25,125,統一,2023-10-19,5850
3653,健策,114,3,111,統一,2023-10-19,5850
8996,高力,162,53,109,統一,2023-10-19,5850
2892,第一金,108,3,105,統一,2023-10-19,5850
1477,聚陽,110,6,104,統一,2023-10-19,5850
2462,良得電,107,4,103,統一,2023-10-19,5850
4401,東隆興,102,0,102,統一,2023-10-19,5850
2867,三商壽,98,0,98,統一,2023-10-19,5850
2317,鴻海,150,58,92,統一,2023-10-19,5850
00857B,永豐20年美公債,90,0,90,統一,2023-10-19,5850
020031,統一IC設計臺灣N,123,33,90,統一,2023-10-19,5850
00637L,元大滬深300正2,103,20,83,統一,2023-10-19,5850
2323,中環,96,16,80,統一,2023-10-19,5850
5272,笙科,93,13,80,統一,2023-10-19,5850
2421,建準,105,31,74,統一,2023-10-19,5850
3592,瑞鼎,82,10,72,統一,2023-10-19,5850
6117,迎廣,112,44,68,統一,2023-10-19,5850
1799,易威,69,1,68,統一,2023-10-19,5850
6187,萬潤,96,30,66,統一,2023-10-19,5850
6669,緯穎,88,23,65,統一,2023-10-19,5850
4128,中天,93,28,65,統一,2023-10-19,5850
0056,元大高股息,1081,2,1079,統一,2023-10-20,5850
2303,聯電,1170,311,859,統一,2023-10-20,5850
00927,群益半導體收益,851,0,851,統一,2023-10-20,5850
00923,群益台ESG低碳50,640,6,634,統一,2023-10-20,5850
2369,菱生,647,90,557,統一,2023-10-20,5850
3041,揚智,923,523,400,統一,2023-10-20,5850
4919,新唐,363,26,337,統一,2023-10-20,5850
00706L,期元大S＆P日圓正2,330,0,330,統一,2023-10-20,5850
00892,富邦台灣半導體,267,0,267,統一,2023-10-20,5850
4958,臻鼎-KY,258,4,254,統一,2023-10-20,5850
6669,緯穎,262,29,233,統一,2023-10-20,5850
2308,台達電,265,36,229,統一,2023-10-20,5850
020033,統一�琤肮黕篾,208,2,206,統一,2023-10-20,5850
2454,聯發科,350,163,187,統一,2023-10-20,5850
5483,中美晶,196,17,179,統一,2023-10-20,5850
2317,鴻海,214,38,176,統一,2023-10-20,5850
5215,科嘉-KY,188,30,158,統一,2023-10-20,5850
2486,一詮,223,69,154,統一,2023-10-20,5850
020018,統一價值成長30N,144,1,143,統一,2023-10-20,5850
6244,茂迪,145,6,139,統一,2023-10-20,5850
1721,三晃,165,28,137,統一,2023-10-20,5850
6121,新普,137,5,132,統一,2023-10-20,5850
3006,晶豪科,245,119,126,統一,2023-10-20,5850
00908,富邦入息REITs+,124,0,124,統一,2023-10-20,5850
8069,元太,134,12,122,統一,2023-10-20,5850
2515,中工,305,184,121,統一,2023-10-20,5850
8081,致新,126,6,120,統一,2023-10-20,5850
3706,神達,194,78,116,統一,2023-10-20,5850
00891,中信關鍵半導體,115,0,115,統一,2023-10-20,5850
2330,台積電,342,229,113,統一,2023-10-20,5850
6113,亞矽,175,68,107,統一,2023-10-20,5850
00680L,元大美債20正2,93,1,92,統一,2023-10-20,5850
2305,全友,113,21,92,統一,2023-10-20,5850
6187,萬潤,221,131,90,統一,2023-10-20,5850
9910,豐泰,90,1,89,統一,2023-10-20,5850
00931B,統一美債20年,88,0,88,統一,2023-10-20,5850
1504,東元,129,44,85,統一,2023-10-20,5850
1799,易威,81,0,81,統一,2023-10-20,5850
2409,友達,186,107,79,統一,2023-10-20,5850
1815,富喬,206,127,79,統一,2023-10-20,5850
8024,佑華,97,18,79,統一,2023-10-20,5850
4129,聯合,78,0,78,統一,2023-10-20,5850
2356,英業達,455,378,77,統一,2023-10-20,5850
3583,辛耘,118,43,75,統一,2023-10-20,5850
4916,事欣科,80,5,75,統一,2023-10-20,5850
3231,緯創,474,403,71,統一,2023-10-20,5850
1568,倉佑,101,34,67,統一,2023-10-20,5850
00708L,期元大S＆P黃金正2,66,0,66,統一,2023-10-20,5850
1519,華城,90,27,63,統一,2023-10-20,5850
2377,微星,71,9,62,統一,2023-10-20,5850
8110,華東,2292,112,2180,統一,2023-10-23,5850
1504,東元,827,79,748,統一,2023-10-23,5850
2886,兆豐金,659,53,606,統一,2023-10-23,5850
3325,旭品,584,49,535,統一,2023-10-23,5850
00632R,元大台灣50反1,500,0,500,統一,2023-10-23,5850
1721,三晃,434,12,422,統一,2023-10-23,5850
5388,中磊,320,19,301,統一,2023-10-23,5850
0050,元大台灣50,296,0,296,統一,2023-10-23,5850
00929,復華台灣科技優息,283,4,279,統一,2023-10-23,5850
6274,台燿,645,379,266,統一,2023-10-23,5850
4162,智擎,273,22,251,統一,2023-10-23,5850
2103,台橡,218,0,218,統一,2023-10-23,5850
2369,菱生,757,547,210,統一,2023-10-23,5850
2458,義隆,290,84,206,統一,2023-10-23,5850
3042,晶技,206,12,194,統一,2023-10-23,5850
1815,富喬,192,0,192,統一,2023-10-23,5850
3376,新日興,213,37,176,統一,2023-10-23,5850
3701,大眾控,206,48,158,統一,2023-10-23,5850
1609,大亞,182,35,147,統一,2023-10-23,5850
2330,台積電,177,33,144,統一,2023-10-23,5850
3372,典範,157,23,134,統一,2023-10-23,5850
2363,矽統,290,170,120,統一,2023-10-23,5850
2317,鴻海,171,53,118,統一,2023-10-23,5850
2888,新光金,121,4,117,統一,2023-10-23,5850
2618,長榮航,236,122,114,統一,2023-10-23,5850
4951,精拓科,114,0,114,統一,2023-10-23,5850
5871,中租-KY,111,0,111,統一,2023-10-23,5850
2382,廣達,208,99,109,統一,2023-10-23,5850
00712,復華富時不動產,107,0,107,統一,2023-10-23,5850
2610,華航,146,44,102,統一,2023-10-23,5850
6279,胡連,101,2,99,統一,2023-10-23,5850
9921,巨大,98,0,98,統一,2023-10-23,5850
8155,博智,104,6,98,統一,2023-10-23,5850
0056,元大高股息,118,25,93,統一,2023-10-23,5850
3122,笙泉,284,197,87,統一,2023-10-23,5850
1605,華新,198,115,83,統一,2023-10-23,5850
2367,燿華,89,8,81,統一,2023-10-23,5850
2002,中鋼,95,16,79,統一,2023-10-23,5850
6156,松上,164,85,79,統一,2023-10-23,5850
3231,緯創,609,531,78,統一,2023-10-23,5850
2449,京元電子,256,178,78,統一,2023-10-23,5850
2323,中環,105,30,75,統一,2023-10-23,5850
6530,創威,113,45,68,統一,2023-10-23,5850
2881,富邦金,82,15,67,統一,2023-10-23,5850
3044,健鼎,92,26,66,統一,2023-10-23,5850
5272,笙科,96,31,65,統一,2023-10-23,5850
2912,統一超,64,1,63,統一,2023-10-23,5850
2913,農林,62,0,62,統一,2023-10-23,5850
020030,統一智慧電動車N,62,4,58,統一,2023-10-23,5850
5009,榮剛,121,65,56,統一,2023-10-23,5850
00712,復華富時不動產,3079,1000,2079,統一,2023-10-24,5850
3231,緯創,1829,638,1191,統一,2023-10-24,5850
2618,長榮航,720,81,639,統一,2023-10-24,5850
2303,聯電,1289,744,545,統一,2023-10-24,5850
2405,輔信,537,25,512,統一,2023-10-24,5850
2421,建準,531,23,508,統一,2023-10-24,5850
3044,健鼎,532,27,505,統一,2023-10-24,5850
3025,星通,612,141,471,統一,2023-10-24,5850
3041,揚智,1262,844,418,統一,2023-10-24,5850
2356,英業達,578,211,367,統一,2023-10-24,5850
5388,中磊,303,2,301,統一,2023-10-24,5850
2891,中信金,298,0,298,統一,2023-10-24,5850
3363,上詮,366,90,276,統一,2023-10-24,5850
8048,德勝,254,24,230,統一,2023-10-24,5850
2368,金像電,240,39,201,統一,2023-10-24,5850
2367,燿華,213,20,193,統一,2023-10-24,5850
00680L,元大美債20正2,229,48,181,統一,2023-10-24,5850
1722,台肥,158,0,158,統一,2023-10-24,5850
6274,台燿,367,214,153,統一,2023-10-24,5850
4915,致伸,170,20,150,統一,2023-10-24,5850
2363,矽統,353,209,144,統一,2023-10-24,5850
020030,統一智慧電動車N,169,26,143,統一,2023-10-24,5850
3376,新日興,165,28,137,統一,2023-10-24,5850
3078,僑威,236,101,135,統一,2023-10-24,5850
3443,創意,176,42,134,統一,2023-10-24,5850
6669,緯穎,195,63,132,統一,2023-10-24,5850
2376,技嘉,216,92,124,統一,2023-10-24,5850
3325,旭品,157,34,123,統一,2023-10-24,5850
2382,廣達,292,172,120,統一,2023-10-24,5850
3017,奇鋐,164,52,112,統一,2023-10-24,5850
2317,鴻海,477,370,107,統一,2023-10-24,5850
0056,元大高股息,125,21,104,統一,2023-10-24,5850
6109,亞元,121,19,102,統一,2023-10-24,5850
1326,台化,106,6,100,統一,2023-10-24,5850
00885,富邦越南,100,0,100,統一,2023-10-24,5850
6279,胡連,100,1,99,統一,2023-10-24,5850
2305,全友,101,5,96,統一,2023-10-24,5850
2353,宏��,114,23,91,統一,2023-10-24,5850
8093,保銳,89,2,87,統一,2023-10-24,5850
3535,晶彩科,87,0,87,統一,2023-10-24,5850
2603,長榮,152,67,85,統一,2023-10-24,5850
3548,兆利,154,77,77,統一,2023-10-24,5850
3704,合勤控,197,122,75,統一,2023-10-24,5850
2465,麗臺,75,1,74,統一,2023-10-24,5850
3324,雙鴻,156,84,72,統一,2023-10-24,5850
3532,台勝科,82,10,72,統一,2023-10-24,5850
1324,地球,120,52,68,統一,2023-10-24,5850
1216,統一,67,0,67,統一,2023-10-24,5850
2233,宇隆,172,105,67,統一,2023-10-24,5850
2330,台積電,72,8,64,統一,2023-10-24,5850
6237,驊訊,3162,167,2995,統一,2023-10-25,5850
2515,中工,2890,513,2377,統一,2023-10-25,5850
8936,國統,757,17,740,統一,2023-10-25,5850
2303,聯電,1042,395,647,統一,2023-10-25,5850
2454,聯發科,380,17,363,統一,2023-10-25,5850
2465,麗臺,427,86,341,統一,2023-10-25,5850
3044,健鼎,386,81,305,統一,2023-10-25,5850
8358,金居,314,10,304,統一,2023-10-25,5850
3704,合勤控,492,246,246,統一,2023-10-25,5850
2382,廣達,323,80,243,統一,2023-10-25,5850
3450,聯鈞,286,45,241,統一,2023-10-25,5850
2363,矽統,358,128,230,統一,2023-10-25,5850
5439,高技,344,118,226,統一,2023-10-25,5850
2345,智邦,221,13,208,統一,2023-10-25,5850
2313,華通,277,83,194,統一,2023-10-25,5850
3035,智原,684,495,189,統一,2023-10-25,5850
1453,大將,177,0,177,統一,2023-10-25,5850
2368,金像電,263,96,167,統一,2023-10-25,5850
1524,耿鼎,656,500,156,統一,2023-10-25,5850
4979,華星光,187,47,140,統一,2023-10-25,5850
6789,采鈺,123,7,116,統一,2023-10-25,5850
2330,台積電,127,17,110,統一,2023-10-25,5850
2101,南港,110,0,110,統一,2023-10-25,5850
8176,智捷,217,110,107,統一,2023-10-25,5850
00882,中信中國高股息,103,0,103,統一,2023-10-25,5850
4105,東洋,108,5,103,統一,2023-10-25,5850
3058,立德,102,0,102,統一,2023-10-25,5850
6133,金橋,94,0,94,統一,2023-10-25,5850
6284,佳邦,140,50,90,統一,2023-10-25,5850
2618,長榮航,268,187,81,統一,2023-10-25,5850
2603,長榮,94,15,79,統一,2023-10-25,5850
6531,愛普*,109,30,79,統一,2023-10-25,5850
2453,凌群,87,10,77,統一,2023-10-25,5850
3437,榮創,76,0,76,統一,2023-10-25,5850
6243,迅杰,108,35,73,統一,2023-10-25,5850
6684,安格,80,8,72,統一,2023-10-25,5850
8054,安國,81,10,71,統一,2023-10-25,5850
2399,映泰,127,56,71,統一,2023-10-25,5850
1815,富喬,149,79,70,統一,2023-10-25,5850
2376,技嘉,118,48,70,統一,2023-10-25,5850
4956,光鋐,65,0,65,統一,2023-10-25,5850
3545,敦泰,92,28,64,統一,2023-10-25,5850
1513,中興電,81,19,62,統一,2023-10-25,5850
1342,八貫,80,21,59,統一,2023-10-25,5850
2409,友達,197,139,58,統一,2023-10-25,5850
3374,精材,71,14,57,統一,2023-10-25,5850
5269,祥碩,174,117,57,統一,2023-10-25,5850
6104,創惟,105,49,56,統一,2023-10-25,5850
6669,緯穎,75,21,54,統一,2023-10-25,5850
8240,華宏,60,8,52,統一,2023-10-25,5850
2353,宏��,1021,67,954,統一,2023-10-26,5850
6191,精成科,964,31,933,統一,2023-10-26,5850
2449,京元電子,963,82,881,統一,2023-10-26,5850
6147,頎邦,854,10,844,統一,2023-10-26,5850
00706L,期元大S＆P日圓正2,1022,371,651,統一,2023-10-26,5850
020031,統一IC設計臺灣N,497,89,408,統一,2023-10-26,5850
2412,中華電,479,178,301,統一,2023-10-26,5850
1477,聚陽,325,43,282,統一,2023-10-26,5850
1795,美時,260,28,232,統一,2023-10-26,5850
00670L,富邦NASDAQ正2,209,0,209,統一,2023-10-26,5850
1785,光洋科,201,4,197,統一,2023-10-26,5850
1721,三晃,471,291,180,統一,2023-10-26,5850
020018,統一價值成長30N,150,0,150,統一,2023-10-26,5850
3450,聯鈞,192,53,139,統一,2023-10-26,5850
5258,虹堡,289,152,137,統一,2023-10-26,5850
6133,金橋,136,4,132,統一,2023-10-26,5850
2913,農林,150,22,128,統一,2023-10-26,5850
1584,精剛,130,4,126,統一,2023-10-26,5850
8081,致新,125,0,125,統一,2023-10-26,5850
00929,復華台灣科技優息,161,38,123,統一,2023-10-26,5850
2885,元大金,164,41,123,統一,2023-10-26,5850
2352,佳世達,131,15,116,統一,2023-10-26,5850
00712,復華富時不動產,108,0,108,統一,2023-10-26,5850
3376,新日興,125,23,102,統一,2023-10-26,5850
00885,富邦越南,106,6,100,統一,2023-10-26,5850
6679,鈺太,99,1,98,統一,2023-10-26,5850
00715L,期街口布蘭特正2,126,34,92,統一,2023-10-26,5850
3276,宇環,93,12,81,統一,2023-10-26,5850
3706,神達,114,33,81,統一,2023-10-26,5850
2485,兆赫,81,5,76,統一,2023-10-26,5850
1560,中砂,84,8,76,統一,2023-10-26,5850
8936,國統,104,30,74,統一,2023-10-26,5850
6491,晶碩,74,1,73,統一,2023-10-26,5850
0056,元大高股息,73,0,73,統一,2023-10-26,5850
2618,長榮航,156,87,69,統一,2023-10-26,5850
6284,佳邦,101,33,68,統一,2023-10-26,5850
8996,高力,89,25,64,統一,2023-10-26,5850
2230,泰茂,60,0,60,統一,2023-10-26,5850
3715,定穎投控,143,90,53,統一,2023-10-26,5850
00720B,元大投資級公司債,50,5,45,統一,2023-10-26,5850
2543,皇昌,44,0,44,統一,2023-10-26,5850
2890,永豐金,45,3,42,統一,2023-10-26,5850
6492,生華科,43,1,42,統一,2023-10-26,5850
6235,華孚,57,16,41,統一,2023-10-26,5850
3290,東浦,75,41,34,統一,2023-10-26,5850
2345,智邦,138,104,34,統一,2023-10-26,5850
00922,國泰台灣領袖50,33,0,33,統一,2023-10-26,5850
4966,譜瑞-KY,50,18,32,統一,2023-10-26,5850
6446,藥華藥,39,9,30,統一,2023-10-26,5850
4536,拓凱,30,0,30,統一,2023-10-26,5850
00632R,元大台灣50反1,4072,254,3818,統一,2023-10-27,5850
3704,合勤控,1188,278,910,統一,2023-10-27,5850
2485,兆赫,941,126,815,統一,2023-10-27,5850
4105,東洋,608,9,599,統一,2023-10-27,5850
00881,國泰台灣5G+,501,2,499,統一,2023-10-27,5850
00706L,期元大S＆P日圓正2,451,45,406,統一,2023-10-27,5850
2303,聯電,743,342,401,統一,2023-10-27,5850
2454,聯發科,386,26,360,統一,2023-10-27,5850
00673R,期元大S＆P原油反1,333,0,333,統一,2023-10-27,5850
1795,美時,424,109,315,統一,2023-10-27,5850
2610,華航,409,116,293,統一,2023-10-27,5850
2885,元大金,279,4,275,統一,2023-10-27,5850
3041,揚智,283,34,249,統一,2023-10-27,5850
1799,易威,241,1,240,統一,2023-10-27,5850
6216,居易,256,16,240,統一,2023-10-27,5850
6005,群益證,216,2,214,統一,2023-10-27,5850
3715,定穎投控,482,284,198,統一,2023-10-27,5850
2449,京元電子,363,177,186,統一,2023-10-27,5850
5439,高技,206,28,178,統一,2023-10-27,5850
2891,中信金,174,2,172,統一,2023-10-27,5850
2637,慧洋-KY,207,37,170,統一,2023-10-27,5850
2317,鴻海,201,32,169,統一,2023-10-27,5850
2390,云辰,179,17,162,統一,2023-10-27,5850
4960,誠美材,152,0,152,統一,2023-10-27,5850
3532,台勝科,152,2,150,統一,2023-10-27,5850
2382,廣達,360,211,149,統一,2023-10-27,5850
5880,合庫金,143,0,143,統一,2023-10-27,5850
5460,同協,143,4,139,統一,2023-10-27,5850
3260,威剛,157,52,105,統一,2023-10-27,5850
3176,基亞,106,1,105,統一,2023-10-27,5850
6472,保瑞,116,13,103,統一,2023-10-27,5850
3035,智原,299,198,101,統一,2023-10-27,5850
1524,耿鼎,769,673,96,統一,2023-10-27,5850
2731,雄獅,109,13,96,統一,2023-10-27,5850
00864B,中信美國公債0-1,402,308,94,統一,2023-10-27,5850
3701,大眾控,121,31,90,統一,2023-10-27,5850
5426,振發,155,65,90,統一,2023-10-27,5850
3231,緯創,362,272,90,統一,2023-10-27,5850
4743,合一,202,115,87,統一,2023-10-27,5850
6443,元晶,83,1,82,統一,2023-10-27,5850
00690,兆豐藍籌30,100,26,74,統一,2023-10-27,5850
4123,晟德,74,2,72,統一,2023-10-27,5850
00885,富邦越南,71,0,71,統一,2023-10-27,5850
3032,偉訓,108,40,68,統一,2023-10-27,5850
3443,創意,131,63,68,統一,2023-10-27,5850
5871,中租-KY,68,3,65,統一,2023-10-27,5850
5519,隆大,60,0,60,統一,2023-10-27,5850
00789B,復華公司債A3,77,22,55,統一,2023-10-27,5850
2834,臺企銀,53,1,52,統一,2023-10-27,5850
2618,長榮航,478,427,51,統一,2023-10-27,5850
00632R,元大台灣50反1,1265,5,1260,統一,2023-10-30,5850
3094,聯傑,3752,2585,1167,統一,2023-10-30,5850
3576,聯合再生,960,16,944,統一,2023-10-30,5850
00895,富邦未來車,500,0,500,統一,2023-10-30,5850
4979,華星光,578,107,471,統一,2023-10-30,5850
3260,威剛,439,24,415,統一,2023-10-30,5850
00712,復華富時不動產,410,0,410,統一,2023-10-30,5850
1721,三晃,405,55,350,統一,2023-10-30,5850
8086,宏捷科,378,36,342,統一,2023-10-30,5850
2313,華通,411,71,340,統一,2023-10-30,5850
6239,力成,302,9,293,統一,2023-10-30,5850
8040,九暘,262,14,248,統一,2023-10-30,5850
2603,長榮,286,40,246,統一,2023-10-30,5850
1815,富喬,466,225,241,統一,2023-10-30,5850
3481,群創,383,144,239,統一,2023-10-30,5850
2454,聯發科,343,106,237,統一,2023-10-30,5850
4960,誠美材,234,2,232,統一,2023-10-30,5850
3438,類比科,230,4,226,統一,2023-10-30,5850
4967,十銓,389,176,213,統一,2023-10-30,5850
2476,鉅祥,209,0,209,統一,2023-10-30,5850
2317,鴻海,310,122,188,統一,2023-10-30,5850
2409,友達,218,30,188,統一,2023-10-30,5850
2618,長榮航,649,468,181,統一,2023-10-30,5850
0050,元大台灣50,192,25,167,統一,2023-10-30,5850
4961,天鈺,182,18,164,統一,2023-10-30,5850
2406,國碩,156,6,150,統一,2023-10-30,5850
3035,智原,232,87,145,統一,2023-10-30,5850
2204,中華,204,63,141,統一,2023-10-30,5850
00680L,元大美債20正2,143,6,137,統一,2023-10-30,5850
1319,東陽,276,142,134,統一,2023-10-30,5850
5439,高技,210,84,126,統一,2023-10-30,5850
3105,穩懋,137,13,124,統一,2023-10-30,5850
3686,達能,120,0,120,統一,2023-10-30,5850
2352,佳世達,126,9,117,統一,2023-10-30,5850
3372,典範,110,0,110,統一,2023-10-30,5850
5289,宜鼎,108,2,106,統一,2023-10-30,5850
6189,豐藝,100,2,98,統一,2023-10-30,5850
2388,威盛,351,263,88,統一,2023-10-30,5850
3268,海德威,88,1,87,統一,2023-10-30,5850
3623,富晶通,94,12,82,統一,2023-10-30,5850
2458,義隆,123,48,75,統一,2023-10-30,5850
00690,兆豐藍籌30,190,117,73,統一,2023-10-30,5850
2615,萬海,155,83,72,統一,2023-10-30,5850
020031,統一IC設計臺灣N,80,11,69,統一,2023-10-30,5850
6274,台燿,125,57,68,統一,2023-10-30,5850
3443,創意,114,50,64,統一,2023-10-30,5850
4105,東洋,65,3,62,統一,2023-10-30,5850
2301,光寶科,185,127,58,統一,2023-10-30,5850
2883,凱基金,77,19,58,統一,2023-10-30,5850
00864B,中信美國公債0-1,401,345,56,統一,2023-10-30,5850
2515,中工,1207,39,1168,統一,2023-10-31,5850
2303,聯電,987,233,754,統一,2023-10-31,5850
3704,合勤控,803,78,725,統一,2023-10-31,5850
2347,聯強,612,10,602,統一,2023-10-31,5850
2615,萬海,655,126,529,統一,2023-10-31,5850
2731,雄獅,576,68,508,統一,2023-10-31,5850
3548,兆利,505,72,433,統一,2023-10-31,5850
2385,群光,392,0,392,統一,2023-10-31,5850
3481,群創,441,115,326,統一,2023-10-31,5850
00673R,期元大S＆P原油反1,320,10,310,統一,2023-10-31,5850
8299,群聯,306,41,265,統一,2023-10-31,5850
3105,穩懋,544,294,250,統一,2023-10-31,5850
2913,農林,246,6,240,統一,2023-10-31,5850
5706,鳳凰,243,5,238,統一,2023-10-31,5850
3189,景碩,233,33,200,統一,2023-10-31,5850
5388,中磊,204,9,195,統一,2023-10-31,5850
2358,廷鑫,195,0,195,統一,2023-10-31,5850
3034,聯詠,234,45,189,統一,2023-10-31,5850
2027,大成鋼,193,8,185,統一,2023-10-31,5850
2377,微星,202,20,182,統一,2023-10-31,5850
00706L,期元大S＆P日圓正2,210,30,180,統一,2023-10-31,5850
00679B,元大美債20年,179,2,177,統一,2023-10-31,5850
0050,元大台灣50,186,10,176,統一,2023-10-31,5850
2301,光寶科,427,258,169,統一,2023-10-31,5850
5289,宜鼎,234,67,167,統一,2023-10-31,5850
4714,永捷,162,0,162,統一,2023-10-31,5850
1789,神隆,160,0,160,統一,2023-10-31,5850
3376,新日興,206,51,155,統一,2023-10-31,5850
4743,合一,197,43,154,統一,2023-10-31,5850
2618,長榮航,187,37,150,統一,2023-10-31,5850
4960,誠美材,146,0,146,統一,2023-10-31,5850
2357,華碩,143,3,140,統一,2023-10-31,5850
2441,超豐,133,0,133,統一,2023-10-31,5850
8054,安國,131,12,119,統一,2023-10-31,5850
2345,智邦,150,35,115,統一,2023-10-31,5850
0056,元大高股息,119,8,111,統一,2023-10-31,5850
2610,華航,145,37,108,統一,2023-10-31,5850
2308,台達電,173,67,106,統一,2023-10-31,5850
1477,聚陽,130,25,105,統一,2023-10-31,5850
2492,華新科,135,33,102,統一,2023-10-31,5850
3715,定穎投控,279,180,99,統一,2023-10-31,5850
8112,至上,109,19,90,統一,2023-10-31,5850
3523,迎輝,90,0,90,統一,2023-10-31,5850
4108,懷特,90,1,89,統一,2023-10-31,5850
00893,國泰智能電動車,88,0,88,統一,2023-10-31,5850
8016,矽創,111,24,87,統一,2023-10-31,5850
2548,華固,99,14,85,統一,2023-10-31,5850
8086,宏捷科,449,368,81,統一,2023-10-31,5850
6117,迎廣,171,92,79,統一,2023-10-31,5850
2748,雲品,79,1,78,統一,2023-10-31,5850
2610,華航,4575,229,4346,統一,2023-11-01,5850
00891,中信關鍵半導體,2500,5,2495,統一,2023-11-01,5850
2303,聯電,1975,199,1776,統一,2023-11-01,5850
2618,長榮航,2024,624,1400,統一,2023-11-01,5850
00673R,期元大S＆P原油反1,1300,73,1227,統一,2023-11-01,5850
00632R,元大台灣50反1,1211,350,861,統一,2023-11-01,5850
3105,穩懋,658,131,527,統一,2023-11-01,5850
00885,富邦越南,576,50,526,統一,2023-11-01,5850
00892,富邦台灣半導體,500,0,500,統一,2023-11-01,5850
3034,聯詠,417,47,370,統一,2023-11-01,5850
2330,台積電,546,227,319,統一,2023-11-01,5850
2603,長榮,401,85,316,統一,2023-11-01,5850
8358,金居,315,16,299,統一,2023-11-01,5850
3715,定穎投控,470,201,269,統一,2023-11-01,5850
8112,至上,268,5,263,統一,2023-11-01,5850
2347,聯強,313,73,240,統一,2023-11-01,5850
5706,鳳凰,231,16,215,統一,2023-11-01,5850
2388,威盛,446,233,213,統一,2023-11-01,5850
00713,元大台灣高息低波,702,492,210,統一,2023-11-01,5850
8054,安國,309,133,176,統一,2023-11-01,5850
5871,中租-KY,172,2,170,統一,2023-11-01,5850
4979,華星光,180,16,164,統一,2023-11-01,5850
00706L,期元大S＆P日圓正2,1073,910,163,統一,2023-11-01,5850
5328,華容,157,0,157,統一,2023-11-01,5850
2454,聯發科,202,47,155,統一,2023-11-01,5850
2492,華新科,446,299,147,統一,2023-11-01,5850
1449,佳和,146,0,146,統一,2023-11-01,5850
3548,兆利,423,283,140,統一,2023-11-01,5850
00662,富邦NASDAQ,139,0,139,統一,2023-11-01,5850
2385,群光,135,0,135,統一,2023-11-01,5850
3706,神達,168,43,125,統一,2023-11-01,5850
6244,茂迪,128,4,124,統一,2023-11-01,5850
2731,雄獅,245,124,121,統一,2023-11-01,5850
2377,微星,137,18,119,統一,2023-11-01,5850
3041,揚智,161,43,118,統一,2023-11-01,5850
4904,遠傳,145,29,116,統一,2023-11-01,5850
5488,松普,175,64,111,統一,2023-11-01,5850
00893,國泰智能電動車,113,3,110,統一,2023-11-01,5850
5289,宜鼎,129,21,108,統一,2023-11-01,5850
2417,圓剛,266,159,107,統一,2023-11-01,5850
2543,皇昌,120,16,104,統一,2023-11-01,5850
2379,瑞昱,109,11,98,統一,2023-11-01,5850
1817,凱撒衛,591,500,91,統一,2023-11-01,5850
2736,富野,89,0,89,統一,2023-11-01,5850
6806,森崴能源,89,1,88,統一,2023-11-01,5850
1326,台化,102,15,87,統一,2023-11-01,5850
2027,大成鋼,104,23,81,統一,2023-11-01,5850
2352,佳世達,87,8,79,統一,2023-11-01,5850
1301,台塑,93,17,76,統一,2023-11-01,5850
5483,中美晶,97,24,73,統一,2023-11-01,5850
00891,中信關鍵半導體,3000,0,3000,統一,2023-11-02,5850
2618,長榮航,3108,1227,1881,統一,2023-11-02,5850
1815,富喬,1685,153,1532,統一,2023-11-02,5850
2313,華通,1514,146,1368,統一,2023-11-02,5850
0050,元大台灣50,1531,202,1329,統一,2023-11-02,5850
2330,台積電,959,49,910,統一,2023-11-02,5850
00830,國泰費城半導體,763,0,763,統一,2023-11-02,5850
00673R,期元大S＆P原油反1,624,0,624,統一,2023-11-02,5850
00893,國泰智能電動車,600,3,597,統一,2023-11-02,5850
00632R,元大台灣50反1,2266,1700,566,統一,2023-11-02,5850
8936,國統,549,18,531,統一,2023-11-02,5850
2303,聯電,582,92,490,統一,2023-11-02,5850
2412,中華電,486,0,486,統一,2023-11-02,5850
2388,威盛,639,158,481,統一,2023-11-02,5850
4967,十銓,550,94,456,統一,2023-11-02,5850
3481,群創,790,338,452,統一,2023-11-02,5850
2301,光寶科,477,41,436,統一,2023-11-02,5850
2002,中鋼,427,6,421,統一,2023-11-02,5850
3006,晶豪科,447,49,398,統一,2023-11-02,5850
2353,宏��,491,160,331,統一,2023-11-02,5850
2417,圓剛,522,191,331,統一,2023-11-02,5850
2356,英業達,355,35,320,統一,2023-11-02,5850
6285,啟��,333,14,319,統一,2023-11-02,5850
2610,華航,819,507,312,統一,2023-11-02,5850
2409,友達,351,44,307,統一,2023-11-02,5850
1319,東陽,346,52,294,統一,2023-11-02,5850
2367,燿華,375,101,274,統一,2023-11-02,5850
2801,彰銀,235,0,235,統一,2023-11-02,5850
2358,廷鑫,213,0,213,統一,2023-11-02,5850
3041,揚智,214,9,205,統一,2023-11-02,5850
2634,漢翔,253,61,192,統一,2023-11-02,5850
2454,聯發科,331,140,191,統一,2023-11-02,5850
2834,臺企銀,187,0,187,統一,2023-11-02,5850
6139,亞翔,287,108,179,統一,2023-11-02,5850
6284,佳邦,230,63,167,統一,2023-11-02,5850
6531,愛普*,210,52,158,統一,2023-11-02,5850
3260,威剛,252,101,151,統一,2023-11-02,5850
020031,統一IC設計臺灣N,160,14,146,統一,2023-11-02,5850
2376,技嘉,180,37,143,統一,2023-11-02,5850
2324,仁寶,144,2,142,統一,2023-11-02,5850
1817,凱撒衛,142,0,142,統一,2023-11-02,5850
6274,台燿,200,59,141,統一,2023-11-02,5850
2603,長榮,194,60,134,統一,2023-11-02,5850
00706L,期元大S＆P日圓正2,400,268,132,統一,2023-11-02,5850
5009,榮剛,153,24,129,統一,2023-11-02,5850
6415,矽力*-KY,152,23,129,統一,2023-11-02,5850
2458,義隆,156,28,128,統一,2023-11-02,5850
1723,中碳,121,0,121,統一,2023-11-02,5850
8016,矽創,143,25,118,統一,2023-11-02,5850
6235,華孚,373,260,113,統一,2023-11-02,5850
2618,長榮航,2683,797,1886,統一,2023-11-03,5850
4960,誠美材,1864,0,1864,統一,2023-11-03,5850
9105,泰金寶-DR,1740,0,1740,統一,2023-11-03,5850
2610,華航,2135,803,1332,統一,2023-11-03,5850
3481,群創,1250,243,1007,統一,2023-11-03,5850
8163,達方,881,101,780,統一,2023-11-03,5850
1303,南亞,736,28,708,統一,2023-11-03,5850
2313,華通,936,320,616,統一,2023-11-03,5850
3264,欣銓,624,82,542,統一,2023-11-03,5850
2303,聯電,917,400,517,統一,2023-11-03,5850
00632R,元大台灣50反1,2223,1771,452,統一,2023-11-03,5850
3036,文曄,492,66,426,統一,2023-11-03,5850
2748,雲品,349,1,348,統一,2023-11-03,5850
1319,東陽,414,100,314,統一,2023-11-03,5850
4979,華星光,353,47,306,統一,2023-11-03,5850
9910,豐泰,272,4,268,統一,2023-11-03,5850
2603,長榮,308,46,262,統一,2023-11-03,5850
8210,勤誠,274,24,250,統一,2023-11-03,5850
00730,富邦臺灣優質高息,245,0,245,統一,2023-11-03,5850
00673R,期元大S＆P原油反1,217,0,217,統一,2023-11-03,5850
6285,啟��,565,353,212,統一,2023-11-03,5850
2888,新光金,258,51,207,統一,2023-11-03,5850
8927,北基,205,13,192,統一,2023-11-03,5850
6133,金橋,182,0,182,統一,2023-11-03,5850
3044,健鼎,212,39,173,統一,2023-11-03,5850
1712,興農,164,0,164,統一,2023-11-03,5850
3663,鑫科,161,0,161,統一,2023-11-03,5850
1216,統一,164,3,161,統一,2023-11-03,5850
3217,優群,164,10,154,統一,2023-11-03,5850
2743,山富,198,50,148,統一,2023-11-03,5850
00908,富邦入息REITs+,148,0,148,統一,2023-11-03,5850
2345,智邦,200,60,140,統一,2023-11-03,5850
2308,台達電,172,33,139,統一,2023-11-03,5850
3105,穩懋,327,207,120,統一,2023-11-03,5850
00929,復華台灣科技優息,143,29,114,統一,2023-11-03,5850
6585,鼎基,121,7,114,統一,2023-11-03,5850
3005,神基,142,28,114,統一,2023-11-03,5850
3715,定穎投控,184,71,113,統一,2023-11-03,5850
3526,凡甲,147,36,111,統一,2023-11-03,5850
6156,松上,122,13,109,統一,2023-11-03,5850
3228,金麗科,115,8,107,統一,2023-11-03,5850
2455,全新,111,8,103,統一,2023-11-03,5850
6118,建達,110,8,102,統一,2023-11-03,5850
2368,金像電,111,9,102,統一,2023-11-03,5850
6558,興能高,107,6,101,統一,2023-11-03,5850
00720B,元大投資級公司債,106,5,101,統一,2023-11-03,5850
6669,緯穎,123,27,96,統一,2023-11-03,5850
2363,矽統,1340,1244,96,統一,2023-11-03,5850
3006,晶豪科,206,111,95,統一,2023-11-03,5850
5289,宜鼎,105,10,95,統一,2023-11-03,5850
1815,富喬,3298,1351,1947,統一,2023-11-06,5850
00680L,元大美債20正2,1231,92,1139,統一,2023-11-06,5850
00632R,元大台灣50反1,1512,500,1012,統一,2023-11-06,5850
2401,凌陽,750,66,684,統一,2023-11-06,5850
3006,晶豪科,529,47,482,統一,2023-11-06,5850
2368,金像電,572,112,460,統一,2023-11-06,5850
8086,宏捷科,492,40,452,統一,2023-11-06,5850
2313,華通,405,80,325,統一,2023-11-06,5850
2352,佳世達,330,6,324,統一,2023-11-06,5850
2645,長榮航太,304,0,304,統一,2023-11-06,5850
6156,松上,424,126,298,統一,2023-11-06,5850
4167,松瑞藥,266,5,261,統一,2023-11-06,5850
3044,健鼎,308,66,242,統一,2023-11-06,5850
6143,振曜,255,38,217,統一,2023-11-06,5850
8227,巨有科技,208,0,208,統一,2023-11-06,5850
2439,美律,222,14,208,統一,2023-11-06,5850
0050,元大台灣50,209,2,207,統一,2023-11-06,5850
2363,矽統,810,604,206,統一,2023-11-06,5850
3324,雙鴻,243,40,203,統一,2023-11-06,5850
2476,鉅祥,205,11,194,統一,2023-11-06,5850
00784B,富邦中國投等債,215,25,190,統一,2023-11-06,5850
1712,興農,183,1,182,統一,2023-11-06,5850
2376,技嘉,335,156,179,統一,2023-11-06,5850
2353,宏��,242,63,179,統一,2023-11-06,5850
2303,聯電,994,820,174,統一,2023-11-06,5850
00688L,國泰20年美債正2,354,182,172,統一,2023-11-06,5850
6185,幃翔,167,0,167,統一,2023-11-06,5850
8176,智捷,165,0,165,統一,2023-11-06,5850
020025,統一亞洲半導體N,167,3,164,統一,2023-11-06,5850
3374,精材,186,26,160,統一,2023-11-06,5850
6271,同欣電,194,37,157,統一,2023-11-06,5850
4157,太景*-KY,172,21,151,統一,2023-11-06,5850
3548,兆利,213,67,146,統一,2023-11-06,5850
00788B,元大10年IG電能債,144,0,144,統一,2023-11-06,5850
3176,基亞,164,24,140,統一,2023-11-06,5850
6133,金橋,166,26,140,統一,2023-11-06,5850
3260,威剛,195,57,138,統一,2023-11-06,5850
00923,群益台ESG低碳50,150,17,133,統一,2023-11-06,5850
2206,三陽工業,157,24,133,統一,2023-11-06,5850
1609,大亞,145,13,132,統一,2023-11-06,5850
6235,華孚,197,65,132,統一,2023-11-06,5850
2385,群光,215,85,130,統一,2023-11-06,5850
2371,大同,156,31,125,統一,2023-11-06,5850
2454,聯發科,230,106,124,統一,2023-11-06,5850
3105,穩懋,245,123,122,統一,2023-11-06,5850
6284,佳邦,124,3,121,統一,2023-11-06,5850
2330,台積電,208,87,121,統一,2023-11-06,5850
020033,統一�琤肮黕篾,120,3,117,統一,2023-11-06,5850
3036,文曄,213,96,117,統一,2023-11-06,5850
1519,華城,119,15,104,統一,2023-11-06,5850
2515,中工,4003,881,3122,統一,2023-11-07,5850
00712,復華富時不動產,2222,1,2221,統一,2023-11-07,5850
00632R,元大台灣50反1,2173,0,2173,統一,2023-11-07,5850
4960,誠美材,2019,2,2017,統一,2023-11-07,5850
3041,揚智,954,297,657,統一,2023-11-07,5850
00706L,期元大S＆P日圓正2,653,0,653,統一,2023-11-07,5850
2618,長榮航,881,277,604,統一,2023-11-07,5850
3231,緯創,709,116,593,統一,2023-11-07,5850
6117,迎廣,517,18,499,統一,2023-11-07,5850
4743,合一,427,21,406,統一,2023-11-07,5850
3078,僑威,460,59,401,統一,2023-11-07,5850
3217,優群,607,213,394,統一,2023-11-07,5850
2239,英利-KY,403,37,366,統一,2023-11-07,5850
2301,光寶科,327,11,316,統一,2023-11-07,5850
1319,東陽,312,9,303,統一,2023-11-07,5850
9938,百和,314,12,302,統一,2023-11-07,5850
9105,泰金寶-DR,300,0,300,統一,2023-11-07,5850
3260,威剛,342,52,290,統一,2023-11-07,5850
3693,營邦,257,19,238,統一,2023-11-07,5850
2903,遠百,231,0,231,統一,2023-11-07,5850
1434,福懋,225,1,224,統一,2023-11-07,5850
1519,華城,294,85,209,統一,2023-11-07,5850
6901,鑽石投資,211,11,200,統一,2023-11-07,5850
6138,茂達,203,8,195,統一,2023-11-07,5850
6446,藥華藥,174,7,167,統一,2023-11-07,5850
3374,精材,241,84,157,統一,2023-11-07,5850
2488,漢平,139,1,138,統一,2023-11-07,5850
4167,松瑞藥,652,515,137,統一,2023-11-07,5850
2454,聯發科,233,107,126,統一,2023-11-07,5850
1712,興農,121,0,121,統一,2023-11-07,5850
9933,中鼎,119,5,114,統一,2023-11-07,5850
8227,巨有科技,109,1,108,統一,2023-11-07,5850
5388,中磊,104,3,101,統一,2023-11-07,5850
1477,聚陽,116,16,100,統一,2023-11-07,5850
2607,榮運,100,2,98,統一,2023-11-07,5850
8299,群聯,120,23,97,統一,2023-11-07,5850
5351,鈺創,106,17,89,統一,2023-11-07,5850
3706,神達,113,25,88,統一,2023-11-07,5850
3661,世芯-KY,105,20,85,統一,2023-11-07,5850
5439,高技,114,29,85,統一,2023-11-07,5850
2317,鴻海,105,20,85,統一,2023-11-07,5850
4763,材料-KY,228,145,83,統一,2023-11-07,5850
2059,川湖,104,26,78,統一,2023-11-07,5850
3376,新日興,92,16,76,統一,2023-11-07,5850
6538,倉和,102,27,75,統一,2023-11-07,5850
00891,中信關鍵半導體,69,0,69,統一,2023-11-07,5850
2421,建準,211,142,69,統一,2023-11-07,5850
8938,明安,72,3,69,統一,2023-11-07,5850
5546,永固-KY,124,62,62,統一,2023-11-07,5850
2363,矽統,2436,2375,61,統一,2023-11-07,5850
3231,緯創,4127,924,3203,統一,2023-11-08,5850
00673R,期元大S＆P原油反1,2480,157,2323,統一,2023-11-08,5850
4960,誠美材,1847,9,1838,統一,2023-11-08,5850
2329,華泰,1504,200,1304,統一,2023-11-08,5850
3376,新日興,717,80,637,統一,2023-11-08,5850
6257,矽格,502,0,502,統一,2023-11-08,5850
2002,中鋼,595,118,477,統一,2023-11-08,5850
020031,統一IC設計臺灣N,509,47,462,統一,2023-11-08,5850
00706L,期元大S＆P日圓正2,435,0,435,統一,2023-11-08,5850
2356,英業達,584,265,319,統一,2023-11-08,5850
3122,笙泉,365,54,311,統一,2023-11-08,5850
2382,廣達,504,203,301,統一,2023-11-08,5850
6412,群電,300,6,294,統一,2023-11-08,5850
3013,晟銘電,336,57,279,統一,2023-11-08,5850
2455,全新,391,123,268,統一,2023-11-08,5850
2385,群光,308,42,266,統一,2023-11-08,5850
6188,廣明,319,63,256,統一,2023-11-08,5850
3324,雙鴻,347,105,242,統一,2023-11-08,5850
3708,上緯投控,203,5,198,統一,2023-11-08,5850
8034,榮群,174,0,174,統一,2023-11-08,5850
3017,奇鋐,259,101,158,統一,2023-11-08,5850
2006,東和鋼鐵,150,0,150,統一,2023-11-08,5850
2353,宏��,299,152,147,統一,2023-11-08,5850
2462,良得電,189,42,147,統一,2023-11-08,5850
8093,保銳,146,1,145,統一,2023-11-08,5850
1324,地球,140,0,140,統一,2023-11-08,5850
3044,健鼎,181,44,137,統一,2023-11-08,5850
8111,立��,134,0,134,統一,2023-11-08,5850
8227,巨有科技,146,16,130,統一,2023-11-08,5850
4770,上品,130,2,128,統一,2023-11-08,5850
6643,M31,141,13,128,統一,2023-11-08,5850
1817,凱撒衛,127,0,127,統一,2023-11-08,5850
8210,勤誠,147,20,127,統一,2023-11-08,5850
6282,康舒,130,4,126,統一,2023-11-08,5850
1515,力山,116,0,116,統一,2023-11-08,5850
5347,世界,134,18,116,統一,2023-11-08,5850
3034,聯詠,210,97,113,統一,2023-11-08,5850
020025,統一亞洲半導體N,120,7,113,統一,2023-11-08,5850
00683L,期元大美元指正2,107,0,107,統一,2023-11-08,5850
5388,中磊,124,18,106,統一,2023-11-08,5850
5434,崇越,100,1,99,統一,2023-11-08,5850
1319,東陽,175,77,98,統一,2023-11-08,5850
3227,原相,112,25,87,統一,2023-11-08,5850
2504,國產,82,0,82,統一,2023-11-08,5850
00664R,國泰臺灣加權反1,80,0,80,統一,2023-11-08,5850
5483,中美晶,135,55,80,統一,2023-11-08,5850
5439,高技,99,21,78,統一,2023-11-08,5850
5465,富驊,126,50,76,統一,2023-11-08,5850
3661,世芯-KY,103,28,75,統一,2023-11-08,5850
1721,三晃,81,7,74,統一,2023-11-08,5850
00673R,期元大S＆P原油反1,4201,202,3999,統一,2023-11-09,5850
4960,誠美材,2595,0,2595,統一,2023-11-09,5850
8086,宏捷科,1233,152,1081,統一,2023-11-09,5850
00891,中信關鍵半導體,1040,10,1030,統一,2023-11-09,5850
2313,華通,1292,276,1016,統一,2023-11-09,5850
3044,健鼎,1041,160,881,統一,2023-11-09,5850
00706L,期元大S＆P日圓正2,500,0,500,統一,2023-11-09,5850
020031,統一IC設計臺灣N,522,50,472,統一,2023-11-09,5850
4979,華星光,686,245,441,統一,2023-11-09,5850
1560,中砂,450,60,390,統一,2023-11-09,5850
2618,長榮航,635,295,340,統一,2023-11-09,5850
2382,廣達,363,101,262,統一,2023-11-09,5850
1477,聚陽,349,110,239,統一,2023-11-09,5850
2409,友達,296,86,210,統一,2023-11-09,5850
2002,中鋼,290,81,209,統一,2023-11-09,5850
8112,至上,214,9,205,統一,2023-11-09,5850
3227,原相,356,185,171,統一,2023-11-09,5850
3032,偉訓,187,20,167,統一,2023-11-09,5850
6805,富世達,175,13,162,統一,2023-11-09,5850
6538,倉和,198,49,149,統一,2023-11-09,5850
00712,復華富時不動產,133,0,133,統一,2023-11-09,5850
00715L,期街口布蘭特正2,233,100,133,統一,2023-11-09,5850
3228,金麗科,157,26,131,統一,2023-11-09,5850
3708,上緯投控,130,2,128,統一,2023-11-09,5850
6412,群電,120,0,120,統一,2023-11-09,5850
1815,富喬,153,34,119,統一,2023-11-09,5850
8210,勤誠,161,51,110,統一,2023-11-09,5850
4128,中天,193,83,110,統一,2023-11-09,5850
8034,榮群,113,11,102,統一,2023-11-09,5850
2363,矽統,383,281,102,統一,2023-11-09,5850
3023,信邦,101,0,101,統一,2023-11-09,5850
2301,光寶科,136,41,95,統一,2023-11-09,5850
4533,協易機,138,44,94,統一,2023-11-09,5850
3581,博磊,97,5,92,統一,2023-11-09,5850
6451,訊芯-KY,106,14,92,統一,2023-11-09,5850
2855,統一證,91,0,91,統一,2023-11-09,5850
4188,安克,90,1,89,統一,2023-11-09,5850
8227,巨有科技,87,0,87,統一,2023-11-09,5850
1440,南紡,86,0,86,統一,2023-11-09,5850
6138,茂達,103,22,81,統一,2023-11-09,5850
2308,台達電,114,35,79,統一,2023-11-09,5850
2368,金像電,156,77,79,統一,2023-11-09,5850
1449,佳和,91,12,79,統一,2023-11-09,5850
2603,長榮,115,38,77,統一,2023-11-09,5850
9910,豐泰,75,5,70,統一,2023-11-09,5850
6546,正基,70,0,70,統一,2023-11-09,5850
3041,揚智,202,133,69,統一,2023-11-09,5850
3665,貿聯-KY,68,0,68,統一,2023-11-09,5850
00864B,中信美國公債0-1,358,293,65,統一,2023-11-09,5850
00665L,富邦�琤肭磪囓�2,65,0,65,統一,2023-11-09,5850
4960,誠美材,3081,1,3080,統一,2023-11-10,5850
00673R,期元大S＆P原油反1,1735,0,1735,統一,2023-11-10,5850
00892,富邦台灣半導體,1507,23,1484,統一,2023-11-10,5850
2313,華通,2109,818,1291,統一,2023-11-10,5850
6213,聯茂,837,10,827,統一,2023-11-10,5850
00891,中信關鍵半導體,550,0,550,統一,2023-11-10,5850
2412,中華電,535,35,500,統一,2023-11-10,5850
2607,榮運,444,2,442,統一,2023-11-10,5850
6182,合晶,400,15,385,統一,2023-11-10,5850
2303,聯電,435,57,378,統一,2023-11-10,5850
2352,佳世達,405,34,371,統一,2023-11-10,5850
00864B,中信美國公債0-1,736,421,315,統一,2023-11-10,5850
2387,精元,345,33,312,統一,2023-11-10,5850
4915,致伸,280,1,279,統一,2023-11-10,5850
4743,合一,531,291,240,統一,2023-11-10,5850
6412,群電,221,1,220,統一,2023-11-10,5850
2455,全新,225,11,214,統一,2023-11-10,5850
020031,統一IC設計臺灣N,239,31,208,統一,2023-11-10,5850
3532,台勝科,203,2,201,統一,2023-11-10,5850
2301,光寶科,214,18,196,統一,2023-11-10,5850
3260,威剛,203,41,162,統一,2023-11-10,5850
6133,金橋,148,1,147,統一,2023-11-10,5850
00679B,元大美債20年,123,2,121,統一,2023-11-10,5850
3312,弘憶股,121,2,119,統一,2023-11-10,5850
5011,久陽,113,0,113,統一,2023-11-10,5850
3548,兆利,323,210,113,統一,2023-11-10,5850
2345,智邦,144,32,112,統一,2023-11-10,5850
6485,點序,113,5,108,統一,2023-11-10,5850
00772B,中信高評級公司債,106,1,105,統一,2023-11-10,5850
5230,雷笛克光學,106,3,103,統一,2023-11-10,5850
00773B,中信優先金融債,100,0,100,統一,2023-11-10,5850
6691,洋基工程,108,11,97,統一,2023-11-10,5850
3454,晶睿,113,16,97,統一,2023-11-10,5850
2707,晶華,95,1,94,統一,2023-11-10,5850
2454,聯發科,134,41,93,統一,2023-11-10,5850
2388,威盛,266,176,90,統一,2023-11-10,5850
6117,迎廣,176,90,86,統一,2023-11-10,5850
8940,新天地,88,2,86,統一,2023-11-10,5850
6235,華孚,206,124,82,統一,2023-11-10,5850
4128,中天,4226,4147,79,統一,2023-11-10,5850
2743,山富,215,137,78,統一,2023-11-10,5850
00857B,永豐20年美公債,81,4,77,統一,2023-11-10,5850
4746,台耀,76,0,76,統一,2023-11-10,5850
8227,巨有科技,83,10,73,統一,2023-11-10,5850
5258,虹堡,113,42,71,統一,2023-11-10,5850
6244,茂迪,70,2,68,統一,2023-11-10,5850
1513,中興電,97,29,68,統一,2023-11-10,5850
3710,連展投控,66,0,66,統一,2023-11-10,5850
6284,佳邦,68,3,65,統一,2023-11-10,5850
3711,日月光投控,103,39,64,統一,2023-11-10,5850
2883,凱基金,2645,165,2480,統一,2023-11-13,5850
1515,力山,1729,90,1639,統一,2023-11-13,5850
00892,富邦台灣半導體,1377,11,1366,統一,2023-11-13,5850
00673R,期元大S＆P原油反1,1119,0,1119,統一,2023-11-13,5850
2388,威盛,1129,67,1062,統一,2023-11-13,5850
6122,擎邦,908,59,849,統一,2023-11-13,5850
8932,智通*,820,7,813,統一,2023-11-13,5850
2330,台積電,1094,386,708,統一,2023-11-13,5850
1102,亞泥,669,13,656,統一,2023-11-13,5850
2317,鴻海,702,69,633,統一,2023-11-13,5850
2402,毅嘉,664,62,602,統一,2023-11-13,5850
4960,誠美材,672,114,558,統一,2023-11-13,5850
00679B,元大美債20年,536,0,536,統一,2023-11-13,5850
1560,中砂,550,75,475,統一,2023-11-13,5850
1504,東元,514,73,441,統一,2023-11-13,5850
00631L,元大台灣50正2,450,48,402,統一,2023-11-13,5850
1722,台肥,350,5,345,統一,2023-11-13,5850
020025,統一亞洲半導體N,324,0,324,統一,2023-11-13,5850
3260,威剛,460,137,323,統一,2023-11-13,5850
2537,聯上發,309,0,309,統一,2023-11-13,5850
00891,中信關鍵半導體,307,44,263,統一,2023-11-13,5850
00680L,元大美債20正2,252,16,236,統一,2023-11-13,5850
2903,遠百,294,71,223,統一,2023-11-13,5850
2356,英業達,419,215,204,統一,2023-11-13,5850
3715,定穎投控,234,31,203,統一,2023-11-13,5850
3036,文曄,223,35,188,統一,2023-11-13,5850
4979,華星光,232,48,184,統一,2023-11-13,5850
3711,日月光投控,280,97,183,統一,2023-11-13,5850
0050,元大台灣50,192,20,172,統一,2023-11-13,5850
3689,湧德,166,0,166,統一,2023-11-13,5850
9924,福興,156,0,156,統一,2023-11-13,5850
3402,漢科,153,3,150,統一,2023-11-13,5850
5347,世界,150,4,146,統一,2023-11-13,5850
2105,正新,162,18,144,統一,2023-11-13,5850
8150,南茂,140,1,139,統一,2023-11-13,5850
5258,虹堡,264,140,124,統一,2023-11-13,5850
1314,中石化,133,10,123,統一,2023-11-13,5850
1459,聯發,123,0,123,統一,2023-11-13,5850
3005,神基,145,22,123,統一,2023-11-13,5850
2412,中華電,281,162,119,統一,2023-11-13,5850
3390,旭軟,126,7,119,統一,2023-11-13,5850
020030,統一智慧電動車N,127,11,116,統一,2023-11-13,5850
2352,佳世達,131,16,115,統一,2023-11-13,5850
1519,華城,119,7,112,統一,2023-11-13,5850
3376,新日興,193,81,112,統一,2023-11-13,5850
2303,聯電,348,248,100,統一,2023-11-13,5850
6118,建達,101,1,100,統一,2023-11-13,5850
6284,佳邦,143,44,99,統一,2023-11-13,5850
3228,金麗科,144,46,98,統一,2023-11-13,5850
3128,昇銳,97,0,97,統一,2023-11-13,5850
00715L,期街口布蘭特正2,2703,165,2538,統一,2023-11-14,5850
2317,鴻海,1125,75,1050,統一,2023-11-14,5850
3276,宇環,936,3,933,統一,2023-11-14,5850
3228,金麗科,450,24,426,統一,2023-11-14,5850
1449,佳和,413,7,406,統一,2023-11-14,5850
2357,華碩,439,35,404,統一,2023-11-14,5850
5483,中美晶,423,38,385,統一,2023-11-14,5850
2891,中信金,389,33,356,統一,2023-11-14,5850
2618,長榮航,418,106,312,統一,2023-11-14,5850
2344,華邦電,456,144,312,統一,2023-11-14,5850
2504,國產,300,0,300,統一,2023-11-14,5850
006208,富邦台50,294,1,293,統一,2023-11-14,5850
2006,東和鋼鐵,290,0,290,統一,2023-11-14,5850
2353,宏��,303,38,265,統一,2023-11-14,5850
3715,定穎投控,337,82,255,統一,2023-11-14,5850
2609,陽明,415,166,249,統一,2023-11-14,5850
8996,高力,270,25,245,統一,2023-11-14,5850
2383,台光電,253,14,239,統一,2023-11-14,5850
5452,佶優,235,2,233,統一,2023-11-14,5850
4401,東隆興,221,0,221,統一,2023-11-14,5850
3036,文曄,229,17,212,統一,2023-11-14,5850
00679B,元大美債20年,213,2,211,統一,2023-11-14,5850
00891,中信關鍵半導體,200,0,200,統一,2023-11-14,5850
3324,雙鴻,210,11,199,統一,2023-11-14,5850
3545,敦泰,426,233,193,統一,2023-11-14,5850
5388,中磊,200,13,187,統一,2023-11-14,5850
020025,統一亞洲半導體N,184,0,184,統一,2023-11-14,5850
2388,威盛,995,821,174,統一,2023-11-14,5850
6138,茂達,192,21,171,統一,2023-11-14,5850
6667,信紘科,172,1,171,統一,2023-11-14,5850
6187,萬潤,224,56,168,統一,2023-11-14,5850
8046,南電,159,3,156,統一,2023-11-14,5850
4763,材料-KY,156,16,140,統一,2023-11-14,5850
2903,遠百,140,1,139,統一,2023-11-14,5850
2543,皇昌,265,130,135,統一,2023-11-14,5850
2330,台積電,238,110,128,統一,2023-11-14,5850
6530,創威,128,4,124,統一,2023-11-14,5850
3006,晶豪科,265,146,119,統一,2023-11-14,5850
6901,鑽石投資,127,22,105,統一,2023-11-14,5850
5258,虹堡,186,91,95,統一,2023-11-14,5850
020030,統一智慧電動車N,115,22,93,統一,2023-11-14,5850
00756B,群益投等新興公債,115,25,90,統一,2023-11-14,5850
2382,廣達,157,67,90,統一,2023-11-14,5850
6415,矽力*-KY,253,166,87,統一,2023-11-14,5850
2634,漢翔,112,25,87,統一,2023-11-14,5850
6104,創惟,89,9,80,統一,2023-11-14,5850
3005,神基,130,50,80,統一,2023-11-14,5850
2363,矽統,193,115,78,統一,2023-11-14,5850
2603,長榮,680,604,76,統一,2023-11-14,5850
4770,上品,80,6,74,統一,2023-11-14,5850
2344,華邦電,4239,1095,3144,統一,2023-11-15,5850
1605,華新,1531,127,1404,統一,2023-11-15,5850
020025,統一亞洲半導體N,927,100,827,統一,2023-11-15,5850
2363,矽統,1057,308,749,統一,2023-11-15,5850
6274,台燿,1131,548,583,統一,2023-11-15,5850
3231,緯創,1201,674,527,統一,2023-11-15,5850
3362,先進光,506,28,478,統一,2023-11-15,5850
006208,富邦台50,493,20,473,統一,2023-11-15,5850
3041,揚智,477,7,470,統一,2023-11-15,5850
3701,大眾控,498,45,453,統一,2023-11-15,5850
9105,泰金寶-DR,360,25,335,統一,2023-11-15,5850
2516,新建,317,1,316,統一,2023-11-15,5850
1795,美時,428,129,299,統一,2023-11-15,5850
00646,元大S＆P500,280,0,280,統一,2023-11-15,5850
2408,南亞科,323,52,271,統一,2023-11-15,5850
6026,福邦證,280,10,270,統一,2023-11-15,5850
3376,新日興,395,127,268,統一,2023-11-15,5850
00881,國泰台灣5G+,280,28,252,統一,2023-11-15,5850
020030,統一智慧電動車N,271,36,235,統一,2023-11-15,5850
5483,中美晶,239,10,229,統一,2023-11-15,5850
2301,光寶科,266,39,227,統一,2023-11-15,5850
6584,南俊國際,223,0,223,統一,2023-11-15,5850
9924,福興,203,0,203,統一,2023-11-15,5850
8996,高力,405,204,201,統一,2023-11-15,5850
00719B,元大美債1-3,251,50,201,統一,2023-11-15,5850
3147,大綜,212,18,194,統一,2023-11-15,5850
8936,國統,192,5,187,統一,2023-11-15,5850
2204,中華,185,7,178,統一,2023-11-15,5850
2357,華碩,404,227,177,統一,2023-11-15,5850
3312,弘憶股,176,2,174,統一,2023-11-15,5850
00891,中信關鍵半導體,182,10,172,統一,2023-11-15,5850
00908,富邦入息REITs+,172,0,172,統一,2023-11-15,5850
3014,聯陽,216,45,171,統一,2023-11-15,5850
00720B,元大投資級公司債,202,31,171,統一,2023-11-15,5850
4532,瑞智,182,11,171,統一,2023-11-15,5850
6282,康舒,255,92,163,統一,2023-11-15,5850
3149,正達,173,13,160,統一,2023-11-15,5850
6104,創惟,347,193,154,統一,2023-11-15,5850
00892,富邦台灣半導體,206,56,150,統一,2023-11-15,5850
1560,中砂,381,237,144,統一,2023-11-15,5850
3443,創意,184,40,144,統一,2023-11-15,5850
3481,群創,239,98,141,統一,2023-11-15,5850
8086,宏捷科,157,16,141,統一,2023-11-15,5850
4746,台耀,170,33,137,統一,2023-11-15,5850
8426,紅木-KY,136,3,133,統一,2023-11-15,5850
2618,長榮航,1246,1118,128,統一,2023-11-15,5850
1473,台南,125,0,125,統一,2023-11-15,5850
3520,華盈,125,0,125,統一,2023-11-15,5850
2006,東和鋼鐵,152,32,120,統一,2023-11-15,5850
2451,創見,118,1,117,統一,2023-11-15,5850
2618,長榮航,9373,2290,7083,統一,2023-11-16,5850
2610,華航,5537,3515,2022,統一,2023-11-16,5850
00646,元大S＆P500,1000,0,1000,統一,2023-11-16,5850
2603,長榮,1077,88,989,統一,2023-11-16,5850
1815,富喬,872,53,819,統一,2023-11-16,5850
5607,遠雄港,812,1,811,統一,2023-11-16,5850
3376,新日興,844,53,791,統一,2023-11-16,5850
2731,雄獅,650,90,560,統一,2023-11-16,5850
3264,欣銓,524,3,521,統一,2023-11-16,5850
1605,華新,660,141,519,統一,2023-11-16,5850
4919,新唐,505,20,485,統一,2023-11-16,5850
3231,緯創,730,247,483,統一,2023-11-16,5850
2002,中鋼,865,432,433,統一,2023-11-16,5850
3711,日月光投控,475,59,416,統一,2023-11-16,5850
6584,南俊國際,322,1,321,統一,2023-11-16,5850
00853B,統一美債10年Aa-,671,403,268,統一,2023-11-16,5850
6695,芯鼎,286,24,262,統一,2023-11-16,5850
2371,大同,327,74,253,統一,2023-11-16,5850
8069,元太,295,55,240,統一,2023-11-16,5850
6125,廣運,235,36,199,統一,2023-11-16,5850
2354,鴻準,208,14,194,統一,2023-11-16,5850
2408,南亞科,309,116,193,統一,2023-11-16,5850
2355,敬鵬,420,227,193,統一,2023-11-16,5850
6185,幃翔,228,41,187,統一,2023-11-16,5850
3041,揚智,464,295,169,統一,2023-11-16,5850
9105,泰金寶-DR,160,0,160,統一,2023-11-16,5850
6243,迅杰,175,15,160,統一,2023-11-16,5850
1795,美時,192,33,159,統一,2023-11-16,5850
2329,華泰,468,311,157,統一,2023-11-16,5850
4770,上品,203,49,154,統一,2023-11-16,5850
2204,中華,205,53,152,統一,2023-11-16,5850
8426,紅木-KY,148,2,146,統一,2023-11-16,5850
1324,地球,164,21,143,統一,2023-11-16,5850
4142,國光生,150,8,142,統一,2023-11-16,5850
3521,鴻翊,141,0,141,統一,2023-11-16,5850
6122,擎邦,221,86,135,統一,2023-11-16,5850
2367,燿華,204,70,134,統一,2023-11-16,5850
020025,統一亞洲半導體N,137,8,129,統一,2023-11-16,5850
2356,英業達,394,275,119,統一,2023-11-16,5850
4746,台耀,140,24,116,統一,2023-11-16,5850
9950,萬國通,127,11,116,統一,2023-11-16,5850
6414,樺漢,132,25,107,統一,2023-11-16,5850
00857B,永豐20年美公債,104,0,104,統一,2023-11-16,5850
3623,富晶通,102,1,101,統一,2023-11-16,5850
6285,啟��,128,32,96,統一,2023-11-16,5850
1522,堤維西,108,14,94,統一,2023-11-16,5850
2634,漢翔,123,31,92,統一,2023-11-16,5850
3017,奇鋐,135,46,89,統一,2023-11-16,5850
2020,美亞,101,12,89,統一,2023-11-16,5850
2748,雲品,100,16,84,統一,2023-11-16,5850
2401,凌陽,2123,187,1936,統一,2023-11-17,5850
6237,驊訊,1872,93,1779,統一,2023-11-17,5850
2355,敬鵬,1859,133,1726,統一,2023-11-17,5850
2303,聯電,1799,230,1569,統一,2023-11-17,5850
00673R,期元大S＆P原油反1,1394,14,1380,統一,2023-11-17,5850
00669R,國泰美國道瓊反1,1050,0,1050,統一,2023-11-17,5850
2618,長榮航,3230,2248,982,統一,2023-11-17,5850
2731,雄獅,1084,151,933,統一,2023-11-17,5850
2313,華通,970,161,809,統一,2023-11-17,5850
8996,高力,1044,251,793,統一,2023-11-17,5850
3715,定穎投控,914,282,632,統一,2023-11-17,5850
5347,世界,649,25,624,統一,2023-11-17,5850
00646,元大S＆P500,515,0,515,統一,2023-11-17,5850
4919,新唐,513,12,501,統一,2023-11-17,5850
00662,富邦NASDAQ,500,0,500,統一,2023-11-17,5850
020030,統一智慧電動車N,471,3,468,統一,2023-11-17,5850
3005,神基,553,141,412,統一,2023-11-17,5850
00864B,中信美國公債0-1,683,275,408,統一,2023-11-17,5850
4746,台耀,369,13,356,統一,2023-11-17,5850
2736,富野,353,18,335,統一,2023-11-17,5850
2360,致茂,334,5,329,統一,2023-11-17,5850
3706,神達,540,224,316,統一,2023-11-17,5850
9105,泰金寶-DR,250,4,246,統一,2023-11-17,5850
6142,友勁,240,0,240,統一,2023-11-17,5850
2748,雲品,298,72,226,統一,2023-11-17,5850
6695,芯鼎,228,14,214,統一,2023-11-17,5850
3443,創意,229,22,207,統一,2023-11-17,5850
00720B,元大投資級公司債,207,0,207,統一,2023-11-17,5850
3231,緯創,319,114,205,統一,2023-11-17,5850
3149,正達,184,2,182,統一,2023-11-17,5850
8932,智通*,217,39,178,統一,2023-11-17,5850
2888,新光金,215,53,162,統一,2023-11-17,5850
6125,廣運,353,194,159,統一,2023-11-17,5850
5531,鄉林,286,129,157,統一,2023-11-17,5850
3587,閎康,175,25,150,統一,2023-11-17,5850
6531,愛普*,227,83,144,統一,2023-11-17,5850
3228,金麗科,186,47,139,統一,2023-11-17,5850
3006,晶豪科,177,40,137,統一,2023-11-17,5850
6235,華孚,205,71,134,統一,2023-11-17,5850
8227,巨有科技,297,166,131,統一,2023-11-17,5850
3545,敦泰,211,88,123,統一,2023-11-17,5850
8464,億豐,118,0,118,統一,2023-11-17,5850
00679B,元大美債20年,112,0,112,統一,2023-11-17,5850
6558,興能高,117,6,111,統一,2023-11-17,5850
6805,富世達,117,9,108,統一,2023-11-17,5850
2371,大同,227,123,104,統一,2023-11-17,5850
6026,福邦證,104,0,104,統一,2023-11-17,5850
2634,漢翔,177,74,103,統一,2023-11-17,5850
2504,國產,102,1,101,統一,2023-11-17,5850
2345,智邦,113,14,99,統一,2023-11-17,5850
5351,鈺創,1388,99,1289,統一,2023-11-20,5850
2317,鴻海,1354,160,1194,統一,2023-11-20,5850
2313,華通,2512,1590,922,統一,2023-11-20,5850
3548,兆利,935,114,821,統一,2023-11-20,5850
1815,富喬,709,106,603,統一,2023-11-20,5850
3715,定穎投控,1094,513,581,統一,2023-11-20,5850
00669R,國泰美國道瓊反1,450,0,450,統一,2023-11-20,5850
1721,三晃,392,2,390,統一,2023-11-20,5850
6125,廣運,545,221,324,統一,2023-11-20,5850
8261,富鼎,425,106,319,統一,2023-11-20,5850
3227,原相,424,141,283,統一,2023-11-20,5850
2634,漢翔,308,31,277,統一,2023-11-20,5850
6233,旺玖,302,31,271,統一,2023-11-20,5850
00864B,中信美國公債0-1,666,407,259,統一,2023-11-20,5850
2516,新建,261,5,256,統一,2023-11-20,5850
2371,大同,285,48,237,統一,2023-11-20,5850
5258,虹堡,334,98,236,統一,2023-11-20,5850
2303,聯電,503,271,232,統一,2023-11-20,5850
2367,燿華,356,124,232,統一,2023-11-20,5850
2301,光寶科,257,27,230,統一,2023-11-20,5850
020030,統一智慧電動車N,249,20,229,統一,2023-11-20,5850
3006,晶豪科,426,207,219,統一,2023-11-20,5850
3059,華晶科,240,63,177,統一,2023-11-20,5850
2355,敬鵬,1254,1079,175,統一,2023-11-20,5850
6451,訊芯-KY,293,124,169,統一,2023-11-20,5850
3149,正達,216,49,167,統一,2023-11-20,5850
3231,緯創,454,292,162,統一,2023-11-20,5850
0050,元大台灣50,187,26,161,統一,2023-11-20,5850
3078,僑威,202,45,157,統一,2023-11-20,5850
6127,九豪,285,136,149,統一,2023-11-20,5850
2409,友達,315,167,148,統一,2023-11-20,5850
3362,先進光,255,108,147,統一,2023-11-20,5850
1515,力山,173,26,147,統一,2023-11-20,5850
2383,台光電,181,35,146,統一,2023-11-20,5850
5533,皇鼎,152,14,138,統一,2023-11-20,5850
6026,福邦證,130,0,130,統一,2023-11-20,5850
0056,元大高股息,131,1,130,統一,2023-11-20,5850
3443,創意,131,3,128,統一,2023-11-20,5850
4960,誠美材,180,53,127,統一,2023-11-20,5850
2106,建大,130,5,125,統一,2023-11-20,5850
6104,創惟,175,52,123,統一,2023-11-20,5850
3266,昇陽,124,1,123,統一,2023-11-20,5850
020025,統一亞洲半導體N,123,1,122,統一,2023-11-20,5850
2239,英利-KY,115,3,112,統一,2023-11-20,5850
4129,聯合,168,58,110,統一,2023-11-20,5850
5439,高技,153,50,103,統一,2023-11-20,5850
8155,博智,102,0,102,統一,2023-11-20,5850
6276,安鈦克,133,31,102,統一,2023-11-20,5850
6279,胡連,102,0,102,統一,2023-11-20,5850
3260,威剛,169,68,101,統一,2023-11-20,5850
3325,旭品,4391,1076,3315,統一,2023-11-21,5850
00881,國泰台灣5G+,1982,27,1955,統一,2023-11-21,5850
2543,皇昌,1085,99,986,統一,2023-11-21,5850
2382,廣達,1010,60,950,統一,2023-11-21,5850
3059,華晶科,1202,270,932,統一,2023-11-21,5850
3231,緯創,1407,698,709,統一,2023-11-21,5850
2356,英業達,1034,325,709,統一,2023-11-21,5850
2376,技嘉,869,216,653,統一,2023-11-21,5850
3037,欣興,648,80,568,統一,2023-11-21,5850
4306,炎洲,542,0,542,統一,2023-11-21,5850
2888,新光金,534,1,533,統一,2023-11-21,5850
2882,國泰金,523,28,495,統一,2023-11-21,5850
3694,海華,612,181,431,統一,2023-11-21,5850
020025,統一亞洲半導體N,387,12,375,統一,2023-11-21,5850
6789,采鈺,413,62,351,統一,2023-11-21,5850
2367,燿華,562,222,340,統一,2023-11-21,5850
00632R,元大台灣50反1,337,0,337,統一,2023-11-21,5850
020030,統一智慧電動車N,347,13,334,統一,2023-11-21,5850
3682,亞太電,321,0,321,統一,2023-11-21,5850
2516,新建,397,87,310,統一,2023-11-21,5850
1605,華新,339,46,293,統一,2023-11-21,5850
1721,三晃,260,0,260,統一,2023-11-21,5850
6282,康舒,320,64,256,統一,2023-11-21,5850
5347,世界,265,34,231,統一,2023-11-21,5850
2884,玉山金,253,26,227,統一,2023-11-21,5850
3047,訊舟,255,33,222,統一,2023-11-21,5850
2351,順德,230,11,219,統一,2023-11-21,5850
2405,輔信,236,27,209,統一,2023-11-21,5850
3483,力致,408,202,206,統一,2023-11-21,5850
00864B,中信美國公債0-1,404,202,202,統一,2023-11-21,5850
00720B,元大投資級公司債,207,5,202,統一,2023-11-21,5850
3583,辛耘,208,19,189,統一,2023-11-21,5850
3437,榮創,185,2,183,統一,2023-11-21,5850
2106,建大,175,1,174,統一,2023-11-21,5850
2388,威盛,401,230,171,統一,2023-11-21,5850
3515,華擎,156,2,154,統一,2023-11-21,5850
5533,皇鼎,170,24,146,統一,2023-11-21,5850
3005,神基,600,459,141,統一,2023-11-21,5850
4542,科嶠,140,1,139,統一,2023-11-21,5850
3287,廣寰科,138,1,137,統一,2023-11-21,5850
6806,森崴能源,167,38,129,統一,2023-11-21,5850
6805,富世達,124,13,111,統一,2023-11-21,5850
00715L,期街口布蘭特正2,187,76,111,統一,2023-11-21,5850
8932,智通*,130,19,111,統一,2023-11-21,5850
4746,台耀,197,88,109,統一,2023-11-21,5850
2380,虹光,150,43,107,統一,2023-11-21,5850
1101,台泥,111,11,100,統一,2023-11-21,5850
6239,力成,200,100,100,統一,2023-11-21,5850
00850,元大臺灣ESG永續,370,271,99,統一,2023-11-21,5850
6284,佳邦,214,116,98,統一,2023-11-21,5850
00878,國泰永續高股息,4023,243,3780,統一,2023-11-22,5850
3588,通嘉,2326,83,2243,統一,2023-11-22,5850
3682,亞太電,1896,0,1896,統一,2023-11-22,5850
6282,康舒,2751,968,1783,統一,2023-11-22,5850
1815,富喬,1416,79,1337,統一,2023-11-22,5850
8040,九暘,1101,6,1095,統一,2023-11-22,5850
00715L,期街口布蘭特正2,1031,0,1031,統一,2023-11-22,5850
2476,鉅祥,755,62,693,統一,2023-11-22,5850
2408,南亞科,655,12,643,統一,2023-11-22,5850
6239,力成,703,125,578,統一,2023-11-22,5850
2618,長榮航,1370,798,572,統一,2023-11-22,5850
2014,中鴻,527,10,517,統一,2023-11-22,5850
1504,東元,454,9,445,統一,2023-11-22,5850
8068,全達,446,5,441,統一,2023-11-22,5850
3694,海華,510,76,434,統一,2023-11-22,5850
3587,閎康,480,69,411,統一,2023-11-22,5850
3227,原相,496,95,401,統一,2023-11-22,5850
00881,國泰台灣5G+,399,0,399,統一,2023-11-22,5850
6411,晶焱,402,12,390,統一,2023-11-22,5850
00864B,中信美國公債0-1,1077,720,357,統一,2023-11-22,5850
1721,三晃,349,0,349,統一,2023-11-22,5850
3362,先進光,456,130,326,統一,2023-11-22,5850
3169,亞信,318,19,299,統一,2023-11-22,5850
2317,鴻海,383,95,288,統一,2023-11-22,5850
5347,世界,338,55,283,統一,2023-11-22,5850
6243,迅杰,286,15,271,統一,2023-11-22,5850
3035,智原,357,113,244,統一,2023-11-22,5850
5351,鈺創,440,204,236,統一,2023-11-22,5850
2442,新美齊,369,151,218,統一,2023-11-22,5850
6533,晶心科,252,34,218,統一,2023-11-22,5850
3521,鴻翊,203,2,201,統一,2023-11-22,5850
1605,華新,321,122,199,統一,2023-11-22,5850
6104,創惟,257,71,186,統一,2023-11-22,5850
6756,威鋒電子,206,20,186,統一,2023-11-22,5850
3548,兆利,259,75,184,統一,2023-11-22,5850
4968,立積,196,21,175,統一,2023-11-22,5850
3437,榮創,198,39,159,統一,2023-11-22,5850
1449,佳和,191,33,158,統一,2023-11-22,5850
3037,欣興,240,91,149,統一,2023-11-22,5850
1402,遠東新,151,3,148,統一,2023-11-22,5850
2492,華新科,193,51,142,統一,2023-11-22,5850
4919,新唐,166,32,134,統一,2023-11-22,5850
3583,辛耘,431,306,125,統一,2023-11-22,5850
2367,燿華,208,84,124,統一,2023-11-22,5850
2308,台達電,134,10,124,統一,2023-11-22,5850
2303,聯電,200,81,119,統一,2023-11-22,5850
00909,國泰數位支付服務,121,10,111,統一,2023-11-22,5850
9958,世紀鋼,132,24,108,統一,2023-11-22,5850
1560,中砂,216,110,106,統一,2023-11-22,5850
5210,寶碩,107,4,103,統一,2023-11-22,5850
3682,亞太電,2842,0,2842,統一,2023-11-23,5850
2618,長榮航,3441,1030,2411,統一,2023-11-23,5850
00632R,元大台灣50反1,1801,10,1791,統一,2023-11-23,5850
5351,鈺創,3308,1585,1723,統一,2023-11-23,5850
00646,元大S＆P500,1000,0,1000,統一,2023-11-23,5850
00772B,中信高評級公司債,827,117,710,統一,2023-11-23,5850
2457,飛宏,892,260,632,統一,2023-11-23,5850
3122,笙泉,1473,894,579,統一,2023-11-23,5850
5347,世界,783,258,525,統一,2023-11-23,5850
2313,華通,833,326,507,統一,2023-11-23,5850
3078,僑威,683,271,412,統一,2023-11-23,5850
6125,廣運,938,584,354,統一,2023-11-23,5850
6164,華興,346,13,333,統一,2023-11-23,5850
1605,華新,427,107,320,統一,2023-11-23,5850
2023,燁輝,316,4,312,統一,2023-11-23,5850
3437,榮創,1587,1280,307,統一,2023-11-23,5850
3530,晶相光,344,44,300,統一,2023-11-23,5850
2455,全新,369,77,292,統一,2023-11-23,5850
1477,聚陽,293,18,275,統一,2023-11-23,5850
1513,中興電,344,71,273,統一,2023-11-23,5850
3005,神基,318,49,269,統一,2023-11-23,5850
3227,原相,412,153,259,統一,2023-11-23,5850
3260,威剛,303,47,256,統一,2023-11-23,5850
4956,光鋐,241,0,241,統一,2023-11-23,5850
3105,穩懋,294,66,228,統一,2023-11-23,5850
6245,立端,306,82,224,統一,2023-11-23,5850
2408,南亞科,214,6,208,統一,2023-11-23,5850
00773B,中信優先金融債,207,0,207,統一,2023-11-23,5850
6770,力積電,258,52,206,統一,2023-11-23,5850
00673R,期元大S＆P原油反1,257,53,204,統一,2023-11-23,5850
3006,晶豪科,962,760,202,統一,2023-11-23,5850
2356,英業達,295,94,201,統一,2023-11-23,5850
00864B,中信美國公債0-1,837,636,201,統一,2023-11-23,5850
2492,華新科,250,66,184,統一,2023-11-23,5850
3706,神達,234,58,176,統一,2023-11-23,5850
3617,碩天,206,35,171,統一,2023-11-23,5850
5871,中租-KY,138,0,138,統一,2023-11-23,5850
2634,漢翔,230,99,131,統一,2023-11-23,5850
8086,宏捷科,203,76,127,統一,2023-11-23,5850
6789,采鈺,378,252,126,統一,2023-11-23,5850
5251,天鉞電,123,0,123,統一,2023-11-23,5850
3666,光耀,122,0,122,統一,2023-11-23,5850
6719,力智,183,63,120,統一,2023-11-23,5850
4188,安克,124,8,116,統一,2023-11-23,5850
00637L,元大滬深300正2,114,0,114,統一,2023-11-23,5850
2312,金寶,117,5,112,統一,2023-11-23,5850
2417,圓剛,239,133,106,統一,2023-11-23,5850
6691,洋基工程,125,22,103,統一,2023-11-23,5850
6494,九齊,169,67,102,統一,2023-11-23,5850
8011,台通,105,3,102,統一,2023-11-23,5850
3682,亞太電,2407,1,2406,統一,2023-11-24,5850
2634,漢翔,1523,65,1458,統一,2023-11-24,5850
1514,亞力,1380,57,1323,統一,2023-11-24,5850
1513,中興電,1897,735,1162,統一,2023-11-24,5850
8086,宏捷科,1058,122,936,統一,2023-11-24,5850
1605,華新,630,53,577,統一,2023-11-24,5850
2313,華通,1062,569,493,統一,2023-11-24,5850
3094,聯傑,813,385,428,統一,2023-11-24,5850
00919,群益台灣精選高息,414,13,401,統一,2023-11-24,5850
8222,寶一,452,56,396,統一,2023-11-24,5850
2408,南亞科,802,416,386,統一,2023-11-24,5850
3583,辛耘,435,70,365,統一,2023-11-24,5850
2371,大同,424,71,353,統一,2023-11-24,5850
1584,精剛,402,72,330,統一,2023-11-24,5850
00864B,中信美國公債0-1,441,116,325,統一,2023-11-24,5850
2367,燿華,359,41,318,統一,2023-11-24,5850
4915,致伸,302,0,302,統一,2023-11-24,5850
5258,虹堡,373,90,283,統一,2023-11-24,5850
5425,台半,315,33,282,統一,2023-11-24,5850
6245,立端,563,286,277,統一,2023-11-24,5850
2363,矽統,542,269,273,統一,2023-11-24,5850
3324,雙鴻,335,67,268,統一,2023-11-24,5850
2308,台達電,267,27,240,統一,2023-11-24,5850
1504,東元,231,4,227,統一,2023-11-24,5850
2492,華新科,343,133,210,統一,2023-11-24,5850
2023,燁輝,211,2,209,統一,2023-11-24,5850
4919,新唐,219,13,206,統一,2023-11-24,5850
6239,力成,200,0,200,統一,2023-11-24,5850
1519,華城,202,23,179,統一,2023-11-24,5850
020030,統一智慧電動車N,179,5,174,統一,2023-11-24,5850
1477,聚陽,247,79,168,統一,2023-11-24,5850
020025,統一亞洲半導體N,158,8,150,統一,2023-11-24,5850
2454,聯發科,176,27,149,統一,2023-11-24,5850
2368,金像電,146,2,144,統一,2023-11-24,5850
8932,智通*,149,11,138,統一,2023-11-24,5850
3105,穩懋,390,257,133,統一,2023-11-24,5850
6122,擎邦,172,43,129,統一,2023-11-24,5850
2455,全新,392,264,128,統一,2023-11-24,5850
1603,華電,137,13,124,統一,2023-11-24,5850
2630,亞航,150,35,115,統一,2023-11-24,5850
2888,新光金,134,19,115,統一,2023-11-24,5850
6579,研揚,124,13,111,統一,2023-11-24,5850
2436,偉詮電,136,30,106,統一,2023-11-24,5850
00632R,元大台灣50反1,111,5,106,統一,2023-11-24,5850
1402,遠東新,106,4,102,統一,2023-11-24,5850
8068,全達,120,19,101,統一,2023-11-24,5850
2731,雄獅,273,176,97,統一,2023-11-24,5850
8996,高力,179,82,97,統一,2023-11-24,5850
6805,富世達,115,21,94,統一,2023-11-24,5850
2327,國巨,136,46,90,統一,2023-11-24,5850
3682,亞太電,3253,0,3253,統一,2023-11-27,5850
00632R,元大台灣50反1,2075,102,1973,統一,2023-11-27,5850
4960,誠美材,1710,30,1680,統一,2023-11-27,5850
1701,中化,1117,37,1080,統一,2023-11-27,5850
2883,凱基金,1159,101,1058,統一,2023-11-27,5850
4114,健喬,1054,75,979,統一,2023-11-27,5850
2313,華通,1308,668,640,統一,2023-11-27,5850
3711,日月光投控,616,2,614,統一,2023-11-27,5850
2476,鉅祥,497,64,433,統一,2023-11-27,5850
2462,良得電,433,1,432,統一,2023-11-27,5850
1795,美時,448,71,377,統一,2023-11-27,5850
00931B,統一美債20年,354,0,354,統一,2023-11-27,5850
9105,泰金寶-DR,310,0,310,統一,2023-11-27,5850
8054,安國,306,49,257,統一,2023-11-27,5850
9919,康那香,206,0,206,統一,2023-11-27,5850
1760,寶齡富錦,354,153,201,統一,2023-11-27,5850
1616,億泰,200,0,200,統一,2023-11-27,5850
4173,久裕,200,0,200,統一,2023-11-27,5850
8227,巨有科技,197,16,181,統一,2023-11-27,5850
2634,漢翔,484,305,179,統一,2023-11-27,5850
0050,元大台灣50,168,0,168,統一,2023-11-27,5850
1752,南光,165,14,151,統一,2023-11-27,5850
1781,合世,144,0,144,統一,2023-11-27,5850
8932,智通*,144,4,140,統一,2023-11-27,5850
5258,虹堡,276,141,135,統一,2023-11-27,5850
6204,艾華,150,18,132,統一,2023-11-27,5850
4121,優盛,135,4,131,統一,2023-11-27,5850
2645,長榮航太,138,10,128,統一,2023-11-27,5850
6517,保勝光學,143,21,122,統一,2023-11-27,5850
3041,揚智,499,387,112,統一,2023-11-27,5850
2457,飛宏,226,122,104,統一,2023-11-27,5850
4171,瑞基,104,0,104,統一,2023-11-27,5850
2471,資通,103,0,103,統一,2023-11-27,5850
6127,九豪,117,14,103,統一,2023-11-27,5850
1503,士電,221,118,103,統一,2023-11-27,5850
2427,三商電,103,2,101,統一,2023-11-27,5850
2504,國產,101,1,100,統一,2023-11-27,5850
2449,京元電子,139,42,97,統一,2023-11-27,5850
2329,華泰,180,97,83,統一,2023-11-27,5850
4188,安克,113,31,82,統一,2023-11-27,5850
5292,華懋,85,6,79,統一,2023-11-27,5850
020025,統一亞洲半導體N,76,0,76,統一,2023-11-27,5850
00637L,元大滬深300正2,140,65,75,統一,2023-11-27,5850
3034,聯詠,132,58,74,統一,2023-11-27,5850
6598,ABC-KY,73,0,73,統一,2023-11-27,5850
5487,通泰,76,3,73,統一,2023-11-27,5850
3715,定穎投控,163,90,73,統一,2023-11-27,5850
6691,洋基工程,79,7,72,統一,2023-11-27,5850
8467,波力-KY,70,1,69,統一,2023-11-27,5850
4746,台耀,125,56,69,統一,2023-11-27,5850
3682,亞太電,3128,0,3128,統一,2023-11-28,5850
00878,國泰永續高股息,1502,6,1496,統一,2023-11-28,5850
9919,康那香,1393,230,1163,統一,2023-11-28,5850
3122,笙泉,1136,178,958,統一,2023-11-28,5850
2383,台光電,1087,341,746,統一,2023-11-28,5850
5381,合正,633,4,629,統一,2023-11-28,5850
2388,威盛,936,412,524,統一,2023-11-28,5850
5351,鈺創,1157,646,511,統一,2023-11-28,5850
1513,中興電,881,393,488,統一,2023-11-28,5850
2329,華泰,886,429,457,統一,2023-11-28,5850
2367,燿華,547,105,442,統一,2023-11-28,5850
2356,英業達,552,124,428,統一,2023-11-28,5850
2634,漢翔,470,103,367,統一,2023-11-28,5850
1303,南亞,392,34,358,統一,2023-11-28,5850
2357,華碩,366,11,355,統一,2023-11-28,5850
0050,元大台灣50,346,11,335,統一,2023-11-28,5850
2344,華邦電,336,14,322,統一,2023-11-28,5850
5388,中磊,320,3,317,統一,2023-11-28,5850
6488,環球晶,356,46,310,統一,2023-11-28,5850
3178,公準,308,7,301,統一,2023-11-28,5850
8150,南茂,300,0,300,統一,2023-11-28,5850
3037,欣興,724,425,299,統一,2023-11-28,5850
2313,華通,1966,1677,289,統一,2023-11-28,5850
6243,迅杰,448,161,287,統一,2023-11-28,5850
2405,輔信,359,78,281,統一,2023-11-28,5850
6245,立端,434,164,270,統一,2023-11-28,5850
1616,億泰,272,3,269,統一,2023-11-28,5850
2881,富邦金,267,9,258,統一,2023-11-28,5850
2377,微星,257,2,255,統一,2023-11-28,5850
2303,聯電,551,307,244,統一,2023-11-28,5850
2610,華航,411,169,242,統一,2023-11-28,5850
8299,群聯,248,12,236,統一,2023-11-28,5850
6276,安鈦克,333,98,235,統一,2023-11-28,5850
9904,寶成,225,4,221,統一,2023-11-28,5850
3545,敦泰,408,193,215,統一,2023-11-28,5850
2409,友達,417,202,215,統一,2023-11-28,5850
2327,國巨,261,51,210,統一,2023-11-28,5850
6415,矽力*-KY,231,22,209,統一,2023-11-28,5850
8996,高力,251,57,194,統一,2023-11-28,5850
3105,穩懋,292,112,180,統一,2023-11-28,5850
3715,定穎投控,614,435,179,統一,2023-11-28,5850
4945,陞達科技,192,18,174,統一,2023-11-28,5850
3481,群創,188,23,165,統一,2023-11-28,5850
6462,神盾,322,164,158,統一,2023-11-28,5850
00850,元大臺灣ESG永續,408,250,158,統一,2023-11-28,5850
3006,晶豪科,204,52,152,統一,2023-11-28,5850
1802,台玻,176,34,142,統一,2023-11-28,5850
020025,統一亞洲半導體N,176,40,136,統一,2023-11-28,5850
2401,凌陽,297,171,126,統一,2023-11-28,5850
2385,群光,138,16,122,統一,2023-11-28,5850
00900,富邦特選高股息30,2998,17,2981,統一,2023-11-29,5850
5381,合正,1424,108,1316,統一,2023-11-29,5850
2472,立隆電,1267,27,1240,統一,2023-11-29,5850
6789,采鈺,901,25,876,統一,2023-11-29,5850
2492,華新科,1041,356,685,統一,2023-11-29,5850
5009,榮剛,642,9,633,統一,2023-11-29,5850
2329,華泰,1438,809,629,統一,2023-11-29,5850
3704,合勤控,652,113,539,統一,2023-11-29,5850
4919,新唐,641,107,534,統一,2023-11-29,5850
4979,華星光,550,42,508,統一,2023-11-29,5850
3682,亞太電,479,4,475,統一,2023-11-29,5850
3047,訊舟,460,5,455,統一,2023-11-29,5850
6117,迎廣,493,41,452,統一,2023-11-29,5850
3035,智原,1077,632,445,統一,2023-11-29,5850
2439,美律,460,24,436,統一,2023-11-29,5850
6485,點序,556,129,427,統一,2023-11-29,5850
3036,文曄,632,206,426,統一,2023-11-29,5850
00864B,中信美國公債0-1,600,215,385,統一,2023-11-29,5850
2388,威盛,617,233,384,統一,2023-11-29,5850
3231,緯創,496,136,360,統一,2023-11-29,5850
2458,義隆,404,54,350,統一,2023-11-29,5850
2369,菱生,791,442,349,統一,2023-11-29,5850
1449,佳和,502,181,321,統一,2023-11-29,5850
8096,擎亞,304,0,304,統一,2023-11-29,5850
2385,群光,314,19,295,統一,2023-11-29,5850
3090,日電貿,270,2,268,統一,2023-11-29,5850
1325,恆大,387,122,265,統一,2023-11-29,5850
5328,華容,315,51,264,統一,2023-11-29,5850
020030,統一智慧電動車N,261,3,258,統一,2023-11-29,5850
4442,竣邦-KY,245,0,245,統一,2023-11-29,5850
3037,欣興,296,66,230,統一,2023-11-29,5850
3325,旭品,222,4,218,統一,2023-11-29,5850
3147,大綜,207,3,204,統一,2023-11-29,5850
3227,原相,346,143,203,統一,2023-11-29,5850
00893,國泰智能電動車,200,1,199,統一,2023-11-29,5850
8210,勤誠,212,22,190,統一,2023-11-29,5850
00665L,富邦�琤肭磪囓�2,195,10,185,統一,2023-11-29,5850
9105,泰金寶-DR,174,0,174,統一,2023-11-29,5850
3623,富晶通,161,9,152,統一,2023-11-29,5850
8112,至上,249,98,151,統一,2023-11-29,5850
2504,國產,150,0,150,統一,2023-11-29,5850
6271,同欣電,341,192,149,統一,2023-11-29,5850
6284,佳邦,218,70,148,統一,2023-11-29,5850
1795,美時,167,31,136,統一,2023-11-29,5850
00637L,元大滬深300正2,154,23,131,統一,2023-11-29,5850
2377,微星,153,35,118,統一,2023-11-29,5850
1752,南光,123,5,118,統一,2023-11-29,5850
020025,統一亞洲半導體N,112,0,112,統一,2023-11-29,5850
3105,穩懋,326,215,111,統一,2023-11-29,5850
6531,愛普*,184,75,109,統一,2023-11-29,5850
00900,富邦特選高股息30,3252,0,3252,統一,2023-11-30,5850
2303,聯電,2736,69,2667,統一,2023-11-30,5850
00715L,期街口布蘭特正2,2439,44,2395,統一,2023-11-30,5850
3682,亞太電,2006,0,2006,統一,2023-11-30,5850
8086,宏捷科,2131,536,1595,統一,2023-11-30,5850
1605,華新,1030,69,961,統一,2023-11-30,5850
2368,金像電,917,118,799,統一,2023-11-30,5850
5009,榮剛,804,65,739,統一,2023-11-30,5850
5521,工信,701,50,651,統一,2023-11-30,5850
3005,神基,635,51,584,統一,2023-11-30,5850
2353,宏��,598,74,524,統一,2023-11-30,5850
5381,合正,684,165,519,統一,2023-11-30,5850
2338,光罩,535,32,503,統一,2023-11-30,5850
1102,亞泥,451,0,451,統一,2023-11-30,5850
3050,鈺德,444,0,444,統一,2023-11-30,5850
9919,康那香,1196,759,437,統一,2023-11-30,5850
1319,東陽,408,1,407,統一,2023-11-30,5850
2481,強茂,445,49,396,統一,2023-11-30,5850
1582,信錦,458,97,361,統一,2023-11-30,5850
5478,智冠,393,57,336,統一,2023-11-30,5850
8096,擎亞,339,35,304,統一,2023-11-30,5850
3231,緯創,519,219,300,統一,2023-11-30,5850
3623,富晶通,265,9,256,統一,2023-11-30,5850
3034,聯詠,304,73,231,統一,2023-11-30,5850
00830,國泰費城半導體,232,1,231,統一,2023-11-30,5850
1519,華城,309,90,219,統一,2023-11-30,5850
2405,輔信,234,18,216,統一,2023-11-30,5850
2332,友訊,208,13,195,統一,2023-11-30,5850
3037,欣興,241,49,192,統一,2023-11-30,5850
4909,新復興,198,7,191,統一,2023-11-30,5850
8299,群聯,216,38,178,統一,2023-11-30,5850
6693,廣閎科,175,0,175,統一,2023-11-30,5850
3228,金麗科,179,20,159,統一,2023-11-30,5850
1476,儒鴻,167,9,158,統一,2023-11-30,5850
3515,華擎,190,33,157,統一,2023-11-30,5850
3704,合勤控,317,163,154,統一,2023-11-30,5850
3325,旭品,143,1,142,統一,2023-11-30,5850
2329,華泰,1202,1074,128,統一,2023-11-30,5850
3373,熱映,309,181,128,統一,2023-11-30,5850
2467,志聖,128,1,127,統一,2023-11-30,5850
2413,環科,126,0,126,統一,2023-11-30,5850
3045,台灣大,123,0,123,統一,2023-11-30,5850
5328,華容,248,126,122,統一,2023-11-30,5850
1616,億泰,202,83,119,統一,2023-11-30,5850
020030,統一智慧電動車N,137,20,117,統一,2023-11-30,5850
2359,所羅門,126,15,111,統一,2023-11-30,5850
8097,常珵,110,0,110,統一,2023-11-30,5850
3035,智原,523,416,107,統一,2023-11-30,5850
3043,科風,105,1,104,統一,2023-11-30,5850
5371,中光電,105,4,101,統一,2023-11-30,5850
2367,燿華,4027,463,3564,統一,2023-12-01,5850
3715,定穎投控,2362,969,1393,統一,2023-12-01,5850
2303,聯電,1381,71,1310,統一,2023-12-01,5850
6233,旺玖,978,64,914,統一,2023-12-01,5850
2355,敬鵬,1057,164,893,統一,2023-12-01,5850
00706L,期元大S＆P日圓正2,895,13,882,統一,2023-12-01,5850
4167,松瑞藥,847,23,824,統一,2023-12-01,5850
5009,榮剛,857,84,773,統一,2023-12-01,5850
2329,華泰,1214,470,744,統一,2023-12-01,5850
2641,正德,828,139,689,統一,2023-12-01,5850
2476,鉅祥,780,97,683,統一,2023-12-01,5850
5521,工信,700,50,650,統一,2023-12-01,5850
4909,新復興,617,104,513,統一,2023-12-01,5850
2409,友達,477,15,462,統一,2023-12-01,5850
1605,華新,438,18,420,統一,2023-12-01,5850
2357,華碩,449,30,419,統一,2023-12-01,5850
6239,力成,570,156,414,統一,2023-12-01,5850
3682,亞太電,433,20,413,統一,2023-12-01,5850
3231,緯創,483,103,380,統一,2023-12-01,5850
1795,美時,477,105,372,統一,2023-12-01,5850
3036,文曄,429,57,372,統一,2023-12-01,5850
5439,高技,570,211,359,統一,2023-12-01,5850
4114,健喬,351,46,305,統一,2023-12-01,5850
6245,立端,329,25,304,統一,2023-12-01,5850
1582,信錦,1262,977,285,統一,2023-12-01,5850
2504,國產,275,5,270,統一,2023-12-01,5850
8097,常珵,245,0,245,統一,2023-12-01,5850
6579,研揚,244,2,242,統一,2023-12-01,5850
3260,威剛,268,30,238,統一,2023-12-01,5850
00830,國泰費城半導體,238,0,238,統一,2023-12-01,5850
6125,廣運,279,41,238,統一,2023-12-01,5850
5426,振發,236,1,235,統一,2023-12-01,5850
2382,廣達,583,355,228,統一,2023-12-01,5850
3693,營邦,236,9,227,統一,2023-12-01,5850
3706,神達,404,178,226,統一,2023-12-01,5850
3481,群創,247,26,221,統一,2023-12-01,5850
6117,迎廣,683,475,208,統一,2023-12-01,5850
1325,恆大,603,414,189,統一,2023-12-01,5850
3483,力致,218,35,183,統一,2023-12-01,5850
3138,耀登,176,1,175,統一,2023-12-01,5850
2383,台光電,249,82,167,統一,2023-12-01,5850
1504,東元,173,11,162,統一,2023-12-01,5850
4561,健椿,222,61,161,統一,2023-12-01,5850
5328,華容,790,630,160,統一,2023-12-01,5850
5202,力新,130,1,129,統一,2023-12-01,5850
2492,華新科,437,313,124,統一,2023-12-01,5850
2609,陽明,195,70,125,統一,2023-12-01,5850
3362,先進光,165,46,119,統一,2023-12-01,5850
020030,統一智慧電動車N,115,2,113,統一,2023-12-01,5850
6922,宸曜,111,0,111,統一,2023-12-01,5850
2303,聯電,4477,120,4357,統一,2023-12-04,5850
00878,國泰永續高股息,4042,30,4012,統一,2023-12-04,5850
1513,中興電,1664,236,1428,統一,2023-12-04,5850
2637,慧洋-KY,1320,44,1276,統一,2023-12-04,5850
2606,裕民,1371,162,1209,統一,2023-12-04,5850
3481,群創,1386,278,1108,統一,2023-12-04,5850
2105,正新,1175,92,1083,統一,2023-12-04,5850
1101,台泥,963,9,954,統一,2023-12-04,5850
1795,美時,922,52,870,統一,2023-12-04,5850
2618,長榮航,1177,464,713,統一,2023-12-04,5850
2615,萬海,788,112,676,統一,2023-12-04,5850
2634,漢翔,719,80,639,統一,2023-12-04,5850
5521,工信,600,2,598,統一,2023-12-04,5850
2382,廣達,598,18,580,統一,2023-12-04,5850
2367,燿華,3555,2998,557,統一,2023-12-04,5850
1504,東元,518,45,473,統一,2023-12-04,5850
2601,益航,472,30,442,統一,2023-12-04,5850
5483,中美晶,453,14,439,統一,2023-12-04,5850
3013,晟銘電,1176,746,430,統一,2023-12-04,5850
3682,亞太電,428,33,395,統一,2023-12-04,5850
2610,華航,449,55,394,統一,2023-12-04,5850
8086,宏捷科,449,62,387,統一,2023-12-04,5850
00740B,富邦全球投等債,889,537,352,統一,2023-12-04,5850
2476,鉅祥,502,160,342,統一,2023-12-04,5850
2388,威盛,526,203,323,統一,2023-12-04,5850
2489,瑞軒,320,0,320,統一,2023-12-04,5850
2605,新興,456,140,316,統一,2023-12-04,5850
1519,華城,422,107,315,統一,2023-12-04,5850
2027,大成鋼,347,35,312,統一,2023-12-04,5850
3437,榮創,370,64,306,統一,2023-12-04,5850
2312,金寶,305,2,303,統一,2023-12-04,5850
00696B,富邦美債20年,1015,715,300,統一,2023-12-04,5850
2023,燁輝,297,5,292,統一,2023-12-04,5850
1514,亞力,529,244,285,統一,2023-12-04,5850
2405,輔信,327,50,277,統一,2023-12-04,5850
2611,志信,275,1,274,統一,2023-12-04,5850
3702,大聯大,276,4,272,統一,2023-12-04,5850
2617,台航,280,24,256,統一,2023-12-04,5850
2538,基泰,245,0,245,統一,2023-12-04,5850
3715,定穎投控,658,417,241,統一,2023-12-04,5850
8390,金益鼎,249,12,237,統一,2023-12-04,5850
2031,新光鋼,234,5,229,統一,2023-12-04,5850
2357,華碩,300,77,223,統一,2023-12-04,5850
4961,天鈺,300,85,215,統一,2023-12-04,5850
2486,一詮,230,19,211,統一,2023-12-04,5850
3587,閎康,217,17,200,統一,2023-12-04,5850
8183,精星,200,2,198,統一,2023-12-04,5850
2613,中櫃,194,6,188,統一,2023-12-04,5850
1781,合世,183,0,183,統一,2023-12-04,5850
00931B,統一美債20年,247,70,177,統一,2023-12-04,5850
2419,仲琦,3398,4,3394,統一,2023-12-05,5850
2605,新興,3390,879,2511,統一,2023-12-05,5850
9105,泰金寶-DR,2241,0,2241,統一,2023-12-05,5850
1513,中興電,2534,499,2035,統一,2023-12-05,5850
2890,永豐金,1806,0,1806,統一,2023-12-05,5850
2353,宏��,1532,3,1529,統一,2023-12-05,5850
3050,鈺德,1925,587,1338,統一,2023-12-05,5850
9919,康那香,952,99,853,統一,2023-12-05,5850
1503,士電,959,229,730,統一,2023-12-05,5850
2303,聯電,943,235,708,統一,2023-12-05,5850
2105,正新,712,10,702,統一,2023-12-05,5850
5521,工信,681,2,679,統一,2023-12-05,5850
5483,中美晶,723,73,650,統一,2023-12-05,5850
2881,富邦金,510,0,510,統一,2023-12-05,5850
6285,啟��,514,23,491,統一,2023-12-05,5850
3005,神基,433,15,418,統一,2023-12-05,5850
5876,上海商銀,404,4,400,統一,2023-12-05,5850
4938,和碩,352,9,343,統一,2023-12-05,5850
9103,美德醫療-DR,335,1,334,統一,2023-12-05,5850
2330,台積電,447,134,313,統一,2023-12-05,5850
1514,亞力,628,343,285,統一,2023-12-05,5850
2409,友達,407,122,285,統一,2023-12-05,5850
2352,佳世達,323,72,251,統一,2023-12-05,5850
020031,統一IC設計臺灣N,357,113,244,統一,2023-12-05,5850
2611,志信,279,63,216,統一,2023-12-05,5850
1402,遠東新,212,0,212,統一,2023-12-05,5850
2449,京元電子,216,6,210,統一,2023-12-05,5850
2301,光寶科,217,12,205,統一,2023-12-05,5850
2382,廣達,254,50,204,統一,2023-12-05,5850
1304,台聚,201,0,201,統一,2023-12-05,5850
1781,合世,350,152,198,統一,2023-12-05,5850
2612,中航,484,301,183,統一,2023-12-05,5850
1795,美時,265,82,183,統一,2023-12-05,5850
3373,熱映,182,0,182,統一,2023-12-05,5850
6742,澤米,171,0,171,統一,2023-12-05,5850
1506,正道,157,0,157,統一,2023-12-05,5850
3290,東浦,190,36,154,統一,2023-12-05,5850
3708,上緯投控,158,6,152,統一,2023-12-05,5850
00936,台新永續高息中小,150,1,149,統一,2023-12-05,5850
6425,易發,151,6,145,統一,2023-12-05,5850
2014,中鴻,150,6,144,統一,2023-12-05,5850
2103,台橡,141,1,140,統一,2023-12-05,5850
2317,鴻海,166,27,139,統一,2023-12-05,5850
2467,志聖,131,0,131,統一,2023-12-05,5850
8097,常珵,123,0,123,統一,2023-12-05,5850
00909,國泰數位支付服務,333,212,121,統一,2023-12-05,5850
6811,宏�硌穈T,135,18,117,統一,2023-12-05,5850
6148,驊宏資,115,4,111,統一,2023-12-05,5850
8932,智通*,110,1,109,統一,2023-12-05,5850
00637L,元大滬深300正2,114,6,108,統一,2023-12-05,5850
00679B,元大美債20年,2333,10,2323,統一,2023-12-06,5850
2399,映泰,1693,138,1555,統一,2023-12-06,5850
8054,安國,1335,171,1164,統一,2023-12-06,5850
9919,康那香,1753,786,967,統一,2023-12-06,5850
2425,承啟,1015,68,947,統一,2023-12-06,5850
5426,振發,1011,124,887,統一,2023-12-06,5850
00893,國泰智能電動車,997,189,808,統一,2023-12-06,5850
9105,泰金寶-DR,775,0,775,統一,2023-12-06,5850
2449,京元電子,808,47,761,統一,2023-12-06,5850
5009,榮剛,676,55,621,統一,2023-12-06,5850
1325,恆大,667,90,577,統一,2023-12-06,5850
3041,揚智,741,190,551,統一,2023-12-06,5850
6462,神盾,530,34,496,統一,2023-12-06,5850
2845,遠東銀,501,7,494,統一,2023-12-06,5850
3479,安勤,592,111,481,統一,2023-12-06,5850
1605,華新,434,11,423,統一,2023-12-06,5850
4561,健椿,389,0,389,統一,2023-12-06,5850
2641,正德,510,152,358,統一,2023-12-06,5850
2606,裕民,493,142,351,統一,2023-12-06,5850
1618,合機,366,17,349,統一,2023-12-06,5850
2330,台積電,413,73,340,統一,2023-12-06,5850
3006,晶豪科,355,32,323,統一,2023-12-06,5850
8071,能率網通,318,0,318,統一,2023-12-06,5850
00706L,期元大S＆P日圓正2,347,41,306,統一,2023-12-06,5850
8097,常珵,351,51,300,統一,2023-12-06,5850
2404,漢唐,365,68,297,統一,2023-12-06,5850
6239,力成,287,3,284,統一,2023-12-06,5850
3231,緯創,345,71,274,統一,2023-12-06,5850
6150,撼訊,283,17,266,統一,2023-12-06,5850
00720B,元大投資級公司債,249,32,217,統一,2023-12-06,5850
2376,技嘉,295,84,211,統一,2023-12-06,5850
2102,泰豐,231,20,211,統一,2023-12-06,5850
6147,頎邦,241,34,207,統一,2023-12-06,5850
6684,安格,211,4,207,統一,2023-12-06,5850
1304,台聚,200,0,200,統一,2023-12-06,5850
8932,智通*,202,5,197,統一,2023-12-06,5850
2204,中華,304,114,190,統一,2023-12-06,5850
2618,長榮航,369,183,186,統一,2023-12-06,5850
6243,迅杰,241,56,185,統一,2023-12-06,5850
2504,國產,169,0,169,統一,2023-12-06,5850
6140,訊達,235,75,160,統一,2023-12-06,5850
2049,上銀,157,1,156,統一,2023-12-06,5850
2014,中鴻,152,2,150,統一,2023-12-06,5850
1308,亞聚,150,0,150,統一,2023-12-06,5850
8086,宏捷科,451,305,146,統一,2023-12-06,5850
5351,鈺創,198,53,145,統一,2023-12-06,5850
2454,聯發科,200,57,143,統一,2023-12-06,5850
1616,億泰,150,10,140,統一,2023-12-06,5850
1319,東陽,619,480,139,統一,2023-12-06,5850
5258,虹堡,151,13,138,統一,2023-12-06,5850
1609,大亞,2554,104,2450,統一,2023-12-07,5850
00679B,元大美債20年,3739,1332,2407,統一,2023-12-07,5850
2312,金寶,1754,323,1431,統一,2023-12-07,5850
2618,長榮航,1823,811,1012,統一,2023-12-07,5850
00673R,期元大S＆P原油反1,1000,21,979,統一,2023-12-07,5850
00646,元大S＆P500,707,1,706,統一,2023-12-07,5850
2314,台揚,719,21,698,統一,2023-12-07,5850
2371,大同,1302,607,695,統一,2023-12-07,5850
00632R,元大台灣50反1,601,0,601,統一,2023-12-07,5850
5521,工信,645,44,601,統一,2023-12-07,5850
2376,技嘉,669,142,527,統一,2023-12-07,5850
1503,士電,844,339,505,統一,2023-12-07,5850
2476,鉅祥,520,27,493,統一,2023-12-07,5850
2357,華碩,452,3,449,統一,2023-12-07,5850
3231,緯創,679,242,437,統一,2023-12-07,5850
3005,神基,431,99,332,統一,2023-12-07,5850
00715L,期街口布蘭特正2,358,32,326,統一,2023-12-07,5850
00712,復華富時不動產,298,9,289,統一,2023-12-07,5850
3444,利機,325,39,286,統一,2023-12-07,5850
2383,台光電,281,26,255,統一,2023-12-07,5850
8354,冠好,254,4,250,統一,2023-12-07,5850
2504,國產,253,5,248,統一,2023-12-07,5850
6112,邁達特,388,145,243,統一,2023-12-07,5850
4939,亞電,231,6,225,統一,2023-12-07,5850
1324,地球,227,4,223,統一,2023-12-07,5850
1605,華新,272,57,215,統一,2023-12-07,5850
5230,雷笛克光學,207,15,192,統一,2023-12-07,5850
1477,聚陽,219,36,183,統一,2023-12-07,5850
2368,金像電,290,108,182,統一,2023-12-07,5850
6274,台燿,229,52,177,統一,2023-12-07,5850
8034,榮群,176,2,174,統一,2023-12-07,5850
3017,奇鋐,188,34,154,統一,2023-12-07,5850
9802,鈺齊-KY,154,2,152,統一,2023-12-07,5850
1529,樂事綠能,339,200,139,統一,2023-12-07,5850
3653,健策,152,18,134,統一,2023-12-07,5850
4953,緯軟,165,32,133,統一,2023-12-07,5850
2405,輔信,212,81,131,統一,2023-12-07,5850
5452,佶優,167,44,123,統一,2023-12-07,5850
2388,威盛,430,308,122,統一,2023-12-07,5850
4543,萬在,138,19,119,統一,2023-12-07,5850
4533,協易機,203,85,118,統一,2023-12-07,5850
1795,美時,209,94,115,統一,2023-12-07,5850
2379,瑞昱,117,5,112,統一,2023-12-07,5850
1720,生達,110,0,110,統一,2023-12-07,5850
3078,僑威,152,45,107,統一,2023-12-07,5850
00857B,永豐20年美公債,105,0,105,統一,2023-12-07,5850
3035,智原,150,45,105,統一,2023-12-07,5850
3088,艾訊,107,3,104,統一,2023-12-07,5850
2327,國巨,121,20,101,統一,2023-12-07,5850
020030,統一智慧電動車N,97,1,96,統一,2023-12-07,5850
5351,鈺創,2157,419,1738,統一,2023-12-08,5850
1618,合機,1065,73,992,統一,2023-12-08,5850
00864B,中信美國公債0-1,1012,180,832,統一,2023-12-08,5850
00673R,期元大S＆P原油反1,813,0,813,統一,2023-12-08,5850
5426,振發,792,8,784,統一,2023-12-08,5850
2388,威盛,927,174,753,統一,2023-12-08,5850
5009,榮剛,520,7,513,統一,2023-12-08,5850
6245,立端,406,12,394,統一,2023-12-08,5850
8059,凱碩,388,0,388,統一,2023-12-08,5850
020030,統一智慧電動車N,374,3,371,統一,2023-12-08,5850
8096,擎亞,362,7,355,統一,2023-12-08,5850
6005,群益證,341,11,330,統一,2023-12-08,5850
3265,台星科,304,7,297,統一,2023-12-08,5850
5521,工信,311,23,288,統一,2023-12-08,5850
3607,谷崧,308,30,278,統一,2023-12-08,5850
2504,國產,269,3,266,統一,2023-12-08,5850
00715L,期街口布蘭特正2,327,68,259,統一,2023-12-08,5850
6122,擎邦,242,2,240,統一,2023-12-08,5850
3527,聚積,250,13,237,統一,2023-12-08,5850
2882,國泰金,241,11,230,統一,2023-12-08,5850
00679B,元大美債20年,1235,1006,229,統一,2023-12-08,5850
3680,家登,250,22,228,統一,2023-12-08,5850
00931B,統一美債20年,479,260,219,統一,2023-12-08,5850
2014,中鴻,205,0,205,統一,2023-12-08,5850
6462,神盾,483,278,205,統一,2023-12-08,5850
2368,金像電,523,325,198,統一,2023-12-08,5850
2458,義隆,312,117,195,統一,2023-12-08,5850
020031,統一IC設計臺灣N,331,136,195,統一,2023-12-08,5850
3234,光環,201,14,187,統一,2023-12-08,5850
2323,中環,180,11,169,統一,2023-12-08,5850
2371,大同,583,416,167,統一,2023-12-08,5850
3653,健策,173,17,156,統一,2023-12-08,5850
6288,聯嘉,164,9,155,統一,2023-12-08,5850
6668,中揚光,154,3,151,統一,2023-12-08,5850
5871,中租-KY,151,0,151,統一,2023-12-08,5850
2419,仲琦,170,19,151,統一,2023-12-08,5850
8028,昇陽半導體,150,0,150,統一,2023-12-08,5850
3287,廣寰科,256,106,150,統一,2023-12-08,5850
8046,南電,152,4,148,統一,2023-12-08,5850
2881,富邦金,146,1,145,統一,2023-12-08,5850
020025,統一亞洲半導體N,142,1,141,統一,2023-12-08,5850
6558,興能高,148,10,138,統一,2023-12-08,5850
6205,詮欣,137,9,128,統一,2023-12-08,5850
9910,豐泰,124,0,124,統一,2023-12-08,5850
6117,迎廣,134,11,123,統一,2023-12-08,5850
3483,力致,118,6,112,統一,2023-12-08,5850
8932,智通*,116,6,110,統一,2023-12-08,5850
1513,中興電,441,335,106,統一,2023-12-08,5850
3675,德微,107,4,103,統一,2023-12-08,5850
3017,奇鋐,190,88,102,統一,2023-12-08,5850
8034,榮群,2810,1,2809,統一,2023-12-11,5850
2353,宏��,1927,119,1808,統一,2023-12-11,5850
5521,工信,1361,29,1332,統一,2023-12-11,5850
6285,啟��,1581,252,1329,統一,2023-12-11,5850
00706L,期元大S＆P日圓正2,1144,300,844,統一,2023-12-11,5850
4909,新復興,831,2,829,統一,2023-12-11,5850
2388,威盛,1865,1048,817,統一,2023-12-11,5850
2365,昆盈,1152,453,699,統一,2023-12-11,5850
1815,富喬,581,67,514,統一,2023-12-11,5850
2382,廣達,505,63,442,統一,2023-12-11,5850
1612,宏泰,500,119,381,統一,2023-12-11,5850
1524,耿鼎,731,363,368,統一,2023-12-11,5850
2516,新建,364,4,360,統一,2023-12-11,5850
6265,方土昶,354,0,354,統一,2023-12-11,5850
3264,欣銓,339,27,312,統一,2023-12-11,5850
2891,中信金,504,202,302,統一,2023-12-11,5850
2603,長榮,816,534,282,統一,2023-12-11,5850
2543,皇昌,301,20,281,統一,2023-12-11,5850
8096,擎亞,350,70,280,統一,2023-12-11,5850
4915,致伸,254,6,248,統一,2023-12-11,5850
2204,中華,327,83,244,統一,2023-12-11,5850
6113,亞矽,243,0,243,統一,2023-12-11,5850
1102,亞泥,260,20,240,統一,2023-12-11,5850
3211,順達,269,44,225,統一,2023-12-11,5850
00864B,中信美國公債0-1,433,212,221,統一,2023-12-11,5850
5355,佳總,220,0,220,統一,2023-12-11,5850
6605,帝寶,217,0,217,統一,2023-12-11,5850
3266,昇陽,216,1,215,統一,2023-12-11,5850
1609,大亞,278,78,200,統一,2023-12-11,5850
3499,環天科,193,1,192,統一,2023-12-11,5850
020030,統一智慧電動車N,202,17,185,統一,2023-12-11,5850
3037,欣興,315,130,185,統一,2023-12-11,5850
2504,國產,172,0,172,統一,2023-12-11,5850
0050,元大台灣50,169,0,169,統一,2023-12-11,5850
3623,富晶通,150,0,150,統一,2023-12-11,5850
4967,十銓,304,160,144,統一,2023-12-11,5850
2327,國巨,251,114,137,統一,2023-12-11,5850
3376,新日興,174,39,135,統一,2023-12-11,5850
5011,久陽,133,0,133,統一,2023-12-11,5850
3532,台勝科,131,6,125,統一,2023-12-11,5850
2615,萬海,267,144,123,統一,2023-12-11,5850
2363,矽統,184,63,121,統一,2023-12-11,5850
4908,前鼎,417,296,121,統一,2023-12-11,5850
8354,冠好,246,125,121,統一,2023-12-11,5850
00919,群益台灣精選高息,1138,1017,121,統一,2023-12-11,5850
00720B,元大投資級公司債,120,0,120,統一,2023-12-11,5850
3308,聯德,105,0,105,統一,2023-12-11,5850
00673R,期元大S＆P原油反1,104,0,104,統一,2023-12-11,5850
2538,基泰,101,0,101,統一,2023-12-11,5850
3357,臺慶科,101,1,100,統一,2023-12-11,5850
00706L,期元大S＆P日圓正2,4013,0,4013,統一,2023-12-12,5850
5521,工信,3487,444,3043,統一,2023-12-12,5850
2303,聯電,1967,154,1813,統一,2023-12-12,5850
2603,長榮,2113,425,1688,統一,2023-12-12,5850
00919,群益台灣精選高息,2680,1015,1665,統一,2023-12-12,5850
1605,華新,1114,15,1099,統一,2023-12-12,5850
4933,友輝,1053,6,1047,統一,2023-12-12,5850
00646,元大S＆P500,980,1,979,統一,2023-12-12,5850
2313,華通,913,174,739,統一,2023-12-12,5850
2543,皇昌,693,13,680,統一,2023-12-12,5850
4909,新復興,812,182,630,統一,2023-12-12,5850
2356,英業達,714,92,622,統一,2023-12-12,5850
2881,富邦金,612,6,606,統一,2023-12-12,5850
2634,漢翔,633,44,589,統一,2023-12-12,5850
1319,東陽,596,69,527,統一,2023-12-12,5850
2330,台積電,572,65,507,統一,2023-12-12,5850
3712,永崴投控,574,76,498,統一,2023-12-12,5850
4906,正文,507,31,476,統一,2023-12-12,5850
5009,榮剛,456,33,423,統一,2023-12-12,5850
2392,正崴,599,198,401,統一,2023-12-12,5850
3622,洋華,400,13,387,統一,2023-12-12,5850
1591,駿吉-KY,981,622,359,統一,2023-12-12,5850
1608,華榮,508,156,352,統一,2023-12-12,5850
2329,華泰,380,76,304,統一,2023-12-12,5850
2641,正德,479,181,298,統一,2023-12-12,5850
3034,聯詠,305,13,292,統一,2023-12-12,5850
1584,精剛,403,114,289,統一,2023-12-12,5850
3019,亞光,285,5,280,統一,2023-12-12,5850
1603,華電,299,25,274,統一,2023-12-12,5850
6546,正基,519,257,262,統一,2023-12-12,5850
8103,瀚荃,250,1,249,統一,2023-12-12,5850
5388,中磊,268,19,249,統一,2023-12-12,5850
8011,台通,358,115,243,統一,2023-12-12,5850
1615,大山,239,3,236,統一,2023-12-12,5850
3051,力特,272,39,233,統一,2023-12-12,5850
2014,中鴻,211,0,211,統一,2023-12-12,5850
3035,智原,390,183,207,統一,2023-12-12,5850
5011,久陽,216,12,204,統一,2023-12-12,5850
9958,世紀鋼,203,23,180,統一,2023-12-12,5850
00636,國泰中國A50,180,0,180,統一,2023-12-12,5850
2353,宏��,344,166,178,統一,2023-12-12,5850
2243,宏旭-KY,214,39,175,統一,2023-12-12,5850
2630,亞航,242,71,171,統一,2023-12-12,5850
2327,國巨,189,27,162,統一,2023-12-12,5850
3443,創意,185,25,160,統一,2023-12-12,5850
00720B,元大投資級公司債,156,1,155,統一,2023-12-12,5850
00864B,中信美國公債0-1,252,111,141,統一,2023-12-12,5850
2609,陽明,230,94,136,統一,2023-12-12,5850
1503,士電,269,134,135,統一,2023-12-12,5850
3028,增你強,134,0,134,統一,2023-12-12,5850
2515,中工,8282,743,7539,統一,2023-12-13,5850
9105,泰金寶-DR,7071,1041,6030,統一,2023-12-13,5850
1815,富喬,2107,72,2035,統一,2023-12-13,5850
2324,仁寶,1629,26,1603,統一,2023-12-13,5850
2356,英業達,1529,88,1441,統一,2023-12-13,5850
2353,宏��,1293,343,950,統一,2023-12-13,5850
2204,中華,1292,371,921,統一,2023-12-13,5850
2449,京元電子,986,86,900,統一,2023-12-13,5850
2387,精元,1136,263,873,統一,2023-12-13,5850
00715L,期街口布蘭特正2,552,4,548,統一,2023-12-13,5850
5009,榮剛,568,75,493,統一,2023-12-13,5850
020025,統一亞洲半導體N,498,40,458,統一,2023-12-13,5850
1605,華新,528,120,408,統一,2023-12-13,5850
00933B,國泰10Y+金融債,402,0,402,統一,2023-12-13,5850
3025,星通,398,11,387,統一,2023-12-13,5850
2313,華通,932,546,386,統一,2023-12-13,5850
3596,智易,434,65,369,統一,2023-12-13,5850
2603,長榮,905,558,347,統一,2023-12-13,5850
3548,兆利,585,275,310,統一,2023-12-13,5850
1809,中釉,300,1,299,統一,2023-12-13,5850
2363,矽統,402,112,290,統一,2023-12-13,5850
4958,臻鼎-KY,293,2,291,統一,2023-12-13,5850
5521,工信,538,248,290,統一,2023-12-13,5850
2303,聯電,428,145,283,統一,2023-12-13,5850
2465,麗臺,293,19,274,統一,2023-12-13,5850
8089,康全電訊,277,8,269,統一,2023-12-13,5850
020030,統一智慧電動車N,291,35,256,統一,2023-12-13,5850
5515,建國,226,7,219,統一,2023-12-13,5850
3715,定穎投控,272,54,218,統一,2023-12-13,5850
8201,無敵,216,1,215,統一,2023-12-13,5850
5426,振發,459,261,198,統一,2023-12-13,5850
5388,中磊,285,94,191,統一,2023-12-13,5850
2504,國產,200,11,189,統一,2023-12-13,5850
2357,華碩,199,15,184,統一,2023-12-13,5850
5478,智冠,206,27,179,統一,2023-12-13,5850
3035,智原,290,112,178,統一,2023-12-13,5850
02001B,統一美國政府債N,160,0,160,統一,2023-12-13,5850
00931B,統一美債20年,178,18,160,統一,2023-12-13,5850
2006,東和鋼鐵,151,0,151,統一,2023-12-13,5850
1560,中砂,148,2,146,統一,2023-12-13,5850
3362,先進光,282,140,142,統一,2023-12-13,5850
2886,兆豐金,142,2,140,統一,2023-12-13,5850
6546,正基,382,244,138,統一,2023-12-13,5850
6829,千附精密,132,2,130,統一,2023-12-13,5850
3265,台星科,130,11,119,統一,2023-12-13,5850
2382,廣達,166,48,118,統一,2023-12-13,5850
6147,頎邦,147,31,116,統一,2023-12-13,5850
2379,瑞昱,112,5,107,統一,2023-12-13,5850
2476,鉅祥,133,29,104,統一,2023-12-13,5850
2365,昆盈,326,224,102,統一,2023-12-13,5850
2356,英業達,3126,47,3079,統一,2023-12-14,5850
2891,中信金,2219,35,2184,統一,2023-12-14,5850
020030,統一智慧電動車N,1854,37,1817,統一,2023-12-14,5850
2881,富邦金,1400,74,1326,統一,2023-12-14,5850
5521,工信,1378,146,1232,統一,2023-12-14,5850
2408,南亞科,908,239,669,統一,2023-12-14,5850
5498,凱崴,854,240,614,統一,2023-12-14,5850
2376,技嘉,753,144,609,統一,2023-12-14,5850
2363,矽統,1682,1117,565,統一,2023-12-14,5850
2330,台積電,824,268,556,統一,2023-12-14,5850
2501,國建,547,0,547,統一,2023-12-14,5850
1722,台肥,520,3,517,統一,2023-12-14,5850
2313,華通,1390,887,503,統一,2023-12-14,5850
1102,亞泥,504,6,498,統一,2023-12-14,5850
3406,玉晶光,511,97,414,統一,2023-12-14,5850
3005,神基,578,175,403,統一,2023-12-14,5850
00931B,統一美債20年,416,25,391,統一,2023-12-14,5850
00687B,國泰20年美債,390,6,384,統一,2023-12-14,5850
1605,華新,351,16,335,統一,2023-12-14,5850
3265,台星科,531,236,295,統一,2023-12-14,5850
2208,台船,280,0,280,統一,2023-12-14,5850
5425,台半,448,186,262,統一,2023-12-14,5850
8110,華東,254,5,249,統一,2023-12-14,5850
020025,統一亞洲半導體N,255,8,247,統一,2023-12-14,5850
1503,士電,340,99,241,統一,2023-12-14,5850
1560,中砂,250,17,233,統一,2023-12-14,5850
2379,瑞昱,238,24,214,統一,2023-12-14,5850
00722B,群益投資級電信債,975,775,200,統一,2023-12-14,5850
2454,聯發科,291,91,200,統一,2023-12-14,5850
9945,潤泰新,198,5,193,統一,2023-12-14,5850
2327,國巨,307,129,178,統一,2023-12-14,5850
2357,華碩,205,32,173,統一,2023-12-14,5850
6127,九豪,182,22,160,統一,2023-12-14,5850
3023,信邦,160,0,160,統一,2023-12-14,5850
3287,廣寰科,460,301,159,統一,2023-12-14,5850
1905,華紙,159,2,157,統一,2023-12-14,5850
8028,昇陽半導體,149,1,148,統一,2023-12-14,5850
00706L,期元大S＆P日圓正2,691,559,132,統一,2023-12-14,5850
00637L,元大滬深300正2,137,10,127,統一,2023-12-14,5850
00933B,國泰10Y+金融債,124,0,124,統一,2023-12-14,5850
1513,中興電,155,33,122,統一,2023-12-14,5850
3715,定穎投控,282,160,122,統一,2023-12-14,5850
2476,鉅祥,201,80,121,統一,2023-12-14,5850
1815,富喬,363,245,118,統一,2023-12-14,5850
3661,世芯-KY,144,26,118,統一,2023-12-14,5850
8932,智通*,121,7,114,統一,2023-12-14,5850
4906,正文,175,69,106,統一,2023-12-14,5850
4536,拓凱,105,1,104,統一,2023-12-14,5850
00937B,群益ESG投等債20,148,45,103,統一,2023-12-14,5850
3624,光頡,284,181,103,統一,2023-12-14,5850
1102,亞泥,9621,16,9605,統一,2023-12-15,5850
2885,元大金,2523,24,2499,統一,2023-12-15,5850
2014,中鴻,1469,61,1408,統一,2023-12-15,5850
3034,聯詠,1232,16,1216,統一,2023-12-15,5850
2031,新光鋼,1239,81,1158,統一,2023-12-15,5850
00680L,元大美債20正2,3372,2379,993,統一,2023-12-15,5850
020030,統一智慧電動車N,1064,117,947,統一,2023-12-15,5850
5009,榮剛,906,84,822,統一,2023-12-15,5850
3037,欣興,894,94,800,統一,2023-12-15,5850
6691,洋基工程,719,3,716,統一,2023-12-15,5850
2030,彰源,794,134,660,統一,2023-12-15,5850
3532,台勝科,679,62,617,統一,2023-12-15,5850
5425,台半,1015,411,604,統一,2023-12-15,5850
2330,台積電,678,177,501,統一,2023-12-15,5850
5483,中美晶,528,40,488,統一,2023-12-15,5850
5521,工信,712,274,438,統一,2023-12-15,5850
2303,聯電,734,301,433,統一,2023-12-15,5850
2038,海光,369,30,339,統一,2023-12-15,5850
2324,仁寶,310,17,293,統一,2023-12-15,5850
4904,遠傳,304,13,291,統一,2023-12-15,5850
8150,南茂,307,27,280,統一,2023-12-15,5850
2007,燁興,259,0,259,統一,2023-12-15,5850
00857B,永豐20年美公債,250,0,250,統一,2023-12-15,5850
2028,威致,248,1,247,統一,2023-12-15,5850
3217,優群,310,63,247,統一,2023-12-15,5850
1514,亞力,654,428,226,統一,2023-12-15,5850
020025,統一亞洲半導體N,226,2,224,統一,2023-12-15,5850
2017,官田鋼,250,27,223,統一,2023-12-15,5850
2033,佳大,223,1,222,統一,2023-12-15,5850
6191,精成科,488,274,214,統一,2023-12-15,5850
6683,雍智科技,292,89,203,統一,2023-12-15,5850
3587,閎康,208,8,200,統一,2023-12-15,5850
00864B,中信美國公債0-1,447,255,192,統一,2023-12-15,5850
6182,合晶,245,61,184,統一,2023-12-15,5850
6153,嘉聯益,213,35,178,統一,2023-12-15,5850
2344,華邦電,816,643,173,統一,2023-12-15,5850
2023,燁輝,263,91,172,統一,2023-12-15,5850
2022,聚亨,182,20,162,統一,2023-12-15,5850
3675,德微,232,75,157,統一,2023-12-15,5850
3515,華擎,176,20,156,統一,2023-12-15,5850
8932,智通*,151,0,151,統一,2023-12-15,5850
3591,艾笛森,150,0,150,統一,2023-12-15,5850
2881,富邦金,436,286,150,統一,2023-12-15,5850
2504,國產,200,51,149,統一,2023-12-15,5850
5011,久陽,149,1,148,統一,2023-12-15,5850
2601,益航,145,0,145,統一,2023-12-15,5850
00751B,元大AAA至A公司債,199,69,130,統一,2023-12-15,5850
2454,聯發科,192,65,127,統一,2023-12-15,5850
2357,華碩,120,6,114,統一,2023-12-15,5850
2481,強茂,279,166,113,統一,2023-12-15,5850
1504,東元,5833,12,5821,統一,2023-12-18,5850
2609,陽明,5595,1354,4241,統一,2023-12-18,5850
5009,榮剛,2365,316,2049,統一,2023-12-18,5850
2014,中鴻,3596,1909,1687,統一,2023-12-18,5850
2313,華通,1581,64,1517,統一,2023-12-18,5850
00680L,元大美債20正2,2329,829,1500,統一,2023-12-18,5850
6179,亞通,1494,213,1281,統一,2023-12-18,5850
2603,長榮,2440,1244,1196,統一,2023-12-18,5850
2324,仁寶,1370,185,1185,統一,2023-12-18,5850
00679B,元大美債20年,1262,191,1071,統一,2023-12-18,5850
00864B,中信美國公債0-1,846,164,682,統一,2023-12-18,5850
2002,中鋼,522,17,505,統一,2023-12-18,5850
9105,泰金寶-DR,502,33,469,統一,2023-12-18,5850
2344,華邦電,1135,687,448,統一,2023-12-18,5850
2505,國揚,562,203,359,統一,2023-12-18,5850
020031,統一IC設計臺灣N,402,61,341,統一,2023-12-18,5850
5351,鈺創,421,90,331,統一,2023-12-18,5850
00919,群益台灣精選高息,318,16,302,統一,2023-12-18,5850
1795,美時,350,55,295,統一,2023-12-18,5850
2408,南亞科,360,78,282,統一,2023-12-18,5850
2356,英業達,871,597,274,統一,2023-12-18,5850
8085,福華,275,11,264,統一,2023-12-18,5850
2913,農林,292,32,260,統一,2023-12-18,5850
4714,永捷,255,0,255,統一,2023-12-18,5850
9919,康那香,320,84,236,統一,2023-12-18,5850
2353,宏��,490,262,228,統一,2023-12-18,5850
8089,康全電訊,217,5,212,統一,2023-12-18,5850
1905,華紙,292,116,176,統一,2023-12-18,5850
2032,新鋼,187,12,175,統一,2023-12-18,5850
8028,昇陽半導體,173,0,173,統一,2023-12-18,5850
4167,松瑞藥,405,233,172,統一,2023-12-18,5850
3006,晶豪科,475,304,171,統一,2023-12-18,5850
4953,緯軟,163,2,161,統一,2023-12-18,5850
0050,元大台灣50,166,7,159,統一,2023-12-18,5850
4109,加捷生醫,164,22,142,統一,2023-12-18,5850
4979,華星光,158,33,125,統一,2023-12-18,5850
2504,國產,181,60,121,統一,2023-12-18,5850
3035,智原,151,30,121,統一,2023-12-18,5850
00751B,元大AAA至A公司債,118,0,118,統一,2023-12-18,5850
5457,宣德,116,6,110,統一,2023-12-18,5850
6176,瑞儀,117,8,109,統一,2023-12-18,5850
00720B,元大投資級公司債,108,5,103,統一,2023-12-18,5850
1722,台肥,121,21,100,統一,2023-12-18,5850
6742,澤米,100,2,98,統一,2023-12-18,5850
1325,恆大,92,0,92,統一,2023-12-18,5850
1301,台塑,89,0,89,統一,2023-12-18,5850
6805,富世達,109,20,89,統一,2023-12-18,5850
00696B,富邦美債20年,213,131,82,統一,2023-12-18,5850
3034,聯詠,99,17,82,統一,2023-12-18,5850
00857B,永豐20年美公債,124,45,79,統一,2023-12-18,5850
2890,永豐金,5011,5,5006,統一,2023-12-19,5850
00679B,元大美債20年,3721,12,3709,統一,2023-12-19,5850
2515,中工,4619,961,3658,統一,2023-12-19,5850
2014,中鴻,2765,352,2413,統一,2023-12-19,5850
00680L,元大美債20正2,940,229,711,統一,2023-12-19,5850
00662,富邦NASDAQ,503,1,502,統一,2023-12-19,5850
3035,智原,552,86,466,統一,2023-12-19,5850
2031,新光鋼,556,113,443,統一,2023-12-19,5850
00931B,統一美債20年,527,162,365,統一,2023-12-19,5850
00830,國泰費城半導體,449,98,351,統一,2023-12-19,5850
00864B,中信美國公債0-1,391,100,291,統一,2023-12-19,5850
1732,毛寶,311,45,266,統一,2023-12-19,5850
2504,國產,266,0,266,統一,2023-12-19,5850
00878,國泰永續高股息,264,11,253,統一,2023-12-19,5850
3017,奇鋐,264,15,249,統一,2023-12-19,5850
2442,新美齊,203,2,201,統一,2023-12-19,5850
3045,台灣大,204,3,201,統一,2023-12-19,5850
6245,立端,199,5,194,統一,2023-12-19,5850
8927,北基,193,1,192,統一,2023-12-19,5850
2376,技嘉,338,150,188,統一,2023-12-19,5850
5439,高技,199,21,178,統一,2023-12-19,5850
3548,兆利,227,50,177,統一,2023-12-19,5850
9919,康那香,282,109,173,統一,2023-12-19,5850
2033,佳大,173,1,172,統一,2023-12-19,5850
5426,振發,245,79,166,統一,2023-12-19,5850
00857B,永豐20年美公債,164,0,164,統一,2023-12-19,5850
2006,東和鋼鐵,154,6,148,統一,2023-12-19,5850
00642U,期元大S＆P石油,145,1,144,統一,2023-12-19,5850
5347,世界,160,25,135,統一,2023-12-19,5850
8932,智通*,135,0,135,統一,2023-12-19,5850
8112,至上,230,95,135,統一,2023-12-19,5850
1325,恆大,135,15,120,統一,2023-12-19,5850
3521,鴻翊,120,1,119,統一,2023-12-19,5850
020025,統一亞洲半導體N,132,16,116,統一,2023-12-19,5850
5521,工信,763,647,116,統一,2023-12-19,5850
8011,台通,114,1,113,統一,2023-12-19,5850
9105,泰金寶-DR,106,0,106,統一,2023-12-19,5850
00724B,群益投資級金融債,388,283,105,統一,2023-12-19,5850
2451,創見,106,2,104,統一,2023-12-19,5850
8477,創業家,102,0,102,統一,2023-12-19,5850
020031,統一IC設計臺灣N,132,31,101,統一,2023-12-19,5850
4714,永捷,100,0,100,統一,2023-12-19,5850
3023,信邦,100,0,100,統一,2023-12-19,5850
2023,燁輝,158,60,98,統一,2023-12-19,5850
3373,熱映,97,0,97,統一,2023-12-19,5850
1781,合世,93,1,92,統一,2023-12-19,5850
00639,富邦深100,90,0,90,統一,2023-12-19,5850
2303,聯電,297,215,82,統一,2023-12-19,5850
2038,海光,326,245,81,統一,2023-12-19,5850
00937B,群益ESG投等債20,89,11,78,統一,2023-12-19,5850
9105,泰金寶-DR,11094,393,10701,統一,2023-12-20,5850
2324,仁寶,8471,2272,6199,統一,2023-12-20,5850
2353,宏��,6398,2333,4065,統一,2023-12-20,5850
00706L,期元大S＆P日圓正2,2208,0,2208,統一,2023-12-20,5850
2312,金寶,3610,1757,1853,統一,2023-12-20,5850
2356,英業達,2554,878,1676,統一,2023-12-20,5850
2618,長榮航,1227,116,1111,統一,2023-12-20,5850
5521,工信,1862,949,913,統一,2023-12-20,5850
00679B,元大美債20年,645,25,620,統一,2023-12-20,5850
2331,精英,785,188,597,統一,2023-12-20,5850
6257,矽格,521,13,508,統一,2023-12-20,5850
1815,富喬,714,289,425,統一,2023-12-20,5850
6245,立端,506,132,374,統一,2023-12-20,5850
4909,新復興,396,26,370,統一,2023-12-20,5850
00830,國泰費城半導體,668,308,360,統一,2023-12-20,5850
020025,統一亞洲半導體N,324,0,324,統一,2023-12-20,5850
2303,聯電,571,272,299,統一,2023-12-20,5850
00885,富邦越南,377,95,282,統一,2023-12-20,5850
2409,友達,366,89,277,統一,2023-12-20,5850
1325,恆大,275,1,274,統一,2023-12-20,5850
2615,萬海,443,180,263,統一,2023-12-20,5850
2886,兆豐金,282,43,239,統一,2023-12-20,5850
6164,華興,235,10,225,統一,2023-12-20,5850
1732,毛寶,542,317,225,統一,2023-12-20,5850
2377,微星,241,18,223,統一,2023-12-20,5850
2891,中信金,262,45,217,統一,2023-12-20,5850
6239,力成,259,47,212,統一,2023-12-20,5850
2357,華碩,381,170,211,統一,2023-12-20,5850
4915,致伸,213,2,211,統一,2023-12-20,5850
02001B,統一美國政府債N,200,0,200,統一,2023-12-20,5850
4968,立積,241,44,197,統一,2023-12-20,5850
1466,聚隆,216,21,195,統一,2023-12-20,5850
5426,振發,387,195,192,統一,2023-12-20,5850
8097,常珵,229,37,192,統一,2023-12-20,5850
4402,郡都開發,191,0,191,統一,2023-12-20,5850
3325,旭品,183,1,182,統一,2023-12-20,5850
1795,美時,220,41,179,統一,2023-12-20,5850
9929,秋雨,176,0,176,統一,2023-12-20,5850
3211,順達,296,132,164,統一,2023-12-20,5850
1504,東元,354,194,160,統一,2023-12-20,5850
2033,佳大,184,32,152,統一,2023-12-20,5850
1402,遠東新,158,7,151,統一,2023-12-20,5850
8085,福華,250,108,142,統一,2023-12-20,5850
00937B,群益ESG投等債20,155,15,140,統一,2023-12-20,5850
2449,京元電子,189,53,136,統一,2023-12-20,5850
2362,藍天,175,47,128,統一,2023-12-20,5850
2504,國產,175,50,125,統一,2023-12-20,5850
2301,光寶科,183,62,121,統一,2023-12-20,5850
5457,宣德,148,28,120,統一,2023-12-20,5850
00929,復華台灣科技優息,143,24,119,統一,2023-12-20,5850
2890,永豐金,4746,10,4736,統一,2023-12-21,5850
2609,陽明,4430,2077,2353,統一,2023-12-21,5850
2382,廣達,1927,70,1857,統一,2023-12-21,5850
2515,中工,2274,454,1820,統一,2023-12-21,5850
2618,長榮航,2186,525,1661,統一,2023-12-21,5850
2615,萬海,2702,1231,1471,統一,2023-12-21,5850
00679B,元大美債20年,1064,27,1037,統一,2023-12-21,5850
020031,統一IC設計臺灣N,960,17,943,統一,2023-12-21,5850
1815,富喬,902,3,899,統一,2023-12-21,5850
5521,工信,1196,309,887,統一,2023-12-21,5850
5425,台半,945,135,810,統一,2023-12-21,5850
00830,國泰費城半導體,755,30,725,統一,2023-12-21,5850
2603,長榮,1123,590,533,統一,2023-12-21,5850
020025,統一亞洲半導體N,507,10,497,統一,2023-12-21,5850
3260,威剛,510,21,489,統一,2023-12-21,5850
2881A,富邦特,465,0,465,統一,2023-12-21,5850
4909,新復興,708,270,438,統一,2023-12-21,5850
5439,高技,440,54,386,統一,2023-12-21,5850
3346,麗清,431,105,326,統一,2023-12-21,5850
3481,群創,424,112,312,統一,2023-12-21,5850
4979,華星光,363,61,302,統一,2023-12-21,5850
2504,國產,251,0,251,統一,2023-12-21,5850
2606,裕民,295,57,238,統一,2023-12-21,5850
3479,安勤,247,25,222,統一,2023-12-21,5850
9904,寶成,215,3,212,統一,2023-12-21,5850
8069,元太,219,10,209,統一,2023-12-21,5850
3035,智原,247,40,207,統一,2023-12-21,5850
1314,中石化,251,47,204,統一,2023-12-21,5850
00689R,國泰20年美債反1,200,0,200,統一,2023-12-21,5850
2368,金像電,200,7,193,統一,2023-12-21,5850
2887,台新金,201,10,191,統一,2023-12-21,5850
6546,正基,513,336,177,統一,2023-12-21,5850
6799,來頡,178,7,171,統一,2023-12-21,5850
2506,太設,336,170,166,統一,2023-12-21,5850
2408,南亞科,280,114,166,統一,2023-12-21,5850
3217,優群,190,31,159,統一,2023-12-21,5850
9103,美德醫療-DR,155,0,155,統一,2023-12-21,5850
3515,華擎,150,14,136,統一,2023-12-21,5850
3265,台星科,150,31,119,統一,2023-12-21,5850
2421,建準,149,32,117,統一,2023-12-21,5850
00878,國泰永續高股息,119,3,116,統一,2023-12-21,5850
00696B,富邦美債20年,158,42,116,統一,2023-12-21,5850
2031,新光鋼,182,71,111,統一,2023-12-21,5850
4572,駐龍,111,2,109,統一,2023-12-21,5850
6461,益得,109,1,108,統一,2023-12-21,5850
8028,昇陽半導體,124,19,105,統一,2023-12-21,5850
00885,富邦越南,97,0,97,統一,2023-12-21,5850
00642U,期元大S＆P石油,102,11,91,統一,2023-12-21,5850
2020,美亞,108,18,90,統一,2023-12-21,5850
00919,群益台灣精選高息,121,34,87,統一,2023-12-21,5850
2427,三商電,3038,101,2937,統一,2023-12-22,5850
2421,建準,1332,284,1048,統一,2023-12-22,5850
2382,廣達,1231,220,1011,統一,2023-12-22,5850
1815,富喬,838,33,805,統一,2023-12-22,5850
3481,群創,2547,1753,794,統一,2023-12-22,5850
2409,友達,1171,445,726,統一,2023-12-22,5850
2610,華航,1048,344,704,統一,2023-12-22,5850
8069,元太,675,58,617,統一,2023-12-22,5850
00864B,中信美國公債0-1,801,201,600,統一,2023-12-22,5850
00676R,富邦臺灣加權反1,499,0,499,統一,2023-12-22,5850
6546,正基,683,208,475,統一,2023-12-22,5850
2890,永豐金,460,0,460,統一,2023-12-22,5850
8150,南茂,392,6,386,統一,2023-12-22,5850
00751B,元大AAA至A公司債,357,10,347,統一,2023-12-22,5850
8088,品安,348,5,343,統一,2023-12-22,5850
6117,迎廣,397,83,314,統一,2023-12-22,5850
3005,神基,340,39,301,統一,2023-12-22,5850
2506,太設,463,167,296,統一,2023-12-22,5850
00772B,中信高評級公司債,269,0,269,統一,2023-12-22,5850
8277,商丞,266,5,261,統一,2023-12-22,5850
4938,和碩,277,21,256,統一,2023-12-22,5850
6550,北極星藥業-KY,298,43,255,統一,2023-12-22,5850
8097,常珵,255,0,255,統一,2023-12-22,5850
00773B,中信優先金融債,255,2,253,統一,2023-12-22,5850
2504,國產,250,0,250,統一,2023-12-22,5850
8086,宏捷科,248,5,243,統一,2023-12-22,5850
8054,安國,1238,995,243,統一,2023-12-22,5850
2368,金像電,242,9,233,統一,2023-12-22,5850
2376,技嘉,314,83,231,統一,2023-12-22,5850
6139,亞翔,241,32,209,統一,2023-12-22,5850
5388,中磊,217,8,209,統一,2023-12-22,5850
00720B,元大投資級公司債,331,126,205,統一,2023-12-22,5850
2204,中華,211,8,203,統一,2023-12-22,5850
6901,鑽石投資,198,0,198,統一,2023-12-22,5850
6799,來頡,284,87,197,統一,2023-12-22,5850
5371,中光電,200,6,194,統一,2023-12-22,5850
8059,凱碩,245,60,185,統一,2023-12-22,5850
8028,昇陽半導體,165,1,164,統一,2023-12-22,5850
8227,巨有科技,162,1,161,統一,2023-12-22,5850
3305,昇貿,164,10,154,統一,2023-12-22,5850
9919,康那香,154,0,154,統一,2023-12-22,5850
2443,昶虹,154,0,154,統一,2023-12-22,5850
5425,台半,227,74,153,統一,2023-12-22,5850
2606,裕民,297,152,145,統一,2023-12-22,5850
00696B,富邦美債20年,972,830,142,統一,2023-12-22,5850
5426,振發,167,34,133,統一,2023-12-22,5850
4979,華星光,307,182,125,統一,2023-12-22,5850
2377,微星,138,14,124,統一,2023-12-22,5850
6462,神盾,131,11,120,統一,2023-12-22,5850
1560,中砂,140,24,116,統一,2023-12-22,5850
2324,仁寶,2348,349,1999,統一,2023-12-25,5850
3231,緯創,1675,296,1379,統一,2023-12-25,5850
2356,英業達,2457,1109,1348,統一,2023-12-25,5850
2353,宏��,2612,1337,1275,統一,2023-12-25,5850
1312,國喬,839,12,827,統一,2023-12-25,5850
2618,長榮航,1594,841,753,統一,2023-12-25,5850
00864B,中信美國公債0-1,818,113,705,統一,2023-12-25,5850
1102,亞泥,600,0,600,統一,2023-12-25,5850
2634,漢翔,578,22,556,統一,2023-12-25,5850
020030,統一智慧電動車N,820,288,532,統一,2023-12-25,5850
5521,工信,552,32,520,統一,2023-12-25,5850
2382,廣達,573,63,510,統一,2023-12-25,5850
1337,再生-KY,381,0,381,統一,2023-12-25,5850
2330,台積電,355,52,303,統一,2023-12-25,5850
5607,遠雄港,301,1,300,統一,2023-12-25,5850
2301,光寶科,337,50,287,統一,2023-12-25,5850
4938,和碩,281,39,242,統一,2023-12-25,5850
2007,燁興,264,30,234,統一,2023-12-25,5850
5388,中磊,236,8,228,統一,2023-12-25,5850
2303,聯電,330,103,227,統一,2023-12-25,5850
8150,南茂,200,0,200,統一,2023-12-25,5850
2883,凱基金,203,6,197,統一,2023-12-25,5850
6274,台燿,250,60,190,統一,2023-12-25,5850
3481,群創,1207,1025,182,統一,2023-12-25,5850
6284,佳邦,176,6,170,統一,2023-12-25,5850
0050,元大台灣50,165,2,163,統一,2023-12-25,5850
4961,天鈺,154,2,152,統一,2023-12-25,5850
6756,威鋒電子,161,14,147,統一,2023-12-25,5850
3017,奇鋐,207,60,147,統一,2023-12-25,5850
2032,新鋼,186,40,146,統一,2023-12-25,5850
5009,榮剛,197,54,143,統一,2023-12-25,5850
3035,智原,173,34,139,統一,2023-12-25,5850
2357,華碩,183,49,134,統一,2023-12-25,5850
1560,中砂,186,77,109,統一,2023-12-25,5850
1815,富喬,134,27,107,統一,2023-12-25,5850
3479,安勤,105,17,88,統一,2023-12-25,5850
8050,廣積,111,26,85,統一,2023-12-25,5850
6290,良維,87,5,82,統一,2023-12-25,5850
00706L,期元大S＆P日圓正2,101,21,80,統一,2023-12-25,5850
2504,國產,100,20,80,統一,2023-12-25,5850
1519,華城,160,82,78,統一,2023-12-25,5850
2405,輔信,143,65,78,統一,2023-12-25,5850
2388,威盛,463,389,74,統一,2023-12-25,5850
00712,復華富時不動產,75,3,72,統一,2023-12-25,5850
5425,台半,820,750,70,統一,2023-12-25,5850
020025,統一亞洲半導體N,64,0,64,統一,2023-12-25,5850
4557,永新-KY,61,0,61,統一,2023-12-25,5850
1402,遠東新,63,2,61,統一,2023-12-25,5850
2337,旺宏,74,15,59,統一,2023-12-25,5850
6288,聯嘉,63,5,58,統一,2023-12-25,5850
3481,群創,3664,462,3202,統一,2023-12-26,5850
2885,元大金,2500,0,2500,統一,2023-12-26,5850
2405,輔信,3154,687,2467,統一,2023-12-26,5850
2609,陽明,2734,325,2409,統一,2023-12-26,5850
2324,仁寶,3214,1013,2201,統一,2023-12-26,5850
2377,微星,1913,239,1674,統一,2023-12-26,5850
020030,統一智慧電動車N,1389,401,988,統一,2023-12-26,5850
4979,華星光,717,36,681,統一,2023-12-26,5850
3706,神達,632,82,550,統一,2023-12-26,5850
5876,上海商銀,500,0,500,統一,2023-12-26,5850
4909,新復興,506,6,500,統一,2023-12-26,5850
00864B,中信美國公債0-1,613,150,463,統一,2023-12-26,5850
2409,友達,844,409,435,統一,2023-12-26,5850
2408,南亞科,546,141,405,統一,2023-12-26,5850
3390,旭軟,539,180,359,統一,2023-12-26,5850
00931B,統一美債20年,504,150,354,統一,2023-12-26,5850
6546,正基,371,21,350,統一,2023-12-26,5850
4938,和碩,321,17,304,統一,2023-12-26,5850
2427,三商電,300,1,299,統一,2023-12-26,5850
2515,中工,368,79,289,統一,2023-12-26,5850
1733,五鼎,274,4,270,統一,2023-12-26,5850
6116,彩晶,259,0,259,統一,2023-12-26,5850
2330,台積電,445,229,216,統一,2023-12-26,5850
3594,磐儀,210,0,210,統一,2023-12-26,5850
5607,遠雄港,200,0,200,統一,2023-12-26,5850
2388,威盛,875,675,200,統一,2023-12-26,5850
2881,富邦金,217,26,191,統一,2023-12-26,5850
6668,中揚光,184,2,182,統一,2023-12-26,5850
6274,台燿,214,61,153,統一,2023-12-26,5850
3035,智原,193,42,151,統一,2023-12-26,5850
00689R,國泰20年美債反1,150,0,150,統一,2023-12-26,5850
020025,統一亞洲半導體N,149,3,146,統一,2023-12-26,5850
8059,凱碩,339,195,144,統一,2023-12-26,5850
2618,長榮航,329,191,138,統一,2023-12-26,5850
2371,大同,164,27,137,統一,2023-12-26,5850
2337,旺宏,174,39,135,統一,2023-12-26,5850
6284,佳邦,137,4,133,統一,2023-12-26,5850
6683,雍智科技,133,10,123,統一,2023-12-26,5850
2038,海光,313,191,122,統一,2023-12-26,5850
8050,廣積,124,3,121,統一,2023-12-26,5850
8114,振樺電,121,1,120,統一,2023-12-26,5850
9103,美德醫療-DR,110,0,110,統一,2023-12-26,5850
6679,鈺太,134,26,108,統一,2023-12-26,5850
2888,新光金,115,9,106,統一,2023-12-26,5850
2455,全新,140,36,104,統一,2023-12-26,5850
3373,熱映,103,0,103,統一,2023-12-26,5850
6456,GIS-KY,107,11,96,統一,2023-12-26,5850
8066,來思達,96,0,96,統一,2023-12-26,5850
6531,愛普*,102,13,89,統一,2023-12-26,5850
2476,鉅祥,103,17,86,統一,2023-12-26,5850
2303,聯電,5018,952,4066,統一,2023-12-27,5850
2609,陽明,2931,1095,1836,統一,2023-12-27,5850
020030,統一智慧電動車N,1489,155,1334,統一,2023-12-27,5850
2408,南亞科,1287,54,1233,統一,2023-12-27,5850
2603,長榮,1264,160,1104,統一,2023-12-27,5850
00864B,中信美國公債0-1,1022,63,959,統一,2023-12-27,5850
4915,致伸,727,1,726,統一,2023-12-27,5850
6138,茂達,629,18,611,統一,2023-12-27,5850
3711,日月光投控,648,70,578,統一,2023-12-27,5850
3006,晶豪科,658,109,549,統一,2023-12-27,5850
2337,旺宏,540,101,439,統一,2023-12-27,5850
3376,新日興,673,236,437,統一,2023-12-27,5850
3588,通嘉,505,79,426,統一,2023-12-27,5850
00931B,統一美債20年,1014,604,410,統一,2023-12-27,5850
1560,中砂,452,116,336,統一,2023-12-27,5850
9919,康那香,361,52,309,統一,2023-12-27,5850
6179,亞通,509,216,293,統一,2023-12-27,5850
2515,中工,349,60,289,統一,2023-12-27,5850
3227,原相,281,10,271,統一,2023-12-27,5850
8096,擎亞,316,60,256,統一,2023-12-27,5850
2344,華邦電,754,503,251,統一,2023-12-27,5850
3548,兆利,247,26,221,統一,2023-12-27,5850
1605,華新,301,80,221,統一,2023-12-27,5850
00891,中信關鍵半導體,221,3,218,統一,2023-12-27,5850
020025,統一亞洲半導體N,219,4,215,統一,2023-12-27,5850
5426,振發,240,37,203,統一,2023-12-27,5850
3594,磐儀,200,0,200,統一,2023-12-27,5850
4938,和碩,324,126,198,統一,2023-12-27,5850
6147,頎邦,206,15,191,統一,2023-12-27,5850
3324,雙鴻,215,35,180,統一,2023-12-27,5850
5347,世界,225,45,180,統一,2023-12-27,5850
2610,華航,235,68,167,統一,2023-12-27,5850
6284,佳邦,163,3,160,統一,2023-12-27,5850
5388,中磊,152,4,148,統一,2023-12-27,5850
8936,國統,202,57,145,統一,2023-12-27,5850
2313,華通,276,133,143,統一,2023-12-27,5850
8932,智通*,131,12,119,統一,2023-12-27,5850
3450,聯鈞,148,33,115,統一,2023-12-27,5850
2421,建準,357,243,114,統一,2023-12-27,5850
8097,常珵,106,0,106,統一,2023-12-27,5850
00642U,期元大S＆P石油,138,36,102,統一,2023-12-27,5850
6271,同欣電,122,21,101,統一,2023-12-27,5850
020018,統一價值成長30N,100,0,100,統一,2023-12-27,5850
4402,郡都開發,100,0,100,統一,2023-12-27,5850
3515,華擎,104,5,99,統一,2023-12-27,5850
1455,集盛,100,1,99,統一,2023-12-27,5850
00696B,富邦美債20年,120,30,90,統一,2023-12-27,5850
2371,大同,105,17,88,統一,2023-12-27,5850
6231,系微,135,47,88,統一,2023-12-27,5850
2377,微星,190,106,84,統一,2023-12-27,5850
2344,華邦電,5996,1499,4497,統一,2023-12-28,5850
3706,神達,5635,1507,4128,統一,2023-12-28,5850
020030,統一智慧電動車N,715,32,683,統一,2023-12-28,5850
1503,士電,755,83,672,統一,2023-12-28,5850
3260,威剛,654,58,596,統一,2023-12-28,5850
2211,長榮鋼,553,4,549,統一,2023-12-28,5850
3296,勝德,541,3,538,統一,2023-12-28,5850
6138,茂達,580,85,495,統一,2023-12-28,5850
3264,欣銓,508,28,480,統一,2023-12-28,5850
6667,信紘科,434,16,418,統一,2023-12-28,5850
00931B,統一美債20年,932,535,397,統一,2023-12-28,5850
1514,亞力,578,227,351,統一,2023-12-28,5850
1513,中興電,459,119,340,統一,2023-12-28,5850
8096,擎亞,482,176,306,統一,2023-12-28,5850
2382,廣達,382,87,295,統一,2023-12-28,5850
9958,世紀鋼,224,12,212,統一,2023-12-28,5850
00632R,元大台灣50反1,211,1,210,統一,2023-12-28,5850
6284,佳邦,210,5,205,統一,2023-12-28,5850
00891,中信關鍵半導體,204,2,202,統一,2023-12-28,5850
1616,億泰,201,2,199,統一,2023-12-28,5850
6246,臺龍,183,0,183,統一,2023-12-28,5850
00864B,中信美國公債0-1,350,190,160,統一,2023-12-28,5850
6113,亞矽,155,0,155,統一,2023-12-28,5850
2504,國產,150,0,150,統一,2023-12-28,5850
5355,佳總,150,6,144,統一,2023-12-28,5850
5439,高技,183,47,136,統一,2023-12-28,5850
5351,鈺創,317,194,123,統一,2023-12-28,5850
020025,統一亞洲半導體N,122,0,122,統一,2023-12-28,5850
00642U,期元大S＆P石油,128,6,122,統一,2023-12-28,5850
2356,英業達,785,666,119,統一,2023-12-28,5850
2634,漢翔,132,13,119,統一,2023-12-28,5850
2449,京元電子,149,31,118,統一,2023-12-28,5850
6274,台燿,211,107,104,統一,2023-12-28,5850
3024,憶聲,103,5,98,統一,2023-12-28,5850
2903,遠百,95,0,95,統一,2023-12-28,5850
2352,佳世達,122,30,92,統一,2023-12-28,5850
6290,良維,97,6,91,統一,2023-12-28,5850
2405,輔信,166,77,89,統一,2023-12-28,5850
1603,華電,90,12,78,統一,2023-12-28,5850
2323,中環,179,102,77,統一,2023-12-28,5850
2368,金像電,115,38,77,統一,2023-12-28,5850
6125,廣運,133,59,74,統一,2023-12-28,5850
2337,旺宏,210,137,73,統一,2023-12-28,5850
6415,矽力*-KY,135,62,73,統一,2023-12-28,5850
2028,威致,71,0,71,統一,2023-12-28,5850
8227,巨有科技,71,0,71,統一,2023-12-28,5850
6188,廣明,105,34,71,統一,2023-12-28,5850
1618,合機,88,18,70,統一,2023-12-28,5850
3548,兆利,353,284,69,統一,2023-12-28,5850
2408,南亞科,263,195,68,統一,2023-12-28,5850
5521,工信,2851,343,2508,統一,2023-12-29,5850
020030,統一智慧電動車N,1735,61,1674,統一,2023-12-29,5850
2362,藍天,923,93,830,統一,2023-12-29,5850
2324,仁寶,1540,846,694,統一,2023-12-29,5850
3231,緯創,1548,1063,485,統一,2023-12-29,5850
3548,兆利,382,55,327,統一,2023-12-29,5850
2382,廣達,575,274,301,統一,2023-12-29,5850
2515,中工,336,41,295,統一,2023-12-29,5850
2748,雲品,309,28,281,統一,2023-12-29,5850
1402,遠東新,239,1,238,統一,2023-12-29,5850
00882,中信中國高股息,247,10,237,統一,2023-12-29,5850
2352,佳世達,421,186,235,統一,2023-12-29,5850
2504,國產,194,0,194,統一,2023-12-29,5850
00673R,期元大S＆P原油反1,191,10,181,統一,2023-12-29,5850
6113,亞矽,188,19,169,統一,2023-12-29,5850
00688L,國泰20年美債正2,200,53,147,統一,2023-12-29,5850
2376,技嘉,191,44,147,統一,2023-12-29,5850
2634,漢翔,201,58,143,統一,2023-12-29,5850
3376,新日興,235,105,130,統一,2023-12-29,5850
6140,訊達,123,1,122,統一,2023-12-29,5850
2330,台積電,162,41,121,統一,2023-12-29,5850
3406,玉晶光,139,19,120,統一,2023-12-29,5850
2618,長榮航,179,63,116,統一,2023-12-29,5850
2736,富野,115,0,115,統一,2023-12-29,5850
00891,中信關鍵半導體,167,54,113,統一,2023-12-29,5850
1435,中福,100,0,100,統一,2023-12-29,5850
8097,常珵,109,10,99,統一,2023-12-29,5850
8112,至上,118,21,97,統一,2023-12-29,5850
6147,頎邦,113,18,95,統一,2023-12-29,5850
4938,和碩,126,35,91,統一,2023-12-29,5850
2883,凱基金,100,11,89,統一,2023-12-29,5850
2393,億光,91,4,87,統一,2023-12-29,5850
2486,一詮,286,201,85,統一,2023-12-29,5850
5388,中磊,88,2,86,統一,2023-12-29,5850
2353,宏��,774,689,85,統一,2023-12-29,5850
6284,佳邦,89,4,85,統一,2023-12-29,5850
9958,世紀鋼,119,40,79,統一,2023-12-29,5850
3712,永崴投控,79,1,78,統一,2023-12-29,5850
5347,世界,90,12,78,統一,2023-12-29,5850
8261,富鼎,79,2,77,統一,2023-12-29,5850
5223,安力-KY,72,0,72,統一,2023-12-29,5850
020025,統一亞洲半導體N,74,6,68,統一,2023-12-29,5850
6143,振曜,73,5,68,統一,2023-12-29,5850
2731,雄獅,80,13,67,統一,2023-12-29,5850
2903,遠百,66,0,66,統一,2023-12-29,5850
2454,聯發科,76,11,65,統一,2023-12-29,5850
00655L,國泰中國A50正2,65,0,65,統一,2023-12-29,5850
6213,聯茂,123,58,65,統一,2023-12-29,5850
2317,鴻海,96,35,61,統一,2023-12-29,5850
6683,雍智科技,69,8,61,統一,2023-12-29,5850
2618,長榮航,6048,3465,2583,統一,2024-01-02,5850
00632R,元大台灣50反1,2101,0,2101,統一,2024-01-02,5850
2449,京元電子,792,17,775,統一,2024-01-02,5850
2486,一詮,1873,1142,731,統一,2024-01-02,5850
4915,致伸,659,1,658,統一,2024-01-02,5850
6163,華電網,711,70,641,統一,2024-01-02,5850
8163,達方,600,2,598,統一,2024-01-02,5850
4979,華星光,625,48,577,統一,2024-01-02,5850
2610,華航,1188,650,538,統一,2024-01-02,5850
2211,長榮鋼,525,0,525,統一,2024-01-02,5850
6113,亞矽,497,44,453,統一,2024-01-02,5850
1101,台泥,466,13,453,統一,2024-01-02,5850
2356,英業達,957,519,438,統一,2024-01-02,5850
6147,頎邦,381,17,364,統一,2024-01-02,5850
6546,正基,420,70,350,統一,2024-01-02,5850
1402,遠東新,311,6,305,統一,2024-01-02,5850
9945,潤泰新,316,18,298,統一,2024-01-02,5850
2385,群光,300,9,291,統一,2024-01-02,5850
3390,旭軟,320,30,290,統一,2024-01-02,5850
00712,復華富時不動產,275,6,269,統一,2024-01-02,5850
3042,晶技,254,2,252,統一,2024-01-02,5850
2409,友達,349,106,243,統一,2024-01-02,5850
6108,競國,294,64,230,統一,2024-01-02,5850
6668,中揚光,226,24,202,統一,2024-01-02,5850
6223,旺矽,285,97,188,統一,2024-01-02,5850
020030,統一智慧電動車N,202,22,180,統一,2024-01-02,5850
00720B,元大投資級公司債,178,1,177,統一,2024-01-02,5850
00878,國泰永續高股息,189,26,163,統一,2024-01-02,5850
020033,統一�琤肮黕篾,160,4,156,統一,2024-01-02,5850
1303,南亞,160,13,147,統一,2024-01-02,5850
00706L,期元大S＆P日圓正2,140,0,140,統一,2024-01-02,5850
2327,國巨,151,11,140,統一,2024-01-02,5850
2915,潤泰全,175,37,138,統一,2024-01-02,5850
8054,安國,148,11,137,統一,2024-01-02,5850
6121,新普,135,1,134,統一,2024-01-02,5850
1605,華新,197,65,132,統一,2024-01-02,5850
2421,建準,194,63,131,統一,2024-01-02,5850
2515,中工,168,40,128,統一,2024-01-02,5850
0050,元大台灣50,165,40,125,統一,2024-01-02,5850
00933B,國泰10Y+金融債,165,52,113,統一,2024-01-02,5850
2377,微星,263,151,112,統一,2024-01-02,5850
3591,艾笛森,107,0,107,統一,2024-01-02,5850
1301,台塑,115,14,101,統一,2024-01-02,5850
8059,凱碩,186,87,99,統一,2024-01-02,5850
00637L,元大滬深300正2,111,14,97,統一,2024-01-02,5850
2405,輔信,208,112,96,統一,2024-01-02,5850
5223,安力-KY,94,1,93,統一,2024-01-02,5850
3346,麗清,91,1,90,統一,2024-01-02,5850
00853B,統一美債10年Aa-,360,271,89,統一,2024-01-02,5850
6695,芯鼎,309,223,86,統一,2024-01-02,5850
2603,長榮,1684,357,1327,統一,2024-01-03,5850
2337,旺宏,1246,29,1217,統一,2024-01-03,5850
9919,康那香,848,83,765,統一,2024-01-03,5850
3035,智原,985,260,725,統一,2024-01-03,5850
2353,宏��,1986,1270,716,統一,2024-01-03,5850
3036,文曄,752,51,701,統一,2024-01-03,5850
2609,陽明,1464,821,643,統一,2024-01-03,5850
00931B,統一美債20年,638,3,635,統一,2024-01-03,5850
00706L,期元大S＆P日圓正2,580,100,480,統一,2024-01-03,5850
2101,南港,474,33,441,統一,2024-01-03,5850
1504,東元,431,23,408,統一,2024-01-03,5850
2363,矽統,479,82,397,統一,2024-01-03,5850
2347,聯強,391,10,381,統一,2024-01-03,5850
2317,鴻海,395,34,361,統一,2024-01-03,5850
3376,新日興,394,45,349,統一,2024-01-03,5850
6140,訊達,418,73,345,統一,2024-01-03,5850
5521,工信,597,255,342,統一,2024-01-03,5850
1319,東陽,320,9,311,統一,2024-01-03,5850
4909,新復興,292,20,272,統一,2024-01-03,5850
00864B,中信美國公債0-1,491,229,262,統一,2024-01-03,5850
1325,恆大,270,10,260,統一,2024-01-03,5850
2404,漢唐,220,6,214,統一,2024-01-03,5850
1722,台肥,207,0,207,統一,2024-01-03,5850
2882A,國泰特,202,0,202,統一,2024-01-03,5850
00688L,國泰20年美債正2,200,0,200,統一,2024-01-03,5850
00712,復華富時不動產,196,0,196,統一,2024-01-03,5850
5347,世界,208,22,186,統一,2024-01-03,5850
5469,瀚宇博,182,2,180,統一,2024-01-03,5850
6239,力成,249,80,169,統一,2024-01-03,5850
2881,富邦金,281,112,169,統一,2024-01-03,5850
2313,華通,218,51,167,統一,2024-01-03,5850
2408,南亞科,171,10,161,統一,2024-01-03,5850
4919,新唐,162,1,161,統一,2024-01-03,5850
2331,精英,1266,1111,155,統一,2024-01-03,5850
2474,可成,150,0,150,統一,2024-01-03,5850
2105,正新,153,5,148,統一,2024-01-03,5850
1402,遠東新,150,3,147,統一,2024-01-03,5850
2211,長榮鋼,150,5,145,統一,2024-01-03,5850
4979,華星光,232,88,144,統一,2024-01-03,5850
8016,矽創,145,2,143,統一,2024-01-03,5850
0056,元大高股息,141,2,139,統一,2024-01-03,5850
3228,金麗科,175,40,135,統一,2024-01-03,5850
8112,至上,179,46,133,統一,2024-01-03,5850
3264,欣銓,139,6,133,統一,2024-01-03,5850
8096,擎亞,215,85,130,統一,2024-01-03,5850
2356,英業達,327,199,128,統一,2024-01-03,5850
00878,國泰永續高股息,140,13,127,統一,2024-01-03,5850
00917,中信特選金融,185,58,127,統一,2024-01-03,5850
2641,正德,130,12,118,統一,2024-01-03,5850
6191,精成科,121,6,115,統一,2024-01-03,5850
00715L,期街口布蘭特正2,3416,182,3234,統一,2024-01-04,5850
00937B,群益ESG投等債20,3971,2000,1971,統一,2024-01-04,5850
2609,陽明,4211,2755,1456,統一,2024-01-04,5850
8096,擎亞,1722,353,1369,統一,2024-01-04,5850
00864B,中信美國公債0-1,967,0,967,統一,2024-01-04,5850
2618,長榮航,2661,1698,963,統一,2024-01-04,5850
00706L,期元大S＆P日圓正2,930,50,880,統一,2024-01-04,5850
2603,長榮,2089,1363,726,統一,2024-01-04,5850
2606,裕民,709,88,621,統一,2024-01-04,5850
5876,上海商銀,570,7,563,統一,2024-01-04,5850
00720B,元大投資級公司債,443,0,443,統一,2024-01-04,5850
00712,復華富時不動產,400,0,400,統一,2024-01-04,5850
3594,磐儀,401,4,397,統一,2024-01-04,5850
00931B,統一美債20年,1264,882,382,統一,2024-01-04,5850
3548,兆利,352,25,327,統一,2024-01-04,5850
2352,佳世達,423,101,322,統一,2024-01-04,5850
00725B,國泰投資級公司債,314,10,304,統一,2024-01-04,5850
2611,志信,316,22,294,統一,2024-01-04,5850
3032,偉訓,470,180,290,統一,2024-01-04,5850
8932,智通*,373,99,274,統一,2024-01-04,5850
1732,毛寶,297,28,269,統一,2024-01-04,5850
3631,晟楠,300,40,260,統一,2024-01-04,5850
3036,文曄,362,116,246,統一,2024-01-04,5850
00929,復華台灣科技優息,250,16,234,統一,2024-01-04,5850
1325,恆大,279,62,217,統一,2024-01-04,5850
3591,艾笛森,209,0,209,統一,2024-01-04,5850
2353,宏��,1607,1417,190,統一,2024-01-04,5850
2317,鴻海,224,36,188,統一,2024-01-04,5850
2101,南港,303,125,178,統一,2024-01-04,5850
3706,神達,265,98,167,統一,2024-01-04,5850
2882A,國泰特,158,0,158,統一,2024-01-04,5850
1477,聚陽,265,112,153,統一,2024-01-04,5850
00637L,元大滬深300正2,162,11,151,統一,2024-01-04,5850
5258,虹堡,151,7,144,統一,2024-01-04,5850
2615,萬海,379,236,143,統一,2024-01-04,5850
1514,亞力,495,369,126,統一,2024-01-04,5850
00673R,期元大S＆P原油反1,121,0,121,統一,2024-01-04,5850
2498,宏達電,141,23,118,統一,2024-01-04,5850
2362,藍天,243,131,112,統一,2024-01-04,5850
00751B,元大AAA至A公司債,99,0,99,統一,2024-01-04,5850
1435,中福,101,2,99,統一,2024-01-04,5850
2377,微星,122,28,94,統一,2024-01-04,5850
8426,紅木-KY,93,1,92,統一,2024-01-04,5850
5425,台半,108,20,88,統一,2024-01-04,5850
2607,榮運,191,109,82,統一,2024-01-04,5850
6719,力智,92,13,79,統一,2024-01-04,5850
6113,亞矽,835,759,76,統一,2024-01-04,5850
6782,視陽,117,42,75,統一,2024-01-04,5850
00785B,富邦金融投等債,120,50,70,統一,2024-01-04,5850
00789B,復華公司債A3,66,0,66,統一,2024-01-04,5850
3481,群創,6913,536,6377,統一,2024-01-05,5850
6770,力積電,3697,141,3556,統一,2024-01-05,5850
2409,友達,2997,735,2262,統一,2024-01-05,5850
00632R,元大台灣50反1,1432,210,1222,統一,2024-01-05,5850
2603,長榮,1452,444,1008,統一,2024-01-05,5850
5533,皇鼎,759,2,757,統一,2024-01-05,5850
00706L,期元大S＆P日圓正2,537,10,527,統一,2024-01-05,5850
4956,光鋐,477,3,474,統一,2024-01-05,5850
2408,南亞科,483,54,429,統一,2024-01-05,5850
2303,聯電,569,166,403,統一,2024-01-05,5850
3631,晟楠,400,0,400,統一,2024-01-05,5850
5426,振發,374,31,343,統一,2024-01-05,5850
6113,亞矽,607,317,290,統一,2024-01-05,5850
5225,東科-KY,272,15,257,統一,2024-01-05,5850
2388,威盛,417,172,245,統一,2024-01-05,5850
3035,智原,677,440,237,統一,2024-01-05,5850
1795,美時,273,54,219,統一,2024-01-05,5850
3037,欣興,312,112,200,統一,2024-01-05,5850
4909,新復興,213,18,195,統一,2024-01-05,5850
00724B,群益投資級金融債,339,150,189,統一,2024-01-05,5850
3548,兆利,320,143,177,統一,2024-01-05,5850
00931B,統一美債20年,538,377,161,統一,2024-01-05,5850
6176,瑞儀,161,1,160,統一,2024-01-05,5850
4746,台耀,171,15,156,統一,2024-01-05,5850
8085,福華,181,27,154,統一,2024-01-05,5850
2486,一詮,385,236,149,統一,2024-01-05,5850
6472,保瑞,167,23,144,統一,2024-01-05,5850
00891,中信關鍵半導體,143,0,143,統一,2024-01-05,5850
00929,復華台灣科技優息,127,0,127,統一,2024-01-05,5850
6140,訊達,178,66,112,統一,2024-01-05,5850
2101,南港,212,108,104,統一,2024-01-05,5850
00712,復華富時不動產,99,0,99,統一,2024-01-05,5850
6120,達運,116,22,94,統一,2024-01-05,5850
2301,光寶科,112,20,92,統一,2024-01-05,5850
4763,材料-KY,153,62,91,統一,2024-01-05,5850
2881,富邦金,107,17,90,統一,2024-01-05,5850
00783,富邦中証500,90,0,90,統一,2024-01-05,5850
00761B,國泰A級公司債,88,0,88,統一,2024-01-05,5850
8916,光隆,80,0,80,統一,2024-01-05,5850
2736,富野,86,7,79,統一,2024-01-05,5850
3032,偉訓,171,93,78,統一,2024-01-05,5850
4584,君帆,120,44,76,統一,2024-01-05,5850
2885,元大金,142,72,70,統一,2024-01-05,5850
8059,凱碩,71,5,66,統一,2024-01-05,5850
3312,弘憶股,69,3,66,統一,2024-01-05,5850
6782,視陽,78,22,56,統一,2024-01-05,5850
2634,漢翔,108,52,56,統一,2024-01-05,5850
5607,遠雄港,49,0,49,統一,2024-01-05,5850
3346,麗清,50,3,47,統一,2024-01-05,5850
6616,特昇-KY,45,0,45,統一,2024-01-05,5850
2353,宏��,1818,935,883,統一,2024-01-08,5850
1449,佳和,838,32,806,統一,2024-01-08,5850
2324,仁寶,1261,457,804,統一,2024-01-08,5850
6116,彩晶,495,78,417,統一,2024-01-08,5850
2362,藍天,1840,1445,395,統一,2024-01-08,5850
2748,雲品,369,20,349,統一,2024-01-08,5850
2405,輔信,331,32,299,統一,2024-01-08,5850
9906,欣巴巴,278,2,276,統一,2024-01-08,5850
3287,廣寰科,286,47,239,統一,2024-01-08,5850
00637L,元大滬深300正2,304,67,237,統一,2024-01-08,5850
2887,台新金,251,18,233,統一,2024-01-08,5850
3035,智原,321,96,225,統一,2024-01-08,5850
00706L,期元大S＆P日圓正2,210,0,210,統一,2024-01-08,5850
2486,一詮,302,93,209,統一,2024-01-08,5850
5607,遠雄港,206,0,206,統一,2024-01-08,5850
8040,九暘,200,0,200,統一,2024-01-08,5850
00929,復華台灣科技優息,221,22,199,統一,2024-01-08,5850
1721,三晃,301,107,194,統一,2024-01-08,5850
8054,安國,244,62,182,統一,2024-01-08,5850
8111,立��,167,1,166,統一,2024-01-08,5850
8112,至上,176,13,163,統一,2024-01-08,5850
2603,長榮,426,264,162,統一,2024-01-08,5850
3260,威剛,234,77,157,統一,2024-01-08,5850
5490,同亨,137,4,133,統一,2024-01-08,5850
6625,必應,150,22,128,統一,2024-01-08,5850
8085,福華,270,147,123,統一,2024-01-08,5850
5521,工信,256,136,120,統一,2024-01-08,5850
4746,台耀,277,168,109,統一,2024-01-08,5850
3231,緯創,230,125,105,統一,2024-01-08,5850
00665L,富邦�琤肭磪囓�2,132,30,102,統一,2024-01-08,5850
2354,鴻準,113,11,102,統一,2024-01-08,5850
4735,豪展,101,4,97,統一,2024-01-08,5850
6782,視陽,113,22,91,統一,2024-01-08,5850
8059,凱碩,102,17,85,統一,2024-01-08,5850
8096,擎亞,244,162,82,統一,2024-01-08,5850
00783,富邦中証500,80,0,80,統一,2024-01-08,5850
3046,建��,91,12,79,統一,2024-01-08,5850
00632R,元大台灣50反1,176,100,76,統一,2024-01-08,5850
6024,群益期,70,0,70,統一,2024-01-08,5850
00720B,元大投資級公司債,71,5,66,統一,2024-01-08,5850
6223,旺矽,82,20,62,統一,2024-01-08,5850
9934,成霖,63,1,62,統一,2024-01-08,5850
00650L,復華香港正2,60,0,60,統一,2024-01-08,5850
3066,李洲,60,0,60,統一,2024-01-08,5850
2030,彰源,60,1,59,統一,2024-01-08,5850
2371,大同,187,131,56,統一,2024-01-08,5850
3025,星通,63,8,55,統一,2024-01-08,5850
3105,穩懋,87,32,55,統一,2024-01-08,5850
2606,裕民,82,29,53,統一,2024-01-08,5850
4555,氣立,52,0,52,統一,2024-01-08,5850
6120,達運,1055,349,706,統一,2024-01-09,5850
2886,兆豐金,502,11,491,統一,2024-01-09,5850
2449,京元電子,484,7,477,統一,2024-01-09,5850
8059,凱碩,407,32,375,統一,2024-01-09,5850
00637L,元大滬深300正2,336,0,336,統一,2024-01-09,5850
2357,華碩,383,60,323,統一,2024-01-09,5850
3693,營邦,254,4,250,統一,2024-01-09,5850
5607,遠雄港,235,0,235,統一,2024-01-09,5850
2404,漢唐,231,0,231,統一,2024-01-09,5850
1795,美時,250,27,223,統一,2024-01-09,5850
6113,亞矽,228,14,214,統一,2024-01-09,5850
8210,勤誠,280,77,203,統一,2024-01-09,5850
2362,藍天,968,767,201,統一,2024-01-09,5850
2504,國產,200,0,200,統一,2024-01-09,5850
6176,瑞儀,209,11,198,統一,2024-01-09,5850
3022,威強電,198,12,186,統一,2024-01-09,5850
8054,安國,172,12,160,統一,2024-01-09,5850
2913,農林,252,110,142,統一,2024-01-09,5850
00632R,元大台灣50反1,141,0,141,統一,2024-01-09,5850
2486,一詮,143,19,124,統一,2024-01-09,5850
3581,博磊,118,1,117,統一,2024-01-09,5850
00929,復華台灣科技優息,127,15,112,統一,2024-01-09,5850
8091,翔名,114,9,105,統一,2024-01-09,5850
2405,輔信,158,58,100,統一,2024-01-09,5850
2360,致茂,96,1,95,統一,2024-01-09,5850
9910,豐泰,89,0,89,統一,2024-01-09,5850
6213,聯茂,89,6,83,統一,2024-01-09,5850
9958,世紀鋼,97,24,73,統一,2024-01-09,5850
1519,華城,175,102,73,統一,2024-01-09,5850
6138,茂達,117,45,72,統一,2024-01-09,5850
1514,亞力,304,237,67,統一,2024-01-09,5850
00650L,復華香港正2,70,5,65,統一,2024-01-09,5850
2383,台光電,69,5,64,統一,2024-01-09,5850
5426,振發,157,95,62,統一,2024-01-09,5850
00706L,期元大S＆P日圓正2,85,25,60,統一,2024-01-09,5850
1504,東元,77,17,60,統一,2024-01-09,5850
2388,威盛,267,209,58,統一,2024-01-09,5850
2368,金像電,95,37,58,統一,2024-01-09,5850
6805,富世達,59,4,55,統一,2024-01-09,5850
6140,訊達,354,300,54,統一,2024-01-09,5850
020033,統一�琤肮黕篾,53,1,52,統一,2024-01-09,5850
1402,遠東新,53,1,52,統一,2024-01-09,5850
2417,圓剛,51,0,51,統一,2024-01-09,5850
3228,金麗科,76,26,50,統一,2024-01-09,5850
00641R,富邦日本反1,50,0,50,統一,2024-01-09,5850
2103,台橡,50,0,50,統一,2024-01-09,5850
4960,誠美材,56,6,50,統一,2024-01-09,5850
2211,長榮鋼,50,2,48,統一,2024-01-09,5850
6782,視陽,55,7,48,統一,2024-01-09,5850
2855,統一證,51,5,46,統一,2024-01-09,5850
00715L,期街口布蘭特正2,788,63,725,統一,2024-01-10,5850
8096,擎亞,1527,874,653,統一,2024-01-10,5850
00773B,中信優先金融債,557,1,556,統一,2024-01-10,5850
2891,中信金,541,9,532,統一,2024-01-10,5850
3548,兆利,561,61,500,統一,2024-01-10,5850
2382,廣達,569,97,472,統一,2024-01-10,5850
8059,凱碩,595,179,416,統一,2024-01-10,5850
00706L,期元大S＆P日圓正2,389,0,389,統一,2024-01-10,5850
2371,大同,1178,862,316,統一,2024-01-10,5850
2329,華泰,406,103,303,統一,2024-01-10,5850
3036,文曄,364,64,300,統一,2024-01-10,5850
2888,新光金,298,18,280,統一,2024-01-10,5850
8150,南茂,253,0,253,統一,2024-01-10,5850
6113,亞矽,626,385,241,統一,2024-01-10,5850
3499,環天科,249,18,231,統一,2024-01-10,5850
3017,奇鋐,282,95,187,統一,2024-01-10,5850
6451,訊芯-KY,210,32,178,統一,2024-01-10,5850
3231,緯創,393,216,177,統一,2024-01-10,5850
00862B,中信投資級公司債,183,10,173,統一,2024-01-10,5850
3591,艾笛森,162,0,162,統一,2024-01-10,5850
6223,旺矽,243,84,159,統一,2024-01-10,5850
2504,國產,159,0,159,統一,2024-01-10,5850
2913,農林,162,4,158,統一,2024-01-10,5850
8028,昇陽半導體,157,0,157,統一,2024-01-10,5850
2449,京元電子,165,16,149,統一,2024-01-10,5850
00929,復華台灣科技優息,179,53,126,統一,2024-01-10,5850
8034,榮群,143,22,121,統一,2024-01-10,5850
2609,陽明,556,436,120,統一,2024-01-10,5850
2454,聯發科,160,41,119,統一,2024-01-10,5850
8932,智通*,138,21,117,統一,2024-01-10,5850
6140,訊達,491,376,115,統一,2024-01-10,5850
5211,蒙恬,113,0,113,統一,2024-01-10,5850
00772B,中信高評級公司債,112,1,111,統一,2024-01-10,5850
3287,廣寰科,554,446,108,統一,2024-01-10,5850
1718,中纖,106,0,106,統一,2024-01-10,5850
00864B,中信美國公債0-1,224,119,105,統一,2024-01-10,5850
00931B,統一美債20年,572,469,103,統一,2024-01-10,5850
3594,磐儀,101,0,101,統一,2024-01-10,5850
3023,信邦,100,0,100,統一,2024-01-10,5850
5351,鈺創,137,38,99,統一,2024-01-10,5850
3035,智原,217,126,91,統一,2024-01-10,5850
2317,鴻海,115,25,90,統一,2024-01-10,5850
2705,六福,88,0,88,統一,2024-01-10,5850
8054,安國,155,67,88,統一,2024-01-10,5850
2458,義隆,105,19,86,統一,2024-01-10,5850
6163,華電網,128,44,84,統一,2024-01-10,5850
2423,固緯,99,19,80,統一,2024-01-10,5850
2354,鴻準,84,7,77,統一,2024-01-10,5850
6147,頎邦,81,5,76,統一,2024-01-10,5850
3443,創意,106,32,74,統一,2024-01-10,5850
2892,第一金,1252,7,1245,統一,2024-01-11,5850
2486,一詮,1175,64,1111,統一,2024-01-11,5850
2324,仁寶,1185,186,999,統一,2024-01-11,5850
00665L,富邦�琤肭磪囓�2,1018,26,992,統一,2024-01-11,5850
00650L,復華香港正2,1028,70,958,統一,2024-01-11,5850
00706L,期元大S＆P日圓正2,957,0,957,統一,2024-01-11,5850
3481,群創,1328,384,944,統一,2024-01-11,5850
5876,上海商銀,1017,120,897,統一,2024-01-11,5850
3035,智原,1060,362,698,統一,2024-01-11,5850
00753L,中信中國50正2,722,120,602,統一,2024-01-11,5850
4979,華星光,1353,767,586,統一,2024-01-11,5850
3036,文曄,1169,634,535,統一,2024-01-11,5850
2609,陽明,1561,1055,506,統一,2024-01-11,5850
3024,憶聲,482,0,482,統一,2024-01-11,5850
5258,虹堡,462,40,422,統一,2024-01-11,5850
2353,宏��,1117,710,407,統一,2024-01-11,5850
00933B,國泰10Y+金融債,402,0,402,統一,2024-01-11,5850
9935,慶豐富,391,1,390,統一,2024-01-11,5850
2330,台積電,407,42,365,統一,2024-01-11,5850
8039,台虹,321,0,321,統一,2024-01-11,5850
2382,廣達,524,206,318,統一,2024-01-11,5850
00857B,永豐20年美公債,318,0,318,統一,2024-01-11,5850
2377,微星,359,65,294,統一,2024-01-11,5850
2409,友達,1087,806,281,統一,2024-01-11,5850
2356,英業達,757,513,244,統一,2024-01-11,5850
3293,鈊象,229,28,201,統一,2024-01-11,5850
5244,弘凱,195,1,194,統一,2024-01-11,5850
00641R,富邦日本反1,195,5,190,統一,2024-01-11,5850
8932,智通*,197,12,185,統一,2024-01-11,5850
8034,榮群,777,600,177,統一,2024-01-11,5850
6140,訊達,329,152,177,統一,2024-01-11,5850
3030,德律,163,0,163,統一,2024-01-11,5850
8176,智捷,160,0,160,統一,2024-01-11,5850
3450,聯鈞,160,1,159,統一,2024-01-11,5850
0050,元大台灣50,181,29,152,統一,2024-01-11,5850
4746,台耀,283,137,146,統一,2024-01-11,5850
00927,群益半導體收益,146,0,146,統一,2024-01-11,5850
3021,鴻名,142,2,140,統一,2024-01-11,5850
2368,金像電,174,40,134,統一,2024-01-11,5850
2888,新光金,154,27,127,統一,2024-01-11,5850
2903,遠百,125,0,125,統一,2024-01-11,5850
8059,凱碩,301,183,118,統一,2024-01-11,5850
2408,南亞科,303,187,116,統一,2024-01-11,5850
2472,立隆電,113,0,113,統一,2024-01-11,5850
2393,億光,110,2,108,統一,2024-01-11,5850
1524,耿鼎,132,27,105,統一,2024-01-11,5850
8936,國統,123,18,105,統一,2024-01-11,5850
3622,洋華,128,24,104,統一,2024-01-11,5850
2201,裕隆,103,1,102,統一,2024-01-11,5850
5371,中光電,103,3,100,統一,2024-01-11,5850
00715L,期街口布蘭特正2,2533,80,2453,統一,2024-01-12,5850
2609,陽明,2838,828,2010,統一,2024-01-12,5850
2382,廣達,1249,143,1106,統一,2024-01-12,5850
3231,緯創,1498,403,1095,統一,2024-01-12,5850
5426,振發,1652,839,813,統一,2024-01-12,5850
0050,元大台灣50,1028,315,713,統一,2024-01-12,5850
6531,愛普*,687,135,552,統一,2024-01-12,5850
2330,台積電,423,24,399,統一,2024-01-12,5850
6223,旺矽,457,60,397,統一,2024-01-12,5850
00830,國泰費城半導體,326,0,326,統一,2024-01-12,5850
00864B,中信美國公債0-1,356,54,302,統一,2024-01-12,5850
8150,南茂,301,2,299,統一,2024-01-12,5850
3025,星通,527,238,289,統一,2024-01-12,5850
00680L,元大美債20正2,321,34,287,統一,2024-01-12,5850
00637L,元大滬深300正2,367,126,241,統一,2024-01-12,5850
2368,金像電,288,74,214,統一,2024-01-12,5850
2317,鴻海,255,43,212,統一,2024-01-12,5850
2888,新光金,213,11,202,統一,2024-01-12,5850
00929,復華台灣科技優息,202,3,199,統一,2024-01-12,5850
3631,晟楠,185,0,185,統一,2024-01-12,5850
4529,淳紳,185,0,185,統一,2024-01-12,5850
5355,佳總,178,0,178,統一,2024-01-12,5850
6593,台灣銘板,244,68,176,統一,2024-01-12,5850
2603,長榮,1150,981,169,統一,2024-01-12,5850
2201,裕隆,168,4,164,統一,2024-01-12,5850
5388,中磊,166,16,150,統一,2024-01-12,5850
3594,磐儀,140,0,140,統一,2024-01-12,5850
00789B,復華公司債A3,131,0,131,統一,2024-01-12,5850
3324,雙鴻,153,24,129,統一,2024-01-12,5850
4903,聯光通,111,0,111,統一,2024-01-12,5850
6425,易發,108,0,108,統一,2024-01-12,5850
020025,統一亞洲半導體N,107,0,107,統一,2024-01-12,5850
5371,中光電,106,3,103,統一,2024-01-12,5850
6116,彩晶,102,0,102,統一,2024-01-12,5850
6462,神盾,618,518,100,統一,2024-01-12,5850
6446,藥華藥,100,0,100,統一,2024-01-12,5850
8936,國統,104,4,100,統一,2024-01-12,5850
020030,統一智慧電動車N,98,0,98,統一,2024-01-12,5850
6239,力成,114,17,97,統一,2024-01-12,5850
6274,台燿,125,28,97,統一,2024-01-12,5850
2610,華航,185,90,95,統一,2024-01-12,5850
6698,旭暉應材,94,1,93,統一,2024-01-12,5850
00927,群益半導體收益,92,0,92,統一,2024-01-12,5850
3623,富晶通,97,6,91,統一,2024-01-12,5850
1560,中砂,261,171,90,統一,2024-01-12,5850
3591,艾笛森,89,0,89,統一,2024-01-12,5850
1519,華城,197,111,86,統一,2024-01-12,5850
8096,擎亞,832,747,85,統一,2024-01-12,5850
8059,凱碩,98,13,85,統一,2024-01-12,5850
3664,安瑞-KY,101,20,81,統一,2024-01-12,5850
2892,第一金,1259,7,1252,統一,2024-01-15,5850
5351,鈺創,1285,162,1123,統一,2024-01-15,5850
00933B,國泰10Y+金融債,5764,4661,1103,統一,2024-01-15,5850
3712,永崴投控,945,50,895,統一,2024-01-15,5850
1609,大亞,2163,1296,867,統一,2024-01-15,5850
8096,擎亞,1270,463,807,統一,2024-01-15,5850
2408,南亞科,579,9,570,統一,2024-01-15,5850
00772B,中信高評級公司債,564,0,564,統一,2024-01-15,5850
00931B,統一美債20年,554,17,537,統一,2024-01-15,5850
6806,森崴能源,533,17,516,統一,2024-01-15,5850
2486,一詮,809,300,509,統一,2024-01-15,5850
6274,台燿,696,224,472,統一,2024-01-15,5850
5876,上海商銀,416,0,416,統一,2024-01-15,5850
1528,恩德,473,58,415,統一,2024-01-15,5850
6684,安格,402,66,336,統一,2024-01-15,5850
4909,新復興,616,322,294,統一,2024-01-15,5850
6698,旭暉應材,307,25,282,統一,2024-01-15,5850
0050,元大台灣50,383,120,263,統一,2024-01-15,5850
2313,華通,273,25,248,統一,2024-01-15,5850
8034,榮群,511,271,240,統一,2024-01-15,5850
2368,金像電,313,74,239,統一,2024-01-15,5850
3231,緯創,956,721,235,統一,2024-01-15,5850
3481,群創,464,238,226,統一,2024-01-15,5850
2504,國產,207,0,207,統一,2024-01-15,5850
00720B,元大投資級公司債,200,4,196,統一,2024-01-15,5850
1513,中興電,695,508,187,統一,2024-01-15,5850
2330,台積電,231,49,182,統一,2024-01-15,5850
1503,士電,274,105,169,統一,2024-01-15,5850
00637L,元大滬深300正2,276,112,164,統一,2024-01-15,5850
4402,郡都開發,162,0,162,統一,2024-01-15,5850
3149,正達,164,4,160,統一,2024-01-15,5850
00773B,中信優先金融債,166,10,156,統一,2024-01-15,5850
2303,聯電,224,69,155,統一,2024-01-15,5850
8155,博智,155,5,150,統一,2024-01-15,5850
1314,中石化,146,1,145,統一,2024-01-15,5850
3715,定穎投控,132,5,127,統一,2024-01-15,5850
1519,華城,427,300,127,統一,2024-01-15,5850
3034,聯詠,211,93,118,統一,2024-01-15,5850
8227,巨有科技,118,2,116,統一,2024-01-15,5850
8210,勤誠,177,65,112,統一,2024-01-15,5850
2603,長榮,296,185,111,統一,2024-01-15,5850
8085,福華,396,287,109,統一,2024-01-15,5850
8477,創業家,114,7,107,統一,2024-01-15,5850
3005,神基,107,2,105,統一,2024-01-15,5850
2388,威盛,153,53,100,統一,2024-01-15,5850
6233,旺玖,105,7,98,統一,2024-01-15,5850
6443,元晶,122,25,97,統一,2024-01-15,5850
6223,旺矽,152,55,97,統一,2024-01-15,5850
2548,華固,97,0,97,統一,2024-01-15,5850
5426,振發,573,477,96,統一,2024-01-15,5850
3481,群創,8059,892,7167,統一,2024-01-16,5850
0050,元大台灣50,2691,1,2690,統一,2024-01-16,5850
3306,鼎天,2452,15,2437,統一,2024-01-16,5850
2409,友達,2526,541,1985,統一,2024-01-16,5850
2313,華通,1767,92,1675,統一,2024-01-16,5850
00773B,中信優先金融債,1220,0,1220,統一,2024-01-16,5850
00720B,元大投資級公司債,1149,36,1113,統一,2024-01-16,5850
00772B,中信高評級公司債,1007,0,1007,統一,2024-01-16,5850
3036,文曄,1175,555,620,統一,2024-01-16,5850
00661,元大日經225,570,0,570,統一,2024-01-16,5850
00706L,期元大S＆P日圓正2,401,0,401,統一,2024-01-16,5850
3231,緯創,816,467,349,統一,2024-01-16,5850
8410,森田,354,6,348,統一,2024-01-16,5850
2329,華泰,1263,920,343,統一,2024-01-16,5850
8097,常珵,320,0,320,統一,2024-01-16,5850
8299,群聯,344,30,314,統一,2024-01-16,5850
2368,金像電,379,79,300,統一,2024-01-16,5850
2886,兆豐金,317,21,296,統一,2024-01-16,5850
8092,建暐,294,0,294,統一,2024-01-16,5850
1528,恩德,507,235,272,統一,2024-01-16,5850
00864B,中信美國公債0-1,453,200,253,統一,2024-01-16,5850
0056,元大高股息,258,11,247,統一,2024-01-16,5850
2504,國產,230,0,230,統一,2024-01-16,5850
00637L,元大滬深300正2,808,592,216,統一,2024-01-16,5850
2103,台橡,201,0,201,統一,2024-01-16,5850
5488,松普,315,117,198,統一,2024-01-16,5850
00753L,中信中國50正2,670,485,185,統一,2024-01-16,5850
5426,振發,852,685,167,統一,2024-01-16,5850
2312,金寶,579,413,166,統一,2024-01-16,5850
3034,聯詠,216,54,162,統一,2024-01-16,5850
2913,農林,165,9,156,統一,2024-01-16,5850
3615,安可,155,0,155,統一,2024-01-16,5850
1435,中福,152,0,152,統一,2024-01-16,5850
00878,國泰永續高股息,178,26,152,統一,2024-01-16,5850
6257,矽格,154,6,148,統一,2024-01-16,5850
00633L,富邦上証正2,240,100,140,統一,2024-01-16,5850
6243,迅杰,548,411,137,統一,2024-01-16,5850
3033,威健,361,228,133,統一,2024-01-16,5850
6274,台燿,198,68,130,統一,2024-01-16,5850
6245,立端,177,51,126,統一,2024-01-16,5850
00927,群益半導體收益,137,13,124,統一,2024-01-16,5850
1402,遠東新,135,12,123,統一,2024-01-16,5850
2330,台積電,189,66,123,統一,2024-01-16,5850
3035,智原,436,316,120,統一,2024-01-16,5850
2449,京元電子,204,88,116,統一,2024-01-16,5850
6124,業強,137,21,116,統一,2024-01-16,5850
00862B,中信投資級公司債,126,20,106,統一,2024-01-16,5850
9933,中鼎,100,0,100,統一,2024-01-16,5850
3703,欣陸,99,0,99,統一,2024-01-16,5850
2356,英業達,264,167,97,統一,2024-01-16,5850
4960,誠美材,4331,255,4076,統一,2024-01-17,5850
3481,群創,5943,2277,3666,統一,2024-01-17,5850
00680L,元大美債20正2,2964,296,2668,統一,2024-01-17,5850
00632R,元大台灣50反1,4363,3355,1008,統一,2024-01-17,5850
2303,聯電,1314,513,801,統一,2024-01-17,5850
3231,緯創,1260,498,762,統一,2024-01-17,5850
2379,瑞昱,735,8,727,統一,2024-01-17,5850
2330,台積電,806,106,700,統一,2024-01-17,5850
2354,鴻準,639,15,624,統一,2024-01-17,5850
00720B,元大投資級公司債,469,9,460,統一,2024-01-17,5850
00929,復華台灣科技優息,484,85,399,統一,2024-01-17,5850
00753L,中信中國50正2,410,15,395,統一,2024-01-17,5850
3036,文曄,867,482,385,統一,2024-01-17,5850
2385,群光,359,2,357,統一,2024-01-17,5850
2103,台橡,350,0,350,統一,2024-01-17,5850
3017,奇鋐,463,158,305,統一,2024-01-17,5850
2913,農林,313,9,304,統一,2024-01-17,5850
00637L,元大滬深300正2,342,62,280,統一,2024-01-17,5850
2382,廣達,490,215,275,統一,2024-01-17,5850
2002,中鋼,289,15,274,統一,2024-01-17,5850
0056,元大高股息,284,15,269,統一,2024-01-17,5850
4529,淳紳,450,186,264,統一,2024-01-17,5850
3321,同泰,252,0,252,統一,2024-01-17,5850
2356,英業達,503,258,245,統一,2024-01-17,5850
00706L,期元大S＆P日圓正2,6575,6354,221,統一,2024-01-17,5850
3591,艾笛森,216,0,216,統一,2024-01-17,5850
1605,華新,379,163,216,統一,2024-01-17,5850
2316,楠梓電,214,2,212,統一,2024-01-17,5850
1718,中纖,197,0,197,統一,2024-01-17,5850
2388,威盛,258,64,194,統一,2024-01-17,5850
8354,冠好,219,31,188,統一,2024-01-17,5850
3034,聯詠,206,22,184,統一,2024-01-17,5850
00911,兆豐洲際半導體,167,0,167,統一,2024-01-17,5850
00633L,富邦上証正2,200,40,160,統一,2024-01-17,5850
00931B,統一美債20年,677,519,158,統一,2024-01-17,5850
1216,統一,153,0,153,統一,2024-01-17,5850
00650L,復華香港正2,193,50,143,統一,2024-01-17,5850
6462,神盾,266,124,142,統一,2024-01-17,5850
00724B,群益投資級金融債,140,0,140,統一,2024-01-17,5850
4956,光鋐,235,96,139,統一,2024-01-17,5850
5871,中租-KY,135,3,132,統一,2024-01-17,5850
4746,台耀,226,95,131,統一,2024-01-17,5850
8059,凱碩,154,30,124,統一,2024-01-17,5850
9904,寶成,136,12,124,統一,2024-01-17,5850
8112,至上,332,214,118,統一,2024-01-17,5850
5328,華容,220,106,114,統一,2024-01-17,5850
00664R,國泰臺灣加權反1,110,0,110,統一,2024-01-17,5850
1477,聚陽,128,22,106,統一,2024-01-17,5850
6869,雲豹能源,131,28,103,統一,2024-01-17,5850
00917,中信特選金融,138,37,101,統一,2024-01-17,5850
6120,達運,2528,257,2271,統一,2024-01-18,5850
00706L,期元大S＆P日圓正2,1265,0,1265,統一,2024-01-18,5850
3231,緯創,1362,544,818,統一,2024-01-18,5850
2313,華通,784,177,607,統一,2024-01-18,5850
2383,台光電,527,24,503,統一,2024-01-18,5850
5521,工信,545,48,497,統一,2024-01-18,5850
8215,明基材,483,11,472,統一,2024-01-18,5850
3363,上詮,560,94,466,統一,2024-01-18,5850
2303,聯電,649,246,403,統一,2024-01-18,5850
2409,友達,1571,1232,339,統一,2024-01-18,5850
2330,台積電,709,381,328,統一,2024-01-18,5850
4529,淳紳,327,13,314,統一,2024-01-18,5850
00864B,中信美國公債0-1,307,0,307,統一,2024-01-18,5850
4746,台耀,580,293,287,統一,2024-01-18,5850
2885,元大金,321,36,285,統一,2024-01-18,5850
2324,仁寶,476,198,278,統一,2024-01-18,5850
4188,安克,285,13,272,統一,2024-01-18,5850
2353,宏��,478,209,269,統一,2024-01-18,5850
6535,順藥,297,46,251,統一,2024-01-18,5850
3530,晶相光,584,344,240,統一,2024-01-18,5850
0056,元大高股息,254,14,240,統一,2024-01-18,5850
00740B,富邦全球投等債,810,590,220,統一,2024-01-18,5850
6155,鈞寶,213,6,207,統一,2024-01-18,5850
3520,華盈,200,0,200,統一,2024-01-18,5850
2603,長榮,494,306,188,統一,2024-01-18,5850
00929,復華台灣科技優息,274,96,178,統一,2024-01-18,5850
00679B,元大美債20年,171,0,171,統一,2024-01-18,5850
2515,中工,178,12,166,統一,2024-01-18,5850
2317,鴻海,185,33,152,統一,2024-01-18,5850
00712,復華富時不動產,144,0,144,統一,2024-01-18,5850
0050,元大台灣50,184,42,142,統一,2024-01-18,5850
2618,長榮航,327,189,138,統一,2024-01-18,5850
8034,榮群,570,435,135,統一,2024-01-18,5850
3615,安可,149,14,135,統一,2024-01-18,5850
2610,華航,170,41,129,統一,2024-01-18,5850
2609,陽明,418,295,123,統一,2024-01-18,5850
3490,單井,139,25,114,統一,2024-01-18,5850
020031,統一IC設計臺灣N,180,71,109,統一,2024-01-18,5850
2002,中鋼,118,13,105,統一,2024-01-18,5850
6472,保瑞,194,92,102,統一,2024-01-18,5850
2347,聯強,101,0,101,統一,2024-01-18,5850
3533,嘉澤,102,2,100,統一,2024-01-18,5850
2103,台橡,100,0,100,統一,2024-01-18,5850
2449,京元電子,168,69,99,統一,2024-01-18,5850
3623,富晶通,112,16,96,統一,2024-01-18,5850
9910,豐泰,103,12,91,統一,2024-01-18,5850
2881A,富邦特,90,0,90,統一,2024-01-18,5850
00680L,元大美債20正2,82,2,80,統一,2024-01-18,5850
8299,群聯,72,4,68,統一,2024-01-18,5850
3715,定穎投控,97,30,67,統一,2024-01-18,5850
3231,緯創,9260,1995,7265,統一,2024-01-19,5850
3481,群創,6922,1515,5407,統一,2024-01-19,5850
3711,日月光投控,2297,30,2267,統一,2024-01-19,5850
2891,中信金,1863,0,1863,統一,2024-01-19,5850
2303,聯電,1864,223,1641,統一,2024-01-19,5850
2382,廣達,1545,231,1314,統一,2024-01-19,5850
00680L,元大美債20正2,1310,186,1124,統一,2024-01-19,5850
00864B,中信美國公債0-1,1122,121,1001,統一,2024-01-19,5850
00931B,統一美債20年,1566,676,890,統一,2024-01-19,5850
2886,兆豐金,870,7,863,統一,2024-01-19,5850
2329,華泰,1298,440,858,統一,2024-01-19,5850
00933B,國泰10Y+金融債,24351,23574,777,統一,2024-01-19,5850
3264,欣銓,742,48,694,統一,2024-01-19,5850
2356,英業達,1258,585,673,統一,2024-01-19,5850
3033,威健,679,36,643,統一,2024-01-19,5850
6239,力成,621,28,593,統一,2024-01-19,5850
2376,技嘉,750,158,592,統一,2024-01-19,5850
2324,仁寶,739,196,543,統一,2024-01-19,5850
6176,瑞儀,393,0,393,統一,2024-01-19,5850
6147,頎邦,393,2,391,統一,2024-01-19,5850
020025,統一亞洲半導體N,371,2,369,統一,2024-01-19,5850
5483,中美晶,433,64,369,統一,2024-01-19,5850
3615,安可,347,2,345,統一,2024-01-19,5850
8150,南茂,299,13,286,統一,2024-01-19,5850
00720B,元大投資級公司債,284,0,284,統一,2024-01-19,5850
6140,訊達,326,48,278,統一,2024-01-19,5850
8027,鈦昇,311,59,252,統一,2024-01-19,5850
2383,台光電,357,110,247,統一,2024-01-19,5850
020030,統一智慧電動車N,244,1,243,統一,2024-01-19,5850
2211,長榮鋼,221,21,200,統一,2024-01-19,5850
2385,群光,216,16,200,統一,2024-01-19,5850
3520,華盈,199,0,199,統一,2024-01-19,5850
3034,聯詠,316,122,194,統一,2024-01-19,5850
3339,泰谷,175,9,166,統一,2024-01-19,5850
6274,台燿,259,95,164,統一,2024-01-19,5850
3066,李洲,158,1,157,統一,2024-01-19,5850
6218,豪勉,154,0,154,統一,2024-01-19,5850
2317,鴻海,157,7,150,統一,2024-01-19,5850
00789B,復華公司債A3,160,16,144,統一,2024-01-19,5850
2313,華通,216,74,142,統一,2024-01-19,5850
2884,玉山金,141,2,139,統一,2024-01-19,5850
00679B,元大美債20年,206,72,134,統一,2024-01-19,5850
00637L,元大滬深300正2,698,570,128,統一,2024-01-19,5850
3037,欣興,175,52,123,統一,2024-01-19,5850
2504,國產,121,0,121,統一,2024-01-19,5850
2888,新光金,126,6,120,統一,2024-01-19,5850
3035,智原,327,209,118,統一,2024-01-19,5850
00904,新光臺灣半導體30,112,0,112,統一,2024-01-19,5850
3036,文曄,350,244,106,統一,2024-01-19,5850
4909,新復興,169,64,105,統一,2024-01-19,5850
3481,群創,6488,1121,5367,統一,2024-01-22,5850
3231,緯創,7637,5171,2466,統一,2024-01-22,5850
00878,國泰永續高股息,1867,21,1846,統一,2024-01-22,5850
00720B,元大投資級公司債,1058,47,1011,統一,2024-01-22,5850
2356,英業達,2589,1704,885,統一,2024-01-22,5850
2382,廣達,1504,769,735,統一,2024-01-22,5850
6274,台燿,950,369,581,統一,2024-01-22,5850
00676R,富邦臺灣加權反1,522,0,522,統一,2024-01-22,5850
020030,統一智慧電動車N,509,4,505,統一,2024-01-22,5850
2376,技嘉,738,312,426,統一,2024-01-22,5850
2353,宏��,614,252,362,統一,2024-01-22,5850
2409,友達,577,240,337,統一,2024-01-22,5850
2344,華邦電,405,76,329,統一,2024-01-22,5850
6873,泓德能源,331,5,326,統一,2024-01-22,5850
00876,元大全球5G,323,0,323,統一,2024-01-22,5850
6806,森崴能源,313,8,305,統一,2024-01-22,5850
6237,驊訊,351,50,301,統一,2024-01-22,5850
00830,國泰費城半導體,294,1,293,統一,2024-01-22,5850
0050,元大台灣50,323,49,274,統一,2024-01-22,5850
3033,威健,265,13,252,統一,2024-01-22,5850
2324,仁寶,454,211,243,統一,2024-01-22,5850
6125,廣運,421,179,242,統一,2024-01-22,5850
8299,群聯,251,19,232,統一,2024-01-22,5850
3591,艾笛森,232,3,229,統一,2024-01-22,5850
2383,台光電,423,203,220,統一,2024-01-22,5850
1471,首利,214,1,213,統一,2024-01-22,5850
00633L,富邦上証正2,452,253,199,統一,2024-01-22,5850
3354,律勝,207,12,195,統一,2024-01-22,5850
6112,邁達特,238,47,191,統一,2024-01-22,5850
3058,立德,185,0,185,統一,2024-01-22,5850
3680,家登,186,4,182,統一,2024-01-22,5850
3483,力致,210,31,179,統一,2024-01-22,5850
8426,紅木-KY,177,0,177,統一,2024-01-22,5850
00680L,元大美債20正2,204,40,164,統一,2024-01-22,5850
3017,奇鋐,406,246,160,統一,2024-01-22,5850
3521,鴻翊,160,7,153,統一,2024-01-22,5850
8201,無敵,165,17,148,統一,2024-01-22,5850
6218,豪勉,151,10,141,統一,2024-01-22,5850
4555,氣立,134,0,134,統一,2024-01-22,5850
00650L,復華香港正2,201,71,130,統一,2024-01-22,5850
6684,安格,150,30,120,統一,2024-01-22,5850
3035,智原,275,159,116,統一,2024-01-22,5850
020025,統一亞洲半導體N,116,2,114,統一,2024-01-22,5850
00929,復華台灣科技優息,124,16,108,統一,2024-01-22,5850
5211,蒙恬,108,0,108,統一,2024-01-22,5850
6698,旭暉應材,111,5,106,統一,2024-01-22,5850
3711,日月光投控,106,2,104,統一,2024-01-22,5850
1513,中興電,117,16,101,統一,2024-01-22,5850
5546,永固-KY,95,0,95,統一,2024-01-22,5850
3479,安勤,100,6,94,統一,2024-01-22,5850
2371,大同,11372,1797,9575,統一,2024-01-23,5850
00878,國泰永續高股息,4751,213,4538,統一,2024-01-23,5850
3481,群創,6928,2577,4351,統一,2024-01-23,5850
2891,中信金,2002,1,2001,統一,2024-01-23,5850
3231,緯創,3968,2257,1711,統一,2024-01-23,5850
2313,華通,1331,122,1209,統一,2024-01-23,5850
00632R,元大台灣50反1,1206,0,1206,統一,2024-01-23,5850
2409,友達,6304,5541,763,統一,2024-01-23,5850
6116,彩晶,2130,1494,636,統一,2024-01-23,5850
2377,微星,532,39,493,統一,2024-01-23,5850
4909,新復興,512,27,485,統一,2024-01-23,5850
6239,力成,686,247,439,統一,2024-01-23,5850
2421,建準,835,433,402,統一,2024-01-23,5850
00650L,復華香港正2,733,332,401,統一,2024-01-23,5850
00830,國泰費城半導體,386,2,384,統一,2024-01-23,5850
5483,中美晶,397,25,372,統一,2024-01-23,5850
020030,統一智慧電動車N,343,10,333,統一,2024-01-23,5850
2382,廣達,746,438,308,統一,2024-01-23,5850
3545,敦泰,345,47,298,統一,2024-01-23,5850
5234,達興材料,297,1,296,統一,2024-01-23,5850
6237,驊訊,802,508,294,統一,2024-01-23,5850
3362,先進光,347,94,253,統一,2024-01-23,5850
00633L,富邦上証正2,450,200,250,統一,2024-01-23,5850
4979,華星光,491,251,240,統一,2024-01-23,5850
6285,啟��,245,23,222,統一,2024-01-23,5850
6113,亞矽,374,158,216,統一,2024-01-23,5850
3055,蔚華科,217,23,194,統一,2024-01-23,5850
3376,新日興,198,11,187,統一,2024-01-23,5850
2471,資通,190,13,177,統一,2024-01-23,5850
3265,台星科,360,187,173,統一,2024-01-23,5850
3034,聯詠,169,3,166,統一,2024-01-23,5850
2369,菱生,179,22,157,統一,2024-01-23,5850
2460,建通,225,69,156,統一,2024-01-23,5850
2368,金像電,242,93,149,統一,2024-01-23,5850
3490,單井,181,39,142,統一,2024-01-23,5850
3149,正達,150,8,142,統一,2024-01-23,5850
1503,士電,207,67,140,統一,2024-01-23,5850
1586,和勤,129,0,129,統一,2024-01-23,5850
2383,台光電,198,69,129,統一,2024-01-23,5850
3666,光耀,128,0,128,統一,2024-01-23,5850
3581,博磊,125,0,125,統一,2024-01-23,5850
6451,訊芯-KY,148,25,123,統一,2024-01-23,5850
2317,鴻海,135,12,123,統一,2024-01-23,5850
4729,熒茂,122,0,122,統一,2024-01-23,5850
4129,聯合,144,23,121,統一,2024-01-23,5850
2303,聯電,199,88,111,統一,2024-01-23,5850
6546,正基,137,30,107,統一,2024-01-23,5850
8034,榮群,282,180,102,統一,2024-01-23,5850
3715,定穎投控,149,50,99,統一,2024-01-23,5850
8069,元太,114,16,98,統一,2024-01-23,5850
00706L,期元大S＆P日圓正2,5489,0,5489,統一,2024-01-24,5850
8096,擎亞,5315,286,5029,統一,2024-01-24,5850
3481,群創,3298,489,2809,統一,2024-01-24,5850
2313,華通,3043,703,2340,統一,2024-01-24,5850
2353,宏��,2148,239,1909,統一,2024-01-24,5850
2376,技嘉,1488,81,1407,統一,2024-01-24,5850
00830,國泰費城半導體,1322,0,1322,統一,2024-01-24,5850
2408,南亞科,1336,367,969,統一,2024-01-24,5850
1809,中釉,710,4,706,統一,2024-01-24,5850
2891,中信金,1005,313,692,統一,2024-01-24,5850
4909,新復興,1391,751,640,統一,2024-01-24,5850
2317,鴻海,635,16,619,統一,2024-01-24,5850
6113,亞矽,978,368,610,統一,2024-01-24,5850
2467,志聖,620,52,568,統一,2024-01-24,5850
3605,宏致,511,20,491,統一,2024-01-24,5850
00632R,元大台灣50反1,453,0,453,統一,2024-01-24,5850
3231,緯創,986,559,427,統一,2024-01-24,5850
00876,元大全球5G,426,0,426,統一,2024-01-24,5850
3622,洋華,602,183,419,統一,2024-01-24,5850
3591,艾笛森,527,111,416,統一,2024-01-24,5850
1503,士電,519,119,400,統一,2024-01-24,5850
6187,萬潤,382,18,364,統一,2024-01-24,5850
2618,長榮航,372,31,341,統一,2024-01-24,5850
2204,中華,321,18,303,統一,2024-01-24,5850
6265,方土昶,294,0,294,統一,2024-01-24,5850
020030,統一智慧電動車N,271,5,266,統一,2024-01-24,5850
5474,聰泰,254,1,253,統一,2024-01-24,5850
6167,久正,235,2,233,統一,2024-01-24,5850
3450,聯鈞,299,73,226,統一,2024-01-24,5850
2104,國際中橡,199,0,199,統一,2024-01-24,5850
00713,元大台灣高息低波,362,182,180,統一,2024-01-24,5850
00917,中信特選金融,226,58,168,統一,2024-01-24,5850
3354,律勝,174,7,167,統一,2024-01-24,5850
3055,蔚華科,406,252,154,統一,2024-01-24,5850
00740B,富邦全球投等債,652,500,152,統一,2024-01-24,5850
3086,華義,194,46,148,統一,2024-01-24,5850
3005,神基,184,42,142,統一,2024-01-24,5850
3687,歐買尬,195,61,134,統一,2024-01-24,5850
3105,穩懋,140,8,132,統一,2024-01-24,5850
1532,勤美,131,1,130,統一,2024-01-24,5850
6405,悅城,136,6,130,統一,2024-01-24,5850
6229,研通,135,5,130,統一,2024-01-24,5850
6546,正基,243,115,128,統一,2024-01-24,5850
2607,榮運,152,25,127,統一,2024-01-24,5850
9914,美利達,200,75,125,統一,2024-01-24,5850
3499,環天科,150,26,124,統一,2024-01-24,5850
1795,美時,152,30,122,統一,2024-01-24,5850
4747,強生,130,10,120,統一,2024-01-24,5850
6679,鈺太,178,62,116,統一,2024-01-24,5850
6239,力成,245,134,111,統一,2024-01-24,5850
3481,群創,8310,1253,7057,統一,2024-01-25,5850
2303,聯電,2122,589,1533,統一,2024-01-25,5850
6265,方土昶,1424,45,1379,統一,2024-01-25,5850
3694,海華,1396,69,1327,統一,2024-01-25,5850
3231,緯創,2404,1422,982,統一,2024-01-25,5850
2365,昆盈,977,19,958,統一,2024-01-25,5850
1319,東陽,810,118,692,統一,2024-01-25,5850
3376,新日興,978,433,545,統一,2024-01-25,5850
3623,富晶通,593,60,533,統一,2024-01-25,5850
00696B,富邦美債20年,910,500,410,統一,2024-01-25,5850
3005,神基,549,160,389,統一,2024-01-25,5850
2382,廣達,517,141,376,統一,2024-01-25,5850
2377,微星,505,163,342,統一,2024-01-25,5850
2376,技嘉,406,102,304,統一,2024-01-25,5850
3036,文曄,370,83,287,統一,2024-01-25,5850
00632R,元大台灣50反1,580,300,280,統一,2024-01-25,5850
020030,統一智慧電動車N,466,209,257,統一,2024-01-25,5850
6274,台燿,472,218,254,統一,2024-01-25,5850
6239,力成,598,354,244,統一,2024-01-25,5850
2405,輔信,225,3,222,統一,2024-01-25,5850
00680L,元大美債20正2,2040,1822,218,統一,2024-01-25,5850
020025,統一亞洲半導體N,201,12,189,統一,2024-01-25,5850
3548,兆利,348,159,189,統一,2024-01-25,5850
2330,台積電,502,315,187,統一,2024-01-25,5850
3037,欣興,261,86,175,統一,2024-01-25,5850
1316,上曜,157,0,157,統一,2024-01-25,5850
3207,耀勝,155,0,155,統一,2024-01-25,5850
3715,定穎投控,210,57,153,統一,2024-01-25,5850
5223,安力-KY,158,15,143,統一,2024-01-25,5850
4413,飛寶企業,142,1,141,統一,2024-01-25,5850
2408,南亞科,185,46,139,統一,2024-01-25,5850
2431,聯昌,138,0,138,統一,2024-01-25,5850
3066,李洲,132,0,132,統一,2024-01-25,5850
6270,倍微,148,16,132,統一,2024-01-25,5850
3591,艾笛森,531,401,130,統一,2024-01-25,5850
00882,中信中國高股息,153,24,129,統一,2024-01-25,5850
5211,蒙恬,134,8,126,統一,2024-01-25,5850
3581,博磊,126,2,124,統一,2024-01-25,5850
2347,聯強,124,0,124,統一,2024-01-25,5850
5388,中磊,133,21,112,統一,2024-01-25,5850
6805,富世達,116,7,109,統一,2024-01-25,5850
5426,振發,618,510,108,統一,2024-01-25,5850
2515,中工,102,0,102,統一,2024-01-25,5850
2324,仁寶,114,14,100,統一,2024-01-25,5850
2368,金像電,189,89,100,統一,2024-01-25,5850
2867,三商壽,100,0,100,統一,2024-01-25,5850
2887,台新金,103,4,99,統一,2024-01-25,5850
2301,光寶科,108,10,98,統一,2024-01-25,5850
2360,致茂,107,9,98,統一,2024-01-25,5850
3217,優群,126,29,97,統一,2024-01-25,5850
3481,群創,4851,2352,2499,統一,2024-01-26,5850
00715L,期街口布蘭特正2,1680,85,1595,統一,2024-01-26,5850
00830,國泰費城半導體,1191,0,1191,統一,2024-01-26,5850
00679B,元大美債20年,1240,516,724,統一,2024-01-26,5850
020031,統一IC設計臺灣N,579,23,556,統一,2024-01-26,5850
8069,元太,684,175,509,統一,2024-01-26,5850
3360,尚立,1020,519,501,統一,2024-01-26,5850
8936,國統,432,80,352,統一,2024-01-26,5850
4908,前鼎,331,6,325,統一,2024-01-26,5850
2606,裕民,310,8,302,統一,2024-01-26,5850
2440,太空梭,251,0,251,統一,2024-01-26,5850
3105,穩懋,219,11,208,統一,2024-01-26,5850
8054,安國,270,67,203,統一,2024-01-26,5850
00878,國泰永續高股息,215,15,200,統一,2024-01-26,5850
3297,杭特,185,0,185,統一,2024-01-26,5850
3294,英濟,174,2,172,統一,2024-01-26,5850
00706L,期元大S＆P日圓正2,150,0,150,統一,2024-01-26,5850
2412,中華電,133,7,126,統一,2024-01-26,5850
00696B,富邦美債20年,670,550,120,統一,2024-01-26,5850
00919,群益台灣精選高息,138,18,120,統一,2024-01-26,5850
6165,浪凡,124,5,119,統一,2024-01-26,5850
3376,新日興,308,191,117,統一,2024-01-26,5850
6239,力成,171,57,114,統一,2024-01-26,5850
2867,三商壽,102,0,102,統一,2024-01-26,5850
00632R,元大台灣50反1,101,0,101,統一,2024-01-26,5850
5478,智冠,115,15,100,統一,2024-01-26,5850
00641R,富邦日本反1,100,0,100,統一,2024-01-26,5850
2891,中信金,111,12,99,統一,2024-01-26,5850
6535,順藥,119,20,99,統一,2024-01-26,5850
2455,全新,109,13,96,統一,2024-01-26,5850
3434,哲固,86,0,86,統一,2024-01-26,5850
3128,昇銳,85,0,85,統一,2024-01-26,5850
4555,氣立,73,0,73,統一,2024-01-26,5850
3228,金麗科,84,11,73,統一,2024-01-26,5850
6546,正基,222,160,62,統一,2024-01-26,5850
8096,擎亞,494,437,57,統一,2024-01-26,5850
6643,M31,74,18,56,統一,2024-01-26,5850
00736,國泰新興市場,115,61,54,統一,2024-01-26,5850
6121,新普,54,0,54,統一,2024-01-26,5850
00931B,統一美債20年,551,500,51,統一,2024-01-26,5850
00671R,富邦NASDAQ反1,50,0,50,統一,2024-01-26,5850
3594,磐儀,50,0,50,統一,2024-01-26,5850
2408,南亞科,55,6,49,統一,2024-01-26,5850
6763,綠界科技*,48,0,48,統一,2024-01-26,5850
1809,中釉,48,1,47,統一,2024-01-26,5850
6805,富世達,51,6,45,統一,2024-01-26,5850
4162,智擎,64,19,45,統一,2024-01-26,5850
2317,鴻海,81,39,42,統一,2024-01-26,5850
5258,虹堡,62,22,40,統一,2024-01-26,5850
2501,國建,40,1,39,統一,2024-01-26,5850
3481,群創,6967,3210,3757,統一,2024-01-29,5850
00632R,元大台灣50反1,2464,0,2464,統一,2024-01-29,5850
00931B,統一美債20年,2220,796,1424,統一,2024-01-29,5850
00715L,期街口布蘭特正2,1163,76,1087,統一,2024-01-29,5850
2421,建準,1359,292,1067,統一,2024-01-29,5850
00662,富邦NASDAQ,949,1,948,統一,2024-01-29,5850
2376,技嘉,1080,164,916,統一,2024-01-29,5850
6113,亞矽,731,142,589,統一,2024-01-29,5850
3231,緯創,1164,774,390,統一,2024-01-29,5850
1319,東陽,366,27,339,統一,2024-01-29,5850
8059,凱碩,337,6,331,統一,2024-01-29,5850
2303,聯電,556,227,329,統一,2024-01-29,5850
6282,康舒,381,54,327,統一,2024-01-29,5850
00917,中信特選金融,352,30,322,統一,2024-01-29,5850
6274,台燿,319,21,298,統一,2024-01-29,5850
2748,雲品,287,4,283,統一,2024-01-29,5850
2606,裕民,301,27,274,統一,2024-01-29,5850
8040,九暘,284,15,269,統一,2024-01-29,5850
3715,定穎投控,378,117,261,統一,2024-01-29,5850
3591,艾笛森,253,1,252,統一,2024-01-29,5850
020030,統一智慧電動車N,247,2,245,統一,2024-01-29,5850
00637L,元大滬深300正2,247,21,226,統一,2024-01-29,5850
1316,上曜,199,0,199,統一,2024-01-29,5850
4529,淳紳,198,8,190,統一,2024-01-29,5850
4908,前鼎,247,64,183,統一,2024-01-29,5850
4729,熒茂,190,7,183,統一,2024-01-29,5850
00830,國泰費城半導體,176,0,176,統一,2024-01-29,5850
3615,安可,231,65,166,統一,2024-01-29,5850
1504,東元,181,17,164,統一,2024-01-29,5850
3324,雙鴻,396,234,162,統一,2024-01-29,5850
2313,華通,197,42,155,統一,2024-01-29,5850
3037,欣興,240,88,152,統一,2024-01-29,5850
3376,新日興,698,558,140,統一,2024-01-29,5850
8054,安國,552,413,139,統一,2024-01-29,5850
3042,晶技,119,0,119,統一,2024-01-29,5850
1560,中砂,166,51,115,統一,2024-01-29,5850
6451,訊芯-KY,164,50,114,統一,2024-01-29,5850
00719B,元大美債1-3,116,6,110,統一,2024-01-29,5850
3434,哲固,118,8,110,統一,2024-01-29,5850
3036,文曄,391,283,108,統一,2024-01-29,5850
8085,福華,165,59,106,統一,2024-01-29,5850
2382,廣達,183,78,105,統一,2024-01-29,5850
8071,能率網通,238,134,104,統一,2024-01-29,5850
4968,立積,301,197,104,統一,2024-01-29,5850
2204,中華,139,37,102,統一,2024-01-29,5850
6198,瑞築,98,0,98,統一,2024-01-29,5850
00901,永豐智能車供應鏈,96,0,96,統一,2024-01-29,5850
2020,美亞,100,8,92,統一,2024-01-29,5850
6763,綠界科技*,121,29,92,統一,2024-01-29,5850
2455,全新,110,19,91,統一,2024-01-29,5850
020030,統一智慧電動車N,1485,3,1482,統一,2024-01-30,5850
9105,泰金寶-DR,1369,100,1269,統一,2024-01-30,5850
00679B,元大美債20年,930,8,922,統一,2024-01-30,5850
2365,昆盈,741,40,701,統一,2024-01-30,5850
1560,中砂,969,450,519,統一,2024-01-30,5850
00688L,國泰20年美債正2,493,0,493,統一,2024-01-30,5850
3289,宜特,564,83,481,統一,2024-01-30,5850
2369,菱生,886,434,452,統一,2024-01-30,5850
2376,技嘉,639,272,367,統一,2024-01-30,5850
3360,尚立,538,174,364,統一,2024-01-30,5850
6274,台燿,425,91,334,統一,2024-01-30,5850
00830,國泰費城半導體,328,0,328,統一,2024-01-30,5850
2465,麗臺,348,20,328,統一,2024-01-30,5850
3017,奇鋐,658,343,315,統一,2024-01-30,5850
5871,中租-KY,293,3,290,統一,2024-01-30,5850
6265,方土昶,294,21,273,統一,2024-01-30,5850
0056,元大高股息,306,47,259,統一,2024-01-30,5850
3615,安可,321,69,252,統一,2024-01-30,5850
1519,華城,311,91,220,統一,2024-01-30,5850
2383,台光電,382,164,218,統一,2024-01-30,5850
4303,信立,151,0,151,統一,2024-01-30,5850
2454,聯發科,244,94,150,統一,2024-01-30,5850
2103,台橡,150,0,150,統一,2024-01-30,5850
4908,前鼎,466,334,132,統一,2024-01-30,5850
5434,崇越,130,7,123,統一,2024-01-30,5850
5457,宣德,157,35,122,統一,2024-01-30,5850
3706,神達,263,151,112,統一,2024-01-30,5850
00885,富邦越南,111,0,111,統一,2024-01-30,5850
8489,三貝德,112,3,109,統一,2024-01-30,5850
00726B,國泰新興投等債,101,0,101,統一,2024-01-30,5850
020025,統一亞洲半導體N,99,0,99,統一,2024-01-30,5850
6125,廣運,135,39,96,統一,2024-01-30,5850
2880,華南金,101,5,96,統一,2024-01-30,5850
1504,東元,100,4,96,統一,2024-01-30,5850
3597,映興,90,0,90,統一,2024-01-30,5850
6768,志強-KY,89,0,89,統一,2024-01-30,5850
6716,應廣,88,0,88,統一,2024-01-30,5850
3055,蔚華科,255,168,87,統一,2024-01-30,5850
4938,和碩,109,24,85,統一,2024-01-30,5850
4529,淳紳,196,112,84,統一,2024-01-30,5850
2105,正新,93,11,82,統一,2024-01-30,5850
00676R,富邦臺灣加權反1,80,0,80,統一,2024-01-30,5850
00650L,復華香港正2,80,0,80,統一,2024-01-30,5850
3033,威健,170,91,79,統一,2024-01-30,5850
2449,京元電子,104,26,78,統一,2024-01-30,5850
00772B,中信高評級公司債,76,0,76,統一,2024-01-30,5850
5210,寶碩,69,3,66,統一,2024-01-30,5850
3715,定穎投控,384,319,65,統一,2024-01-30,5850
00882,中信中國高股息,66,1,65,統一,2024-01-30,5850
2443,昶虹,65,0,65,統一,2024-01-30,5850
8936,國統,1182,163,1019,統一,2024-01-31,5850
1504,東元,1008,1,1007,統一,2024-01-31,5850
00933B,國泰10Y+金融債,15474,14648,826,統一,2024-01-31,5850
00864B,中信美國公債0-1,562,36,526,統一,2024-01-31,5850
0056,元大高股息,405,9,396,統一,2024-01-31,5850
6282,康舒,457,72,385,統一,2024-01-31,5850
6585,鼎基,357,1,356,統一,2024-01-31,5850
2337,旺宏,368,15,353,統一,2024-01-31,5850
6667,信紘科,429,125,304,統一,2024-01-31,5850
3665,貿聯-KY,300,0,300,統一,2024-01-31,5850
3591,艾笛森,296,0,296,統一,2024-01-31,5850
1210,大成,295,0,295,統一,2024-01-31,5850
3036,文曄,536,251,285,統一,2024-01-31,5850
6223,旺矽,287,31,256,統一,2024-01-31,5850
6180,橘子,289,43,246,統一,2024-01-31,5850
4908,前鼎,643,440,203,統一,2024-01-31,5850
8069,元太,201,23,178,統一,2024-01-31,5850
1513,中興電,279,113,166,統一,2024-01-31,5850
0050,元大台灣50,159,0,159,統一,2024-01-31,5850
2520,冠德,153,0,153,統一,2024-01-31,5850
6274,台燿,540,401,139,統一,2024-01-31,5850
00632R,元大台灣50反1,150,15,135,統一,2024-01-31,5850
5439,高技,137,10,127,統一,2024-01-31,5850
5211,蒙恬,123,0,123,統一,2024-01-31,5850
2412,中華電,409,287,122,統一,2024-01-31,5850
5272,笙科,105,2,103,統一,2024-01-31,5850
00931B,統一美債20年,113,12,101,統一,2024-01-31,5850
1604,聲寶,100,0,100,統一,2024-01-31,5850
1519,華城,232,132,100,統一,2024-01-31,5850
6805,富世達,119,20,99,統一,2024-01-31,5850
6684,安格,205,108,97,統一,2024-01-31,5850
2324,仁寶,103,8,95,統一,2024-01-31,5850
6442,光聖,109,18,91,統一,2024-01-31,5850
1402,遠東新,175,86,89,統一,2024-01-31,5850
2352,佳世達,92,10,82,統一,2024-01-31,5850
6165,浪凡,81,0,81,統一,2024-01-31,5850
6683,雍智科技,86,7,79,統一,2024-01-31,5850
1325,恆大,88,12,76,統一,2024-01-31,5850
1590,亞德客-KY,101,30,71,統一,2024-01-31,5850
6285,啟��,81,10,71,統一,2024-01-31,5850
6237,驊訊,151,81,70,統一,2024-01-31,5850
2467,志聖,70,0,70,統一,2024-01-31,5850
8040,九暘,77,10,67,統一,2024-01-31,5850
8027,鈦昇,123,62,61,統一,2024-01-31,5850
6584,南俊國際,76,21,55,統一,2024-01-31,5850
8081,致新,58,3,55,統一,2024-01-31,5850
8089,康全電訊,101,47,54,統一,2024-01-31,5850
6742,澤米,56,3,53,統一,2024-01-31,5850
5426,振發,139,88,51,統一,2024-01-31,5850
1418,東華,62,12,50,統一,2024-01-31,5850
00933B,國泰10Y+金融債,105196,97402,7794,統一,2024-02-01,5850
1504,東元,1003,3,1000,統一,2024-02-01,5850
00830,國泰費城半導體,980,1,979,統一,2024-02-01,5850
6274,台燿,1241,320,921,統一,2024-02-01,5850
3036,文曄,1450,657,793,統一,2024-02-01,5850
3376,新日興,1561,865,696,統一,2024-02-01,5850
1513,中興電,828,179,649,統一,2024-02-01,5850
1503,士電,752,139,613,統一,2024-02-01,5850
3294,英濟,842,270,572,統一,2024-02-01,5850
2449,京元電子,506,2,504,統一,2024-02-01,5850
00757,統一FANG+,500,1,499,統一,2024-02-01,5850
6282,康舒,1000,505,495,統一,2024-02-01,5850
1528,恩德,365,8,357,統一,2024-02-01,5850
8069,元太,451,118,333,統一,2024-02-01,5850
00922,國泰台灣領袖50,315,0,315,統一,2024-02-01,5850
3264,欣銓,309,40,269,統一,2024-02-01,5850
2421,建準,495,251,244,統一,2024-02-01,5850
3081,聯亞,256,27,229,統一,2024-02-01,5850
2383,台光電,254,27,227,統一,2024-02-01,5850
2002,中鋼,213,0,213,統一,2024-02-01,5850
3289,宜特,370,163,207,統一,2024-02-01,5850
6425,易發,251,56,195,統一,2024-02-01,5850
6265,方土昶,249,61,188,統一,2024-02-01,5850
6695,芯鼎,889,706,183,統一,2024-02-01,5850
3520,華盈,170,9,161,統一,2024-02-01,5850
2376,技嘉,377,217,160,統一,2024-02-01,5850
8111,立��,174,16,158,統一,2024-02-01,5850
2603,長榮,268,116,152,統一,2024-02-01,5850
00665L,富邦�琤肭磪囓�2,176,25,151,統一,2024-02-01,5850
3313,斐成,151,0,151,統一,2024-02-01,5850
00715L,期街口布蘭特正2,147,0,147,統一,2024-02-01,5850
4915,致伸,145,2,143,統一,2024-02-01,5850
3034,聯詠,148,12,136,統一,2024-02-01,5850
2610,華航,145,11,134,統一,2024-02-01,5850
4303,信立,129,2,127,統一,2024-02-01,5850
6789,采鈺,149,25,124,統一,2024-02-01,5850
3360,尚立,207,86,121,統一,2024-02-01,5850
2412,中華電,270,150,120,統一,2024-02-01,5850
2303,聯電,320,201,119,統一,2024-02-01,5850
6531,愛普*,140,26,114,統一,2024-02-01,5850
1477,聚陽,113,1,112,統一,2024-02-01,5850
4729,熒茂,110,0,110,統一,2024-02-01,5850
5234,達興材料,112,4,108,統一,2024-02-01,5850
4979,華星光,150,44,106,統一,2024-02-01,5850
1590,亞德客-KY,108,2,106,統一,2024-02-01,5850
3032,偉訓,158,57,101,統一,2024-02-01,5850
00641R,富邦日本反1,100,0,100,統一,2024-02-01,5850
3044,健鼎,111,19,92,統一,2024-02-01,5850
2388,威盛,141,49,92,統一,2024-02-01,5850
3354,律勝,98,12,86,統一,2024-02-01,5850
2890,永豐金,3000,19,2981,統一,2024-02-02,5850
2892,第一金,2500,10,2490,統一,2024-02-02,5850
2365,昆盈,2080,353,1727,統一,2024-02-02,5850
3231,緯創,1035,332,703,統一,2024-02-02,5850
2421,建準,1220,571,649,統一,2024-02-02,5850
3324,雙鴻,702,93,609,統一,2024-02-02,5850
5347,世界,607,8,599,統一,2024-02-02,5850
5876,上海商銀,501,1,500,統一,2024-02-02,5850
2382,廣達,572,155,417,統一,2024-02-02,5850
00646,元大S＆P500,417,59,358,統一,2024-02-02,5850
3591,艾笛森,334,0,334,統一,2024-02-02,5850
020030,統一智慧電動車N,344,13,331,統一,2024-02-02,5850
2352,佳世達,326,39,287,統一,2024-02-02,5850
3013,晟銘電,346,60,286,統一,2024-02-02,5850
6274,台燿,564,280,284,統一,2024-02-02,5850
3044,健鼎,302,22,280,統一,2024-02-02,5850
2368,金像電,300,43,257,統一,2024-02-02,5850
006205,富邦上証,251,0,251,統一,2024-02-02,5850
4534,慶騰,251,0,251,統一,2024-02-02,5850
3081,聯亞,517,284,233,統一,2024-02-02,5850
4968,立積,321,108,213,統一,2024-02-02,5850
5871,中租-KY,216,3,213,統一,2024-02-02,5850
2345,智邦,277,72,205,統一,2024-02-02,5850
8996,高力,306,103,203,統一,2024-02-02,5850
00712,復華富時不動產,200,0,200,統一,2024-02-02,5850
00687B,國泰20年美債,220,20,200,統一,2024-02-02,5850
3017,奇鋐,285,90,195,統一,2024-02-02,5850
2383,台光電,237,49,188,統一,2024-02-02,5850
2395,研華,173,0,173,統一,2024-02-02,5850
6223,旺矽,192,40,152,統一,2024-02-02,5850
00673R,期元大S＆P原油反1,145,5,140,統一,2024-02-02,5850
6282,康舒,238,98,140,統一,2024-02-02,5850
9924,福興,141,2,139,統一,2024-02-02,5850
00830,國泰費城半導體,130,0,130,統一,2024-02-02,5850
6805,富世達,127,1,126,統一,2024-02-02,5850
00937B,群益ESG投等債20,138,17,121,統一,2024-02-02,5850
00650L,復華香港正2,120,0,120,統一,2024-02-02,5850
3709,鑫聯大投控,119,0,119,統一,2024-02-02,5850
3597,映興,118,0,118,統一,2024-02-02,5850
3653,健策,156,39,117,統一,2024-02-02,5850
2882A,國泰特,96,0,96,統一,2024-02-02,5850
5546,永固-KY,84,0,84,統一,2024-02-02,5850
6643,M31,84,6,78,統一,2024-02-02,5850
2471,資通,78,0,78,統一,2024-02-02,5850
3715,定穎投控,119,42,77,統一,2024-02-02,5850
6585,鼎基,104,28,76,統一,2024-02-02,5850
8936,國統,153,78,75,統一,2024-02-02,5850
2379,瑞昱,148,79,69,統一,2024-02-02,5850
3548,兆利,476,410,66,統一,2024-02-02,5850
3105,穩懋,81,16,65,統一,2024-02-02,5850
4714,永捷,1439,25,1414,統一,2024-02-05,5850
00933B,國泰10Y+金融債,10857,9503,1354,統一,2024-02-05,5850
3231,緯創,1703,694,1009,統一,2024-02-05,5850
2365,昆盈,2277,1626,651,統一,2024-02-05,5850
2313,華通,690,166,524,統一,2024-02-05,5850
5439,高技,538,28,510,統一,2024-02-05,5850
6101,寬魚國際,500,0,500,統一,2024-02-05,5850
2337,旺宏,511,39,472,統一,2024-02-05,5850
3702,大聯大,463,4,459,統一,2024-02-05,5850
2382,廣達,684,230,454,統一,2024-02-05,5850
5284,jpp-KY,422,10,412,統一,2024-02-05,5850
2368,金像電,477,79,398,統一,2024-02-05,5850
2449,京元電子,349,4,345,統一,2024-02-05,5850
2377,微星,527,185,342,統一,2024-02-05,5850
2618,長榮航,437,111,326,統一,2024-02-05,5850
00632R,元大台灣50反1,317,5,312,統一,2024-02-05,5850
2376,技嘉,660,349,311,統一,2024-02-05,5850
3294,英濟,518,209,309,統一,2024-02-05,5850
2412,中華電,575,277,298,統一,2024-02-05,5850
020030,統一智慧電動車N,333,36,297,統一,2024-02-05,5850
2347,聯強,304,8,296,統一,2024-02-05,5850
8054,安國,594,304,290,統一,2024-02-05,5850
0050,元大台灣50,304,17,287,統一,2024-02-05,5850
00937B,群益ESG投等債20,289,8,281,統一,2024-02-05,5850
8069,元太,293,36,257,統一,2024-02-05,5850
3044,健鼎,293,38,255,統一,2024-02-05,5850
6213,聯茂,348,110,238,統一,2024-02-05,5850
4909,新復興,245,19,226,統一,2024-02-05,5850
2881,富邦金,247,47,200,統一,2024-02-05,5850
00864B,中信美國公債0-1,353,159,194,統一,2024-02-05,5850
3360,尚立,236,44,192,統一,2024-02-05,5850
4958,臻鼎-KY,181,12,169,統一,2024-02-05,5850
5490,同亨,166,0,166,統一,2024-02-05,5850
2330,台積電,431,281,150,統一,2024-02-05,5850
2344,華邦電,157,7,150,統一,2024-02-05,5850
2301,光寶科,168,23,145,統一,2024-02-05,5850
4129,聯合,147,5,142,統一,2024-02-05,5850
00720B,元大投資級公司債,134,0,134,統一,2024-02-05,5850
4908,前鼎,279,152,127,統一,2024-02-05,5850
1513,中興電,225,98,127,統一,2024-02-05,5850
00751B,元大AAA至A公司債,119,0,119,統一,2024-02-05,5850
3593,力銘,116,0,116,統一,2024-02-05,5850
3189,景碩,114,1,113,統一,2024-02-05,5850
5483,中美晶,114,2,112,統一,2024-02-05,5850
6165,浪凡,132,20,112,統一,2024-02-05,5850
6425,易發,151,48,103,統一,2024-02-05,5850
9904,寶成,108,6,102,統一,2024-02-05,5850
2528,皇普,102,0,102,統一,2024-02-05,5850
6782,視陽,115,24,91,統一,2024-02-05,5850
2204,中華,100,10,90,統一,2024-02-05,5850
2891,中信金,2010,11,1999,統一,2024-02-15,5850
2329,華泰,2124,242,1882,統一,2024-02-15,5850
020030,統一智慧電動車N,1695,331,1364,統一,2024-02-15,5850
00933B,國泰10Y+金融債,10215,8974,1241,統一,2024-02-15,5850
00715L,期街口布蘭特正2,1545,639,906,統一,2024-02-15,5850
2313,華通,720,91,629,統一,2024-02-15,5850
3044,健鼎,681,92,589,統一,2024-02-15,5850
020025,統一亞洲半導體N,594,31,563,統一,2024-02-15,5850
1560,中砂,586,49,537,統一,2024-02-15,5850
2885,元大金,625,120,505,統一,2024-02-15,5850
00696B,富邦美債20年,460,20,440,統一,2024-02-15,5850
00720B,元大投資級公司債,667,234,433,統一,2024-02-15,5850
5483,中美晶,442,28,414,統一,2024-02-15,5850
6125,廣運,609,196,413,統一,2024-02-15,5850
00679B,元大美債20年,430,20,410,統一,2024-02-15,5850
2371,大同,413,12,401,統一,2024-02-15,5850
2376,技嘉,898,498,400,統一,2024-02-15,5850
3035,智原,535,140,395,統一,2024-02-15,5850
2330,台積電,667,308,359,統一,2024-02-15,5850
00740B,富邦全球投等債,336,0,336,統一,2024-02-15,5850
00724B,群益投資級金融債,322,0,322,統一,2024-02-15,5850
2383,台光電,434,137,297,統一,2024-02-15,5850
1785,光洋科,411,125,286,統一,2024-02-15,5850
4968,立積,313,49,264,統一,2024-02-15,5850
3591,艾笛森,322,59,263,統一,2024-02-15,5850
00878,國泰永續高股息,304,54,250,統一,2024-02-15,5850
00931B,統一美債20年,247,0,247,統一,2024-02-15,5850
00789B,復華公司債A3,324,79,245,統一,2024-02-15,5850
00725B,國泰投資級公司債,244,0,244,統一,2024-02-15,5850
020033,統一�琤肮黕篾,334,96,238,統一,2024-02-15,5850
6695,芯鼎,282,47,235,統一,2024-02-15,5850
00722B,群益投資級電信債,450,229,221,統一,2024-02-15,5850
2363,矽統,292,88,204,統一,2024-02-15,5850
5871,中租-KY,206,6,200,統一,2024-02-15,5850
00757,統一FANG+,200,1,199,統一,2024-02-15,5850
1319,東陽,236,39,197,統一,2024-02-15,5850
6223,旺矽,320,145,175,統一,2024-02-15,5850
4746,台耀,179,10,169,統一,2024-02-15,5850
00751B,元大AAA至A公司債,179,12,167,統一,2024-02-15,5850
6488,環球晶,183,20,163,統一,2024-02-15,5850
3450,聯鈞,184,24,160,統一,2024-02-15,5850
2881,富邦金,169,11,158,統一,2024-02-15,5850
6873,泓德能源,168,10,158,統一,2024-02-15,5850
3483,力致,204,47,157,統一,2024-02-15,5850
2301,光寶科,186,30,156,統一,2024-02-15,5850
2421,建準,247,92,155,統一,2024-02-15,5850
6147,頎邦,151,11,140,統一,2024-02-15,5850
3706,神達,289,150,139,統一,2024-02-15,5850
9958,世紀鋼,174,36,138,統一,2024-02-15,5850
2515,中工,136,0,136,統一,2024-02-15,5850
2369,菱生,3574,114,3460,統一,2024-02-16,5850
3041,揚智,2064,27,2037,統一,2024-02-16,5850
2365,昆盈,1605,91,1514,統一,2024-02-16,5850
00646,元大S＆P500,1048,0,1048,統一,2024-02-16,5850
4904,遠傳,1056,22,1034,統一,2024-02-16,5850
4714,永捷,1177,264,913,統一,2024-02-16,5850
00715L,期街口布蘭特正2,958,61,897,統一,2024-02-16,5850
4909,新復興,779,65,714,統一,2024-02-16,5850
2476,鉅祥,781,90,691,統一,2024-02-16,5850
2330,台積電,869,216,653,統一,2024-02-16,5850
1513,中興電,792,182,610,統一,2024-02-16,5850
8936,國統,718,114,604,統一,2024-02-16,5850
3363,上詮,623,86,537,統一,2024-02-16,5850
020030,統一智慧電動車N,551,51,500,統一,2024-02-16,5850
2382,廣達,1184,691,493,統一,2024-02-16,5850
3450,聯鈞,522,51,471,統一,2024-02-16,5850
2317,鴻海,465,27,438,統一,2024-02-16,5850
1785,光洋科,481,83,398,統一,2024-02-16,5850
6117,迎廣,412,19,393,統一,2024-02-16,5850
2313,華通,421,50,371,統一,2024-02-16,5850
00720B,元大投資級公司債,365,0,365,統一,2024-02-16,5850
1319,東陽,606,248,358,統一,2024-02-16,5850
3413,京鼎,384,32,352,統一,2024-02-16,5850
1503,士電,511,171,340,統一,2024-02-16,5850
8358,金居,373,38,335,統一,2024-02-16,5850
020025,統一亞洲半導體N,325,0,325,統一,2024-02-16,5850
3294,英濟,309,10,299,統一,2024-02-16,5850
2355,敬鵬,425,132,293,統一,2024-02-16,5850
2363,矽統,537,247,290,統一,2024-02-16,5850
6213,聯茂,336,54,282,統一,2024-02-16,5850
1504,東元,319,44,275,統一,2024-02-16,5850
2906,高林,265,5,260,統一,2024-02-16,5850
9914,美利達,320,61,259,統一,2024-02-16,5850
2409,友達,474,218,256,統一,2024-02-16,5850
6425,易發,237,7,230,統一,2024-02-16,5850
5340,建榮,248,21,227,統一,2024-02-16,5850
9933,中鼎,233,8,225,統一,2024-02-16,5850
00712,復華富時不動產,225,2,223,統一,2024-02-16,5850
3312,弘憶股,287,83,204,統一,2024-02-16,5850
8996,高力,242,41,201,統一,2024-02-16,5850
6125,廣運,669,470,199,統一,2024-02-16,5850
3030,德律,277,93,184,統一,2024-02-16,5850
5258,虹堡,197,26,171,統一,2024-02-16,5850
6806,森崴能源,198,28,170,統一,2024-02-16,5850
2324,仁寶,846,679,167,統一,2024-02-16,5850
00876,元大全球5G,164,0,164,統一,2024-02-16,5850
5284,jpp-KY,222,63,159,統一,2024-02-16,5850
9924,福興,163,4,159,統一,2024-02-16,5850
4532,瑞智,164,7,157,統一,2024-02-16,5850
00853B,統一美債10年Aa-,450,305,145,統一,2024-02-16,5850
3041,揚智,6193,2554,3639,統一,2024-02-19,5850
3037,欣興,1596,128,1468,統一,2024-02-19,5850
2303,聯電,1211,27,1184,統一,2024-02-19,5850
6806,森崴能源,1100,50,1050,統一,2024-02-19,5850
8110,華東,2167,1160,1007,統一,2024-02-19,5850
8112,至上,998,24,974,統一,2024-02-19,5850
2020,美亞,908,2,906,統一,2024-02-19,5850
2330,台積電,722,28,694,統一,2024-02-19,5850
2457,飛宏,732,55,677,統一,2024-02-19,5850
8086,宏捷科,749,92,657,統一,2024-02-19,5850
6274,台燿,877,241,636,統一,2024-02-19,5850
2409,友達,889,296,593,統一,2024-02-19,5850
3002,歐格,561,0,561,統一,2024-02-19,5850
020030,統一智慧電動車N,705,146,559,統一,2024-02-19,5850
3034,聯詠,611,55,556,統一,2024-02-19,5850
3312,弘憶股,532,15,517,統一,2024-02-19,5850
5443,均豪,675,180,495,統一,2024-02-19,5850
6290,良維,803,315,488,統一,2024-02-19,5850
3055,蔚華科,569,95,474,統一,2024-02-19,5850
1455,集盛,420,5,415,統一,2024-02-19,5850
2408,南亞科,394,10,384,統一,2024-02-19,5850
1316,上曜,384,17,367,統一,2024-02-19,5850
5355,佳總,376,10,366,統一,2024-02-19,5850
5340,建榮,374,13,361,統一,2024-02-19,5850
2317,鴻海,364,15,349,統一,2024-02-19,5850
6164,華興,348,6,342,統一,2024-02-19,5850
2431,聯昌,336,0,336,統一,2024-02-19,5850
2449,京元電子,330,8,322,統一,2024-02-19,5850
2489,瑞軒,358,39,319,統一,2024-02-19,5850
4714,永捷,1534,1227,307,統一,2024-02-19,5850
3712,永崴投控,334,39,295,統一,2024-02-19,5850
0050,元大台灣50,376,91,285,統一,2024-02-19,5850
2888,新光金,303,44,259,統一,2024-02-19,5850
00864B,中信美國公債0-1,254,0,254,統一,2024-02-19,5850
8926,台汽電,254,10,244,統一,2024-02-19,5850
4729,熒茂,231,0,231,統一,2024-02-19,5850
1414,東和,231,10,221,統一,2024-02-19,5850
2383,台光電,239,22,217,統一,2024-02-19,5850
2344,華邦電,301,108,193,統一,2024-02-19,5850
8299,群聯,234,42,192,統一,2024-02-19,5850
1471,首利,184,0,184,統一,2024-02-19,5850
6442,光聖,230,49,181,統一,2024-02-19,5850
2465,麗臺,270,91,179,統一,2024-02-19,5850
020025,統一亞洲半導體N,166,0,166,統一,2024-02-19,5850
3305,昇貿,186,21,165,統一,2024-02-19,5850
6141,柏承,160,0,160,統一,2024-02-19,5850
3058,立德,214,55,159,統一,2024-02-19,5850
1314,中石化,262,103,159,統一,2024-02-19,5850
020031,統一IC設計臺灣N,215,65,150,統一,2024-02-19,5850
8054,安國,168,22,146,統一,2024-02-19,5850
2890,永豐金,3000,14,2986,統一,2024-02-20,5850
2892,第一金,1788,71,1717,統一,2024-02-20,5850
1316,上曜,1822,156,1666,統一,2024-02-20,5850
00715L,期街口布蘭特正2,1355,4,1351,統一,2024-02-20,5850
00772B,中信高評級公司債,1003,1,1002,統一,2024-02-20,5850
2365,昆盈,1735,845,890,統一,2024-02-20,5850
6282,康舒,1614,757,857,統一,2024-02-20,5850
3260,威剛,869,45,824,統一,2024-02-20,5850
1506,正道,567,0,567,統一,2024-02-20,5850
00751B,元大AAA至A公司債,533,0,533,統一,2024-02-20,5850
2025,千興,448,11,437,統一,2024-02-20,5850
3036,文曄,572,140,432,統一,2024-02-20,5850
020030,統一智慧電動車N,459,36,423,統一,2024-02-20,5850
3034,聯詠,512,115,397,統一,2024-02-20,5850
8112,至上,491,95,396,統一,2024-02-20,5850
3005,神基,533,141,392,統一,2024-02-20,5850
1513,中興電,680,337,343,統一,2024-02-20,5850
8054,安國,433,102,331,統一,2024-02-20,5850
2379,瑞昱,428,103,325,統一,2024-02-20,5850
2313,華通,431,106,325,統一,2024-02-20,5850
4729,熒茂,393,70,323,統一,2024-02-20,5850
00720B,元大投資級公司債,316,1,315,統一,2024-02-20,5850
6164,華興,710,414,296,統一,2024-02-20,5850
6189,豐藝,289,56,233,統一,2024-02-20,5850
4903,聯光通,220,0,220,統一,2024-02-20,5850
2367,燿華,225,12,213,統一,2024-02-20,5850
2606,裕民,252,39,213,統一,2024-02-20,5850
00642U,期元大S＆P石油,239,35,204,統一,2024-02-20,5850
6425,易發,211,8,203,統一,2024-02-20,5850
00917,中信特選金融,271,70,201,統一,2024-02-20,5850
1414,東和,234,33,201,統一,2024-02-20,5850
6799,來頡,315,116,199,統一,2024-02-20,5850
2385,群光,198,13,185,統一,2024-02-20,5850
4961,天鈺,191,18,173,統一,2024-02-20,5850
2609,陽明,270,100,170,統一,2024-02-20,5850
8069,元太,174,12,162,統一,2024-02-20,5850
3057,喬鼎,161,0,161,統一,2024-02-20,5850
2368,金像電,224,64,160,統一,2024-02-20,5850
00878,國泰永續高股息,163,19,144,統一,2024-02-20,5850
3312,弘憶股,387,243,144,統一,2024-02-20,5850
8442,威宏-KY,163,20,143,統一,2024-02-20,5850
2543,皇昌,177,36,141,統一,2024-02-20,5850
9921,巨大,151,13,138,統一,2024-02-20,5850
4968,立積,209,72,137,統一,2024-02-20,5850
9914,美利達,141,8,133,統一,2024-02-20,5850
020025,統一亞洲半導體N,162,30,132,統一,2024-02-20,5850
2317,鴻海,253,124,129,統一,2024-02-20,5850
2383,台光電,158,32,126,統一,2024-02-20,5850
8932,智通*,211,87,124,統一,2024-02-20,5850
2882A,國泰特,121,0,121,統一,2024-02-20,5850
3689,湧德,2454,71,2383,統一,2024-02-21,5850
4714,永捷,1349,38,1311,統一,2024-02-21,5850
2329,華泰,1677,498,1179,統一,2024-02-21,5850
3047,訊舟,1112,220,892,統一,2024-02-21,5850
020030,統一智慧電動車N,847,0,847,統一,2024-02-21,5850
6290,良維,1379,574,805,統一,2024-02-21,5850
4909,新復興,953,234,719,統一,2024-02-21,5850
1809,中釉,754,35,719,統一,2024-02-21,5850
2603,長榮,1095,388,707,統一,2024-02-21,5850
8182,加高,703,51,652,統一,2024-02-21,5850
6126,信音,772,148,624,統一,2024-02-21,5850
3025,星通,651,63,588,統一,2024-02-21,5850
3234,光環,582,11,571,統一,2024-02-21,5850
6668,中揚光,528,3,525,統一,2024-02-21,5850
2609,陽明,711,203,508,統一,2024-02-21,5850
00692,富邦公司治理,500,27,473,統一,2024-02-21,5850
8086,宏捷科,557,90,467,統一,2024-02-21,5850
2385,群光,529,64,465,統一,2024-02-21,5850
00637L,元大滬深300正2,601,147,454,統一,2024-02-21,5850
8054,安國,495,53,442,統一,2024-02-21,5850
00937B,群益ESG投等債20,437,0,437,統一,2024-02-21,5850
1513,中興電,740,305,435,統一,2024-02-21,5850
5488,松普,1176,755,421,統一,2024-02-21,5850
3163,波若威,512,100,412,統一,2024-02-21,5850
3189,景碩,405,3,402,統一,2024-02-21,5850
2543,皇昌,560,163,397,統一,2024-02-21,5850
2489,瑞軒,388,12,376,統一,2024-02-21,5850
3376,新日興,687,317,370,統一,2024-02-21,5850
6223,旺矽,386,20,366,統一,2024-02-21,5850
3663,鑫科,366,2,364,統一,2024-02-21,5850
00933B,國泰10Y+金融債,22408,22052,356,統一,2024-02-21,5850
4908,前鼎,436,109,327,統一,2024-02-21,5850
3221,台嘉碩,304,0,304,統一,2024-02-21,5850
6125,廣運,381,78,303,統一,2024-02-21,5850
2455,全新,373,76,297,統一,2024-02-21,5850
6285,啟��,308,17,291,統一,2024-02-21,5850
3588,通嘉,315,36,279,統一,2024-02-21,5850
6165,浪凡,357,81,276,統一,2024-02-21,5850
2637,慧洋-KY,408,138,270,統一,2024-02-21,5850
1560,中砂,319,64,255,統一,2024-02-21,5850
4588,玖鼎電力,257,5,252,統一,2024-02-21,5850
5258,虹堡,276,34,242,統一,2024-02-21,5850
3520,華盈,214,1,213,統一,2024-02-21,5850
4534,慶騰,204,0,204,統一,2024-02-21,5850
2476,鉅祥,222,19,203,統一,2024-02-21,5850
3339,泰谷,197,0,197,統一,2024-02-21,5850
6134,萬旭,207,12,195,統一,2024-02-21,5850
9105,泰金寶-DR,211,17,194,統一,2024-02-21,5850
3289,宜特,197,10,187,統一,2024-02-21,5850
2458,義隆,225,39,186,統一,2024-02-21,5850
2890,永豐金,2445,1,2444,統一,2024-02-22,5850
2313,華通,2226,469,1757,統一,2024-02-22,5850
2330,台積電,1107,77,1030,統一,2024-02-22,5850
00715L,期街口布蘭特正2,1016,10,1006,統一,2024-02-22,5850
2603,長榮,2407,1616,791,統一,2024-02-22,5850
00720B,元大投資級公司債,803,15,788,統一,2024-02-22,5850
00712,復華富時不動產,716,0,716,統一,2024-02-22,5850
2801,彰銀,600,0,600,統一,2024-02-22,5850
3706,神達,1046,474,572,統一,2024-02-22,5850
020030,統一智慧電動車N,691,152,539,統一,2024-02-22,5850
2360,致茂,591,73,518,統一,2024-02-22,5850
020025,統一亞洲半導體N,543,35,508,統一,2024-02-22,5850
8059,凱碩,425,6,419,統一,2024-02-22,5850
3289,宜特,507,88,419,統一,2024-02-22,5850
6285,啟��,476,84,392,統一,2024-02-22,5850
00646,元大S＆P500,358,0,358,統一,2024-02-22,5850
4915,致伸,349,14,335,統一,2024-02-22,5850
8299,群聯,378,56,322,統一,2024-02-22,5850
4714,永捷,332,31,301,統一,2024-02-22,5850
2020,美亞,294,5,289,統一,2024-02-22,5850
2913,農林,404,120,284,統一,2024-02-22,5850
2367,燿華,386,123,263,統一,2024-02-22,5850
6869,雲豹能源,250,0,250,統一,2024-02-22,5850
00719B,元大美債1-3,237,0,237,統一,2024-02-22,5850
1503,士電,1012,780,232,統一,2024-02-22,5850
4526,東台,233,3,230,統一,2024-02-22,5850
5315,光聯,230,2,228,統一,2024-02-22,5850
2454,聯發科,308,94,214,統一,2024-02-22,5850
8422,可寧衛,203,1,202,統一,2024-02-22,5850
2886,兆豐金,200,5,195,統一,2024-02-22,5850
2606,裕民,421,234,187,統一,2024-02-22,5850
1773,勝一,179,1,178,統一,2024-02-22,5850
006205,富邦上証,177,0,177,統一,2024-02-22,5850
3081,聯亞,289,115,174,統一,2024-02-22,5850
3312,弘憶股,321,149,172,統一,2024-02-22,5850
3712,永崴投控,318,149,169,統一,2024-02-22,5850
6405,悅城,164,0,164,統一,2024-02-22,5850
8150,南茂,163,4,159,統一,2024-02-22,5850
3217,優群,288,132,156,統一,2024-02-22,5850
3592,瑞鼎,152,3,149,統一,2024-02-22,5850
4303,信立,145,0,145,統一,2024-02-22,5850
3078,僑威,156,17,139,統一,2024-02-22,5850
00650L,復華香港正2,140,5,135,統一,2024-02-22,5850
6526,達發,157,25,132,統一,2024-02-22,5850
00931B,統一美債20年,137,10,127,統一,2024-02-22,5850
3607,谷崧,248,122,126,統一,2024-02-22,5850
8227,巨有科技,133,9,124,統一,2024-02-22,5850
1514,亞力,324,200,124,統一,2024-02-22,5850
2417,圓剛,356,239,117,統一,2024-02-22,5850
1319,東陽,149,34,115,統一,2024-02-22,5850
3689,湧德,4501,67,4434,統一,2024-02-23,5850
6274,台燿,1841,309,1532,統一,2024-02-23,5850
4908,前鼎,1089,113,976,統一,2024-02-23,5850
00715L,期街口布蘭特正2,887,0,887,統一,2024-02-23,5850
1513,中興電,1695,816,879,統一,2024-02-23,5850
3363,上詮,1062,186,876,統一,2024-02-23,5850
00646,元大S＆P500,785,0,785,統一,2024-02-23,5850
6425,易發,760,35,725,統一,2024-02-23,5850
2408,南亞科,708,84,624,統一,2024-02-23,5850
6104,創惟,537,85,452,統一,2024-02-23,5850
6532,瑞耘,453,1,452,統一,2024-02-23,5850
2317,鴻海,453,65,388,統一,2024-02-23,5850
6290,良維,481,131,350,統一,2024-02-23,5850
3354,律勝,343,23,320,統一,2024-02-23,5850
3583,辛耘,429,115,314,統一,2024-02-23,5850
2454,聯發科,431,118,313,統一,2024-02-23,5850
020030,統一智慧電動車N,470,162,308,統一,2024-02-23,5850
8047,星雲,302,2,300,統一,2024-02-23,5850
3594,磐儀,300,2,298,統一,2024-02-23,5850
2368,金像電,333,45,288,統一,2024-02-23,5850
8147,正淩,347,77,270,統一,2024-02-23,5850
6167,久正,603,347,256,統一,2024-02-23,5850
2360,致茂,394,145,249,統一,2024-02-23,5850
3313,斐成,225,0,225,統一,2024-02-23,5850
3680,家登,320,99,221,統一,2024-02-23,5850
1522,堤維西,218,4,214,統一,2024-02-23,5850
6292,迅德,203,1,202,統一,2024-02-23,5850
00671R,富邦NASDAQ反1,200,0,200,統一,2024-02-23,5850
2371,大同,596,404,192,統一,2024-02-23,5850
6579,研揚,193,5,188,統一,2024-02-23,5850
3672,康聯訊,183,2,181,統一,2024-02-23,5850
2881,富邦金,216,41,175,統一,2024-02-23,5850
3450,聯鈞,343,177,166,統一,2024-02-23,5850
2376,技嘉,438,282,156,統一,2024-02-23,5850
5438,東友,150,0,150,統一,2024-02-23,5850
3312,弘憶股,271,123,148,統一,2024-02-23,5850
6213,聯茂,200,58,142,統一,2024-02-23,5850
00632R,元大台灣50反1,142,0,142,統一,2024-02-23,5850
2913,農林,154,13,141,統一,2024-02-23,5850
3078,僑威,163,23,140,統一,2024-02-23,5850
4768,晶呈科技,140,4,136,統一,2024-02-23,5850
2476,鉅祥,148,13,135,統一,2024-02-23,5850
1815,富喬,665,532,133,統一,2024-02-23,5850
2385,群光,203,71,132,統一,2024-02-23,5850
00905,FT臺灣Smart,132,0,132,統一,2024-02-23,5850
020031,統一IC設計臺灣N,209,83,126,統一,2024-02-23,5850
4303,信立,138,13,125,統一,2024-02-23,5850
2707,晶華,121,1,120,統一,2024-02-23,5850
5443,均豪,165,46,119,統一,2024-02-23,5850
1519,華城,187,68,119,統一,2024-02-23,5850
2891,中信金,3289,746,2543,統一,2024-02-26,5850
3701,大眾控,1215,125,1090,統一,2024-02-26,5850
6806,森崴能源,1737,731,1006,統一,2024-02-26,5850
6125,廣運,1126,153,973,統一,2024-02-26,5850
6285,啟��,1052,109,943,統一,2024-02-26,5850
00795B,中信美國公債20年,1389,560,829,統一,2024-02-26,5850
00646,元大S＆P500,707,0,707,統一,2024-02-26,5850
3005,神基,744,72,672,統一,2024-02-26,5850
020030,統一智慧電動車N,670,34,636,統一,2024-02-26,5850
2330,台積電,689,91,598,統一,2024-02-26,5850
1316,上曜,665,77,588,統一,2024-02-26,5850
3450,聯鈞,554,31,523,統一,2024-02-26,5850
1809,中釉,623,122,501,統一,2024-02-26,5850
1514,亞力,1045,578,467,統一,2024-02-26,5850
3163,波若威,635,171,464,統一,2024-02-26,5850
2363,矽統,502,149,353,統一,2024-02-26,5850
6122,擎邦,368,18,350,統一,2024-02-26,5850
8936,國統,557,213,344,統一,2024-02-26,5850
2882,國泰金,421,98,323,統一,2024-02-26,5850
6288,聯嘉,320,16,304,統一,2024-02-26,5850
1721,三晃,296,11,285,統一,2024-02-26,5850
2313,華通,484,202,282,統一,2024-02-26,5850
00917,中信特選金融,305,30,275,統一,2024-02-26,5850
3036,文曄,367,94,273,統一,2024-02-26,5850
6226,光鼎,222,0,222,統一,2024-02-26,5850
4909,新復興,661,440,221,統一,2024-02-26,5850
1319,東陽,227,16,211,統一,2024-02-26,5850
6208,日揚,207,0,207,統一,2024-02-26,5850
3588,通嘉,230,24,206,統一,2024-02-26,5850
4770,上品,326,121,205,統一,2024-02-26,5850
5234,達興材料,260,60,200,統一,2024-02-26,5850
8040,九暘,920,737,183,統一,2024-02-26,5850
3390,旭軟,259,77,182,統一,2024-02-26,5850
6425,易發,199,21,178,統一,2024-02-26,5850
2454,聯發科,400,223,177,統一,2024-02-26,5850
6292,迅德,239,70,169,統一,2024-02-26,5850
6462,神盾,248,85,163,統一,2024-02-26,5850
3037,欣興,276,119,157,統一,2024-02-26,5850
2365,昆盈,275,118,157,統一,2024-02-26,5850
8047,星雲,165,12,153,統一,2024-02-26,5850
6695,芯鼎,160,15,145,統一,2024-02-26,5850
2543,皇昌,217,73,144,統一,2024-02-26,5850
00905,FT臺灣Smart,141,0,141,統一,2024-02-26,5850
6668,中揚光,147,14,133,統一,2024-02-26,5850
3078,僑威,156,27,129,統一,2024-02-26,5850
6640,均華,129,4,125,統一,2024-02-26,5850
5443,均豪,225,101,124,統一,2024-02-26,5850
3289,宜特,147,23,124,統一,2024-02-26,5850
3030,德律,123,0,123,統一,2024-02-26,5850
8092,建暐,130,10,120,統一,2024-02-26,5850
00795B,中信美國公債20年,3880,259,3621,統一,2024-02-27,5850
3372,典範,1820,48,1772,統一,2024-02-27,5850
1727,中華化,1516,236,1280,統一,2024-02-27,5850
6005,群益證,1028,0,1028,統一,2024-02-27,5850
2324,仁寶,946,169,777,統一,2024-02-27,5850
6290,良維,881,143,738,統一,2024-02-27,5850
00713,元大台灣高息低波,801,141,660,統一,2024-02-27,5850
1795,美時,670,91,579,統一,2024-02-27,5850
020031,統一IC設計臺灣N,633,144,489,統一,2024-02-27,5850
3548,兆利,475,18,457,統一,2024-02-27,5850
3034,聯詠,499,66,433,統一,2024-02-27,5850
2891,中信金,500,73,427,統一,2024-02-27,5850
2357,華碩,515,97,418,統一,2024-02-27,5850
00861,元大全球未來通訊,352,0,352,統一,2024-02-27,5850
5225,東科-KY,347,1,346,統一,2024-02-27,5850
4534,慶騰,343,0,343,統一,2024-02-27,5850
2454,聯發科,421,83,338,統一,2024-02-27,5850
8069,元太,338,11,327,統一,2024-02-27,5850
3017,奇鋐,347,80,267,統一,2024-02-27,5850
2317,鴻海,374,109,265,統一,2024-02-27,5850
2603,長榮,699,436,263,統一,2024-02-27,5850
020030,統一智慧電動車N,268,10,258,統一,2024-02-27,5850
2371,大同,640,386,254,統一,2024-02-27,5850
6271,同欣電,337,87,250,統一,2024-02-27,5850
1560,中砂,306,61,245,統一,2024-02-27,5850
00830,國泰費城半導體,292,50,242,統一,2024-02-27,5850
3363,上詮,578,338,240,統一,2024-02-27,5850
00864B,中信美國公債0-1,327,100,227,統一,2024-02-27,5850
6122,擎邦,258,34,224,統一,2024-02-27,5850
1319,東陽,399,177,222,統一,2024-02-27,5850
2301,光寶科,426,208,218,統一,2024-02-27,5850
8096,擎亞,597,384,213,統一,2024-02-27,5850
4513,福裕,209,0,209,統一,2024-02-27,5850
4953,緯軟,211,10,201,統一,2024-02-27,5850
1568,倉佑,208,9,199,統一,2024-02-27,5850
3005,神基,631,432,199,統一,2024-02-27,5850
3312,弘憶股,433,246,187,統一,2024-02-27,5850
6806,森崴能源,1018,836,182,統一,2024-02-27,5850
6138,茂達,186,10,176,統一,2024-02-27,5850
00751B,元大AAA至A公司債,176,5,171,統一,2024-02-27,5850
6187,萬潤,341,173,168,統一,2024-02-27,5850
4543,萬在,189,27,162,統一,2024-02-27,5850
9933,中鼎,158,1,157,統一,2024-02-27,5850
2308,台達電,156,2,154,統一,2024-02-27,5850
1513,中興電,1612,1461,151,統一,2024-02-27,5850
5511,德昌,150,0,150,統一,2024-02-27,5850
1725,元禎,143,0,143,統一,2024-02-27,5850
2330,台積電,332,189,143,統一,2024-02-27,5850
8092,建暐,255,120,135,統一,2024-02-27,5850
00905,FT臺灣Smart,133,0,133,統一,2024-02-27,5850
2371,大同,1906,594,1312,統一,2024-02-29,5850
1815,富喬,1580,710,870,統一,2024-02-29,5850
8085,福華,810,113,697,統一,2024-02-29,5850
6290,良維,949,284,665,統一,2024-02-29,5850
3029,零壹,618,13,605,統一,2024-02-29,5850
6026,福邦證,603,0,603,統一,2024-02-29,5850
3360,尚立,665,118,547,統一,2024-02-29,5850
6005,群益證,516,0,516,統一,2024-02-29,5850
2603,長榮,857,347,510,統一,2024-02-29,5850
3548,兆利,541,50,491,統一,2024-02-29,5850
6125,廣運,1168,686,482,統一,2024-02-29,5850
6150,撼訊,453,3,450,統一,2024-02-29,5850
2605,新興,434,19,415,統一,2024-02-29,5850
2025,千興,442,28,414,統一,2024-02-29,5850
2809,京城銀,422,19,403,統一,2024-02-29,5850
00861,元大全球未來通訊,390,0,390,統一,2024-02-29,5850
1514,亞力,916,535,381,統一,2024-02-29,5850
2303,聯電,439,65,374,統一,2024-02-29,5850
2425,承啟,376,12,364,統一,2024-02-29,5850
6143,振曜,406,53,353,統一,2024-02-29,5850
3376,新日興,401,51,350,統一,2024-02-29,5850
1503,士電,629,300,329,統一,2024-02-29,5850
2367,燿華,418,99,319,統一,2024-02-29,5850
1316,上曜,1019,715,304,統一,2024-02-29,5850
020025,統一亞洲半導體N,297,3,294,統一,2024-02-29,5850
4714,永捷,528,239,289,統一,2024-02-29,5850
6239,力成,301,20,281,統一,2024-02-29,5850
6189,豐藝,254,4,250,統一,2024-02-29,5850
1609,大亞,463,217,246,統一,2024-02-29,5850
020030,統一智慧電動車N,245,2,243,統一,2024-02-29,5850
3217,優群,312,81,231,統一,2024-02-29,5850
4909,新復興,1431,1207,224,統一,2024-02-29,5850
6141,柏承,216,1,215,統一,2024-02-29,5850
2353,宏��,249,41,208,統一,2024-02-29,5850
2431,聯昌,236,37,199,統一,2024-02-29,5850
2618,長榮航,236,46,190,統一,2024-02-29,5850
2609,陽明,318,136,182,統一,2024-02-29,5850
00736,國泰新興市場,225,50,175,統一,2024-02-29,5850
2845,遠東銀,172,1,171,統一,2024-02-29,5850
7402,邑錡,187,22,165,統一,2024-02-29,5850
6127,九豪,185,21,164,統一,2024-02-29,5850
6282,康舒,192,31,161,統一,2024-02-29,5850
2454,聯發科,194,38,156,統一,2024-02-29,5850
00646,元大S＆P500,156,0,156,統一,2024-02-29,5850
1725,元禎,235,85,150,統一,2024-02-29,5850
3006,晶豪科,166,16,150,統一,2024-02-29,5850
00751B,元大AAA至A公司債,144,0,144,統一,2024-02-29,5850
3232,昱捷,137,1,136,統一,2024-02-29,5850
2031,新光鋼,146,11,135,統一,2024-02-29,5850
6546,正基,146,14,132,統一,2024-02-29,5850
00632R,元大台灣50反1,1228,0,1228,統一,2024-03-01,5850
2031,新光鋼,916,18,898,統一,2024-03-01,5850
3005,神基,1165,487,678,統一,2024-03-01,5850
2367,燿華,1137,462,675,統一,2024-03-01,5850
2337,旺宏,650,1,649,統一,2024-03-01,5850
3081,聯亞,609,37,572,統一,2024-03-01,5850
3013,晟銘電,613,44,569,統一,2024-03-01,5850
2603,長榮,874,325,549,統一,2024-03-01,5850
00712,復華富時不動產,568,34,534,統一,2024-03-01,5850
00861,元大全球未來通訊,500,0,500,統一,2024-03-01,5850
2344,華邦電,504,6,498,統一,2024-03-01,5850
3231,緯創,1398,959,439,統一,2024-03-01,5850
9958,世紀鋼,572,152,420,統一,2024-03-01,5850
4909,新復興,1013,606,407,統一,2024-03-01,5850
2886,兆豐金,366,4,362,統一,2024-03-01,5850
2368,金像電,393,34,359,統一,2024-03-01,5850
3006,晶豪科,636,312,324,統一,2024-03-01,5850
1316,上曜,1245,951,294,統一,2024-03-01,5850
3481,群創,524,232,292,統一,2024-03-01,5850
3372,典範,873,616,257,統一,2024-03-01,5850
6449,鈺邦,261,5,256,統一,2024-03-01,5850
3515,華擎,373,120,253,統一,2024-03-01,5850
8086,宏捷科,277,24,253,統一,2024-03-01,5850
4147,中裕,252,10,242,統一,2024-03-01,5850
6274,台燿,415,175,240,統一,2024-03-01,5850
4402,郡都開發,238,0,238,統一,2024-03-01,5850
1514,亞力,1040,810,230,統一,2024-03-01,5850
4945,陞達科技,245,20,225,統一,2024-03-01,5850
4968,立積,357,134,223,統一,2024-03-01,5850
1319,東陽,303,82,221,統一,2024-03-01,5850
6239,力成,325,107,218,統一,2024-03-01,5850
2408,南亞科,480,262,218,統一,2024-03-01,5850
00715L,期街口布蘭特正2,207,1,206,統一,2024-03-01,5850
6799,來頡,266,62,204,統一,2024-03-01,5850
00688L,國泰20年美債正2,200,0,200,統一,2024-03-01,5850
1216,統一,198,0,198,統一,2024-03-01,5850
3376,新日興,645,448,197,統一,2024-03-01,5850
8401,白紗科,194,2,192,統一,2024-03-01,5850
3708,上緯投控,414,225,189,統一,2024-03-01,5850
4951,精拓科,188,2,186,統一,2024-03-01,5850
4763,材料-KY,230,44,186,統一,2024-03-01,5850
4538,大詠城,194,9,185,統一,2024-03-01,5850
9921,巨大,210,28,182,統一,2024-03-01,5850
8054,安國,336,163,173,統一,2024-03-01,5850
3533,嘉澤,179,19,160,統一,2024-03-01,5850
00646,元大S＆P500,250,100,150,統一,2024-03-01,5850
6122,擎邦,187,40,147,統一,2024-03-01,5850
00917,中信特選金融,150,4,146,統一,2024-03-01,5850
5251,天鉞電,140,0,140,統一,2024-03-01,5850
3036,文曄,482,345,137,統一,2024-03-01,5850
2317,鴻海,7099,154,6945,統一,2024-03-04,5850
2367,燿華,7289,1193,6096,統一,2024-03-04,5850
2324,仁寶,7370,3459,3911,統一,2024-03-04,5850
2891,中信金,3014,5,3009,統一,2024-03-04,5850
2303,聯電,1768,160,1608,統一,2024-03-04,5850
00830,國泰費城半導體,1525,40,1485,統一,2024-03-04,5850
00662,富邦NASDAQ,1481,0,1481,統一,2024-03-04,5850
6239,力成,1326,96,1230,統一,2024-03-04,5850
2603,長榮,1783,578,1205,統一,2024-03-04,5850
6176,瑞儀,1230,27,1203,統一,2024-03-04,5850
1504,東元,1092,44,1048,統一,2024-03-04,5850
00715L,期街口布蘭特正2,1046,18,1028,統一,2024-03-04,5850
4906,正文,1035,72,963,統一,2024-03-04,5850
2417,圓剛,969,184,785,統一,2024-03-04,5850
00646,元大S＆P500,696,0,696,統一,2024-03-04,5850
2313,華通,1079,439,640,統一,2024-03-04,5850
1809,中釉,623,92,531,統一,2024-03-04,5850
2485,兆赫,517,3,514,統一,2024-03-04,5850
2353,宏��,797,312,485,統一,2024-03-04,5850
020030,統一智慧電動車N,476,43,433,統一,2024-03-04,5850
2606,裕民,418,21,397,統一,2024-03-04,5850
2409,友達,421,44,377,統一,2024-03-04,5850
3483,力致,370,3,367,統一,2024-03-04,5850
5488,松普,376,13,363,統一,2024-03-04,5850
3481,群創,856,502,354,統一,2024-03-04,5850
3294,英濟,369,51,318,統一,2024-03-04,5850
00770,國泰北美科技,300,0,300,統一,2024-03-04,5850
3564,其陽,311,18,293,統一,2024-03-04,5850
6285,啟��,341,64,277,統一,2024-03-04,5850
3450,聯鈞,538,271,267,統一,2024-03-04,5850
6237,驊訊,353,92,261,統一,2024-03-04,5850
3042,晶技,295,42,253,統一,2024-03-04,5850
6257,矽格,261,36,225,統一,2024-03-04,5850
00712,復華富時不動產,224,5,219,統一,2024-03-04,5850
3297,杭特,226,9,217,統一,2024-03-04,5850
8011,台通,246,30,216,統一,2024-03-04,5850
3363,上詮,269,57,212,統一,2024-03-04,5850
6742,澤米,208,2,206,統一,2024-03-04,5850
8401,白紗科,207,5,202,統一,2024-03-04,5850
2618,長榮航,238,37,201,統一,2024-03-04,5850
3694,海華,244,50,194,統一,2024-03-04,5850
00650L,復華香港正2,200,10,190,統一,2024-03-04,5850
2467,志聖,192,11,181,統一,2024-03-04,5850
006205,富邦上証,175,0,175,統一,2024-03-04,5850
020025,統一亞洲半導體N,169,1,168,統一,2024-03-04,5850
4714,永捷,407,242,165,統一,2024-03-04,5850
3354,律勝,165,4,161,統一,2024-03-04,5850
3289,宜特,381,223,158,統一,2024-03-04,5850
3631,晟楠,155,0,155,統一,2024-03-04,5850
2385,群光,268,115,153,統一,2024-03-04,5850
8163,達方,5170,1979,3191,統一,2024-03-05,5850
00795B,中信美國公債20年,2663,1,2662,統一,2024-03-05,5850
2317,鴻海,3096,492,2604,統一,2024-03-05,5850
00893,國泰智能電動車,2000,32,1968,統一,2024-03-05,5850
2886,兆豐金,1507,13,1494,統一,2024-03-05,5850
3231,緯創,2206,849,1357,統一,2024-03-05,5850
8011,台通,1263,152,1111,統一,2024-03-05,5850
6163,華電網,1041,8,1033,統一,2024-03-05,5850
1514,亞力,1525,565,960,統一,2024-03-05,5850
4714,永捷,1199,253,946,統一,2024-03-05,5850
00885,富邦越南,878,40,838,統一,2024-03-05,5850
00895,富邦未來車,914,150,764,統一,2024-03-05,5850
00772B,中信高評級公司債,950,200,750,統一,2024-03-05,5850
00773B,中信優先金融債,750,0,750,統一,2024-03-05,5850
2838,聯邦銀,550,0,550,統一,2024-03-05,5850
2347,聯強,850,314,536,統一,2024-03-05,5850
00650L,復華香港正2,560,30,530,統一,2024-03-05,5850
00637L,元大滬深300正2,974,452,522,統一,2024-03-05,5850
3515,華擎,604,86,518,統一,2024-03-05,5850
1316,上曜,1490,1002,488,統一,2024-03-05,5850
00864B,中信美國公債0-1,460,0,460,統一,2024-03-05,5850
5498,凱崴,443,11,432,統一,2024-03-05,5850
5439,高技,679,268,411,統一,2024-03-05,5850
1455,集盛,412,29,383,統一,2024-03-05,5850
2516,新建,378,0,378,統一,2024-03-05,5850
6117,迎廣,392,23,369,統一,2024-03-05,5850
3325,旭品,390,23,367,統一,2024-03-05,5850
00633L,富邦上証正2,360,1,359,統一,2024-03-05,5850
00632R,元大台灣50反1,640,312,328,統一,2024-03-05,5850
020030,統一智慧電動車N,317,21,296,統一,2024-03-05,5850
6278,台表科,302,12,290,統一,2024-03-05,5850
6275,元山,339,54,285,統一,2024-03-05,5850
3689,湧德,747,469,278,統一,2024-03-05,5850
2368,金像電,305,40,265,統一,2024-03-05,5850
2603,長榮,615,360,255,統一,2024-03-05,5850
3013,晟銘電,2153,1899,254,統一,2024-03-05,5850
00665L,富邦�琤肭磪囓�2,247,0,247,統一,2024-03-05,5850
2504,國產,251,12,239,統一,2024-03-05,5850
2412,中華電,276,40,236,統一,2024-03-05,5850
9921,巨大,257,22,235,統一,2024-03-05,5850
2618,長榮航,563,335,228,統一,2024-03-05,5850
3228,金麗科,241,17,224,統一,2024-03-05,5850
2002,中鋼,300,77,223,統一,2024-03-05,5850
6160,欣技,217,0,217,統一,2024-03-05,5850
00876,元大全球5G,205,0,205,統一,2024-03-05,5850
00929,復華台灣科技優息,304,105,199,統一,2024-03-05,5850
6217,中探針,399,203,196,統一,2024-03-05,5850
3037,欣興,235,46,189,統一,2024-03-05,5850
1809,中釉,342,154,188,統一,2024-03-05,5850
3548,兆利,201,42,159,統一,2024-03-05,5850
2367,燿華,6492,2504,3988,統一,2024-03-06,5850
1815,富喬,2421,438,1983,統一,2024-03-06,5850
2885,元大金,1501,23,1478,統一,2024-03-06,5850
5521,工信,1947,503,1444,統一,2024-03-06,5850
2313,華通,1680,249,1431,統一,2024-03-06,5850
2486,一詮,1712,283,1429,統一,2024-03-06,5850
2317,鴻海,1317,220,1097,統一,2024-03-06,5850
00900,富邦特選高股息30,1008,11,997,統一,2024-03-06,5850
2891,中信金,913,8,905,統一,2024-03-06,5850
2886,兆豐金,892,3,889,統一,2024-03-06,5850
3338,泰碩,898,14,884,統一,2024-03-06,5850
00637L,元大滬深300正2,1065,322,743,統一,2024-03-06,5850
00885,富邦越南,611,25,586,統一,2024-03-06,5850
1513,中興電,1099,515,584,統一,2024-03-06,5850
3005,神基,907,325,582,統一,2024-03-06,5850
2385,群光,750,177,573,統一,2024-03-06,5850
3540,曜越,530,29,501,統一,2024-03-06,5850
1216,統一,500,3,497,統一,2024-03-06,5850
2204,中華,492,12,480,統一,2024-03-06,5850
2421,建準,655,234,421,統一,2024-03-06,5850
4938,和碩,404,17,387,統一,2024-03-06,5850
5498,凱崴,678,295,383,統一,2024-03-06,5850
006205,富邦上証,380,0,380,統一,2024-03-06,5850
8069,元太,379,32,347,統一,2024-03-06,5850
6125,廣運,837,506,331,統一,2024-03-06,5850
3360,尚立,328,11,317,統一,2024-03-06,5850
00632R,元大台灣50反1,308,0,308,統一,2024-03-06,5850
00712,復華富時不動產,306,0,306,統一,2024-03-06,5850
3711,日月光投控,326,24,302,統一,2024-03-06,5850
3036,文曄,334,39,295,統一,2024-03-06,5850
3363,上詮,348,55,293,統一,2024-03-06,5850
3533,嘉澤,314,27,287,統一,2024-03-06,5850
2330,台積電,372,87,285,統一,2024-03-06,5850
1471,首利,278,2,276,統一,2024-03-06,5850
5443,均豪,473,198,275,統一,2024-03-06,5850
2365,昆盈,394,121,273,統一,2024-03-06,5850
5488,松普,316,44,272,統一,2024-03-06,5850
6274,台燿,361,92,269,統一,2024-03-06,5850
5234,達興材料,274,9,265,統一,2024-03-06,5850
3324,雙鴻,428,180,248,統一,2024-03-06,5850
2360,致茂,346,125,221,統一,2024-03-06,5850
2404,漢唐,221,9,212,統一,2024-03-06,5850
4915,致伸,271,59,212,統一,2024-03-06,5850
5272,笙科,217,7,210,統一,2024-03-06,5850
2504,國產,208,1,207,統一,2024-03-06,5850
4306,炎洲,300,93,207,統一,2024-03-06,5850
6239,力成,277,71,206,統一,2024-03-06,5850
5452,佶優,208,8,200,統一,2024-03-06,5850
9950,萬國通,247,49,198,統一,2024-03-06,5850
5202,力新,191,0,191,統一,2024-03-06,5850
2388,威盛,1460,84,1376,統一,2024-03-07,5850
2547,日勝生,1705,411,1294,統一,2024-03-07,5850
3548,兆利,1275,207,1068,統一,2024-03-07,5850
00900,富邦特選高股息30,1011,30,981,統一,2024-03-07,5850
3034,聯詠,1072,107,965,統一,2024-03-07,5850
8040,九暘,817,33,784,統一,2024-03-07,5850
6274,台燿,1232,687,545,統一,2024-03-07,5850
3594,磐儀,504,1,503,統一,2024-03-07,5850
2317,鴻海,1107,632,475,統一,2024-03-07,5850
2358,廷鑫,469,1,468,統一,2024-03-07,5850
3169,亞信,567,105,462,統一,2024-03-07,5850
1586,和勤,442,0,442,統一,2024-03-07,5850
3013,晟銘電,625,231,394,統一,2024-03-07,5850
2404,漢唐,418,34,384,統一,2024-03-07,5850
2303,聯電,624,246,378,統一,2024-03-07,5850
6217,中探針,417,61,356,統一,2024-03-07,5850
8933,愛地雅,354,1,353,統一,2024-03-07,5850
1416,廣豐,335,0,335,統一,2024-03-07,5850
3540,曜越,803,485,318,統一,2024-03-07,5850
1809,中釉,328,23,305,統一,2024-03-07,5850
2449,京元電子,487,185,302,統一,2024-03-07,5850
9902,台火,299,0,299,統一,2024-03-07,5850
3372,典範,378,95,283,統一,2024-03-07,5850
4714,永捷,860,578,282,統一,2024-03-07,5850
4915,致伸,291,17,274,統一,2024-03-07,5850
1517,利奇,275,2,273,統一,2024-03-07,5850
020030,統一智慧電動車N,297,29,268,統一,2024-03-07,5850
9914,美利達,282,14,268,統一,2024-03-07,5850
2101,南港,443,176,267,統一,2024-03-07,5850
2504,國產,287,24,263,統一,2024-03-07,5850
1802,台玻,282,21,261,統一,2024-03-07,5850
4768,晶呈科技,250,3,247,統一,2024-03-07,5850
00929,復華台灣科技優息,248,32,216,統一,2024-03-07,5850
2393,億光,233,27,206,統一,2024-03-07,5850
3231,緯創,707,502,205,統一,2024-03-07,5850
00864B,中信美國公債0-1,277,73,204,統一,2024-03-07,5850
1456,怡華,219,16,203,統一,2024-03-07,5850
5386,青雲,209,12,197,統一,2024-03-07,5850
3163,波若威,707,518,189,統一,2024-03-07,5850
00830,國泰費城半導體,230,41,189,統一,2024-03-07,5850
2618,長榮航,358,176,182,統一,2024-03-07,5850
2454,聯發科,234,62,172,統一,2024-03-07,5850
4128,中天,238,73,165,統一,2024-03-07,5850
00915,凱基優選高股息30,171,7,164,統一,2024-03-07,5850
2344,華邦電,263,108,155,統一,2024-03-07,5850
9958,世紀鋼,307,153,154,統一,2024-03-07,5850
00692,富邦公司治理,150,0,150,統一,2024-03-07,5850
2885,元大金,187,42,145,統一,2024-03-07,5850
6546,正基,416,272,144,統一,2024-03-07,5850
2383,台光電,231,87,144,統一,2024-03-07,5850
00878,國泰永續高股息,9046,129,8917,統一,2024-03-08,5850
2303,聯電,4523,1025,3498,統一,2024-03-08,5850
00900,富邦特選高股息30,2012,59,1953,統一,2024-03-08,5850
2886,兆豐金,2066,127,1939,統一,2024-03-08,5850
2836,高雄銀,2352,1016,1336,統一,2024-03-08,5850
2603,長榮,2225,978,1247,統一,2024-03-08,5850
6147,頎邦,989,49,940,統一,2024-03-08,5850
2618,長榮航,1430,636,794,統一,2024-03-08,5850
00706L,期元大S＆P日圓正2,1065,300,765,統一,2024-03-08,5850
8040,九暘,726,1,725,統一,2024-03-08,5850
2441,超豐,1047,395,652,統一,2024-03-08,5850
2371,大同,1111,559,552,統一,2024-03-08,5850
2504,國產,503,15,488,統一,2024-03-08,5850
4714,永捷,685,222,463,統一,2024-03-08,5850
6182,合晶,487,55,432,統一,2024-03-08,5850
1809,中釉,722,294,428,統一,2024-03-08,5850
2345,智邦,580,152,428,統一,2024-03-08,5850
00650L,復華香港正2,400,22,378,統一,2024-03-08,5850
3034,聯詠,542,187,355,統一,2024-03-08,5850
2358,廷鑫,565,211,354,統一,2024-03-08,5850
5483,中美晶,568,221,347,統一,2024-03-08,5850
2109,華豐,334,0,334,統一,2024-03-08,5850
8933,愛地雅,426,109,317,統一,2024-03-08,5850
2891,中信金,495,179,316,統一,2024-03-08,5850
4915,致伸,327,18,309,統一,2024-03-08,5850
9902,台火,317,14,303,統一,2024-03-08,5850
3707,漢磊,307,12,295,統一,2024-03-08,5850
6187,萬潤,331,38,293,統一,2024-03-08,5850
4303,信立,508,238,270,統一,2024-03-08,5850
6176,瑞儀,471,201,270,統一,2024-03-08,5850
3711,日月光投控,662,412,250,統一,2024-03-08,5850
3163,波若威,1180,939,241,統一,2024-03-08,5850
3037,欣興,282,44,238,統一,2024-03-08,5850
6197,佳必琪,363,126,237,統一,2024-03-08,5850
2449,京元電子,886,671,215,統一,2024-03-08,5850
6770,力積電,271,58,213,統一,2024-03-08,5850
2317,鴻海,609,396,213,統一,2024-03-08,5850
2405,輔信,207,0,207,統一,2024-03-08,5850
020030,統一智慧電動車N,244,42,202,統一,2024-03-08,5850
3284,太普高,203,1,202,統一,2024-03-08,5850
2867,三商壽,200,0,200,統一,2024-03-08,5850
6438,迅得,202,4,198,統一,2024-03-08,5850
1514,亞力,243,45,198,統一,2024-03-08,5850
2103,台橡,200,3,197,統一,2024-03-08,5850
2308,台達電,276,90,186,統一,2024-03-08,5850
3532,台勝科,200,22,178,統一,2024-03-08,5850
3021,鴻名,177,3,174,統一,2024-03-08,5850
6742,澤米,168,0,168,統一,2024-03-08,5850
2344,華邦電,220,59,161,統一,2024-03-08,5850
3086,華義,171,15,156,統一,2024-03-08,5850
2317,鴻海,6911,485,6426,統一,2024-03-11,5850
2313,華通,3986,966,3020,統一,2024-03-11,5850
3481,群創,2158,650,1508,統一,2024-03-11,5850
3231,緯創,3822,2473,1349,統一,2024-03-11,5850
6120,達運,906,1,905,統一,2024-03-11,5850
2883,凱基金,1011,210,801,統一,2024-03-11,5850
2367,燿華,1078,352,726,統一,2024-03-11,5850
2330,台積電,896,171,725,統一,2024-03-11,5850
2409,友達,930,234,696,統一,2024-03-11,5850
4961,天鈺,687,28,659,統一,2024-03-11,5850
2406,國碩,575,4,571,統一,2024-03-11,5850
6285,啟��,666,111,555,統一,2024-03-11,5850
00712,復華富時不動產,533,7,526,統一,2024-03-11,5850
4303,信立,753,296,457,統一,2024-03-11,5850
2382,廣達,788,368,420,統一,2024-03-11,5850
3163,波若威,657,241,416,統一,2024-03-11,5850
00633L,富邦上証正2,405,0,405,統一,2024-03-11,5850
1582,信錦,442,55,387,統一,2024-03-11,5850
8092,建暐,398,26,372,統一,2024-03-11,5850
8085,福華,351,23,328,統一,2024-03-11,5850
2504,國產,334,21,313,統一,2024-03-11,5850
2301,光寶科,357,51,306,統一,2024-03-11,5850
5498,凱崴,373,80,293,統一,2024-03-11,5850
00720B,元大投資級公司債,296,5,291,統一,2024-03-11,5850
2465,麗臺,284,12,272,統一,2024-03-11,5850
5515,建國,268,14,254,統一,2024-03-11,5850
00772B,中信高評級公司債,250,1,249,統一,2024-03-11,5850
00751B,元大AAA至A公司債,228,0,228,統一,2024-03-11,5850
2316,楠梓電,227,6,221,統一,2024-03-11,5850
1319,東陽,227,15,212,統一,2024-03-11,5850
8996,高力,233,30,203,統一,2024-03-11,5850
00862B,中信投資級公司債,200,0,200,統一,2024-03-11,5850
2855,統一證,238,43,195,統一,2024-03-11,5850
020025,統一亞洲半導體N,236,51,185,統一,2024-03-11,5850
3339,泰谷,219,39,180,統一,2024-03-11,5850
8040,九暘,514,342,172,統一,2024-03-11,5850
3294,英濟,288,129,159,統一,2024-03-11,5850
5483,中美晶,384,234,150,統一,2024-03-11,5850
2356,英業達,309,163,146,統一,2024-03-11,5850
1418,東華,140,0,140,統一,2024-03-11,5850
3005,神基,203,65,138,統一,2024-03-11,5850
4994,傳奇,139,5,134,統一,2024-03-11,5850
8059,凱碩,138,5,133,統一,2024-03-11,5850
2597,潤弘,140,9,131,統一,2024-03-11,5850
5213,亞昕,129,2,127,統一,2024-03-11,5850
3691,碩禾,127,1,126,統一,2024-03-11,5850
3669,圓展,135,10,125,統一,2024-03-11,5850
8112,至上,319,197,122,統一,2024-03-11,5850
3037,欣興,189,70,119,統一,2024-03-11,5850
2891,中信金,263,150,113,統一,2024-03-11,5850
2317,鴻海,9238,938,8300,統一,2024-03-12,5850
00795B,中信美國公債20年,4054,676,3378,統一,2024-03-12,5850
2367,燿華,2789,659,2130,統一,2024-03-12,5850
2324,仁寶,2188,167,2021,統一,2024-03-12,5850
2834,臺企銀,2016,63,1953,統一,2024-03-12,5850
3005,神基,1284,131,1153,統一,2024-03-12,5850
2382,廣達,1343,296,1047,統一,2024-03-12,5850
5347,世界,1019,129,890,統一,2024-03-12,5850
2105,正新,839,15,824,統一,2024-03-12,5850
4938,和碩,825,52,773,統一,2024-03-12,5850
1319,東陽,1039,379,660,統一,2024-03-12,5850
00753L,中信中國50正2,700,125,575,統一,2024-03-12,5850
1513,中興電,1015,463,552,統一,2024-03-12,5850
1503,士電,790,328,462,統一,2024-03-12,5850
1216,統一,499,39,460,統一,2024-03-12,5850
2449,京元電子,569,115,454,統一,2024-03-12,5850
2354,鴻準,675,268,407,統一,2024-03-12,5850
00665L,富邦�琤肭磪囓�2,600,196,404,統一,2024-03-12,5850
4961,天鈺,558,178,380,統一,2024-03-12,5850
2206,三陽工業,452,73,379,統一,2024-03-12,5850
6239,力成,419,40,379,統一,2024-03-12,5850
2618,長榮航,970,598,372,統一,2024-03-12,5850
6176,瑞儀,390,28,362,統一,2024-03-12,5850
3363,上詮,455,98,357,統一,2024-03-12,5850
4303,信立,451,98,353,統一,2024-03-12,5850
020030,統一智慧電動車N,402,57,345,統一,2024-03-12,5850
1808,潤隆,362,25,337,統一,2024-03-12,5850
3706,神達,496,159,337,統一,2024-03-12,5850
1519,華城,530,197,333,統一,2024-03-12,5850
9902,台火,311,0,311,統一,2024-03-12,5850
8112,至上,660,381,279,統一,2024-03-12,5850
2393,億光,280,2,278,統一,2024-03-12,5850
2301,光寶科,388,114,274,統一,2024-03-12,5850
1809,中釉,277,5,272,統一,2024-03-12,5850
3360,尚立,268,0,268,統一,2024-03-12,5850
5201,凱衛,253,3,250,統一,2024-03-12,5850
4958,臻鼎-KY,266,22,244,統一,2024-03-12,5850
6416,瑞祺電通,266,24,242,統一,2024-03-12,5850
8096,擎亞,508,273,235,統一,2024-03-12,5850
2365,昆盈,234,6,228,統一,2024-03-12,5850
2887,台新金,227,11,216,統一,2024-03-12,5850
3050,鈺德,275,60,215,統一,2024-03-12,5850
2204,中華,219,5,214,統一,2024-03-12,5850
3591,艾笛森,200,0,200,統一,2024-03-12,5850
00724B,群益投資級金融債,400,206,194,統一,2024-03-12,5850
3479,安勤,195,2,193,統一,2024-03-12,5850
3017,奇鋐,410,220,190,統一,2024-03-12,5850
2474,可成,196,9,187,統一,2024-03-12,5850
3653,健策,202,16,186,統一,2024-03-12,5850
1409,新纖,181,0,181,統一,2024-03-12,5850
2317,鴻海,8848,3255,5593,統一,2024-03-13,5850
00878,國泰永續高股息,4772,28,4744,統一,2024-03-13,5850
2891,中信金,4659,486,4173,統一,2024-03-13,5850
2354,鴻準,3718,462,3256,統一,2024-03-13,5850
2347,聯強,2160,27,2133,統一,2024-03-13,5850
2385,群光,1987,200,1787,統一,2024-03-13,5850
2603,長榮,2890,1390,1500,統一,2024-03-13,5850
2618,長榮航,2001,774,1227,統一,2024-03-13,5850
2324,仁寶,1129,55,1074,統一,2024-03-13,5850
2504,國產,987,10,977,統一,2024-03-13,5850
1616,億泰,914,6,908,統一,2024-03-13,5850
3042,晶技,1017,129,888,統一,2024-03-13,5850
4961,天鈺,695,95,600,統一,2024-03-13,5850
4303,信立,755,190,565,統一,2024-03-13,5850
6285,啟��,693,156,537,統一,2024-03-13,5850
2376,技嘉,1187,727,460,統一,2024-03-13,5850
3013,晟銘電,727,291,436,統一,2024-03-13,5850
00736,國泰新興市場,590,169,421,統一,2024-03-13,5850
6147,頎邦,558,158,400,統一,2024-03-13,5850
6596,寬宏藝術,400,2,398,統一,2024-03-13,5850
00650L,復華香港正2,590,240,350,統一,2024-03-13,5850
1503,士電,1276,926,350,統一,2024-03-13,5850
6176,瑞儀,417,77,340,統一,2024-03-13,5850
3591,艾笛森,328,0,328,統一,2024-03-13,5850
00674R,期元大S＆P黃金反1,300,0,300,統一,2024-03-13,5850
9902,台火,310,12,298,統一,2024-03-13,5850
2449,京元電子,371,82,289,統一,2024-03-13,5850
00753L,中信中國50正2,300,21,279,統一,2024-03-13,5850
2206,三陽工業,276,17,259,統一,2024-03-13,5850
00679B,元大美債20年,268,10,258,統一,2024-03-13,5850
1513,中興電,1901,1690,211,統一,2024-03-13,5850
4915,致伸,229,25,204,統一,2024-03-13,5850
00683L,期元大美元指正2,201,0,201,統一,2024-03-13,5850
2103,台橡,200,0,200,統一,2024-03-13,5850
00632R,元大台灣50反1,191,12,179,統一,2024-03-13,5850
00929,復華台灣科技優息,427,253,174,統一,2024-03-13,5850
00665L,富邦�琤肭磪囓�2,200,33,167,統一,2024-03-13,5850
9910,豐泰,162,0,162,統一,2024-03-13,5850
2492,華新科,153,4,149,統一,2024-03-13,5850
6239,力成,238,95,143,統一,2024-03-13,5850
2486,一詮,279,141,138,統一,2024-03-13,5850
2406,國碩,143,7,136,統一,2024-03-13,5850
6415,矽力*-KY,165,33,132,統一,2024-03-13,5850
1608,華榮,170,41,129,統一,2024-03-13,5850
1809,中釉,170,42,128,統一,2024-03-13,5850
00637L,元大滬深300正2,127,1,126,統一,2024-03-13,5850
00830,國泰費城半導體,176,51,125,統一,2024-03-13,5850
3372,典範,220,96,124,統一,2024-03-13,5850
2241,艾姆勒,165,42,123,統一,2024-03-13,5850
2379,瑞昱,134,12,122,統一,2024-03-13,5850
6005,群益證,3544,880,2664,統一,2024-03-14,5850
00900,富邦特選高股息30,2708,71,2637,統一,2024-03-14,5850
2883,凱基金,3791,1566,2225,統一,2024-03-14,5850
2836,高雄銀,1268,10,1258,統一,2024-03-14,5850
6026,福邦證,1000,6,994,統一,2024-03-14,5850
2385,群光,1139,224,915,統一,2024-03-14,5850
4714,永捷,993,109,884,統一,2024-03-14,5850
2889,國票金,885,35,850,統一,2024-03-14,5850
6285,啟��,1224,592,632,統一,2024-03-14,5850
00715L,期街口布蘭特正2,627,59,568,統一,2024-03-14,5850
1316,上曜,949,392,557,統一,2024-03-14,5850
4915,致伸,571,62,509,統一,2024-03-14,5850
00632R,元大台灣50反1,910,402,508,統一,2024-03-14,5850
1319,東陽,901,403,498,統一,2024-03-14,5850
6176,瑞儀,631,171,460,統一,2024-03-14,5850
2317,鴻海,1886,1467,419,統一,2024-03-14,5850
00665L,富邦�琤肭磪囓�2,360,0,360,統一,2024-03-14,5850
3596,智易,439,86,353,統一,2024-03-14,5850
3413,京鼎,374,38,336,統一,2024-03-14,5850
2347,聯強,352,18,334,統一,2024-03-14,5850
1809,中釉,514,199,315,統一,2024-03-14,5850
1402,遠東新,332,43,289,統一,2024-03-14,5850
1785,光洋科,288,9,279,統一,2024-03-14,5850
2356,英業達,506,231,275,統一,2024-03-14,5850
2504,國產,275,8,267,統一,2024-03-14,5850
2027,大成鋼,245,3,242,統一,2024-03-14,5850
6491,晶碩,251,9,242,統一,2024-03-14,5850
3217,優群,244,3,241,統一,2024-03-14,5850
6189,豐藝,265,27,238,統一,2024-03-14,5850
3704,合勤控,293,66,227,統一,2024-03-14,5850
2301,光寶科,287,62,225,統一,2024-03-14,5850
1605,華新,232,10,222,統一,2024-03-14,5850
1615,大山,210,2,208,統一,2024-03-14,5850
4303,信立,520,330,190,統一,2024-03-14,5850
00923,群益台ESG低碳50,192,13,179,統一,2024-03-14,5850
020030,統一智慧電動車N,198,25,173,統一,2024-03-14,5850
3438,類比科,181,13,168,統一,2024-03-14,5850
0056,元大高股息,173,6,167,統一,2024-03-14,5850
3481,群創,621,455,166,統一,2024-03-14,5850
00650L,復華香港正2,289,129,160,統一,2024-03-14,5850
4961,天鈺,309,152,157,統一,2024-03-14,5850
00753L,中信中國50正2,151,0,151,統一,2024-03-14,5850
1476,儒鴻,157,6,151,統一,2024-03-14,5850
2891,中信金,137,12,125,統一,2024-03-14,5850
3703,欣陸,125,0,125,統一,2024-03-14,5850
1712,興農,135,11,124,統一,2024-03-14,5850
6451,訊芯-KY,167,46,121,統一,2024-03-14,5850
6278,台表科,137,17,120,統一,2024-03-14,5850
3715,定穎投控,133,16,117,統一,2024-03-14,5850
3035,智原,210,95,115,統一,2024-03-14,5850
2317,鴻海,11117,1824,9293,統一,2024-03-15,5850
2449,京元電子,1616,25,1591,統一,2024-03-15,5850
3702,大聯大,1578,94,1484,統一,2024-03-15,5850
00665L,富邦�琤肭磪囓�2,1639,170,1469,統一,2024-03-15,5850
00878,國泰永續高股息,1546,126,1420,統一,2024-03-15,5850
00650L,復華香港正2,1363,60,1303,統一,2024-03-15,5850
00753L,中信中國50正2,1356,100,1256,統一,2024-03-15,5850
2891,中信金,1279,83,1196,統一,2024-03-15,5850
2382,廣達,1482,380,1102,統一,2024-03-15,5850
2301,光寶科,1209,181,1028,統一,2024-03-15,5850
2347,聯強,1046,44,1002,統一,2024-03-15,5850
1319,東陽,1147,155,992,統一,2024-03-15,5850
1402,遠東新,755,3,752,統一,2024-03-15,5850
3481,群創,1675,996,679,統一,2024-03-15,5850
2889,國票金,840,206,634,統一,2024-03-15,5850
00715L,期街口布蘭特正2,621,44,577,統一,2024-03-15,5850
3044,健鼎,508,16,492,統一,2024-03-15,5850
1504,東元,495,15,480,統一,2024-03-15,5850
3017,奇鋐,783,305,478,統一,2024-03-15,5850
020030,統一智慧電動車N,493,28,465,統一,2024-03-15,5850
3033,威健,472,21,451,統一,2024-03-15,5850
00892,富邦台灣半導體,872,482,390,統一,2024-03-15,5850
2504,國產,387,0,387,統一,2024-03-15,5850
2356,英業達,1259,880,379,統一,2024-03-15,5850
2379,瑞昱,601,251,350,統一,2024-03-15,5850
00931B,統一美債20年,337,6,331,統一,2024-03-15,5850
2367,燿華,448,141,307,統一,2024-03-15,5850
00646,元大S＆P500,305,0,305,統一,2024-03-15,5850
8112,至上,278,36,242,統一,2024-03-15,5850
2368,金像電,262,22,240,統一,2024-03-15,5850
2812,台中銀,237,0,237,統一,2024-03-15,5850
2204,中華,399,176,223,統一,2024-03-15,5850
0050,元大台灣50,222,1,221,統一,2024-03-15,5850
3010,華立,211,0,211,統一,2024-03-15,5850
5443,均豪,250,40,210,統一,2024-03-15,5850
1712,興農,202,2,200,統一,2024-03-15,5850
2323,中環,364,166,198,統一,2024-03-15,5850
3294,英濟,195,17,178,統一,2024-03-15,5850
6121,新普,203,35,168,統一,2024-03-15,5850
3706,神達,336,175,161,統一,2024-03-15,5850
00751B,元大AAA至A公司債,157,0,157,統一,2024-03-15,5850
020025,統一亞洲半導體N,164,11,153,統一,2024-03-15,5850
00632R,元大台灣50反1,153,0,153,統一,2024-03-15,5850
2404,漢唐,212,61,151,統一,2024-03-15,5850
2409,友達,564,415,149,統一,2024-03-15,5850
2882,國泰金,165,18,147,統一,2024-03-15,5850
00857B,永豐20年美公債,148,1,147,統一,2024-03-15,5850
8028,昇陽半導體,144,0,144,統一,2024-03-15,5850
6679,鈺太,166,25,141,統一,2024-03-15,5850
3036,文曄,158,19,139,統一,2024-03-15,5850
2883,凱基金,4091,21,4070,統一,2024-03-18,5850
2449,京元電子,3945,165,3780,統一,2024-03-18,5850
3036,文曄,3413,79,3334,統一,2024-03-18,5850
2317,鴻海,5558,3464,2094,統一,2024-03-18,5850
1319,東陽,2357,318,2039,統一,2024-03-18,5850
2347,聯強,1439,19,1420,統一,2024-03-18,5850
4938,和碩,1162,93,1069,統一,2024-03-18,5850
2486,一詮,5169,4168,1001,統一,2024-03-18,5850
2316,楠梓電,1008,29,979,統一,2024-03-18,5850
5347,世界,1125,162,963,統一,2024-03-18,5850
2367,燿華,1198,266,932,統一,2024-03-18,5850
2368,金像電,902,100,802,統一,2024-03-18,5850
1513,中興電,1047,381,666,統一,2024-03-18,5850
2109,華豐,592,12,580,統一,2024-03-18,5850
00931B,統一美債20年,503,0,503,統一,2024-03-18,5850
3034,聯詠,529,45,484,統一,2024-03-18,5850
1731,美吾華,394,0,394,統一,2024-03-18,5850
2603,長榮,659,273,386,統一,2024-03-18,5850
3706,神達,480,108,372,統一,2024-03-18,5850
3041,揚智,411,69,342,統一,2024-03-18,5850
8936,國統,468,151,317,統一,2024-03-18,5850
3037,欣興,404,95,309,統一,2024-03-18,5850
6269,台郡,301,0,301,統一,2024-03-18,5850
2031,新光鋼,336,42,294,統一,2024-03-18,5850
3303,岱稜,294,0,294,統一,2024-03-18,5850
1503,士電,476,199,277,統一,2024-03-18,5850
6753,龍德造船,256,1,255,統一,2024-03-18,5850
8996,高力,379,127,252,統一,2024-03-18,5850
4513,福裕,250,1,249,統一,2024-03-18,5850
2467,志聖,246,0,246,統一,2024-03-18,5850
1605,華新,271,47,224,統一,2024-03-18,5850
8150,南茂,249,28,221,統一,2024-03-18,5850
2515,中工,228,11,217,統一,2024-03-18,5850
2330,台積電,255,40,215,統一,2024-03-18,5850
2313,華通,355,143,212,統一,2024-03-18,5850
2461,光群雷,200,0,200,統一,2024-03-18,5850
3479,安勤,244,46,198,統一,2024-03-18,5850
1402,遠東新,197,0,197,統一,2024-03-18,5850
00646,元大S＆P500,193,0,193,統一,2024-03-18,5850
3042,晶技,216,29,187,統一,2024-03-18,5850
8086,宏捷科,249,75,174,統一,2024-03-18,5850
2618,長榮航,353,182,171,統一,2024-03-18,5850
2345,智邦,190,25,165,統一,2024-03-18,5850
8932,智通*,239,76,163,統一,2024-03-18,5850
020030,統一智慧電動車N,177,15,162,統一,2024-03-18,5850
00724B,群益投資級金融債,400,240,160,統一,2024-03-18,5850
2323,中環,394,241,153,統一,2024-03-18,5850
2504,國產,151,0,151,統一,2024-03-18,5850
1535,中宇,147,4,143,統一,2024-03-18,5850
8081,致新,141,0,141,統一,2024-03-18,5850
2356,英業達,9957,550,9407,統一,2024-03-19,5850
2603,長榮,5204,364,4840,統一,2024-03-19,5850
1319,東陽,5164,491,4673,統一,2024-03-19,5850
3702,大聯大,4105,131,3974,統一,2024-03-19,5850
5347,世界,4042,252,3790,統一,2024-03-19,5850
2352,佳世達,3789,33,3756,統一,2024-03-19,5850
2347,聯強,3473,53,3420,統一,2024-03-19,5850
2385,群光,3525,367,3158,統一,2024-03-19,5850
2449,京元電子,3586,449,3137,統一,2024-03-19,5850
4938,和碩,3543,503,3040,統一,2024-03-19,5850
2303,聯電,3816,1713,2103,統一,2024-03-19,5850
2383,台光電,2016,176,1840,統一,2024-03-19,5850
3037,欣興,1782,279,1503,統一,2024-03-19,5850
3231,緯創,3483,2133,1350,統一,2024-03-19,5850
3036,文曄,1590,271,1319,統一,2024-03-19,5850
2367,燿華,2514,1243,1271,統一,2024-03-19,5850
3044,健鼎,1165,84,1081,統一,2024-03-19,5850
5483,中美晶,1287,375,912,統一,2024-03-19,5850
2359,所羅門,878,46,832,統一,2024-03-19,5850
2809,京城銀,729,1,728,統一,2024-03-19,5850
2454,聯發科,916,209,707,統一,2024-03-19,5850
6278,台表科,692,22,670,統一,2024-03-19,5850
2308,台達電,727,65,662,統一,2024-03-19,5850
3207,耀勝,727,76,651,統一,2024-03-19,5850
6290,良維,833,239,594,統一,2024-03-19,5850
3264,欣銓,756,193,563,統一,2024-03-19,5850
6188,廣明,619,72,547,統一,2024-03-19,5850
2354,鴻準,619,75,544,統一,2024-03-19,5850
2412,中華電,809,310,499,統一,2024-03-19,5850
3711,日月光投控,499,11,488,統一,2024-03-19,5850
6274,台燿,722,245,477,統一,2024-03-19,5850
00891,中信關鍵半導體,453,0,453,統一,2024-03-19,5850
3706,神達,1088,648,440,統一,2024-03-19,5850
6491,晶碩,449,13,436,統一,2024-03-19,5850
4915,致伸,472,60,412,統一,2024-03-19,5850
6191,精成科,466,66,400,統一,2024-03-19,5850
6414,樺漢,402,25,377,統一,2024-03-19,5850
6605,帝寶,352,21,331,統一,2024-03-19,5850
6121,新普,333,26,307,統一,2024-03-19,5850
5469,瀚宇博,365,58,307,統一,2024-03-19,5850
3005,神基,669,372,297,統一,2024-03-19,5850
3413,京鼎,316,28,288,統一,2024-03-19,5850
3147,大綜,295,7,288,統一,2024-03-19,5850
00650L,復華香港正2,1538,1267,271,統一,2024-03-19,5850
6285,啟��,361,110,251,統一,2024-03-19,5850
0050,元大台灣50,251,0,251,統一,2024-03-19,5850
1785,光洋科,302,53,249,統一,2024-03-19,5850
6257,矽格,306,60,246,統一,2024-03-19,5850
3034,聯詠,274,29,245,統一,2024-03-19,5850
3704,合勤控,397,160,237,統一,2024-03-19,5850
3706,神達,5345,3321,2024,統一,2024-03-20,5850
2405,輔信,2047,56,1991,統一,2024-03-20,5850
6191,精成科,2732,992,1740,統一,2024-03-20,5850
1785,光洋科,1831,869,962,統一,2024-03-20,5850
00900,富邦特選高股息30,837,27,810,統一,2024-03-20,5850
2027,大成鋼,802,39,763,統一,2024-03-20,5850
3037,欣興,830,244,586,統一,2024-03-20,5850
2352,佳世達,707,183,524,統一,2024-03-20,5850
3704,合勤控,699,278,421,統一,2024-03-20,5850
5469,瀚宇博,546,144,402,統一,2024-03-20,5850
6215,和椿,495,121,374,統一,2024-03-20,5850
5483,中美晶,1157,793,364,統一,2024-03-20,5850
3042,晶技,631,272,359,統一,2024-03-20,5850
00878,國泰永續高股息,389,38,351,統一,2024-03-20,5850
6121,新普,395,76,319,統一,2024-03-20,5850
8150,南茂,804,487,317,統一,2024-03-20,5850
2409,友達,494,178,316,統一,2024-03-20,5850
2303,聯電,1301,996,305,統一,2024-03-20,5850
6139,亞翔,408,131,277,統一,2024-03-20,5850
00753L,中信中國50正2,275,0,275,統一,2024-03-20,5850
4127,天良,495,222,273,統一,2024-03-20,5850
5425,台半,296,28,268,統一,2024-03-20,5850
2317,鴻海,3095,2827,268,統一,2024-03-20,5850
00637L,元大滬深300正2,309,57,252,統一,2024-03-20,5850
2388,威盛,257,12,245,統一,2024-03-20,5850
9921,巨大,547,304,243,統一,2024-03-20,5850
00712,復華富時不動產,235,0,235,統一,2024-03-20,5850
5443,均豪,364,157,207,統一,2024-03-20,5850
00662,富邦NASDAQ,200,0,200,統一,2024-03-20,5850
3481,群創,491,291,200,統一,2024-03-20,5850
0056,元大高股息,229,30,199,統一,2024-03-20,5850
1795,美時,293,95,198,統一,2024-03-20,5850
6209,今國光,185,0,185,統一,2024-03-20,5850
3508,位速,179,0,179,統一,2024-03-20,5850
00665L,富邦�琤肭磪囓�2,174,0,174,統一,2024-03-20,5850
8155,博智,206,36,170,統一,2024-03-20,5850
00830,國泰費城半導體,329,160,169,統一,2024-03-20,5850
1587,吉茂,179,13,166,統一,2024-03-20,5850
2383,台光電,288,123,165,統一,2024-03-20,5850
3711,日月光投控,232,70,162,統一,2024-03-20,5850
8054,安國,194,33,161,統一,2024-03-20,5850
1101,台泥,164,10,154,統一,2024-03-20,5850
3294,英濟,157,6,151,統一,2024-03-20,5850
6585,鼎基,149,0,149,統一,2024-03-20,5850
2504,國產,150,1,149,統一,2024-03-20,5850
00651R,復華香港反1,190,41,149,統一,2024-03-20,5850
4576,大銀微系統,148,1,147,統一,2024-03-20,5850
3034,聯詠,173,26,147,統一,2024-03-20,5850
00646,元大S＆P500,143,1,142,統一,2024-03-20,5850
6462,神盾,162,38,124,統一,2024-03-20,5850
6005,群益證,4103,8,4095,統一,2024-03-21,5850
2891,中信金,3295,182,3113,統一,2024-03-21,5850
2317,鴻海,3343,1025,2318,統一,2024-03-21,5850
2408,南亞科,1669,164,1505,統一,2024-03-21,5850
6443,元晶,1220,7,1213,統一,2024-03-21,5850
00679B,元大美債20年,1083,22,1061,統一,2024-03-21,5850
6016,康和證,1000,10,990,統一,2024-03-21,5850
3481,群創,1893,915,978,統一,2024-03-21,5850
6026,福邦證,998,56,942,統一,2024-03-21,5850
2308,台達電,1096,156,940,統一,2024-03-21,5850
8112,至上,1087,156,931,統一,2024-03-21,5850
00878,國泰永續高股息,2947,2089,858,統一,2024-03-21,5850
2027,大成鋼,1009,191,818,統一,2024-03-21,5850
1503,士電,965,172,793,統一,2024-03-21,5850
2330,台積電,717,74,643,統一,2024-03-21,5850
2409,友達,697,161,536,統一,2024-03-21,5850
2236,百達-KY,775,254,521,統一,2024-03-21,5850
3037,欣興,875,357,518,統一,2024-03-21,5850
1513,中興電,859,375,484,統一,2024-03-21,5850
00632R,元大台灣50反1,613,150,463,統一,2024-03-21,5850
00662,富邦NASDAQ,465,3,462,統一,2024-03-21,5850
2486,一詮,695,243,452,統一,2024-03-21,5850
3083,網龍,452,1,451,統一,2024-03-21,5850
00931B,統一美債20年,445,0,445,統一,2024-03-21,5850
8299,群聯,513,72,441,統一,2024-03-21,5850
2371,大同,639,237,402,統一,2024-03-21,5850
3704,合勤控,1184,832,352,統一,2024-03-21,5850
2883,凱基金,443,108,335,統一,2024-03-21,5850
6239,力成,409,77,332,統一,2024-03-21,5850
00830,國泰費城半導體,433,132,301,統一,2024-03-21,5850
2383,台光電,367,73,294,統一,2024-03-21,5850
1609,大亞,929,638,291,統一,2024-03-21,5850
1616,億泰,293,5,288,統一,2024-03-21,5850
9958,世紀鋼,340,55,285,統一,2024-03-21,5850
6753,龍德造船,479,198,281,統一,2024-03-21,5850
1605,華新,294,39,255,統一,2024-03-21,5850
00688L,國泰20年美債正2,267,40,227,統一,2024-03-21,5850
3576,聯合再生,240,18,222,統一,2024-03-21,5850
2358,廷鑫,215,4,211,統一,2024-03-21,5850
2356,英業達,282,74,208,統一,2024-03-21,5850
2548,華固,200,8,192,統一,2024-03-21,5850
6188,廣明,452,269,183,統一,2024-03-21,5850
4714,永捷,633,451,182,統一,2024-03-21,5850
1809,中釉,207,26,181,統一,2024-03-21,5850
1570,力肯,181,0,181,統一,2024-03-21,5850
1808,潤隆,233,56,177,統一,2024-03-21,5850
1216,統一,212,50,162,統一,2024-03-21,5850
8996,高力,261,103,158,統一,2024-03-21,5850
3217,優群,179,23,156,統一,2024-03-21,5850
1504,東元,271,120,151,統一,2024-03-21,5850
2356,英業達,12520,3420,9100,統一,2024-03-22,5850
1609,大亞,3802,438,3364,統一,2024-03-22,5850
3294,英濟,3419,100,3319,統一,2024-03-22,5850
2308,台達電,3218,281,2937,統一,2024-03-22,5850
00878,國泰永續高股息,1799,47,1752,統一,2024-03-22,5850
3481,群創,2324,625,1699,統一,2024-03-22,5850
2882,國泰金,1320,91,1229,統一,2024-03-22,5850
6189,豐藝,1252,47,1205,統一,2024-03-22,5850
2368,金像電,950,215,735,統一,2024-03-22,5850
3058,立德,747,14,733,統一,2024-03-22,5850
3013,晟銘電,660,86,574,統一,2024-03-22,5850
2301,光寶科,794,350,444,統一,2024-03-22,5850
2409,友達,976,536,440,統一,2024-03-22,5850
1504,東元,631,201,430,統一,2024-03-22,5850
8996,高力,574,174,400,統一,2024-03-22,5850
2006,東和鋼鐵,582,192,390,統一,2024-03-22,5850
2618,長榮航,465,116,349,統一,2024-03-22,5850
2357,華碩,353,11,342,統一,2024-03-22,5850
3006,晶豪科,420,81,339,統一,2024-03-22,5850
3062,建漢,280,9,271,統一,2024-03-22,5850
2634,漢翔,270,8,262,統一,2024-03-22,5850
5439,高技,312,65,247,統一,2024-03-22,5850
00931B,統一美債20年,248,2,246,統一,2024-03-22,5850
6163,華電網,255,12,243,統一,2024-03-22,5850
1616,億泰,273,32,241,統一,2024-03-22,5850
3702,大聯大,254,14,240,統一,2024-03-22,5850
2417,圓剛,280,67,213,統一,2024-03-22,5850
00680L,元大美債20正2,302,100,202,統一,2024-03-22,5850
1605,華新,247,46,201,統一,2024-03-22,5850
00924,復華S＆P500成長,182,0,182,統一,2024-03-22,5850
2358,廷鑫,180,0,180,統一,2024-03-22,5850
2809,京城銀,189,13,176,統一,2024-03-22,5850
00712,復華富時不動產,300,126,174,統一,2024-03-22,5850
2344,華邦電,212,39,173,統一,2024-03-22,5850
1216,統一,198,26,172,統一,2024-03-22,5850
00645,富邦日本,170,0,170,統一,2024-03-22,5850
2382,廣達,239,72,167,統一,2024-03-22,5850
2345,智邦,221,55,166,統一,2024-03-22,5850
2204,中華,157,2,155,統一,2024-03-22,5850
8201,無敵,140,0,140,統一,2024-03-22,5850
3264,欣銓,237,98,139,統一,2024-03-22,5850
2329,華泰,172,38,134,統一,2024-03-22,5850
1785,光洋科,149,29,120,統一,2024-03-22,5850
020030,統一智慧電動車N,143,29,114,統一,2024-03-22,5850
3037,欣興,343,230,113,統一,2024-03-22,5850
4939,亞電,112,0,112,統一,2024-03-22,5850
2353,宏��,367,256,111,統一,2024-03-22,5850
8147,正淩,115,4,111,統一,2024-03-22,5850
9904,寶成,126,15,111,統一,2024-03-22,5850
2464,盟立,205,97,108,統一,2024-03-22,5850
3706,神達,4810,256,4554,統一,2024-03-25,5850
3339,泰谷,3681,12,3669,統一,2024-03-25,5850
3231,緯創,2481,430,2051,統一,2024-03-25,5850
2388,威盛,1486,14,1472,統一,2024-03-25,5850
6125,廣運,1413,395,1018,統一,2024-03-25,5850
8150,南茂,972,0,972,統一,2024-03-25,5850
3062,建漢,2216,1268,948,統一,2024-03-25,5850
2486,一詮,1363,432,931,統一,2024-03-25,5850
2352,佳世達,1117,208,909,統一,2024-03-25,5850
9904,寶成,965,112,853,統一,2024-03-25,5850
2892,第一金,702,43,659,統一,2024-03-25,5850
1785,光洋科,672,28,644,統一,2024-03-25,5850
5876,上海商銀,697,55,642,統一,2024-03-25,5850
1319,東陽,772,199,573,統一,2024-03-25,5850
00712,復華富時不動產,570,0,570,統一,2024-03-25,5850
2049,上銀,559,8,551,統一,2024-03-25,5850
3059,華晶科,1104,604,500,統一,2024-03-25,5850
2408,南亞科,562,79,483,統一,2024-03-25,5850
1795,美時,565,99,466,統一,2024-03-25,5850
2027,大成鋼,465,7,458,統一,2024-03-25,5850
2464,盟立,521,95,426,統一,2024-03-25,5850
6197,佳必琪,587,188,399,統一,2024-03-25,5850
1504,東元,431,41,390,統一,2024-03-25,5850
00931B,統一美債20年,360,3,357,統一,2024-03-25,5850
1513,中興電,752,397,355,統一,2024-03-25,5850
6257,矽格,589,272,317,統一,2024-03-25,5850
1514,亞力,388,76,312,統一,2024-03-25,5850
00900,富邦特選高股息30,310,2,308,統一,2024-03-25,5850
2371,大同,595,294,301,統一,2024-03-25,5850
3217,優群,327,46,281,統一,2024-03-25,5850
8028,昇陽半導體,276,1,275,統一,2024-03-25,5850
6213,聯茂,265,0,265,統一,2024-03-25,5850
2308,台達電,579,317,262,統一,2024-03-25,5850
6166,凌華,280,29,251,統一,2024-03-25,5850
4540,全球傳動,240,0,240,統一,2024-03-25,5850
3276,宇環,232,0,232,統一,2024-03-25,5850
00679B,元大美債20年,247,18,229,統一,2024-03-25,5850
3583,辛耘,287,59,228,統一,2024-03-25,5850
3058,立德,519,294,225,統一,2024-03-25,5850
9958,世紀鋼,320,98,222,統一,2024-03-25,5850
4526,東台,256,40,216,統一,2024-03-25,5850
1723,中碳,202,5,197,統一,2024-03-25,5850
00934,中信成長高股息,193,0,193,統一,2024-03-25,5850
3390,旭軟,195,3,192,統一,2024-03-25,5850
6668,中揚光,231,50,181,統一,2024-03-25,5850
5258,虹堡,210,34,176,統一,2024-03-25,5850
1727,中華化,177,2,175,統一,2024-03-25,5850
6274,台燿,592,421,171,統一,2024-03-25,5850
00917,中信特選金融,187,20,167,統一,2024-03-25,5850
00918,大華優利高填息30,162,1,161,統一,2024-03-25,5850
2371,大同,7149,2406,4743,統一,2024-03-26,5850
1608,華榮,2665,284,2381,統一,2024-03-26,5850
3706,神達,2073,128,1945,統一,2024-03-26,5850
2303,聯電,2016,548,1468,統一,2024-03-26,5850
00632R,元大台灣50反1,1257,11,1246,統一,2024-03-26,5850
2408,南亞科,1059,33,1026,統一,2024-03-26,5850
5347,世界,980,170,810,統一,2024-03-26,5850
3005,神基,804,85,719,統一,2024-03-26,5850
1560,中砂,745,76,669,統一,2024-03-26,5850
00830,國泰費城半導體,645,1,644,統一,2024-03-26,5850
1617,榮星,570,0,570,統一,2024-03-26,5850
4938,和碩,694,135,559,統一,2024-03-26,5850
00650L,復華香港正2,1962,1562,400,統一,2024-03-26,5850
00931B,統一美債20年,356,11,345,統一,2024-03-26,5850
00900,富邦特選高股息30,345,17,328,統一,2024-03-26,5850
00934,中信成長高股息,320,0,320,統一,2024-03-26,5850
2465,麗臺,257,8,249,統一,2024-03-26,5850
6239,力成,273,32,241,統一,2024-03-26,5850
6806,森崴能源,315,92,223,統一,2024-03-26,5850
0050,元大台灣50,332,110,222,統一,2024-03-26,5850
6223,旺矽,249,27,222,統一,2024-03-26,5850
5439,高技,253,52,201,統一,2024-03-26,5850
4401,東隆興,201,0,201,統一,2024-03-26,5850
2367,燿華,491,312,179,統一,2024-03-26,5850
6189,豐藝,244,72,172,統一,2024-03-26,5850
020030,統一智慧電動車N,199,28,171,統一,2024-03-26,5850
6139,亞翔,237,68,169,統一,2024-03-26,5850
4746,台耀,177,14,163,統一,2024-03-26,5850
6215,和椿,365,214,151,統一,2024-03-26,5850
00753L,中信中國50正2,150,0,150,統一,2024-03-26,5850
8155,博智,137,5,132,統一,2024-03-26,5850
00724B,群益投資級金融債,194,62,132,統一,2024-03-26,5850
2421,建準,282,152,130,統一,2024-03-26,5850
3034,聯詠,137,10,127,統一,2024-03-26,5850
1603,華電,131,4,127,統一,2024-03-26,5850
1725,元禎,123,0,123,統一,2024-03-26,5850
2412,中華電,171,49,122,統一,2024-03-26,5850
1216,統一,122,0,122,統一,2024-03-26,5850
2890,永豐金,212,91,121,統一,2024-03-26,5850
00662,富邦NASDAQ,118,0,118,統一,2024-03-26,5850
2406,國碩,121,8,113,統一,2024-03-26,5850
1319,東陽,123,15,108,統一,2024-03-26,5850
2867,三商壽,106,0,106,統一,2024-03-26,5850
3312,弘憶股,192,88,104,統一,2024-03-26,5850
2316,楠梓電,488,387,101,統一,2024-03-26,5850
00671R,富邦NASDAQ反1,100,0,100,統一,2024-03-26,5850
9904,寶成,101,6,95,統一,2024-03-26,5850
4714,永捷,115,23,92,統一,2024-03-26,5850
00857B,永豐20年美公債,84,0,84,統一,2024-03-26,5850
3715,定穎投控,93,11,82,統一,2024-03-26,5850
00900,富邦特選高股息30,4804,32,4772,統一,2024-03-27,5850
2317,鴻海,2478,773,1705,統一,2024-03-27,5850
5469,瀚宇博,1355,285,1070,統一,2024-03-27,5850
2049,上銀,940,44,896,統一,2024-03-27,5850
2883,凱基金,911,170,741,統一,2024-03-27,5850
1785,光洋科,798,71,727,統一,2024-03-27,5850
1609,大亞,1344,688,656,統一,2024-03-27,5850
2618,長榮航,784,158,626,統一,2024-03-27,5850
2356,英業達,786,164,622,統一,2024-03-27,5850
00934,中信成長高股息,618,0,618,統一,2024-03-27,5850
1795,美時,955,354,601,統一,2024-03-27,5850
5515,建國,637,47,590,統一,2024-03-27,5850
2464,盟立,1330,757,573,統一,2024-03-27,5850
2421,建準,676,131,545,統一,2024-03-27,5850
1319,東陽,620,89,531,統一,2024-03-27,5850
4746,台耀,508,13,495,統一,2024-03-27,5850
6285,啟��,531,38,493,統一,2024-03-27,5850
4961,天鈺,478,77,401,統一,2024-03-27,5850
3711,日月光投控,554,203,351,統一,2024-03-27,5850
3062,建漢,676,328,348,統一,2024-03-27,5850
2412,中華電,397,52,345,統一,2024-03-27,5850
3372,典範,332,10,322,統一,2024-03-27,5850
3708,上緯投控,386,68,318,統一,2024-03-27,5850
6257,矽格,342,41,301,統一,2024-03-27,5850
3264,欣銓,601,339,262,統一,2024-03-27,5850
6191,精成科,891,643,248,統一,2024-03-27,5850
4526,東台,335,105,230,統一,2024-03-27,5850
5309,系統電,634,429,205,統一,2024-03-27,5850
8028,昇陽半導體,205,0,205,統一,2024-03-27,5850
8201,無敵,184,0,184,統一,2024-03-27,5850
2704,國賓,270,88,182,統一,2024-03-27,5850
3583,辛耘,313,133,180,統一,2024-03-27,5850
6197,佳必琪,334,154,180,統一,2024-03-27,5850
7402,邑錡,291,116,175,統一,2024-03-27,5850
2634,漢翔,305,132,173,統一,2024-03-27,5850
1603,華電,282,119,163,統一,2024-03-27,5850
5483,中美晶,178,37,141,統一,2024-03-27,5850
1560,中砂,236,102,134,統一,2024-03-27,5850
4510,高鋒,131,0,131,統一,2024-03-27,5850
2352,佳世達,153,27,126,統一,2024-03-27,5850
00931B,統一美債20年,299,175,124,統一,2024-03-27,5850
3498,陽程,127,4,123,統一,2024-03-27,5850
4714,永捷,267,147,120,統一,2024-03-27,5850
6274,台燿,726,606,120,統一,2024-03-27,5850
1342,八貫,123,4,119,統一,2024-03-27,5850
3013,晟銘電,183,71,112,統一,2024-03-27,5850
1713,國化,113,1,112,統一,2024-03-27,5850
9933,中鼎,225,113,112,統一,2024-03-27,5850
1584,精剛,137,28,109,統一,2024-03-27,5850
6121,新普,130,24,106,統一,2024-03-27,5850
00680L,元大美債20正2,5912,60,5852,統一,2024-03-28,5850
00900,富邦特選高股息30,4652,2,4650,統一,2024-03-28,5850
00688L,國泰20年美債正2,4101,7,4094,統一,2024-03-28,5850
2317,鴻海,6178,3581,2597,統一,2024-03-28,5850
2382,廣達,1871,377,1494,統一,2024-03-28,5850
2328,廣宇,1530,124,1406,統一,2024-03-28,5850
00878,國泰永續高股息,1213,28,1185,統一,2024-03-28,5850
6257,矽格,1446,285,1161,統一,2024-03-28,5850
00934,中信成長高股息,935,0,935,統一,2024-03-28,5850
2371,大同,1822,920,902,統一,2024-03-28,5850
1785,光洋科,1740,846,894,統一,2024-03-28,5850
6278,台表科,882,6,876,統一,2024-03-28,5850
4958,臻鼎-KY,1175,398,777,統一,2024-03-28,5850
6213,聯茂,915,216,699,統一,2024-03-28,5850
00712,復華富時不動產,590,0,590,統一,2024-03-28,5850
3013,晟銘電,702,148,554,統一,2024-03-28,5850
8121,越峰,569,24,545,統一,2024-03-28,5850
1477,聚陽,571,65,506,統一,2024-03-28,5850
2886,兆豐金,485,5,480,統一,2024-03-28,5850
5876,上海商銀,1956,1577,379,統一,2024-03-28,5850
2354,鴻準,812,473,339,統一,2024-03-28,5850
3710,連展投控,321,0,321,統一,2024-03-28,5850
00651R,復華香港反1,280,0,280,統一,2024-03-28,5850
00919,群益台灣精選高息,9986,9712,274,統一,2024-03-28,5850
2412,中華電,399,127,272,統一,2024-03-28,5850
6176,瑞儀,348,90,258,統一,2024-03-28,5850
2515,中工,588,338,250,統一,2024-03-28,5850
4562,穎漢,230,0,230,統一,2024-03-28,5850
3058,立德,229,7,222,統一,2024-03-28,5850
8147,正淩,267,62,205,統一,2024-03-28,5850
6189,豐藝,221,19,202,統一,2024-03-28,5850
6239,力成,513,312,201,統一,2024-03-28,5850
3149,正達,195,1,194,統一,2024-03-28,5850
6139,亞翔,295,105,190,統一,2024-03-28,5850
2406,國碩,186,6,180,統一,2024-03-28,5850
6147,頎邦,250,80,170,統一,2024-03-28,5850
3551,世禾,200,31,169,統一,2024-03-28,5850
2241,艾姆勒,174,9,165,統一,2024-03-28,5850
8028,昇陽半導體,165,0,165,統一,2024-03-28,5850
3171,炎洲流通,161,0,161,統一,2024-03-28,5850
1560,中砂,255,101,154,統一,2024-03-28,5850
2211,長榮鋼,159,19,140,統一,2024-03-28,5850
1504,東元,215,75,140,統一,2024-03-28,5850
8069,元太,186,48,138,統一,2024-03-28,5850
3312,弘憶股,318,183,135,統一,2024-03-28,5850
4127,天良,137,5,132,統一,2024-03-28,5850
6274,台燿,527,396,131,統一,2024-03-28,5850
6125,廣運,210,84,126,統一,2024-03-28,5850
3591,艾笛森,120,0,120,統一,2024-03-28,5850
00637L,元大滬深300正2,143,24,119,統一,2024-03-28,5850
2324,仁寶,2318,103,2215,統一,2024-03-29,5850
3231,緯創,2817,843,1974,統一,2024-03-29,5850
2313,華通,1140,118,1022,統一,2024-03-29,5850
6213,聯茂,1010,107,903,統一,2024-03-29,5850
2301,光寶科,725,55,670,統一,2024-03-29,5850
6278,台表科,651,1,650,統一,2024-03-29,5850
5371,中光電,803,204,599,統一,2024-03-29,5850
2382,廣達,2583,2053,530,統一,2024-03-29,5850
1101,台泥,462,5,457,統一,2024-03-29,5850
2376,技嘉,508,110,398,統一,2024-03-29,5850
2618,長榮航,522,214,308,統一,2024-03-29,5850
4127,天良,323,19,304,統一,2024-03-29,5850
2421,建準,832,568,264,統一,2024-03-29,5850
3548,兆利,342,83,259,統一,2024-03-29,5850
00637L,元大滬深300正2,1101,852,249,統一,2024-03-29,5850
6667,信紘科,434,201,233,統一,2024-03-29,5850
1815,富喬,512,280,232,統一,2024-03-29,5850
3617,碩天,235,14,221,統一,2024-03-29,5850
6605,帝寶,253,38,215,統一,2024-03-29,5850
8358,金居,201,6,195,統一,2024-03-29,5850
3294,英濟,255,70,185,統一,2024-03-29,5850
00715L,期街口布蘭特正2,178,3,175,統一,2024-03-29,5850
5388,中磊,402,231,171,統一,2024-03-29,5850
5324,士開,159,0,159,統一,2024-03-29,5850
5234,達興材料,169,13,156,統一,2024-03-29,5850
2881,富邦金,167,16,151,統一,2024-03-29,5850
2504,國產,150,0,150,統一,2024-03-29,5850
1313,聯成,150,0,150,統一,2024-03-29,5850
5225,東科-KY,153,5,148,統一,2024-03-29,5850
4562,穎漢,186,40,146,統一,2024-03-29,5850
3680,家登,176,38,138,統一,2024-03-29,5850
00714,群益道瓊美國地產,232,100,132,統一,2024-03-29,5850
2412,中華電,130,1,129,統一,2024-03-29,5850
1210,大成,119,0,119,統一,2024-03-29,5850
3479,安勤,137,23,114,統一,2024-03-29,5850
3289,宜特,134,24,110,統一,2024-03-29,5850
3551,世禾,165,57,108,統一,2024-03-29,5850
020030,統一智慧電動車N,108,1,107,統一,2024-03-29,5850
00650L,復華香港正2,168,66,102,統一,2024-03-29,5850
6578,達邦蛋白,101,0,101,統一,2024-03-29,5850
3376,新日興,179,86,93,統一,2024-03-29,5850
6275,元山,100,9,91,統一,2024-03-29,5850
2337,旺宏,87,1,86,統一,2024-03-29,5850
1605,華新,109,29,80,統一,2024-03-29,5850
1806,冠軍,78,1,77,統一,2024-03-29,5850
3037,欣興,101,25,76,統一,2024-03-29,5850
9904,寶成,188,115,73,統一,2024-03-29,5850
6531,愛普*,77,9,68,統一,2024-03-29,5850
2402,毅嘉,79,12,67,統一,2024-03-29,5850
3666,光耀,69,2,67,統一,2024-03-29,5850
00941,中信上游半導體,10045,3011,7034,統一,2024-04-01,5850
2537,聯上發,1796,4,1792,統一,2024-04-01,5850
8085,福華,1648,36,1612,統一,2024-04-01,5850
5347,世界,1312,23,1289,統一,2024-04-01,5850
00937B,群益ESG投等債20,1240,0,1240,統一,2024-04-01,5850
2324,仁寶,999,55,944,統一,2024-04-01,5850
3481,群創,873,47,826,統一,2024-04-01,5850
00900,富邦特選高股息30,769,0,769,統一,2024-04-01,5850
3707,漢磊,808,138,670,統一,2024-04-01,5850
2371,大同,1049,410,639,統一,2024-04-01,5850
1522,堤維西,619,48,571,統一,2024-04-01,5850
6667,信紘科,651,110,541,統一,2024-04-01,5850
2330,台積電,932,407,525,統一,2024-04-01,5850
3708,上緯投控,564,46,518,統一,2024-04-01,5850
4909,新復興,494,14,480,統一,2024-04-01,5850
2313,華通,611,266,345,統一,2024-04-01,5850
2886,兆豐金,444,108,336,統一,2024-04-01,5850
2634,漢翔,336,85,251,統一,2024-04-01,5850
00934,中信成長高股息,346,100,246,統一,2024-04-01,5850
3059,華晶科,250,8,242,統一,2024-04-01,5850
2515,中工,496,263,233,統一,2024-04-01,5850
8033,雷虎,312,94,218,統一,2024-04-01,5850
6271,同欣電,203,5,198,統一,2024-04-01,5850
2888,新光金,216,20,196,統一,2024-04-01,5850
5371,中光電,548,368,180,統一,2024-04-01,5850
5324,士開,166,0,166,統一,2024-04-01,5850
0050,元大台灣50,162,0,162,統一,2024-04-01,5850
6742,澤米,163,2,161,統一,2024-04-01,5850
5443,均豪,200,40,160,統一,2024-04-01,5850
6223,旺矽,170,16,154,統一,2024-04-01,5850
6550,北極星藥業-KY,165,16,149,統一,2024-04-01,5850
2417,圓剛,146,6,140,統一,2024-04-01,5850
6284,佳邦,142,10,132,統一,2024-04-01,5850
2883,凱基金,191,66,125,統一,2024-04-01,5850
2881,富邦金,283,159,124,統一,2024-04-01,5850
6835,圓裕,127,5,122,統一,2024-04-01,5850
1815,富喬,293,171,122,統一,2024-04-01,5850
8103,瀚荃,123,5,118,統一,2024-04-01,5850
8916,光隆,126,8,118,統一,2024-04-01,5850
2409,友達,235,121,114,統一,2024-04-01,5850
2492,華新科,204,91,113,統一,2024-04-01,5850
8092,建暐,111,0,111,統一,2024-04-01,5850
3033,威健,112,2,110,統一,2024-04-01,5850
6274,台燿,170,66,104,統一,2024-04-01,5850
6425,易發,143,42,101,統一,2024-04-01,5850
6578,達邦蛋白,182,81,101,統一,2024-04-01,5850
3037,欣興,155,55,100,統一,2024-04-01,5850
5234,達興材料,137,39,98,統一,2024-04-01,5850
8096,擎亞,160,64,96,統一,2024-04-01,5850
2379,瑞昱,95,12,83,統一,2024-04-01,5850
00919,群益台灣精選高息,5411,9,5402,統一,2024-04-02,5850
2515,中工,4970,461,4509,統一,2024-04-02,5850
2002,中鋼,3542,6,3536,統一,2024-04-02,5850
2313,華通,1519,28,1491,統一,2024-04-02,5850
3702,大聯大,1375,2,1373,統一,2024-04-02,5850
2347,聯強,1166,25,1141,統一,2024-04-02,5850
00679B,元大美債20年,939,22,917,統一,2024-04-02,5850
2382,廣達,897,124,773,統一,2024-04-02,5850
00753L,中信中國50正2,799,35,764,統一,2024-04-02,5850
4938,和碩,960,319,641,統一,2024-04-02,5850
4533,協易機,1103,487,616,統一,2024-04-02,5850
3010,華立,768,230,538,統一,2024-04-02,5850
6213,聯茂,980,545,435,統一,2024-04-02,5850
020030,統一智慧電動車N,446,17,429,統一,2024-04-02,5850
2374,佳能,434,5,429,統一,2024-04-02,5850
2412,中華電,404,0,404,統一,2024-04-02,5850
2303,聯電,391,80,311,統一,2024-04-02,5850
6438,迅得,401,120,281,統一,2024-04-02,5850
3715,定穎投控,327,50,277,統一,2024-04-02,5850
6139,亞翔,305,38,267,統一,2024-04-02,5850
00900,富邦特選高股息30,245,0,245,統一,2024-04-02,5850
6532,瑞耘,251,8,243,統一,2024-04-02,5850
3033,威健,222,3,219,統一,2024-04-02,5850
00882,中信中國高股息,216,6,210,統一,2024-04-02,5850
3324,雙鴻,309,102,207,統一,2024-04-02,5850
00696B,富邦美債20年,189,0,189,統一,2024-04-02,5850
6196,帆宣,212,24,188,統一,2024-04-02,5850
3013,晟銘電,233,45,188,統一,2024-04-02,5850
2454,聯發科,193,12,181,統一,2024-04-02,5850
1815,富喬,559,382,177,統一,2024-04-02,5850
1617,榮星,176,0,176,統一,2024-04-02,5850
4958,臻鼎-KY,512,342,170,統一,2024-04-02,5850
1587,吉茂,183,13,170,統一,2024-04-02,5850
3036,文曄,182,15,167,統一,2024-04-02,5850
00651R,復華香港反1,150,0,150,統一,2024-04-02,5850
2354,鴻準,230,81,149,統一,2024-04-02,5850
2504,國產,150,2,148,統一,2024-04-02,5850
3533,嘉澤,153,8,145,統一,2024-04-02,5850
2066,世德,153,15,138,統一,2024-04-02,5850
6234,高僑,148,13,135,統一,2024-04-02,5850
00878,國泰永續高股息,142,12,130,統一,2024-04-02,5850
4576,大銀微系統,127,1,126,統一,2024-04-02,5850
2301,光寶科,156,32,124,統一,2024-04-02,5850
00939,統一台灣高息動能,204,80,124,統一,2024-04-02,5850
1806,冠軍,121,0,121,統一,2024-04-02,5850
6668,中揚光,170,59,111,統一,2024-04-02,5850
2449,京元電子,139,29,110,統一,2024-04-02,5850
1560,中砂,557,447,110,統一,2024-04-02,5850
00830,國泰費城半導體,130,24,106,統一,2024-04-02,5850
2049,上銀,137,35,102,統一,2024-04-02,5850
00679B,元大美債20年,9283,5759,3524,統一,2024-04-03,5850
00939,統一台灣高息動能,2951,79,2872,統一,2024-04-03,5850
2317,鴻海,4733,2227,2506,統一,2024-04-03,5850
6120,達運,2020,20,2000,統一,2024-04-03,5850
00919,群益台灣精選高息,1791,243,1548,統一,2024-04-03,5850
6668,中揚光,748,33,715,統一,2024-04-03,5850
2603,長榮,872,161,711,統一,2024-04-03,5850
6190,萬泰科,620,13,607,統一,2024-04-03,5850
8064,東捷,1314,844,470,統一,2024-04-03,5850
00934,中信成長高股息,420,0,420,統一,2024-04-03,5850
2066,世德,387,26,361,統一,2024-04-03,5850
2363,矽統,338,19,319,統一,2024-04-03,5850
1718,中纖,305,0,305,統一,2024-04-03,5850
6505,台塑化,302,7,295,統一,2024-04-03,5850
5371,中光電,369,76,293,統一,2024-04-03,5850
4746,台耀,296,11,285,統一,2024-04-03,5850
2382,廣達,422,155,267,統一,2024-04-03,5850
2330,台積電,369,111,258,統一,2024-04-03,5850
8016,矽創,253,4,249,統一,2024-04-03,5850
4716,大立,249,13,236,統一,2024-04-03,5850
00929,復華台灣科技優息,234,9,225,統一,2024-04-03,5850
3036,文曄,370,153,217,統一,2024-04-03,5850
2891,中信金,235,27,208,統一,2024-04-03,5850
2705,六福,204,0,204,統一,2024-04-03,5850
6278,台表科,203,2,201,統一,2024-04-03,5850
1773,勝一,185,1,184,統一,2024-04-03,5850
2359,所羅門,401,221,180,統一,2024-04-03,5850
2356,英業達,408,230,178,統一,2024-04-03,5850
3231,緯創,870,699,171,統一,2024-04-03,5850
2374,佳能,576,417,159,統一,2024-04-03,5850
2465,麗臺,160,7,153,統一,2024-04-03,5850
3062,建漢,157,8,149,統一,2024-04-03,5850
3466,德晉,142,0,142,統一,2024-04-03,5850
020030,統一智慧電動車N,154,13,141,統一,2024-04-03,5850
2371,大同,373,241,132,統一,2024-04-03,5850
8210,勤誠,189,58,131,統一,2024-04-03,5850
3164,景岳,131,0,131,統一,2024-04-03,5850
3324,雙鴻,192,63,129,統一,2024-04-03,5850
2504,國產,129,2,127,統一,2024-04-03,5850
1513,中興電,204,79,125,統一,2024-04-03,5850
6531,愛普*,138,16,122,統一,2024-04-03,5850
8027,鈦昇,172,50,122,統一,2024-04-03,5850
3339,泰谷,115,0,115,統一,2024-04-03,5850
4147,中裕,146,32,114,統一,2024-04-03,5850
8930,青鋼,115,2,113,統一,2024-04-03,5850
2208,台船,119,9,110,統一,2024-04-03,5850
2383,台光電,192,84,108,統一,2024-04-03,5850
1402,遠東新,123,17,106,統一,2024-04-03,5850
5876,上海商銀,118,13,105,統一,2024-04-03,5850
00725B,國泰投資級公司債,103,0,103,統一,2024-04-03,5850
8096,擎亞,2727,70,2657,統一,2024-04-08,5850
6207,雷科,2623,74,2549,統一,2024-04-08,5850
2009,第一銅,1696,577,1119,統一,2024-04-08,5850
00679B,元大美債20年,1716,665,1051,統一,2024-04-08,5850
2609,陽明,1065,49,1016,統一,2024-04-08,5850
2501,國建,656,9,647,統一,2024-04-08,5850
1514,亞力,721,124,597,統一,2024-04-08,5850
2515,中工,1415,837,578,統一,2024-04-08,5850
2313,華通,747,225,522,統一,2024-04-08,5850
2367,燿華,530,64,466,統一,2024-04-08,5850
6188,廣明,467,31,436,統一,2024-04-08,5850
2603,長榮,550,122,428,統一,2024-04-08,5850
8358,金居,499,79,420,統一,2024-04-08,5850
00919,群益台灣精選高息,583,164,419,統一,2024-04-08,5850
2409,友達,496,92,404,統一,2024-04-08,5850
2383,台光電,560,188,372,統一,2024-04-08,5850
2303,聯電,459,91,368,統一,2024-04-08,5850
6578,達邦蛋白,338,7,331,統一,2024-04-08,5850
00720B,元大投資級公司債,306,8,298,統一,2024-04-08,5850
3037,欣興,332,46,286,統一,2024-04-08,5850
3231,緯創,910,639,271,統一,2024-04-08,5850
1608,華榮,546,289,257,統一,2024-04-08,5850
4533,協易機,264,8,256,統一,2024-04-08,5850
8155,博智,252,2,250,統一,2024-04-08,5850
2537,聯上發,292,44,248,統一,2024-04-08,5850
1733,五鼎,247,1,246,統一,2024-04-08,5850
4716,大立,258,13,245,統一,2024-04-08,5850
1795,美時,310,73,237,統一,2024-04-08,5850
8112,至上,266,34,232,統一,2024-04-08,5850
2365,昆盈,303,86,217,統一,2024-04-08,5850
1605,華新,280,67,213,統一,2024-04-08,5850
1101,台泥,222,12,210,統一,2024-04-08,5850
00633L,富邦上証正2,209,11,198,統一,2024-04-08,5850
5324,士開,291,95,196,統一,2024-04-08,5850
00864B,中信美國公債0-1,195,0,195,統一,2024-04-08,5850
2376,技嘉,351,160,191,統一,2024-04-08,5850
00772B,中信高評級公司債,239,50,189,統一,2024-04-08,5850
1718,中纖,188,0,188,統一,2024-04-08,5850
6176,瑞儀,211,26,185,統一,2024-04-08,5850
2504,國產,187,8,179,統一,2024-04-08,5850
2371,大同,781,603,178,統一,2024-04-08,5850
6125,廣運,313,138,175,統一,2024-04-08,5850
1503,士電,228,58,170,統一,2024-04-08,5850
3360,尚立,170,0,170,統一,2024-04-08,5850
1319,東陽,201,36,165,統一,2024-04-08,5850
1609,大亞,486,322,164,統一,2024-04-08,5850
2329,華泰,189,25,164,統一,2024-04-08,5850
2883,凱基金,187,27,160,統一,2024-04-08,5850
9955,佳龍,144,2,142,統一,2024-04-08,5850
0050,元大台灣50,181,42,139,統一,2024-04-08,5850
1609,大亞,5151,503,4648,統一,2024-04-09,5850
2363,矽統,7152,4015,3137,統一,2024-04-09,5850
2883,凱基金,2602,173,2429,統一,2024-04-09,5850
2014,中鴻,2356,130,2226,統一,2024-04-09,5850
00939,統一台灣高息動能,1901,124,1777,統一,2024-04-09,5850
2891,中信金,1801,62,1739,統一,2024-04-09,5850
4533,協易機,1363,212,1151,統一,2024-04-09,5850
2515,中工,1541,395,1146,統一,2024-04-09,5850
2618,長榮航,1951,858,1093,統一,2024-04-09,5850
8112,至上,1416,369,1047,統一,2024-04-09,5850
0056,元大高股息,1067,62,1005,統一,2024-04-09,5850
00919,群益台灣精選高息,998,12,986,統一,2024-04-09,5850
2317,鴻海,1424,537,887,統一,2024-04-09,5850
1513,中興電,1147,480,667,統一,2024-04-09,5850
2464,盟立,752,121,631,統一,2024-04-09,5850
00753L,中信中國50正2,610,0,610,統一,2024-04-09,5850
5443,均豪,929,327,602,統一,2024-04-09,5850
1608,華榮,893,317,576,統一,2024-04-09,5850
8033,雷虎,585,25,560,統一,2024-04-09,5850
2603,長榮,1294,763,531,統一,2024-04-09,5850
3260,威剛,575,50,525,統一,2024-04-09,5850
2634,漢翔,734,218,516,統一,2024-04-09,5850
3060,銘異,659,211,448,統一,2024-04-09,5850
3213,茂訊,432,10,422,統一,2024-04-09,5850
00900,富邦特選高股息30,398,1,397,統一,2024-04-09,5850
2409,友達,1553,1161,392,統一,2024-04-09,5850
6425,易發,429,47,382,統一,2024-04-09,5850
00676R,富邦臺灣加權反1,370,0,370,統一,2024-04-09,5850
8016,矽創,381,13,368,統一,2024-04-09,5850
6117,迎廣,435,78,357,統一,2024-04-09,5850
6191,精成科,383,34,349,統一,2024-04-09,5850
2025,千興,347,0,347,統一,2024-04-09,5850
1605,華新,643,300,343,統一,2024-04-09,5850
8150,南茂,342,0,342,統一,2024-04-09,5850
2882,國泰金,389,73,316,統一,2024-04-09,5850
1102,亞泥,300,0,300,統一,2024-04-09,5850
2834,臺企銀,280,6,274,統一,2024-04-09,5850
3715,定穎投控,378,127,251,統一,2024-04-09,5850
00876,元大全球5G,250,0,250,統一,2024-04-09,5850
2359,所羅門,443,202,241,統一,2024-04-09,5850
3167,大量,258,27,231,統一,2024-04-09,5850
8047,星雲,221,3,218,統一,2024-04-09,5850
2881,富邦金,258,42,216,統一,2024-04-09,5850
6585,鼎基,239,34,205,統一,2024-04-09,5850
2501,國建,824,620,204,統一,2024-04-09,5850
2610,華航,226,23,203,統一,2024-04-09,5850
8089,康全電訊,200,1,199,統一,2024-04-09,5850
2504,國產,270,74,196,統一,2024-04-09,5850
8155,博智,237,47,190,統一,2024-04-09,5850
6176,瑞儀,228,39,189,統一,2024-04-09,5850
3576,聯合再生,1992,16,1976,統一,2024-04-10,5850
2344,華邦電,1746,76,1670,統一,2024-04-10,5850
00864B,中信美國公債0-1,1569,137,1432,統一,2024-04-10,5850
2882,國泰金,1234,68,1166,統一,2024-04-10,5850
00919,群益台灣精選高息,1156,16,1140,統一,2024-04-10,5850
3260,威剛,2377,1261,1116,統一,2024-04-10,5850
2329,華泰,1183,218,965,統一,2024-04-10,5850
3707,漢磊,1018,151,867,統一,2024-04-10,5850
3231,緯創,1323,488,835,統一,2024-04-10,5850
5371,中光電,1501,723,778,統一,2024-04-10,5850
3036,文曄,578,3,575,統一,2024-04-10,5850
00688L,國泰20年美債正2,506,0,506,統一,2024-04-10,5850
5347,世界,507,61,446,統一,2024-04-10,5850
2504,國產,447,34,413,統一,2024-04-10,5850
00632R,元大台灣50反1,410,5,405,統一,2024-04-10,5850
3013,晟銘電,572,184,388,統一,2024-04-10,5850
3033,威健,383,10,373,統一,2024-04-10,5850
00900,富邦特選高股息30,373,0,373,統一,2024-04-10,5850
00637L,元大滬深300正2,352,10,342,統一,2024-04-10,5850
2393,億光,327,1,326,統一,2024-04-10,5850
2359,所羅門,520,196,324,統一,2024-04-10,5850
6442,光聖,351,37,314,統一,2024-04-10,5850
1907,永豐餘,290,0,290,統一,2024-04-10,5850
2888,新光金,306,26,280,統一,2024-04-10,5850
2204,中華,384,105,279,統一,2024-04-10,5850
6207,雷科,359,83,276,統一,2024-04-10,5850
2408,南亞科,339,66,273,統一,2024-04-10,5850
2303,聯電,848,579,269,統一,2024-04-10,5850
00830,國泰費城半導體,262,0,262,統一,2024-04-10,5850
6285,啟��,251,10,241,統一,2024-04-10,5850
3363,上詮,465,229,236,統一,2024-04-10,5850
2506,太設,233,11,222,統一,2024-04-10,5850
00662,富邦NASDAQ,221,0,221,統一,2024-04-10,5850
2509,全坤建,259,55,204,統一,2024-04-10,5850
5009,榮剛,302,98,204,統一,2024-04-10,5850
3056,富華新,217,15,202,統一,2024-04-10,5850
4960,誠美材,200,0,200,統一,2024-04-10,5850
2645,長榮航太,258,63,195,統一,2024-04-10,5850
6806,森崴能源,230,43,187,統一,2024-04-10,5850
2201,裕隆,180,2,178,統一,2024-04-10,5850
6187,萬潤,171,7,164,統一,2024-04-10,5850
6005,群益證,240,81,159,統一,2024-04-10,5850
6613,朋億*,142,1,141,統一,2024-04-10,5850
6274,台燿,773,636,137,統一,2024-04-10,5850
4550,長佳,132,0,132,統一,2024-04-10,5850
4938,和碩,188,58,130,統一,2024-04-10,5850
6138,茂達,143,16,127,統一,2024-04-10,5850
6472,保瑞,155,29,126,統一,2024-04-10,5850
3686,達能,121,2,119,統一,2024-04-10,5850
00931B,統一美債20年,271,157,114,統一,2024-04-10,5850
2374,佳能,3380,598,2782,統一,2024-04-11,5850
2501,國建,1863,152,1711,統一,2024-04-11,5850
5009,榮剛,1764,101,1663,統一,2024-04-11,5850
2603,長榮,1758,331,1427,統一,2024-04-11,5850
2618,長榮航,2156,888,1268,統一,2024-04-11,5850
2353,宏��,1336,197,1139,統一,2024-04-11,5850
00830,國泰費城半導體,1072,0,1072,統一,2024-04-11,5850
4533,協易機,1356,593,763,統一,2024-04-11,5850
2371,大同,1520,828,692,統一,2024-04-11,5850
2363,矽統,2323,1776,547,統一,2024-04-11,5850
3312,弘憶股,720,201,519,統一,2024-04-11,5850
5347,世界,460,25,435,統一,2024-04-11,5850
2330,台積電,567,154,413,統一,2024-04-11,5850
2834,臺企銀,319,0,319,統一,2024-04-11,5850
00931B,統一美債20年,463,151,312,統一,2024-04-11,5850
2454,聯發科,437,127,310,統一,2024-04-11,5850
1605,華新,461,152,309,統一,2024-04-11,5850
3034,聯詠,333,39,294,統一,2024-04-11,5850
3591,艾笛森,274,0,274,統一,2024-04-11,5850
2506,太設,302,33,269,統一,2024-04-11,5850
1513,中興電,727,463,264,統一,2024-04-11,5850
00696B,富邦美債20年,401,150,251,統一,2024-04-11,5850
2535,達欣工,240,3,237,統一,2024-04-11,5850
3036,文曄,1400,1172,228,統一,2024-04-11,5850
1604,聲寶,219,0,219,統一,2024-04-11,5850
3211,順達,222,7,215,統一,2024-04-11,5850
6139,亞翔,267,53,214,統一,2024-04-11,5850
3484,崧騰,210,5,205,統一,2024-04-11,5850
2884,玉山金,294,94,200,統一,2024-04-11,5850
00934,中信成長高股息,200,0,200,統一,2024-04-11,5850
5871,中租-KY,196,0,196,統一,2024-04-11,5850
5439,高技,254,66,188,統一,2024-04-11,5850
1560,中砂,189,4,185,統一,2024-04-11,5850
2385,群光,213,29,184,統一,2024-04-11,5850
2101,南港,184,10,174,統一,2024-04-11,5850
2010,春源,182,8,174,統一,2024-04-11,5850
6239,力成,218,48,170,統一,2024-04-11,5850
1907,永豐餘,169,0,169,統一,2024-04-11,5850
8155,博智,172,8,164,統一,2024-04-11,5850
2912,統一超,167,5,162,統一,2024-04-11,5850
00862B,中信投資級公司債,160,0,160,統一,2024-04-11,5850
6223,旺矽,209,49,160,統一,2024-04-11,5850
2882,國泰金,204,45,159,統一,2024-04-11,5850
6585,鼎基,207,50,157,統一,2024-04-11,5850
6629,泰金-KY,140,0,140,統一,2024-04-11,5850
3691,碩禾,176,38,138,統一,2024-04-11,5850
6290,良維,344,212,132,統一,2024-04-11,5850
1616,億泰,143,13,130,統一,2024-04-11,5850
3037,欣興,165,37,128,統一,2024-04-11,5850
1319,東陽,144,22,122,統一,2024-04-11,5850
2367,燿華,18924,10798,8126,統一,2024-04-12,5850
2371,大同,7616,4014,3602,統一,2024-04-12,5850
2886,兆豐金,3037,47,2990,統一,2024-04-12,5850
1612,宏泰,1118,39,1079,統一,2024-04-12,5850
2388,威盛,1113,121,992,統一,2024-04-12,5850
1609,大亞,1428,612,816,統一,2024-04-12,5850
3036,文曄,1522,784,738,統一,2024-04-12,5850
00876,元大全球5G,736,0,736,統一,2024-04-12,5850
00662,富邦NASDAQ,643,0,643,統一,2024-04-12,5850
00646,元大S＆P500,613,2,611,統一,2024-04-12,5850
6290,良維,926,321,605,統一,2024-04-12,5850
00861,元大全球未來通訊,601,2,599,統一,2024-04-12,5850
1503,士電,571,55,516,統一,2024-04-12,5850
3707,漢磊,684,191,493,統一,2024-04-12,5850
3017,奇鋐,588,101,487,統一,2024-04-12,5850
6278,台表科,487,10,477,統一,2024-04-12,5850
3711,日月光投控,515,47,468,統一,2024-04-12,5850
1504,東元,861,441,420,統一,2024-04-12,5850
1319,東陽,471,51,420,統一,2024-04-12,5850
00864B,中信美國公債0-1,444,35,409,統一,2024-04-12,5850
4533,協易機,804,423,381,統一,2024-04-12,5850
1795,美時,425,71,354,統一,2024-04-12,5850
1102,亞泥,350,2,348,統一,2024-04-12,5850
3622,洋華,485,158,327,統一,2024-04-12,5850
3034,聯詠,333,55,278,統一,2024-04-12,5850
00878,國泰永續高股息,287,19,268,統一,2024-04-12,5850
3591,艾笛森,258,0,258,統一,2024-04-12,5850
2634,漢翔,315,74,241,統一,2024-04-12,5850
2603,長榮,542,308,234,統一,2024-04-12,5850
2382,廣達,463,231,232,統一,2024-04-12,5850
3260,威剛,359,129,230,統一,2024-04-12,5850
2504,國產,248,37,211,統一,2024-04-12,5850
6223,旺矽,249,57,192,統一,2024-04-12,5850
6415,矽力*-KY,294,104,190,統一,2024-04-12,5850
6505,台塑化,189,1,188,統一,2024-04-12,5850
1608,華榮,348,176,172,統一,2024-04-12,5850
4526,東台,306,136,170,統一,2024-04-12,5850
2101,南港,270,100,170,統一,2024-04-12,5850
2406,國碩,262,106,156,統一,2024-04-12,5850
6284,佳邦,175,23,152,統一,2024-04-12,5850
4909,新復興,174,29,145,統一,2024-04-12,5850
6449,鈺邦,156,13,143,統一,2024-04-12,5850
1815,富喬,185,49,136,統一,2024-04-12,5850
8096,擎亞,310,180,130,統一,2024-04-12,5850
2009,第一銅,195,67,128,統一,2024-04-12,5850
5351,鈺創,323,195,128,統一,2024-04-12,5850
5392,能率,129,6,123,統一,2024-04-12,5850
00795B,中信美國公債20年,122,0,122,統一,2024-04-12,5850
2313,華通,339,217,122,統一,2024-04-12,5850
8069,元太,226,106,120,統一,2024-04-12,5850
1609,大亞,4231,2070,2161,統一,2024-04-15,5850
5009,榮剛,1389,174,1215,統一,2024-04-15,5850
2634,漢翔,1081,645,436,統一,2024-04-15,5850
5371,中光電,523,100,423,統一,2024-04-15,5850
1303,南亞,453,72,381,統一,2024-04-15,5850
2891,中信金,419,39,380,統一,2024-04-15,5850
2206,三陽工業,382,14,368,統一,2024-04-15,5850
1514,亞力,1220,881,339,統一,2024-04-15,5850
2101,南港,394,59,335,統一,2024-04-15,5850
9914,美利達,306,4,302,統一,2024-04-15,5850
2106,建大,295,0,295,統一,2024-04-15,5850
2501,國建,391,111,280,統一,2024-04-15,5850
5534,長虹,275,9,266,統一,2024-04-15,5850
3702,大聯大,294,29,265,統一,2024-04-15,5850
3163,波若威,271,19,252,統一,2024-04-15,5850
8936,國統,267,16,251,統一,2024-04-15,5850
00939,統一台灣高息動能,399,153,246,統一,2024-04-15,5850
4716,大立,230,4,226,統一,2024-04-15,5850
6278,台表科,227,2,225,統一,2024-04-15,5850
3312,弘憶股,547,333,214,統一,2024-04-15,5850
5258,虹堡,226,12,214,統一,2024-04-15,5850
3260,威剛,437,230,207,統一,2024-04-15,5850
00929,復華台灣科技優息,245,51,194,統一,2024-04-15,5850
9934,成霖,194,3,191,統一,2024-04-15,5850
00646,元大S＆P500,188,0,188,統一,2024-04-15,5850
1810,和成,191,8,183,統一,2024-04-15,5850
4938,和碩,222,49,173,統一,2024-04-15,5850
1617,榮星,171,1,170,統一,2024-04-15,5850
1805,寶徠,170,0,170,統一,2024-04-15,5850
4960,誠美材,213,50,163,統一,2024-04-15,5850
00738U,期元大道瓊白銀,160,0,160,統一,2024-04-15,5850
3264,欣銓,160,2,158,統一,2024-04-15,5850
2330,台積電,259,108,151,統一,2024-04-15,5850
4961,天鈺,168,20,148,統一,2024-04-15,5850
6223,旺矽,253,112,141,統一,2024-04-15,5850
00665L,富邦�琤肭磪囓�2,140,0,140,統一,2024-04-15,5850
0050,元大台灣50,149,11,138,統一,2024-04-15,5850
6605,帝寶,135,5,130,統一,2024-04-15,5850
00941,中信上游半導體,151,22,129,統一,2024-04-15,5850
1608,華榮,395,271,124,統一,2024-04-15,5850
020025,統一亞洲半導體N,154,31,123,統一,2024-04-15,5850
8069,元太,141,22,119,統一,2024-04-15,5850
9955,佳龍,123,6,117,統一,2024-04-15,5850
8121,越峰,118,4,114,統一,2024-04-15,5850
2618,長榮航,249,135,114,統一,2024-04-15,5850
2504,國產,151,39,112,統一,2024-04-15,5850
9958,世紀鋼,141,35,106,統一,2024-04-15,5850
2882,國泰金,145,40,105,統一,2024-04-15,5850
8150,南茂,101,0,101,統一,2024-04-15,5850
6016,康和證,112,12,100,統一,2024-04-15,5850
9955,佳龍,1501,23,1478,統一,2024-04-16,5850
2353,宏��,1897,436,1461,統一,2024-04-16,5850
2337,旺宏,1357,73,1284,統一,2024-04-16,5850
2352,佳世達,1291,28,1263,統一,2024-04-16,5850
3702,大聯大,1260,48,1212,統一,2024-04-16,5850
2385,群光,1230,35,1195,統一,2024-04-16,5850
0056,元大高股息,1202,23,1179,統一,2024-04-16,5850
2347,聯強,1140,13,1127,統一,2024-04-16,5850
1617,榮星,1079,51,1028,統一,2024-04-16,5850
00934,中信成長高股息,950,7,943,統一,2024-04-16,5850
00900,富邦特選高股息30,822,13,809,統一,2024-04-16,5850
2449,京元電子,815,39,776,統一,2024-04-16,5850
2303,聯電,985,301,684,統一,2024-04-16,5850
1810,和成,1113,524,589,統一,2024-04-16,5850
00931B,統一美債20年,731,215,516,統一,2024-04-16,5850
4960,誠美材,525,60,465,統一,2024-04-16,5850
2359,所羅門,502,63,439,統一,2024-04-16,5850
00941,中信上游半導體,530,103,427,統一,2024-04-16,5850
6139,亞翔,438,62,376,統一,2024-04-16,5850
2363,矽統,1496,1127,369,統一,2024-04-16,5850
3708,上緯投控,396,52,344,統一,2024-04-16,5850
00632R,元大台灣50反1,1073,730,343,統一,2024-04-16,5850
3591,艾笛森,340,0,340,統一,2024-04-16,5850
00662,富邦NASDAQ,322,0,322,統一,2024-04-16,5850
2501,國建,541,221,320,統一,2024-04-16,5850
2211,長榮鋼,315,11,304,統一,2024-04-16,5850
5009,榮剛,605,318,287,統一,2024-04-16,5850
00885,富邦越南,289,4,285,統一,2024-04-16,5850
3293,鈊象,283,4,279,統一,2024-04-16,5850
2103,台橡,241,7,234,統一,2024-04-16,5850
1795,美時,483,261,222,統一,2024-04-16,5850
5258,虹堡,284,66,218,統一,2024-04-16,5850
3466,德晉,216,0,216,統一,2024-04-16,5850
00646,元大S＆P500,214,1,213,統一,2024-04-16,5850
6005,群益證,228,26,202,統一,2024-04-16,5850
1102,亞泥,200,0,200,統一,2024-04-16,5850
020030,統一智慧電動車N,199,7,192,統一,2024-04-16,5850
00891,中信關鍵半導體,406,215,191,統一,2024-04-16,5850
2618,長榮航,376,186,190,統一,2024-04-16,5850
00665L,富邦�琤肭磪囓�2,182,0,182,統一,2024-04-16,5850
020031,統一IC設計臺灣N,245,66,179,統一,2024-04-16,5850
2504,國產,211,33,178,統一,2024-04-16,5850
3005,神基,217,40,177,統一,2024-04-16,5850
2401,凌陽,214,42,172,統一,2024-04-16,5850
8155,博智,179,9,170,統一,2024-04-16,5850
6187,萬潤,183,17,166,統一,2024-04-16,5850
8028,昇陽半導體,165,0,165,統一,2024-04-16,5850
9921,巨大,186,27,159,統一,2024-04-16,5850
00917,中信特選金融,154,3,151,統一,2024-04-16,5850
2465,麗臺,173,26,147,統一,2024-04-16,5850
2371,大同,6026,1701,4325,統一,2024-04-17,5850
2329,華泰,4173,54,4119,統一,2024-04-17,5850
1612,宏泰,4185,113,4072,統一,2024-04-17,5850
2891,中信金,5012,1235,3777,統一,2024-04-17,5850
1608,華榮,3316,103,3213,統一,2024-04-17,5850
1609,大亞,3677,1094,2583,統一,2024-04-17,5850
2501,國建,1592,60,1532,統一,2024-04-17,5850
5512,力麒,1313,62,1251,統一,2024-04-17,5850
6125,廣運,1130,197,933,統一,2024-04-17,5850
2465,麗臺,745,16,729,統一,2024-04-17,5850
2317,鴻海,1559,907,652,統一,2024-04-17,5850
2374,佳能,589,16,573,統一,2024-04-17,5850
3707,漢磊,547,67,480,統一,2024-04-17,5850
1603,華電,467,18,449,統一,2024-04-17,5850
00878,國泰永續高股息,554,106,448,統一,2024-04-17,5850
00712,復華富時不動產,352,0,352,統一,2024-04-17,5850
6116,彩晶,344,6,338,統一,2024-04-17,5850
1503,士電,433,116,317,統一,2024-04-17,5850
5258,虹堡,306,23,283,統一,2024-04-17,5850
3016,嘉晶,282,3,279,統一,2024-04-17,5850
3036,文曄,364,89,275,統一,2024-04-17,5850
9910,豐泰,256,6,250,統一,2024-04-17,5850
8054,安國,789,539,250,統一,2024-04-17,5850
6264,富裔,244,0,244,統一,2024-04-17,5850
3017,奇鋐,418,189,229,統一,2024-04-17,5850
5515,建國,226,6,220,統一,2024-04-17,5850
2208,台船,200,3,197,統一,2024-04-17,5850
6167,久正,181,0,181,統一,2024-04-17,5850
6526,達發,195,18,177,統一,2024-04-17,5850
00929,復華台灣科技優息,172,9,163,統一,2024-04-17,5850
3037,欣興,328,170,158,統一,2024-04-17,5850
6278,台表科,165,11,154,統一,2024-04-17,5850
2303,聯電,254,101,153,統一,2024-04-17,5850
00725B,國泰投資級公司債,179,26,153,統一,2024-04-17,5850
4956,光鋐,147,0,147,統一,2024-04-17,5850
3708,上緯投控,266,128,138,統一,2024-04-17,5850
00632R,元大台灣50反1,151,20,131,統一,2024-04-17,5850
8936,國統,136,10,126,統一,2024-04-17,5850
6223,旺矽,162,40,122,統一,2024-04-17,5850
9958,世紀鋼,222,101,121,統一,2024-04-17,5850
00719B,元大美債1-3,120,0,120,統一,2024-04-17,5850
3339,泰谷,129,10,119,統一,2024-04-17,5850
1616,億泰,128,20,108,統一,2024-04-17,5850
00650L,復華香港正2,303,197,106,統一,2024-04-17,5850
2855,統一證,106,0,106,統一,2024-04-17,5850
6290,良維,133,28,105,統一,2024-04-17,5850
2388,威盛,184,80,104,統一,2024-04-17,5850
3296,勝德,124,24,100,統一,2024-04-17,5850
1102,亞泥,102,3,99,統一,2024-04-17,5850
5230,雷笛克光學,97,0,97,統一,2024-04-17,5850
5512,力麒,13878,5529,8349,統一,2024-04-18,5850
5521,工信,2106,88,2018,統一,2024-04-18,5850
2618,長榮航,1975,181,1794,統一,2024-04-18,5850
2515,中工,2694,1380,1314,統一,2024-04-18,5850
2356,英業達,1437,130,1307,統一,2024-04-18,5850
00934,中信成長高股息,1292,0,1292,統一,2024-04-18,5850
00679B,元大美債20年,1031,1,1030,統一,2024-04-18,5850
3033,威健,1019,3,1016,統一,2024-04-18,5850
2504,國產,1040,169,871,統一,2024-04-18,5850
00900,富邦特選高股息30,824,0,824,統一,2024-04-18,5850
2511,太子,744,2,742,統一,2024-04-18,5850
3708,上緯投控,705,123,582,統一,2024-04-18,5850
5534,長虹,559,65,494,統一,2024-04-18,5850
3036,文曄,555,80,475,統一,2024-04-18,5850
8473,山林水,482,15,467,統一,2024-04-18,5850
2317,鴻海,1217,769,448,統一,2024-04-18,5850
8415,大國鋼,408,0,408,統一,2024-04-18,5850
1603,華電,1218,845,373,統一,2024-04-18,5850
3481,群創,608,237,371,統一,2024-04-18,5850
8996,高力,422,55,367,統一,2024-04-18,5850
6176,瑞儀,373,21,352,統一,2024-04-18,5850
5251,天鉞電,365,15,350,統一,2024-04-18,5850
00885,富邦越南,321,1,320,統一,2024-04-18,5850
5009,榮剛,556,251,305,統一,2024-04-18,5850
1453,大將,297,15,282,統一,2024-04-18,5850
2501,國建,355,79,276,統一,2024-04-18,5850
2537,聯上發,367,93,274,統一,2024-04-18,5850
2634,漢翔,406,133,273,統一,2024-04-18,5850
3017,奇鋐,530,269,261,統一,2024-04-18,5850
2516,新建,235,7,228,統一,2024-04-18,5850
8210,勤誠,241,23,218,統一,2024-04-18,5850
3013,晟銘電,546,336,210,統一,2024-04-18,5850
4768,晶呈科技,269,61,208,統一,2024-04-18,5850
00738U,期元大道瓊白銀,190,0,190,統一,2024-04-18,5850
4157,太景*-KY,208,20,188,統一,2024-04-18,5850
00830,國泰費城半導體,172,0,172,統一,2024-04-18,5850
00708L,期元大S＆P黃金正2,165,0,165,統一,2024-04-18,5850
3703,欣陸,174,9,165,統一,2024-04-18,5850
5289,宜鼎,149,1,148,統一,2024-04-18,5850
2327,國巨,151,3,148,統一,2024-04-18,5850
2101,南港,153,7,146,統一,2024-04-18,5850
2409,友達,308,164,144,統一,2024-04-18,5850
2009,第一銅,240,101,139,統一,2024-04-18,5850
00715L,期街口布蘭特正2,139,0,139,統一,2024-04-18,5850
2404,漢唐,163,27,136,統一,2024-04-18,5850
6121,新普,144,9,135,統一,2024-04-18,5850
3489,森寶,134,0,134,統一,2024-04-18,5850
9919,康那香,132,0,132,統一,2024-04-18,5850
6790,永豐實,130,0,130,統一,2024-04-18,5850
5876,上海商銀,135,15,120,統一,2024-04-18,5850
2371,大同,8429,4078,4351,統一,2024-04-19,5850
00795B,中信美國公債20年,1999,60,1939,統一,2024-04-19,5850
2504,國產,1135,97,1038,統一,2024-04-19,5850
6005,群益證,1071,188,883,統一,2024-04-19,5850
00891,中信關鍵半導體,537,4,533,統一,2024-04-19,5850
00878,國泰永續高股息,959,455,504,統一,2024-04-19,5850
1618,合機,840,347,493,統一,2024-04-19,5850
2301,光寶科,560,87,473,統一,2024-04-19,5850
00885,富邦越南,473,1,472,統一,2024-04-19,5850
00923,群益台ESG低碳50,475,11,464,統一,2024-04-19,5850
6143,振曜,918,466,452,統一,2024-04-19,5850
8936,國統,872,427,445,統一,2024-04-19,5850
1503,士電,604,179,425,統一,2024-04-19,5850
2027,大成鋼,424,5,419,統一,2024-04-19,5850
00929,復華台灣科技優息,619,208,411,統一,2024-04-19,5850
2101,南港,555,145,410,統一,2024-04-19,5850
3708,上緯投控,813,423,390,統一,2024-04-19,5850
1617,榮星,500,114,386,統一,2024-04-19,5850
1102,亞泥,355,15,340,統一,2024-04-19,5850
2634,漢翔,875,543,332,統一,2024-04-19,5850
00680L,元大美債20正2,1478,1151,327,統一,2024-04-19,5850
020031,統一IC設計臺灣N,591,264,327,統一,2024-04-19,5850
2363,矽統,1191,885,306,統一,2024-04-19,5850
00738U,期元大道瓊白銀,290,0,290,統一,2024-04-19,5850
3322,建舜電,296,6,290,統一,2024-04-19,5850
00932,兆豐永續高息等權,316,50,266,統一,2024-04-19,5850
00687B,國泰20年美債,320,55,265,統一,2024-04-19,5850
00917,中信特選金融,405,156,249,統一,2024-04-19,5850
2501,國建,325,88,237,統一,2024-04-19,5850
00927,群益半導體收益,341,124,217,統一,2024-04-19,5850
00645,富邦日本,214,0,214,統一,2024-04-19,5850
2801,彰銀,213,0,213,統一,2024-04-19,5850
6264,富裔,200,0,200,統一,2024-04-19,5850
9910,豐泰,202,3,199,統一,2024-04-19,5850
00881,國泰台灣5G+,247,50,197,統一,2024-04-19,5850
2543,皇昌,221,30,191,統一,2024-04-19,5850
00931B,統一美債20年,2662,2480,182,統一,2024-04-19,5850
5251,天鉞電,204,26,178,統一,2024-04-19,5850
00853B,統一美債10年Aa-,750,579,171,統一,2024-04-19,5850
9902,台火,164,0,164,統一,2024-04-19,5850
2609,陽明,358,198,160,統一,2024-04-19,5850
6805,富世達,170,13,157,統一,2024-04-19,5850
4967,十銓,165,10,155,統一,2024-04-19,5850
1616,億泰,189,34,155,統一,2024-04-19,5850
2359,所羅門,308,161,147,統一,2024-04-19,5850
5388,中磊,169,26,143,統一,2024-04-19,5850
6139,亞翔,204,62,142,統一,2024-04-19,5850
00905,FT臺灣Smart,141,0,141,統一,2024-04-19,5850
5876,上海商銀,155,16,139,統一,2024-04-19,5850
3294,英濟,145,7,138,統一,2024-04-19,5850
2515,中工,24743,14551,10192,統一,2024-04-22,5850
2618,長榮航,5948,573,5375,統一,2024-04-22,5850
2501,國建,3689,314,3375,統一,2024-04-22,5850
2867,三商壽,1686,1,1685,統一,2024-04-22,5850
2547,日勝生,1738,215,1523,統一,2024-04-22,5850
2520,冠德,2440,979,1461,統一,2024-04-22,5850
5521,工信,1633,492,1141,統一,2024-04-22,5850
2845,遠東銀,610,13,597,統一,2024-04-22,5850
0050,元大台灣50,568,19,549,統一,2024-04-22,5850
2534,宏盛,423,11,412,統一,2024-04-22,5850
00650L,復華香港正2,606,202,404,統一,2024-04-22,5850
00713,元大台灣高息低波,400,5,395,統一,2024-04-22,5850
2363,矽統,1002,615,387,統一,2024-04-22,5850
1532,勤美,381,11,370,統一,2024-04-22,5850
00934,中信成長高股息,356,0,356,統一,2024-04-22,5850
00891,中信關鍵半導體,406,50,356,統一,2024-04-22,5850
1907,永豐餘,363,10,353,統一,2024-04-22,5850
9945,潤泰新,333,26,307,統一,2024-04-22,5850
6213,聯茂,452,146,306,統一,2024-04-22,5850
2903,遠百,605,313,292,統一,2024-04-22,5850
5531,鄉林,301,15,286,統一,2024-04-22,5850
00929,復華台灣科技優息,286,14,272,統一,2024-04-22,5850
2204,中華,355,122,233,統一,2024-04-22,5850
2506,太設,233,3,230,統一,2024-04-22,5850
6176,瑞儀,221,2,219,統一,2024-04-22,5850
2379,瑞昱,234,15,219,統一,2024-04-22,5850
2511,太子,1304,1087,217,統一,2024-04-22,5850
6415,矽力*-KY,225,9,216,統一,2024-04-22,5850
2206,三陽工業,229,17,212,統一,2024-04-22,5850
3034,聯詠,259,58,201,統一,2024-04-22,5850
2454,聯發科,220,22,198,統一,2024-04-22,5850
4915,致伸,201,21,180,統一,2024-04-22,5850
1440,南紡,184,5,179,統一,2024-04-22,5850
2359,所羅門,488,315,173,統一,2024-04-22,5850
2324,仁寶,259,88,171,統一,2024-04-22,5850
2548,華固,241,71,170,統一,2024-04-22,5850
9902,台火,178,10,168,統一,2024-04-22,5850
00632R,元大台灣50反1,552,400,152,統一,2024-04-22,5850
4533,協易機,170,25,145,統一,2024-04-22,5850
2509,全坤建,231,92,139,統一,2024-04-22,5850
2377,微星,152,14,138,統一,2024-04-22,5850
5530,龍巖,138,1,137,統一,2024-04-22,5850
3313,斐成,135,0,135,統一,2024-04-22,5850
1457,宜進,164,32,132,統一,2024-04-22,5850
00908,富邦入息REITs+,140,12,128,統一,2024-04-22,5850
3297,杭特,126,1,125,統一,2024-04-22,5850
5516,雙喜,127,6,121,統一,2024-04-22,5850
4919,新唐,220,102,118,統一,2024-04-22,5850
5324,士開,203,85,118,統一,2024-04-22,5850
6278,台表科,118,2,116,統一,2024-04-22,5850
2618,長榮航,11417,920,10497,統一,2024-04-23,5850
2206,三陽工業,1157,84,1073,統一,2024-04-23,5850
2101,南港,1128,223,905,統一,2024-04-23,5850
8150,南茂,327,1,326,統一,2024-04-23,5850
1617,榮星,316,10,306,統一,2024-04-23,5850
6125,廣運,490,185,305,統一,2024-04-23,5850
00738U,期元大道瓊白銀,268,0,268,統一,2024-04-23,5850
3481,群創,555,301,254,統一,2024-04-23,5850
2890,永豐金,325,85,240,統一,2024-04-23,5850
9914,美利達,198,1,197,統一,2024-04-23,5850
2534,宏盛,205,16,189,統一,2024-04-23,5850
4716,大立,182,3,179,統一,2024-04-23,5850
6147,頎邦,173,0,173,統一,2024-04-23,5850
6274,台燿,314,149,165,統一,2024-04-23,5850
1476,儒鴻,149,5,144,統一,2024-04-23,5850
3686,達能,163,22,141,統一,2024-04-23,5850
2731,雄獅,236,99,137,統一,2024-04-23,5850
1608,華榮,287,152,135,統一,2024-04-23,5850
1504,東元,211,77,134,統一,2024-04-23,5850
4402,郡都開發,125,0,125,統一,2024-04-23,5850
9955,佳龍,121,2,119,統一,2024-04-23,5850
6283,淳安,116,3,113,統一,2024-04-23,5850
4938,和碩,108,3,105,統一,2024-04-23,5850
6585,鼎基,278,177,101,統一,2024-04-23,5850
1773,勝一,100,0,100,統一,2024-04-23,5850
8085,福華,126,27,99,統一,2024-04-23,5850
2385,群光,102,6,96,統一,2024-04-23,5850
2383,台光電,140,45,95,統一,2024-04-23,5850
00864B,中信美國公債0-1,93,0,93,統一,2024-04-23,5850
1514,亞力,121,31,90,統一,2024-04-23,5850
2887,台新金,89,0,89,統一,2024-04-23,5850
2603,長榮,473,387,86,統一,2024-04-23,5850
6213,聯茂,169,86,83,統一,2024-04-23,5850
00929,復華台灣科技優息,113,34,79,統一,2024-04-23,5850
2540,愛山林,86,7,79,統一,2024-04-23,5850
5530,龍巖,77,0,77,統一,2024-04-23,5850
6605,帝寶,76,2,74,統一,2024-04-23,5850
2449,京元電子,359,286,73,統一,2024-04-23,5850
4967,十銓,76,3,73,統一,2024-04-23,5850
2303,聯電,85,19,66,統一,2024-04-23,5850
6491,晶碩,65,0,65,統一,2024-04-23,5850
00941,中信上游半導體,64,0,64,統一,2024-04-23,5850
4160,訊聯基因,63,0,63,統一,2024-04-23,5850
6128,上福,64,1,63,統一,2024-04-23,5850
2374,佳能,2246,2184,62,統一,2024-04-23,5850
2527,宏璟,64,4,60,統一,2024-04-23,5850
00915,凱基優選高股息30,60,1,59,統一,2024-04-23,5850
2345,智邦,61,4,57,統一,2024-04-23,5850
3060,銘異,59,2,57,統一,2024-04-23,5850
2405,輔信,56,0,56,統一,2024-04-23,5850
2618,長榮航,8682,2814,5868,統一,2024-04-24,5850
2317,鴻海,3980,497,3483,統一,2024-04-24,5850
2409,友達,2126,206,1920,統一,2024-04-24,5850
3033,威健,1385,5,1380,統一,2024-04-24,5850
8210,勤誠,1224,115,1109,統一,2024-04-24,5850
3481,群創,1282,391,891,統一,2024-04-24,5850
6462,神盾,881,16,865,統一,2024-04-24,5850
6197,佳必琪,856,7,849,統一,2024-04-24,5850
3013,晟銘電,729,78,651,統一,2024-04-24,5850
1909,榮成,640,5,635,統一,2024-04-24,5850
3045,台灣大,758,128,630,統一,2024-04-24,5850
2206,三陽工業,952,346,606,統一,2024-04-24,5850
4532,瑞智,808,223,585,統一,2024-04-24,5850
6127,九豪,501,0,501,統一,2024-04-24,5850
6548,長科*,514,14,500,統一,2024-04-24,5850
2412,中華電,806,308,498,統一,2024-04-24,5850
5230,雷笛克光學,508,22,486,統一,2024-04-24,5850
6188,廣明,472,10,462,統一,2024-04-24,5850
3037,欣興,472,44,428,統一,2024-04-24,5850
2504,國產,426,8,418,統一,2024-04-24,5850
2329,華泰,411,20,391,統一,2024-04-24,5850
8070,長華*,372,11,361,統一,2024-04-24,5850
2204,中華,378,23,355,統一,2024-04-24,5850
00861,元大全球未來通訊,351,0,351,統一,2024-04-24,5850
5251,天鉞電,350,2,348,統一,2024-04-24,5850
4303,信立,391,59,332,統一,2024-04-24,5850
6449,鈺邦,335,10,325,統一,2024-04-24,5850
3231,緯創,560,264,296,統一,2024-04-24,5850
00931B,統一美債20年,237,0,237,統一,2024-04-24,5850
2731,雄獅,248,27,221,統一,2024-04-24,5850
2486,一詮,334,114,220,統一,2024-04-24,5850
2610,華航,654,434,220,統一,2024-04-24,5850
00929,復華台灣科技優息,241,33,208,統一,2024-04-24,5850
1102,亞泥,204,6,198,統一,2024-04-24,5850
2449,京元電子,217,23,194,統一,2024-04-24,5850
2356,英業達,298,107,191,統一,2024-04-24,5850
3017,奇鋐,338,149,189,統一,2024-04-24,5850
00885,富邦越南,198,10,188,統一,2024-04-24,5850
8069,元太,197,13,184,統一,2024-04-24,5850
2049,上銀,197,16,181,統一,2024-04-24,5850
4716,大立,178,0,178,統一,2024-04-24,5850
6282,康舒,179,10,169,統一,2024-04-24,5850
6213,聯茂,206,42,164,統一,2024-04-24,5850
00679B,元大美債20年,200,40,160,統一,2024-04-24,5850
4562,穎漢,150,0,150,統一,2024-04-24,5850
3260,威剛,154,8,146,統一,2024-04-24,5850
6274,台燿,426,282,144,統一,2024-04-24,5850
6125,廣運,592,448,144,統一,2024-04-24,5850
3042,晶技,140,0,140,統一,2024-04-24,5850
3686,達能,153,16,137,統一,2024-04-24,5850
2303,聯電,4571,124,4447,統一,2024-04-25,5850
1440,南紡,2166,158,2008,統一,2024-04-25,5850
2206,三陽工業,1214,155,1059,統一,2024-04-25,5850
00937B,群益ESG投等債20,745,1,744,統一,2024-04-25,5850
2515,中工,3990,3314,676,統一,2024-04-25,5850
5530,龍巖,590,1,589,統一,2024-04-25,5850
2884,玉山金,761,198,563,統一,2024-04-25,5850
1609,大亞,769,247,522,統一,2024-04-25,5850
2103,台橡,480,0,480,統一,2024-04-25,5850
2809,京城銀,471,5,466,統一,2024-04-25,5850
2891,中信金,430,33,397,統一,2024-04-25,5850
3264,欣銓,352,4,348,統一,2024-04-25,5850
8069,元太,319,4,315,統一,2024-04-25,5850
00632R,元大台灣50反1,909,619,290,統一,2024-04-25,5850
2449,京元電子,272,26,246,統一,2024-04-25,5850
6552,易華電,242,3,239,統一,2024-04-25,5850
2634,漢翔,307,80,227,統一,2024-04-25,5850
2406,國碩,220,0,220,統一,2024-04-25,5850
2408,南亞科,237,18,219,統一,2024-04-25,5850
9939,宏全,215,12,203,統一,2024-04-25,5850
6177,達麗,201,3,198,統一,2024-04-25,5850
2201,裕隆,196,3,193,統一,2024-04-25,5850
3017,奇鋐,534,349,185,統一,2024-04-25,5850
4714,永捷,192,8,184,統一,2024-04-25,5850
3036,文曄,232,49,183,統一,2024-04-25,5850
1617,榮星,241,70,171,統一,2024-04-25,5850
3363,上詮,247,81,166,統一,2024-04-25,5850
1725,元禎,167,3,164,統一,2024-04-25,5850
2543,皇昌,180,21,159,統一,2024-04-25,5850
3312,弘憶股,186,28,158,統一,2024-04-25,5850
5009,榮剛,160,6,154,統一,2024-04-25,5850
00651R,復華香港反1,150,0,150,統一,2024-04-25,5850
3163,波若威,150,5,145,統一,2024-04-25,5850
1605,華新,157,22,135,統一,2024-04-25,5850
1503,士電,170,46,124,統一,2024-04-25,5850
00673R,期元大S＆P原油反1,120,0,120,統一,2024-04-25,5850
00637L,元大滬深300正2,133,14,119,統一,2024-04-25,5850
3234,光環,129,12,117,統一,2024-04-25,5850
2458,義隆,146,36,110,統一,2024-04-25,5850
6264,富裔,127,21,106,統一,2024-04-25,5850
5425,台半,105,1,104,統一,2024-04-25,5850
3260,威剛,135,31,104,統一,2024-04-25,5850
2645,長榮航太,102,3,99,統一,2024-04-25,5850
2010,春源,117,18,99,統一,2024-04-25,5850
8996,高力,192,95,97,統一,2024-04-25,5850
6414,樺漢,101,9,92,統一,2024-04-25,5850
2313,華通,129,37,92,統一,2024-04-25,5850
3653,健策,106,15,91,統一,2024-04-25,5850
3034,聯詠,108,20,88,統一,2024-04-25,5850
00931B,統一美債20年,87,1,86,統一,2024-04-25,5850
2609,陽明,5756,1620,4136,統一,2024-04-26,5850
2323,中環,4193,79,4114,統一,2024-04-26,5850
2618,長榮航,6152,2104,4048,統一,2024-04-26,5850
2486,一詮,1250,427,823,統一,2024-04-26,5850
2611,志信,1228,507,721,統一,2024-04-26,5850
2409,友達,1005,312,693,統一,2024-04-26,5850
1587,吉茂,786,94,692,統一,2024-04-26,5850
5531,鄉林,663,16,647,統一,2024-04-26,5850
00633L,富邦上証正2,640,5,635,統一,2024-04-26,5850
2603,長榮,990,374,616,統一,2024-04-26,5850
00917,中信特選金融,599,23,576,統一,2024-04-26,5850
2501,國建,1028,478,550,統一,2024-04-26,5850
3289,宜特,551,121,430,統一,2024-04-26,5850
6215,和椿,456,51,405,統一,2024-04-26,5850
1907,永豐餘,395,0,395,統一,2024-04-26,5850
8234,新漢,556,164,392,統一,2024-04-26,5850
1736,喬山,387,6,381,統一,2024-04-26,5850
2313,華通,475,96,379,統一,2024-04-26,5850
2308,台達電,406,39,367,統一,2024-04-26,5850
2101,南港,722,378,344,統一,2024-04-26,5850
2536,宏普,343,14,329,統一,2024-04-26,5850
6005,群益證,309,8,301,統一,2024-04-26,5850
2317,鴻海,826,525,301,統一,2024-04-26,5850
00648R,元大S＆P500反1,300,0,300,統一,2024-04-26,5850
00679B,元大美債20年,429,130,299,統一,2024-04-26,5850
2520,冠德,694,397,297,統一,2024-04-26,5850
5371,中光電,514,221,293,統一,2024-04-26,5850
6125,廣運,959,670,289,統一,2024-04-26,5850
3481,群創,926,638,288,統一,2024-04-26,5850
3017,奇鋐,683,409,274,統一,2024-04-26,5850
3466,德晉,290,29,261,統一,2024-04-26,5850
3363,上詮,680,427,253,統一,2024-04-26,5850
1459,聯發,252,0,252,統一,2024-04-26,5850
1808,潤隆,243,1,242,統一,2024-04-26,5850
2066,世德,424,187,237,統一,2024-04-26,5850
2345,智邦,235,4,231,統一,2024-04-26,5850
020033,統一�琤肮黕篾,212,9,203,統一,2024-04-26,5850
6197,佳必琪,282,81,201,統一,2024-04-26,5850
8210,勤誠,478,278,200,統一,2024-04-26,5850
00632R,元大台灣50反1,190,0,190,統一,2024-04-26,5850
9945,潤泰新,283,93,190,統一,2024-04-26,5850
3312,弘憶股,230,41,189,統一,2024-04-26,5850
6143,振曜,293,117,176,統一,2024-04-26,5850
2348,海悅,184,11,173,統一,2024-04-26,5850
6806,森崴能源,170,5,165,統一,2024-04-26,5850
2383,台光電,285,125,160,統一,2024-04-26,5850
3324,雙鴻,394,233,161,統一,2024-04-26,5850
2615,萬海,358,200,158,統一,2024-04-26,5850
2382,廣達,312,157,155,統一,2024-04-26,5850
4967,十銓,251,102,149,統一,2024-04-26,5850
2891,中信金,6355,1264,5091,統一,2024-04-29,5850
1314,中石化,2205,54,2151,統一,2024-04-29,5850
3363,上詮,2163,73,2090,統一,2024-04-29,5850
8096,擎亞,1946,16,1930,統一,2024-04-29,5850
2882,國泰金,1632,96,1536,統一,2024-04-29,5850
2501,國建,1810,491,1319,統一,2024-04-29,5850
5512,力麒,1385,191,1194,統一,2024-04-29,5850
2537,聯上發,1237,68,1169,統一,2024-04-29,5850
6005,群益證,1002,3,999,統一,2024-04-29,5850
3266,昇陽,846,40,806,統一,2024-04-29,5850
5009,榮剛,832,116,716,統一,2024-04-29,5850
2880,華南金,674,7,667,統一,2024-04-29,5850
2383,台光電,605,64,541,統一,2024-04-29,5850
5530,龍巖,541,10,531,統一,2024-04-29,5850
2887,台新金,511,3,508,統一,2024-04-29,5850
00633L,富邦上証正2,503,2,501,統一,2024-04-29,5850
2317,鴻海,1332,832,500,統一,2024-04-29,5850
4760,勤凱,570,72,498,統一,2024-04-29,5850
1903,士紙,490,5,485,統一,2024-04-29,5850
1532,勤美,551,104,447,統一,2024-04-29,5850
5213,亞昕,408,7,401,統一,2024-04-29,5850
2206,三陽工業,471,113,358,統一,2024-04-29,5850
2540,愛山林,350,4,346,統一,2024-04-29,5850
6143,振曜,382,55,327,統一,2024-04-29,5850
2363,矽統,907,584,323,統一,2024-04-29,5850
2888,新光金,405,88,317,統一,2024-04-29,5850
2603,長榮,853,571,282,統一,2024-04-29,5850
2913,農林,565,293,272,統一,2024-04-29,5850
3234,光環,302,41,261,統一,2024-04-29,5850
1413,宏洲,251,0,251,統一,2024-04-29,5850
6177,達麗,306,70,236,統一,2024-04-29,5850
1617,榮星,243,13,230,統一,2024-04-29,5850
5522,遠雄,213,5,208,統一,2024-04-29,5850
3679,新至陞,227,31,196,統一,2024-04-29,5850
2885,元大金,233,43,190,統一,2024-04-29,5850
5347,世界,272,93,179,統一,2024-04-29,5850
2442,新美齊,203,36,167,統一,2024-04-29,5850
2527,宏璟,185,22,163,統一,2024-04-29,5850
1316,上曜,475,315,160,統一,2024-04-29,5850
00673R,期元大S＆P原油反1,160,0,160,統一,2024-04-29,5850
00632R,元大台灣50反1,163,10,153,統一,2024-04-29,5850
2884,玉山金,219,70,149,統一,2024-04-29,5850
1216,統一,150,2,148,統一,2024-04-29,5850
4994,傳奇,145,0,145,統一,2024-04-29,5850
6585,鼎基,149,6,143,統一,2024-04-29,5850
6207,雷科,216,75,141,統一,2024-04-29,5850
3056,富華新,161,24,137,統一,2024-04-29,5850
0050,元大台灣50,141,6,135,統一,2024-04-29,5850
6451,訊芯-KY,146,12,134,統一,2024-04-29,5850
5534,長虹,133,1,132,統一,2024-04-29,5850
00795B,中信美國公債20年,3751,0,3751,統一,2024-04-30,5850
9904,寶成,2000,13,1987,統一,2024-04-30,5850
5009,榮剛,1694,424,1270,統一,2024-04-30,5850
3264,欣銓,1265,5,1260,統一,2024-04-30,5850
6147,頎邦,1258,81,1177,統一,2024-04-30,5850
6442,光聖,1000,15,985,統一,2024-04-30,5850
1102,亞泥,914,5,909,統一,2024-04-30,5850
3715,定穎投控,1024,126,898,統一,2024-04-30,5850
5347,世界,1035,143,892,統一,2024-04-30,5850
4526,東台,997,115,882,統一,2024-04-30,5850
2618,長榮航,2974,2099,875,統一,2024-04-30,5850
2401,凌陽,1046,181,865,統一,2024-04-30,5850
4739,康普,815,2,813,統一,2024-04-30,5850
6177,達麗,874,82,792,統一,2024-04-30,5850
6274,台燿,723,148,575,統一,2024-04-30,5850
3711,日月光投控,537,49,488,統一,2024-04-30,5850
2383,台光電,523,47,476,統一,2024-04-30,5850
1216,統一,473,20,453,統一,2024-04-30,5850
2474,可成,424,10,414,統一,2024-04-30,5850
3034,聯詠,442,37,405,統一,2024-04-30,5850
2002,中鋼,362,3,359,統一,2024-04-30,5850
3413,京鼎,380,40,340,統一,2024-04-30,5850
3081,聯亞,339,32,307,統一,2024-04-30,5850
2103,台橡,300,0,300,統一,2024-04-30,5850
2439,美律,306,26,280,統一,2024-04-30,5850
1459,聯發,272,0,272,統一,2024-04-30,5850
4721,美琪瑪,256,0,256,統一,2024-04-30,5850
2345,智邦,267,23,244,統一,2024-04-30,5850
1609,大亞,466,223,243,統一,2024-04-30,5850
2363,矽統,629,388,241,統一,2024-04-30,5850
00908,富邦入息REITs+,240,0,240,統一,2024-04-30,5850
2455,全新,270,31,239,統一,2024-04-30,5850
6805,富世達,290,62,228,統一,2024-04-30,5850
2748,雲品,210,7,203,統一,2024-04-30,5850
6121,新普,217,20,197,統一,2024-04-30,5850
3466,德晉,212,19,193,統一,2024-04-30,5850
2330,台積電,438,250,188,統一,2024-04-30,5850
2027,大成鋼,182,0,182,統一,2024-04-30,5850
2527,宏璟,349,167,182,統一,2024-04-30,5850
4968,立積,221,40,181,統一,2024-04-30,5850
8936,國統,202,50,152,統一,2024-04-30,5850
5530,龍巖,150,0,150,統一,2024-04-30,5850
5371,中光電,446,297,149,統一,2024-04-30,5850
1815,富喬,166,17,149,統一,2024-04-30,5850
6770,力積電,145,0,145,統一,2024-04-30,5850
4915,致伸,334,193,141,統一,2024-04-30,5850
2367,燿華,145,9,136,統一,2024-04-30,5850
00673R,期元大S＆P原油反1,128,0,128,統一,2024-04-30,5850
2360,致茂,133,11,122,統一,2024-04-30,5850
2313,華通,183,61,122,統一,2024-04-30,5850
5512,力麒,23608,12088,11520,統一,2024-05-02,5850
8096,擎亞,7228,158,7070,統一,2024-05-02,5850
2618,長榮航,6889,1466,5423,統一,2024-05-02,5850
2303,聯電,5150,151,4999,統一,2024-05-02,5850
9945,潤泰新,13870,9306,4564,統一,2024-05-02,5850
2890,永豐金,1500,1,1499,統一,2024-05-02,5850
5009,榮剛,1809,470,1339,統一,2024-05-02,5850
2382,廣達,1421,228,1193,統一,2024-05-02,5850
2371,大同,1573,453,1120,統一,2024-05-02,5850
2353,宏��,1112,66,1046,統一,2024-05-02,5850
5531,鄉林,1002,9,993,統一,2024-05-02,5850
9904,寶成,1523,557,966,統一,2024-05-02,5850
4303,信立,872,0,872,統一,2024-05-02,5850
2880,華南金,1163,329,834,統一,2024-05-02,5850
2352,佳世達,820,18,802,統一,2024-05-02,5850
2337,旺宏,849,64,785,統一,2024-05-02,5850
5519,隆大,818,56,762,統一,2024-05-02,5850
1532,勤美,898,208,690,統一,2024-05-02,5850
00830,國泰費城半導體,640,6,634,統一,2024-05-02,5850
2884,玉山金,560,7,553,統一,2024-05-02,5850
2206,三陽工業,636,84,552,統一,2024-05-02,5850
2615,萬海,752,206,546,統一,2024-05-02,5850
2313,華通,598,55,543,統一,2024-05-02,5850
2882,國泰金,720,224,496,統一,2024-05-02,5850
2301,光寶科,507,24,483,統一,2024-05-02,5850
00917,中信特選金融,536,100,436,統一,2024-05-02,5850
2852,第一保,531,101,430,統一,2024-05-02,5850
4958,臻鼎-KY,418,3,415,統一,2024-05-02,5850
1736,喬山,384,5,379,統一,2024-05-02,5850
2330,台積電,482,154,328,統一,2024-05-02,5850
2889,國票金,310,0,310,統一,2024-05-02,5850
2542,興富發,401,94,307,統一,2024-05-02,5850
2903,遠百,329,26,303,統一,2024-05-02,5850
2515,中工,811,546,265,統一,2024-05-02,5850
1319,東陽,316,64,252,統一,2024-05-02,5850
6147,頎邦,228,1,227,統一,2024-05-02,5850
1808,潤隆,223,5,218,統一,2024-05-02,5850
2610,華航,292,75,217,統一,2024-05-02,5850
5213,亞昕,220,5,215,統一,2024-05-02,5850
00673R,期元大S＆P原油反1,225,15,210,統一,2024-05-02,5850
2543,皇昌,236,28,208,統一,2024-05-02,5850
2449,京元電子,245,44,201,統一,2024-05-02,5850
4938,和碩,260,64,196,統一,2024-05-02,5850
2308,台達電,255,66,189,統一,2024-05-02,5850
5324,士開,187,0,187,統一,2024-05-02,5850
2634,漢翔,241,55,186,統一,2024-05-02,5850
4919,新唐,185,3,182,統一,2024-05-02,5850
2101,南港,313,152,161,統一,2024-05-02,5850
2383,台光電,291,131,160,統一,2024-05-02,5850
3715,定穎投控,319,164,155,統一,2024-05-02,5850
2511,太子,3535,165,3370,統一,2024-05-03,5850
1587,吉茂,2677,3,2674,統一,2024-05-03,5850
5347,世界,2652,402,2250,統一,2024-05-03,5850
6668,中揚光,2127,14,2113,統一,2024-05-03,5850
2891,中信金,2237,135,2102,統一,2024-05-03,5850
00700,富邦�琤肭磪�,1000,0,1000,統一,2024-05-03,5850
2618,長榮航,6663,5703,960,統一,2024-05-03,5850
6257,矽格,926,13,913,統一,2024-05-03,5850
6191,精成科,860,14,846,統一,2024-05-03,5850
2409,友達,763,108,655,統一,2024-05-03,5850
00688L,國泰20年美債正2,604,2,602,統一,2024-05-03,5850
4303,信立,587,1,586,統一,2024-05-03,5850
3045,台灣大,523,2,521,統一,2024-05-03,5850
2486,一詮,1091,576,515,統一,2024-05-03,5850
00864B,中信美國公債0-1,506,10,496,統一,2024-05-03,5850
3265,台星科,505,23,482,統一,2024-05-03,5850
020033,統一�琤肮黕篾,487,8,479,統一,2024-05-03,5850
2545,皇翔,579,102,477,統一,2024-05-03,5850
2201,裕隆,755,280,475,統一,2024-05-03,5850
6269,台郡,533,60,473,統一,2024-05-03,5850
3014,聯陽,444,3,441,統一,2024-05-03,5850
1903,士紙,463,29,434,統一,2024-05-03,5850
1440,南紡,536,107,429,統一,2024-05-03,5850
2880,華南金,430,34,396,統一,2024-05-03,5850
6451,訊芯-KY,435,64,371,統一,2024-05-03,5850
3227,原相,315,5,310,統一,2024-05-03,5850
5522,遠雄,440,131,309,統一,2024-05-03,5850
2889,國票金,315,6,309,統一,2024-05-03,5850
6177,達麗,368,60,308,統一,2024-05-03,5850
00720B,元大投資級公司債,310,14,296,統一,2024-05-03,5850
6143,振曜,341,54,287,統一,2024-05-03,5850
6213,聯茂,305,27,278,統一,2024-05-03,5850
6230,尼得科超眾,240,7,233,統一,2024-05-03,5850
6192,巨路,228,0,228,統一,2024-05-03,5850
00751B,元大AAA至A公司債,207,0,207,統一,2024-05-03,5850
00931B,統一美債20年,207,7,200,統一,2024-05-03,5850
2474,可成,202,4,198,統一,2024-05-03,5850
2382,廣達,277,80,197,統一,2024-05-03,5850
6442,光聖,514,331,183,統一,2024-05-03,5850
2327,國巨,227,48,179,統一,2024-05-03,5850
3466,德晉,337,160,177,統一,2024-05-03,5850
1102,亞泥,171,3,168,統一,2024-05-03,5850
8299,群聯,180,16,164,統一,2024-05-03,5850
3090,日電貿,176,12,164,統一,2024-05-03,5850
2867,三商壽,161,1,160,統一,2024-05-03,5850
3594,磐儀,150,0,150,統一,2024-05-03,5850
6446,藥華藥,151,8,143,統一,2024-05-03,5850
6284,佳邦,164,21,143,統一,2024-05-03,5850
3236,千如,137,0,137,統一,2024-05-03,5850
3313,斐成,135,2,133,統一,2024-05-03,5850
2486,一詮,5329,1831,3498,統一,2024-05-06,5850
2367,燿華,3860,584,3276,統一,2024-05-06,5850
2303,聯電,3271,178,3093,統一,2024-05-06,5850
3363,上詮,2488,232,2256,統一,2024-05-06,5850
2884,玉山金,2251,25,2226,統一,2024-05-06,5850
2317,鴻海,2437,633,1804,統一,2024-05-06,5850
2408,南亞科,1831,99,1732,統一,2024-05-06,5850
2880,華南金,1784,294,1490,統一,2024-05-06,5850
00700,富邦�琤肭磪�,1000,0,1000,統一,2024-05-06,5850
020030,統一智慧電動車N,847,16,831,統一,2024-05-06,5850
2851,中再保,602,12,590,統一,2024-05-06,5850
4915,致伸,578,15,563,統一,2024-05-06,5850
1582,信錦,694,179,515,統一,2024-05-06,5850
00662,富邦NASDAQ,500,0,500,統一,2024-05-06,5850
020025,統一亞洲半導體N,470,1,469,統一,2024-05-06,5850
2618,長榮航,2457,2000,457,統一,2024-05-06,5850
3013,晟銘電,603,169,434,統一,2024-05-06,5850
2330,台積電,461,79,382,統一,2024-05-06,5850
2451,創見,317,6,311,統一,2024-05-06,5850
00646,元大S＆P500,301,3,298,統一,2024-05-06,5850
2382,廣達,428,141,287,統一,2024-05-06,5850
8096,擎亞,670,383,287,統一,2024-05-06,5850
2891,中信金,1218,934,284,統一,2024-05-06,5850
3163,波若威,370,94,276,統一,2024-05-06,5850
00687B,國泰20年美債,283,12,271,統一,2024-05-06,5850
2351,順德,263,0,263,統一,2024-05-06,5850
2025,千興,253,0,253,統一,2024-05-06,5850
2883,凱基金,367,121,246,統一,2024-05-06,5850
2371,大同,472,230,242,統一,2024-05-06,5850
2228,劍麟,233,11,222,統一,2024-05-06,5850
4961,天鈺,285,66,219,統一,2024-05-06,5850
8069,元太,226,9,217,統一,2024-05-06,5850
3017,奇鋐,323,107,216,統一,2024-05-06,5850
00908,富邦入息REITs+,246,30,216,統一,2024-05-06,5850
2008,高興昌,217,5,212,統一,2024-05-06,5850
00706L,期元大S＆P日圓正2,200,0,200,統一,2024-05-06,5850
2731,雄獅,197,19,178,統一,2024-05-06,5850
6138,茂達,174,0,174,統一,2024-05-06,5850
00632R,元大台灣50反1,516,346,170,統一,2024-05-06,5850
00650L,復華香港正2,206,37,169,統一,2024-05-06,5850
6757,台灣虎航,174,10,164,統一,2024-05-06,5850
2888,新光金,339,176,163,統一,2024-05-06,5850
5508,永信建,188,26,162,統一,2024-05-06,5850
020033,統一�琤肮黕篾,163,1,162,統一,2024-05-06,5850
00931B,統一美債20年,161,1,160,統一,2024-05-06,5850
6282,康舒,171,16,155,統一,2024-05-06,5850
2353,宏��,257,104,153,統一,2024-05-06,5850
4562,穎漢,152,0,152,統一,2024-05-06,5850
2637,慧洋-KY,215,65,150,統一,2024-05-06,5850
4979,華星光,163,16,147,統一,2024-05-06,5850
2374,佳能,6219,128,6091,統一,2024-05-07,5850
2338,光罩,4478,9,4469,統一,2024-05-07,5850
2609,陽明,2529,525,2004,統一,2024-05-07,5850
00878,國泰永續高股息,5147,3263,1884,統一,2024-05-07,5850
3033,威健,1745,433,1312,統一,2024-05-07,5850
00646,元大S＆P500,1262,2,1260,統一,2024-05-07,5850
2317,鴻海,2216,1024,1192,統一,2024-05-07,5850
2891,中信金,2041,1036,1005,統一,2024-05-07,5850
020031,統一IC設計臺灣N,885,28,857,統一,2024-05-07,5850
020033,統一�琤肮黕篾,882,80,802,統一,2024-05-07,5850
00795B,中信美國公債20年,601,20,581,統一,2024-05-07,5850
2603,長榮,627,142,485,統一,2024-05-07,5850
6215,和椿,472,10,462,統一,2024-05-07,5850
2330,台積電,531,88,443,統一,2024-05-07,5850
1608,華榮,548,143,405,統一,2024-05-07,5850
00722B,群益投資級電信債,1290,900,390,統一,2024-05-07,5850
1609,大亞,464,112,352,統一,2024-05-07,5850
00662,富邦NASDAQ,350,0,350,統一,2024-05-07,5850
6269,台郡,379,35,344,統一,2024-05-07,5850
5230,雷笛克光學,339,11,328,統一,2024-05-07,5850
6290,良維,306,21,285,統一,2024-05-07,5850
4909,新復興,288,11,277,統一,2024-05-07,5850
4967,十銓,428,161,267,統一,2024-05-07,5850
6585,鼎基,297,37,260,統一,2024-05-07,5850
6117,迎廣,328,70,258,統一,2024-05-07,5850
2880,華南金,302,49,253,統一,2024-05-07,5850
4933,友輝,299,69,230,統一,2024-05-07,5850
3045,台灣大,310,83,227,統一,2024-05-07,5850
8277,商丞,226,5,221,統一,2024-05-07,5850
5213,亞昕,232,20,212,統一,2024-05-07,5850
6443,元晶,224,12,212,統一,2024-05-07,5850
1616,億泰,250,43,207,統一,2024-05-07,5850
6546,正基,231,26,205,統一,2024-05-07,5850
020011,統一微波高息20N,200,0,200,統一,2024-05-07,5850
4303,信立,261,66,195,統一,2024-05-07,5850
2851,中再保,200,20,180,統一,2024-05-07,5850
2406,國碩,182,10,172,統一,2024-05-07,5850
1615,大山,169,0,169,統一,2024-05-07,5850
3260,威剛,365,204,161,統一,2024-05-07,5850
6552,易華電,173,15,158,統一,2024-05-07,5850
2615,萬海,215,57,158,統一,2024-05-07,5850
9924,福興,221,66,155,統一,2024-05-07,5850
6914,阜爾運通,186,38,148,統一,2024-05-07,5850
2527,宏璟,158,11,147,統一,2024-05-07,5850
5234,達興材料,142,3,139,統一,2024-05-07,5850
6207,雷科,430,291,139,統一,2024-05-07,5850
2376,技嘉,216,81,135,統一,2024-05-07,5850
00772B,中信高評級公司債,153,21,132,統一,2024-05-07,5850
6834,天二科技,129,3,126,統一,2024-05-07,5850
4968,立積,156,31,125,統一,2024-05-07,5850
2891,中信金,7627,842,6785,統一,2024-05-08,5850
2367,燿華,5190,476,4714,統一,2024-05-08,5850
00937B,群益ESG投等債20,7191,4013,3178,統一,2024-05-08,5850
2606,裕民,6354,4986,1368,統一,2024-05-08,5850
00673R,期元大S＆P原油反1,1008,0,1008,統一,2024-05-08,5850
00724B,群益投資級金融債,1016,128,888,統一,2024-05-08,5850
2617,台航,907,94,813,統一,2024-05-08,5850
2317,鴻海,1174,487,687,統一,2024-05-08,5850
2520,冠德,898,317,581,統一,2024-05-08,5850
2201,裕隆,716,165,551,統一,2024-05-08,5850
2501,國建,911,375,536,統一,2024-05-08,5850
2363,矽統,600,179,421,統一,2024-05-08,5850
3376,新日興,576,164,412,統一,2024-05-08,5850
3078,僑威,397,1,396,統一,2024-05-08,5850
6191,精成科,419,25,394,統一,2024-05-08,5850
3260,威剛,541,148,393,統一,2024-05-08,5850
2303,聯電,401,31,370,統一,2024-05-08,5850
3037,欣興,400,36,364,統一,2024-05-08,5850
2371,大同,883,530,353,統一,2024-05-08,5850
2376,技嘉,667,342,325,統一,2024-05-08,5850
3014,聯陽,321,0,321,統一,2024-05-08,5850
1815,富喬,402,94,308,統一,2024-05-08,5850
3596,智易,317,21,296,統一,2024-05-08,5850
00929,復華台灣科技優息,438,149,289,統一,2024-05-08,5850
8928,鉅明,286,0,286,統一,2024-05-08,5850
00650L,復華香港正2,315,39,276,統一,2024-05-08,5850
2006,東和鋼鐵,269,0,269,統一,2024-05-08,5850
00945B,凱基美國非投等債,268,0,268,統一,2024-05-08,5850
2609,陽明,810,544,266,統一,2024-05-08,5850
2382,廣達,346,83,263,統一,2024-05-08,5850
2103,台橡,255,0,255,統一,2024-05-08,5850
6257,矽格,259,14,245,統一,2024-05-08,5850
8096,擎亞,540,307,233,統一,2024-05-08,5850
6278,台表科,227,5,222,統一,2024-05-08,5850
2101,南港,633,419,214,統一,2024-05-08,5850
2356,英業達,316,113,203,統一,2024-05-08,5850
00632R,元大台灣50反1,206,5,201,統一,2024-05-08,5850
5258,虹堡,201,4,197,統一,2024-05-08,5850
5014,建錩,198,1,197,統一,2024-05-08,5850
00772B,中信高評級公司債,199,10,189,統一,2024-05-08,5850
3483,力致,213,26,187,統一,2024-05-08,5850
00932,兆豐永續高息等權,178,0,178,統一,2024-05-08,5850
8938,明安,174,2,172,統一,2024-05-08,5850
2330,台積電,273,114,159,統一,2024-05-08,5850
1513,中興電,234,75,159,統一,2024-05-08,5850
0050,元大台灣50,161,6,155,統一,2024-05-08,5850
3686,達能,148,1,147,統一,2024-05-08,5850
1503,士電,182,38,144,統一,2024-05-08,5850
1609,大亞,384,242,142,統一,2024-05-08,5850
00773B,中信優先金融債,140,0,140,統一,2024-05-08,5850
2609,陽明,7241,847,6394,統一,2024-05-09,5850
00946,群益科技高息成長,9458,4666,4792,統一,2024-05-09,5850
2303,聯電,1262,93,1169,統一,2024-05-09,5850
2105,正新,1001,10,991,統一,2024-05-09,5850
2881,富邦金,892,87,805,統一,2024-05-09,5850
00700,富邦�琤肭磪�,800,0,800,統一,2024-05-09,5850
2888,新光金,1066,451,615,統一,2024-05-09,5850
1614,三洋電,614,3,611,統一,2024-05-09,5850
4960,誠美材,758,194,564,統一,2024-05-09,5850
00908,富邦入息REITs+,460,0,460,統一,2024-05-09,5850
00679B,元大美債20年,428,22,406,統一,2024-05-09,5850
6147,頎邦,383,1,382,統一,2024-05-09,5850
6274,台燿,591,213,378,統一,2024-05-09,5850
3013,晟銘電,3924,3573,351,統一,2024-05-09,5850
2882,國泰金,466,124,342,統一,2024-05-09,5850
4949,有成精密,322,0,322,統一,2024-05-09,5850
6269,台郡,320,2,318,統一,2024-05-09,5850
2501,國建,569,252,317,統一,2024-05-09,5850
1446,宏和,431,118,313,統一,2024-05-09,5850
1809,中釉,372,64,308,統一,2024-05-09,5850
2103,台橡,320,12,308,統一,2024-05-09,5850
2889,國票金,312,5,307,統一,2024-05-09,5850
020031,統一IC設計臺灣N,306,34,272,統一,2024-05-09,5850
3466,德晉,344,82,262,統一,2024-05-09,5850
1102,亞泥,251,0,251,統一,2024-05-09,5850
3711,日月光投控,294,44,250,統一,2024-05-09,5850
8924,大田,245,0,245,統一,2024-05-09,5850
2317,鴻海,1325,1087,238,統一,2024-05-09,5850
2603,長榮,452,221,231,統一,2024-05-09,5850
3376,新日興,457,228,229,統一,2024-05-09,5850
6191,精成科,306,86,220,統一,2024-05-09,5850
2330,台積電,262,47,215,統一,2024-05-09,5850
6538,倉和,259,46,213,統一,2024-05-09,5850
00864B,中信美國公債0-1,202,20,182,統一,2024-05-09,5850
2543,皇昌,374,192,182,統一,2024-05-09,5850
020030,統一智慧電動車N,188,11,177,統一,2024-05-09,5850
4903,聯光通,170,0,170,統一,2024-05-09,5850
9802,鈺齊-KY,168,2,166,統一,2024-05-09,5850
4303,信立,179,17,162,統一,2024-05-09,5850
2537,聯上發,229,73,156,統一,2024-05-09,5850
00931B,統一美債20年,152,0,152,統一,2024-05-09,5850
2393,億光,157,6,151,統一,2024-05-09,5850
2897,王道銀行,150,0,150,統一,2024-05-09,5850
2880,華南金,177,27,150,統一,2024-05-09,5850
2504,國產,152,3,149,統一,2024-05-09,5850
3044,健鼎,229,81,148,統一,2024-05-09,5850
00929,復華台灣科技優息,161,13,148,統一,2024-05-09,5850
00673R,期元大S＆P原油反1,143,0,143,統一,2024-05-09,5850
1101,台泥,159,18,141,統一,2024-05-09,5850
00934,中信成長高股息,138,0,138,統一,2024-05-09,5850
2618,長榮航,14778,2021,12757,統一,2024-05-10,5850
2609,陽明,9834,5266,4568,統一,2024-05-10,5850
2303,聯電,4255,59,4196,統一,2024-05-10,5850
2603,長榮,3108,1139,1969,統一,2024-05-10,5850
00665L,富邦�琤肭磪囓�2,2000,234,1766,統一,2024-05-10,5850
2610,華航,2226,1135,1091,統一,2024-05-10,5850
2882,國泰金,1373,367,1006,統一,2024-05-10,5850
2891,中信金,1136,208,928,統一,2024-05-10,5850
2886,兆豐金,833,31,802,統一,2024-05-10,5850
1102,亞泥,1024,224,800,統一,2024-05-10,5850
00687B,國泰20年美債,672,2,670,統一,2024-05-10,5850
8112,至上,1125,587,538,統一,2024-05-10,5850
2637,慧洋-KY,598,76,522,統一,2024-05-10,5850
2615,萬海,1322,853,469,統一,2024-05-10,5850
2867,三商壽,407,8,399,統一,2024-05-10,5850
3303,岱稜,395,0,395,統一,2024-05-10,5850
2731,雄獅,423,41,382,統一,2024-05-10,5850
6283,淳安,384,6,378,統一,2024-05-10,5850
00680L,元大美債20正2,477,113,364,統一,2024-05-10,5850
2201,裕隆,567,225,342,統一,2024-05-10,5850
1795,美時,388,56,332,統一,2024-05-10,5850
00931B,統一美債20年,805,493,312,統一,2024-05-10,5850
5530,龍巖,275,0,275,統一,2024-05-10,5850
4960,誠美材,307,33,274,統一,2024-05-10,5850
2520,冠德,618,358,260,統一,2024-05-10,5850
3231,緯創,387,138,249,統一,2024-05-10,5850
2356,英業達,472,234,238,統一,2024-05-10,5850
6538,倉和,250,33,217,統一,2024-05-10,5850
1446,宏和,318,114,204,統一,2024-05-10,5850
00632R,元大台灣50反1,206,15,191,統一,2024-05-10,5850
2330,台積電,254,74,180,統一,2024-05-10,5850
2606,裕民,374,201,173,統一,2024-05-10,5850
2881,富邦金,270,98,172,統一,2024-05-10,5850
4903,聯光通,175,8,167,統一,2024-05-10,5850
3706,神達,201,35,166,統一,2024-05-10,5850
8093,保銳,163,2,161,統一,2024-05-10,5850
00752,中信中國50,160,2,158,統一,2024-05-10,5850
00917,中信特選金融,156,2,154,統一,2024-05-10,5850
2515,中工,177,29,148,統一,2024-05-10,5850
020031,統一IC設計臺灣N,150,9,141,統一,2024-05-10,5850
2323,中環,158,27,131,統一,2024-05-10,5850
1532,勤美,134,5,129,統一,2024-05-10,5850
2527,宏璟,133,4,129,統一,2024-05-10,5850
3260,威剛,284,163,121,統一,2024-05-10,5850
2883,凱基金,254,136,118,統一,2024-05-10,5850
5522,遠雄,257,139,118,統一,2024-05-10,5850
00637L,元大滬深300正2,190,74,116,統一,2024-05-10,5850
5871,中租-KY,118,4,114,統一,2024-05-10,5850
4909,新復興,164,57,107,統一,2024-05-10,5850
00929,復華台灣科技優息,173,70,103,統一,2024-05-10,5850
2610,華航,2655,527,2128,統一,2024-05-13,5850
2603,長榮,2678,769,1909,統一,2024-05-13,5850
2374,佳能,1630,98,1532,統一,2024-05-13,5850
2520,冠德,1167,133,1034,統一,2024-05-13,5850
2915,潤泰全,1118,176,942,統一,2024-05-13,5850
00673R,期元大S＆P原油反1,720,20,700,統一,2024-05-13,5850
2211,長榮鋼,606,7,599,統一,2024-05-13,5850
00646,元大S＆P500,572,0,572,統一,2024-05-13,5850
00632R,元大台灣50反1,543,61,482,統一,2024-05-13,5850
9958,世紀鋼,462,92,370,統一,2024-05-13,5850
00931B,統一美債20年,382,15,367,統一,2024-05-13,5850
1522,堤維西,474,147,327,統一,2024-05-13,5850
2615,萬海,1310,989,321,統一,2024-05-13,5850
2501,國建,461,151,310,統一,2024-05-13,5850
8210,勤誠,442,144,298,統一,2024-05-13,5850
9945,潤泰新,376,79,297,統一,2024-05-13,5850
8155,博智,294,37,257,統一,2024-05-13,5850
5475,德宏,213,2,211,統一,2024-05-13,5850
2613,中櫃,215,5,210,統一,2024-05-13,5850
8069,元太,227,28,199,統一,2024-05-13,5850
4562,穎漢,783,587,196,統一,2024-05-13,5850
2406,國碩,535,341,194,統一,2024-05-13,5850
8112,至上,263,69,194,統一,2024-05-13,5850
8932,智通*,201,13,188,統一,2024-05-13,5850
3466,德晉,186,12,174,統一,2024-05-13,5850
3047,訊舟,186,13,173,統一,2024-05-13,5850
4716,大立,171,1,170,統一,2024-05-13,5850
2731,雄獅,228,58,170,統一,2024-05-13,5850
2444,兆勁,170,1,169,統一,2024-05-13,5850
020030,統一智慧電動車N,165,1,164,統一,2024-05-13,5850
6449,鈺邦,177,16,161,統一,2024-05-13,5850
3520,華盈,155,0,155,統一,2024-05-13,5850
2101,南港,157,4,153,統一,2024-05-13,5850
00637L,元大滬深300正2,145,2,143,統一,2024-05-13,5850
3060,銘異,161,23,138,統一,2024-05-13,5850
9904,寶成,139,5,134,統一,2024-05-13,5850
2392,正崴,164,30,134,統一,2024-05-13,5850
3202,樺晟,130,0,130,統一,2024-05-13,5850
2363,矽統,290,162,128,統一,2024-05-13,5850
9912,偉聯,127,0,127,統一,2024-05-13,5850
6506,雙邦,128,1,127,統一,2024-05-13,5850
3338,泰碩,126,1,125,統一,2024-05-13,5850
2605,新興,294,170,124,統一,2024-05-13,5850
00900,富邦特選高股息30,120,0,120,統一,2024-05-13,5850
6664,群翊,122,7,115,統一,2024-05-13,5850
020033,統一�琤肮黕篾,127,13,114,統一,2024-05-13,5850
6230,尼得科超眾,209,95,114,統一,2024-05-13,5850
00934,中信成長高股息,110,0,110,統一,2024-05-13,5850
3013,晟銘電,194,86,108,統一,2024-05-13,5850
00650L,復華香港正2,106,0,106,統一,2024-05-13,5850
2367,燿華,13943,4251,9692,統一,2024-05-14,5850
2303,聯電,7225,110,7115,統一,2024-05-14,5850
2362,藍天,3213,657,2556,統一,2024-05-14,5850
2356,英業達,2017,286,1731,統一,2024-05-14,5850
00940,元大台灣價值高息,1726,25,1701,統一,2024-05-14,5850
5608,四維航,1871,212,1659,統一,2024-05-14,5850
2609,陽明,8608,7158,1450,統一,2024-05-14,5850
2353,宏��,1662,379,1283,統一,2024-05-14,5850
2880,華南金,1003,2,1001,統一,2024-05-14,5850
2891,中信金,890,16,874,統一,2024-05-14,5850
2606,裕民,1057,314,743,統一,2024-05-14,5850
2363,矽統,1341,607,734,統一,2024-05-14,5850
6125,廣運,1062,418,644,統一,2024-05-14,5850
00646,元大S＆P500,512,0,512,統一,2024-05-14,5850
2382,廣達,715,245,470,統一,2024-05-14,5850
2615,萬海,3070,2637,433,統一,2024-05-14,5850
2501,國建,452,73,379,統一,2024-05-14,5850
2313,華通,375,38,337,統一,2024-05-14,5850
3042,晶技,303,4,299,統一,2024-05-14,5850
1319,東陽,310,26,284,統一,2024-05-14,5850
3706,神達,442,160,282,統一,2024-05-14,5850
2645,長榮航太,284,7,277,統一,2024-05-14,5850
6274,台燿,323,87,236,統一,2024-05-14,5850
1560,中砂,236,3,233,統一,2024-05-14,5850
2357,華碩,299,79,220,統一,2024-05-14,5850
00673R,期元大S＆P原油反1,215,0,215,統一,2024-05-14,5850
00687B,國泰20年美債,422,209,213,統一,2024-05-14,5850
3406,玉晶光,219,35,184,統一,2024-05-14,5850
9914,美利達,175,14,161,統一,2024-05-14,5850
00650L,復華香港正2,223,62,161,統一,2024-05-14,5850
2603,長榮,1841,1688,153,統一,2024-05-14,5850
2605,新興,768,620,148,統一,2024-05-14,5850
3483,力致,163,23,140,統一,2024-05-14,5850
2634,漢翔,201,62,139,統一,2024-05-14,5850
00680L,元大美債20正2,214,80,134,統一,2024-05-14,5850
2359,所羅門,699,566,133,統一,2024-05-14,5850
5871,中租-KY,189,67,122,統一,2024-05-14,5850
2354,鴻準,133,13,120,統一,2024-05-14,5850
020025,統一亞洲半導體N,114,0,114,統一,2024-05-14,5850
1815,富喬,193,80,113,統一,2024-05-14,5850
3036,文曄,151,42,109,統一,2024-05-14,5850
5371,中光電,182,75,107,統一,2024-05-14,5850
8906,花王,100,0,100,統一,2024-05-14,5850
00917,中信特選金融,100,0,100,統一,2024-05-14,5850
5876,上海商銀,108,9,99,統一,2024-05-14,5850
00688L,國泰20年美債正2,100,2,98,統一,2024-05-14,5850
2465,麗臺,106,10,96,統一,2024-05-14,5850
2476,鉅祥,234,139,95,統一,2024-05-14,5850
3466,德晉,100,6,94,統一,2024-05-14,5850
3490,單井,102,8,94,統一,2024-05-14,5850
00940,元大台灣價值高息,4902,15,4887,統一,2024-05-15,5850
2883,凱基金,4184,298,3886,統一,2024-05-15,5850
00688L,國泰20年美債正2,3422,215,3207,統一,2024-05-15,5850
2362,藍天,4538,1820,2718,統一,2024-05-15,5850
5392,能率,1348,27,1321,統一,2024-05-15,5850
2331,精英,1164,180,984,統一,2024-05-15,5850
2374,佳能,868,97,771,統一,2024-05-15,5850
3466,德晉,787,55,732,統一,2024-05-15,5850
2363,矽統,2520,1919,601,統一,2024-05-15,5850
9945,潤泰新,771,183,588,統一,2024-05-15,5850
00632R,元大台灣50反1,583,0,583,統一,2024-05-15,5850
2313,華通,701,134,567,統一,2024-05-15,5850
2412,中華電,648,160,488,統一,2024-05-15,5850
00944,野村趨勢動能高息,872,387,485,統一,2024-05-15,5850
00830,國泰費城半導體,465,1,464,統一,2024-05-15,5850
00917,中信特選金融,462,0,462,統一,2024-05-15,5850
2409,友達,708,304,404,統一,2024-05-15,5850
00753L,中信中國50正2,400,0,400,統一,2024-05-15,5850
2882,國泰金,679,295,384,統一,2024-05-15,5850
00919,群益台灣精選高息,1468,1108,360,統一,2024-05-15,5850
2885,元大金,360,12,348,統一,2024-05-15,5850
9904,寶成,362,49,313,統一,2024-05-15,5850
2889,國票金,305,6,299,統一,2024-05-15,5850
00795B,中信美國公債20年,300,3,297,統一,2024-05-15,5850
3689,湧德,409,113,296,統一,2024-05-15,5850
2891,中信金,345,53,292,統一,2024-05-15,5850
8210,勤誠,274,16,258,統一,2024-05-15,5850
2540,愛山林,251,10,241,統一,2024-05-15,5850
5258,虹堡,452,219,233,統一,2024-05-15,5850
00764B,群益25年美債,3012,2802,210,統一,2024-05-15,5850
6138,茂達,223,15,208,統一,2024-05-15,5850
3360,尚立,184,2,182,統一,2024-05-15,5850
2915,潤泰全,326,165,161,統一,2024-05-15,5850
1532,勤美,235,75,160,統一,2024-05-15,5850
00878,國泰永續高股息,161,5,156,統一,2024-05-15,5850
00931B,統一美債20年,154,0,154,統一,2024-05-15,5850
2884,玉山金,183,37,146,統一,2024-05-15,5850
6274,台燿,262,121,141,統一,2024-05-15,5850
8358,金居,331,199,132,統一,2024-05-15,5850
020030,統一智慧電動車N,133,1,132,統一,2024-05-15,5850
8071,能率網通,185,53,132,統一,2024-05-15,5850
4549,桓達,131,0,131,統一,2024-05-15,5850
1522,堤維西,219,97,122,統一,2024-05-15,5850
00665L,富邦�琤肭磪囓�2,120,0,120,統一,2024-05-15,5850
2392,正崴,157,39,118,統一,2024-05-15,5850
2344,華邦電,136,19,117,統一,2024-05-15,5850
00908,富邦入息REITs+,116,0,116,統一,2024-05-15,5850
2359,所羅門,241,126,115,統一,2024-05-15,5850
6785,昱展新藥,116,2,114,統一,2024-05-15,5850
2002,中鋼,125,12,113,統一,2024-05-15,5850
00940,元大台灣價值高息,13108,62,13046,統一,2024-05-16,5850
2867,三商壽,2775,74,2701,統一,2024-05-16,5850
2834,臺企銀,2206,12,2194,統一,2024-05-16,5850
00933B,國泰10Y+金融債,1867,12,1855,統一,2024-05-16,5850
2489,瑞軒,1827,122,1705,統一,2024-05-16,5850
2881,富邦金,1874,400,1474,統一,2024-05-16,5850
8070,長華*,1123,4,1119,統一,2024-05-16,5850
2618,長榮航,1501,400,1101,統一,2024-05-16,5850
00795B,中信美國公債20年,1050,0,1050,統一,2024-05-16,5850
8089,康全電訊,1032,46,986,統一,2024-05-16,5850
00687B,國泰20年美債,923,8,915,統一,2024-05-16,5850
00939,統一台灣高息動能,2022,1128,894,統一,2024-05-16,5850
3363,上詮,1510,626,884,統一,2024-05-16,5850
2884,玉山金,1019,142,877,統一,2024-05-16,5850
2610,華航,1093,465,628,統一,2024-05-16,5850
00919,群益台灣精選高息,617,68,549,統一,2024-05-16,5850
2882,國泰金,968,436,532,統一,2024-05-16,5850
2615,萬海,730,245,485,統一,2024-05-16,5850
2409,友達,949,494,455,統一,2024-05-16,5850
8071,能率網通,500,49,451,統一,2024-05-16,5850
00646,元大S＆P500,449,0,449,統一,2024-05-16,5850
2417,圓剛,831,392,439,統一,2024-05-16,5850
1587,吉茂,482,47,435,統一,2024-05-16,5850
00679B,元大美債20年,1016,610,406,統一,2024-05-16,5850
2609,陽明,2567,2197,370,統一,2024-05-16,5850
2603,長榮,732,366,366,統一,2024-05-16,5850
00688L,國泰20年美債正2,413,57,356,統一,2024-05-16,5850
2313,華通,616,262,354,統一,2024-05-16,5850
00720B,元大投資級公司債,355,10,345,統一,2024-05-16,5850
2349,錸德,356,23,333,統一,2024-05-16,5850
2330,台積電,646,340,306,統一,2024-05-16,5850
3450,聯鈞,346,53,293,統一,2024-05-16,5850
2504,國產,340,64,276,統一,2024-05-16,5850
5230,雷笛克光學,272,5,267,統一,2024-05-16,5850
2383,台光電,361,99,262,統一,2024-05-16,5850
00830,國泰費城半導體,260,2,258,統一,2024-05-16,5850
3033,威健,257,2,255,統一,2024-05-16,5850
1532,勤美,329,75,254,統一,2024-05-16,5850
1473,台南,250,5,245,統一,2024-05-16,5850
2514,龍邦,246,12,234,統一,2024-05-16,5850
2317,鴻海,1279,1046,233,統一,2024-05-16,5850
5351,鈺創,453,222,231,統一,2024-05-16,5850
2345,智邦,291,62,229,統一,2024-05-16,5850
6928,攸泰科技,227,1,226,統一,2024-05-16,5850
8463,潤泰材,222,2,220,統一,2024-05-16,5850
00761B,國泰A級公司債,200,0,200,統一,2024-05-16,5850
2357,華碩,376,177,199,統一,2024-05-16,5850
1455,集盛,199,7,192,統一,2024-05-16,5850
3362,先進光,198,13,185,統一,2024-05-16,5850
3324,雙鴻,269,85,184,統一,2024-05-16,5850
00940,元大台灣價值高息,9066,126,8940,統一,2024-05-17,5850
2891,中信金,9252,712,8540,統一,2024-05-17,5850
2303,聯電,6089,209,5880,統一,2024-05-17,5850
2867,三商壽,6534,2525,4009,統一,2024-05-17,5850
3576,聯合再生,3663,427,3236,統一,2024-05-17,5850
3294,英濟,1879,1,1878,統一,2024-05-17,5850
2610,華航,3437,1833,1604,統一,2024-05-17,5850
00715L,期街口布蘭特正2,1235,17,1218,統一,2024-05-17,5850
00933B,國泰10Y+金融債,1096,10,1086,統一,2024-05-17,5850
6005,群益證,925,11,914,統一,2024-05-17,5850
2367,燿華,2482,1653,829,統一,2024-05-17,5850
2520,冠德,825,160,665,統一,2024-05-17,5850
00929,復華台灣科技優息,634,3,631,統一,2024-05-17,5850
00946,群益科技高息成長,527,5,522,統一,2024-05-17,5850
2337,旺宏,496,0,496,統一,2024-05-17,5850
3034,聯詠,467,6,461,統一,2024-05-17,5850
00830,國泰費城半導體,552,94,458,統一,2024-05-17,5850
8071,能率網通,460,5,455,統一,2024-05-17,5850
00662,富邦NASDAQ,403,0,403,統一,2024-05-17,5850
2884,玉山金,622,256,366,統一,2024-05-17,5850
2383,台光電,425,83,342,統一,2024-05-17,5850
00931B,統一美債20年,478,150,328,統一,2024-05-17,5850
00720B,元大投資級公司債,330,11,319,統一,2024-05-17,5850
2881,富邦金,393,78,315,統一,2024-05-17,5850
2102,泰豐,291,10,281,統一,2024-05-17,5850
00772B,中信高評級公司債,305,41,264,統一,2024-05-17,5850
2890,永豐金,353,99,254,統一,2024-05-17,5850
8033,雷虎,263,15,248,統一,2024-05-17,5850
4977,眾達-KY,432,202,230,統一,2024-05-17,5850
2883,凱基金,241,30,211,統一,2024-05-17,5850
6265,方土昶,216,5,211,統一,2024-05-17,5850
6264,富裔,208,0,208,統一,2024-05-17,5850
9912,偉聯,207,0,207,統一,2024-05-17,5850
5522,遠雄,216,11,205,統一,2024-05-17,5850
1799,易威,200,0,200,統一,2024-05-17,5850
1319,東陽,200,6,194,統一,2024-05-17,5850
2731,雄獅,293,100,193,統一,2024-05-17,5850
3033,威健,902,712,190,統一,2024-05-17,5850
3360,尚立,175,2,173,統一,2024-05-17,5850
1326,台化,179,7,172,統一,2024-05-17,5850
3376,新日興,360,193,167,統一,2024-05-17,5850
4976,佳凌,212,46,166,統一,2024-05-17,5850
1815,富喬,226,64,162,統一,2024-05-17,5850
2356,英業達,206,45,161,統一,2024-05-17,5850
00673R,期元大S＆P原油反1,158,0,158,統一,2024-05-17,5850
2449,京元電子,196,47,149,統一,2024-05-17,5850
020030,統一智慧電動車N,152,9,143,統一,2024-05-17,5850
00908,富邦入息REITs+,138,0,138,統一,2024-05-17,5850
2308,台達電,159,26,133,統一,2024-05-17,5850
3483,力致,174,42,132,統一,2024-05-17,5850
00940,元大台灣價值高息,8174,33,8141,統一,2024-05-20,5850
2014,中鴻,2868,20,2848,統一,2024-05-20,5850
2891,中信金,3106,1049,2057,統一,2024-05-20,5850
2027,大成鋼,1821,226,1595,統一,2024-05-20,5850
1605,華新,1944,472,1472,統一,2024-05-20,5850
00943,兆豐電子高息等權,1259,0,1259,統一,2024-05-20,5850
2409,友達,1311,198,1113,統一,2024-05-20,5850
00715L,期街口布蘭特正2,985,15,970,統一,2024-05-20,5850
4533,協易機,1205,349,856,統一,2024-05-20,5850
6125,廣運,1472,633,839,統一,2024-05-20,5850
6005,群益證,660,14,646,統一,2024-05-20,5850
00919,群益台灣精選高息,956,369,587,統一,2024-05-20,5850
2101,南港,710,139,571,統一,2024-05-20,5850
2313,華通,702,171,531,統一,2024-05-20,5850
1102,亞泥,508,7,501,統一,2024-05-20,5850
5426,振發,515,18,497,統一,2024-05-20,5850
00929,復華台灣科技優息,513,26,487,統一,2024-05-20,5850
2392,正崴,1076,643,433,統一,2024-05-20,5850
0050,元大台灣50,406,0,406,統一,2024-05-20,5850
00931B,統一美債20年,435,38,397,統一,2024-05-20,5850
2363,矽統,1267,882,385,統一,2024-05-20,5850
3376,新日興,561,182,379,統一,2024-05-20,5850
2442,新美齊,479,110,369,統一,2024-05-20,5850
00939,統一台灣高息動能,3329,2965,364,統一,2024-05-20,5850
2882,國泰金,369,55,314,統一,2024-05-20,5850
2330,台積電,613,303,310,統一,2024-05-20,5850
00864B,中信美國公債0-1,300,0,300,統一,2024-05-20,5850
00673R,期元大S＆P原油反1,273,0,273,統一,2024-05-20,5850
3483,力致,431,166,265,統一,2024-05-20,5850
2303,聯電,477,237,240,統一,2024-05-20,5850
2007,燁興,225,0,225,統一,2024-05-20,5850
5522,遠雄,224,24,200,統一,2024-05-20,5850
2486,一詮,311,121,190,統一,2024-05-20,5850
5324,士開,185,0,185,統一,2024-05-20,5850
2359,所羅門,931,747,184,統一,2024-05-20,5850
2520,冠德,1165,993,172,統一,2024-05-20,5850
1402,遠東新,270,100,170,統一,2024-05-20,5850
00937B,群益ESG投等債20,275,108,167,統一,2024-05-20,5850
2006,東和鋼鐵,155,1,154,統一,2024-05-20,5850
2615,萬海,215,72,143,統一,2024-05-20,5850
4562,穎漢,136,2,134,統一,2024-05-20,5850
2890,永豐金,467,338,129,統一,2024-05-20,5850
00708L,期元大S＆P黃金正2,128,0,128,統一,2024-05-20,5850
3406,玉晶光,178,54,124,統一,2024-05-20,5850
5388,中磊,145,30,115,統一,2024-05-20,5850
2454,聯發科,149,35,114,統一,2024-05-20,5850
6546,正基,144,30,114,統一,2024-05-20,5850
00900,富邦特選高股息30,111,0,111,統一,2024-05-20,5850
3535,晶彩科,121,17,104,統一,2024-05-20,5850
00720B,元大投資級公司債,102,0,102,統一,2024-05-20,5850
2884,玉山金,4813,247,4566,統一,2024-05-21,5850
1605,華新,3695,1713,1982,統一,2024-05-21,5850
2891,中信金,1971,211,1760,統一,2024-05-21,5850
8110,華東,1700,76,1624,統一,2024-05-21,5850
00943,兆豐電子高息等權,1519,0,1519,統一,2024-05-21,5850
2303,聯電,1902,494,1408,統一,2024-05-21,5850
2353,宏��,1041,24,1017,統一,2024-05-21,5850
2009,第一銅,1120,136,984,統一,2024-05-21,5850
2892,第一金,1146,163,983,統一,2024-05-21,5850
2313,華通,1304,396,908,統一,2024-05-21,5850
2890,永豐金,1283,438,845,統一,2024-05-21,5850
1815,富喬,976,198,778,統一,2024-05-21,5850
00830,國泰費城半導體,796,55,741,統一,2024-05-21,5850
2464,盟立,961,311,650,統一,2024-05-21,5850
6117,迎廣,585,6,579,統一,2024-05-21,5850
5876,上海商銀,553,63,490,統一,2024-05-21,5850
2027,大成鋼,648,161,487,統一,2024-05-21,5850
4543,萬在,504,44,460,統一,2024-05-21,5850
6188,廣明,709,269,440,統一,2024-05-21,5850
9958,世紀鋼,535,149,386,統一,2024-05-21,5850
3005,神基,519,141,378,統一,2024-05-21,5850
2392,正崴,449,84,365,統一,2024-05-21,5850
2489,瑞軒,396,35,361,統一,2024-05-21,5850
4938,和碩,397,37,360,統一,2024-05-21,5850
00900,富邦特選高股息30,352,0,352,統一,2024-05-21,5850
8358,金居,628,276,352,統一,2024-05-21,5850
2354,鴻準,424,140,284,統一,2024-05-21,5850
5230,雷笛克光學,421,147,274,統一,2024-05-21,5850
00673R,期元大S＆P原油反1,270,0,270,統一,2024-05-21,5850
5426,振發,309,47,262,統一,2024-05-21,5850
3305,昇貿,266,18,248,統一,2024-05-21,5850
2809,京城銀,329,87,242,統一,2024-05-21,5850
2634,漢翔,322,87,235,統一,2024-05-21,5850
00937B,群益ESG投等債20,318,88,230,統一,2024-05-21,5850
5475,德宏,226,0,226,統一,2024-05-21,5850
3706,神達,406,180,226,統一,2024-05-21,5850
00929,復華台灣科技優息,412,194,218,統一,2024-05-21,5850
3665,貿聯-KY,243,35,208,統一,2024-05-21,5850
2504,國產,272,66,206,統一,2024-05-21,5850
3338,泰碩,819,616,203,統一,2024-05-21,5850
3376,新日興,307,107,200,統一,2024-05-21,5850
1799,易威,209,13,196,統一,2024-05-21,5850
2395,研華,190,3,187,統一,2024-05-21,5850
00909,國泰數位支付服務,318,136,182,統一,2024-05-21,5850
00939,統一台灣高息動能,1070,890,180,統一,2024-05-21,5850
3702,大聯大,338,160,178,統一,2024-05-21,5850
6282,康舒,188,17,171,統一,2024-05-21,5850
8028,昇陽半導體,231,63,168,統一,2024-05-21,5850
8070,長華*,183,15,168,統一,2024-05-21,5850
00738U,期元大道瓊白銀,168,0,168,統一,2024-05-21,5850
2324,仁寶,4529,1401,3128,統一,2024-05-22,5850
2353,宏��,3687,837,2850,統一,2024-05-22,5850
0056,元大高股息,2030,79,1951,統一,2024-05-22,5850
2317,鴻海,1865,336,1529,統一,2024-05-22,5850
2356,英業達,1616,350,1266,統一,2024-05-22,5850
3481,群創,1528,493,1035,統一,2024-05-22,5850
2303,聯電,2048,1013,1035,統一,2024-05-22,5850
2365,昆盈,1325,429,896,統一,2024-05-22,5850
8104,錸寶,550,0,550,統一,2024-05-22,5850
3338,泰碩,1010,468,542,統一,2024-05-22,5850
00943,兆豐電子高息等權,1198,658,540,統一,2024-05-22,5850
2412,中華電,561,54,507,統一,2024-05-22,5850
2409,友達,976,506,470,統一,2024-05-22,5850
2603,長榮,538,68,470,統一,2024-05-22,5850
3706,神達,680,237,443,統一,2024-05-22,5850
00688L,國泰20年美債正2,402,4,398,統一,2024-05-22,5850
8071,能率網通,558,177,381,統一,2024-05-22,5850
4979,華星光,353,8,345,統一,2024-05-22,5850
6116,彩晶,334,7,327,統一,2024-05-22,5850
00940,元大台灣價值高息,410,84,326,統一,2024-05-22,5850
00944,野村趨勢動能高息,1192,930,262,統一,2024-05-22,5850
2458,義隆,266,14,252,統一,2024-05-22,5850
6188,廣明,957,726,231,統一,2024-05-22,5850
3376,新日興,419,196,223,統一,2024-05-22,5850
8069,元太,225,11,214,統一,2024-05-22,5850
2105,正新,268,55,213,統一,2024-05-22,5850
2308,台達電,242,33,209,統一,2024-05-22,5850
5498,凱崴,225,19,206,統一,2024-05-22,5850
5443,均豪,235,30,205,統一,2024-05-22,5850
2464,盟立,1108,909,199,統一,2024-05-22,5850
2314,台揚,200,2,198,統一,2024-05-22,5850
020031,統一IC設計臺灣N,192,2,190,統一,2024-05-22,5850
1609,大亞,210,22,188,統一,2024-05-22,5850
3360,尚立,244,58,186,統一,2024-05-22,5850
00931B,統一美債20年,185,2,183,統一,2024-05-22,5850
2357,華碩,361,179,182,統一,2024-05-22,5850
2455,全新,183,2,181,統一,2024-05-22,5850
3006,晶豪科,189,14,175,統一,2024-05-22,5850
6546,正基,191,17,174,統一,2024-05-22,5850
6223,旺矽,244,70,174,統一,2024-05-22,5850
6213,聯茂,202,35,167,統一,2024-05-22,5850
4938,和碩,183,18,165,統一,2024-05-22,5850
2354,鴻準,382,222,160,統一,2024-05-22,5850
1516,川飛,165,5,160,統一,2024-05-22,5850
3708,上緯投控,168,9,159,統一,2024-05-22,5850
00673R,期元大S＆P原油反1,157,0,157,統一,2024-05-22,5850
8374,羅昇,153,0,153,統一,2024-05-22,5850
2465,麗臺,227,80,147,統一,2024-05-22,5850
00757,統一FANG+,144,0,144,統一,2024-05-22,5850
6209,今國光,181,37,144,統一,2024-05-22,5850
6191,精成科,2738,11,2727,統一,2024-05-23,5850
0056,元大高股息,2505,17,2488,統一,2024-05-23,5850
3711,日月光投控,2027,73,1954,統一,2024-05-23,5850
2392,正崴,1950,306,1644,統一,2024-05-23,5850
3231,緯創,1640,288,1352,統一,2024-05-23,5850
4979,華星光,1273,366,907,統一,2024-05-23,5850
6125,廣運,1744,882,862,統一,2024-05-23,5850
2486,一詮,1059,218,841,統一,2024-05-23,5850
2520,冠德,1181,371,810,統一,2024-05-23,5850
2301,光寶科,1004,227,777,統一,2024-05-23,5850
2365,昆盈,1802,1067,735,統一,2024-05-23,5850
6278,台表科,676,2,674,統一,2024-05-23,5850
5534,長虹,627,4,623,統一,2024-05-23,5850
2302,麗正,629,42,587,統一,2024-05-23,5850
5009,榮剛,501,3,498,統一,2024-05-23,5850
1303,南亞,533,46,487,統一,2024-05-23,5850
3042,晶技,516,37,479,統一,2024-05-23,5850
2354,鴻準,741,292,449,統一,2024-05-23,5850
2377,微星,510,65,445,統一,2024-05-23,5850
00706L,期元大S＆P日圓正2,389,0,389,統一,2024-05-23,5850
00937B,群益ESG投等債20,593,251,342,統一,2024-05-23,5850
2103,台橡,350,10,340,統一,2024-05-23,5850
4533,協易機,488,158,330,統一,2024-05-23,5850
1799,易威,309,1,308,統一,2024-05-23,5850
00929,復華台灣科技優息,506,202,304,統一,2024-05-23,5850
3010,華立,387,89,298,統一,2024-05-23,5850
00878,國泰永續高股息,435,143,292,統一,2024-05-23,5850
00943,兆豐電子高息等權,558,290,268,統一,2024-05-23,5850
6197,佳必琪,428,165,263,統一,2024-05-23,5850
2303,聯電,945,689,256,統一,2024-05-23,5850
00899,FT潔淨能源,262,11,251,統一,2024-05-23,5850
3202,樺晟,242,13,229,統一,2024-05-23,5850
6213,聯茂,282,68,214,統一,2024-05-23,5850
9910,豐泰,218,9,209,統一,2024-05-23,5850
00662,富邦NASDAQ,208,0,208,統一,2024-05-23,5850
3017,奇鋐,411,205,206,統一,2024-05-23,5850
2211,長榮鋼,202,2,200,統一,2024-05-23,5850
8996,高力,287,88,199,統一,2024-05-23,5850
00945B,凱基美國非投等債,200,20,180,統一,2024-05-23,5850
2483,百容,180,0,180,統一,2024-05-23,5850
1446,宏和,173,0,173,統一,2024-05-23,5850
6488,環球晶,173,1,172,統一,2024-05-23,5850
2308,台達電,373,204,169,統一,2024-05-23,5850
3037,欣興,215,49,166,統一,2024-05-23,5850
00757,統一FANG+,165,0,165,統一,2024-05-23,5850
2884,玉山金,245,83,162,統一,2024-05-23,5850
2436,偉詮電,156,0,156,統一,2024-05-23,5850
020030,統一智慧電動車N,167,14,153,統一,2024-05-23,5850
00830,國泰費城半導體,148,1,147,統一,2024-05-23,5850
2383,台光電,233,87,146,統一,2024-05-23,5850
00919,群益台灣精選高息,2102,8,2094,統一,2024-05-24,5850
2353,宏��,2324,524,1800,統一,2024-05-24,5850
2610,華航,1701,489,1212,統一,2024-05-24,5850
3047,訊舟,1229,41,1188,統一,2024-05-24,5850
2603,長榮,1571,395,1176,統一,2024-05-24,5850
00795B,中信美國公債20年,903,0,903,統一,2024-05-24,5850
00673R,期元大S＆P原油反1,752,0,752,統一,2024-05-24,5850
2615,萬海,814,105,709,統一,2024-05-24,5850
00679B,元大美債20年,520,12,508,統一,2024-05-24,5850
3055,蔚華科,837,384,453,統一,2024-05-24,5850
2301,光寶科,902,469,433,統一,2024-05-24,5850
1303,南亞,467,69,398,統一,2024-05-24,5850
00680L,元大美債20正2,512,123,389,統一,2024-05-24,5850
00665L,富邦�琤肭磪囓�2,380,0,380,統一,2024-05-24,5850
3450,聯鈞,411,32,379,統一,2024-05-24,5850
00712,復華富時不動產,383,6,377,統一,2024-05-24,5850
2883,凱基金,378,7,371,統一,2024-05-24,5850
2103,台橡,365,0,365,統一,2024-05-24,5850
00929,復華台灣科技優息,419,62,357,統一,2024-05-24,5850
3338,泰碩,812,460,352,統一,2024-05-24,5850
9105,泰金寶-DR,845,526,319,統一,2024-05-24,5850
00753L,中信中國50正2,307,0,307,統一,2024-05-24,5850
6223,旺矽,386,81,305,統一,2024-05-24,5850
3202,樺晟,347,43,304,統一,2024-05-24,5850
5498,凱崴,379,76,303,統一,2024-05-24,5850
8028,昇陽半導體,441,141,300,統一,2024-05-24,5850
6235,華孚,309,16,293,統一,2024-05-24,5850
00924,復華S＆P500成長,267,0,267,統一,2024-05-24,5850
2489,瑞軒,323,78,245,統一,2024-05-24,5850
4968,立積,232,12,220,統一,2024-05-24,5850
00706L,期元大S＆P日圓正2,214,0,214,統一,2024-05-24,5850
3312,弘憶股,401,200,201,統一,2024-05-24,5850
00946,群益科技高息成長,753,562,191,統一,2024-05-24,5850
2354,鴻準,376,186,190,統一,2024-05-24,5850
6257,矽格,189,5,184,統一,2024-05-24,5850
3234,光環,182,7,175,統一,2024-05-24,5850
2363,矽統,506,339,167,統一,2024-05-24,5850
3443,創意,196,29,167,統一,2024-05-24,5850
3499,環天科,158,0,158,統一,2024-05-24,5850
5474,聰泰,245,88,157,統一,2024-05-24,5850
3006,晶豪科,170,14,156,統一,2024-05-24,5850
00650L,復華香港正2,154,0,154,統一,2024-05-24,5850
00917,中信特選金融,162,12,150,統一,2024-05-24,5850
00632R,元大台灣50反1,148,0,148,統一,2024-05-24,5850
6190,萬泰科,190,44,146,統一,2024-05-24,5850
6928,攸泰科技,153,12,141,統一,2024-05-24,5850
2882,國泰金,174,34,140,統一,2024-05-24,5850
2317,鴻海,537,397,140,統一,2024-05-24,5850
6274,台燿,287,159,128,統一,2024-05-24,5850
1560,中砂,135,8,127,統一,2024-05-24,5850
00939,統一台灣高息動能,4442,949,3493,統一,2024-05-27,5850
2603,長榮,3474,442,3032,統一,2024-05-27,5850
00688L,國泰20年美債正2,2802,4,2798,統一,2024-05-27,5850
2354,鴻準,1958,414,1544,統一,2024-05-27,5850
2486,一詮,1922,400,1522,統一,2024-05-27,5850
2303,聯電,2013,580,1433,統一,2024-05-27,5850
1605,華新,1544,181,1363,統一,2024-05-27,5850
00680L,元大美債20正2,1107,0,1107,統一,2024-05-27,5850
2317,鴻海,1648,559,1089,統一,2024-05-27,5850
2365,昆盈,909,18,891,統一,2024-05-27,5850
00929,復華台灣科技優息,837,109,728,統一,2024-05-27,5850
8028,昇陽半導體,1138,421,717,統一,2024-05-27,5850
00919,群益台灣精選高息,798,117,681,統一,2024-05-27,5850
3202,樺晟,976,361,615,統一,2024-05-27,5850
3535,晶彩科,616,3,613,統一,2024-05-27,5850
2103,台橡,608,0,608,統一,2024-05-27,5850
2377,微星,650,78,572,統一,2024-05-27,5850
2204,中華,485,14,471,統一,2024-05-27,5850
4543,萬在,543,118,425,統一,2024-05-27,5850
5426,振發,495,72,423,統一,2024-05-27,5850
2609,陽明,869,470,399,統一,2024-05-27,5850
1815,富喬,936,550,386,統一,2024-05-27,5850
2412,中華電,544,159,385,統一,2024-05-27,5850
3312,弘憶股,622,248,374,統一,2024-05-27,5850
6197,佳必琪,424,69,355,統一,2024-05-27,5850
00690,兆豐藍籌30,405,50,355,統一,2024-05-27,5850
00931B,統一美債20年,506,153,353,統一,2024-05-27,5850
00673R,期元大S＆P原油反1,335,0,335,統一,2024-05-27,5850
6188,廣明,581,255,326,統一,2024-05-27,5850
2347,聯強,427,106,321,統一,2024-05-27,5850
3450,聯鈞,327,8,319,統一,2024-05-27,5850
6227,茂綸,409,90,319,統一,2024-05-27,5850
3481,群創,927,614,313,統一,2024-05-27,5850
020031,統一IC設計臺灣N,323,27,296,統一,2024-05-27,5850
3466,德晉,463,169,294,統一,2024-05-27,5850
4952,凌通,286,6,280,統一,2024-05-27,5850
6265,方土昶,368,95,273,統一,2024-05-27,5850
3306,鼎天,273,5,268,統一,2024-05-27,5850
8210,勤誠,350,87,263,統一,2024-05-27,5850
6189,豐藝,341,95,246,統一,2024-05-27,5850
2495,普安,281,47,234,統一,2024-05-27,5850
2636,台驊控股,254,25,229,統一,2024-05-27,5850
6449,鈺邦,344,129,215,統一,2024-05-27,5850
5230,雷笛克光學,255,54,201,統一,2024-05-27,5850
00764B,群益25年美債,2559,2367,192,統一,2024-05-27,5850
3665,貿聯-KY,214,26,188,統一,2024-05-27,5850
00712,復華富時不動產,184,0,184,統一,2024-05-27,5850
2883,凱基金,297,115,182,統一,2024-05-27,5850
3363,上詮,585,405,180,統一,2024-05-27,5850
2401,凌陽,240,65,175,統一,2024-05-27,5850
00939,統一台灣高息動能,4879,163,4716,統一,2024-05-28,5850
6189,豐藝,4190,262,3928,統一,2024-05-28,5850
2349,錸德,2465,34,2431,統一,2024-05-28,5850
00715L,期街口布蘭特正2,2318,15,2303,統一,2024-05-28,5850
00919,群益台灣精選高息,2371,281,2090,統一,2024-05-28,5850
2610,華航,1673,271,1402,統一,2024-05-28,5850
3047,訊舟,1128,135,993,統一,2024-05-28,5850
00940,元大台灣價值高息,838,15,823,統一,2024-05-28,5850
2401,凌陽,1235,468,767,統一,2024-05-28,5850
00688L,國泰20年美債正2,612,0,612,統一,2024-05-28,5850
00680L,元大美債20正2,603,0,603,統一,2024-05-28,5850
2515,中工,612,38,574,統一,2024-05-28,5850
3374,精材,516,5,511,統一,2024-05-28,5850
2365,昆盈,466,8,458,統一,2024-05-28,5850
2613,中櫃,521,64,457,統一,2024-05-28,5850
00878,國泰永續高股息,455,37,418,統一,2024-05-28,5850
1605,華新,429,30,399,統一,2024-05-28,5850
3231,緯創,820,436,384,統一,2024-05-28,5850
2882,國泰金,518,160,358,統一,2024-05-28,5850
00795B,中信美國公債20年,351,2,349,統一,2024-05-28,5850
8112,至上,356,16,340,統一,2024-05-28,5850
1216,統一,360,25,335,統一,2024-05-28,5850
2489,瑞軒,474,140,334,統一,2024-05-28,5850
5425,台半,322,6,316,統一,2024-05-28,5850
3665,貿聯-KY,406,105,301,統一,2024-05-28,5850
1582,信錦,486,186,300,統一,2024-05-28,5850
00882,中信中國高股息,292,8,284,統一,2024-05-28,5850
2442,新美齊,262,3,259,統一,2024-05-28,5850
020031,統一IC設計臺灣N,291,36,255,統一,2024-05-28,5850
6227,茂綸,655,402,253,統一,2024-05-28,5850
2330,台積電,481,233,248,統一,2024-05-28,5850
1319,東陽,242,11,231,統一,2024-05-28,5850
00632R,元大台灣50反1,230,0,230,統一,2024-05-28,5850
6415,矽力*-KY,238,14,224,統一,2024-05-28,5850
2412,中華電,577,356,221,統一,2024-05-28,5850
3443,創意,261,42,219,統一,2024-05-28,5850
00720B,元大投資級公司債,219,2,217,統一,2024-05-28,5850
8096,擎亞,257,51,206,統一,2024-05-28,5850
3372,典範,208,3,205,統一,2024-05-28,5850
3035,智原,269,66,203,統一,2024-05-28,5850
00945B,凱基美國非投等債,201,0,201,統一,2024-05-28,5850
00929,復華台灣科技優息,285,96,189,統一,2024-05-28,5850
00915,凱基優選高股息30,183,3,180,統一,2024-05-28,5850
2332,友訊,176,0,176,統一,2024-05-28,5850
9945,潤泰新,244,73,171,統一,2024-05-28,5850
6117,迎廣,281,119,162,統一,2024-05-28,5850
9958,世紀鋼,204,44,160,統一,2024-05-28,5850
4714,永捷,189,30,159,統一,2024-05-28,5850
2305,全友,286,127,159,統一,2024-05-28,5850
00900,富邦特選高股息30,164,7,157,統一,2024-05-28,5850
2891,中信金,1953,102,1851,統一,2024-05-29,5850
00715L,期街口布蘭特正2,1555,41,1514,統一,2024-05-29,5850
2354,鴻準,2054,634,1420,統一,2024-05-29,5850
00939,統一台灣高息動能,2758,1589,1169,統一,2024-05-29,5850
00665L,富邦�琤肭磪囓�2,1095,80,1015,統一,2024-05-29,5850
1785,光洋科,939,108,831,統一,2024-05-29,5850
6239,力成,857,53,804,統一,2024-05-29,5850
4533,協易機,931,272,659,統一,2024-05-29,5850
6462,神盾,693,56,637,統一,2024-05-29,5850
00773B,中信優先金融債,620,0,620,統一,2024-05-29,5850
00919,群益台灣精選高息,669,68,601,統一,2024-05-29,5850
8054,安國,667,85,582,統一,2024-05-29,5850
3033,威健,587,61,526,統一,2024-05-29,5850
2419,仲琦,421,27,394,統一,2024-05-29,5850
8069,元太,470,83,387,統一,2024-05-29,5850
2330,台積電,549,164,385,統一,2024-05-29,5850
8105,凌巨,376,2,374,統一,2024-05-29,5850
3483,力致,760,452,308,統一,2024-05-29,5850
2412,中華電,787,483,304,統一,2024-05-29,5850
2351,順德,340,40,300,統一,2024-05-29,5850
3037,欣興,490,190,300,統一,2024-05-29,5850
00768B,復華20年美債,316,51,265,統一,2024-05-29,5850
00720B,元大投資級公司債,262,0,262,統一,2024-05-29,5850
2347,聯強,308,51,257,統一,2024-05-29,5850
3081,聯亞,301,46,255,統一,2024-05-29,5850
6684,安格,276,23,253,統一,2024-05-29,5850
3230,錦明,230,0,230,統一,2024-05-29,5850
2514,龍邦,272,42,230,統一,2024-05-29,5850
00687B,國泰20年美債,233,4,229,統一,2024-05-29,5850
6616,特昇-KY,232,20,212,統一,2024-05-29,5850
2328,廣宇,416,205,211,統一,2024-05-29,5850
3406,玉晶光,235,27,208,統一,2024-05-29,5850
00679B,元大美債20年,201,1,200,統一,2024-05-29,5850
3374,精材,206,7,199,統一,2024-05-29,5850
2476,鉅祥,332,135,197,統一,2024-05-29,5850
6264,富裔,196,0,196,統一,2024-05-29,5850
2884,玉山金,273,90,183,統一,2024-05-29,5850
2301,光寶科,284,103,181,統一,2024-05-29,5850
00941,中信上游半導體,704,525,179,統一,2024-05-29,5850
3313,斐成,200,24,176,統一,2024-05-29,5850
4903,聯光通,176,0,176,統一,2024-05-29,5850
3706,神達,249,74,175,統一,2024-05-29,5850
2888,新光金,179,6,173,統一,2024-05-29,5850
3321,同泰,187,15,172,統一,2024-05-29,5850
5347,世界,435,266,169,統一,2024-05-29,5850
8299,群聯,210,42,168,統一,2024-05-29,5850
1101,台泥,195,32,163,統一,2024-05-29,5850
5230,雷笛克光學,363,203,160,統一,2024-05-29,5850
3354,律勝,162,8,154,統一,2024-05-29,5850
2404,漢唐,154,3,151,統一,2024-05-29,5850
0056,元大高股息,2529,42,2487,統一,2024-05-30,5850
00919,群益台灣精選高息,2607,662,1945,統一,2024-05-30,5850
020031,統一IC設計臺灣N,824,42,782,統一,2024-05-30,5850
00881,國泰台灣5G+,508,0,508,統一,2024-05-30,5850
6269,台郡,474,24,450,統一,2024-05-30,5850
1536,和大,631,186,445,統一,2024-05-30,5850
2615,萬海,711,274,437,統一,2024-05-30,5850
2409,友達,411,69,342,統一,2024-05-30,5850
6695,芯鼎,398,73,325,統一,2024-05-30,5850
3432,台端,300,0,300,統一,2024-05-30,5850
2618,長榮航,1167,883,284,統一,2024-05-30,5850
6213,聯茂,342,67,275,統一,2024-05-30,5850
6223,旺矽,286,25,261,統一,2024-05-30,5850
3290,東浦,252,16,236,統一,2024-05-30,5850
00929,復華台灣科技優息,296,63,233,統一,2024-05-30,5850
6425,易發,215,3,212,統一,2024-05-30,5850
4903,聯光通,215,5,210,統一,2024-05-30,5850
2324,仁寶,334,124,210,統一,2024-05-30,5850
020033,統一�琤肮黕篾,212,3,209,統一,2024-05-30,5850
8107,大億金茂,210,2,208,統一,2024-05-30,5850
5347,世界,719,535,184,統一,2024-05-30,5850
3711,日月光投控,210,29,181,統一,2024-05-30,5850
4566,時碩工業,350,187,163,統一,2024-05-30,5850
3481,群創,234,84,150,統一,2024-05-30,5850
2317,鴻海,1048,904,144,統一,2024-05-30,5850
1473,台南,158,17,141,統一,2024-05-30,5850
00665L,富邦�琤肭磪囓�2,150,10,140,統一,2024-05-30,5850
2105,正新,157,19,138,統一,2024-05-30,5850
00757,統一FANG+,136,0,136,統一,2024-05-30,5850
2449,京元電子,174,39,135,統一,2024-05-30,5850
2399,映泰,772,638,134,統一,2024-05-30,5850
2368,金像電,141,7,134,統一,2024-05-30,5850
3379,彬台,133,0,133,統一,2024-05-30,5850
00712,復華富時不動產,149,22,127,統一,2024-05-30,5850
3308,聯德,132,6,126,統一,2024-05-30,5850
2348,海悅,155,33,122,統一,2024-05-30,5850
2543,皇昌,225,108,117,統一,2024-05-30,5850
2103,台橡,113,0,113,統一,2024-05-30,5850
1560,中砂,230,122,108,統一,2024-05-30,5850
6117,迎廣,576,468,108,統一,2024-05-30,5850
2331,精英,125,19,106,統一,2024-05-30,5850
4938,和碩,125,32,93,統一,2024-05-30,5850
8938,明安,99,6,93,統一,2024-05-30,5850
00853B,統一美債10年Aa-,350,258,92,統一,2024-05-30,5850
2303,聯電,195,105,90,統一,2024-05-30,5850
2204,中華,83,1,82,統一,2024-05-30,5850
1725,元禎,99,18,81,統一,2024-05-30,5850
00650L,復華香港正2,377,296,81,統一,2024-05-30,5850
5258,虹堡,86,6,80,統一,2024-05-30,5850
6126,信音,119,40,79,統一,2024-05-30,5850
2105,正新,14740,310,14430,統一,2024-05-31,5850
2303,聯電,14689,596,14093,統一,2024-05-31,5850
2618,長榮航,9828,1828,8000,統一,2024-05-31,5850
2412,中華電,8371,1183,7188,統一,2024-05-31,5850
2884,玉山金,7580,507,7073,統一,2024-05-31,5850
1216,統一,4265,202,4063,統一,2024-05-31,5850
3045,台灣大,3277,334,2943,統一,2024-05-31,5850
3711,日月光投控,2298,42,2256,統一,2024-05-31,5850
1402,遠東新,1795,10,1785,統一,2024-05-31,5850
2354,鴻準,3015,1651,1364,統一,2024-05-31,5850
1504,東元,1472,132,1340,統一,2024-05-31,5850
00919,群益台灣精選高息,3764,2525,1239,統一,2024-05-31,5850
2351,順德,1068,76,992,統一,2024-05-31,5850
3202,樺晟,996,93,903,統一,2024-05-31,5850
3490,單井,916,19,897,統一,2024-05-31,5850
2537,聯上發,909,27,882,統一,2024-05-31,5850
2637,慧洋-KY,817,72,745,統一,2024-05-31,5850
3372,典範,858,159,699,統一,2024-05-31,5850
00908,富邦入息REITs+,686,0,686,統一,2024-05-31,5850
1605,華新,690,29,661,統一,2024-05-31,5850
2101,南港,849,196,653,統一,2024-05-31,5850
2464,盟立,613,85,528,統一,2024-05-31,5850
4566,時碩工業,542,29,513,統一,2024-05-31,5850
00939,統一台灣高息動能,1870,1431,439,統一,2024-05-31,5850
2504,國產,578,140,438,統一,2024-05-31,5850
3013,晟銘電,634,201,433,統一,2024-05-31,5850
1473,台南,477,75,402,統一,2024-05-31,5850
2891,中信金,465,71,394,統一,2024-05-31,5850
6425,易發,413,23,390,統一,2024-05-31,5850
3596,智易,374,1,373,統一,2024-05-31,5850
2882,國泰金,464,102,362,統一,2024-05-31,5850
3048,益登,313,2,311,統一,2024-05-31,5850
3033,威健,588,291,297,統一,2024-05-31,5850
4123,晟德,313,23,290,統一,2024-05-31,5850
2204,中華,304,36,268,統一,2024-05-31,5850
2606,裕民,349,86,263,統一,2024-05-31,5850
8112,至上,587,328,259,統一,2024-05-31,5850
2367,燿華,377,127,250,統一,2024-05-31,5850
4533,協易機,357,116,241,統一,2024-05-31,5850
00929,復華台灣科技優息,331,110,221,統一,2024-05-31,5850
2211,長榮鋼,216,0,216,統一,2024-05-31,5850
2421,建準,229,26,203,統一,2024-05-31,5850
6188,廣明,644,442,202,統一,2024-05-31,5850
3665,貿聯-KY,221,34,187,統一,2024-05-31,5850
8996,高力,203,25,178,統一,2024-05-31,5850
1582,信錦,275,99,176,統一,2024-05-31,5850
1503,士電,203,33,170,統一,2024-05-31,5850
6213,聯茂,244,75,169,統一,2024-05-31,5850
3034,聯詠,191,30,161,統一,2024-05-31,5850
00927,群益半導體收益,160,2,158,統一,2024-05-31,5850
1504,東元,2994,59,2935,統一,2024-06-03,5850
1815,富喬,2504,715,1789,統一,2024-06-03,5850
2609,陽明,2613,965,1648,統一,2024-06-03,5850
2618,長榮航,2057,474,1583,統一,2024-06-03,5850
2486,一詮,1490,88,1402,統一,2024-06-03,5850
2303,聯電,1337,133,1204,統一,2024-06-03,5850
5347,世界,1180,92,1088,統一,2024-06-03,5850
00673R,期元大S＆P原油反1,1050,0,1050,統一,2024-06-03,5850
2603,長榮,1248,279,969,統一,2024-06-03,5850
8070,長華*,853,0,853,統一,2024-06-03,5850
2515,中工,882,149,733,統一,2024-06-03,5850
2347,聯強,911,214,697,統一,2024-06-03,5850
2888,新光金,782,236,546,統一,2024-06-03,5850
3013,晟銘電,1021,526,495,統一,2024-06-03,5850
4967,十銓,521,56,465,統一,2024-06-03,5850
4938,和碩,516,59,457,統一,2024-06-03,5850
00720B,元大投資級公司債,509,65,444,統一,2024-06-03,5850
6274,台燿,537,95,442,統一,2024-06-03,5850
00940,元大台灣價值高息,601,228,373,統一,2024-06-03,5850
1802,台玻,465,110,355,統一,2024-06-03,5850
3376,新日興,436,97,339,統一,2024-06-03,5850
00917,中信特選金融,393,55,338,統一,2024-06-03,5850
3312,弘憶股,350,38,312,統一,2024-06-03,5850
4113,聯上,371,59,312,統一,2024-06-03,5850
3432,台端,304,0,304,統一,2024-06-03,5850
00688L,國泰20年美債正2,300,7,293,統一,2024-06-03,5850
8234,新漢,386,120,266,統一,2024-06-03,5850
0056,元大高股息,353,92,261,統一,2024-06-03,5850
2520,冠德,382,140,242,統一,2024-06-03,5850
3230,錦明,240,3,237,統一,2024-06-03,5850
2397,友通,353,127,226,統一,2024-06-03,5850
00918,大華優利高填息30,242,20,222,統一,2024-06-03,5850
2349,錸德,220,1,219,統一,2024-06-03,5850
00878,國泰永續高股息,320,101,219,統一,2024-06-03,5850
0050,元大台灣50,234,23,211,統一,2024-06-03,5850
6188,廣明,1183,976,207,統一,2024-06-03,5850
00768B,復華20年美債,299,100,199,統一,2024-06-03,5850
2331,精英,197,4,193,統一,2024-06-03,5850
2547,日勝生,200,8,192,統一,2024-06-03,5850
00764B,群益25年美債,2198,2010,188,統一,2024-06-03,5850
3044,健鼎,182,4,178,統一,2024-06-03,5850
1110,東泥,176,0,176,統一,2024-06-03,5850
2427,三商電,184,17,167,統一,2024-06-03,5850
8093,保銳,162,0,162,統一,2024-06-03,5850
9958,世紀鋼,292,130,162,統一,2024-06-03,5850
2867,三商壽,216,54,162,統一,2024-06-03,5850
2377,微星,204,44,160,統一,2024-06-03,5850
2301,光寶科,235,87,148,統一,2024-06-03,5850
2438,翔耀,147,0,147,統一,2024-06-03,5850
3088,艾訊,244,100,144,統一,2024-06-03,5850
2891,中信金,41314,104,41210,統一,2024-06-04,5850
00673R,期元大S＆P原油反1,2312,15,2297,統一,2024-06-04,5850
2331,精英,3067,1043,2024,統一,2024-06-04,5850
00680L,元大美債20正2,2006,10,1996,統一,2024-06-04,5850
3703,欣陸,1697,44,1653,統一,2024-06-04,5850
3014,聯陽,1011,20,991,統一,2024-06-04,5850
2603,長榮,1077,143,934,統一,2024-06-04,5850
8277,商丞,911,22,889,統一,2024-06-04,5850
00929,復華台灣科技優息,721,13,708,統一,2024-06-04,5850
2504,國產,646,12,634,統一,2024-06-04,5850
2351,順德,707,87,620,統一,2024-06-04,5850
2809,京城銀,532,19,513,統一,2024-06-04,5850
2618,長榮航,1016,507,509,統一,2024-06-04,5850
1504,東元,527,52,475,統一,2024-06-04,5850
2495,普安,467,12,455,統一,2024-06-04,5850
5425,台半,430,1,429,統一,2024-06-04,5850
2324,仁寶,492,101,391,統一,2024-06-04,5850
5871,中租-KY,382,2,380,統一,2024-06-04,5850
2211,長榮鋼,372,3,369,統一,2024-06-04,5850
3466,德晉,373,40,333,統一,2024-06-04,5850
2412,中華電,518,213,305,統一,2024-06-04,5850
00688L,國泰20年美債正2,695,401,294,統一,2024-06-04,5850
6112,邁達特,422,158,264,統一,2024-06-04,5850
1802,台玻,806,543,263,統一,2024-06-04,5850
8234,新漢,793,539,254,統一,2024-06-04,5850
00719B,元大美債1-3,217,0,217,統一,2024-06-04,5850
4533,協易機,498,284,214,統一,2024-06-04,5850
2385,群光,254,53,201,統一,2024-06-04,5850
3520,華盈,209,13,196,統一,2024-06-04,5850
00720B,元大投資級公司債,610,421,189,統一,2024-06-04,5850
2883,凱基金,219,31,188,統一,2024-06-04,5850
2204,中華,178,4,174,統一,2024-06-04,5850
6449,鈺邦,262,89,173,統一,2024-06-04,5850
4123,晟德,180,12,168,統一,2024-06-04,5850
5536,聖暉*,169,2,167,統一,2024-06-04,5850
3088,艾訊,317,160,157,統一,2024-06-04,5850
3708,上緯投控,257,110,147,統一,2024-06-04,5850
2103,台橡,138,0,138,統一,2024-06-04,5850
2383,台光電,240,105,135,統一,2024-06-04,5850
2548,華固,160,28,132,統一,2024-06-04,5850
8084,巨虹,143,11,132,統一,2024-06-04,5850
3564,其陽,172,42,130,統一,2024-06-04,5850
3285,微端,132,3,129,統一,2024-06-04,5850
9950,萬國通,130,1,129,統一,2024-06-04,5850
3056,富華新,127,0,127,統一,2024-06-04,5850
2442,新美齊,124,0,124,統一,2024-06-04,5850
6270,倍微,156,32,124,統一,2024-06-04,5850
3518,柏騰,123,0,123,統一,2024-06-04,5850
3443,創意,136,22,114,統一,2024-06-04,5850
2482,連宇,110,4,106,統一,2024-06-04,5850
00673R,期元大S＆P原油反1,3841,0,3841,統一,2024-06-05,5850
1815,富喬,4298,1285,3013,統一,2024-06-05,5850
2105,正新,3153,683,2470,統一,2024-06-05,5850
2312,金寶,872,5,867,統一,2024-06-05,5850
2328,廣宇,1084,233,851,統一,2024-06-05,5850
6546,正基,783,108,675,統一,2024-06-05,5850
1504,東元,664,35,629,統一,2024-06-05,5850
8374,羅昇,603,24,579,統一,2024-06-05,5850
2882,國泰金,586,31,555,統一,2024-06-05,5850
2103,台橡,526,3,523,統一,2024-06-05,5850
3264,欣銓,493,3,490,統一,2024-06-05,5850
2482,連宇,604,120,484,統一,2024-06-05,5850
2609,陽明,2046,1617,429,統一,2024-06-05,5850
2347,聯強,585,159,426,統一,2024-06-05,5850
00944,野村趨勢動能高息,749,355,394,統一,2024-06-05,5850
3376,新日興,638,308,330,統一,2024-06-05,5850
00773B,中信優先金融債,320,10,310,統一,2024-06-05,5850
4915,致伸,357,54,303,統一,2024-06-05,5850
6213,聯茂,447,150,297,統一,2024-06-05,5850
6285,啟��,326,33,293,統一,2024-06-05,5850
6191,精成科,291,6,285,統一,2024-06-05,5850
2603,長榮,564,300,264,統一,2024-06-05,5850
2615,萬海,442,192,250,統一,2024-06-05,5850
2303,聯電,332,85,247,統一,2024-06-05,5850
00632R,元大台灣50反1,265,30,235,統一,2024-06-05,5850
1802,台玻,380,152,228,統一,2024-06-05,5850
00917,中信特選金融,320,94,226,統一,2024-06-05,5850
2359,所羅門,218,9,209,統一,2024-06-05,5850
8112,至上,356,158,198,統一,2024-06-05,5850
3708,上緯投控,313,119,194,統一,2024-06-05,5850
8085,福華,193,7,186,統一,2024-06-05,5850
3044,健鼎,191,5,186,統一,2024-06-05,5850
2605,新興,287,102,185,統一,2024-06-05,5850
6689,伊雲谷,214,33,181,統一,2024-06-05,5850
5302,太欣,780,602,178,統一,2024-06-05,5850
5426,振發,266,95,171,統一,2024-06-05,5850
2367,燿華,263,95,168,統一,2024-06-05,5850
5490,同亨,182,14,168,統一,2024-06-05,5850
2474,可成,179,11,168,統一,2024-06-05,5850
3297,杭特,170,5,165,統一,2024-06-05,5850
9910,豐泰,165,1,164,統一,2024-06-05,5850
00688L,國泰20年美債正2,627,466,161,統一,2024-06-05,5850
3229,晟鈦,176,16,160,統一,2024-06-05,5850
2881,富邦金,199,42,157,統一,2024-06-05,5850
6125,廣運,335,179,156,統一,2024-06-05,5850
6176,瑞儀,217,65,152,統一,2024-06-05,5850
4951,精拓科,198,51,147,統一,2024-06-05,5850
2438,翔耀,144,0,144,統一,2024-06-05,5850
2884,玉山金,182,39,143,統一,2024-06-05,5850
4549,桓達,140,2,138,統一,2024-06-05,5850
2883,凱基金,5077,555,4522,統一,2024-06-06,5850
2618,長榮航,4845,665,4180,統一,2024-06-06,5850
6213,聯茂,1764,483,1281,統一,2024-06-06,5850
2312,金寶,1341,96,1245,統一,2024-06-06,5850
00673R,期元大S＆P原油反1,1234,0,1234,統一,2024-06-06,5850
6197,佳必琪,809,241,568,統一,2024-06-06,5850
4958,臻鼎-KY,561,36,525,統一,2024-06-06,5850
00646,元大S＆P500,409,0,409,統一,2024-06-06,5850
2211,長榮鋼,807,407,400,統一,2024-06-06,5850
00945B,凱基美國非投等債,400,0,400,統一,2024-06-06,5850
2303,聯電,485,98,387,統一,2024-06-06,5850
2603,長榮,1094,732,362,統一,2024-06-06,5850
5871,中租-KY,359,2,357,統一,2024-06-06,5850
00738U,期元大道瓊白銀,350,0,350,統一,2024-06-06,5850
00931B,統一美債20年,443,104,339,統一,2024-06-06,5850
1802,台玻,623,285,338,統一,2024-06-06,5850
1605,華新,346,53,293,統一,2024-06-06,5850
2481,強茂,280,1,279,統一,2024-06-06,5850
2634,漢翔,311,63,248,統一,2024-06-06,5850
4566,時碩工業,540,326,214,統一,2024-06-06,5850
2379,瑞昱,215,12,203,統一,2024-06-06,5850
2609,陽明,2254,2052,202,統一,2024-06-06,5850
00861,元大全球未來通訊,205,7,198,統一,2024-06-06,5850
00719B,元大美債1-3,260,71,189,統一,2024-06-06,5850
00690,兆豐藍籌30,241,52,189,統一,2024-06-06,5850
2610,華航,512,330,182,統一,2024-06-06,5850
4956,光鋐,185,11,174,統一,2024-06-06,5850
3443,創意,197,56,141,統一,2024-06-06,5850
020031,統一IC設計臺灣N,169,33,136,統一,2024-06-06,5850
1476,儒鴻,123,4,119,統一,2024-06-06,5850
2308,台達電,262,144,118,統一,2024-06-06,5850
6290,良維,247,133,114,統一,2024-06-06,5850
2913,農林,110,0,110,統一,2024-06-06,5850
00720B,元大投資級公司債,310,202,108,統一,2024-06-06,5850
2103,台橡,101,0,101,統一,2024-06-06,5850
6683,雍智科技,136,37,99,統一,2024-06-06,5850
00724B,群益投資級金融債,255,156,99,統一,2024-06-06,5850
00917,中信特選金融,101,5,96,統一,2024-06-06,5850
2613,中櫃,223,127,96,統一,2024-06-06,5850
6418,詠昇,85,0,85,統一,2024-06-06,5850
2419,仲琦,96,12,84,統一,2024-06-06,5850
3034,聯詠,85,9,76,統一,2024-06-06,5850
8085,福華,127,54,73,統一,2024-06-06,5850
00631L,元大台灣50正2,81,9,72,統一,2024-06-06,5850
8906,花王,90,18,72,統一,2024-06-06,5850
2482,連宇,265,194,71,統一,2024-06-06,5850
3379,彬台,193,127,66,統一,2024-06-06,5850
2355,敬鵬,94,29,65,統一,2024-06-06,5850
9938,百和,85,23,62,統一,2024-06-06,5850
2354,鴻準,610,554,56,統一,2024-06-06,5850
5347,世界,10113,135,9978,統一,2024-06-07,5850
9105,泰金寶-DR,3938,143,3795,統一,2024-06-07,5850
00720B,元大投資級公司債,2542,32,2510,統一,2024-06-07,5850
00933B,國泰10Y+金融債,1917,0,1917,統一,2024-06-07,5850
2618,長榮航,2496,983,1513,統一,2024-06-07,5850
5880,合庫金,1132,2,1130,統一,2024-06-07,5850
2303,聯電,1181,150,1031,統一,2024-06-07,5850
6770,力積電,1034,4,1030,統一,2024-06-07,5850
00940,元大台灣價值高息,1031,17,1014,統一,2024-06-07,5850
3047,訊舟,838,80,758,統一,2024-06-07,5850
2486,一詮,943,195,748,統一,2024-06-07,5850
1513,中興電,1021,289,732,統一,2024-06-07,5850
1316,上曜,728,33,695,統一,2024-06-07,5850
00646,元大S＆P500,693,0,693,統一,2024-06-07,5850
9958,世紀鋼,755,112,643,統一,2024-06-07,5850
1609,大亞,487,95,392,統一,2024-06-07,5850
00673R,期元大S＆P原油反1,391,0,391,統一,2024-06-07,5850
6505,台塑化,397,8,389,統一,2024-06-07,5850
2313,華通,570,211,359,統一,2024-06-07,5850
9945,潤泰新,831,478,353,統一,2024-06-07,5850
00738U,期元大道瓊白銀,346,0,346,統一,2024-06-07,5850
3056,富華新,281,16,265,統一,2024-06-07,5850
2615,萬海,892,630,262,統一,2024-06-07,5850
3481,群創,345,131,214,統一,2024-06-07,5850
00773B,中信優先金融債,223,10,213,統一,2024-06-07,5850
00632R,元大台灣50反1,210,0,210,統一,2024-06-07,5850
1503,士電,261,76,185,統一,2024-06-07,5850
2371,大同,311,128,183,統一,2024-06-07,5850
2537,聯上發,241,58,183,統一,2024-06-07,5850
2476,鉅祥,208,25,183,統一,2024-06-07,5850
00917,中信特選金融,181,0,181,統一,2024-06-07,5850
1476,儒鴻,184,7,177,統一,2024-06-07,5850
3313,斐成,176,0,176,統一,2024-06-07,5850
6415,矽力*-KY,200,27,173,統一,2024-06-07,5850
00637L,元大滬深300正2,182,13,169,統一,2024-06-07,5850
2610,華航,801,640,161,統一,2024-06-07,5850
2885,元大金,190,32,158,統一,2024-06-07,5850
00631L,元大台灣50正2,152,11,141,統一,2024-06-07,5850
1414,東和,166,27,139,統一,2024-06-07,5850
2109,華豐,136,0,136,統一,2024-06-07,5850
2498,宏達電,341,205,136,統一,2024-06-07,5850
3508,位速,133,0,133,統一,2024-06-07,5850
1453,大將,148,16,132,統一,2024-06-07,5850
8064,東捷,145,19,126,統一,2024-06-07,5850
3268,海德威,123,2,121,統一,2024-06-07,5850
2402,毅嘉,115,2,113,統一,2024-06-07,5850
1514,亞力,176,64,112,統一,2024-06-07,5850
8093,保銳,110,0,110,統一,2024-06-07,5850
1605,華新,130,22,108,統一,2024-06-07,5850
00946,群益科技高息成長,109,1,108,統一,2024-06-07,5850
5347,世界,10169,197,9972,統一,2024-06-11,5850
2887,台新金,1632,6,1626,統一,2024-06-11,5850
2603,長榮,2453,1003,1450,統一,2024-06-11,5850
0056,元大高股息,1461,25,1436,統一,2024-06-11,5850
2884,玉山金,1498,91,1407,統一,2024-06-11,5850
2883,凱基金,1808,466,1342,統一,2024-06-11,5850
2303,聯電,1432,167,1265,統一,2024-06-11,5850
00679B,元大美債20年,1114,0,1114,統一,2024-06-11,5850
2892,第一金,1086,9,1077,統一,2024-06-11,5850
2002,中鋼,1111,38,1073,統一,2024-06-11,5850
3030,德律,1009,16,993,統一,2024-06-11,5850
00632R,元大台灣50反1,1003,15,988,統一,2024-06-11,5850
2886,兆豐金,973,3,970,統一,2024-06-11,5850
2890,永豐金,1072,112,960,統一,2024-06-11,5850
2610,華航,1709,1034,675,統一,2024-06-11,5850
5880,合庫金,640,5,635,統一,2024-06-11,5850
3374,精材,747,147,600,統一,2024-06-11,5850
00937B,群益ESG投等債20,646,65,581,統一,2024-06-11,5850
2409,友達,732,193,539,統一,2024-06-11,5850
2402,毅嘉,528,6,522,統一,2024-06-11,5850
2801,彰銀,522,0,522,統一,2024-06-11,5850
2618,長榮航,1501,986,515,統一,2024-06-11,5850
2880,華南金,528,16,512,統一,2024-06-11,5850
00687B,國泰20年美債,451,0,451,統一,2024-06-11,5850
00907,永豐優息存股,434,2,432,統一,2024-06-11,5850
2382,廣達,517,103,414,統一,2024-06-11,5850
00720B,元大投資級公司債,616,209,407,統一,2024-06-11,5850
2867,三商壽,436,71,365,統一,2024-06-11,5850
00876,元大全球5G,379,19,360,統一,2024-06-11,5850
2820,華票,352,2,350,統一,2024-06-11,5850
6152,百一,330,0,330,統一,2024-06-11,5850
2330,台積電,354,30,324,統一,2024-06-11,5850
00931B,統一美債20年,416,130,286,統一,2024-06-11,5850
4167,松瑞藥,372,95,277,統一,2024-06-11,5850
3622,洋華,278,15,263,統一,2024-06-11,5850
8374,羅昇,355,106,249,統一,2024-06-11,5850
2885,元大金,298,49,249,統一,2024-06-11,5850
5009,榮剛,233,1,232,統一,2024-06-11,5850
8028,昇陽半導體,438,207,231,統一,2024-06-11,5850
1326,台化,224,0,224,統一,2024-06-11,5850
00900,富邦特選高股息30,207,0,207,統一,2024-06-11,5850
6706,惠特,208,10,198,統一,2024-06-11,5850
3702,大聯大,208,11,197,統一,2024-06-11,5850
00881,國泰台灣5G+,190,3,187,統一,2024-06-11,5850
5876,上海商銀,187,5,182,統一,2024-06-11,5850
1802,台玻,249,68,181,統一,2024-06-11,5850
9919,康那香,173,1,172,統一,2024-06-11,5850
5603,陸海,165,0,165,統一,2024-06-11,5850
00885,富邦越南,162,2,160,統一,2024-06-11,5850
00909,國泰數位支付服務,160,1,159,統一,2024-06-11,5850
2889,國票金,13000,0,13000,統一,2024-06-12,5850
2303,聯電,3712,192,3520,統一,2024-06-12,5850
2618,長榮航,3294,460,2834,統一,2024-06-12,5850
3374,精材,2941,236,2705,統一,2024-06-12,5850
2317,鴻海,2133,779,1354,統一,2024-06-12,5850
00680L,元大美債20正2,1701,400,1301,統一,2024-06-12,5850
1410,南染,1300,0,1300,統一,2024-06-12,5850
2834,臺企銀,1079,1,1078,統一,2024-06-12,5850
2002,中鋼,1066,28,1038,統一,2024-06-12,5850
2801,彰銀,956,0,956,統一,2024-06-12,5850
2313,華通,858,57,801,統一,2024-06-12,5850
00936,台新永續高息中小,3100,2329,771,統一,2024-06-12,5850
2610,華航,1059,303,756,統一,2024-06-12,5850
2809,京城銀,710,30,680,統一,2024-06-12,5850
2888,新光金,810,133,677,統一,2024-06-12,5850
2344,華邦電,591,4,587,統一,2024-06-12,5850
2409,友達,844,265,579,統一,2024-06-12,5850
006208,富邦台50,541,1,540,統一,2024-06-12,5850
6890,來億-KY,746,209,537,統一,2024-06-12,5850
2103,台橡,536,3,533,統一,2024-06-12,5850
2337,旺宏,508,2,506,統一,2024-06-12,5850
8028,昇陽半導體,1429,986,443,統一,2024-06-12,5850
2867,三商壽,420,2,418,統一,2024-06-12,5850
2603,長榮,831,425,406,統一,2024-06-12,5850
2486,一詮,1521,1118,403,統一,2024-06-12,5850
2887,台新金,398,14,384,統一,2024-06-12,5850
00650L,復華香港正2,372,0,372,統一,2024-06-12,5850
1815,富喬,757,397,360,統一,2024-06-12,5850
00632R,元大台灣50反1,352,20,332,統一,2024-06-12,5850
00688L,國泰20年美債正2,332,2,330,統一,2024-06-12,5850
00944,野村趨勢動能高息,543,228,315,統一,2024-06-12,5850
3432,台端,303,0,303,統一,2024-06-12,5850
1522,堤維西,467,192,275,統一,2024-06-12,5850
00720B,元大投資級公司債,400,138,262,統一,2024-06-12,5850
2884,玉山金,300,44,256,統一,2024-06-12,5850
00646,元大S＆P500,241,1,240,統一,2024-06-12,5850
2880,華南金,295,63,232,統一,2024-06-12,5850
1326,台化,213,1,212,統一,2024-06-12,5850
9938,百和,214,25,189,統一,2024-06-12,5850
4109,加捷生醫,186,0,186,統一,2024-06-12,5850
2476,鉅祥,579,401,178,統一,2024-06-12,5850
6807,峰源-KY,180,5,175,統一,2024-06-12,5850
1475,業旺,193,21,172,統一,2024-06-12,5850
9941,裕融,166,11,155,統一,2024-06-12,5850
2511,太子,150,0,150,統一,2024-06-12,5850
2371,大同,228,80,148,統一,2024-06-12,5850
2376,技嘉,145,9,136,統一,2024-06-12,5850
5490,同亨,132,0,132,統一,2024-06-12,5850
8021,尖點,132,1,131,統一,2024-06-12,5850
2886,兆豐金,137,7,130,統一,2024-06-12,5850
00940,元大台灣價值高息,8728,301,8427,統一,2024-06-13,5850
0050,元大台灣50,2409,214,2195,統一,2024-06-13,5850
2891,中信金,1839,21,1818,統一,2024-06-13,5850
1785,光洋科,1434,125,1309,統一,2024-06-13,5850
00680L,元大美債20正2,1202,68,1134,統一,2024-06-13,5850
3374,精材,1497,526,971,統一,2024-06-13,5850
3048,益登,1155,189,966,統一,2024-06-13,5850
00715L,期街口布蘭特正2,770,0,770,統一,2024-06-13,5850
00646,元大S＆P500,723,0,723,統一,2024-06-13,5850
3665,貿聯-KY,729,21,708,統一,2024-06-13,5850
00830,國泰費城半導體,762,118,644,統一,2024-06-13,5850
9958,世紀鋼,722,117,605,統一,2024-06-13,5850
9933,中鼎,576,11,565,統一,2024-06-13,5850
00632R,元大台灣50反1,558,0,558,統一,2024-06-13,5850
1560,中砂,591,58,533,統一,2024-06-13,5850
2851,中再保,506,5,501,統一,2024-06-13,5850
6451,訊芯-KY,599,113,486,統一,2024-06-13,5850
2888,新光金,503,32,471,統一,2024-06-13,5850
2392,正崴,543,83,460,統一,2024-06-13,5850
4562,穎漢,517,63,454,統一,2024-06-13,5850
2103,台橡,450,6,444,統一,2024-06-13,5850
6770,力積電,514,77,437,統一,2024-06-13,5850
00945B,凱基美國非投等債,400,0,400,統一,2024-06-13,5850
3105,穩懋,549,157,392,統一,2024-06-13,5850
4968,立積,436,60,376,統一,2024-06-13,5850
1570,力肯,401,30,371,統一,2024-06-13,5850
2867,三商壽,363,1,362,統一,2024-06-13,5850
3450,聯鈞,512,162,350,統一,2024-06-13,5850
00662,富邦NASDAQ,350,0,350,統一,2024-06-13,5850
6789,采鈺,402,54,348,統一,2024-06-13,5850
9105,泰金寶-DR,361,43,318,統一,2024-06-13,5850
5880,合庫金,300,14,286,統一,2024-06-13,5850
00861,元大全球未來通訊,282,0,282,統一,2024-06-13,5850
2455,全新,276,21,255,統一,2024-06-13,5850
00719B,元大美債1-3,302,60,242,統一,2024-06-13,5850
00878,國泰永續高股息,419,181,238,統一,2024-06-13,5850
2017,官田鋼,237,0,237,統一,2024-06-13,5850
3413,京鼎,272,40,232,統一,2024-06-13,5850
5243,乙盛-KY,239,8,231,統一,2024-06-13,5850
6706,惠特,245,14,231,統一,2024-06-13,5850
8277,商丞,238,9,229,統一,2024-06-13,5850
2363,矽統,540,318,222,統一,2024-06-13,5850
2801,彰銀,204,0,204,統一,2024-06-13,5850
2371,大同,305,106,199,統一,2024-06-13,5850
1503,士電,275,79,196,統一,2024-06-13,5850
5263,智崴,202,11,191,統一,2024-06-13,5850
2890,永豐金,298,111,187,統一,2024-06-13,5850
2409,友達,228,44,184,統一,2024-06-13,5850
2449,京元電子,384,211,173,統一,2024-06-13,5850
6805,富世達,234,77,157,統一,2024-06-13,5850
9105,泰金寶-DR,7939,3734,4205,統一,2024-06-14,5850
3481,群創,2012,166,1846,統一,2024-06-14,5850
2615,萬海,1870,728,1142,統一,2024-06-14,5850
2610,華航,1166,99,1067,統一,2024-06-14,5850
2353,宏��,1045,26,1019,統一,2024-06-14,5850
00893,國泰智能電動車,1002,0,1002,統一,2024-06-14,5850
2606,裕民,1083,84,999,統一,2024-06-14,5850
2618,長榮航,1222,261,961,統一,2024-06-14,5850
00650L,復華香港正2,1100,180,920,統一,2024-06-14,5850
4960,誠美材,918,1,917,統一,2024-06-14,5850
2371,大同,1302,467,835,統一,2024-06-14,5850
00715L,期街口布蘭特正2,725,2,723,統一,2024-06-14,5850
1513,中興電,1086,367,719,統一,2024-06-14,5850
2609,陽明,1478,898,580,統一,2024-06-14,5850
1618,合機,632,53,579,統一,2024-06-14,5850
6143,振曜,606,51,555,統一,2024-06-14,5850
5243,乙盛-KY,700,167,533,統一,2024-06-14,5850
1514,亞力,725,257,468,統一,2024-06-14,5850
2801,彰銀,466,1,465,統一,2024-06-14,5850
2883,凱基金,502,54,448,統一,2024-06-14,5850
2455,全新,487,48,439,統一,2024-06-14,5850
2880,華南金,427,32,395,統一,2024-06-14,5850
020031,統一IC設計臺灣N,426,63,363,統一,2024-06-14,5850
2409,友達,530,168,362,統一,2024-06-14,5850
3374,精材,966,605,361,統一,2024-06-14,5850
2412,中華電,370,29,341,統一,2024-06-14,5850
2449,京元電子,619,281,338,統一,2024-06-14,5850
2025,千興,340,3,337,統一,2024-06-14,5850
3665,貿聯-KY,388,59,329,統一,2024-06-14,5850
00795B,中信美國公債20年,333,4,329,統一,2024-06-14,5850
6213,聯茂,577,256,321,統一,2024-06-14,5850
4562,穎漢,548,238,310,統一,2024-06-14,5850
1528,恩德,302,2,300,統一,2024-06-14,5850
5871,中租-KY,291,2,289,統一,2024-06-14,5850
5905,南仁湖,288,0,288,統一,2024-06-14,5850
6505,台塑化,296,13,283,統一,2024-06-14,5850
2312,金寶,459,204,255,統一,2024-06-14,5850
2383,台光電,280,38,242,統一,2024-06-14,5850
3406,玉晶光,281,43,238,統一,2024-06-14,5850
3622,洋華,255,24,231,統一,2024-06-14,5850
1815,富喬,522,294,228,統一,2024-06-14,5850
00688L,國泰20年美債正2,320,102,218,統一,2024-06-14,5850
3189,景碩,241,26,215,統一,2024-06-14,5850
00637L,元大滬深300正2,267,53,214,統一,2024-06-14,5850
2834,臺企銀,228,20,208,統一,2024-06-14,5850
2385,群光,232,25,207,統一,2024-06-14,5850
2347,聯強,199,0,199,統一,2024-06-14,5850
1605,華新,208,18,190,統一,2024-06-14,5850
2542,興富發,297,113,184,統一,2024-06-14,5850
9958,世紀鋼,278,95,183,統一,2024-06-14,5850
00940,元大台灣價值高息,5986,268,5718,統一,2024-06-17,5850
2324,仁寶,1167,17,1150,統一,2024-06-17,5850
3374,精材,1620,511,1109,統一,2024-06-17,5850
8096,擎亞,1245,265,980,統一,2024-06-17,5850
2371,大同,2209,1303,906,統一,2024-06-17,5850
2317,鴻海,1331,427,904,統一,2024-06-17,5850
1802,台玻,910,94,816,統一,2024-06-17,5850
4123,晟德,872,85,787,統一,2024-06-17,5850
3035,智原,819,67,752,統一,2024-06-17,5850
00773B,中信優先金融債,648,0,648,統一,2024-06-17,5850
2303,聯電,808,201,607,統一,2024-06-17,5850
8086,宏捷科,638,63,575,統一,2024-06-17,5850
8255,朋程,578,12,566,統一,2024-06-17,5850
2105,正新,557,3,554,統一,2024-06-17,5850
00939,統一台灣高息動能,2000,1465,535,統一,2024-06-17,5850
5490,同亨,502,23,479,統一,2024-06-17,5850
3163,波若威,661,207,454,統一,2024-06-17,5850
00715L,期街口布蘭特正2,427,1,426,統一,2024-06-17,5850
2603,長榮,636,235,401,統一,2024-06-17,5850
2888,新光金,531,140,391,統一,2024-06-17,5850
1785,光洋科,596,229,367,統一,2024-06-17,5850
2360,致茂,407,44,363,統一,2024-06-17,5850
00945B,凱基美國非投等債,500,150,350,統一,2024-06-17,5850
2363,矽統,452,107,345,統一,2024-06-17,5850
00640L,富邦日本正2,338,0,338,統一,2024-06-17,5850
4968,立積,434,96,338,統一,2024-06-17,5850
00680L,元大美債20正2,495,165,330,統一,2024-06-17,5850
2542,興富發,402,72,330,統一,2024-06-17,5850
3017,奇鋐,454,133,321,統一,2024-06-17,5850
00795B,中信美國公債20年,351,33,318,統一,2024-06-17,5850
8054,安國,316,14,302,統一,2024-06-17,5850
00911,兆豐洲際半導體,300,0,300,統一,2024-06-17,5850
6706,惠特,289,9,280,統一,2024-06-17,5850
8105,凌巨,283,3,280,統一,2024-06-17,5850
3041,揚智,256,1,255,統一,2024-06-17,5850
2206,三陽工業,286,41,245,統一,2024-06-17,5850
2442,新美齊,372,130,242,統一,2024-06-17,5850
4534,慶騰,260,24,236,統一,2024-06-17,5850
00948B,中信優息投資級債,238,6,232,統一,2024-06-17,5850
3622,洋華,426,204,222,統一,2024-06-17,5850
2388,威盛,586,366,220,統一,2024-06-17,5850
00944,野村趨勢動能高息,791,577,214,統一,2024-06-17,5850
00929,復華台灣科技優息,321,108,213,統一,2024-06-17,5850
00662,富邦NASDAQ,200,0,200,統一,2024-06-17,5850
2409,友達,649,452,197,統一,2024-06-17,5850
8093,保銳,184,0,184,統一,2024-06-17,5850
8299,群聯,235,54,181,統一,2024-06-17,5850
8059,凱碩,178,0,178,統一,2024-06-17,5850
5484,慧友,183,6,177,統一,2024-06-17,5850
2408,南亞科,183,13,170,統一,2024-06-17,5850
2344,華邦電,4883,164,4719,統一,2024-06-18,5850
00940,元大台灣價值高息,3034,181,2853,統一,2024-06-18,5850
00688L,國泰20年美債正2,2700,11,2689,統一,2024-06-18,5850
4526,東台,2090,46,2044,統一,2024-06-18,5850
2618,長榮航,2472,769,1703,統一,2024-06-18,5850
00715L,期街口布蘭特正2,1671,2,1669,統一,2024-06-18,5850
3374,精材,922,22,900,統一,2024-06-18,5850
3450,聯鈞,905,113,792,統一,2024-06-18,5850
3062,建漢,831,69,762,統一,2024-06-18,5850
00895,富邦未來車,700,0,700,統一,2024-06-18,5850
4958,臻鼎-KY,673,20,653,統一,2024-06-18,5850
2317,鴻海,1055,425,630,統一,2024-06-18,5850
2891,中信金,800,190,610,統一,2024-06-18,5850
1802,台玻,915,332,583,統一,2024-06-18,5850
2324,仁寶,575,11,564,統一,2024-06-18,5850
8040,九暘,614,89,525,統一,2024-06-18,5850
3035,智原,635,153,482,統一,2024-06-18,5850
00662,富邦NASDAQ,481,0,481,統一,2024-06-18,5850
2610,華航,714,266,448,統一,2024-06-18,5850
00751B,元大AAA至A公司債,438,0,438,統一,2024-06-18,5850
00651R,復華香港反1,425,0,425,統一,2024-06-18,5850
4561,健椿,399,10,389,統一,2024-06-18,5850
3163,波若威,684,328,356,統一,2024-06-18,5850
2883,凱基金,416,118,298,統一,2024-06-18,5850
2615,萬海,529,237,292,統一,2024-06-18,5850
2486,一詮,513,222,291,統一,2024-06-18,5850
00931B,統一美債20年,284,3,281,統一,2024-06-18,5850
2357,華碩,297,19,278,統一,2024-06-18,5850
4534,慶騰,284,6,278,統一,2024-06-18,5850
020031,統一IC設計臺灣N,279,19,260,統一,2024-06-18,5850
00757,統一FANG+,265,5,260,統一,2024-06-18,5850
8277,商丞,264,9,255,統一,2024-06-18,5850
5263,智崴,255,2,253,統一,2024-06-18,5850
2103,台橡,250,0,250,統一,2024-06-18,5850
2393,億光,276,58,218,統一,2024-06-18,5850
00722B,群益投資級電信債,1244,1040,204,統一,2024-06-18,5850
6834,天二科技,248,45,203,統一,2024-06-18,5850
00680L,元大美債20正2,336,133,203,統一,2024-06-18,5850
4123,晟德,395,197,198,統一,2024-06-18,5850
2327,國巨,263,65,198,統一,2024-06-18,5850
2408,南亞科,360,169,191,統一,2024-06-18,5850
1513,中興電,245,55,190,統一,2024-06-18,5850
2385,群光,384,196,188,統一,2024-06-18,5850
2449,京元電子,529,354,175,統一,2024-06-18,5850
1815,富喬,1023,849,174,統一,2024-06-18,5850
9910,豐泰,168,1,167,統一,2024-06-18,5850
00929,復華台灣科技優息,292,126,166,統一,2024-06-18,5850
2890,永豐金,212,47,165,統一,2024-06-18,5850
3217,優群,192,30,162,統一,2024-06-18,5850
5439,高技,203,52,151,統一,2024-06-18,5850
00939,統一台灣高息動能,6185,2342,3843,統一,2024-06-19,5850
0050,元大台灣50,1707,5,1702,統一,2024-06-19,5850
2888,新光金,2047,518,1529,統一,2024-06-19,5850
00720B,元大投資級公司債,1026,12,1014,統一,2024-06-19,5850
2323,中環,929,39,890,統一,2024-06-19,5850
00919,群益台灣精選高息,1074,240,834,統一,2024-06-19,5850
3231,緯創,1144,464,680,統一,2024-06-19,5850
00940,元大台灣價值高息,862,217,645,統一,2024-06-19,5850
2603,長榮,1075,517,558,統一,2024-06-19,5850
0056,元大高股息,556,12,544,統一,2024-06-19,5850
020031,統一IC設計臺灣N,540,6,534,統一,2024-06-19,5850
2609,陽明,1422,919,503,統一,2024-06-19,5850
2308,台達電,863,379,484,統一,2024-06-19,5850
2313,華通,705,234,471,統一,2024-06-19,5850
020030,統一智慧電動車N,518,61,457,統一,2024-06-19,5850
4909,新復興,554,103,451,統一,2024-06-19,5850
00795B,中信美國公債20年,437,7,430,統一,2024-06-19,5850
1802,台玻,451,61,390,統一,2024-06-19,5850
2356,英業達,479,103,376,統一,2024-06-19,5850
9933,中鼎,465,100,365,統一,2024-06-19,5850
00662,富邦NASDAQ,364,0,364,統一,2024-06-19,5850
1101,台泥,364,6,358,統一,2024-06-19,5850
6869,雲豹能源,499,207,292,統一,2024-06-19,5850
2890,永豐金,393,122,271,統一,2024-06-19,5850
00712,復華富時不動產,280,10,270,統一,2024-06-19,5850
2455,全新,584,319,265,統一,2024-06-19,5850
00715L,期街口布蘭特正2,266,27,239,統一,2024-06-19,5850
2486,一詮,292,65,227,統一,2024-06-19,5850
3665,貿聯-KY,371,150,221,統一,2024-06-19,5850
3276,宇環,216,0,216,統一,2024-06-19,5850
6719,力智,212,7,205,統一,2024-06-19,5850
00885,富邦越南,212,10,202,統一,2024-06-19,5850
2885,元大金,291,97,194,統一,2024-06-19,5850
5483,中美晶,229,37,192,統一,2024-06-19,5850
3706,神達,202,28,174,統一,2024-06-19,5850
00679B,元大美債20年,205,41,164,統一,2024-06-19,5850
6214,精誠,169,5,164,統一,2024-06-19,5850
3163,波若威,862,699,163,統一,2024-06-19,5850
2316,楠梓電,214,55,159,統一,2024-06-19,5850
00929,復華台灣科技優息,266,110,156,統一,2024-06-19,5850
2303,聯電,420,266,154,統一,2024-06-19,5850
1795,美時,208,55,153,統一,2024-06-19,5850
4956,光鋐,173,25,148,統一,2024-06-19,5850
9904,寶成,213,69,144,統一,2024-06-19,5850
5530,龍巖,199,69,130,統一,2024-06-19,5850
3376,新日興,267,142,125,統一,2024-06-19,5850
2438,翔耀,119,0,119,統一,2024-06-19,5850
3673,TPK-KY,128,10,118,統一,2024-06-19,5850
00690,兆豐藍籌30,217,101,116,統一,2024-06-19,5850
6269,台郡,113,10,103,統一,2024-06-19,5850
00939,統一台灣高息動能,4476,186,4290,統一,2024-06-20,5850
00919,群益台灣精選高息,3013,283,2730,統一,2024-06-20,5850
2609,陽明,1603,435,1168,統一,2024-06-20,5850
2313,華通,1458,318,1140,統一,2024-06-20,5850
00715L,期街口布蘭特正2,849,15,834,統一,2024-06-20,5850
4915,致伸,1061,244,817,統一,2024-06-20,5850
4562,穎漢,860,83,777,統一,2024-06-20,5850
0050,元大台灣50,790,13,777,統一,2024-06-20,5850
3450,聯鈞,971,199,772,統一,2024-06-20,5850
3580,友威科,762,1,761,統一,2024-06-20,5850
4968,立積,780,73,707,統一,2024-06-20,5850
2486,一詮,725,38,687,統一,2024-06-20,5850
3481,群創,789,113,676,統一,2024-06-20,5850
1785,光洋科,769,95,674,統一,2024-06-20,5850
3163,波若威,986,392,594,統一,2024-06-20,5850
00944,野村趨勢動能高息,731,209,522,統一,2024-06-20,5850
4956,光鋐,568,58,510,統一,2024-06-20,5850
2449,京元電子,831,333,498,統一,2024-06-20,5850
5009,榮剛,540,61,479,統一,2024-06-20,5850
2891,中信金,646,194,452,統一,2024-06-20,5850
2883B,凱基金乙特,444,0,444,統一,2024-06-20,5850
4123,晟德,538,147,391,統一,2024-06-20,5850
8027,鈦昇,447,67,380,統一,2024-06-20,5850
00929,復華台灣科技優息,498,134,364,統一,2024-06-20,5850
3483,力致,465,114,351,統一,2024-06-20,5850
2303,聯電,661,331,330,統一,2024-06-20,5850
1802,台玻,436,112,324,統一,2024-06-20,5850
6706,惠特,346,22,324,統一,2024-06-20,5850
8085,福華,350,29,321,統一,2024-06-20,5850
4967,十銓,1040,722,318,統一,2024-06-20,5850
4566,時碩工業,642,331,311,統一,2024-06-20,5850
00940,元大台灣價值高息,321,18,303,統一,2024-06-20,5850
2408,南亞科,714,417,297,統一,2024-06-20,5850
00931B,統一美債20年,472,179,293,統一,2024-06-20,5850
8103,瀚荃,372,84,288,統一,2024-06-20,5850
00637L,元大滬深300正2,274,0,274,統一,2024-06-20,5850
3289,宜特,259,2,257,統一,2024-06-20,5850
00878,國泰永續高股息,259,13,246,統一,2024-06-20,5850
5425,台半,241,0,241,統一,2024-06-20,5850
00632R,元大台灣50反1,455,220,235,統一,2024-06-20,5850
3035,智原,271,44,227,統一,2024-06-20,5850
2409,友達,225,9,216,統一,2024-06-20,5850
3017,奇鋐,246,31,215,統一,2024-06-20,5850
00650L,復華香港正2,433,218,215,統一,2024-06-20,5850
1815,富喬,443,231,212,統一,2024-06-20,5850
00830,國泰費城半導體,218,10,208,統一,2024-06-20,5850
3715,定穎投控,294,92,202,統一,2024-06-20,5850
8099,大世科,200,0,200,統一,2024-06-20,5850
00662,富邦NASDAQ,200,0,200,統一,2024-06-20,5850
2356,英業達,510,311,199,統一,2024-06-20,5850
3481,群創,13038,3637,9401,統一,2024-06-21,5850
2888,新光金,9417,581,8836,統一,2024-06-21,5850
00680L,元大美債20正2,2334,101,2233,統一,2024-06-21,5850
3062,建漢,2260,264,1996,統一,2024-06-21,5850
0050,元大台灣50,2452,507,1945,統一,2024-06-21,5850
00919,群益台灣精選高息,4165,2537,1628,統一,2024-06-21,5850
2002,中鋼,1430,5,1425,統一,2024-06-21,5850
3047,訊舟,1218,97,1121,統一,2024-06-21,5850
2610,華航,1171,140,1031,統一,2024-06-21,5850
2449,京元電子,1319,379,940,統一,2024-06-21,5850
1785,光洋科,1580,768,812,統一,2024-06-21,5850
6147,頎邦,710,1,709,統一,2024-06-21,5850
8085,福華,1171,472,699,統一,2024-06-21,5850
6005,群益證,648,23,625,統一,2024-06-21,5850
2409,友達,1393,789,604,統一,2024-06-21,5850
1802,台玻,595,7,588,統一,2024-06-21,5850
3535,晶彩科,527,35,492,統一,2024-06-21,5850
00939,統一台灣高息動能,629,187,442,統一,2024-06-21,5850
2618,長榮航,877,474,403,統一,2024-06-21,5850
00632R,元大台灣50反1,401,17,384,統一,2024-06-21,5850
3045,台灣大,701,337,364,統一,2024-06-21,5850
020033,統一�琤肮黕篾,361,8,353,統一,2024-06-21,5850
2883,凱基金,456,112,344,統一,2024-06-21,5850
3702,大聯大,302,13,289,統一,2024-06-21,5850
2308,台達電,370,89,281,統一,2024-06-21,5850
6530,創威,280,8,272,統一,2024-06-21,5850
4526,東台,327,62,265,統一,2024-06-21,5850
2489,瑞軒,560,295,265,統一,2024-06-21,5850
9921,巨大,265,3,262,統一,2024-06-21,5850
00795B,中信美國公債20年,237,0,237,統一,2024-06-21,5850
00715L,期街口布蘭特正2,239,6,233,統一,2024-06-21,5850
6257,矽格,229,6,223,統一,2024-06-21,5850
8103,瀚荃,265,63,202,統一,2024-06-21,5850
00929,復華台灣科技優息,262,69,193,統一,2024-06-21,5850
2516,新建,189,0,189,統一,2024-06-21,5850
1303,南亞,198,13,185,統一,2024-06-21,5850
2338,光罩,285,104,181,統一,2024-06-21,5850
2455,全新,211,33,178,統一,2024-06-21,5850
2368,金像電,279,101,178,統一,2024-06-21,5850
6617,共信-KY,175,1,174,統一,2024-06-21,5850
4967,十銓,186,14,172,統一,2024-06-21,5850
2382,廣達,422,255,167,統一,2024-06-21,5850
2834,臺企銀,161,2,159,統一,2024-06-21,5850
2492,華新科,172,26,146,統一,2024-06-21,5850
3017,奇鋐,234,92,142,統一,2024-06-21,5850
2303,聯電,923,781,142,統一,2024-06-21,5850
5234,達興材料,125,6,119,統一,2024-06-21,5850
3025,星通,153,34,119,統一,2024-06-21,5850
00830,國泰費城半導體,142,25,117,統一,2024-06-21,5850
00892,富邦台灣半導體,111,0,111,統一,2024-06-21,5850
00919,群益台灣精選高息,4759,2388,2371,統一,2024-06-24,5850
8110,華東,4970,2635,2335,統一,2024-06-24,5850
4904,遠傳,1985,1,1984,統一,2024-06-24,5850
1402,遠東新,1710,38,1672,統一,2024-06-24,5850
4938,和碩,1610,185,1425,統一,2024-06-24,5850
2610,華航,1700,304,1396,統一,2024-06-24,5850
3481,群創,12266,10906,1360,統一,2024-06-24,5850
3045,台灣大,1432,175,1257,統一,2024-06-24,5850
00929,復華台灣科技優息,1221,22,1199,統一,2024-06-24,5850
6285,啟��,1194,90,1104,統一,2024-06-24,5850
3711,日月光投控,1172,138,1034,統一,2024-06-24,5850
3702,大聯大,869,5,864,統一,2024-06-24,5850
2368,金像電,747,69,678,統一,2024-06-24,5850
2303,聯電,2354,1817,537,統一,2024-06-24,5850
2324,仁寶,571,52,519,統一,2024-06-24,5850
2409,友達,1475,975,500,統一,2024-06-24,5850
2891,中信金,710,219,491,統一,2024-06-24,5850
3149,正達,476,5,471,統一,2024-06-24,5850
4967,十銓,836,378,458,統一,2024-06-24,5850
8112,至上,475,76,399,統一,2024-06-24,5850
3663,鑫科,412,27,385,統一,2024-06-24,5850
3535,晶彩科,388,25,363,統一,2024-06-24,5850
2313,華通,419,118,301,統一,2024-06-24,5850
0050,元大台灣50,578,335,243,統一,2024-06-24,5850
5328,華容,281,54,227,統一,2024-06-24,5850
1449,佳和,212,5,207,統一,2024-06-24,5850
2376,技嘉,228,24,204,統一,2024-06-24,5850
3363,上詮,221,18,203,統一,2024-06-24,5850
8081,致新,200,0,200,統一,2024-06-24,5850
3596,智易,191,2,189,統一,2024-06-24,5850
2317,鴻海,682,497,185,統一,2024-06-24,5850
00892,富邦台灣半導體,165,0,165,統一,2024-06-24,5850
6173,信昌電,258,107,151,統一,2024-06-24,5850
00917,中信特選金融,220,73,147,統一,2024-06-24,5850
2204,中華,148,5,143,統一,2024-06-24,5850
2379,瑞昱,149,12,137,統一,2024-06-24,5850
9910,豐泰,133,2,131,統一,2024-06-24,5850
3285,微端,122,0,122,統一,2024-06-24,5850
3093,港建*,120,2,118,統一,2024-06-24,5850
3581,博磊,126,8,118,統一,2024-06-24,5850
00891,中信關鍵半導體,135,20,115,統一,2024-06-24,5850
3036,文曄,212,100,112,統一,2024-06-24,5850
6683,雍智科技,130,20,110,統一,2024-06-24,5850
6895,宏碩系統,145,35,110,統一,2024-06-24,5850
00885,富邦越南,119,13,106,統一,2024-06-24,5850
00934,中信成長高股息,106,0,106,統一,2024-06-24,5850
3379,彬台,109,6,103,統一,2024-06-24,5850
6457,紘康,103,1,102,統一,2024-06-24,5850
00894,中信小資高價30,100,0,100,統一,2024-06-24,5850
6902,GOGOLOOK-創,100,0,100,統一,2024-06-24,5850
5871,中租-KY,3120,178,2942,統一,2024-06-25,5850
1402,遠東新,3327,477,2850,統一,2024-06-25,5850
2504,國產,2059,22,2037,統一,2024-06-25,5850
00724B,群益投資級金融債,1442,316,1126,統一,2024-06-25,5850
00715L,期街口布蘭特正2,1015,0,1015,統一,2024-06-25,5850
5876,上海商銀,872,1,871,統一,2024-06-25,5850
2313,華通,878,155,723,統一,2024-06-25,5850
1102,亞泥,676,64,612,統一,2024-06-25,5850
2603,長榮,1116,509,607,統一,2024-06-25,5850
2371,大同,730,173,557,統一,2024-06-25,5850
2885,元大金,659,111,548,統一,2024-06-25,5850
2303,聯電,590,86,504,統一,2024-06-25,5850
00929,復華台灣科技優息,483,33,450,統一,2024-06-25,5850
2883,凱基金,453,23,430,統一,2024-06-25,5850
2609,陽明,1241,851,390,統一,2024-06-25,5850
0050,元大台灣50,560,227,333,統一,2024-06-25,5850
2324,仁寶,382,101,281,統一,2024-06-25,5850
3450,聯鈞,413,135,278,統一,2024-06-25,5850
00885,富邦越南,228,0,228,統一,2024-06-25,5850
2308,台達電,318,92,226,統一,2024-06-25,5850
1101,台泥,231,9,222,統一,2024-06-25,5850
3105,穩懋,244,27,217,統一,2024-06-25,5850
00795B,中信美國公債20年,202,0,202,統一,2024-06-25,5850
6214,精誠,210,10,200,統一,2024-06-25,5850
3591,艾笛森,196,0,196,統一,2024-06-25,5850
6806,森崴能源,750,575,175,統一,2024-06-25,5850
00712,復華富時不動產,163,0,163,統一,2024-06-25,5850
3312,弘憶股,239,77,162,統一,2024-06-25,5850
1216,統一,681,523,158,統一,2024-06-25,5850
3379,彬台,172,16,156,統一,2024-06-25,5850
6282,康舒,369,213,156,統一,2024-06-25,5850
1560,中砂,264,118,146,統一,2024-06-25,5850
1609,大亞,284,140,144,統一,2024-06-25,5850
4714,永捷,137,0,137,統一,2024-06-25,5850
8027,鈦昇,189,58,131,統一,2024-06-25,5850
3624,光頡,141,13,128,統一,2024-06-25,5850
8085,福華,359,241,118,統一,2024-06-25,5850
5483,中美晶,143,30,113,統一,2024-06-25,5850
2408,南亞科,119,7,112,統一,2024-06-25,5850
6957,裕慶-KY,115,3,112,統一,2024-06-25,5850
4967,十銓,274,164,110,統一,2024-06-25,5850
2472,立隆電,174,66,108,統一,2024-06-25,5850
3666,光耀,109,4,105,統一,2024-06-25,5850
3581,博磊,177,77,100,統一,2024-06-25,5850
2406,國碩,204,110,94,統一,2024-06-25,5850
00757,統一FANG+,93,0,93,統一,2024-06-25,5850
00878,國泰永續高股息,109,17,92,統一,2024-06-25,5850
00940,元大台灣價值高息,96,7,89,統一,2024-06-25,5850
00931B,統一美債20年,295,206,89,統一,2024-06-25,5850
8440,綠電,90,1,89,統一,2024-06-25,5850
1319,東陽,5797,10,5787,統一,2024-06-26,5850
4167,松瑞藥,1664,235,1429,統一,2024-06-26,5850
3047,訊舟,1597,205,1392,統一,2024-06-26,5850
6806,森崴能源,1496,428,1068,統一,2024-06-26,5850
2313,華通,918,84,834,統一,2024-06-26,5850
2385,群光,1183,390,793,統一,2024-06-26,5850
3450,聯鈞,1030,266,764,統一,2024-06-26,5850
2353,宏��,872,185,687,統一,2024-06-26,5850
8064,東捷,638,30,608,統一,2024-06-26,5850
5443,均豪,604,81,523,統一,2024-06-26,5850
00715L,期街口布蘭特正2,526,41,485,統一,2024-06-26,5850
4958,臻鼎-KY,547,75,472,統一,2024-06-26,5850
3665,貿聯-KY,466,48,418,統一,2024-06-26,5850
3481,群創,1545,1135,410,統一,2024-06-26,5850
2303,聯電,553,164,389,統一,2024-06-26,5850
6239,力成,401,13,388,統一,2024-06-26,5850
2486,一詮,785,400,385,統一,2024-06-26,5850
8210,勤誠,385,19,366,統一,2024-06-26,5850
00632R,元大台灣50反1,359,5,354,統一,2024-06-26,5850
2449,京元電子,572,244,328,統一,2024-06-26,5850
912000,晨訊科-DR,321,0,321,統一,2024-06-26,5850
8076,伍豐,343,28,315,統一,2024-06-26,5850
6152,百一,285,3,282,統一,2024-06-26,5850
5483,中美晶,336,67,269,統一,2024-06-26,5850
2474,可成,256,2,254,統一,2024-06-26,5850
3189,景碩,247,2,245,統一,2024-06-26,5850
1102,亞泥,253,12,241,統一,2024-06-26,5850
3163,波若威,364,125,239,統一,2024-06-26,5850
4532,瑞智,280,52,228,統一,2024-06-26,5850
4938,和碩,329,102,227,統一,2024-06-26,5850
3044,健鼎,272,46,226,統一,2024-06-26,5850
3591,艾笛森,220,0,220,統一,2024-06-26,5850
5425,台半,223,9,214,統一,2024-06-26,5850
2809,京城銀,243,33,210,統一,2024-06-26,5850
8277,商丞,269,70,199,統一,2024-06-26,5850
3289,宜特,345,146,199,統一,2024-06-26,5850
3581,博磊,268,79,189,統一,2024-06-26,5850
1540,喬福,192,4,188,統一,2024-06-26,5850
1560,中砂,296,113,183,統一,2024-06-26,5850
6121,新普,191,16,175,統一,2024-06-26,5850
3686,達能,187,15,172,統一,2024-06-26,5850
2882,國泰金,219,55,164,統一,2024-06-26,5850
2465,麗臺,196,42,154,統一,2024-06-26,5850
3596,智易,153,2,151,統一,2024-06-26,5850
9105,泰金寶-DR,471,328,143,統一,2024-06-26,5850
2476,鉅祥,164,22,142,統一,2024-06-26,5850
1795,美時,169,33,136,統一,2024-06-26,5850
3374,精材,221,88,133,統一,2024-06-26,5850
3708,上緯投控,183,51,132,統一,2024-06-26,5850
6160,欣技,159,32,127,統一,2024-06-26,5850
2618,長榮航,5391,873,4518,統一,2024-06-27,5850
2349,錸德,3825,7,3818,統一,2024-06-27,5850
00940,元大台灣價值高息,2660,269,2391,統一,2024-06-27,5850
6244,茂迪,2286,172,2114,統一,2024-06-27,5850
9941,裕融,1882,10,1872,統一,2024-06-27,5850
6443,元晶,1722,178,1544,統一,2024-06-27,5850
3576,聯合再生,1570,99,1471,統一,2024-06-27,5850
2303,聯電,1330,125,1205,統一,2024-06-27,5850
9105,泰金寶-DR,1792,605,1187,統一,2024-06-27,5850
3202,樺晟,1241,55,1186,統一,2024-06-27,5850
2406,國碩,1039,47,992,統一,2024-06-27,5850
2610,華航,1327,411,916,統一,2024-06-27,5850
2885,元大金,1071,278,793,統一,2024-06-27,5850
2449,京元電子,922,204,718,統一,2024-06-27,5850
8085,福華,751,99,652,統一,2024-06-27,5850
1102,亞泥,605,1,604,統一,2024-06-27,5850
3663,鑫科,698,175,523,統一,2024-06-27,5850
2377,微星,523,5,518,統一,2024-06-27,5850
3035,智原,538,77,461,統一,2024-06-27,5850
6753,龍德造船,549,100,449,統一,2024-06-27,5850
2313,華通,651,203,448,統一,2024-06-27,5850
00715L,期街口布蘭特正2,440,0,440,統一,2024-06-27,5850
3591,艾笛森,367,1,366,統一,2024-06-27,5850
00650L,復華香港正2,333,0,333,統一,2024-06-27,5850
4960,誠美材,291,2,289,統一,2024-06-27,5850
4707,磐亞,279,8,271,統一,2024-06-27,5850
00751B,元大AAA至A公司債,254,0,254,統一,2024-06-27,5850
5243,乙盛-KY,396,153,243,統一,2024-06-27,5850
1802,台玻,240,12,228,統一,2024-06-27,5850
3045,台灣大,272,47,225,統一,2024-06-27,5850
6143,振曜,209,4,205,統一,2024-06-27,5850
00632R,元大台灣50反1,210,9,201,統一,2024-06-27,5850
3520,華盈,197,4,193,統一,2024-06-27,5850
6869,雲豹能源,550,358,192,統一,2024-06-27,5850
00881,國泰台灣5G+,190,0,190,統一,2024-06-27,5850
4129,聯合,229,41,188,統一,2024-06-27,5850
2103,台橡,184,0,184,統一,2024-06-27,5850
5355,佳總,166,1,165,統一,2024-06-27,5850
8932,智通*,180,17,163,統一,2024-06-27,5850
4934,太極,161,4,157,統一,2024-06-27,5850
00853B,統一美債10年Aa-,150,5,145,統一,2024-06-27,5850
2330,台積電,318,181,137,統一,2024-06-27,5850
2605,新興,148,16,132,統一,2024-06-27,5850
2882,國泰金,215,84,131,統一,2024-06-27,5850
2884,玉山金,197,67,130,統一,2024-06-27,5850
6895,宏碩系統,119,0,119,統一,2024-06-27,5850
2809,京城銀,154,37,117,統一,2024-06-27,5850
2851,中再保,114,0,114,統一,2024-06-27,5850
2891,中信金,775,662,113,統一,2024-06-27,5850
00931B,統一美債20年,115,3,112,統一,2024-06-27,5850
00940,元大台灣價值高息,4128,98,4030,統一,2024-06-28,5850
3105,穩懋,1323,262,1061,統一,2024-06-28,5850
00715L,期街口布蘭特正2,920,15,905,統一,2024-06-28,5850
2337,旺宏,825,8,817,統一,2024-06-28,5850
8112,至上,1059,322,737,統一,2024-06-28,5850
2368,金像電,782,74,708,統一,2024-06-28,5850
3024,憶聲,680,1,679,統一,2024-06-28,5850
6188,廣明,701,27,674,統一,2024-06-28,5850
00944,野村趨勢動能高息,903,235,668,統一,2024-06-28,5850
00939,統一台灣高息動能,613,105,508,統一,2024-06-28,5850
9933,中鼎,500,8,492,統一,2024-06-28,5850
2317,鴻海,661,215,446,統一,2024-06-28,5850
3535,晶彩科,546,153,393,統一,2024-06-28,5850
2374,佳能,409,32,377,統一,2024-06-28,5850
3450,聯鈞,548,180,368,統一,2024-06-28,5850
3035,智原,463,109,354,統一,2024-06-28,5850
2890,永豐金,351,0,351,統一,2024-06-28,5850
6446,藥華藥,353,32,321,統一,2024-06-28,5850
5443,均豪,612,309,303,統一,2024-06-28,5850
2388,威盛,347,45,302,統一,2024-06-28,5850
1216,統一,300,0,300,統一,2024-06-28,5850
3296,勝德,427,131,296,統一,2024-06-28,5850
8028,昇陽半導體,612,329,283,統一,2024-06-28,5850
3312,弘憶股,799,531,268,統一,2024-06-28,5850
8176,智捷,238,4,234,統一,2024-06-28,5850
6152,百一,239,13,226,統一,2024-06-28,5850
2455,全新,274,61,213,統一,2024-06-28,5850
3057,喬鼎,208,1,207,統一,2024-06-28,5850
2883,凱基金,310,109,201,統一,2024-06-28,5850
3362,先進光,229,36,193,統一,2024-06-28,5850
2344,華邦電,209,16,193,統一,2024-06-28,5850
2449,京元電子,479,287,192,統一,2024-06-28,5850
3376,新日興,319,131,188,統一,2024-06-28,5850
3591,艾笛森,181,0,181,統一,2024-06-28,5850
1102,亞泥,179,0,179,統一,2024-06-28,5850
00929,復華台灣科技優息,188,13,175,統一,2024-06-28,5850
4960,誠美材,170,0,170,統一,2024-06-28,5850
1477,聚陽,177,7,170,統一,2024-06-28,5850
2354,鴻準,204,42,162,統一,2024-06-28,5850
00719B,元大美債1-3,158,0,158,統一,2024-06-28,5850
00931B,統一美債20年,156,0,156,統一,2024-06-28,5850
3010,華立,173,17,156,統一,2024-06-28,5850
3017,奇鋐,278,126,152,統一,2024-06-28,5850
6257,矽格,334,182,152,統一,2024-06-28,5850
8932,智通*,168,17,151,統一,2024-06-28,5850
6753,龍德造船,546,396,150,統一,2024-06-28,5850
2330,台積電,376,234,142,統一,2024-06-28,5850
00637L,元大滬深300正2,207,65,142,統一,2024-06-28,5850
2312,金寶,138,1,137,統一,2024-06-28,5850
2439,美律,135,12,123,統一,2024-06-28,5850
0056,元大高股息,5256,2,5254,統一,2024-07-01,5850
00940,元大台灣價值高息,3008,418,2590,統一,2024-07-01,5850
2344,華邦電,2360,5,2355,統一,2024-07-01,5850
3047,訊舟,1918,237,1681,統一,2024-07-01,5850
9105,泰金寶-DR,2014,492,1522,統一,2024-07-01,5850
00939,統一台灣高息動能,1528,76,1452,統一,2024-07-01,5850
4566,時碩工業,1728,508,1220,統一,2024-07-01,5850
3711,日月光投控,876,115,761,統一,2024-07-01,5850
5347,世界,984,250,734,統一,2024-07-01,5850
2610,華航,951,291,660,統一,2024-07-01,5850
2301,光寶科,619,59,560,統一,2024-07-01,5850
8064,東捷,754,195,559,統一,2024-07-01,5850
2464,盟立,624,135,489,統一,2024-07-01,5850
6213,聯茂,584,126,458,統一,2024-07-01,5850
3702,大聯大,2521,2070,451,統一,2024-07-01,5850
6698,旭暉應材,425,3,422,統一,2024-07-01,5850
4123,晟德,563,144,419,統一,2024-07-01,5850
00878,國泰永續高股息,424,16,408,統一,2024-07-01,5850
00936,台新永續高息中小,3068,2697,371,統一,2024-07-01,5850
8069,元太,422,58,364,統一,2024-07-01,5850
3231,緯創,732,369,363,統一,2024-07-01,5850
00720B,元大投資級公司債,347,0,347,統一,2024-07-01,5850
2467,志聖,453,108,345,統一,2024-07-01,5850
4960,誠美材,343,0,343,統一,2024-07-01,5850
3535,晶彩科,362,35,327,統一,2024-07-01,5850
2356,英業達,414,91,323,統一,2024-07-01,5850
3211,順達,324,11,313,統一,2024-07-01,5850
2888,新光金,544,234,310,統一,2024-07-01,5850
3686,達能,521,215,306,統一,2024-07-01,5850
1560,中砂,488,186,302,統一,2024-07-01,5850
4534,慶騰,263,1,262,統一,2024-07-01,5850
2889,國票金,250,10,240,統一,2024-07-01,5850
5508,永信建,244,13,231,統一,2024-07-01,5850
6869,雲豹能源,372,146,226,統一,2024-07-01,5850
4120,友華,205,0,205,統一,2024-07-01,5850
8086,宏捷科,224,23,201,統一,2024-07-01,5850
2368,金像電,259,58,201,統一,2024-07-01,5850
1104,環泥,200,0,200,統一,2024-07-01,5850
6706,惠特,206,11,195,統一,2024-07-01,5850
2883,凱基金,371,185,186,統一,2024-07-01,5850
2349,錸德,363,182,181,統一,2024-07-01,5850
00853B,統一美債10年Aa-,403,227,176,統一,2024-07-01,5850
3228,金麗科,302,132,170,統一,2024-07-01,5850
2603,長榮,268,108,160,統一,2024-07-01,5850
6446,藥華藥,234,79,155,統一,2024-07-01,5850
3374,精材,182,29,153,統一,2024-07-01,5850
00692,富邦公司治理,151,0,151,統一,2024-07-01,5850
00738U,期元大道瓊白銀,150,0,150,統一,2024-07-01,5850
00931B,統一美債20年,252,104,148,統一,2024-07-01,5850
2103,台橡,150,4,146,統一,2024-07-01,5850
00940,元大台灣價值高息,6020,62,5958,統一,2024-07-02,5850
6244,茂迪,2574,212,2362,統一,2024-07-02,5850
6443,元晶,2602,373,2229,統一,2024-07-02,5850
4906,正文,2020,109,1911,統一,2024-07-02,5850
2349,錸德,7173,5540,1633,統一,2024-07-02,5850
00919,群益台灣精選高息,1437,2,1435,統一,2024-07-02,5850
00939,統一台灣高息動能,1223,12,1211,統一,2024-07-02,5850
2903,遠百,1200,0,1200,統一,2024-07-02,5850
3005,神基,1308,128,1180,統一,2024-07-02,5850
2610,華航,2262,1199,1063,統一,2024-07-02,5850
00715L,期街口布蘭特正2,812,6,806,統一,2024-07-02,5850
6753,龍德造船,811,108,703,統一,2024-07-02,5850
2891,中信金,916,304,612,統一,2024-07-02,5850
00632R,元大台灣50反1,599,0,599,統一,2024-07-02,5850
6278,台表科,741,187,554,統一,2024-07-02,5850
6152,百一,549,1,548,統一,2024-07-02,5850
2449,京元電子,808,355,453,統一,2024-07-02,5850
6285,啟��,500,57,443,統一,2024-07-02,5850
00931B,統一美債20年,666,244,422,統一,2024-07-02,5850
3702,大聯大,489,85,404,統一,2024-07-02,5850
0056,元大高股息,405,9,396,統一,2024-07-02,5850
2368,金像電,456,81,375,統一,2024-07-02,5850
6477,安集,502,130,372,統一,2024-07-02,5850
4958,臻鼎-KY,625,271,354,統一,2024-07-02,5850
4904,遠傳,478,130,348,統一,2024-07-02,5850
00881,國泰台灣5G+,330,4,326,統一,2024-07-02,5850
6191,精成科,343,23,320,統一,2024-07-02,5850
2633,台灣高鐵,300,0,300,統一,2024-07-02,5850
1806,冠軍,298,0,298,統一,2024-07-02,5850
5355,佳總,294,5,289,統一,2024-07-02,5850
3587,閎康,293,8,285,統一,2024-07-02,5850
3576,聯合再生,731,446,285,統一,2024-07-02,5850
2906,高林,290,10,280,統一,2024-07-02,5850
3413,京鼎,333,71,262,統一,2024-07-02,5850
4123,晟德,649,409,240,統一,2024-07-02,5850
2402,毅嘉,259,31,228,統一,2024-07-02,5850
3490,單井,241,13,228,統一,2024-07-02,5850
8028,昇陽半導體,430,210,220,統一,2024-07-02,5850
4960,誠美材,213,0,213,統一,2024-07-02,5850
5483,中美晶,352,141,211,統一,2024-07-02,5850
8069,元太,280,70,210,統一,2024-07-02,5850
2103,台橡,200,0,200,統一,2024-07-02,5850
5243,乙盛-KY,245,53,192,統一,2024-07-02,5850
2211,長榮鋼,187,0,187,統一,2024-07-02,5850
3483,力致,227,47,180,統一,2024-07-02,5850
3321,同泰,179,0,179,統一,2024-07-02,5850
2204,中華,189,13,176,統一,2024-07-02,5850
00929,復華台灣科技優息,345,172,173,統一,2024-07-02,5850
00927,群益半導體收益,223,50,173,統一,2024-07-02,5850
3492,長盛,157,0,157,統一,2024-07-02,5850
2886,兆豐金,51573,101,51472,統一,2024-07-03,5850
9904,寶成,20847,164,20683,統一,2024-07-03,5850
3045,台灣大,13380,1463,11917,統一,2024-07-03,5850
2888,新光金,11572,1152,10420,統一,2024-07-03,5850
5009,榮剛,6314,28,6286,統一,2024-07-03,5850
2303,聯電,7555,2330,5225,統一,2024-07-03,5850
2618,長榮航,6260,1087,5173,統一,2024-07-03,5850
0056,元大高股息,5116,9,5107,統一,2024-07-03,5850
5347,世界,4118,432,3686,統一,2024-07-03,5850
2891,中信金,3778,247,3531,統一,2024-07-03,5850
2393,億光,2636,236,2400,統一,2024-07-03,5850
1216,統一,2304,4,2300,統一,2024-07-03,5850
2301,光寶科,2154,33,2121,統一,2024-07-03,5850
00650L,復華香港正2,2152,213,1939,統一,2024-07-03,5850
2353,宏��,1835,13,1822,統一,2024-07-03,5850
5871,中租-KY,8088,6310,1778,統一,2024-07-03,5850
2889,國票金,1350,0,1350,統一,2024-07-03,5850
9105,泰金寶-DR,2100,861,1239,統一,2024-07-03,5850
2349,錸德,2677,1561,1116,統一,2024-07-03,5850
4958,臻鼎-KY,1166,50,1116,統一,2024-07-03,5850
6147,頎邦,1123,202,921,統一,2024-07-03,5850
4562,穎漢,752,29,723,統一,2024-07-03,5850
1402,遠東新,768,46,722,統一,2024-07-03,5850
1806,冠軍,703,7,696,統一,2024-07-03,5850
2883,凱基金,1309,647,662,統一,2024-07-03,5850
6278,台表科,877,234,643,統一,2024-07-03,5850
2313,華通,978,351,627,統一,2024-07-03,5850
2449,京元電子,977,367,610,統一,2024-07-03,5850
3450,聯鈞,905,296,609,統一,2024-07-03,5850
2323,中環,831,242,589,統一,2024-07-03,5850
8112,至上,613,68,545,統一,2024-07-03,5850
2464,盟立,526,49,477,統一,2024-07-03,5850
4938,和碩,956,481,475,統一,2024-07-03,5850
2882,國泰金,771,304,467,統一,2024-07-03,5850
8358,金居,460,13,447,統一,2024-07-03,5850
2481,強茂,493,51,442,統一,2024-07-03,5850
5876,上海商銀,442,0,442,統一,2024-07-03,5850
6488,環球晶,431,15,416,統一,2024-07-03,5850
3455,由田,555,150,405,統一,2024-07-03,5850
00722B,群益投資級電信債,1470,1065,405,統一,2024-07-03,5850
1447,力鵬,400,0,400,統一,2024-07-03,5850
3481,群創,1275,878,397,統一,2024-07-03,5850
00895,富邦未來車,388,5,383,統一,2024-07-03,5850
3498,陽程,436,62,374,統一,2024-07-03,5850
6142,友勁,371,2,369,統一,2024-07-03,5850
3016,嘉晶,364,29,335,統一,2024-07-03,5850
3379,彬台,328,21,307,統一,2024-07-03,5850
6869,雲豹能源,601,301,300,統一,2024-07-03,5850
8086,宏捷科,366,70,296,統一,2024-07-03,5850
6274,台燿,374,87,287,統一,2024-07-03,5850
00940,元大台灣價值高息,6675,149,6526,統一,2024-07-04,5850
2312,金寶,5706,113,5593,統一,2024-07-04,5850
6269,台郡,3018,82,2936,統一,2024-07-04,5850
3042,晶技,2844,39,2805,統一,2024-07-04,5850
5347,世界,2702,441,2261,統一,2024-07-04,5850
4938,和碩,2049,6,2043,統一,2024-07-04,5850
00687B,國泰20年美債,1918,0,1918,統一,2024-07-04,5850
3005,神基,1896,124,1772,統一,2024-07-04,5850
3010,華立,1602,4,1598,統一,2024-07-04,5850
5388,中磊,1334,7,1327,統一,2024-07-04,5850
2317,鴻海,1710,399,1311,統一,2024-07-04,5850
00715L,期街口布蘭特正2,1108,0,1108,統一,2024-07-04,5850
00632R,元大台灣50反1,953,0,953,統一,2024-07-04,5850
00795B,中信美國公債20年,890,0,890,統一,2024-07-04,5850
6213,聯茂,988,130,858,統一,2024-07-04,5850
3481,群創,2040,1196,844,統一,2024-07-04,5850
2903,遠百,755,0,755,統一,2024-07-04,5850
6215,和椿,911,169,742,統一,2024-07-04,5850
2891,中信金,973,251,722,統一,2024-07-04,5850
3535,晶彩科,757,64,693,統一,2024-07-04,5850
3703,欣陸,660,11,649,統一,2024-07-04,5850
2356,英業達,732,103,629,統一,2024-07-04,5850
1513,中興電,830,209,621,統一,2024-07-04,5850
2543,皇昌,679,66,613,統一,2024-07-04,5850
6207,雷科,643,32,611,統一,2024-07-04,5850
6285,啟��,607,25,582,統一,2024-07-04,5850
2845,遠東銀,562,0,562,統一,2024-07-04,5850
2368,金像電,644,98,546,統一,2024-07-04,5850
1216,統一,542,14,528,統一,2024-07-04,5850
6274,台燿,607,93,514,統一,2024-07-04,5850
2481,強茂,897,393,504,統一,2024-07-04,5850
2439,美律,514,42,472,統一,2024-07-04,5850
3580,友威科,460,12,448,統一,2024-07-04,5850
2637,慧洋-KY,530,85,445,統一,2024-07-04,5850
2337,旺宏,460,21,439,統一,2024-07-04,5850
4562,穎漢,438,11,427,統一,2024-07-04,5850
8021,尖點,422,0,422,統一,2024-07-04,5850
2455,全新,510,89,421,統一,2024-07-04,5850
2371,大同,554,166,388,統一,2024-07-04,5850
00882,中信中國高股息,434,51,383,統一,2024-07-04,5850
4904,遠傳,492,120,372,統一,2024-07-04,5850
3374,精材,1341,977,364,統一,2024-07-04,5850
3264,欣銓,368,24,344,統一,2024-07-04,5850
2363,矽統,400,71,329,統一,2024-07-04,5850
2449,京元電子,675,346,329,統一,2024-07-04,5850
3498,陽程,342,20,322,統一,2024-07-04,5850
2376,技嘉,350,43,307,統一,2024-07-04,5850
5483,中美晶,321,26,295,統一,2024-07-04,5850
6491,晶碩,316,37,279,統一,2024-07-04,5850
00719B,元大美債1-3,273,0,273,統一,2024-07-04,5850
5347,世界,9380,530,8850,統一,2024-07-05,5850
2405,輔信,2432,283,2149,統一,2024-07-05,5850
3047,訊舟,2042,66,1976,統一,2024-07-05,5850
4958,臻鼎-KY,2059,230,1829,統一,2024-07-05,5850
2027,大成鋼,1802,19,1783,統一,2024-07-05,5850
1536,和大,1736,159,1577,統一,2024-07-05,5850
2884,玉山金,1125,95,1030,統一,2024-07-05,5850
2368,金像電,1130,145,985,統一,2024-07-05,5850
4960,誠美材,1368,585,783,統一,2024-07-05,5850
8071,能率網通,761,25,736,統一,2024-07-05,5850
00795B,中信美國公債20年,713,0,713,統一,2024-07-05,5850
2337,旺宏,745,36,709,統一,2024-07-05,5850
1785,光洋科,871,174,697,統一,2024-07-05,5850
9105,泰金寶-DR,698,8,690,統一,2024-07-05,5850
00940,元大台灣價值高息,715,72,643,統一,2024-07-05,5850
2892,第一金,656,15,641,統一,2024-07-05,5850
2889,國票金,629,0,629,統一,2024-07-05,5850
6160,欣技,664,55,609,統一,2024-07-05,5850
4526,東台,779,210,569,統一,2024-07-05,5850
2374,佳能,646,101,545,統一,2024-07-05,5850
6152,百一,527,0,527,統一,2024-07-05,5850
5483,中美晶,557,43,514,統一,2024-07-05,5850
2417,圓剛,529,22,507,統一,2024-07-05,5850
8064,東捷,830,381,449,統一,2024-07-05,5850
3227,原相,532,92,440,統一,2024-07-05,5850
00939,統一台灣高息動能,3102,2664,438,統一,2024-07-05,5850
00944,野村趨勢動能高息,973,568,405,統一,2024-07-05,5850
3669,圓展,370,0,370,統一,2024-07-05,5850
00719B,元大美債1-3,363,0,363,統一,2024-07-05,5850
00637L,元大滬深300正2,567,210,357,統一,2024-07-05,5850
2455,全新,440,96,344,統一,2024-07-05,5850
00679B,元大美債20年,379,42,337,統一,2024-07-05,5850
00715L,期街口布蘭特正2,335,0,335,統一,2024-07-05,5850
2356,英業達,628,295,333,統一,2024-07-05,5850
6153,嘉聯益,312,9,303,統一,2024-07-05,5850
2449,京元電子,395,95,300,統一,2024-07-05,5850
3105,穩懋,416,130,286,統一,2024-07-05,5850
1528,恩德,284,0,284,統一,2024-07-05,5850
5234,達興材料,336,58,278,統一,2024-07-05,5850
5475,德宏,273,0,273,統一,2024-07-05,5850
4908,前鼎,438,173,265,統一,2024-07-05,5850
6541,泰福-KY,268,7,261,統一,2024-07-05,5850
8440,綠電,256,0,256,統一,2024-07-05,5850
1504,東元,296,65,231,統一,2024-07-05,5850
3708,上緯投控,245,30,215,統一,2024-07-05,5850
2382,廣達,225,11,214,統一,2024-07-05,5850
3535,晶彩科,544,336,208,統一,2024-07-05,5850
00909,國泰數位支付服務,287,80,207,統一,2024-07-05,5850
6278,台表科,272,71,201,統一,2024-07-05,5850
2504,國產,202,6,196,統一,2024-07-05,5850
2367,燿華,3874,373,3501,統一,2024-07-08,5850
2891,中信金,3248,82,3166,統一,2024-07-08,5850
2313,華通,2249,313,1936,統一,2024-07-08,5850
00945B,凱基美國非投等債,1292,0,1292,統一,2024-07-08,5850
3045,台灣大,1352,272,1080,統一,2024-07-08,5850
00715L,期街口布蘭特正2,993,1,992,統一,2024-07-08,5850
2520,冠德,1024,91,933,統一,2024-07-08,5850
1536,和大,2252,1432,820,統一,2024-07-08,5850
00753L,中信中國50正2,705,0,705,統一,2024-07-08,5850
00665L,富邦�琤肭磪囓�2,702,0,702,統一,2024-07-08,5850
6153,嘉聯益,1032,334,698,統一,2024-07-08,5850
9105,泰金寶-DR,566,13,553,統一,2024-07-08,5850
2449,京元電子,707,180,527,統一,2024-07-08,5850
5871,中租-KY,503,6,497,統一,2024-07-08,5850
3047,訊舟,557,97,460,統一,2024-07-08,5850
2382,廣達,511,57,454,統一,2024-07-08,5850
4958,臻鼎-KY,587,139,448,統一,2024-07-08,5850
00946,群益科技高息成長,427,1,426,統一,2024-07-08,5850
3094,聯傑,545,155,390,統一,2024-07-08,5850
2451,創見,406,19,387,統一,2024-07-08,5850
2882,國泰金,479,101,378,統一,2024-07-08,5850
00688L,國泰20年美債正2,380,3,377,統一,2024-07-08,5850
3710,連展投控,365,0,365,統一,2024-07-08,5850
3374,精材,777,422,355,統一,2024-07-08,5850
2308,台達電,425,133,292,統一,2024-07-08,5850
2324,仁寶,315,24,291,統一,2024-07-08,5850
3481,群創,951,667,284,統一,2024-07-08,5850
6451,訊芯-KY,363,86,277,統一,2024-07-08,5850
1340,勝悅-KY,272,0,272,統一,2024-07-08,5850
3062,建漢,676,411,265,統一,2024-07-08,5850
020030,統一智慧電動車N,259,9,250,統一,2024-07-08,5850
5475,德宏,246,3,243,統一,2024-07-08,5850
6546,正基,231,6,225,統一,2024-07-08,5850
5225,東科-KY,234,10,224,統一,2024-07-08,5850
3048,益登,334,121,213,統一,2024-07-08,5850
00789B,復華公司債A3,210,0,210,統一,2024-07-08,5850
2614,東森,211,1,210,統一,2024-07-08,5850
3019,亞光,319,109,210,統一,2024-07-08,5850
1569,濱川,398,192,206,統一,2024-07-08,5850
2345,智邦,236,32,204,統一,2024-07-08,5850
3230,錦明,193,0,193,統一,2024-07-08,5850
6869,雲豹能源,289,105,184,統一,2024-07-08,5850
5328,華容,257,76,181,統一,2024-07-08,5850
2464,盟立,1039,863,176,統一,2024-07-08,5850
4906,正文,210,42,168,統一,2024-07-08,5850
3511,矽瑪,170,3,167,統一,2024-07-08,5850
8935,邦泰,167,1,166,統一,2024-07-08,5850
8104,錸寶,250,87,163,統一,2024-07-08,5850
5876,上海商銀,155,4,151,統一,2024-07-08,5850
00919,群益台灣精選高息,239,88,151,統一,2024-07-08,5850
00940,元大台灣價值高息,5339,345,4994,統一,2024-07-09,5850
2889,國票金,2582,3,2579,統一,2024-07-09,5850
8105,凌巨,1369,151,1218,統一,2024-07-09,5850
00715L,期街口布蘭特正2,967,0,967,統一,2024-07-09,5850
6603,富強鑫,795,97,698,統一,2024-07-09,5850
00939,統一台灣高息動能,4322,3662,660,統一,2024-07-09,5850
5426,振發,689,56,633,統一,2024-07-09,5850
2388,威盛,646,26,620,統一,2024-07-09,5850
4958,臻鼎-KY,1010,422,588,統一,2024-07-09,5850
5469,瀚宇博,635,49,586,統一,2024-07-09,5850
3576,聯合再生,569,30,539,統一,2024-07-09,5850
00830,國泰費城半導體,507,18,489,統一,2024-07-09,5850
6869,雲豹能源,464,108,356,統一,2024-07-09,5850
2449,京元電子,1233,910,323,統一,2024-07-09,5850
6806,森崴能源,426,107,319,統一,2024-07-09,5850
6546,正基,461,143,318,統一,2024-07-09,5850
2888,新光金,12463,12145,318,統一,2024-07-09,5850
2455,全新,405,102,303,統一,2024-07-09,5850
2344,華邦電,322,27,295,統一,2024-07-09,5850
2486,一詮,467,190,277,統一,2024-07-09,5850
8089,康全電訊,277,14,263,統一,2024-07-09,5850
3706,神達,329,70,259,統一,2024-07-09,5850
00662,富邦NASDAQ,247,0,247,統一,2024-07-09,5850
00927,群益半導體收益,265,23,242,統一,2024-07-09,5850
3625,西勝,225,0,225,統一,2024-07-09,5850
020030,統一智慧電動車N,235,11,224,統一,2024-07-09,5850
5443,均豪,794,571,223,統一,2024-07-09,5850
2454,聯發科,289,68,221,統一,2024-07-09,5850
6442,光聖,260,45,215,統一,2024-07-09,5850
2365,昆盈,699,485,214,統一,2024-07-09,5850
9902,台火,211,1,210,統一,2024-07-09,5850
2392,正崴,1025,835,190,統一,2024-07-09,5850
2059,川湖,193,15,178,統一,2024-07-09,5850
2379,瑞昱,188,25,163,統一,2024-07-09,5850
6005,群益證,160,0,160,統一,2024-07-09,5850
5460,同協,153,0,153,統一,2024-07-09,5850
2061,風青,153,0,153,統一,2024-07-09,5850
1617,榮星,243,91,152,統一,2024-07-09,5850
6811,宏�硌穈T,164,17,147,統一,2024-07-09,5850
8440,綠電,212,68,144,統一,2024-07-09,5850
1216,統一,160,22,138,統一,2024-07-09,5850
3685,元創精密,163,28,135,統一,2024-07-09,5850
4533,協易機,219,85,134,統一,2024-07-09,5850
3312,弘憶股,1017,886,131,統一,2024-07-09,5850
5258,虹堡,123,0,123,統一,2024-07-09,5850
3379,彬台,142,20,122,統一,2024-07-09,5850
3060,銘異,123,4,119,統一,2024-07-09,5850
3686,達能,149,36,113,統一,2024-07-09,5850
1618,合機,212,101,111,統一,2024-07-09,5850
2881,富邦金,212,108,104,統一,2024-07-09,5850
00940,元大台灣價值高息,7133,114,7019,統一,2024-07-10,5850
4904,遠傳,1276,30,1246,統一,2024-07-10,5850
3312,弘憶股,2221,1128,1093,統一,2024-07-10,5850
2365,昆盈,1187,146,1041,統一,2024-07-10,5850
1513,中興電,1597,654,943,統一,2024-07-10,5850
2537,聯上發,1401,532,869,統一,2024-07-10,5850
2308,台達電,908,61,847,統一,2024-07-10,5850
2610,華航,1372,551,821,統一,2024-07-10,5850
00646,元大S＆P500,650,0,650,統一,2024-07-10,5850
2618,長榮航,965,394,571,統一,2024-07-10,5850
00715L,期街口布蘭特正2,537,0,537,統一,2024-07-10,5850
2392,正崴,1086,581,505,統一,2024-07-10,5850
2356,英業達,573,93,480,統一,2024-07-10,5850
00662,富邦NASDAQ,471,0,471,統一,2024-07-10,5850
2388,威盛,583,112,471,統一,2024-07-10,5850
00720B,元大投資級公司債,435,10,425,統一,2024-07-10,5850
2891,中信金,649,251,398,統一,2024-07-10,5850
2313,華通,781,386,395,統一,2024-07-10,5850
3163,波若威,649,290,359,統一,2024-07-10,5850
4958,臻鼎-KY,740,387,353,統一,2024-07-10,5850
2464,盟立,884,531,353,統一,2024-07-10,5850
2243,宏旭-KY,401,49,352,統一,2024-07-10,5850
9939,宏全,316,10,306,統一,2024-07-10,5850
8374,羅昇,362,85,277,統一,2024-07-10,5850
2486,一詮,331,61,270,統一,2024-07-10,5850
2489,瑞軒,332,66,266,統一,2024-07-10,5850
00931B,統一美債20年,451,200,251,統一,2024-07-10,5850
3376,新日興,420,173,247,統一,2024-07-10,5850
2357,華碩,236,14,222,統一,2024-07-10,5850
3189,景碩,230,18,212,統一,2024-07-10,5850
5534,長虹,207,4,203,統一,2024-07-10,5850
6462,神盾,251,54,197,統一,2024-07-10,5850
2362,藍天,191,0,191,統一,2024-07-10,5850
6188,廣明,211,28,183,統一,2024-07-10,5850
3013,晟銘電,286,106,180,統一,2024-07-10,5850
2409,友達,299,122,177,統一,2024-07-10,5850
00876,元大全球5G,175,0,175,統一,2024-07-10,5850
8107,大億金茂,180,7,173,統一,2024-07-10,5850
4903,聯光通,171,0,171,統一,2024-07-10,5850
2059,川湖,169,4,165,統一,2024-07-10,5850
00830,國泰費城半導體,162,2,160,統一,2024-07-10,5850
5202,力新,159,2,157,統一,2024-07-10,5850
2883,凱基金,437,282,155,統一,2024-07-10,5850
8104,錸寶,208,54,154,統一,2024-07-10,5850
020030,統一智慧電動車N,152,5,147,統一,2024-07-10,5850
6706,惠特,277,131,146,統一,2024-07-10,5850
3535,晶彩科,153,7,146,統一,2024-07-10,5850
2349,錸德,190,47,143,統一,2024-07-10,5850
8086,宏捷科,154,11,143,統一,2024-07-10,5850
4906,正文,521,380,141,統一,2024-07-10,5850
2349,錸德,5400,87,5313,統一,2024-07-11,5850
006208,富邦台50,4030,602,3428,統一,2024-07-11,5850
3710,連展投控,1838,4,1834,統一,2024-07-11,5850
3037,欣興,1566,179,1387,統一,2024-07-11,5850
4927,泰鼎-KY,940,8,932,統一,2024-07-11,5850
1409,新纖,722,0,722,統一,2024-07-11,5850
3189,景碩,825,156,669,統一,2024-07-11,5850
4566,時碩工業,625,44,581,統一,2024-07-11,5850
00646,元大S＆P500,578,0,578,統一,2024-07-11,5850
2606,裕民,625,59,566,統一,2024-07-11,5850
4306,炎洲,582,24,558,統一,2024-07-11,5850
2356,英業達,1653,1159,494,統一,2024-07-11,5850
00715L,期街口布蘭特正2,490,4,486,統一,2024-07-11,5850
00632R,元大台灣50反1,732,273,459,統一,2024-07-11,5850
3706,神達,640,195,445,統一,2024-07-11,5850
6271,同欣電,471,36,435,統一,2024-07-11,5850
00876,元大全球5G,417,0,417,統一,2024-07-11,5850
3711,日月光投控,451,41,410,統一,2024-07-11,5850
00676R,富邦臺灣加權反1,410,0,410,統一,2024-07-11,5850
8440,綠電,393,4,389,統一,2024-07-11,5850
8390,金益鼎,411,25,386,統一,2024-07-11,5850
6278,台表科,499,123,376,統一,2024-07-11,5850
5258,虹堡,368,3,365,統一,2024-07-11,5850
00861,元大全球未來通訊,365,0,365,統一,2024-07-11,5850
2338,光罩,426,69,357,統一,2024-07-11,5850
2881,富邦金,507,156,351,統一,2024-07-11,5850
1709,和益,348,0,348,統一,2024-07-11,5850
2453,凌群,438,115,323,統一,2024-07-11,5850
3230,錦明,300,0,300,統一,2024-07-11,5850
1540,喬福,303,10,293,統一,2024-07-11,5850
9945,潤泰新,336,45,291,統一,2024-07-11,5850
2351,順德,311,26,285,統一,2024-07-11,5850
3535,晶彩科,286,3,283,統一,2024-07-11,5850
00923,群益台ESG低碳50,315,33,282,統一,2024-07-11,5850
3665,貿聯-KY,302,24,278,統一,2024-07-11,5850
3707,漢磊,394,121,273,統一,2024-07-11,5850
00764B,群益25年美債,2258,2003,255,統一,2024-07-11,5850
1102,亞泥,257,5,252,統一,2024-07-11,5850
00864B,中信美國公債0-1,244,0,244,統一,2024-07-11,5850
6223,旺矽,246,10,236,統一,2024-07-11,5850
2492,華新科,395,160,235,統一,2024-07-11,5850
00725B,國泰投資級公司債,248,15,233,統一,2024-07-11,5850
3607,谷崧,446,217,229,統一,2024-07-11,5850
1777,生泰,307,79,228,統一,2024-07-11,5850
3105,穩懋,285,57,228,統一,2024-07-11,5850
3339,泰谷,220,0,220,統一,2024-07-11,5850
8358,金居,445,227,218,統一,2024-07-11,5850
1402,遠東新,931,715,216,統一,2024-07-11,5850
6269,台郡,212,2,210,統一,2024-07-11,5850
00950B,凱基A級公司債,207,2,205,統一,2024-07-11,5850
2489,瑞軒,5816,140,5676,統一,2024-07-12,5850
2356,英業達,3136,783,2353,統一,2024-07-12,5850
2349,錸德,2183,296,1887,統一,2024-07-12,5850
8105,凌巨,1695,61,1634,統一,2024-07-12,5850
00940,元大台灣價值高息,1556,90,1466,統一,2024-07-12,5850
00830,國泰費城半導體,1408,60,1348,統一,2024-07-12,5850
00679B,元大美債20年,1488,237,1251,統一,2024-07-12,5850
2888,新光金,11381,10131,1250,統一,2024-07-12,5850
3481,群創,1710,612,1098,統一,2024-07-12,5850
3189,景碩,1928,1021,907,統一,2024-07-12,5850
1608,華榮,1160,275,885,統一,2024-07-12,5850
00662,富邦NASDAQ,806,0,806,統一,2024-07-12,5850
9105,泰金寶-DR,1112,307,805,統一,2024-07-12,5850
3535,晶彩科,857,82,775,統一,2024-07-12,5850
00945B,凱基美國非投等債,705,4,701,統一,2024-07-12,5850
1536,和大,790,127,663,統一,2024-07-12,5850
8103,瀚荃,725,68,657,統一,2024-07-12,5850
3374,精材,811,211,600,統一,2024-07-12,5850
00939,統一台灣高息動能,641,42,599,統一,2024-07-12,5850
3379,彬台,744,149,595,統一,2024-07-12,5850
9933,中鼎,514,10,504,統一,2024-07-12,5850
00919,群益台灣精選高息,591,105,486,統一,2024-07-12,5850
2409,友達,1080,650,430,統一,2024-07-12,5850
2449,京元電子,1170,776,394,統一,2024-07-12,5850
3022,威強電,541,151,390,統一,2024-07-12,5850
1721,三晃,317,5,312,統一,2024-07-12,5850
2548,華固,349,37,312,統一,2024-07-12,5850
00893,國泰智能電動車,308,5,303,統一,2024-07-12,5850
1513,中興電,604,303,301,統一,2024-07-12,5850
00713,元大台灣高息低波,304,6,298,統一,2024-07-12,5850
4927,泰鼎-KY,303,10,293,統一,2024-07-12,5850
4958,臻鼎-KY,650,358,292,統一,2024-07-12,5850
00929,復華台灣科技優息,287,16,271,統一,2024-07-12,5850
4960,誠美材,287,39,248,統一,2024-07-12,5850
2915,潤泰全,368,121,247,統一,2024-07-12,5850
00881,國泰台灣5G+,468,249,219,統一,2024-07-12,5850
5258,虹堡,214,3,211,統一,2024-07-12,5850
2330,台積電,375,169,206,統一,2024-07-12,5850
8028,昇陽半導體,289,94,195,統一,2024-07-12,5850
2365,昆盈,480,287,193,統一,2024-07-12,5850
00927,群益半導體收益,218,27,191,統一,2024-07-12,5850
3021,鴻名,183,0,183,統一,2024-07-12,5850
6151,晉倫,244,66,178,統一,2024-07-12,5850
00772B,中信高評級公司債,200,26,174,統一,2024-07-12,5850
00878,國泰永續高股息,173,3,170,統一,2024-07-12,5850
00891,中信關鍵半導體,165,0,165,統一,2024-07-12,5850
00934,中信成長高股息,163,1,162,統一,2024-07-12,5850
00892,富邦台灣半導體,169,11,158,統一,2024-07-12,5850
6449,鈺邦,401,243,158,統一,2024-07-12,5850
8104,錸寶,182,26,156,統一,2024-07-12,5850
00679B,元大美債20年,3050,3,3047,統一,2024-07-15,5850
00940,元大台灣價值高息,3044,37,3007,統一,2024-07-15,5850
2889,國票金,2605,6,2599,統一,2024-07-15,5850
00687B,國泰20年美債,1307,21,1286,統一,2024-07-15,5850
2888,新光金,1388,108,1280,統一,2024-07-15,5850
00665L,富邦�琤肭磪囓�2,1028,10,1018,統一,2024-07-15,5850
2455,全新,775,16,759,統一,2024-07-15,5850
1304,台聚,651,2,649,統一,2024-07-15,5850
2368,金像電,636,50,586,統一,2024-07-15,5850
2382,廣達,521,14,507,統一,2024-07-15,5850
3450,聯鈞,657,195,462,統一,2024-07-15,5850
00662,富邦NASDAQ,461,0,461,統一,2024-07-15,5850
3665,貿聯-KY,463,27,436,統一,2024-07-15,5850
00637L,元大滬深300正2,459,30,429,統一,2024-07-15,5850
00696B,富邦美債20年,388,0,388,統一,2024-07-15,5850
00764B,群益25年美債,2393,2010,383,統一,2024-07-15,5850
2344,華邦電,376,9,367,統一,2024-07-15,5850
00830,國泰費城半導體,400,39,361,統一,2024-07-15,5850
00646,元大S＆P500,360,1,359,統一,2024-07-15,5850
3596,智易,395,40,355,統一,2024-07-15,5850
6684,安格,349,7,342,統一,2024-07-15,5850
00939,統一台灣高息動能,400,71,329,統一,2024-07-15,5850
5880,合庫金,297,0,297,統一,2024-07-15,5850
4938,和碩,336,44,292,統一,2024-07-15,5850
6177,達麗,292,4,288,統一,2024-07-15,5850
2867,三商壽,307,19,288,統一,2024-07-15,5850
00944,野村趨勢動能高息,309,23,286,統一,2024-07-15,5850
3019,亞光,463,211,252,統一,2024-07-15,5850
2538,基泰,364,113,251,統一,2024-07-15,5850
00753L,中信中國50正2,250,0,250,統一,2024-07-15,5850
3711,日月光投控,338,91,247,統一,2024-07-15,5850
2913,農林,251,11,240,統一,2024-07-15,5850
6239,力成,249,15,234,統一,2024-07-15,5850
00772B,中信高評級公司債,221,0,221,統一,2024-07-15,5850
00795B,中信美國公債20年,262,46,216,統一,2024-07-15,5850
5309,系統電,237,26,211,統一,2024-07-15,5850
3163,波若威,337,126,211,統一,2024-07-15,5850
6462,神盾,330,125,205,統一,2024-07-15,5850
00857B,永豐20年美公債,200,0,200,統一,2024-07-15,5850
2610,華航,440,271,169,統一,2024-07-15,5850
6213,聯茂,292,126,166,統一,2024-07-15,5850
2537,聯上發,221,56,165,統一,2024-07-15,5850
4956,光鋐,197,33,164,統一,2024-07-15,5850
2520,冠德,206,47,159,統一,2024-07-15,5850
5534,長虹,165,7,158,統一,2024-07-15,5850
2377,微星,167,10,157,統一,2024-07-15,5850
1449,佳和,155,0,155,統一,2024-07-15,5850
8112,至上,180,29,151,統一,2024-07-15,5850
6278,台表科,188,37,151,統一,2024-07-15,5850
1477,聚陽,186,42,144,統一,2024-07-15,5850
8105,凌巨,1595,115,1480,統一,2024-07-16,5850
3013,晟銘電,1625,273,1352,統一,2024-07-16,5850
2537,聯上發,2299,1111,1188,統一,2024-07-16,5850
2888,新光金,2288,1204,1084,統一,2024-07-16,5850
2402,毅嘉,1010,12,998,統一,2024-07-16,5850
2903,遠百,1003,35,968,統一,2024-07-16,5850
00940,元大台灣價值高息,1019,51,968,統一,2024-07-16,5850
5328,華容,1013,152,861,統一,2024-07-16,5850
2538,基泰,965,142,823,統一,2024-07-16,5850
4906,正文,659,76,583,統一,2024-07-16,5850
3037,欣興,920,339,581,統一,2024-07-16,5850
2915,潤泰全,637,61,576,統一,2024-07-16,5850
3706,神達,691,132,559,統一,2024-07-16,5850
2520,冠德,659,102,557,統一,2024-07-16,5850
2317,鴻海,1240,733,507,統一,2024-07-16,5850
5521,工信,471,0,471,統一,2024-07-16,5850
6117,迎廣,589,121,468,統一,2024-07-16,5850
1582,信錦,522,78,444,統一,2024-07-16,5850
8936,國統,650,251,399,統一,2024-07-16,5850
8927,北基,393,3,390,統一,2024-07-16,5850
3673,TPK-KY,443,66,377,統一,2024-07-16,5850
2449,京元電子,516,149,367,統一,2024-07-16,5850
00719B,元大美債1-3,351,0,351,統一,2024-07-16,5850
3231,緯創,731,383,348,統一,2024-07-16,5850
3294,英濟,359,21,338,統一,2024-07-16,5850
2542,興富發,530,212,318,統一,2024-07-16,5850
1409,新纖,332,20,312,統一,2024-07-16,5850
00632R,元大台灣50反1,306,1,305,統一,2024-07-16,5850
3481,群創,1070,776,294,統一,2024-07-16,5850
2301,光寶科,299,19,280,統一,2024-07-16,5850
00722B,群益投資級電信債,1185,908,277,統一,2024-07-16,5850
00795B,中信美國公債20年,570,300,270,統一,2024-07-16,5850
4566,時碩工業,389,134,255,統一,2024-07-16,5850
00740B,富邦全球投等債,490,239,251,統一,2024-07-16,5850
8935,邦泰,246,0,246,統一,2024-07-16,5850
3035,智原,346,105,241,統一,2024-07-16,5850
2388,威盛,292,62,230,統一,2024-07-16,5850
00756B,群益投等新興公債,252,25,227,統一,2024-07-16,5850
3010,華立,238,29,209,統一,2024-07-16,5850
2431,聯昌,205,0,205,統一,2024-07-16,5850
2883,凱基金,356,153,203,統一,2024-07-16,5850
00757,統一FANG+,200,0,200,統一,2024-07-16,5850
2548,華固,213,25,188,統一,2024-07-16,5850
6155,鈞寶,187,2,185,統一,2024-07-16,5850
3094,聯傑,194,22,172,統一,2024-07-16,5850
00864B,中信美國公債0-1,166,0,166,統一,2024-07-16,5850
9945,潤泰新,276,111,165,統一,2024-07-16,5850
3297,杭特,153,1,152,統一,2024-07-16,5850
6177,達麗,177,26,151,統一,2024-07-16,5850
4968,立積,189,39,150,統一,2024-07-16,5850
3481,群創,8222,2367,5855,統一,2024-07-17,5850
2520,冠德,2213,198,2015,統一,2024-07-17,5850
1611,中電,1767,69,1698,統一,2024-07-17,5850
00795B,中信美國公債20年,3055,1361,1694,統一,2024-07-17,5850
0056,元大高股息,1681,4,1677,統一,2024-07-17,5850
3189,景碩,1929,346,1583,統一,2024-07-17,5850
00940,元大台灣價值高息,1518,91,1427,統一,2024-07-17,5850
00650L,復華香港正2,1081,67,1014,統一,2024-07-17,5850
8105,凌巨,2509,1528,981,統一,2024-07-17,5850
3037,欣興,1357,464,893,統一,2024-07-17,5850
9945,潤泰新,978,293,685,統一,2024-07-17,5850
6125,廣運,737,106,631,統一,2024-07-17,5850
8054,安國,798,182,616,統一,2024-07-17,5850
00725B,國泰投資級公司債,575,40,535,統一,2024-07-17,5850
00719B,元大美債1-3,485,3,482,統一,2024-07-17,5850
2882,國泰金,634,164,470,統一,2024-07-17,5850
4909,新復興,607,164,443,統一,2024-07-17,5850
00632R,元大台灣50反1,655,220,435,統一,2024-07-17,5850
3163,波若威,729,325,404,統一,2024-07-17,5850
2301,光寶科,427,29,398,統一,2024-07-17,5850
3450,聯鈞,805,412,393,統一,2024-07-17,5850
6163,華電網,374,17,357,統一,2024-07-17,5850
2444,兆勁,314,0,314,統一,2024-07-17,5850
5521,工信,300,0,300,統一,2024-07-17,5850
6264,富裔,300,2,298,統一,2024-07-17,5850
2913,農林,330,34,296,統一,2024-07-17,5850
1608,華榮,522,228,294,統一,2024-07-17,5850
2884,玉山金,313,27,286,統一,2024-07-17,5850
6890,來億-KY,282,8,274,統一,2024-07-17,5850
2365,昆盈,763,491,272,統一,2024-07-17,5850
2542,興富發,746,475,271,統一,2024-07-17,5850
8046,南電,275,19,256,統一,2024-07-17,5850
2409,友達,548,297,251,統一,2024-07-17,5850
2027,大成鋼,285,34,251,統一,2024-07-17,5850
4977,眾達-KY,276,29,247,統一,2024-07-17,5850
9938,百和,249,6,243,統一,2024-07-17,5850
3230,錦明,256,15,241,統一,2024-07-17,5850
2002,中鋼,245,6,239,統一,2024-07-17,5850
00864B,中信美國公債0-1,230,0,230,統一,2024-07-17,5850
2504,國產,233,8,225,統一,2024-07-17,5850
5263,智崴,256,34,222,統一,2024-07-17,5850
1709,和益,225,10,215,統一,2024-07-17,5850
2354,鴻準,241,26,215,統一,2024-07-17,5850
2349,錸德,570,362,208,統一,2024-07-17,5850
5534,長虹,263,58,205,統一,2024-07-17,5850
6271,同欣電,274,69,205,統一,2024-07-17,5850
2516,新建,204,0,204,統一,2024-07-17,5850
1449,佳和,209,7,202,統一,2024-07-17,5850
6269,台郡,201,3,198,統一,2024-07-17,5850
3535,晶彩科,368,171,197,統一,2024-07-17,5850
1402,遠東新,3833,76,3757,統一,2024-07-18,5850
3481,群創,5303,2452,2851,統一,2024-07-18,5850
2520,冠德,2618,505,2113,統一,2024-07-18,5850
00939,統一台灣高息動能,1804,630,1174,統一,2024-07-18,5850
00695B,富邦美債7-10,1143,25,1118,統一,2024-07-18,5850
2509,全坤建,1001,10,991,統一,2024-07-18,5850
00720B,元大投資級公司債,1004,16,988,統一,2024-07-18,5850
1784,訊聯,1019,48,971,統一,2024-07-18,5850
2542,興富發,1177,216,961,統一,2024-07-18,5850
4916,事欣科,852,32,820,統一,2024-07-18,5850
1326,台化,706,8,698,統一,2024-07-18,5850
2354,鴻準,657,99,558,統一,2024-07-18,5850
8011,台通,649,156,493,統一,2024-07-18,5850
2615,萬海,510,26,484,統一,2024-07-18,5850
2313,華通,841,395,446,統一,2024-07-18,5850
5009,榮剛,440,17,423,統一,2024-07-18,5850
1722,台肥,414,2,412,統一,2024-07-18,5850
3516,亞帝歐,336,7,329,統一,2024-07-18,5850
4113,聯上,325,6,319,統一,2024-07-18,5850
2014,中鴻,313,1,312,統一,2024-07-18,5850
5521,工信,297,0,297,統一,2024-07-18,5850
2881,富邦金,408,124,284,統一,2024-07-18,5850
2204,中華,302,19,283,統一,2024-07-18,5850
5512,力麒,496,220,276,統一,2024-07-18,5850
5439,高技,321,46,275,統一,2024-07-18,5850
3518,柏騰,381,130,251,統一,2024-07-18,5850
9904,寶成,272,30,242,統一,2024-07-18,5850
00927,群益半導體收益,245,4,241,統一,2024-07-18,5850
2332,友訊,251,27,224,統一,2024-07-18,5850
00773B,中信優先金融債,216,0,216,統一,2024-07-18,5850
00940,元大台灣價值高息,447,232,215,統一,2024-07-18,5850
00706L,期元大S＆P日圓正2,205,0,205,統一,2024-07-18,5850
8039,台虹,200,5,195,統一,2024-07-18,5850
3379,彬台,193,0,193,統一,2024-07-18,5850
2614,東森,200,9,191,統一,2024-07-18,5850
6187,萬潤,320,131,189,統一,2024-07-18,5850
8936,國統,352,165,187,統一,2024-07-18,5850
00751B,元大AAA至A公司債,197,16,181,統一,2024-07-18,5850
00857B,永豐20年美公債,180,0,180,統一,2024-07-18,5850
2402,毅嘉,262,96,166,統一,2024-07-18,5850
2243,宏旭-KY,165,11,154,統一,2024-07-18,5850
3702,大聯大,190,40,150,統一,2024-07-18,5850
1701,中化,150,0,150,統一,2024-07-18,5850
6603,富強鑫,154,4,150,統一,2024-07-18,5850
00929,復華台灣科技優息,222,78,144,統一,2024-07-18,5850
00687B,國泰20年美債,225,82,143,統一,2024-07-18,5850
2884,玉山金,519,379,140,統一,2024-07-18,5850
2890,永豐金,153,14,139,統一,2024-07-18,5850
1702,南僑,130,0,130,統一,2024-07-18,5850
2883,凱基金,445,316,129,統一,2024-07-18,5850
2889,國票金,1761,2,1759,統一,2024-07-19,5850
3711,日月光投控,1233,72,1161,統一,2024-07-19,5850
1611,中電,1086,79,1007,統一,2024-07-19,5850
2449,京元電子,1011,59,952,統一,2024-07-19,5850
1504,東元,951,24,927,統一,2024-07-19,5850
2884,玉山金,1264,340,924,統一,2024-07-19,5850
4566,時碩工業,761,116,645,統一,2024-07-19,5850
6005,群益證,469,24,445,統一,2024-07-19,5850
00940,元大台灣價值高息,500,78,422,統一,2024-07-19,5850
00830,國泰費城半導體,421,19,402,統一,2024-07-19,5850
8096,擎亞,521,131,390,統一,2024-07-19,5850
5443,均豪,717,333,384,統一,2024-07-19,5850
2103,台橡,350,1,349,統一,2024-07-19,5850
2888,新光金,799,489,310,統一,2024-07-19,5850
2542,興富發,927,620,307,統一,2024-07-19,5850
3379,彬台,329,23,306,統一,2024-07-19,5850
4510,高鋒,345,41,304,統一,2024-07-19,5850
00725B,國泰投資級公司債,296,0,296,統一,2024-07-19,5850
00701,國泰股利精選30,290,0,290,統一,2024-07-19,5850
2360,致茂,271,1,270,統一,2024-07-19,5850
2243,宏旭-KY,451,192,259,統一,2024-07-19,5850
2885,元大金,341,93,248,統一,2024-07-19,5850
2845,遠東銀,228,1,227,統一,2024-07-19,5850
5258,虹堡,226,3,223,統一,2024-07-19,5850
00939,統一台灣高息動能,233,20,213,統一,2024-07-19,5850
3376,新日興,272,61,211,統一,2024-07-19,5850
3013,晟銘電,351,143,208,統一,2024-07-19,5850
00673R,期元大S＆P原油反1,200,0,200,統一,2024-07-19,5850
1529,樂事綠能,223,27,196,統一,2024-07-19,5850
2867,三商壽,235,45,190,統一,2024-07-19,5850
3686,達能,188,1,187,統一,2024-07-19,5850
2913,農林,300,121,179,統一,2024-07-19,5850
1402,遠東新,185,14,171,統一,2024-07-19,5850
5328,華容,167,0,167,統一,2024-07-19,5850
2345,智邦,169,4,165,統一,2024-07-19,5850
6598,ABC-KY,170,7,163,統一,2024-07-19,5850
8935,邦泰,157,0,157,統一,2024-07-19,5850
8112,至上,172,16,156,統一,2024-07-19,5850
3264,欣銓,164,12,152,統一,2024-07-19,5850
2903,遠百,151,0,151,統一,2024-07-19,5850
3583,辛耘,219,77,142,統一,2024-07-19,5850
2637,慧洋-KY,191,50,141,統一,2024-07-19,5850
00720B,元大投資級公司債,156,15,141,統一,2024-07-19,5850
3045,台灣大,142,6,136,統一,2024-07-19,5850
0056,元大高股息,154,20,134,統一,2024-07-19,5850
6585,鼎基,132,1,131,統一,2024-07-19,5850
2548,華固,190,61,129,統一,2024-07-19,5850
3022,威強電,160,41,119,統一,2024-07-19,5850
2809,京城銀,123,9,114,統一,2024-07-19,5850
1456,怡華,125,20,105,統一,2024-07-19,5850
2883,凱基金,2625,182,2443,統一,2024-07-22,5850
00939,統一台灣高息動能,2672,418,2254,統一,2024-07-22,5850
00679B,元大美債20年,2299,307,1992,統一,2024-07-22,5850
00680L,元大美債20正2,1257,3,1254,統一,2024-07-22,5850
2006,東和鋼鐵,1001,0,1001,統一,2024-07-22,5850
00930,永豐ESG低碳高息,1000,31,969,統一,2024-07-22,5850
00878,國泰永續高股息,854,189,665,統一,2024-07-22,5850
3481,群創,1217,695,522,統一,2024-07-22,5850
4510,高鋒,587,108,479,統一,2024-07-22,5850
5483,中美晶,478,39,439,統一,2024-07-22,5850
00937B,群益ESG投等債20,969,538,431,統一,2024-07-22,5850
2359,所羅門,1354,970,384,統一,2024-07-22,5850
2845,遠東銀,385,3,382,統一,2024-07-22,5850
00795B,中信美國公債20年,545,170,375,統一,2024-07-22,5850
3711,日月光投控,442,95,347,統一,2024-07-22,5850
2382,廣達,377,35,342,統一,2024-07-22,5850
6806,森崴能源,698,401,297,統一,2024-07-22,5850
0056,元大高股息,338,61,277,統一,2024-07-22,5850
0050,元大台灣50,296,22,274,統一,2024-07-22,5850
00881,國泰台灣5G+,453,210,243,統一,2024-07-22,5850
4938,和碩,273,37,236,統一,2024-07-22,5850
6901,鑽石投資,260,36,224,統一,2024-07-22,5850
8936,國統,284,64,220,統一,2024-07-22,5850
2303,聯電,276,66,210,統一,2024-07-22,5850
020033,統一�琤肮黕篾,205,0,205,統一,2024-07-22,5850
9945,潤泰新,381,193,188,統一,2024-07-22,5850
3363,上詮,190,7,183,統一,2024-07-22,5850
6111,大宇資,256,81,175,統一,2024-07-22,5850
3713,新晶投控,211,38,173,統一,2024-07-22,5850
00892,富邦台灣半導體,163,1,162,統一,2024-07-22,5850
2454,聯發科,205,52,153,統一,2024-07-22,5850
00917,中信特選金融,153,0,153,統一,2024-07-22,5850
00692,富邦公司治理,158,6,152,統一,2024-07-22,5850
2313,華通,232,82,150,統一,2024-07-22,5850
1210,大成,150,1,149,統一,2024-07-22,5850
00882,中信中國高股息,185,36,149,統一,2024-07-22,5850
3379,彬台,153,9,144,統一,2024-07-22,5850
9938,百和,144,2,142,統一,2024-07-22,5850
2534,宏盛,139,0,139,統一,2024-07-22,5850
00918,大華優利高填息30,162,24,138,統一,2024-07-22,5850
3686,達能,157,22,135,統一,2024-07-22,5850
2915,潤泰全,164,29,135,統一,2024-07-22,5850
5364,力麗店,142,8,134,統一,2024-07-22,5850
4904,遠傳,137,4,133,統一,2024-07-22,5850
2618,長榮航,306,175,131,統一,2024-07-22,5850
2867,三商壽,174,47,127,統一,2024-07-22,5850
00940,元大台灣價值高息,222,97,125,統一,2024-07-22,5850
2408,南亞科,147,28,119,統一,2024-07-22,5850
8436,大江,120,2,118,統一,2024-07-22,5850
2610,華航,223,106,117,統一,2024-07-22,5850
3711,日月光投控,2749,48,2701,統一,2024-07-23,5850
00680L,元大美債20正2,3290,590,2700,統一,2024-07-23,5850
2610,華航,1576,378,1198,統一,2024-07-23,5850
2618,長榮航,1782,692,1090,統一,2024-07-23,5850
2301,光寶科,1139,54,1085,統一,2024-07-23,5850
00632R,元大台灣50反1,3521,2705,816,統一,2024-07-23,5850
2367,燿華,1502,689,813,統一,2024-07-23,5850
3037,欣興,858,225,633,統一,2024-07-23,5850
00795B,中信美國公債20年,577,0,577,統一,2024-07-23,5850
00687B,國泰20年美債,581,5,576,統一,2024-07-23,5850
2449,京元電子,772,227,545,統一,2024-07-23,5850
00650L,復華香港正2,1094,555,539,統一,2024-07-23,5850
2520,冠德,599,83,516,統一,2024-07-23,5850
6177,達麗,560,65,495,統一,2024-07-23,5850
2243,宏旭-KY,606,130,476,統一,2024-07-23,5850
2474,可成,475,4,471,統一,2024-07-23,5850
2439,美律,496,56,440,統一,2024-07-23,5850
3188,鑫龍騰,430,6,424,統一,2024-07-23,5850
8054,安國,554,137,417,統一,2024-07-23,5850
2540,愛山林,453,55,398,統一,2024-07-23,5850
3376,新日興,593,199,394,統一,2024-07-23,5850
00696B,富邦美債20年,380,0,380,統一,2024-07-23,5850
00764B,群益25年美債,1481,1116,365,統一,2024-07-23,5850
8028,昇陽半導體,665,303,362,統一,2024-07-23,5850
2880,華南金,340,7,333,統一,2024-07-23,5850
6239,力成,341,9,332,統一,2024-07-23,5850
9105,泰金寶-DR,332,0,332,統一,2024-07-23,5850
2609,陽明,560,234,326,統一,2024-07-23,5850
00688L,國泰20年美債正2,393,76,317,統一,2024-07-23,5850
2408,南亞科,336,21,315,統一,2024-07-23,5850
2303,聯電,388,96,292,統一,2024-07-23,5850
2382,廣達,272,16,256,統一,2024-07-23,5850
2913,農林,250,0,250,統一,2024-07-23,5850
9945,潤泰新,328,93,235,統一,2024-07-23,5850
2103,台橡,250,24,226,統一,2024-07-23,5850
5519,隆大,228,6,222,統一,2024-07-23,5850
2317,鴻海,671,467,204,統一,2024-07-23,5850
1540,喬福,213,21,192,統一,2024-07-23,5850
2107,厚生,190,7,183,統一,2024-07-23,5850
2615,萬海,356,182,174,統一,2024-07-23,5850
2603,長榮,408,235,173,統一,2024-07-23,5850
2915,潤泰全,176,7,169,統一,2024-07-23,5850
6021,美好證,162,0,162,統一,2024-07-23,5850
00940,元大台灣價值高息,185,34,151,統一,2024-07-23,5850
2504,國產,288,141,147,統一,2024-07-23,5850
5534,長虹,152,6,146,統一,2024-07-23,5850
6270,倍微,146,4,142,統一,2024-07-23,5850
00772B,中信高評級公司債,126,0,126,統一,2024-07-23,5850
2356,英業達,200,76,124,統一,2024-07-23,5850
3035,智原,207,84,123,統一,2024-07-23,5850
2888,新光金,14270,7063,7207,統一,2024-07-26,5850
6239,力成,2306,32,2274,統一,2024-07-26,5850
2884,玉山金,2482,236,2246,統一,2024-07-26,5850
2393,億光,2072,63,2009,統一,2024-07-26,5850
2610,華航,1633,265,1368,統一,2024-07-26,5850
3481,群創,2425,1066,1359,統一,2024-07-26,5850
3711,日月光投控,1452,144,1308,統一,2024-07-26,5850
2367,燿華,1389,104,1285,統一,2024-07-26,5850
8028,昇陽半導體,1249,100,1149,統一,2024-07-26,5850
3702,大聯大,1091,13,1078,統一,2024-07-26,5850
2027,大成鋼,1083,6,1077,統一,2024-07-26,5850
2206,三陽工業,781,3,778,統一,2024-07-26,5850
1449,佳和,746,54,692,統一,2024-07-26,5850
3010,華立,676,2,674,統一,2024-07-26,5850
2312,金寶,667,77,590,統一,2024-07-26,5850
00722B,群益投資級電信債,1552,999,553,統一,2024-07-26,5850
2354,鴻準,601,54,547,統一,2024-07-26,5850
2324,仁寶,579,67,512,統一,2024-07-26,5850
00950B,凱基A級公司債,488,0,488,統一,2024-07-26,5850
00751B,元大AAA至A公司債,478,0,478,統一,2024-07-26,5850
2633,台灣高鐵,377,4,373,統一,2024-07-26,5850
00942B,台新美A公司債20+,356,0,356,統一,2024-07-26,5850
2408,南亞科,395,44,351,統一,2024-07-26,5850
00830,國泰費城半導體,400,56,344,統一,2024-07-26,5850
2609,陽明,775,437,338,統一,2024-07-26,5850
2313,華通,373,45,328,統一,2024-07-26,5850
1722,台肥,327,1,326,統一,2024-07-26,5850
00725B,國泰投資級公司債,376,52,324,統一,2024-07-26,5850
1104,環泥,311,0,311,統一,2024-07-26,5850
1712,興農,298,16,282,統一,2024-07-26,5850
4933,友輝,253,8,245,統一,2024-07-26,5850
2103,台橡,269,25,244,統一,2024-07-26,5850
9945,潤泰新,490,254,236,統一,2024-07-26,5850
2883,凱基金,379,146,233,統一,2024-07-26,5850
2516,新建,216,2,214,統一,2024-07-26,5850
6806,森崴能源,291,78,213,統一,2024-07-26,5850
5521,工信,200,0,200,統一,2024-07-26,5850
2913,農林,188,0,188,統一,2024-07-26,5850
00945B,凱基美國非投等債,183,0,183,統一,2024-07-26,5850
4510,高鋒,220,38,182,統一,2024-07-26,5850
1504,東元,199,25,174,統一,2024-07-26,5850
6442,光聖,189,26,163,統一,2024-07-26,5850
2204,中華,164,10,154,統一,2024-07-26,5850
2330,台積電,427,276,151,統一,2024-07-26,5850
3105,穩懋,216,65,151,統一,2024-07-26,5850
00642U,期元大S＆P石油,150,0,150,統一,2024-07-26,5850
2243,宏旭-KY,222,86,136,統一,2024-07-26,5850
2377,微星,140,5,135,統一,2024-07-26,5850
3535,晶彩科,201,76,125,統一,2024-07-26,5850
2352,佳世達,157,35,122,統一,2024-07-26,5850
2888,新光金,20467,3587,16880,統一,2024-07-29,5850
3374,精材,1132,199,933,統一,2024-07-29,5850
2610,華航,1066,236,830,統一,2024-07-29,5850
00650L,復華香港正2,809,0,809,統一,2024-07-29,5850
1806,冠軍,668,2,666,統一,2024-07-29,5850
2313,華通,704,89,615,統一,2024-07-29,5850
8028,昇陽半導體,1078,497,581,統一,2024-07-29,5850
2618,長榮航,868,289,579,統一,2024-07-29,5850
3188,鑫龍騰,461,9,452,統一,2024-07-29,5850
0056,元大高股息,449,13,436,統一,2024-07-29,5850
2317,鴻海,625,194,431,統一,2024-07-29,5850
2884,玉山金,498,138,360,統一,2024-07-29,5850
5439,高技,398,39,359,統一,2024-07-29,5850
3481,群創,1320,1009,311,統一,2024-07-29,5850
4510,高鋒,349,49,300,統一,2024-07-29,5850
3450,聯鈞,541,274,267,統一,2024-07-29,5850
3105,穩懋,287,24,263,統一,2024-07-29,5850
1316,上曜,364,116,248,統一,2024-07-29,5850
6271,同欣電,261,19,242,統一,2024-07-29,5850
5871,中租-KY,231,1,230,統一,2024-07-29,5850
2609,陽明,445,219,226,統一,2024-07-29,5850
5521,工信,210,2,208,統一,2024-07-29,5850
8201,無敵,206,1,205,統一,2024-07-29,5850
2520,冠德,510,311,199,統一,2024-07-29,5850
2359,所羅門,567,370,197,統一,2024-07-29,5850
3321,同泰,190,0,190,統一,2024-07-29,5850
0050,元大台灣50,255,70,185,統一,2024-07-29,5850
2913,農林,181,0,181,統一,2024-07-29,5850
00673R,期元大S＆P原油反1,178,0,178,統一,2024-07-29,5850
6176,瑞儀,194,25,169,統一,2024-07-29,5850
00893,國泰智能電動車,169,0,169,統一,2024-07-29,5850
2308,台達電,274,105,169,統一,2024-07-29,5850
6219,富旺,170,3,167,統一,2024-07-29,5850
4903,聯光通,170,4,166,統一,2024-07-29,5850
4967,十銓,208,54,154,統一,2024-07-29,5850
2449,京元電子,266,119,147,統一,2024-07-29,5850
2442,新美齊,516,371,145,統一,2024-07-29,5850
3711,日月光投控,686,547,139,統一,2024-07-29,5850
00665L,富邦�琤肭磪囓�2,133,0,133,統一,2024-07-29,5850
6768,志強-KY,156,24,132,統一,2024-07-29,5850
00632R,元大台灣50反1,180,53,127,統一,2024-07-29,5850
2597,潤弘,182,61,121,統一,2024-07-29,5850
6285,啟��,120,6,114,統一,2024-07-29,5850
2382,廣達,153,39,114,統一,2024-07-29,5850
6698,旭暉應材,112,1,111,統一,2024-07-29,5850
2388,威盛,142,31,111,統一,2024-07-29,5850
8064,東捷,547,441,106,統一,2024-07-29,5850
2316,楠梓電,176,70,106,統一,2024-07-29,5850
8089,康全電訊,109,4,105,統一,2024-07-29,5850
6278,台表科,153,50,103,統一,2024-07-29,5850
00673R,期元大S＆P原油反1,5426,0,5426,統一,2024-07-30,5850
2027,大成鋼,1586,8,1578,統一,2024-07-30,5850
2892,第一金,1317,0,1317,統一,2024-07-30,5850
4938,和碩,1086,26,1060,統一,2024-07-30,5850
2618,長榮航,1504,598,906,統一,2024-07-30,5850
2303,聯電,1013,148,865,統一,2024-07-30,5850
3481,群創,1481,682,799,統一,2024-07-30,5850
2330,台積電,1006,277,729,統一,2024-07-30,5850
2105,正新,703,26,677,統一,2024-07-30,5850
8028,昇陽半導體,787,193,594,統一,2024-07-30,5850
3663,鑫科,816,232,584,統一,2024-07-30,5850
00937B,群益ESG投等債20,673,115,558,統一,2024-07-30,5850
3374,精材,664,116,548,統一,2024-07-30,5850
2603,長榮,639,102,537,統一,2024-07-30,5850
2243,宏旭-KY,562,68,494,統一,2024-07-30,5850
4904,遠傳,460,2,458,統一,2024-07-30,5850
0056,元大高股息,480,60,420,統一,2024-07-30,5850
2412,中華電,426,10,416,統一,2024-07-30,5850
3715,定穎投控,415,5,410,統一,2024-07-30,5850
2337,旺宏,575,168,407,統一,2024-07-30,5850
2455,全新,405,28,377,統一,2024-07-30,5850
00950B,凱基A級公司債,375,1,374,統一,2024-07-30,5850
5388,中磊,374,6,368,統一,2024-07-30,5850
1504,東元,369,6,363,統一,2024-07-30,5850
3045,台灣大,536,203,333,統一,2024-07-30,5850
5443,均豪,688,366,322,統一,2024-07-30,5850
3665,貿聯-KY,317,1,316,統一,2024-07-30,5850
2383,台光電,336,23,313,統一,2024-07-30,5850
2408,南亞科,331,24,307,統一,2024-07-30,5850
5347,世界,611,317,294,統一,2024-07-30,5850
3711,日月光投控,322,29,293,統一,2024-07-30,5850
2385,群光,291,7,284,統一,2024-07-30,5850
5534,長虹,293,18,275,統一,2024-07-30,5850
00693U,期街口S＆P黃豆,302,29,273,統一,2024-07-30,5850
5213,亞昕,319,47,272,統一,2024-07-30,5850
2354,鴻準,293,30,263,統一,2024-07-30,5850
1605,華新,327,85,242,統一,2024-07-30,5850
2308,台達電,258,22,236,統一,2024-07-30,5850
2409,友達,357,131,226,統一,2024-07-30,5850
2347,聯強,260,36,224,統一,2024-07-30,5850
2520,冠德,473,250,223,統一,2024-07-30,5850
00881,國泰台灣5G+,486,273,213,統一,2024-07-30,5850
2548,華固,259,60,199,統一,2024-07-30,5850
2449,京元電子,288,93,195,統一,2024-07-30,5850
2103,台橡,194,0,194,統一,2024-07-30,5850
2897,王道銀行,193,0,193,統一,2024-07-30,5850
2903,遠百,185,0,185,統一,2024-07-30,5850
1308,亞聚,191,7,184,統一,2024-07-30,5850
2368,金像電,212,36,176,統一,2024-07-30,5850
00763U,期街口道瓊銅,750,589,161,統一,2024-07-30,5850
00673R,期元大S＆P原油反1,3099,0,3099,統一,2024-07-31,5850
2337,旺宏,3109,1090,2019,統一,2024-07-31,5850
3535,晶彩科,876,168,708,統一,2024-07-31,5850
00945B,凱基美國非投等債,699,0,699,統一,2024-07-31,5850
2801,彰銀,636,7,629,統一,2024-07-31,5850
2382,廣達,629,34,595,統一,2024-07-31,5850
3188,鑫龍騰,620,51,569,統一,2024-07-31,5850
00632R,元大台灣50反1,2061,1640,421,統一,2024-07-31,5850
2317,鴻海,682,275,407,統一,2024-07-31,5850
1605,華新,425,56,369,統一,2024-07-31,5850
2363,矽統,455,125,330,統一,2024-07-31,5850
2368,金像電,372,52,320,統一,2024-07-31,5850
2542,興富發,374,69,305,統一,2024-07-31,5850
3374,精材,846,548,298,統一,2024-07-31,5850
8210,勤誠,268,3,265,統一,2024-07-31,5850
2486,一詮,716,472,244,統一,2024-07-31,5850
3037,欣興,417,187,230,統一,2024-07-31,5850
6187,萬潤,576,358,218,統一,2024-07-31,5850
2891,中信金,276,86,190,統一,2024-07-31,5850
00944,野村趨勢動能高息,191,3,188,統一,2024-07-31,5850
6425,易發,182,0,182,統一,2024-07-31,5850
2534,宏盛,179,0,179,統一,2024-07-31,5850
2609,陽明,479,309,170,統一,2024-07-31,5850
00719B,元大美債1-3,155,0,155,統一,2024-07-31,5850
6285,啟��,152,2,150,統一,2024-07-31,5850
4729,熒茂,154,12,142,統一,2024-07-31,5850
9914,美利達,155,15,140,統一,2024-07-31,5850
3024,憶聲,149,12,137,統一,2024-07-31,5850
2881,富邦金,169,32,137,統一,2024-07-31,5850
9902,台火,134,5,129,統一,2024-07-31,5850
00864B,中信美國公債0-1,120,0,120,統一,2024-07-31,5850
2383,台光電,205,86,119,統一,2024-07-31,5850
1815,富喬,194,78,116,統一,2024-07-31,5850
2442,新美齊,281,166,115,統一,2024-07-31,5850
9924,福興,109,1,108,統一,2024-07-31,5850
2915,潤泰全,114,6,108,統一,2024-07-31,5850
8064,東捷,306,201,105,統一,2024-07-31,5850
2243,宏旭-KY,129,26,103,統一,2024-07-31,5850
00932,兆豐永續高息等權,100,0,100,統一,2024-07-31,5850
6274,台燿,142,44,98,統一,2024-07-31,5850
6412,群電,98,2,96,統一,2024-07-31,5850
2524,京城,296,200,96,統一,2024-07-31,5850
3105,穩懋,437,346,91,統一,2024-07-31,5850
2313,華通,222,134,88,統一,2024-07-31,5850
4909,新復興,202,114,88,統一,2024-07-31,5850
2449,京元電子,353,265,88,統一,2024-07-31,5850
5512,力麒,507,421,86,統一,2024-07-31,5850
6546,正基,174,90,84,統一,2024-07-31,5850
6414,樺漢,156,76,80,統一,2024-07-31,5850
00735,國泰臺韓科技,129,50,79,統一,2024-07-31,5850
3048,益登,2142,6,2136,統一,2024-08-01,5850
1316,上曜,1546,143,1403,統一,2024-08-01,5850
2603,長榮,1643,248,1395,統一,2024-08-01,5850
00673R,期元大S＆P原油反1,1377,0,1377,統一,2024-08-01,5850
2801,彰銀,1133,1,1132,統一,2024-08-01,5850
2303,聯電,1408,279,1129,統一,2024-08-01,5850
2301,光寶科,1164,47,1117,統一,2024-08-01,5850
4303,信立,1089,15,1074,統一,2024-08-01,5850
2881,富邦金,1175,219,956,統一,2024-08-01,5850
4958,臻鼎-KY,871,46,825,統一,2024-08-01,5850
00945B,凱基美國非投等債,809,0,809,統一,2024-08-01,5850
2382,廣達,851,50,801,統一,2024-08-01,5850
2449,京元電子,802,72,730,統一,2024-08-01,5850
00949,復華日本龍頭,596,3,593,統一,2024-08-01,5850
8054,安國,786,204,582,統一,2024-08-01,5850
3189,景碩,852,288,564,統一,2024-08-01,5850
2393,億光,552,12,540,統一,2024-08-01,5850
5521,工信,512,0,512,統一,2024-08-01,5850
3374,精材,633,174,459,統一,2024-08-01,5850
2464,盟立,464,23,441,統一,2024-08-01,5850
2105,正新,427,8,419,統一,2024-08-01,5850
2887,台新金,371,11,360,統一,2024-08-01,5850
3711,日月光投控,376,22,354,統一,2024-08-01,5850
6215,和椿,353,3,350,統一,2024-08-01,5850
6177,達麗,354,17,337,統一,2024-08-01,5850
2520,冠德,472,161,311,統一,2024-08-01,5850
00719B,元大美債1-3,450,140,310,統一,2024-08-01,5850
00795B,中信美國公債20年,308,8,300,統一,2024-08-01,5850
2618,長榮航,740,444,296,統一,2024-08-01,5850
2317,鴻海,856,565,291,統一,2024-08-01,5850
3037,欣興,631,342,289,統一,2024-08-01,5850
3689,湧德,350,61,289,統一,2024-08-01,5850
00789B,復華公司債A3,265,0,265,統一,2024-08-01,5850
5347,世界,287,25,262,統一,2024-08-01,5850
1536,和大,287,46,241,統一,2024-08-01,5850
1504,東元,225,0,225,統一,2024-08-01,5850
2609,陽明,614,403,211,統一,2024-08-01,5850
1528,恩德,223,20,203,統一,2024-08-01,5850
2615,萬海,435,250,185,統一,2024-08-01,5850
5484,慧友,464,280,184,統一,2024-08-01,5850
3042,晶技,179,4,175,統一,2024-08-01,5850
3032,偉訓,176,1,175,統一,2024-08-01,5850
00645,富邦日本,174,0,174,統一,2024-08-01,5850
8089,康全電訊,173,6,167,統一,2024-08-01,5850
2230,泰茂,185,24,161,統一,2024-08-01,5850
2347,聯強,162,3,159,統一,2024-08-01,5850
00722B,群益投資級電信債,1180,1030,150,統一,2024-08-01,5850
2882,國泰金,212,64,148,統一,2024-08-01,5850
1805,寶徠,149,2,147,統一,2024-08-01,5850
2534,宏盛,142,0,142,統一,2024-08-01,5850
9904,寶成,3704,194,3510,統一,2024-08-02,5850
2883,凱基金,2739,57,2682,統一,2024-08-02,5850
2542,興富發,1741,80,1661,統一,2024-08-02,5850
2609,陽明,1876,595,1281,統一,2024-08-02,5850
2449,京元電子,1279,287,992,統一,2024-08-02,5850
1402,遠東新,1007,233,774,統一,2024-08-02,5850
2618,長榮航,876,220,656,統一,2024-08-02,5850
2913,農林,650,6,644,統一,2024-08-02,5850
2303,聯電,1659,1066,593,統一,2024-08-02,5850
2365,昆盈,1075,496,579,統一,2024-08-02,5850
00923,群益台ESG低碳50,399,0,399,統一,2024-08-02,5850
4564,元翎,434,51,383,統一,2024-08-02,5850
4533,協易機,429,47,382,統一,2024-08-02,5850
5876,上海商銀,373,31,342,統一,2024-08-02,5850
2070,精湛,350,16,334,統一,2024-08-02,5850
0056,元大高股息,426,110,316,統一,2024-08-02,5850
00632R,元大台灣50反1,955,662,293,統一,2024-08-02,5850
1540,喬福,571,285,286,統一,2024-08-02,5850
4938,和碩,297,11,286,統一,2024-08-02,5850
2243,宏旭-KY,288,6,282,統一,2024-08-02,5850
00943,兆豐電子高息等權,280,0,280,統一,2024-08-02,5850
2486,一詮,342,63,279,統一,2024-08-02,5850
00764B,群益25年美債,3532,3262,270,統一,2024-08-02,5850
4510,高鋒,433,171,262,統一,2024-08-02,5850
2105,正新,254,5,249,統一,2024-08-02,5850
00939,統一台灣高息動能,245,6,239,統一,2024-08-02,5850
2324,仁寶,275,36,239,統一,2024-08-02,5850
020031,統一IC設計臺灣N,386,150,236,統一,2024-08-02,5850
5534,長虹,244,26,218,統一,2024-08-02,5850
4967,十銓,248,39,209,統一,2024-08-02,5850
4904,遠傳,218,14,204,統一,2024-08-02,5850
6895,宏碩系統,193,0,193,統一,2024-08-02,5850
2412,中華電,409,224,185,統一,2024-08-02,5850
00830,國泰費城半導體,463,280,183,統一,2024-08-02,5850
00917,中信特選金融,170,0,170,統一,2024-08-02,5850
00637L,元大滬深300正2,280,112,168,統一,2024-08-02,5850
2903,遠百,178,12,166,統一,2024-08-02,5850
5439,高技,163,0,163,統一,2024-08-02,5850
2534,宏盛,161,8,153,統一,2024-08-02,5850
1472,三洋實業,151,3,148,統一,2024-08-02,5850
2454,聯發科,230,92,138,統一,2024-08-02,5850
2809,京城銀,138,1,137,統一,2024-08-02,5850
5511,德昌,167,31,136,統一,2024-08-02,5850
1504,東元,155,23,132,統一,2024-08-02,5850
2597,潤弘,126,0,126,統一,2024-08-02,5850
8054,安國,890,765,125,統一,2024-08-02,5850
3535,晶彩科,224,101,123,統一,2024-08-02,5850
00929,復華台灣科技優息,199,76,123,統一,2024-08-02,5850
2867,三商壽,141,19,122,統一,2024-08-02,5850
4534,慶騰,121,0,121,統一,2024-08-02,5850
00673R,期元大S＆P原油反1,2635,118,2517,統一,2024-08-05,5850
2409,友達,2929,871,2058,統一,2024-08-05,5850
2027,大成鋼,2058,59,1999,統一,2024-08-05,5850
2889,國票金,1215,41,1174,統一,2024-08-05,5850
00945B,凱基美國非投等債,711,2,709,統一,2024-08-05,5850
2103,台橡,650,9,641,統一,2024-08-05,5850
2313,華通,1468,931,537,統一,2024-08-05,5850
2449,京元電子,1172,670,502,統一,2024-08-05,5850
1303,南亞,578,92,486,統一,2024-08-05,5850
4960,誠美材,495,103,392,統一,2024-08-05,5850
2548,華固,387,32,355,統一,2024-08-05,5850
2913,農林,350,5,345,統一,2024-08-05,5850
6285,啟��,394,51,343,統一,2024-08-05,5850
5258,虹堡,330,2,328,統一,2024-08-05,5850
2385,群光,328,38,290,統一,2024-08-05,5850
0050,元大台灣50,403,120,283,統一,2024-08-05,5850
00665L,富邦�琤肭磪囓�2,500,236,264,統一,2024-08-05,5850
00631L,元大台灣50正2,386,126,260,統一,2024-08-05,5850
4904,遠傳,273,31,242,統一,2024-08-05,5850
1402,遠東新,325,85,240,統一,2024-08-05,5850
8112,至上,285,68,217,統一,2024-08-05,5850
0056,元大高股息,263,53,210,統一,2024-08-05,5850
1522,堤維西,218,8,210,統一,2024-08-05,5850
9933,中鼎,227,18,209,統一,2024-08-05,5850
2308,台達電,262,56,206,統一,2024-08-05,5850
3466,德晉,207,21,186,統一,2024-08-05,5850
2890,永豐金,319,145,174,統一,2024-08-05,5850
2243,宏旭-KY,213,49,164,統一,2024-08-05,5850
2357,華碩,189,34,155,統一,2024-08-05,5850
1795,美時,262,108,154,統一,2024-08-05,5850
00850,元大臺灣ESG永續,498,347,151,統一,2024-08-05,5850
2406,國碩,152,12,140,統一,2024-08-05,5850
00664R,國泰臺灣加權反1,160,30,130,統一,2024-08-05,5850
020031,統一IC設計臺灣N,292,163,129,統一,2024-08-05,5850
2382,廣達,430,303,127,統一,2024-08-05,5850
2486,一詮,249,124,125,統一,2024-08-05,5850
2505,國揚,124,0,124,統一,2024-08-05,5850
00864B,中信美國公債0-1,164,45,119,統一,2024-08-05,5850
2867,三商壽,114,1,113,統一,2024-08-05,5850
1799,易威,110,1,109,統一,2024-08-05,5850
6546,正基,163,56,107,統一,2024-08-05,5850
6449,鈺邦,120,14,106,統一,2024-08-05,5850
3290,東浦,120,15,105,統一,2024-08-05,5850
2206,三陽工業,113,10,103,統一,2024-08-05,5850
00712,復華富時不動產,102,0,102,統一,2024-08-05,5850
8916,光隆,101,0,101,統一,2024-08-05,5850
3374,精材,110,9,101,統一,2024-08-05,5850
2887Z1,台新己特,100,0,100,統一,2024-08-05,5850
2412,中華電,625,526,99,統一,2024-08-05,5850
5880,合庫金,152,55,97,統一,2024-08-05,5850
00632R,元大台灣50反1,9038,5755,3283,統一,2024-08-06,5850
2897,王道銀行,2102,2,2100,統一,2024-08-06,5850
00688L,國泰20年美債正2,2031,191,1840,統一,2024-08-06,5850
2889,國票金,1865,76,1789,統一,2024-08-06,5850
00937B,群益ESG投等債20,4218,2657,1561,統一,2024-08-06,5850
2609,陽明,1971,486,1485,統一,2024-08-06,5850
00907,永豐優息存股,904,100,804,統一,2024-08-06,5850
4960,誠美材,909,150,759,統一,2024-08-06,5850
00923,群益台ESG低碳50,876,227,649,統一,2024-08-06,5850
8059,凱碩,550,0,550,統一,2024-08-06,5850
00876,元大全球5G,500,0,500,統一,2024-08-06,5850
5521,工信,499,0,499,統一,2024-08-06,5850
2313,華通,613,121,492,統一,2024-08-06,5850
00894,中信小資高價30,758,275,483,統一,2024-08-06,5850
9105,泰金寶-DR,494,18,476,統一,2024-08-06,5850
4958,臻鼎-KY,677,213,464,統一,2024-08-06,5850
2913,農林,451,0,451,統一,2024-08-06,5850
00830,國泰費城半導體,1121,689,432,統一,2024-08-06,5850
4123,晟德,464,35,429,統一,2024-08-06,5850
00891,中信關鍵半導體,946,625,321,統一,2024-08-06,5850
00673R,期元大S＆P原油反1,311,0,311,統一,2024-08-06,5850
8112,至上,332,37,295,統一,2024-08-06,5850
6535,順藥,281,0,281,統一,2024-08-06,5850
2455,全新,334,56,278,統一,2024-08-06,5850
2303,聯電,406,163,243,統一,2024-08-06,5850
2615,萬海,496,254,242,統一,2024-08-06,5850
4909,新復興,310,71,239,統一,2024-08-06,5850
00731,復華富時高息低波,236,0,236,統一,2024-08-06,5850
2385,群光,261,30,231,統一,2024-08-06,5850
5534,長虹,369,143,226,統一,2024-08-06,5850
9933,中鼎,239,20,219,統一,2024-08-06,5850
3711,日月光投控,230,21,209,統一,2024-08-06,5850
2449,京元電子,307,111,196,統一,2024-08-06,5850
2243,宏旭-KY,333,139,194,統一,2024-08-06,5850
2442,新美齊,283,97,186,統一,2024-08-06,5850
8210,勤誠,200,22,178,統一,2024-08-06,5850
2883,凱基金,321,148,173,統一,2024-08-06,5850
00706L,期元大S＆P日圓正2,413,244,169,統一,2024-08-06,5850
1560,中砂,173,8,165,統一,2024-08-06,5850
020030,統一智慧電動車N,180,20,160,統一,2024-08-06,5850
020025,統一亞洲半導體N,194,53,141,統一,2024-08-06,5850
2884,玉山金,168,29,139,統一,2024-08-06,5850
4303,信立,144,7,137,統一,2024-08-06,5850
4540,全球傳動,136,0,136,統一,2024-08-06,5850
00773B,中信優先金融債,130,0,130,統一,2024-08-06,5850
2618,長榮航,480,356,124,統一,2024-08-06,5850
6877,鏵友益,219,98,121,統一,2024-08-06,5850
00722B,群益投資級電信債,1120,1000,120,統一,2024-08-06,5850
2501,國建,129,10,119,統一,2024-08-06,5850
5258,虹堡,119,2,117,統一,2024-08-06,5850
00632R,元大台灣50反1,4233,1232,3001,統一,2024-08-07,5850
2464,盟立,2718,41,2677,統一,2024-08-07,5850
3231,緯創,1685,282,1403,統一,2024-08-07,5850
2365,昆盈,1181,78,1103,統一,2024-08-07,5850
00673R,期元大S＆P原油反1,1020,0,1020,統一,2024-08-07,5850
0050,元大台灣50,1157,190,967,統一,2024-08-07,5850
2615,萬海,1155,208,947,統一,2024-08-07,5850
4510,高鋒,937,182,755,統一,2024-08-07,5850
2317,鴻海,1248,524,724,統一,2024-08-07,5850
2408,南亞科,700,17,683,統一,2024-08-07,5850
00772B,中信高評級公司債,694,20,674,統一,2024-08-07,5850
2609,陽明,901,261,640,統一,2024-08-07,5850
3047,訊舟,662,50,612,統一,2024-08-07,5850
2313,華通,602,109,493,統一,2024-08-07,5850
8064,東捷,538,53,485,統一,2024-08-07,5850
3535,晶彩科,513,89,424,統一,2024-08-07,5850
00687B,國泰20年美債,432,12,420,統一,2024-08-07,5850
00948B,中信優息投資級債,419,0,419,統一,2024-08-07,5850
2371,大同,453,59,394,統一,2024-08-07,5850
2308,台達電,411,20,391,統一,2024-08-07,5850
3580,友威科,398,8,390,統一,2024-08-07,5850
6125,廣運,391,18,373,統一,2024-08-07,5850
8069,元太,382,19,363,統一,2024-08-07,5850
3689,湧德,391,33,358,統一,2024-08-07,5850
3312,弘憶股,396,70,326,統一,2024-08-07,5850
4958,臻鼎-KY,396,85,311,統一,2024-08-07,5850
1795,美時,304,7,297,統一,2024-08-07,5850
2382,廣達,412,162,250,統一,2024-08-07,5850
6617,共信-KY,373,124,249,統一,2024-08-07,5850
3376,新日興,280,34,246,統一,2024-08-07,5850
2618,長榮航,519,281,238,統一,2024-08-07,5850
2345,智邦,262,28,234,統一,2024-08-07,5850
2890,永豐金,242,20,222,統一,2024-08-07,5850
00929,復華台灣科技優息,264,55,209,統一,2024-08-07,5850
00764B,群益25年美債,3272,3066,206,統一,2024-08-07,5850
2409,友達,305,99,206,統一,2024-08-07,5850
4513,福裕,230,32,198,統一,2024-08-07,5850
00712,復華富時不動產,200,13,187,統一,2024-08-07,5850
2603,長榮,354,170,184,統一,2024-08-07,5850
00857B,永豐20年美公債,191,9,182,統一,2024-08-07,5850
2330,台積電,317,136,181,統一,2024-08-07,5850
3665,貿聯-KY,195,18,177,統一,2024-08-07,5850
6462,神盾,204,30,174,統一,2024-08-07,5850
2855,統一證,176,6,170,統一,2024-08-07,5850
8028,昇陽半導體,272,103,169,統一,2024-08-07,5850
00937B,群益ESG投等債20,228,60,168,統一,2024-08-07,5850
3711,日月光投控,335,168,167,統一,2024-08-07,5850
00900,富邦特選高股息30,207,51,156,統一,2024-08-07,5850
2610,華航,263,110,153,統一,2024-08-07,5850
9902,台火,154,2,152,統一,2024-08-07,5850
2892,第一金,2135,126,2009,統一,2024-08-08,5850
2886,兆豐金,2062,77,1985,統一,2024-08-08,5850
3036,文曄,976,76,900,統一,2024-08-08,5850
2882,國泰金,703,29,674,統一,2024-08-08,5850
2891,中信金,610,50,560,統一,2024-08-08,5850
3037,欣興,684,186,498,統一,2024-08-08,5850
3715,定穎投控,642,181,461,統一,2024-08-08,5850
3450,聯鈞,640,214,426,統一,2024-08-08,5850
3663,鑫科,605,187,418,統一,2024-08-08,5850
2449,京元電子,438,67,371,統一,2024-08-08,5850
8374,羅昇,564,223,341,統一,2024-08-08,5850
8054,安國,367,40,327,統一,2024-08-08,5850
00720B,元大投資級公司債,326,2,324,統一,2024-08-08,5850
2610,華航,502,186,316,統一,2024-08-08,5850
3231,緯創,824,526,298,統一,2024-08-08,5850
0050,元大台灣50,396,100,296,統一,2024-08-08,5850
9933,中鼎,301,9,292,統一,2024-08-08,5850
00937B,群益ESG投等債20,322,52,270,統一,2024-08-08,5850
2913,農林,216,0,216,統一,2024-08-08,5850
2357,華碩,488,278,210,統一,2024-08-08,5850
3702,大聯大,210,4,206,統一,2024-08-08,5850
3711,日月光投控,228,40,188,統一,2024-08-08,5850
2883,凱基金,258,94,164,統一,2024-08-08,5850
2353,宏��,220,56,164,統一,2024-08-08,5850
6603,富強鑫,173,10,163,統一,2024-08-08,5850
1605,華新,237,78,159,統一,2024-08-08,5850
1609,大亞,250,92,158,統一,2024-08-08,5850
2618,長榮航,280,133,147,統一,2024-08-08,5850
00929,復華台灣科技優息,158,12,146,統一,2024-08-08,5850
6829,千附精密,162,16,146,統一,2024-08-08,5850
3522,御嵿,159,14,145,統一,2024-08-08,5850
2368,金像電,225,84,141,統一,2024-08-08,5850
5534,長虹,148,8,140,統一,2024-08-08,5850
00673R,期元大S＆P原油反1,139,0,139,統一,2024-08-08,5850
3017,奇鋐,178,40,138,統一,2024-08-08,5850
2881,富邦金,294,157,137,統一,2024-08-08,5850
3044,健鼎,122,1,121,統一,2024-08-08,5850
6223,旺矽,153,34,119,統一,2024-08-08,5850
00857B,永豐20年美公債,111,2,109,統一,2024-08-08,5850
5488,松普,114,6,108,統一,2024-08-08,5850
2809,京城銀,110,2,108,統一,2024-08-08,5850
2301,光寶科,128,22,106,統一,2024-08-08,5850
00830,國泰費城半導體,697,594,103,統一,2024-08-08,5850
2885,元大金,127,25,102,統一,2024-08-08,5850
2330,台積電,283,188,95,統一,2024-08-08,5850
00939,統一台灣高息動能,97,5,92,統一,2024-08-08,5850
4562,穎漢,268,179,89,統一,2024-08-08,5850
2543,皇昌,448,367,81,統一,2024-08-08,5850
3406,玉晶光,93,12,81,統一,2024-08-08,5850
1536,和大,102,30,72,統一,2024-08-08,5850
2891,中信金,2334,327,2007,統一,2024-08-09,5850
5351,鈺創,1257,12,1245,統一,2024-08-09,5850
4958,臻鼎-KY,961,60,901,統一,2024-08-09,5850
9105,泰金寶-DR,888,4,884,統一,2024-08-09,5850
2359,所羅門,1007,131,876,統一,2024-08-09,5850
00632R,元大台灣50反1,1897,1090,807,統一,2024-08-09,5850
1513,中興電,722,47,675,統一,2024-08-09,5850
3037,欣興,686,59,627,統一,2024-08-09,5850
8028,昇陽半導體,691,84,607,統一,2024-08-09,5850
1597,直得,678,79,599,統一,2024-08-09,5850
3535,晶彩科,645,65,580,統一,2024-08-09,5850
4562,穎漢,633,124,509,統一,2024-08-09,5850
4510,高鋒,1055,613,442,統一,2024-08-09,5850
1514,亞力,455,40,415,統一,2024-08-09,5850
00937B,群益ESG投等債20,429,30,399,統一,2024-08-09,5850
3303,岱稜,390,7,383,統一,2024-08-09,5850
00949,復華日本龍頭,382,0,382,統一,2024-08-09,5850
00950B,凱基A級公司債,382,0,382,統一,2024-08-09,5850
8210,勤誠,435,62,373,統一,2024-08-09,5850
3481,群創,732,375,357,統一,2024-08-09,5850
3376,新日興,378,31,347,統一,2024-08-09,5850
3663,鑫科,343,8,335,統一,2024-08-09,5850
00679B,元大美債20年,336,4,332,統一,2024-08-09,5850
00650L,復華香港正2,393,70,323,統一,2024-08-09,5850
00665L,富邦�琤肭磪囓�2,407,90,317,統一,2024-08-09,5850
6215,和椿,580,282,298,統一,2024-08-09,5850
5905,南仁湖,325,30,295,統一,2024-08-09,5850
3289,宜特,358,65,293,統一,2024-08-09,5850
2883,凱基金,458,194,264,統一,2024-08-09,5850
3017,奇鋐,281,42,239,統一,2024-08-09,5850
2506,太設,236,2,234,統一,2024-08-09,5850
2464,盟立,430,200,230,統一,2024-08-09,5850
2618,長榮航,273,44,229,統一,2024-08-09,5850
2357,華碩,418,206,212,統一,2024-08-09,5850
00753L,中信中國50正2,200,0,200,統一,2024-08-09,5850
3322,建舜電,188,6,182,統一,2024-08-09,5850
3708,上緯投控,180,5,175,統一,2024-08-09,5850
8069,元太,204,31,173,統一,2024-08-09,5850
6187,萬潤,194,31,163,統一,2024-08-09,5850
00857B,永豐20年美公債,152,2,150,統一,2024-08-09,5850
2603,長榮,447,308,139,統一,2024-08-09,5850
2368,金像電,200,62,138,統一,2024-08-09,5850
2312,金寶,200,63,137,統一,2024-08-09,5850
1582,信錦,176,41,135,統一,2024-08-09,5850
2062,橋椿,156,32,124,統一,2024-08-09,5850
1307,三芳,120,0,120,統一,2024-08-09,5850
1799,易威,117,1,116,統一,2024-08-09,5850
4540,全球傳動,116,2,114,統一,2024-08-09,5850
3019,亞光,238,124,114,統一,2024-08-09,5850
00687B,國泰20年美債,150,38,112,統一,2024-08-09,5850
2888,新光金,13792,3873,9919,統一,2024-08-12,5850
3037,欣興,3328,71,3257,統一,2024-08-12,5850
2317,鴻海,1983,364,1619,統一,2024-08-12,5850
00632R,元大台灣50反1,2699,1090,1609,統一,2024-08-12,5850
6274,台燿,996,55,941,統一,2024-08-12,5850
2882,國泰金,821,35,786,統一,2024-08-12,5850
2353,宏��,734,10,724,統一,2024-08-12,5850
4904,遠傳,676,1,675,統一,2024-08-12,5850
6207,雷科,628,6,622,統一,2024-08-12,5850
3045,台灣大,597,10,587,統一,2024-08-12,5850
2301,光寶科,554,19,535,統一,2024-08-12,5850
3374,精材,532,25,507,統一,2024-08-12,5850
4938,和碩,502,2,500,統一,2024-08-12,5850
00881,國泰台灣5G+,534,64,470,統一,2024-08-12,5850
2609,陽明,594,139,455,統一,2024-08-12,5850
2520,冠德,866,420,446,統一,2024-08-12,5850
5347,世界,432,19,413,統一,2024-08-12,5850
3711,日月光投控,458,73,385,統一,2024-08-12,5850
2615,萬海,715,333,382,統一,2024-08-12,5850
4510,高鋒,523,166,357,統一,2024-08-12,5850
2449,京元電子,1003,689,314,統一,2024-08-12,5850
4566,時碩工業,384,98,286,統一,2024-08-12,5850
1808,潤隆,269,11,258,統一,2024-08-12,5850
3450,聯鈞,491,237,254,統一,2024-08-12,5850
3163,波若威,297,66,231,統一,2024-08-12,5850
3005,神基,235,18,217,統一,2024-08-12,5850
6187,萬潤,516,300,216,統一,2024-08-12,5850
2429,銘旺科,244,30,214,統一,2024-08-12,5850
3036,文曄,222,9,213,統一,2024-08-12,5850
3062,建漢,215,3,212,統一,2024-08-12,5850
2855,統一證,199,4,195,統一,2024-08-12,5850
1402,遠東新,208,18,190,統一,2024-08-12,5850
5481,新華,184,1,183,統一,2024-08-12,5850
3339,泰谷,192,22,170,統一,2024-08-12,5850
6147,頎邦,174,4,170,統一,2024-08-12,5850
2385,群光,183,16,167,統一,2024-08-12,5850
3230,錦明,166,0,166,統一,2024-08-12,5850
1609,大亞,408,246,162,統一,2024-08-12,5850
6239,力成,190,32,158,統一,2024-08-12,5850
2809,京城銀,155,5,150,統一,2024-08-12,5850
2885,元大金,198,56,142,統一,2024-08-12,5850
00719B,元大美債1-3,140,2,138,統一,2024-08-12,5850
2337,旺宏,162,29,133,統一,2024-08-12,5850
4958,臻鼎-KY,231,101,130,統一,2024-08-12,5850
2495,普安,130,1,129,統一,2024-08-12,5850
3019,亞光,339,214,125,統一,2024-08-12,5850
00944,野村趨勢動能高息,163,38,125,統一,2024-08-12,5850
2360,致茂,129,9,120,統一,2024-08-12,5850
3264,欣銓,118,0,118,統一,2024-08-12,5850
4523,永彰,428,311,117,統一,2024-08-12,5850
00881,國泰台灣5G+,5214,96,5118,統一,2024-08-13,5850
2880,華南金,5073,98,4975,統一,2024-08-13,5850
2890,永豐金,4760,9,4751,統一,2024-08-13,5850
3019,亞光,1440,501,939,統一,2024-08-13,5850
2867,三商壽,780,50,730,統一,2024-08-13,5850
1708,東鹼,868,147,721,統一,2024-08-13,5850
2610,華航,838,118,720,統一,2024-08-13,5850
2317,鴻海,1044,503,541,統一,2024-08-13,5850
00665L,富邦�琤肭磪囓�2,515,20,495,統一,2024-08-13,5850
8096,擎亞,757,293,464,統一,2024-08-13,5850
3303,岱稜,527,88,439,統一,2024-08-13,5850
00650L,復華香港正2,402,30,372,統一,2024-08-13,5850
2308,台達電,393,28,365,統一,2024-08-13,5850
6274,台燿,422,60,362,統一,2024-08-13,5850
2882,國泰金,374,18,356,統一,2024-08-13,5850
3522,御嵿,347,49,298,統一,2024-08-13,5850
2353,宏��,301,14,287,統一,2024-08-13,5850
00688L,國泰20年美債正2,339,77,262,統一,2024-08-13,5850
2449,京元電子,333,73,260,統一,2024-08-13,5850
1540,喬福,435,177,258,統一,2024-08-13,5850
00712,復華富時不動產,249,10,239,統一,2024-08-13,5850
3227,原相,382,150,232,統一,2024-08-13,5850
2243,宏旭-KY,255,29,226,統一,2024-08-13,5850
2618,長榮航,624,400,224,統一,2024-08-13,5850
4979,華星光,299,79,220,統一,2024-08-13,5850
4551,智伸科,223,5,218,統一,2024-08-13,5850
3406,玉晶光,219,11,208,統一,2024-08-13,5850
2069,運錩,203,0,203,統一,2024-08-13,5850
00878,國泰永續高股息,220,20,200,統一,2024-08-13,5850
1220,台榮,200,0,200,統一,2024-08-13,5850
00929,復華台灣科技優息,214,18,196,統一,2024-08-13,5850
3035,智原,226,38,188,統一,2024-08-13,5850
2313,華通,552,366,186,統一,2024-08-13,5850
4958,臻鼎-KY,294,114,180,統一,2024-08-13,5850
8043,蜜望實,207,29,178,統一,2024-08-13,5850
9935,慶豐富,177,0,177,統一,2024-08-13,5850
00937B,群益ESG投等債20,305,146,159,統一,2024-08-13,5850
8071,能率網通,176,19,157,統一,2024-08-13,5850
8374,羅昇,169,17,152,統一,2024-08-13,5850
5534,長虹,162,20,142,統一,2024-08-13,5850
3680,家登,175,39,136,統一,2024-08-13,5850
1560,中砂,163,29,134,統一,2024-08-13,5850
3376,新日興,174,46,128,統一,2024-08-13,5850
3324,雙鴻,148,24,124,統一,2024-08-13,5850
00772B,中信高評級公司債,116,1,115,統一,2024-08-13,5850
6829,千附精密,113,2,111,統一,2024-08-13,5850
3034,聯詠,122,11,111,統一,2024-08-13,5850
3597,映興,110,0,110,統一,2024-08-13,5850
1101,台泥,111,5,106,統一,2024-08-13,5850
00882,中信中國高股息,102,0,102,統一,2024-08-13,5850
3645,達邁,1557,3,1554,統一,2024-08-14,5850
00632R,元大台灣50反1,1451,360,1091,統一,2024-08-14,5850
1513,中興電,889,173,716,統一,2024-08-14,5850
3663,鑫科,710,52,658,統一,2024-08-14,5850
3289,宜特,666,64,602,統一,2024-08-14,5850
2618,長榮航,778,274,504,統一,2024-08-14,5850
2504,國產,513,10,503,統一,2024-08-14,5850
9938,百和,469,1,468,統一,2024-08-14,5850
5202,力新,371,1,370,統一,2024-08-14,5850
3231,緯創,446,134,312,統一,2024-08-14,5850
3036,文曄,404,94,310,統一,2024-08-14,5850
6187,萬潤,375,70,305,統一,2024-08-14,5850
3202,樺晟,301,0,301,統一,2024-08-14,5850
8028,昇陽半導體,821,533,288,統一,2024-08-14,5850
5534,長虹,285,19,266,統一,2024-08-14,5850
6152,百一,251,0,251,統一,2024-08-14,5850
2903,遠百,229,0,229,統一,2024-08-14,5850
00795B,中信美國公債20年,225,0,225,統一,2024-08-14,5850
00712,復華富時不動產,210,0,210,統一,2024-08-14,5850
3034,聯詠,203,4,199,統一,2024-08-14,5850
3013,晟銘電,348,154,194,統一,2024-08-14,5850
2882,國泰金,205,14,191,統一,2024-08-14,5850
2376,技嘉,213,22,191,統一,2024-08-14,5850
00715L,期街口布蘭特正2,194,9,185,統一,2024-08-14,5850
6451,訊芯-KY,244,62,182,統一,2024-08-14,5850
8107,大億金茂,180,5,175,統一,2024-08-14,5850
2458,義隆,175,8,167,統一,2024-08-14,5850
00636,國泰中國A50,161,0,161,統一,2024-08-14,5850
6706,惠特,252,100,152,統一,2024-08-14,5850
1907,永豐餘,152,1,151,統一,2024-08-14,5850
8011,台通,154,8,146,統一,2024-08-14,5850
2449,京元電子,327,189,138,統一,2024-08-14,5850
2312,金寶,163,26,137,統一,2024-08-14,5850
2382,廣達,183,47,136,統一,2024-08-14,5850
00671R,富邦NASDAQ反1,130,0,130,統一,2024-08-14,5850
1570,力肯,130,1,129,統一,2024-08-14,5850
6546,正基,153,27,126,統一,2024-08-14,5850
6461,益得,121,0,121,統一,2024-08-14,5850
1101,台泥,152,33,119,統一,2024-08-14,5850
2883,凱基金,387,272,115,統一,2024-08-14,5850
2888,新光金,233,120,113,統一,2024-08-14,5850
00719B,元大美債1-3,110,0,110,統一,2024-08-14,5850
6134,萬旭,109,0,109,統一,2024-08-14,5850
3702,大聯大,111,3,108,統一,2024-08-14,5850
3005,神基,125,17,108,統一,2024-08-14,5850
00687B,國泰20年美債,111,12,99,統一,2024-08-14,5850
5364,力麗店,100,3,97,統一,2024-08-14,5850
3581,博磊,104,16,88,統一,2024-08-14,5850
3030,德律,180,94,86,統一,2024-08-14,5850
00893,國泰智能電動車,81,0,81,統一,2024-08-14,5850
00900,富邦特選高股息30,5189,587,4602,統一,2024-08-15,5850
2062,橋椿,3708,2,3706,統一,2024-08-15,5850
2323,中環,2761,167,2594,統一,2024-08-15,5850
8096,擎亞,3240,1526,1714,統一,2024-08-15,5850
9938,百和,1144,2,1142,統一,2024-08-15,5850
2449,京元電子,1206,139,1067,統一,2024-08-15,5850
9907,統一實,733,0,733,統一,2024-08-15,5850
00632R,元大台灣50反1,815,152,663,統一,2024-08-15,5850
3374,精材,877,257,620,統一,2024-08-15,5850
4510,高鋒,655,64,591,統一,2024-08-15,5850
6177,達麗,571,24,547,統一,2024-08-15,5850
3290,東浦,430,1,429,統一,2024-08-15,5850
2609,陽明,588,184,404,統一,2024-08-15,5850
00637L,元大滬深300正2,433,29,404,統一,2024-08-15,5850
8249,菱光,389,4,385,統一,2024-08-15,5850
8069,元太,599,226,373,統一,2024-08-15,5850
00650L,復華香港正2,382,20,362,統一,2024-08-15,5850
00687B,國泰20年美債,370,72,298,統一,2024-08-15,5850
5905,南仁湖,279,3,276,統一,2024-08-15,5850
5443,均豪,452,184,268,統一,2024-08-15,5850
1527,鑽全,261,0,261,統一,2024-08-15,5850
8383,千附,269,12,257,統一,2024-08-15,5850
2439,美律,275,22,253,統一,2024-08-15,5850
1611,中電,226,8,218,統一,2024-08-15,5850
1307,三芳,216,0,216,統一,2024-08-15,5850
1449,佳和,213,0,213,統一,2024-08-15,5850
2603,長榮,316,103,213,統一,2024-08-15,5850
6206,飛捷,234,22,212,統一,2024-08-15,5850
3491,昇達科,254,43,211,統一,2024-08-15,5850
3705,永信,200,0,200,統一,2024-08-15,5850
2351,順德,232,47,185,統一,2024-08-15,5850
2615,萬海,205,25,180,統一,2024-08-15,5850
3019,亞光,518,340,178,統一,2024-08-15,5850
2408,南亞科,179,5,174,統一,2024-08-15,5850
3227,原相,228,55,173,統一,2024-08-15,5850
2882,國泰金,288,118,170,統一,2024-08-15,5850
2243,宏旭-KY,236,79,157,統一,2024-08-15,5850
1785,光洋科,229,73,156,統一,2024-08-15,5850
3062,建漢,162,7,155,統一,2024-08-15,5850
1709,和益,149,0,149,統一,2024-08-15,5850
2409,友達,199,57,142,統一,2024-08-15,5850
8070,長華*,152,11,141,統一,2024-08-15,5850
6261,久元,152,21,131,統一,2024-08-15,5850
2406,國碩,137,7,130,統一,2024-08-15,5850
6754,匯僑設計,140,11,129,統一,2024-08-15,5850
3230,錦明,139,11,128,統一,2024-08-15,5850
3583,辛耘,172,44,128,統一,2024-08-15,5850
3209,全科,125,0,125,統一,2024-08-15,5850
6556,勝品,123,0,123,統一,2024-08-15,5850
00923,群益台ESG低碳50,123,1,122,統一,2024-08-15,5850
0056,元大高股息,5406,138,5268,統一,2024-08-16,5850
2303,聯電,3126,176,2950,統一,2024-08-16,5850
2313,華通,2928,144,2784,統一,2024-08-16,5850
3047,訊舟,3235,894,2341,統一,2024-08-16,5850
3062,建漢,2221,134,2087,統一,2024-08-16,5850
2891,中信金,2150,72,2078,統一,2024-08-16,5850
6207,雷科,1612,35,1577,統一,2024-08-16,5850
5452,佶優,1142,17,1125,統一,2024-08-16,5850
6177,達麗,1470,348,1122,統一,2024-08-16,5850
4938,和碩,1099,23,1076,統一,2024-08-16,5850
00687B,國泰20年美債,1280,268,1012,統一,2024-08-16,5850
4904,遠傳,988,146,842,統一,2024-08-16,5850
2354,鴻準,825,24,801,統一,2024-08-16,5850
00665L,富邦�琤肭磪囓�2,822,191,631,統一,2024-08-16,5850
2317,鴻海,743,150,593,統一,2024-08-16,5850
3645,達邁,591,23,568,統一,2024-08-16,5850
2882,國泰金,1134,607,527,統一,2024-08-16,5850
2377,微星,504,12,492,統一,2024-08-16,5850
2101,南港,470,2,468,統一,2024-08-16,5850
2409,友達,554,114,440,統一,2024-08-16,5850
2388,威盛,496,117,379,統一,2024-08-16,5850
2382,廣達,372,55,317,統一,2024-08-16,5850
00931B,統一美債20年,469,152,317,統一,2024-08-16,5850
2363,矽統,501,191,310,統一,2024-08-16,5850
1416,廣豐,303,0,303,統一,2024-08-16,5850
3034,聯詠,300,1,299,統一,2024-08-16,5850
1402,遠東新,320,69,251,統一,2024-08-16,5850
00680L,元大美債20正2,282,35,247,統一,2024-08-16,5850
2368,金像電,316,71,245,統一,2024-08-16,5850
3535,晶彩科,262,21,241,統一,2024-08-16,5850
3689,湧德,377,155,222,統一,2024-08-16,5850
2385,群光,227,6,221,統一,2024-08-16,5850
6176,瑞儀,226,11,215,統一,2024-08-16,5850
3017,奇鋐,372,159,213,統一,2024-08-16,5850
3013,晟銘電,428,217,211,統一,2024-08-16,5850
2301,光寶科,234,28,206,統一,2024-08-16,5850
00857B,永豐20年美公債,204,0,204,統一,2024-08-16,5850
6462,神盾,220,23,197,統一,2024-08-16,5850
3374,精材,594,398,196,統一,2024-08-16,5850
5905,南仁湖,211,19,192,統一,2024-08-16,5850
9902,台火,184,10,174,統一,2024-08-16,5850
1907,永豐餘,172,6,166,統一,2024-08-16,5850
2537,聯上發,378,213,165,統一,2024-08-16,5850
00929,復華台灣科技優息,244,79,165,統一,2024-08-16,5850
6609,瀧澤科,194,34,160,統一,2024-08-16,5850
3163,波若威,220,65,155,統一,2024-08-16,5850
00696B,富邦美債20年,153,0,153,統一,2024-08-16,5850
4956,光鋐,183,40,143,統一,2024-08-16,5850
4549,桓達,209,68,141,統一,2024-08-16,5850
00795B,中信美國公債20年,140,0,140,統一,2024-08-16,5850
2888,新光金,12529,819,11710,統一,2024-08-19,5850
00679B,元大美債20年,11068,40,11028,統一,2024-08-19,5850
2374,佳能,3289,75,3214,統一,2024-08-19,5850
2417,圓剛,2538,13,2525,統一,2024-08-19,5850
2883,凱基金,1327,270,1057,統一,2024-08-19,5850
00687B,國泰20年美債,837,38,799,統一,2024-08-19,5850
00632R,元大台灣50反1,1283,550,733,統一,2024-08-19,5850
3663,鑫科,781,75,706,統一,2024-08-19,5850
3535,晶彩科,736,71,665,統一,2024-08-19,5850
4909,新復興,696,45,651,統一,2024-08-19,5850
1102,亞泥,851,205,646,統一,2024-08-19,5850
5371,中光電,549,72,477,統一,2024-08-19,5850
8071,能率網通,449,53,396,統一,2024-08-19,5850
00688L,國泰20年美債正2,366,0,366,統一,2024-08-19,5850
5481,新華,553,251,302,統一,2024-08-19,5850
2606,裕民,300,0,300,統一,2024-08-19,5850
3312,弘憶股,565,294,271,統一,2024-08-19,5850
00725B,國泰投資級公司債,287,50,237,統一,2024-08-19,5850
2101,南港,226,1,225,統一,2024-08-19,5850
0050,元大台灣50,225,11,214,統一,2024-08-19,5850
00719B,元大美債1-3,208,0,208,統一,2024-08-19,5850
6187,萬潤,296,89,207,統一,2024-08-19,5850
00950B,凱基A級公司債,205,0,205,統一,2024-08-19,5850
2618,長榮航,216,14,202,統一,2024-08-19,5850
4979,華星光,207,9,198,統一,2024-08-19,5850
5258,虹堡,186,1,185,統一,2024-08-19,5850
2603,長榮,226,56,170,統一,2024-08-19,5850
3491,昇達科,222,55,167,統一,2024-08-19,5850
00931B,統一美債20年,452,288,164,統一,2024-08-19,5850
8089,康全電訊,173,10,163,統一,2024-08-19,5850
00795B,中信美國公債20年,173,11,162,統一,2024-08-19,5850
2439,美律,222,67,155,統一,2024-08-19,5850
8107,大億金茂,212,57,155,統一,2024-08-19,5850
6156,松上,165,15,150,統一,2024-08-19,5850
5443,均豪,278,129,149,統一,2024-08-19,5850
6218,豪勉,153,4,149,統一,2024-08-19,5850
1815,富喬,241,111,130,統一,2024-08-19,5850
4938,和碩,151,22,129,統一,2024-08-19,5850
3379,彬台,143,20,123,統一,2024-08-19,5850
00740B,富邦全球投等債,120,0,120,統一,2024-08-19,5850
020030,統一智慧電動車N,125,8,117,統一,2024-08-19,5850
2362,藍天,152,37,115,統一,2024-08-19,5850
5392,能率,116,2,114,統一,2024-08-19,5850
2317,鴻海,256,148,108,統一,2024-08-19,5850
3447,展達,107,0,107,統一,2024-08-19,5850
00929,復華台灣科技優息,198,95,103,統一,2024-08-19,5850
2467,志聖,382,280,102,統一,2024-08-19,5850
5263,智崴,126,24,102,統一,2024-08-19,5850
3450,聯鈞,189,88,101,統一,2024-08-19,5850
00853B,統一美債10年Aa-,650,550,100,統一,2024-08-19,5850
2349,錸德,6163,265,5898,統一,2024-08-20,5850
2888,新光金,7270,3453,3817,統一,2024-08-20,5850
2905,三商,1100,0,1100,統一,2024-08-20,5850
2317,鴻海,1254,207,1047,統一,2024-08-20,5850
8096,擎亞,1281,275,1006,統一,2024-08-20,5850
2884,玉山金,852,20,832,統一,2024-08-20,5850
3374,精材,809,92,717,統一,2024-08-20,5850
2408,南亞科,547,18,529,統一,2024-08-20,5850
2845,遠東銀,523,9,514,統一,2024-08-20,5850
1609,大亞,652,156,496,統一,2024-08-20,5850
3535,晶彩科,1259,801,458,統一,2024-08-20,5850
1584,精剛,575,130,445,統一,2024-08-20,5850
4904,遠傳,528,95,433,統一,2024-08-20,5850
2618,長榮航,585,179,406,統一,2024-08-20,5850
3689,湧德,487,103,384,統一,2024-08-20,5850
00876,元大全球5G,380,0,380,統一,2024-08-20,5850
6257,矽格,338,5,333,統一,2024-08-20,5850
00687B,國泰20年美債,359,39,320,統一,2024-08-20,5850
3167,大量,355,47,308,統一,2024-08-20,5850
8440,綠電,307,3,304,統一,2024-08-20,5850
1409,新纖,303,8,295,統一,2024-08-20,5850
1785,光洋科,340,63,277,統一,2024-08-20,5850
3163,波若威,352,93,259,統一,2024-08-20,5850
6117,迎廣,287,31,256,統一,2024-08-20,5850
3202,樺晟,285,40,245,統一,2024-08-20,5850
3289,宜特,257,22,235,統一,2024-08-20,5850
5905,南仁湖,502,271,231,統一,2024-08-20,5850
4303,信立,258,32,226,統一,2024-08-20,5850
00680L,元大美債20正2,249,25,224,統一,2024-08-20,5850
4167,松瑞藥,235,13,222,統一,2024-08-20,5850
2881,富邦金,287,74,213,統一,2024-08-20,5850
3587,閎康,252,42,210,統一,2024-08-20,5850
3665,貿聯-KY,228,51,177,統一,2024-08-20,5850
3303,岱稜,193,19,174,統一,2024-08-20,5850
3050,鈺德,173,0,173,統一,2024-08-20,5850
3686,達能,170,8,162,統一,2024-08-20,5850
3035,智原,198,36,162,統一,2024-08-20,5850
2547,日勝生,160,0,160,統一,2024-08-20,5850
1736,喬山,160,1,159,統一,2024-08-20,5850
2354,鴻準,312,162,150,統一,2024-08-20,5850
6472,保瑞,157,11,146,統一,2024-08-20,5850
9904,寶成,159,15,144,統一,2024-08-20,5850
2855,統一證,147,3,144,統一,2024-08-20,5850
1722,台肥,145,2,143,統一,2024-08-20,5850
2467,志聖,339,197,142,統一,2024-08-20,5850
2382,廣達,309,167,142,統一,2024-08-20,5850
2392,正崴,162,24,138,統一,2024-08-20,5850
1786,科妍,236,102,134,統一,2024-08-20,5850
3645,達邁,174,42,132,統一,2024-08-20,5850
6546,正基,148,20,128,統一,2024-08-20,5850
2303,聯電,2650,297,2353,統一,2024-08-21,5850
2891,中信金,2846,870,1976,統一,2024-08-21,5850
2888,新光金,4345,2634,1711,統一,2024-08-21,5850
9955,佳龍,2974,1889,1085,統一,2024-08-21,5850
4716,大立,1003,155,848,統一,2024-08-21,5850
00937B,群益ESG投等債20,806,135,671,統一,2024-08-21,5850
00955,中信日本商社,586,0,586,統一,2024-08-21,5850
2504,國產,589,6,583,統一,2024-08-21,5850
6757,台灣虎航,525,29,496,統一,2024-08-21,5850
00956,中信日經高股息,458,1,457,統一,2024-08-21,5850
6443,元晶,473,20,453,統一,2024-08-21,5850
3231,緯創,405,36,369,統一,2024-08-21,5850
1504,東元,330,23,307,統一,2024-08-21,5850
3019,亞光,345,57,288,統一,2024-08-21,5850
3711,日月光投控,559,332,227,統一,2024-08-21,5850
2376,技嘉,235,19,216,統一,2024-08-21,5850
8043,蜜望實,343,142,201,統一,2024-08-21,5850
00720B,元大投資級公司債,202,2,200,統一,2024-08-21,5850
4906,正文,236,49,187,統一,2024-08-21,5850
4908,前鼎,220,39,181,統一,2024-08-21,5850
00673R,期元大S＆P原油反1,185,28,157,統一,2024-08-21,5850
5443,均豪,516,367,149,統一,2024-08-21,5850
00751B,元大AAA至A公司債,154,9,145,統一,2024-08-21,5850
8103,瀚荃,147,9,138,統一,2024-08-21,5850
2356,英業達,258,122,136,統一,2024-08-21,5850
3047,訊舟,697,563,134,統一,2024-08-21,5850
2476,鉅祥,163,38,125,統一,2024-08-21,5850
3284,太普高,120,0,120,統一,2024-08-21,5850
3227,原相,250,131,119,統一,2024-08-21,5850
8096,擎亞,298,184,114,統一,2024-08-21,5850
00945B,凱基美國非投等債,113,0,113,統一,2024-08-21,5850
6156,松上,142,34,108,統一,2024-08-21,5850
8054,安國,358,252,106,統一,2024-08-21,5850
2324,仁寶,97,2,95,統一,2024-08-21,5850
6282,康舒,98,3,95,統一,2024-08-21,5850
00665L,富邦�琤肭磪囓�2,104,9,95,統一,2024-08-21,5850
6415,矽力*-KY,106,13,93,統一,2024-08-21,5850
2534,宏盛,90,0,90,統一,2024-08-21,5850
2354,鴻準,174,85,89,統一,2024-08-21,5850
3653,健策,111,22,89,統一,2024-08-21,5850
00724B,群益投資級金融債,212,125,87,統一,2024-08-21,5850
0050,元大台灣50,85,2,83,統一,2024-08-21,5850
8937,合騏,83,2,81,統一,2024-08-21,5850
6441,廣錠,96,19,77,統一,2024-08-21,5850
5309,系統電,288,211,77,統一,2024-08-21,5850
4510,高鋒,150,74,76,統一,2024-08-21,5850
2382,廣達,201,127,74,統一,2024-08-21,5850
00878,國泰永續高股息,76,5,71,統一,2024-08-21,5850
2420,新巨,70,0,70,統一,2024-08-21,5850
1443,立益物流,81,12,69,統一,2024-08-21,5850
5452,佶優,3019,11,3008,統一,2024-08-22,5850
2890,永豐金,2287,220,2067,統一,2024-08-22,5850
1708,東鹼,1347,253,1094,統一,2024-08-22,5850
4714,永捷,941,124,817,統一,2024-08-22,5850
00680L,元大美債20正2,824,9,815,統一,2024-08-22,5850
3189,景碩,832,31,801,統一,2024-08-22,5850
5371,中光電,745,42,703,統一,2024-08-22,5850
2885,元大金,735,99,636,統一,2024-08-22,5850
2409,友達,556,53,503,統一,2024-08-22,5850
9958,世紀鋼,520,29,491,統一,2024-08-22,5850
3037,欣興,534,108,426,統一,2024-08-22,5850
4938,和碩,320,4,316,統一,2024-08-22,5850
6143,振曜,382,75,307,統一,2024-08-22,5850
2101,南港,295,2,293,統一,2024-08-22,5850
4958,臻鼎-KY,318,26,292,統一,2024-08-22,5850
3227,原相,478,191,287,統一,2024-08-22,5850
4909,新復興,295,25,270,統一,2024-08-22,5850
2308,台達電,300,31,269,統一,2024-08-22,5850
00687B,國泰20年美債,275,15,260,統一,2024-08-22,5850
4513,福裕,281,25,256,統一,2024-08-22,5850
6133,金橋,262,26,236,統一,2024-08-22,5850
8028,昇陽半導體,653,424,229,統一,2024-08-22,5850
3665,貿聯-KY,240,19,221,統一,2024-08-22,5850
00751B,元大AAA至A公司債,230,10,220,統一,2024-08-22,5850
5481,新華,181,6,175,統一,2024-08-22,5850
8069,元太,234,65,169,統一,2024-08-22,5850
2429,銘旺科,169,0,169,統一,2024-08-22,5850
00881,國泰台灣5G+,165,0,165,統一,2024-08-22,5850
1711,永光,205,40,165,統一,2024-08-22,5850
2385,群光,163,2,161,統一,2024-08-22,5850
00929,復華台灣科技優息,244,90,154,統一,2024-08-22,5850
00715L,期街口布蘭特正2,149,9,140,統一,2024-08-22,5850
5398,慕康生醫,137,0,137,統一,2024-08-22,5850
8039,台虹,156,21,135,統一,2024-08-22,5850
6218,豪勉,134,0,134,統一,2024-08-22,5850
00673R,期元大S＆P原油反1,130,0,130,統一,2024-08-22,5850
00679B,元大美債20年,1637,1510,127,統一,2024-08-22,5850
1727,中華化,127,0,127,統一,2024-08-22,5850
6138,茂達,125,0,125,統一,2024-08-22,5850
4303,信立,176,52,124,統一,2024-08-22,5850
6151,晉倫,121,0,121,統一,2024-08-22,5850
1776,展宇,111,0,111,統一,2024-08-22,5850
3615,安可,163,56,107,統一,2024-08-22,5850
5364,力麗店,107,0,107,統一,2024-08-22,5850
2891,中信金,906,801,105,統一,2024-08-22,5850
00916,國泰全球品牌50,104,0,104,統一,2024-08-22,5850
00882,中信中國高股息,100,0,100,統一,2024-08-22,5850
4711,永純,100,0,100,統一,2024-08-22,5850
3550,聯穎,100,0,100,統一,2024-08-22,5850
2408,南亞科,101,2,99,統一,2024-08-22,5850
00679B,元大美債20年,8225,60,8165,統一,2024-08-23,5850
2888,新光金,13868,8513,5355,統一,2024-08-23,5850
00939,統一台灣高息動能,2023,405,1618,統一,2024-08-23,5850
00940,元大台灣價值高息,1572,14,1558,統一,2024-08-23,5850
2409,友達,1410,327,1083,統一,2024-08-23,5850
4938,和碩,815,1,814,統一,2024-08-23,5850
3702,大聯大,656,9,647,統一,2024-08-23,5850
8039,台虹,759,120,639,統一,2024-08-23,5850
5347,世界,669,37,632,統一,2024-08-23,5850
5905,南仁湖,539,13,526,統一,2024-08-23,5850
3711,日月光投控,520,21,499,統一,2024-08-23,5850
8028,昇陽半導體,643,185,458,統一,2024-08-23,5850
00665L,富邦�琤肭磪囓�2,497,60,437,統一,2024-08-23,5850
8438,昶昕,446,15,431,統一,2024-08-23,5850
00637L,元大滬深300正2,470,52,418,統一,2024-08-23,5850
00687B,國泰20年美債,447,37,410,統一,2024-08-23,5850
4904,遠傳,459,66,393,統一,2024-08-23,5850
8070,長華*,404,13,391,統一,2024-08-23,5850
3042,晶技,396,17,379,統一,2024-08-23,5850
4915,致伸,383,8,375,統一,2024-08-23,5850
00688L,國泰20年美債正2,375,5,370,統一,2024-08-23,5850
2449,京元電子,699,330,369,統一,2024-08-23,5850
00937B,群益ESG投等債20,359,0,359,統一,2024-08-23,5850
2330,台積電,369,53,316,統一,2024-08-23,5850
0050,元大台灣50,259,18,241,統一,2024-08-23,5850
8069,元太,309,70,239,統一,2024-08-23,5850
6134,萬旭,275,43,232,統一,2024-08-23,5850
2359,所羅門,214,2,212,統一,2024-08-23,5850
2891,中信金,260,51,209,統一,2024-08-23,5850
4711,永純,220,20,200,統一,2024-08-23,5850
5443,均豪,651,452,199,統一,2024-08-23,5850
1808,潤隆,196,5,191,統一,2024-08-23,5850
3312,弘憶股,236,53,183,統一,2024-08-23,5850
1402,遠東新,168,8,160,統一,2024-08-23,5850
3149,正達,160,11,149,統一,2024-08-23,5850
2542,興富發,276,135,141,統一,2024-08-23,5850
8071,能率網通,166,25,141,統一,2024-08-23,5850
00795B,中信美國公債20年,139,0,139,統一,2024-08-23,5850
5481,新華,186,49,137,統一,2024-08-23,5850
1776,展宇,178,41,137,統一,2024-08-23,5850
3615,安可,248,114,134,統一,2024-08-23,5850
2313,華通,177,47,130,統一,2024-08-23,5850
2885,元大金,188,58,130,統一,2024-08-23,5850
3019,亞光,336,208,128,統一,2024-08-23,5850
2070,精湛,116,7,109,統一,2024-08-23,5850
2383,台光電,139,34,105,統一,2024-08-23,5850
4510,高鋒,138,32,106,統一,2024-08-23,5850
2308,台達電,154,52,102,統一,2024-08-23,5850
8054,安國,104,3,101,統一,2024-08-23,5850
00696B,富邦美債20年,100,0,100,統一,2024-08-23,5850
2888,新光金,18184,6312,11872,統一,2024-08-26,5850
3481,群創,4209,64,4145,統一,2024-08-26,5850
2884,玉山金,2070,72,1998,統一,2024-08-26,5850
2891,中信金,1985,40,1945,統一,2024-08-26,5850
2887,台新金,1570,39,1531,統一,2024-08-26,5850
8039,台虹,5267,4098,1169,統一,2024-08-26,5850
2377,微星,858,185,673,統一,2024-08-26,5850
1102,亞泥,646,0,646,統一,2024-08-26,5850
2615,萬海,758,190,568,統一,2024-08-26,5850
3711,日月光投控,551,53,498,統一,2024-08-26,5850
00665L,富邦�琤肭磪囓�2,494,50,444,統一,2024-08-26,5850
2609,陽明,735,310,425,統一,2024-08-26,5850
8354,冠好,418,75,343,統一,2024-08-26,5850
00945B,凱基美國非投等債,321,0,321,統一,2024-08-26,5850
8096,擎亞,502,205,297,統一,2024-08-26,5850
9958,世紀鋼,324,42,282,統一,2024-08-26,5850
2324,仁寶,261,14,247,統一,2024-08-26,5850
3703,欣陸,231,10,221,統一,2024-08-26,5850
3040,遠見,210,2,208,統一,2024-08-26,5850
2382,廣達,215,16,199,統一,2024-08-26,5850
2357,華碩,287,110,177,統一,2024-08-26,5850
3034,聯詠,176,4,172,統一,2024-08-26,5850
2317,鴻海,325,166,159,統一,2024-08-26,5850
8111,立��,149,0,149,統一,2024-08-26,5850
00937B,群益ESG投等債20,230,92,138,統一,2024-08-26,5850
2467,志聖,362,226,136,統一,2024-08-26,5850
3036,文曄,142,11,131,統一,2024-08-26,5850
00679B,元大美債20年,128,0,128,統一,2024-08-26,5850
4564,元翎,151,24,127,統一,2024-08-26,5850
8299,群聯,159,37,122,統一,2024-08-26,5850
3665,貿聯-KY,150,30,120,統一,2024-08-26,5850
2885,元大金,144,26,118,統一,2024-08-26,5850
6606,建德工業,122,6,116,統一,2024-08-26,5850
3149,正達,120,8,112,統一,2024-08-26,5850
2429,銘旺科,114,3,111,統一,2024-08-26,5850
8027,鈦昇,123,13,110,統一,2024-08-26,5850
6438,迅得,109,0,109,統一,2024-08-26,5850
6431,光麗-KY,107,0,107,統一,2024-08-26,5850
0050,元大台灣50,137,32,105,統一,2024-08-26,5850
2344,華邦電,117,15,102,統一,2024-08-26,5850
5364,力麗店,98,0,98,統一,2024-08-26,5850
9904,寶成,157,61,96,統一,2024-08-26,5850
1605,華新,104,9,95,統一,2024-08-26,5850
3325,旭品,95,0,95,統一,2024-08-26,5850
3540,曜越,98,9,89,統一,2024-08-26,5850
6210,慶生,91,4,87,統一,2024-08-26,5850
2070,精湛,98,12,86,統一,2024-08-26,5850
2402,毅嘉,374,292,82,統一,2024-08-26,5850
2637,慧洋-KY,99,18,81,統一,2024-08-26,5850
2399,映泰,195,117,78,統一,2024-08-26,5850
4526,東台,3076,332,2744,統一,2024-08-27,5850
8374,羅昇,1048,42,1006,統一,2024-08-27,5850
00665L,富邦�琤肭磪囓�2,891,294,597,統一,2024-08-27,5850
00878,國泰永續高股息,516,1,515,統一,2024-08-27,5850
5905,南仁湖,571,68,503,統一,2024-08-27,5850
3230,錦明,502,21,481,統一,2024-08-27,5850
8039,台虹,1598,1211,387,統一,2024-08-27,5850
00637L,元大滬深300正2,375,5,370,統一,2024-08-27,5850
00687B,國泰20年美債,389,30,359,統一,2024-08-27,5850
9958,世紀鋼,419,65,354,統一,2024-08-27,5850
2347,聯強,316,18,298,統一,2024-08-27,5850
2367,燿華,385,101,284,統一,2024-08-27,5850
1597,直得,263,3,260,統一,2024-08-27,5850
2889,國票金,250,0,250,統一,2024-08-27,5850
4938,和碩,257,13,244,統一,2024-08-27,5850
00751B,元大AAA至A公司債,200,1,199,統一,2024-08-27,5850
9941,裕融,210,11,199,統一,2024-08-27,5850
1776,展宇,204,9,195,統一,2024-08-27,5850
2464,盟立,294,99,195,統一,2024-08-27,5850
2070,精湛,218,24,194,統一,2024-08-27,5850
3044,健鼎,187,3,184,統一,2024-08-27,5850
2883,凱基金,360,181,179,統一,2024-08-27,5850
0050,元大台灣50,183,9,174,統一,2024-08-27,5850
3189,景碩,247,80,167,統一,2024-08-27,5850
3019,亞光,490,330,160,統一,2024-08-27,5850
5876,上海商銀,166,8,158,統一,2024-08-27,5850
1722,台肥,153,0,153,統一,2024-08-27,5850
2905,三商,150,0,150,統一,2024-08-27,5850
3036,文曄,181,40,141,統一,2024-08-27,5850
2362,藍天,142,4,138,統一,2024-08-27,5850
00939,統一台灣高息動能,143,7,136,統一,2024-08-27,5850
3492,長盛,139,3,136,統一,2024-08-27,5850
2357,華碩,177,43,134,統一,2024-08-27,5850
8027,鈦昇,199,78,121,統一,2024-08-27,5850
2885,元大金,129,11,118,統一,2024-08-27,5850
6431,光麗-KY,122,5,117,統一,2024-08-27,5850
2402,毅嘉,449,336,113,統一,2024-08-27,5850
2359,所羅門,132,20,112,統一,2024-08-27,5850
3645,達邁,142,32,110,統一,2024-08-27,5850
3715,定穎投控,122,12,110,統一,2024-08-27,5850
6284,佳邦,118,9,109,統一,2024-08-27,5850
4583,台灣精銳,107,7,100,統一,2024-08-27,5850
8111,立��,165,65,100,統一,2024-08-27,5850
2324,仁寶,104,5,99,統一,2024-08-27,5850
3339,泰谷,100,1,99,統一,2024-08-27,5850
3374,精材,190,92,98,統一,2024-08-27,5850
2903,遠百,96,0,96,統一,2024-08-27,5850
6143,振曜,224,131,93,統一,2024-08-27,5850
6239,力成,92,4,88,統一,2024-08-27,5850
2330,台積電,157,70,87,統一,2024-08-27,5850
3481,群創,4702,2177,2525,統一,2024-08-28,5850
00878,國泰永續高股息,2026,4,2022,統一,2024-08-28,5850
6603,富強鑫,1837,44,1793,統一,2024-08-28,5850
4526,東台,2332,824,1508,統一,2024-08-28,5850
2313,華通,1649,178,1471,統一,2024-08-28,5850
1540,喬福,2328,1223,1105,統一,2024-08-28,5850
3450,聯鈞,1243,435,808,統一,2024-08-28,5850
6151,晉倫,1695,953,742,統一,2024-08-28,5850
1319,東陽,702,15,687,統一,2024-08-28,5850
2426,鼎元,694,7,687,統一,2024-08-28,5850
00632R,元大台灣50反1,1091,550,541,統一,2024-08-28,5850
2317,鴻海,600,93,507,統一,2024-08-28,5850
00900,富邦特選高股息30,501,0,501,統一,2024-08-28,5850
00937B,群益ESG投等債20,488,0,488,統一,2024-08-28,5850
3149,正達,592,112,480,統一,2024-08-28,5850
4510,高鋒,2691,2222,469,統一,2024-08-28,5850
8011,台通,473,18,455,統一,2024-08-28,5850
2867,三商壽,501,77,424,統一,2024-08-28,5850
2880,華南金,430,26,404,統一,2024-08-28,5850
3036,文曄,404,32,372,統一,2024-08-28,5850
8080,印鉐,280,0,280,統一,2024-08-28,5850
2449,京元電子,383,113,270,統一,2024-08-28,5850
6576,逸達,270,0,270,統一,2024-08-28,5850
00679B,元大美債20年,320,90,230,統一,2024-08-28,5850
5871,中租-KY,262,36,226,統一,2024-08-28,5850
4561,健椿,326,101,225,統一,2024-08-28,5850
2888,新光金,3456,3232,224,統一,2024-08-28,5850
2330,台積電,268,48,220,統一,2024-08-28,5850
4549,桓達,325,113,212,統一,2024-08-28,5850
3715,定穎投控,252,58,194,統一,2024-08-28,5850
9958,世紀鋼,375,183,192,統一,2024-08-28,5850
3363,上詮,320,154,166,統一,2024-08-28,5850
6753,龍德造船,195,33,162,統一,2024-08-28,5850
2610,華航,191,30,161,統一,2024-08-28,5850
2408,南亞科,703,554,149,統一,2024-08-28,5850
3062,建漢,205,58,147,統一,2024-08-28,5850
3673,TPK-KY,160,16,144,統一,2024-08-28,5850
2367,燿華,615,471,144,統一,2024-08-28,5850
1711,永光,541,398,143,統一,2024-08-28,5850
5443,均豪,430,292,138,統一,2024-08-28,5850
6405,悅城,134,0,134,統一,2024-08-28,5850
2314,台揚,134,2,132,統一,2024-08-28,5850
3645,達邁,175,51,124,統一,2024-08-28,5850
3294,英濟,121,0,121,統一,2024-08-28,5850
4939,亞電,121,1,120,統一,2024-08-28,5850
2399,映泰,127,10,117,統一,2024-08-28,5850
6598,ABC-KY,115,0,115,統一,2024-08-28,5850
2388,威盛,203,91,112,統一,2024-08-28,5850
2303,聯電,316,205,111,統一,2024-08-28,5850
00751B,元大AAA至A公司債,110,0,110,統一,2024-08-28,5850
1711,永光,3741,1573,2168,統一,2024-08-29,5850
6215,和椿,2068,18,2050,統一,2024-08-29,5850
2883,凱基金,1944,111,1833,統一,2024-08-29,5850
2888,新光金,3219,1666,1553,統一,2024-08-29,5850
2618,長榮航,1704,219,1485,統一,2024-08-29,5850
4303,信立,1230,181,1049,統一,2024-08-29,5850
1727,中華化,3611,2708,903,統一,2024-08-29,5850
2313,華通,1048,417,631,統一,2024-08-29,5850
3406,玉晶光,636,14,622,統一,2024-08-29,5850
2425,承啟,661,91,570,統一,2024-08-29,5850
4958,臻鼎-KY,526,62,464,統一,2024-08-29,5850
00679B,元大美債20年,358,3,355,統一,2024-08-29,5850
8069,元太,320,26,294,統一,2024-08-29,5850
00720B,元大投資級公司債,293,0,293,統一,2024-08-29,5850
2889,國票金,273,2,271,統一,2024-08-29,5850
2424,隴華,260,0,260,統一,2024-08-29,5850
2882,國泰金,258,11,247,統一,2024-08-29,5850
3081,聯亞,346,131,215,統一,2024-08-29,5850
4711,永純,213,4,209,統一,2024-08-29,5850
6546,正基,238,31,207,統一,2024-08-29,5850
2455,全新,220,23,197,統一,2024-08-29,5850
2891,中信金,291,96,195,統一,2024-08-29,5850
3450,聯鈞,1156,969,187,統一,2024-08-29,5850
2454,聯發科,215,28,187,統一,2024-08-29,5850
2377,微星,218,33,185,統一,2024-08-29,5850
6651,全宇昕,175,9,166,統一,2024-08-29,5850
3066,李洲,155,0,155,統一,2024-08-29,5850
1735,日勝化,150,0,150,統一,2024-08-29,5850
2367,燿華,638,495,143,統一,2024-08-29,5850
2633,台灣高鐵,144,3,141,統一,2024-08-29,5850
2368,金像電,153,14,139,統一,2024-08-29,5850
6218,豪勉,155,20,135,統一,2024-08-29,5850
2383,台光電,264,133,131,統一,2024-08-29,5850
6143,振曜,176,50,126,統一,2024-08-29,5850
5905,南仁湖,199,77,122,統一,2024-08-29,5850
6187,萬潤,124,8,116,統一,2024-08-29,5850
8086,宏捷科,112,8,104,統一,2024-08-29,5850
00673R,期元大S＆P原油反1,102,0,102,統一,2024-08-29,5850
00725B,國泰投資級公司債,102,0,102,統一,2024-08-29,5850
00895,富邦未來車,101,0,101,統一,2024-08-29,5850
3189,景碩,254,155,99,統一,2024-08-29,5850
3362,先進光,117,19,98,統一,2024-08-29,5850
00687B,國泰20年美債,99,10,89,統一,2024-08-29,5850
6156,松上,96,8,88,統一,2024-08-29,5850
4171,瑞基,87,0,87,統一,2024-08-29,5850
3665,貿聯-KY,414,331,83,統一,2024-08-29,5850
00722B,群益投資級電信債,1087,1008,79,統一,2024-08-29,5850
9958,世紀鋼,169,93,76,統一,2024-08-29,5850
00915,凱基優選高股息30,75,0,75,統一,2024-08-29,5850
3086,華義,78,3,75,統一,2024-08-29,5850
2888,新光金,3308,81,3227,統一,2024-08-30,5850
8043,蜜望實,2991,74,2917,統一,2024-08-30,5850
00665L,富邦�琤肭磪囓�2,1577,96,1481,統一,2024-08-30,5850
4306,炎洲,709,30,679,統一,2024-08-30,5850
6658,聯策,697,42,655,統一,2024-08-30,5850
1808,潤隆,656,15,641,統一,2024-08-30,5850
00650L,復華香港正2,730,120,610,統一,2024-08-30,5850
2891,中信金,611,40,571,統一,2024-08-30,5850
4909,新復興,592,82,510,統一,2024-08-30,5850
4303,信立,744,311,433,統一,2024-08-30,5850
00954,中信日本半導體,527,176,351,統一,2024-08-30,5850
1785,光洋科,610,260,350,統一,2024-08-30,5850
6706,惠特,403,95,308,統一,2024-08-30,5850
3550,聯穎,636,365,271,統一,2024-08-30,5850
2880,華南金,658,400,258,統一,2024-08-30,5850
6274,台燿,387,155,232,統一,2024-08-30,5850
2233,宇隆,270,39,231,統一,2024-08-30,5850
2101,南港,231,5,226,統一,2024-08-30,5850
6257,矽格,246,56,190,統一,2024-08-30,5850
1815,富喬,353,172,181,統一,2024-08-30,5850
8039,台虹,221,42,179,統一,2024-08-30,5850
6168,宏齊,178,0,178,統一,2024-08-30,5850
9958,世紀鋼,224,51,173,統一,2024-08-30,5850
2537,聯上發,184,15,169,統一,2024-08-30,5850
2882,國泰金,182,14,168,統一,2024-08-30,5850
2609,陽明,280,115,165,統一,2024-08-30,5850
2615,萬海,370,205,165,統一,2024-08-30,5850
3294,英濟,229,69,160,統一,2024-08-30,5850
9933,中鼎,153,1,152,統一,2024-08-30,5850
4956,光鋐,192,47,145,統一,2024-08-30,5850
3548,兆利,161,20,141,統一,2024-08-30,5850
1539,巨庭,142,2,140,統一,2024-08-30,5850
8069,元太,191,53,138,統一,2024-08-30,5850
3037,欣興,184,56,128,統一,2024-08-30,5850
3645,達邁,481,353,128,統一,2024-08-30,5850
00635U,期元大S＆P黃金,126,0,126,統一,2024-08-30,5850
2524,京城,210,85,125,統一,2024-08-30,5850
2241,艾姆勒,126,5,121,統一,2024-08-30,5850
9945,潤泰新,141,25,116,統一,2024-08-30,5850
9939,宏全,118,3,115,統一,2024-08-30,5850
4536,拓凱,116,5,111,統一,2024-08-30,5850
00918,大華優利高填息30,135,25,110,統一,2024-08-30,5850
6114,久威,110,1,109,統一,2024-08-30,5850
5269,祥碩,102,1,101,統一,2024-08-30,5850
6177,達麗,128,27,101,統一,2024-08-30,5850
6153,嘉聯益,131,30,101,統一,2024-08-30,5850
1721,三晃,110,10,100,統一,2024-08-30,5850
4510,高鋒,385,289,96,統一,2024-08-30,5850
6443,元晶,100,5,95,統一,2024-08-30,5850
2344,華邦電,140,49,91,統一,2024-08-30,5850
2888,新光金,6377,1233,5144,統一,2024-09-02,5850
00673R,期元大S＆P原油反1,1878,0,1878,統一,2024-09-02,5850
00632R,元大台灣50反1,1802,544,1258,統一,2024-09-02,5850
00893,國泰智能電動車,1200,5,1195,統一,2024-09-02,5850
00941,中信上游半導體,1001,6,995,統一,2024-09-02,5850
00895,富邦未來車,1000,23,977,統一,2024-09-02,5850
9904,寶成,891,3,888,統一,2024-09-02,5850
2886,兆豐金,878,2,876,統一,2024-09-02,5850
2891,中信金,1142,348,794,統一,2024-09-02,5850
2377,微星,765,42,723,統一,2024-09-02,5850
3702,大聯大,812,128,684,統一,2024-09-02,5850
00687B,國泰20年美債,523,0,523,統一,2024-09-02,5850
00679B,元大美債20年,595,91,504,統一,2024-09-02,5850
00662,富邦NASDAQ,450,0,450,統一,2024-09-02,5850
6890,來億-KY,400,29,371,統一,2024-09-02,5850
4935,茂林-KY,364,0,364,統一,2024-09-02,5850
2603,長榮,694,331,363,統一,2024-09-02,5850
3034,聯詠,362,15,347,統一,2024-09-02,5850
4938,和碩,461,123,338,統一,2024-09-02,5850
4909,新復興,495,162,333,統一,2024-09-02,5850
00931B,統一美債20年,747,448,299,統一,2024-09-02,5850
3450,聯鈞,724,457,267,統一,2024-09-02,5850
2353,宏��,283,20,263,統一,2024-09-02,5850
5347,世界,427,167,260,統一,2024-09-02,5850
00954,中信日本半導體,534,301,233,統一,2024-09-02,5850
00929,復華台灣科技優息,314,81,233,統一,2024-09-02,5850
4303,信立,339,116,223,統一,2024-09-02,5850
2882,國泰金,291,79,212,統一,2024-09-02,5850
3213,茂訊,206,2,204,統一,2024-09-02,5850
3363,上詮,273,83,190,統一,2024-09-02,5850
0050,元大台灣50,184,2,182,統一,2024-09-02,5850
6757,台灣虎航,201,19,182,統一,2024-09-02,5850
2385,群光,180,3,177,統一,2024-09-02,5850
6546,正基,314,138,176,統一,2024-09-02,5850
00881,國泰台灣5G+,168,0,168,統一,2024-09-02,5850
00937B,群益ESG投等債20,555,388,167,統一,2024-09-02,5850
6176,瑞儀,253,88,165,統一,2024-09-02,5850
1513,中興電,167,5,162,統一,2024-09-02,5850
2885,元大金,160,13,147,統一,2024-09-02,5850
2610,華航,217,76,141,統一,2024-09-02,5850
2449,京元電子,259,121,138,統一,2024-09-02,5850
3617,碩天,149,13,136,統一,2024-09-02,5850
4906,正文,156,21,135,統一,2024-09-02,5850
6573,虹揚-KY,124,0,124,統一,2024-09-02,5850
3376,新日興,175,54,121,統一,2024-09-02,5850
00795B,中信美國公債20年,120,0,120,統一,2024-09-02,5850
3550,聯穎,211,93,118,統一,2024-09-02,5850
8080,印鉐,113,0,113,統一,2024-09-02,5850
2486,一詮,280,175,105,統一,2024-09-02,5850
8069,元太,314,209,105,統一,2024-09-02,5850
2618,長榮航,3733,194,3539,統一,2024-09-03,5850
4510,高鋒,2887,114,2773,統一,2024-09-03,5850
4561,健椿,2385,68,2317,統一,2024-09-03,5850
2324,仁寶,1441,3,1438,統一,2024-09-03,5850
00679B,元大美債20年,1340,2,1338,統一,2024-09-03,5850
3081,聯亞,1487,178,1309,統一,2024-09-03,5850
1540,喬福,1190,85,1105,統一,2024-09-03,5850
3231,緯創,660,75,585,統一,2024-09-03,5850
8374,羅昇,749,208,541,統一,2024-09-03,5850
4562,穎漢,609,71,538,統一,2024-09-03,5850
8070,長華*,564,32,532,統一,2024-09-03,5850
2882,國泰金,569,86,483,統一,2024-09-03,5850
4563,百德,414,47,367,統一,2024-09-03,5850
00751B,元大AAA至A公司債,364,1,363,統一,2024-09-03,5850
2383,台光電,480,158,322,統一,2024-09-03,5850
00715L,期街口布蘭特正2,344,53,291,統一,2024-09-03,5850
9914,美利達,268,2,266,統一,2024-09-03,5850
6757,台灣虎航,295,39,256,統一,2024-09-03,5850
3550,聯穎,679,436,243,統一,2024-09-03,5850
2474,可成,244,7,237,統一,2024-09-03,5850
3058,立德,224,2,222,統一,2024-09-03,5850
4576,大銀微系統,190,5,185,統一,2024-09-03,5850
4989,榮科,223,40,183,統一,2024-09-03,5850
5460,同協,179,1,178,統一,2024-09-03,5850
3017,奇鋐,200,33,167,統一,2024-09-03,5850
2867,三商壽,176,15,161,統一,2024-09-03,5850
1815,富喬,383,234,149,統一,2024-09-03,5850
5536,聖暉*,148,4,144,統一,2024-09-03,5850
6285,啟��,160,30,130,統一,2024-09-03,5850
1303,南亞,229,104,125,統一,2024-09-03,5850
6405,悅城,127,3,124,統一,2024-09-03,5850
2385,群光,128,6,122,統一,2024-09-03,5850
8027,鈦昇,564,454,110,統一,2024-09-03,5850
2913,農林,110,0,110,統一,2024-09-03,5850
2103,台橡,110,1,109,統一,2024-09-03,5850
6231,系微,122,13,109,統一,2024-09-03,5850
6274,台燿,257,148,109,統一,2024-09-03,5850
3066,李洲,141,36,105,統一,2024-09-03,5850
2455,全新,152,51,101,統一,2024-09-03,5850
2368,金像電,161,60,101,統一,2024-09-03,5850
2406,國碩,108,8,100,統一,2024-09-03,5850
2542,興富發,98,0,98,統一,2024-09-03,5850
2330,台積電,175,77,98,統一,2024-09-03,5850
3558,神準,96,1,95,統一,2024-09-03,5850
6691,洋基工程,90,0,90,統一,2024-09-03,5850
3669,圓展,90,0,90,統一,2024-09-03,5850
00939,統一台灣高息動能,1099,1014,85,統一,2024-09-03,5850
3023,信邦,92,7,85,統一,2024-09-03,5850
6113,亞矽,83,0,83,統一,2024-09-03,5850
1905,華紙,85,2,83,統一,2024-09-03,5850
1539,巨庭,2556,6,2550,統一,2024-09-04,5850
00937B,群益ESG投等債20,2549,56,2493,統一,2024-09-04,5850
2303,聯電,2271,166,2105,統一,2024-09-04,5850
2408,南亞科,1588,27,1561,統一,2024-09-04,5850
6757,台灣虎航,1320,71,1249,統一,2024-09-04,5850
4960,誠美材,1122,202,920,統一,2024-09-04,5850
00923,群益台ESG低碳50,745,10,735,統一,2024-09-04,5850
006208,富邦台50,647,0,647,統一,2024-09-04,5850
00650L,復華香港正2,596,0,596,統一,2024-09-04,5850
3704,合勤控,491,8,483,統一,2024-09-04,5850
00945B,凱基美國非投等債,508,28,480,統一,2024-09-04,5850
00720B,元大投資級公司債,400,1,399,統一,2024-09-04,5850
2103,台橡,351,6,345,統一,2024-09-04,5850
2497,怡利電,342,29,313,統一,2024-09-04,5850
3363,上詮,385,89,296,統一,2024-09-04,5850
00830,國泰費城半導體,283,0,283,統一,2024-09-04,5850
2885,元大金,456,181,275,統一,2024-09-04,5850
00881,國泰台灣5G+,378,146,232,統一,2024-09-04,5850
2845,遠東銀,236,12,224,統一,2024-09-04,5850
3081,聯亞,296,78,218,統一,2024-09-04,5850
2867,三商壽,215,1,214,統一,2024-09-04,5850
2385,群光,228,22,206,統一,2024-09-04,5850
00725B,國泰投資級公司債,200,0,200,統一,2024-09-04,5850
5347,世界,325,128,197,統一,2024-09-04,5850
8103,瀚荃,245,52,193,統一,2024-09-04,5850
2356,英業達,361,180,181,統一,2024-09-04,5850
2383,台光電,441,263,178,統一,2024-09-04,5850
6147,頎邦,181,6,175,統一,2024-09-04,5850
6530,創威,250,79,171,統一,2024-09-04,5850
6269,台郡,254,83,171,統一,2024-09-04,5850
5871,中租-KY,175,7,168,統一,2024-09-04,5850
8929,富堡,174,12,162,統一,2024-09-04,5850
3450,聯鈞,403,250,153,統一,2024-09-04,5850
0056,元大高股息,151,3,148,統一,2024-09-04,5850
3003,健和興,189,46,143,統一,2024-09-04,5850
6830,汎銓,148,10,138,統一,2024-09-04,5850
4938,和碩,155,22,133,統一,2024-09-04,5850
00929,復華台灣科技優息,1192,1061,131,統一,2024-09-04,5850
6605,帝寶,130,1,129,統一,2024-09-04,5850
6606,建德工業,133,11,122,統一,2024-09-04,5850
3015,全漢,127,10,117,統一,2024-09-04,5850
2705,六福,110,0,110,統一,2024-09-04,5850
2406,國碩,126,16,110,統一,2024-09-04,5850
00939,統一台灣高息動能,611,507,104,統一,2024-09-04,5850
3689,湧德,106,4,102,統一,2024-09-04,5850
5258,虹堡,101,3,98,統一,2024-09-04,5850
3044,健鼎,102,5,97,統一,2024-09-04,5850
2376,技嘉,203,108,95,統一,2024-09-04,5850
2520,冠德,109,15,94,統一,2024-09-04,5850
2449,京元電子,232,140,92,統一,2024-09-04,5850
00632R,元大台灣50反1,2766,146,2620,統一,2024-09-05,5850
2497,怡利電,2100,66,2034,統一,2024-09-05,5850
2883,凱基金,2261,486,1775,統一,2024-09-05,5850
6757,台灣虎航,1780,24,1756,統一,2024-09-05,5850
2888,新光金,2534,1090,1444,統一,2024-09-05,5850
2324,仁寶,1304,37,1267,統一,2024-09-05,5850
1815,富喬,1211,137,1074,統一,2024-09-05,5850
1102,亞泥,601,23,578,統一,2024-09-05,5850
6405,悅城,470,2,468,統一,2024-09-05,5850
3581,博磊,488,107,381,統一,2024-09-05,5850
2352,佳世達,385,13,372,統一,2024-09-05,5850
6114,久威,366,9,357,統一,2024-09-05,5850
2603,長榮,560,210,350,統一,2024-09-05,5850
9904,寶成,365,19,346,統一,2024-09-05,5850
2303,聯電,651,323,328,統一,2024-09-05,5850
2317,鴻海,564,237,327,統一,2024-09-05,5850
6274,台燿,607,316,291,統一,2024-09-05,5850
00940,元大台灣價值高息,269,3,266,統一,2024-09-05,5850
2308,台達電,268,22,246,統一,2024-09-05,5850
2383,台光電,321,104,217,統一,2024-09-05,5850
1776,展宇,207,0,207,統一,2024-09-05,5850
2504,國產,220,33,187,統一,2024-09-05,5850
5481,新華,173,0,173,統一,2024-09-05,5850
3034,聯詠,179,12,167,統一,2024-09-05,5850
2385,群光,259,99,160,統一,2024-09-05,5850
6176,瑞儀,182,27,155,統一,2024-09-05,5850
3437,榮創,157,6,151,統一,2024-09-05,5850
00642U,期元大S＆P石油,150,0,150,統一,2024-09-05,5850
4956,光鋐,152,14,138,統一,2024-09-05,5850
2609,陽明,431,296,135,統一,2024-09-05,5850
5876,上海商銀,231,98,133,統一,2024-09-05,5850
4551,智伸科,134,3,131,統一,2024-09-05,5850
6257,矽格,147,17,130,統一,2024-09-05,5850
3354,律勝,125,0,125,統一,2024-09-05,5850
5483,中美晶,125,3,122,統一,2024-09-05,5850
2103,台橡,135,15,120,統一,2024-09-05,5850
1541,錩泰,120,0,120,統一,2024-09-05,5850
2891,中信金,394,277,117,統一,2024-09-05,5850
4979,華星光,123,8,115,統一,2024-09-05,5850
2458,義隆,109,3,106,統一,2024-09-05,5850
4526,東台,163,58,105,統一,2024-09-05,5850
8111,立��,104,2,102,統一,2024-09-05,5850
2211,長榮鋼,114,14,100,統一,2024-09-05,5850
00635U,期元大S＆P黃金,100,3,97,統一,2024-09-05,5850
5340,建榮,98,2,96,統一,2024-09-05,5850
2851,中再保,96,0,96,統一,2024-09-05,5850
2404,漢唐,95,4,91,統一,2024-09-05,5850
2419,仲琦,101,10,91,統一,2024-09-05,5850
00923,群益台ESG低碳50,347,257,90,統一,2024-09-05,5850
3324,雙鴻,110,20,90,統一,2024-09-05,5850
00937B,群益ESG投等債20,3024,175,2849,統一,2024-09-06,5850
1319,東陽,1542,31,1511,統一,2024-09-06,5850
00632R,元大台灣50反1,970,20,950,統一,2024-09-06,5850
4956,光鋐,1003,54,949,統一,2024-09-06,5850
3481,群創,916,188,728,統一,2024-09-06,5850
00945B,凱基美國非投等債,683,1,682,統一,2024-09-06,5850
3231,緯創,641,24,617,統一,2024-09-06,5850
8249,菱光,510,4,506,統一,2024-09-06,5850
00830,國泰費城半導體,324,0,324,統一,2024-09-06,5850
00680L,元大美債20正2,703,407,296,統一,2024-09-06,5850
6706,惠特,328,77,251,統一,2024-09-06,5850
2409,友達,350,108,242,統一,2024-09-06,5850
5460,同協,283,64,219,統一,2024-09-06,5850
2455,全新,223,15,208,統一,2024-09-06,5850
2377,微星,209,8,201,統一,2024-09-06,5850
00931B,統一美債20年,211,12,199,統一,2024-09-06,5850
2855,統一證,241,50,191,統一,2024-09-06,5850
3354,律勝,194,12,182,統一,2024-09-06,5850
4538,大詠城,182,2,180,統一,2024-09-06,5850
2301,光寶科,205,32,173,統一,2024-09-06,5850
2884,玉山金,222,50,172,統一,2024-09-06,5850
3230,錦明,218,47,171,統一,2024-09-06,5850
3034,聯詠,214,43,171,統一,2024-09-06,5850
8404,百和興業-KY,173,6,167,統一,2024-09-06,5850
6274,台燿,286,123,163,統一,2024-09-06,5850
3081,聯亞,158,18,140,統一,2024-09-06,5850
2103,台橡,135,0,135,統一,2024-09-06,5850
2303,聯電,337,208,129,統一,2024-09-06,5850
00719B,元大美債1-3,130,5,125,統一,2024-09-06,5850
8068,全達,124,0,124,統一,2024-09-06,5850
00881,國泰台灣5G+,116,10,106,統一,2024-09-06,5850
8171,天宇,105,0,105,統一,2024-09-06,5850
00642U,期元大S＆P石油,111,6,105,統一,2024-09-06,5850
2383,台光電,268,164,104,統一,2024-09-06,5850
6532,瑞耘,103,0,103,統一,2024-09-06,5850
6194,育富,103,0,103,統一,2024-09-06,5850
00895,富邦未來車,101,1,100,統一,2024-09-06,5850
00662,富邦NASDAQ,100,0,100,統一,2024-09-06,5850
00900,富邦特選高股息30,100,0,100,統一,2024-09-06,5850
2543,皇昌,141,41,100,統一,2024-09-06,5850
00853B,統一美債10年Aa-,355,256,99,統一,2024-09-06,5850
3003,健和興,168,72,96,統一,2024-09-06,5850
00631L,元大台灣50正2,103,8,95,統一,2024-09-06,5850
3597,映興,102,10,92,統一,2024-09-06,5850
00764B,群益25年美債,1133,1051,82,統一,2024-09-06,5850
6187,萬潤,131,50,81,統一,2024-09-06,5850
6830,汎銓,86,6,80,統一,2024-09-06,5850
00757,統一FANG+,80,3,77,統一,2024-09-06,5850
2891,中信金,191,119,72,統一,2024-09-06,5850
2882,國泰金,128,60,68,統一,2024-09-06,5850
2888,新光金,3136,1427,1709,統一,2024-09-09,5850
1319,東陽,1410,26,1384,統一,2024-09-09,5850
00918,大華優利高填息30,961,0,961,統一,2024-09-09,5850
00935,野村臺灣新科技50,729,0,729,統一,2024-09-09,5850
00679B,元大美債20年,630,11,619,統一,2024-09-09,5850
00915,凱基優選高股息30,610,34,576,統一,2024-09-09,5850
00939,統一台灣高息動能,823,306,517,統一,2024-09-09,5850
5880,合庫金,512,11,501,統一,2024-09-09,5850
3013,晟銘電,525,36,489,統一,2024-09-09,5850
2388,威盛,450,16,434,統一,2024-09-09,5850
00687B,國泰20年美債,473,52,421,統一,2024-09-09,5850
2330,台積電,436,43,393,統一,2024-09-09,5850
2855,統一證,249,1,248,統一,2024-09-09,5850
4979,華星光,332,103,229,統一,2024-09-09,5850
6176,瑞儀,202,2,200,統一,2024-09-09,5850
6005,群益證,200,10,190,統一,2024-09-09,5850
0050,元大台灣50,223,44,179,統一,2024-09-09,5850
2382,廣達,217,40,177,統一,2024-09-09,5850
2106,建大,165,0,165,統一,2024-09-09,5850
2486,一詮,208,47,161,統一,2024-09-09,5850
2887,台新金,183,24,159,統一,2024-09-09,5850
2103,台橡,150,0,150,統一,2024-09-09,5850
6187,萬潤,269,125,144,統一,2024-09-09,5850
00665L,富邦�琤肭磪囓�2,387,252,135,統一,2024-09-09,5850
00949,復華日本龍頭,127,0,127,統一,2024-09-09,5850
6152,百一,125,3,122,統一,2024-09-09,5850
3707,漢磊,139,26,113,統一,2024-09-09,5850
3363,上詮,132,21,111,統一,2024-09-09,5850
00642U,期元大S＆P石油,110,0,110,統一,2024-09-09,5850
2881,富邦金,196,89,107,統一,2024-09-09,5850
0052,富邦科技,100,0,100,統一,2024-09-09,5850
00764B,群益25年美債,1900,1800,100,統一,2024-09-09,5850
3017,奇鋐,108,12,96,統一,2024-09-09,5850
2362,藍天,96,1,95,統一,2024-09-09,5850
006208,富邦台50,94,0,94,統一,2024-09-09,5850
00783,富邦中証500,98,5,93,統一,2024-09-09,5850
6246,臺龍,93,0,93,統一,2024-09-09,5850
3003,健和興,95,4,91,統一,2024-09-09,5850
6121,新普,90,1,89,統一,2024-09-09,5850
00929,復華台灣科技優息,109,21,88,統一,2024-09-09,5850
2455,全新,97,9,88,統一,2024-09-09,5850
2425,承啟,102,18,84,統一,2024-09-09,5850
6805,富世達,106,22,84,統一,2024-09-09,5850
00637L,元大滬深300正2,344,263,81,統一,2024-09-09,5850
020030,統一智慧電動車N,80,3,77,統一,2024-09-09,5850
1582,信錦,109,35,74,統一,2024-09-09,5850
00830,國泰費城半導體,74,1,73,統一,2024-09-09,5850
6104,創惟,142,70,72,統一,2024-09-09,5850
2705,六福,72,0,72,統一,2024-09-09,5850
00900,富邦特選高股息30,74,5,69,統一,2024-09-09,5850
2888,新光金,5509,649,4860,統一,2024-09-10,5850
00939,統一台灣高息動能,3072,938,2134,統一,2024-09-10,5850
00957B,兆豐US優選投等債,2675,1290,1385,統一,2024-09-10,5850
2399,映泰,1173,42,1131,統一,2024-09-10,5850
2885,元大金,880,55,825,統一,2024-09-10,5850
00632R,元大台灣50反1,1201,400,801,統一,2024-09-10,5850
00650L,復華香港正2,789,0,789,統一,2024-09-10,5850
2618,長榮航,746,305,441,統一,2024-09-10,5850
4908,前鼎,448,67,381,統一,2024-09-10,5850
2884,玉山金,589,211,378,統一,2024-09-10,5850
3707,漢磊,456,106,350,統一,2024-09-10,5850
6279,胡連,298,44,254,統一,2024-09-10,5850
2855,統一證,241,0,241,統一,2024-09-10,5850
2308,台達電,262,21,241,統一,2024-09-10,5850
00665L,富邦�琤肭磪囓�2,214,0,214,統一,2024-09-10,5850
00680L,元大美債20正2,348,145,203,統一,2024-09-10,5850
1504,東元,388,188,200,統一,2024-09-10,5850
1522,堤維西,220,24,196,統一,2024-09-10,5850
4551,智伸科,210,17,193,統一,2024-09-10,5850
2330,台積電,259,75,184,統一,2024-09-10,5850
2382,廣達,245,68,177,統一,2024-09-10,5850
1319,東陽,233,70,163,統一,2024-09-10,5850
2351,順德,150,0,150,統一,2024-09-10,5850
4536,拓凱,182,32,150,統一,2024-09-10,5850
1216,統一,163,17,146,統一,2024-09-10,5850
2388,威盛,194,52,142,統一,2024-09-10,5850
3715,定穎投控,199,58,141,統一,2024-09-10,5850
3045,台灣大,245,110,135,統一,2024-09-10,5850
6830,汎銓,204,76,128,統一,2024-09-10,5850
2360,致茂,267,152,115,統一,2024-09-10,5850
1524,耿鼎,116,5,111,統一,2024-09-10,5850
1735,日勝化,110,0,110,統一,2024-09-10,5850
00881,國泰台灣5G+,374,265,109,統一,2024-09-10,5850
3689,湧德,124,18,106,統一,2024-09-10,5850
3360,尚立,103,2,101,統一,2024-09-10,5850
5398,慕康生醫,101,0,101,統一,2024-09-10,5850
9910,豐泰,103,3,100,統一,2024-09-10,5850
6670,復盛應用,112,12,100,統一,2024-09-10,5850
6246,臺龍,103,4,99,統一,2024-09-10,5850
6274,台燿,237,140,97,統一,2024-09-10,5850
8111,立��,95,15,80,統一,2024-09-10,5850
2476,鉅祥,88,9,79,統一,2024-09-10,5850
6194,育富,79,0,79,統一,2024-09-10,5850
3005,神基,101,24,77,統一,2024-09-10,5850
00929,復華台灣科技優息,97,20,77,統一,2024-09-10,5850
3003,健和興,161,85,76,統一,2024-09-10,5850
8038,長園科,75,0,75,統一,2024-09-10,5850
4904,遠傳,80,5,75,統一,2024-09-10,5850
2455,全新,128,54,74,統一,2024-09-10,5850
3019,亞光,99,25,74,統一,2024-09-10,5850
00632R,元大台灣50反1,45460,450,45010,統一,2024-09-11,5850
2888,新光金,14290,4998,9292,統一,2024-09-11,5850
6152,百一,3007,31,2976,統一,2024-09-11,5850
2867,三商壽,1960,91,1869,統一,2024-09-11,5850
00937B,群益ESG投等債20,1112,4,1108,統一,2024-09-11,5850
3481,群創,1167,252,915,統一,2024-09-11,5850
00945B,凱基美國非投等債,903,1,902,統一,2024-09-11,5850
3227,原相,1039,145,894,統一,2024-09-11,5850
00740B,富邦全球投等債,887,55,832,統一,2024-09-11,5850
3031,佰鴻,647,10,637,統一,2024-09-11,5850
4977,眾達-KY,509,21,488,統一,2024-09-11,5850
5460,同協,487,2,485,統一,2024-09-11,5850
5439,高技,553,83,470,統一,2024-09-11,5850
00864B,中信美國公債0-1,437,0,437,統一,2024-09-11,5850
2884,玉山金,527,107,420,統一,2024-09-11,5850
3303,岱稜,490,80,410,統一,2024-09-11,5850
2603,長榮,491,85,406,統一,2024-09-11,5850
00725B,國泰投資級公司債,401,10,391,統一,2024-09-11,5850
00719B,元大美債1-3,377,0,377,統一,2024-09-11,5850
4551,智伸科,325,2,323,統一,2024-09-11,5850
5258,虹堡,325,5,320,統一,2024-09-11,5850
6194,育富,386,81,305,統一,2024-09-11,5850
2313,華通,381,113,268,統一,2024-09-11,5850
4960,誠美材,267,0,267,統一,2024-09-11,5850
00940,元大台灣價值高息,261,0,261,統一,2024-09-11,5850
00909,國泰數位支付服務,260,1,259,統一,2024-09-11,5850
2855,統一證,243,4,239,統一,2024-09-11,5850
3209,全科,232,0,232,統一,2024-09-11,5850
1737,臺鹽,231,1,230,統一,2024-09-11,5850
2609,陽明,286,85,201,統一,2024-09-11,5850
2330,台積電,243,46,197,統一,2024-09-11,5850
00953B,群益優選非投等債,700,505,195,統一,2024-09-11,5850
00933B,國泰10Y+金融債,290,101,189,統一,2024-09-11,5850
00741B,富邦全球非投等債,213,25,188,統一,2024-09-11,5850
6279,胡連,228,40,188,統一,2024-09-11,5850
8150,南茂,173,1,172,統一,2024-09-11,5850
2388,威盛,319,170,149,統一,2024-09-11,5850
2891,中信金,497,350,147,統一,2024-09-11,5850
00830,國泰費城半導體,130,0,130,統一,2024-09-11,5850
3605,宏致,194,73,121,統一,2024-09-11,5850
6125,廣運,152,33,119,統一,2024-09-11,5850
1558,伸興,115,0,115,統一,2024-09-11,5850
00715L,期街口布蘭特正2,134,23,111,統一,2024-09-11,5850
4974,亞泰,229,124,105,統一,2024-09-11,5850
4904,遠傳,118,14,104,統一,2024-09-11,5850
2467,志聖,99,5,94,統一,2024-09-11,5850
00680L,元大美債20正2,138,47,91,統一,2024-09-11,5850
00724B,群益投資級金融債,216,129,87,統一,2024-09-11,5850
9907,統一實,88,1,87,統一,2024-09-11,5850
4935,茂林-KY,100,15,85,統一,2024-09-11,5850
00632R,元大台灣50反1,180990,24861,156129,統一,2024-09-12,5850
2888,新光金,13819,1140,12679,統一,2024-09-12,5850
4510,高鋒,1039,98,941,統一,2024-09-12,5850
2891,中信金,872,154,718,統一,2024-09-12,5850
4561,健椿,680,18,662,統一,2024-09-12,5850
00687B,國泰20年美債,812,153,659,統一,2024-09-12,5850
6104,創惟,681,78,603,統一,2024-09-12,5850
3711,日月光投控,571,6,565,統一,2024-09-12,5850
4960,誠美材,418,0,418,統一,2024-09-12,5850
6546,正基,424,47,377,統一,2024-09-12,5850
4551,智伸科,351,18,333,統一,2024-09-12,5850
2449,京元電子,340,17,323,統一,2024-09-12,5850
1319,東陽,319,28,291,統一,2024-09-12,5850
2317,鴻海,410,120,290,統一,2024-09-12,5850
2388,威盛,294,31,263,統一,2024-09-12,5850
2855,統一證,243,6,237,統一,2024-09-12,5850
8039,台虹,421,197,224,統一,2024-09-12,5850
2634,漢翔,204,1,203,統一,2024-09-12,5850
2495,普安,200,1,199,統一,2024-09-12,5850
00857B,永豐20年美公債,187,0,187,統一,2024-09-12,5850
2070,精湛,313,126,187,統一,2024-09-12,5850
3167,大量,200,14,186,統一,2024-09-12,5850
00929,復華台灣科技優息,224,47,177,統一,2024-09-12,5850
1402,遠東新,383,209,174,統一,2024-09-12,5850
3374,精材,225,56,169,統一,2024-09-12,5850
2308,台達電,186,31,155,統一,2024-09-12,5850
8249,菱光,393,247,146,統一,2024-09-12,5850
2867,三商壽,154,13,141,統一,2024-09-12,5850
1560,中砂,156,18,138,統一,2024-09-12,5850
4979,華星光,597,462,135,統一,2024-09-12,5850
3081,聯亞,186,60,126,統一,2024-09-12,5850
2368,金像電,122,3,119,統一,2024-09-12,5850
6669,緯穎,127,8,119,統一,2024-09-12,5850
00696B,富邦美債20年,111,0,111,統一,2024-09-12,5850
00795B,中信美國公債20年,115,4,111,統一,2024-09-12,5850
3443,創意,111,2,109,統一,2024-09-12,5850
8028,昇陽半導體,158,54,104,統一,2024-09-12,5850
3044,健鼎,109,5,104,統一,2024-09-12,5850
6187,萬潤,257,153,104,統一,2024-09-12,5850
3312,弘憶股,299,197,102,統一,2024-09-12,5850
00779B,凱基美債25+,100,0,100,統一,2024-09-12,5850
6257,矽格,100,1,99,統一,2024-09-12,5850
8150,南茂,98,0,98,統一,2024-09-12,5850
2383,台光電,181,86,95,統一,2024-09-12,5850
3680,家登,118,26,92,統一,2024-09-12,5850
2360,致茂,108,17,91,統一,2024-09-12,5850
1735,日勝化,90,0,90,統一,2024-09-12,5850
00878,國泰永續高股息,109,21,88,統一,2024-09-12,5850
2313,華通,1939,1855,84,統一,2024-09-12,5850
2603,長榮,211,128,83,統一,2024-09-12,5850
2349,錸德,5096,71,5025,統一,2024-09-13,5850
00665L,富邦�琤肭磪囓�2,1226,21,1205,統一,2024-09-13,5850
00632R,元大台灣50反1,1132,0,1132,統一,2024-09-13,5850
8032,光菱,976,0,976,統一,2024-09-13,5850
8249,菱光,754,56,698,統一,2024-09-13,5850
2070,精湛,920,309,611,統一,2024-09-13,5850
1785,光洋科,568,28,540,統一,2024-09-13,5850
6187,萬潤,555,139,416,統一,2024-09-13,5850
6530,創威,653,257,396,統一,2024-09-13,5850
2885,元大金,361,8,353,統一,2024-09-13,5850
00830,國泰費城半導體,335,2,333,統一,2024-09-13,5850
6279,胡連,364,36,328,統一,2024-09-13,5850
2330,台積電,342,95,247,統一,2024-09-13,5850
3715,定穎投控,265,19,246,統一,2024-09-13,5850
2382,廣達,281,38,243,統一,2024-09-13,5850
6609,瀧澤科,239,8,231,統一,2024-09-13,5850
2855,統一證,242,15,227,統一,2024-09-13,5850
3289,宜特,282,61,221,統一,2024-09-13,5850
00953B,群益優選非投等債,220,0,220,統一,2024-09-13,5850
00719B,元大美債1-3,195,0,195,統一,2024-09-13,5850
2388,威盛,280,95,185,統一,2024-09-13,5850
4979,華星光,797,614,183,統一,2024-09-13,5850
6546,正基,251,90,161,統一,2024-09-13,5850
4909,新復興,468,315,153,統一,2024-09-13,5850
2609,陽明,190,37,153,統一,2024-09-13,5850
3081,聯亞,162,18,144,統一,2024-09-13,5850
4571,鈞興-KY,143,8,135,統一,2024-09-13,5850
00929,復華台灣科技優息,131,7,124,統一,2024-09-13,5850
00937B,群益ESG投等債20,2195,2076,119,統一,2024-09-13,5850
4960,誠美材,120,3,117,統一,2024-09-13,5850
00882,中信中國高股息,106,0,106,統一,2024-09-13,5850
2027,大成鋼,100,0,100,統一,2024-09-13,5850
6669,緯穎,174,75,99,統一,2024-09-13,5850
1905,華紙,99,0,99,統一,2024-09-13,5850
1815,富喬,108,18,90,統一,2024-09-13,5850
2034,允強,86,0,86,統一,2024-09-13,5850
2504,國產,85,3,82,統一,2024-09-13,5850
00857B,永豐20年美公債,80,0,80,統一,2024-09-13,5850
1560,中砂,130,52,78,統一,2024-09-13,5850
3374,精材,122,44,78,統一,2024-09-13,5850
020033,統一�琤肮黕篾,87,10,77,統一,2024-09-13,5850
3231,緯創,123,47,76,統一,2024-09-13,5850
2383,台光電,100,27,73,統一,2024-09-13,5850
2371,大同,176,103,73,統一,2024-09-13,5850
3019,亞光,129,62,67,統一,2024-09-13,5850
9938,百和,86,20,66,統一,2024-09-13,5850
1522,堤維西,90,25,65,統一,2024-09-13,5850
8222,寶一,64,0,64,統一,2024-09-13,5850
2882,國泰金,98,35,63,統一,2024-09-13,5850
5258,虹堡,63,5,58,統一,2024-09-13,5850
1721,三晃,1589,53,1536,統一,2024-09-16,5850
3049,精金,1550,39,1511,統一,2024-09-16,5850
3481,群創,2374,983,1391,統一,2024-09-16,5850
3062,建漢,1403,162,1241,統一,2024-09-16,5850
6274,台燿,971,110,861,統一,2024-09-16,5850
3711,日月光投控,738,58,680,統一,2024-09-16,5850
6517,保勝光學,679,1,678,統一,2024-09-16,5850
2317,鴻海,1054,482,572,統一,2024-09-16,5850
9935,慶豐富,411,2,409,統一,2024-09-16,5850
00719B,元大美債1-3,401,0,401,統一,2024-09-16,5850
1301,台塑,435,93,342,統一,2024-09-16,5850
4974,亞泰,327,35,292,統一,2024-09-16,5850
3605,宏致,332,59,273,統一,2024-09-16,5850
4542,科嶠,240,32,208,統一,2024-09-16,5850
2426,鼎元,214,14,200,統一,2024-09-16,5850
00954,中信日本半導體,273,100,173,統一,2024-09-16,5850
2409,友達,338,172,166,統一,2024-09-16,5850
6285,啟��,156,7,149,統一,2024-09-16,5850
2345,智邦,239,101,138,統一,2024-09-16,5850
2382,廣達,155,31,124,統一,2024-09-16,5850
00931B,統一美債20年,162,43,119,統一,2024-09-16,5850
3045,台灣大,141,32,109,統一,2024-09-16,5850
1735,日勝化,109,0,109,統一,2024-09-16,5850
4906,正文,113,6,107,統一,2024-09-16,5850
00882,中信中國高股息,103,0,103,統一,2024-09-16,5850
6698,旭暉應材,111,9,102,統一,2024-09-16,5850
2324,仁寶,201,100,101,統一,2024-09-16,5850
9933,中鼎,101,1,100,統一,2024-09-16,5850
6505,台塑化,114,21,93,統一,2024-09-16,5850
2449,京元電子,116,24,92,統一,2024-09-16,5850
2477,美隆電,801,713,88,統一,2024-09-16,5850
00940,元大台灣價值高息,88,0,88,統一,2024-09-16,5850
3689,湧德,158,75,83,統一,2024-09-16,5850
2332,友訊,90,7,83,統一,2024-09-16,5850
4526,東台,217,139,78,統一,2024-09-16,5850
2385,群光,111,39,72,統一,2024-09-16,5850
2330,台積電,135,64,71,統一,2024-09-16,5850
6829,千附精密,113,46,67,統一,2024-09-16,5850
2303,聯電,324,257,67,統一,2024-09-16,5850
2882,國泰金,70,3,67,統一,2024-09-16,5850
6449,鈺邦,169,103,66,統一,2024-09-16,5850
3231,緯創,104,38,66,統一,2024-09-16,5850
4572,駐龍,63,0,63,統一,2024-09-16,5850
3003,健和興,102,40,62,統一,2024-09-16,5850
3303,岱稜,98,37,61,統一,2024-09-16,5850
1773,勝一,59,5,54,統一,2024-09-16,5850
5386,青雲,51,0,51,統一,2024-09-16,5850
6515,穎崴,70,19,51,統一,2024-09-16,5850
8222,寶一,50,0,50,統一,2024-09-16,5850
2351,順德,76,27,49,統一,2024-09-16,5850
2303,聯電,7553,257,7296,統一,2024-09-18,5850
2399,映泰,2613,247,2366,統一,2024-09-18,5850
2618,長榮航,2307,154,2153,統一,2024-09-18,5850
00939,統一台灣高息動能,1318,52,1266,統一,2024-09-18,5850
1727,中華化,1465,475,990,統一,2024-09-18,5850
4979,華星光,1008,168,840,統一,2024-09-18,5850
00945B,凱基美國非投等債,802,0,802,統一,2024-09-18,5850
3045,台灣大,996,291,705,統一,2024-09-18,5850
00680L,元大美債20正2,717,13,704,統一,2024-09-18,5850
1513,中興電,681,40,641,統一,2024-09-18,5850
2421,建準,421,4,417,統一,2024-09-18,5850
3581,博磊,334,14,320,統一,2024-09-18,5850
2610,華航,419,107,312,統一,2024-09-18,5850
1519,華城,326,34,292,統一,2024-09-18,5850
00929,復華台灣科技優息,289,9,280,統一,2024-09-18,5850
3289,宜特,522,245,277,統一,2024-09-18,5850
00687B,國泰20年美債,694,436,258,統一,2024-09-18,5850
1514,亞力,297,43,254,統一,2024-09-18,5850
1301,台塑,275,26,249,統一,2024-09-18,5850
2855,統一證,241,2,239,統一,2024-09-18,5850
8032,光菱,233,2,231,統一,2024-09-18,5850
5438,東友,232,5,227,統一,2024-09-18,5850
4563,百德,264,42,222,統一,2024-09-18,5850
6830,汎銓,229,18,211,統一,2024-09-18,5850
9938,百和,206,13,193,統一,2024-09-18,5850
1582,信錦,196,25,171,統一,2024-09-18,5850
00715L,期街口布蘭特正2,256,88,168,統一,2024-09-18,5850
5234,達興材料,187,34,153,統一,2024-09-18,5850
3167,大量,322,171,151,統一,2024-09-18,5850
1717,長興,163,13,150,統一,2024-09-18,5850
2103,台橡,150,1,149,統一,2024-09-18,5850
3583,辛耘,156,7,149,統一,2024-09-18,5850
3711,日月光投控,213,64,149,統一,2024-09-18,5850
00949,復華日本龍頭,145,2,143,統一,2024-09-18,5850
2615,萬海,242,103,139,統一,2024-09-18,5850
3376,新日興,270,132,138,統一,2024-09-18,5850
6187,萬潤,215,90,125,統一,2024-09-18,5850
3450,聯鈞,147,44,103,統一,2024-09-18,5850
3715,定穎投控,137,38,99,統一,2024-09-18,5850
3689,湧德,127,35,92,統一,2024-09-18,5850
3202,樺晟,87,0,87,統一,2024-09-18,5850
2371,大同,104,19,85,統一,2024-09-18,5850
1608,華榮,122,37,85,統一,2024-09-18,5850
6182,合晶,80,0,80,統一,2024-09-18,5850
2883,凱基金,106,31,75,統一,2024-09-18,5850
2351,順德,126,52,74,統一,2024-09-18,5850
8249,菱光,259,185,74,統一,2024-09-18,5850
0050,元大台灣50,73,0,73,統一,2024-09-18,5850
2520,冠德,94,22,72,統一,2024-09-18,5850
1605,華新,84,13,71,統一,2024-09-18,5850
2425,承啟,2087,8,2079,統一,2024-09-19,5850
00953B,群益優選非投等債,1601,210,1391,統一,2024-09-19,5850
00687B,國泰20年美債,1849,618,1231,統一,2024-09-19,5850
2347,聯強,1049,6,1043,統一,2024-09-19,5850
2464,盟立,1072,45,1027,統一,2024-09-19,5850
2915,潤泰全,937,6,931,統一,2024-09-19,5850
00665L,富邦�琤肭磪囓�2,1008,93,915,統一,2024-09-19,5850
2385,群光,886,3,883,統一,2024-09-19,5850
8046,南電,877,8,869,統一,2024-09-19,5850
020033,統一�琤肮黕篾,724,49,675,統一,2024-09-19,5850
2399,映泰,3453,2888,565,統一,2024-09-19,5850
8070,長華*,719,184,535,統一,2024-09-19,5850
2458,義隆,516,37,479,統一,2024-09-19,5850
2357,華碩,439,23,416,統一,2024-09-19,5850
2330,台積電,473,92,381,統一,2024-09-19,5850
6104,創惟,578,203,375,統一,2024-09-19,5850
2449,京元電子,375,35,340,統一,2024-09-19,5850
3450,聯鈞,395,76,319,統一,2024-09-19,5850
2070,精湛,504,191,313,統一,2024-09-19,5850
6274,台燿,352,41,311,統一,2024-09-19,5850
3227,原相,634,356,278,統一,2024-09-19,5850
00853B,統一美債10年Aa-,694,444,250,統一,2024-09-19,5850
00779B,凱基美債25+,250,0,250,統一,2024-09-19,5850
4961,天鈺,240,1,239,統一,2024-09-19,5850
3105,穩懋,260,29,231,統一,2024-09-19,5850
2855,統一證,235,7,228,統一,2024-09-19,5850
5438,東友,220,13,207,統一,2024-09-19,5850
8249,菱光,356,152,204,統一,2024-09-19,5850
3081,聯亞,233,30,203,統一,2024-09-19,5850
00895,富邦未來車,190,0,190,統一,2024-09-19,5850
2618,長榮航,949,767,182,統一,2024-09-19,5850
2882,國泰金,216,53,163,統一,2024-09-19,5850
4716,大立,171,12,159,統一,2024-09-19,5850
3597,映興,150,1,149,統一,2024-09-19,5850
4763,材料-KY,152,15,137,統一,2024-09-19,5850
00715L,期街口布蘭特正2,162,29,133,統一,2024-09-19,5850
3324,雙鴻,152,22,130,統一,2024-09-19,5850
3017,奇鋐,190,61,129,統一,2024-09-19,5850
4563,百德,603,475,128,統一,2024-09-19,5850
3376,新日興,220,97,123,統一,2024-09-19,5850
8421,旭源,122,4,118,統一,2024-09-19,5850
3290,東浦,159,43,116,統一,2024-09-19,5850
00857B,永豐20年美公債,112,0,112,統一,2024-09-19,5850
00931B,統一美債20年,352,241,111,統一,2024-09-19,5850
00959B,大華投等美債15Y+,150,42,108,統一,2024-09-19,5850
3034,聯詠,142,37,105,統一,2024-09-19,5850
1319,東陽,134,33,101,統一,2024-09-19,5850
00696B,富邦美債20年,100,0,100,統一,2024-09-19,5850
9958,世紀鋼,165,66,99,統一,2024-09-19,5850
8032,光菱,177,83,94,統一,2024-09-19,5850
00960,野村全球航運龍頭,7515,3369,4146,統一,2024-09-20,5850
3481,群創,3887,1188,2699,統一,2024-09-20,5850
00715L,期街口布蘭特正2,2053,218,1835,統一,2024-09-20,5850
1721,三晃,3166,1618,1548,統一,2024-09-20,5850
1711,永光,1979,567,1412,統一,2024-09-20,5850
9938,百和,990,14,976,統一,2024-09-20,5850
2409,友達,1147,189,958,統一,2024-09-20,5850
3715,定穎投控,1819,940,879,統一,2024-09-20,5850
2351,順德,1132,368,764,統一,2024-09-20,5850
1319,東陽,737,46,691,統一,2024-09-20,5850
2867,三商壽,605,4,601,統一,2024-09-20,5850
4904,遠傳,670,75,595,統一,2024-09-20,5850
00676R,富邦臺灣加權反1,500,0,500,統一,2024-09-20,5850
00830,國泰費城半導體,450,7,443,統一,2024-09-20,5850
3167,大量,1240,890,350,統一,2024-09-20,5850
2618,長榮航,1621,1282,339,統一,2024-09-20,5850
1727,中華化,701,392,309,統一,2024-09-20,5850
8249,菱光,408,103,305,統一,2024-09-20,5850
00942B,台新美A公司債20+,302,21,281,統一,2024-09-20,5850
2317,鴻海,414,141,273,統一,2024-09-20,5850
3665,貿聯-KY,337,71,266,統一,2024-09-20,5850
3289,宜特,284,41,243,統一,2024-09-20,5850
4542,科嶠,580,337,243,統一,2024-09-20,5850
9914,美利達,238,5,233,統一,2024-09-20,5850
00722B,群益投資級電信債,1230,1000,230,統一,2024-09-20,5850
2855,統一證,235,15,220,統一,2024-09-20,5850
6138,茂達,249,32,217,統一,2024-09-20,5850
2449,京元電子,279,67,212,統一,2024-09-20,5850
2382,廣達,360,164,196,統一,2024-09-20,5850
3019,亞光,279,89,190,統一,2024-09-20,5850
2388,威盛,306,118,188,統一,2024-09-20,5850
8091,翔名,220,34,186,統一,2024-09-20,5850
5443,均豪,192,22,170,統一,2024-09-20,5850
9910,豐泰,179,11,168,統一,2024-09-20,5850
2204,中華,185,28,157,統一,2024-09-20,5850
6188,廣明,172,18,154,統一,2024-09-20,5850
4772,台特化,281,128,153,統一,2024-09-20,5850
00720B,元大投資級公司債,151,0,151,統一,2024-09-20,5850
00646,元大S＆P500,150,0,150,統一,2024-09-20,5850
6274,台燿,236,89,147,統一,2024-09-20,5850
00665L,富邦�琤肭磪囓�2,310,166,144,統一,2024-09-20,5850
1815,富喬,283,143,140,統一,2024-09-20,5850
00954,中信日本半導體,236,100,136,統一,2024-09-20,5850
6799,來頡,137,3,134,統一,2024-09-20,5850
9958,世紀鋼,295,161,134,統一,2024-09-20,5850
00917,中信特選金融,194,61,133,統一,2024-09-20,5850
6405,悅城,132,1,131,統一,2024-09-20,5850
4960,誠美材,126,0,126,統一,2024-09-20,5850
3202,樺晟,126,0,126,統一,2024-09-20,5850
2357,華碩,191,66,125,統一,2024-09-20,5850
2891,中信金,3690,1214,2476,統一,2024-09-23,5850
2356,英業達,2391,10,2381,統一,2024-09-23,5850
00715L,期街口布蘭特正2,2022,66,1956,統一,2024-09-23,5850
3013,晟銘電,2121,278,1843,統一,2024-09-23,5850
2353,宏��,1763,5,1758,統一,2024-09-23,5850
1303,南亞,2512,1018,1494,統一,2024-09-23,5850
00679B,元大美債20年,2537,1305,1232,統一,2024-09-23,5850
00632R,元大台灣50反1,1081,15,1066,統一,2024-09-23,5850
6548,長科*,902,21,881,統一,2024-09-23,5850
2885,元大金,830,5,825,統一,2024-09-23,5850
2382,廣達,671,27,644,統一,2024-09-23,5850
9938,百和,852,233,619,統一,2024-09-23,5850
2603,長榮,670,85,585,統一,2024-09-23,5850
8027,鈦昇,1094,588,506,統一,2024-09-23,5850
4979,華星光,525,75,450,統一,2024-09-23,5850
4960,誠美材,446,0,446,統一,2024-09-23,5850
4729,熒茂,415,7,408,統一,2024-09-23,5850
3149,正達,558,153,405,統一,2024-09-23,5850
5438,東友,375,33,342,統一,2024-09-23,5850
2352,佳世達,285,1,284,統一,2024-09-23,5850
6451,訊芯-KY,299,48,251,統一,2024-09-23,5850
2330,台積電,292,44,248,統一,2024-09-23,5850
00795B,中信美國公債20年,228,0,228,統一,2024-09-23,5850
5292,華懋,266,42,224,統一,2024-09-23,5850
3714,富采,235,22,213,統一,2024-09-23,5850
2609,陽明,416,209,207,統一,2024-09-23,5850
2867,三商壽,209,5,204,統一,2024-09-23,5850
3044,健鼎,207,5,202,統一,2024-09-23,5850
5234,達興材料,230,46,184,統一,2024-09-23,5850
2520,冠德,210,43,167,統一,2024-09-23,5850
0050,元大台灣50,169,6,163,統一,2024-09-23,5850
2883,凱基金,163,7,156,統一,2024-09-23,5850
9958,世紀鋼,269,119,150,統一,2024-09-23,5850
3141,晶宏,161,11,150,統一,2024-09-23,5850
6142,友勁,148,0,148,統一,2024-09-23,5850
2449,京元電子,381,233,148,統一,2024-09-23,5850
3548,兆利,174,28,146,統一,2024-09-23,5850
6109,亞元,141,0,141,統一,2024-09-23,5850
00665L,富邦�琤肭磪囓�2,193,64,129,統一,2024-09-23,5850
00650L,復華香港正2,178,51,127,統一,2024-09-23,5850
6224,聚鼎,131,6,125,統一,2024-09-23,5850
00931B,統一美債20年,137,12,125,統一,2024-09-23,5850
3605,宏致,148,24,124,統一,2024-09-23,5850
2317,鴻海,245,123,122,統一,2024-09-23,5850
4772,台特化,153,33,120,統一,2024-09-23,5850
1513,中興電,157,39,118,統一,2024-09-23,5850
1609,大亞,142,31,111,統一,2024-09-23,5850
2442,新美齊,110,1,109,統一,2024-09-23,5850
3665,貿聯-KY,151,43,108,統一,2024-09-23,5850
00954,中信日本半導體,103,0,103,統一,2024-09-23,5850
2886,兆豐金,5343,21,5322,統一,2024-09-24,5850
2885,元大金,4738,7,4731,統一,2024-09-24,5850
2615,萬海,3780,1594,2186,統一,2024-09-24,5850
00715L,期街口布蘭特正2,1602,56,1546,統一,2024-09-24,5850
3550,聯穎,1006,109,897,統一,2024-09-24,5850
00939,統一台灣高息動能,1039,160,879,統一,2024-09-24,5850
00945B,凱基美國非投等債,595,0,595,統一,2024-09-24,5850
2409,友達,611,20,591,統一,2024-09-24,5850
2609,陽明,900,348,552,統一,2024-09-24,5850
2317,鴻海,1174,624,550,統一,2024-09-24,5850
2497,怡利電,605,80,525,統一,2024-09-24,5850
9938,百和,568,48,520,統一,2024-09-24,5850
00665L,富邦�琤肭磪囓�2,834,335,499,統一,2024-09-24,5850
4909,新復興,690,198,492,統一,2024-09-24,5850
2618,長榮航,1022,543,479,統一,2024-09-24,5850
4903,聯光通,396,19,377,統一,2024-09-24,5850
2881,富邦金,416,43,373,統一,2024-09-24,5850
2610,華航,437,78,359,統一,2024-09-24,5850
3622,洋華,383,28,355,統一,2024-09-24,5850
6104,創惟,497,144,353,統一,2024-09-24,5850
4960,誠美材,331,0,331,統一,2024-09-24,5850
2371,大同,331,4,327,統一,2024-09-24,5850
3213,茂訊,302,4,298,統一,2024-09-24,5850
00954,中信日本半導體,895,625,270,統一,2024-09-24,5850
00931B,統一美債20年,269,1,268,統一,2024-09-24,5850
00917,中信特選金融,313,50,263,統一,2024-09-24,5850
2399,映泰,740,489,251,統一,2024-09-24,5850
00882,中信中國高股息,283,36,247,統一,2024-09-24,5850
2603,長榮,770,526,244,統一,2024-09-24,5850
4545,銘鈺,236,0,236,統一,2024-09-24,5850
6143,振曜,261,32,229,統一,2024-09-24,5850
3673,TPK-KY,326,99,227,統一,2024-09-24,5850
00741B,富邦全球非投等債,225,0,225,統一,2024-09-24,5850
00714,群益道瓊美國地產,307,117,190,統一,2024-09-24,5850
2543,皇昌,203,39,164,統一,2024-09-24,5850
8111,立��,170,14,156,統一,2024-09-24,5850
3710,連展投控,166,10,156,統一,2024-09-24,5850
6142,友勁,151,0,151,統一,2024-09-24,5850
2455,全新,242,95,147,統一,2024-09-24,5850
1584,精剛,177,31,146,統一,2024-09-24,5850
2337,旺宏,156,10,146,統一,2024-09-24,5850
1721,三晃,249,106,143,統一,2024-09-24,5850
6546,正基,226,86,140,統一,2024-09-24,5850
6196,帆宣,140,0,140,統一,2024-09-24,5850
5439,高技,219,85,134,統一,2024-09-24,5850
00650L,復華香港正2,222,89,133,統一,2024-09-24,5850
6257,矽格,135,13,122,統一,2024-09-24,5850
5905,南仁湖,202,85,117,統一,2024-09-24,5850
2637,慧洋-KY,156,40,116,統一,2024-09-24,5850
6241,易通展,112,0,112,統一,2024-09-24,5850
00940,元大台灣價值高息,10967,996,9971,統一,2024-09-25,5850
2317,鴻海,2737,332,2405,統一,2024-09-25,5850
00939,統一台灣高息動能,5755,3553,2202,統一,2024-09-25,5850
2362,藍天,2016,2,2014,統一,2024-09-25,5850
3013,晟銘電,1988,361,1627,統一,2024-09-25,5850
2382,廣達,1243,291,952,統一,2024-09-25,5850
2891,中信金,1234,282,952,統一,2024-09-25,5850
00878,國泰永續高股息,965,36,929,統一,2024-09-25,5850
3605,宏致,925,91,834,統一,2024-09-25,5850
1540,喬福,811,5,806,統一,2024-09-25,5850
6188,廣明,1175,390,785,統一,2024-09-25,5850
00680L,元大美債20正2,841,100,741,統一,2024-09-25,5850
020033,統一�琤肮黕篾,748,19,729,統一,2024-09-25,5850
2449,京元電子,775,127,648,統一,2024-09-25,5850
6104,創惟,688,82,606,統一,2024-09-25,5850
3019,亞光,654,119,535,統一,2024-09-25,5850
2903,遠百,476,0,476,統一,2024-09-25,5850
00954,中信日本半導體,886,417,469,統一,2024-09-25,5850
2458,義隆,482,19,463,統一,2024-09-25,5850
2543,皇昌,574,112,462,統一,2024-09-25,5850
0050,元大台灣50,553,105,448,統一,2024-09-25,5850
3376,新日興,467,50,417,統一,2024-09-25,5850
2890,永豐金,427,22,405,統一,2024-09-25,5850
3702,大聯大,527,126,401,統一,2024-09-25,5850
6257,矽格,421,46,375,統一,2024-09-25,5850
1802,台玻,405,40,365,統一,2024-09-25,5850
2455,全新,522,177,345,統一,2024-09-25,5850
4979,華星光,458,155,303,統一,2024-09-25,5850
2885,元大金,349,78,271,統一,2024-09-25,5850
00917,中信特選金融,221,1,220,統一,2024-09-25,5850
2610,華航,251,49,202,統一,2024-09-25,5850
1808,潤隆,298,99,199,統一,2024-09-25,5850
5234,達興材料,292,97,195,統一,2024-09-25,5850
2327,國巨,261,67,194,統一,2024-09-25,5850
3583,辛耘,244,51,193,統一,2024-09-25,5850
2049,上銀,199,6,193,統一,2024-09-25,5850
6411,晶焱,204,15,189,統一,2024-09-25,5850
4960,誠美材,189,0,189,統一,2024-09-25,5850
2330,台積電,317,137,180,統一,2024-09-25,5850
1785,光洋科,182,14,168,統一,2024-09-25,5850
2609,陽明,782,619,163,統一,2024-09-25,5850
2867,三商壽,157,0,157,統一,2024-09-25,5850
2388,威盛,206,50,156,統一,2024-09-25,5850
4968,立積,177,22,155,統一,2024-09-25,5850
6877,鏵友益,154,0,154,統一,2024-09-25,5850
5269,祥碩,151,5,146,統一,2024-09-25,5850
2436,偉詮電,1112,970,142,統一,2024-09-25,5850
4147,中裕,142,6,136,統一,2024-09-25,5850
2367,燿華,149,18,131,統一,2024-09-25,5850
3354,律勝,131,0,131,統一,2024-09-25,5850
00940,元大台灣價值高息,12497,169,12328,統一,2024-09-26,5850
3481,群創,2439,313,2126,統一,2024-09-26,5850
00637L,元大滬深300正2,1796,272,1524,統一,2024-09-26,5850
2885,元大金,964,30,934,統一,2024-09-26,5850
00633L,富邦上証正2,702,3,699,統一,2024-09-26,5850
00720B,元大投資級公司債,649,0,649,統一,2024-09-26,5850
2388,威盛,725,95,630,統一,2024-09-26,5850
2903,遠百,617,4,613,統一,2024-09-26,5850
00939,統一台灣高息動能,1222,665,557,統一,2024-09-26,5850
3702,大聯大,591,117,474,統一,2024-09-26,5850
3037,欣興,442,33,409,統一,2024-09-26,5850
2609,陽明,1733,1333,400,統一,2024-09-26,5850
3324,雙鴻,426,46,380,統一,2024-09-26,5850
0050,元大台灣50,401,29,372,統一,2024-09-26,5850
00954,中信日本半導體,1306,958,348,統一,2024-09-26,5850
2363,矽統,446,99,347,統一,2024-09-26,5850
2382,廣達,422,81,341,統一,2024-09-26,5850
3017,奇鋐,376,82,294,統一,2024-09-26,5850
2312,金寶,538,251,287,統一,2024-09-26,5850
2486,一詮,448,162,286,統一,2024-09-26,5850
00959B,大華投等美債15Y+,270,0,270,統一,2024-09-26,5850
1721,三晃,426,165,261,統一,2024-09-26,5850
6873,泓德能源,319,62,257,統一,2024-09-26,5850
3141,晶宏,381,127,254,統一,2024-09-26,5850
00853B,統一美債10年Aa-,409,201,208,統一,2024-09-26,5850
2610,華航,258,54,204,統一,2024-09-26,5850
3406,玉晶光,218,15,203,統一,2024-09-26,5850
2330,台積電,362,174,188,統一,2024-09-26,5850
3711,日月光投控,453,269,184,統一,2024-09-26,5850
00900,富邦特選高股息30,172,0,172,統一,2024-09-26,5850
2454,聯發科,187,21,166,統一,2024-09-26,5850
020033,統一�琤肮黕篾,176,23,153,統一,2024-09-26,5850
00944,野村趨勢動能高息,260,112,148,統一,2024-09-26,5850
00948B,中信優息投資級債,136,0,136,統一,2024-09-26,5850
2383,台光電,157,23,134,統一,2024-09-26,5850
00764B,群益25年美債,2928,2800,128,統一,2024-09-26,5850
2201,裕隆,137,10,127,統一,2024-09-26,5850
6969,成信實業*-創,127,2,125,統一,2024-09-26,5850
2379,瑞昱,124,0,124,統一,2024-09-26,5850
2409,友達,191,67,124,統一,2024-09-26,5850
2344,華邦電,171,48,123,統一,2024-09-26,5850
00751B,元大AAA至A公司債,120,0,120,統一,2024-09-26,5850
2376,技嘉,160,46,114,統一,2024-09-26,5850
4979,華星光,199,92,107,統一,2024-09-26,5850
3167,大量,113,9,104,統一,2024-09-26,5850
9904,寶成,101,0,101,統一,2024-09-26,5850
8028,昇陽半導體,175,75,100,統一,2024-09-26,5850
3689,湧德,135,35,100,統一,2024-09-26,5850
2834,臺企銀,147,56,91,統一,2024-09-26,5850
2498,宏達電,103,13,90,統一,2024-09-26,5850
00940,元大台灣價值高息,7405,140,7265,統一,2024-09-27,5850
00939,統一台灣高息動能,2689,481,2208,統一,2024-09-27,5850
00637L,元大滬深300正2,4854,3121,1733,統一,2024-09-27,5850
00680L,元大美債20正2,2313,1020,1293,統一,2024-09-27,5850
2317,鴻海,1647,377,1270,統一,2024-09-27,5850
2014,中鴻,1054,6,1048,統一,2024-09-27,5850
3430,奇鈦科,733,5,728,統一,2024-09-27,5850
00764B,群益25年美債,2589,2000,589,統一,2024-09-27,5850
2002,中鋼,594,44,550,統一,2024-09-27,5850
00795B,中信美國公債20年,546,0,546,統一,2024-09-27,5850
00679B,元大美債20年,5842,5304,538,統一,2024-09-27,5850
3037,欣興,582,46,536,統一,2024-09-27,5850
2449,京元電子,638,130,508,統一,2024-09-27,5850
9938,百和,540,33,507,統一,2024-09-27,5850
2382,廣達,429,34,395,統一,2024-09-27,5850
3665,貿聯-KY,395,7,388,統一,2024-09-27,5850
00751B,元大AAA至A公司債,354,1,353,統一,2024-09-27,5850
3481,群創,881,543,338,統一,2024-09-27,5850
00708L,期元大S＆P黃金正2,334,10,324,統一,2024-09-27,5850
00882,中信中國高股息,506,207,299,統一,2024-09-27,5850
00714,群益道瓊美國地產,345,51,294,統一,2024-09-27,5850
4977,眾達-KY,344,59,285,統一,2024-09-27,5850
2330,台積電,308,65,243,統一,2024-09-27,5850
1301,台塑,269,47,222,統一,2024-09-27,5850
2344,華邦電,238,17,221,統一,2024-09-27,5850
1909,榮成,310,101,209,統一,2024-09-27,5850
5871,中租-KY,533,330,203,統一,2024-09-27,5850
2548,華固,200,1,199,統一,2024-09-27,5850
2353,宏��,174,7,167,統一,2024-09-27,5850
2834,臺企銀,166,0,166,統一,2024-09-27,5850
2362,藍天,449,284,165,統一,2024-09-27,5850
2543,皇昌,218,54,164,統一,2024-09-27,5850
2881,富邦金,194,35,159,統一,2024-09-27,5850
00712,復華富時不動產,167,9,158,統一,2024-09-27,5850
2609,陽明,919,774,145,統一,2024-09-27,5850
00632R,元大台灣50反1,1138,1006,132,統一,2024-09-27,5850
1905,華紙,147,18,129,統一,2024-09-27,5850
1608,華榮,137,12,125,統一,2024-09-27,5850
00955,中信日本商社,132,10,122,統一,2024-09-27,5850
00915,凱基優選高股息30,121,1,120,統一,2024-09-27,5850
00725B,國泰投資級公司債,120,0,120,統一,2024-09-27,5850
8054,安國,150,32,118,統一,2024-09-27,5850
2009,第一銅,138,25,113,統一,2024-09-27,5850
1605,華新,152,44,108,統一,2024-09-27,5850
4549,桓達,136,34,102,統一,2024-09-27,5850
6742,澤米,100,0,100,統一,2024-09-27,5850
2454,聯發科,120,21,99,統一,2024-09-27,5850
8155,博智,100,1,99,統一,2024-09-27,5850
6449,鈺邦,155,57,98,統一,2024-09-27,5850
1513,中興電,121,24,97,統一,2024-09-27,5850
1301,台塑,3148,57,3091,統一,2024-09-30,5850
2606,裕民,1590,35,1555,統一,2024-09-30,5850
00940,元大台灣價值高息,2099,1021,1078,統一,2024-09-30,5850
00939,統一台灣高息動能,1166,174,992,統一,2024-09-30,5850
1802,台玻,1323,410,913,統一,2024-09-30,5850
00937B,群益ESG投等債20,863,0,863,統一,2024-09-30,5850
2105,正新,473,6,467,統一,2024-09-30,5850
00633L,富邦上証正2,774,318,456,統一,2024-09-30,5850
1102,亞泥,446,14,432,統一,2024-09-30,5850
3230,錦明,418,20,398,統一,2024-09-30,5850
3363,上詮,442,49,393,統一,2024-09-30,5850
2929,淘帝-KY,400,11,389,統一,2024-09-30,5850
00706L,期元大S＆P日圓正2,453,89,364,統一,2024-09-30,5850
3167,大量,539,188,351,統一,2024-09-30,5850
006207,復華滬深,300,0,300,統一,2024-09-30,5850
2603,長榮,589,299,290,統一,2024-09-30,5850
8429,金麗-KY,274,0,274,統一,2024-09-30,5850
3227,原相,255,14,241,統一,2024-09-30,5850
3481,群創,1105,877,228,統一,2024-09-30,5850
00881,國泰台灣5G+,221,1,220,統一,2024-09-30,5850
3042,晶技,207,9,198,統一,2024-09-30,5850
6415,矽力*-KY,346,155,191,統一,2024-09-30,5850
4971,IET-KY,220,42,178,統一,2024-09-30,5850
00931B,統一美債20年,424,259,165,統一,2024-09-30,5850
9910,豐泰,153,3,150,統一,2024-09-30,5850
2363,矽統,227,88,139,統一,2024-09-30,5850
00917,中信特選金融,184,50,134,統一,2024-09-30,5850
0050,元大台灣50,136,5,131,統一,2024-09-30,5850
6598,ABC-KY,116,0,116,統一,2024-09-30,5850
2324,仁寶,120,9,111,統一,2024-09-30,5850
9938,百和,169,60,109,統一,2024-09-30,5850
9907,統一實,114,6,108,統一,2024-09-30,5850
2498,宏達電,154,50,104,統一,2024-09-30,5850
00753L,中信中國50正2,158,62,96,統一,2024-09-30,5850
2388,威盛,258,163,95,統一,2024-09-30,5850
9802,鈺齊-KY,95,0,95,統一,2024-09-30,5850
2409,友達,203,112,91,統一,2024-09-30,5850
6202,盛群,100,10,90,統一,2024-09-30,5850
3511,矽瑪,95,7,88,統一,2024-09-30,5850
2884,玉山金,83,3,80,統一,2024-09-30,5850
3324,雙鴻,115,36,79,統一,2024-09-30,5850
6770,力積電,117,46,71,統一,2024-09-30,5850
6279,胡連,74,7,67,統一,2024-09-30,5850
00752,中信中國50,83,16,67,統一,2024-09-30,5850
1303,南亞,101,35,66,統一,2024-09-30,5850
00631L,元大台灣50正2,74,9,65,統一,2024-09-30,5850
2882,國泰金,99,34,65,統一,2024-09-30,5850
2605,新興,341,277,64,統一,2024-09-30,5850
00673R,期元大S＆P原油反1,63,0,63,統一,2024-09-30,5850
00662,富邦NASDAQ,61,0,61,統一,2024-09-30,5850
2884,玉山金,4879,182,4697,統一,2024-10-01,5850
2303,聯電,6081,1573,4508,統一,2024-10-01,5850
2618,長榮航,3528,287,3241,統一,2024-10-01,5850
1402,遠東新,2920,225,2695,統一,2024-10-01,5850
4904,遠傳,2198,6,2192,統一,2024-10-01,5850
00632R,元大台灣50反1,2060,60,2000,統一,2024-10-01,5850
3045,台灣大,2128,129,1999,統一,2024-10-01,5850
1442,名軒,1807,8,1799,統一,2024-10-01,5850
1216,統一,1669,8,1661,統一,2024-10-01,5850
1301,台塑,1811,206,1605,統一,2024-10-01,5850
3025,星通,1469,5,1464,統一,2024-10-01,5850
2412,中華電,1409,176,1233,統一,2024-10-01,5850
8111,立��,1161,162,999,統一,2024-10-01,5850
2353,宏��,1166,192,974,統一,2024-10-01,5850
4563,百德,2294,1359,935,統一,2024-10-01,5850
2399,映泰,1053,270,783,統一,2024-10-01,5850
4903,聯光通,849,77,772,統一,2024-10-01,5850
2609,陽明,789,197,592,統一,2024-10-01,5850
6530,創威,1054,514,540,統一,2024-10-01,5850
00633L,富邦上証正2,500,1,499,統一,2024-10-01,5850
1477,聚陽,501,5,496,統一,2024-10-01,5850
4915,致伸,494,14,480,統一,2024-10-01,5850
00715L,期街口布蘭特正2,474,0,474,統一,2024-10-01,5850
2105,正新,479,8,471,統一,2024-10-01,5850
4979,華星光,776,309,467,統一,2024-10-01,5850
2888,新光金,899,435,464,統一,2024-10-01,5850
6104,創惟,541,131,410,統一,2024-10-01,5850
2637,慧洋-KY,426,45,381,統一,2024-10-01,5850
6147,頎邦,384,7,377,統一,2024-10-01,5850
6191,精成科,274,9,265,統一,2024-10-01,5850
3264,欣銓,290,30,260,統一,2024-10-01,5850
2615,萬海,580,323,257,統一,2024-10-01,5850
6139,亞翔,285,29,256,統一,2024-10-01,5850
2449,京元電子,265,24,241,統一,2024-10-01,5850
1101,台泥,288,60,228,統一,2024-10-01,5850
3665,貿聯-KY,280,54,226,統一,2024-10-01,5850
00795B,中信美國公債20年,225,0,225,統一,2024-10-01,5850
6138,茂達,229,6,223,統一,2024-10-01,5850
5483,中美晶,230,10,220,統一,2024-10-01,5850
00636,國泰中國A50,204,0,204,統一,2024-10-01,5850
2395,研華,200,0,200,統一,2024-10-01,5850
3293,鈊象,213,16,197,統一,2024-10-01,5850
5871,中租-KY,214,21,193,統一,2024-10-01,5850
2393,億光,200,17,183,統一,2024-10-01,5850
2515,中工,201,24,177,統一,2024-10-01,5850
8112,至上,278,102,176,統一,2024-10-01,5850
2454,聯發科,266,97,169,統一,2024-10-01,5850
1815,富喬,277,113,164,統一,2024-10-01,5850
6285,啟��,173,12,161,統一,2024-10-01,5850
00783,富邦中証500,167,10,157,統一,2024-10-01,5850
00637L,元大滬深300正2,9205,609,8596,統一,2024-10-04,5850
00632R,元大台灣50反1,6417,237,6180,統一,2024-10-04,5850
00715L,期街口布蘭特正2,5947,248,5699,統一,2024-10-04,5850
2884,玉山金,2008,33,1975,統一,2024-10-04,5850
2317,鴻海,1910,220,1690,統一,2024-10-04,5850
020033,統一�琤肮黕篾,2696,1311,1385,統一,2024-10-04,5850
1402,遠東新,1343,114,1229,統一,2024-10-04,5850
00665L,富邦�琤肭磪囓�2,1739,665,1074,統一,2024-10-04,5850
00633L,富邦上証正2,1462,422,1040,統一,2024-10-04,5850
4904,遠傳,939,1,938,統一,2024-10-04,5850
2618,長榮航,1724,798,926,統一,2024-10-04,5850
2105,正新,807,16,791,統一,2024-10-04,5850
3045,台灣大,1205,425,780,統一,2024-10-04,5850
1216,統一,727,8,719,統一,2024-10-04,5850
2399,映泰,2917,2215,702,統一,2024-10-04,5850
3711,日月光投控,680,27,653,統一,2024-10-04,5850
5347,世界,659,23,636,統一,2024-10-04,5850
2885,元大金,604,1,603,統一,2024-10-04,5850
00789B,復華公司債A3,572,0,572,統一,2024-10-04,5850
4915,致伸,542,11,531,統一,2024-10-04,5850
2014,中鴻,569,56,513,統一,2024-10-04,5850
2412,中華電,513,34,479,統一,2024-10-04,5850
2886,兆豐金,483,12,471,統一,2024-10-04,5850
2351,順德,455,16,439,統一,2024-10-04,5850
1595,川寶,1476,1040,436,統一,2024-10-04,5850
4938,和碩,437,1,436,統一,2024-10-04,5850
1909,榮成,422,0,422,統一,2024-10-04,5850
00706L,期元大S＆P日圓正2,429,12,417,統一,2024-10-04,5850
8111,立��,411,5,406,統一,2024-10-04,5850
1410,南染,400,1,399,統一,2024-10-04,5850
2637,慧洋-KY,418,23,395,統一,2024-10-04,5850
1477,聚陽,367,3,364,統一,2024-10-04,5850
3576,聯合再生,400,51,349,統一,2024-10-04,5850
2890,永豐金,429,94,335,統一,2024-10-04,5850
2454,聯發科,268,14,254,統一,2024-10-04,5850
00638R,元大滬深300反1,242,0,242,統一,2024-10-04,5850
020031,統一IC設計臺灣N,246,13,233,統一,2024-10-04,5850
2382,廣達,364,144,220,統一,2024-10-04,5850
1301,台塑,250,40,210,統一,2024-10-04,5850
00954,中信日本半導體,393,198,195,統一,2024-10-04,5850
2360,致茂,207,15,192,統一,2024-10-04,5850
2316,楠梓電,214,27,187,統一,2024-10-04,5850
4523,永彰,186,0,186,統一,2024-10-04,5850
6176,瑞儀,242,61,181,統一,2024-10-04,5850
2362,藍天,229,48,181,統一,2024-10-04,5850
5014,建錩,389,213,176,統一,2024-10-04,5850
1590,亞德客-KY,176,0,176,統一,2024-10-04,5850
00882,中信中國高股息,339,174,165,統一,2024-10-04,5850
2498,宏達電,392,228,164,統一,2024-10-04,5850
2603,長榮,358,196,162,統一,2024-10-04,5850
00715L,期街口布蘭特正2,3719,515,3204,統一,2024-10-07,5850
3049,精金,2594,36,2558,統一,2024-10-07,5850
2362,藍天,2177,40,2137,統一,2024-10-07,5850
6134,萬旭,2000,501,1499,統一,2024-10-07,5850
2399,映泰,1391,377,1014,統一,2024-10-07,5850
3234,光環,1005,14,991,統一,2024-10-07,5850
4903,聯光通,1102,299,803,統一,2024-10-07,5850
3149,正達,870,111,759,統一,2024-10-07,5850
2330,台積電,824,83,741,統一,2024-10-07,5850
6505,台塑化,719,0,719,統一,2024-10-07,5850
2105,正新,478,20,458,統一,2024-10-07,5850
2881,富邦金,480,23,457,統一,2024-10-07,5850
5443,均豪,564,122,442,統一,2024-10-07,5850
00882,中信中國高股息,686,266,420,統一,2024-10-07,5850
1815,富喬,683,264,419,統一,2024-10-07,5850
3363,上詮,574,190,384,統一,2024-10-07,5850
2883,凱基金,507,130,377,統一,2024-10-07,5850
6438,迅得,359,4,355,統一,2024-10-07,5850
5871,中租-KY,363,9,354,統一,2024-10-07,5850
8028,昇陽半導體,387,44,343,統一,2024-10-07,5850
2486,一詮,789,464,325,統一,2024-10-07,5850
00643,群益深証中小,905,586,319,統一,2024-10-07,5850
2425,承啟,802,488,314,統一,2024-10-07,5850
6239,力成,313,20,293,統一,2024-10-07,5850
00650L,復華香港正2,625,335,290,統一,2024-10-07,5850
020030,統一智慧電動車N,247,0,247,統一,2024-10-07,5850
2376,技嘉,293,47,246,統一,2024-10-07,5850
0050,元大台灣50,269,41,228,統一,2024-10-07,5850
4909,新復興,242,29,213,統一,2024-10-07,5850
1605,華新,224,14,210,統一,2024-10-07,5850
2615,萬海,383,190,193,統一,2024-10-07,5850
2201,裕隆,174,1,173,統一,2024-10-07,5850
2014,中鴻,166,1,165,統一,2024-10-07,5850
3708,上緯投控,207,51,156,統一,2024-10-07,5850
6152,百一,165,12,153,統一,2024-10-07,5850
2106,建大,150,0,150,統一,2024-10-07,5850
2204,中華,152,2,150,統一,2024-10-07,5850
00636,國泰中國A50,157,10,147,統一,2024-10-07,5850
2382,廣達,245,102,143,統一,2024-10-07,5850
3583,辛耘,177,36,141,統一,2024-10-07,5850
6133,金橋,128,0,128,統一,2024-10-07,5850
00706L,期元大S＆P日圓正2,202,76,126,統一,2024-10-07,5850
8411,福貞-KY,240,120,120,統一,2024-10-07,5850
3499,環天科,124,9,115,統一,2024-10-07,5850
3167,大量,117,4,113,統一,2024-10-07,5850
8070,長華*,123,11,112,統一,2024-10-07,5850
3437,榮創,113,2,111,統一,2024-10-07,5850
1569,濱川,169,60,109,統一,2024-10-07,5850
1785,光洋科,161,54,107,統一,2024-10-07,5850
1312,國喬,106,0,106,統一,2024-10-07,5850
00715L,期街口布蘭特正2,6237,1052,5185,統一,2024-10-08,5850
00753L,中信中國50正2,3590,1408,2182,統一,2024-10-08,5850
2601,益航,1875,23,1852,統一,2024-10-08,5850
2363,矽統,3359,1617,1742,統一,2024-10-08,5850
00650L,復華香港正2,3908,2309,1599,統一,2024-10-08,5850
2888,新光金,1522,190,1332,統一,2024-10-08,5850
3550,聯穎,2166,1006,1160,統一,2024-10-08,5850
00633L,富邦上証正2,1718,650,1068,統一,2024-10-08,5850
020033,統一�琤肮黕篾,1852,839,1013,統一,2024-10-08,5850
00665L,富邦�琤肭磪囓�2,3396,2472,924,統一,2024-10-08,5850
5876,上海商銀,815,8,807,統一,2024-10-08,5850
8032,光菱,746,0,746,統一,2024-10-08,5850
00637L,元大滬深300正2,5990,5284,706,統一,2024-10-08,5850
3025,星通,915,283,632,統一,2024-10-08,5850
5907,大洋-KY,541,12,529,統一,2024-10-08,5850
020031,統一IC設計臺灣N,497,58,439,統一,2024-10-08,5850
3209,全科,427,5,422,統一,2024-10-08,5850
2317,鴻海,661,246,415,統一,2024-10-08,5850
8429,金麗-KY,383,69,314,統一,2024-10-08,5850
00954,中信日本半導體,563,251,312,統一,2024-10-08,5850
4971,IET-KY,324,22,302,統一,2024-10-08,5850
8937,合騏,300,0,300,統一,2024-10-08,5850
4991,環宇-KY,298,30,268,統一,2024-10-08,5850
2618,長榮航,299,39,260,統一,2024-10-08,5850
2890,永豐金,287,32,255,統一,2024-10-08,5850
00636,國泰中國A50,245,29,216,統一,2024-10-08,5850
2891,中信金,461,249,212,統一,2024-10-08,5850
9914,美利達,189,15,174,統一,2024-10-08,5850
5438,東友,163,6,157,統一,2024-10-08,5850
2382,廣達,175,20,155,統一,2024-10-08,5850
2106,建大,150,0,150,統一,2024-10-08,5850
2049,上銀,149,5,144,統一,2024-10-08,5850
8028,昇陽半導體,598,458,140,統一,2024-10-08,5850
00931B,統一美債20年,315,178,137,統一,2024-10-08,5850
2449,京元電子,159,34,125,統一,2024-10-08,5850
00943,兆豐電子高息等權,114,0,114,統一,2024-10-08,5850
2867,三商壽,111,0,111,統一,2024-10-08,5850
4977,眾達-KY,137,32,105,統一,2024-10-08,5850
6173,信昌電,104,0,104,統一,2024-10-08,5850
6873,泓德能源,100,0,100,統一,2024-10-08,5850
00929,復華台灣科技優息,109,14,95,統一,2024-10-08,5850
8069,元太,177,84,93,統一,2024-10-08,5850
2436,偉詮電,180,91,89,統一,2024-10-08,5850
00712,復華富時不動產,89,1,88,統一,2024-10-08,5850
00736,國泰新興市場,141,53,88,統一,2024-10-08,5850
2360,致茂,186,103,83,統一,2024-10-08,5850
0056,元大高股息,83,2,81,統一,2024-10-08,5850
3036,文曄,86,9,77,統一,2024-10-08,5850
6223,旺矽,95,19,76,統一,2024-10-08,5850
8183,精星,79,6,73,統一,2024-10-08,5850
00637L,元大滬深300正2,8946,5086,3860,統一,2024-10-09,5850
00650L,復華香港正2,3579,388,3191,統一,2024-10-09,5850
00753L,中信中國50正2,2923,1308,1615,統一,2024-10-09,5850
00633L,富邦上証正2,3134,1556,1578,統一,2024-10-09,5850
00940,元大台灣價值高息,1510,1,1509,統一,2024-10-09,5850
3013,晟銘電,1715,663,1052,統一,2024-10-09,5850
00887,永豐中國科技50大,5516,4535,981,統一,2024-10-09,5850
4979,華星光,994,220,774,統一,2024-10-09,5850
1216,統一,770,3,767,統一,2024-10-09,5850
3450,聯鈞,1218,461,757,統一,2024-10-09,5850
2303,聯電,647,45,602,統一,2024-10-09,5850
00665L,富邦�琤肭磪囓�2,2474,1989,485,統一,2024-10-09,5850
2449,京元電子,1202,724,478,統一,2024-10-09,5850
2317,鴻海,753,295,458,統一,2024-10-09,5850
2395,研華,388,0,388,統一,2024-10-09,5850
2313,華通,492,183,309,統一,2024-10-09,5850
00638R,元大滬深300反1,302,0,302,統一,2024-10-09,5850
00948B,中信優息投資級債,285,0,285,統一,2024-10-09,5850
00712,復華富時不動產,271,0,271,統一,2024-10-09,5850
2890,永豐金,320,74,246,統一,2024-10-09,5850
8404,百和興業-KY,258,26,232,統一,2024-10-09,5850
2312,金寶,265,35,230,統一,2024-10-09,5850
2388,威盛,404,177,227,統一,2024-10-09,5850
2382,廣達,324,109,215,統一,2024-10-09,5850
00715L,期街口布蘭特正2,426,216,210,統一,2024-10-09,5850
6415,矽力*-KY,217,10,207,統一,2024-10-09,5850
2442,新美齊,210,22,188,統一,2024-10-09,5850
2360,致茂,230,47,183,統一,2024-10-09,5850
2912,統一超,170,0,170,統一,2024-10-09,5850
3533,嘉澤,180,18,162,統一,2024-10-09,5850
2330,台積電,231,84,147,統一,2024-10-09,5850
2393,億光,160,24,136,統一,2024-10-09,5850
3023,信邦,130,5,125,統一,2024-10-09,5850
8034,榮群,125,1,124,統一,2024-10-09,5850
2356,英業達,191,79,112,統一,2024-10-09,5850
3363,上詮,364,254,110,統一,2024-10-09,5850
5438,東友,122,12,110,統一,2024-10-09,5850
00931B,統一美債20年,110,3,107,統一,2024-10-09,5850
3042,晶技,98,6,92,統一,2024-10-09,5850
2929,淘帝-KY,188,96,92,統一,2024-10-09,5850
1702,南僑,92,3,89,統一,2024-10-09,5850
2069,運錩,89,0,89,統一,2024-10-09,5850
3680,家登,91,4,87,統一,2024-10-09,5850
2345,智邦,150,65,85,統一,2024-10-09,5850
020030,統一智慧電動車N,84,1,83,統一,2024-10-09,5850
3284,太普高,80,2,78,統一,2024-10-09,5850
00700,富邦�琤肭磪�,75,0,75,統一,2024-10-09,5850
8478,東哥遊艇,75,3,72,統一,2024-10-09,5850
00631L,元大台灣50正2,78,9,69,統一,2024-10-09,5850
2705,六福,69,0,69,統一,2024-10-09,5850
00715L,期街口布蘭特正2,2928,442,2486,統一,2024-10-11,5850
2303,聯電,2034,102,1932,統一,2024-10-11,5850
2426,鼎元,1182,156,1026,統一,2024-10-11,5850
00887,永豐中國科技50大,1648,665,983,統一,2024-10-11,5850
3711,日月光投控,543,27,516,統一,2024-10-11,5850
00882,中信中國高股息,540,59,481,統一,2024-10-11,5850
9105,泰金寶-DR,445,27,418,統一,2024-10-11,5850
2312,金寶,598,184,414,統一,2024-10-11,5850
0050,元大台灣50,478,117,361,統一,2024-10-11,5850
2882,國泰金,349,23,326,統一,2024-10-11,5850
2330,台積電,366,128,238,統一,2024-10-11,5850
2049,上銀,247,21,226,統一,2024-10-11,5850
6142,友勁,213,1,212,統一,2024-10-11,5850
2385,群光,200,1,199,統一,2024-10-11,5850
00857B,永豐20年美公債,212,14,198,統一,2024-10-11,5850
5324,士開,196,4,192,統一,2024-10-11,5850
3665,貿聯-KY,188,6,182,統一,2024-10-11,5850
3017,奇鋐,243,66,177,統一,2024-10-11,5850
2382,廣達,368,198,170,統一,2024-10-11,5850
3036,文曄,331,164,167,統一,2024-10-11,5850
4977,眾達-KY,224,62,162,統一,2024-10-11,5850
6173,信昌電,144,0,144,統一,2024-10-11,5850
3324,雙鴻,164,27,137,統一,2024-10-11,5850
5907,大洋-KY,130,0,130,統一,2024-10-11,5850
00927,群益半導體收益,113,0,113,統一,2024-10-11,5850
3231,緯創,284,183,101,統一,2024-10-11,5850
6174,安��,93,0,93,統一,2024-10-11,5850
1702,南僑,93,1,92,統一,2024-10-11,5850
2406,國碩,97,7,90,統一,2024-10-11,5850
020031,統一IC設計臺灣N,95,5,90,統一,2024-10-11,5850
020033,統一�琤肮黕篾,90,1,89,統一,2024-10-11,5850
2317,鴻海,322,234,88,統一,2024-10-11,5850
3715,定穎投控,118,42,76,統一,2024-10-11,5850
6156,松上,80,5,75,統一,2024-10-11,5850
6229,研通,71,1,70,統一,2024-10-11,5850
2603,長榮,94,24,70,統一,2024-10-11,5850
00948B,中信優息投資級債,69,0,69,統一,2024-10-11,5850
00915,凱基優選高股息30,86,20,66,統一,2024-10-11,5850
3597,映興,70,5,65,統一,2024-10-11,5850
6241,易通展,65,0,65,統一,2024-10-11,5850
6257,矽格,82,19,63,統一,2024-10-11,5850
8059,凱碩,71,12,59,統一,2024-10-11,5850
3167,大量,113,54,59,統一,2024-10-11,5850
6121,新普,59,1,58,統一,2024-10-11,5850
6143,振曜,109,55,54,統一,2024-10-11,5850
8091,翔名,62,8,54,統一,2024-10-11,5850
3209,全科,79,26,53,統一,2024-10-11,5850
3522,御嵿,51,0,51,統一,2024-10-11,5850
1595,川寶,136,85,51,統一,2024-10-11,5850
1101,台泥,50,0,50,統一,2024-10-11,5850
00637L,元大滬深300正2,2635,1500,1135,統一,2024-10-14,5850
1102,亞泥,1258,153,1105,統一,2024-10-14,5850
2105,正新,612,81,531,統一,2024-10-14,5850
1301,台塑,541,10,531,統一,2024-10-14,5850
2845,遠東銀,504,0,504,統一,2024-10-14,5850
2867,三商壽,500,0,500,統一,2024-10-14,5850
2889,國票金,484,10,474,統一,2024-10-14,5850
2323,中環,453,15,438,統一,2024-10-14,5850
2838,聯邦銀,385,0,385,統一,2024-10-14,5850
3710,連展投控,390,25,365,統一,2024-10-14,5850
3576,聯合再生,362,6,356,統一,2024-10-14,5850
2915,潤泰全,272,6,266,統一,2024-10-14,5850
0050,元大台灣50,272,7,265,統一,2024-10-14,5850
8383,千附,308,44,264,統一,2024-10-14,5850
2887,台新金,258,31,227,統一,2024-10-14,5850
3017,奇鋐,268,49,219,統一,2024-10-14,5850
9958,世紀鋼,239,24,215,統一,2024-10-14,5850
8155,博智,306,102,204,統一,2024-10-14,5850
3363,上詮,226,24,202,統一,2024-10-14,5850
4527,方土霖,202,0,202,統一,2024-10-14,5850
2489,瑞軒,204,30,174,統一,2024-10-14,5850
4979,華星光,222,61,161,統一,2024-10-14,5850
1584,精剛,177,17,160,統一,2024-10-14,5850
3231,緯創,379,224,155,統一,2024-10-14,5850
6156,松上,162,13,149,統一,2024-10-14,5850
6005,群益證,171,25,146,統一,2024-10-14,5850
4417,金洲,150,5,145,統一,2024-10-14,5850
5460,同協,130,0,130,統一,2024-10-14,5850
6138,茂達,136,15,121,統一,2024-10-14,5850
8028,昇陽半導體,221,100,121,統一,2024-10-14,5850
3033,威健,126,6,120,統一,2024-10-14,5850
2351,順德,103,0,103,統一,2024-10-14,5850
6581,鋼聯,104,2,102,統一,2024-10-14,5850
2330,台積電,187,86,101,統一,2024-10-14,5850
8374,羅昇,103,4,99,統一,2024-10-14,5850
6706,惠特,173,78,95,統一,2024-10-14,5850
4729,熒茂,90,3,87,統一,2024-10-14,5850
020033,統一�琤肮黕篾,154,69,85,統一,2024-10-14,5850
2891,中信金,250,167,83,統一,2024-10-14,5850
020030,統一智慧電動車N,84,2,82,統一,2024-10-14,5850
5452,佶優,91,14,77,統一,2024-10-14,5850
5210,寶碩,74,0,74,統一,2024-10-14,5850
6134,萬旭,78,7,71,統一,2024-10-14,5850
00885,富邦越南,135,69,66,統一,2024-10-14,5850
00764B,群益25年美債,2124,2058,66,統一,2024-10-14,5850
6282,康舒,65,0,65,統一,2024-10-14,5850
00915,凱基優選高股息30,65,1,64,統一,2024-10-14,5850
8039,台虹,66,2,64,統一,2024-10-14,5850
6937,天虹,170,106,64,統一,2024-10-14,5850
00715L,期街口布蘭特正2,95,34,61,統一,2024-10-14,5850
00940,元大台灣價值高息,8401,501,7900,統一,2024-10-15,5850
00632R,元大台灣50反1,3525,1,3524,統一,2024-10-15,5850
8032,光菱,1704,12,1692,統一,2024-10-15,5850
9105,泰金寶-DR,1675,142,1533,統一,2024-10-15,5850
2049,上銀,1020,102,918,統一,2024-10-15,5850
2317,鴻海,892,253,639,統一,2024-10-15,5850
2382,廣達,604,69,535,統一,2024-10-15,5850
4908,前鼎,649,160,489,統一,2024-10-15,5850
6763,綠界科技*,445,16,429,統一,2024-10-15,5850
2838,聯邦銀,423,0,423,統一,2024-10-15,5850
2882,國泰金,668,256,412,統一,2024-10-15,5850
2889,國票金,474,92,382,統一,2024-10-15,5850
2845,遠東銀,414,44,370,統一,2024-10-15,5850
9933,中鼎,381,11,370,統一,2024-10-15,5850
1560,中砂,466,122,344,統一,2024-10-15,5850
3105,穩懋,341,12,329,統一,2024-10-15,5850
00725B,國泰投資級公司債,903,600,303,統一,2024-10-15,5850
2885,元大金,343,56,287,統一,2024-10-15,5850
2303,聯電,339,61,278,統一,2024-10-15,5850
6658,聯策,287,34,253,統一,2024-10-15,5850
8054,安國,286,35,251,統一,2024-10-15,5850
2376,技嘉,258,28,230,統一,2024-10-15,5850
5347,世界,225,0,225,統一,2024-10-15,5850
00878,國泰永續高股息,239,20,219,統一,2024-10-15,5850
2241,艾姆勒,352,145,207,統一,2024-10-15,5850
3017,奇鋐,301,98,203,統一,2024-10-15,5850
2834,臺企銀,200,2,198,統一,2024-10-15,5850
1808,潤隆,192,24,168,統一,2024-10-15,5850
00882,中信中國高股息,283,119,164,統一,2024-10-15,5850
2449,京元電子,354,192,162,統一,2024-10-15,5850
6854,錼創科技-KY創,162,1,161,統一,2024-10-15,5850
5907,大洋-KY,167,10,157,統一,2024-10-15,5850
4417,金洲,152,0,152,統一,2024-10-15,5850
6829,千附精密,167,21,146,統一,2024-10-15,5850
6197,佳必琪,181,46,135,統一,2024-10-15,5850
2618,長榮航,374,244,130,統一,2024-10-15,5850
2913,農林,130,0,130,統一,2024-10-15,5850
2308,台達電,161,40,121,統一,2024-10-15,5850
6438,迅得,129,11,118,統一,2024-10-15,5850
2385,群光,120,3,117,統一,2024-10-15,5850
6241,易通展,120,6,114,統一,2024-10-15,5850
3081,聯亞,139,28,111,統一,2024-10-15,5850
2393,億光,119,8,111,統一,2024-10-15,5850
3029,零壹,150,40,110,統一,2024-10-15,5850
00922,國泰台灣領袖50,120,16,104,統一,2024-10-15,5850
9938,百和,126,25,101,統一,2024-10-15,5850
0061,元大寶滬深,100,0,100,統一,2024-10-15,5850
4938,和碩,106,6,100,統一,2024-10-15,5850
00795B,中信美國公債20年,96,0,96,統一,2024-10-15,5850
5438,東友,100,4,96,統一,2024-10-15,5850
00939,統一台灣高息動能,9068,87,8981,統一,2024-10-16,5850
00937B,群益ESG投等債20,2026,4,2022,統一,2024-10-16,5850
00940,元大台灣價值高息,1514,36,1478,統一,2024-10-16,5850
1802,台玻,1471,116,1355,統一,2024-10-16,5850
2313,華通,1371,24,1347,統一,2024-10-16,5850
00905,FT臺灣Smart,1002,1,1001,統一,2024-10-16,5850
00764B,群益25年美債,3060,2061,999,統一,2024-10-16,5850
00907,永豐優息存股,900,0,900,統一,2024-10-16,5850
00933B,國泰10Y+金融債,899,5,894,統一,2024-10-16,5850
00888,永豐台灣ESG,851,1,850,統一,2024-10-16,5850
00927,群益半導體收益,711,0,711,統一,2024-10-16,5850
2421,建準,714,37,677,統一,2024-10-16,5850
2399,映泰,697,86,611,統一,2024-10-16,5850
2388,威盛,482,63,419,統一,2024-10-16,5850
2449,京元電子,800,406,394,統一,2024-10-16,5850
2317,鴻海,655,290,365,統一,2024-10-16,5850
00650L,復華香港正2,775,435,340,統一,2024-10-16,5850
2888,新光金,384,53,331,統一,2024-10-16,5850
4903,聯光通,386,59,327,統一,2024-10-16,5850
3013,晟銘電,415,109,306,統一,2024-10-16,5850
00931B,統一美債20年,307,33,274,統一,2024-10-16,5850
4562,穎漢,289,15,274,統一,2024-10-16,5850
8374,羅昇,272,3,269,統一,2024-10-16,5850
9933,中鼎,243,4,239,統一,2024-10-16,5850
2610,華航,253,33,220,統一,2024-10-16,5850
5009,榮剛,207,1,206,統一,2024-10-16,5850
2363,矽統,701,500,201,統一,2024-10-16,5850
00736,國泰新興市場,251,54,197,統一,2024-10-16,5850
2891,中信金,482,286,196,統一,2024-10-16,5850
3710,連展投控,215,21,194,統一,2024-10-16,5850
2330,台積電,370,183,187,統一,2024-10-16,5850
00673R,期元大S＆P原油反1,185,0,185,統一,2024-10-16,5850
00772B,中信高評級公司債,187,3,184,統一,2024-10-16,5850
00954,中信日本半導體,367,192,175,統一,2024-10-16,5850
6164,華興,172,0,172,統一,2024-10-16,5850
1528,恩德,174,8,166,統一,2024-10-16,5850
3017,奇鋐,227,88,139,統一,2024-10-16,5850
00915,凱基優選高股息30,138,0,138,統一,2024-10-16,5850
2929,淘帝-KY,137,2,135,統一,2024-10-16,5850
2345,智邦,200,67,133,統一,2024-10-16,5850
2439,美律,145,17,128,統一,2024-10-16,5850
6890,來億-KY,147,19,128,統一,2024-10-16,5850
2603,長榮,270,144,126,統一,2024-10-16,5850
2838,聯邦銀,139,16,123,統一,2024-10-16,5850
6282,康舒,148,30,118,統一,2024-10-16,5850
0056,元大高股息,122,10,112,統一,2024-10-16,5850
2324,仁寶,120,8,112,統一,2024-10-16,5850
3031,佰鴻,108,1,107,統一,2024-10-16,5850
00853B,統一美債10年Aa-,306,200,106,統一,2024-10-16,5850
00665L,富邦�琤肭磪囓�2,118,14,104,統一,2024-10-16,5850
00940,元大台灣價值高息,5000,536,4464,統一,2024-10-17,5850
00632R,元大台灣50反1,3203,0,3203,統一,2024-10-17,5850
2312,金寶,3114,345,2769,統一,2024-10-17,5850
1536,和大,2002,24,1978,統一,2024-10-17,5850
2014,中鴻,1088,6,1082,統一,2024-10-17,5850
00679B,元大美債20年,2942,2211,731,統一,2024-10-17,5850
9938,百和,708,133,575,統一,2024-10-17,5850
1540,喬福,550,33,517,統一,2024-10-17,5850
4510,高鋒,610,109,501,統一,2024-10-17,5850
4562,穎漢,515,20,495,統一,2024-10-17,5850
2449,京元電子,928,457,471,統一,2024-10-17,5850
2883,凱基金,587,144,443,統一,2024-10-17,5850
2330,台積電,658,254,404,統一,2024-10-17,5850
2609,陽明,636,244,392,統一,2024-10-17,5850
4542,科嶠,1144,794,350,統一,2024-10-17,5850
00939,統一台灣高息動能,344,5,339,統一,2024-10-17,5850
3481,群創,684,364,320,統一,2024-10-17,5850
2317,鴻海,1175,885,290,統一,2024-10-17,5850
6546,正基,320,40,280,統一,2024-10-17,5850
00673R,期元大S＆P原油反1,277,0,277,統一,2024-10-17,5850
3450,聯鈞,591,315,276,統一,2024-10-17,5850
2455,全新,286,47,239,統一,2024-10-17,5850
1595,川寶,279,52,227,統一,2024-10-17,5850
3013,晟銘電,619,398,221,統一,2024-10-17,5850
4956,光鋐,381,163,218,統一,2024-10-17,5850
00882,中信中國高股息,333,121,212,統一,2024-10-17,5850
6451,訊芯-KY,231,32,199,統一,2024-10-17,5850
2888,新光金,262,68,194,統一,2024-10-17,5850
3374,精材,265,77,188,統一,2024-10-17,5850
2382,廣達,324,156,168,統一,2024-10-17,5850
4566,時碩工業,240,73,167,統一,2024-10-17,5850
00795B,中信美國公債20年,163,0,163,統一,2024-10-17,5850
9105,泰金寶-DR,382,234,148,統一,2024-10-17,5850
6202,盛群,140,0,140,統一,2024-10-17,5850
2603,長榮,300,166,134,統一,2024-10-17,5850
2106,建大,125,0,125,統一,2024-10-17,5850
1319,東陽,148,23,125,統一,2024-10-17,5850
4991,環宇-KY,134,13,121,統一,2024-10-17,5850
4908,前鼎,260,141,119,統一,2024-10-17,5850
2845,遠東銀,119,0,119,統一,2024-10-17,5850
00954,中信日本半導體,536,418,118,統一,2024-10-17,5850
4576,大銀微系統,133,22,111,統一,2024-10-17,5850
00639,富邦深100,108,0,108,統一,2024-10-17,5850
4909,新復興,171,70,101,統一,2024-10-17,5850
3162,精確,146,46,100,統一,2024-10-17,5850
00636,國泰中國A50,102,3,99,統一,2024-10-17,5850
2402,毅嘉,212,115,97,統一,2024-10-17,5850
2913,農林,96,0,96,統一,2024-10-17,5850
2313,華通,122,27,95,統一,2024-10-17,5850
9958,世紀鋼,119,25,94,統一,2024-10-17,5850
00940,元大台灣價值高息,7928,246,7682,統一,2024-10-18,5850
00632R,元大台灣50反1,3253,302,2951,統一,2024-10-18,5850
00679B,元大美債20年,3395,961,2434,統一,2024-10-18,5850
00939,統一台灣高息動能,1800,15,1785,統一,2024-10-18,5850
2867,三商壽,1013,30,983,統一,2024-10-18,5850
00950B,凱基A級公司債,701,0,701,統一,2024-10-18,5850
020033,統一�琤肮黕篾,640,40,600,統一,2024-10-18,5850
00957B,兆豐US優選投等債,5728,5161,567,統一,2024-10-18,5850
2377,微星,605,42,563,統一,2024-10-18,5850
00931B,統一美債20年,707,173,534,統一,2024-10-18,5850
3481,群創,1425,931,494,統一,2024-10-18,5850
4729,熒茂,463,9,454,統一,2024-10-18,5850
1595,川寶,363,6,357,統一,2024-10-18,5850
00779B,凱基美債25+,300,0,300,統一,2024-10-18,5850
00961,FT臺灣永續高息,296,0,296,統一,2024-10-18,5850
2409,友達,393,103,290,統一,2024-10-18,5850
6269,台郡,286,1,285,統一,2024-10-18,5850
6532,瑞耘,244,3,241,統一,2024-10-18,5850
3013,晟銘電,885,647,238,統一,2024-10-18,5850
9958,世紀鋼,234,22,212,統一,2024-10-18,5850
00857B,永豐20年美公債,220,10,210,統一,2024-10-18,5850
5009,榮剛,212,2,210,統一,2024-10-18,5850
8028,昇陽半導體,871,664,207,統一,2024-10-18,5850
1102,亞泥,213,10,203,統一,2024-10-18,5850
6438,迅得,252,54,198,統一,2024-10-18,5850
2884,玉山金,370,179,191,統一,2024-10-18,5850
6187,萬潤,227,46,181,統一,2024-10-18,5850
2363,矽統,293,113,180,統一,2024-10-18,5850
2882,國泰金,436,270,166,統一,2024-10-18,5850
00864B,中信美國公債0-1,164,0,164,統一,2024-10-18,5850
00772B,中信高評級公司債,211,50,161,統一,2024-10-18,5850
2891,中信金,307,152,155,統一,2024-10-18,5850
4576,大銀微系統,288,149,139,統一,2024-10-18,5850
3715,定穎投控,156,29,127,統一,2024-10-18,5850
00912,中信臺灣智慧50,131,10,121,統一,2024-10-18,5850
3017,奇鋐,185,64,121,統一,2024-10-18,5850
2543,皇昌,152,32,120,統一,2024-10-18,5850
00753L,中信中國50正2,434,322,112,統一,2024-10-18,5850
3711,日月光投控,154,42,112,統一,2024-10-18,5850
2610,華航,213,108,105,統一,2024-10-18,5850
00953B,群益優選非投等債,100,1,99,統一,2024-10-18,5850
00929,復華台灣科技優息,176,79,97,統一,2024-10-18,5850
2449,京元電子,669,575,94,統一,2024-10-18,5850
3354,律勝,101,8,93,統一,2024-10-18,5850
2913,農林,90,0,90,統一,2024-10-18,5850
3011,今皓,199,112,87,統一,2024-10-18,5850
0056,元大高股息,85,1,84,統一,2024-10-18,5850
2885,元大金,182,102,80,統一,2024-10-18,5850
00650L,復華香港正2,180,106,74,統一,2024-10-18,5850
3515,華擎,71,0,71,統一,2024-10-18,5850
00679B,元大美債20年,2399,7,2392,統一,2024-10-21,5850
3550,聯穎,2374,32,2342,統一,2024-10-21,5850
2002,中鋼,1576,81,1495,統一,2024-10-21,5850
00887,永豐中國科技50大,3892,2487,1405,統一,2024-10-21,5850
3189,景碩,1431,43,1388,統一,2024-10-21,5850
2883,凱基金,1740,435,1305,統一,2024-10-21,5850
2890,永豐金,1284,71,1213,統一,2024-10-21,5850
2892,第一金,1140,1,1139,統一,2024-10-21,5850
2885,元大金,1270,147,1123,統一,2024-10-21,5850
6005,群益證,1064,3,1061,統一,2024-10-21,5850
2886,兆豐金,1048,9,1039,統一,2024-10-21,5850
1528,恩德,1343,359,984,統一,2024-10-21,5850
3037,欣興,853,61,792,統一,2024-10-21,5850
1802,台玻,965,224,741,統一,2024-10-21,5850
2317,鴻海,961,368,593,統一,2024-10-21,5850
1605,華新,573,13,560,統一,2024-10-21,5850
4540,全球傳動,492,8,484,統一,2024-10-21,5850
00940,元大台灣價值高息,763,298,465,統一,2024-10-21,5850
2363,矽統,1297,863,434,統一,2024-10-21,5850
2609,陽明,600,246,354,統一,2024-10-21,5850
3535,晶彩科,377,32,345,統一,2024-10-21,5850
00864B,中信美國公債0-1,345,0,345,統一,2024-10-21,5850
2377,微星,324,12,312,統一,2024-10-21,5850
1597,直得,350,65,285,統一,2024-10-21,5850
3551,世禾,339,94,245,統一,2024-10-21,5850
3011,今皓,365,139,226,統一,2024-10-21,5850
9958,世紀鋼,226,23,203,統一,2024-10-21,5850
3581,博磊,249,47,202,統一,2024-10-21,5850
6138,茂達,210,14,196,統一,2024-10-21,5850
00753L,中信中國50正2,241,51,190,統一,2024-10-21,5850
3450,聯鈞,301,116,185,統一,2024-10-21,5850
3141,晶宏,238,53,185,統一,2024-10-21,5850
2464,盟立,244,65,179,統一,2024-10-21,5850
6451,訊芯-KY,248,73,175,統一,2024-10-21,5850
00772B,中信高評級公司債,171,0,171,統一,2024-10-21,5850
6165,浪凡,205,49,156,統一,2024-10-21,5850
8069,元太,195,54,141,統一,2024-10-21,5850
6415,矽力*-KY,157,19,138,統一,2024-10-21,5850
00720B,元大投資級公司債,124,0,124,統一,2024-10-21,5850
1102,亞泥,124,2,122,統一,2024-10-21,5850
1307,三芳,126,16,110,統一,2024-10-21,5850
6176,瑞儀,139,30,109,統一,2024-10-21,5850
2454,聯發科,138,29,109,統一,2024-10-21,5850
5009,榮剛,107,2,105,統一,2024-10-21,5850
2603,長榮,285,189,96,統一,2024-10-21,5850
1584,精剛,92,0,92,統一,2024-10-21,5850
8155,博智,112,21,91,統一,2024-10-21,5850
2453,凌群,158,67,91,統一,2024-10-21,5850
3264,欣銓,100,12,88,統一,2024-10-21,5850
3234,光環,108,20,88,統一,2024-10-21,5850
00940,元大台灣價值高息,4418,107,4311,統一,2024-10-22,5850
2369,菱生,3000,5,2995,統一,2024-10-22,5850
00939,統一台灣高息動能,3239,274,2965,統一,2024-10-22,5850
00937B,群益ESG投等債20,1949,193,1756,統一,2024-10-22,5850
2303,聯電,1230,218,1012,統一,2024-10-22,5850
2885,元大金,1010,27,983,統一,2024-10-22,5850
5315,光聯,941,13,928,統一,2024-10-22,5850
00795B,中信美國公債20年,901,3,898,統一,2024-10-22,5850
1528,恩德,974,184,790,統一,2024-10-22,5850
00665L,富邦�琤肭磪囓�2,757,55,702,統一,2024-10-22,5850
3037,欣興,1154,551,603,統一,2024-10-22,5850
2103,台橡,534,0,534,統一,2024-10-22,5850
6151,晉倫,573,88,485,統一,2024-10-22,5850
00764B,群益25年美債,459,34,425,統一,2024-10-22,5850
00950B,凱基A級公司債,406,0,406,統一,2024-10-22,5850
00957B,兆豐US優選投等債,2195,1800,395,統一,2024-10-22,5850
2317,鴻海,1116,723,393,統一,2024-10-22,5850
3289,宜特,368,29,339,統一,2024-10-22,5850
00639,富邦深100,297,0,297,統一,2024-10-22,5850
6405,悅城,335,41,294,統一,2024-10-22,5850
6763,綠界科技*,400,107,293,統一,2024-10-22,5850
6104,創惟,369,108,261,統一,2024-10-22,5850
2367,燿華,298,40,258,統一,2024-10-22,5850
2409,友達,279,33,246,統一,2024-10-22,5850
00673R,期元大S＆P原油反1,240,0,240,統一,2024-10-22,5850
5386,青雲,245,20,225,統一,2024-10-22,5850
6237,驊訊,228,3,225,統一,2024-10-22,5850
020030,統一智慧電動車N,204,0,204,統一,2024-10-22,5850
00655L,國泰中國A50正2,215,26,189,統一,2024-10-22,5850
1307,三芳,418,230,188,統一,2024-10-22,5850
8176,智捷,135,5,130,統一,2024-10-22,5850
6197,佳必琪,187,62,125,統一,2024-10-22,5850
6506,雙邦,121,3,118,統一,2024-10-22,5850
5284,jpp-KY,158,41,117,統一,2024-10-22,5850
3013,晟銘電,285,171,114,統一,2024-10-22,5850
2206,三陽工業,113,1,112,統一,2024-10-22,5850
3520,華盈,110,0,110,統一,2024-10-22,5850
3615,安可,301,191,110,統一,2024-10-22,5850
5871,中租-KY,110,4,106,統一,2024-10-22,5850
020031,統一IC設計臺灣N,127,22,105,統一,2024-10-22,5850
3231,緯創,149,44,105,統一,2024-10-22,5850
00946,群益科技高息成長,105,1,104,統一,2024-10-22,5850
8069,元太,114,13,101,統一,2024-10-22,5850
00936,台新永續高息中小,100,0,100,統一,2024-10-22,5850
4979,華星光,163,70,93,統一,2024-10-22,5850
2881,富邦金,132,41,91,統一,2024-10-22,5850
2543,皇昌,268,181,87,統一,2024-10-22,5850
1802,台玻,90,10,80,統一,2024-10-22,5850
9938,百和,121,41,80,統一,2024-10-22,5850
2351,順德,88,8,80,統一,2024-10-22,5850
00940,元大台灣價值高息,1258,15,1243,統一,2024-10-23,5850
1528,恩德,3506,2388,1118,統一,2024-10-23,5850
00715L,期街口布蘭特正2,882,33,849,統一,2024-10-23,5850
3037,欣興,1252,437,815,統一,2024-10-23,5850
00939,統一台灣高息動能,641,45,596,統一,2024-10-23,5850
3481,群創,626,152,474,統一,2024-10-23,5850
1815,富喬,685,239,446,統一,2024-10-23,5850
5425,台半,487,50,437,統一,2024-10-23,5850
2882,國泰金,827,469,358,統一,2024-10-23,5850
1514,亞力,480,124,356,統一,2024-10-23,5850
5907,大洋-KY,496,154,342,統一,2024-10-23,5850
2489,瑞軒,360,27,333,統一,2024-10-23,5850
5202,力新,301,5,296,統一,2024-10-23,5850
3272,東碩,302,8,294,統一,2024-10-23,5850
2345,智邦,310,29,281,統一,2024-10-23,5850
6104,創惟,381,129,252,統一,2024-10-23,5850
4545,銘鈺,268,23,245,統一,2024-10-23,5850
00864B,中信美國公債0-1,241,0,241,統一,2024-10-23,5850
3704,合勤控,241,9,232,統一,2024-10-23,5850
00642U,期元大S＆P石油,228,1,227,統一,2024-10-23,5850
8429,金麗-KY,222,1,221,統一,2024-10-23,5850
3290,東浦,945,730,215,統一,2024-10-23,5850
2354,鴻準,230,17,213,統一,2024-10-23,5850
2431,聯昌,175,12,163,統一,2024-10-23,5850
2317,鴻海,428,279,149,統一,2024-10-23,5850
00636,國泰中國A50,143,0,143,統一,2024-10-23,5850
6241,易通展,128,0,128,統一,2024-10-23,5850
3360,尚立,129,1,128,統一,2024-10-23,5850
1721,三晃,167,40,127,統一,2024-10-23,5850
8210,勤誠,133,14,119,統一,2024-10-23,5850
3219,倚強科,117,1,116,統一,2024-10-23,5850
3081,聯亞,136,25,111,統一,2024-10-23,5850
3264,欣銓,103,2,101,統一,2024-10-23,5850
3447,展達,122,28,94,統一,2024-10-23,5850
4908,前鼎,98,5,93,統一,2024-10-23,5850
2423,固緯,91,0,91,統一,2024-10-23,5850
4716,大立,124,33,91,統一,2024-10-23,5850
3516,亞帝歐,88,0,88,統一,2024-10-23,5850
8069,元太,317,231,86,統一,2024-10-23,5850
2330,台積電,105,20,85,統一,2024-10-23,5850
6862,三集瑞-KY,85,6,79,統一,2024-10-23,5850
6165,浪凡,100,22,78,統一,2024-10-23,5850
6669,緯穎,89,12,77,統一,2024-10-23,5850
2329,華泰,112,38,74,統一,2024-10-23,5850
4577,達航科技,76,2,74,統一,2024-10-23,5850
2421,建準,91,20,71,統一,2024-10-23,5850
5443,均豪,77,9,68,統一,2024-10-23,5850
2059,川湖,82,14,68,統一,2024-10-23,5850
3021,鴻名,68,1,67,統一,2024-10-23,5850
4576,大銀微系統,85,19,66,統一,2024-10-23,5850
00940,元大台灣價值高息,6881,67,6814,統一,2024-10-24,5850
2891,中信金,2052,90,1962,統一,2024-10-24,5850
2884,玉山金,1034,352,682,統一,2024-10-24,5850
8032,光菱,679,16,663,統一,2024-10-24,5850
2431,聯昌,824,172,652,統一,2024-10-24,5850
00939,統一台灣高息動能,838,194,644,統一,2024-10-24,5850
3029,零壹,621,36,585,統一,2024-10-24,5850
3704,合勤控,640,68,572,統一,2024-10-24,5850
3447,展達,674,146,528,統一,2024-10-24,5850
2354,鴻準,1369,870,499,統一,2024-10-24,5850
4545,銘鈺,643,208,435,統一,2024-10-24,5850
2867,三商壽,400,0,400,統一,2024-10-24,5850
2610,華航,402,59,343,統一,2024-10-24,5850
4919,新唐,375,44,331,統一,2024-10-24,5850
00957B,兆豐US優選投等債,2410,2100,310,統一,2024-10-24,5850
2543,皇昌,401,157,244,統一,2024-10-24,5850
3689,湧德,289,77,212,統一,2024-10-24,5850
00636,國泰中國A50,210,3,207,統一,2024-10-24,5850
2377,微星,201,5,196,統一,2024-10-24,5850
00954,中信日本半導體,590,397,193,統一,2024-10-24,5850
00753L,中信中國50正2,249,70,179,統一,2024-10-24,5850
2330,台積電,380,211,169,統一,2024-10-24,5850
2495,普安,182,26,156,統一,2024-10-24,5850
6752,叡揚,153,2,151,統一,2024-10-24,5850
2603,長榮,238,90,148,統一,2024-10-24,5850
6261,久元,152,10,142,統一,2024-10-24,5850
2534,宏盛,136,0,136,統一,2024-10-24,5850
5009,榮剛,125,0,125,統一,2024-10-24,5850
2618,長榮航,436,317,119,統一,2024-10-24,5850
6213,聯茂,146,30,116,統一,2024-10-24,5850
1721,三晃,369,255,114,統一,2024-10-24,5850
2374,佳能,145,34,111,統一,2024-10-24,5850
6151,晉倫,160,52,108,統一,2024-10-24,5850
00642U,期元大S＆P石油,100,0,100,統一,2024-10-24,5850
3715,定穎投控,476,377,99,統一,2024-10-24,5850
3714,富采,96,2,94,統一,2024-10-24,5850
5438,東友,95,5,90,統一,2024-10-24,5850
1307,三芳,90,0,90,統一,2024-10-24,5850
2395,研華,100,11,89,統一,2024-10-24,5850
00631L,元大台灣50正2,92,9,83,統一,2024-10-24,5850
1102,亞泥,76,0,76,統一,2024-10-24,5850
6425,易發,436,363,73,統一,2024-10-24,5850
6279,胡連,72,4,68,統一,2024-10-24,5850
2413,環科,68,0,68,統一,2024-10-24,5850
6121,新普,64,0,64,統一,2024-10-24,5850
2505,國揚,59,0,59,統一,2024-10-24,5850
2883,凱基金,78,20,58,統一,2024-10-24,5850
4162,智擎,73,15,58,統一,2024-10-24,5850
2477,美隆電,77,24,53,統一,2024-10-24,5850
020031,統一IC設計臺灣N,64,11,53,統一,2024-10-24,5850
00940,元大台灣價值高息,3110,20,3090,統一,2024-10-25,5850
2477,美隆電,1330,9,1321,統一,2024-10-25,5850
1802,台玻,1221,18,1203,統一,2024-10-25,5850
2646,星宇航空,1786,671,1115,統一,2024-10-25,5850
6142,友勁,806,1,805,統一,2024-10-25,5850
6235,華孚,564,4,560,統一,2024-10-25,5850
2354,鴻準,806,265,541,統一,2024-10-25,5850
2413,環科,530,8,522,統一,2024-10-25,5850
1307,三芳,439,70,369,統一,2024-10-25,5850
6451,訊芯-KY,316,9,307,統一,2024-10-25,5850
00929,復華台灣科技優息,322,28,294,統一,2024-10-25,5850
2313,華通,292,13,279,統一,2024-10-25,5850
00949,復華日本龍頭,257,0,257,統一,2024-10-25,5850
1785,光洋科,249,3,246,統一,2024-10-25,5850
9938,百和,238,20,218,統一,2024-10-25,5850
00885,富邦越南,216,0,216,統一,2024-10-25,5850
2883,凱基金,263,47,216,統一,2024-10-25,5850
1102,亞泥,216,0,216,統一,2024-10-25,5850
2867,三商壽,210,0,210,統一,2024-10-25,5850
6492,生華科,202,0,202,統一,2024-10-25,5850
6285,啟��,199,7,192,統一,2024-10-25,5850
00673R,期元大S＆P原油反1,195,27,168,統一,2024-10-25,5850
00636,國泰中國A50,159,1,158,統一,2024-10-25,5850
020033,統一�琤肮黕篾,156,6,150,統一,2024-10-25,5850
2393,億光,153,7,146,統一,2024-10-25,5850
2890,永豐金,151,11,140,統一,2024-10-25,5850
3290,東浦,198,67,131,統一,2024-10-25,5850
2409,友達,172,46,126,統一,2024-10-25,5850
00665L,富邦�琤肭磪囓�2,189,70,119,統一,2024-10-25,5850
4123,晟德,129,16,113,統一,2024-10-25,5850
3711,日月光投控,126,16,110,統一,2024-10-25,5850
5009,榮剛,110,0,110,統一,2024-10-25,5850
6133,金橋,110,1,109,統一,2024-10-25,5850
2302,麗正,181,76,105,統一,2024-10-25,5850
2884,玉山金,104,0,104,統一,2024-10-25,5850
00936,台新永續高息中小,104,3,101,統一,2024-10-25,5850
00946,群益科技高息成長,100,1,99,統一,2024-10-25,5850
2609,陽明,193,94,99,統一,2024-10-25,5850
00830,國泰費城半導體,96,1,95,統一,2024-10-25,5850
2903,遠百,95,0,95,統一,2024-10-25,5850
3675,德微,97,2,95,統一,2024-10-25,5850
4942,嘉彰,94,0,94,統一,2024-10-25,5850
3323,加百裕,93,1,92,統一,2024-10-25,5850
2345,智邦,129,40,89,統一,2024-10-25,5850
3257,虹冠電,91,3,88,統一,2024-10-25,5850
00939,統一台灣高息動能,379,292,87,統一,2024-10-25,5850
2429,銘旺科,87,0,87,統一,2024-10-25,5850
3036,文曄,108,23,85,統一,2024-10-25,5850
4956,光鋐,196,116,80,統一,2024-10-25,5850
1568,倉佑,81,1,80,統一,2024-10-25,5850
6156,松上,3915,1042,2873,統一,2024-10-28,5850
00940,元大台灣價值高息,2009,55,1954,統一,2024-10-28,5850
1802,台玻,2086,225,1861,統一,2024-10-28,5850
006208,富邦台50,1216,1,1215,統一,2024-10-28,5850
6763,綠界科技*,1014,11,1003,統一,2024-10-28,5850
2312,金寶,763,196,567,統一,2024-10-28,5850
00632R,元大台灣50反1,560,6,554,統一,2024-10-28,5850
6821,聯寶,472,16,456,統一,2024-10-28,5850
00939,統一台灣高息動能,795,410,385,統一,2024-10-28,5850
0050,元大台灣50,371,13,358,統一,2024-10-28,5850
9921,巨大,302,0,302,統一,2024-10-28,5850
9914,美利達,301,0,301,統一,2024-10-28,5850
8404,百和興業-KY,255,11,244,統一,2024-10-28,5850
3231,緯創,338,114,224,統一,2024-10-28,5850
2615,萬海,285,70,215,統一,2024-10-28,5850
2867,三商壽,321,121,200,統一,2024-10-28,5850
2610,華航,319,163,156,統一,2024-10-28,5850
5488,松普,243,88,155,統一,2024-10-28,5850
2603,長榮,307,162,145,統一,2024-10-28,5850
00954,中信日本半導體,466,337,129,統一,2024-10-28,5850
1402,遠東新,111,0,111,統一,2024-10-28,5850
2413,環科,497,394,103,統一,2024-10-28,5850
00795B,中信美國公債20年,108,6,102,統一,2024-10-28,5850
00712,復華富時不動產,104,3,101,統一,2024-10-28,5850
00931B,統一美債20年,97,0,97,統一,2024-10-28,5850
2903,遠百,97,0,97,統一,2024-10-28,5850
3308,聯德,92,0,92,統一,2024-10-28,5850
8107,大億金茂,92,1,91,統一,2024-10-28,5850
00636,國泰中國A50,90,0,90,統一,2024-10-28,5850
6187,萬潤,111,25,86,統一,2024-10-28,5850
6197,佳必琪,159,73,86,統一,2024-10-28,5850
6890,來億-KY,87,1,86,統一,2024-10-28,5850
3450,聯鈞,213,128,85,統一,2024-10-28,5850
3709,鑫聯大投控,83,4,79,統一,2024-10-28,5850
2388,威盛,168,91,77,統一,2024-10-28,5850
00706L,期元大S＆P日圓正2,68,0,68,統一,2024-10-28,5850
00853B,統一美債10年Aa-,309,242,67,統一,2024-10-28,5850
2809,京城銀,73,14,59,統一,2024-10-28,5850
3013,晟銘電,211,155,56,統一,2024-10-28,5850
1808,潤隆,60,6,54,統一,2024-10-28,5850
8032,光菱,52,0,52,統一,2024-10-28,5850
4927,泰鼎-KY,56,4,52,統一,2024-10-28,5850
6791,虎門科技,52,0,52,統一,2024-10-28,5850
2353,宏��,86,36,50,統一,2024-10-28,5850
2467,志聖,58,9,49,統一,2024-10-28,5850
2233,宇隆,51,3,48,統一,2024-10-28,5850
3597,映興,68,22,46,統一,2024-10-28,5850
2606,裕民,46,0,46,統一,2024-10-28,5850
006205,富邦上証,45,0,45,統一,2024-10-28,5850
00665L,富邦�琤肭磪囓�2,70,26,44,統一,2024-10-28,5850
1802,台玻,2828,378,2450,統一,2024-10-29,5850
0050,元大台灣50,852,14,838,統一,2024-10-29,5850
00940,元大台灣價值高息,870,42,828,統一,2024-10-29,5850
00687B,國泰20年美債,410,5,405,統一,2024-10-29,5850
2347,聯強,364,20,344,統一,2024-10-29,5850
8044,網家,533,196,337,統一,2024-10-29,5850
3325,旭品,316,3,313,統一,2024-10-29,5850
3709,鑫聯大投控,319,19,300,統一,2024-10-29,5850
2388,威盛,471,174,297,統一,2024-10-29,5850
00637L,元大滬深300正2,356,84,272,統一,2024-10-29,5850
5347,世界,258,7,251,統一,2024-10-29,5850
2543,皇昌,316,74,242,統一,2024-10-29,5850
3443,創意,240,16,224,統一,2024-10-29,5850
6156,松上,288,76,212,統一,2024-10-29,5850
00929,復華台灣科技優息,204,2,202,統一,2024-10-29,5850
2867,三商壽,202,2,200,統一,2024-10-29,5850
1721,三晃,212,13,199,統一,2024-10-29,5850
5907,大洋-KY,202,8,194,統一,2024-10-29,5850
6285,啟��,236,43,193,統一,2024-10-29,5850
00673R,期元大S＆P原油反1,293,111,182,統一,2024-10-29,5850
2308,台達電,260,97,163,統一,2024-10-29,5850
2385,群光,142,0,142,統一,2024-10-29,5850
3189,景碩,285,144,141,統一,2024-10-29,5850
2474,可成,140,1,139,統一,2024-10-29,5850
1528,恩德,148,15,133,統一,2024-10-29,5850
3034,聯詠,135,8,127,統一,2024-10-29,5850
00939,統一台灣高息動能,682,565,117,統一,2024-10-29,5850
6176,瑞儀,115,10,105,統一,2024-10-29,5850
6147,頎邦,186,91,95,統一,2024-10-29,5850
2353,宏��,107,13,94,統一,2024-10-29,5850
6246,臺龍,88,1,87,統一,2024-10-29,5850
00712,復華富時不動產,83,0,83,統一,2024-10-29,5850
3686,達能,83,1,82,統一,2024-10-29,5850
3289,宜特,83,2,81,統一,2024-10-29,5850
00936,台新永續高息中小,80,0,80,統一,2024-10-29,5850
1234,黑松,80,0,80,統一,2024-10-29,5850
3013,晟銘電,137,57,80,統一,2024-10-29,5850
2368,金像電,115,36,79,統一,2024-10-29,5850
2059,川湖,82,4,78,統一,2024-10-29,5850
9938,百和,83,8,75,統一,2024-10-29,5850
2892,第一金,70,0,70,統一,2024-10-29,5850
00881,國泰台灣5G+,74,6,68,統一,2024-10-29,5850
2454,聯發科,71,3,68,統一,2024-10-29,5850
5227,立凱-KY,83,16,67,統一,2024-10-29,5850
8429,金麗-KY,72,8,64,統一,2024-10-29,5850
2881,富邦金,103,40,63,統一,2024-10-29,5850
2303,聯電,166,106,60,統一,2024-10-29,5850
3447,展達,101,42,59,統一,2024-10-29,5850
00864B,中信美國公債0-1,55,0,55,統一,2024-10-29,5850
00636,國泰中國A50,55,1,54,統一,2024-10-29,5850
2354,鴻準,6354,3015,3339,統一,2024-10-30,5850
2888,新光金,2999,25,2974,統一,2024-10-30,5850
006208,富邦台50,2008,537,1471,統一,2024-10-30,5850
00687B,國泰20年美債,565,108,457,統一,2024-10-30,5850
0050,元大台灣50,565,130,435,統一,2024-10-30,5850
00679B,元大美債20年,590,209,381,統一,2024-10-30,5850
6216,居易,331,4,327,統一,2024-10-30,5850
2885,元大金,355,38,317,統一,2024-10-30,5850
9921,巨大,300,0,300,統一,2024-10-30,5850
9914,美利達,304,9,295,統一,2024-10-30,5850
4919,新唐,552,317,235,統一,2024-10-30,5850
00893,國泰智能電動車,186,0,186,統一,2024-10-30,5850
8421,旭源,169,0,169,統一,2024-10-30,5850
6197,佳必琪,277,125,152,統一,2024-10-30,5850
2330,台積電,178,30,148,統一,2024-10-30,5850
8047,星雲,137,0,137,統一,2024-10-30,5850
3037,欣興,242,106,136,統一,2024-10-30,5850
00857B,永豐20年美公債,140,7,133,統一,2024-10-30,5850
8028,昇陽半導體,164,31,133,統一,2024-10-30,5850
2363,矽統,170,53,117,統一,2024-10-30,5850
0056,元大高股息,102,0,102,統一,2024-10-30,5850
8464,億豐,100,0,100,統一,2024-10-30,5850
00864B,中信美國公債0-1,100,0,100,統一,2024-10-30,5850
2867,三商壽,103,3,100,統一,2024-10-30,5850
6859,伯特光,341,241,100,統一,2024-10-30,5850
3450,聯鈞,164,65,99,統一,2024-10-30,5850
6165,浪凡,100,4,96,統一,2024-10-30,5850
3163,波若威,102,8,94,統一,2024-10-30,5850
00779B,凱基美債25+,100,7,93,統一,2024-10-30,5850
4558,寶緯,96,11,85,統一,2024-10-30,5850
00712,復華富時不動產,83,0,83,統一,2024-10-30,5850
2543,皇昌,248,165,83,統一,2024-10-30,5850
1307,三芳,82,2,80,統一,2024-10-30,5850
2492,華新科,86,8,78,統一,2024-10-30,5850
3017,奇鋐,99,25,74,統一,2024-10-30,5850
3092,鴻碩,75,2,73,統一,2024-10-30,5850
1436,華友聯,119,47,72,統一,2024-10-30,5850
2049,上銀,82,10,72,統一,2024-10-30,5850
3665,貿聯-KY,78,7,71,統一,2024-10-30,5850
8183,精星,63,1,62,統一,2024-10-30,5850
8929,富堡,104,47,57,統一,2024-10-30,5850
00636,國泰中國A50,66,10,56,統一,2024-10-30,5850
6425,易發,86,31,55,統一,2024-10-30,5850
2059,川湖,62,7,55,統一,2024-10-30,5850
2409,友達,121,66,55,統一,2024-10-30,5850
2426,鼎元,60,5,55,統一,2024-10-30,5850
00708L,期元大S＆P黃金正2,53,0,53,統一,2024-10-30,5850
00724B,群益投資級金融債,175,125,50,統一,2024-10-30,5850
9802,鈺齊-KY,50,0,50,統一,2024-10-30,5850
00954,中信日本半導體,345,296,49,統一,2024-10-30,5850
2888,新光金,2135,16,2119,統一,2024-11-01,5850
5347,世界,1664,230,1434,統一,2024-11-01,5850
00715L,期街口布蘭特正2,967,72,895,統一,2024-11-01,5850
1802,台玻,1042,156,886,統一,2024-11-01,5850
00931B,統一美債20年,1014,163,851,統一,2024-11-01,5850
1307,三芳,996,267,729,統一,2024-11-01,5850
3045,台灣大,953,235,718,統一,2024-11-01,5850
2609,陽明,1384,679,705,統一,2024-11-01,5850
3711,日月光投控,726,37,689,統一,2024-11-01,5850
00637L,元大滬深300正2,955,388,567,統一,2024-11-01,5850
4903,聯光通,523,42,481,統一,2024-11-01,5850
2603,長榮,550,151,399,統一,2024-11-01,5850
4991,環宇-KY,407,37,370,統一,2024-11-01,5850
3289,宜特,400,39,361,統一,2024-11-01,5850
2382,廣達,496,138,358,統一,2024-11-01,5850
4162,智擎,377,35,342,統一,2024-11-01,5850
2615,萬海,588,253,335,統一,2024-11-01,5850
2014,中鴻,317,8,309,統一,2024-11-01,5850
4904,遠傳,300,5,295,統一,2024-11-01,5850
6763,綠界科技*,381,90,291,統一,2024-11-01,5850
6248,沛波,358,88,270,統一,2024-11-01,5850
00929,復華台灣科技優息,228,1,227,統一,2024-11-01,5850
6658,聯策,221,3,218,統一,2024-11-01,5850
1449,佳和,248,36,212,統一,2024-11-01,5850
00900,富邦特選高股息30,209,0,209,統一,2024-11-01,5850
00706L,期元大S＆P日圓正2,200,0,200,統一,2024-11-01,5850
2006,東和鋼鐵,200,0,200,統一,2024-11-01,5850
2431,聯昌,238,41,197,統一,2024-11-01,5850
2542,興富發,251,65,186,統一,2024-11-01,5850
0050,元大台灣50,197,40,157,統一,2024-11-01,5850
3019,亞光,157,3,154,統一,2024-11-01,5850
00679B,元大美債20年,158,7,151,統一,2024-11-01,5850
6187,萬潤,229,79,150,統一,2024-11-01,5850
2634,漢翔,157,13,144,統一,2024-11-01,5850
020033,統一�琤肮黕篾,154,30,124,統一,2024-11-01,5850
5460,同協,130,6,124,統一,2024-11-01,5850
00712,復華富時不動產,123,0,123,統一,2024-11-01,5850
8044,網家,184,70,114,統一,2024-11-01,5850
8028,昇陽半導體,244,130,114,統一,2024-11-01,5850
00642U,期元大S＆P石油,119,7,112,統一,2024-11-01,5850
00885,富邦越南,110,6,104,統一,2024-11-01,5850
6156,松上,166,63,103,統一,2024-11-01,5850
6768,志強-KY,102,1,101,統一,2024-11-01,5850
3037,欣興,243,143,100,統一,2024-11-01,5850
3450,聯鈞,141,41,100,統一,2024-11-01,5850
3231,緯創,307,213,94,統一,2024-11-01,5850
1815,富喬,105,11,94,統一,2024-11-01,5850
00882,中信中國高股息,240,147,93,統一,2024-11-01,5850
8021,尖點,90,0,90,統一,2024-11-01,5850
5426,振發,88,2,86,統一,2024-11-01,5850
00680L,元大美債20正2,3369,200,3169,統一,2024-11-04,5850
00936,台新永續高息中小,2101,90,2011,統一,2024-11-04,5850
2883,凱基金,2041,111,1930,統一,2024-11-04,5850
00688L,國泰20年美債正2,2294,400,1894,統一,2024-11-04,5850
00679B,元大美債20年,902,4,898,統一,2024-11-04,5850
2317,鴻海,1007,196,811,統一,2024-11-04,5850
4991,環宇-KY,1463,682,781,統一,2024-11-04,5850
00687B,國泰20年美債,739,5,734,統一,2024-11-04,5850
4903,聯光通,1251,540,711,統一,2024-11-04,5850
6530,創威,708,7,701,統一,2024-11-04,5850
3231,緯創,814,165,649,統一,2024-11-04,5850
00713,元大台灣高息低波,613,1,612,統一,2024-11-04,5850
2884,玉山金,658,111,547,統一,2024-11-04,5850
2382,廣達,556,39,517,統一,2024-11-04,5850
3013,晟銘電,565,59,506,統一,2024-11-04,5850
5460,同協,495,6,489,統一,2024-11-04,5850
2027,大成鋼,465,2,463,統一,2024-11-04,5850
00885,富邦越南,310,0,310,統一,2024-11-04,5850
2344,華邦電,307,6,301,統一,2024-11-04,5850
2467,志聖,338,59,279,統一,2024-11-04,5850
8069,元太,348,71,277,統一,2024-11-04,5850
2103,台橡,610,353,257,統一,2024-11-04,5850
6770,力積電,709,468,241,統一,2024-11-04,5850
020033,統一�琤肮黕篾,230,9,221,統一,2024-11-04,5850
3049,精金,219,21,198,統一,2024-11-04,5850
2308,台達電,197,6,191,統一,2024-11-04,5850
3037,欣興,401,224,177,統一,2024-11-04,5850
1531,高林股,168,0,168,統一,2024-11-04,5850
3028,增你強,168,0,168,統一,2024-11-04,5850
3209,全科,172,11,161,統一,2024-11-04,5850
2352,佳世達,158,3,155,統一,2024-11-04,5850
6449,鈺邦,157,17,140,統一,2024-11-04,5850
3665,貿聯-KY,144,5,139,統一,2024-11-04,5850
00937B,群益ESG投等債20,134,0,134,統一,2024-11-04,5850
1477,聚陽,128,6,122,統一,2024-11-04,5850
00948B,中信優息投資級債,220,100,120,統一,2024-11-04,5850
5315,光聯,113,6,107,統一,2024-11-04,5850
2385,群光,128,22,106,統一,2024-11-04,5850
3714,富采,107,4,103,統一,2024-11-04,5850
9939,宏全,109,7,102,統一,2024-11-04,5850
2367,燿華,104,3,101,統一,2024-11-04,5850
6202,盛群,99,0,99,統一,2024-11-04,5850
00946,群益科技高息成長,118,24,94,統一,2024-11-04,5850
2360,致茂,96,6,90,統一,2024-11-04,5850
3090,日電貿,93,2,91,統一,2024-11-04,5850
3363,上詮,122,36,86,統一,2024-11-04,5850
6147,頎邦,87,2,85,統一,2024-11-04,5850
5471,松翰,113,30,83,統一,2024-11-04,5850
2885,元大金,130,48,82,統一,2024-11-04,5850
6104,創惟,98,18,80,統一,2024-11-04,5850
2886,兆豐金,2004,11,1993,統一,2024-11-05,5850
00679B,元大美債20年,3801,2016,1785,統一,2024-11-05,5850
9904,寶成,1500,6,1494,統一,2024-11-05,5850
2324,仁寶,1114,38,1076,統一,2024-11-05,5850
2613,中櫃,2678,1623,1055,統一,2024-11-05,5850
8032,光菱,1066,19,1047,統一,2024-11-05,5850
2412,中華電,1022,26,996,統一,2024-11-05,5850
3231,緯創,1167,216,951,統一,2024-11-05,5850
2891,中信金,1229,323,906,統一,2024-11-05,5850
00637L,元大滬深300正2,1098,371,727,統一,2024-11-05,5850
2313,華通,701,1,700,統一,2024-11-05,5850
2377,微星,580,55,525,統一,2024-11-05,5850
00632R,元大台灣50反1,500,6,494,統一,2024-11-05,5850
2431,聯昌,544,57,487,統一,2024-11-05,5850
5483,中美晶,488,8,480,統一,2024-11-05,5850
2314,台揚,464,1,463,統一,2024-11-05,5850
2317,鴻海,763,349,414,統一,2024-11-05,5850
2609,陽明,699,305,394,統一,2024-11-05,5850
1909,榮成,329,0,329,統一,2024-11-05,5850
3025,星通,318,38,280,統一,2024-11-05,5850
2376,技嘉,503,232,271,統一,2024-11-05,5850
8261,富鼎,321,64,257,統一,2024-11-05,5850
2105,正新,251,10,241,統一,2024-11-05,5850
6147,頎邦,243,14,229,統一,2024-11-05,5850
2388,威盛,235,9,226,統一,2024-11-05,5850
8044,網家,442,231,211,統一,2024-11-05,5850
2543,皇昌,250,62,188,統一,2024-11-05,5850
00915,凱基優選高股息30,182,0,182,統一,2024-11-05,5850
4909,新復興,222,53,169,統一,2024-11-05,5850
2356,英業達,449,284,165,統一,2024-11-05,5850
2330,台積電,397,236,161,統一,2024-11-05,5850
5907,大洋-KY,166,5,161,統一,2024-11-05,5850
4162,智擎,220,62,158,統一,2024-11-05,5850
2603,長榮,299,148,151,統一,2024-11-05,5850
3105,穩懋,153,6,147,統一,2024-11-05,5850
8028,昇陽半導體,239,96,143,統一,2024-11-05,5850
1305,華夏,135,0,135,統一,2024-11-05,5850
2359,所羅門,151,18,133,統一,2024-11-05,5850
2353,宏��,145,17,128,統一,2024-11-05,5850
00665L,富邦�琤肭磪囓�2,207,80,127,統一,2024-11-05,5850
1815,富喬,129,11,118,統一,2024-11-05,5850
2882,國泰金,146,36,110,統一,2024-11-05,5850
2385,群光,108,0,108,統一,2024-11-05,5850
3702,大聯大,115,10,105,統一,2024-11-05,5850
2360,致茂,132,33,99,統一,2024-11-05,5850
2382,廣達,118,25,93,統一,2024-11-05,5850
2419,仲琦,83,2,81,統一,2024-11-05,5850
4526,東台,99,21,78,統一,2024-11-05,5850
4729,熒茂,79,1,78,統一,2024-11-05,5850
3321,同泰,75,0,75,統一,2024-11-05,5850
00679B,元大美債20年,2175,114,2061,統一,2024-11-06,5850
2002,中鋼,2004,24,1980,統一,2024-11-06,5850
2312,金寶,2646,881,1765,統一,2024-11-06,5850
3231,緯創,1875,301,1574,統一,2024-11-06,5850
00680L,元大美債20正2,1269,380,889,統一,2024-11-06,5850
00931B,統一美債20年,1625,1013,612,統一,2024-11-06,5850
2449,京元電子,1130,592,538,統一,2024-11-06,5850
00687B,國泰20年美債,1164,647,517,統一,2024-11-06,5850
00795B,中信美國公債20年,611,102,509,統一,2024-11-06,5850
00940,元大台灣價值高息,836,396,440,統一,2024-11-06,5850
9105,泰金寶-DR,659,253,406,統一,2024-11-06,5850
6438,迅得,449,74,375,統一,2024-11-06,5850
2103,台橡,311,0,311,統一,2024-11-06,5850
2330,台積電,791,492,299,統一,2024-11-06,5850
00948B,中信優息投資級債,356,60,296,統一,2024-11-06,5850
2454,聯發科,307,14,293,統一,2024-11-06,5850
00665L,富邦�琤肭磪囓�2,282,5,277,統一,2024-11-06,5850
2385,群光,273,71,202,統一,2024-11-06,5850
2365,昆盈,214,16,198,統一,2024-11-06,5850
4971,IET-KY,189,3,186,統一,2024-11-06,5850
6937,天虹,260,76,184,統一,2024-11-06,5850
00650L,復華香港正2,183,2,181,統一,2024-11-06,5850
0050,元大台灣50,167,11,156,統一,2024-11-06,5850
2351,順德,176,23,153,統一,2024-11-06,5850
6451,訊芯-KY,196,52,144,統一,2024-11-06,5850
1449,佳和,609,472,137,統一,2024-11-06,5850
6104,創惟,208,84,124,統一,2024-11-06,5850
00688L,國泰20年美債正2,230,114,116,統一,2024-11-06,5850
4979,華星光,136,30,106,統一,2024-11-06,5850
2376,技嘉,179,75,104,統一,2024-11-06,5850
00713,元大台灣高息低波,104,2,102,統一,2024-11-06,5850
2867,三商壽,100,0,100,統一,2024-11-06,5850
00739,元大MSCI A股,100,0,100,統一,2024-11-06,5850
3661,世芯-KY,121,21,100,統一,2024-11-06,5850
00636,國泰中國A50,103,8,95,統一,2024-11-06,5850
00720B,元大投資級公司債,190,100,90,統一,2024-11-06,5850
5438,東友,330,242,88,統一,2024-11-06,5850
6285,啟��,98,13,85,統一,2024-11-06,5850
1307,三芳,129,45,84,統一,2024-11-06,5850
3313,斐成,78,0,78,統一,2024-11-06,5850
1590,亞德客-KY,78,0,78,統一,2024-11-06,5850
00692,富邦公司治理,80,3,77,統一,2024-11-06,5850
2059,川湖,78,2,76,統一,2024-11-06,5850
6288,聯嘉,82,6,76,統一,2024-11-06,5850
6821,聯寶,83,8,75,統一,2024-11-06,5850
2606,裕民,150,77,73,統一,2024-11-06,5850
1909,榮成,70,0,70,統一,2024-11-06,5850
5251,天鉞電,70,2,68,統一,2024-11-06,5850
2637,慧洋-KY,119,52,67,統一,2024-11-06,5850
2458,義隆,72,7,65,統一,2024-11-06,5850
00940,元大台灣價值高息,6603,9,6594,統一,2024-11-07,5850
2610,華航,4257,59,4198,統一,2024-11-07,5850
3481,群創,2348,112,2236,統一,2024-11-07,5850
00715L,期街口布蘭特正2,1832,13,1819,統一,2024-11-07,5850
2324,仁寶,1394,86,1308,統一,2024-11-07,5850
3062,建漢,1431,197,1234,統一,2024-11-07,5850
3037,欣興,1274,252,1022,統一,2024-11-07,5850
2354,鴻準,2872,2196,676,統一,2024-11-07,5850
2027,大成鋼,597,67,530,統一,2024-11-07,5850
2317,鴻海,638,151,487,統一,2024-11-07,5850
2308,台達電,470,39,431,統一,2024-11-07,5850
2376,技嘉,501,112,389,統一,2024-11-07,5850
2313,華通,448,66,382,統一,2024-11-07,5850
2603,長榮,488,122,366,統一,2024-11-07,5850
6770,力積電,320,8,312,統一,2024-11-07,5850
00724B,群益投資級金融債,310,0,310,統一,2024-11-07,5850
1513,中興電,352,53,299,統一,2024-11-07,5850
3689,湧德,489,202,287,統一,2024-11-07,5850
00669R,國泰美國道瓊反1,255,0,255,統一,2024-11-07,5850
3498,陽程,247,9,238,統一,2024-11-07,5850
00680L,元大美債20正2,5095,4863,232,統一,2024-11-07,5850
00957B,兆豐US優選投等債,3429,3200,229,統一,2024-11-07,5850
3665,貿聯-KY,238,12,226,統一,2024-11-07,5850
5426,振發,219,10,209,統一,2024-11-07,5850
00929,復華台灣科技優息,272,69,203,統一,2024-11-07,5850
8415,大國鋼,205,5,200,統一,2024-11-07,5850
2409,友達,235,44,191,統一,2024-11-07,5850
00761B,國泰A級公司債,190,0,190,統一,2024-11-07,5850
3013,晟銘電,273,89,184,統一,2024-11-07,5850
5309,系統電,185,27,158,統一,2024-11-07,5850
1531,高林股,157,10,147,統一,2024-11-07,5850
2367,燿華,163,16,147,統一,2024-11-07,5850
6187,萬潤,183,42,141,統一,2024-11-07,5850
5243,乙盛-KY,171,34,137,統一,2024-11-07,5850
3376,新日興,144,10,134,統一,2024-11-07,5850
2642,宅配通,115,1,114,統一,2024-11-07,5850
2888,新光金,130,17,113,統一,2024-11-07,5850
6768,志強-KY,138,27,111,統一,2024-11-07,5850
8383,千附,104,1,103,統一,2024-11-07,5850
1309,台達化,106,5,101,統一,2024-11-07,5850
2886,兆豐金,141,40,101,統一,2024-11-07,5850
3580,友威科,228,127,101,統一,2024-11-07,5850
3230,錦明,101,5,96,統一,2024-11-07,5850
4542,科嶠,102,7,95,統一,2024-11-07,5850
2851,中再保,93,1,92,統一,2024-11-07,5850
2059,川湖,235,147,88,統一,2024-11-07,5850
6438,迅得,148,60,88,統一,2024-11-07,5850
00864B,中信美國公債0-1,88,0,88,統一,2024-11-07,5850
1449,佳和,219,135,84,統一,2024-11-07,5850
6781,AES-KY,122,39,83,統一,2024-11-07,5850
2609,陽明,2380,301,2079,統一,2024-11-08,5850
00752,中信中國50,1800,4,1796,統一,2024-11-08,5850
00882,中信中國高股息,1815,45,1770,統一,2024-11-08,5850
00715L,期街口布蘭特正2,1064,24,1040,統一,2024-11-08,5850
3706,神達,2191,1293,898,統一,2024-11-08,5850
00636,國泰中國A50,852,2,850,統一,2024-11-08,5850
3303,岱稜,1069,227,842,統一,2024-11-08,5850
2303,聯電,825,70,755,統一,2024-11-08,5850
5443,均豪,812,224,588,統一,2024-11-08,5850
1102,亞泥,593,14,579,統一,2024-11-08,5850
4979,華星光,830,265,565,統一,2024-11-08,5850
8240,華宏,570,10,560,統一,2024-11-08,5850
2330,台積電,683,160,523,統一,2024-11-08,5850
2618,長榮航,965,443,522,統一,2024-11-08,5850
9924,福興,508,12,496,統一,2024-11-08,5850
3015,全漢,459,0,459,統一,2024-11-08,5850
2603,長榮,697,244,453,統一,2024-11-08,5850
3211,順達,493,40,453,統一,2024-11-08,5850
3234,光環,458,89,369,統一,2024-11-08,5850
2610,華航,484,134,350,統一,2024-11-08,5850
8464,億豐,350,18,332,統一,2024-11-08,5850
2903,遠百,319,0,319,統一,2024-11-08,5850
2103,台橡,305,1,304,統一,2024-11-08,5850
9933,中鼎,282,11,271,統一,2024-11-08,5850
020033,統一�琤肮黕篾,273,4,269,統一,2024-11-08,5850
6451,訊芯-KY,350,85,265,統一,2024-11-08,5850
2883,凱基金,355,127,228,統一,2024-11-08,5850
2006,東和鋼鐵,220,0,220,統一,2024-11-08,5850
2615,萬海,396,183,213,統一,2024-11-08,5850
00954,中信日本半導體,295,82,213,統一,2024-11-08,5850
2855,統一證,199,7,192,統一,2024-11-08,5850
3450,聯鈞,613,436,177,統一,2024-11-08,5850
00679B,元大美債20年,179,18,161,統一,2024-11-08,5850
2034,允強,157,2,155,統一,2024-11-08,5850
6152,百一,155,3,152,統一,2024-11-08,5850
3419,譁裕,139,0,139,統一,2024-11-08,5850
2356,英業達,378,248,130,統一,2024-11-08,5850
3260,威剛,125,1,124,統一,2024-11-08,5850
00712,復華富時不動產,133,10,123,統一,2024-11-08,5850
2504,國產,125,7,118,統一,2024-11-08,5850
3044,健鼎,171,56,115,統一,2024-11-08,5850
6763,綠界科技*,215,104,111,統一,2024-11-08,5850
2069,運錩,108,0,108,統一,2024-11-08,5850
3036,文曄,144,40,104,統一,2024-11-08,5850
2385,群光,122,18,104,統一,2024-11-08,5850
2033,佳大,89,0,89,統一,2024-11-08,5850
00724B,群益投資級金融債,336,250,86,統一,2024-11-08,5850
2451,創見,84,8,76,統一,2024-11-08,5850
00714,群益道瓊美國地產,157,82,75,統一,2024-11-08,5850
3374,精材,337,265,72,統一,2024-11-08,5850
00940,元大台灣價值高息,6556,8,6548,統一,2024-11-11,5850
5443,均豪,1454,54,1400,統一,2024-11-11,5850
3231,緯創,799,205,594,統一,2024-11-11,5850
2882,國泰金,592,27,565,統一,2024-11-11,5850
00764B,群益25年美債,1460,902,558,統一,2024-11-11,5850
2618,長榮航,996,444,552,統一,2024-11-11,5850
00926,凱基全球菁英55,518,0,518,統一,2024-11-11,5850
2615,萬海,577,109,468,統一,2024-11-11,5850
2455,全新,496,53,443,統一,2024-11-11,5850
2883,凱基金,508,83,425,統一,2024-11-11,5850
3665,貿聯-KY,479,54,425,統一,2024-11-11,5850
00939,統一台灣高息動能,832,409,423,統一,2024-11-11,5850
2356,英業達,624,237,387,統一,2024-11-11,5850
3712,永崴投控,442,78,364,統一,2024-11-11,5850
6757,台灣虎航,355,19,336,統一,2024-11-11,5850
4991,環宇-KY,385,71,314,統一,2024-11-11,5850
2915,潤泰全,312,3,309,統一,2024-11-11,5850
4958,臻鼎-KY,317,50,267,統一,2024-11-11,5850
9933,中鼎,246,10,236,統一,2024-11-11,5850
6781,AES-KY,276,61,215,統一,2024-11-11,5850
0050,元大台灣50,219,11,208,統一,2024-11-11,5850
2603,長榮,359,170,189,統一,2024-11-11,5850
2444,兆勁,172,0,172,統一,2024-11-11,5850
3037,欣興,220,71,149,統一,2024-11-11,5850
3450,聯鈞,223,79,144,統一,2024-11-11,5850
1708,東鹼,156,34,122,統一,2024-11-11,5850
00900,富邦特選高股息30,121,0,121,統一,2024-11-11,5850
3003,健和興,162,53,109,統一,2024-11-11,5850
00954,中信日本半導體,205,98,107,統一,2024-11-11,5850
3363,上詮,109,3,106,統一,2024-11-11,5850
00857B,永豐20年美公債,105,0,105,統一,2024-11-11,5850
6174,安��,107,2,105,統一,2024-11-11,5850
4968,立積,115,11,104,統一,2024-11-11,5850
00761B,國泰A級公司債,100,0,100,統一,2024-11-11,5850
6160,欣技,112,14,98,統一,2024-11-11,5850
1336,台翰,97,1,96,統一,2024-11-11,5850
00642U,期元大S＆P石油,97,1,96,統一,2024-11-11,5850
5309,系統電,187,94,93,統一,2024-11-11,5850
5426,振發,230,138,92,統一,2024-11-11,5850
2345,智邦,107,19,88,統一,2024-11-11,5850
1307,三芳,111,25,86,統一,2024-11-11,5850
3211,順達,150,69,81,統一,2024-11-11,5850
2301,光寶科,171,92,79,統一,2024-11-11,5850
3005,神基,103,26,77,統一,2024-11-11,5850
4977,眾達-KY,92,19,73,統一,2024-11-11,5850
3511,矽瑪,73,0,73,統一,2024-11-11,5850
2382,廣達,115,44,71,統一,2024-11-11,5850
2303,聯電,165,95,70,統一,2024-11-11,5850
020031,統一IC設計臺灣N,81,12,69,統一,2024-11-11,5850
2103,台橡,67,0,67,統一,2024-11-11,5850
2303,聯電,7533,45,7488,統一,2024-11-12,5850
00940,元大台灣價值高息,2070,186,1884,統一,2024-11-12,5850
3706,神達,3228,2145,1083,統一,2024-11-12,5850
4931,新盛力,1031,20,1011,統一,2024-11-12,5850
2610,華航,1567,667,900,統一,2024-11-12,5850
00673R,期元大S＆P原油反1,572,0,572,統一,2024-11-12,5850
00926,凱基全球菁英55,516,0,516,統一,2024-11-12,5850
3034,聯詠,381,22,359,統一,2024-11-12,5850
3211,順達,1515,1188,327,統一,2024-11-12,5850
8089,康全電訊,337,35,302,統一,2024-11-12,5850
00939,統一台灣高息動能,296,8,288,統一,2024-11-12,5850
0050,元大台灣50,250,31,219,統一,2024-11-12,5850
2323,中環,236,21,215,統一,2024-11-12,5850
2867,三商壽,200,0,200,統一,2024-11-12,5850
2349,錸德,221,21,200,統一,2024-11-12,5850
00937B,群益ESG投等債20,301,131,170,統一,2024-11-12,5850
2886,兆豐金,201,33,168,統一,2024-11-12,5850
00693U,期街口S＆P黃豆,160,0,160,統一,2024-11-12,5850
00954,中信日本半導體,564,417,147,統一,2024-11-12,5850
4991,環宇-KY,149,4,145,統一,2024-11-12,5850
1466,聚隆,154,11,143,統一,2024-11-12,5850
4927,泰鼎-KY,152,11,141,統一,2024-11-12,5850
00930,永豐ESG低碳高息,137,0,137,統一,2024-11-12,5850
3030,德律,131,3,128,統一,2024-11-12,5850
2520,冠德,203,81,122,統一,2024-11-12,5850
6757,台灣虎航,132,20,112,統一,2024-11-12,5850
2014,中鴻,139,29,110,統一,2024-11-12,5850
2605,新興,133,24,109,統一,2024-11-12,5850
6669,緯穎,135,30,105,統一,2024-11-12,5850
00935,野村臺灣新科技50,100,0,100,統一,2024-11-12,5850
2395,研華,90,0,90,統一,2024-11-12,5850
2888,新光金,102,21,81,統一,2024-11-12,5850
9911,櫻花,80,2,78,統一,2024-11-12,5850
2103,台橡,81,3,78,統一,2024-11-12,5850
3704,合勤控,117,42,75,統一,2024-11-12,5850
00751B,元大AAA至A公司債,195,120,75,統一,2024-11-12,5850
2609,陽明,434,359,75,統一,2024-11-12,5850
00853B,統一美債10年Aa-,413,341,72,統一,2024-11-12,5850
3702,大聯大,75,6,69,統一,2024-11-12,5850
3227,原相,117,48,69,統一,2024-11-12,5850
0056,元大高股息,82,13,69,統一,2024-11-12,5850
2637,慧洋-KY,153,85,68,統一,2024-11-12,5850
2885,元大金,234,167,67,統一,2024-11-12,5850
00923,群益台ESG低碳50,68,1,67,統一,2024-11-12,5850
4938,和碩,84,18,66,統一,2024-11-12,5850
3447,展達,96,34,62,統一,2024-11-12,5850
00881,國泰台灣5G+,62,0,62,統一,2024-11-12,5850
8044,網家,125,68,57,統一,2024-11-12,5850
4909,新復興,188,131,57,統一,2024-11-12,5850
1101,台泥,58,2,56,統一,2024-11-12,5850
2504,國產,2022,29,1993,統一,2024-11-13,5850
3231,緯創,2015,107,1908,統一,2024-11-13,5850
2889,國票金,1702,397,1305,統一,2024-11-13,5850
00940,元大台灣價值高息,1304,91,1213,統一,2024-11-13,5850
00632R,元大台灣50反1,1053,60,993,統一,2024-11-13,5850
5871,中租-KY,1055,123,932,統一,2024-11-13,5850
3711,日月光投控,1026,145,881,統一,2024-11-13,5850
020033,統一�琤肮黕篾,636,8,628,統一,2024-11-13,5850
2455,全新,568,56,512,統一,2024-11-13,5850
00926,凱基全球菁英55,478,0,478,統一,2024-11-13,5850
5309,系統電,534,150,384,統一,2024-11-13,5850
3045,台灣大,573,245,328,統一,2024-11-13,5850
2345,智邦,339,32,307,統一,2024-11-13,5850
1618,合機,312,9,303,統一,2024-11-13,5850
5347,世界,367,75,292,統一,2024-11-13,5850
6757,台灣虎航,330,66,264,統一,2024-11-13,5850
1815,富喬,304,40,264,統一,2024-11-13,5850
00753L,中信中國50正2,303,50,253,統一,2024-11-13,5850
2382,廣達,360,127,233,統一,2024-11-13,5850
2892,第一金,417,191,226,統一,2024-11-13,5850
00725B,國泰投資級公司債,233,24,209,統一,2024-11-13,5850
00720B,元大投資級公司債,215,9,206,統一,2024-11-13,5850
00714,群益道瓊美國地產,300,100,200,統一,2024-11-13,5850
2105,正新,251,59,192,統一,2024-11-13,5850
9933,中鼎,193,6,187,統一,2024-11-13,5850
2809,京城銀,199,18,181,統一,2024-11-13,5850
2606,裕民,207,35,172,統一,2024-11-13,5850
4991,環宇-KY,232,61,171,統一,2024-11-13,5850
3042,晶技,176,7,169,統一,2024-11-13,5850
6282,康舒,357,189,168,統一,2024-11-13,5850
1471,首利,166,0,166,統一,2024-11-13,5850
2520,冠德,209,51,158,統一,2024-11-13,5850
6278,台表科,154,2,152,統一,2024-11-13,5850
5443,均豪,222,71,151,統一,2024-11-13,5850
2368,金像電,159,10,149,統一,2024-11-13,5850
00665L,富邦�琤肭磪囓�2,233,91,142,統一,2024-11-13,5850
2851,中再保,132,1,131,統一,2024-11-13,5850
3693,營邦,139,10,129,統一,2024-11-13,5850
2354,鴻準,624,499,125,統一,2024-11-13,5850
2913,農林,124,0,124,統一,2024-11-13,5850
5009,榮剛,299,178,121,統一,2024-11-13,5850
00751B,元大AAA至A公司債,125,6,119,統一,2024-11-13,5850
6669,緯穎,123,6,117,統一,2024-11-13,5850
2323,中環,174,57,117,統一,2024-11-13,5850
2542,興富發,117,3,114,統一,2024-11-13,5850
00932,兆豐永續高息等權,106,0,106,統一,2024-11-13,5850
00853B,統一美債10年Aa-,551,447,104,統一,2024-11-13,5850
2451,創見,112,9,103,統一,2024-11-13,5850
00931B,統一美債20年,190,91,99,統一,2024-11-13,5850
4968,立積,125,29,96,統一,2024-11-13,5850
2888,新光金,14749,9975,4774,統一,2024-11-14,5850
00646,元大S＆P500,1200,7,1193,統一,2024-11-14,5850
2880,華南金,1118,47,1071,統一,2024-11-14,5850
00963,中信全球高股息,901,5,896,統一,2024-11-14,5850
1587,吉茂,821,41,780,統一,2024-11-14,5850
00940,元大台灣價值高息,544,3,541,統一,2024-11-14,5850
6405,悅城,552,30,522,統一,2024-11-14,5850
00964,中信亞太高股息,513,0,513,統一,2024-11-14,5850
3045,台灣大,554,71,483,統一,2024-11-14,5850
2103,台橡,400,0,400,統一,2024-11-14,5850
2618,長榮航,1242,859,383,統一,2024-11-14,5850
00937B,群益ESG投等債20,431,53,378,統一,2024-11-14,5850
00926,凱基全球菁英55,372,0,372,統一,2024-11-14,5850
2603,長榮,497,155,342,統一,2024-11-14,5850
2330,台積電,540,204,336,統一,2024-11-14,5850
3711,日月光投控,392,71,321,統一,2024-11-14,5850
9904,寶成,366,63,303,統一,2024-11-14,5850
6180,橘子,290,1,289,統一,2024-11-14,5850
4991,環宇-KY,338,54,284,統一,2024-11-14,5850
3090,日電貿,392,134,258,統一,2024-11-14,5850
00931B,統一美債20年,253,1,252,統一,2024-11-14,5850
5227,立凱-KY,213,2,211,統一,2024-11-14,5850
6640,均華,208,5,203,統一,2024-11-14,5850
00673R,期元大S＆P原油反1,395,209,186,統一,2024-11-14,5850
9933,中鼎,192,10,182,統一,2024-11-14,5850
6739,竹陞科技,177,4,173,統一,2024-11-14,5850
00954,中信日本半導體,379,232,147,統一,2024-11-14,5850
2323,中環,157,14,143,統一,2024-11-14,5850
2913,農林,140,0,140,統一,2024-11-14,5850
00882,中信中國高股息,241,110,131,統一,2024-11-14,5850
5443,均豪,172,41,131,統一,2024-11-14,5850
2610,華航,305,200,105,統一,2024-11-14,5850
6126,信音,105,5,100,統一,2024-11-14,5850
2543,皇昌,289,190,99,統一,2024-11-14,5850
020030,統一智慧電動車N,108,9,99,統一,2024-11-14,5850
00929,復華台灣科技優息,98,0,98,統一,2024-11-14,5850
1536,和大,101,3,98,統一,2024-11-14,5850
00948B,中信優息投資級債,100,9,91,統一,2024-11-14,5850
2705,六福,90,0,90,統一,2024-11-14,5850
0056,元大高股息,117,27,90,統一,2024-11-14,5850
8183,精星,96,9,87,統一,2024-11-14,5850
3044,健鼎,87,1,86,統一,2024-11-14,5850
5306,桂盟,73,0,73,統一,2024-11-14,5850
2489,瑞軒,74,2,72,統一,2024-11-14,5850
3324,雙鴻,223,152,71,統一,2024-11-14,5850
2345,智邦,111,44,67,統一,2024-11-14,5850
6669,緯穎,152,87,65,統一,2024-11-14,5850
2354,鴻準,903,841,62,統一,2024-11-14,5850
3376,新日興,105,43,62,統一,2024-11-14,5850
2106,建大,60,0,60,統一,2024-11-14,5850
2888,新光金,6229,1278,4951,統一,2024-11-15,5850
2312,金寶,6926,2797,4129,統一,2024-11-15,5850
00940,元大台灣價值高息,3472,0,3472,統一,2024-11-15,5850
9105,泰金寶-DR,2655,598,2057,統一,2024-11-15,5850
6182,合晶,1966,1,1965,統一,2024-11-15,5850
00632R,元大台灣50反1,921,5,916,統一,2024-11-15,5850
2354,鴻準,3433,2549,884,統一,2024-11-15,5850
2603,長榮,861,314,547,統一,2024-11-15,5850
00926,凱基全球菁英55,467,0,467,統一,2024-11-15,5850
3665,貿聯-KY,525,61,464,統一,2024-11-15,5850
2609,陽明,580,140,440,統一,2024-11-15,5850
4991,環宇-KY,435,26,409,統一,2024-11-15,5850
1802,台玻,352,0,352,統一,2024-11-15,5850
2882,國泰金,500,164,336,統一,2024-11-15,5850
4174,浩鼎,328,0,328,統一,2024-11-15,5850
00937B,群益ESG投等債20,343,26,317,統一,2024-11-15,5850
2414,精技,312,0,312,統一,2024-11-15,5850
6757,台灣虎航,406,108,298,統一,2024-11-15,5850
2891,中信金,789,526,263,統一,2024-11-15,5850
3481,群創,764,511,253,統一,2024-11-15,5850
00948B,中信優息投資級債,240,1,239,統一,2024-11-15,5850
1307,三芳,240,8,232,統一,2024-11-15,5850
00688L,國泰20年美債正2,227,2,225,統一,2024-11-15,5850
4551,智伸科,232,15,217,統一,2024-11-15,5850
1101,台泥,239,25,214,統一,2024-11-15,5850
1587,吉茂,296,103,193,統一,2024-11-15,5850
5243,乙盛-KY,187,20,167,統一,2024-11-15,5850
6807,峰源-KY,152,3,149,統一,2024-11-15,5850
6285,啟��,155,12,143,統一,2024-11-15,5850
6266,泰詠,140,0,140,統一,2024-11-15,5850
2357,華碩,162,31,131,統一,2024-11-15,5850
4974,亞泰,136,11,125,統一,2024-11-15,5850
5876,上海商銀,126,1,125,統一,2024-11-15,5850
6175,立敦,122,1,121,統一,2024-11-15,5850
9914,美利達,118,0,118,統一,2024-11-15,5850
6505,台塑化,120,3,117,統一,2024-11-15,5850
00853B,統一美債10年Aa-,316,200,116,統一,2024-11-15,5850
020033,統一�琤肮黕篾,116,2,114,統一,2024-11-15,5850
8929,富堡,140,35,105,統一,2024-11-15,5850
2409,友達,124,23,101,統一,2024-11-15,5850
00864B,中信美國公債0-1,100,0,100,統一,2024-11-15,5850
3019,亞光,93,1,92,統一,2024-11-15,5850
3484,崧騰,88,0,88,統一,2024-11-15,5850
6187,萬潤,124,39,85,統一,2024-11-15,5850
2345,智邦,90,5,85,統一,2024-11-15,5850
2929,淘帝-KY,179,95,84,統一,2024-11-15,5850
00931B,統一美債20年,83,0,83,統一,2024-11-15,5850
4566,時碩工業,95,14,81,統一,2024-11-15,5850
2034,允強,78,0,78,統一,2024-11-15,5850
2615,萬海,160,85,75,統一,2024-11-15,5850
3481,群創,2249,265,1984,統一,2024-11-18,5850
00940,元大台灣價值高息,1638,48,1590,統一,2024-11-18,5850
8104,錸寶,664,55,609,統一,2024-11-18,5850
3032,偉訓,634,31,603,統一,2024-11-18,5850
2504,國產,605,11,594,統一,2024-11-18,5850
00939,統一台灣高息動能,896,341,555,統一,2024-11-18,5850
00637L,元大滬深300正2,981,458,523,統一,2024-11-18,5850
3323,加百裕,502,3,499,統一,2024-11-18,5850
2027,大成鋼,505,17,488,統一,2024-11-18,5850
00688L,國泰20年美債正2,606,144,462,統一,2024-11-18,5850
00680L,元大美債20正2,422,0,422,統一,2024-11-18,5850
2867,三商壽,350,0,350,統一,2024-11-18,5850
2354,鴻準,2202,1886,316,統一,2024-11-18,5850
3511,矽瑪,316,11,305,統一,2024-11-18,5850
2607,榮運,248,0,248,統一,2024-11-18,5850
3264,欣銓,239,1,238,統一,2024-11-18,5850
4931,新盛力,268,43,225,統一,2024-11-18,5850
4577,達航科技,228,31,197,統一,2024-11-18,5850
4915,致伸,194,3,191,統一,2024-11-18,5850
3704,合勤控,185,18,167,統一,2024-11-18,5850
2431,聯昌,182,21,161,統一,2024-11-18,5850
1471,首利,160,0,160,統一,2024-11-18,5850
5871,中租-KY,176,21,155,統一,2024-11-18,5850
00632R,元大台灣50反1,1930,1778,152,統一,2024-11-18,5850
2883B,凱基金乙特,150,0,150,統一,2024-11-18,5850
2890,永豐金,160,15,145,統一,2024-11-18,5850
00724B,群益投資級金融債,267,125,142,統一,2024-11-18,5850
4991,環宇-KY,285,154,131,統一,2024-11-18,5850
2385,群光,136,6,130,統一,2024-11-18,5850
3521,鴻翊,131,1,130,統一,2024-11-18,5850
2609,陽明,255,144,111,統一,2024-11-18,5850
00665L,富邦�琤肭磪囓�2,207,96,111,統一,2024-11-18,5850
3447,展達,363,252,111,統一,2024-11-18,5850
5876,上海商銀,104,2,102,統一,2024-11-18,5850
3363,上詮,116,16,100,統一,2024-11-18,5850
2349,錸德,745,646,99,統一,2024-11-18,5850
6768,志強-KY,138,41,97,統一,2024-11-18,5850
2324,仁寶,768,675,93,統一,2024-11-18,5850
5309,系統電,173,84,89,統一,2024-11-18,5850
1587,吉茂,103,20,83,統一,2024-11-18,5850
2603,長榮,244,166,78,統一,2024-11-18,5850
2362,藍天,76,0,76,統一,2024-11-18,5850
6414,樺漢,82,7,75,統一,2024-11-18,5850
00937B,群益ESG投等債20,73,0,73,統一,2024-11-18,5850
5465,富驊,76,4,72,統一,2024-11-18,5850
1215,卜蜂,70,0,70,統一,2024-11-18,5850
5443,均豪,77,8,69,統一,2024-11-18,5850
00881,國泰台灣5G+,69,2,67,統一,2024-11-18,5850
8929,富堡,174,112,62,統一,2024-11-18,5850
2705,六福,62,0,62,統一,2024-11-18,5850
4729,熒茂,2510,7,2503,統一,2024-11-19,5850
3706,神達,1883,779,1104,統一,2024-11-19,5850
8032,光菱,1010,9,1001,統一,2024-11-19,5850
2882,國泰金,972,46,926,統一,2024-11-19,5850
6558,興能高,839,38,801,統一,2024-11-19,5850
9105,泰金寶-DR,1556,788,768,統一,2024-11-19,5850
00680L,元大美債20正2,786,89,697,統一,2024-11-19,5850
00931B,統一美債20年,940,268,672,統一,2024-11-19,5850
2888,新光金,711,115,596,統一,2024-11-19,5850
00940,元大台灣價值高息,482,10,472,統一,2024-11-19,5850
3511,矽瑪,1035,580,455,統一,2024-11-19,5850
2891,中信金,482,40,442,統一,2024-11-19,5850
00753L,中信中國50正2,421,3,418,統一,2024-11-19,5850
5243,乙盛-KY,550,149,401,統一,2024-11-19,5850
2332,友訊,408,25,383,統一,2024-11-19,5850
2449,京元電子,407,47,360,統一,2024-11-19,5850
1569,濱川,329,14,315,統一,2024-11-19,5850
2027,大成鋼,286,8,278,統一,2024-11-19,5850
1210,大成,257,0,257,統一,2024-11-19,5850
3231,緯創,362,114,248,統一,2024-11-19,5850
8054,安國,217,1,216,統一,2024-11-19,5850
3081,聯亞,337,131,206,統一,2024-11-19,5850
3704,合勤控,227,33,194,統一,2024-11-19,5850
00706L,期元大S＆P日圓正2,185,0,185,統一,2024-11-19,5850
2317,鴻海,324,145,179,統一,2024-11-19,5850
5871,中租-KY,213,36,177,統一,2024-11-19,5850
3450,聯鈞,336,175,161,統一,2024-11-19,5850
3625,西勝,165,7,158,統一,2024-11-19,5850
1815,富喬,167,14,153,統一,2024-11-19,5850
5426,振發,245,99,146,統一,2024-11-19,5850
2354,鴻準,2200,2077,123,統一,2024-11-19,5850
8996,高力,144,29,115,統一,2024-11-19,5850
3324,雙鴻,196,83,113,統一,2024-11-19,5850
2303,聯電,181,68,113,統一,2024-11-19,5850
4931,新盛力,212,105,107,統一,2024-11-19,5850
1229,聯華,107,2,105,統一,2024-11-19,5850
2465,麗臺,105,2,103,統一,2024-11-19,5850
1504,東元,110,9,101,統一,2024-11-19,5850
2885,元大金,228,128,100,統一,2024-11-19,5850
8937,合騏,100,0,100,統一,2024-11-19,5850
00864B,中信美國公債0-1,100,0,100,統一,2024-11-19,5850
2413,環科,105,6,99,統一,2024-11-19,5850
4766,南寶,102,8,94,統一,2024-11-19,5850
5876,上海商銀,98,8,90,統一,2024-11-19,5850
4123,晟德,81,0,81,統一,2024-11-19,5850
6781,AES-KY,93,13,80,統一,2024-11-19,5850
2634,漢翔,79,0,79,統一,2024-11-19,5850
00937B,群益ESG投等債20,79,3,76,統一,2024-11-19,5850
2883,凱基金,111,36,75,統一,2024-11-19,5850
2615,萬海,190,116,74,統一,2024-11-19,5850
2888,新光金,17882,3189,14693,統一,2024-11-20,5850
00940,元大台灣價值高息,4412,2397,2015,統一,2024-11-20,5850
00939,統一台灣高息動能,1653,452,1201,統一,2024-11-20,5850
00715L,期街口布蘭特正2,893,10,883,統一,2024-11-20,5850
2303,聯電,950,200,750,統一,2024-11-20,5850
9105,泰金寶-DR,1541,833,708,統一,2024-11-20,5850
1815,富喬,981,292,689,統一,2024-11-20,5850
2413,環科,623,108,515,統一,2024-11-20,5850
2332,友訊,686,205,481,統一,2024-11-20,5850
3548,兆利,546,70,476,統一,2024-11-20,5850
9904,寶成,499,48,451,統一,2024-11-20,5850
2609,陽明,1857,1443,414,統一,2024-11-20,5850
2603,長榮,797,405,392,統一,2024-11-20,5850
2349,錸德,1463,1144,319,統一,2024-11-20,5850
2204,中華,348,46,302,統一,2024-11-20,5850
00937B,群益ESG投等債20,295,0,295,統一,2024-11-20,5850
3042,晶技,269,0,269,統一,2024-11-20,5850
1569,濱川,618,360,258,統一,2024-11-20,5850
1402,遠東新,823,579,244,統一,2024-11-20,5850
4938,和碩,250,6,244,統一,2024-11-20,5850
00688L,國泰20年美債正2,406,195,211,統一,2024-11-20,5850
6257,矽格,224,14,210,統一,2024-11-20,5850
0050,元大台灣50,220,11,209,統一,2024-11-20,5850
2886,兆豐金,230,30,200,統一,2024-11-20,5850
9945,潤泰新,198,3,195,統一,2024-11-20,5850
3706,神達,1755,1565,190,統一,2024-11-20,5850
3702,大聯大,171,0,171,統一,2024-11-20,5850
2449,京元電子,369,208,161,統一,2024-11-20,5850
3015,全漢,213,53,160,統一,2024-11-20,5850
00662,富邦NASDAQ,154,0,154,統一,2024-11-20,5850
00881,國泰台灣5G+,151,0,151,統一,2024-11-20,5850
2027,大成鋼,274,123,151,統一,2024-11-20,5850
2444,兆勁,154,6,148,統一,2024-11-20,5850
3324,雙鴻,268,121,147,統一,2024-11-20,5850
2382,廣達,234,90,144,統一,2024-11-20,5850
6285,啟��,145,18,127,統一,2024-11-20,5850
3032,偉訓,166,51,115,統一,2024-11-20,5850
2615,萬海,565,453,112,統一,2024-11-20,5850
2371,大同,118,13,105,統一,2024-11-20,5850
6805,富世達,109,4,105,統一,2024-11-20,5850
00911,兆豐洲際半導體,258,154,104,統一,2024-11-20,5850
3264,欣銓,102,0,102,統一,2024-11-20,5850
4915,致伸,90,2,88,統一,2024-11-20,5850
4991,環宇-KY,173,85,88,統一,2024-11-20,5850
1504,東元,95,7,88,統一,2024-11-20,5850
00954,中信日本半導體,237,153,84,統一,2024-11-20,5850
2467,志聖,117,34,83,統一,2024-11-20,5850
3021,鴻名,79,0,79,統一,2024-11-20,5850
4958,臻鼎-KY,81,7,74,統一,2024-11-20,5850
00935,野村臺灣新科技50,70,0,70,統一,2024-11-20,5850
9105,泰金寶-DR,4692,225,4467,統一,2024-11-21,5850
1802,台玻,6266,4614,1652,統一,2024-11-21,5850
1815,富喬,1330,240,1090,統一,2024-11-21,5850
3706,神達,2179,1274,905,統一,2024-11-21,5850
5309,系統電,1112,311,801,統一,2024-11-21,5850
00940,元大台灣價值高息,1462,736,726,統一,2024-11-21,5850
00926,凱基全球菁英55,709,0,709,統一,2024-11-21,5850
3323,加百裕,667,2,665,統一,2024-11-21,5850
00632R,元大台灣50反1,830,209,621,統一,2024-11-21,5850
3211,順達,641,125,516,統一,2024-11-21,5850
2891,中信金,767,269,498,統一,2024-11-21,5850
3481,群創,587,97,490,統一,2024-11-21,5850
2888,新光金,502,13,489,統一,2024-11-21,5850
6558,興能高,500,56,444,統一,2024-11-21,5850
2883,凱基金,562,159,403,統一,2024-11-21,5850
2886,兆豐金,422,92,330,統一,2024-11-21,5850
6282,康舒,403,115,288,統一,2024-11-21,5850
0050,元大台灣50,261,5,256,統一,2024-11-21,5850
2455,全新,273,32,241,統一,2024-11-21,5850
2539,櫻花建,237,1,236,統一,2024-11-21,5850
2312,金寶,720,503,217,統一,2024-11-21,5850
2332,友訊,313,97,216,統一,2024-11-21,5850
4979,華星光,236,32,204,統一,2024-11-21,5850
2330,台積電,576,373,203,統一,2024-11-21,5850
00950B,凱基A級公司債,206,6,200,統一,2024-11-21,5850
2356,英業達,253,61,192,統一,2024-11-21,5850
4960,誠美材,180,5,175,統一,2024-11-21,5850
3032,偉訓,401,227,174,統一,2024-11-21,5850
3037,欣興,228,54,174,統一,2024-11-21,5850
6143,振曜,202,29,173,統一,2024-11-21,5850
9904,寶成,199,31,168,統一,2024-11-21,5850
2383,台光電,293,143,150,統一,2024-11-21,5850
5871,中租-KY,183,34,149,統一,2024-11-21,5850
2382,廣達,177,29,148,統一,2024-11-21,5850
2881,富邦金,128,8,120,統一,2024-11-21,5850
2867,三商壽,120,0,120,統一,2024-11-21,5850
00939,統一台灣高息動能,279,159,120,統一,2024-11-21,5850
4977,眾達-KY,256,138,118,統一,2024-11-21,5850
2367,燿華,118,2,116,統一,2024-11-21,5850
9939,宏全,120,5,115,統一,2024-11-21,5850
3689,湧德,114,5,109,統一,2024-11-21,5850
00671R,富邦NASDAQ反1,102,0,102,統一,2024-11-21,5850
00917,中信特選金融,106,12,94,統一,2024-11-21,5850
020031,統一IC設計臺灣N,91,0,91,統一,2024-11-21,5850
2915,潤泰全,100,12,88,統一,2024-11-21,5850
00915,凱基優選高股息30,79,0,79,統一,2024-11-21,5850
2545,皇翔,104,26,78,統一,2024-11-21,5850
2409,友達,96,20,76,統一,2024-11-21,5850
2442,新美齊,83,8,75,統一,2024-11-21,5850
6862,三集瑞-KY,72,0,72,統一,2024-11-21,5850
2888,新光金,8917,1421,7496,統一,2024-11-22,5850
1815,富喬,9126,2499,6627,統一,2024-11-22,5850
2312,金寶,5298,1066,4232,統一,2024-11-22,5850
00715L,期街口布蘭特正2,1116,20,1096,統一,2024-11-22,5850
2886,兆豐金,1006,1,1005,統一,2024-11-22,5850
00943,兆豐電子高息等權,976,0,976,統一,2024-11-22,5850
2371,大同,1962,1112,850,統一,2024-11-22,5850
2867,三商壽,678,2,676,統一,2024-11-22,5850
6546,正基,677,73,604,統一,2024-11-22,5850
3712,永崴投控,626,97,529,統一,2024-11-22,5850
2455,全新,464,70,394,統一,2024-11-22,5850
4979,華星光,482,92,390,統一,2024-11-22,5850
2368,金像電,361,8,353,統一,2024-11-22,5850
2349,錸德,1454,1108,346,統一,2024-11-22,5850
3548,兆利,380,51,329,統一,2024-11-22,5850
2610,華航,399,112,287,統一,2024-11-22,5850
2233,宇隆,311,31,280,統一,2024-11-22,5850
2609,陽明,554,280,274,統一,2024-11-22,5850
00926,凱基全球菁英55,271,0,271,統一,2024-11-22,5850
00706L,期元大S＆P日圓正2,234,0,234,統一,2024-11-22,5850
00680L,元大美債20正2,195,10,185,統一,2024-11-22,5850
3376,新日興,218,47,171,統一,2024-11-22,5850
3078,僑威,157,0,157,統一,2024-11-22,5850
00948B,中信優息投資級債,155,0,155,統一,2024-11-22,5850
3231,緯創,402,248,154,統一,2024-11-22,5850
00688L,國泰20年美債正2,152,0,152,統一,2024-11-22,5850
1466,聚隆,161,10,151,統一,2024-11-22,5850
2313,華通,173,24,149,統一,2024-11-22,5850
2301,光寶科,145,18,127,統一,2024-11-22,5850
9938,百和,154,27,127,統一,2024-11-22,5850
2449,京元電子,188,69,119,統一,2024-11-22,5850
00669R,國泰美國道瓊反1,100,0,100,統一,2024-11-22,5850
9105,泰金寶-DR,5354,5256,98,統一,2024-11-22,5850
00637L,元大滬深300正2,222,127,95,統一,2024-11-22,5850
1809,中釉,107,13,94,統一,2024-11-22,5850
5880,合庫金,91,0,91,統一,2024-11-22,5850
3481,群創,426,339,87,統一,2024-11-22,5850
3522,御嵿,84,0,84,統一,2024-11-22,5850
3558,神準,104,20,84,統一,2024-11-22,5850
8358,金居,80,2,78,統一,2024-11-22,5850
00712,復華富時不動產,146,68,78,統一,2024-11-22,5850
6271,同欣電,76,0,76,統一,2024-11-22,5850
2327,國巨,79,3,76,統一,2024-11-22,5850
2392,正崴,95,20,75,統一,2024-11-22,5850
2345,智邦,110,35,75,統一,2024-11-22,5850
3114,好德,71,1,70,統一,2024-11-22,5850
2891,中信金,288,219,69,統一,2024-11-22,5850
3515,華擎,69,1,68,統一,2024-11-22,5850
2458,義隆,75,8,67,統一,2024-11-22,5850
3533,嘉澤,76,13,63,統一,2024-11-22,5850
8044,網家,2116,43,2073,統一,2024-11-25,5850
3231,緯創,2052,364,1688,統一,2024-11-25,5850
2498,宏達電,1446,55,1391,統一,2024-11-25,5850
00715L,期街口布蘭特正2,934,19,915,統一,2024-11-25,5850
2371,大同,1739,884,855,統一,2024-11-25,5850
020033,統一�琤肮黕篾,779,90,689,統一,2024-11-25,5850
2392,正崴,3377,2764,613,統一,2024-11-25,5850
3323,加百裕,704,99,605,統一,2024-11-25,5850
00940,元大台灣價值高息,506,1,505,統一,2024-11-25,5850
5309,系統電,565,101,464,統一,2024-11-25,5850
2382,廣達,520,58,462,統一,2024-11-25,5850
6558,興能高,456,11,445,統一,2024-11-25,5850
1402,遠東新,485,52,433,統一,2024-11-25,5850
00926,凱基全球菁英55,431,0,431,統一,2024-11-25,5850
2368,金像電,433,9,424,統一,2024-11-25,5850
8099,大世科,408,0,408,統一,2024-11-25,5850
1721,三晃,400,0,400,統一,2024-11-25,5850
00941,中信上游半導體,301,0,301,統一,2024-11-25,5850
5452,佶優,304,11,293,統一,2024-11-25,5850
2354,鴻準,490,237,253,統一,2024-11-25,5850
2888,新光金,874,631,243,統一,2024-11-25,5850
3558,神準,328,108,220,統一,2024-11-25,5850
8096,擎亞,220,3,217,統一,2024-11-25,5850
3515,華擎,222,6,216,統一,2024-11-25,5850
3450,聯鈞,268,54,214,統一,2024-11-25,5850
2486,一詮,287,98,189,統一,2024-11-25,5850
5465,富驊,517,334,183,統一,2024-11-25,5850
3081,聯亞,211,33,178,統一,2024-11-25,5850
8028,昇陽半導體,325,155,170,統一,2024-11-25,5850
00673R,期元大S＆P原油反1,173,3,170,統一,2024-11-25,5850
00669R,國泰美國道瓊反1,150,0,150,統一,2024-11-25,5850
1432,大魯閣,140,1,139,統一,2024-11-25,5850
3211,順達,259,120,139,統一,2024-11-25,5850
2345,智邦,177,49,128,統一,2024-11-25,5850
0050,元大台灣50,125,0,125,統一,2024-11-25,5850
2883,凱基金,234,110,124,統一,2024-11-25,5850
2332,友訊,159,42,117,統一,2024-11-25,5850
00887,永豐中國科技50大,114,0,114,統一,2024-11-25,5850
3617,碩天,130,27,103,統一,2024-11-25,5850
2881,富邦金,125,39,86,統一,2024-11-25,5850
3003,健和興,89,5,84,統一,2024-11-25,5850
2376,技嘉,96,13,83,統一,2024-11-25,5850
3029,零壹,98,16,82,統一,2024-11-25,5850
6104,創惟,79,2,77,統一,2024-11-25,5850
2455,全新,115,39,76,統一,2024-11-25,5850
2324,仁寶,194,120,74,統一,2024-11-25,5850
2426,鼎元,94,22,72,統一,2024-11-25,5850
3380,明泰,72,4,68,統一,2024-11-25,5850
6919,康霈*,65,2,63,統一,2024-11-25,5850
9945,潤泰新,84,22,62,統一,2024-11-25,5850
00680L,元大美債20正2,8215,579,7636,統一,2024-11-26,5850
00940,元大台灣價值高息,2686,169,2517,統一,2024-11-26,5850
1815,富喬,3040,1010,2030,統一,2024-11-26,5850
00688L,國泰20年美債正2,2149,256,1893,統一,2024-11-26,5850
00965,元大航太防衛科技,1403,200,1203,統一,2024-11-26,5850
2890,永豐金,1023,22,1001,統一,2024-11-26,5850
3548,兆利,728,77,651,統一,2024-11-26,5850
4510,高鋒,595,25,570,統一,2024-11-26,5850
1536,和大,681,143,538,統一,2024-11-26,5850
1802,台玻,564,47,517,統一,2024-11-26,5850
00926,凱基全球菁英55,460,0,460,統一,2024-11-26,5850
4562,穎漢,463,85,378,統一,2024-11-26,5850
1402,遠東新,396,39,357,統一,2024-11-26,5850
2070,精湛,251,1,250,統一,2024-11-26,5850
6104,創惟,324,94,230,統一,2024-11-26,5850
2027,大成鋼,246,23,223,統一,2024-11-26,5850
00950B,凱基A級公司債,210,2,208,統一,2024-11-26,5850
020033,統一�琤肮黕篾,216,10,206,統一,2024-11-26,5850
2887,台新金,209,9,200,統一,2024-11-26,5850
8033,雷虎,253,88,165,統一,2024-11-26,5850
4915,致伸,155,6,149,統一,2024-11-26,5850
00931B,統一美債20年,300,155,145,統一,2024-11-26,5850
8163,達方,158,23,135,統一,2024-11-26,5850
3033,威健,126,0,126,統一,2024-11-26,5850
00714,群益道瓊美國地產,276,153,123,統一,2024-11-26,5850
2603,長榮,179,70,109,統一,2024-11-26,5850
5371,中光電,201,96,105,統一,2024-11-26,5850
2891,中信金,386,282,104,統一,2024-11-26,5850
00665L,富邦�琤肭磪囓�2,299,201,98,統一,2024-11-26,5850
5309,系統電,800,711,89,統一,2024-11-26,5850
4966,譜瑞-KY,88,2,86,統一,2024-11-26,5850
3230,錦明,104,24,80,統一,2024-11-26,5850
6829,千附精密,82,6,76,統一,2024-11-26,5850
00637L,元大滬深300正2,142,67,75,統一,2024-11-26,5850
1449,佳和,103,35,68,統一,2024-11-26,5850
6174,安��,63,0,63,統一,2024-11-26,5850
2345,智邦,79,18,61,統一,2024-11-26,5850
3037,欣興,79,19,60,統一,2024-11-26,5850
6121,新普,57,0,57,統一,2024-11-26,5850
5876,上海商銀,133,77,56,統一,2024-11-26,5850
4979,華星光,514,459,55,統一,2024-11-26,5850
3032,偉訓,67,13,54,統一,2024-11-26,5850
6223,旺矽,67,15,52,統一,2024-11-26,5850
6706,惠特,55,3,52,統一,2024-11-26,5850
6901,鑽石投資,70,19,51,統一,2024-11-26,5850
00944,野村趨勢動能高息,302,252,50,統一,2024-11-26,5850
00669R,國泰美國道瓊反1,50,0,50,統一,2024-11-26,5850
9911,櫻花,50,0,50,統一,2024-11-26,5850
6282,康舒,63,15,48,統一,2024-11-26,5850
1522,堤維西,51,4,47,統一,2024-11-26,5850
2312,金寶,1938,249,1689,統一,2024-11-27,5850
4510,高鋒,1724,457,1267,統一,2024-11-27,5850
00965,元大航太防衛科技,1200,5,1195,統一,2024-11-27,5850
2332,友訊,1532,349,1183,統一,2024-11-27,5850
00940,元大台灣價值高息,1795,927,868,統一,2024-11-27,5850
00939,統一台灣高息動能,734,152,582,統一,2024-11-27,5850
00950B,凱基A級公司債,523,0,523,統一,2024-11-27,5850
00665L,富邦�琤肭磪囓�2,511,0,511,統一,2024-11-27,5850
1319,東陽,576,78,498,統一,2024-11-27,5850
6127,九豪,528,40,488,統一,2024-11-27,5850
3043,科風,489,17,472,統一,2024-11-27,5850
4991,環宇-KY,1404,973,431,統一,2024-11-27,5850
00646,元大S＆P500,415,1,414,統一,2024-11-27,5850
2061,風青,400,0,400,統一,2024-11-27,5850
1721,三晃,393,0,393,統一,2024-11-27,5850
00926,凱基全球菁英55,332,0,332,統一,2024-11-27,5850
2606,裕民,361,52,309,統一,2024-11-27,5850
8240,華宏,306,7,299,統一,2024-11-27,5850
2027,大成鋼,506,214,292,統一,2024-11-27,5850
6005,群益證,280,0,280,統一,2024-11-27,5850
00688L,國泰20年美債正2,270,0,270,統一,2024-11-27,5850
3033,威健,199,2,197,統一,2024-11-27,5850
00753L,中信中國50正2,194,0,194,統一,2024-11-27,5850
8038,長園科,191,10,181,統一,2024-11-27,5850
00929,復華台灣科技優息,174,6,168,統一,2024-11-27,5850
0050,元大台灣50,168,3,165,統一,2024-11-27,5850
3450,聯鈞,382,217,165,統一,2024-11-27,5850
2610,華航,389,233,156,統一,2024-11-27,5850
2070,精湛,429,275,154,統一,2024-11-27,5850
4979,華星光,532,388,144,統一,2024-11-27,5850
4977,眾達-KY,475,341,134,統一,2024-11-27,5850
0056,元大高股息,140,22,118,統一,2024-11-27,5850
5443,均豪,124,13,111,統一,2024-11-27,5850
1326,台化,122,15,107,統一,2024-11-27,5850
9907,統一實,104,0,104,統一,2024-11-27,5850
2542,興富發,110,10,100,統一,2024-11-27,5850
2103,台橡,100,0,100,統一,2024-11-27,5850
3521,鴻翊,98,3,95,統一,2024-11-27,5850
6174,安��,102,15,87,統一,2024-11-27,5850
00757,統一FANG+,80,1,79,統一,2024-11-27,5850
6757,台灣虎航,94,19,75,統一,2024-11-27,5850
4968,立積,226,155,71,統一,2024-11-27,5850
9911,櫻花,71,1,70,統一,2024-11-27,5850
8183,精星,69,1,68,統一,2024-11-27,5850
5251,天鉞電,68,0,68,統一,2024-11-27,5850
2345,智邦,135,69,66,統一,2024-11-27,5850
9945,潤泰新,142,77,65,統一,2024-11-27,5850
00918,大華優利高填息30,64,0,64,統一,2024-11-27,5850
8069,元太,76,16,60,統一,2024-11-27,5850
2707,晶華,61,1,60,統一,2024-11-27,5850
1802,台玻,2128,196,1932,統一,2024-11-28,5850
1815,富喬,3159,1457,1702,統一,2024-11-28,5850
3033,威健,1004,73,931,統一,2024-11-28,5850
3231,緯創,856,62,794,統一,2024-11-28,5850
3591,艾笛森,642,31,611,統一,2024-11-28,5850
3105,穩懋,468,4,464,統一,2024-11-28,5850
4960,誠美材,450,0,450,統一,2024-11-28,5850
00632R,元大台灣50反1,503,144,359,統一,2024-11-28,5850
2886,兆豐金,267,2,265,統一,2024-11-28,5850
00926,凱基全球菁英55,254,0,254,統一,2024-11-28,5850
6005,群益證,250,1,249,統一,2024-11-28,5850
2103,台橡,230,0,230,統一,2024-11-28,5850
00680L,元大美債20正2,357,133,224,統一,2024-11-28,5850
00950B,凱基A級公司債,220,17,203,統一,2024-11-28,5850
00954,中信日本半導體,802,603,199,統一,2024-11-28,5850
3532,台勝科,183,1,182,統一,2024-11-28,5850
2885,元大金,201,23,178,統一,2024-11-28,5850
6176,瑞儀,215,39,176,統一,2024-11-28,5850
2615,萬海,164,27,137,統一,2024-11-28,5850
2882,國泰金,161,28,133,統一,2024-11-28,5850
5880,合庫金,141,10,131,統一,2024-11-28,5850
6278,台表科,130,0,130,統一,2024-11-28,5850
00637L,元大滬深300正2,158,30,128,統一,2024-11-28,5850
0056,元大高股息,142,15,127,統一,2024-11-28,5850
8085,福華,129,7,122,統一,2024-11-28,5850
2002,中鋼,120,2,118,統一,2024-11-28,5850
4931,新盛力,219,117,102,統一,2024-11-28,5850
5289,宜鼎,101,0,101,統一,2024-11-28,5850
2867,三商壽,102,2,100,統一,2024-11-28,5850
2061,風青,100,0,100,統一,2024-11-28,5850
00646,元大S＆P500,141,46,95,統一,2024-11-28,5850
2880,華南金,144,50,94,統一,2024-11-28,5850
2884,玉山金,95,5,90,統一,2024-11-28,5850
3625,西勝,94,11,83,統一,2024-11-28,5850
00924,復華S＆P500成長,79,0,79,統一,2024-11-28,5850
2705,六福,63,0,63,統一,2024-11-28,5850
00909,國泰數位支付服務,61,0,61,統一,2024-11-28,5850
1449,佳和,97,41,56,統一,2024-11-28,5850
8016,矽創,57,4,53,統一,2024-11-28,5850
00714,群益道瓊美國地產,53,0,53,統一,2024-11-28,5850
6757,台灣虎航,55,3,52,統一,2024-11-28,5850
2603,長榮,159,111,48,統一,2024-11-28,5850
6550,北極星藥業-KY,48,0,48,統一,2024-11-28,5850
3363,上詮,79,33,46,統一,2024-11-28,5850
2504,國產,145,99,46,統一,2024-11-28,5850
4971,IET-KY,88,44,44,統一,2024-11-28,5850
2444,兆勁,45,3,42,統一,2024-11-28,5850
6768,志強-KY,67,29,38,統一,2024-11-28,5850
2441,超豐,39,1,38,統一,2024-11-28,5850
6781,AES-KY,95,62,33,統一,2024-11-28,5850
3323,加百裕,1005,46,959,統一,2024-11-29,5850
00687B,國泰20年美債,970,31,939,統一,2024-11-29,5850
2618,長榮航,1361,466,895,統一,2024-11-29,5850
00679B,元大美債20年,881,96,785,統一,2024-11-29,5850
00637L,元大滬深300正2,885,146,739,統一,2024-11-29,5850
3548,兆利,621,24,597,統一,2024-11-29,5850
9904,寶成,561,4,557,統一,2024-11-29,5850
6757,台灣虎航,688,177,511,統一,2024-11-29,5850
4968,立積,709,203,506,統一,2024-11-29,5850
2886,兆豐金,501,0,501,統一,2024-11-29,5850
2312,金寶,1046,568,478,統一,2024-11-29,5850
6558,興能高,519,86,433,統一,2024-11-29,5850
00926,凱基全球菁英55,413,0,413,統一,2024-11-29,5850
00965,元大航太防衛科技,500,102,398,統一,2024-11-29,5850
2929,淘帝-KY,414,19,395,統一,2024-11-29,5850
2317,鴻海,492,124,368,統一,2024-11-29,5850
5244,弘凱,350,26,324,統一,2024-11-29,5850
2455,全新,376,66,310,統一,2024-11-29,5850
3033,威健,293,5,288,統一,2024-11-29,5850
4979,華星光,537,289,248,統一,2024-11-29,5850
2354,鴻準,323,78,245,統一,2024-11-29,5850
4961,天鈺,234,0,234,統一,2024-11-29,5850
00715L,期街口布蘭特正2,233,2,231,統一,2024-11-29,5850
2308,台達電,264,53,211,統一,2024-11-29,5850
3706,神達,1069,861,208,統一,2024-11-29,5850
00665L,富邦�琤肭磪囓�2,808,609,199,統一,2024-11-29,5850
6285,啟��,209,14,195,統一,2024-11-29,5850
5309,系統電,713,531,182,統一,2024-11-29,5850
2409,友達,214,34,180,統一,2024-11-29,5850
3665,貿聯-KY,180,17,163,統一,2024-11-29,5850
3202,樺晟,155,0,155,統一,2024-11-29,5850
00917,中信特選金融,252,98,154,統一,2024-11-29,5850
2103,台橡,150,0,150,統一,2024-11-29,5850
6781,AES-KY,167,19,148,統一,2024-11-29,5850
2454,聯發科,144,6,138,統一,2024-11-29,5850
6706,惠特,191,57,134,統一,2024-11-29,5850
6472,保瑞,149,20,129,統一,2024-11-29,5850
4960,誠美材,130,10,120,統一,2024-11-29,5850
6805,富世達,125,6,119,統一,2024-11-29,5850
4977,眾達-KY,123,5,118,統一,2024-11-29,5850
2382,廣達,111,2,109,統一,2024-11-29,5850
3037,欣興,115,9,106,統一,2024-11-29,5850
3078,僑威,107,3,104,統一,2024-11-29,5850
00632R,元大台灣50反1,103,0,103,統一,2024-11-29,5850
2345,智邦,129,27,102,統一,2024-11-29,5850
00753L,中信中國50正2,104,2,102,統一,2024-11-29,5850
2610,華航,217,116,101,統一,2024-11-29,5850
2867,三商壽,100,0,100,統一,2024-11-29,5850
00937B,群益ESG投等債20,140,40,100,統一,2024-11-29,5850
2449,京元電子,116,18,98,統一,2024-11-29,5850
0056,元大高股息,3009,11,2998,統一,2024-12-02,5850
2618,長榮航,3109,466,2643,統一,2024-12-02,5850
2891,中信金,2669,86,2583,統一,2024-12-02,5850
8112,至上,2023,64,1959,統一,2024-12-02,5850
00942B,台新美A公司債20+,1500,36,1464,統一,2024-12-02,5850
00713,元大台灣高息低波,1565,148,1417,統一,2024-12-02,5850
00881,國泰台灣5G+,1502,394,1108,統一,2024-12-02,5850
8150,南茂,850,2,848,統一,2024-12-02,5850
6488,環球晶,806,0,806,統一,2024-12-02,5850
6005,群益證,900,107,793,統一,2024-12-02,5850
5871,中租-KY,895,140,755,統一,2024-12-02,5850
4303,信立,800,100,700,統一,2024-12-02,5850
00679B,元大美債20年,862,180,682,統一,2024-12-02,5850
5439,高技,591,13,578,統一,2024-12-02,5850
9904,寶成,564,10,554,統一,2024-12-02,5850
3033,威健,542,13,529,統一,2024-12-02,5850
00965,元大航太防衛科技,500,0,500,統一,2024-12-02,5850
0050,元大台灣50,427,2,425,統一,2024-12-02,5850
00953B,群益優選非投等債,623,201,422,統一,2024-12-02,5850
1802,台玻,417,7,410,統一,2024-12-02,5850
3625,西勝,429,21,408,統一,2024-12-02,5850
5483,中美晶,415,7,408,統一,2024-12-02,5850
5371,中光電,483,101,382,統一,2024-12-02,5850
3040,遠見,368,17,351,統一,2024-12-02,5850
3211,順達,793,447,346,統一,2024-12-02,5850
4979,華星光,1332,987,345,統一,2024-12-02,5850
1319,東陽,348,61,287,統一,2024-12-02,5850
2103,台橡,280,0,280,統一,2024-12-02,5850
2609,陽明,1105,838,267,統一,2024-12-02,5850
2520,冠德,296,50,246,統一,2024-12-02,5850
3376,新日興,218,12,206,統一,2024-12-02,5850
6412,群電,205,0,205,統一,2024-12-02,5850
2383,台光電,291,87,204,統一,2024-12-02,5850
00673R,期元大S＆P原油反1,172,0,172,統一,2024-12-02,5850
2382,廣達,171,2,169,統一,2024-12-02,5850
3013,晟銘電,276,116,160,統一,2024-12-02,5850
4904,遠傳,171,16,155,統一,2024-12-02,5850
6443,元晶,154,0,154,統一,2024-12-02,5850
2345,智邦,328,177,151,統一,2024-12-02,5850
3653,健策,145,0,145,統一,2024-12-02,5850
4960,誠美材,140,0,140,統一,2024-12-02,5850
020031,統一IC設計臺灣N,139,0,139,統一,2024-12-02,5850
00687B,國泰20年美債,438,305,133,統一,2024-12-02,5850
6805,富世達,193,63,130,統一,2024-12-02,5850
00917,中信特選金融,204,75,129,統一,2024-12-02,5850
2913,農林,120,0,120,統一,2024-12-02,5850
4931,新盛力,297,180,117,統一,2024-12-02,5850
6546,正基,150,41,109,統一,2024-12-02,5850
6605,帝寶,108,0,108,統一,2024-12-02,5850
6176,瑞儀,164,60,104,統一,2024-12-02,5850
00940,元大台灣價值高息,6230,27,6203,統一,2024-12-03,5850
2618,長榮航,3541,1070,2471,統一,2024-12-03,5850
00934,中信成長高股息,2393,297,2096,統一,2024-12-03,5850
00637L,元大滬深300正2,2012,55,1957,統一,2024-12-03,5850
00939,統一台灣高息動能,1913,329,1584,統一,2024-12-03,5850
2610,華航,1691,594,1097,統一,2024-12-03,5850
00943,兆豐電子高息等權,1250,225,1025,統一,2024-12-03,5850
00757,統一FANG+,622,19,603,統一,2024-12-03,5850
2880,華南金,617,51,566,統一,2024-12-03,5850
00877,復華中國5G,500,0,500,統一,2024-12-03,5850
00830,國泰費城半導體,1034,534,500,統一,2024-12-03,5850
6757,台灣虎航,836,355,481,統一,2024-12-03,5850
4903,聯光通,427,1,426,統一,2024-12-03,5850
3706,神達,756,350,406,統一,2024-12-03,5850
3033,威健,417,53,364,統一,2024-12-03,5850
3017,奇鋐,448,133,315,統一,2024-12-03,5850
6546,正基,386,72,314,統一,2024-12-03,5850
00965,元大航太防衛科技,501,201,300,統一,2024-12-03,5850
6426,統新,254,9,245,統一,2024-12-03,5850
9938,百和,245,32,213,統一,2024-12-03,5850
2615,萬海,263,53,210,統一,2024-12-03,5850
4912,聯德控股-KY,220,11,209,統一,2024-12-03,5850
3234,光環,201,10,191,統一,2024-12-03,5850
3450,聯鈞,351,162,189,統一,2024-12-03,5850
00679B,元大美債20年,280,113,167,統一,2024-12-03,5850
00632R,元大台灣50反1,170,7,163,統一,2024-12-03,5850
2883,凱基金,345,185,160,統一,2024-12-03,5850
00773B,中信優先金融債,215,60,155,統一,2024-12-03,5850
6005,群益證,143,3,140,統一,2024-12-03,5850
3481,群創,156,17,139,統一,2024-12-03,5850
00953B,群益優選非投等債,147,12,135,統一,2024-12-03,5850
2474,可成,153,20,133,統一,2024-12-03,5850
3211,順達,513,386,127,統一,2024-12-03,5850
2367,燿華,136,9,127,統一,2024-12-03,5850
2345,智邦,233,108,125,統一,2024-12-03,5850
3032,偉訓,136,28,108,統一,2024-12-03,5850
2392,正崴,172,66,106,統一,2024-12-03,5850
2881,富邦金,139,35,104,統一,2024-12-03,5850
2347,聯強,191,87,104,統一,2024-12-03,5850
4534,慶騰,148,48,100,統一,2024-12-03,5850
3694,海華,123,23,100,統一,2024-12-03,5850
6415,矽力*-KY,105,5,100,統一,2024-12-03,5850
6805,富世達,145,48,97,統一,2024-12-03,5850
6732,昇佳電子,104,7,97,統一,2024-12-03,5850
4126,太醫,95,0,95,統一,2024-12-03,5850
00753L,中信中國50正2,113,21,92,統一,2024-12-03,5850
1815,富喬,452,361,91,統一,2024-12-03,5850
6187,萬潤,148,58,90,統一,2024-12-03,5850
00687B,國泰20年美債,115,26,89,統一,2024-12-03,5850
2385,群光,128,41,87,統一,2024-12-03,5850
00940,元大台灣價值高息,7303,55,7248,統一,2024-12-04,5850
2886,兆豐金,3537,0,3537,統一,2024-12-04,5850
00929,復華台灣科技優息,3302,567,2735,統一,2024-12-04,5850
00715L,期街口布蘭特正2,2975,375,2600,統一,2024-12-04,5850
1815,富喬,2971,595,2376,統一,2024-12-04,5850
5328,華容,1646,102,1544,統一,2024-12-04,5850
00939,統一台灣高息動能,1523,76,1447,統一,2024-12-04,5850
00679B,元大美債20年,1599,183,1416,統一,2024-12-04,5850
00943,兆豐電子高息等權,1130,0,1130,統一,2024-12-04,5850
9904,寶成,1104,10,1094,統一,2024-12-04,5850
3090,日電貿,1093,195,898,統一,2024-12-04,5850
4977,眾達-KY,1102,216,886,統一,2024-12-04,5850
6127,九豪,661,125,536,統一,2024-12-04,5850
4908,前鼎,1254,718,536,統一,2024-12-04,5850
00662,富邦NASDAQ,486,0,486,統一,2024-12-04,5850
6104,創惟,524,120,404,統一,2024-12-04,5850
3078,僑威,538,135,403,統一,2024-12-04,5850
00830,國泰費城半導體,736,358,378,統一,2024-12-04,5850
2371,大同,426,52,374,統一,2024-12-04,5850
3450,聯鈞,592,238,354,統一,2024-12-04,5850
006208,富邦台50,427,118,309,統一,2024-12-04,5850
5309,系統電,581,274,307,統一,2024-12-04,5850
00934,中信成長高股息,301,21,280,統一,2024-12-04,5850
00917,中信特選金融,576,305,271,統一,2024-12-04,5850
6588,東典光電,267,0,267,統一,2024-12-04,5850
3363,上詮,299,33,266,統一,2024-12-04,5850
3163,波若威,301,40,261,統一,2024-12-04,5850
2845,遠東銀,352,100,252,統一,2024-12-04,5850
00965,元大航太防衛科技,500,254,246,統一,2024-12-04,5850
5234,達興材料,237,8,229,統一,2024-12-04,5850
00655L,國泰中國A50正2,229,0,229,統一,2024-12-04,5850
00959B,大華投等美債15Y+,211,0,211,統一,2024-12-04,5850
2610,華航,1460,1260,200,統一,2024-12-04,5850
3548,兆利,278,88,190,統一,2024-12-04,5850
3211,順達,616,436,180,統一,2024-12-04,5850
3481,群創,201,25,176,統一,2024-12-04,5850
3376,新日興,260,86,174,統一,2024-12-04,5850
2609,陽明,324,153,171,統一,2024-12-04,5850
2472,立隆電,195,26,169,統一,2024-12-04,5850
6706,惠特,207,49,158,統一,2024-12-04,5850
00665L,富邦�琤肭磪囓�2,188,31,157,統一,2024-12-04,5850
3694,海華,178,27,151,統一,2024-12-04,5850
3033,威健,146,0,146,統一,2024-12-04,5850
3014,聯陽,141,0,141,統一,2024-12-04,5850
00753L,中信中國50正2,134,0,134,統一,2024-12-04,5850
00950B,凱基A級公司債,133,2,131,統一,2024-12-04,5850
020033,統一�琤肮黕篾,123,0,123,統一,2024-12-04,5850
2327,國巨,126,7,119,統一,2024-12-04,5850
00948B,中信優息投資級債,215,100,115,統一,2024-12-04,5850
8086,宏捷科,127,23,104,統一,2024-12-04,5850
00940,元大台灣價值高息,5020,72,4948,統一,2024-12-05,5850
2354,鴻準,3015,331,2684,統一,2024-12-05,5850
00939,統一台灣高息動能,3505,845,2660,統一,2024-12-05,5850
00965,元大航太防衛科技,3750,1750,2000,統一,2024-12-05,5850
1802,台玻,1134,7,1127,統一,2024-12-05,5850
6104,創惟,1193,471,722,統一,2024-12-05,5850
00934,中信成長高股息,654,35,619,統一,2024-12-05,5850
00943,兆豐電子高息等權,560,0,560,統一,2024-12-05,5850
3043,科風,608,84,524,統一,2024-12-05,5850
5457,宣德,522,6,516,統一,2024-12-05,5850
2472,立隆電,513,59,454,統一,2024-12-05,5850
6274,台燿,528,103,425,統一,2024-12-05,5850
1785,光洋科,382,17,365,統一,2024-12-05,5850
00953B,群益優選非投等債,341,5,336,統一,2024-12-05,5850
2427,三商電,340,6,334,統一,2024-12-05,5850
00937B,群益ESG投等債20,400,76,324,統一,2024-12-05,5850
00929,復華台灣科技優息,542,223,319,統一,2024-12-05,5850
3045,台灣大,453,155,298,統一,2024-12-05,5850
4960,誠美材,290,0,290,統一,2024-12-05,5850
2345,智邦,374,84,290,統一,2024-12-05,5850
4919,新唐,372,95,277,統一,2024-12-05,5850
6558,興能高,408,148,260,統一,2024-12-05,5850
00662,富邦NASDAQ,241,0,241,統一,2024-12-05,5850
2303,聯電,463,241,222,統一,2024-12-05,5850
2891,中信金,271,50,221,統一,2024-12-05,5850
3548,兆利,471,262,209,統一,2024-12-05,5850
2371,大同,243,58,185,統一,2024-12-05,5850
2103,台橡,171,0,171,統一,2024-12-05,5850
3289,宜特,189,21,168,統一,2024-12-05,5850
5009,榮剛,164,2,162,統一,2024-12-05,5850
2885,元大金,153,0,153,統一,2024-12-05,5850
6510,精測,162,10,152,統一,2024-12-05,5850
00753L,中信中國50正2,153,1,152,統一,2024-12-05,5850
00725B,國泰投資級公司債,150,0,150,統一,2024-12-05,5850
6805,富世達,149,7,142,統一,2024-12-05,5850
020031,統一IC設計臺灣N,166,27,139,統一,2024-12-05,5850
3689,湧德,206,74,132,統一,2024-12-05,5850
2486,一詮,181,53,128,統一,2024-12-05,5850
6895,宏碩系統,127,0,127,統一,2024-12-05,5850
3376,新日興,201,76,125,統一,2024-12-05,5850
3374,精材,154,36,118,統一,2024-12-05,5850
2367,燿華,172,55,117,統一,2024-12-05,5850
9105,泰金寶-DR,276,161,115,統一,2024-12-05,5850
2375,凱美,1876,1762,114,統一,2024-12-05,5850
1402,遠東新,128,15,113,統一,2024-12-05,5850
00720B,元大投資級公司債,200,90,110,統一,2024-12-05,5850
2603,長榮,138,28,110,統一,2024-12-05,5850
5269,祥碩,132,31,101,統一,2024-12-05,5850
00881,國泰台灣5G+,101,1,100,統一,2024-12-05,5850
020030,統一智慧電動車N,93,0,93,統一,2024-12-05,5850
00940,元大台灣價值高息,4766,26,4740,統一,2024-12-06,5850
00929,復華台灣科技優息,1073,187,886,統一,2024-12-06,5850
3029,零壹,1152,276,876,統一,2024-12-06,5850
2308,台達電,648,12,636,統一,2024-12-06,5850
00665L,富邦�琤肭磪囓�2,628,119,509,統一,2024-12-06,5850
00939,統一台灣高息動能,945,449,496,統一,2024-12-06,5850
2399,映泰,556,62,494,統一,2024-12-06,5850
6937,天虹,521,37,484,統一,2024-12-06,5850
3694,海華,677,209,468,統一,2024-12-06,5850
2542,興富發,511,67,444,統一,2024-12-06,5850
00953B,群益優選非投等債,669,226,443,統一,2024-12-06,5850
1785,光洋科,558,129,429,統一,2024-12-06,5850
3078,僑威,452,51,401,統一,2024-12-06,5850
4953,緯軟,469,78,391,統一,2024-12-06,5850
6214,精誠,461,83,378,統一,2024-12-06,5850
2453,凌群,441,88,353,統一,2024-12-06,5850
00655L,國泰中國A50正2,336,0,336,統一,2024-12-06,5850
00637L,元大滬深300正2,401,73,328,統一,2024-12-06,5850
2436,偉詮電,330,22,308,統一,2024-12-06,5850
3706,神達,1086,794,292,統一,2024-12-06,5850
00934,中信成長高股息,312,30,282,統一,2024-12-06,5850
6112,邁達特,292,34,258,統一,2024-12-06,5850
2527,宏璟,307,51,256,統一,2024-12-06,5850
00673R,期元大S＆P原油反1,255,0,255,統一,2024-12-06,5850
2915,潤泰全,240,0,240,統一,2024-12-06,5850
9904,寶成,221,0,221,統一,2024-12-06,5850
3017,奇鋐,233,23,210,統一,2024-12-06,5850
5871,中租-KY,203,0,203,統一,2024-12-06,5850
2618,長榮航,257,65,192,統一,2024-12-06,5850
3231,緯創,592,402,190,統一,2024-12-06,5850
5284,jpp-KY,190,5,185,統一,2024-12-06,5850
2543,皇昌,247,62,185,統一,2024-12-06,5850
6877,鏵友益,168,3,165,統一,2024-12-06,5850
2368,金像電,156,15,141,統一,2024-12-06,5850
4960,誠美材,140,0,140,統一,2024-12-06,5850
2472,立隆電,144,9,135,統一,2024-12-06,5850
2379,瑞昱,136,4,132,統一,2024-12-06,5850
00900,富邦特選高股息30,120,0,120,統一,2024-12-06,5850
6163,華電網,120,1,119,統一,2024-12-06,5850
3013,晟銘電,131,14,117,統一,2024-12-06,5850
6689,伊雲谷,120,7,113,統一,2024-12-06,5850
3374,精材,123,14,109,統一,2024-12-06,5850
00795B,中信美國公債20年,107,0,107,統一,2024-12-06,5850
00662,富邦NASDAQ,104,0,104,統一,2024-12-06,5850
00633L,富邦上証正2,121,18,103,統一,2024-12-06,5850
2480,敦陽科,116,14,102,統一,2024-12-06,5850
2516,新建,102,0,102,統一,2024-12-06,5850
6278,台表科,101,1,100,統一,2024-12-06,5850
4303,信立,122,24,98,統一,2024-12-06,5850
8069,元太,190,99,91,統一,2024-12-06,5850
2888,新光金,13849,8017,5832,統一,2024-12-09,5850
00940,元大台灣價值高息,2813,58,2755,統一,2024-12-09,5850
2610,華航,2766,249,2517,統一,2024-12-09,5850
2609,陽明,3451,1299,2152,統一,2024-12-09,5850
00943,兆豐電子高息等權,1465,0,1465,統一,2024-12-09,5850
00939,統一台灣高息動能,1382,37,1345,統一,2024-12-09,5850
1449,佳和,1418,120,1298,統一,2024-12-09,5850
00934,中信成長高股息,740,3,737,統一,2024-12-09,5850
006205,富邦上証,722,0,722,統一,2024-12-09,5850
00967B,元大優息美債,1039,370,669,統一,2024-12-09,5850
2618,長榮航,895,251,644,統一,2024-12-09,5850
00752,中信中國50,643,0,643,統一,2024-12-09,5850
3694,海華,777,148,629,統一,2024-12-09,5850
2603,長榮,506,120,386,統一,2024-12-09,5850
3017,奇鋐,471,97,374,統一,2024-12-09,5850
2368,金像電,372,34,338,統一,2024-12-09,5850
2637,慧洋-KY,317,8,309,統一,2024-12-09,5850
2606,裕民,307,1,306,統一,2024-12-09,5850
6214,精誠,439,165,274,統一,2024-12-09,5850
3032,偉訓,283,29,254,統一,2024-12-09,5850
5347,世界,240,0,240,統一,2024-12-09,5850
00929,復華台灣科技優息,1009,776,233,統一,2024-12-09,5850
6143,振曜,319,90,229,統一,2024-12-09,5850
4960,誠美材,220,0,220,統一,2024-12-09,5850
2103,台橡,219,0,219,統一,2024-12-09,5850
2867,三商壽,218,0,218,統一,2024-12-09,5850
5202,力新,209,2,207,統一,2024-12-09,5850
00954,中信日本半導體,263,59,204,統一,2024-12-09,5850
8111,立��,323,121,202,統一,2024-12-09,5850
1216,統一,202,4,198,統一,2024-12-09,5850
2453,凌群,204,11,193,統一,2024-12-09,5850
00688L,國泰20年美債正2,200,8,192,統一,2024-12-09,5850
3625,西勝,230,44,186,統一,2024-12-09,5850
4991,環宇-KY,375,194,181,統一,2024-12-09,5850
5439,高技,291,118,173,統一,2024-12-09,5850
2308,台達電,175,33,142,統一,2024-12-09,5850
00662,富邦NASDAQ,141,0,141,統一,2024-12-09,5850
5443,均豪,141,6,135,統一,2024-12-09,5850
8096,擎亞,180,47,133,統一,2024-12-09,5850
3211,順達,457,333,124,統一,2024-12-09,5850
8054,安國,143,19,124,統一,2024-12-09,5850
2542,興富發,131,9,122,統一,2024-12-09,5850
6669,緯穎,158,45,113,統一,2024-12-09,5850
2313,華通,119,10,109,統一,2024-12-09,5850
2034,允強,107,1,106,統一,2024-12-09,5850
00795B,中信美國公債20年,106,0,106,統一,2024-12-09,5850
6689,伊雲谷,156,55,101,統一,2024-12-09,5850
2615,萬海,210,110,100,統一,2024-12-09,5850
00952,凱基台灣AI50,100,0,100,統一,2024-12-09,5850
2427,三商電,101,3,98,統一,2024-12-09,5850
00940,元大台灣價值高息,2927,17,2910,統一,2024-12-10,5850
00939,統一台灣高息動能,1556,58,1498,統一,2024-12-10,5850
00943,兆豐電子高息等權,1153,0,1153,統一,2024-12-10,5850
2313,華通,899,130,769,統一,2024-12-10,5850
006205,富邦上証,750,0,750,統一,2024-12-10,5850
00636,國泰中國A50,1035,289,746,統一,2024-12-10,5850
2367,燿華,684,11,673,統一,2024-12-10,5850
00929,復華台灣科技優息,706,76,630,統一,2024-12-10,5850
0061,元大寶滬深,597,0,597,統一,2024-12-10,5850
1815,富喬,810,392,418,統一,2024-12-10,5850
00688L,國泰20年美債正2,400,28,372,統一,2024-12-10,5850
00934,中信成長高股息,220,2,218,統一,2024-12-10,5850
3625,西勝,232,51,181,統一,2024-12-10,5850
5439,高技,223,52,171,統一,2024-12-10,5850
6214,精誠,283,115,168,統一,2024-12-10,5850
4931,新盛力,281,114,167,統一,2024-12-10,5850
4991,環宇-KY,551,388,163,統一,2024-12-10,5850
020031,統一IC設計臺灣N,148,4,144,統一,2024-12-10,5850
6426,統新,146,5,141,統一,2024-12-10,5850
00715L,期街口布蘭特正2,141,3,138,統一,2024-12-10,5850
5443,均豪,157,25,132,統一,2024-12-10,5850
2889,國票金,663,531,132,統一,2024-12-10,5850
2368,金像電,154,23,131,統一,2024-12-10,5850
00967B,元大優息美債,119,0,119,統一,2024-12-10,5850
2345,智邦,197,79,118,統一,2024-12-10,5850
6535,順藥,128,11,117,統一,2024-12-10,5850
2103,台橡,110,0,110,統一,2024-12-10,5850
3017,奇鋐,170,62,108,統一,2024-12-10,5850
8069,元太,120,18,102,統一,2024-12-10,5850
00945B,凱基美國非投等債,100,0,100,統一,2024-12-10,5850
6140,訊達,103,5,98,統一,2024-12-10,5850
00679B,元大美債20年,115,21,94,統一,2024-12-10,5850
5907,大洋-KY,87,0,87,統一,2024-12-10,5850
3324,雙鴻,95,12,83,統一,2024-12-10,5850
00853B,統一美債10年Aa-,300,223,77,統一,2024-12-10,5850
8103,瀚荃,75,1,74,統一,2024-12-10,5850
00639,富邦深100,84,10,74,統一,2024-12-10,5850
1477,聚陽,90,19,71,統一,2024-12-10,5850
2516,新建,69,0,69,統一,2024-12-10,5850
4968,立積,222,157,65,統一,2024-12-10,5850
00924,復華S＆P500成長,62,0,62,統一,2024-12-10,5850
2385,群光,106,45,61,統一,2024-12-10,5850
6691,洋基工程,110,49,61,統一,2024-12-10,5850
3715,定穎投控,85,25,60,統一,2024-12-10,5850
00917,中信特選金融,344,289,55,統一,2024-12-10,5850
2454,聯發科,243,188,55,統一,2024-12-10,5850
3374,精材,64,11,53,統一,2024-12-10,5850
00911,兆豐洲際半導體,51,0,51,統一,2024-12-10,5850
6415,矽力*-KY,90,39,51,統一,2024-12-10,5850
00946,群益科技高息成長,50,0,50,統一,2024-12-10,5850
2886,兆豐金,4099,43,4056,統一,2024-12-11,5850
2303,聯電,3306,296,3010,統一,2024-12-11,5850
2889,國票金,2112,440,1672,統一,2024-12-11,5850
2313,華通,1784,288,1496,統一,2024-12-11,5850
2618,長榮航,1686,254,1432,統一,2024-12-11,5850
00940,元大台灣價值高息,1506,100,1406,統一,2024-12-11,5850
00934,中信成長高股息,835,60,775,統一,2024-12-11,5850
00939,統一台灣高息動能,725,10,715,統一,2024-12-11,5850
00943,兆豐電子高息等權,714,0,714,統一,2024-12-11,5850
2809,京城銀,686,28,658,統一,2024-12-11,5850
2504,國產,578,15,563,統一,2024-12-11,5850
006208,富邦台50,574,58,516,統一,2024-12-11,5850
6442,光聖,531,31,500,統一,2024-12-11,5850
3491,昇達科,488,117,371,統一,2024-12-11,5850
2308,台達電,400,50,350,統一,2024-12-11,5850
2368,金像電,518,193,325,統一,2024-12-11,5850
2345,智邦,383,64,319,統一,2024-12-11,5850
2449,京元電子,363,52,311,統一,2024-12-11,5850
6239,力成,313,12,301,統一,2024-12-11,5850
2471,資通,362,73,289,統一,2024-12-11,5850
3032,偉訓,316,30,286,統一,2024-12-11,5850
1783,和康生,267,0,267,統一,2024-12-11,5850
2371,大同,291,32,259,統一,2024-12-11,5850
1319,東陽,240,4,236,統一,2024-12-11,5850
2409,友達,342,108,234,統一,2024-12-11,5850
3363,上詮,247,16,231,統一,2024-12-11,5850
00752,中信中國50,228,9,219,統一,2024-12-11,5850
2367,燿華,319,109,210,統一,2024-12-11,5850
5347,世界,506,309,197,統一,2024-12-11,5850
2379,瑞昱,203,6,197,統一,2024-12-11,5850
8069,元太,179,6,173,統一,2024-12-11,5850
9939,宏全,179,11,168,統一,2024-12-11,5850
0061,元大寶滬深,152,0,152,統一,2024-12-11,5850
3051,力特,151,3,148,統一,2024-12-11,5850
6937,天虹,156,11,145,統一,2024-12-11,5850
9933,中鼎,150,7,143,統一,2024-12-11,5850
5880,合庫金,140,6,134,統一,2024-12-11,5850
4119,旭富,133,0,133,統一,2024-12-11,5850
6805,富世達,150,18,132,統一,2024-12-11,5850
4991,環宇-KY,267,137,130,統一,2024-12-11,5850
2892,第一金,129,1,128,統一,2024-12-11,5850
2634,漢翔,132,4,128,統一,2024-12-11,5850
3044,健鼎,124,0,124,統一,2024-12-11,5850
00662,富邦NASDAQ,174,50,124,統一,2024-12-11,5850
2451,創見,119,7,112,統一,2024-12-11,5850
2408,南亞科,114,4,110,統一,2024-12-11,5850
2383,台光電,159,49,110,統一,2024-12-11,5850
2883,凱基金,189,85,104,統一,2024-12-11,5850
00965,元大航太防衛科技,100,0,100,統一,2024-12-11,5850
3709,鑫聯大投控,98,4,94,統一,2024-12-11,5850
00715L,期街口布蘭特正2,6582,165,6417,統一,2024-12-12,5850
00940,元大台灣價值高息,1600,37,1563,統一,2024-12-12,5850
00939,統一台灣高息動能,1430,328,1102,統一,2024-12-12,5850
2882,國泰金,1297,229,1068,統一,2024-12-12,5850
2884,玉山金,1004,4,1000,統一,2024-12-12,5850
2889,國票金,1061,87,974,統一,2024-12-12,5850
2809,京城銀,967,7,960,統一,2024-12-12,5850
2313,華通,1046,196,850,統一,2024-12-12,5850
00751B,元大AAA至A公司債,695,0,695,統一,2024-12-12,5850
2543,皇昌,702,159,543,統一,2024-12-12,5850
00665L,富邦�琤肭磪囓�2,599,80,519,統一,2024-12-12,5850
6005,群益證,504,48,456,統一,2024-12-12,5850
5876,上海商銀,462,8,454,統一,2024-12-12,5850
00934,中信成長高股息,450,1,449,統一,2024-12-12,5850
6215,和椿,476,54,422,統一,2024-12-12,5850
00753L,中信中國50正2,370,8,362,統一,2024-12-12,5850
2328,廣宇,635,314,321,統一,2024-12-12,5850
2515,中工,309,0,309,統一,2024-12-12,5850
3709,鑫聯大投控,313,8,305,統一,2024-12-12,5850
3689,湧德,559,257,302,統一,2024-12-12,5850
00725B,國泰投資級公司債,293,0,293,統一,2024-12-12,5850
2610,華航,477,195,282,統一,2024-12-12,5850
020031,統一IC設計臺灣N,290,10,280,統一,2024-12-12,5850
3706,神達,729,451,278,統一,2024-12-12,5850
00690,兆豐藍籌30,291,50,241,統一,2024-12-12,5850
5522,遠雄,347,109,238,統一,2024-12-12,5850
2891,中信金,298,73,225,統一,2024-12-12,5850
3447,展達,216,1,215,統一,2024-12-12,5850
2359,所羅門,282,70,212,統一,2024-12-12,5850
00881,國泰台灣5G+,201,0,201,統一,2024-12-12,5850
00633L,富邦上証正2,224,23,201,統一,2024-12-12,5850
2883B,凱基金乙特,201,0,201,統一,2024-12-12,5850
2454,聯發科,235,50,185,統一,2024-12-12,5850
2409,友達,304,138,166,統一,2024-12-12,5850
00943,兆豐電子高息等權,169,5,164,統一,2024-12-12,5850
2486,一詮,458,302,156,統一,2024-12-12,5850
5443,均豪,186,31,155,統一,2024-12-12,5850
00950B,凱基A級公司債,154,0,154,統一,2024-12-12,5850
00946,群益科技高息成長,152,0,152,統一,2024-12-12,5850
2603,長榮,497,348,149,統一,2024-12-12,5850
2449,京元電子,176,35,141,統一,2024-12-12,5850
6526,達發,148,10,138,統一,2024-12-12,5850
0051,元大中型100,137,0,137,統一,2024-12-12,5850
2886,兆豐金,137,1,136,統一,2024-12-12,5850
00948B,中信優息投資級債,188,54,134,統一,2024-12-12,5850
00878,國泰永續高股息,222,94,128,統一,2024-12-12,5850
8222,寶一,122,0,122,統一,2024-12-12,5850
2867,三商壽,123,2,121,統一,2024-12-12,5850
4577,達航科技,120,0,120,統一,2024-12-12,5850
4576,大銀微系統,187,72,115,統一,2024-12-12,5850
00715L,期街口布蘭特正2,3338,9,3329,統一,2024-12-13,5850
2393,億光,2014,47,1967,統一,2024-12-13,5850
00940,元大台灣價值高息,1733,23,1710,統一,2024-12-13,5850
00939,統一台灣高息動能,1244,132,1112,統一,2024-12-13,5850
2348,海悅,1116,116,1000,統一,2024-12-13,5850
2368,金像電,913,87,826,統一,2024-12-13,5850
3019,亞光,737,152,585,統一,2024-12-13,5850
2915,潤泰全,539,1,538,統一,2024-12-13,5850
2542,興富發,500,0,500,統一,2024-12-13,5850
2458,義隆,513,17,496,統一,2024-12-13,5850
2308,台達電,531,59,472,統一,2024-12-13,5850
3665,貿聯-KY,364,3,361,統一,2024-12-13,5850
2103,台橡,329,0,329,統一,2024-12-13,5850
2913,農林,310,0,310,統一,2024-12-13,5850
00934,中信成長高股息,301,25,276,統一,2024-12-13,5850
2371,大同,446,182,264,統一,2024-12-13,5850
6147,頎邦,268,11,257,統一,2024-12-13,5850
3029,零壹,515,285,230,統一,2024-12-13,5850
00662,富邦NASDAQ,201,0,201,統一,2024-12-13,5850
2468,華經,191,15,176,統一,2024-12-13,5850
00948B,中信優息投資級債,174,5,169,統一,2024-12-13,5850
2345,智邦,269,117,152,統一,2024-12-13,5850
5876,上海商銀,192,61,131,統一,2024-12-13,5850
4953,緯軟,138,13,125,統一,2024-12-13,5850
5443,均豪,136,11,125,統一,2024-12-13,5850
5481,新華,138,13,125,統一,2024-12-13,5850
2451,創見,118,3,115,統一,2024-12-13,5850
00893,國泰智能電動車,115,0,115,統一,2024-12-13,5850
2609,陽明,406,294,112,統一,2024-12-13,5850
00680L,元大美債20正2,113,7,106,統一,2024-12-13,5850
9958,世紀鋼,106,3,103,統一,2024-12-13,5850
2515,中工,151,50,101,統一,2024-12-13,5850
1785,光洋科,186,97,89,統一,2024-12-13,5850
00637L,元大滬深300正2,108,27,81,統一,2024-12-13,5850
00955,中信日本商社,130,50,80,統一,2024-12-13,5850
2886,兆豐金,82,6,76,統一,2024-12-13,5850
5483,中美晶,148,74,74,統一,2024-12-13,5850
6715,嘉基,72,2,70,統一,2024-12-13,5850
6285,啟��,74,5,69,統一,2024-12-13,5850
00712,復華富時不動產,67,0,67,統一,2024-12-13,5850
5347,世界,76,15,61,統一,2024-12-13,5850
2406,國碩,67,7,60,統一,2024-12-13,5850
2449,京元電子,86,26,60,統一,2024-12-13,5850
00665L,富邦�琤肭磪囓�2,60,1,59,統一,2024-12-13,5850
5880,合庫金,64,5,59,統一,2024-12-13,5850
2543,皇昌,163,106,57,統一,2024-12-13,5850
6919,康霈*,63,10,53,統一,2024-12-13,5850
6863,永道-KY,66,14,52,統一,2024-12-13,5850
2606,裕民,56,5,51,統一,2024-12-13,5850
00964,中信亞太高股息,50,0,50,統一,2024-12-13,5850
00940,元大台灣價值高息,4779,1436,3343,統一,2024-12-16,5850
5876,上海商銀,1698,12,1686,統一,2024-12-16,5850
1216,統一,1667,32,1635,統一,2024-12-16,5850
00715L,期街口布蘭特正2,1626,79,1547,統一,2024-12-16,5850
8032,光菱,1505,9,1496,統一,2024-12-16,5850
2618,長榮航,1646,216,1430,統一,2024-12-16,5850
00939,統一台灣高息動能,2035,629,1406,統一,2024-12-16,5850
00632R,元大台灣50反1,1345,62,1283,統一,2024-12-16,5850
2348,海悅,1044,66,978,統一,2024-12-16,5850
2368,金像電,1521,549,972,統一,2024-12-16,5850
00934,中信成長高股息,805,104,701,統一,2024-12-16,5850
2371,大同,634,71,563,統一,2024-12-16,5850
5438,東友,385,1,384,統一,2024-12-16,5850
0050,元大台灣50,482,106,376,統一,2024-12-16,5850
3081,聯亞,493,119,374,統一,2024-12-16,5850
2913,農林,360,0,360,統一,2024-12-16,5850
4938,和碩,383,27,356,統一,2024-12-16,5850
5443,均豪,362,8,354,統一,2024-12-16,5850
8047,星雲,392,42,350,統一,2024-12-16,5850
6279,胡連,301,2,299,統一,2024-12-16,5850
2103,台橡,265,0,265,統一,2024-12-16,5850
6274,台燿,397,149,248,統一,2024-12-16,5850
00948B,中信優息投資級債,242,0,242,統一,2024-12-16,5850
00954,中信日本半導體,295,53,242,統一,2024-12-16,5850
2374,佳能,370,138,232,統一,2024-12-16,5850
00967B,元大優息美債,194,0,194,統一,2024-12-16,5850
2441,超豐,198,11,187,統一,2024-12-16,5850
9105,泰金寶-DR,233,55,178,統一,2024-12-16,5850
2885,元大金,193,15,178,統一,2024-12-16,5850
020031,統一IC設計臺灣N,159,9,150,統一,2024-12-16,5850
2412,中華電,286,149,137,統一,2024-12-16,5850
00725B,國泰投資級公司債,123,0,123,統一,2024-12-16,5850
2356,英業達,193,71,122,統一,2024-12-16,5850
6535,順藥,133,11,122,統一,2024-12-16,5850
2455,全新,214,101,113,統一,2024-12-16,5850
00751B,元大AAA至A公司債,106,0,106,統一,2024-12-16,5850
1736,喬山,128,24,104,統一,2024-12-16,5850
6239,力成,116,16,100,統一,2024-12-16,5850
2385,群光,103,4,99,統一,2024-12-16,5850
2451,創見,100,1,99,統一,2024-12-16,5850
1442,名軒,98,0,98,統一,2024-12-16,5850
6442,光聖,99,7,92,統一,2024-12-16,5850
2887,台新金,92,5,87,統一,2024-12-16,5850
2345,智邦,146,65,81,統一,2024-12-16,5850
6997,博弘,78,0,78,統一,2024-12-16,5850
5347,世界,76,2,74,統一,2024-12-16,5850
4766,南寶,73,1,72,統一,2024-12-16,5850
6781,AES-KY,98,27,71,統一,2024-12-16,5850
2543,皇昌,158,89,69,統一,2024-12-16,5850
00650L,復華香港正2,72,5,67,統一,2024-12-16,5850
00940,元大台灣價值高息,3614,16,3598,統一,2024-12-17,5850
9105,泰金寶-DR,3363,295,3068,統一,2024-12-17,5850
2371,大同,2198,445,1753,統一,2024-12-17,5850
00939,統一台灣高息動能,1252,38,1214,統一,2024-12-17,5850
1597,直得,1211,0,1211,統一,2024-12-17,5850
00919,群益台灣精選高息,2304,1230,1074,統一,2024-12-17,5850
00715L,期街口布蘭特正2,1038,0,1038,統一,2024-12-17,5850
2348,海悅,1031,29,1002,統一,2024-12-17,5850
2393,億光,2010,1045,965,統一,2024-12-17,5850
00637L,元大滬深300正2,1123,180,943,統一,2024-12-17,5850
2610,華航,889,69,820,統一,2024-12-17,5850
00632R,元大台灣50反1,712,0,712,統一,2024-12-17,5850
4540,全球傳動,626,30,596,統一,2024-12-17,5850
2049,上銀,606,63,543,統一,2024-12-17,5850
00934,中信成長高股息,501,11,490,統一,2024-12-17,5850
2359,所羅門,700,261,439,統一,2024-12-17,5850
3227,原相,466,35,431,統一,2024-12-17,5850
3450,聯鈞,433,22,411,統一,2024-12-17,5850
2618,長榮航,542,173,369,統一,2024-12-17,5850
2603,長榮,517,150,367,統一,2024-12-17,5850
00830,國泰費城半導體,348,42,306,統一,2024-12-17,5850
020031,統一IC設計臺灣N,315,19,296,統一,2024-12-17,5850
00943,兆豐電子高息等權,270,0,270,統一,2024-12-17,5850
2313,華通,869,633,236,統一,2024-12-17,5850
2103,台橡,230,0,230,統一,2024-12-17,5850
2376,技嘉,234,10,224,統一,2024-12-17,5850
2913,農林,221,0,221,統一,2024-12-17,5850
3293,鈊象,222,6,216,統一,2024-12-17,5850
2408,南亞科,359,143,216,統一,2024-12-17,5850
2458,義隆,206,3,203,統一,2024-12-17,5850
2328,廣宇,206,5,201,統一,2024-12-17,5850
3033,威健,183,0,183,統一,2024-12-17,5850
3019,亞光,450,267,183,統一,2024-12-17,5850
2449,京元電子,264,88,176,統一,2024-12-17,5850
6239,力成,172,5,167,統一,2024-12-17,5850
6215,和椿,323,159,164,統一,2024-12-17,5850
8054,安國,246,83,163,統一,2024-12-17,5850
5371,中光電,219,59,160,統一,2024-12-17,5850
2392,正崴,190,31,159,統一,2024-12-17,5850
3260,威剛,157,2,155,統一,2024-12-17,5850
3035,智原,316,165,151,統一,2024-12-17,5850
00787B,元大10年IG醫療債,148,0,148,統一,2024-12-17,5850
3661,世芯-KY,164,25,139,統一,2024-12-17,5850
4576,大銀微系統,191,57,134,統一,2024-12-17,5850
3041,揚智,327,193,134,統一,2024-12-17,5850
2233,宇隆,161,33,128,統一,2024-12-17,5850
2504,國產,220,94,126,統一,2024-12-17,5850
2889,國票金,326,204,122,統一,2024-12-17,5850
2377,微星,256,135,121,統一,2024-12-17,5850
2845,遠東銀,125,5,120,統一,2024-12-17,5850
00940,元大台灣價值高息,5400,159,5241,統一,2024-12-18,5850
2890,永豐金,4799,35,4764,統一,2024-12-18,5850
2344,華邦電,2066,25,2041,統一,2024-12-18,5850
5876,上海商銀,2075,96,1979,統一,2024-12-18,5850
2371,大同,1680,125,1555,統一,2024-12-18,5850
1216,統一,1122,195,927,統一,2024-12-18,5850
5347,世界,870,108,762,統一,2024-12-18,5850
3323,加百裕,658,49,609,統一,2024-12-18,5850
2886,兆豐金,557,1,556,統一,2024-12-18,5850
2408,南亞科,586,54,532,統一,2024-12-18,5850
6558,興能高,563,89,474,統一,2024-12-18,5850
3450,聯鈞,537,101,436,統一,2024-12-18,5850
00939,統一台灣高息動能,660,298,362,統一,2024-12-18,5850
3702,大聯大,374,38,336,統一,2024-12-18,5850
2049,上銀,356,106,250,統一,2024-12-18,5850
3033,威健,247,3,244,統一,2024-12-18,5850
4571,鈞興-KY,283,41,242,統一,2024-12-18,5850
00714,群益道瓊美國地產,284,52,232,統一,2024-12-18,5850
3041,揚智,434,211,223,統一,2024-12-18,5850
00943,兆豐電子高息等權,213,8,205,統一,2024-12-18,5850
020031,統一IC設計臺灣N,227,28,199,統一,2024-12-18,5850
2103,台橡,180,0,180,統一,2024-12-18,5850
3706,神達,390,211,179,統一,2024-12-18,5850
3689,湧德,354,188,166,統一,2024-12-18,5850
00934,中信成長高股息,200,36,164,統一,2024-12-18,5850
00926,凱基全球菁英55,163,0,163,統一,2024-12-18,5850
8069,元太,173,14,159,統一,2024-12-18,5850
2449,京元電子,228,78,150,統一,2024-12-18,5850
00713,元大台灣高息低波,256,116,140,統一,2024-12-18,5850
2027,大成鋼,157,20,137,統一,2024-12-18,5850
2845,遠東銀,133,0,133,統一,2024-12-18,5850
00969B,元大零息超長美債,130,0,130,統一,2024-12-18,5850
3374,精材,176,51,125,統一,2024-12-18,5850
2303,聯電,658,537,121,統一,2024-12-18,5850
2374,佳能,267,165,102,統一,2024-12-18,5850
6863,永道-KY,111,12,99,統一,2024-12-18,5850
2317,鴻海,210,114,96,統一,2024-12-18,5850
2454,聯發科,118,24,94,統一,2024-12-18,5850
4979,華星光,324,231,93,統一,2024-12-18,5850
5309,系統電,114,23,91,統一,2024-12-18,5850
2913,農林,90,0,90,統一,2024-12-18,5850
2504,國產,91,7,84,統一,2024-12-18,5850
4303,信立,161,81,80,統一,2024-12-18,5850
2610,華航,535,457,78,統一,2024-12-18,5850
4958,臻鼎-KY,148,70,78,統一,2024-12-18,5850
8070,長華*,77,0,77,統一,2024-12-18,5850
3019,亞光,227,151,76,統一,2024-12-18,5850
3043,科風,87,11,76,統一,2024-12-18,5850
2543,皇昌,95,21,74,統一,2024-12-18,5850
6415,矽力*-KY,80,12,68,統一,2024-12-18,5850
2888,新光金,20260,31,20229,統一,2024-12-19,5850
2332,友訊,6042,478,5564,統一,2024-12-19,5850
6005,群益證,5040,54,4986,統一,2024-12-19,5850
00679B,元大美債20年,4038,194,3844,統一,2024-12-19,5850
2393,億光,2006,35,1971,統一,2024-12-19,5850
2348,海悅,1027,28,999,統一,2024-12-19,5850
8111,立��,955,102,853,統一,2024-12-19,5850
5876,上海商銀,777,3,774,統一,2024-12-19,5850
2374,佳能,989,270,719,統一,2024-12-19,5850
6257,矽格,662,2,660,統一,2024-12-19,5850
5392,能率,547,7,540,統一,2024-12-19,5850
2615,萬海,516,24,492,統一,2024-12-19,5850
5388,中磊,529,83,446,統一,2024-12-19,5850
2913,農林,420,0,420,統一,2024-12-19,5850
2454,聯發科,367,9,358,統一,2024-12-19,5850
2891,中信金,363,55,308,統一,2024-12-19,5850
8444,綠河-KY,301,5,296,統一,2024-12-19,5850
3706,神達,437,141,296,統一,2024-12-19,5850
9105,泰金寶-DR,457,171,286,統一,2024-12-19,5850
2603,長榮,361,98,263,統一,2024-12-19,5850
3704,合勤控,376,125,251,統一,2024-12-19,5850
2103,台橡,195,0,195,統一,2024-12-19,5850
6285,啟��,437,242,195,統一,2024-12-19,5850
6188,廣明,241,51,190,統一,2024-12-19,5850
6415,矽力*-KY,200,11,189,統一,2024-12-19,5850
6153,嘉聯益,181,0,181,統一,2024-12-19,5850
6127,九豪,208,27,181,統一,2024-12-19,5850
00712,復華富時不動產,161,0,161,統一,2024-12-19,5850
2382,廣達,178,17,161,統一,2024-12-19,5850
2845,遠東銀,157,0,157,統一,2024-12-19,5850
4958,臻鼎-KY,201,46,155,統一,2024-12-19,5850
2317,鴻海,345,190,155,統一,2024-12-19,5850
2352,佳世達,151,1,150,統一,2024-12-19,5850
4540,全球傳動,325,186,139,統一,2024-12-19,5850
3037,欣興,186,51,135,統一,2024-12-19,5850
2504,國產,157,29,128,統一,2024-12-19,5850
1442,名軒,154,27,127,統一,2024-12-19,5850
3376,新日興,196,70,126,統一,2024-12-19,5850
00911,兆豐洲際半導體,200,76,124,統一,2024-12-19,5850
00864B,中信美國公債0-1,131,11,120,統一,2024-12-19,5850
3558,神準,125,15,110,統一,2024-12-19,5850
00673R,期元大S＆P原油反1,130,20,110,統一,2024-12-19,5850
2889,國票金,358,251,107,統一,2024-12-19,5850
2345,智邦,208,102,106,統一,2024-12-19,5850
020033,統一�琤肮黕篾,105,0,105,統一,2024-12-19,5850
00887,永豐中國科技50大,105,0,105,統一,2024-12-19,5850
2543,皇昌,170,66,104,統一,2024-12-19,5850
8069,元太,114,11,103,統一,2024-12-19,5850
00931B,統一美債20年,97,0,97,統一,2024-12-19,5850
3211,順達,287,193,94,統一,2024-12-19,5850
