Ticker,Name,buy,sell,diff,Branch,Date,Branch_Code
2888,新光金,100,0,100,統一-中壢,2023-01-03,5853
1605,華新,67,19,48,統一-中壢,2023-01-03,5853
1701,中化,47,14,33,統一-中壢,2023-01-03,5853
2609,陽明,54,21,33,統一-中壢,2023-01-03,5853
8415,大國鋼,30,0,30,統一-中壢,2023-01-03,5853
2023,燁輝,30,2,28,統一-中壢,2023-01-03,5853
2882,國泰金,28,2,26,統一-中壢,2023-01-03,5853
1517,利奇,25,0,25,統一-中壢,2023-01-03,5853
00878,國泰永續高股息,30,5,25,統一-中壢,2023-01-03,5853
2317,鴻海,72,48,24,統一-中壢,2023-01-03,5853
4102,永日,23,0,23,統一-中壢,2023-01-03,5853
1752,南光,24,4,20,統一-中壢,2023-01-03,5853
5351,鈺創,21,1,20,統一-中壢,2023-01-03,5853
3702,大聯大,17,0,17,統一-中壢,2023-01-03,5853
5258,虹堡,18,1,17,統一-中壢,2023-01-03,5853
00637L,元大滬深300正2,17,1,16,統一-中壢,2023-01-03,5853
2603,長榮,26,12,14,統一-中壢,2023-01-03,5853
00893,國泰智能電動車,14,0,14,統一-中壢,2023-01-03,5853
1342,八貫,15,1,14,統一-中壢,2023-01-03,5853
2892,第一金,15,2,13,統一-中壢,2023-01-03,5853
00679B,元大美債20年,12,0,12,統一-中壢,2023-01-03,5853
3176,基亞,12,0,12,統一-中壢,2023-01-03,5853
2038,海光,13,2,11,統一-中壢,2023-01-03,5853
4167,松瑞藥,11,0,11,統一-中壢,2023-01-03,5853
00888,永豐台灣ESG,10,0,10,統一-中壢,2023-01-03,5853
2707,晶華,10,0,10,統一-中壢,2023-01-03,5853
3406,玉晶光,14,4,10,統一-中壢,2023-01-03,5853
5907,大洋-KY,10,0,10,統一-中壢,2023-01-03,5853
00680L,元大美債20正2,10,1,9,統一-中壢,2023-01-03,5853
2634,漢翔,9,1,8,統一-中壢,2023-01-03,5853
5015,華祺,8,0,8,統一-中壢,2023-01-03,5853
8358,金居,10,2,8,統一-中壢,2023-01-03,5853
9919,康那香,11,3,8,統一-中壢,2023-01-03,5853
1504,東元,7,0,7,統一-中壢,2023-01-03,5853
00720B,元大投資級公司債,7,0,7,統一-中壢,2023-01-03,5853
1101,台泥,7,0,7,統一-中壢,2023-01-03,5853
1529,樂事綠能,7,0,7,統一-中壢,2023-01-03,5853
2402,毅嘉,7,0,7,統一-中壢,2023-01-03,5853
2425,承啟,8,1,7,統一-中壢,2023-01-03,5853
2515,中工,7,0,7,統一-中壢,2023-01-03,5853
3128,昇銳,10,3,7,統一-中壢,2023-01-03,5853
3447,展達,9,2,7,統一-中壢,2023-01-03,5853
6806,森崴能源,10,3,7,統一-中壢,2023-01-03,5853
00712,復華富時不動產,7,0,7,統一-中壢,2023-01-03,5853
0056,元大高股息,7,0,7,統一-中壢,2023-01-03,5853
006205,富邦上証,6,0,6,統一-中壢,2023-01-03,5853
4768,晶呈科技,6,0,6,統一-中壢,2023-01-03,5853
5014,建錩,8,2,6,統一-中壢,2023-01-03,5853
5340,建榮,6,0,6,統一-中壢,2023-01-03,5853
6719,力智,6,0,6,統一-中壢,2023-01-03,5853
2317,鴻海,47,7,40,統一-中壢,2023-01-04,5853
00772B,中信高評級公司債,30,0,30,統一-中壢,2023-01-04,5853
00773B,中信優先金融債,30,0,30,統一-中壢,2023-01-04,5853
1731,美吾華,30,0,30,統一-中壢,2023-01-04,5853
2634,漢翔,26,4,22,統一-中壢,2023-01-04,5853
2208,台船,20,0,20,統一-中壢,2023-01-04,5853
8171,天宇,22,3,19,統一-中壢,2023-01-04,5853
1524,耿鼎,24,7,17,統一-中壢,2023-01-04,5853
1718,中纖,17,0,17,統一-中壢,2023-01-04,5853
3202,樺晟,18,1,17,統一-中壢,2023-01-04,5853
2492,華新科,17,1,16,統一-中壢,2023-01-04,5853
00715L,期街口布蘭特正2,36,22,14,統一-中壢,2023-01-04,5853
2601,益航,13,0,13,統一-中壢,2023-01-04,5853
2002,中鋼,15,4,11,統一-中壢,2023-01-04,5853
4114,健喬,13,2,11,統一-中壢,2023-01-04,5853
00642U,期元大S＆P石油,10,0,10,統一-中壢,2023-01-04,5853
2359,所羅門,10,0,10,統一-中壢,2023-01-04,5853
2880,華南金,10,0,10,統一-中壢,2023-01-04,5853
8064,東捷,10,0,10,統一-中壢,2023-01-04,5853
00878,國泰永續高股息,9,0,9,統一-中壢,2023-01-04,5853
1342,八貫,15,6,9,統一-中壢,2023-01-04,5853
3545,敦泰,11,2,9,統一-中壢,2023-01-04,5853
4102,永日,30,21,9,統一-中壢,2023-01-04,5853
5211,蒙恬,9,0,9,統一-中壢,2023-01-04,5853
3189,景碩,8,0,8,統一-中壢,2023-01-04,5853
00902,中信電池及儲能,8,0,8,統一-中壢,2023-01-04,5853
2498,宏達電,20,12,8,統一-中壢,2023-01-04,5853
2303,聯電,10,2,8,統一-中壢,2023-01-04,5853
1514,亞力,18,11,7,統一-中壢,2023-01-04,5853
8121,越峰,7,0,7,統一-中壢,2023-01-04,5853
6190,萬泰科,6,0,6,統一-中壢,2023-01-04,5853
1909,榮成,13,7,6,統一-中壢,2023-01-04,5853
2605,新興,6,0,6,統一-中壢,2023-01-04,5853
3293,鈊象,6,0,6,統一-中壢,2023-01-04,5853
4167,松瑞藥,7,1,6,統一-中壢,2023-01-04,5853
6550,北極星藥業-KY,6,0,6,統一-中壢,2023-01-04,5853
00893,國泰智能電動車,26,20,6,統一-中壢,2023-01-04,5853
2368,金像電,8,3,5,統一-中壢,2023-01-04,5853
4743,合一,5,0,5,統一-中壢,2023-01-04,5853
00888,永豐台灣ESG,5,0,5,統一-中壢,2023-01-04,5853
00680L,元大美債20正2,5,0,5,統一-中壢,2023-01-04,5853
1560,中砂,5,0,5,統一-中壢,2023-01-04,5853
2892,第一金,5,0,5,統一-中壢,2023-01-04,5853
3092,鴻碩,5,0,5,統一-中壢,2023-01-04,5853
4768,晶呈科技,5,0,5,統一-中壢,2023-01-04,5853
4919,新唐,6,1,5,統一-中壢,2023-01-04,5853
6182,合晶,10,5,5,統一-中壢,2023-01-04,5853
8069,元太,6,1,5,統一-中壢,2023-01-04,5853
8046,南電,26,22,4,統一-中壢,2023-01-04,5853
2637,慧洋-KY,4,0,4,統一-中壢,2023-01-04,5853
6133,金橋,115,8,107,統一-中壢,2023-01-05,5853
5469,瀚宇博,45,0,45,統一-中壢,2023-01-05,5853
00701,國泰股利精選30,40,0,40,統一-中壢,2023-01-05,5853
1504,東元,37,0,37,統一-中壢,2023-01-05,5853
00893,國泰智能電動車,63,27,36,統一-中壢,2023-01-05,5853
2317,鴻海,37,11,26,統一-中壢,2023-01-05,5853
1529,樂事綠能,51,28,23,統一-中壢,2023-01-05,5853
00715L,期街口布蘭特正2,23,1,22,統一-中壢,2023-01-05,5853
2618,長榮航,21,0,21,統一-中壢,2023-01-05,5853
00878,國泰永續高股息,23,2,21,統一-中壢,2023-01-05,5853
1444,力麗,20,0,20,統一-中壢,2023-01-05,5853
3227,原相,20,0,20,統一-中壢,2023-01-05,5853
4906,正文,20,0,20,統一-中壢,2023-01-05,5853
2607,榮運,19,1,18,統一-中壢,2023-01-05,5853
5009,榮剛,18,0,18,統一-中壢,2023-01-05,5853
00680L,元大美債20正2,15,0,15,統一-中壢,2023-01-05,5853
1909,榮成,19,4,15,統一-中壢,2023-01-05,5853
3083,網龍,14,1,13,統一-中壢,2023-01-05,5853
00900,富邦特選高股息30,12,0,12,統一-中壢,2023-01-05,5853
00713,元大台灣高息低波,10,0,10,統一-中壢,2023-01-05,5853
00642U,期元大S＆P石油,12,2,10,統一-中壢,2023-01-05,5853
2332,友訊,10,0,10,統一-中壢,2023-01-05,5853
3390,旭軟,10,0,10,統一-中壢,2023-01-05,5853
3535,晶彩科,10,0,10,統一-中壢,2023-01-05,5853
6278,台表科,30,20,10,統一-中壢,2023-01-05,5853
1503,士電,10,1,9,統一-中壢,2023-01-05,5853
2482,連宇,11,2,9,統一-中壢,2023-01-05,5853
8401,白紗科,9,0,9,統一-中壢,2023-01-05,5853
1783,和康生,10,2,8,統一-中壢,2023-01-05,5853
2344,華邦電,30,22,8,統一-中壢,2023-01-05,5853
2723,美食-KY,8,0,8,統一-中壢,2023-01-05,5853
5351,鈺創,18,11,7,統一-中壢,2023-01-05,5853
1514,亞力,8,1,7,統一-中壢,2023-01-05,5853
2465,麗臺,8,1,7,統一-中壢,2023-01-05,5853
2610,華航,6,0,6,統一-中壢,2023-01-05,5853
1217,愛之味,6,0,6,統一-中壢,2023-01-05,5853
00888,永豐台灣ESG,6,0,6,統一-中壢,2023-01-05,5853
00712,復華富時不動產,6,0,6,統一-中壢,2023-01-05,5853
1609,大亞,13,7,6,統一-中壢,2023-01-05,5853
2002,中鋼,6,0,6,統一-中壢,2023-01-05,5853
2363,矽統,6,0,6,統一-中壢,2023-01-05,5853
2440,太空梭,6,0,6,統一-中壢,2023-01-05,5853
3289,宜特,6,0,6,統一-中壢,2023-01-05,5853
4919,新唐,11,5,6,統一-中壢,2023-01-05,5853
2855,統一證,7,1,6,統一-中壢,2023-01-05,5853
4167,松瑞藥,10,5,5,統一-中壢,2023-01-05,5853
5211,蒙恬,6,1,5,統一-中壢,2023-01-05,5853
5608,四維航,5,0,5,統一-中壢,2023-01-05,5853
6150,撼訊,5,0,5,統一-中壢,2023-01-05,5853
6443,元晶,9,4,5,統一-中壢,2023-01-05,5853
8069,元太,507,9,498,統一-中壢,2023-01-06,5853
00720B,元大投資級公司債,54,0,54,統一-中壢,2023-01-06,5853
1612,宏泰,50,0,50,統一-中壢,2023-01-06,5853
00893,國泰智能電動車,36,0,36,統一-中壢,2023-01-06,5853
3481,群創,57,26,31,統一-中壢,2023-01-06,5853
2609,陽明,32,3,29,統一-中壢,2023-01-06,5853
4916,事欣科,25,0,25,統一-中壢,2023-01-06,5853
2317,鴻海,25,1,24,統一-中壢,2023-01-06,5853
8171,天宇,29,5,24,統一-中壢,2023-01-06,5853
00751B,元大AAA至A公司債,20,0,20,統一-中壢,2023-01-06,5853
2881,富邦金,20,0,20,統一-中壢,2023-01-06,5853
00679B,元大美債20年,21,2,19,統一-中壢,2023-01-06,5853
1504,東元,26,10,16,統一-中壢,2023-01-06,5853
1609,大亞,15,1,14,統一-中壢,2023-01-06,5853
3128,昇銳,12,0,12,統一-中壢,2023-01-06,5853
00772B,中信高評級公司債,11,0,11,統一-中壢,2023-01-06,5853
1701,中化,13,2,11,統一-中壢,2023-01-06,5853
4171,瑞基,10,0,10,統一-中壢,2023-01-06,5853
4974,亞泰,10,0,10,統一-中壢,2023-01-06,5853
6443,元晶,10,0,10,統一-中壢,2023-01-06,5853
6451,訊芯-KY,10,0,10,統一-中壢,2023-01-06,5853
5351,鈺創,22,12,10,統一-中壢,2023-01-06,5853
00878,國泰永續高股息,26,16,10,統一-中壢,2023-01-06,5853
2308,台達電,9,0,9,統一-中壢,2023-01-06,5853
2498,宏達電,19,10,9,統一-中壢,2023-01-06,5853
1580,新麥,8,0,8,統一-中壢,2023-01-06,5853
6770,力積電,17,9,8,統一-中壢,2023-01-06,5853
2408,南亞科,13,6,7,統一-中壢,2023-01-06,5853
6276,安鈦克,7,0,7,統一-中壢,2023-01-06,5853
1101,台泥,6,0,6,統一-中壢,2023-01-06,5853
00637L,元大滬深300正2,58,52,6,統一-中壢,2023-01-06,5853
2633,台灣高鐵,6,0,6,統一-中壢,2023-01-06,5853
2883,凱基金,10,4,6,統一-中壢,2023-01-06,5853
3576,聯合再生,6,0,6,統一-中壢,2023-01-06,5853
3406,玉晶光,8,3,5,統一-中壢,2023-01-06,5853
3533,嘉澤,5,0,5,統一-中壢,2023-01-06,5853
00900,富邦特選高股息30,5,0,5,統一-中壢,2023-01-06,5853
1473,台南,5,0,5,統一-中壢,2023-01-06,5853
1786,科妍,5,0,5,統一-中壢,2023-01-06,5853
3062,建漢,5,0,5,統一-中壢,2023-01-06,5853
3419,譁裕,5,0,5,統一-中壢,2023-01-06,5853
3504,揚明光,5,0,5,統一-中壢,2023-01-06,5853
5608,四維航,7,2,5,統一-中壢,2023-01-06,5853
6116,彩晶,10,5,5,統一-中壢,2023-01-06,5853
6147,頎邦,5,0,5,統一-中壢,2023-01-06,5853
2002,中鋼,5,1,4,統一-中壢,2023-01-06,5853
00902,中信電池及儲能,4,0,4,統一-中壢,2023-01-06,5853
00888,永豐台灣ESG,4,0,4,統一-中壢,2023-01-06,5853
1444,力麗,4,0,4,統一-中壢,2023-01-06,5853
1708,東鹼,4,0,4,統一-中壢,2023-01-06,5853
00632R,元大台灣50反1,210,103,107,統一-中壢,2023-01-09,5853
8069,元太,194,122,72,統一-中壢,2023-01-09,5853
1319,東陽,40,0,40,統一-中壢,2023-01-09,5853
2317,鴻海,41,3,38,統一-中壢,2023-01-09,5853
3037,欣興,37,5,32,統一-中壢,2023-01-09,5853
2102,泰豐,24,0,24,統一-中壢,2023-01-09,5853
5347,世界,37,13,24,統一-中壢,2023-01-09,5853
2359,所羅門,21,0,21,統一-中壢,2023-01-09,5853
6285,啟��,22,3,19,統一-中壢,2023-01-09,5853
1714,和桐,16,0,16,統一-中壢,2023-01-09,5853
8105,凌巨,16,0,16,統一-中壢,2023-01-09,5853
1309,台達化,15,0,15,統一-中壢,2023-01-09,5853
1558,伸興,14,0,14,統一-中壢,2023-01-09,5853
1580,新麥,14,0,14,統一-中壢,2023-01-09,5853
4961,天鈺,27,14,13,統一-中壢,2023-01-09,5853
6133,金橋,61,50,11,統一-中壢,2023-01-09,5853
00903,富邦元宇宙,10,0,10,統一-中壢,2023-01-09,5853
00896,中信綠能及電動車,10,0,10,統一-中壢,2023-01-09,5853
6026,福邦證,10,0,10,統一-中壢,2023-01-09,5853
6186,新潤,10,0,10,統一-中壢,2023-01-09,5853
8421,旭源,10,0,10,統一-中壢,2023-01-09,5853
00713,元大台灣高息低波,12,3,9,統一-中壢,2023-01-09,5853
2634,漢翔,9,0,9,統一-中壢,2023-01-09,5853
6143,振曜,9,0,9,統一-中壢,2023-01-09,5853
2890,永豐金,11,2,9,統一-中壢,2023-01-09,5853
1529,樂事綠能,10,2,8,統一-中壢,2023-01-09,5853
2458,義隆,11,3,8,統一-中壢,2023-01-09,5853
2505,國揚,8,0,8,統一-中壢,2023-01-09,5853
3027,盛達,10,2,8,統一-中壢,2023-01-09,5853
3704,合勤控,13,5,8,統一-中壢,2023-01-09,5853
5607,遠雄港,8,0,8,統一-中壢,2023-01-09,5853
1467,南緯,7,0,7,統一-中壢,2023-01-09,5853
2233,宇隆,7,0,7,統一-中壢,2023-01-09,5853
6150,撼訊,7,0,7,統一-中壢,2023-01-09,5853
6517,保勝光學,7,0,7,統一-中壢,2023-01-09,5853
00882,中信中國高股息,7,1,6,統一-中壢,2023-01-09,5853
2023,燁輝,6,0,6,統一-中壢,2023-01-09,5853
2360,致茂,6,0,6,統一-中壢,2023-01-09,5853
2465,麗臺,6,0,6,統一-中壢,2023-01-09,5853
3289,宜特,10,4,6,統一-中壢,2023-01-09,5853
3707,漢磊,24,18,6,統一-中壢,2023-01-09,5853
6189,豐藝,6,0,6,統一-中壢,2023-01-09,5853
3481,群創,16,10,6,統一-中壢,2023-01-09,5853
00679B,元大美債20年,5,0,5,統一-中壢,2023-01-09,5853
4171,瑞基,5,0,5,統一-中壢,2023-01-09,5853
1605,華新,25,20,5,統一-中壢,2023-01-09,5853
1789,神隆,5,0,5,統一-中壢,2023-01-09,5853
2440,太空梭,5,0,5,統一-中壢,2023-01-09,5853
2442,新美齊,5,0,5,統一-中壢,2023-01-09,5853
3209,全科,5,0,5,統一-中壢,2023-01-09,5853
2313,華通,121,40,81,統一-中壢,2023-01-10,5853
6509,聚和,60,0,60,統一-中壢,2023-01-10,5853
0056,元大高股息,52,5,47,統一-中壢,2023-01-10,5853
2337,旺宏,44,1,43,統一-中壢,2023-01-10,5853
6143,振曜,42,1,41,統一-中壢,2023-01-10,5853
00679B,元大美債20年,40,0,40,統一-中壢,2023-01-10,5853
3624,光頡,37,1,36,統一-中壢,2023-01-10,5853
2890,永豐金,37,2,35,統一-中壢,2023-01-10,5853
00715L,期街口布蘭特正2,35,1,34,統一-中壢,2023-01-10,5853
00772B,中信高評級公司債,30,0,30,統一-中壢,2023-01-10,5853
1708,東鹼,30,0,30,統一-中壢,2023-01-10,5853
5426,振發,30,0,30,統一-中壢,2023-01-10,5853
8069,元太,25,3,22,統一-中壢,2023-01-10,5853
2030,彰源,20,0,20,統一-中壢,2023-01-10,5853
8105,凌巨,23,3,20,統一-中壢,2023-01-10,5853
1471,首利,19,0,19,統一-中壢,2023-01-10,5853
2367,燿華,18,0,18,統一-中壢,2023-01-10,5853
8227,巨有科技,17,0,17,統一-中壢,2023-01-10,5853
00725B,國泰投資級公司債,15,0,15,統一-中壢,2023-01-10,5853
00885,富邦越南,16,2,14,統一-中壢,2023-01-10,5853
2201,裕隆,15,2,13,統一-中壢,2023-01-10,5853
4909,新復興,13,0,13,統一-中壢,2023-01-10,5853
6770,力積電,19,6,13,統一-中壢,2023-01-10,5853
2609,陽明,24,12,12,統一-中壢,2023-01-10,5853
4121,優盛,11,0,11,統一-中壢,2023-01-10,5853
00680L,元大美債20正2,10,0,10,統一-中壢,2023-01-10,5853
1314,中石化,10,0,10,統一-中壢,2023-01-10,5853
1319,東陽,11,1,10,統一-中壢,2023-01-10,5853
1342,八貫,14,4,10,統一-中壢,2023-01-10,5853
1444,力麗,10,0,10,統一-中壢,2023-01-10,5853
3419,譁裕,10,0,10,統一-中壢,2023-01-10,5853
3535,晶彩科,10,0,10,統一-中壢,2023-01-10,5853
4130,健亞,10,0,10,統一-中壢,2023-01-10,5853
4566,時碩工業,11,1,10,統一-中壢,2023-01-10,5853
6806,森崴能源,13,3,10,統一-中壢,2023-01-10,5853
5351,鈺創,31,22,9,統一-中壢,2023-01-10,5853
6282,康舒,9,0,9,統一-中壢,2023-01-10,5853
2317,鴻海,10,1,9,統一-中壢,2023-01-10,5853
5425,台半,82,74,8,統一-中壢,2023-01-10,5853
6683,雍智科技,8,0,8,統一-中壢,2023-01-10,5853
1605,華新,30,22,8,統一-中壢,2023-01-10,5853
1732,毛寶,8,0,8,統一-中壢,2023-01-10,5853
8086,宏捷科,8,0,8,統一-中壢,2023-01-10,5853
00882,中信中國高股息,7,0,7,統一-中壢,2023-01-10,5853
2603,長榮,6,0,6,統一-中壢,2023-01-10,5853
3037,欣興,16,10,6,統一-中壢,2023-01-10,5853
9945,潤泰新,6,0,6,統一-中壢,2023-01-10,5853
2634,漢翔,6,0,6,統一-中壢,2023-01-10,5853
3447,展達,6,0,6,統一-中壢,2023-01-10,5853
4171,瑞基,7,1,6,統一-中壢,2023-01-10,5853
2313,華通,103,3,100,統一-中壢,2023-01-11,5853
8069,元太,53,5,48,統一-中壢,2023-01-11,5853
6015,宏遠證,41,0,41,統一-中壢,2023-01-11,5853
6143,振曜,32,0,32,統一-中壢,2023-01-11,5853
2890,永豐金,30,0,30,統一-中壢,2023-01-11,5853
2834,臺企銀,30,5,25,統一-中壢,2023-01-11,5853
5347,世界,21,0,21,統一-中壢,2023-01-11,5853
4906,正文,20,0,20,統一-中壢,2023-01-11,5853
8933,愛地雅,18,0,18,統一-中壢,2023-01-11,5853
8046,南電,26,10,16,統一-中壢,2023-01-11,5853
2413,環科,16,0,16,統一-中壢,2023-01-11,5853
2618,長榮航,28,12,16,統一-中壢,2023-01-11,5853
2888,新光金,15,0,15,統一-中壢,2023-01-11,5853
00715L,期街口布蘭特正2,14,0,14,統一-中壢,2023-01-11,5853
6186,新潤,14,0,14,統一-中壢,2023-01-11,5853
3704,合勤控,13,1,12,統一-中壢,2023-01-11,5853
8150,南茂,12,0,12,統一-中壢,2023-01-11,5853
2615,萬海,27,15,12,統一-中壢,2023-01-11,5853
1701,中化,11,0,11,統一-中壢,2023-01-11,5853
3059,華晶科,11,0,11,統一-中壢,2023-01-11,5853
8028,昇陽半導體,12,1,11,統一-中壢,2023-01-11,5853
00725B,國泰投資級公司債,10,0,10,統一-中壢,2023-01-11,5853
00720B,元大投資級公司債,10,0,10,統一-中壢,2023-01-11,5853
1319,東陽,10,0,10,統一-中壢,2023-01-11,5853
2031,新光鋼,10,0,10,統一-中壢,2023-01-11,5853
2390,云辰,10,0,10,統一-中壢,2023-01-11,5853
2613,中櫃,10,0,10,統一-中壢,2023-01-11,5853
5426,振發,10,0,10,統一-中壢,2023-01-11,5853
2412,中華電,9,0,9,統一-中壢,2023-01-11,5853
2436,偉詮電,13,4,9,統一-中壢,2023-01-11,5853
6160,欣技,9,1,8,統一-中壢,2023-01-11,5853
2338,光罩,13,6,7,統一-中壢,2023-01-11,5853
2609,陽明,15,8,7,統一-中壢,2023-01-11,5853
3289,宜特,11,4,7,統一-中壢,2023-01-11,5853
4768,晶呈科技,9,2,7,統一-中壢,2023-01-11,5853
4961,天鈺,14,7,7,統一-中壢,2023-01-11,5853
1417,嘉裕,6,0,6,統一-中壢,2023-01-11,5853
2603,長榮,8,2,6,統一-中壢,2023-01-11,5853
3051,力特,6,0,6,統一-中壢,2023-01-11,5853
00671R,富邦NASDAQ反1,5,0,5,統一-中壢,2023-01-11,5853
1514,亞力,5,0,5,統一-中壢,2023-01-11,5853
1527,鑽全,5,0,5,統一-中壢,2023-01-11,5853
2344,華邦電,7,2,5,統一-中壢,2023-01-11,5853
2440,太空梭,5,0,5,統一-中壢,2023-01-11,5853
3211,順達,5,0,5,統一-中壢,2023-01-11,5853
3419,譁裕,5,0,5,統一-中壢,2023-01-11,5853
3702,大聯大,5,0,5,統一-中壢,2023-01-11,5853
4743,合一,5,0,5,統一-中壢,2023-01-11,5853
6124,業強,5,0,5,統一-中壢,2023-01-11,5853
6695,芯鼎,5,0,5,統一-中壢,2023-01-11,5853
8069,元太,221,20,201,統一-中壢,2023-01-12,5853
00882,中信中國高股息,82,0,82,統一-中壢,2023-01-12,5853
00665L,富邦�琤肭磪囓�2,52,1,51,統一-中壢,2023-01-12,5853
1319,東陽,30,0,30,統一-中壢,2023-01-12,5853
5871,中租-KY,30,0,30,統一-中壢,2023-01-12,5853
1314,中石化,28,0,28,統一-中壢,2023-01-12,5853
6411,晶焱,22,1,21,統一-中壢,2023-01-12,5853
00881,國泰台灣5G+,21,1,20,統一-中壢,2023-01-12,5853
6015,宏遠證,20,0,20,統一-中壢,2023-01-12,5853
2028,威致,20,1,19,統一-中壢,2023-01-12,5853
00770,國泰北美科技,15,0,15,統一-中壢,2023-01-12,5853
00720B,元大投資級公司債,14,0,14,統一-中壢,2023-01-12,5853
6282,康舒,14,0,14,統一-中壢,2023-01-12,5853
2609,陽明,46,32,14,統一-中壢,2023-01-12,5853
4904,遠傳,12,0,12,統一-中壢,2023-01-12,5853
00878,國泰永續高股息,12,1,11,統一-中壢,2023-01-12,5853
0056,元大高股息,11,1,10,統一-中壢,2023-01-12,5853
00907,永豐優息存股,10,0,10,統一-中壢,2023-01-12,5853
2610,華航,10,0,10,統一-中壢,2023-01-12,5853
6443,元晶,11,1,10,統一-中壢,2023-01-12,5853
2468,華經,22,12,10,統一-中壢,2023-01-12,5853
2884,玉山金,9,0,9,統一-中壢,2023-01-12,5853
1503,士電,8,0,8,統一-中壢,2023-01-12,5853
2201,裕隆,11,4,7,統一-中壢,2023-01-12,5853
2812,台中銀,7,0,7,統一-中壢,2023-01-12,5853
3011,今皓,7,0,7,統一-中壢,2023-01-12,5853
3037,欣興,9,2,7,統一-中壢,2023-01-12,5853
3059,華晶科,7,0,7,統一-中壢,2023-01-12,5853
00712,復華富時不動產,6,0,6,統一-中壢,2023-01-12,5853
1529,樂事綠能,6,0,6,統一-中壢,2023-01-12,5853
2440,太空梭,6,0,6,統一-中壢,2023-01-12,5853
2484,希華,6,0,6,統一-中壢,2023-01-12,5853
3038,全台,6,0,6,統一-中壢,2023-01-12,5853
3702,大聯大,6,0,6,統一-中壢,2023-01-12,5853
3704,合勤控,9,3,6,統一-中壢,2023-01-12,5853
00900,富邦特選高股息30,5,0,5,統一-中壢,2023-01-12,5853
2061,風青,5,0,5,統一-中壢,2023-01-12,5853
2601,益航,5,0,5,統一-中壢,2023-01-12,5853
3044,健鼎,5,0,5,統一-中壢,2023-01-12,5853
4174,浩鼎,5,0,5,統一-中壢,2023-01-12,5853
6550,北極星藥業-KY,5,0,5,統一-中壢,2023-01-12,5853
8105,凌巨,9,4,5,統一-中壢,2023-01-12,5853
2603,長榮,9,4,5,統一-中壢,2023-01-12,5853
00701,國泰股利精選30,4,0,4,統一-中壢,2023-01-12,5853
1707,葡萄王,5,1,4,統一-中壢,2023-01-12,5853
2351,順德,5,1,4,統一-中壢,2023-01-12,5853
2887,台新金,4,0,4,統一-中壢,2023-01-12,5853
3508,位速,4,0,4,統一-中壢,2023-01-12,5853
4102,永日,6,2,4,統一-中壢,2023-01-12,5853
4109,加捷生醫,4,0,4,統一-中壢,2023-01-12,5853
00632R,元大台灣50反1,118,2,116,統一-中壢,2023-01-13,5853
6133,金橋,75,2,73,統一-中壢,2023-01-13,5853
2313,華通,56,2,54,統一-中壢,2023-01-13,5853
8069,元太,62,11,51,統一-中壢,2023-01-13,5853
5871,中租-KY,41,0,41,統一-中壢,2023-01-13,5853
8105,凌巨,25,0,25,統一-中壢,2023-01-13,5853
8050,廣積,24,0,24,統一-中壢,2023-01-13,5853
2421,建準,20,0,20,統一-中壢,2023-01-13,5853
2892,第一金,12,0,12,統一-中壢,2023-01-13,5853
6189,豐藝,12,0,12,統一-中壢,2023-01-13,5853
1319,東陽,11,0,11,統一-中壢,2023-01-13,5853
3317,尼克森,11,0,11,統一-中壢,2023-01-13,5853
6182,合晶,11,0,11,統一-中壢,2023-01-13,5853
1308,亞聚,10,0,10,統一-中壢,2023-01-13,5853
1305,華夏,10,0,10,統一-中壢,2023-01-13,5853
1471,首利,10,0,10,統一-中壢,2023-01-13,5853
2601,益航,10,0,10,統一-中壢,2023-01-13,5853
2885,元大金,10,0,10,統一-中壢,2023-01-13,5853
3209,全科,10,0,10,統一-中壢,2023-01-13,5853
3499,環天科,10,0,10,統一-中壢,2023-01-13,5853
3624,光頡,16,6,10,統一-中壢,2023-01-13,5853
6719,力智,9,0,9,統一-中壢,2023-01-13,5853
00881,國泰台灣5G+,12,3,9,統一-中壢,2023-01-13,5853
6411,晶焱,9,0,9,統一-中壢,2023-01-13,5853
00900,富邦特選高股息30,9,0,9,統一-中壢,2023-01-13,5853
2440,太空梭,8,0,8,統一-中壢,2023-01-13,5853
1409,新纖,7,0,7,統一-中壢,2023-01-13,5853
3047,訊舟,15,8,7,統一-中壢,2023-01-13,5853
4130,健亞,12,5,7,統一-中壢,2023-01-13,5853
1513,中興電,6,0,6,統一-中壢,2023-01-13,5853
1514,亞力,6,0,6,統一-中壢,2023-01-13,5853
2208,台船,6,0,6,統一-中壢,2023-01-13,5853
4128,中天,31,25,6,統一-中壢,2023-01-13,5853
3406,玉晶光,7,2,5,統一-中壢,2023-01-13,5853
00740B,富邦全球投等債,5,0,5,統一-中壢,2023-01-13,5853
2355,敬鵬,5,0,5,統一-中壢,2023-01-13,5853
2617,台航,5,0,5,統一-中壢,2023-01-13,5853
3051,力特,5,0,5,統一-中壢,2023-01-13,5853
6124,業強,5,0,5,統一-中壢,2023-01-13,5853
6143,振曜,5,0,5,統一-中壢,2023-01-13,5853
6770,力積電,16,11,5,統一-中壢,2023-01-13,5853
1519,華城,5,0,5,統一-中壢,2023-01-13,5853
00720B,元大投資級公司債,4,0,4,統一-中壢,2023-01-13,5853
00713,元大台灣高息低波,4,0,4,統一-中壢,2023-01-13,5853
00671R,富邦NASDAQ反1,4,0,4,統一-中壢,2023-01-13,5853
00878,國泰永續高股息,20,16,4,統一-中壢,2023-01-13,5853
1605,華新,36,32,4,統一-中壢,2023-01-13,5853
2038,海光,8,4,4,統一-中壢,2023-01-13,5853
4743,合一,7,3,4,統一-中壢,2023-01-13,5853
4915,致伸,4,0,4,統一-中壢,2023-01-13,5853
00632R,元大台灣50反1,90,4,86,統一-中壢,2023-01-16,5853
2317,鴻海,57,1,56,統一-中壢,2023-01-16,5853
6770,力積電,32,1,31,統一-中壢,2023-01-16,5853
2889,國票金,30,0,30,統一-中壢,2023-01-16,5853
2609,陽明,30,10,20,統一-中壢,2023-01-16,5853
00878,國泰永續高股息,16,0,16,統一-中壢,2023-01-16,5853
00713,元大台灣高息低波,12,0,12,統一-中壢,2023-01-16,5853
3686,達能,12,0,12,統一-中壢,2023-01-16,5853
6188,廣明,12,0,12,統一-中壢,2023-01-16,5853
00885,富邦越南,15,4,11,統一-中壢,2023-01-16,5853
00888,永豐台灣ESG,10,0,10,統一-中壢,2023-01-16,5853
1305,華夏,10,0,10,統一-中壢,2023-01-16,5853
2313,華通,11,1,10,統一-中壢,2023-01-16,5853
5351,鈺創,14,4,10,統一-中壢,2023-01-16,5853
1909,榮成,10,0,10,統一-中壢,2023-01-16,5853
2233,宇隆,9,0,9,統一-中壢,2023-01-16,5853
4746,台耀,10,1,9,統一-中壢,2023-01-16,5853
00665L,富邦�琤肭磪囓�2,10,2,8,統一-中壢,2023-01-16,5853
1101,台泥,17,9,8,統一-中壢,2023-01-16,5853
2614,東森,10,2,8,統一-中壢,2023-01-16,5853
4174,浩鼎,8,0,8,統一-中壢,2023-01-16,5853
3447,展達,8,0,8,統一-中壢,2023-01-16,5853
2886,兆豐金,8,1,7,統一-中壢,2023-01-16,5853
00919,群益台灣精選高息,6,0,6,統一-中壢,2023-01-16,5853
3664,安瑞-KY,6,0,6,統一-中壢,2023-01-16,5853
3705,永信,6,0,6,統一-中壢,2023-01-16,5853
4974,亞泰,6,0,6,統一-中壢,2023-01-16,5853
6152,百一,8,2,6,統一-中壢,2023-01-16,5853
00679B,元大美債20年,5,0,5,統一-中壢,2023-01-16,5853
00770,國泰北美科技,5,0,5,統一-中壢,2023-01-16,5853
1471,首利,5,0,5,統一-中壢,2023-01-16,5853
2014,中鴻,7,2,5,統一-中壢,2023-01-16,5853
2066,世德,5,0,5,統一-中壢,2023-01-16,5853
2312,金寶,5,0,5,統一-中壢,2023-01-16,5853
2601,益航,5,0,5,統一-中壢,2023-01-16,5853
2915,潤泰全,5,0,5,統一-中壢,2023-01-16,5853
3024,憶聲,5,0,5,統一-中壢,2023-01-16,5853
4114,健喬,9,4,5,統一-中壢,2023-01-16,5853
6182,合晶,5,0,5,統一-中壢,2023-01-16,5853
6235,華孚,5,0,5,統一-中壢,2023-01-16,5853
3293,鈊象,5,0,5,統一-中壢,2023-01-16,5853
2303,聯電,17,13,4,統一-中壢,2023-01-16,5853
00688L,國泰20年美債正2,4,0,4,統一-中壢,2023-01-16,5853
1314,中石化,4,0,4,統一-中壢,2023-01-16,5853
1612,宏泰,5,1,4,統一-中壢,2023-01-16,5853
2208,台船,4,0,4,統一-中壢,2023-01-16,5853
2634,漢翔,4,0,4,統一-中壢,2023-01-16,5853
3062,建漢,5,1,4,統一-中壢,2023-01-16,5853
6276,安鈦克,4,0,4,統一-中壢,2023-01-16,5853
8421,旭源,14,10,4,統一-中壢,2023-01-16,5853
3443,創意,429,7,422,統一-中壢,2023-01-17,5853
00632R,元大台灣50反1,118,18,100,統一-中壢,2023-01-17,5853
0050,元大台灣50,85,3,82,統一-中壢,2023-01-17,5853
2201,裕隆,82,11,71,統一-中壢,2023-01-17,5853
00882,中信中國高股息,70,0,70,統一-中壢,2023-01-17,5853
6770,力積電,57,11,46,統一-中壢,2023-01-17,5853
2317,鴻海,50,7,43,統一-中壢,2023-01-17,5853
00720B,元大投資級公司債,37,0,37,統一-中壢,2023-01-17,5853
3037,欣興,43,6,37,統一-中壢,2023-01-17,5853
2890,永豐金,32,5,27,統一-中壢,2023-01-17,5853
8171,天宇,24,2,22,統一-中壢,2023-01-17,5853
5871,中租-KY,21,1,20,統一-中壢,2023-01-17,5853
3252,海灣,18,0,18,統一-中壢,2023-01-17,5853
00772B,中信高評級公司債,17,0,17,統一-中壢,2023-01-17,5853
2353,宏��,20,3,17,統一-中壢,2023-01-17,5853
00770,國泰北美科技,30,15,15,統一-中壢,2023-01-17,5853
2365,昆盈,15,0,15,統一-中壢,2023-01-17,5853
2610,華航,14,2,12,統一-中壢,2023-01-17,5853
5009,榮剛,12,0,12,統一-中壢,2023-01-17,5853
1584,精剛,11,0,11,統一-中壢,2023-01-17,5853
2634,漢翔,11,0,11,統一-中壢,2023-01-17,5853
9941,裕融,11,0,11,統一-中壢,2023-01-17,5853
00885,富邦越南,10,0,10,統一-中壢,2023-01-17,5853
6116,彩晶,10,0,10,統一-中壢,2023-01-17,5853
8421,旭源,10,0,10,統一-中壢,2023-01-17,5853
3317,尼克森,10,1,9,統一-中壢,2023-01-17,5853
1101,台泥,11,3,8,統一-中壢,2023-01-17,5853
1304,台聚,10,2,8,統一-中壢,2023-01-17,5853
00665L,富邦�琤肭磪囓�2,12,4,8,統一-中壢,2023-01-17,5853
6152,百一,8,0,8,統一-中壢,2023-01-17,5853
6609,瀧澤科,9,2,7,統一-中壢,2023-01-17,5853
9933,中鼎,7,0,7,統一-中壢,2023-01-17,5853
3081,聯亞,7,0,7,統一-中壢,2023-01-17,5853
00881,國泰台灣5G+,7,1,6,統一-中壢,2023-01-17,5853
1440,南紡,6,0,6,統一-中壢,2023-01-17,5853
1471,首利,6,0,6,統一-中壢,2023-01-17,5853
1714,和桐,6,0,6,統一-中壢,2023-01-17,5853
2419,仲琦,6,0,6,統一-中壢,2023-01-17,5853
6643,M31,6,0,6,統一-中壢,2023-01-17,5853
00725B,國泰投資級公司債,5,0,5,統一-中壢,2023-01-17,5853
1514,亞力,5,0,5,統一-中壢,2023-01-17,5853
1527,鑽全,5,0,5,統一-中壢,2023-01-17,5853
2457,飛宏,5,0,5,統一-中壢,2023-01-17,5853
2520,冠德,5,0,5,統一-中壢,2023-01-17,5853
2548,華固,5,0,5,統一-中壢,2023-01-17,5853
2615,萬海,5,0,5,統一-中壢,2023-01-17,5853
2889,國票金,5,0,5,統一-中壢,2023-01-17,5853
3013,晟銘電,5,0,5,統一-中壢,2023-01-17,5853
4168,醣聯,5,0,5,統一-中壢,2023-01-17,5853
4543,萬在,5,0,5,統一-中壢,2023-01-17,5853
00632R,元大台灣50反1,507,0,507,統一-中壢,2023-01-30,5853
3443,創意,167,11,156,統一-中壢,2023-01-30,5853
2317,鴻海,114,3,111,統一-中壢,2023-01-30,5853
00882,中信中國高股息,85,28,57,統一-中壢,2023-01-30,5853
00885,富邦越南,68,20,48,統一-中壢,2023-01-30,5853
00637L,元大滬深300正2,130,85,45,統一-中壢,2023-01-30,5853
2609,陽明,70,33,37,統一-中壢,2023-01-30,5853
00715L,期街口布蘭特正2,50,20,30,統一-中壢,2023-01-30,5853
00912,中信臺灣智慧50,30,0,30,統一-中壢,2023-01-30,5853
00903,富邦元宇宙,30,0,30,統一-中壢,2023-01-30,5853
1605,華新,103,73,30,統一-中壢,2023-01-30,5853
3374,精材,30,0,30,統一-中壢,2023-01-30,5853
2915,潤泰全,20,0,20,統一-中壢,2023-01-30,5853
1467,南緯,18,0,18,統一-中壢,2023-01-30,5853
3711,日月光投控,31,14,17,統一-中壢,2023-01-30,5853
4432,銘旺實,19,3,16,統一-中壢,2023-01-30,5853
5876,上海商銀,15,0,15,統一-中壢,2023-01-30,5853
2313,華通,67,53,14,統一-中壢,2023-01-30,5853
2031,新光鋼,21,8,13,統一-中壢,2023-01-30,5853
2363,矽統,20,7,13,統一-中壢,2023-01-30,5853
1752,南光,11,0,11,統一-中壢,2023-01-30,5853
00892,富邦台灣半導體,10,0,10,統一-中壢,2023-01-30,5853
00713,元大台灣高息低波,10,0,10,統一-中壢,2023-01-30,5853
1305,華夏,20,10,10,統一-中壢,2023-01-30,5853
3499,環天科,10,0,10,統一-中壢,2023-01-30,5853
6147,頎邦,12,2,10,統一-中壢,2023-01-30,5853
8105,凌巨,10,0,10,統一-中壢,2023-01-30,5853
8421,旭源,10,0,10,統一-中壢,2023-01-30,5853
2344,華邦電,11,2,9,統一-中壢,2023-01-30,5853
4927,泰鼎-KY,10,1,9,統一-中壢,2023-01-30,5853
3231,緯創,10,1,9,統一-中壢,2023-01-30,5853
00772B,中信高評級公司債,8,0,8,統一-中壢,2023-01-30,5853
00770,國泰北美科技,8,0,8,統一-中壢,2023-01-30,5853
00751B,元大AAA至A公司債,8,0,8,統一-中壢,2023-01-30,5853
1708,東鹼,8,0,8,統一-中壢,2023-01-30,5853
4114,健喬,17,9,8,統一-中壢,2023-01-30,5853
8040,九暘,8,0,8,統一-中壢,2023-01-30,5853
8155,博智,9,1,8,統一-中壢,2023-01-30,5853
8069,元太,10,2,8,統一-中壢,2023-01-30,5853
00907,永豐優息存股,7,0,7,統一-中壢,2023-01-30,5853
2468,華經,7,0,7,統一-中壢,2023-01-30,5853
2906,高林,7,0,7,統一-中壢,2023-01-30,5853
6609,瀧澤科,10,3,7,統一-中壢,2023-01-30,5853
00900,富邦特選高股息30,13,6,7,統一-中壢,2023-01-30,5853
00896,中信綠能及電動車,6,0,6,統一-中壢,2023-01-30,5853
2328,廣宇,6,0,6,統一-中壢,2023-01-30,5853
2368,金像電,8,2,6,統一-中壢,2023-01-30,5853
2812,台中銀,6,0,6,統一-中壢,2023-01-30,5853
9904,寶成,12,6,6,統一-中壢,2023-01-30,5853
3017,奇鋐,5,0,5,統一-中壢,2023-01-30,5853
00905,FT臺灣Smart,207,5,202,統一-中壢,2023-01-31,5853
00632R,元大台灣50反1,215,13,202,統一-中壢,2023-01-31,5853
00637L,元大滬深300正2,104,41,63,統一-中壢,2023-01-31,5853
00882,中信中國高股息,54,0,54,統一-中壢,2023-01-31,5853
2201,裕隆,85,32,53,統一-中壢,2023-01-31,5853
3443,創意,57,7,50,統一-中壢,2023-01-31,5853
2363,矽統,53,9,44,統一-中壢,2023-01-31,5853
3576,聯合再生,50,7,43,統一-中壢,2023-01-31,5853
00878,國泰永續高股息,67,25,42,統一-中壢,2023-01-31,5853
2617,台航,40,0,40,統一-中壢,2023-01-31,5853
5009,榮剛,35,5,30,統一-中壢,2023-01-31,5853
2358,廷鑫,30,2,28,統一-中壢,2023-01-31,5853
6285,啟��,26,0,26,統一-中壢,2023-01-31,5853
3017,奇鋐,24,0,24,統一-中壢,2023-01-31,5853
00720B,元大投資級公司債,22,0,22,統一-中壢,2023-01-31,5853
2382,廣達,20,0,20,統一-中壢,2023-01-31,5853
2892,第一金,17,0,17,統一-中壢,2023-01-31,5853
00665L,富邦�琤肭磪囓�2,18,2,16,統一-中壢,2023-01-31,5853
2206,三陽工業,16,0,16,統一-中壢,2023-01-31,5853
3711,日月光投控,76,60,16,統一-中壢,2023-01-31,5853
2610,華航,18,3,15,統一-中壢,2023-01-31,5853
00715L,期街口布蘭特正2,13,0,13,統一-中壢,2023-01-31,5853
4979,華星光,34,21,13,統一-中壢,2023-01-31,5853
8210,勤誠,13,0,13,統一-中壢,2023-01-31,5853
00679B,元大美債20年,12,0,12,統一-中壢,2023-01-31,5853
8150,南茂,12,0,12,統一-中壢,2023-01-31,5853
3037,欣興,17,5,12,統一-中壢,2023-01-31,5853
2330,台積電,17,5,12,統一-中壢,2023-01-31,5853
2354,鴻準,11,0,11,統一-中壢,2023-01-31,5853
8421,旭源,11,0,11,統一-中壢,2023-01-31,5853
1701,中化,10,0,10,統一-中壢,2023-01-31,5853
1732,毛寶,10,0,10,統一-中壢,2023-01-31,5853
2373,震旦行,10,0,10,統一-中壢,2023-01-31,5853
6548,長科*,10,0,10,統一-中壢,2023-01-31,5853
8050,廣積,10,0,10,統一-中壢,2023-01-31,5853
8112,至上,10,0,10,統一-中壢,2023-01-31,5853
00772B,中信高評級公司債,9,0,9,統一-中壢,2023-01-31,5853
00770,國泰北美科技,9,0,9,統一-中壢,2023-01-31,5853
6443,元晶,18,9,9,統一-中壢,2023-01-31,5853
1215,卜蜂,8,0,8,統一-中壢,2023-01-31,5853
2465,麗臺,11,3,8,統一-中壢,2023-01-31,5853
6451,訊芯-KY,8,0,8,統一-中壢,2023-01-31,5853
8358,金居,8,0,8,統一-中壢,2023-01-31,5853
00912,中信臺灣智慧50,7,0,7,統一-中壢,2023-01-31,5853
1504,東元,7,0,7,統一-中壢,2023-01-31,5853
4503,金雨,7,0,7,統一-中壢,2023-01-31,5853
4961,天鈺,17,10,7,統一-中壢,2023-01-31,5853
2887,台新金,15,8,7,統一-中壢,2023-01-31,5853
2104,國際中橡,6,0,6,統一-中壢,2023-01-31,5853
2344,華邦電,7,1,6,統一-中壢,2023-01-31,5853
00632R,元大台灣50反1,1781,5,1776,統一-中壢,2023-02-01,5853
2201,裕隆,112,15,97,統一-中壢,2023-02-01,5853
00679B,元大美債20年,92,0,92,統一-中壢,2023-02-01,5853
2618,長榮航,101,25,76,統一-中壢,2023-02-01,5853
00900,富邦特選高股息30,60,1,59,統一-中壢,2023-02-01,5853
1605,華新,126,69,57,統一-中壢,2023-02-01,5853
6235,華孚,44,0,44,統一-中壢,2023-02-01,5853
6282,康舒,65,21,44,統一-中壢,2023-02-01,5853
3092,鴻碩,42,0,42,統一-中壢,2023-02-01,5853
2883,凱基金,33,0,33,統一-中壢,2023-02-01,5853
2609,陽明,34,3,31,統一-中壢,2023-02-01,5853
1524,耿鼎,34,7,27,統一-中壢,2023-02-01,5853
2614,東森,30,3,27,統一-中壢,2023-02-01,5853
00878,國泰永續高股息,28,2,26,統一-中壢,2023-02-01,5853
00654R,富邦印度反1,25,0,25,統一-中壢,2023-02-01,5853
1514,亞力,21,0,21,統一-中壢,2023-02-01,5853
3231,緯創,21,0,21,統一-中壢,2023-02-01,5853
2373,震旦行,20,0,20,統一-中壢,2023-02-01,5853
4130,健亞,20,0,20,統一-中壢,2023-02-01,5853
4979,華星光,25,5,20,統一-中壢,2023-02-01,5853
3443,創意,32,13,19,統一-中壢,2023-02-01,5853
2009,第一銅,31,14,17,統一-中壢,2023-02-01,5853
2380,虹光,16,0,16,統一-中壢,2023-02-01,5853
4114,健喬,15,0,15,統一-中壢,2023-02-01,5853
8105,凌巨,35,20,15,統一-中壢,2023-02-01,5853
2498,宏達電,19,4,15,統一-中壢,2023-02-01,5853
2358,廷鑫,24,10,14,統一-中壢,2023-02-01,5853
4906,正文,16,2,14,統一-中壢,2023-02-01,5853
4904,遠傳,13,0,13,統一-中壢,2023-02-01,5853
6182,合晶,18,6,12,統一-中壢,2023-02-01,5853
2328,廣宇,16,5,11,統一-中壢,2023-02-01,5853
3081,聯亞,14,3,11,統一-中壢,2023-02-01,5853
5015,華祺,12,1,11,統一-中壢,2023-02-01,5853
00905,FT臺灣Smart,10,0,10,統一-中壢,2023-02-01,5853
2634,漢翔,13,3,10,統一-中壢,2023-02-01,5853
3372,典範,10,0,10,統一-中壢,2023-02-01,5853
5225,東科-KY,10,0,10,統一-中壢,2023-02-01,5853
5450,南良,10,0,10,統一-中壢,2023-02-01,5853
5907,大洋-KY,10,0,10,統一-中壢,2023-02-01,5853
6104,創惟,11,1,10,統一-中壢,2023-02-01,5853
6451,訊芯-KY,10,0,10,統一-中壢,2023-02-01,5853
9928,中視,10,0,10,統一-中壢,2023-02-01,5853
2412,中華電,9,0,9,統一-中壢,2023-02-01,5853
2887,台新金,9,0,9,統一-中壢,2023-02-01,5853
3035,智原,13,4,9,統一-中壢,2023-02-01,5853
00902,中信電池及儲能,8,0,8,統一-中壢,2023-02-01,5853
2465,麗臺,8,0,8,統一-中壢,2023-02-01,5853
3041,揚智,8,0,8,統一-中壢,2023-02-01,5853
6285,啟��,22,14,8,統一-中壢,2023-02-01,5853
8046,南電,11,3,8,統一-中壢,2023-02-01,5853
6278,台表科,113,2,111,統一-中壢,2023-02-02,5853
2888,新光金,105,4,101,統一-中壢,2023-02-02,5853
00878,國泰永續高股息,62,1,61,統一-中壢,2023-02-02,5853
3357,臺慶科,56,0,56,統一-中壢,2023-02-02,5853
2317,鴻海,57,2,55,統一-中壢,2023-02-02,5853
00912,中信臺灣智慧50,51,0,51,統一-中壢,2023-02-02,5853
2436,偉詮電,43,3,40,統一-中壢,2023-02-02,5853
2834,臺企銀,38,1,37,統一-中壢,2023-02-02,5853
2884,玉山金,36,0,36,統一-中壢,2023-02-02,5853
00715L,期街口布蘭特正2,35,0,35,統一-中壢,2023-02-02,5853
3515,華擎,35,0,35,統一-中壢,2023-02-02,5853
00713,元大台灣高息低波,32,0,32,統一-中壢,2023-02-02,5853
2033,佳大,28,0,28,統一-中壢,2023-02-02,5853
2349,錸德,25,0,25,統一-中壢,2023-02-02,5853
2890,永豐金,20,0,20,統一-中壢,2023-02-02,5853
6129,普誠,29,9,20,統一-中壢,2023-02-02,5853
2891,中信金,18,0,18,統一-中壢,2023-02-02,5853
3443,創意,26,8,18,統一-中壢,2023-02-02,5853
00882,中信中國高股息,17,0,17,統一-中壢,2023-02-02,5853
1514,亞力,20,3,17,統一-中壢,2023-02-02,5853
00728,第一金工業30,15,0,15,統一-中壢,2023-02-02,5853
2801,彰銀,15,0,15,統一-中壢,2023-02-02,5853
3704,合勤控,26,11,15,統一-中壢,2023-02-02,5853
6788,華景電,16,1,15,統一-中壢,2023-02-02,5853
2610,華航,22,8,14,統一-中壢,2023-02-02,5853
3624,光頡,16,2,14,統一-中壢,2023-02-02,5853
8105,凌巨,20,6,14,統一-中壢,2023-02-02,5853
1736,喬山,13,0,13,統一-中壢,2023-02-02,5853
2388,威盛,19,6,13,統一-中壢,2023-02-02,5853
3006,晶豪科,21,9,12,統一-中壢,2023-02-02,5853
6285,啟��,20,8,12,統一-中壢,2023-02-02,5853
1101,台泥,11,0,11,統一-中壢,2023-02-02,5853
3374,精材,15,4,11,統一-中壢,2023-02-02,5853
6284,佳邦,11,0,11,統一-中壢,2023-02-02,5853
8121,越峰,13,2,11,統一-中壢,2023-02-02,5853
8155,博智,13,2,11,統一-中壢,2023-02-02,5853
5871,中租-KY,10,0,10,統一-中壢,2023-02-02,5853
00905,FT臺灣Smart,10,0,10,統一-中壢,2023-02-02,5853
1303,南亞,11,1,10,統一-中壢,2023-02-02,5853
1471,首利,10,0,10,統一-中壢,2023-02-02,5853
1517,利奇,10,0,10,統一-中壢,2023-02-02,5853
2006,東和鋼鐵,10,0,10,統一-中壢,2023-02-02,5853
2329,華泰,23,13,10,統一-中壢,2023-02-02,5853
4106,雃博,10,0,10,統一-中壢,2023-02-02,5853
4133,亞諾法,10,0,10,統一-中壢,2023-02-02,5853
1310,台苯,10,0,10,統一-中壢,2023-02-02,5853
1701,中化,12,3,9,統一-中壢,2023-02-02,5853
2444,兆勁,10,1,9,統一-中壢,2023-02-02,5853
2881,富邦金,9,0,9,統一-中壢,2023-02-02,5853
3362,先進光,11,2,9,統一-中壢,2023-02-02,5853
00680L,元大美債20正2,100,30,70,統一-中壢,2023-02-03,5853
00715L,期街口布蘭特正2,69,0,69,統一-中壢,2023-02-03,5853
00637L,元大滬深300正2,65,1,64,統一-中壢,2023-02-03,5853
2892,第一金,71,12,59,統一-中壢,2023-02-03,5853
5475,德宏,50,0,50,統一-中壢,2023-02-03,5853
5351,鈺創,94,50,44,統一-中壢,2023-02-03,5853
00878,國泰永續高股息,51,8,43,統一-中壢,2023-02-03,5853
3092,鴻碩,42,0,42,統一-中壢,2023-02-03,5853
4157,太景*-KY,63,28,35,統一-中壢,2023-02-03,5853
6143,振曜,37,4,33,統一-中壢,2023-02-03,5853
3357,臺慶科,32,0,32,統一-中壢,2023-02-03,5853
3037,欣興,31,1,30,統一-中壢,2023-02-03,5853
3492,長盛,30,0,30,統一-中壢,2023-02-03,5853
2464,盟立,21,0,21,統一-中壢,2023-02-03,5853
3205,佰研,21,0,21,統一-中壢,2023-02-03,5853
8105,凌巨,21,0,21,統一-中壢,2023-02-03,5853
5009,榮剛,23,2,21,統一-中壢,2023-02-03,5853
2069,運錩,20,0,20,統一-中壢,2023-02-03,5853
2801,彰銀,20,0,20,統一-中壢,2023-02-03,5853
3443,創意,70,50,20,統一-中壢,2023-02-03,5853
2834,臺企銀,21,2,19,統一-中壢,2023-02-03,5853
1752,南光,20,3,17,統一-中壢,2023-02-03,5853
2498,宏達電,64,48,16,統一-中壢,2023-02-03,5853
4916,事欣科,16,0,16,統一-中壢,2023-02-03,5853
2888,新光金,16,0,16,統一-中壢,2023-02-03,5853
8261,富鼎,17,2,15,統一-中壢,2023-02-03,5853
1504,東元,15,0,15,統一-中壢,2023-02-03,5853
1709,和益,15,0,15,統一-中壢,2023-02-03,5853
2812,台中銀,15,0,15,統一-中壢,2023-02-03,5853
2484,希華,27,13,14,統一-中壢,2023-02-03,5853
00882,中信中國高股息,13,0,13,統一-中壢,2023-02-03,5853
2609,陽明,28,16,12,統一-中壢,2023-02-03,5853
2376,技嘉,12,1,11,統一-中壢,2023-02-03,5853
2641,正德,11,0,11,統一-中壢,2023-02-03,5853
4904,遠傳,11,0,11,統一-中壢,2023-02-03,5853
1310,台苯,10,0,10,統一-中壢,2023-02-03,5853
2313,華通,13,3,10,統一-中壢,2023-02-03,5853
2409,友達,10,0,10,統一-中壢,2023-02-03,5853
2538,基泰,10,0,10,統一-中壢,2023-02-03,5853
2887,台新金,10,0,10,統一-中壢,2023-02-03,5853
6190,萬泰科,13,3,10,統一-中壢,2023-02-03,5853
6278,台表科,30,20,10,統一-中壢,2023-02-03,5853
6570,維田,10,0,10,統一-中壢,2023-02-03,5853
1102,亞泥,9,0,9,統一-中壢,2023-02-03,5853
1795,美時,44,35,9,統一-中壢,2023-02-03,5853
2351,順德,11,2,9,統一-中壢,2023-02-03,5853
2615,萬海,16,7,9,統一-中壢,2023-02-03,5853
8046,南電,13,5,8,統一-中壢,2023-02-03,5853
00665L,富邦�琤肭磪囓�2,10,2,8,統一-中壢,2023-02-03,5853
1810,和成,8,0,8,統一-中壢,2023-02-03,5853
00637L,元大滬深300正2,243,0,243,統一-中壢,2023-02-06,5853
00878,國泰永續高股息,99,0,99,統一-中壢,2023-02-06,5853
6133,金橋,61,13,48,統一-中壢,2023-02-06,5853
6282,康舒,58,12,46,統一-中壢,2023-02-06,5853
00720B,元大投資級公司債,36,0,36,統一-中壢,2023-02-06,5853
6770,力積電,53,18,35,統一-中壢,2023-02-06,5853
1605,華新,59,27,32,統一-中壢,2023-02-06,5853
1216,統一,31,0,31,統一-中壢,2023-02-06,5853
00708L,期元大S＆P黃金正2,30,0,30,統一-中壢,2023-02-06,5853
2358,廷鑫,30,0,30,統一-中壢,2023-02-06,5853
0056,元大高股息,32,3,29,統一-中壢,2023-02-06,5853
2317,鴻海,64,37,27,統一-中壢,2023-02-06,5853
1714,和桐,29,3,26,統一-中壢,2023-02-06,5853
4915,致伸,24,0,24,統一-中壢,2023-02-06,5853
2812,台中銀,21,0,21,統一-中壢,2023-02-06,5853
00642U,期元大S＆P石油,20,0,20,統一-中壢,2023-02-06,5853
1301,台塑,20,0,20,統一-中壢,2023-02-06,5853
6278,台表科,20,0,20,統一-中壢,2023-02-06,5853
2303,聯電,52,33,19,統一-中壢,2023-02-06,5853
00665L,富邦�琤肭磪囓�2,19,1,18,統一-中壢,2023-02-06,5853
00679B,元大美債20年,16,0,16,統一-中壢,2023-02-06,5853
2457,飛宏,15,0,15,統一-中壢,2023-02-06,5853
3024,憶聲,15,0,15,統一-中壢,2023-02-06,5853
6182,合晶,15,0,15,統一-中壢,2023-02-06,5853
2344,華邦電,29,16,13,統一-中壢,2023-02-06,5853
3013,晟銘電,13,0,13,統一-中壢,2023-02-06,5853
2603,長榮,14,2,12,統一-中壢,2023-02-06,5853
00753L,中信中國50正2,16,4,12,統一-中壢,2023-02-06,5853
2801,彰銀,12,0,12,統一-中壢,2023-02-06,5853
3704,合勤控,13,1,12,統一-中壢,2023-02-06,5853
4746,台耀,16,4,12,統一-中壢,2023-02-06,5853
2330,台積電,15,3,12,統一-中壢,2023-02-06,5853
00881,國泰台灣5G+,11,0,11,統一-中壢,2023-02-06,5853
2615,萬海,13,2,11,統一-中壢,2023-02-06,5853
1524,耿鼎,17,6,11,統一-中壢,2023-02-06,5853
2618,長榮航,12,1,11,統一-中壢,2023-02-06,5853
2002,中鋼,10,0,10,統一-中壢,2023-02-06,5853
00733,富邦臺灣中小,10,0,10,統一-中壢,2023-02-06,5853
1517,利奇,10,0,10,統一-中壢,2023-02-06,5853
2034,允強,10,0,10,統一-中壢,2023-02-06,5853
4904,遠傳,10,0,10,統一-中壢,2023-02-06,5853
5426,振發,10,0,10,統一-中壢,2023-02-06,5853
6168,宏齊,10,0,10,統一-中壢,2023-02-06,5853
8043,蜜望實,10,0,10,統一-中壢,2023-02-06,5853
3357,臺慶科,9,0,9,統一-中壢,2023-02-06,5853
2884,玉山金,10,2,8,統一-中壢,2023-02-06,5853
6104,創惟,16,8,8,統一-中壢,2023-02-06,5853
2351,順德,10,2,8,統一-中壢,2023-02-06,5853
3588,通嘉,12,5,7,統一-中壢,2023-02-06,5853
2340,台亞,7,0,7,統一-中壢,2023-02-06,5853
00680L,元大美債20正2,40,0,40,統一-中壢,2023-02-07,5853
2201,裕隆,31,1,30,統一-中壢,2023-02-07,5853
3710,連展投控,30,0,30,統一-中壢,2023-02-07,5853
00637L,元大滬深300正2,34,5,29,統一-中壢,2023-02-07,5853
3665,貿聯-KY,26,2,24,統一-中壢,2023-02-07,5853
4114,健喬,23,0,23,統一-中壢,2023-02-07,5853
6235,華孚,53,30,23,統一-中壢,2023-02-07,5853
2492,華新科,22,2,20,統一-中壢,2023-02-07,5853
2317,鴻海,26,7,19,統一-中壢,2023-02-07,5853
2498,宏達電,25,6,19,統一-中壢,2023-02-07,5853
8227,巨有科技,20,1,19,統一-中壢,2023-02-07,5853
2367,燿華,18,0,18,統一-中壢,2023-02-07,5853
2743,山富,19,1,18,統一-中壢,2023-02-07,5853
00885,富邦越南,16,0,16,統一-中壢,2023-02-07,5853
6116,彩晶,12,0,12,統一-中壢,2023-02-07,5853
8261,富鼎,11,0,11,統一-中壢,2023-02-07,5853
00772B,中信高評級公司債,10,0,10,統一-中壢,2023-02-07,5853
2880,華南金,10,0,10,統一-中壢,2023-02-07,5853
9802,鈺齊-KY,10,0,10,統一-中壢,2023-02-07,5853
1416,廣豐,10,0,10,統一-中壢,2023-02-07,5853
1734,杏輝,10,0,10,統一-中壢,2023-02-07,5853
2390,云辰,10,0,10,統一-中壢,2023-02-07,5853
2867,三商壽,10,0,10,統一-中壢,2023-02-07,5853
2890,永豐金,10,0,10,統一-中壢,2023-02-07,5853
2926,誠品生活,10,0,10,統一-中壢,2023-02-07,5853
3297,杭特,10,0,10,統一-中壢,2023-02-07,5853
8210,勤誠,11,1,10,統一-中壢,2023-02-07,5853
0056,元大高股息,20,11,9,統一-中壢,2023-02-07,5853
1101,台泥,14,5,9,統一-中壢,2023-02-07,5853
2363,矽統,10,2,8,統一-中壢,2023-02-07,5853
2449,京元電子,8,0,8,統一-中壢,2023-02-07,5853
5347,世界,12,6,6,統一-中壢,2023-02-07,5853
3705,永信,6,0,6,統一-中壢,2023-02-07,5853
1720,生達,6,0,6,統一-中壢,2023-02-07,5853
2313,華通,7,1,6,統一-中壢,2023-02-07,5853
2344,華邦電,17,11,6,統一-中壢,2023-02-07,5853
3211,順達,6,0,6,統一-中壢,2023-02-07,5853
4747,強生,7,1,6,統一-中壢,2023-02-07,5853
00712,復華富時不動產,5,0,5,統一-中壢,2023-02-07,5853
2891,中信金,6,1,5,統一-中壢,2023-02-07,5853
00895,富邦未來車,5,0,5,統一-中壢,2023-02-07,5853
00888,永豐台灣ESG,5,0,5,統一-中壢,2023-02-07,5853
00903,富邦元宇宙,5,0,5,統一-中壢,2023-02-07,5853
1513,中興電,6,1,5,統一-中壢,2023-02-07,5853
1785,光洋科,5,0,5,統一-中壢,2023-02-07,5853
2328,廣宇,7,2,5,統一-中壢,2023-02-07,5853
2641,正德,5,0,5,統一-中壢,2023-02-07,5853
2897,王道銀行,5,0,5,統一-中壢,2023-02-07,5853
3029,零壹,5,0,5,統一-中壢,2023-02-07,5853
3038,全台,5,0,5,統一-中壢,2023-02-07,5853
00637L,元大滬深300正2,75,0,75,統一-中壢,2023-02-08,5853
00878,國泰永續高股息,56,0,56,統一-中壢,2023-02-08,5853
1319,東陽,50,0,50,統一-中壢,2023-02-08,5853
00907,永豐優息存股,44,0,44,統一-中壢,2023-02-08,5853
2884,玉山金,51,10,41,統一-中壢,2023-02-08,5853
2618,長榮航,37,0,37,統一-中壢,2023-02-08,5853
00885,富邦越南,35,0,35,統一-中壢,2023-02-08,5853
6284,佳邦,33,0,33,統一-中壢,2023-02-08,5853
1795,美時,51,19,32,統一-中壢,2023-02-08,5853
5425,台半,52,22,30,統一-中壢,2023-02-08,5853
3665,貿聯-KY,33,6,27,統一-中壢,2023-02-08,5853
5475,德宏,24,2,22,統一-中壢,2023-02-08,5853
00720B,元大投資級公司債,21,0,21,統一-中壢,2023-02-08,5853
4128,中天,50,30,20,統一-中壢,2023-02-08,5853
3322,建舜電,20,1,19,統一-中壢,2023-02-08,5853
6235,華孚,45,27,18,統一-中壢,2023-02-08,5853
00665L,富邦�琤肭磪囓�2,35,19,16,統一-中壢,2023-02-08,5853
1514,亞力,15,0,15,統一-中壢,2023-02-08,5853
2317,鴻海,30,15,15,統一-中壢,2023-02-08,5853
2402,毅嘉,15,0,15,統一-中壢,2023-02-08,5853
2887,台新金,15,0,15,統一-中壢,2023-02-08,5853
3141,晶宏,16,2,14,統一-中壢,2023-02-08,5853
2885,元大金,13,0,13,統一-中壢,2023-02-08,5853
3046,建��,13,0,13,統一-中壢,2023-02-08,5853
00905,FT臺灣Smart,12,0,12,統一-中壢,2023-02-08,5853
1504,東元,12,0,12,統一-中壢,2023-02-08,5853
3710,連展投控,60,48,12,統一-中壢,2023-02-08,5853
6770,力積電,20,9,11,統一-中壢,2023-02-08,5853
2201,裕隆,12,1,11,統一-中壢,2023-02-08,5853
2633,台灣高鐵,11,0,11,統一-中壢,2023-02-08,5853
3234,光環,12,1,11,統一-中壢,2023-02-08,5853
4916,事欣科,12,1,11,統一-中壢,2023-02-08,5853
6788,華景電,11,0,11,統一-中壢,2023-02-08,5853
4961,天鈺,16,5,11,統一-中壢,2023-02-08,5853
00728,第一金工業30,10,0,10,統一-中壢,2023-02-08,5853
00882,中信中國高股息,10,0,10,統一-中壢,2023-02-08,5853
00753L,中信中國50正2,10,0,10,統一-中壢,2023-02-08,5853
2108,南帝,11,1,10,統一-中壢,2023-02-08,5853
2603,長榮,11,1,10,統一-中壢,2023-02-08,5853
2890,永豐金,10,0,10,統一-中壢,2023-02-08,5853
2891,中信金,10,0,10,統一-中壢,2023-02-08,5853
3532,台勝科,10,0,10,統一-中壢,2023-02-08,5853
9938,百和,10,0,10,統一-中壢,2023-02-08,5853
1909,榮成,9,0,9,統一-中壢,2023-02-08,5853
2369,菱生,10,1,9,統一-中壢,2023-02-08,5853
3059,華晶科,14,5,9,統一-中壢,2023-02-08,5853
3162,精確,10,1,9,統一-中壢,2023-02-08,5853
3705,永信,10,1,9,統一-中壢,2023-02-08,5853
4931,新盛力,10,1,9,統一-中壢,2023-02-08,5853
4968,立積,12,3,9,統一-中壢,2023-02-08,5853
2884,玉山金,102,0,102,統一-中壢,2023-02-09,5853
00878,國泰永續高股息,116,30,86,統一-中壢,2023-02-09,5853
2367,燿華,56,0,56,統一-中壢,2023-02-09,5853
3665,貿聯-KY,51,0,51,統一-中壢,2023-02-09,5853
2344,華邦電,39,1,38,統一-中壢,2023-02-09,5853
0056,元大高股息,41,10,31,統一-中壢,2023-02-09,5853
3357,臺慶科,31,0,31,統一-中壢,2023-02-09,5853
6670,復盛應用,29,1,28,統一-中壢,2023-02-09,5853
2034,允強,20,0,20,統一-中壢,2023-02-09,5853
1301,台塑,20,1,19,統一-中壢,2023-02-09,5853
4128,中天,48,30,18,統一-中壢,2023-02-09,5853
3059,華晶科,16,0,16,統一-中壢,2023-02-09,5853
1309,台達化,15,0,15,統一-中壢,2023-02-09,5853
1437,勤益控,15,0,15,統一-中壢,2023-02-09,5853
3141,晶宏,19,4,15,統一-中壢,2023-02-09,5853
1701,中化,14,0,14,統一-中壢,2023-02-09,5853
2402,毅嘉,15,2,13,統一-中壢,2023-02-09,5853
3693,營邦,14,1,13,統一-中壢,2023-02-09,5853
5351,鈺創,17,4,13,統一-中壢,2023-02-09,5853
9802,鈺齊-KY,13,1,12,統一-中壢,2023-02-09,5853
4904,遠傳,12,0,12,統一-中壢,2023-02-09,5853
8046,南電,15,5,10,統一-中壢,2023-02-09,5853
00770,國泰北美科技,10,0,10,統一-中壢,2023-02-09,5853
00921,兆豐龍頭等權重,10,0,10,統一-中壢,2023-02-09,5853
6741,91APP*-KY,10,0,10,統一-中壢,2023-02-09,5853
8038,長園科,10,0,10,統一-中壢,2023-02-09,5853
1736,喬山,9,0,9,統一-中壢,2023-02-09,5853
2421,建準,9,0,9,統一-中壢,2023-02-09,5853
2613,中櫃,9,0,9,統一-中壢,2023-02-09,5853
2801,彰銀,9,0,9,統一-中壢,2023-02-09,5853
2317,鴻海,10,1,9,統一-中壢,2023-02-09,5853
00905,FT臺灣Smart,8,0,8,統一-中壢,2023-02-09,5853
3454,晶睿,22,14,8,統一-中壢,2023-02-09,5853
3481,群創,8,1,7,統一-中壢,2023-02-09,5853
6443,元晶,9,3,6,統一-中壢,2023-02-09,5853
2368,金像電,7,1,6,統一-中壢,2023-02-09,5853
1409,新纖,6,0,6,統一-中壢,2023-02-09,5853
1707,葡萄王,6,0,6,統一-中壢,2023-02-09,5853
4162,智擎,7,1,6,統一-中壢,2023-02-09,5853
4167,松瑞藥,6,0,6,統一-中壢,2023-02-09,5853
6160,欣技,10,4,6,統一-中壢,2023-02-09,5853
2308,台達電,5,0,5,統一-中壢,2023-02-09,5853
00753L,中信中國50正2,5,0,5,統一-中壢,2023-02-09,5853
2014,中鴻,6,1,5,統一-中壢,2023-02-09,5853
2104,國際中橡,5,0,5,統一-中壢,2023-02-09,5853
2105,正新,5,0,5,統一-中壢,2023-02-09,5853
2201,裕隆,23,18,5,統一-中壢,2023-02-09,5853
2371,大同,5,0,5,統一-中壢,2023-02-09,5853
2376,技嘉,5,0,5,統一-中壢,2023-02-09,5853
2380,虹光,5,0,5,統一-中壢,2023-02-09,5853
2888,新光金,1228,6,1222,統一-中壢,2023-02-10,5853
00632R,元大台灣50反1,1013,23,990,統一-中壢,2023-02-10,5853
6143,振曜,107,6,101,統一-中壢,2023-02-10,5853
00878,國泰永續高股息,58,0,58,統一-中壢,2023-02-10,5853
2201,裕隆,87,30,57,統一-中壢,2023-02-10,5853
2884,玉山金,51,0,51,統一-中壢,2023-02-10,5853
3013,晟銘電,51,1,50,統一-中壢,2023-02-10,5853
2498,宏達電,56,12,44,統一-中壢,2023-02-10,5853
1701,中化,35,1,34,統一-中壢,2023-02-10,5853
2344,華邦電,42,9,33,統一-中壢,2023-02-10,5853
1319,東陽,32,0,32,統一-中壢,2023-02-10,5853
0056,元大高股息,26,0,26,統一-中壢,2023-02-10,5853
3049,精金,25,0,25,統一-中壢,2023-02-10,5853
2609,陽明,30,6,24,統一-中壢,2023-02-10,5853
6116,彩晶,26,2,24,統一-中壢,2023-02-10,5853
00751B,元大AAA至A公司債,22,0,22,統一-中壢,2023-02-10,5853
6282,康舒,34,12,22,統一-中壢,2023-02-10,5853
8105,凌巨,22,1,21,統一-中壢,2023-02-10,5853
2409,友達,19,0,19,統一-中壢,2023-02-10,5853
00637L,元大滬深300正2,29,10,19,統一-中壢,2023-02-10,5853
2364,倫飛,19,0,19,統一-中壢,2023-02-10,5853
6202,盛群,20,1,19,統一-中壢,2023-02-10,5853
2610,華航,26,8,18,統一-中壢,2023-02-10,5853
00679B,元大美債20年,18,0,18,統一-中壢,2023-02-10,5853
1605,華新,22,4,18,統一-中壢,2023-02-10,5853
6770,力積電,18,0,18,統一-中壢,2023-02-10,5853
00720B,元大投資級公司債,17,0,17,統一-中壢,2023-02-10,5853
00753L,中信中國50正2,20,3,17,統一-中壢,2023-02-10,5853
1309,台達化,17,0,17,統一-中壢,2023-02-10,5853
2614,東森,17,0,17,統一-中壢,2023-02-10,5853
4128,中天,29,12,17,統一-中壢,2023-02-10,5853
00903,富邦元宇宙,15,0,15,統一-中壢,2023-02-10,5853
3704,合勤控,20,5,15,統一-中壢,2023-02-10,5853
2601,益航,14,0,14,統一-中壢,2023-02-10,5853
00665L,富邦�琤肭磪囓�2,16,3,13,統一-中壢,2023-02-10,5853
00885,富邦越南,12,0,12,統一-中壢,2023-02-10,5853
1789,神隆,12,0,12,統一-中壢,2023-02-10,5853
4915,致伸,14,2,12,統一-中壢,2023-02-10,5853
6278,台表科,13,1,12,統一-中壢,2023-02-10,5853
2027,大成鋼,11,0,11,統一-中壢,2023-02-10,5853
2484,希華,13,2,11,統一-中壢,2023-02-10,5853
4130,健亞,13,2,11,統一-中壢,2023-02-10,5853
6005,群益證,10,0,10,統一-中壢,2023-02-10,5853
3105,穩懋,12,2,10,統一-中壢,2023-02-10,5853
00773B,中信優先金融債,10,0,10,統一-中壢,2023-02-10,5853
1732,毛寶,10,0,10,統一-中壢,2023-02-10,5853
2104,國際中橡,10,0,10,統一-中壢,2023-02-10,5853
2351,順德,10,0,10,統一-中壢,2023-02-10,5853
2897,王道銀行,10,0,10,統一-中壢,2023-02-10,5853
3178,公準,10,0,10,統一-中壢,2023-02-10,5853
6142,友勁,53,2,51,統一-中壢,2023-02-13,5853
00878,國泰永續高股息,57,10,47,統一-中壢,2023-02-13,5853
3013,晟銘電,39,0,39,統一-中壢,2023-02-13,5853
1504,東元,30,0,30,統一-中壢,2023-02-13,5853
2405,輔信,60,30,30,統一-中壢,2023-02-13,5853
00680L,元大美債20正2,22,0,22,統一-中壢,2023-02-13,5853
2884,玉山金,32,11,21,統一-中壢,2023-02-13,5853
4114,健喬,35,16,19,統一-中壢,2023-02-13,5853
6288,聯嘉,20,1,19,統一-中壢,2023-02-13,5853
0056,元大高股息,27,10,17,統一-中壢,2023-02-13,5853
00751B,元大AAA至A公司債,17,0,17,統一-中壢,2023-02-13,5853
2492,華新科,16,0,16,統一-中壢,2023-02-13,5853
1314,中石化,15,0,15,統一-中壢,2023-02-13,5853
2498,宏達電,27,12,15,統一-中壢,2023-02-13,5853
6269,台郡,22,7,15,統一-中壢,2023-02-13,5853
6806,森崴能源,24,9,15,統一-中壢,2023-02-13,5853
6770,力積電,14,0,14,統一-中壢,2023-02-13,5853
2201,裕隆,20,6,14,統一-中壢,2023-02-13,5853
3494,誠研,14,0,14,統一-中壢,2023-02-13,5853
4909,新復興,15,1,14,統一-中壢,2023-02-13,5853
2208,台船,35,22,13,統一-中壢,2023-02-13,5853
2102,泰豐,22,10,12,統一-中壢,2023-02-13,5853
3481,群創,15,3,12,統一-中壢,2023-02-13,5853
3558,神準,27,15,12,統一-中壢,2023-02-13,5853
3710,連展投控,12,0,12,統一-中壢,2023-02-13,5853
5522,遠雄,11,0,11,統一-中壢,2023-02-13,5853
6152,百一,13,2,11,統一-中壢,2023-02-13,5853
2344,華邦電,12,1,11,統一-中壢,2023-02-13,5853
5871,中租-KY,20,10,10,統一-中壢,2023-02-13,5853
00907,永豐優息存股,10,0,10,統一-中壢,2023-02-13,5853
1732,毛寶,10,0,10,統一-中壢,2023-02-13,5853
2303,聯電,14,4,10,統一-中壢,2023-02-13,5853
2801,彰銀,10,0,10,統一-中壢,2023-02-13,5853
2891,中信金,10,0,10,統一-中壢,2023-02-13,5853
2903,遠百,10,0,10,統一-中壢,2023-02-13,5853
3499,環天科,10,0,10,統一-中壢,2023-02-13,5853
00891,中信關鍵半導體,11,1,10,統一-中壢,2023-02-13,5853
00679B,元大美債20年,9,0,9,統一-中壢,2023-02-13,5853
00772B,中信高評級公司債,9,0,9,統一-中壢,2023-02-13,5853
00900,富邦特選高股息30,8,0,8,統一-中壢,2023-02-13,5853
3594,磐儀,10,2,8,統一-中壢,2023-02-13,5853
00720B,元大投資級公司債,7,0,7,統一-中壢,2023-02-13,5853
00773B,中信優先金融債,7,0,7,統一-中壢,2023-02-13,5853
00753L,中信中國50正2,7,0,7,統一-中壢,2023-02-13,5853
6129,普誠,7,0,7,統一-中壢,2023-02-13,5853
6443,元晶,7,0,7,統一-中壢,2023-02-13,5853
8033,雷虎,14,7,7,統一-中壢,2023-02-13,5853
5351,鈺創,10,4,6,統一-中壢,2023-02-13,5853
00905,FT臺灣Smart,6,0,6,統一-中壢,2023-02-13,5853
3664,安瑞-KY,6,0,6,統一-中壢,2023-02-13,5853
3481,群創,134,37,97,統一-中壢,2023-02-14,5853
00637L,元大滬深300正2,61,10,51,統一-中壢,2023-02-14,5853
00679B,元大美債20年,43,0,43,統一-中壢,2023-02-14,5853
1305,華夏,41,0,41,統一-中壢,2023-02-14,5853
00632R,元大台灣50反1,35,0,35,統一-中壢,2023-02-14,5853
00720B,元大投資級公司債,35,0,35,統一-中壢,2023-02-14,5853
6133,金橋,33,4,29,統一-中壢,2023-02-14,5853
2009,第一銅,28,5,23,統一-中壢,2023-02-14,5853
2891,中信金,24,1,23,統一-中壢,2023-02-14,5853
5531,鄉林,20,0,20,統一-中壢,2023-02-14,5853
6288,聯嘉,21,1,20,統一-中壢,2023-02-14,5853
00878,國泰永續高股息,70,52,18,統一-中壢,2023-02-14,5853
3665,貿聯-KY,18,0,18,統一-中壢,2023-02-14,5853
6517,保勝光學,27,9,18,統一-中壢,2023-02-14,5853
2027,大成鋼,17,0,17,統一-中壢,2023-02-14,5853
2351,順德,17,3,14,統一-中壢,2023-02-14,5853
4114,健喬,19,5,14,統一-中壢,2023-02-14,5853
2883,凱基金,13,0,13,統一-中壢,2023-02-14,5853
3520,華盈,12,0,12,統一-中壢,2023-02-14,5853
6235,華孚,43,31,12,統一-中壢,2023-02-14,5853
00772B,中信高評級公司債,11,0,11,統一-中壢,2023-02-14,5853
2369,菱生,11,0,11,統一-中壢,2023-02-14,5853
2388,威盛,15,4,11,統一-中壢,2023-02-14,5853
2615,萬海,14,3,11,統一-中壢,2023-02-14,5853
4979,華星光,12,1,11,統一-中壢,2023-02-14,5853
6101,寬魚國際,12,1,11,統一-中壢,2023-02-14,5853
6282,康舒,14,3,11,統一-中壢,2023-02-14,5853
1304,台聚,10,0,10,統一-中壢,2023-02-14,5853
00680L,元大美債20正2,10,0,10,統一-中壢,2023-02-14,5853
00900,富邦特選高股息30,10,0,10,統一-中壢,2023-02-14,5853
2104,國際中橡,10,0,10,統一-中壢,2023-02-14,5853
3094,聯傑,12,2,10,統一-中壢,2023-02-14,5853
3704,合勤控,12,2,10,統一-中壢,2023-02-14,5853
6189,豐藝,10,0,10,統一-中壢,2023-02-14,5853
8105,凌巨,11,1,10,統一-中壢,2023-02-14,5853
8942,森鉅,10,0,10,統一-中壢,2023-02-14,5853
3046,建��,10,1,9,統一-中壢,2023-02-14,5853
3552,同致,11,2,9,統一-中壢,2023-02-14,5853
2855,統一證,10,1,9,統一-中壢,2023-02-14,5853
2440,太空梭,8,0,8,統一-中壢,2023-02-14,5853
2471,資通,16,8,8,統一-中壢,2023-02-14,5853
3062,建漢,14,6,8,統一-中壢,2023-02-14,5853
3545,敦泰,8,0,8,統一-中壢,2023-02-14,5853
3707,漢磊,8,0,8,統一-中壢,2023-02-14,5853
3494,誠研,12,5,7,統一-中壢,2023-02-14,5853
3479,安勤,17,10,7,統一-中壢,2023-02-14,5853
00885,富邦越南,31,25,6,統一-中壢,2023-02-14,5853
00665L,富邦�琤肭磪囓�2,10,4,6,統一-中壢,2023-02-14,5853
2352,佳世達,6,0,6,統一-中壢,2023-02-14,5853
2465,麗臺,6,0,6,統一-中壢,2023-02-14,5853
00632R,元大台灣50反1,640,499,141,統一-中壢,2023-02-15,5853
8358,金居,139,3,136,統一-中壢,2023-02-15,5853
3092,鴻碩,100,0,100,統一-中壢,2023-02-15,5853
3481,群創,152,64,88,統一-中壢,2023-02-15,5853
00878,國泰永續高股息,140,97,43,統一-中壢,2023-02-15,5853
2409,友達,54,13,41,統一-中壢,2023-02-15,5853
00881,國泰台灣5G+,32,1,31,統一-中壢,2023-02-15,5853
00753L,中信中國50正2,30,0,30,統一-中壢,2023-02-15,5853
5315,光聯,27,0,27,統一-中壢,2023-02-15,5853
2884,玉山金,22,2,20,統一-中壢,2023-02-15,5853
00680L,元大美債20正2,20,0,20,統一-中壢,2023-02-15,5853
2882,國泰金,21,1,20,統一-中壢,2023-02-15,5853
6142,友勁,20,0,20,統一-中壢,2023-02-15,5853
2453,凌群,41,23,18,統一-中壢,2023-02-15,5853
2206,三陽工業,16,0,16,統一-中壢,2023-02-15,5853
1514,亞力,16,1,15,統一-中壢,2023-02-15,5853
5704,老爺知,15,0,15,統一-中壢,2023-02-15,5853
1437,勤益控,18,4,14,統一-中壢,2023-02-15,5853
2027,大成鋼,16,2,14,統一-中壢,2023-02-15,5853
6770,力積電,15,2,13,統一-中壢,2023-02-15,5853
00715L,期街口布蘭特正2,13,0,13,統一-中壢,2023-02-15,5853
5351,鈺創,14,1,13,統一-中壢,2023-02-15,5853
00900,富邦特選高股息30,12,0,12,統一-中壢,2023-02-15,5853
6411,晶焱,15,3,12,統一-中壢,2023-02-15,5853
0056,元大高股息,14,3,11,統一-中壢,2023-02-15,5853
4966,譜瑞-KY,11,0,11,統一-中壢,2023-02-15,5853
00665L,富邦�琤肭磪囓�2,13,2,11,統一-中壢,2023-02-15,5853
2734,易飛網,11,0,11,統一-中壢,2023-02-15,5853
3624,光頡,13,2,11,統一-中壢,2023-02-15,5853
2609,陽明,16,6,10,統一-中壢,2023-02-15,5853
2038,海光,10,0,10,統一-中壢,2023-02-15,5853
2881,富邦金,10,0,10,統一-中壢,2023-02-15,5853
6182,合晶,10,0,10,統一-中壢,2023-02-15,5853
6541,泰福-KY,10,0,10,統一-中壢,2023-02-15,5853
6592,和潤企業,10,0,10,統一-中壢,2023-02-15,5853
2736,富野,9,0,9,統一-中壢,2023-02-15,5853
4961,天鈺,10,1,9,統一-中壢,2023-02-15,5853
2317,鴻海,18,9,9,統一-中壢,2023-02-15,5853
1527,鑽全,8,0,8,統一-中壢,2023-02-15,5853
2344,華邦電,8,0,8,統一-中壢,2023-02-15,5853
2618,長榮航,8,0,8,統一-中壢,2023-02-15,5853
3058,立德,8,0,8,統一-中壢,2023-02-15,5853
4934,太極,8,0,8,統一-中壢,2023-02-15,5853
6133,金橋,8,0,8,統一-中壢,2023-02-15,5853
8255,朋程,10,2,8,統一-中壢,2023-02-15,5853
6517,保勝光學,8,1,7,統一-中壢,2023-02-15,5853
2440,太空梭,10,3,7,統一-中壢,2023-02-15,5853
3362,先進光,9,2,7,統一-中壢,2023-02-15,5853
6494,九齊,7,0,7,統一-中壢,2023-02-15,5853
3665,貿聯-KY,7,0,7,統一-中壢,2023-02-15,5853
00632R,元大台灣50反1,490,2,488,統一-中壢,2023-02-16,5853
00878,國泰永續高股息,189,15,174,統一-中壢,2023-02-16,5853
00680L,元大美債20正2,120,20,100,統一-中壢,2023-02-16,5853
5871,中租-KY,37,2,35,統一-中壢,2023-02-16,5853
3665,貿聯-KY,35,1,34,統一-中壢,2023-02-16,5853
3653,健策,34,1,33,統一-中壢,2023-02-16,5853
6290,良維,37,6,31,統一-中壢,2023-02-16,5853
8105,凌巨,32,2,30,統一-中壢,2023-02-16,5853
1519,華城,31,6,25,統一-中壢,2023-02-16,5853
2915,潤泰全,26,1,25,統一-中壢,2023-02-16,5853
5425,台半,52,29,23,統一-中壢,2023-02-16,5853
2734,易飛網,23,1,22,統一-中壢,2023-02-16,5853
8171,天宇,21,0,21,統一-中壢,2023-02-16,5853
3297,杭特,20,0,20,統一-中壢,2023-02-16,5853
1314,中石化,15,0,15,統一-中壢,2023-02-16,5853
1709,和益,15,0,15,統一-中壢,2023-02-16,5853
00903,富邦元宇宙,20,6,14,統一-中壢,2023-02-16,5853
2371,大同,15,2,13,統一-中壢,2023-02-16,5853
3624,光頡,28,15,13,統一-中壢,2023-02-16,5853
6806,森崴能源,16,3,13,統一-中壢,2023-02-16,5853
2812,台中銀,12,0,12,統一-中壢,2023-02-16,5853
00773B,中信優先金融債,11,0,11,統一-中壢,2023-02-16,5853
2702,華園,12,1,11,統一-中壢,2023-02-16,5853
2609,陽明,15,4,11,統一-中壢,2023-02-16,5853
00795B,中信美國公債20年,10,0,10,統一-中壢,2023-02-16,5853
00687B,國泰20年美債,10,0,10,統一-中壢,2023-02-16,5853
1473,台南,10,0,10,統一-中壢,2023-02-16,5853
2444,兆勁,10,0,10,統一-中壢,2023-02-16,5853
2482,連宇,10,0,10,統一-中壢,2023-02-16,5853
2880,華南金,10,0,10,統一-中壢,2023-02-16,5853
3419,譁裕,10,0,10,統一-中壢,2023-02-16,5853
5315,光聯,10,0,10,統一-中壢,2023-02-16,5853
6160,欣技,10,0,10,統一-中壢,2023-02-16,5853
00885,富邦越南,9,0,9,統一-中壢,2023-02-16,5853
2731,雄獅,13,4,9,統一-中壢,2023-02-16,5853
8183,精星,11,3,8,統一-中壢,2023-02-16,5853
8234,新漢,9,1,8,統一-中壢,2023-02-16,5853
1417,嘉裕,8,1,7,統一-中壢,2023-02-16,5853
1560,中砂,7,0,7,統一-中壢,2023-02-16,5853
3035,智原,12,5,7,統一-中壢,2023-02-16,5853
3532,台勝科,7,0,7,統一-中壢,2023-02-16,5853
3710,連展投控,7,0,7,統一-中壢,2023-02-16,5853
00746B,富邦A級公司債,6,0,6,統一-中壢,2023-02-16,5853
1513,中興電,13,7,6,統一-中壢,2023-02-16,5853
1711,永光,6,0,6,統一-中壢,2023-02-16,5853
1712,興農,6,0,6,統一-中壢,2023-02-16,5853
2331,精英,6,0,6,統一-中壢,2023-02-16,5853
3105,穩懋,6,0,6,統一-中壢,2023-02-16,5853
6235,華孚,12,6,6,統一-中壢,2023-02-16,5853
8040,九暘,6,0,6,統一-中壢,2023-02-16,5853
00878,國泰永續高股息,98,6,92,統一-中壢,2023-02-17,5853
2610,華航,81,24,57,統一-中壢,2023-02-17,5853
6116,彩晶,88,47,41,統一-中壢,2023-02-17,5853
00680L,元大美債20正2,40,0,40,統一-中壢,2023-02-17,5853
3481,群創,113,74,39,統一-中壢,2023-02-17,5853
2102,泰豐,34,0,34,統一-中壢,2023-02-17,5853
00637L,元大滬深300正2,45,15,30,統一-中壢,2023-02-17,5853
00893,國泰智能電動車,27,0,27,統一-中壢,2023-02-17,5853
2618,長榮航,31,5,26,統一-中壢,2023-02-17,5853
3665,貿聯-KY,26,0,26,統一-中壢,2023-02-17,5853
00673R,期元大S＆P原油反1,25,0,25,統一-中壢,2023-02-17,5853
2888,新光金,24,0,24,統一-中壢,2023-02-17,5853
00753L,中信中國50正2,22,0,22,統一-中壢,2023-02-17,5853
00881,國泰台灣5G+,20,0,20,統一-中壢,2023-02-17,5853
1504,東元,39,19,20,統一-中壢,2023-02-17,5853
9907,統一實,20,0,20,統一-中壢,2023-02-17,5853
3357,臺慶科,20,1,19,統一-中壢,2023-02-17,5853
6443,元晶,25,8,17,統一-中壢,2023-02-17,5853
2885,元大金,16,0,16,統一-中壢,2023-02-17,5853
2390,云辰,15,0,15,統一-中壢,2023-02-17,5853
3710,連展投控,15,0,15,統一-中壢,2023-02-17,5853
1517,利奇,13,0,13,統一-中壢,2023-02-17,5853
1709,和益,13,0,13,統一-中壢,2023-02-17,5853
2329,華泰,16,3,13,統一-中壢,2023-02-17,5853
4168,醣聯,14,1,13,統一-中壢,2023-02-17,5853
00679B,元大美債20年,12,0,12,統一-中壢,2023-02-17,5853
1234,黑松,12,0,12,統一-中壢,2023-02-17,5853
3037,欣興,16,5,11,統一-中壢,2023-02-17,5853
00665L,富邦�琤肭磪囓�2,16,5,11,統一-中壢,2023-02-17,5853
00882,中信中國高股息,11,0,11,統一-中壢,2023-02-17,5853
2451,創見,11,0,11,統一-中壢,2023-02-17,5853
5269,祥碩,11,0,11,統一-中壢,2023-02-17,5853
00907,永豐優息存股,10,0,10,統一-中壢,2023-02-17,5853
00773B,中信優先金融債,10,0,10,統一-中壢,2023-02-17,5853
2634,漢翔,15,5,10,統一-中壢,2023-02-17,5853
2890,永豐金,10,0,10,統一-中壢,2023-02-17,5853
3374,精材,13,3,10,統一-中壢,2023-02-17,5853
00772B,中信高評級公司債,10,0,10,統一-中壢,2023-02-17,5853
00751B,元大AAA至A公司債,9,0,9,統一-中壢,2023-02-17,5853
2344,華邦電,13,4,9,統一-中壢,2023-02-17,5853
3443,創意,14,5,9,統一-中壢,2023-02-17,5853
3013,晟銘電,9,0,9,統一-中壢,2023-02-17,5853
4979,華星光,16,7,9,統一-中壢,2023-02-17,5853
00919,群益台灣精選高息,8,0,8,統一-中壢,2023-02-17,5853
1584,精剛,12,4,8,統一-中壢,2023-02-17,5853
1605,華新,54,46,8,統一-中壢,2023-02-17,5853
3189,景碩,10,2,8,統一-中壢,2023-02-17,5853
2330,台積電,19,11,8,統一-中壢,2023-02-17,5853
2371,大同,8,1,7,統一-中壢,2023-02-17,5853
2497,怡利電,7,0,7,統一-中壢,2023-02-17,5853
6122,擎邦,147,0,147,統一-中壢,2023-02-20,5853
00637L,元大滬深300正2,99,32,67,統一-中壢,2023-02-20,5853
3665,貿聯-KY,67,3,64,統一-中壢,2023-02-20,5853
2881,富邦金,67,4,63,統一-中壢,2023-02-20,5853
00720B,元大投資級公司債,56,0,56,統一-中壢,2023-02-20,5853
00902,中信電池及儲能,47,0,47,統一-中壢,2023-02-20,5853
6116,彩晶,55,22,33,統一-中壢,2023-02-20,5853
6142,友勁,30,0,30,統一-中壢,2023-02-20,5853
00878,國泰永續高股息,40,12,28,統一-中壢,2023-02-20,5853
2610,華航,44,19,25,統一-中壢,2023-02-20,5853
00893,國泰智能電動車,25,3,22,統一-中壢,2023-02-20,5853
00715L,期街口布蘭特正2,27,5,22,統一-中壢,2023-02-20,5853
2102,泰豐,20,0,20,統一-中壢,2023-02-20,5853
2867,三商壽,20,0,20,統一-中壢,2023-02-20,5853
3710,連展投控,20,0,20,統一-中壢,2023-02-20,5853
9907,統一實,20,0,20,統一-中壢,2023-02-20,5853
1701,中化,18,0,18,統一-中壢,2023-02-20,5853
5425,台半,62,46,16,統一-中壢,2023-02-20,5853
1519,華城,34,18,16,統一-中壢,2023-02-20,5853
2317,鴻海,49,33,16,統一-中壢,2023-02-20,5853
8261,富鼎,14,0,14,統一-中壢,2023-02-20,5853
2376,技嘉,14,0,14,統一-中壢,2023-02-20,5853
4114,健喬,14,1,13,統一-中壢,2023-02-20,5853
2884,玉山金,28,16,12,統一-中壢,2023-02-20,5853
1795,美時,28,17,11,統一-中壢,2023-02-20,5853
2206,三陽工業,11,0,11,統一-中壢,2023-02-20,5853
2471,資通,12,1,11,統一-中壢,2023-02-20,5853
2618,長榮航,33,22,11,統一-中壢,2023-02-20,5853
6125,廣運,11,0,11,統一-中壢,2023-02-20,5853
9924,福興,11,0,11,統一-中壢,2023-02-20,5853
00687B,國泰20年美債,10,0,10,統一-中壢,2023-02-20,5853
1524,耿鼎,10,0,10,統一-中壢,2023-02-20,5853
1609,大亞,16,6,10,統一-中壢,2023-02-20,5853
2108,南帝,15,5,10,統一-中壢,2023-02-20,5853
2340,台亞,11,1,10,統一-中壢,2023-02-20,5853
8155,博智,10,0,10,統一-中壢,2023-02-20,5853
6266,泰詠,10,0,10,統一-中壢,2023-02-20,5853
2425,承啟,9,0,9,統一-中壢,2023-02-20,5853
2457,飛宏,31,22,9,統一-中壢,2023-02-20,5853
5009,榮剛,12,3,9,統一-中壢,2023-02-20,5853
5299,杰力,10,1,9,統一-中壢,2023-02-20,5853
00632R,元大台灣50反1,10,2,8,統一-中壢,2023-02-20,5853
2236,百達-KY,8,0,8,統一-中壢,2023-02-20,5853
2371,大同,9,1,8,統一-中壢,2023-02-20,5853
3189,景碩,12,4,8,統一-中壢,2023-02-20,5853
6138,茂達,8,0,8,統一-中壢,2023-02-20,5853
00772B,中信高評級公司債,7,0,7,統一-中壢,2023-02-20,5853
1319,東陽,7,0,7,統一-中壢,2023-02-20,5853
2489,瑞軒,8,1,7,統一-中壢,2023-02-20,5853
4743,合一,13,6,7,統一-中壢,2023-02-20,5853
00878,國泰永續高股息,100,3,97,統一-中壢,2023-02-21,5853
6282,康舒,95,34,61,統一-中壢,2023-02-21,5853
00725B,國泰投資級公司債,55,0,55,統一-中壢,2023-02-21,5853
2610,華航,66,13,53,統一-中壢,2023-02-21,5853
2888,新光金,53,0,53,統一-中壢,2023-02-21,5853
6122,擎邦,53,0,53,統一-中壢,2023-02-21,5853
2884,玉山金,183,132,51,統一-中壢,2023-02-21,5853
00632R,元大台灣50反1,50,0,50,統一-中壢,2023-02-21,5853
3665,貿聯-KY,49,1,48,統一-中壢,2023-02-21,5853
8936,國統,48,3,45,統一-中壢,2023-02-21,5853
2618,長榮航,65,22,43,統一-中壢,2023-02-21,5853
6770,力積電,51,11,40,統一-中壢,2023-02-21,5853
2367,燿華,37,1,36,統一-中壢,2023-02-21,5853
2102,泰豐,31,0,31,統一-中壢,2023-02-21,5853
1752,南光,30,0,30,統一-中壢,2023-02-21,5853
6182,合晶,30,5,25,統一-中壢,2023-02-21,5853
2707,晶華,21,0,21,統一-中壢,2023-02-21,5853
4904,遠傳,21,0,21,統一-中壢,2023-02-21,5853
00679B,元大美債20年,20,0,20,統一-中壢,2023-02-21,5853
2882,國泰金,20,0,20,統一-中壢,2023-02-21,5853
2883,凱基金,20,0,20,統一-中壢,2023-02-21,5853
2609,陽明,50,31,19,統一-中壢,2023-02-21,5853
4744,皇將,20,2,18,統一-中壢,2023-02-21,5853
2313,華通,20,3,17,統一-中壢,2023-02-21,5853
2492,華新科,18,1,17,統一-中壢,2023-02-21,5853
9802,鈺齊-KY,16,0,16,統一-中壢,2023-02-21,5853
00760B,復華新興企業債,16,0,16,統一-中壢,2023-02-21,5853
00885,富邦越南,20,5,15,統一-中壢,2023-02-21,5853
1524,耿鼎,22,7,15,統一-中壢,2023-02-21,5853
5344,立衛,13,0,13,統一-中壢,2023-02-21,5853
2545,皇翔,12,0,12,統一-中壢,2023-02-21,5853
2327,國巨,12,1,11,統一-中壢,2023-02-21,5853
8150,南茂,11,0,11,統一-中壢,2023-02-21,5853
6116,彩晶,14,3,11,統一-中壢,2023-02-21,5853
1303,南亞,10,0,10,統一-中壢,2023-02-21,5853
1584,精剛,17,7,10,統一-中壢,2023-02-21,5853
2228,劍麟,10,0,10,統一-中壢,2023-02-21,5853
3710,連展投控,12,2,10,統一-中壢,2023-02-21,5853
4116,明基醫,10,0,10,統一-中壢,2023-02-21,5853
6202,盛群,11,1,10,統一-中壢,2023-02-21,5853
8105,凌巨,10,0,10,統一-中壢,2023-02-21,5853
00753L,中信中國50正2,10,1,9,統一-中壢,2023-02-21,5853
00665L,富邦�琤肭磪囓�2,16,7,9,統一-中壢,2023-02-21,5853
5608,四維航,10,1,9,統一-中壢,2023-02-21,5853
9919,康那香,10,1,9,統一-中壢,2023-02-21,5853
1527,鑽全,8,0,8,統一-中壢,2023-02-21,5853
2486,一詮,8,0,8,統一-中壢,2023-02-21,5853
2634,漢翔,14,6,8,統一-中壢,2023-02-21,5853
6231,系微,11,3,8,統一-中壢,2023-02-21,5853
2476,鉅祥,7,0,7,統一-中壢,2023-02-21,5853
00878,國泰永續高股息,138,1,137,統一-中壢,2023-02-22,5853
00893,國泰智能電動車,130,4,126,統一-中壢,2023-02-22,5853
0050,元大台灣50,88,0,88,統一-中壢,2023-02-22,5853
2618,長榮航,74,0,74,統一-中壢,2023-02-22,5853
0056,元大高股息,40,6,34,統一-中壢,2023-02-22,5853
00753L,中信中國50正2,32,1,31,統一-中壢,2023-02-22,5853
6133,金橋,31,0,31,統一-中壢,2023-02-22,5853
2344,華邦電,31,1,30,統一-中壢,2023-02-22,5853
4979,華星光,30,1,29,統一-中壢,2023-02-22,5853
2883,凱基金,25,0,25,統一-中壢,2023-02-22,5853
3665,貿聯-KY,29,6,23,統一-中壢,2023-02-22,5853
6282,康舒,41,19,22,統一-中壢,2023-02-22,5853
3357,臺慶科,21,0,21,統一-中壢,2023-02-22,5853
6125,廣運,20,0,20,統一-中壢,2023-02-22,5853
6770,力積電,20,0,20,統一-中壢,2023-02-22,5853
2303,聯電,20,1,19,統一-中壢,2023-02-22,5853
00902,中信電池及儲能,19,0,19,統一-中壢,2023-02-22,5853
5475,德宏,18,0,18,統一-中壢,2023-02-22,5853
3037,欣興,27,10,17,統一-中壢,2023-02-22,5853
3189,景碩,16,0,16,統一-中壢,2023-02-22,5853
00881,國泰台灣5G+,15,0,15,統一-中壢,2023-02-22,5853
5381,合正,15,0,15,統一-中壢,2023-02-22,5853
2201,裕隆,15,0,15,統一-中壢,2023-02-22,5853
1215,卜蜂,14,0,14,統一-中壢,2023-02-22,5853
6116,彩晶,16,2,14,統一-中壢,2023-02-22,5853
1605,華新,54,41,13,統一-中壢,2023-02-22,5853
1513,中興電,13,2,11,統一-中壢,2023-02-22,5853
4129,聯合,11,0,11,統一-中壢,2023-02-22,5853
5014,建錩,11,0,11,統一-中壢,2023-02-22,5853
6182,合晶,13,2,11,統一-中壢,2023-02-22,5853
9942,茂順,11,0,11,統一-中壢,2023-02-22,5853
00725B,國泰投資級公司債,10,0,10,統一-中壢,2023-02-22,5853
1815,富喬,10,0,10,統一-中壢,2023-02-22,5853
2363,矽統,10,0,10,統一-中壢,2023-02-22,5853
3178,公準,10,0,10,統一-中壢,2023-02-22,5853
4744,皇將,10,0,10,統一-中壢,2023-02-22,5853
5880,合庫金,10,0,10,統一-中壢,2023-02-22,5853
00712,復華富時不動產,10,0,10,統一-中壢,2023-02-22,5853
00720B,元大投資級公司債,11,1,10,統一-中壢,2023-02-22,5853
4961,天鈺,17,8,9,統一-中壢,2023-02-22,5853
8261,富鼎,9,0,9,統一-中壢,2023-02-22,5853
1218,泰山,10,1,9,統一-中壢,2023-02-22,5853
1609,大亞,14,5,9,統一-中壢,2023-02-22,5853
2301,光寶科,9,0,9,統一-中壢,2023-02-22,5853
3322,建舜電,10,1,9,統一-中壢,2023-02-22,5853
5512,力麒,22,13,9,統一-中壢,2023-02-22,5853
6150,撼訊,10,1,9,統一-中壢,2023-02-22,5853
8112,至上,9,0,9,統一-中壢,2023-02-22,5853
1504,東元,8,0,8,統一-中壢,2023-02-22,5853
4114,健喬,9,1,8,統一-中壢,2023-02-22,5853
2330,台積電,98,10,88,統一-中壢,2023-02-23,5853
00715L,期街口布蘭特正2,63,5,58,統一-中壢,2023-02-23,5853
00632R,元大台灣50反1,49,0,49,統一-中壢,2023-02-23,5853
4739,康普,42,0,42,統一-中壢,2023-02-23,5853
2615,萬海,43,3,40,統一-中壢,2023-02-23,5853
00637L,元大滬深300正2,30,0,30,統一-中壢,2023-02-23,5853
3481,群創,308,279,29,統一-中壢,2023-02-23,5853
2610,華航,26,1,25,統一-中壢,2023-02-23,5853
5381,合正,25,0,25,統一-中壢,2023-02-23,5853
2317,鴻海,33,8,25,統一-中壢,2023-02-23,5853
00919,群益台灣精選高息,25,3,22,統一-中壢,2023-02-23,5853
00642U,期元大S＆P石油,22,0,22,統一-中壢,2023-02-23,5853
2399,映泰,34,13,21,統一-中壢,2023-02-23,5853
2409,友達,28,8,20,統一-中壢,2023-02-23,5853
1795,美時,38,18,20,統一-中壢,2023-02-23,5853
8050,廣積,22,2,20,統一-中壢,2023-02-23,5853
00720B,元大投資級公司債,22,3,19,統一-中壢,2023-02-23,5853
00892,富邦台灣半導體,20,2,18,統一-中壢,2023-02-23,5853
2731,雄獅,20,2,18,統一-中壢,2023-02-23,5853
2743,山富,18,0,18,統一-中壢,2023-02-23,5853
6116,彩晶,23,5,18,統一-中壢,2023-02-23,5853
1701,中化,20,4,16,統一-中壢,2023-02-23,5853
3710,連展投控,15,0,15,統一-中壢,2023-02-23,5853
4129,聯合,15,0,15,統一-中壢,2023-02-23,5853
5210,寶碩,15,0,15,統一-中壢,2023-02-23,5853
8289,泰藝,15,0,15,統一-中壢,2023-02-23,5853
2736,富野,17,3,14,統一-中壢,2023-02-23,5853
2618,長榮航,19,6,13,統一-中壢,2023-02-23,5853
4916,事欣科,13,0,13,統一-中壢,2023-02-23,5853
2906,高林,14,1,13,統一-中壢,2023-02-23,5853
5701,劍湖山,12,0,12,統一-中壢,2023-02-23,5853
5706,鳳凰,18,6,12,統一-中壢,2023-02-23,5853
2884,玉山金,38,27,11,統一-中壢,2023-02-23,5853
2102,泰豐,11,0,11,統一-中壢,2023-02-23,5853
2388,威盛,22,11,11,統一-中壢,2023-02-23,5853
2634,漢翔,12,1,11,統一-中壢,2023-02-23,5853
3252,海灣,12,1,11,統一-中壢,2023-02-23,5853
3665,貿聯-KY,11,0,11,統一-中壢,2023-02-23,5853
5905,南仁湖,11,0,11,統一-中壢,2023-02-23,5853
6118,建達,15,4,11,統一-中壢,2023-02-23,5853
1103,嘉泥,10,0,10,統一-中壢,2023-02-23,5853
2451,創見,10,0,10,統一-中壢,2023-02-23,5853
2505,國揚,10,0,10,統一-中壢,2023-02-23,5853
4164,承業醫,10,0,10,統一-中壢,2023-02-23,5853
4744,皇將,10,0,10,統一-中壢,2023-02-23,5853
4952,凌通,10,0,10,統一-中壢,2023-02-23,5853
6140,訊達,10,0,10,統一-中壢,2023-02-23,5853
8076,伍豐,10,0,10,統一-中壢,2023-02-23,5853
8097,常珵,10,0,10,統一-中壢,2023-02-23,5853
8171,天宇,10,0,10,統一-中壢,2023-02-23,5853
00637L,元大滬深300正2,209,17,192,統一-中壢,2023-02-24,5853
2317,鴻海,85,2,83,統一-中壢,2023-02-24,5853
00878,國泰永續高股息,66,2,64,統一-中壢,2023-02-24,5853
00882,中信中國高股息,57,0,57,統一-中壢,2023-02-24,5853
5009,榮剛,69,15,54,統一-中壢,2023-02-24,5853
00753L,中信中國50正2,37,0,37,統一-中壢,2023-02-24,5853
0056,元大高股息,35,3,32,統一-中壢,2023-02-24,5853
3665,貿聯-KY,31,0,31,統一-中壢,2023-02-24,5853
3710,連展投控,26,0,26,統一-中壢,2023-02-24,5853
1437,勤益控,25,0,25,統一-中壢,2023-02-24,5853
3024,憶聲,30,5,25,統一-中壢,2023-02-24,5853
2611,志信,43,21,22,統一-中壢,2023-02-24,5853
8033,雷虎,25,4,21,統一-中壢,2023-02-24,5853
3037,欣興,41,20,21,統一-中壢,2023-02-24,5853
2303,聯電,34,14,20,統一-中壢,2023-02-24,5853
5512,力麒,24,7,17,統一-中壢,2023-02-24,5853
2030,彰源,17,0,17,統一-中壢,2023-02-24,5853
5608,四維航,37,20,17,統一-中壢,2023-02-24,5853
1314,中石化,16,0,16,統一-中壢,2023-02-24,5853
1605,華新,36,21,15,統一-中壢,2023-02-24,5853
00885,富邦越南,15,0,15,統一-中壢,2023-02-24,5853
2349,錸德,15,0,15,統一-中壢,2023-02-24,5853
4433,興采,16,1,15,統一-中壢,2023-02-24,5853
00881,國泰台灣5G+,17,3,14,統一-中壢,2023-02-24,5853
2367,燿華,24,10,14,統一-中壢,2023-02-24,5853
00713,元大台灣高息低波,16,3,13,統一-中壢,2023-02-24,5853
00772B,中信高評級公司債,13,0,13,統一-中壢,2023-02-24,5853
6443,元晶,13,0,13,統一-中壢,2023-02-24,5853
2834,臺企銀,13,1,12,統一-中壢,2023-02-24,5853
3027,盛達,15,3,12,統一-中壢,2023-02-24,5853
6129,普誠,13,1,12,統一-中壢,2023-02-24,5853
8049,晶采,12,0,12,統一-中壢,2023-02-24,5853
2702,華園,12,1,11,統一-中壢,2023-02-24,5853
3481,群創,23,12,11,統一-中壢,2023-02-24,5853
6266,泰詠,11,0,11,統一-中壢,2023-02-24,5853
2102,泰豐,10,0,10,統一-中壢,2023-02-24,5853
2363,矽統,12,2,10,統一-中壢,2023-02-24,5853
3178,公準,10,0,10,統一-中壢,2023-02-24,5853
3290,東浦,10,0,10,統一-中壢,2023-02-24,5853
3297,杭特,10,0,10,統一-中壢,2023-02-24,5853
3357,臺慶科,10,0,10,統一-中壢,2023-02-24,5853
3499,環天科,10,0,10,統一-中壢,2023-02-24,5853
4904,遠傳,10,0,10,統一-中壢,2023-02-24,5853
6233,旺玖,10,0,10,統一-中壢,2023-02-24,5853
2330,台積電,12,3,9,統一-中壢,2023-02-24,5853
2002,中鋼,9,0,9,統一-中壢,2023-02-24,5853
2641,正德,10,1,9,統一-中壢,2023-02-24,5853
2883,凱基金,9,0,9,統一-中壢,2023-02-24,5853
6026,福邦證,10,1,9,統一-中壢,2023-02-24,5853
9945,潤泰新,15,6,9,統一-中壢,2023-02-24,5853
00878,國泰永續高股息,111,10,101,統一-中壢,2023-03-01,5853
00885,富邦越南,53,0,53,統一-中壢,2023-03-01,5853
2002,中鋼,48,0,48,統一-中壢,2023-03-01,5853
2610,華航,50,2,48,統一-中壢,2023-03-01,5853
2344,華邦電,52,11,41,統一-中壢,2023-03-01,5853
8176,智捷,40,0,40,統一-中壢,2023-03-01,5853
00632R,元大台灣50反1,35,1,34,統一-中壢,2023-03-01,5853
1101,台泥,33,0,33,統一-中壢,2023-03-01,5853
00882,中信中國高股息,31,0,31,統一-中壢,2023-03-01,5853
1605,華新,108,81,27,統一-中壢,2023-03-01,5853
2105,正新,25,0,25,統一-中壢,2023-03-01,5853
2892,第一金,25,0,25,統一-中壢,2023-03-01,5853
2605,新興,27,3,24,統一-中壢,2023-03-01,5853
6278,台表科,24,0,24,統一-中壢,2023-03-01,5853
2618,長榮航,27,4,23,統一-中壢,2023-03-01,5853
1319,東陽,20,0,20,統一-中壢,2023-03-01,5853
6217,中探針,18,0,18,統一-中壢,2023-03-01,5853
6770,力積電,23,6,17,統一-中壢,2023-03-01,5853
5009,榮剛,17,0,17,統一-中壢,2023-03-01,5853
2884,玉山金,57,40,17,統一-中壢,2023-03-01,5853
3027,盛達,17,1,16,統一-中壢,2023-03-01,5853
3290,東浦,17,1,16,統一-中壢,2023-03-01,5853
2388,威盛,24,9,15,統一-中壢,2023-03-01,5853
2492,華新科,17,3,14,統一-中壢,2023-03-01,5853
2637,慧洋-KY,15,1,14,統一-中壢,2023-03-01,5853
2609,陽明,17,5,12,統一-中壢,2023-03-01,5853
3362,先進光,16,4,12,統一-中壢,2023-03-01,5853
2415,錩新,11,0,11,統一-中壢,2023-03-01,5853
2498,宏達電,20,9,11,統一-中壢,2023-03-01,5853
0056,元大高股息,15,4,11,統一-中壢,2023-03-01,5853
2017,官田鋼,10,0,10,統一-中壢,2023-03-01,5853
2504,國產,10,0,10,統一-中壢,2023-03-01,5853
2736,富野,10,0,10,統一-中壢,2023-03-01,5853
2836,高雄銀,10,0,10,統一-中壢,2023-03-01,5853
2880,華南金,10,0,10,統一-中壢,2023-03-01,5853
3062,建漢,10,0,10,統一-中壢,2023-03-01,5853
3520,華盈,10,0,10,統一-中壢,2023-03-01,5853
3705,永信,10,0,10,統一-中壢,2023-03-01,5853
5529,鉅陞,10,0,10,統一-中壢,2023-03-01,5853
6266,泰詠,11,1,10,統一-中壢,2023-03-01,5853
6288,聯嘉,10,0,10,統一-中壢,2023-03-01,5853
2317,鴻海,18,9,9,統一-中壢,2023-03-01,5853
3479,安勤,9,0,9,統一-中壢,2023-03-01,5853
00712,復華富時不動產,9,0,9,統一-中壢,2023-03-01,5853
2545,皇翔,9,0,9,統一-中壢,2023-03-01,5853
3357,臺慶科,9,0,9,統一-中壢,2023-03-01,5853
5880,合庫金,11,2,9,統一-中壢,2023-03-01,5853
00903,富邦元宇宙,8,0,8,統一-中壢,2023-03-01,5853
1309,台達化,8,0,8,統一-中壢,2023-03-01,5853
1437,勤益控,8,0,8,統一-中壢,2023-03-01,5853
2332,友訊,75,1,74,統一-中壢,2023-03-02,5853
00878,國泰永續高股息,68,17,51,統一-中壢,2023-03-02,5853
6257,矽格,51,0,51,統一-中壢,2023-03-02,5853
6770,力積電,42,1,41,統一-中壢,2023-03-02,5853
2367,燿華,40,0,40,統一-中壢,2023-03-02,5853
00773B,中信優先金融債,37,0,37,統一-中壢,2023-03-02,5853
00632R,元大台灣50反1,35,0,35,統一-中壢,2023-03-02,5853
2845,遠東銀,31,0,31,統一-中壢,2023-03-02,5853
2641,正德,36,7,29,統一-中壢,2023-03-02,5853
2545,皇翔,25,0,25,統一-中壢,2023-03-02,5853
6190,萬泰科,25,0,25,統一-中壢,2023-03-02,5853
2605,新興,28,6,22,統一-中壢,2023-03-02,5853
4155,訊映,21,0,21,統一-中壢,2023-03-02,5853
2104,國際中橡,20,0,20,統一-中壢,2023-03-02,5853
2201,裕隆,22,3,19,統一-中壢,2023-03-02,5853
2451,創見,19,0,19,統一-中壢,2023-03-02,5853
6841,長佳智能,21,2,19,統一-中壢,2023-03-02,5853
2409,友達,20,3,17,統一-中壢,2023-03-02,5853
3037,欣興,24,7,17,統一-中壢,2023-03-02,5853
3013,晟銘電,19,3,16,統一-中壢,2023-03-02,5853
5512,力麒,16,1,15,統一-中壢,2023-03-02,5853
8171,天宇,16,2,14,統一-中壢,2023-03-02,5853
8936,國統,16,2,14,統一-中壢,2023-03-02,5853
2634,漢翔,13,0,13,統一-中壢,2023-03-02,5853
2888,新光金,13,0,13,統一-中壢,2023-03-02,5853
3006,晶豪科,13,0,13,統一-中壢,2023-03-02,5853
3322,建舜電,13,0,13,統一-中壢,2023-03-02,5853
2504,國產,12,0,12,統一-中壢,2023-03-02,5853
00637L,元大滬深300正2,16,5,11,統一-中壢,2023-03-02,5853
00725B,國泰投資級公司債,11,0,11,統一-中壢,2023-03-02,5853
2303,聯電,17,6,11,統一-中壢,2023-03-02,5853
8234,新漢,11,0,11,統一-中壢,2023-03-02,5853
00751B,元大AAA至A公司債,11,0,11,統一-中壢,2023-03-02,5853
9802,鈺齊-KY,10,0,10,統一-中壢,2023-03-02,5853
00715L,期街口布蘭特正2,15,5,10,統一-中壢,2023-03-02,5853
2401,凌陽,10,0,10,統一-中壢,2023-03-02,5853
2419,仲琦,12,2,10,統一-中壢,2023-03-02,5853
3030,德律,10,0,10,統一-中壢,2023-03-02,5853
3498,陽程,10,0,10,統一-中壢,2023-03-02,5853
5529,鉅陞,10,0,10,統一-中壢,2023-03-02,5853
6443,元晶,11,1,10,統一-中壢,2023-03-02,5853
8942,森鉅,10,0,10,統一-中壢,2023-03-02,5853
3665,貿聯-KY,10,0,10,統一-中壢,2023-03-02,5853
00720B,元大投資級公司債,9,0,9,統一-中壢,2023-03-02,5853
00712,復華富時不動產,9,0,9,統一-中壢,2023-03-02,5853
3046,建��,9,0,9,統一-中壢,2023-03-02,5853
3362,先進光,20,11,9,統一-中壢,2023-03-02,5853
6005,群益證,22,13,9,統一-中壢,2023-03-02,5853
2883,凱基金,8,0,8,統一-中壢,2023-03-02,5853
3703,欣陸,9,1,8,統一-中壢,2023-03-02,5853
00632R,元大台灣50反1,146,0,146,統一-中壢,2023-03-03,5853
1201,味全,66,0,66,統一-中壢,2023-03-03,5853
912000,晨訊科-DR,60,0,60,統一-中壢,2023-03-03,5853
00637L,元大滬深300正2,75,30,45,統一-中壢,2023-03-03,5853
2317,鴻海,46,7,39,統一-中壢,2023-03-03,5853
6143,振曜,57,20,37,統一-中壢,2023-03-03,5853
00751B,元大AAA至A公司債,33,0,33,統一-中壢,2023-03-03,5853
3441,聯一光,30,1,29,統一-中壢,2023-03-03,5853
00907,永豐優息存股,30,3,27,統一-中壢,2023-03-03,5853
4916,事欣科,26,4,22,統一-中壢,2023-03-03,5853
00712,復華富時不動產,21,0,21,統一-中壢,2023-03-03,5853
8936,國統,21,0,21,統一-中壢,2023-03-03,5853
1513,中興電,25,4,21,統一-中壢,2023-03-03,5853
00885,富邦越南,20,0,20,統一-中壢,2023-03-03,5853
2498,宏達電,29,9,20,統一-中壢,2023-03-03,5853
6282,康舒,25,5,20,統一-中壢,2023-03-03,5853
6188,廣明,20,2,18,統一-中壢,2023-03-03,5853
6160,欣技,17,1,16,統一-中壢,2023-03-03,5853
3380,明泰,17,2,15,統一-中壢,2023-03-03,5853
4114,健喬,15,0,15,統一-中壢,2023-03-03,5853
1219,福壽,46,32,14,統一-中壢,2023-03-03,5853
2351,順德,15,1,14,統一-中壢,2023-03-03,5853
2387,精元,14,0,14,統一-中壢,2023-03-03,5853
4915,致伸,16,2,14,統一-中壢,2023-03-03,5853
1529,樂事綠能,15,2,13,統一-中壢,2023-03-03,5853
4533,協易機,13,0,13,統一-中壢,2023-03-03,5853
6517,保勝光學,11,0,11,統一-中壢,2023-03-03,5853
5469,瀚宇博,11,0,11,統一-中壢,2023-03-03,5853
3322,建舜電,10,0,10,統一-中壢,2023-03-03,5853
3689,湧德,11,1,10,統一-中壢,2023-03-03,5853
3710,連展投控,10,0,10,統一-中壢,2023-03-03,5853
8043,蜜望實,10,0,10,統一-中壢,2023-03-03,5853
8942,森鉅,10,0,10,統一-中壢,2023-03-03,5853
3665,貿聯-KY,11,1,10,統一-中壢,2023-03-03,5853
00679B,元大美債20年,9,0,9,統一-中壢,2023-03-03,5853
3443,創意,21,12,9,統一-中壢,2023-03-03,5853
5274,信驊,10,1,9,統一-中壢,2023-03-03,5853
2471,資通,11,2,9,統一-中壢,2023-03-03,5853
2637,慧洋-KY,10,1,9,統一-中壢,2023-03-03,5853
2884,玉山金,13,5,8,統一-中壢,2023-03-03,5853
2399,映泰,9,1,8,統一-中壢,2023-03-03,5853
2440,太空梭,8,0,8,統一-中壢,2023-03-03,5853
3047,訊舟,8,0,8,統一-中壢,2023-03-03,5853
2603,長榮,16,8,8,統一-中壢,2023-03-03,5853
00772B,中信高評級公司債,7,0,7,統一-中壢,2023-03-03,5853
00720B,元大投資級公司債,7,0,7,統一-中壢,2023-03-03,5853
1539,巨庭,8,1,7,統一-中壢,2023-03-03,5853
2515,中工,7,0,7,統一-中壢,2023-03-03,5853
3029,零壹,8,1,7,統一-中壢,2023-03-03,5853
6242,立康,7,0,7,統一-中壢,2023-03-03,5853
00637L,元大滬深300正2,87,5,82,統一-中壢,2023-03-06,5853
3047,訊舟,62,3,59,統一-中壢,2023-03-06,5853
00878,國泰永續高股息,66,11,55,統一-中壢,2023-03-06,5853
00665L,富邦�琤肭磪囓�2,68,17,51,統一-中壢,2023-03-06,5853
1312,國喬,50,0,50,統一-中壢,2023-03-06,5853
5009,榮剛,45,0,45,統一-中壢,2023-03-06,5853
2888,新光金,43,1,42,統一-中壢,2023-03-06,5853
2834,臺企銀,37,2,35,統一-中壢,2023-03-06,5853
6733,博晟生醫,35,0,35,統一-中壢,2023-03-06,5853
00712,復華富時不動產,25,0,25,統一-中壢,2023-03-06,5853
2367,燿華,23,0,23,統一-中壢,2023-03-06,5853
5608,四維航,40,19,21,統一-中壢,2023-03-06,5853
0056,元大高股息,23,2,21,統一-中壢,2023-03-06,5853
00713,元大台灣高息低波,20,0,20,統一-中壢,2023-03-06,5853
00725B,國泰投資級公司債,20,0,20,統一-中壢,2023-03-06,5853
912000,晨訊科-DR,20,0,20,統一-中壢,2023-03-06,5853
2409,友達,120,102,18,統一-中壢,2023-03-06,5853
00907,永豐優息存股,18,0,18,統一-中壢,2023-03-06,5853
2313,華通,17,0,17,統一-中壢,2023-03-06,5853
6129,普誠,16,0,16,統一-中壢,2023-03-06,5853
8105,凌巨,17,1,16,統一-中壢,2023-03-06,5853
8289,泰藝,16,0,16,統一-中壢,2023-03-06,5853
8046,南電,27,11,16,統一-中壢,2023-03-06,5853
3056,富華新,15,0,15,統一-中壢,2023-03-06,5853
5225,東科-KY,15,0,15,統一-中壢,2023-03-06,5853
2609,陽明,50,36,14,統一-中壢,2023-03-06,5853
8421,旭源,14,0,14,統一-中壢,2023-03-06,5853
3019,亞光,22,9,13,統一-中壢,2023-03-06,5853
00905,FT臺灣Smart,12,0,12,統一-中壢,2023-03-06,5853
1605,華新,13,1,12,統一-中壢,2023-03-06,5853
2337,旺宏,12,0,12,統一-中壢,2023-03-06,5853
1234,黑松,12,1,11,統一-中壢,2023-03-06,5853
6517,保勝光學,11,0,11,統一-中壢,2023-03-06,5853
3707,漢磊,21,10,11,統一-中壢,2023-03-06,5853
1783,和康生,11,1,10,統一-中壢,2023-03-06,5853
00753L,中信中國50正2,12,2,10,統一-中壢,2023-03-06,5853
1708,東鹼,12,2,10,統一-中壢,2023-03-06,5853
2332,友訊,20,10,10,統一-中壢,2023-03-06,5853
2363,矽統,10,0,10,統一-中壢,2023-03-06,5853
2464,盟立,10,0,10,統一-中壢,2023-03-06,5853
2887,台新金,10,0,10,統一-中壢,2023-03-06,5853
4114,健喬,28,18,10,統一-中壢,2023-03-06,5853
5603,陸海,10,0,10,統一-中壢,2023-03-06,5853
5871,中租-KY,10,0,10,統一-中壢,2023-03-06,5853
6116,彩晶,61,51,10,統一-中壢,2023-03-06,5853
8072,陞泰,10,0,10,統一-中壢,2023-03-06,5853
1539,巨庭,15,6,9,統一-中壢,2023-03-06,5853
2618,長榮航,13,4,9,統一-中壢,2023-03-06,5853
1584,精剛,14,6,8,統一-中壢,2023-03-06,5853
2063,世鎧,8,0,8,統一-中壢,2023-03-06,5853
5009,榮剛,169,27,142,統一-中壢,2023-03-07,5853
00665L,富邦�琤肭磪囓�2,122,12,110,統一-中壢,2023-03-07,5853
0050,元大台灣50,83,2,81,統一-中壢,2023-03-07,5853
3264,欣銓,82,2,80,統一-中壢,2023-03-07,5853
1605,華新,173,100,73,統一-中壢,2023-03-07,5853
6133,金橋,62,0,62,統一-中壢,2023-03-07,5853
6288,聯嘉,56,1,55,統一-中壢,2023-03-07,5853
3049,精金,50,0,50,統一-中壢,2023-03-07,5853
0056,元大高股息,33,1,32,統一-中壢,2023-03-07,5853
2542,興富發,36,6,30,統一-中壢,2023-03-07,5853
5469,瀚宇博,30,0,30,統一-中壢,2023-03-07,5853
6548,長科*,35,6,29,統一-中壢,2023-03-07,5853
3665,貿聯-KY,28,0,28,統一-中壢,2023-03-07,5853
00673R,期元大S＆P原油反1,27,0,27,統一-中壢,2023-03-07,5853
1522,堤維西,25,0,25,統一-中壢,2023-03-07,5853
8112,至上,28,6,22,統一-中壢,2023-03-07,5853
6235,華孚,68,47,21,統一-中壢,2023-03-07,5853
3013,晟銘電,41,21,20,統一-中壢,2023-03-07,5853
3591,艾笛森,21,1,20,統一-中壢,2023-03-07,5853
6706,惠特,18,0,18,統一-中壢,2023-03-07,5853
6202,盛群,15,0,15,統一-中壢,2023-03-07,5853
1517,利奇,13,1,12,統一-中壢,2023-03-07,5853
1524,耿鼎,12,0,12,統一-中壢,2023-03-07,5853
1810,和成,12,0,12,統一-中壢,2023-03-07,5853
2488,漢平,12,0,12,統一-中壢,2023-03-07,5853
6257,矽格,12,0,12,統一-中壢,2023-03-07,5853
2891,中信金,11,0,11,統一-中壢,2023-03-07,5853
2441,超豐,11,0,11,統一-中壢,2023-03-07,5853
2545,皇翔,11,0,11,統一-中壢,2023-03-07,5853
3060,銘異,10,0,10,統一-中壢,2023-03-07,5853
00918,大華優利高填息30,10,0,10,統一-中壢,2023-03-07,5853
2505,國揚,10,0,10,統一-中壢,2023-03-07,5853
2903,遠百,10,0,10,統一-中壢,2023-03-07,5853
3056,富華新,10,0,10,統一-中壢,2023-03-07,5853
3149,正達,10,0,10,統一-中壢,2023-03-07,5853
3297,杭特,10,0,10,統一-中壢,2023-03-07,5853
4930,燦星網,10,0,10,統一-中壢,2023-03-07,5853
6143,振曜,10,0,10,統一-中壢,2023-03-07,5853
6265,方土昶,10,0,10,統一-中壢,2023-03-07,5853
2609,陽明,14,4,10,統一-中壢,2023-03-07,5853
2881,富邦金,10,1,9,統一-中壢,2023-03-07,5853
6231,系微,10,1,9,統一-中壢,2023-03-07,5853
1540,喬福,13,5,8,統一-中壢,2023-03-07,5853
4114,健喬,23,15,8,統一-中壢,2023-03-07,5853
2633,台灣高鐵,12,5,7,統一-中壢,2023-03-07,5853
5388,中磊,10,3,7,統一-中壢,2023-03-07,5853
1519,華城,33,26,7,統一-中壢,2023-03-07,5853
1710,東聯,8,1,7,統一-中壢,2023-03-07,5853
2482,連宇,9,2,7,統一-中壢,2023-03-07,5853
3289,宜特,17,10,7,統一-中壢,2023-03-07,5853
5009,榮剛,386,23,363,統一-中壢,2023-03-08,5853
00637L,元大滬深300正2,327,18,309,統一-中壢,2023-03-08,5853
00878,國泰永續高股息,242,10,232,統一-中壢,2023-03-08,5853
6115,鎰勝,110,0,110,統一-中壢,2023-03-08,5853
00665L,富邦�琤肭磪囓�2,88,0,88,統一-中壢,2023-03-08,5853
2891,中信金,67,0,67,統一-中壢,2023-03-08,5853
1504,東元,66,0,66,統一-中壢,2023-03-08,5853
5475,德宏,58,0,58,統一-中壢,2023-03-08,5853
3265,台星科,66,14,52,統一-中壢,2023-03-08,5853
00753L,中信中國50正2,52,1,51,統一-中壢,2023-03-08,5853
2889,國票金,51,0,51,統一-中壢,2023-03-08,5853
3056,富華新,49,0,49,統一-中壢,2023-03-08,5853
6733,博晟生醫,48,0,48,統一-中壢,2023-03-08,5853
2312,金寶,51,10,41,統一-中壢,2023-03-08,5853
8089,康全電訊,41,0,41,統一-中壢,2023-03-08,5853
00885,富邦越南,37,0,37,統一-中壢,2023-03-08,5853
3481,群創,43,9,34,統一-中壢,2023-03-08,5853
2886,兆豐金,30,0,30,統一-中壢,2023-03-08,5853
3322,建舜電,30,0,30,統一-中壢,2023-03-08,5853
2883,凱基金,29,0,29,統一-中壢,2023-03-08,5853
00893,國泰智能電動車,29,0,29,統一-中壢,2023-03-08,5853
00632R,元大台灣50反1,35,12,23,統一-中壢,2023-03-08,5853
3042,晶技,20,0,20,統一-中壢,2023-03-08,5853
2903,遠百,20,0,20,統一-中壢,2023-03-08,5853
6026,福邦證,20,0,20,統一-中壢,2023-03-08,5853
8071,能率網通,20,0,20,統一-中壢,2023-03-08,5853
00715L,期街口布蘭特正2,20,1,19,統一-中壢,2023-03-08,5853
1752,南光,19,0,19,統一-中壢,2023-03-08,5853
4909,新復興,30,14,16,統一-中壢,2023-03-08,5853
6116,彩晶,26,10,16,統一-中壢,2023-03-08,5853
2615,萬海,16,1,15,統一-中壢,2023-03-08,5853
3006,晶豪科,15,0,15,統一-中壢,2023-03-08,5853
2618,長榮航,16,2,14,統一-中壢,2023-03-08,5853
00882,中信中國高股息,14,0,14,統一-中壢,2023-03-08,5853
2344,華邦電,20,6,14,統一-中壢,2023-03-08,5853
2376,技嘉,14,0,14,統一-中壢,2023-03-08,5853
3013,晟銘電,17,3,14,統一-中壢,2023-03-08,5853
4114,健喬,20,7,13,統一-中壢,2023-03-08,5853
6285,啟��,13,0,13,統一-中壢,2023-03-08,5853
2337,旺宏,12,0,12,統一-中壢,2023-03-08,5853
2429,銘旺科,12,0,12,統一-中壢,2023-03-08,5853
00902,中信電池及儲能,12,0,12,統一-中壢,2023-03-08,5853
3665,貿聯-KY,11,0,11,統一-中壢,2023-03-08,5853
6770,力積電,17,6,11,統一-中壢,2023-03-08,5853
2880,華南金,10,0,10,統一-中壢,2023-03-08,5853
00905,FT臺灣Smart,10,0,10,統一-中壢,2023-03-08,5853
00918,大華優利高填息30,10,0,10,統一-中壢,2023-03-08,5853
2201,裕隆,10,0,10,統一-中壢,2023-03-08,5853
3211,順達,10,0,10,統一-中壢,2023-03-08,5853
3454,晶睿,40,30,10,統一-中壢,2023-03-08,5853
3481,群創,306,13,293,統一-中壢,2023-03-09,5853
00637L,元大滬深300正2,168,0,168,統一-中壢,2023-03-09,5853
00878,國泰永續高股息,138,0,138,統一-中壢,2023-03-09,5853
6125,廣運,83,5,78,統一-中壢,2023-03-09,5853
2409,友達,87,24,63,統一-中壢,2023-03-09,5853
2884,玉山金,55,0,55,統一-中壢,2023-03-09,5853
5475,德宏,52,0,52,統一-中壢,2023-03-09,5853
6143,振曜,51,0,51,統一-中壢,2023-03-09,5853
2489,瑞軒,50,0,50,統一-中壢,2023-03-09,5853
00918,大華優利高填息30,50,1,49,統一-中壢,2023-03-09,5853
6443,元晶,58,17,41,統一-中壢,2023-03-09,5853
6257,矽格,40,0,40,統一-中壢,2023-03-09,5853
2328,廣宇,35,0,35,統一-中壢,2023-03-09,5853
2890,永豐金,30,0,30,統一-中壢,2023-03-09,5853
00923,群益台ESG低碳50,32,4,28,統一-中壢,2023-03-09,5853
6115,鎰勝,30,2,28,統一-中壢,2023-03-09,5853
6217,中探針,26,0,26,統一-中壢,2023-03-09,5853
5508,永信建,24,1,23,統一-中壢,2023-03-09,5853
3013,晟銘電,25,4,21,統一-中壢,2023-03-09,5853
4128,中天,31,10,21,統一-中壢,2023-03-09,5853
5009,榮剛,44,23,21,統一-中壢,2023-03-09,5853
6133,金橋,20,0,20,統一-中壢,2023-03-09,5853
6288,聯嘉,21,2,19,統一-中壢,2023-03-09,5853
2317,鴻海,24,5,19,統一-中壢,2023-03-09,5853
2618,長榮航,35,17,18,統一-中壢,2023-03-09,5853
2344,華邦電,33,15,18,統一-中壢,2023-03-09,5853
3090,日電貿,17,0,17,統一-中壢,2023-03-09,5853
2308,台達電,15,0,15,統一-中壢,2023-03-09,5853
00679B,元大美債20年,15,0,15,統一-中壢,2023-03-09,5853
1605,華新,40,25,15,統一-中壢,2023-03-09,5853
3492,長盛,15,0,15,統一-中壢,2023-03-09,5853
6175,立敦,15,0,15,統一-中壢,2023-03-09,5853
2002,中鋼,14,0,14,統一-中壢,2023-03-09,5853
4976,佳凌,16,2,14,統一-中壢,2023-03-09,5853
8089,康全電訊,14,0,14,統一-中壢,2023-03-09,5853
3046,建��,23,10,13,統一-中壢,2023-03-09,5853
00753L,中信中國50正2,13,1,12,統一-中壢,2023-03-09,5853
00650L,復華香港正2,14,2,12,統一-中壢,2023-03-09,5853
3444,利機,12,0,12,統一-中壢,2023-03-09,5853
2888,新光金,11,0,11,統一-中壢,2023-03-09,5853
1314,中石化,11,0,11,統一-中壢,2023-03-09,5853
2359,所羅門,21,10,11,統一-中壢,2023-03-09,5853
3419,譁裕,11,0,11,統一-中壢,2023-03-09,5853
8289,泰藝,11,0,11,統一-中壢,2023-03-09,5853
8383,千附,11,0,11,統一-中壢,2023-03-09,5853
00725B,國泰投資級公司債,10,0,10,統一-中壢,2023-03-09,5853
1616,億泰,10,0,10,統一-中壢,2023-03-09,5853
2109,華豐,10,0,10,統一-中壢,2023-03-09,5853
2208,台船,12,2,10,統一-中壢,2023-03-09,5853
2406,國碩,10,0,10,統一-中壢,2023-03-09,5853
2888,新光金,848,56,792,統一-中壢,2023-03-10,5853
00632R,元大台灣50反1,765,79,686,統一-中壢,2023-03-10,5853
911868,同方友友-DR,222,11,211,統一-中壢,2023-03-10,5853
00878,國泰永續高股息,147,61,86,統一-中壢,2023-03-10,5853
6288,聯嘉,85,0,85,統一-中壢,2023-03-10,5853
2344,華邦電,62,8,54,統一-中壢,2023-03-10,5853
2610,華航,69,19,50,統一-中壢,2023-03-10,5853
00923,群益台ESG低碳50,55,10,45,統一-中壢,2023-03-10,5853
5876,上海商銀,45,0,45,統一-中壢,2023-03-10,5853
1504,東元,54,12,42,統一-中壢,2023-03-10,5853
4142,國光生,43,2,41,統一-中壢,2023-03-10,5853
2313,華通,40,2,38,統一-中壢,2023-03-10,5853
00715L,期街口布蘭特正2,36,0,36,統一-中壢,2023-03-10,5853
00679B,元大美債20年,35,0,35,統一-中壢,2023-03-10,5853
2884,玉山金,34,0,34,統一-中壢,2023-03-10,5853
8069,元太,39,6,33,統一-中壢,2023-03-10,5853
1522,堤維西,33,3,30,統一-中壢,2023-03-10,5853
1605,華新,36,6,30,統一-中壢,2023-03-10,5853
00902,中信電池及儲能,27,0,27,統一-中壢,2023-03-10,5853
00753L,中信中國50正2,26,1,25,統一-中壢,2023-03-10,5853
8358,金居,28,3,25,統一-中壢,2023-03-10,5853
0056,元大高股息,25,1,24,統一-中壢,2023-03-10,5853
1219,福壽,23,0,23,統一-中壢,2023-03-10,5853
3710,連展投控,22,0,22,統一-中壢,2023-03-10,5853
00712,復華富時不動產,23,2,21,統一-中壢,2023-03-10,5853
8089,康全電訊,21,0,21,統一-中壢,2023-03-10,5853
00893,國泰智能電動車,20,0,20,統一-中壢,2023-03-10,5853
2498,宏達電,31,11,20,統一-中壢,2023-03-10,5853
3322,建舜電,20,0,20,統一-中壢,2023-03-10,5853
00713,元大台灣高息低波,20,0,20,統一-中壢,2023-03-10,5853
2891,中信金,19,0,19,統一-中壢,2023-03-10,5853
00720B,元大投資級公司債,20,1,19,統一-中壢,2023-03-10,5853
2367,燿華,21,2,19,統一-中壢,2023-03-10,5853
5880,合庫金,21,2,19,統一-中壢,2023-03-10,5853
2409,友達,22,4,18,統一-中壢,2023-03-10,5853
2002,中鋼,27,10,17,統一-中壢,2023-03-10,5853
2402,毅嘉,33,16,17,統一-中壢,2023-03-10,5853
6245,立端,25,8,17,統一-中壢,2023-03-10,5853
2330,台積電,19,2,17,統一-中壢,2023-03-10,5853
2453,凌群,20,4,16,統一-中壢,2023-03-10,5853
9904,寶成,16,0,16,統一-中壢,2023-03-10,5853
5608,四維航,20,5,15,統一-中壢,2023-03-10,5853
6275,元山,15,0,15,統一-中壢,2023-03-10,5853
00882,中信中國高股息,14,0,14,統一-中壢,2023-03-10,5853
2892,第一金,13,0,13,統一-中壢,2023-03-10,5853
8261,富鼎,13,0,13,統一-中壢,2023-03-10,5853
5483,中美晶,13,1,12,統一-中壢,2023-03-10,5853
8155,博智,18,6,12,統一-中壢,2023-03-10,5853
00881,國泰台灣5G+,12,0,12,統一-中壢,2023-03-10,5853
00665L,富邦�琤肭磪囓�2,14,2,12,統一-中壢,2023-03-10,5853
00632R,元大台灣50反1,1404,169,1235,統一-中壢,2023-03-13,5853
00878,國泰永續高股息,199,8,191,統一-中壢,2023-03-13,5853
00635U,期元大S＆P黃金,100,0,100,統一-中壢,2023-03-13,5853
911868,同方友友-DR,100,0,100,統一-中壢,2023-03-13,5853
2886,兆豐金,97,1,96,統一-中壢,2023-03-13,5853
2883,凱基金,64,1,63,統一-中壢,2023-03-13,5853
00712,復華富時不動產,61,0,61,統一-中壢,2023-03-13,5853
911608,明輝-DR,50,9,41,統一-中壢,2023-03-13,5853
1316,上曜,50,12,38,統一-中壢,2023-03-13,5853
2208,台船,40,2,38,統一-中壢,2023-03-13,5853
5388,中磊,35,1,34,統一-中壢,2023-03-13,5853
00923,群益台ESG低碳50,38,8,30,統一-中壢,2023-03-13,5853
5475,德宏,30,0,30,統一-中壢,2023-03-13,5853
2317,鴻海,29,2,27,統一-中壢,2023-03-13,5853
2312,金寶,26,0,26,統一-中壢,2023-03-13,5853
4164,承業醫,25,0,25,統一-中壢,2023-03-13,5853
2402,毅嘉,23,1,22,統一-中壢,2023-03-13,5853
6269,台郡,22,0,22,統一-中壢,2023-03-13,5853
8089,康全電訊,22,0,22,統一-中壢,2023-03-13,5853
2344,華邦電,42,21,21,統一-中壢,2023-03-13,5853
2105,正新,20,0,20,統一-中壢,2023-03-13,5853
2349,錸德,20,0,20,統一-中壢,2023-03-13,5853
3682,亞太電,20,0,20,統一-中壢,2023-03-13,5853
5907,大洋-KY,20,0,20,統一-中壢,2023-03-13,5853
2884,玉山金,23,3,20,統一-中壢,2023-03-13,5853
6235,華孚,26,9,17,統一-中壢,2023-03-13,5853
4566,時碩工業,16,0,16,統一-中壢,2023-03-13,5853
6443,元晶,17,1,16,統一-中壢,2023-03-13,5853
00919,群益台灣精選高息,15,0,15,統一-中壢,2023-03-13,5853
00713,元大台灣高息低波,13,0,13,統一-中壢,2023-03-13,5853
2484,希華,13,0,13,統一-中壢,2023-03-13,5853
5529,鉅陞,13,0,13,統一-中壢,2023-03-13,5853
6517,保勝光學,12,0,12,統一-中壢,2023-03-13,5853
2486,一詮,12,0,12,統一-中壢,2023-03-13,5853
6706,惠特,20,9,11,統一-中壢,2023-03-13,5853
6147,頎邦,11,0,11,統一-中壢,2023-03-13,5853
6205,詮欣,11,0,11,統一-中壢,2023-03-13,5853
00888,永豐台灣ESG,10,0,10,統一-中壢,2023-03-13,5853
00714,群益道瓊美國地產,10,0,10,統一-中壢,2023-03-13,5853
3042,晶技,10,0,10,統一-中壢,2023-03-13,5853
4904,遠傳,10,0,10,統一-中壢,2023-03-13,5853
5508,永信建,10,0,10,統一-中壢,2023-03-13,5853
6115,鎰勝,10,0,10,統一-中壢,2023-03-13,5853
8111,立��,10,0,10,統一-中壢,2023-03-13,5853
2885,元大金,10,1,9,統一-中壢,2023-03-13,5853
2482,連宇,17,8,9,統一-中壢,2023-03-13,5853
2707,晶華,8,0,8,統一-中壢,2023-03-13,5853
00907,永豐優息存股,8,0,8,統一-中壢,2023-03-13,5853
00673R,期元大S＆P原油反1,9,1,8,統一-中壢,2023-03-13,5853
00725B,國泰投資級公司債,10,2,8,統一-中壢,2023-03-13,5853
00878,國泰永續高股息,199,14,185,統一-中壢,2023-03-14,5853
5876,上海商銀,85,7,78,統一-中壢,2023-03-14,5853
2017,官田鋼,62,0,62,統一-中壢,2023-03-14,5853
2880,華南金,60,0,60,統一-中壢,2023-03-14,5853
3481,群創,167,108,59,統一-中壢,2023-03-14,5853
2610,華航,63,5,58,統一-中壢,2023-03-14,5853
00715L,期街口布蘭特正2,52,0,52,統一-中壢,2023-03-14,5853
2609,陽明,74,31,43,統一-中壢,2023-03-14,5853
4976,佳凌,50,10,40,統一-中壢,2023-03-14,5853
2882,國泰金,39,3,36,統一-中壢,2023-03-14,5853
2303,聯電,42,8,34,統一-中壢,2023-03-14,5853
2618,長榮航,34,1,33,統一-中壢,2023-03-14,5853
00642U,期元大S＆P石油,32,0,32,統一-中壢,2023-03-14,5853
1316,上曜,31,0,31,統一-中壢,2023-03-14,5853
1701,中化,32,2,30,統一-中壢,2023-03-14,5853
6275,元山,34,5,29,統一-中壢,2023-03-14,5853
00893,國泰智能電動車,30,2,28,統一-中壢,2023-03-14,5853
00679B,元大美債20年,27,0,27,統一-中壢,2023-03-14,5853
00751B,元大AAA至A公司債,28,1,27,統一-中壢,2023-03-14,5853
00713,元大台灣高息低波,27,0,27,統一-中壢,2023-03-14,5853
2891,中信金,23,0,23,統一-中壢,2023-03-14,5853
2883,凱基金,23,0,23,統一-中壢,2023-03-14,5853
9904,寶成,22,0,22,統一-中壢,2023-03-14,5853
00687B,國泰20年美債,20,0,20,統一-中壢,2023-03-14,5853
2313,華通,20,0,20,統一-中壢,2023-03-14,5853
2317,鴻海,19,0,19,統一-中壢,2023-03-14,5853
00882,中信中國高股息,17,0,17,統一-中壢,2023-03-14,5853
2495,普安,17,0,17,統一-中壢,2023-03-14,5853
00712,復華富時不動產,16,0,16,統一-中壢,2023-03-14,5853
2105,正新,16,0,16,統一-中壢,2023-03-14,5853
2388,威盛,55,39,16,統一-中壢,2023-03-14,5853
2603,長榮,24,8,16,統一-中壢,2023-03-14,5853
1308,亞聚,15,0,15,統一-中壢,2023-03-14,5853
2409,友達,15,0,15,統一-中壢,2023-03-14,5853
2344,華邦電,16,2,14,統一-中壢,2023-03-14,5853
2498,宏達電,29,15,14,統一-中壢,2023-03-14,5853
6015,宏遠證,14,0,14,統一-中壢,2023-03-14,5853
6115,鎰勝,14,0,14,統一-中壢,2023-03-14,5853
6282,康舒,26,12,14,統一-中壢,2023-03-14,5853
00888,永豐台灣ESG,13,0,13,統一-中壢,2023-03-14,5853
00881,國泰台灣5G+,17,4,13,統一-中壢,2023-03-14,5853
2534,宏盛,13,0,13,統一-中壢,2023-03-14,5853
2801,彰銀,13,0,13,統一-中壢,2023-03-14,5853
6147,頎邦,13,0,13,統一-中壢,2023-03-14,5853
00665L,富邦�琤肭磪囓�2,15,3,12,統一-中壢,2023-03-14,5853
00907,永豐優息存股,12,0,12,統一-中壢,2023-03-14,5853
2337,旺宏,12,0,12,統一-中壢,2023-03-14,5853
2515,中工,20,8,12,統一-中壢,2023-03-14,5853
2897,王道銀行,12,0,12,統一-中壢,2023-03-14,5853
4934,太極,12,0,12,統一-中壢,2023-03-14,5853
2409,友達,268,49,219,統一-中壢,2023-03-15,5853
2330,台積電,123,3,120,統一-中壢,2023-03-15,5853
2515,中工,110,1,109,統一-中壢,2023-03-15,5853
00715L,期街口布蘭特正2,108,0,108,統一-中壢,2023-03-15,5853
00907,永豐優息存股,104,0,104,統一-中壢,2023-03-15,5853
00878,國泰永續高股息,86,0,86,統一-中壢,2023-03-15,5853
2609,陽明,83,9,74,統一-中壢,2023-03-15,5853
2887,台新金,62,0,62,統一-中壢,2023-03-15,5853
6244,茂迪,59,8,51,統一-中壢,2023-03-15,5853
6015,宏遠證,50,0,50,統一-中壢,2023-03-15,5853
00642U,期元大S＆P石油,40,0,40,統一-中壢,2023-03-15,5853
9904,寶成,40,0,40,統一-中壢,2023-03-15,5853
2027,大成鋼,46,8,38,統一-中壢,2023-03-15,5853
2891,中信金,37,0,37,統一-中壢,2023-03-15,5853
6115,鎰勝,36,0,36,統一-中壢,2023-03-15,5853
5425,台半,75,41,34,統一-中壢,2023-03-15,5853
2880,華南金,30,1,29,統一-中壢,2023-03-15,5853
2897,王道銀行,28,0,28,統一-中壢,2023-03-15,5853
2317,鴻海,30,3,27,統一-中壢,2023-03-15,5853
1611,中電,26,2,24,統一-中壢,2023-03-15,5853
00632R,元大台灣50反1,20,0,20,統一-中壢,2023-03-15,5853
2415,錩新,20,0,20,統一-中壢,2023-03-15,5853
2537,聯上發,20,0,20,統一-中壢,2023-03-15,5853
2545,皇翔,21,1,20,統一-中壢,2023-03-15,5853
911868,同方友友-DR,20,0,20,統一-中壢,2023-03-15,5853
2834,臺企銀,29,10,19,統一-中壢,2023-03-15,5853
2603,長榮,61,43,18,統一-中壢,2023-03-15,5853
6768,志強-KY,17,0,17,統一-中壢,2023-03-15,5853
3162,精確,22,5,17,統一-中壢,2023-03-15,5853
00712,復華富時不動產,17,0,17,統一-中壢,2023-03-15,5853
1314,中石化,15,0,15,統一-中壢,2023-03-15,5853
2634,漢翔,37,22,15,統一-中壢,2023-03-15,5853
3665,貿聯-KY,15,0,15,統一-中壢,2023-03-15,5853
3013,晟銘電,18,4,14,統一-中壢,2023-03-15,5853
2888,新光金,18,5,13,統一-中壢,2023-03-15,5853
6733,博晟生醫,13,0,13,統一-中壢,2023-03-15,5853
00713,元大台灣高息低波,12,0,12,統一-中壢,2023-03-15,5853
00679B,元大美債20年,12,0,12,統一-中壢,2023-03-15,5853
00923,群益台ESG低碳50,13,1,12,統一-中壢,2023-03-15,5853
2488,漢平,12,0,12,統一-中壢,2023-03-15,5853
2801,彰銀,12,0,12,統一-中壢,2023-03-15,5853
5388,中磊,18,6,12,統一-中壢,2023-03-15,5853
00900,富邦特選高股息30,13,2,11,統一-中壢,2023-03-15,5853
2486,一詮,13,2,11,統一-中壢,2023-03-15,5853
2105,正新,11,0,11,統一-中壢,2023-03-15,5853
2915,潤泰全,13,2,11,統一-中壢,2023-03-15,5853
3481,群創,319,308,11,統一-中壢,2023-03-15,5853
6217,中探針,11,0,11,統一-中壢,2023-03-15,5853
6770,力積電,13,2,11,統一-中壢,2023-03-15,5853
00888,永豐台灣ESG,10,0,10,統一-中壢,2023-03-15,5853
6163,華電網,163,2,161,統一-中壢,2023-03-16,5853
2887,台新金,150,13,137,統一-中壢,2023-03-16,5853
3264,欣銓,127,7,120,統一-中壢,2023-03-16,5853
00878,國泰永續高股息,108,3,105,統一-中壢,2023-03-16,5853
00715L,期街口布蘭特正2,173,92,81,統一-中壢,2023-03-16,5853
2317,鴻海,68,2,66,統一-中壢,2023-03-16,5853
2603,長榮,59,7,52,統一-中壢,2023-03-16,5853
2489,瑞軒,49,0,49,統一-中壢,2023-03-16,5853
00642U,期元大S＆P石油,50,7,43,統一-中壢,2023-03-16,5853
2882,國泰金,42,1,41,統一-中壢,2023-03-16,5853
2457,飛宏,68,29,39,統一-中壢,2023-03-16,5853
3011,今皓,40,2,38,統一-中壢,2023-03-16,5853
00907,永豐優息存股,31,0,31,統一-中壢,2023-03-16,5853
5876,上海商銀,30,0,30,統一-中壢,2023-03-16,5853
2888,新光金,29,0,29,統一-中壢,2023-03-16,5853
00713,元大台灣高息低波,28,0,28,統一-中壢,2023-03-16,5853
2801,彰銀,26,0,26,統一-中壢,2023-03-16,5853
00637L,元大滬深300正2,36,11,25,統一-中壢,2023-03-16,5853
6191,精成科,25,0,25,統一-中壢,2023-03-16,5853
6282,康舒,29,8,21,統一-中壢,2023-03-16,5853
2349,錸德,20,0,20,統一-中壢,2023-03-16,5853
2852,第一保,20,0,20,統一-中壢,2023-03-16,5853
9907,統一實,20,0,20,統一-中壢,2023-03-16,5853
2891,中信金,36,16,20,統一-中壢,2023-03-16,5853
6770,力積電,20,1,19,統一-中壢,2023-03-16,5853
1611,中電,50,32,18,統一-中壢,2023-03-16,5853
2027,大成鋼,20,2,18,統一-中壢,2023-03-16,5853
1504,東元,17,1,16,統一-中壢,2023-03-16,5853
2492,華新科,16,0,16,統一-中壢,2023-03-16,5853
2834,臺企銀,115,100,15,統一-中壢,2023-03-16,5853
1709,和益,15,0,15,統一-中壢,2023-03-16,5853
2498,宏達電,29,15,14,統一-中壢,2023-03-16,5853
6768,志強-KY,13,0,13,統一-中壢,2023-03-16,5853
2402,毅嘉,13,1,12,統一-中壢,2023-03-16,5853
2618,長榮航,21,9,12,統一-中壢,2023-03-16,5853
8936,國統,12,0,12,統一-中壢,2023-03-16,5853
2881,富邦金,16,5,11,統一-中壢,2023-03-16,5853
2614,東森,10,0,10,統一-中壢,2023-03-16,5853
00912,中信臺灣智慧50,10,0,10,統一-中壢,2023-03-16,5853
1802,台玻,10,0,10,統一-中壢,2023-03-16,5853
2351,順德,10,0,10,統一-中壢,2023-03-16,5853
2427,三商電,10,0,10,統一-中壢,2023-03-16,5853
5508,永信建,10,0,10,統一-中壢,2023-03-16,5853
6115,鎰勝,10,0,10,統一-中壢,2023-03-16,5853
6443,元晶,12,2,10,統一-中壢,2023-03-16,5853
4155,訊映,15,6,9,統一-中壢,2023-03-16,5853
3028,增你強,10,1,9,統一-中壢,2023-03-16,5853
1234,黑松,9,0,9,統一-中壢,2023-03-16,5853
2030,彰源,10,1,9,統一-中壢,2023-03-16,5853
3520,華盈,9,0,9,統一-中壢,2023-03-16,5853
00715L,期街口布蘭特正2,165,2,163,統一-中壢,2023-03-17,5853
00637L,元大滬深300正2,151,5,146,統一-中壢,2023-03-17,5853
2891,中信金,94,0,94,統一-中壢,2023-03-17,5853
00878,國泰永續高股息,65,4,61,統一-中壢,2023-03-17,5853
6443,元晶,118,63,55,統一-中壢,2023-03-17,5853
00720B,元大投資級公司債,51,0,51,統一-中壢,2023-03-17,5853
6770,力積電,50,6,44,統一-中壢,2023-03-17,5853
00713,元大台灣高息低波,41,0,41,統一-中壢,2023-03-17,5853
2888,新光金,41,0,41,統一-中壢,2023-03-17,5853
2834,臺企銀,488,451,37,統一-中壢,2023-03-17,5853
2027,大成鋼,41,4,37,統一-中壢,2023-03-17,5853
2211,長榮鋼,33,0,33,統一-中壢,2023-03-17,5853
9907,統一實,30,0,30,統一-中壢,2023-03-17,5853
5880,合庫金,33,3,30,統一-中壢,2023-03-17,5853
2820,華票,20,0,20,統一-中壢,2023-03-17,5853
2903,遠百,20,0,20,統一-中壢,2023-03-17,5853
3704,合勤控,20,0,20,統一-中壢,2023-03-17,5853
3711,日月光投控,20,0,20,統一-中壢,2023-03-17,5853
5009,榮剛,20,0,20,統一-中壢,2023-03-17,5853
5876,上海商銀,20,0,20,統一-中壢,2023-03-17,5853
6191,精成科,20,0,20,統一-中壢,2023-03-17,5853
2337,旺宏,20,0,20,統一-中壢,2023-03-17,5853
2884,玉山金,39,20,19,統一-中壢,2023-03-17,5853
2409,友達,30,14,16,統一-中壢,2023-03-17,5853
2390,云辰,15,0,15,統一-中壢,2023-03-17,5853
4934,太極,24,9,15,統一-中壢,2023-03-17,5853
2603,長榮,17,2,15,統一-中壢,2023-03-17,5853
2615,萬海,14,0,14,統一-中壢,2023-03-17,5853
3062,建漢,12,0,12,統一-中壢,2023-03-17,5853
8112,至上,12,0,12,統一-中壢,2023-03-17,5853
1609,大亞,11,0,11,統一-中壢,2023-03-17,5853
2610,華航,11,0,11,統一-中壢,2023-03-17,5853
8289,泰藝,11,0,11,統一-中壢,2023-03-17,5853
8936,國統,23,12,11,統一-中壢,2023-03-17,5853
2609,陽明,17,7,10,統一-中壢,2023-03-17,5853
1701,中化,10,0,10,統一-中壢,2023-03-17,5853
2030,彰源,10,0,10,統一-中壢,2023-03-17,5853
6202,盛群,10,0,10,統一-中壢,2023-03-17,5853
00712,復華富時不動產,9,0,9,統一-中壢,2023-03-17,5853
2382,廣達,13,4,9,統一-中壢,2023-03-17,5853
3702,大聯大,8,0,8,統一-中壢,2023-03-17,5853
9945,潤泰新,8,1,7,統一-中壢,2023-03-17,5853
1904,正隆,7,0,7,統一-中壢,2023-03-17,5853
2497,怡利電,7,0,7,統一-中壢,2023-03-17,5853
5603,陸海,7,0,7,統一-中壢,2023-03-17,5853
6116,彩晶,7,0,7,統一-中壢,2023-03-17,5853
6125,廣運,10,3,7,統一-中壢,2023-03-17,5853
6589,台康生技,7,0,7,統一-中壢,2023-03-17,5853
00902,中信電池及儲能,6,0,6,統一-中壢,2023-03-17,5853
1314,中石化,6,0,6,統一-中壢,2023-03-17,5853
2882,國泰金,149,0,149,統一-中壢,2023-03-20,5853
00637L,元大滬深300正2,134,8,126,統一-中壢,2023-03-20,5853
00878,國泰永續高股息,113,2,111,統一-中壢,2023-03-20,5853
00642U,期元大S＆P石油,67,0,67,統一-中壢,2023-03-20,5853
6257,矽格,61,0,61,統一-中壢,2023-03-20,5853
00715L,期街口布蘭特正2,62,8,54,統一-中壢,2023-03-20,5853
2887,台新金,51,0,51,統一-中壢,2023-03-20,5853
5876,上海商銀,50,0,50,統一-中壢,2023-03-20,5853
00713,元大台灣高息低波,50,1,49,統一-中壢,2023-03-20,5853
2317,鴻海,67,18,49,統一-中壢,2023-03-20,5853
2542,興富發,38,0,38,統一-中壢,2023-03-20,5853
2609,陽明,41,9,32,統一-中壢,2023-03-20,5853
2891,中信金,30,0,30,統一-中壢,2023-03-20,5853
1402,遠東新,30,0,30,統一-中壢,2023-03-20,5853
4908,前鼎,29,1,28,統一-中壢,2023-03-20,5853
2481,強茂,34,7,27,統一-中壢,2023-03-20,5853
00772B,中信高評級公司債,31,5,26,統一-中壢,2023-03-20,5853
00712,復華富時不動產,21,0,21,統一-中壢,2023-03-20,5853
6125,廣運,21,0,21,統一-中壢,2023-03-20,5853
2023,燁輝,20,0,20,統一-中壢,2023-03-20,5853
2888,新光金,20,0,20,統一-中壢,2023-03-20,5853
2881,富邦金,19,0,19,統一-中壢,2023-03-20,5853
00885,富邦越南,19,0,19,統一-中壢,2023-03-20,5853
4934,太極,23,5,18,統一-中壢,2023-03-20,5853
8112,至上,18,0,18,統一-中壢,2023-03-20,5853
8215,明基材,20,4,16,統一-中壢,2023-03-20,5853
00753L,中信中國50正2,16,1,15,統一-中壢,2023-03-20,5853
1709,和益,15,0,15,統一-中壢,2023-03-20,5853
6191,精成科,15,0,15,統一-中壢,2023-03-20,5853
8213,志超,15,0,15,統一-中壢,2023-03-20,5853
00665L,富邦�琤肭磪囓�2,14,1,13,統一-中壢,2023-03-20,5853
4916,事欣科,27,14,13,統一-中壢,2023-03-20,5853
3013,晟銘電,16,4,12,統一-中壢,2023-03-20,5853
6153,嘉聯益,12,0,12,統一-中壢,2023-03-20,5853
6163,華電網,17,5,12,統一-中壢,2023-03-20,5853
6531,愛普*,13,1,12,統一-中壢,2023-03-20,5853
2449,京元電子,12,1,11,統一-中壢,2023-03-20,5853
6706,惠特,10,0,10,統一-中壢,2023-03-20,5853
1108,幸福,10,0,10,統一-中壢,2023-03-20,5853
1234,黑松,10,0,10,統一-中壢,2023-03-20,5853
00888,永豐台灣ESG,10,0,10,統一-中壢,2023-03-20,5853
1319,東陽,10,0,10,統一-中壢,2023-03-20,5853
1786,科妍,10,0,10,統一-中壢,2023-03-20,5853
2464,盟立,10,0,10,統一-中壢,2023-03-20,5853
00902,中信電池及儲能,8,0,8,統一-中壢,2023-03-20,5853
6770,力積電,9,1,8,統一-中壢,2023-03-20,5853
2421,建準,13,5,8,統一-中壢,2023-03-20,5853
3706,神達,8,0,8,統一-中壢,2023-03-20,5853
5880,合庫金,7,0,7,統一-中壢,2023-03-20,5853
2801,彰銀,7,0,7,統一-中壢,2023-03-20,5853
4123,晟德,72,0,72,統一-中壢,2023-03-21,5853
3231,緯創,92,33,59,統一-中壢,2023-03-21,5853
2405,輔信,52,0,52,統一-中壢,2023-03-21,5853
5512,力麒,50,0,50,統一-中壢,2023-03-21,5853
6257,矽格,40,0,40,統一-中壢,2023-03-21,5853
1504,東元,41,6,35,統一-中壢,2023-03-21,5853
2891,中信金,32,0,32,統一-中壢,2023-03-21,5853
8289,泰藝,33,2,31,統一-中壢,2023-03-21,5853
2453,凌群,50,25,25,統一-中壢,2023-03-21,5853
3205,佰研,25,0,25,統一-中壢,2023-03-21,5853
3711,日月光投控,21,0,21,統一-中壢,2023-03-21,5853
1319,東陽,31,11,20,統一-中壢,2023-03-21,5853
2880,華南金,22,2,20,統一-中壢,2023-03-21,5853
00885,富邦越南,19,0,19,統一-中壢,2023-03-21,5853
3058,立德,20,1,19,統一-中壢,2023-03-21,5853
2610,華航,20,2,18,統一-中壢,2023-03-21,5853
3714,富采,60,42,18,統一-中壢,2023-03-21,5853
1513,中興電,23,7,16,統一-中壢,2023-03-21,5853
2888,新光金,14,0,14,統一-中壢,2023-03-21,5853
2615,萬海,16,3,13,統一-中壢,2023-03-21,5853
4934,太極,27,14,13,統一-中壢,2023-03-21,5853
00720B,元大投資級公司債,12,0,12,統一-中壢,2023-03-21,5853
4976,佳凌,15,3,12,統一-中壢,2023-03-21,5853
1605,華新,18,7,11,統一-中壢,2023-03-21,5853
1785,光洋科,11,0,11,統一-中壢,2023-03-21,5853
4114,健喬,11,0,11,統一-中壢,2023-03-21,5853
3665,貿聯-KY,10,0,10,統一-中壢,2023-03-21,5853
00713,元大台灣高息低波,10,0,10,統一-中壢,2023-03-21,5853
2344,華邦電,19,9,10,統一-中壢,2023-03-21,5853
2413,環科,17,7,10,統一-中壢,2023-03-21,5853
2471,資通,18,8,10,統一-中壢,2023-03-21,5853
3455,由田,10,0,10,統一-中壢,2023-03-21,5853
3607,谷崧,10,0,10,統一-中壢,2023-03-21,5853
4979,華星光,10,0,10,統一-中壢,2023-03-21,5853
6142,友勁,10,0,10,統一-中壢,2023-03-21,5853
00878,國泰永續高股息,19,9,10,統一-中壢,2023-03-21,5853
00712,復華富時不動產,9,0,9,統一-中壢,2023-03-21,5853
1611,中電,14,5,9,統一-中壢,2023-03-21,5853
2388,威盛,16,7,9,統一-中壢,2023-03-21,5853
2449,京元電子,10,1,9,統一-中壢,2023-03-21,5853
6274,台燿,9,0,9,統一-中壢,2023-03-21,5853
2457,飛宏,42,33,9,統一-中壢,2023-03-21,5853
1609,大亞,10,2,8,統一-中壢,2023-03-21,5853
2883,凱基金,8,0,8,統一-中壢,2023-03-21,5853
2303,聯電,18,11,7,統一-中壢,2023-03-21,5853
3432,台端,7,0,7,統一-中壢,2023-03-21,5853
4533,協易機,7,0,7,統一-中壢,2023-03-21,5853
5289,宜鼎,7,0,7,統一-中壢,2023-03-21,5853
5371,中光電,7,0,7,統一-中壢,2023-03-21,5853
5608,四維航,7,0,7,統一-中壢,2023-03-21,5853
6163,華電網,177,7,170,統一-中壢,2023-03-22,5853
00715L,期街口布蘭特正2,111,8,103,統一-中壢,2023-03-22,5853
2834,臺企銀,243,158,85,統一-中壢,2023-03-22,5853
911868,同方友友-DR,60,0,60,統一-中壢,2023-03-22,5853
3715,定穎投控,50,1,49,統一-中壢,2023-03-22,5853
00885,富邦越南,50,5,45,統一-中壢,2023-03-22,5853
00665L,富邦�琤肭磪囓�2,52,8,44,統一-中壢,2023-03-22,5853
2884,玉山金,43,1,42,統一-中壢,2023-03-22,5853
4123,晟德,40,0,40,統一-中壢,2023-03-22,5853
2882,國泰金,48,9,39,統一-中壢,2023-03-22,5853
8213,志超,37,0,37,統一-中壢,2023-03-22,5853
3058,立德,57,21,36,統一-中壢,2023-03-22,5853
6235,華孚,42,7,35,統一-中壢,2023-03-22,5853
8089,康全電訊,32,0,32,統一-中壢,2023-03-22,5853
6129,普誠,28,1,27,統一-中壢,2023-03-22,5853
3665,貿聯-KY,27,0,27,統一-中壢,2023-03-22,5853
6603,富強鑫,25,0,25,統一-中壢,2023-03-22,5853
00679B,元大美債20年,24,1,23,統一-中壢,2023-03-22,5853
3322,建舜電,24,1,23,統一-中壢,2023-03-22,5853
8358,金居,24,2,22,統一-中壢,2023-03-22,5853
3059,華晶科,25,4,21,統一-中壢,2023-03-22,5853
1786,科妍,20,0,20,統一-中壢,2023-03-22,5853
6245,立端,21,1,20,統一-中壢,2023-03-22,5853
00751B,元大AAA至A公司債,21,4,17,統一-中壢,2023-03-22,5853
1605,華新,25,8,17,統一-中壢,2023-03-22,5853
6191,精成科,16,0,16,統一-中壢,2023-03-22,5853
00713,元大台灣高息低波,21,5,16,統一-中壢,2023-03-22,5853
4976,佳凌,17,1,16,統一-中壢,2023-03-22,5853
2880,華南金,20,5,15,統一-中壢,2023-03-22,5853
5285,界霖,15,0,15,統一-中壢,2023-03-22,5853
1316,上曜,18,4,14,統一-中壢,2023-03-22,5853
3013,晟銘電,31,17,14,統一-中壢,2023-03-22,5853
00772B,中信高評級公司債,14,1,13,統一-中壢,2023-03-22,5853
9907,統一實,20,7,13,統一-中壢,2023-03-22,5853
2359,所羅門,15,3,12,統一-中壢,2023-03-22,5853
5608,四維航,12,0,12,統一-中壢,2023-03-22,5853
2891,中信金,13,2,11,統一-中壢,2023-03-22,5853
2201,裕隆,11,0,11,統一-中壢,2023-03-22,5853
3005,神基,12,1,11,統一-中壢,2023-03-22,5853
4903,聯光通,11,0,11,統一-中壢,2023-03-22,5853
5009,榮剛,13,2,11,統一-中壢,2023-03-22,5853
00720B,元大投資級公司債,10,0,10,統一-中壢,2023-03-22,5853
00795B,中信美國公債20年,10,0,10,統一-中壢,2023-03-22,5853
3006,晶豪科,10,0,10,統一-中壢,2023-03-22,5853
3372,典範,10,0,10,統一-中壢,2023-03-22,5853
5258,虹堡,33,23,10,統一-中壢,2023-03-22,5853
8926,台汽電,10,0,10,統一-中壢,2023-03-22,5853
8936,國統,30,20,10,統一-中壢,2023-03-22,5853
2883,凱基金,16,7,9,統一-中壢,2023-03-22,5853
3051,力特,9,0,9,統一-中壢,2023-03-22,5853
00632R,元大台灣50反1,562,24,538,統一-中壢,2023-03-23,5853
1504,東元,113,29,84,統一-中壢,2023-03-23,5853
00713,元大台灣高息低波,61,0,61,統一-中壢,2023-03-23,5853
2402,毅嘉,100,43,57,統一-中壢,2023-03-23,5853
8358,金居,53,0,53,統一-中壢,2023-03-23,5853
00635U,期元大S＆P黃金,50,0,50,統一-中壢,2023-03-23,5853
2633,台灣高鐵,50,2,48,統一-中壢,2023-03-23,5853
8089,康全電訊,45,0,45,統一-中壢,2023-03-23,5853
3481,群創,49,6,43,統一-中壢,2023-03-23,5853
6245,立端,40,0,40,統一-中壢,2023-03-23,5853
2204,中華,38,3,35,統一-中壢,2023-03-23,5853
2884,玉山金,41,6,35,統一-中壢,2023-03-23,5853
6182,合晶,35,8,27,統一-中壢,2023-03-23,5853
3013,晟銘電,24,0,24,統一-中壢,2023-03-23,5853
3231,緯創,50,26,24,統一-中壢,2023-03-23,5853
5425,台半,38,15,23,統一-中壢,2023-03-23,5853
00679B,元大美債20年,23,0,23,統一-中壢,2023-03-23,5853
4976,佳凌,25,2,23,統一-中壢,2023-03-23,5853
00753L,中信中國50正2,30,10,20,統一-中壢,2023-03-23,5853
2014,中鴻,21,1,20,統一-中壢,2023-03-23,5853
4915,致伸,20,0,20,統一-中壢,2023-03-23,5853
2337,旺宏,19,0,19,統一-中壢,2023-03-23,5853
3520,華盈,20,1,19,統一-中壢,2023-03-23,5853
00885,富邦越南,17,0,17,統一-中壢,2023-03-23,5853
00720B,元大投資級公司債,17,0,17,統一-中壢,2023-03-23,5853
3322,建舜電,30,13,17,統一-中壢,2023-03-23,5853
2606,裕民,15,0,15,統一-中壢,2023-03-23,5853
2905,三商,15,0,15,統一-中壢,2023-03-23,5853
2413,環科,14,0,14,統一-中壢,2023-03-23,5853
1605,華新,17,4,13,統一-中壢,2023-03-23,5853
3712,永崴投控,15,2,13,統一-中壢,2023-03-23,5853
2890,永豐金,13,0,13,統一-中壢,2023-03-23,5853
2317,鴻海,17,5,12,統一-中壢,2023-03-23,5853
2603,長榮,20,10,10,統一-中壢,2023-03-23,5853
5465,富驊,10,0,10,統一-中壢,2023-03-23,5853
00673R,期元大S＆P原油反1,10,0,10,統一-中壢,2023-03-23,5853
00714,群益道瓊美國地產,10,0,10,統一-中壢,2023-03-23,5853
2406,國碩,10,0,10,統一-中壢,2023-03-23,5853
2615,萬海,10,0,10,統一-中壢,2023-03-23,5853
3035,智原,12,2,10,統一-中壢,2023-03-23,5853
5426,振發,10,0,10,統一-中壢,2023-03-23,5853
6203,海韻電,10,0,10,統一-中壢,2023-03-23,5853
5880,合庫金,10,0,10,統一-中壢,2023-03-23,5853
00900,富邦特選高股息30,10,1,9,統一-中壢,2023-03-23,5853
2601,益航,9,0,9,統一-中壢,2023-03-23,5853
5315,光聯,10,1,9,統一-中壢,2023-03-23,5853
2883,凱基金,12,4,8,統一-中壢,2023-03-23,5853
3289,宜特,8,0,8,統一-中壢,2023-03-23,5853
3293,鈊象,8,0,8,統一-中壢,2023-03-23,5853
6188,廣明,8,0,8,統一-中壢,2023-03-23,5853
00713,元大台灣高息低波,95,0,95,統一-中壢,2023-03-24,5853
00715L,期街口布蘭特正2,80,1,79,統一-中壢,2023-03-24,5853
00878,國泰永續高股息,91,22,69,統一-中壢,2023-03-24,5853
1536,和大,63,0,63,統一-中壢,2023-03-24,5853
3481,群創,63,11,52,統一-中壢,2023-03-24,5853
3576,聯合再生,50,0,50,統一-中壢,2023-03-24,5853
3047,訊舟,46,1,45,統一-中壢,2023-03-24,5853
5009,榮剛,45,0,45,統一-中壢,2023-03-24,5853
6245,立端,41,1,40,統一-中壢,2023-03-24,5853
5475,德宏,34,0,34,統一-中壢,2023-03-24,5853
4960,誠美材,33,0,33,統一-中壢,2023-03-24,5853
2883B,凱基金乙特,32,0,32,統一-中壢,2023-03-24,5853
2303,聯電,33,2,31,統一-中壢,2023-03-24,5853
00720B,元大投資級公司債,24,0,24,統一-中壢,2023-03-24,5853
2882,國泰金,23,0,23,統一-中壢,2023-03-24,5853
5425,台半,43,20,23,統一-中壢,2023-03-24,5853
1312,國喬,20,0,20,統一-中壢,2023-03-24,5853
8024,佑華,25,5,20,統一-中壢,2023-03-24,5853
9907,統一實,20,0,20,統一-中壢,2023-03-24,5853
2419,仲琦,20,1,19,統一-中壢,2023-03-24,5853
8213,志超,20,1,19,統一-中壢,2023-03-24,5853
2634,漢翔,30,12,18,統一-中壢,2023-03-24,5853
5258,虹堡,18,0,18,統一-中壢,2023-03-24,5853
00712,復華富時不動產,16,0,16,統一-中壢,2023-03-24,5853
2449,京元電子,16,0,16,統一-中壢,2023-03-24,5853
4167,松瑞藥,15,0,15,統一-中壢,2023-03-24,5853
5236,凌陽創新,19,4,15,統一-中壢,2023-03-24,5853
3665,貿聯-KY,15,0,15,統一-中壢,2023-03-24,5853
8046,南電,26,12,14,統一-中壢,2023-03-24,5853
2436,偉詮電,14,0,14,統一-中壢,2023-03-24,5853
2883,凱基金,18,4,14,統一-中壢,2023-03-24,5853
6244,茂迪,24,10,14,統一-中壢,2023-03-24,5853
2453,凌群,18,5,13,統一-中壢,2023-03-24,5853
3322,建舜電,16,3,13,統一-中壢,2023-03-24,5853
3363,上詮,14,1,13,統一-中壢,2023-03-24,5853
5015,華祺,13,0,13,統一-中壢,2023-03-24,5853
3520,華盈,13,1,12,統一-中壢,2023-03-24,5853
00751B,元大AAA至A公司債,11,0,11,統一-中壢,2023-03-24,5853
2014,中鴻,11,0,11,統一-中壢,2023-03-24,5853
4961,天鈺,12,1,11,統一-中壢,2023-03-24,5853
00772B,中信高評級公司債,21,11,10,統一-中壢,2023-03-24,5853
1108,幸福,10,0,10,統一-中壢,2023-03-24,5853
00679B,元大美債20年,30,20,10,統一-中壢,2023-03-24,5853
2201,裕隆,15,5,10,統一-中壢,2023-03-24,5853
2441,超豐,10,0,10,統一-中壢,2023-03-24,5853
2455,全新,14,4,10,統一-中壢,2023-03-24,5853
2891,中信金,11,1,10,統一-中壢,2023-03-24,5853
3163,波若威,10,0,10,統一-中壢,2023-03-24,5853
3207,耀勝,10,0,10,統一-中壢,2023-03-24,5853
5426,振發,10,0,10,統一-中壢,2023-03-24,5853
00878,國泰永續高股息,66,1,65,統一-中壢,2023-03-27,5853
2489,瑞軒,60,0,60,統一-中壢,2023-03-27,5853
00715L,期街口布蘭特正2,58,4,54,統一-中壢,2023-03-27,5853
2317,鴻海,53,0,53,統一-中壢,2023-03-27,5853
1605,華新,48,8,40,統一-中壢,2023-03-27,5853
2362,藍天,40,0,40,統一-中壢,2023-03-27,5853
2891,中信金,40,8,32,統一-中壢,2023-03-27,5853
00720B,元大投資級公司債,30,0,30,統一-中壢,2023-03-27,5853
6129,普誠,30,0,30,統一-中壢,2023-03-27,5853
1609,大亞,54,28,26,統一-中壢,2023-03-27,5853
1504,東元,34,10,24,統一-中壢,2023-03-27,5853
2402,毅嘉,43,20,23,統一-中壢,2023-03-27,5853
00922,國泰台灣領袖50,21,0,21,統一-中壢,2023-03-27,5853
3665,貿聯-KY,20,0,20,統一-中壢,2023-03-27,5853
6670,復盛應用,20,0,20,統一-中壢,2023-03-27,5853
3035,智原,30,10,20,統一-中壢,2023-03-27,5853
1762,中化生,21,1,20,統一-中壢,2023-03-27,5853
2887,台新金,20,1,19,統一-中壢,2023-03-27,5853
3011,今皓,19,0,19,統一-中壢,2023-03-27,5853
5608,四維航,24,5,19,統一-中壢,2023-03-27,5853
4961,天鈺,20,2,18,統一-中壢,2023-03-27,5853
2610,華航,21,4,17,統一-中壢,2023-03-27,5853
6443,元晶,31,16,15,統一-中壢,2023-03-27,5853
6217,中探針,13,1,12,統一-中壢,2023-03-27,5853
00751B,元大AAA至A公司債,11,0,11,統一-中壢,2023-03-27,5853
4119,旭富,11,0,11,統一-中壢,2023-03-27,5853
6244,茂迪,17,6,11,統一-中壢,2023-03-27,5853
2303,聯電,16,6,10,統一-中壢,2023-03-27,5853
00753L,中信中國50正2,10,0,10,統一-中壢,2023-03-27,5853
2313,華通,10,0,10,統一-中壢,2023-03-27,5853
00882,中信中國高股息,10,0,10,統一-中壢,2023-03-27,5853
1416,廣豐,10,0,10,統一-中壢,2023-03-27,5853
2408,南亞科,12,2,10,統一-中壢,2023-03-27,5853
2441,超豐,10,0,10,統一-中壢,2023-03-27,5853
3046,建��,31,21,10,統一-中壢,2023-03-27,5853
3207,耀勝,10,0,10,統一-中壢,2023-03-27,5853
3711,日月光投控,10,0,10,統一-中壢,2023-03-27,5853
9907,統一實,10,0,10,統一-中壢,2023-03-27,5853
00923,群益台ESG低碳50,11,1,10,統一-中壢,2023-03-27,5853
1409,新纖,10,1,9,統一-中壢,2023-03-27,5853
2027,大成鋼,9,0,9,統一-中壢,2023-03-27,5853
2883,凱基金,20,11,9,統一-中壢,2023-03-27,5853
3357,臺慶科,9,0,9,統一-中壢,2023-03-27,5853
5289,宜鼎,13,4,9,統一-中壢,2023-03-27,5853
1312,國喬,8,0,8,統一-中壢,2023-03-27,5853
1712,興農,8,0,8,統一-中壢,2023-03-27,5853
6546,正基,8,0,8,統一-中壢,2023-03-27,5853
8112,至上,8,0,8,統一-中壢,2023-03-27,5853
6164,華興,7,0,7,統一-中壢,2023-03-27,5853
2349,錸德,8,1,7,統一-中壢,2023-03-27,5853
1605,華新,208,73,135,統一-中壢,2023-03-28,5853
00632R,元大台灣50反1,100,6,94,統一-中壢,2023-03-28,5853
8089,康全電訊,94,0,94,統一-中壢,2023-03-28,5853
2449,京元電子,80,0,80,統一-中壢,2023-03-28,5853
2891,中信金,54,4,50,統一-中壢,2023-03-28,5853
2498,宏達電,45,13,32,統一-中壢,2023-03-28,5853
4916,事欣科,32,0,32,統一-中壢,2023-03-28,5853
4536,拓凱,35,5,30,統一-中壢,2023-03-28,5853
8213,志超,30,0,30,統一-中壢,2023-03-28,5853
2887,台新金,27,1,26,統一-中壢,2023-03-28,5853
8358,金居,26,1,25,統一-中壢,2023-03-28,5853
2317,鴻海,26,2,24,統一-中壢,2023-03-28,5853
3037,欣興,21,1,20,統一-中壢,2023-03-28,5853
2409,友達,25,5,20,統一-中壢,2023-03-28,5853
2489,瑞軒,20,0,20,統一-中壢,2023-03-28,5853
3607,谷崧,20,0,20,統一-中壢,2023-03-28,5853
4915,致伸,20,0,20,統一-中壢,2023-03-28,5853
5426,振發,20,0,20,統一-中壢,2023-03-28,5853
8171,天宇,21,2,19,統一-中壢,2023-03-28,5853
6245,立端,22,3,19,統一-中壢,2023-03-28,5853
3664,安瑞-KY,18,0,18,統一-中壢,2023-03-28,5853
1522,堤維西,16,0,16,統一-中壢,2023-03-28,5853
3035,智原,19,4,15,統一-中壢,2023-03-28,5853
0056,元大高股息,15,0,15,統一-中壢,2023-03-28,5853
6770,力積電,18,3,15,統一-中壢,2023-03-28,5853
2375,凱美,14,0,14,統一-中壢,2023-03-28,5853
2337,旺宏,14,0,14,統一-中壢,2023-03-28,5853
6217,中探針,14,0,14,統一-中壢,2023-03-28,5853
6443,元晶,15,1,14,統一-中壢,2023-03-28,5853
6244,茂迪,15,1,14,統一-中壢,2023-03-28,5853
5236,凌陽創新,13,0,13,統一-中壢,2023-03-28,5853
6152,百一,19,6,13,統一-中壢,2023-03-28,5853
6164,華興,13,0,13,統一-中壢,2023-03-28,5853
00772B,中信高評級公司債,12,0,12,統一-中壢,2023-03-28,5853
9904,寶成,12,1,11,統一-中壢,2023-03-28,5853
8088,品安,21,10,11,統一-中壢,2023-03-28,5853
00720B,元大投資級公司債,10,0,10,統一-中壢,2023-03-28,5853
00900,富邦特選高股息30,10,0,10,統一-中壢,2023-03-28,5853
00882,中信中國高股息,10,0,10,統一-中壢,2023-03-28,5853
00922,國泰台灣領袖50,10,0,10,統一-中壢,2023-03-28,5853
1529,樂事綠能,10,0,10,統一-中壢,2023-03-28,5853
1786,科妍,10,0,10,統一-中壢,2023-03-28,5853
2883,凱基金,17,7,10,統一-中壢,2023-03-28,5853
2330,台積電,10,0,10,統一-中壢,2023-03-28,5853
1101,台泥,9,0,9,統一-中壢,2023-03-28,5853
2342,茂矽,10,1,9,統一-中壢,2023-03-28,5853
8936,國統,9,0,9,統一-中壢,2023-03-28,5853
2303,聯電,41,33,8,統一-中壢,2023-03-28,5853
00885,富邦越南,20,12,8,統一-中壢,2023-03-28,5853
1314,中石化,8,0,8,統一-中壢,2023-03-28,5853
8213,志超,100,0,100,統一-中壢,2023-03-29,5853
00720B,元大投資級公司債,67,0,67,統一-中壢,2023-03-29,5853
4976,佳凌,64,0,64,統一-中壢,2023-03-29,5853
1605,華新,56,21,35,統一-中壢,2023-03-29,5853
2481,強茂,38,11,27,統一-中壢,2023-03-29,5853
2303,聯電,70,44,26,統一-中壢,2023-03-29,5853
2489,瑞軒,21,0,21,統一-中壢,2023-03-29,5853
2340,台亞,20,0,20,統一-中壢,2023-03-29,5853
2482,連宇,20,0,20,統一-中壢,2023-03-29,5853
3189,景碩,25,5,20,統一-中壢,2023-03-29,5853
3693,營邦,20,0,20,統一-中壢,2023-03-29,5853
6167,久正,20,0,20,統一-中壢,2023-03-29,5853
00900,富邦特選高股息30,16,0,16,統一-中壢,2023-03-29,5853
6116,彩晶,16,0,16,統一-中壢,2023-03-29,5853
4536,拓凱,25,10,15,統一-中壢,2023-03-29,5853
3661,世芯-KY,15,1,14,統一-中壢,2023-03-29,5853
5243,乙盛-KY,24,11,13,統一-中壢,2023-03-29,5853
8936,國統,14,1,13,統一-中壢,2023-03-29,5853
00922,國泰台灣領袖50,12,0,12,統一-中壢,2023-03-29,5853
3034,聯詠,12,1,11,統一-中壢,2023-03-29,5853
2886,兆豐金,11,0,11,統一-中壢,2023-03-29,5853
2371,大同,17,7,10,統一-中壢,2023-03-29,5853
00903,富邦元宇宙,10,0,10,統一-中壢,2023-03-29,5853
2363,矽統,10,0,10,統一-中壢,2023-03-29,5853
2449,京元電子,20,10,10,統一-中壢,2023-03-29,5853
2867,三商壽,10,0,10,統一-中壢,2023-03-29,5853
2929,淘帝-KY,10,0,10,統一-中壢,2023-03-29,5853
3483,力致,11,1,10,統一-中壢,2023-03-29,5853
6432,今展科,10,0,10,統一-中壢,2023-03-29,5853
8930,青鋼,10,0,10,統一-中壢,2023-03-29,5853
6282,康舒,11,2,9,統一-中壢,2023-03-29,5853
2368,金像電,19,10,9,統一-中壢,2023-03-29,5853
3714,富采,9,0,9,統一-中壢,2023-03-29,5853
6122,擎邦,18,9,9,統一-中壢,2023-03-29,5853
6235,華孚,60,51,9,統一-中壢,2023-03-29,5853
2891,中信金,10,1,9,統一-中壢,2023-03-29,5853
4763,材料-KY,10,1,9,統一-中壢,2023-03-29,5853
3035,智原,9,1,8,統一-中壢,2023-03-29,5853
4979,華星光,22,14,8,統一-中壢,2023-03-29,5853
1514,亞力,8,0,8,統一-中壢,2023-03-29,5853
2614,東森,8,0,8,統一-中壢,2023-03-29,5853
3013,晟銘電,10,2,8,統一-中壢,2023-03-29,5853
3552,同致,8,0,8,統一-中壢,2023-03-29,5853
3652,精聯,8,0,8,統一-中壢,2023-03-29,5853
3162,精確,7,0,7,統一-中壢,2023-03-29,5853
5015,華祺,7,0,7,統一-中壢,2023-03-29,5853
6861,睿生光電,7,0,7,統一-中壢,2023-03-29,5853
8926,台汽電,7,0,7,統一-中壢,2023-03-29,5853
2603,長榮,8,1,7,統一-中壢,2023-03-29,5853
2405,輔信,6,0,6,統一-中壢,2023-03-29,5853
911868,同方友友-DR,50,0,50,統一-中壢,2023-03-30,5853
6133,金橋,72,23,49,統一-中壢,2023-03-30,5853
6143,振曜,44,2,42,統一-中壢,2023-03-30,5853
2884,玉山金,80,39,41,統一-中壢,2023-03-30,5853
2883,凱基金,30,0,30,統一-中壢,2023-03-30,5853
2449,京元電子,30,0,30,統一-中壢,2023-03-30,5853
6015,宏遠證,25,0,25,統一-中壢,2023-03-30,5853
8277,商丞,25,1,24,統一-中壢,2023-03-30,5853
00715L,期街口布蘭特正2,20,0,20,統一-中壢,2023-03-30,5853
2362,藍天,20,0,20,統一-中壢,2023-03-30,5853
00679B,元大美債20年,19,0,19,統一-中壢,2023-03-30,5853
2409,友達,17,0,17,統一-中壢,2023-03-30,5853
2618,長榮航,19,4,15,統一-中壢,2023-03-30,5853
3715,定穎投控,16,1,15,統一-中壢,2023-03-30,5853
6282,康舒,15,0,15,統一-中壢,2023-03-30,5853
3706,神達,14,0,14,統一-中壢,2023-03-30,5853
2006,東和鋼鐵,13,0,13,統一-中壢,2023-03-30,5853
3693,營邦,13,0,13,統一-中壢,2023-03-30,5853
1605,華新,53,41,12,統一-中壢,2023-03-30,5853
2891,中信金,14,2,12,統一-中壢,2023-03-30,5853
6806,森崴能源,12,0,12,統一-中壢,2023-03-30,5853
1752,南光,16,5,11,統一-中壢,2023-03-30,5853
4536,拓凱,10,0,10,統一-中壢,2023-03-30,5853
1215,卜蜂,10,0,10,統一-中壢,2023-03-30,5853
00665L,富邦�琤肭磪囓�2,40,30,10,統一-中壢,2023-03-30,5853
1528,恩德,10,0,10,統一-中壢,2023-03-30,5853
1618,合機,12,2,10,統一-中壢,2023-03-30,5853
2374,佳能,10,0,10,統一-中壢,2023-03-30,5853
3607,谷崧,10,0,10,統一-中壢,2023-03-30,5853
4128,中天,42,32,10,統一-中壢,2023-03-30,5853
4915,致伸,10,0,10,統一-中壢,2023-03-30,5853
6243,迅杰,10,0,10,統一-中壢,2023-03-30,5853
00632R,元大台灣50反1,11,2,9,統一-中壢,2023-03-30,5853
1319,東陽,11,2,9,統一-中壢,2023-03-30,5853
2331,精英,10,1,9,統一-中壢,2023-03-30,5853
8227,巨有科技,9,0,9,統一-中壢,2023-03-30,5853
1314,中石化,8,0,8,統一-中壢,2023-03-30,5853
00680L,元大美債20正2,8,0,8,統一-中壢,2023-03-30,5853
2609,陽明,20,12,8,統一-中壢,2023-03-30,5853
2834,臺企銀,8,0,8,統一-中壢,2023-03-30,5853
2308,台達電,9,1,8,統一-中壢,2023-03-30,5853
2317,鴻海,13,5,8,統一-中壢,2023-03-30,5853
2031,新光鋼,7,0,7,統一-中壢,2023-03-30,5853
3013,晟銘電,8,1,7,統一-中壢,2023-03-30,5853
3714,富采,6,0,6,統一-中壢,2023-03-30,5853
2329,華泰,6,0,6,統一-中壢,2023-03-30,5853
3443,創意,15,9,6,統一-中壢,2023-03-30,5853
1217,愛之味,6,0,6,統一-中壢,2023-03-30,5853
1234,黑松,6,0,6,統一-中壢,2023-03-30,5853
2402,毅嘉,11,5,6,統一-中壢,2023-03-30,5853
00878,國泰永續高股息,226,9,217,統一-中壢,2023-03-31,5853
2449,京元電子,62,0,62,統一-中壢,2023-03-31,5853
1471,首利,60,0,60,統一-中壢,2023-03-31,5853
2353,宏��,54,2,52,統一-中壢,2023-03-31,5853
00650L,復華香港正2,52,4,48,統一-中壢,2023-03-31,5853
3665,貿聯-KY,44,6,38,統一-中壢,2023-03-31,5853
00713,元大台灣高息低波,31,0,31,統一-中壢,2023-03-31,5853
00632R,元大台灣50反1,31,0,31,統一-中壢,2023-03-31,5853
3715,定穎投控,32,2,30,統一-中壢,2023-03-31,5853
8050,廣積,32,3,29,統一-中壢,2023-03-31,5853
3105,穩懋,28,1,27,統一-中壢,2023-03-31,5853
00882,中信中國高股息,25,0,25,統一-中壢,2023-03-31,5853
6806,森崴能源,25,1,24,統一-中壢,2023-03-31,5853
3011,今皓,22,0,22,統一-中壢,2023-03-31,5853
2317,鴻海,22,1,21,統一-中壢,2023-03-31,5853
00679B,元大美債20年,21,0,21,統一-中壢,2023-03-31,5853
6122,擎邦,23,3,20,統一-中壢,2023-03-31,5853
6282,康舒,21,1,20,統一-中壢,2023-03-31,5853
1605,華新,61,44,17,統一-中壢,2023-03-31,5853
00922,國泰台灣領袖50,17,0,17,統一-中壢,2023-03-31,5853
2882,國泰金,38,22,16,統一-中壢,2023-03-31,5853
00720B,元大投資級公司債,15,0,15,統一-中壢,2023-03-31,5853
00712,復華富時不動產,12,0,12,統一-中壢,2023-03-31,5853
2889,國票金,12,0,12,統一-中壢,2023-03-31,5853
4536,拓凱,11,0,11,統一-中壢,2023-03-31,5853
2027,大成鋼,12,2,10,統一-中壢,2023-03-31,5853
2342,茂矽,15,5,10,統一-中壢,2023-03-31,5853
2890,永豐金,11,1,10,統一-中壢,2023-03-31,5853
2897,王道銀行,10,0,10,統一-中壢,2023-03-31,5853
2905,三商,10,0,10,統一-中壢,2023-03-31,5853
5236,凌陽創新,10,0,10,統一-中壢,2023-03-31,5853
6190,萬泰科,10,0,10,統一-中壢,2023-03-31,5853
00891,中信關鍵半導體,9,0,9,統一-中壢,2023-03-31,5853
00751B,元大AAA至A公司債,9,0,9,統一-中壢,2023-03-31,5853
2609,陽明,28,19,9,統一-中壢,2023-03-31,5853
6470,宇智,14,5,9,統一-中壢,2023-03-31,5853
00888,永豐台灣ESG,8,0,8,統一-中壢,2023-03-31,5853
3093,港建*,8,0,8,統一-中壢,2023-03-31,5853
3231,緯創,20,13,7,統一-中壢,2023-03-31,5853
3006,晶豪科,27,20,7,統一-中壢,2023-03-31,5853
3558,神準,22,15,7,統一-中壢,2023-03-31,5853
8105,凌巨,7,0,7,統一-中壢,2023-03-31,5853
00916,國泰全球品牌50,6,0,6,統一-中壢,2023-03-31,5853
1513,中興電,7,1,6,統一-中壢,2023-03-31,5853
2476,鉅祥,6,0,6,統一-中壢,2023-03-31,5853
2610,華航,6,0,6,統一-中壢,2023-03-31,5853
2880,華南金,6,0,6,統一-中壢,2023-03-31,5853
3013,晟銘電,6,0,6,統一-中壢,2023-03-31,5853
4931,新盛力,7,1,6,統一-中壢,2023-03-31,5853
6245,立端,6,0,6,統一-中壢,2023-03-31,5853
00673R,期元大S＆P原油反1,626,0,626,統一-中壢,2023-04-06,5853
00713,元大台灣高息低波,102,7,95,統一-中壢,2023-04-06,5853
2317,鴻海,91,3,88,統一-中壢,2023-04-06,5853
2344,華邦電,71,0,71,統一-中壢,2023-04-06,5853
2880,華南金,58,0,58,統一-中壢,2023-04-06,5853
00632R,元大台灣50反1,50,2,48,統一-中壢,2023-04-06,5853
2427,三商電,96,55,41,統一-中壢,2023-04-06,5853
3576,聯合再生,39,0,39,統一-中壢,2023-04-06,5853
1605,華新,39,15,24,統一-中壢,2023-04-06,5853
00637L,元大滬深300正2,30,6,24,統一-中壢,2023-04-06,5853
3056,富華新,22,0,22,統一-中壢,2023-04-06,5853
00902,中信電池及儲能,21,0,21,統一-中壢,2023-04-06,5853
3665,貿聯-KY,21,1,20,統一-中壢,2023-04-06,5853
6829,千附精密,20,0,20,統一-中壢,2023-04-06,5853
00893,國泰智能電動車,19,0,19,統一-中壢,2023-04-06,5853
2402,毅嘉,21,2,19,統一-中壢,2023-04-06,5853
6269,台郡,19,0,19,統一-中壢,2023-04-06,5853
2609,陽明,23,5,18,統一-中壢,2023-04-06,5853
00753L,中信中國50正2,18,1,17,統一-中壢,2023-04-06,5853
4123,晟德,17,0,17,統一-中壢,2023-04-06,5853
2302,麗正,15,0,15,統一-中壢,2023-04-06,5853
6164,華興,15,0,15,統一-中壢,2023-04-06,5853
5452,佶優,14,0,14,統一-中壢,2023-04-06,5853
8069,元太,14,1,13,統一-中壢,2023-04-06,5853
2208,台船,13,0,13,統一-中壢,2023-04-06,5853
6133,金橋,14,1,13,統一-中壢,2023-04-06,5853
00910,第一金太空衛星,12,0,12,統一-中壢,2023-04-06,5853
2332,友訊,12,0,12,統一-中壢,2023-04-06,5853
2612,中航,12,0,12,統一-中壢,2023-04-06,5853
8110,華東,12,0,12,統一-中壢,2023-04-06,5853
00665L,富邦�琤肭磪囓�2,35,24,11,統一-中壢,2023-04-06,5853
4746,台耀,18,7,11,統一-中壢,2023-04-06,5853
0056,元大高股息,11,0,11,統一-中壢,2023-04-06,5853
1611,中電,17,7,10,統一-中壢,2023-04-06,5853
2449,京元電子,10,0,10,統一-中壢,2023-04-06,5853
2528,皇普,20,10,10,統一-中壢,2023-04-06,5853
6156,松上,10,0,10,統一-中壢,2023-04-06,5853
6285,啟��,13,3,10,統一-中壢,2023-04-06,5853
9928,中視,10,0,10,統一-中壢,2023-04-06,5853
9958,世紀鋼,10,0,10,統一-中壢,2023-04-06,5853
00923,群益台ESG低碳50,20,10,10,統一-中壢,2023-04-06,5853
00633L,富邦上証正2,9,0,9,統一-中壢,2023-04-06,5853
2606,裕民,9,0,9,統一-中壢,2023-04-06,5853
00882,中信中國高股息,9,1,8,統一-中壢,2023-04-06,5853
00900,富邦特選高股息30,8,0,8,統一-中壢,2023-04-06,5853
2308,台達電,8,0,8,統一-中壢,2023-04-06,5853
1609,大亞,18,10,8,統一-中壢,2023-04-06,5853
3454,晶睿,30,22,8,統一-中壢,2023-04-06,5853
2618,長榮航,7,0,7,統一-中壢,2023-04-06,5853
2331,精英,7,0,7,統一-中壢,2023-04-06,5853
9942,茂順,111,0,111,統一-中壢,2023-04-07,5853
2880,華南金,85,0,85,統一-中壢,2023-04-07,5853
2353,宏��,70,3,67,統一-中壢,2023-04-07,5853
00712,復華富時不動產,53,0,53,統一-中壢,2023-04-07,5853
00632R,元大台灣50反1,50,0,50,統一-中壢,2023-04-07,5853
6770,力積電,40,2,38,統一-中壢,2023-04-07,5853
00912,中信臺灣智慧50,34,0,34,統一-中壢,2023-04-07,5853
2023,燁輝,32,0,32,統一-中壢,2023-04-07,5853
3056,富華新,40,9,31,統一-中壢,2023-04-07,5853
4536,拓凱,30,0,30,統一-中壢,2023-04-07,5853
8089,康全電訊,30,0,30,統一-中壢,2023-04-07,5853
00907,永豐優息存股,33,6,27,統一-中壢,2023-04-07,5853
3036,文曄,25,0,25,統一-中壢,2023-04-07,5853
00720B,元大投資級公司債,22,0,22,統一-中壢,2023-04-07,5853
2449,京元電子,22,0,22,統一-中壢,2023-04-07,5853
5328,華容,26,4,22,統一-中壢,2023-04-07,5853
2317,鴻海,22,0,22,統一-中壢,2023-04-07,5853
2421,建準,21,0,21,統一-中壢,2023-04-07,5853
5009,榮剛,19,0,19,統一-中壢,2023-04-07,5853
6829,千附精密,25,6,19,統一-中壢,2023-04-07,5853
2481,強茂,21,3,18,統一-中壢,2023-04-07,5853
2884,玉山金,24,7,17,統一-中壢,2023-04-07,5853
6548,長科*,17,0,17,統一-中壢,2023-04-07,5853
1609,大亞,31,14,17,統一-中壢,2023-04-07,5853
3046,建��,18,2,16,統一-中壢,2023-04-07,5853
3703,欣陸,16,0,16,統一-中壢,2023-04-07,5853
2436,偉詮電,15,0,15,統一-中壢,2023-04-07,5853
00902,中信電池及儲能,14,0,14,統一-中壢,2023-04-07,5853
2465,麗臺,14,0,14,統一-中壢,2023-04-07,5853
3027,盛達,15,1,14,統一-中壢,2023-04-07,5853
4946,辣椒,14,0,14,統一-中壢,2023-04-07,5853
2031,新光鋼,13,0,13,統一-中壢,2023-04-07,5853
2633,台灣高鐵,13,0,13,統一-中壢,2023-04-07,5853
3711,日月光投控,13,0,13,統一-中壢,2023-04-07,5853
6244,茂迪,17,4,13,統一-中壢,2023-04-07,5853
2453,凌群,11,0,11,統一-中壢,2023-04-07,5853
3141,晶宏,11,0,11,統一-中壢,2023-04-07,5853
4916,事欣科,11,0,11,統一-中壢,2023-04-07,5853
6156,松上,13,2,11,統一-中壢,2023-04-07,5853
6861,睿生光電,12,1,11,統一-中壢,2023-04-07,5853
2891,中信金,11,0,11,統一-中壢,2023-04-07,5853
6164,華興,10,0,10,統一-中壢,2023-04-07,5853
3176,基亞,10,0,10,統一-中壢,2023-04-07,5853
3499,環天科,10,0,10,統一-中壢,2023-04-07,5853
6182,合晶,12,2,10,統一-中壢,2023-04-07,5853
00919,群益台灣精選高息,10,0,10,統一-中壢,2023-04-07,5853
1513,中興電,20,11,9,統一-中壢,2023-04-07,5853
2364,倫飛,9,0,9,統一-中壢,2023-04-07,5853
3003,健和興,9,0,9,統一-中壢,2023-04-07,5853
3005,神基,10,1,9,統一-中壢,2023-04-07,5853
3520,華盈,101,12,89,統一-中壢,2023-04-10,5853
6288,聯嘉,67,1,66,統一-中壢,2023-04-10,5853
00706L,期元大S＆P日圓正2,50,0,50,統一-中壢,2023-04-10,5853
6235,華孚,83,46,37,統一-中壢,2023-04-10,5853
3711,日月光投控,31,0,31,統一-中壢,2023-04-10,5853
1319,東陽,30,0,30,統一-中壢,2023-04-10,5853
3047,訊舟,30,0,30,統一-中壢,2023-04-10,5853
00878,國泰永續高股息,36,6,30,統一-中壢,2023-04-10,5853
2609,陽明,42,14,28,統一-中壢,2023-04-10,5853
00679B,元大美債20年,26,3,23,統一-中壢,2023-04-10,5853
1519,華城,54,31,23,統一-中壢,2023-04-10,5853
9942,茂順,24,2,22,統一-中壢,2023-04-10,5853
2002,中鋼,21,0,21,統一-中壢,2023-04-10,5853
3322,建舜電,21,0,21,統一-中壢,2023-04-10,5853
2884,玉山金,26,6,20,統一-中壢,2023-04-10,5853
5236,凌陽創新,20,0,20,統一-中壢,2023-04-10,5853
6669,緯穎,20,0,20,統一-中壢,2023-04-10,5853
6104,創惟,21,1,20,統一-中壢,2023-04-10,5853
2457,飛宏,38,20,18,統一-中壢,2023-04-10,5853
8072,陞泰,18,0,18,統一-中壢,2023-04-10,5853
00919,群益台灣精選高息,21,3,18,統一-中壢,2023-04-10,5853
00673R,期元大S＆P原油反1,15,0,15,統一-中壢,2023-04-10,5853
00680L,元大美債20正2,15,0,15,統一-中壢,2023-04-10,5853
5534,長虹,15,0,15,統一-中壢,2023-04-10,5853
5353,台林,15,1,14,統一-中壢,2023-04-10,5853
3029,零壹,16,3,13,統一-中壢,2023-04-10,5853
5508,永信建,13,0,13,統一-中壢,2023-04-10,5853
8383,千附,14,1,13,統一-中壢,2023-04-10,5853
2337,旺宏,12,0,12,統一-中壢,2023-04-10,5853
1605,華新,33,22,11,統一-中壢,2023-04-10,5853
4979,華星光,17,6,11,統一-中壢,2023-04-10,5853
8043,蜜望實,11,0,11,統一-中壢,2023-04-10,5853
8105,凌巨,11,0,11,統一-中壢,2023-04-10,5853
1714,和桐,10,0,10,統一-中壢,2023-04-10,5853
1810,和成,10,0,10,統一-中壢,2023-04-10,5853
3178,公準,10,0,10,統一-中壢,2023-04-10,5853
3499,環天科,10,0,10,統一-中壢,2023-04-10,5853
6164,華興,10,0,10,統一-中壢,2023-04-10,5853
8028,昇陽半導體,11,1,10,統一-中壢,2023-04-10,5853
8936,國統,10,0,10,統一-中壢,2023-04-10,5853
00888,永豐台灣ESG,10,0,10,統一-中壢,2023-04-10,5853
00902,中信電池及儲能,9,0,9,統一-中壢,2023-04-10,5853
2637,慧洋-KY,15,6,9,統一-中壢,2023-04-10,5853
5483,中美晶,10,1,9,統一-中壢,2023-04-10,5853
6285,啟��,18,9,9,統一-中壢,2023-04-10,5853
6770,力積電,14,5,9,統一-中壢,2023-04-10,5853
00910,第一金太空衛星,20,12,8,統一-中壢,2023-04-10,5853
2442,新美齊,8,0,8,統一-中壢,2023-04-10,5853
3357,臺慶科,9,1,8,統一-中壢,2023-04-10,5853
4967,十銓,9,2,7,統一-中壢,2023-04-10,5853
3481,群創,110,25,85,統一-中壢,2023-04-11,5853
2834,臺企銀,87,17,70,統一-中壢,2023-04-11,5853
00878,國泰永續高股息,135,73,62,統一-中壢,2023-04-11,5853
1319,東陽,72,12,60,統一-中壢,2023-04-11,5853
6244,茂迪,59,0,59,統一-中壢,2023-04-11,5853
6191,精成科,65,11,54,統一-中壢,2023-04-11,5853
4536,拓凱,51,10,41,統一-中壢,2023-04-11,5853
00712,復華富時不動產,37,0,37,統一-中壢,2023-04-11,5853
4916,事欣科,35,0,35,統一-中壢,2023-04-11,5853
00912,中信臺灣智慧50,33,0,33,統一-中壢,2023-04-11,5853
2349,錸德,32,0,32,統一-中壢,2023-04-11,5853
3029,零壹,35,4,31,統一-中壢,2023-04-11,5853
1709,和益,30,0,30,統一-中壢,2023-04-11,5853
00637L,元大滬深300正2,29,0,29,統一-中壢,2023-04-11,5853
6209,今國光,30,4,26,統一-中壢,2023-04-11,5853
1785,光洋科,25,0,25,統一-中壢,2023-04-11,5853
2634,漢翔,26,3,23,統一-中壢,2023-04-11,5853
8112,至上,22,0,22,統一-中壢,2023-04-11,5853
2402,毅嘉,21,0,21,統一-中壢,2023-04-11,5853
2206,三陽工業,24,4,20,統一-中壢,2023-04-11,5853
3056,富華新,20,0,20,統一-中壢,2023-04-11,5853
5484,慧友,21,1,20,統一-中壢,2023-04-11,5853
6245,立端,22,3,19,統一-中壢,2023-04-11,5853
2332,友訊,20,1,19,統一-中壢,2023-04-11,5853
00679B,元大美債20年,19,2,17,統一-中壢,2023-04-11,5853
2303,聯電,27,11,16,統一-中壢,2023-04-11,5853
6532,瑞耘,16,0,16,統一-中壢,2023-04-11,5853
6266,泰詠,17,2,15,統一-中壢,2023-04-11,5853
6770,力積電,15,1,14,統一-中壢,2023-04-11,5853
2208,台船,27,14,13,統一-中壢,2023-04-11,5853
3013,晟銘電,13,0,13,統一-中壢,2023-04-11,5853
3260,威剛,18,5,13,統一-中壢,2023-04-11,5853
3558,神準,45,33,12,統一-中壢,2023-04-11,5853
3264,欣銓,12,0,12,統一-中壢,2023-04-11,5853
1609,大亞,38,27,11,統一-中壢,2023-04-11,5853
00665L,富邦�琤肭磪囓�2,82,71,11,統一-中壢,2023-04-11,5853
00907,永豐優息存股,10,0,10,統一-中壢,2023-04-11,5853
00902,中信電池及儲能,10,0,10,統一-中壢,2023-04-11,5853
2302,麗正,10,0,10,統一-中壢,2023-04-11,5853
2867,三商壽,10,0,10,統一-中壢,2023-04-11,5853
3093,港建*,10,0,10,統一-中壢,2023-04-11,5853
3499,環天科,10,0,10,統一-中壢,2023-04-11,5853
2317,鴻海,19,10,9,統一-中壢,2023-04-11,5853
8938,明安,11,2,9,統一-中壢,2023-04-11,5853
3540,曜越,11,2,9,統一-中壢,2023-04-11,5853
3035,智原,9,1,8,統一-中壢,2023-04-11,5853
1528,恩德,8,0,8,統一-中壢,2023-04-11,5853
2331,精英,23,15,8,統一-中壢,2023-04-11,5853
2528,皇普,8,0,8,統一-中壢,2023-04-11,5853
00888,永豐台灣ESG,8,0,8,統一-中壢,2023-04-11,5853
00637L,元大滬深300正2,133,0,133,統一-中壢,2023-04-12,5853
9907,統一實,50,0,50,統一-中壢,2023-04-12,5853
2801,彰銀,50,5,45,統一-中壢,2023-04-12,5853
2328,廣宇,39,0,39,統一-中壢,2023-04-12,5853
6282,康舒,36,4,32,統一-中壢,2023-04-12,5853
2317,鴻海,30,0,30,統一-中壢,2023-04-12,5853
00632R,元大台灣50反1,30,0,30,統一-中壢,2023-04-12,5853
2887,台新金,30,0,30,統一-中壢,2023-04-12,5853
3013,晟銘電,75,47,28,統一-中壢,2023-04-12,5853
00679B,元大美債20年,26,0,26,統一-中壢,2023-04-12,5853
2329,華泰,48,22,26,統一-中壢,2023-04-12,5853
5315,光聯,26,0,26,統一-中壢,2023-04-12,5853
3189,景碩,26,1,25,統一-中壢,2023-04-12,5853
00673R,期元大S＆P原油反1,33,10,23,統一-中壢,2023-04-12,5853
4968,立積,29,7,22,統一-中壢,2023-04-12,5853
3520,華盈,23,2,21,統一-中壢,2023-04-12,5853
2313,華通,20,0,20,統一-中壢,2023-04-12,5853
3715,定穎投控,24,4,20,統一-中壢,2023-04-12,5853
6275,元山,20,0,20,統一-中壢,2023-04-12,5853
2351,順德,19,0,19,統一-中壢,2023-04-12,5853
4961,天鈺,21,2,19,統一-中壢,2023-04-12,5853
3322,建舜電,20,2,18,統一-中壢,2023-04-12,5853
2641,正德,16,0,16,統一-中壢,2023-04-12,5853
1611,中電,18,3,15,統一-中壢,2023-04-12,5853
6209,今國光,16,1,15,統一-中壢,2023-04-12,5853
00910,第一金太空衛星,20,6,14,統一-中壢,2023-04-12,5853
6706,惠特,16,2,14,統一-中壢,2023-04-12,5853
3037,欣興,22,8,14,統一-中壢,2023-04-12,5853
5285,界霖,14,0,14,統一-中壢,2023-04-12,5853
00753L,中信中國50正2,13,0,13,統一-中壢,2023-04-12,5853
1513,中興電,37,24,13,統一-中壢,2023-04-12,5853
1609,大亞,72,59,13,統一-中壢,2023-04-12,5853
2206,三陽工業,25,12,13,統一-中壢,2023-04-12,5853
3260,威剛,15,2,13,統一-中壢,2023-04-12,5853
6207,雷科,13,0,13,統一-中壢,2023-04-12,5853
2369,菱生,19,7,12,統一-中壢,2023-04-12,5853
2867,三商壽,12,0,12,統一-中壢,2023-04-12,5853
00923,群益台ESG低碳50,11,0,11,統一-中壢,2023-04-12,5853
1504,東元,30,19,11,統一-中壢,2023-04-12,5853
1612,宏泰,16,5,11,統一-中壢,2023-04-12,5853
3056,富華新,12,1,11,統一-中壢,2023-04-12,5853
3680,家登,11,1,10,統一-中壢,2023-04-12,5853
00680L,元大美債20正2,10,0,10,統一-中壢,2023-04-12,5853
1319,東陽,10,0,10,統一-中壢,2023-04-12,5853
1733,五鼎,10,0,10,統一-中壢,2023-04-12,5853
2034,允強,10,0,10,統一-中壢,2023-04-12,5853
2429,銘旺科,10,0,10,統一-中壢,2023-04-12,5853
4906,正文,10,0,10,統一-中壢,2023-04-12,5853
6118,建達,10,0,10,統一-中壢,2023-04-12,5853
6168,宏齊,10,0,10,統一-中壢,2023-04-12,5853
2801,彰銀,80,0,80,統一-中壢,2023-04-13,5853
00632R,元大台灣50反1,100,25,75,統一-中壢,2023-04-13,5853
5481,新華,75,0,75,統一-中壢,2023-04-13,5853
2367,燿華,68,3,65,統一-中壢,2023-04-13,5853
1609,大亞,73,17,56,統一-中壢,2023-04-13,5853
5388,中磊,57,4,53,統一-中壢,2023-04-13,5853
3711,日月光投控,44,0,44,統一-中壢,2023-04-13,5853
2302,麗正,35,3,32,統一-中壢,2023-04-13,5853
1810,和成,52,21,31,統一-中壢,2023-04-13,5853
2206,三陽工業,33,2,31,統一-中壢,2023-04-13,5853
2634,漢翔,98,69,29,統一-中壢,2023-04-13,5853
6152,百一,41,13,28,統一-中壢,2023-04-13,5853
1733,五鼎,24,0,24,統一-中壢,2023-04-13,5853
00712,復華富時不動產,21,0,21,統一-中壢,2023-04-13,5853
2313,華通,23,2,21,統一-中壢,2023-04-13,5853
2492,華新科,24,4,20,統一-中壢,2023-04-13,5853
00680L,元大美債20正2,20,0,20,統一-中壢,2023-04-13,5853
2427,三商電,20,0,20,統一-中壢,2023-04-13,5853
3038,全台,30,10,20,統一-中壢,2023-04-13,5853
5009,榮剛,38,18,20,統一-中壢,2023-04-13,5853
1319,東陽,30,11,19,統一-中壢,2023-04-13,5853
2515,中工,27,8,19,統一-中壢,2023-04-13,5853
1504,東元,58,40,18,統一-中壢,2023-04-13,5853
6443,元晶,23,6,17,統一-中壢,2023-04-13,5853
1519,華城,38,21,17,統一-中壢,2023-04-13,5853
6163,華電網,28,11,17,統一-中壢,2023-04-13,5853
8110,華東,41,24,17,統一-中壢,2023-04-13,5853
3231,緯創,16,0,16,統一-中壢,2023-04-13,5853
6133,金橋,17,1,16,統一-中壢,2023-04-13,5853
00673R,期元大S＆P原油反1,15,0,15,統一-中壢,2023-04-13,5853
2027,大成鋼,15,0,15,統一-中壢,2023-04-13,5853
6016,康和證,14,0,14,統一-中壢,2023-04-13,5853
00753L,中信中國50正2,14,1,13,統一-中壢,2023-04-13,5853
1513,中興電,22,9,13,統一-中壢,2023-04-13,5853
2390,云辰,21,8,13,統一-中壢,2023-04-13,5853
4973,廣穎,13,0,13,統一-中壢,2023-04-13,5853
00679B,元大美債20年,12,0,12,統一-中壢,2023-04-13,5853
00751B,元大AAA至A公司債,12,0,12,統一-中壢,2023-04-13,5853
8440,綠電,12,0,12,統一-中壢,2023-04-13,5853
2317,鴻海,12,0,12,統一-中壢,2023-04-13,5853
1216,統一,11,0,11,統一-中壢,2023-04-13,5853
5309,系統電,13,2,11,統一-中壢,2023-04-13,5853
1605,華新,20,9,11,統一-中壢,2023-04-13,5853
00772B,中信高評級公司債,13,3,10,統一-中壢,2023-04-13,5853
6285,啟��,11,1,10,統一-中壢,2023-04-13,5853
1104,環泥,10,0,10,統一-中壢,2023-04-13,5853
1612,宏泰,10,0,10,統一-中壢,2023-04-13,5853
3701,大眾控,10,0,10,統一-中壢,2023-04-13,5853
4147,中裕,15,5,10,統一-中壢,2023-04-13,5853
5299,杰力,10,0,10,統一-中壢,2023-04-13,5853
00680L,元大美債20正2,113,0,113,統一-中壢,2023-04-14,5853
00637L,元大滬深300正2,73,3,70,統一-中壢,2023-04-14,5853
1234,黑松,67,0,67,統一-中壢,2023-04-14,5853
2867,三商壽,80,21,59,統一-中壢,2023-04-14,5853
2303,聯電,60,4,56,統一-中壢,2023-04-14,5853
2801,彰銀,51,2,49,統一-中壢,2023-04-14,5853
00679B,元大美債20年,47,0,47,統一-中壢,2023-04-14,5853
00720B,元大投資級公司債,41,0,41,統一-中壢,2023-04-14,5853
9907,統一實,51,11,40,統一-中壢,2023-04-14,5853
6829,千附精密,47,7,40,統一-中壢,2023-04-14,5853
2367,燿華,35,0,35,統一-中壢,2023-04-14,5853
00632R,元大台灣50反1,32,0,32,統一-中壢,2023-04-14,5853
4536,拓凱,30,0,30,統一-中壢,2023-04-14,5853
00751B,元大AAA至A公司債,27,0,27,統一-中壢,2023-04-14,5853
00772B,中信高評級公司債,27,1,26,統一-中壢,2023-04-14,5853
2208,台船,44,20,24,統一-中壢,2023-04-14,5853
2061,風青,24,0,24,統一-中壢,2023-04-14,5853
1589,永冠-KY,34,11,23,統一-中壢,2023-04-14,5853
2609,陽明,42,20,22,統一-中壢,2023-04-14,5853
00878,國泰永續高股息,24,2,22,統一-中壢,2023-04-14,5853
00687B,國泰20年美債,20,0,20,統一-中壢,2023-04-14,5853
6122,擎邦,21,1,20,統一-中壢,2023-04-14,5853
8936,國統,21,1,20,統一-中壢,2023-04-14,5853
3025,星通,20,3,17,統一-中壢,2023-04-14,5853
2323,中環,20,4,16,統一-中壢,2023-04-14,5853
6197,佳必琪,15,0,15,統一-中壢,2023-04-14,5853
2356,英業達,14,0,14,統一-中壢,2023-04-14,5853
2382,廣達,14,0,14,統一-中壢,2023-04-14,5853
2442,新美齊,14,0,14,統一-中壢,2023-04-14,5853
5481,新華,14,0,14,統一-中壢,2023-04-14,5853
2390,云辰,13,0,13,統一-中壢,2023-04-14,5853
5475,德宏,13,0,13,統一-中壢,2023-04-14,5853
6244,茂迪,15,2,13,統一-中壢,2023-04-14,5853
1504,東元,28,16,12,統一-中壢,2023-04-14,5853
00773B,中信優先金融債,12,0,12,統一-中壢,2023-04-14,5853
2613,中櫃,11,0,11,統一-中壢,2023-04-14,5853
2883,凱基金,18,7,11,統一-中壢,2023-04-14,5853
2031,新光鋼,10,0,10,統一-中壢,2023-04-14,5853
2104,國際中橡,10,0,10,統一-中壢,2023-04-14,5853
3322,建舜電,13,3,10,統一-中壢,2023-04-14,5853
6205,詮欣,10,0,10,統一-中壢,2023-04-14,5853
6548,長科*,10,0,10,統一-中壢,2023-04-14,5853
9928,中視,10,0,10,統一-中壢,2023-04-14,5853
4168,醣聯,10,0,10,統一-中壢,2023-04-14,5853
8222,寶一,26,17,9,統一-中壢,2023-04-14,5853
1519,華城,24,15,9,統一-中壢,2023-04-14,5853
1609,大亞,38,29,9,統一-中壢,2023-04-14,5853
2331,精英,11,2,9,統一-中壢,2023-04-14,5853
2338,光罩,9,0,9,統一-中壢,2023-04-14,5853
2419,仲琦,9,0,9,統一-中壢,2023-04-14,5853
3481,群創,150,12,138,統一-中壢,2023-04-17,5853
2801,彰銀,100,0,100,統一-中壢,2023-04-17,5853
2834,臺企銀,100,0,100,統一-中壢,2023-04-17,5853
00900,富邦特選高股息30,97,22,75,統一-中壢,2023-04-17,5853
00674R,期元大S＆P黃金反1,60,0,60,統一-中壢,2023-04-17,5853
6282,康舒,72,22,50,統一-中壢,2023-04-17,5853
00679B,元大美債20年,48,0,48,統一-中壢,2023-04-17,5853
00712,復華富時不動產,48,2,46,統一-中壢,2023-04-17,5853
6770,力積電,45,6,39,統一-中壢,2023-04-17,5853
1569,濱川,37,1,36,統一-中壢,2023-04-17,5853
2002,中鋼,39,6,33,統一-中壢,2023-04-17,5853
1234,黑松,28,1,27,統一-中壢,2023-04-17,5853
1802,台玻,26,2,24,統一-中壢,2023-04-17,5853
3017,奇鋐,23,2,21,統一-中壢,2023-04-17,5853
4541,晟田,30,9,21,統一-中壢,2023-04-17,5853
00901,永豐智能車供應鏈,20,0,20,統一-中壢,2023-04-17,5853
2618,長榮航,33,13,20,統一-中壢,2023-04-17,5853
5009,榮剛,33,13,20,統一-中壢,2023-04-17,5853
6535,順藥,20,0,20,統一-中壢,2023-04-17,5853
1524,耿鼎,20,1,19,統一-中壢,2023-04-17,5853
2208,台船,42,23,19,統一-中壢,2023-04-17,5853
6235,華孚,283,265,18,統一-中壢,2023-04-17,5853
9945,潤泰新,17,0,17,統一-中壢,2023-04-17,5853
3006,晶豪科,18,1,17,統一-中壢,2023-04-17,5853
2329,華泰,27,10,17,統一-中壢,2023-04-17,5853
00772B,中信高評級公司債,16,1,15,統一-中壢,2023-04-17,5853
2324,仁寶,20,5,15,統一-中壢,2023-04-17,5853
2332,友訊,20,5,15,統一-中壢,2023-04-17,5853
3093,港建*,15,0,15,統一-中壢,2023-04-17,5853
3712,永崴投控,17,2,15,統一-中壢,2023-04-17,5853
2359,所羅門,15,1,14,統一-中壢,2023-04-17,5853
2451,創見,14,0,14,統一-中壢,2023-04-17,5853
4513,福裕,16,2,14,統一-中壢,2023-04-17,5853
5410,國眾,21,7,14,統一-中壢,2023-04-17,5853
00680L,元大美債20正2,13,0,13,統一-中壢,2023-04-17,5853
2706,第一店,13,0,13,統一-中壢,2023-04-17,5853
5309,系統電,13,0,13,統一-中壢,2023-04-17,5853
6182,合晶,13,0,13,統一-中壢,2023-04-17,5853
6244,茂迪,12,0,12,統一-中壢,2023-04-17,5853
6125,廣運,12,0,12,統一-中壢,2023-04-17,5853
00891,中信關鍵半導體,12,0,12,統一-中壢,2023-04-17,5853
1513,中興電,18,7,11,統一-中壢,2023-04-17,5853
2471,資通,11,0,11,統一-中壢,2023-04-17,5853
2633,台灣高鐵,12,1,11,統一-中壢,2023-04-17,5853
6547,高端疫苗,13,2,11,統一-中壢,2023-04-17,5853
00687B,國泰20年美債,10,0,10,統一-中壢,2023-04-17,5853
1733,五鼎,10,0,10,統一-中壢,2023-04-17,5853
2614,東森,11,1,10,統一-中壢,2023-04-17,5853
2705,六福,10,0,10,統一-中壢,2023-04-17,5853
2736,富野,10,0,10,統一-中壢,2023-04-17,5853
1444,力麗,353,45,308,統一-中壢,2023-04-18,5853
1605,華新,100,37,63,統一-中壢,2023-04-18,5853
00713,元大台灣高息低波,62,0,62,統一-中壢,2023-04-18,5853
00680L,元大美債20正2,60,0,60,統一-中壢,2023-04-18,5853
4976,佳凌,62,5,57,統一-中壢,2023-04-18,5853
8033,雷虎,56,13,43,統一-中壢,2023-04-18,5853
00679B,元大美債20年,41,0,41,統一-中壢,2023-04-18,5853
4916,事欣科,41,1,40,統一-中壢,2023-04-18,5853
00772B,中信高評級公司債,35,0,35,統一-中壢,2023-04-18,5853
2457,飛宏,81,49,32,統一-中壢,2023-04-18,5853
00923,群益台ESG低碳50,40,9,31,統一-中壢,2023-04-18,5853
1319,東陽,37,6,31,統一-中壢,2023-04-18,5853
2618,長榮航,35,5,30,統一-中壢,2023-04-18,5853
00720B,元大投資級公司債,29,0,29,統一-中壢,2023-04-18,5853
2884,玉山金,35,12,23,統一-中壢,2023-04-18,5853
6829,千附精密,25,3,22,統一-中壢,2023-04-18,5853
00751B,元大AAA至A公司債,22,1,21,統一-中壢,2023-04-18,5853
3499,環天科,21,0,21,統一-中壢,2023-04-18,5853
4536,拓凱,21,0,21,統一-中壢,2023-04-18,5853
6288,聯嘉,20,0,20,統一-中壢,2023-04-18,5853
6196,帆宣,20,0,20,統一-中壢,2023-04-18,5853
6190,萬泰科,19,0,19,統一-中壢,2023-04-18,5853
2885,元大金,25,7,18,統一-中壢,2023-04-18,5853
2449,京元電子,16,0,16,統一-中壢,2023-04-18,5853
2208,台船,23,8,15,統一-中壢,2023-04-18,5853
8111,立��,16,1,15,統一-中壢,2023-04-18,5853
00712,復華富時不動產,14,0,14,統一-中壢,2023-04-18,5853
1513,中興電,17,3,14,統一-中壢,2023-04-18,5853
1514,亞力,17,4,13,統一-中壢,2023-04-18,5853
2915,潤泰全,13,0,13,統一-中壢,2023-04-18,5853
3051,力特,13,0,13,統一-中壢,2023-04-18,5853
4506,崇友,14,1,13,統一-中壢,2023-04-18,5853
6148,驊宏資,20,7,13,統一-中壢,2023-04-18,5853
6443,元晶,26,13,13,統一-中壢,2023-04-18,5853
8088,品安,15,2,13,統一-中壢,2023-04-18,5853
5222,全訊,12,0,12,統一-中壢,2023-04-18,5853
00773B,中信優先金融債,12,0,12,統一-中壢,2023-04-18,5853
1809,中釉,12,0,12,統一-中壢,2023-04-18,5853
6244,茂迪,31,19,12,統一-中壢,2023-04-18,5853
3037,欣興,12,1,11,統一-中壢,2023-04-18,5853
2409,友達,16,5,11,統一-中壢,2023-04-18,5853
2492,華新科,11,0,11,統一-中壢,2023-04-18,5853
2906,高林,11,0,11,統一-中壢,2023-04-18,5853
3322,建舜電,21,10,11,統一-中壢,2023-04-18,5853
6163,華電網,12,1,11,統一-中壢,2023-04-18,5853
00632R,元大台灣50反1,10,0,10,統一-中壢,2023-04-18,5853
00687B,國泰20年美債,10,0,10,統一-中壢,2023-04-18,5853
1471,首利,12,2,10,統一-中壢,2023-04-18,5853
2031,新光鋼,10,0,10,統一-中壢,2023-04-18,5853
2302,麗正,11,1,10,統一-中壢,2023-04-18,5853
2354,鴻準,100,0,100,統一-中壢,2023-04-19,5853
2313,華通,54,1,53,統一-中壢,2023-04-19,5853
1504,東元,65,15,50,統一-中壢,2023-04-19,5853
2303,聯電,44,3,41,統一-中壢,2023-04-19,5853
2342,茂矽,41,2,39,統一-中壢,2023-04-19,5853
2610,華航,42,5,37,統一-中壢,2023-04-19,5853
6233,旺玖,33,2,31,統一-中壢,2023-04-19,5853
3049,精金,30,0,30,統一-中壢,2023-04-19,5853
1604,聲寶,28,0,28,統一-中壢,2023-04-19,5853
1514,亞力,26,0,26,統一-中壢,2023-04-19,5853
2206,三陽工業,43,18,25,統一-中壢,2023-04-19,5853
00720B,元大投資級公司債,23,0,23,統一-中壢,2023-04-19,5853
2481,強茂,24,1,23,統一-中壢,2023-04-19,5853
3673,TPK-KY,37,14,23,統一-中壢,2023-04-19,5853
2887,台新金,22,0,22,統一-中壢,2023-04-19,5853
4979,華星光,31,9,22,統一-中壢,2023-04-19,5853
6770,力積電,59,38,21,統一-中壢,2023-04-19,5853
6535,順藥,21,0,21,統一-中壢,2023-04-19,5853
1702,南僑,20,0,20,統一-中壢,2023-04-19,5853
2374,佳能,20,0,20,統一-中壢,2023-04-19,5853
2453,凌群,33,13,20,統一-中壢,2023-04-19,5853
2801,彰銀,20,0,20,統一-中壢,2023-04-19,5853
6234,高僑,23,3,20,統一-中壢,2023-04-19,5853
3013,晟銘電,20,1,19,統一-中壢,2023-04-19,5853
8401,白紗科,19,0,19,統一-中壢,2023-04-19,5853
00679B,元大美債20年,18,0,18,統一-中壢,2023-04-19,5853
00713,元大台灣高息低波,20,2,18,統一-中壢,2023-04-19,5853
00632R,元大台灣50反1,50,32,18,統一-中壢,2023-04-19,5853
2368,金像電,24,6,18,統一-中壢,2023-04-19,5853
00900,富邦特選高股息30,15,0,15,統一-中壢,2023-04-19,5853
2492,華新科,16,1,15,統一-中壢,2023-04-19,5853
3419,譁裕,15,0,15,統一-中壢,2023-04-19,5853
6494,九齊,14,0,14,統一-中壢,2023-04-19,5853
8105,凌巨,18,4,14,統一-中壢,2023-04-19,5853
4536,拓凱,22,9,13,統一-中壢,2023-04-19,5853
4961,天鈺,15,2,13,統一-中壢,2023-04-19,5853
00922,國泰台灣領袖50,12,0,12,統一-中壢,2023-04-19,5853
3520,華盈,12,0,12,統一-中壢,2023-04-19,5853
2330,台積電,12,0,12,統一-中壢,2023-04-19,5853
1409,新纖,11,0,11,統一-中壢,2023-04-19,5853
2882,國泰金,12,1,11,統一-中壢,2023-04-19,5853
5471,松翰,11,0,11,統一-中壢,2023-04-19,5853
00772B,中信高評級公司債,11,0,11,統一-中壢,2023-04-19,5853
2317,鴻海,17,7,10,統一-中壢,2023-04-19,5853
00687B,國泰20年美債,10,0,10,統一-中壢,2023-04-19,5853
1733,五鼎,10,0,10,統一-中壢,2023-04-19,5853
2031,新光鋼,10,0,10,統一-中壢,2023-04-19,5853
2312,金寶,10,0,10,統一-中壢,2023-04-19,5853
2363,矽統,10,0,10,統一-中壢,2023-04-19,5853
2605,新興,10,0,10,統一-中壢,2023-04-19,5853
00632R,元大台灣50反1,260,20,240,統一-中壢,2023-04-20,5853
00637L,元大滬深300正2,170,0,170,統一-中壢,2023-04-20,5853
6288,聯嘉,159,35,124,統一-中壢,2023-04-20,5853
00680L,元大美債20正2,105,1,104,統一-中壢,2023-04-20,5853
4536,拓凱,81,3,78,統一-中壢,2023-04-20,5853
6244,茂迪,60,8,52,統一-中壢,2023-04-20,5853
3051,力特,42,0,42,統一-中壢,2023-04-20,5853
2206,三陽工業,45,6,39,統一-中壢,2023-04-20,5853
6770,力積電,83,45,38,統一-中壢,2023-04-20,5853
1604,聲寶,37,0,37,統一-中壢,2023-04-20,5853
6443,元晶,38,4,34,統一-中壢,2023-04-20,5853
1907,永豐餘,38,6,32,統一-中壢,2023-04-20,5853
00720B,元大投資級公司債,29,0,29,統一-中壢,2023-04-20,5853
00713,元大台灣高息低波,28,3,25,統一-中壢,2023-04-20,5853
1802,台玻,25,0,25,統一-中壢,2023-04-20,5853
6806,森崴能源,40,15,25,統一-中壢,2023-04-20,5853
2409,友達,29,7,22,統一-中壢,2023-04-20,5853
1904,正隆,21,1,20,統一-中壢,2023-04-20,5853
2609,陽明,32,12,20,統一-中壢,2023-04-20,5853
3049,精金,20,0,20,統一-中壢,2023-04-20,5853
4915,致伸,20,0,20,統一-中壢,2023-04-20,5853
00665L,富邦�琤肭磪囓�2,49,30,19,統一-中壢,2023-04-20,5853
1710,東聯,20,3,17,統一-中壢,2023-04-20,5853
2498,宏達電,28,11,17,統一-中壢,2023-04-20,5853
3047,訊舟,22,5,17,統一-中壢,2023-04-20,5853
2618,長榮航,20,4,16,統一-中壢,2023-04-20,5853
3322,建舜電,16,0,16,統一-中壢,2023-04-20,5853
2363,矽統,15,1,14,統一-中壢,2023-04-20,5853
4961,天鈺,31,17,14,統一-中壢,2023-04-20,5853
1304,台聚,16,2,14,統一-中壢,2023-04-20,5853
1319,東陽,15,1,14,統一-中壢,2023-04-20,5853
5236,凌陽創新,14,0,14,統一-中壢,2023-04-20,5853
2913,農林,16,2,14,統一-中壢,2023-04-20,5853
2453,凌群,46,33,13,統一-中壢,2023-04-20,5853
5371,中光電,13,0,13,統一-中壢,2023-04-20,5853
8271,宇瞻,13,0,13,統一-中壢,2023-04-20,5853
2317,鴻海,18,6,12,統一-中壢,2023-04-20,5853
00712,復華富時不動產,12,0,12,統一-中壢,2023-04-20,5853
1605,華新,46,34,12,統一-中壢,2023-04-20,5853
00715L,期街口布蘭特正2,17,5,12,統一-中壢,2023-04-20,5853
00772B,中信高評級公司債,17,5,12,統一-中壢,2023-04-20,5853
2324,仁寶,13,1,12,統一-中壢,2023-04-20,5853
2484,希華,21,9,12,統一-中壢,2023-04-20,5853
3231,緯創,30,18,12,統一-中壢,2023-04-20,5853
4566,時碩工業,13,1,12,統一-中壢,2023-04-20,5853
6494,九齊,12,0,12,統一-中壢,2023-04-20,5853
3034,聯詠,11,0,11,統一-中壢,2023-04-20,5853
2515,中工,13,2,11,統一-中壢,2023-04-20,5853
3059,華晶科,11,0,11,統一-中壢,2023-04-20,5853
2308,台達電,10,0,10,統一-中壢,2023-04-20,5853
00650L,復華香港正2,100,1,99,統一-中壢,2023-04-21,5853
2634,漢翔,83,29,54,統一-中壢,2023-04-21,5853
3047,訊舟,43,0,43,統一-中壢,2023-04-21,5853
00900,富邦特選高股息30,42,0,42,統一-中壢,2023-04-21,5853
00888,永豐台灣ESG,42,0,42,統一-中壢,2023-04-21,5853
2913,農林,62,30,32,統一-中壢,2023-04-21,5853
3520,華盈,42,10,32,統一-中壢,2023-04-21,5853
3227,原相,28,0,28,統一-中壢,2023-04-21,5853
00753L,中信中國50正2,27,0,27,統一-中壢,2023-04-21,5853
4503,金雨,25,0,25,統一-中壢,2023-04-21,5853
00665L,富邦�琤肭磪囓�2,24,0,24,統一-中壢,2023-04-21,5853
6134,萬旭,24,0,24,統一-中壢,2023-04-21,5853
2618,長榮航,27,3,24,統一-中壢,2023-04-21,5853
00881,國泰台灣5G+,22,0,22,統一-中壢,2023-04-21,5853
4979,華星光,31,10,21,統一-中壢,2023-04-21,5853
3051,力特,21,0,21,統一-中壢,2023-04-21,5853
00773B,中信優先金融債,20,0,20,統一-中壢,2023-04-21,5853
2887E,台新戊特,20,0,20,統一-中壢,2023-04-21,5853
4968,立積,32,12,20,統一-中壢,2023-04-21,5853
2313,華通,19,0,19,統一-中壢,2023-04-21,5853
0056,元大高股息,18,0,18,統一-中壢,2023-04-21,5853
00715L,期街口布蘭特正2,17,0,17,統一-中壢,2023-04-21,5853
2367,燿華,18,1,17,統一-中壢,2023-04-21,5853
00892,富邦台灣半導體,16,0,16,統一-中壢,2023-04-21,5853
1810,和成,17,2,15,統一-中壢,2023-04-21,5853
1905,華紙,20,5,15,統一-中壢,2023-04-21,5853
1907,永豐餘,29,14,15,統一-中壢,2023-04-21,5853
00885,富邦越南,16,2,14,統一-中壢,2023-04-21,5853
2351,順德,14,0,14,統一-中壢,2023-04-21,5853
2609,陽明,31,17,14,統一-中壢,2023-04-21,5853
6163,華電網,21,8,13,統一-中壢,2023-04-21,5853
4743,合一,13,0,13,統一-中壢,2023-04-21,5853
3374,精材,13,0,13,統一-中壢,2023-04-21,5853
8261,富鼎,13,1,12,統一-中壢,2023-04-21,5853
6494,九齊,12,0,12,統一-中壢,2023-04-21,5853
3363,上詮,12,0,12,統一-中壢,2023-04-21,5853
3576,聯合再生,12,0,12,統一-中壢,2023-04-21,5853
6217,中探針,14,2,12,統一-中壢,2023-04-21,5853
8028,昇陽半導體,12,0,12,統一-中壢,2023-04-21,5853
1783,和康生,11,0,11,統一-中壢,2023-04-21,5853
2002,中鋼,12,1,11,統一-中壢,2023-04-21,5853
1760,寶齡富錦,13,2,11,統一-中壢,2023-04-21,5853
1409,新纖,14,3,11,統一-中壢,2023-04-21,5853
3094,聯傑,11,0,11,統一-中壢,2023-04-21,5853
3499,環天科,11,0,11,統一-中壢,2023-04-21,5853
5236,凌陽創新,11,0,11,統一-中壢,2023-04-21,5853
6180,橘子,11,0,11,統一-中壢,2023-04-21,5853
6285,啟��,11,0,11,統一-中壢,2023-04-21,5853
6770,力積電,22,12,10,統一-中壢,2023-04-21,5853
4961,天鈺,12,2,10,統一-中壢,2023-04-21,5853
00637L,元大滬深300正2,267,5,262,統一-中壢,2023-04-24,5853
1101,台泥,69,7,62,統一-中壢,2023-04-24,5853
6282,康舒,51,6,45,統一-中壢,2023-04-24,5853
00902,中信電池及儲能,37,3,34,統一-中壢,2023-04-24,5853
4960,誠美材,37,4,33,統一-中壢,2023-04-24,5853
2618,長榮航,32,0,32,統一-中壢,2023-04-24,5853
9907,統一實,51,20,31,統一-中壢,2023-04-24,5853
1609,大亞,39,11,28,統一-中壢,2023-04-24,5853
2409,友達,30,2,28,統一-中壢,2023-04-24,5853
3520,華盈,38,10,28,統一-中壢,2023-04-24,5853
2313,華通,27,0,27,統一-中壢,2023-04-24,5853
00753L,中信中國50正2,24,0,24,統一-中壢,2023-04-24,5853
00665L,富邦�琤肭磪囓�2,35,11,24,統一-中壢,2023-04-24,5853
2913,農林,32,11,21,統一-中壢,2023-04-24,5853
2332,友訊,20,0,20,統一-中壢,2023-04-24,5853
2423,固緯,20,0,20,統一-中壢,2023-04-24,5853
2436,偉詮電,21,1,20,統一-中壢,2023-04-24,5853
5512,力麒,20,0,20,統一-中壢,2023-04-24,5853
5465,富驊,25,6,19,統一-中壢,2023-04-24,5853
2303,聯電,25,6,19,統一-中壢,2023-04-24,5853
00772B,中信高評級公司債,18,0,18,統一-中壢,2023-04-24,5853
1905,華紙,44,26,18,統一-中壢,2023-04-24,5853
8088,品安,18,1,17,統一-中壢,2023-04-24,5853
4934,太極,15,0,15,統一-中壢,2023-04-24,5853
00900,富邦特選高股息30,12,0,12,統一-中壢,2023-04-24,5853
6005,群益證,14,2,12,統一-中壢,2023-04-24,5853
0050,元大台灣50,12,1,11,統一-中壢,2023-04-24,5853
6214,精誠,11,0,11,統一-中壢,2023-04-24,5853
00680L,元大美債20正2,10,0,10,統一-中壢,2023-04-24,5853
2104,國際中橡,10,0,10,統一-中壢,2023-04-24,5853
3511,矽瑪,10,0,10,統一-中壢,2023-04-24,5853
4967,十銓,12,2,10,統一-中壢,2023-04-24,5853
5209,新鼎,10,0,10,統一-中壢,2023-04-24,5853
5258,虹堡,11,1,10,統一-中壢,2023-04-24,5853
4979,華星光,15,5,10,統一-中壢,2023-04-24,5853
00923,群益台ESG低碳50,9,0,9,統一-中壢,2023-04-24,5853
2485,兆赫,10,1,9,統一-中壢,2023-04-24,5853
6244,茂迪,10,1,9,統一-中壢,2023-04-24,5853
6770,力積電,18,10,8,統一-中壢,2023-04-24,5853
00853B,統一美債10年Aa-,8,0,8,統一-中壢,2023-04-24,5853
1522,堤維西,8,0,8,統一-中壢,2023-04-24,5853
2457,飛宏,19,11,8,統一-中壢,2023-04-24,5853
2915,潤泰全,9,1,8,統一-中壢,2023-04-24,5853
1504,東元,14,6,8,統一-中壢,2023-04-24,5853
00679B,元大美債20年,8,0,8,統一-中壢,2023-04-24,5853
3071,協禧,10,3,7,統一-中壢,2023-04-24,5853
1605,華新,11,4,7,統一-中壢,2023-04-24,5853
00878,國泰永續高股息,8,2,6,統一-中壢,2023-04-24,5853
1909,榮成,27,21,6,統一-中壢,2023-04-24,5853
1710,東聯,20,14,6,統一-中壢,2023-04-24,5853
00900,富邦特選高股息30,138,0,138,統一-中壢,2023-04-25,5853
0056,元大高股息,121,0,121,統一-中壢,2023-04-25,5853
6005,群益證,110,0,110,統一-中壢,2023-04-25,5853
2354,鴻準,100,0,100,統一-中壢,2023-04-25,5853
3520,華盈,100,0,100,統一-中壢,2023-04-25,5853
00665L,富邦�琤肭磪囓�2,88,0,88,統一-中壢,2023-04-25,5853
00881,國泰台灣5G+,55,0,55,統一-中壢,2023-04-25,5853
00753L,中信中國50正2,51,0,51,統一-中壢,2023-04-25,5853
00713,元大台灣高息低波,57,6,51,統一-中壢,2023-04-25,5853
00923,群益台ESG低碳50,50,0,50,統一-中壢,2023-04-25,5853
00902,中信電池及儲能,48,1,47,統一-中壢,2023-04-25,5853
4536,拓凱,55,15,40,統一-中壢,2023-04-25,5853
2634,漢翔,112,85,27,統一-中壢,2023-04-25,5853
1905,華紙,59,35,24,統一-中壢,2023-04-25,5853
6129,普誠,24,0,24,統一-中壢,2023-04-25,5853
3231,緯創,25,2,23,統一-中壢,2023-04-25,5853
1904,正隆,26,3,23,統一-中壢,2023-04-25,5853
2206,三陽工業,53,32,21,統一-中壢,2023-04-25,5853
2344,華邦電,23,3,20,統一-中壢,2023-04-25,5853
2610,華航,22,2,20,統一-中壢,2023-04-25,5853
2453,凌群,30,10,20,統一-中壢,2023-04-25,5853
1714,和桐,24,4,20,統一-中壢,2023-04-25,5853
5475,德宏,18,0,18,統一-中壢,2023-04-25,5853
1720,生達,17,0,17,統一-中壢,2023-04-25,5853
00891,中信關鍵半導體,16,0,16,統一-中壢,2023-04-25,5853
6494,九齊,16,0,16,統一-中壢,2023-04-25,5853
00892,富邦台灣半導體,16,0,16,統一-中壢,2023-04-25,5853
6799,來頡,18,2,16,統一-中壢,2023-04-25,5853
1907,永豐餘,20,5,15,統一-中壢,2023-04-25,5853
1808,潤隆,14,0,14,統一-中壢,2023-04-25,5853
2481,強茂,14,0,14,統一-中壢,2023-04-25,5853
4128,中天,14,0,14,統一-中壢,2023-04-25,5853
6234,高僑,16,2,14,統一-中壢,2023-04-25,5853
2208,台船,15,1,14,統一-中壢,2023-04-25,5853
3035,智原,20,6,14,統一-中壢,2023-04-25,5853
1219,福壽,13,0,13,統一-中壢,2023-04-25,5853
3081,聯亞,13,1,12,統一-中壢,2023-04-25,5853
2489,瑞軒,25,13,12,統一-中壢,2023-04-25,5853
5351,鈺創,13,1,12,統一-中壢,2023-04-25,5853
8086,宏捷科,12,0,12,統一-中壢,2023-04-25,5853
00772B,中信高評級公司債,12,1,11,統一-中壢,2023-04-25,5853
00885,富邦越南,11,0,11,統一-中壢,2023-04-25,5853
00637L,元大滬深300正2,11,0,11,統一-中壢,2023-04-25,5853
2324,仁寶,11,0,11,統一-中壢,2023-04-25,5853
2913,農林,12,2,10,統一-中壢,2023-04-25,5853
00642U,期元大S＆P石油,10,0,10,統一-中壢,2023-04-25,5853
3013,晟銘電,16,6,10,統一-中壢,2023-04-25,5853
3455,由田,10,0,10,統一-中壢,2023-04-25,5853
4432,銘旺實,10,0,10,統一-中壢,2023-04-25,5853
6752,叡揚,10,0,10,統一-中壢,2023-04-25,5853
2337,旺宏,285,12,273,統一-中壢,2023-04-26,5853
2610,華航,113,7,106,統一-中壢,2023-04-26,5853
1905,華紙,124,19,105,統一-中壢,2023-04-26,5853
00753L,中信中國50正2,73,30,43,統一-中壢,2023-04-26,5853
00878,國泰永續高股息,52,14,38,統一-中壢,2023-04-26,5853
2002,中鋼,41,4,37,統一-中壢,2023-04-26,5853
1605,華新,36,0,36,統一-中壢,2023-04-26,5853
00885,富邦越南,33,0,33,統一-中壢,2023-04-26,5853
2618,長榮航,28,0,28,統一-中壢,2023-04-26,5853
6235,華孚,29,1,28,統一-中壢,2023-04-26,5853
2609,陽明,38,14,24,統一-中壢,2023-04-26,5853
6163,華電網,22,1,21,統一-中壢,2023-04-26,5853
00712,復華富時不動產,20,0,20,統一-中壢,2023-04-26,5853
2913,農林,29,9,20,統一-中壢,2023-04-26,5853
5009,榮剛,22,2,20,統一-中壢,2023-04-26,5853
3711,日月光投控,18,0,18,統一-中壢,2023-04-26,5853
1904,正隆,22,5,17,統一-中壢,2023-04-26,5853
9945,潤泰新,20,4,16,統一-中壢,2023-04-26,5853
9955,佳龍,17,1,16,統一-中壢,2023-04-26,5853
00910,第一金太空衛星,18,2,16,統一-中壢,2023-04-26,5853
1471,首利,25,10,15,統一-中壢,2023-04-26,5853
3545,敦泰,15,0,15,統一-中壢,2023-04-26,5853
4566,時碩工業,18,3,15,統一-中壢,2023-04-26,5853
00900,富邦特選高股息30,15,1,14,統一-中壢,2023-04-26,5853
00679B,元大美債20年,14,0,14,統一-中壢,2023-04-26,5853
8222,寶一,22,8,14,統一-中壢,2023-04-26,5853
4743,合一,14,1,13,統一-中壢,2023-04-26,5853
6133,金橋,13,0,13,統一-中壢,2023-04-26,5853
00713,元大台灣高息低波,12,0,12,統一-中壢,2023-04-26,5853
00888,永豐台灣ESG,12,0,12,統一-中壢,2023-04-26,5853
1808,潤隆,12,0,12,統一-中壢,2023-04-26,5853
3078,僑威,14,2,12,統一-中壢,2023-04-26,5853
2603,長榮,13,1,12,統一-中壢,2023-04-26,5853
00720B,元大投資級公司債,11,0,11,統一-中壢,2023-04-26,5853
2324,仁寶,11,0,11,統一-中壢,2023-04-26,5853
2495,普安,13,2,11,統一-中壢,2023-04-26,5853
4572,駐龍,11,0,11,統一-中壢,2023-04-26,5853
5371,中光電,16,5,11,統一-中壢,2023-04-26,5853
1101,台泥,14,4,10,統一-中壢,2023-04-26,5853
00676R,富邦臺灣加權反1,10,0,10,統一-中壢,2023-04-26,5853
1522,堤維西,10,0,10,統一-中壢,2023-04-26,5853
1786,科妍,10,0,10,統一-中壢,2023-04-26,5853
4549,桓達,10,0,10,統一-中壢,2023-04-26,5853
4915,致伸,10,0,10,統一-中壢,2023-04-26,5853
8183,精星,10,0,10,統一-中壢,2023-04-26,5853
9942,茂順,10,0,10,統一-中壢,2023-04-26,5853
6244,茂迪,12,3,9,統一-中壢,2023-04-26,5853
00687B,國泰20年美債,8,0,8,統一-中壢,2023-04-26,5853
4908,前鼎,8,0,8,統一-中壢,2023-04-26,5853
00924,復華S＆P500成長,7,0,7,統一-中壢,2023-04-26,5853
00715L,期街口布蘭特正2,437,0,437,統一-中壢,2023-04-27,5853
2409,友達,65,1,64,統一-中壢,2023-04-27,5853
00632R,元大台灣50反1,62,0,62,統一-中壢,2023-04-27,5853
2327,國巨,42,2,40,統一-中壢,2023-04-27,5853
1709,和益,39,0,39,統一-中壢,2023-04-27,5853
2634,漢翔,109,72,37,統一-中壢,2023-04-27,5853
00720B,元大投資級公司債,31,2,29,統一-中壢,2023-04-27,5853
1611,中電,30,1,29,統一-中壢,2023-04-27,5853
2031,新光鋼,25,0,25,統一-中壢,2023-04-27,5853
3231,緯創,33,10,23,統一-中壢,2023-04-27,5853
00772B,中信高評級公司債,21,0,21,統一-中壢,2023-04-27,5853
00680L,元大美債20正2,21,0,21,統一-中壢,2023-04-27,5853
2618,長榮航,31,14,17,統一-中壢,2023-04-27,5853
6282,康舒,23,6,17,統一-中壢,2023-04-27,5853
4566,時碩工業,18,2,16,統一-中壢,2023-04-27,5853
1101,台泥,19,5,14,統一-中壢,2023-04-27,5853
1319,東陽,16,2,14,統一-中壢,2023-04-27,5853
6244,茂迪,18,4,14,統一-中壢,2023-04-27,5853
2603,長榮,14,0,14,統一-中壢,2023-04-27,5853
1810,和成,29,17,12,統一-中壢,2023-04-27,5853
4919,新唐,15,3,12,統一-中壢,2023-04-27,5853
2707,晶華,11,0,11,統一-中壢,2023-04-27,5853
1305,華夏,11,0,11,統一-中壢,2023-04-27,5853
1904,正隆,11,0,11,統一-中壢,2023-04-27,5853
3071,協禧,16,5,11,統一-中壢,2023-04-27,5853
00878,國泰永續高股息,10,0,10,統一-中壢,2023-04-27,5853
5871,中租-KY,10,0,10,統一-中壢,2023-04-27,5853
00907,永豐優息存股,10,0,10,統一-中壢,2023-04-27,5853
00687B,國泰20年美債,10,0,10,統一-中壢,2023-04-27,5853
2027,大成鋼,13,3,10,統一-中壢,2023-04-27,5853
2324,仁寶,10,0,10,統一-中壢,2023-04-27,5853
2609,陽明,30,20,10,統一-中壢,2023-04-27,5853
6770,力積電,13,3,10,統一-中壢,2023-04-27,5853
1710,東聯,33,24,9,統一-中壢,2023-04-27,5853
6167,久正,11,2,9,統一-中壢,2023-04-27,5853
8086,宏捷科,9,0,9,統一-中壢,2023-04-27,5853
1519,華城,16,8,8,統一-中壢,2023-04-27,5853
3037,欣興,9,1,8,統一-中壢,2023-04-27,5853
2610,華航,20,12,8,統一-中壢,2023-04-27,5853
4743,合一,8,0,8,統一-中壢,2023-04-27,5853
6241,易通展,8,0,8,統一-中壢,2023-04-27,5853
8093,保銳,10,2,8,統一-中壢,2023-04-27,5853
2204,中華,7,0,7,統一-中壢,2023-04-27,5853
2471,資通,16,9,7,統一-中壢,2023-04-27,5853
2883B,凱基金乙特,7,0,7,統一-中壢,2023-04-27,5853
2888,新光金,8,1,7,統一-中壢,2023-04-27,5853
3324,雙鴻,8,1,7,統一-中壢,2023-04-27,5853
4763,材料-KY,7,0,7,統一-中壢,2023-04-27,5853
6446,藥華藥,7,0,7,統一-中壢,2023-04-27,5853
7402,邑錡,7,0,7,統一-中壢,2023-04-27,5853
00632R,元大台灣50反1,540,98,442,統一-中壢,2023-04-28,5853
00673R,期元大S＆P原油反1,200,3,197,統一-中壢,2023-04-28,5853
2409,友達,128,26,102,統一-中壢,2023-04-28,5853
1711,永光,101,12,89,統一-中壢,2023-04-28,5853
00687B,國泰20年美債,80,1,79,統一-中壢,2023-04-28,5853
00751B,元大AAA至A公司債,58,0,58,統一-中壢,2023-04-28,5853
00900,富邦特選高股息30,70,20,50,統一-中壢,2023-04-28,5853
1708,東鹼,41,0,41,統一-中壢,2023-04-28,5853
2303,聯電,43,7,36,統一-中壢,2023-04-28,5853
2002,中鋼,32,1,31,統一-中壢,2023-04-28,5853
6282,康舒,53,23,30,統一-中壢,2023-04-28,5853
3481,群創,35,10,25,統一-中壢,2023-04-28,5853
3265,台星科,26,5,21,統一-中壢,2023-04-28,5853
3380,明泰,21,0,21,統一-中壢,2023-04-28,5853
8088,品安,21,0,21,統一-中壢,2023-04-28,5853
00680L,元大美債20正2,20,0,20,統一-中壢,2023-04-28,5853
2884,玉山金,20,0,20,統一-中壢,2023-04-28,5853
1434,福懋,19,0,19,統一-中壢,2023-04-28,5853
3363,上詮,27,8,19,統一-中壢,2023-04-28,5853
4711,永純,18,0,18,統一-中壢,2023-04-28,5853
5426,振發,18,0,18,統一-中壢,2023-04-28,5853
6288,聯嘉,31,13,18,統一-中壢,2023-04-28,5853
1513,中興電,17,0,17,統一-中壢,2023-04-28,5853
1810,和成,18,3,15,統一-中壢,2023-04-28,5853
2206,三陽工業,19,4,15,統一-中壢,2023-04-28,5853
6741,91APP*-KY,15,0,15,統一-中壢,2023-04-28,5853
3029,零壹,20,5,15,統一-中壢,2023-04-28,5853
00772B,中信高評級公司債,14,1,13,統一-中壢,2023-04-28,5853
00888,永豐台灣ESG,15,2,13,統一-中壢,2023-04-28,5853
2609,陽明,18,6,12,統一-中壢,2023-04-28,5853
00878,國泰永續高股息,24,12,12,統一-中壢,2023-04-28,5853
4106,雃博,11,0,11,統一-中壢,2023-04-28,5853
6214,精誠,11,0,11,統一-中壢,2023-04-28,5853
2405,輔信,10,0,10,統一-中壢,2023-04-28,5853
2423,固緯,10,0,10,統一-中壢,2023-04-28,5853
2424,隴華,10,0,10,統一-中壢,2023-04-28,5853
3027,盛達,10,0,10,統一-中壢,2023-04-28,5853
3057,喬鼎,10,0,10,統一-中壢,2023-04-28,5853
3338,泰碩,10,0,10,統一-中壢,2023-04-28,5853
6114,久威,10,0,10,統一-中壢,2023-04-28,5853
6188,廣明,10,0,10,統一-中壢,2023-04-28,5853
2614,東森,9,0,9,統一-中壢,2023-04-28,5853
2801,彰銀,20,11,9,統一-中壢,2023-04-28,5853
6269,台郡,13,4,9,統一-中壢,2023-04-28,5853
00905,FT臺灣Smart,8,0,8,統一-中壢,2023-04-28,5853
3071,協禧,9,1,8,統一-中壢,2023-04-28,5853
3693,營邦,8,0,8,統一-中壢,2023-04-28,5853
6167,久正,45,37,8,統一-中壢,2023-04-28,5853
4979,華星光,17,9,8,統一-中壢,2023-04-28,5853
00923,群益台ESG低碳50,8,1,7,統一-中壢,2023-04-28,5853
2634,漢翔,89,24,65,統一-中壢,2023-05-02,5853
00878,國泰永續高股息,57,18,39,統一-中壢,2023-05-02,5853
00665L,富邦�琤肭磪囓�2,83,48,35,統一-中壢,2023-05-02,5853
4157,太景*-KY,34,0,34,統一-中壢,2023-05-02,5853
00632R,元大台灣50反1,32,0,32,統一-中壢,2023-05-02,5853
2419,仲琦,31,1,30,統一-中壢,2023-05-02,5853
00720B,元大投資級公司債,24,0,24,統一-中壢,2023-05-02,5853
00680L,元大美債20正2,22,0,22,統一-中壢,2023-05-02,5853
1727,中華化,23,2,21,統一-中壢,2023-05-02,5853
2610,華航,44,23,21,統一-中壢,2023-05-02,5853
2031,新光鋼,22,2,20,統一-中壢,2023-05-02,5853
2485,兆赫,20,0,20,統一-中壢,2023-05-02,5853
2603,長榮,30,11,19,統一-中壢,2023-05-02,5853
00772B,中信高評級公司債,19,1,18,統一-中壢,2023-05-02,5853
00751B,元大AAA至A公司債,18,0,18,統一-中壢,2023-05-02,5853
2609,陽明,32,14,18,統一-中壢,2023-05-02,5853
2887,台新金,24,7,17,統一-中壢,2023-05-02,5853
6111,大宇資,30,13,17,統一-中壢,2023-05-02,5853
8403,盛弘,18,3,15,統一-中壢,2023-05-02,5853
1907,永豐餘,15,2,13,統一-中壢,2023-05-02,5853
3025,星通,19,6,13,統一-中壢,2023-05-02,5853
00687B,國泰20年美債,12,0,12,統一-中壢,2023-05-02,5853
2409,友達,17,5,12,統一-中壢,2023-05-02,5853
2486,一詮,12,0,12,統一-中壢,2023-05-02,5853
2882,國泰金,12,0,12,統一-中壢,2023-05-02,5853
3624,光頡,12,0,12,統一-中壢,2023-05-02,5853
00679B,元大美債20年,13,1,12,統一-中壢,2023-05-02,5853
6148,驊宏資,15,4,11,統一-中壢,2023-05-02,5853
1216,統一,11,0,11,統一-中壢,2023-05-02,5853
2371,大同,21,10,11,統一-中壢,2023-05-02,5853
3357,臺慶科,19,8,11,統一-中壢,2023-05-02,5853
2344,華邦電,12,2,10,統一-中壢,2023-05-02,5853
2892,第一金,10,0,10,統一-中壢,2023-05-02,5853
00706L,期元大S＆P日圓正2,10,0,10,統一-中壢,2023-05-02,5853
2352,佳世達,16,6,10,統一-中壢,2023-05-02,5853
2484,希華,10,0,10,統一-中壢,2023-05-02,5853
2832,台產,10,0,10,統一-中壢,2023-05-02,5853
3062,建漢,10,0,10,統一-中壢,2023-05-02,5853
3094,聯傑,10,0,10,統一-中壢,2023-05-02,5853
3380,明泰,10,0,10,統一-中壢,2023-05-02,5853
4121,優盛,14,4,10,統一-中壢,2023-05-02,5853
6120,達運,10,0,10,統一-中壢,2023-05-02,5853
2413,環科,12,3,9,統一-中壢,2023-05-02,5853
3576,聯合再生,9,0,9,統一-中壢,2023-05-02,5853
4566,時碩工業,11,2,9,統一-中壢,2023-05-02,5853
5450,南良,9,0,9,統一-中壢,2023-05-02,5853
00725B,國泰投資級公司債,8,0,8,統一-中壢,2023-05-02,5853
2471,資通,13,5,8,統一-中壢,2023-05-02,5853
4102,永日,8,0,8,統一-中壢,2023-05-02,5853
1104,環泥,8,1,7,統一-中壢,2023-05-02,5853
00650L,復華香港正2,205,0,205,統一-中壢,2023-05-03,5853
00715L,期街口布蘭特正2,170,2,168,統一-中壢,2023-05-03,5853
00878,國泰永續高股息,123,3,120,統一-中壢,2023-05-03,5853
00712,復華富時不動產,91,13,78,統一-中壢,2023-05-03,5853
2887,台新金,64,0,64,統一-中壢,2023-05-03,5853
00665L,富邦�琤肭磪囓�2,57,7,50,統一-中壢,2023-05-03,5853
00690,兆豐藍籌30,47,0,47,統一-中壢,2023-05-03,5853
00753L,中信中國50正2,44,0,44,統一-中壢,2023-05-03,5853
2618,長榮航,40,6,34,統一-中壢,2023-05-03,5853
2344,華邦電,31,0,31,統一-中壢,2023-05-03,5853
00642U,期元大S＆P石油,30,0,30,統一-中壢,2023-05-03,5853
6140,訊達,30,0,30,統一-中壢,2023-05-03,5853
00637L,元大滬深300正2,28,0,28,統一-中壢,2023-05-03,5853
1810,和成,31,3,28,統一-中壢,2023-05-03,5853
1514,亞力,28,1,27,統一-中壢,2023-05-03,5853
6282,康舒,23,0,23,統一-中壢,2023-05-03,5853
2504,國產,22,1,21,統一-中壢,2023-05-03,5853
3056,富華新,20,0,20,統一-中壢,2023-05-03,5853
4916,事欣科,45,25,20,統一-中壢,2023-05-03,5853
5490,同亨,21,1,20,統一-中壢,2023-05-03,5853
6288,聯嘉,20,0,20,統一-中壢,2023-05-03,5853
1519,華城,28,10,18,統一-中壢,2023-05-03,5853
4157,太景*-KY,18,0,18,統一-中壢,2023-05-03,5853
0056,元大高股息,21,3,18,統一-中壢,2023-05-03,5853
2603,長榮,21,5,16,統一-中壢,2023-05-03,5853
3038,全台,27,11,16,統一-中壢,2023-05-03,5853
4114,健喬,15,0,15,統一-中壢,2023-05-03,5853
2313,華通,15,0,15,統一-中壢,2023-05-03,5853
2002,中鋼,16,2,14,統一-中壢,2023-05-03,5853
1905,華紙,21,8,13,統一-中壢,2023-05-03,5853
5353,台林,12,0,12,統一-中壢,2023-05-03,5853
6234,高僑,19,7,12,統一-中壢,2023-05-03,5853
6412,群電,11,0,11,統一-中壢,2023-05-03,5853
1310,台苯,11,0,11,統一-中壢,2023-05-03,5853
0050,元大台灣50,11,1,10,統一-中壢,2023-05-03,5853
2317,鴻海,12,2,10,統一-中壢,2023-05-03,5853
2482,連宇,12,2,10,統一-中壢,2023-05-03,5853
2885,元大金,10,0,10,統一-中壢,2023-05-03,5853
3711,日月光投控,10,0,10,統一-中壢,2023-05-03,5853
2402,毅嘉,12,3,9,統一-中壢,2023-05-03,5853
8105,凌巨,9,0,9,統一-中壢,2023-05-03,5853
1711,永光,13,5,8,統一-中壢,2023-05-03,5853
1786,科妍,8,0,8,統一-中壢,2023-05-03,5853
1503,士電,23,16,7,統一-中壢,2023-05-03,5853
00696B,富邦美債20年,7,0,7,統一-中壢,2023-05-03,5853
1101,台泥,12,5,7,統一-中壢,2023-05-03,5853
3094,聯傑,7,0,7,統一-中壢,2023-05-03,5853
3481,群創,25,18,7,統一-中壢,2023-05-03,5853
3363,上詮,6,0,6,統一-中壢,2023-05-03,5853
4109,加捷生醫,6,0,6,統一-中壢,2023-05-03,5853
00715L,期街口布蘭特正2,239,2,237,統一-中壢,2023-05-04,5853
4958,臻鼎-KY,159,0,159,統一-中壢,2023-05-04,5853
2601,益航,101,1,100,統一-中壢,2023-05-04,5853
00878,國泰永續高股息,78,3,75,統一-中壢,2023-05-04,5853
00642U,期元大S＆P石油,43,0,43,統一-中壢,2023-05-04,5853
6282,康舒,51,8,43,統一-中壢,2023-05-04,5853
1701,中化,30,0,30,統一-中壢,2023-05-04,5853
6111,大宇資,32,2,30,統一-中壢,2023-05-04,5853
6167,久正,28,0,28,統一-中壢,2023-05-04,5853
2009,第一銅,43,21,22,統一-中壢,2023-05-04,5853
2313,華通,27,5,22,統一-中壢,2023-05-04,5853
1101,台泥,21,0,21,統一-中壢,2023-05-04,5853
2906,高林,20,0,20,統一-中壢,2023-05-04,5853
6182,合晶,20,0,20,統一-中壢,2023-05-04,5853
9907,統一實,20,0,20,統一-中壢,2023-05-04,5853
2457,飛宏,55,35,20,統一-中壢,2023-05-04,5853
1720,生達,20,1,19,統一-中壢,2023-05-04,5853
2303,聯電,17,0,17,統一-中壢,2023-05-04,5853
5353,台林,16,0,16,統一-中壢,2023-05-04,5853
4916,事欣科,42,28,14,統一-中壢,2023-05-04,5853
00712,復華富時不動產,28,15,13,統一-中壢,2023-05-04,5853
1319,東陽,20,7,13,統一-中壢,2023-05-04,5853
1905,華紙,16,3,13,統一-中壢,2023-05-04,5853
2609,陽明,32,19,13,統一-中壢,2023-05-04,5853
8046,南電,13,1,12,統一-中壢,2023-05-04,5853
4968,立積,14,2,12,統一-中壢,2023-05-04,5853
1528,恩德,12,0,12,統一-中壢,2023-05-04,5853
2489,瑞軒,12,1,11,統一-中壢,2023-05-04,5853
4763,材料-KY,10,0,10,統一-中壢,2023-05-04,5853
1605,華新,12,2,10,統一-中壢,2023-05-04,5853
2542,興富發,11,1,10,統一-中壢,2023-05-04,5853
2801,彰銀,10,0,10,統一-中壢,2023-05-04,5853
3027,盛達,10,0,10,統一-中壢,2023-05-04,5853
6202,盛群,10,0,10,統一-中壢,2023-05-04,5853
6217,中探針,10,0,10,統一-中壢,2023-05-04,5853
7402,邑錡,10,0,10,統一-中壢,2023-05-04,5853
9928,中視,10,0,10,統一-中壢,2023-05-04,5853
5009,榮剛,17,7,10,統一-中壢,2023-05-04,5853
2409,友達,14,5,9,統一-中壢,2023-05-04,5853
3005,神基,16,7,9,統一-中壢,2023-05-04,5853
4566,時碩工業,14,5,9,統一-中壢,2023-05-04,5853
1539,巨庭,8,0,8,統一-中壢,2023-05-04,5853
1786,科妍,10,2,8,統一-中壢,2023-05-04,5853
4979,華星光,13,5,8,統一-中壢,2023-05-04,5853
6129,普誠,10,2,8,統一-中壢,2023-05-04,5853
6191,精成科,10,2,8,統一-中壢,2023-05-04,5853
5351,鈺創,7,0,7,統一-中壢,2023-05-04,5853
2327,國巨,8,1,7,統一-中壢,2023-05-04,5853
2913,農林,13,6,7,統一-中壢,2023-05-04,5853
4541,晟田,9,2,7,統一-中壢,2023-05-04,5853
6550,北極星藥業-KY,153,0,153,統一-中壢,2023-05-05,5853
00878,國泰永續高股息,79,20,59,統一-中壢,2023-05-05,5853
00715L,期街口布蘭特正2,55,0,55,統一-中壢,2023-05-05,5853
2601,益航,53,0,53,統一-中壢,2023-05-05,5853
6148,驊宏資,42,3,39,統一-中壢,2023-05-05,5853
00720B,元大投資級公司債,35,4,31,統一-中壢,2023-05-05,5853
00679B,元大美債20年,20,0,20,統一-中壢,2023-05-05,5853
1522,堤維西,20,0,20,統一-中壢,2023-05-05,5853
1711,永光,20,0,20,統一-中壢,2023-05-05,5853
912000,晨訊科-DR,24,4,20,統一-中壢,2023-05-05,5853
00751B,元大AAA至A公司債,19,0,19,統一-中壢,2023-05-05,5853
6005,群益證,18,0,18,統一-中壢,2023-05-05,5853
6443,元晶,19,1,18,統一-中壢,2023-05-05,5853
2492,華新科,19,2,17,統一-中壢,2023-05-05,5853
2897,王道銀行,15,0,15,統一-中壢,2023-05-05,5853
2002,中鋼,14,0,14,統一-中壢,2023-05-05,5853
3094,聯傑,14,0,14,統一-中壢,2023-05-05,5853
00642U,期元大S＆P石油,13,0,13,統一-中壢,2023-05-05,5853
4173,久裕,13,0,13,統一-中壢,2023-05-05,5853
3624,光頡,18,6,12,統一-中壢,2023-05-05,5853
2353,宏��,12,1,11,統一-中壢,2023-05-05,5853
00687B,國泰20年美債,11,0,11,統一-中壢,2023-05-05,5853
00680L,元大美債20正2,11,0,11,統一-中壢,2023-05-05,5853
00853B,統一美債10年Aa-,11,0,11,統一-中壢,2023-05-05,5853
1314,中石化,11,0,11,統一-中壢,2023-05-05,5853
1734,杏輝,21,10,11,統一-中壢,2023-05-05,5853
2413,環科,11,0,11,統一-中壢,2023-05-05,5853
3025,星通,11,0,11,統一-中壢,2023-05-05,5853
4114,健喬,11,0,11,統一-中壢,2023-05-05,5853
6190,萬泰科,11,0,11,統一-中壢,2023-05-05,5853
6770,力積電,12,2,10,統一-中壢,2023-05-05,5853
00772B,中信高評級公司債,11,1,10,統一-中壢,2023-05-05,5853
00919,群益台灣精選高息,10,0,10,統一-中壢,2023-05-05,5853
1905,華紙,23,13,10,統一-中壢,2023-05-05,5853
3450,聯鈞,10,0,10,統一-中壢,2023-05-05,5853
3622,洋華,10,0,10,統一-中壢,2023-05-05,5853
4916,事欣科,34,24,10,統一-中壢,2023-05-05,5853
6244,茂迪,47,37,10,統一-中壢,2023-05-05,5853
2542,興富發,9,0,9,統一-中壢,2023-05-05,5853
2881,富邦金,9,0,9,統一-中壢,2023-05-05,5853
3078,僑威,10,1,9,統一-中壢,2023-05-05,5853
6129,普誠,21,12,9,統一-中壢,2023-05-05,5853
00712,復華富時不動產,12,4,8,統一-中壢,2023-05-05,5853
4121,優盛,11,3,8,統一-中壢,2023-05-05,5853
6111,大宇資,10,2,8,統一-中壢,2023-05-05,5853
4961,天鈺,7,0,7,統一-中壢,2023-05-05,5853
2308,台達電,6,0,6,統一-中壢,2023-05-05,5853
2379,瑞昱,6,0,6,統一-中壢,2023-05-05,5853
1529,樂事綠能,7,1,6,統一-中壢,2023-05-05,5853
1618,合機,6,0,6,統一-中壢,2023-05-05,5853
1605,華新,202,74,128,統一-中壢,2023-05-08,5853
2601,益航,75,0,75,統一-中壢,2023-05-08,5853
2883,凱基金,78,13,65,統一-中壢,2023-05-08,5853
00650L,復華香港正2,50,0,50,統一-中壢,2023-05-08,5853
00878,國泰永續高股息,43,2,41,統一-中壢,2023-05-08,5853
00687B,國泰20年美債,40,0,40,統一-中壢,2023-05-08,5853
2634,漢翔,53,13,40,統一-中壢,2023-05-08,5853
2409,友達,41,9,32,統一-中壢,2023-05-08,5853
6217,中探針,30,0,30,統一-中壢,2023-05-08,5853
00885,富邦越南,30,7,23,統一-中壢,2023-05-08,5853
6125,廣運,27,4,23,統一-中壢,2023-05-08,5853
1529,樂事綠能,39,17,22,統一-中壢,2023-05-08,5853
6167,久正,21,0,21,統一-中壢,2023-05-08,5853
9907,統一實,20,0,20,統一-中壢,2023-05-08,5853
2542,興富發,21,3,18,統一-中壢,2023-05-08,5853
3545,敦泰,20,3,17,統一-中壢,2023-05-08,5853
4974,亞泰,16,0,16,統一-中壢,2023-05-08,5853
00725B,國泰投資級公司債,15,0,15,統一-中壢,2023-05-08,5853
2887,台新金,16,1,15,統一-中壢,2023-05-08,5853
3481,群創,14,0,14,統一-中壢,2023-05-08,5853
8033,雷虎,27,15,12,統一-中壢,2023-05-08,5853
2609,陽明,28,17,11,統一-中壢,2023-05-08,5853
4121,優盛,11,0,11,統一-中壢,2023-05-08,5853
6214,精誠,11,0,11,統一-中壢,2023-05-08,5853
6266,泰詠,11,0,11,統一-中壢,2023-05-08,5853
6706,惠特,10,0,10,統一-中壢,2023-05-08,5853
00680L,元大美債20正2,10,0,10,統一-中壢,2023-05-08,5853
00706L,期元大S＆P日圓正2,10,0,10,統一-中壢,2023-05-08,5853
1319,東陽,10,0,10,統一-中壢,2023-05-08,5853
6147,頎邦,10,0,10,統一-中壢,2023-05-08,5853
6151,晉倫,10,0,10,統一-中壢,2023-05-08,5853
6248,沛波,10,0,10,統一-中壢,2023-05-08,5853
8936,國統,10,0,10,統一-中壢,2023-05-08,5853
1444,力麗,9,0,9,統一-中壢,2023-05-08,5853
3038,全台,11,2,9,統一-中壢,2023-05-08,5853
3051,力特,10,1,9,統一-中壢,2023-05-08,5853
6245,立端,9,0,9,統一-中壢,2023-05-08,5853
00665L,富邦�琤肭磪囓�2,33,25,8,統一-中壢,2023-05-08,5853
1708,東鹼,9,1,8,統一-中壢,2023-05-08,5853
3092,鴻碩,9,1,8,統一-中壢,2023-05-08,5853
4161,聿新科,8,0,8,統一-中壢,2023-05-08,5853
3558,神準,11,4,7,統一-中壢,2023-05-08,5853
00772B,中信高評級公司債,7,0,7,統一-中壢,2023-05-08,5853
1528,恩德,7,0,7,統一-中壢,2023-05-08,5853
6732,昇佳電子,6,0,6,統一-中壢,2023-05-08,5853
00853B,統一美債10年Aa-,6,0,6,統一-中壢,2023-05-08,5853
2028,威致,7,1,6,統一-中壢,2023-05-08,5853
2206,三陽工業,6,0,6,統一-中壢,2023-05-08,5853
2352,佳世達,6,0,6,統一-中壢,2023-05-08,5853
2421,建準,28,22,6,統一-中壢,2023-05-08,5853
1513,中興電,78,13,65,統一-中壢,2023-05-09,5853
1605,華新,88,23,65,統一-中壢,2023-05-09,5853
2601,益航,51,0,51,統一-中壢,2023-05-09,5853
2534,宏盛,38,0,38,統一-中壢,2023-05-09,5853
1504,東元,97,63,34,統一-中壢,2023-05-09,5853
00751B,元大AAA至A公司債,33,0,33,統一-中壢,2023-05-09,5853
1519,華城,51,18,33,統一-中壢,2023-05-09,5853
6152,百一,32,0,32,統一-中壢,2023-05-09,5853
3481,群創,39,8,31,統一-中壢,2023-05-09,5853
00900,富邦特選高股息30,33,2,31,統一-中壢,2023-05-09,5853
00680L,元大美債20正2,28,0,28,統一-中壢,2023-05-09,5853
9907,統一實,23,0,23,統一-中壢,2023-05-09,5853
6443,元晶,36,14,22,統一-中壢,2023-05-09,5853
00687B,國泰20年美債,22,0,22,統一-中壢,2023-05-09,5853
2344,華邦電,24,2,22,統一-中壢,2023-05-09,5853
8105,凌巨,22,0,22,統一-中壢,2023-05-09,5853
3576,聯合再生,21,0,21,統一-中壢,2023-05-09,5853
1734,杏輝,20,0,20,統一-中壢,2023-05-09,5853
3050,鈺德,20,0,20,統一-中壢,2023-05-09,5853
00772B,中信高評級公司債,21,2,19,統一-中壢,2023-05-09,5853
8033,雷虎,27,8,19,統一-中壢,2023-05-09,5853
2886,兆豐金,20,1,19,統一-中壢,2023-05-09,5853
5258,虹堡,30,12,18,統一-中壢,2023-05-09,5853
00891,中信關鍵半導體,17,0,17,統一-中壢,2023-05-09,5853
1905,華紙,38,22,16,統一-中壢,2023-05-09,5853
3025,星通,16,0,16,統一-中壢,2023-05-09,5853
3071,協禧,22,6,16,統一-中壢,2023-05-09,5853
6244,茂迪,19,4,15,統一-中壢,2023-05-09,5853
1218,泰山,27,12,15,統一-中壢,2023-05-09,5853
5211,蒙恬,16,1,15,統一-中壢,2023-05-09,5853
6129,普誠,15,0,15,統一-中壢,2023-05-09,5853
6176,瑞儀,15,0,15,統一-中壢,2023-05-09,5853
00853B,統一美債10年Aa-,14,0,14,統一-中壢,2023-05-09,5853
3231,緯創,27,13,14,統一-中壢,2023-05-09,5853
2634,漢翔,17,4,13,統一-中壢,2023-05-09,5853
6217,中探針,14,1,13,統一-中壢,2023-05-09,5853
00690,兆豐藍籌30,12,0,12,統一-中壢,2023-05-09,5853
2891,中信金,13,1,12,統一-中壢,2023-05-09,5853
00773B,中信優先金融債,11,0,11,統一-中壢,2023-05-09,5853
1733,五鼎,11,0,11,統一-中壢,2023-05-09,5853
4763,材料-KY,14,3,11,統一-中壢,2023-05-09,5853
6209,今國光,11,0,11,統一-中壢,2023-05-09,5853
6188,廣明,11,0,11,統一-中壢,2023-05-09,5853
8933,愛地雅,10,0,10,統一-中壢,2023-05-09,5853
1217,愛之味,10,0,10,統一-中壢,2023-05-09,5853
2031,新光鋼,10,0,10,統一-中壢,2023-05-09,5853
2356,英業達,10,0,10,統一-中壢,2023-05-09,5853
2367,燿華,10,0,10,統一-中壢,2023-05-09,5853
3450,聯鈞,10,0,10,統一-中壢,2023-05-09,5853
3558,神準,10,0,10,統一-中壢,2023-05-09,5853
2618,長榮航,192,45,147,統一-中壢,2023-05-10,5853
00665L,富邦�琤肭磪囓�2,70,10,60,統一-中壢,2023-05-10,5853
2601,益航,50,0,50,統一-中壢,2023-05-10,5853
00650L,復華香港正2,50,1,49,統一-中壢,2023-05-10,5853
00687B,國泰20年美債,43,0,43,統一-中壢,2023-05-10,5853
00632R,元大台灣50反1,42,2,40,統一-中壢,2023-05-10,5853
00637L,元大滬深300正2,31,0,31,統一-中壢,2023-05-10,5853
00878,國泰永續高股息,36,6,30,統一-中壢,2023-05-10,5853
00715L,期街口布蘭特正2,56,27,29,統一-中壢,2023-05-10,5853
3231,緯創,27,0,27,統一-中壢,2023-05-10,5853
2881,富邦金,25,0,25,統一-中壢,2023-05-10,5853
2344,華邦電,25,1,24,統一-中壢,2023-05-10,5853
3545,敦泰,22,0,22,統一-中壢,2023-05-10,5853
2371,大同,20,1,19,統一-中壢,2023-05-10,5853
6669,緯穎,18,0,18,統一-中壢,2023-05-10,5853
00753L,中信中國50正2,17,0,17,統一-中壢,2023-05-10,5853
3013,晟銘電,17,0,17,統一-中壢,2023-05-10,5853
2303,聯電,18,3,15,統一-中壢,2023-05-10,5853
00900,富邦特選高股息30,14,0,14,統一-中壢,2023-05-10,5853
2352,佳世達,39,25,14,統一-中壢,2023-05-10,5853
6185,幃翔,15,1,14,統一-中壢,2023-05-10,5853
1218,泰山,13,0,13,統一-中壢,2023-05-10,5853
8222,寶一,15,2,13,統一-中壢,2023-05-10,5853
1808,潤隆,11,0,11,統一-中壢,2023-05-10,5853
3202,樺晟,19,8,11,統一-中壢,2023-05-10,5853
4126,太醫,11,0,11,統一-中壢,2023-05-10,5853
6214,精誠,11,0,11,統一-中壢,2023-05-10,5853
4968,立積,13,2,11,統一-中壢,2023-05-10,5853
00680L,元大美債20正2,10,0,10,統一-中壢,2023-05-10,5853
2888,新光金,10,0,10,統一-中壢,2023-05-10,5853
3059,華晶科,10,0,10,統一-中壢,2023-05-10,5853
6005,群益證,10,0,10,統一-中壢,2023-05-10,5853
3363,上詮,9,0,9,統一-中壢,2023-05-10,5853
6116,彩晶,9,0,9,統一-中壢,2023-05-10,5853
6167,久正,9,0,9,統一-中壢,2023-05-10,5853
2867,三商壽,10,1,9,統一-中壢,2023-05-10,5853
2610,華航,24,15,9,統一-中壢,2023-05-10,5853
2542,興富發,8,0,8,統一-中壢,2023-05-10,5853
2897,王道銀行,10,2,8,統一-中壢,2023-05-10,5853
3711,日月光投控,8,0,8,統一-中壢,2023-05-10,5853
5236,凌陽創新,8,0,8,統一-中壢,2023-05-10,5853
6282,康舒,10,2,8,統一-中壢,2023-05-10,5853
2603,長榮,17,9,8,統一-中壢,2023-05-10,5853
6770,力積電,9,1,8,統一-中壢,2023-05-10,5853
1802,台玻,7,0,7,統一-中壢,2023-05-10,5853
6125,廣運,7,0,7,統一-中壢,2023-05-10,5853
6152,百一,7,0,7,統一-中壢,2023-05-10,5853
1519,華城,10,4,6,統一-中壢,2023-05-10,5853
2313,華通,9,3,6,統一-中壢,2023-05-10,5853
2605,新興,12,6,6,統一-中壢,2023-05-10,5853
00665L,富邦�琤肭磪囓�2,131,36,95,統一-中壢,2023-05-11,5853
2601,益航,91,0,91,統一-中壢,2023-05-11,5853
2610,華航,56,0,56,統一-中壢,2023-05-11,5853
00923,群益台ESG低碳50,39,0,39,統一-中壢,2023-05-11,5853
1701,中化,30,0,30,統一-中壢,2023-05-11,5853
2634,漢翔,44,14,30,統一-中壢,2023-05-11,5853
2890,永豐金,29,0,29,統一-中壢,2023-05-11,5853
00878,國泰永續高股息,70,47,23,統一-中壢,2023-05-11,5853
2330,台積電,22,0,22,統一-中壢,2023-05-11,5853
2427,三商電,20,2,18,統一-中壢,2023-05-11,5853
8105,凌巨,22,4,18,統一-中壢,2023-05-11,5853
9907,統一實,18,0,18,統一-中壢,2023-05-11,5853
00680L,元大美債20正2,16,0,16,統一-中壢,2023-05-11,5853
1609,大亞,39,24,15,統一-中壢,2023-05-11,5853
4916,事欣科,15,0,15,統一-中壢,2023-05-11,5853
1709,和益,14,0,14,統一-中壢,2023-05-11,5853
2303,聯電,16,3,13,統一-中壢,2023-05-11,5853
00679B,元大美債20年,12,0,12,統一-中壢,2023-05-11,5853
6155,鈞寶,12,0,12,統一-中壢,2023-05-11,5853
6806,森崴能源,12,0,12,統一-中壢,2023-05-11,5853
00687B,國泰20年美債,11,0,11,統一-中壢,2023-05-11,5853
1733,五鼎,11,0,11,統一-中壢,2023-05-11,5853
2312,金寶,11,0,11,統一-中壢,2023-05-11,5853
3041,揚智,11,0,11,統一-中壢,2023-05-11,5853
2603,長榮,11,1,10,統一-中壢,2023-05-11,5853
1319,東陽,10,0,10,統一-中壢,2023-05-11,5853
2340,台亞,10,0,10,統一-中壢,2023-05-11,5853
3050,鈺德,10,0,10,統一-中壢,2023-05-11,5853
3624,光頡,20,10,10,統一-中壢,2023-05-11,5853
3645,達邁,10,0,10,統一-中壢,2023-05-11,5853
00881,國泰台灣5G+,10,1,9,統一-中壢,2023-05-11,5853
6788,華景電,9,0,9,統一-中壢,2023-05-11,5853
6706,惠特,10,1,9,統一-中壢,2023-05-11,5853
6285,啟��,20,11,9,統一-中壢,2023-05-11,5853
2606,裕民,10,1,9,統一-中壢,2023-05-11,5853
1519,華城,9,1,8,統一-中壢,2023-05-11,5853
1529,樂事綠能,12,4,8,統一-中壢,2023-05-11,5853
1802,台玻,11,3,8,統一-中壢,2023-05-11,5853
2471,資通,8,0,8,統一-中壢,2023-05-11,5853
3455,由田,8,0,8,統一-中壢,2023-05-11,5853
6152,百一,8,0,8,統一-中壢,2023-05-11,5853
8038,長園科,10,2,8,統一-中壢,2023-05-11,5853
2104,國際中橡,7,0,7,統一-中壢,2023-05-11,5853
2609,陽明,10,3,7,統一-中壢,2023-05-11,5853
2801,彰銀,7,0,7,統一-中壢,2023-05-11,5853
3013,晟銘電,9,2,7,統一-中壢,2023-05-11,5853
3024,憶聲,7,0,7,統一-中壢,2023-05-11,5853
3704,合勤控,7,0,7,統一-中壢,2023-05-11,5853
6234,高僑,7,0,7,統一-中壢,2023-05-11,5853
00900,富邦特選高股息30,6,0,6,統一-中壢,2023-05-11,5853
00715L,期街口布蘭特正2,73,0,73,統一-中壢,2023-05-12,5853
2317,鴻海,66,7,59,統一-中壢,2023-05-12,5853
6126,信音,40,3,37,統一-中壢,2023-05-12,5853
00637L,元大滬深300正2,38,5,33,統一-中壢,2023-05-12,5853
2601,益航,31,0,31,統一-中壢,2023-05-12,5853
8085,福華,31,3,28,統一-中壢,2023-05-12,5853
2409,友達,25,0,25,統一-中壢,2023-05-12,5853
9907,統一實,25,0,25,統一-中壢,2023-05-12,5853
1101,台泥,26,3,23,統一-中壢,2023-05-12,5853
8076,伍豐,23,1,22,統一-中壢,2023-05-12,5853
2888,新光金,21,0,21,統一-中壢,2023-05-12,5853
2880,華南金,40,20,20,統一-中壢,2023-05-12,5853
2303,聯電,19,0,19,統一-中壢,2023-05-12,5853
1504,東元,22,3,19,統一-中壢,2023-05-12,5853
3481,群創,15,0,15,統一-中壢,2023-05-12,5853
2457,飛宏,71,56,15,統一-中壢,2023-05-12,5853
6188,廣明,16,1,15,統一-中壢,2023-05-12,5853
8936,國統,15,0,15,統一-中壢,2023-05-12,5853
00882,中信中國高股息,12,0,12,統一-中壢,2023-05-12,5853
6285,啟��,13,1,12,統一-中壢,2023-05-12,5853
4102,永日,11,0,11,統一-中壢,2023-05-12,5853
00900,富邦特選高股息30,10,0,10,統一-中壢,2023-05-12,5853
2881,富邦金,10,0,10,統一-中壢,2023-05-12,5853
1701,中化,10,0,10,統一-中壢,2023-05-12,5853
1733,五鼎,10,0,10,統一-中壢,2023-05-12,5853
2312,金寶,10,0,10,統一-中壢,2023-05-12,5853
2489,瑞軒,10,0,10,統一-中壢,2023-05-12,5853
3149,正達,10,0,10,統一-中壢,2023-05-12,5853
3710,連展投控,10,0,10,統一-中壢,2023-05-12,5853
00706L,期元大S＆P日圓正2,8,0,8,統一-中壢,2023-05-12,5853
00687B,國泰20年美債,10,2,8,統一-中壢,2023-05-12,5853
1539,巨庭,8,0,8,統一-中壢,2023-05-12,5853
3715,定穎投控,17,9,8,統一-中壢,2023-05-12,5853
4743,合一,18,10,8,統一-中壢,2023-05-12,5853
6116,彩晶,8,0,8,統一-中壢,2023-05-12,5853
2883,凱基金,8,1,7,統一-中壢,2023-05-12,5853
00888,永豐台灣ESG,7,0,7,統一-中壢,2023-05-12,5853
6589,台康生技,7,0,7,統一-中壢,2023-05-12,5853
1783,和康生,7,0,7,統一-中壢,2023-05-12,5853
00720B,元大投資級公司債,6,0,6,統一-中壢,2023-05-12,5853
2002,中鋼,12,6,6,統一-中壢,2023-05-12,5853
2023,燁輝,6,0,6,統一-中壢,2023-05-12,5853
2451,創見,6,0,6,統一-中壢,2023-05-12,5853
6179,亞通,6,0,6,統一-中壢,2023-05-12,5853
8176,智捷,6,0,6,統一-中壢,2023-05-12,5853
9958,世紀鋼,6,0,6,統一-中壢,2023-05-12,5853
1752,南光,5,0,5,統一-中壢,2023-05-12,5853
2337,旺宏,6,1,5,統一-中壢,2023-05-12,5853
00713,元大台灣高息低波,5,0,5,統一-中壢,2023-05-12,5853
00712,復華富時不動產,5,0,5,統一-中壢,2023-05-12,5853
00715L,期街口布蘭特正2,154,12,142,統一-中壢,2023-05-15,5853
00878,國泰永續高股息,150,15,135,統一-中壢,2023-05-15,5853
3037,欣興,126,28,98,統一-中壢,2023-05-15,5853
00892,富邦台灣半導體,65,0,65,統一-中壢,2023-05-15,5853
00665L,富邦�琤肭磪囓�2,58,18,40,統一-中壢,2023-05-15,5853
2880,華南金,77,43,34,統一-中壢,2023-05-15,5853
2618,長榮航,33,2,31,統一-中壢,2023-05-15,5853
2881,富邦金,25,0,25,統一-中壢,2023-05-15,5853
8176,智捷,24,0,24,統一-中壢,2023-05-15,5853
2331,精英,24,2,22,統一-中壢,2023-05-15,5853
3202,樺晟,21,0,21,統一-中壢,2023-05-15,5853
8011,台通,25,4,21,統一-中壢,2023-05-15,5853
2317,鴻海,21,1,20,統一-中壢,2023-05-15,5853
00673R,期元大S＆P原油反1,20,0,20,統一-中壢,2023-05-15,5853
00687B,國泰20年美債,19,0,19,統一-中壢,2023-05-15,5853
00891,中信關鍵半導體,15,0,15,統一-中壢,2023-05-15,5853
00720B,元大投資級公司債,15,0,15,統一-中壢,2023-05-15,5853
6535,順藥,15,0,15,統一-中壢,2023-05-15,5853
2610,華航,16,2,14,統一-中壢,2023-05-15,5853
4763,材料-KY,14,0,14,統一-中壢,2023-05-15,5853
1519,華城,18,5,13,統一-中壢,2023-05-15,5853
2504,國產,12,0,12,統一-中壢,2023-05-15,5853
6129,普誠,12,0,12,統一-中壢,2023-05-15,5853
3209,全科,11,0,11,統一-中壢,2023-05-15,5853
6176,瑞儀,11,0,11,統一-中壢,2023-05-15,5853
1786,科妍,10,0,10,統一-中壢,2023-05-15,5853
2313,華通,13,3,10,統一-中壢,2023-05-15,5853
2498,宏達電,10,0,10,統一-中壢,2023-05-15,5853
2601,益航,10,0,10,統一-中壢,2023-05-15,5853
2891,中信金,11,1,10,統一-中壢,2023-05-15,5853
6160,欣技,10,0,10,統一-中壢,2023-05-15,5853
8213,志超,10,0,10,統一-中壢,2023-05-15,5853
00642U,期元大S＆P石油,10,1,9,統一-中壢,2023-05-15,5853
2597,潤弘,9,0,9,統一-中壢,2023-05-15,5853
2736,富野,17,8,9,統一-中壢,2023-05-15,5853
5203,訊連,9,0,9,統一-中壢,2023-05-15,5853
6235,華孚,54,45,9,統一-中壢,2023-05-15,5853
00637L,元大滬深300正2,18,10,8,統一-中壢,2023-05-15,5853
3034,聯詠,8,0,8,統一-中壢,2023-05-15,5853
00753L,中信中國50正2,8,0,8,統一-中壢,2023-05-15,5853
2453,凌群,9,1,8,統一-中壢,2023-05-15,5853
2491,吉祥全,8,0,8,統一-中壢,2023-05-15,5853
3686,達能,8,0,8,統一-中壢,2023-05-15,5853
4961,天鈺,7,0,7,統一-中壢,2023-05-15,5853
00853B,統一美債10年Aa-,7,0,7,統一-中壢,2023-05-15,5853
00706L,期元大S＆P日圓正2,7,0,7,統一-中壢,2023-05-15,5853
2208,台船,9,2,7,統一-中壢,2023-05-15,5853
2376,技嘉,7,0,7,統一-中壢,2023-05-15,5853
3035,智原,10,3,7,統一-中壢,2023-05-15,5853
3038,全台,7,0,7,統一-中壢,2023-05-15,5853
2371,大同,89,7,82,統一-中壢,2023-05-16,5853
1337,再生-KY,94,54,40,統一-中壢,2023-05-16,5853
2327,國巨,31,0,31,統一-中壢,2023-05-16,5853
2330,台積電,33,4,29,統一-中壢,2023-05-16,5853
2313,華通,31,4,27,統一-中壢,2023-05-16,5853
3520,華盈,25,0,25,統一-中壢,2023-05-16,5853
6770,力積電,24,0,24,統一-中壢,2023-05-16,5853
00772B,中信高評級公司債,22,0,22,統一-中壢,2023-05-16,5853
2601,益航,37,15,22,統一-中壢,2023-05-16,5853
00751B,元大AAA至A公司債,21,0,21,統一-中壢,2023-05-16,5853
4744,皇將,21,0,21,統一-中壢,2023-05-16,5853
00679B,元大美債20年,20,0,20,統一-中壢,2023-05-16,5853
8176,智捷,20,0,20,統一-中壢,2023-05-16,5853
00680L,元大美債20正2,16,0,16,統一-中壢,2023-05-16,5853
6191,精成科,15,0,15,統一-中壢,2023-05-16,5853
1312,國喬,14,0,14,統一-中壢,2023-05-16,5853
00687B,國泰20年美債,13,0,13,統一-中壢,2023-05-16,5853
2009,第一銅,12,0,12,統一-中壢,2023-05-16,5853
2409,友達,11,0,11,統一-中壢,2023-05-16,5853
2867,三商壽,11,0,11,統一-中壢,2023-05-16,5853
4109,加捷生醫,11,0,11,統一-中壢,2023-05-16,5853
6214,精誠,11,0,11,統一-中壢,2023-05-16,5853
00720B,元大投資級公司債,12,2,10,統一-中壢,2023-05-16,5853
1608,華榮,11,1,10,統一-中壢,2023-05-16,5853
2538,基泰,10,0,10,統一-中壢,2023-05-16,5853
6869,雲豹能源,10,0,10,統一-中壢,2023-05-16,5853
1524,耿鼎,10,1,9,統一-中壢,2023-05-16,5853
1709,和益,9,0,9,統一-中壢,2023-05-16,5853
1808,潤隆,9,0,9,統一-中壢,2023-05-16,5853
3006,晶豪科,13,4,9,統一-中壢,2023-05-16,5853
2317,鴻海,9,0,9,統一-中壢,2023-05-16,5853
2734,易飛網,8,0,8,統一-中壢,2023-05-16,5853
3545,敦泰,10,2,8,統一-中壢,2023-05-16,5853
4123,晟德,8,0,8,統一-中壢,2023-05-16,5853
1519,華城,41,34,7,統一-中壢,2023-05-16,5853
3010,華立,7,0,7,統一-中壢,2023-05-16,5853
6535,順藥,9,2,7,統一-中壢,2023-05-16,5853
2603,長榮,6,0,6,統一-中壢,2023-05-16,5853
00888,永豐台灣ESG,6,0,6,統一-中壢,2023-05-16,5853
00882,中信中國高股息,6,0,6,統一-中壢,2023-05-16,5853
2364,倫飛,7,1,6,統一-中壢,2023-05-16,5853
2421,建準,13,7,6,統一-中壢,2023-05-16,5853
2609,陽明,10,4,6,統一-中壢,2023-05-16,5853
2702,華園,6,0,6,統一-中壢,2023-05-16,5853
3051,力特,6,0,6,統一-中壢,2023-05-16,5853
8940,新天地,6,0,6,統一-中壢,2023-05-16,5853
00885,富邦越南,5,0,5,統一-中壢,2023-05-16,5853
00712,復華富時不動產,5,0,5,統一-中壢,2023-05-16,5853
2745,五福,5,0,5,統一-中壢,2023-05-16,5853
3227,原相,5,0,5,統一-中壢,2023-05-16,5853
00715L,期街口布蘭特正2,208,7,201,統一-中壢,2023-05-17,5853
00720B,元大投資級公司債,127,0,127,統一-中壢,2023-05-17,5853
2887,台新金,105,3,102,統一-中壢,2023-05-17,5853
2402,毅嘉,112,12,100,統一-中壢,2023-05-17,5853
8403,盛弘,40,0,40,統一-中壢,2023-05-17,5853
00637L,元大滬深300正2,38,0,38,統一-中壢,2023-05-17,5853
2323,中環,30,0,30,統一-中壢,2023-05-17,5853
2891,中信金,30,3,27,統一-中壢,2023-05-17,5853
00680L,元大美債20正2,23,0,23,統一-中壢,2023-05-17,5853
00751B,元大AAA至A公司債,17,0,17,統一-中壢,2023-05-17,5853
2313,華通,19,5,14,統一-中壢,2023-05-17,5853
3520,華盈,14,0,14,統一-中壢,2023-05-17,5853
00853B,統一美債10年Aa-,13,0,13,統一-中壢,2023-05-17,5853
00882,中信中國高股息,12,0,12,統一-中壢,2023-05-17,5853
5321,美而快,12,0,12,統一-中壢,2023-05-17,5853
00772B,中信高評級公司債,15,4,11,統一-中壢,2023-05-17,5853
00665L,富邦�琤肭磪囓�2,24,13,11,統一-中壢,2023-05-17,5853
1584,精剛,14,3,11,統一-中壢,2023-05-17,5853
2009,第一銅,12,1,11,統一-中壢,2023-05-17,5853
3224,三顧,11,0,11,統一-中壢,2023-05-17,5853
2014,中鴻,10,0,10,統一-中壢,2023-05-17,5853
2388,威盛,11,1,10,統一-中壢,2023-05-17,5853
4744,皇將,10,0,10,統一-中壢,2023-05-17,5853
8112,至上,10,0,10,統一-中壢,2023-05-17,5853
00722B,群益投資級電信債,9,0,9,統一-中壢,2023-05-17,5853
2890,永豐金,9,0,9,統一-中壢,2023-05-17,5853
3346,麗清,10,1,9,統一-中壢,2023-05-17,5853
3363,上詮,27,18,9,統一-中壢,2023-05-17,5853
8033,雷虎,9,0,9,統一-中壢,2023-05-17,5853
3441,聯一光,10,2,8,統一-中壢,2023-05-17,5853
6188,廣明,8,0,8,統一-中壢,2023-05-17,5853
6531,愛普*,9,1,8,統一-中壢,2023-05-17,5853
00878,國泰永續高股息,38,31,7,統一-中壢,2023-05-17,5853
2108,南帝,7,0,7,統一-中壢,2023-05-17,5853
2745,五福,8,1,7,統一-中壢,2023-05-17,5853
3006,晶豪科,15,8,7,統一-中壢,2023-05-17,5853
2409,友達,38,32,6,統一-中壢,2023-05-17,5853
1513,中興電,26,20,6,統一-中壢,2023-05-17,5853
1528,恩德,6,0,6,統一-中壢,2023-05-17,5853
1612,宏泰,6,0,6,統一-中壢,2023-05-17,5853
2406,國碩,6,0,6,統一-中壢,2023-05-17,5853
2457,飛宏,30,24,6,統一-中壢,2023-05-17,5853
2712,遠雄來,6,0,6,統一-中壢,2023-05-17,5853
4979,華星光,6,0,6,統一-中壢,2023-05-17,5853
2609,陽明,15,9,6,統一-中壢,2023-05-17,5853
2317,鴻海,6,1,5,統一-中壢,2023-05-17,5853
00902,中信電池及儲能,5,0,5,統一-中壢,2023-05-17,5853
1721,三晃,5,0,5,統一-中壢,2023-05-17,5853
2892,第一金,5,0,5,統一-中壢,2023-05-17,5853
3022,威強電,9,4,5,統一-中壢,2023-05-17,5853
00632R,元大台灣50反1,384,8,376,統一-中壢,2023-05-18,5853
00650L,復華香港正2,120,0,120,統一-中壢,2023-05-18,5853
2887,台新金,80,7,73,統一-中壢,2023-05-18,5853
00665L,富邦�琤肭磪囓�2,73,21,52,統一-中壢,2023-05-18,5853
2409,友達,44,0,44,統一-中壢,2023-05-18,5853
5488,松普,38,0,38,統一-中壢,2023-05-18,5853
2303,聯電,63,26,37,統一-中壢,2023-05-18,5853
00687B,國泰20年美債,28,0,28,統一-中壢,2023-05-18,5853
8076,伍豐,31,4,27,統一-中壢,2023-05-18,5853
00637L,元大滬深300正2,55,30,25,統一-中壢,2023-05-18,5853
00885,富邦越南,30,5,25,統一-中壢,2023-05-18,5853
5871,中租-KY,25,0,25,統一-中壢,2023-05-18,5853
3051,力特,22,1,21,統一-中壢,2023-05-18,5853
3419,譁裕,21,0,21,統一-中壢,2023-05-18,5853
3665,貿聯-KY,21,0,21,統一-中壢,2023-05-18,5853
6163,華電網,21,0,21,統一-中壢,2023-05-18,5853
6535,順藥,22,1,21,統一-中壢,2023-05-18,5853
6005,群益證,20,0,20,統一-中壢,2023-05-18,5853
6146,耕興,20,0,20,統一-中壢,2023-05-18,5853
1905,華紙,20,1,19,統一-中壢,2023-05-18,5853
00772B,中信高評級公司債,17,1,16,統一-中壢,2023-05-18,5853
00673R,期元大S＆P原油反1,15,0,15,統一-中壢,2023-05-18,5853
3149,正達,15,0,15,統一-中壢,2023-05-18,5853
6147,頎邦,16,1,15,統一-中壢,2023-05-18,5853
6405,悅城,15,0,15,統一-中壢,2023-05-18,5853
1529,樂事綠能,30,16,14,統一-中壢,2023-05-18,5853
2436,偉詮電,14,0,14,統一-中壢,2023-05-18,5853
3362,先進光,25,11,14,統一-中壢,2023-05-18,5853
00751B,元大AAA至A公司債,13,0,13,統一-中壢,2023-05-18,5853
2891,中信金,23,10,13,統一-中壢,2023-05-18,5853
00720B,元大投資級公司債,12,0,12,統一-中壢,2023-05-18,5853
2402,毅嘉,12,0,12,統一-中壢,2023-05-18,5853
5009,榮剛,22,10,12,統一-中壢,2023-05-18,5853
2356,英業達,10,0,10,統一-中壢,2023-05-18,5853
6015,宏遠證,10,0,10,統一-中壢,2023-05-18,5853
6112,邁達特,19,9,10,統一-中壢,2023-05-18,5853
1709,和益,9,0,9,統一-中壢,2023-05-18,5853
2903,遠百,10,1,9,統一-中壢,2023-05-18,5853
2745,五福,10,2,8,統一-中壢,2023-05-18,5853
4967,十銓,10,2,8,統一-中壢,2023-05-18,5853
6160,欣技,15,7,8,統一-中壢,2023-05-18,5853
6234,高僑,8,0,8,統一-中壢,2023-05-18,5853
2371,大同,79,71,8,統一-中壢,2023-05-18,5853
00795B,中信美國公債20年,7,0,7,統一-中壢,2023-05-18,5853
2324,仁寶,10,3,7,統一-中壢,2023-05-18,5853
5508,永信建,7,0,7,統一-中壢,2023-05-18,5853
00712,復華富時不動產,6,0,6,統一-中壢,2023-05-18,5853
1459,聯發,6,0,6,統一-中壢,2023-05-18,5853
1752,南光,6,0,6,統一-中壢,2023-05-18,5853
2606,裕民,6,0,6,統一-中壢,2023-05-18,5853
00632R,元大台灣50反1,285,103,182,統一-中壢,2023-05-19,5853
00679B,元大美債20年,112,3,109,統一-中壢,2023-05-19,5853
00650L,復華香港正2,100,0,100,統一-中壢,2023-05-19,5853
2303,聯電,111,20,91,統一-中壢,2023-05-19,5853
3025,星通,151,63,88,統一-中壢,2023-05-19,5853
00637L,元大滬深300正2,103,33,70,統一-中壢,2023-05-19,5853
00674R,期元大S＆P黃金反1,55,0,55,統一-中壢,2023-05-19,5853
1605,華新,68,14,54,統一-中壢,2023-05-19,5853
00725B,國泰投資級公司債,51,0,51,統一-中壢,2023-05-19,5853
00696B,富邦美債20年,50,0,50,統一-中壢,2023-05-19,5853
00680L,元大美債20正2,50,0,50,統一-中壢,2023-05-19,5853
00753L,中信中國50正2,42,0,42,統一-中壢,2023-05-19,5853
00751B,元大AAA至A公司債,36,0,36,統一-中壢,2023-05-19,5853
00919,群益台灣精選高息,31,1,30,統一-中壢,2023-05-19,5853
3576,聯合再生,30,0,30,統一-中壢,2023-05-19,5853
4908,前鼎,30,0,30,統一-中壢,2023-05-19,5853
5009,榮剛,50,22,28,統一-中壢,2023-05-19,5853
5328,華容,30,2,28,統一-中壢,2023-05-19,5853
5871,中租-KY,26,0,26,統一-中壢,2023-05-19,5853
1529,樂事綠能,37,11,26,統一-中壢,2023-05-19,5853
2402,毅嘉,26,0,26,統一-中壢,2023-05-19,5853
00772B,中信高評級公司債,29,4,25,統一-中壢,2023-05-19,5853
2332,友訊,27,3,24,統一-中壢,2023-05-19,5853
00665L,富邦�琤肭磪囓�2,26,3,23,統一-中壢,2023-05-19,5853
1709,和益,21,0,21,統一-中壢,2023-05-19,5853
3362,先進光,21,0,21,統一-中壢,2023-05-19,5853
2317,鴻海,21,0,21,統一-中壢,2023-05-19,5853
00764B,群益25年美債,20,0,20,統一-中壢,2023-05-19,5853
3029,零壹,31,11,20,統一-中壢,2023-05-19,5853
4164,承業醫,20,0,20,統一-中壢,2023-05-19,5853
2421,建準,46,28,18,統一-中壢,2023-05-19,5853
00720B,元大投資級公司債,18,0,18,統一-中壢,2023-05-19,5853
1101,台泥,23,5,18,統一-中壢,2023-05-19,5853
2453,凌群,18,0,18,統一-中壢,2023-05-19,5853
00882,中信中國高股息,17,0,17,統一-中壢,2023-05-19,5853
2367,燿華,20,5,15,統一-中壢,2023-05-19,5853
3624,光頡,13,0,13,統一-中壢,2023-05-19,5853
2464,盟立,12,0,12,統一-中壢,2023-05-19,5853
2468,華經,12,0,12,統一-中壢,2023-05-19,5853
2610,華航,129,117,12,統一-中壢,2023-05-19,5853
2609,陽明,12,1,11,統一-中壢,2023-05-19,5853
00795B,中信美國公債20年,13,2,11,統一-中壢,2023-05-19,5853
00712,復華富時不動產,11,0,11,統一-中壢,2023-05-19,5853
2351,順德,11,0,11,統一-中壢,2023-05-19,5853
6697,東捷資訊,13,2,11,統一-中壢,2023-05-19,5853
6146,耕興,11,1,10,統一-中壢,2023-05-19,5853
2408,南亞科,10,0,10,統一-中壢,2023-05-19,5853
1718,中纖,10,0,10,統一-中壢,2023-05-19,5853
2482,連宇,11,1,10,統一-中壢,2023-05-19,5853
3043,科風,10,0,10,統一-中壢,2023-05-19,5853
00715L,期街口布蘭特正2,293,0,293,統一-中壢,2023-05-22,5853
2303,聯電,209,63,146,統一-中壢,2023-05-22,5853
6244,茂迪,100,0,100,統一-中壢,2023-05-22,5853
2382,廣達,47,6,41,統一-中壢,2023-05-22,5853
2890,永豐金,32,0,32,統一-中壢,2023-05-22,5853
00680L,元大美債20正2,31,0,31,統一-中壢,2023-05-22,5853
1608,華榮,34,3,31,統一-中壢,2023-05-22,5853
00764B,群益25年美債,30,0,30,統一-中壢,2023-05-22,5853
2882,國泰金,30,3,27,統一-中壢,2023-05-22,5853
1524,耿鼎,27,3,24,統一-中壢,2023-05-22,5853
6235,華孚,45,22,23,統一-中壢,2023-05-22,5853
1752,南光,22,0,22,統一-中壢,2023-05-22,5853
00687B,國泰20年美債,20,0,20,統一-中壢,2023-05-22,5853
1709,和益,20,0,20,統一-中壢,2023-05-22,5853
2337,旺宏,20,0,20,統一-中壢,2023-05-22,5853
3576,聯合再生,20,1,19,統一-中壢,2023-05-22,5853
2618,長榮航,63,44,19,統一-中壢,2023-05-22,5853
00696B,富邦美債20年,18,0,18,統一-中壢,2023-05-22,5853
1905,華紙,21,4,17,統一-中壢,2023-05-22,5853
3322,建舜電,17,0,17,統一-中壢,2023-05-22,5853
1459,聯發,16,0,16,統一-中壢,2023-05-22,5853
2442,新美齊,20,5,15,統一-中壢,2023-05-22,5853
6191,精成科,15,0,15,統一-中壢,2023-05-22,5853
00751B,元大AAA至A公司債,14,0,14,統一-中壢,2023-05-22,5853
00720B,元大投資級公司債,14,0,14,統一-中壢,2023-05-22,5853
3231,緯創,17,3,14,統一-中壢,2023-05-22,5853
6134,萬旭,12,0,12,統一-中壢,2023-05-22,5853
3035,智原,10,0,10,統一-中壢,2023-05-22,5853
00753L,中信中國50正2,10,0,10,統一-中壢,2023-05-22,5853
2390,云辰,10,0,10,統一-中壢,2023-05-22,5853
2867,三商壽,10,0,10,統一-中壢,2023-05-22,5853
3617,碩天,10,0,10,統一-中壢,2023-05-22,5853
5371,中光電,10,0,10,統一-中壢,2023-05-22,5853
6147,頎邦,10,0,10,統一-中壢,2023-05-22,5853
6603,富強鑫,10,0,10,統一-中壢,2023-05-22,5853
2313,華通,11,2,9,統一-中壢,2023-05-22,5853
2368,金像電,12,3,9,統一-中壢,2023-05-22,5853
2379,瑞昱,9,0,9,統一-中壢,2023-05-22,5853
8358,金居,12,3,9,統一-中壢,2023-05-22,5853
2317,鴻海,8,0,8,統一-中壢,2023-05-22,5853
2486,一詮,8,0,8,統一-中壢,2023-05-22,5853
3038,全台,19,11,8,統一-中壢,2023-05-22,5853
2031,新光鋼,28,21,7,統一-中壢,2023-05-22,5853
00795B,中信美國公債20年,7,0,7,統一-中壢,2023-05-22,5853
2367,燿華,7,1,6,統一-中壢,2023-05-22,5853
2425,承啟,7,1,6,統一-中壢,2023-05-22,5853
2206,三陽工業,14,8,6,統一-中壢,2023-05-22,5853
00725B,國泰投資級公司債,5,0,5,統一-中壢,2023-05-22,5853
00772B,中信高評級公司債,6,1,5,統一-中壢,2023-05-22,5853
2471,資通,5,0,5,統一-中壢,2023-05-22,5853
1504,東元,82,20,62,統一-中壢,2023-05-23,5853
4123,晟德,62,3,59,統一-中壢,2023-05-23,5853
6133,金橋,55,1,54,統一-中壢,2023-05-23,5853
00706L,期元大S＆P日圓正2,50,0,50,統一-中壢,2023-05-23,5853
00751B,元大AAA至A公司債,42,0,42,統一-中壢,2023-05-23,5853
2313,華通,43,3,40,統一-中壢,2023-05-23,5853
00795B,中信美國公債20年,39,0,39,統一-中壢,2023-05-23,5853
2303,聯電,47,8,39,統一-中壢,2023-05-23,5853
5328,華容,33,0,33,統一-中壢,2023-05-23,5853
2007,燁興,30,0,30,統一-中壢,2023-05-23,5853
6218,豪勉,30,3,27,統一-中壢,2023-05-23,5853
5871,中租-KY,30,5,25,統一-中壢,2023-05-23,5853
1605,華新,24,1,23,統一-中壢,2023-05-23,5853
00882,中信中國高股息,23,0,23,統一-中壢,2023-05-23,5853
6235,華孚,64,41,23,統一-中壢,2023-05-23,5853
00679B,元大美債20年,23,0,23,統一-中壢,2023-05-23,5853
6109,亞元,21,0,21,統一-中壢,2023-05-23,5853
1905,華紙,29,9,20,統一-中壢,2023-05-23,5853
3188,鑫龍騰,20,0,20,統一-中壢,2023-05-23,5853
5315,光聯,20,0,20,統一-中壢,2023-05-23,5853
1584,精剛,19,0,19,統一-中壢,2023-05-23,5853
2442,新美齊,21,2,19,統一-中壢,2023-05-23,5853
5531,鄉林,20,2,18,統一-中壢,2023-05-23,5853
00772B,中信高評級公司債,17,0,17,統一-中壢,2023-05-23,5853
6282,康舒,27,10,17,統一-中壢,2023-05-23,5853
00637L,元大滬深300正2,16,0,16,統一-中壢,2023-05-23,5853
2399,映泰,19,3,16,統一-中壢,2023-05-23,5853
2618,長榮航,80,64,16,統一-中壢,2023-05-23,5853
2317,鴻海,17,2,15,統一-中壢,2023-05-23,5853
3706,神達,15,0,15,統一-中壢,2023-05-23,5853
4904,遠傳,15,0,15,統一-中壢,2023-05-23,5853
6234,高僑,17,2,15,統一-中壢,2023-05-23,5853
1101,台泥,17,2,15,統一-中壢,2023-05-23,5853
2421,建準,17,3,14,統一-中壢,2023-05-23,5853
5009,榮剛,19,5,14,統一-中壢,2023-05-23,5853
00680L,元大美債20正2,18,5,13,統一-中壢,2023-05-23,5853
2706,第一店,14,3,11,統一-中壢,2023-05-23,5853
1217,愛之味,10,0,10,統一-中壢,2023-05-23,5853
1414,東和,10,0,10,統一-中壢,2023-05-23,5853
1460,宏遠,10,0,10,統一-中壢,2023-05-23,5853
4109,加捷生醫,10,0,10,統一-中壢,2023-05-23,5853
6156,松上,10,0,10,統一-中壢,2023-05-23,5853
6411,晶焱,10,0,10,統一-中壢,2023-05-23,5853
8940,新天地,10,0,10,統一-中壢,2023-05-23,5853
1795,美時,25,15,10,統一-中壢,2023-05-23,5853
00712,復華富時不動產,10,1,9,統一-中壢,2023-05-23,5853
2634,漢翔,25,16,9,統一-中壢,2023-05-23,5853
2913,農林,10,1,9,統一-中壢,2023-05-23,5853
3520,華盈,11,2,9,統一-中壢,2023-05-23,5853
6118,建達,10,1,9,統一-中壢,2023-05-23,5853
00650L,復華香港正2,300,2,298,統一-中壢,2023-05-24,5853
00882,中信中國高股息,73,14,59,統一-中壢,2023-05-24,5853
00687B,國泰20年美債,40,0,40,統一-中壢,2023-05-24,5853
00637L,元大滬深300正2,42,4,38,統一-中壢,2023-05-24,5853
00878,國泰永續高股息,38,1,37,統一-中壢,2023-05-24,5853
3546,宇峻,37,0,37,統一-中壢,2023-05-24,5853
6173,信昌電,31,1,30,統一-中壢,2023-05-24,5853
00665L,富邦�琤肭磪囓�2,28,0,28,統一-中壢,2023-05-24,5853
1905,華紙,47,23,24,統一-中壢,2023-05-24,5853
2317,鴻海,24,0,24,統一-中壢,2023-05-24,5853
2497,怡利電,22,0,22,統一-中壢,2023-05-24,5853
00919,群益台灣精選高息,21,0,21,統一-中壢,2023-05-24,5853
2303,聯電,24,4,20,統一-中壢,2023-05-24,5853
00680L,元大美債20正2,20,0,20,統一-中壢,2023-05-24,5853
2489,瑞軒,20,0,20,統一-中壢,2023-05-24,5853
2812,台中銀,20,2,18,統一-中壢,2023-05-24,5853
3035,智原,20,3,17,統一-中壢,2023-05-24,5853
2520,冠德,17,0,17,統一-中壢,2023-05-24,5853
4916,事欣科,33,16,17,統一-中壢,2023-05-24,5853
3498,陽程,16,0,16,統一-中壢,2023-05-24,5853
3701,大眾控,18,3,15,統一-中壢,2023-05-24,5853
2409,友達,52,38,14,統一-中壢,2023-05-24,5853
00753L,中信中國50正2,16,3,13,統一-中壢,2023-05-24,5853
3051,力特,13,0,13,統一-中壢,2023-05-24,5853
2491,吉祥全,12,0,12,統一-中壢,2023-05-24,5853
3666,光耀,13,1,12,統一-中壢,2023-05-24,5853
00892,富邦台灣半導體,11,0,11,統一-中壢,2023-05-24,5853
2332,友訊,11,0,11,統一-中壢,2023-05-24,5853
3481,群創,15,4,11,統一-中壢,2023-05-24,5853
3706,神達,11,0,11,統一-中壢,2023-05-24,5853
4173,久裕,11,0,11,統一-中壢,2023-05-24,5853
6112,邁達特,12,1,11,統一-中壢,2023-05-24,5853
00885,富邦越南,10,0,10,統一-中壢,2023-05-24,5853
1609,大亞,11,1,10,統一-中壢,2023-05-24,5853
1752,南光,10,0,10,統一-中壢,2023-05-24,5853
2367,燿華,10,0,10,統一-中壢,2023-05-24,5853
2867,三商壽,10,0,10,統一-中壢,2023-05-24,5853
4109,加捷生醫,10,0,10,統一-中壢,2023-05-24,5853
8222,寶一,13,3,10,統一-中壢,2023-05-24,5853
2371,大同,26,17,9,統一-中壢,2023-05-24,5853
00632R,元大台灣50反1,50,41,9,統一-中壢,2023-05-24,5853
2881,富邦金,9,0,9,統一-中壢,2023-05-24,5853
6829,千附精密,10,1,9,統一-中壢,2023-05-24,5853
6706,惠特,9,0,9,統一-中壢,2023-05-24,5853
1504,東元,16,8,8,統一-中壢,2023-05-24,5853
3479,安勤,8,0,8,統一-中壢,2023-05-24,5853
4707,磐亞,8,0,8,統一-中壢,2023-05-24,5853
5328,華容,8,0,8,統一-中壢,2023-05-24,5853
5704,老爺知,9,1,8,統一-中壢,2023-05-24,5853
6163,華電網,8,0,8,統一-中壢,2023-05-24,5853
3025,星通,202,5,197,統一-中壢,2023-05-25,5853
3037,欣興,140,56,84,統一-中壢,2023-05-25,5853
00882,中信中國高股息,70,0,70,統一-中壢,2023-05-25,5853
00751B,元大AAA至A公司債,53,0,53,統一-中壢,2023-05-25,5853
00650L,復華香港正2,50,0,50,統一-中壢,2023-05-25,5853
6244,茂迪,50,0,50,統一-中壢,2023-05-25,5853
00665L,富邦�琤肭磪囓�2,46,0,46,統一-中壢,2023-05-25,5853
00632R,元大台灣50反1,44,0,44,統一-中壢,2023-05-25,5853
00753L,中信中國50正2,41,0,41,統一-中壢,2023-05-25,5853
00637L,元大滬深300正2,61,20,41,統一-中壢,2023-05-25,5853
4726,永昕,40,0,40,統一-中壢,2023-05-25,5853
2489,瑞軒,40,1,39,統一-中壢,2023-05-25,5853
6235,華孚,85,56,29,統一-中壢,2023-05-25,5853
1605,華新,24,0,24,統一-中壢,2023-05-25,5853
3003,健和興,23,0,23,統一-中壢,2023-05-25,5853
2615,萬海,22,0,22,統一-中壢,2023-05-25,5853
2317,鴻海,23,2,21,統一-中壢,2023-05-25,5853
8105,凌巨,21,0,21,統一-中壢,2023-05-25,5853
6245,立端,20,1,19,統一-中壢,2023-05-25,5853
1810,和成,19,0,19,統一-中壢,2023-05-25,5853
4916,事欣科,19,0,19,統一-中壢,2023-05-25,5853
1513,中興電,55,36,19,統一-中壢,2023-05-25,5853
2353,宏��,20,2,18,統一-中壢,2023-05-25,5853
2897,王道銀行,18,0,18,統一-中壢,2023-05-25,5853
3006,晶豪科,18,0,18,統一-中壢,2023-05-25,5853
9945,潤泰新,16,0,16,統一-中壢,2023-05-25,5853
2382,廣達,27,12,15,統一-中壢,2023-05-25,5853
3664,安瑞-KY,15,0,15,統一-中壢,2023-05-25,5853
2377,微星,17,3,14,統一-中壢,2023-05-25,5853
2834,臺企銀,14,0,14,統一-中壢,2023-05-25,5853
00725B,國泰投資級公司債,13,0,13,統一-中壢,2023-05-25,5853
2409,友達,20,7,13,統一-中壢,2023-05-25,5853
00772B,中信高評級公司債,12,0,12,統一-中壢,2023-05-25,5853
1514,亞力,14,2,12,統一-中壢,2023-05-25,5853
1786,科妍,12,0,12,統一-中壢,2023-05-25,5853
2002,中鋼,12,0,12,統一-中壢,2023-05-25,5853
2457,飛宏,26,14,12,統一-中壢,2023-05-25,5853
2511,太子,12,0,12,統一-中壢,2023-05-25,5853
3665,貿聯-KY,12,0,12,統一-中壢,2023-05-25,5853
6118,建達,22,10,12,統一-中壢,2023-05-25,5853
00795B,中信美國公債20年,12,0,12,統一-中壢,2023-05-25,5853
00720B,元大投資級公司債,11,0,11,統一-中壢,2023-05-25,5853
00888,永豐台灣ESG,11,0,11,統一-中壢,2023-05-25,5853
6223,旺矽,13,2,11,統一-中壢,2023-05-25,5853
2885,元大金,11,0,11,統一-中壢,2023-05-25,5853
2630,亞航,13,3,10,統一-中壢,2023-05-25,5853
00916,國泰全球品牌50,10,0,10,統一-中壢,2023-05-25,5853
2867,三商壽,10,0,10,統一-中壢,2023-05-25,5853
2887,台新金,10,0,10,統一-中壢,2023-05-25,5853
3188,鑫龍騰,10,0,10,統一-中壢,2023-05-25,5853
3025,星通,1022,21,1001,統一-中壢,2023-05-26,5853
00637L,元大滬深300正2,85,11,74,統一-中壢,2023-05-26,5853
2323,中環,66,1,65,統一-中壢,2023-05-26,5853
00725B,國泰投資級公司債,52,0,52,統一-中壢,2023-05-26,5853
6244,茂迪,51,0,51,統一-中壢,2023-05-26,5853
3003,健和興,51,1,50,統一-中壢,2023-05-26,5853
1314,中石化,44,0,44,統一-中壢,2023-05-26,5853
00712,復華富時不動產,39,0,39,統一-中壢,2023-05-26,5853
1810,和成,40,1,39,統一-中壢,2023-05-26,5853
00751B,元大AAA至A公司債,36,0,36,統一-中壢,2023-05-26,5853
1609,大亞,38,2,36,統一-中壢,2023-05-26,5853
2618,長榮航,86,52,34,統一-中壢,2023-05-26,5853
6214,精誠,43,11,32,統一-中壢,2023-05-26,5853
4726,永昕,30,0,30,統一-中壢,2023-05-26,5853
3481,群創,29,1,28,統一-中壢,2023-05-26,5853
6245,立端,30,2,28,統一-中壢,2023-05-26,5853
2884,玉山金,30,4,26,統一-中壢,2023-05-26,5853
2317,鴻海,28,3,25,統一-中壢,2023-05-26,5853
00882,中信中國高股息,24,0,24,統一-中壢,2023-05-26,5853
2630,亞航,24,0,24,統一-中壢,2023-05-26,5853
5871,中租-KY,25,1,24,統一-中壢,2023-05-26,5853
00665L,富邦�琤肭磪囓�2,23,0,23,統一-中壢,2023-05-26,5853
2388,威盛,31,10,21,統一-中壢,2023-05-26,5853
3049,精金,21,0,21,統一-中壢,2023-05-26,5853
1718,中纖,40,20,20,統一-中壢,2023-05-26,5853
2367,燿華,20,0,20,統一-中壢,2023-05-26,5853
8105,凌巨,19,0,19,統一-中壢,2023-05-26,5853
2883,凱基金,29,11,18,統一-中壢,2023-05-26,5853
4707,磐亞,18,0,18,統一-中壢,2023-05-26,5853
00713,元大台灣高息低波,21,6,15,統一-中壢,2023-05-26,5853
3703,欣陸,15,0,15,統一-中壢,2023-05-26,5853
00912,中信臺灣智慧50,15,0,15,統一-中壢,2023-05-26,5853
2431,聯昌,15,0,15,統一-中壢,2023-05-26,5853
1605,華新,39,25,14,統一-中壢,2023-05-26,5853
1101,台泥,22,8,14,統一-中壢,2023-05-26,5853
1802,台玻,14,0,14,統一-中壢,2023-05-26,5853
5328,華容,14,0,14,統一-中壢,2023-05-26,5853
5009,榮剛,39,26,13,統一-中壢,2023-05-26,5853
2402,毅嘉,12,0,12,統一-中壢,2023-05-26,5853
4543,萬在,13,1,12,統一-中壢,2023-05-26,5853
1514,亞力,16,5,11,統一-中壢,2023-05-26,5853
2892,第一金,11,0,11,統一-中壢,2023-05-26,5853
3520,華盈,15,4,11,統一-中壢,2023-05-26,5853
8050,廣積,13,2,11,統一-中壢,2023-05-26,5853
1905,華紙,14,4,10,統一-中壢,2023-05-26,5853
6806,森崴能源,10,0,10,統一-中壢,2023-05-26,5853
2634,漢翔,14,4,10,統一-中壢,2023-05-26,5853
6187,萬潤,10,0,10,統一-中壢,2023-05-26,5853
6218,豪勉,16,6,10,統一-中壢,2023-05-26,5853
6234,高僑,10,0,10,統一-中壢,2023-05-26,5853
3025,星通,971,17,954,統一-中壢,2023-05-29,5853
2884,玉山金,256,3,253,統一-中壢,2023-05-29,5853
00637L,元大滬深300正2,253,25,228,統一-中壢,2023-05-29,5853
2883,凱基金,99,0,99,統一-中壢,2023-05-29,5853
00882,中信中國高股息,77,0,77,統一-中壢,2023-05-29,5853
3481,群創,61,15,46,統一-中壢,2023-05-29,5853
3231,緯創,101,61,40,統一-中壢,2023-05-29,5853
6146,耕興,40,1,39,統一-中壢,2023-05-29,5853
6133,金橋,40,1,39,統一-中壢,2023-05-29,5853
00680L,元大美債20正2,36,0,36,統一-中壢,2023-05-29,5853
2368,金像電,34,2,32,統一-中壢,2023-05-29,5853
2610,華航,74,48,26,統一-中壢,2023-05-29,5853
4102,永日,24,0,24,統一-中壢,2023-05-29,5853
2618,長榮航,70,49,21,統一-中壢,2023-05-29,5853
2442,新美齊,20,0,20,統一-中壢,2023-05-29,5853
2303,聯電,35,17,18,統一-中壢,2023-05-29,5853
2482,連宇,21,5,16,統一-中壢,2023-05-29,5853
4979,華星光,37,21,16,統一-中壢,2023-05-29,5853
00706L,期元大S＆P日圓正2,15,0,15,統一-中壢,2023-05-29,5853
3265,台星科,19,4,15,統一-中壢,2023-05-29,5853
2329,華泰,22,7,15,統一-中壢,2023-05-29,5853
2421,建準,46,32,14,統一-中壢,2023-05-29,5853
00713,元大台灣高息低波,27,15,12,統一-中壢,2023-05-29,5853
00772B,中信高評級公司債,14,2,12,統一-中壢,2023-05-29,5853
3037,欣興,23,12,11,統一-中壢,2023-05-29,5853
00893,國泰智能電動車,15,4,11,統一-中壢,2023-05-29,5853
2399,映泰,29,18,11,統一-中壢,2023-05-29,5853
3045,台灣大,11,0,11,統一-中壢,2023-05-29,5853
6118,建達,11,0,11,統一-中壢,2023-05-29,5853
00905,FT臺灣Smart,10,0,10,統一-中壢,2023-05-29,5853
00912,中信臺灣智慧50,10,0,10,統一-中壢,2023-05-29,5853
1584,精剛,10,0,10,統一-中壢,2023-05-29,5853
2597,潤弘,10,0,10,統一-中壢,2023-05-29,5853
6603,富強鑫,11,1,10,統一-中壢,2023-05-29,5853
4536,拓凱,10,0,10,統一-中壢,2023-05-29,5853
1314,中石化,9,0,9,統一-中壢,2023-05-29,5853
3711,日月光投控,13,4,9,統一-中壢,2023-05-29,5853
6218,豪勉,23,14,9,統一-中壢,2023-05-29,5853
1437,勤益控,8,0,8,統一-中壢,2023-05-29,5853
2371,大同,35,27,8,統一-中壢,2023-05-29,5853
2449,京元電子,15,7,8,統一-中壢,2023-05-29,5853
3520,華盈,10,2,8,統一-中壢,2023-05-29,5853
8222,寶一,12,4,8,統一-中壢,2023-05-29,5853
8234,新漢,8,0,8,統一-中壢,2023-05-29,5853
5706,鳳凰,69,62,7,統一-中壢,2023-05-29,5853
006208,富邦台50,7,0,7,統一-中壢,2023-05-29,5853
2314,台揚,7,0,7,統一-中壢,2023-05-29,5853
2353,宏��,7,0,7,統一-中壢,2023-05-29,5853
2453,凌群,7,0,7,統一-中壢,2023-05-29,5853
2611,志信,7,0,7,統一-中壢,2023-05-29,5853
3645,達邁,487,0,487,統一-中壢,2023-05-30,5853
3025,星通,337,15,322,統一-中壢,2023-05-30,5853
00715L,期街口布蘭特正2,196,23,173,統一-中壢,2023-05-30,5853
2371,大同,89,41,48,統一-中壢,2023-05-30,5853
3706,神達,48,3,45,統一-中壢,2023-05-30,5853
5498,凱崴,38,4,34,統一-中壢,2023-05-30,5853
2356,英業達,82,50,32,統一-中壢,2023-05-30,5853
2382,廣達,45,14,31,統一-中壢,2023-05-30,5853
2317,鴻海,70,40,30,統一-中壢,2023-05-30,5853
2431,聯昌,30,0,30,統一-中壢,2023-05-30,5853
4974,亞泰,30,0,30,統一-中壢,2023-05-30,5853
1514,亞力,35,6,29,統一-中壢,2023-05-30,5853
2634,漢翔,29,1,28,統一-中壢,2023-05-30,5853
0056,元大高股息,29,2,27,統一-中壢,2023-05-30,5853
00680L,元大美債20正2,30,5,25,統一-中壢,2023-05-30,5853
3665,貿聯-KY,25,1,24,統一-中壢,2023-05-30,5853
3704,合勤控,36,12,24,統一-中壢,2023-05-30,5853
2834,臺企銀,22,0,22,統一-中壢,2023-05-30,5853
00893,國泰智能電動車,33,12,21,統一-中壢,2023-05-30,5853
3028,增你強,20,0,20,統一-中壢,2023-05-30,5853
5607,遠雄港,24,4,20,統一-中壢,2023-05-30,5853
00665L,富邦�琤肭磪囓�2,46,27,19,統一-中壢,2023-05-30,5853
8033,雷虎,21,3,18,統一-中壢,2023-05-30,5853
2377,微星,17,0,17,統一-中壢,2023-05-30,5853
2610,華航,77,60,17,統一-中壢,2023-05-30,5853
2883,凱基金,18,2,16,統一-中壢,2023-05-30,5853
00713,元大台灣高息低波,15,0,15,統一-中壢,2023-05-30,5853
1810,和成,15,0,15,統一-中壢,2023-05-30,5853
2002,中鋼,17,3,14,統一-中壢,2023-05-30,5853
2353,宏��,19,5,14,統一-中壢,2023-05-30,5853
5864,致和證,15,1,14,統一-中壢,2023-05-30,5853
00878,國泰永續高股息,30,16,14,統一-中壢,2023-05-30,5853
00725B,國泰投資級公司債,13,0,13,統一-中壢,2023-05-30,5853
1909,榮成,12,0,12,統一-中壢,2023-05-30,5853
2331,精英,13,1,12,統一-中壢,2023-05-30,5853
2504,國產,12,0,12,統一-中壢,2023-05-30,5853
00753L,中信中國50正2,11,0,11,統一-中壢,2023-05-30,5853
1605,華新,17,6,11,統一-中壢,2023-05-30,5853
2031,新光鋼,11,0,11,統一-中壢,2023-05-30,5853
2597,潤弘,11,0,11,統一-中壢,2023-05-30,5853
8054,安國,12,1,11,統一-中壢,2023-05-30,5853
6446,藥華藥,11,1,10,統一-中壢,2023-05-30,5853
6146,耕興,10,0,10,統一-中壢,2023-05-30,5853
1215,卜蜂,10,0,10,統一-中壢,2023-05-30,5853
1711,永光,10,0,10,統一-中壢,2023-05-30,5853
2308,台達電,10,0,10,統一-中壢,2023-05-30,5853
2884,玉山金,10,0,10,統一-中壢,2023-05-30,5853
2888,新光金,10,0,10,統一-中壢,2023-05-30,5853
3046,建��,10,0,10,統一-中壢,2023-05-30,5853
3049,精金,10,0,10,統一-中壢,2023-05-30,5853
00715L,期街口布蘭特正2,215,2,213,統一-中壢,2023-05-31,5853
00637L,元大滬深300正2,72,7,65,統一-中壢,2023-05-31,5853
6125,廣運,61,1,60,統一-中壢,2023-05-31,5853
2883,凱基金,39,0,39,統一-中壢,2023-05-31,5853
6164,華興,38,0,38,統一-中壢,2023-05-31,5853
00882,中信中國高股息,31,0,31,統一-中壢,2023-05-31,5853
3231,緯創,45,15,30,統一-中壢,2023-05-31,5853
00642U,期元大S＆P石油,28,0,28,統一-中壢,2023-05-31,5853
2884,玉山金,29,1,28,統一-中壢,2023-05-31,5853
5880,合庫金,28,0,28,統一-中壢,2023-05-31,5853
00895,富邦未來車,25,0,25,統一-中壢,2023-05-31,5853
6188,廣明,34,9,25,統一-中壢,2023-05-31,5853
6547,高端疫苗,23,0,23,統一-中壢,2023-05-31,5853
2356,英業達,23,2,21,統一-中壢,2023-05-31,5853
6829,千附精密,25,4,21,統一-中壢,2023-05-31,5853
2027,大成鋼,21,1,20,統一-中壢,2023-05-31,5853
1432,大魯閣,20,1,19,統一-中壢,2023-05-31,5853
2888,新光金,19,0,19,統一-中壢,2023-05-31,5853
00903,富邦元宇宙,33,15,18,統一-中壢,2023-05-31,5853
1584,精剛,18,1,17,統一-中壢,2023-05-31,5853
5425,台半,27,10,17,統一-中壢,2023-05-31,5853
6235,華孚,48,32,16,統一-中壢,2023-05-31,5853
00635U,期元大S＆P黃金,15,0,15,統一-中壢,2023-05-31,5853
8234,新漢,15,1,14,統一-中壢,2023-05-31,5853
5512,力麒,14,1,13,統一-中壢,2023-05-31,5853
6114,久威,13,0,13,統一-中壢,2023-05-31,5853
6531,愛普*,18,5,13,統一-中壢,2023-05-31,5853
3059,華晶科,12,0,12,統一-中壢,2023-05-31,5853
3025,星通,14,2,12,統一-中壢,2023-05-31,5853
2382,廣達,16,5,11,統一-中壢,2023-05-31,5853
00712,復華富時不動產,11,0,11,統一-中壢,2023-05-31,5853
6146,耕興,10,0,10,統一-中壢,2023-05-31,5853
1434,福懋,10,0,10,統一-中壢,2023-05-31,5853
1904,正隆,10,0,10,統一-中壢,2023-05-31,5853
3188,鑫龍騰,10,0,10,統一-中壢,2023-05-31,5853
3520,華盈,10,0,10,統一-中壢,2023-05-31,5853
6733,博晟生醫,10,0,10,統一-中壢,2023-05-31,5853
8155,博智,11,1,10,統一-中壢,2023-05-31,5853
00878,國泰永續高股息,10,1,9,統一-中壢,2023-05-31,5853
2323,中環,12,3,9,統一-中壢,2023-05-31,5853
2368,金像電,10,1,9,統一-中壢,2023-05-31,5853
2442,新美齊,9,0,9,統一-中壢,2023-05-31,5853
3006,晶豪科,17,8,9,統一-中壢,2023-05-31,5853
6706,惠特,9,0,9,統一-中壢,2023-05-31,5853
2352,佳世達,13,5,8,統一-中壢,2023-05-31,5853
1519,華城,15,7,8,統一-中壢,2023-05-31,5853
3032,偉訓,10,2,8,統一-中壢,2023-05-31,5853
3232,昱捷,8,0,8,統一-中壢,2023-05-31,5853
4114,健喬,8,0,8,統一-中壢,2023-05-31,5853
4958,臻鼎-KY,8,0,8,統一-中壢,2023-05-31,5853
00885,富邦越南,212,0,212,統一-中壢,2023-06-01,5853
00715L,期街口布蘭特正2,160,1,159,統一-中壢,2023-06-01,5853
2515,中工,108,12,96,統一-中壢,2023-06-01,5853
00637L,元大滬深300正2,106,26,80,統一-中壢,2023-06-01,5853
2371,大同,85,6,79,統一-中壢,2023-06-01,5853
00712,復華富時不動產,70,0,70,統一-中壢,2023-06-01,5853
2323,中環,91,24,67,統一-中壢,2023-06-01,5853
00919,群益台灣精選高息,50,0,50,統一-中壢,2023-06-01,5853
2006,東和鋼鐵,50,1,49,統一-中壢,2023-06-01,5853
00632R,元大台灣50反1,52,6,46,統一-中壢,2023-06-01,5853
3706,神達,65,22,43,統一-中壢,2023-06-01,5853
6111,大宇資,39,3,36,統一-中壢,2023-06-01,5853
2442,新美齊,35,1,34,統一-中壢,2023-06-01,5853
00882,中信中國高股息,34,2,32,統一-中壢,2023-06-01,5853
1503,士電,26,1,25,統一-中壢,2023-06-01,5853
2880,華南金,25,1,24,統一-中壢,2023-06-01,5853
6282,康舒,29,6,23,統一-中壢,2023-06-01,5853
4739,康普,23,3,20,統一-中壢,2023-06-01,5853
2882,國泰金,17,0,17,統一-中壢,2023-06-01,5853
8076,伍豐,18,1,17,統一-中壢,2023-06-01,5853
2705,六福,16,0,16,統一-中壢,2023-06-01,5853
2201,裕隆,49,34,15,統一-中壢,2023-06-01,5853
1101,台泥,14,0,14,統一-中壢,2023-06-01,5853
1904,正隆,34,20,14,統一-中壢,2023-06-01,5853
2601,益航,14,0,14,統一-中壢,2023-06-01,5853
00888,永豐台灣ESG,14,1,13,統一-中壢,2023-06-01,5853
2489,瑞軒,30,17,13,統一-中壢,2023-06-01,5853
2630,亞航,19,7,12,統一-中壢,2023-06-01,5853
2702,華園,12,0,12,統一-中壢,2023-06-01,5853
4977,眾達-KY,12,0,12,統一-中壢,2023-06-01,5853
00751B,元大AAA至A公司債,11,0,11,統一-中壢,2023-06-01,5853
3673,TPK-KY,12,1,11,統一-中壢,2023-06-01,5853
6005,群益證,11,0,11,統一-中壢,2023-06-01,5853
2731,雄獅,21,10,11,統一-中壢,2023-06-01,5853
00757,統一FANG+,10,0,10,統一-中壢,2023-06-01,5853
00780B,國泰A級金融債,10,0,10,統一-中壢,2023-06-01,5853
00671R,富邦NASDAQ反1,10,0,10,統一-中壢,2023-06-01,5853
2105,正新,11,1,10,統一-中壢,2023-06-01,5853
2468,華經,10,0,10,統一-中壢,2023-06-01,5853
2611,志信,10,0,10,統一-中壢,2023-06-01,5853
4533,協易機,10,0,10,統一-中壢,2023-06-01,5853
5880,合庫金,12,3,9,統一-中壢,2023-06-01,5853
1513,中興電,15,6,9,統一-中壢,2023-06-01,5853
2492,華新科,9,0,9,統一-中壢,2023-06-01,5853
2545,皇翔,10,1,9,統一-中壢,2023-06-01,5853
2701,萬企,11,2,9,統一-中壢,2023-06-01,5853
3027,盛達,10,1,9,統一-中壢,2023-06-01,5853
2317,鴻海,33,24,9,統一-中壢,2023-06-01,5853
00907,永豐優息存股,8,0,8,統一-中壢,2023-06-01,5853
00902,中信電池及儲能,8,0,8,統一-中壢,2023-06-01,5853
00632R,元大台灣50反1,640,14,626,統一-中壢,2023-06-02,5853
2618,長榮航,247,76,171,統一-中壢,2023-06-02,5853
00882,中信中國高股息,83,5,78,統一-中壢,2023-06-02,5853
3003,健和興,80,2,78,統一-中壢,2023-06-02,5853
00919,群益台灣精選高息,49,1,48,統一-中壢,2023-06-02,5853
1810,和成,45,0,45,統一-中壢,2023-06-02,5853
00712,復華富時不動產,44,1,43,統一-中壢,2023-06-02,5853
2371,大同,71,28,43,統一-中壢,2023-06-02,5853
4974,亞泰,36,0,36,統一-中壢,2023-06-02,5853
2498,宏達電,40,6,34,統一-中壢,2023-06-02,5853
3047,訊舟,37,5,32,統一-中壢,2023-06-02,5853
1802,台玻,30,0,30,統一-中壢,2023-06-02,5853
00885,富邦越南,30,1,29,統一-中壢,2023-06-02,5853
3665,貿聯-KY,30,1,29,統一-中壢,2023-06-02,5853
4543,萬在,75,46,29,統一-中壢,2023-06-02,5853
00679B,元大美債20年,26,0,26,統一-中壢,2023-06-02,5853
00715L,期街口布蘭特正2,52,27,25,統一-中壢,2023-06-02,5853
4916,事欣科,24,4,20,統一-中壢,2023-06-02,5853
00680L,元大美債20正2,60,40,20,統一-中壢,2023-06-02,5853
1609,大亞,52,33,19,統一-中壢,2023-06-02,5853
6167,久正,21,2,19,統一-中壢,2023-06-02,5853
6190,萬泰科,22,3,19,統一-中壢,2023-06-02,5853
2603,長榮,18,1,17,統一-中壢,2023-06-02,5853
4979,華星光,52,35,17,統一-中壢,2023-06-02,5853
2031,新光鋼,16,0,16,統一-中壢,2023-06-02,5853
2328,廣宇,29,13,16,統一-中壢,2023-06-02,5853
4533,協易機,16,0,16,統一-中壢,2023-06-02,5853
2427,三商電,18,3,15,統一-中壢,2023-06-02,5853
2913,農林,14,0,14,統一-中壢,2023-06-02,5853
8271,宇瞻,15,1,14,統一-中壢,2023-06-02,5853
2332,友訊,15,2,13,統一-中壢,2023-06-02,5853
1733,五鼎,12,0,12,統一-中壢,2023-06-02,5853
2349,錸德,12,0,12,統一-中壢,2023-06-02,5853
8059,凱碩,12,0,12,統一-中壢,2023-06-02,5853
4128,中天,18,7,11,統一-中壢,2023-06-02,5853
6271,同欣電,12,1,11,統一-中壢,2023-06-02,5853
6706,惠特,11,0,11,統一-中壢,2023-06-02,5853
5351,鈺創,10,0,10,統一-中壢,2023-06-02,5853
00918,大華優利高填息30,10,0,10,統一-中壢,2023-06-02,5853
2515,中工,15,5,10,統一-中壢,2023-06-02,5853
2538,基泰,10,0,10,統一-中壢,2023-06-02,5853
3624,光頡,20,10,10,統一-中壢,2023-06-02,5853
5425,台半,12,2,10,統一-中壢,2023-06-02,5853
9907,統一實,10,0,10,統一-中壢,2023-06-02,5853
9939,宏全,10,0,10,統一-中壢,2023-06-02,5853
1611,中電,10,1,9,統一-中壢,2023-06-02,5853
2204,中華,13,4,9,統一-中壢,2023-06-02,5853
3163,波若威,10,1,9,統一-中壢,2023-06-02,5853
3673,TPK-KY,10,1,9,統一-中壢,2023-06-02,5853
6168,宏齊,10,1,9,統一-中壢,2023-06-02,5853
2887,台新金,155,12,143,統一-中壢,2023-06-05,5853
00637L,元大滬深300正2,120,10,110,統一-中壢,2023-06-05,5853
4938,和碩,103,1,102,統一-中壢,2023-06-05,5853
00919,群益台灣精選高息,101,0,101,統一-中壢,2023-06-05,5853
2845,遠東銀,100,0,100,統一-中壢,2023-06-05,5853
00888,永豐台灣ESG,57,1,56,統一-中壢,2023-06-05,5853
1513,中興電,63,7,56,統一-中壢,2023-06-05,5853
4906,正文,74,21,53,統一-中壢,2023-06-05,5853
00679B,元大美債20年,49,0,49,統一-中壢,2023-06-05,5853
3443,創意,49,4,45,統一-中壢,2023-06-05,5853
3481,群創,63,23,40,統一-中壢,2023-06-05,5853
2317,鴻海,41,1,40,統一-中壢,2023-06-05,5853
2610,華航,76,37,39,統一-中壢,2023-06-05,5853
1733,五鼎,35,0,35,統一-中壢,2023-06-05,5853
8358,金居,38,3,35,統一-中壢,2023-06-05,5853
2331,精英,33,0,33,統一-中壢,2023-06-05,5853
2353,宏��,42,10,32,統一-中壢,2023-06-05,5853
2913,農林,31,0,31,統一-中壢,2023-06-05,5853
9945,潤泰新,45,17,28,統一-中壢,2023-06-05,5853
1514,亞力,73,45,28,統一-中壢,2023-06-05,5853
00885,富邦越南,30,3,27,統一-中壢,2023-06-05,5853
00882,中信中國高股息,26,0,26,統一-中壢,2023-06-05,5853
5328,華容,26,2,24,統一-中壢,2023-06-05,5853
2356,英業達,29,6,23,統一-中壢,2023-06-05,5853
1711,永光,35,14,21,統一-中壢,2023-06-05,5853
1905,華紙,35,14,21,統一-中壢,2023-06-05,5853
00751B,元大AAA至A公司債,21,2,19,統一-中壢,2023-06-05,5853
00878,國泰永續高股息,90,73,17,統一-中壢,2023-06-05,5853
3003,健和興,17,0,17,統一-中壢,2023-06-05,5853
2344,華邦電,21,6,15,統一-中壢,2023-06-05,5853
6160,欣技,16,1,15,統一-中壢,2023-06-05,5853
00665L,富邦�琤肭磪囓�2,16,2,14,統一-中壢,2023-06-05,5853
2352,佳世達,14,0,14,統一-中壢,2023-06-05,5853
00720B,元大投資級公司債,13,0,13,統一-中壢,2023-06-05,5853
6776,展�眥篕�,13,0,13,統一-中壢,2023-06-05,5853
00680L,元大美債20正2,13,0,13,統一-中壢,2023-06-05,5853
00772B,中信高評級公司債,12,0,12,統一-中壢,2023-06-05,5853
00903,富邦元宇宙,12,0,12,統一-中壢,2023-06-05,5853
2425,承啟,19,7,12,統一-中壢,2023-06-05,5853
00687B,國泰20年美債,12,1,11,統一-中壢,2023-06-05,5853
2303,聯電,15,4,11,統一-中壢,2023-06-05,5853
2059,川湖,11,0,11,統一-中壢,2023-06-05,5853
6274,台燿,14,3,11,統一-中壢,2023-06-05,5853
1503,士電,12,1,11,統一-中壢,2023-06-05,5853
00907,永豐優息存股,11,0,11,統一-中壢,2023-06-05,5853
0051,元大中型100,10,0,10,統一-中壢,2023-06-05,5853
00706L,期元大S＆P日圓正2,10,0,10,統一-中壢,2023-06-05,5853
1714,和桐,10,0,10,統一-中壢,2023-06-05,5853
1806,冠軍,11,1,10,統一-中壢,2023-06-05,5853
2208,台船,10,0,10,統一-中壢,2023-06-05,5853
1815,富喬,221,25,196,統一-中壢,2023-06-06,5853
2845,遠東銀,100,0,100,統一-中壢,2023-06-06,5853
4916,事欣科,95,26,69,統一-中壢,2023-06-06,5853
2809,京城銀,66,0,66,統一-中壢,2023-06-06,5853
00715L,期街口布蘭特正2,66,6,60,統一-中壢,2023-06-06,5853
4543,萬在,60,2,58,統一-中壢,2023-06-06,5853
3265,台星科,51,0,51,統一-中壢,2023-06-06,5853
00679B,元大美債20年,46,0,46,統一-中壢,2023-06-06,5853
2888,新光金,49,4,45,統一-中壢,2023-06-06,5853
6235,華孚,76,33,43,統一-中壢,2023-06-06,5853
8358,金居,45,4,41,統一-中壢,2023-06-06,5853
6790,永豐實,38,0,38,統一-中壢,2023-06-06,5853
4123,晟德,40,2,38,統一-中壢,2023-06-06,5853
00919,群益台灣精選高息,37,3,34,統一-中壢,2023-06-06,5853
1810,和成,30,0,30,統一-中壢,2023-06-06,5853
00751B,元大AAA至A公司債,28,0,28,統一-中壢,2023-06-06,5853
2515,中工,32,6,26,統一-中壢,2023-06-06,5853
911608,明輝-DR,25,0,25,統一-中壢,2023-06-06,5853
2504,國產,30,6,24,統一-中壢,2023-06-06,5853
00712,復華富時不動產,23,0,23,統一-中壢,2023-06-06,5853
6116,彩晶,23,1,22,統一-中壢,2023-06-06,5853
00632R,元大台灣50反1,21,0,21,統一-中壢,2023-06-06,5853
1444,力麗,23,2,21,統一-中壢,2023-06-06,5853
1504,東元,25,5,20,統一-中壢,2023-06-06,5853
2014,中鴻,20,0,20,統一-中壢,2023-06-06,5853
2351,順德,20,0,20,統一-中壢,2023-06-06,5853
2353,宏��,35,16,19,統一-中壢,2023-06-06,5853
3706,神達,18,1,17,統一-中壢,2023-06-06,5853
2609,陽明,26,10,16,統一-中壢,2023-06-06,5853
2492,華新科,17,1,16,統一-中壢,2023-06-06,5853
1528,恩德,28,12,16,統一-中壢,2023-06-06,5853
4906,正文,18,2,16,統一-中壢,2023-06-06,5853
2340,台亞,21,6,15,統一-中壢,2023-06-06,5853
3013,晟銘電,17,2,15,統一-中壢,2023-06-06,5853
1609,大亞,85,70,15,統一-中壢,2023-06-06,5853
1904,正隆,16,2,14,統一-中壢,2023-06-06,5853
2331,精英,20,7,13,統一-中壢,2023-06-06,5853
3058,立德,17,4,13,統一-中壢,2023-06-06,5853
8011,台通,13,1,12,統一-中壢,2023-06-06,5853
8105,凌巨,12,0,12,統一-中壢,2023-06-06,5853
4919,新唐,12,1,11,統一-中壢,2023-06-06,5853
2402,毅嘉,28,17,11,統一-中壢,2023-06-06,5853
2489,瑞軒,54,43,11,統一-中壢,2023-06-06,5853
2610,華航,22,11,11,統一-中壢,2023-06-06,5853
3443,創意,27,16,11,統一-中壢,2023-06-06,5853
2706,第一店,11,0,11,統一-中壢,2023-06-06,5853
1733,五鼎,10,0,10,統一-中壢,2023-06-06,5853
2419,仲琦,10,0,10,統一-中壢,2023-06-06,5853
2433,互盛電,10,0,10,統一-中壢,2023-06-06,5853
2913,農林,10,0,10,統一-中壢,2023-06-06,5853
00637L,元大滬深300正2,220,15,205,統一-中壢,2023-06-07,5853
00715L,期街口布蘭特正2,118,2,116,統一-中壢,2023-06-07,5853
1760,寶齡富錦,87,3,84,統一-中壢,2023-06-07,5853
1605,華新,96,48,48,統一-中壢,2023-06-07,5853
3481,群創,47,1,46,統一-中壢,2023-06-07,5853
9105,泰金寶-DR,43,0,43,統一-中壢,2023-06-07,5853
1319,東陽,40,0,40,統一-中壢,2023-06-07,5853
3305,昇貿,41,1,40,統一-中壢,2023-06-07,5853
2427,三商電,39,0,39,統一-中壢,2023-06-07,5853
00680L,元大美債20正2,53,17,36,統一-中壢,2023-06-07,5853
00919,群益台灣精選高息,35,1,34,統一-中壢,2023-06-07,5853
2610,華航,47,13,34,統一-中壢,2023-06-07,5853
3711,日月光投控,45,15,30,統一-中壢,2023-06-07,5853
00902,中信電池及儲能,30,1,29,統一-中壢,2023-06-07,5853
2883B,凱基金乙特,28,0,28,統一-中壢,2023-06-07,5853
2347,聯強,26,0,26,統一-中壢,2023-06-07,5853
6188,廣明,23,1,22,統一-中壢,2023-06-07,5853
2542,興富發,30,9,21,統一-中壢,2023-06-07,5853
3665,貿聯-KY,21,0,21,統一-中壢,2023-06-07,5853
2204,中華,20,0,20,統一-中壢,2023-06-07,5853
6143,振曜,19,0,19,統一-中壢,2023-06-07,5853
1503,士電,27,9,18,統一-中壢,2023-06-07,5853
00927,群益半導體收益,18,1,17,統一-中壢,2023-06-07,5853
4916,事欣科,23,6,17,統一-中壢,2023-06-07,5853
6270,倍微,20,4,16,統一-中壢,2023-06-07,5853
8033,雷虎,16,0,16,統一-中壢,2023-06-07,5853
00885,富邦越南,16,1,15,統一-中壢,2023-06-07,5853
5302,太欣,15,0,15,統一-中壢,2023-06-07,5853
1529,樂事綠能,23,9,14,統一-中壢,2023-06-07,5853
2353,宏��,15,1,14,統一-中壢,2023-06-07,5853
8234,新漢,14,0,14,統一-中壢,2023-06-07,5853
4961,天鈺,14,0,14,統一-中壢,2023-06-07,5853
00642U,期元大S＆P石油,13,0,13,統一-中壢,2023-06-07,5853
2331,精英,12,0,12,統一-中壢,2023-06-07,5853
2442,新美齊,12,0,12,統一-中壢,2023-06-07,5853
5706,鳳凰,92,80,12,統一-中壢,2023-06-07,5853
2337,旺宏,14,2,12,統一-中壢,2023-06-07,5853
00720B,元大投資級公司債,11,0,11,統一-中壢,2023-06-07,5853
3033,威健,13,2,11,統一-中壢,2023-06-07,5853
4123,晟德,25,14,11,統一-中壢,2023-06-07,5853
00862B,中信投資級公司債,10,0,10,統一-中壢,2023-06-07,5853
1514,亞力,14,4,10,統一-中壢,2023-06-07,5853
2349,錸德,10,0,10,統一-中壢,2023-06-07,5853
2382,廣達,21,11,10,統一-中壢,2023-06-07,5853
2504,國產,20,10,10,統一-中壢,2023-06-07,5853
2887,台新金,30,20,10,統一-中壢,2023-06-07,5853
3264,欣銓,10,0,10,統一-中壢,2023-06-07,5853
3520,華盈,10,0,10,統一-中壢,2023-06-07,5853
3576,聯合再生,10,0,10,統一-中壢,2023-06-07,5853
4939,亞電,10,0,10,統一-中壢,2023-06-07,5853
2888,新光金,175,1,174,統一-中壢,2023-06-08,5853
3624,光頡,115,4,111,統一-中壢,2023-06-08,5853
00751B,元大AAA至A公司債,73,0,73,統一-中壢,2023-06-08,5853
1605,華新,79,10,69,統一-中壢,2023-06-08,5853
3481,群創,56,0,56,統一-中壢,2023-06-08,5853
00679B,元大美債20年,55,2,53,統一-中壢,2023-06-08,5853
00720B,元大投資級公司債,52,0,52,統一-中壢,2023-06-08,5853
5905,南仁湖,55,6,49,統一-中壢,2023-06-08,5853
00665L,富邦�琤肭磪囓�2,57,14,43,統一-中壢,2023-06-08,5853
2609,陽明,74,34,40,統一-中壢,2023-06-08,5853
2534,宏盛,39,0,39,統一-中壢,2023-06-08,5853
2489,瑞軒,38,0,38,統一-中壢,2023-06-08,5853
3443,創意,38,1,37,統一-中壢,2023-06-08,5853
4123,晟德,39,2,37,統一-中壢,2023-06-08,5853
2882,國泰金,36,0,36,統一-中壢,2023-06-08,5853
00923,群益台ESG低碳50,34,3,31,統一-中壢,2023-06-08,5853
6167,久正,32,1,31,統一-中壢,2023-06-08,5853
2601,益航,54,24,30,統一-中壢,2023-06-08,5853
3682,亞太電,30,0,30,統一-中壢,2023-06-08,5853
2344,華邦電,35,6,29,統一-中壢,2023-06-08,5853
2880,華南金,26,0,26,統一-中壢,2023-06-08,5853
00919,群益台灣精選高息,26,0,26,統一-中壢,2023-06-08,5853
0056,元大高股息,27,2,25,統一-中壢,2023-06-08,5853
2367,燿華,25,0,25,統一-中壢,2023-06-08,5853
3037,欣興,38,13,25,統一-中壢,2023-06-08,5853
1522,堤維西,24,0,24,統一-中壢,2023-06-08,5853
1609,大亞,152,129,23,統一-中壢,2023-06-08,5853
6104,創惟,23,1,22,統一-中壢,2023-06-08,5853
1444,力麗,21,0,21,統一-中壢,2023-06-08,5853
2104,國際中橡,20,0,20,統一-中壢,2023-06-08,5853
4960,誠美材,20,0,20,統一-中壢,2023-06-08,5853
5324,士開,20,0,20,統一-中壢,2023-06-08,5853
6706,惠特,20,0,20,統一-中壢,2023-06-08,5853
00878,國泰永續高股息,26,7,19,統一-中壢,2023-06-08,5853
2027,大成鋼,27,9,18,統一-中壢,2023-06-08,5853
2383,台光電,21,4,17,統一-中壢,2023-06-08,5853
2347,聯強,17,0,17,統一-中壢,2023-06-08,5853
2323,中環,39,23,16,統一-中壢,2023-06-08,5853
1560,中砂,18,2,16,統一-中壢,2023-06-08,5853
6733,博晟生醫,20,4,16,統一-中壢,2023-06-08,5853
3058,立德,15,0,15,統一-中壢,2023-06-08,5853
00687B,國泰20年美債,14,0,14,統一-中壢,2023-06-08,5853
6233,旺玖,14,0,14,統一-中壢,2023-06-08,5853
1319,東陽,13,0,13,統一-中壢,2023-06-08,5853
2881,富邦金,12,0,12,統一-中壢,2023-06-08,5853
2337,旺宏,11,0,11,統一-中壢,2023-06-08,5853
3362,先進光,18,7,11,統一-中壢,2023-06-08,5853
8924,大田,11,0,11,統一-中壢,2023-06-08,5853
2317,鴻海,13,2,11,統一-中壢,2023-06-08,5853
5425,台半,17,7,10,統一-中壢,2023-06-08,5853
2888,新光金,166,0,166,統一-中壢,2023-06-09,5853
2881,富邦金,134,4,130,統一-中壢,2023-06-09,5853
3025,星通,105,3,102,統一-中壢,2023-06-09,5853
00665L,富邦�琤肭磪囓�2,125,24,101,統一-中壢,2023-06-09,5853
00637L,元大滬深300正2,90,5,85,統一-中壢,2023-06-09,5853
2323,中環,68,2,66,統一-中壢,2023-06-09,5853
00919,群益台灣精選高息,61,0,61,統一-中壢,2023-06-09,5853
00715L,期街口布蘭特正2,56,1,55,統一-中壢,2023-06-09,5853
1752,南光,32,2,30,統一-中壢,2023-06-09,5853
6026,福邦證,30,0,30,統一-中壢,2023-06-09,5853
6152,百一,30,0,30,統一-中壢,2023-06-09,5853
2356,英業達,68,39,29,統一-中壢,2023-06-09,5853
2344,華邦電,34,6,28,統一-中壢,2023-06-09,5853
00712,復華富時不動產,28,2,26,統一-中壢,2023-06-09,5853
3665,貿聯-KY,32,8,24,統一-中壢,2023-06-09,5853
2337,旺宏,22,0,22,統一-中壢,2023-06-09,5853
2353,宏��,58,36,22,統一-中壢,2023-06-09,5853
00927,群益半導體收益,23,2,21,統一-中壢,2023-06-09,5853
1432,大魯閣,21,0,21,統一-中壢,2023-06-09,5853
8011,台通,22,1,21,統一-中壢,2023-06-09,5853
2371,大同,25,5,20,統一-中壢,2023-06-09,5853
5426,振發,20,0,20,統一-中壢,2023-06-09,5853
5469,瀚宇博,22,2,20,統一-中壢,2023-06-09,5853
5701,劍湖山,20,0,20,統一-中壢,2023-06-09,5853
5706,鳳凰,73,53,20,統一-中壢,2023-06-09,5853
6005,群益證,20,0,20,統一-中壢,2023-06-09,5853
6235,華孚,65,45,20,統一-中壢,2023-06-09,5853
2328,廣宇,20,1,19,統一-中壢,2023-06-09,5853
6188,廣明,19,2,17,統一-中壢,2023-06-09,5853
3047,訊舟,20,4,16,統一-中壢,2023-06-09,5853
2482,連宇,19,4,15,統一-中壢,2023-06-09,5853
00642U,期元大S＆P石油,15,0,15,統一-中壢,2023-06-09,5853
00751B,元大AAA至A公司債,15,0,15,統一-中壢,2023-06-09,5853
2331,精英,18,3,15,統一-中壢,2023-06-09,5853
2329,華泰,16,2,14,統一-中壢,2023-06-09,5853
6185,幃翔,14,0,14,統一-中壢,2023-06-09,5853
1504,東元,22,9,13,統一-中壢,2023-06-09,5853
2442,新美齊,14,1,13,統一-中壢,2023-06-09,5853
1218,泰山,13,1,12,統一-中壢,2023-06-09,5853
8277,商丞,11,0,11,統一-中壢,2023-06-09,5853
6126,信音,11,0,11,統一-中壢,2023-06-09,5853
00891,中信關鍵半導體,10,0,10,統一-中壢,2023-06-09,5853
8924,大田,10,0,10,統一-中壢,2023-06-09,5853
2387,精元,10,0,10,統一-中壢,2023-06-09,5853
4533,協易機,17,7,10,統一-中壢,2023-06-09,5853
6282,康舒,17,7,10,統一-中壢,2023-06-09,5853
4137,麗豐-KY,10,0,10,統一-中壢,2023-06-09,5853
00679B,元大美債20年,9,0,9,統一-中壢,2023-06-09,5853
2425,承啟,24,15,9,統一-中壢,2023-06-09,5853
6613,朋億*,10,1,9,統一-中壢,2023-06-09,5853
2888,新光金,793,324,469,統一-中壢,2023-06-12,5853
00632R,元大台灣50反1,206,4,202,統一-中壢,2023-06-12,5853
3025,星通,150,0,150,統一-中壢,2023-06-12,5853
00929,復華台灣科技優息,162,19,143,統一-中壢,2023-06-12,5853
1815,富喬,135,0,135,統一-中壢,2023-06-12,5853
2882,國泰金,133,2,131,統一-中壢,2023-06-12,5853
6244,茂迪,122,0,122,統一-中壢,2023-06-12,5853
2610,華航,102,5,97,統一-中壢,2023-06-12,5853
00919,群益台灣精選高息,86,0,86,統一-中壢,2023-06-12,5853
00715L,期街口布蘭特正2,60,1,59,統一-中壢,2023-06-12,5853
6152,百一,70,20,50,統一-中壢,2023-06-12,5853
2312,金寶,69,20,49,統一-中壢,2023-06-12,5853
2002,中鋼,55,20,35,統一-中壢,2023-06-12,5853
5706,鳳凰,91,57,34,統一-中壢,2023-06-12,5853
3265,台星科,30,0,30,統一-中壢,2023-06-12,5853
4123,晟德,31,1,30,統一-中壢,2023-06-12,5853
2634,漢翔,29,1,28,統一-中壢,2023-06-12,5853
3624,光頡,25,1,24,統一-中壢,2023-06-12,5853
2498,宏達電,24,2,22,統一-中壢,2023-06-12,5853
6234,高僑,22,2,20,統一-中壢,2023-06-12,5853
4545,銘鈺,20,0,20,統一-中壢,2023-06-12,5853
8926,台汽電,22,2,20,統一-中壢,2023-06-12,5853
2352,佳世達,22,2,20,統一-中壢,2023-06-12,5853
3035,智原,21,3,18,統一-中壢,2023-06-12,5853
00712,復華富時不動產,20,2,18,統一-中壢,2023-06-12,5853
1584,精剛,17,0,17,統一-中壢,2023-06-12,5853
1810,和成,17,0,17,統一-中壢,2023-06-12,5853
00679B,元大美債20年,16,0,16,統一-中壢,2023-06-12,5853
00878,國泰永續高股息,34,18,16,統一-中壢,2023-06-12,5853
2014,中鴻,16,0,16,統一-中壢,2023-06-12,5853
2349,錸德,21,5,16,統一-中壢,2023-06-12,5853
6218,豪勉,16,0,16,統一-中壢,2023-06-12,5853
0056,元大高股息,23,8,15,統一-中壢,2023-06-12,5853
2442,新美齊,15,0,15,統一-中壢,2023-06-12,5853
3419,譁裕,15,0,15,統一-中壢,2023-06-12,5853
00713,元大台灣高息低波,15,1,14,統一-中壢,2023-06-12,5853
00885,富邦越南,15,1,14,統一-中壢,2023-06-12,5853
1727,中華化,14,0,14,統一-中壢,2023-06-12,5853
3576,聯合再生,37,23,14,統一-中壢,2023-06-12,5853
00642U,期元大S＆P石油,13,0,13,統一-中壢,2023-06-12,5853
5425,台半,33,20,13,統一-中壢,2023-06-12,5853
5608,四維航,13,0,13,統一-中壢,2023-06-12,5853
6167,久正,27,14,13,統一-中壢,2023-06-12,5853
6282,康舒,15,3,12,統一-中壢,2023-06-12,5853
5871,中租-KY,12,0,12,統一-中壢,2023-06-12,5853
4564,元翎,12,0,12,統一-中壢,2023-06-12,5853
1513,中興電,18,7,11,統一-中壢,2023-06-12,5853
1522,堤維西,14,3,11,統一-中壢,2023-06-12,5853
1802,台玻,11,0,11,統一-中壢,2023-06-12,5853
2611,志信,11,0,11,統一-中壢,2023-06-12,5853
3025,星通,301,0,301,統一-中壢,2023-06-13,5853
00715L,期街口布蘭特正2,198,0,198,統一-中壢,2023-06-13,5853
6288,聯嘉,148,10,138,統一-中壢,2023-06-13,5853
6167,久正,77,0,77,統一-中壢,2023-06-13,5853
2349,錸德,50,0,50,統一-中壢,2023-06-13,5853
00919,群益台灣精選高息,48,0,48,統一-中壢,2023-06-13,5853
2883,凱基金,42,1,41,統一-中壢,2023-06-13,5853
5706,鳳凰,61,23,38,統一-中壢,2023-06-13,5853
00642U,期元大S＆P石油,35,0,35,統一-中壢,2023-06-13,5853
3665,貿聯-KY,33,0,33,統一-中壢,2023-06-13,5853
8926,台汽電,37,4,33,統一-中壢,2023-06-13,5853
2323,中環,53,27,26,統一-中壢,2023-06-13,5853
2312,金寶,25,1,24,統一-中壢,2023-06-13,5853
2882,國泰金,23,0,23,統一-中壢,2023-06-13,5853
2356,英業達,72,50,22,統一-中壢,2023-06-13,5853
2610,華航,48,27,21,統一-中壢,2023-06-13,5853
2031,新光鋼,25,4,21,統一-中壢,2023-06-13,5853
1314,中石化,21,0,21,統一-中壢,2023-06-13,5853
2374,佳能,20,0,20,統一-中壢,2023-06-13,5853
2641,正德,20,0,20,統一-中壢,2023-06-13,5853
3607,谷崧,20,0,20,統一-中壢,2023-06-13,5853
5222,全訊,20,0,20,統一-中壢,2023-06-13,5853
3615,安可,20,1,19,統一-中壢,2023-06-13,5853
3707,漢磊,26,7,19,統一-中壢,2023-06-13,5853
6016,康和證,25,7,18,統一-中壢,2023-06-13,5853
2376,技嘉,46,29,17,統一-中壢,2023-06-13,5853
8050,廣積,19,3,16,統一-中壢,2023-06-13,5853
2457,飛宏,33,18,15,統一-中壢,2023-06-13,5853
2705,六福,16,2,14,統一-中壢,2023-06-13,5853
2891,中信金,14,1,13,統一-中壢,2023-06-13,5853
2353,宏��,16,3,13,統一-中壢,2023-06-13,5853
3434,哲固,12,0,12,統一-中壢,2023-06-13,5853
2105,正新,11,0,11,統一-中壢,2023-06-13,5853
2354,鴻準,11,0,11,統一-中壢,2023-06-13,5853
2887,台新金,13,2,11,統一-中壢,2023-06-13,5853
3265,台星科,12,1,11,統一-中壢,2023-06-13,5853
4961,天鈺,12,1,11,統一-中壢,2023-06-13,5853
6443,元晶,11,0,11,統一-中壢,2023-06-13,5853
4564,元翎,10,0,10,統一-中壢,2023-06-13,5853
3163,波若威,11,1,10,統一-中壢,2023-06-13,5853
1201,味全,10,0,10,統一-中壢,2023-06-13,5853
2367,燿華,10,0,10,統一-中壢,2023-06-13,5853
2601,益航,15,5,10,統一-中壢,2023-06-13,5853
5701,劍湖山,10,0,10,統一-中壢,2023-06-13,5853
00882,中信中國高股息,9,0,9,統一-中壢,2023-06-13,5853
2465,麗臺,9,0,9,統一-中壢,2023-06-13,5853
3033,威健,9,0,9,統一-中壢,2023-06-13,5853
4102,永日,19,10,9,統一-中壢,2023-06-13,5853
8271,宇瞻,9,0,9,統一-中壢,2023-06-13,5853
5871,中租-KY,8,0,8,統一-中壢,2023-06-13,5853
3025,星通,562,12,550,統一-中壢,2023-06-14,5853
2356,英業達,252,91,161,統一-中壢,2023-06-14,5853
00715L,期街口布蘭特正2,98,33,65,統一-中壢,2023-06-14,5853
5324,士開,56,0,56,統一-中壢,2023-06-14,5853
1471,首利,40,4,36,統一-中壢,2023-06-14,5853
1409,新纖,33,0,33,統一-中壢,2023-06-14,5853
00919,群益台灣精選高息,37,6,31,統一-中壢,2023-06-14,5853
00679B,元大美債20年,30,0,30,統一-中壢,2023-06-14,5853
6288,聯嘉,38,11,27,統一-中壢,2023-06-14,5853
2468,華經,52,27,25,統一-中壢,2023-06-14,5853
2888,新光金,23,0,23,統一-中壢,2023-06-14,5853
3003,健和興,23,2,21,統一-中壢,2023-06-14,5853
4102,永日,21,0,21,統一-中壢,2023-06-14,5853
8033,雷虎,21,0,21,統一-中壢,2023-06-14,5853
00720B,元大投資級公司債,19,0,19,統一-中壢,2023-06-14,5853
1810,和成,19,0,19,統一-中壢,2023-06-14,5853
00687B,國泰20年美債,19,1,18,統一-中壢,2023-06-14,5853
2890,永豐金,18,0,18,統一-中壢,2023-06-14,5853
3128,昇銳,18,0,18,統一-中壢,2023-06-14,5853
3308,聯德,18,0,18,統一-中壢,2023-06-14,5853
8072,陞泰,18,0,18,統一-中壢,2023-06-14,5853
1524,耿鼎,20,4,16,統一-中壢,2023-06-14,5853
2352,佳世達,20,4,16,統一-中壢,2023-06-14,5853
1314,中石化,16,0,16,統一-中壢,2023-06-14,5853
2382,廣達,29,14,15,統一-中壢,2023-06-14,5853
6235,華孚,85,70,15,統一-中壢,2023-06-14,5853
00885,富邦越南,28,14,14,統一-中壢,2023-06-14,5853
4533,協易機,31,17,14,統一-中壢,2023-06-14,5853
5871,中租-KY,20,6,14,統一-中壢,2023-06-14,5853
00927,群益半導體收益,14,0,14,統一-中壢,2023-06-14,5853
1609,大亞,16,3,13,統一-中壢,2023-06-14,5853
5531,鄉林,13,0,13,統一-中壢,2023-06-14,5853
2705,六福,12,1,11,統一-中壢,2023-06-14,5853
1513,中興電,21,10,11,統一-中壢,2023-06-14,5853
1611,中電,12,1,11,統一-中壢,2023-06-14,5853
3501,維熹,11,0,11,統一-中壢,2023-06-14,5853
4960,誠美材,11,0,11,統一-中壢,2023-06-14,5853
3047,訊舟,11,0,11,統一-中壢,2023-06-14,5853
00680L,元大美債20正2,11,0,11,統一-中壢,2023-06-14,5853
1904,正隆,15,5,10,統一-中壢,2023-06-14,5853
2399,映泰,15,5,10,統一-中壢,2023-06-14,5853
3260,威剛,13,3,10,統一-中壢,2023-06-14,5853
4935,茂林-KY,10,0,10,統一-中壢,2023-06-14,5853
6269,台郡,10,0,10,統一-中壢,2023-06-14,5853
2105,正新,10,0,10,統一-中壢,2023-06-14,5853
2331,精英,9,0,9,統一-中壢,2023-06-14,5853
2442,新美齊,9,0,9,統一-中壢,2023-06-14,5853
2498,宏達電,24,15,9,統一-中壢,2023-06-14,5853
3665,貿聯-KY,10,1,9,統一-中壢,2023-06-14,5853
5276,達輝-KY,10,1,9,統一-中壢,2023-06-14,5853
2618,長榮航,313,143,170,統一-中壢,2023-06-15,5853
00919,群益台灣精選高息,147,3,144,統一-中壢,2023-06-15,5853
6443,元晶,100,6,94,統一-中壢,2023-06-15,5853
2610,華航,327,249,78,統一-中壢,2023-06-15,5853
00929,復華台灣科技優息,56,2,54,統一-中壢,2023-06-15,5853
2534,宏盛,51,0,51,統一-中壢,2023-06-15,5853
1504,東元,55,4,51,統一-中壢,2023-06-15,5853
00715L,期街口布蘭特正2,58,13,45,統一-中壢,2023-06-15,5853
3265,台星科,45,11,34,統一-中壢,2023-06-15,5853
00882,中信中國高股息,32,0,32,統一-中壢,2023-06-15,5853
6166,凌華,27,0,27,統一-中壢,2023-06-15,5853
00751B,元大AAA至A公司債,32,5,27,統一-中壢,2023-06-15,5853
3022,威強電,28,2,26,統一-中壢,2023-06-15,5853
1519,華城,36,10,26,統一-中壢,2023-06-15,5853
3515,華擎,24,1,23,統一-中壢,2023-06-15,5853
2353,宏��,41,19,22,統一-中壢,2023-06-15,5853
2491,吉祥全,22,0,22,統一-中壢,2023-06-15,5853
00720B,元大投資級公司債,20,0,20,統一-中壢,2023-06-15,5853
00722B,群益投資級電信債,20,0,20,統一-中壢,2023-06-15,5853
4746,台耀,21,1,20,統一-中壢,2023-06-15,5853
6016,康和證,20,0,20,統一-中壢,2023-06-15,5853
2382,廣達,50,30,20,統一-中壢,2023-06-15,5853
1319,東陽,20,1,19,統一-中壢,2023-06-15,5853
6005,群益證,121,102,19,統一-中壢,2023-06-15,5853
6282,康舒,48,29,19,統一-中壢,2023-06-15,5853
2855,統一證,18,0,18,統一-中壢,2023-06-15,5853
1785,光洋科,19,2,17,統一-中壢,2023-06-15,5853
2401,凌陽,24,8,16,統一-中壢,2023-06-15,5853
3231,緯創,50,34,16,統一-中壢,2023-06-15,5853
2601,益航,15,0,15,統一-中壢,2023-06-15,5853
3013,晟銘電,38,23,15,統一-中壢,2023-06-15,5853
00712,復華富時不動產,17,2,15,統一-中壢,2023-06-15,5853
00632R,元大台灣50反1,19,5,14,統一-中壢,2023-06-15,5853
2801,彰銀,15,1,14,統一-中壢,2023-06-15,5853
5425,台半,17,3,14,統一-中壢,2023-06-15,5853
6770,力積電,18,4,14,統一-中壢,2023-06-15,5853
3576,聯合再生,12,0,12,統一-中壢,2023-06-15,5853
2317,鴻海,25,13,12,統一-中壢,2023-06-15,5853
2405,輔信,11,0,11,統一-中壢,2023-06-15,5853
3443,創意,54,43,11,統一-中壢,2023-06-15,5853
2027,大成鋼,14,3,11,統一-中壢,2023-06-15,5853
2442,新美齊,11,0,11,統一-中壢,2023-06-15,5853
00636,國泰中國A50,10,0,10,統一-中壢,2023-06-15,5853
2705,六福,21,11,10,統一-中壢,2023-06-15,5853
2885,元大金,10,0,10,統一-中壢,2023-06-15,5853
3092,鴻碩,10,0,10,統一-中壢,2023-06-15,5853
4973,廣穎,11,1,10,統一-中壢,2023-06-15,5853
5701,劍湖山,10,0,10,統一-中壢,2023-06-15,5853
6441,廣錠,10,0,10,統一-中壢,2023-06-15,5853
6625,必應,10,0,10,統一-中壢,2023-06-15,5853
2610,華航,481,193,288,統一-中壢,2023-06-16,5853
6443,元晶,105,3,102,統一-中壢,2023-06-16,5853
2618,長榮航,319,233,86,統一-中壢,2023-06-16,5853
3706,神達,90,16,74,統一-中壢,2023-06-16,5853
00919,群益台灣精選高息,73,6,67,統一-中壢,2023-06-16,5853
2888,新光金,59,7,52,統一-中壢,2023-06-16,5853
2405,輔信,62,14,48,統一-中壢,2023-06-16,5853
2409,友達,79,34,45,統一-中壢,2023-06-16,5853
3265,台星科,42,3,39,統一-中壢,2023-06-16,5853
2317,鴻海,44,9,35,統一-中壢,2023-06-16,5853
2323,中環,58,27,31,統一-中壢,2023-06-16,5853
3576,聯合再生,43,13,30,統一-中壢,2023-06-16,5853
1810,和成,29,2,27,統一-中壢,2023-06-16,5853
4543,萬在,26,0,26,統一-中壢,2023-06-16,5853
3231,緯創,72,46,26,統一-中壢,2023-06-16,5853
2382,廣達,32,9,23,統一-中壢,2023-06-16,5853
4746,台耀,24,2,22,統一-中壢,2023-06-16,5853
2404,漢唐,22,0,22,統一-中壢,2023-06-16,5853
3013,晟銘電,46,25,21,統一-中壢,2023-06-16,5853
1733,五鼎,20,0,20,統一-中壢,2023-06-16,5853
2374,佳能,20,0,20,統一-中壢,2023-06-16,5853
2442,新美齊,20,0,20,統一-中壢,2023-06-16,5853
3264,欣銓,22,2,20,統一-中壢,2023-06-16,5853
2303,聯電,25,7,18,統一-中壢,2023-06-16,5853
1529,樂事綠能,21,4,17,統一-中壢,2023-06-16,5853
5009,榮剛,36,20,16,統一-中壢,2023-06-16,5853
6770,力積電,17,1,16,統一-中壢,2023-06-16,5853
2313,華通,22,7,15,統一-中壢,2023-06-16,5853
2881,富邦金,15,0,15,統一-中壢,2023-06-16,5853
6120,達運,20,5,15,統一-中壢,2023-06-16,5853
00929,復華台灣科技優息,20,6,14,統一-中壢,2023-06-16,5853
2324,仁寶,80,66,14,統一-中壢,2023-06-16,5853
2344,華邦電,28,14,14,統一-中壢,2023-06-16,5853
00757,統一FANG+,13,0,13,統一-中壢,2023-06-16,5853
1301,台塑,12,0,12,統一-中壢,2023-06-16,5853
00893,國泰智能電動車,20,8,12,統一-中壢,2023-06-16,5853
2611,志信,12,0,12,統一-中壢,2023-06-16,5853
3024,憶聲,13,1,12,統一-中壢,2023-06-16,5853
2201,裕隆,22,10,12,統一-中壢,2023-06-16,5853
1734,杏輝,11,0,11,統一-中壢,2023-06-16,5853
5258,虹堡,52,41,11,統一-中壢,2023-06-16,5853
6220,岳豐,11,0,11,統一-中壢,2023-06-16,5853
8049,晶采,11,0,11,統一-中壢,2023-06-16,5853
1504,東元,56,46,10,統一-中壢,2023-06-16,5853
2301,光寶科,15,5,10,統一-中壢,2023-06-16,5853
2351,順德,10,0,10,統一-中壢,2023-06-16,5853
3062,建漢,10,0,10,統一-中壢,2023-06-16,5853
3252,海灣,10,0,10,統一-中壢,2023-06-16,5853
6509,聚和,10,0,10,統一-中壢,2023-06-16,5853
1609,大亞,76,66,10,統一-中壢,2023-06-16,5853
1101,台泥,897,0,897,統一-中壢,2023-06-19,5853
3025,星通,200,1,199,統一-中壢,2023-06-19,5853
3481,群創,229,106,123,統一-中壢,2023-06-19,5853
00637L,元大滬深300正2,126,5,121,統一-中壢,2023-06-19,5853
2104,國際中橡,105,26,79,統一-中壢,2023-06-19,5853
2834,臺企銀,72,1,71,統一-中壢,2023-06-19,5853
00929,復華台灣科技優息,61,2,59,統一-中壢,2023-06-19,5853
6265,方土昶,57,0,57,統一-中壢,2023-06-19,5853
2409,友達,114,58,56,統一-中壢,2023-06-19,5853
2883,凱基金,54,0,54,統一-中壢,2023-06-19,5853
00665L,富邦�琤肭磪囓�2,56,3,53,統一-中壢,2023-06-19,5853
3046,建��,57,6,51,統一-中壢,2023-06-19,5853
2353,宏��,138,92,46,統一-中壢,2023-06-19,5853
00712,復華富時不動產,55,10,45,統一-中壢,2023-06-19,5853
9919,康那香,41,0,41,統一-中壢,2023-06-19,5853
2888,新光金,38,0,38,統一-中壢,2023-06-19,5853
2882,國泰金,40,3,37,統一-中壢,2023-06-19,5853
4533,協易機,34,0,34,統一-中壢,2023-06-19,5853
3374,精材,32,0,32,統一-中壢,2023-06-19,5853
2344,華邦電,35,5,30,統一-中壢,2023-06-19,5853
2330,台積電,29,1,28,統一-中壢,2023-06-19,5853
9907,統一實,25,0,25,統一-中壢,2023-06-19,5853
0056,元大高股息,35,11,24,統一-中壢,2023-06-19,5853
3011,今皓,30,7,23,統一-中壢,2023-06-19,5853
00753L,中信中國50正2,32,11,21,統一-中壢,2023-06-19,5853
6127,九豪,22,1,21,統一-中壢,2023-06-19,5853
2027,大成鋼,22,2,20,統一-中壢,2023-06-19,5853
2610,華航,79,60,19,統一-中壢,2023-06-19,5853
00893,國泰智能電動車,28,9,19,統一-中壢,2023-06-19,5853
2324,仁寶,30,11,19,統一-中壢,2023-06-19,5853
4549,桓達,23,5,18,統一-中壢,2023-06-19,5853
5457,宣德,18,0,18,統一-中壢,2023-06-19,5853
2450,神腦,21,4,17,統一-中壢,2023-06-19,5853
2382,廣達,38,22,16,統一-中壢,2023-06-19,5853
2388,威盛,17,1,16,統一-中壢,2023-06-19,5853
6152,百一,16,0,16,統一-中壢,2023-06-19,5853
00720B,元大投資級公司債,24,10,14,統一-中壢,2023-06-19,5853
00895,富邦未來車,26,13,13,統一-中壢,2023-06-19,5853
2630,亞航,14,1,13,統一-中壢,2023-06-19,5853
1529,樂事綠能,14,2,12,統一-中壢,2023-06-19,5853
6207,雷科,12,0,12,統一-中壢,2023-06-19,5853
2881,富邦金,11,0,11,統一-中壢,2023-06-19,5853
00928,中信上櫃ESG30,11,0,11,統一-中壢,2023-06-19,5853
2402,毅嘉,13,2,11,統一-中壢,2023-06-19,5853
1783,和康生,12,2,10,統一-中壢,2023-06-19,5853
2484,希華,10,0,10,統一-中壢,2023-06-19,5853
2889,國票金,10,0,10,統一-中壢,2023-06-19,5853
3024,憶聲,10,0,10,統一-中壢,2023-06-19,5853
3325,旭品,16,6,10,統一-中壢,2023-06-19,5853
3518,柏騰,10,0,10,統一-中壢,2023-06-19,5853
2618,長榮航,237,32,205,統一-中壢,2023-06-20,5853
6223,旺矽,72,2,70,統一-中壢,2023-06-20,5853
1471,首利,62,7,55,統一-中壢,2023-06-20,5853
00665L,富邦�琤肭磪囓�2,79,28,51,統一-中壢,2023-06-20,5853
1810,和成,52,3,49,統一-中壢,2023-06-20,5853
3357,臺慶科,48,0,48,統一-中壢,2023-06-20,5853
2399,映泰,57,11,46,統一-中壢,2023-06-20,5853
3624,光頡,36,0,36,統一-中壢,2023-06-20,5853
2356,英業達,68,32,36,統一-中壢,2023-06-20,5853
6235,華孚,35,4,31,統一-中壢,2023-06-20,5853
2104,國際中橡,39,11,28,統一-中壢,2023-06-20,5853
2324,仁寶,31,4,27,統一-中壢,2023-06-20,5853
00929,復華台灣科技優息,24,0,24,統一-中壢,2023-06-20,5853
00919,群益台灣精選高息,32,10,22,統一-中壢,2023-06-20,5853
2330,台積電,23,2,21,統一-中壢,2023-06-20,5853
6112,邁達特,21,0,21,統一-中壢,2023-06-20,5853
1609,大亞,21,1,20,統一-中壢,2023-06-20,5853
2641,正德,20,0,20,統一-中壢,2023-06-20,5853
2880,華南金,20,1,19,統一-中壢,2023-06-20,5853
2323,中環,112,94,18,統一-中壢,2023-06-20,5853
2409,友達,20,2,18,統一-中壢,2023-06-20,5853
6152,百一,18,0,18,統一-中壢,2023-06-20,5853
00753L,中信中國50正2,23,6,17,統一-中壢,2023-06-20,5853
6269,台郡,17,0,17,統一-中壢,2023-06-20,5853
2405,輔信,16,0,16,統一-中壢,2023-06-20,5853
3499,環天科,16,0,16,統一-中壢,2023-06-20,5853
5465,富驊,17,2,15,統一-中壢,2023-06-20,5853
3481,群創,31,16,15,統一-中壢,2023-06-20,5853
1605,華新,31,17,14,統一-中壢,2023-06-20,5853
3686,達能,15,1,14,統一-中壢,2023-06-20,5853
2645,長榮航太,14,0,14,統一-中壢,2023-06-20,5853
2706,第一店,17,3,14,統一-中壢,2023-06-20,5853
8271,宇瞻,14,0,14,統一-中壢,2023-06-20,5853
2454,聯發科,13,0,13,統一-中壢,2023-06-20,5853
3706,神達,19,6,13,統一-中壢,2023-06-20,5853
2030,彰源,12,0,12,統一-中壢,2023-06-20,5853
00679B,元大美債20年,11,0,11,統一-中壢,2023-06-20,5853
2609,陽明,13,3,10,統一-中壢,2023-06-20,5853
00921,兆豐龍頭等權重,10,0,10,統一-中壢,2023-06-20,5853
1314,中石化,10,0,10,統一-中壢,2023-06-20,5853
1522,堤維西,12,2,10,統一-中壢,2023-06-20,5853
2905,三商,10,0,10,統一-中壢,2023-06-20,5853
3264,欣銓,12,2,10,統一-中壢,2023-06-20,5853
5388,中磊,10,0,10,統一-中壢,2023-06-20,5853
6108,競國,10,0,10,統一-中壢,2023-06-20,5853
6127,九豪,10,0,10,統一-中壢,2023-06-20,5853
2634,漢翔,43,33,10,統一-中壢,2023-06-20,5853
2610,華航,100,91,9,統一-中壢,2023-06-20,5853
2484,希華,10,1,9,統一-中壢,2023-06-20,5853
2884,玉山金,10,1,9,統一-中壢,2023-06-20,5853
6223,旺矽,362,1,361,統一-中壢,2023-06-21,5853
00753L,中信中國50正2,82,3,79,統一-中壢,2023-06-21,5853
1810,和成,75,2,73,統一-中壢,2023-06-21,5853
6125,廣運,73,7,66,統一-中壢,2023-06-21,5853
2748,雲品,121,69,52,統一-中壢,2023-06-21,5853
4960,誠美材,45,0,45,統一-中壢,2023-06-21,5853
3265,台星科,42,0,42,統一-中壢,2023-06-21,5853
2701,萬企,39,0,39,統一-中壢,2023-06-21,5853
1504,東元,47,15,32,統一-中壢,2023-06-21,5853
00895,富邦未來車,36,5,31,統一-中壢,2023-06-21,5853
00902,中信電池及儲能,30,0,30,統一-中壢,2023-06-21,5853
1308,亞聚,28,0,28,統一-中壢,2023-06-21,5853
2009,第一銅,28,0,28,統一-中壢,2023-06-21,5853
3202,樺晟,41,14,27,統一-中壢,2023-06-21,5853
2409,友達,69,42,27,統一-中壢,2023-06-21,5853
2330,台積電,27,1,26,統一-中壢,2023-06-21,5853
2702,華園,31,6,25,統一-中壢,2023-06-21,5853
4916,事欣科,53,29,24,統一-中壢,2023-06-21,5853
2609,陽明,32,9,23,統一-中壢,2023-06-21,5853
2641,正德,20,0,20,統一-中壢,2023-06-21,5853
3264,欣銓,23,3,20,統一-中壢,2023-06-21,5853
3499,環天科,20,0,20,統一-中壢,2023-06-21,5853
2367,燿華,20,2,18,統一-中壢,2023-06-21,5853
6285,啟��,20,3,17,統一-中壢,2023-06-21,5853
00671R,富邦NASDAQ反1,15,0,15,統一-中壢,2023-06-21,5853
2312,金寶,24,10,14,統一-中壢,2023-06-21,5853
1605,華新,23,9,14,統一-中壢,2023-06-21,5853
00665L,富邦�琤肭磪囓�2,35,22,13,統一-中壢,2023-06-21,5853
1459,聯發,13,0,13,統一-中壢,2023-06-21,5853
4904,遠傳,13,0,13,統一-中壢,2023-06-21,5853
00712,復華富時不動產,12,0,12,統一-中壢,2023-06-21,5853
0056,元大高股息,13,1,12,統一-中壢,2023-06-21,5853
2413,環科,12,0,12,統一-中壢,2023-06-21,5853
5607,遠雄港,12,0,12,統一-中壢,2023-06-21,5853
2340,台亞,26,15,11,統一-中壢,2023-06-21,5853
6180,橘子,11,0,11,統一-中壢,2023-06-21,5853
2634,漢翔,67,57,10,統一-中壢,2023-06-21,5853
4906,正文,10,0,10,統一-中壢,2023-06-21,5853
00891,中信關鍵半導體,10,0,10,統一-中壢,2023-06-21,5853
00928,中信上櫃ESG30,10,0,10,統一-中壢,2023-06-21,5853
2017,官田鋼,10,0,10,統一-中壢,2023-06-21,5853
2030,彰源,10,0,10,統一-中壢,2023-06-21,5853
2705,六福,30,20,10,統一-中壢,2023-06-21,5853
3520,華盈,10,0,10,統一-中壢,2023-06-21,5853
3703,欣陸,10,0,10,統一-中壢,2023-06-21,5853
6477,安集,10,0,10,統一-中壢,2023-06-21,5853
8088,品安,10,0,10,統一-中壢,2023-06-21,5853
8926,台汽電,10,0,10,統一-中壢,2023-06-21,5853
00679B,元大美債20年,14,5,9,統一-中壢,2023-06-21,5853
00673R,期元大S＆P原油反1,9,0,9,統一-中壢,2023-06-21,5853
6443,元晶,201,5,196,統一-中壢,2023-06-26,5853
2340,台亞,91,3,88,統一-中壢,2023-06-26,5853
00715L,期街口布蘭特正2,72,9,63,統一-中壢,2023-06-26,5853
1605,華新,67,8,59,統一-中壢,2023-06-26,5853
00929,復華台灣科技優息,46,0,46,統一-中壢,2023-06-26,5853
4746,台耀,49,7,42,統一-中壢,2023-06-26,5853
2442,新美齊,38,0,38,統一-中壢,2023-06-26,5853
00878,國泰永續高股息,39,4,35,統一-中壢,2023-06-26,5853
00637L,元大滬深300正2,54,22,32,統一-中壢,2023-06-26,5853
2495,普安,30,0,30,統一-中壢,2023-06-26,5853
3665,貿聯-KY,40,10,30,統一-中壢,2023-06-26,5853
1504,東元,32,6,26,統一-中壢,2023-06-26,5853
2409,友達,27,2,25,統一-中壢,2023-06-26,5853
6120,達運,29,4,25,統一-中壢,2023-06-26,5853
1471,首利,25,1,24,統一-中壢,2023-06-26,5853
2382,廣達,33,11,22,統一-中壢,2023-06-26,5853
2601,益航,20,0,20,統一-中壢,2023-06-26,5853
6223,旺矽,21,2,19,統一-中壢,2023-06-26,5853
3032,偉訓,21,3,18,統一-中壢,2023-06-26,5853
3049,精金,26,8,18,統一-中壢,2023-06-26,5853
4916,事欣科,41,23,18,統一-中壢,2023-06-26,5853
2913,農林,27,10,17,統一-中壢,2023-06-26,5853
9945,潤泰新,17,0,17,統一-中壢,2023-06-26,5853
3406,玉晶光,17,0,17,統一-中壢,2023-06-26,5853
2371,大同,102,85,17,統一-中壢,2023-06-26,5853
00753L,中信中國50正2,16,0,16,統一-中壢,2023-06-26,5853
2349,錸德,20,4,16,統一-中壢,2023-06-26,5853
2883,凱基金,17,1,16,統一-中壢,2023-06-26,5853
3013,晟銘電,19,3,16,統一-中壢,2023-06-26,5853
3707,漢磊,16,0,16,統一-中壢,2023-06-26,5853
3481,群創,21,5,16,統一-中壢,2023-06-26,5853
1802,台玻,20,6,14,統一-中壢,2023-06-26,5853
3499,環天科,14,0,14,統一-中壢,2023-06-26,5853
2328,廣宇,13,0,13,統一-中壢,2023-06-26,5853
00712,復華富時不動產,15,2,13,統一-中壢,2023-06-26,5853
1584,精剛,13,0,13,統一-中壢,2023-06-26,5853
6218,豪勉,13,0,13,統一-中壢,2023-06-26,5853
00679B,元大美債20年,12,0,12,統一-中壢,2023-06-26,5853
1314,中石化,12,0,12,統一-中壢,2023-06-26,5853
1319,東陽,12,0,12,統一-中壢,2023-06-26,5853
3231,緯創,69,57,12,統一-中壢,2023-06-26,5853
2337,旺宏,14,3,11,統一-中壢,2023-06-26,5853
00633L,富邦上証正2,11,0,11,統一-中壢,2023-06-26,5853
2356,英業達,19,8,11,統一-中壢,2023-06-26,5853
3479,安勤,11,0,11,統一-中壢,2023-06-26,5853
6182,合晶,14,3,11,統一-中壢,2023-06-26,5853
2882,國泰金,10,0,10,統一-中壢,2023-06-26,5853
3715,定穎投控,10,0,10,統一-中壢,2023-06-26,5853
6488,環球晶,10,0,10,統一-中壢,2023-06-26,5853
2352,佳世達,11,1,10,統一-中壢,2023-06-26,5853
1605,華新,124,4,120,統一-中壢,2023-06-27,5853
1471,首利,79,6,73,統一-中壢,2023-06-27,5853
3025,星通,68,5,63,統一-中壢,2023-06-27,5853
2409,友達,84,27,57,統一-中壢,2023-06-27,5853
2303,聯電,48,0,48,統一-中壢,2023-06-27,5853
00929,復華台灣科技優息,43,0,43,統一-中壢,2023-06-27,5853
1524,耿鼎,36,0,36,統一-中壢,2023-06-27,5853
2610,華航,150,114,36,統一-中壢,2023-06-27,5853
00680L,元大美債20正2,35,1,34,統一-中壢,2023-06-27,5853
00902,中信電池及儲能,32,0,32,統一-中壢,2023-06-27,5853
8926,台汽電,30,0,30,統一-中壢,2023-06-27,5853
6111,大宇資,30,1,29,統一-中壢,2023-06-27,5853
00885,富邦越南,31,3,28,統一-中壢,2023-06-27,5853
00720B,元大投資級公司債,26,2,24,統一-中壢,2023-06-27,5853
3049,精金,29,8,21,統一-中壢,2023-06-27,5853
2317,鴻海,36,15,21,統一-中壢,2023-06-27,5853
00679B,元大美債20年,20,0,20,統一-中壢,2023-06-27,5853
2618,長榮航,194,174,20,統一-中壢,2023-06-27,5853
6770,力積電,20,2,18,統一-中壢,2023-06-27,5853
6188,廣明,29,12,17,統一-中壢,2023-06-27,5853
2371,大同,83,67,16,統一-中壢,2023-06-27,5853
4916,事欣科,28,12,16,統一-中壢,2023-06-27,5853
8358,金居,22,6,16,統一-中壢,2023-06-27,5853
6176,瑞儀,15,0,15,統一-中壢,2023-06-27,5853
8105,凌巨,15,0,15,統一-中壢,2023-06-27,5853
2427,三商電,44,30,14,統一-中壢,2023-06-27,5853
3706,神達,17,3,14,統一-中壢,2023-06-27,5853
2886,兆豐金,14,0,14,統一-中壢,2023-06-27,5853
1784,訊聯,12,0,12,統一-中壢,2023-06-27,5853
3520,華盈,12,0,12,統一-中壢,2023-06-27,5853
2515,中工,12,1,11,統一-中壢,2023-06-27,5853
1319,東陽,15,4,11,統一-中壢,2023-06-27,5853
3092,鴻碩,11,0,11,統一-中壢,2023-06-27,5853
3703,欣陸,13,2,11,統一-中壢,2023-06-27,5853
4510,高鋒,13,2,11,統一-中壢,2023-06-27,5853
6217,中探針,11,0,11,統一-中壢,2023-06-27,5853
3189,景碩,11,0,11,統一-中壢,2023-06-27,5853
2367,燿華,13,3,10,統一-中壢,2023-06-27,5853
00927,群益半導體收益,10,0,10,統一-中壢,2023-06-27,5853
020019,統一特選台灣5GN,10,0,10,統一-中壢,2023-06-27,5853
1904,正隆,11,1,10,統一-中壢,2023-06-27,5853
2324,仁寶,11,1,10,統一-中壢,2023-06-27,5853
2332,友訊,14,4,10,統一-中壢,2023-06-27,5853
2354,鴻準,10,0,10,統一-中壢,2023-06-27,5853
2538,基泰,10,0,10,統一-中壢,2023-06-27,5853
3518,柏騰,10,0,10,統一-中壢,2023-06-27,5853
5701,劍湖山,10,0,10,統一-中壢,2023-06-27,5853
6535,順藥,12,2,10,統一-中壢,2023-06-27,5853
1802,台玻,12,3,9,統一-中壢,2023-06-27,5853
1810,和成,9,0,9,統一-中壢,2023-06-27,5853
00715L,期街口布蘭特正2,202,0,202,統一-中壢,2023-06-28,5853
1605,華新,145,12,133,統一-中壢,2023-06-28,5853
00885,富邦越南,68,0,68,統一-中壢,2023-06-28,5853
3025,星通,68,3,65,統一-中壢,2023-06-28,5853
3576,聯合再生,61,1,60,統一-中壢,2023-06-28,5853
2323,中環,68,13,55,統一-中壢,2023-06-28,5853
8011,台通,50,0,50,統一-中壢,2023-06-28,5853
1337,再生-KY,50,5,45,統一-中壢,2023-06-28,5853
2419,仲琦,60,22,38,統一-中壢,2023-06-28,5853
2317,鴻海,38,5,33,統一-中壢,2023-06-28,5853
8277,商丞,30,0,30,統一-中壢,2023-06-28,5853
4417,金洲,27,0,27,統一-中壢,2023-06-28,5853
1471,首利,36,10,26,統一-中壢,2023-06-28,5853
00642U,期元大S＆P石油,25,0,25,統一-中壢,2023-06-28,5853
3231,緯創,58,34,24,統一-中壢,2023-06-28,5853
2409,友達,25,1,24,統一-中壢,2023-06-28,5853
2382,廣達,39,17,22,統一-中壢,2023-06-28,5853
2888,新光金,22,0,22,統一-中壢,2023-06-28,5853
4909,新復興,30,9,21,統一-中壢,2023-06-28,5853
6223,旺矽,20,0,20,統一-中壢,2023-06-28,5853
2374,佳能,20,0,20,統一-中壢,2023-06-28,5853
4538,大詠城,20,0,20,統一-中壢,2023-06-28,5853
6270,倍微,20,0,20,統一-中壢,2023-06-28,5853
5388,中磊,22,3,19,統一-中壢,2023-06-28,5853
3013,晟銘電,21,3,18,統一-中壢,2023-06-28,5853
6179,亞通,25,7,18,統一-中壢,2023-06-28,5853
1609,大亞,17,0,17,統一-中壢,2023-06-28,5853
2371,大同,49,32,17,統一-中壢,2023-06-28,5853
2442,新美齊,16,0,16,統一-中壢,2023-06-28,5853
00640L,富邦日本正2,15,0,15,統一-中壢,2023-06-28,5853
00652,富邦印度,15,0,15,統一-中壢,2023-06-28,5853
2891,中信金,21,6,15,統一-中壢,2023-06-28,5853
3038,全台,17,2,15,統一-中壢,2023-06-28,5853
4746,台耀,15,0,15,統一-中壢,2023-06-28,5853
00919,群益台灣精選高息,14,0,14,統一-中壢,2023-06-28,5853
00720B,元大投資級公司債,14,0,14,統一-中壢,2023-06-28,5853
2913,農林,14,0,14,統一-中壢,2023-06-28,5853
4121,優盛,46,32,14,統一-中壢,2023-06-28,5853
2705,六福,13,0,13,統一-中壢,2023-06-28,5853
3707,漢磊,13,0,13,統一-中壢,2023-06-28,5853
6770,力積電,13,0,13,統一-中壢,2023-06-28,5853
1216,統一,12,0,12,統一-中壢,2023-06-28,5853
00665L,富邦�琤肭磪囓�2,26,14,12,統一-中壢,2023-06-28,5853
1513,中興電,30,19,11,統一-中壢,2023-06-28,5853
1608,華榮,12,1,11,統一-中壢,2023-06-28,5853
2385,群光,11,0,11,統一-中壢,2023-06-28,5853
2880,華南金,11,0,11,統一-中壢,2023-06-28,5853
00751B,元大AAA至A公司債,10,0,10,統一-中壢,2023-06-28,5853
2369,菱生,10,0,10,統一-中壢,2023-06-28,5853
2867,三商壽,10,0,10,統一-中壢,2023-06-28,5853
3025,星通,550,91,459,統一-中壢,2023-06-29,5853
2618,長榮航,331,7,324,統一-中壢,2023-06-29,5853
1605,華新,79,6,73,統一-中壢,2023-06-29,5853
2031,新光鋼,60,0,60,統一-中壢,2023-06-29,5853
00632R,元大台灣50反1,61,2,59,統一-中壢,2023-06-29,5853
2442,新美齊,50,1,49,統一-中壢,2023-06-29,5853
6142,友勁,50,7,43,統一-中壢,2023-06-29,5853
2030,彰源,40,0,40,統一-中壢,2023-06-29,5853
00652,富邦印度,35,0,35,統一-中壢,2023-06-29,5853
4967,十銓,30,3,27,統一-中壢,2023-06-29,5853
2317,鴻海,37,10,27,統一-中壢,2023-06-29,5853
00640L,富邦日本正2,25,0,25,統一-中壢,2023-06-29,5853
00882,中信中國高股息,22,0,22,統一-中壢,2023-06-29,5853
2884,玉山金,25,4,21,統一-中壢,2023-06-29,5853
00751B,元大AAA至A公司債,21,0,21,統一-中壢,2023-06-29,5853
00680L,元大美債20正2,40,20,20,統一-中壢,2023-06-29,5853
00929,復華台灣科技優息,21,1,20,統一-中壢,2023-06-29,5853
4173,久裕,20,0,20,統一-中壢,2023-06-29,5853
8028,昇陽半導體,20,0,20,統一-中壢,2023-06-29,5853
4746,台耀,19,0,19,統一-中壢,2023-06-29,5853
2332,友訊,20,2,18,統一-中壢,2023-06-29,5853
1303,南亞,17,0,17,統一-中壢,2023-06-29,5853
2303,聯電,20,5,15,統一-中壢,2023-06-29,5853
5701,劍湖山,15,0,15,統一-中壢,2023-06-29,5853
9928,中視,14,0,14,統一-中壢,2023-06-29,5853
2610,華航,71,58,13,統一-中壢,2023-06-29,5853
4123,晟德,13,0,13,統一-中壢,2023-06-29,5853
6143,振曜,12,0,12,統一-中壢,2023-06-29,5853
00902,中信電池及儲能,11,0,11,統一-中壢,2023-06-29,5853
2365,昆盈,11,0,11,統一-中壢,2023-06-29,5853
2388,威盛,12,1,11,統一-中壢,2023-06-29,5853
3481,群創,13,2,11,統一-中壢,2023-06-29,5853
6182,合晶,14,3,11,統一-中壢,2023-06-29,5853
2412,中華電,11,1,10,統一-中壢,2023-06-29,5853
2484,希華,10,0,10,統一-中壢,2023-06-29,5853
2538,基泰,10,0,10,統一-中壢,2023-06-29,5853
2353,宏��,11,2,9,統一-中壢,2023-06-29,5853
2453,凌群,9,0,9,統一-中壢,2023-06-29,5853
2887,台新金,9,0,9,統一-中壢,2023-06-29,5853
3362,先進光,9,0,9,統一-中壢,2023-06-29,5853
3498,陽程,9,0,9,統一-中壢,2023-06-29,5853
00753L,中信中國50正2,8,0,8,統一-中壢,2023-06-29,5853
2633,台灣高鐵,8,0,8,統一-中壢,2023-06-29,5853
3057,喬鼎,8,0,8,統一-中壢,2023-06-29,5853
3259,鑫創,8,0,8,統一-中壢,2023-06-29,5853
4566,時碩工業,8,0,8,統一-中壢,2023-06-29,5853
9103,美德醫療-DR,8,0,8,統一-中壢,2023-06-29,5853
00919,群益台灣精選高息,8,0,8,統一-中壢,2023-06-29,5853
00679B,元大美債20年,7,0,7,統一-中壢,2023-06-29,5853
2409,友達,15,8,7,統一-中壢,2023-06-29,5853
3025,星通,357,137,220,統一-中壢,2023-06-30,5853
00632R,元大台灣50反1,111,2,109,統一-中壢,2023-06-30,5853
5880,合庫金,74,0,74,統一-中壢,2023-06-30,5853
0050,元大台灣50,62,0,62,統一-中壢,2023-06-30,5853
5388,中磊,62,2,60,統一-中壢,2023-06-30,5853
4979,華星光,192,133,59,統一-中壢,2023-06-30,5853
2031,新光鋼,40,0,40,統一-中壢,2023-06-30,5853
1514,亞力,41,11,30,統一-中壢,2023-06-30,5853
00882,中信中國高股息,30,1,29,統一-中壢,2023-06-30,5853
2888,新光金,28,0,28,統一-中壢,2023-06-30,5853
2442,新美齊,25,0,25,統一-中壢,2023-06-30,5853
2492,華新科,24,0,24,統一-中壢,2023-06-30,5853
5426,振發,24,1,23,統一-中壢,2023-06-30,5853
8105,凌巨,23,1,22,統一-中壢,2023-06-30,5853
2498,宏達電,21,0,21,統一-中壢,2023-06-30,5853
00679B,元大美債20年,20,0,20,統一-中壢,2023-06-30,5853
00772B,中信高評級公司債,21,2,19,統一-中壢,2023-06-30,5853
6188,廣明,28,12,16,統一-中壢,2023-06-30,5853
3049,精金,16,0,16,統一-中壢,2023-06-30,5853
6153,嘉聯益,18,2,16,統一-中壢,2023-06-30,5853
2883,凱基金,22,8,14,統一-中壢,2023-06-30,5853
00680L,元大美債20正2,13,0,13,統一-中壢,2023-06-30,5853
00888,永豐台灣ESG,13,0,13,統一-中壢,2023-06-30,5853
2634,漢翔,15,2,13,統一-中壢,2023-06-30,5853
2303,聯電,12,0,12,統一-中壢,2023-06-30,5853
2887,台新金,12,0,12,統一-中壢,2023-06-30,5853
3406,玉晶光,13,1,12,統一-中壢,2023-06-30,5853
3706,神達,16,4,12,統一-中壢,2023-06-30,5853
4102,永日,12,0,12,統一-中壢,2023-06-30,5853
2344,華邦電,15,3,12,統一-中壢,2023-06-30,5853
2324,仁寶,11,0,11,統一-中壢,2023-06-30,5853
2606,裕民,16,5,11,統一-中壢,2023-06-30,5853
2433,互盛電,10,0,10,統一-中壢,2023-06-30,5853
2867,三商壽,10,0,10,統一-中壢,2023-06-30,5853
3346,麗清,10,0,10,統一-中壢,2023-06-30,5853
5351,鈺創,10,0,10,統一-中壢,2023-06-30,5853
5521,工信,10,0,10,統一-中壢,2023-06-30,5853
9103,美德醫療-DR,10,0,10,統一-中壢,2023-06-30,5853
2603,長榮,31,21,10,統一-中壢,2023-06-30,5853
2449,京元電子,10,1,9,統一-中壢,2023-06-30,5853
2615,萬海,12,3,9,統一-中壢,2023-06-30,5853
2736,富野,10,1,9,統一-中壢,2023-06-30,5853
3094,聯傑,10,1,9,統一-中壢,2023-06-30,5853
4155,訊映,10,1,9,統一-中壢,2023-06-30,5853
5289,宜鼎,10,1,9,統一-中壢,2023-06-30,5853
6770,力積電,12,3,9,統一-中壢,2023-06-30,5853
00923,群益台ESG低碳50,8,0,8,統一-中壢,2023-06-30,5853
00712,復華富時不動產,10,2,8,統一-中壢,2023-06-30,5853
1784,訊聯,9,1,8,統一-中壢,2023-06-30,5853
3481,群創,14,6,8,統一-中壢,2023-06-30,5853
3025,星通,138,4,134,統一-中壢,2023-07-03,5853
2332,友訊,148,41,107,統一-中壢,2023-07-03,5853
3265,台星科,80,2,78,統一-中壢,2023-07-03,5853
0056,元大高股息,142,80,62,統一-中壢,2023-07-03,5853
2845,遠東銀,50,0,50,統一-中壢,2023-07-03,5853
3231,緯創,79,34,45,統一-中壢,2023-07-03,5853
3078,僑威,51,8,43,統一-中壢,2023-07-03,5853
1528,恩德,52,13,39,統一-中壢,2023-07-03,5853
2317,鴻海,49,11,38,統一-中壢,2023-07-03,5853
2882,國泰金,35,1,34,統一-中壢,2023-07-03,5853
00632R,元大台灣50反1,30,0,30,統一-中壢,2023-07-03,5853
2382,廣達,48,21,27,統一-中壢,2023-07-03,5853
3207,耀勝,26,0,26,統一-中壢,2023-07-03,5853
3545,敦泰,26,1,25,統一-中壢,2023-07-03,5853
2303,聯電,30,6,24,統一-中壢,2023-07-03,5853
2344,華邦電,35,11,24,統一-中壢,2023-07-03,5853
4906,正文,34,11,23,統一-中壢,2023-07-03,5853
2606,裕民,25,3,22,統一-中壢,2023-07-03,5853
1785,光洋科,20,0,20,統一-中壢,2023-07-03,5853
2337,旺宏,17,2,15,統一-中壢,2023-07-03,5853
3049,精金,15,0,15,統一-中壢,2023-07-03,5853
3707,漢磊,16,2,14,統一-中壢,2023-07-03,5853
4564,元翎,14,0,14,統一-中壢,2023-07-03,5853
00882,中信中國高股息,13,0,13,統一-中壢,2023-07-03,5853
6016,康和證,13,1,12,統一-中壢,2023-07-03,5853
2883,凱基金,12,0,12,統一-中壢,2023-07-03,5853
3346,麗清,18,6,12,統一-中壢,2023-07-03,5853
4155,訊映,22,10,12,統一-中壢,2023-07-03,5853
1795,美時,14,2,12,統一-中壢,2023-07-03,5853
5258,虹堡,13,2,11,統一-中壢,2023-07-03,5853
6122,擎邦,12,1,11,統一-中壢,2023-07-03,5853
6176,瑞儀,13,2,11,統一-中壢,2023-07-03,5853
8150,南茂,11,0,11,統一-中壢,2023-07-03,5853
2412,中華電,10,0,10,統一-中壢,2023-07-03,5853
1473,台南,10,0,10,統一-中壢,2023-07-03,5853
2436,偉詮電,10,0,10,統一-中壢,2023-07-03,5853
3520,華盈,10,0,10,統一-中壢,2023-07-03,5853
3682,亞太電,10,0,10,統一-中壢,2023-07-03,5853
6190,萬泰科,14,4,10,統一-中壢,2023-07-03,5853
6776,展�眥篕�,10,0,10,統一-中壢,2023-07-03,5853
5388,中磊,21,11,10,統一-中壢,2023-07-03,5853
6231,系微,11,1,10,統一-中壢,2023-07-03,5853
1810,和成,17,7,10,統一-中壢,2023-07-03,5853
1101,台泥,11,1,10,統一-中壢,2023-07-03,5853
2371,大同,45,36,9,統一-中壢,2023-07-03,5853
3711,日月光投控,9,0,9,統一-中壢,2023-07-03,5853
8076,伍豐,11,2,9,統一-中壢,2023-07-03,5853
1216,統一,8,0,8,統一-中壢,2023-07-03,5853
1459,聯發,8,0,8,統一-中壢,2023-07-03,5853
6245,立端,8,0,8,統一-中壢,2023-07-03,5853
3025,星通,350,5,345,統一-中壢,2023-07-04,5853
2885,元大金,200,0,200,統一-中壢,2023-07-04,5853
2399,映泰,126,21,105,統一-中壢,2023-07-04,5853
00715L,期街口布蘭特正2,88,2,86,統一-中壢,2023-07-04,5853
2883,凱基金,54,1,53,統一-中壢,2023-07-04,5853
00903,富邦元宇宙,50,0,50,統一-中壢,2023-07-04,5853
2845,遠東銀,50,0,50,統一-中壢,2023-07-04,5853
2317,鴻海,74,25,49,統一-中壢,2023-07-04,5853
3325,旭品,42,0,42,統一-中壢,2023-07-04,5853
3711,日月光投控,38,1,37,統一-中壢,2023-07-04,5853
3704,合勤控,46,10,36,統一-中壢,2023-07-04,5853
6223,旺矽,32,1,31,統一-中壢,2023-07-04,5853
5388,中磊,30,2,28,統一-中壢,2023-07-04,5853
4155,訊映,37,10,27,統一-中壢,2023-07-04,5853
2603,長榮,68,41,27,統一-中壢,2023-07-04,5853
5315,光聯,26,0,26,統一-中壢,2023-07-04,5853
6153,嘉聯益,24,1,23,統一-中壢,2023-07-04,5853
1471,首利,25,3,22,統一-中壢,2023-07-04,5853
4906,正文,24,2,22,統一-中壢,2023-07-04,5853
2368,金像電,24,5,19,統一-中壢,2023-07-04,5853
2618,長榮航,81,62,19,統一-中壢,2023-07-04,5853
6290,良維,20,1,19,統一-中壢,2023-07-04,5853
2449,京元電子,20,2,18,統一-中壢,2023-07-04,5853
2486,一詮,19,1,18,統一-中壢,2023-07-04,5853
1605,華新,35,18,17,統一-中壢,2023-07-04,5853
2615,萬海,23,6,17,統一-中壢,2023-07-04,5853
6122,擎邦,21,4,17,統一-中壢,2023-07-04,5853
2609,陽明,72,55,17,統一-中壢,2023-07-04,5853
00679B,元大美債20年,17,0,17,統一-中壢,2023-07-04,5853
5227,立凱-KY,15,0,15,統一-中壢,2023-07-04,5853
6282,康舒,41,26,15,統一-中壢,2023-07-04,5853
6285,啟��,24,9,15,統一-中壢,2023-07-04,5853
2344,華邦電,21,7,14,統一-中壢,2023-07-04,5853
1710,東聯,14,0,14,統一-中壢,2023-07-04,5853
2385,群光,14,0,14,統一-中壢,2023-07-04,5853
2444,兆勁,14,0,14,統一-中壢,2023-07-04,5853
5465,富驊,15,1,14,統一-中壢,2023-07-04,5853
1504,東元,27,14,13,統一-中壢,2023-07-04,5853
2303,聯電,17,4,13,統一-中壢,2023-07-04,5853
00751B,元大AAA至A公司債,12,0,12,統一-中壢,2023-07-04,5853
1612,宏泰,12,0,12,統一-中壢,2023-07-04,5853
3092,鴻碩,24,12,12,統一-中壢,2023-07-04,5853
4973,廣穎,12,0,12,統一-中壢,2023-07-04,5853
6288,聯嘉,13,1,12,統一-中壢,2023-07-04,5853
2515,中工,11,0,11,統一-中壢,2023-07-04,5853
2356,英業達,44,33,11,統一-中壢,2023-07-04,5853
2489,瑞軒,11,0,11,統一-中壢,2023-07-04,5853
6244,茂迪,13,2,11,統一-中壢,2023-07-04,5853
3714,富采,11,1,10,統一-中壢,2023-07-04,5853
00882,中信中國高股息,10,0,10,統一-中壢,2023-07-04,5853
9907,統一實,200,0,200,統一-中壢,2023-07-05,5853
00882,中信中國高股息,199,5,194,統一-中壢,2023-07-05,5853
00637L,元大滬深300正2,158,0,158,統一-中壢,2023-07-05,5853
5388,中磊,100,0,100,統一-中壢,2023-07-05,5853
3025,星通,75,2,73,統一-中壢,2023-07-05,5853
6133,金橋,110,51,59,統一-中壢,2023-07-05,5853
1611,中電,56,7,49,統一-中壢,2023-07-05,5853
3357,臺慶科,55,10,45,統一-中壢,2023-07-05,5853
2609,陽明,132,91,41,統一-中壢,2023-07-05,5853
2402,毅嘉,81,43,38,統一-中壢,2023-07-05,5853
6535,順藥,32,0,32,統一-中壢,2023-07-05,5853
2515,中工,32,0,32,統一-中壢,2023-07-05,5853
00927,群益半導體收益,32,1,31,統一-中壢,2023-07-05,5853
2356,英業達,53,23,30,統一-中壢,2023-07-05,5853
2419,仲琦,29,3,26,統一-中壢,2023-07-05,5853
4906,正文,49,24,25,統一-中壢,2023-07-05,5853
2883,凱基金,34,10,24,統一-中壢,2023-07-05,5853
6776,展�眥篕�,25,1,24,統一-中壢,2023-07-05,5853
4114,健喬,23,0,23,統一-中壢,2023-07-05,5853
1314,中石化,21,0,21,統一-中壢,2023-07-05,5853
3005,神基,22,1,21,統一-中壢,2023-07-05,5853
2610,華航,111,91,20,統一-中壢,2023-07-05,5853
2420,新巨,20,0,20,統一-中壢,2023-07-05,5853
3149,正達,20,0,20,統一-中壢,2023-07-05,5853
5425,台半,26,7,19,統一-中壢,2023-07-05,5853
3406,玉晶光,20,1,19,統一-中壢,2023-07-05,5853
5315,光聯,19,0,19,統一-中壢,2023-07-05,5853
5880,合庫金,20,3,17,統一-中壢,2023-07-05,5853
6168,宏齊,17,0,17,統一-中壢,2023-07-05,5853
3078,僑威,46,30,16,統一-中壢,2023-07-05,5853
6104,創惟,16,0,16,統一-中壢,2023-07-05,5853
6282,康舒,33,17,16,統一-中壢,2023-07-05,5853
1513,中興電,19,4,15,統一-中壢,2023-07-05,5853
2540,愛山林,15,0,15,統一-中壢,2023-07-05,5853
00893,國泰智能電動車,20,6,14,統一-中壢,2023-07-05,5853
1609,大亞,25,11,14,統一-中壢,2023-07-05,5853
2030,彰源,14,0,14,統一-中壢,2023-07-05,5853
2809,京城銀,14,0,14,統一-中壢,2023-07-05,5853
4904,遠傳,14,0,14,統一-中壢,2023-07-05,5853
8271,宇瞻,14,0,14,統一-中壢,2023-07-05,5853
00878,國泰永續高股息,19,5,14,統一-中壢,2023-07-05,5853
1504,東元,19,6,13,統一-中壢,2023-07-05,5853
3013,晟銘電,18,5,13,統一-中壢,2023-07-05,5853
5701,劍湖山,12,0,12,統一-中壢,2023-07-05,5853
2427,三商電,30,19,11,統一-中壢,2023-07-05,5853
2888,新光金,14,3,11,統一-中壢,2023-07-05,5853
2889,國票金,11,0,11,統一-中壢,2023-07-05,5853
4121,優盛,12,1,11,統一-中壢,2023-07-05,5853
6411,晶焱,11,0,11,統一-中壢,2023-07-05,5853
00888,永豐台灣ESG,11,0,11,統一-中壢,2023-07-05,5853
5388,中磊,172,2,170,統一-中壢,2023-07-06,5853
00720B,元大投資級公司債,113,0,113,統一-中壢,2023-07-06,5853
2356,英業達,112,20,92,統一-中壢,2023-07-06,5853
2883,凱基金,78,0,78,統一-中壢,2023-07-06,5853
5880,合庫金,75,4,71,統一-中壢,2023-07-06,5853
6770,力積電,70,1,69,統一-中壢,2023-07-06,5853
00680L,元大美債20正2,56,0,56,統一-中壢,2023-07-06,5853
2323,中環,74,21,53,統一-中壢,2023-07-06,5853
2888,新光金,48,0,48,統一-中壢,2023-07-06,5853
2609,陽明,61,14,47,統一-中壢,2023-07-06,5853
8215,明基材,46,1,45,統一-中壢,2023-07-06,5853
00878,國泰永續高股息,73,31,42,統一-中壢,2023-07-06,5853
00927,群益半導體收益,40,0,40,統一-中壢,2023-07-06,5853
2317,鴻海,56,16,40,統一-中壢,2023-07-06,5853
00923,群益台ESG低碳50,39,0,39,統一-中壢,2023-07-06,5853
3231,緯創,90,52,38,統一-中壢,2023-07-06,5853
1717,長興,35,0,35,統一-中壢,2023-07-06,5853
2367,燿華,35,0,35,統一-中壢,2023-07-06,5853
5876,上海商銀,35,0,35,統一-中壢,2023-07-06,5853
00751B,元大AAA至A公司債,33,0,33,統一-中壢,2023-07-06,5853
2492,華新科,32,0,32,統一-中壢,2023-07-06,5853
4123,晟德,31,0,31,統一-中壢,2023-07-06,5853
1809,中釉,32,3,29,統一-中壢,2023-07-06,5853
8201,無敵,30,2,28,統一-中壢,2023-07-06,5853
3481,群創,47,21,26,統一-中壢,2023-07-06,5853
00753L,中信中國50正2,25,0,25,統一-中壢,2023-07-06,5853
2010,春源,25,0,25,統一-中壢,2023-07-06,5853
2880,華南金,25,0,25,統一-中壢,2023-07-06,5853
00929,復華台灣科技優息,24,0,24,統一-中壢,2023-07-06,5853
1904,正隆,29,5,24,統一-中壢,2023-07-06,5853
2371,大同,53,30,23,統一-中壢,2023-07-06,5853
1312,國喬,22,0,22,統一-中壢,2023-07-06,5853
2890,永豐金,22,0,22,統一-中壢,2023-07-06,5853
2312,金寶,22,1,21,統一-中壢,2023-07-06,5853
2105,正新,20,0,20,統一-中壢,2023-07-06,5853
00679B,元大美債20年,19,0,19,統一-中壢,2023-07-06,5853
3037,欣興,24,5,19,統一-中壢,2023-07-06,5853
1101,台泥,24,5,19,統一-中壢,2023-07-06,5853
2002,中鋼,19,0,19,統一-中壢,2023-07-06,5853
3499,環天科,18,0,18,統一-中壢,2023-07-06,5853
2886,兆豐金,17,0,17,統一-中壢,2023-07-06,5853
1528,恩德,25,9,16,統一-中壢,2023-07-06,5853
3013,晟銘電,34,18,16,統一-中壢,2023-07-06,5853
5315,光聯,15,0,15,統一-中壢,2023-07-06,5853
6147,頎邦,15,0,15,統一-中壢,2023-07-06,5853
6153,嘉聯益,15,0,15,統一-中壢,2023-07-06,5853
0050,元大台灣50,15,0,15,統一-中壢,2023-07-06,5853
00673R,期元大S＆P原油反1,14,0,14,統一-中壢,2023-07-06,5853
2882,國泰金,13,0,13,統一-中壢,2023-07-06,5853
2301,光寶科,13,0,13,統一-中壢,2023-07-06,5853
00632R,元大台灣50反1,535,0,535,統一-中壢,2023-07-07,5853
2885,元大金,202,0,202,統一-中壢,2023-07-07,5853
2618,長榮航,236,37,199,統一-中壢,2023-07-07,5853
00929,復華台灣科技優息,74,0,74,統一-中壢,2023-07-07,5853
00878,國泰永續高股息,68,0,68,統一-中壢,2023-07-07,5853
3481,群創,64,3,61,統一-中壢,2023-07-07,5853
00720B,元大投資級公司債,58,2,56,統一-中壢,2023-07-07,5853
2369,菱生,54,0,54,統一-中壢,2023-07-07,5853
5388,中磊,61,11,50,統一-中壢,2023-07-07,5853
00679B,元大美債20年,41,0,41,統一-中壢,2023-07-07,5853
2347,聯強,39,0,39,統一-中壢,2023-07-07,5853
1314,中石化,35,0,35,統一-中壢,2023-07-07,5853
0056,元大高股息,36,1,35,統一-中壢,2023-07-07,5853
2409,友達,37,7,30,統一-中壢,2023-07-07,5853
2323,中環,30,0,30,統一-中壢,2023-07-07,5853
00673R,期元大S＆P原油反1,30,0,30,統一-中壢,2023-07-07,5853
1907,永豐餘,30,0,30,統一-中壢,2023-07-07,5853
3443,創意,32,2,30,統一-中壢,2023-07-07,5853
4934,太極,31,1,30,統一-中壢,2023-07-07,5853
00772B,中信高評級公司債,27,0,27,統一-中壢,2023-07-07,5853
00637L,元大滬深300正2,26,0,26,統一-中壢,2023-07-07,5853
00680L,元大美債20正2,25,0,25,統一-中壢,2023-07-07,5853
5465,富驊,25,2,23,統一-中壢,2023-07-07,5853
3231,緯創,65,42,23,統一-中壢,2023-07-07,5853
2891,中信金,22,0,22,統一-中壢,2023-07-07,5853
00928,中信上櫃ESG30,21,0,21,統一-中壢,2023-07-07,5853
1101,台泥,20,0,20,統一-中壢,2023-07-07,5853
1312,國喬,20,0,20,統一-中壢,2023-07-07,5853
2353,宏��,21,1,20,統一-中壢,2023-07-07,5853
5315,光聯,20,0,20,統一-中壢,2023-07-07,5853
5871,中租-KY,17,0,17,統一-中壢,2023-07-07,5853
00751B,元大AAA至A公司債,22,5,17,統一-中壢,2023-07-07,5853
00927,群益半導體收益,16,0,16,統一-中壢,2023-07-07,5853
5864,致和證,16,0,16,統一-中壢,2023-07-07,5853
8215,明基材,16,0,16,統一-中壢,2023-07-07,5853
00753L,中信中國50正2,15,0,15,統一-中壢,2023-07-07,5853
4977,眾達-KY,15,0,15,統一-中壢,2023-07-07,5853
6282,康舒,21,7,14,統一-中壢,2023-07-07,5853
6829,千附精密,14,0,14,統一-中壢,2023-07-07,5853
2888,新光金,32,20,12,統一-中壢,2023-07-07,5853
3163,波若威,13,1,12,統一-中壢,2023-07-07,5853
6026,福邦證,12,0,12,統一-中壢,2023-07-07,5853
5880,合庫金,11,0,11,統一-中壢,2023-07-07,5853
1609,大亞,15,4,11,統一-中壢,2023-07-07,5853
2380,虹光,11,0,11,統一-中壢,2023-07-07,5853
2442,新美齊,11,0,11,統一-中壢,2023-07-07,5853
3706,神達,31,20,11,統一-中壢,2023-07-07,5853
2882,國泰金,11,0,11,統一-中壢,2023-07-07,5853
8271,宇瞻,11,0,11,統一-中壢,2023-07-07,5853
6285,啟��,12,2,10,統一-中壢,2023-07-07,5853
3645,達邁,138,0,138,統一-中壢,2023-07-10,5853
00927,群益半導體收益,110,0,110,統一-中壢,2023-07-10,5853
5388,中磊,80,3,77,統一-中壢,2023-07-10,5853
2884,玉山金,65,0,65,統一-中壢,2023-07-10,5853
2609,陽明,87,29,58,統一-中壢,2023-07-10,5853
2409,友達,63,6,57,統一-中壢,2023-07-10,5853
6016,康和證,43,2,41,統一-中壢,2023-07-10,5853
1102,亞泥,40,0,40,統一-中壢,2023-07-10,5853
1504,東元,50,11,39,統一-中壢,2023-07-10,5853
00673R,期元大S＆P原油反1,33,0,33,統一-中壢,2023-07-10,5853
5009,榮剛,34,1,33,統一-中壢,2023-07-10,5853
6274,台燿,36,3,33,統一-中壢,2023-07-10,5853
8049,晶采,32,0,32,統一-中壢,2023-07-10,5853
00679B,元大美債20年,32,1,31,統一-中壢,2023-07-10,5853
2105,正新,30,0,30,統一-中壢,2023-07-10,5853
2367,燿華,27,0,27,統一-中壢,2023-07-10,5853
4532,瑞智,54,27,27,統一-中壢,2023-07-10,5853
00929,復華台灣科技優息,26,0,26,統一-中壢,2023-07-10,5853
00665L,富邦�琤肭磪囓�2,26,4,22,統一-中壢,2023-07-10,5853
6026,福邦證,27,5,22,統一-中壢,2023-07-10,5853
2317,鴻海,22,2,20,統一-中壢,2023-07-10,5853
1444,力麗,20,0,20,統一-中壢,2023-07-10,5853
3357,臺慶科,20,0,20,統一-中壢,2023-07-10,5853
2330,台積電,20,1,19,統一-中壢,2023-07-10,5853
3013,晟銘電,19,1,18,統一-中壢,2023-07-10,5853
6282,康舒,43,25,18,統一-中壢,2023-07-10,5853
2324,仁寶,36,20,16,統一-中壢,2023-07-10,5853
3078,僑威,16,0,16,統一-中壢,2023-07-10,5853
3704,合勤控,19,3,16,統一-中壢,2023-07-10,5853
5274,信驊,15,0,15,統一-中壢,2023-07-10,5853
4919,新唐,15,0,15,統一-中壢,2023-07-10,5853
3363,上詮,17,2,15,統一-中壢,2023-07-10,5853
3042,晶技,14,0,14,統一-中壢,2023-07-10,5853
3443,創意,18,4,14,統一-中壢,2023-07-10,5853
00772B,中信高評級公司債,16,2,14,統一-中壢,2023-07-10,5853
2303,聯電,33,20,13,統一-中壢,2023-07-10,5853
6104,創惟,20,7,13,統一-中壢,2023-07-10,5853
3022,威強電,11,0,11,統一-中壢,2023-07-10,5853
00751B,元大AAA至A公司債,12,1,11,統一-中壢,2023-07-10,5853
2308,台達電,11,0,11,統一-中壢,2023-07-10,5853
2342,茂矽,12,1,11,統一-中壢,2023-07-10,5853
2614,東森,11,0,11,統一-中壢,2023-07-10,5853
1314,中石化,10,0,10,統一-中壢,2023-07-10,5853
3231,緯創,87,77,10,統一-中壢,2023-07-10,5853
2405,輔信,10,0,10,統一-中壢,2023-07-10,5853
2855,統一證,10,0,10,統一-中壢,2023-07-10,5853
3049,精金,10,0,10,統一-中壢,2023-07-10,5853
3416,融程電,10,0,10,統一-中壢,2023-07-10,5853
3518,柏騰,10,0,10,統一-中壢,2023-07-10,5853
5356,協益,10,0,10,統一-中壢,2023-07-10,5853
2409,友達,852,71,781,統一-中壢,2023-07-11,5853
3645,達邁,629,0,629,統一-中壢,2023-07-11,5853
6288,聯嘉,70,0,70,統一-中壢,2023-07-11,5853
6142,友勁,51,0,51,統一-中壢,2023-07-11,5853
00632R,元大台灣50反1,90,45,45,統一-中壢,2023-07-11,5853
9919,康那香,41,0,41,統一-中壢,2023-07-11,5853
2838,聯邦銀,40,0,40,統一-中壢,2023-07-11,5853
2618,長榮航,71,36,35,統一-中壢,2023-07-11,5853
1218,泰山,33,0,33,統一-中壢,2023-07-11,5853
4114,健喬,33,0,33,統一-中壢,2023-07-11,5853
1810,和成,33,1,32,統一-中壢,2023-07-11,5853
5388,中磊,30,0,30,統一-中壢,2023-07-11,5853
1314,中石化,29,0,29,統一-中壢,2023-07-11,5853
2884,玉山金,30,2,28,統一-中壢,2023-07-11,5853
2340,台亞,37,15,22,統一-中壢,2023-07-11,5853
1809,中釉,22,1,21,統一-中壢,2023-07-11,5853
3052,夆典,20,0,20,統一-中壢,2023-07-11,5853
6118,建達,20,0,20,統一-中壢,2023-07-11,5853
2328,廣宇,27,10,17,統一-中壢,2023-07-11,5853
2609,陽明,22,7,15,統一-中壢,2023-07-11,5853
1504,東元,21,6,15,統一-中壢,2023-07-11,5853
3260,威剛,15,0,15,統一-中壢,2023-07-11,5853
6217,中探針,15,0,15,統一-中壢,2023-07-11,5853
2317,鴻海,12,0,12,統一-中壢,2023-07-11,5853
1528,恩德,11,0,11,統一-中壢,2023-07-11,5853
3372,典範,11,0,11,統一-中壢,2023-07-11,5853
6120,達運,18,7,11,統一-中壢,2023-07-11,5853
020038,元大ESG配息N,10,0,10,統一-中壢,2023-07-11,5853
1215,卜蜂,10,0,10,統一-中壢,2023-07-11,5853
2022,聚亨,10,0,10,統一-中壢,2023-07-11,5853
2401,凌陽,11,1,10,統一-中壢,2023-07-11,5853
2534,宏盛,10,0,10,統一-中壢,2023-07-11,5853
2850,新產,10,0,10,統一-中壢,2023-07-11,5853
5439,高技,10,0,10,統一-中壢,2023-07-11,5853
5519,隆大,10,0,10,統一-中壢,2023-07-11,5853
6168,宏齊,11,1,10,統一-中壢,2023-07-11,5853
8049,晶采,10,0,10,統一-中壢,2023-07-11,5853
00712,復華富時不動產,9,0,9,統一-中壢,2023-07-11,5853
00772B,中信高評級公司債,10,1,9,統一-中壢,2023-07-11,5853
2385,群光,11,2,9,統一-中壢,2023-07-11,5853
3035,智原,13,4,9,統一-中壢,2023-07-11,5853
4938,和碩,10,1,9,統一-中壢,2023-07-11,5853
8271,宇瞻,11,2,9,統一-中壢,2023-07-11,5853
8927,北基,10,1,9,統一-中壢,2023-07-11,5853
2614,東森,9,1,8,統一-中壢,2023-07-11,5853
3706,神達,11,3,8,統一-中壢,2023-07-11,5853
2308,台達電,11,4,7,統一-中壢,2023-07-11,5853
1540,喬福,7,0,7,統一-中壢,2023-07-11,5853
1736,喬山,7,0,7,統一-中壢,2023-07-11,5853
2014,中鴻,8,1,7,統一-中壢,2023-07-11,5853
6188,廣明,366,41,325,統一-中壢,2023-07-12,5853
00680L,元大美債20正2,102,10,92,統一-中壢,2023-07-12,5853
6288,聯嘉,60,0,60,統一-中壢,2023-07-12,5853
2303,聯電,61,2,59,統一-中壢,2023-07-12,5853
2323,中環,68,25,43,統一-中壢,2023-07-12,5853
2609,陽明,55,13,42,統一-中壢,2023-07-12,5853
3545,敦泰,39,0,39,統一-中壢,2023-07-12,5853
2498,宏達電,66,28,38,統一-中壢,2023-07-12,5853
2427,三商電,35,1,34,統一-中壢,2023-07-12,5853
2031,新光鋼,33,0,33,統一-中壢,2023-07-12,5853
1616,億泰,30,0,30,統一-中壢,2023-07-12,5853
2489,瑞軒,30,0,30,統一-中壢,2023-07-12,5853
2601,益航,30,0,30,統一-中壢,2023-07-12,5853
3265,台星科,38,10,28,統一-中壢,2023-07-12,5853
3444,利機,27,0,27,統一-中壢,2023-07-12,5853
1810,和成,33,7,26,統一-中壢,2023-07-12,5853
3052,夆典,24,0,24,統一-中壢,2023-07-12,5853
1584,精剛,22,0,22,統一-中壢,2023-07-12,5853
5388,中磊,22,1,21,統一-中壢,2023-07-12,5853
2734,易飛網,20,0,20,統一-中壢,2023-07-12,5853
4533,協易機,23,3,20,統一-中壢,2023-07-12,5853
6285,啟��,26,7,19,統一-中壢,2023-07-12,5853
3540,曜越,24,5,19,統一-中壢,2023-07-12,5853
8271,宇瞻,19,0,19,統一-中壢,2023-07-12,5853
2312,金寶,23,6,17,統一-中壢,2023-07-12,5853
3583,辛耘,23,6,17,統一-中壢,2023-07-12,5853
00673R,期元大S＆P原油反1,16,0,16,統一-中壢,2023-07-12,5853
4746,台耀,16,0,16,統一-中壢,2023-07-12,5853
6120,達運,23,7,16,統一-中壢,2023-07-12,5853
3231,緯創,83,67,16,統一-中壢,2023-07-12,5853
2030,彰源,15,0,15,統一-中壢,2023-07-12,5853
2883,凱基金,24,10,14,統一-中壢,2023-07-12,5853
6443,元晶,13,0,13,統一-中壢,2023-07-12,5853
8028,昇陽半導體,13,0,13,統一-中壢,2023-07-12,5853
00712,復華富時不動產,12,0,12,統一-中壢,2023-07-12,5853
2359,所羅門,14,2,12,統一-中壢,2023-07-12,5853
5351,鈺創,16,5,11,統一-中壢,2023-07-12,5853
9904,寶成,11,0,11,統一-中壢,2023-07-12,5853
2486,一詮,24,13,11,統一-中壢,2023-07-12,5853
2497,怡利電,15,4,11,統一-中壢,2023-07-12,5853
3481,群創,54,44,10,統一-中壢,2023-07-12,5853
2409,友達,10,0,10,統一-中壢,2023-07-12,5853
1312,國喬,10,0,10,統一-中壢,2023-07-12,5853
1467,南緯,10,0,10,統一-中壢,2023-07-12,5853
2867,三商壽,10,0,10,統一-中壢,2023-07-12,5853
3047,訊舟,10,0,10,統一-中壢,2023-07-12,5853
3167,大量,10,0,10,統一-中壢,2023-07-12,5853
5465,富驊,10,0,10,統一-中壢,2023-07-12,5853
00929,復華台灣科技優息,14,5,9,統一-中壢,2023-07-12,5853
5425,台半,11,2,9,統一-中壢,2023-07-12,5853
2884,玉山金,211,5,206,統一-中壢,2023-07-13,5853
2324,仁寶,229,100,129,統一-中壢,2023-07-13,5853
1605,華新,135,10,125,統一-中壢,2023-07-13,5853
00673R,期元大S＆P原油反1,110,0,110,統一-中壢,2023-07-13,5853
2618,長榮航,107,19,88,統一-中壢,2023-07-13,5853
2303,聯電,71,3,68,統一-中壢,2023-07-13,5853
3596,智易,73,5,68,統一-中壢,2023-07-13,5853
5388,中磊,84,23,61,統一-中壢,2023-07-13,5853
00922,國泰台灣領袖50,59,1,58,統一-中壢,2023-07-13,5853
2609,陽明,63,15,48,統一-中壢,2023-07-13,5853
00930,永豐ESG低碳高息,47,0,47,統一-中壢,2023-07-13,5853
00642U,期元大S＆P石油,60,17,43,統一-中壢,2023-07-13,5853
6282,康舒,54,11,43,統一-中壢,2023-07-13,5853
1609,大亞,62,21,41,統一-中壢,2023-07-13,5853
8936,國統,40,3,37,統一-中壢,2023-07-13,5853
2481,強茂,38,3,35,統一-中壢,2023-07-13,5853
2486,一詮,39,8,31,統一-中壢,2023-07-13,5853
00720B,元大投資級公司債,30,0,30,統一-中壢,2023-07-13,5853
1785,光洋科,30,0,30,統一-中壢,2023-07-13,5853
3003,健和興,30,1,29,統一-中壢,2023-07-13,5853
8210,勤誠,50,28,22,統一-中壢,2023-07-13,5853
2376,技嘉,46,24,22,統一-中壢,2023-07-13,5853
1584,精剛,21,0,21,統一-中壢,2023-07-13,5853
6290,良維,21,0,21,統一-中壢,2023-07-13,5853
1714,和桐,20,0,20,統一-中壢,2023-07-13,5853
2385,群光,19,0,19,統一-中壢,2023-07-13,5853
2356,英業達,85,67,18,統一-中壢,2023-07-13,5853
3706,神達,34,17,17,統一-中壢,2023-07-13,5853
3714,富采,17,0,17,統一-中壢,2023-07-13,5853
5439,高技,23,6,17,統一-中壢,2023-07-13,5853
4533,協易機,33,17,16,統一-中壢,2023-07-13,5853
6285,啟��,42,26,16,統一-中壢,2023-07-13,5853
2701,萬企,15,0,15,統一-中壢,2023-07-13,5853
2885,元大金,20,5,15,統一-中壢,2023-07-13,5853
00712,復華富時不動產,15,0,15,統一-中壢,2023-07-13,5853
1810,和成,15,1,14,統一-中壢,2023-07-13,5853
3325,旭品,14,0,14,統一-中壢,2023-07-13,5853
3711,日月光投控,14,0,14,統一-中壢,2023-07-13,5853
8049,晶采,14,0,14,統一-中壢,2023-07-13,5853
1319,東陽,13,0,13,統一-中壢,2023-07-13,5853
6176,瑞儀,13,0,13,統一-中壢,2023-07-13,5853
2313,華通,13,0,13,統一-中壢,2023-07-13,5853
2882,國泰金,14,1,13,統一-中壢,2023-07-13,5853
2504,國產,11,0,11,統一-中壢,2023-07-13,5853
2891,中信金,11,0,11,統一-中壢,2023-07-13,5853
6245,立端,15,4,11,統一-中壢,2023-07-13,5853
6279,胡連,11,0,11,統一-中壢,2023-07-13,5853
00907,永豐優息存股,10,0,10,統一-中壢,2023-07-13,5853
1467,南緯,10,0,10,統一-中壢,2023-07-13,5853
3545,敦泰,10,0,10,統一-中壢,2023-07-13,5853
2388,威盛,503,13,490,統一-中壢,2023-07-14,5853
00637L,元大滬深300正2,274,7,267,統一-中壢,2023-07-14,5853
00929,復華台灣科技優息,206,14,192,統一-中壢,2023-07-14,5853
2812,台中銀,150,0,150,統一-中壢,2023-07-14,5853
2367,燿華,118,1,117,統一-中壢,2023-07-14,5853
3706,神達,124,9,115,統一-中壢,2023-07-14,5853
2312,金寶,114,0,114,統一-中壢,2023-07-14,5853
2610,華航,183,89,94,統一-中壢,2023-07-14,5853
1308,亞聚,89,0,89,統一-中壢,2023-07-14,5853
00930,永豐ESG低碳高息,78,0,78,統一-中壢,2023-07-14,5853
2618,長榮航,201,130,71,統一-中壢,2023-07-14,5853
2855,統一證,68,0,68,統一-中壢,2023-07-14,5853
00673R,期元大S＆P原油反1,66,0,66,統一-中壢,2023-07-14,5853
3596,智易,53,0,53,統一-中壢,2023-07-14,5853
6288,聯嘉,53,3,50,統一-中壢,2023-07-14,5853
1815,富喬,40,0,40,統一-中壢,2023-07-14,5853
00720B,元大投資級公司債,36,2,34,統一-中壢,2023-07-14,5853
1785,光洋科,30,0,30,統一-中壢,2023-07-14,5853
8201,無敵,30,0,30,統一-中壢,2023-07-14,5853
2409,友達,37,10,27,統一-中壢,2023-07-14,5853
1605,華新,42,16,26,統一-中壢,2023-07-14,5853
6016,康和證,24,0,24,統一-中壢,2023-07-14,5853
1471,首利,24,1,23,統一-中壢,2023-07-14,5853
2324,仁寶,22,0,22,統一-中壢,2023-07-14,5853
1618,合機,23,3,20,統一-中壢,2023-07-14,5853
3645,達邁,21,1,20,統一-中壢,2023-07-14,5853
2609,陽明,32,13,19,統一-中壢,2023-07-14,5853
4938,和碩,18,0,18,統一-中壢,2023-07-14,5853
5371,中光電,18,0,18,統一-中壢,2023-07-14,5853
6026,福邦證,17,0,17,統一-中壢,2023-07-14,5853
6207,雷科,17,0,17,統一-中壢,2023-07-14,5853
00665L,富邦�琤肭磪囓�2,17,1,16,統一-中壢,2023-07-14,5853
2371,大同,44,28,16,統一-中壢,2023-07-14,5853
3003,健和興,15,0,15,統一-中壢,2023-07-14,5853
5864,致和證,15,0,15,統一-中壢,2023-07-14,5853
3049,精金,15,1,14,統一-中壢,2023-07-14,5853
4953,緯軟,14,0,14,統一-中壢,2023-07-14,5853
2634,漢翔,19,6,13,統一-中壢,2023-07-14,5853
2884,玉山金,15,2,13,統一-中壢,2023-07-14,5853
2328,廣宇,23,11,12,統一-中壢,2023-07-14,5853
2344,華邦電,15,3,12,統一-中壢,2023-07-14,5853
2489,瑞軒,12,0,12,統一-中壢,2023-07-14,5853
5426,振發,12,0,12,統一-中壢,2023-07-14,5853
6109,亞元,12,0,12,統一-中壢,2023-07-14,5853
6517,保勝光學,12,0,12,統一-中壢,2023-07-14,5853
2002,中鋼,11,0,11,統一-中壢,2023-07-14,5853
3372,典範,11,0,11,統一-中壢,2023-07-14,5853
3701,大眾控,11,0,11,統一-中壢,2023-07-14,5853
4960,誠美材,11,0,11,統一-中壢,2023-07-14,5853
8105,凌巨,11,0,11,統一-中壢,2023-07-14,5853
00929,復華台灣科技優息,299,59,240,統一-中壢,2023-07-17,5853
00712,復華富時不動產,203,2,201,統一-中壢,2023-07-17,5853
0056,元大高股息,204,35,169,統一-中壢,2023-07-17,5853
00637L,元大滬深300正2,107,0,107,統一-中壢,2023-07-17,5853
2855,統一證,103,0,103,統一-中壢,2023-07-17,5853
2618,長榮航,154,85,69,統一-中壢,2023-07-17,5853
2344,華邦電,62,9,53,統一-中壢,2023-07-17,5853
2882,國泰金,60,12,48,統一-中壢,2023-07-17,5853
00878,國泰永續高股息,101,60,41,統一-中壢,2023-07-17,5853
3712,永崴投控,41,0,41,統一-中壢,2023-07-17,5853
3706,神達,46,6,40,統一-中壢,2023-07-17,5853
2002,中鋼,40,0,40,統一-中壢,2023-07-17,5853
3338,泰碩,38,1,37,統一-中壢,2023-07-17,5853
2328,廣宇,36,0,36,統一-中壢,2023-07-17,5853
00679B,元大美債20年,34,0,34,統一-中壢,2023-07-17,5853
2610,華航,93,59,34,統一-中壢,2023-07-17,5853
2356,英業達,67,35,32,統一-中壢,2023-07-17,5853
2534,宏盛,31,0,31,統一-中壢,2023-07-17,5853
2312,金寶,34,5,29,統一-中壢,2023-07-17,5853
00930,永豐ESG低碳高息,28,0,28,統一-中壢,2023-07-17,5853
1504,東元,46,18,28,統一-中壢,2023-07-17,5853
2331,精英,34,6,28,統一-中壢,2023-07-17,5853
3038,全台,31,3,28,統一-中壢,2023-07-17,5853
1711,永光,29,4,25,統一-中壢,2023-07-17,5853
3231,緯創,29,6,23,統一-中壢,2023-07-17,5853
2352,佳世達,27,5,22,統一-中壢,2023-07-17,5853
3234,光環,36,14,22,統一-中壢,2023-07-17,5853
2308,台達電,20,0,20,統一-中壢,2023-07-17,5853
00905,FT臺灣Smart,18,0,18,統一-中壢,2023-07-17,5853
00665L,富邦�琤肭磪囓�2,17,0,17,統一-中壢,2023-07-17,5853
2402,毅嘉,21,4,17,統一-中壢,2023-07-17,5853
3665,貿聯-KY,17,0,17,統一-中壢,2023-07-17,5853
2329,華泰,42,27,15,統一-中壢,2023-07-17,5853
3645,達邁,15,0,15,統一-中壢,2023-07-17,5853
4123,晟德,23,8,15,統一-中壢,2023-07-17,5853
1503,士電,25,10,15,統一-中壢,2023-07-17,5853
2324,仁寶,49,34,15,統一-中壢,2023-07-17,5853
2382,廣達,35,21,14,統一-中壢,2023-07-17,5853
8050,廣積,23,9,14,統一-中壢,2023-07-17,5853
5607,遠雄港,13,0,13,統一-中壢,2023-07-17,5853
6207,雷科,13,0,13,統一-中壢,2023-07-17,5853
3037,欣興,20,8,12,統一-中壢,2023-07-17,5853
00673R,期元大S＆P原油反1,50,38,12,統一-中壢,2023-07-17,5853
2498,宏達電,17,5,12,統一-中壢,2023-07-17,5853
2887,台新金,12,0,12,統一-中壢,2023-07-17,5853
8936,國統,19,7,12,統一-中壢,2023-07-17,5853
3005,神基,11,0,11,統一-中壢,2023-07-17,5853
6414,樺漢,11,0,11,統一-中壢,2023-07-17,5853
3380,明泰,12,1,11,統一-中壢,2023-07-17,5853
00722B,群益投資級電信債,10,0,10,統一-中壢,2023-07-17,5853
00929,復華台灣科技優息,223,66,157,統一-中壢,2023-07-18,5853
1605,華新,91,1,90,統一-中壢,2023-07-18,5853
3706,神達,189,104,85,統一-中壢,2023-07-18,5853
00712,復華富時不動產,81,1,80,統一-中壢,2023-07-18,5853
2634,漢翔,77,1,76,統一-中壢,2023-07-18,5853
2312,金寶,159,84,75,統一-中壢,2023-07-18,5853
2515,中工,67,0,67,統一-中壢,2023-07-18,5853
3047,訊舟,56,0,56,統一-中壢,2023-07-18,5853
3596,智易,73,19,54,統一-中壢,2023-07-18,5853
00882,中信中國高股息,50,0,50,統一-中壢,2023-07-18,5853
2353,宏��,125,86,39,統一-中壢,2023-07-18,5853
3704,合勤控,54,16,38,統一-中壢,2023-07-18,5853
2324,仁寶,131,93,38,統一-中壢,2023-07-18,5853
2362,藍天,39,4,35,統一-中壢,2023-07-18,5853
00720B,元大投資級公司債,34,0,34,統一-中壢,2023-07-18,5853
00722B,群益投資級電信債,32,0,32,統一-中壢,2023-07-18,5853
1513,中興電,58,27,31,統一-中壢,2023-07-18,5853
3305,昇貿,38,7,31,統一-中壢,2023-07-18,5853
6188,廣明,41,10,31,統一-中壢,2023-07-18,5853
1514,亞力,35,5,30,統一-中壢,2023-07-18,5853
1609,大亞,50,20,30,統一-中壢,2023-07-18,5853
2374,佳能,42,13,29,統一-中壢,2023-07-18,5853
2449,京元電子,59,31,28,統一-中壢,2023-07-18,5853
4906,正文,28,0,28,統一-中壢,2023-07-18,5853
4533,協易機,30,5,25,統一-中壢,2023-07-18,5853
00930,永豐ESG低碳高息,25,0,25,統一-中壢,2023-07-18,5853
5443,均豪,25,0,25,統一-中壢,2023-07-18,5853
2356,英業達,100,75,25,統一-中壢,2023-07-18,5853
00679B,元大美債20年,25,0,25,統一-中壢,2023-07-18,5853
3003,健和興,25,2,23,統一-中壢,2023-07-18,5853
4746,台耀,36,13,23,統一-中壢,2023-07-18,5853
4938,和碩,52,30,22,統一-中壢,2023-07-18,5853
2382,廣達,50,28,22,統一-中壢,2023-07-18,5853
1711,永光,30,8,22,統一-中壢,2023-07-18,5853
3189,景碩,43,21,22,統一-中壢,2023-07-18,5853
2610,華航,32,11,21,統一-中壢,2023-07-18,5853
2457,飛宏,52,32,20,統一-中壢,2023-07-18,5853
5315,光聯,20,0,20,統一-中壢,2023-07-18,5853
2492,華新科,20,1,19,統一-中壢,2023-07-18,5853
2388,威盛,30,13,17,統一-中壢,2023-07-18,5853
2354,鴻準,24,7,17,統一-中壢,2023-07-18,5853
6220,岳豐,21,4,17,統一-中壢,2023-07-18,5853
1784,訊聯,16,0,16,統一-中壢,2023-07-18,5853
2201,裕隆,16,1,15,統一-中壢,2023-07-18,5853
6282,康舒,61,46,15,統一-中壢,2023-07-18,5853
1611,中電,15,0,15,統一-中壢,2023-07-18,5853
3362,先進光,20,5,15,統一-中壢,2023-07-18,5853
4714,永捷,17,3,14,統一-中壢,2023-07-18,5853
1503,士電,18,6,12,統一-中壢,2023-07-18,5853
2701,萬企,13,1,12,統一-中壢,2023-07-18,5853
2303,聯電,106,2,104,統一-中壢,2023-07-19,5853
00929,復華台灣科技優息,105,2,103,統一-中壢,2023-07-19,5853
2610,華航,101,19,82,統一-中壢,2023-07-19,5853
3645,達邁,76,0,76,統一-中壢,2023-07-19,5853
3265,台星科,73,6,67,統一-中壢,2023-07-19,5853
2618,長榮航,74,29,45,統一-中壢,2023-07-19,5853
00632R,元大台灣50反1,40,0,40,統一-中壢,2023-07-19,5853
3624,光頡,40,0,40,統一-中壢,2023-07-19,5853
2329,華泰,69,30,39,統一-中壢,2023-07-19,5853
5880,合庫金,36,0,36,統一-中壢,2023-07-19,5853
3706,神達,125,92,33,統一-中壢,2023-07-19,5853
2399,映泰,35,4,31,統一-中壢,2023-07-19,5853
2388,威盛,30,1,29,統一-中壢,2023-07-19,5853
2409,友達,29,2,27,統一-中壢,2023-07-19,5853
3596,智易,27,0,27,統一-中壢,2023-07-19,5853
6770,力積電,27,1,26,統一-中壢,2023-07-19,5853
3078,僑威,34,8,26,統一-中壢,2023-07-19,5853
00900,富邦特選高股息30,24,0,24,統一-中壢,2023-07-19,5853
00753L,中信中國50正2,23,0,23,統一-中壢,2023-07-19,5853
2834,臺企銀,32,11,21,統一-中壢,2023-07-19,5853
2603,長榮,21,1,20,統一-中壢,2023-07-19,5853
8096,擎亞,20,0,20,統一-中壢,2023-07-19,5853
8403,盛弘,23,3,20,統一-中壢,2023-07-19,5853
2317,鴻海,21,2,19,統一-中壢,2023-07-19,5853
3189,景碩,26,8,18,統一-中壢,2023-07-19,5853
3481,群創,32,15,17,統一-中壢,2023-07-19,5853
4566,時碩工業,22,5,17,統一-中壢,2023-07-19,5853
6443,元晶,17,0,17,統一-中壢,2023-07-19,5853
1319,東陽,16,0,16,統一-中壢,2023-07-19,5853
3338,泰碩,20,4,16,統一-中壢,2023-07-19,5853
3704,合勤控,16,0,16,統一-中壢,2023-07-19,5853
6188,廣明,22,6,16,統一-中壢,2023-07-19,5853
1618,合機,15,0,15,統一-中壢,2023-07-19,5853
2352,佳世達,23,8,15,統一-中壢,2023-07-19,5853
6282,康舒,38,24,14,統一-中壢,2023-07-19,5853
2867,三商壽,13,0,13,統一-中壢,2023-07-19,5853
3518,柏騰,13,0,13,統一-中壢,2023-07-19,5853
2801,彰銀,12,0,12,統一-中壢,2023-07-19,5853
2331,精英,12,1,11,統一-中壢,2023-07-19,5853
2353,宏��,79,68,11,統一-中壢,2023-07-19,5853
2891,中信金,13,2,11,統一-中壢,2023-07-19,5853
3037,欣興,39,28,11,統一-中壢,2023-07-19,5853
3038,全台,11,0,11,統一-中壢,2023-07-19,5853
6235,華孚,17,7,10,統一-中壢,2023-07-19,5853
00882,中信中國高股息,13,3,10,統一-中壢,2023-07-19,5853
1312,國喬,10,0,10,統一-中壢,2023-07-19,5853
1611,中電,10,0,10,統一-中壢,2023-07-19,5853
2102,泰豐,10,0,10,統一-中壢,2023-07-19,5853
2838,聯邦銀,10,0,10,統一-中壢,2023-07-19,5853
3149,正達,11,1,10,統一-中壢,2023-07-19,5853
2324,仁寶,170,14,156,統一-中壢,2023-07-20,5853
2834,臺企銀,82,4,78,統一-中壢,2023-07-20,5853
4123,晟德,66,8,58,統一-中壢,2023-07-20,5853
6133,金橋,50,0,50,統一-中壢,2023-07-20,5853
3645,達邁,49,0,49,統一-中壢,2023-07-20,5853
00882,中信中國高股息,57,10,47,統一-中壢,2023-07-20,5853
2303,聯電,75,31,44,統一-中壢,2023-07-20,5853
2352,佳世達,52,11,41,統一-中壢,2023-07-20,5853
2641,正德,40,0,40,統一-中壢,2023-07-20,5853
3163,波若威,34,1,33,統一-中壢,2023-07-20,5853
1467,南緯,31,0,31,統一-中壢,2023-07-20,5853
6150,撼訊,36,6,30,統一-中壢,2023-07-20,5853
2382,廣達,67,38,29,統一-中壢,2023-07-20,5853
2388,威盛,30,1,29,統一-中壢,2023-07-20,5853
6285,啟��,33,6,27,統一-中壢,2023-07-20,5853
1308,亞聚,26,0,26,統一-中壢,2023-07-20,5853
2329,華泰,33,12,21,統一-中壢,2023-07-20,5853
00929,復華台灣科技優息,20,0,20,統一-中壢,2023-07-20,5853
2108,南帝,20,0,20,統一-中壢,2023-07-20,5853
2609,陽明,40,23,17,統一-中壢,2023-07-20,5853
00924,復華S＆P500成長,17,1,16,統一-中壢,2023-07-20,5853
2419,仲琦,15,0,15,統一-中壢,2023-07-20,5853
6120,達運,22,7,15,統一-中壢,2023-07-20,5853
1905,華紙,27,13,14,統一-中壢,2023-07-20,5853
2313,華通,19,6,13,統一-中壢,2023-07-20,5853
3264,欣銓,20,7,13,統一-中壢,2023-07-20,5853
4746,台耀,14,1,13,統一-中壢,2023-07-20,5853
4938,和碩,14,2,12,統一-中壢,2023-07-20,5853
2484,希華,11,0,11,統一-中壢,2023-07-20,5853
3037,欣興,19,8,11,統一-中壢,2023-07-20,5853
2206,三陽工業,14,4,10,統一-中壢,2023-07-20,5853
1102,亞泥,10,0,10,統一-中壢,2023-07-20,5853
00636,國泰中國A50,10,0,10,統一-中壢,2023-07-20,5853
6191,精成科,12,2,10,統一-中壢,2023-07-20,5853
1444,力麗,10,0,10,統一-中壢,2023-07-20,5853
2337,旺宏,9,0,9,統一-中壢,2023-07-20,5853
3349,寶德,9,0,9,統一-中壢,2023-07-20,5853
2481,強茂,19,10,9,統一-中壢,2023-07-20,5853
2461,光群雷,13,5,8,統一-中壢,2023-07-20,5853
5469,瀚宇博,8,0,8,統一-中壢,2023-07-20,5853
6111,大宇資,8,0,8,統一-中壢,2023-07-20,5853
6443,元晶,11,3,8,統一-中壢,2023-07-20,5853
2897,王道銀行,10,3,7,統一-中壢,2023-07-20,5853
2801,彰銀,7,0,7,統一-中壢,2023-07-20,5853
3596,智易,7,0,7,統一-中壢,2023-07-20,5853
6278,台表科,10,3,7,統一-中壢,2023-07-20,5853
2887,台新金,6,0,6,統一-中壢,2023-07-20,5853
2330,台積電,7,1,6,統一-中壢,2023-07-20,5853
00893,國泰智能電動車,7,1,6,統一-中壢,2023-07-20,5853
00922,國泰台灣領袖50,6,0,6,統一-中壢,2023-07-20,5853
2618,長榮航,143,16,127,統一-中壢,2023-07-21,5853
00715L,期街口布蘭特正2,110,2,108,統一-中壢,2023-07-21,5853
00878,國泰永續高股息,98,38,60,統一-中壢,2023-07-21,5853
2330,台積電,54,1,53,統一-中壢,2023-07-21,5853
00679B,元大美債20年,44,0,44,統一-中壢,2023-07-21,5853
2303,聯電,44,6,38,統一-中壢,2023-07-21,5853
8086,宏捷科,51,14,37,統一-中壢,2023-07-21,5853
3025,星通,34,1,33,統一-中壢,2023-07-21,5853
00720B,元大投資級公司債,32,0,32,統一-中壢,2023-07-21,5853
2352,佳世達,30,0,30,統一-中壢,2023-07-21,5853
00665L,富邦�琤肭磪囓�2,39,11,28,統一-中壢,2023-07-21,5853
2609,陽明,47,19,28,統一-中壢,2023-07-21,5853
2388,威盛,29,1,28,統一-中壢,2023-07-21,5853
1605,華新,28,4,24,統一-中壢,2023-07-21,5853
3706,神達,31,8,23,統一-中壢,2023-07-21,5853
2014,中鴻,21,0,21,統一-中壢,2023-07-21,5853
2801,彰銀,21,0,21,統一-中壢,2023-07-21,5853
2484,希華,20,0,20,統一-中壢,2023-07-21,5853
6456,GIS-KY,20,0,20,統一-中壢,2023-07-21,5853
3013,晟銘電,44,25,19,統一-中壢,2023-07-21,5853
3037,欣興,22,4,18,統一-中壢,2023-07-21,5853
1514,亞力,23,7,16,統一-中壢,2023-07-21,5853
6112,邁達特,20,4,16,統一-中壢,2023-07-21,5853
00927,群益半導體收益,15,0,15,統一-中壢,2023-07-21,5853
00930,永豐ESG低碳高息,15,0,15,統一-中壢,2023-07-21,5853
2412,中華電,16,1,15,統一-中壢,2023-07-21,5853
2201,裕隆,15,1,14,統一-中壢,2023-07-21,5853
6188,廣明,43,29,14,統一-中壢,2023-07-21,5853
5425,台半,16,4,12,統一-中壢,2023-07-21,5853
1708,東鹼,12,0,12,統一-中壢,2023-07-21,5853
2002,中鋼,12,0,12,統一-中壢,2023-07-21,5853
3624,光頡,12,0,12,統一-中壢,2023-07-21,5853
4927,泰鼎-KY,12,0,12,統一-中壢,2023-07-21,5853
2630,亞航,13,2,11,統一-中壢,2023-07-21,5853
3071,協禧,12,1,11,統一-中壢,2023-07-21,5853
3693,營邦,18,7,11,統一-中壢,2023-07-21,5853
4916,事欣科,20,9,11,統一-中壢,2023-07-21,5853
9907,統一實,11,0,11,統一-中壢,2023-07-21,5853
2610,華航,58,47,11,統一-中壢,2023-07-21,5853
00902,中信電池及儲能,10,0,10,統一-中壢,2023-07-21,5853
2453,凌群,10,0,10,統一-中壢,2023-07-21,5853
2612,中航,10,0,10,統一-中壢,2023-07-21,5853
2890,永豐金,10,0,10,統一-中壢,2023-07-21,5853
6005,群益證,10,0,10,統一-中壢,2023-07-21,5853
6285,啟��,11,1,10,統一-中壢,2023-07-21,5853
2884,玉山金,13,3,10,統一-中壢,2023-07-21,5853
8261,富鼎,9,0,9,統一-中壢,2023-07-21,5853
4961,天鈺,11,2,9,統一-中壢,2023-07-21,5853
1102,亞泥,9,0,9,統一-中壢,2023-07-21,5853
4919,新唐,9,0,9,統一-中壢,2023-07-21,5853
2887,台新金,262,0,262,統一-中壢,2023-07-24,5853
00772B,中信高評級公司債,105,0,105,統一-中壢,2023-07-24,5853
2353,宏��,142,42,100,統一-中壢,2023-07-24,5853
00725B,國泰投資級公司債,78,0,78,統一-中壢,2023-07-24,5853
3265,台星科,73,2,71,統一-中壢,2023-07-24,5853
00929,復華台灣科技優息,70,0,70,統一-中壢,2023-07-24,5853
3013,晟銘電,93,35,58,統一-中壢,2023-07-24,5853
8086,宏捷科,56,7,49,統一-中壢,2023-07-24,5853
2303,聯電,51,3,48,統一-中壢,2023-07-24,5853
00687B,國泰20年美債,45,0,45,統一-中壢,2023-07-24,5853
1609,大亞,50,7,43,統一-中壢,2023-07-24,5853
00751B,元大AAA至A公司債,40,0,40,統一-中壢,2023-07-24,5853
6104,創惟,37,3,34,統一-中壢,2023-07-24,5853
00927,群益半導體收益,31,0,31,統一-中壢,2023-07-24,5853
2388,威盛,31,0,31,統一-中壢,2023-07-24,5853
4938,和碩,31,3,28,統一-中壢,2023-07-24,5853
2603,長榮,26,0,26,統一-中壢,2023-07-24,5853
2542,興富發,23,0,23,統一-中壢,2023-07-24,5853
3338,泰碩,46,25,21,統一-中壢,2023-07-24,5853
3357,臺慶科,26,5,21,統一-中壢,2023-07-24,5853
3645,達邁,21,0,21,統一-中壢,2023-07-24,5853
00740B,富邦全球投等債,20,0,20,統一-中壢,2023-07-24,5853
1312,國喬,20,0,20,統一-中壢,2023-07-24,5853
00900,富邦特選高股息30,29,10,19,統一-中壢,2023-07-24,5853
2449,京元電子,21,2,19,統一-中壢,2023-07-24,5853
00637L,元大滬深300正2,15,0,15,統一-中壢,2023-07-24,5853
3704,合勤控,15,0,15,統一-中壢,2023-07-24,5853
00665L,富邦�琤肭磪囓�2,24,10,14,統一-中壢,2023-07-24,5853
2883,凱基金,14,0,14,統一-中壢,2023-07-24,5853
5258,虹堡,16,2,14,統一-中壢,2023-07-24,5853
2352,佳世達,14,0,14,統一-中壢,2023-07-24,5853
2316,楠梓電,17,4,13,統一-中壢,2023-07-24,5853
00891,中信關鍵半導體,12,0,12,統一-中壢,2023-07-24,5853
3545,敦泰,13,1,12,統一-中壢,2023-07-24,5853
2313,華通,16,4,12,統一-中壢,2023-07-24,5853
3105,穩懋,13,1,12,統一-中壢,2023-07-24,5853
5340,建榮,12,0,12,統一-中壢,2023-07-24,5853
1513,中興電,43,32,11,統一-中壢,2023-07-24,5853
2734,易飛網,11,0,11,統一-中壢,2023-07-24,5853
1503,士電,21,10,11,統一-中壢,2023-07-24,5853
1319,東陽,15,4,11,統一-中壢,2023-07-24,5853
6288,聯嘉,11,0,11,統一-中壢,2023-07-24,5853
6405,悅城,11,0,11,統一-中壢,2023-07-24,5853
8933,愛地雅,11,0,11,統一-中壢,2023-07-24,5853
1313,聯成,10,0,10,統一-中壢,2023-07-24,5853
1702,南僑,10,0,10,統一-中壢,2023-07-24,5853
1904,正隆,12,2,10,統一-中壢,2023-07-24,5853
3703,欣陸,10,0,10,統一-中壢,2023-07-24,5853
6112,邁達特,12,2,10,統一-中壢,2023-07-24,5853
6548,長科*,10,0,10,統一-中壢,2023-07-24,5853
2887,台新金,372,40,332,統一-中壢,2023-07-25,5853
1102,亞泥,71,0,71,統一-中壢,2023-07-25,5853
00679B,元大美債20年,69,0,69,統一-中壢,2023-07-25,5853
2603,長榮,55,2,53,統一-中壢,2023-07-25,5853
2382,廣達,102,61,41,統一-中壢,2023-07-25,5853
2027,大成鋼,46,14,32,統一-中壢,2023-07-25,5853
2312,金寶,38,6,32,統一-中壢,2023-07-25,5853
3596,智易,32,2,30,統一-中壢,2023-07-25,5853
00929,復華台灣科技優息,23,0,23,統一-中壢,2023-07-25,5853
3013,晟銘電,43,20,23,統一-中壢,2023-07-25,5853
5388,中磊,40,18,22,統一-中壢,2023-07-25,5853
2890,永豐金,20,0,20,統一-中壢,2023-07-25,5853
6282,康舒,25,5,20,統一-中壢,2023-07-25,5853
2353,宏��,47,27,20,統一-中壢,2023-07-25,5853
2610,華航,24,6,18,統一-中壢,2023-07-25,5853
2388,威盛,20,2,18,統一-中壢,2023-07-25,5853
1905,華紙,36,19,17,統一-中壢,2023-07-25,5853
1609,大亞,28,11,17,統一-中壢,2023-07-25,5853
00772B,中信高評級公司債,26,10,16,統一-中壢,2023-07-25,5853
3702,大聯大,16,0,16,統一-中壢,2023-07-25,5853
2323,中環,18,3,15,統一-中壢,2023-07-25,5853
1218,泰山,14,0,14,統一-中壢,2023-07-25,5853
2356,英業達,37,23,14,統一-中壢,2023-07-25,5853
5469,瀚宇博,22,10,12,統一-中壢,2023-07-25,5853
00903,富邦元宇宙,11,0,11,統一-中壢,2023-07-25,5853
2883,凱基金,11,0,11,統一-中壢,2023-07-25,5853
3078,僑威,17,6,11,統一-中壢,2023-07-25,5853
5864,致和證,12,1,11,統一-中壢,2023-07-25,5853
6275,元山,16,5,11,統一-中壢,2023-07-25,5853
6187,萬潤,18,7,11,統一-中壢,2023-07-25,5853
3231,緯創,20,9,11,統一-中壢,2023-07-25,5853
00905,FT臺灣Smart,10,0,10,統一-中壢,2023-07-25,5853
00930,永豐ESG低碳高息,10,0,10,統一-中壢,2023-07-25,5853
2637,慧洋-KY,11,1,10,統一-中壢,2023-07-25,5853
3189,景碩,11,1,10,統一-中壢,2023-07-25,5853
5371,中光電,10,0,10,統一-中壢,2023-07-25,5853
6161,捷波,10,0,10,統一-中壢,2023-07-25,5853
9933,中鼎,10,0,10,統一-中壢,2023-07-25,5853
6125,廣運,15,6,9,統一-中壢,2023-07-25,5853
3305,昇貿,18,9,9,統一-中壢,2023-07-25,5853
3545,敦泰,10,1,9,統一-中壢,2023-07-25,5853
8011,台通,9,0,9,統一-中壢,2023-07-25,5853
00888,永豐台灣ESG,8,0,8,統一-中壢,2023-07-25,5853
1314,中石化,8,0,8,統一-中壢,2023-07-25,5853
2515,中工,23,15,8,統一-中壢,2023-07-25,5853
3071,協禧,21,13,8,統一-中壢,2023-07-25,5853
4989,榮科,8,0,8,統一-中壢,2023-07-25,5853
6109,亞元,10,2,8,統一-中壢,2023-07-25,5853
6188,廣明,34,26,8,統一-中壢,2023-07-25,5853
8926,台汽電,14,6,8,統一-中壢,2023-07-25,5853
00673R,期元大S＆P原油反1,204,5,199,統一-中壢,2023-07-26,5853
00929,復華台灣科技優息,172,0,172,統一-中壢,2023-07-26,5853
00720B,元大投資級公司債,152,0,152,統一-中壢,2023-07-26,5853
00637L,元大滬深300正2,132,7,125,統一-中壢,2023-07-26,5853
00633L,富邦上証正2,122,2,120,統一-中壢,2023-07-26,5853
3645,達邁,67,2,65,統一-中壢,2023-07-26,5853
8358,金居,87,31,56,統一-中壢,2023-07-26,5853
2515,中工,56,0,56,統一-中壢,2023-07-26,5853
3305,昇貿,53,2,51,統一-中壢,2023-07-26,5853
1504,東元,121,74,47,統一-中壢,2023-07-26,5853
2329,華泰,106,60,46,統一-中壢,2023-07-26,5853
6120,達運,47,3,44,統一-中壢,2023-07-26,5853
00882,中信中國高股息,41,0,41,統一-中壢,2023-07-26,5853
1815,富喬,45,6,39,統一-中壢,2023-07-26,5853
5880,合庫金,37,4,33,統一-中壢,2023-07-26,5853
2376,技嘉,49,18,31,統一-中壢,2023-07-26,5853
6188,廣明,87,56,31,統一-中壢,2023-07-26,5853
2388,威盛,30,1,29,統一-中壢,2023-07-26,5853
8086,宏捷科,28,0,28,統一-中壢,2023-07-26,5853
00930,永豐ESG低碳高息,27,0,27,統一-中壢,2023-07-26,5853
2002,中鋼,28,1,27,統一-中壢,2023-07-26,5853
3702,大聯大,25,0,25,統一-中壢,2023-07-26,5853
00919,群益台灣精選高息,25,0,25,統一-中壢,2023-07-26,5853
1605,華新,26,3,23,統一-中壢,2023-07-26,5853
5871,中租-KY,23,0,23,統一-中壢,2023-07-26,5853
3013,晟銘電,37,16,21,統一-中壢,2023-07-26,5853
00712,復華富時不動產,21,0,21,統一-中壢,2023-07-26,5853
2313,華通,21,0,21,統一-中壢,2023-07-26,5853
1709,和益,20,0,20,統一-中壢,2023-07-26,5853
4714,永捷,20,1,19,統一-中壢,2023-07-26,5853
6125,廣運,27,8,19,統一-中壢,2023-07-26,5853
2371,大同,36,18,18,統一-中壢,2023-07-26,5853
2382,廣達,108,91,17,統一-中壢,2023-07-26,5853
2337,旺宏,19,2,17,統一-中壢,2023-07-26,5853
2886,兆豐金,30,13,17,統一-中壢,2023-07-26,5853
00892,富邦台灣半導體,16,0,16,統一-中壢,2023-07-26,5853
5351,鈺創,16,2,14,統一-中壢,2023-07-26,5853
00679B,元大美債20年,14,0,14,統一-中壢,2023-07-26,5853
1301,台塑,14,1,13,統一-中壢,2023-07-26,5853
1737,臺鹽,13,0,13,統一-中壢,2023-07-26,5853
3540,曜越,13,0,13,統一-中壢,2023-07-26,5853
2352,佳世達,23,10,13,統一-中壢,2023-07-26,5853
6213,聯茂,12,0,12,統一-中壢,2023-07-26,5853
8234,新漢,18,6,12,統一-中壢,2023-07-26,5853
1313,聯成,12,1,11,統一-中壢,2023-07-26,5853
3006,晶豪科,11,0,11,統一-中壢,2023-07-26,5853
3088,艾訊,11,0,11,統一-中壢,2023-07-26,5853
4934,太極,12,1,11,統一-中壢,2023-07-26,5853
6275,元山,12,1,11,統一-中壢,2023-07-26,5853
6509,聚和,11,0,11,統一-中壢,2023-07-26,5853
2610,華航,510,49,461,統一-中壢,2023-07-27,5853
2027,大成鋼,216,28,188,統一-中壢,2023-07-27,5853
00712,復華富時不動產,110,0,110,統一-中壢,2023-07-27,5853
2889,國票金,83,0,83,統一-中壢,2023-07-27,5853
00679B,元大美債20年,64,0,64,統一-中壢,2023-07-27,5853
3645,達邁,49,0,49,統一-中壢,2023-07-27,5853
4532,瑞智,46,0,46,統一-中壢,2023-07-27,5853
2609,陽明,54,10,44,統一-中壢,2023-07-27,5853
6282,康舒,57,23,34,統一-中壢,2023-07-27,5853
6235,華孚,51,21,30,統一-中壢,2023-07-27,5853
5425,台半,31,3,28,統一-中壢,2023-07-27,5853
00632R,元大台灣50反1,27,0,27,統一-中壢,2023-07-27,5853
2388,威盛,29,2,27,統一-中壢,2023-07-27,5853
3596,智易,30,4,26,統一-中壢,2023-07-27,5853
8096,擎亞,26,0,26,統一-中壢,2023-07-27,5853
8358,金居,92,70,22,統一-中壢,2023-07-27,5853
00929,復華台灣科技優息,20,0,20,統一-中壢,2023-07-27,5853
6116,彩晶,43,23,20,統一-中壢,2023-07-27,5853
6220,岳豐,31,11,20,統一-中壢,2023-07-27,5853
2834,臺企銀,21,3,18,統一-中壢,2023-07-27,5853
1522,堤維西,16,0,16,統一-中壢,2023-07-27,5853
5483,中美晶,16,0,16,統一-中壢,2023-07-27,5853
2337,旺宏,20,4,16,統一-中壢,2023-07-27,5853
3071,協禧,25,10,15,統一-中壢,2023-07-27,5853
3694,海華,16,1,15,統一-中壢,2023-07-27,5853
6290,良維,15,0,15,統一-中壢,2023-07-27,5853
00919,群益台灣精選高息,14,0,14,統一-中壢,2023-07-27,5853
2340,台亞,16,2,14,統一-中壢,2023-07-27,5853
2317,鴻海,23,10,13,統一-中壢,2023-07-27,5853
3419,譁裕,13,0,13,統一-中壢,2023-07-27,5853
6187,萬潤,14,1,13,統一-中壢,2023-07-27,5853
5009,榮剛,23,11,12,統一-中壢,2023-07-27,5853
1227,佳格,11,0,11,統一-中壢,2023-07-27,5853
2468,華經,15,4,11,統一-中壢,2023-07-27,5853
3205,佰研,12,1,11,統一-中壢,2023-07-27,5853
4108,懷特,11,0,11,統一-中壢,2023-07-27,5853
6689,伊雲谷,11,0,11,統一-中壢,2023-07-27,5853
9940,信義,11,0,11,統一-中壢,2023-07-27,5853
3231,緯創,12,1,11,統一-中壢,2023-07-27,5853
00720B,元大投資級公司債,10,0,10,統一-中壢,2023-07-27,5853
1312,國喬,10,0,10,統一-中壢,2023-07-27,5853
3017,奇鋐,13,4,9,統一-中壢,2023-07-27,5853
3037,欣興,13,4,9,統一-中壢,2023-07-27,5853
3044,健鼎,9,0,9,統一-中壢,2023-07-27,5853
1618,合機,30,21,9,統一-中壢,2023-07-27,5853
1909,榮成,20,11,9,統一-中壢,2023-07-27,5853
6016,康和證,12,3,9,統一-中壢,2023-07-27,5853
00687B,國泰20年美債,8,0,8,統一-中壢,2023-07-27,5853
00885,富邦越南,8,0,8,統一-中壢,2023-07-27,5853
2421,建準,17,9,8,統一-中壢,2023-07-27,5853
00664R,國泰臺灣加權反1,366,0,366,統一-中壢,2023-07-28,5853
00679B,元大美債20年,103,0,103,統一-中壢,2023-07-28,5853
2913,農林,87,20,67,統一-中壢,2023-07-28,5853
00720B,元大投資級公司債,58,0,58,統一-中壢,2023-07-28,5853
4989,榮科,60,5,55,統一-中壢,2023-07-28,5853
2382,廣達,80,34,46,統一-中壢,2023-07-28,5853
1904,正隆,46,5,41,統一-中壢,2023-07-28,5853
2369,菱生,48,8,40,統一-中壢,2023-07-28,5853
8086,宏捷科,40,2,38,統一-中壢,2023-07-28,5853
9945,潤泰新,36,0,36,統一-中壢,2023-07-28,5853
2610,華航,37,2,35,統一-中壢,2023-07-28,5853
3078,僑威,69,35,34,統一-中壢,2023-07-28,5853
2002,中鋼,33,0,33,統一-中壢,2023-07-28,5853
2888,新光金,34,1,33,統一-中壢,2023-07-28,5853
2388,威盛,32,0,32,統一-中壢,2023-07-28,5853
00687B,國泰20年美債,31,0,31,統一-中壢,2023-07-28,5853
6125,廣運,31,5,26,統一-中壢,2023-07-28,5853
3231,緯創,68,42,26,統一-中壢,2023-07-28,5853
00919,群益台灣精選高息,41,16,25,統一-中壢,2023-07-28,5853
1909,榮成,30,5,25,統一-中壢,2023-07-28,5853
1504,東元,45,22,23,統一-中壢,2023-07-28,5853
3645,達邁,21,0,21,統一-中壢,2023-07-28,5853
2641,正德,20,0,20,統一-中壢,2023-07-28,5853
8411,福貞-KY,20,0,20,統一-中壢,2023-07-28,5853
00772B,中信高評級公司債,18,0,18,統一-中壢,2023-07-28,5853
00900,富邦特選高股息30,31,14,17,統一-中壢,2023-07-28,5853
2317,鴻海,14,0,14,統一-中壢,2023-07-28,5853
1907,永豐餘,19,5,14,統一-中壢,2023-07-28,5853
2027,大成鋼,22,8,14,統一-中壢,2023-07-28,5853
3305,昇貿,19,6,13,統一-中壢,2023-07-28,5853
2363,矽統,20,7,13,統一-中壢,2023-07-28,5853
2731,雄獅,13,0,13,統一-中壢,2023-07-28,5853
6223,旺矽,27,14,13,統一-中壢,2023-07-28,5853
4746,台耀,15,2,13,統一-中壢,2023-07-28,5853
00722B,群益投資級電信債,12,0,12,統一-中壢,2023-07-28,5853
1402,遠東新,12,0,12,統一-中壢,2023-07-28,5853
2359,所羅門,16,4,12,統一-中壢,2023-07-28,5853
3059,華晶科,12,0,12,統一-中壢,2023-07-28,5853
6148,驊宏資,14,2,12,統一-中壢,2023-07-28,5853
8050,廣積,17,5,12,統一-中壢,2023-07-28,5853
1301,台塑,11,0,11,統一-中壢,2023-07-28,5853
2204,中華,11,0,11,統一-中壢,2023-07-28,5853
2323,中環,14,3,11,統一-中壢,2023-07-28,5853
2352,佳世達,16,5,11,統一-中壢,2023-07-28,5853
2883,凱基金,12,1,11,統一-中壢,2023-07-28,5853
5009,榮剛,10,0,10,統一-中壢,2023-07-28,5853
1303,南亞,10,0,10,統一-中壢,2023-07-28,5853
2886,兆豐金,10,0,10,統一-中壢,2023-07-28,5853
00902,中信電池及儲能,10,0,10,統一-中壢,2023-07-28,5853
1522,堤維西,13,3,10,統一-中壢,2023-07-28,5853
1815,富喬,441,39,402,統一-中壢,2023-07-31,5853
2883,凱基金,66,15,51,統一-中壢,2023-07-31,5853
00680L,元大美債20正2,50,0,50,統一-中壢,2023-07-31,5853
3231,緯創,85,38,47,統一-中壢,2023-07-31,5853
2002,中鋼,51,11,40,統一-中壢,2023-07-31,5853
2356,英業達,45,6,39,統一-中壢,2023-07-31,5853
2609,陽明,47,8,39,統一-中壢,2023-07-31,5853
00900,富邦特選高股息30,40,6,34,統一-中壢,2023-07-31,5853
2388,威盛,33,0,33,統一-中壢,2023-07-31,5853
3265,台星科,34,2,32,統一-中壢,2023-07-31,5853
6269,台郡,32,0,32,統一-中壢,2023-07-31,5853
2317,鴻海,35,3,32,統一-中壢,2023-07-31,5853
3049,精金,25,0,25,統一-中壢,2023-07-31,5853
00927,群益半導體收益,24,0,24,統一-中壢,2023-07-31,5853
00679B,元大美債20年,24,0,24,統一-中壢,2023-07-31,5853
8358,金居,43,20,23,統一-中壢,2023-07-31,5853
2376,技嘉,28,6,22,統一-中壢,2023-07-31,5853
3221,台嘉碩,21,0,21,統一-中壢,2023-07-31,5853
00706L,期元大S＆P日圓正2,25,5,20,統一-中壢,2023-07-31,5853
00912,中信臺灣智慧50,20,0,20,統一-中壢,2023-07-31,5853
1587,吉茂,20,0,20,統一-中壢,2023-07-31,5853
6605,帝寶,20,0,20,統一-中壢,2023-07-31,5853
2603,長榮,21,2,19,統一-中壢,2023-07-31,5853
8028,昇陽半導體,18,0,18,統一-中壢,2023-07-31,5853
2363,矽統,20,2,18,統一-中壢,2023-07-31,5853
2371,大同,35,18,17,統一-中壢,2023-07-31,5853
3481,群創,19,2,17,統一-中壢,2023-07-31,5853
5880,合庫金,17,0,17,統一-中壢,2023-07-31,5853
00713,元大台灣高息低波,21,5,16,統一-中壢,2023-07-31,5853
3078,僑威,43,27,16,統一-中壢,2023-07-31,5853
2855,統一證,17,1,16,統一-中壢,2023-07-31,5853
2897,王道銀行,21,5,16,統一-中壢,2023-07-31,5853
6190,萬泰科,17,2,15,統一-中壢,2023-07-31,5853
2889,國票金,15,0,15,統一-中壢,2023-07-31,5853
6148,驊宏資,24,9,15,統一-中壢,2023-07-31,5853
2455,全新,20,5,15,統一-中壢,2023-07-31,5853
1783,和康生,14,0,14,統一-中壢,2023-07-31,5853
3013,晟銘電,24,10,14,統一-中壢,2023-07-31,5853
1513,中興電,30,17,13,統一-中壢,2023-07-31,5853
2301,光寶科,52,39,13,統一-中壢,2023-07-31,5853
00922,國泰台灣領袖50,13,0,13,統一-中壢,2023-07-31,5853
3324,雙鴻,16,3,13,統一-中壢,2023-07-31,5853
2606,裕民,12,0,12,統一-中壢,2023-07-31,5853
00751B,元大AAA至A公司債,11,0,11,統一-中壢,2023-07-31,5853
1229,聯華,12,1,11,統一-中壢,2023-07-31,5853
6182,合晶,11,0,11,統一-中壢,2023-07-31,5853
8215,明基材,16,5,11,統一-中壢,2023-07-31,5853
00921,兆豐龍頭等權重,10,0,10,統一-中壢,2023-07-31,5853
0055,元大MSCI金融,10,0,10,統一-中壢,2023-07-31,5853
1402,遠東新,10,0,10,統一-中壢,2023-07-31,5853
1815,富喬,211,1,210,統一-中壢,2023-08-01,5853
00680L,元大美債20正2,180,0,180,統一-中壢,2023-08-01,5853
00923,群益台ESG低碳50,125,0,125,統一-中壢,2023-08-01,5853
00665L,富邦�琤肭磪囓�2,127,4,123,統一-中壢,2023-08-01,5853
00929,復華台灣科技優息,86,2,84,統一-中壢,2023-08-01,5853
5388,中磊,90,8,82,統一-中壢,2023-08-01,5853
2610,華航,72,11,61,統一-中壢,2023-08-01,5853
1589,永冠-KY,51,0,51,統一-中壢,2023-08-01,5853
00632R,元大台灣50反1,40,0,40,統一-中壢,2023-08-01,5853
2312,金寶,32,2,30,統一-中壢,2023-08-01,5853
00919,群益台灣精選高息,46,18,28,統一-中壢,2023-08-01,5853
1504,東元,34,7,27,統一-中壢,2023-08-01,5853
1312,國喬,25,0,25,統一-中壢,2023-08-01,5853
0056,元大高股息,51,30,21,統一-中壢,2023-08-01,5853
2356,英業達,28,7,21,統一-中壢,2023-08-01,5853
00673R,期元大S＆P原油反1,20,0,20,統一-中壢,2023-08-01,5853
00795B,中信美國公債20年,20,0,20,統一-中壢,2023-08-01,5853
3056,富華新,20,0,20,統一-中壢,2023-08-01,5853
2388,威盛,29,10,19,統一-中壢,2023-08-01,5853
3105,穩懋,22,3,19,統一-中壢,2023-08-01,5853
2308,台達電,18,0,18,統一-中壢,2023-08-01,5853
1513,中興電,25,8,17,統一-中壢,2023-08-01,5853
00679B,元大美債20年,16,0,16,統一-中壢,2023-08-01,5853
5880,合庫金,16,0,16,統一-中壢,2023-08-01,5853
00720B,元大投資級公司債,15,0,15,統一-中壢,2023-08-01,5853
00692,富邦公司治理,15,0,15,統一-中壢,2023-08-01,5853
6148,驊宏資,16,1,15,統一-中壢,2023-08-01,5853
6282,康舒,44,29,15,統一-中壢,2023-08-01,5853
2382,廣達,50,37,13,統一-中壢,2023-08-01,5853
2014,中鴻,13,0,13,統一-中壢,2023-08-01,5853
2329,華泰,28,15,13,統一-中壢,2023-08-01,5853
3322,建舜電,13,0,13,統一-中壢,2023-08-01,5853
6147,頎邦,13,0,13,統一-中壢,2023-08-01,5853
1314,中石化,12,0,12,統一-中壢,2023-08-01,5853
6223,旺矽,13,1,12,統一-中壢,2023-08-01,5853
3035,智原,11,0,11,統一-中壢,2023-08-01,5853
1905,華紙,19,8,11,統一-中壢,2023-08-01,5853
2002,中鋼,11,0,11,統一-中壢,2023-08-01,5853
2392,正崴,11,0,11,統一-中壢,2023-08-01,5853
6257,矽格,11,0,11,統一-中壢,2023-08-01,5853
6269,台郡,11,0,11,統一-中壢,2023-08-01,5853
00772B,中信高評級公司債,10,0,10,統一-中壢,2023-08-01,5853
00636,國泰中國A50,10,0,10,統一-中壢,2023-08-01,5853
00751B,元大AAA至A公司債,10,0,10,統一-中壢,2023-08-01,5853
2102,泰豐,10,0,10,統一-中壢,2023-08-01,5853
6234,高僑,11,1,10,統一-中壢,2023-08-01,5853
6290,良維,11,1,10,統一-中壢,2023-08-01,5853
8422,可寧衛,10,0,10,統一-中壢,2023-08-01,5853
2449,京元電子,74,65,9,統一-中壢,2023-08-01,5853
00753L,中信中國50正2,14,5,9,統一-中壢,2023-08-01,5853
00712,復華富時不動產,653,106,547,統一-中壢,2023-08-02,5853
1101,台泥,519,1,518,統一-中壢,2023-08-02,5853
00679B,元大美債20年,121,1,120,統一-中壢,2023-08-02,5853
3481,群創,156,43,113,統一-中壢,2023-08-02,5853
00929,復華台灣科技優息,134,32,102,統一-中壢,2023-08-02,5853
1815,富喬,101,16,85,統一-中壢,2023-08-02,5853
00923,群益台ESG低碳50,70,2,68,統一-中壢,2023-08-02,5853
00687B,國泰20年美債,57,0,57,統一-中壢,2023-08-02,5853
3265,台星科,58,12,46,統一-中壢,2023-08-02,5853
00632R,元大台灣50反1,121,78,43,統一-中壢,2023-08-02,5853
1312,國喬,41,0,41,統一-中壢,2023-08-02,5853
2883,凱基金,53,14,39,統一-中壢,2023-08-02,5853
2301,光寶科,41,7,34,統一-中壢,2023-08-02,5853
2313,華通,38,8,30,統一-中壢,2023-08-02,5853
2367,燿華,30,0,30,統一-中壢,2023-08-02,5853
2317,鴻海,30,2,28,統一-中壢,2023-08-02,5853
00720B,元大投資級公司債,27,0,27,統一-中壢,2023-08-02,5853
2353,宏��,48,21,27,統一-中壢,2023-08-02,5853
2618,長榮航,29,3,26,統一-中壢,2023-08-02,5853
2382,廣達,96,71,25,統一-中壢,2023-08-02,5853
2610,華航,33,8,25,統一-中壢,2023-08-02,5853
2609,陽明,28,5,23,統一-中壢,2023-08-02,5853
2855,統一證,23,0,23,統一-中壢,2023-08-02,5853
4532,瑞智,36,13,23,統一-中壢,2023-08-02,5853
4977,眾達-KY,25,3,22,統一-中壢,2023-08-02,5853
6282,康舒,41,20,21,統一-中壢,2023-08-02,5853
00751B,元大AAA至A公司債,21,0,21,統一-中壢,2023-08-02,5853
2886,兆豐金,23,2,21,統一-中壢,2023-08-02,5853
6285,啟��,40,19,21,統一-中壢,2023-08-02,5853
8933,愛地雅,21,0,21,統一-中壢,2023-08-02,5853
6223,旺矽,20,0,20,統一-中壢,2023-08-02,5853
00673R,期元大S＆P原油反1,20,0,20,統一-中壢,2023-08-02,5853
3360,尚立,20,0,20,統一-中壢,2023-08-02,5853
9902,台火,20,0,20,統一-中壢,2023-08-02,5853
2303,聯電,35,15,20,統一-中壢,2023-08-02,5853
2891,中信金,19,1,18,統一-中壢,2023-08-02,5853
3711,日月光投控,19,1,18,統一-中壢,2023-08-02,5853
2605,新興,18,0,18,統一-中壢,2023-08-02,5853
1319,東陽,23,6,17,統一-中壢,2023-08-02,5853
1612,宏泰,18,1,17,統一-中壢,2023-08-02,5853
2002,中鋼,21,5,16,統一-中壢,2023-08-02,5853
5880,合庫金,16,0,16,統一-中壢,2023-08-02,5853
00772B,中信高評級公司債,16,0,16,統一-中壢,2023-08-02,5853
1504,東元,26,11,15,統一-中壢,2023-08-02,5853
3058,立德,15,0,15,統一-中壢,2023-08-02,5853
2885,元大金,13,0,13,統一-中壢,2023-08-02,5853
00857B,永豐20年美公債,12,0,12,統一-中壢,2023-08-02,5853
1303,南亞,12,0,12,統一-中壢,2023-08-02,5853
6538,倉和,13,1,12,統一-中壢,2023-08-02,5853
1616,億泰,12,1,11,統一-中壢,2023-08-02,5853
00680L,元大美債20正2,168,0,168,統一-中壢,2023-08-04,5853
00929,復華台灣科技優息,146,0,146,統一-中壢,2023-08-04,5853
00687B,國泰20年美債,116,0,116,統一-中壢,2023-08-04,5853
8215,明基材,107,0,107,統一-中壢,2023-08-04,5853
00900,富邦特選高股息30,124,19,105,統一-中壢,2023-08-04,5853
00720B,元大投資級公司債,124,30,94,統一-中壢,2023-08-04,5853
0056,元大高股息,139,64,75,統一-中壢,2023-08-04,5853
2329,華泰,70,8,62,統一-中壢,2023-08-04,5853
00679B,元大美債20年,101,40,61,統一-中壢,2023-08-04,5853
2891,中信金,56,0,56,統一-中壢,2023-08-04,5853
1605,華新,76,22,54,統一-中壢,2023-08-04,5853
00772B,中信高評級公司債,51,0,51,統一-中壢,2023-08-04,5853
3481,群創,63,13,50,統一-中壢,2023-08-04,5853
2356,英業達,61,16,45,統一-中壢,2023-08-04,5853
00636,國泰中國A50,40,0,40,統一-中壢,2023-08-04,5853
2618,長榮航,42,2,40,統一-中壢,2023-08-04,5853
2344,華邦電,51,15,36,統一-中壢,2023-08-04,5853
2801,彰銀,33,0,33,統一-中壢,2023-08-04,5853
4746,台耀,31,0,31,統一-中壢,2023-08-04,5853
4906,正文,55,24,31,統一-中壢,2023-08-04,5853
2913,農林,28,4,24,統一-中壢,2023-08-04,5853
3013,晟銘電,27,3,24,統一-中壢,2023-08-04,5853
2382,廣達,61,38,23,統一-中壢,2023-08-04,5853
1810,和成,23,0,23,統一-中壢,2023-08-04,5853
4532,瑞智,26,5,21,統一-中壢,2023-08-04,5853
2316,楠梓電,20,0,20,統一-中壢,2023-08-04,5853
2886,兆豐金,20,0,20,統一-中壢,2023-08-04,5853
6223,旺矽,20,0,20,統一-中壢,2023-08-04,5853
00764B,群益25年美債,19,0,19,統一-中壢,2023-08-04,5853
4989,榮科,18,0,18,統一-中壢,2023-08-04,5853
8930,青鋼,42,24,18,統一-中壢,2023-08-04,5853
00923,群益台ESG低碳50,16,0,16,統一-中壢,2023-08-04,5853
00722B,群益投資級電信債,16,0,16,統一-中壢,2023-08-04,5853
1609,大亞,23,8,15,統一-中壢,2023-08-04,5853
6269,台郡,15,0,15,統一-中壢,2023-08-04,5853
2610,華航,18,3,15,統一-中壢,2023-08-04,5853
3265,台星科,18,5,13,統一-中壢,2023-08-04,5853
2883,凱基金,12,0,12,統一-中壢,2023-08-04,5853
2455,全新,20,9,11,統一-中壢,2023-08-04,5853
00907,永豐優息存股,10,0,10,統一-中壢,2023-08-04,5853
1444,力麗,10,0,10,統一-中壢,2023-08-04,5853
1709,和益,10,0,10,統一-中壢,2023-08-04,5853
2371,大同,10,0,10,統一-中壢,2023-08-04,5853
2393,億光,10,0,10,統一-中壢,2023-08-04,5853
2890,永豐金,10,0,10,統一-中壢,2023-08-04,5853
6161,捷波,10,0,10,統一-中壢,2023-08-04,5853
6733,博晟生醫,10,0,10,統一-中壢,2023-08-04,5853
00712,復華富時不動產,9,0,9,統一-中壢,2023-08-04,5853
6207,雷科,10,1,9,統一-中壢,2023-08-04,5853
00692,富邦公司治理,9,0,9,統一-中壢,2023-08-04,5853
2388,威盛,522,17,505,統一-中壢,2023-08-07,5853
00712,復華富時不動產,302,0,302,統一-中壢,2023-08-07,5853
00929,復華台灣科技優息,216,6,210,統一-中壢,2023-08-07,5853
00673R,期元大S＆P原油反1,104,2,102,統一-中壢,2023-08-07,5853
5465,富驊,95,0,95,統一-中壢,2023-08-07,5853
00919,群益台灣精選高息,70,0,70,統一-中壢,2023-08-07,5853
2630,亞航,68,2,66,統一-中壢,2023-08-07,5853
00931B,統一美債20年,163,105,58,統一-中壢,2023-08-07,5853
00632R,元大台灣50反1,57,4,53,統一-中壢,2023-08-07,5853
6005,群益證,60,12,48,統一-中壢,2023-08-07,5853
2610,華航,51,6,45,統一-中壢,2023-08-07,5853
2618,長榮航,56,11,45,統一-中壢,2023-08-07,5853
3265,台星科,35,2,33,統一-中壢,2023-08-07,5853
2913,農林,32,0,32,統一-中壢,2023-08-07,5853
6449,鈺邦,32,0,32,統一-中壢,2023-08-07,5853
2367,燿華,25,0,25,統一-中壢,2023-08-07,5853
2891,中信金,26,3,23,統一-中壢,2023-08-07,5853
2317,鴻海,24,1,23,統一-中壢,2023-08-07,5853
2329,華泰,36,14,22,統一-中壢,2023-08-07,5853
6026,福邦證,22,0,22,統一-中壢,2023-08-07,5853
00637L,元大滬深300正2,26,6,20,統一-中壢,2023-08-07,5853
1471,首利,20,0,20,統一-中壢,2023-08-07,5853
3661,世芯-KY,21,1,20,統一-中壢,2023-08-07,5853
00753L,中信中國50正2,15,0,15,統一-中壢,2023-08-07,5853
2458,義隆,16,1,15,統一-中壢,2023-08-07,5853
6770,力積電,15,0,15,統一-中壢,2023-08-07,5853
2303,聯電,17,3,14,統一-中壢,2023-08-07,5853
2312,金寶,14,0,14,統一-中壢,2023-08-07,5853
2809,京城銀,14,0,14,統一-中壢,2023-08-07,5853
2603,長榮,17,4,13,統一-中壢,2023-08-07,5853
3406,玉晶光,13,0,13,統一-中壢,2023-08-07,5853
2002,中鋼,17,5,12,統一-中壢,2023-08-07,5853
2356,英業達,37,26,11,統一-中壢,2023-08-07,5853
2359,所羅門,11,0,11,統一-中壢,2023-08-07,5853
4532,瑞智,11,0,11,統一-中壢,2023-08-07,5853
6190,萬泰科,11,0,11,統一-中壢,2023-08-07,5853
5009,榮剛,15,5,10,統一-中壢,2023-08-07,5853
00922,國泰台灣領袖50,10,0,10,統一-中壢,2023-08-07,5853
2363,矽統,10,0,10,統一-中壢,2023-08-07,5853
3051,力特,11,1,10,統一-中壢,2023-08-07,5853
6151,晉倫,10,0,10,統一-中壢,2023-08-07,5853
2884,玉山金,10,0,10,統一-中壢,2023-08-07,5853
6443,元晶,13,3,10,統一-中壢,2023-08-07,5853
2316,楠梓電,11,2,9,統一-中壢,2023-08-07,5853
3081,聯亞,9,0,9,統一-中壢,2023-08-07,5853
2374,佳能,10,1,9,統一-中壢,2023-08-07,5853
6275,元山,9,0,9,統一-中壢,2023-08-07,5853
1528,恩德,8,0,8,統一-中壢,2023-08-07,5853
2425,承啟,8,0,8,統一-中壢,2023-08-07,5853
5871,中租-KY,12,4,8,統一-中壢,2023-08-07,5853
00929,復華台灣科技優息,374,1,373,統一-中壢,2023-08-08,5853
3661,世芯-KY,252,0,252,統一-中壢,2023-08-08,5853
3092,鴻碩,124,0,124,統一-中壢,2023-08-08,5853
1718,中纖,100,1,99,統一-中壢,2023-08-08,5853
2618,長榮航,106,9,97,統一-中壢,2023-08-08,5853
5388,中磊,91,0,91,統一-中壢,2023-08-08,5853
2303,聯電,60,6,54,統一-中壢,2023-08-08,5853
1815,富喬,100,52,48,統一-中壢,2023-08-08,5853
5443,均豪,43,0,43,統一-中壢,2023-08-08,5853
00882,中信中國高股息,41,0,41,統一-中壢,2023-08-08,5853
3231,緯創,102,62,40,統一-中壢,2023-08-08,5853
00923,群益台ESG低碳50,40,1,39,統一-中壢,2023-08-08,5853
00720B,元大投資級公司債,39,0,39,統一-中壢,2023-08-08,5853
2888,新光金,37,1,36,統一-中壢,2023-08-08,5853
6125,廣運,38,5,33,統一-中壢,2023-08-08,5853
00687B,國泰20年美債,32,0,32,統一-中壢,2023-08-08,5853
00924,復華S＆P500成長,31,0,31,統一-中壢,2023-08-08,5853
6182,合晶,34,4,30,統一-中壢,2023-08-08,5853
00665L,富邦�琤肭磪囓�2,40,13,27,統一-中壢,2023-08-08,5853
00850,元大臺灣ESG永續,27,0,27,統一-中壢,2023-08-08,5853
2351,順德,26,1,25,統一-中壢,2023-08-08,5853
00764B,群益25年美債,23,0,23,統一-中壢,2023-08-08,5853
3257,虹冠電,24,1,23,統一-中壢,2023-08-08,5853
00919,群益台灣精選高息,23,0,23,統一-中壢,2023-08-08,5853
2834,臺企銀,22,0,22,統一-中壢,2023-08-08,5853
6449,鈺邦,22,0,22,統一-中壢,2023-08-08,5853
2887,台新金,21,0,21,統一-中壢,2023-08-08,5853
00922,國泰台灣領袖50,20,0,20,統一-中壢,2023-08-08,5853
6285,啟��,20,1,19,統一-中壢,2023-08-08,5853
4989,榮科,18,0,18,統一-中壢,2023-08-08,5853
5465,富驊,18,0,18,統一-中壢,2023-08-08,5853
1504,東元,26,10,16,統一-中壢,2023-08-08,5853
00753L,中信中國50正2,15,0,15,統一-中壢,2023-08-08,5853
1303,南亞,14,0,14,統一-中壢,2023-08-08,5853
6269,台郡,16,2,14,統一-中壢,2023-08-08,5853
6194,育富,14,0,14,統一-中壢,2023-08-08,5853
2301,光寶科,33,20,13,統一-中壢,2023-08-08,5853
2313,華通,16,3,13,統一-中壢,2023-08-08,5853
2374,佳能,20,7,13,統一-中壢,2023-08-08,5853
2438,翔耀,14,1,13,統一-中壢,2023-08-08,5853
3706,神達,22,9,13,統一-中壢,2023-08-08,5853
6274,台燿,19,7,12,統一-中壢,2023-08-08,5853
00892,富邦台灣半導體,12,0,12,統一-中壢,2023-08-08,5853
2468,華經,12,0,12,統一-中壢,2023-08-08,5853
8215,明基材,12,0,12,統一-中壢,2023-08-08,5853
2451,創見,11,0,11,統一-中壢,2023-08-08,5853
9927,泰銘,13,2,11,統一-中壢,2023-08-08,5853
8422,可寧衛,11,1,10,統一-中壢,2023-08-08,5853
1708,東鹼,10,0,10,統一-中壢,2023-08-08,5853
6114,久威,11,1,10,統一-中壢,2023-08-08,5853
1513,中興電,110,21,89,統一-中壢,2023-08-09,5853
3661,世芯-KY,79,0,79,統一-中壢,2023-08-09,5853
5465,富驊,76,1,75,統一-中壢,2023-08-09,5853
00929,復華台灣科技優息,94,20,74,統一-中壢,2023-08-09,5853
2329,華泰,78,5,73,統一-中壢,2023-08-09,5853
1402,遠東新,53,0,53,統一-中壢,2023-08-09,5853
00900,富邦特選高股息30,53,3,50,統一-中壢,2023-08-09,5853
1312,國喬,40,0,40,統一-中壢,2023-08-09,5853
2618,長榮航,42,7,35,統一-中壢,2023-08-09,5853
00751B,元大AAA至A公司債,32,0,32,統一-中壢,2023-08-09,5853
00923,群益台ESG低碳50,31,1,30,統一-中壢,2023-08-09,5853
2516,新建,30,0,30,統一-中壢,2023-08-09,5853
3231,緯創,45,16,29,統一-中壢,2023-08-09,5853
00665L,富邦�琤肭磪囓�2,46,21,25,統一-中壢,2023-08-09,5853
6203,海韻電,23,0,23,統一-中壢,2023-08-09,5853
6770,力積電,24,2,22,統一-中壢,2023-08-09,5853
2303,聯電,21,1,20,統一-中壢,2023-08-09,5853
2382,廣達,83,64,19,統一-中壢,2023-08-09,5853
2371,大同,19,1,18,統一-中壢,2023-08-09,5853
2385,群光,17,0,17,統一-中壢,2023-08-09,5853
6269,台郡,18,1,17,統一-中壢,2023-08-09,5853
1605,華新,20,4,16,統一-中壢,2023-08-09,5853
2884,玉山金,16,0,16,統一-中壢,2023-08-09,5853
1514,亞力,17,1,16,統一-中壢,2023-08-09,5853
8089,康全電訊,16,0,16,統一-中壢,2023-08-09,5853
2515,中工,14,0,14,統一-中壢,2023-08-09,5853
2890,永豐金,13,0,13,統一-中壢,2023-08-09,5853
8422,可寧衛,13,0,13,統一-中壢,2023-08-09,5853
00919,群益台灣精選高息,14,1,13,統一-中壢,2023-08-09,5853
2356,英業達,45,32,13,統一-中壢,2023-08-09,5853
00673R,期元大S＆P原油反1,22,10,12,統一-中壢,2023-08-09,5853
3013,晟銘電,16,4,12,統一-中壢,2023-08-09,5853
3078,僑威,28,16,12,統一-中壢,2023-08-09,5853
1504,東元,13,2,11,統一-中壢,2023-08-09,5853
3666,光耀,10,0,10,統一-中壢,2023-08-09,5853
1101,台泥,10,0,10,統一-中壢,2023-08-09,5853
5009,榮剛,12,2,10,統一-中壢,2023-08-09,5853
6188,廣明,9,0,9,統一-中壢,2023-08-09,5853
00712,復華富時不動產,8,0,8,統一-中壢,2023-08-09,5853
00885,富邦越南,8,0,8,統一-中壢,2023-08-09,5853
5351,鈺創,11,3,8,統一-中壢,2023-08-09,5853
1802,台玻,9,2,7,統一-中壢,2023-08-09,5853
3363,上詮,8,1,7,統一-中壢,2023-08-09,5853
3706,神達,16,9,7,統一-中壢,2023-08-09,5853
6274,台燿,9,2,7,統一-中壢,2023-08-09,5853
3034,聯詠,7,1,6,統一-中壢,2023-08-09,5853
1409,新纖,6,0,6,統一-中壢,2023-08-09,5853
2014,中鴻,6,0,6,統一-中壢,2023-08-09,5853
2313,華通,6,0,6,統一-中壢,2023-08-09,5853
2337,旺宏,7,1,6,統一-中壢,2023-08-09,5853
0056,元大高股息,266,45,221,統一-中壢,2023-08-10,5853
00929,復華台灣科技優息,189,0,189,統一-中壢,2023-08-10,5853
00900,富邦特選高股息30,150,9,141,統一-中壢,2023-08-10,5853
3481,群創,145,65,80,統一-中壢,2023-08-10,5853
1513,中興電,85,8,77,統一-中壢,2023-08-10,5853
00919,群益台灣精選高息,76,1,75,統一-中壢,2023-08-10,5853
2409,友達,79,6,73,統一-中壢,2023-08-10,5853
00720B,元大投資級公司債,63,2,61,統一-中壢,2023-08-10,5853
2891,中信金,55,2,53,統一-中壢,2023-08-10,5853
00931B,統一美債20年,59,10,49,統一-中壢,2023-08-10,5853
6223,旺矽,44,0,44,統一-中壢,2023-08-10,5853
00751B,元大AAA至A公司債,59,18,41,統一-中壢,2023-08-10,5853
00878,國泰永續高股息,95,56,39,統一-中壢,2023-08-10,5853
1504,東元,45,10,35,統一-中壢,2023-08-10,5853
5876,上海商銀,34,0,34,統一-中壢,2023-08-10,5853
2801,彰銀,35,2,33,統一-中壢,2023-08-10,5853
00753L,中信中國50正2,29,0,29,統一-中壢,2023-08-10,5853
6443,元晶,30,1,29,統一-中壢,2023-08-10,5853
2610,華航,57,29,28,統一-中壢,2023-08-10,5853
3013,晟銘電,32,7,25,統一-中壢,2023-08-10,5853
3078,僑威,25,0,25,統一-中壢,2023-08-10,5853
2618,長榮航,27,3,24,統一-中壢,2023-08-10,5853
3231,緯創,77,54,23,統一-中壢,2023-08-10,5853
2313,華通,25,2,23,統一-中壢,2023-08-10,5853
9927,泰銘,28,5,23,統一-中壢,2023-08-10,5853
2376,技嘉,31,9,22,統一-中壢,2023-08-10,5853
2886,兆豐金,22,0,22,統一-中壢,2023-08-10,5853
00673R,期元大S＆P原油反1,20,0,20,統一-中壢,2023-08-10,5853
00928,中信上櫃ESG30,20,0,20,統一-中壢,2023-08-10,5853
2303,聯電,24,4,20,統一-中壢,2023-08-10,5853
2382,廣達,56,37,19,統一-中壢,2023-08-10,5853
00632R,元大台灣50反1,41,22,19,統一-中壢,2023-08-10,5853
00923,群益台ESG低碳50,17,0,17,統一-中壢,2023-08-10,5853
00888,永豐台灣ESG,16,0,16,統一-中壢,2023-08-10,5853
00892,富邦台灣半導體,15,0,15,統一-中壢,2023-08-10,5853
3038,全台,16,1,15,統一-中壢,2023-08-10,5853
6152,百一,20,5,15,統一-中壢,2023-08-10,5853
6188,廣明,20,6,14,統一-中壢,2023-08-10,5853
0050,元大台灣50,15,1,14,統一-中壢,2023-08-10,5853
00857B,永豐20年美公債,12,0,12,統一-中壢,2023-08-10,5853
2702,華園,12,0,12,統一-中壢,2023-08-10,5853
3673,TPK-KY,12,0,12,統一-中壢,2023-08-10,5853
6446,藥華藥,13,1,12,統一-中壢,2023-08-10,5853
2317,鴻海,14,3,11,統一-中壢,2023-08-10,5853
00679B,元大美債20年,11,0,11,統一-中壢,2023-08-10,5853
8155,博智,13,2,11,統一-中壢,2023-08-10,5853
1707,葡萄王,11,0,11,統一-中壢,2023-08-10,5853
2331,精英,13,2,11,統一-中壢,2023-08-10,5853
2367,燿華,21,10,11,統一-中壢,2023-08-10,5853
3032,偉訓,13,2,11,統一-中壢,2023-08-10,5853
2888,新光金,130,8,122,統一-中壢,2023-08-11,5853
3481,群創,116,0,116,統一-中壢,2023-08-11,5853
00929,復華台灣科技優息,69,0,69,統一-中壢,2023-08-11,5853
1718,中纖,60,0,60,統一-中壢,2023-08-11,5853
00931B,統一美債20年,57,0,57,統一-中壢,2023-08-11,5853
2002,中鋼,54,0,54,統一-中壢,2023-08-11,5853
2618,長榮航,58,16,42,統一-中壢,2023-08-11,5853
00857B,永豐20年美公債,42,0,42,統一-中壢,2023-08-11,5853
2892,第一金,40,0,40,統一-中壢,2023-08-11,5853
00878,國泰永續高股息,46,8,38,統一-中壢,2023-08-11,5853
2883,凱基金,34,0,34,統一-中壢,2023-08-11,5853
3596,智易,43,10,33,統一-中壢,2023-08-11,5853
00751B,元大AAA至A公司債,38,8,30,統一-中壢,2023-08-11,5853
2516,新建,30,0,30,統一-中壢,2023-08-11,5853
2913,農林,50,20,30,統一-中壢,2023-08-11,5853
2317,鴻海,29,3,26,統一-中壢,2023-08-11,5853
2409,友達,30,5,25,統一-中壢,2023-08-11,5853
00665L,富邦�琤肭磪囓�2,31,8,23,統一-中壢,2023-08-11,5853
00679B,元大美債20年,22,1,21,統一-中壢,2023-08-11,5853
1504,東元,27,8,19,統一-中壢,2023-08-11,5853
2313,華通,19,2,17,統一-中壢,2023-08-11,5853
2449,京元電子,19,2,17,統一-中壢,2023-08-11,5853
2801,彰銀,17,0,17,統一-中壢,2023-08-11,5853
3231,緯創,86,70,16,統一-中壢,2023-08-11,5853
00900,富邦特選高股息30,28,12,16,統一-中壢,2023-08-11,5853
00725B,國泰投資級公司債,15,0,15,統一-中壢,2023-08-11,5853
6125,廣運,17,2,15,統一-中壢,2023-08-11,5853
00722B,群益投資級電信債,14,0,14,統一-中壢,2023-08-11,5853
6443,元晶,15,1,14,統一-中壢,2023-08-11,5853
00772B,中信高評級公司債,14,0,14,統一-中壢,2023-08-11,5853
2303,聯電,25,12,13,統一-中壢,2023-08-11,5853
3092,鴻碩,13,0,13,統一-中壢,2023-08-11,5853
1513,中興電,17,5,12,統一-中壢,2023-08-11,5853
00687B,國泰20年美債,12,0,12,統一-中壢,2023-08-11,5853
6770,力積電,11,0,11,統一-中壢,2023-08-11,5853
00891,中信關鍵半導體,11,0,11,統一-中壢,2023-08-11,5853
00882,中信中國高股息,11,0,11,統一-中壢,2023-08-11,5853
1514,亞力,14,3,11,統一-中壢,2023-08-11,5853
1710,東聯,11,0,11,統一-中壢,2023-08-11,5853
2404,漢唐,11,0,11,統一-中壢,2023-08-11,5853
2882,國泰金,11,0,11,統一-中壢,2023-08-11,5853
6153,嘉聯益,11,0,11,統一-中壢,2023-08-11,5853
6217,中探針,12,1,11,統一-中壢,2023-08-11,5853
8086,宏捷科,13,2,11,統一-中壢,2023-08-11,5853
8105,凌巨,11,0,11,統一-中壢,2023-08-11,5853
00680L,元大美債20正2,10,0,10,統一-中壢,2023-08-11,5853
00706L,期元大S＆P日圓正2,10,0,10,統一-中壢,2023-08-11,5853
1515,力山,10,0,10,統一-中壢,2023-08-11,5853
2540,愛山林,10,0,10,統一-中壢,2023-08-11,5853
2886,兆豐金,10,0,10,統一-中壢,2023-08-11,5853
00923,群益台ESG低碳50,771,0,771,統一-中壢,2023-08-14,5853
00669R,國泰美國道瓊反1,300,0,300,統一-中壢,2023-08-14,5853
00929,復華台灣科技優息,247,5,242,統一-中壢,2023-08-14,5853
00900,富邦特選高股息30,97,0,97,統一-中壢,2023-08-14,5853
00878,國泰永續高股息,73,7,66,統一-中壢,2023-08-14,5853
2883B,凱基金乙特,63,0,63,統一-中壢,2023-08-14,5853
2610,華航,63,1,62,統一-中壢,2023-08-14,5853
00751B,元大AAA至A公司債,55,0,55,統一-中壢,2023-08-14,5853
2888,新光金,58,7,51,統一-中壢,2023-08-14,5853
2002,中鋼,47,2,45,統一-中壢,2023-08-14,5853
00931B,統一美債20年,49,4,45,統一-中壢,2023-08-14,5853
00753L,中信中國50正2,37,0,37,統一-中壢,2023-08-14,5853
00680L,元大美債20正2,35,0,35,統一-中壢,2023-08-14,5853
00637L,元大滬深300正2,55,23,32,統一-中壢,2023-08-14,5853
5452,佶優,33,1,32,統一-中壢,2023-08-14,5853
3362,先進光,31,1,30,統一-中壢,2023-08-14,5853
1102,亞泥,30,1,29,統一-中壢,2023-08-14,5853
2344,華邦電,28,2,26,統一-中壢,2023-08-14,5853
00795B,中信美國公債20年,24,0,24,統一-中壢,2023-08-14,5853
1301,台塑,25,2,23,統一-中壢,2023-08-14,5853
4123,晟德,47,25,22,統一-中壢,2023-08-14,5853
1303,南亞,21,0,21,統一-中壢,2023-08-14,5853
2618,長榮航,42,21,21,統一-中壢,2023-08-14,5853
0056,元大高股息,33,13,20,統一-中壢,2023-08-14,5853
6026,福邦證,20,2,18,統一-中壢,2023-08-14,5853
00888,永豐台灣ESG,17,0,17,統一-中壢,2023-08-14,5853
00679B,元大美債20年,16,0,16,統一-中壢,2023-08-14,5853
2408,南亞科,19,3,16,統一-中壢,2023-08-14,5853
2441,超豐,16,0,16,統一-中壢,2023-08-14,5853
8089,康全電訊,16,0,16,統一-中壢,2023-08-14,5853
1752,南光,15,0,15,統一-中壢,2023-08-14,5853
2614,東森,15,0,15,統一-中壢,2023-08-14,5853
6207,雷科,15,0,15,統一-中壢,2023-08-14,5853
9945,潤泰新,15,0,15,統一-中壢,2023-08-14,5853
2834,臺企銀,15,2,13,統一-中壢,2023-08-14,5853
2402,毅嘉,14,1,13,統一-中壢,2023-08-14,5853
2891,中信金,12,0,12,統一-中壢,2023-08-14,5853
1909,榮成,12,0,12,統一-中壢,2023-08-14,5853
2104,國際中橡,12,0,12,統一-中壢,2023-08-14,5853
2617,台航,12,0,12,統一-中壢,2023-08-14,5853
0050,元大台灣50,12,1,11,統一-中壢,2023-08-14,5853
3406,玉晶光,16,5,11,統一-中壢,2023-08-14,5853
2201,裕隆,13,2,11,統一-中壢,2023-08-14,5853
00632R,元大台灣50反1,42,31,11,統一-中壢,2023-08-14,5853
00922,國泰台灣領袖50,32,21,11,統一-中壢,2023-08-14,5853
00930,永豐ESG低碳高息,10,0,10,統一-中壢,2023-08-14,5853
2313,華通,23,13,10,統一-中壢,2023-08-14,5853
2392,正崴,10,0,10,統一-中壢,2023-08-14,5853
2484,希華,10,0,10,統一-中壢,2023-08-14,5853
2489,瑞軒,10,0,10,統一-中壢,2023-08-14,5853
00929,復華台灣科技優息,80,0,80,統一-中壢,2023-08-15,5853
00665L,富邦�琤肭磪囓�2,82,5,77,統一-中壢,2023-08-15,5853
00931B,統一美債20年,74,0,74,統一-中壢,2023-08-15,5853
00882,中信中國高股息,65,2,63,統一-中壢,2023-08-15,5853
6269,台郡,62,0,62,統一-中壢,2023-08-15,5853
2324,仁寶,121,60,61,統一-中壢,2023-08-15,5853
6223,旺矽,61,0,61,統一-中壢,2023-08-15,5853
2317,鴻海,58,4,54,統一-中壢,2023-08-15,5853
3706,神達,52,8,44,統一-中壢,2023-08-15,5853
00923,群益台ESG低碳50,47,5,42,統一-中壢,2023-08-15,5853
00900,富邦特選高股息30,44,2,42,統一-中壢,2023-08-15,5853
2323,中環,77,42,35,統一-中壢,2023-08-15,5853
00751B,元大AAA至A公司債,28,0,28,統一-中壢,2023-08-15,5853
3596,智易,31,4,27,統一-中壢,2023-08-15,5853
3056,富華新,26,0,26,統一-中壢,2023-08-15,5853
2892,第一金,24,0,24,統一-中壢,2023-08-15,5853
00772B,中信高評級公司債,23,0,23,統一-中壢,2023-08-15,5853
6443,元晶,25,2,23,統一-中壢,2023-08-15,5853
2889,國票金,20,0,20,統一-中壢,2023-08-15,5853
5465,富驊,20,0,20,統一-中壢,2023-08-15,5853
00712,復華富時不動產,19,0,19,統一-中壢,2023-08-15,5853
2888,新光金,21,2,19,統一-中壢,2023-08-15,5853
1326,台化,18,0,18,統一-中壢,2023-08-15,5853
2891,中信金,17,0,17,統一-中壢,2023-08-15,5853
1301,台塑,20,3,17,統一-中壢,2023-08-15,5853
2883,凱基金,17,1,16,統一-中壢,2023-08-15,5853
3715,定穎投控,24,8,16,統一-中壢,2023-08-15,5853
00680L,元大美債20正2,15,0,15,統一-中壢,2023-08-15,5853
00907,永豐優息存股,15,0,15,統一-中壢,2023-08-15,5853
3661,世芯-KY,15,1,14,統一-中壢,2023-08-15,5853
2313,華通,17,4,13,統一-中壢,2023-08-15,5853
3406,玉晶光,12,0,12,統一-中壢,2023-08-15,5853
1217,愛之味,11,0,11,統一-中壢,2023-08-15,5853
3024,憶聲,11,0,11,統一-中壢,2023-08-15,5853
2363,矽統,31,20,11,統一-中壢,2023-08-15,5853
2436,偉詮電,10,0,10,統一-中壢,2023-08-15,5853
3049,精金,10,0,10,統一-中壢,2023-08-15,5853
6016,康和證,10,0,10,統一-中壢,2023-08-15,5853
3105,穩懋,9,0,9,統一-中壢,2023-08-15,5853
9945,潤泰新,8,0,8,統一-中壢,2023-08-15,5853
00637L,元大滬深300正2,13,5,8,統一-中壢,2023-08-15,5853
2890,永豐金,8,0,8,統一-中壢,2023-08-15,5853
5289,宜鼎,10,2,8,統一-中壢,2023-08-15,5853
6770,力積電,7,0,7,統一-中壢,2023-08-15,5853
1609,大亞,12,5,7,統一-中壢,2023-08-15,5853
3483,力致,11,4,7,統一-中壢,2023-08-15,5853
6125,廣運,18,11,7,統一-中壢,2023-08-15,5853
6188,廣明,15,8,7,統一-中壢,2023-08-15,5853
2834,臺企銀,26,20,6,統一-中壢,2023-08-15,5853
00631L,元大台灣50正2,6,0,6,統一-中壢,2023-08-15,5853
2303,聯電,159,2,157,統一-中壢,2023-08-16,5853
00929,復華台灣科技優息,136,0,136,統一-中壢,2023-08-16,5853
2323,中環,128,1,127,統一-中壢,2023-08-16,5853
00923,群益台ESG低碳50,106,0,106,統一-中壢,2023-08-16,5853
6005,群益證,106,0,106,統一-中壢,2023-08-16,5853
00900,富邦特選高股息30,107,12,95,統一-中壢,2023-08-16,5853
1301,台塑,51,0,51,統一-中壢,2023-08-16,5853
00878,國泰永續高股息,63,14,49,統一-中壢,2023-08-16,5853
6275,元山,43,0,43,統一-中壢,2023-08-16,5853
2884,玉山金,31,0,31,統一-中壢,2023-08-16,5853
2834,臺企銀,25,0,25,統一-中壢,2023-08-16,5853
1303,南亞,22,0,22,統一-中壢,2023-08-16,5853
00751B,元大AAA至A公司債,21,0,21,統一-中壢,2023-08-16,5853
1608,華榮,21,0,21,統一-中壢,2023-08-16,5853
2610,華航,30,9,21,統一-中壢,2023-08-16,5853
3706,神達,26,6,20,統一-中壢,2023-08-16,5853
3596,智易,20,2,18,統一-中壢,2023-08-16,5853
6116,彩晶,22,5,17,統一-中壢,2023-08-16,5853
2603,長榮,18,3,15,統一-中壢,2023-08-16,5853
3056,富華新,15,0,15,統一-中壢,2023-08-16,5853
00753L,中信中國50正2,15,0,15,統一-中壢,2023-08-16,5853
00632R,元大台灣50反1,17,2,15,統一-中壢,2023-08-16,5853
3661,世芯-KY,15,0,15,統一-中壢,2023-08-16,5853
6188,廣明,25,10,15,統一-中壢,2023-08-16,5853
9925,新保,15,0,15,統一-中壢,2023-08-16,5853
00712,復華富時不動產,18,3,15,統一-中壢,2023-08-16,5853
1101,台泥,14,0,14,統一-中壢,2023-08-16,5853
2317,鴻海,23,9,14,統一-中壢,2023-08-16,5853
00673R,期元大S＆P原油反1,46,32,14,統一-中壢,2023-08-16,5853
0050,元大台灣50,13,0,13,統一-中壢,2023-08-16,5853
4763,材料-KY,13,0,13,統一-中壢,2023-08-16,5853
8027,鈦昇,15,2,13,統一-中壢,2023-08-16,5853
00772B,中信高評級公司債,13,0,13,統一-中壢,2023-08-16,5853
00665L,富邦�琤肭磪囓�2,13,1,12,統一-中壢,2023-08-16,5853
1314,中石化,21,10,11,統一-中壢,2023-08-16,5853
2363,矽統,26,15,11,統一-中壢,2023-08-16,5853
6167,久正,12,1,11,統一-中壢,2023-08-16,5853
00888,永豐台灣ESG,10,0,10,統一-中壢,2023-08-16,5853
00928,中信上櫃ESG30,10,0,10,統一-中壢,2023-08-16,5853
00902,中信電池及儲能,20,10,10,統一-中壢,2023-08-16,5853
00706L,期元大S＆P日圓正2,10,0,10,統一-中壢,2023-08-16,5853
2485,兆赫,10,0,10,統一-中壢,2023-08-16,5853
3021,鴻名,10,0,10,統一-中壢,2023-08-16,5853
6505,台塑化,10,0,10,統一-中壢,2023-08-16,5853
8110,華東,10,0,10,統一-中壢,2023-08-16,5853
00713,元大台灣高息低波,10,1,9,統一-中壢,2023-08-16,5853
5425,台半,10,1,9,統一-中壢,2023-08-16,5853
00882,中信中國高股息,9,0,9,統一-中壢,2023-08-16,5853
00892,富邦台灣半導體,9,0,9,統一-中壢,2023-08-16,5853
1802,台玻,14,5,9,統一-中壢,2023-08-16,5853
2324,仁寶,197,38,159,統一-中壢,2023-08-17,5853
2344,華邦電,71,4,67,統一-中壢,2023-08-17,5853
2332,友訊,105,42,63,統一-中壢,2023-08-17,5853
00751B,元大AAA至A公司債,79,20,59,統一-中壢,2023-08-17,5853
2329,華泰,69,10,59,統一-中壢,2023-08-17,5853
3596,智易,60,1,59,統一-中壢,2023-08-17,5853
3231,緯創,93,40,53,統一-中壢,2023-08-17,5853
2891,中信金,49,2,47,統一-中壢,2023-08-17,5853
2888,新光金,42,0,42,統一-中壢,2023-08-17,5853
2618,長榮航,46,5,41,統一-中壢,2023-08-17,5853
6005,群益證,32,0,32,統一-中壢,2023-08-17,5853
00753L,中信中國50正2,32,0,32,統一-中壢,2023-08-17,5853
6223,旺矽,30,4,26,統一-中壢,2023-08-17,5853
8050,廣積,27,2,25,統一-中壢,2023-08-17,5853
8033,雷虎,22,0,22,統一-中壢,2023-08-17,5853
1319,東陽,21,0,21,統一-中壢,2023-08-17,5853
00857B,永豐20年美公債,20,0,20,統一-中壢,2023-08-17,5853
5388,中磊,20,0,20,統一-中壢,2023-08-17,5853
00772B,中信高評級公司債,20,0,20,統一-中壢,2023-08-17,5853
3498,陽程,20,2,18,統一-中壢,2023-08-17,5853
00715L,期街口布蘭特正2,17,0,17,統一-中壢,2023-08-17,5853
2303,聯電,44,27,17,統一-中壢,2023-08-17,5853
00923,群益台ESG低碳50,16,0,16,統一-中壢,2023-08-17,5853
3056,富華新,22,6,16,統一-中壢,2023-08-17,5853
5426,振發,15,0,15,統一-中壢,2023-08-17,5853
2312,金寶,14,0,14,統一-中壢,2023-08-17,5853
2002,中鋼,35,22,13,統一-中壢,2023-08-17,5853
2356,英業達,30,18,12,統一-中壢,2023-08-17,5853
00722B,群益投資級電信債,12,0,12,統一-中壢,2023-08-17,5853
00929,復華台灣科技優息,12,1,11,統一-中壢,2023-08-17,5853
00930,永豐ESG低碳高息,11,0,11,統一-中壢,2023-08-17,5853
2440,太空梭,12,1,11,統一-中壢,2023-08-17,5853
3338,泰碩,14,3,11,統一-中壢,2023-08-17,5853
6538,倉和,13,2,11,統一-中壢,2023-08-17,5853
00687B,國泰20年美債,11,0,11,統一-中壢,2023-08-17,5853
00919,群益台灣精選高息,10,0,10,統一-中壢,2023-08-17,5853
00878,國泰永續高股息,20,10,10,統一-中壢,2023-08-17,5853
9904,寶成,10,0,10,統一-中壢,2023-08-17,5853
00902,中信電池及儲能,10,0,10,統一-中壢,2023-08-17,5853
00773B,中信優先金融債,10,0,10,統一-中壢,2023-08-17,5853
2505,國揚,10,0,10,統一-中壢,2023-08-17,5853
2913,農林,10,0,10,統一-中壢,2023-08-17,5853
3059,華晶科,10,0,10,統一-中壢,2023-08-17,5853
3149,正達,10,0,10,統一-中壢,2023-08-17,5853
1301,台塑,10,0,10,統一-中壢,2023-08-17,5853
00830,國泰費城半導體,9,0,9,統一-中壢,2023-08-17,5853
00665L,富邦�琤肭磪囓�2,19,10,9,統一-中壢,2023-08-17,5853
2323,中環,29,20,9,統一-中壢,2023-08-17,5853
2337,旺宏,9,0,9,統一-中壢,2023-08-17,5853
1326,台化,8,0,8,統一-中壢,2023-08-17,5853
00673R,期元大S＆P原油反1,100,0,100,統一-中壢,2023-08-18,5853
2363,矽統,119,44,75,統一-中壢,2023-08-18,5853
8930,青鋼,66,1,65,統一-中壢,2023-08-18,5853
2002,中鋼,52,11,41,統一-中壢,2023-08-18,5853
3231,緯創,97,57,40,統一-中壢,2023-08-18,5853
00878,國泰永續高股息,36,3,33,統一-中壢,2023-08-18,5853
3094,聯傑,32,0,32,統一-中壢,2023-08-18,5853
2610,華航,38,8,30,統一-中壢,2023-08-18,5853
9904,寶成,27,0,27,統一-中壢,2023-08-18,5853
00931B,統一美債20年,27,0,27,統一-中壢,2023-08-18,5853
2885,元大金,25,0,25,統一-中壢,2023-08-18,5853
00772B,中信高評級公司債,22,0,22,統一-中壢,2023-08-18,5853
1513,中興電,32,10,22,統一-中壢,2023-08-18,5853
2402,毅嘉,52,31,21,統一-中壢,2023-08-18,5853
6223,旺矽,20,0,20,統一-中壢,2023-08-18,5853
2421,建準,24,5,19,統一-中壢,2023-08-18,5853
00753L,中信中國50正2,19,1,18,統一-中壢,2023-08-18,5853
2313,華通,23,5,18,統一-中壢,2023-08-18,5853
2892,第一金,16,0,16,統一-中壢,2023-08-18,5853
00665L,富邦�琤肭磪囓�2,20,4,16,統一-中壢,2023-08-18,5853
6412,群電,16,0,16,統一-中壢,2023-08-18,5853
2425,承啟,17,3,14,統一-中壢,2023-08-18,5853
2883,凱基金,14,0,14,統一-中壢,2023-08-18,5853
6239,力成,14,0,14,統一-中壢,2023-08-18,5853
2368,金像電,30,16,14,統一-中壢,2023-08-18,5853
2367,燿華,13,0,13,統一-中壢,2023-08-18,5853
2641,正德,15,2,13,統一-中壢,2023-08-18,5853
1605,華新,22,9,13,統一-中壢,2023-08-18,5853
00923,群益台ESG低碳50,12,0,12,統一-中壢,2023-08-18,5853
00687B,國泰20年美債,12,0,12,統一-中壢,2023-08-18,5853
00881,國泰台灣5G+,12,0,12,統一-中壢,2023-08-18,5853
3260,威剛,12,0,12,統一-中壢,2023-08-18,5853
3704,合勤控,28,16,12,統一-中壢,2023-08-18,5853
2855,統一證,11,0,11,統一-中壢,2023-08-18,5853
2882,國泰金,11,0,11,統一-中壢,2023-08-18,5853
2888,新光金,15,4,11,統一-中壢,2023-08-18,5853
3092,鴻碩,12,1,11,統一-中壢,2023-08-18,5853
6443,元晶,11,0,11,統一-中壢,2023-08-18,5853
6672,騰輝電子-KY,11,0,11,統一-中壢,2023-08-18,5853
6538,倉和,13,2,11,統一-中壢,2023-08-18,5853
1312,國喬,10,0,10,統一-中壢,2023-08-18,5853
2409,友達,14,4,10,統一-中壢,2023-08-18,5853
2880,華南金,10,0,10,統一-中壢,2023-08-18,5853
3596,智易,10,0,10,統一-中壢,2023-08-18,5853
5388,中磊,30,20,10,統一-中壢,2023-08-18,5853
6411,晶焱,10,0,10,統一-中壢,2023-08-18,5853
1101,台泥,9,0,9,統一-中壢,2023-08-18,5853
2317,鴻海,13,4,9,統一-中壢,2023-08-18,5853
2891,中信金,13,4,9,統一-中壢,2023-08-18,5853
2323,中環,41,32,9,統一-中壢,2023-08-18,5853
00753L,中信中國50正2,330,0,330,統一-中壢,2023-08-21,5853
4726,永昕,70,0,70,統一-中壢,2023-08-21,5853
2880,華南金,66,0,66,統一-中壢,2023-08-21,5853
2891,中信金,62,18,44,統一-中壢,2023-08-21,5853
00931B,統一美債20年,58,25,33,統一-中壢,2023-08-21,5853
2606,裕民,31,3,28,統一-中壢,2023-08-21,5853
00637L,元大滬深300正2,147,120,27,統一-中壢,2023-08-21,5853
2324,仁寶,50,23,27,統一-中壢,2023-08-21,5853
00751B,元大AAA至A公司債,54,30,24,統一-中壢,2023-08-21,5853
2002,中鋼,22,0,22,統一-中壢,2023-08-21,5853
2441,超豐,22,0,22,統一-中壢,2023-08-21,5853
6147,頎邦,22,0,22,統一-中壢,2023-08-21,5853
2204,中華,20,0,20,統一-中壢,2023-08-21,5853
2401,凌陽,20,0,20,統一-中壢,2023-08-21,5853
2516,新建,20,2,18,統一-中壢,2023-08-21,5853
2618,長榮航,18,1,17,統一-中壢,2023-08-21,5853
6108,競國,26,9,17,統一-中壢,2023-08-21,5853
2609,陽明,14,1,13,統一-中壢,2023-08-21,5853
4906,正文,20,7,13,統一-中壢,2023-08-21,5853
2415,錩新,13,1,12,統一-中壢,2023-08-21,5853
00692,富邦公司治理,11,0,11,統一-中壢,2023-08-21,5853
00715L,期街口布蘭特正2,20,9,11,統一-中壢,2023-08-21,5853
2481,強茂,11,0,11,統一-中壢,2023-08-21,5853
00687B,國泰20年美債,10,0,10,統一-中壢,2023-08-21,5853
00650L,復華香港正2,25,15,10,統一-中壢,2023-08-21,5853
00895,富邦未來車,10,0,10,統一-中壢,2023-08-21,5853
2617,台航,14,4,10,統一-中壢,2023-08-21,5853
2704,國賓,10,0,10,統一-中壢,2023-08-21,5853
3021,鴻名,10,0,10,統一-中壢,2023-08-21,5853
3406,玉晶光,10,0,10,統一-中壢,2023-08-21,5853
8112,至上,20,10,10,統一-中壢,2023-08-21,5853
00885,富邦越南,11,2,9,統一-中壢,2023-08-21,5853
2382,廣達,27,18,9,統一-中壢,2023-08-21,5853
2408,南亞科,9,1,8,統一-中壢,2023-08-21,5853
1513,中興電,14,6,8,統一-中壢,2023-08-21,5853
2402,毅嘉,48,40,8,統一-中壢,2023-08-21,5853
00720B,元大投資級公司債,8,0,8,統一-中壢,2023-08-21,5853
2330,台積電,9,2,7,統一-中壢,2023-08-21,5853
00665L,富邦�琤肭磪囓�2,32,25,7,統一-中壢,2023-08-21,5853
1471,首利,9,2,7,統一-中壢,2023-08-21,5853
2313,華通,9,2,7,統一-中壢,2023-08-21,5853
3693,營邦,9,2,7,統一-中壢,2023-08-21,5853
6456,GIS-KY,8,1,7,統一-中壢,2023-08-21,5853
00923,群益台ESG低碳50,7,0,7,統一-中壢,2023-08-21,5853
00891,中信關鍵半導體,6,0,6,統一-中壢,2023-08-21,5853
1707,葡萄王,6,0,6,統一-中壢,2023-08-21,5853
2359,所羅門,7,1,6,統一-中壢,2023-08-21,5853
4111,濟生,6,0,6,統一-中壢,2023-08-21,5853
00878,國泰永續高股息,8,2,6,統一-中壢,2023-08-21,5853
6191,精成科,8,2,6,統一-中壢,2023-08-21,5853
00637L,元大滬深300正2,137,4,133,統一-中壢,2023-08-22,5853
00931B,統一美債20年,78,0,78,統一-中壢,2023-08-22,5853
2363,矽統,92,47,45,統一-中壢,2023-08-22,5853
2618,長榮航,60,18,42,統一-中壢,2023-08-22,5853
6116,彩晶,41,1,40,統一-中壢,2023-08-22,5853
00885,富邦越南,38,0,38,統一-中壢,2023-08-22,5853
5465,富驊,35,6,29,統一-中壢,2023-08-22,5853
6275,元山,35,7,28,統一-中壢,2023-08-22,5853
00929,復華台灣科技優息,27,0,27,統一-中壢,2023-08-22,5853
2542,興富發,24,0,24,統一-中壢,2023-08-22,5853
3035,智原,62,41,21,統一-中壢,2023-08-22,5853
2891,中信金,24,4,20,統一-中壢,2023-08-22,5853
1312,國喬,20,0,20,統一-中壢,2023-08-22,5853
00927,群益半導體收益,20,0,20,統一-中壢,2023-08-22,5853
6126,信音,19,0,19,統一-中壢,2023-08-22,5853
00679B,元大美債20年,18,0,18,統一-中壢,2023-08-22,5853
00751B,元大AAA至A公司債,19,2,17,統一-中壢,2023-08-22,5853
1301,台塑,16,0,16,統一-中壢,2023-08-22,5853
00665L,富邦�琤肭磪囓�2,36,20,16,統一-中壢,2023-08-22,5853
2323,中環,16,0,16,統一-中壢,2023-08-22,5853
2356,英業達,36,20,16,統一-中壢,2023-08-22,5853
00772B,中信高評級公司債,15,0,15,統一-中壢,2023-08-22,5853
2002,中鋼,16,1,15,統一-中壢,2023-08-22,5853
2610,華航,21,7,14,統一-中壢,2023-08-22,5853
00923,群益台ESG低碳50,15,1,14,統一-中壢,2023-08-22,5853
2605,新興,17,3,14,統一-中壢,2023-08-22,5853
5439,高技,14,0,14,統一-中壢,2023-08-22,5853
2409,友達,12,0,12,統一-中壢,2023-08-22,5853
5009,榮剛,12,0,12,統一-中壢,2023-08-22,5853
2382,廣達,32,20,12,統一-中壢,2023-08-22,5853
5386,青雲,11,0,11,統一-中壢,2023-08-22,5853
5534,長虹,11,0,11,統一-中壢,2023-08-22,5853
6282,康舒,13,2,11,統一-中壢,2023-08-22,5853
00680L,元大美債20正2,15,5,10,統一-中壢,2023-08-22,5853
3596,智易,10,0,10,統一-中壢,2023-08-22,5853
3706,神達,15,5,10,統一-中壢,2023-08-22,5853
1529,樂事綠能,9,0,9,統一-中壢,2023-08-22,5853
4958,臻鼎-KY,9,0,9,統一-中壢,2023-08-22,5853
2324,仁寶,18,10,8,統一-中壢,2023-08-22,5853
2331,精英,10,2,8,統一-中壢,2023-08-22,5853
2890,永豐金,8,0,8,統一-中壢,2023-08-22,5853
5523,豐謙,8,0,8,統一-中壢,2023-08-22,5853
3693,營邦,9,2,7,統一-中壢,2023-08-22,5853
5371,中光電,8,1,7,統一-中壢,2023-08-22,5853
6120,達運,7,0,7,統一-中壢,2023-08-22,5853
00878,國泰永續高股息,9,3,6,統一-中壢,2023-08-22,5853
1513,中興電,18,12,6,統一-中壢,2023-08-22,5853
2892,第一金,6,0,6,統一-中壢,2023-08-22,5853
1707,葡萄王,6,0,6,統一-中壢,2023-08-22,5853
2405,輔信,6,0,6,統一-中壢,2023-08-22,5853
6275,元山,203,2,201,統一-中壢,2023-08-23,5853
0056,元大高股息,181,44,137,統一-中壢,2023-08-23,5853
00632R,元大台灣50反1,80,10,70,統一-中壢,2023-08-23,5853
2344,華邦電,60,3,57,統一-中壢,2023-08-23,5853
2618,長榮航,64,10,54,統一-中壢,2023-08-23,5853
2330,台積電,61,10,51,統一-中壢,2023-08-23,5853
2312,金寶,50,7,43,統一-中壢,2023-08-23,5853
2882,國泰金,42,0,42,統一-中壢,2023-08-23,5853
00680L,元大美債20正2,40,0,40,統一-中壢,2023-08-23,5853
2382,廣達,43,9,34,統一-中壢,2023-08-23,5853
2002,中鋼,31,0,31,統一-中壢,2023-08-23,5853
3094,聯傑,24,1,23,統一-中壢,2023-08-23,5853
00931B,統一美債20年,23,0,23,統一-中壢,2023-08-23,5853
6117,迎廣,26,5,21,統一-中壢,2023-08-23,5853
2208,台船,21,2,19,統一-中壢,2023-08-23,5853
6282,康舒,21,2,19,統一-中壢,2023-08-23,5853
3042,晶技,20,2,18,統一-中壢,2023-08-23,5853
00929,復華台灣科技優息,37,20,17,統一-中壢,2023-08-23,5853
1326,台化,15,0,15,統一-中壢,2023-08-23,5853
2317,鴻海,18,3,15,統一-中壢,2023-08-23,5853
2409,友達,15,1,14,統一-中壢,2023-08-23,5853
1802,台玻,15,1,14,統一-中壢,2023-08-23,5853
2634,漢翔,51,37,14,統一-中壢,2023-08-23,5853
6182,合晶,13,1,12,統一-中壢,2023-08-23,5853
2332,友訊,26,14,12,統一-中壢,2023-08-23,5853
2485,兆赫,13,2,11,統一-中壢,2023-08-23,5853
2886,兆豐金,11,0,11,統一-中壢,2023-08-23,5853
8046,南電,10,0,10,統一-中壢,2023-08-23,5853
3234,光環,10,0,10,統一-中壢,2023-08-23,5853
3363,上詮,10,0,10,統一-中壢,2023-08-23,5853
3715,定穎投控,35,25,10,統一-中壢,2023-08-23,5853
1301,台塑,9,0,9,統一-中壢,2023-08-23,5853
2641,正德,9,0,9,統一-中壢,2023-08-23,5853
3051,力特,8,0,8,統一-中壢,2023-08-23,5853
3689,湧德,10,3,7,統一-中壢,2023-08-23,5853
1471,首利,11,4,7,統一-中壢,2023-08-23,5853
6285,啟��,14,8,6,統一-中壢,2023-08-23,5853
3693,營邦,10,4,6,統一-中壢,2023-08-23,5853
2421,建準,8,2,6,統一-中壢,2023-08-23,5853
2880,華南金,6,0,6,統一-中壢,2023-08-23,5853
3596,智易,11,5,6,統一-中壢,2023-08-23,5853
3706,神達,13,7,6,統一-中壢,2023-08-23,5853
5534,長虹,6,0,6,統一-中壢,2023-08-23,5853
00885,富邦越南,18,12,6,統一-中壢,2023-08-23,5853
5871,中租-KY,5,0,5,統一-中壢,2023-08-23,5853
6415,矽力*-KY,5,0,5,統一-中壢,2023-08-23,5853
00893,國泰智能電動車,5,0,5,統一-中壢,2023-08-23,5853
1529,樂事綠能,5,0,5,統一-中壢,2023-08-23,5853
1783,和康生,5,0,5,統一-中壢,2023-08-23,5853
2031,新光鋼,5,0,5,統一-中壢,2023-08-23,5853
00929,復華台灣科技優息,105,16,89,統一-中壢,2023-08-24,5853
2485,兆赫,52,7,45,統一-中壢,2023-08-24,5853
00893,國泰智能電動車,56,15,41,統一-中壢,2023-08-24,5853
4906,正文,46,5,41,統一-中壢,2023-08-24,5853
2419,仲琦,63,28,35,統一-中壢,2023-08-24,5853
2630,亞航,44,12,32,統一-中壢,2023-08-24,5853
6770,力積電,31,0,31,統一-中壢,2023-08-24,5853
5347,世界,30,0,30,統一-中壢,2023-08-24,5853
2399,映泰,35,10,25,統一-中壢,2023-08-24,5853
6167,久正,25,1,24,統一-中壢,2023-08-24,5853
6669,緯穎,25,5,20,統一-中壢,2023-08-24,5853
1459,聯發,20,0,20,統一-中壢,2023-08-24,5853
6275,元山,20,0,20,統一-中壢,2023-08-24,5853
3231,緯創,128,108,20,統一-中壢,2023-08-24,5853
3706,神達,38,18,20,統一-中壢,2023-08-24,5853
00919,群益台灣精選高息,19,0,19,統一-中壢,2023-08-24,5853
6120,達運,20,2,18,統一-中壢,2023-08-24,5853
2363,矽統,145,127,18,統一-中壢,2023-08-24,5853
6168,宏齊,21,5,16,統一-中壢,2023-08-24,5853
3004,豐達科,16,0,16,統一-中壢,2023-08-24,5853
2449,京元電子,50,35,15,統一-中壢,2023-08-24,5853
00680L,元大美債20正2,25,10,15,統一-中壢,2023-08-24,5853
3078,僑威,18,3,15,統一-中壢,2023-08-24,5853
9105,泰金寶-DR,15,0,15,統一-中壢,2023-08-24,5853
5371,中光電,13,0,13,統一-中壢,2023-08-24,5853
2356,英業達,45,33,12,統一-中壢,2023-08-24,5853
5009,榮剛,12,0,12,統一-中壢,2023-08-24,5853
00715L,期街口布蘭特正2,11,0,11,統一-中壢,2023-08-24,5853
2359,所羅門,21,10,11,統一-中壢,2023-08-24,5853
6223,旺矽,11,0,11,統一-中壢,2023-08-24,5853
00713,元大台灣高息低波,21,11,10,統一-中壢,2023-08-24,5853
2880,華南金,10,0,10,統一-中壢,2023-08-24,5853
2515,中工,10,0,10,統一-中壢,2023-08-24,5853
2402,毅嘉,10,0,10,統一-中壢,2023-08-24,5853
2002,中鋼,11,1,10,統一-中壢,2023-08-24,5853
00885,富邦越南,10,0,10,統一-中壢,2023-08-24,5853
1471,首利,25,16,9,統一-中壢,2023-08-24,5853
3308,聯德,23,14,9,統一-中壢,2023-08-24,5853
9904,寶成,9,0,9,統一-中壢,2023-08-24,5853
2913,農林,12,3,9,統一-中壢,2023-08-24,5853
3062,建漢,20,11,9,統一-中壢,2023-08-24,5853
2344,華邦電,49,40,9,統一-中壢,2023-08-24,5853
00632R,元大台灣50反1,11,3,8,統一-中壢,2023-08-24,5853
3669,圓展,8,0,8,統一-中壢,2023-08-24,5853
2352,佳世達,8,1,7,統一-中壢,2023-08-24,5853
2883,凱基金,12,5,7,統一-中壢,2023-08-24,5853
6125,廣運,33,26,7,統一-中壢,2023-08-24,5853
6170,統振,12,5,7,統一-中壢,2023-08-24,5853
3163,波若威,13,6,7,統一-中壢,2023-08-24,5853
2542,興富發,6,0,6,統一-中壢,2023-08-24,5853
2610,華航,459,8,451,統一-中壢,2023-08-25,5853
00878,國泰永續高股息,201,0,201,統一-中壢,2023-08-25,5853
3231,緯創,160,33,127,統一-中壢,2023-08-25,5853
00919,群益台灣精選高息,109,0,109,統一-中壢,2023-08-25,5853
1513,中興電,71,8,63,統一-中壢,2023-08-25,5853
2303,聯電,61,16,45,統一-中壢,2023-08-25,5853
00929,復華台灣科技優息,63,19,44,統一-中壢,2023-08-25,5853
2883,凱基金,41,0,41,統一-中壢,2023-08-25,5853
3706,神達,40,1,39,統一-中壢,2023-08-25,5853
2330,台積電,39,1,38,統一-中壢,2023-08-25,5853
2382,廣達,56,20,36,統一-中壢,2023-08-25,5853
2353,宏��,40,5,35,統一-中壢,2023-08-25,5853
3037,欣興,31,1,30,統一-中壢,2023-08-25,5853
00679B,元大美債20年,30,1,29,統一-中壢,2023-08-25,5853
3094,聯傑,47,19,28,統一-中壢,2023-08-25,5853
0056,元大高股息,23,1,22,統一-中壢,2023-08-25,5853
1315,達新,22,0,22,統一-中壢,2023-08-25,5853
2421,建準,23,2,21,統一-中壢,2023-08-25,5853
1301,台塑,20,0,20,統一-中壢,2023-08-25,5853
1471,首利,20,2,18,統一-中壢,2023-08-25,5853
2485,兆赫,18,1,17,統一-中壢,2023-08-25,5853
3056,富華新,16,0,16,統一-中壢,2023-08-25,5853
2892,第一金,14,0,14,統一-中壢,2023-08-25,5853
2369,菱生,19,5,14,統一-中壢,2023-08-25,5853
2618,長榮航,22,8,14,統一-中壢,2023-08-25,5853
6412,群電,14,0,14,統一-中壢,2023-08-25,5853
9945,潤泰新,13,0,13,統一-中壢,2023-08-25,5853
6538,倉和,13,1,12,統一-中壢,2023-08-25,5853
2002,中鋼,15,3,12,統一-中壢,2023-08-25,5853
2345,智邦,11,0,11,統一-中壢,2023-08-25,5853
2425,承啟,12,1,11,統一-中壢,2023-08-25,5853
2637,慧洋-KY,11,0,11,統一-中壢,2023-08-25,5853
3021,鴻名,17,6,11,統一-中壢,2023-08-25,5853
00665L,富邦�琤肭磪囓�2,17,7,10,統一-中壢,2023-08-25,5853
2887,台新金,8,0,8,統一-中壢,2023-08-25,5853
3044,健鼎,11,3,8,統一-中壢,2023-08-25,5853
1609,大亞,11,3,8,統一-中壢,2023-08-25,5853
2486,一詮,18,10,8,統一-中壢,2023-08-25,5853
8215,明基材,8,0,8,統一-中壢,2023-08-25,5853
2634,漢翔,43,36,7,統一-中壢,2023-08-25,5853
2301,光寶科,12,5,7,統一-中壢,2023-08-25,5853
00924,復華S＆P500成長,7,0,7,統一-中壢,2023-08-25,5853
00903,富邦元宇宙,7,0,7,統一-中壢,2023-08-25,5853
00673R,期元大S＆P原油反1,10,3,7,統一-中壢,2023-08-25,5853
2344,華邦電,8,1,7,統一-中壢,2023-08-25,5853
3305,昇貿,9,2,7,統一-中壢,2023-08-25,5853
5243,乙盛-KY,7,0,7,統一-中壢,2023-08-25,5853
00882,中信中國高股息,6,0,6,統一-中壢,2023-08-25,5853
00894,中信小資高價30,6,0,6,統一-中壢,2023-08-25,5853
3483,力致,8,2,6,統一-中壢,2023-08-25,5853
2610,華航,429,1,428,統一-中壢,2023-08-28,5853
00919,群益台灣精選高息,111,0,111,統一-中壢,2023-08-28,5853
00878,國泰永續高股息,108,35,73,統一-中壢,2023-08-28,5853
2409,友達,47,1,46,統一-中壢,2023-08-28,5853
2618,長榮航,43,1,42,統一-中壢,2023-08-28,5853
6275,元山,37,0,37,統一-中壢,2023-08-28,5853
1217,愛之味,30,0,30,統一-中壢,2023-08-28,5853
2705,六福,30,0,30,統一-中壢,2023-08-28,5853
3711,日月光投控,35,9,26,統一-中壢,2023-08-28,5853
5009,榮剛,35,12,23,統一-中壢,2023-08-28,5853
4123,晟德,22,0,22,統一-中壢,2023-08-28,5853
2353,宏��,32,11,21,統一-中壢,2023-08-28,5853
2313,華通,30,10,20,統一-中壢,2023-08-28,5853
2440,太空梭,20,0,20,統一-中壢,2023-08-28,5853
3011,今皓,20,0,20,統一-中壢,2023-08-28,5853
4543,萬在,20,0,20,統一-中壢,2023-08-28,5853
6443,元晶,20,0,20,統一-中壢,2023-08-28,5853
00712,復華富時不動產,15,0,15,統一-中壢,2023-08-28,5853
9945,潤泰新,47,32,15,統一-中壢,2023-08-28,5853
3596,智易,14,1,13,統一-中壢,2023-08-28,5853
3078,僑威,14,2,12,統一-中壢,2023-08-28,5853
8050,廣積,12,0,12,統一-中壢,2023-08-28,5853
2736,富野,11,0,11,統一-中壢,2023-08-28,5853
3021,鴻名,11,0,11,統一-中壢,2023-08-28,5853
00903,富邦元宇宙,10,0,10,統一-中壢,2023-08-28,5853
1609,大亞,11,1,10,統一-中壢,2023-08-28,5853
2606,裕民,10,0,10,統一-中壢,2023-08-28,5853
3035,智原,20,10,10,統一-中壢,2023-08-28,5853
6168,宏齊,14,4,10,統一-中壢,2023-08-28,5853
8028,昇陽半導體,10,0,10,統一-中壢,2023-08-28,5853
2371,大同,21,11,10,統一-中壢,2023-08-28,5853
00882,中信中國高股息,10,1,9,統一-中壢,2023-08-28,5853
6770,力積電,12,3,9,統一-中壢,2023-08-28,5853
2442,新美齊,8,0,8,統一-中壢,2023-08-28,5853
3325,旭品,8,0,8,統一-中壢,2023-08-28,5853
00713,元大台灣高息低波,7,0,7,統一-中壢,2023-08-28,5853
2614,東森,16,10,6,統一-中壢,2023-08-28,5853
2382,廣達,40,34,6,統一-中壢,2023-08-28,5853
2495,普安,7,1,6,統一-中壢,2023-08-28,5853
2605,新興,6,0,6,統一-中壢,2023-08-28,5853
3022,威強電,6,0,6,統一-中壢,2023-08-28,5853
3545,敦泰,6,0,6,統一-中壢,2023-08-28,5853
8213,志超,6,0,6,統一-中壢,2023-08-28,5853
6282,康舒,6,1,5,統一-中壢,2023-08-28,5853
2727,王品,6,1,5,統一-中壢,2023-08-28,5853
00650L,復華香港正2,20,15,5,統一-中壢,2023-08-28,5853
00632R,元大台灣50反1,5,0,5,統一-中壢,2023-08-28,5853
2206,三陽工業,5,0,5,統一-中壢,2023-08-28,5853
3305,昇貿,11,6,5,統一-中壢,2023-08-28,5853
5351,鈺創,10,5,5,統一-中壢,2023-08-28,5853
00632R,元大台灣50反1,631,0,631,統一-中壢,2023-08-29,5853
2324,仁寶,212,7,205,統一-中壢,2023-08-29,5853
00919,群益台灣精選高息,158,0,158,統一-中壢,2023-08-29,5853
4726,永昕,100,0,100,統一-中壢,2023-08-29,5853
5512,力麒,54,0,54,統一-中壢,2023-08-29,5853
00931B,統一美債20年,77,26,51,統一-中壢,2023-08-29,5853
6223,旺矽,50,0,50,統一-中壢,2023-08-29,5853
2883,凱基金,51,2,49,統一-中壢,2023-08-29,5853
2303,聯電,52,4,48,統一-中壢,2023-08-29,5853
2328,廣宇,46,0,46,統一-中壢,2023-08-29,5853
5880,合庫金,44,0,44,統一-中壢,2023-08-29,5853
2886,兆豐金,36,1,35,統一-中壢,2023-08-29,5853
6167,久正,32,0,32,統一-中壢,2023-08-29,5853
3661,世芯-KY,31,1,30,統一-中壢,2023-08-29,5853
2317,鴻海,43,14,29,統一-中壢,2023-08-29,5853
00902,中信電池及儲能,30,1,29,統一-中壢,2023-08-29,5853
1810,和成,26,4,22,統一-中壢,2023-08-29,5853
2331,精英,22,4,18,統一-中壢,2023-08-29,5853
3308,聯德,29,11,18,統一-中壢,2023-08-29,5853
4123,晟德,20,2,18,統一-中壢,2023-08-29,5853
00878,國泰永續高股息,25,8,17,統一-中壢,2023-08-29,5853
1802,台玻,18,1,17,統一-中壢,2023-08-29,5853
6188,廣明,17,1,16,統一-中壢,2023-08-29,5853
1326,台化,16,1,15,統一-中壢,2023-08-29,5853
00679B,元大美債20年,15,0,15,統一-中壢,2023-08-29,5853
00673R,期元大S＆P原油反1,15,0,15,統一-中壢,2023-08-29,5853
6285,啟��,24,10,14,統一-中壢,2023-08-29,5853
2313,華通,17,3,14,統一-中壢,2023-08-29,5853
2402,毅嘉,16,3,13,統一-中壢,2023-08-29,5853
2363,矽統,92,79,13,統一-中壢,2023-08-29,5853
00888,永豐台灣ESG,12,0,12,統一-中壢,2023-08-29,5853
2838,聯邦銀,12,0,12,統一-中壢,2023-08-29,5853
8358,金居,14,2,12,統一-中壢,2023-08-29,5853
2614,東森,12,1,11,統一-中壢,2023-08-29,5853
2610,華航,14,3,11,統一-中壢,2023-08-29,5853
4906,正文,17,6,11,統一-中壢,2023-08-29,5853
3231,緯創,58,48,10,統一-中壢,2023-08-29,5853
00923,群益台ESG低碳50,10,0,10,統一-中壢,2023-08-29,5853
1312,國喬,10,0,10,統一-中壢,2023-08-29,5853
1218,泰山,10,0,10,統一-中壢,2023-08-29,5853
2605,新興,10,0,10,統一-中壢,2023-08-29,5853
3576,聯合再生,10,0,10,統一-中壢,2023-08-29,5853
5381,合正,10,0,10,統一-中壢,2023-08-29,5853
5388,中磊,10,0,10,統一-中壢,2023-08-29,5853
5536,聖暉*,10,0,10,統一-中壢,2023-08-29,5853
9945,潤泰新,11,1,10,統一-中壢,2023-08-29,5853
006208,富邦台50,9,0,9,統一-中壢,2023-08-29,5853
4916,事欣科,28,19,9,統一-中壢,2023-08-29,5853
2498,宏達電,14,5,9,統一-中壢,2023-08-29,5853
00885,富邦越南,24,16,8,統一-中壢,2023-08-29,5853
2867,三商壽,200,0,200,統一-中壢,2023-08-30,5853
2344,華邦電,206,63,143,統一-中壢,2023-08-30,5853
00665L,富邦�琤肭磪囓�2,128,10,118,統一-中壢,2023-08-30,5853
2409,友達,112,12,100,統一-中壢,2023-08-30,5853
00673R,期元大S＆P原油反1,90,0,90,統一-中壢,2023-08-30,5853
2449,京元電子,72,7,65,統一-中壢,2023-08-30,5853
00929,復華台灣科技優息,57,4,53,統一-中壢,2023-08-30,5853
3596,智易,51,0,51,統一-中壢,2023-08-30,5853
2618,長榮航,47,4,43,統一-中壢,2023-08-30,5853
1312,國喬,40,0,40,統一-中壢,2023-08-30,5853
2609,陽明,39,0,39,統一-中壢,2023-08-30,5853
4114,健喬,30,0,30,統一-中壢,2023-08-30,5853
4102,永日,30,1,29,統一-中壢,2023-08-30,5853
4506,崇友,28,1,27,統一-中壢,2023-08-30,5853
1524,耿鼎,30,5,25,統一-中壢,2023-08-30,5853
1528,恩德,22,0,22,統一-中壢,2023-08-30,5853
6235,華孚,24,2,22,統一-中壢,2023-08-30,5853
2355,敬鵬,27,6,21,統一-中壢,2023-08-30,5853
4989,榮科,20,1,19,統一-中壢,2023-08-30,5853
00919,群益台灣精選高息,48,30,18,統一-中壢,2023-08-30,5853
2330,台積電,31,13,18,統一-中壢,2023-08-30,5853
00692,富邦公司治理,19,2,17,統一-中壢,2023-08-30,5853
2886,兆豐金,18,2,16,統一-中壢,2023-08-30,5853
1802,台玻,28,13,15,統一-中壢,2023-08-30,5853
2323,中環,15,0,15,統一-中壢,2023-08-30,5853
2331,精英,23,8,15,統一-中壢,2023-08-30,5853
2816,旺旺保,20,5,15,統一-中壢,2023-08-30,5853
6605,帝寶,15,0,15,統一-中壢,2023-08-30,5853
00637L,元大滬深300正2,14,0,14,統一-中壢,2023-08-30,5853
1315,達新,14,0,14,統一-中壢,2023-08-30,5853
2441,超豐,12,0,12,統一-中壢,2023-08-30,5853
6156,松上,12,0,12,統一-中壢,2023-08-30,5853
00900,富邦特選高股息30,13,2,11,統一-中壢,2023-08-30,5853
5425,台半,11,0,11,統一-中壢,2023-08-30,5853
5469,瀚宇博,11,0,11,統一-中壢,2023-08-30,5853
2027,大成鋼,9,0,9,統一-中壢,2023-08-30,5853
2605,新興,8,0,8,統一-中壢,2023-08-30,5853
2723,美食-KY,8,0,8,統一-中壢,2023-08-30,5853
3021,鴻名,8,0,8,統一-中壢,2023-08-30,5853
1722,台肥,8,1,7,統一-中壢,2023-08-30,5853
3013,晟銘電,7,0,7,統一-中壢,2023-08-30,5853
1513,中興電,11,4,7,統一-中壢,2023-08-30,5853
3661,世芯-KY,7,1,6,統一-中壢,2023-08-30,5853
00633L,富邦上証正2,6,0,6,統一-中壢,2023-08-30,5853
1504,東元,7,1,6,統一-中壢,2023-08-30,5853
2634,漢翔,15,9,6,統一-中壢,2023-08-30,5853
3675,德微,6,0,6,統一-中壢,2023-08-30,5853
1319,東陽,10,4,6,統一-中壢,2023-08-30,5853
5289,宜鼎,6,0,6,統一-中壢,2023-08-30,5853
1314,中石化,5,0,5,統一-中壢,2023-08-30,5853
2867,三商壽,500,0,500,統一-中壢,2023-08-31,5853
2303,聯電,105,22,83,統一-中壢,2023-08-31,5853
2409,友達,72,19,53,統一-中壢,2023-08-31,5853
2313,華通,75,26,49,統一-中壢,2023-08-31,5853
2363,矽統,93,48,45,統一-中壢,2023-08-31,5853
9958,世紀鋼,45,2,43,統一-中壢,2023-08-31,5853
2892,第一金,42,0,42,統一-中壢,2023-08-31,5853
2332,友訊,41,0,41,統一-中壢,2023-08-31,5853
00878,國泰永續高股息,42,5,37,統一-中壢,2023-08-31,5853
1810,和成,40,3,37,統一-中壢,2023-08-31,5853
00929,復華台灣科技優息,37,1,36,統一-中壢,2023-08-31,5853
2884,玉山金,36,1,35,統一-中壢,2023-08-31,5853
1522,堤維西,36,5,31,統一-中壢,2023-08-31,5853
2337,旺宏,52,27,25,統一-中壢,2023-08-31,5853
2353,宏��,54,30,24,統一-中壢,2023-08-31,5853
2330,台積電,22,0,22,統一-中壢,2023-08-31,5853
2105,正新,22,0,22,統一-中壢,2023-08-31,5853
1101,台泥,22,0,22,統一-中壢,2023-08-31,5853
8088,品安,21,0,21,統一-中壢,2023-08-31,5853
1312,國喬,20,0,20,統一-中壢,2023-08-31,5853
4726,永昕,20,0,20,統一-中壢,2023-08-31,5853
2886,兆豐金,17,0,17,統一-中壢,2023-08-31,5853
1802,台玻,25,9,16,統一-中壢,2023-08-31,5853
2002,中鋼,15,0,15,統一-中壢,2023-08-31,5853
3338,泰碩,15,0,15,統一-中壢,2023-08-31,5853
3479,安勤,15,0,15,統一-中壢,2023-08-31,5853
5381,合正,21,7,14,統一-中壢,2023-08-31,5853
4532,瑞智,13,0,13,統一-中壢,2023-08-31,5853
00692,富邦公司治理,12,0,12,統一-中壢,2023-08-31,5853
2511,太子,12,0,12,統一-中壢,2023-08-31,5853
2890,永豐金,12,0,12,統一-中壢,2023-08-31,5853
1402,遠東新,11,0,11,統一-中壢,2023-08-31,5853
1102,亞泥,11,0,11,統一-中壢,2023-08-31,5853
2323,中環,12,1,11,統一-中壢,2023-08-31,5853
2882,國泰金,11,0,11,統一-中壢,2023-08-31,5853
5009,榮剛,12,1,11,統一-中壢,2023-08-31,5853
2834,臺企銀,13,3,10,統一-中壢,2023-08-31,5853
2324,仁寶,17,7,10,統一-中壢,2023-08-31,5853
2355,敬鵬,11,1,10,統一-中壢,2023-08-31,5853
2610,華航,11,1,10,統一-中壢,2023-08-31,5853
2891,中信金,10,0,10,統一-中壢,2023-08-31,5853
3056,富華新,10,0,10,統一-中壢,2023-08-31,5853
4919,新唐,10,0,10,統一-中壢,2023-08-31,5853
5225,東科-KY,17,7,10,統一-中壢,2023-08-31,5853
8049,晶采,10,0,10,統一-中壢,2023-08-31,5853
2449,京元電子,17,8,9,統一-中壢,2023-08-31,5853
4933,友輝,10,1,9,統一-中壢,2023-08-31,5853
6147,頎邦,11,2,9,統一-中壢,2023-08-31,5853
2393,億光,9,0,9,統一-中壢,2023-08-31,5853
1216,統一,8,0,8,統一-中壢,2023-08-31,5853
2867,三商壽,305,0,305,統一-中壢,2023-09-01,5853
00919,群益台灣精選高息,116,3,113,統一-中壢,2023-09-01,5853
00932,兆豐永續高息等權,102,0,102,統一-中壢,2023-09-01,5853
00929,復華台灣科技優息,105,32,73,統一-中壢,2023-09-01,5853
1312,國喬,50,0,50,統一-中壢,2023-09-01,5853
2313,華通,48,2,46,統一-中壢,2023-09-01,5853
2485,兆赫,84,38,46,統一-中壢,2023-09-01,5853
2363,矽統,130,87,43,統一-中壢,2023-09-01,5853
5388,中磊,40,0,40,統一-中壢,2023-09-01,5853
3231,緯創,71,37,34,統一-中壢,2023-09-01,5853
2331,精英,90,58,32,統一-中壢,2023-09-01,5853
6223,旺矽,30,0,30,統一-中壢,2023-09-01,5853
1727,中華化,28,0,28,統一-中壢,2023-09-01,5853
3596,智易,35,8,27,統一-中壢,2023-09-01,5853
5465,富驊,28,1,27,統一-中壢,2023-09-01,5853
00673R,期元大S＆P原油反1,25,0,25,統一-中壢,2023-09-01,5853
00923,群益台ESG低碳50,25,2,23,統一-中壢,2023-09-01,5853
1605,華新,36,13,23,統一-中壢,2023-09-01,5853
1609,大亞,21,0,21,統一-中壢,2023-09-01,5853
2376,技嘉,23,5,18,統一-中壢,2023-09-01,5853
2337,旺宏,34,16,18,統一-中壢,2023-09-01,5853
2355,敬鵬,23,5,18,統一-中壢,2023-09-01,5853
2382,廣達,41,24,17,統一-中壢,2023-09-01,5853
2369,菱生,20,4,16,統一-中壢,2023-09-01,5853
6592B,和潤企業乙特,16,0,16,統一-中壢,2023-09-01,5853
1319,東陽,17,2,15,統一-中壢,2023-09-01,5853
2441,超豐,15,0,15,統一-中壢,2023-09-01,5853
3479,安勤,15,0,15,統一-中壢,2023-09-01,5853
6116,彩晶,15,0,15,統一-中壢,2023-09-01,5853
2891,中信金,14,0,14,統一-中壢,2023-09-01,5853
3051,力特,17,4,13,統一-中壢,2023-09-01,5853
3325,旭品,12,0,12,統一-中壢,2023-09-01,5853
00931B,統一美債20年,20,9,11,統一-中壢,2023-09-01,5853
00885,富邦越南,11,0,11,統一-中壢,2023-09-01,5853
2359,所羅門,11,0,11,統一-中壢,2023-09-01,5853
3059,華晶科,16,5,11,統一-中壢,2023-09-01,5853
6120,達運,14,3,11,統一-中壢,2023-09-01,5853
8088,品安,13,2,11,統一-中壢,2023-09-01,5853
4906,正文,14,4,10,統一-中壢,2023-09-01,5853
00679B,元大美債20年,10,0,10,統一-中壢,2023-09-01,5853
00632R,元大台灣50反1,12,2,10,統一-中壢,2023-09-01,5853
1444,力麗,10,0,10,統一-中壢,2023-09-01,5853
2104,國際中橡,10,0,10,統一-中壢,2023-09-01,5853
2316,楠梓電,10,0,10,統一-中壢,2023-09-01,5853
2356,英業達,15,5,10,統一-中壢,2023-09-01,5853
2542,興富發,10,0,10,統一-中壢,2023-09-01,5853
3666,光耀,10,0,10,統一-中壢,2023-09-01,5853
4552,力達-KY,10,0,10,統一-中壢,2023-09-01,5853
00921,兆豐龍頭等權重,10,0,10,統一-中壢,2023-09-01,5853
8358,金居,17,8,9,統一-中壢,2023-09-01,5853
00929,復華台灣科技優息,107,3,104,統一-中壢,2023-09-04,5853
00919,群益台灣精選高息,112,40,72,統一-中壢,2023-09-04,5853
1608,華榮,50,0,50,統一-中壢,2023-09-04,5853
00915,凱基優選高股息30,44,0,44,統一-中壢,2023-09-04,5853
00720B,元大投資級公司債,43,0,43,統一-中壢,2023-09-04,5853
6143,振曜,42,0,42,統一-中壢,2023-09-04,5853
00680L,元大美債20正2,37,0,37,統一-中壢,2023-09-04,5853
6202,盛群,31,0,31,統一-中壢,2023-09-04,5853
2367,燿華,30,2,28,統一-中壢,2023-09-04,5853
2634,漢翔,26,2,24,統一-中壢,2023-09-04,5853
1522,堤維西,21,0,21,統一-中壢,2023-09-04,5853
2441,超豐,20,0,20,統一-中壢,2023-09-04,5853
2610,華航,18,1,17,統一-中壢,2023-09-04,5853
2363,矽統,53,38,15,統一-中壢,2023-09-04,5853
2316,楠梓電,20,5,15,統一-中壢,2023-09-04,5853
2376,技嘉,23,9,14,統一-中壢,2023-09-04,5853
1582,信錦,14,0,14,統一-中壢,2023-09-04,5853
8121,越峰,15,1,14,統一-中壢,2023-09-04,5853
2504,國產,13,0,13,統一-中壢,2023-09-04,5853
6770,力積電,13,0,13,統一-中壢,2023-09-04,5853
00751B,元大AAA至A公司債,12,0,12,統一-中壢,2023-09-04,5853
2388,威盛,11,0,11,統一-中壢,2023-09-04,5853
3479,安勤,12,1,11,統一-中壢,2023-09-04,5853
00679B,元大美債20年,10,0,10,統一-中壢,2023-09-04,5853
00673R,期元大S＆P原油反1,10,0,10,統一-中壢,2023-09-04,5853
00632R,元大台灣50反1,11,1,10,統一-中壢,2023-09-04,5853
00795B,中信美國公債20年,10,0,10,統一-中壢,2023-09-04,5853
00931B,統一美債20年,10,0,10,統一-中壢,2023-09-04,5853
1802,台玻,20,10,10,統一-中壢,2023-09-04,5853
2105,正新,10,0,10,統一-中壢,2023-09-04,5853
2201,裕隆,20,10,10,統一-中壢,2023-09-04,5853
2324,仁寶,18,8,10,統一-中壢,2023-09-04,5853
3576,聯合再生,10,0,10,統一-中壢,2023-09-04,5853
6168,宏齊,10,0,10,統一-中壢,2023-09-04,5853
9962,有益,10,0,10,統一-中壢,2023-09-04,5853
2498,宏達電,11,3,8,統一-中壢,2023-09-04,5853
3071,協禧,15,7,8,統一-中壢,2023-09-04,5853
2618,長榮航,12,4,8,統一-中壢,2023-09-04,5853
00885,富邦越南,7,0,7,統一-中壢,2023-09-04,5853
5009,榮剛,12,5,7,統一-中壢,2023-09-04,5853
5381,合正,10,3,7,統一-中壢,2023-09-04,5853
6136,富爾特,7,0,7,統一-中壢,2023-09-04,5853
4906,正文,6,0,6,統一-中壢,2023-09-04,5853
00923,群益台ESG低碳50,6,0,6,統一-中壢,2023-09-04,5853
1529,樂事綠能,6,0,6,統一-中壢,2023-09-04,5853
2369,菱生,6,0,6,統一-中壢,2023-09-04,5853
8048,德勝,6,0,6,統一-中壢,2023-09-04,5853
9105,泰金寶-DR,6,0,6,統一-中壢,2023-09-04,5853
3014,聯陽,8,2,6,統一-中壢,2023-09-04,5853
6719,力智,7,2,5,統一-中壢,2023-09-04,5853
3481,群創,94,0,94,統一-中壢,2023-09-05,5853
00665L,富邦�琤肭磪囓�2,82,10,72,統一-中壢,2023-09-05,5853
00919,群益台灣精選高息,104,40,64,統一-中壢,2023-09-05,5853
8213,志超,51,7,44,統一-中壢,2023-09-05,5853
2888,新光金,50,7,43,統一-中壢,2023-09-05,5853
1605,華新,32,0,32,統一-中壢,2023-09-05,5853
3596,智易,30,0,30,統一-中壢,2023-09-05,5853
6167,久正,30,0,30,統一-中壢,2023-09-05,5853
00720B,元大投資級公司債,28,0,28,統一-中壢,2023-09-05,5853
9904,寶成,28,0,28,統一-中壢,2023-09-05,5853
1504,東元,31,4,27,統一-中壢,2023-09-05,5853
2610,華航,27,0,27,統一-中壢,2023-09-05,5853
2385,群光,26,1,25,統一-中壢,2023-09-05,5853
00918,大華優利高填息30,24,0,24,統一-中壢,2023-09-05,5853
00915,凱基優選高股息30,32,9,23,統一-中壢,2023-09-05,5853
1810,和成,28,5,23,統一-中壢,2023-09-05,5853
1609,大亞,22,0,22,統一-中壢,2023-09-05,5853
2358,廷鑫,21,1,20,統一-中壢,2023-09-05,5853
00679B,元大美債20年,20,1,19,統一-中壢,2023-09-05,5853
8358,金居,46,27,19,統一-中壢,2023-09-05,5853
2105,正新,21,4,17,統一-中壢,2023-09-05,5853
4906,正文,15,0,15,統一-中壢,2023-09-05,5853
2436,偉詮電,24,9,15,統一-中壢,2023-09-05,5853
00751B,元大AAA至A公司債,15,1,14,統一-中壢,2023-09-05,5853
00931B,統一美債20年,14,1,13,統一-中壢,2023-09-05,5853
00713,元大台灣高息低波,13,0,13,統一-中壢,2023-09-05,5853
6120,達運,19,6,13,統一-中壢,2023-09-05,5853
2402,毅嘉,25,14,11,統一-中壢,2023-09-05,5853
2615,萬海,11,0,11,統一-中壢,2023-09-05,5853
2618,長榮航,13,2,11,統一-中壢,2023-09-05,5853
3234,光環,13,2,11,統一-中壢,2023-09-05,5853
5347,世界,12,1,11,統一-中壢,2023-09-05,5853
6160,欣技,21,10,11,統一-中壢,2023-09-05,5853
00680L,元大美債20正2,10,0,10,統一-中壢,2023-09-05,5853
1319,東陽,15,5,10,統一-中壢,2023-09-05,5853
1603,華電,10,0,10,統一-中壢,2023-09-05,5853
2457,飛宏,11,1,10,統一-中壢,2023-09-05,5853
3090,日電貿,10,0,10,統一-中壢,2023-09-05,5853
3715,定穎投控,20,10,10,統一-中壢,2023-09-05,5853
5258,虹堡,14,4,10,統一-中壢,2023-09-05,5853
6811,宏�硌穈T,10,0,10,統一-中壢,2023-09-05,5853
9929,秋雨,10,0,10,統一-中壢,2023-09-05,5853
2465,麗臺,10,1,9,統一-中壢,2023-09-05,5853
3483,力致,10,1,9,統一-中壢,2023-09-05,5853
6173,信昌電,9,0,9,統一-中壢,2023-09-05,5853
2359,所羅門,9,1,8,統一-中壢,2023-09-05,5853
2409,友達,69,61,8,統一-中壢,2023-09-05,5853
2485,兆赫,16,8,8,統一-中壢,2023-09-05,5853
6829,千附精密,10,2,8,統一-中壢,2023-09-05,5853
2634,漢翔,15,8,7,統一-中壢,2023-09-05,5853
9919,康那香,100,0,100,統一-中壢,2023-09-06,5853
00929,復華台灣科技優息,216,133,83,統一-中壢,2023-09-06,5853
6223,旺矽,80,1,79,統一-中壢,2023-09-06,5853
1101,台泥,56,5,51,統一-中壢,2023-09-06,5853
00680L,元大美債20正2,46,0,46,統一-中壢,2023-09-06,5853
00923,群益台ESG低碳50,46,0,46,統一-中壢,2023-09-06,5853
6412,群電,43,1,42,統一-中壢,2023-09-06,5853
1810,和成,41,0,41,統一-中壢,2023-09-06,5853
1304,台聚,38,0,38,統一-中壢,2023-09-06,5853
00915,凱基優選高股息30,43,7,36,統一-中壢,2023-09-06,5853
8150,南茂,37,4,33,統一-中壢,2023-09-06,5853
1605,華新,35,3,32,統一-中壢,2023-09-06,5853
2880,華南金,30,0,30,統一-中壢,2023-09-06,5853
3013,晟銘電,37,7,30,統一-中壢,2023-09-06,5853
00932,兆豐永續高息等權,31,5,26,統一-中壢,2023-09-06,5853
00720B,元大投資級公司債,25,0,25,統一-中壢,2023-09-06,5853
00931B,統一美債20年,49,25,24,統一-中壢,2023-09-06,5853
00753L,中信中國50正2,23,0,23,統一-中壢,2023-09-06,5853
2887,台新金,21,0,21,統一-中壢,2023-09-06,5853
00918,大華優利高填息30,20,0,20,統一-中壢,2023-09-06,5853
1216,統一,20,1,19,統一-中壢,2023-09-06,5853
2358,廷鑫,20,1,19,統一-中壢,2023-09-06,5853
5328,華容,21,2,19,統一-中壢,2023-09-06,5853
5465,富驊,19,0,19,統一-中壢,2023-09-06,5853
3481,群創,47,29,18,統一-中壢,2023-09-06,5853
2504,國產,18,0,18,統一-中壢,2023-09-06,5853
00878,國泰永續高股息,41,23,18,統一-中壢,2023-09-06,5853
3231,緯創,67,50,17,統一-中壢,2023-09-06,5853
00751B,元大AAA至A公司債,16,0,16,統一-中壢,2023-09-06,5853
2495,普安,15,0,15,統一-中壢,2023-09-06,5853
00679B,元大美債20年,13,0,13,統一-中壢,2023-09-06,5853
2388,威盛,18,5,13,統一-中壢,2023-09-06,5853
5351,鈺創,14,1,13,統一-中壢,2023-09-06,5853
6120,達運,24,11,13,統一-中壢,2023-09-06,5853
1802,台玻,29,17,12,統一-中壢,2023-09-06,5853
2401,凌陽,22,10,12,統一-中壢,2023-09-06,5853
2465,麗臺,12,0,12,統一-中壢,2023-09-06,5853
4123,晟德,12,0,12,統一-中壢,2023-09-06,5853
5388,中磊,31,19,12,統一-中壢,2023-09-06,5853
00687B,國泰20年美債,13,2,11,統一-中壢,2023-09-06,5853
1504,東元,11,0,11,統一-中壢,2023-09-06,5853
2605,新興,11,0,11,統一-中壢,2023-09-06,5853
00637L,元大滬深300正2,10,0,10,統一-中壢,2023-09-06,5853
00692,富邦公司治理,10,0,10,統一-中壢,2023-09-06,5853
00882,中信中國高股息,10,0,10,統一-中壢,2023-09-06,5853
1522,堤維西,20,10,10,統一-中壢,2023-09-06,5853
2362,藍天,10,0,10,統一-中壢,2023-09-06,5853
2489,瑞軒,10,0,10,統一-中壢,2023-09-06,5853
6733,博晟生醫,10,0,10,統一-中壢,2023-09-06,5853
8261,富鼎,10,0,10,統一-中壢,2023-09-06,5853
2610,華航,725,10,715,統一-中壢,2023-09-07,5853
00919,群益台灣精選高息,186,13,173,統一-中壢,2023-09-07,5853
00751B,元大AAA至A公司債,58,0,58,統一-中壢,2023-09-07,5853
3265,台星科,55,1,54,統一-中壢,2023-09-07,5853
00923,群益台ESG低碳50,55,5,50,統一-中壢,2023-09-07,5853
5388,中磊,50,0,50,統一-中壢,2023-09-07,5853
3481,群創,50,0,50,統一-中壢,2023-09-07,5853
00929,復華台灣科技優息,88,45,43,統一-中壢,2023-09-07,5853
2888,新光金,35,0,35,統一-中壢,2023-09-07,5853
00932,兆豐永續高息等權,35,0,35,統一-中壢,2023-09-07,5853
5465,富驊,32,3,29,統一-中壢,2023-09-07,5853
2409,友達,38,12,26,統一-中壢,2023-09-07,5853
2313,華通,43,18,25,統一-中壢,2023-09-07,5853
00902,中信電池及儲能,24,0,24,統一-中壢,2023-09-07,5853
1605,華新,22,0,22,統一-中壢,2023-09-07,5853
2002,中鋼,22,0,22,統一-中壢,2023-09-07,5853
3362,先進光,22,1,21,統一-中壢,2023-09-07,5853
1455,集盛,20,0,20,統一-中壢,2023-09-07,5853
00632R,元大台灣50反1,21,1,20,統一-中壢,2023-09-07,5853
1312,國喬,20,0,20,統一-中壢,2023-09-07,5853
5328,華容,20,0,20,統一-中壢,2023-09-07,5853
2340,台亞,18,1,17,統一-中壢,2023-09-07,5853
1304,台聚,16,0,16,統一-中壢,2023-09-07,5853
2421,建準,22,6,16,統一-中壢,2023-09-07,5853
1802,台玻,18,2,16,統一-中壢,2023-09-07,5853
2485,兆赫,25,9,16,統一-中壢,2023-09-07,5853
8086,宏捷科,17,1,16,統一-中壢,2023-09-07,5853
3576,聯合再生,15,0,15,統一-中壢,2023-09-07,5853
8112,至上,22,7,15,統一-中壢,2023-09-07,5853
6120,達運,26,12,14,統一-中壢,2023-09-07,5853
2303,聯電,15,2,13,統一-中壢,2023-09-07,5853
1471,首利,13,1,12,統一-中壢,2023-09-07,5853
3231,緯創,29,18,11,統一-中壢,2023-09-07,5853
4906,正文,12,1,11,統一-中壢,2023-09-07,5853
2891,中信金,11,0,11,統一-中壢,2023-09-07,5853
00915,凱基優選高股息30,11,0,11,統一-中壢,2023-09-07,5853
1608,華榮,10,0,10,統一-中壢,2023-09-07,5853
2601,益航,10,0,10,統一-中壢,2023-09-07,5853
9958,世紀鋼,10,0,10,統一-中壢,2023-09-07,5853
8261,富鼎,10,1,9,統一-中壢,2023-09-07,5853
00637L,元大滬深300正2,14,5,9,統一-中壢,2023-09-07,5853
2356,英業達,19,10,9,統一-中壢,2023-09-07,5853
5225,東科-KY,13,4,9,統一-中壢,2023-09-07,5853
2330,台積電,10,2,8,統一-中壢,2023-09-07,5853
2884,玉山金,15,7,8,統一-中壢,2023-09-07,5853
2482,連宇,8,0,8,統一-中壢,2023-09-07,5853
2504,國產,8,0,8,統一-中壢,2023-09-07,5853
2743,山富,8,0,8,統一-中壢,2023-09-07,5853
3483,力致,8,0,8,統一-中壢,2023-09-07,5853
4533,協易機,35,27,8,統一-中壢,2023-09-07,5853
00919,群益台灣精選高息,153,10,143,統一-中壢,2023-09-08,5853
2618,長榮航,106,2,104,統一-中壢,2023-09-08,5853
1522,堤維西,74,10,64,統一-中壢,2023-09-08,5853
3481,群創,123,70,53,統一-中壢,2023-09-08,5853
1325,恆大,50,0,50,統一-中壢,2023-09-08,5853
1732,毛寶,50,0,50,統一-中壢,2023-09-08,5853
5388,中磊,42,0,42,統一-中壢,2023-09-08,5853
2476,鉅祥,40,0,40,統一-中壢,2023-09-08,5853
00753L,中信中國50正2,39,0,39,統一-中壢,2023-09-08,5853
1605,華新,30,1,29,統一-中壢,2023-09-08,5853
2610,華航,29,0,29,統一-中壢,2023-09-08,5853
3596,智易,31,2,29,統一-中壢,2023-09-08,5853
8033,雷虎,31,4,27,統一-中壢,2023-09-08,5853
4934,太極,26,0,26,統一-中壢,2023-09-08,5853
9105,泰金寶-DR,25,0,25,統一-中壢,2023-09-08,5853
00637L,元大滬深300正2,25,1,24,統一-中壢,2023-09-08,5853
2312,金寶,23,0,23,統一-中壢,2023-09-08,5853
2388,威盛,33,11,22,統一-中壢,2023-09-08,5853
00923,群益台ESG低碳50,27,8,19,統一-中壢,2023-09-08,5853
2382,廣達,27,8,19,統一-中壢,2023-09-08,5853
00931B,統一美債20年,23,4,19,統一-中壢,2023-09-08,5853
2634,漢翔,39,20,19,統一-中壢,2023-09-08,5853
2358,廷鑫,22,4,18,統一-中壢,2023-09-08,5853
00665L,富邦�琤肭磪囓�2,18,2,16,統一-中壢,2023-09-08,5853
8213,志超,16,0,16,統一-中壢,2023-09-08,5853
2425,承啟,15,0,15,統一-中壢,2023-09-08,5853
3029,零壹,18,3,15,統一-中壢,2023-09-08,5853
2316,楠梓電,14,0,14,統一-中壢,2023-09-08,5853
00673R,期元大S＆P原油反1,23,10,13,統一-中壢,2023-09-08,5853
4532,瑞智,13,0,13,統一-中壢,2023-09-08,5853
00892,富邦台灣半導體,12,0,12,統一-中壢,2023-09-08,5853
6015,宏遠證,11,0,11,統一-中壢,2023-09-08,5853
1603,華電,10,0,10,統一-中壢,2023-09-08,5853
1618,合機,12,2,10,統一-中壢,2023-09-08,5853
1710,東聯,10,0,10,統一-中壢,2023-09-08,5853
3625,西勝,10,0,10,統一-中壢,2023-09-08,5853
5328,華容,10,0,10,統一-中壢,2023-09-08,5853
5351,鈺創,10,0,10,統一-中壢,2023-09-08,5853
2317,鴻海,12,2,10,統一-中壢,2023-09-08,5853
00918,大華優利高填息30,9,0,9,統一-中壢,2023-09-08,5853
2402,毅嘉,19,10,9,統一-中壢,2023-09-08,5853
2886,兆豐金,11,2,9,統一-中壢,2023-09-08,5853
00633L,富邦上証正2,8,0,8,統一-中壢,2023-09-08,5853
1524,耿鼎,9,1,8,統一-中壢,2023-09-08,5853
4916,事欣科,12,4,8,統一-中壢,2023-09-08,5853
8227,巨有科技,8,0,8,統一-中壢,2023-09-08,5853
2330,台積電,11,3,8,統一-中壢,2023-09-08,5853
3017,奇鋐,13,6,7,統一-中壢,2023-09-08,5853
0056,元大高股息,8,1,7,統一-中壢,2023-09-08,5853
2376,技嘉,16,9,7,統一-中壢,2023-09-08,5853
00878,國泰永續高股息,326,58,268,統一-中壢,2023-09-11,5853
0056,元大高股息,194,6,188,統一-中壢,2023-09-11,5853
9919,康那香,140,0,140,統一-中壢,2023-09-11,5853
2618,長榮航,122,5,117,統一-中壢,2023-09-11,5853
00931B,統一美債20年,84,2,82,統一-中壢,2023-09-11,5853
00919,群益台灣精選高息,151,70,81,統一-中壢,2023-09-11,5853
1802,台玻,94,26,68,統一-中壢,2023-09-11,5853
2888,新光金,71,5,66,統一-中壢,2023-09-11,5853
00857B,永豐20年美公債,64,0,64,統一-中壢,2023-09-11,5853
8213,志超,60,0,60,統一-中壢,2023-09-11,5853
2353,宏��,51,0,51,統一-中壢,2023-09-11,5853
00923,群益台ESG低碳50,52,3,49,統一-中壢,2023-09-11,5853
2634,漢翔,48,6,42,統一-中壢,2023-09-11,5853
00680L,元大美債20正2,37,3,34,統一-中壢,2023-09-11,5853
9105,泰金寶-DR,32,0,32,統一-中壢,2023-09-11,5853
00929,復華台灣科技優息,81,51,30,統一-中壢,2023-09-11,5853
00900,富邦特選高股息30,28,0,28,統一-中壢,2023-09-11,5853
1513,中興電,26,0,26,統一-中壢,2023-09-11,5853
2331,精英,27,1,26,統一-中壢,2023-09-11,5853
00915,凱基優選高股息30,26,0,26,統一-中壢,2023-09-11,5853
1605,華新,30,4,26,統一-中壢,2023-09-11,5853
3311,閎暉,27,1,26,統一-中壢,2023-09-11,5853
2363,矽統,89,66,23,統一-中壢,2023-09-11,5853
2025,千興,20,0,20,統一-中壢,2023-09-11,5853
00772B,中信高評級公司債,19,0,19,統一-中壢,2023-09-11,5853
2402,毅嘉,20,1,19,統一-中壢,2023-09-11,5853
2891,中信金,24,5,19,統一-中壢,2023-09-11,5853
8086,宏捷科,31,12,19,統一-中壢,2023-09-11,5853
2313,華通,29,11,18,統一-中壢,2023-09-11,5853
2838,聯邦銀,16,0,16,統一-中壢,2023-09-11,5853
6116,彩晶,17,1,16,統一-中壢,2023-09-11,5853
3231,緯創,78,62,16,統一-中壢,2023-09-11,5853
2352,佳世達,18,3,15,統一-中壢,2023-09-11,5853
5206,坤悅,15,0,15,統一-中壢,2023-09-11,5853
2492,華新科,15,1,14,統一-中壢,2023-09-11,5853
6792,詠業,13,0,13,統一-中壢,2023-09-11,5853
1524,耿鼎,15,3,12,統一-中壢,2023-09-11,5853
2359,所羅門,12,0,12,統一-中壢,2023-09-11,5853
2364,倫飛,13,1,12,統一-中壢,2023-09-11,5853
9917,中保科,12,0,12,統一-中壢,2023-09-11,5853
3552,同致,14,2,12,統一-中壢,2023-09-11,5853
00679B,元大美債20年,11,0,11,統一-中壢,2023-09-11,5853
3481,群創,14,4,10,統一-中壢,2023-09-11,5853
1312,國喬,10,0,10,統一-中壢,2023-09-11,5853
2468,華經,10,0,10,統一-中壢,2023-09-11,5853
2486,一詮,10,0,10,統一-中壢,2023-09-11,5853
2614,東森,10,0,10,統一-中壢,2023-09-11,5853
2880,華南金,10,0,10,統一-中壢,2023-09-11,5853
3049,精金,10,0,10,統一-中壢,2023-09-11,5853
3062,建漢,10,0,10,統一-中壢,2023-09-11,5853
00929,復華台灣科技優息,218,7,211,統一-中壢,2023-09-12,5853
00637L,元大滬深300正2,97,0,97,統一-中壢,2023-09-12,5853
2405,輔信,100,6,94,統一-中壢,2023-09-12,5853
3624,光頡,71,6,65,統一-中壢,2023-09-12,5853
1810,和成,64,1,63,統一-中壢,2023-09-12,5853
9919,康那香,60,0,60,統一-中壢,2023-09-12,5853
5388,中磊,60,1,59,統一-中壢,2023-09-12,5853
00878,國泰永續高股息,81,25,56,統一-中壢,2023-09-12,5853
00919,群益台灣精選高息,56,3,53,統一-中壢,2023-09-12,5853
2618,長榮航,38,1,37,統一-中壢,2023-09-12,5853
2211,長榮鋼,34,0,34,統一-中壢,2023-09-12,5853
3078,僑威,44,10,34,統一-中壢,2023-09-12,5853
6282,康舒,40,7,33,統一-中壢,2023-09-12,5853
1102,亞泥,30,0,30,統一-中壢,2023-09-12,5853
6120,達運,38,8,30,統一-中壢,2023-09-12,5853
00918,大華優利高填息30,30,0,30,統一-中壢,2023-09-12,5853
6288,聯嘉,24,0,24,統一-中壢,2023-09-12,5853
2027,大成鋼,22,0,22,統一-中壢,2023-09-12,5853
2440,太空梭,21,0,21,統一-中壢,2023-09-12,5853
00632R,元大台灣50反1,20,0,20,統一-中壢,2023-09-12,5853
5871,中租-KY,20,0,20,統一-中壢,2023-09-12,5853
6111,大宇資,20,0,20,統一-中壢,2023-09-12,5853
6485,點序,20,0,20,統一-中壢,2023-09-12,5853
8076,伍豐,20,0,20,統一-中壢,2023-09-12,5853
5880,合庫金,17,0,17,統一-中壢,2023-09-12,5853
00713,元大台灣高息低波,16,0,16,統一-中壢,2023-09-12,5853
2313,華通,56,40,16,統一-中壢,2023-09-12,5853
00679B,元大美債20年,15,0,15,統一-中壢,2023-09-12,5853
2504,國產,15,0,15,統一-中壢,2023-09-12,5853
2538,基泰,16,1,15,統一-中壢,2023-09-12,5853
2634,漢翔,15,1,14,統一-中壢,2023-09-12,5853
2356,英業達,20,7,13,統一-中壢,2023-09-12,5853
6792,詠業,13,0,13,統一-中壢,2023-09-12,5853
2834,臺企銀,12,0,12,統一-中壢,2023-09-12,5853
1584,精剛,13,1,12,統一-中壢,2023-09-12,5853
00923,群益台ESG低碳50,11,0,11,統一-中壢,2023-09-12,5853
3049,精金,11,0,11,統一-中壢,2023-09-12,5853
0056,元大高股息,14,4,10,統一-中壢,2023-09-12,5853
00882,中信中國高股息,10,0,10,統一-中壢,2023-09-12,5853
2399,映泰,12,2,10,統一-中壢,2023-09-12,5853
2880,華南金,10,0,10,統一-中壢,2023-09-12,5853
3622,洋華,11,1,10,統一-中壢,2023-09-12,5853
2002,中鋼,9,0,9,統一-中壢,2023-09-12,5853
6470,宇智,10,1,9,統一-中壢,2023-09-12,5853
00772B,中信高評級公司債,8,0,8,統一-中壢,2023-09-12,5853
3545,敦泰,14,6,8,統一-中壢,2023-09-12,5853
2329,華泰,9,1,8,統一-中壢,2023-09-12,5853
1471,首利,17,10,7,統一-中壢,2023-09-12,5853
00720B,元大投資級公司債,7,0,7,統一-中壢,2023-09-12,5853
1524,耿鼎,15,8,7,統一-中壢,2023-09-12,5853
00753L,中信中國50正2,320,0,320,統一-中壢,2023-09-13,5853
00929,復華台灣科技優息,126,13,113,統一-中壢,2023-09-13,5853
00919,群益台灣精選高息,107,3,104,統一-中壢,2023-09-13,5853
00673R,期元大S＆P原油反1,110,16,94,統一-中壢,2023-09-13,5853
00751B,元大AAA至A公司債,58,1,57,統一-中壢,2023-09-13,5853
6792,詠業,50,0,50,統一-中壢,2023-09-13,5853
6288,聯嘉,53,4,49,統一-中壢,2023-09-13,5853
2891,中信金,50,2,48,統一-中壢,2023-09-13,5853
2409,友達,65,21,44,統一-中壢,2023-09-13,5853
4915,致伸,36,3,33,統一-中壢,2023-09-13,5853
3363,上詮,50,19,31,統一-中壢,2023-09-13,5853
00900,富邦特選高股息30,30,0,30,統一-中壢,2023-09-13,5853
00679B,元大美債20年,27,0,27,統一-中壢,2023-09-13,5853
2618,長榮航,41,15,26,統一-中壢,2023-09-13,5853
2884,玉山金,42,18,24,統一-中壢,2023-09-13,5853
00902,中信電池及儲能,23,0,23,統一-中壢,2023-09-13,5853
1809,中釉,30,10,20,統一-中壢,2023-09-13,5853
6120,達運,32,13,19,統一-中壢,2023-09-13,5853
6285,啟��,21,2,19,統一-中壢,2023-09-13,5853
00918,大華優利高填息30,18,0,18,統一-中壢,2023-09-13,5853
3711,日月光投控,19,1,18,統一-中壢,2023-09-13,5853
1584,精剛,41,25,16,統一-中壢,2023-09-13,5853
2105,正新,16,0,16,統一-中壢,2023-09-13,5853
2890,永豐金,20,5,15,統一-中壢,2023-09-13,5853
6173,信昌電,15,0,15,統一-中壢,2023-09-13,5853
9945,潤泰新,15,0,15,統一-中壢,2023-09-13,5853
1504,東元,20,6,14,統一-中壢,2023-09-13,5853
00637L,元大滬深300正2,14,0,14,統一-中壢,2023-09-13,5853
6223,旺矽,14,0,14,統一-中壢,2023-09-13,5853
2352,佳世達,14,1,13,統一-中壢,2023-09-13,5853
00720B,元大投資級公司債,12,0,12,統一-中壢,2023-09-13,5853
2374,佳能,12,0,12,統一-中壢,2023-09-13,5853
2886,兆豐金,12,0,12,統一-中壢,2023-09-13,5853
3346,麗清,15,3,12,統一-中壢,2023-09-13,5853
2634,漢翔,31,20,11,統一-中壢,2023-09-13,5853
6719,力智,10,0,10,統一-中壢,2023-09-13,5853
2312,金寶,10,0,10,統一-中壢,2023-09-13,5853
2323,中環,21,11,10,統一-中壢,2023-09-13,5853
2344,華邦電,13,3,10,統一-中壢,2023-09-13,5853
2887,台新金,10,0,10,統一-中壢,2023-09-13,5853
3311,閎暉,10,0,10,統一-中壢,2023-09-13,5853
3624,光頡,11,1,10,統一-中壢,2023-09-13,5853
4542,科嶠,10,0,10,統一-中壢,2023-09-13,5853
6266,泰詠,10,0,10,統一-中壢,2023-09-13,5853
2888,新光金,10,0,10,統一-中壢,2023-09-13,5853
00931B,統一美債20年,9,0,9,統一-中壢,2023-09-13,5853
3036A,文曄甲特,9,0,9,統一-中壢,2023-09-13,5853
3322,建舜電,15,6,9,統一-中壢,2023-09-13,5853
5009,榮剛,13,4,9,統一-中壢,2023-09-13,5853
6234,高僑,10,1,9,統一-中壢,2023-09-13,5853
00929,復華台灣科技優息,140,19,121,統一-中壢,2023-09-14,5853
5388,中磊,72,3,69,統一-中壢,2023-09-14,5853
00919,群益台灣精選高息,117,51,66,統一-中壢,2023-09-14,5853
1522,堤維西,78,37,41,統一-中壢,2023-09-14,5853
00632R,元大台灣50反1,40,2,38,統一-中壢,2023-09-14,5853
2609,陽明,50,18,32,統一-中壢,2023-09-14,5853
2610,華航,49,21,28,統一-中壢,2023-09-14,5853
2618,長榮航,29,3,26,統一-中壢,2023-09-14,5853
2890,永豐金,41,15,26,統一-中壢,2023-09-14,5853
3011,今皓,25,0,25,統一-中壢,2023-09-14,5853
3090,日電貿,25,0,25,統一-中壢,2023-09-14,5853
00857B,永豐20年美公債,23,0,23,統一-中壢,2023-09-14,5853
8033,雷虎,24,1,23,統一-中壢,2023-09-14,5853
3231,緯創,48,27,21,統一-中壢,2023-09-14,5853
2535,達欣工,20,0,20,統一-中壢,2023-09-14,5853
2845,遠東銀,20,0,20,統一-中壢,2023-09-14,5853
3265,台星科,20,0,20,統一-中壢,2023-09-14,5853
4526,東台,20,0,20,統一-中壢,2023-09-14,5853
4909,新復興,26,7,19,統一-中壢,2023-09-14,5853
2323,中環,24,6,18,統一-中壢,2023-09-14,5853
2442,新美齊,18,0,18,統一-中壢,2023-09-14,5853
2634,漢翔,29,11,18,統一-中壢,2023-09-14,5853
00918,大華優利高填息30,16,0,16,統一-中壢,2023-09-14,5853
00753L,中信中國50正2,15,0,15,統一-中壢,2023-09-14,5853
00885,富邦越南,15,3,12,統一-中壢,2023-09-14,5853
2402,毅嘉,13,1,12,統一-中壢,2023-09-14,5853
6219,富旺,12,0,12,統一-中壢,2023-09-14,5853
6485,點序,12,0,12,統一-中壢,2023-09-14,5853
2204,中華,13,2,11,統一-中壢,2023-09-14,5853
00902,中信電池及儲能,11,0,11,統一-中壢,2023-09-14,5853
3017,奇鋐,17,6,11,統一-中壢,2023-09-14,5853
00893,國泰智能電動車,10,0,10,統一-中壢,2023-09-14,5853
00720B,元大投資級公司債,20,10,10,統一-中壢,2023-09-14,5853
1409,新纖,10,0,10,統一-中壢,2023-09-14,5853
3346,麗清,10,0,10,統一-中壢,2023-09-14,5853
3709,鑫聯大投控,13,3,10,統一-中壢,2023-09-14,5853
4994,傳奇,10,0,10,統一-中壢,2023-09-14,5853
6118,建達,11,1,10,統一-中壢,2023-09-14,5853
2340,台亞,16,6,10,統一-中壢,2023-09-14,5853
3003,健和興,10,1,9,統一-中壢,2023-09-14,5853
5392,能率,10,1,9,統一-中壢,2023-09-14,5853
8088,品安,9,0,9,統一-中壢,2023-09-14,5853
1504,東元,11,3,8,統一-中壢,2023-09-14,5853
6231,系微,9,1,8,統一-中壢,2023-09-14,5853
8112,至上,18,11,7,統一-中壢,2023-09-14,5853
3706,神達,8,2,6,統一-中壢,2023-09-14,5853
2382,廣達,12,6,6,統一-中壢,2023-09-14,5853
00772B,中信高評級公司債,6,0,6,統一-中壢,2023-09-14,5853
2401,凌陽,9,3,6,統一-中壢,2023-09-14,5853
2436,偉詮電,6,0,6,統一-中壢,2023-09-14,5853
1810,和成,186,8,178,統一-中壢,2023-09-15,5853
00929,復華台灣科技優息,195,31,164,統一-中壢,2023-09-15,5853
2883,凱基金,104,5,99,統一-中壢,2023-09-15,5853
6257,矽格,65,3,62,統一-中壢,2023-09-15,5853
1802,台玻,73,16,57,統一-中壢,2023-09-15,5853
2482,連宇,55,0,55,統一-中壢,2023-09-15,5853
00931B,統一美債20年,55,2,53,統一-中壢,2023-09-15,5853
8050,廣積,41,0,41,統一-中壢,2023-09-15,5853
00632R,元大台灣50反1,40,0,40,統一-中壢,2023-09-15,5853
5608,四維航,51,12,39,統一-中壢,2023-09-15,5853
2891,中信金,37,0,37,統一-中壢,2023-09-15,5853
00673R,期元大S＆P原油反1,36,0,36,統一-中壢,2023-09-15,5853
00713,元大台灣高息低波,35,0,35,統一-中壢,2023-09-15,5853
00679B,元大美債20年,34,0,34,統一-中壢,2023-09-15,5853
00919,群益台灣精選高息,93,62,31,統一-中壢,2023-09-15,5853
6120,達運,34,5,29,統一-中壢,2023-09-15,5853
6156,松上,29,0,29,統一-中壢,2023-09-15,5853
2618,長榮航,29,1,28,統一-中壢,2023-09-15,5853
2002,中鋼,32,5,27,統一-中壢,2023-09-15,5853
00857B,永豐20年美公債,22,0,22,統一-中壢,2023-09-15,5853
00921,兆豐龍頭等權重,20,0,20,統一-中壢,2023-09-15,5853
2905,三商,20,0,20,統一-中壢,2023-09-15,5853
5388,中磊,40,20,20,統一-中壢,2023-09-15,5853
2890,永豐金,20,1,19,統一-中壢,2023-09-15,5853
00637L,元大滬深300正2,30,11,19,統一-中壢,2023-09-15,5853
5371,中光電,19,1,18,統一-中壢,2023-09-15,5853
2317,鴻海,18,1,17,統一-中壢,2023-09-15,5853
2834,臺企銀,17,0,17,統一-中壢,2023-09-15,5853
6412,群電,15,0,15,統一-中壢,2023-09-15,5853
00885,富邦越南,14,0,14,統一-中壢,2023-09-15,5853
8271,宇瞻,22,8,14,統一-中壢,2023-09-15,5853
3056,富華新,13,0,13,統一-中壢,2023-09-15,5853
3231,緯創,26,13,13,統一-中壢,2023-09-15,5853
6449,鈺邦,14,2,12,統一-中壢,2023-09-15,5853
1568,倉佑,11,0,11,統一-中壢,2023-09-15,5853
2486,一詮,16,5,11,統一-中壢,2023-09-15,5853
2615,萬海,14,3,11,統一-中壢,2023-09-15,5853
2889,國票金,11,0,11,統一-中壢,2023-09-15,5853
00720B,元大投資級公司債,10,0,10,統一-中壢,2023-09-15,5853
00795B,中信美國公債20年,10,0,10,統一-中壢,2023-09-15,5853
00902,中信電池及儲能,20,10,10,統一-中壢,2023-09-15,5853
2392,正崴,10,0,10,統一-中壢,2023-09-15,5853
2535,達欣工,10,0,10,統一-中壢,2023-09-15,5853
2630,亞航,12,2,10,統一-中壢,2023-09-15,5853
2705,六福,10,0,10,統一-中壢,2023-09-15,5853
3003,健和興,11,1,10,統一-中壢,2023-09-15,5853
4526,東台,10,0,10,統一-中壢,2023-09-15,5853
6117,迎廣,10,0,10,統一-中壢,2023-09-15,5853
1471,首利,10,1,9,統一-中壢,2023-09-15,5853
00907,永豐優息存股,10,2,8,統一-中壢,2023-09-15,5853
00929,復華台灣科技優息,475,43,432,統一-中壢,2023-09-18,5853
00931B,統一美債20年,156,0,156,統一-中壢,2023-09-18,5853
00673R,期元大S＆P原油反1,110,5,105,統一-中壢,2023-09-18,5853
00680L,元大美債20正2,77,0,77,統一-中壢,2023-09-18,5853
00878,國泰永續高股息,66,0,66,統一-中壢,2023-09-18,5853
2605,新興,64,5,59,統一-中壢,2023-09-18,5853
2363,矽統,95,40,55,統一-中壢,2023-09-18,5853
2630,亞航,37,1,36,統一-中壢,2023-09-18,5853
2330,台積電,29,1,28,統一-中壢,2023-09-18,5853
2637,慧洋-KY,27,1,26,統一-中壢,2023-09-18,5853
00665L,富邦�琤肭磪囓�2,36,11,25,統一-中壢,2023-09-18,5853
00753L,中信中國50正2,25,0,25,統一-中壢,2023-09-18,5853
00772B,中信高評級公司債,24,0,24,統一-中壢,2023-09-18,5853
0056,元大高股息,32,8,24,統一-中壢,2023-09-18,5853
2317,鴻海,29,6,23,統一-中壢,2023-09-18,5853
00687B,國泰20年美債,21,0,21,統一-中壢,2023-09-18,5853
00679B,元大美債20年,21,0,21,統一-中壢,2023-09-18,5853
2382,廣達,26,8,18,統一-中壢,2023-09-18,5853
00915,凱基優選高股息30,18,1,17,統一-中壢,2023-09-18,5853
00922,國泰台灣領袖50,17,0,17,統一-中壢,2023-09-18,5853
3491,昇達科,21,4,17,統一-中壢,2023-09-18,5853
3231,緯創,30,14,16,統一-中壢,2023-09-18,5853
00918,大華優利高填息30,15,0,15,統一-中壢,2023-09-18,5853
2329,華泰,21,6,15,統一-中壢,2023-09-18,5853
00720B,元大投資級公司債,14,0,14,統一-中壢,2023-09-18,5853
00751B,元大AAA至A公司債,14,0,14,統一-中壢,2023-09-18,5853
2603,長榮,16,2,14,統一-中壢,2023-09-18,5853
4916,事欣科,17,3,14,統一-中壢,2023-09-18,5853
9919,康那香,14,0,14,統一-中壢,2023-09-18,5853
2618,長榮航,13,0,13,統一-中壢,2023-09-18,5853
3276,宇環,18,5,13,統一-中壢,2023-09-18,5853
3711,日月光投控,14,1,13,統一-中壢,2023-09-18,5853
2402,毅嘉,13,0,13,統一-中壢,2023-09-18,5853
00713,元大台灣高息低波,14,1,13,統一-中壢,2023-09-18,5853
3363,上詮,22,11,11,統一-中壢,2023-09-18,5853
3035,智原,23,13,10,統一-中壢,2023-09-18,5853
2316,楠梓電,10,0,10,統一-中壢,2023-09-18,5853
3234,光環,10,0,10,統一-中壢,2023-09-18,5853
5014,建錩,10,0,10,統一-中壢,2023-09-18,5853
5608,四維航,10,0,10,統一-中壢,2023-09-18,5853
3017,奇鋐,9,0,9,統一-中壢,2023-09-18,5853
2344,華邦電,12,3,9,統一-中壢,2023-09-18,5853
2606,裕民,19,10,9,統一-中壢,2023-09-18,5853
2883,凱基金,10,1,9,統一-中壢,2023-09-18,5853
3189,景碩,9,0,9,統一-中壢,2023-09-18,5853
2303,聯電,17,9,8,統一-中壢,2023-09-18,5853
00888,永豐台灣ESG,8,0,8,統一-中壢,2023-09-18,5853
00902,中信電池及儲能,10,2,8,統一-中壢,2023-09-18,5853
2838,聯邦銀,11,3,8,統一-中壢,2023-09-18,5853
3078,僑威,8,0,8,統一-中壢,2023-09-18,5853
2409,友達,322,0,322,統一-中壢,2023-09-19,5853
2605,新興,110,1,109,統一-中壢,2023-09-19,5853
00878,國泰永續高股息,117,15,102,統一-中壢,2023-09-19,5853
00929,復華台灣科技優息,59,0,59,統一-中壢,2023-09-19,5853
1810,和成,70,12,58,統一-中壢,2023-09-19,5853
5234,達興材料,48,0,48,統一-中壢,2023-09-19,5853
5880,合庫金,36,0,36,統一-中壢,2023-09-19,5853
00753L,中信中國50正2,41,7,34,統一-中壢,2023-09-19,5853
2303,聯電,34,3,31,統一-中壢,2023-09-19,5853
6005,群益證,30,0,30,統一-中壢,2023-09-19,5853
00919,群益台灣精選高息,32,3,29,統一-中壢,2023-09-19,5853
1815,富喬,62,33,29,統一-中壢,2023-09-19,5853
00902,中信電池及儲能,33,8,25,統一-中壢,2023-09-19,5853
1218,泰山,20,0,20,統一-中壢,2023-09-19,5853
2405,輔信,24,4,20,統一-中壢,2023-09-19,5853
9919,康那香,20,0,20,統一-中壢,2023-09-19,5853
5284,jpp-KY,20,1,19,統一-中壢,2023-09-19,5853
6170,統振,17,0,17,統一-中壢,2023-09-19,5853
6901,鑽石投資,23,6,17,統一-中壢,2023-09-19,5853
3694,海華,17,1,16,統一-中壢,2023-09-19,5853
00679B,元大美債20年,15,0,15,統一-中壢,2023-09-19,5853
2204,中華,16,1,15,統一-中壢,2023-09-19,5853
2641,正德,24,9,15,統一-中壢,2023-09-19,5853
1471,首利,23,9,14,統一-中壢,2023-09-19,5853
00665L,富邦�琤肭磪囓�2,18,5,13,統一-中壢,2023-09-19,5853
3406,玉晶光,13,0,13,統一-中壢,2023-09-19,5853
8112,至上,23,10,13,統一-中壢,2023-09-19,5853
2330,台積電,15,2,13,統一-中壢,2023-09-19,5853
2610,華航,15,3,12,統一-中壢,2023-09-19,5853
0056,元大高股息,18,6,12,統一-中壢,2023-09-19,5853
3038,全台,12,0,12,統一-中壢,2023-09-19,5853
3090,日電貿,12,0,12,統一-中壢,2023-09-19,5853
3363,上詮,14,2,12,統一-中壢,2023-09-19,5853
2481,強茂,11,0,11,統一-中壢,2023-09-19,5853
2486,一詮,11,0,11,統一-中壢,2023-09-19,5853
00931B,統一美債20年,10,0,10,統一-中壢,2023-09-19,5853
2838,聯邦銀,10,0,10,統一-中壢,2023-09-19,5853
2880,華南金,10,0,10,統一-中壢,2023-09-19,5853
3202,樺晟,10,0,10,統一-中壢,2023-09-19,5853
4526,東台,10,0,10,統一-中壢,2023-09-19,5853
6153,嘉聯益,14,4,10,統一-中壢,2023-09-19,5853
6233,旺玖,10,0,10,統一-中壢,2023-09-19,5853
2618,長榮航,18,8,10,統一-中壢,2023-09-19,5853
3234,光環,10,1,9,統一-中壢,2023-09-19,5853
1584,精剛,14,5,9,統一-中壢,2023-09-19,5853
3685,元創精密,9,0,9,統一-中壢,2023-09-19,5853
6182,合晶,14,5,9,統一-中壢,2023-09-19,5853
1101,台泥,8,0,8,統一-中壢,2023-09-19,5853
2504,國產,8,0,8,統一-中壢,2023-09-19,5853
4908,前鼎,11,3,8,統一-中壢,2023-09-19,5853
00919,群益台灣精選高息,181,3,178,統一-中壢,2023-09-20,5853
2606,裕民,190,45,145,統一-中壢,2023-09-20,5853
00929,復華台灣科技優息,300,168,132,統一-中壢,2023-09-20,5853
2641,正德,126,3,123,統一-中壢,2023-09-20,5853
00878,國泰永續高股息,102,31,71,統一-中壢,2023-09-20,5853
2313,華通,118,51,67,統一-中壢,2023-09-20,5853
00665L,富邦�琤肭磪囓�2,60,11,49,統一-中壢,2023-09-20,5853
2605,新興,63,17,46,統一-中壢,2023-09-20,5853
1101,台泥,39,1,38,統一-中壢,2023-09-20,5853
00680L,元大美債20正2,40,2,38,統一-中壢,2023-09-20,5853
2409,友達,41,10,31,統一-中壢,2023-09-20,5853
2449,京元電子,83,52,31,統一-中壢,2023-09-20,5853
4526,東台,30,0,30,統一-中壢,2023-09-20,5853
5388,中磊,30,0,30,統一-中壢,2023-09-20,5853
2883,凱基金,29,0,29,統一-中壢,2023-09-20,5853
2329,華泰,57,29,28,統一-中壢,2023-09-20,5853
2332,友訊,28,0,28,統一-中壢,2023-09-20,5853
00902,中信電池及儲能,25,0,25,統一-中壢,2023-09-20,5853
00857B,永豐20年美公債,23,0,23,統一-中壢,2023-09-20,5853
00931B,統一美債20年,22,0,22,統一-中壢,2023-09-20,5853
3265,台星科,37,16,21,統一-中壢,2023-09-20,5853
00753L,中信中國50正2,21,0,21,統一-中壢,2023-09-20,5853
00679B,元大美債20年,20,0,20,統一-中壢,2023-09-20,5853
00921,兆豐龍頭等權重,20,0,20,統一-中壢,2023-09-20,5853
00632R,元大台灣50反1,20,0,20,統一-中壢,2023-09-20,5853
2367,燿華,58,38,20,統一-中壢,2023-09-20,5853
2485,兆赫,21,1,20,統一-中壢,2023-09-20,5853
6901,鑽石投資,24,5,19,統一-中壢,2023-09-20,5853
3231,緯創,53,34,19,統一-中壢,2023-09-20,5853
6257,矽格,22,4,18,統一-中壢,2023-09-20,5853
2353,宏��,21,4,17,統一-中壢,2023-09-20,5853
2617,台航,28,12,16,統一-中壢,2023-09-20,5853
2340,台亞,16,0,16,統一-中壢,2023-09-20,5853
2504,國產,14,0,14,統一-中壢,2023-09-20,5853
8088,品安,14,0,14,統一-中壢,2023-09-20,5853
2303,聯電,15,3,12,統一-中壢,2023-09-20,5853
2363,矽統,44,32,12,統一-中壢,2023-09-20,5853
3715,定穎投控,33,21,12,統一-中壢,2023-09-20,5853
2354,鴻準,14,2,12,統一-中壢,2023-09-20,5853
00932,兆豐永續高息等權,11,0,11,統一-中壢,2023-09-20,5853
1609,大亞,12,1,11,統一-中壢,2023-09-20,5853
2539,櫻花建,11,0,11,統一-中壢,2023-09-20,5853
5465,富驊,11,0,11,統一-中壢,2023-09-20,5853
3078,僑威,13,2,11,統一-中壢,2023-09-20,5853
2317,鴻海,16,6,10,統一-中壢,2023-09-20,5853
3406,玉晶光,11,1,10,統一-中壢,2023-09-20,5853
00893,國泰智能電動車,10,0,10,統一-中壢,2023-09-20,5853
3056,富華新,10,0,10,統一-中壢,2023-09-20,5853
4123,晟德,10,0,10,統一-中壢,2023-09-20,5853
5009,榮剛,10,0,10,統一-中壢,2023-09-20,5853
00680L,元大美債20正2,214,5,209,統一-中壢,2023-09-21,5853
3481,群創,100,1,99,統一-中壢,2023-09-21,5853
00878,國泰永續高股息,111,22,89,統一-中壢,2023-09-21,5853
00931B,統一美債20年,81,0,81,統一-中壢,2023-09-21,5853
00929,復華台灣科技優息,160,80,80,統一-中壢,2023-09-21,5853
2884,玉山金,65,12,53,統一-中壢,2023-09-21,5853
00637L,元大滬深300正2,101,60,41,統一-中壢,2023-09-21,5853
00919,群益台灣精選高息,73,38,35,統一-中壢,2023-09-21,5853
1809,中釉,38,5,33,統一-中壢,2023-09-21,5853
2812,台中銀,39,6,33,統一-中壢,2023-09-21,5853
00932,兆豐永續高息等權,27,0,27,統一-中壢,2023-09-21,5853
00857B,永豐20年美公債,23,0,23,統一-中壢,2023-09-21,5853
0056,元大高股息,38,15,23,統一-中壢,2023-09-21,5853
2330,台積電,25,2,23,統一-中壢,2023-09-21,5853
2891,中信金,22,0,22,統一-中壢,2023-09-21,5853
5388,中磊,22,0,22,統一-中壢,2023-09-21,5853
9919,康那香,21,0,21,統一-中壢,2023-09-21,5853
1101,台泥,29,9,20,統一-中壢,2023-09-21,5853
3665,貿聯-KY,21,1,20,統一-中壢,2023-09-21,5853
2409,友達,20,0,20,統一-中壢,2023-09-21,5853
2317,鴻海,22,2,20,統一-中壢,2023-09-21,5853
00900,富邦特選高股息30,25,5,20,統一-中壢,2023-09-21,5853
3265,台星科,51,32,19,統一-中壢,2023-09-21,5853
2353,宏��,19,1,18,統一-中壢,2023-09-21,5853
4147,中裕,31,13,18,統一-中壢,2023-09-21,5853
00753L,中信中國50正2,38,20,18,統一-中壢,2023-09-21,5853
2329,華泰,22,4,18,統一-中壢,2023-09-21,5853
2882,國泰金,17,0,17,統一-中壢,2023-09-21,5853
3163,波若威,18,1,17,統一-中壢,2023-09-21,5853
00665L,富邦�琤肭磪囓�2,21,5,16,統一-中壢,2023-09-21,5853
2897,王道銀行,16,0,16,統一-中壢,2023-09-21,5853
5009,榮剛,17,1,16,統一-中壢,2023-09-21,5853
00650L,復華香港正2,15,0,15,統一-中壢,2023-09-21,5853
2367,燿華,23,8,15,統一-中壢,2023-09-21,5853
3037,欣興,17,3,14,統一-中壢,2023-09-21,5853
8105,凌巨,14,0,14,統一-中壢,2023-09-21,5853
00923,群益台ESG低碳50,13,0,13,統一-中壢,2023-09-21,5853
1802,台玻,15,2,13,統一-中壢,2023-09-21,5853
3078,僑威,13,0,13,統一-中壢,2023-09-21,5853
00679B,元大美債20年,13,0,13,統一-中壢,2023-09-21,5853
2603,長榮,12,0,12,統一-中壢,2023-09-21,5853
1102,亞泥,12,0,12,統一-中壢,2023-09-21,5853
2888,新光金,20,8,12,統一-中壢,2023-09-21,5853
6285,啟��,14,2,12,統一-中壢,2023-09-21,5853
2486,一詮,11,0,11,統一-中壢,2023-09-21,5853
6226,光鼎,11,0,11,統一-中壢,2023-09-21,5853
9904,寶成,11,0,11,統一-中壢,2023-09-21,5853
9929,秋雨,11,0,11,統一-中壢,2023-09-21,5853
0050,元大台灣50,11,0,11,統一-中壢,2023-09-21,5853
1312,國喬,10,0,10,統一-中壢,2023-09-21,5853
00632R,元大台灣50反1,1300,21,1279,統一-中壢,2023-09-22,5853
00931B,統一美債20年,135,0,135,統一-中壢,2023-09-22,5853
00679B,元大美債20年,87,0,87,統一-中壢,2023-09-22,5853
00680L,元大美債20正2,87,0,87,統一-中壢,2023-09-22,5853
00929,復華台灣科技優息,94,25,69,統一-中壢,2023-09-22,5853
6669,緯穎,56,1,55,統一-中壢,2023-09-22,5853
1312,國喬,50,0,50,統一-中壢,2023-09-22,5853
1513,中興電,60,10,50,統一-中壢,2023-09-22,5853
2409,友達,57,10,47,統一-中壢,2023-09-22,5853
00712,復華富時不動產,43,1,42,統一-中壢,2023-09-22,5853
00772B,中信高評級公司債,38,0,38,統一-中壢,2023-09-22,5853
00902,中信電池及儲能,38,0,38,統一-中壢,2023-09-22,5853
2630,亞航,36,0,36,統一-中壢,2023-09-22,5853
00687B,國泰20年美債,32,2,30,統一-中壢,2023-09-22,5853
2887,台新金,26,0,26,統一-中壢,2023-09-22,5853
1609,大亞,25,2,23,統一-中壢,2023-09-22,5853
00720B,元大投資級公司債,22,0,22,統一-中壢,2023-09-22,5853
2031,新光鋼,20,0,20,統一-中壢,2023-09-22,5853
2883,凱基金,25,5,20,統一-中壢,2023-09-22,5853
6005,群益證,20,0,20,統一-中壢,2023-09-22,5853
8933,愛地雅,20,0,20,統一-中壢,2023-09-22,5853
1101,台泥,19,0,19,統一-中壢,2023-09-22,5853
2303,聯電,19,1,18,統一-中壢,2023-09-22,5853
2385,群光,20,2,18,統一-中壢,2023-09-22,5853
8033,雷虎,18,0,18,統一-中壢,2023-09-22,5853
1444,力麗,18,1,17,統一-中壢,2023-09-22,5853
00923,群益台ESG低碳50,23,7,16,統一-中壢,2023-09-22,5853
00751B,元大AAA至A公司債,21,6,15,統一-中壢,2023-09-22,5853
3322,建舜電,15,0,15,統一-中壢,2023-09-22,5853
3709,鑫聯大投控,20,5,15,統一-中壢,2023-09-22,5853
2367,燿華,27,13,14,統一-中壢,2023-09-22,5853
2468,華經,21,8,13,統一-中壢,2023-09-22,5853
2002,中鋼,13,0,13,統一-中壢,2023-09-22,5853
5880,合庫金,12,0,12,統一-中壢,2023-09-22,5853
0056,元大高股息,15,3,12,統一-中壢,2023-09-22,5853
2535,達欣工,11,0,11,統一-中壢,2023-09-22,5853
00919,群益台灣精選高息,247,236,11,統一-中壢,2023-09-22,5853
1455,集盛,10,0,10,統一-中壢,2023-09-22,5853
2312,金寶,10,0,10,統一-中壢,2023-09-22,5853
2354,鴻準,13,3,10,統一-中壢,2023-09-22,5853
2601,益航,10,0,10,統一-中壢,2023-09-22,5853
3276,宇環,11,1,10,統一-中壢,2023-09-22,5853
8131,福懋科,10,0,10,統一-中壢,2023-09-22,5853
9927,泰銘,10,0,10,統一-中壢,2023-09-22,5853
00878,國泰永續高股息,9,0,9,統一-中壢,2023-09-22,5853
00665L,富邦�琤肭磪囓�2,11,2,9,統一-中壢,2023-09-22,5853
2355,敬鵬,12,3,9,統一-中壢,2023-09-22,5853
6226,光鼎,9,0,9,統一-中壢,2023-09-22,5853
2891,中信金,11,3,8,統一-中壢,2023-09-22,5853
2317,鴻海,18,10,8,統一-中壢,2023-09-22,5853
2610,華航,304,6,298,統一-中壢,2023-09-25,5853
00673R,期元大S＆P原油反1,110,13,97,統一-中壢,2023-09-25,5853
1524,耿鼎,101,9,92,統一-中壢,2023-09-25,5853
00929,復華台灣科技優息,110,25,85,統一-中壢,2023-09-25,5853
00919,群益台灣精選高息,47,0,47,統一-中壢,2023-09-25,5853
1101,台泥,43,0,43,統一-中壢,2023-09-25,5853
2363,矽統,96,56,40,統一-中壢,2023-09-25,5853
1102,亞泥,34,0,34,統一-中壢,2023-09-25,5853
2312,金寶,32,0,32,統一-中壢,2023-09-25,5853
00900,富邦特選高股息30,30,2,28,統一-中壢,2023-09-25,5853
2358,廷鑫,25,0,25,統一-中壢,2023-09-25,5853
2465,麗臺,25,0,25,統一-中壢,2023-09-25,5853
3419,譁裕,25,0,25,統一-中壢,2023-09-25,5853
00679B,元大美債20年,22,0,22,統一-中壢,2023-09-25,5853
00931B,統一美債20年,21,0,21,統一-中壢,2023-09-25,5853
2313,華通,51,30,21,統一-中壢,2023-09-25,5853
2883,凱基金,21,5,16,統一-中壢,2023-09-25,5853
1809,中釉,15,0,15,統一-中壢,2023-09-25,5853
2211,長榮鋼,15,0,15,統一-中壢,2023-09-25,5853
8033,雷虎,15,0,15,統一-中壢,2023-09-25,5853
1304,台聚,13,0,13,統一-中壢,2023-09-25,5853
00885,富邦越南,12,0,12,統一-中壢,2023-09-25,5853
2367,燿華,15,3,12,統一-中壢,2023-09-25,5853
3276,宇環,11,0,11,統一-中壢,2023-09-25,5853
2886,兆豐金,10,0,10,統一-中壢,2023-09-25,5853
2031,新光鋼,10,0,10,統一-中壢,2023-09-25,5853
2538,基泰,10,0,10,統一-中壢,2023-09-25,5853
3202,樺晟,10,0,10,統一-中壢,2023-09-25,5853
3346,麗清,10,0,10,統一-中壢,2023-09-25,5853
2399,映泰,11,2,9,統一-中壢,2023-09-25,5853
2353,宏��,11,3,8,統一-中壢,2023-09-25,5853
3025,星通,12,4,8,統一-中壢,2023-09-25,5853
2884,玉山金,13,5,8,統一-中壢,2023-09-25,5853
1522,堤維西,12,5,7,統一-中壢,2023-09-25,5853
8358,金居,7,0,7,統一-中壢,2023-09-25,5853
2317,鴻海,6,0,6,統一-中壢,2023-09-25,5853
00830,國泰費城半導體,6,0,6,統一-中壢,2023-09-25,5853
1605,華新,6,0,6,統一-中壢,2023-09-25,5853
3236,千如,6,0,6,統一-中壢,2023-09-25,5853
2401,凌陽,5,0,5,統一-中壢,2023-09-25,5853
2426,鼎元,7,2,5,統一-中壢,2023-09-25,5853
2486,一詮,6,1,5,統一-中壢,2023-09-25,5853
2542,興富發,5,0,5,統一-中壢,2023-09-25,5853
2739,寒舍,5,0,5,統一-中壢,2023-09-25,5853
2855,統一證,5,0,5,統一-中壢,2023-09-25,5853
3576,聯合再生,5,0,5,統一-中壢,2023-09-25,5853
3706,神達,11,6,5,統一-中壢,2023-09-25,5853
4979,華星光,12,7,5,統一-中壢,2023-09-25,5853
6274,台燿,14,9,5,統一-中壢,2023-09-25,5853
6285,啟��,6,1,5,統一-中壢,2023-09-25,5853
1815,富喬,202,30,172,統一-中壢,2023-09-26,5853
9904,寶成,100,0,100,統一-中壢,2023-09-26,5853
00931B,統一美債20年,79,0,79,統一-中壢,2023-09-26,5853
00637L,元大滬深300正2,65,2,63,統一-中壢,2023-09-26,5853
5388,中磊,61,1,60,統一-中壢,2023-09-26,5853
6257,矽格,60,4,56,統一-中壢,2023-09-26,5853
00929,復華台灣科技優息,70,20,50,統一-中壢,2023-09-26,5853
9945,潤泰新,45,0,45,統一-中壢,2023-09-26,5853
6223,旺矽,41,0,41,統一-中壢,2023-09-26,5853
2344,華邦電,41,1,40,統一-中壢,2023-09-26,5853
3025,星通,43,4,39,統一-中壢,2023-09-26,5853
6721,信實,37,0,37,統一-中壢,2023-09-26,5853
2409,友達,48,12,36,統一-中壢,2023-09-26,5853
3711,日月光投控,35,7,28,統一-中壢,2023-09-26,5853
2542,興富發,28,0,28,統一-中壢,2023-09-26,5853
00919,群益台灣精選高息,27,0,27,統一-中壢,2023-09-26,5853
8112,至上,23,1,22,統一-中壢,2023-09-26,5853
5009,榮剛,20,0,20,統一-中壢,2023-09-26,5853
00885,富邦越南,27,10,17,統一-中壢,2023-09-26,5853
2313,華通,53,36,17,統一-中壢,2023-09-26,5853
3056,富華新,16,0,16,統一-中壢,2023-09-26,5853
6284,佳邦,16,1,15,統一-中壢,2023-09-26,5853
0050,元大台灣50,15,0,15,統一-中壢,2023-09-26,5853
2317,鴻海,19,5,14,統一-中壢,2023-09-26,5853
00753L,中信中國50正2,15,1,14,統一-中壢,2023-09-26,5853
2303,聯電,14,0,14,統一-中壢,2023-09-26,5853
0056,元大高股息,16,2,14,統一-中壢,2023-09-26,5853
2634,漢翔,16,3,13,統一-中壢,2023-09-26,5853
5880,合庫金,15,2,13,統一-中壢,2023-09-26,5853
6451,訊芯-KY,24,11,13,統一-中壢,2023-09-26,5853
2882,國泰金,12,0,12,統一-中壢,2023-09-26,5853
00921,兆豐龍頭等權重,12,0,12,統一-中壢,2023-09-26,5853
00888,永豐台灣ESG,12,0,12,統一-中壢,2023-09-26,5853
2816,旺旺保,12,0,12,統一-中壢,2023-09-26,5853
2889,國票金,12,0,12,統一-中壢,2023-09-26,5853
2329,華泰,11,0,11,統一-中壢,2023-09-26,5853
3234,光環,11,0,11,統一-中壢,2023-09-26,5853
00905,FT臺灣Smart,10,0,10,統一-中壢,2023-09-26,5853
1314,中石化,10,0,10,統一-中壢,2023-09-26,5853
2031,新光鋼,10,0,10,統一-中壢,2023-09-26,5853
2385,群光,10,0,10,統一-中壢,2023-09-26,5853
2405,輔信,10,0,10,統一-中壢,2023-09-26,5853
2482,連宇,10,0,10,統一-中壢,2023-09-26,5853
2630,亞航,11,1,10,統一-中壢,2023-09-26,5853
6120,達運,14,4,10,統一-中壢,2023-09-26,5853
9919,康那香,11,1,10,統一-中壢,2023-09-26,5853
3481,群創,10,1,9,統一-中壢,2023-09-26,5853
00881,國泰台灣5G+,9,0,9,統一-中壢,2023-09-26,5853
2892,第一金,10,1,9,統一-中壢,2023-09-26,5853
3090,日電貿,10,1,9,統一-中壢,2023-09-26,5853
00632R,元大台灣50反1,1101,1,1100,統一-中壢,2023-09-27,5853
00929,復華台灣科技優息,137,3,134,統一-中壢,2023-09-27,5853
2606,裕民,81,2,79,統一-中壢,2023-09-27,5853
2887,台新金,57,0,57,統一-中壢,2023-09-27,5853
9904,寶成,56,0,56,統一-中壢,2023-09-27,5853
00919,群益台灣精選高息,62,11,51,統一-中壢,2023-09-27,5853
5388,中磊,42,2,40,統一-中壢,2023-09-27,5853
3036,文曄,40,2,38,統一-中壢,2023-09-27,5853
00922,國泰台灣領袖50,31,0,31,統一-中壢,2023-09-27,5853
00712,復華富時不動產,26,0,26,統一-中壢,2023-09-27,5853
2882,國泰金,27,3,24,統一-中壢,2023-09-27,5853
1605,華新,23,0,23,統一-中壢,2023-09-27,5853
2609,陽明,20,0,20,統一-中壢,2023-09-27,5853
2317,鴻海,20,0,20,統一-中壢,2023-09-27,5853
1402,遠東新,20,0,20,統一-中壢,2023-09-27,5853
0056,元大高股息,18,0,18,統一-中壢,2023-09-27,5853
2641,正德,49,31,18,統一-中壢,2023-09-27,5853
2891,中信金,17,0,17,統一-中壢,2023-09-27,5853
00923,群益台ESG低碳50,18,2,16,統一-中壢,2023-09-27,5853
2303,聯電,15,0,15,統一-中壢,2023-09-27,5853
00637L,元大滬深300正2,22,7,15,統一-中壢,2023-09-27,5853
1312,國喬,15,0,15,統一-中壢,2023-09-27,5853
4542,科嶠,18,3,15,統一-中壢,2023-09-27,5853
2388,威盛,18,4,14,統一-中壢,2023-09-27,5853
3025,星通,16,2,14,統一-中壢,2023-09-27,5853
3596,智易,13,1,12,統一-中壢,2023-09-27,5853
1608,華榮,11,0,11,統一-中壢,2023-09-27,5853
8088,品安,11,0,11,統一-中壢,2023-09-27,5853
9945,潤泰新,10,0,10,統一-中壢,2023-09-27,5853
1305,華夏,10,0,10,統一-中壢,2023-09-27,5853
00882,中信中國高股息,10,0,10,統一-中壢,2023-09-27,5853
00653L,富邦印度正2,10,0,10,統一-中壢,2023-09-27,5853
2031,新光鋼,10,0,10,統一-中壢,2023-09-27,5853
2340,台亞,10,0,10,統一-中壢,2023-09-27,5853
2376,技嘉,23,13,10,統一-中壢,2023-09-27,5853
3308,聯德,14,4,10,統一-中壢,2023-09-27,5853
1326,台化,9,0,9,統一-中壢,2023-09-27,5853
6770,力積電,13,4,9,統一-中壢,2023-09-27,5853
3105,穩懋,9,0,9,統一-中壢,2023-09-27,5853
00679B,元大美債20年,9,0,9,統一-中壢,2023-09-27,5853
2465,麗臺,9,0,9,統一-中壢,2023-09-27,5853
00751B,元大AAA至A公司債,8,0,8,統一-中壢,2023-09-27,5853
2014,中鴻,14,6,8,統一-中壢,2023-09-27,5853
2409,友達,9,1,8,統一-中壢,2023-09-27,5853
2637,慧洋-KY,13,5,8,統一-中壢,2023-09-27,5853
6235,華孚,20,12,8,統一-中壢,2023-09-27,5853
1612,宏泰,8,1,7,統一-中壢,2023-09-27,5853
2392,正崴,7,0,7,統一-中壢,2023-09-27,5853
2816,旺旺保,10,3,7,統一-中壢,2023-09-27,5853
3686,達能,7,0,7,統一-中壢,2023-09-27,5853
2409,友達,111,1,110,統一-中壢,2023-09-28,5853
2610,華航,91,0,91,統一-中壢,2023-09-28,5853
9904,寶成,85,0,85,統一-中壢,2023-09-28,5853
2344,華邦電,77,0,77,統一-中壢,2023-09-28,5853
6275,元山,51,0,51,統一-中壢,2023-09-28,5853
00929,復華台灣科技優息,75,27,48,統一-中壢,2023-09-28,5853
1314,中石化,40,0,40,統一-中壢,2023-09-28,5853
00931B,統一美債20年,37,0,37,統一-中壢,2023-09-28,5853
3231,緯創,64,31,33,統一-中壢,2023-09-28,5853
3265,台星科,43,10,33,統一-中壢,2023-09-28,5853
00751B,元大AAA至A公司債,29,0,29,統一-中壢,2023-09-28,5853
00919,群益台灣精選高息,28,0,28,統一-中壢,2023-09-28,5853
00720B,元大投資級公司債,25,0,25,統一-中壢,2023-09-28,5853
00679B,元大美債20年,19,0,19,統一-中壢,2023-09-28,5853
00753L,中信中國50正2,19,0,19,統一-中壢,2023-09-28,5853
2883,凱基金,36,20,16,統一-中壢,2023-09-28,5853
2408,南亞科,15,0,15,統一-中壢,2023-09-28,5853
2882,國泰金,15,0,15,統一-中壢,2023-09-28,5853
00632R,元大台灣50反1,15,0,15,統一-中壢,2023-09-28,5853
8112,至上,16,1,15,統一-中壢,2023-09-28,5853
1326,台化,14,0,14,統一-中壢,2023-09-28,5853
6741,91APP*-KY,14,0,14,統一-中壢,2023-09-28,5853
1815,富喬,14,2,12,統一-中壢,2023-09-28,5853
00680L,元大美債20正2,22,10,12,統一-中壢,2023-09-28,5853
2359,所羅門,22,10,12,統一-中壢,2023-09-28,5853
5452,佶優,13,1,12,統一-中壢,2023-09-28,5853
3056,富華新,11,0,11,統一-中壢,2023-09-28,5853
00921,兆豐龍頭等權重,11,0,11,統一-中壢,2023-09-28,5853
2442,新美齊,11,0,11,統一-中壢,2023-09-28,5853
00757,統一FANG+,10,0,10,統一-中壢,2023-09-28,5853
4979,華星光,11,1,10,統一-中壢,2023-09-28,5853
2031,新光鋼,10,0,10,統一-中壢,2023-09-28,5853
3709,鑫聯大投控,10,0,10,統一-中壢,2023-09-28,5853
6873,泓德能源,10,0,10,統一-中壢,2023-09-28,5853
2313,華通,39,30,9,統一-中壢,2023-09-28,5853
6120,達運,13,4,9,統一-中壢,2023-09-28,5853
6274,台燿,13,4,9,統一-中壢,2023-09-28,5853
6282,康舒,10,1,9,統一-中壢,2023-09-28,5853
2317,鴻海,10,1,9,統一-中壢,2023-09-28,5853
2002,中鋼,9,0,9,統一-中壢,2023-09-28,5853
2892,第一金,9,1,8,統一-中壢,2023-09-28,5853
00772B,中信高評級公司債,8,0,8,統一-中壢,2023-09-28,5853
2606,裕民,10,2,8,統一-中壢,2023-09-28,5853
4906,正文,13,5,8,統一-中壢,2023-09-28,5853
6108,競國,10,2,8,統一-中壢,2023-09-28,5853
3481,群創,8,0,8,統一-中壢,2023-09-28,5853
3406,玉晶光,7,0,7,統一-中壢,2023-09-28,5853
3706,神達,41,34,7,統一-中壢,2023-09-28,5853
2468,華經,10,4,6,統一-中壢,2023-09-28,5853
2816,旺旺保,6,0,6,統一-中壢,2023-09-28,5853
2610,華航,101,0,101,統一-中壢,2023-10-02,5853
2883,凱基金,105,10,95,統一-中壢,2023-10-02,5853
00931B,統一美債20年,127,40,87,統一-中壢,2023-10-02,5853
2618,長榮航,70,0,70,統一-中壢,2023-10-02,5853
00919,群益台灣精選高息,67,2,65,統一-中壢,2023-10-02,5853
00751B,元大AAA至A公司債,65,15,50,統一-中壢,2023-10-02,5853
2356,英業達,60,22,38,統一-中壢,2023-10-02,5853
5234,達興材料,37,0,37,統一-中壢,2023-10-02,5853
00929,復華台灣科技優息,80,44,36,統一-中壢,2023-10-02,5853
2363,矽統,65,29,36,統一-中壢,2023-10-02,5853
3481,群創,36,2,34,統一-中壢,2023-10-02,5853
00912,中信臺灣智慧50,34,0,34,統一-中壢,2023-10-02,5853
2324,仁寶,34,1,33,統一-中壢,2023-10-02,5853
1471,首利,33,1,32,統一-中壢,2023-10-02,5853
1514,亞力,30,5,25,統一-中壢,2023-10-02,5853
00772B,中信高評級公司債,21,0,21,統一-中壢,2023-10-02,5853
1312,國喬,21,0,21,統一-中壢,2023-10-02,5853
2457,飛宏,21,3,18,統一-中壢,2023-10-02,5853
3322,建舜電,21,3,18,統一-中壢,2023-10-02,5853
3419,譁裕,17,0,17,統一-中壢,2023-10-02,5853
2367,燿華,25,9,16,統一-中壢,2023-10-02,5853
4989,榮科,15,0,15,統一-中壢,2023-10-02,5853
1301,台塑,14,1,13,統一-中壢,2023-10-02,5853
2206,三陽工業,15,2,13,統一-中壢,2023-10-02,5853
3044,健鼎,16,3,13,統一-中壢,2023-10-02,5853
2409,友達,30,18,12,統一-中壢,2023-10-02,5853
2331,精英,17,5,12,統一-中壢,2023-10-02,5853
2458,義隆,13,1,12,統一-中壢,2023-10-02,5853
6721,信實,13,1,12,統一-中壢,2023-10-02,5853
00632R,元大台灣50反1,11,0,11,統一-中壢,2023-10-02,5853
00680L,元大美債20正2,11,0,11,統一-中壢,2023-10-02,5853
2355,敬鵬,15,4,11,統一-中壢,2023-10-02,5853
2492,華新科,11,0,11,統一-中壢,2023-10-02,5853
2882,國泰金,11,0,11,統一-中壢,2023-10-02,5853
9919,康那香,11,0,11,統一-中壢,2023-10-02,5853
3665,貿聯-KY,10,0,10,統一-中壢,2023-10-02,5853
2105,正新,10,0,10,統一-中壢,2023-10-02,5853
2401,凌陽,15,5,10,統一-中壢,2023-10-02,5853
2408,南亞科,21,11,10,統一-中壢,2023-10-02,5853
4526,東台,10,0,10,統一-中壢,2023-10-02,5853
6806,森崴能源,10,0,10,統一-中壢,2023-10-02,5853
8213,志超,10,0,10,統一-中壢,2023-10-02,5853
2891,中信金,9,0,9,統一-中壢,2023-10-02,5853
2442,新美齊,9,0,9,統一-中壢,2023-10-02,5853
2485,兆赫,10,1,9,統一-中壢,2023-10-02,5853
8942,森鉅,10,1,9,統一-中壢,2023-10-02,5853
00720B,元大投資級公司債,16,8,8,統一-中壢,2023-10-02,5853
2402,毅嘉,10,2,8,統一-中壢,2023-10-02,5853
2605,新興,8,0,8,統一-中壢,2023-10-02,5853
1504,東元,8,0,8,統一-中壢,2023-10-02,5853
6288,聯嘉,152,5,147,統一-中壢,2023-10-03,5853
3481,群創,143,16,127,統一-中壢,2023-10-03,5853
00929,復華台灣科技優息,124,22,102,統一-中壢,2023-10-03,5853
2409,友達,172,91,81,統一-中壢,2023-10-03,5853
0056,元大高股息,73,6,67,統一-中壢,2023-10-03,5853
1513,中興電,107,42,65,統一-中壢,2023-10-03,5853
3231,緯創,54,12,42,統一-中壢,2023-10-03,5853
00931B,統一美債20年,116,81,35,統一-中壢,2023-10-03,5853
00715L,期街口布蘭特正2,40,5,35,統一-中壢,2023-10-03,5853
00637L,元大滬深300正2,44,10,34,統一-中壢,2023-10-03,5853
6223,旺矽,51,21,30,統一-中壢,2023-10-03,5853
1605,華新,30,3,27,統一-中壢,2023-10-03,5853
00753L,中信中國50正2,26,0,26,統一-中壢,2023-10-03,5853
9904,寶成,26,0,26,統一-中壢,2023-10-03,5853
2618,長榮航,53,28,25,統一-中壢,2023-10-03,5853
3036,文曄,27,4,23,統一-中壢,2023-10-03,5853
5426,振發,24,4,20,統一-中壢,2023-10-03,5853
6233,旺玖,20,0,20,統一-中壢,2023-10-03,5853
2313,華通,26,7,19,統一-中壢,2023-10-03,5853
2402,毅嘉,19,0,19,統一-中壢,2023-10-03,5853
2883,凱基金,19,0,19,統一-中壢,2023-10-03,5853
6120,達運,24,5,19,統一-中壢,2023-10-03,5853
00885,富邦越南,18,0,18,統一-中壢,2023-10-03,5853
00712,復華富時不動產,18,0,18,統一-中壢,2023-10-03,5853
00751B,元大AAA至A公司債,16,0,16,統一-中壢,2023-10-03,5853
8088,品安,19,3,16,統一-中壢,2023-10-03,5853
2031,新光鋼,15,0,15,統一-中壢,2023-10-03,5853
1609,大亞,20,7,13,統一-中壢,2023-10-03,5853
2891,中信金,12,0,12,統一-中壢,2023-10-03,5853
3013,晟銘電,14,2,12,統一-中壢,2023-10-03,5853
6117,迎廣,16,4,12,統一-中壢,2023-10-03,5853
6235,華孚,23,11,12,統一-中壢,2023-10-03,5853
2317,鴻海,11,0,11,統一-中壢,2023-10-03,5853
00772B,中信高評級公司債,10,0,10,統一-中壢,2023-10-03,5853
00795B,中信美國公債20年,10,0,10,統一-中壢,2023-10-03,5853
00673R,期元大S＆P原油反1,10,0,10,統一-中壢,2023-10-03,5853
00893,國泰智能電動車,10,0,10,統一-中壢,2023-10-03,5853
2890,永豐金,10,0,10,統一-中壢,2023-10-03,5853
5009,榮剛,10,0,10,統一-中壢,2023-10-03,5853
5234,達興材料,10,0,10,統一-中壢,2023-10-03,5853
6449,鈺邦,12,2,10,統一-中壢,2023-10-03,5853
6485,點序,11,1,10,統一-中壢,2023-10-03,5853
00919,群益台灣精選高息,12,2,10,統一-中壢,2023-10-03,5853
2363,矽統,55,46,9,統一-中壢,2023-10-03,5853
2605,新興,11,2,9,統一-中壢,2023-10-03,5853
3325,旭品,40,31,9,統一-中壢,2023-10-03,5853
00713,元大台灣高息低波,8,0,8,統一-中壢,2023-10-03,5853
00922,國泰台灣領袖50,8,0,8,統一-中壢,2023-10-03,5853
2882,國泰金,8,0,8,統一-中壢,2023-10-03,5853
1301,台塑,7,0,7,統一-中壢,2023-10-03,5853
00637L,元大滬深300正2,407,2,405,統一-中壢,2023-10-04,5853
00929,復華台灣科技優息,123,14,109,統一-中壢,2023-10-04,5853
8086,宏捷科,106,4,102,統一-中壢,2023-10-04,5853
00931B,統一美債20年,87,19,68,統一-中壢,2023-10-04,5853
00919,群益台灣精選高息,71,3,68,統一-中壢,2023-10-04,5853
2303,聯電,68,7,61,統一-中壢,2023-10-04,5853
2845,遠東銀,50,0,50,統一-中壢,2023-10-04,5853
00720B,元大投資級公司債,75,30,45,統一-中壢,2023-10-04,5853
00680L,元大美債20正2,55,13,42,統一-中壢,2023-10-04,5853
5426,振發,40,0,40,統一-中壢,2023-10-04,5853
2317,鴻海,37,0,37,統一-中壢,2023-10-04,5853
00753L,中信中國50正2,35,1,34,統一-中壢,2023-10-04,5853
00679B,元大美債20年,30,0,30,統一-中壢,2023-10-04,5853
9919,康那香,30,0,30,統一-中壢,2023-10-04,5853
2882,國泰金,29,0,29,統一-中壢,2023-10-04,5853
00922,國泰台灣領袖50,28,0,28,統一-中壢,2023-10-04,5853
2409,友達,39,11,28,統一-中壢,2023-10-04,5853
3481,群創,58,31,27,統一-中壢,2023-10-04,5853
2883,凱基金,26,0,26,統一-中壢,2023-10-04,5853
0056,元大高股息,25,2,23,統一-中壢,2023-10-04,5853
6741,91APP*-KY,22,0,22,統一-中壢,2023-10-04,5853
2886,兆豐金,21,0,21,統一-中壢,2023-10-04,5853
00864B,中信美國公債0-1,20,0,20,統一-中壢,2023-10-04,5853
2002,中鋼,42,22,20,統一-中壢,2023-10-04,5853
1471,首利,21,2,19,統一-中壢,2023-10-04,5853
3094,聯傑,22,3,19,統一-中壢,2023-10-04,5853
00712,復華富時不動產,20,2,18,統一-中壢,2023-10-04,5853
2031,新光鋼,16,0,16,統一-中壢,2023-10-04,5853
1514,亞力,19,3,16,統一-中壢,2023-10-04,5853
2402,毅嘉,14,0,14,統一-中壢,2023-10-04,5853
00772B,中信高評級公司債,13,0,13,統一-中壢,2023-10-04,5853
00923,群益台ESG低碳50,13,0,13,統一-中壢,2023-10-04,5853
2201,裕隆,14,1,13,統一-中壢,2023-10-04,5853
6901,鑽石投資,13,0,13,統一-中壢,2023-10-04,5853
2353,宏��,13,1,12,統一-中壢,2023-10-04,5853
00893,國泰智能電動車,12,0,12,統一-中壢,2023-10-04,5853
2330,台積電,13,1,12,統一-中壢,2023-10-04,5853
2891,中信金,13,2,11,統一-中壢,2023-10-04,5853
1301,台塑,11,0,11,統一-中壢,2023-10-04,5853
2542,興富發,11,0,11,統一-中壢,2023-10-04,5853
2606,裕民,12,1,11,統一-中壢,2023-10-04,5853
9904,寶成,11,0,11,統一-中壢,2023-10-04,5853
1303,南亞,10,0,10,統一-中壢,2023-10-04,5853
00713,元大台灣高息低波,10,0,10,統一-中壢,2023-10-04,5853
1216,統一,10,0,10,統一-中壢,2023-10-04,5853
2014,中鴻,10,0,10,統一-中壢,2023-10-04,5853
3567,逸昌,14,4,10,統一-中壢,2023-10-04,5853
3701,大眾控,11,1,10,統一-中壢,2023-10-04,5853
6603,富強鑫,10,0,10,統一-中壢,2023-10-04,5853
5880,合庫金,16,7,9,統一-中壢,2023-10-04,5853
1815,富喬,266,172,94,統一-中壢,2023-10-05,5853
2610,華航,105,19,86,統一-中壢,2023-10-05,5853
9919,康那香,72,0,72,統一-中壢,2023-10-05,5853
2313,華通,118,56,62,統一-中壢,2023-10-05,5853
2409,友達,64,7,57,統一-中壢,2023-10-05,5853
5426,振發,52,0,52,統一-中壢,2023-10-05,5853
00712,復華富時不動產,42,0,42,統一-中壢,2023-10-05,5853
2897,王道銀行,40,0,40,統一-中壢,2023-10-05,5853
00907,永豐優息存股,36,0,36,統一-中壢,2023-10-05,5853
00687B,國泰20年美債,36,0,36,統一-中壢,2023-10-05,5853
6167,久正,32,0,32,統一-中壢,2023-10-05,5853
3665,貿聯-KY,30,0,30,統一-中壢,2023-10-05,5853
00930,永豐ESG低碳高息,30,0,30,統一-中壢,2023-10-05,5853
9904,寶成,26,0,26,統一-中壢,2023-10-05,5853
1324,地球,23,0,23,統一-中壢,2023-10-05,5853
3380,明泰,22,0,22,統一-中壢,2023-10-05,5853
00882,中信中國高股息,21,0,21,統一-中壢,2023-10-05,5853
3265,台星科,22,1,21,統一-中壢,2023-10-05,5853
8271,宇瞻,21,2,19,統一-中壢,2023-10-05,5853
00922,國泰台灣領袖50,18,0,18,統一-中壢,2023-10-05,5853
1514,亞力,21,3,18,統一-中壢,2023-10-05,5853
00878,國泰永續高股息,19,4,15,統一-中壢,2023-10-05,5853
00720B,元大投資級公司債,14,0,14,統一-中壢,2023-10-05,5853
9802,鈺齊-KY,16,2,14,統一-中壢,2023-10-05,5853
3056,富華新,13,0,13,統一-中壢,2023-10-05,5853
0056,元大高股息,16,4,12,統一-中壢,2023-10-05,5853
2201,裕隆,11,0,11,統一-中壢,2023-10-05,5853
2486,一詮,17,6,11,統一-中壢,2023-10-05,5853
00632R,元大台灣50反1,10,0,10,統一-中壢,2023-10-05,5853
2002,中鋼,12,2,10,統一-中壢,2023-10-05,5853
9105,泰金寶-DR,10,0,10,統一-中壢,2023-10-05,5853
2317,鴻海,11,2,9,統一-中壢,2023-10-05,5853
2457,飛宏,11,2,9,統一-中壢,2023-10-05,5853
3037,欣興,9,0,9,統一-中壢,2023-10-05,5853
2014,中鴻,8,0,8,統一-中壢,2023-10-05,5853
6208,日揚,8,0,8,統一-中壢,2023-10-05,5853
6285,啟��,12,4,8,統一-中壢,2023-10-05,5853
6806,森崴能源,8,0,8,統一-中壢,2023-10-05,5853
00679B,元大美債20年,7,0,7,統一-中壢,2023-10-05,5853
3078,僑威,7,0,7,統一-中壢,2023-10-05,5853
3450,聯鈞,10,3,7,統一-中壢,2023-10-05,5853
00902,中信電池及儲能,6,0,6,統一-中壢,2023-10-05,5853
2368,金像電,23,17,6,統一-中壢,2023-10-05,5853
2412,中華電,6,0,6,統一-中壢,2023-10-05,5853
2637,慧洋-KY,6,0,6,統一-中壢,2023-10-05,5853
3122,笙泉,8,2,6,統一-中壢,2023-10-05,5853
3669,圓展,7,1,6,統一-中壢,2023-10-05,5853
3704,合勤控,12,6,6,統一-中壢,2023-10-05,5853
00650L,復華香港正2,5,0,5,統一-中壢,2023-10-05,5853
00753L,中信中國50正2,5,0,5,統一-中壢,2023-10-05,5853
2353,宏��,85,0,85,統一-中壢,2023-10-06,5853
4906,正文,90,10,80,統一-中壢,2023-10-06,5853
2363,矽統,192,115,77,統一-中壢,2023-10-06,5853
2409,友達,73,0,73,統一-中壢,2023-10-06,5853
00929,復華台灣科技優息,77,13,64,統一-中壢,2023-10-06,5853
5426,振發,54,5,49,統一-中壢,2023-10-06,5853
00715L,期街口布蘭特正2,46,0,46,統一-中壢,2023-10-06,5853
2618,長榮航,43,4,39,統一-中壢,2023-10-06,5853
3231,緯創,46,16,30,統一-中壢,2023-10-06,5853
2606,裕民,33,4,29,統一-中壢,2023-10-06,5853
6120,達運,24,1,23,統一-中壢,2023-10-06,5853
5388,中磊,21,0,21,統一-中壢,2023-10-06,5853
2442,新美齊,20,0,20,統一-中壢,2023-10-06,5853
00632R,元大台灣50反1,20,0,20,統一-中壢,2023-10-06,5853
8155,博智,20,1,19,統一-中壢,2023-10-06,5853
6721,信實,22,3,19,統一-中壢,2023-10-06,5853
4927,泰鼎-KY,17,0,17,統一-中壢,2023-10-06,5853
2719,燦星旅,15,0,15,統一-中壢,2023-10-06,5853
00720B,元大投資級公司債,14,0,14,統一-中壢,2023-10-06,5853
2812,台中銀,14,0,14,統一-中壢,2023-10-06,5853
6208,日揚,15,2,13,統一-中壢,2023-10-06,5853
3325,旭品,19,6,13,統一-中壢,2023-10-06,5853
2417,圓剛,16,5,11,統一-中壢,2023-10-06,5853
8933,愛地雅,11,0,11,統一-中壢,2023-10-06,5853
2356,英業達,13,3,10,統一-中壢,2023-10-06,5853
3438,類比科,12,2,10,統一-中壢,2023-10-06,5853
6156,松上,12,2,10,統一-中壢,2023-10-06,5853
00931B,統一美債20年,70,61,9,統一-中壢,2023-10-06,5853
2027,大成鋼,10,1,9,統一-中壢,2023-10-06,5853
9105,泰金寶-DR,9,0,9,統一-中壢,2023-10-06,5853
00751B,元大AAA至A公司債,8,0,8,統一-中壢,2023-10-06,5853
9927,泰銘,8,0,8,統一-中壢,2023-10-06,5853
1618,合機,7,0,7,統一-中壢,2023-10-06,5853
2313,華通,9,2,7,統一-中壢,2023-10-06,5853
6269,台郡,7,0,7,統一-中壢,2023-10-06,5853
9945,潤泰新,8,1,7,統一-中壢,2023-10-06,5853
3044,健鼎,7,1,6,統一-中壢,2023-10-06,5853
3059,華晶科,6,0,6,統一-中壢,2023-10-06,5853
5348,正能量智能,6,0,6,統一-中壢,2023-10-06,5853
00919,群益台灣精選高息,6,0,6,統一-中壢,2023-10-06,5853
00679B,元大美債20年,6,1,5,統一-中壢,2023-10-06,5853
1301,台塑,5,0,5,統一-中壢,2023-10-06,5853
00885,富邦越南,5,0,5,統一-中壢,2023-10-06,5853
2354,鴻準,5,0,5,統一-中壢,2023-10-06,5853
2601,益航,5,0,5,統一-中壢,2023-10-06,5853
2882,國泰金,5,0,5,統一-中壢,2023-10-06,5853
3213,茂訊,6,1,5,統一-中壢,2023-10-06,5853
3481,群創,26,21,5,統一-中壢,2023-10-06,5853
4746,台耀,5,0,5,統一-中壢,2023-10-06,5853
6873,泓德能源,5,0,5,統一-中壢,2023-10-06,5853
00679B,元大美債20年,170,0,170,統一-中壢,2023-10-11,5853
00919,群益台灣精選高息,147,21,126,統一-中壢,2023-10-11,5853
00632R,元大台灣50反1,96,0,96,統一-中壢,2023-10-11,5853
0056,元大高股息,60,0,60,統一-中壢,2023-10-11,5853
4916,事欣科,71,12,59,統一-中壢,2023-10-11,5853
3231,緯創,99,45,54,統一-中壢,2023-10-11,5853
3265,台星科,50,0,50,統一-中壢,2023-10-11,5853
5269,祥碩,50,0,50,統一-中壢,2023-10-11,5853
2409,友達,40,0,40,統一-中壢,2023-10-11,5853
5388,中磊,40,0,40,統一-中壢,2023-10-11,5853
00673R,期元大S＆P原油反1,40,2,38,統一-中壢,2023-10-11,5853
00680L,元大美債20正2,50,20,30,統一-中壢,2023-10-11,5853
4714,永捷,30,0,30,統一-中壢,2023-10-11,5853
5426,振發,30,0,30,統一-中壢,2023-10-11,5853
5009,榮剛,32,5,27,統一-中壢,2023-10-11,5853
1802,台玻,30,5,25,統一-中壢,2023-10-11,5853
2382,廣達,31,9,22,統一-中壢,2023-10-11,5853
6120,達運,43,21,22,統一-中壢,2023-10-11,5853
6266,泰詠,22,0,22,統一-中壢,2023-10-11,5853
2440,太空梭,21,0,21,統一-中壢,2023-10-11,5853
4906,正文,25,7,18,統一-中壢,2023-10-11,5853
3701,大眾控,17,0,17,統一-中壢,2023-10-11,5853
2812,台中銀,16,0,16,統一-中壢,2023-10-11,5853
6176,瑞儀,17,1,16,統一-中壢,2023-10-11,5853
00929,復華台灣科技優息,35,20,15,統一-中壢,2023-10-11,5853
2356,英業達,25,10,15,統一-中壢,2023-10-11,5853
00893,國泰智能電動車,14,0,14,統一-中壢,2023-10-11,5853
2392,正崴,13,0,13,統一-中壢,2023-10-11,5853
2442,新美齊,13,0,13,統一-中壢,2023-10-11,5853
6412,群電,13,0,13,統一-中壢,2023-10-11,5853
8112,至上,13,0,13,統一-中壢,2023-10-11,5853
3663,鑫科,12,0,12,統一-中壢,2023-10-11,5853
8088,品安,12,0,12,統一-中壢,2023-10-11,5853
8916,光隆,12,0,12,統一-中壢,2023-10-11,5853
2605,新興,11,0,11,統一-中壢,2023-10-11,5853
3081,聯亞,11,0,11,統一-中壢,2023-10-11,5853
3213,茂訊,11,0,11,統一-中壢,2023-10-11,5853
00900,富邦特選高股息30,10,0,10,統一-中壢,2023-10-11,5853
2388,威盛,11,1,10,統一-中壢,2023-10-11,5853
2453,凌群,10,0,10,統一-中壢,2023-10-11,5853
3481,群創,10,0,10,統一-中壢,2023-10-11,5853
6219,富旺,10,0,10,統一-中壢,2023-10-11,5853
1339,昭輝,14,5,9,統一-中壢,2023-10-11,5853
2465,麗臺,9,0,9,統一-中壢,2023-10-11,5853
2882,國泰金,34,25,9,統一-中壢,2023-10-11,5853
2603,長榮,13,4,9,統一-中壢,2023-10-11,5853
00922,國泰台灣領袖50,8,0,8,統一-中壢,2023-10-11,5853
1707,葡萄王,8,0,8,統一-中壢,2023-10-11,5853
3236,千如,8,0,8,統一-中壢,2023-10-11,5853
6147,頎邦,8,0,8,統一-中壢,2023-10-11,5853
3443,創意,101,1,100,統一-中壢,2023-10-12,5853
00680L,元大美債20正2,120,30,90,統一-中壢,2023-10-12,5853
00931B,統一美債20年,74,1,73,統一-中壢,2023-10-12,5853
2449,京元電子,49,3,46,統一-中壢,2023-10-12,5853
3265,台星科,46,0,46,統一-中壢,2023-10-12,5853
2363,矽統,145,100,45,統一-中壢,2023-10-12,5853
3325,旭品,38,0,38,統一-中壢,2023-10-12,5853
00687B,國泰20年美債,36,1,35,統一-中壢,2023-10-12,5853
2605,新興,36,2,34,統一-中壢,2023-10-12,5853
2890,永豐金,31,0,31,統一-中壢,2023-10-12,5853
00664R,國泰臺灣加權反1,30,0,30,統一-中壢,2023-10-12,5853
3276,宇環,30,0,30,統一-中壢,2023-10-12,5853
2402,毅嘉,25,0,25,統一-中壢,2023-10-12,5853
00715L,期街口布蘭特正2,23,0,23,統一-中壢,2023-10-12,5853
00772B,中信高評級公司債,22,0,22,統一-中壢,2023-10-12,5853
2002,中鋼,23,1,22,統一-中壢,2023-10-12,5853
2337,旺宏,30,8,22,統一-中壢,2023-10-12,5853
2882,國泰金,21,0,21,統一-中壢,2023-10-12,5853
2603,長榮,23,2,21,統一-中壢,2023-10-12,5853
4938,和碩,22,1,21,統一-中壢,2023-10-12,5853
2606,裕民,20,1,19,統一-中壢,2023-10-12,5853
2356,英業達,17,2,15,統一-中壢,2023-10-12,5853
2816,旺旺保,14,0,14,統一-中壢,2023-10-12,5853
9950,萬國通,14,0,14,統一-中壢,2023-10-12,5853
2303,聯電,24,10,14,統一-中壢,2023-10-12,5853
5009,榮剛,13,0,13,統一-中壢,2023-10-12,5853
00912,中信臺灣智慧50,12,0,12,統一-中壢,2023-10-12,5853
00795B,中信美國公債20年,12,0,12,統一-中壢,2023-10-12,5853
00632R,元大台灣50反1,11,0,11,統一-中壢,2023-10-12,5853
2385,群光,11,0,11,統一-中壢,2023-10-12,5853
3006,晶豪科,27,16,11,統一-中壢,2023-10-12,5853
6120,達運,11,0,11,統一-中壢,2023-10-12,5853
00712,復華富時不動產,10,0,10,統一-中壢,2023-10-12,5853
1305,華夏,10,0,10,統一-中壢,2023-10-12,5853
2719,燦星旅,10,0,10,統一-中壢,2023-10-12,5853
6290,良維,10,0,10,統一-中壢,2023-10-12,5853
00905,FT臺灣Smart,10,1,9,統一-中壢,2023-10-12,5853
1568,倉佑,10,1,9,統一-中壢,2023-10-12,5853
1609,大亞,9,0,9,統一-中壢,2023-10-12,5853
1802,台玻,21,12,9,統一-中壢,2023-10-12,5853
2323,中環,9,0,9,統一-中壢,2023-10-12,5853
2887,台新金,10,1,9,統一-中壢,2023-10-12,5853
3122,笙泉,13,4,9,統一-中壢,2023-10-12,5853
3311,閎暉,10,1,9,統一-中壢,2023-10-12,5853
0056,元大高股息,19,11,8,統一-中壢,2023-10-12,5853
4924,欣厚-KY,8,0,8,統一-中壢,2023-10-12,5853
5426,振發,10,2,8,統一-中壢,2023-10-12,5853
3037,欣興,9,1,8,統一-中壢,2023-10-12,5853
00720B,元大投資級公司債,10,3,7,統一-中壢,2023-10-12,5853
00688L,國泰20年美債正2,7,0,7,統一-中壢,2023-10-12,5853
2606,裕民,90,0,90,統一-中壢,2023-10-13,5853
00637L,元大滬深300正2,144,55,89,統一-中壢,2023-10-13,5853
00885,富邦越南,63,0,63,統一-中壢,2023-10-13,5853
00919,群益台灣精選高息,57,1,56,統一-中壢,2023-10-13,5853
00680L,元大美債20正2,50,0,50,統一-中壢,2023-10-13,5853
1810,和成,46,0,46,統一-中壢,2023-10-13,5853
00929,復華台灣科技優息,68,25,43,統一-中壢,2023-10-13,5853
3231,緯創,39,5,34,統一-中壢,2023-10-13,5853
00687B,國泰20年美債,40,6,34,統一-中壢,2023-10-13,5853
2382,廣達,40,13,27,統一-中壢,2023-10-13,5853
00679B,元大美債20年,27,0,27,統一-中壢,2023-10-13,5853
2376,技嘉,30,3,27,統一-中壢,2023-10-13,5853
2303,聯電,27,2,25,統一-中壢,2023-10-13,5853
00753L,中信中國50正2,25,0,25,統一-中壢,2023-10-13,5853
00878,國泰永續高股息,25,0,25,統一-中壢,2023-10-13,5853
1605,華新,27,3,24,統一-中壢,2023-10-13,5853
2882,國泰金,24,0,24,統一-中壢,2023-10-13,5853
6120,達運,23,1,22,統一-中壢,2023-10-13,5853
6234,高僑,22,0,22,統一-中壢,2023-10-13,5853
1802,台玻,21,0,21,統一-中壢,2023-10-13,5853
3041,揚智,20,0,20,統一-中壢,2023-10-13,5853
3081,聯亞,20,0,20,統一-中壢,2023-10-13,5853
2881,富邦金,19,0,19,統一-中壢,2023-10-13,5853
3443,創意,21,3,18,統一-中壢,2023-10-13,5853
1319,東陽,21,4,17,統一-中壢,2023-10-13,5853
8926,台汽電,17,1,16,統一-中壢,2023-10-13,5853
2301,光寶科,16,0,16,統一-中壢,2023-10-13,5853
2883,凱基金,15,0,15,統一-中壢,2023-10-13,5853
00751B,元大AAA至A公司債,13,0,13,統一-中壢,2023-10-13,5853
3701,大眾控,12,0,12,統一-中壢,2023-10-13,5853
6223,旺矽,43,31,12,統一-中壢,2023-10-13,5853
2891,中信金,16,5,11,統一-中壢,2023-10-13,5853
2002,中鋼,11,0,11,統一-中壢,2023-10-13,5853
1721,三晃,10,0,10,統一-中壢,2023-10-13,5853
2485,兆赫,10,0,10,統一-中壢,2023-10-13,5853
5234,達興材料,10,0,10,統一-中壢,2023-10-13,5853
8996,高力,9,0,9,統一-中壢,2023-10-13,5853
00720B,元大投資級公司債,9,0,9,統一-中壢,2023-10-13,5853
2406,國碩,10,1,9,統一-中壢,2023-10-13,5853
2425,承啟,13,4,9,統一-中壢,2023-10-13,5853
6112,邁達特,10,1,9,統一-中壢,2023-10-13,5853
2615,萬海,8,0,8,統一-中壢,2023-10-13,5853
6770,力積電,10,2,8,統一-中壢,2023-10-13,5853
2363,矽統,136,128,8,統一-中壢,2023-10-13,5853
00795B,中信美國公債20年,7,0,7,統一-中壢,2023-10-13,5853
00712,復華富時不動產,7,0,7,統一-中壢,2023-10-13,5853
2340,台亞,7,0,7,統一-中壢,2023-10-13,5853
2332,友訊,7,0,7,統一-中壢,2023-10-13,5853
2405,輔信,7,0,7,統一-中壢,2023-10-13,5853
4129,聯合,8,1,7,統一-中壢,2023-10-13,5853
00929,復華台灣科技優息,171,5,166,統一-中壢,2023-10-16,5853
00753L,中信中國50正2,87,0,87,統一-中壢,2023-10-16,5853
0056,元大高股息,100,17,83,統一-中壢,2023-10-16,5853
00632R,元大台灣50反1,84,3,81,統一-中壢,2023-10-16,5853
2515,中工,77,3,74,統一-中壢,2023-10-16,5853
00919,群益台灣精選高息,54,1,53,統一-中壢,2023-10-16,5853
2610,華航,50,0,50,統一-中壢,2023-10-16,5853
00637L,元大滬深300正2,256,208,48,統一-中壢,2023-10-16,5853
00635U,期元大S＆P黃金,45,0,45,統一-中壢,2023-10-16,5853
2328,廣宇,40,0,40,統一-中壢,2023-10-16,5853
6223,旺矽,40,1,39,統一-中壢,2023-10-16,5853
2387,精元,38,1,37,統一-中壢,2023-10-16,5853
00931B,統一美債20年,31,0,31,統一-中壢,2023-10-16,5853
1312,國喬,31,0,31,統一-中壢,2023-10-16,5853
3325,旭品,30,0,30,統一-中壢,2023-10-16,5853
2344,華邦電,28,0,28,統一-中壢,2023-10-16,5853
2317,鴻海,37,9,28,統一-中壢,2023-10-16,5853
00922,國泰台灣領袖50,23,0,23,統一-中壢,2023-10-16,5853
2442,新美齊,23,0,23,統一-中壢,2023-10-16,5853
00912,中信臺灣智慧50,21,0,21,統一-中壢,2023-10-16,5853
2409,友達,42,22,20,統一-中壢,2023-10-16,5853
8933,愛地雅,25,5,20,統一-中壢,2023-10-16,5853
1605,華新,19,0,19,統一-中壢,2023-10-16,5853
3265,台星科,20,1,19,統一-中壢,2023-10-16,5853
2618,長榮航,42,25,17,統一-中壢,2023-10-16,5853
3176,基亞,16,1,15,統一-中壢,2023-10-16,5853
3706,神達,23,8,15,統一-中壢,2023-10-16,5853
6269,台郡,15,0,15,統一-中壢,2023-10-16,5853
1305,華夏,14,0,14,統一-中壢,2023-10-16,5853
2449,京元電子,14,0,14,統一-中壢,2023-10-16,5853
3037,欣興,16,2,14,統一-中壢,2023-10-16,5853
6120,達運,28,15,13,統一-中壢,2023-10-16,5853
2206,三陽工業,21,8,13,統一-中壢,2023-10-16,5853
00665L,富邦�琤肭磪囓�2,18,6,12,統一-中壢,2023-10-16,5853
4552,力達-KY,12,0,12,統一-中壢,2023-10-16,5853
00673R,期元大S＆P原油反1,11,0,11,統一-中壢,2023-10-16,5853
2609,陽明,12,1,11,統一-中壢,2023-10-16,5853
3059,華晶科,13,2,11,統一-中壢,2023-10-16,5853
2884,玉山金,11,0,11,統一-中壢,2023-10-16,5853
1301,台塑,10,0,10,統一-中壢,2023-10-16,5853
00674R,期元大S＆P黃金反1,10,0,10,統一-中壢,2023-10-16,5853
1471,首利,10,0,10,統一-中壢,2023-10-16,5853
2313,華通,22,12,10,統一-中壢,2023-10-16,5853
2367,燿華,26,16,10,統一-中壢,2023-10-16,5853
2455,全新,10,0,10,統一-中壢,2023-10-16,5853
4909,新復興,10,0,10,統一-中壢,2023-10-16,5853
00893,國泰智能電動車,10,1,9,統一-中壢,2023-10-16,5853
2329,華泰,11,2,9,統一-中壢,2023-10-16,5853
2615,萬海,9,0,9,統一-中壢,2023-10-16,5853
5347,世界,9,0,9,統一-中壢,2023-10-16,5853
2838,聯邦銀,80,1,79,統一-中壢,2023-10-17,5853
0056,元大高股息,54,0,54,統一-中壢,2023-10-17,5853
00929,復華台灣科技優息,80,28,52,統一-中壢,2023-10-17,5853
1504,東元,46,0,46,統一-中壢,2023-10-17,5853
00751B,元大AAA至A公司債,41,0,41,統一-中壢,2023-10-17,5853
00687B,國泰20年美債,37,0,37,統一-中壢,2023-10-17,5853
2442,新美齊,34,0,34,統一-中壢,2023-10-17,5853
00720B,元大投資級公司債,31,0,31,統一-中壢,2023-10-17,5853
2610,華航,28,0,28,統一-中壢,2023-10-17,5853
6168,宏齊,31,4,27,統一-中壢,2023-10-17,5853
00878,國泰永續高股息,26,0,26,統一-中壢,2023-10-17,5853
2201,裕隆,26,1,25,統一-中壢,2023-10-17,5853
1712,興農,24,1,23,統一-中壢,2023-10-17,5853
00931B,統一美債20年,23,0,23,統一-中壢,2023-10-17,5853
3276,宇環,22,0,22,統一-中壢,2023-10-17,5853
2618,長榮航,39,18,21,統一-中壢,2023-10-17,5853
3231,緯創,55,35,20,統一-中壢,2023-10-17,5853
00680L,元大美債20正2,20,0,20,統一-中壢,2023-10-17,5853
1584,精剛,20,0,20,統一-中壢,2023-10-17,5853
2337,旺宏,20,1,19,統一-中壢,2023-10-17,5853
2002,中鋼,20,2,18,統一-中壢,2023-10-17,5853
2436,偉詮電,21,3,18,統一-中壢,2023-10-17,5853
00795B,中信美國公債20年,17,0,17,統一-中壢,2023-10-17,5853
6120,達運,19,2,17,統一-中壢,2023-10-17,5853
00753L,中信中國50正2,16,0,16,統一-中壢,2023-10-17,5853
1314,中石化,34,18,16,統一-中壢,2023-10-17,5853
2367,燿華,22,6,16,統一-中壢,2023-10-17,5853
2891,中信金,16,1,15,統一-中壢,2023-10-17,5853
2634,漢翔,23,8,15,統一-中壢,2023-10-17,5853
5009,榮剛,19,4,15,統一-中壢,2023-10-17,5853
6419,京晨科,15,0,15,統一-中壢,2023-10-17,5853
2329,華泰,16,2,14,統一-中壢,2023-10-17,5853
00922,國泰台灣領袖50,13,0,13,統一-中壢,2023-10-17,5853
9919,康那香,16,3,13,統一-中壢,2023-10-17,5853
3264,欣銓,12,0,12,統一-中壢,2023-10-17,5853
00679B,元大美債20年,11,0,11,統一-中壢,2023-10-17,5853
00715L,期街口布蘭特正2,15,4,11,統一-中壢,2023-10-17,5853
00722B,群益投資級電信債,11,0,11,統一-中壢,2023-10-17,5853
1529,樂事綠能,11,0,11,統一-中壢,2023-10-17,5853
4908,前鼎,165,154,11,統一-中壢,2023-10-17,5853
2887,台新金,10,0,10,統一-中壢,2023-10-17,5853
3529,力旺,11,1,10,統一-中壢,2023-10-17,5853
5388,中磊,11,1,10,統一-中壢,2023-10-17,5853
5426,振發,10,0,10,統一-中壢,2023-10-17,5853
6190,萬泰科,10,0,10,統一-中壢,2023-10-17,5853
6612,奈米醫材,10,0,10,統一-中壢,2023-10-17,5853
2356,英業達,14,4,10,統一-中壢,2023-10-17,5853
00881,國泰台灣5G+,9,0,9,統一-中壢,2023-10-17,5853
1471,首利,10,1,9,統一-中壢,2023-10-17,5853
5274,信驊,9,0,9,統一-中壢,2023-10-17,5853
00929,復華台灣科技優息,271,56,215,統一-中壢,2023-10-18,5853
1815,富喬,160,10,150,統一-中壢,2023-10-18,5853
0056,元大高股息,125,12,113,統一-中壢,2023-10-18,5853
00878,國泰永續高股息,113,7,106,統一-中壢,2023-10-18,5853
00885,富邦越南,105,0,105,統一-中壢,2023-10-18,5853
00919,群益台灣精選高息,103,15,88,統一-中壢,2023-10-18,5853
00922,國泰台灣領袖50,57,0,57,統一-中壢,2023-10-18,5853
00720B,元大投資級公司債,46,6,40,統一-中壢,2023-10-18,5853
2618,長榮航,31,0,31,統一-中壢,2023-10-18,5853
2002,中鋼,36,7,29,統一-中壢,2023-10-18,5853
3661,世芯-KY,29,0,29,統一-中壢,2023-10-18,5853
6120,達運,33,4,29,統一-中壢,2023-10-18,5853
00632R,元大台灣50反1,45,20,25,統一-中壢,2023-10-18,5853
1309,台達化,24,0,24,統一-中壢,2023-10-18,5853
2344,華邦電,24,1,23,統一-中壢,2023-10-18,5853
5388,中磊,21,0,21,統一-中壢,2023-10-18,5853
5426,振發,20,0,20,統一-中壢,2023-10-18,5853
1605,華新,21,1,20,統一-中壢,2023-10-18,5853
00931B,統一美債20年,20,0,20,統一-中壢,2023-10-18,5853
3545,敦泰,34,15,19,統一-中壢,2023-10-18,5853
00687B,國泰20年美債,23,5,18,統一-中壢,2023-10-18,5853
2369,菱生,31,13,18,統一-中壢,2023-10-18,5853
5351,鈺創,20,2,18,統一-中壢,2023-10-18,5853
2313,華通,29,13,16,統一-中壢,2023-10-18,5853
2330,台積電,18,3,15,統一-中壢,2023-10-18,5853
8176,智捷,17,2,15,統一-中壢,2023-10-18,5853
6223,旺矽,14,0,14,統一-中壢,2023-10-18,5853
2363,矽統,79,65,14,統一-中壢,2023-10-18,5853
00637L,元大滬深300正2,18,5,13,統一-中壢,2023-10-18,5853
3481,群創,13,0,13,統一-中壢,2023-10-18,5853
3588,通嘉,34,22,12,統一-中壢,2023-10-18,5853
3037,欣興,12,1,11,統一-中壢,2023-10-18,5853
1584,精剛,11,0,11,統一-中壢,2023-10-18,5853
2323,中環,11,0,11,統一-中壢,2023-10-18,5853
00725B,國泰投資級公司債,10,0,10,統一-中壢,2023-10-18,5853
00673R,期元大S＆P原油反1,10,0,10,統一-中壢,2023-10-18,5853
1568,倉佑,10,0,10,統一-中壢,2023-10-18,5853
2329,華泰,10,0,10,統一-中壢,2023-10-18,5853
2611,志信,10,0,10,統一-中壢,2023-10-18,5853
00713,元大台灣高息低波,13,3,10,統一-中壢,2023-10-18,5853
3231,緯創,56,47,9,統一-中壢,2023-10-18,5853
1101,台泥,11,2,9,統一-中壢,2023-10-18,5853
00642U,期元大S＆P石油,10,1,9,統一-中壢,2023-10-18,5853
2436,偉詮電,12,3,9,統一-中壢,2023-10-18,5853
8916,光隆,9,0,9,統一-中壢,2023-10-18,5853
3260,威剛,68,60,8,統一-中壢,2023-10-18,5853
8926,台汽電,8,0,8,統一-中壢,2023-10-18,5853
2317,鴻海,13,5,8,統一-中壢,2023-10-18,5853
2328,廣宇,7,0,7,統一-中壢,2023-10-18,5853
2610,華航,10,3,7,統一-中壢,2023-10-18,5853
00929,復華台灣科技優息,157,3,154,統一-中壢,2023-10-19,5853
00637L,元大滬深300正2,511,400,111,統一-中壢,2023-10-19,5853
00751B,元大AAA至A公司債,68,0,68,統一-中壢,2023-10-19,5853
00753L,中信中國50正2,61,0,61,統一-中壢,2023-10-19,5853
00720B,元大投資級公司債,58,0,58,統一-中壢,2023-10-19,5853
00878,國泰永續高股息,58,1,57,統一-中壢,2023-10-19,5853
0056,元大高股息,78,37,41,統一-中壢,2023-10-19,5853
2363,矽統,56,18,38,統一-中壢,2023-10-19,5853
00933B,國泰10Y+金融債,37,0,37,統一-中壢,2023-10-19,5853
00885,富邦越南,36,0,36,統一-中壢,2023-10-19,5853
6120,達運,29,0,29,統一-中壢,2023-10-19,5853
1101,台泥,31,3,28,統一-中壢,2023-10-19,5853
00772B,中信高評級公司債,27,0,27,統一-中壢,2023-10-19,5853
2409,友達,26,0,26,統一-中壢,2023-10-19,5853
2641,正德,23,0,23,統一-中壢,2023-10-19,5853
3276,宇環,22,0,22,統一-中壢,2023-10-19,5853
4938,和碩,21,0,21,統一-中壢,2023-10-19,5853
2317,鴻海,37,17,20,統一-中壢,2023-10-19,5853
00740B,富邦全球投等債,20,0,20,統一-中壢,2023-10-19,5853
1568,倉佑,27,7,20,統一-中壢,2023-10-19,5853
00679B,元大美債20年,18,0,18,統一-中壢,2023-10-19,5853
2201,裕隆,18,0,18,統一-中壢,2023-10-19,5853
2376,技嘉,23,6,17,統一-中壢,2023-10-19,5853
00795B,中信美國公債20年,17,0,17,統一-中壢,2023-10-19,5853
3483,力致,17,0,17,統一-中壢,2023-10-19,5853
00687B,國泰20年美債,62,46,16,統一-中壢,2023-10-19,5853
00931B,統一美債20年,66,50,16,統一-中壢,2023-10-19,5853
1785,光洋科,15,0,15,統一-中壢,2023-10-19,5853
2331,精英,15,0,15,統一-中壢,2023-10-19,5853
2442,新美齊,15,0,15,統一-中壢,2023-10-19,5853
3481,群創,15,0,15,統一-中壢,2023-10-19,5853
6176,瑞儀,15,0,15,統一-中壢,2023-10-19,5853
6282,康舒,16,1,15,統一-中壢,2023-10-19,5853
2388,威盛,14,0,14,統一-中壢,2023-10-19,5853
9904,寶成,14,0,14,統一-中壢,2023-10-19,5853
3260,威剛,22,9,13,統一-中壢,2023-10-19,5853
2882,國泰金,12,0,12,統一-中壢,2023-10-19,5853
00715L,期街口布蘭特正2,12,0,12,統一-中壢,2023-10-19,5853
2002,中鋼,13,1,12,統一-中壢,2023-10-19,5853
6223,旺矽,31,20,11,統一-中壢,2023-10-19,5853
2455,全新,17,6,11,統一-中壢,2023-10-19,5853
2888,新光金,11,0,11,統一-中壢,2023-10-19,5853
00893,國泰智能電動車,10,0,10,統一-中壢,2023-10-19,5853
2340,台亞,10,0,10,統一-中壢,2023-10-19,5853
3419,譁裕,10,0,10,統一-中壢,2023-10-19,5853
5014,建錩,10,0,10,統一-中壢,2023-10-19,5853
00680L,元大美債20正2,10,1,9,統一-中壢,2023-10-19,5853
3105,穩懋,10,1,9,統一-中壢,2023-10-19,5853
3711,日月光投控,10,1,9,統一-中壢,2023-10-19,5853
4958,臻鼎-KY,10,1,9,統一-中壢,2023-10-19,5853
3596,智易,168,6,162,統一-中壢,2023-10-20,5853
0056,元大高股息,157,2,155,統一-中壢,2023-10-20,5853
00680L,元大美債20正2,125,2,123,統一-中壢,2023-10-20,5853
00929,復華台灣科技優息,152,30,122,統一-中壢,2023-10-20,5853
2409,友達,125,30,95,統一-中壢,2023-10-20,5853
2002,中鋼,74,4,70,統一-中壢,2023-10-20,5853
00635U,期元大S＆P黃金,50,0,50,統一-中壢,2023-10-20,5853
6770,力積電,74,27,47,統一-中壢,2023-10-20,5853
00712,復華富時不動產,42,0,42,統一-中壢,2023-10-20,5853
00933B,國泰10Y+金融債,42,0,42,統一-中壢,2023-10-20,5853
2610,華航,42,1,41,統一-中壢,2023-10-20,5853
00878,國泰永續高股息,83,43,40,統一-中壢,2023-10-20,5853
2882,國泰金,31,0,31,統一-中壢,2023-10-20,5853
00673R,期元大S＆P原油反1,30,0,30,統一-中壢,2023-10-20,5853
00772B,中信高評級公司債,26,0,26,統一-中壢,2023-10-20,5853
3481,群創,26,0,26,統一-中壢,2023-10-20,5853
4714,永捷,25,0,25,統一-中壢,2023-10-20,5853
6120,達運,34,10,24,統一-中壢,2023-10-20,5853
00893,國泰智能電動車,21,0,21,統一-中壢,2023-10-20,5853
1312,國喬,20,0,20,統一-中壢,2023-10-20,5853
6233,旺玖,22,2,20,統一-中壢,2023-10-20,5853
00753L,中信中國50正2,19,0,19,統一-中壢,2023-10-20,5853
1524,耿鼎,30,13,17,統一-中壢,2023-10-20,5853
3051,力特,15,0,15,統一-中壢,2023-10-20,5853
6257,矽格,34,19,15,統一-中壢,2023-10-20,5853
2884,玉山金,24,10,14,統一-中壢,2023-10-20,5853
00795B,中信美國公債20年,14,0,14,統一-中壢,2023-10-20,5853
2888,新光金,14,0,14,統一-中壢,2023-10-20,5853
2417,圓剛,15,2,13,統一-中壢,2023-10-20,5853
2438,翔耀,13,0,13,統一-中壢,2023-10-20,5853
2317,鴻海,15,3,12,統一-中壢,2023-10-20,5853
2382,廣達,36,24,12,統一-中壢,2023-10-20,5853
1101,台泥,12,0,12,統一-中壢,2023-10-20,5853
1605,華新,13,1,12,統一-中壢,2023-10-20,5853
2388,威盛,16,4,12,統一-中壢,2023-10-20,5853
2883,凱基金,14,2,12,統一-中壢,2023-10-20,5853
2887,台新金,12,0,12,統一-中壢,2023-10-20,5853
3081,聯亞,12,1,11,統一-中壢,2023-10-20,5853
2344,華邦電,12,1,11,統一-中壢,2023-10-20,5853
2634,漢翔,11,0,11,統一-中壢,2023-10-20,5853
3325,旭品,11,0,11,統一-中壢,2023-10-20,5853
3025,星通,21,11,10,統一-中壢,2023-10-20,5853
1810,和成,10,0,10,統一-中壢,2023-10-20,5853
3046,建��,10,0,10,統一-中壢,2023-10-20,5853
4147,中裕,10,0,10,統一-中壢,2023-10-20,5853
4946,辣椒,10,0,10,統一-中壢,2023-10-20,5853
8039,台虹,10,0,10,統一-中壢,2023-10-20,5853
2353,宏��,9,0,9,統一-中壢,2023-10-20,5853
3260,威剛,13,4,9,統一-中壢,2023-10-20,5853
5009,榮剛,9,0,9,統一-中壢,2023-10-20,5853
0056,元大高股息,183,41,142,統一-中壢,2023-10-23,5853
00929,復華台灣科技優息,156,23,133,統一-中壢,2023-10-23,5853
00919,群益台灣精選高息,157,38,119,統一-中壢,2023-10-23,5853
00680L,元大美債20正2,85,3,82,統一-中壢,2023-10-23,5853
2317,鴻海,86,11,75,統一-中壢,2023-10-23,5853
00931B,統一美債20年,47,0,47,統一-中壢,2023-10-23,5853
2243,宏旭-KY,40,0,40,統一-中壢,2023-10-23,5853
00720B,元大投資級公司債,36,0,36,統一-中壢,2023-10-23,5853
2409,友達,36,1,35,統一-中壢,2023-10-23,5853
3481,群創,51,21,30,統一-中壢,2023-10-23,5853
00922,國泰台灣領袖50,28,0,28,統一-中壢,2023-10-23,5853
00751B,元大AAA至A公司債,29,1,28,統一-中壢,2023-10-23,5853
2891,中信金,28,1,27,統一-中壢,2023-10-23,5853
2543,皇昌,31,6,25,統一-中壢,2023-10-23,5853
2885,元大金,23,0,23,統一-中壢,2023-10-23,5853
1216,統一,21,0,21,統一-中壢,2023-10-23,5853
1721,三晃,21,1,20,統一-中壢,2023-10-23,5853
6573,虹揚-KY,20,0,20,統一-中壢,2023-10-23,5853
2892,第一金,18,0,18,統一-中壢,2023-10-23,5853
2441,超豐,18,0,18,統一-中壢,2023-10-23,5853
00923,群益台ESG低碳50,17,0,17,統一-中壢,2023-10-23,5853
2402,毅嘉,18,1,17,統一-中壢,2023-10-23,5853
2352,佳世達,19,3,16,統一-中壢,2023-10-23,5853
4102,永日,15,0,15,統一-中壢,2023-10-23,5853
2344,華邦電,14,0,14,統一-中壢,2023-10-23,5853
00679B,元大美債20年,13,0,13,統一-中壢,2023-10-23,5853
00902,中信電池及儲能,12,0,12,統一-中壢,2023-10-23,5853
1324,地球,27,15,12,統一-中壢,2023-10-23,5853
2399,映泰,18,6,12,統一-中壢,2023-10-23,5853
9928,中視,14,2,12,統一-中壢,2023-10-23,5853
2883,凱基金,10,0,10,統一-中壢,2023-10-23,5853
2501,國建,10,0,10,統一-中壢,2023-10-23,5853
2330,台積電,11,1,10,統一-中壢,2023-10-23,5853
2886,兆豐金,9,0,9,統一-中壢,2023-10-23,5853
3032,偉訓,10,1,9,統一-中壢,2023-10-23,5853
5880,合庫金,9,0,9,統一-中壢,2023-10-23,5853
00637L,元大滬深300正2,8,0,8,統一-中壢,2023-10-23,5853
2449,京元電子,9,1,8,統一-中壢,2023-10-23,5853
2355,敬鵬,7,0,7,統一-中壢,2023-10-23,5853
2406,國碩,11,4,7,統一-中壢,2023-10-23,5853
6187,萬潤,10,3,7,統一-中壢,2023-10-23,5853
6257,矽格,13,6,7,統一-中壢,2023-10-23,5853
2356,英業達,13,6,7,統一-中壢,2023-10-23,5853
00888,永豐台灣ESG,7,0,7,統一-中壢,2023-10-23,5853
00713,元大台灣高息低波,7,1,6,統一-中壢,2023-10-23,5853
2002,中鋼,6,0,6,統一-中壢,2023-10-23,5853
00712,復華富時不動產,16,10,6,統一-中壢,2023-10-23,5853
00894,中信小資高價30,6,0,6,統一-中壢,2023-10-23,5853
2331,精英,6,0,6,統一-中壢,2023-10-23,5853
2498,宏達電,6,0,6,統一-中壢,2023-10-23,5853
2317,鴻海,112,9,103,統一-中壢,2023-10-24,5853
00712,復華富時不動產,84,0,84,統一-中壢,2023-10-24,5853
2883,凱基金,80,0,80,統一-中壢,2023-10-24,5853
00919,群益台灣精選高息,94,29,65,統一-中壢,2023-10-24,5853
00922,國泰台灣領袖50,65,2,63,統一-中壢,2023-10-24,5853
2610,華航,56,1,55,統一-中壢,2023-10-24,5853
2618,長榮航,69,25,44,統一-中壢,2023-10-24,5853
2834,臺企銀,24,1,23,統一-中壢,2023-10-24,5853
6202,盛群,20,0,20,統一-中壢,2023-10-24,5853
2002,中鋼,19,1,18,統一-中壢,2023-10-24,5853
8150,南茂,19,1,18,統一-中壢,2023-10-24,5853
00637L,元大滬深300正2,28,11,17,統一-中壢,2023-10-24,5853
3265,台星科,21,4,17,統一-中壢,2023-10-24,5853
00931B,統一美債20年,16,0,16,統一-中壢,2023-10-24,5853
2634,漢翔,18,2,16,統一-中壢,2023-10-24,5853
3711,日月光投控,16,1,15,統一-中壢,2023-10-24,5853
00715L,期街口布蘭特正2,14,0,14,統一-中壢,2023-10-24,5853
6150,撼訊,26,12,14,統一-中壢,2023-10-24,5853
00878,國泰永續高股息,28,15,13,統一-中壢,2023-10-24,5853
1319,東陽,21,9,12,統一-中壢,2023-10-24,5853
2609,陽明,14,2,12,統一-中壢,2023-10-24,5853
00933B,國泰10Y+金融債,12,1,11,統一-中壢,2023-10-24,5853
2442,新美齊,11,0,11,統一-中壢,2023-10-24,5853
2884,玉山金,11,0,11,統一-中壢,2023-10-24,5853
6120,達運,11,0,11,統一-中壢,2023-10-24,5853
6176,瑞儀,11,0,11,統一-中壢,2023-10-24,5853
0050,元大台灣50,11,1,10,統一-中壢,2023-10-24,5853
1101,台泥,10,0,10,統一-中壢,2023-10-24,5853
1528,恩德,10,0,10,統一-中壢,2023-10-24,5853
2233,宇隆,10,0,10,統一-中壢,2023-10-24,5853
6203,海韻電,10,0,10,統一-中壢,2023-10-24,5853
2492,華新科,11,2,9,統一-中壢,2023-10-24,5853
00665L,富邦�琤肭磪囓�2,21,12,9,統一-中壢,2023-10-24,5853
2408,南亞科,12,3,9,統一-中壢,2023-10-24,5853
1609,大亞,16,8,8,統一-中壢,2023-10-24,5853
2352,佳世達,10,2,8,統一-中壢,2023-10-24,5853
2436,偉詮電,8,0,8,統一-中壢,2023-10-24,5853
3234,光環,8,0,8,統一-中壢,2023-10-24,5853
3122,笙泉,7,0,7,統一-中壢,2023-10-24,5853
3346,麗清,7,0,7,統一-中壢,2023-10-24,5853
6112,邁達特,7,0,7,統一-中壢,2023-10-24,5853
6168,宏齊,9,2,7,統一-中壢,2023-10-24,5853
3260,威剛,15,9,6,統一-中壢,2023-10-24,5853
2401,凌陽,8,2,6,統一-中壢,2023-10-24,5853
2451,創見,6,0,6,統一-中壢,2023-10-24,5853
6684,安格,10,4,6,統一-中壢,2023-10-24,5853
6770,力積電,8,2,6,統一-中壢,2023-10-24,5853
2331,精英,12,6,6,統一-中壢,2023-10-24,5853
1301,台塑,6,1,5,統一-中壢,2023-10-24,5853
00923,群益台ESG低碳50,7,2,5,統一-中壢,2023-10-24,5853
00680L,元大美債20正2,250,11,239,統一-中壢,2023-10-25,5853
6593,台灣銘板,75,6,69,統一-中壢,2023-10-25,5853
2324,仁寶,58,0,58,統一-中壢,2023-10-25,5853
1101,台泥,53,0,53,統一-中壢,2023-10-25,5853
6152,百一,45,0,45,統一-中壢,2023-10-25,5853
2442,新美齊,37,0,37,統一-中壢,2023-10-25,5853
6257,矽格,41,7,34,統一-中壢,2023-10-25,5853
00885,富邦越南,51,20,31,統一-中壢,2023-10-25,5853
2337,旺宏,31,0,31,統一-中壢,2023-10-25,5853
2897,王道銀行,32,2,30,統一-中壢,2023-10-25,5853
3596,智易,32,2,30,統一-中壢,2023-10-25,5853
2002,中鋼,31,8,23,統一-中壢,2023-10-25,5853
3231,緯創,37,16,21,統一-中壢,2023-10-25,5853
4162,智擎,23,2,21,統一-中壢,2023-10-25,5853
2607,榮運,23,3,20,統一-中壢,2023-10-25,5853
3083,網龍,20,0,20,統一-中壢,2023-10-25,5853
00712,復華富時不動產,19,0,19,統一-中壢,2023-10-25,5853
5880,合庫金,20,1,19,統一-中壢,2023-10-25,5853
00715L,期街口布蘭特正2,18,0,18,統一-中壢,2023-10-25,5853
6197,佳必琪,32,15,17,統一-中壢,2023-10-25,5853
00642U,期元大S＆P石油,16,0,16,統一-中壢,2023-10-25,5853
2883,凱基金,16,0,16,統一-中壢,2023-10-25,5853
0050,元大台灣50,15,0,15,統一-中壢,2023-10-25,5853
6229,研通,15,0,15,統一-中壢,2023-10-25,5853
00929,復華台灣科技優息,45,30,15,統一-中壢,2023-10-25,5853
0056,元大高股息,17,3,14,統一-中壢,2023-10-25,5853
2329,華泰,33,19,14,統一-中壢,2023-10-25,5853
00878,國泰永續高股息,13,0,13,統一-中壢,2023-10-25,5853
2312,金寶,13,0,13,統一-中壢,2023-10-25,5853
3051,力特,15,2,13,統一-中壢,2023-10-25,5853
00687B,國泰20年美債,12,0,12,統一-中壢,2023-10-25,5853
2543,皇昌,18,6,12,統一-中壢,2023-10-25,5853
00740B,富邦全球投等債,10,0,10,統一-中壢,2023-10-25,5853
2457,飛宏,14,4,10,統一-中壢,2023-10-25,5853
2485,兆赫,10,0,10,統一-中壢,2023-10-25,5853
3535,晶彩科,10,0,10,統一-中壢,2023-10-25,5853
3689,湧德,13,3,10,統一-中壢,2023-10-25,5853
4934,太極,11,1,10,統一-中壢,2023-10-25,5853
4958,臻鼎-KY,10,0,10,統一-中壢,2023-10-25,5853
4960,誠美材,12,2,10,統一-中壢,2023-10-25,5853
2630,亞航,9,0,9,統一-中壢,2023-10-25,5853
3189,景碩,12,3,9,統一-中壢,2023-10-25,5853
3576,聯合再生,9,0,9,統一-中壢,2023-10-25,5853
5302,太欣,10,1,9,統一-中壢,2023-10-25,5853
6290,良維,30,21,9,統一-中壢,2023-10-25,5853
6292,迅德,13,4,9,統一-中壢,2023-10-25,5853
3035,智原,21,12,9,統一-中壢,2023-10-25,5853
3025,星通,13,4,9,統一-中壢,2023-10-25,5853
00919,群益台灣精選高息,8,0,8,統一-中壢,2023-10-25,5853
00751B,元大AAA至A公司債,8,0,8,統一-中壢,2023-10-25,5853
00929,復華台灣科技優息,324,51,273,統一-中壢,2023-10-26,5853
5269,祥碩,159,1,158,統一-中壢,2023-10-26,5853
2409,友達,95,0,95,統一-中壢,2023-10-26,5853
00919,群益台灣精選高息,80,0,80,統一-中壢,2023-10-26,5853
2883,凱基金,54,0,54,統一-中壢,2023-10-26,5853
4960,誠美材,43,6,37,統一-中壢,2023-10-26,5853
2303,聯電,42,6,36,統一-中壢,2023-10-26,5853
00680L,元大美債20正2,32,0,32,統一-中壢,2023-10-26,5853
3694,海華,30,0,30,統一-中壢,2023-10-26,5853
6239,力成,30,0,30,統一-中壢,2023-10-26,5853
2882,國泰金,29,0,29,統一-中壢,2023-10-26,5853
00885,富邦越南,27,0,27,統一-中壢,2023-10-26,5853
1312,國喬,26,0,26,統一-中壢,2023-10-26,5853
6593,台灣銘板,27,2,25,統一-中壢,2023-10-26,5853
2442,新美齊,23,0,23,統一-中壢,2023-10-26,5853
00687B,國泰20年美債,21,0,21,統一-中壢,2023-10-26,5853
8110,華東,25,5,20,統一-中壢,2023-10-26,5853
2344,華邦電,21,2,19,統一-中壢,2023-10-26,5853
2313,華通,20,3,17,統一-中壢,2023-10-26,5853
00712,復華富時不動產,31,16,15,統一-中壢,2023-10-26,5853
3481,群創,15,0,15,統一-中壢,2023-10-26,5853
2356,英業達,16,1,15,統一-中壢,2023-10-26,5853
2457,飛宏,26,11,15,統一-中壢,2023-10-26,5853
3037,欣興,14,0,14,統一-中壢,2023-10-26,5853
2618,長榮航,36,22,14,統一-中壢,2023-10-26,5853
5302,太欣,16,2,14,統一-中壢,2023-10-26,5853
00923,群益台ESG低碳50,13,0,13,統一-中壢,2023-10-26,5853
00902,中信電池及儲能,13,0,13,統一-中壢,2023-10-26,5853
00900,富邦特選高股息30,13,0,13,統一-中壢,2023-10-26,5853
2633,台灣高鐵,13,0,13,統一-中壢,2023-10-26,5853
2816,旺旺保,24,11,13,統一-中壢,2023-10-26,5853
3265,台星科,24,11,13,統一-中壢,2023-10-26,5853
6290,良維,18,5,13,統一-中壢,2023-10-26,5853
00679B,元大美債20年,12,0,12,統一-中壢,2023-10-26,5853
3081,聯亞,14,2,12,統一-中壢,2023-10-26,5853
3041,揚智,19,7,12,統一-中壢,2023-10-26,5853
00673R,期元大S＆P原油反1,12,0,12,統一-中壢,2023-10-26,5853
00881,國泰台灣5G+,12,0,12,統一-中壢,2023-10-26,5853
4552,力達-KY,12,0,12,統一-中壢,2023-10-26,5853
6117,迎廣,15,4,11,統一-中壢,2023-10-26,5853
00922,國泰台灣領袖50,10,0,10,統一-中壢,2023-10-26,5853
2887,台新金,10,0,10,統一-中壢,2023-10-26,5853
1709,和益,10,0,10,統一-中壢,2023-10-26,5853
2436,偉詮電,11,1,10,統一-中壢,2023-10-26,5853
3691,碩禾,10,0,10,統一-中壢,2023-10-26,5853
4958,臻鼎-KY,10,0,10,統一-中壢,2023-10-26,5853
6190,萬泰科,10,0,10,統一-中壢,2023-10-26,5853
6451,訊芯-KY,10,0,10,統一-中壢,2023-10-26,5853
8039,台虹,10,0,10,統一-中壢,2023-10-26,5853
8044,網家,10,0,10,統一-中壢,2023-10-26,5853
5269,祥碩,80,0,80,統一-中壢,2023-10-27,5853
2409,友達,61,0,61,統一-中壢,2023-10-27,5853
1815,富喬,52,2,50,統一-中壢,2023-10-27,5853
5388,中磊,50,0,50,統一-中壢,2023-10-27,5853
00720B,元大投資級公司債,40,0,40,統一-中壢,2023-10-27,5853
2329,華泰,39,1,38,統一-中壢,2023-10-27,5853
4157,太景*-KY,30,0,30,統一-中壢,2023-10-27,5853
2317,鴻海,32,4,28,統一-中壢,2023-10-27,5853
00885,富邦越南,26,0,26,統一-中壢,2023-10-27,5853
3596,智易,24,0,24,統一-中壢,2023-10-27,5853
6589,台康生技,23,0,23,統一-中壢,2023-10-27,5853
00919,群益台灣精選高息,23,0,23,統一-中壢,2023-10-27,5853
2834,臺企銀,21,0,21,統一-中壢,2023-10-27,5853
2390,云辰,22,2,20,統一-中壢,2023-10-27,5853
3025,星通,42,22,20,統一-中壢,2023-10-27,5853
8358,金居,26,8,18,統一-中壢,2023-10-27,5853
1524,耿鼎,21,4,17,統一-中壢,2023-10-27,5853
9928,中視,17,0,17,統一-中壢,2023-10-27,5853
2883,凱基金,18,2,16,統一-中壢,2023-10-27,5853
00715L,期街口布蘭特正2,17,2,15,統一-中壢,2023-10-27,5853
3419,譁裕,15,0,15,統一-中壢,2023-10-27,5853
2743,山富,12,1,11,統一-中壢,2023-10-27,5853
6282,康舒,12,1,11,統一-中壢,2023-10-27,5853
1101,台泥,30,20,10,統一-中壢,2023-10-27,5853
00673R,期元大S＆P原油反1,10,0,10,統一-中壢,2023-10-27,5853
2367,燿華,10,0,10,統一-中壢,2023-10-27,5853
2913,農林,10,0,10,統一-中壢,2023-10-27,5853
6116,彩晶,10,0,10,統一-中壢,2023-10-27,5853
6901,鑽石投資,10,0,10,統一-中壢,2023-10-27,5853
00712,復華富時不動產,12,3,9,統一-中壢,2023-10-27,5853
2201,裕隆,9,0,9,統一-中壢,2023-10-27,5853
2313,華通,22,13,9,統一-中壢,2023-10-27,5853
3576,聯合再生,9,0,9,統一-中壢,2023-10-27,5853
4960,誠美材,9,0,9,統一-中壢,2023-10-27,5853
2303,聯電,17,9,8,統一-中壢,2023-10-27,5853
3037,欣興,9,1,8,統一-中壢,2023-10-27,5853
8110,華東,8,0,8,統一-中壢,2023-10-27,5853
00642U,期元大S＆P石油,7,0,7,統一-中壢,2023-10-27,5853
3078,僑威,15,8,7,統一-中壢,2023-10-27,5853
0056,元大高股息,11,4,7,統一-中壢,2023-10-27,5853
2344,華邦電,15,9,6,統一-中壢,2023-10-27,5853
2412,中華電,6,0,6,統一-中壢,2023-10-27,5853
2543,皇昌,6,0,6,統一-中壢,2023-10-27,5853
3051,力特,8,2,6,統一-中壢,2023-10-27,5853
4739,康普,6,0,6,統一-中壢,2023-10-27,5853
6104,創惟,7,1,6,統一-中壢,2023-10-27,5853
6438,迅得,6,0,6,統一-中壢,2023-10-27,5853
8916,光隆,6,0,6,統一-中壢,2023-10-27,5853
5871,中租-KY,7,1,6,統一-中壢,2023-10-27,5853
5351,鈺創,7,1,6,統一-中壢,2023-10-27,5853
5269,祥碩,250,0,250,統一-中壢,2023-10-30,5853
3576,聯合再生,71,3,68,統一-中壢,2023-10-30,5853
2317,鴻海,95,52,43,統一-中壢,2023-10-30,5853
2891,中信金,35,0,35,統一-中壢,2023-10-30,5853
3265,台星科,35,5,30,統一-中壢,2023-10-30,5853
2303,聯電,37,9,28,統一-中壢,2023-10-30,5853
2880,華南金,27,0,27,統一-中壢,2023-10-30,5853
00712,復華富時不動產,26,0,26,統一-中壢,2023-10-30,5853
00679B,元大美債20年,25,0,25,統一-中壢,2023-10-30,5853
00632R,元大台灣50反1,25,0,25,統一-中壢,2023-10-30,5853
2618,長榮航,28,5,23,統一-中壢,2023-10-30,5853
00687B,國泰20年美債,22,0,22,統一-中壢,2023-10-30,5853
00720B,元大投資級公司債,22,0,22,統一-中壢,2023-10-30,5853
4968,立積,23,2,21,統一-中壢,2023-10-30,5853
00885,富邦越南,20,0,20,統一-中壢,2023-10-30,5853
00933B,國泰10Y+金融債,20,0,20,統一-中壢,2023-10-30,5853
2887,台新金,18,0,18,統一-中壢,2023-10-30,5853
1721,三晃,24,6,18,統一-中壢,2023-10-30,5853
2634,漢翔,18,0,18,統一-中壢,2023-10-30,5853
2897,王道銀行,18,0,18,統一-中壢,2023-10-30,5853
2884,玉山金,17,0,17,統一-中壢,2023-10-30,5853
00922,國泰台灣領袖50,17,0,17,統一-中壢,2023-10-30,5853
00764B,群益25年美債,15,0,15,統一-中壢,2023-10-30,5853
1301,台塑,17,2,15,統一-中壢,2023-10-30,5853
2360,致茂,15,0,15,統一-中壢,2023-10-30,5853
8086,宏捷科,16,1,15,統一-中壢,2023-10-30,5853
2883,凱基金,14,0,14,統一-中壢,2023-10-30,5853
2201,裕隆,14,1,13,統一-中壢,2023-10-30,5853
5353,台林,13,0,13,統一-中壢,2023-10-30,5853
1802,台玻,17,4,13,統一-中壢,2023-10-30,5853
1234,黑松,12,0,12,統一-中壢,2023-10-30,5853
1785,光洋科,12,0,12,統一-中壢,2023-10-30,5853
2633,台灣高鐵,12,0,12,統一-中壢,2023-10-30,5853
3231,緯創,36,24,12,統一-中壢,2023-10-30,5853
3276,宇環,12,0,12,統一-中壢,2023-10-30,5853
6176,瑞儀,12,0,12,統一-中壢,2023-10-30,5853
006208,富邦台50,11,0,11,統一-中壢,2023-10-30,5853
0056,元大高股息,11,0,11,統一-中壢,2023-10-30,5853
00878,國泰永續高股息,34,23,11,統一-中壢,2023-10-30,5853
3122,笙泉,20,9,11,統一-中壢,2023-10-30,5853
00931B,統一美債20年,48,38,10,統一-中壢,2023-10-30,5853
2337,旺宏,15,5,10,統一-中壢,2023-10-30,5853
00680L,元大美債20正2,10,0,10,統一-中壢,2023-10-30,5853
00673R,期元大S＆P原油反1,10,0,10,統一-中壢,2023-10-30,5853
2885,元大金,10,0,10,統一-中壢,2023-10-30,5853
4529,淳紳,10,0,10,統一-中壢,2023-10-30,5853
2882,國泰金,9,0,9,統一-中壢,2023-10-30,5853
1701,中化,9,0,9,統一-中壢,2023-10-30,5853
5272,笙科,15,6,9,統一-中壢,2023-10-30,5853
3036,文曄,13,5,8,統一-中壢,2023-10-30,5853
5388,中磊,102,0,102,統一-中壢,2023-10-31,5853
5269,祥碩,77,0,77,統一-中壢,2023-10-31,5853
00929,復華台灣科技優息,101,27,74,統一-中壢,2023-10-31,5853
2891,中信金,64,0,64,統一-中壢,2023-10-31,5853
0056,元大高股息,64,1,63,統一-中壢,2023-10-31,5853
00878,國泰永續高股息,67,5,62,統一-中壢,2023-10-31,5853
2883,凱基金,54,0,54,統一-中壢,2023-10-31,5853
2313,華通,66,25,41,統一-中壢,2023-10-31,5853
2485,兆赫,40,2,38,統一-中壢,2023-10-31,5853
3596,智易,37,2,35,統一-中壢,2023-10-31,5853
2303,聯電,45,16,29,統一-中壢,2023-10-31,5853
00715L,期街口布蘭特正2,27,0,27,統一-中壢,2023-10-31,5853
1712,興農,26,0,26,統一-中壢,2023-10-31,5853
6274,台燿,29,3,26,統一-中壢,2023-10-31,5853
2337,旺宏,26,1,25,統一-中壢,2023-10-31,5853
2317,鴻海,40,16,24,統一-中壢,2023-10-31,5853
6443,元晶,30,7,23,統一-中壢,2023-10-31,5853
2301,光寶科,27,5,22,統一-中壢,2023-10-31,5853
3041,揚智,22,0,22,統一-中壢,2023-10-31,5853
4927,泰鼎-KY,21,0,21,統一-中壢,2023-10-31,5853
1605,華新,22,3,19,統一-中壢,2023-10-31,5853
3276,宇環,21,2,19,統一-中壢,2023-10-31,5853
2369,菱生,21,3,18,統一-中壢,2023-10-31,5853
2440,太空梭,14,0,14,統一-中壢,2023-10-31,5853
4737,華廣,14,0,14,統一-中壢,2023-10-31,5853
3231,緯創,37,24,13,統一-中壢,2023-10-31,5853
00679B,元大美債20年,13,0,13,統一-中壢,2023-10-31,5853
00687B,國泰20年美債,23,10,13,統一-中壢,2023-10-31,5853
2383,台光電,12,0,12,統一-中壢,2023-10-31,5853
4934,太極,12,0,12,統一-中壢,2023-10-31,5853
3491,昇達科,13,2,11,統一-中壢,2023-10-31,5853
6120,達運,19,8,11,統一-中壢,2023-10-31,5853
00712,復華富時不動產,10,0,10,統一-中壢,2023-10-31,5853
00924,復華S＆P500成長,10,0,10,統一-中壢,2023-10-31,5853
00933B,國泰10Y+金融債,10,0,10,統一-中壢,2023-10-31,5853
00650L,復華香港正2,10,0,10,統一-中壢,2023-10-31,5853
00764B,群益25年美債,10,0,10,統一-中壢,2023-10-31,5853
1312,國喬,10,0,10,統一-中壢,2023-10-31,5853
2607,榮運,10,0,10,統一-中壢,2023-10-31,5853
3189,景碩,11,1,10,統一-中壢,2023-10-31,5853
00751B,元大AAA至A公司債,9,0,9,統一-中壢,2023-10-31,5853
3380,明泰,10,1,9,統一-中壢,2023-10-31,5853
4529,淳紳,20,11,9,統一-中壢,2023-10-31,5853
4938,和碩,9,0,9,統一-中壢,2023-10-31,5853
5452,佶優,11,2,9,統一-中壢,2023-10-31,5853
6182,合晶,12,3,9,統一-中壢,2023-10-31,5853
1795,美時,18,10,8,統一-中壢,2023-10-31,5853
2388,威盛,13,5,8,統一-中壢,2023-10-31,5853
2601,益航,8,0,8,統一-中壢,2023-10-31,5853
5508,永信建,8,0,8,統一-中壢,2023-10-31,5853
2610,華航,175,15,160,統一-中壢,2023-11-01,5853
2409,友達,151,0,151,統一-中壢,2023-11-01,5853
00929,復華台灣科技優息,150,2,148,統一-中壢,2023-11-01,5853
1815,富喬,124,2,122,統一-中壢,2023-11-01,5853
00712,復華富時不動產,102,1,101,統一-中壢,2023-11-01,5853
3265,台星科,64,4,60,統一-中壢,2023-11-01,5853
2367,燿華,51,0,51,統一-中壢,2023-11-01,5853
00715L,期街口布蘭特正2,41,0,41,統一-中壢,2023-11-01,5853
00680L,元大美債20正2,35,0,35,統一-中壢,2023-11-01,5853
2457,飛宏,37,2,35,統一-中壢,2023-11-01,5853
5269,祥碩,34,3,31,統一-中壢,2023-11-01,5853
2888,新光金,30,0,30,統一-中壢,2023-11-01,5853
00885,富邦越南,28,0,28,統一-中壢,2023-11-01,5853
00934,中信成長高股息,85,57,28,統一-中壢,2023-11-01,5853
0056,元大高股息,26,0,26,統一-中壢,2023-11-01,5853
3596,智易,28,4,24,統一-中壢,2023-11-01,5853
00753L,中信中國50正2,22,0,22,統一-中壢,2023-11-01,5853
3624,光頡,22,0,22,統一-中壢,2023-11-01,5853
5388,中磊,22,0,22,統一-中壢,2023-11-01,5853
00878,國泰永續高股息,32,10,22,統一-中壢,2023-11-01,5853
00665L,富邦�琤肭磪囓�2,27,7,20,統一-中壢,2023-11-01,5853
2317,鴻海,22,4,18,統一-中壢,2023-11-01,5853
00931B,統一美債20年,55,38,17,統一-中壢,2023-11-01,5853
3090,日電貿,17,0,17,統一-中壢,2023-11-01,5853
3014,聯陽,16,0,16,統一-中壢,2023-11-01,5853
1301,台塑,15,0,15,統一-中壢,2023-11-01,5853
00679B,元大美債20年,14,0,14,統一-中壢,2023-11-01,5853
00687B,國泰20年美債,14,0,14,統一-中壢,2023-11-01,5853
6282,康舒,14,0,14,統一-中壢,2023-11-01,5853
2705,六福,13,0,13,統一-中壢,2023-11-01,5853
2442,新美齊,12,0,12,統一-中壢,2023-11-01,5853
2002,中鋼,16,4,12,統一-中壢,2023-11-01,5853
2363,矽統,21,10,11,統一-中壢,2023-11-01,5853
2406,國碩,11,0,11,統一-中壢,2023-11-01,5853
6148,驊宏資,11,0,11,統一-中壢,2023-11-01,5853
6757,台灣虎航,10,0,10,統一-中壢,2023-11-01,5853
2340,台亞,9,0,9,統一-中壢,2023-11-01,5853
3704,合勤控,9,0,9,統一-中壢,2023-11-01,5853
6285,啟��,11,2,9,統一-中壢,2023-11-01,5853
00751B,元大AAA至A公司債,8,0,8,統一-中壢,2023-11-01,5853
2886,兆豐金,8,0,8,統一-中壢,2023-11-01,5853
4167,松瑞藥,8,0,8,統一-中壢,2023-11-01,5853
1605,華新,7,0,7,統一-中壢,2023-11-01,5853
6531,愛普*,9,2,7,統一-中壢,2023-11-01,5853
8044,網家,8,1,7,統一-中壢,2023-11-01,5853
1446,宏和,6,0,6,統一-中壢,2023-11-01,5853
1522,堤維西,6,0,6,統一-中壢,2023-11-01,5853
2369,菱生,6,0,6,統一-中壢,2023-11-01,5853
2883,凱基金,10,4,6,統一-中壢,2023-11-01,5853
3523,迎輝,6,0,6,統一-中壢,2023-11-01,5853
00632R,元大台灣50反1,57,2,55,統一-中壢,2023-11-02,5853
2356,英業達,53,4,49,統一-中壢,2023-11-02,5853
2630,亞航,49,0,49,統一-中壢,2023-11-02,5853
00878,國泰永續高股息,109,61,48,統一-中壢,2023-11-02,5853
00637L,元大滬深300正2,47,0,47,統一-中壢,2023-11-02,5853
3653,健策,51,4,47,統一-中壢,2023-11-02,5853
2883,凱基金,45,0,45,統一-中壢,2023-11-02,5853
6125,廣運,43,0,43,統一-中壢,2023-11-02,5853
3265,台星科,40,0,40,統一-中壢,2023-11-02,5853
2399,映泰,32,0,32,統一-中壢,2023-11-02,5853
3481,群創,42,12,30,統一-中壢,2023-11-02,5853
00935,野村臺灣新科技50,31,8,23,統一-中壢,2023-11-02,5853
6257,矽格,22,0,22,統一-中壢,2023-11-02,5853
5269,祥碩,25,5,20,統一-中壢,2023-11-02,5853
4977,眾達-KY,20,0,20,統一-中壢,2023-11-02,5853
5258,虹堡,26,8,18,統一-中壢,2023-11-02,5853
9958,世紀鋼,19,1,18,統一-中壢,2023-11-02,5853
3094,聯傑,20,4,16,統一-中壢,2023-11-02,5853
00715L,期街口布蘭特正2,15,0,15,統一-中壢,2023-11-02,5853
2328,廣宇,15,0,15,統一-中壢,2023-11-02,5853
2472,立隆電,15,0,15,統一-中壢,2023-11-02,5853
6206,飛捷,15,0,15,統一-中壢,2023-11-02,5853
2543,皇昌,14,1,13,統一-中壢,2023-11-02,5853
6168,宏齊,17,4,13,統一-中壢,2023-11-02,5853
1609,大亞,12,1,11,統一-中壢,2023-11-02,5853
3260,威剛,16,5,11,統一-中壢,2023-11-02,5853
00724B,群益投資級金融債,10,0,10,統一-中壢,2023-11-02,5853
00761B,國泰A級公司債,10,0,10,統一-中壢,2023-11-02,5853
3234,光環,10,0,10,統一-中壢,2023-11-02,5853
3264,欣銓,10,0,10,統一-中壢,2023-11-02,5853
3041,揚智,10,1,9,統一-中壢,2023-11-02,5853
3693,營邦,17,8,9,統一-中壢,2023-11-02,5853
4167,松瑞藥,10,1,9,統一-中壢,2023-11-02,5853
00864B,中信美國公債0-1,8,0,8,統一-中壢,2023-11-02,5853
1809,中釉,8,0,8,統一-中壢,2023-11-02,5853
2801,彰銀,8,0,8,統一-中壢,2023-11-02,5853
1519,華城,13,6,7,統一-中壢,2023-11-02,5853
00642U,期元大S＆P石油,7,0,7,統一-中壢,2023-11-02,5853
1314,中石化,7,0,7,統一-中壢,2023-11-02,5853
2442,新美齊,7,0,7,統一-中壢,2023-11-02,5853
6116,彩晶,7,0,7,統一-中壢,2023-11-02,5853
6147,頎邦,7,0,7,統一-中壢,2023-11-02,5853
2736,富野,6,0,6,統一-中壢,2023-11-02,5853
2892,第一金,6,0,6,統一-中壢,2023-11-02,5853
3081,聯亞,6,0,6,統一-中壢,2023-11-02,5853
2382,廣達,16,10,6,統一-中壢,2023-11-02,5853
00888,永豐台灣ESG,5,0,5,統一-中壢,2023-11-02,5853
00688L,國泰20年美債正2,5,0,5,統一-中壢,2023-11-02,5853
2206,三陽工業,5,0,5,統一-中壢,2023-11-02,5853
2406,國碩,5,0,5,統一-中壢,2023-11-02,5853
00934,中信成長高股息,124,20,104,統一-中壢,2023-11-03,5853
00929,復華台灣科技優息,85,14,71,統一-中壢,2023-11-03,5853
00935,野村臺灣新科技50,60,0,60,統一-中壢,2023-11-03,5853
2356,英業達,54,3,51,統一-中壢,2023-11-03,5853
2427,三商電,52,1,51,統一-中壢,2023-11-03,5853
1815,富喬,235,189,46,統一-中壢,2023-11-03,5853
2363,矽統,87,42,45,統一-中壢,2023-11-03,5853
1524,耿鼎,50,7,43,統一-中壢,2023-11-03,5853
2610,華航,71,31,40,統一-中壢,2023-11-03,5853
00878,國泰永續高股息,38,0,38,統一-中壢,2023-11-03,5853
2317,鴻海,44,6,38,統一-中壢,2023-11-03,5853
2458,義隆,33,10,23,統一-中壢,2023-11-03,5853
4915,致伸,21,1,20,統一-中壢,2023-11-03,5853
5315,光聯,20,0,20,統一-中壢,2023-11-03,5853
3265,台星科,20,1,19,統一-中壢,2023-11-03,5853
00850,元大臺灣ESG永續,15,0,15,統一-中壢,2023-11-03,5853
2442,新美齊,15,0,15,統一-中壢,2023-11-03,5853
6217,中探針,15,0,15,統一-中壢,2023-11-03,5853
6770,力積電,30,15,15,統一-中壢,2023-11-03,5853
3078,僑威,17,3,14,統一-中壢,2023-11-03,5853
1802,台玻,19,6,13,統一-中壢,2023-11-03,5853
5381,合正,13,0,13,統一-中壢,2023-11-03,5853
3704,合勤控,26,14,12,統一-中壢,2023-11-03,5853
00931B,統一美債20年,40,28,12,統一-中壢,2023-11-03,5853
8016,矽創,12,1,11,統一-中壢,2023-11-03,5853
6292,迅德,13,2,11,統一-中壢,2023-11-03,5853
6703,軒郁,13,2,11,統一-中壢,2023-11-03,5853
2884,玉山金,15,4,11,統一-中壢,2023-11-03,5853
4147,中裕,10,0,10,統一-中壢,2023-11-03,5853
2390,云辰,12,2,10,統一-中壢,2023-11-03,5853
2472,立隆電,10,0,10,統一-中壢,2023-11-03,5853
2855,統一證,10,0,10,統一-中壢,2023-11-03,5853
4108,懷特,10,0,10,統一-中壢,2023-11-03,5853
2376,技嘉,20,11,9,統一-中壢,2023-11-03,5853
2617,台航,10,1,9,統一-中壢,2023-11-03,5853
00720B,元大投資級公司債,9,0,9,統一-中壢,2023-11-03,5853
3260,威剛,11,3,8,統一-中壢,2023-11-03,5853
5904,寶雅,8,0,8,統一-中壢,2023-11-03,5853
6155,鈞寶,8,0,8,統一-中壢,2023-11-03,5853
6530,創威,8,0,8,統一-中壢,2023-11-03,5853
8046,南電,8,1,7,統一-中壢,2023-11-03,5853
2328,廣宇,7,0,7,統一-中壢,2023-11-03,5853
2882,國泰金,9,2,7,統一-中壢,2023-11-03,5853
3169,亞信,7,0,7,統一-中壢,2023-11-03,5853
3213,茂訊,7,0,7,統一-中壢,2023-11-03,5853
2885,元大金,10,3,7,統一-中壢,2023-11-03,5853
9958,世紀鋼,7,1,6,統一-中壢,2023-11-03,5853
00679B,元大美債20年,6,0,6,統一-中壢,2023-11-03,5853
00632R,元大台灣50反1,8,2,6,統一-中壢,2023-11-03,5853
2383,台光電,8,2,6,統一-中壢,2023-11-03,5853
00632R,元大台灣50反1,85,10,75,統一-中壢,2023-11-06,5853
00715L,期街口布蘭特正2,59,0,59,統一-中壢,2023-11-06,5853
00934,中信成長高股息,45,0,45,統一-中壢,2023-11-06,5853
00878,國泰永續高股息,53,14,39,統一-中壢,2023-11-06,5853
00900,富邦特選高股息30,57,21,36,統一-中壢,2023-11-06,5853
2329,華泰,34,1,33,統一-中壢,2023-11-06,5853
1721,三晃,36,4,32,統一-中壢,2023-11-06,5853
00919,群益台灣精選高息,51,24,27,統一-中壢,2023-11-06,5853
2610,華航,57,32,25,統一-中壢,2023-11-06,5853
2356,英業達,26,3,23,統一-中壢,2023-11-06,5853
4906,正文,24,1,23,統一-中壢,2023-11-06,5853
2317,鴻海,33,10,23,統一-中壢,2023-11-06,5853
3231,緯創,91,69,22,統一-中壢,2023-11-06,5853
00751B,元大AAA至A公司債,21,0,21,統一-中壢,2023-11-06,5853
1714,和桐,20,0,20,統一-中壢,2023-11-06,5853
3265,台星科,40,21,19,統一-中壢,2023-11-06,5853
6603,富強鑫,23,5,18,統一-中壢,2023-11-06,5853
00850,元大臺灣ESG永續,16,0,16,統一-中壢,2023-11-06,5853
2618,長榮航,55,39,16,統一-中壢,2023-11-06,5853
00929,復華台灣科技優息,97,82,15,統一-中壢,2023-11-06,5853
2328,廣宇,13,0,13,統一-中壢,2023-11-06,5853
2031,新光鋼,12,0,12,統一-中壢,2023-11-06,5853
2427,三商電,21,9,12,統一-中壢,2023-11-06,5853
3260,威剛,13,1,12,統一-中壢,2023-11-06,5853
3287,廣寰科,12,0,12,統一-中壢,2023-11-06,5853
8155,博智,15,3,12,統一-中壢,2023-11-06,5853
2332,友訊,11,0,11,統一-中壢,2023-11-06,5853
2855,統一證,11,0,11,統一-中壢,2023-11-06,5853
3704,合勤控,22,11,11,統一-中壢,2023-11-06,5853
6016,康和證,11,0,11,統一-中壢,2023-11-06,5853
00752,中信中國50,10,0,10,統一-中壢,2023-11-06,5853
00935,野村臺灣新科技50,20,10,10,統一-中壢,2023-11-06,5853
2354,鴻準,10,0,10,統一-中壢,2023-11-06,5853
2442,新美齊,17,7,10,統一-中壢,2023-11-06,5853
3090,日電貿,10,0,10,統一-中壢,2023-11-06,5853
3540,曜越,10,0,10,統一-中壢,2023-11-06,5853
4960,誠美材,10,0,10,統一-中壢,2023-11-06,5853
6182,合晶,26,16,10,統一-中壢,2023-11-06,5853
6202,盛群,10,0,10,統一-中壢,2023-11-06,5853
6657,華安,10,0,10,統一-中壢,2023-11-06,5853
00687B,國泰20年美債,13,4,9,統一-中壢,2023-11-06,5853
6143,振曜,11,2,9,統一-中壢,2023-11-06,5853
6196,帆宣,9,0,9,統一-中壢,2023-11-06,5853
3596,智易,10,1,9,統一-中壢,2023-11-06,5853
2388,威盛,36,28,8,統一-中壢,2023-11-06,5853
2441,超豐,8,0,8,統一-中壢,2023-11-06,5853
3450,聯鈞,12,4,8,統一-中壢,2023-11-06,5853
6112,邁達特,8,0,8,統一-中壢,2023-11-06,5853
8039,台虹,10,2,8,統一-中壢,2023-11-06,5853
00642U,期元大S＆P石油,7,0,7,統一-中壢,2023-11-06,5853
00632R,元大台灣50反1,85,0,85,統一-中壢,2023-11-07,5853
2492,華新科,88,13,75,統一-中壢,2023-11-07,5853
8110,華東,72,0,72,統一-中壢,2023-11-07,5853
00931B,統一美債20年,124,62,62,統一-中壢,2023-11-07,5853
2317,鴻海,45,1,44,統一-中壢,2023-11-07,5853
6167,久正,42,0,42,統一-中壢,2023-11-07,5853
2409,友達,44,5,39,統一-中壢,2023-11-07,5853
00715L,期街口布蘭特正2,37,0,37,統一-中壢,2023-11-07,5853
1810,和成,55,20,35,統一-中壢,2023-11-07,5853
2498,宏達電,34,0,34,統一-中壢,2023-11-07,5853
6593,台灣銘板,30,0,30,統一-中壢,2023-11-07,5853
2303,聯電,37,12,25,統一-中壢,2023-11-07,5853
1101,台泥,23,0,23,統一-中壢,2023-11-07,5853
00878,國泰永續高股息,22,0,22,統一-中壢,2023-11-07,5853
4147,中裕,31,10,21,統一-中壢,2023-11-07,5853
2486,一詮,19,0,19,統一-中壢,2023-11-07,5853
2610,華航,19,2,17,統一-中壢,2023-11-07,5853
00929,復華台灣科技優息,23,7,16,統一-中壢,2023-11-07,5853
00637L,元大滬深300正2,15,0,15,統一-中壢,2023-11-07,5853
2485,兆赫,15,0,15,統一-中壢,2023-11-07,5853
2002,中鋼,14,1,13,統一-中壢,2023-11-07,5853
3704,合勤控,14,1,13,統一-中壢,2023-11-07,5853
2408,南亞科,21,9,12,統一-中壢,2023-11-07,5853
4961,天鈺,11,0,11,統一-中壢,2023-11-07,5853
5351,鈺創,15,4,11,統一-中壢,2023-11-07,5853
00642U,期元大S＆P石油,11,0,11,統一-中壢,2023-11-07,5853
2421,建準,11,0,11,統一-中壢,2023-11-07,5853
3081,聯亞,11,0,11,統一-中壢,2023-11-07,5853
3596,智易,14,3,11,統一-中壢,2023-11-07,5853
4164,承業醫,13,2,11,統一-中壢,2023-11-07,5853
6901,鑽石投資,11,0,11,統一-中壢,2023-11-07,5853
00893,國泰智能電動車,10,0,10,統一-中壢,2023-11-07,5853
00753L,中信中國50正2,10,0,10,統一-中壢,2023-11-07,5853
1529,樂事綠能,10,0,10,統一-中壢,2023-11-07,5853
1568,倉佑,10,0,10,統一-中壢,2023-11-07,5853
2453,凌群,25,15,10,統一-中壢,2023-11-07,5853
3339,泰谷,10,0,10,統一-中壢,2023-11-07,5853
4934,太極,10,0,10,統一-中壢,2023-11-07,5853
8916,光隆,10,0,10,統一-中壢,2023-11-07,5853
00934,中信成長高股息,9,0,9,統一-中壢,2023-11-07,5853
2014,中鴻,9,0,9,統一-中壢,2023-11-07,5853
2359,所羅門,8,0,8,統一-中壢,2023-11-07,5853
1324,地球,8,0,8,統一-中壢,2023-11-07,5853
2344,華邦電,10,2,8,統一-中壢,2023-11-07,5853
0056,元大高股息,10,3,7,統一-中壢,2023-11-07,5853
2816,旺旺保,9,2,7,統一-中壢,2023-11-07,5853
2883,凱基金,7,0,7,統一-中壢,2023-11-07,5853
2313,華通,8,2,6,統一-中壢,2023-11-07,5853
2331,精英,6,0,6,統一-中壢,2023-11-07,5853
2882,國泰金,6,0,6,統一-中壢,2023-11-07,5853
2409,友達,410,0,410,統一-中壢,2023-11-08,5853
2845,遠東銀,101,0,101,統一-中壢,2023-11-08,5853
00715L,期街口布蘭特正2,94,1,93,統一-中壢,2023-11-08,5853
6933,AMAX-KY,100,12,88,統一-中壢,2023-11-08,5853
2367,燿華,83,0,83,統一-中壢,2023-11-08,5853
00632R,元大台灣50反1,70,0,70,統一-中壢,2023-11-08,5853
1815,富喬,140,78,62,統一-中壢,2023-11-08,5853
2303,聯電,52,10,42,統一-中壢,2023-11-08,5853
3231,緯創,106,66,40,統一-中壢,2023-11-08,5853
5871,中租-KY,40,2,38,統一-中壢,2023-11-08,5853
2614,東森,40,4,36,統一-中壢,2023-11-08,5853
2610,華航,25,1,24,統一-中壢,2023-11-08,5853
5880,合庫金,21,0,21,統一-中壢,2023-11-08,5853
2892,第一金,20,0,20,統一-中壢,2023-11-08,5853
2891,中信金,31,12,19,統一-中壢,2023-11-08,5853
3545,敦泰,18,2,16,統一-中壢,2023-11-08,5853
1339,昭輝,15,0,15,統一-中壢,2023-11-08,5853
5347,世界,16,1,15,統一-中壢,2023-11-08,5853
00885,富邦越南,14,0,14,統一-中壢,2023-11-08,5853
2331,精英,15,1,14,統一-中壢,2023-11-08,5853
00642U,期元大S＆P石油,13,0,13,統一-中壢,2023-11-08,5853
00680L,元大美債20正2,25,12,13,統一-中壢,2023-11-08,5853
5009,榮剛,13,0,13,統一-中壢,2023-11-08,5853
1314,中石化,12,0,12,統一-中壢,2023-11-08,5853
2743,山富,13,2,11,統一-中壢,2023-11-08,5853
6901,鑽石投資,21,10,11,統一-中壢,2023-11-08,5853
00720B,元大投資級公司債,15,5,10,統一-中壢,2023-11-08,5853
1471,首利,10,0,10,統一-中壢,2023-11-08,5853
2515,中工,10,0,10,統一-中壢,2023-11-08,5853
3339,泰谷,10,0,10,統一-中壢,2023-11-08,5853
8088,品安,10,0,10,統一-中壢,2023-11-08,5853
6523,達爾膚,10,0,10,統一-中壢,2023-11-08,5853
2609,陽明,10,1,9,統一-中壢,2023-11-08,5853
3260,威剛,11,2,9,統一-中壢,2023-11-08,5853
2332,友訊,10,1,9,統一-中壢,2023-11-08,5853
2402,毅嘉,9,0,9,統一-中壢,2023-11-08,5853
2388,威盛,13,5,8,統一-中壢,2023-11-08,5853
00936,台新永續高息中小,68,60,8,統一-中壢,2023-11-08,5853
00688L,國泰20年美債正2,8,0,8,統一-中壢,2023-11-08,5853
2498,宏達電,10,2,8,統一-中壢,2023-11-08,5853
6224,聚鼎,8,0,8,統一-中壢,2023-11-08,5853
2401,凌陽,8,0,8,統一-中壢,2023-11-08,5853
6285,啟��,8,1,7,統一-中壢,2023-11-08,5853
00915,凱基優選高股息30,7,0,7,統一-中壢,2023-11-08,5853
2383,台光電,8,1,7,統一-中壢,2023-11-08,5853
2816,旺旺保,9,2,7,統一-中壢,2023-11-08,5853
3406,玉晶光,7,0,7,統一-中壢,2023-11-08,5853
4128,中天,12,5,7,統一-中壢,2023-11-08,5853
2421,建準,15,8,7,統一-中壢,2023-11-08,5853
4147,中裕,10,4,6,統一-中壢,2023-11-08,5853
00929,復華台灣科技優息,159,2,157,統一-中壢,2023-11-09,5853
1815,富喬,99,4,95,統一-中壢,2023-11-09,5853
00936,台新永續高息中小,63,0,63,統一-中壢,2023-11-09,5853
00715L,期街口布蘭特正2,56,0,56,統一-中壢,2023-11-09,5853
00753L,中信中國50正2,51,0,51,統一-中壢,2023-11-09,5853
3704,合勤控,42,0,42,統一-中壢,2023-11-09,5853
00637L,元大滬深300正2,27,0,27,統一-中壢,2023-11-09,5853
2367,燿華,27,0,27,統一-中壢,2023-11-09,5853
2618,長榮航,46,19,27,統一-中壢,2023-11-09,5853
2903,遠百,25,0,25,統一-中壢,2023-11-09,5853
00878,國泰永續高股息,37,13,24,統一-中壢,2023-11-09,5853
2324,仁寶,22,0,22,統一-中壢,2023-11-09,5853
00934,中信成長高股息,21,0,21,統一-中壢,2023-11-09,5853
2303,聯電,22,1,21,統一-中壢,2023-11-09,5853
3260,威剛,35,15,20,統一-中壢,2023-11-09,5853
1339,昭輝,20,0,20,統一-中壢,2023-11-09,5853
2331,精英,26,6,20,統一-中壢,2023-11-09,5853
1714,和桐,20,1,19,統一-中壢,2023-11-09,5853
3036,文曄,21,2,19,統一-中壢,2023-11-09,5853
2337,旺宏,18,0,18,統一-中壢,2023-11-09,5853
2329,華泰,51,34,17,統一-中壢,2023-11-09,5853
6901,鑽石投資,20,3,17,統一-中壢,2023-11-09,5853
00642U,期元大S＆P石油,16,0,16,統一-中壢,2023-11-09,5853
6190,萬泰科,16,0,16,統一-中壢,2023-11-09,5853
5347,世界,14,0,14,統一-中壢,2023-11-09,5853
3122,笙泉,52,38,14,統一-中壢,2023-11-09,5853
4147,中裕,12,0,12,統一-中壢,2023-11-09,5853
4532,瑞智,12,0,12,統一-中壢,2023-11-09,5853
4743,合一,16,4,12,統一-中壢,2023-11-09,5853
1519,華城,13,2,11,統一-中壢,2023-11-09,5853
00713,元大台灣高息低波,11,0,11,統一-中壢,2023-11-09,5853
6285,啟��,12,2,10,統一-中壢,2023-11-09,5853
1522,堤維西,10,0,10,統一-中壢,2023-11-09,5853
2059,川湖,10,0,10,統一-中壢,2023-11-09,5853
2492,華新科,15,5,10,統一-中壢,2023-11-09,5853
2614,東森,10,0,10,統一-中壢,2023-11-09,5853
3264,欣銓,10,0,10,統一-中壢,2023-11-09,5853
6139,亞翔,11,1,10,統一-中壢,2023-11-09,5853
6243,迅杰,10,0,10,統一-中壢,2023-11-09,5853
6757,台灣虎航,10,0,10,統一-中壢,2023-11-09,5853
00772B,中信高評級公司債,9,0,9,統一-中壢,2023-11-09,5853
00882,中信中國高股息,9,0,9,統一-中壢,2023-11-09,5853
2313,華通,12,3,9,統一-中壢,2023-11-09,5853
2399,映泰,17,8,9,統一-中壢,2023-11-09,5853
3041,揚智,17,8,9,統一-中壢,2023-11-09,5853
6933,AMAX-KY,9,0,9,統一-中壢,2023-11-09,5853
8112,至上,11,2,9,統一-中壢,2023-11-09,5853
2323,中環,8,0,8,統一-中壢,2023-11-09,5853
2405,輔信,12,4,8,統一-中壢,2023-11-09,5853
3624,光頡,8,0,8,統一-中壢,2023-11-09,5853
00679B,元大美債20年,90,6,84,統一-中壢,2023-11-10,5853
00632R,元大台灣50反1,61,0,61,統一-中壢,2023-11-10,5853
00680L,元大美債20正2,61,0,61,統一-中壢,2023-11-10,5853
00929,復華台灣科技優息,58,9,49,統一-中壢,2023-11-10,5853
3231,緯創,66,19,47,統一-中壢,2023-11-10,5853
2421,建準,34,0,34,統一-中壢,2023-11-10,5853
00931B,統一美債20年,35,2,33,統一-中壢,2023-11-10,5853
1815,富喬,39,7,32,統一-中壢,2023-11-10,5853
00878,國泰永續高股息,44,13,31,統一-中壢,2023-11-10,5853
2603,長榮,31,0,31,統一-中壢,2023-11-10,5853
2618,長榮航,52,21,31,統一-中壢,2023-11-10,5853
2201,裕隆,30,0,30,統一-中壢,2023-11-10,5853
00936,台新永續高息中小,27,1,26,統一-中壢,2023-11-10,5853
00753L,中信中國50正2,25,0,25,統一-中壢,2023-11-10,5853
2388,威盛,28,5,23,統一-中壢,2023-11-10,5853
00692,富邦公司治理,20,0,20,統一-中壢,2023-11-10,5853
2888,新光金,20,0,20,統一-中壢,2023-11-10,5853
6446,藥華藥,21,2,19,統一-中壢,2023-11-10,5853
00687B,國泰20年美債,19,0,19,統一-中壢,2023-11-10,5853
2387,精元,18,0,18,統一-中壢,2023-11-10,5853
00673R,期元大S＆P原油反1,20,3,17,統一-中壢,2023-11-10,5853
6768,志強-KY,17,0,17,統一-中壢,2023-11-10,5853
00897,富邦基因免疫生技,15,0,15,統一-中壢,2023-11-10,5853
3535,晶彩科,15,0,15,統一-中壢,2023-11-10,5853
00751B,元大AAA至A公司債,14,0,14,統一-中壢,2023-11-10,5853
6933,AMAX-KY,13,0,13,統一-中壢,2023-11-10,5853
00650L,復華香港正2,13,0,13,統一-中壢,2023-11-10,5853
00934,中信成長高股息,13,0,13,統一-中壢,2023-11-10,5853
2736,富野,16,4,12,統一-中壢,2023-11-10,5853
3596,智易,12,0,12,統一-中壢,2023-11-10,5853
6016,康和證,16,4,12,統一-中壢,2023-11-10,5853
00919,群益台灣精選高息,11,0,11,統一-中壢,2023-11-10,5853
2412,中華電,11,0,11,統一-中壢,2023-11-10,5853
1732,毛寶,10,0,10,統一-中壢,2023-11-10,5853
00665L,富邦�琤肭磪囓�2,10,0,10,統一-中壢,2023-11-10,5853
00898,國泰基因免疫革命,10,0,10,統一-中壢,2023-11-10,5853
00935,野村臺灣新科技50,10,0,10,統一-中壢,2023-11-10,5853
2390,云辰,10,0,10,統一-中壢,2023-11-10,5853
2399,映泰,10,0,10,統一-中壢,2023-11-10,5853
2605,新興,10,0,10,統一-中壢,2023-11-10,5853
4533,協易機,21,11,10,統一-中壢,2023-11-10,5853
8916,光隆,10,0,10,統一-中壢,2023-11-10,5853
4961,天鈺,9,0,9,統一-中壢,2023-11-10,5853
2903,遠百,10,1,9,統一-中壢,2023-11-10,5853
3013,晟銘電,9,0,9,統一-中壢,2023-11-10,5853
6593,台灣銘板,9,0,9,統一-中壢,2023-11-10,5853
2382,廣達,10,2,8,統一-中壢,2023-11-10,5853
2337,旺宏,9,1,8,統一-中壢,2023-11-10,5853
2610,華航,8,0,8,統一-中壢,2023-11-10,5853
3041,揚智,14,6,8,統一-中壢,2023-11-10,5853
00632R,元大台灣50反1,685,1,684,統一-中壢,2023-11-13,5853
2409,友達,250,0,250,統一-中壢,2023-11-13,5853
00878,國泰永續高股息,141,40,101,統一-中壢,2023-11-13,5853
00680L,元大美債20正2,55,0,55,統一-中壢,2023-11-13,5853
6139,亞翔,54,2,52,統一-中壢,2023-11-13,5853
2369,菱生,62,16,46,統一-中壢,2023-11-13,5853
2618,長榮航,54,14,40,統一-中壢,2023-11-13,5853
6933,AMAX-KY,36,2,34,統一-中壢,2023-11-13,5853
8147,正淩,30,0,30,統一-中壢,2023-11-13,5853
00795B,中信美國公債20年,27,0,27,統一-中壢,2023-11-13,5853
00687B,國泰20年美債,24,0,24,統一-中壢,2023-11-13,5853
6412,群電,28,5,23,統一-中壢,2023-11-13,5853
8916,光隆,23,0,23,統一-中壢,2023-11-13,5853
2329,華泰,60,37,23,統一-中壢,2023-11-13,5853
2603,長榮,22,0,22,統一-中壢,2023-11-13,5853
2382,廣達,32,10,22,統一-中壢,2023-11-13,5853
2891,中信金,23,1,22,統一-中壢,2023-11-13,5853
00679B,元大美債20年,24,3,21,統一-中壢,2023-11-13,5853
3036,文曄,21,1,20,統一-中壢,2023-11-13,5853
3287,廣寰科,20,0,20,統一-中壢,2023-11-13,5853
00751B,元大AAA至A公司債,20,0,20,統一-中壢,2023-11-13,5853
3308,聯德,20,1,19,統一-中壢,2023-11-13,5853
2542,興富發,16,0,16,統一-中壢,2023-11-13,5853
2903,遠百,15,0,15,統一-中壢,2023-11-13,5853
6143,振曜,30,16,14,統一-中壢,2023-11-13,5853
6290,良維,18,6,12,統一-中壢,2023-11-13,5853
1522,堤維西,12,0,12,統一-中壢,2023-11-13,5853
2408,南亞科,17,5,12,統一-中壢,2023-11-13,5853
8163,達方,13,1,12,統一-中壢,2023-11-13,5853
2492,華新科,12,1,11,統一-中壢,2023-11-13,5853
2201,裕隆,11,0,11,統一-中壢,2023-11-13,5853
2399,映泰,11,0,11,統一-中壢,2023-11-13,5853
1101,台泥,10,0,10,統一-中壢,2023-11-13,5853
1723,中碳,10,0,10,統一-中壢,2023-11-13,5853
2102,泰豐,10,0,10,統一-中壢,2023-11-13,5853
2352,佳世達,10,0,10,統一-中壢,2023-11-13,5853
3276,宇環,12,2,10,統一-中壢,2023-11-13,5853
4915,致伸,10,0,10,統一-中壢,2023-11-13,5853
2884,玉山金,13,4,9,統一-中壢,2023-11-13,5853
00882,中信中國高股息,9,0,9,統一-中壢,2023-11-13,5853
8155,博智,9,0,9,統一-中壢,2023-11-13,5853
6202,盛群,8,0,8,統一-中壢,2023-11-13,5853
4128,中天,10,2,8,統一-中壢,2023-11-13,5853
00633L,富邦上証正2,7,0,7,統一-中壢,2023-11-13,5853
00933B,國泰10Y+金融債,7,0,7,統一-中壢,2023-11-13,5853
1582,信錦,7,0,7,統一-中壢,2023-11-13,5853
2607,榮運,14,7,7,統一-中壢,2023-11-13,5853
4167,松瑞藥,10,3,7,統一-中壢,2023-11-13,5853
8076,伍豐,7,0,7,統一-中壢,2023-11-13,5853
3483,力致,8,2,6,統一-中壢,2023-11-13,5853
9945,潤泰新,109,1,108,統一-中壢,2023-11-14,5853
00680L,元大美債20正2,100,0,100,統一-中壢,2023-11-14,5853
2867,三商壽,100,0,100,統一-中壢,2023-11-14,5853
6933,AMAX-KY,90,1,89,統一-中壢,2023-11-14,5853
00679B,元大美債20年,74,3,71,統一-中壢,2023-11-14,5853
00929,復華台灣科技優息,65,6,59,統一-中壢,2023-11-14,5853
2401,凌陽,52,2,50,統一-中壢,2023-11-14,5853
00931B,統一美債20年,69,21,48,統一-中壢,2023-11-14,5853
2337,旺宏,50,5,45,統一-中壢,2023-11-14,5853
2363,矽統,133,89,44,統一-中壢,2023-11-14,5853
6901,鑽石投資,36,0,36,統一-中壢,2023-11-14,5853
3231,緯創,64,30,34,統一-中壢,2023-11-14,5853
5452,佶優,34,1,33,統一-中壢,2023-11-14,5853
8176,智捷,28,0,28,統一-中壢,2023-11-14,5853
00933B,國泰10Y+金融債,28,1,27,統一-中壢,2023-11-14,5853
3704,合勤控,28,1,27,統一-中壢,2023-11-14,5853
2303,聯電,37,11,26,統一-中壢,2023-11-14,5853
1101,台泥,21,0,21,統一-中壢,2023-11-14,5853
00753L,中信中國50正2,23,3,20,統一-中壢,2023-11-14,5853
5871,中租-KY,20,0,20,統一-中壢,2023-11-14,5853
5483,中美晶,20,2,18,統一-中壢,2023-11-14,5853
1815,富喬,21,3,18,統一-中壢,2023-11-14,5853
1504,東元,23,6,17,統一-中壢,2023-11-14,5853
2329,華泰,63,47,16,統一-中壢,2023-11-14,5853
00927,群益半導體收益,15,0,15,統一-中壢,2023-11-14,5853
6757,台灣虎航,15,0,15,統一-中壢,2023-11-14,5853
2485,兆赫,27,13,14,統一-中壢,2023-11-14,5853
3051,力特,14,0,14,統一-中壢,2023-11-14,5853
00632R,元大台灣50反1,26,13,13,統一-中壢,2023-11-14,5853
2102,泰豐,15,2,13,統一-中壢,2023-11-14,5853
2402,毅嘉,18,5,13,統一-中壢,2023-11-14,5853
2736,富野,14,1,13,統一-中壢,2023-11-14,5853
3406,玉晶光,13,0,13,統一-中壢,2023-11-14,5853
2354,鴻準,12,0,12,統一-中壢,2023-11-14,5853
8088,品安,16,4,12,統一-中壢,2023-11-14,5853
3006,晶豪科,15,4,11,統一-中壢,2023-11-14,5853
00692,富邦公司治理,10,0,10,統一-中壢,2023-11-14,5853
1810,和成,10,0,10,統一-中壢,2023-11-14,5853
3339,泰谷,10,0,10,統一-中壢,2023-11-14,5853
3521,鴻翊,10,0,10,統一-中壢,2023-11-14,5853
4960,誠美材,10,0,10,統一-中壢,2023-11-14,5853
8942,森鉅,10,0,10,統一-中壢,2023-11-14,5853
9904,寶成,10,0,10,統一-中壢,2023-11-14,5853
2887,台新金,10,0,10,統一-中壢,2023-11-14,5853
00934,中信成長高股息,10,1,9,統一-中壢,2023-11-14,5853
2331,精英,11,2,9,統一-中壢,2023-11-14,5853
8403,盛弘,9,0,9,統一-中壢,2023-11-14,5853
2603,長榮,14,5,9,統一-中壢,2023-11-14,5853
2834,臺企銀,9,0,9,統一-中壢,2023-11-14,5853
00637L,元大滬深300正2,8,0,8,統一-中壢,2023-11-14,5853
00933B,國泰10Y+金融債,600,0,600,統一-中壢,2023-11-15,5853
1815,富喬,260,4,256,統一-中壢,2023-11-15,5853
6933,AMAX-KY,100,0,100,統一-中壢,2023-11-15,5853
00878,國泰永續高股息,140,46,94,統一-中壢,2023-11-15,5853
00632R,元大台灣50反1,92,5,87,統一-中壢,2023-11-15,5853
00712,復華富時不動產,101,26,75,統一-中壢,2023-11-15,5853
2867,三商壽,61,0,61,統一-中壢,2023-11-15,5853
5388,中磊,40,0,40,統一-中壢,2023-11-15,5853
6143,振曜,38,0,38,統一-中壢,2023-11-15,5853
6219,富旺,38,0,38,統一-中壢,2023-11-15,5853
3545,敦泰,42,12,30,統一-中壢,2023-11-15,5853
2317,鴻海,33,9,24,統一-中壢,2023-11-15,5853
2323,中環,24,0,24,統一-中壢,2023-11-15,5853
6757,台灣虎航,20,0,20,統一-中壢,2023-11-15,5853
00894,中信小資高價30,18,0,18,統一-中壢,2023-11-15,5853
5452,佶優,18,0,18,統一-中壢,2023-11-15,5853
6901,鑽石投資,28,10,18,統一-中壢,2023-11-15,5853
3231,緯創,84,66,18,統一-中壢,2023-11-15,5853
6133,金橋,20,4,16,統一-中壢,2023-11-15,5853
2820,華票,15,0,15,統一-中壢,2023-11-15,5853
00927,群益半導體收益,15,0,15,統一-中壢,2023-11-15,5853
2887,台新金,13,0,13,統一-中壢,2023-11-15,5853
2371,大同,12,0,12,統一-中壢,2023-11-15,5853
3526,凡甲,12,0,12,統一-中壢,2023-11-15,5853
00929,復華台灣科技優息,55,44,11,統一-中壢,2023-11-15,5853
00891,中信關鍵半導體,11,0,11,統一-中壢,2023-11-15,5853
4763,材料-KY,11,1,10,統一-中壢,2023-11-15,5853
2367,燿華,10,0,10,統一-中壢,2023-11-15,5853
2472,立隆電,10,0,10,統一-中壢,2023-11-15,5853
3356,奇偶,10,0,10,統一-中壢,2023-11-15,5853
3596,智易,10,0,10,統一-中壢,2023-11-15,5853
4909,新復興,10,0,10,統一-中壢,2023-11-15,5853
5274,信驊,10,0,10,統一-中壢,2023-11-15,5853
6412,群電,10,0,10,統一-中壢,2023-11-15,5853
8936,國統,10,0,10,統一-中壢,2023-11-15,5853
6290,良維,12,2,10,統一-中壢,2023-11-15,5853
6122,擎邦,11,1,10,統一-中壢,2023-11-15,5853
1810,和成,9,0,9,統一-中壢,2023-11-15,5853
2329,華泰,60,51,9,統一-中壢,2023-11-15,5853
2355,敬鵬,9,1,8,統一-中壢,2023-11-15,5853
4974,亞泰,8,0,8,統一-中壢,2023-11-15,5853
6120,達運,10,2,8,統一-中壢,2023-11-15,5853
2356,英業達,14,7,7,統一-中壢,2023-11-15,5853
2498,宏達電,6,0,6,統一-中壢,2023-11-15,5853
3036,文曄,8,2,6,統一-中壢,2023-11-15,5853
4906,正文,6,0,6,統一-中壢,2023-11-15,5853
6223,旺矽,6,0,6,統一-中壢,2023-11-15,5853
00673R,期元大S＆P原油反1,5,0,5,統一-中壢,2023-11-15,5853
1713,國化,5,0,5,統一-中壢,2023-11-15,5853
2486,一詮,6,1,5,統一-中壢,2023-11-15,5853
1504,東元,72,1,71,統一-中壢,2023-11-16,5853
00679B,元大美債20年,63,0,63,統一-中壢,2023-11-16,5853
00680L,元大美債20正2,63,0,63,統一-中壢,2023-11-16,5853
6933,AMAX-KY,73,10,63,統一-中壢,2023-11-16,5853
00919,群益台灣精選高息,67,13,54,統一-中壢,2023-11-16,5853
2630,亞航,51,1,50,統一-中壢,2023-11-16,5853
6109,亞元,45,0,45,統一-中壢,2023-11-16,5853
00632R,元大台灣50反1,40,0,40,統一-中壢,2023-11-16,5853
00934,中信成長高股息,40,0,40,統一-中壢,2023-11-16,5853
2303,聯電,35,0,35,統一-中壢,2023-11-16,5853
00637L,元大滬深300正2,135,104,31,統一-中壢,2023-11-16,5853
00921,兆豐龍頭等權重,28,0,28,統一-中壢,2023-11-16,5853
00878,國泰永續高股息,57,32,25,統一-中壢,2023-11-16,5853
00918,大華優利高填息30,24,0,24,統一-中壢,2023-11-16,5853
6695,芯鼎,27,3,24,統一-中壢,2023-11-16,5853
00915,凱基優選高股息30,23,0,23,統一-中壢,2023-11-16,5853
8112,至上,21,0,21,統一-中壢,2023-11-16,5853
5871,中租-KY,21,0,21,統一-中壢,2023-11-16,5853
00715L,期街口布蘭特正2,20,0,20,統一-中壢,2023-11-16,5853
00933B,國泰10Y+金融債,20,0,20,統一-中壢,2023-11-16,5853
1324,地球,20,0,20,統一-中壢,2023-11-16,5853
2102,泰豐,20,0,20,統一-中壢,2023-11-16,5853
3231,緯創,48,29,19,統一-中壢,2023-11-16,5853
2356,英業達,35,16,19,統一-中壢,2023-11-16,5853
00687B,國泰20年美債,17,0,17,統一-中壢,2023-11-16,5853
2010,春源,15,0,15,統一-中壢,2023-11-16,5853
2023,燁輝,15,0,15,統一-中壢,2023-11-16,5853
00885,富邦越南,23,9,14,統一-中壢,2023-11-16,5853
2317,鴻海,22,8,14,統一-中壢,2023-11-16,5853
8155,博智,12,0,12,統一-中壢,2023-11-16,5853
2545,皇翔,12,0,12,統一-中壢,2023-11-16,5853
00888,永豐台灣ESG,11,0,11,統一-中壢,2023-11-16,5853
3006,晶豪科,24,13,11,統一-中壢,2023-11-16,5853
6133,金橋,11,0,11,統一-中壢,2023-11-16,5853
00764B,群益25年美債,10,0,10,統一-中壢,2023-11-16,5853
2038,海光,10,0,10,統一-中壢,2023-11-16,5853
2702,華園,10,0,10,統一-中壢,2023-11-16,5853
6185,幃翔,10,0,10,統一-中壢,2023-11-16,5853
2486,一詮,10,1,9,統一-中壢,2023-11-16,5853
00665L,富邦�琤肭磪囓�2,20,11,9,統一-中壢,2023-11-16,5853
00922,國泰台灣領袖50,10,1,9,統一-中壢,2023-11-16,5853
2731,雄獅,12,3,9,統一-中壢,2023-11-16,5853
5364,力麗店,9,0,9,統一-中壢,2023-11-16,5853
9802,鈺齊-KY,8,0,8,統一-中壢,2023-11-16,5853
3260,威剛,17,9,8,統一-中壢,2023-11-16,5853
2888,新光金,10,2,8,統一-中壢,2023-11-16,5853
9958,世紀鋼,8,0,8,統一-中壢,2023-11-16,5853
00642U,期元大S＆P石油,7,0,7,統一-中壢,2023-11-16,5853
5512,力麒,7,0,7,統一-中壢,2023-11-16,5853
9945,潤泰新,7,0,7,統一-中壢,2023-11-16,5853
2610,華航,330,26,304,統一-中壢,2023-11-17,5853
5269,祥碩,100,0,100,統一-中壢,2023-11-17,5853
2337,旺宏,100,2,98,統一-中壢,2023-11-17,5853
2618,長榮航,127,35,92,統一-中壢,2023-11-17,5853
00753L,中信中國50正2,89,0,89,統一-中壢,2023-11-17,5853
6142,友勁,70,0,70,統一-中壢,2023-11-17,5853
1815,富喬,72,5,67,統一-中壢,2023-11-17,5853
2402,毅嘉,64,5,59,統一-中壢,2023-11-17,5853
00637L,元大滬深300正2,121,67,54,統一-中壢,2023-11-17,5853
6285,啟��,54,0,54,統一-中壢,2023-11-17,5853
3390,旭軟,54,1,53,統一-中壢,2023-11-17,5853
00715L,期街口布蘭特正2,53,1,52,統一-中壢,2023-11-17,5853
2867,三商壽,50,0,50,統一-中壢,2023-11-17,5853
5871,中租-KY,42,0,42,統一-中壢,2023-11-17,5853
00929,復華台灣科技優息,78,41,37,統一-中壢,2023-11-17,5853
2820,華票,35,0,35,統一-中壢,2023-11-17,5853
2641,正德,33,2,31,統一-中壢,2023-11-17,5853
6015,宏遠證,30,0,30,統一-中壢,2023-11-17,5853
2312,金寶,32,2,30,統一-中壢,2023-11-17,5853
2440,太空梭,30,1,29,統一-中壢,2023-11-17,5853
00885,富邦越南,26,0,26,統一-中壢,2023-11-17,5853
00751B,元大AAA至A公司債,26,1,25,統一-中壢,2023-11-17,5853
6133,金橋,26,1,25,統一-中壢,2023-11-17,5853
1308,亞聚,24,0,24,統一-中壢,2023-11-17,5853
3701,大眾控,28,4,24,統一-中壢,2023-11-17,5853
00642U,期元大S＆P石油,23,0,23,統一-中壢,2023-11-17,5853
00687B,國泰20年美債,23,0,23,統一-中壢,2023-11-17,5853
2344,華邦電,24,1,23,統一-中壢,2023-11-17,5853
00680L,元大美債20正2,30,10,20,統一-中壢,2023-11-17,5853
8076,伍豐,20,0,20,統一-中壢,2023-11-17,5853
00936,台新永續高息中小,19,0,19,統一-中壢,2023-11-17,5853
2545,皇翔,18,0,18,統一-中壢,2023-11-17,5853
2731,雄獅,26,10,16,統一-中壢,2023-11-17,5853
00633L,富邦上証正2,16,0,16,統一-中壢,2023-11-17,5853
2102,泰豐,15,0,15,統一-中壢,2023-11-17,5853
3176,基亞,16,1,15,統一-中壢,2023-11-17,5853
00679B,元大美債20年,14,0,14,統一-中壢,2023-11-17,5853
1721,三晃,16,3,13,統一-中壢,2023-11-17,5853
2485,兆赫,13,0,13,統一-中壢,2023-11-17,5853
2363,矽統,74,62,12,統一-中壢,2023-11-17,5853
5439,高技,12,0,12,統一-中壢,2023-11-17,5853
6901,鑽石投資,14,2,12,統一-中壢,2023-11-17,5853
6271,同欣電,14,3,11,統一-中壢,2023-11-17,5853
2027,大成鋼,11,0,11,統一-中壢,2023-11-17,5853
6603,富強鑫,11,0,11,統一-中壢,2023-11-17,5853
00772B,中信高評級公司債,10,0,10,統一-中壢,2023-11-17,5853
1301,台塑,10,0,10,統一-中壢,2023-11-17,5853
1522,堤維西,10,0,10,統一-中壢,2023-11-17,5853
1612,宏泰,10,0,10,統一-中壢,2023-11-17,5853
3376,新日興,25,15,10,統一-中壢,2023-11-17,5853
6933,AMAX-KY,210,0,210,統一-中壢,2023-11-20,5853
2355,敬鵬,93,19,74,統一-中壢,2023-11-20,5853
2363,矽統,135,66,69,統一-中壢,2023-11-20,5853
00687B,國泰20年美債,54,0,54,統一-中壢,2023-11-20,5853
2867,三商壽,50,0,50,統一-中壢,2023-11-20,5853
8034,榮群,52,4,48,統一-中壢,2023-11-20,5853
00885,富邦越南,37,0,37,統一-中壢,2023-11-20,5853
00720B,元大投資級公司債,31,2,29,統一-中壢,2023-11-20,5853
00919,群益台灣精選高息,31,7,24,統一-中壢,2023-11-20,5853
2610,華航,26,2,24,統一-中壢,2023-11-20,5853
2890,永豐金,25,1,24,統一-中壢,2023-11-20,5853
6285,啟��,23,0,23,統一-中壢,2023-11-20,5853
2736,富野,36,14,22,統一-中壢,2023-11-20,5853
00673R,期元大S＆P原油反1,20,0,20,統一-中壢,2023-11-20,5853
1524,耿鼎,20,0,20,統一-中壢,2023-11-20,5853
2903,遠百,20,0,20,統一-中壢,2023-11-20,5853
5471,松翰,20,0,20,統一-中壢,2023-11-20,5853
5871,中租-KY,20,0,20,統一-中壢,2023-11-20,5853
6026,福邦證,20,0,20,統一-中壢,2023-11-20,5853
00751B,元大AAA至A公司債,22,2,20,統一-中壢,2023-11-20,5853
2369,菱生,20,1,19,統一-中壢,2023-11-20,5853
2883,凱基金,19,0,19,統一-中壢,2023-11-20,5853
5521,工信,18,2,16,統一-中壢,2023-11-20,5853
6156,松上,15,0,15,統一-中壢,2023-11-20,5853
2731,雄獅,16,2,14,統一-中壢,2023-11-20,5853
2449,京元電子,14,0,14,統一-中壢,2023-11-20,5853
5347,世界,19,6,13,統一-中壢,2023-11-20,5853
3176,基亞,15,2,13,統一-中壢,2023-11-20,5853
2317,鴻海,21,8,13,統一-中壢,2023-11-20,5853
00931B,統一美債20年,51,39,12,統一-中壢,2023-11-20,5853
00773B,中信優先金融債,12,0,12,統一-中壢,2023-11-20,5853
4931,新盛力,12,0,12,統一-中壢,2023-11-20,5853
1314,中石化,11,0,11,統一-中壢,2023-11-20,5853
00713,元大台灣高息低波,20,10,10,統一-中壢,2023-11-20,5853
5483,中美晶,10,0,10,統一-中壢,2023-11-20,5853
00922,國泰台灣領袖50,10,0,10,統一-中壢,2023-11-20,5853
1342,八貫,10,0,10,統一-中壢,2023-11-20,5853
2342,茂矽,10,0,10,統一-中壢,2023-11-20,5853
2516,新建,10,0,10,統一-中壢,2023-11-20,5853
2612,中航,10,0,10,統一-中壢,2023-11-20,5853
8940,新天地,10,0,10,統一-中壢,2023-11-20,5853
1795,美時,15,6,9,統一-中壢,2023-11-20,5853
00632R,元大台灣50反1,10,1,9,統一-中壢,2023-11-20,5853
2371,大同,10,1,9,統一-中壢,2023-11-20,5853
2545,皇翔,9,0,9,統一-中壢,2023-11-20,5853
5328,華容,10,1,9,統一-中壢,2023-11-20,5853
00637L,元大滬深300正2,110,102,8,統一-中壢,2023-11-20,5853
2462,良得電,16,8,8,統一-中壢,2023-11-20,5853
2887,台新金,8,0,8,統一-中壢,2023-11-20,5853
3094,聯傑,14,6,8,統一-中壢,2023-11-20,5853
2337,旺宏,251,0,251,統一-中壢,2023-11-21,5853
2367,燿華,149,36,113,統一-中壢,2023-11-21,5853
00632R,元大台灣50反1,111,5,106,統一-中壢,2023-11-21,5853
2867,三商壽,70,0,70,統一-中壢,2023-11-21,5853
6933,AMAX-KY,76,15,61,統一-中壢,2023-11-21,5853
00919,群益台灣精選高息,91,34,57,統一-中壢,2023-11-21,5853
1504,東元,54,0,54,統一-中壢,2023-11-21,5853
00934,中信成長高股息,52,1,51,統一-中壢,2023-11-21,5853
00927,群益半導體收益,40,0,40,統一-中壢,2023-11-21,5853
2355,敬鵬,58,19,39,統一-中壢,2023-11-21,5853
6120,達運,65,30,35,統一-中壢,2023-11-21,5853
2303,聯電,49,15,34,統一-中壢,2023-11-21,5853
2618,長榮航,43,10,33,統一-中壢,2023-11-21,5853
00936,台新永續高息中小,32,0,32,統一-中壢,2023-11-21,5853
3057,喬鼎,29,0,29,統一-中壢,2023-11-21,5853
3041,揚智,36,7,29,統一-中壢,2023-11-21,5853
6223,旺矽,30,6,24,統一-中壢,2023-11-21,5853
2801,彰銀,23,0,23,統一-中壢,2023-11-21,5853
2888,新光金,33,10,23,統一-中壢,2023-11-21,5853
00891,中信關鍵半導體,23,1,22,統一-中壢,2023-11-21,5853
00885,富邦越南,22,0,22,統一-中壢,2023-11-21,5853
5465,富驊,37,16,21,統一-中壢,2023-11-21,5853
1324,地球,20,0,20,統一-中壢,2023-11-21,5853
3234,光環,25,5,20,統一-中壢,2023-11-21,5853
6217,中探針,18,0,18,統一-中壢,2023-11-21,5853
4746,台耀,21,4,17,統一-中壢,2023-11-21,5853
2884,玉山金,23,6,17,統一-中壢,2023-11-21,5853
2539,櫻花建,15,0,15,統一-中壢,2023-11-21,5853
3276,宇環,15,2,13,統一-中壢,2023-11-21,5853
2402,毅嘉,15,3,12,統一-中壢,2023-11-21,5853
3044,健鼎,12,0,12,統一-中壢,2023-11-21,5853
6158,禾昌,12,0,12,統一-中壢,2023-11-21,5853
6168,宏齊,24,12,12,統一-中壢,2023-11-21,5853
6233,旺玖,12,0,12,統一-中壢,2023-11-21,5853
00933B,國泰10Y+金融債,11,0,11,統一-中壢,2023-11-21,5853
2465,麗臺,11,0,11,統一-中壢,2023-11-21,5853
2610,華航,31,20,11,統一-中壢,2023-11-21,5853
3062,建漢,13,2,11,統一-中壢,2023-11-21,5853
6156,松上,11,0,11,統一-中壢,2023-11-21,5853
1539,巨庭,10,0,10,統一-中壢,2023-11-21,5853
2442,新美齊,11,1,10,統一-中壢,2023-11-21,5853
2468,華經,10,0,10,統一-中壢,2023-11-21,5853
3032,偉訓,10,0,10,統一-中壢,2023-11-21,5853
5355,佳總,10,0,10,統一-中壢,2023-11-21,5853
6275,元山,13,3,10,統一-中壢,2023-11-21,5853
6290,良維,12,2,10,統一-中壢,2023-11-21,5853
6757,台灣虎航,10,0,10,統一-中壢,2023-11-21,5853
2883,凱基金,16,6,10,統一-中壢,2023-11-21,5853
6806,森崴能源,10,1,9,統一-中壢,2023-11-21,5853
1721,三晃,9,0,9,統一-中壢,2023-11-21,5853
2356,英業達,99,4,95,統一-中壢,2023-11-22,5853
3078,僑威,105,17,88,統一-中壢,2023-11-22,5853
6933,AMAX-KY,61,0,61,統一-中壢,2023-11-22,5853
3231,緯創,63,10,53,統一-中壢,2023-11-22,5853
2867,三商壽,50,0,50,統一-中壢,2023-11-22,5853
2618,長榮航,53,16,37,統一-中壢,2023-11-22,5853
5521,工信,62,34,28,統一-中壢,2023-11-22,5853
3059,華晶科,77,51,26,統一-中壢,2023-11-22,5853
1810,和成,22,0,22,統一-中壢,2023-11-22,5853
2913,農林,20,0,20,統一-中壢,2023-11-22,5853
4707,磐亞,20,0,20,統一-中壢,2023-11-22,5853
6229,研通,20,0,20,統一-中壢,2023-11-22,5853
00712,復華富時不動產,20,1,19,統一-中壢,2023-11-22,5853
5258,虹堡,24,5,19,統一-中壢,2023-11-22,5853
2382,廣達,21,3,18,統一-中壢,2023-11-22,5853
2609,陽明,19,1,18,統一-中壢,2023-11-22,5853
2883,凱基金,24,7,17,統一-中壢,2023-11-22,5853
5512,力麒,17,1,16,統一-中壢,2023-11-22,5853
00720B,元大投資級公司債,19,4,15,統一-中壢,2023-11-22,5853
2034,允強,15,0,15,統一-中壢,2023-11-22,5853
00637L,元大滬深300正2,64,50,14,統一-中壢,2023-11-22,5853
00751B,元大AAA至A公司債,13,0,13,統一-中壢,2023-11-22,5853
1325,恆大,13,0,13,統一-中壢,2023-11-22,5853
2884,玉山金,14,1,13,統一-中壢,2023-11-22,5853
006208,富邦台50,14,2,12,統一-中壢,2023-11-22,5853
2353,宏��,13,1,12,統一-中壢,2023-11-22,5853
1815,富喬,19,7,12,統一-中壢,2023-11-22,5853
00687B,國泰20年美債,11,0,11,統一-中壢,2023-11-22,5853
5607,遠雄港,11,0,11,統一-中壢,2023-11-22,5853
00885,富邦越南,13,2,11,統一-中壢,2023-11-22,5853
2324,仁寶,15,4,11,統一-中壢,2023-11-22,5853
3707,漢磊,11,0,11,統一-中壢,2023-11-22,5853
3260,威剛,13,3,10,統一-中壢,2023-11-22,5853
2390,云辰,11,1,10,統一-中壢,2023-11-22,5853
00688L,國泰20年美債正2,10,0,10,統一-中壢,2023-11-22,5853
1522,堤維西,10,0,10,統一-中壢,2023-11-22,5853
1539,巨庭,10,0,10,統一-中壢,2023-11-22,5853
2313,華通,35,25,10,統一-中壢,2023-11-22,5853
2351,順德,12,2,10,統一-中壢,2023-11-22,5853
2608,嘉里大榮,10,0,10,統一-中壢,2023-11-22,5853
2615,萬海,10,0,10,統一-中壢,2023-11-22,5853
2903,遠百,10,0,10,統一-中壢,2023-11-22,5853
5516,雙喜,10,0,10,統一-中壢,2023-11-22,5853
6757,台灣虎航,10,0,10,統一-中壢,2023-11-22,5853
8112,至上,10,0,10,統一-中壢,2023-11-22,5853
2303,聯電,35,26,9,統一-中壢,2023-11-22,5853
2486,一詮,9,0,9,統一-中壢,2023-11-22,5853
00773B,中信優先金融債,9,0,9,統一-中壢,2023-11-22,5853
3276,宇環,10,1,9,統一-中壢,2023-11-22,5853
3390,旭軟,11,2,9,統一-中壢,2023-11-22,5853
6933,AMAX-KY,116,0,116,統一-中壢,2023-11-23,5853
3078,僑威,91,11,80,統一-中壢,2023-11-23,5853
00919,群益台灣精選高息,76,11,65,統一-中壢,2023-11-23,5853
6285,啟��,60,5,55,統一-中壢,2023-11-23,5853
6282,康舒,99,49,50,統一-中壢,2023-11-23,5853
6156,松上,50,1,49,統一-中壢,2023-11-23,5853
3163,波若威,48,0,48,統一-中壢,2023-11-23,5853
3058,立德,45,0,45,統一-中壢,2023-11-23,5853
00882,中信中國高股息,40,5,35,統一-中壢,2023-11-23,5853
2317,鴻海,37,3,34,統一-中壢,2023-11-23,5853
2367,燿華,42,9,33,統一-中壢,2023-11-23,5853
5465,富驊,48,16,32,統一-中壢,2023-11-23,5853
00902,中信電池及儲能,30,1,29,統一-中壢,2023-11-23,5853
8088,品安,28,2,26,統一-中壢,2023-11-23,5853
00878,國泰永續高股息,30,5,25,統一-中壢,2023-11-23,5853
3047,訊舟,30,5,25,統一-中壢,2023-11-23,5853
2382,廣達,34,9,25,統一-中壢,2023-11-23,5853
00637L,元大滬深300正2,31,8,23,統一-中壢,2023-11-23,5853
3231,緯創,67,46,21,統一-中壢,2023-11-23,5853
00632R,元大台灣50反1,20,0,20,統一-中壢,2023-11-23,5853
2102,泰豐,20,0,20,統一-中壢,2023-11-23,5853
8163,達方,18,0,18,統一-中壢,2023-11-23,5853
6901,鑽石投資,36,19,17,統一-中壢,2023-11-23,5853
00891,中信關鍵半導體,20,4,16,統一-中壢,2023-11-23,5853
00706L,期元大S＆P日圓正2,15,0,15,統一-中壢,2023-11-23,5853
6168,宏齊,20,5,15,統一-中壢,2023-11-23,5853
1584,精剛,15,1,14,統一-中壢,2023-11-23,5853
2371,大同,14,0,14,統一-中壢,2023-11-23,5853
5347,世界,31,18,13,統一-中壢,2023-11-23,5853
00929,復華台灣科技優息,28,15,13,統一-中壢,2023-11-23,5853
1326,台化,13,0,13,統一-中壢,2023-11-23,5853
3390,旭軟,13,0,13,統一-中壢,2023-11-23,5853
2356,英業達,23,11,12,統一-中壢,2023-11-23,5853
2002,中鋼,13,1,12,統一-中壢,2023-11-23,5853
6477,安集,12,0,12,統一-中壢,2023-11-23,5853
6243,迅杰,13,2,11,統一-中壢,2023-11-23,5853
00931B,統一美債20年,11,0,11,統一-中壢,2023-11-23,5853
2421,建準,14,3,11,統一-中壢,2023-11-23,5853
2614,東森,11,0,11,統一-中壢,2023-11-23,5853
3276,宇環,11,0,11,統一-中壢,2023-11-23,5853
6127,九豪,12,1,11,統一-中壢,2023-11-23,5853
2884,玉山金,11,0,11,統一-中壢,2023-11-23,5853
2374,佳能,11,1,10,統一-中壢,2023-11-23,5853
2887,台新金,14,4,10,統一-中壢,2023-11-23,5853
6237,驊訊,22,12,10,統一-中壢,2023-11-23,5853
6558,興能高,10,0,10,統一-中壢,2023-11-23,5853
00933B,國泰10Y+金融債,9,0,9,統一-中壢,2023-11-23,5853
2206,三陽工業,11,2,9,統一-中壢,2023-11-23,5853
3362,先進光,14,5,9,統一-中壢,2023-11-23,5853
1319,東陽,8,0,8,統一-中壢,2023-11-23,5853
1503,士電,361,3,358,統一-中壢,2023-11-24,5853
00680L,元大美債20正2,232,0,232,統一-中壢,2023-11-24,5853
6933,AMAX-KY,129,0,129,統一-中壢,2023-11-24,5853
1809,中釉,109,4,105,統一-中壢,2023-11-24,5853
6173,信昌電,65,1,64,統一-中壢,2023-11-24,5853
00679B,元大美債20年,36,0,36,統一-中壢,2023-11-24,5853
2888,新光金,51,18,33,統一-中壢,2023-11-24,5853
6757,台灣虎航,30,0,30,統一-中壢,2023-11-24,5853
5351,鈺創,44,14,30,統一-中壢,2023-11-24,5853
2618,長榮航,75,46,29,統一-中壢,2023-11-24,5853
5347,世界,34,5,29,統一-中壢,2023-11-24,5853
4714,永捷,33,5,28,統一-中壢,2023-11-24,5853
00878,國泰永續高股息,27,1,26,統一-中壢,2023-11-24,5853
2353,宏��,22,1,21,統一-中壢,2023-11-24,5853
1785,光洋科,20,0,20,統一-中壢,2023-11-24,5853
3078,僑威,30,10,20,統一-中壢,2023-11-24,5853
00919,群益台灣精選高息,36,17,19,統一-中壢,2023-11-24,5853
2208,台船,21,2,19,統一-中壢,2023-11-24,5853
1802,台玻,22,5,17,統一-中壢,2023-11-24,5853
2356,英業達,22,5,17,統一-中壢,2023-11-24,5853
00885,富邦越南,16,0,16,統一-中壢,2023-11-24,5853
2485,兆赫,16,0,16,統一-中壢,2023-11-24,5853
6164,華興,26,10,16,統一-中壢,2023-11-24,5853
00687B,國泰20年美債,15,0,15,統一-中壢,2023-11-24,5853
2324,仁寶,15,0,15,統一-中壢,2023-11-24,5853
2911,麗嬰房,15,0,15,統一-中壢,2023-11-24,5853
5009,榮剛,17,2,15,統一-中壢,2023-11-24,5853
3014,聯陽,14,0,14,統一-中壢,2023-11-24,5853
2363,矽統,79,65,14,統一-中壢,2023-11-24,5853
3260,威剛,19,6,13,統一-中壢,2023-11-24,5853
3701,大眾控,15,2,13,統一-中壢,2023-11-24,5853
6462,神盾,13,0,13,統一-中壢,2023-11-24,5853
1605,華新,14,1,13,統一-中壢,2023-11-24,5853
3006,晶豪科,15,3,12,統一-中壢,2023-11-24,5853
00720B,元大投資級公司債,12,0,12,統一-中壢,2023-11-24,5853
6217,中探針,11,0,11,統一-中壢,2023-11-24,5853
0056,元大高股息,10,0,10,統一-中壢,2023-11-24,5853
00882,中信中國高股息,10,0,10,統一-中壢,2023-11-24,5853
1733,五鼎,10,0,10,統一-中壢,2023-11-24,5853
2884,玉山金,10,0,10,統一-中壢,2023-11-24,5853
3005,神基,18,8,10,統一-中壢,2023-11-24,5853
3323,加百裕,11,1,10,統一-中壢,2023-11-24,5853
3325,旭品,12,2,10,統一-中壢,2023-11-24,5853
6140,訊達,10,0,10,統一-中壢,2023-11-24,5853
6806,森崴能源,14,5,9,統一-中壢,2023-11-24,5853
2382,廣達,9,1,8,統一-中壢,2023-11-24,5853
4707,磐亞,8,0,8,統一-中壢,2023-11-24,5853
4967,十銓,8,0,8,統一-中壢,2023-11-24,5853
8033,雷虎,11,3,8,統一-中壢,2023-11-24,5853
6456,GIS-KY,7,0,7,統一-中壢,2023-11-24,5853
1503,士電,233,1,232,統一-中壢,2023-11-27,5853
6933,AMAX-KY,110,0,110,統一-中壢,2023-11-27,5853
00680L,元大美債20正2,99,0,99,統一-中壢,2023-11-27,5853
00929,復華台灣科技優息,105,20,85,統一-中壢,2023-11-27,5853
00882,中信中國高股息,79,0,79,統一-中壢,2023-11-27,5853
00919,群益台灣精選高息,72,19,53,統一-中壢,2023-11-27,5853
2618,長榮航,64,14,50,統一-中壢,2023-11-27,5853
00637L,元大滬深300正2,264,214,50,統一-中壢,2023-11-27,5853
2883,凱基金,68,20,48,統一-中壢,2023-11-27,5853
3078,僑威,46,2,44,統一-中壢,2023-11-27,5853
3481,群創,51,8,43,統一-中壢,2023-11-27,5853
00642U,期元大S＆P石油,42,0,42,統一-中壢,2023-11-27,5853
5009,榮剛,39,0,39,統一-中壢,2023-11-27,5853
2382,廣達,47,11,36,統一-中壢,2023-11-27,5853
1810,和成,34,0,34,統一-中壢,2023-11-27,5853
2352,佳世達,32,0,32,統一-中壢,2023-11-27,5853
00752,中信中國50,30,0,30,統一-中壢,2023-11-27,5853
00715L,期街口布蘭特正2,29,0,29,統一-中壢,2023-11-27,5853
2401,凌陽,27,1,26,統一-中壢,2023-11-27,5853
2465,麗臺,25,0,25,統一-中壢,2023-11-27,5853
6005,群益證,25,0,25,統一-中壢,2023-11-27,5853
1514,亞力,47,24,23,統一-中壢,2023-11-27,5853
6235,華孚,25,3,22,統一-中壢,2023-11-27,5853
2317,鴻海,21,0,21,統一-中壢,2023-11-27,5853
0056,元大高股息,21,0,21,統一-中壢,2023-11-27,5853
3231,緯創,40,20,20,統一-中壢,2023-11-27,5853
2102,泰豐,20,0,20,統一-中壢,2023-11-27,5853
6138,茂達,21,1,20,統一-中壢,2023-11-27,5853
5871,中租-KY,22,2,20,統一-中壢,2023-11-27,5853
00687B,國泰20年美債,19,0,19,統一-中壢,2023-11-27,5853
00713,元大台灣高息低波,18,0,18,統一-中壢,2023-11-27,5853
00878,國泰永續高股息,36,18,18,統一-中壢,2023-11-27,5853
2891,中信金,20,2,18,統一-中壢,2023-11-27,5853
2739,寒舍,18,1,17,統一-中壢,2023-11-27,5853
6667,信紘科,19,2,17,統一-中壢,2023-11-27,5853
00931B,統一美債20年,16,0,16,統一-中壢,2023-11-27,5853
2457,飛宏,18,2,16,統一-中壢,2023-11-27,5853
2409,友達,16,0,16,統一-中壢,2023-11-27,5853
3520,華盈,16,0,16,統一-中壢,2023-11-27,5853
00679B,元大美債20年,15,0,15,統一-中壢,2023-11-27,5853
00753L,中信中國50正2,15,0,15,統一-中壢,2023-11-27,5853
00900,富邦特選高股息30,13,0,13,統一-中壢,2023-11-27,5853
1701,中化,20,7,13,統一-中壢,2023-11-27,5853
6284,佳邦,15,2,13,統一-中壢,2023-11-27,5853
8358,金居,13,0,13,統一-中壢,2023-11-27,5853
00751B,元大AAA至A公司債,12,0,12,統一-中壢,2023-11-27,5853
3016,嘉晶,13,1,12,統一-中壢,2023-11-27,5853
2108,南帝,13,2,11,統一-中壢,2023-11-27,5853
3322,建舜電,11,0,11,統一-中壢,2023-11-27,5853
3706,神達,12,1,11,統一-中壢,2023-11-27,5853
2337,旺宏,202,1,201,統一-中壢,2023-11-28,5853
6933,AMAX-KY,84,0,84,統一-中壢,2023-11-28,5853
2606,裕民,301,238,63,統一-中壢,2023-11-28,5853
3078,僑威,61,1,60,統一-中壢,2023-11-28,5853
2303,聯電,45,0,45,統一-中壢,2023-11-28,5853
00632R,元大台灣50反1,41,0,41,統一-中壢,2023-11-28,5853
2313,華通,85,45,40,統一-中壢,2023-11-28,5853
1101,台泥,42,6,36,統一-中壢,2023-11-28,5853
2903,遠百,40,5,35,統一-中壢,2023-11-28,5853
2323,中環,30,0,30,統一-中壢,2023-11-28,5853
00935,野村臺灣新科技50,30,5,25,統一-中壢,2023-11-28,5853
2887,台新金,25,1,24,統一-中壢,2023-11-28,5853
00885,富邦越南,23,0,23,統一-中壢,2023-11-28,5853
1701,中化,22,3,19,統一-中壢,2023-11-28,5853
00642U,期元大S＆P石油,18,0,18,統一-中壢,2023-11-28,5853
2353,宏��,16,0,16,統一-中壢,2023-11-28,5853
2528,皇普,16,0,16,統一-中壢,2023-11-28,5853
1514,亞力,20,4,16,統一-中壢,2023-11-28,5853
3231,緯創,26,11,15,統一-中壢,2023-11-28,5853
5347,世界,26,11,15,統一-中壢,2023-11-28,5853
2383,台光電,14,0,14,統一-中壢,2023-11-28,5853
3481,群創,15,1,14,統一-中壢,2023-11-28,5853
4157,太景*-KY,13,0,13,統一-中壢,2023-11-28,5853
2356,英業達,31,18,13,統一-中壢,2023-11-28,5853
5351,鈺創,30,17,13,統一-中壢,2023-11-28,5853
00715L,期街口布蘭特正2,11,0,11,統一-中壢,2023-11-28,5853
2605,新興,19,8,11,統一-中壢,2023-11-28,5853
3705,永信,12,1,11,統一-中壢,2023-11-28,5853
2801,彰銀,12,1,11,統一-中壢,2023-11-28,5853
2352,佳世達,10,0,10,統一-中壢,2023-11-28,5853
2491,吉祥全,10,0,10,統一-中壢,2023-11-28,5853
2888,新光金,10,0,10,統一-中壢,2023-11-28,5853
2913,農林,10,0,10,統一-中壢,2023-11-28,5853
4114,健喬,11,1,10,統一-中壢,2023-11-28,5853
4934,太極,10,0,10,統一-中壢,2023-11-28,5853
5328,華容,20,10,10,統一-中壢,2023-11-28,5853
8028,昇陽半導體,12,3,9,統一-中壢,2023-11-28,5853
9919,康那香,15,6,9,統一-中壢,2023-11-28,5853
00753L,中信中國50正2,8,0,8,統一-中壢,2023-11-28,5853
00915,凱基優選高股息30,8,0,8,統一-中壢,2023-11-28,5853
6161,捷波,8,0,8,統一-中壢,2023-11-28,5853
2375,凱美,10,3,7,統一-中壢,2023-11-28,5853
3176,基亞,7,0,7,統一-中壢,2023-11-28,5853
4906,正文,7,0,7,統一-中壢,2023-11-28,5853
1102,亞泥,6,0,6,統一-中壢,2023-11-28,5853
00934,中信成長高股息,11,5,6,統一-中壢,2023-11-28,5853
2457,飛宏,8,2,6,統一-中壢,2023-11-28,5853
3701,大眾控,6,0,6,統一-中壢,2023-11-28,5853
3712,永崴投控,6,0,6,統一-中壢,2023-11-28,5853
6127,九豪,9,3,6,統一-中壢,2023-11-28,5853
2887,台新金,316,0,316,統一-中壢,2023-11-29,5853
6933,AMAX-KY,81,0,81,統一-中壢,2023-11-29,5853
2634,漢翔,60,0,60,統一-中壢,2023-11-29,5853
00882,中信中國高股息,48,0,48,統一-中壢,2023-11-29,5853
00637L,元大滬深300正2,151,106,45,統一-中壢,2023-11-29,5853
2485,兆赫,40,1,39,統一-中壢,2023-11-29,5853
2618,長榮航,39,5,34,統一-中壢,2023-11-29,5853
1810,和成,34,1,33,統一-中壢,2023-11-29,5853
3231,緯創,87,55,32,統一-中壢,2023-11-29,5853
5871,中租-KY,30,0,30,統一-中壢,2023-11-29,5853
2444,兆勁,25,0,25,統一-中壢,2023-11-29,5853
2603,長榮,29,5,24,統一-中壢,2023-11-29,5853
2356,英業達,44,20,24,統一-中壢,2023-11-29,5853
3338,泰碩,28,4,24,統一-中壢,2023-11-29,5853
3047,訊舟,35,14,21,統一-中壢,2023-11-29,5853
3437,榮創,20,0,20,統一-中壢,2023-11-29,5853
9103,美德醫療-DR,20,0,20,統一-中壢,2023-11-29,5853
9904,寶成,20,0,20,統一-中壢,2023-11-29,5853
2641,正德,20,1,19,統一-中壢,2023-11-29,5853
2615,萬海,18,0,18,統一-中壢,2023-11-29,5853
4714,永捷,20,2,18,統一-中壢,2023-11-29,5853
00753L,中信中國50正2,17,1,16,統一-中壢,2023-11-29,5853
6235,華孚,16,0,16,統一-中壢,2023-11-29,5853
2369,菱生,20,5,15,統一-中壢,2023-11-29,5853
6269,台郡,15,0,15,統一-中壢,2023-11-29,5853
00915,凱基優選高股息30,13,0,13,統一-中壢,2023-11-29,5853
00720B,元大投資級公司債,13,0,13,統一-中壢,2023-11-29,5853
1612,宏泰,15,2,13,統一-中壢,2023-11-29,5853
2022,聚亨,13,0,13,統一-中壢,2023-11-29,5853
2610,華航,31,20,11,統一-中壢,2023-11-29,5853
00712,復華富時不動產,11,0,11,統一-中壢,2023-11-29,5853
00772B,中信高評級公司債,11,0,11,統一-中壢,2023-11-29,5853
2449,京元電子,11,0,11,統一-中壢,2023-11-29,5853
3171,炎洲流通,12,1,11,統一-中壢,2023-11-29,5853
9945,潤泰新,11,0,11,統一-中壢,2023-11-29,5853
00878,國泰永續高股息,11,0,11,統一-中壢,2023-11-29,5853
2329,華泰,96,86,10,統一-中壢,2023-11-29,5853
00931B,統一美債20年,10,0,10,統一-中壢,2023-11-29,5853
00632R,元大台灣50反1,20,10,10,統一-中壢,2023-11-29,5853
00673R,期元大S＆P原油反1,10,0,10,統一-中壢,2023-11-29,5853
1216,統一,11,1,10,統一-中壢,2023-11-29,5853
1449,佳和,11,1,10,統一-中壢,2023-11-29,5853
1701,中化,11,1,10,統一-中壢,2023-11-29,5853
1707,葡萄王,10,0,10,統一-中壢,2023-11-29,5853
2367,燿華,37,27,10,統一-中壢,2023-11-29,5853
6148,驊宏資,10,0,10,統一-中壢,2023-11-29,5853
6216,居易,10,0,10,統一-中壢,2023-11-29,5853
00934,中信成長高股息,10,0,10,統一-中壢,2023-11-29,5853
2383,台光電,12,3,9,統一-中壢,2023-11-29,5853
3545,敦泰,16,8,8,統一-中壢,2023-11-29,5853
00680L,元大美債20正2,202,0,202,統一-中壢,2023-11-30,5853
00929,復華台灣科技優息,85,9,76,統一-中壢,2023-11-30,5853
2332,友訊,85,11,74,統一-中壢,2023-11-30,5853
2606,裕民,63,9,54,統一-中壢,2023-11-30,5853
1304,台聚,50,0,50,統一-中壢,2023-11-30,5853
6933,AMAX-KY,46,0,46,統一-中壢,2023-11-30,5853
2903,遠百,50,10,40,統一-中壢,2023-11-30,5853
8096,擎亞,34,0,34,統一-中壢,2023-11-30,5853
2329,華泰,99,67,32,統一-中壢,2023-11-30,5853
6246,臺龍,32,0,32,統一-中壢,2023-11-30,5853
2641,正德,30,0,30,統一-中壢,2023-11-30,5853
3265,台星科,60,31,29,統一-中壢,2023-11-30,5853
3317,尼克森,29,2,27,統一-中壢,2023-11-30,5853
2444,兆勁,25,0,25,統一-中壢,2023-11-30,5853
2481,強茂,28,4,24,統一-中壢,2023-11-30,5853
1905,華紙,27,4,23,統一-中壢,2023-11-30,5853
9919,康那香,26,3,23,統一-中壢,2023-11-30,5853
2353,宏��,25,4,21,統一-中壢,2023-11-30,5853
2409,友達,31,11,20,統一-中壢,2023-11-30,5853
6005,群益證,20,0,20,統一-中壢,2023-11-30,5853
5452,佶優,23,4,19,統一-中壢,2023-11-30,5853
1324,地球,19,1,18,統一-中壢,2023-11-30,5853
2369,菱生,23,5,18,統一-中壢,2023-11-30,5853
3231,緯創,31,16,15,統一-中壢,2023-11-30,5853
3374,精材,15,0,15,統一-中壢,2023-11-30,5853
2303,聯電,28,13,15,統一-中壢,2023-11-30,5853
00720B,元大投資級公司債,16,2,14,統一-中壢,2023-11-30,5853
2801,彰銀,14,0,14,統一-中壢,2023-11-30,5853
00882,中信中國高股息,13,0,13,統一-中壢,2023-11-30,5853
2888,新光金,11,0,11,統一-中壢,2023-11-30,5853
3481,群創,17,6,11,統一-中壢,2023-11-30,5853
2609,陽明,10,0,10,統一-中壢,2023-11-30,5853
1524,耿鼎,10,0,10,統一-中壢,2023-11-30,5853
00665L,富邦�琤肭磪囓�2,18,8,10,統一-中壢,2023-11-30,5853
00650L,復華香港正2,20,10,10,統一-中壢,2023-11-30,5853
00673R,期元大S＆P原油反1,10,0,10,統一-中壢,2023-11-30,5853
00933B,國泰10Y+金融債,11,1,10,統一-中壢,2023-11-30,5853
1616,億泰,11,1,10,統一-中壢,2023-11-30,5853
2355,敬鵬,12,2,10,統一-中壢,2023-11-30,5853
3013,晟銘電,12,2,10,統一-中壢,2023-11-30,5853
6757,台灣虎航,10,0,10,統一-中壢,2023-11-30,5853
5321,美而快,10,1,9,統一-中壢,2023-11-30,5853
6191,精成科,13,4,9,統一-中壢,2023-11-30,5853
2405,輔信,10,2,8,統一-中壢,2023-11-30,5853
9942,茂順,8,0,8,統一-中壢,2023-11-30,5853
00915,凱基優選高股息30,7,0,7,統一-中壢,2023-11-30,5853
2881,富邦金,7,0,7,統一-中壢,2023-11-30,5853
2388,威盛,11,4,7,統一-中壢,2023-11-30,5853
2330,台積電,7,0,7,統一-中壢,2023-11-30,5853
2421,建準,7,1,6,統一-中壢,2023-11-30,5853
00929,復華台灣科技優息,792,29,763,統一-中壢,2023-12-01,5853
00919,群益台灣精選高息,435,16,419,統一-中壢,2023-12-01,5853
2887,台新金,368,0,368,統一-中壢,2023-12-01,5853
9945,潤泰新,213,0,213,統一-中壢,2023-12-01,5853
6933,AMAX-KY,142,2,140,統一-中壢,2023-12-01,5853
3704,合勤控,92,10,82,統一-中壢,2023-12-01,5853
2324,仁寶,79,1,78,統一-中壢,2023-12-01,5853
00680L,元大美債20正2,58,0,58,統一-中壢,2023-12-01,5853
2356,英業達,89,37,52,統一-中壢,2023-12-01,5853
2883,凱基金,52,5,47,統一-中壢,2023-12-01,5853
00687B,國泰20年美債,42,1,41,統一-中壢,2023-12-01,5853
2903,遠百,40,0,40,統一-中壢,2023-12-01,5853
00931B,統一美債20年,38,0,38,統一-中壢,2023-12-01,5853
2618,長榮航,47,11,36,統一-中壢,2023-12-01,5853
1101,台泥,39,5,34,統一-中壢,2023-12-01,5853
3059,華晶科,31,0,31,統一-中壢,2023-12-01,5853
00632R,元大台灣50反1,30,0,30,統一-中壢,2023-12-01,5853
9103,美德醫療-DR,30,0,30,統一-中壢,2023-12-01,5853
00751B,元大AAA至A公司債,30,0,30,統一-中壢,2023-12-01,5853
4157,太景*-KY,30,0,30,統一-中壢,2023-12-01,5853
2515,中工,25,0,25,統一-中壢,2023-12-01,5853
1701,中化,31,8,23,統一-中壢,2023-12-01,5853
5328,華容,37,14,23,統一-中壢,2023-12-01,5853
2317,鴻海,21,1,20,統一-中壢,2023-12-01,5853
5871,中租-KY,20,0,20,統一-中壢,2023-12-01,5853
00637L,元大滬深300正2,33,14,19,統一-中壢,2023-12-01,5853
1905,華紙,20,1,19,統一-中壢,2023-12-01,5853
00885,富邦越南,17,0,17,統一-中壢,2023-12-01,5853
1325,恆大,21,4,17,統一-中壢,2023-12-01,5853
6276,安鈦克,17,0,17,統一-中壢,2023-12-01,5853
2105,正新,16,0,16,統一-中壢,2023-12-01,5853
4951,精拓科,16,0,16,統一-中壢,2023-12-01,5853
00715L,期街口布蘭特正2,15,0,15,統一-中壢,2023-12-01,5853
3707,漢磊,15,0,15,統一-中壢,2023-12-01,5853
3481,群創,31,16,15,統一-中壢,2023-12-01,5853
3047,訊舟,16,2,14,統一-中壢,2023-12-01,5853
912000,晨訊科-DR,14,0,14,統一-中壢,2023-12-01,5853
00720B,元大投資級公司債,15,2,13,統一-中壢,2023-12-01,5853
00882,中信中國高股息,13,0,13,統一-中壢,2023-12-01,5853
3231,緯創,30,18,12,統一-中壢,2023-12-01,5853
00679B,元大美債20年,11,0,11,統一-中壢,2023-12-01,5853
00933B,國泰10Y+金融債,11,0,11,統一-中壢,2023-12-01,5853
1314,中石化,11,0,11,統一-中壢,2023-12-01,5853
2812,台中銀,11,0,11,統一-中壢,2023-12-01,5853
8068,全達,11,0,11,統一-中壢,2023-12-01,5853
3374,精材,11,0,11,統一-中壢,2023-12-01,5853
00757,統一FANG+,11,0,11,統一-中壢,2023-12-01,5853
00722B,群益投資級電信債,10,0,10,統一-中壢,2023-12-01,5853
00650L,復華香港正2,10,0,10,統一-中壢,2023-12-01,5853
1539,巨庭,10,0,10,統一-中壢,2023-12-01,5853
00929,復華台灣科技優息,1141,287,854,統一-中壢,2023-12-04,5853
00919,群益台灣精選高息,252,78,174,統一-中壢,2023-12-04,5853
6933,AMAX-KY,161,1,160,統一-中壢,2023-12-04,5853
2615,萬海,91,5,86,統一-中壢,2023-12-04,5853
00715L,期街口布蘭特正2,118,41,77,統一-中壢,2023-12-04,5853
00642U,期元大S＆P石油,57,0,57,統一-中壢,2023-12-04,5853
6125,廣運,62,8,54,統一-中壢,2023-12-04,5853
2417,圓剛,55,5,50,統一-中壢,2023-12-04,5853
5009,榮剛,50,0,50,統一-中壢,2023-12-04,5853
9904,寶成,51,1,50,統一-中壢,2023-12-04,5853
1905,華紙,52,4,48,統一-中壢,2023-12-04,5853
6285,啟��,73,28,45,統一-中壢,2023-12-04,5853
4526,東台,40,0,40,統一-中壢,2023-12-04,5853
9945,潤泰新,45,5,40,統一-中壢,2023-12-04,5853
00907,永豐優息存股,35,0,35,統一-中壢,2023-12-04,5853
2363,矽統,74,41,33,統一-中壢,2023-12-04,5853
00918,大華優利高填息30,32,1,31,統一-中壢,2023-12-04,5853
00934,中信成長高股息,30,0,30,統一-中壢,2023-12-04,5853
2367,燿華,71,41,30,統一-中壢,2023-12-04,5853
5328,華容,31,1,30,統一-中壢,2023-12-04,5853
00753L,中信中國50正2,29,0,29,統一-中壢,2023-12-04,5853
6625,必應,30,3,27,統一-中壢,2023-12-04,5853
00730,富邦臺灣優質高息,26,0,26,統一-中壢,2023-12-04,5853
2323,中環,25,0,25,統一-中壢,2023-12-04,5853
2332,友訊,25,0,25,統一-中壢,2023-12-04,5853
6026,福邦證,25,0,25,統一-中壢,2023-12-04,5853
2610,華航,47,24,23,統一-中壢,2023-12-04,5853
2421,建準,25,3,22,統一-中壢,2023-12-04,5853
3708,上緯投控,22,0,22,統一-中壢,2023-12-04,5853
1605,華新,29,7,22,統一-中壢,2023-12-04,5853
3706,神達,24,3,21,統一-中壢,2023-12-04,5853
2356,英業達,37,17,20,統一-中壢,2023-12-04,5853
3049,精金,20,0,20,統一-中壢,2023-12-04,5853
6284,佳邦,20,0,20,統一-中壢,2023-12-04,5853
8936,國統,19,0,19,統一-中壢,2023-12-04,5853
00690,兆豐藍籌30,18,0,18,統一-中壢,2023-12-04,5853
3276,宇環,18,0,18,統一-中壢,2023-12-04,5853
2027,大成鋼,20,2,18,統一-中壢,2023-12-04,5853
4533,協易機,23,6,17,統一-中壢,2023-12-04,5853
1503,士電,17,1,16,統一-中壢,2023-12-04,5853
00850,元大臺灣ESG永續,15,0,15,統一-中壢,2023-12-04,5853
00931B,統一美債20年,14,0,14,統一-中壢,2023-12-04,5853
00891,中信關鍵半導體,14,0,14,統一-中壢,2023-12-04,5853
4961,天鈺,15,1,14,統一-中壢,2023-12-04,5853
6770,力積電,16,2,14,統一-中壢,2023-12-04,5853
8940,新天地,14,0,14,統一-中壢,2023-12-04,5853
8054,安國,14,1,13,統一-中壢,2023-12-04,5853
1314,中石化,13,0,13,統一-中壢,2023-12-04,5853
2641,正德,21,8,13,統一-中壢,2023-12-04,5853
4956,光鋐,13,0,13,統一-中壢,2023-12-04,5853
00918,大華優利高填息30,193,0,193,統一-中壢,2023-12-05,5853
00919,群益台灣精選高息,159,7,152,統一-中壢,2023-12-05,5853
9904,寶成,155,4,151,統一-中壢,2023-12-05,5853
00929,復華台灣科技優息,130,7,123,統一-中壢,2023-12-05,5853
2323,中環,104,0,104,統一-中壢,2023-12-05,5853
00937B,群益ESG投等債20,331,236,95,統一-中壢,2023-12-05,5853
6244,茂迪,80,0,80,統一-中壢,2023-12-05,5853
00934,中信成長高股息,80,8,72,統一-中壢,2023-12-05,5853
3003,健和興,64,0,64,統一-中壢,2023-12-05,5853
9103,美德醫療-DR,62,5,57,統一-中壢,2023-12-05,5853
2883,凱基金,70,14,56,統一-中壢,2023-12-05,5853
2489,瑞軒,55,0,55,統一-中壢,2023-12-05,5853
00712,復華富時不動產,59,5,54,統一-中壢,2023-12-05,5853
4167,松瑞藥,84,33,51,統一-中壢,2023-12-05,5853
00935,野村臺灣新科技50,51,0,51,統一-中壢,2023-12-05,5853
00905,FT臺灣Smart,50,0,50,統一-中壢,2023-12-05,5853
6288,聯嘉,50,0,50,統一-中壢,2023-12-05,5853
2303,聯電,43,0,43,統一-中壢,2023-12-05,5853
00632R,元大台灣50反1,41,0,41,統一-中壢,2023-12-05,5853
2356,英業達,41,2,39,統一-中壢,2023-12-05,5853
00882,中信中國高股息,39,0,39,統一-中壢,2023-12-05,5853
00687B,國泰20年美債,39,1,38,統一-中壢,2023-12-05,5853
1314,中石化,36,0,36,統一-中壢,2023-12-05,5853
6285,啟��,54,18,36,統一-中壢,2023-12-05,5853
6933,AMAX-KY,33,0,33,統一-中壢,2023-12-05,5853
00915,凱基優選高股息30,33,0,33,統一-中壢,2023-12-05,5853
1905,華紙,32,0,32,統一-中壢,2023-12-05,5853
1718,中纖,30,0,30,統一-中壢,2023-12-05,5853
5516,雙喜,28,0,28,統一-中壢,2023-12-05,5853
2891,中信金,28,1,27,統一-中壢,2023-12-05,5853
00688L,國泰20年美債正2,25,0,25,統一-中壢,2023-12-05,5853
00679B,元大美債20年,26,1,25,統一-中壢,2023-12-05,5853
00753L,中信中國50正2,24,0,24,統一-中壢,2023-12-05,5853
2413,環科,27,3,24,統一-中壢,2023-12-05,5853
5608,四維航,42,18,24,統一-中壢,2023-12-05,5853
1605,華新,24,2,22,統一-中壢,2023-12-05,5853
5272,笙科,25,3,22,統一-中壢,2023-12-05,5853
3596,智易,25,4,21,統一-中壢,2023-12-05,5853
5347,世界,26,6,20,統一-中壢,2023-12-05,5853
00858,永豐美國500大,18,0,18,統一-中壢,2023-12-05,5853
1514,亞力,17,1,16,統一-中壢,2023-12-05,5853
2634,漢翔,21,5,16,統一-中壢,2023-12-05,5853
1810,和成,15,0,15,統一-中壢,2023-12-05,5853
4123,晟德,15,0,15,統一-中壢,2023-12-05,5853
2613,中櫃,14,0,14,統一-中壢,2023-12-05,5853
2618,長榮航,21,7,14,統一-中壢,2023-12-05,5853
00770,國泰北美科技,13,0,13,統一-中壢,2023-12-05,5853
6208,日揚,13,0,13,統一-中壢,2023-12-05,5853
2610,華航,12,0,12,統一-中壢,2023-12-05,5853
00715L,期街口布蘭特正2,15,3,12,統一-中壢,2023-12-05,5853
00929,復華台灣科技優息,165,12,153,統一-中壢,2023-12-06,5853
00680L,元大美債20正2,152,10,142,統一-中壢,2023-12-06,5853
3481,群創,114,5,109,統一-中壢,2023-12-06,5853
2102,泰豐,100,0,100,統一-中壢,2023-12-06,5853
2409,友達,91,0,91,統一-中壢,2023-12-06,5853
00715L,期街口布蘭特正2,86,2,84,統一-中壢,2023-12-06,5853
00919,群益台灣精選高息,76,0,76,統一-中壢,2023-12-06,5853
00679B,元大美債20年,70,0,70,統一-中壢,2023-12-06,5853
2867,三商壽,64,4,60,統一-中壢,2023-12-06,5853
2367,燿華,71,17,54,統一-中壢,2023-12-06,5853
00720B,元大投資級公司債,50,0,50,統一-中壢,2023-12-06,5853
2363,矽統,52,3,49,統一-中壢,2023-12-06,5853
1815,富喬,50,3,47,統一-中壢,2023-12-06,5853
6278,台表科,52,6,46,統一-中壢,2023-12-06,5853
5388,中磊,40,0,40,統一-中壢,2023-12-06,5853
00937B,群益ESG投等債20,269,231,38,統一-中壢,2023-12-06,5853
00931B,統一美債20年,35,0,35,統一-中壢,2023-12-06,5853
2355,敬鵬,54,21,33,統一-中壢,2023-12-06,5853
00896,中信綠能及電動車,33,0,33,統一-中壢,2023-12-06,5853
3078,僑威,30,0,30,統一-中壢,2023-12-06,5853
1608,華榮,30,1,29,統一-中壢,2023-12-06,5853
9904,寶成,31,2,29,統一-中壢,2023-12-06,5853
1506,正道,25,0,25,統一-中壢,2023-12-06,5853
6143,振曜,45,21,24,統一-中壢,2023-12-06,5853
2303,聯電,26,3,23,統一-中壢,2023-12-06,5853
3050,鈺德,24,2,22,統一-中壢,2023-12-06,5853
2314,台揚,21,0,21,統一-中壢,2023-12-06,5853
5864,致和證,21,0,21,統一-中壢,2023-12-06,5853
00918,大華優利高填息30,21,1,20,統一-中壢,2023-12-06,5853
2634,漢翔,23,3,20,統一-中壢,2023-12-06,5853
2014,中鴻,20,1,19,統一-中壢,2023-12-06,5853
2845,遠東銀,20,1,19,統一-中壢,2023-12-06,5853
6285,啟��,21,2,19,統一-中壢,2023-12-06,5853
2611,志信,25,7,18,統一-中壢,2023-12-06,5853
6901,鑽石投資,20,2,18,統一-中壢,2023-12-06,5853
3706,神達,20,4,16,統一-中壢,2023-12-06,5853
00882,中信中國高股息,15,0,15,統一-中壢,2023-12-06,5853
00633L,富邦上証正2,14,0,14,統一-中壢,2023-12-06,5853
1325,恆大,20,6,14,統一-中壢,2023-12-06,5853
2419,仲琦,21,7,14,統一-中壢,2023-12-06,5853
2486,一詮,13,0,13,統一-中壢,2023-12-06,5853
1605,華新,17,5,12,統一-中壢,2023-12-06,5853
00712,復華富時不動產,11,0,11,統一-中壢,2023-12-06,5853
1513,中興電,23,11,12,統一-中壢,2023-12-06,5853
1582,信錦,12,1,11,統一-中壢,2023-12-06,5853
00637L,元大滬深300正2,235,224,11,統一-中壢,2023-12-06,5853
2369,菱生,11,0,11,統一-中壢,2023-12-06,5853
2358,廷鑫,10,0,10,統一-中壢,2023-12-06,5853
2610,華航,10,0,10,統一-中壢,2023-12-06,5853
2903,遠百,10,0,10,統一-中壢,2023-12-06,5853
00919,群益台灣精選高息,264,16,248,統一-中壢,2023-12-07,5853
00679B,元大美債20年,154,5,149,統一-中壢,2023-12-07,5853
00715L,期街口布蘭特正2,105,1,104,統一-中壢,2023-12-07,5853
2867,三商壽,100,0,100,統一-中壢,2023-12-07,5853
6933,AMAX-KY,78,1,77,統一-中壢,2023-12-07,5853
1815,富喬,66,0,66,統一-中壢,2023-12-07,5853
2618,長榮航,86,20,66,統一-中壢,2023-12-07,5853
00929,復華台灣科技優息,82,25,57,統一-中壢,2023-12-07,5853
00937B,群益ESG投等債20,227,171,56,統一-中壢,2023-12-07,5853
00688L,國泰20年美債正2,55,0,55,統一-中壢,2023-12-07,5853
00642U,期元大S＆P石油,43,0,43,統一-中壢,2023-12-07,5853
00753L,中信中國50正2,36,0,36,統一-中壢,2023-12-07,5853
9904,寶成,37,1,36,統一-中壢,2023-12-07,5853
1314,中石化,35,0,35,統一-中壢,2023-12-07,5853
2233,宇隆,31,0,31,統一-中壢,2023-12-07,5853
2505,國揚,31,0,31,統一-中壢,2023-12-07,5853
5381,合正,32,1,31,統一-中壢,2023-12-07,5853
1609,大亞,41,11,30,統一-中壢,2023-12-07,5853
6667,信紘科,29,0,29,統一-中壢,2023-12-07,5853
2377,微星,29,2,27,統一-中壢,2023-12-07,5853
00637L,元大滬深300正2,28,2,26,統一-中壢,2023-12-07,5853
2421,建準,25,1,24,統一-中壢,2023-12-07,5853
2359,所羅門,30,6,24,統一-中壢,2023-12-07,5853
2399,映泰,29,6,23,統一-中壢,2023-12-07,5853
1529,樂事綠能,49,27,22,統一-中壢,2023-12-07,5853
8163,達方,23,1,22,統一-中壢,2023-12-07,5853
2641,正德,30,9,21,統一-中壢,2023-12-07,5853
00752,中信中國50,20,0,20,統一-中壢,2023-12-07,5853
2444,兆勁,20,0,20,統一-中壢,2023-12-07,5853
2606,裕民,22,2,20,統一-中壢,2023-12-07,5853
3260,威剛,21,2,19,統一-中壢,2023-12-07,5853
00882,中信中國高股息,48,29,19,統一-中壢,2023-12-07,5853
00918,大華優利高填息30,27,10,17,統一-中壢,2023-12-07,5853
2324,仁寶,20,3,17,統一-中壢,2023-12-07,5853
00665L,富邦�琤肭磪囓�2,51,35,16,統一-中壢,2023-12-07,5853
1616,億泰,18,2,16,統一-中壢,2023-12-07,5853
00713,元大台灣高息低波,14,0,14,統一-中壢,2023-12-07,5853
6168,宏齊,15,1,14,統一-中壢,2023-12-07,5853
2481,強茂,14,1,13,統一-中壢,2023-12-07,5853
5864,致和證,12,0,12,統一-中壢,2023-12-07,5853
6412,群電,12,0,12,統一-中壢,2023-12-07,5853
3374,精材,14,2,12,統一-中壢,2023-12-07,5853
1522,堤維西,39,28,11,統一-中壢,2023-12-07,5853
2401,凌陽,53,42,11,統一-中壢,2023-12-07,5853
2206,三陽工業,15,4,11,統一-中壢,2023-12-07,5853
00751B,元大AAA至A公司債,10,0,10,統一-中壢,2023-12-07,5853
00632R,元大台灣50反1,40,30,10,統一-中壢,2023-12-07,5853
00933B,國泰10Y+金融債,10,0,10,統一-中壢,2023-12-07,5853
1312,國喬,10,0,10,統一-中壢,2023-12-07,5853
1313,聯成,10,0,10,統一-中壢,2023-12-07,5853
2606,裕民,173,21,152,統一-中壢,2023-12-08,5853
00680L,元大美債20正2,87,0,87,統一-中壢,2023-12-08,5853
00931B,統一美債20年,85,0,85,統一-中壢,2023-12-08,5853
00715L,期街口布蘭特正2,71,1,70,統一-中壢,2023-12-08,5853
00878,國泰永續高股息,61,0,61,統一-中壢,2023-12-08,5853
00937B,群益ESG投等債20,91,30,61,統一-中壢,2023-12-08,5853
6933,AMAX-KY,55,0,55,統一-中壢,2023-12-08,5853
1815,富喬,44,1,43,統一-中壢,2023-12-08,5853
2641,正德,47,4,43,統一-中壢,2023-12-08,5853
9904,寶成,40,0,40,統一-中壢,2023-12-08,5853
00919,群益台灣精選高息,40,0,40,統一-中壢,2023-12-08,5853
00687B,國泰20年美債,49,11,38,統一-中壢,2023-12-08,5853
2314,台揚,47,10,37,統一-中壢,2023-12-08,5853
2605,新興,50,16,34,統一-中壢,2023-12-08,5853
4906,正文,37,5,32,統一-中壢,2023-12-08,5853
4938,和碩,30,0,30,統一-中壢,2023-12-08,5853
5521,工信,33,3,30,統一-中壢,2023-12-08,5853
2630,亞航,30,1,29,統一-中壢,2023-12-08,5853
00753L,中信中國50正2,28,0,28,統一-中壢,2023-12-08,5853
00679B,元大美債20年,26,0,26,統一-中壢,2023-12-08,5853
00642U,期元大S＆P石油,26,0,26,統一-中壢,2023-12-08,5853
1319,東陽,35,13,22,統一-中壢,2023-12-08,5853
3265,台星科,21,0,21,統一-中壢,2023-12-08,5853
2104,國際中橡,21,0,21,統一-中壢,2023-12-08,5853
2367,燿華,56,36,20,統一-中壢,2023-12-08,5853
1504,東元,27,8,19,統一-中壢,2023-12-08,5853
2303,聯電,19,0,19,統一-中壢,2023-12-08,5853
6143,振曜,20,1,19,統一-中壢,2023-12-08,5853
3481,群創,19,1,18,統一-中壢,2023-12-08,5853
00751B,元大AAA至A公司債,18,0,18,統一-中壢,2023-12-08,5853
00882,中信中國高股息,16,0,16,統一-中壢,2023-12-08,5853
3041,揚智,24,8,16,統一-中壢,2023-12-08,5853
4939,亞電,15,0,15,統一-中壢,2023-12-08,5853
6116,彩晶,15,0,15,統一-中壢,2023-12-08,5853
8261,富鼎,18,4,14,統一-中壢,2023-12-08,5853
2313,華通,25,12,13,統一-中壢,2023-12-08,5853
00772B,中信高評級公司債,17,5,12,統一-中壢,2023-12-08,5853
00918,大華優利高填息30,12,0,12,統一-中壢,2023-12-08,5853
5347,世界,18,6,12,統一-中壢,2023-12-08,5853
2610,華航,30,18,12,統一-中壢,2023-12-08,5853
00690,兆豐藍籌30,11,0,11,統一-中壢,2023-12-08,5853
1313,聯成,11,0,11,統一-中壢,2023-12-08,5853
3689,湧德,11,0,11,統一-中壢,2023-12-08,5853
6412,群電,11,0,11,統一-中壢,2023-12-08,5853
00713,元大台灣高息低波,11,0,11,統一-中壢,2023-12-08,5853
00653L,富邦印度正2,10,0,10,統一-中壢,2023-12-08,5853
2374,佳能,10,0,10,統一-中壢,2023-12-08,5853
2402,毅嘉,10,0,10,統一-中壢,2023-12-08,5853
2442,新美齊,10,0,10,統一-中壢,2023-12-08,5853
6016,康和證,10,0,10,統一-中壢,2023-12-08,5853
00882,中信中國高股息,220,19,201,統一-中壢,2023-12-11,5853
3078,僑威,135,4,131,統一-中壢,2023-12-11,5853
00878,國泰永續高股息,111,5,106,統一-中壢,2023-12-11,5853
00929,復華台灣科技優息,101,2,99,統一-中壢,2023-12-11,5853
00680L,元大美債20正2,72,0,72,統一-中壢,2023-12-11,5853
5289,宜鼎,71,0,71,統一-中壢,2023-12-11,5853
3041,揚智,66,4,62,統一-中壢,2023-12-11,5853
1314,中石化,61,0,61,統一-中壢,2023-12-11,5853
2362,藍天,50,0,50,統一-中壢,2023-12-11,5853
00753L,中信中國50正2,45,1,44,統一-中壢,2023-12-11,5853
00919,群益台灣精選高息,148,105,43,統一-中壢,2023-12-11,5853
6933,AMAX-KY,40,0,40,統一-中壢,2023-12-11,5853
6219,富旺,40,2,38,統一-中壢,2023-12-11,5853
00665L,富邦�琤肭磪囓�2,36,4,32,統一-中壢,2023-12-11,5853
1319,東陽,42,10,32,統一-中壢,2023-12-11,5853
00637L,元大滬深300正2,101,71,30,統一-中壢,2023-12-11,5853
2489,瑞軒,30,0,30,統一-中壢,2023-12-11,5853
2401,凌陽,29,1,28,統一-中壢,2023-12-11,5853
2102,泰豐,25,0,25,統一-中壢,2023-12-11,5853
2913,農林,24,0,24,統一-中壢,2023-12-11,5853
2883,凱基金,23,1,22,統一-中壢,2023-12-11,5853
3305,昇貿,23,1,22,統一-中壢,2023-12-11,5853
6412,群電,22,0,22,統一-中壢,2023-12-11,5853
00885,富邦越南,20,0,20,統一-中壢,2023-12-11,5853
6016,康和證,20,0,20,統一-中壢,2023-12-11,5853
00687B,國泰20年美債,19,0,19,統一-中壢,2023-12-11,5853
1324,地球,30,12,18,統一-中壢,2023-12-11,5853
2313,華通,29,13,16,統一-中壢,2023-12-11,5853
2317,鴻海,17,1,16,統一-中壢,2023-12-11,5853
3044,健鼎,16,0,16,統一-中壢,2023-12-11,5853
00713,元大台灣高息低波,17,2,15,統一-中壢,2023-12-11,5853
1584,精剛,14,0,14,統一-中壢,2023-12-11,5853
1524,耿鼎,34,20,14,統一-中壢,2023-12-11,5853
1815,富喬,25,12,13,統一-中壢,2023-12-11,5853
2465,麗臺,13,0,13,統一-中壢,2023-12-11,5853
2882,國泰金,13,0,13,統一-中壢,2023-12-11,5853
1514,亞力,24,12,12,統一-中壢,2023-12-11,5853
2388,威盛,17,6,11,統一-中壢,2023-12-11,5853
2390,云辰,11,0,11,統一-中壢,2023-12-11,5853
6457,紘康,15,4,11,統一-中壢,2023-12-11,5853
1609,大亞,18,8,10,統一-中壢,2023-12-11,5853
00679B,元大美債20年,15,5,10,統一-中壢,2023-12-11,5853
00706L,期元大S＆P日圓正2,10,0,10,統一-中壢,2023-12-11,5853
00888,永豐台灣ESG,10,0,10,統一-中壢,2023-12-11,5853
1810,和成,10,0,10,統一-中壢,2023-12-11,5853
4906,正文,15,5,10,統一-中壢,2023-12-11,5853
6005,群益證,10,0,10,統一-中壢,2023-12-11,5853
6213,聯茂,10,0,10,統一-中壢,2023-12-11,5853
8068,全達,10,0,10,統一-中壢,2023-12-11,5853
8086,宏捷科,10,0,10,統一-中壢,2023-12-11,5853
3078,僑威,93,5,88,統一-中壢,2023-12-12,5853
00878,國泰永續高股息,86,12,74,統一-中壢,2023-12-12,5853
2409,友達,56,1,55,統一-中壢,2023-12-12,5853
9904,寶成,53,0,53,統一-中壢,2023-12-12,5853
3520,華盈,50,0,50,統一-中壢,2023-12-12,5853
6143,振曜,47,5,42,統一-中壢,2023-12-12,5853
6219,富旺,40,0,40,統一-中壢,2023-12-12,5853
3260,威剛,45,6,39,統一-中壢,2023-12-12,5853
6933,AMAX-KY,40,1,39,統一-中壢,2023-12-12,5853
00935,野村臺灣新科技50,41,2,39,統一-中壢,2023-12-12,5853
00933B,國泰10Y+金融債,37,0,37,統一-中壢,2023-12-12,5853
00934,中信成長高股息,36,0,36,統一-中壢,2023-12-12,5853
00687B,國泰20年美債,32,1,31,統一-中壢,2023-12-12,5853
00715L,期街口布蘭特正2,30,1,29,統一-中壢,2023-12-12,5853
2367,燿華,60,32,28,統一-中壢,2023-12-12,5853
3231,緯創,30,3,27,統一-中壢,2023-12-12,5853
2331,精英,37,11,26,統一-中壢,2023-12-12,5853
2002,中鋼,36,10,26,統一-中壢,2023-12-12,5853
2102,泰豐,25,2,23,統一-中壢,2023-12-12,5853
3234,光環,23,0,23,統一-中壢,2023-12-12,5853
3025,星通,22,0,22,統一-中壢,2023-12-12,5853
1584,精剛,29,8,21,統一-中壢,2023-12-12,5853
00680L,元大美債20正2,20,0,20,統一-中壢,2023-12-12,5853
2888,新光金,24,8,16,統一-中壢,2023-12-12,5853
6138,茂達,17,2,15,統一-中壢,2023-12-12,5853
6667,信紘科,20,5,15,統一-中壢,2023-12-12,5853
3380,明泰,22,7,15,統一-中壢,2023-12-12,5853
00772B,中信高評級公司債,14,0,14,統一-中壢,2023-12-12,5853
00937B,群益ESG投等債20,84,70,14,統一-中壢,2023-12-12,5853
2337,旺宏,16,3,13,統一-中壢,2023-12-12,5853
2606,裕民,14,2,12,統一-中壢,2023-12-12,5853
3704,合勤控,12,0,12,統一-中壢,2023-12-12,5853
4906,正文,24,12,12,統一-中壢,2023-12-12,5853
2368,金像電,14,3,11,統一-中壢,2023-12-12,5853
1314,中石化,11,0,11,統一-中壢,2023-12-12,5853
3006,晶豪科,11,0,11,統一-中壢,2023-12-12,5853
6282,康舒,12,1,11,統一-中壢,2023-12-12,5853
6770,力積電,12,1,11,統一-中壢,2023-12-12,5853
6901,鑽石投資,13,2,11,統一-中壢,2023-12-12,5853
00688L,國泰20年美債正2,10,0,10,統一-中壢,2023-12-12,5853
00713,元大台灣高息低波,10,0,10,統一-中壢,2023-12-12,5853
00712,復華富時不動產,10,0,10,統一-中壢,2023-12-12,5853
1618,合機,18,8,10,統一-中壢,2023-12-12,5853
3276,宇環,25,15,10,統一-中壢,2023-12-12,5853
4540,全球傳動,10,0,10,統一-中壢,2023-12-12,5853
1503,士電,10,1,9,統一-中壢,2023-12-12,5853
2390,云辰,10,1,9,統一-中壢,2023-12-12,5853
2611,志信,10,1,9,統一-中壢,2023-12-12,5853
3715,定穎投控,12,3,9,統一-中壢,2023-12-12,5853
6217,中探針,9,0,9,統一-中壢,2023-12-12,5853
00665L,富邦�琤肭磪囓�2,458,5,453,統一-中壢,2023-12-13,5853
00715L,期街口布蘭特正2,130,0,130,統一-中壢,2023-12-13,5853
5488,松普,100,0,100,統一-中壢,2023-12-13,5853
5521,工信,100,5,95,統一-中壢,2023-12-13,5853
00919,群益台灣精選高息,78,0,78,統一-中壢,2023-12-13,5853
00918,大華優利高填息30,78,0,78,統一-中壢,2023-12-13,5853
00937B,群益ESG投等債20,67,1,66,統一-中壢,2023-12-13,5853
00931B,統一美債20年,62,0,62,統一-中壢,2023-12-13,5853
00902,中信電池及儲能,60,0,60,統一-中壢,2023-12-13,5853
00935,野村臺灣新科技50,51,0,51,統一-中壢,2023-12-13,5853
6246,臺龍,51,1,50,統一-中壢,2023-12-13,5853
00642U,期元大S＆P石油,49,0,49,統一-中壢,2023-12-13,5853
3481,群創,47,3,44,統一-中壢,2023-12-13,5853
00882,中信中國高股息,53,10,43,統一-中壢,2023-12-13,5853
3520,華盈,40,0,40,統一-中壢,2023-12-13,5853
00934,中信成長高股息,45,7,38,統一-中壢,2023-12-13,5853
00713,元大台灣高息低波,38,1,37,統一-中壢,2023-12-13,5853
2888,新光金,35,0,35,統一-中壢,2023-12-13,5853
6278,台表科,35,0,35,統一-中壢,2023-12-13,5853
6182,合晶,72,39,33,統一-中壢,2023-12-13,5853
00923,群益台ESG低碳50,36,6,30,統一-中壢,2023-12-13,5853
00671R,富邦NASDAQ反1,30,0,30,統一-中壢,2023-12-13,5853
1416,廣豐,30,0,30,統一-中壢,2023-12-13,5853
4958,臻鼎-KY,30,0,30,統一-中壢,2023-12-13,5853
00687B,國泰20年美債,28,1,27,統一-中壢,2023-12-13,5853
00637L,元大滬深300正2,50,25,25,統一-中壢,2023-12-13,5853
2102,泰豐,25,0,25,統一-中壢,2023-12-13,5853
3078,僑威,24,0,24,統一-中壢,2023-12-13,5853
2014,中鴻,20,0,20,統一-中壢,2023-12-13,5853
2634,漢翔,19,1,18,統一-中壢,2023-12-13,5853
8112,至上,30,12,18,統一-中壢,2023-12-13,5853
00933B,國泰10Y+金融債,17,0,17,統一-中壢,2023-12-13,5853
2337,旺宏,19,2,17,統一-中壢,2023-12-13,5853
1101,台泥,18,2,16,統一-中壢,2023-12-13,5853
2402,毅嘉,16,0,16,統一-中壢,2023-12-13,5853
00915,凱基優選高股息30,15,0,15,統一-中壢,2023-12-13,5853
4746,台耀,15,1,14,統一-中壢,2023-12-13,5853
6282,康舒,17,3,14,統一-中壢,2023-12-13,5853
00655L,國泰中國A50正2,14,0,14,統一-中壢,2023-12-13,5853
3622,洋華,32,18,14,統一-中壢,2023-12-13,5853
4976,佳凌,19,5,14,統一-中壢,2023-12-13,5853
8930,青鋼,14,0,14,統一-中壢,2023-12-13,5853
2002,中鋼,14,1,13,統一-中壢,2023-12-13,5853
2882,國泰金,13,0,13,統一-中壢,2023-12-13,5853
00929,復華台灣科技優息,46,33,13,統一-中壢,2023-12-13,5853
2363,矽統,30,17,13,統一-中壢,2023-12-13,5853
8028,昇陽半導體,13,0,13,統一-中壢,2023-12-13,5853
2201,裕隆,12,0,12,統一-中壢,2023-12-13,5853
6202,盛群,12,0,12,統一-中壢,2023-12-13,5853
2515,中工,19,8,11,統一-中壢,2023-12-13,5853
00665L,富邦�琤肭磪囓�2,301,0,301,統一-中壢,2023-12-14,5853
00919,群益台灣精選高息,289,51,238,統一-中壢,2023-12-14,5853
00937B,群益ESG投等債20,195,39,156,統一-中壢,2023-12-14,5853
5512,力麒,103,0,103,統一-中壢,2023-12-14,5853
00680L,元大美債20正2,119,30,89,統一-中壢,2023-12-14,5853
00688L,國泰20年美債正2,91,10,81,統一-中壢,2023-12-14,5853
2323,中環,70,0,70,統一-中壢,2023-12-14,5853
00885,富邦越南,60,2,58,統一-中壢,2023-12-14,5853
00878,國泰永續高股息,127,70,57,統一-中壢,2023-12-14,5853
00929,復華台灣科技優息,184,129,55,統一-中壢,2023-12-14,5853
3380,明泰,47,0,47,統一-中壢,2023-12-14,5853
1584,精剛,45,0,45,統一-中壢,2023-12-14,5853
2880,華南金,44,0,44,統一-中壢,2023-12-14,5853
2014,中鴻,42,0,42,統一-中壢,2023-12-14,5853
00637L,元大滬深300正2,62,22,40,統一-中壢,2023-12-14,5853
2897,王道銀行,40,0,40,統一-中壢,2023-12-14,5853
6285,啟��,97,58,39,統一-中壢,2023-12-14,5853
2888,新光金,35,1,34,統一-中壢,2023-12-14,5853
3437,榮創,34,1,33,統一-中壢,2023-12-14,5853
00905,FT臺灣Smart,50,20,30,統一-中壢,2023-12-14,5853
3231,緯創,46,18,28,統一-中壢,2023-12-14,5853
2353,宏��,33,6,27,統一-中壢,2023-12-14,5853
5521,工信,38,11,27,統一-中壢,2023-12-14,5853
00687B,國泰20年美債,30,4,26,統一-中壢,2023-12-14,5853
00931B,統一美債20年,67,42,25,統一-中壢,2023-12-14,5853
3481,群創,28,4,24,統一-中壢,2023-12-14,5853
00632R,元大台灣50反1,33,10,23,統一-中壢,2023-12-14,5853
2354,鴻準,21,0,21,統一-中壢,2023-12-14,5853
5880,合庫金,21,1,20,統一-中壢,2023-12-14,5853
00902,中信電池及儲能,20,0,20,統一-中壢,2023-12-14,5853
2867,三商壽,20,0,20,統一-中壢,2023-12-14,5853
9105,泰金寶-DR,20,0,20,統一-中壢,2023-12-14,5853
4939,亞電,19,0,19,統一-中壢,2023-12-14,5853
2344,華邦電,26,8,18,統一-中壢,2023-12-14,5853
00900,富邦特選高股息30,40,22,18,統一-中壢,2023-12-14,5853
00751B,元大AAA至A公司債,18,0,18,統一-中壢,2023-12-14,5853
2329,華泰,29,11,18,統一-中壢,2023-12-14,5853
2387,精元,21,3,18,統一-中壢,2023-12-14,5853
00679B,元大美債20年,22,5,17,統一-中壢,2023-12-14,5853
2449,京元電子,21,5,16,統一-中壢,2023-12-14,5853
3540,曜越,16,0,16,統一-中壢,2023-12-14,5853
6582,申豐,16,0,16,統一-中壢,2023-12-14,5853
6770,力積電,24,8,16,統一-中壢,2023-12-14,5853
2313,華通,50,35,15,統一-中壢,2023-12-14,5853
2332,友訊,21,6,15,統一-中壢,2023-12-14,5853
6005,群益證,15,0,15,統一-中壢,2023-12-14,5853
8028,昇陽半導體,15,0,15,統一-中壢,2023-12-14,5853
00720B,元大投資級公司債,15,1,14,統一-中壢,2023-12-14,5853
2442,新美齊,15,2,13,統一-中壢,2023-12-14,5853
6176,瑞儀,13,0,13,統一-中壢,2023-12-14,5853
2356,英業達,274,126,148,統一-中壢,2023-12-15,5853
00688L,國泰20年美債正2,101,11,90,統一-中壢,2023-12-15,5853
00632R,元大台灣50反1,85,0,85,統一-中壢,2023-12-15,5853
00918,大華優利高填息30,95,12,83,統一-中壢,2023-12-15,5853
00637L,元大滬深300正2,85,33,52,統一-中壢,2023-12-15,5853
0056,元大高股息,79,32,47,統一-中壢,2023-12-15,5853
5388,中磊,50,10,40,統一-中壢,2023-12-15,5853
5512,力麒,41,1,40,統一-中壢,2023-12-15,5853
00679B,元大美債20年,38,1,37,統一-中壢,2023-12-15,5853
00687B,國泰20年美債,45,9,36,統一-中壢,2023-12-15,5853
9919,康那香,35,0,35,統一-中壢,2023-12-15,5853
2641,正德,34,0,34,統一-中壢,2023-12-15,5853
2645,長榮航太,33,0,33,統一-中壢,2023-12-15,5853
3481,群創,34,8,26,統一-中壢,2023-12-15,5853
00751B,元大AAA至A公司債,25,1,24,統一-中壢,2023-12-15,5853
00882,中信中國高股息,24,0,24,統一-中壢,2023-12-15,5853
00885,富邦越南,23,0,23,統一-中壢,2023-12-15,5853
2505,國揚,22,0,22,統一-中壢,2023-12-15,5853
3540,曜越,21,0,21,統一-中壢,2023-12-15,5853
2609,陽明,33,12,21,統一-中壢,2023-12-15,5853
1319,東陽,31,11,20,統一-中壢,2023-12-15,5853
6223,旺矽,20,0,20,統一-中壢,2023-12-15,5853
2363,矽統,72,52,20,統一-中壢,2023-12-15,5853
00929,復華台灣科技優息,260,241,19,統一-中壢,2023-12-15,5853
00720B,元大投資級公司債,19,1,18,統一-中壢,2023-12-15,5853
6933,AMAX-KY,17,0,17,統一-中壢,2023-12-15,5853
00770,國泰北美科技,17,0,17,統一-中壢,2023-12-15,5853
9938,百和,17,0,17,統一-中壢,2023-12-15,5853
1513,中興電,21,5,16,統一-中壢,2023-12-15,5853
6517,保勝光學,16,0,16,統一-中壢,2023-12-15,5853
6609,瀧澤科,16,0,16,統一-中壢,2023-12-15,5853
00858,永豐美國500大,15,0,15,統一-中壢,2023-12-15,5853
1733,五鼎,15,0,15,統一-中壢,2023-12-15,5853
2201,裕隆,15,0,15,統一-中壢,2023-12-15,5853
6412,群電,15,0,15,統一-中壢,2023-12-15,5853
8028,昇陽半導體,15,0,15,統一-中壢,2023-12-15,5853
1905,華紙,17,3,14,統一-中壢,2023-12-15,5853
6026,福邦證,14,0,14,統一-中壢,2023-12-15,5853
00764B,群益25年美債,13,0,13,統一-中壢,2023-12-15,5853
3380,明泰,13,0,13,統一-中壢,2023-12-15,5853
1305,華夏,12,0,12,統一-中壢,2023-12-15,5853
00936,台新永續高息中小,11,0,11,統一-中壢,2023-12-15,5853
2897,王道銀行,11,0,11,統一-中壢,2023-12-15,5853
3596,智易,21,10,11,統一-中壢,2023-12-15,5853
00915,凱基優選高股息30,12,2,10,統一-中壢,2023-12-15,5853
00655L,國泰中國A50正2,10,0,10,統一-中壢,2023-12-15,5853
2034,允強,10,0,10,統一-中壢,2023-12-15,5853
2606,裕民,11,1,10,統一-中壢,2023-12-15,5853
3234,光環,10,0,10,統一-中壢,2023-12-15,5853
3265,台星科,12,2,10,統一-中壢,2023-12-15,5853
00929,復華台灣科技優息,269,29,240,統一-中壢,2023-12-18,5853
00687B,國泰20年美債,185,5,180,統一-中壢,2023-12-18,5853
2014,中鴻,203,53,150,統一-中壢,2023-12-18,5853
2888,新光金,65,0,65,統一-中壢,2023-12-18,5853
00680L,元大美債20正2,115,50,65,統一-中壢,2023-12-18,5853
2605,新興,66,2,64,統一-中壢,2023-12-18,5853
00688L,國泰20年美債正2,91,40,51,統一-中壢,2023-12-18,5853
00679B,元大美債20年,59,10,49,統一-中壢,2023-12-18,5853
6285,啟��,50,1,49,統一-中壢,2023-12-18,5853
2801,彰銀,48,2,46,統一-中壢,2023-12-18,5853
2002,中鋼,56,12,44,統一-中壢,2023-12-18,5853
1102,亞泥,43,0,43,統一-中壢,2023-12-18,5853
00885,富邦越南,36,0,36,統一-中壢,2023-12-18,5853
2323,中環,30,0,30,統一-中壢,2023-12-18,5853
2645,長榮航太,30,2,28,統一-中壢,2023-12-18,5853
2367,燿華,57,30,27,統一-中壢,2023-12-18,5853
2884,玉山金,29,2,27,統一-中壢,2023-12-18,5853
2608,嘉里大榮,23,0,23,統一-中壢,2023-12-18,5853
5608,四維航,22,0,22,統一-中壢,2023-12-18,5853
6582,申豐,22,0,22,統一-中壢,2023-12-18,5853
2356,英業達,93,72,21,統一-中壢,2023-12-18,5853
2409,友達,21,0,21,統一-中壢,2023-12-18,5853
2610,華航,26,5,21,統一-中壢,2023-12-18,5853
6274,台燿,21,0,21,統一-中壢,2023-12-18,5853
6222,上揚,20,0,20,統一-中壢,2023-12-18,5853
9902,台火,20,0,20,統一-中壢,2023-12-18,5853
2615,萬海,26,8,18,統一-中壢,2023-12-18,5853
2449,京元電子,17,1,16,統一-中壢,2023-12-18,5853
2206,三陽工業,16,0,16,統一-中壢,2023-12-18,5853
2387,精元,16,0,16,統一-中壢,2023-12-18,5853
00936,台新永續高息中小,15,0,15,統一-中壢,2023-12-18,5853
2027,大成鋼,18,3,15,統一-中壢,2023-12-18,5853
5009,榮剛,14,0,14,統一-中壢,2023-12-18,5853
2883,凱基金,15,2,13,統一-中壢,2023-12-18,5853
3515,華擎,16,4,12,統一-中壢,2023-12-18,5853
6127,九豪,12,0,12,統一-中壢,2023-12-18,5853
00933B,國泰10Y+金融債,11,0,11,統一-中壢,2023-12-18,5853
1524,耿鼎,11,0,11,統一-中壢,2023-12-18,5853
1701,中化,11,0,11,統一-中壢,2023-12-18,5853
6741,91APP*-KY,11,0,11,統一-中壢,2023-12-18,5853
1815,富喬,11,0,11,統一-中壢,2023-12-18,5853
1605,華新,35,25,10,統一-中壢,2023-12-18,5853
2880,華南金,10,0,10,統一-中壢,2023-12-18,5853
3499,環天科,10,0,10,統一-中壢,2023-12-18,5853
5469,瀚宇博,13,3,10,統一-中壢,2023-12-18,5853
6023,元大期,10,0,10,統一-中壢,2023-12-18,5853
6279,胡連,10,0,10,統一-中壢,2023-12-18,5853
9103,美德醫療-DR,10,0,10,統一-中壢,2023-12-18,5853
1319,東陽,14,5,9,統一-中壢,2023-12-18,5853
00696B,富邦美債20年,9,0,9,統一-中壢,2023-12-18,5853
00929,復華台灣科技優息,303,104,199,統一-中壢,2023-12-19,5853
00687B,國泰20年美債,171,25,146,統一-中壢,2023-12-19,5853
00919,群益台灣精選高息,158,34,124,統一-中壢,2023-12-19,5853
2101,南港,110,0,110,統一-中壢,2023-12-19,5853
00937B,群益ESG投等債20,104,22,82,統一-中壢,2023-12-19,5853
3624,光頡,70,16,54,統一-中壢,2023-12-19,5853
1319,東陽,56,11,45,統一-中壢,2023-12-19,5853
00680L,元大美債20正2,37,0,37,統一-中壢,2023-12-19,5853
5498,凱崴,30,0,30,統一-中壢,2023-12-19,5853
6443,元晶,33,4,29,統一-中壢,2023-12-19,5853
00934,中信成長高股息,43,16,27,統一-中壢,2023-12-19,5853
1102,亞泥,25,0,25,統一-中壢,2023-12-19,5853
2344,華邦電,24,0,24,統一-中壢,2023-12-19,5853
2637,慧洋-KY,23,1,22,統一-中壢,2023-12-19,5853
4157,太景*-KY,30,8,22,統一-中壢,2023-12-19,5853
2008,高興昌,20,0,20,統一-中壢,2023-12-19,5853
2038,海光,25,5,20,統一-中壢,2023-12-19,5853
2617,台航,18,0,18,統一-中壢,2023-12-19,5853
2363,矽統,23,6,17,統一-中壢,2023-12-19,5853
1815,富喬,18,2,16,統一-中壢,2023-12-19,5853
8163,達方,16,0,16,統一-中壢,2023-12-19,5853
3704,合勤控,16,0,16,統一-中壢,2023-12-19,5853
3006,晶豪科,17,2,15,統一-中壢,2023-12-19,5853
1781,合世,15,0,15,統一-中壢,2023-12-19,5853
1905,華紙,17,2,15,統一-中壢,2023-12-19,5853
5388,中磊,20,5,15,統一-中壢,2023-12-19,5853
00918,大華優利高填息30,22,8,14,統一-中壢,2023-12-19,5853
2442,新美齊,14,0,14,統一-中壢,2023-12-19,5853
2303,聯電,17,4,13,統一-中壢,2023-12-19,5853
6933,AMAX-KY,13,0,13,統一-中壢,2023-12-19,5853
2449,京元電子,14,2,12,統一-中壢,2023-12-19,5853
2801,彰銀,12,0,12,統一-中壢,2023-12-19,5853
3711,日月光投控,12,0,12,統一-中壢,2023-12-19,5853
2023,燁輝,11,0,11,統一-中壢,2023-12-19,5853
2897,王道銀行,11,0,11,統一-中壢,2023-12-19,5853
2913,農林,15,4,11,統一-中壢,2023-12-19,5853
3044,健鼎,11,0,11,統一-中壢,2023-12-19,5853
6222,上揚,11,0,11,統一-中壢,2023-12-19,5853
00933B,國泰10Y+金融債,10,0,10,統一-中壢,2023-12-19,5853
3105,穩懋,11,1,10,統一-中壢,2023-12-19,5853
00753L,中信中國50正2,10,0,10,統一-中壢,2023-12-19,5853
00927,群益半導體收益,10,0,10,統一-中壢,2023-12-19,5853
1313,聯成,10,0,10,統一-中壢,2023-12-19,5853
2365,昆盈,10,0,10,統一-中壢,2023-12-19,5853
2367,燿華,12,2,10,統一-中壢,2023-12-19,5853
2838,聯邦銀,10,0,10,統一-中壢,2023-12-19,5853
2892,第一金,10,0,10,統一-中壢,2023-12-19,5853
3380,明泰,10,0,10,統一-中壢,2023-12-19,5853
3707,漢磊,10,0,10,統一-中壢,2023-12-19,5853
6164,華興,10,0,10,統一-中壢,2023-12-19,5853
6770,力積電,618,2,616,統一-中壢,2023-12-20,5853
00929,復華台灣科技優息,255,6,249,統一-中壢,2023-12-20,5853
2069,運錩,100,0,100,統一-中壢,2023-12-20,5853
00919,群益台灣精選高息,81,1,80,統一-中壢,2023-12-20,5853
2609,陽明,103,49,54,統一-中壢,2023-12-20,5853
2887,台新金,42,0,42,統一-中壢,2023-12-20,5853
00934,中信成長高股息,41,5,36,統一-中壢,2023-12-20,5853
4133,亞諾法,40,5,35,統一-中壢,2023-12-20,5853
2312,金寶,56,24,32,統一-中壢,2023-12-20,5853
6005,群益證,30,0,30,統一-中壢,2023-12-20,5853
2442,新美齊,29,0,29,統一-中壢,2023-12-20,5853
1504,東元,23,0,23,統一-中壢,2023-12-20,5853
2641,正德,22,0,22,統一-中壢,2023-12-20,5853
8011,台通,25,3,22,統一-中壢,2023-12-20,5853
00679B,元大美債20年,21,0,21,統一-中壢,2023-12-20,5853
2101,南港,21,0,21,統一-中壢,2023-12-20,5853
2365,昆盈,62,41,21,統一-中壢,2023-12-20,5853
4167,松瑞藥,21,0,21,統一-中壢,2023-12-20,5853
6191,精成科,21,0,21,統一-中壢,2023-12-20,5853
9919,康那香,23,2,21,統一-中壢,2023-12-20,5853
2427,三商電,20,0,20,統一-中壢,2023-12-20,5853
6120,達運,20,1,19,統一-中壢,2023-12-20,5853
4938,和碩,20,2,18,統一-中壢,2023-12-20,5853
6222,上揚,18,0,18,統一-中壢,2023-12-20,5853
2618,長榮航,24,7,17,統一-中壢,2023-12-20,5853
2472,立隆電,15,0,15,統一-中壢,2023-12-20,5853
2485,兆赫,15,0,15,統一-中壢,2023-12-20,5853
3481,群創,20,5,15,統一-中壢,2023-12-20,5853
5515,建國,16,3,13,統一-中壢,2023-12-20,5853
8112,至上,13,0,13,統一-中壢,2023-12-20,5853
2020,美亞,15,3,12,統一-中壢,2023-12-20,5853
2542,興富發,14,2,12,統一-中壢,2023-12-20,5853
2867,三商壽,12,0,12,統一-中壢,2023-12-20,5853
2915,潤泰全,12,0,12,統一-中壢,2023-12-20,5853
6414,樺漢,12,0,12,統一-中壢,2023-12-20,5853
00933B,國泰10Y+金融債,11,0,11,統一-中壢,2023-12-20,5853
9911,櫻花,11,0,11,統一-中壢,2023-12-20,5853
00687B,國泰20年美債,13,2,11,統一-中壢,2023-12-20,5853
2331,精英,17,6,11,統一-中壢,2023-12-20,5853
2363,矽統,13,2,11,統一-中壢,2023-12-20,5853
2402,毅嘉,11,0,11,統一-中壢,2023-12-20,5853
2607,榮運,11,0,11,統一-中壢,2023-12-20,5853
3276,宇環,11,0,11,統一-中壢,2023-12-20,5853
5469,瀚宇博,14,3,11,統一-中壢,2023-12-20,5853
6449,鈺邦,11,0,11,統一-中壢,2023-12-20,5853
6582,申豐,11,0,11,統一-中壢,2023-12-20,5853
00795B,中信美國公債20年,10,0,10,統一-中壢,2023-12-20,5853
00632R,元大台灣50反1,10,0,10,統一-中壢,2023-12-20,5853
00673R,期元大S＆P原油反1,10,0,10,統一-中壢,2023-12-20,5853
00935,野村臺灣新科技50,10,0,10,統一-中壢,2023-12-20,5853
00929,復華台灣科技優息,131,5,126,統一-中壢,2023-12-21,5853
00919,群益台灣精選高息,129,18,111,統一-中壢,2023-12-21,5853
00937B,群益ESG投等債20,113,10,103,統一-中壢,2023-12-21,5853
3373,熱映,104,2,102,統一-中壢,2023-12-21,5853
00680L,元大美債20正2,140,50,90,統一-中壢,2023-12-21,5853
2014,中鴻,91,10,81,統一-中壢,2023-12-21,5853
2615,萬海,73,12,61,統一-中壢,2023-12-21,5853
2515,中工,123,68,55,統一-中壢,2023-12-21,5853
3481,群創,70,19,51,統一-中壢,2023-12-21,5853
2610,華航,52,2,50,統一-中壢,2023-12-21,5853
8916,光隆,48,0,48,統一-中壢,2023-12-21,5853
8110,華東,46,4,42,統一-中壢,2023-12-21,5853
2303,聯電,31,0,31,統一-中壢,2023-12-21,5853
1504,東元,30,0,30,統一-中壢,2023-12-21,5853
5210,寶碩,29,0,29,統一-中壢,2023-12-21,5853
8085,福華,29,1,28,統一-中壢,2023-12-21,5853
6138,茂達,29,2,27,統一-中壢,2023-12-21,5853
6443,元晶,21,0,21,統一-中壢,2023-12-21,5853
00632R,元大台灣50反1,30,10,20,統一-中壢,2023-12-21,5853
2892,第一金,20,0,20,統一-中壢,2023-12-21,5853
00878,國泰永續高股息,25,7,18,統一-中壢,2023-12-21,5853
00858,永豐美國500大,18,0,18,統一-中壢,2023-12-21,5853
00715L,期街口布蘭特正2,20,5,15,統一-中壢,2023-12-21,5853
2323,中環,16,1,15,統一-中壢,2023-12-21,5853
2634,漢翔,16,2,14,統一-中壢,2023-12-21,5853
2330,台積電,14,0,14,統一-中壢,2023-12-21,5853
00712,復華富時不動產,14,1,13,統一-中壢,2023-12-21,5853
2353,宏��,44,31,13,統一-中壢,2023-12-21,5853
00770,國泰北美科技,13,0,13,統一-中壢,2023-12-21,5853
2542,興富發,12,0,12,統一-中壢,2023-12-21,5853
2605,新興,13,1,12,統一-中壢,2023-12-21,5853
2617,台航,13,1,12,統一-中壢,2023-12-21,5853
00687B,國泰20年美債,11,0,11,統一-中壢,2023-12-21,5853
4746,台耀,11,0,11,統一-中壢,2023-12-21,5853
6173,信昌電,11,0,11,統一-中壢,2023-12-21,5853
00885,富邦越南,11,1,10,統一-中壢,2023-12-21,5853
2882,國泰金,10,0,10,統一-中壢,2023-12-21,5853
00688L,國泰20年美債正2,20,10,10,統一-中壢,2023-12-21,5853
3026,禾伸堂,10,0,10,統一-中壢,2023-12-21,5853
2331,精英,27,18,9,統一-中壢,2023-12-21,5853
2369,菱生,9,0,9,統一-中壢,2023-12-21,5853
6164,華興,10,1,9,統一-中壢,2023-12-21,5853
8201,無敵,10,1,9,統一-中壢,2023-12-21,5853
2801,彰銀,8,0,8,統一-中壢,2023-12-21,5853
1609,大亞,12,4,8,統一-中壢,2023-12-21,5853
00900,富邦特選高股息30,7,0,7,統一-中壢,2023-12-21,5853
3704,合勤控,7,0,7,統一-中壢,2023-12-21,5853
2201,裕隆,7,0,7,統一-中壢,2023-12-21,5853
2641,正德,22,15,7,統一-中壢,2023-12-21,5853
3005,神基,9,2,7,統一-中壢,2023-12-21,5853
00937B,群益ESG投等債20,94,5,89,統一-中壢,2023-12-22,5853
2891,中信金,58,0,58,統一-中壢,2023-12-22,5853
2641,正德,54,5,49,統一-中壢,2023-12-22,5853
00753L,中信中國50正2,47,0,47,統一-中壢,2023-12-22,5853
2515,中工,44,4,40,統一-中壢,2023-12-22,5853
00919,群益台灣精選高息,49,13,36,統一-中壢,2023-12-22,5853
2356,英業達,52,16,36,統一-中壢,2023-12-22,5853
2367,燿華,34,0,34,統一-中壢,2023-12-22,5853
9917,中保科,32,0,32,統一-中壢,2023-12-22,5853
2399,映泰,30,3,27,統一-中壢,2023-12-22,5853
2498,宏達電,33,7,26,統一-中壢,2023-12-22,5853
6278,台表科,25,0,25,統一-中壢,2023-12-22,5853
3596,智易,25,1,24,統一-中壢,2023-12-22,5853
2105,正新,22,0,22,統一-中壢,2023-12-22,5853
1608,華榮,21,0,21,統一-中壢,2023-12-22,5853
2313,華通,29,10,19,統一-中壢,2023-12-22,5853
2337,旺宏,20,3,17,統一-中壢,2023-12-22,5853
3520,華盈,17,0,17,統一-中壢,2023-12-22,5853
6143,振曜,17,0,17,統一-中壢,2023-12-22,5853
2883,凱基金,15,0,15,統一-中壢,2023-12-22,5853
1513,中興電,23,10,13,統一-中壢,2023-12-22,5853
6182,合晶,12,0,12,統一-中壢,2023-12-22,5853
6933,AMAX-KY,12,0,12,統一-中壢,2023-12-22,5853
1514,亞力,11,0,11,統一-中壢,2023-12-22,5853
2329,華泰,11,0,11,統一-中壢,2023-12-22,5853
00935,野村臺灣新科技50,10,0,10,統一-中壢,2023-12-22,5853
00680L,元大美債20正2,21,11,10,統一-中壢,2023-12-22,5853
00637L,元大滬深300正2,10,0,10,統一-中壢,2023-12-22,5853
00713,元大台灣高息低波,10,0,10,統一-中壢,2023-12-22,5853
1529,樂事綠能,10,0,10,統一-中壢,2023-12-22,5853
2069,運錩,10,0,10,統一-中壢,2023-12-22,5853
2881A,富邦特,10,0,10,統一-中壢,2023-12-22,5853
6005,群益證,10,0,10,統一-中壢,2023-12-22,5853
6244,茂迪,10,0,10,統一-中壢,2023-12-22,5853
6741,91APP*-KY,10,0,10,統一-中壢,2023-12-22,5853
2605,新興,11,2,9,統一-中壢,2023-12-22,5853
3380,明泰,9,0,9,統一-中壢,2023-12-22,5853
00772B,中信高評級公司債,8,0,8,統一-中壢,2023-12-22,5853
00688L,國泰20年美債正2,8,1,7,統一-中壢,2023-12-22,5853
2331,精英,7,0,7,統一-中壢,2023-12-22,5853
4934,太極,7,0,7,統一-中壢,2023-12-22,5853
6245,立端,7,0,7,統一-中壢,2023-12-22,5853
8068,全達,7,0,7,統一-中壢,2023-12-22,5853
2886,兆豐金,7,0,7,統一-中壢,2023-12-22,5853
3231,緯創,10,4,6,統一-中壢,2023-12-22,5853
5009,榮剛,18,12,6,統一-中壢,2023-12-22,5853
00929,復華台灣科技優息,28,22,6,統一-中壢,2023-12-22,5853
2382,廣達,19,13,6,統一-中壢,2023-12-22,5853
1101,台泥,6,0,6,統一-中壢,2023-12-22,5853
1319,東陽,6,0,6,統一-中壢,2023-12-22,5853
2515,中工,351,3,348,統一-中壢,2023-12-25,5853
00680L,元大美債20正2,351,5,346,統一-中壢,2023-12-25,5853
00929,復華台灣科技優息,334,33,301,統一-中壢,2023-12-25,5853
00665L,富邦�琤肭磪囓�2,110,0,110,統一-中壢,2023-12-25,5853
9904,寶成,90,0,90,統一-中壢,2023-12-25,5853
2603,長榮,81,26,55,統一-中壢,2023-12-25,5853
00919,群益台灣精選高息,147,100,47,統一-中壢,2023-12-25,5853
00905,FT臺灣Smart,48,1,47,統一-中壢,2023-12-25,5853
00937B,群益ESG投等債20,40,0,40,統一-中壢,2023-12-25,5853
1806,冠軍,40,0,40,統一-中壢,2023-12-25,5853
5324,士開,40,0,40,統一-中壢,2023-12-25,5853
00688L,國泰20年美債正2,35,0,35,統一-中壢,2023-12-25,5853
2105,正新,31,0,31,統一-中壢,2023-12-25,5853
8088,品安,41,14,27,統一-中壢,2023-12-25,5853
2331,精英,27,3,24,統一-中壢,2023-12-25,5853
2303,聯電,37,14,23,統一-中壢,2023-12-25,5853
6278,台表科,22,0,22,統一-中壢,2023-12-25,5853
00902,中信電池及儲能,20,0,20,統一-中壢,2023-12-25,5853
2069,運錩,20,0,20,統一-中壢,2023-12-25,5853
4402,郡都開發,20,0,20,統一-中壢,2023-12-25,5853
6005,群益證,20,0,20,統一-中壢,2023-12-25,5853
9925,新保,20,0,20,統一-中壢,2023-12-25,5853
2606,裕民,24,5,19,統一-中壢,2023-12-25,5853
5009,榮剛,17,0,17,統一-中壢,2023-12-25,5853
2421,建準,25,8,17,統一-中壢,2023-12-25,5853
00687B,國泰20年美債,18,2,16,統一-中壢,2023-12-25,5853
2367,燿華,16,0,16,統一-中壢,2023-12-25,5853
00931B,統一美債20年,101,86,15,統一-中壢,2023-12-25,5853
2362,藍天,13,0,13,統一-中壢,2023-12-25,5853
2388,威盛,13,0,13,統一-中壢,2023-12-25,5853
2617,台航,20,7,13,統一-中壢,2023-12-25,5853
6285,啟��,13,0,13,統一-中壢,2023-12-25,5853
2014,中鴻,60,48,12,統一-中壢,2023-12-25,5853
5516,雙喜,12,0,12,統一-中壢,2023-12-25,5853
2017,官田鋼,11,0,11,統一-中壢,2023-12-25,5853
2387,精元,11,0,11,統一-中壢,2023-12-25,5853
2505,國揚,11,0,11,統一-中壢,2023-12-25,5853
3707,漢磊,12,1,11,統一-中壢,2023-12-25,5853
00891,中信關鍵半導體,10,0,10,統一-中壢,2023-12-25,5853
00719B,元大美債1-3,10,0,10,統一-中壢,2023-12-25,5853
2630,亞航,10,0,10,統一-中壢,2023-12-25,5853
4945,陞達科技,10,0,10,統一-中壢,2023-12-25,5853
6486,互動,10,0,10,統一-中壢,2023-12-25,5853
2641,正德,10,1,9,統一-中壢,2023-12-25,5853
2812,台中銀,10,1,9,統一-中壢,2023-12-25,5853
3051,力特,14,5,9,統一-中壢,2023-12-25,5853
3596,智易,11,2,9,統一-中壢,2023-12-25,5853
6147,頎邦,10,1,9,統一-中壢,2023-12-25,5853
00713,元大台灣高息低波,9,0,9,統一-中壢,2023-12-25,5853
6901,鑽石投資,10,2,8,統一-中壢,2023-12-25,5853
2515,中工,211,1,210,統一-中壢,2023-12-26,5853
00937B,群益ESG投等債20,81,0,81,統一-中壢,2023-12-26,5853
2609,陽明,99,44,55,統一-中壢,2023-12-26,5853
2367,燿華,55,1,54,統一-中壢,2023-12-26,5853
9904,寶成,45,0,45,統一-中壢,2023-12-26,5853
00751B,元大AAA至A公司債,40,0,40,統一-中壢,2023-12-26,5853
2353,宏��,48,22,26,統一-中壢,2023-12-26,5853
00919,群益台灣精選高息,34,10,24,統一-中壢,2023-12-26,5853
00632R,元大台灣50反1,25,1,24,統一-中壢,2023-12-26,5853
00637L,元大滬深300正2,44,20,24,統一-中壢,2023-12-26,5853
6126,信音,25,1,24,統一-中壢,2023-12-26,5853
2457,飛宏,22,0,22,統一-中壢,2023-12-26,5853
00680L,元大美債20正2,20,0,20,統一-中壢,2023-12-26,5853
6901,鑽石投資,20,0,20,統一-中壢,2023-12-26,5853
00878,國泰永續高股息,20,2,18,統一-中壢,2023-12-26,5853
4953,緯軟,15,0,15,統一-中壢,2023-12-26,5853
3264,欣銓,15,1,14,統一-中壢,2023-12-26,5853
2308,台達電,15,1,14,統一-中壢,2023-12-26,5853
3231,緯創,19,7,12,統一-中壢,2023-12-26,5853
2498,宏達電,12,1,11,統一-中壢,2023-12-26,5853
00679B,元大美債20年,11,0,11,統一-中壢,2023-12-26,5853
3540,曜越,11,0,11,統一-中壢,2023-12-26,5853
5425,台半,10,0,10,統一-中壢,2023-12-26,5853
00719B,元大美債1-3,10,0,10,統一-中壢,2023-12-26,5853
6741,91APP*-KY,10,0,10,統一-中壢,2023-12-26,5853
1519,華城,12,3,9,統一-中壢,2023-12-26,5853
2388,威盛,19,10,9,統一-中壢,2023-12-26,5853
2886,兆豐金,9,0,9,統一-中壢,2023-12-26,5853
3049,精金,10,1,9,統一-中壢,2023-12-26,5853
9917,中保科,9,0,9,統一-中壢,2023-12-26,5853
2344,華邦電,18,9,9,統一-中壢,2023-12-26,5853
3583,辛耘,8,0,8,統一-中壢,2023-12-26,5853
00715L,期街口布蘭特正2,10,2,8,統一-中壢,2023-12-26,5853
3645,達邁,9,1,8,統一-中壢,2023-12-26,5853
00687B,國泰20年美債,7,0,7,統一-中壢,2023-12-26,5853
4561,健椿,7,0,7,統一-中壢,2023-12-26,5853
8046,南電,8,1,7,統一-中壢,2023-12-26,5853
00924,復華S＆P500成長,6,0,6,統一-中壢,2023-12-26,5853
00753L,中信中國50正2,6,0,6,統一-中壢,2023-12-26,5853
2436,偉詮電,6,0,6,統一-中壢,2023-12-26,5853
2481,強茂,6,0,6,統一-中壢,2023-12-26,5853
4939,亞電,6,0,6,統一-中壢,2023-12-26,5853
6667,信紘科,8,2,6,統一-中壢,2023-12-26,5853
8942,森鉅,6,0,6,統一-中壢,2023-12-26,5853
1560,中砂,8,2,6,統一-中壢,2023-12-26,5853
2014,中鴻,56,51,5,統一-中壢,2023-12-26,5853
6290,良維,5,0,5,統一-中壢,2023-12-26,5853
00706L,期元大S＆P日圓正2,5,0,5,統一-中壢,2023-12-26,5853
00700,富邦�琤肭磪�,5,0,5,統一-中壢,2023-12-26,5853
00933B,國泰10Y+金融債,5,0,5,統一-中壢,2023-12-26,5853
00937B,群益ESG投等債20,338,22,316,統一-中壢,2023-12-27,5853
00688L,國泰20年美債正2,201,1,200,統一-中壢,2023-12-27,5853
6288,聯嘉,80,0,80,統一-中壢,2023-12-27,5853
2353,宏��,89,36,53,統一-中壢,2023-12-27,5853
00665L,富邦�琤肭磪囓�2,51,0,51,統一-中壢,2023-12-27,5853
2867,三商壽,40,0,40,統一-中壢,2023-12-27,5853
6282,康舒,40,1,39,統一-中壢,2023-12-27,5853
2609,陽明,59,23,36,統一-中壢,2023-12-27,5853
2603,長榮,43,8,35,統一-中壢,2023-12-27,5853
00632R,元大台灣50反1,25,0,25,統一-中壢,2023-12-27,5853
2313,華通,28,8,20,統一-中壢,2023-12-27,5853
1618,合機,24,4,20,統一-中壢,2023-12-27,5853
6005,群益證,20,0,20,統一-中壢,2023-12-27,5853
2317,鴻海,19,3,16,統一-中壢,2023-12-27,5853
00687B,國泰20年美債,20,4,16,統一-中壢,2023-12-27,5853
2485,兆赫,15,0,15,統一-中壢,2023-12-27,5853
6243,迅杰,14,0,14,統一-中壢,2023-12-27,5853
6770,力積電,31,18,13,統一-中壢,2023-12-27,5853
2312,金寶,23,10,13,統一-中壢,2023-12-27,5853
00696B,富邦美債20年,12,0,12,統一-中壢,2023-12-27,5853
00720B,元大投資級公司債,11,0,11,統一-中壢,2023-12-27,5853
2888,新光金,15,4,11,統一-中壢,2023-12-27,5853
00719B,元大美債1-3,10,0,10,統一-中壢,2023-12-27,5853
00756B,群益投等新興公債,10,0,10,統一-中壢,2023-12-27,5853
2104,國際中橡,10,0,10,統一-中壢,2023-12-27,5853
2409,友達,12,2,10,統一-中壢,2023-12-27,5853
3218,大學光,10,0,10,統一-中壢,2023-12-27,5853
4919,新唐,10,0,10,統一-中壢,2023-12-27,5853
3390,旭軟,19,10,9,統一-中壢,2023-12-27,5853
8054,安國,9,0,9,統一-中壢,2023-12-27,5853
2498,宏達電,27,18,9,統一-中壢,2023-12-27,5853
1560,中砂,9,1,8,統一-中壢,2023-12-27,5853
2362,藍天,8,0,8,統一-中壢,2023-12-27,5853
2393,億光,10,2,8,統一-中壢,2023-12-27,5853
3044,健鼎,8,0,8,統一-中壢,2023-12-27,5853
3083,網龍,8,0,8,統一-中壢,2023-12-27,5853
2462,良得電,8,0,8,統一-中壢,2023-12-27,5853
2101,南港,7,0,7,統一-中壢,2023-12-27,5853
3406,玉晶光,7,0,7,統一-中壢,2023-12-27,5853
6515,穎崴,7,0,7,統一-中壢,2023-12-27,5853
5236,凌陽創新,6,0,6,統一-中壢,2023-12-27,5853
2379,瑞昱,6,0,6,統一-中壢,2023-12-27,5853
00680L,元大美債20正2,6,0,6,統一-中壢,2023-12-27,5853
00753L,中信中國50正2,6,0,6,統一-中壢,2023-12-27,5853
1582,信錦,6,0,6,統一-中壢,2023-12-27,5853
1732,毛寶,7,1,6,統一-中壢,2023-12-27,5853
8040,九暘,8,2,6,統一-中壢,2023-12-27,5853
8163,達方,6,0,6,統一-中壢,2023-12-27,5853
9904,寶成,6,0,6,統一-中壢,2023-12-27,5853
6901,鑽石投資,6,0,6,統一-中壢,2023-12-27,5853
2323,中環,203,21,182,統一-中壢,2023-12-28,5853
00937B,群益ESG投等債20,163,1,162,統一-中壢,2023-12-28,5853
2101,南港,90,0,90,統一-中壢,2023-12-28,5853
00919,群益台灣精選高息,88,2,86,統一-中壢,2023-12-28,5853
00891,中信關鍵半導體,80,0,80,統一-中壢,2023-12-28,5853
00665L,富邦�琤肭磪囓�2,73,2,71,統一-中壢,2023-12-28,5853
2312,金寶,65,0,65,統一-中壢,2023-12-28,5853
3661,世芯-KY,60,0,60,統一-中壢,2023-12-28,5853
2303,聯電,99,47,52,統一-中壢,2023-12-28,5853
5465,富驊,50,0,50,統一-中壢,2023-12-28,5853
2618,長榮航,40,0,40,統一-中壢,2023-12-28,5853
00680L,元大美債20正2,30,0,30,統一-中壢,2023-12-28,5853
4162,智擎,30,0,30,統一-中壢,2023-12-28,5853
2515,中工,25,0,25,統一-中壢,2023-12-28,5853
00632R,元大台灣50反1,122,100,22,統一-中壢,2023-12-28,5853
00715L,期街口布蘭特正2,22,0,22,統一-中壢,2023-12-28,5853
2420,新巨,20,0,20,統一-中壢,2023-12-28,5853
1514,亞力,23,6,17,統一-中壢,2023-12-28,5853
6129,普誠,20,3,17,統一-中壢,2023-12-28,5853
3338,泰碩,17,1,16,統一-中壢,2023-12-28,5853
00719B,元大美債1-3,15,0,15,統一-中壢,2023-12-28,5853
3078,僑威,17,3,14,統一-中壢,2023-12-28,5853
3017,奇鋐,15,2,13,統一-中壢,2023-12-28,5853
2498,宏達電,25,13,12,統一-中壢,2023-12-28,5853
2344,華邦電,22,11,11,統一-中壢,2023-12-28,5853
2610,華航,11,0,11,統一-中壢,2023-12-28,5853
5425,台半,13,2,11,統一-中壢,2023-12-28,5853
1314,中石化,12,1,11,統一-中壢,2023-12-28,5853
6104,創惟,18,8,10,統一-中壢,2023-12-28,5853
00692,富邦公司治理,10,0,10,統一-中壢,2023-12-28,5853
1584,精剛,10,0,10,統一-中壢,2023-12-28,5853
2356,英業達,62,52,10,統一-中壢,2023-12-28,5853
3051,力特,11,1,10,統一-中壢,2023-12-28,5853
3090,日電貿,10,0,10,統一-中壢,2023-12-28,5853
6613,朋億*,10,0,10,統一-中壢,2023-12-28,5853
8916,光隆,10,0,10,統一-中壢,2023-12-28,5853
9105,泰金寶-DR,10,0,10,統一-中壢,2023-12-28,5853
3265,台星科,10,1,9,統一-中壢,2023-12-28,5853
3305,昇貿,8,0,8,統一-中壢,2023-12-28,5853
2455,全新,8,0,8,統一-中壢,2023-12-28,5853
2442,新美齊,10,2,8,統一-中壢,2023-12-28,5853
8096,擎亞,27,19,8,統一-中壢,2023-12-28,5853
3450,聯鈞,13,5,8,統一-中壢,2023-12-28,5853
2603,長榮,27,20,7,統一-中壢,2023-12-28,5853
3376,新日興,7,1,6,統一-中壢,2023-12-28,5853
00712,復華富時不動產,9,3,6,統一-中壢,2023-12-28,5853
00934,中信成長高股息,6,0,6,統一-中壢,2023-12-28,5853
00687B,國泰20年美債,7,1,6,統一-中壢,2023-12-28,5853
00669R,國泰美國道瓊反1,6,0,6,統一-中壢,2023-12-28,5853
1605,華新,8,2,6,統一-中壢,2023-12-28,5853
2409,友達,385,5,380,統一-中壢,2023-12-29,5853
00937B,群益ESG投等債20,178,5,173,統一-中壢,2023-12-29,5853
00637L,元大滬深300正2,159,42,117,統一-中壢,2023-12-29,5853
2515,中工,90,13,77,統一-中壢,2023-12-29,5853
00919,群益台灣精選高息,71,2,69,統一-中壢,2023-12-29,5853
00891,中信關鍵半導體,62,0,62,統一-中壢,2023-12-29,5853
2014,中鴻,60,0,60,統一-中壢,2023-12-29,5853
3661,世芯-KY,55,0,55,統一-中壢,2023-12-29,5853
3041,揚智,50,0,50,統一-中壢,2023-12-29,5853
00665L,富邦�琤肭磪囓�2,76,28,48,統一-中壢,2023-12-29,5853
00679B,元大美債20年,50,5,45,統一-中壢,2023-12-29,5853
00680L,元大美債20正2,43,0,43,統一-中壢,2023-12-29,5853
2352,佳世達,41,2,39,統一-中壢,2023-12-29,5853
2609,陽明,35,3,32,統一-中壢,2023-12-29,5853
00715L,期街口布蘭特正2,32,0,32,統一-中壢,2023-12-29,5853
3078,僑威,92,61,31,統一-中壢,2023-12-29,5853
2101,南港,30,0,30,統一-中壢,2023-12-29,5853
2618,長榮航,44,15,29,統一-中壢,2023-12-29,5853
00931B,統一美債20年,27,0,27,統一-中壢,2023-12-29,5853
3260,威剛,34,7,27,統一-中壢,2023-12-29,5853
1810,和成,25,0,25,統一-中壢,2023-12-29,5853
2399,映泰,22,0,22,統一-中壢,2023-12-29,5853
00929,復華台灣科技優息,26,5,21,統一-中壢,2023-12-29,5853
2313,華通,26,5,21,統一-中壢,2023-12-29,5853
00632R,元大台灣50反1,20,0,20,統一-中壢,2023-12-29,5853
1514,亞力,27,7,20,統一-中壢,2023-12-29,5853
00720B,元大投資級公司債,17,0,17,統一-中壢,2023-12-29,5853
1522,堤維西,17,0,17,統一-中壢,2023-12-29,5853
8039,台虹,17,0,17,統一-中壢,2023-12-29,5853
1605,華新,16,1,15,統一-中壢,2023-12-29,5853
3540,曜越,15,0,15,統一-中壢,2023-12-29,5853
6129,普誠,15,0,15,統一-中壢,2023-12-29,5853
00633L,富邦上証正2,15,1,14,統一-中壢,2023-12-29,5853
2355,敬鵬,15,2,13,統一-中壢,2023-12-29,5853
2736,富野,13,0,13,統一-中壢,2023-12-29,5853
2324,仁寶,31,19,12,統一-中壢,2023-12-29,5853
4909,新復興,12,0,12,統一-中壢,2023-12-29,5853
6285,啟��,32,20,12,統一-中壢,2023-12-29,5853
5236,凌陽創新,12,0,12,統一-中壢,2023-12-29,5853
3231,緯創,46,34,12,統一-中壢,2023-12-29,5853
2303,聯電,25,13,12,統一-中壢,2023-12-29,5853
1513,中興電,13,2,11,統一-中壢,2023-12-29,5853
2405,輔信,15,4,11,統一-中壢,2023-12-29,5853
9945,潤泰新,11,0,11,統一-中壢,2023-12-29,5853
1301,台塑,10,0,10,統一-中壢,2023-12-29,5853
1616,億泰,10,0,10,統一-中壢,2023-12-29,5853
2485,兆赫,10,0,10,統一-中壢,2023-12-29,5853
3265,台星科,10,0,10,統一-中壢,2023-12-29,5853
5351,鈺創,18,8,10,統一-中壢,2023-12-29,5853
6226,光鼎,10,0,10,統一-中壢,2023-12-29,5853
5236,凌陽創新,430,0,430,統一-中壢,2024-01-02,5853
00929,復華台灣科技優息,176,8,168,統一-中壢,2024-01-02,5853
00937B,群益ESG投等債20,149,14,135,統一-中壢,2024-01-02,5853
00637L,元大滬深300正2,159,52,107,統一-中壢,2024-01-02,5853
3231,緯創,88,9,79,統一-中壢,2024-01-02,5853
00665L,富邦�琤肭磪囓�2,49,0,49,統一-中壢,2024-01-02,5853
00934,中信成長高股息,47,0,47,統一-中壢,2024-01-02,5853
2014,中鴻,47,3,44,統一-中壢,2024-01-02,5853
2498,宏達電,36,1,35,統一-中壢,2024-01-02,5853
2332,友訊,41,10,31,統一-中壢,2024-01-02,5853
5425,台半,39,10,29,統一-中壢,2024-01-02,5853
00891,中信關鍵半導體,27,0,27,統一-中壢,2024-01-02,5853
4909,新復興,27,0,27,統一-中壢,2024-01-02,5853
00687B,國泰20年美債,21,0,21,統一-中壢,2024-01-02,5853
00918,大華優利高填息30,26,5,21,統一-中壢,2024-01-02,5853
2303,聯電,31,11,20,統一-中壢,2024-01-02,5853
00931B,統一美債20年,80,60,20,統一-中壢,2024-01-02,5853
3264,欣銓,20,0,20,統一-中壢,2024-01-02,5853
2356,英業達,36,16,20,統一-中壢,2024-01-02,5853
00688L,國泰20年美債正2,20,0,20,統一-中壢,2024-01-02,5853
2801,彰銀,20,0,20,統一-中壢,2024-01-02,5853
3265,台星科,20,0,20,統一-中壢,2024-01-02,5853
8064,東捷,20,0,20,統一-中壢,2024-01-02,5853
3321,同泰,20,1,19,統一-中壢,2024-01-02,5853
2409,友達,19,3,16,統一-中壢,2024-01-02,5853
5533,皇鼎,20,4,16,統一-中壢,2024-01-02,5853
0056,元大高股息,16,0,16,統一-中壢,2024-01-02,5853
00888,永豐台灣ESG,15,0,15,統一-中壢,2024-01-02,5853
3380,明泰,15,0,15,統一-中壢,2024-01-02,5853
5272,笙科,28,13,15,統一-中壢,2024-01-02,5853
00720B,元大投資級公司債,14,0,14,統一-中壢,2024-01-02,5853
00900,富邦特選高股息30,12,0,12,統一-中壢,2024-01-02,5853
00752,中信中國50,12,0,12,統一-中壢,2024-01-02,5853
00632R,元大台灣50反1,22,10,12,統一-中壢,2024-01-02,5853
1524,耿鼎,12,1,11,統一-中壢,2024-01-02,5853
2208,台船,11,0,11,統一-中壢,2024-01-02,5853
2481,強茂,14,3,11,統一-中壢,2024-01-02,5853
6770,力積電,10,0,10,統一-中壢,2024-01-02,5853
00669R,國泰美國道瓊反1,10,0,10,統一-中壢,2024-01-02,5853
1709,和益,10,0,10,統一-中壢,2024-01-02,5853
2352,佳世達,11,1,10,統一-中壢,2024-01-02,5853
2890,永豐金,10,0,10,統一-中壢,2024-01-02,5853
3691,碩禾,10,0,10,統一-中壢,2024-01-02,5853
4167,松瑞藥,10,0,10,統一-中壢,2024-01-02,5853
5274,信驊,10,0,10,統一-中壢,2024-01-02,5853
5452,佶優,10,0,10,統一-中壢,2024-01-02,5853
6156,松上,10,0,10,統一-中壢,2024-01-02,5853
00935,野村臺灣新科技50,9,0,9,統一-中壢,2024-01-02,5853
1101,台泥,9,0,9,統一-中壢,2024-01-02,5853
1314,中石化,9,0,9,統一-中壢,2024-01-02,5853
00919,群益台灣精選高息,248,21,227,統一-中壢,2024-01-03,5853
5236,凌陽創新,212,0,212,統一-中壢,2024-01-03,5853
00937B,群益ESG投等債20,186,14,172,統一-中壢,2024-01-03,5853
1513,中興電,101,3,98,統一-中壢,2024-01-03,5853
2618,長榮航,115,29,86,統一-中壢,2024-01-03,5853
00882,中信中國高股息,84,0,84,統一-中壢,2024-01-03,5853
2356,英業達,80,4,76,統一-中壢,2024-01-03,5853
00927,群益半導體收益,68,0,68,統一-中壢,2024-01-03,5853
0056,元大高股息,70,9,61,統一-中壢,2024-01-03,5853
00715L,期街口布蘭特正2,55,0,55,統一-中壢,2024-01-03,5853
2801,彰銀,36,0,36,統一-中壢,2024-01-03,5853
2409,友達,38,5,33,統一-中壢,2024-01-03,5853
00930,永豐ESG低碳高息,30,0,30,統一-中壢,2024-01-03,5853
2303,聯電,42,12,30,統一-中壢,2024-01-03,5853
00679B,元大美債20年,25,0,25,統一-中壢,2024-01-03,5853
6770,力積電,35,10,25,統一-中壢,2024-01-03,5853
1101,台泥,23,0,23,統一-中壢,2024-01-03,5853
00902,中信電池及儲能,23,0,23,統一-中壢,2024-01-03,5853
2892,第一金,21,0,21,統一-中壢,2024-01-03,5853
00632R,元大台灣50反1,50,30,20,統一-中壢,2024-01-03,5853
1709,和益,20,0,20,統一-中壢,2024-01-03,5853
3545,敦泰,22,3,19,統一-中壢,2024-01-03,5853
2609,陽明,34,15,19,統一-中壢,2024-01-03,5853
2317,鴻海,20,3,17,統一-中壢,2024-01-03,5853
00934,中信成長高股息,17,0,17,統一-中壢,2024-01-03,5853
00936,台新永續高息中小,17,0,17,統一-中壢,2024-01-03,5853
2324,仁寶,22,5,17,統一-中壢,2024-01-03,5853
2736,富野,20,3,17,統一-中壢,2024-01-03,5853
00923,群益台ESG低碳50,16,0,16,統一-中壢,2024-01-03,5853
2105,正新,15,0,15,統一-中壢,2024-01-03,5853
2882,國泰金,13,0,13,統一-中壢,2024-01-03,5853
3006,晶豪科,15,2,13,統一-中壢,2024-01-03,5853
2353,宏��,33,20,13,統一-中壢,2024-01-03,5853
00918,大華優利高填息30,13,0,13,統一-中壢,2024-01-03,5853
2887,台新金,12,0,12,統一-中壢,2024-01-03,5853
8048,德勝,12,0,12,統一-中壢,2024-01-03,5853
2208,台船,11,0,11,統一-中壢,2024-01-03,5853
3051,力特,11,0,11,統一-中壢,2024-01-03,5853
00885,富邦越南,12,1,11,統一-中壢,2024-01-03,5853
3481,群創,25,15,10,統一-中壢,2024-01-03,5853
00753L,中信中國50正2,10,0,10,統一-中壢,2024-01-03,5853
3078,僑威,10,0,10,統一-中壢,2024-01-03,5853
5533,皇鼎,10,0,10,統一-中壢,2024-01-03,5853
6282,康舒,10,0,10,統一-中壢,2024-01-03,5853
9919,康那香,11,1,10,統一-中壢,2024-01-03,5853
1326,台化,9,0,9,統一-中壢,2024-01-03,5853
1504,東元,9,0,9,統一-中壢,2024-01-03,5853
00665L,富邦�琤肭磪囓�2,10,1,9,統一-中壢,2024-01-03,5853
1618,合機,9,0,9,統一-中壢,2024-01-03,5853
2363,矽統,31,22,9,統一-中壢,2024-01-03,5853
00929,復華台灣科技優息,447,5,442,統一-中壢,2024-01-04,5853
5236,凌陽創新,249,1,248,統一-中壢,2024-01-04,5853
00927,群益半導體收益,233,0,233,統一-中壢,2024-01-04,5853
8210,勤誠,186,4,182,統一-中壢,2024-01-04,5853
2605,新興,201,28,173,統一-中壢,2024-01-04,5853
00665L,富邦�琤肭磪囓�2,141,11,130,統一-中壢,2024-01-04,5853
00937B,群益ESG投等債20,126,7,119,統一-中壢,2024-01-04,5853
00680L,元大美債20正2,52,0,52,統一-中壢,2024-01-04,5853
00857B,永豐20年美公債,50,0,50,統一-中壢,2024-01-04,5853
2367,燿華,46,0,46,統一-中壢,2024-01-04,5853
00751B,元大AAA至A公司債,39,0,39,統一-中壢,2024-01-04,5853
1314,中石化,49,10,39,統一-中壢,2024-01-04,5853
0056,元大高股息,31,1,30,統一-中壢,2024-01-04,5853
2641,正德,45,15,30,統一-中壢,2024-01-04,5853
3481,群創,30,0,30,統一-中壢,2024-01-04,5853
5355,佳總,30,0,30,統一-中壢,2024-01-04,5853
2610,華航,52,23,29,統一-中壢,2024-01-04,5853
2362,藍天,27,1,26,統一-中壢,2024-01-04,5853
00753L,中信中國50正2,26,0,26,統一-中壢,2024-01-04,5853
00650L,復華香港正2,25,0,25,統一-中壢,2024-01-04,5853
2101,南港,31,6,25,統一-中壢,2024-01-04,5853
3078,僑威,25,0,25,統一-中壢,2024-01-04,5853
00935,野村臺灣新科技50,21,0,21,統一-中壢,2024-01-04,5853
00902,中信電池及儲能,21,0,21,統一-中壢,2024-01-04,5853
00637L,元大滬深300正2,21,1,20,統一-中壢,2024-01-04,5853
2845,遠東銀,20,0,20,統一-中壢,2024-01-04,5853
5388,中磊,20,0,20,統一-中壢,2024-01-04,5853
5533,皇鼎,20,0,20,統一-中壢,2024-01-04,5853
3661,世芯-KY,18,0,18,統一-中壢,2024-01-04,5853
2344,華邦電,17,0,17,統一-中壢,2024-01-04,5853
2371,大同,17,0,17,統一-中壢,2024-01-04,5853
3715,定穎投控,18,1,17,統一-中壢,2024-01-04,5853
00931B,統一美債20年,21,5,16,統一-中壢,2024-01-04,5853
2014,中鴻,16,0,16,統一-中壢,2024-01-04,5853
1319,東陽,19,5,14,統一-中壢,2024-01-04,5853
00712,復華富時不動產,13,0,13,統一-中壢,2024-01-04,5853
00934,中信成長高股息,15,3,12,統一-中壢,2024-01-04,5853
2353,宏��,19,7,12,統一-中壢,2024-01-04,5853
3035,智原,16,4,12,統一-中壢,2024-01-04,5853
1603,華電,15,3,12,統一-中壢,2024-01-04,5853
2323,中環,12,0,12,統一-中壢,2024-01-04,5853
2331,精英,21,9,12,統一-中壢,2024-01-04,5853
3051,力特,15,3,12,統一-中壢,2024-01-04,5853
4746,台耀,11,0,11,統一-中壢,2024-01-04,5853
1513,中興電,25,15,10,統一-中壢,2024-01-04,5853
2485,兆赫,10,0,10,統一-中壢,2024-01-04,5853
3390,旭軟,13,3,10,統一-中壢,2024-01-04,5853
4123,晟德,10,0,10,統一-中壢,2024-01-04,5853
6278,台表科,10,0,10,統一-中壢,2024-01-04,5853
6741,91APP*-KY,10,0,10,統一-中壢,2024-01-04,5853
00929,復華台灣科技優息,169,19,150,統一-中壢,2024-01-05,5853
2606,裕民,142,2,140,統一-中壢,2024-01-05,5853
5236,凌陽創新,151,24,127,統一-中壢,2024-01-05,5853
2610,華航,122,2,120,統一-中壢,2024-01-05,5853
00937B,群益ESG投等債20,160,52,108,統一-中壢,2024-01-05,5853
3228,金麗科,100,0,100,統一-中壢,2024-01-05,5853
00931B,統一美債20年,98,7,91,統一-中壢,2024-01-05,5853
2605,新興,91,12,79,統一-中壢,2024-01-05,5853
2303,聯電,107,36,71,統一-中壢,2024-01-05,5853
00919,群益台灣精選高息,81,23,58,統一-中壢,2024-01-05,5853
3380,明泰,61,21,40,統一-中壢,2024-01-05,5853
2618,長榮航,51,14,37,統一-中壢,2024-01-05,5853
4417,金洲,30,0,30,統一-中壢,2024-01-05,5853
9928,中視,30,0,30,統一-中壢,2024-01-05,5853
00770,國泰北美科技,25,0,25,統一-中壢,2024-01-05,5853
5533,皇鼎,25,0,25,統一-中壢,2024-01-05,5853
2317,鴻海,24,0,24,統一-中壢,2024-01-05,5853
2323,中環,23,0,23,統一-中壢,2024-01-05,5853
2486,一詮,24,2,22,統一-中壢,2024-01-05,5853
00857B,永豐20年美公債,20,0,20,統一-中壢,2024-01-05,5853
00752,中信中國50,20,0,20,統一-中壢,2024-01-05,5853
2867,三商壽,20,0,20,統一-中壢,2024-01-05,5853
1603,華電,18,0,18,統一-中壢,2024-01-05,5853
6901,鑽石投資,18,0,18,統一-中壢,2024-01-05,5853
2369,菱生,17,0,17,統一-中壢,2024-01-05,5853
2401,凌陽,18,1,17,統一-中壢,2024-01-05,5853
00720B,元大投資級公司債,24,10,14,統一-中壢,2024-01-05,5853
2641,正德,20,6,14,統一-中壢,2024-01-05,5853
00881,國泰台灣5G+,12,0,12,統一-中壢,2024-01-05,5853
1325,恆大,12,0,12,統一-中壢,2024-01-05,5853
5225,東科-KY,11,0,11,統一-中壢,2024-01-05,5853
2427,三商電,13,2,11,統一-中壢,2024-01-05,5853
8046,南電,11,1,10,統一-中壢,2024-01-05,5853
2329,華泰,13,3,10,統一-中壢,2024-01-05,5853
2393,億光,10,0,10,統一-中壢,2024-01-05,5853
3321,同泰,10,0,10,統一-中壢,2024-01-05,5853
3707,漢磊,10,0,10,統一-中壢,2024-01-05,5853
6235,華孚,13,3,10,統一-中壢,2024-01-05,5853
3691,碩禾,10,0,10,統一-中壢,2024-01-05,5853
2002,中鋼,13,3,10,統一-中壢,2024-01-05,5853
00751B,元大AAA至A公司債,9,0,9,統一-中壢,2024-01-05,5853
1504,東元,8,0,8,統一-中壢,2024-01-05,5853
2031,新光鋼,8,0,8,統一-中壢,2024-01-05,5853
6120,達運,8,0,8,統一-中壢,2024-01-05,5853
2355,敬鵬,7,0,7,統一-中壢,2024-01-05,5853
2498,宏達電,8,1,7,統一-中壢,2024-01-05,5853
3014,聯陽,7,0,7,統一-中壢,2024-01-05,5853
8064,東捷,7,0,7,統一-中壢,2024-01-05,5853
8096,擎亞,18,11,7,統一-中壢,2024-01-05,5853
8916,光隆,21,15,6,統一-中壢,2024-01-05,5853
00929,復華台灣科技優息,329,31,298,統一-中壢,2024-01-08,5853
00665L,富邦�琤肭磪囓�2,130,10,120,統一-中壢,2024-01-08,5853
00931B,統一美債20年,187,70,117,統一-中壢,2024-01-08,5853
00919,群益台灣精選高息,89,2,87,統一-中壢,2024-01-08,5853
2323,中環,51,0,51,統一-中壢,2024-01-08,5853
8916,光隆,51,1,50,統一-中壢,2024-01-08,5853
00637L,元大滬深300正2,297,250,47,統一-中壢,2024-01-08,5853
00679B,元大美債20年,43,0,43,統一-中壢,2024-01-08,5853
00753L,中信中國50正2,35,0,35,統一-中壢,2024-01-08,5853
3296,勝德,35,0,35,統一-中壢,2024-01-08,5853
00650L,復華香港正2,34,0,34,統一-中壢,2024-01-08,5853
6770,力積電,40,6,34,統一-中壢,2024-01-08,5853
6163,華電網,35,4,31,統一-中壢,2024-01-08,5853
00715L,期街口布蘭特正2,34,6,28,統一-中壢,2024-01-08,5853
2303,聯電,40,13,27,統一-中壢,2024-01-08,5853
00937B,群益ESG投等債20,95,70,25,統一-中壢,2024-01-08,5853
2317,鴻海,26,2,24,統一-中壢,2024-01-08,5853
00633L,富邦上証正2,21,0,21,統一-中壢,2024-01-08,5853
3704,合勤控,21,1,20,統一-中壢,2024-01-08,5853
5236,凌陽創新,30,10,20,統一-中壢,2024-01-08,5853
2641,正德,20,0,20,統一-中壢,2024-01-08,5853
6279,胡連,20,0,20,統一-中壢,2024-01-08,5853
2313,華通,22,5,17,統一-中壢,2024-01-08,5853
2420,新巨,17,0,17,統一-中壢,2024-01-08,5853
2007,燁興,16,0,16,統一-中壢,2024-01-08,5853
00918,大華優利高填息30,15,0,15,統一-中壢,2024-01-08,5853
3380,明泰,14,0,14,統一-中壢,2024-01-08,5853
5328,華容,15,1,14,統一-中壢,2024-01-08,5853
2489,瑞軒,14,2,12,統一-中壢,2024-01-08,5853
5201,凱衛,12,0,12,統一-中壢,2024-01-08,5853
5533,皇鼎,12,0,12,統一-中壢,2024-01-08,5853
2409,友達,24,13,11,統一-中壢,2024-01-08,5853
00927,群益半導體收益,11,0,11,統一-中壢,2024-01-08,5853
00795B,中信美國公債20年,12,1,11,統一-中壢,2024-01-08,5853
2607,榮運,11,0,11,統一-中壢,2024-01-08,5853
5388,中磊,20,9,11,統一-中壢,2024-01-08,5853
00642U,期元大S＆P石油,10,0,10,統一-中壢,2024-01-08,5853
00900,富邦特選高股息30,12,2,10,統一-中壢,2024-01-08,5853
00915,凱基優選高股息30,10,0,10,統一-中壢,2024-01-08,5853
1515,力山,10,0,10,統一-中壢,2024-01-08,5853
2801,彰銀,10,0,10,統一-中壢,2024-01-08,5853
2897,王道銀行,10,0,10,統一-中壢,2024-01-08,5853
3276,宇環,10,0,10,統一-中壢,2024-01-08,5853
1618,合機,10,1,9,統一-中壢,2024-01-08,5853
00882,中信中國高股息,9,0,9,統一-中壢,2024-01-08,5853
8096,擎亞,9,1,8,統一-中壢,2024-01-08,5853
3390,旭軟,8,1,7,統一-中壢,2024-01-08,5853
3588,通嘉,11,4,7,統一-中壢,2024-01-08,5853
4938,和碩,7,0,7,統一-中壢,2024-01-08,5853
6126,信音,7,0,7,統一-中壢,2024-01-08,5853
5236,凌陽創新,341,0,341,統一-中壢,2024-01-09,5853
00919,群益台灣精選高息,252,4,248,統一-中壢,2024-01-09,5853
00937B,群益ESG投等債20,120,60,60,統一-中壢,2024-01-09,5853
3265,台星科,62,2,60,統一-中壢,2024-01-09,5853
00680L,元大美債20正2,56,0,56,統一-中壢,2024-01-09,5853
00891,中信關鍵半導體,47,1,46,統一-中壢,2024-01-09,5853
2353,宏��,62,17,45,統一-中壢,2024-01-09,5853
2609,陽明,138,97,41,統一-中壢,2024-01-09,5853
00772B,中信高評級公司債,34,0,34,統一-中壢,2024-01-09,5853
1808,潤隆,30,1,29,統一-中壢,2024-01-09,5853
2498,宏達電,65,37,28,統一-中壢,2024-01-09,5853
3228,金麗科,23,0,23,統一-中壢,2024-01-09,5853
2615,萬海,51,29,22,統一-中壢,2024-01-09,5853
00857B,永豐20年美公債,20,0,20,統一-中壢,2024-01-09,5853
00881,國泰台灣5G+,21,1,20,統一-中壢,2024-01-09,5853
3661,世芯-KY,20,0,20,統一-中壢,2024-01-09,5853
3260,威剛,23,5,18,統一-中壢,2024-01-09,5853
00882,中信中國高股息,17,0,17,統一-中壢,2024-01-09,5853
00715L,期街口布蘭特正2,27,10,17,統一-中壢,2024-01-09,5853
3056,富華新,20,3,17,統一-中壢,2024-01-09,5853
2308,台達電,18,1,17,統一-中壢,2024-01-09,5853
00918,大華優利高填息30,16,0,16,統一-中壢,2024-01-09,5853
2442,新美齊,16,0,16,統一-中壢,2024-01-09,5853
00688L,國泰20年美債正2,30,15,15,統一-中壢,2024-01-09,5853
00850,元大臺灣ESG永續,15,0,15,統一-中壢,2024-01-09,5853
1810,和成,15,0,15,統一-中壢,2024-01-09,5853
3051,力特,15,0,15,統一-中壢,2024-01-09,5853
2603,長榮,24,9,15,統一-中壢,2024-01-09,5853
2362,藍天,17,2,15,統一-中壢,2024-01-09,5853
2002,中鋼,14,0,14,統一-中壢,2024-01-09,5853
6116,彩晶,15,1,14,統一-中壢,2024-01-09,5853
2303,聯電,19,6,13,統一-中壢,2024-01-09,5853
2014,中鴻,13,0,13,統一-中壢,2024-01-09,5853
3078,僑威,17,4,13,統一-中壢,2024-01-09,5853
6182,合晶,17,4,13,統一-中壢,2024-01-09,5853
8215,明基材,13,0,13,統一-中壢,2024-01-09,5853
3017,奇鋐,15,2,13,統一-中壢,2024-01-09,5853
00752,中信中國50,12,0,12,統一-中壢,2024-01-09,5853
2612,中航,13,1,12,統一-中壢,2024-01-09,5853
2382,廣達,25,14,11,統一-中壢,2024-01-09,5853
3481,群創,13,2,11,統一-中壢,2024-01-09,5853
00931B,統一美債20年,15,4,11,統一-中壢,2024-01-09,5853
2634,漢翔,12,1,11,統一-中壢,2024-01-09,5853
2801,彰銀,11,0,11,統一-中壢,2024-01-09,5853
2027,大成鋼,10,0,10,統一-中壢,2024-01-09,5853
1227,佳格,10,0,10,統一-中壢,2024-01-09,5853
2884,玉山金,10,0,10,統一-中壢,2024-01-09,5853
1584,精剛,10,0,10,統一-中壢,2024-01-09,5853
1733,五鼎,10,0,10,統一-中壢,2024-01-09,5853
2867,三商壽,10,0,10,統一-中壢,2024-01-09,5853
00665L,富邦�琤肭磪囓�2,226,26,200,統一-中壢,2024-01-10,5853
00929,復華台灣科技優息,120,1,119,統一-中壢,2024-01-10,5853
2610,華航,118,0,118,統一-中壢,2024-01-10,5853
00919,群益台灣精選高息,108,20,88,統一-中壢,2024-01-10,5853
2609,陽明,101,45,56,統一-中壢,2024-01-10,5853
00882,中信中國高股息,54,0,54,統一-中壢,2024-01-10,5853
00680L,元大美債20正2,40,0,40,統一-中壢,2024-01-10,5853
2618,長榮航,46,7,39,統一-中壢,2024-01-10,5853
00927,群益半導體收益,35,0,35,統一-中壢,2024-01-10,5853
00937B,群益ESG投等債20,34,0,34,統一-中壢,2024-01-10,5853
9904,寶成,30,0,30,統一-中壢,2024-01-10,5853
2426,鼎元,28,0,28,統一-中壢,2024-01-10,5853
2317,鴻海,27,0,27,統一-中壢,2024-01-10,5853
5876,上海商銀,25,0,25,統一-中壢,2024-01-10,5853
2303,聯電,29,6,23,統一-中壢,2024-01-10,5853
2801,彰銀,22,0,22,統一-中壢,2024-01-10,5853
3661,世芯-KY,22,0,22,統一-中壢,2024-01-10,5853
2884,玉山金,20,0,20,統一-中壢,2024-01-10,5853
00918,大華優利高填息30,29,10,19,統一-中壢,2024-01-10,5853
00858,永豐美國500大,17,0,17,統一-中壢,2024-01-10,5853
2301,光寶科,16,1,15,統一-中壢,2024-01-10,5853
3264,欣銓,16,1,15,統一-中壢,2024-01-10,5853
2603,長榮,23,9,14,統一-中壢,2024-01-10,5853
00770,國泰北美科技,14,0,14,統一-中壢,2024-01-10,5853
2634,漢翔,20,6,14,統一-中壢,2024-01-10,5853
2897,王道銀行,14,0,14,統一-中壢,2024-01-10,5853
1101,台泥,18,5,13,統一-中壢,2024-01-10,5853
2371,大同,24,11,13,統一-中壢,2024-01-10,5853
00687B,國泰20年美債,15,3,12,統一-中壢,2024-01-10,5853
1605,華新,12,0,12,統一-中壢,2024-01-10,5853
2409,友達,13,1,12,統一-中壢,2024-01-10,5853
3025,星通,13,2,11,統一-中壢,2024-01-10,5853
00650L,復華香港正2,11,0,11,統一-中壢,2024-01-10,5853
2888,新光金,12,1,11,統一-中壢,2024-01-10,5853
6226,光鼎,11,0,11,統一-中壢,2024-01-10,5853
2027,大成鋼,11,0,11,統一-中壢,2024-01-10,5853
2356,英業達,32,22,10,統一-中壢,2024-01-10,5853
00720B,元大投資級公司債,10,0,10,統一-中壢,2024-01-10,5853
00904,新光臺灣半導體30,10,0,10,統一-中壢,2024-01-10,5853
1711,永光,10,0,10,統一-中壢,2024-01-10,5853
2465,麗臺,10,0,10,統一-中壢,2024-01-10,5853
2838,聯邦銀,10,0,10,統一-中壢,2024-01-10,5853
3031,佰鴻,15,5,10,統一-中壢,2024-01-10,5853
3265,台星科,20,10,10,統一-中壢,2024-01-10,5853
6278,台表科,10,0,10,統一-中壢,2024-01-10,5853
2515,中工,10,0,10,統一-中壢,2024-01-10,5853
00722B,群益投資級電信債,10,1,9,統一-中壢,2024-01-10,5853
1712,興農,17,8,9,統一-中壢,2024-01-10,5853
2206,三陽工業,9,0,9,統一-中壢,2024-01-10,5853
2352,佳世達,10,1,9,統一-中壢,2024-01-10,5853
00929,復華台灣科技優息,394,10,384,統一-中壢,2024-01-11,5853
2409,友達,383,1,382,統一-中壢,2024-01-11,5853
00632R,元大台灣50反1,105,5,100,統一-中壢,2024-01-11,5853
3481,群創,74,0,74,統一-中壢,2024-01-11,5853
6226,光鼎,44,0,44,統一-中壢,2024-01-11,5853
2313,華通,43,8,35,統一-中壢,2024-01-11,5853
2801,彰銀,30,0,30,統一-中壢,2024-01-11,5853
00715L,期街口布蘭特正2,28,0,28,統一-中壢,2024-01-11,5853
9904,寶成,28,0,28,統一-中壢,2024-01-11,5853
2884,玉山金,28,2,26,統一-中壢,2024-01-11,5853
2344,華邦電,46,22,24,統一-中壢,2024-01-11,5853
5426,振發,56,32,24,統一-中壢,2024-01-11,5853
1522,堤維西,22,0,22,統一-中壢,2024-01-11,5853
00680L,元大美債20正2,20,0,20,統一-中壢,2024-01-11,5853
2618,長榮航,20,1,19,統一-中壢,2024-01-11,5853
2408,南亞科,27,9,18,統一-中壢,2024-01-11,5853
3576,聯合再生,18,0,18,統一-中壢,2024-01-11,5853
2356,英業達,29,14,15,統一-中壢,2024-01-11,5853
6695,芯鼎,17,2,15,統一-中壢,2024-01-11,5853
00927,群益半導體收益,14,0,14,統一-中壢,2024-01-11,5853
2329,華泰,22,8,14,統一-中壢,2024-01-11,5853
2388,威盛,14,1,13,統一-中壢,2024-01-11,5853
8176,智捷,25,12,13,統一-中壢,2024-01-11,5853
2337,旺宏,23,11,12,統一-中壢,2024-01-11,5853
00687B,國泰20年美債,12,0,12,統一-中壢,2024-01-11,5853
0056,元大高股息,12,1,11,統一-中壢,2024-01-11,5853
00679B,元大美債20年,11,0,11,統一-中壢,2024-01-11,5853
2449,京元電子,11,0,11,統一-中壢,2024-01-11,5853
1815,富喬,11,0,11,統一-中壢,2024-01-11,5853
3321,同泰,11,0,11,統一-中壢,2024-01-11,5853
00885,富邦越南,10,0,10,統一-中壢,2024-01-11,5853
2101,南港,10,0,10,統一-中壢,2024-01-11,5853
2420,新巨,13,3,10,統一-中壢,2024-01-11,5853
2489,瑞軒,14,4,10,統一-中壢,2024-01-11,5853
3706,神達,32,22,10,統一-中壢,2024-01-11,5853
5309,系統電,10,0,10,統一-中壢,2024-01-11,5853
6104,創惟,18,8,10,統一-中壢,2024-01-11,5853
6128,上福,10,0,10,統一-中壢,2024-01-11,5853
9105,泰金寶-DR,10,0,10,統一-中壢,2024-01-11,5853
2353,宏��,28,18,10,統一-中壢,2024-01-11,5853
5009,榮剛,12,2,10,統一-中壢,2024-01-11,5853
2399,映泰,12,3,9,統一-中壢,2024-01-11,5853
2634,漢翔,10,1,9,統一-中壢,2024-01-11,5853
6239,力成,9,1,8,統一-中壢,2024-01-11,5853
3055,蔚華科,8,0,8,統一-中壢,2024-01-11,5853
2515,中工,10,3,7,統一-中壢,2024-01-11,5853
4956,光鋐,28,21,7,統一-中壢,2024-01-11,5853
8916,光隆,7,0,7,統一-中壢,2024-01-11,5853
2603,長榮,22,16,6,統一-中壢,2024-01-11,5853
00933B,國泰10Y+金融債,6,0,6,統一-中壢,2024-01-11,5853
00929,復華台灣科技優息,347,0,347,統一-中壢,2024-01-12,5853
00937B,群益ESG投等債20,274,1,273,統一-中壢,2024-01-12,5853
1815,富喬,163,0,163,統一-中壢,2024-01-12,5853
3035,智原,120,6,114,統一-中壢,2024-01-12,5853
00632R,元大台灣50反1,100,0,100,統一-中壢,2024-01-12,5853
3265,台星科,62,6,56,統一-中壢,2024-01-12,5853
2897,王道銀行,40,0,40,統一-中壢,2024-01-12,5853
2331,精英,39,0,39,統一-中壢,2024-01-12,5853
00725B,國泰投資級公司債,38,0,38,統一-中壢,2024-01-12,5853
00891,中信關鍵半導體,34,0,34,統一-中壢,2024-01-12,5853
2890,永豐金,35,2,33,統一-中壢,2024-01-12,5853
4123,晟德,32,0,32,統一-中壢,2024-01-12,5853
2610,華航,31,0,31,統一-中壢,2024-01-12,5853
00931B,統一美債20年,170,140,30,統一-中壢,2024-01-12,5853
5355,佳總,30,0,30,統一-中壢,2024-01-12,5853
00927,群益半導體收益,29,1,28,統一-中壢,2024-01-12,5853
8105,凌巨,26,0,26,統一-中壢,2024-01-12,5853
2845,遠東銀,20,0,20,統一-中壢,2024-01-12,5853
2618,長榮航,20,1,19,統一-中壢,2024-01-12,5853
2884,玉山金,23,6,17,統一-中壢,2024-01-12,5853
6226,光鼎,47,30,17,統一-中壢,2024-01-12,5853
3622,洋華,35,19,16,統一-中壢,2024-01-12,5853
5351,鈺創,17,1,16,統一-中壢,2024-01-12,5853
2324,仁寶,17,2,15,統一-中壢,2024-01-12,5853
8150,南茂,17,2,15,統一-中壢,2024-01-12,5853
2208,台船,15,2,13,統一-中壢,2024-01-12,5853
00687B,國泰20年美債,13,0,13,統一-中壢,2024-01-12,5853
2353,宏��,22,10,12,統一-中壢,2024-01-12,5853
8201,無敵,12,0,12,統一-中壢,2024-01-12,5853
6104,創惟,12,1,11,統一-中壢,2024-01-12,5853
2356,英業達,20,9,11,統一-中壢,2024-01-12,5853
2855,統一證,10,0,10,統一-中壢,2024-01-12,5853
9941,裕融,10,0,10,統一-中壢,2024-01-12,5853
2442,新美齊,10,0,10,統一-中壢,2024-01-12,5853
3711,日月光投控,10,0,10,統一-中壢,2024-01-12,5853
6695,芯鼎,11,1,10,統一-中壢,2024-01-12,5853
2303,聯電,13,4,9,統一-中壢,2024-01-12,5853
00679B,元大美債20年,13,4,9,統一-中壢,2024-01-12,5853
2027,大成鋼,9,0,9,統一-中壢,2024-01-12,5853
2492,華新科,10,1,9,統一-中壢,2024-01-12,5853
3624,光頡,8,0,8,統一-中壢,2024-01-12,5853
2317,鴻海,9,1,8,統一-中壢,2024-01-12,5853
2891,中信金,8,1,7,統一-中壢,2024-01-12,5853
2882,國泰金,11,4,7,統一-中壢,2024-01-12,5853
00692,富邦公司治理,7,0,7,統一-中壢,2024-01-12,5853
00637L,元大滬深300正2,57,50,7,統一-中壢,2024-01-12,5853
2387,精元,12,5,7,統一-中壢,2024-01-12,5853
2607,榮運,7,0,7,統一-中壢,2024-01-12,5853
3548,兆利,8,1,7,統一-中壢,2024-01-12,5853
2330,台積電,7,1,6,統一-中壢,2024-01-12,5853
2610,華航,225,1,224,統一-中壢,2024-01-15,5853
3481,群創,150,0,150,統一-中壢,2024-01-15,5853
00881,國泰台灣5G+,114,1,113,統一-中壢,2024-01-15,5853
00919,群益台灣精選高息,139,38,101,統一-中壢,2024-01-15,5853
00929,復華台灣科技優息,161,68,93,統一-中壢,2024-01-15,5853
0056,元大高股息,60,0,60,統一-中壢,2024-01-15,5853
00931B,統一美債20年,155,103,52,統一-中壢,2024-01-15,5853
00637L,元大滬深300正2,58,8,50,統一-中壢,2024-01-15,5853
2344,華邦電,60,15,45,統一-中壢,2024-01-15,5853
5521,工信,31,0,31,統一-中壢,2024-01-15,5853
00632R,元大台灣50反1,30,0,30,統一-中壢,2024-01-15,5853
00753L,中信中國50正2,30,0,30,統一-中壢,2024-01-15,5853
5388,中磊,30,0,30,統一-中壢,2024-01-15,5853
00878,國泰永續高股息,30,4,26,統一-中壢,2024-01-15,5853
3231,緯創,40,15,25,統一-中壢,2024-01-15,5853
00937B,群益ESG投等債20,47,24,23,統一-中壢,2024-01-15,5853
2634,漢翔,24,3,21,統一-中壢,2024-01-15,5853
3548,兆利,20,0,20,統一-中壢,2024-01-15,5853
1513,中興電,39,19,20,統一-中壢,2024-01-15,5853
2515,中工,20,0,20,統一-中壢,2024-01-15,5853
2353,宏��,38,21,17,統一-中壢,2024-01-15,5853
3499,環天科,17,0,17,統一-中壢,2024-01-15,5853
1589,永冠-KY,16,0,16,統一-中壢,2024-01-15,5853
5443,均豪,16,0,16,統一-中壢,2024-01-15,5853
9904,寶成,16,0,16,統一-中壢,2024-01-15,5853
2801,彰銀,15,0,15,統一-中壢,2024-01-15,5853
4906,正文,20,6,14,統一-中壢,2024-01-15,5853
2882,國泰金,15,2,13,統一-中壢,2024-01-15,5853
3035,智原,14,2,12,統一-中壢,2024-01-15,5853
2356,英業達,15,3,12,統一-中壢,2024-01-15,5853
2630,亞航,16,4,12,統一-中壢,2024-01-15,5853
00902,中信電池及儲能,11,0,11,統一-中壢,2024-01-15,5853
2880,華南金,11,0,11,統一-中壢,2024-01-15,5853
6415,矽力*-KY,10,0,10,統一-中壢,2024-01-15,5853
8028,昇陽半導體,10,0,10,統一-中壢,2024-01-15,5853
00680L,元大美債20正2,10,0,10,統一-中壢,2024-01-15,5853
2349,錸德,10,0,10,統一-中壢,2024-01-15,5853
3008,大立光,10,0,10,統一-中壢,2024-01-15,5853
6733,博晟生醫,10,0,10,統一-中壢,2024-01-15,5853
2884,玉山金,15,6,9,統一-中壢,2024-01-15,5853
2409,友達,10,1,9,統一-中壢,2024-01-15,5853
00715L,期街口布蘭特正2,40,32,8,統一-中壢,2024-01-15,5853
5274,信驊,8,0,8,統一-中壢,2024-01-15,5853
6143,振曜,8,0,8,統一-中壢,2024-01-15,5853
8201,無敵,10,2,8,統一-中壢,2024-01-15,5853
2618,長榮航,10,3,7,統一-中壢,2024-01-15,5853
1301,台塑,7,0,7,統一-中壢,2024-01-15,5853
5011,久陽,7,0,7,統一-中壢,2024-01-15,5853
8086,宏捷科,7,0,7,統一-中壢,2024-01-15,5853
3017,奇鋐,7,1,6,統一-中壢,2024-01-15,5853
00937B,群益ESG投等債20,181,19,162,統一-中壢,2024-01-16,5853
2888,新光金,129,8,121,統一-中壢,2024-01-16,5853
2515,中工,111,0,111,統一-中壢,2024-01-16,5853
00929,復華台灣科技優息,109,0,109,統一-中壢,2024-01-16,5853
0056,元大高股息,106,1,105,統一-中壢,2024-01-16,5853
1810,和成,76,0,76,統一-中壢,2024-01-16,5853
2867,三商壽,71,0,71,統一-中壢,2024-01-16,5853
9904,寶成,71,3,68,統一-中壢,2024-01-16,5853
8096,擎亞,79,24,55,統一-中壢,2024-01-16,5853
2323,中環,50,0,50,統一-中壢,2024-01-16,5853
2883,凱基金,49,0,49,統一-中壢,2024-01-16,5853
2486,一詮,50,1,49,統一-中壢,2024-01-16,5853
00931B,統一美債20年,50,3,47,統一-中壢,2024-01-16,5853
00878,國泰永續高股息,44,1,43,統一-中壢,2024-01-16,5853
1326,台化,39,0,39,統一-中壢,2024-01-16,5853
6733,博晟生醫,31,0,31,統一-中壢,2024-01-16,5853
5388,中磊,30,1,29,統一-中壢,2024-01-16,5853
2739,寒舍,28,0,28,統一-中壢,2024-01-16,5853
1101,台泥,26,0,26,統一-中壢,2024-01-16,5853
2884,玉山金,26,0,26,統一-中壢,2024-01-16,5853
00881,國泰台灣5G+,26,0,26,統一-中壢,2024-01-16,5853
00919,群益台灣精選高息,27,1,26,統一-中壢,2024-01-16,5853
5876,上海商銀,25,0,25,統一-中壢,2024-01-16,5853
00927,群益半導體收益,21,0,21,統一-中壢,2024-01-16,5853
6443,元晶,71,50,21,統一-中壢,2024-01-16,5853
00904,新光臺灣半導體30,20,0,20,統一-中壢,2024-01-16,5853
8086,宏捷科,20,1,19,統一-中壢,2024-01-16,5853
2882,國泰金,20,2,18,統一-中壢,2024-01-16,5853
00680L,元大美債20正2,20,2,18,統一-中壢,2024-01-16,5853
2353,宏��,28,11,17,統一-中壢,2024-01-16,5853
2362,藍天,17,0,17,統一-中壢,2024-01-16,5853
3499,環天科,32,15,17,統一-中壢,2024-01-16,5853
6143,振曜,17,0,17,統一-中壢,2024-01-16,5853
00770,國泰北美科技,16,0,16,統一-中壢,2024-01-16,5853
2344,華邦電,19,3,16,統一-中壢,2024-01-16,5853
2887,台新金,16,0,16,統一-中壢,2024-01-16,5853
3624,光頡,16,0,16,統一-中壢,2024-01-16,5853
00753L,中信中國50正2,15,0,15,統一-中壢,2024-01-16,5853
1609,大亞,21,6,15,統一-中壢,2024-01-16,5853
2101,南港,15,0,15,統一-中壢,2024-01-16,5853
2890,永豐金,15,0,15,統一-中壢,2024-01-16,5853
3033,威健,15,0,15,統一-中壢,2024-01-16,5853
4161,聿新科,15,0,15,統一-中壢,2024-01-16,5853
1104,環泥,14,0,14,統一-中壢,2024-01-16,5853
2801,彰銀,13,0,13,統一-中壢,2024-01-16,5853
2610,華航,16,3,13,統一-中壢,2024-01-16,5853
6235,華孚,13,0,13,統一-中壢,2024-01-16,5853
6415,矽力*-KY,13,0,13,統一-中壢,2024-01-16,5853
00725B,國泰投資級公司債,13,0,13,統一-中壢,2024-01-16,5853
6695,芯鼎,23,10,13,統一-中壢,2024-01-16,5853
2610,華航,402,1,401,統一-中壢,2024-01-17,5853
00632R,元大台灣50反1,405,116,289,統一-中壢,2024-01-17,5853
00929,復華台灣科技優息,254,2,252,統一-中壢,2024-01-17,5853
0056,元大高股息,109,0,109,統一-中壢,2024-01-17,5853
2303,聯電,132,24,108,統一-中壢,2024-01-17,5853
00937B,群益ESG投等債20,127,20,107,統一-中壢,2024-01-17,5853
2515,中工,100,0,100,統一-中壢,2024-01-17,5853
4960,誠美材,132,38,94,統一-中壢,2024-01-17,5853
00753L,中信中國50正2,86,1,85,統一-中壢,2024-01-17,5853
6116,彩晶,84,1,83,統一-中壢,2024-01-17,5853
00919,群益台灣精選高息,72,1,71,統一-中壢,2024-01-17,5853
00927,群益半導體收益,71,0,71,統一-中壢,2024-01-17,5853
00715L,期街口布蘭特正2,47,0,47,統一-中壢,2024-01-17,5853
00882,中信中國高股息,47,1,46,統一-中壢,2024-01-17,5853
2884,玉山金,42,0,42,統一-中壢,2024-01-17,5853
00878,國泰永續高股息,43,5,38,統一-中壢,2024-01-17,5853
5880,合庫金,36,0,36,統一-中壢,2024-01-17,5853
00680L,元大美債20正2,36,0,36,統一-中壢,2024-01-17,5853
2883,凱基金,38,5,33,統一-中壢,2024-01-17,5853
2002,中鋼,31,0,31,統一-中壢,2024-01-17,5853
3661,世芯-KY,31,0,31,統一-中壢,2024-01-17,5853
1409,新纖,37,7,30,統一-中壢,2024-01-17,5853
8096,擎亞,96,66,30,統一-中壢,2024-01-17,5853
8105,凌巨,30,0,30,統一-中壢,2024-01-17,5853
00679B,元大美債20年,23,0,23,統一-中壢,2024-01-17,5853
2104,國際中橡,23,0,23,統一-中壢,2024-01-17,5853
1301,台塑,24,4,20,統一-中壢,2024-01-17,5853
3044,健鼎,20,0,20,統一-中壢,2024-01-17,5853
2867,三商壽,20,0,20,統一-中壢,2024-01-17,5853
3710,連展投控,20,0,20,統一-中壢,2024-01-17,5853
5876,上海商銀,20,0,20,統一-中壢,2024-01-17,5853
3499,環天科,38,19,19,統一-中壢,2024-01-17,5853
5388,中磊,20,1,19,統一-中壢,2024-01-17,5853
6770,力積電,17,1,16,統一-中壢,2024-01-17,5853
1104,環泥,16,0,16,統一-中壢,2024-01-17,5853
6243,迅杰,17,2,15,統一-中壢,2024-01-17,5853
2897,王道銀行,24,10,14,統一-中壢,2024-01-17,5853
6005,群益證,14,0,14,統一-中壢,2024-01-17,5853
2886,兆豐金,14,1,13,統一-中壢,2024-01-17,5853
2317,鴻海,14,2,12,統一-中壢,2024-01-17,5853
00900,富邦特選高股息30,12,0,12,統一-中壢,2024-01-17,5853
2313,華通,15,3,12,統一-中壢,2024-01-17,5853
9904,寶成,12,0,12,統一-中壢,2024-01-17,5853
2887,台新金,12,1,11,統一-中壢,2024-01-17,5853
00687B,國泰20年美債,11,0,11,統一-中壢,2024-01-17,5853
2486,一詮,25,14,11,統一-中壢,2024-01-17,5853
2308,台達電,11,0,11,統一-中壢,2024-01-17,5853
6276,安鈦克,11,0,11,統一-中壢,2024-01-17,5853
2890,永豐金,10,0,10,統一-中壢,2024-01-17,5853
1802,台玻,10,0,10,統一-中壢,2024-01-17,5853
2409,友達,3205,38,3167,統一-中壢,2024-01-18,5853
00632R,元大台灣50反1,337,0,337,統一-中壢,2024-01-18,5853
00929,復華台灣科技優息,124,11,113,統一-中壢,2024-01-18,5853
00937B,群益ESG投等債20,199,100,99,統一-中壢,2024-01-18,5853
2618,長榮航,74,1,73,統一-中壢,2024-01-18,5853
2884,玉山金,59,0,59,統一-中壢,2024-01-18,5853
2303,聯電,44,4,40,統一-中壢,2024-01-18,5853
2867,三商壽,40,0,40,統一-中壢,2024-01-18,5853
2324,仁寶,44,5,39,統一-中壢,2024-01-18,5853
00637L,元大滬深300正2,393,357,36,統一-中壢,2024-01-18,5853
6173,信昌電,34,0,34,統一-中壢,2024-01-18,5853
2353,宏��,52,19,33,統一-中壢,2024-01-18,5853
2641,正德,31,0,31,統一-中壢,2024-01-18,5853
00891,中信關鍵半導體,31,1,30,統一-中壢,2024-01-18,5853
2887,台新金,28,0,28,統一-中壢,2024-01-18,5853
00915,凱基優選高股息30,41,13,28,統一-中壢,2024-01-18,5853
3380,明泰,25,0,25,統一-中壢,2024-01-18,5853
0056,元大高股息,24,0,24,統一-中壢,2024-01-18,5853
3357,臺慶科,23,0,23,統一-中壢,2024-01-18,5853
00878,國泰永續高股息,24,5,19,統一-中壢,2024-01-18,5853
1101,台泥,18,0,18,統一-中壢,2024-01-18,5853
2312,金寶,16,0,16,統一-中壢,2024-01-18,5853
2354,鴻準,16,0,16,統一-中壢,2024-01-18,5853
2101,南港,15,0,15,統一-中壢,2024-01-18,5853
2427,三商電,14,1,13,統一-中壢,2024-01-18,5853
2882,國泰金,14,0,14,統一-中壢,2024-01-18,5853
00882,中信中國高股息,13,0,13,統一-中壢,2024-01-18,5853
00715L,期街口布蘭特正2,55,42,13,統一-中壢,2024-01-18,5853
00900,富邦特選高股息30,12,0,12,統一-中壢,2024-01-18,5853
2002,中鋼,17,5,12,統一-中壢,2024-01-18,5853
8112,至上,13,1,12,統一-中壢,2024-01-18,5853
8096,擎亞,11,0,11,統一-中壢,2024-01-18,5853
00907,永豐優息存股,10,0,10,統一-中壢,2024-01-18,5853
00706L,期元大S＆P日圓正2,10,0,10,統一-中壢,2024-01-18,5853
00687B,國泰20年美債,15,5,10,統一-中壢,2024-01-18,5853
2402,毅嘉,10,0,10,統一-中壢,2024-01-18,5853
2891,中信金,10,0,10,統一-中壢,2024-01-18,5853
3499,環天科,10,0,10,統一-中壢,2024-01-18,5853
5488,松普,10,0,10,統一-中壢,2024-01-18,5853
6164,華興,10,0,10,統一-中壢,2024-01-18,5853
6180,橘子,10,0,10,統一-中壢,2024-01-18,5853
8105,凌巨,10,0,10,統一-中壢,2024-01-18,5853
3041,揚智,11,2,9,統一-中壢,2024-01-18,5853
2481,強茂,8,0,8,統一-中壢,2024-01-18,5853
2102,泰豐,10,2,8,統一-中壢,2024-01-18,5853
2404,漢唐,8,0,8,統一-中壢,2024-01-18,5853
5351,鈺創,9,2,7,統一-中壢,2024-01-18,5853
2885,元大金,7,0,7,統一-中壢,2024-01-18,5853
3017,奇鋐,14,7,7,統一-中壢,2024-01-18,5853
00753L,中信中國50正2,8,1,7,統一-中壢,2024-01-18,5853
00937B,群益ESG投等債20,368,20,348,統一-中壢,2024-01-19,5853
2891,中信金,308,5,303,統一-中壢,2024-01-19,5853
2409,友達,302,1,301,統一-中壢,2024-01-19,5853
2618,長榮航,126,0,126,統一-中壢,2024-01-19,5853
00632R,元大台灣50反1,115,0,115,統一-中壢,2024-01-19,5853
00931B,統一美債20年,82,16,66,統一-中壢,2024-01-19,5853
2353,宏��,71,11,60,統一-中壢,2024-01-19,5853
00687B,國泰20年美債,48,0,48,統一-中壢,2024-01-19,5853
6223,旺矽,46,6,40,統一-中壢,2024-01-19,5853
00753L,中信中國50正2,37,0,37,統一-中壢,2024-01-19,5853
00679B,元大美債20年,37,0,37,統一-中壢,2024-01-19,5853
00882,中信中國高股息,37,6,31,統一-中壢,2024-01-19,5853
00642U,期元大S＆P石油,30,0,30,統一-中壢,2024-01-19,5853
1102,亞泥,30,0,30,統一-中壢,2024-01-19,5853
2867,三商壽,20,0,20,統一-中壢,2024-01-19,5853
00751B,元大AAA至A公司債,19,0,19,統一-中壢,2024-01-19,5853
2641,正德,20,1,19,統一-中壢,2024-01-19,5853
2324,仁寶,36,18,18,統一-中壢,2024-01-19,5853
0056,元大高股息,20,2,18,統一-中壢,2024-01-19,5853
2486,一詮,24,6,18,統一-中壢,2024-01-19,5853
4960,誠美材,28,11,17,統一-中壢,2024-01-19,5853
6684,安格,21,4,17,統一-中壢,2024-01-19,5853
00720B,元大投資級公司債,16,0,16,統一-中壢,2024-01-19,5853
3265,台星科,24,8,16,統一-中壢,2024-01-19,5853
00850,元大臺灣ESG永續,15,0,15,統一-中壢,2024-01-19,5853
6741,91APP*-KY,15,0,15,統一-中壢,2024-01-19,5853
00795B,中信美國公債20年,13,0,13,統一-中壢,2024-01-19,5853
00857B,永豐20年美公債,13,0,13,統一-中壢,2024-01-19,5853
8201,無敵,13,0,13,統一-中壢,2024-01-19,5853
2610,華航,12,0,12,統一-中壢,2024-01-19,5853
3437,榮創,17,5,12,統一-中壢,2024-01-19,5853
00878,國泰永續高股息,12,0,12,統一-中壢,2024-01-19,5853
2615,萬海,12,1,11,統一-中壢,2024-01-19,5853
3041,揚智,32,21,11,統一-中壢,2024-01-19,5853
00904,新光臺灣半導體30,10,0,10,統一-中壢,2024-01-19,5853
00916,國泰全球品牌50,10,0,10,統一-中壢,2024-01-19,5853
2880,華南金,10,0,10,統一-中壢,2024-01-19,5853
2888,新光金,10,0,10,統一-中壢,2024-01-19,5853
6128,上福,10,0,10,統一-中壢,2024-01-19,5853
9928,中視,11,1,10,統一-中壢,2024-01-19,5853
6805,富世達,10,1,9,統一-中壢,2024-01-19,5853
1612,宏泰,10,1,9,統一-中壢,2024-01-19,5853
2312,金寶,9,0,9,統一-中壢,2024-01-19,5853
2884,玉山金,15,6,9,統一-中壢,2024-01-19,5853
6770,力積電,10,1,9,統一-中壢,2024-01-19,5853
00653L,富邦印度正2,8,0,8,統一-中壢,2024-01-19,5853
1810,和成,9,1,8,統一-中壢,2024-01-19,5853
3596,智易,8,0,8,統一-中壢,2024-01-19,5853
00772B,中信高評級公司債,8,1,7,統一-中壢,2024-01-19,5853
3583,辛耘,8,1,7,統一-中壢,2024-01-19,5853
3217,優群,200,0,200,統一-中壢,2024-01-22,5853
00878,國泰永續高股息,146,28,118,統一-中壢,2024-01-22,5853
2369,菱生,100,1,99,統一-中壢,2024-01-22,5853
00937B,群益ESG投等債20,93,0,93,統一-中壢,2024-01-22,5853
00680L,元大美債20正2,102,10,92,統一-中壢,2024-01-22,5853
2834,臺企銀,100,11,89,統一-中壢,2024-01-22,5853
2884,玉山金,86,0,86,統一-中壢,2024-01-22,5853
2353,宏��,87,14,73,統一-中壢,2024-01-22,5853
00688L,國泰20年美債正2,70,0,70,統一-中壢,2024-01-22,5853
00931B,統一美債20年,63,0,63,統一-中壢,2024-01-22,5853
00753L,中信中國50正2,62,5,57,統一-中壢,2024-01-22,5853
2329,華泰,82,31,51,統一-中壢,2024-01-22,5853
00905,FT臺灣Smart,49,7,42,統一-中壢,2024-01-22,5853
2515,中工,38,0,38,統一-中壢,2024-01-22,5853
6116,彩晶,40,2,38,統一-中壢,2024-01-22,5853
2002,中鋼,35,2,33,統一-中壢,2024-01-22,5853
00687B,國泰20年美債,29,0,29,統一-中壢,2024-01-22,5853
4746,台耀,30,1,29,統一-中壢,2024-01-22,5853
5880,合庫金,31,3,28,統一-中壢,2024-01-22,5853
2331,精英,29,6,23,統一-中壢,2024-01-22,5853
00636,國泰中國A50,21,0,21,統一-中壢,2024-01-22,5853
5388,中磊,20,0,20,統一-中壢,2024-01-22,5853
6223,旺矽,22,3,19,統一-中壢,2024-01-22,5853
8054,安國,25,6,19,統一-中壢,2024-01-22,5853
6120,達運,18,2,16,統一-中壢,2024-01-22,5853
9928,中視,17,1,16,統一-中壢,2024-01-22,5853
2356,英業達,133,117,16,統一-中壢,2024-01-22,5853
00850,元大臺灣ESG永續,15,0,15,統一-中壢,2024-01-22,5853
8358,金居,16,1,15,統一-中壢,2024-01-22,5853
2486,一詮,13,1,12,統一-中壢,2024-01-22,5853
3380,明泰,16,4,12,統一-中壢,2024-01-22,5853
2308,台達電,14,3,11,統一-中壢,2024-01-22,5853
00679B,元大美債20年,13,2,11,統一-中壢,2024-01-22,5853
2399,映泰,15,4,11,統一-中壢,2024-01-22,5853
3051,力特,15,4,11,統一-中壢,2024-01-22,5853
6770,力積電,12,1,11,統一-中壢,2024-01-22,5853
1101,台泥,11,0,11,統一-中壢,2024-01-22,5853
2892,第一金,10,0,10,統一-中壢,2024-01-22,5853
00650L,復華香港正2,10,0,10,統一-中壢,2024-01-22,5853
2104,國際中橡,10,0,10,統一-中壢,2024-01-22,5853
3576,聯合再生,10,0,10,統一-中壢,2024-01-22,5853
6128,上福,10,0,10,統一-中壢,2024-01-22,5853
6757,台灣虎航,10,0,10,統一-中壢,2024-01-22,5853
8930,青鋼,10,0,10,統一-中壢,2024-01-22,5853
9919,康那香,11,1,10,統一-中壢,2024-01-22,5853
00927,群益半導體收益,9,0,9,統一-中壢,2024-01-22,5853
2208,台船,9,0,9,統一-中壢,2024-01-22,5853
3049,精金,10,1,9,統一-中壢,2024-01-22,5853
6190,萬泰科,9,0,9,統一-中壢,2024-01-22,5853
3481,群創,103,94,9,統一-中壢,2024-01-22,5853
00664R,國泰臺灣加權反1,600,0,600,統一-中壢,2024-01-23,5853
2610,華航,210,14,196,統一-中壢,2024-01-23,5853
3017,奇鋐,176,6,170,統一-中壢,2024-01-23,5853
00632R,元大台灣50反1,75,0,75,統一-中壢,2024-01-23,5853
00937B,群益ESG投等債20,72,1,71,統一-中壢,2024-01-23,5853
00931B,統一美債20年,71,0,71,統一-中壢,2024-01-23,5853
5388,中磊,60,11,49,統一-中壢,2024-01-23,5853
00637L,元大滬深300正2,62,20,42,統一-中壢,2024-01-23,5853
00665L,富邦�琤肭磪囓�2,260,221,39,統一-中壢,2024-01-23,5853
3265,台星科,50,15,35,統一-中壢,2024-01-23,5853
00680L,元大美債20正2,40,5,35,統一-中壢,2024-01-23,5853
2892,第一金,31,0,31,統一-中壢,2024-01-23,5853
2405,輔信,30,0,30,統一-中壢,2024-01-23,5853
3363,上詮,31,1,30,統一-中壢,2024-01-23,5853
2356,英業達,82,52,30,統一-中壢,2024-01-23,5853
3059,華晶科,30,9,21,統一-中壢,2024-01-23,5853
2461,光群雷,20,0,20,統一-中壢,2024-01-23,5853
2464,盟立,20,0,20,統一-中壢,2024-01-23,5853
2641,正德,20,0,20,統一-中壢,2024-01-23,5853
2890,永豐金,19,0,19,統一-中壢,2024-01-23,5853
3149,正達,19,0,19,統一-中壢,2024-01-23,5853
4979,華星光,21,2,19,統一-中壢,2024-01-23,5853
2385,群光,18,0,18,統一-中壢,2024-01-23,5853
00687B,國泰20年美債,17,0,17,統一-中壢,2024-01-23,5853
3437,榮創,17,0,17,統一-中壢,2024-01-23,5853
3450,聯鈞,16,0,16,統一-中壢,2024-01-23,5853
2492,華新科,15,0,15,統一-中壢,2024-01-23,5853
2609,陽明,26,12,14,統一-中壢,2024-01-23,5853
8112,至上,12,0,12,統一-中壢,2024-01-23,5853
3615,安可,17,6,11,統一-中壢,2024-01-23,5853
6695,芯鼎,15,4,11,統一-中壢,2024-01-23,5853
6111,大宇資,12,2,10,統一-中壢,2024-01-23,5853
4770,上品,10,0,10,統一-中壢,2024-01-23,5853
00786B,元大10年IG銀行債,10,0,10,統一-中壢,2024-01-23,5853
00642U,期元大S＆P石油,10,0,10,統一-中壢,2024-01-23,5853
3380,明泰,22,12,10,統一-中壢,2024-01-23,5853
6128,上福,10,0,10,統一-中壢,2024-01-23,5853
6757,台灣虎航,10,0,10,統一-中壢,2024-01-23,5853
8930,青鋼,10,0,10,統一-中壢,2024-01-23,5853
2382,廣達,22,13,9,統一-中壢,2024-01-23,5853
2324,仁寶,33,24,9,統一-中壢,2024-01-23,5853
6612,奈米醫材,9,0,9,統一-中壢,2024-01-23,5853
1732,毛寶,8,0,8,統一-中壢,2024-01-23,5853
5328,華容,8,0,8,統一-中壢,2024-01-23,5853
8040,九暘,8,0,8,統一-中壢,2024-01-23,5853
2362,藍天,9,1,8,統一-中壢,2024-01-23,5853
00669R,國泰美國道瓊反1,7,0,7,統一-中壢,2024-01-23,5853
2486,一詮,7,0,7,統一-中壢,2024-01-23,5853
2634,漢翔,8,1,7,統一-中壢,2024-01-23,5853
4961,天鈺,7,0,7,統一-中壢,2024-01-23,5853
2610,華航,202,1,201,統一-中壢,2024-01-24,5853
00937B,群益ESG投等債20,180,5,175,統一-中壢,2024-01-24,5853
2303,聯電,180,29,151,統一-中壢,2024-01-24,5853
00632R,元大台灣50反1,105,0,105,統一-中壢,2024-01-24,5853
00637L,元大滬深300正2,67,1,66,統一-中壢,2024-01-24,5853
00679B,元大美債20年,61,0,61,統一-中壢,2024-01-24,5853
1810,和成,65,9,56,統一-中壢,2024-01-24,5853
00680L,元大美債20正2,53,2,51,統一-中壢,2024-01-24,5853
00931B,統一美債20年,48,0,48,統一-中壢,2024-01-24,5853
2515,中工,45,0,45,統一-中壢,2024-01-24,5853
5880,合庫金,45,2,43,統一-中壢,2024-01-24,5853
00687B,國泰20年美債,42,2,40,統一-中壢,2024-01-24,5853
9945,潤泰新,35,1,34,統一-中壢,2024-01-24,5853
5388,中磊,32,0,32,統一-中壢,2024-01-24,5853
2405,輔信,30,0,30,統一-中壢,2024-01-24,5853
00720B,元大投資級公司債,27,0,27,統一-中壢,2024-01-24,5853
2344,華邦電,55,34,21,統一-中壢,2024-01-24,5853
3312,弘憶股,20,0,20,統一-中壢,2024-01-24,5853
3037,欣興,20,1,19,統一-中壢,2024-01-24,5853
2369,菱生,45,26,19,統一-中壢,2024-01-24,5853
3260,威剛,18,1,17,統一-中壢,2024-01-24,5853
4168,醣聯,17,0,17,統一-中壢,2024-01-24,5853
00882,中信中國高股息,18,2,16,統一-中壢,2024-01-24,5853
2374,佳能,19,4,15,統一-中壢,2024-01-24,5853
2455,全新,13,0,13,統一-中壢,2024-01-24,5853
2886,兆豐金,12,0,12,統一-中壢,2024-01-24,5853
3231,緯創,34,23,11,統一-中壢,2024-01-24,5853
00756B,群益投等新興公債,11,0,11,統一-中壢,2024-01-24,5853
3390,旭軟,11,0,11,統一-中壢,2024-01-24,5853
4909,新復興,20,9,11,統一-中壢,2024-01-24,5853
00907,永豐優息存股,10,0,10,統一-中壢,2024-01-24,5853
3051,力特,10,0,10,統一-中壢,2024-01-24,5853
3706,神達,11,1,10,統一-中壢,2024-01-24,5853
3691,碩禾,10,0,10,統一-中壢,2024-01-24,5853
3264,欣銓,13,4,9,統一-中壢,2024-01-24,5853
3306,鼎天,10,1,9,統一-中壢,2024-01-24,5853
3413,京鼎,10,1,9,統一-中壢,2024-01-24,5853
6113,亞矽,11,2,9,統一-中壢,2024-01-24,5853
6548,長科*,9,0,9,統一-中壢,2024-01-24,5853
2382,廣達,12,4,8,統一-中壢,2024-01-24,5853
2762,世界健身-KY,10,2,8,統一-中壢,2024-01-24,5853
1101,台泥,8,0,8,統一-中壢,2024-01-24,5853
6285,啟��,8,0,8,統一-中壢,2024-01-24,5853
1303,南亞,7,0,7,統一-中壢,2024-01-24,5853
1732,毛寶,7,0,7,統一-中壢,2024-01-24,5853
4938,和碩,12,5,7,統一-中壢,2024-01-24,5853
5347,世界,8,1,7,統一-中壢,2024-01-24,5853
6167,久正,14,7,7,統一-中壢,2024-01-24,5853
8059,凱碩,9,2,7,統一-中壢,2024-01-24,5853
2421,建準,10,3,7,統一-中壢,2024-01-24,5853
3231,緯創,513,43,470,統一-中壢,2024-01-25,5853
00665L,富邦�琤肭磪囓�2,540,114,426,統一-中壢,2024-01-25,5853
00937B,群益ESG投等債20,364,12,352,統一-中壢,2024-01-25,5853
2515,中工,311,0,311,統一-中壢,2024-01-25,5853
00664R,國泰臺灣加權反1,150,0,150,統一-中壢,2024-01-25,5853
00687B,國泰20年美債,71,2,69,統一-中壢,2024-01-25,5853
00679B,元大美債20年,65,0,65,統一-中壢,2024-01-25,5853
00878,國泰永續高股息,65,8,57,統一-中壢,2024-01-25,5853
5388,中磊,50,0,50,統一-中壢,2024-01-25,5853
8147,正淩,40,0,40,統一-中壢,2024-01-25,5853
00680L,元大美債20正2,38,1,37,統一-中壢,2024-01-25,5853
8096,擎亞,55,18,37,統一-中壢,2024-01-25,5853
4939,亞電,35,0,35,統一-中壢,2024-01-25,5853
4909,新復興,34,2,32,統一-中壢,2024-01-25,5853
2801,彰銀,31,0,31,統一-中壢,2024-01-25,5853
00927,群益半導體收益,30,0,30,統一-中壢,2024-01-25,5853
2365,昆盈,28,0,28,統一-中壢,2024-01-25,5853
2405,輔信,30,5,25,統一-中壢,2024-01-25,5853
8110,華東,32,7,25,統一-中壢,2024-01-25,5853
00929,復華台灣科技優息,24,0,24,統一-中壢,2024-01-25,5853
2486,一詮,22,1,21,統一-中壢,2024-01-25,5853
4927,泰鼎-KY,20,0,20,統一-中壢,2024-01-25,5853
00857B,永豐20年美公債,16,0,16,統一-中壢,2024-01-25,5853
4960,誠美材,16,0,16,統一-中壢,2024-01-25,5853
1522,堤維西,15,0,15,統一-中壢,2024-01-25,5853
3044,健鼎,16,1,15,統一-中壢,2024-01-25,5853
3047,訊舟,26,11,15,統一-中壢,2024-01-25,5853
3036,文曄,15,1,14,統一-中壢,2024-01-25,5853
00751B,元大AAA至A公司債,14,1,13,統一-中壢,2024-01-25,5853
2329,華泰,18,6,12,統一-中壢,2024-01-25,5853
00632R,元大台灣50反1,12,0,12,統一-中壢,2024-01-25,5853
00919,群益台灣精選高息,43,31,12,統一-中壢,2024-01-25,5853
2002,中鋼,16,5,11,統一-中壢,2024-01-25,5853
2399,映泰,11,0,11,統一-中壢,2024-01-25,5853
2884,玉山金,11,0,11,統一-中壢,2024-01-25,5853
2906,高林,11,0,11,統一-中壢,2024-01-25,5853
4128,中天,11,0,11,統一-中壢,2024-01-25,5853
6182,合晶,15,4,11,統一-中壢,2024-01-25,5853
6742,澤米,11,0,11,統一-中壢,2024-01-25,5853
2883,凱基金,10,0,10,統一-中壢,2024-01-25,5853
3645,達邁,10,0,10,統一-中壢,2024-01-25,5853
6285,啟��,10,0,10,統一-中壢,2024-01-25,5853
6901,鑽石投資,10,0,10,統一-中壢,2024-01-25,5853
8027,鈦昇,12,2,10,統一-中壢,2024-01-25,5853
3260,威剛,11,1,10,統一-中壢,2024-01-25,5853
00885,富邦越南,9,0,9,統一-中壢,2024-01-25,5853
3354,律勝,10,1,9,統一-中壢,2024-01-25,5853
8112,至上,9,0,9,統一-中壢,2024-01-25,5853
00720B,元大投資級公司債,10,2,8,統一-中壢,2024-01-25,5853
00882,中信中國高股息,23,15,8,統一-中壢,2024-01-25,5853
2303,聯電,339,60,279,統一-中壢,2024-01-26,5853
00931B,統一美債20年,140,0,140,統一-中壢,2024-01-26,5853
00665L,富邦�琤肭磪囓�2,66,5,61,統一-中壢,2024-01-26,5853
00671R,富邦NASDAQ反1,53,0,53,統一-中壢,2024-01-26,5853
00632R,元大台灣50反1,53,0,53,統一-中壢,2024-01-26,5853
2891,中信金,60,8,52,統一-中壢,2024-01-26,5853
00688L,國泰20年美債正2,50,0,50,統一-中壢,2024-01-26,5853
00637L,元大滬深300正2,50,3,47,統一-中壢,2024-01-26,5853
00933B,國泰10Y+金融債,45,0,45,統一-中壢,2024-01-26,5853
5388,中磊,40,1,39,統一-中壢,2024-01-26,5853
00927,群益半導體收益,31,0,31,統一-中壢,2024-01-26,5853
9105,泰金寶-DR,35,5,30,統一-中壢,2024-01-26,5853
2353,宏��,51,23,28,統一-中壢,2024-01-26,5853
2324,仁寶,33,6,27,統一-中壢,2024-01-26,5853
3380,明泰,24,1,23,統一-中壢,2024-01-26,5853
8096,擎亞,26,3,23,統一-中壢,2024-01-26,5853
2369,菱生,23,1,22,統一-中壢,2024-01-26,5853
6143,振曜,32,11,21,統一-中壢,2024-01-26,5853
6271,同欣電,21,0,21,統一-中壢,2024-01-26,5853
3406,玉晶光,20,0,20,統一-中壢,2024-01-26,5853
2867,三商壽,20,0,20,統一-中壢,2024-01-26,5853
2486,一詮,32,16,16,統一-中壢,2024-01-26,5853
3535,晶彩科,20,5,15,統一-中壢,2024-01-26,5853
6742,澤米,15,0,15,統一-中壢,2024-01-26,5853
00850,元大臺灣ESG永續,14,0,14,統一-中壢,2024-01-26,5853
2243,宏旭-KY,14,0,14,統一-中壢,2024-01-26,5853
4909,新復興,21,7,14,統一-中壢,2024-01-26,5853
00918,大華優利高填息30,13,0,13,統一-中壢,2024-01-26,5853
00679B,元大美債20年,13,0,13,統一-中壢,2024-01-26,5853
2301,光寶科,14,1,13,統一-中壢,2024-01-26,5853
2382,廣達,31,19,12,統一-中壢,2024-01-26,5853
3017,奇鋐,15,3,12,統一-中壢,2024-01-26,5853
00882,中信中國高股息,22,10,12,統一-中壢,2024-01-26,5853
3260,威剛,12,1,11,統一-中壢,2024-01-26,5853
6127,九豪,11,0,11,統一-中壢,2024-01-26,5853
3141,晶宏,10,0,10,統一-中壢,2024-01-26,5853
2603,長榮,10,0,10,統一-中壢,2024-01-26,5853
6138,茂達,10,0,10,統一-中壢,2024-01-26,5853
00878,國泰永續高股息,12,2,10,統一-中壢,2024-01-26,5853
5236,凌陽創新,10,0,10,統一-中壢,2024-01-26,5853
00904,新光臺灣半導體30,10,0,10,統一-中壢,2024-01-26,5853
00892,富邦台灣半導體,10,0,10,統一-中壢,2024-01-26,5853
00891,中信關鍵半導體,10,0,10,統一-中壢,2024-01-26,5853
00673R,期元大S＆P原油反1,10,0,10,統一-中壢,2024-01-26,5853
5876,上海商銀,10,0,10,統一-中壢,2024-01-26,5853
00687B,國泰20年美債,9,0,9,統一-中壢,2024-01-26,5853
2884,玉山金,13,5,8,統一-中壢,2024-01-26,5853
00921,兆豐龍頭等權重,8,0,8,統一-中壢,2024-01-26,5853
00932,兆豐永續高息等權,8,0,8,統一-中壢,2024-01-26,5853
2401,凌陽,9,2,7,統一-中壢,2024-01-26,5853
2610,華航,445,5,440,統一-中壢,2024-01-29,5853
2884,玉山金,102,7,95,統一-中壢,2024-01-29,5853
00664R,國泰臺灣加權反1,75,0,75,統一-中壢,2024-01-29,5853
00632R,元大台灣50反1,71,0,71,統一-中壢,2024-01-29,5853
3615,安可,71,4,67,統一-中壢,2024-01-29,5853
00937B,群益ESG投等債20,80,30,50,統一-中壢,2024-01-29,5853
00905,FT臺灣Smart,47,0,47,統一-中壢,2024-01-29,5853
2618,長榮航,87,44,43,統一-中壢,2024-01-29,5853
3715,定穎投控,51,13,38,統一-中壢,2024-01-29,5853
00931B,統一美債20年,33,0,33,統一-中壢,2024-01-29,5853
3047,訊舟,30,0,30,統一-中壢,2024-01-29,5853
00679B,元大美債20年,26,0,26,統一-中壢,2024-01-29,5853
2356,英業達,27,3,24,統一-中壢,2024-01-29,5853
2399,映泰,25,1,24,統一-中壢,2024-01-29,5853
00878,國泰永續高股息,29,5,24,統一-中壢,2024-01-29,5853
1785,光洋科,31,8,23,統一-中壢,2024-01-29,5853
3520,華盈,24,2,22,統一-中壢,2024-01-29,5853
8071,能率網通,22,0,22,統一-中壢,2024-01-29,5853
00687B,國泰20年美債,21,0,21,統一-中壢,2024-01-29,5853
2867,三商壽,21,0,21,統一-中壢,2024-01-29,5853
2303,聯電,21,6,15,統一-中壢,2024-01-29,5853
00919,群益台灣精選高息,27,12,15,統一-中壢,2024-01-29,5853
00850,元大臺灣ESG永續,14,0,14,統一-中壢,2024-01-29,5853
1101,台泥,13,0,13,統一-中壢,2024-01-29,5853
2355,敬鵬,14,1,13,統一-中壢,2024-01-29,5853
3276,宇環,13,0,13,統一-中壢,2024-01-29,5853
9105,泰金寶-DR,13,0,13,統一-中壢,2024-01-29,5853
2465,麗臺,12,0,12,統一-中壢,2024-01-29,5853
00712,復華富時不動產,11,0,11,統一-中壢,2024-01-29,5853
00665L,富邦�琤肭磪囓�2,35,25,10,統一-中壢,2024-01-29,5853
00882,中信中國高股息,10,0,10,統一-中壢,2024-01-29,5853
2543,皇昌,17,7,10,統一-中壢,2024-01-29,5853
3390,旭軟,10,0,10,統一-中壢,2024-01-29,5853
8201,無敵,10,0,10,統一-中壢,2024-01-29,5853
2002,中鋼,13,3,10,統一-中壢,2024-01-29,5853
2887,台新金,10,1,9,統一-中壢,2024-01-29,5853
00795B,中信美國公債20年,9,0,9,統一-中壢,2024-01-29,5853
2313,華通,12,3,9,統一-中壢,2024-01-29,5853
00720B,元大投資級公司債,8,0,8,統一-中壢,2024-01-29,5853
3622,洋華,22,14,8,統一-中壢,2024-01-29,5853
00885,富邦越南,7,0,7,統一-中壢,2024-01-29,5853
00933B,國泰10Y+金融債,7,0,7,統一-中壢,2024-01-29,5853
1326,台化,7,0,7,統一-中壢,2024-01-29,5853
2883,凱基金,12,5,7,統一-中壢,2024-01-29,5853
3490,單井,14,7,7,統一-中壢,2024-01-29,5853
3605,宏致,11,4,7,統一-中壢,2024-01-29,5853
5347,世界,7,0,7,統一-中壢,2024-01-29,5853
2337,旺宏,21,15,6,統一-中壢,2024-01-29,5853
00673R,期元大S＆P原油反1,5,0,5,統一-中壢,2024-01-29,5853
1307,三芳,5,0,5,統一-中壢,2024-01-29,5853
00680L,元大美債20正2,265,60,205,統一-中壢,2024-01-30,5853
00878,國泰永續高股息,113,2,111,統一-中壢,2024-01-30,5853
2884,玉山金,101,0,101,統一-中壢,2024-01-30,5853
00650L,復華香港正2,60,1,59,統一-中壢,2024-01-30,5853
00751B,元大AAA至A公司債,50,10,40,統一-中壢,2024-01-30,5853
00687B,國泰20年美債,38,1,37,統一-中壢,2024-01-30,5853
1101,台泥,30,0,30,統一-中壢,2024-01-30,5853
00753L,中信中國50正2,31,1,30,統一-中壢,2024-01-30,5853
3312,弘憶股,30,0,30,統一-中壢,2024-01-30,5853
3380,明泰,31,1,30,統一-中壢,2024-01-30,5853
3036,文曄,31,1,30,統一-中壢,2024-01-30,5853
3615,安可,60,31,29,統一-中壢,2024-01-30,5853
6143,振曜,50,21,29,統一-中壢,2024-01-30,5853
2615,萬海,29,2,27,統一-中壢,2024-01-30,5853
2883,凱基金,27,0,27,統一-中壢,2024-01-30,5853
00937B,群益ESG投等債20,48,22,26,統一-中壢,2024-01-30,5853
00795B,中信美國公債20年,25,0,25,統一-中壢,2024-01-30,5853
3499,環天科,25,0,25,統一-中壢,2024-01-30,5853
4543,萬在,26,2,24,統一-中壢,2024-01-30,5853
6282,康舒,23,1,22,統一-中壢,2024-01-30,5853
2331,精英,22,0,22,統一-中壢,2024-01-30,5853
00722B,群益投資級電信債,21,0,21,統一-中壢,2024-01-30,5853
2723,美食-KY,20,0,20,統一-中壢,2024-01-30,5853
00688L,國泰20年美債正2,20,0,20,統一-中壢,2024-01-30,5853
00637L,元大滬深300正2,125,105,20,統一-中壢,2024-01-30,5853
5880,合庫金,20,0,20,統一-中壢,2024-01-30,5853
3694,海華,21,2,19,統一-中壢,2024-01-30,5853
2324,仁寶,20,3,17,統一-中壢,2024-01-30,5853
6223,旺矽,17,0,17,統一-中壢,2024-01-30,5853
3322,建舜電,16,0,16,統一-中壢,2024-01-30,5853
3481,群創,15,0,15,統一-中壢,2024-01-30,5853
2337,旺宏,16,1,15,統一-中壢,2024-01-30,5853
3051,力特,15,0,15,統一-中壢,2024-01-30,5853
6770,力積電,17,3,14,統一-中壢,2024-01-30,5853
4908,前鼎,20,6,14,統一-中壢,2024-01-30,5853
00929,復華台灣科技優息,25,11,14,統一-中壢,2024-01-30,5853
00752,中信中國50,12,0,12,統一-中壢,2024-01-30,5853
00636,國泰中國A50,12,0,12,統一-中壢,2024-01-30,5853
2027,大成鋼,11,0,11,統一-中壢,2024-01-30,5853
00933B,國泰10Y+金融債,11,0,11,統一-中壢,2024-01-30,5853
2431,聯昌,11,0,11,統一-中壢,2024-01-30,5853
6695,芯鼎,16,5,11,統一-中壢,2024-01-30,5853
2618,長榮航,32,22,10,統一-中壢,2024-01-30,5853
3564,其陽,10,0,10,統一-中壢,2024-01-30,5853
5223,安力-KY,10,0,10,統一-中壢,2024-01-30,5853
5426,振發,12,2,10,統一-中壢,2024-01-30,5853
6127,九豪,10,0,10,統一-中壢,2024-01-30,5853
6741,91APP*-KY,10,0,10,統一-中壢,2024-01-30,5853
2356,英業達,19,10,9,統一-中壢,2024-01-30,5853
1514,亞力,9,0,9,統一-中壢,2024-01-30,5853
00665L,富邦�琤肭磪囓�2,201,40,161,統一-中壢,2024-01-31,5853
00929,復華台灣科技優息,150,32,118,統一-中壢,2024-01-31,5853
1409,新纖,100,0,100,統一-中壢,2024-01-31,5853
2867,三商壽,93,0,93,統一-中壢,2024-01-31,5853
00687B,國泰20年美債,76,1,75,統一-中壢,2024-01-31,5853
3360,尚立,89,22,67,統一-中壢,2024-01-31,5853
5236,凌陽創新,60,0,60,統一-中壢,2024-01-31,5853
00688L,國泰20年美債正2,54,4,50,統一-中壢,2024-01-31,5853
2884,玉山金,51,5,46,統一-中壢,2024-01-31,5853
6120,達運,47,3,44,統一-中壢,2024-01-31,5853
1309,台達化,41,0,41,統一-中壢,2024-01-31,5853
00878,國泰永續高股息,37,2,35,統一-中壢,2024-01-31,5853
3615,安可,30,1,29,統一-中壢,2024-01-31,5853
2330,台積電,31,4,27,統一-中壢,2024-01-31,5853
00764B,群益25年美債,25,0,25,統一-中壢,2024-01-31,5853
2303,聯電,26,3,23,統一-中壢,2024-01-31,5853
9919,康那香,26,3,23,統一-中壢,2024-01-31,5853
6218,豪勉,21,0,21,統一-中壢,2024-01-31,5853
00919,群益台灣精選高息,31,10,21,統一-中壢,2024-01-31,5853
5880,合庫金,20,0,20,統一-中壢,2024-01-31,5853
3276,宇環,18,0,18,統一-中壢,2024-01-31,5853
00927,群益半導體收益,15,0,15,統一-中壢,2024-01-31,5853
6108,競國,14,0,14,統一-中壢,2024-01-31,5853
3308,聯德,14,0,14,統一-中壢,2024-01-31,5853
2308,台達電,15,2,13,統一-中壢,2024-01-31,5853
8489,三貝德,13,0,13,統一-中壢,2024-01-31,5853
0050,元大台灣50,12,0,12,統一-中壢,2024-01-31,5853
00918,大華優利高填息30,12,0,12,統一-中壢,2024-01-31,5853
2385,群光,12,0,12,統一-中壢,2024-01-31,5853
3038,全台,15,3,12,統一-中壢,2024-01-31,5853
1303,南亞,12,0,12,統一-中壢,2024-01-31,5853
00931B,統一美債20年,61,50,11,統一-中壢,2024-01-31,5853
2369,菱生,13,2,11,統一-中壢,2024-01-31,5853
4588,玖鼎電力,11,0,11,統一-中壢,2024-01-31,5853
2515,中工,11,0,11,統一-中壢,2024-01-31,5853
00650L,復華香港正2,10,0,10,統一-中壢,2024-01-31,5853
00632R,元大台灣50反1,30,20,10,統一-中壢,2024-01-31,5853
00722B,群益投資級電信債,10,0,10,統一-中壢,2024-01-31,5853
2412,中華電,10,0,10,統一-中壢,2024-01-31,5853
2485,兆赫,10,0,10,統一-中壢,2024-01-31,5853
2634,漢翔,10,0,10,統一-中壢,2024-01-31,5853
2892,第一金,10,0,10,統一-中壢,2024-01-31,5853
3289,宜特,11,1,10,統一-中壢,2024-01-31,5853
3576,聯合再生,10,0,10,統一-中壢,2024-01-31,5853
6214,精誠,10,0,10,統一-中壢,2024-01-31,5853
6770,力積電,15,5,10,統一-中壢,2024-01-31,5853
3005,神基,9,0,9,統一-中壢,2024-01-31,5853
8383,千附,15,6,9,統一-中壢,2024-01-31,5853
3035,智原,12,4,8,統一-中壢,2024-01-31,5853
2301,光寶科,9,1,8,統一-中壢,2024-01-31,5853
00665L,富邦�琤肭磪囓�2,128,11,117,統一-中壢,2024-02-01,5853
3265,台星科,71,2,69,統一-中壢,2024-02-01,5853
6143,振曜,56,0,56,統一-中壢,2024-02-01,5853
2884,玉山金,54,0,54,統一-中壢,2024-02-01,5853
5388,中磊,50,0,50,統一-中壢,2024-02-01,5853
00937B,群益ESG投等債20,121,75,46,統一-中壢,2024-02-01,5853
6116,彩晶,40,0,40,統一-中壢,2024-02-01,5853
8936,國統,66,31,35,統一-中壢,2024-02-01,5853
00753L,中信中國50正2,51,17,34,統一-中壢,2024-02-01,5853
2609,陽明,36,5,31,統一-中壢,2024-02-01,5853
00878,國泰永續高股息,47,19,28,統一-中壢,2024-02-01,5853
00918,大華優利高填息30,25,0,25,統一-中壢,2024-02-01,5853
00915,凱基優選高股息30,24,0,24,統一-中壢,2024-02-01,5853
00927,群益半導體收益,24,0,24,統一-中壢,2024-02-01,5853
2486,一詮,44,20,24,統一-中壢,2024-02-01,5853
00929,復華台灣科技優息,35,11,24,統一-中壢,2024-02-01,5853
00712,復華富時不動產,24,2,22,統一-中壢,2024-02-01,5853
3661,世芯-KY,25,4,21,統一-中壢,2024-02-01,5853
8112,至上,37,16,21,統一-中壢,2024-02-01,5853
3704,合勤控,20,0,20,統一-中壢,2024-02-01,5853
4707,磐亞,20,0,20,統一-中壢,2024-02-01,5853
2409,友達,21,2,19,統一-中壢,2024-02-01,5853
00715L,期街口布蘭特正2,17,0,17,統一-中壢,2024-02-01,5853
2303,聯電,39,24,15,統一-中壢,2024-02-01,5853
3055,蔚華科,14,0,14,統一-中壢,2024-02-01,5853
4938,和碩,15,1,14,統一-中壢,2024-02-01,5853
6223,旺矽,13,0,13,統一-中壢,2024-02-01,5853
6270,倍微,13,0,13,統一-中壢,2024-02-01,5853
3231,緯創,16,4,12,統一-中壢,2024-02-01,5853
2617,台航,20,8,12,統一-中壢,2024-02-01,5853
2542,興富發,11,0,11,統一-中壢,2024-02-01,5853
3390,旭軟,11,0,11,統一-中壢,2024-02-01,5853
00919,群益台灣精選高息,15,5,10,統一-中壢,2024-02-01,5853
3035,智原,18,8,10,統一-中壢,2024-02-01,5853
00751B,元大AAA至A公司債,10,0,10,統一-中壢,2024-02-01,5853
1528,恩德,23,13,10,統一-中壢,2024-02-01,5853
2387,精元,15,5,10,統一-中壢,2024-02-01,5853
3363,上詮,12,2,10,統一-中壢,2024-02-01,5853
4303,信立,10,0,10,統一-中壢,2024-02-01,5853
8011,台通,11,1,10,統一-中壢,2024-02-01,5853
8040,九暘,11,1,10,統一-中壢,2024-02-01,5853
6125,廣運,18,9,9,統一-中壢,2024-02-01,5853
6179,亞通,9,0,9,統一-中壢,2024-02-01,5853
3050,鈺德,11,3,8,統一-中壢,2024-02-01,5853
3694,海華,18,10,8,統一-中壢,2024-02-01,5853
6147,頎邦,8,0,8,統一-中壢,2024-02-01,5853
6237,驊訊,13,5,8,統一-中壢,2024-02-01,5853
00885,富邦越南,7,0,7,統一-中壢,2024-02-01,5853
8016,矽創,7,0,7,統一-中壢,2024-02-01,5853
3714,富采,11,4,7,統一-中壢,2024-02-01,5853
00929,復華台灣科技優息,159,1,158,統一-中壢,2024-02-02,5853
2637,慧洋-KY,105,0,105,統一-中壢,2024-02-02,5853
00632R,元大台灣50反1,100,0,100,統一-中壢,2024-02-02,5853
00637L,元大滬深300正2,70,0,70,統一-中壢,2024-02-02,5853
00933B,國泰10Y+金融債,43,0,43,統一-中壢,2024-02-02,5853
2303,聯電,38,4,34,統一-中壢,2024-02-02,5853
00772B,中信高評級公司債,33,0,33,統一-中壢,2024-02-02,5853
6113,亞矽,35,2,33,統一-中壢,2024-02-02,5853
00937B,群益ESG投等債20,67,35,32,統一-中壢,2024-02-02,5853
00885,富邦越南,30,0,30,統一-中壢,2024-02-02,5853
2515,中工,30,0,30,統一-中壢,2024-02-02,5853
2867,三商壽,30,0,30,統一-中壢,2024-02-02,5853
6223,旺矽,30,0,30,統一-中壢,2024-02-02,5853
3622,洋華,68,39,29,統一-中壢,2024-02-02,5853
2603,長榮,28,1,27,統一-中壢,2024-02-02,5853
4906,正文,25,0,25,統一-中壢,2024-02-02,5853
6806,森崴能源,26,2,24,統一-中壢,2024-02-02,5853
5351,鈺創,22,0,22,統一-中壢,2024-02-02,5853
6143,振曜,22,1,21,統一-中壢,2024-02-02,5853
00690,兆豐藍籌30,20,0,20,統一-中壢,2024-02-02,5853
3260,威剛,23,4,19,統一-中壢,2024-02-02,5853
6208,日揚,18,0,18,統一-中壢,2024-02-02,5853
3711,日月光投控,26,9,17,統一-中壢,2024-02-02,5853
8069,元太,17,1,16,統一-中壢,2024-02-02,5853
2812,台中銀,17,1,16,統一-中壢,2024-02-02,5853
1584,精剛,15,0,15,統一-中壢,2024-02-02,5853
6770,力積電,13,0,13,統一-中壢,2024-02-02,5853
2442,新美齊,13,0,13,統一-中壢,2024-02-02,5853
2634,漢翔,21,8,13,統一-中壢,2024-02-02,5853
5426,振發,15,2,13,統一-中壢,2024-02-02,5853
2388,威盛,18,6,12,統一-中壢,2024-02-02,5853
6727,亞泰金屬,12,0,12,統一-中壢,2024-02-02,5853
8936,國統,12,0,12,統一-中壢,2024-02-02,5853
00927,群益半導體收益,11,0,11,統一-中壢,2024-02-02,5853
1101,台泥,12,1,11,統一-中壢,2024-02-02,5853
3481,群創,31,20,11,統一-中壢,2024-02-02,5853
1314,中石化,10,0,10,統一-中壢,2024-02-02,5853
5347,世界,12,2,10,統一-中壢,2024-02-02,5853
2427,三商電,11,1,10,統一-中壢,2024-02-02,5853
00653L,富邦印度正2,10,0,10,統一-中壢,2024-02-02,5853
00712,復華富時不動產,10,0,10,統一-中壢,2024-02-02,5853
00918,大華優利高填息30,10,0,10,統一-中壢,2024-02-02,5853
1459,聯發,10,0,10,統一-中壢,2024-02-02,5853
2402,毅嘉,10,0,10,統一-中壢,2024-02-02,5853
3029,零壹,12,2,10,統一-中壢,2024-02-02,5853
4119,旭富,10,0,10,統一-中壢,2024-02-02,5853
6285,啟��,17,8,9,統一-中壢,2024-02-02,5853
2882,國泰金,11,2,9,統一-中壢,2024-02-02,5853
00919,群益台灣精選高息,13,5,8,統一-中壢,2024-02-02,5853
2449,京元電子,8,0,8,統一-中壢,2024-02-02,5853
00933B,國泰10Y+金融債,226,0,226,統一-中壢,2024-02-05,5853
2409,友達,200,0,200,統一-中壢,2024-02-05,5853
00753L,中信中國50正2,161,0,161,統一-中壢,2024-02-05,5853
00637L,元大滬深300正2,182,45,137,統一-中壢,2024-02-05,5853
00857B,永豐20年美公債,118,0,118,統一-中壢,2024-02-05,5853
00715L,期街口布蘭特正2,75,6,69,統一-中壢,2024-02-05,5853
2884,玉山金,66,0,66,統一-中壢,2024-02-05,5853
00919,群益台灣精選高息,70,5,65,統一-中壢,2024-02-05,5853
2515,中工,46,0,46,統一-中壢,2024-02-05,5853
00937B,群益ESG投等債20,72,32,40,統一-中壢,2024-02-05,5853
00929,復華台灣科技優息,39,1,38,統一-中壢,2024-02-05,5853
00687B,國泰20年美債,40,3,37,統一-中壢,2024-02-05,5853
6116,彩晶,33,0,33,統一-中壢,2024-02-05,5853
2421,建準,37,11,26,統一-中壢,2024-02-05,5853
2303,聯電,31,6,25,統一-中壢,2024-02-05,5853
1101,台泥,26,1,25,統一-中壢,2024-02-05,5853
00931B,統一美債20年,49,26,23,統一-中壢,2024-02-05,5853
2385,群光,28,6,22,統一-中壢,2024-02-05,5853
3362,先進光,23,1,22,統一-中壢,2024-02-05,5853
2801,彰銀,20,0,20,統一-中壢,2024-02-05,5853
5609,中菲行,20,0,20,統一-中壢,2024-02-05,5853
00927,群益半導體收益,19,0,19,統一-中壢,2024-02-05,5853
00878,國泰永續高股息,21,4,17,統一-中壢,2024-02-05,5853
2027,大成鋼,17,0,17,統一-中壢,2024-02-05,5853
2465,麗臺,18,1,17,統一-中壢,2024-02-05,5853
3029,零壹,17,0,17,統一-中壢,2024-02-05,5853
2356,英業達,23,7,16,統一-中壢,2024-02-05,5853
6770,力積電,20,5,15,統一-中壢,2024-02-05,5853
00680L,元大美債20正2,35,20,15,統一-中壢,2024-02-05,5853
6733,博晟生醫,15,0,15,統一-中壢,2024-02-05,5853
3661,世芯-KY,15,0,15,統一-中壢,2024-02-05,5853
00795B,中信美國公債20年,16,2,14,統一-中壢,2024-02-05,5853
2329,華泰,16,3,13,統一-中壢,2024-02-05,5853
3520,華盈,13,0,13,統一-中壢,2024-02-05,5853
3615,安可,13,0,13,統一-中壢,2024-02-05,5853
4707,磐亞,13,0,13,統一-中壢,2024-02-05,5853
5351,鈺創,16,3,13,統一-中壢,2024-02-05,5853
6785,昱展新藥,13,0,13,統一-中壢,2024-02-05,5853
2633,台灣高鐵,12,0,12,統一-中壢,2024-02-05,5853
3231,緯創,63,52,11,統一-中壢,2024-02-05,5853
2442,新美齊,11,0,11,統一-中壢,2024-02-05,5853
3443,創意,12,2,10,統一-中壢,2024-02-05,5853
00724B,群益投資級金融債,10,0,10,統一-中壢,2024-02-05,5853
00930,永豐ESG低碳高息,10,0,10,統一-中壢,2024-02-05,5853
1810,和成,10,0,10,統一-中壢,2024-02-05,5853
3276,宇環,10,0,10,統一-中壢,2024-02-05,5853
3390,旭軟,10,0,10,統一-中壢,2024-02-05,5853
5210,寶碩,10,0,10,統一-中壢,2024-02-05,5853
6127,九豪,10,0,10,統一-中壢,2024-02-05,5853
6179,亞通,13,3,10,統一-中壢,2024-02-05,5853
00680L,元大美債20正2,268,0,268,統一-中壢,2024-02-15,5853
00931B,統一美債20年,195,0,195,統一-中壢,2024-02-15,5853
00937B,群益ESG投等債20,206,30,176,統一-中壢,2024-02-15,5853
00753L,中信中國50正2,150,44,106,統一-中壢,2024-02-15,5853
00665L,富邦�琤肭磪囓�2,101,1,100,統一-中壢,2024-02-15,5853
3265,台星科,100,0,100,統一-中壢,2024-02-15,5853
00679B,元大美債20年,88,1,87,統一-中壢,2024-02-15,5853
00687B,國泰20年美債,85,10,75,統一-中壢,2024-02-15,5853
00632R,元大台灣50反1,73,2,71,統一-中壢,2024-02-15,5853
2344,華邦電,69,0,69,統一-中壢,2024-02-15,5853
6223,旺矽,71,17,54,統一-中壢,2024-02-15,5853
00919,群益台灣精選高息,68,21,47,統一-中壢,2024-02-15,5853
2801,彰銀,50,4,46,統一-中壢,2024-02-15,5853
00712,復華富時不動產,43,0,43,統一-中壢,2024-02-15,5853
00882,中信中國高股息,35,1,34,統一-中壢,2024-02-15,5853
00795B,中信美國公債20年,33,0,33,統一-中壢,2024-02-15,5853
6116,彩晶,33,1,32,統一-中壢,2024-02-15,5853
00885,富邦越南,30,3,27,統一-中壢,2024-02-15,5853
2884,玉山金,35,8,27,統一-中壢,2024-02-15,5853
00720B,元大投資級公司債,41,15,26,統一-中壢,2024-02-15,5853
00752,中信中國50,26,0,26,統一-中壢,2024-02-15,5853
2408,南亞科,28,3,25,統一-中壢,2024-02-15,5853
00636,國泰中國A50,25,0,25,統一-中壢,2024-02-15,5853
00772B,中信高評級公司債,25,0,25,統一-中壢,2024-02-15,5853
1309,台達化,25,1,24,統一-中壢,2024-02-15,5853
4147,中裕,21,1,20,統一-中壢,2024-02-15,5853
6005,群益證,20,0,20,統一-中壢,2024-02-15,5853
2359,所羅門,17,0,17,統一-中壢,2024-02-15,5853
2610,華航,46,30,16,統一-中壢,2024-02-15,5853
1326,台化,16,0,16,統一-中壢,2024-02-15,5853
5483,中美晶,16,1,15,統一-中壢,2024-02-15,5853
4938,和碩,15,0,15,統一-中壢,2024-02-15,5853
6209,今國光,15,0,15,統一-中壢,2024-02-15,5853
3481,群創,35,21,14,統一-中壢,2024-02-15,5853
00706L,期元大S＆P日圓正2,14,0,14,統一-中壢,2024-02-15,5853
6213,聯茂,14,0,14,統一-中壢,2024-02-15,5853
2324,仁寶,19,6,13,統一-中壢,2024-02-15,5853
3013,晟銘電,13,0,13,統一-中壢,2024-02-15,5853
00907,永豐優息存股,12,0,12,統一-中壢,2024-02-15,5853
00916,國泰全球品牌50,12,0,12,統一-中壢,2024-02-15,5853
2603,長榮,12,1,11,統一-中壢,2024-02-15,5853
3581,博磊,11,0,11,統一-中壢,2024-02-15,5853
6214,精誠,11,0,11,統一-中壢,2024-02-15,5853
00918,大華優利高填息30,10,0,10,統一-中壢,2024-02-15,5853
1762,中化生,10,0,10,統一-中壢,2024-02-15,5853
3548,兆利,23,13,10,統一-中壢,2024-02-15,5853
2313,華通,36,26,10,統一-中壢,2024-02-15,5853
2607,榮運,10,0,10,統一-中壢,2024-02-15,5853
3704,合勤控,10,0,10,統一-中壢,2024-02-15,5853
6530,創威,11,1,10,統一-中壢,2024-02-15,5853
00753L,中信中國50正2,280,32,248,統一-中壢,2024-02-16,5853
00931B,統一美債20年,140,1,139,統一-中壢,2024-02-16,5853
00687B,國泰20年美債,100,0,100,統一-中壢,2024-02-16,5853
00857B,永豐20年美公債,97,0,97,統一-中壢,2024-02-16,5853
2618,長榮航,101,11,90,統一-中壢,2024-02-16,5853
00680L,元大美債20正2,78,0,78,統一-中壢,2024-02-16,5853
2363,矽統,88,11,77,統一-中壢,2024-02-16,5853
2365,昆盈,78,11,67,統一-中壢,2024-02-16,5853
00937B,群益ESG投等債20,167,109,58,統一-中壢,2024-02-16,5853
00679B,元大美債20年,54,0,54,統一-中壢,2024-02-16,5853
00795B,中信美國公債20年,50,0,50,統一-中壢,2024-02-16,5853
2382,廣達,45,4,41,統一-中壢,2024-02-16,5853
00933B,國泰10Y+金融債,33,0,33,統一-中壢,2024-02-16,5853
3706,神達,45,13,32,統一-中壢,2024-02-16,5853
00673R,期元大S＆P原油反1,30,0,30,統一-中壢,2024-02-16,5853
2801,彰銀,30,0,30,統一-中壢,2024-02-16,5853
00764B,群益25年美債,27,0,27,統一-中壢,2024-02-16,5853
2884,玉山金,41,16,25,統一-中壢,2024-02-16,5853
00885,富邦越南,23,0,23,統一-中壢,2024-02-16,5853
00915,凱基優選高股息30,27,5,22,統一-中壢,2024-02-16,5853
00918,大華優利高填息30,22,0,22,統一-中壢,2024-02-16,5853
3545,敦泰,34,12,22,統一-中壢,2024-02-16,5853
5388,中磊,22,0,22,統一-中壢,2024-02-16,5853
2303,聯電,27,6,21,統一-中壢,2024-02-16,5853
00688L,國泰20年美債正2,21,0,21,統一-中壢,2024-02-16,5853
00927,群益半導體收益,23,2,21,統一-中壢,2024-02-16,5853
00786B,元大10年IG銀行債,20,0,20,統一-中壢,2024-02-16,5853
2362,藍天,21,1,20,統一-中壢,2024-02-16,5853
00712,復華富時不動產,20,1,19,統一-中壢,2024-02-16,5853
1101,台泥,22,6,16,統一-中壢,2024-02-16,5853
6770,力積電,19,3,16,統一-中壢,2024-02-16,5853
00772B,中信高評級公司債,15,0,15,統一-中壢,2024-02-16,5853
2915,潤泰全,15,0,15,統一-中壢,2024-02-16,5853
8111,立��,15,0,15,統一-中壢,2024-02-16,5853
2492,華新科,14,0,14,統一-中壢,2024-02-16,5853
3038,全台,14,0,14,統一-中壢,2024-02-16,5853
6243,迅杰,14,0,14,統一-中壢,2024-02-16,5853
2399,映泰,19,6,13,統一-中壢,2024-02-16,5853
2442,新美齊,13,0,13,統一-中壢,2024-02-16,5853
00720B,元大投資級公司債,12,0,12,統一-中壢,2024-02-16,5853
3376,新日興,14,2,12,統一-中壢,2024-02-16,5853
2408,南亞科,12,0,12,統一-中壢,2024-02-16,5853
5880,合庫金,20,8,12,統一-中壢,2024-02-16,5853
00891,中信關鍵半導體,12,0,12,統一-中壢,2024-02-16,5853
2317,鴻海,17,6,11,統一-中壢,2024-02-16,5853
00892,富邦台灣半導體,11,0,11,統一-中壢,2024-02-16,5853
2355,敬鵬,25,14,11,統一-中壢,2024-02-16,5853
3090,日電貿,12,1,11,統一-中壢,2024-02-16,5853
8121,越峰,11,0,11,統一-中壢,2024-02-16,5853
8936,國統,16,5,11,統一-中壢,2024-02-16,5853
00937B,群益ESG投等債20,278,0,278,統一-中壢,2024-02-19,5853
00882,中信中國高股息,140,8,132,統一-中壢,2024-02-19,5853
00919,群益台灣精選高息,97,8,89,統一-中壢,2024-02-19,5853
00857B,永豐20年美公債,86,0,86,統一-中壢,2024-02-19,5853
3265,台星科,71,1,70,統一-中壢,2024-02-19,5853
00687B,國泰20年美債,56,0,56,統一-中壢,2024-02-19,5853
00931B,統一美債20年,54,3,51,統一-中壢,2024-02-19,5853
00739,元大MSCI A股,50,0,50,統一-中壢,2024-02-19,5853
00632R,元大台灣50反1,50,0,50,統一-中壢,2024-02-19,5853
00635U,期元大S＆P黃金,50,0,50,統一-中壢,2024-02-19,5853
00643,群益深証中小,50,0,50,統一-中壢,2024-02-19,5853
00891,中信關鍵半導體,41,0,41,統一-中壢,2024-02-19,5853
2337,旺宏,35,0,35,統一-中壢,2024-02-19,5853
3581,博磊,30,0,30,統一-中壢,2024-02-19,5853
1806,冠軍,41,12,29,統一-中壢,2024-02-19,5853
6015,宏遠證,30,2,28,統一-中壢,2024-02-19,5853
2610,華航,31,4,27,統一-中壢,2024-02-19,5853
1471,首利,30,4,26,統一-中壢,2024-02-19,5853
00918,大華優利高填息30,25,0,25,統一-中壢,2024-02-19,5853
00915,凱基優選高股息30,23,0,23,統一-中壢,2024-02-19,5853
5521,工信,22,0,22,統一-中壢,2024-02-19,5853
2382,廣達,22,1,21,統一-中壢,2024-02-19,5853
2329,華泰,39,18,21,統一-中壢,2024-02-19,5853
6270,倍微,21,0,21,統一-中壢,2024-02-19,5853
2353,宏��,44,23,21,統一-中壢,2024-02-19,5853
00679B,元大美債20年,20,0,20,統一-中壢,2024-02-19,5853
1514,亞力,23,3,20,統一-中壢,2024-02-19,5853
2025,千興,20,0,20,統一-中壢,2024-02-19,5853
2323,中環,20,0,20,統一-中壢,2024-02-19,5853
1513,中興電,29,10,19,統一-中壢,2024-02-19,5853
2303,聯電,17,0,17,統一-中壢,2024-02-19,5853
00929,復華台灣科技優息,78,61,17,統一-中壢,2024-02-19,5853
00712,復華富時不動產,17,0,17,統一-中壢,2024-02-19,5853
2324,仁寶,20,4,16,統一-中壢,2024-02-19,5853
9904,寶成,15,0,15,統一-中壢,2024-02-19,5853
3711,日月光投控,21,6,15,統一-中壢,2024-02-19,5853
6288,聯嘉,35,20,15,統一-中壢,2024-02-19,5853
2405,輔信,15,0,15,統一-中壢,2024-02-19,5853
3038,全台,17,2,15,統一-中壢,2024-02-19,5853
3617,碩天,15,0,15,統一-中壢,2024-02-19,5853
2356,英業達,33,18,15,統一-中壢,2024-02-19,5853
2609,陽明,17,3,14,統一-中壢,2024-02-19,5853
2465,麗臺,14,0,14,統一-中壢,2024-02-19,5853
3437,榮創,21,7,14,統一-中壢,2024-02-19,5853
8215,明基材,15,2,13,統一-中壢,2024-02-19,5853
2377,微星,16,3,13,統一-中壢,2024-02-19,5853
3035,智原,16,3,13,統一-中壢,2024-02-19,5853
00933B,國泰10Y+金融債,12,0,12,統一-中壢,2024-02-19,5853
3483,力致,12,0,12,統一-中壢,2024-02-19,5853
5388,中磊,30,18,12,統一-中壢,2024-02-19,5853
2515,中工,505,0,505,統一-中壢,2024-02-20,5853
5388,中磊,132,0,132,統一-中壢,2024-02-20,5853
6164,華興,116,14,102,統一-中壢,2024-02-20,5853
00687B,國泰20年美債,60,0,60,統一-中壢,2024-02-20,5853
00927,群益半導體收益,58,1,57,統一-中壢,2024-02-20,5853
2867,三商壽,57,0,57,統一-中壢,2024-02-20,5853
00680L,元大美債20正2,52,0,52,統一-中壢,2024-02-20,5853
1513,中興電,55,3,52,統一-中壢,2024-02-20,5853
00915,凱基優選高股息30,45,0,45,統一-中壢,2024-02-20,5853
00919,群益台灣精選高息,93,49,44,統一-中壢,2024-02-20,5853
00712,復華富時不動產,40,2,38,統一-中壢,2024-02-20,5853
00918,大華優利高填息30,46,10,36,統一-中壢,2024-02-20,5853
00930,永豐ESG低碳高息,36,0,36,統一-中壢,2024-02-20,5853
6275,元山,36,0,36,統一-中壢,2024-02-20,5853
00795B,中信美國公債20年,33,0,33,統一-中壢,2024-02-20,5853
00885,富邦越南,37,5,32,統一-中壢,2024-02-20,5853
00753L,中信中國50正2,35,3,32,統一-中壢,2024-02-20,5853
3265,台星科,32,0,32,統一-中壢,2024-02-20,5853
00642U,期元大S＆P石油,50,20,30,統一-中壢,2024-02-20,5853
9904,寶成,30,0,30,統一-中壢,2024-02-20,5853
3231,緯創,43,14,29,統一-中壢,2024-02-20,5853
00679B,元大美債20年,33,9,24,統一-中壢,2024-02-20,5853
4164,承業醫,24,0,24,統一-中壢,2024-02-20,5853
2331,精英,24,1,23,統一-中壢,2024-02-20,5853
00929,復華台灣科技優息,95,73,22,統一-中壢,2024-02-20,5853
8070,長華*,22,0,22,統一-中壢,2024-02-20,5853
00772B,中信高評級公司債,21,0,21,統一-中壢,2024-02-20,5853
3163,波若威,29,8,21,統一-中壢,2024-02-20,5853
2009,第一銅,20,0,20,統一-中壢,2024-02-20,5853
5521,工信,25,5,20,統一-中壢,2024-02-20,5853
4960,誠美材,22,2,20,統一-中壢,2024-02-20,5853
2353,宏��,30,11,19,統一-中壢,2024-02-20,5853
2369,菱生,20,3,17,統一-中壢,2024-02-20,5853
2486,一詮,26,10,16,統一-中壢,2024-02-20,5853
3481,群創,21,5,16,統一-中壢,2024-02-20,5853
2303,聯電,28,13,15,統一-中壢,2024-02-20,5853
3504,揚明光,15,0,15,統一-中壢,2024-02-20,5853
3607,谷崧,17,2,15,統一-中壢,2024-02-20,5853
1524,耿鼎,15,1,14,統一-中壢,2024-02-20,5853
1905,華紙,14,0,14,統一-中壢,2024-02-20,5853
8110,華東,32,18,14,統一-中壢,2024-02-20,5853
1101,台泥,23,10,13,統一-中壢,2024-02-20,5853
6217,中探針,13,0,13,統一-中壢,2024-02-20,5853
4714,永捷,22,9,13,統一-中壢,2024-02-20,5853
6233,旺玖,34,21,13,統一-中壢,2024-02-20,5853
2382,廣達,13,1,12,統一-中壢,2024-02-20,5853
1519,華城,14,2,12,統一-中壢,2024-02-20,5853
2399,映泰,12,0,12,統一-中壢,2024-02-20,5853
3437,榮創,24,12,12,統一-中壢,2024-02-20,5853
00720B,元大投資級公司債,11,0,11,統一-中壢,2024-02-20,5853
2610,華航,327,1,326,統一-中壢,2024-02-21,5853
00637L,元大滬深300正2,406,118,288,統一-中壢,2024-02-21,5853
00665L,富邦�琤肭磪囓�2,260,95,165,統一-中壢,2024-02-21,5853
00937B,群益ESG投等債20,143,5,138,統一-中壢,2024-02-21,5853
00919,群益台灣精選高息,125,2,123,統一-中壢,2024-02-21,5853
2515,中工,101,11,90,統一-中壢,2024-02-21,5853
00878,國泰永續高股息,111,26,85,統一-中壢,2024-02-21,5853
00680L,元大美債20正2,83,0,83,統一-中壢,2024-02-21,5853
2489,瑞軒,81,12,69,統一-中壢,2024-02-21,5853
00929,復華台灣科技優息,93,39,54,統一-中壢,2024-02-21,5853
00679B,元大美債20年,53,0,53,統一-中壢,2024-02-21,5853
6733,博晟生醫,50,0,50,統一-中壢,2024-02-21,5853
2303,聯電,44,3,41,統一-中壢,2024-02-21,5853
6168,宏齊,40,0,40,統一-中壢,2024-02-21,5853
3231,緯創,58,18,40,統一-中壢,2024-02-21,5853
2367,燿華,38,0,38,統一-中壢,2024-02-21,5853
8110,華東,38,2,36,統一-中壢,2024-02-21,5853
00891,中信關鍵半導體,65,30,35,統一-中壢,2024-02-21,5853
00933B,國泰10Y+金融債,34,0,34,統一-中壢,2024-02-21,5853
00915,凱基優選高股息30,43,11,32,統一-中壢,2024-02-21,5853
5388,中磊,32,0,32,統一-中壢,2024-02-21,5853
5521,工信,64,32,32,統一-中壢,2024-02-21,5853
3481,群創,43,16,27,統一-中壢,2024-02-21,5853
3035,智原,28,2,26,統一-中壢,2024-02-21,5853
2882,國泰金,26,0,26,統一-中壢,2024-02-21,5853
6160,欣技,23,0,23,統一-中壢,2024-02-21,5853
2409,友達,22,0,22,統一-中壢,2024-02-21,5853
00795B,中信美國公債20年,21,0,21,統一-中壢,2024-02-21,5853
2885,元大金,22,1,21,統一-中壢,2024-02-21,5853
2887,台新金,22,1,21,統一-中壢,2024-02-21,5853
00764B,群益25年美債,21,1,20,統一-中壢,2024-02-21,5853
2867,三商壽,20,0,20,統一-中壢,2024-02-21,5853
3596,智易,20,0,20,統一-中壢,2024-02-21,5853
00712,復華富時不動產,21,2,19,統一-中壢,2024-02-21,5853
1529,樂事綠能,21,2,19,統一-中壢,2024-02-21,5853
3325,旭品,18,0,18,統一-中壢,2024-02-21,5853
00772B,中信高評級公司債,16,0,16,統一-中壢,2024-02-21,5853
6116,彩晶,16,0,16,統一-中壢,2024-02-21,5853
2442,新美齊,15,0,15,統一-中壢,2024-02-21,5853
2511,太子,15,0,15,統一-中壢,2024-02-21,5853
6282,康舒,15,1,14,統一-中壢,2024-02-21,5853
00720B,元大投資級公司債,13,0,13,統一-中壢,2024-02-21,5853
2353,宏��,20,7,13,統一-中壢,2024-02-21,5853
4729,熒茂,13,0,13,統一-中壢,2024-02-21,5853
2609,陽明,26,14,12,統一-中壢,2024-02-21,5853
2892,第一金,12,0,12,統一-中壢,2024-02-21,5853
8087,麗升能源,12,0,12,統一-中壢,2024-02-21,5853
8016,矽創,12,1,11,統一-中壢,2024-02-21,5853
6223,旺矽,13,2,11,統一-中壢,2024-02-21,5853
00653L,富邦印度正2,10,0,10,統一-中壢,2024-02-21,5853
00665L,富邦�琤肭磪囓�2,526,0,526,統一-中壢,2024-02-22,5853
3025,星通,254,5,249,統一-中壢,2024-02-22,5853
3265,台星科,104,4,100,統一-中壢,2024-02-22,5853
00637L,元大滬深300正2,116,17,99,統一-中壢,2024-02-22,5853
3615,安可,85,1,84,統一-中壢,2024-02-22,5853
00937B,群益ESG投等債20,86,6,80,統一-中壢,2024-02-22,5853
9904,寶成,89,13,76,統一-中壢,2024-02-22,5853
3712,永崴投控,68,4,64,統一-中壢,2024-02-22,5853
2356,英業達,66,17,49,統一-中壢,2024-02-22,5853
8936,國統,64,20,44,統一-中壢,2024-02-22,5853
00795B,中信美國公債20年,35,1,34,統一-中壢,2024-02-22,5853
2101,南港,33,0,33,統一-中壢,2024-02-22,5853
1589,永冠-KY,31,0,31,統一-中壢,2024-02-22,5853
8110,華東,32,1,31,統一-中壢,2024-02-22,5853
3581,博磊,30,0,30,統一-中壢,2024-02-22,5853
2329,華泰,97,68,29,統一-中壢,2024-02-22,5853
2883,凱基金,24,0,24,統一-中壢,2024-02-22,5853
2442,新美齊,27,4,23,統一-中壢,2024-02-22,5853
2504,國產,25,2,23,統一-中壢,2024-02-22,5853
3520,華盈,23,0,23,統一-中壢,2024-02-22,5853
2801,彰銀,23,1,22,統一-中壢,2024-02-22,5853
2376,技嘉,23,1,22,統一-中壢,2024-02-22,5853
00751B,元大AAA至A公司債,22,0,22,統一-中壢,2024-02-22,5853
00764B,群益25年美債,20,0,20,統一-中壢,2024-02-22,5853
4960,誠美材,19,0,19,統一-中壢,2024-02-22,5853
2486,一詮,19,0,19,統一-中壢,2024-02-22,5853
00892,富邦台灣半導體,18,0,18,統一-中壢,2024-02-22,5853
2834,臺企銀,17,0,17,統一-中壢,2024-02-22,5853
3228,金麗科,17,0,17,統一-中壢,2024-02-22,5853
3231,緯創,40,24,16,統一-中壢,2024-02-22,5853
3234,光環,19,3,16,統一-中壢,2024-02-22,5853
00933B,國泰10Y+金融債,21,5,16,統一-中壢,2024-02-22,5853
00757,統一FANG+,15,0,15,統一-中壢,2024-02-22,5853
2331,精英,39,24,15,統一-中壢,2024-02-22,5853
3624,光頡,14,0,14,統一-中壢,2024-02-22,5853
2353,宏��,40,26,14,統一-中壢,2024-02-22,5853
6451,訊芯-KY,18,6,12,統一-中壢,2024-02-22,5853
1326,台化,12,0,12,統一-中壢,2024-02-22,5853
2409,友達,12,0,12,統一-中壢,2024-02-22,5853
6196,帆宣,22,10,12,統一-中壢,2024-02-22,5853
00673R,期元大S＆P原油反1,11,0,11,統一-中壢,2024-02-22,5853
2340,台亞,11,0,11,統一-中壢,2024-02-22,5853
2634,漢翔,11,0,11,統一-中壢,2024-02-22,5853
6515,穎崴,10,0,10,統一-中壢,2024-02-22,5853
1806,冠軍,10,0,10,統一-中壢,2024-02-22,5853
2887,台新金,10,0,10,統一-中壢,2024-02-22,5853
2913,農林,10,0,10,統一-中壢,2024-02-22,5853
6179,亞通,10,0,10,統一-中壢,2024-02-22,5853
2421,建準,10,0,10,統一-中壢,2024-02-22,5853
3049,精金,9,0,9,統一-中壢,2024-02-22,5853
00680L,元大美債20正2,257,0,257,統一-中壢,2024-02-23,5853
00795B,中信美國公債20年,75,0,75,統一-中壢,2024-02-23,5853
1314,中石化,75,0,75,統一-中壢,2024-02-23,5853
9904,寶成,74,0,74,統一-中壢,2024-02-23,5853
00919,群益台灣精選高息,81,15,66,統一-中壢,2024-02-23,5853
3624,光頡,57,0,57,統一-中壢,2024-02-23,5853
2610,華航,60,3,57,統一-中壢,2024-02-23,5853
1513,中興電,89,35,54,統一-中壢,2024-02-23,5853
6126,信音,56,3,53,統一-中壢,2024-02-23,5853
00885,富邦越南,50,0,50,統一-中壢,2024-02-23,5853
4903,聯光通,50,0,50,統一-中壢,2024-02-23,5853
00632R,元大台灣50反1,56,10,46,統一-中壢,2024-02-23,5853
1609,大亞,48,5,43,統一-中壢,2024-02-23,5853
2356,英業達,46,6,40,統一-中壢,2024-02-23,5853
00653L,富邦印度正2,40,0,40,統一-中壢,2024-02-23,5853
00891,中信關鍵半導體,48,10,38,統一-中壢,2024-02-23,5853
3615,安可,35,0,35,統一-中壢,2024-02-23,5853
3712,永崴投控,35,2,33,統一-中壢,2024-02-23,5853
5388,中磊,31,0,31,統一-中壢,2024-02-23,5853
3231,緯創,62,31,31,統一-中壢,2024-02-23,5853
2313,華通,108,78,30,統一-中壢,2024-02-23,5853
4953,緯軟,28,0,28,統一-中壢,2024-02-23,5853
2884,玉山金,29,3,26,統一-中壢,2024-02-23,5853
6143,振曜,26,0,26,統一-中壢,2024-02-23,5853
00927,群益半導體收益,28,3,25,統一-中壢,2024-02-23,5853
6167,久正,25,0,25,統一-中壢,2024-02-23,5853
6257,矽格,34,9,25,統一-中壢,2024-02-23,5853
3362,先進光,23,0,23,統一-中壢,2024-02-23,5853
00931B,統一美債20年,21,0,21,統一-中壢,2024-02-23,5853
00857B,永豐20年美公債,21,0,21,統一-中壢,2024-02-23,5853
1524,耿鼎,21,0,21,統一-中壢,2024-02-23,5853
6168,宏齊,29,8,21,統一-中壢,2024-02-23,5853
00913,兆豐台灣晶圓製造,20,0,20,統一-中壢,2024-02-23,5853
00764B,群益25年美債,20,0,20,統一-中壢,2024-02-23,5853
2605,新興,20,0,20,統一-中壢,2024-02-23,5853
3033,威健,20,0,20,統一-中壢,2024-02-23,5853
3520,華盈,20,0,20,統一-中壢,2024-02-23,5853
2329,華泰,85,66,19,統一-中壢,2024-02-23,5853
00640L,富邦日本正2,19,0,19,統一-中壢,2024-02-23,5853
4960,誠美材,19,0,19,統一-中壢,2024-02-23,5853
00858,永豐美國500大,17,0,17,統一-中壢,2024-02-23,5853
00933B,國泰10Y+金融債,17,0,17,統一-中壢,2024-02-23,5853
2025,千興,17,0,17,統一-中壢,2024-02-23,5853
2442,新美齊,17,0,17,統一-中壢,2024-02-23,5853
1101,台泥,17,1,16,統一-中壢,2024-02-23,5853
00930,永豐ESG低碳高息,26,10,16,統一-中壢,2024-02-23,5853
2618,長榮航,18,2,16,統一-中壢,2024-02-23,5853
3322,建舜電,15,0,15,統一-中壢,2024-02-23,5853
5351,鈺創,18,3,15,統一-中壢,2024-02-23,5853
8110,華東,17,2,15,統一-中壢,2024-02-23,5853
00637L,元大滬深300正2,402,220,182,統一-中壢,2024-02-26,5853
00753L,中信中國50正2,178,0,178,統一-中壢,2024-02-26,5853
00665L,富邦�琤肭磪囓�2,132,7,125,統一-中壢,2024-02-26,5853
9103,美德醫療-DR,105,0,105,統一-中壢,2024-02-26,5853
00885,富邦越南,83,5,78,統一-中壢,2024-02-26,5853
00679B,元大美債20年,67,0,67,統一-中壢,2024-02-26,5853
00680L,元大美債20正2,189,122,67,統一-中壢,2024-02-26,5853
8064,東捷,71,4,67,統一-中壢,2024-02-26,5853
00937B,群益ESG投等債20,93,27,66,統一-中壢,2024-02-26,5853
00878,國泰永續高股息,103,38,65,統一-中壢,2024-02-26,5853
00919,群益台灣精選高息,70,15,55,統一-中壢,2024-02-26,5853
2101,南港,50,0,50,統一-中壢,2024-02-26,5853
2031,新光鋼,34,1,33,統一-中壢,2024-02-26,5853
00712,復華富時不動產,31,0,31,統一-中壢,2024-02-26,5853
00688L,國泰20年美債正2,30,0,30,統一-中壢,2024-02-26,5853
2409,友達,31,1,30,統一-中壢,2024-02-26,5853
2641,正德,30,0,30,統一-中壢,2024-02-26,5853
5388,中磊,30,0,30,統一-中壢,2024-02-26,5853
6134,萬旭,30,0,30,統一-中壢,2024-02-26,5853
6550,北極星藥業-KY,30,0,30,統一-中壢,2024-02-26,5853
3055,蔚華科,69,42,27,統一-中壢,2024-02-26,5853
2102,泰豐,25,0,25,統一-中壢,2024-02-26,5853
2313,華通,61,36,25,統一-中壢,2024-02-26,5853
6213,聯茂,25,0,25,統一-中壢,2024-02-26,5853
8011,台通,26,3,23,統一-中壢,2024-02-26,5853
00715L,期街口布蘭特正2,21,0,21,統一-中壢,2024-02-26,5853
1325,恆大,21,0,21,統一-中壢,2024-02-26,5853
2399,映泰,21,0,21,統一-中壢,2024-02-26,5853
00935,野村臺灣新科技50,21,0,21,統一-中壢,2024-02-26,5853
1760,寶齡富錦,20,0,20,統一-中壢,2024-02-26,5853
3706,神達,24,4,20,統一-中壢,2024-02-26,5853
6016,康和證,20,0,20,統一-中壢,2024-02-26,5853
3005,神基,19,2,17,統一-中壢,2024-02-26,5853
3033,威健,17,0,17,統一-中壢,2024-02-26,5853
3227,原相,20,3,17,統一-中壢,2024-02-26,5853
6259,百徽,16,0,16,統一-中壢,2024-02-26,5853
2892,第一金,15,0,15,統一-中壢,2024-02-26,5853
2303,聯電,17,2,15,統一-中壢,2024-02-26,5853
2442,新美齊,15,0,15,統一-中壢,2024-02-26,5853
4908,前鼎,39,24,15,統一-中壢,2024-02-26,5853
6179,亞通,15,0,15,統一-中壢,2024-02-26,5853
6770,力積電,13,0,13,統一-中壢,2024-02-26,5853
2884,玉山金,21,8,13,統一-中壢,2024-02-26,5853
4960,誠美材,15,2,13,統一-中壢,2024-02-26,5853
2618,長榮航,18,5,13,統一-中壢,2024-02-26,5853
2405,輔信,19,7,12,統一-中壢,2024-02-26,5853
3051,力特,12,0,12,統一-中壢,2024-02-26,5853
3234,光環,12,0,12,統一-中壢,2024-02-26,5853
3373,熱映,12,0,12,統一-中壢,2024-02-26,5853
6727,亞泰金屬,12,0,12,統一-中壢,2024-02-26,5853
00937B,群益ESG投等債20,242,0,242,統一-中壢,2024-02-27,5853
00878,國泰永續高股息,131,14,117,統一-中壢,2024-02-27,5853
2834,臺企銀,123,9,114,統一-中壢,2024-02-27,5853
00891,中信關鍵半導體,59,2,57,統一-中壢,2024-02-27,5853
2363,矽統,74,21,53,統一-中壢,2024-02-27,5853
00665L,富邦�琤肭磪囓�2,61,10,51,統一-中壢,2024-02-27,5853
00679B,元大美債20年,54,5,49,統一-中壢,2024-02-27,5853
2031,新光鋼,50,3,47,統一-中壢,2024-02-27,5853
6806,森崴能源,53,7,46,統一-中壢,2024-02-27,5853
00687B,國泰20年美債,43,0,43,統一-中壢,2024-02-27,5853
1711,永光,56,21,35,統一-中壢,2024-02-27,5853
00919,群益台灣精選高息,59,26,33,統一-中壢,2024-02-27,5853
1513,中興電,50,17,33,統一-中壢,2024-02-27,5853
00637L,元大滬深300正2,80,50,30,統一-中壢,2024-02-27,5853
00643,群益深証中小,30,0,30,統一-中壢,2024-02-27,5853
1760,寶齡富錦,30,0,30,統一-中壢,2024-02-27,5853
4960,誠美材,29,0,29,統一-中壢,2024-02-27,5853
3037,欣興,29,5,24,統一-中壢,2024-02-27,5853
3706,神達,25,2,23,統一-中壢,2024-02-27,5853
2329,華泰,45,22,23,統一-中壢,2024-02-27,5853
6727,亞泰金屬,22,0,22,統一-中壢,2024-02-27,5853
2002,中鋼,22,1,21,統一-中壢,2024-02-27,5853
00931B,統一美債20年,23,2,21,統一-中壢,2024-02-27,5853
00764B,群益25年美債,20,0,20,統一-中壢,2024-02-27,5853
00751B,元大AAA至A公司債,20,0,20,統一-中壢,2024-02-27,5853
3055,蔚華科,30,10,20,統一-中壢,2024-02-27,5853
3276,宇環,20,0,20,統一-中壢,2024-02-27,5853
4903,聯光通,20,0,20,統一-中壢,2024-02-27,5853
2344,華邦電,24,5,19,統一-中壢,2024-02-27,5853
2206,三陽工業,18,0,18,統一-中壢,2024-02-27,5853
6770,力積電,21,3,18,統一-中壢,2024-02-27,5853
3044,健鼎,19,3,16,統一-中壢,2024-02-27,5853
1316,上曜,22,6,16,統一-中壢,2024-02-27,5853
2486,一詮,26,11,15,統一-中壢,2024-02-27,5853
6143,振曜,15,0,15,統一-中壢,2024-02-27,5853
8050,廣積,15,0,15,統一-中壢,2024-02-27,5853
2324,仁寶,21,7,14,統一-中壢,2024-02-27,5853
00688L,國泰20年美債正2,13,0,13,統一-中壢,2024-02-27,5853
6217,中探針,15,2,13,統一-中壢,2024-02-27,5853
2617,台航,12,0,12,統一-中壢,2024-02-27,5853
2637,慧洋-KY,12,0,12,統一-中壢,2024-02-27,5853
3520,華盈,12,0,12,統一-中壢,2024-02-27,5853
3545,敦泰,46,34,12,統一-中壢,2024-02-27,5853
5210,寶碩,12,0,12,統一-中壢,2024-02-27,5853
6668,中揚光,25,13,12,統一-中壢,2024-02-27,5853
8096,擎亞,17,5,12,統一-中壢,2024-02-27,5853
2382,廣達,14,2,12,統一-中壢,2024-02-27,5853
6113,亞矽,12,1,11,統一-中壢,2024-02-27,5853
3305,昇貿,16,5,11,統一-中壢,2024-02-27,5853
2409,友達,18,7,11,統一-中壢,2024-02-27,5853
00919,群益台灣精選高息,269,44,225,統一-中壢,2024-02-29,5853
2610,華航,112,4,108,統一-中壢,2024-02-29,5853
00937B,群益ESG投等債20,199,92,107,統一-中壢,2024-02-29,5853
3624,光頡,74,1,73,統一-中壢,2024-02-29,5853
1308,亞聚,71,0,71,統一-中壢,2024-02-29,5853
6016,康和證,59,0,59,統一-中壢,2024-02-29,5853
3005,神基,59,6,53,統一-中壢,2024-02-29,5853
00655L,國泰中國A50正2,50,0,50,統一-中壢,2024-02-29,5853
1314,中石化,60,10,50,統一-中壢,2024-02-29,5853
1101,台泥,58,9,49,統一-中壢,2024-02-29,5853
00878,國泰永續高股息,58,14,44,統一-中壢,2024-02-29,5853
00891,中信關鍵半導體,40,1,39,統一-中壢,2024-02-29,5853
00687B,國泰20年美債,39,0,39,統一-中壢,2024-02-29,5853
2002,中鋼,45,6,39,統一-中壢,2024-02-29,5853
2371,大同,70,35,35,統一-中壢,2024-02-29,5853
2329,華泰,57,22,35,統一-中壢,2024-02-29,5853
00739,元大MSCI A股,30,0,30,統一-中壢,2024-02-29,5853
00857B,永豐20年美公債,29,0,29,統一-中壢,2024-02-29,5853
00900,富邦特選高股息30,30,1,29,統一-中壢,2024-02-29,5853
6288,聯嘉,32,3,29,統一-中壢,2024-02-29,5853
00882,中信中國高股息,30,2,28,統一-中壢,2024-02-29,5853
2353,宏��,35,11,24,統一-中壢,2024-02-29,5853
2442,新美齊,22,0,22,統一-中壢,2024-02-29,5853
2324,仁寶,21,0,21,統一-中壢,2024-02-29,5853
00632R,元大台灣50反1,20,0,20,統一-中壢,2024-02-29,5853
8064,東捷,20,0,20,統一-中壢,2024-02-29,5853
9105,泰金寶-DR,30,10,20,統一-中壢,2024-02-29,5853
0056,元大高股息,22,2,20,統一-中壢,2024-02-29,5853
2834,臺企銀,35,16,19,統一-中壢,2024-02-29,5853
2301,光寶科,21,2,19,統一-中壢,2024-02-29,5853
00720B,元大投資級公司債,19,2,17,統一-中壢,2024-02-29,5853
8085,福華,21,6,15,統一-中壢,2024-02-29,5853
00931B,統一美債20年,14,0,14,統一-中壢,2024-02-29,5853
00673R,期元大S＆P原油反1,14,0,14,統一-中壢,2024-02-29,5853
5225,東科-KY,14,0,14,統一-中壢,2024-02-29,5853
6591,動力-KY,14,0,14,統一-中壢,2024-02-29,5853
9904,寶成,14,0,14,統一-中壢,2024-02-29,5853
3706,神達,20,7,13,統一-中壢,2024-02-29,5853
3037,欣興,16,4,12,統一-中壢,2024-02-29,5853
00751B,元大AAA至A公司債,12,0,12,統一-中壢,2024-02-29,5853
2498,宏達電,13,1,12,統一-中壢,2024-02-29,5853
2492,華新科,13,3,10,統一-中壢,2024-02-29,5853
4526,東台,10,0,10,統一-中壢,2024-02-29,5853
00934,中信成長高股息,10,0,10,統一-中壢,2024-02-29,5853
1762,中化生,10,0,10,統一-中壢,2024-02-29,5853
2355,敬鵬,15,5,10,統一-中壢,2024-02-29,5853
3090,日電貿,10,0,10,統一-中壢,2024-02-29,5853
3234,光環,10,0,10,統一-中壢,2024-02-29,5853
3236,千如,10,0,10,統一-中壢,2024-02-29,5853
3276,宇環,10,0,10,統一-中壢,2024-02-29,5853
00919,群益台灣精選高息,381,3,378,統一-中壢,2024-03-01,5853
00918,大華優利高填息30,232,0,232,統一-中壢,2024-03-01,5853
2409,友達,268,40,228,統一-中壢,2024-03-01,5853
2610,華航,221,0,221,統一-中壢,2024-03-01,5853
00929,復華台灣科技優息,228,11,217,統一-中壢,2024-03-01,5853
2399,映泰,160,4,156,統一-中壢,2024-03-01,5853
00937B,群益ESG投等債20,96,4,92,統一-中壢,2024-03-01,5853
2313,華通,99,35,64,統一-中壢,2024-03-01,5853
3712,永崴投控,63,0,63,統一-中壢,2024-03-01,5853
00680L,元大美債20正2,65,10,55,統一-中壢,2024-03-01,5853
6167,久正,62,10,52,統一-中壢,2024-03-01,5853
2838,聯邦銀,44,0,44,統一-中壢,2024-03-01,5853
3360,尚立,50,13,37,統一-中壢,2024-03-01,5853
6285,啟��,35,0,35,統一-中壢,2024-03-01,5853
1316,上曜,39,12,27,統一-中壢,2024-03-01,5853
6005,群益證,26,0,26,統一-中壢,2024-03-01,5853
3596,智易,24,0,24,統一-中壢,2024-03-01,5853
00882,中信中國高股息,24,1,23,統一-中壢,2024-03-01,5853
6143,振曜,112,90,22,統一-中壢,2024-03-01,5853
00679B,元大美債20年,21,0,21,統一-中壢,2024-03-01,5853
8064,東捷,26,5,21,統一-中壢,2024-03-01,5853
00639,富邦深100,20,0,20,統一-中壢,2024-03-01,5853
2492,華新科,22,2,20,統一-中壢,2024-03-01,5853
00753L,中信中國50正2,20,1,19,統一-中壢,2024-03-01,5853
5388,中磊,27,10,17,統一-中壢,2024-03-01,5853
3041,揚智,21,5,16,統一-中壢,2024-03-01,5853
8105,凌巨,25,9,16,統一-中壢,2024-03-01,5853
3338,泰碩,15,0,15,統一-中壢,2024-03-01,5853
3380,明泰,15,0,15,統一-中壢,2024-03-01,5853
4303,信立,16,1,15,統一-中壢,2024-03-01,5853
6235,華孚,17,2,15,統一-中壢,2024-03-01,5853
6229,研通,18,4,14,統一-中壢,2024-03-01,5853
2442,新美齊,13,0,13,統一-中壢,2024-03-01,5853
6788,華景電,13,0,13,統一-中壢,2024-03-01,5853
00720B,元大投資級公司債,19,7,12,統一-中壢,2024-03-01,5853
1303,南亞,12,0,12,統一-中壢,2024-03-01,5853
2363,矽統,19,7,12,統一-中壢,2024-03-01,5853
1524,耿鼎,13,1,12,統一-中壢,2024-03-01,5853
2495,普安,22,10,12,統一-中壢,2024-03-01,5853
8070,長華*,12,0,12,統一-中壢,2024-03-01,5853
1605,華新,11,0,11,統一-中壢,2024-03-01,5853
2367,燿華,26,15,11,統一-中壢,2024-03-01,5853
2618,長榮航,11,0,11,統一-中壢,2024-03-01,5853
3707,漢磊,11,0,11,統一-中壢,2024-03-01,5853
6695,芯鼎,14,3,11,統一-中壢,2024-03-01,5853
2883,凱基金,25,15,10,統一-中壢,2024-03-01,5853
00643,群益深証中小,30,20,10,統一-中壢,2024-03-01,5853
00632R,元大台灣50反1,11,1,10,統一-中壢,2024-03-01,5853
00673R,期元大S＆P原油反1,10,0,10,統一-中壢,2024-03-01,5853
1414,東和,12,2,10,統一-中壢,2024-03-01,5853
2887,台新金,194,2,192,統一-中壢,2024-03-04,5853
00937B,群益ESG投等債20,182,5,177,統一-中壢,2024-03-04,5853
2376,技嘉,145,22,123,統一-中壢,2024-03-04,5853
00665L,富邦�琤肭磪囓�2,243,150,93,統一-中壢,2024-03-04,5853
3481,群創,100,7,93,統一-中壢,2024-03-04,5853
6113,亞矽,70,0,70,統一-中壢,2024-03-04,5853
00915,凱基優選高股息30,65,0,65,統一-中壢,2024-03-04,5853
2442,新美齊,62,0,62,統一-中壢,2024-03-04,5853
5388,中磊,62,6,56,統一-中壢,2024-03-04,5853
2353,宏��,102,48,54,統一-中壢,2024-03-04,5853
2367,燿華,74,24,50,統一-中壢,2024-03-04,5853
1234,黑松,48,0,48,統一-中壢,2024-03-04,5853
2884,玉山金,50,3,47,統一-中壢,2024-03-04,5853
00905,FT臺灣Smart,44,0,44,統一-中壢,2024-03-04,5853
00692,富邦公司治理,41,0,41,統一-中壢,2024-03-04,5853
1524,耿鼎,40,0,40,統一-中壢,2024-03-04,5853
2609,陽明,46,7,39,統一-中壢,2024-03-04,5853
1304,台聚,40,2,38,統一-中壢,2024-03-04,5853
8088,品安,38,0,38,統一-中壢,2024-03-04,5853
4979,華星光,44,8,36,統一-中壢,2024-03-04,5853
4903,聯光通,32,0,32,統一-中壢,2024-03-04,5853
00927,群益半導體收益,31,0,31,統一-中壢,2024-03-04,5853
3706,神達,40,9,31,統一-中壢,2024-03-04,5853
2855,統一證,38,9,29,統一-中壢,2024-03-04,5853
00930,永豐ESG低碳高息,26,0,26,統一-中壢,2024-03-04,5853
2484,希華,28,2,26,統一-中壢,2024-03-04,5853
2641,正德,30,5,25,統一-中壢,2024-03-04,5853
00882,中信中國高股息,24,0,24,統一-中壢,2024-03-04,5853
00923,群益台ESG低碳50,32,10,22,統一-中壢,2024-03-04,5853
2014,中鴻,22,0,22,統一-中壢,2024-03-04,5853
2464,盟立,21,0,21,統一-中壢,2024-03-04,5853
1308,亞聚,20,0,20,統一-中壢,2024-03-04,5853
2031,新光鋼,30,10,20,統一-中壢,2024-03-04,5853
00878,國泰永續高股息,36,18,18,統一-中壢,2024-03-04,5853
3356,奇偶,20,3,17,統一-中壢,2024-03-04,5853
00885,富邦越南,20,3,17,統一-中壢,2024-03-04,5853
1504,東元,24,7,17,統一-中壢,2024-03-04,5853
6005,群益證,17,0,17,統一-中壢,2024-03-04,5853
6126,信音,18,1,17,統一-中壢,2024-03-04,5853
00933B,國泰10Y+金融債,16,0,16,統一-中壢,2024-03-04,5853
00713,元大台灣高息低波,17,1,16,統一-中壢,2024-03-04,5853
00632R,元大台灣50反1,36,20,16,統一-中壢,2024-03-04,5853
1609,大亞,18,2,16,統一-中壢,2024-03-04,5853
1810,和成,16,0,16,統一-中壢,2024-03-04,5853
3049,精金,16,0,16,統一-中壢,2024-03-04,5853
1709,和益,15,0,15,統一-中壢,2024-03-04,5853
6016,康和證,15,0,15,統一-中壢,2024-03-04,5853
00931B,統一美債20年,14,0,14,統一-中壢,2024-03-04,5853
2206,三陽工業,16,2,14,統一-中壢,2024-03-04,5853
1101,台泥,25,11,14,統一-中壢,2024-03-04,5853
2887,台新金,230,2,228,統一-中壢,2024-03-05,5853
2376,技嘉,162,4,158,統一-中壢,2024-03-05,5853
00929,復華台灣科技優息,111,6,105,統一-中壢,2024-03-05,5853
1309,台達化,100,0,100,統一-中壢,2024-03-05,5853
00905,FT臺灣Smart,86,0,86,統一-中壢,2024-03-05,5853
2344,華邦電,79,1,78,統一-中壢,2024-03-05,5853
00937B,群益ESG投等債20,97,24,73,統一-中壢,2024-03-05,5853
00918,大華優利高填息30,71,3,68,統一-中壢,2024-03-05,5853
1785,光洋科,65,0,65,統一-中壢,2024-03-05,5853
00665L,富邦�琤肭磪囓�2,60,6,54,統一-中壢,2024-03-05,5853
1504,東元,54,4,50,統一-中壢,2024-03-05,5853
2405,輔信,49,0,49,統一-中壢,2024-03-05,5853
1314,中石化,60,12,48,統一-中壢,2024-03-05,5853
00680L,元大美債20正2,50,7,43,統一-中壢,2024-03-05,5853
00857B,永豐20年美公債,43,0,43,統一-中壢,2024-03-05,5853
2103,台橡,43,0,43,統一-中壢,2024-03-05,5853
2409,友達,42,1,41,統一-中壢,2024-03-05,5853
00927,群益半導體收益,39,1,38,統一-中壢,2024-03-05,5853
00891,中信關鍵半導體,38,3,35,統一-中壢,2024-03-05,5853
00878,國泰永續高股息,38,4,34,統一-中壢,2024-03-05,5853
4979,華星光,35,1,34,統一-中壢,2024-03-05,5853
1409,新纖,56,23,33,統一-中壢,2024-03-05,5853
2031,新光鋼,32,2,30,統一-中壢,2024-03-05,5853
4903,聯光通,28,0,28,統一-中壢,2024-03-05,5853
00881,國泰台灣5G+,26,0,26,統一-中壢,2024-03-05,5853
2303,聯電,26,1,25,統一-中壢,2024-03-05,5853
2486,一詮,24,0,24,統一-中壢,2024-03-05,5853
2002,中鋼,24,1,23,統一-中壢,2024-03-05,5853
00712,復華富時不動產,21,0,21,統一-中壢,2024-03-05,5853
1802,台玻,21,0,21,統一-中壢,2024-03-05,5853
2633,台灣高鐵,24,3,21,統一-中壢,2024-03-05,5853
1569,濱川,20,0,20,統一-中壢,2024-03-05,5853
2812,台中銀,20,0,20,統一-中壢,2024-03-05,5853
5521,工信,20,0,20,統一-中壢,2024-03-05,5853
8064,東捷,20,0,20,統一-中壢,2024-03-05,5853
2492,華新科,19,1,18,統一-中壢,2024-03-05,5853
00679B,元大美債20年,17,0,17,統一-中壢,2024-03-05,5853
2891,中信金,22,5,17,統一-中壢,2024-03-05,5853
00687B,國泰20年美債,17,1,16,統一-中壢,2024-03-05,5853
3376,新日興,26,10,16,統一-中壢,2024-03-05,5853
2355,敬鵬,17,2,15,統一-中壢,2024-03-05,5853
2313,華通,34,19,15,統一-中壢,2024-03-05,5853
6116,彩晶,15,0,15,統一-中壢,2024-03-05,5853
8201,無敵,15,0,15,統一-中壢,2024-03-05,5853
6770,力積電,20,5,15,統一-中壢,2024-03-05,5853
8996,高力,24,10,14,統一-中壢,2024-03-05,5853
2365,昆盈,15,1,14,統一-中壢,2024-03-05,5853
00753L,中信中國50正2,13,0,13,統一-中壢,2024-03-05,5853
00850,元大臺灣ESG永續,14,1,13,統一-中壢,2024-03-05,5853
00915,凱基優選高股息30,13,0,13,統一-中壢,2024-03-05,5853
2376,技嘉,534,2,532,統一-中壢,2024-03-06,5853
1802,台玻,358,0,358,統一-中壢,2024-03-06,5853
00937B,群益ESG投等債20,365,16,349,統一-中壢,2024-03-06,5853
00680L,元大美債20正2,200,35,165,統一-中壢,2024-03-06,5853
00919,群益台灣精選高息,150,24,126,統一-中壢,2024-03-06,5853
2610,華航,141,39,102,統一-中壢,2024-03-06,5853
2845,遠東銀,104,2,102,統一-中壢,2024-03-06,5853
1312,國喬,96,0,96,統一-中壢,2024-03-06,5853
00927,群益半導體收益,85,0,85,統一-中壢,2024-03-06,5853
5388,中磊,81,4,77,統一-中壢,2024-03-06,5853
3481,群創,88,15,73,統一-中壢,2024-03-06,5853
00929,復華台灣科技優息,163,106,57,統一-中壢,2024-03-06,5853
3289,宜特,63,6,57,統一-中壢,2024-03-06,5853
00891,中信關鍵半導體,48,6,42,統一-中壢,2024-03-06,5853
2515,中工,56,14,42,統一-中壢,2024-03-06,5853
2206,三陽工業,45,6,39,統一-中壢,2024-03-06,5853
3231,緯創,46,9,37,統一-中壢,2024-03-06,5853
00632R,元大台灣50反1,44,11,33,統一-中壢,2024-03-06,5853
00665L,富邦�琤肭磪囓�2,94,62,32,統一-中壢,2024-03-06,5853
6116,彩晶,30,0,30,統一-中壢,2024-03-06,5853
3689,湧德,36,8,28,統一-中壢,2024-03-06,5853
6163,華電網,36,9,27,統一-中壢,2024-03-06,5853
00730,富邦臺灣優質高息,25,0,25,統一-中壢,2024-03-06,5853
5864,致和證,25,0,25,統一-中壢,2024-03-06,5853
8996,高力,27,2,25,統一-中壢,2024-03-06,5853
00921,兆豐龍頭等權重,24,0,24,統一-中壢,2024-03-06,5853
3265,台星科,25,2,23,統一-中壢,2024-03-06,5853
1711,永光,33,11,22,統一-中壢,2024-03-06,5853
8091,翔名,20,0,20,統一-中壢,2024-03-06,5853
6235,華孚,25,5,20,統一-中壢,2024-03-06,5853
6217,中探針,27,8,19,統一-中壢,2024-03-06,5853
1409,新纖,20,3,17,統一-中壢,2024-03-06,5853
2344,華邦電,17,0,17,統一-中壢,2024-03-06,5853
00712,復華富時不動產,16,0,16,統一-中壢,2024-03-06,5853
4916,事欣科,16,0,16,統一-中壢,2024-03-06,5853
2371,大同,20,4,16,統一-中壢,2024-03-06,5853
2352,佳世達,23,8,15,統一-中壢,2024-03-06,5853
4746,台耀,20,5,15,統一-中壢,2024-03-06,5853
0056,元大高股息,27,12,15,統一-中壢,2024-03-06,5853
3545,敦泰,14,0,14,統一-中壢,2024-03-06,5853
6126,信音,19,5,14,統一-中壢,2024-03-06,5853
00881,國泰台灣5G+,27,13,14,統一-中壢,2024-03-06,5853
6415,矽力*-KY,14,1,13,統一-中壢,2024-03-06,5853
1522,堤維西,15,2,13,統一-中壢,2024-03-06,5853
8147,正淩,14,1,13,統一-中壢,2024-03-06,5853
8271,宇瞻,13,0,13,統一-中壢,2024-03-06,5853
00687B,國泰20年美債,13,1,12,統一-中壢,2024-03-06,5853
1218,泰山,12,0,12,統一-中壢,2024-03-06,5853
2809,京城銀,12,0,12,統一-中壢,2024-03-06,5853
3041,揚智,13,1,12,統一-中壢,2024-03-06,5853
1815,富喬,738,16,722,統一-中壢,2024-03-07,5853
2376,技嘉,570,17,553,統一-中壢,2024-03-07,5853
00665L,富邦�琤肭磪囓�2,257,0,257,統一-中壢,2024-03-07,5853
00632R,元大台灣50反1,161,13,148,統一-中壢,2024-03-07,5853
2610,華航,117,2,115,統一-中壢,2024-03-07,5853
1802,台玻,108,0,108,統一-中壢,2024-03-07,5853
00919,群益台灣精選高息,104,6,98,統一-中壢,2024-03-07,5853
00725B,國泰投資級公司債,87,0,87,統一-中壢,2024-03-07,5853
00905,FT臺灣Smart,84,0,84,統一-中壢,2024-03-07,5853
00753L,中信中國50正2,68,0,68,統一-中壢,2024-03-07,5853
00915,凱基優選高股息30,65,1,64,統一-中壢,2024-03-07,5853
2031,新光鋼,60,1,59,統一-中壢,2024-03-07,5853
00921,兆豐龍頭等權重,53,0,53,統一-中壢,2024-03-07,5853
5324,士開,43,1,42,統一-中壢,2024-03-07,5853
1316,上曜,69,28,41,統一-中壢,2024-03-07,5853
2206,三陽工業,42,4,38,統一-中壢,2024-03-07,5853
1717,長興,44,6,38,統一-中壢,2024-03-07,5853
2313,華通,67,31,36,統一-中壢,2024-03-07,5853
00637L,元大滬深300正2,85,49,36,統一-中壢,2024-03-07,5853
3013,晟銘電,77,46,31,統一-中壢,2024-03-07,5853
00918,大華優利高填息30,30,0,30,統一-中壢,2024-03-07,5853
6209,今國光,30,0,30,統一-中壢,2024-03-07,5853
2486,一詮,31,4,27,統一-中壢,2024-03-07,5853
6179,亞通,32,6,26,統一-中壢,2024-03-07,5853
6901,鑽石投資,27,2,25,統一-中壢,2024-03-07,5853
2606,裕民,25,0,25,統一-中壢,2024-03-07,5853
6257,矽格,30,6,24,統一-中壢,2024-03-07,5853
2104,國際中橡,24,0,24,統一-中壢,2024-03-07,5853
3390,旭軟,22,1,21,統一-中壢,2024-03-07,5853
00881,國泰台灣5G+,45,24,21,統一-中壢,2024-03-07,5853
2324,仁寶,30,9,21,統一-中壢,2024-03-07,5853
1760,寶齡富錦,20,0,20,統一-中壢,2024-03-07,5853
1810,和成,20,0,20,統一-中壢,2024-03-07,5853
2882,國泰金,32,12,20,統一-中壢,2024-03-07,5853
3078,僑威,23,3,20,統一-中壢,2024-03-07,5853
9904,寶成,20,0,20,統一-中壢,2024-03-07,5853
2515,中工,19,2,17,統一-中壢,2024-03-07,5853
3260,威剛,19,3,16,統一-中壢,2024-03-07,5853
1609,大亞,19,3,16,統一-中壢,2024-03-07,5853
2344,華邦電,23,8,15,統一-中壢,2024-03-07,5853
3596,智易,22,7,15,統一-中壢,2024-03-07,5853
4746,台耀,15,0,15,統一-中壢,2024-03-07,5853
00891,中信關鍵半導體,53,38,15,統一-中壢,2024-03-07,5853
2634,漢翔,14,0,14,統一-中壢,2024-03-07,5853
1785,光洋科,32,18,14,統一-中壢,2024-03-07,5853
2002,中鋼,26,13,13,統一-中壢,2024-03-07,5853
3035,智原,17,4,13,統一-中壢,2024-03-07,5853
1605,華新,13,0,13,統一-中壢,2024-03-07,5853
2605,新興,14,1,13,統一-中壢,2024-03-07,5853
4909,新復興,13,0,13,統一-中壢,2024-03-07,5853
2376,技嘉,408,5,403,統一-中壢,2024-03-08,5853
2409,友達,230,1,229,統一-中壢,2024-03-08,5853
6143,振曜,200,2,198,統一-中壢,2024-03-08,5853
00919,群益台灣精選高息,206,57,149,統一-中壢,2024-03-08,5853
00632R,元大台灣50反1,227,100,127,統一-中壢,2024-03-08,5853
5871,中租-KY,102,0,102,統一-中壢,2024-03-08,5853
00937B,群益ESG投等債20,101,25,76,統一-中壢,2024-03-08,5853
1810,和成,63,0,63,統一-中壢,2024-03-08,5853
6016,康和證,60,1,59,統一-中壢,2024-03-08,5853
00915,凱基優選高股息30,68,10,58,統一-中壢,2024-03-08,5853
3049,精金,50,0,50,統一-中壢,2024-03-08,5853
00680L,元大美債20正2,100,52,48,統一-中壢,2024-03-08,5853
3481,群創,57,12,45,統一-中壢,2024-03-08,5853
8996,高力,49,7,42,統一-中壢,2024-03-08,5853
2442,新美齊,40,0,40,統一-中壢,2024-03-08,5853
00725B,國泰投資級公司債,32,1,31,統一-中壢,2024-03-08,5853
2002,中鋼,32,4,28,統一-中壢,2024-03-08,5853
3390,旭軟,27,0,27,統一-中壢,2024-03-08,5853
4768,晶呈科技,27,2,25,統一-中壢,2024-03-08,5853
00923,群益台ESG低碳50,26,2,24,統一-中壢,2024-03-08,5853
2449,京元電子,55,31,24,統一-中壢,2024-03-08,5853
6190,萬泰科,31,7,24,統一-中壢,2024-03-08,5853
3231,緯創,37,14,23,統一-中壢,2024-03-08,5853
8112,至上,30,8,22,統一-中壢,2024-03-08,5853
00857B,永豐20年美公債,20,0,20,統一-中壢,2024-03-08,5853
9105,泰金寶-DR,20,0,20,統一-中壢,2024-03-08,5853
00751B,元大AAA至A公司債,19,0,19,統一-中壢,2024-03-08,5853
1785,光洋科,21,2,19,統一-中壢,2024-03-08,5853
2354,鴻準,18,0,18,統一-中壢,2024-03-08,5853
3406,玉晶光,17,0,17,統一-中壢,2024-03-08,5853
2329,華泰,47,30,17,統一-中壢,2024-03-08,5853
2353,宏��,47,31,16,統一-中壢,2024-03-08,5853
2855,統一證,49,33,16,統一-中壢,2024-03-08,5853
6125,廣運,34,19,15,統一-中壢,2024-03-08,5853
1471,首利,15,0,15,統一-中壢,2024-03-08,5853
6449,鈺邦,15,0,15,統一-中壢,2024-03-08,5853
3617,碩天,15,0,15,統一-中壢,2024-03-08,5853
6274,台燿,27,13,14,統一-中壢,2024-03-08,5853
1717,長興,21,7,14,統一-中壢,2024-03-08,5853
2027,大成鋼,14,0,14,統一-中壢,2024-03-08,5853
2408,南亞科,14,0,14,統一-中壢,2024-03-08,5853
3596,智易,14,0,14,統一-中壢,2024-03-08,5853
2317,鴻海,17,3,14,統一-中壢,2024-03-08,5853
2390,云辰,16,3,13,統一-中壢,2024-03-08,5853
5508,永信建,13,0,13,統一-中壢,2024-03-08,5853
8926,台汽電,12,0,12,統一-中壢,2024-03-08,5853
1526,日馳,12,0,12,統一-中壢,2024-03-08,5853
6229,研通,17,5,12,統一-中壢,2024-03-08,5853
6233,旺玖,12,0,12,統一-中壢,2024-03-08,5853
00679B,元大美債20年,12,0,12,統一-中壢,2024-03-08,5853
1815,富喬,357,6,351,統一-中壢,2024-03-11,5853
00933B,國泰10Y+金融債,304,0,304,統一-中壢,2024-03-11,5853
00929,復華台灣科技優息,297,26,271,統一-中壢,2024-03-11,5853
00934,中信成長高股息,181,0,181,統一-中壢,2024-03-11,5853
00632R,元大台灣50反1,230,90,140,統一-中壢,2024-03-11,5853
2376,技嘉,139,12,127,統一-中壢,2024-03-11,5853
00885,富邦越南,80,3,77,統一-中壢,2024-03-11,5853
2303,聯電,76,13,63,統一-中壢,2024-03-11,5853
1445,大宇,65,3,62,統一-中壢,2024-03-11,5853
3044,健鼎,51,0,51,統一-中壢,2024-03-11,5853
3481,群創,55,11,44,統一-中壢,2024-03-11,5853
00715L,期街口布蘭特正2,33,0,33,統一-中壢,2024-03-11,5853
00795B,中信美國公債20年,31,0,31,統一-中壢,2024-03-11,5853
3231,緯創,104,76,28,統一-中壢,2024-03-11,5853
00687B,國泰20年美債,22,0,22,統一-中壢,2024-03-11,5853
2610,華航,23,1,22,統一-中壢,2024-03-11,5853
00936,台新永續高息中小,21,0,21,統一-中壢,2024-03-11,5853
2329,華泰,36,18,18,統一-中壢,2024-03-11,5853
2371,大同,20,3,17,統一-中壢,2024-03-11,5853
4908,前鼎,16,0,16,統一-中壢,2024-03-11,5853
6143,振曜,16,0,16,統一-中壢,2024-03-11,5853
00927,群益半導體收益,15,0,15,統一-中壢,2024-03-11,5853
00922,國泰台灣領袖50,14,0,14,統一-中壢,2024-03-11,5853
2618,長榮航,50,36,14,統一-中壢,2024-03-11,5853
6016,康和證,14,0,14,統一-中壢,2024-03-11,5853
2002,中鋼,14,1,13,統一-中壢,2024-03-11,5853
00857B,永豐20年美公債,13,0,13,統一-中壢,2024-03-11,5853
8996,高力,25,12,13,統一-中壢,2024-03-11,5853
2330,台積電,18,6,12,統一-中壢,2024-03-11,5853
00764B,群益25年美債,11,0,11,統一-中壢,2024-03-11,5853
2891,中信金,14,4,10,統一-中壢,2024-03-11,5853
2449,京元電子,15,5,10,統一-中壢,2024-03-11,5853
00673R,期元大S＆P原油反1,10,0,10,統一-中壢,2024-03-11,5853
2059,川湖,10,0,10,統一-中壢,2024-03-11,5853
2883,凱基金,47,37,10,統一-中壢,2024-03-11,5853
3380,明泰,10,0,10,統一-中壢,2024-03-11,5853
5383,金利,10,0,10,統一-中壢,2024-03-11,5853
6712,長聖,10,0,10,統一-中壢,2024-03-11,5853
2885,元大金,13,3,10,統一-中壢,2024-03-11,5853
2739,寒舍,11,2,9,統一-中壢,2024-03-11,5853
2881,富邦金,9,0,9,統一-中壢,2024-03-11,5853
3017,奇鋐,29,20,9,統一-中壢,2024-03-11,5853
1457,宜進,9,0,9,統一-中壢,2024-03-11,5853
6229,研通,10,1,9,統一-中壢,2024-03-11,5853
8933,愛地雅,9,0,9,統一-中壢,2024-03-11,5853
2365,昆盈,9,0,9,統一-中壢,2024-03-11,5853
1515,力山,10,2,8,統一-中壢,2024-03-11,5853
1785,光洋科,8,0,8,統一-中壢,2024-03-11,5853
2882,國泰金,17,9,8,統一-中壢,2024-03-11,5853
5347,世界,8,0,8,統一-中壢,2024-03-11,5853
00632R,元大台灣50反1,320,0,320,統一-中壢,2024-03-12,5853
00937B,群益ESG投等債20,179,6,173,統一-中壢,2024-03-12,5853
3661,世芯-KY,101,0,101,統一-中壢,2024-03-12,5853
00929,復華台灣科技優息,106,6,100,統一-中壢,2024-03-12,5853
1815,富喬,107,21,86,統一-中壢,2024-03-12,5853
2031,新光鋼,85,0,85,統一-中壢,2024-03-12,5853
00900,富邦特選高股息30,78,21,57,統一-中壢,2024-03-12,5853
00885,富邦越南,57,13,44,統一-中壢,2024-03-12,5853
2009,第一銅,39,0,39,統一-中壢,2024-03-12,5853
1455,集盛,37,0,37,統一-中壢,2024-03-12,5853
00751B,元大AAA至A公司債,34,0,34,統一-中壢,2024-03-12,5853
2367,燿華,118,85,33,統一-中壢,2024-03-12,5853
00933B,國泰10Y+金融債,30,0,30,統一-中壢,2024-03-12,5853
3027,盛達,30,0,30,統一-中壢,2024-03-12,5853
1605,華新,30,1,29,統一-中壢,2024-03-12,5853
3706,神達,39,10,29,統一-中壢,2024-03-12,5853
1513,中興電,57,29,28,統一-中壢,2024-03-12,5853
6005,群益證,25,0,25,統一-中壢,2024-03-12,5853
4714,永捷,24,0,24,統一-中壢,2024-03-12,5853
1316,上曜,24,2,22,統一-中壢,2024-03-12,5853
2352,佳世達,21,0,21,統一-中壢,2024-03-12,5853
6026,福邦證,25,5,20,統一-中壢,2024-03-12,5853
00764B,群益25年美債,17,0,17,統一-中壢,2024-03-12,5853
2023,燁輝,17,0,17,統一-中壢,2024-03-12,5853
8112,至上,40,24,16,統一-中壢,2024-03-12,5853
3576,聯合再生,22,7,15,統一-中壢,2024-03-12,5853
1608,華榮,15,0,15,統一-中壢,2024-03-12,5853
3437,榮創,15,0,15,統一-中壢,2024-03-12,5853
2645,長榮航太,13,0,13,統一-中壢,2024-03-12,5853
00687B,國泰20年美債,12,0,12,統一-中壢,2024-03-12,5853
6806,森崴能源,14,2,12,統一-中壢,2024-03-12,5853
5871,中租-KY,11,0,11,統一-中壢,2024-03-12,5853
2331,精英,15,4,11,統一-中壢,2024-03-12,5853
2816,旺旺保,11,0,11,統一-中壢,2024-03-12,5853
3265,台星科,11,0,11,統一-中壢,2024-03-12,5853
4414,如興,11,0,11,統一-中壢,2024-03-12,5853
6712,長聖,11,0,11,統一-中壢,2024-03-12,5853
0056,元大高股息,14,4,10,統一-中壢,2024-03-12,5853
2329,華泰,18,8,10,統一-中壢,2024-03-12,5853
2739,寒舍,10,0,10,統一-中壢,2024-03-12,5853
2832,台產,10,0,10,統一-中壢,2024-03-12,5853
2905,三商,10,0,10,統一-中壢,2024-03-12,5853
3607,谷崧,10,0,10,統一-中壢,2024-03-12,5853
6182,合晶,10,0,10,統一-中壢,2024-03-12,5853
6187,萬潤,15,5,10,統一-中壢,2024-03-12,5853
6269,台郡,10,0,10,統一-中壢,2024-03-12,5853
6603,富強鑫,10,0,10,統一-中壢,2024-03-12,5853
6616,特昇-KY,13,3,10,統一-中壢,2024-03-12,5853
6668,中揚光,10,0,10,統一-中壢,2024-03-12,5853
1514,亞力,11,2,9,統一-中壢,2024-03-12,5853
00665L,富邦�琤肭磪囓�2,419,27,392,統一-中壢,2024-03-13,5853
00919,群益台灣精選高息,243,27,216,統一-中壢,2024-03-13,5853
00680L,元大美債20正2,171,5,166,統一-中壢,2024-03-13,5853
1810,和成,101,0,101,統一-中壢,2024-03-13,5853
3231,緯創,114,24,90,統一-中壢,2024-03-13,5853
00937B,群益ESG投等債20,65,2,63,統一-中壢,2024-03-13,5853
00918,大華優利高填息30,61,3,58,統一-中壢,2024-03-13,5853
00900,富邦特選高股息30,76,19,57,統一-中壢,2024-03-13,5853
00915,凱基優選高股息30,67,13,54,統一-中壢,2024-03-13,5853
6217,中探針,56,4,52,統一-中壢,2024-03-13,5853
3661,世芯-KY,49,2,47,統一-中壢,2024-03-13,5853
00927,群益半導體收益,45,0,45,統一-中壢,2024-03-13,5853
2442,新美齊,44,0,44,統一-中壢,2024-03-13,5853
3265,台星科,43,0,43,統一-中壢,2024-03-13,5853
00905,FT臺灣Smart,41,0,41,統一-中壢,2024-03-13,5853
2509,全坤建,32,1,31,統一-中壢,2024-03-13,5853
8064,東捷,27,1,26,統一-中壢,2024-03-13,5853
3605,宏致,26,1,25,統一-中壢,2024-03-13,5853
6005,群益證,25,0,25,統一-中壢,2024-03-13,5853
5871,中租-KY,24,0,24,統一-中壢,2024-03-13,5853
00730,富邦臺灣優質高息,22,0,22,統一-中壢,2024-03-13,5853
2027,大成鋼,21,0,21,統一-中壢,2024-03-13,5853
8926,台汽電,44,25,19,統一-中壢,2024-03-13,5853
1605,華新,19,0,19,統一-中壢,2024-03-13,5853
2892,第一金,22,3,19,統一-中壢,2024-03-13,5853
00751B,元大AAA至A公司債,18,0,18,統一-中壢,2024-03-13,5853
2009,第一銅,18,0,18,統一-中壢,2024-03-13,5853
1514,亞力,35,18,17,統一-中壢,2024-03-13,5853
00679B,元大美債20年,19,2,17,統一-中壢,2024-03-13,5853
2390,云辰,17,0,17,統一-中壢,2024-03-13,5853
2610,華航,20,4,16,統一-中壢,2024-03-13,5853
5864,致和證,16,0,16,統一-中壢,2024-03-13,5853
00764B,群益25年美債,15,0,15,統一-中壢,2024-03-13,5853
2412,中華電,15,0,15,統一-中壢,2024-03-13,5853
2634,漢翔,15,0,15,統一-中壢,2024-03-13,5853
3284,太普高,15,0,15,統一-中壢,2024-03-13,5853
2356,英業達,42,27,15,統一-中壢,2024-03-13,5853
4714,永捷,16,2,14,統一-中壢,2024-03-13,5853
2025,千興,15,1,14,統一-中壢,2024-03-13,5853
2345,智邦,14,0,14,統一-中壢,2024-03-13,5853
6274,台燿,17,4,13,統一-中壢,2024-03-13,5853
00850,元大臺灣ESG永續,13,0,13,統一-中壢,2024-03-13,5853
00687B,國泰20年美債,19,6,13,統一-中壢,2024-03-13,5853
3014,聯陽,14,1,13,統一-中壢,2024-03-13,5853
6712,長聖,13,0,13,統一-中壢,2024-03-13,5853
1612,宏泰,12,0,12,統一-中壢,2024-03-13,5853
2618,長榮航,26,14,12,統一-中壢,2024-03-13,5853
3294,英濟,16,4,12,統一-中壢,2024-03-13,5853
2408,南亞科,12,0,12,統一-中壢,2024-03-13,5853
00795B,中信美國公債20年,11,0,11,統一-中壢,2024-03-13,5853
00919,群益台灣精選高息,329,74,255,統一-中壢,2024-03-14,5853
00665L,富邦�琤肭磪囓�2,219,0,219,統一-中壢,2024-03-14,5853
2618,長榮航,175,26,149,統一-中壢,2024-03-14,5853
00933B,國泰10Y+金融債,120,0,120,統一-中壢,2024-03-14,5853
00929,復華台灣科技優息,260,143,117,統一-中壢,2024-03-14,5853
2883,凱基金,165,60,105,統一-中壢,2024-03-14,5853
00632R,元大台灣50反1,102,0,102,統一-中壢,2024-03-14,5853
1616,億泰,92,2,90,統一-中壢,2024-03-14,5853
1815,富喬,94,6,88,統一-中壢,2024-03-14,5853
6593,台灣銘板,65,0,65,統一-中壢,2024-03-14,5853
1216,統一,55,0,55,統一-中壢,2024-03-14,5853
00679B,元大美債20年,42,0,42,統一-中壢,2024-03-14,5853
6143,振曜,39,0,39,統一-中壢,2024-03-14,5853
00751B,元大AAA至A公司債,40,2,38,統一-中壢,2024-03-14,5853
3706,神達,35,1,34,統一-中壢,2024-03-14,5853
3661,世芯-KY,51,20,31,統一-中壢,2024-03-14,5853
00918,大華優利高填息30,50,27,23,統一-中壢,2024-03-14,5853
2609,陽明,23,0,23,統一-中壢,2024-03-14,5853
2382,廣達,26,4,22,統一-中壢,2024-03-14,5853
5383,金利,22,0,22,統一-中壢,2024-03-14,5853
1314,中石化,21,0,21,統一-中壢,2024-03-14,5853
1608,華榮,37,17,20,統一-中壢,2024-03-14,5853
2399,映泰,20,0,20,統一-中壢,2024-03-14,5853
2885,元大金,28,8,20,統一-中壢,2024-03-14,5853
00885,富邦越南,20,0,20,統一-中壢,2024-03-14,5853
2392,正崴,19,0,19,統一-中壢,2024-03-14,5853
6596,寬宏藝術,19,0,19,統一-中壢,2024-03-14,5853
2303,聯電,32,13,19,統一-中壢,2024-03-14,5853
4994,傳奇,20,2,18,統一-中壢,2024-03-14,5853
2603,長榮,27,9,18,統一-中壢,2024-03-14,5853
00687B,國泰20年美債,38,20,18,統一-中壢,2024-03-14,5853
3022,威強電,18,0,18,統一-中壢,2024-03-14,5853
2354,鴻準,22,4,18,統一-中壢,2024-03-14,5853
2367,燿華,27,10,17,統一-中壢,2024-03-14,5853
3588,通嘉,16,0,16,統一-中壢,2024-03-14,5853
2023,燁輝,15,0,15,統一-中壢,2024-03-14,5853
1503,士電,81,67,14,統一-中壢,2024-03-14,5853
2313,華通,62,48,14,統一-中壢,2024-03-14,5853
3005,神基,24,10,14,統一-中壢,2024-03-14,5853
3042,晶技,25,11,14,統一-中壢,2024-03-14,5853
2376,技嘉,18,5,13,統一-中壢,2024-03-14,5853
00692,富邦公司治理,13,0,13,統一-中壢,2024-03-14,5853
6120,達運,13,0,13,統一-中壢,2024-03-14,5853
2889,國票金,38,26,12,統一-中壢,2024-03-14,5853
00795B,中信美國公債20年,11,0,11,統一-中壢,2024-03-14,5853
00764B,群益25年美債,11,0,11,統一-中壢,2024-03-14,5853
2301,光寶科,12,1,11,統一-中壢,2024-03-14,5853
2887,台新金,11,0,11,統一-中壢,2024-03-14,5853
5515,建國,10,0,10,統一-中壢,2024-03-14,5853
1467,南緯,10,0,10,統一-中壢,2024-03-14,5853
00680L,元大美債20正2,340,150,190,統一-中壢,2024-03-15,5853
00679B,元大美債20年,168,5,163,統一-中壢,2024-03-15,5853
00687B,國泰20年美債,162,27,135,統一-中壢,2024-03-15,5853
00919,群益台灣精選高息,303,171,132,統一-中壢,2024-03-15,5853
00712,復華富時不動產,117,0,117,統一-中壢,2024-03-15,5853
3661,世芯-KY,101,1,100,統一-中壢,2024-03-15,5853
2834,臺企銀,112,16,96,統一-中壢,2024-03-15,5853
00933B,國泰10Y+金融債,112,25,87,統一-中壢,2024-03-15,5853
00637L,元大滬深300正2,86,13,73,統一-中壢,2024-03-15,5853
00650L,復華香港正2,70,3,67,統一-中壢,2024-03-15,5853
00941,中信上游半導體,73,7,66,統一-中壢,2024-03-15,5853
2390,云辰,59,2,57,統一-中壢,2024-03-15,5853
2851,中再保,50,0,50,統一-中壢,2024-03-15,5853
1308,亞聚,50,1,49,統一-中壢,2024-03-15,5853
2603,長榮,60,14,46,統一-中壢,2024-03-15,5853
00753L,中信中國50正2,43,0,43,統一-中壢,2024-03-15,5853
2610,華航,56,21,35,統一-中壢,2024-03-15,5853
00918,大華優利高填息30,36,1,35,統一-中壢,2024-03-15,5853
1608,華榮,33,2,31,統一-中壢,2024-03-15,5853
6275,元山,35,4,31,統一-中壢,2024-03-15,5853
0056,元大高股息,36,6,30,統一-中壢,2024-03-15,5853
2303,聯電,39,11,28,統一-中壢,2024-03-15,5853
2023,燁輝,27,0,27,統一-中壢,2024-03-15,5853
00751B,元大AAA至A公司債,24,0,24,統一-中壢,2024-03-15,5853
00885,富邦越南,23,0,23,統一-中壢,2024-03-15,5853
3051,力特,23,1,22,統一-中壢,2024-03-15,5853
9904,寶成,25,3,22,統一-中壢,2024-03-15,5853
00688L,國泰20年美債正2,25,4,21,統一-中壢,2024-03-15,5853
00673R,期元大S＆P原油反1,20,0,20,統一-中壢,2024-03-15,5853
3481,群創,31,13,18,統一-中壢,2024-03-15,5853
2354,鴻準,31,15,16,統一-中壢,2024-03-15,5853
2609,陽明,27,11,16,統一-中壢,2024-03-15,5853
2375,凱美,15,0,15,統一-中壢,2024-03-15,5853
2618,長榮航,38,23,15,統一-中壢,2024-03-15,5853
3021,鴻名,15,0,15,統一-中壢,2024-03-15,5853
00927,群益半導體收益,16,2,14,統一-中壢,2024-03-15,5853
1314,中石化,14,0,14,統一-中壢,2024-03-15,5853
2313,華通,29,15,14,統一-中壢,2024-03-15,5853
2493,揚博,13,0,13,統一-中壢,2024-03-15,5853
3189,景碩,14,2,12,統一-中壢,2024-03-15,5853
00857B,永豐20年美公債,12,0,12,統一-中壢,2024-03-15,5853
2227,裕日車,12,0,12,統一-中壢,2024-03-15,5853
5508,永信建,12,0,12,統一-中壢,2024-03-15,5853
6592,和潤企業,12,0,12,統一-中壢,2024-03-15,5853
1210,大成,12,0,12,統一-中壢,2024-03-15,5853
1612,宏泰,11,0,11,統一-中壢,2024-03-15,5853
8064,東捷,13,2,11,統一-中壢,2024-03-15,5853
8926,台汽電,10,0,10,統一-中壢,2024-03-15,5853
00720B,元大投資級公司債,10,0,10,統一-中壢,2024-03-15,5853
2352,佳世達,10,0,10,統一-中壢,2024-03-15,5853
2486,一詮,583,33,550,統一-中壢,2024-03-18,5853
2009,第一銅,109,1,108,統一-中壢,2024-03-18,5853
2353,宏��,135,33,102,統一-中壢,2024-03-18,5853
00679B,元大美債20年,63,0,63,統一-中壢,2024-03-18,5853
00941,中信上游半導體,58,1,57,統一-中壢,2024-03-18,5853
00927,群益半導體收益,55,0,55,統一-中壢,2024-03-18,5853
2834,臺企銀,63,8,55,統一-中壢,2024-03-18,5853
2889,國票金,50,0,50,統一-中壢,2024-03-18,5853
00933B,國泰10Y+金融債,47,0,47,統一-中壢,2024-03-18,5853
8916,光隆,43,0,43,統一-中壢,2024-03-18,5853
1319,東陽,43,3,40,統一-中壢,2024-03-18,5853
5328,華容,36,0,36,統一-中壢,2024-03-18,5853
2323,中環,45,10,35,統一-中壢,2024-03-18,5853
00878,國泰永續高股息,54,20,34,統一-中壢,2024-03-18,5853
2884,玉山金,34,2,32,統一-中壢,2024-03-18,5853
6275,元山,44,12,32,統一-中壢,2024-03-18,5853
00915,凱基優選高股息30,34,3,31,統一-中壢,2024-03-18,5853
6116,彩晶,33,5,28,統一-中壢,2024-03-18,5853
2329,華泰,86,59,27,統一-中壢,2024-03-18,5853
00934,中信成長高股息,30,3,27,統一-中壢,2024-03-18,5853
2412,中華電,24,0,24,統一-中壢,2024-03-18,5853
8926,台汽電,28,5,23,統一-中壢,2024-03-18,5853
00795B,中信美國公債20年,22,0,22,統一-中壢,2024-03-18,5853
2303,聯電,31,10,21,統一-中壢,2024-03-18,5853
00687B,國泰20年美債,22,2,20,統一-中壢,2024-03-18,5853
2025,千興,20,0,20,統一-中壢,2024-03-18,5853
5871,中租-KY,20,0,20,統一-中壢,2024-03-18,5853
3661,世芯-KY,20,0,20,統一-中壢,2024-03-18,5853
00885,富邦越南,34,15,19,統一-中壢,2024-03-18,5853
2349,錸德,18,0,18,統一-中壢,2024-03-18,5853
6505,台塑化,17,0,17,統一-中壢,2024-03-18,5853
00751B,元大AAA至A公司債,16,0,16,統一-中壢,2024-03-18,5853
2031,新光鋼,51,35,16,統一-中壢,2024-03-18,5853
00680L,元大美債20正2,15,0,15,統一-中壢,2024-03-18,5853
9904,寶成,30,15,15,統一-中壢,2024-03-18,5853
9945,潤泰新,14,0,14,統一-中壢,2024-03-18,5853
1101,台泥,13,0,13,統一-中壢,2024-03-18,5853
2354,鴻準,13,1,12,統一-中壢,2024-03-18,5853
1220,台榮,12,0,12,統一-中壢,2024-03-18,5853
2801,彰銀,12,0,12,統一-中壢,2024-03-18,5853
3294,英濟,15,3,12,統一-中壢,2024-03-18,5853
2449,京元電子,20,9,11,統一-中壢,2024-03-18,5853
2481,強茂,11,0,11,統一-中壢,2024-03-18,5853
1905,華紙,11,0,11,統一-中壢,2024-03-18,5853
2359,所羅門,11,0,11,統一-中壢,2024-03-18,5853
3021,鴻名,13,2,11,統一-中壢,2024-03-18,5853
3163,波若威,14,3,11,統一-中壢,2024-03-18,5853
3171,炎洲流通,11,0,11,統一-中壢,2024-03-18,5853
3715,定穎投控,12,1,11,統一-中壢,2024-03-18,5853
00714,群益道瓊美國地產,10,0,10,統一-中壢,2024-03-18,5853
00929,復華台灣科技優息,485,254,231,統一-中壢,2024-03-19,5853
00679B,元大美債20年,110,1,109,統一-中壢,2024-03-19,5853
00919,群益台灣精選高息,211,102,109,統一-中壢,2024-03-19,5853
00712,復華富時不動產,75,0,75,統一-中壢,2024-03-19,5853
2887,台新金,105,31,74,統一-中壢,2024-03-19,5853
00927,群益半導體收益,68,0,68,統一-中壢,2024-03-19,5853
1101,台泥,64,1,63,統一-中壢,2024-03-19,5853
2367,燿華,63,4,59,統一-中壢,2024-03-19,5853
2883,凱基金,59,3,56,統一-中壢,2024-03-19,5853
00936,台新永續高息中小,56,1,55,統一-中壢,2024-03-19,5853
2515,中工,62,10,52,統一-中壢,2024-03-19,5853
00934,中信成長高股息,52,2,50,統一-中壢,2024-03-19,5853
00937B,群益ESG投等債20,50,3,47,統一-中壢,2024-03-19,5853
1815,富喬,44,1,43,統一-中壢,2024-03-19,5853
00905,FT臺灣Smart,41,0,41,統一-中壢,2024-03-19,5853
4938,和碩,38,7,31,統一-中壢,2024-03-19,5853
1809,中釉,30,1,29,統一-中壢,2024-03-19,5853
0056,元大高股息,44,15,29,統一-中壢,2024-03-19,5853
00687B,國泰20年美債,28,0,28,統一-中壢,2024-03-19,5853
1608,華榮,26,1,25,統一-中壢,2024-03-19,5853
6226,光鼎,25,0,25,統一-中壢,2024-03-19,5853
6770,力積電,37,12,25,統一-中壢,2024-03-19,5853
1513,中興電,43,20,23,統一-中壢,2024-03-19,5853
00673R,期元大S＆P原油反1,33,10,23,統一-中壢,2024-03-19,5853
3265,台星科,22,0,22,統一-中壢,2024-03-19,5853
3294,英濟,23,1,22,統一-中壢,2024-03-19,5853
2342,茂矽,21,0,21,統一-中壢,2024-03-19,5853
2323,中環,30,9,21,統一-中壢,2024-03-19,5853
00650L,復華香港正2,20,0,20,統一-中壢,2024-03-19,5853
1609,大亞,24,6,18,統一-中壢,2024-03-19,5853
2903,遠百,17,0,17,統一-中壢,2024-03-19,5853
2888,新光金,27,10,17,統一-中壢,2024-03-19,5853
3661,世芯-KY,16,1,15,統一-中壢,2024-03-19,5853
2915,潤泰全,15,0,15,統一-中壢,2024-03-19,5853
00751B,元大AAA至A公司債,13,0,13,統一-中壢,2024-03-19,5853
3171,炎洲流通,13,0,13,統一-中壢,2024-03-19,5853
00720B,元大投資級公司債,12,0,12,統一-中壢,2024-03-19,5853
00753L,中信中國50正2,13,1,12,統一-中壢,2024-03-19,5853
00795B,中信美國公債20年,12,0,12,統一-中壢,2024-03-19,5853
3042,晶技,39,27,12,統一-中壢,2024-03-19,5853
6284,佳邦,13,1,12,統一-中壢,2024-03-19,5853
5880,合庫金,11,0,11,統一-中壢,2024-03-19,5853
1709,和益,11,0,11,統一-中壢,2024-03-19,5853
3576,聯合再生,11,0,11,統一-中壢,2024-03-19,5853
2427,三商電,12,1,11,統一-中壢,2024-03-19,5853
1314,中石化,10,0,10,統一-中壢,2024-03-19,5853
2801,彰銀,10,0,10,統一-中壢,2024-03-19,5853
6213,聯茂,10,0,10,統一-中壢,2024-03-19,5853
8234,新漢,10,0,10,統一-中壢,2024-03-19,5853
8930,青鋼,10,0,10,統一-中壢,2024-03-19,5853
00939,統一台灣高息動能,1052,399,653,統一-中壢,2024-03-20,5853
6288,聯嘉,322,7,315,統一-中壢,2024-03-20,5853
00919,群益台灣精選高息,278,126,152,統一-中壢,2024-03-20,5853
5388,中磊,142,3,139,統一-中壢,2024-03-20,5853
00665L,富邦�琤肭磪囓�2,161,56,105,統一-中壢,2024-03-20,5853
2303,聯電,126,48,78,統一-中壢,2024-03-20,5853
00712,復華富時不動產,82,14,68,統一-中壢,2024-03-20,5853
2356,英業達,71,16,55,統一-中壢,2024-03-20,5853
00937B,群益ESG投等債20,123,68,55,統一-中壢,2024-03-20,5853
00936,台新永續高息中小,54,0,54,統一-中壢,2024-03-20,5853
00673R,期元大S＆P原油反1,50,0,50,統一-中壢,2024-03-20,5853
2834,臺企銀,47,1,46,統一-中壢,2024-03-20,5853
00680L,元大美債20正2,44,0,44,統一-中壢,2024-03-20,5853
00632R,元大台灣50反1,43,6,37,統一-中壢,2024-03-20,5853
00885,富邦越南,34,0,34,統一-中壢,2024-03-20,5853
4938,和碩,50,16,34,統一-中壢,2024-03-20,5853
8933,愛地雅,30,0,30,統一-中壢,2024-03-20,5853
6278,台表科,29,0,29,統一-中壢,2024-03-20,5853
00941,中信上游半導體,33,5,28,統一-中壢,2024-03-20,5853
3051,力特,30,2,28,統一-中壢,2024-03-20,5853
3260,威剛,24,1,23,統一-中壢,2024-03-20,5853
00892,富邦台灣半導體,22,0,22,統一-中壢,2024-03-20,5853
6239,力成,46,25,21,統一-中壢,2024-03-20,5853
2882,國泰金,20,0,20,統一-中壢,2024-03-20,5853
6160,欣技,20,0,20,統一-中壢,2024-03-20,5853
2618,長榮航,33,15,18,統一-中壢,2024-03-20,5853
00878,國泰永續高股息,71,53,18,統一-中壢,2024-03-20,5853
2374,佳能,46,29,17,統一-中壢,2024-03-20,5853
2408,南亞科,17,0,17,統一-中壢,2024-03-20,5853
4147,中裕,17,0,17,統一-中壢,2024-03-20,5853
1513,中興電,24,8,16,統一-中壢,2024-03-20,5853
5347,世界,21,5,16,統一-中壢,2024-03-20,5853
1309,台達化,16,0,16,統一-中壢,2024-03-20,5853
2880,華南金,16,0,16,統一-中壢,2024-03-20,5853
3481,群創,23,7,16,統一-中壢,2024-03-20,5853
00918,大華優利高填息30,26,11,15,統一-中壢,2024-03-20,5853
00706L,期元大S＆P日圓正2,15,0,15,統一-中壢,2024-03-20,5853
00857B,永豐20年美公債,16,1,15,統一-中壢,2024-03-20,5853
1810,和成,15,0,15,統一-中壢,2024-03-20,5853
2883,凱基金,47,32,15,統一-中壢,2024-03-20,5853
2323,中環,15,2,13,統一-中壢,2024-03-20,5853
2313,華通,14,2,12,統一-中壢,2024-03-20,5853
1101,台泥,14,3,11,統一-中壢,2024-03-20,5853
2610,華航,22,11,11,統一-中壢,2024-03-20,5853
2467,志聖,13,2,11,統一-中壢,2024-03-20,5853
8150,南茂,16,5,11,統一-中壢,2024-03-20,5853
3035,智原,10,0,10,統一-中壢,2024-03-20,5853
00902,中信電池及儲能,10,0,10,統一-中壢,2024-03-20,5853
00764B,群益25年美債,10,0,10,統一-中壢,2024-03-20,5853
2390,云辰,10,0,10,統一-中壢,2024-03-20,5853
00939,統一台灣高息動能,472,90,382,統一-中壢,2024-03-21,5853
00687B,國泰20年美債,240,3,237,統一-中壢,2024-03-21,5853
00632R,元大台灣50反1,235,0,235,統一-中壢,2024-03-21,5853
00929,復華台灣科技優息,230,91,139,統一-中壢,2024-03-21,5853
00712,復華富時不動產,100,1,99,統一-中壢,2024-03-21,5853
00900,富邦特選高股息30,80,9,71,統一-中壢,2024-03-21,5853
00919,群益台灣精選高息,148,84,64,統一-中壢,2024-03-21,5853
2303,聯電,71,20,51,統一-中壢,2024-03-21,5853
00937B,群益ESG投等債20,56,6,50,統一-中壢,2024-03-21,5853
2886,兆豐金,50,1,49,統一-中壢,2024-03-21,5853
00918,大華優利高填息30,49,2,47,統一-中壢,2024-03-21,5853
2482,連宇,51,4,47,統一-中壢,2024-03-21,5853
8096,擎亞,54,12,42,統一-中壢,2024-03-21,5853
00905,FT臺灣Smart,40,3,37,統一-中壢,2024-03-21,5853
6120,達運,32,1,31,統一-中壢,2024-03-21,5853
2206,三陽工業,27,0,27,統一-中壢,2024-03-21,5853
00680L,元大美債20正2,26,0,26,統一-中壢,2024-03-21,5853
00706L,期元大S＆P日圓正2,35,15,20,統一-中壢,2024-03-21,5853
2489,瑞軒,22,2,20,統一-中壢,2024-03-21,5853
8390,金益鼎,20,0,20,統一-中壢,2024-03-21,5853
00931B,統一美債20年,23,4,19,統一-中壢,2024-03-21,5853
1529,樂事綠能,24,5,19,統一-中壢,2024-03-21,5853
1605,華新,28,9,19,統一-中壢,2024-03-21,5853
00679B,元大美債20年,17,0,17,統一-中壢,2024-03-21,5853
00751B,元大AAA至A公司債,17,0,17,統一-中壢,2024-03-21,5853
2618,長榮航,18,2,16,統一-中壢,2024-03-21,5853
3033,威健,19,3,16,統一-中壢,2024-03-21,5853
1709,和益,15,0,15,統一-中壢,2024-03-21,5853
00753L,中信中國50正2,21,6,15,統一-中壢,2024-03-21,5853
6770,力積電,15,0,15,統一-中壢,2024-03-21,5853
9955,佳龍,15,0,15,統一-中壢,2024-03-21,5853
2603,長榮,19,4,15,統一-中壢,2024-03-21,5853
2884,玉山金,31,16,15,統一-中壢,2024-03-21,5853
2401,凌陽,14,0,14,統一-中壢,2024-03-21,5853
2880,華南金,30,16,14,統一-中壢,2024-03-21,5853
3363,上詮,19,5,14,統一-中壢,2024-03-21,5853
2329,華泰,34,21,13,統一-中壢,2024-03-21,5853
2888,新光金,20,7,13,統一-中壢,2024-03-21,5853
2476,鉅祥,12,0,12,統一-中壢,2024-03-21,5853
2376,技嘉,17,6,11,統一-中壢,2024-03-21,5853
3594,磐儀,11,0,11,統一-中壢,2024-03-21,5853
00688L,國泰20年美債正2,10,0,10,統一-中壢,2024-03-21,5853
00673R,期元大S＆P原油反1,10,0,10,統一-中壢,2024-03-21,5853
00764B,群益25年美債,10,0,10,統一-中壢,2024-03-21,5853
00708L,期元大S＆P黃金正2,10,0,10,統一-中壢,2024-03-21,5853
2801,彰銀,10,0,10,統一-中壢,2024-03-21,5853
3294,英濟,12,2,10,統一-中壢,2024-03-21,5853
4526,東台,10,0,10,統一-中壢,2024-03-21,5853
4960,誠美材,12,2,10,統一-中壢,2024-03-21,5853
5521,工信,15,5,10,統一-中壢,2024-03-21,5853
2323,中環,644,0,644,統一-中壢,2024-03-22,5853
00937B,群益ESG投等債20,438,33,405,統一-中壢,2024-03-22,5853
00637L,元大滬深300正2,250,32,218,統一-中壢,2024-03-22,5853
00933B,國泰10Y+金融債,203,25,178,統一-中壢,2024-03-22,5853
00753L,中信中國50正2,84,10,74,統一-中壢,2024-03-22,5853
3706,神達,132,62,70,統一-中壢,2024-03-22,5853
6275,元山,68,2,66,統一-中壢,2024-03-22,5853
1785,光洋科,64,2,62,統一-中壢,2024-03-22,5853
00687B,國泰20年美債,64,12,52,統一-中壢,2024-03-22,5853
00632R,元大台灣50反1,54,8,46,統一-中壢,2024-03-22,5853
2317,鴻海,106,65,41,統一-中壢,2024-03-22,5853
2353,宏��,124,88,36,統一-中壢,2024-03-22,5853
3628,盈正,37,1,36,統一-中壢,2024-03-22,5853
2855,統一證,34,0,34,統一-中壢,2024-03-22,5853
2344,華邦電,41,8,33,統一-中壢,2024-03-22,5853
2352,佳世達,30,0,30,統一-中壢,2024-03-22,5853
3260,威剛,42,12,30,統一-中壢,2024-03-22,5853
3481,群創,106,76,30,統一-中壢,2024-03-22,5853
00941,中信上游半導體,50,21,29,統一-中壢,2024-03-22,5853
2486,一詮,36,7,29,統一-中壢,2024-03-22,5853
2006,東和鋼鐵,27,1,26,統一-中壢,2024-03-22,5853
00688L,國泰20年美債正2,20,0,20,統一-中壢,2024-03-22,5853
2376,技嘉,28,9,19,統一-中壢,2024-03-22,5853
2603,長榮,21,2,19,統一-中壢,2024-03-22,5853
2002,中鋼,17,0,17,統一-中壢,2024-03-22,5853
2457,飛宏,18,1,17,統一-中壢,2024-03-22,5853
3227,原相,17,0,17,統一-中壢,2024-03-22,5853
2884,玉山金,21,5,16,統一-中壢,2024-03-22,5853
1529,樂事綠能,22,7,15,統一-中壢,2024-03-22,5853
8088,品安,13,0,13,統一-中壢,2024-03-22,5853
8110,華東,18,5,13,統一-中壢,2024-03-22,5853
2363,矽統,24,12,12,統一-中壢,2024-03-22,5853
6244,茂迪,11,0,11,統一-中壢,2024-03-22,5853
8271,宇瞻,24,13,11,統一-中壢,2024-03-22,5853
6770,力積電,12,1,11,統一-中壢,2024-03-22,5853
1101,台泥,13,3,10,統一-中壢,2024-03-22,5853
4934,太極,10,0,10,統一-中壢,2024-03-22,5853
2539,櫻花建,10,0,10,統一-中壢,2024-03-22,5853
3479,安勤,10,0,10,統一-中壢,2024-03-22,5853
5508,永信建,10,0,10,統一-中壢,2024-03-22,5853
5512,力麒,10,0,10,統一-中壢,2024-03-22,5853
2891,中信金,10,0,10,統一-中壢,2024-03-22,5853
2329,華泰,15,6,9,統一-中壢,2024-03-22,5853
1216,統一,9,0,9,統一-中壢,2024-03-22,5853
3041,揚智,10,1,9,統一-中壢,2024-03-22,5853
6829,千附精密,13,4,9,統一-中壢,2024-03-22,5853
00679B,元大美債20年,12,4,8,統一-中壢,2024-03-22,5853
1612,宏泰,10,2,8,統一-中壢,2024-03-22,5853
5225,東科-KY,8,0,8,統一-中壢,2024-03-22,5853
6505,台塑化,8,0,8,統一-中壢,2024-03-22,5853
2618,長榮航,342,33,309,統一-中壢,2024-03-25,5853
00941,中信上游半導體,122,7,115,統一-中壢,2024-03-25,5853
2486,一詮,174,71,103,統一-中壢,2024-03-25,5853
00933B,國泰10Y+金融債,80,2,78,統一-中壢,2024-03-25,5853
00937B,群益ESG投等債20,114,38,76,統一-中壢,2024-03-25,5853
2009,第一銅,77,4,73,統一-中壢,2024-03-25,5853
1609,大亞,120,47,73,統一-中壢,2024-03-25,5853
00679B,元大美債20年,67,1,66,統一-中壢,2024-03-25,5853
2317,鴻海,79,15,64,統一-中壢,2024-03-25,5853
00680L,元大美債20正2,40,0,40,統一-中壢,2024-03-25,5853
2356,英業達,79,44,35,統一-中壢,2024-03-25,5853
6188,廣明,34,5,29,統一-中壢,2024-03-25,5853
00753L,中信中國50正2,28,0,28,統一-中壢,2024-03-25,5853
6285,啟��,25,0,25,統一-中壢,2024-03-25,5853
2303,聯電,54,34,20,統一-中壢,2024-03-25,5853
1104,環泥,20,0,20,統一-中壢,2024-03-25,5853
3051,力特,20,0,20,統一-中壢,2024-03-25,5853
3207,耀勝,20,0,20,統一-中壢,2024-03-25,5853
6116,彩晶,20,0,20,統一-中壢,2024-03-25,5853
6235,華孚,21,1,20,統一-中壢,2024-03-25,5853
3234,光環,18,0,18,統一-中壢,2024-03-25,5853
2367,燿華,54,38,16,統一-中壢,2024-03-25,5853
1808,潤隆,17,1,16,統一-中壢,2024-03-25,5853
2855,統一證,15,0,15,統一-中壢,2024-03-25,5853
3056,富華新,15,0,15,統一-中壢,2024-03-25,5853
4931,新盛力,15,0,15,統一-中壢,2024-03-25,5853
3231,緯創,23,8,15,統一-中壢,2024-03-25,5853
00712,復華富時不動產,14,0,14,統一-中壢,2024-03-25,5853
2836,高雄銀,14,0,14,統一-中壢,2024-03-25,5853
3059,華晶科,33,19,14,統一-中壢,2024-03-25,5853
6182,合晶,15,1,14,統一-中壢,2024-03-25,5853
1618,合機,21,8,13,統一-中壢,2024-03-25,5853
00632R,元大台灣50反1,12,0,12,統一-中壢,2024-03-25,5853
2323,中環,17,5,12,統一-中壢,2024-03-25,5853
8916,光隆,18,6,12,統一-中壢,2024-03-25,5853
3228,金麗科,13,1,12,統一-中壢,2024-03-25,5853
2324,仁寶,13,1,12,統一-中壢,2024-03-25,5853
1612,宏泰,22,11,11,統一-中壢,2024-03-25,5853
8163,達方,11,0,11,統一-中壢,2024-03-25,5853
2881,富邦金,11,0,11,統一-中壢,2024-03-25,5853
6166,凌華,11,1,10,統一-中壢,2024-03-25,5853
2027,大成鋼,10,0,10,統一-中壢,2024-03-25,5853
2302,麗正,10,0,10,統一-中壢,2024-03-25,5853
2332,友訊,10,0,10,統一-中壢,2024-03-25,5853
2539,櫻花建,10,0,10,統一-中壢,2024-03-25,5853
3479,安勤,10,0,10,統一-中壢,2024-03-25,5853
3527,聚積,10,0,10,統一-中壢,2024-03-25,5853
4763,材料-KY,10,0,10,統一-中壢,2024-03-25,5853
6122,擎邦,10,0,10,統一-中壢,2024-03-25,5853
6152,百一,10,0,10,統一-中壢,2024-03-25,5853
1102,亞泥,177,6,171,統一-中壢,2024-03-26,5853
00751B,元大AAA至A公司債,115,0,115,統一-中壢,2024-03-26,5853
00939,統一台灣高息動能,341,247,94,統一-中壢,2024-03-26,5853
00687B,國泰20年美債,83,0,83,統一-中壢,2024-03-26,5853
2884,玉山金,83,8,75,統一-中壢,2024-03-26,5853
00937B,群益ESG投等債20,123,61,62,統一-中壢,2024-03-26,5853
4976,佳凌,60,1,59,統一-中壢,2024-03-26,5853
1785,光洋科,56,2,54,統一-中壢,2024-03-26,5853
3706,神達,51,2,49,統一-中壢,2024-03-26,5853
6234,高僑,64,15,49,統一-中壢,2024-03-26,5853
3033,威健,33,0,33,統一-中壢,2024-03-26,5853
6139,亞翔,34,5,29,統一-中壢,2024-03-26,5853
8383,千附,26,0,26,統一-中壢,2024-03-26,5853
4906,正文,25,0,25,統一-中壢,2024-03-26,5853
2618,長榮航,54,30,24,統一-中壢,2024-03-26,5853
00632R,元大台灣50反1,32,8,24,統一-中壢,2024-03-26,5853
2303,聯電,30,7,23,統一-中壢,2024-03-26,5853
4938,和碩,36,15,21,統一-中壢,2024-03-26,5853
2353,宏��,89,69,20,統一-中壢,2024-03-26,5853
4927,泰鼎-KY,20,0,20,統一-中壢,2024-03-26,5853
6233,旺玖,20,0,20,統一-中壢,2024-03-26,5853
00931B,統一美債20年,21,2,19,統一-中壢,2024-03-26,5853
2313,華通,24,5,19,統一-中壢,2024-03-26,5853
3354,律勝,19,0,19,統一-中壢,2024-03-26,5853
1504,東元,21,4,17,統一-中壢,2024-03-26,5853
2367,燿華,35,18,17,統一-中壢,2024-03-26,5853
00934,中信成長高股息,17,2,15,統一-中壢,2024-03-26,5853
2356,英業達,42,27,15,統一-中壢,2024-03-26,5853
2539,櫻花建,15,0,15,統一-中壢,2024-03-26,5853
3363,上詮,17,3,14,統一-中壢,2024-03-26,5853
0056,元大高股息,31,17,14,統一-中壢,2024-03-26,5853
1513,中興電,71,57,14,統一-中壢,2024-03-26,5853
2547,日勝生,15,2,13,統一-中壢,2024-03-26,5853
2606,裕民,13,0,13,統一-中壢,2024-03-26,5853
2809,京城銀,13,0,13,統一-中壢,2024-03-26,5853
3628,盈正,14,1,13,統一-中壢,2024-03-26,5853
1218,泰山,12,0,12,統一-中壢,2024-03-26,5853
3276,宇環,12,0,12,統一-中壢,2024-03-26,5853
8916,光隆,12,0,12,統一-中壢,2024-03-26,5853
2317,鴻海,63,51,12,統一-中壢,2024-03-26,5853
3374,精材,11,0,11,統一-中壢,2024-03-26,5853
00673R,期元大S＆P原油反1,11,0,11,統一-中壢,2024-03-26,5853
2027,大成鋼,11,0,11,統一-中壢,2024-03-26,5853
2601,益航,11,0,11,統一-中壢,2024-03-26,5853
3041,揚智,11,0,11,統一-中壢,2024-03-26,5853
3312,弘憶股,11,0,11,統一-中壢,2024-03-26,5853
3714,富采,14,3,11,統一-中壢,2024-03-26,5853
2855,統一證,30,20,10,統一-中壢,2024-03-26,5853
2887,台新金,10,0,10,統一-中壢,2024-03-26,5853
6215,和椿,11,1,10,統一-中壢,2024-03-26,5853
00929,復華台灣科技優息,376,105,271,統一-中壢,2024-03-27,5853
00937B,群益ESG投等債20,115,25,90,統一-中壢,2024-03-27,5853
00939,統一台灣高息動能,124,51,73,統一-中壢,2024-03-27,5853
00665L,富邦�琤肭磪囓�2,87,20,67,統一-中壢,2024-03-27,5853
3231,緯創,62,13,49,統一-中壢,2024-03-27,5853
1609,大亞,82,50,32,統一-中壢,2024-03-27,5853
2356,英業達,57,27,30,統一-中壢,2024-03-27,5853
2539,櫻花建,30,0,30,統一-中壢,2024-03-27,5853
00753L,中信中國50正2,29,0,29,統一-中壢,2024-03-27,5853
4938,和碩,33,4,29,統一-中壢,2024-03-27,5853
2883,凱基金,47,19,28,統一-中壢,2024-03-27,5853
3481,群創,27,5,22,統一-中壢,2024-03-27,5853
2409,友達,22,1,21,統一-中壢,2024-03-27,5853
3051,力特,20,0,20,統一-中壢,2024-03-27,5853
3014,聯陽,20,0,20,統一-中壢,2024-03-27,5853
3581,博磊,20,0,20,統一-中壢,2024-03-27,5853
2515,中工,76,56,20,統一-中壢,2024-03-27,5853
6257,矽格,18,0,18,統一-中壢,2024-03-27,5853
2303,聯電,28,10,18,統一-中壢,2024-03-27,5853
2536,宏普,17,0,17,統一-中壢,2024-03-27,5853
6668,中揚光,17,0,17,統一-中壢,2024-03-27,5853
1616,億泰,17,1,16,統一-中壢,2024-03-27,5853
2884,玉山金,25,9,16,統一-中壢,2024-03-27,5853
00687B,國泰20年美債,15,0,15,統一-中壢,2024-03-27,5853
1762,中化生,15,0,15,統一-中壢,2024-03-27,5853
5880,合庫金,15,0,15,統一-中壢,2024-03-27,5853
2301,光寶科,21,6,15,統一-中壢,2024-03-27,5853
1785,光洋科,18,5,13,統一-中壢,2024-03-27,5853
2324,仁寶,15,2,13,統一-中壢,2024-03-27,5853
3294,英濟,26,13,13,統一-中壢,2024-03-27,5853
3686,達能,12,0,12,統一-中壢,2024-03-27,5853
6016,康和證,15,3,12,統一-中壢,2024-03-27,5853
1529,樂事綠能,12,1,11,統一-中壢,2024-03-27,5853
2834,臺企銀,15,4,11,統一-中壢,2024-03-27,5853
4526,東台,19,8,11,統一-中壢,2024-03-27,5853
6215,和椿,19,8,11,統一-中壢,2024-03-27,5853
6770,力積電,15,4,11,統一-中壢,2024-03-27,5853
00751B,元大AAA至A公司債,10,0,10,統一-中壢,2024-03-27,5853
2885,元大金,10,0,10,統一-中壢,2024-03-27,5853
3322,建舜電,10,0,10,統一-中壢,2024-03-27,5853
3357,臺慶科,12,2,10,統一-中壢,2024-03-27,5853
3703,欣陸,10,0,10,統一-中壢,2024-03-27,5853
6244,茂迪,10,0,10,統一-中壢,2024-03-27,5853
6443,元晶,10,0,10,統一-中壢,2024-03-27,5853
8011,台通,11,1,10,統一-中壢,2024-03-27,5853
8201,無敵,10,0,10,統一-中壢,2024-03-27,5853
9902,台火,10,0,10,統一-中壢,2024-03-27,5853
5426,振發,9,0,9,統一-中壢,2024-03-27,5853
1808,潤隆,11,2,9,統一-中壢,2024-03-27,5853
8096,擎亞,8,0,8,統一-中壢,2024-03-27,5853
5512,力麒,1127,11,1116,統一-中壢,2024-03-28,5853
00937B,群益ESG投等債20,296,115,181,統一-中壢,2024-03-28,5853
1789,神隆,55,2,53,統一-中壢,2024-03-28,5853
1609,大亞,73,22,51,統一-中壢,2024-03-28,5853
3706,神達,56,10,46,統一-中壢,2024-03-28,5853
2371,大同,89,44,45,統一-中壢,2024-03-28,5853
2891,中信金,45,3,42,統一-中壢,2024-03-28,5853
2834,臺企銀,42,5,37,統一-中壢,2024-03-28,5853
2851,中再保,30,0,30,統一-中壢,2024-03-28,5853
2634,漢翔,33,7,26,統一-中壢,2024-03-28,5853
6274,台燿,29,3,26,統一-中壢,2024-03-28,5853
2883,凱基金,93,68,25,統一-中壢,2024-03-28,5853
00878,國泰永續高股息,25,0,25,統一-中壢,2024-03-28,5853
3062,建漢,37,12,25,統一-中壢,2024-03-28,5853
6189,豐藝,25,0,25,統一-中壢,2024-03-28,5853
00919,群益台灣精選高息,174,151,23,統一-中壢,2024-03-28,5853
00929,復華台灣科技優息,126,105,21,統一-中壢,2024-03-28,5853
2211,長榮鋼,21,0,21,統一-中壢,2024-03-28,5853
4743,合一,21,0,21,統一-中壢,2024-03-28,5853
00902,中信電池及儲能,20,0,20,統一-中壢,2024-03-28,5853
1714,和桐,20,0,20,統一-中壢,2024-03-28,5853
6277,宏正,20,0,20,統一-中壢,2024-03-28,5853
3260,威剛,28,8,20,統一-中壢,2024-03-28,5853
2408,南亞科,23,4,19,統一-中壢,2024-03-28,5853
2354,鴻準,85,67,18,統一-中壢,2024-03-28,5853
00882,中信中國高股息,18,0,18,統一-中壢,2024-03-28,5853
3498,陽程,19,1,18,統一-中壢,2024-03-28,5853
1513,中興電,39,22,17,統一-中壢,2024-03-28,5853
5009,榮剛,17,1,16,統一-中壢,2024-03-28,5853
6005,群益證,22,6,16,統一-中壢,2024-03-28,5853
8121,越峰,15,0,15,統一-中壢,2024-03-28,5853
6217,中探針,15,1,14,統一-中壢,2024-03-28,5853
5371,中光電,15,2,13,統一-中壢,2024-03-28,5853
2392,正崴,13,0,13,統一-中壢,2024-03-28,5853
3005,神基,17,5,12,統一-中壢,2024-03-28,5853
1504,東元,16,4,12,統一-中壢,2024-03-28,5853
2816,旺旺保,11,0,11,統一-中壢,2024-03-28,5853
8936,國統,12,1,11,統一-中壢,2024-03-28,5853
2241,艾姆勒,14,4,10,統一-中壢,2024-03-28,5853
2880,華南金,10,0,10,統一-中壢,2024-03-28,5853
3707,漢磊,15,5,10,統一-中壢,2024-03-28,5853
5251,天鉞電,10,0,10,統一-中壢,2024-03-28,5853
2885,元大金,10,0,10,統一-中壢,2024-03-28,5853
2887,台新金,10,1,9,統一-中壢,2024-03-28,5853
00679B,元大美債20年,10,1,9,統一-中壢,2024-03-28,5853
1608,華榮,10,1,9,統一-中壢,2024-03-28,5853
4147,中裕,9,0,9,統一-中壢,2024-03-28,5853
4909,新復興,9,0,9,統一-中壢,2024-03-28,5853
5243,乙盛-KY,10,1,9,統一-中壢,2024-03-28,5853
5469,瀚宇博,21,12,9,統一-中壢,2024-03-28,5853
2836,高雄銀,254,0,254,統一-中壢,2024-03-29,5853
5388,中磊,182,0,182,統一-中壢,2024-03-29,5853
2344,華邦電,100,1,99,統一-中壢,2024-03-29,5853
00937B,群益ESG投等債20,94,7,87,統一-中壢,2024-03-29,5853
2486,一詮,59,0,59,統一-中壢,2024-03-29,5853
2356,英業達,144,86,58,統一-中壢,2024-03-29,5853
00939,統一台灣高息動能,63,10,53,統一-中壢,2024-03-29,5853
00673R,期元大S＆P原油反1,45,0,45,統一-中壢,2024-03-29,5853
2301,光寶科,45,6,39,統一-中壢,2024-03-29,5853
3706,神達,41,7,34,統一-中壢,2024-03-29,5853
2009,第一銅,33,1,32,統一-中壢,2024-03-29,5853
9919,康那香,32,0,32,統一-中壢,2024-03-29,5853
6244,茂迪,27,0,27,統一-中壢,2024-03-29,5853
2317,鴻海,65,38,27,統一-中壢,2024-03-29,5853
3406,玉晶光,26,0,26,統一-中壢,2024-03-29,5853
6275,元山,26,0,26,統一-中壢,2024-03-29,5853
2354,鴻準,54,28,26,統一-中壢,2024-03-29,5853
00941,中信上游半導體,31,6,25,統一-中壢,2024-03-29,5853
6126,信音,24,0,24,統一-中壢,2024-03-29,5853
1815,富喬,24,2,22,統一-中壢,2024-03-29,5853
2606,裕民,20,0,20,統一-中壢,2024-03-29,5853
8926,台汽電,17,0,17,統一-中壢,2024-03-29,5853
1808,潤隆,17,1,16,統一-中壢,2024-03-29,5853
2542,興富發,46,30,16,統一-中壢,2024-03-29,5853
6152,百一,16,0,16,統一-中壢,2024-03-29,5853
8016,矽創,15,0,15,統一-中壢,2024-03-29,5853
2373,震旦行,15,0,15,統一-中壢,2024-03-29,5853
6239,力成,15,0,15,統一-中壢,2024-03-29,5853
2610,華航,21,7,14,統一-中壢,2024-03-29,5853
8054,安國,21,7,14,統一-中壢,2024-03-29,5853
2834,臺企銀,23,10,13,統一-中壢,2024-03-29,5853
6125,廣運,13,1,12,統一-中壢,2024-03-29,5853
3013,晟銘電,18,5,13,統一-中壢,2024-03-29,5853
1789,神隆,13,1,12,統一-中壢,2024-03-29,5853
2337,旺宏,17,5,12,統一-中壢,2024-03-29,5853
4303,信立,14,2,12,統一-中壢,2024-03-29,5853
2371,大同,21,9,12,統一-中壢,2024-03-29,5853
2369,菱生,14,3,11,統一-中壢,2024-03-29,5853
6113,亞矽,11,0,11,統一-中壢,2024-03-29,5853
6202,盛群,11,0,11,統一-中壢,2024-03-29,5853
2352,佳世達,12,2,10,統一-中壢,2024-03-29,5853
2409,友達,10,0,10,統一-中壢,2024-03-29,5853
2812,台中銀,10,0,10,統一-中壢,2024-03-29,5853
2820,華票,10,0,10,統一-中壢,2024-03-29,5853
4526,東台,10,0,10,統一-中壢,2024-03-29,5853
6278,台表科,10,0,10,統一-中壢,2024-03-29,5853
6741,91APP*-KY,10,0,10,統一-中壢,2024-03-29,5853
8064,東捷,10,0,10,統一-中壢,2024-03-29,5853
8201,無敵,10,0,10,統一-中壢,2024-03-29,5853
6443,元晶,10,1,9,統一-中壢,2024-03-29,5853
00940,元大台灣價值高息,719,135,584,統一-中壢,2024-04-01,5853
00665L,富邦�琤肭磪囓�2,131,1,130,統一-中壢,2024-04-01,5853
00632R,元大台灣50反1,101,0,101,統一-中壢,2024-04-01,5853
00939,統一台灣高息動能,123,29,94,統一-中壢,2024-04-01,5853
00857B,永豐20年美公債,80,0,80,統一-中壢,2024-04-01,5853
8096,擎亞,58,5,53,統一-中壢,2024-04-01,5853
8213,志超,48,0,48,統一-中壢,2024-04-01,5853
2303,聯電,45,4,41,統一-中壢,2024-04-01,5853
00919,群益台灣精選高息,53,12,41,統一-中壢,2024-04-01,5853
3231,緯創,59,19,40,統一-中壢,2024-04-01,5853
6109,亞元,36,0,36,統一-中壢,2024-04-01,5853
2891,中信金,35,0,35,統一-中壢,2024-04-01,5853
00687B,國泰20年美債,27,0,27,統一-中壢,2024-04-01,5853
00931B,統一美債20年,26,0,26,統一-中壢,2024-04-01,5853
3711,日月光投控,26,0,26,統一-中壢,2024-04-01,5853
4938,和碩,31,6,25,統一-中壢,2024-04-01,5853
00637L,元大滬深300正2,106,82,24,統一-中壢,2024-04-01,5853
6668,中揚光,25,1,24,統一-中壢,2024-04-01,5853
3715,定穎投控,24,2,22,統一-中壢,2024-04-01,5853
6257,矽格,22,0,22,統一-中壢,2024-04-01,5853
1504,東元,27,6,21,統一-中壢,2024-04-01,5853
2356,英業達,58,37,21,統一-中壢,2024-04-01,5853
3014,聯陽,20,0,20,統一-中壢,2024-04-01,5853
00635U,期元大S＆P黃金,20,0,20,統一-中壢,2024-04-01,5853
5469,瀚宇博,20,0,20,統一-中壢,2024-04-01,5853
00885,富邦越南,20,0,20,統一-中壢,2024-04-01,5853
2329,華泰,20,1,19,統一-中壢,2024-04-01,5853
00915,凱基優選高股息30,18,0,18,統一-中壢,2024-04-01,5853
2542,興富發,31,15,16,統一-中壢,2024-04-01,5853
1785,光洋科,16,0,16,統一-中壢,2024-04-01,5853
3498,陽程,17,1,16,統一-中壢,2024-04-01,5853
3704,合勤控,16,0,16,統一-中壢,2024-04-01,5853
00941,中信上游半導體,16,1,15,統一-中壢,2024-04-01,5853
2851,中再保,15,0,15,統一-中壢,2024-04-01,5853
2834,臺企銀,15,0,15,統一-中壢,2024-04-01,5853
0056,元大高股息,55,41,14,統一-中壢,2024-04-01,5853
2301,光寶科,15,3,12,統一-中壢,2024-04-01,5853
4114,健喬,12,1,11,統一-中壢,2024-04-01,5853
4534,慶騰,11,0,11,統一-中壢,2024-04-01,5853
6411,晶焱,12,1,11,統一-中壢,2024-04-01,5853
6446,藥華藥,11,0,11,統一-中壢,2024-04-01,5853
2382,廣達,25,14,11,統一-中壢,2024-04-01,5853
2641,正德,10,0,10,統一-中壢,2024-04-01,5853
2801,彰銀,10,0,10,統一-中壢,2024-04-01,5853
2820,華票,10,0,10,統一-中壢,2024-04-01,5853
3059,華晶科,26,16,10,統一-中壢,2024-04-01,5853
3535,晶彩科,10,0,10,統一-中壢,2024-04-01,5853
4513,福裕,10,0,10,統一-中壢,2024-04-01,5853
5251,天鉞電,10,0,10,統一-中壢,2024-04-01,5853
2603,長榮,12,3,9,統一-中壢,2024-04-01,5853
00929,復華台灣科技優息,726,18,708,統一-中壢,2024-04-02,5853
00632R,元大台灣50反1,320,0,320,統一-中壢,2024-04-02,5853
00940,元大台灣價值高息,319,49,270,統一-中壢,2024-04-02,5853
00937B,群益ESG投等債20,327,65,262,統一-中壢,2024-04-02,5853
00931B,統一美債20年,186,8,178,統一-中壢,2024-04-02,5853
1815,富喬,169,7,162,統一-中壢,2024-04-02,5853
00753L,中信中國50正2,100,7,93,統一-中壢,2024-04-02,5853
00687B,國泰20年美債,90,0,90,統一-中壢,2024-04-02,5853
00919,群益台灣精選高息,84,19,65,統一-中壢,2024-04-02,5853
00679B,元大美債20年,68,11,57,統一-中壢,2024-04-02,5853
2486,一詮,94,39,55,統一-中壢,2024-04-02,5853
00637L,元大滬深300正2,52,0,52,統一-中壢,2024-04-02,5853
8213,志超,57,6,51,統一-中壢,2024-04-02,5853
912000,晨訊科-DR,50,0,50,統一-中壢,2024-04-02,5853
00905,FT臺灣Smart,50,1,49,統一-中壢,2024-04-02,5853
0056,元大高股息,52,5,47,統一-中壢,2024-04-02,5853
00680L,元大美債20正2,37,0,37,統一-中壢,2024-04-02,5853
8064,東捷,47,12,35,統一-中壢,2024-04-02,5853
2855,統一證,43,12,31,統一-中壢,2024-04-02,5853
1806,冠軍,30,0,30,統一-中壢,2024-04-02,5853
1810,和成,30,0,30,統一-中壢,2024-04-02,5853
2371,大同,47,19,28,統一-中壢,2024-04-02,5853
3715,定穎投控,38,13,25,統一-中壢,2024-04-02,5853
00720B,元大投資級公司債,26,2,24,統一-中壢,2024-04-02,5853
3520,華盈,21,0,21,統一-中壢,2024-04-02,5853
1714,和桐,20,0,20,統一-中壢,2024-04-02,5853
00635U,期元大S＆P黃金,20,0,20,統一-中壢,2024-04-02,5853
00751B,元大AAA至A公司債,20,0,20,統一-中壢,2024-04-02,5853
5388,中磊,40,20,20,統一-中壢,2024-04-02,5853
6005,群益證,21,2,19,統一-中壢,2024-04-02,5853
2834,臺企銀,18,0,18,統一-中壢,2024-04-02,5853
00878,國泰永續高股息,33,16,17,統一-中壢,2024-04-02,5853
2603,長榮,30,13,17,統一-中壢,2024-04-02,5853
8916,光隆,16,0,16,統一-中壢,2024-04-02,5853
2383,台光電,16,1,15,統一-中壢,2024-04-02,5853
6234,高僑,20,5,15,統一-中壢,2024-04-02,5853
6217,中探針,15,0,15,統一-中壢,2024-04-02,5853
00733,富邦臺灣中小,16,1,15,統一-中壢,2024-04-02,5853
3706,神達,16,2,14,統一-中壢,2024-04-02,5853
2891,中信金,15,2,13,統一-中壢,2024-04-02,5853
3025,星通,12,0,12,統一-中壢,2024-04-02,5853
2886,兆豐金,12,0,12,統一-中壢,2024-04-02,5853
2002,中鋼,12,0,12,統一-中壢,2024-04-02,5853
2409,友達,12,0,12,統一-中壢,2024-04-02,5853
00923,群益台ESG低碳50,11,0,11,統一-中壢,2024-04-02,5853
2408,南亞科,14,3,11,統一-中壢,2024-04-02,5853
8358,金居,14,3,11,統一-中壢,2024-04-02,5853
1515,力山,10,0,10,統一-中壢,2024-04-02,5853
2354,鴻準,35,25,10,統一-中壢,2024-04-02,5853
2421,建準,10,0,10,統一-中壢,2024-04-02,5853
00929,復華台灣科技優息,231,3,228,統一-中壢,2024-04-03,5853
00940,元大台灣價值高息,165,12,153,統一-中壢,2024-04-03,5853
3481,群創,134,2,132,統一-中壢,2024-04-03,5853
00679B,元大美債20年,121,0,121,統一-中壢,2024-04-03,5853
2486,一詮,183,76,107,統一-中壢,2024-04-03,5853
2889,國票金,103,0,103,統一-中壢,2024-04-03,5853
00937B,群益ESG投等債20,92,10,82,統一-中壢,2024-04-03,5853
5388,中磊,80,0,80,統一-中壢,2024-04-03,5853
00635U,期元大S＆P黃金,64,0,64,統一-中壢,2024-04-03,5853
00795B,中信美國公債20年,49,0,49,統一-中壢,2024-04-03,5853
2409,友達,45,0,45,統一-中壢,2024-04-03,5853
8105,凌巨,40,1,39,統一-中壢,2024-04-03,5853
00673R,期元大S＆P原油反1,30,0,30,統一-中壢,2024-04-03,5853
2838,聯邦銀,30,0,30,統一-中壢,2024-04-03,5853
00733,富邦臺灣中小,27,0,27,統一-中壢,2024-04-03,5853
00687B,國泰20年美債,27,0,27,統一-中壢,2024-04-03,5853
6275,元山,36,10,26,統一-中壢,2024-04-03,5853
6446,藥華藥,26,0,26,統一-中壢,2024-04-03,5853
2303,聯電,28,3,25,統一-中壢,2024-04-03,5853
2618,長榮航,38,13,25,統一-中壢,2024-04-03,5853
2354,鴻準,29,6,23,統一-中壢,2024-04-03,5853
3032,偉訓,28,7,21,統一-中壢,2024-04-03,5853
2892,第一金,20,0,20,統一-中壢,2024-04-03,5853
3294,英濟,32,12,20,統一-中壢,2024-04-03,5853
3673,TPK-KY,20,0,20,統一-中壢,2024-04-03,5853
1609,大亞,21,3,18,統一-中壢,2024-04-03,5853
2883,凱基金,24,6,18,統一-中壢,2024-04-03,5853
6668,中揚光,19,1,18,統一-中壢,2024-04-03,5853
0056,元大高股息,23,6,17,統一-中壢,2024-04-03,5853
2356,英業達,57,41,16,統一-中壢,2024-04-03,5853
2313,華通,24,8,16,統一-中壢,2024-04-03,5853
00665L,富邦�琤肭磪囓�2,25,10,15,統一-中壢,2024-04-03,5853
00753L,中信中國50正2,15,0,15,統一-中壢,2024-04-03,5853
00751B,元大AAA至A公司債,15,0,15,統一-中壢,2024-04-03,5853
1810,和成,15,0,15,統一-中壢,2024-04-03,5853
2371,大同,23,8,15,統一-中壢,2024-04-03,5853
2887,台新金,15,0,15,統一-中壢,2024-04-03,5853
8096,擎亞,18,4,14,統一-中壢,2024-04-03,5853
00941,中信上游半導體,13,0,13,統一-中壢,2024-04-03,5853
2390,云辰,13,0,13,統一-中壢,2024-04-03,5853
2515,中工,97,84,13,統一-中壢,2024-04-03,5853
00720B,元大投資級公司債,12,0,12,統一-中壢,2024-04-03,5853
2027,大成鋼,12,0,12,統一-中壢,2024-04-03,5853
2609,陽明,13,1,12,統一-中壢,2024-04-03,5853
3171,炎洲流通,12,0,12,統一-中壢,2024-04-03,5853
1608,華榮,11,0,11,統一-中壢,2024-04-03,5853
6189,豐藝,14,3,11,統一-中壢,2024-04-03,5853
6213,聯茂,14,3,11,統一-中壢,2024-04-03,5853
00918,大華優利高填息30,10,0,10,統一-中壢,2024-04-03,5853
00764B,群益25年美債,10,0,10,統一-中壢,2024-04-03,5853
00687B,國泰20年美債,331,0,331,統一-中壢,2024-04-08,5853
00929,復華台灣科技優息,251,20,231,統一-中壢,2024-04-08,5853
00679B,元大美債20年,160,3,157,統一-中壢,2024-04-08,5853
00937B,群益ESG投等債20,128,1,127,統一-中壢,2024-04-08,5853
1513,中興電,154,30,124,統一-中壢,2024-04-08,5853
1734,杏輝,107,3,104,統一-中壢,2024-04-08,5853
5324,士開,102,1,101,統一-中壢,2024-04-08,5853
6288,聯嘉,100,4,96,統一-中壢,2024-04-08,5853
00919,群益台灣精選高息,93,8,85,統一-中壢,2024-04-08,5853
00933B,國泰10Y+金融債,71,0,71,統一-中壢,2024-04-08,5853
6120,達運,77,8,69,統一-中壢,2024-04-08,5853
00795B,中信美國公債20年,63,0,63,統一-中壢,2024-04-08,5853
3481,群創,61,3,58,統一-中壢,2024-04-08,5853
2618,長榮航,53,0,53,統一-中壢,2024-04-08,5853
00940,元大台灣價值高息,306,254,52,統一-中壢,2024-04-08,5853
1587,吉茂,50,0,50,統一-中壢,2024-04-08,5853
3059,華晶科,55,14,41,統一-中壢,2024-04-08,5853
8011,台通,43,3,40,統一-中壢,2024-04-08,5853
2371,大同,51,15,36,統一-中壢,2024-04-08,5853
2324,仁寶,33,0,33,統一-中壢,2024-04-08,5853
2882,國泰金,32,0,32,統一-中壢,2024-04-08,5853
00637L,元大滬深300正2,30,0,30,統一-中壢,2024-04-08,5853
6141,柏承,30,0,30,統一-中壢,2024-04-08,5853
00891,中信關鍵半導體,30,0,30,統一-中壢,2024-04-08,5853
2356,英業達,42,13,29,統一-中壢,2024-04-08,5853
2317,鴻海,43,18,25,統一-中壢,2024-04-08,5853
2492,華新科,21,0,21,統一-中壢,2024-04-08,5853
4746,台耀,21,0,21,統一-中壢,2024-04-08,5853
2887,台新金,20,0,20,統一-中壢,2024-04-08,5853
00764B,群益25年美債,20,0,20,統一-中壢,2024-04-08,5853
1102,亞泥,20,0,20,統一-中壢,2024-04-08,5853
2365,昆盈,31,11,20,統一-中壢,2024-04-08,5853
3322,建舜電,20,0,20,統一-中壢,2024-04-08,5853
4938,和碩,22,5,17,統一-中壢,2024-04-08,5853
00751B,元大AAA至A公司債,15,0,15,統一-中壢,2024-04-08,5853
00673R,期元大S＆P原油反1,15,0,15,統一-中壢,2024-04-08,5853
3416,融程電,15,0,15,統一-中壢,2024-04-08,5853
00915,凱基優選高股息30,15,0,15,統一-中壢,2024-04-08,5853
00720B,元大投資級公司債,13,0,13,統一-中壢,2024-04-08,5853
00941,中信上游半導體,16,4,12,統一-中壢,2024-04-08,5853
1609,大亞,80,68,12,統一-中壢,2024-04-08,5853
1721,三晃,12,0,12,統一-中壢,2024-04-08,5853
8086,宏捷科,11,0,11,統一-中壢,2024-04-08,5853
6168,宏齊,11,0,11,統一-中壢,2024-04-08,5853
6668,中揚光,31,20,11,統一-中壢,2024-04-08,5853
00900,富邦特選高股息30,11,0,11,統一-中壢,2024-04-08,5853
3035,智原,10,0,10,統一-中壢,2024-04-08,5853
00664R,國泰臺灣加權反1,10,0,10,統一-中壢,2024-04-08,5853
00688L,國泰20年美債正2,10,0,10,統一-中壢,2024-04-08,5853
1789,神隆,10,0,10,統一-中壢,2024-04-08,5853
00937B,群益ESG投等債20,333,80,253,統一-中壢,2024-04-09,5853
3481,群創,169,42,127,統一-中壢,2024-04-09,5853
2891,中信金,96,10,86,統一-中壢,2024-04-09,5853
00632R,元大台灣50反1,113,34,79,統一-中壢,2024-04-09,5853
00637L,元大滬深300正2,78,3,75,統一-中壢,2024-04-09,5853
2618,長榮航,83,12,71,統一-中壢,2024-04-09,5853
3231,緯創,86,18,68,統一-中壢,2024-04-09,5853
00905,FT臺灣Smart,78,10,68,統一-中壢,2024-04-09,5853
00751B,元大AAA至A公司債,67,0,67,統一-中壢,2024-04-09,5853
6288,聯嘉,60,0,60,統一-中壢,2024-04-09,5853
00753L,中信中國50正2,51,0,51,統一-中壢,2024-04-09,5853
00927,群益半導體收益,50,0,50,統一-中壢,2024-04-09,5853
2354,鴻準,53,4,49,統一-中壢,2024-04-09,5853
00673R,期元大S＆P原油反1,40,0,40,統一-中壢,2024-04-09,5853
2371,大同,59,24,35,統一-中壢,2024-04-09,5853
2528,皇普,31,0,31,統一-中壢,2024-04-09,5853
1608,華榮,80,52,28,統一-中壢,2024-04-09,5853
00909,國泰數位支付服務,27,0,27,統一-中壢,2024-04-09,5853
8916,光隆,27,0,27,統一-中壢,2024-04-09,5853
00679B,元大美債20年,25,0,25,統一-中壢,2024-04-09,5853
8112,至上,27,2,25,統一-中壢,2024-04-09,5853
3535,晶彩科,24,0,24,統一-中壢,2024-04-09,5853
2884,玉山金,23,2,21,統一-中壢,2024-04-09,5853
3362,先進光,21,1,20,統一-中壢,2024-04-09,5853
1612,宏泰,31,11,20,統一-中壢,2024-04-09,5853
5381,合正,28,8,20,統一-中壢,2024-04-09,5853
6120,達運,26,6,20,統一-中壢,2024-04-09,5853
3025,星通,27,8,19,統一-中壢,2024-04-09,5853
3013,晟銘電,22,4,18,統一-中壢,2024-04-09,5853
4958,臻鼎-KY,16,0,16,統一-中壢,2024-04-09,5853
2353,宏��,29,13,16,統一-中壢,2024-04-09,5853
3059,華晶科,18,2,16,統一-中壢,2024-04-09,5853
2317,鴻海,50,35,15,統一-中壢,2024-04-09,5853
2501,國建,19,4,15,統一-中壢,2024-04-09,5853
2520,冠德,15,0,15,統一-中壢,2024-04-09,5853
3712,永崴投控,16,1,15,統一-中壢,2024-04-09,5853
5880,合庫金,15,1,14,統一-中壢,2024-04-09,5853
3376,新日興,15,2,13,統一-中壢,2024-04-09,5853
1316,上曜,13,0,13,統一-中壢,2024-04-09,5853
3211,順達,13,0,13,統一-中壢,2024-04-09,5853
8358,金居,27,15,12,統一-中壢,2024-04-09,5853
2010,春源,16,5,11,統一-中壢,2024-04-09,5853
2301,光寶科,12,1,11,統一-中壢,2024-04-09,5853
00763U,期街口道瓊銅,10,0,10,統一-中壢,2024-04-09,5853
1312,國喬,10,0,10,統一-中壢,2024-04-09,5853
2101,南港,15,5,10,統一-中壢,2024-04-09,5853
2380,虹光,10,0,10,統一-中壢,2024-04-09,5853
3010,華立,11,1,10,統一-中壢,2024-04-09,5853
3380,明泰,10,0,10,統一-中壢,2024-04-09,5853
4716,大立,10,0,10,統一-中壢,2024-04-09,5853
00940,元大台灣價值高息,176,67,109,統一-中壢,2024-04-10,5853
4989,榮科,90,0,90,統一-中壢,2024-04-10,5853
3260,威剛,140,57,83,統一-中壢,2024-04-10,5853
00687B,國泰20年美債,80,2,78,統一-中壢,2024-04-10,5853
2888,新光金,77,15,62,統一-中壢,2024-04-10,5853
00751B,元大AAA至A公司債,63,6,57,統一-中壢,2024-04-10,5853
2356,英業達,71,18,53,統一-中壢,2024-04-10,5853
2317,鴻海,69,18,51,統一-中壢,2024-04-10,5853
2344,華邦電,72,22,50,統一-中壢,2024-04-10,5853
2883,凱基金,48,0,48,統一-中壢,2024-04-10,5853
2528,皇普,45,2,43,統一-中壢,2024-04-10,5853
2354,鴻準,52,11,41,統一-中壢,2024-04-10,5853
00905,FT臺灣Smart,39,0,39,統一-中壢,2024-04-10,5853
5512,力麒,40,2,38,統一-中壢,2024-04-10,5853
6215,和椿,34,2,32,統一-中壢,2024-04-10,5853
2031,新光鋼,30,0,30,統一-中壢,2024-04-10,5853
00937B,群益ESG投等債20,91,63,28,統一-中壢,2024-04-10,5853
3059,華晶科,40,13,27,統一-中壢,2024-04-10,5853
00919,群益台灣精選高息,39,14,25,統一-中壢,2024-04-10,5853
1785,光洋科,29,6,23,統一-中壢,2024-04-10,5853
00720B,元大投資級公司債,21,0,21,統一-中壢,2024-04-10,5853
3051,力特,20,0,20,統一-中壢,2024-04-10,5853
00927,群益半導體收益,25,5,20,統一-中壢,2024-04-10,5853
8064,東捷,20,0,20,統一-中壢,2024-04-10,5853
00679B,元大美債20年,21,1,20,統一-中壢,2024-04-10,5853
2208,台船,21,3,18,統一-中壢,2024-04-10,5853
4164,承業醫,20,2,18,統一-中壢,2024-04-10,5853
3287,廣寰科,18,1,17,統一-中壢,2024-04-10,5853
1529,樂事綠能,16,0,16,統一-中壢,2024-04-10,5853
4533,協易機,87,71,16,統一-中壢,2024-04-10,5853
00941,中信上游半導體,15,0,15,統一-中壢,2024-04-10,5853
6213,聯茂,52,37,15,統一-中壢,2024-04-10,5853
8213,志超,15,0,15,統一-中壢,2024-04-10,5853
2014,中鴻,15,1,14,統一-中壢,2024-04-10,5853
5880,合庫金,14,0,14,統一-中壢,2024-04-10,5853
2891,中信金,15,1,14,統一-中壢,2024-04-10,5853
2882,國泰金,14,1,13,統一-中壢,2024-04-10,5853
1301,台塑,15,2,13,統一-中壢,2024-04-10,5853
4958,臻鼎-KY,13,0,13,統一-中壢,2024-04-10,5853
2537,聯上發,12,0,12,統一-中壢,2024-04-10,5853
00673R,期元大S＆P原油反1,11,0,11,統一-中壢,2024-04-10,5853
2509,全坤建,15,4,11,統一-中壢,2024-04-10,5853
2887,台新金,15,5,10,統一-中壢,2024-04-10,5853
2889,國票金,10,0,10,統一-中壢,2024-04-10,5853
4716,大立,10,0,10,統一-中壢,2024-04-10,5853
6177,達麗,10,0,10,統一-中壢,2024-04-10,5853
912000,晨訊科-DR,10,0,10,統一-中壢,2024-04-10,5853
3583,辛耘,14,4,10,統一-中壢,2024-04-10,5853
3704,合勤控,10,0,10,統一-中壢,2024-04-10,5853
1734,杏輝,10,1,9,統一-中壢,2024-04-10,5853
2371,大同,286,52,234,統一-中壢,2024-04-11,5853
00937B,群益ESG投等債20,291,77,214,統一-中壢,2024-04-11,5853
3481,群創,164,19,145,統一-中壢,2024-04-11,5853
8064,東捷,142,1,141,統一-中壢,2024-04-11,5853
8358,金居,138,5,133,統一-中壢,2024-04-11,5853
00941,中信上游半導體,131,20,111,統一-中壢,2024-04-11,5853
00687B,國泰20年美債,109,0,109,統一-中壢,2024-04-11,5853
00715L,期街口布蘭特正2,100,1,99,統一-中壢,2024-04-11,5853
00929,復華台灣科技優息,83,2,81,統一-中壢,2024-04-11,5853
5009,榮剛,74,0,74,統一-中壢,2024-04-11,5853
2545,皇翔,71,2,69,統一-中壢,2024-04-11,5853
00720B,元大投資級公司債,65,0,65,統一-中壢,2024-04-11,5853
2027,大成鋼,58,0,58,統一-中壢,2024-04-11,5853
8096,擎亞,49,1,48,統一-中壢,2024-04-11,5853
1314,中石化,48,3,45,統一-中壢,2024-04-11,5853
8933,愛地雅,43,0,43,統一-中壢,2024-04-11,5853
5871,中租-KY,43,1,42,統一-中壢,2024-04-11,5853
1605,華新,40,1,39,統一-中壢,2024-04-11,5853
00679B,元大美債20年,35,0,35,統一-中壢,2024-04-11,5853
1301,台塑,34,0,34,統一-中壢,2024-04-11,5853
00712,復華富時不動產,38,5,33,統一-中壢,2024-04-11,5853
00772B,中信高評級公司債,31,0,31,統一-中壢,2024-04-11,5853
00688L,國泰20年美債正2,30,0,30,統一-中壢,2024-04-11,5853
2489,瑞軒,30,0,30,統一-中壢,2024-04-11,5853
00939,統一台灣高息動能,31,3,28,統一-中壢,2024-04-11,5853
6438,迅得,23,0,23,統一-中壢,2024-04-11,5853
00933B,國泰10Y+金融債,31,10,21,統一-中壢,2024-04-11,5853
1734,杏輝,21,0,21,統一-中壢,2024-04-11,5853
2376,技嘉,21,0,21,統一-中壢,2024-04-11,5853
2605,新興,24,4,20,統一-中壢,2024-04-11,5853
00635U,期元大S＆P黃金,70,50,20,統一-中壢,2024-04-11,5853
00764B,群益25年美債,20,0,20,統一-中壢,2024-04-11,5853
3535,晶彩科,20,0,20,統一-中壢,2024-04-11,5853
8105,凌巨,20,0,20,統一-中壢,2024-04-11,5853
2354,鴻準,42,22,20,統一-中壢,2024-04-11,5853
3231,緯創,29,10,19,統一-中壢,2024-04-11,5853
00940,元大台灣價值高息,44,25,19,統一-中壢,2024-04-11,5853
00795B,中信美國公債20年,19,0,19,統一-中壢,2024-04-11,5853
00931B,統一美債20年,21,2,19,統一-中壢,2024-04-11,5853
00680L,元大美債20正2,19,0,19,統一-中壢,2024-04-11,5853
2324,仁寶,20,1,19,統一-中壢,2024-04-11,5853
6290,良維,22,3,19,統一-中壢,2024-04-11,5853
1466,聚隆,18,0,18,統一-中壢,2024-04-11,5853
2355,敬鵬,23,5,18,統一-中壢,2024-04-11,5853
6901,鑽石投資,20,2,18,統一-中壢,2024-04-11,5853
6179,亞通,17,0,17,統一-中壢,2024-04-11,5853
2528,皇普,15,0,15,統一-中壢,2024-04-11,5853
3013,晟銘電,43,28,15,統一-中壢,2024-04-11,5853
2014,中鴻,14,0,14,統一-中壢,2024-04-11,5853
2313,華通,19,5,14,統一-中壢,2024-04-11,5853
8358,金居,144,5,139,統一-中壢,2024-04-12,5853
2887,台新金,123,0,123,統一-中壢,2024-04-12,5853
5388,中磊,100,0,100,統一-中壢,2024-04-12,5853
00937B,群益ESG投等債20,94,13,81,統一-中壢,2024-04-12,5853
00687B,國泰20年美債,63,0,63,統一-中壢,2024-04-12,5853
2353,宏��,142,82,60,統一-中壢,2024-04-12,5853
2027,大成鋼,55,0,55,統一-中壢,2024-04-12,5853
00665L,富邦�琤肭磪囓�2,68,17,51,統一-中壢,2024-04-12,5853
2356,英業達,61,11,50,統一-中壢,2024-04-12,5853
00632R,元大台灣50反1,50,0,50,統一-中壢,2024-04-12,5853
2528,皇普,49,0,49,統一-中壢,2024-04-12,5853
00929,復華台灣科技優息,58,11,47,統一-中壢,2024-04-12,5853
00882,中信中國高股息,47,0,47,統一-中壢,2024-04-12,5853
00927,群益半導體收益,61,18,43,統一-中壢,2024-04-12,5853
00720B,元大投資級公司債,34,0,34,統一-中壢,2024-04-12,5853
2409,友達,32,0,32,統一-中壢,2024-04-12,5853
00795B,中信美國公債20年,30,0,30,統一-中壢,2024-04-12,5853
00688L,國泰20年美債正2,30,0,30,統一-中壢,2024-04-12,5853
00941,中信上游半導體,67,37,30,統一-中壢,2024-04-12,5853
6727,亞泰金屬,28,0,28,統一-中壢,2024-04-12,5853
5880,合庫金,26,0,26,統一-中壢,2024-04-12,5853
00635U,期元大S＆P黃金,25,0,25,統一-中壢,2024-04-12,5853
9955,佳龍,25,2,23,統一-中壢,2024-04-12,5853
2897,王道銀行,22,0,22,統一-中壢,2024-04-12,5853
4716,大立,21,0,21,統一-中壢,2024-04-12,5853
00878,國泰永續高股息,28,8,20,統一-中壢,2024-04-12,5853
00936,台新永續高息中小,20,0,20,統一-中壢,2024-04-12,5853
3033,威健,20,0,20,統一-中壢,2024-04-12,5853
1529,樂事綠能,21,2,19,統一-中壢,2024-04-12,5853
1101,台泥,22,4,18,統一-中壢,2024-04-12,5853
3294,英濟,26,8,18,統一-中壢,2024-04-12,5853
2324,仁寶,29,11,18,統一-中壢,2024-04-12,5853
2606,裕民,41,23,18,統一-中壢,2024-04-12,5853
3312,弘憶股,18,0,18,統一-中壢,2024-04-12,5853
3714,富采,18,0,18,統一-中壢,2024-04-12,5853
8112,至上,27,9,18,統一-中壢,2024-04-12,5853
2883,凱基金,19,2,17,統一-中壢,2024-04-12,5853
00679B,元大美債20年,21,5,16,統一-中壢,2024-04-12,5853
1810,和成,16,0,16,統一-中壢,2024-04-12,5853
2618,長榮航,31,16,15,統一-中壢,2024-04-12,5853
2344,華邦電,13,0,13,統一-中壢,2024-04-12,5853
8916,光隆,13,0,13,統一-中壢,2024-04-12,5853
00772B,中信高評級公司債,12,0,12,統一-中壢,2024-04-12,5853
6770,力積電,17,5,12,統一-中壢,2024-04-12,5853
8926,台汽電,12,0,12,統一-中壢,2024-04-12,5853
2363,矽統,74,62,12,統一-中壢,2024-04-12,5853
2382,廣達,16,4,12,統一-中壢,2024-04-12,5853
2303,聯電,15,4,11,統一-中壢,2024-04-12,5853
2352,佳世達,11,0,11,統一-中壢,2024-04-12,5853
3032,偉訓,11,0,11,統一-中壢,2024-04-12,5853
00929,復華台灣科技優息,377,152,225,統一-中壢,2024-04-15,5853
1605,華新,186,38,148,統一-中壢,2024-04-15,5853
00878,國泰永續高股息,98,10,88,統一-中壢,2024-04-15,5853
1504,東元,178,97,81,統一-中壢,2024-04-15,5853
5388,中磊,70,1,69,統一-中壢,2024-04-15,5853
00919,群益台灣精選高息,69,0,69,統一-中壢,2024-04-15,5853
00940,元大台灣價值高息,72,7,65,統一-中壢,2024-04-15,5853
2367,燿華,85,22,63,統一-中壢,2024-04-15,5853
00715L,期街口布蘭特正2,63,5,58,統一-中壢,2024-04-15,5853
3481,群創,45,0,45,統一-中壢,2024-04-15,5853
2303,聯電,54,11,43,統一-中壢,2024-04-15,5853
2002,中鋼,51,8,43,統一-中壢,2024-04-15,5853
2867,三商壽,55,14,41,統一-中壢,2024-04-15,5853
2331,精英,40,2,38,統一-中壢,2024-04-15,5853
3622,洋華,43,6,37,統一-中壢,2024-04-15,5853
2356,英業達,36,3,33,統一-中壢,2024-04-15,5853
3402,漢科,34,4,30,統一-中壢,2024-04-15,5853
1609,大亞,87,58,29,統一-中壢,2024-04-15,5853
3706,神達,39,11,28,統一-中壢,2024-04-15,5853
00891,中信關鍵半導體,27,0,27,統一-中壢,2024-04-15,5853
3294,英濟,29,2,27,統一-中壢,2024-04-15,5853
2371,大同,224,198,26,統一-中壢,2024-04-15,5853
3712,永崴投控,32,6,26,統一-中壢,2024-04-15,5853
00927,群益半導體收益,30,5,25,統一-中壢,2024-04-15,5853
00680L,元大美債20正2,25,0,25,統一-中壢,2024-04-15,5853
6217,中探針,25,1,24,統一-中壢,2024-04-15,5853
1529,樂事綠能,23,0,23,統一-中壢,2024-04-15,5853
2516,新建,21,0,21,統一-中壢,2024-04-15,5853
00941,中信上游半導體,33,13,20,統一-中壢,2024-04-15,5853
1444,力麗,20,0,20,統一-中壢,2024-04-15,5853
6233,旺玖,20,0,20,統一-中壢,2024-04-15,5853
00720B,元大投資級公司債,19,0,19,統一-中壢,2024-04-15,5853
00632R,元大台灣50反1,30,12,18,統一-中壢,2024-04-15,5853
5371,中光電,21,4,17,統一-中壢,2024-04-15,5853
2509,全坤建,16,0,16,統一-中壢,2024-04-15,5853
2883,凱基金,22,6,16,統一-中壢,2024-04-15,5853
00939,統一台灣高息動能,51,35,16,統一-中壢,2024-04-15,5853
0056,元大高股息,20,5,15,統一-中壢,2024-04-15,5853
2382,廣達,15,0,15,統一-中壢,2024-04-15,5853
3231,緯創,19,4,15,統一-中壢,2024-04-15,5853
00753L,中信中國50正2,16,2,14,統一-中壢,2024-04-15,5853
1815,富喬,14,0,14,統一-中壢,2024-04-15,5853
2313,華通,23,9,14,統一-中壢,2024-04-15,5853
2374,佳能,36,22,14,統一-中壢,2024-04-15,5853
3027,盛達,17,4,13,統一-中壢,2024-04-15,5853
4533,協易機,90,77,13,統一-中壢,2024-04-15,5853
6141,柏承,12,0,12,統一-中壢,2024-04-15,5853
8271,宇瞻,14,2,12,統一-中壢,2024-04-15,5853
1608,華榮,25,13,12,統一-中壢,2024-04-15,5853
1514,亞力,25,13,12,統一-中壢,2024-04-15,5853
2867,三商壽,455,6,449,統一-中壢,2024-04-16,5853
00937B,群益ESG投等債20,379,11,368,統一-中壢,2024-04-16,5853
00940,元大台灣價值高息,448,119,329,統一-中壢,2024-04-16,5853
00919,群益台灣精選高息,264,72,192,統一-中壢,2024-04-16,5853
3260,威剛,122,6,116,統一-中壢,2024-04-16,5853
2371,大同,131,30,101,統一-中壢,2024-04-16,5853
00929,復華台灣科技優息,308,211,97,統一-中壢,2024-04-16,5853
2883,凱基金,107,11,96,統一-中壢,2024-04-16,5853
00939,統一台灣高息動能,211,127,84,統一-中壢,2024-04-16,5853
00650L,復華香港正2,70,0,70,統一-中壢,2024-04-16,5853
2887,台新金,63,0,63,統一-中壢,2024-04-16,5853
1314,中石化,61,2,59,統一-中壢,2024-04-16,5853
1605,華新,68,9,59,統一-中壢,2024-04-16,5853
5880,合庫金,55,0,55,統一-中壢,2024-04-16,5853
1513,中興電,73,22,51,統一-中壢,2024-04-16,5853
2102,泰豐,50,0,50,統一-中壢,2024-04-16,5853
2884,玉山金,53,4,49,統一-中壢,2024-04-16,5853
00878,國泰永續高股息,66,17,49,統一-中壢,2024-04-16,5853
2618,長榮航,69,21,48,統一-中壢,2024-04-16,5853
2331,精英,60,12,48,統一-中壢,2024-04-16,5853
1444,力麗,45,0,45,統一-中壢,2024-04-16,5853
2528,皇普,43,0,43,統一-中壢,2024-04-16,5853
2897,王道銀行,42,0,42,統一-中壢,2024-04-16,5853
2303,聯電,50,12,38,統一-中壢,2024-04-16,5853
3481,群創,38,0,38,統一-中壢,2024-04-16,5853
2888,新光金,45,8,37,統一-中壢,2024-04-16,5853
00933B,國泰10Y+金融債,50,14,36,統一-中壢,2024-04-16,5853
2367,燿華,49,14,35,統一-中壢,2024-04-16,5853
8926,台汽電,39,4,35,統一-中壢,2024-04-16,5853
00642U,期元大S＆P石油,33,0,33,統一-中壢,2024-04-16,5853
2834,臺企銀,44,11,33,統一-中壢,2024-04-16,5853
00795B,中信美國公債20年,32,0,32,統一-中壢,2024-04-16,5853
5388,中磊,30,0,30,統一-中壢,2024-04-16,5853
3706,神達,47,17,30,統一-中壢,2024-04-16,5853
2332,友訊,27,0,27,統一-中壢,2024-04-16,5853
4960,誠美材,26,0,26,統一-中壢,2024-04-16,5853
3231,緯創,71,45,26,統一-中壢,2024-04-16,5853
5351,鈺創,25,0,25,統一-中壢,2024-04-16,5853
00751B,元大AAA至A公司債,25,0,25,統一-中壢,2024-04-16,5853
9105,泰金寶-DR,25,0,25,統一-中壢,2024-04-16,5853
2409,友達,23,0,23,統一-中壢,2024-04-16,5853
1101,台泥,33,11,22,統一-中壢,2024-04-16,5853
1609,大亞,67,45,22,統一-中壢,2024-04-16,5853
2481,強茂,24,2,22,統一-中壢,2024-04-16,5853
4526,東台,22,0,22,統一-中壢,2024-04-16,5853
5371,中光電,23,1,22,統一-中壢,2024-04-16,5853
5383,金利,22,0,22,統一-中壢,2024-04-16,5853
5356,協益,20,0,20,統一-中壢,2024-04-16,5853
2882,國泰金,20,1,19,統一-中壢,2024-04-16,5853
2101,南港,20,1,19,統一-中壢,2024-04-16,5853
2409,友達,325,0,325,統一-中壢,2024-04-17,5853
00937B,群益ESG投等債20,328,39,289,統一-中壢,2024-04-17,5853
00929,復華台灣科技優息,283,32,251,統一-中壢,2024-04-17,5853
2344,華邦電,159,2,157,統一-中壢,2024-04-17,5853
5388,中磊,151,0,151,統一-中壢,2024-04-17,5853
00940,元大台灣價值高息,157,12,145,統一-中壢,2024-04-17,5853
00665L,富邦�琤肭磪囓�2,108,12,96,統一-中壢,2024-04-17,5853
0056,元大高股息,86,18,68,統一-中壢,2024-04-17,5853
00857B,永豐20年美公債,71,10,61,統一-中壢,2024-04-17,5853
00679B,元大美債20年,66,6,60,統一-中壢,2024-04-17,5853
00753L,中信中國50正2,48,0,48,統一-中壢,2024-04-17,5853
2618,長榮航,49,2,47,統一-中壢,2024-04-17,5853
3027,盛達,49,3,46,統一-中壢,2024-04-17,5853
00712,復華富時不動產,50,10,40,統一-中壢,2024-04-17,5853
00931B,統一美債20年,42,5,37,統一-中壢,2024-04-17,5853
2883,凱基金,33,0,33,統一-中壢,2024-04-17,5853
00650L,復華香港正2,30,0,30,統一-中壢,2024-04-17,5853
00885,富邦越南,29,0,29,統一-中壢,2024-04-17,5853
00941,中信上游半導體,27,0,27,統一-中壢,2024-04-17,5853
3312,弘憶股,24,1,23,統一-中壢,2024-04-17,5853
3231,緯創,71,49,22,統一-中壢,2024-04-17,5853
3481,群創,20,0,20,統一-中壢,2024-04-17,5853
2887,台新金,20,0,20,統一-中壢,2024-04-17,5853
3576,聯合再生,20,0,20,統一-中壢,2024-04-17,5853
2897,王道銀行,19,0,19,統一-中壢,2024-04-17,5853
00719B,元大美債1-3,17,0,17,統一-中壢,2024-04-17,5853
6770,力積電,32,16,16,統一-中壢,2024-04-17,5853
00720B,元大投資級公司債,20,5,15,統一-中壢,2024-04-17,5853
00713,元大台灣高息低波,15,0,15,統一-中壢,2024-04-17,5853
6274,台燿,19,4,15,統一-中壢,2024-04-17,5853
2884,玉山金,14,0,14,統一-中壢,2024-04-17,5853
00733,富邦臺灣中小,14,0,14,統一-中壢,2024-04-17,5853
3260,威剛,16,2,14,統一-中壢,2024-04-17,5853
3402,漢科,14,0,14,統一-中壢,2024-04-17,5853
00900,富邦特選高股息30,21,8,13,統一-中壢,2024-04-17,5853
1570,力肯,13,0,13,統一-中壢,2024-04-17,5853
2801,彰銀,13,0,13,統一-中壢,2024-04-17,5853
4746,台耀,13,0,13,統一-中壢,2024-04-17,5853
2408,南亞科,12,0,12,統一-中壢,2024-04-17,5853
2038,海光,15,3,12,統一-中壢,2024-04-17,5853
3504,揚明光,12,0,12,統一-中壢,2024-04-17,5853
6244,茂迪,12,0,12,統一-中壢,2024-04-17,5853
00918,大華優利高填息30,11,0,11,統一-中壢,2024-04-17,5853
1810,和成,31,20,11,統一-中壢,2024-04-17,5853
2489,瑞軒,12,1,11,統一-中壢,2024-04-17,5853
2528,皇普,10,0,10,統一-中壢,2024-04-17,5853
3047,訊舟,10,0,10,統一-中壢,2024-04-17,5853
3703,欣陸,10,0,10,統一-中壢,2024-04-17,5853
4306,炎洲,10,0,10,統一-中壢,2024-04-17,5853
4804,大略-KY,10,0,10,統一-中壢,2024-04-17,5853
2409,友達,280,1,279,統一-中壢,2024-04-18,5853
00929,復華台灣科技優息,192,10,182,統一-中壢,2024-04-18,5853
1504,東元,160,30,130,統一-中壢,2024-04-18,5853
2515,中工,108,7,101,統一-中壢,2024-04-18,5853
2371,大同,199,112,87,統一-中壢,2024-04-18,5853
1605,華新,108,46,62,統一-中壢,2024-04-18,5853
5009,榮剛,61,8,53,統一-中壢,2024-04-18,5853
00919,群益台灣精選高息,60,12,48,統一-中壢,2024-04-18,5853
2618,長榮航,73,30,43,統一-中壢,2024-04-18,5853
1815,富喬,41,0,41,統一-中壢,2024-04-18,5853
6275,元山,38,0,38,統一-中壢,2024-04-18,5853
2367,燿華,36,3,33,統一-中壢,2024-04-18,5853
00941,中信上游半導體,30,1,29,統一-中壢,2024-04-18,5853
00940,元大台灣價值高息,47,18,29,統一-中壢,2024-04-18,5853
00937B,群益ESG投等債20,57,31,26,統一-中壢,2024-04-18,5853
0056,元大高股息,50,25,25,統一-中壢,2024-04-18,5853
1108,幸福,25,0,25,統一-中壢,2024-04-18,5853
4956,光鋐,25,2,23,統一-中壢,2024-04-18,5853
5531,鄉林,20,0,20,統一-中壢,2024-04-18,5853
2362,藍天,21,2,19,統一-中壢,2024-04-18,5853
2329,華泰,35,16,19,統一-中壢,2024-04-18,5853
3617,碩天,18,0,18,統一-中壢,2024-04-18,5853
3520,華盈,17,0,17,統一-中壢,2024-04-18,5853
4716,大立,17,1,16,統一-中壢,2024-04-18,5853
6770,力積電,20,5,15,統一-中壢,2024-04-18,5853
1608,華榮,102,87,15,統一-中壢,2024-04-18,5853
2537,聯上發,20,5,15,統一-中壢,2024-04-18,5853
3294,英濟,15,0,15,統一-中壢,2024-04-18,5853
8926,台汽電,15,0,15,統一-中壢,2024-04-18,5853
2374,佳能,23,9,14,統一-中壢,2024-04-18,5853
00885,富邦越南,13,0,13,統一-中壢,2024-04-18,5853
1503,士電,14,1,13,統一-中壢,2024-04-18,5853
1536,和大,13,1,12,統一-中壢,2024-04-18,5853
2356,英業達,36,24,12,統一-中壢,2024-04-18,5853
2412,中華電,12,0,12,統一-中壢,2024-04-18,5853
3545,敦泰,11,0,11,統一-中壢,2024-04-18,5853
3260,威剛,13,3,10,統一-中壢,2024-04-18,5853
00673R,期元大S＆P原油反1,10,0,10,統一-中壢,2024-04-18,5853
2020,美亞,10,0,10,統一-中壢,2024-04-18,5853
2102,泰豐,10,0,10,統一-中壢,2024-04-18,5853
2543,皇昌,14,4,10,統一-中壢,2024-04-18,5853
2607,榮運,10,0,10,統一-中壢,2024-04-18,5853
2610,華航,33,23,10,統一-中壢,2024-04-18,5853
4770,上品,10,0,10,統一-中壢,2024-04-18,5853
9934,成霖,11,1,10,統一-中壢,2024-04-18,5853
2354,鴻準,14,6,8,統一-中壢,2024-04-18,5853
2504,國產,9,1,8,統一-中壢,2024-04-18,5853
6248,沛波,8,0,8,統一-中壢,2024-04-18,5853
6282,康舒,14,6,8,統一-中壢,2024-04-18,5853
00878,國泰永續高股息,21,13,8,統一-中壢,2024-04-18,5853
00929,復華台灣科技優息,367,166,201,統一-中壢,2024-04-19,5853
00919,群益台灣精選高息,213,28,185,統一-中壢,2024-04-19,5853
00939,統一台灣高息動能,298,127,171,統一-中壢,2024-04-19,5853
0056,元大高股息,162,0,162,統一-中壢,2024-04-19,5853
00940,元大台灣價值高息,280,158,122,統一-中壢,2024-04-19,5853
5388,中磊,100,0,100,統一-中壢,2024-04-19,5853
2354,鴻準,89,2,87,統一-中壢,2024-04-19,5853
3437,榮創,70,2,68,統一-中壢,2024-04-19,5853
2515,中工,188,123,65,統一-中壢,2024-04-19,5853
2317,鴻海,96,36,60,統一-中壢,2024-04-19,5853
00937B,群益ESG投等債20,68,9,59,統一-中壢,2024-04-19,5853
4157,太景*-KY,61,2,59,統一-中壢,2024-04-19,5853
1608,華榮,109,52,57,統一-中壢,2024-04-19,5853
6197,佳必琪,58,1,57,統一-中壢,2024-04-19,5853
8926,台汽電,51,0,51,統一-中壢,2024-04-19,5853
2634,漢翔,59,13,46,統一-中壢,2024-04-19,5853
2031,新光鋼,42,0,42,統一-中壢,2024-04-19,5853
00715L,期街口布蘭特正2,47,6,41,統一-中壢,2024-04-19,5853
2610,華航,46,6,40,統一-中壢,2024-04-19,5853
3231,緯創,59,22,37,統一-中壢,2024-04-19,5853
2834,臺企銀,57,21,36,統一-中壢,2024-04-19,5853
1504,東元,72,36,36,統一-中壢,2024-04-19,5853
00941,中信上游半導體,55,20,35,統一-中壢,2024-04-19,5853
1617,榮星,30,0,30,統一-中壢,2024-04-19,5853
2845,遠東銀,30,0,30,統一-中壢,2024-04-19,5853
6613,朋億*,30,2,28,統一-中壢,2024-04-19,5853
2883,凱基金,29,4,25,統一-中壢,2024-04-19,5853
2888,新光金,25,0,25,統一-中壢,2024-04-19,5853
8064,東捷,25,1,24,統一-中壢,2024-04-19,5853
1605,華新,52,30,22,統一-中壢,2024-04-19,5853
1609,大亞,141,119,22,統一-中壢,2024-04-19,5853
9955,佳龍,27,5,22,統一-中壢,2024-04-19,5853
1314,中石化,43,22,21,統一-中壢,2024-04-19,5853
00878,國泰永續高股息,58,38,20,統一-中壢,2024-04-19,5853
1711,永光,20,0,20,統一-中壢,2024-04-19,5853
3374,精材,20,0,20,統一-中壢,2024-04-19,5853
6116,彩晶,20,0,20,統一-中壢,2024-04-19,5853
00753L,中信中國50正2,19,0,19,統一-中壢,2024-04-19,5853
2329,華泰,25,6,19,統一-中壢,2024-04-19,5853
2618,長榮航,37,18,19,統一-中壢,2024-04-19,5853
2887,台新金,20,2,18,統一-中壢,2024-04-19,5853
2881,富邦金,18,0,18,統一-中壢,2024-04-19,5853
9902,台火,30,14,16,統一-中壢,2024-04-19,5853
2885,元大金,15,0,15,統一-中壢,2024-04-19,5853
1503,士電,20,6,14,統一-中壢,2024-04-19,5853
3706,神達,21,7,14,統一-中壢,2024-04-19,5853
6446,藥華藥,14,0,14,統一-中壢,2024-04-19,5853
1101,台泥,27,13,14,統一-中壢,2024-04-19,5853
2409,友達,14,0,14,統一-中壢,2024-04-19,5853
1810,和成,17,4,13,統一-中壢,2024-04-19,5853
1314,中石化,1728,240,1488,統一-中壢,2024-04-22,5853
00929,復華台灣科技優息,412,46,366,統一-中壢,2024-04-22,5853
00940,元大台灣價值高息,229,19,210,統一-中壢,2024-04-22,5853
00939,統一台灣高息動能,211,25,186,統一-中壢,2024-04-22,5853
2313,華通,228,45,183,統一-中壢,2024-04-22,5853
00632R,元大台灣50反1,100,0,100,統一-中壢,2024-04-22,5853
00937B,群益ESG投等債20,99,9,90,統一-中壢,2024-04-22,5853
5009,榮剛,85,12,73,統一-中壢,2024-04-22,5853
2330,台積電,69,3,66,統一-中壢,2024-04-22,5853
3605,宏致,62,0,62,統一-中壢,2024-04-22,5853
2515,中工,75,26,49,統一-中壢,2024-04-22,5853
1455,集盛,44,0,44,統一-中壢,2024-04-22,5853
3231,緯創,50,11,39,統一-中壢,2024-04-22,5853
2538,基泰,40,2,38,統一-中壢,2024-04-22,5853
2547,日勝生,46,10,36,統一-中壢,2024-04-22,5853
1440,南紡,35,0,35,統一-中壢,2024-04-22,5853
2356,英業達,47,18,29,統一-中壢,2024-04-22,5853
8916,光隆,25,0,25,統一-中壢,2024-04-22,5853
00919,群益台灣精選高息,53,28,25,統一-中壢,2024-04-22,5853
6116,彩晶,24,0,24,統一-中壢,2024-04-22,5853
2303,聯電,25,1,24,統一-中壢,2024-04-22,5853
4743,合一,25,2,23,統一-中壢,2024-04-22,5853
3481,群創,51,28,23,統一-中壢,2024-04-22,5853
00878,國泰永續高股息,24,2,22,統一-中壢,2024-04-22,5853
6016,康和證,21,0,21,統一-中壢,2024-04-22,5853
3576,聯合再生,25,4,21,統一-中壢,2024-04-22,5853
2324,仁寶,21,1,20,統一-中壢,2024-04-22,5853
3686,達能,20,1,19,統一-中壢,2024-04-22,5853
2211,長榮鋼,19,2,17,統一-中壢,2024-04-22,5853
3706,神達,23,6,17,統一-中壢,2024-04-22,5853
00720B,元大投資級公司債,17,0,17,統一-中壢,2024-04-22,5853
1609,大亞,90,74,16,統一-中壢,2024-04-22,5853
2014,中鴻,16,0,16,統一-中壢,2024-04-22,5853
2528,皇普,16,0,16,統一-中壢,2024-04-22,5853
5531,鄉林,16,0,16,統一-中壢,2024-04-22,5853
2312,金寶,15,0,15,統一-中壢,2024-04-22,5853
2344,華邦電,17,2,15,統一-中壢,2024-04-22,5853
9904,寶成,14,0,14,統一-中壢,2024-04-22,5853
6188,廣明,13,0,13,統一-中壢,2024-04-22,5853
8155,博智,13,0,13,統一-中壢,2024-04-22,5853
00715L,期街口布蘭特正2,13,0,13,統一-中壢,2024-04-22,5853
3037,欣興,13,0,13,統一-中壢,2024-04-22,5853
2408,南亞科,14,2,12,統一-中壢,2024-04-22,5853
3703,欣陸,31,19,12,統一-中壢,2024-04-22,5853
6177,達麗,15,3,12,統一-中壢,2024-04-22,5853
3596,智易,13,2,11,統一-中壢,2024-04-22,5853
2367,燿華,11,0,11,統一-中壢,2024-04-22,5853
00795B,中信美國公債20年,11,0,11,統一-中壢,2024-04-22,5853
00892,富邦台灣半導體,11,0,11,統一-中壢,2024-04-22,5853
2354,鴻準,12,1,11,統一-中壢,2024-04-22,5853
2101,南港,503,7,496,統一-中壢,2024-04-23,5853
00939,統一台灣高息動能,200,14,186,統一-中壢,2024-04-23,5853
2313,華通,178,14,164,統一-中壢,2024-04-23,5853
00940,元大台灣價值高息,111,14,97,統一-中壢,2024-04-23,5853
2371,大同,141,51,90,統一-中壢,2024-04-23,5853
3044,健鼎,72,2,70,統一-中壢,2024-04-23,5853
2451,創見,52,0,52,統一-中壢,2024-04-23,5853
00885,富邦越南,52,0,52,統一-中壢,2024-04-23,5853
00929,復華台灣科技優息,144,105,39,統一-中壢,2024-04-23,5853
00919,群益台灣精選高息,44,8,36,統一-中壢,2024-04-23,5853
2506,太設,40,10,30,統一-中壢,2024-04-23,5853
6207,雷科,29,0,29,統一-中壢,2024-04-23,5853
5371,中光電,27,0,27,統一-中壢,2024-04-23,5853
1314,中石化,43,17,26,統一-中壢,2024-04-23,5853
2913,農林,23,0,23,統一-中壢,2024-04-23,5853
4726,永昕,22,0,22,統一-中壢,2024-04-23,5853
2303,聯電,22,2,20,統一-中壢,2024-04-23,5853
2546,根基,20,1,19,統一-中壢,2024-04-23,5853
5512,力麒,35,17,18,統一-中壢,2024-04-23,5853
8390,金益鼎,22,4,18,統一-中壢,2024-04-23,5853
2317,鴻海,24,7,17,統一-中壢,2024-04-23,5853
5519,隆大,15,0,15,統一-中壢,2024-04-23,5853
00918,大華優利高填息30,14,0,14,統一-中壢,2024-04-23,5853
2406,國碩,14,0,14,統一-中壢,2024-04-23,5853
00715L,期街口布蘭特正2,18,5,13,統一-中壢,2024-04-23,5853
2504,國產,13,0,13,統一-中壢,2024-04-23,5853
3596,智易,13,0,13,統一-中壢,2024-04-23,5853
1608,華榮,16,4,12,統一-中壢,2024-04-23,5853
1609,大亞,25,13,12,統一-中壢,2024-04-23,5853
2367,燿華,12,1,11,統一-中壢,2024-04-23,5853
9904,寶成,11,0,11,統一-中壢,2024-04-23,5853
1737,臺鹽,10,0,10,統一-中壢,2024-04-23,5853
1808,潤隆,10,0,10,統一-中壢,2024-04-23,5853
2038,海光,10,0,10,統一-中壢,2024-04-23,5853
2440,太空梭,10,0,10,統一-中壢,2024-04-23,5853
2528,皇普,10,0,10,統一-中壢,2024-04-23,5853
2731,雄獅,11,1,10,統一-中壢,2024-04-23,5853
4306,炎洲,20,10,10,統一-中壢,2024-04-23,5853
4526,東台,35,25,10,統一-中壢,2024-04-23,5853
1605,華新,10,1,9,統一-中壢,2024-04-23,5853
6197,佳必琪,9,0,9,統一-中壢,2024-04-23,5853
0056,元大高股息,8,0,8,統一-中壢,2024-04-23,5853
00900,富邦特選高股息30,8,0,8,統一-中壢,2024-04-23,5853
1536,和大,9,1,8,統一-中壢,2024-04-23,5853
2634,漢翔,12,4,8,統一-中壢,2024-04-23,5853
6116,彩晶,10,2,8,統一-中壢,2024-04-23,5853
2301,光寶科,12,5,7,統一-中壢,2024-04-23,5853
1612,宏泰,7,0,7,統一-中壢,2024-04-23,5853
1711,永光,7,0,7,統一-中壢,2024-04-23,5853
3059,華晶科,28,21,7,統一-中壢,2024-04-23,5853
6288,聯嘉,227,12,215,統一-中壢,2024-04-24,5853
00637L,元大滬深300正2,194,9,185,統一-中壢,2024-04-24,5853
3044,健鼎,100,1,99,統一-中壢,2024-04-24,5853
2886,兆豐金,79,0,79,統一-中壢,2024-04-24,5853
3481,群創,96,22,74,統一-中壢,2024-04-24,5853
00900,富邦特選高股息30,66,0,66,統一-中壢,2024-04-24,5853
00878,國泰永續高股息,63,1,62,統一-中壢,2024-04-24,5853
5512,力麒,79,20,59,統一-中壢,2024-04-24,5853
00930,永豐ESG低碳高息,52,0,52,統一-中壢,2024-04-24,5853
2323,中環,50,0,50,統一-中壢,2024-04-24,5853
00891,中信關鍵半導體,60,12,48,統一-中壢,2024-04-24,5853
3703,欣陸,47,3,44,統一-中壢,2024-04-24,5853
3706,神達,78,37,41,統一-中壢,2024-04-24,5853
5371,中光電,42,6,36,統一-中壢,2024-04-24,5853
006208,富邦台50,31,0,31,統一-中壢,2024-04-24,5853
2303,聯電,49,21,28,統一-中壢,2024-04-24,5853
00679B,元大美債20年,27,0,27,統一-中壢,2024-04-24,5853
00850,元大臺灣ESG永續,26,0,26,統一-中壢,2024-04-24,5853
2545,皇翔,26,0,26,統一-中壢,2024-04-24,5853
00680L,元大美債20正2,25,0,25,統一-中壢,2024-04-24,5853
00687B,國泰20年美債,24,0,24,統一-中壢,2024-04-24,5853
0056,元大高股息,29,6,23,統一-中壢,2024-04-24,5853
3266,昇陽,21,0,21,統一-中壢,2024-04-24,5853
00673R,期元大S＆P原油反1,20,0,20,統一-中壢,2024-04-24,5853
1737,臺鹽,20,0,20,統一-中壢,2024-04-24,5853
2634,漢翔,21,1,20,統一-中壢,2024-04-24,5853
00720B,元大投資級公司債,15,0,15,統一-中壢,2024-04-24,5853
00937B,群益ESG投等債20,15,0,15,統一-中壢,2024-04-24,5853
2105,正新,15,0,15,統一-中壢,2024-04-24,5853
2329,華泰,23,8,15,統一-中壢,2024-04-24,5853
5880,合庫金,20,5,15,統一-中壢,2024-04-24,5853
9934,成霖,16,1,15,統一-中壢,2024-04-24,5853
2409,友達,15,0,15,統一-中壢,2024-04-24,5853
2528,皇普,14,0,14,統一-中壢,2024-04-24,5853
4306,炎洲,15,1,14,統一-中壢,2024-04-24,5853
1101,台泥,18,5,13,統一-中壢,2024-04-24,5853
2353,宏��,16,4,12,統一-中壢,2024-04-24,5853
00927,群益半導體收益,13,1,12,統一-中壢,2024-04-24,5853
3686,達能,12,0,12,統一-中壢,2024-04-24,5853
00795B,中信美國公債20年,11,0,11,統一-中壢,2024-04-24,5853
8926,台汽電,16,5,11,統一-中壢,2024-04-24,5853
8936,國統,17,6,11,統一-中壢,2024-04-24,5853
00740B,富邦全球投等債,10,0,10,統一-中壢,2024-04-24,5853
3221,台嘉碩,10,0,10,統一-中壢,2024-04-24,5853
6016,康和證,10,0,10,統一-中壢,2024-04-24,5853
6126,信音,10,0,10,統一-中壢,2024-04-24,5853
6148,驊宏資,10,0,10,統一-中壢,2024-04-24,5853
8431,匯鑽科,10,0,10,統一-中壢,2024-04-24,5853
2388,威盛,10,1,9,統一-中壢,2024-04-24,5853
3622,洋華,11,2,9,統一-中壢,2024-04-24,5853
00937B,群益ESG投等債20,80,0,80,統一-中壢,2024-04-25,5853
00878,國泰永續高股息,82,5,77,統一-中壢,2024-04-25,5853
00929,復華台灣科技優息,72,10,62,統一-中壢,2024-04-25,5853
00939,統一台灣高息動能,75,13,62,統一-中壢,2024-04-25,5853
0056,元大高股息,60,1,59,統一-中壢,2024-04-25,5853
00919,群益台灣精選高息,57,0,57,統一-中壢,2024-04-25,5853
00940,元大台灣價值高息,66,10,56,統一-中壢,2024-04-25,5853
6288,聯嘉,50,0,50,統一-中壢,2024-04-25,5853
2317,鴻海,69,21,48,統一-中壢,2024-04-25,5853
00687B,國泰20年美債,45,0,45,統一-中壢,2024-04-25,5853
1584,精剛,40,0,40,統一-中壢,2024-04-25,5853
2002,中鋼,40,1,39,統一-中壢,2024-04-25,5853
00795B,中信美國公債20年,31,0,31,統一-中壢,2024-04-25,5853
1810,和成,30,0,30,統一-中壢,2024-04-25,5853
2845,遠東銀,30,0,30,統一-中壢,2024-04-25,5853
4716,大立,36,6,30,統一-中壢,2024-04-25,5853
00931B,統一美債20年,27,0,27,統一-中壢,2024-04-25,5853
5880,合庫金,26,0,26,統一-中壢,2024-04-25,5853
00679B,元大美債20年,25,2,23,統一-中壢,2024-04-25,5853
2356,英業達,28,7,21,統一-中壢,2024-04-25,5853
2387,精元,21,0,21,統一-中壢,2024-04-25,5853
2506,太設,21,0,21,統一-中壢,2024-04-25,5853
3047,訊舟,20,0,20,統一-中壢,2024-04-25,5853
2501,國建,34,15,19,統一-中壢,2024-04-25,5853
3707,漢磊,20,2,18,統一-中壢,2024-04-25,5853
2367,燿華,25,8,17,統一-中壢,2024-04-25,5853
2313,華通,65,49,16,統一-中壢,2024-04-25,5853
9934,成霖,17,1,16,統一-中壢,2024-04-25,5853
00680L,元大美債20正2,60,45,15,統一-中壢,2024-04-25,5853
6770,力積電,15,1,14,統一-中壢,2024-04-25,5853
3596,智易,13,0,13,統一-中壢,2024-04-25,5853
2820,華票,12,0,12,統一-中壢,2024-04-25,5853
5522,遠雄,16,4,12,統一-中壢,2024-04-25,5853
00720B,元大投資級公司債,11,0,11,統一-中壢,2024-04-25,5853
2374,佳能,14,3,11,統一-中壢,2024-04-25,5853
5403,中菲,11,0,11,統一-中壢,2024-04-25,5853
1316,上曜,12,2,10,統一-中壢,2024-04-25,5853
1737,臺鹽,10,0,10,統一-中壢,2024-04-25,5853
2539,櫻花建,10,0,10,統一-中壢,2024-04-25,5853
2637,慧洋-KY,10,0,10,統一-中壢,2024-04-25,5853
3265,台星科,10,0,10,統一-中壢,2024-04-25,5853
5225,東科-KY,10,0,10,統一-中壢,2024-04-25,5853
00751B,元大AAA至A公司債,9,0,9,統一-中壢,2024-04-25,5853
00891,中信關鍵半導體,9,0,9,統一-中壢,2024-04-25,5853
8926,台汽電,21,12,9,統一-中壢,2024-04-25,5853
8936,國統,15,6,9,統一-中壢,2024-04-25,5853
1618,合機,11,3,8,統一-中壢,2024-04-25,5853
2009,第一銅,8,0,8,統一-中壢,2024-04-25,5853
2745,五福,8,0,8,統一-中壢,2024-04-25,5853
3512,皇龍,8,0,8,統一-中壢,2024-04-25,5853
00937B,群益ESG投等債20,98,1,97,統一-中壢,2024-04-26,5853
2371,大同,116,55,61,統一-中壢,2024-04-26,5853
3044,健鼎,60,20,40,統一-中壢,2024-04-26,5853
2545,皇翔,39,0,39,統一-中壢,2024-04-26,5853
2363,矽統,43,4,39,統一-中壢,2024-04-26,5853
00795B,中信美國公債20年,36,0,36,統一-中壢,2024-04-26,5853
5465,富驊,36,0,36,統一-中壢,2024-04-26,5853
00679B,元大美債20年,33,0,33,統一-中壢,2024-04-26,5853
2641,正德,28,0,28,統一-中壢,2024-04-26,5853
1810,和成,25,0,25,統一-中壢,2024-04-26,5853
00772B,中信高評級公司債,22,0,22,統一-中壢,2024-04-26,5853
1529,樂事綠能,20,0,20,統一-中壢,2024-04-26,5853
2010,春源,20,0,20,統一-中壢,2024-04-26,5853
2883,凱基金,20,0,20,統一-中壢,2024-04-26,5853
4903,聯光通,20,0,20,統一-中壢,2024-04-26,5853
6190,萬泰科,20,2,18,統一-中壢,2024-04-26,5853
2486,一詮,43,28,15,統一-中壢,2024-04-26,5853
3587,閎康,15,0,15,統一-中壢,2024-04-26,5853
5364,力麗店,13,0,13,統一-中壢,2024-04-26,5853
1101,台泥,13,1,12,統一-中壢,2024-04-26,5853
00751B,元大AAA至A公司債,12,0,12,統一-中壢,2024-04-26,5853
1718,中纖,12,0,12,統一-中壢,2024-04-26,5853
8096,擎亞,12,0,12,統一-中壢,2024-04-26,5853
00933B,國泰10Y+金融債,13,2,11,統一-中壢,2024-04-26,5853
6166,凌華,12,1,11,統一-中壢,2024-04-26,5853
00720B,元大投資級公司債,10,0,10,統一-中壢,2024-04-26,5853
00764B,群益25年美債,10,0,10,統一-中壢,2024-04-26,5853
00665L,富邦�琤肭磪囓�2,11,1,10,統一-中壢,2024-04-26,5853
00690,兆豐藍籌30,10,0,10,統一-中壢,2024-04-26,5853
00688L,國泰20年美債正2,10,0,10,統一-中壢,2024-04-26,5853
2208,台船,10,0,10,統一-中壢,2024-04-26,5853
4952,凌通,10,0,10,統一-中壢,2024-04-26,5853
5880,合庫金,10,0,10,統一-中壢,2024-04-26,5853
6517,保勝光學,10,0,10,統一-中壢,2024-04-26,5853
8088,品安,10,0,10,統一-中壢,2024-04-26,5853
2406,國碩,9,0,9,統一-中壢,2024-04-26,5853
2516,新建,9,0,9,統一-中壢,2024-04-26,5853
2615,萬海,27,18,9,統一-中壢,2024-04-26,5853
3035,智原,15,7,8,統一-中壢,2024-04-26,5853
00940,元大台灣價值高息,35,27,8,統一-中壢,2024-04-26,5853
1326,台化,8,0,8,統一-中壢,2024-04-26,5853
2354,鴻準,13,5,8,統一-中壢,2024-04-26,5853
2356,英業達,19,11,8,統一-中壢,2024-04-26,5853
2484,希華,8,0,8,統一-中壢,2024-04-26,5853
3024,憶聲,8,0,8,統一-中壢,2024-04-26,5853
4402,郡都開發,8,0,8,統一-中壢,2024-04-26,5853
8070,長華*,8,0,8,統一-中壢,2024-04-26,5853
8213,志超,8,0,8,統一-中壢,2024-04-26,5853
3013,晟銘電,16,9,7,統一-中壢,2024-04-26,5853
3715,定穎投控,12,5,7,統一-中壢,2024-04-26,5853
00929,復華台灣科技優息,1156,19,1137,統一-中壢,2024-04-29,5853
00665L,富邦�琤肭磪囓�2,190,13,177,統一-中壢,2024-04-29,5853
2913,農林,184,11,173,統一-中壢,2024-04-29,5853
00941,中信上游半導體,177,4,173,統一-中壢,2024-04-29,5853
2515,中工,171,20,151,統一-中壢,2024-04-29,5853
2313,華通,147,43,104,統一-中壢,2024-04-29,5853
6016,康和證,51,2,49,統一-中壢,2024-04-29,5853
00650L,復華香港正2,50,5,45,統一-中壢,2024-04-29,5853
6207,雷科,45,0,45,統一-中壢,2024-04-29,5853
2618,長榮航,198,161,37,統一-中壢,2024-04-29,5853
00753L,中信中國50正2,61,24,37,統一-中壢,2024-04-29,5853
2323,中環,50,20,30,統一-中壢,2024-04-29,5853
2363,矽統,57,27,30,統一-中壢,2024-04-29,5853
2545,皇翔,30,5,25,統一-中壢,2024-04-29,5853
4906,正文,24,1,23,統一-中壢,2024-04-29,5853
4513,福裕,22,0,22,統一-中壢,2024-04-29,5853
6190,萬泰科,21,0,21,統一-中壢,2024-04-29,5853
2359,所羅門,40,19,21,統一-中壢,2024-04-29,5853
00919,群益台灣精選高息,23,2,21,統一-中壢,2024-04-29,5853
00725B,國泰投資級公司債,20,0,20,統一-中壢,2024-04-29,5853
3266,昇陽,20,1,19,統一-中壢,2024-04-29,5853
00937B,群益ESG投等債20,16,0,16,統一-中壢,2024-04-29,5853
1810,和成,34,19,15,統一-中壢,2024-04-29,5853
2511,太子,38,23,15,統一-中壢,2024-04-29,5853
3380,明泰,15,0,15,統一-中壢,2024-04-29,5853
6143,振曜,14,0,14,統一-中壢,2024-04-29,5853
2547,日勝生,16,3,13,統一-中壢,2024-04-29,5853
1587,吉茂,15,3,12,統一-中壢,2024-04-29,5853
1442,名軒,12,0,12,統一-中壢,2024-04-29,5853
2705,六福,12,0,12,統一-中壢,2024-04-29,5853
3346,麗清,12,0,12,統一-中壢,2024-04-29,5853
00857B,永豐20年美公債,11,0,11,統一-中壢,2024-04-29,5853
2736,富野,13,2,11,統一-中壢,2024-04-29,5853
1336,台翰,10,0,10,統一-中壢,2024-04-29,5853
1532,勤美,15,5,10,統一-中壢,2024-04-29,5853
2031,新光鋼,10,0,10,統一-中壢,2024-04-29,5853
2402,毅嘉,10,0,10,統一-中壢,2024-04-29,5853
2405,輔信,10,0,10,統一-中壢,2024-04-29,5853
3712,永崴投控,10,0,10,統一-中壢,2024-04-29,5853
6288,聯嘉,10,0,10,統一-中壢,2024-04-29,5853
9938,百和,12,2,10,統一-中壢,2024-04-29,5853
2739,寒舍,18,8,10,統一-中壢,2024-04-29,5853
2641,正德,23,14,9,統一-中壢,2024-04-29,5853
2514,龍邦,8,0,8,統一-中壢,2024-04-29,5853
4532,瑞智,8,0,8,統一-中壢,2024-04-29,5853
9902,台火,9,1,8,統一-中壢,2024-04-29,5853
2645,長榮航太,9,1,8,統一-中壢,2024-04-29,5853
2442,新美齊,10,3,7,統一-中壢,2024-04-29,5853
2520,冠德,9,2,7,統一-中壢,2024-04-29,5853
2609,陽明,43,36,7,統一-中壢,2024-04-29,5853
2371,大同,217,5,212,統一-中壢,2024-04-30,5853
00929,復華台灣科技優息,190,13,177,統一-中壢,2024-04-30,5853
2913,農林,126,22,104,統一-中壢,2024-04-30,5853
00632R,元大台灣50反1,116,17,99,統一-中壢,2024-04-30,5853
00937B,群益ESG投等債20,94,0,94,統一-中壢,2024-04-30,5853
1810,和成,57,7,50,統一-中壢,2024-04-30,5853
00940,元大台灣價值高息,59,9,50,統一-中壢,2024-04-30,5853
00753L,中信中國50正2,42,1,41,統一-中壢,2024-04-30,5853
00679B,元大美債20年,50,10,40,統一-中壢,2024-04-30,5853
3033,威健,31,0,31,統一-中壢,2024-04-30,5853
2317,鴻海,53,24,29,統一-中壢,2024-04-30,5853
3049,精金,24,0,24,統一-中壢,2024-04-30,5853
00919,群益台灣精選高息,21,0,21,統一-中壢,2024-04-30,5853
00713,元大台灣高息低波,20,0,20,統一-中壢,2024-04-30,5853
5880,合庫金,17,0,17,統一-中壢,2024-04-30,5853
2101,南港,25,9,16,統一-中壢,2024-04-30,5853
2464,盟立,16,0,16,統一-中壢,2024-04-30,5853
6264,富裔,16,1,15,統一-中壢,2024-04-30,5853
2354,鴻準,14,0,14,統一-中壢,2024-04-30,5853
00933B,國泰10Y+金融債,15,2,13,統一-中壢,2024-04-30,5853
2610,華航,20,7,13,統一-中壢,2024-04-30,5853
00687B,國泰20年美債,21,10,11,統一-中壢,2024-04-30,5853
2611,志信,19,8,11,統一-中壢,2024-04-30,5853
5439,高技,11,0,11,統一-中壢,2024-04-30,5853
1605,華新,10,0,10,統一-中壢,2024-04-30,5853
1718,中纖,20,10,10,統一-中壢,2024-04-30,5853
3041,揚智,10,0,10,統一-中壢,2024-04-30,5853
6276,安鈦克,10,0,10,統一-中壢,2024-04-30,5853
6449,鈺邦,20,10,10,統一-中壢,2024-04-30,5853
6547,高端疫苗,10,0,10,統一-中壢,2024-04-30,5853
2303,聯電,23,13,10,統一-中壢,2024-04-30,5853
2885,元大金,10,1,9,統一-中壢,2024-04-30,5853
2516,新建,9,0,9,統一-中壢,2024-04-30,5853
5371,中光電,15,6,9,統一-中壢,2024-04-30,5853
8096,擎亞,18,9,9,統一-中壢,2024-04-30,5853
2812,台中銀,10,1,9,統一-中壢,2024-04-30,5853
00939,統一台灣高息動能,13,5,8,統一-中壢,2024-04-30,5853
2606,裕民,8,0,8,統一-中壢,2024-04-30,5853
2323,中環,27,19,8,統一-中壢,2024-04-30,5853
2455,全新,8,0,8,統一-中壢,2024-04-30,5853
4909,新復興,8,0,8,統一-中壢,2024-04-30,5853
2880,華南金,9,2,7,統一-中壢,2024-04-30,5853
2231,為升,7,0,7,統一-中壢,2024-04-30,5853
2374,佳能,13,6,7,統一-中壢,2024-04-30,5853
2427,三商電,11,4,7,統一-中壢,2024-04-30,5853
6770,力積電,14,7,7,統一-中壢,2024-04-30,5853
2486,一詮,12,5,7,統一-中壢,2024-04-30,5853
2449,京元電子,7,1,6,統一-中壢,2024-04-30,5853
00715L,期街口布蘭特正2,6,0,6,統一-中壢,2024-04-30,5853
1316,上曜,17,11,6,統一-中壢,2024-04-30,5853
6257,矽格,214,16,198,統一-中壢,2024-05-02,5853
00632R,元大台灣50反1,152,50,102,統一-中壢,2024-05-02,5853
00878,國泰永續高股息,94,14,80,統一-中壢,2024-05-02,5853
2891,中信金,77,13,64,統一-中壢,2024-05-02,5853
6213,聯茂,60,0,60,統一-中壢,2024-05-02,5853
00937B,群益ESG投等債20,58,0,58,統一-中壢,2024-05-02,5853
3481,群創,51,1,50,統一-中壢,2024-05-02,5853
5324,士開,44,0,44,統一-中壢,2024-05-02,5853
00929,復華台灣科技優息,139,95,44,統一-中壢,2024-05-02,5853
1314,中石化,119,82,37,統一-中壢,2024-05-02,5853
00940,元大台灣價值高息,40,6,34,統一-中壢,2024-05-02,5853
2371,大同,52,21,31,統一-中壢,2024-05-02,5853
00715L,期街口布蘭特正2,29,0,29,統一-中壢,2024-05-02,5853
2501,國建,53,27,26,統一-中壢,2024-05-02,5853
2324,仁寶,22,0,22,統一-中壢,2024-05-02,5853
5533,皇鼎,20,0,20,統一-中壢,2024-05-02,5853
5515,建國,20,1,19,統一-中壢,2024-05-02,5853
00919,群益台灣精選高息,21,4,17,統一-中壢,2024-05-02,5853
6177,達麗,22,5,17,統一-中壢,2024-05-02,5853
00679B,元大美債20年,16,0,16,統一-中壢,2024-05-02,5853
2303,聯電,18,3,15,統一-中壢,2024-05-02,5853
1453,大將,27,13,14,統一-中壢,2024-05-02,5853
2834,臺企銀,41,27,14,統一-中壢,2024-05-02,5853
6005,群益證,15,2,13,統一-中壢,2024-05-02,5853
2547,日勝生,21,9,12,統一-中壢,2024-05-02,5853
6449,鈺邦,20,8,12,統一-中壢,2024-05-02,5853
2006,東和鋼鐵,11,0,11,統一-中壢,2024-05-02,5853
2354,鴻準,11,1,10,統一-中壢,2024-05-02,5853
00927,群益半導體收益,10,0,10,統一-中壢,2024-05-02,5853
00690,兆豐藍籌30,10,0,10,統一-中壢,2024-05-02,5853
1605,華新,11,1,10,統一-中壢,2024-05-02,5853
1718,中纖,20,10,10,統一-中壢,2024-05-02,5853
2101,南港,19,9,10,統一-中壢,2024-05-02,5853
2515,中工,27,17,10,統一-中壢,2024-05-02,5853
2836,高雄銀,10,0,10,統一-中壢,2024-05-02,5853
2838,聯邦銀,10,0,10,統一-中壢,2024-05-02,5853
5536,聖暉*,10,0,10,統一-中壢,2024-05-02,5853
6217,中探針,21,11,10,統一-中壢,2024-05-02,5853
2889,國票金,10,0,10,統一-中壢,2024-05-02,5853
2409,友達,27,18,9,統一-中壢,2024-05-02,5853
2330,台積電,11,2,9,統一-中壢,2024-05-02,5853
1616,億泰,9,0,9,統一-中壢,2024-05-02,5853
2301,光寶科,12,3,9,統一-中壢,2024-05-02,5853
2464,盟立,9,0,9,統一-中壢,2024-05-02,5853
2809,京城銀,9,0,9,統一-中壢,2024-05-02,5853
6264,富裔,10,1,9,統一-中壢,2024-05-02,5853
3289,宜特,10,1,9,統一-中壢,2024-05-02,5853
1519,華城,14,6,8,統一-中壢,2024-05-02,5853
1808,潤隆,19,11,8,統一-中壢,2024-05-02,5853
2313,華通,9,1,8,統一-中壢,2024-05-02,5853
00929,復華台灣科技優息,273,32,241,統一-中壢,2024-05-03,5853
6257,矽格,220,2,218,統一-中壢,2024-05-03,5853
00939,統一台灣高息動能,165,2,163,統一-中壢,2024-05-03,5853
00937B,群益ESG投等債20,333,202,131,統一-中壢,2024-05-03,5853
6016,康和證,134,5,129,統一-中壢,2024-05-03,5853
00679B,元大美債20年,62,0,62,統一-中壢,2024-05-03,5853
6026,福邦證,61,0,61,統一-中壢,2024-05-03,5853
2451,創見,53,0,53,統一-中壢,2024-05-03,5853
00878,國泰永續高股息,52,0,52,統一-中壢,2024-05-03,5853
3264,欣銓,44,0,44,統一-中壢,2024-05-03,5853
3289,宜特,44,1,43,統一-中壢,2024-05-03,5853
3481,群創,46,4,42,統一-中壢,2024-05-03,5853
3231,緯創,55,16,39,統一-中壢,2024-05-03,5853
00665L,富邦�琤肭磪囓�2,145,109,36,統一-中壢,2024-05-03,5853
9945,潤泰新,79,44,35,統一-中壢,2024-05-03,5853
00753L,中信中國50正2,80,47,33,統一-中壢,2024-05-03,5853
00940,元大台灣價值高息,54,22,32,統一-中壢,2024-05-03,5853
1810,和成,31,1,30,統一-中壢,2024-05-03,5853
00891,中信關鍵半導體,29,0,29,統一-中壢,2024-05-03,5853
2891,中信金,43,15,28,統一-中壢,2024-05-03,5853
5533,皇鼎,30,3,27,統一-中壢,2024-05-03,5853
00930,永豐ESG低碳高息,25,0,25,統一-中壢,2024-05-03,5853
00715L,期街口布蘭特正2,25,0,25,統一-中壢,2024-05-03,5853
00936,台新永續高息中小,25,0,25,統一-中壢,2024-05-03,5853
2834,臺企銀,33,8,25,統一-中壢,2024-05-03,5853
8210,勤誠,27,3,24,統一-中壢,2024-05-03,5853
2353,宏��,38,17,21,統一-中壢,2024-05-03,5853
00688L,國泰20年美債正2,20,0,20,統一-中壢,2024-05-03,5853
1614,三洋電,20,0,20,統一-中壢,2024-05-03,5853
2545,皇翔,21,1,20,統一-中壢,2024-05-03,5853
5531,鄉林,42,22,20,統一-中壢,2024-05-03,5853
5880,合庫金,20,1,19,統一-中壢,2024-05-03,5853
2603,長榮,19,0,19,統一-中壢,2024-05-03,5853
8088,品安,21,2,19,統一-中壢,2024-05-03,5853
2511,太子,30,11,19,統一-中壢,2024-05-03,5853
2354,鴻準,20,3,17,統一-中壢,2024-05-03,5853
00713,元大台灣高息低波,16,0,16,統一-中壢,2024-05-03,5853
6770,力積電,62,46,16,統一-中壢,2024-05-03,5853
1514,亞力,17,2,15,統一-中壢,2024-05-03,5853
1440,南紡,15,1,14,統一-中壢,2024-05-03,5853
5371,中光電,20,7,13,統一-中壢,2024-05-03,5853
4716,大立,13,0,13,統一-中壢,2024-05-03,5853
2634,漢翔,12,0,12,統一-中壢,2024-05-03,5853
00795B,中信美國公債20年,12,0,12,統一-中壢,2024-05-03,5853
3715,定穎投控,15,3,12,統一-中壢,2024-05-03,5853
2609,陽明,45,34,11,統一-中壢,2024-05-03,5853
00632R,元大台灣50反1,20,9,11,統一-中壢,2024-05-03,5853
1532,勤美,12,1,11,統一-中壢,2024-05-03,5853
3313,斐成,11,0,11,統一-中壢,2024-05-03,5853
4526,東台,12,1,11,統一-中壢,2024-05-03,5853
00673R,期元大S＆P原油反1,410,0,410,統一-中壢,2024-05-06,5853
00753L,中信中國50正2,248,5,243,統一-中壢,2024-05-06,5853
00632R,元大台灣50反1,100,6,94,統一-中壢,2024-05-06,5853
00937B,群益ESG投等債20,74,6,68,統一-中壢,2024-05-06,5853
2353,宏��,118,50,68,統一-中壢,2024-05-06,5853
2363,矽統,76,10,66,統一-中壢,2024-05-06,5853
1440,南紡,69,11,58,統一-中壢,2024-05-06,5853
2889,國票金,56,4,52,統一-中壢,2024-05-06,5853
6257,矽格,50,0,50,統一-中壢,2024-05-06,5853
2449,京元電子,51,2,49,統一-中壢,2024-05-06,5853
00929,復華台灣科技優息,61,13,48,統一-中壢,2024-05-06,5853
1605,華新,48,0,48,統一-中壢,2024-05-06,5853
3624,光頡,46,0,46,統一-中壢,2024-05-06,5853
2371,大同,61,16,45,統一-中壢,2024-05-06,5853
2331,精英,45,0,45,統一-中壢,2024-05-06,5853
4303,信立,46,2,44,統一-中壢,2024-05-06,5853
6770,力積電,52,12,40,統一-中壢,2024-05-06,5853
2367,燿華,49,13,36,統一-中壢,2024-05-06,5853
9933,中鼎,35,0,35,統一-中壢,2024-05-06,5853
00878,國泰永續高股息,40,8,32,統一-中壢,2024-05-06,5853
2313,華通,27,2,25,統一-中壢,2024-05-06,5853
2328,廣宇,27,4,23,統一-中壢,2024-05-06,5853
5519,隆大,26,5,21,統一-中壢,2024-05-06,5853
5607,遠雄港,21,0,21,統一-中壢,2024-05-06,5853
00891,中信關鍵半導體,22,2,20,統一-中壢,2024-05-06,5853
00945B,凱基美國非投等債,20,0,20,統一-中壢,2024-05-06,5853
2464,盟立,21,1,20,統一-中壢,2024-05-06,5853
2520,冠德,27,7,20,統一-中壢,2024-05-06,5853
00720B,元大投資級公司債,20,1,19,統一-中壢,2024-05-06,5853
00679B,元大美債20年,25,6,19,統一-中壢,2024-05-06,5853
2887,台新金,28,9,19,統一-中壢,2024-05-06,5853
2356,英業達,17,0,17,統一-中壢,2024-05-06,5853
3236,千如,17,2,15,統一-中壢,2024-05-06,5853
2387,精元,13,0,13,統一-中壢,2024-05-06,5853
3033,威健,19,6,13,統一-中壢,2024-05-06,5853
3017,奇鋐,40,28,12,統一-中壢,2024-05-06,5853
00680L,元大美債20正2,12,0,12,統一-中壢,2024-05-06,5853
00642U,期元大S＆P石油,12,0,12,統一-中壢,2024-05-06,5853
00751B,元大AAA至A公司債,12,0,12,統一-中壢,2024-05-06,5853
2545,皇翔,27,15,12,統一-中壢,2024-05-06,5853
1810,和成,11,0,11,統一-中壢,2024-05-06,5853
2354,鴻準,20,9,11,統一-中壢,2024-05-06,5853
2809,京城銀,11,0,11,統一-中壢,2024-05-06,5853
2906,高林,15,4,11,統一-中壢,2024-05-06,5853
2501,國建,26,16,10,統一-中壢,2024-05-06,5853
00786B,元大10年IG銀行債,10,0,10,統一-中壢,2024-05-06,5853
2323,中環,10,0,10,統一-中壢,2024-05-06,5853
3264,欣銓,10,0,10,統一-中壢,2024-05-06,5853
3687,歐買尬,10,0,10,統一-中壢,2024-05-06,5853
5533,皇鼎,10,0,10,統一-中壢,2024-05-06,5853
4967,十銓,2002,6,1996,統一-中壢,2024-05-07,5853
00637L,元大滬深300正2,315,30,285,統一-中壢,2024-05-07,5853
00940,元大台灣價值高息,268,5,263,統一-中壢,2024-05-07,5853
00929,復華台灣科技優息,242,18,224,統一-中壢,2024-05-07,5853
00680L,元大美債20正2,201,0,201,統一-中壢,2024-05-07,5853
00937B,群益ESG投等債20,208,46,162,統一-中壢,2024-05-07,5853
2486,一詮,155,8,147,統一-中壢,2024-05-07,5853
1440,南紡,112,1,111,統一-中壢,2024-05-07,5853
2409,友達,111,0,111,統一-中壢,2024-05-07,5853
3481,群創,93,11,82,統一-中壢,2024-05-07,5853
00878,國泰永續高股息,106,25,81,統一-中壢,2024-05-07,5853
5871,中租-KY,73,0,73,統一-中壢,2024-05-07,5853
6257,矽格,61,2,59,統一-中壢,2024-05-07,5853
2845,遠東銀,50,0,50,統一-中壢,2024-05-07,5853
2889,國票金,53,6,47,統一-中壢,2024-05-07,5853
8096,擎亞,52,11,41,統一-中壢,2024-05-07,5853
1815,富喬,36,5,31,統一-中壢,2024-05-07,5853
00939,統一台灣高息動能,36,7,29,統一-中壢,2024-05-07,5853
2515,中工,61,34,27,統一-中壢,2024-05-07,5853
3231,緯創,34,9,25,統一-中壢,2024-05-07,5853
1608,華榮,33,9,24,統一-中壢,2024-05-07,5853
2317,鴻海,49,25,24,統一-中壢,2024-05-07,5853
6770,力積電,29,6,23,統一-中壢,2024-05-07,5853
5519,隆大,20,0,20,統一-中壢,2024-05-07,5853
6449,鈺邦,20,0,20,統一-中壢,2024-05-07,5853
2101,南港,36,18,18,統一-中壢,2024-05-07,5853
3706,神達,26,8,18,統一-中壢,2024-05-07,5853
00753L,中信中國50正2,25,8,17,統一-中壢,2024-05-07,5853
2206,三陽工業,24,7,17,統一-中壢,2024-05-07,5853
8121,越峰,17,0,17,統一-中壢,2024-05-07,5853
1582,信錦,22,6,16,統一-中壢,2024-05-07,5853
2481,強茂,16,0,16,統一-中壢,2024-05-07,5853
6125,廣運,18,3,15,統一-中壢,2024-05-07,5853
2801,彰銀,15,0,15,統一-中壢,2024-05-07,5853
3260,威剛,42,27,15,統一-中壢,2024-05-07,5853
2344,華邦電,17,4,13,統一-中壢,2024-05-07,5853
2328,廣宇,12,0,12,統一-中壢,2024-05-07,5853
2834,臺企銀,22,10,12,統一-中壢,2024-05-07,5853
8916,光隆,12,0,12,統一-中壢,2024-05-07,5853
1513,中興電,15,3,12,統一-中壢,2024-05-07,5853
00715L,期街口布蘭特正2,12,1,11,統一-中壢,2024-05-07,5853
1616,億泰,16,5,11,統一-中壢,2024-05-07,5853
2618,長榮航,28,17,11,統一-中壢,2024-05-07,5853
2641,正德,11,0,11,統一-中壢,2024-05-07,5853
2880,華南金,22,11,11,統一-中壢,2024-05-07,5853
2887,台新金,11,0,11,統一-中壢,2024-05-07,5853
4303,信立,11,0,11,統一-中壢,2024-05-07,5853
6116,彩晶,12,1,11,統一-中壢,2024-05-07,5853
2382,廣達,14,4,10,統一-中壢,2024-05-07,5853
1101,台泥,11,1,10,統一-中壢,2024-05-07,5853
3260,威剛,1408,17,1391,統一-中壢,2024-05-08,5853
4967,十銓,312,118,194,統一-中壢,2024-05-08,5853
00937B,群益ESG投等債20,222,47,175,統一-中壢,2024-05-08,5853
1609,大亞,184,49,135,統一-中壢,2024-05-08,5853
2409,友達,106,0,106,統一-中壢,2024-05-08,5853
00939,統一台灣高息動能,105,7,98,統一-中壢,2024-05-08,5853
2618,長榮航,106,25,81,統一-中壢,2024-05-08,5853
2606,裕民,120,42,78,統一-中壢,2024-05-08,5853
00679B,元大美債20年,96,22,74,統一-中壢,2024-05-08,5853
00882,中信中國高股息,67,1,66,統一-中壢,2024-05-08,5853
2888,新光金,60,0,60,統一-中壢,2024-05-08,5853
5531,鄉林,52,0,52,統一-中壢,2024-05-08,5853
6257,矽格,51,4,47,統一-中壢,2024-05-08,5853
00665L,富邦�琤肭磪囓�2,57,14,43,統一-中壢,2024-05-08,5853
00753L,中信中國50正2,47,5,42,統一-中壢,2024-05-08,5853
00637L,元大滬深300正2,49,9,40,統一-中壢,2024-05-08,5853
00878,國泰永續高股息,40,2,38,統一-中壢,2024-05-08,5853
4303,信立,36,0,36,統一-中壢,2024-05-08,5853
2353,宏��,39,7,32,統一-中壢,2024-05-08,5853
4903,聯光通,30,0,30,統一-中壢,2024-05-08,5853
00896,中信綠能及電動車,29,0,29,統一-中壢,2024-05-08,5853
1734,杏輝,29,0,29,統一-中壢,2024-05-08,5853
2206,三陽工業,30,1,29,統一-中壢,2024-05-08,5853
00919,群益台灣精選高息,30,1,29,統一-中壢,2024-05-08,5853
00940,元大台灣價值高息,57,31,26,統一-中壢,2024-05-08,5853
1513,中興電,46,20,26,統一-中壢,2024-05-08,5853
2363,矽統,45,19,26,統一-中壢,2024-05-08,5853
2603,長榮,21,0,21,統一-中壢,2024-05-08,5853
5871,中租-KY,19,0,19,統一-中壢,2024-05-08,5853
2637,慧洋-KY,32,13,19,統一-中壢,2024-05-08,5853
1314,中石化,28,10,18,統一-中壢,2024-05-08,5853
8277,商丞,23,5,18,統一-中壢,2024-05-08,5853
8087,麗升能源,17,0,17,統一-中壢,2024-05-08,5853
00715L,期街口布蘭特正2,16,0,16,統一-中壢,2024-05-08,5853
5880,合庫金,20,4,16,統一-中壢,2024-05-08,5853
6015,宏遠證,15,0,15,統一-中壢,2024-05-08,5853
00891,中信關鍵半導體,29,14,15,統一-中壢,2024-05-08,5853
3481,群創,16,1,15,統一-中壢,2024-05-08,5853
2338,光罩,15,1,14,統一-中壢,2024-05-08,5853
2801,彰銀,14,0,14,統一-中壢,2024-05-08,5853
3036,文曄,12,0,12,統一-中壢,2024-05-08,5853
3297,杭特,12,0,12,統一-中壢,2024-05-08,5853
1519,華城,21,9,12,統一-中壢,2024-05-08,5853
9945,潤泰新,19,8,11,統一-中壢,2024-05-08,5853
00941,中信上游半導體,11,0,11,統一-中壢,2024-05-08,5853
8011,台通,13,2,11,統一-中壢,2024-05-08,5853
00713,元大台灣高息低波,10,0,10,統一-中壢,2024-05-08,5853
00642U,期元大S＆P石油,12,2,10,統一-中壢,2024-05-08,5853
1440,南紡,10,0,10,統一-中壢,2024-05-08,5853
1608,華榮,28,18,10,統一-中壢,2024-05-08,5853
3260,威剛,1586,39,1547,統一-中壢,2024-05-09,5853
00937B,群益ESG投等債20,336,5,331,統一-中壢,2024-05-09,5853
00946,群益科技高息成長,205,55,150,統一-中壢,2024-05-09,5853
00929,復華台灣科技優息,143,5,138,統一-中壢,2024-05-09,5853
00632R,元大台灣50反1,106,2,104,統一-中壢,2024-05-09,5853
3050,鈺德,70,1,69,統一-中壢,2024-05-09,5853
3535,晶彩科,72,4,68,統一-中壢,2024-05-09,5853
2528,皇普,63,0,63,統一-中壢,2024-05-09,5853
2851,中再保,50,0,50,統一-中壢,2024-05-09,5853
1609,大亞,53,18,35,統一-中壢,2024-05-09,5853
2915,潤泰全,35,0,35,統一-中壢,2024-05-09,5853
00940,元大台灣價值高息,45,13,32,統一-中壢,2024-05-09,5853
00909,國泰數位支付服務,30,0,30,統一-中壢,2024-05-09,5853
1201,味全,30,0,30,統一-中壢,2024-05-09,5853
1815,富喬,31,3,28,統一-中壢,2024-05-09,5853
1529,樂事綠能,25,0,25,統一-中壢,2024-05-09,5853
6257,矽格,50,26,24,統一-中壢,2024-05-09,5853
8096,擎亞,43,20,23,統一-中壢,2024-05-09,5853
1605,華新,33,11,22,統一-中壢,2024-05-09,5853
00944,野村趨勢動能高息,21,0,21,統一-中壢,2024-05-09,5853
5351,鈺創,22,1,21,統一-中壢,2024-05-09,5853
4903,聯光通,20,0,20,統一-中壢,2024-05-09,5853
5533,皇鼎,20,0,20,統一-中壢,2024-05-09,5853
3231,緯創,32,12,20,統一-中壢,2024-05-09,5853
2323,中環,20,1,19,統一-中壢,2024-05-09,5853
3056,富華新,20,2,18,統一-中壢,2024-05-09,5853
4303,信立,27,10,17,統一-中壢,2024-05-09,5853
5871,中租-KY,19,3,16,統一-中壢,2024-05-09,5853
2027,大成鋼,16,0,16,統一-中壢,2024-05-09,5853
2353,宏��,30,14,16,統一-中壢,2024-05-09,5853
2408,南亞科,16,0,16,統一-中壢,2024-05-09,5853
3576,聯合再生,15,0,15,統一-中壢,2024-05-09,5853
00934,中信成長高股息,14,0,14,統一-中壢,2024-05-09,5853
2906,高林,15,1,14,統一-中壢,2024-05-09,5853
8234,新漢,14,0,14,統一-中壢,2024-05-09,5853
9945,潤泰新,19,5,14,統一-中壢,2024-05-09,5853
2603,長榮,29,17,12,統一-中壢,2024-05-09,5853
2206,三陽工業,13,2,11,統一-中壢,2024-05-09,5853
2888,新光金,59,48,11,統一-中壢,2024-05-09,5853
3090,日電貿,16,5,11,統一-中壢,2024-05-09,5853
8926,台汽電,11,0,11,統一-中壢,2024-05-09,5853
3491,昇達科,11,0,11,統一-中壢,2024-05-09,5853
3036,文曄,12,2,10,統一-中壢,2024-05-09,5853
00918,大華優利高填息30,10,0,10,統一-中壢,2024-05-09,5853
1524,耿鼎,10,0,10,統一-中壢,2024-05-09,5853
00712,復華富時不動產,10,0,10,統一-中壢,2024-05-09,5853
1440,南紡,10,0,10,統一-中壢,2024-05-09,5853
1737,臺鹽,10,0,10,統一-中壢,2024-05-09,5853
2371,大同,30,20,10,統一-中壢,2024-05-09,5853
3540,曜越,10,0,10,統一-中壢,2024-05-09,5853
3260,威剛,1907,25,1882,統一-中壢,2024-05-10,5853
00929,復華台灣科技優息,369,1,368,統一-中壢,2024-05-10,5853
2313,華通,288,74,214,統一-中壢,2024-05-10,5853
00946,群益科技高息成長,174,0,174,統一-中壢,2024-05-10,5853
1815,富喬,81,3,78,統一-中壢,2024-05-10,5853
2367,燿華,153,88,65,統一-中壢,2024-05-10,5853
00919,群益台灣精選高息,60,0,60,統一-中壢,2024-05-10,5853
00940,元大台灣價值高息,67,9,58,統一-中壢,2024-05-10,5853
6275,元山,50,1,49,統一-中壢,2024-05-10,5853
00637L,元大滬深300正2,56,16,40,統一-中壢,2024-05-10,5853
6026,福邦證,38,0,38,統一-中壢,2024-05-10,5853
00937B,群益ESG投等債20,82,45,37,統一-中壢,2024-05-10,5853
5608,四維航,43,7,36,統一-中壢,2024-05-10,5853
2409,友達,36,3,33,統一-中壢,2024-05-10,5853
00632R,元大台灣50反1,49,18,31,統一-中壢,2024-05-10,5853
2615,萬海,110,79,31,統一-中壢,2024-05-10,5853
2617,台航,30,0,30,統一-中壢,2024-05-10,5853
1440,南紡,26,0,26,統一-中壢,2024-05-10,5853
2323,中環,28,2,26,統一-中壢,2024-05-10,5853
3289,宜特,25,0,25,統一-中壢,2024-05-10,5853
00891,中信關鍵半導體,26,2,24,統一-中壢,2024-05-10,5853
2520,冠德,23,1,22,統一-中壢,2024-05-10,5853
2838,聯邦銀,20,0,20,統一-中壢,2024-05-10,5853
3013,晟銘電,51,33,18,統一-中壢,2024-05-10,5853
2472,立隆電,19,1,18,統一-中壢,2024-05-10,5853
6257,矽格,17,0,17,統一-中壢,2024-05-10,5853
2317,鴻海,28,11,17,統一-中壢,2024-05-10,5853
8936,國統,22,7,15,統一-中壢,2024-05-10,5853
2303,聯電,22,7,15,統一-中壢,2024-05-10,5853
8112,至上,20,5,15,統一-中壢,2024-05-10,5853
00885,富邦越南,15,1,14,統一-中壢,2024-05-10,5853
2528,皇普,14,0,14,統一-中壢,2024-05-10,5853
3481,群創,26,12,14,統一-中壢,2024-05-10,5853
6592,和潤企業,14,0,14,統一-中壢,2024-05-10,5853
1316,上曜,14,1,13,統一-中壢,2024-05-10,5853
2915,潤泰全,13,0,13,統一-中壢,2024-05-10,5853
00713,元大台灣高息低波,12,0,12,統一-中壢,2024-05-10,5853
0056,元大高股息,12,1,11,統一-中壢,2024-05-10,5853
4903,聯光通,32,21,11,統一-中壢,2024-05-10,5853
8096,擎亞,17,6,11,統一-中壢,2024-05-10,5853
1605,華新,12,2,10,統一-中壢,2024-05-10,5853
1734,杏輝,10,0,10,統一-中壢,2024-05-10,5853
1810,和成,15,5,10,統一-中壢,2024-05-10,5853
2354,鴻準,10,0,10,統一-中壢,2024-05-10,5853
2501,國建,10,0,10,統一-中壢,2024-05-10,5853
4909,新復興,15,5,10,統一-中壢,2024-05-10,5853
1795,美時,11,2,9,統一-中壢,2024-05-10,5853
2476,鉅祥,12,3,9,統一-中壢,2024-05-10,5853
3576,聯合再生,9,0,9,統一-中壢,2024-05-10,5853
6148,驊宏資,9,0,9,統一-中壢,2024-05-10,5853
3260,威剛,1013,104,909,統一-中壢,2024-05-13,5853
00937B,群益ESG投等債20,198,4,194,統一-中壢,2024-05-13,5853
00919,群益台灣精選高息,173,11,162,統一-中壢,2024-05-13,5853
00929,復華台灣科技優息,137,3,134,統一-中壢,2024-05-13,5853
3264,欣銓,100,0,100,統一-中壢,2024-05-13,5853
2891,中信金,120,30,90,統一-中壢,2024-05-13,5853
4915,致伸,70,0,70,統一-中壢,2024-05-13,5853
2313,華通,95,34,61,統一-中壢,2024-05-13,5853
00632R,元大台灣50反1,61,1,60,統一-中壢,2024-05-13,5853
2618,長榮航,86,34,52,統一-中壢,2024-05-13,5853
00715L,期街口布蘭特正2,53,9,44,統一-中壢,2024-05-13,5853
2367,燿華,58,14,44,統一-中壢,2024-05-13,5853
00753L,中信中國50正2,60,20,40,統一-中壢,2024-05-13,5853
2906,高林,39,0,39,統一-中壢,2024-05-13,5853
3231,緯創,40,4,36,統一-中壢,2024-05-13,5853
2641,正德,73,40,33,統一-中壢,2024-05-13,5853
00931B,統一美債20年,32,0,32,統一-中壢,2024-05-13,5853
2317,鴻海,36,5,31,統一-中壢,2024-05-13,5853
1440,南紡,30,0,30,統一-中壢,2024-05-13,5853
2010,春源,30,0,30,統一-中壢,2024-05-13,5853
3481,群創,25,1,24,統一-中壢,2024-05-13,5853
9924,福興,23,0,23,統一-中壢,2024-05-13,5853
2349,錸德,22,0,22,統一-中壢,2024-05-13,5853
00687B,國泰20年美債,20,0,20,統一-中壢,2024-05-13,5853
1416,廣豐,20,0,20,統一-中壢,2024-05-13,5853
2444,兆勁,20,0,20,統一-中壢,2024-05-13,5853
2883,凱基金,45,25,20,統一-中壢,2024-05-13,5853
00878,國泰永續高股息,23,3,20,統一-中壢,2024-05-13,5853
2882,國泰金,19,0,19,統一-中壢,2024-05-13,5853
00637L,元大滬深300正2,24,5,19,統一-中壢,2024-05-13,5853
6274,台燿,21,3,18,統一-中壢,2024-05-13,5853
4167,松瑞藥,18,2,16,統一-中壢,2024-05-13,5853
4562,穎漢,15,2,13,統一-中壢,2024-05-13,5853
2888,新光金,12,0,12,統一-中壢,2024-05-13,5853
1513,中興電,21,10,11,統一-中壢,2024-05-13,5853
2607,榮運,20,9,11,統一-中壢,2024-05-13,5853
8916,光隆,17,6,11,統一-中壢,2024-05-13,5853
2371,大同,25,15,10,統一-中壢,2024-05-13,5853
00902,中信電池及儲能,20,10,10,統一-中壢,2024-05-13,5853
00650L,復華香港正2,10,0,10,統一-中壢,2024-05-13,5853
00945B,凱基美國非投等債,10,0,10,統一-中壢,2024-05-13,5853
1504,東元,12,2,10,統一-中壢,2024-05-13,5853
1514,亞力,20,10,10,統一-中壢,2024-05-13,5853
1734,杏輝,10,0,10,統一-中壢,2024-05-13,5853
2597,潤弘,10,0,10,統一-中壢,2024-05-13,5853
3346,麗清,10,0,10,統一-中壢,2024-05-13,5853
3540,曜越,10,0,10,統一-中壢,2024-05-13,5853
5608,四維航,11,1,10,統一-中壢,2024-05-13,5853
5864,致和證,10,0,10,統一-中壢,2024-05-13,5853
6182,合晶,10,0,10,統一-中壢,2024-05-13,5853
00937B,群益ESG投等債20,119,10,109,統一-中壢,2024-05-14,5853
5880,合庫金,106,0,106,統一-中壢,2024-05-14,5853
00878,國泰永續高股息,73,12,61,統一-中壢,2024-05-14,5853
00929,復華台灣科技優息,60,2,58,統一-中壢,2024-05-14,5853
2641,正德,58,3,55,統一-中壢,2024-05-14,5853
1440,南紡,50,0,50,統一-中壢,2024-05-14,5853
4167,松瑞藥,43,0,43,統一-中壢,2024-05-14,5853
2884,玉山金,40,0,40,統一-中壢,2024-05-14,5853
2355,敬鵬,33,0,33,統一-中壢,2024-05-14,5853
8089,康全電訊,33,0,33,統一-中壢,2024-05-14,5853
5392,能率,36,4,32,統一-中壢,2024-05-14,5853
00946,群益科技高息成長,31,0,31,統一-中壢,2024-05-14,5853
2605,新興,38,12,26,統一-中壢,2024-05-14,5853
2906,高林,24,0,24,統一-中壢,2024-05-14,5853
1316,上曜,20,0,20,統一-中壢,2024-05-14,5853
4915,致伸,20,0,20,統一-中壢,2024-05-14,5853
5009,榮剛,21,1,20,統一-中壢,2024-05-14,5853
00941,中信上游半導體,19,0,19,統一-中壢,2024-05-14,5853
2834,臺企銀,19,0,19,統一-中壢,2024-05-14,5853
2618,長榮航,30,12,18,統一-中壢,2024-05-14,5853
1529,樂事綠能,17,0,17,統一-中壢,2024-05-14,5853
9945,潤泰新,23,8,15,統一-中壢,2024-05-14,5853
1789,神隆,14,0,14,統一-中壢,2024-05-14,5853
2206,三陽工業,19,5,14,統一-中壢,2024-05-14,5853
2891,中信金,14,0,14,統一-中壢,2024-05-14,5853
00933B,國泰10Y+金融債,13,0,13,統一-中壢,2024-05-14,5853
00632R,元大台灣50反1,12,0,12,統一-中壢,2024-05-14,5853
1514,亞力,18,6,12,統一-中壢,2024-05-14,5853
00944,野村趨勢動能高息,12,0,12,統一-中壢,2024-05-14,5853
2324,仁寶,51,39,12,統一-中壢,2024-05-14,5853
2514,龍邦,12,0,12,統一-中壢,2024-05-14,5853
2515,中工,22,10,12,統一-中壢,2024-05-14,5853
2520,冠德,29,17,12,統一-中壢,2024-05-14,5853
3390,旭軟,12,0,12,統一-中壢,2024-05-14,5853
2241,艾姆勒,13,2,11,統一-中壢,2024-05-14,5853
3545,敦泰,11,0,11,統一-中壢,2024-05-14,5853
4903,聯光通,13,2,11,統一-中壢,2024-05-14,5853
2317,鴻海,44,34,10,統一-中壢,2024-05-14,5853
00936,台新永續高息中小,10,0,10,統一-中壢,2024-05-14,5853
1416,廣豐,20,10,10,統一-中壢,2024-05-14,5853
1709,和益,10,0,10,統一-中壢,2024-05-14,5853
2313,華通,12,2,10,統一-中壢,2024-05-14,5853
2354,鴻準,11,1,10,統一-中壢,2024-05-14,5853
2402,毅嘉,10,0,10,統一-中壢,2024-05-14,5853
3230,錦明,10,0,10,統一-中壢,2024-05-14,5853
6016,康和證,10,0,10,統一-中壢,2024-05-14,5853
1519,華城,14,5,9,統一-中壢,2024-05-14,5853
2023,燁輝,10,1,9,統一-中壢,2024-05-14,5853
3231,緯創,19,11,8,統一-中壢,2024-05-14,5853
2915,潤泰全,10,2,8,統一-中壢,2024-05-14,5853
00632R,元大台灣50反1,350,95,255,統一-中壢,2024-05-15,5853
2615,萬海,139,26,113,統一-中壢,2024-05-15,5853
00937B,群益ESG投等債20,113,1,112,統一-中壢,2024-05-15,5853
00679B,元大美債20年,108,2,106,統一-中壢,2024-05-15,5853
2356,英業達,112,9,103,統一-中壢,2024-05-15,5853
00637L,元大滬深300正2,90,0,90,統一-中壢,2024-05-15,5853
2618,長榮航,73,2,71,統一-中壢,2024-05-15,5853
3047,訊舟,104,45,59,統一-中壢,2024-05-15,5853
00665L,富邦�琤肭磪囓�2,58,7,51,統一-中壢,2024-05-15,5853
00680L,元大美債20正2,50,5,45,統一-中壢,2024-05-15,5853
00878,國泰永續高股息,119,78,41,統一-中壢,2024-05-15,5853
00932,兆豐永續高息等權,41,0,41,統一-中壢,2024-05-15,5853
2528,皇普,40,0,40,統一-中壢,2024-05-15,5853
2603,長榮,50,11,39,統一-中壢,2024-05-15,5853
2002,中鋼,45,9,36,統一-中壢,2024-05-15,5853
4903,聯光通,30,0,30,統一-中壢,2024-05-15,5853
00929,復華台灣科技優息,36,6,30,統一-中壢,2024-05-15,5853
2609,陽明,147,117,30,統一-中壢,2024-05-15,5853
6790,永豐實,25,0,25,統一-中壢,2024-05-15,5853
2355,敬鵬,35,11,24,統一-中壢,2024-05-15,5853
2613,中櫃,54,30,24,統一-中壢,2024-05-15,5853
5465,富驊,23,0,23,統一-中壢,2024-05-15,5853
1710,東聯,21,0,21,統一-中壢,2024-05-15,5853
2845,遠東銀,21,0,21,統一-中壢,2024-05-15,5853
1609,大亞,32,12,20,統一-中壢,2024-05-15,5853
2488,漢平,20,0,20,統一-中壢,2024-05-15,5853
1314,中石化,19,0,19,統一-中壢,2024-05-15,5853
9945,潤泰新,43,25,18,統一-中壢,2024-05-15,5853
2324,仁寶,41,24,17,統一-中壢,2024-05-15,5853
3666,光耀,16,0,16,統一-中壢,2024-05-15,5853
1522,堤維西,25,10,15,統一-中壢,2024-05-15,5853
6217,中探針,15,1,14,統一-中壢,2024-05-15,5853
3163,波若威,28,14,14,統一-中壢,2024-05-15,5853
00772B,中信高評級公司債,23,10,13,統一-中壢,2024-05-15,5853
1810,和成,13,0,13,統一-中壢,2024-05-15,5853
2606,裕民,16,4,12,統一-中壢,2024-05-15,5853
00687B,國泰20年美債,31,19,12,統一-中壢,2024-05-15,5853
00919,群益台灣精選高息,12,1,11,統一-中壢,2024-05-15,5853
2376,技嘉,20,9,11,統一-中壢,2024-05-15,5853
1608,華榮,20,9,11,統一-中壢,2024-05-15,5853
2362,藍天,12,1,11,統一-中壢,2024-05-15,5853
3520,華盈,11,0,11,統一-中壢,2024-05-15,5853
3481,群創,11,1,10,統一-中壢,2024-05-15,5853
3088,艾訊,10,0,10,統一-中壢,2024-05-15,5853
4915,致伸,10,0,10,統一-中壢,2024-05-15,5853
6224,聚鼎,10,0,10,統一-中壢,2024-05-15,5853
2812,台中銀,10,1,9,統一-中壢,2024-05-15,5853
2363,矽統,30,21,9,統一-中壢,2024-05-15,5853
6180,橘子,9,0,9,統一-中壢,2024-05-15,5853
8054,安國,14,6,8,統一-中壢,2024-05-15,5853
00632R,元大台灣50反1,286,0,286,統一-中壢,2024-05-16,5853
00665L,富邦�琤肭磪囓�2,129,21,108,統一-中壢,2024-05-16,5853
2324,仁寶,116,33,83,統一-中壢,2024-05-16,5853
00753L,中信中國50正2,110,50,60,統一-中壢,2024-05-16,5853
2101,南港,69,14,55,統一-中壢,2024-05-16,5853
00937B,群益ESG投等債20,84,30,54,統一-中壢,2024-05-16,5853
00680L,元大美債20正2,163,110,53,統一-中壢,2024-05-16,5853
4908,前鼎,56,5,51,統一-中壢,2024-05-16,5853
00940,元大台灣價值高息,85,35,50,統一-中壢,2024-05-16,5853
4952,凌通,40,1,39,統一-中壢,2024-05-16,5853
8089,康全電訊,36,5,31,統一-中壢,2024-05-16,5853
2359,所羅門,62,32,30,統一-中壢,2024-05-16,5853
9902,台火,30,0,30,統一-中壢,2024-05-16,5853
3231,緯創,61,32,29,統一-中壢,2024-05-16,5853
2362,藍天,50,25,25,統一-中壢,2024-05-16,5853
00878,國泰永續高股息,46,22,24,統一-中壢,2024-05-16,5853
1319,東陽,25,1,24,統一-中壢,2024-05-16,5853
2382,廣達,26,3,23,統一-中壢,2024-05-16,5853
4903,聯光通,21,0,21,統一-中壢,2024-05-16,5853
00945B,凱基美國非投等債,20,0,20,統一-中壢,2024-05-16,5853
3044,健鼎,30,11,19,統一-中壢,2024-05-16,5853
2301,光寶科,28,11,17,統一-中壢,2024-05-16,5853
1440,南紡,17,0,17,統一-中壢,2024-05-16,5853
2367,燿華,54,37,17,統一-中壢,2024-05-16,5853
2356,英業達,49,32,17,統一-中壢,2024-05-16,5853
2528,皇普,15,0,15,統一-中壢,2024-05-16,5853
6005,群益證,19,4,15,統一-中壢,2024-05-16,5853
4167,松瑞藥,14,0,14,統一-中壢,2024-05-16,5853
2329,華泰,29,15,14,統一-中壢,2024-05-16,5853
1591,駿吉-KY,13,0,13,統一-中壢,2024-05-16,5853
2892,第一金,13,0,13,統一-中壢,2024-05-16,5853
8088,品安,13,0,13,統一-中壢,2024-05-16,5853
1584,精剛,12,0,12,統一-中壢,2024-05-16,5853
6790,永豐實,12,0,12,統一-中壢,2024-05-16,5853
00936,台新永續高息中小,12,0,12,統一-中壢,2024-05-16,5853
3694,海華,12,1,11,統一-中壢,2024-05-16,5853
2408,南亞科,12,1,11,統一-中壢,2024-05-16,5853
3520,華盈,11,1,10,統一-中壢,2024-05-16,5853
6120,達運,10,0,10,統一-中壢,2024-05-16,5853
6613,朋億*,10,0,10,統一-中壢,2024-05-16,5853
8916,光隆,10,0,10,統一-中壢,2024-05-16,5853
2371,大同,38,29,9,統一-中壢,2024-05-16,5853
3714,富采,9,0,9,統一-中壢,2024-05-16,5853
6142,友勁,9,0,9,統一-中壢,2024-05-16,5853
1312,國喬,9,0,9,統一-中壢,2024-05-16,5853
2201,裕隆,8,0,8,統一-中壢,2024-05-16,5853
4763,材料-KY,8,0,8,統一-中壢,2024-05-16,5853
4935,茂林-KY,8,0,8,統一-中壢,2024-05-16,5853
6180,橘子,9,1,8,統一-中壢,2024-05-16,5853
00738U,期元大道瓊白銀,7,0,7,統一-中壢,2024-05-16,5853
00937B,群益ESG投等債20,144,33,111,統一-中壢,2024-05-17,5853
2489,瑞軒,105,9,96,統一-中壢,2024-05-17,5853
2374,佳能,152,75,77,統一-中壢,2024-05-17,5853
2610,華航,159,83,76,統一-中壢,2024-05-17,5853
2356,英業達,74,11,63,統一-中壢,2024-05-17,5853
2313,華通,85,31,54,統一-中壢,2024-05-17,5853
00635U,期元大S＆P黃金,50,0,50,統一-中壢,2024-05-17,5853
1714,和桐,50,2,48,統一-中壢,2024-05-17,5853
00929,復華台灣科技優息,72,26,46,統一-中壢,2024-05-17,5853
3059,華晶科,57,11,46,統一-中壢,2024-05-17,5853
2303,聯電,64,20,44,統一-中壢,2024-05-17,5853
5531,鄉林,44,0,44,統一-中壢,2024-05-17,5853
1326,台化,45,3,42,統一-中壢,2024-05-17,5853
2367,燿華,68,31,37,統一-中壢,2024-05-17,5853
6770,力積電,37,1,36,統一-中壢,2024-05-17,5853
00878,國泰永續高股息,56,21,35,統一-中壢,2024-05-17,5853
00919,群益台灣精選高息,43,8,35,統一-中壢,2024-05-17,5853
1229,聯華,36,3,33,統一-中壢,2024-05-17,5853
1734,杏輝,33,2,31,統一-中壢,2024-05-17,5853
2317,鴻海,70,40,30,統一-中壢,2024-05-17,5853
6288,聯嘉,30,0,30,統一-中壢,2024-05-17,5853
8088,品安,30,0,30,統一-中壢,2024-05-17,5853
2637,慧洋-KY,27,0,27,統一-中壢,2024-05-17,5853
9904,寶成,40,13,27,統一-中壢,2024-05-17,5853
2845,遠東銀,25,0,25,統一-中壢,2024-05-17,5853
00940,元大台灣價值高息,50,25,25,統一-中壢,2024-05-17,5853
2353,宏��,40,19,21,統一-中壢,2024-05-17,5853
5450,南良,20,0,20,統一-中壢,2024-05-17,5853
6233,旺玖,20,0,20,統一-中壢,2024-05-17,5853
2501,國建,20,1,19,統一-中壢,2024-05-17,5853
3060,銘異,27,9,18,統一-中壢,2024-05-17,5853
8916,光隆,29,11,18,統一-中壢,2024-05-17,5853
2506,太設,20,3,17,統一-中壢,2024-05-17,5853
00679B,元大美債20年,16,0,16,統一-中壢,2024-05-17,5853
2382,廣達,25,10,15,統一-中壢,2024-05-17,5853
00946,群益科技高息成長,27,14,13,統一-中壢,2024-05-17,5853
6244,茂迪,21,8,13,統一-中壢,2024-05-17,5853
2338,光罩,13,1,12,統一-中壢,2024-05-17,5853
1301,台塑,12,0,12,統一-中壢,2024-05-17,5853
4714,永捷,12,0,12,統一-中壢,2024-05-17,5853
3005,神基,13,1,12,統一-中壢,2024-05-17,5853
3481,群創,11,0,11,統一-中壢,2024-05-17,5853
00936,台新永續高息中小,11,0,11,統一-中壢,2024-05-17,5853
3264,欣銓,12,1,11,統一-中壢,2024-05-17,5853
00795B,中信美國公債20年,11,0,11,統一-中壢,2024-05-17,5853
3231,緯創,11,1,10,統一-中壢,2024-05-17,5853
00915,凱基優選高股息30,10,0,10,統一-中壢,2024-05-17,5853
1312,國喬,16,6,10,統一-中壢,2024-05-17,5853
2101,南港,13,3,10,統一-中壢,2024-05-17,5853
2408,南亞科,10,0,10,統一-中壢,2024-05-17,5853
00929,復華台灣科技優息,173,16,157,統一-中壢,2024-05-20,5853
00632R,元大台灣50反1,153,50,103,統一-中壢,2024-05-20,5853
00937B,群益ESG投等債20,100,7,93,統一-中壢,2024-05-20,5853
00635U,期元大S＆P黃金,80,0,80,統一-中壢,2024-05-20,5853
2317,鴻海,86,10,76,統一-中壢,2024-05-20,5853
2617,台航,71,0,71,統一-中壢,2024-05-20,5853
2486,一詮,69,14,55,統一-中壢,2024-05-20,5853
2618,長榮航,92,39,53,統一-中壢,2024-05-20,5853
00679B,元大美債20年,44,0,44,統一-中壢,2024-05-20,5853
2881,富邦金,43,2,41,統一-中壢,2024-05-20,5853
2606,裕民,42,2,40,統一-中壢,2024-05-20,5853
3264,欣銓,42,4,38,統一-中壢,2024-05-20,5853
00946,群益科技高息成長,36,0,36,統一-中壢,2024-05-20,5853
00665L,富邦�琤肭磪囓�2,55,22,33,統一-中壢,2024-05-20,5853
3490,單井,32,1,31,統一-中壢,2024-05-20,5853
4933,友輝,30,0,30,統一-中壢,2024-05-20,5853
2867,三商壽,30,3,27,統一-中壢,2024-05-20,5853
00753L,中信中國50正2,50,23,27,統一-中壢,2024-05-20,5853
00940,元大台灣價值高息,118,93,25,統一-中壢,2024-05-20,5853
8054,安國,27,2,25,統一-中壢,2024-05-20,5853
00878,國泰永續高股息,30,7,23,統一-中壢,2024-05-20,5853
2610,華航,55,34,21,統一-中壢,2024-05-20,5853
4976,佳凌,26,6,20,統一-中壢,2024-05-20,5853
6257,矽格,23,3,20,統一-中壢,2024-05-20,5853
1711,永光,21,2,19,統一-中壢,2024-05-20,5853
3231,緯創,21,3,18,統一-中壢,2024-05-20,5853
2363,矽統,58,41,17,統一-中壢,2024-05-20,5853
3047,訊舟,23,6,17,統一-中壢,2024-05-20,5853
3481,群創,17,0,17,統一-中壢,2024-05-20,5853
9904,寶成,16,0,16,統一-中壢,2024-05-20,5853
2374,佳能,68,53,15,統一-中壢,2024-05-20,5853
00700,富邦�琤肭磪�,15,0,15,統一-中壢,2024-05-20,5853
4543,萬在,25,10,15,統一-中壢,2024-05-20,5853
1802,台玻,14,0,14,統一-中壢,2024-05-20,5853
9103,美德醫療-DR,14,0,14,統一-中壢,2024-05-20,5853
00720B,元大投資級公司債,13,0,13,統一-中壢,2024-05-20,5853
1618,合機,16,3,13,統一-中壢,2024-05-20,5853
1815,富喬,18,5,13,統一-中壢,2024-05-20,5853
2338,光罩,15,2,13,統一-中壢,2024-05-20,5853
5392,能率,16,3,13,統一-中壢,2024-05-20,5853
2329,華泰,16,3,13,統一-中壢,2024-05-20,5853
00919,群益台灣精選高息,40,27,13,統一-中壢,2024-05-20,5853
2359,所羅門,55,43,12,統一-中壢,2024-05-20,5853
00795B,中信美國公債20年,12,0,12,統一-中壢,2024-05-20,5853
00915,凱基優選高股息30,12,0,12,統一-中壢,2024-05-20,5853
1301,台塑,12,0,12,統一-中壢,2024-05-20,5853
2324,仁寶,16,4,12,統一-中壢,2024-05-20,5853
2353,宏��,18,6,12,統一-中壢,2024-05-20,5853
2897,王道銀行,13,2,11,統一-中壢,2024-05-20,5853
4114,健喬,12,1,11,統一-中壢,2024-05-20,5853
00937B,群益ESG投等債20,91,0,91,統一-中壢,2024-05-21,5853
1301,台塑,82,0,82,統一-中壢,2024-05-21,5853
2317,鴻海,66,4,62,統一-中壢,2024-05-21,5853
2363,矽統,75,20,55,統一-中壢,2024-05-21,5853
00940,元大台灣價值高息,125,79,46,統一-中壢,2024-05-21,5853
00929,復華台灣科技優息,52,7,45,統一-中壢,2024-05-21,5853
00878,國泰永續高股息,43,1,42,統一-中壢,2024-05-21,5853
2834,臺企銀,39,0,39,統一-中壢,2024-05-21,5853
6133,金橋,33,0,33,統一-中壢,2024-05-21,5853
2022,聚亨,33,2,31,統一-中壢,2024-05-21,5853
00943,兆豐電子高息等權,25,0,25,統一-中壢,2024-05-21,5853
1605,華新,34,10,24,統一-中壢,2024-05-21,5853
1785,光洋科,31,8,23,統一-中壢,2024-05-21,5853
2312,金寶,26,4,22,統一-中壢,2024-05-21,5853
6443,元晶,26,4,22,統一-中壢,2024-05-21,5853
00933B,國泰10Y+金融債,21,0,21,統一-中壢,2024-05-21,5853
3188,鑫龍騰,20,0,20,統一-中壢,2024-05-21,5853
2344,華邦電,17,0,17,統一-中壢,2024-05-21,5853
00679B,元大美債20年,16,0,16,統一-中壢,2024-05-21,5853
4533,協易機,21,5,16,統一-中壢,2024-05-21,5853
6153,嘉聯益,20,4,16,統一-中壢,2024-05-21,5853
2618,長榮航,33,18,15,統一-中壢,2024-05-21,5853
6182,合晶,16,1,15,統一-中壢,2024-05-21,5853
00939,統一台灣高息動能,19,5,14,統一-中壢,2024-05-21,5853
2855,統一證,15,1,14,統一-中壢,2024-05-21,5853
2906,高林,35,21,14,統一-中壢,2024-05-21,5853
2897,王道銀行,28,15,13,統一-中壢,2024-05-21,5853
00715L,期街口布蘭特正2,18,5,13,統一-中壢,2024-05-21,5853
1708,東鹼,18,5,13,統一-中壢,2024-05-21,5853
5381,合正,13,0,13,統一-中壢,2024-05-21,5853
2603,長榮,15,3,12,統一-中壢,2024-05-21,5853
1722,台肥,12,0,12,統一-中壢,2024-05-21,5853
2883,凱基金,18,6,12,統一-中壢,2024-05-21,5853
0056,元大高股息,13,1,12,統一-中壢,2024-05-21,5853
00919,群益台灣精選高息,21,10,11,統一-中壢,2024-05-21,5853
1442,名軒,11,0,11,統一-中壢,2024-05-21,5853
2801,彰銀,11,0,11,統一-中壢,2024-05-21,5853
2838,聯邦銀,11,0,11,統一-中壢,2024-05-21,5853
4909,新復興,12,1,11,統一-中壢,2024-05-21,5853
00752,中信中國50,10,0,10,統一-中壢,2024-05-21,5853
1737,臺鹽,10,0,10,統一-中壢,2024-05-21,5853
6505,台塑化,10,0,10,統一-中壢,2024-05-21,5853
8028,昇陽半導體,10,0,10,統一-中壢,2024-05-21,5853
00757,統一FANG+,10,0,10,統一-中壢,2024-05-21,5853
2609,陽明,15,5,10,統一-中壢,2024-05-21,5853
00885,富邦越南,10,1,9,統一-中壢,2024-05-21,5853
00687B,國泰20年美債,9,0,9,統一-中壢,2024-05-21,5853
2365,昆盈,20,11,9,統一-中壢,2024-05-21,5853
2610,華航,63,54,9,統一-中壢,2024-05-21,5853
1608,華榮,15,7,8,統一-中壢,2024-05-21,5853
2610,華航,329,0,329,統一-中壢,2024-05-22,5853
3481,群創,229,50,179,統一-中壢,2024-05-22,5853
3047,訊舟,82,9,73,統一-中壢,2024-05-22,5853
2002,中鋼,73,1,72,統一-中壢,2024-05-22,5853
00665L,富邦�琤肭磪囓�2,85,16,69,統一-中壢,2024-05-22,5853
00915,凱基優選高股息30,76,10,66,統一-中壢,2024-05-22,5853
3490,單井,77,15,62,統一-中壢,2024-05-22,5853
2867,三商壽,54,0,54,統一-中壢,2024-05-22,5853
00937B,群益ESG投等債20,50,0,50,統一-中壢,2024-05-22,5853
8110,華東,48,3,45,統一-中壢,2024-05-22,5853
3163,波若威,51,10,41,統一-中壢,2024-05-22,5853
1529,樂事綠能,35,0,35,統一-中壢,2024-05-22,5853
2206,三陽工業,32,1,31,統一-中壢,2024-05-22,5853
00680L,元大美債20正2,30,0,30,統一-中壢,2024-05-22,5853
3535,晶彩科,31,1,30,統一-中壢,2024-05-22,5853
2453,凌群,30,3,27,統一-中壢,2024-05-22,5853
4933,友輝,27,0,27,統一-中壢,2024-05-22,5853
3013,晟銘電,53,27,26,統一-中壢,2024-05-22,5853
00715L,期街口布蘭特正2,25,0,25,統一-中壢,2024-05-22,5853
2313,華通,38,14,24,統一-中壢,2024-05-22,5853
00918,大華優利高填息30,27,5,22,統一-中壢,2024-05-22,5853
2537,聯上發,32,11,21,統一-中壢,2024-05-22,5853
2317,鴻海,38,18,20,統一-中壢,2024-05-22,5853
3520,華盈,23,3,20,統一-中壢,2024-05-22,5853
5880,合庫金,20,1,19,統一-中壢,2024-05-22,5853
00919,群益台灣精選高息,32,13,19,統一-中壢,2024-05-22,5853
2634,漢翔,20,3,17,統一-中壢,2024-05-22,5853
00795B,中信美國公債20年,16,0,16,統一-中壢,2024-05-22,5853
5607,遠雄港,16,0,16,統一-中壢,2024-05-22,5853
1810,和成,15,0,15,統一-中壢,2024-05-22,5853
2809,京城銀,15,0,15,統一-中壢,2024-05-22,5853
2354,鴻準,24,10,14,統一-中壢,2024-05-22,5853
00713,元大台灣高息低波,14,0,14,統一-中壢,2024-05-22,5853
6104,創惟,13,0,13,統一-中壢,2024-05-22,5853
2376,技嘉,21,8,13,統一-中壢,2024-05-22,5853
4533,協易機,19,7,12,統一-中壢,2024-05-22,5853
8064,東捷,34,22,12,統一-中壢,2024-05-22,5853
2363,矽統,57,45,12,統一-中壢,2024-05-22,5853
2845,遠東銀,11,0,11,統一-中壢,2024-05-22,5853
2880,華南金,13,2,11,統一-中壢,2024-05-22,5853
3033,威健,11,0,11,統一-中壢,2024-05-22,5853
4714,永捷,27,16,11,統一-中壢,2024-05-22,5853
6290,良維,12,1,11,統一-中壢,2024-05-22,5853
1513,中興電,13,2,11,統一-中壢,2024-05-22,5853
2027,大成鋼,11,1,10,統一-中壢,2024-05-22,5853
2337,旺宏,10,0,10,統一-中壢,2024-05-22,5853
2613,中櫃,11,1,10,統一-中壢,2024-05-22,5853
3024,憶聲,10,0,10,統一-中壢,2024-05-22,5853
6133,金橋,10,0,10,統一-中壢,2024-05-22,5853
2488,漢平,12,2,10,統一-中壢,2024-05-22,5853
00937B,群益ESG投等債20,459,0,459,統一-中壢,2024-05-23,5853
00637L,元大滬深300正2,198,0,198,統一-中壢,2024-05-23,5853
00632R,元大台灣50反1,224,43,181,統一-中壢,2024-05-23,5853
2331,精英,109,0,109,統一-中壢,2024-05-23,5853
00919,群益台灣精選高息,80,6,74,統一-中壢,2024-05-23,5853
2206,三陽工業,61,0,61,統一-中壢,2024-05-23,5853
2002,中鋼,54,0,54,統一-中壢,2024-05-23,5853
6133,金橋,50,0,50,統一-中壢,2024-05-23,5853
00665L,富邦�琤肭磪囓�2,47,1,46,統一-中壢,2024-05-23,5853
00944,野村趨勢動能高息,45,0,45,統一-中壢,2024-05-23,5853
2376,技嘉,56,15,41,統一-中壢,2024-05-23,5853
2906,高林,79,40,39,統一-中壢,2024-05-23,5853
00878,國泰永續高股息,36,0,36,統一-中壢,2024-05-23,5853
2609,陽明,42,7,35,統一-中壢,2024-05-23,5853
2324,仁寶,45,11,34,統一-中壢,2024-05-23,5853
2409,友達,33,0,33,統一-中壢,2024-05-23,5853
2363,矽統,62,31,31,統一-中壢,2024-05-23,5853
0056,元大高股息,30,2,28,統一-中壢,2024-05-23,5853
00669R,國泰美國道瓊反1,28,0,28,統一-中壢,2024-05-23,5853
1227,佳格,28,0,28,統一-中壢,2024-05-23,5853
2855,統一證,31,3,28,統一-中壢,2024-05-23,5853
3520,華盈,26,0,26,統一-中壢,2024-05-23,5853
6592,和潤企業,24,0,24,統一-中壢,2024-05-23,5853
2359,所羅門,46,24,22,統一-中壢,2024-05-23,5853
00680L,元大美債20正2,90,70,20,統一-中壢,2024-05-23,5853
2812,台中銀,20,0,20,統一-中壢,2024-05-23,5853
3207,耀勝,20,0,20,統一-中壢,2024-05-23,5853
2014,中鴻,20,1,19,統一-中壢,2024-05-23,5853
8374,羅昇,20,1,19,統一-中壢,2024-05-23,5853
6147,頎邦,18,0,18,統一-中壢,2024-05-23,5853
4543,萬在,20,2,18,統一-中壢,2024-05-23,5853
2610,華航,43,26,17,統一-中壢,2024-05-23,5853
2101,南港,21,5,16,統一-中壢,2024-05-23,5853
2449,京元電子,16,0,16,統一-中壢,2024-05-23,5853
2897,王道銀行,18,2,16,統一-中壢,2024-05-23,5853
6806,森崴能源,15,0,15,統一-中壢,2024-05-23,5853
2820,華票,15,0,15,統一-中壢,2024-05-23,5853
8071,能率網通,15,0,15,統一-中壢,2024-05-23,5853
00715L,期街口布蘭特正2,14,0,14,統一-中壢,2024-05-23,5853
8054,安國,14,0,14,統一-中壢,2024-05-23,5853
2867,三商壽,14,2,12,統一-中壢,2024-05-23,5853
00900,富邦特選高股息30,12,0,12,統一-中壢,2024-05-23,5853
2606,裕民,12,0,12,統一-中壢,2024-05-23,5853
3501,維熹,12,0,12,統一-中壢,2024-05-23,5853
6443,元晶,13,1,12,統一-中壢,2024-05-23,5853
00642U,期元大S＆P石油,11,0,11,統一-中壢,2024-05-23,5853
00940,元大台灣價值高息,87,76,11,統一-中壢,2024-05-23,5853
1609,大亞,23,12,11,統一-中壢,2024-05-23,5853
2356,英業達,15,4,11,統一-中壢,2024-05-23,5853
2880,華南金,11,0,11,統一-中壢,2024-05-23,5853
00937B,群益ESG投等債20,288,100,188,統一-中壢,2024-05-24,5853
00637L,元大滬深300正2,136,15,121,統一-中壢,2024-05-24,5853
2313,華通,118,1,117,統一-中壢,2024-05-24,5853
2382,廣達,101,4,97,統一-中壢,2024-05-24,5853
00650L,復華香港正2,75,10,65,統一-中壢,2024-05-24,5853
2409,友達,56,1,55,統一-中壢,2024-05-24,5853
3706,神達,62,10,52,統一-中壢,2024-05-24,5853
00671R,富邦NASDAQ反1,50,0,50,統一-中壢,2024-05-24,5853
2367,燿華,66,16,50,統一-中壢,2024-05-24,5853
1522,堤維西,46,0,46,統一-中壢,2024-05-24,5853
00753L,中信中國50正2,49,5,44,統一-中壢,2024-05-24,5853
2891,中信金,44,1,43,統一-中壢,2024-05-24,5853
1718,中纖,43,0,43,統一-中壢,2024-05-24,5853
2356,英業達,49,7,42,統一-中壢,2024-05-24,5853
2371,大同,48,8,40,統一-中壢,2024-05-24,5853
00665L,富邦�琤肭磪囓�2,76,38,38,統一-中壢,2024-05-24,5853
2884,玉山金,37,5,32,統一-中壢,2024-05-24,5853
2002,中鋼,28,1,27,統一-中壢,2024-05-24,5853
2365,昆盈,34,10,24,統一-中壢,2024-05-24,5853
00712,復華富時不動產,22,0,22,統一-中壢,2024-05-24,5853
2618,長榮航,33,11,22,統一-中壢,2024-05-24,5853
6288,聯嘉,22,0,22,統一-中壢,2024-05-24,5853
2615,萬海,34,14,20,統一-中壢,2024-05-24,5853
00919,群益台灣精選高息,20,1,19,統一-中壢,2024-05-24,5853
2354,鴻準,20,1,19,統一-中壢,2024-05-24,5853
3380,明泰,29,10,19,統一-中壢,2024-05-24,5853
2834,臺企銀,18,0,18,統一-中壢,2024-05-24,5853
6125,廣運,36,18,18,統一-中壢,2024-05-24,5853
2405,輔信,24,7,17,統一-中壢,2024-05-24,5853
6147,頎邦,16,0,16,統一-中壢,2024-05-24,5853
00946,群益科技高息成長,15,0,15,統一-中壢,2024-05-24,5853
2324,仁寶,41,26,15,統一-中壢,2024-05-24,5853
2915,潤泰全,21,6,15,統一-中壢,2024-05-24,5853
1513,中興電,25,11,14,統一-中壢,2024-05-24,5853
3035,智原,17,3,14,統一-中壢,2024-05-24,5853
00918,大華優利高填息30,13,0,13,統一-中壢,2024-05-24,5853
00687B,國泰20年美債,13,0,13,統一-中壢,2024-05-24,5853
2323,中環,12,0,12,統一-中壢,2024-05-24,5853
3289,宜特,12,0,12,統一-中壢,2024-05-24,5853
1608,華榮,21,10,11,統一-中壢,2024-05-24,5853
00795B,中信美國公債20年,11,0,11,統一-中壢,2024-05-24,5853
2406,國碩,11,0,11,統一-中壢,2024-05-24,5853
2897,王道銀行,11,0,11,統一-中壢,2024-05-24,5853
3171,炎洲流通,11,0,11,統一-中壢,2024-05-24,5853
1725,元禎,10,0,10,統一-中壢,2024-05-24,5853
2520,冠德,10,0,10,統一-中壢,2024-05-24,5853
4903,聯光通,10,0,10,統一-中壢,2024-05-24,5853
5512,力麒,10,0,10,統一-中壢,2024-05-24,5853
5521,工信,10,0,10,統一-中壢,2024-05-24,5853
2486,一詮,20,10,10,統一-中壢,2024-05-24,5853
00753L,中信中國50正2,235,0,235,統一-中壢,2024-05-27,5853
5880,合庫金,103,1,102,統一-中壢,2024-05-27,5853
00937B,群益ESG投等債20,103,7,96,統一-中壢,2024-05-27,5853
6133,金橋,89,0,89,統一-中壢,2024-05-27,5853
00665L,富邦�琤肭磪囓�2,104,17,87,統一-中壢,2024-05-27,5853
00885,富邦越南,88,2,86,統一-中壢,2024-05-27,5853
00922,國泰台灣領袖50,77,0,77,統一-中壢,2024-05-27,5853
2489,瑞軒,143,69,74,統一-中壢,2024-05-27,5853
00679B,元大美債20年,72,0,72,統一-中壢,2024-05-27,5853
2353,宏��,142,73,69,統一-中壢,2024-05-27,5853
9105,泰金寶-DR,68,10,58,統一-中壢,2024-05-27,5853
3171,炎洲流通,57,0,57,統一-中壢,2024-05-27,5853
1605,華新,49,0,49,統一-中壢,2024-05-27,5853
2002,中鋼,48,1,47,統一-中壢,2024-05-27,5853
3044,健鼎,41,0,41,統一-中壢,2024-05-27,5853
2363,矽統,103,65,38,統一-中壢,2024-05-27,5853
00946,群益科技高息成長,45,8,37,統一-中壢,2024-05-27,5853
4533,協易機,37,4,33,統一-中壢,2024-05-27,5853
3033,威健,37,6,31,統一-中壢,2024-05-27,5853
3481,群創,36,7,29,統一-中壢,2024-05-27,5853
2882,國泰金,33,5,28,統一-中壢,2024-05-27,5853
00936,台新永續高息中小,28,5,23,統一-中壢,2024-05-27,5853
00915,凱基優選高股息30,23,1,22,統一-中壢,2024-05-27,5853
2352,佳世達,22,1,21,統一-中壢,2024-05-27,5853
3360,尚立,23,2,21,統一-中壢,2024-05-27,5853
2615,萬海,26,6,20,統一-中壢,2024-05-27,5853
00918,大華優利高填息30,22,3,19,統一-中壢,2024-05-27,5853
2609,陽明,75,56,19,統一-中壢,2024-05-27,5853
8028,昇陽半導體,38,20,18,統一-中壢,2024-05-27,5853
2392,正崴,59,44,15,統一-中壢,2024-05-27,5853
2884,玉山金,15,0,15,統一-中壢,2024-05-27,5853
2228,劍麟,15,0,15,統一-中壢,2024-05-27,5853
8215,明基材,15,0,15,統一-中壢,2024-05-27,5853
00637L,元大滬深300正2,20,6,14,統一-中壢,2024-05-27,5853
2371,大同,17,3,14,統一-中壢,2024-05-27,5853
2867,三商壽,14,0,14,統一-中壢,2024-05-27,5853
1815,富喬,34,21,13,統一-中壢,2024-05-27,5853
00907,永豐優息存股,12,0,12,統一-中壢,2024-05-27,5853
00896,中信綠能及電動車,12,0,12,統一-中壢,2024-05-27,5853
2014,中鴻,13,1,12,統一-中壢,2024-05-27,5853
3047,訊舟,67,55,12,統一-中壢,2024-05-27,5853
6147,頎邦,14,2,12,統一-中壢,2024-05-27,5853
2887,台新金,12,0,12,統一-中壢,2024-05-27,5853
00795B,中信美國公債20年,11,0,11,統一-中壢,2024-05-27,5853
2891,中信金,31,20,11,統一-中壢,2024-05-27,5853
2601,益航,15,5,10,統一-中壢,2024-05-27,5853
2915,潤泰全,10,0,10,統一-中壢,2024-05-27,5853
3227,原相,10,0,10,統一-中壢,2024-05-27,5853
3520,華盈,10,0,10,統一-中壢,2024-05-27,5853
4716,大立,10,0,10,統一-中壢,2024-05-27,5853
00937B,群益ESG投等債20,420,10,410,統一-中壢,2024-05-28,5853
00940,元大台灣價值高息,175,62,113,統一-中壢,2024-05-28,5853
2915,潤泰全,105,1,104,統一-中壢,2024-05-28,5853
2301,光寶科,98,0,98,統一-中壢,2024-05-28,5853
00753L,中信中國50正2,103,13,90,統一-中壢,2024-05-28,5853
2317,鴻海,98,20,78,統一-中壢,2024-05-28,5853
2353,宏��,102,29,73,統一-中壢,2024-05-28,5853
00939,統一台灣高息動能,104,45,59,統一-中壢,2024-05-28,5853
00687B,國泰20年美債,89,30,59,統一-中壢,2024-05-28,5853
00679B,元大美債20年,64,5,59,統一-中壢,2024-05-28,5853
00882,中信中國高股息,60,5,55,統一-中壢,2024-05-28,5853
00919,群益台灣精選高息,75,23,52,統一-中壢,2024-05-28,5853
2891,中信金,52,10,42,統一-中壢,2024-05-28,5853
2349,錸德,43,2,41,統一-中壢,2024-05-28,5853
3714,富采,43,7,36,統一-中壢,2024-05-28,5853
8916,光隆,33,0,33,統一-中壢,2024-05-28,5853
9945,潤泰新,34,1,33,統一-中壢,2024-05-28,5853
00795B,中信美國公債20年,32,0,32,統一-中壢,2024-05-28,5853
1447,力鵬,35,6,29,統一-中壢,2024-05-28,5853
00720B,元大投資級公司債,28,0,28,統一-中壢,2024-05-28,5853
2412,中華電,30,2,28,統一-中壢,2024-05-28,5853
2363,矽統,52,26,26,統一-中壢,2024-05-28,5853
00751B,元大AAA至A公司債,25,0,25,統一-中壢,2024-05-28,5853
1587,吉茂,24,0,24,統一-中壢,2024-05-28,5853
2867,三商壽,40,17,23,統一-中壢,2024-05-28,5853
00632R,元大台灣50反1,81,60,21,統一-中壢,2024-05-28,5853
00922,國泰台灣領袖50,21,0,21,統一-中壢,2024-05-28,5853
2007,燁興,21,1,20,統一-中壢,2024-05-28,5853
3062,建漢,20,0,20,統一-中壢,2024-05-28,5853
00935,野村臺灣新科技50,18,0,18,統一-中壢,2024-05-28,5853
2409,友達,25,8,17,統一-中壢,2024-05-28,5853
6257,矽格,23,6,17,統一-中壢,2024-05-28,5853
3035,智原,26,10,16,統一-中壢,2024-05-28,5853
2855,統一證,16,0,16,統一-中壢,2024-05-28,5853
00929,復華台灣科技優息,39,23,16,統一-中壢,2024-05-28,5853
6233,旺玖,16,1,15,統一-中壢,2024-05-28,5853
4526,東台,20,5,15,統一-中壢,2024-05-28,5853
3013,晟銘電,24,10,14,統一-中壢,2024-05-28,5853
1815,富喬,19,5,14,統一-中壢,2024-05-28,5853
2392,正崴,21,7,14,統一-中壢,2024-05-28,5853
5483,中美晶,13,0,13,統一-中壢,2024-05-28,5853
1785,光洋科,17,5,12,統一-中壢,2024-05-28,5853
2009,第一銅,14,2,12,統一-中壢,2024-05-28,5853
2609,陽明,31,19,12,統一-中壢,2024-05-28,5853
2313,華通,16,5,11,統一-中壢,2024-05-28,5853
2337,旺宏,16,5,11,統一-中壢,2024-05-28,5853
2486,一詮,28,17,11,統一-中壢,2024-05-28,5853
2882,國泰金,22,11,11,統一-中壢,2024-05-28,5853
1795,美時,10,0,10,統一-中壢,2024-05-28,5853
00936,台新永續高息中小,10,0,10,統一-中壢,2024-05-28,5853
00937B,群益ESG投等債20,691,9,682,統一-中壢,2024-05-29,5853
2317,鴻海,107,6,101,統一-中壢,2024-05-29,5853
00665L,富邦�琤肭磪囓�2,94,1,93,統一-中壢,2024-05-29,5853
00680L,元大美債20正2,96,11,85,統一-中壢,2024-05-29,5853
00795B,中信美國公債20年,82,0,82,統一-中壢,2024-05-29,5853
00679B,元大美債20年,81,9,72,統一-中壢,2024-05-29,5853
2641,正德,74,3,71,統一-中壢,2024-05-29,5853
6167,久正,67,0,67,統一-中壢,2024-05-29,5853
00878,國泰永續高股息,68,6,62,統一-中壢,2024-05-29,5853
2618,長榮航,75,22,53,統一-中壢,2024-05-29,5853
2349,錸德,71,18,53,統一-中壢,2024-05-29,5853
2328,廣宇,88,37,51,統一-中壢,2024-05-29,5853
2880,華南金,47,0,47,統一-中壢,2024-05-29,5853
2610,華航,78,36,42,統一-中壢,2024-05-29,5853
2867,三商壽,48,7,41,統一-中壢,2024-05-29,5853
2887,台新金,36,3,33,統一-中壢,2024-05-29,5853
2301,光寶科,36,6,30,統一-中壢,2024-05-29,5853
00764B,群益25年美債,30,0,30,統一-中壢,2024-05-29,5853
2420,新巨,30,0,30,統一-中壢,2024-05-29,5853
3580,友威科,30,0,30,統一-中壢,2024-05-29,5853
00751B,元大AAA至A公司債,28,0,28,統一-中壢,2024-05-29,5853
3372,典範,32,4,28,統一-中壢,2024-05-29,5853
3512,皇龍,28,0,28,統一-中壢,2024-05-29,5853
00919,群益台灣精選高息,42,17,25,統一-中壢,2024-05-29,5853
00915,凱基優選高股息30,25,0,25,統一-中壢,2024-05-29,5853
6147,頎邦,29,4,25,統一-中壢,2024-05-29,5853
2506,太設,24,0,24,統一-中壢,2024-05-29,5853
3090,日電貿,25,1,24,統一-中壢,2024-05-29,5853
2383,台光電,26,3,23,統一-中壢,2024-05-29,5853
2489,瑞軒,199,177,22,統一-中壢,2024-05-29,5853
2324,仁寶,22,1,21,統一-中壢,2024-05-29,5853
00918,大華優利高填息30,20,0,20,統一-中壢,2024-05-29,5853
2409,友達,20,0,20,統一-中壢,2024-05-29,5853
2886,兆豐金,21,2,19,統一-中壢,2024-05-29,5853
00931B,統一美債20年,22,3,19,統一-中壢,2024-05-29,5853
2501,國建,22,3,19,統一-中壢,2024-05-29,5853
5371,中光電,21,3,18,統一-中壢,2024-05-29,5853
2609,陽明,32,14,18,統一-中壢,2024-05-29,5853
2615,萬海,25,8,17,統一-中壢,2024-05-29,5853
2883,凱基金,29,12,17,統一-中壢,2024-05-29,5853
00929,復華台灣科技優息,28,12,16,統一-中壢,2024-05-29,5853
3062,建漢,58,43,15,統一-中壢,2024-05-29,5853
00936,台新永續高息中小,21,6,15,統一-中壢,2024-05-29,5853
3380,明泰,17,2,15,統一-中壢,2024-05-29,5853
3481,群創,23,8,15,統一-中壢,2024-05-29,5853
5324,士開,15,0,15,統一-中壢,2024-05-29,5853
00935,野村臺灣新科技50,14,0,14,統一-中壢,2024-05-29,5853
2331,精英,15,1,14,統一-中壢,2024-05-29,5853
3450,聯鈞,25,11,14,統一-中壢,2024-05-29,5853
2365,昆盈,57,44,13,統一-中壢,2024-05-29,5853
2317,鴻海,168,12,156,統一-中壢,2024-05-30,5853
00937B,群益ESG投等債20,129,7,122,統一-中壢,2024-05-30,5853
00919,群益台灣精選高息,127,10,117,統一-中壢,2024-05-30,5853
00885,富邦越南,88,6,82,統一-中壢,2024-05-30,5853
2363,矽統,84,8,76,統一-中壢,2024-05-30,5853
00665L,富邦�琤肭磪囓�2,101,25,76,統一-中壢,2024-05-30,5853
00632R,元大台灣50反1,104,30,74,統一-中壢,2024-05-30,5853
2834,臺企銀,72,0,72,統一-中壢,2024-05-30,5853
00687B,國泰20年美債,101,30,71,統一-中壢,2024-05-30,5853
6269,台郡,57,1,56,統一-中壢,2024-05-30,5853
00915,凱基優選高股息30,55,0,55,統一-中壢,2024-05-30,5853
6116,彩晶,50,0,50,統一-中壢,2024-05-30,5853
1440,南紡,48,0,48,統一-中壢,2024-05-30,5853
3706,神達,53,5,48,統一-中壢,2024-05-30,5853
00940,元大台灣價值高息,52,16,36,統一-中壢,2024-05-30,5853
8011,台通,36,1,35,統一-中壢,2024-05-30,5853
2002,中鋼,36,2,34,統一-中壢,2024-05-30,5853
3703,欣陸,31,1,30,統一-中壢,2024-05-30,5853
00679B,元大美債20年,30,0,30,統一-中壢,2024-05-30,5853
2408,南亞科,35,7,28,統一-中壢,2024-05-30,5853
00641R,富邦日本反1,26,0,26,統一-中壢,2024-05-30,5853
00650L,復華香港正2,25,0,25,統一-中壢,2024-05-30,5853
00935,野村臺灣新科技50,25,0,25,統一-中壢,2024-05-30,5853
3594,磐儀,22,0,22,統一-中壢,2024-05-30,5853
00772B,中信高評級公司債,20,0,20,統一-中壢,2024-05-30,5853
1103,嘉泥,20,0,20,統一-中壢,2024-05-30,5853
00637L,元大滬深300正2,26,6,20,統一-中壢,2024-05-30,5853
00764B,群益25年美債,20,0,20,統一-中壢,2024-05-30,5853
00902,中信電池及儲能,20,0,20,統一-中壢,2024-05-30,5853
020030,統一智慧電動車N,20,0,20,統一-中壢,2024-05-30,5853
1714,和桐,20,0,20,統一-中壢,2024-05-30,5853
1722,台肥,20,1,19,統一-中壢,2024-05-30,5853
2354,鴻準,71,52,19,統一-中壢,2024-05-30,5853
2399,映泰,24,5,19,統一-中壢,2024-05-30,5853
00795B,中信美國公債20年,18,0,18,統一-中壢,2024-05-30,5853
2618,長榮航,26,8,18,統一-中壢,2024-05-30,5853
1471,首利,23,6,17,統一-中壢,2024-05-30,5853
2855,統一證,19,2,17,統一-中壢,2024-05-30,5853
3059,華晶科,17,0,17,統一-中壢,2024-05-30,5853
5880,合庫金,17,0,17,統一-中壢,2024-05-30,5853
2371,大同,21,5,16,統一-中壢,2024-05-30,5853
3580,友威科,16,0,16,統一-中壢,2024-05-30,5853
2886,兆豐金,15,0,15,統一-中壢,2024-05-30,5853
00751B,元大AAA至A公司債,15,0,15,統一-中壢,2024-05-30,5853
6147,頎邦,20,5,15,統一-中壢,2024-05-30,5853
6126,信音,23,8,15,統一-中壢,2024-05-30,5853
3260,威剛,18,3,15,統一-中壢,2024-05-30,5853
4562,穎漢,22,8,14,統一-中壢,2024-05-30,5853
6167,久正,14,0,14,統一-中壢,2024-05-30,5853
0056,元大高股息,18,5,13,統一-中壢,2024-05-30,5853
4967,十銓,239,5,234,統一-中壢,2024-05-31,5853
00919,群益台灣精選高息,152,2,150,統一-中壢,2024-05-31,5853
2371,大同,117,8,109,統一-中壢,2024-05-31,5853
2609,陽明,110,50,60,統一-中壢,2024-05-31,5853
00679B,元大美債20年,52,0,52,統一-中壢,2024-05-31,5853
2317,鴻海,67,16,51,統一-中壢,2024-05-31,5853
1440,南紡,40,0,40,統一-中壢,2024-05-31,5853
2002,中鋼,37,0,37,統一-中壢,2024-05-31,5853
2409,友達,35,1,34,統一-中壢,2024-05-31,5853
00921,兆豐龍頭等權重,32,0,32,統一-中壢,2024-05-31,5853
3703,欣陸,35,6,29,統一-中壢,2024-05-31,5853
2303,聯電,29,0,29,統一-中壢,2024-05-31,5853
2363,矽統,62,34,28,統一-中壢,2024-05-31,5853
00940,元大台灣價值高息,30,2,28,統一-中壢,2024-05-31,5853
2888,新光金,76,49,27,統一-中壢,2024-05-31,5853
3231,緯創,31,5,26,統一-中壢,2024-05-31,5853
00706L,期元大S＆P日圓正2,25,0,25,統一-中壢,2024-05-31,5853
00936,台新永續高息中小,25,0,25,統一-中壢,2024-05-31,5853
2367,燿華,32,8,24,統一-中壢,2024-05-31,5853
00907,永豐優息存股,24,0,24,統一-中壢,2024-05-31,5853
00637L,元大滬深300正2,24,0,24,統一-中壢,2024-05-31,5853
00885,富邦越南,22,0,22,統一-中壢,2024-05-31,5853
3321,同泰,23,1,22,統一-中壢,2024-05-31,5853
1815,富喬,56,35,21,統一-中壢,2024-05-31,5853
00878,國泰永續高股息,21,0,21,統一-中壢,2024-05-31,5853
2324,仁寶,22,2,20,統一-中壢,2024-05-31,5853
00935,野村臺灣新科技50,20,0,20,統一-中壢,2024-05-31,5853
6275,元山,21,1,20,統一-中壢,2024-05-31,5853
2365,昆盈,38,19,19,統一-中壢,2024-05-31,5853
5388,中磊,19,0,19,統一-中壢,2024-05-31,5853
3312,弘憶股,26,8,18,統一-中壢,2024-05-31,5853
6188,廣明,40,24,16,統一-中壢,2024-05-31,5853
1762,中化生,15,0,15,統一-中壢,2024-05-31,5853
2880,華南金,15,0,15,統一-中壢,2024-05-31,5853
1536,和大,16,1,15,統一-中壢,2024-05-31,5853
1101,台泥,20,5,15,統一-中壢,2024-05-31,5853
00665L,富邦�琤肭磪囓�2,50,36,14,統一-中壢,2024-05-31,5853
2344,華邦電,14,0,14,統一-中壢,2024-05-31,5853
2489,瑞軒,37,23,14,統一-中壢,2024-05-31,5853
1603,華電,20,7,13,統一-中壢,2024-05-31,5853
2405,輔信,15,2,13,統一-中壢,2024-05-31,5853
2610,華航,25,12,13,統一-中壢,2024-05-31,5853
3047,訊舟,37,24,13,統一-中壢,2024-05-31,5853
9945,潤泰新,14,2,12,統一-中壢,2024-05-31,5853
2353,宏��,21,9,12,統一-中壢,2024-05-31,5853
4168,醣聯,15,3,12,統一-中壢,2024-05-31,5853
5880,合庫金,13,1,12,統一-中壢,2024-05-31,5853
6005,群益證,12,0,12,統一-中壢,2024-05-31,5853
2382,廣達,13,2,11,統一-中壢,2024-05-31,5853
3694,海華,11,0,11,統一-中壢,2024-05-31,5853
1802,台玻,394,7,387,統一-中壢,2024-06-03,5853
00929,復華台灣科技優息,249,11,238,統一-中壢,2024-06-03,5853
00665L,富邦�琤肭磪囓�2,232,54,178,統一-中壢,2024-06-03,5853
00637L,元大滬深300正2,179,5,174,統一-中壢,2024-06-03,5853
2313,華通,116,1,115,統一-中壢,2024-06-03,5853
00882,中信中國高股息,70,0,70,統一-中壢,2024-06-03,5853
2886,兆豐金,71,1,70,統一-中壢,2024-06-03,5853
00632R,元大台灣50反1,61,2,59,統一-中壢,2024-06-03,5853
00940,元大台灣價值高息,66,14,52,統一-中壢,2024-06-03,5853
2887,台新金,50,0,50,統一-中壢,2024-06-03,5853
2371,大同,54,6,48,統一-中壢,2024-06-03,5853
00937B,群益ESG投等債20,54,11,43,統一-中壢,2024-06-03,5853
1810,和成,40,0,40,統一-中壢,2024-06-03,5853
2610,華航,41,5,36,統一-中壢,2024-06-03,5853
00918,大華優利高填息30,47,11,36,統一-中壢,2024-06-03,5853
00751B,元大AAA至A公司債,33,0,33,統一-中壢,2024-06-03,5853
6120,達運,33,0,33,統一-中壢,2024-06-03,5853
1605,華新,34,2,32,統一-中壢,2024-06-03,5853
1409,新纖,32,0,32,統一-中壢,2024-06-03,5853
1711,永光,31,0,31,統一-中壢,2024-06-03,5853
2889,國票金,31,0,31,統一-中壢,2024-06-03,5853
1219,福壽,30,0,30,統一-中壢,2024-06-03,5853
1785,光洋科,32,3,29,統一-中壢,2024-06-03,5853
00921,兆豐龍頭等權重,27,0,27,統一-中壢,2024-06-03,5853
1101,台泥,29,2,27,統一-中壢,2024-06-03,5853
2353,宏��,80,53,27,統一-中壢,2024-06-03,5853
6770,力積電,27,1,26,統一-中壢,2024-06-03,5853
2317,鴻海,34,10,24,統一-中壢,2024-06-03,5853
00715L,期街口布蘭特正2,24,0,24,統一-中壢,2024-06-03,5853
2354,鴻準,89,65,24,統一-中壢,2024-06-03,5853
4976,佳凌,25,1,24,統一-中壢,2024-06-03,5853
2880,華南金,22,0,22,統一-中壢,2024-06-03,5853
8054,安國,23,2,21,統一-中壢,2024-06-03,5853
5388,中磊,20,0,20,統一-中壢,2024-06-03,5853
00772B,中信高評級公司債,20,0,20,統一-中壢,2024-06-03,5853
2867,三商壽,23,3,20,統一-中壢,2024-06-03,5853
1103,嘉泥,19,0,19,統一-中壢,2024-06-03,5853
2324,仁寶,23,6,17,統一-中壢,2024-06-03,5853
6552,易華電,25,8,17,統一-中壢,2024-06-03,5853
2365,昆盈,23,7,16,統一-中壢,2024-06-03,5853
1536,和大,16,0,16,統一-中壢,2024-06-03,5853
2809,京城銀,16,0,16,統一-中壢,2024-06-03,5853
2888,新光金,56,40,16,統一-中壢,2024-06-03,5853
2608,嘉里大榮,21,6,15,統一-中壢,2024-06-03,5853
1905,華紙,14,0,14,統一-中壢,2024-06-03,5853
1314,中石化,20,7,13,統一-中壢,2024-06-03,5853
2399,映泰,14,1,13,統一-中壢,2024-06-03,5853
8121,越峰,13,0,13,統一-中壢,2024-06-03,5853
1805,寶徠,12,0,12,統一-中壢,2024-06-03,5853
2355,敬鵬,14,2,12,統一-中壢,2024-06-03,5853
4967,十銓,3722,16,3706,統一-中壢,2024-06-04,5853
1802,台玻,241,5,236,統一-中壢,2024-06-04,5853
2002,中鋼,222,14,208,統一-中壢,2024-06-04,5853
00679B,元大美債20年,170,30,140,統一-中壢,2024-06-04,5853
00919,群益台灣精選高息,137,42,95,統一-中壢,2024-06-04,5853
2312,金寶,89,3,86,統一-中壢,2024-06-04,5853
00929,復華台灣科技優息,77,4,73,統一-中壢,2024-06-04,5853
2609,陽明,97,25,72,統一-中壢,2024-06-04,5853
1815,富喬,150,84,66,統一-中壢,2024-06-04,5853
2313,華通,69,6,63,統一-中壢,2024-06-04,5853
2303,聯電,58,0,58,統一-中壢,2024-06-04,5853
2324,仁寶,87,35,52,統一-中壢,2024-06-04,5853
6167,久正,51,0,51,統一-中壢,2024-06-04,5853
2349,錸德,60,10,50,統一-中壢,2024-06-04,5853
3481,群創,64,14,50,統一-中壢,2024-06-04,5853
2317,鴻海,86,37,49,統一-中壢,2024-06-04,5853
2834,臺企銀,42,0,42,統一-中壢,2024-06-04,5853
00713,元大台灣高息低波,42,1,41,統一-中壢,2024-06-04,5853
2537,聯上發,43,2,41,統一-中壢,2024-06-04,5853
2610,華航,42,2,40,統一-中壢,2024-06-04,5853
00665L,富邦�琤肭磪囓�2,51,11,40,統一-中壢,2024-06-04,5853
2344,華邦電,46,12,34,統一-中壢,2024-06-04,5853
3030,德律,33,1,32,統一-中壢,2024-06-04,5853
00642U,期元大S＆P石油,30,0,30,統一-中壢,2024-06-04,5853
2615,萬海,46,16,30,統一-中壢,2024-06-04,5853
4562,穎漢,36,6,30,統一-中壢,2024-06-04,5853
00937B,群益ESG投等債20,43,14,29,統一-中壢,2024-06-04,5853
4903,聯光通,29,0,29,統一-中壢,2024-06-04,5853
00918,大華優利高填息30,24,0,24,統一-中壢,2024-06-04,5853
2618,長榮航,27,5,22,統一-中壢,2024-06-04,5853
2399,映泰,21,0,21,統一-中壢,2024-06-04,5853
2464,盟立,22,2,20,統一-中壢,2024-06-04,5853
2489,瑞軒,20,0,20,統一-中壢,2024-06-04,5853
2409,友達,34,16,18,統一-中壢,2024-06-04,5853
2301,光寶科,17,2,15,統一-中壢,2024-06-04,5853
6290,良維,17,2,15,統一-中壢,2024-06-04,5853
1313,聯成,15,0,15,統一-中壢,2024-06-04,5853
0056,元大高股息,14,0,14,統一-中壢,2024-06-04,5853
2354,鴻準,36,22,14,統一-中壢,2024-06-04,5853
6209,今國光,46,32,14,統一-中壢,2024-06-04,5853
00706L,期元大S＆P日圓正2,13,0,13,統一-中壢,2024-06-04,5853
2363,矽統,35,22,13,統一-中壢,2024-06-04,5853
00715L,期街口布蘭特正2,32,20,12,統一-中壢,2024-06-04,5853
1905,華紙,15,3,12,統一-中壢,2024-06-04,5853
2449,京元電子,14,2,12,統一-中壢,2024-06-04,5853
2889,國票金,12,0,12,統一-中壢,2024-06-04,5853
5371,中光電,17,5,12,統一-中壢,2024-06-04,5853
1218,泰山,12,1,11,統一-中壢,2024-06-04,5853
2314,台揚,11,0,11,統一-中壢,2024-06-04,5853
2367,燿華,20,9,11,統一-中壢,2024-06-04,5853
00929,復華台灣科技優息,211,5,206,統一-中壢,2024-06-05,5853
00680L,元大美債20正2,207,10,197,統一-中壢,2024-06-05,5853
6133,金橋,141,0,141,統一-中壢,2024-06-05,5853
00878,國泰永續高股息,141,21,120,統一-中壢,2024-06-05,5853
00919,群益台灣精選高息,102,16,86,統一-中壢,2024-06-05,5853
2609,陽明,195,117,78,統一-中壢,2024-06-05,5853
2313,華通,78,3,75,統一-中壢,2024-06-05,5853
2489,瑞軒,102,27,75,統一-中壢,2024-06-05,5853
1605,華新,69,0,69,統一-中壢,2024-06-05,5853
2324,仁寶,87,28,59,統一-中壢,2024-06-05,5853
00882,中信中國高股息,55,2,53,統一-中壢,2024-06-05,5853
2352,佳世達,46,0,46,統一-中壢,2024-06-05,5853
00665L,富邦�琤肭磪囓�2,46,1,45,統一-中壢,2024-06-05,5853
00715L,期街口布蘭特正2,40,0,40,統一-中壢,2024-06-05,5853
2442,新美齊,38,0,38,統一-中壢,2024-06-05,5853
2641,正德,47,9,38,統一-中壢,2024-06-05,5853
00936,台新永續高息中小,46,10,36,統一-中壢,2024-06-05,5853
00922,國泰台灣領袖50,38,3,35,統一-中壢,2024-06-05,5853
3499,環天科,34,0,34,統一-中壢,2024-06-05,5853
3088,艾訊,36,3,33,統一-中壢,2024-06-05,5853
2889,國票金,34,2,32,統一-中壢,2024-06-05,5853
00918,大華優利高填息30,34,3,31,統一-中壢,2024-06-05,5853
0056,元大高股息,37,6,31,統一-中壢,2024-06-05,5853
2611,志信,44,15,29,統一-中壢,2024-06-05,5853
00712,復華富時不動產,29,1,28,統一-中壢,2024-06-05,5853
2002,中鋼,28,0,28,統一-中壢,2024-06-05,5853
5880,合庫金,27,0,27,統一-中壢,2024-06-05,5853
2610,華航,42,15,27,統一-中壢,2024-06-05,5853
00939,統一台灣高息動能,39,12,27,統一-中壢,2024-06-05,5853
3706,神達,28,5,23,統一-中壢,2024-06-05,5853
4906,正文,31,8,23,統一-中壢,2024-06-05,5853
3057,喬鼎,22,0,22,統一-中壢,2024-06-05,5853
2349,錸德,21,0,21,統一-中壢,2024-06-05,5853
3231,緯創,31,12,19,統一-中壢,2024-06-05,5853
00942B,台新美A公司債20+,19,0,19,統一-中壢,2024-06-05,5853
3033,威健,20,1,19,統一-中壢,2024-06-05,5853
5302,太欣,18,0,18,統一-中壢,2024-06-05,5853
00940,元大台灣價值高息,22,7,15,統一-中壢,2024-06-05,5853
3090,日電貿,15,1,14,統一-中壢,2024-06-05,5853
8096,擎亞,22,8,14,統一-中壢,2024-06-05,5853
2449,京元電子,13,0,13,統一-中壢,2024-06-05,5853
2457,飛宏,15,2,13,統一-中壢,2024-06-05,5853
00941,中信上游半導體,13,0,13,統一-中壢,2024-06-05,5853
3059,華晶科,18,6,12,統一-中壢,2024-06-05,5853
2405,輔信,13,1,12,統一-中壢,2024-06-05,5853
6270,倍微,13,1,12,統一-中壢,2024-06-05,5853
2888,新光金,14,3,11,統一-中壢,2024-06-05,5853
3520,華盈,13,2,11,統一-中壢,2024-06-05,5853
3596,智易,11,0,11,統一-中壢,2024-06-05,5853
3605,宏致,11,0,11,統一-中壢,2024-06-05,5853
4967,十銓,233,43,190,統一-中壢,2024-06-06,5853
00680L,元大美債20正2,230,70,160,統一-中壢,2024-06-06,5853
00679B,元大美債20年,126,7,119,統一-中壢,2024-06-06,5853
2615,萬海,138,33,105,統一-中壢,2024-06-06,5853
2884,玉山金,89,0,89,統一-中壢,2024-06-06,5853
1582,信錦,82,2,80,統一-中壢,2024-06-06,5853
00882,中信中國高股息,60,0,60,統一-中壢,2024-06-06,5853
00936,台新永續高息中小,59,0,59,統一-中壢,2024-06-06,5853
6257,矽格,65,8,57,統一-中壢,2024-06-06,5853
6275,元山,56,0,56,統一-中壢,2024-06-06,5853
2101,南港,75,20,55,統一-中壢,2024-06-06,5853
00635U,期元大S＆P黃金,50,0,50,統一-中壢,2024-06-06,5853
2363,矽統,49,7,42,統一-中壢,2024-06-06,5853
2324,仁寶,50,10,40,統一-中壢,2024-06-06,5853
1718,中纖,38,0,38,統一-中壢,2024-06-06,5853
2489,瑞軒,51,15,36,統一-中壢,2024-06-06,5853
2353,宏��,32,3,29,統一-中壢,2024-06-06,5853
6742,澤米,26,0,26,統一-中壢,2024-06-06,5853
2002,中鋼,26,1,25,統一-中壢,2024-06-06,5853
3481,群創,42,18,24,統一-中壢,2024-06-06,5853
00918,大華優利高填息30,35,12,23,統一-中壢,2024-06-06,5853
2354,鴻準,47,24,23,統一-中壢,2024-06-06,5853
00919,群益台灣精選高息,35,14,21,統一-中壢,2024-06-06,5853
2367,燿華,41,21,20,統一-中壢,2024-06-06,5853
2603,長榮,51,31,20,統一-中壢,2024-06-06,5853
3499,環天科,20,0,20,統一-中壢,2024-06-06,5853
6133,金橋,20,0,20,統一-中壢,2024-06-06,5853
2371,大同,23,5,18,統一-中壢,2024-06-06,5853
3419,譁裕,17,0,17,統一-中壢,2024-06-06,5853
00687B,國泰20年美債,18,2,16,統一-中壢,2024-06-06,5853
2611,志信,35,19,16,統一-中壢,2024-06-06,5853
3048,益登,20,4,16,統一-中壢,2024-06-06,5853
6207,雷科,18,3,15,統一-中壢,2024-06-06,5853
2442,新美齊,13,0,13,統一-中壢,2024-06-06,5853
5340,建榮,14,1,13,統一-中壢,2024-06-06,5853
8054,安國,13,0,13,統一-中壢,2024-06-06,5853
1303,南亞,12,0,12,統一-中壢,2024-06-06,5853
3551,世禾,12,0,12,統一-中壢,2024-06-06,5853
3596,智易,14,2,12,統一-中壢,2024-06-06,5853
2382,廣達,16,4,12,統一-中壢,2024-06-06,5853
00946,群益科技高息成長,11,0,11,統一-中壢,2024-06-06,5853
1313,聯成,11,0,11,統一-中壢,2024-06-06,5853
2369,菱生,11,0,11,統一-中壢,2024-06-06,5853
2449,京元電子,11,0,11,統一-中壢,2024-06-06,5853
2537,聯上發,16,5,11,統一-中壢,2024-06-06,5853
5284,jpp-KY,11,0,11,統一-中壢,2024-06-06,5853
6147,頎邦,11,0,11,統一-中壢,2024-06-06,5853
6188,廣明,14,3,11,統一-中壢,2024-06-06,5853
5009,榮剛,10,0,10,統一-中壢,2024-06-06,5853
1409,新纖,10,0,10,統一-中壢,2024-06-06,5853
00637L,元大滬深300正2,481,0,481,統一-中壢,2024-06-07,5853
00919,群益台灣精選高息,178,26,152,統一-中壢,2024-06-07,5853
6257,矽格,143,0,143,統一-中壢,2024-06-07,5853
2371,大同,121,22,99,統一-中壢,2024-06-07,5853
4967,十銓,100,4,96,統一-中壢,2024-06-07,5853
00753L,中信中國50正2,90,5,85,統一-中壢,2024-06-07,5853
6143,振曜,54,2,52,統一-中壢,2024-06-07,5853
00936,台新永續高息中小,62,11,51,統一-中壢,2024-06-07,5853
1314,中石化,75,32,43,統一-中壢,2024-06-07,5853
00885,富邦越南,42,0,42,統一-中壢,2024-06-07,5853
00680L,元大美債20正2,40,0,40,統一-中壢,2024-06-07,5853
2349,錸德,35,0,35,統一-中壢,2024-06-07,5853
00713,元大台灣高息低波,34,0,34,統一-中壢,2024-06-07,5853
4958,臻鼎-KY,32,0,32,統一-中壢,2024-06-07,5853
00940,元大台灣價值高息,55,24,31,統一-中壢,2024-06-07,5853
2455,全新,31,0,31,統一-中壢,2024-06-07,5853
2489,瑞軒,37,7,30,統一-中壢,2024-06-07,5853
6142,友勁,30,0,30,統一-中壢,2024-06-07,5853
2313,華通,72,44,28,統一-中壢,2024-06-07,5853
00918,大華優利高填息30,26,0,26,統一-中壢,2024-06-07,5853
00902,中信電池及儲能,26,0,26,統一-中壢,2024-06-07,5853
4906,正文,27,1,26,統一-中壢,2024-06-07,5853
2883,凱基金,57,32,25,統一-中壢,2024-06-07,5853
00679B,元大美債20年,46,21,25,統一-中壢,2024-06-07,5853
00712,復華富時不動產,24,0,24,統一-中壢,2024-06-07,5853
00665L,富邦�琤肭磪囓�2,32,8,24,統一-中壢,2024-06-07,5853
1301,台塑,25,2,23,統一-中壢,2024-06-07,5853
2356,英業達,19,1,18,統一-中壢,2024-06-07,5853
2324,仁寶,27,10,17,統一-中壢,2024-06-07,5853
6026,福邦證,17,0,17,統一-中壢,2024-06-07,5853
2317,鴻海,30,14,16,統一-中壢,2024-06-07,5853
3705,永信,16,0,16,統一-中壢,2024-06-07,5853
2330,台積電,15,0,15,統一-中壢,2024-06-07,5853
2382,廣達,35,21,14,統一-中壢,2024-06-07,5853
2888,新光金,47,33,14,統一-中壢,2024-06-07,5853
5315,光聯,14,0,14,統一-中壢,2024-06-07,5853
2002,中鋼,14,0,14,統一-中壢,2024-06-07,5853
3596,智易,13,0,13,統一-中壢,2024-06-07,5853
1612,宏泰,19,7,12,統一-中壢,2024-06-07,5853
3013,晟銘電,15,3,12,統一-中壢,2024-06-07,5853
2889,國票金,15,3,12,統一-中壢,2024-06-07,5853
2520,冠德,18,7,11,統一-中壢,2024-06-07,5853
2897,王道銀行,16,5,11,統一-中壢,2024-06-07,5853
8096,擎亞,11,0,11,統一-中壢,2024-06-07,5853
2427,三商電,15,4,11,統一-中壢,2024-06-07,5853
8112,至上,10,0,10,統一-中壢,2024-06-07,5853
2102,泰豐,10,0,10,統一-中壢,2024-06-07,5853
2104,國際中橡,10,0,10,統一-中壢,2024-06-07,5853
2208,台船,10,0,10,統一-中壢,2024-06-07,5853
2449,京元電子,11,1,10,統一-中壢,2024-06-07,5853
00929,復華台灣科技優息,389,13,376,統一-中壢,2024-06-11,5853
00937B,群益ESG投等債20,290,99,191,統一-中壢,2024-06-11,5853
00687B,國泰20年美債,162,3,159,統一-中壢,2024-06-11,5853
2609,陽明,235,112,123,統一-中壢,2024-06-11,5853
2313,華通,114,4,110,統一-中壢,2024-06-11,5853
4967,十銓,125,23,102,統一-中壢,2024-06-11,5853
1815,富喬,213,116,97,統一-中壢,2024-06-11,5853
00665L,富邦�琤肭磪囓�2,102,7,95,統一-中壢,2024-06-11,5853
00942B,台新美A公司債20+,70,0,70,統一-中壢,2024-06-11,5853
2883B,凱基金乙特,60,0,60,統一-中壢,2024-06-11,5853
2888,新光金,60,4,56,統一-中壢,2024-06-11,5853
00753L,中信中國50正2,55,0,55,統一-中壢,2024-06-11,5853
00927,群益半導體收益,53,0,53,統一-中壢,2024-06-11,5853
4167,松瑞藥,87,35,52,統一-中壢,2024-06-11,5853
00679B,元大美債20年,50,0,50,統一-中壢,2024-06-11,5853
912000,晨訊科-DR,50,0,50,統一-中壢,2024-06-11,5853
00918,大華優利高填息30,49,0,49,統一-中壢,2024-06-11,5853
00688L,國泰20年美債正2,50,5,45,統一-中壢,2024-06-11,5853
00885,富邦越南,81,38,43,統一-中壢,2024-06-11,5853
0056,元大高股息,43,1,42,統一-中壢,2024-06-11,5853
2883,凱基金,156,115,41,統一-中壢,2024-06-11,5853
00882,中信中國高股息,51,13,38,統一-中壢,2024-06-11,5853
1316,上曜,51,14,37,統一-中壢,2024-06-11,5853
1609,大亞,38,2,36,統一-中壢,2024-06-11,5853
2356,英業達,40,7,33,統一-中壢,2024-06-11,5853
00712,復華富時不動產,31,0,31,統一-中壢,2024-06-11,5853
00892,富邦台灣半導體,30,0,30,統一-中壢,2024-06-11,5853
3499,環天科,29,0,29,統一-中壢,2024-06-11,5853
00637L,元大滬深300正2,333,305,28,統一-中壢,2024-06-11,5853
1714,和桐,28,0,28,統一-中壢,2024-06-11,5853
00936,台新永續高息中小,43,17,26,統一-中壢,2024-06-11,5853
00907,永豐優息存股,26,0,26,統一-中壢,2024-06-11,5853
00939,統一台灣高息動能,37,12,25,統一-中壢,2024-06-11,5853
2613,中櫃,29,4,25,統一-中壢,2024-06-11,5853
2002,中鋼,25,0,25,統一-中壢,2024-06-11,5853
00919,群益台灣精選高息,77,54,23,統一-中壢,2024-06-11,5853
3032,偉訓,21,0,21,統一-中壢,2024-06-11,5853
3218,大學光,20,0,20,統一-中壢,2024-06-11,5853
00764B,群益25年美債,20,0,20,統一-中壢,2024-06-11,5853
5512,力麒,20,0,20,統一-中壢,2024-06-11,5853
2603,長榮,56,37,19,統一-中壢,2024-06-11,5853
8071,能率網通,20,1,19,統一-中壢,2024-06-11,5853
00751B,元大AAA至A公司債,18,0,18,統一-中壢,2024-06-11,5853
1608,華榮,18,0,18,統一-中壢,2024-06-11,5853
00878,國泰永續高股息,88,71,17,統一-中壢,2024-06-11,5853
00772B,中信高評級公司債,17,0,17,統一-中壢,2024-06-11,5853
2442,新美齊,16,0,16,統一-中壢,2024-06-11,5853
00915,凱基優選高股息30,15,0,15,統一-中壢,2024-06-11,5853
1301,台塑,15,0,15,統一-中壢,2024-06-11,5853
1529,樂事綠能,15,0,15,統一-中壢,2024-06-11,5853
00937B,群益ESG投等債20,318,119,199,統一-中壢,2024-06-12,5853
00929,復華台灣科技優息,218,43,175,統一-中壢,2024-06-12,5853
2313,華通,174,32,142,統一-中壢,2024-06-12,5853
00712,復華富時不動產,102,0,102,統一-中壢,2024-06-12,5853
00933B,國泰10Y+金融債,100,0,100,統一-中壢,2024-06-12,5853
2883,凱基金,108,13,95,統一-中壢,2024-06-12,5853
2303,聯電,83,1,82,統一-中壢,2024-06-12,5853
3231,緯創,77,12,65,統一-中壢,2024-06-12,5853
2356,英業達,71,9,62,統一-中壢,2024-06-12,5853
2489,瑞軒,57,4,53,統一-中壢,2024-06-12,5853
4534,慶騰,55,3,52,統一-中壢,2024-06-12,5853
00687B,國泰20年美債,52,4,48,統一-中壢,2024-06-12,5853
3056,富華新,43,0,43,統一-中壢,2024-06-12,5853
00922,國泰台灣領袖50,40,0,40,統一-中壢,2024-06-12,5853
2354,鴻準,46,7,39,統一-中壢,2024-06-12,5853
1810,和成,35,0,35,統一-中壢,2024-06-12,5853
2618,長榮航,41,6,35,統一-中壢,2024-06-12,5853
00918,大華優利高填息30,74,40,34,統一-中壢,2024-06-12,5853
2464,盟立,33,1,32,統一-中壢,2024-06-12,5853
3481,群創,102,75,27,統一-中壢,2024-06-12,5853
00942B,台新美A公司債20+,26,0,26,統一-中壢,2024-06-12,5853
2409,友達,34,8,26,統一-中壢,2024-06-12,5853
00907,永豐優息存股,24,0,24,統一-中壢,2024-06-12,5853
2374,佳能,32,10,22,統一-中壢,2024-06-12,5853
00713,元大台灣高息低波,20,0,20,統一-中壢,2024-06-12,5853
2371,大同,21,1,20,統一-中壢,2024-06-12,5853
1301,台塑,26,6,20,統一-中壢,2024-06-12,5853
6133,金橋,19,0,19,統一-中壢,2024-06-12,5853
6188,廣明,19,1,18,統一-中壢,2024-06-12,5853
00882,中信中國高股息,23,5,18,統一-中壢,2024-06-12,5853
3363,上詮,28,11,17,統一-中壢,2024-06-12,5853
4903,聯光通,19,2,17,統一-中壢,2024-06-12,5853
6215,和椿,23,6,17,統一-中壢,2024-06-12,5853
2382,廣達,17,0,17,統一-中壢,2024-06-12,5853
2002,中鋼,17,2,15,統一-中壢,2024-06-12,5853
2449,京元電子,14,0,14,統一-中壢,2024-06-12,5853
2851,中再保,14,0,14,統一-中壢,2024-06-12,5853
00878,國泰永續高股息,13,0,13,統一-中壢,2024-06-12,5853
8112,至上,14,1,13,統一-中壢,2024-06-12,5853
00632R,元大台灣50反1,13,0,13,統一-中壢,2024-06-12,5853
2886,兆豐金,13,0,13,統一-中壢,2024-06-12,5853
2888,新光金,22,9,13,統一-中壢,2024-06-12,5853
2365,昆盈,14,2,12,統一-中壢,2024-06-12,5853
00947,台新臺灣IC設計,32,20,12,統一-中壢,2024-06-12,5853
1513,中興電,15,3,12,統一-中壢,2024-06-12,5853
2617,台航,12,0,12,統一-中壢,2024-06-12,5853
2324,仁寶,28,17,11,統一-中壢,2024-06-12,5853
2353,宏��,29,18,11,統一-中壢,2024-06-12,5853
2501,國建,14,3,11,統一-中壢,2024-06-12,5853
2359,所羅門,14,3,11,統一-中壢,2024-06-12,5853
2344,華邦電,301,2,299,統一-中壢,2024-06-13,5853
00664R,國泰臺灣加權反1,120,0,120,統一-中壢,2024-06-13,5853
00680L,元大美債20正2,100,10,90,統一-中壢,2024-06-13,5853
00942B,台新美A公司債20+,80,0,80,統一-中壢,2024-06-13,5853
2313,華通,84,6,78,統一-中壢,2024-06-13,5853
00712,復華富時不動產,61,0,61,統一-中壢,2024-06-13,5853
2888,新光金,57,3,54,統一-中壢,2024-06-13,5853
00650L,復華香港正2,50,0,50,統一-中壢,2024-06-13,5853
00922,國泰台灣領袖50,51,1,50,統一-中壢,2024-06-13,5853
2495,普安,50,0,50,統一-中壢,2024-06-13,5853
6143,振曜,60,10,50,統一-中壢,2024-06-13,5853
00757,統一FANG+,48,0,48,統一-中壢,2024-06-13,5853
2374,佳能,58,18,40,統一-中壢,2024-06-13,5853
2618,長榮航,45,10,35,統一-中壢,2024-06-13,5853
6147,頎邦,35,0,35,統一-中壢,2024-06-13,5853
00878,國泰永續高股息,34,0,34,統一-中壢,2024-06-13,5853
00946,群益科技高息成長,32,0,32,統一-中壢,2024-06-13,5853
3044,健鼎,30,0,30,統一-中壢,2024-06-13,5853
2427,三商電,53,24,29,統一-中壢,2024-06-13,5853
2324,仁寶,37,8,29,統一-中壢,2024-06-13,5853
00679B,元大美債20年,30,1,29,統一-中壢,2024-06-13,5853
2367,燿華,33,5,28,統一-中壢,2024-06-13,5853
3035,智原,30,4,26,統一-中壢,2024-06-13,5853
00632R,元大台灣50反1,183,160,23,統一-中壢,2024-06-13,5853
3706,神達,29,7,22,統一-中壢,2024-06-13,5853
6197,佳必琪,22,0,22,統一-中壢,2024-06-13,5853
2317,鴻海,56,34,22,統一-中壢,2024-06-13,5853
8071,能率網通,37,16,21,統一-中壢,2024-06-13,5853
2002,中鋼,21,0,21,統一-中壢,2024-06-13,5853
6187,萬潤,24,3,21,統一-中壢,2024-06-13,5853
8086,宏捷科,23,2,21,統一-中壢,2024-06-13,5853
6290,良維,19,0,19,統一-中壢,2024-06-13,5853
2851,中再保,20,1,19,統一-中壢,2024-06-13,5853
2359,所羅門,33,15,18,統一-中壢,2024-06-13,5853
1810,和成,17,0,17,統一-中壢,2024-06-13,5853
00947,台新臺灣IC設計,15,0,15,統一-中壢,2024-06-13,5853
6552,易華電,25,10,15,統一-中壢,2024-06-13,5853
2371,大同,23,9,14,統一-中壢,2024-06-13,5853
1529,樂事綠能,12,0,12,統一-中壢,2024-06-13,5853
2337,旺宏,11,0,11,統一-中壢,2024-06-13,5853
5371,中光電,19,8,11,統一-中壢,2024-06-13,5853
3008,大立光,10,0,10,統一-中壢,2024-06-13,5853
2329,華泰,12,2,10,統一-中壢,2024-06-13,5853
2855,統一證,11,1,10,統一-中壢,2024-06-13,5853
3013,晟銘電,15,5,10,統一-中壢,2024-06-13,5853
3499,環天科,10,0,10,統一-中壢,2024-06-13,5853
3581,博磊,10,0,10,統一-中壢,2024-06-13,5853
3673,TPK-KY,10,0,10,統一-中壢,2024-06-13,5853
3708,上緯投控,10,0,10,統一-中壢,2024-06-13,5853
00753L,中信中國50正2,9,0,9,統一-中壢,2024-06-13,5853
2313,華通,94,7,87,統一-中壢,2024-06-14,5853
2615,萬海,73,14,59,統一-中壢,2024-06-14,5853
00919,群益台灣精選高息,68,11,57,統一-中壢,2024-06-14,5853
00918,大華優利高填息30,73,20,53,統一-中壢,2024-06-14,5853
2891,中信金,52,0,52,統一-中壢,2024-06-14,5853
00929,復華台灣科技優息,74,24,50,統一-中壢,2024-06-14,5853
1815,富喬,53,10,43,統一-中壢,2024-06-14,5853
00936,台新永續高息中小,52,10,42,統一-中壢,2024-06-14,5853
2353,宏��,37,0,37,統一-中壢,2024-06-14,5853
6285,啟��,32,0,32,統一-中壢,2024-06-14,5853
00933B,國泰10Y+金融債,30,0,30,統一-中壢,2024-06-14,5853
2002,中鋼,34,6,28,統一-中壢,2024-06-14,5853
2371,大同,63,37,26,統一-中壢,2024-06-14,5853
00947,台新臺灣IC設計,25,0,25,統一-中壢,2024-06-14,5853
2324,仁寶,35,10,25,統一-中壢,2024-06-14,5853
6488,環球晶,24,0,24,統一-中壢,2024-06-14,5853
2444,兆勁,24,0,24,統一-中壢,2024-06-14,5853
2464,盟立,24,0,24,統一-中壢,2024-06-14,5853
3591,艾笛森,25,1,24,統一-中壢,2024-06-14,5853
00939,統一台灣高息動能,23,0,23,統一-中壢,2024-06-14,5853
1301,台塑,22,0,22,統一-中壢,2024-06-14,5853
1307,三芳,22,0,22,統一-中壢,2024-06-14,5853
2344,華邦電,22,0,22,統一-中壢,2024-06-14,5853
3413,京鼎,21,0,21,統一-中壢,2024-06-14,5853
2367,燿華,46,26,20,統一-中壢,2024-06-14,5853
8234,新漢,20,0,20,統一-中壢,2024-06-14,5853
2401,凌陽,18,0,18,統一-中壢,2024-06-14,5853
2913,農林,16,0,16,統一-中壢,2024-06-14,5853
00948B,中信優息投資級債,16,0,16,統一-中壢,2024-06-14,5853
2363,矽統,20,7,13,統一-中壢,2024-06-14,5853
00772B,中信高評級公司債,12,0,12,統一-中壢,2024-06-14,5853
3013,晟銘電,33,21,12,統一-中壢,2024-06-14,5853
4561,健椿,12,0,12,統一-中壢,2024-06-14,5853
8071,能率網通,14,2,12,統一-中壢,2024-06-14,5853
6552,易華電,26,15,11,統一-中壢,2024-06-14,5853
8103,瀚荃,11,0,11,統一-中壢,2024-06-14,5853
2486,一詮,41,30,11,統一-中壢,2024-06-14,5853
2392,正崴,32,22,10,統一-中壢,2024-06-14,5853
3661,世芯-KY,10,0,10,統一-中壢,2024-06-14,5853
00923,群益台ESG低碳50,10,0,10,統一-中壢,2024-06-14,5853
00922,國泰台灣領袖50,10,0,10,統一-中壢,2024-06-14,5853
00942B,台新美A公司債20+,10,0,10,統一-中壢,2024-06-14,5853
1737,臺鹽,10,0,10,統一-中壢,2024-06-14,5853
2458,義隆,10,0,10,統一-中壢,2024-06-14,5853
2892,第一金,10,0,10,統一-中壢,2024-06-14,5853
4903,聯光通,10,0,10,統一-中壢,2024-06-14,5853
6233,旺玖,15,5,10,統一-中壢,2024-06-14,5853
6592,和潤企業,10,0,10,統一-中壢,2024-06-14,5853
3324,雙鴻,10,0,10,統一-中壢,2024-06-14,5853
5871,中租-KY,10,1,9,統一-中壢,2024-06-14,5853
1802,台玻,465,15,450,統一-中壢,2024-06-17,5853
00946,群益科技高息成長,203,3,200,統一-中壢,2024-06-17,5853
00918,大華優利高填息30,171,9,162,統一-中壢,2024-06-17,5853
00936,台新永續高息中小,163,10,153,統一-中壢,2024-06-17,5853
00940,元大台灣價值高息,92,3,89,統一-中壢,2024-06-17,5853
00929,復華台灣科技優息,110,35,75,統一-中壢,2024-06-17,5853
00885,富邦越南,73,0,73,統一-中壢,2024-06-17,5853
2314,台揚,57,0,57,統一-中壢,2024-06-17,5853
2312,金寶,57,1,56,統一-中壢,2024-06-17,5853
3481,群創,143,91,52,統一-中壢,2024-06-17,5853
5871,中租-KY,55,4,51,統一-中壢,2024-06-17,5853
00712,復華富時不動產,51,0,51,統一-中壢,2024-06-17,5853
00948B,中信優息投資級債,51,0,51,統一-中壢,2024-06-17,5853
2337,旺宏,50,3,47,統一-中壢,2024-06-17,5853
00944,野村趨勢動能高息,43,0,43,統一-中壢,2024-06-17,5853
00937B,群益ESG投等債20,90,50,40,統一-中壢,2024-06-17,5853
00882,中信中國高股息,40,0,40,統一-中壢,2024-06-17,5853
00942B,台新美A公司債20+,32,0,32,統一-中壢,2024-06-17,5853
3357,臺慶科,30,0,30,統一-中壢,2024-06-17,5853
4157,太景*-KY,30,0,30,統一-中壢,2024-06-17,5853
3062,建漢,39,11,28,統一-中壢,2024-06-17,5853
8916,光隆,28,0,28,統一-中壢,2024-06-17,5853
1905,華紙,26,0,26,統一-中壢,2024-06-17,5853
1609,大亞,41,18,23,統一-中壢,2024-06-17,5853
6257,矽格,24,1,23,統一-中壢,2024-06-17,5853
00902,中信電池及儲能,22,0,22,統一-中壢,2024-06-17,5853
2615,萬海,60,39,21,統一-中壢,2024-06-17,5853
00921,兆豐龍頭等權重,20,0,20,統一-中壢,2024-06-17,5853
2305,全友,20,0,20,統一-中壢,2024-06-17,5853
2495,普安,20,0,20,統一-中壢,2024-06-17,5853
3041,揚智,21,1,20,統一-中壢,2024-06-17,5853
6288,聯嘉,20,0,20,統一-中壢,2024-06-17,5853
2317,鴻海,38,20,18,統一-中壢,2024-06-17,5853
2376,技嘉,18,2,16,統一-中壢,2024-06-17,5853
2641,正德,15,0,15,統一-中壢,2024-06-17,5853
2356,英業達,31,16,15,統一-中壢,2024-06-17,5853
6120,達運,17,2,15,統一-中壢,2024-06-17,5853
911868,同方友友-DR,16,1,15,統一-中壢,2024-06-17,5853
00895,富邦未來車,14,0,14,統一-中壢,2024-06-17,5853
2354,鴻準,17,3,14,統一-中壢,2024-06-17,5853
2489,瑞軒,17,3,14,統一-中壢,2024-06-17,5853
1503,士電,31,18,13,統一-中壢,2024-06-17,5853
4167,松瑞藥,15,2,13,統一-中壢,2024-06-17,5853
2882,國泰金,13,1,12,統一-中壢,2024-06-17,5853
00933B,國泰10Y+金融債,11,0,11,統一-中壢,2024-06-17,5853
2324,仁寶,16,5,11,統一-中壢,2024-06-17,5853
2867,三商壽,26,15,11,統一-中壢,2024-06-17,5853
6486,互動,11,0,11,統一-中壢,2024-06-17,5853
2897,王道銀行,15,5,10,統一-中壢,2024-06-17,5853
00713,元大台灣高息低波,10,0,10,統一-中壢,2024-06-17,5853
4967,十銓,421,116,305,統一-中壢,2024-06-18,5853
00937B,群益ESG投等債20,267,8,259,統一-中壢,2024-06-18,5853
00936,台新永續高息中小,135,6,129,統一-中壢,2024-06-18,5853
00918,大華優利高填息30,121,19,102,統一-中壢,2024-06-18,5853
5871,中租-KY,80,0,80,統一-中壢,2024-06-18,5853
6770,力積電,75,8,67,統一-中壢,2024-06-18,5853
00687B,國泰20年美債,67,0,67,統一-中壢,2024-06-18,5853
00946,群益科技高息成長,61,0,61,統一-中壢,2024-06-18,5853
2355,敬鵬,53,5,48,統一-中壢,2024-06-18,5853
2328,廣宇,44,0,44,統一-中壢,2024-06-18,5853
00905,FT臺灣Smart,43,0,43,統一-中壢,2024-06-18,5853
00882,中信中國高股息,50,7,43,統一-中壢,2024-06-18,5853
2489,瑞軒,45,2,43,統一-中壢,2024-06-18,5853
00929,復華台灣科技優息,48,7,41,統一-中壢,2024-06-18,5853
2371,大同,101,62,39,統一-中壢,2024-06-18,5853
00665L,富邦�琤肭磪囓�2,42,10,32,統一-中壢,2024-06-18,5853
2367,燿華,34,4,30,統一-中壢,2024-06-18,5853
00935,野村臺灣新科技50,28,0,28,統一-中壢,2024-06-18,5853
2317,鴻海,50,22,28,統一-中壢,2024-06-18,5853
00924,復華S＆P500成長,27,0,27,統一-中壢,2024-06-18,5853
5443,均豪,39,12,27,統一-中壢,2024-06-18,5853
2891,中信金,30,4,26,統一-中壢,2024-06-18,5853
00947,台新臺灣IC設計,26,0,26,統一-中壢,2024-06-18,5853
00751B,元大AAA至A公司債,24,0,24,統一-中壢,2024-06-18,5853
3035,智原,32,8,24,統一-中壢,2024-06-18,5853
3481,群創,94,72,22,統一-中壢,2024-06-18,5853
2641,正德,22,0,22,統一-中壢,2024-06-18,5853
00753L,中信中國50正2,21,0,21,統一-中壢,2024-06-18,5853
00637L,元大滬深300正2,20,0,20,統一-中壢,2024-06-18,5853
00633L,富邦上証正2,20,0,20,統一-中壢,2024-06-18,5853
3056,富華新,18,0,18,統一-中壢,2024-06-18,5853
2353,宏��,24,7,17,統一-中壢,2024-06-18,5853
6451,訊芯-KY,21,4,17,統一-中壢,2024-06-18,5853
9105,泰金寶-DR,24,7,17,統一-中壢,2024-06-18,5853
2352,佳世達,16,0,16,統一-中壢,2024-06-18,5853
2428,興勤,16,0,16,統一-中壢,2024-06-18,5853
2603,長榮,16,0,16,統一-中壢,2024-06-18,5853
00876,元大全球5G,15,0,15,統一-中壢,2024-06-18,5853
00861,元大全球未來通訊,15,0,15,統一-中壢,2024-06-18,5853
2312,金寶,15,0,15,統一-中壢,2024-06-18,5853
3390,旭軟,15,0,15,統一-中壢,2024-06-18,5853
1303,南亞,14,0,14,統一-中壢,2024-06-18,5853
6609,瀧澤科,14,0,14,統一-中壢,2024-06-18,5853
00919,群益台灣精選高息,47,33,14,統一-中壢,2024-06-18,5853
6201,亞弘電,13,0,13,統一-中壢,2024-06-18,5853
00673R,期元大S＆P原油反1,12,0,12,統一-中壢,2024-06-18,5853
00948B,中信優息投資級債,12,0,12,統一-中壢,2024-06-18,5853
2501,國建,13,1,12,統一-中壢,2024-06-18,5853
5371,中光電,20,8,12,統一-中壢,2024-06-18,5853
8112,至上,16,4,12,統一-中壢,2024-06-18,5853
00680L,元大美債20正2,710,0,710,統一-中壢,2024-06-19,5853
1815,富喬,555,34,521,統一-中壢,2024-06-19,5853
5269,祥碩,157,0,157,統一-中壢,2024-06-19,5853
00942B,台新美A公司債20+,147,0,147,統一-中壢,2024-06-19,5853
00632R,元大台灣50反1,259,120,139,統一-中壢,2024-06-19,5853
3443,創意,131,1,130,統一-中壢,2024-06-19,5853
00936,台新永續高息中小,116,0,116,統一-中壢,2024-06-19,5853
00712,復華富時不動產,101,1,100,統一-中壢,2024-06-19,5853
00929,復華台灣科技優息,165,84,81,統一-中壢,2024-06-19,5853
2409,友達,102,24,78,統一-中壢,2024-06-19,5853
00940,元大台灣價值高息,136,67,69,統一-中壢,2024-06-19,5853
00687B,國泰20年美債,56,4,52,統一-中壢,2024-06-19,5853
4142,國光生,52,2,50,統一-中壢,2024-06-19,5853
1810,和成,45,0,45,統一-中壢,2024-06-19,5853
3062,建漢,64,19,45,統一-中壢,2024-06-19,5853
00679B,元大美債20年,52,9,43,統一-中壢,2024-06-19,5853
00931B,統一美債20年,55,12,43,統一-中壢,2024-06-19,5853
00948B,中信優息投資級債,42,0,42,統一-中壢,2024-06-19,5853
4979,華星光,39,2,37,統一-中壢,2024-06-19,5853
2317,鴻海,79,43,36,統一-中壢,2024-06-19,5853
3044,健鼎,30,0,30,統一-中壢,2024-06-19,5853
00885,富邦越南,73,45,28,統一-中壢,2024-06-19,5853
3622,洋華,25,2,23,統一-中壢,2024-06-19,5853
3673,TPK-KY,23,0,23,統一-中壢,2024-06-19,5853
3036,文曄,21,0,21,統一-中壢,2024-06-19,5853
9105,泰金寶-DR,23,2,21,統一-中壢,2024-06-19,5853
2353,宏��,28,8,20,統一-中壢,2024-06-19,5853
00915,凱基優選高股息30,20,0,20,統一-中壢,2024-06-19,5853
1584,精剛,20,0,20,統一-中壢,2024-06-19,5853
2867,三商壽,33,14,19,統一-中壢,2024-06-19,5853
8071,能率網通,20,1,19,統一-中壢,2024-06-19,5853
2354,鴻準,37,20,17,統一-中壢,2024-06-19,5853
6190,萬泰科,28,11,17,統一-中壢,2024-06-19,5853
1303,南亞,16,0,16,統一-中壢,2024-06-19,5853
1504,東元,17,1,16,統一-中壢,2024-06-19,5853
1734,杏輝,16,0,16,統一-中壢,2024-06-19,5853
6449,鈺邦,58,42,16,統一-中壢,2024-06-19,5853
8069,元太,16,0,16,統一-中壢,2024-06-19,5853
00713,元大台灣高息低波,16,0,16,統一-中壢,2024-06-19,5853
6140,訊達,15,0,15,統一-中壢,2024-06-19,5853
2301,光寶科,17,2,15,統一-中壢,2024-06-19,5853
3450,聯鈞,36,22,14,統一-中壢,2024-06-19,5853
6609,瀧澤科,14,0,14,統一-中壢,2024-06-19,5853
3005,神基,14,0,14,統一-中壢,2024-06-19,5853
5880,合庫金,21,7,14,統一-中壢,2024-06-19,5853
00923,群益台ESG低碳50,12,0,12,統一-中壢,2024-06-19,5853
8064,東捷,18,6,12,統一-中壢,2024-06-19,5853
00662,富邦NASDAQ,11,0,11,統一-中壢,2024-06-19,5853
2915,潤泰全,11,0,11,統一-中壢,2024-06-19,5853
3265,台星科,11,0,11,統一-中壢,2024-06-19,5853
2356,英業達,458,27,431,統一-中壢,2024-06-20,5853
2618,長榮航,309,10,299,統一-中壢,2024-06-20,5853
00937B,群益ESG投等債20,285,2,283,統一-中壢,2024-06-20,5853
6733,博晟生醫,170,0,170,統一-中壢,2024-06-20,5853
5269,祥碩,138,0,138,統一-中壢,2024-06-20,5853
00919,群益台灣精選高息,419,296,123,統一-中壢,2024-06-20,5853
00632R,元大台灣50反1,144,70,74,統一-中壢,2024-06-20,5853
8096,擎亞,94,20,74,統一-中壢,2024-06-20,5853
00687B,國泰20年美債,73,1,72,統一-中壢,2024-06-20,5853
5388,中磊,80,23,57,統一-中壢,2024-06-20,5853
2615,萬海,104,50,54,統一-中壢,2024-06-20,5853
2382,廣達,72,23,49,統一-中壢,2024-06-20,5853
00940,元大台灣價值高息,97,54,43,統一-中壢,2024-06-20,5853
00885,富邦越南,41,0,41,統一-中壢,2024-06-20,5853
00942B,台新美A公司債20+,34,0,34,統一-中壢,2024-06-20,5853
6140,訊達,38,5,33,統一-中壢,2024-06-20,5853
00935,野村臺灣新科技50,30,0,30,統一-中壢,2024-06-20,5853
6016,康和證,30,0,30,統一-中壢,2024-06-20,5853
00936,台新永續高息中小,89,60,29,統一-中壢,2024-06-20,5853
8105,凌巨,34,6,28,統一-中壢,2024-06-20,5853
00947,台新臺灣IC設計,27,0,27,統一-中壢,2024-06-20,5853
2408,南亞科,50,24,26,統一-中壢,2024-06-20,5853
00665L,富邦�琤肭磪囓�2,43,18,25,統一-中壢,2024-06-20,5853
00933B,國泰10Y+金融債,22,1,21,統一-中壢,2024-06-20,5853
6770,力積電,25,5,20,統一-中壢,2024-06-20,5853
3276,宇環,19,0,19,統一-中壢,2024-06-20,5853
00764B,群益25年美債,17,0,17,統一-中壢,2024-06-20,5853
2323,中環,17,0,17,統一-中壢,2024-06-20,5853
2353,宏��,44,28,16,統一-中壢,2024-06-20,5853
00948B,中信優息投資級債,17,1,16,統一-中壢,2024-06-20,5853
1802,台玻,16,0,16,統一-中壢,2024-06-20,5853
2489,瑞軒,17,2,15,統一-中壢,2024-06-20,5853
1101,台泥,14,0,14,統一-中壢,2024-06-20,5853
3360,尚立,14,0,14,統一-中壢,2024-06-20,5853
6505,台塑化,19,5,14,統一-中壢,2024-06-20,5853
2537,聯上發,15,2,13,統一-中壢,2024-06-20,5853
3033,威健,14,1,13,統一-中壢,2024-06-20,5853
4526,東台,39,26,13,統一-中壢,2024-06-20,5853
5439,高技,13,0,13,統一-中壢,2024-06-20,5853
3014,聯陽,12,0,12,統一-中壢,2024-06-20,5853
6215,和椿,12,0,12,統一-中壢,2024-06-20,5853
00881,國泰台灣5G+,11,0,11,統一-中壢,2024-06-20,5853
2610,華航,18,7,11,統一-中壢,2024-06-20,5853
2855,統一證,11,0,11,統一-中壢,2024-06-20,5853
5905,南仁湖,11,0,11,統一-中壢,2024-06-20,5853
6153,嘉聯益,13,2,11,統一-中壢,2024-06-20,5853
8277,商丞,14,3,11,統一-中壢,2024-06-20,5853
2454,聯發科,11,0,11,統一-中壢,2024-06-20,5853
1301,台塑,10,0,10,統一-中壢,2024-06-20,5853
2903,遠百,10,0,10,統一-中壢,2024-06-20,5853
00937B,群益ESG投等債20,349,0,349,統一-中壢,2024-06-21,5853
00919,群益台灣精選高息,261,55,206,統一-中壢,2024-06-21,5853
00942B,台新美A公司債20+,169,0,169,統一-中壢,2024-06-21,5853
3380,明泰,107,13,94,統一-中壢,2024-06-21,5853
2317,鴻海,96,22,74,統一-中壢,2024-06-21,5853
00753L,中信中國50正2,70,0,70,統一-中壢,2024-06-21,5853
2356,英業達,62,8,54,統一-中壢,2024-06-21,5853
2609,陽明,96,49,47,統一-中壢,2024-06-21,5853
00687B,國泰20年美債,45,1,44,統一-中壢,2024-06-21,5853
6733,博晟生醫,42,0,42,統一-中壢,2024-06-21,5853
5880,合庫金,42,1,41,統一-中壢,2024-06-21,5853
00885,富邦越南,40,0,40,統一-中壢,2024-06-21,5853
6116,彩晶,44,4,40,統一-中壢,2024-06-21,5853
00679B,元大美債20年,41,2,39,統一-中壢,2024-06-21,5853
1301,台塑,36,0,36,統一-中壢,2024-06-21,5853
00936,台新永續高息中小,36,0,36,統一-中壢,2024-06-21,5853
00665L,富邦�琤肭磪囓�2,38,7,31,統一-中壢,2024-06-21,5853
00948B,中信優息投資級債,26,0,26,統一-中壢,2024-06-21,5853
6140,訊達,29,4,25,統一-中壢,2024-06-21,5853
2324,仁寶,29,6,23,統一-中壢,2024-06-21,5853
3673,TPK-KY,23,1,22,統一-中壢,2024-06-21,5853
6282,康舒,22,1,21,統一-中壢,2024-06-21,5853
2883B,凱基金乙特,20,0,20,統一-中壢,2024-06-21,5853
3024,憶聲,20,0,20,統一-中壢,2024-06-21,5853
4903,聯光通,20,0,20,統一-中壢,2024-06-21,5853
5302,太欣,20,0,20,統一-中壢,2024-06-21,5853
2313,華通,44,25,19,統一-中壢,2024-06-21,5853
2504,國產,19,0,19,統一-中壢,2024-06-21,5853
4958,臻鼎-KY,24,5,19,統一-中壢,2024-06-21,5853
2023,燁輝,25,7,18,統一-中壢,2024-06-21,5853
1611,中電,50,33,17,統一-中壢,2024-06-21,5853
6021,美好證,17,0,17,統一-中壢,2024-06-21,5853
6456,GIS-KY,17,0,17,統一-中壢,2024-06-21,5853
00933B,國泰10Y+金融債,16,0,16,統一-中壢,2024-06-21,5853
3227,原相,16,0,16,統一-中壢,2024-06-21,5853
00712,復華富時不動產,15,0,15,統一-中壢,2024-06-21,5853
00632R,元大台灣50反1,15,0,15,統一-中壢,2024-06-21,5853
00882,中信中國高股息,15,0,15,統一-中壢,2024-06-21,5853
1815,富喬,64,49,15,統一-中壢,2024-06-21,5853
00878,國泰永續高股息,26,12,14,統一-中壢,2024-06-21,5853
2449,京元電子,17,4,13,統一-中壢,2024-06-21,5853
3622,洋華,22,9,13,統一-中壢,2024-06-21,5853
3450,聯鈞,61,48,13,統一-中壢,2024-06-21,5853
2610,華航,43,31,12,統一-中壢,2024-06-21,5853
3390,旭軟,15,3,12,統一-中壢,2024-06-21,5853
2002,中鋼,13,1,12,統一-中壢,2024-06-21,5853
2371,大同,28,16,12,統一-中壢,2024-06-21,5853
2359,所羅門,17,6,11,統一-中壢,2024-06-21,5853
00897,富邦基因免疫生技,11,0,11,統一-中壢,2024-06-21,5853
2101,南港,11,0,11,統一-中壢,2024-06-21,5853
2409,友達,420,20,400,統一-中壢,2024-06-24,5853
00929,復華台灣科技優息,125,22,103,統一-中壢,2024-06-24,5853
00937B,群益ESG投等債20,85,0,85,統一-中壢,2024-06-24,5853
5880,合庫金,75,3,72,統一-中壢,2024-06-24,5853
3047,訊舟,67,7,60,統一-中壢,2024-06-24,5853
00919,群益台灣精選高息,101,42,59,統一-中壢,2024-06-24,5853
00936,台新永續高息中小,53,0,53,統一-中壢,2024-06-24,5853
2317,鴻海,68,18,50,統一-中壢,2024-06-24,5853
3062,建漢,100,50,50,統一-中壢,2024-06-24,5853
00679B,元大美債20年,48,0,48,統一-中壢,2024-06-24,5853
2324,仁寶,57,11,46,統一-中壢,2024-06-24,5853
1471,首利,40,0,40,統一-中壢,2024-06-24,5853
2349,錸德,40,0,40,統一-中壢,2024-06-24,5853
2641,正德,40,0,40,統一-中壢,2024-06-24,5853
4974,亞泰,39,0,39,統一-中壢,2024-06-24,5853
2347,聯強,35,0,35,統一-中壢,2024-06-24,5853
8096,擎亞,35,1,34,統一-中壢,2024-06-24,5853
2618,長榮航,44,13,31,統一-中壢,2024-06-24,5853
2104,國際中橡,30,0,30,統一-中壢,2024-06-24,5853
5328,華容,48,18,30,統一-中壢,2024-06-24,5853
5469,瀚宇博,30,0,30,統一-中壢,2024-06-24,5853
8064,東捷,51,21,30,統一-中壢,2024-06-24,5853
3663,鑫科,29,0,29,統一-中壢,2024-06-24,5853
2330,台積電,31,4,27,統一-中壢,2024-06-24,5853
00942B,台新美A公司債20+,26,0,26,統一-中壢,2024-06-24,5853
1314,中石化,33,8,25,統一-中壢,2024-06-24,5853
00878,國泰永續高股息,27,4,23,統一-中壢,2024-06-24,5853
5871,中租-KY,24,1,23,統一-中壢,2024-06-24,5853
4534,慶騰,23,0,23,統一-中壢,2024-06-24,5853
00885,富邦越南,21,1,20,統一-中壢,2024-06-24,5853
1711,永光,20,0,20,統一-中壢,2024-06-24,5853
3024,憶聲,20,0,20,統一-中壢,2024-06-24,5853
2354,鴻準,26,7,19,統一-中壢,2024-06-24,5853
2615,萬海,28,9,19,統一-中壢,2024-06-24,5853
2888,新光金,31,12,19,統一-中壢,2024-06-24,5853
2915,潤泰全,19,0,19,統一-中壢,2024-06-24,5853
2303,聯電,21,3,18,統一-中壢,2024-06-24,5853
6176,瑞儀,24,6,18,統一-中壢,2024-06-24,5853
00882,中信中國高股息,17,0,17,統一-中壢,2024-06-24,5853
1815,富喬,28,11,17,統一-中壢,2024-06-24,5853
6197,佳必琪,17,0,17,統一-中壢,2024-06-24,5853
00918,大華優利高填息30,27,11,16,統一-中壢,2024-06-24,5853
00907,永豐優息存股,16,0,16,統一-中壢,2024-06-24,5853
6143,振曜,18,2,16,統一-中壢,2024-06-24,5853
2353,宏��,53,38,15,統一-中壢,2024-06-24,5853
1325,恆大,16,1,15,統一-中壢,2024-06-24,5853
2520,冠德,15,0,15,統一-中壢,2024-06-24,5853
6120,達運,14,0,14,統一-中壢,2024-06-24,5853
6188,廣明,14,0,14,統一-中壢,2024-06-24,5853
00891,中信關鍵半導體,13,0,13,統一-中壢,2024-06-24,5853
2409,友達,624,1,623,統一-中壢,2024-06-25,5853
00929,復華台灣科技優息,549,20,529,統一-中壢,2024-06-25,5853
00947,台新臺灣IC設計,230,1,229,統一-中壢,2024-06-25,5853
00936,台新永續高息中小,206,0,206,統一-中壢,2024-06-25,5853
3481,群創,226,63,163,統一-中壢,2024-06-25,5853
1815,富喬,131,4,127,統一-中壢,2024-06-25,5853
00918,大華優利高填息30,97,1,96,統一-中壢,2024-06-25,5853
00937B,群益ESG投等債20,94,3,91,統一-中壢,2024-06-25,5853
2374,佳能,70,2,68,統一-中壢,2024-06-25,5853
2884,玉山金,55,0,55,統一-中壢,2024-06-25,5853
00940,元大台灣價值高息,75,27,48,統一-中壢,2024-06-25,5853
6733,博晟生醫,44,0,44,統一-中壢,2024-06-25,5853
1810,和成,80,38,42,統一-中壢,2024-06-25,5853
3663,鑫科,42,0,42,統一-中壢,2024-06-25,5853
5871,中租-KY,41,3,38,統一-中壢,2024-06-25,5853
00942B,台新美A公司債20+,30,0,30,統一-中壢,2024-06-25,5853
9105,泰金寶-DR,31,5,26,統一-中壢,2024-06-25,5853
3312,弘憶股,27,1,26,統一-中壢,2024-06-25,5853
6143,振曜,25,0,25,統一-中壢,2024-06-25,5853
8110,華東,31,6,25,統一-中壢,2024-06-25,5853
2303,聯電,39,15,24,統一-中壢,2024-06-25,5853
00878,國泰永續高股息,28,6,22,統一-中壢,2024-06-25,5853
6140,訊達,23,1,22,統一-中壢,2024-06-25,5853
3037,欣興,22,2,20,統一-中壢,2024-06-25,5853
2406,國碩,50,31,19,統一-中壢,2024-06-25,5853
6142,友勁,18,0,18,統一-中壢,2024-06-25,5853
00946,群益科技高息成長,17,0,17,統一-中壢,2024-06-25,5853
2618,長榮航,19,2,17,統一-中壢,2024-06-25,5853
00885,富邦越南,16,0,16,統一-中壢,2024-06-25,5853
2520,冠德,17,1,16,統一-中壢,2024-06-25,5853
4526,東台,20,5,15,統一-中壢,2024-06-25,5853
1301,台塑,17,2,15,統一-中壢,2024-06-25,5853
2002,中鋼,15,1,14,統一-中壢,2024-06-25,5853
1227,佳格,14,0,14,統一-中壢,2024-06-25,5853
1504,東元,14,0,14,統一-中壢,2024-06-25,5853
6147,頎邦,14,0,14,統一-中壢,2024-06-25,5853
4562,穎漢,17,4,13,統一-中壢,2024-06-25,5853
2368,金像電,15,3,12,統一-中壢,2024-06-25,5853
1102,亞泥,12,0,12,統一-中壢,2024-06-25,5853
8096,擎亞,17,5,12,統一-中壢,2024-06-25,5853
2883,凱基金,12,1,11,統一-中壢,2024-06-25,5853
3305,昇貿,11,0,11,統一-中壢,2024-06-25,5853
2855,統一證,14,3,11,統一-中壢,2024-06-25,5853
3062,建漢,19,8,11,統一-中壢,2024-06-25,5853
00922,國泰台灣領袖50,10,0,10,統一-中壢,2024-06-25,5853
00907,永豐優息存股,10,0,10,統一-中壢,2024-06-25,5853
1789,神隆,10,0,10,統一-中壢,2024-06-25,5853
2349,錸德,10,0,10,統一-中壢,2024-06-25,5853
2498,宏達電,16,6,10,統一-中壢,2024-06-25,5853
1326,台化,9,0,9,統一-中壢,2024-06-25,5853
2409,友達,439,0,439,統一-中壢,2024-06-26,5853
00937B,群益ESG投等債20,89,11,78,統一-中壢,2024-06-26,5853
00942B,台新美A公司債20+,78,0,78,統一-中壢,2024-06-26,5853
3624,光頡,82,5,77,統一-中壢,2024-06-26,5853
2618,長榮航,75,4,71,統一-中壢,2024-06-26,5853
00929,復華台灣科技優息,95,28,67,統一-中壢,2024-06-26,5853
3673,TPK-KY,59,1,58,統一-中壢,2024-06-26,5853
1471,首利,53,0,53,統一-中壢,2024-06-26,5853
1102,亞泥,52,0,52,統一-中壢,2024-06-26,5853
911868,同方友友-DR,50,0,50,統一-中壢,2024-06-26,5853
00923,群益台ESG低碳50,41,0,41,統一-中壢,2024-06-26,5853
2002,中鋼,43,4,39,統一-中壢,2024-06-26,5853
00936,台新永續高息中小,39,3,36,統一-中壢,2024-06-26,5853
00881,國泰台灣5G+,34,0,34,統一-中壢,2024-06-26,5853
2353,宏��,40,8,32,統一-中壢,2024-06-26,5853
00922,國泰台灣領袖50,30,0,30,統一-中壢,2024-06-26,5853
1301,台塑,28,0,28,統一-中壢,2024-06-26,5853
00893,國泰智能電動車,27,0,27,統一-中壢,2024-06-26,5853
2363,矽統,49,24,25,統一-中壢,2024-06-26,5853
00933B,國泰10Y+金融債,24,0,24,統一-中壢,2024-06-26,5853
2317,鴻海,43,19,24,統一-中壢,2024-06-26,5853
3354,律勝,24,0,24,統一-中壢,2024-06-26,5853
2641,正德,23,0,23,統一-中壢,2024-06-26,5853
1303,南亞,22,0,22,統一-中壢,2024-06-26,5853
2371,大同,28,6,22,統一-中壢,2024-06-26,5853
9945,潤泰新,21,0,21,統一-中壢,2024-06-26,5853
00895,富邦未來車,21,0,21,統一-中壢,2024-06-26,5853
3357,臺慶科,21,0,21,統一-中壢,2024-06-26,5853
2883,凱基金,32,12,20,統一-中壢,2024-06-26,5853
2888,新光金,20,0,20,統一-中壢,2024-06-26,5853
6143,振曜,20,0,20,統一-中壢,2024-06-26,5853
1815,富喬,24,5,19,統一-中壢,2024-06-26,5853
2367,燿華,20,1,19,統一-中壢,2024-06-26,5853
6257,矽格,20,1,19,統一-中壢,2024-06-26,5853
2354,鴻準,26,8,18,統一-中壢,2024-06-26,5853
5880,合庫金,18,0,18,統一-中壢,2024-06-26,5853
2834,臺企銀,17,0,17,統一-中壢,2024-06-26,5853
2892,第一金,17,0,17,統一-中壢,2024-06-26,5853
2609,陽明,23,7,16,統一-中壢,2024-06-26,5853
2537,聯上發,17,1,16,統一-中壢,2024-06-26,5853
4167,松瑞藥,24,8,16,統一-中壢,2024-06-26,5853
00935,野村臺灣新科技50,16,0,16,統一-中壢,2024-06-26,5853
00850,元大臺灣ESG永續,15,0,15,統一-中壢,2024-06-26,5853
6284,佳邦,15,0,15,統一-中壢,2024-06-26,5853
1618,合機,16,2,14,統一-中壢,2024-06-26,5853
3622,洋華,14,0,14,統一-中壢,2024-06-26,5853
00882,中信中國高股息,13,0,13,統一-中壢,2024-06-26,5853
5452,佶優,14,1,13,統一-中壢,2024-06-26,5853
00947,台新臺灣IC設計,22,10,12,統一-中壢,2024-06-26,5853
2312,金寶,12,0,12,統一-中壢,2024-06-26,5853
00948B,中信優息投資級債,463,0,463,統一-中壢,2024-06-27,5853
00687B,國泰20年美債,140,1,139,統一-中壢,2024-06-27,5853
00933B,國泰10Y+金融債,118,0,118,統一-中壢,2024-06-27,5853
00947,台新臺灣IC設計,108,1,107,統一-中壢,2024-06-27,5853
00753L,中信中國50正2,101,0,101,統一-中壢,2024-06-27,5853
00665L,富邦�琤肭磪囓�2,102,40,62,統一-中壢,2024-06-27,5853
8076,伍豐,71,15,56,統一-中壢,2024-06-27,5853
00929,復華台灣科技優息,63,8,55,統一-中壢,2024-06-27,5853
00936,台新永續高息中小,60,6,54,統一-中壢,2024-06-27,5853
1815,富喬,65,14,51,統一-中壢,2024-06-27,5853
00939,統一台灣高息動能,47,3,44,統一-中壢,2024-06-27,5853
3056,富華新,43,0,43,統一-中壢,2024-06-27,5853
00878,國泰永續高股息,42,4,38,統一-中壢,2024-06-27,5853
3049,精金,34,0,34,統一-中壢,2024-06-27,5853
00946,群益科技高息成長,32,0,32,統一-中壢,2024-06-27,5853
1611,中電,32,0,32,統一-中壢,2024-06-27,5853
2324,仁寶,33,2,31,統一-中壢,2024-06-27,5853
3624,光頡,30,0,30,統一-中壢,2024-06-27,5853
2303,聯電,31,4,27,統一-中壢,2024-06-27,5853
6928,攸泰科技,30,3,27,統一-中壢,2024-06-27,5853
1709,和益,32,6,26,統一-中壢,2024-06-27,5853
2420,新巨,25,0,25,統一-中壢,2024-06-27,5853
4532,瑞智,25,0,25,統一-中壢,2024-06-27,5853
911868,同方友友-DR,25,0,25,統一-中壢,2024-06-27,5853
4726,永昕,24,1,23,統一-中壢,2024-06-27,5853
2885,元大金,20,0,20,統一-中壢,2024-06-27,5853
2606,裕民,23,3,20,統一-中壢,2024-06-27,5853
4707,磐亞,20,0,20,統一-中壢,2024-06-27,5853
00885,富邦越南,20,2,18,統一-中壢,2024-06-27,5853
00720B,元大投資級公司債,18,1,17,統一-中壢,2024-06-27,5853
9904,寶成,17,0,17,統一-中壢,2024-06-27,5853
2883,凱基金,28,12,16,統一-中壢,2024-06-27,5853
5009,榮剛,16,0,16,統一-中壢,2024-06-27,5853
2855,統一證,17,1,16,統一-中壢,2024-06-27,5853
3437,榮創,16,0,16,統一-中壢,2024-06-27,5853
0056,元大高股息,15,0,15,統一-中壢,2024-06-27,5853
00931B,統一美債20年,15,0,15,統一-中壢,2024-06-27,5853
1605,華新,17,2,15,統一-中壢,2024-06-27,5853
3048,益登,16,1,15,統一-中壢,2024-06-27,5853
6140,訊達,16,1,15,統一-中壢,2024-06-27,5853
9136,巨騰-DR,14,0,14,統一-中壢,2024-06-27,5853
9945,潤泰新,18,5,13,統一-中壢,2024-06-27,5853
00712,復華富時不動產,13,0,13,統一-中壢,2024-06-27,5853
6806,森崴能源,21,8,13,統一-中壢,2024-06-27,5853
00637L,元大滬深300正2,15,3,12,統一-中壢,2024-06-27,5853
2537,聯上發,12,0,12,統一-中壢,2024-06-27,5853
2884,玉山金,12,0,12,統一-中壢,2024-06-27,5853
4938,和碩,12,0,12,統一-中壢,2024-06-27,5853
3044,健鼎,31,20,11,統一-中壢,2024-06-27,5853
4915,致伸,11,0,11,統一-中壢,2024-06-27,5853
6257,矽格,89,6,83,統一-中壢,2024-06-28,5853
3481,群創,122,42,80,統一-中壢,2024-06-28,5853
00929,復華台灣科技優息,73,1,72,統一-中壢,2024-06-28,5853
00687B,國泰20年美債,70,0,70,統一-中壢,2024-06-28,5853
1785,光洋科,65,8,57,統一-中壢,2024-06-28,5853
2887,台新金,52,0,52,統一-中壢,2024-06-28,5853
1815,富喬,46,3,43,統一-中壢,2024-06-28,5853
2606,裕民,40,2,38,統一-中壢,2024-06-28,5853
6443,元晶,67,32,35,統一-中壢,2024-06-28,5853
2406,國碩,51,18,33,統一-中壢,2024-06-28,5853
9105,泰金寶-DR,33,0,33,統一-中壢,2024-06-28,5853
1806,冠軍,32,2,30,統一-中壢,2024-06-28,5853
00936,台新永續高息中小,29,1,28,統一-中壢,2024-06-28,5853
00942B,台新美A公司債20+,45,19,26,統一-中壢,2024-06-28,5853
2352,佳世達,28,2,26,統一-中壢,2024-06-28,5853
3576,聯合再生,62,38,24,統一-中壢,2024-06-28,5853
00900,富邦特選高股息30,24,1,23,統一-中壢,2024-06-28,5853
6244,茂迪,32,10,22,統一-中壢,2024-06-28,5853
00673R,期元大S＆P原油反1,20,0,20,統一-中壢,2024-06-28,5853
3083,網龍,21,1,20,統一-中壢,2024-06-28,5853
2408,南亞科,21,2,19,統一-中壢,2024-06-28,5853
2303,聯電,19,1,18,統一-中壢,2024-06-28,5853
2337,旺宏,19,1,18,統一-中壢,2024-06-28,5853
2610,華航,34,16,18,統一-中壢,2024-06-28,5853
8105,凌巨,20,2,18,統一-中壢,2024-06-28,5853
00937B,群益ESG投等債20,66,49,17,統一-中壢,2024-06-28,5853
00885,富邦越南,20,3,17,統一-中壢,2024-06-28,5853
2382,廣達,22,6,16,統一-中壢,2024-06-28,5853
00712,復華富時不動產,15,0,15,統一-中壢,2024-06-28,5853
2317,鴻海,27,12,15,統一-中壢,2024-06-28,5853
00679B,元大美債20年,24,10,14,統一-中壢,2024-06-28,5853
00715L,期街口布蘭特正2,17,3,14,統一-中壢,2024-06-28,5853
1732,毛寶,13,0,13,統一-中壢,2024-06-28,5853
2349,錸德,13,0,13,統一-中壢,2024-06-28,5853
3014,聯陽,14,1,13,統一-中壢,2024-06-28,5853
8027,鈦昇,19,7,12,統一-中壢,2024-06-28,5853
8277,商丞,12,0,12,統一-中壢,2024-06-28,5853
1514,亞力,19,7,12,統一-中壢,2024-06-28,5853
2363,矽統,12,1,11,統一-中壢,2024-06-28,5853
2383,台光電,10,0,10,統一-中壢,2024-06-28,5853
1734,杏輝,10,0,10,統一-中壢,2024-06-28,5853
2356,英業達,16,6,10,統一-中壢,2024-06-28,5853
3357,臺慶科,10,0,10,統一-中壢,2024-06-28,5853
3499,環天科,10,0,10,統一-中壢,2024-06-28,5853
8110,華東,10,0,10,統一-中壢,2024-06-28,5853
2002,中鋼,10,0,10,統一-中壢,2024-06-28,5853
3032,偉訓,9,0,9,統一-中壢,2024-06-28,5853
3122,笙泉,9,0,9,統一-中壢,2024-06-28,5853
4566,時碩工業,18,9,9,統一-中壢,2024-06-28,5853
6414,樺漢,9,0,9,統一-中壢,2024-06-28,5853
00680L,元大美債20正2,597,4,593,統一-中壢,2024-07-01,5853
00676R,富邦臺灣加權反1,500,0,500,統一-中壢,2024-07-01,5853
00948B,中信優息投資級債,288,0,288,統一-中壢,2024-07-01,5853
00937B,群益ESG投等債20,304,33,271,統一-中壢,2024-07-01,5853
00929,復華台灣科技優息,160,1,159,統一-中壢,2024-07-01,5853
2313,華通,134,17,117,統一-中壢,2024-07-01,5853
2409,友達,92,0,92,統一-中壢,2024-07-01,5853
8105,凌巨,92,8,84,統一-中壢,2024-07-01,5853
00679B,元大美債20年,124,57,67,統一-中壢,2024-07-01,5853
00900,富邦特選高股息30,72,5,67,統一-中壢,2024-07-01,5853
2367,燿華,68,2,66,統一-中壢,2024-07-01,5853
00751B,元大AAA至A公司債,61,1,60,統一-中壢,2024-07-01,5853
0056,元大高股息,50,0,50,統一-中壢,2024-07-01,5853
00687B,國泰20年美債,46,0,46,統一-中壢,2024-07-01,5853
2884,玉山金,45,1,44,統一-中壢,2024-07-01,5853
5871,中租-KY,31,1,30,統一-中壢,2024-07-01,5853
00931B,統一美債20年,29,0,29,統一-中壢,2024-07-01,5853
00942B,台新美A公司債20+,26,0,26,統一-中壢,2024-07-01,5853
2382,廣達,25,0,25,統一-中壢,2024-07-01,5853
6257,矽格,24,0,24,統一-中壢,2024-07-01,5853
3202,樺晟,23,0,23,統一-中壢,2024-07-01,5853
00637L,元大滬深300正2,30,8,22,統一-中壢,2024-07-01,5853
3564,其陽,22,0,22,統一-中壢,2024-07-01,5853
00764B,群益25年美債,20,0,20,統一-中壢,2024-07-01,5853
2489,瑞軒,22,2,20,統一-中壢,2024-07-01,5853
2834,臺企銀,23,4,19,統一-中壢,2024-07-01,5853
3024,憶聲,23,4,19,統一-中壢,2024-07-01,5853
00933B,國泰10Y+金融債,18,0,18,統一-中壢,2024-07-01,5853
1101,台泥,21,3,18,統一-中壢,2024-07-01,5853
2406,國碩,34,16,18,統一-中壢,2024-07-01,5853
6143,振曜,17,0,17,統一-中壢,2024-07-01,5853
00795B,中信美國公債20年,19,3,16,統一-中壢,2024-07-01,5853
2537,聯上發,20,4,16,統一-中壢,2024-07-01,5853
3712,永崴投控,16,0,16,統一-中壢,2024-07-01,5853
00919,群益台灣精選高息,44,29,15,統一-中壢,2024-07-01,5853
2352,佳世達,17,3,14,統一-中壢,2024-07-01,5853
5392,能率,17,3,14,統一-中壢,2024-07-01,5853
2355,敬鵬,28,15,13,統一-中壢,2024-07-01,5853
5425,台半,13,0,13,統一-中壢,2024-07-01,5853
6901,鑽石投資,14,1,13,統一-中壢,2024-07-01,5853
00946,群益科技高息成長,14,2,12,統一-中壢,2024-07-01,5853
2851,中再保,12,0,12,統一-中壢,2024-07-01,5853
3062,建漢,17,5,12,統一-中壢,2024-07-01,5853
3105,穩懋,12,0,12,統一-中壢,2024-07-01,5853
3624,光頡,11,0,11,統一-中壢,2024-07-01,5853
3213,茂訊,11,0,11,統一-中壢,2024-07-01,5853
4934,太極,11,0,11,統一-中壢,2024-07-01,5853
5302,太欣,11,0,11,統一-中壢,2024-07-01,5853
00720B,元大投資級公司債,11,0,11,統一-中壢,2024-07-01,5853
2359,所羅門,63,53,10,統一-中壢,2024-07-01,5853
2409,友達,422,0,422,統一-中壢,2024-07-02,5853
00948B,中信優息投資級債,315,0,315,統一-中壢,2024-07-02,5853
00936,台新永續高息中小,273,1,272,統一-中壢,2024-07-02,5853
00934,中信成長高股息,205,0,205,統一-中壢,2024-07-02,5853
00919,群益台灣精選高息,236,53,183,統一-中壢,2024-07-02,5853
2303,聯電,195,13,182,統一-中壢,2024-07-02,5853
00680L,元大美債20正2,165,0,165,統一-中壢,2024-07-02,5853
2317,鴻海,108,19,89,統一-中壢,2024-07-02,5853
6733,博晟生醫,88,5,83,統一-中壢,2024-07-02,5853
2812,台中銀,60,0,60,統一-中壢,2024-07-02,5853
00942B,台新美A公司債20+,59,0,59,統一-中壢,2024-07-02,5853
00687B,國泰20年美債,57,0,57,統一-中壢,2024-07-02,5853
00937B,群益ESG投等債20,74,20,54,統一-中壢,2024-07-02,5853
00679B,元大美債20年,52,0,52,統一-中壢,2024-07-02,5853
0056,元大高股息,49,0,49,統一-中壢,2024-07-02,5853
3481,群創,57,13,44,統一-中壢,2024-07-02,5853
2603,長榮,43,0,43,統一-中壢,2024-07-02,5853
00918,大華優利高填息30,41,0,41,統一-中壢,2024-07-02,5853
2402,毅嘉,48,13,35,統一-中壢,2024-07-02,5853
00945B,凱基美國非投等債,30,0,30,統一-中壢,2024-07-02,5853
00931B,統一美債20年,28,0,28,統一-中壢,2024-07-02,5853
2002,中鋼,28,1,27,統一-中壢,2024-07-02,5853
00881,國泰台灣5G+,26,0,26,統一-中壢,2024-07-02,5853
1301,台塑,27,2,25,統一-中壢,2024-07-02,5853
2723,美食-KY,24,0,24,統一-中壢,2024-07-02,5853
6285,啟��,23,0,23,統一-中壢,2024-07-02,5853
2834,臺企銀,22,0,22,統一-中壢,2024-07-02,5853
00891,中信關鍵半導體,21,0,21,統一-中壢,2024-07-02,5853
00712,復華富時不動產,21,1,20,統一-中壢,2024-07-02,5853
4903,聯光通,20,0,20,統一-中壢,2024-07-02,5853
1810,和成,24,5,19,統一-中壢,2024-07-02,5853
6143,振曜,19,0,19,統一-中壢,2024-07-02,5853
1802,台玻,19,1,18,統一-中壢,2024-07-02,5853
6274,台燿,19,1,18,統一-中壢,2024-07-02,5853
5347,世界,20,3,17,統一-中壢,2024-07-02,5853
5880,合庫金,16,0,16,統一-中壢,2024-07-02,5853
2399,映泰,20,4,16,統一-中壢,2024-07-02,5853
00673R,期元大S＆P原油反1,15,0,15,統一-中壢,2024-07-02,5853
00665L,富邦�琤肭磪囓�2,38,24,14,統一-中壢,2024-07-02,5853
2449,京元電子,14,0,14,統一-中壢,2024-07-02,5853
3047,訊舟,25,12,13,統一-中壢,2024-07-02,5853
8299,群聯,13,0,13,統一-中壢,2024-07-02,5853
00946,群益科技高息成長,12,0,12,統一-中壢,2024-07-02,5853
2353,宏��,17,5,12,統一-中壢,2024-07-02,5853
6127,九豪,12,0,12,統一-中壢,2024-07-02,5853
2330,台積電,13,2,11,統一-中壢,2024-07-02,5853
00795B,中信美國公債20年,11,0,11,統一-中壢,2024-07-02,5853
8440,綠電,27,16,11,統一-中壢,2024-07-02,5853
1815,富喬,13,2,11,統一-中壢,2024-07-02,5853
2009,第一銅,15,4,11,統一-中壢,2024-07-02,5853
00632R,元大台灣50反1,723,0,723,統一-中壢,2024-07-03,5853
00680L,元大美債20正2,277,3,274,統一-中壢,2024-07-03,5853
00942B,台新美A公司債20+,130,0,130,統一-中壢,2024-07-03,5853
00937B,群益ESG投等債20,148,21,127,統一-中壢,2024-07-03,5853
1785,光洋科,119,31,88,統一-中壢,2024-07-03,5853
00905,FT臺灣Smart,84,0,84,統一-中壢,2024-07-03,5853
00881,國泰台灣5G+,68,2,66,統一-中壢,2024-07-03,5853
00931B,統一美債20年,60,0,60,統一-中壢,2024-07-03,5853
2547,日勝生,60,0,60,統一-中壢,2024-07-03,5853
8112,至上,52,2,50,統一-中壢,2024-07-03,5853
5388,中磊,51,3,48,統一-中壢,2024-07-03,5853
2317,鴻海,67,23,44,統一-中壢,2024-07-03,5853
9105,泰金寶-DR,42,1,41,統一-中壢,2024-07-03,5853
1718,中纖,40,3,37,統一-中壢,2024-07-03,5853
6244,茂迪,47,12,35,統一-中壢,2024-07-03,5853
00934,中信成長高股息,108,73,35,統一-中壢,2024-07-03,5853
6443,元晶,72,39,33,統一-中壢,2024-07-03,5853
6733,博晟生醫,33,0,33,統一-中壢,2024-07-03,5853
1201,味全,30,0,30,統一-中壢,2024-07-03,5853
6477,安集,29,1,28,統一-中壢,2024-07-03,5853
00935,野村臺灣新科技50,28,0,28,統一-中壢,2024-07-03,5853
3481,群創,59,32,27,統一-中壢,2024-07-03,5853
6143,振曜,26,0,26,統一-中壢,2024-07-03,5853
00692,富邦公司治理,27,2,25,統一-中壢,2024-07-03,5853
6282,康舒,28,6,22,統一-中壢,2024-07-03,5853
3005,神基,21,0,21,統一-中壢,2024-07-03,5853
00946,群益科技高息成長,24,4,20,統一-中壢,2024-07-03,5853
2392,正崴,61,41,20,統一-中壢,2024-07-03,5853
2849,安泰銀,20,0,20,統一-中壢,2024-07-03,5853
3260,威剛,20,0,20,統一-中壢,2024-07-03,5853
3034,聯詠,21,2,19,統一-中壢,2024-07-03,5853
2301,光寶科,24,6,18,統一-中壢,2024-07-03,5853
6147,頎邦,18,0,18,統一-中壢,2024-07-03,5853
3234,光環,18,1,17,統一-中壢,2024-07-03,5853
3047,訊舟,36,19,17,統一-中壢,2024-07-03,5853
6127,九豪,34,17,17,統一-中壢,2024-07-03,5853
6698,旭暉應材,20,3,17,統一-中壢,2024-07-03,5853
00936,台新永續高息中小,17,0,17,統一-中壢,2024-07-03,5853
2371,大同,17,1,16,統一-中壢,2024-07-03,5853
6201,亞弘電,16,0,16,統一-中壢,2024-07-03,5853
2356,英業達,18,3,15,統一-中壢,2024-07-03,5853
2455,全新,17,2,15,統一-中壢,2024-07-03,5853
2368,金像電,18,4,14,統一-中壢,2024-07-03,5853
00850,元大臺灣ESG永續,14,0,14,統一-中壢,2024-07-03,5853
2049,上銀,14,0,14,統一-中壢,2024-07-03,5853
5371,中光電,14,0,14,統一-中壢,2024-07-03,5853
00687B,國泰20年美債,13,0,13,統一-中壢,2024-07-03,5853
00949,復華日本龍頭,15,2,13,統一-中壢,2024-07-03,5853
2367,燿華,39,27,12,統一-中壢,2024-07-03,5853
00795B,中信美國公債20年,12,0,12,統一-中壢,2024-07-03,5853
00632R,元大台灣50反1,215,0,215,統一-中壢,2024-07-04,5853
2412,中華電,154,5,149,統一-中壢,2024-07-04,5853
00929,復華台灣科技優息,216,87,129,統一-中壢,2024-07-04,5853
00934,中信成長高股息,89,0,89,統一-中壢,2024-07-04,5853
2618,長榮航,107,19,88,統一-中壢,2024-07-04,5853
6698,旭暉應材,71,5,66,統一-中壢,2024-07-04,5853
2323,中環,78,16,62,統一-中壢,2024-07-04,5853
3189,景碩,46,0,46,統一-中壢,2024-07-04,5853
3323,加百裕,50,4,46,統一-中壢,2024-07-04,5853
9105,泰金寶-DR,44,0,44,統一-中壢,2024-07-04,5853
1529,樂事綠能,30,0,30,統一-中壢,2024-07-04,5853
6127,九豪,41,12,29,統一-中壢,2024-07-04,5853
2834,臺企銀,30,1,29,統一-中壢,2024-07-04,5853
2883,凱基金,55,27,28,統一-中壢,2024-07-04,5853
00915,凱基優選高股息30,36,10,26,統一-中壢,2024-07-04,5853
1409,新纖,57,31,26,統一-中壢,2024-07-04,5853
2383,台光電,24,2,22,統一-中壢,2024-07-04,5853
2609,陽明,53,32,21,統一-中壢,2024-07-04,5853
1905,華紙,21,0,21,統一-中壢,2024-07-04,5853
2371,大同,25,4,21,統一-中壢,2024-07-04,5853
3312,弘憶股,24,3,21,統一-中壢,2024-07-04,5853
00679B,元大美債20年,20,0,20,統一-中壢,2024-07-04,5853
3706,神達,20,0,20,統一-中壢,2024-07-04,5853
8277,商丞,24,4,20,統一-中壢,2024-07-04,5853
3581,博磊,21,2,19,統一-中壢,2024-07-04,5853
6116,彩晶,20,1,19,統一-中壢,2024-07-04,5853
2354,鴻準,28,10,18,統一-中壢,2024-07-04,5853
6143,振曜,18,0,18,統一-中壢,2024-07-04,5853
00946,群益科技高息成長,17,0,17,統一-中壢,2024-07-04,5853
2367,燿華,23,7,16,統一-中壢,2024-07-04,5853
2603,長榮,15,0,15,統一-中壢,2024-07-04,5853
00687B,國泰20年美債,18,3,15,統一-中壢,2024-07-04,5853
8440,綠電,17,2,15,統一-中壢,2024-07-04,5853
5302,太欣,14,0,14,統一-中壢,2024-07-04,5853
6121,新普,13,0,13,統一-中壢,2024-07-04,5853
3673,TPK-KY,15,2,13,統一-中壢,2024-07-04,5853
00931B,統一美債20年,13,0,13,統一-中壢,2024-07-04,5853
1617,榮星,13,0,13,統一-中壢,2024-07-04,5853
1806,冠軍,13,0,13,統一-中壢,2024-07-04,5853
8163,達方,13,0,13,統一-中壢,2024-07-04,5853
5371,中光電,14,2,12,統一-中壢,2024-07-04,5853
00713,元大台灣高息低波,13,1,12,統一-中壢,2024-07-04,5853
3322,建舜電,11,0,11,統一-中壢,2024-07-04,5853
5443,均豪,21,10,11,統一-中壢,2024-07-04,5853
2481,強茂,20,9,11,統一-中壢,2024-07-04,5853
2888,新光金,92,82,10,統一-中壢,2024-07-04,5853
6147,頎邦,10,0,10,統一-中壢,2024-07-04,5853
5269,祥碩,10,0,10,統一-中壢,2024-07-04,5853
00945B,凱基美國非投等債,10,0,10,統一-中壢,2024-07-04,5853
1432,大魯閣,10,0,10,統一-中壢,2024-07-04,5853
2610,華航,264,80,184,統一-中壢,2024-07-05,5853
00637L,元大滬深300正2,121,0,121,統一-中壢,2024-07-05,5853
00934,中信成長高股息,97,2,95,統一-中壢,2024-07-05,5853
1785,光洋科,113,20,93,統一-中壢,2024-07-05,5853
2607,榮運,85,0,85,統一-中壢,2024-07-05,5853
00942B,台新美A公司債20+,78,0,78,統一-中壢,2024-07-05,5853
1806,冠軍,68,0,68,統一-中壢,2024-07-05,5853
2618,長榮航,80,22,58,統一-中壢,2024-07-05,5853
1718,中纖,57,4,53,統一-中壢,2024-07-05,5853
2356,英業達,119,71,48,統一-中壢,2024-07-05,5853
00948B,中信優息投資級債,51,4,47,統一-中壢,2024-07-05,5853
2312,金寶,75,30,45,統一-中壢,2024-07-05,5853
00740B,富邦全球投等債,41,0,41,統一-中壢,2024-07-05,5853
2834,臺企銀,39,3,36,統一-中壢,2024-07-05,5853
2836,高雄銀,30,0,30,統一-中壢,2024-07-05,5853
8942,森鉅,30,0,30,統一-中壢,2024-07-05,5853
6179,亞通,38,9,29,統一-中壢,2024-07-05,5853
1717,長興,27,0,27,統一-中壢,2024-07-05,5853
1617,榮星,26,0,26,統一-中壢,2024-07-05,5853
1301,台塑,25,0,25,統一-中壢,2024-07-05,5853
00929,復華台灣科技優息,99,75,24,統一-中壢,2024-07-05,5853
3171,炎洲流通,24,0,24,統一-中壢,2024-07-05,5853
00665L,富邦�琤肭磪囓�2,32,9,23,統一-中壢,2024-07-05,5853
4526,東台,25,2,23,統一-中壢,2024-07-05,5853
2349,錸德,27,6,21,統一-中壢,2024-07-05,5853
2609,陽明,27,7,20,統一-中壢,2024-07-05,5853
00901,永豐智能車供應鏈,20,0,20,統一-中壢,2024-07-05,5853
6451,訊芯-KY,21,2,19,統一-中壢,2024-07-05,5853
6117,迎廣,19,0,19,統一-中壢,2024-07-05,5853
6244,茂迪,25,7,18,統一-中壢,2024-07-05,5853
2317,鴻海,28,10,18,統一-中壢,2024-07-05,5853
8374,羅昇,21,4,17,統一-中壢,2024-07-05,5853
00923,群益台ESG低碳50,17,1,16,統一-中壢,2024-07-05,5853
3014,聯陽,16,0,16,統一-中壢,2024-07-05,5853
00713,元大台灣高息低波,15,0,15,統一-中壢,2024-07-05,5853
8234,新漢,23,8,15,統一-中壢,2024-07-05,5853
00907,永豐優息存股,14,0,14,統一-中壢,2024-07-05,5853
8916,光隆,14,0,14,統一-中壢,2024-07-05,5853
00936,台新永續高息中小,14,1,13,統一-中壢,2024-07-05,5853
2371,大同,15,2,13,統一-中壢,2024-07-05,5853
2374,佳能,20,7,13,統一-中壢,2024-07-05,5853
1326,台化,12,0,12,統一-中壢,2024-07-05,5853
1618,合機,13,1,12,統一-中壢,2024-07-05,5853
2353,宏��,13,2,11,統一-中壢,2024-07-05,5853
00751B,元大AAA至A公司債,11,0,11,統一-中壢,2024-07-05,5853
1514,亞力,24,13,11,統一-中壢,2024-07-05,5853
00753L,中信中國50正2,11,0,11,統一-中壢,2024-07-05,5853
5392,能率,30,19,11,統一-中壢,2024-07-05,5853
6733,博晟生醫,11,0,11,統一-中壢,2024-07-05,5853
8926,台汽電,11,0,11,統一-中壢,2024-07-05,5853
00632R,元大台灣50反1,276,100,176,統一-中壢,2024-07-08,5853
6257,矽格,101,10,91,統一-中壢,2024-07-08,5853
00905,FT臺灣Smart,80,0,80,統一-中壢,2024-07-08,5853
2883,凱基金,103,26,77,統一-中壢,2024-07-08,5853
00934,中信成長高股息,74,1,73,統一-中壢,2024-07-08,5853
00753L,中信中國50正2,65,0,65,統一-中壢,2024-07-08,5853
2732,六角,55,0,55,統一-中壢,2024-07-08,5853
00922,國泰台灣領袖50,54,0,54,統一-中壢,2024-07-08,5853
6269,台郡,53,0,53,統一-中壢,2024-07-08,5853
912000,晨訊科-DR,50,0,50,統一-中壢,2024-07-08,5853
00919,群益台灣精選高息,74,28,46,統一-中壢,2024-07-08,5853
8383,千附,42,0,42,統一-中壢,2024-07-08,5853
2374,佳能,39,5,34,統一-中壢,2024-07-08,5853
2834,臺企銀,55,22,33,統一-中壢,2024-07-08,5853
2401,凌陽,38,9,29,統一-中壢,2024-07-08,5853
2417,圓剛,36,7,29,統一-中壢,2024-07-08,5853
00858,永豐美國500大,26,0,26,統一-中壢,2024-07-08,5853
00915,凱基優選高股息30,28,3,25,統一-中壢,2024-07-08,5853
5452,佶優,40,15,25,統一-中壢,2024-07-08,5853
1536,和大,33,10,23,統一-中壢,2024-07-08,5853
4526,東台,26,3,23,統一-中壢,2024-07-08,5853
2618,長榮航,29,7,22,統一-中壢,2024-07-08,5853
1409,新纖,54,33,21,統一-中壢,2024-07-08,5853
2836,高雄銀,21,0,21,統一-中壢,2024-07-08,5853
00679B,元大美債20年,41,20,21,統一-中壢,2024-07-08,5853
00911,兆豐洲際半導體,21,1,20,統一-中壢,2024-07-08,5853
3406,玉晶光,20,0,20,統一-中壢,2024-07-08,5853
3481,群創,42,22,20,統一-中壢,2024-07-08,5853
4903,聯光通,20,0,20,統一-中壢,2024-07-08,5853
2397,友通,21,1,20,統一-中壢,2024-07-08,5853
2359,所羅門,27,8,19,統一-中壢,2024-07-08,5853
2101,南港,23,4,19,統一-中壢,2024-07-08,5853
3450,聯鈞,30,11,19,統一-中壢,2024-07-08,5853
6477,安集,20,2,18,統一-中壢,2024-07-08,5853
6153,嘉聯益,36,18,18,統一-中壢,2024-07-08,5853
5371,中光電,18,0,18,統一-中壢,2024-07-08,5853
6733,博晟生醫,18,0,18,統一-中壢,2024-07-08,5853
1785,光洋科,26,8,18,統一-中壢,2024-07-08,5853
6213,聯茂,17,1,16,統一-中壢,2024-07-08,5853
00850,元大臺灣ESG永續,16,0,16,統一-中壢,2024-07-08,5853
2365,昆盈,62,46,16,統一-中壢,2024-07-08,5853
00692,富邦公司治理,16,1,15,統一-中壢,2024-07-08,5853
00927,群益半導體收益,16,1,15,統一-中壢,2024-07-08,5853
2109,華豐,15,0,15,統一-中壢,2024-07-08,5853
2353,宏��,20,5,15,統一-中壢,2024-07-08,5853
2392,正崴,57,43,14,統一-中壢,2024-07-08,5853
2412,中華電,14,0,14,統一-中壢,2024-07-08,5853
2906,高林,20,6,14,統一-中壢,2024-07-08,5853
3535,晶彩科,18,4,14,統一-中壢,2024-07-08,5853
6182,合晶,17,3,14,統一-中壢,2024-07-08,5853
2618,長榮航,351,52,299,統一-中壢,2024-07-09,5853
2888,新光金,318,84,234,統一-中壢,2024-07-09,5853
00936,台新永續高息中小,142,5,137,統一-中壢,2024-07-09,5853
00665L,富邦�琤肭磪囓�2,308,179,129,統一-中壢,2024-07-09,5853
6257,矽格,111,3,108,統一-中壢,2024-07-09,5853
2367,燿華,129,37,92,統一-中壢,2024-07-09,5853
6143,振曜,71,0,71,統一-中壢,2024-07-09,5853
9105,泰金寶-DR,91,26,65,統一-中壢,2024-07-09,5853
00934,中信成長高股息,67,5,62,統一-中壢,2024-07-09,5853
2312,金寶,132,75,57,統一-中壢,2024-07-09,5853
1301,台塑,57,4,53,統一-中壢,2024-07-09,5853
00945B,凱基美國非投等債,50,0,50,統一-中壢,2024-07-09,5853
1809,中釉,62,13,49,統一-中壢,2024-07-09,5853
2317,鴻海,75,28,47,統一-中壢,2024-07-09,5853
1815,富喬,41,0,41,統一-中壢,2024-07-09,5853
6733,博晟生醫,40,0,40,統一-中壢,2024-07-09,5853
00632R,元大台灣50反1,39,2,37,統一-中壢,2024-07-09,5853
2834,臺企銀,56,19,37,統一-中壢,2024-07-09,5853
2609,陽明,50,17,33,統一-中壢,2024-07-09,5853
2528,皇普,32,0,32,統一-中壢,2024-07-09,5853
8277,商丞,31,0,31,統一-中壢,2024-07-09,5853
2349,錸德,70,43,27,統一-中壢,2024-07-09,5853
3622,洋華,29,2,27,統一-中壢,2024-07-09,5853
8916,光隆,26,0,26,統一-中壢,2024-07-09,5853
3535,晶彩科,32,7,25,統一-中壢,2024-07-09,5853
00927,群益半導體收益,21,0,21,統一-中壢,2024-07-09,5853
00885,富邦越南,35,15,20,統一-中壢,2024-07-09,5853
3049,精金,20,0,20,統一-中壢,2024-07-09,5853
6509,聚和,20,0,20,統一-中壢,2024-07-09,5853
3050,鈺德,22,3,19,統一-中壢,2024-07-09,5853
00881,國泰台灣5G+,21,2,19,統一-中壢,2024-07-09,5853
4566,時碩工業,23,4,19,統一-中壢,2024-07-09,5853
8926,台汽電,17,0,17,統一-中壢,2024-07-09,5853
2002,中鋼,17,1,16,統一-中壢,2024-07-09,5853
6153,嘉聯益,24,8,16,統一-中壢,2024-07-09,5853
1568,倉佑,15,0,15,統一-中壢,2024-07-09,5853
2537,聯上發,20,5,15,統一-中壢,2024-07-09,5853
2732,六角,15,0,15,統一-中壢,2024-07-09,5853
2851,中再保,15,0,15,統一-中壢,2024-07-09,5853
2610,華航,29,14,15,統一-中壢,2024-07-09,5853
0056,元大高股息,16,1,15,統一-中壢,2024-07-09,5853
2353,宏��,51,37,14,統一-中壢,2024-07-09,5853
5880,合庫金,14,0,14,統一-中壢,2024-07-09,5853
00935,野村臺灣新科技50,13,0,13,統一-中壢,2024-07-09,5853
2337,旺宏,16,3,13,統一-中壢,2024-07-09,5853
6126,信音,20,7,13,統一-中壢,2024-07-09,5853
6016,康和證,12,0,12,統一-中壢,2024-07-09,5853
8383,千附,32,20,12,統一-中壢,2024-07-09,5853
1529,樂事綠能,11,0,11,統一-中壢,2024-07-09,5853
1617,榮星,15,4,11,統一-中壢,2024-07-09,5853
3481,群創,211,19,192,統一-中壢,2024-07-10,5853
2371,大同,193,9,184,統一-中壢,2024-07-10,5853
00937B,群益ESG投等債20,187,20,167,統一-中壢,2024-07-10,5853
2367,燿華,145,23,122,統一-中壢,2024-07-10,5853
00664R,國泰臺灣加權反1,100,0,100,統一-中壢,2024-07-10,5853
2883,凱基金,168,93,75,統一-中壢,2024-07-10,5853
1504,東元,53,6,47,統一-中壢,2024-07-10,5853
2352,佳世達,47,0,47,統一-中壢,2024-07-10,5853
1785,光洋科,63,19,44,統一-中壢,2024-07-10,5853
4908,前鼎,41,0,41,統一-中壢,2024-07-10,5853
2353,宏��,84,47,37,統一-中壢,2024-07-10,5853
8105,凌巨,44,12,32,統一-中壢,2024-07-10,5853
00720B,元大投資級公司債,31,0,31,統一-中壢,2024-07-10,5853
6226,光鼎,31,0,31,統一-中壢,2024-07-10,5853
2317,鴻海,37,7,30,統一-中壢,2024-07-10,5853
4123,晟德,30,0,30,統一-中壢,2024-07-10,5853
5347,世界,35,9,26,統一-中壢,2024-07-10,5853
00881,國泰台灣5G+,31,6,25,統一-中壢,2024-07-10,5853
6456,GIS-KY,25,0,25,統一-中壢,2024-07-10,5853
9105,泰金寶-DR,23,0,23,統一-中壢,2024-07-10,5853
1514,亞力,49,27,22,統一-中壢,2024-07-10,5853
1608,華榮,23,1,22,統一-中壢,2024-07-10,5853
2732,六角,21,0,21,統一-中壢,2024-07-10,5853
8028,昇陽半導體,21,1,20,統一-中壢,2024-07-10,5853
8210,勤誠,20,0,20,統一-中壢,2024-07-10,5853
1710,東聯,20,0,20,統一-中壢,2024-07-10,5853
3321,同泰,20,0,20,統一-中壢,2024-07-10,5853
3693,營邦,20,0,20,統一-中壢,2024-07-10,5853
912000,晨訊科-DR,20,0,20,統一-中壢,2024-07-10,5853
2417,圓剛,35,16,19,統一-中壢,2024-07-10,5853
00893,國泰智能電動車,18,0,18,統一-中壢,2024-07-10,5853
2312,金寶,31,13,18,統一-中壢,2024-07-10,5853
2537,聯上發,26,8,18,統一-中壢,2024-07-10,5853
3049,精金,20,2,18,統一-中壢,2024-07-10,5853
8071,能率網通,18,0,18,統一-中壢,2024-07-10,5853
4306,炎洲,17,0,17,統一-中壢,2024-07-10,5853
2498,宏達電,21,4,17,統一-中壢,2024-07-10,5853
2881,富邦金,16,1,15,統一-中壢,2024-07-10,5853
4562,穎漢,16,1,15,統一-中壢,2024-07-10,5853
8473,山林水,15,0,15,統一-中壢,2024-07-10,5853
00891,中信關鍵半導體,15,0,15,統一-中壢,2024-07-10,5853
8926,台汽電,20,5,15,統一-中壢,2024-07-10,5853
00895,富邦未來車,14,0,14,統一-中壢,2024-07-10,5853
6733,博晟生醫,34,20,14,統一-中壢,2024-07-10,5853
3008,大立光,13,0,13,統一-中壢,2024-07-10,5853
4909,新復興,15,2,13,統一-中壢,2024-07-10,5853
6190,萬泰科,18,5,13,統一-中壢,2024-07-10,5853
5309,系統電,45,33,12,統一-中壢,2024-07-10,5853
00949,復華日本龍頭,12,0,12,統一-中壢,2024-07-10,5853
3060,銘異,13,1,12,統一-中壢,2024-07-10,5853
2834,臺企銀,531,8,523,統一-中壢,2024-07-11,5853
2618,長榮航,436,20,416,統一-中壢,2024-07-11,5853
00688L,國泰20年美債正2,400,0,400,統一-中壢,2024-07-11,5853
00680L,元大美債20正2,300,0,300,統一-中壢,2024-07-11,5853
00632R,元大台灣50反1,113,0,113,統一-中壢,2024-07-11,5853
6005,群益證,107,40,67,統一-中壢,2024-07-11,5853
00940,元大台灣價值高息,65,3,62,統一-中壢,2024-07-11,5853
00934,中信成長高股息,62,1,61,統一-中壢,2024-07-11,5853
1714,和桐,60,0,60,統一-中壢,2024-07-11,5853
00918,大華優利高填息30,60,10,50,統一-中壢,2024-07-11,5853
00635U,期元大S＆P黃金,50,0,50,統一-中壢,2024-07-11,5853
2612,中航,50,0,50,統一-中壢,2024-07-11,5853
2352,佳世達,41,0,41,統一-中壢,2024-07-11,5853
3044,健鼎,41,0,41,統一-中壢,2024-07-11,5853
2354,鴻準,60,22,38,統一-中壢,2024-07-11,5853
2855,統一證,58,20,38,統一-中壢,2024-07-11,5853
8068,全達,37,0,37,統一-中壢,2024-07-11,5853
2610,華航,40,7,33,統一-中壢,2024-07-11,5853
00722B,群益投資級電信債,30,0,30,統一-中壢,2024-07-11,5853
00946,群益科技高息成長,32,2,30,統一-中壢,2024-07-11,5853
5328,華容,32,2,30,統一-中壢,2024-07-11,5853
00949,復華日本龍頭,29,0,29,統一-中壢,2024-07-11,5853
6197,佳必琪,29,1,28,統一-中壢,2024-07-11,5853
2897,王道銀行,28,2,26,統一-中壢,2024-07-11,5853
2382,廣達,24,1,23,統一-中壢,2024-07-11,5853
00929,復華台灣科技優息,60,38,22,統一-中壢,2024-07-11,5853
3050,鈺德,57,35,22,統一-中壢,2024-07-11,5853
5871,中租-KY,26,4,22,統一-中壢,2024-07-11,5853
2362,藍天,26,5,21,統一-中壢,2024-07-11,5853
3033,威健,24,3,21,統一-中壢,2024-07-11,5853
00725B,國泰投資級公司債,20,0,20,統一-中壢,2024-07-11,5853
00945B,凱基美國非投等債,20,0,20,統一-中壢,2024-07-11,5853
5905,南仁湖,20,0,20,統一-中壢,2024-07-11,5853
8916,光隆,26,6,20,統一-中壢,2024-07-11,5853
2867,三商壽,27,8,19,統一-中壢,2024-07-11,5853
3406,玉晶光,21,3,18,統一-中壢,2024-07-11,5853
2489,瑞軒,43,26,17,統一-中壢,2024-07-11,5853
1504,東元,19,3,16,統一-中壢,2024-07-11,5853
8926,台汽電,16,0,16,統一-中壢,2024-07-11,5853
5202,力新,15,0,15,統一-中壢,2024-07-11,5853
00687B,國泰20年美債,16,2,14,統一-中壢,2024-07-11,5853
1101,台泥,20,6,14,統一-中壢,2024-07-11,5853
3360,尚立,14,0,14,統一-中壢,2024-07-11,5853
2323,中環,14,0,14,統一-中壢,2024-07-11,5853
2609,陽明,29,16,13,統一-中壢,2024-07-11,5853
6706,惠特,14,1,13,統一-中壢,2024-07-11,5853
2891,中信金,14,1,13,統一-中壢,2024-07-11,5853
1309,台達化,20,8,12,統一-中壢,2024-07-11,5853
1789,神隆,12,0,12,統一-中壢,2024-07-11,5853
8071,能率網通,14,2,12,統一-中壢,2024-07-11,5853
6770,力積電,307,1,306,統一-中壢,2024-07-12,5853
00937B,群益ESG投等債20,238,30,208,統一-中壢,2024-07-12,5853
00919,群益台灣精選高息,195,11,184,統一-中壢,2024-07-12,5853
8046,南電,108,4,104,統一-中壢,2024-07-12,5853
2317,鴻海,122,19,103,統一-中壢,2024-07-12,5853
00934,中信成長高股息,109,10,99,統一-中壢,2024-07-12,5853
2851,中再保,102,3,99,統一-中壢,2024-07-12,5853
9105,泰金寶-DR,106,7,99,統一-中壢,2024-07-12,5853
2337,旺宏,105,7,98,統一-中壢,2024-07-12,5853
00632R,元大台灣50反1,103,11,92,統一-中壢,2024-07-12,5853
2303,聯電,92,7,85,統一-中壢,2024-07-12,5853
3380,明泰,80,0,80,統一-中壢,2024-07-12,5853
3044,健鼎,40,0,40,統一-中壢,2024-07-12,5853
2610,華航,59,20,39,統一-中壢,2024-07-12,5853
00911,兆豐洲際半導體,38,0,38,統一-中壢,2024-07-12,5853
5269,祥碩,35,0,35,統一-中壢,2024-07-12,5853
2367,燿華,73,39,34,統一-中壢,2024-07-12,5853
00891,中信關鍵半導體,38,4,34,統一-中壢,2024-07-12,5853
6215,和椿,33,1,32,統一-中壢,2024-07-12,5853
00927,群益半導體收益,41,10,31,統一-中壢,2024-07-12,5853
6116,彩晶,81,51,30,統一-中壢,2024-07-12,5853
2867,三商壽,53,27,26,統一-中壢,2024-07-12,5853
2312,金寶,119,96,23,統一-中壢,2024-07-12,5853
2363,矽統,48,26,22,統一-中壢,2024-07-12,5853
1301,台塑,22,0,22,統一-中壢,2024-07-12,5853
00687B,國泰20年美債,40,19,21,統一-中壢,2024-07-12,5853
00940,元大台灣價值高息,32,12,20,統一-中壢,2024-07-12,5853
3624,光頡,30,10,20,統一-中壢,2024-07-12,5853
00935,野村臺灣新科技50,21,1,20,統一-中壢,2024-07-12,5853
2886,兆豐金,20,0,20,統一-中壢,2024-07-12,5853
2402,毅嘉,39,20,19,統一-中壢,2024-07-12,5853
1717,長興,20,1,19,統一-中壢,2024-07-12,5853
00918,大華優利高填息30,25,9,16,統一-中壢,2024-07-12,5853
3047,訊舟,16,1,15,統一-中壢,2024-07-12,5853
3019,亞光,31,17,14,統一-中壢,2024-07-12,5853
6505,台塑化,14,0,14,統一-中壢,2024-07-12,5853
0056,元大高股息,15,2,13,統一-中壢,2024-07-12,5853
1305,華夏,13,0,13,統一-中壢,2024-07-12,5853
1815,富喬,15,2,13,統一-中壢,2024-07-12,5853
2365,昆盈,92,79,13,統一-中壢,2024-07-12,5853
2449,京元電子,21,8,13,統一-中壢,2024-07-12,5853
5309,系統電,19,6,13,統一-中壢,2024-07-12,5853
6244,茂迪,13,0,13,統一-中壢,2024-07-12,5853
00725B,國泰投資級公司債,12,0,12,統一-中壢,2024-07-12,5853
3490,單井,12,0,12,統一-中壢,2024-07-12,5853
6188,廣明,12,0,12,統一-中壢,2024-07-12,5853
6290,良維,13,1,12,統一-中壢,2024-07-12,5853
2609,陽明,61,49,12,統一-中壢,2024-07-12,5853
4966,譜瑞-KY,11,0,11,統一-中壢,2024-07-12,5853
2404,漢唐,13,2,11,統一-中壢,2024-07-12,5853
2027,大成鋼,240,0,240,統一-中壢,2024-07-15,5853
2618,長榮航,238,11,227,統一-中壢,2024-07-15,5853
1536,和大,133,9,124,統一-中壢,2024-07-15,5853
2888,新光金,182,63,119,統一-中壢,2024-07-15,5853
00673R,期元大S＆P原油反1,100,0,100,統一-中壢,2024-07-15,5853
00934,中信成長高股息,113,15,98,統一-中壢,2024-07-15,5853
6005,群益證,83,2,81,統一-中壢,2024-07-15,5853
3380,明泰,71,0,71,統一-中壢,2024-07-15,5853
2399,映泰,103,50,53,統一-中壢,2024-07-15,5853
3624,光頡,52,0,52,統一-中壢,2024-07-15,5853
00688L,國泰20年美債正2,51,0,51,統一-中壢,2024-07-15,5853
2610,華航,56,6,50,統一-中壢,2024-07-15,5853
3706,神達,63,15,48,統一-中壢,2024-07-15,5853
00936,台新永續高息中小,44,0,44,統一-中壢,2024-07-15,5853
3673,TPK-KY,56,12,44,統一-中壢,2024-07-15,5853
3596,智易,42,0,42,統一-中壢,2024-07-15,5853
00720B,元大投資級公司債,73,33,40,統一-中壢,2024-07-15,5853
6116,彩晶,45,5,40,統一-中壢,2024-07-15,5853
2356,英業達,186,147,39,統一-中壢,2024-07-15,5853
6733,博晟生醫,39,1,38,統一-中壢,2024-07-15,5853
00942B,台新美A公司債20+,37,0,37,統一-中壢,2024-07-15,5853
2885,元大金,36,1,35,統一-中壢,2024-07-15,5853
4306,炎洲,32,0,32,統一-中壢,2024-07-15,5853
00939,統一台灣高息動能,74,42,32,統一-中壢,2024-07-15,5853
1718,中纖,45,14,31,統一-中壢,2024-07-15,5853
00679B,元大美債20年,31,0,31,統一-中壢,2024-07-15,5853
00725B,國泰投資級公司債,31,0,31,統一-中壢,2024-07-15,5853
2367,燿華,30,0,30,統一-中壢,2024-07-15,5853
2317,鴻海,49,20,29,統一-中壢,2024-07-15,5853
4916,事欣科,29,0,29,統一-中壢,2024-07-15,5853
2324,仁寶,50,23,27,統一-中壢,2024-07-15,5853
3535,晶彩科,100,75,25,統一-中壢,2024-07-15,5853
00680L,元大美債20正2,23,0,23,統一-中壢,2024-07-15,5853
6451,訊芯-KY,23,1,22,統一-中壢,2024-07-15,5853
2891,中信金,55,34,21,統一-中壢,2024-07-15,5853
2915,潤泰全,23,2,21,統一-中壢,2024-07-15,5853
8271,宇瞻,21,0,21,統一-中壢,2024-07-15,5853
00878,國泰永續高股息,32,11,21,統一-中壢,2024-07-15,5853
3044,健鼎,20,0,20,統一-中壢,2024-07-15,5853
2409,友達,27,8,19,統一-中壢,2024-07-15,5853
00937B,群益ESG投等債20,60,41,19,統一-中壢,2024-07-15,5853
4927,泰鼎-KY,25,7,18,統一-中壢,2024-07-15,5853
0056,元大高股息,45,27,18,統一-中壢,2024-07-15,5853
1514,亞力,35,18,17,統一-中壢,2024-07-15,5853
2329,華泰,17,0,17,統一-中壢,2024-07-15,5853
2402,毅嘉,20,4,16,統一-中壢,2024-07-15,5853
1597,直得,17,2,15,統一-中壢,2024-07-15,5853
2357,華碩,15,0,15,統一-中壢,2024-07-15,5853
9105,泰金寶-DR,22,7,15,統一-中壢,2024-07-15,5853
00753L,中信中國50正2,14,0,14,統一-中壢,2024-07-15,5853
00929,復華台灣科技優息,699,23,676,統一-中壢,2024-07-16,5853
00680L,元大美債20正2,330,0,330,統一-中壢,2024-07-16,5853
3357,臺慶科,95,2,93,統一-中壢,2024-07-16,5853
00934,中信成長高股息,89,1,88,統一-中壢,2024-07-16,5853
2891,中信金,65,0,65,統一-中壢,2024-07-16,5853
00905,FT臺灣Smart,64,1,63,統一-中壢,2024-07-16,5853
2851,中再保,50,0,50,統一-中壢,2024-07-16,5853
9105,泰金寶-DR,43,0,43,統一-中壢,2024-07-16,5853
6449,鈺邦,41,1,40,統一-中壢,2024-07-16,5853
2356,英業達,50,10,40,統一-中壢,2024-07-16,5853
6173,信昌電,44,4,40,統一-中壢,2024-07-16,5853
2382,廣達,43,3,40,統一-中壢,2024-07-16,5853
00927,群益半導體收益,39,0,39,統一-中壢,2024-07-16,5853
0056,元大高股息,40,3,37,統一-中壢,2024-07-16,5853
1316,上曜,42,10,32,統一-中壢,2024-07-16,5853
3376,新日興,35,5,30,統一-中壢,2024-07-16,5853
00664R,國泰臺灣加權反1,30,0,30,統一-中壢,2024-07-16,5853
1409,新纖,30,0,30,統一-中壢,2024-07-16,5853
3437,榮創,30,0,30,統一-中壢,2024-07-16,5853
2312,金寶,93,64,29,統一-中壢,2024-07-16,5853
00878,國泰永續高股息,29,2,27,統一-中壢,2024-07-16,5853
6257,矽格,30,3,27,統一-中壢,2024-07-16,5853
00893,國泰智能電動車,26,0,26,統一-中壢,2024-07-16,5853
00937B,群益ESG投等債20,81,57,24,統一-中壢,2024-07-16,5853
00936,台新永續高息中小,22,0,22,統一-中壢,2024-07-16,5853
5880,合庫金,21,0,21,統一-中壢,2024-07-16,5853
4545,銘鈺,20,0,20,統一-中壢,2024-07-16,5853
00885,富邦越南,20,1,19,統一-中壢,2024-07-16,5853
2617,台航,20,1,19,統一-中壢,2024-07-16,5853
00923,群益台ESG低碳50,18,0,18,統一-中壢,2024-07-16,5853
2915,潤泰全,21,3,18,統一-中壢,2024-07-16,5853
00922,國泰台灣領袖50,18,0,18,統一-中壢,2024-07-16,5853
1110,東泥,18,0,18,統一-中壢,2024-07-16,5853
1608,華榮,21,4,17,統一-中壢,2024-07-16,5853
2002,中鋼,17,0,17,統一-中壢,2024-07-16,5853
00753L,中信中國50正2,17,0,17,統一-中壢,2024-07-16,5853
4306,炎洲,16,0,16,統一-中壢,2024-07-16,5853
00895,富邦未來車,15,0,15,統一-中壢,2024-07-16,5853
5269,祥碩,15,0,15,統一-中壢,2024-07-16,5853
00935,野村臺灣新科技50,17,2,15,統一-中壢,2024-07-16,5853
2538,基泰,21,6,15,統一-中壢,2024-07-16,5853
6166,凌華,15,0,15,統一-中壢,2024-07-16,5853
2465,麗臺,17,3,14,統一-中壢,2024-07-16,5853
2399,映泰,15,2,13,統一-中壢,2024-07-16,5853
1513,中興電,23,10,13,統一-中壢,2024-07-16,5853
4526,東台,12,0,12,統一-中壢,2024-07-16,5853
5522,遠雄,12,0,12,統一-中壢,2024-07-16,5853
1609,大亞,15,4,11,統一-中壢,2024-07-16,5853
2353,宏��,17,6,11,統一-中壢,2024-07-16,5853
00692,富邦公司治理,12,1,11,統一-中壢,2024-07-16,5853
2618,長榮航,628,0,628,統一-中壢,2024-07-17,5853
2542,興富發,155,3,152,統一-中壢,2024-07-17,5853
00937B,群益ESG投等債20,160,12,148,統一-中壢,2024-07-17,5853
00919,群益台灣精選高息,137,0,137,統一-中壢,2024-07-17,5853
00665L,富邦�琤肭磪囓�2,158,26,132,統一-中壢,2024-07-17,5853
2376,技嘉,127,5,122,統一-中壢,2024-07-17,5853
00929,復華台灣科技優息,206,94,112,統一-中壢,2024-07-17,5853
00632R,元大台灣50反1,110,0,110,統一-中壢,2024-07-17,5853
1314,中石化,100,13,87,統一-中壢,2024-07-17,5853
4906,正文,107,38,69,統一-中壢,2024-07-17,5853
2312,金寶,157,116,41,統一-中壢,2024-07-17,5853
00927,群益半導體收益,38,0,38,統一-中壢,2024-07-17,5853
6770,力積電,62,24,38,統一-中壢,2024-07-17,5853
9945,潤泰新,48,10,38,統一-中壢,2024-07-17,5853
00947,台新臺灣IC設計,33,0,33,統一-中壢,2024-07-17,5853
2331,精英,33,1,32,統一-中壢,2024-07-17,5853
2888,新光金,61,29,32,統一-中壢,2024-07-17,5853
6116,彩晶,31,4,27,統一-中壢,2024-07-17,5853
00891,中信關鍵半導體,24,0,24,統一-中壢,2024-07-17,5853
2431,聯昌,34,10,24,統一-中壢,2024-07-17,5853
2330,台積電,25,4,21,統一-中壢,2024-07-17,5853
2317,鴻海,30,9,21,統一-中壢,2024-07-17,5853
0056,元大高股息,21,1,20,統一-中壢,2024-07-17,5853
2617,台航,20,0,20,統一-中壢,2024-07-17,5853
1309,台達化,21,2,19,統一-中壢,2024-07-17,5853
2353,宏��,21,2,19,統一-中壢,2024-07-17,5853
2363,矽統,22,3,19,統一-中壢,2024-07-17,5853
2489,瑞軒,48,29,19,統一-中壢,2024-07-17,5853
3294,英濟,26,7,19,統一-中壢,2024-07-17,5853
2301,光寶科,27,9,18,統一-中壢,2024-07-17,5853
3231,緯創,30,12,18,統一-中壢,2024-07-17,5853
1815,富喬,21,3,18,統一-中壢,2024-07-17,5853
2449,京元電子,18,0,18,統一-中壢,2024-07-17,5853
8112,至上,17,1,16,統一-中壢,2024-07-17,5853
00712,復華富時不動產,24,9,15,統一-中壢,2024-07-17,5853
3710,連展投控,15,0,15,統一-中壢,2024-07-17,5853
6173,信昌電,24,9,15,統一-中壢,2024-07-17,5853
00918,大華優利高填息30,14,0,14,統一-中壢,2024-07-17,5853
8150,南茂,14,0,14,統一-中壢,2024-07-17,5853
00687B,國泰20年美債,16,3,13,統一-中壢,2024-07-17,5853
00878,國泰永續高股息,14,0,14,統一-中壢,2024-07-17,5853
1514,亞力,16,3,13,統一-中壢,2024-07-17,5853
3594,磐儀,13,0,13,統一-中壢,2024-07-17,5853
3702,大聯大,13,0,13,統一-中壢,2024-07-17,5853
3686,達能,12,0,12,統一-中壢,2024-07-17,5853
8473,山林水,15,3,12,統一-中壢,2024-07-17,5853
00753L,中信中國50正2,11,0,11,統一-中壢,2024-07-17,5853
2897,王道銀行,13,2,11,統一-中壢,2024-07-17,5853
5314,世紀,11,0,11,統一-中壢,2024-07-17,5853
6147,頎邦,14,3,11,統一-中壢,2024-07-17,5853
00680L,元大美債20正2,430,30,400,統一-中壢,2024-07-18,5853
2356,英業達,184,31,153,統一-中壢,2024-07-18,5853
2888,新光金,151,8,143,統一-中壢,2024-07-18,5853
2515,中工,146,11,135,統一-中壢,2024-07-18,5853
3706,神達,101,3,98,統一-中壢,2024-07-18,5853
00946,群益科技高息成長,97,0,97,統一-中壢,2024-07-18,5853
00878,國泰永續高股息,100,11,89,統一-中壢,2024-07-18,5853
00919,群益台灣精選高息,83,11,72,統一-中壢,2024-07-18,5853
00715L,期街口布蘭特正2,81,12,69,統一-中壢,2024-07-18,5853
0056,元大高股息,59,1,58,統一-中壢,2024-07-18,5853
2509,全坤建,52,2,50,統一-中壢,2024-07-18,5853
3483,力致,50,0,50,統一-中壢,2024-07-18,5853
00688L,國泰20年美債正2,50,5,45,統一-中壢,2024-07-18,5853
2317,鴻海,58,17,41,統一-中壢,2024-07-18,5853
2891,中信金,43,3,40,統一-中壢,2024-07-18,5853
00936,台新永續高息中小,40,1,39,統一-中壢,2024-07-18,5853
1524,耿鼎,39,0,39,統一-中壢,2024-07-18,5853
00933B,國泰10Y+金融債,36,0,36,統一-中壢,2024-07-18,5853
00934,中信成長高股息,45,11,34,統一-中壢,2024-07-18,5853
6742,澤米,34,0,34,統一-中壢,2024-07-18,5853
00947,台新臺灣IC設計,33,0,33,統一-中壢,2024-07-18,5853
3013,晟銘電,79,47,32,統一-中壢,2024-07-18,5853
00941,中信上游半導體,31,0,31,統一-中壢,2024-07-18,5853
1815,富喬,39,9,30,統一-中壢,2024-07-18,5853
00665L,富邦�琤肭磪囓�2,63,33,30,統一-中壢,2024-07-18,5853
1314,中石化,30,0,30,統一-中壢,2024-07-18,5853
00724B,群益投資級金融債,28,0,28,統一-中壢,2024-07-18,5853
8105,凌巨,73,45,28,統一-中壢,2024-07-18,5853
9945,潤泰新,37,9,28,統一-中壢,2024-07-18,5853
3062,建漢,38,11,27,統一-中壢,2024-07-18,5853
8011,台通,28,1,27,統一-中壢,2024-07-18,5853
2641,正德,26,0,26,統一-中壢,2024-07-18,5853
00927,群益半導體收益,26,0,26,統一-中壢,2024-07-18,5853
2313,華通,46,21,25,統一-中壢,2024-07-18,5853
2883,凱基金,27,4,23,統一-中壢,2024-07-18,5853
6163,華電網,22,0,22,統一-中壢,2024-07-18,5853
00935,野村臺灣新科技50,21,0,21,統一-中壢,2024-07-18,5853
2382,廣達,25,4,21,統一-中壢,2024-07-18,5853
2014,中鴻,21,1,20,統一-中壢,2024-07-18,5853
3044,健鼎,21,1,20,統一-中壢,2024-07-18,5853
2449,京元電子,27,7,20,統一-中壢,2024-07-18,5853
1304,台聚,20,0,20,統一-中壢,2024-07-18,5853
00905,FT臺灣Smart,23,5,18,統一-中壢,2024-07-18,5853
2867,三商壽,43,25,18,統一-中壢,2024-07-18,5853
2363,矽統,22,5,17,統一-中壢,2024-07-18,5853
5519,隆大,21,4,17,統一-中壢,2024-07-18,5853
1319,東陽,16,1,15,統一-中壢,2024-07-18,5853
4543,萬在,15,0,15,統一-中壢,2024-07-18,5853
8071,能率網通,16,1,15,統一-中壢,2024-07-18,5853
1301,台塑,34,20,14,統一-中壢,2024-07-18,5853
00937B,群益ESG投等債20,700,33,667,統一-中壢,2024-07-19,5853
00946,群益科技高息成長,386,22,364,統一-中壢,2024-07-19,5853
00665L,富邦�琤肭磪囓�2,230,11,219,統一-中壢,2024-07-19,5853
3380,明泰,190,10,180,統一-中壢,2024-07-19,5853
00940,元大台灣價值高息,211,46,165,統一-中壢,2024-07-19,5853
2883,凱基金,145,21,124,統一-中壢,2024-07-19,5853
00929,復華台灣科技優息,135,16,119,統一-中壢,2024-07-19,5853
2618,長榮航,110,19,91,統一-中壢,2024-07-19,5853
00878,國泰永續高股息,97,11,86,統一-中壢,2024-07-19,5853
2330,台積電,97,16,81,統一-中壢,2024-07-19,5853
2888,新光金,92,17,75,統一-中壢,2024-07-19,5853
3624,光頡,71,0,71,統一-中壢,2024-07-19,5853
00934,中信成長高股息,69,0,69,統一-中壢,2024-07-19,5853
00679B,元大美債20年,59,1,58,統一-中壢,2024-07-19,5853
00919,群益台灣精選高息,67,13,54,統一-中壢,2024-07-19,5853
0056,元大高股息,53,1,52,統一-中壢,2024-07-19,5853
2489,瑞軒,56,7,49,統一-中壢,2024-07-19,5853
3013,晟銘電,51,6,45,統一-中壢,2024-07-19,5853
2855,統一證,43,0,43,統一-中壢,2024-07-19,5853
00692,富邦公司治理,52,10,42,統一-中壢,2024-07-19,5853
00947,台新臺灣IC設計,42,0,42,統一-中壢,2024-07-19,5853
00713,元大台灣高息低波,51,15,36,統一-中壢,2024-07-19,5853
2324,仁寶,36,0,36,統一-中壢,2024-07-19,5853
2891,中信金,51,19,32,統一-中壢,2024-07-19,5853
2356,英業達,54,22,32,統一-中壢,2024-07-19,5853
1303,南亞,32,2,30,統一-中壢,2024-07-19,5853
1314,中石化,30,0,30,統一-中壢,2024-07-19,5853
2515,中工,26,0,26,統一-中壢,2024-07-19,5853
00936,台新永續高息中小,28,3,25,統一-中壢,2024-07-19,5853
2408,南亞科,24,0,24,統一-中壢,2024-07-19,5853
1785,光洋科,26,3,23,統一-中壢,2024-07-19,5853
3055,蔚華科,22,0,22,統一-中壢,2024-07-19,5853
2376,技嘉,37,17,20,統一-中壢,2024-07-19,5853
00916,國泰全球品牌50,20,0,20,統一-中壢,2024-07-19,5853
2838,聯邦銀,20,0,20,統一-中壢,2024-07-19,5853
6770,力積電,20,0,20,統一-中壢,2024-07-19,5853
00918,大華優利高填息30,21,2,19,統一-中壢,2024-07-19,5853
9904,寶成,24,5,19,統一-中壢,2024-07-19,5853
6116,彩晶,18,0,18,統一-中壢,2024-07-19,5853
2610,華航,23,5,18,統一-中壢,2024-07-19,5853
2392,正崴,52,35,17,統一-中壢,2024-07-19,5853
1305,華夏,17,0,17,統一-中壢,2024-07-19,5853
2365,昆盈,48,32,16,統一-中壢,2024-07-19,5853
6733,博晟生醫,16,0,16,統一-中壢,2024-07-19,5853
00891,中信關鍵半導體,15,0,15,統一-中壢,2024-07-19,5853
2834,臺企銀,15,0,15,統一-中壢,2024-07-19,5853
8935,邦泰,16,1,15,統一-中壢,2024-07-19,5853
1609,大亞,48,33,15,統一-中壢,2024-07-19,5853
00753L,中信中國50正2,14,0,14,統一-中壢,2024-07-19,5853
3260,威剛,19,5,14,統一-中壢,2024-07-19,5853
00929,復華台灣科技優息,401,76,325,統一-中壢,2024-07-22,5853
00940,元大台灣價值高息,389,92,297,統一-中壢,2024-07-22,5853
00919,群益台灣精選高息,296,37,259,統一-中壢,2024-07-22,5853
6223,旺矽,151,1,150,統一-中壢,2024-07-22,5853
2888,新光金,149,10,139,統一-中壢,2024-07-22,5853
00946,群益科技高息成長,149,28,121,統一-中壢,2024-07-22,5853
00713,元大台灣高息低波,116,0,116,統一-中壢,2024-07-22,5853
3189,景碩,116,13,103,統一-中壢,2024-07-22,5853
00947,台新臺灣IC設計,94,0,94,統一-中壢,2024-07-22,5853
0056,元大高股息,69,4,65,統一-中壢,2024-07-22,5853
2845,遠東銀,65,0,65,統一-中壢,2024-07-22,5853
3481,群創,107,48,59,統一-中壢,2024-07-22,5853
00878,國泰永續高股息,73,15,58,統一-中壢,2024-07-22,5853
2883,凱基金,110,56,54,統一-中壢,2024-07-22,5853
2515,中工,50,0,50,統一-中壢,2024-07-22,5853
00692,富邦公司治理,50,0,50,統一-中壢,2024-07-22,5853
2303,聯電,53,4,49,統一-中壢,2024-07-22,5853
2489,瑞軒,62,17,45,統一-中壢,2024-07-22,5853
2313,華通,85,46,39,統一-中壢,2024-07-22,5853
2354,鴻準,38,2,36,統一-中壢,2024-07-22,5853
00936,台新永續高息中小,36,1,35,統一-中壢,2024-07-22,5853
2365,昆盈,49,15,34,統一-中壢,2024-07-22,5853
00881,國泰台灣5G+,46,13,33,統一-中壢,2024-07-22,5853
00892,富邦台灣半導體,35,5,30,統一-中壢,2024-07-22,5853
5512,力麒,29,1,28,統一-中壢,2024-07-22,5853
1319,東陽,26,0,26,統一-中壢,2024-07-22,5853
5519,隆大,28,3,25,統一-中壢,2024-07-22,5853
2356,英業達,30,7,23,統一-中壢,2024-07-22,5853
00715L,期街口布蘭特正2,22,1,21,統一-中壢,2024-07-22,5853
00891,中信關鍵半導體,22,1,21,統一-中壢,2024-07-22,5853
2408,南亞科,25,4,21,統一-中壢,2024-07-22,5853
00885,富邦越南,20,0,20,統一-中壢,2024-07-22,5853
1711,永光,20,0,20,統一-中壢,2024-07-22,5853
5302,太欣,20,0,20,統一-中壢,2024-07-22,5853
3231,緯創,30,11,19,統一-中壢,2024-07-22,5853
1609,大亞,20,1,19,統一-中壢,2024-07-22,5853
00941,中信上游半導體,16,0,16,統一-中壢,2024-07-22,5853
2353,宏��,25,9,16,統一-中壢,2024-07-22,5853
00900,富邦特選高股息30,18,2,16,統一-中壢,2024-07-22,5853
6147,頎邦,16,0,16,統一-中壢,2024-07-22,5853
00752,中信中國50,20,4,16,統一-中壢,2024-07-22,5853
2528,皇普,16,0,16,統一-中壢,2024-07-22,5853
3037,欣興,16,2,14,統一-中壢,2024-07-22,5853
00945B,凱基美國非投等債,13,0,13,統一-中壢,2024-07-22,5853
1605,華新,12,0,12,統一-中壢,2024-07-22,5853
3013,晟銘電,13,1,12,統一-中壢,2024-07-22,5853
8105,凌巨,16,4,12,統一-中壢,2024-07-22,5853
1303,南亞,13,1,12,統一-中壢,2024-07-22,5853
2101,南港,11,0,11,統一-中壢,2024-07-22,5853
4916,事欣科,21,10,11,統一-中壢,2024-07-22,5853
2409,友達,291,8,283,統一-中壢,2024-07-23,5853
00687B,國泰20年美債,116,0,116,統一-中壢,2024-07-23,5853
00937B,群益ESG投等債20,90,0,90,統一-中壢,2024-07-23,5853
2313,華通,123,43,80,統一-中壢,2024-07-23,5853
2489,瑞軒,82,6,76,統一-中壢,2024-07-23,5853
5269,祥碩,75,0,75,統一-中壢,2024-07-23,5853
2330,台積電,66,5,61,統一-中壢,2024-07-23,5853
2408,南亞科,50,2,48,統一-中壢,2024-07-23,5853
6269,台郡,47,2,45,統一-中壢,2024-07-23,5853
2834,臺企銀,45,2,43,統一-中壢,2024-07-23,5853
3481,群創,54,15,39,統一-中壢,2024-07-23,5853
8064,東捷,39,5,34,統一-中壢,2024-07-23,5853
0056,元大高股息,34,0,34,統一-中壢,2024-07-23,5853
2867,三商壽,37,9,28,統一-中壢,2024-07-23,5853
2406,國碩,29,4,25,統一-中壢,2024-07-23,5853
00905,FT臺灣Smart,25,0,25,統一-中壢,2024-07-23,5853
00931B,統一美債20年,34,10,24,統一-中壢,2024-07-23,5853
8086,宏捷科,21,0,21,統一-中壢,2024-07-23,5853
2884,玉山金,21,0,21,統一-中壢,2024-07-23,5853
00725B,國泰投資級公司債,20,0,20,統一-中壢,2024-07-23,5853
00927,群益半導體收益,20,0,20,統一-中壢,2024-07-23,5853
00720B,元大投資級公司債,20,0,20,統一-中壢,2024-07-23,5853
3294,英濟,20,0,20,統一-中壢,2024-07-23,5853
2312,金寶,22,3,19,統一-中壢,2024-07-23,5853
00679B,元大美債20年,18,0,18,統一-中壢,2024-07-23,5853
2337,旺宏,14,0,14,統一-中壢,2024-07-23,5853
6901,鑽石投資,20,6,14,統一-中壢,2024-07-23,5853
3706,神達,20,7,13,統一-中壢,2024-07-23,5853
5309,系統電,15,2,13,統一-中壢,2024-07-23,5853
6147,頎邦,13,0,13,統一-中壢,2024-07-23,5853
2891,中信金,12,0,12,統一-中壢,2024-07-23,5853
6116,彩晶,13,2,11,統一-中壢,2024-07-23,5853
00772B,中信高評級公司債,11,0,11,統一-中壢,2024-07-23,5853
00947,台新臺灣IC設計,16,5,11,統一-中壢,2024-07-23,5853
1616,億泰,14,3,11,統一-中壢,2024-07-23,5853
2002,中鋼,13,2,11,統一-中壢,2024-07-23,5853
3380,明泰,15,4,11,統一-中壢,2024-07-23,5853
2915,潤泰全,11,0,11,統一-中壢,2024-07-23,5853
00919,群益台灣精選高息,37,26,11,統一-中壢,2024-07-23,5853
8033,雷虎,10,0,10,統一-中壢,2024-07-23,5853
00923,群益台ESG低碳50,10,0,10,統一-中壢,2024-07-23,5853
3105,穩懋,10,0,10,統一-中壢,2024-07-23,5853
1609,大亞,16,6,10,統一-中壢,2024-07-23,5853
2357,華碩,10,0,10,統一-中壢,2024-07-23,5853
5905,南仁湖,10,0,10,統一-中壢,2024-07-23,5853
6189,豐藝,10,0,10,統一-中壢,2024-07-23,5853
00922,國泰台灣領袖50,9,0,9,統一-中壢,2024-07-23,5853
00946,群益科技高息成長,9,0,9,統一-中壢,2024-07-23,5853
00893,國泰智能電動車,9,0,9,統一-中壢,2024-07-23,5853
4109,加捷生醫,13,4,9,統一-中壢,2024-07-23,5853
00637L,元大滬深300正2,172,3,169,統一-中壢,2024-07-26,5853
00940,元大台灣價值高息,220,59,161,統一-中壢,2024-07-26,5853
2409,友達,159,13,146,統一-中壢,2024-07-26,5853
00929,復華台灣科技優息,170,58,112,統一-中壢,2024-07-26,5853
2888,新光金,109,11,98,統一-中壢,2024-07-26,5853
00878,國泰永續高股息,96,5,91,統一-中壢,2024-07-26,5853
00937B,群益ESG投等債20,95,15,80,統一-中壢,2024-07-26,5853
00946,群益科技高息成長,67,0,67,統一-中壢,2024-07-26,5853
0056,元大高股息,67,6,61,統一-中壢,2024-07-26,5853
2349,錸德,61,1,60,統一-中壢,2024-07-26,5853
00919,群益台灣精選高息,99,44,55,統一-中壢,2024-07-26,5853
00680L,元大美債20正2,50,0,50,統一-中壢,2024-07-26,5853
2002,中鋼,50,3,47,統一-中壢,2024-07-26,5853
2317,鴻海,58,12,46,統一-中壢,2024-07-26,5853
2834,臺企銀,41,1,40,統一-中壢,2024-07-26,5853
00915,凱基優選高股息30,38,0,38,統一-中壢,2024-07-26,5853
3357,臺慶科,37,0,37,統一-中壢,2024-07-26,5853
8096,擎亞,36,0,36,統一-中壢,2024-07-26,5853
00927,群益半導體收益,35,0,35,統一-中壢,2024-07-26,5853
2330,台積電,41,8,33,統一-中壢,2024-07-26,5853
5880,合庫金,34,2,32,統一-中壢,2024-07-26,5853
2399,映泰,33,1,32,統一-中壢,2024-07-26,5853
3264,欣銓,34,2,32,統一-中壢,2024-07-26,5853
2884,玉山金,48,16,32,統一-中壢,2024-07-26,5853
2408,南亞科,31,0,31,統一-中壢,2024-07-26,5853
3711,日月光投控,43,13,30,統一-中壢,2024-07-26,5853
00934,中信成長高股息,33,5,28,統一-中壢,2024-07-26,5853
1815,富喬,35,7,28,統一-中壢,2024-07-26,5853
3706,神達,27,0,27,統一-中壢,2024-07-26,5853
00947,台新臺灣IC設計,27,1,26,統一-中壢,2024-07-26,5853
00753L,中信中國50正2,25,0,25,統一-中壢,2024-07-26,5853
3013,晟銘電,71,48,23,統一-中壢,2024-07-26,5853
6143,振曜,22,0,22,統一-中壢,2024-07-26,5853
00715L,期街口布蘭特正2,21,0,21,統一-中壢,2024-07-26,5853
6223,旺矽,21,1,20,統一-中壢,2024-07-26,5853
00951,台新日本半導體,35,15,20,統一-中壢,2024-07-26,5853
2353,宏��,26,7,19,統一-中壢,2024-07-26,5853
3406,玉晶光,19,0,19,統一-中壢,2024-07-26,5853
00713,元大台灣高息低波,19,0,19,統一-中壢,2024-07-26,5853
00720B,元大投資級公司債,18,0,18,統一-中壢,2024-07-26,5853
2886,兆豐金,20,2,18,統一-中壢,2024-07-26,5853
00933B,國泰10Y+金融債,18,0,18,統一-中壢,2024-07-26,5853
2356,英業達,71,54,17,統一-中壢,2024-07-26,5853
2344,華邦電,17,0,17,統一-中壢,2024-07-26,5853
2303,聯電,36,19,17,統一-中壢,2024-07-26,5853
1101,台泥,23,7,16,統一-中壢,2024-07-26,5853
2887,台新金,15,0,15,統一-中壢,2024-07-26,5853
006208,富邦台50,14,0,14,統一-中壢,2024-07-26,5853
2906,高林,14,0,14,統一-中壢,2024-07-26,5853
3564,其陽,14,0,14,統一-中壢,2024-07-26,5853
2313,華通,131,21,110,統一-中壢,2024-07-29,5853
00929,復華台灣科技優息,432,330,102,統一-中壢,2024-07-29,5853
00951,台新日本半導體,83,0,83,統一-中壢,2024-07-29,5853
00940,元大台灣價值高息,84,18,66,統一-中壢,2024-07-29,5853
00881,國泰台灣5G+,57,0,57,統一-中壢,2024-07-29,5853
3652,精聯,48,2,46,統一-中壢,2024-07-29,5853
00939,統一台灣高息動能,47,2,45,統一-中壢,2024-07-29,5853
2603,長榮,52,9,43,統一-中壢,2024-07-29,5853
3218,大學光,40,0,40,統一-中壢,2024-07-29,5853
2356,英業達,69,29,40,統一-中壢,2024-07-29,5853
2376,技嘉,40,4,36,統一-中壢,2024-07-29,5853
00878,國泰永續高股息,90,55,35,統一-中壢,2024-07-29,5853
2365,昆盈,35,3,32,統一-中壢,2024-07-29,5853
2312,金寶,39,9,30,統一-中壢,2024-07-29,5853
2349,錸德,31,1,30,統一-中壢,2024-07-29,5853
00715L,期街口布蘭特正2,28,0,28,統一-中壢,2024-07-29,5853
2489,瑞軒,28,0,28,統一-中壢,2024-07-29,5853
00919,群益台灣精選高息,67,40,27,統一-中壢,2024-07-29,5853
3706,神達,40,14,26,統一-中壢,2024-07-29,5853
8926,台汽電,31,5,26,統一-中壢,2024-07-29,5853
3481,群創,70,45,25,統一-中壢,2024-07-29,5853
0056,元大高股息,60,37,23,統一-中壢,2024-07-29,5853
2330,台積電,32,9,23,統一-中壢,2024-07-29,5853
2353,宏��,35,15,20,統一-中壢,2024-07-29,5853
4562,穎漢,20,0,20,統一-中壢,2024-07-29,5853
9907,統一實,19,0,19,統一-中壢,2024-07-29,5853
00949,復華日本龍頭,20,2,18,統一-中壢,2024-07-29,5853
2408,南亞科,20,2,18,統一-中壢,2024-07-29,5853
3105,穩懋,18,1,17,統一-中壢,2024-07-29,5853
00688L,國泰20年美債正2,20,3,17,統一-中壢,2024-07-29,5853
2303,聯電,25,8,17,統一-中壢,2024-07-29,5853
2520,冠德,20,3,17,統一-中壢,2024-07-29,5853
2363,矽統,20,4,16,統一-中壢,2024-07-29,5853
2615,萬海,31,15,16,統一-中壢,2024-07-29,5853
1618,合機,22,7,15,統一-中壢,2024-07-29,5853
2888,新光金,16,1,15,統一-中壢,2024-07-29,5853
8271,宇瞻,14,0,14,統一-中壢,2024-07-29,5853
3231,緯創,36,22,14,統一-中壢,2024-07-29,5853
3050,鈺德,13,1,12,統一-中壢,2024-07-29,5853
6486,互動,12,0,12,統一-中壢,2024-07-29,5853
6806,森崴能源,47,35,12,統一-中壢,2024-07-29,5853
3035,智原,16,4,12,統一-中壢,2024-07-29,5853
9945,潤泰新,25,13,12,統一-中壢,2024-07-29,5853
2357,華碩,11,0,11,統一-中壢,2024-07-29,5853
2367,燿華,23,13,10,統一-中壢,2024-07-29,5853
00891,中信關鍵半導體,10,0,10,統一-中壢,2024-07-29,5853
2208,台船,11,1,10,統一-中壢,2024-07-29,5853
2468,華經,10,0,10,統一-中壢,2024-07-29,5853
2505,國揚,10,0,10,統一-中壢,2024-07-29,5853
3380,明泰,10,0,10,統一-中壢,2024-07-29,5853
2409,友達,710,21,689,統一-中壢,2024-07-30,5853
00632R,元大台灣50反1,291,82,209,統一-中壢,2024-07-30,5853
2486,一詮,162,6,156,統一-中壢,2024-07-30,5853
2801,彰銀,100,0,100,統一-中壢,2024-07-30,5853
00919,群益台灣精選高息,105,15,90,統一-中壢,2024-07-30,5853
00946,群益科技高息成長,93,4,89,統一-中壢,2024-07-30,5853
00940,元大台灣價值高息,97,11,86,統一-中壢,2024-07-30,5853
00929,復華台灣科技優息,157,73,84,統一-中壢,2024-07-30,5853
3044,健鼎,70,0,70,統一-中壢,2024-07-30,5853
00935,野村臺灣新科技50,53,3,50,統一-中壢,2024-07-30,5853
00637L,元大滬深300正2,49,0,49,統一-中壢,2024-07-30,5853
2031,新光鋼,58,11,47,統一-中壢,2024-07-30,5853
00715L,期街口布蘭特正2,45,0,45,統一-中壢,2024-07-30,5853
00951,台新日本半導體,39,0,39,統一-中壢,2024-07-30,5853
0056,元大高股息,42,3,39,統一-中壢,2024-07-30,5853
00934,中信成長高股息,47,10,37,統一-中壢,2024-07-30,5853
2886,兆豐金,33,0,33,統一-中壢,2024-07-30,5853
2834,臺企銀,46,14,32,統一-中壢,2024-07-30,5853
5309,系統電,33,1,32,統一-中壢,2024-07-30,5853
00830,國泰費城半導體,27,0,27,統一-中壢,2024-07-30,5853
3406,玉晶光,26,0,26,統一-中壢,2024-07-30,5853
2609,陽明,59,34,25,統一-中壢,2024-07-30,5853
00918,大華優利高填息30,23,0,23,統一-中壢,2024-07-30,5853
2344,華邦電,28,6,22,統一-中壢,2024-07-30,5853
4564,元翎,23,1,22,統一-中壢,2024-07-30,5853
3189,景碩,90,69,21,統一-中壢,2024-07-30,5853
00915,凱基優選高股息30,21,1,20,統一-中壢,2024-07-30,5853
2489,瑞軒,84,64,20,統一-中壢,2024-07-30,5853
00939,統一台灣高息動能,31,12,19,統一-中壢,2024-07-30,5853
2845,遠東銀,20,2,18,統一-中壢,2024-07-30,5853
00936,台新永續高息中小,17,0,17,統一-中壢,2024-07-30,5853
2324,仁寶,18,1,17,統一-中壢,2024-07-30,5853
6224,聚鼎,17,0,17,統一-中壢,2024-07-30,5853
6187,萬潤,16,0,16,統一-中壢,2024-07-30,5853
2303,聯電,26,11,15,統一-中壢,2024-07-30,5853
6147,頎邦,15,2,13,統一-中壢,2024-07-30,5853
6274,台燿,16,3,13,統一-中壢,2024-07-30,5853
5864,致和證,13,0,13,統一-中壢,2024-07-30,5853
8916,光隆,12,0,12,統一-中壢,2024-07-30,5853
2330,台積電,13,1,12,統一-中壢,2024-07-30,5853
00642U,期元大S＆P石油,11,0,11,統一-中壢,2024-07-30,5853
00753L,中信中國50正2,10,0,10,統一-中壢,2024-07-30,5853
00900,富邦特選高股息30,10,0,10,統一-中壢,2024-07-30,5853
00722B,群益投資級電信債,10,0,10,統一-中壢,2024-07-30,5853
00881,國泰台灣5G+,10,0,10,統一-中壢,2024-07-30,5853
00948B,中信優息投資級債,10,0,10,統一-中壢,2024-07-30,5853
1717,長興,10,0,10,統一-中壢,2024-07-30,5853
6156,松上,10,0,10,統一-中壢,2024-07-30,5853
911868,同方友友-DR,16,6,10,統一-中壢,2024-07-30,5853
2891,中信金,25,15,10,統一-中壢,2024-07-30,5853
2618,長榮航,205,22,183,統一-中壢,2024-07-31,5853
00937B,群益ESG投等債20,140,5,135,統一-中壢,2024-07-31,5853
00929,復華台灣科技優息,123,30,93,統一-中壢,2024-07-31,5853
2349,錸德,128,60,68,統一-中壢,2024-07-31,5853
3715,定穎投控,52,11,41,統一-中壢,2024-07-31,5853
1815,富喬,43,3,40,統一-中壢,2024-07-31,5853
00919,群益台灣精選高息,42,2,40,統一-中壢,2024-07-31,5853
2409,友達,52,15,37,統一-中壢,2024-07-31,5853
00940,元大台灣價值高息,46,10,36,統一-中壢,2024-07-31,5853
3518,柏騰,37,2,35,統一-中壢,2024-07-31,5853
00939,統一台灣高息動能,92,59,33,統一-中壢,2024-07-31,5853
2312,金寶,38,5,33,統一-中壢,2024-07-31,5853
3481,群創,43,12,31,統一-中壢,2024-07-31,5853
2357,華碩,30,0,30,統一-中壢,2024-07-31,5853
00935,野村臺灣新科技50,31,2,29,統一-中壢,2024-07-31,5853
2031,新光鋼,23,0,23,統一-中壢,2024-07-31,5853
00891,中信關鍵半導體,22,1,21,統一-中壢,2024-07-31,5853
00680L,元大美債20正2,20,0,20,統一-中壢,2024-07-31,5853
00951,台新日本半導體,21,1,20,統一-中壢,2024-07-31,5853
3044,健鼎,20,0,20,統一-中壢,2024-07-31,5853
4545,銘鈺,21,1,20,統一-中壢,2024-07-31,5853
00878,國泰永續高股息,20,1,19,統一-中壢,2024-07-31,5853
00687B,國泰20年美債,23,4,19,統一-中壢,2024-07-31,5853
00934,中信成長高股息,49,30,19,統一-中壢,2024-07-31,5853
911868,同方友友-DR,30,12,18,統一-中壢,2024-07-31,5853
6116,彩晶,18,0,18,統一-中壢,2024-07-31,5853
00927,群益半導體收益,17,0,17,統一-中壢,2024-07-31,5853
6443,元晶,19,2,17,統一-中壢,2024-07-31,5853
3189,景碩,25,9,16,統一-中壢,2024-07-31,5853
1810,和成,15,0,15,統一-中壢,2024-07-31,5853
3047,訊舟,25,11,14,統一-中壢,2024-07-31,5853
3105,穩懋,19,5,14,統一-中壢,2024-07-31,5853
00946,群益科技高息成長,14,0,14,統一-中壢,2024-07-31,5853
1536,和大,18,4,14,統一-中壢,2024-07-31,5853
2303,聯電,21,8,13,統一-中壢,2024-07-31,5853
2489,瑞軒,16,3,13,統一-中壢,2024-07-31,5853
6147,頎邦,13,0,13,統一-中壢,2024-07-31,5853
3037,欣興,14,2,12,統一-中壢,2024-07-31,5853
2204,中華,12,0,12,統一-中壢,2024-07-31,5853
2313,華通,16,4,12,統一-中壢,2024-07-31,5853
2399,映泰,11,0,11,統一-中壢,2024-07-31,5853
5522,遠雄,14,3,11,統一-中壢,2024-07-31,5853
00706L,期元大S＆P日圓正2,10,0,10,統一-中壢,2024-07-31,5853
00725B,國泰投資級公司債,10,0,10,統一-中壢,2024-07-31,5853
2867,三商壽,10,0,10,統一-中壢,2024-07-31,5853
912000,晨訊科-DR,10,0,10,統一-中壢,2024-07-31,5853
00753L,中信中國50正2,11,1,10,統一-中壢,2024-07-31,5853
3594,磐儀,9,0,9,統一-中壢,2024-07-31,5853
00733,富邦臺灣中小,8,0,8,統一-中壢,2024-07-31,5853
2329,華泰,8,0,8,統一-中壢,2024-07-31,5853
2357,華碩,228,3,225,統一-中壢,2024-08-01,5853
00632R,元大台灣50反1,161,10,151,統一-中壢,2024-08-01,5853
00665L,富邦�琤肭磪囓�2,108,0,108,統一-中壢,2024-08-01,5853
00878,國泰永續高股息,68,11,57,統一-中壢,2024-08-01,5853
2409,友達,98,45,53,統一-中壢,2024-08-01,5853
2887,台新金,50,0,50,統一-中壢,2024-08-01,5853
2383,台光電,52,5,47,統一-中壢,2024-08-01,5853
00680L,元大美債20正2,210,165,45,統一-中壢,2024-08-01,5853
1815,富喬,40,2,38,統一-中壢,2024-08-01,5853
00637L,元大滬深300正2,127,103,24,統一-中壢,2024-08-01,5853
2374,佳能,25,2,23,統一-中壢,2024-08-01,5853
2520,冠德,26,3,23,統一-中壢,2024-08-01,5853
8064,東捷,31,9,22,統一-中壢,2024-08-01,5853
8043,蜜望實,21,0,21,統一-中壢,2024-08-01,5853
6187,萬潤,19,0,19,統一-中壢,2024-08-01,5853
1308,亞聚,17,0,17,統一-中壢,2024-08-01,5853
3518,柏騰,20,4,16,統一-中壢,2024-08-01,5853
2888,新光金,58,43,15,統一-中壢,2024-08-01,5853
2884,玉山金,23,10,13,統一-中壢,2024-08-01,5853
2354,鴻準,15,2,13,統一-中壢,2024-08-01,5853
00949,復華日本龍頭,13,0,13,統一-中壢,2024-08-01,5853
1513,中興電,14,1,13,統一-中壢,2024-08-01,5853
2062,橋椿,13,0,13,統一-中壢,2024-08-01,5853
4906,正文,15,2,13,統一-中壢,2024-08-01,5853
00891,中信關鍵半導體,12,0,12,統一-中壢,2024-08-01,5853
2528,皇普,12,0,12,統一-中壢,2024-08-01,5853
5512,力麒,12,0,12,統一-中壢,2024-08-01,5853
3324,雙鴻,12,1,11,統一-中壢,2024-08-01,5853
00753L,中信中國50正2,11,0,11,統一-中壢,2024-08-01,5853
2312,金寶,31,20,11,統一-中壢,2024-08-01,5853
5213,亞昕,11,0,11,統一-中壢,2024-08-01,5853
8011,台通,17,6,11,統一-中壢,2024-08-01,5853
911868,同方友友-DR,40,29,11,統一-中壢,2024-08-01,5853
8028,昇陽半導體,12,2,10,統一-中壢,2024-08-01,5853
2402,毅嘉,13,3,10,統一-中壢,2024-08-01,5853
1216,統一,10,0,10,統一-中壢,2024-08-01,5853
2408,南亞科,11,1,10,統一-中壢,2024-08-01,5853
2501,國建,13,3,10,統一-中壢,2024-08-01,5853
2801,彰銀,18,8,10,統一-中壢,2024-08-01,5853
3581,博磊,10,0,10,統一-中壢,2024-08-01,5853
4306,炎洲,11,1,10,統一-中壢,2024-08-01,5853
6143,振曜,10,0,10,統一-中壢,2024-08-01,5853
6239,力成,11,1,10,統一-中壢,2024-08-01,5853
8088,品安,10,0,10,統一-中壢,2024-08-01,5853
8390,金益鼎,10,0,10,統一-中壢,2024-08-01,5853
9902,台火,12,2,10,統一-中壢,2024-08-01,5853
1722,台肥,9,0,9,統一-中壢,2024-08-01,5853
2344,華邦電,9,0,9,統一-中壢,2024-08-01,5853
6443,元晶,9,0,9,統一-中壢,2024-08-01,5853
1215,卜蜂,8,0,8,統一-中壢,2024-08-01,5853
2409,友達,837,22,815,統一-中壢,2024-08-02,5853
2357,華碩,615,0,615,統一-中壢,2024-08-02,5853
00929,復華台灣科技優息,398,5,393,統一-中壢,2024-08-02,5853
1815,富喬,271,2,269,統一-中壢,2024-08-02,5853
00881,國泰台灣5G+,254,2,252,統一-中壢,2024-08-02,5853
00878,國泰永續高股息,172,19,153,統一-中壢,2024-08-02,5853
00919,群益台灣精選高息,155,5,150,統一-中壢,2024-08-02,5853
00891,中信關鍵半導體,151,3,148,統一-中壢,2024-08-02,5853
2317,鴻海,171,60,111,統一-中壢,2024-08-02,5853
00940,元大台灣價值高息,141,31,110,統一-中壢,2024-08-02,5853
2834,臺企銀,77,0,77,統一-中壢,2024-08-02,5853
00946,群益科技高息成長,73,0,73,統一-中壢,2024-08-02,5853
2515,中工,57,1,56,統一-中壢,2024-08-02,5853
2845,遠東銀,53,0,53,統一-中壢,2024-08-02,5853
00935,野村臺灣新科技50,50,0,50,統一-中壢,2024-08-02,5853
3037,欣興,63,14,49,統一-中壢,2024-08-02,5853
00951,台新日本半導體,56,8,48,統一-中壢,2024-08-02,5853
00679B,元大美債20年,94,46,48,統一-中壢,2024-08-02,5853
00949,復華日本龍頭,46,0,46,統一-中壢,2024-08-02,5853
0056,元大高股息,46,0,46,統一-中壢,2024-08-02,5853
2330,台積電,49,7,42,統一-中壢,2024-08-02,5853
00918,大華優利高填息30,46,10,36,統一-中壢,2024-08-02,5853
2356,英業達,40,8,32,統一-中壢,2024-08-02,5853
2867,三商壽,30,0,30,統一-中壢,2024-08-02,5853
3264,欣銓,30,0,30,統一-中壢,2024-08-02,5853
00900,富邦特選高股息30,28,0,28,統一-中壢,2024-08-02,5853
2308,台達電,28,0,28,統一-中壢,2024-08-02,5853
00712,復華富時不動產,28,1,27,統一-中壢,2024-08-02,5853
00941,中信上游半導體,33,6,27,統一-中壢,2024-08-02,5853
00932,兆豐永續高息等權,26,0,26,統一-中壢,2024-08-02,5853
00715L,期街口布蘭特正2,28,3,25,統一-中壢,2024-08-02,5853
00939,統一台灣高息動能,27,2,25,統一-中壢,2024-08-02,5853
2891,中信金,29,5,24,統一-中壢,2024-08-02,5853
2337,旺宏,24,0,24,統一-中壢,2024-08-02,5853
5392,能率,30,6,24,統一-中壢,2024-08-02,5853
2301,光寶科,38,14,24,統一-中壢,2024-08-02,5853
2367,燿華,24,1,23,統一-中壢,2024-08-02,5853
00902,中信電池及儲能,23,0,23,統一-中壢,2024-08-02,5853
2353,宏��,26,4,22,統一-中壢,2024-08-02,5853
00931B,統一美債20年,37,15,22,統一-中壢,2024-08-02,5853
3450,聯鈞,42,20,22,統一-中壢,2024-08-02,5853
2382,廣達,28,6,22,統一-中壢,2024-08-02,5853
3711,日月光投控,23,2,21,統一-中壢,2024-08-02,5853
2344,華邦電,38,17,21,統一-中壢,2024-08-02,5853
8033,雷虎,20,0,20,統一-中壢,2024-08-02,5853
3376,新日興,18,0,18,統一-中壢,2024-08-02,5853
2313,華通,20,2,18,統一-中壢,2024-08-02,5853
8926,台汽電,18,0,18,統一-中壢,2024-08-02,5853
4306,炎洲,17,0,17,統一-中壢,2024-08-02,5853
00905,FT臺灣Smart,17,0,17,統一-中壢,2024-08-02,5853
00929,復華台灣科技優息,628,108,520,統一-中壢,2024-08-05,5853
00680L,元大美債20正2,385,20,365,統一-中壢,2024-08-05,5853
00940,元大台灣價值高息,382,24,358,統一-中壢,2024-08-05,5853
2323,中環,226,0,226,統一-中壢,2024-08-05,5853
2515,中工,222,11,211,統一-中壢,2024-08-05,5853
00951,台新日本半導體,164,3,161,統一-中壢,2024-08-05,5853
00878,國泰永續高股息,209,49,160,統一-中壢,2024-08-05,5853
0056,元大高股息,221,76,145,統一-中壢,2024-08-05,5853
00919,群益台灣精選高息,201,74,127,統一-中壢,2024-08-05,5853
2317,鴻海,133,21,112,統一-中壢,2024-08-05,5853
2402,毅嘉,94,4,90,統一-中壢,2024-08-05,5853
2357,華碩,76,1,75,統一-中壢,2024-08-05,5853
2489,瑞軒,71,0,71,統一-中壢,2024-08-05,5853
2409,友達,96,26,70,統一-中壢,2024-08-05,5853
00715L,期街口布蘭特正2,68,0,68,統一-中壢,2024-08-05,5853
00946,群益科技高息成長,65,1,64,統一-中壢,2024-08-05,5853
2845,遠東銀,60,0,60,統一-中壢,2024-08-05,5853
00675L,富邦臺灣加權正2,60,6,54,統一-中壢,2024-08-05,5853
00881,國泰台灣5G+,86,34,52,統一-中壢,2024-08-05,5853
2603,長榮,51,0,51,統一-中壢,2024-08-05,5853
911868,同方友友-DR,50,1,49,統一-中壢,2024-08-05,5853
2891,中信金,48,1,47,統一-中壢,2024-08-05,5853
00949,復華日本龍頭,50,6,44,統一-中壢,2024-08-05,5853
2002,中鋼,73,33,40,統一-中壢,2024-08-05,5853
00664R,國泰臺灣加權反1,40,0,40,統一-中壢,2024-08-05,5853
3406,玉晶光,38,0,38,統一-中壢,2024-08-05,5853
2888,新光金,79,42,37,統一-中壢,2024-08-05,5853
00936,台新永續高息中小,55,21,34,統一-中壢,2024-08-05,5853
3264,欣銓,34,0,34,統一-中壢,2024-08-05,5853
1220,台榮,30,0,30,統一-中壢,2024-08-05,5853
00885,富邦越南,35,5,30,統一-中壢,2024-08-05,5853
2528,皇普,29,0,29,統一-中壢,2024-08-05,5853
1718,中纖,29,1,28,統一-中壢,2024-08-05,5853
2610,華航,34,6,28,統一-中壢,2024-08-05,5853
1734,杏輝,27,0,27,統一-中壢,2024-08-05,5853
6152,百一,27,0,27,統一-中壢,2024-08-05,5853
3481,群創,84,57,27,統一-中壢,2024-08-05,5853
00712,復華富時不動產,25,0,25,統一-中壢,2024-08-05,5853
00900,富邦特選高股息30,58,33,25,統一-中壢,2024-08-05,5853
2303,聯電,55,32,23,統一-中壢,2024-08-05,5853
6770,力積電,23,0,23,統一-中壢,2024-08-05,5853
3706,神達,26,4,22,統一-中壢,2024-08-05,5853
2367,燿華,21,0,21,統一-中壢,2024-08-05,5853
1605,華新,21,0,21,統一-中壢,2024-08-05,5853
00891,中信關鍵半導體,26,6,20,統一-中壢,2024-08-05,5853
00786B,元大10年IG銀行債,20,0,20,統一-中壢,2024-08-05,5853
2427,三商電,20,0,20,統一-中壢,2024-08-05,5853
2436,偉詮電,20,0,20,統一-中壢,2024-08-05,5853
6451,訊芯-KY,20,0,20,統一-中壢,2024-08-05,5853
2887,台新金,20,0,20,統一-中壢,2024-08-05,5853
00632R,元大台灣50反1,555,53,502,統一-中壢,2024-08-06,5853
00715L,期街口布蘭特正2,364,0,364,統一-中壢,2024-08-06,5853
00940,元大台灣價值高息,333,38,295,統一-中壢,2024-08-06,5853
2515,中工,266,7,259,統一-中壢,2024-08-06,5853
00637L,元大滬深300正2,159,17,142,統一-中壢,2024-08-06,5853
2313,華通,233,112,121,統一-中壢,2024-08-06,5853
2887,台新金,106,14,92,統一-中壢,2024-08-06,5853
00929,復華台灣科技優息,196,118,78,統一-中壢,2024-08-06,5853
2528,皇普,79,4,75,統一-中壢,2024-08-06,5853
2357,華碩,76,1,75,統一-中壢,2024-08-06,5853
0056,元大高股息,67,11,56,統一-中壢,2024-08-06,5853
1815,富喬,74,18,56,統一-中壢,2024-08-06,5853
00922,國泰台灣領袖50,52,1,51,統一-中壢,2024-08-06,5853
00942B,台新美A公司債20+,50,0,50,統一-中壢,2024-08-06,5853
00945B,凱基美國非投等債,50,0,50,統一-中壢,2024-08-06,5853
00679B,元大美債20年,118,72,46,統一-中壢,2024-08-06,5853
2317,鴻海,152,108,44,統一-中壢,2024-08-06,5853
2915,潤泰全,44,0,44,統一-中壢,2024-08-06,5853
2618,長榮航,52,11,41,統一-中壢,2024-08-06,5853
00937B,群益ESG投等債20,51,11,40,統一-中壢,2024-08-06,5853
4155,訊映,40,0,40,統一-中壢,2024-08-06,5853
2402,毅嘉,41,6,35,統一-中壢,2024-08-06,5853
2337,旺宏,31,1,30,統一-中壢,2024-08-06,5853
00951,台新日本半導體,31,1,30,統一-中壢,2024-08-06,5853
2362,藍天,31,2,29,統一-中壢,2024-08-06,5853
2489,瑞軒,91,63,28,統一-中壢,2024-08-06,5853
2888,新光金,124,96,28,統一-中壢,2024-08-06,5853
0050,元大台灣50,47,19,28,統一-中壢,2024-08-06,5853
1513,中興電,41,14,27,統一-中壢,2024-08-06,5853
2417,圓剛,30,5,25,統一-中壢,2024-08-06,5853
6216,居易,24,0,24,統一-中壢,2024-08-06,5853
2374,佳能,25,2,23,統一-中壢,2024-08-06,5853
2442,新美齊,33,12,21,統一-中壢,2024-08-06,5853
00891,中信關鍵半導體,27,7,20,統一-中壢,2024-08-06,5853
3044,健鼎,20,0,20,統一-中壢,2024-08-06,5853
00664R,國泰臺灣加權反1,20,0,20,統一-中壢,2024-08-06,5853
2641,正德,20,0,20,統一-中壢,2024-08-06,5853
3520,華盈,20,0,20,統一-中壢,2024-08-06,5853
3564,其陽,20,0,20,統一-中壢,2024-08-06,5853
00631L,元大台灣50正2,26,7,19,統一-中壢,2024-08-06,5853
006208,富邦台50,18,1,17,統一-中壢,2024-08-06,5853
00786B,元大10年IG銀行債,16,0,16,統一-中壢,2024-08-06,5853
8926,台汽電,17,1,16,統一-中壢,2024-08-06,5853
9105,泰金寶-DR,16,0,16,統一-中壢,2024-08-06,5853
3189,景碩,30,14,16,統一-中壢,2024-08-06,5853
00905,FT臺灣Smart,16,1,15,統一-中壢,2024-08-06,5853
2392,正崴,16,2,14,統一-中壢,2024-08-06,5853
3481,群創,24,10,14,統一-中壢,2024-08-06,5853
00936,台新永續高息中小,23,10,13,統一-中壢,2024-08-06,5853
2002,中鋼,15,2,13,統一-中壢,2024-08-06,5853
00680L,元大美債20正2,303,0,303,統一-中壢,2024-08-07,5853
00632R,元大台灣50反1,192,38,154,統一-中壢,2024-08-07,5853
00687B,國泰20年美債,186,51,135,統一-中壢,2024-08-07,5853
2409,友達,123,25,98,統一-中壢,2024-08-07,5853
00715L,期街口布蘭特正2,76,0,76,統一-中壢,2024-08-07,5853
00786B,元大10年IG銀行債,72,0,72,統一-中壢,2024-08-07,5853
2317,鴻海,149,82,67,統一-中壢,2024-08-07,5853
2417,圓剛,65,0,65,統一-中壢,2024-08-07,5853
2886,兆豐金,61,0,61,統一-中壢,2024-08-07,5853
00929,復華台灣科技優息,175,122,53,統一-中壢,2024-08-07,5853
5871,中租-KY,60,11,49,統一-中壢,2024-08-07,5853
3481,群創,55,8,47,統一-中壢,2024-08-07,5853
2374,佳能,41,0,41,統一-中壢,2024-08-07,5853
3019,亞光,41,1,40,統一-中壢,2024-08-07,5853
00946,群益科技高息成長,56,23,33,統一-中壢,2024-08-07,5853
00900,富邦特選高股息30,50,17,33,統一-中壢,2024-08-07,5853
2884,玉山金,30,0,30,統一-中壢,2024-08-07,5853
2731,雄獅,30,1,29,統一-中壢,2024-08-07,5853
00720B,元大投資級公司債,26,0,26,統一-中壢,2024-08-07,5853
00919,群益台灣精選高息,35,10,25,統一-中壢,2024-08-07,5853
6213,聯茂,28,3,25,統一-中壢,2024-08-07,5853
4972,湯石照明,23,0,23,統一-中壢,2024-08-07,5853
0056,元大高股息,36,14,22,統一-中壢,2024-08-07,5853
6873,泓德能源,20,0,20,統一-中壢,2024-08-07,5853
8105,凌巨,20,1,19,統一-中壢,2024-08-07,5853
2887,台新金,16,0,16,統一-中壢,2024-08-07,5853
00642U,期元大S＆P石油,16,0,16,統一-中壢,2024-08-07,5853
2312,金寶,30,14,16,統一-中壢,2024-08-07,5853
00756B,群益投等新興公債,15,0,15,統一-中壢,2024-08-07,5853
2528,皇普,15,0,15,統一-中壢,2024-08-07,5853
1718,中纖,20,6,14,統一-中壢,2024-08-07,5853
6742,澤米,14,0,14,統一-中壢,2024-08-07,5853
0050,元大台灣50,14,0,14,統一-中壢,2024-08-07,5853
2891,中信金,40,27,13,統一-中壢,2024-08-07,5853
1540,喬福,122,109,13,統一-中壢,2024-08-07,5853
2002,中鋼,16,3,13,統一-中壢,2024-08-07,5853
2472,立隆電,15,2,13,統一-中壢,2024-08-07,5853
2376,技嘉,17,5,12,統一-中壢,2024-08-07,5853
00878,國泰永續高股息,27,15,12,統一-中壢,2024-08-07,5853
2834,臺企銀,22,10,12,統一-中壢,2024-08-07,5853
4306,炎洲,11,0,11,統一-中壢,2024-08-07,5853
00664R,國泰臺灣加權反1,10,0,10,統一-中壢,2024-08-07,5853
00891,中信關鍵半導體,10,0,10,統一-中壢,2024-08-07,5853
2101,南港,10,0,10,統一-中壢,2024-08-07,5853
2323,中環,10,0,10,統一-中壢,2024-08-07,5853
2408,南亞科,14,4,10,統一-中壢,2024-08-07,5853
3059,華晶科,10,0,10,統一-中壢,2024-08-07,5853
3520,華盈,10,0,10,統一-中壢,2024-08-07,5853
3691,碩禾,10,0,10,統一-中壢,2024-08-07,5853
4707,磐亞,10,0,10,統一-中壢,2024-08-07,5853
00687B,國泰20年美債,323,2,321,統一-中壢,2024-08-08,5853
00929,復華台灣科技優息,290,18,272,統一-中壢,2024-08-08,5853
00937B,群益ESG投等債20,164,12,152,統一-中壢,2024-08-08,5853
2888,新光金,111,2,109,統一-中壢,2024-08-08,5853
2349,錸德,98,1,97,統一-中壢,2024-08-08,5853
00679B,元大美債20年,102,34,68,統一-中壢,2024-08-08,5853
00940,元大台灣價值高息,68,8,60,統一-中壢,2024-08-08,5853
00751B,元大AAA至A公司債,54,0,54,統一-中壢,2024-08-08,5853
2317,鴻海,108,54,54,統一-中壢,2024-08-08,5853
00795B,中信美國公債20年,45,0,45,統一-中壢,2024-08-08,5853
00900,富邦特選高股息30,44,1,43,統一-中壢,2024-08-08,5853
00947,台新臺灣IC設計,40,0,40,統一-中壢,2024-08-08,5853
2886,兆豐金,40,0,40,統一-中壢,2024-08-08,5853
00878,國泰永續高股息,39,0,39,統一-中壢,2024-08-08,5853
2489,瑞軒,81,44,37,統一-中壢,2024-08-08,5853
2609,陽明,37,3,34,統一-中壢,2024-08-08,5853
2528,皇普,31,0,31,統一-中壢,2024-08-08,5853
2834,臺企銀,30,0,30,統一-中壢,2024-08-08,5853
3218,大學光,30,0,30,統一-中壢,2024-08-08,5853
3481,群創,76,47,29,統一-中壢,2024-08-08,5853
3711,日月光投控,26,0,26,統一-中壢,2024-08-08,5853
1815,富喬,30,5,25,統一-中壢,2024-08-08,5853
6451,訊芯-KY,23,1,22,統一-中壢,2024-08-08,5853
2610,華航,21,0,21,統一-中壢,2024-08-08,5853
00664R,國泰臺灣加權反1,20,0,20,統一-中壢,2024-08-08,5853
3520,華盈,20,0,20,統一-中壢,2024-08-08,5853
3522,御嵿,20,0,20,統一-中壢,2024-08-08,5853
8105,凌巨,20,0,20,統一-中壢,2024-08-08,5853
3047,訊舟,20,1,19,統一-中壢,2024-08-08,5853
1102,亞泥,18,0,18,統一-中壢,2024-08-08,5853
2368,金像電,26,8,18,統一-中壢,2024-08-08,5853
2891,中信金,35,18,17,統一-中壢,2024-08-08,5853
00881,國泰台灣5G+,16,1,15,統一-中壢,2024-08-08,5853
1504,東元,15,0,15,統一-中壢,2024-08-08,5853
6176,瑞儀,16,1,15,統一-中壢,2024-08-08,5853
2357,華碩,22,7,15,統一-中壢,2024-08-08,5853
006208,富邦台50,16,2,14,統一-中壢,2024-08-08,5853
00919,群益台灣精選高息,19,6,13,統一-中壢,2024-08-08,5853
2344,華邦電,25,12,13,統一-中壢,2024-08-08,5853
0056,元大高股息,14,1,13,統一-中壢,2024-08-08,5853
2520,冠德,14,2,12,統一-中壢,2024-08-08,5853
00923,群益台ESG低碳50,11,0,11,統一-中壢,2024-08-08,5853
3019,亞光,20,9,11,統一-中壢,2024-08-08,5853
00646,元大S＆P500,11,0,11,統一-中壢,2024-08-08,5853
00753L,中信中國50正2,11,0,11,統一-中壢,2024-08-08,5853
3062,建漢,11,0,11,統一-中壢,2024-08-08,5853
3706,神達,11,0,11,統一-中壢,2024-08-08,5853
5392,能率,11,0,11,統一-中壢,2024-08-08,5853
3715,定穎投控,22,11,11,統一-中壢,2024-08-08,5853
2382,廣達,16,5,11,統一-中壢,2024-08-08,5853
00632R,元大台灣50反1,464,58,406,統一-中壢,2024-08-09,5853
00687B,國泰20年美債,179,5,174,統一-中壢,2024-08-09,5853
00937B,群益ESG投等債20,435,316,119,統一-中壢,2024-08-09,5853
00948B,中信優息投資級債,109,0,109,統一-中壢,2024-08-09,5853
00679B,元大美債20年,121,25,96,統一-中壢,2024-08-09,5853
00885,富邦越南,87,2,85,統一-中壢,2024-08-09,5853
00940,元大台灣價值高息,106,44,62,統一-中壢,2024-08-09,5853
3715,定穎投控,94,37,57,統一-中壢,2024-08-09,5853
00680L,元大美債20正2,66,13,53,統一-中壢,2024-08-09,5853
00795B,中信美國公債20年,53,0,53,統一-中壢,2024-08-09,5853
3044,健鼎,63,20,43,統一-中壢,2024-08-09,5853
00929,復華台灣科技優息,504,464,40,統一-中壢,2024-08-09,5853
2362,藍天,41,2,39,統一-中壢,2024-08-09,5853
2884,玉山金,45,6,39,統一-中壢,2024-08-09,5853
2349,錸德,42,4,38,統一-中壢,2024-08-09,5853
911868,同方友友-DR,33,1,32,統一-中壢,2024-08-09,5853
2353,宏��,51,23,28,統一-中壢,2024-08-09,5853
00932,兆豐永續高息等權,25,1,24,統一-中壢,2024-08-09,5853
6016,康和證,25,1,24,統一-中壢,2024-08-09,5853
6197,佳必琪,22,0,22,統一-中壢,2024-08-09,5853
4906,正文,20,0,20,統一-中壢,2024-08-09,5853
8071,能率網通,20,0,20,統一-中壢,2024-08-09,5853
2357,華碩,21,1,20,統一-中壢,2024-08-09,5853
6603,富強鑫,48,29,19,統一-中壢,2024-08-09,5853
3211,順達,19,0,19,統一-中壢,2024-08-09,5853
6143,振曜,20,1,19,統一-中壢,2024-08-09,5853
6443,元晶,19,1,18,統一-中壢,2024-08-09,5853
8086,宏捷科,19,1,18,統一-中壢,2024-08-09,5853
2801,彰銀,20,3,17,統一-中壢,2024-08-09,5853
00951,台新日本半導體,46,30,16,統一-中壢,2024-08-09,5853
1102,亞泥,18,2,16,統一-中壢,2024-08-09,5853
4549,桓達,17,1,16,統一-中壢,2024-08-09,5853
2324,仁寶,26,11,15,統一-中壢,2024-08-09,5853
00916,國泰全球品牌50,14,0,14,統一-中壢,2024-08-09,5853
00893,國泰智能電動車,13,0,13,統一-中壢,2024-08-09,5853
2610,華航,18,6,12,統一-中壢,2024-08-09,5853
4933,友輝,12,0,12,統一-中壢,2024-08-09,5853
00751B,元大AAA至A公司債,11,0,11,統一-中壢,2024-08-09,5853
2367,燿華,14,3,11,統一-中壢,2024-08-09,5853
2374,佳能,11,0,11,統一-中壢,2024-08-09,5853
2489,瑞軒,53,42,11,統一-中壢,2024-08-09,5853
00637L,元大滬深300正2,10,0,10,統一-中壢,2024-08-09,5853
2401,凌陽,11,1,10,統一-中壢,2024-08-09,5853
2905,三商,10,0,10,統一-中壢,2024-08-09,5853
3520,華盈,10,0,10,統一-中壢,2024-08-09,5853
3576,聯合再生,10,0,10,統一-中壢,2024-08-09,5853
2915,潤泰全,10,0,10,統一-中壢,2024-08-09,5853
3049,精金,9,0,9,統一-中壢,2024-08-09,5853
00772B,中信高評級公司債,8,0,8,統一-中壢,2024-08-09,5853
2886,兆豐金,13,5,8,統一-中壢,2024-08-09,5853
3481,群創,436,13,423,統一-中壢,2024-08-12,5853
00687B,國泰20年美債,272,22,250,統一-中壢,2024-08-12,5853
00937B,群益ESG投等債20,146,20,126,統一-中壢,2024-08-12,5853
00878,國泰永續高股息,149,29,120,統一-中壢,2024-08-12,5853
00680L,元大美債20正2,100,0,100,統一-中壢,2024-08-12,5853
6274,台燿,87,4,83,統一-中壢,2024-08-12,5853
00951,台新日本半導體,67,0,67,統一-中壢,2024-08-12,5853
2312,金寶,71,9,62,統一-中壢,2024-08-12,5853
00942B,台新美A公司債20+,50,0,50,統一-中壢,2024-08-12,5853
3044,健鼎,40,0,40,統一-中壢,2024-08-12,5853
2618,長榮航,42,8,34,統一-中壢,2024-08-12,5853
00679B,元大美債20年,30,0,30,統一-中壢,2024-08-12,5853
2369,菱生,30,0,30,統一-中壢,2024-08-12,5853
3047,訊舟,33,3,30,統一-中壢,2024-08-12,5853
2888,新光金,72,44,28,統一-中壢,2024-08-12,5853
2610,華航,29,3,26,統一-中壢,2024-08-12,5853
2801,彰銀,26,0,26,統一-中壢,2024-08-12,5853
00926,凱基全球菁英55,25,0,25,統一-中壢,2024-08-12,5853
2417,圓剛,23,0,23,統一-中壢,2024-08-12,5853
00929,復華台灣科技優息,89,68,21,統一-中壢,2024-08-12,5853
2528,皇普,20,0,20,統一-中壢,2024-08-12,5853
6215,和椿,35,15,20,統一-中壢,2024-08-12,5853
1597,直得,37,18,19,統一-中壢,2024-08-12,5853
2382,廣達,33,14,19,統一-中壢,2024-08-12,5853
2062,橋椿,19,1,18,統一-中壢,2024-08-12,5853
4109,加捷生醫,22,5,17,統一-中壢,2024-08-12,5853
6005,群益證,18,1,17,統一-中壢,2024-08-12,5853
00881,國泰台灣5G+,18,3,15,統一-中壢,2024-08-12,5853
00935,野村臺灣新科技50,20,5,15,統一-中壢,2024-08-12,5853
2357,華碩,27,12,15,統一-中壢,2024-08-12,5853
6770,力積電,15,0,15,統一-中壢,2024-08-12,5853
1447,力鵬,14,0,14,統一-中壢,2024-08-12,5853
3663,鑫科,37,23,14,統一-中壢,2024-08-12,5853
4540,全球傳動,23,9,14,統一-中壢,2024-08-12,5853
5534,長虹,14,0,14,統一-中壢,2024-08-12,5853
6143,振曜,14,0,14,統一-中壢,2024-08-12,5853
2365,昆盈,46,33,13,統一-中壢,2024-08-12,5853
2353,宏��,14,1,13,統一-中壢,2024-08-12,5853
4729,熒茂,13,0,13,統一-中壢,2024-08-12,5853
5522,遠雄,18,5,13,統一-中壢,2024-08-12,5853
2002,中鋼,13,1,12,統一-中壢,2024-08-12,5853
00795B,中信美國公債20年,11,0,11,統一-中壢,2024-08-12,5853
2867,三商壽,11,0,11,統一-中壢,2024-08-12,5853
3013,晟銘電,26,15,11,統一-中壢,2024-08-12,5853
5351,鈺創,10,0,10,統一-中壢,2024-08-12,5853
6152,百一,10,0,10,統一-中壢,2024-08-12,5853
00948B,中信優息投資級債,10,1,9,統一-中壢,2024-08-12,5853
00936,台新永續高息中小,13,5,8,統一-中壢,2024-08-12,5853
00720B,元大投資級公司債,8,0,8,統一-中壢,2024-08-12,5853
2359,所羅門,45,37,8,統一-中壢,2024-08-12,5853
00948B,中信優息投資級債,585,3,582,統一-中壢,2024-08-13,5853
00632R,元大台灣50反1,350,37,313,統一-中壢,2024-08-13,5853
2409,友達,194,1,193,統一-中壢,2024-08-13,5853
4979,華星光,122,6,116,統一-中壢,2024-08-13,5853
2888,新光金,100,7,93,統一-中壢,2024-08-13,5853
00878,國泰永續高股息,115,38,77,統一-中壢,2024-08-13,5853
2515,中工,70,0,70,統一-中壢,2024-08-13,5853
00881,國泰台灣5G+,49,1,48,統一-中壢,2024-08-13,5853
00687B,國泰20年美債,56,9,47,統一-中壢,2024-08-13,5853
1513,中興電,56,13,43,統一-中壢,2024-08-13,5853
00937B,群益ESG投等債20,40,1,39,統一-中壢,2024-08-13,5853
1522,堤維西,40,1,39,統一-中壢,2024-08-13,5853
6176,瑞儀,38,0,38,統一-中壢,2024-08-13,5853
2615,萬海,47,15,32,統一-中壢,2024-08-13,5853
1314,中石化,34,4,30,統一-中壢,2024-08-13,5853
2610,華航,27,1,26,統一-中壢,2024-08-13,5853
2429,銘旺科,24,0,24,統一-中壢,2024-08-13,5853
00795B,中信美國公債20年,23,0,23,統一-中壢,2024-08-13,5853
2603,長榮,26,3,23,統一-中壢,2024-08-13,5853
00900,富邦特選高股息30,28,5,23,統一-中壢,2024-08-13,5853
5880,合庫金,22,0,22,統一-中壢,2024-08-13,5853
3024,憶聲,20,0,20,統一-中壢,2024-08-13,5853
2880,華南金,19,0,19,統一-中壢,2024-08-13,5853
2609,陽明,51,32,19,統一-中壢,2024-08-13,5853
1316,上曜,19,0,19,統一-中壢,2024-08-13,5853
4563,百德,34,15,19,統一-中壢,2024-08-13,5853
8049,晶采,18,0,18,統一-中壢,2024-08-13,5853
6215,和椿,23,6,17,統一-中壢,2024-08-13,5853
2353,宏��,18,2,16,統一-中壢,2024-08-13,5853
2382,廣達,21,6,15,統一-中壢,2024-08-13,5853
00665L,富邦�琤肭磪囓�2,21,6,15,統一-中壢,2024-08-13,5853
5392,能率,22,7,15,統一-中壢,2024-08-13,5853
5291,邑昇,13,0,13,統一-中壢,2024-08-13,5853
1810,和成,12,0,12,統一-中壢,2024-08-13,5853
2504,國產,14,2,12,統一-中壢,2024-08-13,5853
00929,復華台灣科技優息,67,55,12,統一-中壢,2024-08-13,5853
00947,台新臺灣IC設計,11,0,11,統一-中壢,2024-08-13,5853
2002,中鋼,11,0,11,統一-中壢,2024-08-13,5853
2420,新巨,11,0,11,統一-中壢,2024-08-13,5853
2801,彰銀,11,0,11,統一-中壢,2024-08-13,5853
2885,元大金,11,0,11,統一-中壢,2024-08-13,5853
00712,復華富時不動產,10,0,10,統一-中壢,2024-08-13,5853
2834,臺企銀,22,12,10,統一-中壢,2024-08-13,5853
00945B,凱基美國非投等債,10,0,10,統一-中壢,2024-08-13,5853
4306,炎洲,10,0,10,統一-中壢,2024-08-13,5853
4566,時碩工業,16,6,10,統一-中壢,2024-08-13,5853
00923,群益台ESG低碳50,10,0,10,統一-中壢,2024-08-13,5853
00907,永豐優息存股,10,0,10,統一-中壢,2024-08-13,5853
00713,元大台灣高息低波,10,0,10,統一-中壢,2024-08-13,5853
1218,泰山,10,0,10,統一-中壢,2024-08-13,5853
00632R,元大台灣50反1,406,5,401,統一-中壢,2024-08-14,5853
00680L,元大美債20正2,400,100,300,統一-中壢,2024-08-14,5853
2618,長榮航,305,79,226,統一-中壢,2024-08-14,5853
00687B,國泰20年美債,217,1,216,統一-中壢,2024-08-14,5853
1785,光洋科,151,8,143,統一-中壢,2024-08-14,5853
00664R,國泰臺灣加權反1,110,0,110,統一-中壢,2024-08-14,5853
2515,中工,104,0,104,統一-中壢,2024-08-14,5853
00948B,中信優息投資級債,102,0,102,統一-中壢,2024-08-14,5853
00878,國泰永續高股息,55,3,52,統一-中壢,2024-08-14,5853
00900,富邦特選高股息30,55,10,45,統一-中壢,2024-08-14,5853
00688L,國泰20年美債正2,40,0,40,統一-中壢,2024-08-14,5853
2324,仁寶,98,63,35,統一-中壢,2024-08-14,5853
00929,復華台灣科技優息,52,21,31,統一-中壢,2024-08-14,5853
2353,宏��,35,9,26,統一-中壢,2024-08-14,5853
00940,元大台灣價值高息,40,15,25,統一-中壢,2024-08-14,5853
3231,緯創,32,7,25,統一-中壢,2024-08-14,5853
00931B,統一美債20年,34,10,24,統一-中壢,2024-08-14,5853
6143,振曜,24,0,24,統一-中壢,2024-08-14,5853
8071,能率網通,29,6,23,統一-中壢,2024-08-14,5853
2049,上銀,22,0,22,統一-中壢,2024-08-14,5853
00679B,元大美債20年,33,11,22,統一-中壢,2024-08-14,5853
1110,東泥,22,0,22,統一-中壢,2024-08-14,5853
1101,台泥,22,0,22,統一-中壢,2024-08-14,5853
8043,蜜望實,22,2,20,統一-中壢,2024-08-14,5853
2356,英業達,46,29,17,統一-中壢,2024-08-14,5853
3481,群創,80,64,16,統一-中壢,2024-08-14,5853
2427,三商電,16,0,16,統一-中壢,2024-08-14,5853
1815,富喬,16,0,16,統一-中壢,2024-08-14,5853
2367,燿華,47,31,16,統一-中壢,2024-08-14,5853
2845,遠東銀,15,0,15,統一-中壢,2024-08-14,5853
00936,台新永續高息中小,14,0,14,統一-中壢,2024-08-14,5853
2539,櫻花建,15,1,14,統一-中壢,2024-08-14,5853
00715L,期街口布蘭特正2,13,0,13,統一-中壢,2024-08-14,5853
2365,昆盈,43,31,12,統一-中壢,2024-08-14,5853
00637L,元大滬深300正2,17,5,12,統一-中壢,2024-08-14,5853
4561,健椿,15,3,12,統一-中壢,2024-08-14,5853
4909,新復興,14,2,12,統一-中壢,2024-08-14,5853
9945,潤泰新,16,5,11,統一-中壢,2024-08-14,5853
8105,凌巨,10,0,10,統一-中壢,2024-08-14,5853
6190,萬泰科,10,0,10,統一-中壢,2024-08-14,5853
3617,碩天,11,1,10,統一-中壢,2024-08-14,5853
00753L,中信中國50正2,9,0,9,統一-中壢,2024-08-14,5853
00951,台新日本半導體,11,2,9,統一-中壢,2024-08-14,5853
2352,佳世達,15,6,9,統一-中壢,2024-08-14,5853
4533,協易機,9,0,9,統一-中壢,2024-08-14,5853
8064,東捷,13,5,8,統一-中壢,2024-08-14,5853
2412,中華電,8,0,8,統一-中壢,2024-08-14,5853
3062,建漢,11,3,8,統一-中壢,2024-08-14,5853
3374,精材,10,2,8,統一-中壢,2024-08-14,5853
2313,華通,8,0,8,統一-中壢,2024-08-14,5853
00900,富邦特選高股息30,239,11,228,統一-中壢,2024-08-15,5853
00878,國泰永續高股息,230,25,205,統一-中壢,2024-08-15,5853
00679B,元大美債20年,192,20,172,統一-中壢,2024-08-15,5853
00632R,元大台灣50反1,160,5,155,統一-中壢,2024-08-15,5853
00795B,中信美國公債20年,135,9,126,統一-中壢,2024-08-15,5853
00676R,富邦臺灣加權反1,110,0,110,統一-中壢,2024-08-15,5853
3645,達邁,79,1,78,統一-中壢,2024-08-15,5853
2323,中環,103,29,74,統一-中壢,2024-08-15,5853
00680L,元大美債20正2,264,200,64,統一-中壢,2024-08-15,5853
3715,定穎投控,59,9,50,統一-中壢,2024-08-15,5853
4534,慶騰,50,0,50,統一-中壢,2024-08-15,5853
00931B,統一美債20年,47,0,47,統一-中壢,2024-08-15,5853
2867,三商壽,51,6,45,統一-中壢,2024-08-15,5853
00881,國泰台灣5G+,44,0,44,統一-中壢,2024-08-15,5853
2845,遠東銀,40,0,40,統一-中壢,2024-08-15,5853
00922,國泰台灣領袖50,36,0,36,統一-中壢,2024-08-15,5853
6239,力成,31,0,31,統一-中壢,2024-08-15,5853
00687B,國泰20年美債,133,104,29,統一-中壢,2024-08-15,5853
2618,長榮航,33,4,29,統一-中壢,2024-08-15,5853
2884,玉山金,28,0,28,統一-中壢,2024-08-15,5853
8071,能率網通,29,3,26,統一-中壢,2024-08-15,5853
00786B,元大10年IG銀行債,25,0,25,統一-中壢,2024-08-15,5853
2352,佳世達,36,11,25,統一-中壢,2024-08-15,5853
3663,鑫科,41,16,25,統一-中壢,2024-08-15,5853
1504,東元,23,0,23,統一-中壢,2024-08-15,5853
2610,華航,25,2,23,統一-中壢,2024-08-15,5853
2408,南亞科,27,4,23,統一-中壢,2024-08-15,5853
00929,復華台灣科技優息,57,35,22,統一-中壢,2024-08-15,5853
5291,邑昇,20,0,20,統一-中壢,2024-08-15,5853
9904,寶成,19,0,19,統一-中壢,2024-08-15,5853
00715L,期街口布蘭特正2,18,0,18,統一-中壢,2024-08-15,5853
9955,佳龍,18,0,18,統一-中壢,2024-08-15,5853
1101,台泥,18,0,18,統一-中壢,2024-08-15,5853
2002,中鋼,17,0,17,統一-中壢,2024-08-15,5853
2442,新美齊,15,0,15,統一-中壢,2024-08-15,5853
3652,精聯,15,0,15,統一-中壢,2024-08-15,5853
2834,臺企銀,13,1,12,統一-中壢,2024-08-15,5853
00713,元大台灣高息低波,12,0,12,統一-中壢,2024-08-15,5853
2458,義隆,10,0,10,統一-中壢,2024-08-15,5853
3498,陽程,14,4,10,統一-中壢,2024-08-15,5853
5302,太欣,10,0,10,統一-中壢,2024-08-15,5853
8070,長華*,10,0,10,統一-中壢,2024-08-15,5853
8277,商丞,10,0,10,統一-中壢,2024-08-15,5853
2303,聯電,10,1,9,統一-中壢,2024-08-15,5853
00885,富邦越南,9,0,9,統一-中壢,2024-08-15,5853
3048,益登,12,3,9,統一-中壢,2024-08-15,5853
8150,南茂,9,0,9,統一-中壢,2024-08-15,5853
2801,彰銀,10,2,8,統一-中壢,2024-08-15,5853
3047,訊舟,14,6,8,統一-中壢,2024-08-15,5853
3607,谷崧,8,0,8,統一-中壢,2024-08-15,5853
00632R,元大台灣50反1,649,100,549,統一-中壢,2024-08-16,5853
00878,國泰永續高股息,165,29,136,統一-中壢,2024-08-16,5853
00687B,國泰20年美債,217,100,117,統一-中壢,2024-08-16,5853
00929,復華台灣科技優息,128,21,107,統一-中壢,2024-08-16,5853
2368,金像電,73,7,66,統一-中壢,2024-08-16,5853
00933B,國泰10Y+金融債,62,0,62,統一-中壢,2024-08-16,5853
2367,燿華,70,10,60,統一-中壢,2024-08-16,5853
00931B,統一美債20年,59,0,59,統一-中壢,2024-08-16,5853
3044,健鼎,60,11,49,統一-中壢,2024-08-16,5853
00795B,中信美國公債20年,40,0,40,統一-中壢,2024-08-16,5853
00919,群益台灣精選高息,61,24,37,統一-中壢,2024-08-16,5853
2867,三商壽,26,0,26,統一-中壢,2024-08-16,5853
8096,擎亞,41,15,26,統一-中壢,2024-08-16,5853
1504,東元,29,4,25,統一-中壢,2024-08-16,5853
2618,長榮航,30,6,24,統一-中壢,2024-08-16,5853
2845,遠東銀,23,0,23,統一-中壢,2024-08-16,5853
00900,富邦特選高股息30,22,0,22,統一-中壢,2024-08-16,5853
8071,能率網通,28,6,22,統一-中壢,2024-08-16,5853
8477,創業家,21,0,21,統一-中壢,2024-08-16,5853
00671R,富邦NASDAQ反1,20,0,20,統一-中壢,2024-08-16,5853
2455,全新,21,2,19,統一-中壢,2024-08-16,5853
6133,金橋,21,2,19,統一-中壢,2024-08-16,5853
2615,萬海,19,0,19,統一-中壢,2024-08-16,5853
00945B,凱基美國非投等債,18,0,18,統一-中壢,2024-08-16,5853
1220,台榮,18,0,18,統一-中壢,2024-08-16,5853
9933,中鼎,18,0,18,統一-中壢,2024-08-16,5853
0050,元大台灣50,22,4,18,統一-中壢,2024-08-16,5853
4909,新復興,17,0,17,統一-中壢,2024-08-16,5853
2405,輔信,20,4,16,統一-中壢,2024-08-16,5853
2002,中鋼,14,0,14,統一-中壢,2024-08-16,5853
00948B,中信優息投資級債,14,0,14,統一-中壢,2024-08-16,5853
2349,錸德,16,2,14,統一-中壢,2024-08-16,5853
2406,國碩,14,0,14,統一-中壢,2024-08-16,5853
2397,友通,13,1,12,統一-中壢,2024-08-16,5853
6143,振曜,12,0,12,統一-中壢,2024-08-16,5853
2392,正崴,13,2,11,統一-中壢,2024-08-16,5853
6177,達麗,18,7,11,統一-中壢,2024-08-16,5853
6139,亞翔,11,0,11,統一-中壢,2024-08-16,5853
2317,鴻海,38,27,11,統一-中壢,2024-08-16,5853
2528,皇普,10,0,10,統一-中壢,2024-08-16,5853
5481,新華,10,0,10,統一-中壢,2024-08-16,5853
6217,中探針,10,0,10,統一-中壢,2024-08-16,5853
3515,華擎,10,0,10,統一-中壢,2024-08-16,5853
2545,皇翔,11,2,9,統一-中壢,2024-08-16,5853
3324,雙鴻,12,3,9,統一-中壢,2024-08-16,5853
00947,台新臺灣IC設計,9,1,8,統一-中壢,2024-08-16,5853
2537,聯上發,30,22,8,統一-中壢,2024-08-16,5853
3580,友威科,9,1,8,統一-中壢,2024-08-16,5853
4561,健椿,11,3,8,統一-中壢,2024-08-16,5853
00881,國泰台灣5G+,10,3,7,統一-中壢,2024-08-16,5853
00937B,群益ESG投等債20,367,20,347,統一-中壢,2024-08-19,5853
5309,系統電,252,2,250,統一-中壢,2024-08-19,5853
00948B,中信優息投資級債,225,0,225,統一-中壢,2024-08-19,5853
00665L,富邦�琤肭磪囓�2,239,51,188,統一-中壢,2024-08-19,5853
8105,凌巨,97,0,97,統一-中壢,2024-08-19,5853
00680L,元大美債20正2,72,0,72,統一-中壢,2024-08-19,5853
00687B,國泰20年美債,62,0,62,統一-中壢,2024-08-19,5853
00795B,中信美國公債20年,63,6,57,統一-中壢,2024-08-19,5853
00919,群益台灣精選高息,62,6,56,統一-中壢,2024-08-19,5853
2801,彰銀,49,0,49,統一-中壢,2024-08-19,5853
00632R,元大台灣50反1,102,61,41,統一-中壢,2024-08-19,5853
6223,旺矽,40,0,40,統一-中壢,2024-08-19,5853
2353,宏��,43,6,37,統一-中壢,2024-08-19,5853
00885,富邦越南,40,4,36,統一-中壢,2024-08-19,5853
00935,野村臺灣新科技50,30,0,30,統一-中壢,2024-08-19,5853
2349,錸德,30,0,30,統一-中壢,2024-08-19,5853
00929,復華台灣科技優息,55,26,29,統一-中壢,2024-08-19,5853
00915,凱基優選高股息30,28,0,28,統一-中壢,2024-08-19,5853
00931B,統一美債20年,27,0,27,統一-中壢,2024-08-19,5853
00756B,群益投等新興公債,27,0,27,統一-中壢,2024-08-19,5853
00715L,期街口布蘭特正2,27,0,27,統一-中壢,2024-08-19,5853
2362,藍天,26,1,25,統一-中壢,2024-08-19,5853
2201,裕隆,24,0,24,統一-中壢,2024-08-19,5853
00923,群益台ESG低碳50,21,0,21,統一-中壢,2024-08-19,5853
2344,華邦電,22,2,20,統一-中壢,2024-08-19,5853
8070,長華*,23,3,20,統一-中壢,2024-08-19,5853
9935,慶豐富,20,0,20,統一-中壢,2024-08-19,5853
9904,寶成,19,0,19,統一-中壢,2024-08-19,5853
2002,中鋼,28,10,18,統一-中壢,2024-08-19,5853
1316,上曜,31,13,18,統一-中壢,2024-08-19,5853
3645,達邁,24,6,18,統一-中壢,2024-08-19,5853
2354,鴻準,43,26,17,統一-中壢,2024-08-19,5853
5905,南仁湖,19,2,17,統一-中壢,2024-08-19,5853
00713,元大台灣高息低波,15,0,15,統一-中壢,2024-08-19,5853
6188,廣明,28,13,15,統一-中壢,2024-08-19,5853
8096,擎亞,21,6,15,統一-中壢,2024-08-19,5853
00926,凱基全球菁英55,16,2,14,統一-中壢,2024-08-19,5853
8043,蜜望實,15,1,14,統一-中壢,2024-08-19,5853
3044,健鼎,14,1,13,統一-中壢,2024-08-19,5853
2204,中華,18,5,13,統一-中壢,2024-08-19,5853
8028,昇陽半導體,29,17,12,統一-中壢,2024-08-19,5853
4526,東台,12,0,12,統一-中壢,2024-08-19,5853
8086,宏捷科,13,1,12,統一-中壢,2024-08-19,5853
8249,菱光,17,6,11,統一-中壢,2024-08-19,5853
00671R,富邦NASDAQ反1,10,0,10,統一-中壢,2024-08-19,5853
2913,農林,10,0,10,統一-中壢,2024-08-19,5853
3527,聚積,10,0,10,統一-中壢,2024-08-19,5853
4561,健椿,11,1,10,統一-中壢,2024-08-19,5853
6505,台塑化,12,2,10,統一-中壢,2024-08-19,5853
1442,名軒,9,0,9,統一-中壢,2024-08-19,5853
00665L,富邦�琤肭磪囓�2,649,3,646,統一-中壢,2024-08-20,5853
00923,群益台ESG低碳50,248,0,248,統一-中壢,2024-08-20,5853
00632R,元大台灣50反1,147,5,142,統一-中壢,2024-08-20,5853
00919,群益台灣精選高息,269,138,131,統一-中壢,2024-08-20,5853
00715L,期街口布蘭特正2,113,0,113,統一-中壢,2024-08-20,5853
00933B,國泰10Y+金融債,107,0,107,統一-中壢,2024-08-20,5853
3715,定穎投控,102,2,100,統一-中壢,2024-08-20,5853
2349,錸德,121,46,75,統一-中壢,2024-08-20,5853
00706L,期元大S＆P日圓正2,59,0,59,統一-中壢,2024-08-20,5853
8071,能率網通,65,7,58,統一-中壢,2024-08-20,5853
00937B,群益ESG投等債20,59,5,54,統一-中壢,2024-08-20,5853
00680L,元大美債20正2,51,0,51,統一-中壢,2024-08-20,5853
6223,旺矽,50,0,50,統一-中壢,2024-08-20,5853
00795B,中信美國公債20年,48,0,48,統一-中壢,2024-08-20,5853
00687B,國泰20年美債,61,15,46,統一-中壢,2024-08-20,5853
2610,華航,42,9,33,統一-中壢,2024-08-20,5853
6215,和椿,30,0,30,統一-中壢,2024-08-20,5853
2356,英業達,31,3,28,統一-中壢,2024-08-20,5853
8028,昇陽半導體,50,23,27,統一-中壢,2024-08-20,5853
2888,新光金,120,96,24,統一-中壢,2024-08-20,5853
00931B,統一美債20年,21,0,21,統一-中壢,2024-08-20,5853
00642U,期元大S＆P石油,20,0,20,統一-中壢,2024-08-20,5853
2101,南港,20,0,20,統一-中壢,2024-08-20,5853
2515,中工,25,5,20,統一-中壢,2024-08-20,5853
2405,輔信,23,5,18,統一-中壢,2024-08-20,5853
4526,東台,25,7,18,統一-中壢,2024-08-20,5853
6235,華孚,18,0,18,統一-中壢,2024-08-20,5853
00713,元大台灣高息低波,20,3,17,統一-中壢,2024-08-20,5853
00756B,群益投等新興公債,17,0,17,統一-中壢,2024-08-20,5853
2367,燿華,27,10,17,統一-中壢,2024-08-20,5853
2317,鴻海,34,17,17,統一-中壢,2024-08-20,5853
6176,瑞儀,15,0,15,統一-中壢,2024-08-20,5853
1326,台化,16,1,15,統一-中壢,2024-08-20,5853
4979,華星光,42,27,15,統一-中壢,2024-08-20,5853
00881,國泰台灣5G+,18,4,14,統一-中壢,2024-08-20,5853
1316,上曜,15,1,14,統一-中壢,2024-08-20,5853
2406,國碩,14,0,14,統一-中壢,2024-08-20,5853
2542,興富發,36,22,14,統一-中壢,2024-08-20,5853
2528,皇普,19,6,13,統一-中壢,2024-08-20,5853
8112,至上,13,0,13,統一-中壢,2024-08-20,5853
9904,寶成,12,0,12,統一-中壢,2024-08-20,5853
1537,廣隆,16,4,12,統一-中壢,2024-08-20,5853
4566,時碩工業,14,2,12,統一-中壢,2024-08-20,5853
1513,中興電,14,4,10,統一-中壢,2024-08-20,5853
2530,華建,10,0,10,統一-中壢,2024-08-20,5853
1612,宏泰,10,0,10,統一-中壢,2024-08-20,5853
3227,原相,11,1,10,統一-中壢,2024-08-20,5853
5531,鄉林,10,0,10,統一-中壢,2024-08-20,5853
6116,彩晶,10,0,10,統一-中壢,2024-08-20,5853
8277,商丞,10,0,10,統一-中壢,2024-08-20,5853
00632R,元大台灣50反1,250,2,248,統一-中壢,2024-08-21,5853
2891,中信金,135,13,122,統一-中壢,2024-08-21,5853
00665L,富邦�琤肭磪囓�2,117,7,110,統一-中壢,2024-08-21,5853
00679B,元大美債20年,75,1,74,統一-中壢,2024-08-21,5853
6223,旺矽,74,1,73,統一-中壢,2024-08-21,5853
3580,友威科,75,11,64,統一-中壢,2024-08-21,5853
3715,定穎投控,83,21,62,統一-中壢,2024-08-21,5853
2515,中工,40,0,40,統一-中壢,2024-08-21,5853
2312,金寶,38,3,35,統一-中壢,2024-08-21,5853
00715L,期街口布蘭特正2,32,0,32,統一-中壢,2024-08-21,5853
1536,和大,31,0,31,統一-中壢,2024-08-21,5853
6143,振曜,29,0,29,統一-中壢,2024-08-21,5853
2409,友達,28,0,28,統一-中壢,2024-08-21,5853
00946,群益科技高息成長,24,0,24,統一-中壢,2024-08-21,5853
2834,臺企銀,60,36,24,統一-中壢,2024-08-21,5853
2317,鴻海,29,7,22,統一-中壢,2024-08-21,5853
1409,新纖,21,0,21,統一-中壢,2024-08-21,5853
1513,中興電,29,8,21,統一-中壢,2024-08-21,5853
00905,FT臺灣Smart,21,0,21,統一-中壢,2024-08-21,5853
00719B,元大美債1-3,20,0,20,統一-中壢,2024-08-21,5853
8096,擎亞,29,9,20,統一-中壢,2024-08-21,5853
2367,燿華,29,11,18,統一-中壢,2024-08-21,5853
2888,新光金,443,425,18,統一-中壢,2024-08-21,5853
2442,新美齊,16,0,16,統一-中壢,2024-08-21,5853
00936,台新永續高息中小,16,1,15,統一-中壢,2024-08-21,5853
3686,達能,15,0,15,統一-中壢,2024-08-21,5853
2610,華航,21,6,15,統一-中壢,2024-08-21,5853
5484,慧友,16,2,14,統一-中壢,2024-08-21,5853
00706L,期元大S＆P日圓正2,13,0,13,統一-中壢,2024-08-21,5853
8104,錸寶,21,8,13,統一-中壢,2024-08-21,5853
2365,昆盈,28,16,12,統一-中壢,2024-08-21,5853
2520,冠德,31,19,12,統一-中壢,2024-08-21,5853
2601,益航,12,0,12,統一-中壢,2024-08-21,5853
4906,正文,20,8,12,統一-中壢,2024-08-21,5853
2603,長榮,13,2,11,統一-中壢,2024-08-21,5853
00688L,國泰20年美債正2,11,0,11,統一-中壢,2024-08-21,5853
00923,群益台ESG低碳50,11,0,11,統一-中壢,2024-08-21,5853
00951,台新日本半導體,11,0,11,統一-中壢,2024-08-21,5853
8071,能率網通,11,0,11,統一-中壢,2024-08-21,5853
8054,安國,13,3,10,統一-中壢,2024-08-21,5853
3202,樺晟,10,0,10,統一-中壢,2024-08-21,5853
3535,晶彩科,21,11,10,統一-中壢,2024-08-21,5853
3576,聯合再生,10,0,10,統一-中壢,2024-08-21,5853
8277,商丞,10,0,10,統一-中壢,2024-08-21,5853
9939,宏全,10,0,10,統一-中壢,2024-08-21,5853
2364,倫飛,11,2,9,統一-中壢,2024-08-21,5853
5371,中光電,9,0,9,統一-中壢,2024-08-21,5853
8064,東捷,19,10,9,統一-中壢,2024-08-21,5853
2363,矽統,16,8,8,統一-中壢,2024-08-21,5853
5291,邑昇,8,0,8,統一-中壢,2024-08-21,5853
00680L,元大美債20正2,515,7,508,統一-中壢,2024-08-22,5853
2349,錸德,274,97,177,統一-中壢,2024-08-22,5853
00715L,期街口布蘭特正2,175,0,175,統一-中壢,2024-08-22,5853
00929,復華台灣科技優息,163,5,158,統一-中壢,2024-08-22,5853
00940,元大台灣價值高息,149,0,149,統一-中壢,2024-08-22,5853
2851,中再保,150,2,148,統一-中壢,2024-08-22,5853
00905,FT臺灣Smart,69,9,60,統一-中壢,2024-08-22,5853
00946,群益科技高息成長,60,0,60,統一-中壢,2024-08-22,5853
00706L,期元大S＆P日圓正2,50,0,50,統一-中壢,2024-08-22,5853
00632R,元大台灣50反1,55,7,48,統一-中壢,2024-08-22,5853
2442,新美齊,43,0,43,統一-中壢,2024-08-22,5853
2891,中信金,76,34,42,統一-中壢,2024-08-22,5853
00679B,元大美債20年,41,0,41,統一-中壢,2024-08-22,5853
00919,群益台灣精選高息,39,1,38,統一-中壢,2024-08-22,5853
2890,永豐金,37,0,37,統一-中壢,2024-08-22,5853
1220,台榮,36,0,36,統一-中壢,2024-08-22,5853
00696B,富邦美債20年,35,0,35,統一-中壢,2024-08-22,5853
2834,臺企銀,30,1,29,統一-中壢,2024-08-22,5853
4526,東台,28,0,28,統一-中壢,2024-08-22,5853
3092,鴻碩,25,0,25,統一-中壢,2024-08-22,5853
4561,健椿,35,11,24,統一-中壢,2024-08-22,5853
6532,瑞耘,23,0,23,統一-中壢,2024-08-22,5853
8096,擎亞,52,29,23,統一-中壢,2024-08-22,5853
00687B,國泰20年美債,32,10,22,統一-中壢,2024-08-22,5853
1708,東鹼,46,26,20,統一-中壢,2024-08-22,5853
2374,佳能,20,0,20,統一-中壢,2024-08-22,5853
2610,華航,21,1,20,統一-中壢,2024-08-22,5853
6143,振曜,25,5,20,統一-中壢,2024-08-22,5853
8071,能率網通,29,10,19,統一-中壢,2024-08-22,5853
5443,均豪,22,4,18,統一-中壢,2024-08-22,5853
3059,華晶科,21,3,18,統一-中壢,2024-08-22,5853
00712,復華富時不動產,17,0,17,統一-中壢,2024-08-22,5853
2383,台光電,17,0,17,統一-中壢,2024-08-22,5853
2392,正崴,17,0,17,統一-中壢,2024-08-22,5853
2317,鴻海,44,29,15,統一-中壢,2024-08-22,5853
00642U,期元大S＆P石油,16,1,15,統一-中壢,2024-08-22,5853
2354,鴻準,15,0,15,統一-中壢,2024-08-22,5853
00937B,群益ESG投等債20,66,52,14,統一-中壢,2024-08-22,5853
2204,中華,17,4,13,統一-中壢,2024-08-22,5853
2542,興富發,14,1,13,統一-中壢,2024-08-22,5853
1301,台塑,12,0,12,統一-中壢,2024-08-22,5853
4714,永捷,10,0,10,統一-中壢,2024-08-22,5853
1710,東聯,17,7,10,統一-中壢,2024-08-22,5853
3066,李洲,10,0,10,統一-中壢,2024-08-22,5853
2062,橋椿,10,1,9,統一-中壢,2024-08-22,5853
2405,輔信,9,0,9,統一-中壢,2024-08-22,5853
8028,昇陽半導體,25,16,9,統一-中壢,2024-08-22,5853
2382,廣達,11,2,9,統一-中壢,2024-08-22,5853
3715,定穎投控,16,8,8,統一-中壢,2024-08-22,5853
00923,群益台ESG低碳50,8,0,8,統一-中壢,2024-08-22,5853
00679B,元大美債20年,323,55,268,統一-中壢,2024-08-23,5853
00687B,國泰20年美債,206,64,142,統一-中壢,2024-08-23,5853
2851,中再保,100,0,100,統一-中壢,2024-08-23,5853
4714,永捷,90,0,90,統一-中壢,2024-08-23,5853
2618,長榮航,100,37,63,統一-中壢,2024-08-23,5853
00953B,群益優選非投等債,90,30,60,統一-中壢,2024-08-23,5853
00935,野村臺灣新科技50,51,0,51,統一-中壢,2024-08-23,5853
00946,群益科技高息成長,50,0,50,統一-中壢,2024-08-23,5853
1721,三晃,50,1,49,統一-中壢,2024-08-23,5853
2515,中工,43,0,43,統一-中壢,2024-08-23,5853
1708,東鹼,89,48,41,統一-中壢,2024-08-23,5853
3019,亞光,53,14,39,統一-中壢,2024-08-23,5853
00919,群益台灣精選高息,55,18,37,統一-中壢,2024-08-23,5853
1314,中石化,38,1,37,統一-中壢,2024-08-23,5853
2528,皇普,35,0,35,統一-中壢,2024-08-23,5853
00751B,元大AAA至A公司債,33,0,33,統一-中壢,2024-08-23,5853
4906,正文,30,2,28,統一-中壢,2024-08-23,5853
2609,陽明,39,12,27,統一-中壢,2024-08-23,5853
2317,鴻海,41,15,26,統一-中壢,2024-08-23,5853
3189,景碩,28,5,23,統一-中壢,2024-08-23,5853
3652,精聯,23,1,22,統一-中壢,2024-08-23,5853
00905,FT臺灣Smart,41,20,21,統一-中壢,2024-08-23,5853
2915,潤泰全,23,3,20,統一-中壢,2024-08-23,5853
3339,泰谷,20,0,20,統一-中壢,2024-08-23,5853
2208,台船,21,2,19,統一-中壢,2024-08-23,5853
1301,台塑,18,1,17,統一-中壢,2024-08-23,5853
2420,新巨,30,13,17,統一-中壢,2024-08-23,5853
2101,南港,16,0,16,統一-中壢,2024-08-23,5853
3715,定穎投控,17,2,15,統一-中壢,2024-08-23,5853
6217,中探針,15,0,15,統一-中壢,2024-08-23,5853
2454,聯發科,15,1,14,統一-中壢,2024-08-23,5853
2367,燿華,23,9,14,統一-中壢,2024-08-23,5853
2409,友達,15,2,13,統一-中壢,2024-08-23,5853
3686,達能,13,0,13,統一-中壢,2024-08-23,5853
5905,南仁湖,14,1,13,統一-中壢,2024-08-23,5853
8438,昶昕,15,2,13,統一-中壢,2024-08-23,5853
00885,富邦越南,12,0,12,統一-中壢,2024-08-23,5853
00951,台新日本半導體,12,0,12,統一-中壢,2024-08-23,5853
1711,永光,79,67,12,統一-中壢,2024-08-23,5853
2489,瑞軒,59,47,12,統一-中壢,2024-08-23,5853
9902,台火,12,0,12,統一-中壢,2024-08-23,5853
1220,台榮,11,0,11,統一-中壢,2024-08-23,5853
2363,矽統,36,25,11,統一-中壢,2024-08-23,5853
2374,佳能,11,0,11,統一-中壢,2024-08-23,5853
2442,新美齊,11,0,11,統一-中壢,2024-08-23,5853
00922,國泰台灣領袖50,10,0,10,統一-中壢,2024-08-23,5853
1536,和大,11,1,10,統一-中壢,2024-08-23,5853
1709,和益,10,0,10,統一-中壢,2024-08-23,5853
2845,遠東銀,10,0,10,統一-中壢,2024-08-23,5853
3062,建漢,16,6,10,統一-中壢,2024-08-23,5853
2888,新光金,350,126,224,統一-中壢,2024-08-26,5853
00688L,國泰20年美債正2,200,0,200,統一-中壢,2024-08-26,5853
00632R,元大台灣50反1,119,9,110,統一-中壢,2024-08-26,5853
00945B,凱基美國非投等債,100,0,100,統一-中壢,2024-08-26,5853
00637L,元大滬深300正2,121,22,99,統一-中壢,2024-08-26,5853
6223,旺矽,70,1,69,統一-中壢,2024-08-26,5853
2409,友達,81,24,57,統一-中壢,2024-08-26,5853
1708,東鹼,64,17,47,統一-中壢,2024-08-26,5853
00712,復華富時不動產,41,0,41,統一-中壢,2024-08-26,5853
4931,新盛力,41,1,40,統一-中壢,2024-08-26,5853
00679B,元大美債20年,60,20,40,統一-中壢,2024-08-26,5853
00687B,國泰20年美債,122,85,37,統一-中壢,2024-08-26,5853
8105,凌巨,30,0,30,統一-中壢,2024-08-26,5853
1718,中纖,30,1,29,統一-中壢,2024-08-26,5853
2615,萬海,33,6,27,統一-中壢,2024-08-26,5853
2454,聯發科,28,5,23,統一-中壢,2024-08-26,5853
2367,燿華,22,0,22,統一-中壢,2024-08-26,5853
00922,國泰台灣領袖50,20,0,20,統一-中壢,2024-08-26,5853
00946,群益科技高息成長,20,0,20,統一-中壢,2024-08-26,5853
2891,中信金,44,25,19,統一-中壢,2024-08-26,5853
00919,群益台灣精選高息,30,11,19,統一-中壢,2024-08-26,5853
00929,復華台灣科技優息,38,20,18,統一-中壢,2024-08-26,5853
2356,英業達,27,9,18,統一-中壢,2024-08-26,5853
2402,毅嘉,37,20,17,統一-中壢,2024-08-26,5853
00934,中信成長高股息,16,0,16,統一-中壢,2024-08-26,5853
8043,蜜望實,19,4,15,統一-中壢,2024-08-26,5853
6129,普誠,14,0,14,統一-中壢,2024-08-26,5853
8064,東捷,29,15,14,統一-中壢,2024-08-26,5853
00947,台新臺灣IC設計,13,0,13,統一-中壢,2024-08-26,5853
5905,南仁湖,14,1,13,統一-中壢,2024-08-26,5853
00955,中信日本商社,12,0,12,統一-中壢,2024-08-26,5853
4711,永純,12,0,12,統一-中壢,2024-08-26,5853
4967,十銓,15,3,12,統一-中壢,2024-08-26,5853
5443,均豪,37,26,11,統一-中壢,2024-08-26,5853
6806,森崴能源,12,1,11,統一-中壢,2024-08-26,5853
2467,志聖,18,8,10,統一-中壢,2024-08-26,5853
00915,凱基優選高股息30,10,0,10,統一-中壢,2024-08-26,5853
00953B,群益優選非投等債,13,3,10,統一-中壢,2024-08-26,5853
2104,國際中橡,10,0,10,統一-中壢,2024-08-26,5853
2498,宏達電,15,5,10,統一-中壢,2024-08-26,5853
6550,北極星藥業-KY,10,0,10,統一-中壢,2024-08-26,5853
4906,正文,9,0,9,統一-中壢,2024-08-26,5853
9105,泰金寶-DR,10,1,9,統一-中壢,2024-08-26,5853
3481,群創,26,17,9,統一-中壢,2024-08-26,5853
00932,兆豐永續高息等權,8,0,8,統一-中壢,2024-08-26,5853
4526,東台,14,6,8,統一-中壢,2024-08-26,5853
6770,力積電,11,3,8,統一-中壢,2024-08-26,5853
00795B,中信美國公債20年,8,0,8,統一-中壢,2024-08-26,5853
3035,智原,8,1,7,統一-中壢,2024-08-26,5853
1309,台達化,10,3,7,統一-中壢,2024-08-26,5853
3149,正達,131,2,129,統一-中壢,2024-08-27,5853
6223,旺矽,123,1,122,統一-中壢,2024-08-27,5853
3481,群創,153,34,119,統一-中壢,2024-08-27,5853
2887,台新金,114,22,92,統一-中壢,2024-08-27,5853
8105,凌巨,62,0,62,統一-中壢,2024-08-27,5853
2891,中信金,64,3,61,統一-中壢,2024-08-27,5853
00919,群益台灣精選高息,73,13,60,統一-中壢,2024-08-27,5853
1815,富喬,62,4,58,統一-中壢,2024-08-27,5853
2406,國碩,67,10,57,統一-中壢,2024-08-27,5853
00953B,群益優選非投等債,54,7,47,統一-中壢,2024-08-27,5853
2609,陽明,51,7,44,統一-中壢,2024-08-27,5853
00680L,元大美債20正2,33,0,33,統一-中壢,2024-08-27,5853
6217,中探針,31,3,28,統一-中壢,2024-08-27,5853
2303,聯電,33,6,27,統一-中壢,2024-08-27,5853
2537,聯上發,32,6,26,統一-中壢,2024-08-27,5853
2834,臺企銀,23,0,23,統一-中壢,2024-08-27,5853
2353,宏��,27,6,21,統一-中壢,2024-08-27,5853
6116,彩晶,20,0,20,統一-中壢,2024-08-27,5853
2883,凱基金,20,0,20,統一-中壢,2024-08-27,5853
6505,台塑化,19,0,19,統一-中壢,2024-08-27,5853
2880,華南金,18,0,18,統一-中壢,2024-08-27,5853
00795B,中信美國公債20年,17,0,17,統一-中壢,2024-08-27,5853
00753L,中信中國50正2,15,0,15,統一-中壢,2024-08-27,5853
2360,致茂,15,0,15,統一-中壢,2024-08-27,5853
2409,友達,40,25,15,統一-中壢,2024-08-27,5853
5291,邑昇,15,0,15,統一-中壢,2024-08-27,5853
3218,大學光,15,1,14,統一-中壢,2024-08-27,5853
3499,環天科,14,0,14,統一-中壢,2024-08-27,5853
2365,昆盈,18,5,13,統一-中壢,2024-08-27,5853
00951,台新日本半導體,12,0,12,統一-中壢,2024-08-27,5853
2855,統一證,12,0,12,統一-中壢,2024-08-27,5853
2884,玉山金,12,0,12,統一-中壢,2024-08-27,5853
00881,國泰台灣5G+,11,0,11,統一-中壢,2024-08-27,5853
3492,長盛,11,0,11,統一-中壢,2024-08-27,5853
4576,大銀微系統,11,0,11,統一-中壢,2024-08-27,5853
2317,鴻海,15,4,11,統一-中壢,2024-08-27,5853
3711,日月光投控,11,1,10,統一-中壢,2024-08-27,5853
00673R,期元大S＆P原油反1,10,0,10,統一-中壢,2024-08-27,5853
00696B,富邦美債20年,10,0,10,統一-中壢,2024-08-27,5853
2354,鴻準,19,9,10,統一-中壢,2024-08-27,5853
3294,英濟,10,0,10,統一-中壢,2024-08-27,5853
3520,華盈,10,0,10,統一-中壢,2024-08-27,5853
3615,安可,10,0,10,統一-中壢,2024-08-27,5853
6561,是方,10,0,10,統一-中壢,2024-08-27,5853
6616,特昇-KY,10,0,10,統一-中壢,2024-08-27,5853
6733,博晟生醫,10,0,10,統一-中壢,2024-08-27,5853
6873,泓德能源,10,0,10,統一-中壢,2024-08-27,5853
3535,晶彩科,17,7,10,統一-中壢,2024-08-27,5853
4958,臻鼎-KY,9,0,9,統一-中壢,2024-08-27,5853
00891,中信關鍵半導體,9,0,9,統一-中壢,2024-08-27,5853
00953B,群益優選非投等債,203,0,203,統一-中壢,2024-08-28,5853
00679B,元大美債20年,170,0,170,統一-中壢,2024-08-28,5853
00937B,群益ESG投等債20,143,2,141,統一-中壢,2024-08-28,5853
00687B,國泰20年美債,142,16,126,統一-中壢,2024-08-28,5853
2349,錸德,92,5,87,統一-中壢,2024-08-28,5853
00680L,元大美債20正2,100,16,84,統一-中壢,2024-08-28,5853
00637L,元大滬深300正2,229,152,77,統一-中壢,2024-08-28,5853
00753L,中信中國50正2,68,0,68,統一-中壢,2024-08-28,5853
2367,燿華,85,21,64,統一-中壢,2024-08-28,5853
6133,金橋,61,0,61,統一-中壢,2024-08-28,5853
00931B,統一美債20年,80,25,55,統一-中壢,2024-08-28,5853
00795B,中信美國公債20年,51,0,51,統一-中壢,2024-08-28,5853
1815,富喬,51,0,51,統一-中壢,2024-08-28,5853
2409,友達,118,67,51,統一-中壢,2024-08-28,5853
2887,台新金,60,10,50,統一-中壢,2024-08-28,5853
1416,廣豐,50,0,50,統一-中壢,2024-08-28,5853
5871,中租-KY,32,0,32,統一-中壢,2024-08-28,5853
8064,東捷,34,3,31,統一-中壢,2024-08-28,5853
3380,明泰,80,58,22,統一-中壢,2024-08-28,5853
8039,台虹,28,7,21,統一-中壢,2024-08-28,5853
4707,磐亞,21,0,21,統一-中壢,2024-08-28,5853
00632R,元大台灣50反1,122,102,20,統一-中壢,2024-08-28,5853
1582,信錦,20,0,20,統一-中壢,2024-08-28,5853
3149,正達,30,11,19,統一-中壢,2024-08-28,5853
00878,國泰永續高股息,20,1,19,統一-中壢,2024-08-28,5853
6143,振曜,78,60,18,統一-中壢,2024-08-28,5853
1708,東鹼,64,47,17,統一-中壢,2024-08-28,5853
2353,宏��,18,2,16,統一-中壢,2024-08-28,5853
5443,均豪,42,27,15,統一-中壢,2024-08-28,5853
00720B,元大投資級公司債,17,2,15,統一-中壢,2024-08-28,5853
3047,訊舟,17,2,15,統一-中壢,2024-08-28,5853
00919,群益台灣精選高息,14,0,14,統一-中壢,2024-08-28,5853
2324,仁寶,34,20,14,統一-中壢,2024-08-28,5853
6217,中探針,14,0,14,統一-中壢,2024-08-28,5853
2458,義隆,13,0,13,統一-中壢,2024-08-28,5853
2867,三商壽,13,0,13,統一-中壢,2024-08-28,5853
3231,緯創,20,7,13,統一-中壢,2024-08-28,5853
00665L,富邦�琤肭磪囓�2,12,0,12,統一-中壢,2024-08-28,5853
5309,系統電,13,1,12,統一-中壢,2024-08-28,5853
3376,新日興,11,0,11,統一-中壢,2024-08-28,5853
3520,華盈,11,0,11,統一-中壢,2024-08-28,5853
1301,台塑,10,0,10,統一-中壢,2024-08-28,5853
2301,光寶科,10,0,10,統一-中壢,2024-08-28,5853
2340,台亞,10,0,10,統一-中壢,2024-08-28,5853
3051,力特,10,0,10,統一-中壢,2024-08-28,5853
3622,洋華,10,0,10,統一-中壢,2024-08-28,5853
5607,遠雄港,10,0,10,統一-中壢,2024-08-28,5853
5907,大洋-KY,10,0,10,統一-中壢,2024-08-28,5853
6416,瑞祺電通,10,0,10,統一-中壢,2024-08-28,5853
8111,立��,23,13,10,統一-中壢,2024-08-28,5853
2542,興富發,544,0,544,統一-中壢,2024-08-29,5853
00937B,群益ESG投等債20,198,0,198,統一-中壢,2024-08-29,5853
2515,中工,136,12,124,統一-中壢,2024-08-29,5853
3062,建漢,144,25,119,統一-中壢,2024-08-29,5853
2891,中信金,83,2,81,統一-中壢,2024-08-29,5853
6133,金橋,70,0,70,統一-中壢,2024-08-29,5853
00680L,元大美債20正2,55,0,55,統一-中壢,2024-08-29,5853
00665L,富邦�琤肭磪囓�2,51,0,51,統一-中壢,2024-08-29,5853
00830,國泰費城半導體,45,6,39,統一-中壢,2024-08-29,5853
00905,FT臺灣Smart,40,1,39,統一-中壢,2024-08-29,5853
4968,立積,38,0,38,統一-中壢,2024-08-29,5853
00959B,大華投等美債15Y+,37,0,37,統一-中壢,2024-08-29,5853
6416,瑞祺電通,38,1,37,統一-中壢,2024-08-29,5853
5443,均豪,40,7,33,統一-中壢,2024-08-29,5853
00919,群益台灣精選高息,37,7,30,統一-中壢,2024-08-29,5853
3149,正達,26,0,26,統一-中壢,2024-08-29,5853
8071,能率網通,34,9,25,統一-中壢,2024-08-29,5853
3481,群創,34,10,24,統一-中壢,2024-08-29,5853
2426,鼎元,28,6,22,統一-中壢,2024-08-29,5853
2887,台新金,70,48,22,統一-中壢,2024-08-29,5853
1608,華榮,22,0,22,統一-中壢,2024-08-29,5853
8028,昇陽半導體,23,2,21,統一-中壢,2024-08-29,5853
3105,穩懋,21,0,21,統一-中壢,2024-08-29,5853
2357,華碩,20,0,20,統一-中壢,2024-08-29,5853
00939,統一台灣高息動能,25,5,20,統一-中壢,2024-08-29,5853
5481,新華,20,0,20,統一-中壢,2024-08-29,5853
6223,旺矽,25,5,20,統一-中壢,2024-08-29,5853
00918,大華優利高填息30,19,0,19,統一-中壢,2024-08-29,5853
00753L,中信中國50正2,19,0,19,統一-中壢,2024-08-29,5853
1532,勤美,20,1,19,統一-中壢,2024-08-29,5853
1815,富喬,24,5,19,統一-中壢,2024-08-29,5853
2884,玉山金,19,0,19,統一-中壢,2024-08-29,5853
00637L,元大滬深300正2,18,0,18,統一-中壢,2024-08-29,5853
2834,臺企銀,22,5,17,統一-中壢,2024-08-29,5853
2409,友達,31,15,16,統一-中壢,2024-08-29,5853
6603,富強鑫,22,6,16,統一-中壢,2024-08-29,5853
00878,國泰永續高股息,15,1,14,統一-中壢,2024-08-29,5853
00679B,元大美債20年,14,0,14,統一-中壢,2024-08-29,5853
2204,中華,14,0,14,統一-中壢,2024-08-29,5853
2353,宏��,25,12,13,統一-中壢,2024-08-29,5853
6806,森崴能源,13,0,13,統一-中壢,2024-08-29,5853
00772B,中信高評級公司債,13,0,13,統一-中壢,2024-08-29,5853
2442,新美齊,13,0,13,統一-中壢,2024-08-29,5853
3520,華盈,15,2,13,統一-中壢,2024-08-29,5853
4526,東台,57,44,13,統一-中壢,2024-08-29,5853
1540,喬福,54,41,13,統一-中壢,2024-08-29,5853
6873,泓德能源,12,0,12,統一-中壢,2024-08-29,5853
00881,國泰台灣5G+,12,0,12,統一-中壢,2024-08-29,5853
00795B,中信美國公債20年,11,0,11,統一-中壢,2024-08-29,5853
00929,復華台灣科技優息,21,10,11,統一-中壢,2024-08-29,5853
00687B,國泰20年美債,343,40,303,統一-中壢,2024-08-30,5853
00953B,群益優選非投等債,150,10,140,統一-中壢,2024-08-30,5853
00959B,大華投等美債15Y+,107,0,107,統一-中壢,2024-08-30,5853
6133,金橋,113,9,104,統一-中壢,2024-08-30,5853
2409,友達,120,27,93,統一-中壢,2024-08-30,5853
2618,長榮航,114,22,92,統一-中壢,2024-08-30,5853
2542,興富發,94,4,90,統一-中壢,2024-08-30,5853
1314,中石化,57,0,57,統一-中壢,2024-08-30,5853
00632R,元大台灣50反1,56,1,55,統一-中壢,2024-08-30,5853
00937B,群益ESG投等債20,52,7,45,統一-中壢,2024-08-30,5853
00940,元大台灣價值高息,52,9,43,統一-中壢,2024-08-30,5853
1536,和大,42,4,38,統一-中壢,2024-08-30,5853
2317,鴻海,30,4,26,統一-中壢,2024-08-30,5853
00905,FT臺灣Smart,25,0,25,統一-中壢,2024-08-30,5853
3481,群創,44,20,24,統一-中壢,2024-08-30,5853
8071,能率網通,23,0,23,統一-中壢,2024-08-30,5853
9904,寶成,23,2,21,統一-中壢,2024-08-30,5853
4306,炎洲,20,1,19,統一-中壢,2024-08-30,5853
2204,中華,19,1,18,統一-中壢,2024-08-30,5853
3374,精材,21,4,17,統一-中壢,2024-08-30,5853
4576,大銀微系統,17,0,17,統一-中壢,2024-08-30,5853
00795B,中信美國公債20年,15,0,15,統一-中壢,2024-08-30,5853
1584,精剛,20,5,15,統一-中壢,2024-08-30,5853
2498,宏達電,15,0,15,統一-中壢,2024-08-30,5853
4526,東台,53,38,15,統一-中壢,2024-08-30,5853
2002,中鋼,20,6,14,統一-中壢,2024-08-30,5853
8086,宏捷科,15,1,14,統一-中壢,2024-08-30,5853
4958,臻鼎-KY,14,0,14,統一-中壢,2024-08-30,5853
3535,晶彩科,21,8,13,統一-中壢,2024-08-30,5853
3406,玉晶光,14,1,13,統一-中壢,2024-08-30,5853
00631L,元大台灣50正2,12,0,12,統一-中壢,2024-08-30,5853
1711,永光,47,35,12,統一-中壢,2024-08-30,5853
2458,義隆,12,0,12,統一-中壢,2024-08-30,5853
3580,友威科,12,0,12,統一-中壢,2024-08-30,5853
1220,台榮,11,0,11,統一-中壢,2024-08-30,5853
2401,凌陽,11,0,11,統一-中壢,2024-08-30,5853
4540,全球傳動,14,3,11,統一-中壢,2024-08-30,5853
5392,能率,21,10,11,統一-中壢,2024-08-30,5853
00878,國泰永續高股息,12,1,11,統一-中壢,2024-08-30,5853
00918,大華優利高填息30,11,0,11,統一-中壢,2024-08-30,5853
00932,兆豐永續高息等權,10,0,10,統一-中壢,2024-08-30,5853
00930,永豐ESG低碳高息,10,0,10,統一-中壢,2024-08-30,5853
00891,中信關鍵半導體,10,0,10,統一-中壢,2024-08-30,5853
1416,廣豐,10,0,10,統一-中壢,2024-08-30,5853
2357,華碩,10,0,10,統一-中壢,2024-08-30,5853
2405,輔信,10,0,10,統一-中壢,2024-08-30,5853
3712,永崴投控,10,0,10,統一-中壢,2024-08-30,5853
6443,元晶,10,0,10,統一-中壢,2024-08-30,5853
3044,健鼎,10,0,10,統一-中壢,2024-08-30,5853
8358,金居,10,0,10,統一-中壢,2024-08-30,5853
00665L,富邦�琤肭磪囓�2,545,15,530,統一-中壢,2024-09-02,5853
00919,群益台灣精選高息,529,5,524,統一-中壢,2024-09-02,5853
00918,大華優利高填息30,396,0,396,統一-中壢,2024-09-02,5853
2542,興富發,273,2,271,統一-中壢,2024-09-02,5853
8105,凌巨,196,22,174,統一-中壢,2024-09-02,5853
00715L,期街口布蘭特正2,94,0,94,統一-中壢,2024-09-02,5853
4420,光明,77,6,71,統一-中壢,2024-09-02,5853
00915,凱基優選高股息30,57,0,57,統一-中壢,2024-09-02,5853
00937B,群益ESG投等債20,83,30,53,統一-中壢,2024-09-02,5853
00882,中信中國高股息,50,0,50,統一-中壢,2024-09-02,5853
00632R,元大台灣50反1,50,0,50,統一-中壢,2024-09-02,5853
00637L,元大滬深300正2,52,4,48,統一-中壢,2024-09-02,5853
00951,台新日本半導體,47,0,47,統一-中壢,2024-09-02,5853
3481,群創,61,14,47,統一-中壢,2024-09-02,5853
00795B,中信美國公債20年,44,0,44,統一-中壢,2024-09-02,5853
00679B,元大美債20年,46,5,41,統一-中壢,2024-09-02,5853
00753L,中信中國50正2,46,7,39,統一-中壢,2024-09-02,5853
00687B,國泰20年美債,41,3,38,統一-中壢,2024-09-02,5853
2618,長榮航,55,19,36,統一-中壢,2024-09-02,5853
2313,華通,40,6,34,統一-中壢,2024-09-02,5853
1514,亞力,38,6,32,統一-中壢,2024-09-02,5853
1316,上曜,31,1,30,統一-中壢,2024-09-02,5853
2801,彰銀,30,0,30,統一-中壢,2024-09-02,5853
2609,陽明,54,25,29,統一-中壢,2024-09-02,5853
1539,巨庭,27,1,26,統一-中壢,2024-09-02,5853
00959B,大華投等美債15Y+,28,3,25,統一-中壢,2024-09-02,5853
8086,宏捷科,21,0,21,統一-中壢,2024-09-02,5853
00905,FT臺灣Smart,21,1,20,統一-中壢,2024-09-02,5853
00936,台新永續高息中小,20,0,20,統一-中壢,2024-09-02,5853
2109,華豐,20,0,20,統一-中壢,2024-09-02,5853
4306,炎洲,40,20,20,統一-中壢,2024-09-02,5853
5481,新華,20,0,20,統一-中壢,2024-09-02,5853
2603,長榮,15,0,15,統一-中壢,2024-09-02,5853
3576,聯合再生,15,0,15,統一-中壢,2024-09-02,5853
3652,精聯,18,3,15,統一-中壢,2024-09-02,5853
3673,TPK-KY,15,0,15,統一-中壢,2024-09-02,5853
00878,國泰永續高股息,16,2,14,統一-中壢,2024-09-02,5853
00764B,群益25年美債,12,0,12,統一-中壢,2024-09-02,5853
00929,復華台灣科技優息,22,10,12,統一-中壢,2024-09-02,5853
3583,辛耘,12,0,12,統一-中壢,2024-09-02,5853
2312,金寶,12,0,12,統一-中壢,2024-09-02,5853
2489,瑞軒,26,14,12,統一-中壢,2024-09-02,5853
3390,旭軟,11,0,11,統一-中壢,2024-09-02,5853
00675L,富邦臺灣加權正2,10,0,10,統一-中壢,2024-09-02,5853
00927,群益半導體收益,10,0,10,統一-中壢,2024-09-02,5853
1702,南僑,10,0,10,統一-中壢,2024-09-02,5853
2365,昆盈,11,1,10,統一-中壢,2024-09-02,5853
3306,鼎天,10,0,10,統一-中壢,2024-09-02,5853
4561,健椿,10,0,10,統一-中壢,2024-09-02,5853
4716,大立,10,0,10,統一-中壢,2024-09-02,5853
00937B,群益ESG投等債20,192,0,192,統一-中壢,2024-09-03,5853
00940,元大台灣價值高息,171,20,151,統一-中壢,2024-09-03,5853
1815,富喬,147,31,116,統一-中壢,2024-09-03,5853
00905,FT臺灣Smart,92,0,92,統一-中壢,2024-09-03,5853
00680L,元大美債20正2,80,0,80,統一-中壢,2024-09-03,5853
8086,宏捷科,61,10,51,統一-中壢,2024-09-03,5853
00919,群益台灣精選高息,74,27,47,統一-中壢,2024-09-03,5853
00918,大華優利高填息30,37,0,37,統一-中壢,2024-09-03,5853
2845,遠東銀,45,10,35,統一-中壢,2024-09-03,5853
6213,聯茂,38,4,34,統一-中壢,2024-09-03,5853
00637L,元大滬深300正2,55,25,30,統一-中壢,2024-09-03,5853
2399,映泰,31,1,30,統一-中壢,2024-09-03,5853
3294,英濟,31,1,30,統一-中壢,2024-09-03,5853
6143,振曜,30,1,29,統一-中壢,2024-09-03,5853
2867,三商壽,32,4,28,統一-中壢,2024-09-03,5853
00878,國泰永續高股息,23,1,22,統一-中壢,2024-09-03,5853
00948B,中信優息投資級債,22,0,22,統一-中壢,2024-09-03,5853
00665L,富邦�琤肭磪囓�2,50,30,20,統一-中壢,2024-09-03,5853
3450,聯鈞,104,84,20,統一-中壢,2024-09-03,5853
3290,東浦,18,0,18,統一-中壢,2024-09-03,5853
1314,中石化,22,4,18,統一-中壢,2024-09-03,5853
2515,中工,17,0,17,統一-中壢,2024-09-03,5853
00932,兆豐永續高息等權,16,0,16,統一-中壢,2024-09-03,5853
8927,北基,16,0,16,統一-中壢,2024-09-03,5853
2101,南港,15,0,15,統一-中壢,2024-09-03,5853
1618,合機,16,1,15,統一-中壢,2024-09-03,5853
2892,第一金,15,0,15,統一-中壢,2024-09-03,5853
8105,凌巨,27,13,14,統一-中壢,2024-09-03,5853
00915,凱基優選高股息30,15,2,13,統一-中壢,2024-09-03,5853
4714,永捷,18,5,13,統一-中壢,2024-09-03,5853
2356,英業達,12,0,12,統一-中壢,2024-09-03,5853
2002,中鋼,14,2,12,統一-中壢,2024-09-03,5853
6770,力積電,12,0,12,統一-中壢,2024-09-03,5853
00946,群益科技高息成長,12,0,12,統一-中壢,2024-09-03,5853
2890,永豐金,12,0,12,統一-中壢,2024-09-03,5853
4420,光明,12,0,12,統一-中壢,2024-09-03,5853
2323,中環,11,0,11,統一-中壢,2024-09-03,5853
00907,永豐優息存股,10,0,10,統一-中壢,2024-09-03,5853
00675L,富邦臺灣加權正2,10,0,10,統一-中壢,2024-09-03,5853
00720B,元大投資級公司債,10,0,10,統一-中壢,2024-09-03,5853
00713,元大台灣高息低波,10,0,10,統一-中壢,2024-09-03,5853
2009,第一銅,10,0,10,統一-中壢,2024-09-03,5853
2313,華通,41,31,10,統一-中壢,2024-09-03,5853
2365,昆盈,34,24,10,統一-中壢,2024-09-03,5853
2537,聯上發,11,1,10,統一-中壢,2024-09-03,5853
3094,聯傑,10,0,10,統一-中壢,2024-09-03,5853
3492,長盛,10,0,10,統一-中壢,2024-09-03,5853
5388,中磊,10,0,10,統一-中壢,2024-09-03,5853
5521,工信,10,0,10,統一-中壢,2024-09-03,5853
2062,橋椿,49,40,9,統一-中壢,2024-09-03,5853
00940,元大台灣價值高息,339,17,322,統一-中壢,2024-09-04,5853
00715L,期街口布蘭特正2,198,20,178,統一-中壢,2024-09-04,5853
00946,群益科技高息成長,172,0,172,統一-中壢,2024-09-04,5853
00937B,群益ESG投等債20,238,67,171,統一-中壢,2024-09-04,5853
00919,群益台灣精選高息,189,28,161,統一-中壢,2024-09-04,5853
00929,復華台灣科技優息,162,28,134,統一-中壢,2024-09-04,5853
00878,國泰永續高股息,124,0,124,統一-中壢,2024-09-04,5853
00665L,富邦�琤肭磪囓�2,145,46,99,統一-中壢,2024-09-04,5853
2891,中信金,72,0,72,統一-中壢,2024-09-04,5853
6143,振曜,80,11,69,統一-中壢,2024-09-04,5853
00954,中信日本半導體,51,0,51,統一-中壢,2024-09-04,5853
3044,健鼎,50,1,49,統一-中壢,2024-09-04,5853
00712,復華富時不動產,49,0,49,統一-中壢,2024-09-04,5853
0056,元大高股息,58,16,42,統一-中壢,2024-09-04,5853
00918,大華優利高填息30,43,3,40,統一-中壢,2024-09-04,5853
2330,台積電,44,6,38,統一-中壢,2024-09-04,5853
2317,鴻海,81,43,38,統一-中壢,2024-09-04,5853
00642U,期元大S＆P石油,37,0,37,統一-中壢,2024-09-04,5853
1326,台化,38,2,36,統一-中壢,2024-09-04,5853
00951,台新日本半導體,36,1,35,統一-中壢,2024-09-04,5853
3481,群創,44,10,34,統一-中壢,2024-09-04,5853
1303,南亞,44,10,34,統一-中壢,2024-09-04,5853
2892,第一金,27,0,27,統一-中壢,2024-09-04,5853
2349,錸德,28,1,27,統一-中壢,2024-09-04,5853
2442,新美齊,27,0,27,統一-中壢,2024-09-04,5853
2337,旺宏,27,1,26,統一-中壢,2024-09-04,5853
2845,遠東銀,26,0,26,統一-中壢,2024-09-04,5853
3231,緯創,31,6,25,統一-中壢,2024-09-04,5853
2382,廣達,29,5,24,統一-中壢,2024-09-04,5853
1536,和大,23,0,23,統一-中壢,2024-09-04,5853
6005,群益證,21,0,21,統一-中壢,2024-09-04,5853
00881,國泰台灣5G+,23,2,21,統一-中壢,2024-09-04,5853
2801,彰銀,20,0,20,統一-中壢,2024-09-04,5853
00915,凱基優選高股息30,42,24,18,統一-中壢,2024-09-04,5853
6743,安普新,18,0,18,統一-中壢,2024-09-04,5853
0050,元大台灣50,19,1,18,統一-中壢,2024-09-04,5853
3037,欣興,26,9,17,統一-中壢,2024-09-04,5853
2204,中華,17,0,17,統一-中壢,2024-09-04,5853
2486,一詮,22,6,16,統一-中壢,2024-09-04,5853
2834,臺企銀,16,0,16,統一-中壢,2024-09-04,5853
8071,能率網通,16,0,16,統一-中壢,2024-09-04,5853
00830,國泰費城半導體,17,2,15,統一-中壢,2024-09-04,5853
3014,聯陽,15,0,15,統一-中壢,2024-09-04,5853
2886,兆豐金,15,0,15,統一-中壢,2024-09-04,5853
3035,智原,16,2,14,統一-中壢,2024-09-04,5853
6770,力積電,21,7,14,統一-中壢,2024-09-04,5853
8086,宏捷科,14,0,14,統一-中壢,2024-09-04,5853
2408,南亞科,13,0,13,統一-中壢,2024-09-04,5853
3357,臺慶科,13,0,13,統一-中壢,2024-09-04,5853
1540,喬福,42,29,13,統一-中壢,2024-09-04,5853
00632R,元大台灣50反1,249,28,221,統一-中壢,2024-09-05,5853
00715L,期街口布蘭特正2,166,0,166,統一-中壢,2024-09-05,5853
00919,群益台灣精選高息,167,10,157,統一-中壢,2024-09-05,5853
00878,國泰永續高股息,153,1,152,統一-中壢,2024-09-05,5853
00953B,群益優選非投等債,100,0,100,統一-中壢,2024-09-05,5853
00665L,富邦�琤肭磪囓�2,140,50,90,統一-中壢,2024-09-05,5853
00929,復華台灣科技優息,104,21,83,統一-中壢,2024-09-05,5853
00951,台新日本半導體,80,0,80,統一-中壢,2024-09-05,5853
0056,元大高股息,76,0,76,統一-中壢,2024-09-05,5853
6143,振曜,75,0,75,統一-中壢,2024-09-05,5853
00954,中信日本半導體,59,0,59,統一-中壢,2024-09-05,5853
00940,元大台灣價值高息,80,21,59,統一-中壢,2024-09-05,5853
00712,復華富時不動產,57,0,57,統一-中壢,2024-09-05,5853
2317,鴻海,68,13,55,統一-中壢,2024-09-05,5853
00679B,元大美債20年,65,22,43,統一-中壢,2024-09-05,5853
2409,友達,62,21,41,統一-中壢,2024-09-05,5853
2353,宏��,38,1,37,統一-中壢,2024-09-05,5853
2367,燿華,35,5,30,統一-中壢,2024-09-05,5853
00642U,期元大S＆P石油,28,0,28,統一-中壢,2024-09-05,5853
00918,大華優利高填息30,29,1,28,統一-中壢,2024-09-05,5853
4420,光明,26,0,26,統一-中壢,2024-09-05,5853
3481,群創,27,2,25,統一-中壢,2024-09-05,5853
1539,巨庭,34,10,24,統一-中壢,2024-09-05,5853
2337,旺宏,24,1,23,統一-中壢,2024-09-05,5853
00946,群益科技高息成長,23,0,23,統一-中壢,2024-09-05,5853
2331,精英,24,1,23,統一-中壢,2024-09-05,5853
1301,台塑,24,3,21,統一-中壢,2024-09-05,5853
00952,凱基台灣AI50,21,0,21,統一-中壢,2024-09-05,5853
00864B,中信美國公債0-1,20,0,20,統一-中壢,2024-09-05,5853
2031,新光鋼,20,0,20,統一-中壢,2024-09-05,5853
2104,國際中橡,20,0,20,統一-中壢,2024-09-05,5853
3019,亞光,38,18,20,統一-中壢,2024-09-05,5853
6218,豪勉,20,0,20,統一-中壢,2024-09-05,5853
3374,精材,25,6,19,統一-中壢,2024-09-05,5853
4958,臻鼎-KY,16,0,16,統一-中壢,2024-09-05,5853
4306,炎洲,26,11,15,統一-中壢,2024-09-05,5853
2349,錸德,14,0,14,統一-中壢,2024-09-05,5853
2801,彰銀,14,0,14,統一-中壢,2024-09-05,5853
00795B,中信美國公債20年,20,7,13,統一-中壢,2024-09-05,5853
2855,統一證,14,1,13,統一-中壢,2024-09-05,5853
8473,山林水,12,0,12,統一-中壢,2024-09-05,5853
1618,合機,12,0,12,統一-中壢,2024-09-05,5853
3032,偉訓,11,0,11,統一-中壢,2024-09-05,5853
00907,永豐優息存股,10,0,10,統一-中壢,2024-09-05,5853
2102,泰豐,10,0,10,統一-中壢,2024-09-05,5853
2402,毅嘉,14,4,10,統一-中壢,2024-09-05,5853
2498,宏達電,11,1,10,統一-中壢,2024-09-05,5853
3171,炎洲流通,10,0,10,統一-中壢,2024-09-05,5853
2357,華碩,9,0,9,統一-中壢,2024-09-05,5853
3260,威剛,12,3,9,統一-中壢,2024-09-05,5853
00940,元大台灣價值高息,73,2,71,統一-中壢,2024-09-06,5853
00951,台新日本半導體,52,0,52,統一-中壢,2024-09-06,5853
00931B,統一美債20年,50,0,50,統一-中壢,2024-09-06,5853
00715L,期街口布蘭特正2,85,36,49,統一-中壢,2024-09-06,5853
2891,中信金,60,16,44,統一-中壢,2024-09-06,5853
00929,復華台灣科技優息,47,5,42,統一-中壢,2024-09-06,5853
8105,凌巨,37,1,36,統一-中壢,2024-09-06,5853
1815,富喬,87,53,34,統一-中壢,2024-09-06,5853
00632R,元大台灣50反1,32,0,32,統一-中壢,2024-09-06,5853
00915,凱基優選高股息30,31,0,31,統一-中壢,2024-09-06,5853
3294,英濟,28,0,28,統一-中壢,2024-09-06,5853
1316,上曜,25,0,25,統一-中壢,2024-09-06,5853
00902,中信電池及儲能,21,0,21,統一-中壢,2024-09-06,5853
00696B,富邦美債20年,20,0,20,統一-中壢,2024-09-06,5853
6217,中探針,21,1,20,統一-中壢,2024-09-06,5853
3481,群創,22,3,19,統一-中壢,2024-09-06,5853
1582,信錦,17,0,17,統一-中壢,2024-09-06,5853
00720B,元大投資級公司債,16,0,16,統一-中壢,2024-09-06,5853
00751B,元大AAA至A公司債,15,0,15,統一-中壢,2024-09-06,5853
2537,聯上發,15,0,15,統一-中壢,2024-09-06,5853
00878,國泰永續高股息,16,1,15,統一-中壢,2024-09-06,5853
00954,中信日本半導體,14,0,14,統一-中壢,2024-09-06,5853
00941,中信上游半導體,13,0,13,統一-中壢,2024-09-06,5853
2884,玉山金,12,0,12,統一-中壢,2024-09-06,5853
00687B,國泰20年美債,18,6,12,統一-中壢,2024-09-06,5853
4167,松瑞藥,12,0,12,統一-中壢,2024-09-06,5853
8076,伍豐,17,5,12,統一-中壢,2024-09-06,5853
8374,羅昇,12,0,12,統一-中壢,2024-09-06,5853
00713,元大台灣高息低波,11,0,11,統一-中壢,2024-09-06,5853
2464,盟立,16,5,11,統一-中壢,2024-09-06,5853
2303,聯電,12,2,10,統一-中壢,2024-09-06,5853
00905,FT臺灣Smart,10,0,10,統一-中壢,2024-09-06,5853
2867,三商壽,11,1,10,統一-中壢,2024-09-06,5853
3357,臺慶科,10,0,10,統一-中壢,2024-09-06,5853
4903,聯光通,10,0,10,統一-中壢,2024-09-06,5853
8011,台通,10,0,10,統一-中壢,2024-09-06,5853
8110,華東,10,0,10,統一-中壢,2024-09-06,5853
3037,欣興,19,10,9,統一-中壢,2024-09-06,5853
2388,威盛,11,2,9,統一-中壢,2024-09-06,5853
3535,晶彩科,10,1,9,統一-中壢,2024-09-06,5853
3607,谷崧,9,0,9,統一-中壢,2024-09-06,5853
00830,國泰費城半導體,8,0,8,統一-中壢,2024-09-06,5853
00935,野村臺灣新科技50,11,3,8,統一-中壢,2024-09-06,5853
4420,光明,8,0,8,統一-中壢,2024-09-06,5853
00772B,中信高評級公司債,20,13,7,統一-中壢,2024-09-06,5853
3622,洋華,7,0,7,統一-中壢,2024-09-06,5853
8070,長華*,14,7,7,統一-中壢,2024-09-06,5853
8121,越峰,7,0,7,統一-中壢,2024-09-06,5853
2542,興富發,7,0,7,統一-中壢,2024-09-06,5853
00946,群益科技高息成長,12,6,6,統一-中壢,2024-09-06,5853
2888,新光金,505,101,404,統一-中壢,2024-09-09,5853
2891,中信金,173,4,169,統一-中壢,2024-09-09,5853
00715L,期街口布蘭特正2,142,0,142,統一-中壢,2024-09-09,5853
00919,群益台灣精選高息,122,7,115,統一-中壢,2024-09-09,5853
2363,矽統,108,8,100,統一-中壢,2024-09-09,5853
00687B,國泰20年美債,105,15,90,統一-中壢,2024-09-09,5853
00878,國泰永續高股息,69,0,69,統一-中壢,2024-09-09,5853
00665L,富邦�琤肭磪囓�2,80,20,60,統一-中壢,2024-09-09,5853
3017,奇鋐,53,3,50,統一-中壢,2024-09-09,5853
2317,鴻海,53,8,45,統一-中壢,2024-09-09,5853
00929,復華台灣科技優息,71,30,41,統一-中壢,2024-09-09,5853
3481,群創,41,12,29,統一-中壢,2024-09-09,5853
1319,東陽,32,4,28,統一-中壢,2024-09-09,5853
0056,元大高股息,27,0,27,統一-中壢,2024-09-09,5853
2881,富邦金,26,0,26,統一-中壢,2024-09-09,5853
00937B,群益ESG投等債20,55,30,25,統一-中壢,2024-09-09,5853
3580,友威科,26,1,25,統一-中壢,2024-09-09,5853
6505,台塑化,25,0,25,統一-中壢,2024-09-09,5853
2382,廣達,28,4,24,統一-中壢,2024-09-09,5853
00881,國泰台灣5G+,27,4,23,統一-中壢,2024-09-09,5853
00934,中信成長高股息,22,2,20,統一-中壢,2024-09-09,5853
00712,復華富時不動產,19,0,19,統一-中壢,2024-09-09,5853
2330,台積電,18,2,16,統一-中壢,2024-09-09,5853
00915,凱基優選高股息30,23,7,16,統一-中壢,2024-09-09,5853
2885,元大金,17,2,15,統一-中壢,2024-09-09,5853
4707,磐亞,15,0,15,統一-中壢,2024-09-09,5853
00940,元大台灣價值高息,43,29,14,統一-中壢,2024-09-09,5853
2542,興富發,14,0,14,統一-中壢,2024-09-09,5853
2882,國泰金,15,1,14,統一-中壢,2024-09-09,5853
1536,和大,14,1,13,統一-中壢,2024-09-09,5853
2489,瑞軒,22,10,12,統一-中壢,2024-09-09,5853
8096,擎亞,12,0,12,統一-中壢,2024-09-09,5853
00941,中信上游半導體,11,0,11,統一-中壢,2024-09-09,5853
3550,聯穎,11,0,11,統一-中壢,2024-09-09,5853
3149,正達,11,0,11,統一-中壢,2024-09-09,5853
00642U,期元大S＆P石油,11,0,11,統一-中壢,2024-09-09,5853
00936,台新永續高息中小,11,0,11,統一-中壢,2024-09-09,5853
1795,美時,16,5,11,統一-中壢,2024-09-09,5853
6127,九豪,12,1,11,統一-中壢,2024-09-09,5853
8043,蜜望實,11,0,11,統一-中壢,2024-09-09,5853
00918,大華優利高填息30,12,2,10,統一-中壢,2024-09-09,5853
3406,玉晶光,10,0,10,統一-中壢,2024-09-09,5853
00650L,復華香港正2,10,0,10,統一-中壢,2024-09-09,5853
00931B,統一美債20年,10,0,10,統一-中壢,2024-09-09,5853
2009,第一銅,10,0,10,統一-中壢,2024-09-09,5853
3511,矽瑪,12,2,10,統一-中壢,2024-09-09,5853
4538,大詠城,10,0,10,統一-中壢,2024-09-09,5853
6163,華電網,11,1,10,統一-中壢,2024-09-09,5853
6215,和椿,10,0,10,統一-中壢,2024-09-09,5853
8088,品安,10,0,10,統一-中壢,2024-09-09,5853
00952,凱基台灣AI50,504,0,504,統一-中壢,2024-09-10,5853
00632R,元大台灣50反1,212,10,202,統一-中壢,2024-09-10,5853
2891,中信金,83,6,77,統一-中壢,2024-09-10,5853
00940,元大台灣價值高息,106,31,75,統一-中壢,2024-09-10,5853
6223,旺矽,53,1,52,統一-中壢,2024-09-10,5853
00929,復華台灣科技優息,62,13,49,統一-中壢,2024-09-10,5853
6143,振曜,47,0,47,統一-中壢,2024-09-10,5853
00919,群益台灣精選高息,91,50,41,統一-中壢,2024-09-10,5853
00918,大華優利高填息30,41,3,38,統一-中壢,2024-09-10,5853
00712,復華富時不動產,32,0,32,統一-中壢,2024-09-10,5853
5443,均豪,36,5,31,統一-中壢,2024-09-10,5853
2101,南港,30,0,30,統一-中壢,2024-09-10,5853
00881,國泰台灣5G+,27,0,27,統一-中壢,2024-09-10,5853
1570,力肯,25,0,25,統一-中壢,2024-09-10,5853
2317,鴻海,45,21,24,統一-中壢,2024-09-10,5853
00830,國泰費城半導體,23,0,23,統一-中壢,2024-09-10,5853
00915,凱基優選高股息30,30,7,23,統一-中壢,2024-09-10,5853
3406,玉晶光,23,1,22,統一-中壢,2024-09-10,5853
1524,耿鼎,29,8,21,統一-中壢,2024-09-10,5853
2845,遠東銀,20,0,20,統一-中壢,2024-09-10,5853
0056,元大高股息,37,18,19,統一-中壢,2024-09-10,5853
00878,國泰永續高股息,31,12,19,統一-中壢,2024-09-10,5853
00953B,群益優選非投等債,39,20,19,統一-中壢,2024-09-10,5853
2382,廣達,21,3,18,統一-中壢,2024-09-10,5853
00642U,期元大S＆P石油,16,0,16,統一-中壢,2024-09-10,5853
2344,華邦電,17,1,16,統一-中壢,2024-09-10,5853
5460,同協,17,2,15,統一-中壢,2024-09-10,5853
3017,奇鋐,16,2,14,統一-中壢,2024-09-10,5853
00715L,期街口布蘭特正2,15,1,14,統一-中壢,2024-09-10,5853
1605,華新,14,0,14,統一-中壢,2024-09-10,5853
2388,威盛,27,14,13,統一-中壢,2024-09-10,5853
8071,能率網通,16,3,13,統一-中壢,2024-09-10,5853
00679B,元大美債20年,39,27,12,統一-中壢,2024-09-10,5853
3357,臺慶科,12,0,12,統一-中壢,2024-09-10,5853
6187,萬潤,18,6,12,統一-中壢,2024-09-10,5853
00905,FT臺灣Smart,12,1,11,統一-中壢,2024-09-10,5853
5871,中租-KY,11,0,11,統一-中壢,2024-09-10,5853
2376,技嘉,12,1,11,統一-中壢,2024-09-10,5853
3189,景碩,13,2,11,統一-中壢,2024-09-10,5853
5340,建榮,13,2,11,統一-中壢,2024-09-10,5853
6834,天二科技,13,2,11,統一-中壢,2024-09-10,5853
3037,欣興,19,9,10,統一-中壢,2024-09-10,5853
00946,群益科技高息成長,10,0,10,統一-中壢,2024-09-10,5853
1905,華紙,10,0,10,統一-中壢,2024-09-10,5853
2425,承啟,12,2,10,統一-中壢,2024-09-10,5853
2816,旺旺保,10,0,10,統一-中壢,2024-09-10,5853
3051,力特,10,0,10,統一-中壢,2024-09-10,5853
3149,正達,21,11,10,統一-中壢,2024-09-10,5853
3520,華盈,10,0,10,統一-中壢,2024-09-10,5853
3624,光頡,10,0,10,統一-中壢,2024-09-10,5853
00680L,元大美債20正2,301,18,283,統一-中壢,2024-09-11,5853
00945B,凱基美國非投等債,200,0,200,統一-中壢,2024-09-11,5853
00665L,富邦�琤肭磪囓�2,150,10,140,統一-中壢,2024-09-11,5853
00953B,群益優選非投等債,116,0,116,統一-中壢,2024-09-11,5853
00918,大華優利高填息30,103,0,103,統一-中壢,2024-09-11,5853
00687B,國泰20年美債,122,27,95,統一-中壢,2024-09-11,5853
00715L,期街口布蘭特正2,94,0,94,統一-中壢,2024-09-11,5853
00915,凱基優選高股息30,64,0,64,統一-中壢,2024-09-11,5853
4979,華星光,110,50,60,統一-中壢,2024-09-11,5853
2349,錸德,37,0,37,統一-中壢,2024-09-11,5853
6143,振曜,34,0,34,統一-中壢,2024-09-11,5853
00712,復華富時不動產,34,0,34,統一-中壢,2024-09-11,5853
6223,旺矽,35,1,34,統一-中壢,2024-09-11,5853
00878,國泰永續高股息,43,9,34,統一-中壢,2024-09-11,5853
1815,富喬,50,18,32,統一-中壢,2024-09-11,5853
2002,中鋼,38,7,31,統一-中壢,2024-09-11,5853
1524,耿鼎,27,1,26,統一-中壢,2024-09-11,5853
00642U,期元大S＆P石油,22,0,22,統一-中壢,2024-09-11,5853
3363,上詮,27,9,18,統一-中壢,2024-09-11,5853
00931B,統一美債20年,22,5,17,統一-中壢,2024-09-11,5853
00951,台新日本半導體,16,0,16,統一-中壢,2024-09-11,5853
2408,南亞科,16,0,16,統一-中壢,2024-09-11,5853
2891,中信金,33,17,16,統一-中壢,2024-09-11,5853
00688L,國泰20年美債正2,75,60,15,統一-中壢,2024-09-11,5853
3437,榮創,19,4,15,統一-中壢,2024-09-11,5853
2834,臺企銀,13,0,13,統一-中壢,2024-09-11,5853
00650L,復華香港正2,19,6,13,統一-中壢,2024-09-11,5853
2883,凱基金,13,0,13,統一-中壢,2024-09-11,5853
8043,蜜望實,13,0,13,統一-中壢,2024-09-11,5853
2313,華通,27,16,11,統一-中壢,2024-09-11,5853
6292,迅德,11,0,11,統一-中壢,2024-09-11,5853
9924,福興,11,0,11,統一-中壢,2024-09-11,5853
2881,富邦金,10,0,10,統一-中壢,2024-09-11,5853
00943,兆豐電子高息等權,10,0,10,統一-中壢,2024-09-11,5853
1467,南緯,10,0,10,統一-中壢,2024-09-11,5853
3484,崧騰,10,0,10,統一-中壢,2024-09-11,5853
6163,華電網,10,0,10,統一-中壢,2024-09-11,5853
0050,元大台灣50,13,4,9,統一-中壢,2024-09-11,5853
2308,台達電,10,1,9,統一-中壢,2024-09-11,5853
1539,巨庭,12,3,9,統一-中壢,2024-09-11,5853
0056,元大高股息,9,0,9,統一-中壢,2024-09-11,5853
2489,瑞軒,10,2,8,統一-中壢,2024-09-11,5853
00725B,國泰投資級公司債,8,0,8,統一-中壢,2024-09-11,5853
2337,旺宏,9,1,8,統一-中壢,2024-09-11,5853
6603,富強鑫,8,0,8,統一-中壢,2024-09-11,5853
6869,雲豹能源,8,0,8,統一-中壢,2024-09-11,5853
2317,鴻海,12,4,8,統一-中壢,2024-09-11,5853
4566,時碩工業,9,2,7,統一-中壢,2024-09-11,5853
00882,中信中國高股息,7,0,7,統一-中壢,2024-09-11,5853
00946,群益科技高息成長,7,0,7,統一-中壢,2024-09-11,5853
00632R,元大台灣50反1,739,53,686,統一-中壢,2024-09-12,5853
00687B,國泰20年美債,127,9,118,統一-中壢,2024-09-12,5853
00959B,大華投等美債15Y+,100,0,100,統一-中壢,2024-09-12,5853
2371,大同,112,23,89,統一-中壢,2024-09-12,5853
00680L,元大美債20正2,318,230,88,統一-中壢,2024-09-12,5853
6223,旺矽,83,1,82,統一-中壢,2024-09-12,5853
3645,達邁,82,3,79,統一-中壢,2024-09-12,5853
2891,中信金,105,41,64,統一-中壢,2024-09-12,5853
00943,兆豐電子高息等權,60,0,60,統一-中壢,2024-09-12,5853
2845,遠東銀,70,10,60,統一-中壢,2024-09-12,5853
00679B,元大美債20年,113,64,49,統一-中壢,2024-09-12,5853
2888,新光金,85,41,44,統一-中壢,2024-09-12,5853
3607,谷崧,40,0,40,統一-中壢,2024-09-12,5853
00713,元大台灣高息低波,38,0,38,統一-中壢,2024-09-12,5853
2609,陽明,64,26,38,統一-中壢,2024-09-12,5853
00919,群益台灣精選高息,41,10,31,統一-中壢,2024-09-12,5853
3564,其陽,27,10,17,統一-中壢,2024-09-12,5853
6152,百一,21,4,17,統一-中壢,2024-09-12,5853
00637L,元大滬深300正2,29,13,16,統一-中壢,2024-09-12,5853
2520,冠德,15,0,15,統一-中壢,2024-09-12,5853
3673,TPK-KY,24,9,15,統一-中壢,2024-09-12,5853
4979,華星光,62,48,14,統一-中壢,2024-09-12,5853
00915,凱基優選高股息30,18,5,13,統一-中壢,2024-09-12,5853
3031,佰鴻,14,1,13,統一-中壢,2024-09-12,5853
3049,精金,13,1,12,統一-中壢,2024-09-12,5853
3437,榮創,12,0,12,統一-中壢,2024-09-12,5853
8105,凌巨,16,4,12,統一-中壢,2024-09-12,5853
00712,復華富時不動產,11,0,11,統一-中壢,2024-09-12,5853
00764B,群益25年美債,11,0,11,統一-中壢,2024-09-12,5853
2356,英業達,13,2,11,統一-中壢,2024-09-12,5853
5347,世界,12,1,11,統一-中壢,2024-09-12,5853
00951,台新日本半導體,10,0,10,統一-中壢,2024-09-12,5853
2836,高雄銀,10,0,10,統一-中壢,2024-09-12,5853
2886,兆豐金,10,0,10,統一-中壢,2024-09-12,5853
3294,英濟,10,0,10,統一-中壢,2024-09-12,5853
3322,建舜電,10,0,10,統一-中壢,2024-09-12,5853
3360,尚立,10,0,10,統一-中壢,2024-09-12,5853
6176,瑞儀,10,0,10,統一-中壢,2024-09-12,5853
4958,臻鼎-KY,12,3,9,統一-中壢,2024-09-12,5853
3523,迎輝,9,0,9,統一-中壢,2024-09-12,5853
3707,漢磊,9,0,9,統一-中壢,2024-09-12,5853
4576,大銀微系統,10,1,9,統一-中壢,2024-09-12,5853
3535,晶彩科,10,2,8,統一-中壢,2024-09-12,5853
6763,綠界科技*,8,0,8,統一-中壢,2024-09-12,5853
6156,松上,7,0,7,統一-中壢,2024-09-12,5853
00751B,元大AAA至A公司債,6,0,6,統一-中壢,2024-09-12,5853
00934,中信成長高股息,10,4,6,統一-中壢,2024-09-12,5853
1524,耿鼎,6,0,6,統一-中壢,2024-09-12,5853
4543,萬在,6,0,6,統一-中壢,2024-09-12,5853
6217,中探針,6,0,6,統一-中壢,2024-09-12,5853
00632R,元大台灣50反1,190,0,190,統一-中壢,2024-09-13,5853
00929,復華台灣科技優息,79,0,79,統一-中壢,2024-09-13,5853
00951,台新日本半導體,67,1,66,統一-中壢,2024-09-13,5853
6223,旺矽,66,0,66,統一-中壢,2024-09-13,5853
00918,大華優利高填息30,65,0,65,統一-中壢,2024-09-13,5853
00680L,元大美債20正2,214,153,61,統一-中壢,2024-09-13,5853
00665L,富邦�琤肭磪囓�2,281,231,50,統一-中壢,2024-09-13,5853
00945B,凱基美國非投等債,50,0,50,統一-中壢,2024-09-13,5853
00931B,統一美債20年,50,5,45,統一-中壢,2024-09-13,5853
00764B,群益25年美債,44,0,44,統一-中壢,2024-09-13,5853
00687B,國泰20年美債,43,8,35,統一-中壢,2024-09-13,5853
1711,永光,34,1,33,統一-中壢,2024-09-13,5853
8105,凌巨,41,10,31,統一-中壢,2024-09-13,5853
00713,元大台灣高息低波,30,0,30,統一-中壢,2024-09-13,5853
2317,鴻海,35,6,29,統一-中壢,2024-09-13,5853
00679B,元大美債20年,57,30,27,統一-中壢,2024-09-13,5853
2845,遠東銀,25,0,25,統一-中壢,2024-09-13,5853
5876,上海商銀,25,0,25,統一-中壢,2024-09-13,5853
3033,威健,21,1,20,統一-中壢,2024-09-13,5853
9925,新保,20,0,20,統一-中壢,2024-09-13,5853
6163,華電網,24,7,17,統一-中壢,2024-09-13,5853
1540,喬福,33,16,17,統一-中壢,2024-09-13,5853
00637L,元大滬深300正2,26,11,15,統一-中壢,2024-09-13,5853
2915,潤泰全,15,0,15,統一-中壢,2024-09-13,5853
2891,中信金,19,6,13,統一-中壢,2024-09-13,5853
1795,美時,13,0,13,統一-中壢,2024-09-13,5853
00934,中信成長高股息,13,0,13,統一-中壢,2024-09-13,5853
5443,均豪,20,8,12,統一-中壢,2024-09-13,5853
00751B,元大AAA至A公司債,12,0,12,統一-中壢,2024-09-13,5853
4979,華星光,32,20,12,統一-中壢,2024-09-13,5853
2609,陽明,11,0,11,統一-中壢,2024-09-13,5853
3163,波若威,17,6,11,統一-中壢,2024-09-13,5853
4935,茂林-KY,11,0,11,統一-中壢,2024-09-13,5853
4956,光鋐,10,0,10,統一-中壢,2024-09-13,5853
8088,品安,10,0,10,統一-中壢,2024-09-13,5853
9105,泰金寶-DR,10,0,10,統一-中壢,2024-09-13,5853
2303,聯電,9,0,9,統一-中壢,2024-09-13,5853
2313,華通,13,4,9,統一-中壢,2024-09-13,5853
2329,華泰,9,0,9,統一-中壢,2024-09-13,5853
6788,華景電,11,2,9,統一-中壢,2024-09-13,5853
8076,伍豐,11,2,9,統一-中壢,2024-09-13,5853
6706,惠特,11,3,8,統一-中壢,2024-09-13,5853
6187,萬潤,9,2,7,統一-中壢,2024-09-13,5853
2365,昆盈,8,1,7,統一-中壢,2024-09-13,5853
6446,藥華藥,8,1,7,統一-中壢,2024-09-13,5853
2489,瑞軒,7,1,6,統一-中壢,2024-09-13,5853
4989,榮科,6,0,6,統一-中壢,2024-09-13,5853
6869,雲豹能源,6,1,5,統一-中壢,2024-09-13,5853
4566,時碩工業,9,4,5,統一-中壢,2024-09-13,5853
00935,野村臺灣新科技50,5,0,5,統一-中壢,2024-09-13,5853
00919,群益台灣精選高息,546,21,525,統一-中壢,2024-09-16,5853
2409,友達,508,289,219,統一-中壢,2024-09-16,5853
00929,復華台灣科技優息,138,2,136,統一-中壢,2024-09-16,5853
00687B,國泰20年美債,113,5,108,統一-中壢,2024-09-16,5853
2349,錸德,114,14,100,統一-中壢,2024-09-16,5853
00688L,國泰20年美債正2,88,0,88,統一-中壢,2024-09-16,5853
00680L,元大美債20正2,62,0,62,統一-中壢,2024-09-16,5853
2486,一詮,73,17,56,統一-中壢,2024-09-16,5853
00639,富邦深100,50,0,50,統一-中壢,2024-09-16,5853
00915,凱基優選高股息30,38,0,38,統一-中壢,2024-09-16,5853
00937B,群益ESG投等債20,37,0,37,統一-中壢,2024-09-16,5853
6143,振曜,33,1,32,統一-中壢,2024-09-16,5853
1721,三晃,42,11,31,統一-中壢,2024-09-16,5853
00764B,群益25年美債,24,0,24,統一-中壢,2024-09-16,5853
3580,友威科,25,1,24,統一-中壢,2024-09-16,5853
3376,新日興,20,0,20,統一-中壢,2024-09-16,5853
00679B,元大美債20年,41,22,19,統一-中壢,2024-09-16,5853
00632R,元大台灣50反1,17,0,17,統一-中壢,2024-09-16,5853
00948B,中信優息投資級債,16,0,16,統一-中壢,2024-09-16,5853
2353,宏��,16,0,16,統一-中壢,2024-09-16,5853
00918,大華優利高填息30,17,1,16,統一-中壢,2024-09-16,5853
2891,中信金,27,12,15,統一-中壢,2024-09-16,5853
2867,三商壽,16,1,15,統一-中壢,2024-09-16,5853
00878,國泰永續高股息,15,0,15,統一-中壢,2024-09-16,5853
00751B,元大AAA至A公司債,14,0,14,統一-中壢,2024-09-16,5853
4919,新唐,15,1,14,統一-中壢,2024-09-16,5853
2399,映泰,14,2,12,統一-中壢,2024-09-16,5853
2449,京元電子,24,12,12,統一-中壢,2024-09-16,5853
6270,倍微,12,0,12,統一-中壢,2024-09-16,5853
2379,瑞昱,10,0,10,統一-中壢,2024-09-16,5853
00715L,期街口布蘭特正2,30,20,10,統一-中壢,2024-09-16,5853
2027,大成鋼,10,0,10,統一-中壢,2024-09-16,5853
2498,宏達電,13,3,10,統一-中壢,2024-09-16,5853
4716,大立,10,0,10,統一-中壢,2024-09-16,5853
5438,東友,15,5,10,統一-中壢,2024-09-16,5853
8277,商丞,10,0,10,統一-中壢,2024-09-16,5853
9924,福興,11,1,10,統一-中壢,2024-09-16,5853
0056,元大高股息,10,0,10,統一-中壢,2024-09-16,5853
00713,元大台灣高息低波,9,0,9,統一-中壢,2024-09-16,5853
00885,富邦越南,9,0,9,統一-中壢,2024-09-16,5853
2062,橋椿,12,3,9,統一-中壢,2024-09-16,5853
3523,迎輝,9,0,9,統一-中壢,2024-09-16,5853
1301,台塑,18,9,9,統一-中壢,2024-09-16,5853
00934,中信成長高股息,8,1,7,統一-中壢,2024-09-16,5853
3231,緯創,8,1,7,統一-中壢,2024-09-16,5853
3189,景碩,7,0,7,統一-中壢,2024-09-16,5853
00935,野村臺灣新科技50,7,1,6,統一-中壢,2024-09-16,5853
1815,富喬,14,8,6,統一-中壢,2024-09-16,5853
1303,南亞,6,0,6,統一-中壢,2024-09-16,5853
00933B,國泰10Y+金融債,10,4,6,統一-中壢,2024-09-16,5853
2888,新光金,574,187,387,統一-中壢,2024-09-18,5853
2486,一詮,337,21,316,統一-中壢,2024-09-18,5853
00919,群益台灣精選高息,247,13,234,統一-中壢,2024-09-18,5853
00945B,凱基美國非投等債,150,0,150,統一-中壢,2024-09-18,5853
00929,復華台灣科技優息,146,2,144,統一-中壢,2024-09-18,5853
00632R,元大台灣50反1,123,49,74,統一-中壢,2024-09-18,5853
00946,群益科技高息成長,117,52,65,統一-中壢,2024-09-18,5853
3481,群創,63,1,62,統一-中壢,2024-09-18,5853
00679B,元大美債20年,100,50,50,統一-中壢,2024-09-18,5853
8110,華東,80,30,50,統一-中壢,2024-09-18,5853
2317,鴻海,57,7,50,統一-中壢,2024-09-18,5853
00915,凱基優選高股息30,70,21,49,統一-中壢,2024-09-18,5853
00712,復華富時不動產,51,10,41,統一-中壢,2024-09-18,5853
2367,燿華,40,0,40,統一-中壢,2024-09-18,5853
00687B,國泰20年美債,54,15,39,統一-中壢,2024-09-18,5853
00923,群益台ESG低碳50,37,0,37,統一-中壢,2024-09-18,5853
2425,承啟,40,8,32,統一-中壢,2024-09-18,5853
00795B,中信美國公債20年,30,0,30,統一-中壢,2024-09-18,5853
2409,友達,30,0,30,統一-中壢,2024-09-18,5853
3294,英濟,20,0,20,統一-中壢,2024-09-18,5853
1301,台塑,21,2,19,統一-中壢,2024-09-18,5853
2303,聯電,18,0,18,統一-中壢,2024-09-18,5853
1101,台泥,18,0,18,統一-中壢,2024-09-18,5853
2344,華邦電,18,0,18,統一-中壢,2024-09-18,5853
2313,華通,27,10,17,統一-中壢,2024-09-18,5853
00830,國泰費城半導體,17,0,17,統一-中壢,2024-09-18,5853
2356,英業達,21,4,17,統一-中壢,2024-09-18,5853
2887,台新金,16,0,16,統一-中壢,2024-09-18,5853
00943,兆豐電子高息等權,16,0,16,統一-中壢,2024-09-18,5853
3406,玉晶光,15,0,15,統一-中壢,2024-09-18,5853
00918,大華優利高填息30,50,35,15,統一-中壢,2024-09-18,5853
1514,亞力,23,8,15,統一-中壢,2024-09-18,5853
00937B,群益ESG投等債20,124,109,15,統一-中壢,2024-09-18,5853
00949,復華日本龍頭,15,0,15,統一-中壢,2024-09-18,5853
2885,元大金,18,4,14,統一-中壢,2024-09-18,5853
00930,永豐ESG低碳高息,14,0,14,統一-中壢,2024-09-18,5853
00958B,永豐ESG銀行債15,24,10,14,統一-中壢,2024-09-18,5853
3234,光環,16,2,14,統一-中壢,2024-09-18,5853
00948B,中信優息投資級債,15,2,13,統一-中壢,2024-09-18,5853
00959B,大華投等美債15Y+,16,3,13,統一-中壢,2024-09-18,5853
006208,富邦台50,13,0,13,統一-中壢,2024-09-18,5853
4958,臻鼎-KY,12,0,12,統一-中壢,2024-09-18,5853
8104,錸寶,18,6,12,統一-中壢,2024-09-18,5853
3550,聯穎,22,11,11,統一-中壢,2024-09-18,5853
9911,櫻花,11,0,11,統一-中壢,2024-09-18,5853
2845,遠東銀,11,0,11,統一-中壢,2024-09-18,5853
1605,華新,10,0,10,統一-中壢,2024-09-18,5853
6140,訊達,10,0,10,統一-中壢,2024-09-18,5853
2027,大成鋼,10,0,10,統一-中壢,2024-09-18,5853
2501,國建,10,0,10,統一-中壢,2024-09-18,5853
00958B,永豐ESG銀行債15,990,124,866,統一-中壢,2024-09-19,5853
00679B,元大美債20年,411,5,406,統一-中壢,2024-09-19,5853
00687B,國泰20年美債,388,9,379,統一-中壢,2024-09-19,5853
00680L,元大美債20正2,355,50,305,統一-中壢,2024-09-19,5853
00919,群益台灣精選高息,226,36,190,統一-中壢,2024-09-19,5853
2313,華通,124,2,122,統一-中壢,2024-09-19,5853
00937B,群益ESG投等債20,107,2,105,統一-中壢,2024-09-19,5853
00632R,元大台灣50反1,135,44,91,統一-中壢,2024-09-19,5853
00949,復華日本龍頭,50,12,38,統一-中壢,2024-09-19,5853
00915,凱基優選高股息30,38,2,36,統一-中壢,2024-09-19,5853
2504,國產,33,0,33,統一-中壢,2024-09-19,5853
2891,中信金,57,27,30,統一-中壢,2024-09-19,5853
2537,聯上發,31,2,29,統一-中壢,2024-09-19,5853
00795B,中信美國公債20年,42,13,29,統一-中壢,2024-09-19,5853
00688L,國泰20年美債正2,32,7,25,統一-中壢,2024-09-19,5853
3050,鈺德,25,0,25,統一-中壢,2024-09-19,5853
4303,信立,25,0,25,統一-中壢,2024-09-19,5853
2888,新光金,48,23,25,統一-中壢,2024-09-19,5853
00929,復華台灣科技優息,150,126,24,統一-中壢,2024-09-19,5853
3218,大學光,20,0,20,統一-中壢,2024-09-19,5853
5512,力麒,20,0,20,統一-中壢,2024-09-19,5853
3163,波若威,24,5,19,統一-中壢,2024-09-19,5853
6288,聯嘉,23,5,18,統一-中壢,2024-09-19,5853
3481,群創,34,20,14,統一-中壢,2024-09-19,5853
6134,萬旭,12,0,12,統一-中壢,2024-09-19,5853
4526,東台,15,4,11,統一-中壢,2024-09-19,5853
00952,凱基台灣AI50,11,0,11,統一-中壢,2024-09-19,5853
2881,富邦金,14,4,10,統一-中壢,2024-09-19,5853
1434,福懋,10,0,10,統一-中壢,2024-09-19,5853
1514,亞力,13,3,10,統一-中壢,2024-09-19,5853
3033,威健,10,0,10,統一-中壢,2024-09-19,5853
4109,加捷生醫,10,0,10,統一-中壢,2024-09-19,5853
4561,健椿,12,2,10,統一-中壢,2024-09-19,5853
6140,訊達,10,0,10,統一-中壢,2024-09-19,5853
4958,臻鼎-KY,8,0,8,統一-中壢,2024-09-19,5853
6113,亞矽,8,0,8,統一-中壢,2024-09-19,5853
2317,鴻海,17,10,7,統一-中壢,2024-09-19,5853
00931B,統一美債20年,7,0,7,統一-中壢,2024-09-19,5853
00930,永豐ESG低碳高息,7,0,7,統一-中壢,2024-09-19,5853
2367,燿華,8,1,7,統一-中壢,2024-09-19,5853
2520,冠德,7,0,7,統一-中壢,2024-09-19,5853
6806,森崴能源,8,1,7,統一-中壢,2024-09-19,5853
00946,群益科技高息成長,6,0,6,統一-中壢,2024-09-19,5853
2349,錸德,101,95,6,統一-中壢,2024-09-19,5853
2374,佳能,8,2,6,統一-中壢,2024-09-19,5853
6416,瑞祺電通,6,0,6,統一-中壢,2024-09-19,5853
8096,擎亞,7,1,6,統一-中壢,2024-09-19,5853
3211,順達,6,0,6,統一-中壢,2024-09-19,5853
2610,華航,5,0,5,統一-中壢,2024-09-19,5853
8440,綠電,5,0,5,統一-中壢,2024-09-19,5853
00919,群益台灣精選高息,217,5,212,統一-中壢,2024-09-20,5853
00632R,元大台灣50反1,180,12,168,統一-中壢,2024-09-20,5853
00637L,元大滬深300正2,115,0,115,統一-中壢,2024-09-20,5853
00680L,元大美債20正2,111,0,111,統一-中壢,2024-09-20,5853
2515,中工,104,5,99,統一-中壢,2024-09-20,5853
2313,華通,99,13,86,統一-中壢,2024-09-20,5853
2542,興富發,76,5,71,統一-中壢,2024-09-20,5853
9945,潤泰新,74,6,68,統一-中壢,2024-09-20,5853
2399,映泰,150,87,63,統一-中壢,2024-09-20,5853
2349,錸德,57,0,57,統一-中壢,2024-09-20,5853
3047,訊舟,53,1,52,統一-中壢,2024-09-20,5853
006208,富邦台50,69,19,50,統一-中壢,2024-09-20,5853
8027,鈦昇,49,0,49,統一-中壢,2024-09-20,5853
00952,凱基台灣AI50,46,0,46,統一-中壢,2024-09-20,5853
6223,旺矽,40,0,40,統一-中壢,2024-09-20,5853
00878,國泰永續高股息,44,4,40,統一-中壢,2024-09-20,5853
00679B,元大美債20年,41,6,35,統一-中壢,2024-09-20,5853
00940,元大台灣價值高息,44,10,34,統一-中壢,2024-09-20,5853
3062,建漢,34,11,23,統一-中壢,2024-09-20,5853
2303,聯電,41,19,22,統一-中壢,2024-09-20,5853
00947,台新臺灣IC設計,21,0,21,統一-中壢,2024-09-20,5853
8011,台通,23,2,21,統一-中壢,2024-09-20,5853
2832,台產,20,0,20,統一-中壢,2024-09-20,5853
5512,力麒,20,0,20,統一-中壢,2024-09-20,5853
3019,亞光,34,14,20,統一-中壢,2024-09-20,5853
8071,能率網通,22,4,18,統一-中壢,2024-09-20,5853
0056,元大高股息,20,2,18,統一-中壢,2024-09-20,5853
2022,聚亨,20,4,16,統一-中壢,2024-09-20,5853
5243,乙盛-KY,16,0,16,統一-中壢,2024-09-20,5853
00958B,永豐ESG銀行債15,15,0,15,統一-中壢,2024-09-20,5853
2002,中鋼,14,1,13,統一-中壢,2024-09-20,5853
00688L,國泰20年美債正2,12,0,12,統一-中壢,2024-09-20,5853
1802,台玻,12,0,12,統一-中壢,2024-09-20,5853
5438,東友,13,2,11,統一-中壢,2024-09-20,5853
00830,國泰費城半導體,31,20,11,統一-中壢,2024-09-20,5853
4903,聯光通,22,11,11,統一-中壢,2024-09-20,5853
4909,新復興,16,6,10,統一-中壢,2024-09-20,5853
00948B,中信優息投資級債,10,0,10,統一-中壢,2024-09-20,5853
3294,英濟,10,0,10,統一-中壢,2024-09-20,5853
6140,訊達,10,0,10,統一-中壢,2024-09-20,5853
3189,景碩,14,4,10,統一-中壢,2024-09-20,5853
3390,旭軟,11,2,9,統一-中壢,2024-09-20,5853
00932,兆豐永續高息等權,8,0,8,統一-中壢,2024-09-20,5853
4770,上品,8,0,8,統一-中壢,2024-09-20,5853
00939,統一台灣高息動能,11,3,8,統一-中壢,2024-09-20,5853
8043,蜜望實,8,0,8,統一-中壢,2024-09-20,5853
8374,羅昇,10,2,8,統一-中壢,2024-09-20,5853
0050,元大台灣50,12,5,7,統一-中壢,2024-09-20,5853
1785,光洋科,28,21,7,統一-中壢,2024-09-20,5853
1301,台塑,8,1,7,統一-中壢,2024-09-20,5853
2515,中工,105,0,105,統一-中壢,2024-09-23,5853
00706L,期元大S＆P日圓正2,100,0,100,統一-中壢,2024-09-23,5853
00795B,中信美國公債20年,67,0,67,統一-中壢,2024-09-23,5853
3149,正達,64,4,60,統一-中壢,2024-09-23,5853
2891,中信金,87,33,54,統一-中壢,2024-09-23,5853
6405,悅城,50,2,48,統一-中壢,2024-09-23,5853
8027,鈦昇,63,15,48,統一-中壢,2024-09-23,5853
3047,訊舟,48,2,46,統一-中壢,2024-09-23,5853
1514,亞力,48,6,42,統一-中壢,2024-09-23,5853
00664R,國泰臺灣加權反1,30,0,30,統一-中壢,2024-09-23,5853
00688L,國泰20年美債正2,38,10,28,統一-中壢,2024-09-23,5853
3481,群創,26,0,26,統一-中壢,2024-09-23,5853
00960,野村全球航運龍頭,30,5,25,統一-中壢,2024-09-23,5853
2101,南港,30,7,23,統一-中壢,2024-09-23,5853
6182,合晶,23,0,23,統一-中壢,2024-09-23,5853
4958,臻鼎-KY,22,0,22,統一-中壢,2024-09-23,5853
00948B,中信優息投資級債,21,0,21,統一-中壢,2024-09-23,5853
4956,光鋐,20,0,20,統一-中壢,2024-09-23,5853
1717,長興,25,6,19,統一-中壢,2024-09-23,5853
2630,亞航,21,2,19,統一-中壢,2024-09-23,5853
2425,承啟,22,4,18,統一-中壢,2024-09-23,5853
9945,潤泰新,27,9,18,統一-中壢,2024-09-23,5853
8011,台通,17,0,17,統一-中壢,2024-09-23,5853
00937B,群益ESG投等債20,26,10,16,統一-中壢,2024-09-23,5853
2495,普安,16,1,15,統一-中壢,2024-09-23,5853
4563,百德,16,1,15,統一-中壢,2024-09-23,5853
9105,泰金寶-DR,20,5,15,統一-中壢,2024-09-23,5853
8374,羅昇,15,1,14,統一-中壢,2024-09-23,5853
00885,富邦越南,14,1,13,統一-中壢,2024-09-23,5853
9927,泰銘,17,4,13,統一-中壢,2024-09-23,5853
3189,景碩,13,1,12,統一-中壢,2024-09-23,5853
2399,映泰,25,14,11,統一-中壢,2024-09-23,5853
5009,榮剛,11,0,11,統一-中壢,2024-09-23,5853
6788,華景電,11,0,11,統一-中壢,2024-09-23,5853
00932,兆豐永續高息等權,10,0,10,統一-中壢,2024-09-23,5853
1504,東元,10,0,10,統一-中壢,2024-09-23,5853
2362,藍天,10,0,10,統一-中壢,2024-09-23,5853
4711,永純,10,0,10,統一-中壢,2024-09-23,5853
6163,華電網,10,0,10,統一-中壢,2024-09-23,5853
6706,惠特,13,3,10,統一-中壢,2024-09-23,5853
8104,錸寶,10,0,10,統一-中壢,2024-09-23,5853
00687B,國泰20年美債,49,40,9,統一-中壢,2024-09-23,5853
2520,冠德,21,12,9,統一-中壢,2024-09-23,5853
2916,滿心,10,1,9,統一-中壢,2024-09-23,5853
2464,盟立,12,3,9,統一-中壢,2024-09-23,5853
3714,富采,19,10,9,統一-中壢,2024-09-23,5853
2353,宏��,8,0,8,統一-中壢,2024-09-23,5853
2413,環科,12,4,8,統一-中壢,2024-09-23,5853
2528,皇普,8,0,8,統一-中壢,2024-09-23,5853
2539,櫻花建,8,0,8,統一-中壢,2024-09-23,5853
2367,燿華,119,1,118,統一-中壢,2024-09-24,5853
6143,振曜,116,0,116,統一-中壢,2024-09-24,5853
2313,華通,104,3,101,統一-中壢,2024-09-24,5853
3149,正達,103,58,45,統一-中壢,2024-09-24,5853
2442,新美齊,38,0,38,統一-中壢,2024-09-24,5853
8374,羅昇,35,2,33,統一-中壢,2024-09-24,5853
00679B,元大美債20年,37,7,30,統一-中壢,2024-09-24,5853
00751B,元大AAA至A公司債,31,1,30,統一-中壢,2024-09-24,5853
8086,宏捷科,32,2,30,統一-中壢,2024-09-24,5853
2606,裕民,30,2,28,統一-中壢,2024-09-24,5853
6446,藥華藥,30,3,27,統一-中壢,2024-09-24,5853
00929,復華台灣科技優息,30,3,27,統一-中壢,2024-09-24,5853
00882,中信中國高股息,56,30,26,統一-中壢,2024-09-24,5853
2891,中信金,52,26,26,統一-中壢,2024-09-24,5853
00885,富邦越南,25,0,25,統一-中壢,2024-09-24,5853
1514,亞力,25,0,25,統一-中壢,2024-09-24,5853
2408,南亞科,24,0,24,統一-中壢,2024-09-24,5853
00952,凱基台灣AI50,20,0,20,統一-中壢,2024-09-24,5853
2349,錸德,25,5,20,統一-中壢,2024-09-24,5853
00795B,中信美國公債20年,19,0,19,統一-中壢,2024-09-24,5853
2630,亞航,20,1,19,統一-中壢,2024-09-24,5853
2605,新興,18,0,18,統一-中壢,2024-09-24,5853
2834,臺企銀,20,2,18,統一-中壢,2024-09-24,5853
1584,精剛,31,15,16,統一-中壢,2024-09-24,5853
00715L,期街口布蘭特正2,28,12,16,統一-中壢,2024-09-24,5853
3363,上詮,32,16,16,統一-中壢,2024-09-24,5853
00926,凱基全球菁英55,16,0,16,統一-中壢,2024-09-24,5853
00687B,國泰20年美債,16,0,16,統一-中壢,2024-09-24,5853
3624,光頡,15,0,15,統一-中壢,2024-09-24,5853
9927,泰銘,15,0,15,統一-中壢,2024-09-24,5853
3605,宏致,14,0,14,統一-中壢,2024-09-24,5853
00940,元大台灣價值高息,26,13,13,統一-中壢,2024-09-24,5853
00881,國泰台灣5G+,18,6,12,統一-中壢,2024-09-24,5853
00919,群益台灣精選高息,47,35,12,統一-中壢,2024-09-24,5853
00951,台新日本半導體,11,0,11,統一-中壢,2024-09-24,5853
1727,中華化,13,2,11,統一-中壢,2024-09-24,5853
2399,映泰,31,20,11,統一-中壢,2024-09-24,5853
2542,興富發,11,0,11,統一-中壢,2024-09-24,5853
2610,華航,14,3,11,統一-中壢,2024-09-24,5853
3615,安可,11,0,11,統一-中壢,2024-09-24,5853
8064,東捷,12,1,11,統一-中壢,2024-09-24,5853
3056,富華新,11,0,11,統一-中壢,2024-09-24,5853
3013,晟銘電,53,43,10,統一-中壢,2024-09-24,5853
00927,群益半導體收益,10,0,10,統一-中壢,2024-09-24,5853
1709,和益,10,0,10,統一-中壢,2024-09-24,5853
2537,聯上發,10,0,10,統一-中壢,2024-09-24,5853
3520,華盈,10,0,10,統一-中壢,2024-09-24,5853
5302,太欣,10,0,10,統一-中壢,2024-09-24,5853
8033,雷虎,10,0,10,統一-中壢,2024-09-24,5853
00712,復華富時不動產,10,0,10,統一-中壢,2024-09-24,5853
00753L,中信中國50正2,341,44,297,統一-中壢,2024-09-25,5853
00882,中信中國高股息,315,46,269,統一-中壢,2024-09-25,5853
00632R,元大台灣50反1,278,60,218,統一-中壢,2024-09-25,5853
00929,復華台灣科技優息,230,17,213,統一-中壢,2024-09-25,5853
2313,華通,144,28,116,統一-中壢,2024-09-25,5853
3049,精金,110,0,110,統一-中壢,2024-09-25,5853
3481,群創,110,3,107,統一-中壢,2024-09-25,5853
00665L,富邦�琤肭磪囓�2,967,865,102,統一-中壢,2024-09-25,5853
2367,燿華,128,48,80,統一-中壢,2024-09-25,5853
00679B,元大美債20年,85,9,76,統一-中壢,2024-09-25,5853
00687B,國泰20年美債,74,5,69,統一-中壢,2024-09-25,5853
4903,聯光通,83,21,62,統一-中壢,2024-09-25,5853
00945B,凱基美國非投等債,50,0,50,統一-中壢,2024-09-25,5853
00953B,群益優選非投等債,50,0,50,統一-中壢,2024-09-25,5853
2890,永豐金,51,1,50,統一-中壢,2024-09-25,5853
8111,立��,97,50,47,統一-中壢,2024-09-25,5853
2891,中信金,73,28,45,統一-中壢,2024-09-25,5853
6143,振曜,51,20,31,統一-中壢,2024-09-25,5853
3715,定穎投控,52,26,26,統一-中壢,2024-09-25,5853
2353,宏��,52,28,24,統一-中壢,2024-09-25,5853
2399,映泰,46,23,23,統一-中壢,2024-09-25,5853
2442,新美齊,21,0,21,統一-中壢,2024-09-25,5853
00795B,中信美國公債20年,24,4,20,統一-中壢,2024-09-25,5853
00948B,中信優息投資級債,20,0,20,統一-中壢,2024-09-25,5853
9927,泰銘,20,0,20,統一-中壢,2024-09-25,5853
4716,大立,20,2,18,統一-中壢,2024-09-25,5853
4979,華星光,54,36,18,統一-中壢,2024-09-25,5853
00918,大華優利高填息30,17,0,17,統一-中壢,2024-09-25,5853
6274,台燿,22,5,17,統一-中壢,2024-09-25,5853
1721,三晃,17,0,17,統一-中壢,2024-09-25,5853
2888,新光金,30,13,17,統一-中壢,2024-09-25,5853
006208,富邦台50,18,2,16,統一-中壢,2024-09-25,5853
3622,洋華,28,14,14,統一-中壢,2024-09-25,5853
2409,友達,16,3,13,統一-中壢,2024-09-25,5853
00958B,永豐ESG銀行債15,13,0,13,統一-中壢,2024-09-25,5853
2388,威盛,20,8,12,統一-中壢,2024-09-25,5853
8105,凌巨,18,6,12,統一-中壢,2024-09-25,5853
00675L,富邦臺灣加權正2,11,0,11,統一-中壢,2024-09-25,5853
2472,立隆電,11,0,11,統一-中壢,2024-09-25,5853
3673,TPK-KY,12,1,11,統一-中壢,2024-09-25,5853
8070,長華*,17,6,11,統一-中壢,2024-09-25,5853
3149,正達,15,5,10,統一-中壢,2024-09-25,5853
00915,凱基優選高股息30,10,0,10,統一-中壢,2024-09-25,5853
3163,波若威,12,2,10,統一-中壢,2024-09-25,5853
4532,瑞智,10,0,10,統一-中壢,2024-09-25,5853
5439,高技,10,0,10,統一-中壢,2024-09-25,5853
6163,華電網,10,0,10,統一-中壢,2024-09-25,5853
3037,欣興,11,1,10,統一-中壢,2024-09-25,5853
00932,兆豐永續高息等權,10,0,10,統一-中壢,2024-09-25,5853
3550,聯穎,14,5,9,統一-中壢,2024-09-25,5853
00632R,元大台灣50反1,310,24,286,統一-中壢,2024-09-26,5853
00679B,元大美債20年,204,4,200,統一-中壢,2024-09-26,5853
2615,萬海,176,56,120,統一-中壢,2024-09-26,5853
00937B,群益ESG投等債20,122,21,101,統一-中壢,2024-09-26,5853
00715L,期街口布蘭特正2,54,0,54,統一-中壢,2024-09-26,5853
2349,錸德,63,11,52,統一-中壢,2024-09-26,5853
00959B,大華投等美債15Y+,51,0,51,統一-中壢,2024-09-26,5853
2409,友達,77,26,51,統一-中壢,2024-09-26,5853
00953B,群益優選非投等債,50,0,50,統一-中壢,2024-09-26,5853
1808,潤隆,51,1,50,統一-中壢,2024-09-26,5853
00795B,中信美國公債20年,42,1,41,統一-中壢,2024-09-26,5853
2486,一詮,61,20,41,統一-中壢,2024-09-26,5853
00687B,國泰20年美債,54,15,39,統一-中壢,2024-09-26,5853
2344,華邦電,38,1,37,統一-中壢,2024-09-26,5853
00905,FT臺灣Smart,35,0,35,統一-中壢,2024-09-26,5853
4903,聯光通,34,1,33,統一-中壢,2024-09-26,5853
2605,新興,31,0,31,統一-中壢,2024-09-26,5853
8071,能率網通,33,2,31,統一-中壢,2024-09-26,5853
2353,宏��,70,46,24,統一-中壢,2024-09-26,5853
2327,國巨,24,2,22,統一-中壢,2024-09-26,5853
00960,野村全球航運龍頭,24,2,22,統一-中壢,2024-09-26,5853
00948B,中信優息投資級債,30,10,20,統一-中壢,2024-09-26,5853
00720B,元大投資級公司債,19,0,19,統一-中壢,2024-09-26,5853
2312,金寶,20,2,18,統一-中壢,2024-09-26,5853
00712,復華富時不動產,17,0,17,統一-中壢,2024-09-26,5853
00786B,元大10年IG銀行債,17,0,17,統一-中壢,2024-09-26,5853
8110,華東,22,5,17,統一-中壢,2024-09-26,5853
2401,凌陽,17,1,16,統一-中壢,2024-09-26,5853
3390,旭軟,16,0,16,統一-中壢,2024-09-26,5853
00952,凱基台灣AI50,15,0,15,統一-中壢,2024-09-26,5853
2915,潤泰全,15,0,15,統一-中壢,2024-09-26,5853
3663,鑫科,28,13,15,統一-中壢,2024-09-26,5853
4576,大銀微系統,15,0,15,統一-中壢,2024-09-26,5853
00690,兆豐藍籌30,15,0,15,統一-中壢,2024-09-26,5853
1540,喬福,20,7,13,統一-中壢,2024-09-26,5853
3260,威剛,17,5,12,統一-中壢,2024-09-26,5853
6217,中探針,12,0,12,統一-中壢,2024-09-26,5853
2388,威盛,28,16,12,統一-中壢,2024-09-26,5853
00857B,永豐20年美公債,11,0,11,統一-中壢,2024-09-26,5853
4566,時碩工業,20,9,11,統一-中壢,2024-09-26,5853
4956,光鋐,11,0,11,統一-中壢,2024-09-26,5853
1314,中石化,10,0,10,統一-中壢,2024-09-26,5853
1326,台化,10,0,10,統一-中壢,2024-09-26,5853
3264,欣銓,10,0,10,統一-中壢,2024-09-26,5853
3710,連展投控,10,0,10,統一-中壢,2024-09-26,5853
6134,萬旭,10,0,10,統一-中壢,2024-09-26,5853
6176,瑞儀,10,0,10,統一-中壢,2024-09-26,5853
6189,豐藝,11,1,10,統一-中壢,2024-09-26,5853
2354,鴻準,14,4,10,統一-中壢,2024-09-26,5853
1504,東元,10,1,9,統一-中壢,2024-09-26,5853
00687B,國泰20年美債,179,0,179,統一-中壢,2024-09-27,5853
00715L,期街口布蘭特正2,136,0,136,統一-中壢,2024-09-27,5853
2371,大同,106,3,103,統一-中壢,2024-09-27,5853
00882,中信中國高股息,108,27,81,統一-中壢,2024-09-27,5853
0056,元大高股息,100,19,81,統一-中壢,2024-09-27,5853
00945B,凱基美國非投等債,55,0,55,統一-中壢,2024-09-27,5853
2023,燁輝,50,0,50,統一-中壢,2024-09-27,5853
2349,錸德,47,0,47,統一-中壢,2024-09-27,5853
00931B,統一美債20年,45,0,45,統一-中壢,2024-09-27,5853
00937B,群益ESG投等債20,49,5,44,統一-中壢,2024-09-27,5853
8028,昇陽半導體,55,11,44,統一-中壢,2024-09-27,5853
2327,國巨,41,0,41,統一-中壢,2024-09-27,5853
00752,中信中國50,50,12,38,統一-中壢,2024-09-27,5853
00632R,元大台灣50反1,80,45,35,統一-中壢,2024-09-27,5853
2610,華航,33,4,29,統一-中壢,2024-09-27,5853
00642U,期元大S＆P石油,28,0,28,統一-中壢,2024-09-27,5853
00679B,元大美債20年,53,26,27,統一-中壢,2024-09-27,5853
00960,野村全球航運龍頭,24,0,24,統一-中壢,2024-09-27,5853
00795B,中信美國公債20年,27,3,24,統一-中壢,2024-09-27,5853
1609,大亞,31,8,23,統一-中壢,2024-09-27,5853
00948B,中信優息投資級債,21,0,21,統一-中壢,2024-09-27,5853
00772B,中信高評級公司債,23,3,20,統一-中壢,2024-09-27,5853
4534,慶騰,20,0,20,統一-中壢,2024-09-27,5853
4716,大立,21,1,20,統一-中壢,2024-09-27,5853
1313,聯成,30,11,19,統一-中壢,2024-09-27,5853
2363,矽統,43,24,19,統一-中壢,2024-09-27,5853
00720B,元大投資級公司債,17,0,17,統一-中壢,2024-09-27,5853
2367,燿華,30,13,17,統一-中壢,2024-09-27,5853
2401,凌陽,18,1,17,統一-中壢,2024-09-27,5853
3363,上詮,63,46,17,統一-中壢,2024-09-27,5853
3694,海華,17,0,17,統一-中壢,2024-09-27,5853
4979,華星光,95,78,17,統一-中壢,2024-09-27,5853
3019,亞光,17,2,15,統一-中壢,2024-09-27,5853
3022,威強電,15,0,15,統一-中壢,2024-09-27,5853
3715,定穎投控,22,7,15,統一-中壢,2024-09-27,5853
00894,中信小資高價30,14,0,14,統一-中壢,2024-09-27,5853
6179,亞通,17,3,14,統一-中壢,2024-09-27,5853
00713,元大台灣高息低波,14,0,14,統一-中壢,2024-09-27,5853
00929,復華台灣科技優息,52,38,14,統一-中壢,2024-09-27,5853
2884,玉山金,13,0,13,統一-中壢,2024-09-27,5853
4542,科嶠,15,2,13,統一-中壢,2024-09-27,5853
6104,創惟,14,1,13,統一-中壢,2024-09-27,5853
6125,廣運,13,0,13,統一-中壢,2024-09-27,5853
6217,中探針,16,3,13,統一-中壢,2024-09-27,5853
2408,南亞科,28,16,12,統一-中壢,2024-09-27,5853
1540,喬福,12,0,12,統一-中壢,2024-09-27,5853
2392,正崴,13,1,12,統一-中壢,2024-09-27,5853
5014,建錩,12,0,12,統一-中壢,2024-09-27,5853
6274,台燿,14,2,12,統一-中壢,2024-09-27,5853
3163,波若威,26,14,12,統一-中壢,2024-09-27,5853
00948B,中信優息投資級債,136,0,136,統一-中壢,2024-09-30,5853
00940,元大台灣價值高息,168,34,134,統一-中壢,2024-09-30,5853
00929,復華台灣科技優息,137,5,132,統一-中壢,2024-09-30,5853
00945B,凱基美國非投等債,101,0,101,統一-中壢,2024-09-30,5853
00937B,群益ESG投等債20,95,0,95,統一-中壢,2024-09-30,5853
00725B,國泰投資級公司債,90,0,90,統一-中壢,2024-09-30,5853
00918,大華優利高填息30,71,0,71,統一-中壢,2024-09-30,5853
2002,中鋼,82,15,67,統一-中壢,2024-09-30,5853
00715L,期街口布蘭特正2,70,7,63,統一-中壢,2024-09-30,5853
00637L,元大滬深300正2,414,357,57,統一-中壢,2024-09-30,5853
2605,新興,52,2,50,統一-中壢,2024-09-30,5853
00679B,元大美債20年,49,5,44,統一-中壢,2024-09-30,5853
2609,陽明,62,23,39,統一-中壢,2024-09-30,5853
2615,萬海,48,12,36,統一-中壢,2024-09-30,5853
00946,群益科技高息成長,34,0,34,統一-中壢,2024-09-30,5853
00878,國泰永續高股息,43,12,31,統一-中壢,2024-09-30,5853
2357,華碩,25,0,25,統一-中壢,2024-09-30,5853
3037,欣興,25,1,24,統一-中壢,2024-09-30,5853
2353,宏��,29,5,24,統一-中壢,2024-09-30,5853
3481,群創,74,51,23,統一-中壢,2024-09-30,5853
2327,國巨,22,0,22,統一-中壢,2024-09-30,5853
00891,中信關鍵半導體,20,0,20,統一-中壢,2024-09-30,5853
00952,凱基台灣AI50,20,0,20,統一-中壢,2024-09-30,5853
2801,彰銀,17,1,16,統一-中壢,2024-09-30,5853
1802,台玻,36,20,16,統一-中壢,2024-09-30,5853
2489,瑞軒,24,8,16,統一-中壢,2024-09-30,5853
2845,遠東銀,15,0,15,統一-中壢,2024-09-30,5853
00960,野村全球航運龍頭,15,1,14,統一-中壢,2024-09-30,5853
2641,正德,15,2,13,統一-中壢,2024-09-30,5853
2330,台積電,19,6,13,統一-中壢,2024-09-30,5853
2603,長榮,18,6,12,統一-中壢,2024-09-30,5853
0050,元大台灣50,15,2,13,統一-中壢,2024-09-30,5853
8028,昇陽半導體,39,27,12,統一-中壢,2024-09-30,5853
2014,中鴻,63,52,11,統一-中壢,2024-09-30,5853
00881,國泰台灣5G+,12,1,11,統一-中壢,2024-09-30,5853
1904,正隆,11,0,11,統一-中壢,2024-09-30,5853
2303,聯電,15,4,11,統一-中壢,2024-09-30,5853
00675L,富邦臺灣加權正2,10,0,10,統一-中壢,2024-09-30,5853
1101,台泥,28,18,10,統一-中壢,2024-09-30,5853
2020,美亞,10,0,10,統一-中壢,2024-09-30,5853
3545,敦泰,12,2,10,統一-中壢,2024-09-30,5853
3631,晟楠,10,0,10,統一-中壢,2024-09-30,5853
4526,東台,10,0,10,統一-中壢,2024-09-30,5853
5521,工信,10,0,10,統一-中壢,2024-09-30,5853
6530,創威,12,3,9,統一-中壢,2024-09-30,5853
00934,中信成長高股息,11,2,9,統一-中壢,2024-09-30,5853
00712,復華富時不動產,11,2,9,統一-中壢,2024-09-30,5853
4906,正文,8,0,8,統一-中壢,2024-09-30,5853
3711,日月光投控,8,0,8,統一-中壢,2024-09-30,5853
00922,國泰台灣領袖50,8,0,8,統一-中壢,2024-09-30,5853
00753L,中信中國50正2,392,20,372,統一-中壢,2024-10-01,5853
00665L,富邦�琤肭磪囓�2,242,26,216,統一-中壢,2024-10-01,5853
00878,國泰永續高股息,162,0,162,統一-中壢,2024-10-01,5853
00929,復華台灣科技優息,78,0,78,統一-中壢,2024-10-01,5853
2367,燿華,60,0,60,統一-中壢,2024-10-01,5853
00725B,國泰投資級公司債,60,3,57,統一-中壢,2024-10-01,5853
2618,長榮航,52,17,35,統一-中壢,2024-10-01,5853
2605,新興,34,3,31,統一-中壢,2024-10-01,5853
00712,復華富時不動產,33,2,31,統一-中壢,2024-10-01,5853
3049,精金,30,0,30,統一-中壢,2024-10-01,5853
00922,國泰台灣領袖50,29,0,29,統一-中壢,2024-10-01,5853
00751B,元大AAA至A公司債,28,0,28,統一-中壢,2024-10-01,5853
0056,元大高股息,26,0,26,統一-中壢,2024-10-01,5853
00679B,元大美債20年,34,10,24,統一-中壢,2024-10-01,5853
2362,藍天,25,1,24,統一-中壢,2024-10-01,5853
2371,大同,28,4,24,統一-中壢,2024-10-01,5853
00915,凱基優選高股息30,23,0,23,統一-中壢,2024-10-01,5853
00923,群益台ESG低碳50,21,0,21,統一-中壢,2024-10-01,5853
00680L,元大美債20正2,21,0,21,統一-中壢,2024-10-01,5853
00948B,中信優息投資級債,20,0,20,統一-中壢,2024-10-01,5853
00715L,期街口布蘭特正2,25,6,19,統一-中壢,2024-10-01,5853
006208,富邦台50,19,0,19,統一-中壢,2024-10-01,5853
00940,元大台灣價值高息,20,2,18,統一-中壢,2024-10-01,5853
1504,東元,18,0,18,統一-中壢,2024-10-01,5853
3481,群創,18,1,17,統一-中壢,2024-10-01,5853
2455,全新,35,19,16,統一-中壢,2024-10-01,5853
00713,元大台灣高息低波,16,0,16,統一-中壢,2024-10-01,5853
00927,群益半導體收益,15,0,15,統一-中壢,2024-10-01,5853
4716,大立,15,0,15,統一-中壢,2024-10-01,5853
2409,友達,14,0,14,統一-中壢,2024-10-01,5853
2888,新光金,30,16,14,統一-中壢,2024-10-01,5853
2891,中信金,14,1,13,統一-中壢,2024-10-01,5853
1301,台塑,13,1,12,統一-中壢,2024-10-01,5853
2327,國巨,12,0,12,統一-中壢,2024-10-01,5853
2637,慧洋-KY,15,3,12,統一-中壢,2024-10-01,5853
2365,昆盈,12,1,11,統一-中壢,2024-10-01,5853
2449,京元電子,15,4,11,統一-中壢,2024-10-01,5853
6443,元晶,14,3,11,統一-中壢,2024-10-01,5853
00919,群益台灣精選高息,51,40,11,統一-中壢,2024-10-01,5853
00937B,群益ESG投等債20,28,18,10,統一-中壢,2024-10-01,5853
2441,超豐,10,0,10,統一-中壢,2024-10-01,5853
2911,麗嬰房,10,0,10,統一-中壢,2024-10-01,5853
3044,健鼎,15,5,10,統一-中壢,2024-10-01,5853
3499,環天科,10,0,10,統一-中壢,2024-10-01,5853
3552,同致,10,0,10,統一-中壢,2024-10-01,5853
8201,無敵,10,0,10,統一-中壢,2024-10-01,5853
9945,潤泰新,10,0,10,統一-中壢,2024-10-01,5853
2534,宏盛,10,0,10,統一-中壢,2024-10-01,5853
2504,國產,9,0,9,統一-中壢,2024-10-01,5853
2406,國碩,13,5,8,統一-中壢,2024-10-01,5853
00919,群益台灣精選高息,268,57,211,統一-中壢,2024-10-04,5853
00637L,元大滬深300正2,372,201,171,統一-中壢,2024-10-04,5853
00929,復華台灣科技優息,138,26,112,統一-中壢,2024-10-04,5853
0056,元大高股息,109,3,106,統一-中壢,2024-10-04,5853
00918,大華優利高填息30,106,0,106,統一-中壢,2024-10-04,5853
00725B,國泰投資級公司債,74,0,74,統一-中壢,2024-10-04,5853
00878,國泰永續高股息,75,3,72,統一-中壢,2024-10-04,5853
6143,振曜,64,5,59,統一-中壢,2024-10-04,5853
00634R,富邦上証反1,50,0,50,統一-中壢,2024-10-04,5853
00885,富邦越南,50,1,49,統一-中壢,2024-10-04,5853
2303,聯電,50,4,46,統一-中壢,2024-10-04,5853
5014,建錩,44,1,43,統一-中壢,2024-10-04,5853
2618,長榮航,51,8,43,統一-中壢,2024-10-04,5853
00940,元大台灣價值高息,99,62,37,統一-中壢,2024-10-04,5853
2610,華航,36,0,36,統一-中壢,2024-10-04,5853
00680L,元大美債20正2,50,20,30,統一-中壢,2024-10-04,5853
00948B,中信優息投資級債,30,0,30,統一-中壢,2024-10-04,5853
3041,揚智,30,0,30,統一-中壢,2024-10-04,5853
6669,緯穎,30,0,30,統一-中壢,2024-10-04,5853
00679B,元大美債20年,35,6,29,統一-中壢,2024-10-04,5853
1799,易威,29,0,29,統一-中壢,2024-10-04,5853
2601,益航,30,2,28,統一-中壢,2024-10-04,5853
00915,凱基優選高股息30,24,1,23,統一-中壢,2024-10-04,5853
00937B,群益ESG投等債20,29,6,23,統一-中壢,2024-10-04,5853
2368,金像電,23,1,22,統一-中壢,2024-10-04,5853
2498,宏達電,59,38,21,統一-中壢,2024-10-04,5853
3552,同致,21,0,21,統一-中壢,2024-10-04,5853
1305,華夏,20,0,20,統一-中壢,2024-10-04,5853
3033,威健,17,0,17,統一-中壢,2024-10-04,5853
2609,陽明,50,33,17,統一-中壢,2024-10-04,5853
2308,台達電,17,1,16,統一-中壢,2024-10-04,5853
4974,亞泰,15,0,15,統一-中壢,2024-10-04,5853
00939,統一台灣高息動能,14,0,14,統一-中壢,2024-10-04,5853
6151,晉倫,14,0,14,統一-中壢,2024-10-04,5853
2383,台光電,14,1,13,統一-中壢,2024-10-04,5853
00922,國泰台灣領袖50,12,0,12,統一-中壢,2024-10-04,5853
3062,建漢,20,8,12,統一-中壢,2024-10-04,5853
8064,東捷,14,2,12,統一-中壢,2024-10-04,5853
00960,野村全球航運龍頭,15,4,11,統一-中壢,2024-10-04,5853
00934,中信成長高股息,12,2,10,統一-中壢,2024-10-04,5853
00650L,復華香港正2,12,2,10,統一-中壢,2024-10-04,5853
00720B,元大投資級公司債,13,3,10,統一-中壢,2024-10-04,5853
00751B,元大AAA至A公司債,10,0,10,統一-中壢,2024-10-04,5853
1301,台塑,14,4,10,統一-中壢,2024-10-04,5853
1616,億泰,10,0,10,統一-中壢,2024-10-04,5853
1717,長興,10,0,10,統一-中壢,2024-10-04,5853
1785,光洋科,10,0,10,統一-中壢,2024-10-04,5853
1789,神隆,10,0,10,統一-中壢,2024-10-04,5853
2355,敬鵬,10,0,10,統一-中壢,2024-10-04,5853
2362,藍天,10,0,10,統一-中壢,2024-10-04,5853
00665L,富邦�琤肭磪囓�2,1000,355,645,統一-中壢,2024-10-07,5853
00882,中信中國高股息,295,86,209,統一-中壢,2024-10-07,5853
00632R,元大台灣50反1,164,0,164,統一-中壢,2024-10-07,5853
00680L,元大美債20正2,142,20,122,統一-中壢,2024-10-07,5853
00915,凱基優選高股息30,121,3,118,統一-中壢,2024-10-07,5853
2515,中工,116,4,112,統一-中壢,2024-10-07,5853
00753L,中信中國50正2,147,74,73,統一-中壢,2024-10-07,5853
00752,中信中國50,70,0,70,統一-中壢,2024-10-07,5853
00725B,國泰投資級公司債,69,0,69,統一-中壢,2024-10-07,5853
00878,國泰永續高股息,69,0,69,統一-中壢,2024-10-07,5853
00706L,期元大S＆P日圓正2,65,0,65,統一-中壢,2024-10-07,5853
0056,元大高股息,60,1,59,統一-中壢,2024-10-07,5853
00637L,元大滬深300正2,88,41,47,統一-中壢,2024-10-07,5853
1314,中石化,46,1,45,統一-中壢,2024-10-07,5853
3481,群創,43,1,42,統一-中壢,2024-10-07,5853
00636,國泰中國A50,41,1,40,統一-中壢,2024-10-07,5853
00887,永豐中國科技50大,68,31,37,統一-中壢,2024-10-07,5853
00959B,大華投等美債15Y+,30,0,30,統一-中壢,2024-10-07,5853
1799,易威,29,0,29,統一-中壢,2024-10-07,5853
2344,華邦電,26,0,26,統一-中壢,2024-10-07,5853
00795B,中信美國公債20年,75,50,25,統一-中壢,2024-10-07,5853
2855,統一證,21,0,21,統一-中壢,2024-10-07,5853
1217,愛之味,20,0,20,統一-中壢,2024-10-07,5853
3552,同致,18,0,18,統一-中壢,2024-10-07,5853
1802,台玻,20,5,15,統一-中壢,2024-10-07,5853
2327,國巨,20,5,15,統一-中壢,2024-10-07,5853
2426,鼎元,20,5,15,統一-中壢,2024-10-07,5853
00642U,期元大S＆P石油,14,1,13,統一-中壢,2024-10-07,5853
8039,台虹,14,1,13,統一-中壢,2024-10-07,5853
2356,英業達,16,4,12,統一-中壢,2024-10-07,5853
2495,普安,19,7,12,統一-中壢,2024-10-07,5853
2618,長榮航,17,6,11,統一-中壢,2024-10-07,5853
8111,立��,42,31,11,統一-中壢,2024-10-07,5853
00960,野村全球航運龍頭,12,2,10,統一-中壢,2024-10-07,5853
00885,富邦越南,10,0,10,統一-中壢,2024-10-07,5853
1708,東鹼,10,0,10,統一-中壢,2024-10-07,5853
2228,劍麟,10,0,10,統一-中壢,2024-10-07,5853
2412,中華電,10,0,10,統一-中壢,2024-10-07,5853
3520,華盈,10,0,10,統一-中壢,2024-10-07,5853
8011,台通,17,7,10,統一-中壢,2024-10-07,5853
9945,潤泰新,10,0,10,統一-中壢,2024-10-07,5853
2385,群光,10,0,10,統一-中壢,2024-10-07,5853
2023,燁輝,9,0,9,統一-中壢,2024-10-07,5853
6140,訊達,9,0,9,統一-中壢,2024-10-07,5853
5443,均豪,11,2,9,統一-中壢,2024-10-07,5853
2408,南亞科,17,8,9,統一-中壢,2024-10-07,5853
3037,欣興,8,0,8,統一-中壢,2024-10-07,5853
00720B,元大投資級公司債,10,2,8,統一-中壢,2024-10-07,5853
2316,楠梓電,11,3,8,統一-中壢,2024-10-07,5853
3499,環天科,8,0,8,統一-中壢,2024-10-07,5853
2601,益航,241,52,189,統一-中壢,2024-10-08,5853
00634R,富邦上証反1,208,57,151,統一-中壢,2024-10-08,5853
00946,群益科技高息成長,132,0,132,統一-中壢,2024-10-08,5853
00679B,元大美債20年,118,11,107,統一-中壢,2024-10-08,5853
00919,群益台灣精選高息,109,7,102,統一-中壢,2024-10-08,5853
00922,國泰台灣領袖50,88,0,88,統一-中壢,2024-10-08,5853
00948B,中信優息投資級債,81,0,81,統一-中壢,2024-10-08,5853
00929,復華台灣科技優息,139,59,80,統一-中壢,2024-10-08,5853
3209,全科,103,23,80,統一-中壢,2024-10-08,5853
00940,元大台灣價值高息,80,10,70,統一-中壢,2024-10-08,5853
4716,大立,54,0,54,統一-中壢,2024-10-08,5853
2383,台光電,41,4,37,統一-中壢,2024-10-08,5853
00795B,中信美國公債20年,31,0,31,統一-中壢,2024-10-08,5853
1722,台肥,30,0,30,統一-中壢,2024-10-08,5853
8074,鉅橡,30,0,30,統一-中壢,2024-10-08,5853
00881,國泰台灣5G+,28,0,28,統一-中壢,2024-10-08,5853
00931B,統一美債20年,28,0,28,統一-中壢,2024-10-08,5853
4956,光鋐,30,3,27,統一-中壢,2024-10-08,5853
00687B,國泰20年美債,27,2,25,統一-中壢,2024-10-08,5853
00753L,中信中國50正2,348,325,23,統一-中壢,2024-10-08,5853
3234,光環,26,4,22,統一-中壢,2024-10-08,5853
4903,聯光通,28,6,22,統一-中壢,2024-10-08,5853
2888,新光金,43,22,21,統一-中壢,2024-10-08,5853
2303,聯電,20,0,20,統一-中壢,2024-10-08,5853
2392,正崴,22,2,20,統一-中壢,2024-10-08,5853
1314,中石化,23,5,18,統一-中壢,2024-10-08,5853
2609,陽明,35,17,18,統一-中壢,2024-10-08,5853
3062,建漢,19,2,17,統一-中壢,2024-10-08,5853
3481,群創,16,0,16,統一-中壢,2024-10-08,5853
2913,農林,16,0,16,統一-中壢,2024-10-08,5853
2204,中華,15,0,15,統一-中壢,2024-10-08,5853
2610,華航,14,0,14,統一-中壢,2024-10-08,5853
2892,第一金,14,0,14,統一-中壢,2024-10-08,5853
0056,元大高股息,16,3,13,統一-中壢,2024-10-08,5853
2014,中鴻,14,1,13,統一-中壢,2024-10-08,5853
00751B,元大AAA至A公司債,13,0,13,統一-中壢,2024-10-08,5853
00673R,期元大S＆P原油反1,12,0,12,統一-中壢,2024-10-08,5853
3049,精金,27,15,12,統一-中壢,2024-10-08,5853
3605,宏致,17,5,12,統一-中壢,2024-10-08,5853
910861,神州-DR,13,1,12,統一-中壢,2024-10-08,5853
3037,欣興,13,1,12,統一-中壢,2024-10-08,5853
00939,統一台灣高息動能,11,0,11,統一-中壢,2024-10-08,5853
00725B,國泰投資級公司債,11,0,11,統一-中壢,2024-10-08,5853
00720B,元大投資級公司債,11,0,11,統一-中壢,2024-10-08,5853
2349,錸德,11,0,11,統一-中壢,2024-10-08,5853
6176,瑞儀,11,0,11,統一-中壢,2024-10-08,5853
3044,健鼎,20,10,10,統一-中壢,2024-10-08,5853
1795,美時,10,0,10,統一-中壢,2024-10-08,5853
2353,宏��,13,3,10,統一-中壢,2024-10-08,5853
2801,彰銀,10,0,10,統一-中壢,2024-10-08,5853
00665L,富邦�琤肭磪囓�2,691,280,411,統一-中壢,2024-10-09,5853
00943,兆豐電子高息等權,135,0,135,統一-中壢,2024-10-09,5853
00753L,中信中國50正2,530,409,121,統一-中壢,2024-10-09,5853
00634R,富邦上証反1,100,0,100,統一-中壢,2024-10-09,5853
8074,鉅橡,91,0,91,統一-中壢,2024-10-09,5853
2618,長榮航,93,3,90,統一-中壢,2024-10-09,5853
00937B,群益ESG投等債20,99,21,78,統一-中壢,2024-10-09,5853
00637L,元大滬深300正2,133,61,72,統一-中壢,2024-10-09,5853
6152,百一,62,0,62,統一-中壢,2024-10-09,5853
2601,益航,64,5,59,統一-中壢,2024-10-09,5853
00948B,中信優息投資級債,58,0,58,統一-中壢,2024-10-09,5853
0056,元大高股息,55,1,54,統一-中壢,2024-10-09,5853
00931B,統一美債20年,60,7,53,統一-中壢,2024-10-09,5853
1605,華新,54,4,50,統一-中壢,2024-10-09,5853
00687B,國泰20年美債,47,0,47,統一-中壢,2024-10-09,5853
00919,群益台灣精選高息,54,12,42,統一-中壢,2024-10-09,5853
2801,彰銀,40,0,40,統一-中壢,2024-10-09,5853
2367,燿華,41,2,39,統一-中壢,2024-10-09,5853
2615,萬海,42,4,38,統一-中壢,2024-10-09,5853
2344,華邦電,36,0,36,統一-中壢,2024-10-09,5853
2891,中信金,38,5,33,統一-中壢,2024-10-09,5853
3481,群創,31,0,31,統一-中壢,2024-10-09,5853
1799,易威,28,0,28,統一-中壢,2024-10-09,5853
3209,全科,31,4,27,統一-中壢,2024-10-09,5853
2002,中鋼,31,5,26,統一-中壢,2024-10-09,5853
2498,宏達電,26,0,26,統一-中壢,2024-10-09,5853
5871,中租-KY,58,32,26,統一-中壢,2024-10-09,5853
00725B,國泰投資級公司債,25,0,25,統一-中壢,2024-10-09,5853
6126,信音,24,0,24,統一-中壢,2024-10-09,5853
8064,東捷,24,0,24,統一-中壢,2024-10-09,5853
8028,昇陽半導體,32,9,23,統一-中壢,2024-10-09,5853
4576,大銀微系統,23,1,22,統一-中壢,2024-10-09,5853
2383,台光電,23,1,22,統一-中壢,2024-10-09,5853
3622,洋華,22,1,21,統一-中壢,2024-10-09,5853
2636,台驊控股,20,0,20,統一-中壢,2024-10-09,5853
3294,英濟,22,2,20,統一-中壢,2024-10-09,5853
2486,一詮,25,6,19,統一-中壢,2024-10-09,5853
2399,映泰,59,40,19,統一-中壢,2024-10-09,5853
2425,承啟,23,5,18,統一-中壢,2024-10-09,5853
00633L,富邦上証正2,18,0,18,統一-中壢,2024-10-09,5853
1314,中石化,23,5,18,統一-中壢,2024-10-09,5853
5880,合庫金,17,0,17,統一-中壢,2024-10-09,5853
2408,南亞科,17,1,16,統一-中壢,2024-10-09,5853
2313,華通,17,2,15,統一-中壢,2024-10-09,5853
5876,上海商銀,15,0,15,統一-中壢,2024-10-09,5853
2363,矽統,34,19,15,統一-中壢,2024-10-09,5853
3706,神達,20,6,14,統一-中壢,2024-10-09,5853
2888,新光金,15,1,14,統一-中壢,2024-10-09,5853
3406,玉晶光,14,0,14,統一-中壢,2024-10-09,5853
2426,鼎元,14,0,14,統一-中壢,2024-10-09,5853
00665L,富邦�琤肭磪囓�2,466,44,422,統一-中壢,2024-10-11,5853
00637L,元大滬深300正2,378,120,258,統一-中壢,2024-10-11,5853
00795B,中信美國公債20年,165,30,135,統一-中壢,2024-10-11,5853
00882,中信中國高股息,126,14,112,統一-中壢,2024-10-11,5853
2344,華邦電,105,2,103,統一-中壢,2024-10-11,5853
00634R,富邦上証反1,100,0,100,統一-中壢,2024-10-11,5853
00953B,群益優選非投等債,100,0,100,統一-中壢,2024-10-11,5853
00715L,期街口布蘭特正2,100,26,74,統一-中壢,2024-10-11,5853
00752,中信中國50,53,0,53,統一-中壢,2024-10-11,5853
00912,中信臺灣智慧50,50,0,50,統一-中壢,2024-10-11,5853
00680L,元大美債20正2,56,10,46,統一-中壢,2024-10-11,5853
1584,精剛,38,2,36,統一-中壢,2024-10-11,5853
1721,三晃,40,4,36,統一-中壢,2024-10-11,5853
2449,京元電子,55,19,36,統一-中壢,2024-10-11,5853
4903,聯光通,40,10,30,統一-中壢,2024-10-11,5853
00753L,中信中國50正2,275,246,29,統一-中壢,2024-10-11,5853
2101,南港,29,0,29,統一-中壢,2024-10-11,5853
00900,富邦特選高股息30,26,0,26,統一-中壢,2024-10-11,5853
4979,華星光,28,4,24,統一-中壢,2024-10-11,5853
3189,景碩,25,2,23,統一-中壢,2024-10-11,5853
00929,復華台灣科技優息,29,6,23,統一-中壢,2024-10-11,5853
3041,揚智,23,0,23,統一-中壢,2024-10-11,5853
00751B,元大AAA至A公司債,22,0,22,統一-中壢,2024-10-11,5853
00725B,國泰投資級公司債,22,0,22,統一-中壢,2024-10-11,5853
2327,國巨,21,0,21,統一-中壢,2024-10-11,5853
3024,憶聲,21,0,21,統一-中壢,2024-10-11,5853
2836,高雄銀,20,0,20,統一-中壢,2024-10-11,5853
2388,威盛,18,0,18,統一-中壢,2024-10-11,5853
6257,矽格,19,1,18,統一-中壢,2024-10-11,5853
00764B,群益25年美債,17,0,17,統一-中壢,2024-10-11,5853
5438,東友,20,3,17,統一-中壢,2024-10-11,5853
00887,永豐中國科技50大,21,6,15,統一-中壢,2024-10-11,5853
00692,富邦公司治理,15,0,15,統一-中壢,2024-10-11,5853
4919,新唐,15,0,15,統一-中壢,2024-10-11,5853
6706,惠特,15,0,15,統一-中壢,2024-10-11,5853
2399,映泰,25,11,14,統一-中壢,2024-10-11,5853
3450,聯鈞,22,8,14,統一-中壢,2024-10-11,5853
00937B,群益ESG投等債20,14,1,13,統一-中壢,2024-10-11,5853
2495,普安,13,0,13,統一-中壢,2024-10-11,5853
6152,百一,13,0,13,統一-中壢,2024-10-11,5853
6426,統新,13,0,13,統一-中壢,2024-10-11,5853
2383,台光電,17,5,12,統一-中壢,2024-10-11,5853
00673R,期元大S＆P原油反1,12,0,12,統一-中壢,2024-10-11,5853
3149,正達,19,7,12,統一-中壢,2024-10-11,5853
4155,訊映,12,0,12,統一-中壢,2024-10-11,5853
5324,士開,12,0,12,統一-中壢,2024-10-11,5853
00712,復華富時不動產,12,0,12,統一-中壢,2024-10-11,5853
2328,廣宇,11,0,11,統一-中壢,2024-10-11,5853
2801,彰銀,11,0,11,統一-中壢,2024-10-11,5853
3380,明泰,13,2,11,統一-中壢,2024-10-11,5853
00730,富邦臺灣優質高息,400,0,400,統一-中壢,2024-10-14,5853
00665L,富邦�琤肭磪囓�2,373,55,318,統一-中壢,2024-10-14,5853
00887,永豐中國科技50大,213,1,212,統一-中壢,2024-10-14,5853
2312,金寶,132,5,127,統一-中壢,2024-10-14,5853
00634R,富邦上証反1,100,0,100,統一-中壢,2024-10-14,5853
00937B,群益ESG投等債20,148,50,98,統一-中壢,2024-10-14,5853
2228,劍麟,100,2,98,統一-中壢,2024-10-14,5853
2397,友通,78,0,78,統一-中壢,2024-10-14,5853
2313,華通,62,0,62,統一-中壢,2024-10-14,5853
00687B,國泰20年美債,93,32,61,統一-中壢,2024-10-14,5853
00905,FT臺灣Smart,60,0,60,統一-中壢,2024-10-14,5853
00948B,中信優息投資級債,44,0,44,統一-中壢,2024-10-14,5853
6142,友勁,40,0,40,統一-中壢,2024-10-14,5853
0056,元大高股息,39,1,38,統一-中壢,2024-10-14,5853
006208,富邦台50,31,1,30,統一-中壢,2024-10-14,5853
9105,泰金寶-DR,56,26,30,統一-中壢,2024-10-14,5853
1799,易威,29,0,29,統一-中壢,2024-10-14,5853
6179,亞通,31,3,28,統一-中壢,2024-10-14,5853
00632R,元大台灣50反1,32,6,26,統一-中壢,2024-10-14,5853
2891,中信金,55,29,26,統一-中壢,2024-10-14,5853
00713,元大台灣高息低波,25,0,25,統一-中壢,2024-10-14,5853
00931B,統一美債20年,32,7,25,統一-中壢,2024-10-14,5853
6143,振曜,28,4,24,統一-中壢,2024-10-14,5853
00720B,元大投資級公司債,22,0,22,統一-中壢,2024-10-14,5853
00878,國泰永續高股息,29,7,22,統一-中壢,2024-10-14,5853
00637L,元大滬深300正2,119,97,22,統一-中壢,2024-10-14,5853
00922,國泰台灣領袖50,22,0,22,統一-中壢,2024-10-14,5853
2882,國泰金,21,0,21,統一-中壢,2024-10-14,5853
3303,岱稜,20,0,20,統一-中壢,2024-10-14,5853
2408,南亞科,20,1,19,統一-中壢,2024-10-14,5853
2002,中鋼,18,0,18,統一-中壢,2024-10-14,5853
2421,建準,20,3,17,統一-中壢,2024-10-14,5853
9935,慶豐富,15,0,15,統一-中壢,2024-10-14,5853
1101,台泥,14,0,14,統一-中壢,2024-10-14,5853
00929,復華台灣科技優息,23,10,13,統一-中壢,2024-10-14,5853
3380,明泰,30,17,13,統一-中壢,2024-10-14,5853
00680L,元大美債20正2,12,0,12,統一-中壢,2024-10-14,5853
1597,直得,14,2,12,統一-中壢,2024-10-14,5853
00882,中信中國高股息,41,30,11,統一-中壢,2024-10-14,5853
4916,事欣科,14,3,11,統一-中壢,2024-10-14,5853
9945,潤泰新,10,0,10,統一-中壢,2024-10-14,5853
006205,富邦上証,10,0,10,統一-中壢,2024-10-14,5853
1229,聯華,10,0,10,統一-中壢,2024-10-14,5853
1528,恩德,10,0,10,統一-中壢,2024-10-14,5853
1815,富喬,10,0,10,統一-中壢,2024-10-14,5853
2204,中華,10,0,10,統一-中壢,2024-10-14,5853
2897,王道銀行,10,0,10,統一-中壢,2024-10-14,5853
3078,僑威,12,2,10,統一-中壢,2024-10-14,5853
00725B,國泰投資級公司債,9,0,9,統一-中壢,2024-10-14,5853
00715L,期街口布蘭特正2,9,0,9,統一-中壢,2024-10-14,5853
00637L,元大滬深300正2,429,33,396,統一-中壢,2024-10-15,5853
2313,華通,276,3,273,統一-中壢,2024-10-15,5853
00753L,中信中國50正2,388,123,265,統一-中壢,2024-10-15,5853
00665L,富邦�琤肭磪囓�2,268,46,222,統一-中壢,2024-10-15,5853
00632R,元大台灣50反1,176,2,174,統一-中壢,2024-10-15,5853
4979,華星光,141,9,132,統一-中壢,2024-10-15,5853
2228,劍麟,100,0,100,統一-中壢,2024-10-15,5853
00882,中信中國高股息,123,28,95,統一-中壢,2024-10-15,5853
2888,新光金,149,63,86,統一-中壢,2024-10-15,5853
00715L,期街口布蘭特正2,77,1,76,統一-中壢,2024-10-15,5853
00679B,元大美債20年,72,0,72,統一-中壢,2024-10-15,5853
006208,富邦台50,55,0,55,統一-中壢,2024-10-15,5853
3360,尚立,44,0,44,統一-中壢,2024-10-15,5853
00937B,群益ESG投等債20,65,25,40,統一-中壢,2024-10-15,5853
00887,永豐中國科技50大,62,28,34,統一-中壢,2024-10-15,5853
00725B,國泰投資級公司債,34,3,31,統一-中壢,2024-10-15,5853
00680L,元大美債20正2,125,96,29,統一-中壢,2024-10-15,5853
2101,南港,26,1,25,統一-中壢,2024-10-15,5853
00915,凱基優選高股息30,24,0,24,統一-中壢,2024-10-15,5853
00936,台新永續高息中小,23,0,23,統一-中壢,2024-10-15,5853
2362,藍天,23,1,22,統一-中壢,2024-10-15,5853
3013,晟銘電,26,5,21,統一-中壢,2024-10-15,5853
00642U,期元大S＆P石油,21,0,21,統一-中壢,2024-10-15,5853
1721,三晃,24,3,21,統一-中壢,2024-10-15,5853
6830,汎銓,34,13,21,統一-中壢,2024-10-15,5853
1605,華新,20,0,20,統一-中壢,2024-10-15,5853
00934,中信成長高股息,21,2,19,統一-中壢,2024-10-15,5853
00922,國泰台灣領袖50,22,4,18,統一-中壢,2024-10-15,5853
4956,光鋐,39,22,17,統一-中壢,2024-10-15,5853
1608,華榮,16,0,16,統一-中壢,2024-10-15,5853
00650L,復華香港正2,23,8,15,統一-中壢,2024-10-15,5853
2897,王道銀行,15,0,15,統一-中壢,2024-10-15,5853
8034,榮群,21,6,15,統一-中壢,2024-10-15,5853
8097,常珵,15,0,15,統一-中壢,2024-10-15,5853
00687B,國泰20年美債,20,6,14,統一-中壢,2024-10-15,5853
2834,臺企銀,15,2,13,統一-中壢,2024-10-15,5853
6695,芯鼎,14,1,13,統一-中壢,2024-10-15,5853
2002,中鋼,13,0,13,統一-中壢,2024-10-15,5853
1799,易威,12,0,12,統一-中壢,2024-10-15,5853
6901,鑽石投資,12,0,12,統一-中壢,2024-10-15,5853
8021,尖點,12,0,12,統一-中壢,2024-10-15,5853
00712,復華富時不動產,12,0,12,統一-中壢,2024-10-15,5853
2605,新興,11,0,11,統一-中壢,2024-10-15,5853
00662,富邦NASDAQ,10,0,10,統一-中壢,2024-10-15,5853
1570,力肯,10,0,10,統一-中壢,2024-10-15,5853
2303,聯電,12,2,10,統一-中壢,2024-10-15,5853
2312,金寶,14,4,10,統一-中壢,2024-10-15,5853
2388,威盛,17,7,10,統一-中壢,2024-10-15,5853
2603,長榮,11,1,10,統一-中壢,2024-10-15,5853
2867,三商壽,10,0,10,統一-中壢,2024-10-15,5853
6829,千附精密,569,1,568,統一-中壢,2024-10-16,5853
2313,華通,189,2,187,統一-中壢,2024-10-16,5853
00680L,元大美債20正2,140,0,140,統一-中壢,2024-10-16,5853
3481,群創,126,1,125,統一-中壢,2024-10-16,5853
00634R,富邦上証反1,100,0,100,統一-中壢,2024-10-16,5853
00922,國泰台灣領袖50,97,0,97,統一-中壢,2024-10-16,5853
00637L,元大滬深300正2,108,24,84,統一-中壢,2024-10-16,5853
2349,錸德,61,0,61,統一-中壢,2024-10-16,5853
00632R,元大台灣50反1,126,75,51,統一-中壢,2024-10-16,5853
00912,中信臺灣智慧50,50,0,50,統一-中壢,2024-10-16,5853
6143,振曜,50,1,49,統一-中壢,2024-10-16,5853
00915,凱基優選高股息30,46,0,46,統一-中壢,2024-10-16,5853
2887,台新金,36,1,35,統一-中壢,2024-10-16,5853
00712,復華富時不動產,35,0,35,統一-中壢,2024-10-16,5853
1314,中石化,35,0,35,統一-中壢,2024-10-16,5853
00687B,國泰20年美債,34,1,33,統一-中壢,2024-10-16,5853
6152,百一,30,0,30,統一-中壢,2024-10-16,5853
2615,萬海,33,6,27,統一-中壢,2024-10-16,5853
0056,元大高股息,27,0,27,統一-中壢,2024-10-16,5853
2455,全新,33,7,26,統一-中壢,2024-10-16,5853
8097,常珵,29,3,26,統一-中壢,2024-10-16,5853
00715L,期街口布蘭特正2,32,7,25,統一-中壢,2024-10-16,5853
00878,國泰永續高股息,22,0,22,統一-中壢,2024-10-16,5853
00961,FT臺灣永續高息,20,0,20,統一-中壢,2024-10-16,5853
6763,綠界科技*,30,10,20,統一-中壢,2024-10-16,5853
2303,聯電,20,2,18,統一-中壢,2024-10-16,5853
3450,聯鈞,43,25,18,統一-中壢,2024-10-16,5853
006208,富邦台50,17,0,17,統一-中壢,2024-10-16,5853
2888,新光金,18,1,17,統一-中壢,2024-10-16,5853
00919,群益台灣精選高息,16,0,16,統一-中壢,2024-10-16,5853
3062,建漢,61,47,14,統一-中壢,2024-10-16,5853
2062,橋椿,14,1,13,統一-中壢,2024-10-16,5853
2344,華邦電,13,0,13,統一-中壢,2024-10-16,5853
2367,燿華,13,0,13,統一-中壢,2024-10-16,5853
2891,中信金,28,15,13,統一-中壢,2024-10-16,5853
6426,統新,13,0,13,統一-中壢,2024-10-16,5853
00951,台新日本半導體,12,0,12,統一-中壢,2024-10-16,5853
2401,凌陽,12,0,12,統一-中壢,2024-10-16,5853
6869,雲豹能源,12,0,12,統一-中壢,2024-10-16,5853
00679B,元大美債20年,13,2,11,統一-中壢,2024-10-16,5853
5607,遠雄港,11,0,11,統一-中壢,2024-10-16,5853
8086,宏捷科,11,0,11,統一-中壢,2024-10-16,5853
00941,中信上游半導體,10,0,10,統一-中壢,2024-10-16,5853
2609,陽明,16,6,10,統一-中壢,2024-10-16,5853
2880,華南金,10,0,10,統一-中壢,2024-10-16,5853
4160,訊聯基因,10,0,10,統一-中壢,2024-10-16,5853
5880,合庫金,10,0,10,統一-中壢,2024-10-16,5853
9945,潤泰新,10,0,10,統一-中壢,2024-10-16,5853
6274,台燿,10,1,9,統一-中壢,2024-10-16,5853
2327,國巨,12,3,9,統一-中壢,2024-10-16,5853
00929,復華台灣科技優息,313,25,288,統一-中壢,2024-10-17,5853
6829,千附精密,410,156,254,統一-中壢,2024-10-17,5853
00665L,富邦�琤肭磪囓�2,482,316,166,統一-中壢,2024-10-17,5853
00639,富邦深100,100,0,100,統一-中壢,2024-10-17,5853
00937B,群益ESG投等債20,62,1,61,統一-中壢,2024-10-17,5853
00919,群益台灣精選高息,56,0,56,統一-中壢,2024-10-17,5853
911868,同方友友-DR,55,0,55,統一-中壢,2024-10-17,5853
0056,元大高股息,70,15,55,統一-中壢,2024-10-17,5853
00632R,元大台灣50反1,62,10,52,統一-中壢,2024-10-17,5853
00905,FT臺灣Smart,40,0,40,統一-中壢,2024-10-17,5853
00912,中信臺灣智慧50,38,5,33,統一-中壢,2024-10-17,5853
2426,鼎元,34,3,31,統一-中壢,2024-10-17,5853
00887,永豐中國科技50大,54,29,25,統一-中壢,2024-10-17,5853
00922,國泰台灣領袖50,25,0,25,統一-中壢,2024-10-17,5853
2890,永豐金,21,0,21,統一-中壢,2024-10-17,5853
1776,展宇,20,0,20,統一-中壢,2024-10-17,5853
00715L,期街口布蘭特正2,20,1,19,統一-中壢,2024-10-17,5853
2327,國巨,18,0,18,統一-中壢,2024-10-17,5853
6218,豪勉,16,0,16,統一-中壢,2024-10-17,5853
2349,錸德,15,0,15,統一-中壢,2024-10-17,5853
3257,虹冠電,15,0,15,統一-中壢,2024-10-17,5853
2312,金寶,51,37,14,統一-中壢,2024-10-17,5853
5351,鈺創,16,2,14,統一-中壢,2024-10-17,5853
00927,群益半導體收益,13,0,13,統一-中壢,2024-10-17,5853
2365,昆盈,17,4,13,統一-中壢,2024-10-17,5853
6143,振曜,16,3,13,統一-中壢,2024-10-17,5853
00830,國泰費城半導體,12,0,12,統一-中壢,2024-10-17,5853
6546,正基,12,0,12,統一-中壢,2024-10-17,5853
4903,聯光通,20,8,12,統一-中壢,2024-10-17,5853
2399,映泰,29,18,11,統一-中壢,2024-10-17,5853
3413,京鼎,12,1,11,統一-中壢,2024-10-17,5853
2887,台新金,12,1,11,統一-中壢,2024-10-17,5853
6412,群電,11,0,11,統一-中壢,2024-10-17,5853
00783,富邦中証500,10,0,10,統一-中壢,2024-10-17,5853
00650L,復華香港正2,38,28,10,統一-中壢,2024-10-17,5853
2303,聯電,23,13,10,統一-中壢,2024-10-17,5853
3615,安可,12,2,10,統一-中壢,2024-10-17,5853
4707,磐亞,10,0,10,統一-中壢,2024-10-17,5853
4729,熒茂,10,0,10,統一-中壢,2024-10-17,5853
5371,中光電,11,1,10,統一-中壢,2024-10-17,5853
6126,信音,10,0,10,統一-中壢,2024-10-17,5853
6257,矽格,11,1,10,統一-中壢,2024-10-17,5853
00633L,富邦上証正2,9,0,9,統一-中壢,2024-10-17,5853
2340,台亞,10,1,9,統一-中壢,2024-10-17,5853
2363,矽統,9,0,9,統一-中壢,2024-10-17,5853
1799,易威,8,0,8,統一-中壢,2024-10-17,5853
2636,台驊控股,8,0,8,統一-中壢,2024-10-17,5853
4526,東台,9,1,8,統一-中壢,2024-10-17,5853
5225,東科-KY,8,0,8,統一-中壢,2024-10-17,5853
6216,居易,8,0,8,統一-中壢,2024-10-17,5853
00632R,元大台灣50反1,319,6,313,統一-中壢,2024-10-18,5853
00665L,富邦�琤肭磪囓�2,748,472,276,統一-中壢,2024-10-18,5853
00953B,群益優選非投等債,200,0,200,統一-中壢,2024-10-18,5853
00945B,凱基美國非投等債,150,0,150,統一-中壢,2024-10-18,5853
2867,三商壽,143,10,133,統一-中壢,2024-10-18,5853
00687B,國泰20年美債,168,55,113,統一-中壢,2024-10-18,5853
00679B,元大美債20年,75,0,75,統一-中壢,2024-10-18,5853
00637L,元大滬深300正2,99,25,74,統一-中壢,2024-10-18,5853
2303,聯電,99,25,74,統一-中壢,2024-10-18,5853
00887,永豐中國科技50大,65,0,65,統一-中壢,2024-10-18,5853
2313,華通,65,0,65,統一-中壢,2024-10-18,5853
2888,新光金,50,5,45,統一-中壢,2024-10-18,5853
6151,晉倫,63,19,44,統一-中壢,2024-10-18,5853
6223,旺矽,41,0,41,統一-中壢,2024-10-18,5853
00905,FT臺灣Smart,40,0,40,統一-中壢,2024-10-18,5853
1314,中石化,37,1,36,統一-中壢,2024-10-18,5853
2363,矽統,46,15,31,統一-中壢,2024-10-18,5853
00929,復華台灣科技優息,82,52,30,統一-中壢,2024-10-18,5853
3049,精金,54,25,29,統一-中壢,2024-10-18,5853
00948B,中信優息投資級債,25,0,25,統一-中壢,2024-10-18,5853
2374,佳能,33,8,25,統一-中壢,2024-10-18,5853
2402,毅嘉,25,0,25,統一-中壢,2024-10-18,5853
00720B,元大投資級公司債,22,0,22,統一-中壢,2024-10-18,5853
2356,英業達,32,11,21,統一-中壢,2024-10-18,5853
00795B,中信美國公債20年,20,0,20,統一-中壢,2024-10-18,5853
1799,易威,20,0,20,統一-中壢,2024-10-18,5853
2390,云辰,20,0,20,統一-中壢,2024-10-18,5853
2892,第一金,20,1,19,統一-中壢,2024-10-18,5853
2317,鴻海,40,23,17,統一-中壢,2024-10-18,5853
6829,千附精密,16,0,16,統一-中壢,2024-10-18,5853
2367,燿華,31,16,15,統一-中壢,2024-10-18,5853
2405,輔信,15,0,15,統一-中壢,2024-10-18,5853
1536,和大,18,4,14,統一-中壢,2024-10-18,5853
1785,光洋科,20,6,14,統一-中壢,2024-10-18,5853
3062,建漢,19,5,14,統一-中壢,2024-10-18,5853
00751B,元大AAA至A公司債,13,0,13,統一-中壢,2024-10-18,5853
8028,昇陽半導體,76,64,12,統一-中壢,2024-10-18,5853
6126,信音,12,0,12,統一-中壢,2024-10-18,5853
6530,創威,12,0,12,統一-中壢,2024-10-18,5853
00931B,統一美債20年,11,0,11,統一-中壢,2024-10-18,5853
4562,穎漢,45,34,11,統一-中壢,2024-10-18,5853
00900,富邦特選高股息30,12,2,10,統一-中壢,2024-10-18,5853
00918,大華優利高填息30,14,4,10,統一-中壢,2024-10-18,5853
00927,群益半導體收益,10,0,10,統一-中壢,2024-10-18,5853
00941,中信上游半導體,10,0,10,統一-中壢,2024-10-18,5853
00951,台新日本半導體,10,0,10,統一-中壢,2024-10-18,5853
00952,凱基台灣AI50,10,0,10,統一-中壢,2024-10-18,5853
2392,正崴,10,0,10,統一-中壢,2024-10-18,5853
2458,義隆,10,0,10,統一-中壢,2024-10-18,5853
00919,群益台灣精選高息,15,6,9,統一-中壢,2024-10-18,5853
00665L,富邦�琤肭磪囓�2,672,12,660,統一-中壢,2024-10-21,5853
00945B,凱基美國非投等債,270,0,270,統一-中壢,2024-10-21,5853
00637L,元大滬深300正2,248,13,235,統一-中壢,2024-10-21,5853
00937B,群益ESG投等債20,287,54,233,統一-中壢,2024-10-21,5853
00953B,群益優選非投等債,200,0,200,統一-中壢,2024-10-21,5853
00905,FT臺灣Smart,117,3,114,統一-中壢,2024-10-21,5853
00948B,中信優息投資級債,113,0,113,統一-中壢,2024-10-21,5853
2409,友達,102,0,102,統一-中壢,2024-10-21,5853
00795B,中信美國公債20年,84,0,84,統一-中壢,2024-10-21,5853
00943,兆豐電子高息等權,80,0,80,統一-中壢,2024-10-21,5853
00882,中信中國高股息,78,1,77,統一-中壢,2024-10-21,5853
6223,旺矽,71,0,71,統一-中壢,2024-10-21,5853
00753L,中信中國50正2,72,10,62,統一-中壢,2024-10-21,5853
00887,永豐中國科技50大,68,17,51,統一-中壢,2024-10-21,5853
6241,易通展,51,1,50,統一-中壢,2024-10-21,5853
00715L,期街口布蘭特正2,49,0,49,統一-中壢,2024-10-21,5853
00720B,元大投資級公司債,45,0,45,統一-中壢,2024-10-21,5853
1714,和桐,40,0,40,統一-中壢,2024-10-21,5853
00687B,國泰20年美債,86,47,39,統一-中壢,2024-10-21,5853
4716,大立,37,2,35,統一-中壢,2024-10-21,5853
9945,潤泰新,37,4,33,統一-中壢,2024-10-21,5853
2524,京城,30,0,30,統一-中壢,2024-10-21,5853
2915,潤泰全,27,0,27,統一-中壢,2024-10-21,5853
00915,凱基優選高股息30,26,0,26,統一-中壢,2024-10-21,5853
3481,群創,30,4,26,統一-中壢,2024-10-21,5853
00900,富邦特選高股息30,25,0,25,統一-中壢,2024-10-21,5853
0056,元大高股息,24,0,24,統一-中壢,2024-10-21,5853
6274,台燿,26,3,23,統一-中壢,2024-10-21,5853
00950B,凱基A級公司債,21,0,21,統一-中壢,2024-10-21,5853
00706L,期元大S＆P日圓正2,20,0,20,統一-中壢,2024-10-21,5853
00912,中信臺灣智慧50,20,0,20,統一-中壢,2024-10-21,5853
00932,兆豐永續高息等權,20,0,20,統一-中壢,2024-10-21,5853
2010,春源,20,0,20,統一-中壢,2024-10-21,5853
1905,華紙,18,0,18,統一-中壢,2024-10-21,5853
2867,三商壽,23,5,18,統一-中壢,2024-10-21,5853
2303,聯電,17,0,17,統一-中壢,2024-10-21,5853
00772B,中信高評級公司債,15,0,15,統一-中壢,2024-10-21,5853
6530,創威,15,0,15,統一-中壢,2024-10-21,5853
2881,富邦金,13,0,13,統一-中壢,2024-10-21,5853
2888,新光金,24,11,13,統一-中壢,2024-10-21,5853
00949,復華日本龍頭,12,0,12,統一-中壢,2024-10-21,5853
2365,昆盈,12,1,11,統一-中壢,2024-10-21,5853
3450,聯鈞,24,14,10,統一-中壢,2024-10-21,5853
00907,永豐優息存股,10,0,10,統一-中壢,2024-10-21,5853
3048,益登,10,0,10,統一-中壢,2024-10-21,5853
6133,金橋,10,0,10,統一-中壢,2024-10-21,5853
00958B,永豐ESG銀行債15,9,0,9,統一-中壢,2024-10-21,5853
00922,國泰台灣領袖50,8,0,8,統一-中壢,2024-10-21,5853
3011,今皓,27,19,8,統一-中壢,2024-10-21,5853
3346,麗清,8,0,8,統一-中壢,2024-10-21,5853
00948B,中信優息投資級債,1159,0,1159,統一-中壢,2024-10-22,5853
00937B,群益ESG投等債20,753,69,684,統一-中壢,2024-10-22,5853
00687B,國泰20年美債,239,57,182,統一-中壢,2024-10-22,5853
00679B,元大美債20年,193,22,171,統一-中壢,2024-10-22,5853
00905,FT臺灣Smart,131,0,131,統一-中壢,2024-10-22,5853
00715L,期街口布蘭特正2,100,3,97,統一-中壢,2024-10-22,5853
2329,華泰,103,10,93,統一-中壢,2024-10-22,5853
00665L,富邦�琤肭磪囓�2,408,318,90,統一-中壢,2024-10-22,5853
00795B,中信美國公債20年,104,17,87,統一-中壢,2024-10-22,5853
00878,國泰永續高股息,64,4,60,統一-中壢,2024-10-22,5853
00887,永豐中國科技50大,59,3,56,統一-中壢,2024-10-22,5853
00688L,國泰20年美債正2,57,2,55,統一-中壢,2024-10-22,5853
00720B,元大投資級公司債,56,7,49,統一-中壢,2024-10-22,5853
00680L,元大美債20正2,56,10,46,統一-中壢,2024-10-22,5853
2845,遠東銀,40,5,35,統一-中壢,2024-10-22,5853
00751B,元大AAA至A公司債,34,2,32,統一-中壢,2024-10-22,5853
00637L,元大滬深300正2,134,103,31,統一-中壢,2024-10-22,5853
1227,佳格,30,0,30,統一-中壢,2024-10-22,5853
2609,陽明,50,20,30,統一-中壢,2024-10-22,5853
2542,興富發,30,0,30,統一-中壢,2024-10-22,5853
00712,復華富時不動產,25,1,24,統一-中壢,2024-10-22,5853
2363,矽統,28,7,21,統一-中壢,2024-10-22,5853
1605,華新,21,0,21,統一-中壢,2024-10-22,5853
6185,幃翔,21,0,21,統一-中壢,2024-10-22,5853
0056,元大高股息,23,3,20,統一-中壢,2024-10-22,5853
1714,和桐,20,0,20,統一-中壢,2024-10-22,5853
2228,劍麟,20,0,20,統一-中壢,2024-10-22,5853
2867,三商壽,20,0,20,統一-中壢,2024-10-22,5853
1727,中華化,20,2,18,統一-中壢,2024-10-22,5853
6257,矽格,18,0,18,統一-中壢,2024-10-22,5853
2618,長榮航,18,0,18,統一-中壢,2024-10-22,5853
00772B,中信高評級公司債,17,0,17,統一-中壢,2024-10-22,5853
00713,元大台灣高息低波,17,0,17,統一-中壢,2024-10-22,5853
00931B,統一美債20年,24,8,16,統一-中壢,2024-10-22,5853
5438,東友,22,6,16,統一-中壢,2024-10-22,5853
2615,萬海,32,17,15,統一-中壢,2024-10-22,5853
1528,恩德,26,11,15,統一-中壢,2024-10-22,5853
3390,旭軟,17,2,15,統一-中壢,2024-10-22,5853
2303,聯電,14,0,14,統一-中壢,2024-10-22,5853
2332,友訊,17,3,14,統一-中壢,2024-10-22,5853
2374,佳能,17,3,14,統一-中壢,2024-10-22,5853
3011,今皓,16,3,13,統一-中壢,2024-10-22,5853
3535,晶彩科,27,14,13,統一-中壢,2024-10-22,5853
00725B,國泰投資級公司債,12,0,12,統一-中壢,2024-10-22,5853
2327,國巨,12,0,12,統一-中壢,2024-10-22,5853
00950B,凱基A級公司債,12,0,12,統一-中壢,2024-10-22,5853
2605,新興,12,0,12,統一-中壢,2024-10-22,5853
2636,台驊控股,12,0,12,統一-中壢,2024-10-22,5853
8021,尖點,13,1,12,統一-中壢,2024-10-22,5853
2467,志聖,13,2,11,統一-中壢,2024-10-22,5853
00680L,元大美債20正2,188,0,188,統一-中壢,2024-10-23,5853
00945B,凱基美國非投等債,100,0,100,統一-中壢,2024-10-23,5853
00953B,群益優選非投等債,100,0,100,統一-中壢,2024-10-23,5853
00937B,群益ESG投等債20,207,130,77,統一-中壢,2024-10-23,5853
00948B,中信優息投資級債,68,1,67,統一-中壢,2024-10-23,5853
00887,永豐中國科技50大,60,0,60,統一-中壢,2024-10-23,5853
00946,群益科技高息成長,51,0,51,統一-中壢,2024-10-23,5853
00688L,國泰20年美債正2,51,0,51,統一-中壢,2024-10-23,5853
4909,新復興,48,3,45,統一-中壢,2024-10-23,5853
2374,佳能,51,6,45,統一-中壢,2024-10-23,5853
2303,聯電,44,0,44,統一-中壢,2024-10-23,5853
5425,台半,45,3,42,統一-中壢,2024-10-23,5853
00673R,期元大S＆P原油反1,30,0,30,統一-中壢,2024-10-23,5853
2329,華泰,38,8,30,統一-中壢,2024-10-23,5853
00679B,元大美債20年,33,5,28,統一-中壢,2024-10-23,5853
2332,友訊,27,0,27,統一-中壢,2024-10-23,5853
00936,台新永續高息中小,26,0,26,統一-中壢,2024-10-23,5853
2362,藍天,28,2,26,統一-中壢,2024-10-23,5853
2845,遠東銀,26,0,26,統一-中壢,2024-10-23,5853
1605,華新,26,1,25,統一-中壢,2024-10-23,5853
2867,三商壽,25,0,25,統一-中壢,2024-10-23,5853
00878,國泰永續高股息,24,0,24,統一-中壢,2024-10-23,5853
6770,力積電,54,30,24,統一-中壢,2024-10-23,5853
00772B,中信高評級公司債,20,0,20,統一-中壢,2024-10-23,5853
00912,中信臺灣智慧50,20,0,20,統一-中壢,2024-10-23,5853
00881,國泰台灣5G+,22,3,19,統一-中壢,2024-10-23,5853
2363,矽統,23,4,19,統一-中壢,2024-10-23,5853
1570,力肯,18,0,18,統一-中壢,2024-10-23,5853
5291,邑昇,18,0,18,統一-中壢,2024-10-23,5853
0056,元大高股息,17,0,17,統一-中壢,2024-10-23,5853
6151,晉倫,64,47,17,統一-中壢,2024-10-23,5853
00929,復華台灣科技優息,16,0,16,統一-中壢,2024-10-23,5853
2337,旺宏,16,0,16,統一-中壢,2024-10-23,5853
5522,遠雄,15,0,15,統一-中壢,2024-10-23,5853
6148,驊宏資,15,0,15,統一-中壢,2024-10-23,5853
2313,華通,16,2,14,統一-中壢,2024-10-23,5853
3290,東浦,19,6,13,統一-中壢,2024-10-23,5853
6231,系微,14,1,13,統一-中壢,2024-10-23,5853
2020,美亞,12,0,12,統一-中壢,2024-10-23,5853
2349,錸德,12,0,12,統一-中壢,2024-10-23,5853
3024,憶聲,12,0,12,統一-中壢,2024-10-23,5853
00934,中信成長高股息,12,1,11,統一-中壢,2024-10-23,5853
1540,喬福,11,0,11,統一-中壢,2024-10-23,5853
5871,中租-KY,21,10,11,統一-中壢,2024-10-23,5853
00932,兆豐永續高息等權,10,0,10,統一-中壢,2024-10-23,5853
2612,中航,10,0,10,統一-中壢,2024-10-23,5853
2855,統一證,10,0,10,統一-中壢,2024-10-23,5853
3360,尚立,17,7,10,統一-中壢,2024-10-23,5853
4716,大立,10,0,10,統一-中壢,2024-10-23,5853
5202,力新,10,0,10,統一-中壢,2024-10-23,5853
00637L,元大滬深300正2,379,10,369,統一-中壢,2024-10-24,5853
00687B,國泰20年美債,340,0,340,統一-中壢,2024-10-24,5853
00946,群益科技高息成長,177,0,177,統一-中壢,2024-10-24,5853
00753L,中信中國50正2,125,1,124,統一-中壢,2024-10-24,5853
00950B,凱基A級公司債,110,0,110,統一-中壢,2024-10-24,5853
00948B,中信優息投資級債,106,0,106,統一-中壢,2024-10-24,5853
00715L,期街口布蘭特正2,62,1,61,統一-中壢,2024-10-24,5853
00929,復華台灣科技優息,63,7,56,統一-中壢,2024-10-24,5853
00650L,復華香港正2,55,1,54,統一-中壢,2024-10-24,5853
00945B,凱基美國非投等債,50,0,50,統一-中壢,2024-10-24,5853
00953B,群益優選非投等債,50,0,50,統一-中壢,2024-10-24,5853
00878,國泰永續高股息,47,1,46,統一-中壢,2024-10-24,5853
00679B,元大美債20年,45,0,45,統一-中壢,2024-10-24,5853
6223,旺矽,69,30,39,統一-中壢,2024-10-24,5853
00665L,富邦�琤肭磪囓�2,443,407,36,統一-中壢,2024-10-24,5853
2365,昆盈,35,4,31,統一-中壢,2024-10-24,5853
2615,萬海,39,8,31,統一-中壢,2024-10-24,5853
3390,旭軟,31,0,31,統一-中壢,2024-10-24,5853
00940,元大台灣價值高息,52,22,30,統一-中壢,2024-10-24,5853
00882,中信中國高股息,30,0,30,統一-中壢,2024-10-24,5853
00932,兆豐永續高息等權,30,0,30,統一-中壢,2024-10-24,5853
2228,劍麟,30,0,30,統一-中壢,2024-10-24,5853
1528,恩德,57,28,29,統一-中壢,2024-10-24,5853
00918,大華優利高填息30,36,8,28,統一-中壢,2024-10-24,5853
2388,威盛,33,7,26,統一-中壢,2024-10-24,5853
0056,元大高股息,27,3,24,統一-中壢,2024-10-24,5853
00772B,中信高評級公司債,23,0,23,統一-中壢,2024-10-24,5853
00887,永豐中國科技50大,22,0,22,統一-中壢,2024-10-24,5853
2383,台光電,31,10,21,統一-中壢,2024-10-24,5853
2489,瑞軒,29,8,21,統一-中壢,2024-10-24,5853
2303,聯電,36,16,20,統一-中壢,2024-10-24,5853
2061,風青,20,0,20,統一-中壢,2024-10-24,5853
2367,燿華,21,1,20,統一-中壢,2024-10-24,5853
6143,振曜,20,0,20,統一-中壢,2024-10-24,5853
6603,富強鑫,20,0,20,統一-中壢,2024-10-24,5853
00937B,群益ESG投等債20,27,10,17,統一-中壢,2024-10-24,5853
6609,瀧澤科,22,5,17,統一-中壢,2024-10-24,5853
3450,聯鈞,57,41,16,統一-中壢,2024-10-24,5853
00905,FT臺灣Smart,15,0,15,統一-中壢,2024-10-24,5853
1210,大成,15,0,15,統一-中壢,2024-10-24,5853
2845,遠東銀,15,0,15,統一-中壢,2024-10-24,5853
00919,群益台灣精選高息,21,6,15,統一-中壢,2024-10-24,5853
2392,正崴,14,0,14,統一-中壢,2024-10-24,5853
2472,立隆電,14,0,14,統一-中壢,2024-10-24,5853
2545,皇翔,14,0,14,統一-中壢,2024-10-24,5853
2402,毅嘉,12,0,12,統一-中壢,2024-10-24,5853
8112,至上,11,0,11,統一-中壢,2024-10-24,5853
5351,鈺創,14,3,11,統一-中壢,2024-10-24,5853
6821,聯寶,11,0,11,統一-中壢,2024-10-24,5853
00891,中信關鍵半導體,11,0,11,統一-中壢,2024-10-24,5853
2515,中工,201,0,201,統一-中壢,2024-10-25,5853
3481,群創,143,2,141,統一-中壢,2024-10-25,5853
2303,聯電,84,0,84,統一-中壢,2024-10-25,5853
2646,星宇航空,235,151,84,統一-中壢,2024-10-25,5853
00887,永豐中國科技50大,73,11,62,統一-中壢,2024-10-25,5853
00945B,凱基美國非投等債,50,0,50,統一-中壢,2024-10-25,5853
00953B,群益優選非投等債,50,0,50,統一-中壢,2024-10-25,5853
00679B,元大美債20年,52,10,42,統一-中壢,2024-10-25,5853
00715L,期街口布蘭特正2,38,0,38,統一-中壢,2024-10-25,5853
2495,普安,59,21,38,統一-中壢,2024-10-25,5853
00943,兆豐電子高息等權,26,0,26,統一-中壢,2024-10-25,5853
3062,建漢,34,9,25,統一-中壢,2024-10-25,5853
2845,遠東銀,25,1,24,統一-中壢,2024-10-25,5853
2883,凱基金,26,2,24,統一-中壢,2024-10-25,5853
00936,台新永續高息中小,21,0,21,統一-中壢,2024-10-25,5853
5452,佶優,21,0,21,統一-中壢,2024-10-25,5853
2363,矽統,21,1,20,統一-中壢,2024-10-25,5853
00720B,元大投資級公司債,16,0,16,統一-中壢,2024-10-25,5853
2313,華通,16,0,16,統一-中壢,2024-10-25,5853
5202,力新,21,6,15,統一-中壢,2024-10-25,5853
00713,元大台灣高息低波,13,0,13,統一-中壢,2024-10-25,5853
3105,穩懋,12,0,12,統一-中壢,2024-10-25,5853
5880,合庫金,12,0,12,統一-中壢,2024-10-25,5853
5871,中租-KY,11,0,11,統一-中壢,2024-10-25,5853
6223,旺矽,14,3,11,統一-中壢,2024-10-25,5853
1301,台塑,11,0,11,統一-中壢,2024-10-25,5853
2390,云辰,11,0,11,統一-中壢,2024-10-25,5853
2867,三商壽,11,0,11,統一-中壢,2024-10-25,5853
6126,信音,36,25,11,統一-中壢,2024-10-25,5853
6770,力積電,15,4,11,統一-中壢,2024-10-25,5853
00632R,元大台灣50反1,12,2,10,統一-中壢,2024-10-25,5853
1605,華新,10,0,10,統一-中壢,2024-10-25,5853
2353,宏��,12,2,10,統一-中壢,2024-10-25,5853
5460,同協,10,0,10,統一-中壢,2024-10-25,5853
6163,華電網,10,0,10,統一-中壢,2024-10-25,5853
6215,和椿,10,0,10,統一-中壢,2024-10-25,5853
00919,群益台灣精選高息,29,20,9,統一-中壢,2024-10-25,5853
8021,尖點,13,4,9,統一-中壢,2024-10-25,5853
3406,玉晶光,9,0,9,統一-中壢,2024-10-25,5853
00907,永豐優息存股,9,0,9,統一-中壢,2024-10-25,5853
00915,凱基優選高股息30,9,0,9,統一-中壢,2024-10-25,5853
00885,富邦越南,9,0,9,統一-中壢,2024-10-25,5853
2208,台船,10,1,9,統一-中壢,2024-10-25,5853
5607,遠雄港,9,0,9,統一-中壢,2024-10-25,5853
6213,聯茂,11,2,9,統一-中壢,2024-10-25,5853
6278,台表科,13,4,9,統一-中壢,2024-10-25,5853
00751B,元大AAA至A公司債,8,0,8,統一-中壢,2024-10-25,5853
2891,中信金,10,2,8,統一-中壢,2024-10-25,5853
4137,麗豐-KY,8,0,8,統一-中壢,2024-10-25,5853
2201,裕隆,8,1,7,統一-中壢,2024-10-25,5853
00673R,期元大S＆P原油反1,499,0,499,統一-中壢,2024-10-28,5853
00937B,群益ESG投等債20,261,16,245,統一-中壢,2024-10-28,5853
00950B,凱基A級公司債,171,0,171,統一-中壢,2024-10-28,5853
1301,台塑,113,4,109,統一-中壢,2024-10-28,5853
00637L,元大滬深300正2,94,20,74,統一-中壢,2024-10-28,5853
2614,東森,54,0,54,統一-中壢,2024-10-28,5853
2646,星宇航空,73,25,48,統一-中壢,2024-10-28,5853
00915,凱基優選高股息30,44,3,41,統一-中壢,2024-10-28,5853
00679B,元大美債20年,66,29,37,統一-中壢,2024-10-28,5853
00795B,中信美國公債20年,55,18,37,統一-中壢,2024-10-28,5853
00948B,中信優息投資級債,34,0,34,統一-中壢,2024-10-28,5853
2228,劍麟,30,0,30,統一-中壢,2024-10-28,5853
00929,復華台灣科技優息,27,0,27,統一-中壢,2024-10-28,5853
2892,第一金,50,28,22,統一-中壢,2024-10-28,5853
2367,燿華,25,3,22,統一-中壢,2024-10-28,5853
00712,復華富時不動產,20,0,20,統一-中壢,2024-10-28,5853
8074,鉅橡,22,2,20,統一-中壢,2024-10-28,5853
6283,淳安,19,0,19,統一-中壢,2024-10-28,5853
00772B,中信高評級公司債,18,0,18,統一-中壢,2024-10-28,5853
5452,佶優,23,5,18,統一-中壢,2024-10-28,5853
00680L,元大美債20正2,47,30,17,統一-中壢,2024-10-28,5853
2303,聯電,17,1,16,統一-中壢,2024-10-28,5853
6223,旺矽,16,0,16,統一-中壢,2024-10-28,5853
2354,鴻準,21,5,16,統一-中壢,2024-10-28,5853
2486,一詮,20,5,15,統一-中壢,2024-10-28,5853
00751B,元大AAA至A公司債,14,0,14,統一-中壢,2024-10-28,5853
2449,京元電子,47,33,14,統一-中壢,2024-10-28,5853
00878,國泰永續高股息,13,0,13,統一-中壢,2024-10-28,5853
2312,金寶,21,8,13,統一-中壢,2024-10-28,5853
2845,遠東銀,13,0,13,統一-中壢,2024-10-28,5853
3045,台灣大,12,0,12,統一-中壢,2024-10-28,5853
2392,正崴,12,1,11,統一-中壢,2024-10-28,5853
2409,友達,11,0,11,統一-中壢,2024-10-28,5853
2543,皇昌,17,6,11,統一-中壢,2024-10-28,5853
3081,聯亞,11,0,11,統一-中壢,2024-10-28,5853
2327,國巨,10,0,10,統一-中壢,2024-10-28,5853
1201,味全,10,0,10,統一-中壢,2024-10-28,5853
1528,恩德,27,17,10,統一-中壢,2024-10-28,5853
3390,旭軟,11,1,10,統一-中壢,2024-10-28,5853
5460,同協,10,0,10,統一-中壢,2024-10-28,5853
00720B,元大投資級公司債,9,0,9,統一-中壢,2024-10-28,5853
2429,銘旺科,10,1,9,統一-中壢,2024-10-28,5853
6187,萬潤,9,0,9,統一-中壢,2024-10-28,5853
6278,台表科,10,1,9,統一-中壢,2024-10-28,5853
6788,華景電,12,3,9,統一-中壢,2024-10-28,5853
8021,尖點,9,0,9,統一-中壢,2024-10-28,5853
2363,矽統,31,22,9,統一-中壢,2024-10-28,5853
5534,長虹,8,0,8,統一-中壢,2024-10-28,5853
2609,陽明,23,16,7,統一-中壢,2024-10-28,5853
00931B,統一美債20年,12,5,7,統一-中壢,2024-10-28,5853
00715L,期街口布蘭特正2,143,0,143,統一-中壢,2024-10-29,5853
00946,群益科技高息成長,115,0,115,統一-中壢,2024-10-29,5853
00919,群益台灣精選高息,129,16,113,統一-中壢,2024-10-29,5853
00929,復華台灣科技優息,130,28,102,統一-中壢,2024-10-29,5853
00959B,大華投等美債15Y+,100,0,100,統一-中壢,2024-10-29,5853
00948B,中信優息投資級債,50,0,50,統一-中壢,2024-10-29,5853
0056,元大高股息,45,0,45,統一-中壢,2024-10-29,5853
00950B,凱基A級公司債,41,0,41,統一-中壢,2024-10-29,5853
00878,國泰永續高股息,46,10,36,統一-中壢,2024-10-29,5853
2646,星宇航空,40,5,35,統一-中壢,2024-10-29,5853
2855,統一證,32,0,32,統一-中壢,2024-10-29,5853
00940,元大台灣價值高息,40,11,29,統一-中壢,2024-10-29,5853
2834,臺企銀,27,0,27,統一-中壢,2024-10-29,5853
00923,群益台ESG低碳50,26,0,26,統一-中壢,2024-10-29,5853
5871,中租-KY,25,1,24,統一-中壢,2024-10-29,5853
00713,元大台灣高息低波,22,0,22,統一-中壢,2024-10-29,5853
00912,中信臺灣智慧50,22,0,22,統一-中壢,2024-10-29,5853
00637L,元大滬深300正2,39,17,22,統一-中壢,2024-10-29,5853
2312,金寶,24,4,20,統一-中壢,2024-10-29,5853
2363,矽統,22,2,20,統一-中壢,2024-10-29,5853
5425,台半,20,0,20,統一-中壢,2024-10-29,5853
00753L,中信中國50正2,68,49,19,統一-中壢,2024-10-29,5853
9945,潤泰新,20,1,19,統一-中壢,2024-10-29,5853
3481,群創,20,3,17,統一-中壢,2024-10-29,5853
6133,金橋,27,10,17,統一-中壢,2024-10-29,5853
2892,第一金,16,0,16,統一-中壢,2024-10-29,5853
2845,遠東銀,16,0,16,統一-中壢,2024-10-29,5853
3357,臺慶科,16,0,16,統一-中壢,2024-10-29,5853
3406,玉晶光,16,0,16,統一-中壢,2024-10-29,5853
6283,淳安,22,6,16,統一-中壢,2024-10-29,5853
006208,富邦台50,15,0,15,統一-中壢,2024-10-29,5853
00952,凱基台灣AI50,15,0,15,統一-中壢,2024-10-29,5853
5880,合庫金,20,6,14,統一-中壢,2024-10-29,5853
2615,萬海,18,5,13,統一-中壢,2024-10-29,5853
1711,永光,12,0,12,統一-中壢,2024-10-29,5853
5202,力新,17,5,12,統一-中壢,2024-10-29,5853
00934,中信成長高股息,13,2,11,統一-中壢,2024-10-29,5853
00922,國泰台灣領袖50,11,0,11,統一-中壢,2024-10-29,5853
6239,力成,11,0,11,統一-中壢,2024-10-29,5853
2449,京元電子,16,5,11,統一-中壢,2024-10-29,5853
4909,新復興,12,1,11,統一-中壢,2024-10-29,5853
00730,富邦臺灣優質高息,11,0,11,統一-中壢,2024-10-29,5853
1905,華紙,11,0,11,統一-中壢,2024-10-29,5853
2020,美亞,11,0,11,統一-中壢,2024-10-29,5853
2365,昆盈,16,5,11,統一-中壢,2024-10-29,5853
8086,宏捷科,11,0,11,統一-中壢,2024-10-29,5853
00937B,群益ESG投等債20,10,0,10,統一-中壢,2024-10-29,5853
00945B,凱基美國非投等債,10,0,10,統一-中壢,2024-10-29,5853
2009,第一銅,10,0,10,統一-中壢,2024-10-29,5853
2031,新光鋼,10,0,10,統一-中壢,2024-10-29,5853
00715L,期街口布蘭特正2,237,0,237,統一-中壢,2024-10-30,5853
00637L,元大滬深300正2,194,47,147,統一-中壢,2024-10-30,5853
6133,金橋,111,0,111,統一-中壢,2024-10-30,5853
00665L,富邦�琤肭磪囓�2,379,321,58,統一-中壢,2024-10-30,5853
00959B,大華投等美債15Y+,54,0,54,統一-中壢,2024-10-30,5853
00632R,元大台灣50反1,51,1,50,統一-中壢,2024-10-30,5853
00712,復華富時不動產,47,0,47,統一-中壢,2024-10-30,5853
00919,群益台灣精選高息,87,42,45,統一-中壢,2024-10-30,5853
2337,旺宏,42,0,42,統一-中壢,2024-10-30,5853
00915,凱基優選高股息30,39,0,39,統一-中壢,2024-10-30,5853
2887,台新金,36,0,36,統一-中壢,2024-10-30,5853
2845,遠東銀,35,0,35,統一-中壢,2024-10-30,5853
4536,拓凱,33,0,33,統一-中壢,2024-10-30,5853
2313,華通,31,0,31,統一-中壢,2024-10-30,5853
00878,國泰永續高股息,25,1,24,統一-中壢,2024-10-30,5853
00753L,中信中國50正2,25,2,23,統一-中壢,2024-10-30,5853
00931B,統一美債20年,20,0,20,統一-中壢,2024-10-30,5853
6143,振曜,20,0,20,統一-中壢,2024-10-30,5853
2409,友達,21,2,19,統一-中壢,2024-10-30,5853
2303,聯電,21,3,18,統一-中壢,2024-10-30,5853
00887,永豐中國科技50大,16,0,16,統一-中壢,2024-10-30,5853
2363,矽統,19,3,16,統一-中壢,2024-10-30,5853
6218,豪勉,18,2,16,統一-中壢,2024-10-30,5853
0056,元大高股息,15,1,14,統一-中壢,2024-10-30,5853
6235,華孚,17,3,14,統一-中壢,2024-10-30,5853
1905,華紙,13,0,13,統一-中壢,2024-10-30,5853
2406,國碩,13,0,13,統一-中壢,2024-10-30,5853
4716,大立,13,0,13,統一-中壢,2024-10-30,5853
6278,台表科,13,0,13,統一-中壢,2024-10-30,5853
1618,合機,12,0,12,統一-中壢,2024-10-30,5853
6283,淳安,14,2,12,統一-中壢,2024-10-30,5853
5880,合庫金,11,0,11,統一-中壢,2024-10-30,5853
00635U,期元大S＆P黃金,11,0,11,統一-中壢,2024-10-30,5853
2883,凱基金,11,0,11,統一-中壢,2024-10-30,5853
8076,伍豐,11,0,11,統一-中壢,2024-10-30,5853
1304,台聚,10,0,10,統一-中壢,2024-10-30,5853
1313,聯成,10,0,10,統一-中壢,2024-10-30,5853
2009,第一銅,10,0,10,統一-中壢,2024-10-30,5853
2228,劍麟,10,0,10,統一-中壢,2024-10-30,5853
2357,華碩,11,1,10,統一-中壢,2024-10-30,5853
3032,偉訓,10,0,10,統一-中壢,2024-10-30,5853
6282,康舒,10,0,10,統一-中壢,2024-10-30,5853
6742,澤米,10,0,10,統一-中壢,2024-10-30,5853
4919,新唐,23,13,10,統一-中壢,2024-10-30,5853
006208,富邦台50,10,0,10,統一-中壢,2024-10-30,5853
2489,瑞軒,10,1,9,統一-中壢,2024-10-30,5853
2353,宏��,11,2,9,統一-中壢,2024-10-30,5853
2867,三商壽,61,52,9,統一-中壢,2024-10-30,5853
2317,鴻海,43,35,8,統一-中壢,2024-10-30,5853
3481,群創,65,57,8,統一-中壢,2024-10-30,5853
00948B,中信優息投資級債,102,0,102,統一-中壢,2024-11-01,5853
00931B,統一美債20年,75,0,75,統一-中壢,2024-11-01,5853
2397,友通,70,0,70,統一-中壢,2024-11-01,5853
00712,復華富時不動產,67,0,67,統一-中壢,2024-11-01,5853
2303,聯電,71,13,58,統一-中壢,2024-11-01,5853
6274,台燿,60,7,53,統一-中壢,2024-11-01,5853
00878,國泰永續高股息,56,3,53,統一-中壢,2024-11-01,5853
2329,華泰,52,0,52,統一-中壢,2024-11-01,5853
00688L,國泰20年美債正2,51,0,51,統一-中壢,2024-11-01,5853
8421,旭源,102,51,51,統一-中壢,2024-11-01,5853
00919,群益台灣精選高息,106,59,47,統一-中壢,2024-11-01,5853
00929,復華台灣科技優息,77,30,47,統一-中壢,2024-11-01,5853
2883,凱基金,35,0,35,統一-中壢,2024-11-01,5853
2317,鴻海,54,19,35,統一-中壢,2024-11-01,5853
00915,凱基優選高股息30,34,0,34,統一-中壢,2024-11-01,5853
00673R,期元大S＆P原油反1,32,0,32,統一-中壢,2024-11-01,5853
0056,元大高股息,25,1,24,統一-中壢,2024-11-01,5853
1721,三晃,21,0,21,統一-中壢,2024-11-01,5853
00905,FT臺灣Smart,20,0,20,統一-中壢,2024-11-01,5853
2228,劍麟,20,0,20,統一-中壢,2024-11-01,5853
00946,群益科技高息成長,21,2,19,統一-中壢,2024-11-01,5853
2834,臺企銀,19,0,19,統一-中壢,2024-11-01,5853
00713,元大台灣高息低波,18,0,18,統一-中壢,2024-11-01,5853
00940,元大台灣價值高息,47,30,17,統一-中壢,2024-11-01,5853
3481,群創,17,0,17,統一-中壢,2024-11-01,5853
6770,力積電,21,4,17,統一-中壢,2024-11-01,5853
00632R,元大台灣50反1,129,113,16,統一-中壢,2024-11-01,5853
2347,聯強,16,0,16,統一-中壢,2024-11-01,5853
2891,中信金,20,4,16,統一-中壢,2024-11-01,5853
3551,世禾,16,1,15,統一-中壢,2024-11-01,5853
00881,國泰台灣5G+,14,0,14,統一-中壢,2024-11-01,5853
00720B,元大投資級公司債,13,0,13,統一-中壢,2024-11-01,5853
00725B,國泰投資級公司債,12,0,12,統一-中壢,2024-11-01,5853
1605,華新,12,0,12,統一-中壢,2024-11-01,5853
2845,遠東銀,12,0,12,統一-中壢,2024-11-01,5853
5481,新華,12,0,12,統一-中壢,2024-11-01,5853
4526,東台,11,0,11,統一-中壢,2024-11-01,5853
2408,南亞科,13,3,10,統一-中壢,2024-11-01,5853
2337,旺宏,11,1,10,統一-中壢,2024-11-01,5853
2390,云辰,10,0,10,統一-中壢,2024-11-01,5853
1477,聚陽,10,0,10,統一-中壢,2024-11-01,5853
2365,昆盈,10,0,10,統一-中壢,2024-11-01,5853
00939,統一台灣高息動能,14,5,9,統一-中壢,2024-11-01,5853
2472,立隆電,10,1,9,統一-中壢,2024-11-01,5853
5880,合庫金,9,0,9,統一-中壢,2024-11-01,5853
00830,國泰費城半導體,8,0,8,統一-中壢,2024-11-01,5853
2368,金像電,10,2,8,統一-中壢,2024-11-01,5853
00692,富邦公司治理,7,0,7,統一-中壢,2024-11-01,5853
00941,中信上游半導體,7,0,7,統一-中壢,2024-11-01,5853
2324,仁寶,7,0,7,統一-中壢,2024-11-01,5853
00937B,群益ESG投等債20,259,0,259,統一-中壢,2024-11-04,5853
00878,國泰永續高股息,170,0,170,統一-中壢,2024-11-04,5853
00795B,中信美國公債20年,174,14,160,統一-中壢,2024-11-04,5853
00946,群益科技高息成長,150,0,150,統一-中壢,2024-11-04,5853
2615,萬海,96,6,90,統一-中壢,2024-11-04,5853
00882,中信中國高股息,71,4,67,統一-中壢,2024-11-04,5853
00905,FT臺灣Smart,66,0,66,統一-中壢,2024-11-04,5853
00712,復華富時不動產,62,1,61,統一-中壢,2024-11-04,5853
00919,群益台灣精選高息,92,41,51,統一-中壢,2024-11-04,5853
00929,復華台灣科技優息,143,98,45,統一-中壢,2024-11-04,5853
00715L,期街口布蘭特正2,102,58,44,統一-中壢,2024-11-04,5853
00679B,元大美債20年,41,0,41,統一-中壢,2024-11-04,5853
2609,陽明,54,17,37,統一-中壢,2024-11-04,5853
00948B,中信優息投資級債,36,0,36,統一-中壢,2024-11-04,5853
2303,聯電,41,5,36,統一-中壢,2024-11-04,5853
2337,旺宏,34,4,30,統一-中壢,2024-11-04,5853
00725B,國泰投資級公司債,30,0,30,統一-中壢,2024-11-04,5853
00950B,凱基A級公司債,24,0,24,統一-中壢,2024-11-04,5853
3711,日月光投控,19,0,19,統一-中壢,2024-11-04,5853
0056,元大高股息,18,0,18,統一-中壢,2024-11-04,5853
2887,台新金,18,0,18,統一-中壢,2024-11-04,5853
00751B,元大AAA至A公司債,18,0,18,統一-中壢,2024-11-04,5853
6239,力成,17,0,17,統一-中壢,2024-11-04,5853
2542,興富發,17,0,17,統一-中壢,2024-11-04,5853
6425,易發,18,1,17,統一-中壢,2024-11-04,5853
00687B,國泰20年美債,50,34,16,統一-中壢,2024-11-04,5853
4716,大立,14,0,14,統一-中壢,2024-11-04,5853
00713,元大台灣高息低波,14,0,14,統一-中壢,2024-11-04,5853
00720B,元大投資級公司債,11,0,11,統一-中壢,2024-11-04,5853
00934,中信成長高股息,11,0,11,統一-中壢,2024-11-04,5853
00915,凱基優選高股息30,31,20,11,統一-中壢,2024-11-04,5853
00941,中信上游半導體,11,0,11,統一-中壢,2024-11-04,5853
2489,瑞軒,15,4,11,統一-中壢,2024-11-04,5853
4915,致伸,11,0,11,統一-中壢,2024-11-04,5853
00708L,期元大S＆P黃金正2,10,0,10,統一-中壢,2024-11-04,5853
00650L,復華香港正2,10,0,10,統一-中壢,2024-11-04,5853
00881,國泰台灣5G+,11,1,10,統一-中壢,2024-11-04,5853
00936,台新永續高息中小,10,0,10,統一-中壢,2024-11-04,5853
00945B,凱基美國非投等債,10,0,10,統一-中壢,2024-11-04,5853
00952,凱基台灣AI50,10,0,10,統一-中壢,2024-11-04,5853
5426,振發,14,4,10,統一-中壢,2024-11-04,5853
3231,緯創,38,28,10,統一-中壢,2024-11-04,5853
5203,訊連,9,0,9,統一-中壢,2024-11-04,5853
6191,精成科,12,3,9,統一-中壢,2024-11-04,5853
6213,聯茂,11,2,9,統一-中壢,2024-11-04,5853
00901,永豐智能車供應鏈,8,0,8,統一-中壢,2024-11-04,5853
2204,中華,8,0,8,統一-中壢,2024-11-04,5853
6176,瑞儀,8,0,8,統一-中壢,2024-11-04,5853
6196,帆宣,8,0,8,統一-中壢,2024-11-04,5853
8111,立��,15,7,8,統一-中壢,2024-11-04,5853
00937B,群益ESG投等債20,147,16,131,統一-中壢,2024-11-05,5853
00948B,中信優息投資級債,104,1,103,統一-中壢,2024-11-05,5853
00919,群益台灣精選高息,101,10,91,統一-中壢,2024-11-05,5853
00887,永豐中國科技50大,94,5,89,統一-中壢,2024-11-05,5853
00934,中信成長高股息,82,6,76,統一-中壢,2024-11-05,5853
00929,復華台灣科技優息,78,17,61,統一-中壢,2024-11-05,5853
00725B,國泰投資級公司債,50,0,50,統一-中壢,2024-11-05,5853
2354,鴻準,89,46,43,統一-中壢,2024-11-05,5853
00632R,元大台灣50反1,45,10,35,統一-中壢,2024-11-05,5853
00878,國泰永續高股息,28,0,28,統一-中壢,2024-11-05,5853
00905,FT臺灣Smart,26,0,26,統一-中壢,2024-11-05,5853
00932,兆豐永續高息等權,23,0,23,統一-中壢,2024-11-05,5853
2405,輔信,23,1,22,統一-中壢,2024-11-05,5853
00891,中信關鍵半導體,20,0,20,統一-中壢,2024-11-05,5853
2303,聯電,69,50,19,統一-中壢,2024-11-05,5853
00931B,統一美債20年,21,3,18,統一-中壢,2024-11-05,5853
5452,佶優,17,0,17,統一-中壢,2024-11-05,5853
00930,永豐ESG低碳高息,16,0,16,統一-中壢,2024-11-05,5853
00946,群益科技高息成長,16,0,16,統一-中壢,2024-11-05,5853
3021,鴻名,16,0,16,統一-中壢,2024-11-05,5853
3049,精金,48,34,14,統一-中壢,2024-11-05,5853
00692,富邦公司治理,12,0,12,統一-中壢,2024-11-05,5853
1326,台化,12,0,12,統一-中壢,2024-11-05,5853
00679B,元大美債20年,10,0,10,統一-中壢,2024-11-05,5853
1904,正隆,10,0,10,統一-中壢,2024-11-05,5853
2357,華碩,20,10,10,統一-中壢,2024-11-05,5853
3062,建漢,15,5,10,統一-中壢,2024-11-05,5853
00706L,期元大S＆P日圓正2,9,0,9,統一-中壢,2024-11-05,5853
2332,友訊,10,1,9,統一-中壢,2024-11-05,5853
3025,星通,11,2,9,統一-中壢,2024-11-05,5853
3141,晶宏,9,0,9,統一-中壢,2024-11-05,5853
4956,光鋐,11,2,9,統一-中壢,2024-11-05,5853
2006,東和鋼鐵,8,0,8,統一-中壢,2024-11-05,5853
2324,仁寶,11,3,8,統一-中壢,2024-11-05,5853
6213,聯茂,8,0,8,統一-中壢,2024-11-05,5853
2328,廣宇,8,1,7,統一-中壢,2024-11-05,5853
2413,環科,9,2,7,統一-中壢,2024-11-05,5853
6274,台燿,8,1,7,統一-中壢,2024-11-05,5853
6285,啟��,8,1,7,統一-中壢,2024-11-05,5853
2834,臺企銀,6,0,6,統一-中壢,2024-11-05,5853
2331,精英,6,0,6,統一-中壢,2024-11-05,5853
2912,統一超,6,0,6,統一-中壢,2024-11-05,5853
3523,迎輝,6,0,6,統一-中壢,2024-11-05,5853
6154,順發,6,0,6,統一-中壢,2024-11-05,5853
8044,網家,6,0,6,統一-中壢,2024-11-05,5853
0056,元大高股息,8,2,6,統一-中壢,2024-11-05,5853
6770,力積電,8,2,6,統一-中壢,2024-11-05,5853
2208,台船,5,0,5,統一-中壢,2024-11-05,5853
2236,百達-KY,5,0,5,統一-中壢,2024-11-05,5853
2349,錸德,5,0,5,統一-中壢,2024-11-05,5853
2618,長榮航,300,10,290,統一-中壢,2024-11-06,5853
00687B,國泰20年美債,193,1,192,統一-中壢,2024-11-06,5853
00632R,元大台灣50反1,210,38,172,統一-中壢,2024-11-06,5853
2313,華通,170,2,168,統一-中壢,2024-11-06,5853
00665L,富邦�琤肭磪囓�2,90,1,89,統一-中壢,2024-11-06,5853
00680L,元大美債20正2,107,20,87,統一-中壢,2024-11-06,5853
00679B,元大美債20年,73,1,72,統一-中壢,2024-11-06,5853
00650L,復華香港正2,51,1,50,統一-中壢,2024-11-06,5853
00937B,群益ESG投等債20,61,15,46,統一-中壢,2024-11-06,5853
00943,兆豐電子高息等權,45,0,45,統一-中壢,2024-11-06,5853
2329,華泰,50,7,43,統一-中壢,2024-11-06,5853
00753L,中信中國50正2,142,103,39,統一-中壢,2024-11-06,5853
00795B,中信美國公債20年,37,1,36,統一-中壢,2024-11-06,5853
00772B,中信高評級公司債,32,0,32,統一-中壢,2024-11-06,5853
00933B,國泰10Y+金融債,30,0,30,統一-中壢,2024-11-06,5853
00948B,中信優息投資級債,28,0,28,統一-中壢,2024-11-06,5853
2630,亞航,25,0,25,統一-中壢,2024-11-06,5853
00878,國泰永續高股息,27,3,24,統一-中壢,2024-11-06,5853
2383,台光電,32,10,22,統一-中壢,2024-11-06,5853
00946,群益科技高息成長,21,0,21,統一-中壢,2024-11-06,5853
00919,群益台灣精選高息,28,8,20,統一-中壢,2024-11-06,5853
00918,大華優利高填息30,20,0,20,統一-中壢,2024-11-06,5853
3325,旭品,20,1,19,統一-中壢,2024-11-06,5853
3049,精金,19,2,17,統一-中壢,2024-11-06,5853
00940,元大台灣價值高息,18,2,16,統一-中壢,2024-11-06,5853
00715L,期街口布蘭特正2,18,2,16,統一-中壢,2024-11-06,5853
2609,陽明,24,10,14,統一-中壢,2024-11-06,5853
2317,鴻海,29,16,13,統一-中壢,2024-11-06,5853
00932,兆豐永續高息等權,12,0,12,統一-中壢,2024-11-06,5853
2399,映泰,29,17,12,統一-中壢,2024-11-06,5853
2006,東和鋼鐵,11,0,11,統一-中壢,2024-11-06,5853
00905,FT臺灣Smart,10,0,10,統一-中壢,2024-11-06,5853
00751B,元大AAA至A公司債,10,0,10,統一-中壢,2024-11-06,5853
00938,凱基優選30,10,0,10,統一-中壢,2024-11-06,5853
1789,神隆,10,0,10,統一-中壢,2024-11-06,5853
2409,友達,10,0,10,統一-中壢,2024-11-06,5853
5481,新華,10,0,10,統一-中壢,2024-11-06,5853
6266,泰詠,10,0,10,統一-中壢,2024-11-06,5853
8261,富鼎,12,2,10,統一-中壢,2024-11-06,5853
2354,鴻準,58,48,10,統一-中壢,2024-11-06,5853
2303,聯電,18,8,10,統一-中壢,2024-11-06,5853
0056,元大高股息,11,2,9,統一-中壢,2024-11-06,5853
00692,富邦公司治理,10,1,9,統一-中壢,2024-11-06,5853
1586,和勤,9,0,9,統一-中壢,2024-11-06,5853
3390,旭軟,10,1,9,統一-中壢,2024-11-06,5853
5484,慧友,9,0,9,統一-中壢,2024-11-06,5853
2887,台新金,10,2,8,統一-中壢,2024-11-06,5853
2603,長榮,9,1,8,統一-中壢,2024-11-06,5853
1449,佳和,9,1,8,統一-中壢,2024-11-06,5853
2062,橋椿,12,4,8,統一-中壢,2024-11-06,5853
00688L,國泰20年美債正2,670,0,670,統一-中壢,2024-11-07,5853
00632R,元大台灣50反1,491,10,481,統一-中壢,2024-11-07,5853
00680L,元大美債20正2,156,27,129,統一-中壢,2024-11-07,5853
2303,聯電,71,19,52,統一-中壢,2024-11-07,5853
00919,群益台灣精選高息,52,4,48,統一-中壢,2024-11-07,5853
2374,佳能,47,3,44,統一-中壢,2024-11-07,5853
00905,FT臺灣Smart,42,0,42,統一-中壢,2024-11-07,5853
2402,毅嘉,40,0,40,統一-中壢,2024-11-07,5853
00933B,國泰10Y+金融債,40,0,40,統一-中壢,2024-11-07,5853
00937B,群益ESG投等債20,30,0,30,統一-中壢,2024-11-07,5853
2365,昆盈,37,8,29,統一-中壢,2024-11-07,5853
3665,貿聯-KY,26,1,25,統一-中壢,2024-11-07,5853
00878,國泰永續高股息,23,0,23,統一-中壢,2024-11-07,5853
00753L,中信中國50正2,26,4,22,統一-中壢,2024-11-07,5853
00712,復華富時不動產,22,0,22,統一-中壢,2024-11-07,5853
2881,富邦金,31,10,21,統一-中壢,2024-11-07,5853
00918,大華優利高填息30,20,0,20,統一-中壢,2024-11-07,5853
2228,劍麟,20,0,20,統一-中壢,2024-11-07,5853
3437,榮創,19,0,19,統一-中壢,2024-11-07,5853
4716,大立,20,1,19,統一-中壢,2024-11-07,5853
3264,欣銓,16,0,16,統一-中壢,2024-11-07,5853
1570,力肯,15,0,15,統一-中壢,2024-11-07,5853
2357,華碩,15,0,15,統一-中壢,2024-11-07,5853
3049,精金,16,2,14,統一-中壢,2024-11-07,5853
8103,瀚荃,15,1,14,統一-中壢,2024-11-07,5853
2383,台光電,18,5,13,統一-中壢,2024-11-07,5853
3260,威剛,18,6,12,統一-中壢,2024-11-07,5853
6143,振曜,13,1,12,統一-中壢,2024-11-07,5853
1201,味全,11,0,11,統一-中壢,2024-11-07,5853
3689,湧德,13,2,11,統一-中壢,2024-11-07,5853
1612,宏泰,10,0,10,統一-中壢,2024-11-07,5853
1721,三晃,10,0,10,統一-中壢,2024-11-07,5853
2431,聯昌,11,1,10,統一-中壢,2024-11-07,5853
2915,潤泰全,10,0,10,統一-中壢,2024-11-07,5853
5438,東友,12,2,10,統一-中壢,2024-11-07,5853
6530,創威,12,2,10,統一-中壢,2024-11-07,5853
8299,群聯,10,0,10,統一-中壢,2024-11-07,5853
00882,中信中國高股息,14,5,9,統一-中壢,2024-11-07,5853
00772B,中信高評級公司債,9,0,9,統一-中壢,2024-11-07,5853
2014,中鴻,12,3,9,統一-中壢,2024-11-07,5853
3047,訊舟,9,0,9,統一-中壢,2024-11-07,5853
3305,昇貿,9,0,9,統一-中壢,2024-11-07,5853
2882,國泰金,12,4,8,統一-中壢,2024-11-07,5853
2351,順德,8,0,8,統一-中壢,2024-11-07,5853
6901,鑽石投資,9,1,8,統一-中壢,2024-11-07,5853
8249,菱光,10,2,8,統一-中壢,2024-11-07,5853
2425,承啟,14,6,8,統一-中壢,2024-11-07,5853
00679B,元大美債20年,7,0,7,統一-中壢,2024-11-07,5853
3167,大量,15,8,7,統一-中壢,2024-11-07,5853
00641R,富邦日本反1,7,0,7,統一-中壢,2024-11-07,5853
00632R,元大台灣50反1,94,0,94,統一-中壢,2024-11-08,5853
2353,宏��,76,5,71,統一-中壢,2024-11-08,5853
2313,華通,96,40,56,統一-中壢,2024-11-08,5853
00929,復華台灣科技優息,95,42,53,統一-中壢,2024-11-08,5853
3044,健鼎,53,0,53,統一-中壢,2024-11-08,5853
00878,國泰永續高股息,75,24,51,統一-中壢,2024-11-08,5853
5251,天鉞電,40,0,40,統一-中壢,2024-11-08,5853
00919,群益台灣精選高息,50,15,35,統一-中壢,2024-11-08,5853
00891,中信關鍵半導體,33,0,33,統一-中壢,2024-11-08,5853
3062,建漢,56,25,31,統一-中壢,2024-11-08,5853
00772B,中信高評級公司債,30,0,30,統一-中壢,2024-11-08,5853
1522,堤維西,28,0,28,統一-中壢,2024-11-08,5853
6190,萬泰科,28,0,28,統一-中壢,2024-11-08,5853
6288,聯嘉,32,7,25,統一-中壢,2024-11-08,5853
00900,富邦特選高股息30,25,1,24,統一-中壢,2024-11-08,5853
1605,華新,21,0,21,統一-中壢,2024-11-08,5853
2489,瑞軒,20,0,20,統一-中壢,2024-11-08,5853
3437,榮創,20,0,20,統一-中壢,2024-11-08,5853
8074,鉅橡,20,0,20,統一-中壢,2024-11-08,5853
00665L,富邦�琤肭磪囓�2,126,107,19,統一-中壢,2024-11-08,5853
6505,台塑化,19,0,19,統一-中壢,2024-11-08,5853
2354,鴻準,97,81,16,統一-中壢,2024-11-08,5853
3406,玉晶光,16,0,16,統一-中壢,2024-11-08,5853
00668,國泰美國道瓊,15,0,15,統一-中壢,2024-11-08,5853
2408,南亞科,15,0,15,統一-中壢,2024-11-08,5853
4716,大立,15,0,15,統一-中壢,2024-11-08,5853
00932,兆豐永續高息等權,14,0,14,統一-中壢,2024-11-08,5853
3024,憶聲,14,0,14,統一-中壢,2024-11-08,5853
8112,至上,19,6,13,統一-中壢,2024-11-08,5853
1784,訊聯,14,1,13,統一-中壢,2024-11-08,5853
1718,中纖,13,1,12,統一-中壢,2024-11-08,5853
00936,台新永續高息中小,16,4,12,統一-中壢,2024-11-08,5853
00687B,國泰20年美債,12,1,11,統一-中壢,2024-11-08,5853
1785,光洋科,13,2,11,統一-中壢,2024-11-08,5853
2399,映泰,26,15,11,統一-中壢,2024-11-08,5853
3149,正達,13,2,11,統一-中壢,2024-11-08,5853
0056,元大高股息,23,13,10,統一-中壢,2024-11-08,5853
5880,合庫金,10,0,10,統一-中壢,2024-11-08,5853
00646,元大S＆P500,10,0,10,統一-中壢,2024-11-08,5853
2303,聯電,21,11,10,統一-中壢,2024-11-08,5853
2323,中環,10,0,10,統一-中壢,2024-11-08,5853
2388,威盛,13,3,10,統一-中壢,2024-11-08,5853
3264,欣銓,11,1,10,統一-中壢,2024-11-08,5853
3622,洋華,10,0,10,統一-中壢,2024-11-08,5853
6285,啟��,13,3,10,統一-中壢,2024-11-08,5853
2402,毅嘉,10,1,9,統一-中壢,2024-11-08,5853
00713,元大台灣高息低波,8,0,8,統一-中壢,2024-11-08,5853
00885,富邦越南,8,0,8,統一-中壢,2024-11-08,5853
2439,美律,9,1,8,統一-中壢,2024-11-08,5853
2610,華航,10,2,8,統一-中壢,2024-11-08,5853
00905,FT臺灣Smart,351,0,351,統一-中壢,2024-11-11,5853
00680L,元大美債20正2,250,21,229,統一-中壢,2024-11-11,5853
3665,貿聯-KY,224,1,223,統一-中壢,2024-11-11,5853
00753L,中信中國50正2,156,1,155,統一-中壢,2024-11-11,5853
00715L,期街口布蘭特正2,136,0,136,統一-中壢,2024-11-11,5853
00713,元大台灣高息低波,112,0,112,統一-中壢,2024-11-11,5853
2313,華通,105,1,104,統一-中壢,2024-11-11,5853
3037,欣興,64,2,62,統一-中壢,2024-11-11,5853
00665L,富邦�琤肭磪囓�2,257,204,53,統一-中壢,2024-11-11,5853
00679B,元大美債20年,54,1,53,統一-中壢,2024-11-11,5853
2867,三商壽,52,0,52,統一-中壢,2024-11-11,5853
00919,群益台灣精選高息,46,0,46,統一-中壢,2024-11-11,5853
2881,富邦金,35,0,35,統一-中壢,2024-11-11,5853
2887,台新金,35,0,35,統一-中壢,2024-11-11,5853
00878,國泰永續高股息,43,10,33,統一-中壢,2024-11-11,5853
00632R,元大台灣50反1,62,30,32,統一-中壢,2024-11-11,5853
2409,友達,25,1,24,統一-中壢,2024-11-11,5853
2891,中信金,42,19,23,統一-中壢,2024-11-11,5853
1319,東陽,20,0,20,統一-中壢,2024-11-11,5853
6143,振曜,17,0,17,統一-中壢,2024-11-11,5853
1570,力肯,15,0,15,統一-中壢,2024-11-11,5853
00922,國泰台灣領袖50,20,6,14,統一-中壢,2024-11-11,5853
9941,裕融,14,0,14,統一-中壢,2024-11-11,5853
2609,陽明,19,6,13,統一-中壢,2024-11-11,5853
2614,東森,13,0,13,統一-中壢,2024-11-11,5853
2357,華碩,20,7,13,統一-中壢,2024-11-11,5853
9958,世紀鋼,12,0,12,統一-中壢,2024-11-11,5853
00948B,中信優息投資級債,15,3,12,統一-中壢,2024-11-11,5853
1605,華新,12,0,12,統一-中壢,2024-11-11,5853
3290,東浦,12,0,12,統一-中壢,2024-11-11,5853
3303,岱稜,14,2,12,統一-中壢,2024-11-11,5853
6147,頎邦,12,0,12,統一-中壢,2024-11-11,5853
00637L,元大滬深300正2,39,28,11,統一-中壢,2024-11-11,5853
2882,國泰金,13,2,11,統一-中壢,2024-11-11,5853
3189,景碩,18,7,11,統一-中壢,2024-11-11,5853
2892,第一金,11,0,11,統一-中壢,2024-11-11,5853
1584,精剛,11,0,11,統一-中壢,2024-11-11,5853
3062,建漢,23,12,11,統一-中壢,2024-11-11,5853
6224,聚鼎,11,0,11,統一-中壢,2024-11-11,5853
9907,統一實,11,0,11,統一-中壢,2024-11-11,5853
00918,大華優利高填息30,10,0,10,統一-中壢,2024-11-11,5853
00927,群益半導體收益,10,0,10,統一-中壢,2024-11-11,5853
00940,元大台灣價值高息,10,0,10,統一-中壢,2024-11-11,5853
1402,遠東新,10,0,10,統一-中壢,2024-11-11,5853
2641,正德,10,0,10,統一-中壢,2024-11-11,5853
3709,鑫聯大投控,11,1,10,統一-中壢,2024-11-11,5853
5009,榮剛,10,0,10,統一-中壢,2024-11-11,5853
2834,臺企銀,10,0,10,統一-中壢,2024-11-11,5853
00650L,復華香港正2,30,21,9,統一-中壢,2024-11-11,5853
6227,茂綸,13,4,9,統一-中壢,2024-11-11,5853
5243,乙盛-KY,498,6,492,統一-中壢,2024-11-12,5853
3665,貿聯-KY,318,0,318,統一-中壢,2024-11-12,5853
00715L,期街口布蘭特正2,154,0,154,統一-中壢,2024-11-12,5853
2313,華通,106,0,106,統一-中壢,2024-11-12,5853
2515,中工,98,0,98,統一-中壢,2024-11-12,5853
00878,國泰永續高股息,97,5,92,統一-中壢,2024-11-12,5853
0056,元大高股息,79,0,79,統一-中壢,2024-11-12,5853
00650L,復華香港正2,103,30,73,統一-中壢,2024-11-12,5853
6757,台灣虎航,72,0,72,統一-中壢,2024-11-12,5853
00680L,元大美債20正2,100,30,70,統一-中壢,2024-11-12,5853
00905,FT臺灣Smart,61,0,61,統一-中壢,2024-11-12,5853
5880,合庫金,58,4,54,統一-中壢,2024-11-12,5853
00919,群益台灣精選高息,53,0,53,統一-中壢,2024-11-12,5853
2356,英業達,57,11,46,統一-中壢,2024-11-12,5853
00753L,中信中國50正2,43,0,43,統一-中壢,2024-11-12,5853
2615,萬海,44,3,41,統一-中壢,2024-11-12,5853
2301,光寶科,42,2,40,統一-中壢,2024-11-12,5853
3481,群創,50,11,39,統一-中壢,2024-11-12,5853
2002,中鋼,37,1,36,統一-中壢,2024-11-12,5853
9925,新保,30,0,30,統一-中壢,2024-11-12,5853
1584,精剛,30,1,29,統一-中壢,2024-11-12,5853
00918,大華優利高填息30,26,0,26,統一-中壢,2024-11-12,5853
2317,鴻海,34,10,24,統一-中壢,2024-11-12,5853
00665L,富邦�琤肭磪囓�2,215,191,24,統一-中壢,2024-11-12,5853
00927,群益半導體收益,22,0,22,統一-中壢,2024-11-12,5853
00922,國泰台灣領袖50,22,0,22,統一-中壢,2024-11-12,5853
6598,ABC-KY,20,0,20,統一-中壢,2024-11-12,5853
2609,陽明,44,24,20,統一-中壢,2024-11-12,5853
6143,振曜,18,0,18,統一-中壢,2024-11-12,5853
8011,台通,24,6,18,統一-中壢,2024-11-12,5853
6138,茂達,17,0,17,統一-中壢,2024-11-12,5853
3189,景碩,24,7,17,統一-中壢,2024-11-12,5853
00935,野村臺灣新科技50,15,0,15,統一-中壢,2024-11-12,5853
2367,燿華,15,0,15,統一-中壢,2024-11-12,5853
3406,玉晶光,14,0,14,統一-中壢,2024-11-12,5853
1795,美時,15,1,14,統一-中壢,2024-11-12,5853
00713,元大台灣高息低波,14,0,14,統一-中壢,2024-11-12,5853
1314,中石化,13,0,13,統一-中壢,2024-11-12,5853
2887,台新金,18,6,12,統一-中壢,2024-11-12,5853
00696B,富邦美債20年,12,0,12,統一-中壢,2024-11-12,5853
1313,聯成,12,0,12,統一-中壢,2024-11-12,5853
2303,聯電,12,0,12,統一-中壢,2024-11-12,5853
2882,國泰金,12,1,11,統一-中壢,2024-11-12,5853
00934,中信成長高股息,11,0,11,統一-中壢,2024-11-12,5853
00642U,期元大S＆P石油,11,0,11,統一-中壢,2024-11-12,5853
00881,國泰台灣5G+,11,0,11,統一-中壢,2024-11-12,5853
5483,中美晶,11,0,11,統一-中壢,2024-11-12,5853
006208,富邦台50,13,2,11,統一-中壢,2024-11-12,5853
00939,統一台灣高息動能,10,0,10,統一-中壢,2024-11-12,5853
6873,泓德能源,10,0,10,統一-中壢,2024-11-12,5853
3665,貿聯-KY,348,0,348,統一-中壢,2024-11-13,5853
00632R,元大台灣50反1,310,27,283,統一-中壢,2024-11-13,5853
00950B,凱基A級公司債,250,20,230,統一-中壢,2024-11-13,5853
00679B,元大美債20年,214,0,214,統一-中壢,2024-11-13,5853
00959B,大華投等美債15Y+,150,0,150,統一-中壢,2024-11-13,5853
00715L,期街口布蘭特正2,105,2,103,統一-中壢,2024-11-13,5853
3021,鴻名,51,0,51,統一-中壢,2024-11-13,5853
2317,鴻海,39,1,38,統一-中壢,2024-11-13,5853
2357,華碩,32,0,32,統一-中壢,2024-11-13,5853
2313,華通,31,0,31,統一-中壢,2024-11-13,5853
00919,群益台灣精選高息,36,5,31,統一-中壢,2024-11-13,5853
2834,臺企銀,36,9,27,統一-中壢,2024-11-13,5853
1708,東鹼,26,0,26,統一-中壢,2024-11-13,5853
2354,鴻準,49,24,25,統一-中壢,2024-11-13,5853
00932,兆豐永續高息等權,24,0,24,統一-中壢,2024-11-13,5853
3374,精材,23,0,23,統一-中壢,2024-11-13,5853
9105,泰金寶-DR,23,0,23,統一-中壢,2024-11-13,5853
1513,中興電,24,2,22,統一-中壢,2024-11-13,5853
5880,合庫金,21,0,21,統一-中壢,2024-11-13,5853
00902,中信電池及儲能,20,0,20,統一-中壢,2024-11-13,5853
2887,台新金,20,0,20,統一-中壢,2024-11-13,5853
00882,中信中國高股息,19,0,19,統一-中壢,2024-11-13,5853
00905,FT臺灣Smart,20,1,19,統一-中壢,2024-11-13,5853
2337,旺宏,22,3,19,統一-中壢,2024-11-13,5853
6757,台灣虎航,20,1,19,統一-中壢,2024-11-13,5853
2646,星宇航空,29,12,17,統一-中壢,2024-11-13,5853
2409,友達,16,0,16,統一-中壢,2024-11-13,5853
3450,聯鈞,27,12,15,統一-中壢,2024-11-13,5853
3455,由田,17,2,15,統一-中壢,2024-11-13,5853
2609,陽明,17,2,15,統一-中壢,2024-11-13,5853
2425,承啟,15,0,15,統一-中壢,2024-11-13,5853
3625,西勝,15,0,15,統一-中壢,2024-11-13,5853
2408,南亞科,22,7,15,統一-中壢,2024-11-13,5853
3014,聯陽,14,0,14,統一-中壢,2024-11-13,5853
8404,百和興業-KY,15,1,14,統一-中壢,2024-11-13,5853
2324,仁寶,17,3,14,統一-中壢,2024-11-13,5853
2393,億光,13,0,13,統一-中壢,2024-11-13,5853
3189,景碩,16,4,12,統一-中壢,2024-11-13,5853
1314,中石化,12,0,12,統一-中壢,2024-11-13,5853
2344,華邦電,12,0,12,統一-中壢,2024-11-13,5853
6215,和椿,12,0,12,統一-中壢,2024-11-13,5853
2420,新巨,11,0,11,統一-中壢,2024-11-13,5853
3390,旭軟,11,0,11,統一-中壢,2024-11-13,5853
3607,谷崧,11,0,11,統一-中壢,2024-11-13,5853
2367,燿華,10,0,10,統一-中壢,2024-11-13,5853
4979,華星光,21,11,10,統一-中壢,2024-11-13,5853
00675L,富邦臺灣加權正2,10,0,10,統一-中壢,2024-11-13,5853
1727,中華化,10,0,10,統一-中壢,2024-11-13,5853
2308,台達電,10,0,10,統一-中壢,2024-11-13,5853
2353,宏��,22,12,10,統一-中壢,2024-11-13,5853
00878,國泰永續高股息,182,7,175,統一-中壢,2024-11-14,5853
00959B,大華投等美債15Y+,160,0,160,統一-中壢,2024-11-14,5853
2313,華通,107,2,105,統一-中壢,2024-11-14,5853
00929,復華台灣科技優息,101,7,94,統一-中壢,2024-11-14,5853
00950B,凱基A級公司債,70,0,70,統一-中壢,2024-11-14,5853
00679B,元大美債20年,60,0,60,統一-中壢,2024-11-14,5853
2801,彰銀,50,0,50,統一-中壢,2024-11-14,5853
00665L,富邦�琤肭磪囓�2,472,425,47,統一-中壢,2024-11-14,5853
00919,群益台灣精選高息,60,15,45,統一-中壢,2024-11-14,5853
2303,聯電,59,16,43,統一-中壢,2024-11-14,5853
2344,華邦電,42,0,42,統一-中壢,2024-11-14,5853
2444,兆勁,40,0,40,統一-中壢,2024-11-14,5853
6133,金橋,44,4,40,統一-中壢,2024-11-14,5853
0056,元大高股息,35,1,34,統一-中壢,2024-11-14,5853
00932,兆豐永續高息等權,34,1,33,統一-中壢,2024-11-14,5853
00687B,國泰20年美債,25,0,25,統一-中壢,2024-11-14,5853
00715L,期街口布蘭特正2,22,0,22,統一-中壢,2024-11-14,5853
00900,富邦特選高股息30,21,0,21,統一-中壢,2024-11-14,5853
00753L,中信中國50正2,21,0,21,統一-中壢,2024-11-14,5853
3481,群創,36,16,20,統一-中壢,2024-11-14,5853
2820,華票,20,0,20,統一-中壢,2024-11-14,5853
5309,系統電,25,5,20,統一-中壢,2024-11-14,5853
3042,晶技,21,2,19,統一-中壢,2024-11-14,5853
2337,旺宏,19,0,19,統一-中壢,2024-11-14,5853
2603,長榮,24,6,18,統一-中壢,2024-11-14,5853
00772B,中信高評級公司債,19,2,17,統一-中壢,2024-11-14,5853
8104,錸寶,17,0,17,統一-中壢,2024-11-14,5853
00713,元大台灣高息低波,17,1,16,統一-中壢,2024-11-14,5853
2006,東和鋼鐵,16,0,16,統一-中壢,2024-11-14,5853
5522,遠雄,16,0,16,統一-中壢,2024-11-14,5853
6140,訊達,16,0,16,統一-中壢,2024-11-14,5853
6770,力積電,17,2,15,統一-中壢,2024-11-14,5853
00633L,富邦上証正2,15,0,15,統一-中壢,2024-11-14,5853
8163,達方,15,0,15,統一-中壢,2024-11-14,5853
8240,華宏,16,1,15,統一-中壢,2024-11-14,5853
2609,陽明,17,3,14,統一-中壢,2024-11-14,5853
1471,首利,14,0,14,統一-中壢,2024-11-14,5853
2880,華南金,14,0,14,統一-中壢,2024-11-14,5853
00905,FT臺灣Smart,14,0,14,統一-中壢,2024-11-14,5853
2409,友達,13,0,13,統一-中壢,2024-11-14,5853
4770,上品,14,1,13,統一-中壢,2024-11-14,5853
4931,新盛力,98,85,13,統一-中壢,2024-11-14,5853
1524,耿鼎,13,0,13,統一-中壢,2024-11-14,5853
2402,毅嘉,13,0,13,統一-中壢,2024-11-14,5853
00930,永豐ESG低碳高息,12,0,12,統一-中壢,2024-11-14,5853
2101,南港,12,0,12,統一-中壢,2024-11-14,5853
2845,遠東銀,12,0,12,統一-中壢,2024-11-14,5853
5880,合庫金,14,3,11,統一-中壢,2024-11-14,5853
2027,大成鋼,11,0,11,統一-中壢,2024-11-14,5853
2390,云辰,11,0,11,統一-中壢,2024-11-14,5853
00878,國泰永續高股息,156,35,121,統一-中壢,2024-11-15,5853
00680L,元大美債20正2,198,77,121,統一-中壢,2024-11-15,5853
1815,富喬,80,3,77,統一-中壢,2024-11-15,5853
00715L,期街口布蘭特正2,71,0,71,統一-中壢,2024-11-15,5853
2317,鴻海,70,28,42,統一-中壢,2024-11-15,5853
2855,統一證,40,0,40,統一-中壢,2024-11-15,5853
2357,華碩,33,0,33,統一-中壢,2024-11-15,5853
2801,彰銀,33,0,33,統一-中壢,2024-11-15,5853
2382,廣達,30,1,29,統一-中壢,2024-11-15,5853
4743,合一,22,0,22,統一-中壢,2024-11-15,5853
2329,華泰,21,0,21,統一-中壢,2024-11-15,5853
3712,永崴投控,27,7,20,統一-中壢,2024-11-15,5853
2002,中鋼,19,0,19,統一-中壢,2024-11-15,5853
3390,旭軟,18,0,18,統一-中壢,2024-11-15,5853
6283,淳安,18,0,18,統一-中壢,2024-11-15,5853
00905,FT臺灣Smart,17,0,17,統一-中壢,2024-11-15,5853
2204,中華,19,2,17,統一-中壢,2024-11-15,5853
0056,元大高股息,17,0,17,統一-中壢,2024-11-15,5853
00943,兆豐電子高息等權,16,0,16,統一-中壢,2024-11-15,5853
6873,泓德能源,15,0,15,統一-中壢,2024-11-15,5853
00665L,富邦�琤肭磪囓�2,432,417,15,統一-中壢,2024-11-15,5853
6742,澤米,15,0,15,統一-中壢,2024-11-15,5853
6217,中探針,14,0,14,統一-中壢,2024-11-15,5853
2646,星宇航空,19,5,14,統一-中壢,2024-11-15,5853
00633L,富邦上証正2,13,0,13,統一-中壢,2024-11-15,5853
6405,悅城,13,0,13,統一-中壢,2024-11-15,5853
3231,緯創,24,12,12,統一-中壢,2024-11-15,5853
00679B,元大美債20年,12,0,12,統一-中壢,2024-11-15,5853
00646,元大S＆P500,11,0,11,統一-中壢,2024-11-15,5853
1618,合機,14,3,11,統一-中壢,2024-11-15,5853
2303,聯電,36,25,11,統一-中壢,2024-11-15,5853
2344,華邦電,11,0,11,統一-中壢,2024-11-15,5853
6133,金橋,16,5,11,統一-中壢,2024-11-15,5853
00951,台新日本半導體,10,0,10,統一-中壢,2024-11-15,5853
6914,阜爾運通,10,0,10,統一-中壢,2024-11-15,5853
00902,中信電池及儲能,10,0,10,統一-中壢,2024-11-15,5853
3706,神達,69,59,10,統一-中壢,2024-11-15,5853
5213,亞昕,10,0,10,統一-中壢,2024-11-15,5853
6005,群益證,10,0,10,統一-中壢,2024-11-15,5853
00937B,群益ESG投等債20,19,9,10,統一-中壢,2024-11-15,5853
4303,信立,10,1,9,統一-中壢,2024-11-15,5853
6505,台塑化,10,1,9,統一-中壢,2024-11-15,5853
8064,東捷,9,0,9,統一-中壢,2024-11-15,5853
9945,潤泰新,13,4,9,統一-中壢,2024-11-15,5853
6285,啟��,9,1,8,統一-中壢,2024-11-15,5853
2324,仁寶,45,37,8,統一-中壢,2024-11-15,5853
2412,中華電,8,0,8,統一-中壢,2024-11-15,5853
2887,台新金,8,0,8,統一-中壢,2024-11-15,5853
00918,大華優利高填息30,10,3,7,統一-中壢,2024-11-15,5853
1524,耿鼎,12,5,7,統一-中壢,2024-11-15,5853
2313,華通,188,0,188,統一-中壢,2024-11-18,5853
00878,國泰永續高股息,156,7,149,統一-中壢,2024-11-18,5853
00945B,凱基美國非投等債,100,0,100,統一-中壢,2024-11-18,5853
00953B,群益優選非投等債,100,0,100,統一-中壢,2024-11-18,5853
00932,兆豐永續高息等權,65,0,65,統一-中壢,2024-11-18,5853
3625,西勝,62,1,61,統一-中壢,2024-11-18,5853
00680L,元大美債20正2,60,0,60,統一-中壢,2024-11-18,5853
00929,復華台灣科技優息,60,1,59,統一-中壢,2024-11-18,5853
2883,凱基金,53,3,50,統一-中壢,2024-11-18,5853
6187,萬潤,52,7,45,統一-中壢,2024-11-18,5853
3050,鈺德,36,0,36,統一-中壢,2024-11-18,5853
5880,合庫金,30,1,29,統一-中壢,2024-11-18,5853
00679B,元大美債20年,67,40,27,統一-中壢,2024-11-18,5853
00891,中信關鍵半導體,26,0,26,統一-中壢,2024-11-18,5853
6288,聯嘉,26,0,26,統一-中壢,2024-11-18,5853
00715L,期街口布蘭特正2,25,0,25,統一-中壢,2024-11-18,5853
2344,華邦電,25,1,24,統一-中壢,2024-11-18,5853
3489,森寶,24,0,24,統一-中壢,2024-11-18,5853
2312,金寶,80,58,22,統一-中壢,2024-11-18,5853
0056,元大高股息,25,3,22,統一-中壢,2024-11-18,5853
8064,東捷,21,0,21,統一-中壢,2024-11-18,5853
1218,泰山,20,0,20,統一-中壢,2024-11-18,5853
6126,信音,30,10,20,統一-中壢,2024-11-18,5853
3665,貿聯-KY,21,2,19,統一-中壢,2024-11-18,5853
2317,鴻海,37,18,19,統一-中壢,2024-11-18,5853
2303,聯電,25,8,17,統一-中壢,2024-11-18,5853
2204,中華,16,0,16,統一-中壢,2024-11-18,5853
00688L,國泰20年美債正2,15,0,15,統一-中壢,2024-11-18,5853
3047,訊舟,15,0,15,統一-中壢,2024-11-18,5853
00915,凱基優選高股息30,18,4,14,統一-中壢,2024-11-18,5853
9904,寶成,16,3,13,統一-中壢,2024-11-18,5853
6217,中探針,12,0,12,統一-中壢,2024-11-18,5853
3088,艾訊,12,1,11,統一-中壢,2024-11-18,5853
4167,松瑞藥,11,0,11,統一-中壢,2024-11-18,5853
6156,松上,11,0,11,統一-中壢,2024-11-18,5853
2409,友達,12,1,11,統一-中壢,2024-11-18,5853
1605,華新,10,0,10,統一-中壢,2024-11-18,5853
1733,五鼎,10,0,10,統一-中壢,2024-11-18,5853
1909,榮成,10,0,10,統一-中壢,2024-11-18,5853
6143,振曜,10,0,10,統一-中壢,2024-11-18,5853
006208,富邦台50,10,1,9,統一-中壢,2024-11-18,5853
2324,仁寶,9,0,9,統一-中壢,2024-11-18,5853
4743,合一,9,0,9,統一-中壢,2024-11-18,5853
6257,矽格,8,0,8,統一-中壢,2024-11-18,5853
00713,元大台灣高息低波,8,0,8,統一-中壢,2024-11-18,5853
00939,統一台灣高息動能,8,0,8,統一-中壢,2024-11-18,5853
2354,鴻準,42,35,7,統一-中壢,2024-11-18,5853
1513,中興電,8,1,7,統一-中壢,2024-11-18,5853
4968,立積,7,0,7,統一-中壢,2024-11-18,5853
00692,富邦公司治理,7,0,7,統一-中壢,2024-11-18,5853
00953B,群益優選非投等債,101,0,101,統一-中壢,2024-11-19,5853
00885,富邦越南,70,0,70,統一-中壢,2024-11-19,5853
00639,富邦深100,70,0,70,統一-中壢,2024-11-19,5853
2603,長榮,54,10,44,統一-中壢,2024-11-19,5853
2327,國巨,40,0,40,統一-中壢,2024-11-19,5853
2349,錸德,47,13,34,統一-中壢,2024-11-19,5853
3481,群創,34,0,34,統一-中壢,2024-11-19,5853
00665L,富邦�琤肭磪囓�2,187,154,33,統一-中壢,2024-11-19,5853
2884,玉山金,32,0,32,統一-中壢,2024-11-19,5853
00887,永豐中國科技50大,31,0,31,統一-中壢,2024-11-19,5853
00878,國泰永續高股息,34,5,29,統一-中壢,2024-11-19,5853
6005,群益證,30,2,28,統一-中壢,2024-11-19,5853
2317,鴻海,34,9,25,統一-中壢,2024-11-19,5853
00637L,元大滬深300正2,29,5,24,統一-中壢,2024-11-19,5853
00673R,期元大S＆P原油反1,22,0,22,統一-中壢,2024-11-19,5853
00905,FT臺灣Smart,20,0,20,統一-中壢,2024-11-19,5853
8074,鉅橡,20,0,20,統一-中壢,2024-11-19,5853
3090,日電貿,17,0,17,統一-中壢,2024-11-19,5853
1702,南僑,16,0,16,統一-中壢,2024-11-19,5853
00915,凱基優選高股息30,16,0,16,統一-中壢,2024-11-19,5853
00930,永豐ESG低碳高息,15,0,15,統一-中壢,2024-11-19,5853
3455,由田,13,0,13,統一-中壢,2024-11-19,5853
00680L,元大美債20正2,12,0,12,統一-中壢,2024-11-19,5853
00679B,元大美債20年,13,2,11,統一-中壢,2024-11-19,5853
00932,兆豐永續高息等權,11,0,11,統一-中壢,2024-11-19,5853
3163,波若威,11,0,11,統一-中壢,2024-11-19,5853
00692,富邦公司治理,10,0,10,統一-中壢,2024-11-19,5853
2392,正崴,13,3,10,統一-中壢,2024-11-19,5853
2408,南亞科,10,0,10,統一-中壢,2024-11-19,5853
3390,旭軟,10,0,10,統一-中壢,2024-11-19,5853
2382,廣達,9,0,9,統一-中壢,2024-11-19,5853
2618,長榮航,12,3,9,統一-中壢,2024-11-19,5853
0056,元大高股息,9,1,8,統一-中壢,2024-11-19,5853
00632R,元大台灣50反1,10,2,8,統一-中壢,2024-11-19,5853
5351,鈺創,10,2,8,統一-中壢,2024-11-19,5853
2027,大成鋼,8,1,7,統一-中壢,2024-11-19,5853
5347,世界,7,0,7,統一-中壢,2024-11-19,5853
3227,原相,6,0,6,統一-中壢,2024-11-19,5853
00764B,群益25年美債,6,0,6,統一-中壢,2024-11-19,5853
1522,堤維西,6,0,6,統一-中壢,2024-11-19,5853
2062,橋椿,6,0,6,統一-中壢,2024-11-19,5853
2489,瑞軒,6,0,6,統一-中壢,2024-11-19,5853
2204,中華,5,0,5,統一-中壢,2024-11-19,5853
00753L,中信中國50正2,5,0,5,統一-中壢,2024-11-19,5853
00696B,富邦美債20年,5,0,5,統一-中壢,2024-11-19,5853
1587,吉茂,7,2,5,統一-中壢,2024-11-19,5853
2014,中鴻,5,0,5,統一-中壢,2024-11-19,5853
2331,精英,5,0,5,統一-中壢,2024-11-19,5853
2401,凌陽,5,0,5,統一-中壢,2024-11-19,5853
2472,立隆電,7,2,5,統一-中壢,2024-11-19,5853
00919,群益台灣精選高息,151,18,133,統一-中壢,2024-11-20,5853
00960,野村全球航運龍頭,81,0,81,統一-中壢,2024-11-20,5853
00878,國泰永續高股息,77,11,66,統一-中壢,2024-11-20,5853
00885,富邦越南,64,0,64,統一-中壢,2024-11-20,5853
3706,神達,69,15,54,統一-中壢,2024-11-20,5853
2354,鴻準,82,30,52,統一-中壢,2024-11-20,5853
6133,金橋,53,1,52,統一-中壢,2024-11-20,5853
00937B,群益ESG投等債20,46,1,45,統一-中壢,2024-11-20,5853
00948B,中信優息投資級債,50,14,36,統一-中壢,2024-11-20,5853
2897,王道銀行,30,0,30,統一-中壢,2024-11-20,5853
0056,元大高股息,33,3,30,統一-中壢,2024-11-20,5853
2312,金寶,31,3,28,統一-中壢,2024-11-20,5853
00632R,元大台灣50反1,25,0,25,統一-中壢,2024-11-20,5853
3231,緯創,25,2,23,統一-中壢,2024-11-20,5853
3665,貿聯-KY,23,0,23,統一-中壢,2024-11-20,5853
6405,悅城,22,0,22,統一-中壢,2024-11-20,5853
00930,永豐ESG低碳高息,21,0,21,統一-中壢,2024-11-20,5853
00905,FT臺灣Smart,21,1,20,統一-中壢,2024-11-20,5853
2327,國巨,22,2,20,統一-中壢,2024-11-20,5853
00882,中信中國高股息,20,0,20,統一-中壢,2024-11-20,5853
3294,英濟,20,0,20,統一-中壢,2024-11-20,5853
2349,錸德,71,52,19,統一-中壢,2024-11-20,5853
3363,上詮,21,2,19,統一-中壢,2024-11-20,5853
1519,華城,18,0,18,統一-中壢,2024-11-20,5853
00679B,元大美債20年,18,0,18,統一-中壢,2024-11-20,5853
3406,玉晶光,17,0,17,統一-中壢,2024-11-20,5853
00959B,大華投等美債15Y+,16,0,16,統一-中壢,2024-11-20,5853
00932,兆豐永續高息等權,15,0,15,統一-中壢,2024-11-20,5853
2409,友達,17,2,15,統一-中壢,2024-11-20,5853
2603,長榮,19,4,15,統一-中壢,2024-11-20,5853
9105,泰金寶-DR,14,0,14,統一-中壢,2024-11-20,5853
2303,聯電,18,5,13,統一-中壢,2024-11-20,5853
00715L,期街口布蘭特正2,25,12,13,統一-中壢,2024-11-20,5853
3044,健鼎,13,0,13,統一-中壢,2024-11-20,5853
2884,玉山金,13,1,12,統一-中壢,2024-11-20,5853
5880,合庫金,12,0,12,統一-中壢,2024-11-20,5853
3552,同致,14,3,11,統一-中壢,2024-11-20,5853
00933B,國泰10Y+金融債,10,0,10,統一-中壢,2024-11-20,5853
3390,旭軟,10,0,10,統一-中壢,2024-11-20,5853
6005,群益證,10,0,10,統一-中壢,2024-11-20,5853
00830,國泰費城半導體,9,0,9,統一-中壢,2024-11-20,5853
3024,憶聲,9,0,9,統一-中壢,2024-11-20,5853
8021,尖點,10,1,9,統一-中壢,2024-11-20,5853
2353,宏��,8,0,8,統一-中壢,2024-11-20,5853
2367,燿華,8,0,8,統一-中壢,2024-11-20,5853
2881,富邦金,10,2,8,統一-中壢,2024-11-20,5853
00687B,國泰20年美債,7,0,7,統一-中壢,2024-11-20,5853
00918,大華優利高填息30,7,0,7,統一-中壢,2024-11-20,5853
00713,元大台灣高息低波,6,0,6,統一-中壢,2024-11-20,5853
3010,華立,6,0,6,統一-中壢,2024-11-20,5853
00953B,群益優選非投等債,102,0,102,統一-中壢,2024-11-21,5853
00878,國泰永續高股息,59,0,59,統一-中壢,2024-11-21,5853
00665L,富邦�琤肭磪囓�2,107,57,50,統一-中壢,2024-11-21,5853
2349,錸德,80,44,36,統一-中壢,2024-11-21,5853
00715L,期街口布蘭特正2,48,15,33,統一-中壢,2024-11-21,5853
0056,元大高股息,33,1,32,統一-中壢,2024-11-21,5853
00915,凱基優選高股息30,22,0,22,統一-中壢,2024-11-21,5853
3290,東浦,24,3,21,統一-中壢,2024-11-21,5853
4916,事欣科,21,1,20,統一-中壢,2024-11-21,5853
2353,宏��,45,25,20,統一-中壢,2024-11-21,5853
2303,聯電,33,15,18,統一-中壢,2024-11-21,5853
3666,光耀,17,0,17,統一-中壢,2024-11-21,5853
2444,兆勁,15,0,15,統一-中壢,2024-11-21,5853
3013,晟銘電,16,3,13,統一-中壢,2024-11-21,5853
5880,合庫金,17,4,13,統一-中壢,2024-11-21,5853
2882,國泰金,16,4,12,統一-中壢,2024-11-21,5853
00937B,群益ESG投等債20,18,6,12,統一-中壢,2024-11-21,5853
2457,飛宏,15,3,12,統一-中壢,2024-11-21,5853
006208,富邦台50,12,0,12,統一-中壢,2024-11-21,5853
00692,富邦公司治理,11,0,11,統一-中壢,2024-11-21,5853
4119,旭富,11,0,11,統一-中壢,2024-11-21,5853
00905,FT臺灣Smart,10,0,10,統一-中壢,2024-11-21,5853
3231,緯創,12,2,10,統一-中壢,2024-11-21,5853
00830,國泰費城半導體,10,0,10,統一-中壢,2024-11-21,5853
00795B,中信美國公債20年,10,0,10,統一-中壢,2024-11-21,5853
1471,首利,10,0,10,統一-中壢,2024-11-21,5853
4160,訊聯基因,10,0,10,統一-中壢,2024-11-21,5853
5493,三聯,10,0,10,統一-中壢,2024-11-21,5853
2354,鴻準,25,16,9,統一-中壢,2024-11-21,5853
2201,裕隆,9,0,9,統一-中壢,2024-11-21,5853
3017,奇鋐,10,2,8,統一-中壢,2024-11-21,5853
1504,東元,8,0,8,統一-中壢,2024-11-21,5853
1802,台玻,18,10,8,統一-中壢,2024-11-21,5853
3306,鼎天,8,0,8,統一-中壢,2024-11-21,5853
5398,慕康生醫,8,0,8,統一-中壢,2024-11-21,5853
6133,金橋,9,1,8,統一-中壢,2024-11-21,5853
3437,榮創,6,0,6,統一-中壢,2024-11-21,5853
2891,中信金,8,2,6,統一-中壢,2024-11-21,5853
2330,台積電,8,2,6,統一-中壢,2024-11-21,5853
2615,萬海,46,41,5,統一-中壢,2024-11-21,5853
00912,中信臺灣智慧50,5,0,5,統一-中壢,2024-11-21,5853
00946,群益科技高息成長,5,0,5,統一-中壢,2024-11-21,5853
1593,祺驊,5,0,5,統一-中壢,2024-11-21,5853
2329,華泰,5,0,5,統一-中壢,2024-11-21,5853
2332,友訊,21,16,5,統一-中壢,2024-11-21,5853
2338,光罩,5,0,5,統一-中壢,2024-11-21,5853
2392,正崴,5,0,5,統一-中壢,2024-11-21,5853
2530,華建,5,0,5,統一-中壢,2024-11-21,5853
2912,統一超,5,0,5,統一-中壢,2024-11-21,5853
5426,振發,5,0,5,統一-中壢,2024-11-21,5853
00632R,元大台灣50反1,1666,110,1556,統一-中壢,2024-11-22,5853
00753L,中信中國50正2,212,11,201,統一-中壢,2024-11-22,5853
00772B,中信高評級公司債,100,0,100,統一-中壢,2024-11-22,5853
00637L,元大滬深300正2,107,18,89,統一-中壢,2024-11-22,5853
00919,群益台灣精選高息,51,0,51,統一-中壢,2024-11-22,5853
00673R,期元大S＆P原油反1,42,0,42,統一-中壢,2024-11-22,5853
5876,上海商銀,38,0,38,統一-中壢,2024-11-22,5853
00915,凱基優選高股息30,37,0,37,統一-中壢,2024-11-22,5853
2353,宏��,36,0,36,統一-中壢,2024-11-22,5853
2867,三商壽,33,0,33,統一-中壢,2024-11-22,5853
2317,鴻海,32,1,31,統一-中壢,2024-11-22,5853
2887,台新金,32,1,31,統一-中壢,2024-11-22,5853
6133,金橋,37,7,30,統一-中壢,2024-11-22,5853
3706,神達,56,29,27,統一-中壢,2024-11-22,5853
3665,貿聯-KY,27,2,25,統一-中壢,2024-11-22,5853
3290,東浦,23,0,23,統一-中壢,2024-11-22,5853
006208,富邦台50,25,2,23,統一-中壢,2024-11-22,5853
2027,大成鋼,30,9,21,統一-中壢,2024-11-22,5853
3041,揚智,20,0,20,統一-中壢,2024-11-22,5853
6140,訊達,20,0,20,統一-中壢,2024-11-22,5853
3017,奇鋐,17,0,17,統一-中壢,2024-11-22,5853
00930,永豐ESG低碳高息,17,0,17,統一-中壢,2024-11-22,5853
8028,昇陽半導體,19,3,16,統一-中壢,2024-11-22,5853
00929,復華台灣科技優息,43,27,16,統一-中壢,2024-11-22,5853
6770,力積電,17,2,15,統一-中壢,2024-11-22,5853
1733,五鼎,14,0,14,統一-中壢,2024-11-22,5853
00960,野村全球航運龍頭,13,0,13,統一-中壢,2024-11-22,5853
4729,熒茂,15,2,13,統一-中壢,2024-11-22,5853
1587,吉茂,16,4,12,統一-中壢,2024-11-22,5853
2615,萬海,15,3,12,統一-中壢,2024-11-22,5853
3015,全漢,12,0,12,統一-中壢,2024-11-22,5853
9904,寶成,13,1,12,統一-中壢,2024-11-22,5853
8163,達方,11,0,11,統一-中壢,2024-11-22,5853
1808,潤隆,11,0,11,統一-中壢,2024-11-22,5853
00959B,大華投等美債15Y+,10,0,10,統一-中壢,2024-11-22,5853
1540,喬福,12,2,10,統一-中壢,2024-11-22,5853
2104,國際中橡,10,0,10,統一-中壢,2024-11-22,5853
2385,群光,10,0,10,統一-中壢,2024-11-22,5853
2408,南亞科,10,0,10,統一-中壢,2024-11-22,5853
3705,永信,10,0,10,統一-中壢,2024-11-22,5853
4934,太極,10,0,10,統一-中壢,2024-11-22,5853
6126,信音,10,0,10,統一-中壢,2024-11-22,5853
6142,友勁,10,0,10,統一-中壢,2024-11-22,5853
3450,聯鈞,12,3,9,統一-中壢,2024-11-22,5853
2365,昆盈,10,1,9,統一-中壢,2024-11-22,5853
4956,光鋐,13,4,9,統一-中壢,2024-11-22,5853
8112,至上,10,1,9,統一-中壢,2024-11-22,5853
6274,台燿,9,1,8,統一-中壢,2024-11-22,5853
1781,合世,15,8,7,統一-中壢,2024-11-22,5853
3227,原相,10,3,7,統一-中壢,2024-11-22,5853
00632R,元大台灣50反1,1013,5,1008,統一-中壢,2024-11-25,5853
00933B,國泰10Y+金融債,290,0,290,統一-中壢,2024-11-25,5853
00637L,元大滬深300正2,113,29,84,統一-中壢,2024-11-25,5853
00930,永豐ESG低碳高息,55,0,55,統一-中壢,2024-11-25,5853
2609,陽明,71,31,40,統一-中壢,2024-11-25,5853
1449,佳和,36,0,36,統一-中壢,2024-11-25,5853
1101,台泥,40,8,32,統一-中壢,2024-11-25,5853
00692,富邦公司治理,30,0,30,統一-中壢,2024-11-25,5853
9925,新保,30,0,30,統一-中壢,2024-11-25,5853
2615,萬海,51,22,29,統一-中壢,2024-11-25,5853
1809,中釉,29,5,24,統一-中壢,2024-11-25,5853
2104,國際中橡,24,0,24,統一-中壢,2024-11-25,5853
9105,泰金寶-DR,40,16,24,統一-中壢,2024-11-25,5853
00878,國泰永續高股息,32,8,24,統一-中壢,2024-11-25,5853
2344,華邦電,23,0,23,統一-中壢,2024-11-25,5853
6213,聯茂,29,8,21,統一-中壢,2024-11-25,5853
00919,群益台灣精選高息,32,11,21,統一-中壢,2024-11-25,5853
3290,東浦,22,1,21,統一-中壢,2024-11-25,5853
00664R,國泰臺灣加權反1,20,0,20,統一-中壢,2024-11-25,5853
00673R,期元大S＆P原油反1,20,0,20,統一-中壢,2024-11-25,5853
00959B,大華投等美債15Y+,20,0,20,統一-中壢,2024-11-25,5853
2482,連宇,20,0,20,統一-中壢,2024-11-25,5853
2916,滿心,20,0,20,統一-中壢,2024-11-25,5853
6134,萬旭,22,4,18,統一-中壢,2024-11-25,5853
5483,中美晶,16,0,16,統一-中壢,2024-11-25,5853
4303,信立,15,0,15,統一-中壢,2024-11-25,5853
3693,營邦,18,3,15,統一-中壢,2024-11-25,5853
1733,五鼎,14,0,14,統一-中壢,2024-11-25,5853
2356,英業達,20,6,14,統一-中壢,2024-11-25,5853
4562,穎漢,15,1,14,統一-中壢,2024-11-25,5853
6187,萬潤,14,1,13,統一-中壢,2024-11-25,5853
4916,事欣科,13,0,13,統一-中壢,2024-11-25,5853
1301,台塑,12,0,12,統一-中壢,2024-11-25,5853
3374,精材,12,0,12,統一-中壢,2024-11-25,5853
3376,新日興,12,0,12,統一-中壢,2024-11-25,5853
00713,元大台灣高息低波,11,0,11,統一-中壢,2024-11-25,5853
3354,律勝,11,0,11,統一-中壢,2024-11-25,5853
00937B,群益ESG投等債20,16,5,11,統一-中壢,2024-11-25,5853
5880,合庫金,10,0,10,統一-中壢,2024-11-25,5853
00887,永豐中國科技50大,10,0,10,統一-中壢,2024-11-25,5853
2020,美亞,11,1,10,統一-中壢,2024-11-25,5853
2337,旺宏,12,2,10,統一-中壢,2024-11-25,5853
5876,上海商銀,10,0,10,統一-中壢,2024-11-25,5853
4927,泰鼎-KY,10,1,9,統一-中壢,2024-11-25,5853
2357,華碩,8,0,8,統一-中壢,2024-11-25,5853
2371,大同,24,16,8,統一-中壢,2024-11-25,5853
5203,訊連,8,0,8,統一-中壢,2024-11-25,5853
00909,國泰數位支付服務,11,4,7,統一-中壢,2024-11-25,5853
1402,遠東新,7,0,7,統一-中壢,2024-11-25,5853
2855,統一證,7,0,7,統一-中壢,2024-11-25,5853
00665L,富邦�琤肭磪囓�2,234,114,120,統一-中壢,2024-11-26,5853
00882,中信中國高股息,101,0,101,統一-中壢,2024-11-26,5853
1504,東元,80,20,60,統一-中壢,2024-11-26,5853
2317,鴻海,62,9,53,統一-中壢,2024-11-26,5853
00715L,期街口布蘭特正2,45,0,45,統一-中壢,2024-11-26,5853
1514,亞力,40,5,35,統一-中壢,2024-11-26,5853
2419,仲琦,42,8,34,統一-中壢,2024-11-26,5853
9904,寶成,34,2,32,統一-中壢,2024-11-26,5853
00919,群益台灣精選高息,31,2,29,統一-中壢,2024-11-26,5853
8064,東捷,28,0,28,統一-中壢,2024-11-26,5853
3231,緯創,31,4,27,統一-中壢,2024-11-26,5853
2371,大同,30,4,26,統一-中壢,2024-11-26,5853
5488,松普,25,0,25,統一-中壢,2024-11-26,5853
2607,榮運,22,0,22,統一-中壢,2024-11-26,5853
2486,一詮,23,2,21,統一-中壢,2024-11-26,5853
1220,台榮,20,0,20,統一-中壢,2024-11-26,5853
2344,華邦電,41,21,20,統一-中壢,2024-11-26,5853
2801,彰銀,20,0,20,統一-中壢,2024-11-26,5853
3706,神達,29,9,20,統一-中壢,2024-11-26,5853
5353,台林,20,0,20,統一-中壢,2024-11-26,5853
1336,台翰,18,0,18,統一-中壢,2024-11-26,5853
2367,燿華,18,0,18,統一-中壢,2024-11-26,5853
3499,環天科,18,0,18,統一-中壢,2024-11-26,5853
6558,興能高,34,16,18,統一-中壢,2024-11-26,5853
1314,中石化,20,3,17,統一-中壢,2024-11-26,5853
00878,國泰永續高股息,18,1,17,統一-中壢,2024-11-26,5853
00680L,元大美債20正2,60,44,16,統一-中壢,2024-11-26,5853
00887,永豐中國科技50大,16,0,16,統一-中壢,2024-11-26,5853
9105,泰金寶-DR,16,0,16,統一-中壢,2024-11-26,5853
00905,FT臺灣Smart,16,1,15,統一-中壢,2024-11-26,5853
00915,凱基優選高股息30,14,0,14,統一-中壢,2024-11-26,5853
3323,加百裕,48,36,12,統一-中壢,2024-11-26,5853
00881,國泰台灣5G+,13,1,12,統一-中壢,2024-11-26,5853
5309,系統電,58,46,12,統一-中壢,2024-11-26,5853
3015,全漢,12,1,11,統一-中壢,2024-11-26,5853
006208,富邦台50,17,6,11,統一-中壢,2024-11-26,5853
2388,威盛,10,0,10,統一-中壢,2024-11-26,5853
3050,鈺德,10,0,10,統一-中壢,2024-11-26,5853
3617,碩天,10,0,10,統一-中壢,2024-11-26,5853
4526,東台,15,5,10,統一-中壢,2024-11-26,5853
4934,太極,10,0,10,統一-中壢,2024-11-26,5853
5484,慧友,11,1,10,統一-中壢,2024-11-26,5853
8111,立��,17,7,10,統一-中壢,2024-11-26,5853
00910,第一金太空衛星,10,0,10,統一-中壢,2024-11-26,5853
6405,悅城,10,1,9,統一-中壢,2024-11-26,5853
0050,元大台灣50,8,0,8,統一-中壢,2024-11-26,5853
00922,國泰台灣領袖50,8,0,8,統一-中壢,2024-11-26,5853
00946,群益科技高息成長,8,0,8,統一-中壢,2024-11-26,5853
3044,健鼎,9,1,8,統一-中壢,2024-11-26,5853
2330,台積電,7,0,7,統一-中壢,2024-11-26,5853
2867,三商壽,291,0,291,統一-中壢,2024-11-27,5853
00919,群益台灣精選高息,157,1,156,統一-中壢,2024-11-27,5853
0056,元大高股息,128,2,126,統一-中壢,2024-11-27,5853
00878,國泰永續高股息,130,10,120,統一-中壢,2024-11-27,5853
2609,陽明,168,53,115,統一-中壢,2024-11-27,5853
6873,泓德能源,86,0,86,統一-中壢,2024-11-27,5853
00922,國泰台灣領袖50,86,0,86,統一-中壢,2024-11-27,5853
1102,亞泥,80,0,80,統一-中壢,2024-11-27,5853
2303,聯電,82,8,74,統一-中壢,2024-11-27,5853
6143,振曜,58,1,57,統一-中壢,2024-11-27,5853
2317,鴻海,75,24,51,統一-中壢,2024-11-27,5853
2363,矽統,51,1,50,統一-中壢,2024-11-27,5853
00687B,國泰20年美債,50,1,49,統一-中壢,2024-11-27,5853
006208,富邦台50,46,2,44,統一-中壢,2024-11-27,5853
00673R,期元大S＆P原油反1,50,10,40,統一-中壢,2024-11-27,5853
3231,緯創,41,3,38,統一-中壢,2024-11-27,5853
00680L,元大美債20正2,50,17,33,統一-中壢,2024-11-27,5853
00929,復華台灣科技優息,51,19,32,統一-中壢,2024-11-27,5853
3044,健鼎,31,0,31,統一-中壢,2024-11-27,5853
2371,大同,37,7,30,統一-中壢,2024-11-27,5853
6134,萬旭,29,1,28,統一-中壢,2024-11-27,5853
2615,萬海,43,17,26,統一-中壢,2024-11-27,5853
5488,松普,25,2,23,統一-中壢,2024-11-27,5853
2330,台積電,26,3,23,統一-中壢,2024-11-27,5853
1605,華新,22,0,22,統一-中壢,2024-11-27,5853
1308,亞聚,20,0,20,統一-中壢,2024-11-27,5853
00930,永豐ESG低碳高息,19,0,19,統一-中壢,2024-11-27,5853
00665L,富邦�琤肭磪囓�2,123,104,19,統一-中壢,2024-11-27,5853
2344,華邦電,39,20,19,統一-中壢,2024-11-27,5853
6118,建達,19,0,19,統一-中壢,2024-11-27,5853
2332,友訊,43,25,18,統一-中壢,2024-11-27,5853
2482,連宇,18,0,18,統一-中壢,2024-11-27,5853
2883,凱基金,21,3,18,統一-中壢,2024-11-27,5853
00935,野村臺灣新科技50,17,0,17,統一-中壢,2024-11-27,5853
2356,英業達,21,4,17,統一-中壢,2024-11-27,5853
00881,國泰台灣5G+,16,0,16,統一-中壢,2024-11-27,5853
00891,中信關鍵半導體,16,0,16,統一-中壢,2024-11-27,5853
1532,勤美,20,5,15,統一-中壢,2024-11-27,5853
3527,聚積,15,0,15,統一-中壢,2024-11-27,5853
5522,遠雄,17,3,14,統一-中壢,2024-11-27,5853
2002,中鋼,16,2,14,統一-中壢,2024-11-27,5853
2449,京元電子,15,1,14,統一-中壢,2024-11-27,5853
2834,臺企銀,15,2,13,統一-中壢,2024-11-27,5853
6187,萬潤,15,3,12,統一-中壢,2024-11-27,5853
3406,玉晶光,12,0,12,統一-中壢,2024-11-27,5853
3323,加百裕,17,5,12,統一-中壢,2024-11-27,5853
6120,達運,11,0,11,統一-中壢,2024-11-27,5853
1536,和大,24,13,11,統一-中壢,2024-11-27,5853
6215,和椿,11,0,11,統一-中壢,2024-11-27,5853
2313,華通,10,0,10,統一-中壢,2024-11-27,5853
00632R,元大台灣50反1,1996,170,1826,統一-中壢,2024-11-28,5853
1815,富喬,466,61,405,統一-中壢,2024-11-28,5853
00953B,群益優選非投等債,290,0,290,統一-中壢,2024-11-28,5853
00878,國泰永續高股息,182,1,181,統一-中壢,2024-11-28,5853
2345,智邦,185,5,180,統一-中壢,2024-11-28,5853
00919,群益台灣精選高息,135,26,109,統一-中壢,2024-11-28,5853
0056,元大高股息,82,0,82,統一-中壢,2024-11-28,5853
00940,元大台灣價值高息,68,0,68,統一-中壢,2024-11-28,5853
2312,金寶,53,3,50,統一-中壢,2024-11-28,5853
2332,友訊,91,50,41,統一-中壢,2024-11-28,5853
2371,大同,40,1,39,統一-中壢,2024-11-28,5853
3481,群創,39,2,37,統一-中壢,2024-11-28,5853
5353,台林,35,10,25,統一-中壢,2024-11-28,5853
5314,世紀,24,0,24,統一-中壢,2024-11-28,5853
00934,中信成長高股息,22,0,22,統一-中壢,2024-11-28,5853
4510,高鋒,64,42,22,統一-中壢,2024-11-28,5853
2801,彰銀,20,0,20,統一-中壢,2024-11-28,5853
4545,銘鈺,20,0,20,統一-中壢,2024-11-28,5853
2337,旺宏,32,14,18,統一-中壢,2024-11-28,5853
2887,台新金,32,15,17,統一-中壢,2024-11-28,5853
3450,聯鈞,26,11,15,統一-中壢,2024-11-28,5853
1531,高林股,15,0,15,統一-中壢,2024-11-28,5853
2349,錸德,13,1,12,統一-中壢,2024-11-28,5853
2303,聯電,23,11,12,統一-中壢,2024-11-28,5853
006208,富邦台50,13,2,11,統一-中壢,2024-11-28,5853
8112,至上,10,0,10,統一-中壢,2024-11-28,5853
2062,橋椿,10,0,10,統一-中壢,2024-11-28,5853
2101,南港,10,0,10,統一-中壢,2024-11-28,5853
2482,連宇,10,0,10,統一-中壢,2024-11-28,5853
6292,迅德,10,0,10,統一-中壢,2024-11-28,5853
2615,萬海,32,22,10,統一-中壢,2024-11-28,5853
2317,鴻海,33,24,9,統一-中壢,2024-11-28,5853
00918,大華優利高填息30,9,0,9,統一-中壢,2024-11-28,5853
00881,國泰台灣5G+,9,0,9,統一-中壢,2024-11-28,5853
00730,富邦臺灣優質高息,9,0,9,統一-中壢,2024-11-28,5853
6742,澤米,10,1,9,統一-中壢,2024-11-28,5853
3323,加百裕,14,5,9,統一-中壢,2024-11-28,5853
3037,欣興,12,4,8,統一-中壢,2024-11-28,5853
00633L,富邦上証正2,8,0,8,統一-中壢,2024-11-28,5853
2356,英業達,13,5,8,統一-中壢,2024-11-28,5853
3625,西勝,8,0,8,統一-中壢,2024-11-28,5853
6558,興能高,20,12,8,統一-中壢,2024-11-28,5853
8240,華宏,9,1,8,統一-中壢,2024-11-28,5853
00891,中信關鍵半導體,8,0,8,統一-中壢,2024-11-28,5853
3711,日月光投控,8,1,7,統一-中壢,2024-11-28,5853
00929,復華台灣科技優息,115,108,7,統一-中壢,2024-11-28,5853
2014,中鴻,7,0,7,統一-中壢,2024-11-28,5853
2344,華邦電,27,20,7,統一-中壢,2024-11-28,5853
2845,遠東銀,7,0,7,統一-中壢,2024-11-28,5853
3003,健和興,8,1,7,統一-中壢,2024-11-28,5853
2313,華通,142,1,141,統一-中壢,2024-11-29,5853
00953B,群益優選非投等債,109,5,104,統一-中壢,2024-11-29,5853
2891,中信金,82,0,82,統一-中壢,2024-11-29,5853
00919,群益台灣精選高息,98,27,71,統一-中壢,2024-11-29,5853
00680L,元大美債20正2,60,0,60,統一-中壢,2024-11-29,5853
2887,台新金,52,0,52,統一-中壢,2024-11-29,5853
00937B,群益ESG投等債20,60,15,45,統一-中壢,2024-11-29,5853
1220,台榮,40,0,40,統一-中壢,2024-11-29,5853
2332,友訊,47,8,39,統一-中壢,2024-11-29,5853
3580,友威科,40,1,39,統一-中壢,2024-11-29,5853
1301,台塑,38,0,38,統一-中壢,2024-11-29,5853
6143,振曜,38,2,36,統一-中壢,2024-11-29,5853
2002,中鋼,36,0,36,統一-中壢,2024-11-29,5853
0056,元大高股息,35,1,34,統一-中壢,2024-11-29,5853
00915,凱基優選高股息30,34,0,34,統一-中壢,2024-11-29,5853
00878,國泰永續高股息,36,5,31,統一-中壢,2024-11-29,5853
6742,澤米,31,0,31,統一-中壢,2024-11-29,5853
2312,金寶,34,7,27,統一-中壢,2024-11-29,5853
2615,萬海,29,8,21,統一-中壢,2024-11-29,5853
2882,國泰金,21,1,20,統一-中壢,2024-11-29,5853
2371,大同,18,0,18,統一-中壢,2024-11-29,5853
9105,泰金寶-DR,25,7,18,統一-中壢,2024-11-29,5853
006208,富邦台50,18,0,18,統一-中壢,2024-11-29,5853
4927,泰鼎-KY,17,0,17,統一-中壢,2024-11-29,5853
00929,復華台灣科技優息,27,10,17,統一-中壢,2024-11-29,5853
5871,中租-KY,16,0,16,統一-中壢,2024-11-29,5853
5880,合庫金,16,0,16,統一-中壢,2024-11-29,5853
00632R,元大台灣50反1,35,20,15,統一-中壢,2024-11-29,5853
00715L,期街口布蘭特正2,15,0,15,統一-中壢,2024-11-29,5853
1229,聯華,15,0,15,統一-中壢,2024-11-29,5853
3419,譁裕,15,0,15,統一-中壢,2024-11-29,5853
4729,熒茂,16,1,15,統一-中壢,2024-11-29,5853
6505,台塑化,14,0,14,統一-中壢,2024-11-29,5853
00922,國泰台灣領袖50,22,9,13,統一-中壢,2024-11-29,5853
2609,陽明,22,10,12,統一-中壢,2024-11-29,5853
2303,聯電,14,2,12,統一-中壢,2024-11-29,5853
1519,華城,14,2,12,統一-中壢,2024-11-29,5853
00882,中信中國高股息,12,0,12,統一-中壢,2024-11-29,5853
3706,神達,60,48,12,統一-中壢,2024-11-29,5853
00665L,富邦�琤肭磪囓�2,22,11,11,統一-中壢,2024-11-29,5853
6156,松上,11,0,11,統一-中壢,2024-11-29,5853
5483,中美晶,10,0,10,統一-中壢,2024-11-29,5853
3406,玉晶光,10,0,10,統一-中壢,2024-11-29,5853
1308,亞聚,10,0,10,統一-中壢,2024-11-29,5853
2314,台揚,10,0,10,統一-中壢,2024-11-29,5853
2344,華邦電,12,2,10,統一-中壢,2024-11-29,5853
2409,友達,11,1,10,統一-中壢,2024-11-29,5853
2890,永豐金,10,0,10,統一-中壢,2024-11-29,5853
3290,東浦,10,0,10,統一-中壢,2024-11-29,5853
3499,環天科,10,0,10,統一-中壢,2024-11-29,5853
00632R,元大台灣50反1,2214,0,2214,統一-中壢,2024-12-02,5853
4303,信立,680,9,671,統一-中壢,2024-12-02,5853
00953B,群益優選非投等債,202,8,194,統一-中壢,2024-12-02,5853
00919,群益台灣精選高息,116,31,85,統一-中壢,2024-12-02,5853
2834,臺企銀,84,2,82,統一-中壢,2024-12-02,5853
2313,華通,80,2,78,統一-中壢,2024-12-02,5853
3481,群創,50,8,42,統一-中壢,2024-12-02,5853
00949,復華日本龍頭,40,0,40,統一-中壢,2024-12-02,5853
1815,富喬,67,29,38,統一-中壢,2024-12-02,5853
2444,兆勁,38,1,37,統一-中壢,2024-12-02,5853
00915,凱基優選高股息30,35,2,33,統一-中壢,2024-12-02,5853
00715L,期街口布蘭特正2,30,0,30,統一-中壢,2024-12-02,5853
2855,統一證,36,6,30,統一-中壢,2024-12-02,5853
00960,野村全球航運龍頭,30,0,30,統一-中壢,2024-12-02,5853
1308,亞聚,24,0,24,統一-中壢,2024-12-02,5853
1808,潤隆,23,0,23,統一-中壢,2024-12-02,5853
3211,順達,51,30,21,統一-中壢,2024-12-02,5853
00882,中信中國高股息,21,0,21,統一-中壢,2024-12-02,5853
00664R,國泰臺灣加權反1,20,0,20,統一-中壢,2024-12-02,5853
3499,環天科,20,0,20,統一-中壢,2024-12-02,5853
5314,世紀,20,1,19,統一-中壢,2024-12-02,5853
8086,宏捷科,21,3,18,統一-中壢,2024-12-02,5853
1781,合世,15,0,15,統一-中壢,2024-12-02,5853
0056,元大高股息,17,2,15,統一-中壢,2024-12-02,5853
2337,旺宏,21,7,14,統一-中壢,2024-12-02,5853
00918,大華優利高填息30,16,2,14,統一-中壢,2024-12-02,5853
1220,台榮,13,0,13,統一-中壢,2024-12-02,5853
2303,聯電,19,7,12,統一-中壢,2024-12-02,5853
2323,中環,13,1,12,統一-中壢,2024-12-02,5853
00878,國泰永續高股息,12,0,12,統一-中壢,2024-12-02,5853
6217,中探針,11,0,11,統一-中壢,2024-12-02,5853
2354,鴻準,25,15,10,統一-中壢,2024-12-02,5853
00907,永豐優息存股,10,0,10,統一-中壢,2024-12-02,5853
1710,東聯,10,0,10,統一-中壢,2024-12-02,5853
2612,中航,10,0,10,統一-中壢,2024-12-02,5853
3227,原相,10,0,10,統一-中壢,2024-12-02,5853
00665L,富邦�琤肭磪囓�2,164,155,9,統一-中壢,2024-12-02,5853
2449,京元電子,11,2,9,統一-中壢,2024-12-02,5853
5309,系統電,15,6,9,統一-中壢,2024-12-02,5853
6715,嘉基,9,0,9,統一-中壢,2024-12-02,5853
2317,鴻海,23,14,9,統一-中壢,2024-12-02,5853
1522,堤維西,9,1,8,統一-中壢,2024-12-02,5853
1528,恩德,9,1,8,統一-中壢,2024-12-02,5853
4542,科嶠,8,0,8,統一-中壢,2024-12-02,5853
6937,天虹,8,0,8,統一-中壢,2024-12-02,5853
00887,永豐中國科技50大,7,0,7,統一-中壢,2024-12-02,5853
00930,永豐ESG低碳高息,7,0,7,統一-中壢,2024-12-02,5853
2301,光寶科,8,1,7,統一-中壢,2024-12-02,5853
6290,良維,7,0,7,統一-中壢,2024-12-02,5853
8032,光菱,7,0,7,統一-中壢,2024-12-02,5853
4303,信立,729,49,680,統一-中壢,2024-12-03,5853
00953B,群益優選非投等債,200,0,200,統一-中壢,2024-12-03,5853
00715L,期街口布蘭特正2,125,0,125,統一-中壢,2024-12-03,5853
00878,國泰永續高股息,93,14,79,統一-中壢,2024-12-03,5853
00918,大華優利高填息30,72,0,72,統一-中壢,2024-12-03,5853
00632R,元大台灣50反1,67,0,67,統一-中壢,2024-12-03,5853
00919,群益台灣精選高息,205,161,44,統一-中壢,2024-12-03,5853
2344,華邦電,45,3,42,統一-中壢,2024-12-03,5853
00680L,元大美債20正2,100,60,40,統一-中壢,2024-12-03,5853
1220,台榮,29,0,29,統一-中壢,2024-12-03,5853
00915,凱基優選高股息30,63,40,23,統一-中壢,2024-12-03,5853
1522,堤維西,25,2,23,統一-中壢,2024-12-03,5853
3149,正達,22,0,22,統一-中壢,2024-12-03,5853
2419,仲琦,25,5,20,統一-中壢,2024-12-03,5853
2887,台新金,20,0,20,統一-中壢,2024-12-03,5853
2303,聯電,63,43,20,統一-中壢,2024-12-03,5853
1524,耿鼎,21,3,18,統一-中壢,2024-12-03,5853
8028,昇陽半導體,21,5,16,統一-中壢,2024-12-03,5853
3062,建漢,22,7,15,統一-中壢,2024-12-03,5853
2498,宏達電,42,28,14,統一-中壢,2024-12-03,5853
2062,橋椿,13,0,13,統一-中壢,2024-12-03,5853
6558,興能高,17,5,12,統一-中壢,2024-12-03,5853
6603,富強鑫,12,0,12,統一-中壢,2024-12-03,5853
3323,加百裕,15,4,11,統一-中壢,2024-12-03,5853
2890,永豐金,11,0,11,統一-中壢,2024-12-03,5853
3580,友威科,11,0,11,統一-中壢,2024-12-03,5853
6196,帆宣,11,0,11,統一-中壢,2024-12-03,5853
8929,富堡,11,1,10,統一-中壢,2024-12-03,5853
6873,泓德能源,11,1,10,統一-中壢,2024-12-03,5853
00664R,國泰臺灣加權反1,10,0,10,統一-中壢,2024-12-03,5853
00637L,元大滬深300正2,34,24,10,統一-中壢,2024-12-03,5853
00945B,凱基美國非投等債,10,0,10,統一-中壢,2024-12-03,5853
1216,統一,10,0,10,統一-中壢,2024-12-03,5853
1710,東聯,10,0,10,統一-中壢,2024-12-03,5853
1802,台玻,10,0,10,統一-中壢,2024-12-03,5853
2634,漢翔,10,0,10,統一-中壢,2024-12-03,5853
2903,遠百,10,0,10,統一-中壢,2024-12-03,5853
3499,環天科,10,0,10,統一-中壢,2024-12-03,5853
00948B,中信優息投資級債,10,0,10,統一-中壢,2024-12-03,5853
3338,泰碩,10,1,9,統一-中壢,2024-12-03,5853
6190,萬泰科,10,1,9,統一-中壢,2024-12-03,5853
6679,鈺太,9,0,9,統一-中壢,2024-12-03,5853
1808,潤隆,9,1,8,統一-中壢,2024-12-03,5853
5864,致和證,10,2,8,統一-中壢,2024-12-03,5853
2357,華碩,10,2,8,統一-中壢,2024-12-03,5853
2338,光罩,8,0,8,統一-中壢,2024-12-03,5853
3040,遠見,8,0,8,統一-中壢,2024-12-03,5853
006208,富邦台50,8,1,7,統一-中壢,2024-12-03,5853
5309,系統電,11,4,7,統一-中壢,2024-12-03,5853
6127,九豪,11,4,7,統一-中壢,2024-12-03,5853
2610,華航,412,7,405,統一-中壢,2024-12-04,5853
00919,群益台灣精選高息,239,2,237,統一-中壢,2024-12-04,5853
00918,大華優利高填息30,173,0,173,統一-中壢,2024-12-04,5853
00953B,群益優選非投等債,104,0,104,統一-中壢,2024-12-04,5853
00945B,凱基美國非投等債,100,0,100,統一-中壢,2024-12-04,5853
3665,貿聯-KY,69,5,64,統一-中壢,2024-12-04,5853
2891,中信金,34,1,33,統一-中壢,2024-12-04,5853
3163,波若威,34,4,30,統一-中壢,2024-12-04,5853
2303,聯電,46,22,24,統一-中壢,2024-12-04,5853
2312,金寶,25,1,24,統一-中壢,2024-12-04,5853
2104,國際中橡,23,0,23,統一-中壢,2024-12-04,5853
2385,群光,22,0,22,統一-中壢,2024-12-04,5853
00673R,期元大S＆P原油反1,22,0,22,統一-中壢,2024-12-04,5853
5309,系統電,39,17,22,統一-中壢,2024-12-04,5853
8358,金居,20,1,19,統一-中壢,2024-12-04,5853
6873,泓德能源,29,10,19,統一-中壢,2024-12-04,5853
00940,元大台灣價值高息,20,2,18,統一-中壢,2024-12-04,5853
00712,復華富時不動產,17,0,17,統一-中壢,2024-12-04,5853
3035,智原,17,1,16,統一-中壢,2024-12-04,5853
2371,大同,15,0,15,統一-中壢,2024-12-04,5853
6757,台灣虎航,18,3,15,統一-中壢,2024-12-04,5853
2504,國產,15,0,15,統一-中壢,2024-12-04,5853
2887,台新金,13,0,13,統一-中壢,2024-12-04,5853
00915,凱基優選高股息30,15,2,13,統一-中壢,2024-12-04,5853
9105,泰金寶-DR,16,3,13,統一-中壢,2024-12-04,5853
5871,中租-KY,12,0,12,統一-中壢,2024-12-04,5853
2344,華邦電,18,6,12,統一-中壢,2024-12-04,5853
4562,穎漢,13,1,12,統一-中壢,2024-12-04,5853
00882,中信中國高股息,11,0,11,統一-中壢,2024-12-04,5853
4979,華星光,25,14,11,統一-中壢,2024-12-04,5853
00946,群益科技高息成長,10,0,10,統一-中壢,2024-12-04,5853
00687B,國泰20年美債,10,0,10,統一-中壢,2024-12-04,5853
1464,得力,10,0,10,統一-中壢,2024-12-04,5853
1513,中興電,10,0,10,統一-中壢,2024-12-04,5853
2612,中航,10,0,10,統一-中壢,2024-12-04,5853
3026,禾伸堂,10,0,10,統一-中壢,2024-12-04,5853
3372,典範,10,0,10,統一-中壢,2024-12-04,5853
3550,聯穎,10,0,10,統一-中壢,2024-12-04,5853
6505,台塑化,10,0,10,統一-中壢,2024-12-04,5853
1733,五鼎,9,0,9,統一-中壢,2024-12-04,5853
2419,仲琦,15,6,9,統一-中壢,2024-12-04,5853
2354,鴻準,15,6,9,統一-中壢,2024-12-04,5853
3034,聯詠,8,0,8,統一-中壢,2024-12-04,5853
00637L,元大滬深300正2,22,15,7,統一-中壢,2024-12-04,5853
00887,永豐中國科技50大,7,0,7,統一-中壢,2024-12-04,5853
00795B,中信美國公債20年,7,0,7,統一-中壢,2024-12-04,5853
2409,友達,7,0,7,統一-中壢,2024-12-04,5853
3609,三一東林,10,3,7,統一-中壢,2024-12-04,5853
5371,中光電,9,2,7,統一-中壢,2024-12-04,5853
5009,榮剛,9,2,7,統一-中壢,2024-12-04,5853
00919,群益台灣精選高息,174,3,171,統一-中壢,2024-12-05,5853
00953B,群益優選非投等債,155,0,155,統一-中壢,2024-12-05,5853
3019,亞光,145,23,122,統一-中壢,2024-12-05,5853
00715L,期街口布蘭特正2,122,1,121,統一-中壢,2024-12-05,5853
00680L,元大美債20正2,150,30,120,統一-中壢,2024-12-05,5853
00918,大華優利高填息30,105,0,105,統一-中壢,2024-12-05,5853
1815,富喬,406,324,82,統一-中壢,2024-12-05,5853
00664R,國泰臺灣加權反1,90,10,80,統一-中壢,2024-12-05,5853
2303,聯電,91,20,71,統一-中壢,2024-12-05,5853
00915,凱基優選高股息30,75,10,65,統一-中壢,2024-12-05,5853
6757,台灣虎航,61,0,61,統一-中壢,2024-12-05,5853
00665L,富邦�琤肭磪囓�2,350,298,52,統一-中壢,2024-12-05,5853
00878,國泰永續高股息,47,1,46,統一-中壢,2024-12-05,5853
2027,大成鋼,44,0,44,統一-中壢,2024-12-05,5853
2317,鴻海,43,6,37,統一-中壢,2024-12-05,5853
2634,漢翔,31,0,31,統一-中壢,2024-12-05,5853
00952,凱基台灣AI50,30,0,30,統一-中壢,2024-12-05,5853
2371,大同,30,0,30,統一-中壢,2024-12-05,5853
006208,富邦台50,31,1,30,統一-中壢,2024-12-05,5853
1464,得力,28,0,28,統一-中壢,2024-12-05,5853
2356,英業達,31,3,28,統一-中壢,2024-12-05,5853
6173,信昌電,33,9,24,統一-中壢,2024-12-05,5853
3211,順達,29,8,21,統一-中壢,2024-12-05,5853
3317,尼克森,24,3,21,統一-中壢,2024-12-05,5853
00932,兆豐永續高息等權,20,0,20,統一-中壢,2024-12-05,5853
6873,泓德能源,20,0,20,統一-中壢,2024-12-05,5853
3234,光環,20,1,19,統一-中壢,2024-12-05,5853
4977,眾達-KY,32,15,17,統一-中壢,2024-12-05,5853
6196,帆宣,16,0,16,統一-中壢,2024-12-05,5853
2426,鼎元,17,2,15,統一-中壢,2024-12-05,5853
00887,永豐中國科技50大,15,1,14,統一-中壢,2024-12-05,5853
00885,富邦越南,14,0,14,統一-中壢,2024-12-05,5853
2615,萬海,16,2,14,統一-中壢,2024-12-05,5853
2392,正崴,19,6,13,統一-中壢,2024-12-05,5853
3450,聯鈞,18,5,13,統一-中壢,2024-12-05,5853
2204,中華,16,3,13,統一-中壢,2024-12-05,5853
2375,凱美,25,12,13,統一-中壢,2024-12-05,5853
1513,中興電,12,0,12,統一-中壢,2024-12-05,5853
2603,長榮,11,0,11,統一-中壢,2024-12-05,5853
6257,矽格,11,0,11,統一-中壢,2024-12-05,5853
6505,台塑化,13,2,11,統一-中壢,2024-12-05,5853
3380,明泰,18,7,11,統一-中壢,2024-12-05,5853
2884,玉山金,10,0,10,統一-中壢,2024-12-05,5853
1101,台泥,10,0,10,統一-中壢,2024-12-05,5853
00882,中信中國高股息,10,0,10,統一-中壢,2024-12-05,5853
2406,國碩,10,0,10,統一-中壢,2024-12-05,5853
2612,中航,10,0,10,統一-中壢,2024-12-05,5853
4716,大立,10,0,10,統一-中壢,2024-12-05,5853
9105,泰金寶-DR,15,5,10,統一-中壢,2024-12-05,5853
3712,永崴投控,10,0,10,統一-中壢,2024-12-05,5853
00953B,群益優選非投等債,108,0,108,統一-中壢,2024-12-06,5853
1308,亞聚,107,0,107,統一-中壢,2024-12-06,5853
00715L,期街口布蘭特正2,85,0,85,統一-中壢,2024-12-06,5853
8097,常珵,76,0,76,統一-中壢,2024-12-06,5853
00918,大華優利高填息30,62,5,57,統一-中壢,2024-12-06,5853
00919,群益台灣精選高息,80,26,54,統一-中壢,2024-12-06,5853
2641,正德,50,0,50,統一-中壢,2024-12-06,5853
00915,凱基優選高股息30,58,10,48,統一-中壢,2024-12-06,5853
1815,富喬,116,81,35,統一-中壢,2024-12-06,5853
1220,台榮,30,0,30,統一-中壢,2024-12-06,5853
1605,華新,31,1,30,統一-中壢,2024-12-06,5853
1301,台塑,24,1,23,統一-中壢,2024-12-06,5853
6152,百一,23,2,21,統一-中壢,2024-12-06,5853
3706,神達,73,52,21,統一-中壢,2024-12-06,5853
3707,漢磊,20,0,20,統一-中壢,2024-12-06,5853
2405,輔信,25,6,19,統一-中壢,2024-12-06,5853
6140,訊達,19,0,19,統一-中壢,2024-12-06,5853
2426,鼎元,27,10,17,統一-中壢,2024-12-06,5853
6133,金橋,20,3,17,統一-中壢,2024-12-06,5853
00646,元大S＆P500,16,0,16,統一-中壢,2024-12-06,5853
2374,佳能,18,3,15,統一-中壢,2024-12-06,5853
6962,ITH-KY,15,0,15,統一-中壢,2024-12-06,5853
00642U,期元大S＆P石油,14,0,14,統一-中壢,2024-12-06,5853
006208,富邦台50,18,4,14,統一-中壢,2024-12-06,5853
00941,中信上游半導體,12,0,12,統一-中壢,2024-12-06,5853
1618,合機,13,1,12,統一-中壢,2024-12-06,5853
2312,金寶,15,3,12,統一-中壢,2024-12-06,5853
3019,亞光,15,3,12,統一-中壢,2024-12-06,5853
3511,矽瑪,12,0,12,統一-中壢,2024-12-06,5853
8033,雷虎,13,1,12,統一-中壢,2024-12-06,5853
2363,矽統,15,3,12,統一-中壢,2024-12-06,5853
2646,星宇航空,11,0,11,統一-中壢,2024-12-06,5853
5907,大洋-KY,11,0,11,統一-中壢,2024-12-06,5853
8215,明基材,11,0,11,統一-中壢,2024-12-06,5853
00927,群益半導體收益,10,0,10,統一-中壢,2024-12-06,5853
00724B,群益投資級金融債,10,0,10,統一-中壢,2024-12-06,5853
1402,遠東新,10,0,10,統一-中壢,2024-12-06,5853
2466,冠西電,10,0,10,統一-中壢,2024-12-06,5853
2537,聯上發,10,0,10,統一-中壢,2024-12-06,5853
2612,中航,10,0,10,統一-中壢,2024-12-06,5853
3290,東浦,10,0,10,統一-中壢,2024-12-06,5853
8105,凌巨,10,0,10,統一-中壢,2024-12-06,5853
2888,新光金,10,0,10,統一-中壢,2024-12-06,5853
2457,飛宏,10,1,9,統一-中壢,2024-12-06,5853
2417,圓剛,11,2,9,統一-中壢,2024-12-06,5853
2317,鴻海,18,11,7,統一-中壢,2024-12-06,5853
4977,眾達-KY,7,0,7,統一-中壢,2024-12-06,5853
1504,東元,8,1,7,統一-中壢,2024-12-06,5853
1531,高林股,7,0,7,統一-中壢,2024-12-06,5853
2406,國碩,7,0,7,統一-中壢,2024-12-06,5853
00953B,群益優選非投等債,141,0,141,統一-中壢,2024-12-09,5853
2887,台新金,107,0,107,統一-中壢,2024-12-09,5853
00715L,期街口布蘭特正2,78,0,78,統一-中壢,2024-12-09,5853
1815,富喬,100,24,76,統一-中壢,2024-12-09,5853
00915,凱基優選高股息30,59,10,49,統一-中壢,2024-12-09,5853
00878,國泰永續高股息,36,0,36,統一-中壢,2024-12-09,5853
2801,彰銀,34,0,34,統一-中壢,2024-12-09,5853
00919,群益台灣精選高息,39,6,33,統一-中壢,2024-12-09,5853
2605,新興,32,2,30,統一-中壢,2024-12-09,5853
2641,正德,30,0,30,統一-中壢,2024-12-09,5853
00946,群益科技高息成長,33,3,30,統一-中壢,2024-12-09,5853
6187,萬潤,28,0,28,統一-中壢,2024-12-09,5853
2646,星宇航空,30,4,26,統一-中壢,2024-12-09,5853
2890,永豐金,25,1,24,統一-中壢,2024-12-09,5853
6239,力成,23,0,23,統一-中壢,2024-12-09,5853
2891,中信金,25,3,22,統一-中壢,2024-12-09,5853
00918,大華優利高填息30,21,0,21,統一-中壢,2024-12-09,5853
4977,眾達-KY,27,6,21,統一-中壢,2024-12-09,5853
2374,佳能,21,1,20,統一-中壢,2024-12-09,5853
3033,威健,20,0,20,統一-中壢,2024-12-09,5853
2317,鴻海,30,11,19,統一-中壢,2024-12-09,5853
1220,台榮,18,0,18,統一-中壢,2024-12-09,5853
2505,國揚,18,0,18,統一-中壢,2024-12-09,5853
00887,永豐中國科技50大,17,0,17,統一-中壢,2024-12-09,5853
2354,鴻準,44,28,16,統一-中壢,2024-12-09,5853
2061,風青,24,8,16,統一-中壢,2024-12-09,5853
1513,中興電,17,2,15,統一-中壢,2024-12-09,5853
00642U,期元大S＆P石油,13,0,13,統一-中壢,2024-12-09,5853
3715,定穎投控,26,13,13,統一-中壢,2024-12-09,5853
00922,國泰台灣領袖50,12,0,12,統一-中壢,2024-12-09,5853
8028,昇陽半導體,13,1,12,統一-中壢,2024-12-09,5853
2615,萬海,69,57,12,統一-中壢,2024-12-09,5853
3481,群創,14,2,12,統一-中壢,2024-12-09,5853
2449,京元電子,15,5,10,統一-中壢,2024-12-09,5853
00951,台新日本半導體,12,2,10,統一-中壢,2024-12-09,5853
3323,加百裕,14,4,10,統一-中壢,2024-12-09,5853
00665L,富邦�琤肭磪囓�2,366,356,10,統一-中壢,2024-12-09,5853
00941,中信上游半導體,10,0,10,統一-中壢,2024-12-09,5853
1201,味全,10,0,10,統一-中壢,2024-12-09,5853
1313,聯成,10,0,10,統一-中壢,2024-12-09,5853
1471,首利,10,0,10,統一-中壢,2024-12-09,5853
1605,華新,10,0,10,統一-中壢,2024-12-09,5853
1710,東聯,10,0,10,統一-中壢,2024-12-09,5853
2630,亞航,10,0,10,統一-中壢,2024-12-09,5853
3189,景碩,10,0,10,統一-中壢,2024-12-09,5853
4716,大立,10,0,10,統一-中壢,2024-12-09,5853
6679,鈺太,9,0,9,統一-中壢,2024-12-09,5853
00751B,元大AAA至A公司債,9,0,9,統一-中壢,2024-12-09,5853
00650L,復華香港正2,19,10,9,統一-中壢,2024-12-09,5853
1444,力麗,9,0,9,統一-中壢,2024-12-09,5853
5269,祥碩,113,0,113,統一-中壢,2024-12-10,5853
1815,富喬,110,6,104,統一-中壢,2024-12-10,5853
00882,中信中國高股息,95,10,85,統一-中壢,2024-12-10,5853
00637L,元大滬深300正2,215,151,64,統一-中壢,2024-12-10,5853
2344,華邦電,61,1,60,統一-中壢,2024-12-10,5853
3481,群創,100,50,50,統一-中壢,2024-12-10,5853
00919,群益台灣精選高息,54,6,48,統一-中壢,2024-12-10,5853
2883,凱基金,50,2,48,統一-中壢,2024-12-10,5853
00918,大華優利高填息30,44,0,44,統一-中壢,2024-12-10,5853
3041,揚智,48,6,42,統一-中壢,2024-12-10,5853
2317,鴻海,47,5,42,統一-中壢,2024-12-10,5853
2401,凌陽,37,2,35,統一-中壢,2024-12-10,5853
2354,鴻準,41,6,35,統一-中壢,2024-12-10,5853
00636,國泰中國A50,34,0,34,統一-中壢,2024-12-10,5853
5328,華容,38,5,33,統一-中壢,2024-12-10,5853
3607,谷崧,31,1,30,統一-中壢,2024-12-10,5853
00687B,國泰20年美債,29,0,29,統一-中壢,2024-12-10,5853
2641,正德,26,0,26,統一-中壢,2024-12-10,5853
00715L,期街口布蘭特正2,25,0,25,統一-中壢,2024-12-10,5853
3499,環天科,30,6,24,統一-中壢,2024-12-10,5853
2349,錸德,20,0,20,統一-中壢,2024-12-10,5853
2612,中航,20,0,20,統一-中壢,2024-12-10,5853
2801,彰銀,20,0,20,統一-中壢,2024-12-10,5853
2303,聯電,20,1,19,統一-中壢,2024-12-10,5853
2353,宏��,20,1,19,統一-中壢,2024-12-10,5853
00953B,群益優選非投等債,18,0,18,統一-中壢,2024-12-10,5853
2610,華航,22,4,18,統一-中壢,2024-12-10,5853
3706,神達,51,35,16,統一-中壢,2024-12-10,5853
2615,萬海,14,1,13,統一-中壢,2024-12-10,5853
9105,泰金寶-DR,13,0,13,統一-中壢,2024-12-10,5853
2609,陽明,29,17,12,統一-中壢,2024-12-10,5853
3231,緯創,13,1,12,統一-中壢,2024-12-10,5853
2399,映泰,18,6,12,統一-中壢,2024-12-10,5853
00950B,凱基A級公司債,11,0,11,統一-中壢,2024-12-10,5853
2426,鼎元,11,0,11,統一-中壢,2024-12-10,5853
2427,三商電,11,0,11,統一-中壢,2024-12-10,5853
00878,國泰永續高股息,23,12,11,統一-中壢,2024-12-10,5853
00909,國泰數位支付服務,10,0,10,統一-中壢,2024-12-10,5853
2357,華碩,10,0,10,統一-中壢,2024-12-10,5853
00895,富邦未來車,10,0,10,統一-中壢,2024-12-10,5853
2601,益航,10,0,10,統一-中壢,2024-12-10,5853
2915,潤泰全,12,2,10,統一-中壢,2024-12-10,5853
4534,慶騰,10,0,10,統一-中壢,2024-12-10,5853
6189,豐藝,10,0,10,統一-中壢,2024-12-10,5853
6191,精成科,10,0,10,統一-中壢,2024-12-10,5853
8411,福貞-KY,10,0,10,統一-中壢,2024-12-10,5853
8011,台通,9,0,9,統一-中壢,2024-12-10,5853
8028,昇陽半導體,11,2,9,統一-中壢,2024-12-10,5853
5202,力新,11,4,7,統一-中壢,2024-12-10,5853
6416,瑞祺電通,7,0,7,統一-中壢,2024-12-10,5853
2344,華邦電,448,56,392,統一-中壢,2024-12-11,5853
00919,群益台灣精選高息,107,0,107,統一-中壢,2024-12-11,5853
00918,大華優利高填息30,78,0,78,統一-中壢,2024-12-11,5853
2610,華航,82,7,75,統一-中壢,2024-12-11,5853
2426,鼎元,50,6,44,統一-中壢,2024-12-11,5853
00713,元大台灣高息低波,42,0,42,統一-中壢,2024-12-11,5853
00915,凱基優選高股息30,44,6,38,統一-中壢,2024-12-11,5853
4303,信立,37,0,37,統一-中壢,2024-12-11,5853
00772B,中信高評級公司債,30,0,30,統一-中壢,2024-12-11,5853
3380,明泰,30,4,26,統一-中壢,2024-12-11,5853
2887,台新金,31,10,21,統一-中壢,2024-12-11,5853
2458,義隆,20,0,20,統一-中壢,2024-12-11,5853
2612,中航,20,0,20,統一-中壢,2024-12-11,5853
2880,華南金,20,0,20,統一-中壢,2024-12-11,5853
00637L,元大滬深300正2,26,7,19,統一-中壢,2024-12-11,5853
3231,緯創,18,0,18,統一-中壢,2024-12-11,5853
2363,矽統,29,11,18,統一-中壢,2024-12-11,5853
2515,中工,18,0,18,統一-中壢,2024-12-11,5853
2630,亞航,25,7,18,統一-中壢,2024-12-11,5853
2317,鴻海,35,18,17,統一-中壢,2024-12-11,5853
2891,中信金,22,5,17,統一-中壢,2024-12-11,5853
00878,國泰永續高股息,41,25,16,統一-中壢,2024-12-11,5853
2609,陽明,30,14,16,統一-中壢,2024-12-11,5853
00680L,元大美債20正2,15,0,15,統一-中壢,2024-12-11,5853
2427,三商電,15,0,15,統一-中壢,2024-12-11,5853
3024,憶聲,15,0,15,統一-中壢,2024-12-11,5853
3062,建漢,15,0,15,統一-中壢,2024-12-11,5853
6133,金橋,15,0,15,統一-中壢,2024-12-11,5853
00650L,復華香港正2,20,6,14,統一-中壢,2024-12-11,5853
2402,毅嘉,14,0,14,統一-中壢,2024-12-11,5853
3706,神達,35,22,13,統一-中壢,2024-12-11,5853
00940,元大台灣價值高息,18,5,13,統一-中壢,2024-12-11,5853
0056,元大高股息,13,0,13,統一-中壢,2024-12-11,5853
1605,華新,13,0,13,統一-中壢,2024-12-11,5853
00679B,元大美債20年,12,0,12,統一-中壢,2024-12-11,5853
00753L,中信中國50正2,14,2,12,統一-中壢,2024-12-11,5853
4956,光鋐,22,10,12,統一-中壢,2024-12-11,5853
6187,萬潤,13,2,11,統一-中壢,2024-12-11,5853
00795B,中信美國公債20年,11,0,11,統一-中壢,2024-12-11,5853
00830,國泰費城半導體,11,0,11,統一-中壢,2024-12-11,5853
00887,永豐中國科技50大,14,3,11,統一-中壢,2024-12-11,5853
1313,聯成,11,0,11,統一-中壢,2024-12-11,5853
6191,精成科,11,0,11,統一-中壢,2024-12-11,5853
3293,鈊象,11,0,11,統一-中壢,2024-12-11,5853
00631L,元大台灣50正2,10,0,10,統一-中壢,2024-12-11,5853
00952,凱基台灣AI50,10,0,10,統一-中壢,2024-12-11,5853
2417,圓剛,10,0,10,統一-中壢,2024-12-11,5853
3665,貿聯-KY,10,0,10,統一-中壢,2024-12-11,5853
1326,台化,15,5,10,統一-中壢,2024-12-11,5853
3693,營邦,9,0,9,統一-中壢,2024-12-11,5853
00679B,元大美債20年,69,3,66,統一-中壢,2024-12-12,5853
00918,大華優利高填息30,64,0,64,統一-中壢,2024-12-12,5853
1536,和大,64,4,60,統一-中壢,2024-12-12,5853
00680L,元大美債20正2,51,0,51,統一-中壢,2024-12-12,5853
6116,彩晶,51,0,51,統一-中壢,2024-12-12,5853
3019,亞光,47,5,42,統一-中壢,2024-12-12,5853
00919,群益台灣精選高息,40,0,40,統一-中壢,2024-12-12,5853
3234,光環,39,0,39,統一-中壢,2024-12-12,5853
00673R,期元大S＆P原油反1,37,0,37,統一-中壢,2024-12-12,5853
2891,中信金,43,8,35,統一-中壢,2024-12-12,5853
00687B,國泰20年美債,35,0,35,統一-中壢,2024-12-12,5853
2303,聯電,52,20,32,統一-中壢,2024-12-12,5853
2371,大同,32,1,31,統一-中壢,2024-12-12,5853
00639,富邦深100,30,0,30,統一-中壢,2024-12-12,5853
00937B,群益ESG投等債20,30,0,30,統一-中壢,2024-12-12,5853
1449,佳和,31,2,29,統一-中壢,2024-12-12,5853
2618,長榮航,34,5,29,統一-中壢,2024-12-12,5853
2374,佳能,41,13,28,統一-中壢,2024-12-12,5853
1220,台榮,29,2,27,統一-中壢,2024-12-12,5853
2002,中鋼,28,2,26,統一-中壢,2024-12-12,5853
3029,零壹,27,2,25,統一-中壢,2024-12-12,5853
6112,邁達特,31,6,25,統一-中壢,2024-12-12,5853
2337,旺宏,25,2,23,統一-中壢,2024-12-12,5853
3706,神達,54,31,23,統一-中壢,2024-12-12,5853
5269,祥碩,23,0,23,統一-中壢,2024-12-12,5853
1609,大亞,24,3,21,統一-中壢,2024-12-12,5853
00772B,中信高評級公司債,21,0,21,統一-中壢,2024-12-12,5853
00959B,大華投等美債15Y+,19,0,19,統一-中壢,2024-12-12,5853
2344,華邦電,19,0,19,統一-中壢,2024-12-12,5853
2449,京元電子,17,0,17,統一-中壢,2024-12-12,5853
2006,東和鋼鐵,16,0,16,統一-中壢,2024-12-12,5853
00751B,元大AAA至A公司債,15,0,15,統一-中壢,2024-12-12,5853
4931,新盛力,17,2,15,統一-中壢,2024-12-12,5853
6140,訊達,16,2,14,統一-中壢,2024-12-12,5853
1708,東鹼,12,0,12,統一-中壢,2024-12-12,5853
2354,鴻準,27,15,12,統一-中壢,2024-12-12,5853
2607,榮運,12,0,12,統一-中壢,2024-12-12,5853
2637,慧洋-KY,12,0,12,統一-中壢,2024-12-12,5853
3014,聯陽,12,0,12,統一-中壢,2024-12-12,5853
00712,復華富時不動產,11,0,11,統一-中壢,2024-12-12,5853
00795B,中信美國公債20年,11,0,11,統一-中壢,2024-12-12,5853
3013,晟銘電,14,3,11,統一-中壢,2024-12-12,5853
3051,力特,11,0,11,統一-中壢,2024-12-12,5853
2317,鴻海,26,15,11,統一-中壢,2024-12-12,5853
1326,台化,25,15,10,統一-中壢,2024-12-12,5853
1434,福懋,10,0,10,統一-中壢,2024-12-12,5853
1529,樂事綠能,10,0,10,統一-中壢,2024-12-12,5853
2429,銘旺科,10,0,10,統一-中壢,2024-12-12,5853
3372,典範,10,0,10,統一-中壢,2024-12-12,5853
4906,正文,10,0,10,統一-中壢,2024-12-12,5853
5907,大洋-KY,103,0,103,統一-中壢,2024-12-13,5853
00665L,富邦�琤肭磪囓�2,499,405,94,統一-中壢,2024-12-13,5853
00915,凱基優選高股息30,81,9,72,統一-中壢,2024-12-13,5853
2610,華航,54,0,54,統一-中壢,2024-12-13,5853
00637L,元大滬深300正2,99,46,53,統一-中壢,2024-12-13,5853
00950B,凱基A級公司債,52,0,52,統一-中壢,2024-12-13,5853
3481,群創,47,1,46,統一-中壢,2024-12-13,5853
2845,遠東銀,41,0,41,統一-中壢,2024-12-13,5853
00919,群益台灣精選高息,44,5,39,統一-中壢,2024-12-13,5853
00664R,國泰臺灣加權反1,35,0,35,統一-中壢,2024-12-13,5853
3591,艾笛森,35,0,35,統一-中壢,2024-12-13,5853
00937B,群益ESG投等債20,34,0,34,統一-中壢,2024-12-13,5853
2317,鴻海,37,4,33,統一-中壢,2024-12-13,5853
00922,國泰台灣領袖50,33,2,31,統一-中壢,2024-12-13,5853
00882,中信中國高股息,33,3,30,統一-中壢,2024-12-13,5853
00680L,元大美債20正2,27,0,27,統一-中壢,2024-12-13,5853
00918,大華優利高填息30,46,19,27,統一-中壢,2024-12-13,5853
00713,元大台灣高息低波,24,0,24,統一-中壢,2024-12-13,5853
6116,彩晶,24,0,24,統一-中壢,2024-12-13,5853
2371,大同,24,2,22,統一-中壢,2024-12-13,5853
2607,榮運,22,0,22,統一-中壢,2024-12-13,5853
3231,緯創,22,0,22,統一-中壢,2024-12-13,5853
6505,台塑化,23,2,21,統一-中壢,2024-12-13,5853
00959B,大華投等美債15Y+,21,0,21,統一-中壢,2024-12-13,5853
2313,華通,26,5,21,統一-中壢,2024-12-13,5853
00650L,復華香港正2,21,1,20,統一-中壢,2024-12-13,5853
00772B,中信高評級公司債,20,0,20,統一-中壢,2024-12-13,5853
2880,華南金,20,0,20,統一-中壢,2024-12-13,5853
3323,加百裕,39,20,19,統一-中壢,2024-12-13,5853
00878,國泰永續高股息,40,22,18,統一-中壢,2024-12-13,5853
00687B,國泰20年美債,17,0,17,統一-中壢,2024-12-13,5853
3706,神達,40,23,17,統一-中壢,2024-12-13,5853
2353,宏��,17,0,17,統一-中壢,2024-12-13,5853
3380,明泰,16,0,16,統一-中壢,2024-12-13,5853
5203,訊連,16,0,16,統一-中壢,2024-12-13,5853
8089,康全電訊,19,4,15,統一-中壢,2024-12-13,5853
2002,中鋼,15,1,14,統一-中壢,2024-12-13,5853
6143,振曜,16,2,14,統一-中壢,2024-12-13,5853
8121,越峰,14,0,14,統一-中壢,2024-12-13,5853
00887,永豐中國科技50大,13,0,13,統一-中壢,2024-12-13,5853
00679B,元大美債20年,39,26,13,統一-中壢,2024-12-13,5853
0056,元大高股息,35,23,12,統一-中壢,2024-12-13,5853
1605,華新,12,0,12,統一-中壢,2024-12-13,5853
2883,凱基金,16,4,12,統一-中壢,2024-12-13,5853
4906,正文,12,0,12,統一-中壢,2024-12-13,5853
4576,大銀微系統,11,0,11,統一-中壢,2024-12-13,5853
2834,臺企銀,11,0,11,統一-中壢,2024-12-13,5853
1301,台塑,10,0,10,統一-中壢,2024-12-13,5853
00962,台新AI優息動能,10,0,10,統一-中壢,2024-12-13,5853
1536,和大,10,0,10,統一-中壢,2024-12-13,5853
00937B,群益ESG投等債20,172,22,150,統一-中壢,2024-12-16,5853
00950B,凱基A級公司債,103,0,103,統一-中壢,2024-12-16,5853
00679B,元大美債20年,73,8,65,統一-中壢,2024-12-16,5853
6757,台灣虎航,63,0,63,統一-中壢,2024-12-16,5853
00687B,國泰20年美債,68,5,63,統一-中壢,2024-12-16,5853
2317,鴻海,62,10,52,統一-中壢,2024-12-16,5853
00918,大華優利高填息30,65,15,50,統一-中壢,2024-12-16,5853
00919,群益台灣精選高息,82,45,37,統一-中壢,2024-12-16,5853
00915,凱基優選高股息30,36,0,36,統一-中壢,2024-12-16,5853
00725B,國泰投資級公司債,48,12,36,統一-中壢,2024-12-16,5853
00905,FT臺灣Smart,39,6,33,統一-中壢,2024-12-16,5853
6116,彩晶,32,0,32,統一-中壢,2024-12-16,5853
2641,正德,30,2,28,統一-中壢,2024-12-16,5853
00680L,元大美債20正2,47,20,27,統一-中壢,2024-12-16,5853
2374,佳能,37,11,26,統一-中壢,2024-12-16,5853
3234,光環,33,10,23,統一-中壢,2024-12-16,5853
3231,緯創,23,1,22,統一-中壢,2024-12-16,5853
00673R,期元大S＆P原油反1,22,0,22,統一-中壢,2024-12-16,5853
2002,中鋼,26,5,21,統一-中壢,2024-12-16,5853
6143,振曜,21,0,21,統一-中壢,2024-12-16,5853
3044,健鼎,20,1,19,統一-中壢,2024-12-16,5853
00959B,大華投等美債15Y+,19,0,19,統一-中壢,2024-12-16,5853
0056,元大高股息,18,0,18,統一-中壢,2024-12-16,5853
2891,中信金,21,3,18,統一-中壢,2024-12-16,5853
2609,陽明,39,21,18,統一-中壢,2024-12-16,5853
00646,元大S＆P500,17,0,17,統一-中壢,2024-12-16,5853
3037,欣興,20,3,17,統一-中壢,2024-12-16,5853
00948B,中信優息投資級債,17,0,17,統一-中壢,2024-12-16,5853
3450,聯鈞,38,22,16,統一-中壢,2024-12-16,5853
2354,鴻準,17,1,16,統一-中壢,2024-12-16,5853
6187,萬潤,19,4,15,統一-中壢,2024-12-16,5853
00795B,中信美國公債20年,14,0,14,統一-中壢,2024-12-16,5853
6592,和潤企業,14,0,14,統一-中壢,2024-12-16,5853
8249,菱光,20,7,13,統一-中壢,2024-12-16,5853
3211,順達,18,5,13,統一-中壢,2024-12-16,5853
3017,奇鋐,12,0,12,統一-中壢,2024-12-16,5853
00637L,元大滬深300正2,32,20,12,統一-中壢,2024-12-16,5853
2388,威盛,20,8,12,統一-中壢,2024-12-16,5853
2528,皇普,12,0,12,統一-中壢,2024-12-16,5853
3594,磐儀,20,8,12,統一-中壢,2024-12-16,5853
00665L,富邦�琤肭磪囓�2,222,211,11,統一-中壢,2024-12-16,5853
00887,永豐中國科技50大,12,1,11,統一-中壢,2024-12-16,5853
2062,橋椿,15,4,11,統一-中壢,2024-12-16,5853
3622,洋華,11,0,11,統一-中壢,2024-12-16,5853
6191,精成科,11,0,11,統一-中壢,2024-12-16,5853
2382,廣達,13,2,11,統一-中壢,2024-12-16,5853
3481,群創,30,20,10,統一-中壢,2024-12-16,5853
2408,南亞科,15,5,10,統一-中壢,2024-12-16,5853
2892,第一金,10,0,10,統一-中壢,2024-12-16,5853
00922,國泰台灣領袖50,14,4,10,統一-中壢,2024-12-16,5853
00918,大華優利高填息30,505,2,503,統一-中壢,2024-12-17,5853
00712,復華富時不動產,113,0,113,統一-中壢,2024-12-17,5853
2409,友達,78,0,78,統一-中壢,2024-12-17,5853
00948B,中信優息投資級債,71,0,71,統一-中壢,2024-12-17,5853
3481,群創,71,5,66,統一-中壢,2024-12-17,5853
00937B,群益ESG投等債20,58,0,58,統一-中壢,2024-12-17,5853
00679B,元大美債20年,58,2,56,統一-中壢,2024-12-17,5853
2426,鼎元,53,0,53,統一-中壢,2024-12-17,5853
00950B,凱基A級公司債,50,0,50,統一-中壢,2024-12-17,5853
1528,恩德,50,0,50,統一-中壢,2024-12-17,5853
2371,大同,48,0,48,統一-中壢,2024-12-17,5853
00687B,國泰20年美債,44,1,43,統一-中壢,2024-12-17,5853
3702,大聯大,42,0,42,統一-中壢,2024-12-17,5853
00650L,復華香港正2,40,0,40,統一-中壢,2024-12-17,5853
00966B,統一ESG投等債15,40,0,40,統一-中壢,2024-12-17,5853
00713,元大台灣高息低波,33,0,33,統一-中壢,2024-12-17,5853
5515,建國,29,0,29,統一-中壢,2024-12-17,5853
6140,訊達,28,0,28,統一-中壢,2024-12-17,5853
5880,合庫金,27,0,27,統一-中壢,2024-12-17,5853
2317,鴻海,36,10,26,統一-中壢,2024-12-17,5853
1815,富喬,62,37,25,統一-中壢,2024-12-17,5853
1708,東鹼,21,0,21,統一-中壢,2024-12-17,5853
00878,國泰永續高股息,32,11,21,統一-中壢,2024-12-17,5853
2867,三商壽,20,0,20,統一-中壢,2024-12-17,5853
3062,建漢,20,0,20,統一-中壢,2024-12-17,5853
00882,中信中國高股息,20,1,19,統一-中壢,2024-12-17,5853
1402,遠東新,19,0,19,統一-中壢,2024-12-17,5853
2408,南亞科,33,14,19,統一-中壢,2024-12-17,5853
2834,臺企銀,26,7,19,統一-中壢,2024-12-17,5853
00772B,中信高評級公司債,18,0,18,統一-中壢,2024-12-17,5853
00915,凱基優選高股息30,23,5,18,統一-中壢,2024-12-17,5853
2312,金寶,17,2,15,統一-中壢,2024-12-17,5853
2464,盟立,30,15,15,統一-中壢,2024-12-17,5853
2314,台揚,16,1,15,統一-中壢,2024-12-17,5853
5314,世紀,14,0,14,統一-中壢,2024-12-17,5853
00951,台新日本半導體,13,0,13,統一-中壢,2024-12-17,5853
00725B,國泰投資級公司債,13,0,13,統一-中壢,2024-12-17,5853
2014,中鴻,13,0,13,統一-中壢,2024-12-17,5853
2615,萬海,21,8,13,統一-中壢,2024-12-17,5853
00893,國泰智能電動車,14,2,12,統一-中壢,2024-12-17,5853
2374,佳能,33,21,12,統一-中壢,2024-12-17,5853
2609,陽明,35,23,12,統一-中壢,2024-12-17,5853
0056,元大高股息,12,1,11,統一-中壢,2024-12-17,5853
2303,聯電,58,47,11,統一-中壢,2024-12-17,5853
00939,統一台灣高息動能,13,2,11,統一-中壢,2024-12-17,5853
2515,中工,11,0,11,統一-中壢,2024-12-17,5853
6405,悅城,11,0,11,統一-中壢,2024-12-17,5853
6592,和潤企業,13,2,11,統一-中壢,2024-12-17,5853
5706,鳳凰,11,0,11,統一-中壢,2024-12-17,5853
4979,華星光,11,1,10,統一-中壢,2024-12-17,5853
2610,華航,623,50,573,統一-中壢,2024-12-18,5853
00950B,凱基A級公司債,80,0,80,統一-中壢,2024-12-18,5853
00680L,元大美債20正2,80,10,70,統一-中壢,2024-12-18,5853
00639,富邦深100,70,0,70,統一-中壢,2024-12-18,5853
6757,台灣虎航,61,0,61,統一-中壢,2024-12-18,5853
1536,和大,48,2,46,統一-中壢,2024-12-18,5853
00878,國泰永續高股息,46,0,46,統一-中壢,2024-12-18,5853
00918,大華優利高填息30,45,0,45,統一-中壢,2024-12-18,5853
1220,台榮,44,2,42,統一-中壢,2024-12-18,5853
5314,世紀,42,0,42,統一-中壢,2024-12-18,5853
00937B,群益ESG投等債20,39,0,39,統一-中壢,2024-12-18,5853
2354,鴻準,36,0,36,統一-中壢,2024-12-18,5853
2881,富邦金,34,0,34,統一-中壢,2024-12-18,5853
3481,群創,34,0,34,統一-中壢,2024-12-18,5853
00919,群益台灣精選高息,38,7,31,統一-中壢,2024-12-18,5853
3029,零壹,24,0,24,統一-中壢,2024-12-18,5853
00953B,群益優選非投等債,24,0,24,統一-中壢,2024-12-18,5853
3019,亞光,32,9,23,統一-中壢,2024-12-18,5853
3545,敦泰,21,0,21,統一-中壢,2024-12-18,5853
2887,台新金,20,0,20,統一-中壢,2024-12-18,5853
2834,臺企銀,21,1,20,統一-中壢,2024-12-18,5853
00909,國泰數位支付服務,17,0,17,統一-中壢,2024-12-18,5853
4977,眾達-KY,16,2,14,統一-中壢,2024-12-18,5853
2515,中工,16,2,14,統一-中壢,2024-12-18,5853
4540,全球傳動,36,23,13,統一-中壢,2024-12-18,5853
2408,南亞科,27,14,13,統一-中壢,2024-12-18,5853
1303,南亞,14,2,12,統一-中壢,2024-12-18,5853
3380,明泰,12,0,12,統一-中壢,2024-12-18,5853
2002,中鋼,11,0,11,統一-中壢,2024-12-18,5853
2427,三商電,11,0,11,統一-中壢,2024-12-18,5853
2891,中信金,16,5,11,統一-中壢,2024-12-18,5853
6134,萬旭,16,5,11,統一-中壢,2024-12-18,5853
00900,富邦特選高股息30,22,12,10,統一-中壢,2024-12-18,5853
00924,復華S＆P500成長,10,0,10,統一-中壢,2024-12-18,5853
1528,恩德,10,0,10,統一-中壢,2024-12-18,5853
2611,志信,10,0,10,統一-中壢,2024-12-18,5853
2612,中航,10,0,10,統一-中壢,2024-12-18,5853
2801,彰銀,20,10,10,統一-中壢,2024-12-18,5853
2880,華南金,10,0,10,統一-中壢,2024-12-18,5853
6589,台康生技,10,0,10,統一-中壢,2024-12-18,5853
00650L,復華香港正2,9,0,9,統一-中壢,2024-12-18,5853
00712,復華富時不動產,8,0,8,統一-中壢,2024-12-18,5853
2374,佳能,27,19,8,統一-中壢,2024-12-18,5853
2464,盟立,8,0,8,統一-中壢,2024-12-18,5853
4510,高鋒,11,3,8,統一-中壢,2024-12-18,5853
00679B,元大美債20年,7,0,7,統一-中壢,2024-12-18,5853
2867,三商壽,7,0,7,統一-中壢,2024-12-18,5853
3090,日電貿,7,0,7,統一-中壢,2024-12-18,5853
5871,中租-KY,8,1,7,統一-中壢,2024-12-18,5853
8042,金山電,12,5,7,統一-中壢,2024-12-18,5853
00632R,元大台灣50反1,519,2,517,統一-中壢,2024-12-19,5853
2883,凱基金,226,0,226,統一-中壢,2024-12-19,5853
00680L,元大美債20正2,150,10,140,統一-中壢,2024-12-19,5853
00795B,中信美國公債20年,94,1,93,統一-中壢,2024-12-19,5853
00918,大華優利高填息30,109,17,92,統一-中壢,2024-12-19,5853
00878,國泰永續高股息,77,10,67,統一-中壢,2024-12-19,5853
00953B,群益優選非投等債,52,0,52,統一-中壢,2024-12-19,5853
00687B,國泰20年美債,72,21,51,統一-中壢,2024-12-19,5853
00950B,凱基A級公司債,43,0,43,統一-中壢,2024-12-19,5853
2233,宇隆,55,12,43,統一-中壢,2024-12-19,5853
2317,鴻海,45,3,42,統一-中壢,2024-12-19,5853
3019,亞光,114,74,40,統一-中壢,2024-12-19,5853
00830,國泰費城半導體,37,1,36,統一-中壢,2024-12-19,5853
2845,遠東銀,36,0,36,統一-中壢,2024-12-19,5853
00966B,統一ESG投等債15,34,0,34,統一-中壢,2024-12-19,5853
00772B,中信高評級公司債,34,5,29,統一-中壢,2024-12-19,5853
1733,五鼎,29,0,29,統一-中壢,2024-12-19,5853
2618,長榮航,33,4,29,統一-中壢,2024-12-19,5853
2303,聯電,91,62,29,統一-中壢,2024-12-19,5853
5880,合庫金,29,1,28,統一-中壢,2024-12-19,5853
9945,潤泰新,27,0,27,統一-中壢,2024-12-19,5853
00948B,中信優息投資級債,27,0,27,統一-中壢,2024-12-19,5853
1303,南亞,23,0,23,統一-中壢,2024-12-19,5853
0056,元大高股息,22,0,22,統一-中壢,2024-12-19,5853
00905,FT臺灣Smart,20,0,20,統一-中壢,2024-12-19,5853
00945B,凱基美國非投等債,20,0,20,統一-中壢,2024-12-19,5853
2409,友達,30,10,20,統一-中壢,2024-12-19,5853
8277,商丞,20,0,20,統一-中壢,2024-12-19,5853
00679B,元大美債20年,79,60,19,統一-中壢,2024-12-19,5853
00915,凱基優選高股息30,17,0,17,統一-中壢,2024-12-19,5853
00712,復華富時不動產,17,1,16,統一-中壢,2024-12-19,5853
1536,和大,21,5,16,統一-中壢,2024-12-19,5853
00646,元大S＆P500,15,0,15,統一-中壢,2024-12-19,5853
2371,大同,17,2,15,統一-中壢,2024-12-19,5853
2354,鴻準,15,1,14,統一-中壢,2024-12-19,5853
2609,陽明,25,11,14,統一-中壢,2024-12-19,5853
00959B,大華投等美債15Y+,14,0,14,統一-中壢,2024-12-19,5853
00931B,統一美債20年,13,0,13,統一-中壢,2024-12-19,5853
1708,東鹼,13,0,13,統一-中壢,2024-12-19,5853
00757,統一FANG+,12,0,12,統一-中壢,2024-12-19,5853
2002,中鋼,13,1,12,統一-中壢,2024-12-19,5853
00937B,群益ESG投等債20,17,5,12,統一-中壢,2024-12-19,5853
00922,國泰台灣領袖50,11,0,11,統一-中壢,2024-12-19,5853
00933B,國泰10Y+金融債,11,0,11,統一-中壢,2024-12-19,5853
1101,台泥,11,0,11,統一-中壢,2024-12-19,5853
2388,威盛,12,1,11,統一-中壢,2024-12-19,5853
00919,群益台灣精選高息,50,40,10,統一-中壢,2024-12-19,5853
00930,永豐ESG低碳高息,10,0,10,統一-中壢,2024-12-19,5853
1102,亞泥,10,0,10,統一-中壢,2024-12-19,5853
1504,東元,10,0,10,統一-中壢,2024-12-19,5853
