Ticker,Name,buy,sell,diff,Branch,Date,Branch_Code
2609,陽明,105,14,91,元富-新店,2023-01-03,5922
2317,鴻海,66,15,51,元富-新店,2023-01-03,5922
4162,智擎,47,5,42,元富-新店,2023-01-03,5922
3704,合勤控,46,5,41,元富-新店,2023-01-03,5922
2881,富邦金,35,5,30,元富-新店,2023-01-03,5922
00679B,元大美債20年,39,10,29,元富-新店,2023-01-03,5922
4747,強生,30,4,26,元富-新店,2023-01-03,5922
2618,長榮航,47,22,25,元富-新店,2023-01-03,5922
2606,裕民,23,0,23,元富-新店,2023-01-03,5922
8171,天宇,36,13,23,元富-新店,2023-01-03,5922
00637L,元大滬深300正2,22,0,22,元富-新店,2023-01-03,5922
2313,華通,21,0,21,元富-新店,2023-01-03,5922
00669R,國泰美國道瓊反1,19,0,19,元富-新店,2023-01-03,5922
00720B,元大投資級公司債,18,0,18,元富-新店,2023-01-03,5922
2610,華航,15,0,15,元富-新店,2023-01-03,5922
2614,東森,18,4,14,元富-新店,2023-01-03,5922
3231,緯創,12,0,12,元富-新店,2023-01-03,5922
2399,映泰,14,2,12,元富-新店,2023-01-03,5922
2615,萬海,17,6,11,元富-新店,2023-01-03,5922
0056,元大高股息,11,1,10,元富-新店,2023-01-03,5922
3491,昇達科,10,0,10,元富-新店,2023-01-03,5922
2890,永豐金,30,20,10,元富-新店,2023-01-03,5922
3508,位速,10,0,10,元富-新店,2023-01-03,5922
1701,中化,26,16,10,元富-新店,2023-01-03,5922
2314,台揚,10,0,10,元富-新店,2023-01-03,5922
6153,嘉聯益,10,0,10,元富-新店,2023-01-03,5922
1326,台化,10,0,10,元富-新店,2023-01-03,5922
4402,郡都開發,10,0,10,元富-新店,2023-01-03,5922
3466,德晉,10,0,10,元富-新店,2023-01-03,5922
6589,台康生技,8,0,8,元富-新店,2023-01-03,5922
2388,威盛,10,2,8,元富-新店,2023-01-03,5922
00712,復華富時不動產,8,1,7,元富-新店,2023-01-03,5922
6109,亞元,16,10,6,元富-新店,2023-01-03,5922
3707,漢磊,6,0,6,元富-新店,2023-01-03,5922
00751B,元大AAA至A公司債,6,0,6,元富-新店,2023-01-03,5922
2201,裕隆,17,11,6,元富-新店,2023-01-03,5922
3059,華晶科,6,0,6,元富-新店,2023-01-03,5922
2867,三商壽,5,0,5,元富-新店,2023-01-03,5922
6220,岳豐,5,0,5,元富-新店,2023-01-03,5922
00696B,富邦美債20年,5,0,5,元富-新店,2023-01-03,5922
6855,數泓科,5,0,5,元富-新店,2023-01-03,5922
2883,凱基金,5,0,5,元富-新店,2023-01-03,5922
00893,國泰智能電動車,15,10,5,元富-新店,2023-01-03,5922
2312,金寶,5,0,5,元富-新店,2023-01-03,5922
00671R,富邦NASDAQ反1,5,0,5,元富-新店,2023-01-03,5922
2542,興富發,5,0,5,元富-新店,2023-01-03,5922
9904,寶成,5,0,5,元富-新店,2023-01-03,5922
2929,淘帝-KY,5,0,5,元富-新店,2023-01-03,5922
1514,亞力,18,13,5,元富-新店,2023-01-03,5922
0050,元大台灣50,4,0,4,元富-新店,2023-01-03,5922
2371,大同,160,0,160,元富-新店,2023-01-04,5922
6517,保勝光學,67,0,67,元富-新店,2023-01-04,5922
6550,北極星藥業-KY,61,5,56,元富-新店,2023-01-04,5922
3712,永崴投控,57,3,54,元富-新店,2023-01-04,5922
2317,鴻海,50,4,46,元富-新店,2023-01-04,5922
2637,慧洋-KY,72,29,43,元富-新店,2023-01-04,5922
00715L,期街口布蘭特正2,38,0,38,元富-新店,2023-01-04,5922
00893,國泰智能電動車,27,0,27,元富-新店,2023-01-04,5922
2617,台航,23,0,23,元富-新店,2023-01-04,5922
4950,牧東,20,0,20,元富-新店,2023-01-04,5922
3037,欣興,31,15,16,元富-新店,2023-01-04,5922
3466,德晉,15,0,15,元富-新店,2023-01-04,5922
00637L,元大滬深300正2,50,37,13,元富-新店,2023-01-04,5922
6782,視陽,15,2,13,元富-新店,2023-01-04,5922
1736,喬山,29,16,13,元富-新店,2023-01-04,5922
1417,嘉裕,32,20,12,元富-新店,2023-01-04,5922
2369,菱生,11,0,11,元富-新店,2023-01-04,5922
00670L,富邦NASDAQ正2,11,0,11,元富-新店,2023-01-04,5922
8046,南電,15,5,10,元富-新店,2023-01-04,5922
1810,和成,10,0,10,元富-新店,2023-01-04,5922
4114,健喬,31,21,10,元富-新店,2023-01-04,5922
3056,富華新,10,0,10,元富-新店,2023-01-04,5922
4130,健亞,15,5,10,元富-新店,2023-01-04,5922
3128,昇銳,10,0,10,元富-新店,2023-01-04,5922
6806,森崴能源,99,89,10,元富-新店,2023-01-04,5922
00882,中信中國高股息,10,1,9,元富-新店,2023-01-04,5922
8028,昇陽半導體,8,0,8,元富-新店,2023-01-04,5922
6585,鼎基,8,0,8,元富-新店,2023-01-04,5922
5488,松普,7,0,7,元富-新店,2023-01-04,5922
4155,訊映,7,0,7,元富-新店,2023-01-04,5922
3504,揚明光,9,2,7,元富-新店,2023-01-04,5922
8234,新漢,20,13,7,元富-新店,2023-01-04,5922
4904,遠傳,6,0,6,元富-新店,2023-01-04,5922
2231,為升,6,0,6,元富-新店,2023-01-04,5922
6456,GIS-KY,6,0,6,元富-新店,2023-01-04,5922
9907,統一實,6,0,6,元富-新店,2023-01-04,5922
2465,麗臺,8,2,6,元富-新店,2023-01-04,5922
2002,中鋼,7,1,6,元富-新店,2023-01-04,5922
6441,廣錠,32,26,6,元富-新店,2023-01-04,5922
1101,台泥,5,0,5,元富-新店,2023-01-04,5922
6109,亞元,20,15,5,元富-新店,2023-01-04,5922
6477,安集,8,3,5,元富-新店,2023-01-04,5922
4927,泰鼎-KY,5,0,5,元富-新店,2023-01-04,5922
2375,凱美,5,0,5,元富-新店,2023-01-04,5922
2504,國產,5,0,5,元富-新店,2023-01-04,5922
2607,榮運,5,0,5,元富-新店,2023-01-04,5922
00725B,國泰投資級公司債,5,0,5,元富-新店,2023-01-04,5922
8255,朋程,5,0,5,元富-新店,2023-01-04,5922
0056,元大高股息,4,0,4,元富-新店,2023-01-04,5922
6245,立端,6,2,4,元富-新店,2023-01-04,5922
2492,華新科,73,0,73,元富-新店,2023-01-05,5922
00878,國泰永續高股息,82,15,67,元富-新店,2023-01-05,5922
00632R,元大台灣50反1,111,62,49,元富-新店,2023-01-05,5922
4707,磐亞,42,0,42,元富-新店,2023-01-05,5922
00715L,期街口布蘭特正2,37,0,37,元富-新店,2023-01-05,5922
4961,天鈺,36,5,31,元富-新店,2023-01-05,5922
6182,合晶,25,0,25,元富-新店,2023-01-05,5922
2375,凱美,24,0,24,元富-新店,2023-01-05,5922
1701,中化,27,4,23,元富-新店,2023-01-05,5922
3504,揚明光,23,1,22,元富-新店,2023-01-05,5922
00725B,國泰投資級公司債,21,0,21,元富-新店,2023-01-05,5922
1309,台達化,20,1,19,元富-新店,2023-01-05,5922
1522,堤維西,20,3,17,元富-新店,2023-01-05,5922
1605,華新,30,15,15,元富-新店,2023-01-05,5922
2317,鴻海,31,17,14,元富-新店,2023-01-05,5922
4171,瑞基,27,15,12,元富-新店,2023-01-05,5922
2312,金寶,12,0,12,元富-新店,2023-01-05,5922
6274,台燿,11,0,11,元富-新店,2023-01-05,5922
00671R,富邦NASDAQ反1,11,0,11,元富-新店,2023-01-05,5922
2419,仲琦,23,12,11,元富-新店,2023-01-05,5922
3704,合勤控,30,20,10,元富-新店,2023-01-05,5922
2880,華南金,10,0,10,元富-新店,2023-01-05,5922
8429,金麗-KY,10,0,10,元富-新店,2023-01-05,5922
3030,德律,10,0,10,元富-新店,2023-01-05,5922
2617,台航,10,0,10,元富-新店,2023-01-05,5922
2834,臺企銀,10,0,10,元富-新店,2023-01-05,5922
2642,宅配通,11,3,8,元富-新店,2023-01-05,5922
5351,鈺創,17,9,8,元富-新店,2023-01-05,5922
8069,元太,11,4,7,元富-新店,2023-01-05,5922
2382,廣達,7,0,7,元富-新店,2023-01-05,5922
1720,生達,10,3,7,元富-新店,2023-01-05,5922
1234,黑松,7,0,7,元富-新店,2023-01-05,5922
6244,茂迪,18,11,7,元富-新店,2023-01-05,5922
00900,富邦特選高股息30,7,0,7,元富-新店,2023-01-05,5922
2308,台達電,6,0,6,元富-新店,2023-01-05,5922
5009,榮剛,16,10,6,元富-新店,2023-01-05,5922
00706L,期元大S＆P日圓正2,6,0,6,元富-新店,2023-01-05,5922
6139,亞翔,6,0,6,元富-新店,2023-01-05,5922
1529,樂事綠能,37,31,6,元富-新店,2023-01-05,5922
3083,網龍,7,1,6,元富-新店,2023-01-05,5922
00642U,期元大S＆P石油,6,0,6,元富-新店,2023-01-05,5922
2409,友達,6,0,6,元富-新店,2023-01-05,5922
4142,國光生,6,0,6,元富-新店,2023-01-05,5922
6282,康舒,5,0,5,元富-新店,2023-01-05,5922
3037,欣興,6,1,5,元富-新店,2023-01-05,5922
2371,大同,5,0,5,元富-新店,2023-01-05,5922
1584,精剛,5,0,5,元富-新店,2023-01-05,5922
2915,潤泰全,8,3,5,元富-新店,2023-01-05,5922
1810,和成,5,0,5,元富-新店,2023-01-05,5922
9907,統一實,5,0,5,元富-新店,2023-01-05,5922
00720B,元大投資級公司債,59,1,58,元富-新店,2023-01-06,5922
4707,磐亞,44,0,44,元富-新店,2023-01-06,5922
5284,jpp-KY,36,1,35,元富-新店,2023-01-06,5922
00632R,元大台灣50反1,40,7,33,元富-新店,2023-01-06,5922
3479,安勤,71,38,33,元富-新店,2023-01-06,5922
4114,健喬,58,26,32,元富-新店,2023-01-06,5922
2637,慧洋-KY,31,1,30,元富-新店,2023-01-06,5922
3704,合勤控,48,19,29,元富-新店,2023-01-06,5922
8028,昇陽半導體,25,0,25,元富-新店,2023-01-06,5922
6215,和椿,56,34,22,元富-新店,2023-01-06,5922
6589,台康生技,26,5,21,元富-新店,2023-01-06,5922
1795,美時,31,11,20,元富-新店,2023-01-06,5922
8110,華東,20,0,20,元富-新店,2023-01-06,5922
8436,大江,20,0,20,元富-新店,2023-01-06,5922
4961,天鈺,32,12,20,元富-新店,2023-01-06,5922
1519,華城,60,40,20,元富-新店,2023-01-06,5922
6441,廣錠,17,0,17,元富-新店,2023-01-06,5922
3545,敦泰,21,5,16,元富-新店,2023-01-06,5922
00885,富邦越南,16,1,15,元富-新店,2023-01-06,5922
3189,景碩,20,5,15,元富-新店,2023-01-06,5922
2317,鴻海,16,2,14,元富-新店,2023-01-06,5922
2886,兆豐金,13,0,13,元富-新店,2023-01-06,5922
6443,元晶,20,7,13,元富-新店,2023-01-06,5922
2618,長榮航,12,0,12,元富-新店,2023-01-06,5922
2884,玉山金,13,1,12,元富-新店,2023-01-06,5922
2329,華泰,13,1,12,元富-新店,2023-01-06,5922
2609,陽明,12,1,11,元富-新店,2023-01-06,5922
1522,堤維西,11,0,11,元富-新店,2023-01-06,5922
8222,寶一,10,0,10,元富-新店,2023-01-06,5922
3305,昇貿,10,0,10,元富-新店,2023-01-06,5922
3265,台星科,10,0,10,元富-新店,2023-01-06,5922
00679B,元大美債20年,11,1,10,元富-新店,2023-01-06,5922
2308,台達電,9,0,9,元富-新店,2023-01-06,5922
6245,立端,9,0,9,元富-新店,2023-01-06,5922
3712,永崴投控,10,1,9,元富-新店,2023-01-06,5922
5269,祥碩,9,0,9,元富-新店,2023-01-06,5922
4919,新唐,8,0,8,元富-新店,2023-01-06,5922
00878,國泰永續高股息,15,7,8,元富-新店,2023-01-06,5922
6719,力智,8,1,7,元富-新店,2023-01-06,5922
3576,聯合再生,7,0,7,元富-新店,2023-01-06,5922
2236,百達-KY,10,3,7,元富-新店,2023-01-06,5922
6202,盛群,7,0,7,元富-新店,2023-01-06,5922
2615,萬海,18,12,6,元富-新店,2023-01-06,5922
2605,新興,6,0,6,元富-新店,2023-01-06,5922
00706L,期元大S＆P日圓正2,6,0,6,元富-新店,2023-01-06,5922
2328,廣宇,7,1,6,元富-新店,2023-01-06,5922
1529,樂事綠能,82,76,6,元富-新店,2023-01-06,5922
5371,中光電,6,0,6,元富-新店,2023-01-06,5922
6176,瑞儀,5,0,5,元富-新店,2023-01-06,5922
4968,立積,11,6,5,元富-新店,2023-01-06,5922
00885,富邦越南,223,2,221,元富-新店,2023-01-09,5922
2610,華航,125,11,114,元富-新店,2023-01-09,5922
00632R,元大台灣50反1,257,150,107,元富-新店,2023-01-09,5922
00720B,元大投資級公司債,35,0,35,元富-新店,2023-01-09,5922
2409,友達,40,10,30,元富-新店,2023-01-09,5922
4707,磐亞,29,0,29,元富-新店,2023-01-09,5922
5905,南仁湖,20,0,20,元富-新店,2023-01-09,5922
00676R,富邦臺灣加權反1,20,0,20,元富-新店,2023-01-09,5922
00664R,國泰臺灣加權反1,20,0,20,元富-新店,2023-01-09,5922
3209,全科,20,0,20,元富-新店,2023-01-09,5922
4961,天鈺,28,13,15,元富-新店,2023-01-09,5922
3305,昇貿,12,0,12,元富-新店,2023-01-09,5922
2603,長榮,13,2,11,元富-新店,2023-01-09,5922
1752,南光,30,19,11,元富-新店,2023-01-09,5922
1609,大亞,11,0,11,元富-新店,2023-01-09,5922
6712,長聖,13,2,11,元富-新店,2023-01-09,5922
6182,合晶,12,2,10,元富-新店,2023-01-09,5922
8222,寶一,10,0,10,元富-新店,2023-01-09,5922
6435,大中,9,0,9,元富-新店,2023-01-09,5922
2367,燿華,20,11,9,元富-新店,2023-01-09,5922
00642U,期元大S＆P石油,10,1,9,元富-新店,2023-01-09,5922
8069,元太,30,22,8,元富-新店,2023-01-09,5922
2201,裕隆,74,66,8,元富-新店,2023-01-09,5922
6147,頎邦,8,0,8,元富-新店,2023-01-09,5922
2208,台船,8,0,8,元富-新店,2023-01-09,5922
4736,泰博,7,0,7,元富-新店,2023-01-09,5922
2889,國票金,10,3,7,元富-新店,2023-01-09,5922
2444,兆勁,7,0,7,元富-新店,2023-01-09,5922
2236,百達-KY,20,13,7,元富-新店,2023-01-09,5922
6214,精誠,6,0,6,元富-新店,2023-01-09,5922
3092,鴻碩,6,0,6,元富-新店,2023-01-09,5922
6279,胡連,6,0,6,元富-新店,2023-01-09,5922
3546,宇峻,6,0,6,元富-新店,2023-01-09,5922
3088,艾訊,6,0,6,元富-新店,2023-01-09,5922
2458,義隆,7,1,6,元富-新店,2023-01-09,5922
6176,瑞儀,6,1,5,元富-新店,2023-01-09,5922
3624,光頡,5,0,5,元富-新店,2023-01-09,5922
3466,德晉,5,0,5,元富-新店,2023-01-09,5922
2014,中鴻,16,11,5,元富-新店,2023-01-09,5922
3032,偉訓,5,0,5,元富-新店,2023-01-09,5922
4168,醣聯,5,0,5,元富-新店,2023-01-09,5922
1522,堤維西,6,1,5,元富-新店,2023-01-09,5922
3390,旭軟,5,0,5,元富-新店,2023-01-09,5922
3712,永崴投控,5,0,5,元富-新店,2023-01-09,5922
9919,康那香,5,0,5,元富-新店,2023-01-09,5922
6472,保瑞,5,0,5,元富-新店,2023-01-09,5922
4171,瑞基,8,4,4,元富-新店,2023-01-09,5922
8450,霹靂,4,0,4,元富-新店,2023-01-09,5922
2607,榮運,4,0,4,元富-新店,2023-01-09,5922
4746,台耀,6,2,4,元富-新店,2023-01-09,5922
2409,友達,42,7,35,元富-新店,2023-01-10,5922
1701,中化,35,5,30,元富-新店,2023-01-10,5922
1605,華新,50,25,25,元富-新店,2023-01-10,5922
9941,裕融,23,0,23,元富-新店,2023-01-10,5922
2881,富邦金,20,0,20,元富-新店,2023-01-10,5922
6109,亞元,20,0,20,元富-新店,2023-01-10,5922
2312,金寶,20,0,20,元富-新店,2023-01-10,5922
6550,北極星藥業-KY,23,4,19,元富-新店,2023-01-10,5922
1736,喬山,22,3,19,元富-新店,2023-01-10,5922
3704,合勤控,47,29,18,元富-新店,2023-01-10,5922
5302,太欣,16,0,16,元富-新店,2023-01-10,5922
3093,港建*,15,0,15,元富-新店,2023-01-10,5922
00637L,元大滬深300正2,40,25,15,元富-新店,2023-01-10,5922
2615,萬海,11,0,11,元富-新店,2023-01-10,5922
8033,雷虎,11,0,11,元富-新店,2023-01-10,5922
3036,文曄,10,0,10,元富-新店,2023-01-10,5922
1313,聯成,10,0,10,元富-新店,2023-01-10,5922
4707,磐亞,10,0,10,元富-新店,2023-01-10,5922
6026,福邦證,10,0,10,元富-新店,2023-01-10,5922
6806,森崴能源,14,4,10,元富-新店,2023-01-10,5922
3189,景碩,10,1,9,元富-新店,2023-01-10,5922
4746,台耀,10,1,9,元富-新店,2023-01-10,5922
4915,致伸,9,0,9,元富-新店,2023-01-10,5922
1710,東聯,8,0,8,元富-新店,2023-01-10,5922
1815,富喬,8,0,8,元富-新店,2023-01-10,5922
8086,宏捷科,8,0,8,元富-新店,2023-01-10,5922
6770,力積電,14,7,7,元富-新店,2023-01-10,5922
5425,台半,15,8,7,元富-新店,2023-01-10,5922
8050,廣積,9,2,7,元富-新店,2023-01-10,5922
2727,王品,7,0,7,元富-新店,2023-01-10,5922
2338,光罩,8,1,7,元富-新店,2023-01-10,5922
3034,聯詠,21,15,6,元富-新店,2023-01-10,5922
6441,廣錠,5,0,5,元富-新店,2023-01-10,5922
6443,元晶,42,37,5,元富-新店,2023-01-10,5922
1444,力麗,5,0,5,元富-新店,2023-01-10,5922
5871,中租-KY,5,0,5,元富-新店,2023-01-10,5922
5351,鈺創,11,6,5,元富-新店,2023-01-10,5922
4906,正文,5,0,5,元富-新店,2023-01-10,5922
00633L,富邦上証正2,5,0,5,元富-新店,2023-01-10,5922
4105,東洋,5,0,5,元富-新店,2023-01-10,5922
2038,海光,5,0,5,元富-新店,2023-01-10,5922
8105,凌巨,21,16,5,元富-新店,2023-01-10,5922
00725B,國泰投資級公司債,5,0,5,元富-新店,2023-01-10,5922
6176,瑞儀,4,0,4,元富-新店,2023-01-10,5922
2317,鴻海,7,3,4,元富-新店,2023-01-10,5922
2609,陽明,8,4,4,元富-新店,2023-01-10,5922
4903,聯光通,4,0,4,元富-新店,2023-01-10,5922
1783,和康生,4,0,4,元富-新店,2023-01-10,5922
1519,華城,14,10,4,元富-新店,2023-01-10,5922
1513,中興電,6,2,4,元富-新店,2023-01-10,5922
4931,新盛力,51,0,51,元富-新店,2023-01-11,5922
6142,友勁,38,0,38,元富-新店,2023-01-11,5922
2542,興富發,37,0,37,元富-新店,2023-01-11,5922
2344,華邦電,46,10,36,元富-新店,2023-01-11,5922
00715L,期街口布蘭特正2,33,0,33,元富-新店,2023-01-11,5922
3479,安勤,37,4,33,元富-新店,2023-01-11,5922
2892,第一金,31,0,31,元富-新店,2023-01-11,5922
00701,國泰股利精選30,30,0,30,元富-新店,2023-01-11,5922
4904,遠傳,26,0,26,元富-新店,2023-01-11,5922
00885,富邦越南,27,4,23,元富-新店,2023-01-11,5922
9941,裕融,22,1,21,元富-新店,2023-01-11,5922
3027,盛達,27,7,20,元富-新店,2023-01-11,5922
8261,富鼎,15,0,15,元富-新店,2023-01-11,5922
1444,力麗,20,5,15,元富-新店,2023-01-11,5922
00679B,元大美債20年,14,0,14,元富-新店,2023-01-11,5922
8046,南電,16,2,14,元富-新店,2023-01-11,5922
6609,瀧澤科,14,0,14,元富-新店,2023-01-11,5922
5410,國眾,13,0,13,元富-新店,2023-01-11,5922
1605,華新,31,19,12,元富-新店,2023-01-11,5922
1608,華榮,12,1,11,元富-新店,2023-01-11,5922
9928,中視,11,0,11,元富-新店,2023-01-11,5922
2887,台新金,10,0,10,元富-新店,2023-01-11,5922
2867,三商壽,10,0,10,元富-新店,2023-01-11,5922
6185,幃翔,10,0,10,元富-新店,2023-01-11,5922
8358,金居,11,1,10,元富-新店,2023-01-11,5922
2436,偉詮電,10,1,9,元富-新店,2023-01-11,5922
2609,陽明,26,17,9,元富-新店,2023-01-11,5922
4743,合一,11,2,9,元富-新店,2023-01-11,5922
2236,百達-KY,10,1,9,元富-新店,2023-01-11,5922
3443,創意,23,15,8,元富-新店,2023-01-11,5922
1441,大東,8,0,8,元富-新店,2023-01-11,5922
8222,寶一,10,2,8,元富-新店,2023-01-11,5922
1219,福壽,8,0,8,元富-新店,2023-01-11,5922
00878,國泰永續高股息,7,0,7,元富-新店,2023-01-11,5922
3014,聯陽,14,7,7,元富-新店,2023-01-11,5922
2313,華通,7,0,7,元富-新店,2023-01-11,5922
1734,杏輝,7,0,7,元富-新店,2023-01-11,5922
5309,系統電,11,4,7,元富-新店,2023-01-11,5922
8163,達方,7,0,7,元富-新店,2023-01-11,5922
1795,美時,11,5,6,元富-新店,2023-01-11,5922
4171,瑞基,9,3,6,元富-新店,2023-01-11,5922
00720B,元大投資級公司債,6,0,6,元富-新店,2023-01-11,5922
4979,華星光,15,9,6,元富-新店,2023-01-11,5922
2888,新光金,7,1,6,元富-新店,2023-01-11,5922
2743,山富,6,0,6,元富-新店,2023-01-11,5922
6187,萬潤,6,0,6,元富-新店,2023-01-11,5922
3044,健鼎,6,0,6,元富-新店,2023-01-11,5922
2881,富邦金,10,5,5,元富-新店,2023-01-11,5922
1718,中纖,5,0,5,元富-新店,2023-01-11,5922
2616,山隆,5,0,5,元富-新店,2023-01-11,5922
00632R,元大台灣50反1,129,18,111,元富-新店,2023-01-12,5922
2607,榮運,52,0,52,元富-新店,2023-01-12,5922
2885,元大金,51,0,51,元富-新店,2023-01-12,5922
2409,友達,50,0,50,元富-新店,2023-01-12,5922
2892,第一金,40,0,40,元富-新店,2023-01-12,5922
1605,華新,68,33,35,元富-新店,2023-01-12,5922
2358,廷鑫,44,9,35,元富-新店,2023-01-12,5922
2317,鴻海,25,1,24,元富-新店,2023-01-12,5922
2609,陽明,35,12,23,元富-新店,2023-01-12,5922
2312,金寶,22,0,22,元富-新店,2023-01-12,5922
8086,宏捷科,22,0,22,元富-新店,2023-01-12,5922
00673R,期元大S＆P原油反1,20,0,20,元富-新店,2023-01-12,5922
00708L,期元大S＆P黃金正2,20,0,20,元富-新店,2023-01-12,5922
6142,友勁,30,10,20,元富-新店,2023-01-12,5922
6276,安鈦克,19,0,19,元富-新店,2023-01-12,5922
6176,瑞儀,14,0,14,元富-新店,2023-01-12,5922
00671R,富邦NASDAQ反1,13,0,13,元富-新店,2023-01-12,5922
2603,長榮,13,2,11,元富-新店,2023-01-12,5922
3402,漢科,11,0,11,元富-新店,2023-01-12,5922
2009,第一銅,32,21,11,元富-新店,2023-01-12,5922
00878,國泰永續高股息,12,1,11,元富-新店,2023-01-12,5922
5410,國眾,10,0,10,元富-新店,2023-01-12,5922
2349,錸德,10,0,10,元富-新店,2023-01-12,5922
8028,昇陽半導體,10,0,10,元富-新店,2023-01-12,5922
2038,海光,10,0,10,元富-新店,2023-01-12,5922
2611,志信,10,0,10,元富-新店,2023-01-12,5922
2425,承啟,10,0,10,元富-新店,2023-01-12,5922
4904,遠傳,12,3,9,元富-新店,2023-01-12,5922
2884,玉山金,9,0,9,元富-新店,2023-01-12,5922
4167,松瑞藥,12,3,9,元富-新店,2023-01-12,5922
2308,台達電,8,0,8,元富-新店,2023-01-12,5922
3189,景碩,9,1,8,元富-新店,2023-01-12,5922
3710,連展投控,7,0,7,元富-新店,2023-01-12,5922
2484,希華,7,0,7,元富-新店,2023-01-12,5922
2374,佳能,7,0,7,元富-新店,2023-01-12,5922
2610,華航,13,6,7,元富-新店,2023-01-12,5922
5009,榮剛,9,2,7,元富-新店,2023-01-12,5922
00885,富邦越南,6,0,6,元富-新店,2023-01-12,5922
2405,輔信,7,1,6,元富-新店,2023-01-12,5922
3479,安勤,8,2,6,元富-新店,2023-01-12,5922
2912,統一超,6,0,6,元富-新店,2023-01-12,5922
2495,普安,6,0,6,元富-新店,2023-01-12,5922
4746,台耀,8,2,6,元富-新店,2023-01-12,5922
1720,生達,6,0,6,元富-新店,2023-01-12,5922
6441,廣錠,6,0,6,元富-新店,2023-01-12,5922
6547,高端疫苗,5,0,5,元富-新店,2023-01-12,5922
8255,朋程,6,1,5,元富-新店,2023-01-12,5922
6266,泰詠,5,0,5,元富-新店,2023-01-12,5922
6005,群益證,5,0,5,元富-新店,2023-01-12,5922
3628,盈正,5,0,5,元富-新店,2023-01-12,5922
2409,友達,125,4,121,元富-新店,2023-01-13,5922
3189,景碩,63,6,57,元富-新店,2023-01-13,5922
2371,大同,50,0,50,元富-新店,2023-01-13,5922
00900,富邦特選高股息30,50,2,48,元富-新店,2023-01-13,5922
00632R,元大台灣50反1,76,29,47,元富-新店,2023-01-13,5922
2312,金寶,27,0,27,元富-新店,2023-01-13,5922
00891,中信關鍵半導體,28,2,26,元富-新店,2023-01-13,5922
6245,立端,36,11,25,元富-新店,2023-01-13,5922
2851,中再保,20,0,20,元富-新店,2023-01-13,5922
00901,永豐智能車供應鏈,20,0,20,元富-新店,2023-01-13,5922
8183,精星,20,1,19,元富-新店,2023-01-13,5922
5302,太欣,17,0,17,元富-新店,2023-01-13,5922
00701,國泰股利精選30,15,0,15,元富-新店,2023-01-13,5922
2444,兆勁,15,0,15,元富-新店,2023-01-13,5922
5258,虹堡,15,1,14,元富-新店,2023-01-13,5922
8050,廣積,19,5,14,元富-新店,2023-01-13,5922
8028,昇陽半導體,23,10,13,元富-新店,2023-01-13,5922
8933,愛地雅,36,23,13,元富-新店,2023-01-13,5922
1608,華榮,12,0,12,元富-新店,2023-01-13,5922
2812,台中銀,12,0,12,元富-新店,2023-01-13,5922
00713,元大台灣高息低波,11,0,11,元富-新店,2023-01-13,5922
6546,正基,13,2,11,元富-新店,2023-01-13,5922
00885,富邦越南,10,0,10,元富-新店,2023-01-13,5922
6153,嘉聯益,10,0,10,元富-新店,2023-01-13,5922
1305,華夏,10,0,10,元富-新店,2023-01-13,5922
3390,旭軟,10,0,10,元富-新店,2023-01-13,5922
00671R,富邦NASDAQ反1,10,0,10,元富-新店,2023-01-13,5922
6589,台康生技,10,0,10,元富-新店,2023-01-13,5922
2459,敦吉,10,0,10,元富-新店,2023-01-13,5922
2889,國票金,23,14,9,元富-新店,2023-01-13,5922
9907,統一實,15,6,9,元富-新店,2023-01-13,5922
1752,南光,41,32,9,元富-新店,2023-01-13,5922
2423,固緯,8,0,8,元富-新店,2023-01-13,5922
00635U,期元大S＆P黃金,10,2,8,元富-新店,2023-01-13,5922
00679B,元大美債20年,12,5,7,元富-新店,2023-01-13,5922
00896,中信綠能及電動車,7,0,7,元富-新店,2023-01-13,5922
1598,岱宇,7,0,7,元富-新店,2023-01-13,5922
2303,聯電,42,35,7,元富-新店,2023-01-13,5922
2498,宏達電,68,62,6,元富-新店,2023-01-13,5922
2342,茂矽,6,0,6,元富-新店,2023-01-13,5922
3024,憶聲,6,0,6,元富-新店,2023-01-13,5922
3687,歐買尬,9,3,6,元富-新店,2023-01-13,5922
2897,王道銀行,10,4,6,元富-新店,2023-01-13,5922
1795,美時,8,2,6,元富-新店,2023-01-13,5922
8112,至上,5,0,5,元富-新店,2023-01-13,5922
2472,立隆電,5,0,5,元富-新店,2023-01-13,5922
5388,中磊,5,0,5,元富-新店,2023-01-13,5922
6282,康舒,5,0,5,元富-新店,2023-01-13,5922
6411,晶焱,5,0,5,元富-新店,2023-01-13,5922
3545,敦泰,9,4,5,元富-新店,2023-01-13,5922
8421,旭源,133,0,133,元富-新店,2023-01-16,5922
6770,力積電,51,11,40,元富-新店,2023-01-16,5922
2344,華邦電,30,0,30,元富-新店,2023-01-16,5922
1219,福壽,30,0,30,元富-新店,2023-01-16,5922
00635U,期元大S＆P黃金,30,0,30,元富-新店,2023-01-16,5922
00900,富邦特選高股息30,28,0,28,元富-新店,2023-01-16,5922
2317,鴻海,26,0,26,元富-新店,2023-01-16,5922
00885,富邦越南,26,2,24,元富-新店,2023-01-16,5922
1101,台泥,33,11,22,元富-新店,2023-01-16,5922
2812,台中銀,21,0,21,元富-新店,2023-01-16,5922
2867,三商壽,20,0,20,元富-新店,2023-01-16,5922
2610,華航,39,21,18,元富-新店,2023-01-16,5922
00671R,富邦NASDAQ反1,15,0,15,元富-新店,2023-01-16,5922
00720B,元大投資級公司債,15,0,15,元富-新店,2023-01-16,5922
1229,聯華,14,0,14,元富-新店,2023-01-16,5922
2637,慧洋-KY,15,2,13,元富-新店,2023-01-16,5922
00901,永豐智能車供應鏈,10,0,10,元富-新店,2023-01-16,5922
2014,中鴻,18,8,10,元富-新店,2023-01-16,5922
00895,富邦未來車,10,0,10,元富-新店,2023-01-16,5922
00679B,元大美債20年,9,0,9,元富-新店,2023-01-16,5922
2412,中華電,10,1,9,元富-新店,2023-01-16,5922
00673R,期元大S＆P原油反1,12,3,9,元富-新店,2023-01-16,5922
2618,長榮航,22,14,8,元富-新店,2023-01-16,5922
2376,技嘉,10,2,8,元富-新店,2023-01-16,5922
4919,新唐,10,2,8,元富-新店,2023-01-16,5922
1314,中石化,7,0,7,元富-新店,2023-01-16,5922
1605,華新,14,7,7,元富-新店,2023-01-16,5922
00882,中信中國高股息,10,3,7,元富-新店,2023-01-16,5922
4961,天鈺,11,5,6,元富-新店,2023-01-16,5922
6120,達運,6,0,6,元富-新店,2023-01-16,5922
6118,建達,8,2,6,元富-新店,2023-01-16,5922
6708,天擎,6,0,6,元富-新店,2023-01-16,5922
2884,玉山金,6,1,5,元富-新店,2023-01-16,5922
2609,陽明,10,5,5,元富-新店,2023-01-16,5922
4168,醣聯,5,0,5,元富-新店,2023-01-16,5922
4167,松瑞藥,6,1,5,元富-新店,2023-01-16,5922
00905,FT臺灣Smart,5,0,5,元富-新店,2023-01-16,5922
00772B,中信高評級公司債,5,0,5,元富-新店,2023-01-16,5922
6244,茂迪,5,0,5,元富-新店,2023-01-16,5922
1444,力麗,5,1,4,元富-新店,2023-01-16,5922
8039,台虹,4,0,4,元富-新店,2023-01-16,5922
6477,安集,4,0,4,元富-新店,2023-01-16,5922
3546,宇峻,4,0,4,元富-新店,2023-01-16,5922
3704,合勤控,6,2,4,元富-新店,2023-01-16,5922
2328,廣宇,5,1,4,元富-新店,2023-01-16,5922
8420,明揚,4,0,4,元富-新店,2023-01-16,5922
00770,國泰北美科技,5,1,4,元富-新店,2023-01-16,5922
4536,拓凱,4,0,4,元富-新店,2023-01-16,5922
2603,長榮,9,5,4,元富-新店,2023-01-16,5922
00902,中信電池及儲能,3,0,3,元富-新店,2023-01-16,5922
0050,元大台灣50,59,2,57,元富-新店,2023-01-17,5922
2367,燿華,50,0,50,元富-新店,2023-01-17,5922
00878,國泰永續高股息,58,10,48,元富-新店,2023-01-17,5922
4162,智擎,53,5,48,元富-新店,2023-01-17,5922
00882,中信中國高股息,43,2,41,元富-新店,2023-01-17,5922
2812,台中銀,35,0,35,元富-新店,2023-01-17,5922
3037,欣興,42,7,35,元富-新店,2023-01-17,5922
2412,中華電,36,1,35,元富-新店,2023-01-17,5922
2618,長榮航,52,22,30,元富-新店,2023-01-17,5922
00720B,元大投資級公司債,26,2,24,元富-新店,2023-01-17,5922
3443,創意,36,14,22,元富-新店,2023-01-17,5922
00637L,元大滬深300正2,24,2,22,元富-新店,2023-01-17,5922
8038,長園科,22,0,22,元富-新店,2023-01-17,5922
1417,嘉裕,24,4,20,元富-新店,2023-01-17,5922
2369,菱生,20,0,20,元富-新店,2023-01-17,5922
1101,台泥,20,2,18,元富-新店,2023-01-17,5922
1718,中纖,17,0,17,元富-新店,2023-01-17,5922
1536,和大,15,0,15,元富-新店,2023-01-17,5922
6770,力積電,18,5,13,元富-新店,2023-01-17,5922
2880,華南金,12,0,12,元富-新店,2023-01-17,5922
2882,國泰金,13,2,11,元富-新店,2023-01-17,5922
1701,中化,13,2,11,元富-新店,2023-01-17,5922
6220,岳豐,11,0,11,元富-新店,2023-01-17,5922
1720,生達,11,0,11,元富-新店,2023-01-17,5922
00895,富邦未來車,10,0,10,元富-新店,2023-01-17,5922
2886,兆豐金,10,0,10,元富-新店,2023-01-17,5922
3376,新日興,10,0,10,元富-新店,2023-01-17,5922
1219,福壽,11,1,10,元富-新店,2023-01-17,5922
5321,美而快,22,12,10,元富-新店,2023-01-17,5922
1308,亞聚,10,0,10,元富-新店,2023-01-17,5922
1513,中興電,11,1,10,元富-新店,2023-01-17,5922
4746,台耀,10,0,10,元富-新店,2023-01-17,5922
3521,鴻翊,10,0,10,元富-新店,2023-01-17,5922
2610,華航,11,2,9,元富-新店,2023-01-17,5922
3128,昇銳,9,0,9,元富-新店,2023-01-17,5922
00633L,富邦上証正2,9,0,9,元富-新店,2023-01-17,5922
8028,昇陽半導體,10,1,9,元富-新店,2023-01-17,5922
6143,振曜,20,12,8,元富-新店,2023-01-17,5922
8043,蜜望實,8,0,8,元富-新店,2023-01-17,5922
6142,友勁,18,10,8,元富-新店,2023-01-17,5922
8171,天宇,24,17,7,元富-新店,2023-01-17,5922
1519,華城,10,3,7,元富-新店,2023-01-17,5922
00679B,元大美債20年,11,5,6,元富-新店,2023-01-17,5922
1529,樂事綠能,29,23,6,元富-新店,2023-01-17,5922
8155,博智,6,0,6,元富-新店,2023-01-17,5922
3705,永信,6,0,6,元富-新店,2023-01-17,5922
00772B,中信高評級公司債,7,1,6,元富-新店,2023-01-17,5922
0056,元大高股息,6,1,5,元富-新店,2023-01-17,5922
5222,全訊,5,0,5,元富-新店,2023-01-17,5922
00639,富邦深100,5,0,5,元富-新店,2023-01-17,5922
00632R,元大台灣50反1,177,0,177,元富-新店,2023-01-30,5922
00637L,元大滬深300正2,97,3,94,元富-新店,2023-01-30,5922
2317,鴻海,64,4,60,元富-新店,2023-01-30,5922
2607,榮運,50,0,50,元富-新店,2023-01-30,5922
3059,華晶科,40,2,38,元富-新店,2023-01-30,5922
2892,第一金,86,51,35,元富-新店,2023-01-30,5922
00720B,元大投資級公司債,29,0,29,元富-新店,2023-01-30,5922
5351,鈺創,45,17,28,元富-新店,2023-01-30,5922
5880,合庫金,25,1,24,元富-新店,2023-01-30,5922
00751B,元大AAA至A公司債,22,0,22,元富-新店,2023-01-30,5922
00908,富邦入息REITs+,21,0,21,元富-新店,2023-01-30,5922
2312,金寶,20,0,20,元富-新店,2023-01-30,5922
3050,鈺德,20,0,20,元富-新店,2023-01-30,5922
1701,中化,29,10,19,元富-新店,2023-01-30,5922
2617,台航,18,0,18,元富-新店,2023-01-30,5922
3665,貿聯-KY,16,1,15,元富-新店,2023-01-30,5922
6235,華孚,17,3,14,元富-新店,2023-01-30,5922
2890,永豐金,20,6,14,元富-新店,2023-01-30,5922
6245,立端,15,1,14,元富-新店,2023-01-30,5922
2609,陽明,29,16,13,元富-新店,2023-01-30,5922
1708,東鹼,11,0,11,元富-新店,2023-01-30,5922
1609,大亞,11,0,11,元富-新店,2023-01-30,5922
00852L,國泰美國道瓊正2,11,0,11,元富-新店,2023-01-30,5922
3297,杭特,10,0,10,元富-新店,2023-01-30,5922
6274,台燿,10,0,10,元富-新店,2023-01-30,5922
6266,泰詠,10,0,10,元富-新店,2023-01-30,5922
8038,長園科,9,0,9,元富-新店,2023-01-30,5922
00713,元大台灣高息低波,8,0,8,元富-新店,2023-01-30,5922
2615,萬海,11,3,8,元富-新店,2023-01-30,5922
3149,正達,8,0,8,元富-新店,2023-01-30,5922
2883,凱基金,17,9,8,元富-新店,2023-01-30,5922
6142,友勁,8,0,8,元富-新店,2023-01-30,5922
00706L,期元大S＆P日圓正2,8,0,8,元富-新店,2023-01-30,5922
1229,聯華,7,0,7,元富-新店,2023-01-30,5922
8105,凌巨,10,3,7,元富-新店,2023-01-30,5922
2236,百達-KY,8,1,7,元富-新店,2023-01-30,5922
3305,昇貿,9,3,6,元富-新店,2023-01-30,5922
2206,三陽工業,8,2,6,元富-新店,2023-01-30,5922
6767,台微醫,6,0,6,元富-新店,2023-01-30,5922
6708,天擎,6,0,6,元富-新店,2023-01-30,5922
2834,臺企銀,13,7,6,元富-新店,2023-01-30,5922
00882,中信中國高股息,6,0,6,元富-新店,2023-01-30,5922
00646,元大S＆P500,5,0,5,元富-新店,2023-01-30,5922
00679B,元大美債20年,5,0,5,元富-新店,2023-01-30,5922
6104,創惟,17,12,5,元富-新店,2023-01-30,5922
1313,聯成,5,0,5,元富-新店,2023-01-30,5922
3712,永崴投控,5,0,5,元富-新店,2023-01-30,5922
2489,瑞軒,5,0,5,元富-新店,2023-01-30,5922
2897,王道銀行,10,5,5,元富-新店,2023-01-30,5922
2030,彰源,5,0,5,元富-新店,2023-01-30,5922
2801,彰銀,115,0,115,元富-新店,2023-01-31,5922
8933,愛地雅,65,0,65,元富-新店,2023-01-31,5922
2892,第一金,61,0,61,元富-新店,2023-01-31,5922
2617,台航,58,0,58,元富-新店,2023-01-31,5922
00720B,元大投資級公司債,54,0,54,元富-新店,2023-01-31,5922
00905,FT臺灣Smart,54,1,53,元富-新店,2023-01-31,5922
2890,永豐金,51,0,51,元富-新店,2023-01-31,5922
1709,和益,50,1,49,元富-新店,2023-01-31,5922
1313,聯成,41,0,41,元富-新店,2023-01-31,5922
3027,盛達,86,45,41,元富-新店,2023-01-31,5922
00696B,富邦美債20年,40,0,40,元富-新店,2023-01-31,5922
1701,中化,40,3,37,元富-新店,2023-01-31,5922
8038,長園科,35,5,30,元富-新店,2023-01-31,5922
6266,泰詠,30,0,30,元富-新店,2023-01-31,5922
00882,中信中國高股息,44,15,29,元富-新店,2023-01-31,5922
5222,全訊,28,0,28,元富-新店,2023-01-31,5922
4931,新盛力,33,6,27,元富-新店,2023-01-31,5922
2330,台積電,51,25,26,元富-新店,2023-01-31,5922
2498,宏達電,86,61,25,元富-新店,2023-01-31,5922
00885,富邦越南,24,0,24,元富-新店,2023-01-31,5922
2885,元大金,22,0,22,元富-新店,2023-01-31,5922
00706L,期元大S＆P日圓正2,22,0,22,元富-新店,2023-01-31,5922
2886,兆豐金,21,0,21,元富-新店,2023-01-31,5922
1519,華城,52,31,21,元富-新店,2023-01-31,5922
8150,南茂,21,1,20,元富-新店,2023-01-31,5922
6235,華孚,24,5,19,元富-新店,2023-01-31,5922
00751B,元大AAA至A公司債,19,0,19,元富-新店,2023-01-31,5922
2358,廷鑫,20,1,19,元富-新店,2023-01-31,5922
2408,南亞科,20,2,18,元富-新店,2023-01-31,5922
6116,彩晶,71,53,18,元富-新店,2023-01-31,5922
4768,晶呈科技,21,4,17,元富-新店,2023-01-31,5922
6168,宏齊,15,0,15,元富-新店,2023-01-31,5922
3552,同致,15,0,15,元富-新店,2023-01-31,5922
8358,金居,21,8,13,元富-新店,2023-01-31,5922
2609,陽明,19,6,13,元富-新店,2023-01-31,5922
00830,國泰費城半導體,13,0,13,元富-新店,2023-01-31,5922
3705,永信,13,1,12,元富-新店,2023-01-31,5922
1504,東元,12,0,12,元富-新店,2023-01-31,5922
3017,奇鋐,12,0,12,元富-新店,2023-01-31,5922
6443,元晶,38,26,12,元富-新店,2023-01-31,5922
6213,聯茂,14,2,12,元富-新店,2023-01-31,5922
00680L,元大美債20正2,11,0,11,元富-新店,2023-01-31,5922
2324,仁寶,11,0,11,元富-新店,2023-01-31,5922
3022,威強電,11,0,11,元富-新店,2023-01-31,5922
4979,華星光,54,43,11,元富-新店,2023-01-31,5922
1305,華夏,10,0,10,元富-新店,2023-01-31,5922
00911,兆豐洲際半導體,10,0,10,元富-新店,2023-01-31,5922
00671R,富邦NASDAQ反1,10,0,10,元富-新店,2023-01-31,5922
00632R,元大台灣50反1,10,0,10,元富-新店,2023-01-31,5922
5876,上海商銀,10,0,10,元富-新店,2023-01-31,5922
2369,菱生,211,1,210,元富-新店,2023-02-01,5922
00673R,期元大S＆P原油反1,200,0,200,元富-新店,2023-02-01,5922
1709,和益,123,53,70,元富-新店,2023-02-01,5922
3022,威強電,66,0,66,元富-新店,2023-02-01,5922
0056,元大高股息,68,12,56,元富-新店,2023-02-01,5922
3704,合勤控,104,52,52,元富-新店,2023-02-01,5922
1815,富喬,50,0,50,元富-新店,2023-02-01,5922
2890,永豐金,55,10,45,元富-新店,2023-02-01,5922
2337,旺宏,40,0,40,元富-新店,2023-02-01,5922
3059,華晶科,40,2,38,元富-新店,2023-02-01,5922
1701,中化,46,10,36,元富-新店,2023-02-01,5922
6266,泰詠,36,0,36,元富-新店,2023-02-01,5922
2883,凱基金,41,7,34,元富-新店,2023-02-01,5922
00882,中信中國高股息,33,0,33,元富-新店,2023-02-01,5922
2892,第一金,32,0,32,元富-新店,2023-02-01,5922
8050,廣積,35,3,32,元富-新店,2023-02-01,5922
2349,錸德,25,0,25,元富-新店,2023-02-01,5922
00637L,元大滬深300正2,27,2,25,元富-新店,2023-02-01,5922
2618,長榮航,45,20,25,元富-新店,2023-02-01,5922
2497,怡利電,25,1,24,元富-新店,2023-02-01,5922
2317,鴻海,25,2,23,元富-新店,2023-02-01,5922
3504,揚明光,23,0,23,元富-新店,2023-02-01,5922
2009,第一銅,102,81,21,元富-新店,2023-02-01,5922
2101,南港,21,0,21,元富-新店,2023-02-01,5922
6202,盛群,21,1,20,元富-新店,2023-02-01,5922
2812,台中銀,20,0,20,元富-新店,2023-02-01,5922
00680L,元大美債20正2,20,0,20,元富-新店,2023-02-01,5922
2312,金寶,20,0,20,元富-新店,2023-02-01,5922
2027,大成鋼,23,3,20,元富-新店,2023-02-01,5922
3481,群創,20,1,19,元富-新店,2023-02-01,5922
2498,宏達電,52,33,19,元富-新店,2023-02-01,5922
2636,台驊控股,18,0,18,元富-新店,2023-02-01,5922
1734,杏輝,18,0,18,元富-新店,2023-02-01,5922
6127,九豪,21,3,18,元富-新店,2023-02-01,5922
4915,致伸,23,5,18,元富-新店,2023-02-01,5922
2352,佳世達,17,0,17,元富-新店,2023-02-01,5922
00679B,元大美債20年,15,0,15,元富-新店,2023-02-01,5922
6215,和椿,15,0,15,元富-新店,2023-02-01,5922
2915,潤泰全,15,1,14,元富-新店,2023-02-01,5922
00878,國泰永續高股息,26,12,14,元富-新店,2023-02-01,5922
2014,中鴻,21,8,13,元富-新店,2023-02-01,5922
00720B,元大投資級公司債,13,0,13,元富-新店,2023-02-01,5922
2504,國產,13,0,13,元富-新店,2023-02-01,5922
3026,禾伸堂,13,0,13,元富-新店,2023-02-01,5922
2609,陽明,39,27,12,元富-新店,2023-02-01,5922
5258,虹堡,80,68,12,元富-新店,2023-02-01,5922
00905,FT臺灣Smart,11,0,11,元富-新店,2023-02-01,5922
2887,台新金,11,0,11,元富-新店,2023-02-01,5922
2881,富邦金,11,1,10,元富-新店,2023-02-01,5922
4743,合一,10,0,10,元富-新店,2023-02-01,5922
3062,建漢,113,4,109,元富-新店,2023-02-02,5922
1605,華新,102,18,84,元富-新店,2023-02-02,5922
5371,中光電,79,13,66,元富-新店,2023-02-02,5922
2317,鴻海,68,4,64,元富-新店,2023-02-02,5922
2618,長榮航,55,3,52,元富-新店,2023-02-02,5922
3141,晶宏,51,2,49,元富-新店,2023-02-02,5922
1717,長興,43,0,43,元富-新店,2023-02-02,5922
3294,英濟,61,20,41,元富-新店,2023-02-02,5922
1734,杏輝,40,0,40,元富-新店,2023-02-02,5922
2897,王道銀行,34,1,33,元富-新店,2023-02-02,5922
2610,華航,46,14,32,元富-新店,2023-02-02,5922
2884,玉山金,32,0,32,元富-新店,2023-02-02,5922
3035,智原,66,38,28,元富-新店,2023-02-02,5922
3019,亞光,31,5,26,元富-新店,2023-02-02,5922
3059,華晶科,27,1,26,元富-新店,2023-02-02,5922
5876,上海商銀,26,0,26,元富-新店,2023-02-02,5922
3022,威強電,25,0,25,元富-新店,2023-02-02,5922
3037,欣興,32,9,23,元富-新店,2023-02-02,5922
2892,第一金,23,0,23,元富-新店,2023-02-02,5922
3532,台勝科,22,0,22,元富-新店,2023-02-02,5922
2201,裕隆,60,39,21,元富-新店,2023-02-02,5922
00878,國泰永續高股息,45,24,21,元富-新店,2023-02-02,5922
6266,泰詠,20,0,20,元富-新店,2023-02-02,5922
2438,翔耀,20,0,20,元富-新店,2023-02-02,5922
3041,揚智,40,21,19,元富-新店,2023-02-02,5922
2104,國際中橡,19,0,19,元富-新店,2023-02-02,5922
2615,萬海,21,3,18,元富-新店,2023-02-02,5922
8277,商丞,18,0,18,元富-新店,2023-02-02,5922
2413,環科,18,0,18,元富-新店,2023-02-02,5922
2363,矽統,24,6,18,元富-新店,2023-02-02,5922
2834,臺企銀,17,0,17,元富-新店,2023-02-02,5922
1301,台塑,19,2,17,元富-新店,2023-02-02,5922
6770,力積電,35,19,16,元富-新店,2023-02-02,5922
00903,富邦元宇宙,82,67,15,元富-新店,2023-02-02,5922
3260,威剛,22,7,15,元富-新店,2023-02-02,5922
1519,華城,26,11,15,元富-新店,2023-02-02,5922
6215,和椿,18,3,15,元富-新店,2023-02-02,5922
00885,富邦越南,32,19,13,元富-新店,2023-02-02,5922
4707,磐亞,13,0,13,元富-新店,2023-02-02,5922
2358,廷鑫,12,0,12,元富-新店,2023-02-02,5922
1584,精剛,13,1,12,元富-新店,2023-02-02,5922
2101,南港,12,0,12,元富-新店,2023-02-02,5922
3031,佰鴻,12,0,12,元富-新店,2023-02-02,5922
2345,智邦,12,1,11,元富-新店,2023-02-02,5922
2885,元大金,11,0,11,元富-新店,2023-02-02,5922
1513,中興電,30,19,11,元富-新店,2023-02-02,5922
8033,雷虎,12,1,11,元富-新店,2023-02-02,5922
3149,正達,10,0,10,元富-新店,2023-02-02,5922
5608,四維航,12,2,10,元富-新店,2023-02-02,5922
6133,金橋,10,0,10,元富-新店,2023-02-02,5922
00632R,元大台灣50反1,206,0,206,元富-新店,2023-02-03,5922
00882,中信中國高股息,156,10,146,元富-新店,2023-02-03,5922
2834,臺企銀,106,0,106,元富-新店,2023-02-03,5922
2610,華航,59,0,59,元富-新店,2023-02-03,5922
00715L,期街口布蘭特正2,57,0,57,元富-新店,2023-02-03,5922
00878,國泰永續高股息,72,31,41,元富-新店,2023-02-03,5922
4707,磐亞,35,0,35,元富-新店,2023-02-03,5922
3205,佰研,30,0,30,元富-新店,2023-02-03,5922
3022,威強電,40,10,30,元富-新店,2023-02-03,5922
6116,彩晶,27,0,27,元富-新店,2023-02-03,5922
2356,英業達,26,0,26,元富-新店,2023-02-03,5922
1453,大將,25,0,25,元富-新店,2023-02-03,5922
5009,榮剛,35,11,24,元富-新店,2023-02-03,5922
2618,長榮航,24,1,23,元富-新店,2023-02-03,5922
6770,力積電,32,10,22,元富-新店,2023-02-03,5922
8933,愛地雅,20,0,20,元富-新店,2023-02-03,5922
8038,長園科,20,0,20,元富-新店,2023-02-03,5922
00680L,元大美債20正2,20,1,19,元富-新店,2023-02-03,5922
1216,統一,19,0,19,元富-新店,2023-02-03,5922
3037,欣興,24,6,18,元富-新店,2023-02-03,5922
1517,利奇,16,0,16,元富-新店,2023-02-03,5922
2929,淘帝-KY,16,0,16,元富-新店,2023-02-03,5922
6538,倉和,15,0,15,元富-新店,2023-02-03,5922
3322,建舜電,15,0,15,元富-新店,2023-02-03,5922
2634,漢翔,16,2,14,元富-新店,2023-02-03,5922
8086,宏捷科,17,4,13,元富-新店,2023-02-03,5922
6412,群電,13,0,13,元富-新店,2023-02-03,5922
3027,盛達,14,1,13,元富-新店,2023-02-03,5922
00633L,富邦上証正2,13,0,13,元富-新店,2023-02-03,5922
1513,中興電,21,8,13,元富-新店,2023-02-03,5922
4919,新唐,25,12,13,元富-新店,2023-02-03,5922
4961,天鈺,19,7,12,元富-新店,2023-02-03,5922
00650L,復華香港正2,12,0,12,元富-新店,2023-02-03,5922
8227,巨有科技,15,3,12,元富-新店,2023-02-03,5922
4915,致伸,16,4,12,元富-新店,2023-02-03,5922
2892,第一金,11,0,11,元富-新店,2023-02-03,5922
2313,華通,13,2,11,元富-新店,2023-02-03,5922
1326,台化,11,0,11,元富-新店,2023-02-03,5922
2882,國泰金,10,0,10,元富-新店,2023-02-03,5922
00753L,中信中國50正2,10,0,10,元富-新店,2023-02-03,5922
4130,健亞,10,0,10,元富-新店,2023-02-03,5922
2369,菱生,10,0,10,元富-新店,2023-02-03,5922
4746,台耀,11,1,10,元富-新店,2023-02-03,5922
2027,大成鋼,10,0,10,元富-新店,2023-02-03,5922
9935,慶豐富,20,10,10,元富-新店,2023-02-03,5922
2743,山富,10,0,10,元富-新店,2023-02-03,5922
00770,國泰北美科技,10,0,10,元富-新店,2023-02-03,5922
5483,中美晶,10,0,10,元富-新店,2023-02-03,5922
2376,技嘉,11,2,9,元富-新店,2023-02-03,5922
00720B,元大投資級公司債,11,2,9,元富-新店,2023-02-03,5922
00715L,期街口布蘭特正2,217,0,217,元富-新店,2023-02-06,5922
00882,中信中國高股息,80,11,69,元富-新店,2023-02-06,5922
2515,中工,53,3,50,元富-新店,2023-02-06,5922
4915,致伸,78,28,50,元富-新店,2023-02-06,5922
9105,泰金寶-DR,47,0,47,元富-新店,2023-02-06,5922
00637L,元大滬深300正2,46,0,46,元富-新店,2023-02-06,5922
2337,旺宏,41,0,41,元富-新店,2023-02-06,5922
2603,長榮,33,2,31,元富-新店,2023-02-06,5922
9939,宏全,28,0,28,元富-新店,2023-02-06,5922
00706L,期元大S＆P日圓正2,28,0,28,元富-新店,2023-02-06,5922
1605,華新,39,12,27,元富-新店,2023-02-06,5922
4175,杏一,27,0,27,元富-新店,2023-02-06,5922
9935,慶豐富,26,0,26,元富-新店,2023-02-06,5922
2880,華南金,25,0,25,元富-新店,2023-02-06,5922
2884,玉山金,25,2,23,元富-新店,2023-02-06,5922
00878,國泰永續高股息,32,10,22,元富-新店,2023-02-06,5922
00720B,元大投資級公司債,20,0,20,元富-新店,2023-02-06,5922
2883,凱基金,27,7,20,元富-新店,2023-02-06,5922
2369,菱生,20,0,20,元富-新店,2023-02-06,5922
6116,彩晶,20,0,20,元富-新店,2023-02-06,5922
1219,福壽,20,0,20,元富-新店,2023-02-06,5922
2376,技嘉,22,3,19,元富-新店,2023-02-06,5922
6770,力積電,26,8,18,元富-新店,2023-02-06,5922
3037,欣興,28,12,16,元富-新店,2023-02-06,5922
2892,第一金,14,0,14,元富-新店,2023-02-06,5922
00680L,元大美債20正2,13,0,13,元富-新店,2023-02-06,5922
2834,臺企銀,17,5,12,元富-新店,2023-02-06,5922
3545,敦泰,18,6,12,元富-新店,2023-02-06,5922
8050,廣積,24,12,12,元富-新店,2023-02-06,5922
2330,台積電,25,13,12,元富-新店,2023-02-06,5922
6245,立端,17,6,11,元富-新店,2023-02-06,5922
1326,台化,11,0,11,元富-新店,2023-02-06,5922
3149,正達,11,0,11,元富-新店,2023-02-06,5922
4162,智擎,27,16,11,元富-新店,2023-02-06,5922
2436,偉詮電,11,0,11,元富-新店,2023-02-06,5922
00633L,富邦上証正2,11,0,11,元富-新店,2023-02-06,5922
2332,友訊,10,0,10,元富-新店,2023-02-06,5922
4956,光鋐,13,3,10,元富-新店,2023-02-06,5922
6133,金橋,10,0,10,元富-新店,2023-02-06,5922
9907,統一實,10,0,10,元富-新店,2023-02-06,5922
2344,華邦電,13,3,10,元富-新店,2023-02-06,5922
5876,上海商銀,10,0,10,元富-新店,2023-02-06,5922
00772B,中信高評級公司債,10,0,10,元富-新店,2023-02-06,5922
6155,鈞寶,10,0,10,元富-新店,2023-02-06,5922
9921,巨大,10,1,9,元富-新店,2023-02-06,5922
2329,華泰,10,1,9,元富-新店,2023-02-06,5922
1417,嘉裕,13,4,9,元富-新店,2023-02-06,5922
2886,兆豐金,11,2,9,元富-新店,2023-02-06,5922
00888,永豐台灣ESG,8,0,8,元富-新店,2023-02-06,5922
00751B,元大AAA至A公司債,8,0,8,元富-新店,2023-02-06,5922
00701,國泰股利精選30,100,1,99,元富-新店,2023-02-07,5922
2915,潤泰全,56,0,56,元富-新店,2023-02-07,5922
2201,裕隆,56,2,54,元富-新店,2023-02-07,5922
2812,台中銀,52,0,52,元富-新店,2023-02-07,5922
2610,華航,55,3,52,元富-新店,2023-02-07,5922
2834,臺企銀,41,7,34,元富-新店,2023-02-07,5922
9105,泰金寶-DR,31,0,31,元富-新店,2023-02-07,5922
00712,復華富時不動產,23,1,22,元富-新店,2023-02-07,5922
2425,承啟,23,2,21,元富-新店,2023-02-07,5922
1734,杏輝,20,0,20,元富-新店,2023-02-07,5922
1524,耿鼎,22,3,19,元富-新店,2023-02-07,5922
00679B,元大美債20年,18,0,18,元富-新店,2023-02-07,5922
6770,力積電,20,2,18,元富-新店,2023-02-07,5922
1453,大將,15,0,15,元富-新店,2023-02-07,5922
2330,台積電,17,2,15,元富-新店,2023-02-07,5922
2498,宏達電,49,36,13,元富-新店,2023-02-07,5922
3189,景碩,19,6,13,元富-新店,2023-02-07,5922
2317,鴻海,17,5,12,元富-新店,2023-02-07,5922
2444,兆勁,12,0,12,元富-新店,2023-02-07,5922
5302,太欣,12,0,12,元富-新店,2023-02-07,5922
4107,邦特,12,0,12,元富-新店,2023-02-07,5922
00720B,元大投資級公司債,11,0,11,元富-新店,2023-02-07,5922
3624,光頡,13,2,11,元富-新店,2023-02-07,5922
8222,寶一,11,0,11,元富-新店,2023-02-07,5922
00878,國泰永續高股息,17,6,11,元富-新店,2023-02-07,5922
1506,正道,10,0,10,元富-新店,2023-02-07,5922
1434,福懋,10,0,10,元富-新店,2023-02-07,5922
00632R,元大台灣50反1,10,0,10,元富-新店,2023-02-07,5922
2731,雄獅,12,2,10,元富-新店,2023-02-07,5922
00706L,期元大S＆P日圓正2,10,0,10,元富-新店,2023-02-07,5922
00919,群益台灣精選高息,10,0,10,元富-新店,2023-02-07,5922
00674R,期元大S＆P黃金反1,10,0,10,元富-新店,2023-02-07,5922
8916,光隆,10,0,10,元富-新店,2023-02-07,5922
2465,麗臺,12,2,10,元富-新店,2023-02-07,5922
1752,南光,71,61,10,元富-新店,2023-02-07,5922
1432,大魯閣,11,2,9,元富-新店,2023-02-07,5922
2884,玉山金,9,0,9,元富-新店,2023-02-07,5922
1219,福壽,10,1,9,元富-新店,2023-02-07,5922
8046,南電,12,3,9,元富-新店,2023-02-07,5922
2609,陽明,12,4,8,元富-新店,2023-02-07,5922
8171,天宇,21,13,8,元富-新店,2023-02-07,5922
00772B,中信高評級公司債,8,0,8,元富-新店,2023-02-07,5922
2038,海光,8,0,8,元富-新店,2023-02-07,5922
3444,利機,7,0,7,元富-新店,2023-02-07,5922
3035,智原,18,11,7,元富-新店,2023-02-07,5922
1626,艾美特-KY,7,0,7,元富-新店,2023-02-07,5922
00885,富邦越南,6,0,6,元富-新店,2023-02-07,5922
2881,富邦金,6,0,6,元富-新店,2023-02-07,5922
3088,艾訊,6,0,6,元富-新店,2023-02-07,5922
2481,強茂,20,14,6,元富-新店,2023-02-07,5922
00632R,元大台灣50反1,106,0,106,元富-新店,2023-02-08,5922
2371,大同,99,3,96,元富-新店,2023-02-08,5922
2201,裕隆,86,13,73,元富-新店,2023-02-08,5922
2884,玉山金,55,0,55,元富-新店,2023-02-08,5922
2607,榮運,53,0,53,元富-新店,2023-02-08,5922
2105,正新,52,0,52,元富-新店,2023-02-08,5922
2317,鴻海,48,0,48,元富-新店,2023-02-08,5922
3707,漢磊,35,0,35,元富-新店,2023-02-08,5922
00687B,國泰20年美債,32,0,32,元富-新店,2023-02-08,5922
00669R,國泰美國道瓊反1,30,0,30,元富-新店,2023-02-08,5922
3037,欣興,45,17,28,元富-新店,2023-02-08,5922
6741,91APP*-KY,28,2,26,元富-新店,2023-02-08,5922
2367,燿華,80,56,24,元富-新店,2023-02-08,5922
1584,精剛,20,0,20,元富-新店,2023-02-08,5922
00885,富邦越南,48,30,18,元富-新店,2023-02-08,5922
6546,正基,17,0,17,元富-新店,2023-02-08,5922
2419,仲琦,16,0,16,元富-新店,2023-02-08,5922
00679B,元大美債20年,16,0,16,元富-新店,2023-02-08,5922
2890,永豐金,17,1,16,元富-新店,2023-02-08,5922
6531,愛普*,20,6,14,元富-新店,2023-02-08,5922
2498,宏達電,70,57,13,元富-新店,2023-02-08,5922
2425,承啟,48,36,12,元富-新店,2023-02-08,5922
2454,聯發科,12,1,11,元富-新店,2023-02-08,5922
00720B,元大投資級公司債,11,0,11,元富-新店,2023-02-08,5922
00878,國泰永續高股息,19,8,11,元富-新店,2023-02-08,5922
4114,健喬,27,16,11,元富-新店,2023-02-08,5922
1730,花仙子,11,0,11,元富-新店,2023-02-08,5922
2886,兆豐金,11,0,11,元富-新店,2023-02-08,5922
3234,光環,10,0,10,元富-新店,2023-02-08,5922
00696B,富邦美債20年,10,0,10,元富-新店,2023-02-08,5922
4121,優盛,10,0,10,元富-新店,2023-02-08,5922
6266,泰詠,10,0,10,元富-新店,2023-02-08,5922
6282,康舒,16,6,10,元富-新店,2023-02-08,5922
1718,中纖,10,0,10,元富-新店,2023-02-08,5922
6643,M31,12,2,10,元富-新店,2023-02-08,5922
2834,臺企銀,9,0,9,元富-新店,2023-02-08,5922
4167,松瑞藥,11,2,9,元富-新店,2023-02-08,5922
1319,東陽,10,1,9,元富-新店,2023-02-08,5922
2495,普安,9,0,9,元富-新店,2023-02-08,5922
2388,威盛,11,2,9,元富-新店,2023-02-08,5922
6205,詮欣,10,1,9,元富-新店,2023-02-08,5922
4133,亞諾法,8,0,8,元富-新店,2023-02-08,5922
4979,華星光,45,37,8,元富-新店,2023-02-08,5922
2338,光罩,13,5,8,元富-新店,2023-02-08,5922
2312,金寶,10,2,8,元富-新店,2023-02-08,5922
2892,第一金,11,3,8,元富-新店,2023-02-08,5922
2617,台航,7,0,7,元富-新店,2023-02-08,5922
2369,菱生,10,3,7,元富-新店,2023-02-08,5922
3588,通嘉,7,0,7,元富-新店,2023-02-08,5922
5285,界霖,11,4,7,元富-新店,2023-02-08,5922
3021,鴻名,34,0,34,元富-新店,2023-02-09,5922
2344,華邦電,37,7,30,元富-新店,2023-02-09,5922
5410,國眾,25,0,25,元富-新店,2023-02-09,5922
2409,友達,47,23,24,元富-新店,2023-02-09,5922
6235,華孚,91,67,24,元富-新店,2023-02-09,5922
2880,華南金,22,0,22,元富-新店,2023-02-09,5922
2610,華航,26,5,21,元富-新店,2023-02-09,5922
2471,資通,24,3,21,元富-新店,2023-02-09,5922
2884,玉山金,22,2,20,元富-新店,2023-02-09,5922
2812,台中銀,20,0,20,元富-新店,2023-02-09,5922
3576,聯合再生,20,1,19,元富-新店,2023-02-09,5922
3088,艾訊,27,8,19,元富-新店,2023-02-09,5922
1464,得力,20,1,19,元富-新店,2023-02-09,5922
2887,台新金,17,0,17,元富-新店,2023-02-09,5922
3059,華晶科,22,5,17,元富-新店,2023-02-09,5922
00720B,元大投資級公司債,17,0,17,元富-新店,2023-02-09,5922
6770,力積電,17,1,16,元富-新店,2023-02-09,5922
3665,貿聯-KY,15,0,15,元富-新店,2023-02-09,5922
9907,統一實,15,0,15,元富-新店,2023-02-09,5922
1701,中化,85,71,14,元富-新店,2023-02-09,5922
2369,菱生,14,0,14,元富-新店,2023-02-09,5922
2201,裕隆,18,6,12,元富-新店,2023-02-09,5922
00895,富邦未來車,11,0,11,元富-新店,2023-02-09,5922
1609,大亞,15,4,11,元富-新店,2023-02-09,5922
3708,上緯投控,11,0,11,元富-新店,2023-02-09,5922
2495,普安,11,0,11,元富-新店,2023-02-09,5922
3481,群創,22,11,11,元富-新店,2023-02-09,5922
1326,台化,10,0,10,元富-新店,2023-02-09,5922
3022,威強電,11,1,10,元富-新店,2023-02-09,5922
4114,健喬,108,98,10,元富-新店,2023-02-09,5922
00712,復華富時不動產,10,0,10,元富-新店,2023-02-09,5922
3443,創意,16,6,10,元富-新店,2023-02-09,5922
3042,晶技,12,3,9,元富-新店,2023-02-09,5922
6278,台表科,9,0,9,元富-新店,2023-02-09,5922
8103,瀚荃,9,0,9,元富-新店,2023-02-09,5922
3162,精確,11,2,9,元富-新店,2023-02-09,5922
3105,穩懋,8,0,8,元富-新店,2023-02-09,5922
4934,太極,8,0,8,元富-新店,2023-02-09,5922
3624,光頡,10,2,8,元富-新店,2023-02-09,5922
2883,凱基金,8,0,8,元富-新店,2023-02-09,5922
0056,元大高股息,16,9,7,元富-新店,2023-02-09,5922
6550,北極星藥業-KY,9,1,8,元富-新店,2023-02-09,5922
6202,盛群,8,0,8,元富-新店,2023-02-09,5922
2603,長榮,9,1,8,元富-新店,2023-02-09,5922
2327,國巨,7,0,7,元富-新店,2023-02-09,5922
2368,金像電,7,0,7,元富-新店,2023-02-09,5922
00900,富邦特選高股息30,7,0,7,元富-新店,2023-02-09,5922
6589,台康生技,43,36,7,元富-新店,2023-02-09,5922
1605,華新,33,26,7,元富-新店,2023-02-09,5922
6719,力智,30,24,6,元富-新店,2023-02-09,5922
2891,中信金,156,1,155,元富-新店,2023-02-10,5922
00632R,元大台灣50反1,125,5,120,元富-新店,2023-02-10,5922
1605,華新,107,30,77,元富-新店,2023-02-10,5922
00878,國泰永續高股息,68,6,62,元富-新店,2023-02-10,5922
3481,群創,57,5,52,元富-新店,2023-02-10,5922
2618,長榮航,43,2,41,元富-新店,2023-02-10,5922
00688L,國泰20年美債正2,40,0,40,元富-新店,2023-02-10,5922
3479,安勤,41,6,35,元富-新店,2023-02-10,5922
3021,鴻名,35,0,35,元富-新店,2023-02-10,5922
2409,友達,58,25,33,元富-新店,2023-02-10,5922
00679B,元大美債20年,32,0,32,元富-新店,2023-02-10,5922
2615,萬海,33,3,30,元富-新店,2023-02-10,5922
1584,精剛,129,99,30,元富-新店,2023-02-10,5922
3624,光頡,30,0,30,元富-新店,2023-02-10,5922
00665L,富邦�琤肭磪囓�2,50,22,28,元富-新店,2023-02-10,5922
00720B,元大投資級公司債,27,0,27,元富-新店,2023-02-10,5922
6770,力積電,27,1,26,元富-新店,2023-02-10,5922
1312,國喬,21,0,21,元富-新店,2023-02-10,5922
3491,昇達科,22,1,21,元富-新店,2023-02-10,5922
8050,廣積,24,3,21,元富-新店,2023-02-10,5922
00712,復華富時不動產,21,1,20,元富-新店,2023-02-10,5922
3006,晶豪科,20,0,20,元富-新店,2023-02-10,5922
6509,聚和,21,3,18,元富-新店,2023-02-10,5922
00687B,國泰20年美債,16,0,16,元富-新店,2023-02-10,5922
4171,瑞基,15,0,15,元富-新店,2023-02-10,5922
00795B,中信美國公債20年,15,0,15,元富-新店,2023-02-10,5922
1795,美時,24,9,15,元富-新店,2023-02-10,5922
2515,中工,14,0,14,元富-新店,2023-02-10,5922
6217,中探針,13,0,13,元富-新店,2023-02-10,5922
2101,南港,13,0,13,元富-新店,2023-02-10,5922
6129,普誠,13,0,13,元富-新店,2023-02-10,5922
5009,榮剛,23,10,13,元富-新店,2023-02-10,5922
6206,飛捷,12,0,12,元富-新店,2023-02-10,5922
2436,偉詮電,12,0,12,元富-新店,2023-02-10,5922
8234,新漢,12,0,12,元富-新店,2023-02-10,5922
00751B,元大AAA至A公司債,12,0,12,元富-新店,2023-02-10,5922
3088,艾訊,14,2,12,元富-新店,2023-02-10,5922
1513,中興電,25,13,12,元富-新店,2023-02-10,5922
2883,凱基金,12,0,12,元富-新店,2023-02-10,5922
2344,華邦電,22,11,11,元富-新店,2023-02-10,5922
3059,華晶科,11,0,11,元富-新店,2023-02-10,5922
2023,燁輝,11,0,11,元富-新店,2023-02-10,5922
5309,系統電,11,0,11,元富-新店,2023-02-10,5922
00696B,富邦美債20年,10,0,10,元富-新店,2023-02-10,5922
8103,瀚荃,10,0,10,元富-新店,2023-02-10,5922
3118,進階,10,0,10,元富-新店,2023-02-10,5922
4105,東洋,10,0,10,元富-新店,2023-02-10,5922
1308,亞聚,10,0,10,元富-新店,2023-02-10,5922
1326,台化,10,0,10,元富-新店,2023-02-10,5922
8933,愛地雅,10,0,10,元富-新店,2023-02-10,5922
00885,富邦越南,166,2,164,元富-新店,2023-02-13,5922
2881,富邦金,116,31,85,元富-新店,2023-02-13,5922
2303,聯電,91,7,84,元富-新店,2023-02-13,5922
2498,宏達電,85,5,80,元富-新店,2023-02-13,5922
00679B,元大美債20年,60,0,60,元富-新店,2023-02-13,5922
2888,新光金,63,4,59,元富-新店,2023-02-13,5922
2607,榮運,55,0,55,元富-新店,2023-02-13,5922
00720B,元大投資級公司債,53,0,53,元富-新店,2023-02-13,5922
00632R,元大台灣50反1,50,0,50,元富-新店,2023-02-13,5922
2014,中鴻,45,1,44,元富-新店,2023-02-13,5922
2618,長榮航,43,0,43,元富-新店,2023-02-13,5922
3712,永崴投控,40,0,40,元富-新店,2023-02-13,5922
2328,廣宇,36,0,36,元富-新店,2023-02-13,5922
2884,玉山金,39,5,34,元富-新店,2023-02-13,5922
00751B,元大AAA至A公司債,30,0,30,元富-新店,2023-02-13,5922
2474,可成,30,0,30,元富-新店,2023-02-13,5922
00673R,期元大S＆P原油反1,29,0,29,元富-新店,2023-02-13,5922
6120,達運,30,1,29,元富-新店,2023-02-13,5922
2610,華航,33,4,29,元富-新店,2023-02-13,5922
2882,國泰金,30,5,25,元富-新店,2023-02-13,5922
2352,佳世達,25,0,25,元富-新店,2023-02-13,5922
00900,富邦特選高股息30,31,10,21,元富-新店,2023-02-13,5922
00830,國泰費城半導體,22,1,21,元富-新店,2023-02-13,5922
2409,友達,75,55,20,元富-新店,2023-02-13,5922
8033,雷虎,20,0,20,元富-新店,2023-02-13,5922
2332,友訊,30,10,20,元富-新店,2023-02-13,5922
8429,金麗-KY,20,0,20,元富-新店,2023-02-13,5922
3289,宜特,23,5,18,元富-新店,2023-02-13,5922
1701,中化,22,7,15,元富-新店,2023-02-13,5922
00772B,中信高評級公司債,14,0,14,元富-新店,2023-02-13,5922
6770,力積電,21,7,14,元富-新店,2023-02-13,5922
2515,中工,20,7,13,元富-新店,2023-02-13,5922
3094,聯傑,15,2,13,元富-新店,2023-02-13,5922
00680L,元大美債20正2,13,0,13,元富-新店,2023-02-13,5922
00878,國泰永續高股息,21,8,13,元富-新店,2023-02-13,5922
2002,中鋼,14,2,12,元富-新店,2023-02-13,5922
2468,華經,12,0,12,元富-新店,2023-02-13,5922
4909,新復興,12,0,12,元富-新店,2023-02-13,5922
3088,艾訊,12,0,12,元富-新店,2023-02-13,5922
6589,台康生技,20,8,12,元富-新店,2023-02-13,5922
2388,威盛,23,12,11,元富-新店,2023-02-13,5922
2482,連宇,17,6,11,元富-新店,2023-02-13,5922
3022,威強電,11,0,11,元富-新店,2023-02-13,5922
00687B,國泰20年美債,11,0,11,元富-新店,2023-02-13,5922
1522,堤維西,11,0,11,元富-新店,2023-02-13,5922
2887,台新金,11,0,11,元富-新店,2023-02-13,5922
0056,元大高股息,11,1,10,元富-新店,2023-02-13,5922
1447,力鵬,11,1,10,元富-新店,2023-02-13,5922
1506,正道,10,0,10,元富-新店,2023-02-13,5922
3705,永信,10,0,10,元富-新店,2023-02-13,5922
3022,威強電,150,18,132,元富-新店,2023-02-14,5922
2498,宏達電,141,57,84,元富-新店,2023-02-14,5922
00720B,元大投資級公司債,55,1,54,元富-新店,2023-02-14,5922
3021,鴻名,55,2,53,元富-新店,2023-02-14,5922
2890,永豐金,52,0,52,元富-新店,2023-02-14,5922
3038,全台,50,0,50,元富-新店,2023-02-14,5922
00878,國泰永續高股息,70,23,47,元富-新店,2023-02-14,5922
2615,萬海,41,1,40,元富-新店,2023-02-14,5922
6245,立端,39,0,39,元富-新店,2023-02-14,5922
2883,凱基金,42,6,36,元富-新店,2023-02-14,5922
8222,寶一,59,27,32,元富-新店,2023-02-14,5922
00632R,元大台灣50反1,31,1,30,元富-新店,2023-02-14,5922
5291,邑昇,22,0,22,元富-新店,2023-02-14,5922
00637L,元大滬深300正2,22,0,22,元富-新店,2023-02-14,5922
1711,永光,20,0,20,元富-新店,2023-02-14,5922
3037,欣興,19,1,18,元富-新店,2023-02-14,5922
6266,泰詠,27,10,17,元富-新店,2023-02-14,5922
00713,元大台灣高息低波,20,3,17,元富-新店,2023-02-14,5922
2609,陽明,23,7,16,元富-新店,2023-02-14,5922
3122,笙泉,53,38,15,元富-新店,2023-02-14,5922
00772B,中信高評級公司債,15,0,15,元富-新店,2023-02-14,5922
3035,智原,17,4,13,元富-新店,2023-02-14,5922
1513,中興電,38,26,12,元富-新店,2023-02-14,5922
8215,明基材,12,0,12,元富-新店,2023-02-14,5922
2351,順德,17,5,12,元富-新店,2023-02-14,5922
6104,創惟,29,19,10,元富-新店,2023-02-14,5922
6167,久正,10,0,10,元富-新店,2023-02-14,5922
2009,第一銅,19,9,10,元富-新店,2023-02-14,5922
2484,希華,11,1,10,元富-新店,2023-02-14,5922
1319,東陽,10,0,10,元富-新店,2023-02-14,5922
1795,美時,16,8,8,元富-新店,2023-02-14,5922
3545,敦泰,8,0,8,元富-新店,2023-02-14,5922
8086,宏捷科,8,0,8,元富-新店,2023-02-14,5922
00780B,國泰A級金融債,8,0,8,元富-新店,2023-02-14,5922
3594,磐儀,11,3,8,元富-新店,2023-02-14,5922
8105,凌巨,17,10,7,元富-新店,2023-02-14,5922
6282,康舒,8,1,7,元富-新店,2023-02-14,5922
2929,淘帝-KY,7,0,7,元富-新店,2023-02-14,5922
6288,聯嘉,10,3,7,元富-新店,2023-02-14,5922
5351,鈺創,12,5,7,元富-新店,2023-02-14,5922
3491,昇達科,6,0,6,元富-新店,2023-02-14,5922
3088,艾訊,6,0,6,元富-新店,2023-02-14,5922
00706L,期元大S＆P日圓正2,6,0,6,元富-新店,2023-02-14,5922
6411,晶焱,7,1,6,元富-新店,2023-02-14,5922
6865,偉康科技,6,0,6,元富-新店,2023-02-14,5922
8069,元太,6,1,5,元富-新店,2023-02-14,5922
3006,晶豪科,8,3,5,元富-新店,2023-02-14,5922
3189,景碩,9,4,5,元富-新店,2023-02-14,5922
2547,日勝生,5,0,5,元富-新店,2023-02-14,5922
2745,五福,5,0,5,元富-新店,2023-02-14,5922
3037,欣興,254,11,243,元富-新店,2023-02-15,5922
00878,國泰永續高股息,188,6,182,元富-新店,2023-02-15,5922
00632R,元大台灣50反1,200,50,150,元富-新店,2023-02-15,5922
2884,玉山金,134,0,134,元富-新店,2023-02-15,5922
1609,大亞,142,13,129,元富-新店,2023-02-15,5922
00637L,元大滬深300正2,81,3,78,元富-新店,2023-02-15,5922
2887,台新金,67,0,67,元富-新店,2023-02-15,5922
2881,富邦金,57,0,57,元富-新店,2023-02-15,5922
2880,華南金,36,0,36,元富-新店,2023-02-15,5922
2609,陽明,74,40,34,元富-新店,2023-02-15,5922
2618,長榮航,74,41,33,元富-新店,2023-02-15,5922
2882,國泰金,30,2,28,元富-新店,2023-02-15,5922
6235,華孚,57,32,25,元富-新店,2023-02-15,5922
6282,康舒,25,1,24,元富-新店,2023-02-15,5922
8222,寶一,40,16,24,元富-新店,2023-02-15,5922
2371,大同,235,212,23,元富-新店,2023-02-15,5922
2337,旺宏,25,3,22,元富-新店,2023-02-15,5922
2206,三陽工業,27,5,22,元富-新店,2023-02-15,5922
00902,中信電池及儲能,22,0,22,元富-新店,2023-02-15,5922
4123,晟德,20,0,20,元富-新店,2023-02-15,5922
5410,國眾,21,1,20,元富-新店,2023-02-15,5922
2408,南亞科,20,0,20,元富-新店,2023-02-15,5922
6538,倉和,20,0,20,元富-新店,2023-02-15,5922
5203,訊連,15,0,15,元富-新店,2023-02-15,5922
2330,台積電,38,23,15,元富-新店,2023-02-15,5922
1519,華城,22,8,14,元富-新店,2023-02-15,5922
2603,長榮,15,2,13,元富-新店,2023-02-15,5922
2303,聯電,38,25,13,元富-新店,2023-02-15,5922
4533,協易機,13,0,13,元富-新店,2023-02-15,5922
3021,鴻名,13,0,13,元富-新店,2023-02-15,5922
2743,山富,38,25,13,元富-新店,2023-02-15,5922
00706L,期元大S＆P日圓正2,13,0,13,元富-新店,2023-02-15,5922
00891,中信關鍵半導體,13,0,13,元富-新店,2023-02-15,5922
2912,統一超,12,0,12,元富-新店,2023-02-15,5922
9935,慶豐富,12,0,12,元富-新店,2023-02-15,5922
4105,東洋,10,0,10,元富-新店,2023-02-15,5922
4534,慶騰,30,20,10,元富-新店,2023-02-15,5922
2504,國產,10,0,10,元富-新店,2023-02-15,5922
1560,中砂,12,2,10,元富-新店,2023-02-15,5922
1608,華榮,10,0,10,元富-新店,2023-02-15,5922
00720B,元大投資級公司債,9,0,9,元富-新店,2023-02-15,5922
5371,中光電,9,0,9,元富-新店,2023-02-15,5922
5608,四維航,10,1,9,元富-新店,2023-02-15,5922
1522,堤維西,15,6,9,元富-新店,2023-02-15,5922
00900,富邦特選高股息30,8,0,8,元富-新店,2023-02-15,5922
5706,鳳凰,10,2,8,元富-新店,2023-02-15,5922
2454,聯發科,8,0,8,元富-新店,2023-02-15,5922
3703,欣陸,7,0,7,元富-新店,2023-02-15,5922
8086,宏捷科,7,0,7,元富-新店,2023-02-15,5922
5347,世界,10,4,6,元富-新店,2023-02-15,5922
00679B,元大美債20年,159,0,159,元富-新店,2023-02-16,5922
2002,中鋼,121,1,120,元富-新店,2023-02-16,5922
2881,富邦金,106,0,106,元富-新店,2023-02-16,5922
3037,欣興,135,34,101,元富-新店,2023-02-16,5922
00878,國泰永續高股息,93,3,90,元富-新店,2023-02-16,5922
6245,立端,74,17,57,元富-新店,2023-02-16,5922
2332,友訊,54,0,54,元富-新店,2023-02-16,5922
3027,盛達,57,8,49,元富-新店,2023-02-16,5922
3059,華晶科,40,0,40,元富-新店,2023-02-16,5922
00772B,中信高評級公司債,32,0,32,元富-新店,2023-02-16,5922
2027,大成鋼,30,0,30,元富-新店,2023-02-16,5922
4162,智擎,25,1,24,元富-新店,2023-02-16,5922
6550,北極星藥業-KY,30,7,23,元富-新店,2023-02-16,5922
6266,泰詠,35,13,22,元富-新店,2023-02-16,5922
3022,威強電,38,17,21,元富-新店,2023-02-16,5922
5905,南仁湖,21,0,21,元富-新店,2023-02-16,5922
5512,力麒,30,10,20,元富-新店,2023-02-16,5922
2495,普安,20,0,20,元富-新店,2023-02-16,5922
00881,國泰台灣5G+,21,4,17,元富-新店,2023-02-16,5922
2206,三陽工業,19,2,17,元富-新店,2023-02-16,5922
5351,鈺創,21,5,16,元富-新店,2023-02-16,5922
00751B,元大AAA至A公司債,15,0,15,元富-新店,2023-02-16,5922
2308,台達電,18,3,15,元富-新店,2023-02-16,5922
3141,晶宏,25,10,15,元富-新店,2023-02-16,5922
00720B,元大投資級公司債,12,0,12,元富-新店,2023-02-16,5922
4919,新唐,13,1,12,元富-新店,2023-02-16,5922
8097,常珵,12,0,12,元富-新店,2023-02-16,5922
00680L,元大美債20正2,11,0,11,元富-新店,2023-02-16,5922
2317,鴻海,20,10,10,元富-新店,2023-02-16,5922
2302,麗正,11,1,10,元富-新店,2023-02-16,5922
2480,敦陽科,10,0,10,元富-新店,2023-02-16,5922
6127,九豪,30,20,10,元富-新店,2023-02-16,5922
1453,大將,10,0,10,元富-新店,2023-02-16,5922
6118,建達,10,0,10,元富-新店,2023-02-16,5922
6441,廣錠,18,8,10,元富-新店,2023-02-16,5922
00664R,國泰臺灣加權反1,10,0,10,元富-新店,2023-02-16,5922
3701,大眾控,12,2,10,元富-新店,2023-02-16,5922
2492,華新科,25,16,9,元富-新店,2023-02-16,5922
00895,富邦未來車,9,0,9,元富-新店,2023-02-16,5922
1409,新纖,11,2,9,元富-新店,2023-02-16,5922
1784,訊聯,11,2,9,元富-新店,2023-02-16,5922
00713,元大台灣高息低波,9,0,9,元富-新店,2023-02-16,5922
6217,中探針,11,2,9,元富-新店,2023-02-16,5922
3224,三顧,9,1,8,元富-新店,2023-02-16,5922
1522,堤維西,10,2,8,元富-新店,2023-02-16,5922
2425,承啟,8,0,8,元富-新店,2023-02-16,5922
6517,保勝光學,7,0,7,元富-新店,2023-02-16,5922
2352,佳世達,7,0,7,元富-新店,2023-02-16,5922
2454,聯發科,6,0,6,元富-新店,2023-02-16,5922
1216,統一,6,0,6,元富-新店,2023-02-16,5922
3481,群創,251,66,185,元富-新店,2023-02-17,5922
2891,中信金,159,1,158,元富-新店,2023-02-17,5922
00632R,元大台灣50反1,140,0,140,元富-新店,2023-02-17,5922
2610,華航,392,272,120,元富-新店,2023-02-17,5922
8932,智通*,101,0,101,元富-新店,2023-02-17,5922
2329,華泰,106,10,96,元富-新店,2023-02-17,5922
00772B,中信高評級公司債,63,0,63,元富-新店,2023-02-17,5922
2884,玉山金,63,1,62,元富-新店,2023-02-17,5922
00795B,中信美國公債20年,50,0,50,元富-新店,2023-02-17,5922
2618,長榮航,228,179,49,元富-新店,2023-02-17,5922
00679B,元大美債20年,47,0,47,元富-新店,2023-02-17,5922
1529,樂事綠能,45,5,40,元富-新店,2023-02-17,5922
00878,國泰永續高股息,45,6,39,元富-新店,2023-02-17,5922
00885,富邦越南,32,0,32,元富-新店,2023-02-17,5922
2606,裕民,32,0,32,元富-新店,2023-02-17,5922
8155,博智,30,0,30,元富-新店,2023-02-17,5922
6104,創惟,34,7,27,元富-新店,2023-02-17,5922
3704,合勤控,30,5,25,元富-新店,2023-02-17,5922
6284,佳邦,24,0,24,元富-新店,2023-02-17,5922
00893,國泰智能電動車,29,5,24,元富-新店,2023-02-17,5922
2886,兆豐金,23,0,23,元富-新店,2023-02-17,5922
3037,欣興,31,9,22,元富-新店,2023-02-17,5922
2406,國碩,22,0,22,元富-新店,2023-02-17,5922
6441,廣錠,20,0,20,元富-新店,2023-02-17,5922
5512,力麒,20,0,20,元富-新店,2023-02-17,5922
6443,元晶,21,4,17,元富-新店,2023-02-17,5922
00751B,元大AAA至A公司債,17,0,17,元富-新店,2023-02-17,5922
2330,台積電,17,1,16,元富-新店,2023-02-17,5922
6266,泰詠,22,6,16,元富-新店,2023-02-17,5922
8358,金居,15,0,15,元富-新店,2023-02-17,5922
3376,新日興,20,7,13,元富-新店,2023-02-17,5922
3209,全科,14,1,13,元富-新店,2023-02-17,5922
1409,新纖,12,0,12,元富-新店,2023-02-17,5922
2368,金像電,11,0,11,元富-新店,2023-02-17,5922
2313,華通,11,0,11,元富-新店,2023-02-17,5922
3576,聯合再生,11,0,11,元富-新店,2023-02-17,5922
00715L,期街口布蘭特正2,10,0,10,元富-新店,2023-02-17,5922
2317,鴻海,22,12,10,元富-新店,2023-02-17,5922
3078,僑威,10,0,10,元富-新店,2023-02-17,5922
2468,華經,13,3,10,元富-新店,2023-02-17,5922
6799,來頡,13,3,10,元富-新店,2023-02-17,5922
1785,光洋科,10,0,10,元富-新店,2023-02-17,5922
3049,精金,10,0,10,元富-新店,2023-02-17,5922
2105,正新,10,0,10,元富-新店,2023-02-17,5922
3624,光頡,10,0,10,元富-新店,2023-02-17,5922
4915,致伸,10,0,10,元富-新店,2023-02-17,5922
8069,元太,14,5,9,元富-新店,2023-02-17,5922
8227,巨有科技,13,4,9,元富-新店,2023-02-17,5922
00753L,中信中國50正2,9,0,9,元富-新店,2023-02-17,5922
3594,磐儀,14,5,9,元富-新店,2023-02-17,5922
8932,智通*,88,0,88,元富-新店,2023-02-20,5922
3037,欣興,67,2,65,元富-新店,2023-02-20,5922
3059,華晶科,60,0,60,元富-新店,2023-02-20,5922
6125,廣運,50,0,50,元富-新店,2023-02-20,5922
1709,和益,49,10,39,元富-新店,2023-02-20,5922
2618,長榮航,72,34,38,元富-新店,2023-02-20,5922
00900,富邦特選高股息30,38,5,33,元富-新店,2023-02-20,5922
00878,國泰永續高股息,44,12,32,元富-新店,2023-02-20,5922
8234,新漢,29,0,29,元富-新店,2023-02-20,5922
8222,寶一,32,6,26,元富-新店,2023-02-20,5922
00893,國泰智能電動車,24,0,24,元富-新店,2023-02-20,5922
00632R,元大台灣50反1,25,1,24,元富-新店,2023-02-20,5922
1708,東鹼,24,0,24,元富-新店,2023-02-20,5922
3022,威強電,25,1,24,元富-新店,2023-02-20,5922
4128,中天,30,8,22,元富-新店,2023-02-20,5922
00772B,中信高評級公司債,21,0,21,元富-新店,2023-02-20,5922
3128,昇銳,28,8,20,元富-新店,2023-02-20,5922
4533,協易機,20,0,20,元富-新店,2023-02-20,5922
8358,金居,20,1,19,元富-新店,2023-02-20,5922
00902,中信電池及儲能,19,0,19,元富-新店,2023-02-20,5922
1519,華城,39,22,17,元富-新店,2023-02-20,5922
1533,車王電,16,0,16,元富-新店,2023-02-20,5922
3339,泰谷,15,0,15,元富-新店,2023-02-20,5922
6220,岳豐,10,0,10,元富-新店,2023-02-20,5922
4721,美琪瑪,11,1,10,元富-新店,2023-02-20,5922
6791,虎門科技,10,0,10,元富-新店,2023-02-20,5922
2436,偉詮電,12,2,10,元富-新店,2023-02-20,5922
6603,富強鑫,10,0,10,元富-新店,2023-02-20,5922
2702,華園,10,0,10,元富-新店,2023-02-20,5922
6456,GIS-KY,10,0,10,元富-新店,2023-02-20,5922
6441,廣錠,10,0,10,元富-新店,2023-02-20,5922
3479,安勤,10,0,10,元富-新店,2023-02-20,5922
2731,雄獅,12,3,9,元富-新店,2023-02-20,5922
3062,建漢,20,11,9,元富-新店,2023-02-20,5922
1605,華新,26,17,9,元富-新店,2023-02-20,5922
1457,宜進,9,0,9,元富-新店,2023-02-20,5922
2727,王品,12,4,8,元富-新店,2023-02-20,5922
2349,錸德,10,2,8,元富-新店,2023-02-20,5922
4142,國光生,8,0,8,元富-新店,2023-02-20,5922
0056,元大高股息,17,9,8,元富-新店,2023-02-20,5922
3035,智原,18,11,7,元富-新店,2023-02-20,5922
4739,康普,7,0,7,元富-新店,2023-02-20,5922
2206,三陽工業,12,5,7,元富-新店,2023-02-20,5922
6578,達邦蛋白,7,0,7,元富-新店,2023-02-20,5922
5009,榮剛,8,2,6,元富-新店,2023-02-20,5922
6269,台郡,11,5,6,元富-新店,2023-02-20,5922
3338,泰碩,6,0,6,元富-新店,2023-02-20,5922
6140,訊達,6,0,6,元富-新店,2023-02-20,5922
5905,南仁湖,6,0,6,元富-新店,2023-02-20,5922
1711,永光,11,5,6,元富-新店,2023-02-20,5922
2618,長榮航,133,16,117,元富-新店,2023-02-21,5922
1402,遠東新,100,0,100,元富-新店,2023-02-21,5922
2610,華航,98,9,89,元富-新店,2023-02-21,5922
4533,協易機,57,0,57,元富-新店,2023-02-21,5922
8932,智通*,45,0,45,元富-新店,2023-02-21,5922
5475,德宏,45,0,45,元富-新店,2023-02-21,5922
2884,玉山金,128,84,44,元富-新店,2023-02-21,5922
8155,博智,42,0,42,元富-新店,2023-02-21,5922
6288,聯嘉,56,16,40,元富-新店,2023-02-21,5922
1605,華新,79,44,35,元富-新店,2023-02-21,5922
00679B,元大美債20年,34,1,33,元富-新店,2023-02-21,5922
3114,好德,30,0,30,元富-新店,2023-02-21,5922
00715L,期街口布蘭特正2,29,0,29,元富-新店,2023-02-21,5922
00720B,元大投資級公司債,27,0,27,元富-新店,2023-02-21,5922
8105,凌巨,37,12,25,元富-新店,2023-02-21,5922
1217,愛之味,31,8,23,元富-新店,2023-02-21,5922
5512,力麒,25,3,22,元富-新店,2023-02-21,5922
2891,中信金,22,0,22,元富-新店,2023-02-21,5922
3022,威強電,24,3,21,元富-新店,2023-02-21,5922
3141,晶宏,24,4,20,元富-新店,2023-02-21,5922
2352,佳世達,20,0,20,元富-新店,2023-02-21,5922
00687B,國泰20年美債,20,0,20,元富-新店,2023-02-21,5922
2851,中再保,20,0,20,元富-新店,2023-02-21,5922
1909,榮成,20,0,20,元富-新店,2023-02-21,5922
3707,漢磊,20,1,19,元富-新店,2023-02-21,5922
3027,盛達,43,24,19,元富-新店,2023-02-21,5922
1103,嘉泥,20,1,19,元富-新店,2023-02-21,5922
8050,廣積,28,9,19,元富-新店,2023-02-21,5922
2887,台新金,20,1,19,元富-新店,2023-02-21,5922
0056,元大高股息,19,3,16,元富-新店,2023-02-21,5922
3062,建漢,16,0,16,元富-新店,2023-02-21,5922
8261,富鼎,16,0,16,元富-新店,2023-02-21,5922
1515,力山,16,0,16,元富-新店,2023-02-21,5922
2457,飛宏,29,14,15,元富-新店,2023-02-21,5922
6206,飛捷,15,0,15,元富-新店,2023-02-21,5922
6441,廣錠,16,1,15,元富-新店,2023-02-21,5922
5258,虹堡,55,41,14,元富-新店,2023-02-21,5922
1504,東元,24,10,14,元富-新店,2023-02-21,5922
2882,國泰金,15,2,13,元富-新店,2023-02-21,5922
2912,統一超,12,0,12,元富-新店,2023-02-21,5922
2609,陽明,86,74,12,元富-新店,2023-02-21,5922
5483,中美晶,12,1,11,元富-新店,2023-02-21,5922
2743,山富,11,0,11,元富-新店,2023-02-21,5922
3297,杭特,10,0,10,元富-新店,2023-02-21,5922
2358,廷鑫,10,0,10,元富-新店,2023-02-21,5922
3005,神基,10,0,10,元富-新店,2023-02-21,5922
8163,達方,10,0,10,元富-新店,2023-02-21,5922
2369,菱生,10,0,10,元富-新店,2023-02-21,5922
1727,中華化,10,0,10,元富-新店,2023-02-21,5922
6527,明達醫,10,0,10,元富-新店,2023-02-21,5922
2409,友達,232,1,231,元富-新店,2023-02-22,5922
2303,聯電,137,1,136,元富-新店,2023-02-22,5922
5512,力麒,124,24,100,元富-新店,2023-02-22,5922
1513,中興電,142,58,84,元富-新店,2023-02-22,5922
8932,智通*,76,0,76,元富-新店,2023-02-22,5922
2618,長榮航,98,32,66,元富-新店,2023-02-22,5922
00878,國泰永續高股息,223,160,63,元富-新店,2023-02-22,5922
00671R,富邦NASDAQ反1,50,0,50,元富-新店,2023-02-22,5922
2317,鴻海,45,0,45,元富-新店,2023-02-22,5922
00712,復華富時不動產,43,0,43,元富-新店,2023-02-22,5922
4162,智擎,52,10,42,元富-新店,2023-02-22,5922
2474,可成,40,0,40,元富-新店,2023-02-22,5922
1522,堤維西,34,0,34,元富-新店,2023-02-22,5922
2834,臺企銀,52,19,33,元富-新店,2023-02-22,5922
00751B,元大AAA至A公司債,33,0,33,元富-新店,2023-02-22,5922
6411,晶焱,36,5,31,元富-新店,2023-02-22,5922
1444,力麗,30,0,30,元富-新店,2023-02-22,5922
2615,萬海,43,14,29,元富-新店,2023-02-22,5922
2610,華航,137,110,27,元富-新店,2023-02-22,5922
00830,國泰費城半導體,25,0,25,元富-新店,2023-02-22,5922
2453,凌群,28,3,25,元富-新店,2023-02-22,5922
00679B,元大美債20年,27,3,24,元富-新店,2023-02-22,5922
00900,富邦特選高股息30,26,2,24,元富-新店,2023-02-22,5922
2705,六福,34,12,22,元富-新店,2023-02-22,5922
2376,技嘉,21,0,21,元富-新店,2023-02-22,5922
1515,力山,26,6,20,元富-新店,2023-02-22,5922
3035,智原,29,10,19,元富-新店,2023-02-22,5922
5425,台半,24,5,19,元富-新店,2023-02-22,5922
0056,元大高股息,17,0,17,元富-新店,2023-02-22,5922
2201,裕隆,33,16,17,元富-新店,2023-02-22,5922
1217,愛之味,47,30,17,元富-新店,2023-02-22,5922
1605,華新,44,27,17,元富-新店,2023-02-22,5922
4114,健喬,31,14,17,元富-新店,2023-02-22,5922
2367,燿華,20,3,17,元富-新店,2023-02-22,5922
00772B,中信高評級公司債,17,0,17,元富-新店,2023-02-22,5922
6589,台康生技,16,0,16,元富-新店,2023-02-22,5922
1584,精剛,91,75,16,元富-新店,2023-02-22,5922
3419,譁裕,14,0,14,元富-新店,2023-02-22,5922
4533,協易機,14,0,14,元富-新店,2023-02-22,5922
2427,三商電,15,1,14,元富-新店,2023-02-22,5922
2476,鉅祥,12,0,12,元富-新店,2023-02-22,5922
00720B,元大投資級公司債,12,0,12,元富-新店,2023-02-22,5922
6143,振曜,15,4,11,元富-新店,2023-02-22,5922
2492,華新科,11,0,11,元富-新店,2023-02-22,5922
00902,中信電池及儲能,14,3,11,元富-新店,2023-02-22,5922
3374,精材,11,0,11,元富-新店,2023-02-22,5922
00710B,復華彭博非投等債,11,0,11,元富-新店,2023-02-22,5922
2388,威盛,15,4,11,元富-新店,2023-02-22,5922
1326,台化,10,0,10,元富-新店,2023-02-22,5922
1720,生達,10,0,10,元富-新店,2023-02-22,5922
2303,聯電,357,33,324,元富-新店,2023-02-23,5922
00632R,元大台灣50反1,164,21,143,元富-新店,2023-02-23,5922
00885,富邦越南,116,4,112,元富-新店,2023-02-23,5922
3481,群創,120,13,107,元富-新店,2023-02-23,5922
2882,國泰金,101,7,94,元富-新店,2023-02-23,5922
2498,宏達電,146,58,88,元富-新店,2023-02-23,5922
2609,陽明,123,52,71,元富-新店,2023-02-23,5922
6257,矽格,59,1,58,元富-新店,2023-02-23,5922
8932,智通*,45,0,45,元富-新店,2023-02-23,5922
2409,友達,47,6,41,元富-新店,2023-02-23,5922
3357,臺慶科,41,0,41,元富-新店,2023-02-23,5922
00715L,期街口布蘭特正2,37,0,37,元富-新店,2023-02-23,5922
6266,泰詠,55,21,34,元富-新店,2023-02-23,5922
00772B,中信高評級公司債,28,0,28,元富-新店,2023-02-23,5922
3037,欣興,27,1,26,元富-新店,2023-02-23,5922
2885,元大金,22,0,22,元富-新店,2023-02-23,5922
2537,聯上發,20,0,20,元富-新店,2023-02-23,5922
2369,菱生,21,1,20,元富-新店,2023-02-23,5922
3419,譁裕,20,0,20,元富-新店,2023-02-23,5922
1416,廣豐,20,0,20,元富-新店,2023-02-23,5922
4973,廣穎,20,0,20,元富-新店,2023-02-23,5922
00720B,元大投資級公司債,19,1,18,元富-新店,2023-02-23,5922
00751B,元大AAA至A公司債,18,0,18,元富-新店,2023-02-23,5922
2641,正德,17,0,17,元富-新店,2023-02-23,5922
2344,華邦電,16,0,16,元富-新店,2023-02-23,5922
3062,建漢,15,0,15,元富-新店,2023-02-23,5922
2891,中信金,15,1,14,元富-新店,2023-02-23,5922
1810,和成,14,0,14,元富-新店,2023-02-23,5922
3088,艾訊,41,27,14,元富-新店,2023-02-23,5922
6235,華孚,119,106,13,元富-新店,2023-02-23,5922
2610,華航,36,24,12,元富-新店,2023-02-23,5922
2701,萬企,12,0,12,元富-新店,2023-02-23,5922
2702,華園,27,15,12,元富-新店,2023-02-23,5922
8996,高力,20,9,11,元富-新店,2023-02-23,5922
3376,新日興,11,0,11,元富-新店,2023-02-23,5922
8222,寶一,11,0,11,元富-新店,2023-02-23,5922
3264,欣銓,11,0,11,元富-新店,2023-02-23,5922
8171,天宇,11,0,11,元富-新店,2023-02-23,5922
5371,中光電,11,0,11,元富-新店,2023-02-23,5922
5483,中美晶,12,1,11,元富-新店,2023-02-23,5922
4743,合一,12,2,10,元富-新店,2023-02-23,5922
2371,大同,10,0,10,元富-新店,2023-02-23,5922
1709,和益,21,11,10,元富-新店,2023-02-23,5922
3630,新鉅科,10,0,10,元富-新店,2023-02-23,5922
3027,盛達,15,5,10,元富-新店,2023-02-23,5922
00712,復華富時不動產,10,0,10,元富-新店,2023-02-23,5922
1506,正道,11,1,10,元富-新店,2023-02-23,5922
00795B,中信美國公債20年,10,0,10,元富-新店,2023-02-23,5922
00680L,元大美債20正2,10,0,10,元富-新店,2023-02-23,5922
00708L,期元大S＆P黃金正2,10,0,10,元富-新店,2023-02-23,5922
00648R,元大S＆P500反1,150,0,150,元富-新店,2023-02-24,5922
00885,富邦越南,58,0,58,元富-新店,2023-02-24,5922
2882,國泰金,59,3,56,元富-新店,2023-02-24,5922
2337,旺宏,43,0,43,元富-新店,2023-02-24,5922
2615,萬海,51,9,42,元富-新店,2023-02-24,5922
2303,聯電,102,60,42,元富-新店,2023-02-24,5922
1584,精剛,47,7,40,元富-新店,2023-02-24,5922
0056,元大高股息,64,24,40,元富-新店,2023-02-24,5922
8033,雷虎,38,3,35,元富-新店,2023-02-24,5922
1524,耿鼎,35,0,35,元富-新店,2023-02-24,5922
6257,矽格,38,6,32,元富-新店,2023-02-24,5922
1709,和益,31,0,31,元富-新店,2023-02-24,5922
8932,智通*,30,0,30,元富-新店,2023-02-24,5922
2884,玉山金,38,8,30,元富-新店,2023-02-24,5922
00877,復華中國5G,25,0,25,元富-新店,2023-02-24,5922
2474,可成,25,0,25,元富-新店,2023-02-24,5922
00878,國泰永續高股息,47,22,25,元富-新店,2023-02-24,5922
5608,四維航,89,68,21,元富-新店,2023-02-24,5922
5464,霖宏,24,3,21,元富-新店,2023-02-24,5922
00882,中信中國高股息,20,0,20,元富-新店,2023-02-24,5922
2317,鴻海,22,3,19,元富-新店,2023-02-24,5922
2712,遠雄來,21,3,18,元富-新店,2023-02-24,5922
1314,中石化,17,0,17,元富-新店,2023-02-24,5922
6104,創惟,17,0,17,元富-新店,2023-02-24,5922
1605,華新,60,45,15,元富-新店,2023-02-24,5922
3021,鴻名,49,34,15,元富-新店,2023-02-24,5922
1701,中化,15,0,15,元富-新店,2023-02-24,5922
1506,正道,15,0,15,元富-新店,2023-02-24,5922
2609,陽明,30,16,14,元富-新店,2023-02-24,5922
6274,台燿,14,0,14,元富-新店,2023-02-24,5922
3022,威強電,16,3,13,元富-新店,2023-02-24,5922
3290,東浦,33,20,13,元富-新店,2023-02-24,5922
00632R,元大台灣50反1,15,2,13,元富-新店,2023-02-24,5922
2885,元大金,12,0,12,元富-新店,2023-02-24,5922
00637L,元大滬深300正2,11,0,11,元富-新店,2023-02-24,5922
5340,建榮,11,0,11,元富-新店,2023-02-24,5922
3058,立德,11,0,11,元富-新店,2023-02-24,5922
00753L,中信中國50正2,11,0,11,元富-新店,2023-02-24,5922
2419,仲琦,11,0,11,元富-新店,2023-02-24,5922
6426,統新,11,0,11,元富-新店,2023-02-24,5922
3035,智原,21,11,10,元富-新店,2023-02-24,5922
3013,晟銘電,10,0,10,元富-新店,2023-02-24,5922
2444,兆勁,10,0,10,元富-新店,2023-02-24,5922
1409,新纖,10,0,10,元富-新店,2023-02-24,5922
1711,永光,10,0,10,元富-新店,2023-02-24,5922
00708L,期元大S＆P黃金正2,10,0,10,元富-新店,2023-02-24,5922
4960,誠美材,33,23,10,元富-新店,2023-02-24,5922
3576,聯合再生,10,0,10,元富-新店,2023-02-24,5922
8050,廣積,12,2,10,元富-新店,2023-02-24,5922
2002,中鋼,10,0,10,元富-新店,2023-02-24,5922
2881,富邦金,202,0,202,元富-新店,2023-03-01,5922
8932,智通*,170,0,170,元富-新店,2023-03-01,5922
3481,群創,222,70,152,元富-新店,2023-03-01,5922
00878,國泰永續高股息,88,8,80,元富-新店,2023-03-01,5922
1605,華新,128,52,76,元富-新店,2023-03-01,5922
2014,中鴻,57,0,57,元富-新店,2023-03-01,5922
2882,國泰金,52,0,52,元富-新店,2023-03-01,5922
2371,大同,42,0,42,元富-新店,2023-03-01,5922
9945,潤泰新,42,0,42,元富-新店,2023-03-01,5922
2317,鴻海,45,4,41,元富-新店,2023-03-01,5922
6266,泰詠,57,18,39,元富-新店,2023-03-01,5922
2376,技嘉,37,0,37,元富-新店,2023-03-01,5922
2892,第一金,33,0,33,元富-新店,2023-03-01,5922
2427,三商電,33,1,32,元富-新店,2023-03-01,5922
00632R,元大台灣50反1,40,8,32,元富-新店,2023-03-01,5922
1709,和益,43,12,31,元富-新店,2023-03-01,5922
00669R,國泰美國道瓊反1,30,0,30,元富-新店,2023-03-01,5922
00772B,中信高評級公司債,27,0,27,元富-新店,2023-03-01,5922
2603,長榮,26,1,25,元富-新店,2023-03-01,5922
00712,復華富時不動產,24,0,24,元富-新店,2023-03-01,5922
1409,新纖,24,1,23,元富-新店,2023-03-01,5922
3021,鴻名,32,10,22,元富-新店,2023-03-01,5922
00679B,元大美債20年,20,0,20,元富-新店,2023-03-01,5922
1584,精剛,20,0,20,元富-新店,2023-03-01,5922
2615,萬海,27,9,18,元富-新店,2023-03-01,5922
2888,新光金,18,0,18,元富-新店,2023-03-01,5922
1101,台泥,19,1,18,元富-新店,2023-03-01,5922
2504,國產,18,1,17,元富-新店,2023-03-01,5922
00751B,元大AAA至A公司債,16,0,16,元富-新店,2023-03-01,5922
00676R,富邦臺灣加權反1,16,0,16,元富-新店,2023-03-01,5922
6515,穎崴,19,3,16,元富-新店,2023-03-01,5922
00882,中信中國高股息,16,0,16,元富-新店,2023-03-01,5922
1219,福壽,30,15,15,元富-新店,2023-03-01,5922
2606,裕民,21,6,15,元富-新店,2023-03-01,5922
2618,長榮航,68,53,15,元富-新店,2023-03-01,5922
1519,華城,16,1,15,元富-新店,2023-03-01,5922
3706,神達,14,0,14,元富-新店,2023-03-01,5922
2002,中鋼,20,7,13,元富-新店,2023-03-01,5922
3710,連展投控,14,1,13,元富-新店,2023-03-01,5922
2834,臺企銀,20,8,12,元富-新店,2023-03-01,5922
8069,元太,16,4,12,元富-新店,2023-03-01,5922
4763,材料-KY,28,17,11,元富-新店,2023-03-01,5922
2812,台中銀,16,5,11,元富-新店,2023-03-01,5922
2243,宏旭-KY,11,0,11,元富-新店,2023-03-01,5922
5340,建榮,11,0,11,元富-新店,2023-03-01,5922
6770,力積電,12,1,11,元富-新店,2023-03-01,5922
2801,彰銀,10,0,10,元富-新店,2023-03-01,5922
3652,精聯,42,32,10,元富-新店,2023-03-01,5922
6165,浪凡,10,0,10,元富-新店,2023-03-01,5922
2342,茂矽,10,0,10,元富-新店,2023-03-01,5922
2891,中信金,272,2,270,元富-新店,2023-03-02,5922
00712,復華富時不動產,124,0,124,元富-新店,2023-03-02,5922
2303,聯電,81,6,75,元富-新店,2023-03-02,5922
1409,新纖,52,0,52,元富-新店,2023-03-02,5922
3406,玉晶光,52,2,50,元富-新店,2023-03-02,5922
1609,大亞,59,14,45,元富-新店,2023-03-02,5922
00878,國泰永續高股息,78,36,42,元富-新店,2023-03-02,5922
3027,盛達,59,20,39,元富-新店,2023-03-02,5922
3022,威強電,40,2,38,元富-新店,2023-03-02,5922
00772B,中信高評級公司債,30,0,30,元富-新店,2023-03-02,5922
5521,工信,30,0,30,元富-新店,2023-03-02,5922
00687B,國泰20年美債,25,0,25,元富-新店,2023-03-02,5922
2371,大同,23,0,23,元富-新店,2023-03-02,5922
2409,友達,23,0,23,元富-新店,2023-03-02,5922
2498,宏達電,26,4,22,元富-新店,2023-03-02,5922
4207,環泰,21,0,21,元富-新店,2023-03-02,5922
6770,力積電,22,1,21,元富-新店,2023-03-02,5922
00885,富邦越南,23,3,20,元富-新店,2023-03-02,5922
00647L,元大S＆P500正2,20,0,20,元富-新店,2023-03-02,5922
2886,兆豐金,16,0,16,元富-新店,2023-03-02,5922
1312,國喬,16,0,16,元富-新店,2023-03-02,5922
2882,國泰金,15,1,14,元富-新店,2023-03-02,5922
3162,精確,15,1,14,元富-新店,2023-03-02,5922
2359,所羅門,16,2,14,元富-新店,2023-03-02,5922
00679B,元大美債20年,15,1,14,元富-新店,2023-03-02,5922
5009,榮剛,17,4,13,元富-新店,2023-03-02,5922
3231,緯創,12,0,12,元富-新店,2023-03-02,5922
3346,麗清,19,7,12,元富-新店,2023-03-02,5922
00773B,中信優先金融債,12,0,12,元富-新店,2023-03-02,5922
2612,中航,12,0,12,元富-新店,2023-03-02,5922
3293,鈊象,16,4,12,元富-新店,2023-03-02,5922
4919,新唐,12,1,11,元富-新店,2023-03-02,5922
6578,達邦蛋白,13,2,11,元富-新店,2023-03-02,5922
2317,鴻海,14,3,11,元富-新店,2023-03-02,5922
2610,華航,22,12,10,元富-新店,2023-03-02,5922
1215,卜蜂,10,0,10,元富-新店,2023-03-02,5922
3059,華晶科,10,0,10,元富-新店,2023-03-02,5922
2352,佳世達,10,0,10,元富-新店,2023-03-02,5922
6266,泰詠,10,0,10,元富-新店,2023-03-02,5922
3047,訊舟,10,0,10,元富-新店,2023-03-02,5922
3052,夆典,10,0,10,元富-新店,2023-03-02,5922
0056,元大高股息,13,3,10,元富-新店,2023-03-02,5922
3661,世芯-KY,10,1,9,元富-新店,2023-03-02,5922
4162,智擎,10,1,9,元富-新店,2023-03-02,5922
5512,力麒,23,14,9,元富-新店,2023-03-02,5922
00897,富邦基因免疫生技,10,1,9,元富-新店,2023-03-02,5922
3227,原相,10,1,9,元富-新店,2023-03-02,5922
2454,聯發科,16,7,9,元富-新店,2023-03-02,5922
2892,第一金,20,12,8,元富-新店,2023-03-02,5922
3207,耀勝,22,14,8,元富-新店,2023-03-02,5922
00632R,元大台灣50反1,170,0,170,元富-新店,2023-03-03,5922
2891,中信金,113,0,113,元富-新店,2023-03-03,5922
3021,鴻名,60,0,60,元富-新店,2023-03-03,5922
2106,建大,60,0,60,元富-新店,2023-03-03,5922
2882,國泰金,52,0,52,元富-新店,2023-03-03,5922
2498,宏達電,53,13,40,元富-新店,2023-03-03,5922
1810,和成,41,2,39,元富-新店,2023-03-03,5922
5410,國眾,76,38,38,元富-新店,2023-03-03,5922
2609,陽明,46,8,38,元富-新店,2023-03-03,5922
3622,洋華,30,0,30,元富-新店,2023-03-03,5922
8227,巨有科技,37,7,30,元富-新店,2023-03-03,5922
4164,承業醫,37,11,26,元富-新店,2023-03-03,5922
2886,兆豐金,26,0,26,元富-新店,2023-03-03,5922
6443,元晶,28,2,26,元富-新店,2023-03-03,5922
00712,復華富時不動產,121,100,21,元富-新店,2023-03-03,5922
00772B,中信高評級公司債,20,0,20,元富-新店,2023-03-03,5922
00751B,元大AAA至A公司債,19,0,19,元富-新店,2023-03-03,5922
1605,華新,34,15,19,元富-新店,2023-03-03,5922
5425,台半,37,19,18,元富-新店,2023-03-03,5922
3443,創意,21,3,18,元富-新店,2023-03-03,5922
00679B,元大美債20年,17,0,17,元富-新店,2023-03-03,5922
00885,富邦越南,17,0,17,元富-新店,2023-03-03,5922
1101,台泥,16,0,16,元富-新店,2023-03-03,5922
3265,台星科,20,5,15,元富-新店,2023-03-03,5922
2484,希華,14,0,14,元富-新店,2023-03-03,5922
2201,裕隆,42,29,13,元富-新店,2023-03-03,5922
2408,南亞科,16,3,13,元富-新店,2023-03-03,5922
3704,合勤控,33,21,12,元富-新店,2023-03-03,5922
6492,生華科,12,0,12,元富-新店,2023-03-03,5922
1513,中興電,95,84,11,元富-新店,2023-03-03,5922
3236,千如,12,1,11,元富-新店,2023-03-03,5922
00688L,國泰20年美債正2,11,0,11,元富-新店,2023-03-03,5922
00680L,元大美債20正2,11,0,11,元富-新店,2023-03-03,5922
1220,台榮,13,2,11,元富-新店,2023-03-03,5922
8088,品安,10,0,10,元富-新店,2023-03-03,5922
2344,華邦電,104,94,10,元富-新店,2023-03-03,5922
1336,台翰,10,0,10,元富-新店,2023-03-03,5922
3094,聯傑,10,0,10,元富-新店,2023-03-03,5922
4173,久裕,10,0,10,元富-新店,2023-03-03,5922
9905,大華,10,0,10,元富-新店,2023-03-03,5922
6205,詮欣,13,3,10,元富-新店,2023-03-03,5922
6517,保勝光學,12,2,10,元富-新店,2023-03-03,5922
3014,聯陽,9,0,9,元富-新店,2023-03-03,5922
2892,第一金,22,13,9,元富-新店,2023-03-03,5922
3207,耀勝,12,3,9,元富-新店,2023-03-03,5922
3163,波若威,11,2,9,元富-新店,2023-03-03,5922
6589,台康生技,14,5,9,元富-新店,2023-03-03,5922
5483,中美晶,10,1,9,元富-新店,2023-03-03,5922
6841,長佳智能,14,5,9,元富-新店,2023-03-03,5922
1760,寶齡富錦,10,1,9,元富-新店,2023-03-03,5922
00632R,元大台灣50反1,461,1,460,元富-新店,2023-03-06,5922
1609,大亞,250,1,249,元富-新店,2023-03-06,5922
2409,友達,176,35,141,元富-新店,2023-03-06,5922
00673R,期元大S＆P原油反1,108,0,108,元富-新店,2023-03-06,5922
2344,華邦電,142,62,80,元富-新店,2023-03-06,5922
2369,菱生,62,0,62,元富-新店,2023-03-06,5922
2881,富邦金,60,3,57,元富-新店,2023-03-06,5922
2609,陽明,71,20,51,元富-新店,2023-03-06,5922
5302,太欣,52,9,43,元富-新店,2023-03-06,5922
3622,洋華,40,0,40,元富-新店,2023-03-06,5922
2002,中鋼,41,1,40,元富-新店,2023-03-06,5922
5608,四維航,34,2,32,元富-新店,2023-03-06,5922
2617,台航,43,12,31,元富-新店,2023-03-06,5922
2107,厚生,28,0,28,元富-新店,2023-03-06,5922
2883,凱基金,29,1,28,元富-新店,2023-03-06,5922
00885,富邦越南,26,1,25,元富-新店,2023-03-06,5922
8069,元太,41,19,22,元富-新店,2023-03-06,5922
3013,晟銘電,30,9,21,元富-新店,2023-03-06,5922
00642U,期元大S＆P石油,20,0,20,元富-新店,2023-03-06,5922
912000,晨訊科-DR,20,0,20,元富-新店,2023-03-06,5922
3675,德微,24,4,20,元富-新店,2023-03-06,5922
2427,三商電,19,0,19,元富-新店,2023-03-06,5922
8429,金麗-KY,18,0,18,元富-新店,2023-03-06,5922
1605,華新,36,19,17,元富-新店,2023-03-06,5922
8222,寶一,42,26,16,元富-新店,2023-03-06,5922
00907,永豐優息存股,16,0,16,元富-新店,2023-03-06,5922
6578,達邦蛋白,15,0,15,元富-新店,2023-03-06,5922
1460,宏遠,20,5,15,元富-新店,2023-03-06,5922
3047,訊舟,16,1,15,元富-新店,2023-03-06,5922
8105,凌巨,15,1,14,元富-新店,2023-03-06,5922
2337,旺宏,15,2,13,元富-新店,2023-03-06,5922
2618,長榮航,13,0,13,元富-新店,2023-03-06,5922
3128,昇銳,16,4,12,元富-新店,2023-03-06,5922
4562,穎漢,12,0,12,元富-新店,2023-03-06,5922
2820,華票,12,0,12,元富-新店,2023-03-06,5922
5410,國眾,12,0,12,元富-新店,2023-03-06,5922
1504,東元,12,1,11,元富-新店,2023-03-06,5922
1783,和康生,11,0,11,元富-新店,2023-03-06,5922
8033,雷虎,28,17,11,元富-新店,2023-03-06,5922
2376,技嘉,10,0,10,元富-新店,2023-03-06,5922
2605,新興,12,2,10,元富-新店,2023-03-06,5922
3021,鴻名,31,21,10,元富-新店,2023-03-06,5922
2481,強茂,32,22,10,元富-新店,2023-03-06,5922
2211,長榮鋼,10,0,10,元富-新店,2023-03-06,5922
00650L,復華香港正2,10,0,10,元富-新店,2023-03-06,5922
2915,潤泰全,10,0,10,元富-新店,2023-03-06,5922
6176,瑞儀,10,0,10,元富-新店,2023-03-06,5922
00669R,國泰美國道瓊反1,10,0,10,元富-新店,2023-03-06,5922
4558,寶緯,10,0,10,元富-新店,2023-03-06,5922
5340,建榮,9,0,9,元富-新店,2023-03-06,5922
00632R,元大台灣50反1,287,0,287,元富-新店,2023-03-07,5922
2405,輔信,203,7,196,元富-新店,2023-03-07,5922
2881,富邦金,130,0,130,元富-新店,2023-03-07,5922
00673R,期元大S＆P原油反1,105,0,105,元富-新店,2023-03-07,5922
4968,立積,104,3,101,元富-新店,2023-03-07,5922
2892,第一金,100,0,100,元富-新店,2023-03-07,5922
00885,富邦越南,83,0,83,元富-新店,2023-03-07,5922
2498,宏達電,82,3,79,元富-新店,2023-03-07,5922
1718,中纖,64,0,64,元富-新店,2023-03-07,5922
2409,友達,74,11,63,元富-新店,2023-03-07,5922
6266,泰詠,60,1,59,元富-新店,2023-03-07,5922
2457,飛宏,96,43,53,元富-新店,2023-03-07,5922
00915,凱基優選高股息30,50,0,50,元富-新店,2023-03-07,5922
2884,玉山金,50,3,47,元富-新店,2023-03-07,5922
6290,良維,45,4,41,元富-新店,2023-03-07,5922
2482,連宇,39,0,39,元富-新店,2023-03-07,5922
2002,中鋼,40,3,37,元富-新店,2023-03-07,5922
2427,三商電,37,0,37,元富-新店,2023-03-07,5922
3481,群創,39,3,36,元富-新店,2023-03-07,5922
2344,華邦電,46,10,36,元富-新店,2023-03-07,5922
3037,欣興,36,0,36,元富-新店,2023-03-07,5922
00877,復華中國5G,35,0,35,元富-新店,2023-03-07,5922
2208,台船,35,0,35,元富-新店,2023-03-07,5922
5302,太欣,44,10,34,元富-新店,2023-03-07,5922
00878,國泰永續高股息,41,10,31,元富-新店,2023-03-07,5922
2613,中櫃,28,0,28,元富-新店,2023-03-07,5922
006208,富邦台50,27,0,27,元富-新店,2023-03-07,5922
6770,力積電,55,30,25,元富-新店,2023-03-07,5922
2915,潤泰全,25,0,25,元富-新店,2023-03-07,5922
2883,凱基金,26,3,23,元富-新店,2023-03-07,5922
1504,東元,25,3,22,元富-新店,2023-03-07,5922
1905,華紙,21,0,21,元富-新店,2023-03-07,5922
3149,正達,26,6,20,元富-新店,2023-03-07,5922
6441,廣錠,18,0,18,元富-新店,2023-03-07,5922
00713,元大台灣高息低波,16,0,16,元富-新店,2023-03-07,5922
5211,蒙恬,15,0,15,元富-新店,2023-03-07,5922
4915,致伸,15,0,15,元富-新店,2023-03-07,5922
1503,士電,29,16,13,元富-新店,2023-03-07,5922
6116,彩晶,13,0,13,元富-新店,2023-03-07,5922
2609,陽明,28,16,12,元富-新店,2023-03-07,5922
5309,系統電,14,2,12,元富-新店,2023-03-07,5922
2374,佳能,12,0,12,元富-新店,2023-03-07,5922
1760,寶齡富錦,12,0,12,元富-新店,2023-03-07,5922
2337,旺宏,11,0,11,元富-新店,2023-03-07,5922
3504,揚明光,21,10,11,元富-新店,2023-03-07,5922
2618,長榮航,12,1,11,元富-新店,2023-03-07,5922
4114,健喬,11,0,11,元富-新店,2023-03-07,5922
6235,華孚,84,74,10,元富-新店,2023-03-07,5922
2605,新興,13,3,10,元富-新店,2023-03-07,5922
3701,大眾控,10,0,10,元富-新店,2023-03-07,5922
1514,亞力,211,10,201,元富-新店,2023-03-08,5922
1609,大亞,143,7,136,元富-新店,2023-03-08,5922
3591,艾笛森,167,32,135,元富-新店,2023-03-08,5922
9907,統一實,86,2,84,元富-新店,2023-03-08,5922
5425,台半,94,12,82,元富-新店,2023-03-08,5922
1301,台塑,80,0,80,元富-新店,2023-03-08,5922
00632R,元大台灣50反1,55,1,54,元富-新店,2023-03-08,5922
00708L,期元大S＆P黃金正2,45,0,45,元富-新店,2023-03-08,5922
00882,中信中國高股息,47,4,43,元富-新店,2023-03-08,5922
3455,由田,40,0,40,元富-新店,2023-03-08,5922
5302,太欣,43,7,36,元富-新店,2023-03-08,5922
2915,潤泰全,30,2,28,元富-新店,2023-03-08,5922
3362,先進光,41,15,26,元富-新店,2023-03-08,5922
3652,精聯,54,30,24,元富-新店,2023-03-08,5922
3149,正達,23,1,22,元富-新店,2023-03-08,5922
2886,兆豐金,21,0,21,元富-新店,2023-03-08,5922
2208,台船,20,0,20,元富-新店,2023-03-08,5922
3027,盛達,32,12,20,元富-新店,2023-03-08,5922
00647L,元大S＆P500正2,20,0,20,元富-新店,2023-03-08,5922
2338,光罩,22,3,19,元富-新店,2023-03-08,5922
00637L,元大滬深300正2,19,0,19,元富-新店,2023-03-08,5922
4739,康普,22,5,17,元富-新店,2023-03-08,5922
5203,訊連,17,0,17,元富-新店,2023-03-08,5922
6257,矽格,20,4,16,元富-新店,2023-03-08,5922
8163,達方,18,2,16,元富-新店,2023-03-08,5922
8255,朋程,20,5,15,元富-新店,2023-03-08,5922
5410,國眾,28,13,15,元富-新店,2023-03-08,5922
4976,佳凌,48,33,15,元富-新店,2023-03-08,5922
00772B,中信高評級公司債,15,0,15,元富-新店,2023-03-08,5922
1709,和益,32,18,14,元富-新店,2023-03-08,5922
1701,中化,20,6,14,元富-新店,2023-03-08,5922
00878,國泰永續高股息,15,2,13,元富-新店,2023-03-08,5922
2201,裕隆,29,17,12,元富-新店,2023-03-08,5922
6770,力積電,29,17,12,元富-新店,2023-03-08,5922
00650L,復華香港正2,12,0,12,元富-新店,2023-03-08,5922
4956,光鋐,12,0,12,元富-新店,2023-03-08,5922
7402,邑錡,12,0,12,元富-新店,2023-03-08,5922
3013,晟銘電,15,4,11,元富-新店,2023-03-08,5922
2206,三陽工業,12,1,11,元富-新店,2023-03-08,5922
9933,中鼎,11,0,11,元富-新店,2023-03-08,5922
2317,鴻海,14,3,11,元富-新店,2023-03-08,5922
3528,安馳,10,0,10,元富-新店,2023-03-08,5922
2009,第一銅,10,0,10,元富-新店,2023-03-08,5922
00901,永豐智能車供應鏈,10,0,10,元富-新店,2023-03-08,5922
8936,國統,15,5,10,元富-新店,2023-03-08,5922
3419,譁裕,10,0,10,元富-新店,2023-03-08,5922
00753L,中信中國50正2,11,1,10,元富-新店,2023-03-08,5922
3625,西勝,10,0,10,元富-新店,2023-03-08,5922
9905,大華,10,0,10,元富-新店,2023-03-08,5922
1229,聯華,10,0,10,元富-新店,2023-03-08,5922
1609,大亞,155,15,140,元富-新店,2023-03-09,5922
1605,華新,151,15,136,元富-新店,2023-03-09,5922
00885,富邦越南,140,5,135,元富-新店,2023-03-09,5922
2890,永豐金,54,0,54,元富-新店,2023-03-09,5922
2498,宏達電,122,69,53,元富-新店,2023-03-09,5922
00878,國泰永續高股息,64,11,53,元富-新店,2023-03-09,5922
6443,元晶,50,2,48,元富-新店,2023-03-09,5922
2618,長榮航,63,19,44,元富-新店,2023-03-09,5922
5315,光聯,40,0,40,元富-新店,2023-03-09,5922
5381,合正,40,0,40,元富-新店,2023-03-09,5922
2610,華航,100,64,36,元富-新店,2023-03-09,5922
3481,群創,39,5,34,元富-新店,2023-03-09,5922
1402,遠東新,56,23,33,元富-新店,2023-03-09,5922
6290,良維,34,2,32,元富-新店,2023-03-09,5922
00712,復華富時不動產,82,50,32,元富-新店,2023-03-09,5922
2883,凱基金,31,0,31,元富-新店,2023-03-09,5922
2884,玉山金,139,109,30,元富-新店,2023-03-09,5922
2891,中信金,29,1,28,元富-新店,2023-03-09,5922
6190,萬泰科,25,0,25,元富-新店,2023-03-09,5922
3059,華晶科,41,17,24,元富-新店,2023-03-09,5922
3591,艾笛森,39,15,24,元富-新店,2023-03-09,5922
8049,晶采,23,1,22,元富-新店,2023-03-09,5922
3289,宜特,55,34,21,元富-新店,2023-03-09,5922
5258,虹堡,28,7,21,元富-新店,2023-03-09,5922
6550,北極星藥業-KY,20,0,20,元富-新店,2023-03-09,5922
1210,大成,20,1,19,元富-新店,2023-03-09,5922
1301,台塑,17,0,17,元富-新店,2023-03-09,5922
3062,建漢,19,2,17,元富-新店,2023-03-09,5922
6231,系微,33,18,15,元富-新店,2023-03-09,5922
6143,振曜,20,5,15,元富-新店,2023-03-09,5922
2457,飛宏,44,30,14,元富-新店,2023-03-09,5922
3027,盛達,15,1,14,元富-新店,2023-03-09,5922
0056,元大高股息,13,0,13,元富-新店,2023-03-09,5922
2929,淘帝-KY,13,0,13,元富-新店,2023-03-09,5922
6282,康舒,124,111,13,元富-新店,2023-03-09,5922
6426,統新,15,2,13,元富-新店,2023-03-09,5922
8222,寶一,93,80,13,元富-新店,2023-03-09,5922
00751B,元大AAA至A公司債,13,0,13,元富-新店,2023-03-09,5922
6104,創惟,27,14,13,元富-新店,2023-03-09,5922
6129,普誠,25,13,12,元富-新店,2023-03-09,5922
00679B,元大美債20年,12,0,12,元富-新店,2023-03-09,5922
1460,宏遠,12,0,12,元富-新店,2023-03-09,5922
3707,漢磊,24,12,12,元富-新店,2023-03-09,5922
6153,嘉聯益,12,0,12,元富-新店,2023-03-09,5922
3356,奇偶,17,5,12,元富-新店,2023-03-09,5922
5410,國眾,36,24,12,元富-新店,2023-03-09,5922
2201,裕隆,30,19,11,元富-新店,2023-03-09,5922
1326,台化,11,0,11,元富-新店,2023-03-09,5922
2374,佳能,11,0,11,元富-新店,2023-03-09,5922
00637L,元大滬深300正2,11,0,11,元富-新店,2023-03-09,5922
3481,群創,112,2,110,元富-新店,2023-03-10,5922
00878,國泰永續高股息,116,18,98,元富-新店,2023-03-10,5922
2303,聯電,78,6,72,元富-新店,2023-03-10,5922
1605,華新,86,18,68,元富-新店,2023-03-10,5922
2883,凱基金,65,6,59,元富-新店,2023-03-10,5922
00885,富邦越南,68,10,58,元富-新店,2023-03-10,5922
2610,華航,64,11,53,元富-新店,2023-03-10,5922
2618,長榮航,122,70,52,元富-新店,2023-03-10,5922
3022,威強電,61,9,52,元富-新店,2023-03-10,5922
5315,光聯,50,0,50,元富-新店,2023-03-10,5922
00632R,元大台灣50反1,122,72,50,元富-新店,2023-03-10,5922
00637L,元大滬深300正2,53,4,49,元富-新店,2023-03-10,5922
00715L,期街口布蘭特正2,47,0,47,元富-新店,2023-03-10,5922
6770,力積電,57,13,44,元富-新店,2023-03-10,5922
2884,玉山金,47,4,43,元富-新店,2023-03-10,5922
1409,新纖,40,2,38,元富-新店,2023-03-10,5922
2344,華邦電,34,0,34,元富-新店,2023-03-10,5922
0056,元大高股息,33,2,31,元富-新店,2023-03-10,5922
2511,太子,30,0,30,元富-新店,2023-03-10,5922
4503,金雨,29,0,29,元富-新店,2023-03-10,5922
00882,中信中國高股息,29,0,29,元富-新店,2023-03-10,5922
00900,富邦特選高股息30,26,0,26,元富-新店,2023-03-10,5922
3706,神達,26,1,25,元富-新店,2023-03-10,5922
9955,佳龍,24,0,24,元富-新店,2023-03-10,5922
2634,漢翔,30,6,24,元富-新店,2023-03-10,5922
3714,富采,23,0,23,元富-新店,2023-03-10,5922
1326,台化,22,0,22,元富-新店,2023-03-10,5922
3037,欣興,26,4,22,元富-新店,2023-03-10,5922
00923,群益台ESG低碳50,27,5,22,元富-新店,2023-03-10,5922
2882,國泰金,27,6,21,元富-新店,2023-03-10,5922
5410,國眾,21,0,21,元富-新店,2023-03-10,5922
6142,友勁,21,0,21,元富-新店,2023-03-10,5922
1799,易威,20,0,20,元富-新店,2023-03-10,5922
3593,力銘,20,0,20,元富-新店,2023-03-10,5922
8033,雷虎,23,3,20,元富-新店,2023-03-10,5922
2484,希華,20,0,20,元富-新店,2023-03-10,5922
00712,復華富時不動產,120,101,19,元富-新店,2023-03-10,5922
2851,中再保,21,2,19,元富-新店,2023-03-10,5922
1802,台玻,18,0,18,元富-新店,2023-03-10,5922
6806,森崴能源,20,2,18,元富-新店,2023-03-10,5922
8069,元太,19,2,17,元富-新店,2023-03-10,5922
6470,宇智,17,0,17,元富-新店,2023-03-10,5922
3494,誠研,17,0,17,元富-新店,2023-03-10,5922
00753L,中信中國50正2,17,0,17,元富-新店,2023-03-10,5922
3406,玉晶光,16,0,16,元富-新店,2023-03-10,5922
8103,瀚荃,16,0,16,元富-新店,2023-03-10,5922
2330,台積電,16,1,15,元富-新店,2023-03-10,5922
8028,昇陽半導體,15,0,15,元富-新店,2023-03-10,5922
4919,新唐,15,0,15,元富-新店,2023-03-10,5922
5309,系統電,18,3,15,元富-新店,2023-03-10,5922
00648R,元大S＆P500反1,140,0,140,元富-新店,2023-03-13,5922
00878,國泰永續高股息,118,26,92,元富-新店,2023-03-13,5922
2609,陽明,144,67,77,元富-新店,2023-03-13,5922
2884,玉山金,94,19,75,元富-新店,2023-03-13,5922
4167,松瑞藥,54,0,54,元富-新店,2023-03-13,5922
00632R,元大台灣50反1,63,12,51,元富-新店,2023-03-13,5922
6770,力積電,45,1,44,元富-新店,2023-03-13,5922
3078,僑威,41,0,41,元富-新店,2023-03-13,5922
5315,光聯,40,0,40,元富-新店,2023-03-13,5922
2511,太子,40,0,40,元富-新店,2023-03-13,5922
2618,長榮航,42,8,34,元富-新店,2023-03-13,5922
2605,新興,25,1,24,元富-新店,2023-03-13,5922
2892,第一金,26,2,24,元富-新店,2023-03-13,5922
3710,連展投控,23,0,23,元富-新店,2023-03-13,5922
2883,凱基金,22,0,22,元富-新店,2023-03-13,5922
5512,力麒,22,0,22,元富-新店,2023-03-13,5922
4533,協易機,21,0,21,元富-新店,2023-03-13,5922
3622,洋華,20,0,20,元富-新店,2023-03-13,5922
2851,中再保,20,0,20,元富-新店,2023-03-13,5922
1524,耿鼎,20,2,18,元富-新店,2023-03-13,5922
00712,復華富時不動產,42,25,17,元富-新店,2023-03-13,5922
1409,新纖,21,4,17,元富-新店,2023-03-13,5922
5291,邑昇,17,0,17,元富-新店,2023-03-13,5922
3231,緯創,23,6,17,元富-新店,2023-03-13,5922
2357,華碩,17,2,15,元富-新店,2023-03-13,5922
2472,立隆電,15,0,15,元富-新店,2023-03-13,5922
4164,承業醫,37,22,15,元富-新店,2023-03-13,5922
3712,永崴投控,22,7,15,元富-新店,2023-03-13,5922
4155,訊映,17,3,14,元富-新店,2023-03-13,5922
2438,翔耀,15,2,13,元富-新店,2023-03-13,5922
3088,艾訊,14,2,12,元富-新店,2023-03-13,5922
2637,慧洋-KY,13,1,12,元富-新店,2023-03-13,5922
6695,芯鼎,12,0,12,元富-新店,2023-03-13,5922
2376,技嘉,11,0,11,元富-新店,2023-03-13,5922
1799,易威,11,0,11,元富-新店,2023-03-13,5922
4102,永日,11,0,11,元富-新店,2023-03-13,5922
3027,盛達,33,22,11,元富-新店,2023-03-13,5922
5351,鈺創,13,2,11,元富-新店,2023-03-13,5922
00885,富邦越南,10,0,10,元富-新店,2023-03-13,5922
5309,系統電,11,1,10,元富-新店,2023-03-13,5922
3022,威強電,18,8,10,元富-新店,2023-03-13,5922
3289,宜特,22,12,10,元富-新店,2023-03-13,5922
2344,華邦電,15,5,10,元富-新店,2023-03-13,5922
3706,神達,10,0,10,元富-新店,2023-03-13,5922
2702,華園,10,0,10,元富-新店,2023-03-13,5922
1580,新麥,9,0,9,元富-新店,2023-03-13,5922
1618,合機,9,0,9,元富-新店,2023-03-13,5922
00773B,中信優先金融債,9,0,9,元富-新店,2023-03-13,5922
3024,憶聲,10,1,9,元富-新店,2023-03-13,5922
4961,天鈺,11,2,9,元富-新店,2023-03-13,5922
00715L,期街口布蘭特正2,218,0,218,元富-新店,2023-03-14,5922
00878,國泰永續高股息,217,13,204,元富-新店,2023-03-14,5922
2610,華航,139,8,131,元富-新店,2023-03-14,5922
2303,聯電,97,4,93,元富-新店,2023-03-14,5922
1584,精剛,80,2,78,元富-新店,2023-03-14,5922
2427,三商電,80,3,77,元富-新店,2023-03-14,5922
2618,長榮航,98,23,75,元富-新店,2023-03-14,5922
00773B,中信優先金融債,60,0,60,元富-新店,2023-03-14,5922
00882,中信中國高股息,55,0,55,元富-新店,2023-03-14,5922
2882,國泰金,59,6,53,元富-新店,2023-03-14,5922
2371,大同,50,0,50,元富-新店,2023-03-14,5922
2883,凱基金,53,5,48,元富-新店,2023-03-14,5922
00885,富邦越南,290,250,40,元富-新店,2023-03-14,5922
00751B,元大AAA至A公司債,39,0,39,元富-新店,2023-03-14,5922
2888,新光金,41,3,38,元富-新店,2023-03-14,5922
3078,僑威,47,14,33,元富-新店,2023-03-14,5922
6147,頎邦,32,0,32,元富-新店,2023-03-14,5922
1605,華新,38,7,31,元富-新店,2023-03-14,5922
2617,台航,31,0,31,元富-新店,2023-03-14,5922
5905,南仁湖,30,0,30,元富-新店,2023-03-14,5922
1444,力麗,30,0,30,元富-新店,2023-03-14,5922
1795,美時,31,4,27,元富-新店,2023-03-14,5922
0056,元大高股息,29,2,27,元富-新店,2023-03-14,5922
2027,大成鋼,61,35,26,元富-新店,2023-03-14,5922
00720B,元大投資級公司債,25,0,25,元富-新店,2023-03-14,5922
6770,力積電,30,6,24,元富-新店,2023-03-14,5922
3494,誠研,23,0,23,元富-新店,2023-03-14,5922
3591,艾笛森,21,0,21,元富-新店,2023-03-14,5922
00891,中信關鍵半導體,21,0,21,元富-新店,2023-03-14,5922
2609,陽明,168,148,20,元富-新店,2023-03-14,5922
3481,群創,24,4,20,元富-新店,2023-03-14,5922
2915,潤泰全,20,0,20,元富-新店,2023-03-14,5922
3622,洋華,20,0,20,元富-新店,2023-03-14,5922
00717,富邦美國特別股,20,0,20,元富-新店,2023-03-14,5922
2897,王道銀行,20,0,20,元富-新店,2023-03-14,5922
00637L,元大滬深300正2,109,90,19,元富-新店,2023-03-14,5922
00713,元大台灣高息低波,21,3,18,元富-新店,2023-03-14,5922
2323,中環,16,0,16,元富-新店,2023-03-14,5922
2388,威盛,42,27,15,元富-新店,2023-03-14,5922
00893,國泰智能電動車,15,0,15,元富-新店,2023-03-14,5922
8261,富鼎,14,0,14,元富-新店,2023-03-14,5922
2885,元大金,15,2,13,元富-新店,2023-03-14,5922
3022,威強電,13,0,13,元富-新店,2023-03-14,5922
2615,萬海,20,7,13,元富-新店,2023-03-14,5922
2645,長榮航太,16,4,12,元富-新店,2023-03-14,5922
1799,易威,12,0,12,元富-新店,2023-03-14,5922
4533,協易機,12,0,12,元富-新店,2023-03-14,5922
0050,元大台灣50,12,0,12,元富-新店,2023-03-14,5922
1513,中興電,15,4,11,元富-新店,2023-03-14,5922
2886,兆豐金,11,0,11,元富-新店,2023-03-14,5922
2609,陽明,381,144,237,元富-新店,2023-03-15,5922
2498,宏達電,91,8,83,元富-新店,2023-03-15,5922
00878,國泰永續高股息,76,0,76,元富-新店,2023-03-15,5922
00632R,元大台灣50反1,64,0,64,元富-新店,2023-03-15,5922
00715L,期街口布蘭特正2,30,0,30,元富-新店,2023-03-15,5922
2884,玉山金,30,1,29,元富-新店,2023-03-15,5922
6547,高端疫苗,30,2,28,元富-新店,2023-03-15,5922
2027,大成鋼,42,14,28,元富-新店,2023-03-15,5922
2888,新光金,29,2,27,元富-新店,2023-03-15,5922
2388,威盛,49,26,23,元富-新店,2023-03-15,5922
6770,力積電,24,3,21,元富-新店,2023-03-15,5922
2352,佳世達,20,0,20,元富-新店,2023-03-15,5922
00676R,富邦臺灣加權反1,20,0,20,元富-新店,2023-03-15,5922
6244,茂迪,34,15,19,元富-新店,2023-03-15,5922
1709,和益,18,0,18,元富-新店,2023-03-15,5922
2453,凌群,84,67,17,元富-新店,2023-03-15,5922
1504,東元,48,31,17,元富-新店,2023-03-15,5922
2603,長榮,118,101,17,元富-新店,2023-03-15,5922
2880,華南金,17,2,15,元富-新店,2023-03-15,5922
3078,僑威,16,1,15,元富-新店,2023-03-15,5922
2812,台中銀,14,0,14,元富-新店,2023-03-15,5922
2427,三商電,19,5,14,元富-新店,2023-03-15,5922
1314,中石化,13,0,13,元富-新店,2023-03-15,5922
2371,大同,13,0,13,元富-新店,2023-03-15,5922
9904,寶成,13,0,13,元富-新店,2023-03-15,5922
2886,兆豐金,13,0,13,元富-新店,2023-03-15,5922
3033,威健,12,0,12,元富-新店,2023-03-15,5922
1301,台塑,12,0,12,元富-新店,2023-03-15,5922
3494,誠研,14,2,12,元富-新店,2023-03-15,5922
3712,永崴投控,12,0,12,元富-新店,2023-03-15,5922
2328,廣宇,12,0,12,元富-新店,2023-03-15,5922
0056,元大高股息,12,0,12,元富-新店,2023-03-15,5922
3558,神準,14,3,11,元富-新店,2023-03-15,5922
8358,金居,16,5,11,元富-新店,2023-03-15,5922
2887,台新金,11,0,11,元富-新店,2023-03-15,5922
2015,豐興,11,0,11,元富-新店,2023-03-15,5922
5880,合庫金,10,0,10,元富-新店,2023-03-15,5922
00713,元大台灣高息低波,10,0,10,元富-新店,2023-03-15,5922
2329,華泰,10,0,10,元富-新店,2023-03-15,5922
2882,國泰金,11,1,10,元富-新店,2023-03-15,5922
6517,保勝光學,10,0,10,元富-新店,2023-03-15,5922
00669R,國泰美國道瓊反1,10,0,10,元富-新店,2023-03-15,5922
8091,翔名,10,0,10,元富-新店,2023-03-15,5922
3406,玉晶光,11,1,10,元富-新店,2023-03-15,5922
6282,康舒,13,3,10,元富-新店,2023-03-15,5922
2883,凱基金,21,11,10,元富-新店,2023-03-15,5922
3376,新日興,9,0,9,元富-新店,2023-03-15,5922
6122,擎邦,69,60,9,元富-新店,2023-03-15,5922
9105,泰金寶-DR,9,0,9,元富-新店,2023-03-15,5922
00882,中信中國高股息,9,0,9,元富-新店,2023-03-15,5922
00878,國泰永續高股息,130,3,127,元富-新店,2023-03-16,5922
00715L,期街口布蘭特正2,122,0,122,元富-新店,2023-03-16,5922
2610,華航,113,5,108,元富-新店,2023-03-16,5922
2603,長榮,83,31,52,元富-新店,2023-03-16,5922
2427,三商電,54,2,52,元富-新店,2023-03-16,5922
2030,彰源,43,0,43,元富-新店,2023-03-16,5922
2609,陽明,62,26,36,元富-新店,2023-03-16,5922
2888,新光金,41,5,36,元富-新店,2023-03-16,5922
4162,智擎,31,0,31,元富-新店,2023-03-16,5922
3346,麗清,32,1,31,元富-新店,2023-03-16,5922
3058,立德,30,0,30,元富-新店,2023-03-16,5922
2882,國泰金,35,7,28,元富-新店,2023-03-16,5922
00708L,期元大S＆P黃金正2,30,4,26,元富-新店,2023-03-16,5922
2618,長榮航,24,1,23,元富-新店,2023-03-16,5922
2354,鴻準,23,0,23,元富-新店,2023-03-16,5922
6163,華電網,22,0,22,元富-新店,2023-03-16,5922
00897,富邦基因免疫生技,20,0,20,元富-新店,2023-03-16,5922
1326,台化,20,0,20,元富-新店,2023-03-16,5922
1584,精剛,20,0,20,元富-新店,2023-03-16,5922
2208,台船,20,0,20,元富-新店,2023-03-16,5922
00712,復華富時不動產,119,100,19,元富-新店,2023-03-16,5922
2887,台新金,31,12,19,元富-新店,2023-03-16,5922
2891,中信金,22,4,18,元富-新店,2023-03-16,5922
6550,北極星藥業-KY,17,0,17,元富-新店,2023-03-16,5922
6806,森崴能源,16,1,15,元富-新店,2023-03-16,5922
3494,誠研,15,0,15,元富-新店,2023-03-16,5922
1618,合機,15,0,15,元富-新店,2023-03-16,5922
3710,連展投控,16,2,14,元富-新店,2023-03-16,5922
2313,華通,14,0,14,元富-新店,2023-03-16,5922
5512,力麒,18,4,14,元富-新店,2023-03-16,5922
2330,台積電,14,0,14,元富-新店,2023-03-16,5922
1795,美時,18,5,13,元富-新店,2023-03-16,5922
6182,合晶,14,1,13,元富-新店,2023-03-16,5922
3236,千如,13,0,13,元富-新店,2023-03-16,5922
3027,盛達,120,107,13,元富-新店,2023-03-16,5922
6282,康舒,18,5,13,元富-新店,2023-03-16,5922
2884,玉山金,45,33,12,元富-新店,2023-03-16,5922
3037,欣興,16,4,12,元富-新店,2023-03-16,5922
3447,展達,12,0,12,元富-新店,2023-03-16,5922
8064,東捷,12,0,12,元富-新店,2023-03-16,5922
3047,訊舟,12,0,12,元富-新店,2023-03-16,5922
2027,大成鋼,17,6,11,元富-新店,2023-03-16,5922
2329,華泰,11,0,11,元富-新店,2023-03-16,5922
5309,系統電,12,1,11,元富-新店,2023-03-16,5922
6547,高端疫苗,11,0,11,元富-新店,2023-03-16,5922
5371,中光電,10,0,10,元富-新店,2023-03-16,5922
2369,菱生,110,100,10,元富-新店,2023-03-16,5922
2430,燦坤,10,0,10,元富-新店,2023-03-16,5922
2357,華碩,10,0,10,元富-新店,2023-03-16,5922
1220,台榮,10,0,10,元富-新店,2023-03-16,5922
00715L,期街口布蘭特正2,108,1,107,元富-新店,2023-03-17,5922
00632R,元大台灣50反1,105,3,102,元富-新店,2023-03-17,5922
2610,華航,104,2,102,元富-新店,2023-03-17,5922
2834,臺企銀,94,51,43,元富-新店,2023-03-17,5922
2603,長榮,40,4,36,元富-新店,2023-03-17,5922
2891,中信金,35,2,33,元富-新店,2023-03-17,5922
1504,東元,31,0,31,元富-新店,2023-03-17,5922
5353,台林,25,0,25,元富-新店,2023-03-17,5922
2201,裕隆,36,12,24,元富-新店,2023-03-17,5922
8069,元太,21,0,21,元富-新店,2023-03-17,5922
2888,新光金,21,0,21,元富-新店,2023-03-17,5922
4976,佳凌,30,10,20,元富-新店,2023-03-17,5922
8390,金益鼎,20,0,20,元富-新店,2023-03-17,5922
0055,元大MSCI金融,20,0,20,元富-新店,2023-03-17,5922
5483,中美晶,20,1,19,元富-新店,2023-03-17,5922
8059,凱碩,19,0,19,元富-新店,2023-03-17,5922
3707,漢磊,21,4,17,元富-新店,2023-03-17,5922
5410,國眾,17,2,15,元富-新店,2023-03-17,5922
2618,長榮航,19,5,14,元富-新店,2023-03-17,5922
3481,群創,99,86,13,元富-新店,2023-03-17,5922
2882,國泰金,17,4,13,元富-新店,2023-03-17,5922
6235,華孚,30,17,13,元富-新店,2023-03-17,5922
00713,元大台灣高息低波,14,1,13,元富-新店,2023-03-17,5922
00642U,期元大S＆P石油,11,0,11,元富-新店,2023-03-17,5922
3033,威健,12,1,11,元富-新店,2023-03-17,5922
6275,元山,10,0,10,元富-新店,2023-03-17,5922
6451,訊芯-KY,10,0,10,元富-新店,2023-03-17,5922
2352,佳世達,10,1,9,元富-新店,2023-03-17,5922
3290,東浦,12,3,9,元富-新店,2023-03-17,5922
2884,玉山金,11,2,9,元富-新店,2023-03-17,5922
4903,聯光通,8,0,8,元富-新店,2023-03-17,5922
2357,華碩,10,2,8,元富-新店,2023-03-17,5922
5302,太欣,8,0,8,元富-新店,2023-03-17,5922
00680L,元大美債20正2,8,0,8,元富-新店,2023-03-17,5922
00885,富邦越南,10,2,8,元富-新店,2023-03-17,5922
1522,堤維西,9,1,8,元富-新店,2023-03-17,5922
2449,京元電子,8,0,8,元富-新店,2023-03-17,5922
2645,長榮航太,7,0,7,元富-新店,2023-03-17,5922
6147,頎邦,7,0,7,元富-新店,2023-03-17,5922
2344,華邦電,9,2,7,元富-新店,2023-03-17,5922
6266,泰詠,10,3,7,元富-新店,2023-03-17,5922
2427,三商電,17,10,7,元富-新店,2023-03-17,5922
3701,大眾控,10,3,7,元富-新店,2023-03-17,5922
1720,生達,7,0,7,元富-新店,2023-03-17,5922
2338,光罩,19,12,7,元富-新店,2023-03-17,5922
6472,保瑞,12,5,7,元富-新店,2023-03-17,5922
2881,富邦金,6,0,6,元富-新店,2023-03-17,5922
00712,復華富時不動產,6,0,6,元富-新店,2023-03-17,5922
2414,精技,6,0,6,元富-新店,2023-03-17,5922
2388,威盛,16,10,6,元富-新店,2023-03-17,5922
2882,國泰金,114,6,108,元富-新店,2023-03-20,5922
00632R,元大台灣50反1,100,3,97,元富-新店,2023-03-20,5922
2317,鴻海,96,0,96,元富-新店,2023-03-20,5922
9945,潤泰新,80,6,74,元富-新店,2023-03-20,5922
00882,中信中國高股息,61,0,61,元富-新店,2023-03-20,5922
00878,國泰永續高股息,82,21,61,元富-新店,2023-03-20,5922
1504,東元,52,0,52,元富-新店,2023-03-20,5922
00715L,期街口布蘭特正2,46,4,42,元富-新店,2023-03-20,5922
2409,友達,40,0,40,元富-新店,2023-03-20,5922
6443,元晶,88,50,38,元富-新店,2023-03-20,5922
3038,全台,35,0,35,元富-新店,2023-03-20,5922
00902,中信電池及儲能,35,2,33,元富-新店,2023-03-20,5922
2834,臺企銀,33,2,31,元富-新店,2023-03-20,5922
6244,茂迪,47,16,31,元富-新店,2023-03-20,5922
8069,元太,30,0,30,元富-新店,2023-03-20,5922
6282,康舒,27,1,26,元富-新店,2023-03-20,5922
00642U,期元大S＆P石油,46,20,26,元富-新店,2023-03-20,5922
6806,森崴能源,24,1,23,元富-新店,2023-03-20,5922
00637L,元大滬深300正2,118,95,23,元富-新店,2023-03-20,5922
2303,聯電,47,25,22,元富-新店,2023-03-20,5922
6153,嘉聯益,20,0,20,元富-新店,2023-03-20,5922
2888,新光金,20,0,20,元富-新店,2023-03-20,5922
8222,寶一,28,9,19,元富-新店,2023-03-20,5922
2399,映泰,20,2,18,元富-新店,2023-03-20,5922
1609,大亞,16,0,16,元富-新店,2023-03-20,5922
2883,凱基金,15,0,15,元富-新店,2023-03-20,5922
6163,華電網,20,5,15,元富-新店,2023-03-20,5922
8049,晶采,15,0,15,元富-新店,2023-03-20,5922
2609,陽明,22,9,13,元富-新店,2023-03-20,5922
1409,新纖,13,0,13,元富-新店,2023-03-20,5922
2891,中信金,15,2,13,元富-新店,2023-03-20,5922
2634,漢翔,14,2,12,元富-新店,2023-03-20,5922
1444,力麗,12,0,12,元富-新店,2023-03-20,5922
00772B,中信高評級公司債,12,0,12,元富-新店,2023-03-20,5922
3017,奇鋐,34,23,11,元富-新店,2023-03-20,5922
2377,微星,10,0,10,元富-新店,2023-03-20,5922
9933,中鼎,11,1,10,元富-新店,2023-03-20,5922
4130,健亞,10,0,10,元富-新店,2023-03-20,5922
1519,華城,18,8,10,元富-新店,2023-03-20,5922
6527,明達醫,10,0,10,元富-新店,2023-03-20,5922
3088,艾訊,9,0,9,元富-新店,2023-03-20,5922
2612,中航,9,0,9,元富-新店,2023-03-20,5922
00706L,期元大S＆P日圓正2,9,0,9,元富-新店,2023-03-20,5922
6546,正基,10,1,9,元富-新店,2023-03-20,5922
1513,中興電,15,7,8,元富-新店,2023-03-20,5922
2618,長榮航,13,5,8,元富-新店,2023-03-20,5922
3022,威強電,10,2,8,元富-新店,2023-03-20,5922
1108,幸福,67,60,7,元富-新店,2023-03-20,5922
1324,地球,7,0,7,元富-新店,2023-03-20,5922
6770,力積電,7,0,7,元富-新店,2023-03-20,5922
00885,富邦越南,194,150,44,元富-新店,2023-03-21,5922
00717,富邦美國特別股,36,3,33,元富-新店,2023-03-21,5922
5009,榮剛,51,19,32,元富-新店,2023-03-21,5922
3062,建漢,30,0,30,元富-新店,2023-03-21,5922
6806,森崴能源,49,22,27,元富-新店,2023-03-21,5922
3545,敦泰,49,23,26,元富-新店,2023-03-21,5922
2023,燁輝,25,1,24,元富-新店,2023-03-21,5922
2618,長榮航,25,1,24,元富-新店,2023-03-21,5922
2887,台新金,22,0,22,元富-新店,2023-03-21,5922
4976,佳凌,28,7,21,元富-新店,2023-03-21,5922
1589,永冠-KY,21,0,21,元富-新店,2023-03-21,5922
2603,長榮,27,7,20,元富-新店,2023-03-21,5922
00878,國泰永續高股息,32,12,20,元富-新店,2023-03-21,5922
2617,台航,20,0,20,元富-新店,2023-03-21,5922
2476,鉅祥,20,0,20,元富-新店,2023-03-21,5922
00708L,期元大S＆P黃金正2,20,0,20,元富-新店,2023-03-21,5922
2303,聯電,22,3,19,元富-新店,2023-03-21,5922
5410,國眾,19,0,19,元富-新店,2023-03-21,5922
00679B,元大美債20年,23,5,18,元富-新店,2023-03-21,5922
2834,臺企銀,21,3,18,元富-新店,2023-03-21,5922
6163,華電網,26,8,18,元富-新店,2023-03-21,5922
2399,映泰,20,2,18,元富-新店,2023-03-21,5922
2101,南港,17,0,17,元富-新店,2023-03-21,5922
3021,鴻名,30,13,17,元富-新店,2023-03-21,5922
2610,華航,24,7,17,元富-新店,2023-03-21,5922
6741,91APP*-KY,16,0,16,元富-新店,2023-03-21,5922
2888,新光金,15,0,15,元富-新店,2023-03-21,5922
00680L,元大美債20正2,20,5,15,元富-新店,2023-03-21,5922
00715L,期街口布蘭特正2,22,7,15,元富-新店,2023-03-21,5922
2455,全新,15,0,15,元富-新店,2023-03-21,5922
00882,中信中國高股息,14,0,14,元富-新店,2023-03-21,5922
4533,協易機,14,0,14,元富-新店,2023-03-21,5922
00712,復華富時不動產,16,3,13,元富-新店,2023-03-21,5922
2388,威盛,23,10,13,元富-新店,2023-03-21,5922
3029,零壹,18,6,12,元富-新店,2023-03-21,5922
2375,凱美,15,3,12,元富-新店,2023-03-21,5922
6841,長佳智能,13,1,12,元富-新店,2023-03-21,5922
3265,台星科,11,0,11,元富-新店,2023-03-21,5922
6443,元晶,21,10,11,元富-新店,2023-03-21,5922
3691,碩禾,11,0,11,元富-新店,2023-03-21,5922
4979,華星光,11,0,11,元富-新店,2023-03-21,5922
6129,普誠,10,0,10,元富-新店,2023-03-21,5922
1504,東元,52,42,10,元富-新店,2023-03-21,5922
1236,宏亞,160,150,10,元富-新店,2023-03-21,5922
1611,中電,11,1,10,元富-新店,2023-03-21,5922
2449,京元電子,15,6,9,元富-新店,2023-03-21,5922
6120,達運,10,1,9,元富-新店,2023-03-21,5922
3707,漢磊,10,1,9,元富-新店,2023-03-21,5922
9910,豐泰,9,0,9,元富-新店,2023-03-21,5922
3141,晶宏,10,1,9,元富-新店,2023-03-21,5922
00632R,元大台灣50反1,102,5,97,元富-新店,2023-03-22,5922
1528,恩德,46,0,46,元富-新店,2023-03-22,5922
3047,訊舟,40,1,39,元富-新店,2023-03-22,5922
6733,博晟生醫,48,11,37,元富-新店,2023-03-22,5922
4114,健喬,33,0,33,元富-新店,2023-03-22,5922
00680L,元大美債20正2,31,0,31,元富-新店,2023-03-22,5922
00679B,元大美債20年,31,0,31,元富-新店,2023-03-22,5922
6147,頎邦,30,0,30,元富-新店,2023-03-22,5922
4533,協易機,28,0,28,元富-新店,2023-03-22,5922
6122,擎邦,32,5,27,元富-新店,2023-03-22,5922
2614,東森,21,1,20,元富-新店,2023-03-22,5922
2430,燦坤,20,0,20,元富-新店,2023-03-22,5922
2537,聯上發,20,0,20,元富-新店,2023-03-22,5922
00676R,富邦臺灣加權反1,20,0,20,元富-新店,2023-03-22,5922
4746,台耀,23,4,19,元富-新店,2023-03-22,5922
1709,和益,20,1,19,元富-新店,2023-03-22,5922
1584,精剛,20,1,19,元富-新店,2023-03-22,5922
6283,淳安,18,0,18,元富-新店,2023-03-22,5922
5302,太欣,24,8,16,元富-新店,2023-03-22,5922
3002,歐格,16,0,16,元富-新店,2023-03-22,5922
3293,鈊象,18,2,16,元富-新店,2023-03-22,5922
00708L,期元大S＆P黃金正2,15,0,15,元富-新店,2023-03-22,5922
5410,國眾,15,0,15,元富-新店,2023-03-22,5922
00688L,國泰20年美債正2,15,0,15,元富-新店,2023-03-22,5922
8390,金益鼎,15,0,15,元富-新店,2023-03-22,5922
00712,復華富時不動產,17,3,14,元富-新店,2023-03-22,5922
6167,久正,14,0,14,元富-新店,2023-03-22,5922
3406,玉晶光,14,1,13,元富-新店,2023-03-22,5922
4147,中裕,12,0,12,元富-新店,2023-03-22,5922
2457,飛宏,18,7,11,元富-新店,2023-03-22,5922
3624,光頡,16,5,11,元富-新店,2023-03-22,5922
2495,普安,11,0,11,元富-新店,2023-03-22,5922
2388,威盛,39,28,11,元富-新店,2023-03-22,5922
1799,易威,11,0,11,元富-新店,2023-03-22,5922
3701,大眾控,11,0,11,元富-新店,2023-03-22,5922
5371,中光電,13,2,11,元富-新店,2023-03-22,5922
2455,全新,11,0,11,元富-新店,2023-03-22,5922
2317,鴻海,11,1,10,元富-新店,2023-03-22,5922
6116,彩晶,11,1,10,元富-新店,2023-03-22,5922
3094,聯傑,10,0,10,元富-新店,2023-03-22,5922
00664R,國泰臺灣加權反1,10,0,10,元富-新店,2023-03-22,5922
2481,強茂,26,16,10,元富-新店,2023-03-22,5922
5351,鈺創,14,4,10,元富-新店,2023-03-22,5922
2471,資通,22,12,10,元富-新店,2023-03-22,5922
6527,明達醫,10,0,10,元富-新店,2023-03-22,5922
1513,中興電,30,21,9,元富-新店,2023-03-22,5922
3715,定穎投控,31,22,9,元富-新店,2023-03-22,5922
1608,華榮,10,1,9,元富-新店,2023-03-22,5922
2630,亞航,9,0,9,元富-新店,2023-03-22,5922
2436,偉詮電,9,0,9,元富-新店,2023-03-22,5922
3481,群創,326,21,305,元富-新店,2023-03-23,5922
1799,易威,46,0,46,元富-新店,2023-03-23,5922
6167,久正,46,10,36,元富-新店,2023-03-23,5922
3011,今皓,40,5,35,元富-新店,2023-03-23,5922
5302,太欣,32,0,32,元富-新店,2023-03-23,5922
2851,中再保,30,0,30,元富-新店,2023-03-23,5922
9103,美德醫療-DR,30,0,30,元富-新店,2023-03-23,5922
00900,富邦特選高股息30,25,1,24,元富-新店,2023-03-23,5922
3002,歐格,22,0,22,元富-新店,2023-03-23,5922
2897,王道銀行,20,0,20,元富-新店,2023-03-23,5922
4164,承業醫,20,0,20,元富-新店,2023-03-23,5922
2511,太子,20,0,20,元富-新店,2023-03-23,5922
2520,冠德,20,0,20,元富-新店,2023-03-23,5922
00642U,期元大S＆P石油,21,2,19,元富-新店,2023-03-23,5922
5512,力麒,19,0,19,元富-新店,2023-03-23,5922
2609,陽明,32,14,18,元富-新店,2023-03-23,5922
1528,恩德,18,0,18,元富-新店,2023-03-23,5922
9910,豐泰,18,0,18,元富-新店,2023-03-23,5922
3056,富華新,18,1,17,元富-新店,2023-03-23,5922
00897,富邦基因免疫生技,17,0,17,元富-新店,2023-03-23,5922
5289,宜鼎,16,0,16,元富-新店,2023-03-23,5922
3441,聯一光,22,6,16,元富-新店,2023-03-23,5922
00676R,富邦臺灣加權反1,20,5,15,元富-新店,2023-03-23,5922
3294,英濟,15,0,15,元富-新店,2023-03-23,5922
00751B,元大AAA至A公司債,14,0,14,元富-新店,2023-03-23,5922
1319,東陽,14,0,14,元富-新店,2023-03-23,5922
3305,昇貿,14,0,14,元富-新店,2023-03-23,5922
3021,鴻名,15,2,13,元富-新店,2023-03-23,5922
6244,茂迪,17,5,12,元富-新店,2023-03-23,5922
6279,胡連,12,0,12,元富-新店,2023-03-23,5922
2303,聯電,25,14,11,元富-新店,2023-03-23,5922
6443,元晶,18,7,11,元富-新店,2023-03-23,5922
3691,碩禾,20,9,11,元富-新店,2023-03-23,5922
4114,健喬,13,2,11,元富-新店,2023-03-23,5922
8046,南電,19,8,11,元富-新店,2023-03-23,5922
2637,慧洋-KY,13,3,10,元富-新店,2023-03-23,5922
00714,群益道瓊美國地產,10,0,10,元富-新店,2023-03-23,5922
1612,宏泰,10,0,10,元富-新店,2023-03-23,5922
4106,雃博,10,0,10,元富-新店,2023-03-23,5922
4931,新盛力,10,0,10,元富-新店,2023-03-23,5922
6142,友勁,10,0,10,元富-新店,2023-03-23,5922
2231,為升,12,2,10,元富-新店,2023-03-23,5922
3027,盛達,10,1,9,元富-新店,2023-03-23,5922
8358,金居,10,1,9,元富-新店,2023-03-23,5922
1795,美時,10,2,8,元富-新店,2023-03-23,5922
6233,旺玖,9,1,8,元富-新店,2023-03-23,5922
00712,復華富時不動產,8,0,8,元富-新店,2023-03-23,5922
6770,力積電,9,1,8,元富-新店,2023-03-23,5922
6231,系微,26,19,7,元富-新店,2023-03-23,5922
5457,宣德,14,7,7,元富-新店,2023-03-23,5922
1609,大亞,352,35,317,元富-新店,2023-03-24,5922
00632R,元大台灣50反1,201,3,198,元富-新店,2023-03-24,5922
00712,復華富時不動產,218,140,78,元富-新店,2023-03-24,5922
2884,玉山金,80,3,77,元富-新店,2023-03-24,5922
2106,建大,100,28,72,元富-新店,2023-03-24,5922
2881A,富邦特,44,0,44,元富-新店,2023-03-24,5922
3714,富采,53,22,31,元富-新店,2023-03-24,5922
00671R,富邦NASDAQ反1,30,0,30,元富-新店,2023-03-24,5922
4934,太極,30,0,30,元富-新店,2023-03-24,5922
1709,和益,27,0,27,元富-新店,2023-03-24,5922
2402,毅嘉,35,8,27,元富-新店,2023-03-24,5922
3710,連展投控,24,0,24,元富-新店,2023-03-24,5922
00680L,元大美債20正2,23,0,23,元富-新店,2023-03-24,5922
3715,定穎投控,28,5,23,元富-新店,2023-03-24,5922
6167,久正,22,0,22,元富-新店,2023-03-24,5922
00720B,元大投資級公司債,22,0,22,元富-新店,2023-03-24,5922
2342,茂矽,22,0,22,元富-新店,2023-03-24,5922
1584,精剛,21,0,21,元富-新店,2023-03-24,5922
8299,群聯,28,8,20,元富-新店,2023-03-24,5922
2605,新興,20,0,20,元富-新店,2023-03-24,5922
3455,由田,19,1,18,元富-新店,2023-03-24,5922
5222,全訊,21,4,17,元富-新店,2023-03-24,5922
2618,長榮航,26,11,15,元富-新店,2023-03-24,5922
2476,鉅祥,30,15,15,元富-新店,2023-03-24,5922
00679B,元大美債20年,14,0,14,元富-新店,2023-03-24,5922
6532,瑞耘,14,0,14,元富-新店,2023-03-24,5922
6806,森崴能源,20,6,14,元富-新店,2023-03-24,5922
2471,資通,20,7,13,元富-新店,2023-03-24,5922
6443,元晶,14,1,13,元富-新店,2023-03-24,5922
3078,僑威,15,2,13,元富-新店,2023-03-24,5922
1799,易威,13,0,13,元富-新店,2023-03-24,5922
3027,盛達,17,5,12,元富-新店,2023-03-24,5922
2606,裕民,12,0,12,元富-新店,2023-03-24,5922
2201,裕隆,24,12,12,元富-新店,2023-03-24,5922
2882,國泰金,12,1,11,元富-新店,2023-03-24,5922
5512,力麒,13,2,11,元富-新店,2023-03-24,5922
2371,大同,13,2,11,元富-新店,2023-03-24,5922
1591,駿吉-KY,13,2,11,元富-新店,2023-03-24,5922
2472,立隆電,11,0,11,元富-新店,2023-03-24,5922
00717,富邦美國特別股,11,0,11,元富-新店,2023-03-24,5922
2883B,凱基金乙特,10,0,10,元富-新店,2023-03-24,5922
2612,中航,10,0,10,元富-新店,2023-03-24,5922
4953,緯軟,16,6,10,元富-新店,2023-03-24,5922
2617,台航,10,0,10,元富-新店,2023-03-24,5922
3515,華擎,12,2,10,元富-新店,2023-03-24,5922
2912,統一超,10,0,10,元富-新店,2023-03-24,5922
3664,安瑞-KY,10,0,10,元富-新店,2023-03-24,5922
3705,永信,10,0,10,元富-新店,2023-03-24,5922
3376,新日興,10,0,10,元富-新店,2023-03-24,5922
8996,高力,9,0,9,元富-新店,2023-03-24,5922
00637L,元大滬深300正2,195,37,158,元富-新店,2023-03-27,5922
00882,中信中國高股息,139,4,135,元富-新店,2023-03-27,5922
00632R,元大台灣50反1,115,2,113,元富-新店,2023-03-27,5922
2317,鴻海,81,3,78,元富-新店,2023-03-27,5922
1605,華新,64,10,54,元富-新店,2023-03-27,5922
00713,元大台灣高息低波,49,0,49,元富-新店,2023-03-27,5922
00878,國泰永續高股息,43,7,36,元富-新店,2023-03-27,5922
6244,茂迪,81,45,36,元富-新店,2023-03-27,5922
3712,永崴投控,30,1,29,元富-新店,2023-03-27,5922
6461,益得,24,0,24,元富-新店,2023-03-27,5922
6485,點序,24,2,22,元富-新店,2023-03-27,5922
3444,利機,20,0,20,元富-新店,2023-03-27,5922
1799,易威,20,0,20,元富-新店,2023-03-27,5922
2887,台新金,20,0,20,元富-新店,2023-03-27,5922
6288,聯嘉,27,7,20,元富-新店,2023-03-27,5922
2472,立隆電,18,0,18,元富-新店,2023-03-27,5922
2303,聯電,27,9,18,元富-新店,2023-03-27,5922
2884,玉山金,20,2,18,元富-新店,2023-03-27,5922
6161,捷波,20,3,17,元富-新店,2023-03-27,5922
2617,台航,17,1,16,元富-新店,2023-03-27,5922
1528,恩德,16,0,16,元富-新店,2023-03-27,5922
6153,嘉聯益,15,0,15,元富-新店,2023-03-27,5922
3704,合勤控,15,0,15,元富-新店,2023-03-27,5922
6806,森崴能源,37,24,13,元富-新店,2023-03-27,5922
2413,環科,14,1,13,元富-新店,2023-03-27,5922
4931,新盛力,13,0,13,元富-新店,2023-03-27,5922
3710,連展投控,14,2,12,元富-新店,2023-03-27,5922
2610,華航,17,5,12,元富-新店,2023-03-27,5922
2614,東森,12,0,12,元富-新店,2023-03-27,5922
5512,力麒,11,0,11,元富-新店,2023-03-27,5922
4919,新唐,16,5,11,元富-新店,2023-03-27,5922
3022,威強電,21,10,11,元富-新店,2023-03-27,5922
1604,聲寶,10,0,10,元富-新店,2023-03-27,5922
3455,由田,10,0,10,元富-新店,2023-03-27,5922
3694,海華,10,0,10,元富-新店,2023-03-27,5922
2476,鉅祥,20,10,10,元富-新店,2023-03-27,5922
3490,單井,10,0,10,元富-新店,2023-03-27,5922
2883B,凱基金乙特,10,0,10,元富-新店,2023-03-27,5922
9904,寶成,10,0,10,元富-新店,2023-03-27,5922
1236,宏亞,59,50,9,元富-新店,2023-03-27,5922
8088,品安,20,11,9,元富-新店,2023-03-27,5922
3272,東碩,9,0,9,元富-新店,2023-03-27,5922
8390,金益鼎,10,1,9,元富-新店,2023-03-27,5922
2645,長榮航太,11,2,9,元富-新店,2023-03-27,5922
1522,堤維西,13,5,8,元富-新店,2023-03-27,5922
2206,三陽工業,8,0,8,元富-新店,2023-03-27,5922
2471,資通,35,27,8,元富-新店,2023-03-27,5922
3005,神基,8,0,8,元富-新店,2023-03-27,5922
2027,大成鋼,11,3,8,元富-新店,2023-03-27,5922
3046,建��,15,7,8,元富-新店,2023-03-27,5922
00882,中信中國高股息,249,100,149,元富-新店,2023-03-28,5922
2337,旺宏,72,0,72,元富-新店,2023-03-28,5922
2812,台中銀,50,1,49,元富-新店,2023-03-28,5922
3481,群創,47,2,45,元富-新店,2023-03-28,5922
1528,恩德,44,0,44,元富-新店,2023-03-28,5922
00878,國泰永續高股息,49,5,44,元富-新店,2023-03-28,5922
00679B,元大美債20年,64,21,43,元富-新店,2023-03-28,5922
9945,潤泰新,41,0,41,元富-新店,2023-03-28,5922
2867,三商壽,40,0,40,元富-新店,2023-03-28,5922
8086,宏捷科,45,5,40,元富-新店,2023-03-28,5922
3035,智原,50,13,37,元富-新店,2023-03-28,5922
3037,欣興,48,14,34,元富-新店,2023-03-28,5922
5608,四維航,32,0,32,元富-新店,2023-03-28,5922
6152,百一,29,0,29,元富-新店,2023-03-28,5922
00712,復華富時不動產,77,50,27,元富-新店,2023-03-28,5922
1605,華新,39,13,26,元富-新店,2023-03-28,5922
1540,喬福,26,0,26,元富-新店,2023-03-28,5922
2303,聯電,41,17,24,元富-新店,2023-03-28,5922
6167,久正,24,0,24,元富-新店,2023-03-28,5922
8171,天宇,25,1,24,元富-新店,2023-03-28,5922
2915,潤泰全,22,0,22,元富-新店,2023-03-28,5922
2609,陽明,22,2,20,元富-新店,2023-03-28,5922
2387,精元,20,0,20,元富-新店,2023-03-28,5922
1799,易威,20,0,20,元富-新店,2023-03-28,5922
6142,友勁,20,0,20,元富-新店,2023-03-28,5922
2641,正德,19,2,17,元富-新店,2023-03-28,5922
5222,全訊,24,8,16,元富-新店,2023-03-28,5922
4562,穎漢,16,0,16,元富-新店,2023-03-28,5922
1101,台泥,17,3,14,元富-新店,2023-03-28,5922
1584,精剛,37,23,14,元富-新店,2023-03-28,5922
6148,驊宏資,23,9,14,元富-新店,2023-03-28,5922
1522,堤維西,21,7,14,元富-新店,2023-03-28,5922
2421,建準,14,1,13,元富-新店,2023-03-28,5922
6770,力積電,13,0,13,元富-新店,2023-03-28,5922
00900,富邦特選高股息30,11,0,11,元富-新店,2023-03-28,5922
0056,元大高股息,20,9,11,元富-新店,2023-03-28,5922
00720B,元大投資級公司債,11,0,11,元富-新店,2023-03-28,5922
00713,元大台灣高息低波,11,0,11,元富-新店,2023-03-28,5922
2845,遠東銀,11,0,11,元富-新店,2023-03-28,5922
00680L,元大美債20正2,11,0,11,元富-新店,2023-03-28,5922
3005,神基,10,0,10,元富-新店,2023-03-28,5922
4526,東台,10,0,10,元富-新店,2023-03-28,5922
3447,展達,10,0,10,元富-新店,2023-03-28,5922
1236,宏亞,110,100,10,元富-新店,2023-03-28,5922
00717,富邦美國特別股,10,0,10,元富-新店,2023-03-28,5922
2344,華邦電,27,17,10,元富-新店,2023-03-28,5922
3617,碩天,10,0,10,元富-新店,2023-03-28,5922
4952,凌通,10,0,10,元富-新店,2023-03-28,5922
2342,茂矽,32,22,10,元富-新店,2023-03-28,5922
5512,力麒,12,2,10,元富-新店,2023-03-28,5922
2371,大同,305,4,301,元富-新店,2023-03-29,5922
2303,聯電,61,6,55,元富-新店,2023-03-29,5922
9945,潤泰新,45,0,45,元富-新店,2023-03-29,5922
3715,定穎投控,73,30,43,元富-新店,2023-03-29,5922
2498,宏達電,40,3,37,元富-新店,2023-03-29,5922
00679B,元大美債20年,39,2,37,元富-新店,2023-03-29,5922
1504,東元,78,41,37,元富-新店,2023-03-29,5922
1540,喬福,32,0,32,元富-新店,2023-03-29,5922
6288,聯嘉,59,28,31,元富-新店,2023-03-29,5922
2641,正德,44,16,28,元富-新店,2023-03-29,5922
5291,邑昇,25,0,25,元富-新店,2023-03-29,5922
00680L,元大美債20正2,23,0,23,元富-新店,2023-03-29,5922
3027,盛達,27,9,18,元富-新店,2023-03-29,5922
00632R,元大台灣50反1,21,3,18,元富-新店,2023-03-29,5922
9919,康那香,20,3,17,元富-新店,2023-03-29,5922
2027,大成鋼,19,2,17,元富-新店,2023-03-29,5922
2313,華通,15,0,15,元富-新店,2023-03-29,5922
6148,驊宏資,15,0,15,元富-新店,2023-03-29,5922
3011,今皓,15,0,15,元富-新店,2023-03-29,5922
5258,虹堡,18,4,14,元富-新店,2023-03-29,5922
2457,飛宏,22,9,13,元富-新店,2023-03-29,5922
2211,長榮鋼,13,0,13,元富-新店,2023-03-29,5922
2614,東森,12,0,12,元富-新店,2023-03-29,5922
3224,三顧,12,0,12,元富-新店,2023-03-29,5922
8222,寶一,12,0,12,元富-新店,2023-03-29,5922
3035,智原,21,10,11,元富-新店,2023-03-29,5922
00673R,期元大S＆P原油反1,11,0,11,元富-新店,2023-03-29,5922
1609,大亞,73,63,10,元富-新店,2023-03-29,5922
2317,鴻海,11,1,10,元富-新店,2023-03-29,5922
6136,富爾特,10,0,10,元富-新店,2023-03-29,5922
2344,華邦電,15,5,10,元富-新店,2023-03-29,5922
1802,台玻,10,0,10,元富-新店,2023-03-29,5922
6257,矽格,10,0,10,元富-新店,2023-03-29,5922
00720B,元大投資級公司債,10,0,10,元富-新店,2023-03-29,5922
4107,邦特,11,1,10,元富-新店,2023-03-29,5922
3652,精聯,10,0,10,元富-新店,2023-03-29,5922
6266,泰詠,10,0,10,元富-新店,2023-03-29,5922
2375,凱美,10,1,9,元富-新店,2023-03-29,5922
2328,廣宇,9,0,9,元富-新店,2023-03-29,5922
8112,至上,13,4,9,元富-新店,2023-03-29,5922
5011,久陽,10,1,9,元富-新店,2023-03-29,5922
2329,華泰,17,8,9,元富-新店,2023-03-29,5922
8926,台汽電,15,7,8,元富-新店,2023-03-29,5922
1460,宏遠,8,0,8,元富-新店,2023-03-29,5922
2331,精英,8,0,8,元富-新店,2023-03-29,5922
6147,頎邦,13,5,8,元富-新店,2023-03-29,5922
8358,金居,11,3,8,元富-新店,2023-03-29,5922
6443,元晶,8,1,7,元富-新店,2023-03-29,5922
4543,萬在,17,10,7,元富-新店,2023-03-29,5922
4979,華星光,19,12,7,元富-新店,2023-03-29,5922
2801,彰銀,100,0,100,元富-新店,2023-03-30,5922
2890,永豐金,52,0,52,元富-新店,2023-03-30,5922
00632R,元大台灣50反1,46,0,46,元富-新店,2023-03-30,5922
2834,臺企銀,42,0,42,元富-新店,2023-03-30,5922
1101,台泥,30,0,30,元富-新店,2023-03-30,5922
6244,茂迪,31,2,29,元富-新店,2023-03-30,5922
00882,中信中國高股息,26,0,26,元富-新店,2023-03-30,5922
2881,富邦金,21,0,21,元富-新店,2023-03-30,5922
00679B,元大美債20年,37,18,19,元富-新店,2023-03-30,5922
2344,華邦電,81,62,19,元富-新店,2023-03-30,5922
1605,華新,21,5,16,元富-新店,2023-03-30,5922
1760,寶齡富錦,19,3,16,元富-新店,2023-03-30,5922
1591,駿吉-KY,16,0,16,元富-新店,2023-03-30,5922
5302,太欣,20,5,15,元富-新店,2023-03-30,5922
2414,精技,15,0,15,元富-新店,2023-03-30,5922
1504,東元,43,28,15,元富-新店,2023-03-30,5922
00878,國泰永續高股息,47,33,14,元富-新店,2023-03-30,5922
2610,華航,14,1,13,元富-新店,2023-03-30,5922
2812,台中銀,12,0,12,元富-新店,2023-03-30,5922
2495,普安,11,0,11,元富-新店,2023-03-30,5922
3021,鴻名,11,0,11,元富-新店,2023-03-30,5922
2887,台新金,12,1,11,元富-新店,2023-03-30,5922
2617,台航,20,10,10,元富-新店,2023-03-30,5922
00673R,期元大S＆P原油反1,10,0,10,元富-新店,2023-03-30,5922
2338,光罩,10,0,10,元富-新店,2023-03-30,5922
5512,力麒,10,0,10,元富-新店,2023-03-30,5922
6841,長佳智能,10,0,10,元富-新店,2023-03-30,5922
4528,江興鍛,10,0,10,元富-新店,2023-03-30,5922
6148,驊宏資,10,0,10,元富-新店,2023-03-30,5922
3047,訊舟,10,0,10,元富-新店,2023-03-30,5922
2014,中鴻,9,0,9,元富-新店,2023-03-30,5922
1795,美時,15,6,9,元富-新店,2023-03-30,5922
5410,國眾,9,0,9,元富-新店,2023-03-30,5922
1409,新纖,9,0,9,元富-新店,2023-03-30,5922
2027,大成鋼,9,0,9,元富-新店,2023-03-30,5922
1799,易威,9,0,9,元富-新店,2023-03-30,5922
2375,凱美,10,2,8,元富-新店,2023-03-30,5922
5388,中磊,10,2,8,元富-新店,2023-03-30,5922
9910,豐泰,8,0,8,元富-新店,2023-03-30,5922
8086,宏捷科,12,4,8,元富-新店,2023-03-30,5922
2641,正德,9,1,8,元富-新店,2023-03-30,5922
1609,大亞,91,83,8,元富-新店,2023-03-30,5922
2534,宏盛,7,0,7,元富-新店,2023-03-30,5922
4979,華星光,17,10,7,元富-新店,2023-03-30,5922
2371,大同,28,21,7,元富-新店,2023-03-30,5922
6288,聯嘉,8,1,7,元富-新店,2023-03-30,5922
2891,中信金,7,1,6,元富-新店,2023-03-30,5922
3035,智原,11,5,6,元富-新店,2023-03-30,5922
6138,茂達,7,1,6,元富-新店,2023-03-30,5922
5291,邑昇,6,0,6,元富-新店,2023-03-30,5922
00632R,元大台灣50反1,240,7,233,元富-新店,2023-03-31,5922
1528,恩德,54,0,54,元富-新店,2023-03-31,5922
3037,欣興,40,15,25,元富-新店,2023-03-31,5922
1605,華新,28,4,24,元富-新店,2023-03-31,5922
1609,大亞,74,51,23,元富-新店,2023-03-31,5922
2867,三商壽,22,0,22,元富-新店,2023-03-31,5922
2356,英業達,20,0,20,元富-新店,2023-03-31,5922
00669R,國泰美國道瓊反1,20,0,20,元富-新店,2023-03-31,5922
1760,寶齡富錦,23,4,19,元富-新店,2023-03-31,5922
00670L,富邦NASDAQ正2,17,0,17,元富-新店,2023-03-31,5922
3078,僑威,18,3,15,元富-新店,2023-03-31,5922
3305,昇貿,15,0,15,元富-新店,2023-03-31,5922
3490,單井,16,1,15,元富-新店,2023-03-31,5922
6133,金橋,14,0,14,元富-新店,2023-03-31,5922
4919,新唐,14,1,13,元富-新店,2023-03-31,5922
8261,富鼎,12,0,12,元富-新店,2023-03-31,5922
00885,富邦越南,12,0,12,元富-新店,2023-03-31,5922
3711,日月光投控,14,2,12,元富-新店,2023-03-31,5922
8069,元太,12,1,11,元富-新店,2023-03-31,5922
2449,京元電子,11,0,11,元富-新店,2023-03-31,5922
2834,臺企銀,46,35,11,元富-新店,2023-03-31,5922
9945,潤泰新,11,0,11,元富-新店,2023-03-31,5922
6274,台燿,10,0,10,元富-新店,2023-03-31,5922
2023,燁輝,10,0,10,元富-新店,2023-03-31,5922
2603,長榮,12,2,10,元富-新店,2023-03-31,5922
6223,旺矽,10,0,10,元富-新店,2023-03-31,5922
2641,正德,10,0,10,元富-新店,2023-03-31,5922
2617,台航,10,0,10,元富-新店,2023-03-31,5922
8050,廣積,14,4,10,元富-新店,2023-03-31,5922
1522,堤維西,9,0,9,元富-新店,2023-03-31,5922
6122,擎邦,13,4,9,元富-新店,2023-03-31,5922
3706,神達,11,2,9,元富-新店,2023-03-31,5922
00712,復華富時不動產,13,5,8,元富-新店,2023-03-31,5922
1795,美時,12,4,8,元富-新店,2023-03-31,5922
3447,展達,14,7,7,元富-新店,2023-03-31,5922
4909,新復興,7,0,7,元富-新店,2023-03-31,5922
6485,點序,9,2,7,元富-新店,2023-03-31,5922
3294,英濟,6,0,6,元富-新店,2023-03-31,5922
6139,亞翔,7,1,6,元富-新店,2023-03-31,5922
3652,精聯,6,0,6,元富-新店,2023-03-31,5922
3665,貿聯-KY,6,0,6,元富-新店,2023-03-31,5922
3021,鴻名,6,0,6,元富-新店,2023-03-31,5922
6477,安集,6,0,6,元富-新店,2023-03-31,5922
2399,映泰,5,0,5,元富-新店,2023-03-31,5922
00680L,元大美債20正2,5,0,5,元富-新店,2023-03-31,5922
2615,萬海,6,1,5,元富-新店,2023-03-31,5922
5512,力麒,5,0,5,元富-新店,2023-03-31,5922
00770,國泰北美科技,5,0,5,元富-新店,2023-03-31,5922
2495,普安,5,0,5,元富-新店,2023-03-31,5922
3617,碩天,5,0,5,元富-新店,2023-03-31,5922
00673R,期元大S＆P原油反1,125,0,125,元富-新店,2023-04-06,5922
00882,中信中國高股息,106,5,101,元富-新店,2023-04-06,5922
2337,旺宏,102,6,96,元富-新店,2023-04-06,5922
2890,永豐金,65,0,65,元富-新店,2023-04-06,5922
2208,台船,123,63,60,元富-新店,2023-04-06,5922
2498,宏達電,60,16,44,元富-新店,2023-04-06,5922
2834,臺企銀,51,9,42,元富-新店,2023-04-06,5922
00885,富邦越南,52,13,39,元富-新店,2023-04-06,5922
1308,亞聚,43,12,31,元富-新店,2023-04-06,5922
00878,國泰永續高股息,51,22,29,元富-新店,2023-04-06,5922
6266,泰詠,37,11,26,元富-新店,2023-04-06,5922
00753L,中信中國50正2,25,0,25,元富-新店,2023-04-06,5922
1618,合機,22,0,22,元富-新店,2023-04-06,5922
2454,聯發科,19,0,19,元富-新店,2023-04-06,5922
6609,瀧澤科,17,0,17,元富-新店,2023-04-06,5922
3037,欣興,28,11,17,元富-新店,2023-04-06,5922
2344,華邦電,30,14,16,元富-新店,2023-04-06,5922
3029,零壹,15,1,14,元富-新店,2023-04-06,5922
2610,華航,14,0,14,元富-新店,2023-04-06,5922
1312,國喬,15,1,14,元富-新店,2023-04-06,5922
4566,時碩工業,28,14,14,元富-新店,2023-04-06,5922
2609,陽明,15,2,13,元富-新店,2023-04-06,5922
3231,緯創,16,3,13,元富-新店,2023-04-06,5922
3715,定穎投控,15,2,13,元富-新店,2023-04-06,5922
2049,上銀,13,0,13,元富-新店,2023-04-06,5922
1560,中砂,28,15,13,元富-新店,2023-04-06,5922
00712,復華富時不動產,12,0,12,元富-新店,2023-04-06,5922
2881A,富邦特,12,0,12,元富-新店,2023-04-06,5922
00900,富邦特選高股息30,12,0,12,元富-新店,2023-04-06,5922
5309,系統電,19,7,12,元富-新店,2023-04-06,5922
00893,國泰智能電動車,12,0,12,元富-新店,2023-04-06,5922
1513,中興電,13,2,11,元富-新店,2023-04-06,5922
3056,富華新,12,1,11,元富-新店,2023-04-06,5922
1409,新纖,11,0,11,元富-新店,2023-04-06,5922
6244,茂迪,10,0,10,元富-新店,2023-04-06,5922
00830,國泰費城半導體,10,0,10,元富-新店,2023-04-06,5922
2612,中航,10,0,10,元富-新店,2023-04-06,5922
01009T,王道圓滿R1,10,0,10,元富-新店,2023-04-06,5922
3494,誠研,10,0,10,元富-新店,2023-04-06,5922
3545,敦泰,10,0,10,元富-新店,2023-04-06,5922
00637L,元大滬深300正2,90,80,10,元富-新店,2023-04-06,5922
3049,精金,10,0,10,元富-新店,2023-04-06,5922
8289,泰藝,10,0,10,元富-新店,2023-04-06,5922
3038,全台,10,0,10,元富-新店,2023-04-06,5922
6239,力成,10,0,10,元富-新店,2023-04-06,5922
4119,旭富,10,1,9,元富-新店,2023-04-06,5922
1609,大亞,107,98,9,元富-新店,2023-04-06,5922
3032,偉訓,15,6,9,元富-新店,2023-04-06,5922
3652,精聯,10,1,9,元富-新店,2023-04-06,5922
3305,昇貿,9,0,9,元富-新店,2023-04-06,5922
3481,群創,153,3,150,元富-新店,2023-04-07,5922
2371,大同,102,5,97,元富-新店,2023-04-07,5922
6271,同欣電,42,1,41,元富-新店,2023-04-07,5922
1605,華新,53,14,39,元富-新店,2023-04-07,5922
00885,富邦越南,39,3,36,元富-新店,2023-04-07,5922
6446,藥華藥,66,31,35,元富-新店,2023-04-07,5922
00919,群益台灣精選高息,35,0,35,元富-新店,2023-04-07,5922
3694,海華,30,0,30,元富-新店,2023-04-07,5922
2023,燁輝,30,0,30,元富-新店,2023-04-07,5922
2457,飛宏,31,2,29,元富-新店,2023-04-07,5922
3027,盛達,36,9,27,元富-新店,2023-04-07,5922
2834,臺企銀,30,9,21,元富-新店,2023-04-07,5922
1584,精剛,21,0,21,元富-新店,2023-04-07,5922
2617,台航,20,0,20,元富-新店,2023-04-07,5922
2498,宏達電,93,73,20,元富-新店,2023-04-07,5922
3021,鴻名,20,0,20,元富-新店,2023-04-07,5922
00697B,元大美債7-10,20,0,20,元富-新店,2023-04-07,5922
2356,英業達,21,2,19,元富-新店,2023-04-07,5922
2208,台船,39,20,19,元富-新店,2023-04-07,5922
2206,三陽工業,17,0,17,元富-新店,2023-04-07,5922
4915,致伸,15,0,15,元富-新店,2023-04-07,5922
6266,泰詠,16,1,15,元富-新店,2023-04-07,5922
1504,東元,47,33,14,元富-新店,2023-04-07,5922
1101,台泥,14,0,14,元富-新店,2023-04-07,5922
00878,國泰永續高股息,38,25,13,元富-新店,2023-04-07,5922
3701,大眾控,13,0,13,元富-新店,2023-04-07,5922
6505,台塑化,12,0,12,元富-新店,2023-04-07,5922
4931,新盛力,12,0,12,元富-新店,2023-04-07,5922
1308,亞聚,12,1,11,元富-新店,2023-04-07,5922
1513,中興電,15,4,11,元富-新店,2023-04-07,5922
3362,先進光,10,0,10,元富-新店,2023-04-07,5922
3047,訊舟,10,0,10,元富-新店,2023-04-07,5922
5608,四維航,10,0,10,元富-新店,2023-04-07,5922
6248,沛波,10,0,10,元富-新店,2023-04-07,5922
4564,元翎,11,1,10,元富-新店,2023-04-07,5922
8110,華東,10,0,10,元富-新店,2023-04-07,5922
8222,寶一,10,0,10,元富-新店,2023-04-07,5922
0056,元大高股息,22,12,10,元富-新店,2023-04-07,5922
6841,長佳智能,9,0,9,元富-新店,2023-04-07,5922
5469,瀚宇博,50,41,9,元富-新店,2023-04-07,5922
4961,天鈺,11,2,9,元富-新店,2023-04-07,5922
00712,復華富時不動產,8,0,8,元富-新店,2023-04-07,5922
6139,亞翔,8,0,8,元富-新店,2023-04-07,5922
3005,神基,12,4,8,元富-新店,2023-04-07,5922
2312,金寶,8,0,8,元富-新店,2023-04-07,5922
3294,英濟,9,1,8,元富-新店,2023-04-07,5922
2351,順德,14,6,8,元富-新店,2023-04-07,5922
5309,系統電,13,5,8,元富-新店,2023-04-07,5922
1709,和益,8,0,8,元富-新店,2023-04-07,5922
2436,偉詮電,10,2,8,元富-新店,2023-04-07,5922
2344,華邦電,156,2,154,元富-新店,2023-04-10,5922
00885,富邦越南,125,6,119,元富-新店,2023-04-10,5922
00772B,中信高評級公司債,106,2,104,元富-新店,2023-04-10,5922
2890,永豐金,100,0,100,元富-新店,2023-04-10,5922
2498,宏達電,102,62,40,元富-新店,2023-04-10,5922
3447,展達,40,1,39,元富-新店,2023-04-10,5922
2429,銘旺科,38,0,38,元富-新店,2023-04-10,5922
2867,三商壽,30,0,30,元富-新店,2023-04-10,5922
2634,漢翔,50,23,27,元富-新店,2023-04-10,5922
1605,華新,28,1,27,元富-新店,2023-04-10,5922
2881A,富邦特,25,0,25,元富-新店,2023-04-10,5922
9945,潤泰新,21,0,21,元富-新店,2023-04-10,5922
3294,英濟,20,0,20,元富-新店,2023-04-10,5922
2455,全新,20,0,20,元富-新店,2023-04-10,5922
1442,名軒,18,0,18,元富-新店,2023-04-10,5922
2610,華航,15,0,15,元富-新店,2023-04-10,5922
3078,僑威,16,2,14,元富-新店,2023-04-10,5922
3499,環天科,14,0,14,元富-新店,2023-04-10,5922
00679B,元大美債20年,13,0,13,元富-新店,2023-04-10,5922
6127,九豪,13,0,13,元富-新店,2023-04-10,5922
6589,台康生技,16,3,13,元富-新店,2023-04-10,5922
6285,啟��,34,22,12,元富-新店,2023-04-10,5922
2324,仁寶,12,0,12,元富-新店,2023-04-10,5922
00919,群益台灣精選高息,12,0,12,元富-新店,2023-04-10,5922
6418,詠昇,12,0,12,元富-新店,2023-04-10,5922
2317,鴻海,14,3,11,元富-新店,2023-04-10,5922
2338,光罩,14,3,11,元富-新店,2023-04-10,5922
00673R,期元大S＆P原油反1,10,0,10,元富-新店,2023-04-10,5922
00795B,中信美國公債20年,10,0,10,元富-新店,2023-04-10,5922
3536,誠創,10,0,10,元富-新店,2023-04-10,5922
1519,華城,19,9,10,元富-新店,2023-04-10,5922
3128,昇銳,13,3,10,元富-新店,2023-04-10,5922
4162,智擎,10,0,10,元富-新店,2023-04-10,5922
8028,昇陽半導體,11,1,10,元富-新店,2023-04-10,5922
2603,長榮,24,15,9,元富-新店,2023-04-10,5922
3707,漢磊,9,0,9,元富-新店,2023-04-10,5922
6770,力積電,9,0,9,元富-新店,2023-04-10,5922
1795,美時,10,1,9,元富-新店,2023-04-10,5922
3260,威剛,11,2,9,元富-新店,2023-04-10,5922
2340,台亞,10,1,9,元富-新店,2023-04-10,5922
1514,亞力,10,2,8,元富-新店,2023-04-10,5922
4157,太景*-KY,8,0,8,元富-新店,2023-04-10,5922
6861,睿生光電,8,0,8,元富-新店,2023-04-10,5922
5222,全訊,29,21,8,元富-新店,2023-04-10,5922
4915,致伸,7,0,7,元富-新店,2023-04-10,5922
2609,陽明,39,32,7,元富-新店,2023-04-10,5922
8383,千附,10,3,7,元富-新店,2023-04-10,5922
1446,宏和,7,0,7,元富-新店,2023-04-10,5922
6416,瑞祺電通,7,0,7,元富-新店,2023-04-10,5922
00900,富邦特選高股息30,7,1,6,元富-新店,2023-04-10,5922
2303,聯電,143,0,143,元富-新店,2023-04-11,5922
2890,永豐金,103,1,102,元富-新店,2023-04-11,5922
00637L,元大滬深300正2,130,32,98,元富-新店,2023-04-11,5922
3712,永崴投控,86,0,86,元富-新店,2023-04-11,5922
00885,富邦越南,81,6,75,元富-新店,2023-04-11,5922
2369,菱生,50,0,50,元富-新店,2023-04-11,5922
00712,復華富時不動產,49,0,49,元富-新店,2023-04-11,5922
1589,永冠-KY,46,0,46,元富-新店,2023-04-11,5922
00679B,元大美債20年,38,0,38,元富-新店,2023-04-11,5922
2317,鴻海,36,0,36,元富-新店,2023-04-11,5922
00772B,中信高評級公司債,31,0,31,元富-新店,2023-04-11,5922
6248,沛波,28,2,26,元富-新店,2023-04-11,5922
3715,定穎投控,33,8,25,元富-新店,2023-04-11,5922
2351,順德,27,2,25,元富-新店,2023-04-11,5922
2634,漢翔,56,32,24,元富-新店,2023-04-11,5922
2867,三商壽,23,0,23,元富-新店,2023-04-11,5922
8261,富鼎,26,4,22,元富-新店,2023-04-11,5922
2886,兆豐金,20,0,20,元富-新店,2023-04-11,5922
00882,中信中國高股息,22,2,20,元富-新店,2023-04-11,5922
3536,誠創,20,0,20,元富-新店,2023-04-11,5922
6285,啟��,21,2,19,元富-新店,2023-04-11,5922
2208,台船,19,0,19,元富-新店,2023-04-11,5922
3680,家登,22,5,17,元富-新店,2023-04-11,5922
1503,士電,28,12,16,元富-新店,2023-04-11,5922
1591,駿吉-KY,16,0,16,元富-新店,2023-04-11,5922
2520,冠德,16,0,16,元富-新店,2023-04-11,5922
3710,連展投控,21,5,16,元富-新店,2023-04-11,5922
2834,臺企銀,30,15,15,元富-新店,2023-04-11,5922
6160,欣技,15,0,15,元富-新店,2023-04-11,5922
3029,零壹,15,0,15,元富-新店,2023-04-11,5922
8088,品安,29,15,14,元富-新店,2023-04-11,5922
6698,旭暉應材,36,22,14,元富-新店,2023-04-11,5922
5465,富驊,13,0,13,元富-新店,2023-04-11,5922
8222,寶一,24,11,13,元富-新店,2023-04-11,5922
6578,達邦蛋白,18,6,12,元富-新店,2023-04-11,5922
2453,凌群,12,0,12,元富-新店,2023-04-11,5922
1312,國喬,16,4,12,元富-新店,2023-04-11,5922
0056,元大高股息,13,1,12,元富-新店,2023-04-11,5922
2883,凱基金,15,4,11,元富-新店,2023-04-11,5922
2887,台新金,15,4,11,元富-新店,2023-04-11,5922
1442,名軒,11,0,11,元富-新店,2023-04-11,5922
3702A,大聯大甲特,11,0,11,元富-新店,2023-04-11,5922
2002,中鋼,11,0,11,元富-新店,2023-04-11,5922
6274,台燿,15,5,10,元富-新店,2023-04-11,5922
00673R,期元大S＆P原油反1,10,0,10,元富-新店,2023-04-11,5922
6791,虎門科技,10,0,10,元富-新店,2023-04-11,5922
4979,華星光,18,9,9,元富-新店,2023-04-11,5922
1326,台化,10,1,9,元富-新店,2023-04-11,5922
3455,由田,9,0,9,元富-新店,2023-04-11,5922
3088,艾訊,9,0,9,元富-新店,2023-04-11,5922
00632R,元大台灣50反1,83,0,83,元富-新店,2023-04-12,5922
3702A,大聯大甲特,81,0,81,元富-新店,2023-04-12,5922
1609,大亞,113,44,69,元富-新店,2023-04-12,5922
00637L,元大滬深300正2,158,110,48,元富-新店,2023-04-12,5922
3021,鴻名,47,0,47,元富-新店,2023-04-12,5922
2317,鴻海,33,1,32,元富-新店,2023-04-12,5922
1444,力麗,31,0,31,元富-新店,2023-04-12,5922
00712,復華富時不動產,33,3,30,元富-新店,2023-04-12,5922
2457,飛宏,36,7,29,元富-新店,2023-04-12,5922
2516,新建,30,2,28,元富-新店,2023-04-12,5922
3432,台端,33,8,25,元富-新店,2023-04-12,5922
6163,華電網,38,16,22,元富-新店,2023-04-12,5922
00720B,元大投資級公司債,21,0,21,元富-新店,2023-04-12,5922
8183,精星,32,11,21,元富-新店,2023-04-12,5922
4114,健喬,72,52,20,元富-新店,2023-04-12,5922
6142,友勁,20,0,20,元富-新店,2023-04-12,5922
00878,國泰永續高股息,25,5,20,元富-新店,2023-04-12,5922
2405,輔信,20,1,19,元富-新店,2023-04-12,5922
2206,三陽工業,45,26,19,元富-新店,2023-04-12,5922
1513,中興電,85,67,18,元富-新店,2023-04-12,5922
2886,兆豐金,16,0,16,元富-新店,2023-04-12,5922
5905,南仁湖,16,0,16,元富-新店,2023-04-12,5922
3006,晶豪科,57,41,16,元富-新店,2023-04-12,5922
3011,今皓,30,14,16,元富-新店,2023-04-12,5922
1589,永冠-KY,19,3,16,元富-新店,2023-04-12,5922
3545,敦泰,32,16,16,元富-新店,2023-04-12,5922
1605,華新,23,8,15,元富-新店,2023-04-12,5922
2618,長榮航,15,0,15,元富-新店,2023-04-12,5922
5531,鄉林,15,0,15,元富-新店,2023-04-12,5922
6770,力積電,23,8,15,元富-新店,2023-04-12,5922
2313,華通,14,0,14,元富-新店,2023-04-12,5922
00753L,中信中國50正2,14,0,14,元富-新店,2023-04-12,5922
8433,弘帆,14,0,14,元富-新店,2023-04-12,5922
5258,虹堡,15,1,14,元富-新店,2023-04-12,5922
5425,台半,20,7,13,元富-新店,2023-04-12,5922
5309,系統電,21,8,13,元富-新店,2023-04-12,5922
2414,精技,13,0,13,元富-新店,2023-04-12,5922
3710,連展投控,13,0,13,元富-新店,2023-04-12,5922
2330,台積電,14,1,13,元富-新店,2023-04-12,5922
2359,所羅門,12,0,12,元富-新店,2023-04-12,5922
1584,精剛,22,10,12,元富-新店,2023-04-12,5922
2915,潤泰全,14,3,11,元富-新店,2023-04-12,5922
6288,聯嘉,12,1,11,元富-新店,2023-04-12,5922
5243,乙盛-KY,11,0,11,元富-新店,2023-04-12,5922
6791,虎門科技,11,0,11,元富-新店,2023-04-12,5922
2834,臺企銀,13,3,10,元富-新店,2023-04-12,5922
6207,雷科,10,0,10,元富-新店,2023-04-12,5922
2890,永豐金,10,0,10,元富-新店,2023-04-12,5922
00674R,期元大S＆P黃金反1,10,0,10,元富-新店,2023-04-12,5922
3712,永崴投控,20,10,10,元富-新店,2023-04-12,5922
2371,大同,140,5,135,元富-新店,2023-04-13,5922
00712,復華富時不動產,125,0,125,元富-新店,2023-04-13,5922
00669R,國泰美國道瓊反1,100,0,100,元富-新店,2023-04-13,5922
2303,聯電,101,2,99,元富-新店,2023-04-13,5922
1609,大亞,136,42,94,元富-新店,2023-04-13,5922
2344,華邦電,80,13,67,元富-新店,2023-04-13,5922
3704,合勤控,48,2,46,元富-新店,2023-04-13,5922
4532,瑞智,41,0,41,元富-新店,2023-04-13,5922
1310,台苯,40,1,39,元富-新店,2023-04-13,5922
5009,榮剛,48,11,37,元富-新店,2023-04-13,5922
2515,中工,53,18,35,元富-新店,2023-04-13,5922
2882,國泰金,33,1,32,元富-新店,2023-04-13,5922
4123,晟德,36,4,32,元富-新店,2023-04-13,5922
5309,系統電,34,2,32,元富-新店,2023-04-13,5922
1709,和益,30,0,30,元富-新店,2023-04-13,5922
1589,永冠-KY,27,0,27,元富-新店,2023-04-13,5922
2449,京元電子,27,2,25,元富-新店,2023-04-13,5922
1513,中興電,57,32,25,元富-新店,2023-04-13,5922
1314,中石化,27,4,23,元富-新店,2023-04-13,5922
8222,寶一,59,36,23,元富-新店,2023-04-13,5922
6244,茂迪,22,0,22,元富-新店,2023-04-13,5922
9945,潤泰新,21,0,21,元富-新店,2023-04-13,5922
3711,日月光投控,23,2,21,元富-新店,2023-04-13,5922
6248,沛波,33,12,21,元富-新店,2023-04-13,5922
3702,大聯大,21,0,21,元富-新店,2023-04-13,5922
9934,成霖,20,0,20,元富-新店,2023-04-13,5922
00772B,中信高評級公司債,19,0,19,元富-新店,2023-04-13,5922
3545,敦泰,22,4,18,元富-新店,2023-04-13,5922
1605,華新,50,32,18,元富-新店,2023-04-13,5922
3031,佰鴻,18,0,18,元富-新店,2023-04-13,5922
8049,晶采,18,0,18,元富-新店,2023-04-13,5922
2890,永豐金,20,2,18,元富-新店,2023-04-13,5922
00720B,元大投資級公司債,22,5,17,元富-新店,2023-04-13,5922
2328,廣宇,17,0,17,元富-新店,2023-04-13,5922
3715,定穎投控,19,3,16,元富-新店,2023-04-13,5922
2367,燿華,16,0,16,元富-新店,2023-04-13,5922
2359,所羅門,18,2,16,元富-新店,2023-04-13,5922
6443,元晶,19,4,15,元富-新店,2023-04-13,5922
8916,光隆,15,0,15,元富-新店,2023-04-13,5922
5531,鄉林,15,0,15,元富-新店,2023-04-13,5922
2457,飛宏,44,30,14,元富-新店,2023-04-13,5922
2376,技嘉,14,0,14,元富-新店,2023-04-13,5922
1417,嘉裕,42,28,14,元富-新店,2023-04-13,5922
5905,南仁湖,14,0,14,元富-新店,2023-04-13,5922
2330,台積電,18,4,14,元富-新店,2023-04-13,5922
8064,東捷,13,0,13,元富-新店,2023-04-13,5922
5203,訊連,12,0,12,元富-新店,2023-04-13,5922
3652,精聯,13,1,12,元富-新店,2023-04-13,5922
3035,智原,23,12,11,元富-新店,2023-04-13,5922
3227,原相,11,0,11,元富-新店,2023-04-13,5922
3481,群創,312,18,294,元富-新店,2023-04-14,5922
00712,復華富時不動產,226,0,226,元富-新店,2023-04-14,5922
00648R,元大S＆P500反1,150,0,150,元富-新店,2023-04-14,5922
00679B,元大美債20年,110,0,110,元富-新店,2023-04-14,5922
2634,漢翔,193,134,59,元富-新店,2023-04-14,5922
00687B,國泰20年美債,59,0,59,元富-新店,2023-04-14,5922
00632R,元大台灣50反1,55,0,55,元富-新店,2023-04-14,5922
2303,聯電,64,15,49,元富-新店,2023-04-14,5922
6005,群益證,51,3,48,元富-新店,2023-04-14,5922
00751B,元大AAA至A公司債,48,6,42,元富-新店,2023-04-14,5922
2449,京元電子,41,0,41,元富-新店,2023-04-14,5922
00715L,期街口布蘭特正2,35,0,35,元富-新店,2023-04-14,5922
00773B,中信優先金融債,35,0,35,元富-新店,2023-04-14,5922
4541,晟田,33,0,33,元富-新店,2023-04-14,5922
1514,亞力,34,2,32,元富-新店,2023-04-14,5922
2208,台船,81,52,29,元富-新店,2023-04-14,5922
00720B,元大投資級公司債,26,0,26,元富-新店,2023-04-14,5922
6176,瑞儀,27,6,21,元富-新店,2023-04-14,5922
3704,合勤控,30,9,21,元富-新店,2023-04-14,5922
1709,和益,22,1,21,元富-新店,2023-04-14,5922
2515,中工,52,32,20,元富-新店,2023-04-14,5922
3712,永崴投控,20,0,20,元富-新店,2023-04-14,5922
4721,美琪瑪,20,0,20,元富-新店,2023-04-14,5922
2881A,富邦特,20,0,20,元富-新店,2023-04-14,5922
3694,海華,20,0,20,元富-新店,2023-04-14,5922
2344,華邦電,21,2,19,元富-新店,2023-04-14,5922
2401,凌陽,21,2,19,元富-新店,2023-04-14,5922
2390,云辰,21,3,18,元富-新店,2023-04-14,5922
00680L,元大美債20正2,18,0,18,元富-新店,2023-04-14,5922
3031,佰鴻,18,0,18,元富-新店,2023-04-14,5922
1409,新纖,19,2,17,元富-新店,2023-04-14,5922
2402,毅嘉,16,0,16,元富-新店,2023-04-14,5922
00878,國泰永續高股息,20,5,15,元富-新店,2023-04-14,5922
8110,華東,20,5,15,元富-新店,2023-04-14,5922
1618,合機,27,12,15,元富-新店,2023-04-14,5922
8222,寶一,56,41,15,元富-新店,2023-04-14,5922
4909,新復興,15,0,15,元富-新店,2023-04-14,5922
6547,高端疫苗,21,7,14,元富-新店,2023-04-14,5922
1529,樂事綠能,32,19,13,元富-新店,2023-04-14,5922
6026,福邦證,16,3,13,元富-新店,2023-04-14,5922
3006,晶豪科,22,10,12,元富-新店,2023-04-14,5922
1513,中興電,24,12,12,元富-新店,2023-04-14,5922
3090,日電貿,11,0,11,元富-新店,2023-04-14,5922
3479,安勤,13,2,11,元富-新店,2023-04-14,5922
2312,金寶,16,5,11,元富-新店,2023-04-14,5922
6125,廣運,11,0,11,元富-新店,2023-04-14,5922
4961,天鈺,19,8,11,元富-新店,2023-04-14,5922
3014,聯陽,10,0,10,元富-新店,2023-04-14,5922
8046,南電,13,3,10,元富-新店,2023-04-14,5922
00635U,期元大S＆P黃金,10,0,10,元富-新店,2023-04-14,5922
00712,復華富時不動產,144,0,144,元富-新店,2023-04-17,5922
2106,建大,40,0,40,元富-新店,2023-04-17,5922
2206,三陽工業,52,13,39,元富-新店,2023-04-17,5922
9945,潤泰新,37,0,37,元富-新店,2023-04-17,5922
2449,京元電子,36,0,36,元富-新店,2023-04-17,5922
3031,佰鴻,33,0,33,元富-新店,2023-04-17,5922
00679B,元大美債20年,34,1,33,元富-新店,2023-04-17,5922
3047,訊舟,30,0,30,元富-新店,2023-04-17,5922
00680L,元大美債20正2,30,0,30,元富-新店,2023-04-17,5922
1589,永冠-KY,28,0,28,元富-新店,2023-04-17,5922
1326,台化,27,0,27,元富-新店,2023-04-17,5922
3231,緯創,195,170,25,元富-新店,2023-04-17,5922
4915,致伸,25,2,23,元富-新店,2023-04-17,5922
1618,合機,22,0,22,元富-新店,2023-04-17,5922
1513,中興電,39,17,22,元富-新店,2023-04-17,5922
2610,華航,23,1,22,元富-新店,2023-04-17,5922
3447,展達,21,0,21,元富-新店,2023-04-17,5922
2312,金寶,34,13,21,元富-新店,2023-04-17,5922
6257,矽格,20,0,20,元富-新店,2023-04-17,5922
4564,元翎,20,0,20,元富-新店,2023-04-17,5922
1503,士電,24,5,19,元富-新店,2023-04-17,5922
8403,盛弘,20,1,19,元富-新店,2023-04-17,5922
6167,久正,35,16,19,元富-新店,2023-04-17,5922
4906,正文,20,1,19,元富-新店,2023-04-17,5922
1597,直得,22,3,19,元富-新店,2023-04-17,5922
00885,富邦越南,18,0,18,元富-新店,2023-04-17,5922
2390,云辰,20,2,18,元富-新店,2023-04-17,5922
6285,啟��,63,46,17,元富-新店,2023-04-17,5922
1409,新纖,17,0,17,元富-新店,2023-04-17,5922
6182,合晶,16,1,15,元富-新店,2023-04-17,5922
00635U,期元大S＆P黃金,15,0,15,元富-新店,2023-04-17,5922
5531,鄉林,15,0,15,元富-新店,2023-04-17,5922
2609,陽明,39,25,14,元富-新店,2023-04-17,5922
2002,中鋼,12,0,12,元富-新店,2023-04-17,5922
6156,松上,12,0,12,元富-新店,2023-04-17,5922
3481,群創,12,0,12,元富-新店,2023-04-17,5922
3062,建漢,12,0,12,元富-新店,2023-04-17,5922
2515,中工,50,38,12,元富-新店,2023-04-17,5922
2615,萬海,11,0,11,元富-新店,2023-04-17,5922
3011,今皓,37,26,11,元富-新店,2023-04-17,5922
2603,長榮,14,4,10,元富-新店,2023-04-17,5922
3128,昇銳,10,0,10,元富-新店,2023-04-17,5922
3060,銘異,111,101,10,元富-新店,2023-04-17,5922
4909,新復興,10,0,10,元富-新店,2023-04-17,5922
00688L,國泰20年美債正2,10,0,10,元富-新店,2023-04-17,5922
1314,中石化,10,0,10,元富-新店,2023-04-17,5922
3294,英濟,10,0,10,元富-新店,2023-04-17,5922
00907,永豐優息存股,10,0,10,元富-新店,2023-04-17,5922
2547,日勝生,10,0,10,元富-新店,2023-04-17,5922
3419,譁裕,12,2,10,元富-新店,2023-04-17,5922
2313,華通,120,2,118,元富-新店,2023-04-18,5922
2317,鴻海,81,2,79,元富-新店,2023-04-18,5922
2449,京元電子,60,0,60,元富-新店,2023-04-18,5922
00679B,元大美債20年,61,2,59,元富-新店,2023-04-18,5922
1584,精剛,93,36,57,元富-新店,2023-04-18,5922
00688L,國泰20年美債正2,50,0,50,元富-新店,2023-04-18,5922
2634,漢翔,87,44,43,元富-新店,2023-04-18,5922
6558,興能高,45,2,43,元富-新店,2023-04-18,5922
3481,群創,36,4,32,元富-新店,2023-04-18,5922
3060,銘異,30,0,30,元富-新店,2023-04-18,5922
4906,正文,30,1,29,元富-新店,2023-04-18,5922
3625,西勝,29,0,29,元富-新店,2023-04-18,5922
1589,永冠-KY,30,1,29,元富-新店,2023-04-18,5922
8033,雷虎,111,83,28,元富-新店,2023-04-18,5922
1709,和益,30,2,28,元富-新店,2023-04-18,5922
1519,華城,53,25,28,元富-新店,2023-04-18,5922
2609,陽明,38,11,27,元富-新店,2023-04-18,5922
2618,長榮航,27,0,27,元富-新店,2023-04-18,5922
3363,上詮,30,3,27,元富-新店,2023-04-18,5922
1417,嘉裕,44,18,26,元富-新店,2023-04-18,5922
00680L,元大美債20正2,25,0,25,元富-新店,2023-04-18,5922
00772B,中信高評級公司債,27,2,25,元富-新店,2023-04-18,5922
5309,系統電,36,11,25,元富-新店,2023-04-18,5922
2615,萬海,23,0,23,元富-新店,2023-04-18,5922
00720B,元大投資級公司債,22,0,22,元富-新店,2023-04-18,5922
2601,益航,28,6,22,元富-新店,2023-04-18,5922
5009,榮剛,46,24,22,元富-新店,2023-04-18,5922
2610,華航,24,3,21,元富-新店,2023-04-18,5922
00751B,元大AAA至A公司債,21,0,21,元富-新店,2023-04-18,5922
1524,耿鼎,20,0,20,元富-新店,2023-04-18,5922
3032,偉訓,25,5,20,元富-新店,2023-04-18,5922
3652,精聯,40,20,20,元富-新店,2023-04-18,5922
4915,致伸,24,5,19,元富-新店,2023-04-18,5922
2401,凌陽,22,3,19,元富-新店,2023-04-18,5922
9802,鈺齊-KY,18,0,18,元富-新店,2023-04-18,5922
2454,聯發科,19,2,17,元富-新店,2023-04-18,5922
0056,元大高股息,17,0,17,元富-新店,2023-04-18,5922
8261,富鼎,21,4,17,元富-新店,2023-04-18,5922
3094,聯傑,16,0,16,元富-新店,2023-04-18,5922
5015,華祺,16,0,16,元富-新店,2023-04-18,5922
5531,鄉林,15,0,15,元富-新店,2023-04-18,5922
6197,佳必琪,15,0,15,元富-新店,2023-04-18,5922
2421,建準,17,3,14,元富-新店,2023-04-18,5922
2867,三商壽,13,0,13,元富-新店,2023-04-18,5922
3406,玉晶光,13,0,13,元富-新店,2023-04-18,5922
6235,華孚,80,68,12,元富-新店,2023-04-18,5922
8222,寶一,74,62,12,元富-新店,2023-04-18,5922
3006,晶豪科,12,0,12,元富-新店,2023-04-18,5922
2603,長榮,27,15,12,元富-新店,2023-04-18,5922
1514,亞力,14,3,11,元富-新店,2023-04-18,5922
6282,康舒,210,41,169,元富-新店,2023-04-19,5922
00673R,期元大S＆P原油反1,102,0,102,元富-新店,2023-04-19,5922
00712,復華富時不動產,82,0,82,元富-新店,2023-04-19,5922
2337,旺宏,51,0,51,元富-新店,2023-04-19,5922
2409,友達,41,3,38,元富-新店,2023-04-19,5922
3058,立德,46,12,34,元富-新店,2023-04-19,5922
3022,威強電,40,10,30,元富-新店,2023-04-19,5922
4510,高鋒,32,2,30,元富-新店,2023-04-19,5922
2303,聯電,55,26,29,元富-新店,2023-04-19,5922
2369,菱生,22,0,22,元富-新店,2023-04-19,5922
0056,元大高股息,23,1,22,元富-新店,2023-04-19,5922
2330,台積電,24,3,21,元富-新店,2023-04-19,5922
2382,廣達,23,3,20,元富-新店,2023-04-19,5922
6118,建達,20,0,20,元富-新店,2023-04-19,5922
1326,台化,20,0,20,元富-新店,2023-04-19,5922
00772B,中信高評級公司債,18,0,18,元富-新店,2023-04-19,5922
1591,駿吉-KY,18,0,18,元富-新店,2023-04-19,5922
3673,TPK-KY,28,11,17,元富-新店,2023-04-19,5922
3545,敦泰,16,0,16,元富-新店,2023-04-19,5922
00922,國泰台灣領袖50,16,0,16,元富-新店,2023-04-19,5922
3712,永崴投控,20,4,16,元富-新店,2023-04-19,5922
8390,金益鼎,15,1,14,元富-新店,2023-04-19,5922
6285,啟��,28,14,14,元富-新店,2023-04-19,5922
1308,亞聚,14,0,14,元富-新店,2023-04-19,5922
6770,力積電,15,2,13,元富-新店,2023-04-19,5922
1605,華新,26,13,13,元富-新店,2023-04-19,5922
2033,佳大,11,0,11,元富-新店,2023-04-19,5922
00687B,國泰20年美債,11,0,11,元富-新店,2023-04-19,5922
2425,承啟,11,0,11,元富-新店,2023-04-19,5922
2609,陽明,11,0,11,元富-新店,2023-04-19,5922
6456,GIS-KY,10,0,10,元富-新店,2023-04-19,5922
2313,華通,14,4,10,元富-新店,2023-04-19,5922
3260,威剛,12,2,10,元富-新店,2023-04-19,5922
2607,榮運,10,0,10,元富-新店,2023-04-19,5922
2358,廷鑫,10,0,10,元富-新店,2023-04-19,5922
1802,台玻,10,0,10,元富-新店,2023-04-19,5922
3704,合勤控,39,29,10,元富-新店,2023-04-19,5922
00688L,國泰20年美債正2,10,0,10,元富-新店,2023-04-19,5922
3710,連展投控,9,0,9,元富-新店,2023-04-19,5922
6470,宇智,29,20,9,元富-新店,2023-04-19,5922
3363,上詮,10,1,9,元富-新店,2023-04-19,5922
2457,飛宏,23,14,9,元富-新店,2023-04-19,5922
6175,立敦,9,0,9,元富-新店,2023-04-19,5922
2208,台船,18,9,9,元富-新店,2023-04-19,5922
5009,榮剛,17,8,9,元富-新店,2023-04-19,5922
5512,力麒,14,5,9,元富-新店,2023-04-19,5922
2603,長榮,15,7,8,元富-新店,2023-04-19,5922
4979,華星光,40,32,8,元富-新店,2023-04-19,5922
4533,協易機,8,0,8,元富-新店,2023-04-19,5922
00637L,元大滬深300正2,9,1,8,元富-新店,2023-04-19,5922
5302,太欣,102,2,100,元富-新店,2023-04-20,5922
3652,精聯,64,0,64,元富-新店,2023-04-20,5922
1528,恩德,43,0,43,元富-新店,2023-04-20,5922
2303,聯電,39,1,38,元富-新店,2023-04-20,5922
00720B,元大投資級公司債,37,0,37,元富-新店,2023-04-20,5922
00632R,元大台灣50反1,35,0,35,元富-新店,2023-04-20,5922
2324,仁寶,37,2,35,元富-新店,2023-04-20,5922
00687B,國泰20年美債,32,0,32,元富-新店,2023-04-20,5922
6111,大宇資,35,3,32,元富-新店,2023-04-20,5922
1605,華新,40,8,32,元富-新店,2023-04-20,5922
00642U,期元大S＆P石油,31,0,31,元富-新店,2023-04-20,5922
2618,長榮航,34,7,27,元富-新店,2023-04-20,5922
00772B,中信高評級公司債,30,5,25,元富-新店,2023-04-20,5922
6244,茂迪,73,49,24,元富-新店,2023-04-20,5922
3712,永崴投控,25,1,24,元富-新店,2023-04-20,5922
0056,元大高股息,22,0,22,元富-新店,2023-04-20,5922
3031,佰鴻,25,4,21,元富-新店,2023-04-20,5922
3522,御嵿,20,0,20,元富-新店,2023-04-20,5922
3617,碩天,20,0,20,元富-新店,2023-04-20,5922
6156,松上,20,0,20,元富-新店,2023-04-20,5922
1301,台塑,20,0,20,元富-新店,2023-04-20,5922
4532,瑞智,20,0,20,元富-新店,2023-04-20,5922
6609,瀧澤科,19,0,19,元富-新店,2023-04-20,5922
8033,雷虎,22,3,19,元富-新店,2023-04-20,5922
3035,智原,19,1,18,元富-新店,2023-04-20,5922
4979,華星光,31,13,18,元富-新店,2023-04-20,5922
6285,啟��,35,17,18,元富-新店,2023-04-20,5922
2388,威盛,19,2,17,元富-新店,2023-04-20,5922
6770,力積電,16,0,16,元富-新店,2023-04-20,5922
3092,鴻碩,17,1,16,元富-新店,2023-04-20,5922
8390,金益鼎,15,0,15,元富-新店,2023-04-20,5922
1584,精剛,21,6,15,元富-新店,2023-04-20,5922
00637L,元大滬深300正2,14,0,14,元富-新店,2023-04-20,5922
8064,東捷,14,0,14,元富-新店,2023-04-20,5922
00907,永豐優息存股,14,1,13,元富-新店,2023-04-20,5922
2484,希華,18,5,13,元富-新店,2023-04-20,5922
4164,承業醫,31,19,12,元富-新店,2023-04-20,5922
2610,華航,16,4,12,元富-新店,2023-04-20,5922
2641,正德,12,0,12,元富-新店,2023-04-20,5922
6443,元晶,14,3,11,元富-新店,2023-04-20,5922
3707,漢磊,21,10,11,元富-新店,2023-04-20,5922
1809,中釉,31,20,11,元富-新店,2023-04-20,5922
2063,世鎧,11,0,11,元富-新店,2023-04-20,5922
3576,聯合再生,11,0,11,元富-新店,2023-04-20,5922
2535,達欣工,11,0,11,元富-新店,2023-04-20,5922
00669R,國泰美國道瓊反1,10,0,10,元富-新店,2023-04-20,5922
6125,廣運,10,0,10,元富-新店,2023-04-20,5922
1736,喬山,10,0,10,元富-新店,2023-04-20,5922
1608,華榮,10,0,10,元富-新店,2023-04-20,5922
6791,虎門科技,10,0,10,元富-新店,2023-04-20,5922
3591,艾笛森,131,1,130,元富-新店,2023-04-21,5922
00632R,元大台灣50反1,110,15,95,元富-新店,2023-04-21,5922
1310,台苯,52,1,51,元富-新店,2023-04-21,5922
00878,國泰永續高股息,60,10,50,元富-新店,2023-04-21,5922
2884,玉山金,60,13,47,元富-新店,2023-04-21,5922
2617,台航,46,0,46,元富-新店,2023-04-21,5922
00683L,期元大美元指正2,40,0,40,元富-新店,2023-04-21,5922
00715L,期街口布蘭特正2,40,0,40,元富-新店,2023-04-21,5922
2645,長榮航太,32,2,30,元富-新店,2023-04-21,5922
2303,聯電,39,10,29,元富-新店,2023-04-21,5922
1528,恩德,28,0,28,元富-新店,2023-04-21,5922
3704,合勤控,41,16,25,元富-新店,2023-04-21,5922
2409,友達,83,60,23,元富-新店,2023-04-21,5922
5302,太欣,23,0,23,元富-新店,2023-04-21,5922
3031,佰鴻,23,0,23,元富-新店,2023-04-21,5922
1409,新纖,30,8,22,元富-新店,2023-04-21,5922
3481,群創,37,15,22,元富-新店,2023-04-21,5922
2618,長榮航,23,1,22,元富-新店,2023-04-21,5922
2002,中鋼,21,0,21,元富-新店,2023-04-21,5922
00720B,元大投資級公司債,21,0,21,元富-新店,2023-04-21,5922
5203,訊連,22,1,21,元富-新店,2023-04-21,5922
3522,御嵿,20,0,20,元富-新店,2023-04-21,5922
6163,華電網,35,15,20,元富-新店,2023-04-21,5922
5309,系統電,19,0,19,元富-新店,2023-04-21,5922
2313,華通,20,1,19,元富-新店,2023-04-21,5922
6589,台康生技,24,8,16,元富-新店,2023-04-21,5922
3624,光頡,16,0,16,元富-新店,2023-04-21,5922
2328,廣宇,15,0,15,元富-新店,2023-04-21,5922
3019,亞光,15,0,15,元富-新店,2023-04-21,5922
5351,鈺創,15,0,15,元富-新店,2023-04-21,5922
3710,連展投控,14,0,14,元富-新店,2023-04-21,5922
00712,復華富時不動產,13,0,13,元富-新店,2023-04-21,5922
1907,永豐餘,44,31,13,元富-新店,2023-04-21,5922
3707,漢磊,16,3,13,元富-新店,2023-04-21,5922
6679,鈺太,14,2,12,元富-新店,2023-04-21,5922
1760,寶齡富錦,23,11,12,元富-新店,2023-04-21,5922
8064,東捷,12,0,12,元富-新店,2023-04-21,5922
0056,元大高股息,11,0,11,元富-新店,2023-04-21,5922
6235,華孚,39,28,11,元富-新店,2023-04-21,5922
3034,聯詠,21,10,11,元富-新店,2023-04-21,5922
1533,車王電,11,0,11,元富-新店,2023-04-21,5922
6156,松上,11,0,11,元富-新店,2023-04-21,5922
6129,普誠,11,0,11,元富-新店,2023-04-21,5922
6285,啟��,16,6,10,元富-新店,2023-04-21,5922
3652,精聯,10,0,10,元富-新店,2023-04-21,5922
2883B,凱基金乙特,10,0,10,元富-新店,2023-04-21,5922
6136,富爾特,10,0,10,元富-新店,2023-04-21,5922
00900,富邦特選高股息30,12,3,9,元富-新店,2023-04-21,5922
00679B,元大美債20年,11,2,9,元富-新店,2023-04-21,5922
6770,力積電,19,10,9,元富-新店,2023-04-21,5922
00637L,元大滬深300正2,343,0,343,元富-新店,2023-04-24,5922
2303,聯電,112,13,99,元富-新店,2023-04-24,5922
00878,國泰永續高股息,37,1,36,元富-新店,2023-04-24,5922
2520,冠德,30,0,30,元富-新店,2023-04-24,5922
1101,台泥,65,40,25,元富-新店,2023-04-24,5922
2851,中再保,25,0,25,元富-新店,2023-04-24,5922
1513,中興電,31,6,25,元富-新店,2023-04-24,5922
00712,復華富時不動產,24,0,24,元富-新店,2023-04-24,5922
6282,康舒,42,18,24,元富-新店,2023-04-24,5922
4541,晟田,23,0,23,元富-新店,2023-04-24,5922
4906,正文,20,0,20,元富-新店,2023-04-24,5922
3702A,大聯大甲特,20,0,20,元富-新店,2023-04-24,5922
1309,台達化,20,0,20,元富-新店,2023-04-24,5922
6257,矽格,19,0,19,元富-新店,2023-04-24,5922
2535,達欣工,20,2,18,元富-新店,2023-04-24,5922
2618,長榮航,17,0,17,元富-新店,2023-04-24,5922
00632R,元大台灣50反1,156,140,16,元富-新店,2023-04-24,5922
1312,國喬,25,10,15,元富-新店,2023-04-24,5922
6167,久正,15,0,15,元富-新店,2023-04-24,5922
5522,遠雄,15,1,14,元富-新店,2023-04-24,5922
1711,永光,16,2,14,元富-新店,2023-04-24,5922
2603,長榮,14,1,13,元富-新店,2023-04-24,5922
00720B,元大投資級公司債,12,0,12,元富-新店,2023-04-24,5922
00687B,國泰20年美債,11,0,11,元富-新店,2023-04-24,5922
00857B,永豐20年美公債,10,0,10,元富-新店,2023-04-24,5922
2408,南亞科,10,0,10,元富-新店,2023-04-24,5922
3189,景碩,10,0,10,元富-新店,2023-04-24,5922
2630,亞航,10,0,10,元富-新店,2023-04-24,5922
2504,國產,10,0,10,元富-新店,2023-04-24,5922
4967,十銓,13,3,10,元富-新店,2023-04-24,5922
3128,昇銳,10,0,10,元富-新店,2023-04-24,5922
9907,統一實,10,0,10,元富-新店,2023-04-24,5922
3522,御嵿,10,0,10,元富-新店,2023-04-24,5922
2748,雲品,10,0,10,元富-新店,2023-04-24,5922
00772B,中信高評級公司債,10,0,10,元富-新店,2023-04-24,5922
00636,國泰中國A50,9,0,9,元富-新店,2023-04-24,5922
3035,智原,41,33,8,元富-新店,2023-04-24,5922
2455,全新,8,0,8,元富-新店,2023-04-24,5922
2845,遠東銀,8,0,8,元富-新店,2023-04-24,5922
2317,鴻海,8,0,8,元富-新店,2023-04-24,5922
00679B,元大美債20年,13,5,8,元富-新店,2023-04-24,5922
00888,永豐台灣ESG,7,0,7,元富-新店,2023-04-24,5922
8028,昇陽半導體,7,0,7,元富-新店,2023-04-24,5922
2609,陽明,7,0,7,元富-新店,2023-04-24,5922
2634,漢翔,83,76,7,元富-新店,2023-04-24,5922
8046,南電,10,3,7,元富-新店,2023-04-24,5922
2330,台積電,10,3,7,元富-新店,2023-04-24,5922
0050,元大台灣50,6,0,6,元富-新店,2023-04-24,5922
1752,南光,11,5,6,元富-新店,2023-04-24,5922
6841,長佳智能,6,0,6,元富-新店,2023-04-24,5922
3481,群創,215,0,215,元富-新店,2023-04-25,5922
4960,誠美材,91,0,91,元富-新店,2023-04-25,5922
0056,元大高股息,81,16,65,元富-新店,2023-04-25,5922
2388,威盛,68,9,59,元富-新店,2023-04-25,5922
2634,漢翔,98,49,49,元富-新店,2023-04-25,5922
2610,華航,51,9,42,元富-新店,2023-04-25,5922
3231,緯創,54,13,41,元富-新店,2023-04-25,5922
00902,中信電池及儲能,43,6,37,元富-新店,2023-04-25,5922
1504,東元,79,43,36,元富-新店,2023-04-25,5922
00878,國泰永續高股息,81,45,36,元富-新店,2023-04-25,5922
1503,士電,45,11,34,元富-新店,2023-04-25,5922
6271,同欣電,37,4,33,元富-新店,2023-04-25,5922
2206,三陽工業,45,12,33,元富-新店,2023-04-25,5922
2317,鴻海,37,9,28,元富-新店,2023-04-25,5922
2303,聯電,66,39,27,元富-新店,2023-04-25,5922
00900,富邦特選高股息30,310,285,25,元富-新店,2023-04-25,5922
5009,榮剛,88,63,25,元富-新店,2023-04-25,5922
0050,元大台灣50,25,0,25,元富-新店,2023-04-25,5922
3037,欣興,58,35,23,元富-新店,2023-04-25,5922
00753L,中信中國50正2,20,0,20,元富-新店,2023-04-25,5922
6142,友勁,20,0,20,元富-新店,2023-04-25,5922
00772B,中信高評級公司債,21,1,20,元富-新店,2023-04-25,5922
2515,中工,21,1,20,元富-新店,2023-04-25,5922
2913,農林,175,156,19,元富-新店,2023-04-25,5922
1312,國喬,31,13,18,元富-新店,2023-04-25,5922
00923,群益台ESG低碳50,18,0,18,元富-新店,2023-04-25,5922
2867,三商壽,22,5,17,元富-新店,2023-04-25,5922
2603,長榮,27,11,16,元富-新店,2023-04-25,5922
2390,云辰,16,0,16,元富-新店,2023-04-25,5922
6443,元晶,16,0,16,元富-新店,2023-04-25,5922
5203,訊連,16,0,16,元富-新店,2023-04-25,5922
4566,時碩工業,41,25,16,元富-新店,2023-04-25,5922
4114,健喬,34,18,16,元富-新店,2023-04-25,5922
2330,台積電,17,1,16,元富-新店,2023-04-25,5922
3022,威強電,15,0,15,元富-新店,2023-04-25,5922
3419,譁裕,16,2,14,元富-新店,2023-04-25,5922
3033,威健,13,0,13,元富-新店,2023-04-25,5922
6244,茂迪,13,1,12,元富-新店,2023-04-25,5922
6185,幃翔,12,0,12,元富-新店,2023-04-25,5922
6235,華孚,20,9,11,元富-新店,2023-04-25,5922
2332,友訊,11,0,11,元富-新店,2023-04-25,5922
6266,泰詠,12,1,11,元富-新店,2023-04-25,5922
00650L,復華香港正2,11,0,11,元富-新店,2023-04-25,5922
6456,GIS-KY,11,0,11,元富-新店,2023-04-25,5922
3707,漢磊,16,6,10,元富-新店,2023-04-25,5922
3479,安勤,10,0,10,元富-新店,2023-04-25,5922
6129,普誠,10,0,10,元富-新店,2023-04-25,5922
2204,中華,16,6,10,元富-新店,2023-04-25,5922
00669R,國泰美國道瓊反1,10,0,10,元富-新店,2023-04-25,5922
1810,和成,10,0,10,元富-新店,2023-04-25,5922
00632R,元大台灣50反1,777,34,743,元富-新店,2023-04-26,5922
00712,復華富時不動產,149,14,135,元富-新店,2023-04-26,5922
4960,誠美材,110,0,110,元富-新店,2023-04-26,5922
1905,華紙,159,78,81,元富-新店,2023-04-26,5922
2337,旺宏,82,4,78,元富-新店,2023-04-26,5922
3059,華晶科,55,0,55,元富-新店,2023-04-26,5922
2882,國泰金,44,0,44,元富-新店,2023-04-26,5922
5351,鈺創,41,0,41,元富-新店,2023-04-26,5922
1810,和成,35,0,35,元富-新店,2023-04-26,5922
2618,長榮航,32,1,31,元富-新店,2023-04-26,5922
3062,建漢,30,0,30,元富-新店,2023-04-26,5922
8222,寶一,39,9,30,元富-新店,2023-04-26,5922
00885,富邦越南,28,1,27,元富-新店,2023-04-26,5922
1584,精剛,37,10,27,元富-新店,2023-04-26,5922
2881,富邦金,24,1,23,元富-新店,2023-04-26,5922
3034,聯詠,24,2,22,元富-新店,2023-04-26,5922
2330,台積電,21,1,20,元富-新店,2023-04-26,5922
6770,力積電,21,3,18,元富-新店,2023-04-26,5922
00772B,中信高評級公司債,18,1,17,元富-新店,2023-04-26,5922
2423,固緯,20,3,17,元富-新店,2023-04-26,5922
2497,怡利電,20,3,17,元富-新店,2023-04-26,5922
3576,聯合再生,20,3,17,元富-新店,2023-04-26,5922
006208,富邦台50,16,0,16,元富-新店,2023-04-26,5922
6266,泰詠,16,0,16,元富-新店,2023-04-26,5922
4915,致伸,16,0,16,元富-新店,2023-04-26,5922
6243,迅杰,16,0,16,元富-新店,2023-04-26,5922
1519,華城,70,55,15,元富-新店,2023-04-26,5922
3591,艾笛森,15,0,15,元富-新店,2023-04-26,5922
1503,士電,67,52,15,元富-新店,2023-04-26,5922
2609,陽明,29,15,14,元富-新店,2023-04-26,5922
4566,時碩工業,21,8,13,元富-新店,2023-04-26,5922
4426,利勤,13,0,13,元富-新店,2023-04-26,5922
6282,康舒,137,125,12,元富-新店,2023-04-26,5922
2376,技嘉,12,0,12,元富-新店,2023-04-26,5922
2495,普安,26,15,11,元富-新店,2023-04-26,5922
0050,元大台灣50,12,1,11,元富-新店,2023-04-26,5922
00900,富邦特選高股息30,10,0,10,元富-新店,2023-04-26,5922
00751B,元大AAA至A公司債,10,0,10,元富-新店,2023-04-26,5922
2103,台橡,10,0,10,元富-新店,2023-04-26,5922
2201,裕隆,15,5,10,元富-新店,2023-04-26,5922
3010,華立,10,0,10,元富-新店,2023-04-26,5922
00891,中信關鍵半導體,10,0,10,元富-新店,2023-04-26,5922
2883,凱基金,9,0,9,元富-新店,2023-04-26,5922
0056,元大高股息,9,1,8,元富-新店,2023-04-26,5922
3704,合勤控,8,0,8,元富-新店,2023-04-26,5922
00724B,群益投資級金融債,8,0,8,元富-新店,2023-04-26,5922
3294,英濟,16,8,8,元富-新店,2023-04-26,5922
6829,千附精密,31,24,7,元富-新店,2023-04-26,5922
3031,佰鴻,7,0,7,元富-新店,2023-04-26,5922
6719,力智,6,0,6,元富-新店,2023-04-26,5922
00715L,期街口布蘭特正2,140,3,137,元富-新店,2023-04-27,5922
4960,誠美材,60,0,60,元富-新店,2023-04-27,5922
2609,陽明,71,12,59,元富-新店,2023-04-27,5922
00632R,元大台灣50反1,215,159,56,元富-新店,2023-04-27,5922
00712,復華富時不動產,54,3,51,元富-新店,2023-04-27,5922
1905,華紙,192,151,41,元富-新店,2023-04-27,5922
3028,增你強,40,0,40,元富-新店,2023-04-27,5922
8028,昇陽半導體,35,0,35,元富-新店,2023-04-27,5922
2603,長榮,39,5,34,元富-新店,2023-04-27,5922
2317,鴻海,31,1,30,元富-新店,2023-04-27,5922
2438,翔耀,30,0,30,元富-新店,2023-04-27,5922
2610,華航,28,3,25,元富-新店,2023-04-27,5922
0056,元大高股息,33,11,22,元富-新店,2023-04-27,5922
1717,長興,27,5,22,元富-新店,2023-04-27,5922
6244,茂迪,20,1,19,元富-新店,2023-04-27,5922
00679B,元大美債20年,18,0,18,元富-新店,2023-04-27,5922
2409,友達,16,0,16,元富-新店,2023-04-27,5922
2303,聯電,21,6,15,元富-新店,2023-04-27,5922
2344,華邦電,22,7,15,元富-新店,2023-04-27,5922
2376,技嘉,14,0,14,元富-新店,2023-04-27,5922
1709,和益,15,1,14,元富-新店,2023-04-27,5922
4967,十銓,16,2,14,元富-新店,2023-04-27,5922
00720B,元大投資級公司債,13,0,13,元富-新店,2023-04-27,5922
1605,華新,13,0,13,元富-新店,2023-04-27,5922
6546,正基,13,0,13,元富-新店,2023-04-27,5922
6829,千附精密,15,3,12,元富-新店,2023-04-27,5922
2002,中鋼,11,0,11,元富-新店,2023-04-27,5922
8403,盛弘,12,1,11,元富-新店,2023-04-27,5922
2883B,凱基金乙特,10,0,10,元富-新店,2023-04-27,5922
3071,協禧,44,34,10,元富-新店,2023-04-27,5922
2371,大同,10,0,10,元富-新店,2023-04-27,5922
3376,新日興,10,0,10,元富-新店,2023-04-27,5922
8084,巨虹,10,0,10,元富-新店,2023-04-27,5922
3265,台星科,12,2,10,元富-新店,2023-04-27,5922
8213,志超,10,0,10,元富-新店,2023-04-27,5922
3027,盛達,12,2,10,元富-新店,2023-04-27,5922
8358,金居,11,1,10,元富-新店,2023-04-27,5922
6235,華孚,11,1,10,元富-新店,2023-04-27,5922
6446,藥華藥,11,1,10,元富-新店,2023-04-27,5922
00878,國泰永續高股息,12,2,10,元富-新店,2023-04-27,5922
00891,中信關鍵半導體,9,0,9,元富-新店,2023-04-27,5922
00830,國泰費城半導體,9,0,9,元富-新店,2023-04-27,5922
2887,台新金,10,1,9,元富-新店,2023-04-27,5922
3037,欣興,16,8,8,元富-新店,2023-04-27,5922
6863,永道-KY,8,0,8,元富-新店,2023-04-27,5922
3090,日電貿,8,0,8,元富-新店,2023-04-27,5922
8222,寶一,23,15,8,元富-新店,2023-04-27,5922
00885,富邦越南,12,5,7,元富-新店,2023-04-27,5922
4566,時碩工業,24,17,7,元富-新店,2023-04-27,5922
3041,揚智,7,0,7,元富-新店,2023-04-27,5922
3704,合勤控,141,3,138,元富-新店,2023-04-28,5922
6116,彩晶,111,0,111,元富-新店,2023-04-28,5922
1609,大亞,111,1,110,元富-新店,2023-04-28,5922
2409,友達,101,2,99,元富-新店,2023-04-28,5922
2615,萬海,100,4,96,元富-新店,2023-04-28,5922
2344,華邦電,101,18,83,元富-新店,2023-04-28,5922
2607,榮運,80,0,80,元富-新店,2023-04-28,5922
6282,康舒,64,5,59,元富-新店,2023-04-28,5922
2368,金像電,52,1,51,元富-新店,2023-04-28,5922
6111,大宇資,53,4,49,元富-新店,2023-04-28,5922
2303,聯電,47,15,32,元富-新店,2023-04-28,5922
3481,群創,35,3,32,元富-新店,2023-04-28,5922
3035,智原,40,9,31,元富-新店,2023-04-28,5922
00680L,元大美債20正2,30,0,30,元富-新店,2023-04-28,5922
4916,事欣科,34,4,30,元富-新店,2023-04-28,5922
3021,鴻名,30,0,30,元富-新店,2023-04-28,5922
4108,懷特,31,2,29,元富-新店,2023-04-28,5922
2438,翔耀,28,0,28,元富-新店,2023-04-28,5922
8222,寶一,59,32,27,元富-新店,2023-04-28,5922
00679B,元大美債20年,25,0,25,元富-新店,2023-04-28,5922
6288,聯嘉,76,54,22,元富-新店,2023-04-28,5922
2337,旺宏,21,1,20,元富-新店,2023-04-28,5922
2605,新興,20,0,20,元富-新店,2023-04-28,5922
5512,力麒,20,0,20,元富-新店,2023-04-28,5922
3264,欣銓,20,1,19,元富-新店,2023-04-28,5922
2617,台航,18,0,18,元富-新店,2023-04-28,5922
2610,華航,40,23,17,元富-新店,2023-04-28,5922
6770,力積電,25,11,14,元富-新店,2023-04-28,5922
1529,樂事綠能,15,1,14,元富-新店,2023-04-28,5922
2603,長榮,30,16,14,元富-新店,2023-04-28,5922
1101,台泥,13,0,13,元富-新店,2023-04-28,5922
2887,台新金,20,7,13,元富-新店,2023-04-28,5922
3004,豐達科,48,35,13,元富-新店,2023-04-28,5922
4961,天鈺,17,4,13,元富-新店,2023-04-28,5922
8112,至上,12,0,12,元富-新店,2023-04-28,5922
1310,台苯,12,1,11,元富-新店,2023-04-28,5922
3027,盛達,11,0,11,元富-新店,2023-04-28,5922
3545,敦泰,14,3,11,元富-新店,2023-04-28,5922
4908,前鼎,11,0,11,元富-新店,2023-04-28,5922
1709,和益,12,1,11,元富-新店,2023-04-28,5922
1701,中化,16,5,11,元富-新店,2023-04-28,5922
00688L,國泰20年美債正2,10,0,10,元富-新店,2023-04-28,5922
8255,朋程,10,0,10,元富-新店,2023-04-28,5922
2206,三陽工業,39,29,10,元富-新店,2023-04-28,5922
9933,中鼎,10,0,10,元富-新店,2023-04-28,5922
4109,加捷生醫,10,0,10,元富-新店,2023-04-28,5922
5351,鈺創,10,0,10,元富-新店,2023-04-28,5922
4960,誠美材,10,0,10,元富-新店,2023-04-28,5922
00720B,元大投資級公司債,9,0,9,元富-新店,2023-04-28,5922
3232,昱捷,9,0,9,元富-新店,2023-04-28,5922
2801,彰銀,113,0,113,元富-新店,2023-05-02,5922
00706L,期元大S＆P日圓正2,76,0,76,元富-新店,2023-05-02,5922
1709,和益,117,48,69,元富-新店,2023-05-02,5922
00637L,元大滬深300正2,47,4,43,元富-新店,2023-05-02,5922
00688L,國泰20年美債正2,40,0,40,元富-新店,2023-05-02,5922
4960,誠美材,40,0,40,元富-新店,2023-05-02,5922
2634,漢翔,46,11,35,元富-新店,2023-05-02,5922
00680L,元大美債20正2,33,0,33,元富-新店,2023-05-02,5922
2609,陽明,37,4,33,元富-新店,2023-05-02,5922
2603,長榮,41,8,33,元富-新店,2023-05-02,5922
6185,幃翔,31,0,31,元富-新店,2023-05-02,5922
9945,潤泰新,25,0,25,元富-新店,2023-05-02,5922
00772B,中信高評級公司債,26,2,24,元富-新店,2023-05-02,5922
4114,健喬,22,1,21,元富-新店,2023-05-02,5922
00830,國泰費城半導體,25,4,21,元富-新店,2023-05-02,5922
5009,榮剛,33,13,20,元富-新店,2023-05-02,5922
4121,優盛,38,19,19,元富-新店,2023-05-02,5922
3029,零壹,57,40,17,元富-新店,2023-05-02,5922
5880,合庫金,21,5,16,元富-新店,2023-05-02,5922
1711,永光,51,35,16,元富-新店,2023-05-02,5922
2886,兆豐金,16,0,16,元富-新店,2023-05-02,5922
00720B,元大投資級公司債,17,2,15,元富-新店,2023-05-02,5922
4111,濟生,15,1,14,元富-新店,2023-05-02,5922
1701,中化,14,0,14,元富-新店,2023-05-02,5922
1810,和成,14,0,14,元富-新店,2023-05-02,5922
3078,僑威,21,7,14,元富-新店,2023-05-02,5922
8088,品安,13,0,13,元富-新店,2023-05-02,5922
5388,中磊,12,0,12,元富-新店,2023-05-02,5922
3071,協禧,12,0,12,元富-新店,2023-05-02,5922
1605,華新,13,2,11,元富-新店,2023-05-02,5922
00878,國泰永續高股息,13,2,11,元富-新店,2023-05-02,5922
3005,神基,10,0,10,元富-新店,2023-05-02,5922
5425,台半,15,5,10,元富-新店,2023-05-02,5922
2031,新光鋼,10,0,10,元富-新店,2023-05-02,5922
2208,台船,13,3,10,元富-新店,2023-05-02,5922
6523,達爾膚,11,1,10,元富-新店,2023-05-02,5922
1809,中釉,13,3,10,元富-新店,2023-05-02,5922
00669R,國泰美國道瓊反1,10,0,10,元富-新店,2023-05-02,5922
3047,訊舟,10,0,10,元富-新店,2023-05-02,5922
8084,巨虹,10,0,10,元富-新店,2023-05-02,5922
1591,駿吉-KY,10,0,10,元富-新店,2023-05-02,5922
00674R,期元大S＆P黃金反1,10,0,10,元富-新店,2023-05-02,5922
6220,岳豐,10,0,10,元富-新店,2023-05-02,5922
6441,廣錠,10,0,10,元富-新店,2023-05-02,5922
8255,朋程,10,0,10,元富-新店,2023-05-02,5922
8403,盛弘,13,3,10,元富-新店,2023-05-02,5922
3363,上詮,44,35,9,元富-新店,2023-05-02,5922
1584,精剛,10,1,9,元富-新店,2023-05-02,5922
6235,華孚,11,2,9,元富-新店,2023-05-02,5922
1907,永豐餘,14,5,9,元富-新店,2023-05-02,5922
00680L,元大美債20正2,250,8,242,元富-新店,2023-05-03,5922
1609,大亞,133,15,118,元富-新店,2023-05-03,5922
2303,聯電,128,12,116,元富-新店,2023-05-03,5922
00712,復華富時不動產,123,8,115,元富-新店,2023-05-03,5922
2405,輔信,100,0,100,元富-新店,2023-05-03,5922
00715L,期街口布蘭特正2,72,0,72,元富-新店,2023-05-03,5922
00878,國泰永續高股息,64,8,56,元富-新店,2023-05-03,5922
2328,廣宇,55,0,55,元富-新店,2023-05-03,5922
1310,台苯,51,2,49,元富-新店,2023-05-03,5922
6167,久正,47,4,43,元富-新店,2023-05-03,5922
3481,群創,42,5,37,元富-新店,2023-05-03,5922
2603,長榮,61,27,34,元富-新店,2023-05-03,5922
1711,永光,37,4,33,元富-新店,2023-05-03,5922
6026,福邦證,30,0,30,元富-新店,2023-05-03,5922
2504,國產,34,6,28,元富-新店,2023-05-03,5922
2880,華南金,25,0,25,元富-新店,2023-05-03,5922
4967,十銓,45,21,24,元富-新店,2023-05-03,5922
4541,晟田,36,13,23,元富-新店,2023-05-03,5922
00908,富邦入息REITs+,22,0,22,元富-新店,2023-05-03,5922
4906,正文,21,0,21,元富-新店,2023-05-03,5922
2607,榮運,20,0,20,元富-新店,2023-05-03,5922
2851,中再保,20,0,20,元富-新店,2023-05-03,5922
6185,幃翔,20,0,20,元富-新店,2023-05-03,5922
6568,宏觀,18,0,18,元富-新店,2023-05-03,5922
2201,裕隆,46,28,18,元富-新店,2023-05-03,5922
2413,環科,15,0,15,元富-新店,2023-05-03,5922
1519,華城,33,19,14,元富-新店,2023-05-03,5922
3071,協禧,16,3,13,元富-新店,2023-05-03,5922
2913,農林,13,0,13,元富-新店,2023-05-03,5922
8028,昇陽半導體,12,0,12,元富-新店,2023-05-03,5922
00888,永豐台灣ESG,12,0,12,元富-新店,2023-05-03,5922
00882,中信中國高股息,11,0,11,元富-新店,2023-05-03,5922
00637L,元大滬深300正2,11,0,11,元富-新店,2023-05-03,5922
1809,中釉,11,0,11,元富-新店,2023-05-03,5922
2329,華泰,11,0,11,元富-新店,2023-05-03,5922
2606,裕民,10,0,10,元富-新店,2023-05-03,5922
2614,東森,10,0,10,元富-新店,2023-05-03,5922
4533,協易機,10,0,10,元富-新店,2023-05-03,5922
1218,泰山,10,0,10,元富-新店,2023-05-03,5922
1513,中興電,17,7,10,元富-新店,2023-05-03,5922
4960,誠美材,10,0,10,元富-新店,2023-05-03,5922
2204,中華,10,0,10,元富-新店,2023-05-03,5922
00919,群益台灣精選高息,10,0,10,元富-新店,2023-05-03,5922
9925,新保,10,0,10,元富-新店,2023-05-03,5922
2368,金像電,11,1,10,元富-新店,2023-05-03,5922
1514,亞力,31,21,10,元富-新店,2023-05-03,5922
1907,永豐餘,10,1,9,元富-新店,2023-05-03,5922
2615,萬海,14,5,9,元富-新店,2023-05-03,5922
3004,豐達科,9,0,9,元富-新店,2023-05-03,5922
3591,艾笛森,8,0,8,元富-新店,2023-05-03,5922
00715L,期街口布蘭特正2,121,0,121,元富-新店,2023-05-04,5922
00642U,期元大S＆P石油,115,0,115,元富-新店,2023-05-04,5922
00712,復華富時不動產,108,0,108,元富-新店,2023-05-04,5922
2303,聯電,66,0,66,元富-新店,2023-05-04,5922
2634,漢翔,103,37,66,元富-新店,2023-05-04,5922
4114,健喬,70,7,63,元富-新店,2023-05-04,5922
6148,驊宏資,123,64,59,元富-新店,2023-05-04,5922
2609,陽明,62,11,51,元富-新店,2023-05-04,5922
2607,榮運,50,0,50,元富-新店,2023-05-04,5922
00878,國泰永續高股息,46,2,44,元富-新店,2023-05-04,5922
3702A,大聯大甲特,40,0,40,元富-新店,2023-05-04,5922
1709,和益,40,0,40,元富-新店,2023-05-04,5922
4960,誠美材,30,0,30,元富-新店,2023-05-04,5922
4111,濟生,30,0,30,元富-新店,2023-05-04,5922
3047,訊舟,30,0,30,元富-新店,2023-05-04,5922
5469,瀚宇博,25,1,24,元富-新店,2023-05-04,5922
2409,友達,27,5,22,元富-新店,2023-05-04,5922
2610,華航,21,0,21,元富-新店,2023-05-04,5922
3202,樺晟,20,0,20,元富-新店,2023-05-04,5922
6167,久正,96,76,20,元富-新店,2023-05-04,5922
1904,正隆,47,28,19,元富-新店,2023-05-04,5922
3071,協禧,20,2,18,元富-新店,2023-05-04,5922
1810,和成,17,0,17,元富-新店,2023-05-04,5922
6412,群電,17,0,17,元富-新店,2023-05-04,5922
3673,TPK-KY,20,4,16,元富-新店,2023-05-04,5922
8222,寶一,30,14,16,元富-新店,2023-05-04,5922
2324,仁寶,14,0,14,元富-新店,2023-05-04,5922
4909,新復興,15,2,13,元富-新店,2023-05-04,5922
3033,威健,13,0,13,元富-新店,2023-05-04,5922
6266,泰詠,14,2,12,元富-新店,2023-05-04,5922
1711,永光,14,2,12,元富-新店,2023-05-04,5922
8086,宏捷科,13,1,12,元富-新店,2023-05-04,5922
6245,立端,12,0,12,元富-新店,2023-05-04,5922
4961,天鈺,12,1,11,元富-新店,2023-05-04,5922
1760,寶齡富錦,11,0,11,元富-新店,2023-05-04,5922
1301,台塑,13,2,11,元富-新店,2023-05-04,5922
2201,裕隆,24,14,10,元富-新店,2023-05-04,5922
6163,華電網,10,0,10,元富-新店,2023-05-04,5922
4108,懷特,15,5,10,元富-新店,2023-05-04,5922
2101,南港,11,1,10,元富-新店,2023-05-04,5922
0056,元大高股息,12,2,10,元富-新店,2023-05-04,5922
6285,啟��,9,0,9,元富-新店,2023-05-04,5922
1504,東元,15,6,9,元富-新店,2023-05-04,5922
6142,友勁,9,0,9,元富-新店,2023-05-04,5922
3710,連展投控,8,0,8,元富-新店,2023-05-04,5922
6470,宇智,8,0,8,元富-新店,2023-05-04,5922
2352,佳世達,8,0,8,元富-新店,2023-05-04,5922
2344,華邦電,7,0,7,元富-新店,2023-05-04,5922
2002,中鋼,7,1,6,元富-新店,2023-05-04,5922
8046,南電,18,12,6,元富-新店,2023-05-04,5922
6125,廣運,218,1,217,元富-新店,2023-05-05,5922
00712,復華富時不動產,192,4,188,元富-新店,2023-05-05,5922
00715L,期街口布蘭特正2,104,0,104,元富-新店,2023-05-05,5922
2303,聯電,99,5,94,元富-新店,2023-05-05,5922
2371,大同,50,0,50,元富-新店,2023-05-05,5922
3712,永崴投控,50,2,48,元富-新店,2023-05-05,5922
6244,茂迪,50,3,47,元富-新店,2023-05-05,5922
00632R,元大台灣50反1,57,12,45,元富-新店,2023-05-05,5922
00717,富邦美國特別股,44,0,44,元富-新店,2023-05-05,5922
3071,協禧,56,18,38,元富-新店,2023-05-05,5922
4114,健喬,36,4,32,元富-新店,2023-05-05,5922
2337,旺宏,35,5,30,元富-新店,2023-05-05,5922
2607,榮運,30,0,30,元富-新店,2023-05-05,5922
00679B,元大美債20年,29,0,29,元富-新店,2023-05-05,5922
1727,中華化,29,0,29,元富-新店,2023-05-05,5922
00878,國泰永續高股息,34,9,25,元富-新店,2023-05-05,5922
00924,復華S＆P500成長,21,0,21,元富-新店,2023-05-05,5922
2352,佳世達,24,4,20,元富-新店,2023-05-05,5922
2236,百達-KY,20,0,20,元富-新店,2023-05-05,5922
1802,台玻,20,0,20,元富-新店,2023-05-05,5922
1809,中釉,26,6,20,元富-新店,2023-05-05,5922
2357,華碩,20,0,20,元富-新店,2023-05-05,5922
4564,元翎,20,0,20,元富-新店,2023-05-05,5922
2442,新美齊,19,0,19,元富-新店,2023-05-05,5922
8076,伍豐,20,1,19,元富-新店,2023-05-05,5922
2495,普安,18,0,18,元富-新店,2023-05-05,5922
3702A,大聯大甲特,16,0,16,元富-新店,2023-05-05,5922
2515,中工,20,4,16,元富-新店,2023-05-05,5922
6129,普誠,16,0,16,元富-新店,2023-05-05,5922
3563,牧德,16,1,15,元富-新店,2023-05-05,5922
2358,廷鑫,17,2,15,元富-新店,2023-05-05,5922
2353,宏��,14,0,14,元富-新店,2023-05-05,5922
00772B,中信高評級公司債,13,0,13,元富-新店,2023-05-05,5922
3356,奇偶,14,1,13,元富-新店,2023-05-05,5922
2002,中鋼,16,4,12,元富-新店,2023-05-05,5922
6191,精成科,14,3,11,元富-新店,2023-05-05,5922
4956,光鋐,11,0,11,元富-新店,2023-05-05,5922
1905,華紙,25,14,11,元富-新店,2023-05-05,5922
1108,幸福,11,0,11,元富-新店,2023-05-05,5922
1904,正隆,20,9,11,元富-新店,2023-05-05,5922
5009,榮剛,28,17,11,元富-新店,2023-05-05,5922
1712,興農,10,0,10,元富-新店,2023-05-05,5922
3045,台灣大,10,0,10,元富-新店,2023-05-05,5922
00720B,元大投資級公司債,12,2,10,元富-新店,2023-05-05,5922
5227,立凱-KY,10,0,10,元富-新店,2023-05-05,5922
3042,晶技,10,0,10,元富-新店,2023-05-05,5922
2845,遠東銀,10,0,10,元富-新店,2023-05-05,5922
2468,華經,11,1,10,元富-新店,2023-05-05,5922
9962,有益,10,0,10,元富-新店,2023-05-05,5922
1714,和桐,10,0,10,元富-新店,2023-05-05,5922
1605,華新,183,4,179,元富-新店,2023-05-08,5922
2486,一詮,128,0,128,元富-新店,2023-05-08,5922
1609,大亞,187,77,110,元富-新店,2023-05-08,5922
00680L,元大美債20正2,99,0,99,元富-新店,2023-05-08,5922
2883,凱基金,174,79,95,元富-新店,2023-05-08,5922
2851,中再保,64,2,62,元富-新店,2023-05-08,5922
00772B,中信高評級公司債,62,0,62,元富-新店,2023-05-08,5922
2344,華邦電,52,0,52,元富-新店,2023-05-08,5922
8996,高力,52,2,50,元富-新店,2023-05-08,5922
1612,宏泰,48,0,48,元富-新店,2023-05-08,5922
00878,國泰永續高股息,63,23,40,元富-新店,2023-05-08,5922
2834,臺企銀,31,0,31,元富-新店,2023-05-08,5922
9941A,裕融甲特,30,0,30,元富-新店,2023-05-08,5922
1727,中華化,34,5,29,元富-新店,2023-05-08,5922
3702A,大聯大甲特,24,0,24,元富-新店,2023-05-08,5922
00720B,元大投資級公司債,23,0,23,元富-新店,2023-05-08,5922
5351,鈺創,21,0,21,元富-新店,2023-05-08,5922
1229,聯華,20,0,20,元富-新店,2023-05-08,5922
6806,森崴能源,24,4,20,元富-新店,2023-05-08,5922
8926,台汽電,21,2,19,元富-新店,2023-05-08,5922
5227,立凱-KY,19,0,19,元富-新店,2023-05-08,5922
2211,長榮鋼,17,0,17,元富-新店,2023-05-08,5922
2449,京元電子,16,0,16,元富-新店,2023-05-08,5922
3021,鴻名,31,15,16,元富-新店,2023-05-08,5922
6122,擎邦,15,0,15,元富-新店,2023-05-08,5922
2820,華票,15,0,15,元富-新店,2023-05-08,5922
3005,神基,16,2,14,元富-新店,2023-05-08,5922
1101,台泥,28,15,13,元富-新店,2023-05-08,5922
3149,正達,14,1,13,元富-新店,2023-05-08,5922
3011,今皓,28,15,13,元富-新店,2023-05-08,5922
2023,燁輝,15,2,13,元富-新店,2023-05-08,5922
2468,華經,29,17,12,元富-新店,2023-05-08,5922
1810,和成,18,7,11,元富-新店,2023-05-08,5922
00725B,國泰投資級公司債,11,0,11,元富-新店,2023-05-08,5922
3481,群創,14,3,11,元富-新店,2023-05-08,5922
3714,富采,13,3,10,元富-新店,2023-05-08,5922
00671R,富邦NASDAQ反1,10,0,10,元富-新店,2023-05-08,5922
2376,技嘉,10,0,10,元富-新店,2023-05-08,5922
4927,泰鼎-KY,10,0,10,元富-新店,2023-05-08,5922
1314,中石化,10,0,10,元富-新店,2023-05-08,5922
00885,富邦越南,11,2,9,元富-新店,2023-05-08,5922
2409,友達,9,0,9,元富-新店,2023-05-08,5922
1522,堤維西,10,1,9,元富-新店,2023-05-08,5922
00674R,期元大S＆P黃金反1,10,1,9,元富-新店,2023-05-08,5922
2504,國產,10,1,9,元富-新店,2023-05-08,5922
2324,仁寶,11,2,9,元富-新店,2023-05-08,5922
6532,瑞耘,8,0,8,元富-新店,2023-05-08,5922
2495,普安,18,10,8,元富-新店,2023-05-08,5922
2413,環科,8,0,8,元富-新店,2023-05-08,5922
00665L,富邦�琤肭磪囓�2,8,0,8,元富-新店,2023-05-08,5922
2371,大同,560,5,555,元富-新店,2023-05-09,5922
00688L,國泰20年美債正2,110,0,110,元富-新店,2023-05-09,5922
2362,藍天,103,0,103,元富-新店,2023-05-09,5922
2106,建大,100,0,100,元富-新店,2023-05-09,5922
00772B,中信高評級公司債,85,0,85,元富-新店,2023-05-09,5922
2303,聯電,78,2,76,元富-新店,2023-05-09,5922
00680L,元大美債20正2,75,0,75,元富-新店,2023-05-09,5922
2486,一詮,74,0,74,元富-新店,2023-05-09,5922
00720B,元大投資級公司債,59,9,50,元富-新店,2023-05-09,5922
2344,華邦電,50,1,49,元富-新店,2023-05-09,5922
00687B,國泰20年美債,48,2,46,元富-新店,2023-05-09,5922
6244,茂迪,43,6,37,元富-新店,2023-05-09,5922
00902,中信電池及儲能,32,0,32,元富-新店,2023-05-09,5922
00878,國泰永續高股息,33,3,30,元富-新店,2023-05-09,5922
1727,中華化,28,1,27,元富-新店,2023-05-09,5922
1605,華新,33,6,27,元富-新店,2023-05-09,5922
8088,品安,30,6,24,元富-新店,2023-05-09,5922
1609,大亞,26,2,24,元富-新店,2023-05-09,5922
00679B,元大美債20年,23,0,23,元富-新店,2023-05-09,5922
1528,恩德,23,0,23,元富-新店,2023-05-09,5922
3712,永崴投控,23,0,23,元富-新店,2023-05-09,5922
2641,正德,22,0,22,元富-新店,2023-05-09,5922
6266,泰詠,42,20,22,元富-新店,2023-05-09,5922
3038,全台,21,0,21,元富-新店,2023-05-09,5922
00795B,中信美國公債20年,21,0,21,元富-新店,2023-05-09,5922
3045,台灣大,20,0,20,元富-新店,2023-05-09,5922
9933,中鼎,18,0,18,元富-新店,2023-05-09,5922
3715,定穎投控,27,10,17,元富-新店,2023-05-09,5922
3022,威強電,18,2,16,元富-新店,2023-05-09,5922
6282,康舒,17,1,16,元富-新店,2023-05-09,5922
3060,銘異,16,0,16,元富-新店,2023-05-09,5922
4967,十銓,37,21,16,元富-新店,2023-05-09,5922
00753L,中信中國50正2,15,0,15,元富-新店,2023-05-09,5922
00664R,國泰臺灣加權反1,15,0,15,元富-新店,2023-05-09,5922
8255,朋程,15,0,15,元富-新店,2023-05-09,5922
00712,復華富時不動產,15,1,14,元富-新店,2023-05-09,5922
3071,協禧,18,4,14,元富-新店,2023-05-09,5922
1513,中興電,50,37,13,元富-新店,2023-05-09,5922
1229,聯華,13,0,13,元富-新店,2023-05-09,5922
3205,佰研,18,5,13,元富-新店,2023-05-09,5922
4906,正文,13,0,13,元富-新店,2023-05-09,5922
2614,東森,12,0,12,元富-新店,2023-05-09,5922
4533,協易機,18,6,12,元富-新店,2023-05-09,5922
2454,聯發科,12,0,12,元富-新店,2023-05-09,5922
8234,新漢,13,1,12,元富-新店,2023-05-09,5922
3027,盛達,20,9,11,元富-新店,2023-05-09,5922
3545,敦泰,12,1,11,元富-新店,2023-05-09,5922
6142,友勁,11,0,11,元富-新店,2023-05-09,5922
2402,毅嘉,16,5,11,元富-新店,2023-05-09,5922
6112,邁達特,36,25,11,元富-新店,2023-05-09,5922
00680L,元大美債20正2,160,0,160,元富-新店,2023-05-10,5922
00637L,元大滬深300正2,80,1,79,元富-新店,2023-05-10,5922
00878,國泰永續高股息,56,10,46,元富-新店,2023-05-10,5922
6266,泰詠,74,30,44,元富-新店,2023-05-10,5922
2605,新興,41,1,40,元富-新店,2023-05-10,5922
1727,中華化,29,0,29,元富-新店,2023-05-10,5922
1709,和益,30,3,27,元富-新店,2023-05-10,5922
9105,泰金寶-DR,26,0,26,元富-新店,2023-05-10,5922
00679B,元大美債20年,22,0,22,元富-新店,2023-05-10,5922
1905,華紙,32,10,22,元富-新店,2023-05-10,5922
2330,台積電,22,0,22,元富-新店,2023-05-10,5922
2886,兆豐金,22,1,21,元富-新店,2023-05-10,5922
6235,華孚,40,20,20,元富-新店,2023-05-10,5922
00688L,國泰20年美債正2,20,0,20,元富-新店,2023-05-10,5922
3202,樺晟,19,0,19,元富-新店,2023-05-10,5922
00720B,元大投資級公司債,19,0,19,元富-新店,2023-05-10,5922
3013,晟銘電,19,0,19,元富-新店,2023-05-10,5922
2303,聯電,26,8,18,元富-新店,2023-05-10,5922
8996,高力,17,0,17,元富-新店,2023-05-10,5922
6111,大宇資,18,2,16,元富-新店,2023-05-10,5922
9945,潤泰新,16,1,15,元富-新店,2023-05-10,5922
00923,群益台ESG低碳50,14,0,14,元富-新店,2023-05-10,5922
00687B,國泰20年美債,13,0,13,元富-新店,2023-05-10,5922
00650L,復華香港正2,12,0,12,元富-新店,2023-05-10,5922
3071,協禧,36,24,12,元富-新店,2023-05-10,5922
3005,神基,11,0,11,元富-新店,2023-05-10,5922
4533,協易機,11,0,11,元富-新店,2023-05-10,5922
1326,台化,10,0,10,元富-新店,2023-05-10,5922
2324,仁寶,21,11,10,元富-新店,2023-05-10,5922
8222,寶一,10,0,10,元富-新店,2023-05-10,5922
1721,三晃,20,10,10,元富-新店,2023-05-10,5922
3209,全科,16,6,10,元富-新店,2023-05-10,5922
6214,精誠,9,0,9,元富-新店,2023-05-10,5922
4161,聿新科,10,1,9,元富-新店,2023-05-10,5922
9944,新麗,9,0,9,元富-新店,2023-05-10,5922
00712,復華富時不動產,8,0,8,元富-新店,2023-05-10,5922
00713,元大台灣高息低波,8,0,8,元富-新店,2023-05-10,5922
8046,南電,18,10,8,元富-新店,2023-05-10,5922
3704,合勤控,8,0,8,元富-新店,2023-05-10,5922
3481,群創,17,9,8,元富-新店,2023-05-10,5922
2201,裕隆,10,3,7,元富-新店,2023-05-10,5922
1528,恩德,7,0,7,元富-新店,2023-05-10,5922
3033,威健,10,3,7,元富-新店,2023-05-10,5922
3703,欣陸,7,0,7,元富-新店,2023-05-10,5922
2457,飛宏,17,11,6,元富-新店,2023-05-10,5922
6770,力積電,6,0,6,元富-新店,2023-05-10,5922
3535,晶彩科,6,0,6,元富-新店,2023-05-10,5922
2337,旺宏,6,0,6,元富-新店,2023-05-10,5922
8112,至上,7,1,6,元富-新店,2023-05-10,5922
6128,上福,6,0,6,元富-新店,2023-05-10,5922
00632R,元大台灣50反1,121,15,106,元富-新店,2023-05-11,5922
3231,緯創,104,3,101,元富-新店,2023-05-11,5922
00680L,元大美債20正2,100,0,100,元富-新店,2023-05-11,5922
1337,再生-KY,73,0,73,元富-新店,2023-05-11,5922
2610,華航,77,5,72,元富-新店,2023-05-11,5922
6185,幃翔,69,0,69,元富-新店,2023-05-11,5922
2388,威盛,87,22,65,元富-新店,2023-05-11,5922
1905,華紙,60,1,59,元富-新店,2023-05-11,5922
00878,國泰永續高股息,47,5,42,元富-新店,2023-05-11,5922
3052,夆典,39,0,39,元富-新店,2023-05-11,5922
2886,兆豐金,50,12,38,元富-新店,2023-05-11,5922
2609,陽明,29,2,27,元富-新店,2023-05-11,5922
3031,佰鴻,27,0,27,元富-新店,2023-05-11,5922
2504,國產,25,0,25,元富-新店,2023-05-11,5922
1605,華新,32,8,24,元富-新店,2023-05-11,5922
1519,華城,48,24,24,元富-新店,2023-05-11,5922
1609,大亞,27,5,22,元富-新店,2023-05-11,5922
2618,長榮航,241,220,21,元富-新店,2023-05-11,5922
2538,基泰,20,0,20,元富-新店,2023-05-11,5922
2888,新光金,20,0,20,元富-新店,2023-05-11,5922
3715,定穎投控,27,7,20,元富-新店,2023-05-11,5922
2462,良得電,19,0,19,元富-新店,2023-05-11,5922
3481,群創,19,0,19,元富-新店,2023-05-11,5922
6139,亞翔,84,65,19,元富-新店,2023-05-11,5922
6279,胡連,18,0,18,元富-新店,2023-05-11,5922
3013,晟銘電,17,0,17,元富-新店,2023-05-11,5922
00679B,元大美債20年,18,1,17,元富-新店,2023-05-11,5922
1711,永光,16,0,16,元富-新店,2023-05-11,5922
3047,訊舟,16,0,16,元富-新店,2023-05-11,5922
1460,宏遠,16,0,16,元富-新店,2023-05-11,5922
2409,友達,15,0,15,元富-新店,2023-05-11,5922
6122,擎邦,80,65,15,元富-新店,2023-05-11,5922
00753L,中信中國50正2,13,0,13,元富-新店,2023-05-11,5922
00715L,期街口布蘭特正2,13,1,12,元富-新店,2023-05-11,5922
2606,裕民,14,2,12,元富-新店,2023-05-11,5922
2313,華通,11,0,11,元富-新店,2023-05-11,5922
3032,偉訓,16,5,11,元富-新店,2023-05-11,5922
2357,華碩,11,0,11,元富-新店,2023-05-11,5922
2201,裕隆,38,28,10,元富-新店,2023-05-11,5922
00720B,元大投資級公司債,10,0,10,元富-新店,2023-05-11,5922
2545,皇翔,10,0,10,元富-新店,2023-05-11,5922
2736,富野,16,6,10,元富-新店,2023-05-11,5922
1582,信錦,10,0,10,元富-新店,2023-05-11,5922
6282,康舒,14,4,10,元富-新店,2023-05-11,5922
3202,樺晟,54,44,10,元富-新店,2023-05-11,5922
6446,藥華藥,12,3,9,元富-新店,2023-05-11,5922
3376,新日興,9,0,9,元富-新店,2023-05-11,5922
4909,新復興,9,0,9,元富-新店,2023-05-11,5922
2330,台積電,9,0,9,元富-新店,2023-05-11,5922
00687B,國泰20年美債,8,0,8,元富-新店,2023-05-11,5922
2317,鴻海,236,48,188,元富-新店,2023-05-12,5922
1337,再生-KY,76,0,76,元富-新店,2023-05-12,5922
00882,中信中國高股息,49,0,49,元富-新店,2023-05-12,5922
3052,夆典,48,0,48,元富-新店,2023-05-12,5922
6026,福邦證,50,5,45,元富-新店,2023-05-12,5922
00715L,期街口布蘭特正2,40,10,30,元富-新店,2023-05-12,5922
1504,東元,91,62,29,元富-新店,2023-05-12,5922
1605,華新,25,2,23,元富-新店,2023-05-12,5922
6266,泰詠,68,46,22,元富-新店,2023-05-12,5922
0056,元大高股息,21,0,21,元富-新店,2023-05-12,5922
2208,台船,20,0,20,元富-新店,2023-05-12,5922
1727,中華化,20,0,20,元富-新店,2023-05-12,5922
6441,廣錠,21,1,20,元富-新店,2023-05-12,5922
2888,新光金,17,0,17,元富-新店,2023-05-12,5922
2851,中再保,16,0,16,元富-新店,2023-05-12,5922
00637L,元大滬深300正2,16,0,16,元富-新店,2023-05-12,5922
2886,兆豐金,30,15,15,元富-新店,2023-05-12,5922
6243,迅杰,15,0,15,元富-新店,2023-05-12,5922
2206,三陽工業,23,8,15,元富-新店,2023-05-12,5922
2303,聯電,16,1,15,元富-新店,2023-05-12,5922
1710,東聯,14,0,14,元富-新店,2023-05-12,5922
1907,永豐餘,20,6,14,元富-新店,2023-05-12,5922
9105,泰金寶-DR,12,0,12,元富-新店,2023-05-12,5922
4938,和碩,11,0,11,元富-新店,2023-05-12,5922
2357,華碩,11,0,11,元富-新店,2023-05-12,5922
4147,中裕,13,2,11,元富-新店,2023-05-12,5922
00712,復華富時不動產,10,0,10,元富-新店,2023-05-12,5922
4743,合一,10,0,10,元富-新店,2023-05-12,5922
6218,豪勉,22,12,10,元富-新店,2023-05-12,5922
1709,和益,10,0,10,元富-新店,2023-05-12,5922
2890,永豐金,9,0,9,元富-新店,2023-05-12,5922
6139,亞翔,51,42,9,元富-新店,2023-05-12,5922
1519,華城,19,10,9,元富-新店,2023-05-12,5922
1102,亞泥,10,1,9,元富-新店,2023-05-12,5922
3596,智易,10,2,8,元富-新店,2023-05-12,5922
3481,群創,9,1,8,元富-新店,2023-05-12,5922
9905,大華,8,0,8,元富-新店,2023-05-12,5922
6589,台康生技,14,6,8,元富-新店,2023-05-12,5922
6609,瀧澤科,8,0,8,元富-新店,2023-05-12,5922
00753L,中信中國50正2,11,4,7,元富-新店,2023-05-12,5922
2324,仁寶,8,1,7,元富-新店,2023-05-12,5922
4916,事欣科,8,1,7,元富-新店,2023-05-12,5922
6160,欣技,8,1,7,元富-新店,2023-05-12,5922
0050,元大台灣50,6,0,6,元富-新店,2023-05-12,5922
1326,台化,6,0,6,元富-新店,2023-05-12,5922
8446,華研,6,0,6,元富-新店,2023-05-12,5922
3058,立德,6,0,6,元富-新店,2023-05-12,5922
1310,台苯,6,0,6,元富-新店,2023-05-12,5922
1101,台泥,6,1,5,元富-新店,2023-05-12,5922
6863,永道-KY,5,0,5,元富-新店,2023-05-12,5922
2634,漢翔,259,5,254,元富-新店,2023-05-15,5922
00882,中信中國高股息,174,0,174,元富-新店,2023-05-15,5922
3522,御嵿,139,0,139,元富-新店,2023-05-15,5922
00680L,元大美債20正2,131,0,131,元富-新店,2023-05-15,5922
2312,金寶,65,0,65,元富-新店,2023-05-15,5922
5498,凱崴,68,6,62,元富-新店,2023-05-15,5922
2201,裕隆,66,13,53,元富-新店,2023-05-15,5922
00878,國泰永續高股息,74,29,45,元富-新店,2023-05-15,5922
1708,東鹼,45,1,44,元富-新店,2023-05-15,5922
2618,長榮航,205,161,44,元富-新店,2023-05-15,5922
00715L,期街口布蘭特正2,34,0,34,元富-新店,2023-05-15,5922
9945,潤泰新,34,2,32,元富-新店,2023-05-15,5922
1727,中華化,29,0,29,元富-新店,2023-05-15,5922
00690,兆豐藍籌30,26,0,26,元富-新店,2023-05-15,5922
3576,聯合再生,30,5,25,元富-新店,2023-05-15,5922
00632R,元大台灣50反1,30,5,25,元富-新店,2023-05-15,5922
00720B,元大投資級公司債,23,0,23,元富-新店,2023-05-15,5922
3202,樺晟,33,10,23,元富-新店,2023-05-15,5922
2542,興富發,26,4,22,元富-新店,2023-05-15,5922
9919,康那香,20,0,20,元富-新店,2023-05-15,5922
2887,台新金,19,0,19,元富-新店,2023-05-15,5922
8076,伍豐,25,6,19,元富-新店,2023-05-15,5922
3052,夆典,28,10,18,元富-新店,2023-05-15,5922
2892,第一金,21,4,17,元富-新店,2023-05-15,5922
6589,台康生技,15,0,15,元富-新店,2023-05-15,5922
3037,欣興,42,27,15,元富-新店,2023-05-15,5922
3231,緯創,126,112,14,元富-新店,2023-05-15,5922
1702,南僑,14,0,14,元富-新店,2023-05-15,5922
6185,幃翔,14,0,14,元富-新店,2023-05-15,5922
00751B,元大AAA至A公司債,14,0,14,元富-新店,2023-05-15,5922
2880,華南金,13,0,13,元富-新店,2023-05-15,5922
6477,安集,16,3,13,元富-新店,2023-05-15,5922
00687B,國泰20年美債,13,1,12,元富-新店,2023-05-15,5922
2303,聯電,24,12,12,元富-新店,2023-05-15,5922
2812,台中銀,11,0,11,元富-新店,2023-05-15,5922
6456,GIS-KY,11,0,11,元富-新店,2023-05-15,5922
00637L,元大滬深300正2,35,24,11,元富-新店,2023-05-15,5922
2204,中華,11,0,11,元富-新店,2023-05-15,5922
2889,國票金,10,0,10,元富-新店,2023-05-15,5922
1101,台泥,11,1,10,元富-新店,2023-05-15,5922
4164,承業醫,10,0,10,元富-新店,2023-05-15,5922
00907,永豐優息存股,10,0,10,元富-新店,2023-05-15,5922
2504,國產,10,0,10,元富-新店,2023-05-15,5922
2371,大同,102,92,10,元富-新店,2023-05-15,5922
2376,技嘉,10,0,10,元富-新店,2023-05-15,5922
00688L,國泰20年美債正2,10,0,10,元富-新店,2023-05-15,5922
3652,精聯,9,0,9,元富-新店,2023-05-15,5922
3224,三顧,17,8,9,元富-新店,2023-05-15,5922
2331,精英,11,3,8,元富-新店,2023-05-15,5922
4157,太景*-KY,8,0,8,元富-新店,2023-05-15,5922
00680L,元大美債20正2,253,100,153,元富-新店,2023-05-16,5922
3591,艾笛森,146,0,146,元富-新店,2023-05-16,5922
00632R,元大台灣50反1,134,0,134,元富-新店,2023-05-16,5922
3202,樺晟,46,0,46,元富-新店,2023-05-16,5922
3704,合勤控,46,1,45,元富-新店,2023-05-16,5922
00688L,國泰20年美債正2,40,0,40,元富-新店,2023-05-16,5922
2634,漢翔,97,58,39,元富-新店,2023-05-16,5922
00725B,國泰投資級公司債,31,0,31,元富-新店,2023-05-16,5922
5324,士開,30,0,30,元富-新店,2023-05-16,5922
00772B,中信高評級公司債,30,0,30,元富-新店,2023-05-16,5922
2495,普安,28,0,28,元富-新店,2023-05-16,5922
6266,泰詠,27,0,27,元富-新店,2023-05-16,5922
00720B,元大投資級公司債,25,0,25,元富-新店,2023-05-16,5922
1727,中華化,25,2,23,元富-新店,2023-05-16,5922
00713,元大台灣高息低波,20,0,20,元富-新店,2023-05-16,5922
5521,工信,20,0,20,元富-新店,2023-05-16,5922
2515,中工,20,0,20,元富-新店,2023-05-16,5922
3052,夆典,60,40,20,元富-新店,2023-05-16,5922
2332,友訊,17,0,17,元富-新店,2023-05-16,5922
6806,森崴能源,18,2,16,元富-新店,2023-05-16,5922
00664R,國泰臺灣加權反1,15,0,15,元富-新店,2023-05-16,5922
00690,兆豐藍籌30,15,0,15,元富-新店,2023-05-16,5922
6248,沛波,15,0,15,元富-新店,2023-05-16,5922
6689,伊雲谷,15,1,14,元富-新店,2023-05-16,5922
00687B,國泰20年美債,14,0,14,元富-新店,2023-05-16,5922
3522,御嵿,12,0,12,元富-新店,2023-05-16,5922
00712,復華富時不動產,11,0,11,元富-新店,2023-05-16,5922
3231,緯創,32,21,11,元富-新店,2023-05-16,5922
6197,佳必琪,10,0,10,元富-新店,2023-05-16,5922
00676R,富邦臺灣加權反1,10,0,10,元富-新店,2023-05-16,5922
2323,中環,25,15,10,元富-新店,2023-05-16,5922
8028,昇陽半導體,10,0,10,元富-新店,2023-05-16,5922
6185,幃翔,10,0,10,元富-新店,2023-05-16,5922
8076,伍豐,22,13,9,元富-新店,2023-05-16,5922
2727,王品,9,0,9,元富-新店,2023-05-16,5922
2368,金像電,11,2,9,元富-新店,2023-05-16,5922
00751B,元大AAA至A公司債,9,0,9,元富-新店,2023-05-16,5922
2425,承啟,9,0,9,元富-新店,2023-05-16,5922
3028,增你強,9,0,9,元富-新店,2023-05-16,5922
2317,鴻海,9,1,8,元富-新店,2023-05-16,5922
2337,旺宏,15,7,8,元富-新店,2023-05-16,5922
2603,長榮,10,2,8,元富-新店,2023-05-16,5922
5302,太欣,14,6,8,元富-新店,2023-05-16,5922
00885,富邦越南,7,0,7,元富-新店,2023-05-16,5922
1104,環泥,6,0,6,元富-新店,2023-05-16,5922
6167,久正,6,0,6,元富-新店,2023-05-16,5922
1709,和益,6,0,6,元富-新店,2023-05-16,5922
00795B,中信美國公債20年,6,0,6,元富-新店,2023-05-16,5922
8155,博智,6,0,6,元富-新店,2023-05-16,5922
2630,亞航,6,0,6,元富-新店,2023-05-16,5922
00632R,元大台灣50反1,218,80,138,元富-新店,2023-05-17,5922
2388,威盛,130,6,124,元富-新店,2023-05-17,5922
8213,志超,90,0,90,元富-新店,2023-05-17,5922
3715,定穎投控,121,78,43,元富-新店,2023-05-17,5922
00680L,元大美債20正2,240,200,40,元富-新店,2023-05-17,5922
6191,精成科,46,6,40,元富-新店,2023-05-17,5922
00637L,元大滬深300正2,43,3,40,元富-新店,2023-05-17,5922
1310,台苯,87,50,37,元富-新店,2023-05-17,5922
00687B,國泰20年美債,30,0,30,元富-新店,2023-05-17,5922
2618,長榮航,31,2,29,元富-新店,2023-05-17,5922
2371,大同,25,0,25,元富-新店,2023-05-17,5922
00712,復華富時不動產,25,0,25,元富-新店,2023-05-17,5922
1905,華紙,31,6,25,元富-新店,2023-05-17,5922
1711,永光,24,0,24,元富-新店,2023-05-17,5922
00720B,元大投資級公司債,26,3,23,元富-新店,2023-05-17,5922
00725B,國泰投資級公司債,21,0,21,元富-新店,2023-05-17,5922
3441,聯一光,22,1,21,元富-新店,2023-05-17,5922
5706,鳳凰,90,69,21,元富-新店,2023-05-17,5922
00664R,國泰臺灣加權反1,20,0,20,元富-新店,2023-05-17,5922
00753L,中信中國50正2,20,0,20,元富-新店,2023-05-17,5922
00688L,國泰20年美債正2,20,0,20,元富-新店,2023-05-17,5922
00751B,元大AAA至A公司債,18,0,18,元富-新店,2023-05-17,5922
1584,精剛,21,3,18,元富-新店,2023-05-17,5922
6285,啟��,41,24,17,元富-新店,2023-05-17,5922
3078,僑威,26,9,17,元富-新店,2023-05-17,5922
00770,國泰北美科技,16,0,16,元富-新店,2023-05-17,5922
6234,高僑,16,1,15,元富-新店,2023-05-17,5922
1513,中興電,18,5,13,元富-新店,2023-05-17,5922
8390,金益鼎,11,0,11,元富-新店,2023-05-17,5922
00724B,群益投資級金融債,11,0,11,元富-新店,2023-05-17,5922
00853B,統一美債10年Aa-,10,0,10,元富-新店,2023-05-17,5922
3011,今皓,10,0,10,元富-新店,2023-05-17,5922
00676R,富邦臺灣加權反1,10,0,10,元富-新店,2023-05-17,5922
1217,愛之味,10,0,10,元富-新店,2023-05-17,5922
6266,泰詠,9,0,9,元富-新店,2023-05-17,5922
1727,中華化,21,13,8,元富-新店,2023-05-17,5922
6188,廣明,8,0,8,元富-新店,2023-05-17,5922
3060,銘異,8,0,8,元富-新店,2023-05-17,5922
00679B,元大美債20年,7,0,7,元富-新店,2023-05-17,5922
5371,中光電,7,0,7,元富-新店,2023-05-17,5922
1612,宏泰,7,0,7,元富-新店,2023-05-17,5922
4147,中裕,7,0,7,元富-新店,2023-05-17,5922
2421,建準,12,5,7,元富-新店,2023-05-17,5922
2201,裕隆,17,10,7,元富-新店,2023-05-17,5922
00722B,群益投資級電信債,7,0,7,元富-新店,2023-05-17,5922
00670L,富邦NASDAQ正2,7,0,7,元富-新店,2023-05-17,5922
3034,聯詠,7,1,6,元富-新店,2023-05-17,5922
1528,恩德,6,0,6,元富-新店,2023-05-17,5922
00708L,期元大S＆P黃金正2,6,0,6,元富-新店,2023-05-17,5922
3207,耀勝,6,0,6,元富-新店,2023-05-17,5922
00637L,元大滬深300正2,257,23,234,元富-新店,2023-05-18,5922
00632R,元大台灣50反1,99,0,99,元富-新店,2023-05-18,5922
1303,南亞,63,2,61,元富-新店,2023-05-18,5922
3021,鴻名,61,4,57,元富-新店,2023-05-18,5922
2885,元大金,55,1,54,元富-新店,2023-05-18,5922
6191,精成科,50,0,50,元富-新店,2023-05-18,5922
2206,三陽工業,162,113,49,元富-新店,2023-05-18,5922
6142,友勁,45,0,45,元富-新店,2023-05-18,5922
00772B,中信高評級公司債,43,0,43,元富-新店,2023-05-18,5922
9919,康那香,50,10,40,元富-新店,2023-05-18,5922
4533,協易機,34,2,32,元富-新店,2023-05-18,5922
3031,佰鴻,26,0,26,元富-新店,2023-05-18,5922
00680L,元大美債20正2,121,100,21,元富-新店,2023-05-18,5922
00688L,國泰20年美債正2,20,0,20,元富-新店,2023-05-18,5922
00650L,復華香港正2,20,0,20,元富-新店,2023-05-18,5922
8222,寶一,76,56,20,元富-新店,2023-05-18,5922
4744,皇將,25,6,19,元富-新店,2023-05-18,5922
8088,品安,16,0,16,元富-新店,2023-05-18,5922
2393,億光,22,6,16,元富-新店,2023-05-18,5922
3293,鈊象,15,0,15,元富-新店,2023-05-18,5922
5347,世界,13,0,13,元富-新店,2023-05-18,5922
3624,光頡,14,1,13,元富-新店,2023-05-18,5922
6244,茂迪,20,7,13,元富-新店,2023-05-18,5922
2324,仁寶,18,6,12,元富-新店,2023-05-18,5922
1584,精剛,44,32,12,元富-新店,2023-05-18,5922
2356,英業達,11,0,11,元富-新店,2023-05-18,5922
1608,華榮,11,0,11,元富-新店,2023-05-18,5922
6180,橘子,12,1,11,元富-新店,2023-05-18,5922
8383,千附,11,0,11,元富-新店,2023-05-18,5922
00687B,國泰20年美債,11,1,10,元富-新店,2023-05-18,5922
5608,四維航,10,0,10,元富-新店,2023-05-18,5922
2495,普安,10,0,10,元富-新店,2023-05-18,5922
3294,英濟,10,0,10,元富-新店,2023-05-18,5922
3522,御嵿,15,5,10,元富-新店,2023-05-18,5922
8390,金益鼎,10,0,10,元富-新店,2023-05-18,5922
3088,艾訊,10,0,10,元富-新店,2023-05-18,5922
5210,寶碩,10,0,10,元富-新店,2023-05-18,5922
3390,旭軟,10,0,10,元富-新店,2023-05-18,5922
1513,中興電,34,25,9,元富-新店,2023-05-18,5922
9938,百和,9,0,9,元富-新店,2023-05-18,5922
1734,杏輝,10,1,9,元富-新店,2023-05-18,5922
2890,永豐金,9,0,9,元富-新店,2023-05-18,5922
2425,承啟,9,0,9,元富-新店,2023-05-18,5922
2482,連宇,13,4,9,元富-新店,2023-05-18,5922
4931,新盛力,13,4,9,元富-新店,2023-05-18,5922
4510,高鋒,10,1,9,元富-新店,2023-05-18,5922
2887,台新金,15,6,9,元富-新店,2023-05-18,5922
1727,中華化,10,2,8,元富-新店,2023-05-18,5922
5410,國眾,10,2,8,元富-新店,2023-05-18,5922
3362,先進光,11,4,7,元富-新店,2023-05-18,5922
2890,永豐金,700,2,698,元富-新店,2023-05-19,5922
00637L,元大滬深300正2,544,78,466,元富-新店,2023-05-19,5922
2891,中信金,160,12,148,元富-新店,2023-05-19,5922
5009,榮剛,94,4,90,元富-新店,2023-05-19,5922
1605,華新,71,2,69,元富-新店,2023-05-19,5922
00720B,元大投資級公司債,61,0,61,元富-新店,2023-05-19,5922
2388,威盛,54,0,54,元富-新店,2023-05-19,5922
1303,南亞,47,0,47,元富-新店,2023-05-19,5922
00687B,國泰20年美債,44,0,44,元富-新店,2023-05-19,5922
2303,聯電,50,8,42,元富-新店,2023-05-19,5922
1905,華紙,41,2,39,元富-新店,2023-05-19,5922
2457,飛宏,61,26,35,元富-新店,2023-05-19,5922
00885,富邦越南,39,6,33,元富-新店,2023-05-19,5922
6191,精成科,34,1,33,元富-新店,2023-05-19,5922
00713,元大台灣高息低波,32,0,32,元富-新店,2023-05-19,5922
00680L,元大美債20正2,239,208,31,元富-新店,2023-05-19,5922
2538,基泰,30,0,30,元富-新店,2023-05-19,5922
2317,鴻海,30,2,28,元富-新店,2023-05-19,5922
2609,陽明,29,2,27,元富-新店,2023-05-19,5922
1584,精剛,30,3,27,元富-新店,2023-05-19,5922
00664R,國泰臺灣加權反1,25,0,25,元富-新店,2023-05-19,5922
4533,協易機,24,0,24,元富-新店,2023-05-19,5922
3704,合勤控,30,7,23,元富-新店,2023-05-19,5922
00679B,元大美債20年,25,2,23,元富-新店,2023-05-19,5922
00753L,中信中國50正2,22,0,22,元富-新店,2023-05-19,5922
2313,華通,25,4,21,元富-新店,2023-05-19,5922
6125,廣運,56,35,21,元富-新店,2023-05-19,5922
00669R,國泰美國道瓊反1,20,0,20,元富-新店,2023-05-19,5922
1702,南僑,20,0,20,元富-新店,2023-05-19,5922
5324,士開,20,0,20,元富-新店,2023-05-19,5922
00878,國泰永續高股息,38,20,18,元富-新店,2023-05-19,5922
00636,國泰中國A50,17,0,17,元富-新店,2023-05-19,5922
00751B,元大AAA至A公司債,17,0,17,元富-新店,2023-05-19,5922
3031,佰鴻,16,0,16,元富-新店,2023-05-19,5922
4979,華星光,20,6,14,元富-新店,2023-05-19,5922
00712,復華富時不動產,28,15,13,元富-新店,2023-05-19,5922
5464,霖宏,13,1,12,元富-新店,2023-05-19,5922
8088,品安,17,5,12,元富-新店,2023-05-19,5922
6517,保勝光學,18,6,12,元富-新店,2023-05-19,5922
1519,華城,65,53,12,元富-新店,2023-05-19,5922
2371,大同,45,33,12,元富-新店,2023-05-19,5922
00688L,國泰20年美債正2,27,15,12,元富-新店,2023-05-19,5922
2458,義隆,11,0,11,元富-新店,2023-05-19,5922
6111,大宇資,11,0,11,元富-新店,2023-05-19,5922
00650L,復華香港正2,11,0,11,元富-新店,2023-05-19,5922
6266,泰詠,11,1,10,元富-新店,2023-05-19,5922
6288,聯嘉,11,1,10,元富-新店,2023-05-19,5922
2641,正德,10,0,10,元富-新店,2023-05-19,5922
1734,杏輝,10,0,10,元富-新店,2023-05-19,5922
1529,樂事綠能,11,1,10,元富-新店,2023-05-19,5922
2303,聯電,184,2,182,元富-新店,2023-05-22,5922
3706,神達,75,15,60,元富-新店,2023-05-22,5922
00751B,元大AAA至A公司債,48,0,48,元富-新店,2023-05-22,5922
2890,永豐金,50,3,47,元富-新店,2023-05-22,5922
6191,精成科,51,9,42,元富-新店,2023-05-22,5922
00915,凱基優選高股息30,40,0,40,元富-新店,2023-05-22,5922
3704,合勤控,45,7,38,元富-新店,2023-05-22,5922
00690,兆豐藍籌30,36,4,32,元富-新店,2023-05-22,5922
1504,東元,58,30,28,元富-新店,2023-05-22,5922
9105,泰金寶-DR,27,0,27,元富-新店,2023-05-22,5922
2399,映泰,31,4,27,元富-新店,2023-05-22,5922
00687B,國泰20年美債,23,0,23,元富-新店,2023-05-22,5922
0056,元大高股息,25,4,21,元富-新店,2023-05-22,5922
4533,協易機,21,0,21,元富-新店,2023-05-22,5922
1616,億泰,21,0,21,元富-新店,2023-05-22,5922
00680L,元大美債20正2,122,101,21,元富-新店,2023-05-22,5922
00773B,中信優先金融債,21,0,21,元富-新店,2023-05-22,5922
00688L,國泰20年美債正2,21,0,21,元富-新店,2023-05-22,5922
8358,金居,21,1,20,元富-新店,2023-05-22,5922
3712,永崴投控,21,3,18,元富-新店,2023-05-22,5922
2331,精英,21,4,17,元富-新店,2023-05-22,5922
1307,三芳,15,0,15,元富-新店,2023-05-22,5922
3715,定穎投控,15,3,12,元富-新店,2023-05-22,5922
3231,緯創,20,8,12,元富-新店,2023-05-22,5922
00772B,中信高評級公司債,12,0,12,元富-新店,2023-05-22,5922
3522,御嵿,12,0,12,元富-新店,2023-05-22,5922
1442,名軒,11,0,11,元富-新店,2023-05-22,5922
00882,中信中國高股息,41,30,11,元富-新店,2023-05-22,5922
5388,中磊,13,2,11,元富-新店,2023-05-22,5922
5609,中菲行,11,0,11,元富-新店,2023-05-22,5922
1701,中化,10,0,10,元富-新店,2023-05-22,5922
2323,中環,11,1,10,元富-新店,2023-05-22,5922
6821,聯寶,28,18,10,元富-新店,2023-05-22,5922
6167,久正,10,0,10,元富-新店,2023-05-22,5922
2736,富野,15,5,10,元富-新店,2023-05-22,5922
1314,中石化,10,0,10,元富-新店,2023-05-22,5922
3044,健鼎,10,0,10,元富-新店,2023-05-22,5922
00761B,國泰A級公司債,9,0,9,元富-新店,2023-05-22,5922
2206,三陽工業,23,14,9,元富-新店,2023-05-22,5922
4906,正文,8,0,8,元富-新店,2023-05-22,5922
5439,高技,8,0,8,元富-新店,2023-05-22,5922
6535,順藥,31,23,8,元富-新店,2023-05-22,5922
2427,三商電,31,23,8,元富-新店,2023-05-22,5922
00712,復華富時不動產,8,0,8,元富-新店,2023-05-22,5922
3596,智易,6,0,6,元富-新店,2023-05-22,5922
3591,艾笛森,6,0,6,元富-新店,2023-05-22,5922
4908,前鼎,7,1,6,元富-新店,2023-05-22,5922
1304,台聚,6,0,6,元富-新店,2023-05-22,5922
4934,太極,6,0,6,元富-新店,2023-05-22,5922
4173,久裕,14,8,6,元富-新店,2023-05-22,5922
00680L,元大美債20正2,461,350,111,元富-新店,2023-05-23,5922
00637L,元大滬深300正2,82,0,82,元富-新店,2023-05-23,5922
2442,新美齊,71,6,65,元富-新店,2023-05-23,5922
2409,友達,64,1,63,元富-新店,2023-05-23,5922
00720B,元大投資級公司債,54,1,53,元富-新店,2023-05-23,5922
8932,智通*,51,2,49,元富-新店,2023-05-23,5922
6244,茂迪,47,0,47,元富-新店,2023-05-23,5922
2388,威盛,45,0,45,元富-新店,2023-05-23,5922
3706,神達,44,3,41,元富-新店,2023-05-23,5922
3052,夆典,40,0,40,元富-新店,2023-05-23,5922
00751B,元大AAA至A公司債,38,0,38,元富-新店,2023-05-23,5922
2743,山富,36,2,34,元富-新店,2023-05-23,5922
2368,金像電,32,1,31,元富-新店,2023-05-23,5922
2328,廣宇,36,6,30,元富-新店,2023-05-23,5922
2362,藍天,30,0,30,元富-新店,2023-05-23,5922
1310,台苯,30,0,30,元富-新店,2023-05-23,5922
00878,國泰永續高股息,32,5,27,元富-新店,2023-05-23,5922
9105,泰金寶-DR,25,0,25,元富-新店,2023-05-23,5922
2201,裕隆,92,67,25,元富-新店,2023-05-23,5922
1904,正隆,30,9,21,元富-新店,2023-05-23,5922
2891,中信金,20,0,20,元富-新店,2023-05-23,5922
8099,大世科,31,11,20,元富-新店,2023-05-23,5922
2701,萬企,20,0,20,元富-新店,2023-05-23,5922
6180,橘子,20,0,20,元富-新店,2023-05-23,5922
2105,正新,20,1,19,元富-新店,2023-05-23,5922
00882,中信中國高股息,18,0,18,元富-新店,2023-05-23,5922
1101,台泥,19,2,17,元富-新店,2023-05-23,5922
00687B,國泰20年美債,17,0,17,元富-新店,2023-05-23,5922
1513,中興電,85,69,16,元富-新店,2023-05-23,5922
3522,御嵿,16,0,16,元富-新店,2023-05-23,5922
2603,長榮,15,0,15,元富-新店,2023-05-23,5922
6530,創威,15,0,15,元富-新店,2023-05-23,5922
6689,伊雲谷,32,17,15,元富-新店,2023-05-23,5922
2208,台船,14,0,14,元富-新店,2023-05-23,5922
3591,艾笛森,84,70,14,元富-新店,2023-05-23,5922
2890,永豐金,13,0,13,元富-新店,2023-05-23,5922
1325,恆大,14,1,13,元富-新店,2023-05-23,5922
1786,科妍,13,0,13,元富-新店,2023-05-23,5922
5388,中磊,13,0,13,元富-新店,2023-05-23,5922
3481,群創,13,0,13,元富-新店,2023-05-23,5922
3162,精確,13,1,12,元富-新店,2023-05-23,5922
2427,三商電,12,0,12,元富-新店,2023-05-23,5922
1519,華城,64,52,12,元富-新店,2023-05-23,5922
1605,華新,18,6,12,元富-新店,2023-05-23,5922
6167,久正,12,0,12,元富-新店,2023-05-23,5922
00688L,國泰20年美債正2,11,0,11,元富-新店,2023-05-23,5922
3090,日電貿,10,0,10,元富-新店,2023-05-23,5922
2387,精元,20,10,10,元富-新店,2023-05-23,5922
00919,群益台灣精選高息,10,0,10,元富-新店,2023-05-23,5922
1528,恩德,10,0,10,元富-新店,2023-05-23,5922
2892,第一金,403,3,400,元富-新店,2023-05-24,5922
2886,兆豐金,250,1,249,元富-新店,2023-05-24,5922
00632R,元大台灣50反1,180,9,171,元富-新店,2023-05-24,5922
2442,新美齊,144,6,138,元富-新店,2023-05-24,5922
8933,愛地雅,94,0,94,元富-新店,2023-05-24,5922
00882,中信中國高股息,218,150,68,元富-新店,2023-05-24,5922
8064,東捷,55,0,55,元富-新店,2023-05-24,5922
00720B,元大投資級公司債,54,0,54,元富-新店,2023-05-24,5922
8932,智通*,56,3,53,元富-新店,2023-05-24,5922
2457,飛宏,107,65,42,元富-新店,2023-05-24,5922
3363,上詮,42,4,38,元富-新店,2023-05-24,5922
00637L,元大滬深300正2,37,2,35,元富-新店,2023-05-24,5922
4533,協易機,27,0,27,元富-新店,2023-05-24,5922
1460,宏遠,29,2,27,元富-新店,2023-05-24,5922
2634,漢翔,121,96,25,元富-新店,2023-05-24,5922
00679B,元大美債20年,41,21,20,元富-新店,2023-05-24,5922
2409,友達,21,2,19,元富-新店,2023-05-24,5922
5009,榮剛,28,10,18,元富-新店,2023-05-24,5922
00687B,國泰20年美債,17,0,17,元富-新店,2023-05-24,5922
6811,宏�硌穈T,17,0,17,元富-新店,2023-05-24,5922
1605,華新,27,10,17,元富-新店,2023-05-24,5922
6535,順藥,36,20,16,元富-新店,2023-05-24,5922
2368,金像電,18,3,15,元富-新店,2023-05-24,5922
2206,三陽工業,24,9,15,元富-新店,2023-05-24,5922
2327,國巨,15,0,15,元富-新店,2023-05-24,5922
5258,虹堡,41,27,14,元富-新店,2023-05-24,5922
3617,碩天,17,3,14,元富-新店,2023-05-24,5922
3522,御嵿,14,1,13,元富-新店,2023-05-24,5922
6282,康舒,19,6,13,元富-新店,2023-05-24,5922
8222,寶一,53,40,13,元富-新店,2023-05-24,5922
1905,華紙,40,27,13,元富-新店,2023-05-24,5922
2606,裕民,13,1,12,元富-新店,2023-05-24,5922
6191,精成科,19,7,12,元富-新店,2023-05-24,5922
00650L,復華香港正2,12,0,12,元富-新店,2023-05-24,5922
6821,聯寶,14,2,12,元富-新店,2023-05-24,5922
00795B,中信美國公債20年,11,0,11,元富-新店,2023-05-24,5922
5371,中光電,12,1,11,元富-新店,2023-05-24,5922
1409,新纖,10,0,10,元富-新店,2023-05-24,5922
4967,十銓,10,0,10,元富-新店,2023-05-24,5922
1720,生達,10,0,10,元富-新店,2023-05-24,5922
5203,訊連,10,0,10,元富-新店,2023-05-24,5922
2605,新興,10,0,10,元富-新店,2023-05-24,5922
00919,群益台灣精選高息,10,0,10,元富-新店,2023-05-24,5922
3088,艾訊,20,10,10,元富-新店,2023-05-24,5922
6143,振曜,10,0,10,元富-新店,2023-05-24,5922
1785,光洋科,10,1,9,元富-新店,2023-05-24,5922
6235,華孚,19,10,9,元富-新店,2023-05-24,5922
2734,易飛網,9,0,9,元富-新店,2023-05-24,5922
1784,訊聯,9,0,9,元富-新店,2023-05-24,5922
00751B,元大AAA至A公司債,9,0,9,元富-新店,2023-05-24,5922
2801,彰銀,300,0,300,元富-新店,2023-05-25,5922
00632R,元大台灣50反1,216,50,166,元富-新店,2023-05-25,5922
2884,玉山金,64,2,62,元富-新店,2023-05-25,5922
00882,中信中國高股息,378,323,55,元富-新店,2023-05-25,5922
00720B,元大投資級公司債,53,0,53,元富-新店,2023-05-25,5922
2617,台航,50,0,50,元富-新店,2023-05-25,5922
2520,冠德,48,0,48,元富-新店,2023-05-25,5922
00712,復華富時不動產,41,0,41,元富-新店,2023-05-25,5922
2705,六福,52,11,41,元富-新店,2023-05-25,5922
00679B,元大美債20年,40,3,37,元富-新店,2023-05-25,5922
6535,順藥,38,2,36,元富-新店,2023-05-25,5922
2324,仁寶,31,0,31,元富-新店,2023-05-25,5922
00751B,元大AAA至A公司債,30,0,30,元富-新店,2023-05-25,5922
00637L,元大滬深300正2,80,50,30,元富-新店,2023-05-25,5922
3481,群創,29,0,29,元富-新店,2023-05-25,5922
00773B,中信優先金融債,25,0,25,元富-新店,2023-05-25,5922
6191,精成科,42,18,24,元富-新店,2023-05-25,5922
8222,寶一,24,0,24,元富-新店,2023-05-25,5922
3707,漢磊,21,0,21,元富-新店,2023-05-25,5922
8088,品安,21,0,21,元富-新店,2023-05-25,5922
2880,華南金,21,0,21,元富-新店,2023-05-25,5922
2402,毅嘉,20,0,20,元富-新店,2023-05-25,5922
6274,台燿,33,14,19,元富-新店,2023-05-25,5922
2641,正德,28,10,18,元富-新店,2023-05-25,5922
1101,台泥,17,0,17,元富-新店,2023-05-25,5922
00734B,台新JPM新興債,16,0,16,元富-新店,2023-05-25,5922
2634,漢翔,45,29,16,元富-新店,2023-05-25,5922
2201,裕隆,57,41,16,元富-新店,2023-05-25,5922
00753L,中信中國50正2,16,1,15,元富-新店,2023-05-25,5922
2471,資通,21,7,14,元富-新店,2023-05-25,5922
3025,星通,15,1,14,元富-新店,2023-05-25,5922
00772B,中信高評級公司債,25,11,14,元富-新店,2023-05-25,5922
8028,昇陽半導體,14,0,14,元富-新店,2023-05-25,5922
6185,幃翔,13,0,13,元富-新店,2023-05-25,5922
3006,晶豪科,22,10,12,元富-新店,2023-05-25,5922
1609,大亞,18,6,12,元富-新店,2023-05-25,5922
00636,國泰中國A50,12,0,12,元富-新店,2023-05-25,5922
6180,橘子,12,0,12,元富-新店,2023-05-25,5922
2609,陽明,13,2,11,元富-新店,2023-05-25,5922
2883,凱基金,11,0,11,元富-新店,2023-05-25,5922
2457,飛宏,15,4,11,元富-新店,2023-05-25,5922
1307,三芳,11,0,11,元富-新店,2023-05-25,5922
6125,廣運,11,0,11,元富-新店,2023-05-25,5922
4541,晟田,11,0,11,元富-新店,2023-05-25,5922
2618,長榮航,48,37,11,元富-新店,2023-05-25,5922
1215,卜蜂,10,0,10,元富-新店,2023-05-25,5922
6104,創惟,10,0,10,元富-新店,2023-05-25,5922
2515,中工,26,16,10,元富-新店,2023-05-25,5922
2888,新光金,10,0,10,元富-新店,2023-05-25,5922
8255,朋程,10,0,10,元富-新店,2023-05-25,5922
2486,一詮,200,0,200,元富-新店,2023-05-26,5922
2520,冠德,152,0,152,元富-新店,2023-05-26,5922
00632R,元大台灣50反1,454,380,74,元富-新店,2023-05-26,5922
00712,復華富時不動產,73,0,73,元富-新店,2023-05-26,5922
2801,彰銀,70,1,69,元富-新店,2023-05-26,5922
4564,元翎,75,17,58,元富-新店,2023-05-26,5922
00907,永豐優息存股,49,0,49,元富-新店,2023-05-26,5922
6535,順藥,65,16,49,元富-新店,2023-05-26,5922
2317,鴻海,54,9,45,元富-新店,2023-05-26,5922
2705,六福,40,3,37,元富-新店,2023-05-26,5922
8932,智通*,34,0,34,元富-新店,2023-05-26,5922
3704,合勤控,34,1,33,元富-新店,2023-05-26,5922
2369,菱生,30,0,30,元富-新店,2023-05-26,5922
5465,富驊,29,1,28,元富-新店,2023-05-26,5922
2421,建準,74,48,26,元富-新店,2023-05-26,5922
2352,佳世達,29,3,26,元富-新店,2023-05-26,5922
2754,亞洲藏壽司,34,8,26,元富-新店,2023-05-26,5922
2408,南亞科,26,1,25,元富-新店,2023-05-26,5922
2883,凱基金,23,1,22,元富-新店,2023-05-26,5922
3711,日月光投控,26,4,22,元富-新店,2023-05-26,5922
00679B,元大美債20年,24,3,21,元富-新店,2023-05-26,5922
2388,威盛,24,3,21,元富-新店,2023-05-26,5922
6185,幃翔,25,5,20,元富-新店,2023-05-26,5922
6164,華興,20,0,20,元富-新店,2023-05-26,5922
2453,凌群,57,37,20,元富-新店,2023-05-26,5922
6770,力積電,21,2,19,元富-新店,2023-05-26,5922
3712,永崴投控,20,2,18,元富-新店,2023-05-26,5922
00902,中信電池及儲能,17,0,17,元富-新店,2023-05-26,5922
4967,十銓,16,0,16,元富-新店,2023-05-26,5922
2356,英業達,36,21,15,元富-新店,2023-05-26,5922
2323,中環,21,6,15,元富-新店,2023-05-26,5922
3078,僑威,17,3,14,元富-新店,2023-05-26,5922
00882,中信中國高股息,14,0,14,元富-新店,2023-05-26,5922
3558,神準,22,8,14,元富-新店,2023-05-26,5922
3481,群創,32,18,14,元富-新店,2023-05-26,5922
2515,中工,17,3,14,元富-新店,2023-05-26,5922
6026,福邦證,15,1,14,元富-新店,2023-05-26,5922
2736,富野,47,34,13,元富-新店,2023-05-26,5922
3707,漢磊,21,8,13,元富-新店,2023-05-26,5922
3693,營邦,16,3,13,元富-新店,2023-05-26,5922
00751B,元大AAA至A公司債,13,0,13,元富-新店,2023-05-26,5922
5706,鳳凰,104,91,13,元富-新店,2023-05-26,5922
5483,中美晶,12,0,12,元富-新店,2023-05-26,5922
2605,新興,12,0,12,元富-新店,2023-05-26,5922
2606,裕民,12,0,12,元富-新店,2023-05-26,5922
2337,旺宏,11,0,11,元富-新店,2023-05-26,5922
8255,朋程,11,0,11,元富-新店,2023-05-26,5922
1785,光洋科,21,10,11,元富-新店,2023-05-26,5922
2376,技嘉,54,44,10,元富-新店,2023-05-26,5922
3306,鼎天,10,0,10,元富-新店,2023-05-26,5922
00680L,元大美債20正2,170,0,170,元富-新店,2023-05-29,5922
3363,上詮,192,56,136,元富-新店,2023-05-29,5922
2801,彰銀,106,28,78,元富-新店,2023-05-29,5922
00734B,台新JPM新興債,65,0,65,元富-新店,2023-05-29,5922
2886,兆豐金,53,2,51,元富-新店,2023-05-29,5922
00637L,元大滬深300正2,222,176,46,元富-新店,2023-05-29,5922
00751B,元大AAA至A公司債,45,0,45,元富-新店,2023-05-29,5922
00773B,中信優先金融債,43,0,43,元富-新店,2023-05-29,5922
0056,元大高股息,46,5,41,元富-新店,2023-05-29,5922
00720B,元大投資級公司債,41,1,40,元富-新店,2023-05-29,5922
00882,中信中國高股息,37,0,37,元富-新店,2023-05-29,5922
2458,義隆,37,0,37,元富-新店,2023-05-29,5922
6176,瑞儀,35,0,35,元富-新店,2023-05-29,5922
1513,中興電,39,6,33,元富-新店,2023-05-29,5922
3711,日月光投控,30,2,28,元富-新店,2023-05-29,5922
5284,jpp-KY,29,4,25,元富-新店,2023-05-29,5922
6026,福邦證,27,3,24,元富-新店,2023-05-29,5922
00687B,國泰20年美債,22,0,22,元富-新店,2023-05-29,5922
2206,三陽工業,30,9,21,元富-新店,2023-05-29,5922
6243,迅杰,20,0,20,元富-新店,2023-05-29,5922
1904,正隆,20,0,20,元富-新店,2023-05-29,5922
2449,京元電子,113,93,20,元富-新店,2023-05-29,5922
1608,華榮,24,5,19,元富-新店,2023-05-29,5922
1605,華新,31,13,18,元富-新店,2023-05-29,5922
2331,精英,15,0,15,元富-新店,2023-05-29,5922
2520,冠德,15,0,15,元富-新店,2023-05-29,5922
2495,普安,21,6,15,元富-新店,2023-05-29,5922
3704,合勤控,19,6,13,元富-新店,2023-05-29,5922
1589,永冠-KY,13,0,13,元富-新店,2023-05-29,5922
2353,宏��,12,0,12,元富-新店,2023-05-29,5922
5439,高技,27,15,12,元富-新店,2023-05-29,5922
2376,技嘉,20,8,12,元富-新店,2023-05-29,5922
3037,欣興,34,23,11,元富-新店,2023-05-29,5922
1314,中石化,11,0,11,元富-新店,2023-05-29,5922
6123,上奇,11,0,11,元富-新店,2023-05-29,5922
2884,玉山金,11,1,10,元富-新店,2023-05-29,5922
2890,永豐金,10,0,10,元富-新店,2023-05-29,5922
1537,廣隆,10,0,10,元富-新店,2023-05-29,5922
00892,富邦台灣半導體,10,0,10,元富-新店,2023-05-29,5922
5905,南仁湖,10,0,10,元富-新店,2023-05-29,5922
2601,益航,10,0,10,元富-新店,2023-05-29,5922
3071,協禧,10,0,10,元富-新店,2023-05-29,5922
8070,長華*,10,0,10,元富-新店,2023-05-29,5922
3515,華擎,10,0,10,元富-新店,2023-05-29,5922
00890B,凱基ESG BBB債,10,0,10,元富-新店,2023-05-29,5922
00642U,期元大S＆P石油,10,0,10,元富-新店,2023-05-29,5922
2409,友達,20,11,9,元富-新店,2023-05-29,5922
2736,富野,33,24,9,元富-新店,2023-05-29,5922
5285,界霖,9,0,9,元富-新店,2023-05-29,5922
8087,麗升能源,9,0,9,元富-新店,2023-05-29,5922
00882,中信中國高股息,157,0,157,元富-新店,2023-05-30,5922
2520,冠德,90,0,90,元富-新店,2023-05-30,5922
00632R,元大台灣50反1,73,0,73,元富-新店,2023-05-30,5922
2913,農林,69,0,69,元富-新店,2023-05-30,5922
2886,兆豐金,63,1,62,元富-新店,2023-05-30,5922
00712,復華富時不動產,61,0,61,元富-新店,2023-05-30,5922
2388,威盛,104,55,49,元富-新店,2023-05-30,5922
2634,漢翔,50,2,48,元富-新店,2023-05-30,5922
1905,華紙,54,15,39,元富-新店,2023-05-30,5922
2801,彰銀,303,272,31,元富-新店,2023-05-30,5922
00720B,元大投資級公司債,31,0,31,元富-新店,2023-05-30,5922
00751B,元大AAA至A公司債,30,0,30,元富-新店,2023-05-30,5922
00637L,元大滬深300正2,25,0,25,元富-新店,2023-05-30,5922
3037,欣興,30,8,22,元富-新店,2023-05-30,5922
8222,寶一,38,18,20,元富-新店,2023-05-30,5922
2206,三陽工業,34,14,20,元富-新店,2023-05-30,5922
5608,四維航,20,1,19,元富-新店,2023-05-30,5922
2329,華泰,21,2,19,元富-新店,2023-05-30,5922
1616,億泰,17,0,17,元富-新店,2023-05-30,5922
2495,普安,16,0,16,元富-新店,2023-05-30,5922
8069,元太,24,9,15,元富-新店,2023-05-30,5922
2382,廣達,103,88,15,元富-新店,2023-05-30,5922
5009,榮剛,15,1,14,元富-新店,2023-05-30,5922
0056,元大高股息,42,28,14,元富-新店,2023-05-30,5922
6821,聯寶,13,0,13,元富-新店,2023-05-30,5922
3052,夆典,13,0,13,元富-新店,2023-05-30,5922
3265,台星科,13,1,12,元富-新店,2023-05-30,5922
3707,漢磊,12,0,12,元富-新店,2023-05-30,5922
6282,康舒,15,3,12,元富-新店,2023-05-30,5922
6120,達運,11,0,11,元富-新店,2023-05-30,5922
4147,中裕,11,0,11,元富-新店,2023-05-30,5922
8027,鈦昇,11,0,11,元富-新店,2023-05-30,5922
6235,華孚,28,17,11,元富-新店,2023-05-30,5922
00792B,群益A級公司債,10,0,10,元富-新店,2023-05-30,5922
3625,西勝,10,0,10,元富-新店,2023-05-30,5922
3078,僑威,21,11,10,元富-新店,2023-05-30,5922
4564,元翎,12,2,10,元富-新店,2023-05-30,5922
6405,悅城,10,0,10,元富-新店,2023-05-30,5922
2471,資通,9,0,9,元富-新店,2023-05-30,5922
2615,萬海,10,1,9,元富-新店,2023-05-30,5922
3013,晟銘電,63,54,9,元富-新店,2023-05-30,5922
1608,華榮,13,4,9,元富-新店,2023-05-30,5922
3380,明泰,10,1,9,元富-新店,2023-05-30,5922
8099,大世科,18,9,9,元富-新店,2023-05-30,5922
2208,台船,11,2,9,元富-新店,2023-05-30,5922
00679B,元大美債20年,18,10,8,元富-新店,2023-05-30,5922
2548,華固,8,0,8,元富-新店,2023-05-30,5922
3032,偉訓,8,0,8,元富-新店,2023-05-30,5922
2352,佳世達,14,6,8,元富-新店,2023-05-30,5922
1760,寶齡富錦,8,0,8,元富-新店,2023-05-30,5922
2382,廣達,325,55,270,元富-新店,2023-05-31,5922
00715L,期街口布蘭特正2,166,2,164,元富-新店,2023-05-31,5922
2801,彰銀,103,0,103,元富-新店,2023-05-31,5922
2520,冠德,61,0,61,元富-新店,2023-05-31,5922
00882,中信中國高股息,294,245,49,元富-新店,2023-05-31,5922
00679B,元大美債20年,50,5,45,元富-新店,2023-05-31,5922
00680L,元大美債20正2,50,5,45,元富-新店,2023-05-31,5922
00720B,元大投資級公司債,39,0,39,元富-新店,2023-05-31,5922
2886,兆豐金,44,10,34,元富-新店,2023-05-31,5922
1616,億泰,32,0,32,元富-新店,2023-05-31,5922
2356,英業達,61,32,29,元富-新店,2023-05-31,5922
2371,大同,38,12,26,元富-新店,2023-05-31,5922
3706,神達,73,49,24,元富-新店,2023-05-31,5922
2493,揚博,24,0,24,元富-新店,2023-05-31,5922
2421,建準,30,8,22,元富-新店,2023-05-31,5922
3052,夆典,33,13,20,元富-新店,2023-05-31,5922
2453,凌群,20,0,20,元富-新店,2023-05-31,5922
2317,鴻海,25,6,19,元富-新店,2023-05-31,5922
2457,飛宏,91,72,19,元富-新店,2023-05-31,5922
3711,日月光投控,18,0,18,元富-新店,2023-05-31,5922
00637L,元大滬深300正2,21,3,18,元富-新店,2023-05-31,5922
2609,陽明,15,1,14,元富-新店,2023-05-31,5922
3231,緯創,22,8,14,元富-新店,2023-05-31,5922
6161,捷波,18,4,14,元富-新店,2023-05-31,5922
2353,宏��,14,0,14,元富-新店,2023-05-31,5922
00642U,期元大S＆P石油,14,0,14,元富-新店,2023-05-31,5922
3037,欣興,30,17,13,元富-新店,2023-05-31,5922
6770,力積電,15,2,13,元富-新店,2023-05-31,5922
2201,裕隆,28,15,13,元富-新店,2023-05-31,5922
00795B,中信美國公債20年,12,0,12,元富-新店,2023-05-31,5922
2002,中鋼,14,2,12,元富-新店,2023-05-31,5922
1513,中興電,20,8,12,元富-新店,2023-05-31,5922
2354,鴻準,11,0,11,元富-新店,2023-05-31,5922
5498,凱崴,24,13,11,元富-新店,2023-05-31,5922
2385,群光,11,1,10,元富-新店,2023-05-31,5922
1314,中石化,10,0,10,元富-新店,2023-05-31,5922
4904,遠傳,10,0,10,元富-新店,2023-05-31,5922
6279,胡連,10,0,10,元富-新店,2023-05-31,5922
8299,群聯,12,2,10,元富-新店,2023-05-31,5922
3294,英濟,9,0,9,元富-新店,2023-05-31,5922
6138,茂達,10,1,9,元富-新店,2023-05-31,5922
2413,環科,10,1,9,元富-新店,2023-05-31,5922
4173,久裕,10,1,9,元富-新店,2023-05-31,5922
2399,映泰,10,1,9,元富-新店,2023-05-31,5922
8932,智通*,9,0,9,元富-新店,2023-05-31,5922
6266,泰詠,13,5,8,元富-新店,2023-05-31,5922
6269,台郡,9,1,8,元富-新店,2023-05-31,5922
1218,泰山,10,3,7,元富-新店,2023-05-31,5922
3149,正達,7,0,7,元富-新店,2023-05-31,5922
6274,台燿,7,0,7,元富-新店,2023-05-31,5922
2801,彰銀,304,0,304,元富-新店,2023-06-01,5922
2303,聯電,244,2,242,元富-新店,2023-06-01,5922
2331,精英,54,5,49,元富-新店,2023-06-01,5922
4564,元翎,85,41,44,元富-新店,2023-06-01,5922
2323,中環,50,8,42,元富-新店,2023-06-01,5922
2892,第一金,41,0,41,元富-新店,2023-06-01,5922
5498,凱崴,57,20,37,元富-新店,2023-06-01,5922
00882,中信中國高股息,137,101,36,元富-新店,2023-06-01,5922
00679B,元大美債20年,36,0,36,元富-新店,2023-06-01,5922
6185,幃翔,35,0,35,元富-新店,2023-06-01,5922
2520,冠德,34,0,34,元富-新店,2023-06-01,5922
00751B,元大AAA至A公司債,34,0,34,元富-新店,2023-06-01,5922
00916,國泰全球品牌50,29,1,28,元富-新店,2023-06-01,5922
3037,欣興,33,5,28,元富-新店,2023-06-01,5922
6188,廣明,40,18,22,元富-新店,2023-06-01,5922
5302,太欣,48,26,22,元富-新店,2023-06-01,5922
1708,東鹼,22,0,22,元富-新店,2023-06-01,5922
6191,精成科,23,1,22,元富-新店,2023-06-01,5922
8271,宇瞻,27,6,21,元富-新店,2023-06-01,5922
0056,元大高股息,24,4,20,元富-新店,2023-06-01,5922
2454,聯發科,20,0,20,元富-新店,2023-06-01,5922
1616,億泰,19,0,19,元富-新店,2023-06-01,5922
1605,華新,25,7,18,元富-新店,2023-06-01,5922
1417,嘉裕,30,12,18,元富-新店,2023-06-01,5922
3013,晟銘電,61,44,17,元富-新店,2023-06-01,5922
2630,亞航,17,1,16,元富-新店,2023-06-01,5922
8930,青鋼,16,0,16,元富-新店,2023-06-01,5922
00680L,元大美債20正2,15,0,15,元富-新店,2023-06-01,5922
00720B,元大投資級公司債,15,0,15,元富-新店,2023-06-01,5922
2603,長榮,15,1,14,元富-新店,2023-06-01,5922
2344,華邦電,15,1,14,元富-新店,2023-06-01,5922
6288,聯嘉,13,0,13,元富-新店,2023-06-01,5922
00712,復華富時不動產,21,9,12,元富-新店,2023-06-01,5922
2605,新興,12,0,12,元富-新店,2023-06-01,5922
3673,TPK-KY,17,5,12,元富-新店,2023-06-01,5922
1907,永豐餘,14,2,12,元富-新店,2023-06-01,5922
6235,華孚,28,17,11,元富-新店,2023-06-01,5922
2484,希華,11,0,11,元富-新店,2023-06-01,5922
5608,四維航,11,0,11,元富-新店,2023-06-01,5922
2637,慧洋-KY,11,0,11,元富-新店,2023-06-01,5922
00885,富邦越南,10,0,10,元富-新店,2023-06-01,5922
4541,晟田,10,0,10,元富-新店,2023-06-01,5922
1906,寶隆,10,0,10,元富-新店,2023-06-01,5922
00722B,群益投資級電信債,10,0,10,元富-新店,2023-06-01,5922
4739,康普,9,0,9,元富-新店,2023-06-01,5922
00642U,期元大S＆P石油,11,2,9,元富-新店,2023-06-01,5922
2301,光寶科,9,0,9,元富-新店,2023-06-01,5922
5243,乙盛-KY,12,3,9,元富-新店,2023-06-01,5922
2204,中華,24,15,9,元富-新店,2023-06-01,5922
2913,農林,13,4,9,元富-新店,2023-06-01,5922
2888,新光金,903,7,896,元富-新店,2023-06-02,5922
2892,第一金,182,0,182,元富-新店,2023-06-02,5922
2324,仁寶,103,14,89,元富-新店,2023-06-02,5922
2337,旺宏,68,5,63,元富-新店,2023-06-02,5922
00919,群益台灣精選高息,56,0,56,元富-新店,2023-06-02,5922
00642U,期元大S＆P石油,50,0,50,元富-新店,2023-06-02,5922
3052,夆典,45,0,45,元富-新店,2023-06-02,5922
00679B,元大美債20年,47,6,41,元富-新店,2023-06-02,5922
6191,精成科,53,13,40,元富-新店,2023-06-02,5922
2388,威盛,70,32,38,元富-新店,2023-06-02,5922
2453,凌群,31,0,31,元富-新店,2023-06-02,5922
2801,彰銀,31,1,30,元富-新店,2023-06-02,5922
6185,幃翔,46,16,30,元富-新店,2023-06-02,5922
00670L,富邦NASDAQ正2,25,0,25,元富-新店,2023-06-02,5922
1609,大亞,62,38,24,元富-新店,2023-06-02,5922
1616,億泰,24,0,24,元富-新店,2023-06-02,5922
4533,協易機,23,0,23,元富-新店,2023-06-02,5922
1815,富喬,21,0,21,元富-新店,2023-06-02,5922
00680L,元大美債20正2,21,1,20,元富-新店,2023-06-02,5922
1218,泰山,20,0,20,元富-新店,2023-06-02,5922
9955,佳龍,20,0,20,元富-新店,2023-06-02,5922
8277,商丞,20,0,20,元富-新店,2023-06-02,5922
2332,友訊,22,3,19,元富-新店,2023-06-02,5922
8048,德勝,25,6,19,元富-新店,2023-06-02,5922
6277,宏正,14,0,14,元富-新店,2023-06-02,5922
4564,元翎,26,12,14,元富-新店,2023-06-02,5922
2610,華航,89,75,14,元富-新店,2023-06-02,5922
4979,華星光,125,112,13,元富-新店,2023-06-02,5922
3363,上詮,42,29,13,元富-新店,2023-06-02,5922
1909,榮成,13,0,13,元富-新店,2023-06-02,5922
4147,中裕,28,16,12,元富-新店,2023-06-02,5922
00712,復華富時不動產,21,9,12,元富-新店,2023-06-02,5922
00720B,元大投資級公司債,11,0,11,元富-新店,2023-06-02,5922
3025,星通,39,28,11,元富-新店,2023-06-02,5922
1584,精剛,11,0,11,元富-新店,2023-06-02,5922
1314,中石化,11,0,11,元富-新店,2023-06-02,5922
5009,榮剛,32,21,11,元富-新店,2023-06-02,5922
8390,金益鼎,11,0,11,元富-新店,2023-06-02,5922
8028,昇陽半導體,14,3,11,元富-新店,2023-06-02,5922
3265,台星科,12,1,11,元富-新店,2023-06-02,5922
1504,東元,96,85,11,元富-新店,2023-06-02,5922
3005,神基,10,0,10,元富-新店,2023-06-02,5922
6142,友勁,10,0,10,元富-新店,2023-06-02,5922
2913,農林,13,3,10,元富-新店,2023-06-02,5922
3003,健和興,12,2,10,元富-新店,2023-06-02,5922
3162,精確,10,0,10,元富-新店,2023-06-02,5922
8215,明基材,10,0,10,元富-新店,2023-06-02,5922
3037,欣興,23,13,10,元富-新店,2023-06-02,5922
8112,至上,12,3,9,元富-新店,2023-06-02,5922
1907,永豐餘,15,6,9,元富-新店,2023-06-02,5922
2888,新光金,366,141,225,元富-新店,2023-06-05,5922
00673R,期元大S＆P原油反1,200,0,200,元富-新店,2023-06-05,5922
00878,國泰永續高股息,104,7,97,元富-新店,2023-06-05,5922
3052,夆典,57,0,57,元富-新店,2023-06-05,5922
00720B,元大投資級公司債,43,4,39,元富-新店,2023-06-05,5922
00795B,中信美國公債20年,35,0,35,元富-新店,2023-06-05,5922
00679B,元大美債20年,32,0,32,元富-新店,2023-06-05,5922
1717,長興,30,0,30,元富-新店,2023-06-05,5922
3163,波若威,32,4,28,元富-新店,2023-06-05,5922
6282,康舒,47,19,28,元富-新店,2023-06-05,5922
3494,誠研,25,0,25,元富-新店,2023-06-05,5922
1905,華紙,61,38,23,元富-新店,2023-06-05,5922
4111,濟生,23,0,23,元富-新店,2023-06-05,5922
2353,宏��,26,4,22,元富-新店,2023-06-05,5922
6005,群益證,21,0,21,元富-新店,2023-06-05,5922
3049,精金,20,0,20,元富-新店,2023-06-05,5922
5521,工信,20,0,20,元富-新店,2023-06-05,5922
2340,台亞,20,1,19,元富-新店,2023-06-05,5922
2634,漢翔,32,13,19,元富-新店,2023-06-05,5922
2206,三陽工業,24,7,17,元富-新店,2023-06-05,5922
8932,智通*,17,0,17,元富-新店,2023-06-05,5922
2801,彰銀,16,0,16,元富-新店,2023-06-05,5922
2014,中鴻,19,3,16,元富-新店,2023-06-05,5922
1529,樂事綠能,47,32,15,元富-新店,2023-06-05,5922
1471,首利,15,0,15,元富-新店,2023-06-05,5922
3031,佰鴻,15,0,15,元富-新店,2023-06-05,5922
1442,名軒,15,0,15,元富-新店,2023-06-05,5922
2889,國票金,15,0,15,元富-新店,2023-06-05,5922
6191,精成科,14,0,14,元富-新店,2023-06-05,5922
2609,陽明,13,0,13,元富-新店,2023-06-05,5922
8016,矽創,15,3,12,元富-新店,2023-06-05,5922
00665L,富邦�琤肭磪囓�2,12,0,12,元富-新店,2023-06-05,5922
2303,聯電,14,2,12,元富-新店,2023-06-05,5922
00713,元大台灣高息低波,11,0,11,元富-新店,2023-06-05,5922
3540,曜越,12,1,11,元富-新店,2023-06-05,5922
1809,中釉,21,10,11,元富-新店,2023-06-05,5922
6277,宏正,11,0,11,元富-新店,2023-06-05,5922
4167,松瑞藥,11,0,11,元富-新店,2023-06-05,5922
6167,久正,11,0,11,元富-新店,2023-06-05,5922
2330,台積電,13,2,11,元富-新店,2023-06-05,5922
8926,台汽電,10,0,10,元富-新店,2023-06-05,5922
2867,三商壽,10,0,10,元富-新店,2023-06-05,5922
00680L,元大美債20正2,10,0,10,元富-新店,2023-06-05,5922
2484,希華,10,0,10,元富-新店,2023-06-05,5922
8418,捷必勝-KY,10,0,10,元富-新店,2023-06-05,5922
00916,國泰全球品牌50,10,0,10,元富-新店,2023-06-05,5922
6185,幃翔,11,1,10,元富-新店,2023-06-05,5922
8234,新漢,10,0,10,元富-新店,2023-06-05,5922
2453,凌群,10,0,10,元富-新店,2023-06-05,5922
2201,裕隆,42,32,10,元富-新店,2023-06-05,5922
5880,合庫金,451,1,450,元富-新店,2023-06-06,5922
2303,聯電,412,0,412,元富-新店,2023-06-06,5922
1609,大亞,564,299,265,元富-新店,2023-06-06,5922
2888,新光金,319,108,211,元富-新店,2023-06-06,5922
2498,宏達電,134,3,131,元富-新店,2023-06-06,5922
3481,群創,126,20,106,元富-新店,2023-06-06,5922
00720B,元大投資級公司債,65,1,64,元富-新店,2023-06-06,5922
1218,泰山,60,0,60,元富-新店,2023-06-06,5922
6185,幃翔,55,0,55,元富-新店,2023-06-06,5922
1605,華新,79,27,52,元富-新店,2023-06-06,5922
00679B,元大美債20年,47,1,46,元富-新店,2023-06-06,5922
00915,凱基優選高股息30,46,0,46,元富-新店,2023-06-06,5922
3052,夆典,52,6,46,元富-新店,2023-06-06,5922
2402,毅嘉,52,10,42,元富-新店,2023-06-06,5922
1460,宏遠,30,0,30,元富-新店,2023-06-06,5922
00921,兆豐龍頭等權重,30,0,30,元富-新店,2023-06-06,5922
1444,力麗,30,2,28,元富-新店,2023-06-06,5922
1905,華紙,122,94,28,元富-新店,2023-06-06,5922
00927,群益半導體收益,44,20,24,元富-新店,2023-06-06,5922
2457,飛宏,45,22,23,元富-新店,2023-06-06,5922
1584,精剛,26,3,23,元富-新店,2023-06-06,5922
00713,元大台灣高息低波,30,8,22,元富-新店,2023-06-06,5922
2421,建準,52,31,21,元富-新店,2023-06-06,5922
00878,國泰永續高股息,21,1,20,元富-新店,2023-06-06,5922
2634,漢翔,21,1,20,元富-新店,2023-06-06,5922
3042,晶技,20,0,20,元富-新店,2023-06-06,5922
8932,智通*,19,0,19,元富-新店,2023-06-06,5922
1904,正隆,20,1,19,元富-新店,2023-06-06,5922
6125,廣運,150,134,16,元富-新店,2023-06-06,5922
00919,群益台灣精選高息,16,0,16,元富-新店,2023-06-06,5922
5009,榮剛,18,2,16,元富-新店,2023-06-06,5922
3406,玉晶光,16,1,15,元富-新店,2023-06-06,5922
1409,新纖,14,1,13,元富-新店,2023-06-06,5922
3615,安可,13,0,13,元富-新店,2023-06-06,5922
2637,慧洋-KY,12,0,12,元富-新店,2023-06-06,5922
00795B,中信美國公債20年,12,0,12,元富-新店,2023-06-06,5922
2610,華航,45,33,12,元富-新店,2023-06-06,5922
3037,欣興,18,7,11,元富-新店,2023-06-06,5922
3564,其陽,11,0,11,元富-新店,2023-06-06,5922
00687B,國泰20年美債,11,0,11,元富-新店,2023-06-06,5922
1528,恩德,10,0,10,元富-新店,2023-06-06,5922
1909,榮成,20,10,10,元富-新店,2023-06-06,5922
2482,連宇,10,0,10,元富-新店,2023-06-06,5922
00882,中信中國高股息,16,6,10,元富-新店,2023-06-06,5922
5328,華容,10,0,10,元富-新店,2023-06-06,5922
5324,士開,10,0,10,元富-新店,2023-06-06,5922
2542,興富發,10,0,10,元富-新店,2023-06-06,5922
6435,大中,10,0,10,元富-新店,2023-06-06,5922
6485,點序,12,2,10,元富-新店,2023-06-06,5922
8210,勤誠,10,0,10,元富-新店,2023-06-06,5922
5880,合庫金,150,1,149,元富-新店,2023-06-07,5922
5258,虹堡,34,0,34,元富-新店,2023-06-07,5922
6125,廣運,73,41,32,元富-新店,2023-06-07,5922
00927,群益半導體收益,31,0,31,元富-新店,2023-06-07,5922
3325,旭品,38,7,31,元富-新店,2023-06-07,5922
0056,元大高股息,36,12,24,元富-新店,2023-06-07,5922
8222,寶一,34,11,23,元富-新店,2023-06-07,5922
8358,金居,28,5,23,元富-新店,2023-06-07,5922
4114,健喬,24,2,22,元富-新店,2023-06-07,5922
5608,四維航,21,0,21,元富-新店,2023-06-07,5922
6024,群益期,20,0,20,元富-新店,2023-06-07,5922
2352,佳世達,22,2,20,元富-新店,2023-06-07,5922
2399,映泰,20,1,19,元富-新店,2023-06-07,5922
2328,廣宇,20,1,19,元富-新店,2023-06-07,5922
4915,致伸,18,0,18,元富-新店,2023-06-07,5922
2331,精英,17,0,17,元富-新店,2023-06-07,5922
6282,康舒,130,115,15,元富-新店,2023-06-07,5922
1710,東聯,33,18,15,元富-新店,2023-06-07,5922
3710,連展投控,15,0,15,元富-新店,2023-06-07,5922
3021,鴻名,14,0,14,元富-新店,2023-06-07,5922
2457,飛宏,31,17,14,元富-新店,2023-06-07,5922
2312,金寶,16,2,14,元富-新店,2023-06-07,5922
2377,微星,24,11,13,元富-新店,2023-06-07,5922
1717,長興,13,0,13,元富-新店,2023-06-07,5922
1815,富喬,13,0,13,元富-新店,2023-06-07,5922
6244,茂迪,12,0,12,元富-新店,2023-06-07,5922
2402,毅嘉,13,1,12,元富-新店,2023-06-07,5922
8076,伍豐,15,3,12,元富-新店,2023-06-07,5922
6191,精成科,49,37,12,元富-新店,2023-06-07,5922
3078,僑威,25,13,12,元富-新店,2023-06-07,5922
3231,緯創,36,24,12,元富-新店,2023-06-07,5922
2882,國泰金,12,1,11,元富-新店,2023-06-07,5922
2542,興富發,11,0,11,元富-新店,2023-06-07,5922
00637L,元大滬深300正2,11,0,11,元富-新店,2023-06-07,5922
6185,幃翔,11,0,11,元富-新店,2023-06-07,5922
6269,台郡,11,0,11,元富-新店,2023-06-07,5922
8046,南電,16,6,10,元富-新店,2023-06-07,5922
1611,中電,10,0,10,元富-新店,2023-06-07,5922
00720B,元大投資級公司債,10,0,10,元富-新店,2023-06-07,5922
2302,麗正,10,0,10,元富-新店,2023-06-07,5922
1802,台玻,10,0,10,元富-新店,2023-06-07,5922
00915,凱基優選高股息30,10,0,10,元富-新店,2023-06-07,5922
1906,寶隆,10,0,10,元富-新店,2023-06-07,5922
2453,凌群,11,1,10,元富-新店,2023-06-07,5922
6266,泰詠,11,1,10,元富-新店,2023-06-07,5922
6546,正基,10,0,10,元富-新店,2023-06-07,5922
2482,連宇,10,1,9,元富-新店,2023-06-07,5922
3707,漢磊,11,2,9,元富-新店,2023-06-07,5922
3005,神基,9,0,9,元富-新店,2023-06-07,5922
3058,立德,9,0,9,元富-新店,2023-06-07,5922
00680L,元大美債20正2,120,0,120,元富-新店,2023-06-08,5922
2382,廣達,127,13,114,元富-新店,2023-06-08,5922
00772B,中信高評級公司債,85,0,85,元富-新店,2023-06-08,5922
00720B,元大投資級公司債,86,1,85,元富-新店,2023-06-08,5922
1605,華新,77,7,70,元富-新店,2023-06-08,5922
00902,中信電池及儲能,57,0,57,元富-新店,2023-06-08,5922
00919,群益台灣精選高息,55,0,55,元富-新店,2023-06-08,5922
1432,大魯閣,44,1,43,元富-新店,2023-06-08,5922
00679B,元大美債20年,42,1,41,元富-新店,2023-06-08,5922
00688L,國泰20年美債正2,41,0,41,元富-新店,2023-06-08,5922
2913,農林,44,5,39,元富-新店,2023-06-08,5922
6185,幃翔,36,0,36,元富-新店,2023-06-08,5922
2330,台積電,37,2,35,元富-新店,2023-06-08,5922
8932,智通*,32,0,32,元富-新店,2023-06-08,5922
1609,大亞,131,99,32,元富-新店,2023-06-08,5922
00687B,國泰20年美債,35,4,31,元富-新店,2023-06-08,5922
3025,星通,34,4,30,元富-新店,2023-06-08,5922
00751B,元大AAA至A公司債,24,0,24,元富-新店,2023-06-08,5922
1513,中興電,57,33,24,元富-新店,2023-06-08,5922
6285,啟��,35,12,23,元富-新店,2023-06-08,5922
3706,神達,23,0,23,元富-新店,2023-06-08,5922
2349,錸德,21,0,21,元富-新店,2023-06-08,5922
2331,精英,21,0,21,元富-新店,2023-06-08,5922
6187,萬潤,29,9,20,元富-新店,2023-06-08,5922
2609,陽明,40,20,20,元富-新店,2023-06-08,5922
3021,鴻名,20,0,20,元富-新店,2023-06-08,5922
3308,聯德,26,6,20,元富-新店,2023-06-08,5922
8277,商丞,20,0,20,元富-新店,2023-06-08,5922
6266,泰詠,19,0,19,元富-新店,2023-06-08,5922
5328,華容,17,0,17,元富-新店,2023-06-08,5922
4533,協易機,16,0,16,元富-新店,2023-06-08,5922
3374,精材,31,15,16,元富-新店,2023-06-08,5922
3628,盈正,15,0,15,元富-新店,2023-06-08,5922
4915,致伸,15,0,15,元富-新店,2023-06-08,5922
4994,傳奇,15,0,15,元富-新店,2023-06-08,5922
3363,上詮,15,1,14,元富-新店,2023-06-08,5922
1514,亞力,52,39,13,元富-新店,2023-06-08,5922
5498,凱崴,13,0,13,元富-新店,2023-06-08,5922
6282,康舒,24,11,13,元富-新店,2023-06-08,5922
2889,國票金,12,0,12,元富-新店,2023-06-08,5922
2338,光罩,15,3,12,元富-新店,2023-06-08,5922
2332,友訊,16,4,12,元富-新店,2023-06-08,5922
4961,天鈺,13,1,12,元富-新店,2023-06-08,5922
6114,久威,12,0,12,元富-新店,2023-06-08,5922
5439,高技,12,0,12,元富-新店,2023-06-08,5922
2344,華邦電,28,16,12,元富-新店,2023-06-08,5922
2458,義隆,15,3,12,元富-新店,2023-06-08,5922
6129,普誠,11,0,11,元富-新店,2023-06-08,5922
8358,金居,11,0,11,元富-新店,2023-06-08,5922
0056,元大高股息,24,14,10,元富-新店,2023-06-08,5922
00878,國泰永續高股息,75,19,56,元富-新店,2023-06-09,5922
3021,鴻名,59,7,52,元富-新店,2023-06-09,5922
2331,精英,67,16,51,元富-新店,2023-06-09,5922
6266,泰詠,52,6,46,元富-新店,2023-06-09,5922
1504,東元,65,24,41,元富-新店,2023-06-09,5922
5512,力麒,40,0,40,元富-新店,2023-06-09,5922
2421,建準,76,37,39,元富-新店,2023-06-09,5922
2880,華南金,37,0,37,元富-新店,2023-06-09,5922
4915,致伸,35,0,35,元富-新店,2023-06-09,5922
1612,宏泰,31,0,31,元富-新店,2023-06-09,5922
6664,群翊,31,0,31,元富-新店,2023-06-09,5922
1218,泰山,31,1,30,元富-新店,2023-06-09,5922
1609,大亞,185,155,30,元富-新店,2023-06-09,5922
1533,車王電,35,6,29,元富-新店,2023-06-09,5922
2618,長榮航,38,12,26,元富-新店,2023-06-09,5922
6770,力積電,25,0,25,元富-新店,2023-06-09,5922
6185,幃翔,21,0,21,元富-新店,2023-06-09,5922
8222,寶一,23,2,21,元富-新店,2023-06-09,5922
6125,廣運,48,28,20,元富-新店,2023-06-09,5922
6441,廣錠,35,15,20,元富-新店,2023-06-09,5922
2388,威盛,32,12,20,元富-新店,2023-06-09,5922
2344,華邦電,37,18,19,元富-新店,2023-06-09,5922
00671R,富邦NASDAQ反1,20,1,19,元富-新店,2023-06-09,5922
2630,亞航,57,39,18,元富-新店,2023-06-09,5922
2027,大成鋼,22,5,17,元富-新店,2023-06-09,5922
6435,大中,16,0,16,元富-新店,2023-06-09,5922
0056,元大高股息,16,1,15,元富-新店,2023-06-09,5922
3252,海灣,22,8,14,元富-新店,2023-06-09,5922
3025,星通,16,3,13,元富-新店,2023-06-09,5922
5469,瀚宇博,23,10,13,元富-新店,2023-06-09,5922
2312,金寶,27,15,12,元富-新店,2023-06-09,5922
8049,晶采,13,1,12,元富-新店,2023-06-09,5922
2603,長榮,11,0,11,元富-新店,2023-06-09,5922
00919,群益台灣精選高息,12,1,11,元富-新店,2023-06-09,5922
2801,彰銀,16,5,11,元富-新店,2023-06-09,5922
5608,四維航,11,0,11,元富-新店,2023-06-09,5922
5289,宜鼎,11,0,11,元富-新店,2023-06-09,5922
00923,群益台ESG低碳50,10,0,10,元富-新店,2023-06-09,5922
1608,華榮,13,3,10,元富-新店,2023-06-09,5922
00720B,元大投資級公司債,10,0,10,元富-新店,2023-06-09,5922
2406,國碩,10,0,10,元富-新店,2023-06-09,5922
4934,太極,10,0,10,元富-新店,2023-06-09,5922
6163,華電網,10,0,10,元富-新店,2023-06-09,5922
4111,濟生,10,0,10,元富-新店,2023-06-09,5922
2449,京元電子,21,11,10,元富-新店,2023-06-09,5922
4909,新復興,10,0,10,元富-新店,2023-06-09,5922
9927,泰銘,10,0,10,元富-新店,2023-06-09,5922
3481,群創,10,0,10,元富-新店,2023-06-09,5922
2497,怡利電,13,4,9,元富-新店,2023-06-09,5922
1419,新紡,10,1,9,元富-新店,2023-06-09,5922
2498,宏達電,320,21,299,元富-新店,2023-06-12,5922
2888,新光金,494,241,253,元富-新店,2023-06-12,5922
00919,群益台灣精選高息,124,17,107,元富-新店,2023-06-12,5922
2323,中環,106,9,97,元富-新店,2023-06-12,5922
020022,元大電動車N,75,0,75,元富-新店,2023-06-12,5922
00715L,期街口布蘭特正2,53,0,53,元富-新店,2023-06-12,5922
00929,復華台灣科技優息,119,69,50,元富-新店,2023-06-12,5922
5425,台半,66,17,49,元富-新店,2023-06-12,5922
2515,中工,45,0,45,元富-新店,2023-06-12,5922
2884,玉山金,43,0,43,元富-新店,2023-06-12,5922
00632R,元大台灣50反1,60,20,40,元富-新店,2023-06-12,5922
3374,精材,62,23,39,元富-新店,2023-06-12,5922
2302,麗正,35,0,35,元富-新店,2023-06-12,5922
2332,友訊,38,6,32,元富-新店,2023-06-12,5922
3058,立德,28,0,28,元富-新店,2023-06-12,5922
2882,國泰金,29,3,26,元富-新店,2023-06-12,5922
3481,群創,190,166,24,元富-新店,2023-06-12,5922
2331,精英,25,1,24,元富-新店,2023-06-12,5922
3704,合勤控,24,0,24,元富-新店,2023-06-12,5922
2312,金寶,26,4,22,元富-新店,2023-06-12,5922
1815,富喬,35,13,22,元富-新店,2023-06-12,5922
2402,毅嘉,35,13,22,元富-新店,2023-06-12,5922
5536,聖暉*,20,0,20,元富-新店,2023-06-12,5922
8084,巨虹,20,1,19,元富-新店,2023-06-12,5922
5009,榮剛,35,16,19,元富-新店,2023-06-12,5922
3032,偉訓,19,3,16,元富-新店,2023-06-12,5922
6282,康舒,19,4,15,元富-新店,2023-06-12,5922
1799,易威,15,0,15,元富-新店,2023-06-12,5922
9902,台火,15,0,15,元富-新店,2023-06-12,5922
6166,凌華,14,0,14,元富-新店,2023-06-12,5922
2618,長榮航,55,41,14,元富-新店,2023-06-12,5922
1609,大亞,40,27,13,元富-新店,2023-06-12,5922
1460,宏遠,13,0,13,元富-新店,2023-06-12,5922
6789,采鈺,18,5,13,元富-新店,2023-06-12,5922
00882,中信中國高股息,12,0,12,元富-新店,2023-06-12,5922
3308,聯德,12,0,12,元富-新店,2023-06-12,5922
6470,宇智,13,1,12,元富-新店,2023-06-12,5922
2723,美食-KY,14,2,12,元富-新店,2023-06-12,5922
00923,群益台ESG低碳50,12,1,11,元富-新店,2023-06-12,5922
2482,連宇,14,3,11,元富-新店,2023-06-12,5922
5608,四維航,11,0,11,元富-新店,2023-06-12,5922
4938,和碩,11,0,11,元富-新店,2023-06-12,5922
3128,昇銳,15,5,10,元富-新店,2023-06-12,5922
4121,優盛,10,0,10,元富-新店,2023-06-12,5922
4754,國碳科,10,0,10,元富-新店,2023-06-12,5922
3231,緯創,40,30,10,元富-新店,2023-06-12,5922
6510,精測,10,0,10,元富-新店,2023-06-12,5922
4967,十銓,10,0,10,元富-新店,2023-06-12,5922
8222,寶一,11,1,10,元富-新店,2023-06-12,5922
8938,明安,10,0,10,元富-新店,2023-06-12,5922
2885,元大金,600,0,600,元富-新店,2023-06-13,5922
2888,新光金,484,13,471,元富-新店,2023-06-13,5922
00715L,期街口布蘭特正2,298,0,298,元富-新店,2023-06-13,5922
1734,杏輝,91,0,91,元富-新店,2023-06-13,5922
00632R,元大台灣50反1,108,20,88,元富-新店,2023-06-13,5922
00712,復華富時不動產,102,17,85,元富-新店,2023-06-13,5922
00679B,元大美債20年,78,5,73,元富-新店,2023-06-13,5922
1218,泰山,71,0,71,元富-新店,2023-06-13,5922
5498,凱崴,57,0,57,元富-新店,2023-06-13,5922
00919,群益台灣精選高息,45,1,44,元富-新店,2023-06-13,5922
3052,夆典,54,10,44,元富-新店,2023-06-13,5922
2363,矽統,28,0,28,元富-新店,2023-06-13,5922
1444,力麗,27,0,27,元富-新店,2023-06-13,5922
6821,聯寶,27,0,27,元富-新店,2023-06-13,5922
2883,凱基金,25,0,25,元富-新店,2023-06-13,5922
1504,東元,24,2,22,元富-新店,2023-06-13,5922
2890,永豐金,22,0,22,元富-新店,2023-06-13,5922
8087,麗升能源,21,0,21,元富-新店,2023-06-13,5922
6111,大宇資,20,0,20,元富-新店,2023-06-13,5922
3710,連展投控,19,0,19,元富-新店,2023-06-13,5922
6290,良維,20,1,19,元富-新店,2023-06-13,5922
3707,漢磊,27,9,18,元富-新店,2023-06-13,5922
4207,環泰,18,0,18,元富-新店,2023-06-13,5922
2353,宏��,19,2,17,元富-新店,2023-06-13,5922
00670L,富邦NASDAQ正2,17,0,17,元富-新店,2023-06-13,5922
3231,緯創,31,14,17,元富-新店,2023-06-13,5922
5439,高技,17,0,17,元富-新店,2023-06-13,5922
2331,精英,17,0,17,元富-新店,2023-06-13,5922
2474,可成,16,0,16,元富-新店,2023-06-13,5922
1707,葡萄王,15,0,15,元富-新店,2023-06-13,5922
2101,南港,15,0,15,元富-新店,2023-06-13,5922
1799,易威,15,0,15,元富-新店,2023-06-13,5922
2323,中環,81,67,14,元富-新店,2023-06-13,5922
1609,大亞,27,13,14,元富-新店,2023-06-13,5922
4111,濟生,15,2,13,元富-新店,2023-06-13,5922
5425,台半,18,5,13,元富-新店,2023-06-13,5922
6456,GIS-KY,13,0,13,元富-新店,2023-06-13,5922
2881,富邦金,14,2,12,元富-新店,2023-06-13,5922
8033,雷虎,12,0,12,元富-新店,2023-06-13,5922
3178,公準,11,0,11,元富-新店,2023-06-13,5922
8358,金居,12,1,11,元富-新店,2023-06-13,5922
00687B,國泰20年美債,11,0,11,元富-新店,2023-06-13,5922
6245,立端,17,6,11,元富-新店,2023-06-13,5922
2332,友訊,11,0,11,元富-新店,2023-06-13,5922
3481,群創,15,5,10,元富-新店,2023-06-13,5922
3551,世禾,10,0,10,元富-新店,2023-06-13,5922
8932,智通*,10,0,10,元富-新店,2023-06-13,5922
5347,世界,16,6,10,元富-新店,2023-06-13,5922
3617,碩天,20,10,10,元富-新店,2023-06-13,5922
1591,駿吉-KY,10,0,10,元富-新店,2023-06-13,5922
2888,新光金,366,0,366,元富-新店,2023-06-14,5922
2486,一詮,203,3,200,元富-新店,2023-06-14,5922
00679B,元大美債20年,229,57,172,元富-新店,2023-06-14,5922
00712,復華富時不動產,153,21,132,元富-新店,2023-06-14,5922
1301,台塑,90,4,86,元富-新店,2023-06-14,5922
00772B,中信高評級公司債,68,0,68,元富-新店,2023-06-14,5922
00919,群益台灣精選高息,75,10,65,元富-新店,2023-06-14,5922
2308,台達電,57,6,51,元富-新店,2023-06-14,5922
6288,聯嘉,50,0,50,元富-新店,2023-06-14,5922
2886,兆豐金,47,0,47,元富-新店,2023-06-14,5922
4207,環泰,40,0,40,元富-新店,2023-06-14,5922
2330,台積電,36,4,32,元富-新店,2023-06-14,5922
1326,台化,51,20,31,元富-新店,2023-06-14,5922
2323,中環,53,23,30,元富-新店,2023-06-14,5922
00669R,國泰美國道瓊反1,30,0,30,元富-新店,2023-06-14,5922
00929,復華台灣科技優息,30,0,30,元富-新店,2023-06-14,5922
1101,台泥,31,5,26,元富-新店,2023-06-14,5922
2449,京元電子,35,10,25,元富-新店,2023-06-14,5922
1611,中電,47,26,21,元富-新店,2023-06-14,5922
6167,久正,35,14,21,元富-新店,2023-06-14,5922
8222,寶一,27,7,20,元富-新店,2023-06-14,5922
4106,雃博,20,0,20,元富-新店,2023-06-14,5922
2002,中鋼,25,6,19,元富-新店,2023-06-14,5922
00882,中信中國高股息,19,0,19,元富-新店,2023-06-14,5922
00720B,元大投資級公司債,19,0,19,元富-新店,2023-06-14,5922
2497,怡利電,20,2,18,元富-新店,2023-06-14,5922
6111,大宇資,20,2,18,元富-新店,2023-06-14,5922
00751B,元大AAA至A公司債,18,0,18,元富-新店,2023-06-14,5922
3260,威剛,23,6,17,元富-新店,2023-06-14,5922
5905,南仁湖,16,0,16,元富-新店,2023-06-14,5922
6285,啟��,16,0,16,元富-新店,2023-06-14,5922
2705,六福,18,2,16,元富-新店,2023-06-14,5922
0056,元大高股息,21,5,16,元富-新店,2023-06-14,5922
6282,康舒,19,4,15,元富-新店,2023-06-14,5922
2356,英業達,125,110,15,元富-新店,2023-06-14,5922
3362,先進光,16,1,15,元富-新店,2023-06-14,5922
2890,永豐金,15,0,15,元富-新店,2023-06-14,5922
5258,虹堡,90,76,14,元富-新店,2023-06-14,5922
2405,輔信,14,1,13,元富-新店,2023-06-14,5922
2436,偉詮電,12,0,12,元富-新店,2023-06-14,5922
6535,順藥,12,0,12,元富-新店,2023-06-14,5922
2332,友訊,15,3,12,元富-新店,2023-06-14,5922
5291,邑昇,12,0,12,元富-新店,2023-06-14,5922
2498,宏達電,12,0,12,元富-新店,2023-06-14,5922
5388,中磊,13,1,12,元富-新店,2023-06-14,5922
00795B,中信美國公債20年,12,0,12,元富-新店,2023-06-14,5922
2883,凱基金,12,0,12,元富-新店,2023-06-14,5922
2427,三商電,13,2,11,元富-新店,2023-06-14,5922
3363,上詮,36,25,11,元富-新店,2023-06-14,5922
2355,敬鵬,11,0,11,元富-新店,2023-06-14,5922
00720B,元大投資級公司債,108,0,108,元富-新店,2023-06-15,5922
2888,新光金,140,37,103,元富-新店,2023-06-15,5922
4207,環泰,90,30,60,元富-新店,2023-06-15,5922
00919,群益台灣精選高息,60,1,59,元富-新店,2023-06-15,5922
00712,復華富時不動產,56,4,52,元富-新店,2023-06-15,5922
2618,長榮航,184,132,52,元富-新店,2023-06-15,5922
6282,康舒,54,6,48,元富-新店,2023-06-15,5922
00878,國泰永續高股息,62,18,44,元富-新店,2023-06-15,5922
5608,四維航,37,0,37,元富-新店,2023-06-15,5922
00882,中信中國高股息,37,0,37,元富-新店,2023-06-15,5922
00772B,中信高評級公司債,36,1,35,元富-新店,2023-06-15,5922
2883,凱基金,32,1,31,元富-新店,2023-06-15,5922
2369,菱生,35,4,31,元富-新店,2023-06-15,5922
00713,元大台灣高息低波,31,1,30,元富-新店,2023-06-15,5922
3033,威健,37,8,29,元富-新店,2023-06-15,5922
2454,聯發科,30,1,29,元富-新店,2023-06-15,5922
00679B,元大美債20年,28,0,28,元富-新店,2023-06-15,5922
2363,矽統,27,0,27,元富-新店,2023-06-15,5922
2890,永豐金,28,1,27,元富-新店,2023-06-15,5922
1786,科妍,25,1,24,元富-新店,2023-06-15,5922
2208,台船,22,0,22,元富-新店,2023-06-15,5922
3128,昇銳,38,17,21,元富-新店,2023-06-15,5922
2385,群光,21,0,21,元富-新店,2023-06-15,5922
00890B,凱基ESG BBB債,20,0,20,元富-新店,2023-06-15,5922
4906,正文,20,0,20,元富-新店,2023-06-15,5922
6213,聯茂,19,0,19,元富-新店,2023-06-15,5922
1802,台玻,46,27,19,元富-新店,2023-06-15,5922
6505,台塑化,19,0,19,元富-新店,2023-06-15,5922
2603,長榮,23,4,19,元富-新店,2023-06-15,5922
3576,聯合再生,18,0,18,元富-新店,2023-06-15,5922
2605,新興,20,2,18,元富-新店,2023-06-15,5922
2471,資通,49,32,17,元富-新店,2023-06-15,5922
2102,泰豐,16,0,16,元富-新店,2023-06-15,5922
2332,友訊,20,4,16,元富-新店,2023-06-15,5922
2352,佳世達,31,17,14,元富-新店,2023-06-15,5922
2414,精技,14,0,14,元富-新店,2023-06-15,5922
2449,京元電子,19,5,14,元富-新店,2023-06-15,5922
4967,十銓,18,4,14,元富-新店,2023-06-15,5922
2049,上銀,14,0,14,元富-新店,2023-06-15,5922
3710,連展投控,13,0,13,元富-新店,2023-06-15,5922
3058,立德,14,1,13,元富-新店,2023-06-15,5922
8050,廣積,13,0,13,元富-新店,2023-06-15,5922
2482,連宇,44,31,13,元富-新店,2023-06-15,5922
1799,易威,12,0,12,元富-新店,2023-06-15,5922
5328,華容,12,0,12,元富-新店,2023-06-15,5922
6274,台燿,12,0,12,元富-新店,2023-06-15,5922
1905,華紙,29,17,12,元富-新店,2023-06-15,5922
0056,元大高股息,30,18,12,元富-新店,2023-06-15,5922
8926,台汽電,15,4,11,元富-新店,2023-06-15,5922
006208,富邦台50,11,0,11,元富-新店,2023-06-15,5922
2486,一詮,202,0,202,元富-新店,2023-06-16,5922
2303,聯電,167,15,152,元富-新店,2023-06-16,5922
3481,群創,126,1,125,元富-新店,2023-06-16,5922
00919,群益台灣精選高息,130,5,125,元富-新店,2023-06-16,5922
1504,東元,156,53,103,元富-新店,2023-06-16,5922
1710,東聯,108,11,97,元富-新店,2023-06-16,5922
4207,環泰,73,0,73,元富-新店,2023-06-16,5922
2618,長榮航,166,104,62,元富-新店,2023-06-16,5922
5498,凱崴,60,0,60,元富-新店,2023-06-16,5922
1752,南光,57,0,57,元富-新店,2023-06-16,5922
020022,元大電動車N,57,0,57,元富-新店,2023-06-16,5922
2308,台達電,71,16,55,元富-新店,2023-06-16,5922
2359,所羅門,64,11,53,元富-新店,2023-06-16,5922
2883,凱基金,38,2,36,元富-新店,2023-06-16,5922
4111,濟生,35,0,35,元富-新店,2023-06-16,5922
2312,金寶,78,44,34,元富-新店,2023-06-16,5922
6443,元晶,37,4,33,元富-新店,2023-06-16,5922
1301,台塑,31,0,31,元富-新店,2023-06-16,5922
3432,台端,30,0,30,元富-新店,2023-06-16,5922
00885,富邦越南,31,2,29,元富-新店,2023-06-16,5922
1432,大魯閣,30,2,28,元富-新店,2023-06-16,5922
3706,神達,196,169,27,元富-新店,2023-06-16,5922
2610,華航,412,387,25,元富-新店,2023-06-16,5922
2331,精英,24,0,24,元富-新店,2023-06-16,5922
6806,森崴能源,37,16,21,元富-新店,2023-06-16,5922
00751B,元大AAA至A公司債,22,1,21,元富-新店,2023-06-16,5922
6274,台燿,20,0,20,元富-新店,2023-06-16,5922
5905,南仁湖,20,0,20,元富-新店,2023-06-16,5922
6122,擎邦,20,0,20,元富-新店,2023-06-16,5922
2392,正崴,20,0,20,元富-新店,2023-06-16,5922
2867,三商壽,20,0,20,元富-新店,2023-06-16,5922
6505,台塑化,20,0,20,元富-新店,2023-06-16,5922
2102,泰豐,20,0,20,元富-新店,2023-06-16,5922
5425,台半,20,2,18,元富-新店,2023-06-16,5922
3078,僑威,42,24,18,元富-新店,2023-06-16,5922
2352,佳世達,33,16,17,元富-新店,2023-06-16,5922
3380,明泰,20,3,17,元富-新店,2023-06-16,5922
8112,至上,15,0,15,元富-新店,2023-06-16,5922
2201,裕隆,69,54,15,元富-新店,2023-06-16,5922
5465,富驊,22,8,14,元富-新店,2023-06-16,5922
2332,友訊,22,8,14,元富-新店,2023-06-16,5922
8222,寶一,14,0,14,元富-新店,2023-06-16,5922
2317,鴻海,24,10,14,元富-新店,2023-06-16,5922
2368,金像電,20,7,13,元富-新店,2023-06-16,5922
8076,伍豐,16,3,13,元富-新店,2023-06-16,5922
2457,飛宏,14,1,13,元富-新店,2023-06-16,5922
2371,大同,157,144,13,元富-新店,2023-06-16,5922
3022,威強電,17,5,12,元富-新店,2023-06-16,5922
1786,科妍,12,0,12,元富-新店,2023-06-16,5922
6248,沛波,12,0,12,元富-新店,2023-06-16,5922
3481,群創,528,138,390,元富-新店,2023-06-19,5922
2303,聯電,152,2,150,元富-新店,2023-06-19,5922
2888,新光金,140,3,137,元富-新店,2023-06-19,5922
3024,憶聲,101,3,98,元富-新店,2023-06-19,5922
1605,華新,124,30,94,元富-新店,2023-06-19,5922
2020,美亞,80,0,80,元富-新店,2023-06-19,5922
2104,國際中橡,73,8,65,元富-新店,2023-06-19,5922
00720B,元大投資級公司債,64,0,64,元富-新店,2023-06-19,5922
8070,長華*,51,0,51,元富-新店,2023-06-19,5922
3033,威健,49,1,48,元富-新店,2023-06-19,5922
6111,大宇資,46,4,42,元富-新店,2023-06-19,5922
2353,宏��,45,5,40,元富-新店,2023-06-19,5922
1103,嘉泥,42,2,40,元富-新店,2023-06-19,5922
00637L,元大滬深300正2,40,5,35,元富-新店,2023-06-19,5922
6821,聯寶,34,0,34,元富-新店,2023-06-19,5922
1720,生達,31,0,31,元富-新店,2023-06-19,5922
00921,兆豐龍頭等權重,30,0,30,元富-新店,2023-06-19,5922
2421,建準,48,19,29,元富-新店,2023-06-19,5922
9907,統一實,29,0,29,元富-新店,2023-06-19,5922
2401,凌陽,37,11,26,元富-新店,2023-06-19,5922
2504,國產,26,0,26,元富-新店,2023-06-19,5922
00893,國泰智能電動車,23,0,23,元富-新店,2023-06-19,5922
3038,全台,23,1,22,元富-新店,2023-06-19,5922
2356,英業達,86,64,22,元富-新店,2023-06-19,5922
3512,皇龍,22,0,22,元富-新店,2023-06-19,5922
6116,彩晶,54,33,21,元富-新店,2023-06-19,5922
5706,鳳凰,34,13,21,元富-新店,2023-06-19,5922
6244,茂迪,20,0,20,元富-新店,2023-06-19,5922
2618,長榮航,113,93,20,元富-新店,2023-06-19,5922
2414,精技,19,0,19,元富-新店,2023-06-19,5922
8213,志超,19,0,19,元富-新店,2023-06-19,5922
3231,緯創,26,7,19,元富-新店,2023-06-19,5922
00713,元大台灣高息低波,17,0,17,元富-新店,2023-06-19,5922
1519,華城,32,15,17,元富-新店,2023-06-19,5922
6120,達運,30,14,16,元富-新店,2023-06-19,5922
3171,炎洲流通,15,0,15,元富-新店,2023-06-19,5922
2603,長榮,22,7,15,元富-新店,2023-06-19,5922
2014,中鴻,18,4,14,元富-新店,2023-06-19,5922
8271,宇瞻,20,7,13,元富-新店,2023-06-19,5922
2337,旺宏,12,0,12,元富-新店,2023-06-19,5922
4114,健喬,12,0,12,元富-新店,2023-06-19,5922
4207,環泰,11,0,11,元富-新店,2023-06-19,5922
6282,康舒,11,0,11,元富-新店,2023-06-19,5922
3265,台星科,11,0,11,元富-新店,2023-06-19,5922
6589,台康生技,11,0,11,元富-新店,2023-06-19,5922
3707,漢磊,11,0,11,元富-新店,2023-06-19,5922
3078,僑威,10,0,10,元富-新店,2023-06-19,5922
1608,華榮,10,0,10,元富-新店,2023-06-19,5922
00923,群益台ESG低碳50,10,0,10,元富-新店,2023-06-19,5922
3013,晟銘電,13,3,10,元富-新店,2023-06-19,5922
2303,聯電,154,7,147,元富-新店,2023-06-20,5922
00720B,元大投資級公司債,121,0,121,元富-新店,2023-06-20,5922
00706L,期元大S＆P日圓正2,100,0,100,元富-新店,2023-06-20,5922
1513,中興電,78,29,49,元富-新店,2023-06-20,5922
00929,復華台灣科技優息,47,0,47,元富-新店,2023-06-20,5922
3024,憶聲,47,2,45,元富-新店,2023-06-20,5922
2454,聯發科,48,9,39,元富-新店,2023-06-20,5922
4207,環泰,49,10,39,元富-新店,2023-06-20,5922
2486,一詮,41,3,38,元富-新店,2023-06-20,5922
1802,台玻,37,1,36,元富-新店,2023-06-20,5922
2330,台積電,43,10,33,元富-新店,2023-06-20,5922
2409,友達,50,20,30,元富-新店,2023-06-20,5922
2610,華航,69,40,29,元富-新店,2023-06-20,5922
00921,兆豐龍頭等權重,27,0,27,元富-新店,2023-06-20,5922
3260,威剛,35,13,22,元富-新店,2023-06-20,5922
2606,裕民,20,0,20,元富-新店,2023-06-20,5922
3706,神達,24,4,20,元富-新店,2023-06-20,5922
1506,正道,20,0,20,元富-新店,2023-06-20,5922
3052,夆典,19,0,19,元富-新店,2023-06-20,5922
1786,科妍,19,1,18,元富-新店,2023-06-20,5922
3025,星通,24,6,18,元富-新店,2023-06-20,5922
6191,精成科,27,10,17,元富-新店,2023-06-20,5922
8105,凌巨,19,3,16,元富-新店,2023-06-20,5922
00919,群益台灣精選高息,14,0,14,元富-新店,2023-06-20,5922
2356,英業達,43,30,13,元富-新店,2023-06-20,5922
2352,佳世達,14,1,13,元富-新店,2023-06-20,5922
2358,廷鑫,12,0,12,元富-新店,2023-06-20,5922
00772B,中信高評級公司債,12,0,12,元富-新店,2023-06-20,5922
2359,所羅門,12,0,12,元富-新店,2023-06-20,5922
6125,廣運,11,0,11,元富-新店,2023-06-20,5922
3071,協禧,13,3,10,元富-新店,2023-06-20,5922
3217,優群,11,1,10,元富-新店,2023-06-20,5922
6127,九豪,10,0,10,元富-新店,2023-06-20,5922
5512,力麒,10,0,10,元富-新店,2023-06-20,5922
3479,安勤,10,0,10,元富-新店,2023-06-20,5922
2867,三商壽,10,0,10,元富-新店,2023-06-20,5922
8049,晶采,10,0,10,元富-新店,2023-06-20,5922
6129,普誠,10,0,10,元富-新店,2023-06-20,5922
1808,潤隆,10,0,10,元富-新店,2023-06-20,5922
2498,宏達電,10,0,10,元富-新店,2023-06-20,5922
3033,威健,13,3,10,元富-新店,2023-06-20,5922
2483,百容,10,0,10,元富-新店,2023-06-20,5922
5222,全訊,14,5,9,元富-新店,2023-06-20,5922
8222,寶一,21,12,9,元富-新店,2023-06-20,5922
6441,廣錠,10,1,9,元富-新店,2023-06-20,5922
2105,正新,11,2,9,元富-新店,2023-06-20,5922
2317,鴻海,12,4,8,元富-新店,2023-06-20,5922
00882,中信中國高股息,8,0,8,元富-新店,2023-06-20,5922
3564,其陽,11,4,7,元富-新店,2023-06-20,5922
6124,業強,7,0,7,元富-新店,2023-06-20,5922
2382,廣達,278,149,129,元富-新店,2023-06-21,5922
2458,義隆,80,1,79,元富-新店,2023-06-21,5922
00720B,元大投資級公司債,72,4,68,元富-新店,2023-06-21,5922
8261,富鼎,60,0,60,元富-新店,2023-06-21,5922
8234,新漢,60,1,59,元富-新店,2023-06-21,5922
2609,陽明,47,2,45,元富-新店,2023-06-21,5922
2634,漢翔,82,41,41,元富-新店,2023-06-21,5922
5425,台半,46,8,38,元富-新店,2023-06-21,5922
2913,農林,38,1,37,元富-新店,2023-06-21,5922
6120,達運,105,75,30,元富-新店,2023-06-21,5922
1609,大亞,32,3,29,元富-新店,2023-06-21,5922
2337,旺宏,30,1,29,元富-新店,2023-06-21,5922
6191,精成科,67,39,28,元富-新店,2023-06-21,5922
2371,大同,65,40,25,元富-新店,2023-06-21,5922
2603,長榮,29,5,24,元富-新店,2023-06-21,5922
2610,華航,49,25,24,元富-新店,2023-06-21,5922
2498,宏達電,21,0,21,元富-新店,2023-06-21,5922
2356,英業達,49,31,18,元富-新店,2023-06-21,5922
6589,台康生技,20,2,18,元富-新店,2023-06-21,5922
2888,新光金,17,0,17,元富-新店,2023-06-21,5922
2504,國產,17,0,17,元富-新店,2023-06-21,5922
3013,晟銘電,32,15,17,元富-新店,2023-06-21,5922
2889,國票金,15,0,15,元富-新店,2023-06-21,5922
6509,聚和,15,0,15,元富-新店,2023-06-21,5922
2520,冠德,15,0,15,元富-新店,2023-06-21,5922
1605,華新,14,0,14,元富-新店,2023-06-21,5922
3705,永信,14,0,14,元富-新店,2023-06-21,5922
6170,統振,14,0,14,元富-新店,2023-06-21,5922
6290,良維,15,1,14,元富-新店,2023-06-21,5922
6243,迅杰,16,2,14,元富-新店,2023-06-21,5922
2323,中環,190,177,13,元富-新店,2023-06-21,5922
3363,上詮,13,0,13,元富-新店,2023-06-21,5922
4114,健喬,17,5,12,元富-新店,2023-06-21,5922
3252,海灣,23,12,11,元富-新店,2023-06-21,5922
8222,寶一,11,0,11,元富-新店,2023-06-21,5922
00632R,元大台灣50反1,11,0,11,元富-新店,2023-06-21,5922
00927,群益半導體收益,10,0,10,元富-新店,2023-06-21,5922
1477,聚陽,10,0,10,元富-新店,2023-06-21,5922
1444,力麗,10,0,10,元富-新店,2023-06-21,5922
2104,國際中橡,10,0,10,元富-新店,2023-06-21,5922
3711,日月光投控,10,0,10,元富-新店,2023-06-21,5922
6441,廣錠,10,0,10,元富-新店,2023-06-21,5922
2637,慧洋-KY,10,0,10,元富-新店,2023-06-21,5922
8087,麗升能源,10,0,10,元富-新店,2023-06-21,5922
3209,全科,10,0,10,元富-新店,2023-06-21,5922
3693,營邦,13,4,9,元富-新店,2023-06-21,5922
6112,邁達特,29,20,9,元富-新店,2023-06-21,5922
6435,大中,9,0,9,元富-新店,2023-06-21,5922
2388,威盛,13,4,9,元富-新店,2023-06-21,5922
4967,十銓,14,5,9,元富-新店,2023-06-21,5922
3481,群創,453,319,134,元富-新店,2023-06-26,5922
1605,華新,128,21,107,元富-新店,2023-06-26,5922
00720B,元大投資級公司債,106,1,105,元富-新店,2023-06-26,5922
1301,台塑,98,0,98,元富-新店,2023-06-26,5922
1471,首利,72,0,72,元富-新店,2023-06-26,5922
00903,富邦元宇宙,72,0,72,元富-新店,2023-06-26,5922
2498,宏達電,67,0,67,元富-新店,2023-06-26,5922
1904,正隆,66,7,59,元富-新店,2023-06-26,5922
4916,事欣科,79,31,48,元富-新店,2023-06-26,5922
3363,上詮,48,1,47,元富-新店,2023-06-26,5922
8926,台汽電,39,1,38,元富-新店,2023-06-26,5922
2354,鴻準,34,3,31,元富-新店,2023-06-26,5922
4967,十銓,47,17,30,元富-新店,2023-06-26,5922
6282,康舒,34,6,28,元富-新店,2023-06-26,5922
2332,友訊,25,0,25,元富-新店,2023-06-26,5922
8087,麗升能源,25,0,25,元富-新店,2023-06-26,5922
00637L,元大滬深300正2,44,20,24,元富-新店,2023-06-26,5922
2705,六福,158,135,23,元富-新店,2023-06-26,5922
8358,金居,27,5,22,元富-新店,2023-06-26,5922
00712,復華富時不動產,33,12,21,元富-新店,2023-06-26,5922
00715L,期街口布蘭特正2,21,0,21,元富-新店,2023-06-26,5922
5512,力麒,20,0,20,元富-新店,2023-06-26,5922
3049,精金,26,6,20,元富-新店,2023-06-26,5922
2409,友達,20,2,18,元富-新店,2023-06-26,5922
2352,佳世達,17,0,17,元富-新店,2023-06-26,5922
2913,農林,23,7,16,元富-新店,2023-06-26,5922
2376,技嘉,41,26,15,元富-新店,2023-06-26,5922
2382,廣達,56,41,15,元富-新店,2023-06-26,5922
5533,皇鼎,15,0,15,元富-新店,2023-06-26,5922
2889,國票金,15,0,15,元富-新店,2023-06-26,5922
6770,力積電,14,0,14,元富-新店,2023-06-26,5922
2312,金寶,18,4,14,元富-新店,2023-06-26,5922
5465,富驊,47,34,13,元富-新店,2023-06-26,5922
2609,陽明,21,9,12,元富-新店,2023-06-26,5922
2867,三商壽,12,0,12,元富-新店,2023-06-26,5922
00706L,期元大S＆P日圓正2,12,0,12,元富-新店,2023-06-26,5922
3630,新鉅科,12,0,12,元富-新店,2023-06-26,5922
00795B,中信美國公債20年,13,1,12,元富-新店,2023-06-26,5922
2618,長榮航,28,16,12,元富-新店,2023-06-26,5922
00679B,元大美債20年,12,1,11,元富-新店,2023-06-26,5922
00893,國泰智能電動車,11,0,11,元富-新店,2023-06-26,5922
2748,雲品,11,0,11,元富-新店,2023-06-26,5922
8222,寶一,13,2,11,元富-新店,2023-06-26,5922
2458,義隆,11,0,11,元富-新店,2023-06-26,5922
6276,安鈦克,11,0,11,元富-新店,2023-06-26,5922
3231,緯創,65,55,10,元富-新店,2023-06-26,5922
2385,群光,10,0,10,元富-新店,2023-06-26,5922
00927,群益半導體收益,10,0,10,元富-新店,2023-06-26,5922
1710,東聯,15,5,10,元富-新店,2023-06-26,5922
2408,南亞科,10,0,10,元富-新店,2023-06-26,5922
2303,聯電,238,17,221,元富-新店,2023-06-27,5922
00878,國泰永續高股息,132,5,127,元富-新店,2023-06-27,5922
8213,志超,89,1,88,元富-新店,2023-06-27,5922
2618,長榮航,129,56,73,元富-新店,2023-06-27,5922
1605,華新,78,11,67,元富-新店,2023-06-27,5922
3481,群創,84,25,59,元富-新店,2023-06-27,5922
2610,華航,120,67,53,元富-新店,2023-06-27,5922
2885,元大金,51,0,51,元富-新店,2023-06-27,5922
2353,宏��,54,4,50,元富-新店,2023-06-27,5922
1301,台塑,45,0,45,元富-新店,2023-06-27,5922
2884,玉山金,44,0,44,元富-新店,2023-06-27,5922
5876,上海商銀,40,0,40,元富-新店,2023-06-27,5922
2498,宏達電,42,3,39,元富-新店,2023-06-27,5922
2883,凱基金,34,0,34,元富-新店,2023-06-27,5922
3038,全台,90,57,33,元富-新店,2023-06-27,5922
1519,華城,74,42,32,元富-新店,2023-06-27,5922
3231,緯創,110,79,31,元富-新店,2023-06-27,5922
00662,富邦NASDAQ,30,0,30,元富-新店,2023-06-27,5922
4111,濟生,58,29,29,元富-新店,2023-06-27,5922
00929,復華台灣科技優息,27,0,27,元富-新店,2023-06-27,5922
2344,華邦電,40,13,27,元富-新店,2023-06-27,5922
3171,炎洲流通,25,0,25,元富-新店,2023-06-27,5922
2409,友達,24,2,22,元富-新店,2023-06-27,5922
1101,台泥,21,0,21,元富-新店,2023-06-27,5922
2332,友訊,31,10,21,元富-新店,2023-06-27,5922
8421,旭源,20,0,20,元富-新店,2023-06-27,5922
3056,富華新,21,1,20,元富-新店,2023-06-27,5922
3005,神基,21,1,20,元富-新店,2023-06-27,5922
6821,聯寶,19,0,19,元富-新店,2023-06-27,5922
1710,東聯,17,0,17,元富-新店,2023-06-27,5922
2206,三陽工業,30,13,17,元富-新店,2023-06-27,5922
4919,新唐,19,2,17,元富-新店,2023-06-27,5922
0056,元大高股息,21,5,16,元富-新店,2023-06-27,5922
2867,三商壽,16,0,16,元富-新店,2023-06-27,5922
3128,昇銳,24,9,15,元富-新店,2023-06-27,5922
4564,元翎,15,0,15,元富-新店,2023-06-27,5922
2340,台亞,26,12,14,元富-新店,2023-06-27,5922
8076,伍豐,14,0,14,元富-新店,2023-06-27,5922
3665,貿聯-KY,14,0,14,元富-新店,2023-06-27,5922
6274,台燿,13,0,13,元富-新店,2023-06-27,5922
1907,永豐餘,17,4,13,元富-新店,2023-06-27,5922
5519,隆大,13,0,13,元富-新店,2023-06-27,5922
3356,奇偶,128,115,13,元富-新店,2023-06-27,5922
3037,欣興,28,17,11,元富-新店,2023-06-27,5922
1904,正隆,81,70,11,元富-新店,2023-06-27,5922
2485,兆赫,11,0,11,元富-新店,2023-06-27,5922
2486,一詮,10,0,10,元富-新店,2023-06-27,5922
3372,典範,10,0,10,元富-新店,2023-06-27,5922
1471,首利,30,20,10,元富-新店,2023-06-27,5922
00923,群益台ESG低碳50,10,0,10,元富-新店,2023-06-27,5922
00715L,期街口布蘭特正2,224,0,224,元富-新店,2023-06-28,5922
00720B,元大投資級公司債,122,5,117,元富-新店,2023-06-28,5922
2637,慧洋-KY,113,0,113,元富-新店,2023-06-28,5922
2323,中環,130,18,112,元富-新店,2023-06-28,5922
2337,旺宏,105,0,105,元富-新店,2023-06-28,5922
3706,神達,58,15,43,元富-新店,2023-06-28,5922
2486,一詮,42,0,42,元富-新店,2023-06-28,5922
3372,典範,40,0,40,元富-新店,2023-06-28,5922
4207,環泰,48,8,40,元富-新店,2023-06-28,5922
5258,虹堡,43,5,38,元富-新店,2023-06-28,5922
2892,第一金,34,1,33,元富-新店,2023-06-28,5922
3481,群創,37,5,32,元富-新店,2023-06-28,5922
2356,英業達,114,84,30,元富-新店,2023-06-28,5922
3363,上詮,32,3,29,元富-新店,2023-06-28,5922
1905,華紙,31,2,29,元富-新店,2023-06-28,5922
1471,首利,30,5,25,元富-新店,2023-06-28,5922
1301,台塑,25,0,25,元富-新店,2023-06-28,5922
3231,緯創,48,25,23,元富-新店,2023-06-28,5922
00642U,期元大S＆P石油,22,0,22,元富-新店,2023-06-28,5922
4564,元翎,27,5,22,元富-新店,2023-06-28,5922
2609,陽明,21,0,21,元富-新店,2023-06-28,5922
4916,事欣科,22,1,21,元富-新店,2023-06-28,5922
2634,漢翔,52,31,21,元富-新店,2023-06-28,5922
1460,宏遠,20,0,20,元富-新店,2023-06-28,5922
4121,優盛,21,2,19,元富-新店,2023-06-28,5922
6180,橘子,30,11,19,元富-新店,2023-06-28,5922
2402,毅嘉,20,1,19,元富-新店,2023-06-28,5922
2603,長榮,32,14,18,元富-新店,2023-06-28,5922
00929,復華台灣科技優息,20,3,17,元富-新店,2023-06-28,5922
1609,大亞,16,0,16,元富-新店,2023-06-28,5922
6188,廣明,27,11,16,元富-新店,2023-06-28,5922
1444,力麗,26,10,16,元富-新店,2023-06-28,5922
1101,台泥,22,7,15,元富-新店,2023-06-28,5922
4541,晟田,20,5,15,元富-新店,2023-06-28,5922
3205,佰研,17,5,12,元富-新店,2023-06-28,5922
5533,皇鼎,12,0,12,元富-新店,2023-06-28,5922
3576,聯合再生,12,0,12,元富-新店,2023-06-28,5922
2431,聯昌,12,0,12,元富-新店,2023-06-28,5922
2330,台積電,13,1,12,元富-新店,2023-06-28,5922
00900,富邦特選高股息30,11,0,11,元富-新店,2023-06-28,5922
2344,華邦電,12,1,11,元富-新店,2023-06-28,5922
8255,朋程,11,0,11,元富-新店,2023-06-28,5922
3083,網龍,52,41,11,元富-新店,2023-06-28,5922
4746,台耀,56,45,11,元富-新店,2023-06-28,5922
3058,立德,11,0,11,元富-新店,2023-06-28,5922
8210,勤誠,33,22,11,元富-新店,2023-06-28,5922
3025,星通,24,14,10,元富-新店,2023-06-28,5922
2010,春源,10,0,10,元富-新店,2023-06-28,5922
2303,聯電,25,15,10,元富-新店,2023-06-28,5922
1608,華榮,11,1,10,元富-新店,2023-06-28,5922
8932,智通*,203,0,203,元富-新店,2023-06-29,5922
3481,群創,147,8,139,元富-新店,2023-06-29,5922
2888,新光金,131,0,131,元富-新店,2023-06-29,5922
2609,陽明,133,14,119,元富-新店,2023-06-29,5922
00715L,期街口布蘭特正2,101,0,101,元富-新店,2023-06-29,5922
2303,聯電,57,3,54,元富-新店,2023-06-29,5922
2891,中信金,53,0,53,元富-新店,2023-06-29,5922
00720B,元大投資級公司債,51,0,51,元富-新店,2023-06-29,5922
2610,華航,52,4,48,元富-新店,2023-06-29,5922
2498,宏達電,47,0,47,元富-新店,2023-06-29,5922
2317,鴻海,45,1,44,元富-新店,2023-06-29,5922
00922,國泰台灣領袖50,23,0,23,元富-新店,2023-06-29,5922
00708L,期元大S＆P黃金正2,20,0,20,元富-新店,2023-06-29,5922
2634,漢翔,21,1,20,元富-新店,2023-06-29,5922
2419,仲琦,118,98,20,元富-新店,2023-06-29,5922
2897,王道銀行,20,0,20,元富-新店,2023-06-29,5922
1605,華新,24,5,19,元富-新店,2023-06-29,5922
2353,宏��,38,20,18,元富-新店,2023-06-29,5922
3052,夆典,17,0,17,元富-新店,2023-06-29,5922
3011,今皓,21,5,16,元富-新店,2023-06-29,5922
3264,欣銓,17,1,16,元富-新店,2023-06-29,5922
2618,長榮航,109,93,16,元富-新店,2023-06-29,5922
4967,十銓,67,52,15,元富-新店,2023-06-29,5922
4414,如興,15,0,15,元富-新店,2023-06-29,5922
2630,亞航,16,1,15,元富-新店,2023-06-29,5922
4526,東台,15,1,14,元富-新店,2023-06-29,5922
1528,恩德,40,26,14,元富-新店,2023-06-29,5922
4207,環泰,14,0,14,元富-新店,2023-06-29,5922
00929,復華台灣科技優息,14,0,14,元富-新店,2023-06-29,5922
1102,亞泥,12,0,12,元富-新店,2023-06-29,5922
2382,廣達,17,5,12,元富-新店,2023-06-29,5922
00676R,富邦臺灣加權反1,20,8,12,元富-新店,2023-06-29,5922
6116,彩晶,22,10,12,元富-新店,2023-06-29,5922
2449,京元電子,12,0,12,元富-新店,2023-06-29,5922
6188,廣明,14,2,12,元富-新店,2023-06-29,5922
2474,可成,12,1,11,元富-新店,2023-06-29,5922
2427,三商電,11,0,11,元富-新店,2023-06-29,5922
00882,中信中國高股息,15,5,10,元富-新店,2023-06-29,5922
6266,泰詠,10,0,10,元富-新店,2023-06-29,5922
00632R,元大台灣50反1,10,0,10,元富-新店,2023-06-29,5922
2887,台新金,10,0,10,元富-新店,2023-06-29,5922
2515,中工,10,0,10,元富-新店,2023-06-29,5922
6242,立康,10,0,10,元富-新店,2023-06-29,5922
9945,潤泰新,15,5,10,元富-新店,2023-06-29,5922
3163,波若威,16,6,10,元富-新店,2023-06-29,5922
6120,達運,9,0,9,元富-新店,2023-06-29,5922
2402,毅嘉,10,1,9,元富-新店,2023-06-29,5922
4157,太景*-KY,40,31,9,元富-新店,2023-06-29,5922
6290,良維,8,0,8,元富-新店,2023-06-29,5922
2884,玉山金,8,0,8,元富-新店,2023-06-29,5922
00720B,元大投資級公司債,146,0,146,元富-新店,2023-06-30,5922
4207,環泰,76,0,76,元富-新店,2023-06-30,5922
00903,富邦元宇宙,68,0,68,元富-新店,2023-06-30,5922
2618,長榮航,77,15,62,元富-新店,2023-06-30,5922
2885,元大金,59,2,57,元富-新店,2023-06-30,5922
6153,嘉聯益,106,51,55,元富-新店,2023-06-30,5922
5607,遠雄港,52,0,52,元富-新店,2023-06-30,5922
00642U,期元大S＆P石油,51,1,50,元富-新店,2023-06-30,5922
2607,榮運,47,0,47,元富-新店,2023-06-30,5922
00882,中信中國高股息,42,0,42,元富-新店,2023-06-30,5922
00772B,中信高評級公司債,31,0,31,元富-新店,2023-06-30,5922
2883,凱基金,46,15,31,元富-新店,2023-06-30,5922
2603,長榮,75,44,31,元富-新店,2023-06-30,5922
2399,映泰,30,0,30,元富-新店,2023-06-30,5922
2303,聯電,30,1,29,元富-新店,2023-06-30,5922
00885,富邦越南,28,0,28,元富-新店,2023-06-30,5922
00632R,元大台灣50反1,38,10,28,元富-新店,2023-06-30,5922
2409,友達,27,0,27,元富-新店,2023-06-30,5922
2882,國泰金,26,1,25,元富-新店,2023-06-30,5922
3011,今皓,25,0,25,元富-新店,2023-06-30,5922
00725B,國泰投資級公司債,24,0,24,元富-新店,2023-06-30,5922
3711,日月光投控,27,3,24,元富-新店,2023-06-30,5922
2352,佳世達,22,0,22,元富-新店,2023-06-30,5922
2412,中華電,22,1,21,元富-新店,2023-06-30,5922
6185,幃翔,20,0,20,元富-新店,2023-06-30,5922
2388,威盛,25,5,20,元富-新店,2023-06-30,5922
2406,國碩,20,0,20,元富-新店,2023-06-30,5922
1904,正隆,21,2,19,元富-新店,2023-06-30,5922
00674R,期元大S＆P黃金反1,19,0,19,元富-新店,2023-06-30,5922
2313,華通,17,0,17,元富-新店,2023-06-30,5922
6451,訊芯-KY,103,86,17,元富-新店,2023-06-30,5922
2419,仲琦,30,14,16,元富-新店,2023-06-30,5922
2888,新光金,15,0,15,元富-新店,2023-06-30,5922
5388,中磊,18,3,15,元富-新店,2023-06-30,5922
3483,力致,17,2,15,元富-新店,2023-06-30,5922
2344,華邦電,19,5,14,元富-新店,2023-06-30,5922
3034,聯詠,15,1,14,元富-新店,2023-06-30,5922
2356,英業達,32,19,13,元富-新店,2023-06-30,5922
1528,恩德,15,2,13,元富-新店,2023-06-30,5922
2368,金像電,31,18,13,元富-新店,2023-06-30,5922
1301,台塑,12,0,12,元富-新店,2023-06-30,5922
4583,台灣精銳,13,1,12,元富-新店,2023-06-30,5922
6266,泰詠,16,4,12,元富-新店,2023-06-30,5922
1215,卜蜂,11,0,11,元富-新店,2023-06-30,5922
2408,南亞科,11,0,11,元富-新店,2023-06-30,5922
5009,榮剛,12,1,11,元富-新店,2023-06-30,5922
6190,萬泰科,11,0,11,元富-新店,2023-06-30,5922
00680L,元大美債20正2,11,0,11,元富-新店,2023-06-30,5922
3710,連展投控,11,0,11,元富-新店,2023-06-30,5922
00888,永豐台灣ESG,10,0,10,元富-新店,2023-06-30,5922
3037,欣興,109,8,101,元富-新店,2023-07-03,5922
2615,萬海,122,24,98,元富-新店,2023-07-03,5922
00632R,元大台灣50反1,80,0,80,元富-新店,2023-07-03,5922
4207,環泰,80,10,70,元富-新店,2023-07-03,5922
020022,元大電動車N,58,0,58,元富-新店,2023-07-03,5922
1611,中電,59,1,58,元富-新店,2023-07-03,5922
3092,鴻碩,51,0,51,元富-新店,2023-07-03,5922
2412,中華電,48,1,47,元富-新店,2023-07-03,5922
2303,聯電,44,5,39,元富-新店,2023-07-03,5922
3481,群創,33,2,31,元富-新店,2023-07-03,5922
2867,三商壽,30,0,30,元富-新店,2023-07-03,5922
3231,緯創,49,20,29,元富-新店,2023-07-03,5922
4916,事欣科,28,0,28,元富-新店,2023-07-03,5922
2332,友訊,30,3,27,元富-新店,2023-07-03,5922
2206,三陽工業,33,7,26,元富-新店,2023-07-03,5922
1603,華電,25,0,25,元富-新店,2023-07-03,5922
4906,正文,64,43,21,元富-新店,2023-07-03,5922
2610,華航,24,3,21,元富-新店,2023-07-03,5922
6191,精成科,41,20,21,元富-新店,2023-07-03,5922
00712,復華富時不動產,20,0,20,元富-新店,2023-07-03,5922
0056,元大高股息,29,9,20,元富-新店,2023-07-03,5922
4967,十銓,21,2,19,元富-新店,2023-07-03,5922
3289,宜特,30,13,17,元富-新店,2023-07-03,5922
3207,耀勝,29,13,16,元富-新店,2023-07-03,5922
3630,新鉅科,16,0,16,元富-新店,2023-07-03,5922
4129,聯合,15,0,15,元富-新店,2023-07-03,5922
2419,仲琦,59,44,15,元富-新店,2023-07-03,5922
3128,昇銳,30,16,14,元富-新店,2023-07-03,5922
1609,大亞,21,7,14,元富-新店,2023-07-03,5922
00893,國泰智能電動車,22,8,14,元富-新店,2023-07-03,5922
1795,美時,15,1,14,元富-新店,2023-07-03,5922
2889,國票金,14,0,14,元富-新店,2023-07-03,5922
5302,太欣,19,6,13,元富-新店,2023-07-03,5922
5289,宜鼎,14,1,13,元富-新店,2023-07-03,5922
2201,裕隆,33,21,12,元富-新店,2023-07-03,5922
2409,友達,26,14,12,元富-新店,2023-07-03,5922
9917,中保科,12,0,12,元富-新店,2023-07-03,5922
3209,全科,12,1,11,元富-新店,2023-07-03,5922
4533,協易機,10,0,10,元富-新店,2023-07-03,5922
2906,高林,10,0,10,元富-新店,2023-07-03,5922
2328,廣宇,10,0,10,元富-新店,2023-07-03,5922
4532,瑞智,10,0,10,元富-新店,2023-07-03,5922
00669R,國泰美國道瓊反1,10,0,10,元富-新店,2023-07-03,5922
5315,光聯,10,0,10,元富-新店,2023-07-03,5922
4956,光鋐,10,0,10,元富-新店,2023-07-03,5922
6770,力積電,26,16,10,元富-新店,2023-07-03,5922
00900,富邦特選高股息30,14,5,9,元富-新店,2023-07-03,5922
00882,中信中國高股息,15,6,9,元富-新店,2023-07-03,5922
3518,柏騰,11,2,9,元富-新店,2023-07-03,5922
8069,元太,14,6,8,元富-新店,2023-07-03,5922
2486,一詮,230,8,222,元富-新店,2023-07-04,5922
3363,上詮,124,10,114,元富-新店,2023-07-04,5922
3264,欣銓,131,23,108,元富-新店,2023-07-04,5922
1605,華新,62,4,58,元富-新店,2023-07-04,5922
2360,致茂,56,3,53,元富-新店,2023-07-04,5922
1714,和桐,49,0,49,元富-新店,2023-07-04,5922
3374,精材,61,16,45,元富-新店,2023-07-04,5922
4915,致伸,38,1,37,元富-新店,2023-07-04,5922
2891,中信金,36,0,36,元富-新店,2023-07-04,5922
6191,精成科,32,0,32,元富-新店,2023-07-04,5922
2609,陽明,61,33,28,元富-新店,2023-07-04,5922
1471,首利,27,0,27,元富-新店,2023-07-04,5922
00679B,元大美債20年,25,0,25,元富-新店,2023-07-04,5922
5302,太欣,22,0,22,元富-新店,2023-07-04,5922
2603,長榮,81,59,22,元富-新店,2023-07-04,5922
4967,十銓,21,0,21,元富-新店,2023-07-04,5922
2884,玉山金,20,0,20,元富-新店,2023-07-04,5922
2027,大成鋼,23,3,20,元富-新店,2023-07-04,5922
2887,台新金,19,0,19,元富-新店,2023-07-04,5922
2353,宏��,16,0,16,元富-新店,2023-07-04,5922
3163,波若威,20,5,15,元富-新店,2023-07-04,5922
2371,大同,26,12,14,元富-新店,2023-07-04,5922
3055,蔚華科,15,1,14,元富-新店,2023-07-04,5922
3013,晟銘電,35,21,14,元富-新店,2023-07-04,5922
1905,華紙,42,28,14,元富-新店,2023-07-04,5922
2419,仲琦,44,30,14,元富-新店,2023-07-04,5922
1907,永豐餘,20,7,13,元富-新店,2023-07-04,5922
2317,鴻海,71,58,13,元富-新店,2023-07-04,5922
5425,台半,16,3,13,元富-新店,2023-07-04,5922
3019,亞光,13,0,13,元富-新店,2023-07-04,5922
2892,第一金,12,0,12,元富-新店,2023-07-04,5922
00900,富邦特選高股息30,12,0,12,元富-新店,2023-07-04,5922
8048,德勝,16,4,12,元富-新店,2023-07-04,5922
8105,凌巨,12,0,12,元富-新店,2023-07-04,5922
2468,華經,17,5,12,元富-新店,2023-07-04,5922
9945,潤泰新,12,0,12,元富-新店,2023-07-04,5922
3058,立德,12,1,11,元富-新店,2023-07-04,5922
6417,韋僑,12,1,11,元富-新店,2023-07-04,5922
2412,中華電,11,0,11,元富-新店,2023-07-04,5922
2351,順德,12,1,11,元富-新店,2023-07-04,5922
2883,凱基金,41,30,11,元富-新店,2023-07-04,5922
2204,中華,10,0,10,元富-新店,2023-07-04,5922
4129,聯合,10,0,10,元富-新店,2023-07-04,5922
1591,駿吉-KY,10,0,10,元富-新店,2023-07-04,5922
4916,事欣科,12,2,10,元富-新店,2023-07-04,5922
00680L,元大美債20正2,10,0,10,元富-新店,2023-07-04,5922
2302,麗正,10,0,10,元富-新店,2023-07-04,5922
5388,中磊,12,2,10,元富-新店,2023-07-04,5922
2409,友達,10,1,9,元富-新店,2023-07-04,5922
3694,海華,9,0,9,元富-新店,2023-07-04,5922
3481,群創,617,5,612,元富-新店,2023-07-05,5922
00673R,期元大S＆P原油反1,200,0,200,元富-新店,2023-07-05,5922
2609,陽明,277,79,198,元富-新店,2023-07-05,5922
2303,聯電,55,0,55,元富-新店,2023-07-05,5922
4207,環泰,57,3,54,元富-新店,2023-07-05,5922
1806,冠軍,52,0,52,元富-新店,2023-07-05,5922
2356,英業達,69,25,44,元富-新店,2023-07-05,5922
00929,復華台灣科技優息,48,10,38,元富-新店,2023-07-05,5922
2317,鴻海,51,15,36,元富-新店,2023-07-05,5922
3706,神達,41,6,35,元富-新店,2023-07-05,5922
0056,元大高股息,41,7,34,元富-新店,2023-07-05,5922
2515,中工,30,0,30,元富-新店,2023-07-05,5922
3504,揚明光,32,2,30,元富-新店,2023-07-05,5922
2618,長榮航,84,56,28,元富-新店,2023-07-05,5922
3078,僑威,47,20,27,元富-新店,2023-07-05,5922
00927,群益半導體收益,26,0,26,元富-新店,2023-07-05,5922
1326,台化,25,0,25,元富-新店,2023-07-05,5922
00679B,元大美債20年,25,0,25,元富-新店,2023-07-05,5922
1611,中電,69,45,24,元富-新店,2023-07-05,5922
3374,精材,33,9,24,元富-新店,2023-07-05,5922
2399,映泰,25,2,23,元富-新店,2023-07-05,5922
00900,富邦特選高股息30,23,0,23,元富-新店,2023-07-05,5922
2332,友訊,23,1,22,元富-新店,2023-07-05,5922
00712,復華富時不動產,25,3,22,元富-新店,2023-07-05,5922
6244,茂迪,30,8,22,元富-新店,2023-07-05,5922
00888,永豐台灣ESG,21,0,21,元富-新店,2023-07-05,5922
1810,和成,20,0,20,元富-新店,2023-07-05,5922
00923,群益台ESG低碳50,20,0,20,元富-新店,2023-07-05,5922
4564,元翎,20,0,20,元富-新店,2023-07-05,5922
6133,金橋,21,1,20,元富-新店,2023-07-05,5922
4916,事欣科,21,2,19,元富-新店,2023-07-05,5922
2329,華泰,35,16,19,元富-新店,2023-07-05,5922
2610,華航,58,41,17,元富-新店,2023-07-05,5922
6290,良維,18,1,17,元富-新店,2023-07-05,5922
2883,凱基金,19,2,17,元富-新店,2023-07-05,5922
3037,欣興,20,4,16,元富-新店,2023-07-05,5922
2845,遠東銀,15,0,15,元富-新店,2023-07-05,5922
3231,緯創,76,61,15,元富-新店,2023-07-05,5922
1589,永冠-KY,15,0,15,元富-新店,2023-07-05,5922
3090,日電貿,15,0,15,元富-新店,2023-07-05,5922
8028,昇陽半導體,16,1,15,元富-新店,2023-07-05,5922
2427,三商電,33,18,15,元富-新店,2023-07-05,5922
6285,啟��,36,21,15,元富-新店,2023-07-05,5922
9907,統一實,15,1,14,元富-新店,2023-07-05,5922
00891,中信關鍵半導體,16,2,14,元富-新店,2023-07-05,5922
2376,技嘉,21,8,13,元富-新店,2023-07-05,5922
1513,中興電,29,16,13,元富-新店,2023-07-05,5922
8222,寶一,13,0,13,元富-新店,2023-07-05,5922
3511,矽瑪,13,0,13,元富-新店,2023-07-05,5922
00637L,元大滬深300正2,13,0,13,元富-新店,2023-07-05,5922
2888,新光金,270,0,270,元富-新店,2023-07-06,5922
00720B,元大投資級公司債,116,7,109,元富-新店,2023-07-06,5922
2883,凱基金,156,48,108,元富-新店,2023-07-06,5922
1710,東聯,101,0,101,元富-新店,2023-07-06,5922
1806,冠軍,99,10,89,元富-新店,2023-07-06,5922
2891,中信金,87,2,85,元富-新店,2023-07-06,5922
0056,元大高股息,82,3,79,元富-新店,2023-07-06,5922
2337,旺宏,80,1,79,元富-新店,2023-07-06,5922
6112,邁達特,73,7,66,元富-新店,2023-07-06,5922
2887,台新金,58,0,58,元富-新店,2023-07-06,5922
2388,威盛,102,46,56,元富-新店,2023-07-06,5922
3037,欣興,63,8,55,元富-新店,2023-07-06,5922
2892,第一金,45,0,45,元富-新店,2023-07-06,5922
00882,中信中國高股息,45,0,45,元富-新店,2023-07-06,5922
3703,欣陸,44,0,44,元富-新店,2023-07-06,5922
8210,勤誠,59,16,43,元富-新店,2023-07-06,5922
2618,長榮航,79,37,42,元富-新店,2023-07-06,5922
1528,恩德,40,4,36,元富-新店,2023-07-06,5922
00679B,元大美債20年,33,0,33,元富-新店,2023-07-06,5922
2409,友達,55,23,32,元富-新店,2023-07-06,5922
00688L,國泰20年美債正2,30,0,30,元富-新店,2023-07-06,5922
2498,宏達電,29,0,29,元富-新店,2023-07-06,5922
1513,中興電,28,2,26,元富-新店,2023-07-06,5922
2352,佳世達,30,4,26,元富-新店,2023-07-06,5922
2330,台積電,27,1,26,元富-新店,2023-07-06,5922
6282,康舒,70,45,25,元富-新店,2023-07-06,5922
00637L,元大滬深300正2,25,0,25,元富-新店,2023-07-06,5922
8076,伍豐,50,25,25,元富-新店,2023-07-06,5922
00878,國泰永續高股息,41,17,24,元富-新店,2023-07-06,5922
00712,復華富時不動產,23,0,23,元富-新店,2023-07-06,5922
4566,時碩工業,26,3,23,元富-新店,2023-07-06,5922
3071,協禧,24,1,23,元富-新店,2023-07-06,5922
6182,合晶,23,0,23,元富-新店,2023-07-06,5922
00687B,國泰20年美債,22,0,22,元富-新店,2023-07-06,5922
1618,合機,33,11,22,元富-新店,2023-07-06,5922
4207,環泰,20,0,20,元富-新店,2023-07-06,5922
6821,聯寶,19,0,19,元富-新店,2023-07-06,5922
8048,德勝,25,6,19,元富-新店,2023-07-06,5922
1326,台化,18,0,18,元富-新店,2023-07-06,5922
9907,統一實,19,1,18,元富-新店,2023-07-06,5922
1904,正隆,20,4,16,元富-新店,2023-07-06,5922
00772B,中信高評級公司債,16,0,16,元富-新店,2023-07-06,5922
1589,永冠-KY,15,0,15,元富-新店,2023-07-06,5922
2834,臺企銀,17,2,15,元富-新店,2023-07-06,5922
2882,國泰金,15,1,14,元富-新店,2023-07-06,5922
0050,元大台灣50,15,1,14,元富-新店,2023-07-06,5922
5512,力麒,14,0,14,元富-新店,2023-07-06,5922
2419,仲琦,52,38,14,元富-新店,2023-07-06,5922
6770,力積電,31,18,13,元富-新店,2023-07-06,5922
2359,所羅門,23,10,13,元富-新店,2023-07-06,5922
00632R,元大台灣50反1,354,45,309,元富-新店,2023-07-07,5922
1710,東聯,210,0,210,元富-新店,2023-07-07,5922
2486,一詮,401,250,151,元富-新店,2023-07-07,5922
6456,GIS-KY,150,0,150,元富-新店,2023-07-07,5922
2637,慧洋-KY,105,0,105,元富-新店,2023-07-07,5922
3346,麗清,105,6,99,元富-新店,2023-07-07,5922
2303,聯電,71,16,55,元富-新店,2023-07-07,5922
0056,元大高股息,73,22,51,元富-新店,2023-07-07,5922
00679B,元大美債20年,52,2,50,元富-新店,2023-07-07,5922
00720B,元大投資級公司債,43,0,43,元富-新店,2023-07-07,5922
2883,凱基金,41,1,40,元富-新店,2023-07-07,5922
2353,宏��,38,0,38,元富-新店,2023-07-07,5922
2369,菱生,43,8,35,元富-新店,2023-07-07,5922
00929,復華台灣科技優息,49,15,34,元富-新店,2023-07-07,5922
5388,中磊,29,2,27,元富-新店,2023-07-07,5922
2344,華邦電,24,0,24,元富-新店,2023-07-07,5922
2888,新光金,23,0,23,元富-新店,2023-07-07,5922
8076,伍豐,37,14,23,元富-新店,2023-07-07,5922
00878,國泰永續高股息,36,13,23,元富-新店,2023-07-07,5922
3058,立德,26,5,21,元富-新店,2023-07-07,5922
2340,台亞,132,112,20,元富-新店,2023-07-07,5922
00688L,國泰20年美債正2,20,0,20,元富-新店,2023-07-07,5922
1810,和成,20,0,20,元富-新店,2023-07-07,5922
1301,台塑,18,0,18,元富-新店,2023-07-07,5922
2409,友達,21,3,18,元富-新店,2023-07-07,5922
2356,英業達,69,51,18,元富-新店,2023-07-07,5922
8926,台汽電,18,0,18,元富-新店,2023-07-07,5922
1611,中電,18,0,18,元富-新店,2023-07-07,5922
00772B,中信高評級公司債,17,0,17,元富-新店,2023-07-07,5922
2329,華泰,109,93,16,元富-新店,2023-07-07,5922
00751B,元大AAA至A公司債,16,0,16,元富-新店,2023-07-07,5922
2337,旺宏,20,5,15,元富-新店,2023-07-07,5922
6129,普誠,15,0,15,元富-新店,2023-07-07,5922
00712,復華富時不動產,21,7,14,元富-新店,2023-07-07,5922
6770,力積電,14,0,14,元富-新店,2023-07-07,5922
3481,群創,20,7,13,元富-新店,2023-07-07,5922
2892,第一金,13,0,13,元富-新店,2023-07-07,5922
2603,長榮,28,15,13,元富-新店,2023-07-07,5922
00673R,期元大S＆P原油反1,13,0,13,元富-新店,2023-07-07,5922
4746,台耀,15,2,13,元富-新店,2023-07-07,5922
2887,台新金,13,0,13,元富-新店,2023-07-07,5922
6125,廣運,16,3,13,元富-新店,2023-07-07,5922
3406,玉晶光,13,1,12,元富-新店,2023-07-07,5922
00919,群益台灣精選高息,12,0,12,元富-新店,2023-07-07,5922
9958,世紀鋼,21,9,12,元富-新店,2023-07-07,5922
3037,欣興,24,13,11,元富-新店,2023-07-07,5922
2323,中環,15,5,10,元富-新店,2023-07-07,5922
4744,皇將,10,0,10,元富-新店,2023-07-07,5922
6117,迎廣,60,50,10,元富-新店,2023-07-07,5922
00908,富邦入息REITs+,10,0,10,元富-新店,2023-07-07,5922
1513,中興電,233,3,230,元富-新店,2023-07-10,5922
4532,瑞智,183,90,93,元富-新店,2023-07-10,5922
2498,宏達電,85,0,85,元富-新店,2023-07-10,5922
1806,冠軍,80,0,80,元富-新店,2023-07-10,5922
3481,群創,62,11,51,元富-新店,2023-07-10,5922
2303,聯電,47,0,47,元富-新店,2023-07-10,5922
00878,國泰永續高股息,53,8,45,元富-新店,2023-07-10,5922
00640L,富邦日本正2,36,0,36,元富-新店,2023-07-10,5922
00720B,元大投資級公司債,31,0,31,元富-新店,2023-07-10,5922
2618,長榮航,40,11,29,元富-新店,2023-07-10,5922
00679B,元大美債20年,29,2,27,元富-新店,2023-07-10,5922
1303,南亞,25,0,25,元富-新店,2023-07-10,5922
2317,鴻海,23,0,23,元富-新店,2023-07-10,5922
3483,力致,22,0,22,元富-新店,2023-07-10,5922
2329,華泰,38,16,22,元富-新店,2023-07-10,5922
3052,夆典,22,0,22,元富-新店,2023-07-10,5922
00919,群益台灣精選高息,22,0,22,元富-新店,2023-07-10,5922
3576,聯合再生,22,0,22,元富-新店,2023-07-10,5922
00687B,國泰20年美債,20,0,20,元富-新店,2023-07-10,5922
00688L,國泰20年美債正2,20,0,20,元富-新店,2023-07-10,5922
3704,合勤控,28,8,20,元富-新店,2023-07-10,5922
6266,泰詠,17,0,17,元富-新店,2023-07-10,5922
6821,聯寶,17,0,17,元富-新店,2023-07-10,5922
2436,偉詮電,19,2,17,元富-新店,2023-07-10,5922
00712,復華富時不動產,23,6,17,元富-新店,2023-07-10,5922
2812,台中銀,16,0,16,元富-新店,2023-07-10,5922
3706,神達,16,0,16,元富-新店,2023-07-10,5922
6282,康舒,30,15,15,元富-新店,2023-07-10,5922
3362,先進光,31,16,15,元富-新店,2023-07-10,5922
2337,旺宏,14,0,14,元富-新店,2023-07-10,5922
6243,迅杰,14,0,14,元富-新店,2023-07-10,5922
2489,瑞軒,15,1,14,元富-新店,2023-07-10,5922
2449,京元電子,13,0,13,元富-新店,2023-07-10,5922
00929,復華台灣科技優息,25,12,13,元富-新店,2023-07-10,5922
5439,高技,19,7,12,元富-新店,2023-07-10,5922
3305,昇貿,46,34,12,元富-新店,2023-07-10,5922
6770,力積電,12,0,12,元富-新店,2023-07-10,5922
8050,廣積,21,10,11,元富-新店,2023-07-10,5922
1907,永豐餘,11,0,11,元富-新店,2023-07-10,5922
4973,廣穎,11,0,11,元富-新店,2023-07-10,5922
3013,晟銘電,16,5,11,元富-新店,2023-07-10,5922
8936,國統,10,0,10,元富-新店,2023-07-10,5922
00632R,元大台灣50反1,10,0,10,元富-新店,2023-07-10,5922
5512,力麒,10,0,10,元富-新店,2023-07-10,5922
4904,遠傳,10,0,10,元富-新店,2023-07-10,5922
2324,仁寶,13,3,10,元富-新店,2023-07-10,5922
2891,中信金,10,1,9,元富-新店,2023-07-10,5922
1727,中華化,9,0,9,元富-新店,2023-07-10,5922
3260,威剛,21,12,9,元富-新店,2023-07-10,5922
3024,憶聲,10,1,9,元富-新店,2023-07-10,5922
3052,夆典,344,129,215,元富-新店,2023-07-11,5922
00680L,元大美債20正2,155,0,155,元富-新店,2023-07-11,5922
1513,中興電,144,17,127,元富-新店,2023-07-11,5922
1806,冠軍,61,0,61,元富-新店,2023-07-11,5922
3689,湧德,61,4,57,元富-新店,2023-07-11,5922
00929,復華台灣科技優息,51,0,51,元富-新店,2023-07-11,5922
3092,鴻碩,50,2,48,元富-新店,2023-07-11,5922
1605,華新,49,3,46,元富-新店,2023-07-11,5922
2618,長榮航,76,36,40,元富-新店,2023-07-11,5922
2312,金寶,37,2,35,元富-新店,2023-07-11,5922
2408,南亞科,32,0,32,元富-新店,2023-07-11,5922
00885,富邦越南,41,12,29,元富-新店,2023-07-11,5922
6282,康舒,30,2,28,元富-新店,2023-07-11,5922
6276,安鈦克,28,0,28,元富-新店,2023-07-11,5922
4564,元翎,33,7,26,元富-新店,2023-07-11,5922
3217,優群,24,0,24,元富-新店,2023-07-11,5922
3711,日月光投控,25,1,24,元富-新店,2023-07-11,5922
3494,誠研,24,0,24,元富-新店,2023-07-11,5922
1471,首利,23,0,23,元富-新店,2023-07-11,5922
2359,所羅門,23,1,22,元富-新店,2023-07-11,5922
2204,中華,22,0,22,元富-新店,2023-07-11,5922
3652,精聯,22,0,22,元富-新店,2023-07-11,5922
5302,太欣,22,0,22,元富-新店,2023-07-11,5922
1301,台塑,21,0,21,元富-新店,2023-07-11,5922
5483,中美晶,21,1,20,元富-新店,2023-07-11,5922
1722,台肥,20,0,20,元富-新店,2023-07-11,5922
3078,僑威,55,35,20,元富-新店,2023-07-11,5922
6122,擎邦,20,1,19,元富-新店,2023-07-11,5922
1101,台泥,19,2,17,元富-新店,2023-07-11,5922
2331,精英,18,1,17,元富-新店,2023-07-11,5922
2371,大同,25,8,17,元富-新店,2023-07-11,5922
4533,協易機,20,4,16,元富-新店,2023-07-11,5922
5439,高技,21,6,15,元富-新店,2023-07-11,5922
8093,保銳,15,0,15,元富-新店,2023-07-11,5922
2609,陽明,20,5,15,元富-新店,2023-07-11,5922
1503,士電,53,41,12,元富-新店,2023-07-11,5922
4526,東台,19,7,12,元富-新店,2023-07-11,5922
00632R,元大台灣50反1,12,0,12,元富-新店,2023-07-11,5922
2405,輔信,11,0,11,元富-新店,2023-07-11,5922
2457,飛宏,25,14,11,元富-新店,2023-07-11,5922
6235,華孚,30,19,11,元富-新店,2023-07-11,5922
1710,東聯,11,0,11,元富-新店,2023-07-11,5922
1720,生達,11,0,11,元富-新店,2023-07-11,5922
2423,固緯,10,0,10,元富-新店,2023-07-11,5922
3024,憶聲,12,2,10,元富-新店,2023-07-11,5922
00720B,元大投資級公司債,10,0,10,元富-新店,2023-07-11,5922
6821,聯寶,10,0,10,元富-新店,2023-07-11,5922
1515,力山,16,6,10,元富-新店,2023-07-11,5922
2867,三商壽,10,0,10,元富-新店,2023-07-11,5922
9955,佳龍,9,0,9,元富-新店,2023-07-11,5922
6282,康舒,114,34,80,元富-新店,2023-07-12,5922
2303,聯電,80,1,79,元富-新店,2023-07-12,5922
00706L,期元大S＆P日圓正2,75,0,75,元富-新店,2023-07-12,5922
2312,金寶,51,10,41,元富-新店,2023-07-12,5922
2399,映泰,70,29,41,元富-新店,2023-07-12,5922
4207,環泰,34,0,34,元富-新店,2023-07-12,5922
3189,景碩,34,2,32,元富-新店,2023-07-12,5922
1806,冠軍,27,0,27,元富-新店,2023-07-12,5922
6111,大宇資,24,0,24,元富-新店,2023-07-12,5922
6274,台燿,52,28,24,元富-新店,2023-07-12,5922
4533,協易機,23,0,23,元富-新店,2023-07-12,5922
1513,中興電,53,31,22,元富-新店,2023-07-12,5922
5302,太欣,22,0,22,元富-新店,2023-07-12,5922
1720,生達,22,0,22,元富-新店,2023-07-12,5922
2481,強茂,37,16,21,元富-新店,2023-07-12,5922
3704,合勤控,27,6,21,元富-新店,2023-07-12,5922
4532,瑞智,40,19,21,元富-新店,2023-07-12,5922
1301,台塑,21,0,21,元富-新店,2023-07-12,5922
3689,湧德,20,0,20,元富-新店,2023-07-12,5922
9958,世紀鋼,21,1,20,元富-新店,2023-07-12,5922
00900,富邦特選高股息30,20,1,19,元富-新店,2023-07-12,5922
00679B,元大美債20年,21,5,16,元富-新店,2023-07-12,5922
2356,英業達,208,192,16,元富-新店,2023-07-12,5922
8028,昇陽半導體,16,1,15,元富-新店,2023-07-12,5922
6166,凌華,15,1,14,元富-新店,2023-07-12,5922
00676R,富邦臺灣加權反1,23,9,14,元富-新店,2023-07-12,5922
00905,FT臺灣Smart,13,0,13,元富-新店,2023-07-12,5922
3583,辛耘,15,2,13,元富-新店,2023-07-12,5922
1504,東元,16,3,13,元富-新店,2023-07-12,5922
3264,欣銓,13,1,12,元富-新店,2023-07-12,5922
5009,榮剛,14,2,12,元富-新店,2023-07-12,5922
8358,金居,17,5,12,元富-新店,2023-07-12,5922
2344,華邦電,23,11,12,元富-新店,2023-07-12,5922
6116,彩晶,11,0,11,元富-新店,2023-07-12,5922
3052,夆典,11,0,11,元富-新店,2023-07-12,5922
3038,全台,13,2,11,元富-新店,2023-07-12,5922
2888,新光金,12,1,11,元富-新店,2023-07-12,5922
1608,華榮,10,0,10,元富-新店,2023-07-12,5922
6187,萬潤,12,2,10,元富-新店,2023-07-12,5922
2486,一詮,170,160,10,元富-新店,2023-07-12,5922
3221,台嘉碩,20,10,10,元富-新店,2023-07-12,5922
6191,精成科,10,0,10,元富-新店,2023-07-12,5922
5425,台半,13,4,9,元富-新店,2023-07-12,5922
6451,訊芯-KY,9,0,9,元富-新店,2023-07-12,5922
6182,合晶,23,14,9,元富-新店,2023-07-12,5922
1101,台泥,13,4,9,元富-新店,2023-07-12,5922
3710,連展投控,8,0,8,元富-新店,2023-07-12,5922
2834,臺企銀,9,1,8,元富-新店,2023-07-12,5922
1471,首利,9,1,8,元富-新店,2023-07-12,5922
3535,晶彩科,8,0,8,元富-新店,2023-07-12,5922
2486,一詮,204,3,201,元富-新店,2023-07-13,5922
2618,長榮航,151,14,137,元富-新店,2023-07-13,5922
2103,台橡,100,0,100,元富-新店,2023-07-13,5922
2637,慧洋-KY,84,0,84,元富-新店,2023-07-13,5922
2301,光寶科,130,51,79,元富-新店,2023-07-13,5922
3017,奇鋐,74,11,63,元富-新店,2023-07-13,5922
6548,長科*,52,1,51,元富-新店,2023-07-13,5922
2609,陽明,74,28,46,元富-新店,2023-07-13,5922
5483,中美晶,49,11,38,元富-新店,2023-07-13,5922
3624,光頡,37,0,37,元富-新店,2023-07-13,5922
1609,大亞,49,16,33,元富-新店,2023-07-13,5922
1605,華新,32,0,32,元富-新店,2023-07-13,5922
1409,新纖,32,0,32,元富-新店,2023-07-13,5922
2323,中環,55,24,31,元富-新店,2023-07-13,5922
4977,眾達-KY,30,0,30,元富-新店,2023-07-13,5922
00680L,元大美債20正2,100,70,30,元富-新店,2023-07-13,5922
3035,智原,52,23,29,元富-新店,2023-07-13,5922
2887,台新金,26,0,26,元富-新店,2023-07-13,5922
2462,良得電,25,0,25,元富-新店,2023-07-13,5922
5371,中光電,23,1,22,元富-新店,2023-07-13,5922
6282,康舒,57,35,22,元富-新店,2023-07-13,5922
6217,中探針,21,1,20,元富-新店,2023-07-13,5922
3714,富采,20,0,20,元富-新店,2023-07-13,5922
00772B,中信高評級公司債,20,0,20,元富-新店,2023-07-13,5922
00712,復華富時不動產,23,3,20,元富-新店,2023-07-13,5922
3025,星通,22,2,20,元富-新店,2023-07-13,5922
5425,台半,24,7,17,元富-新店,2023-07-13,5922
3078,僑威,25,8,17,元富-新店,2023-07-13,5922
2324,仁寶,52,36,16,元富-新店,2023-07-13,5922
4533,協易機,41,25,16,元富-新店,2023-07-13,5922
2888,新光金,30,14,16,元富-新店,2023-07-13,5922
00676R,富邦臺灣加權反1,20,4,16,元富-新店,2023-07-13,5922
6129,普誠,17,2,15,元富-新店,2023-07-13,5922
6569,醫揚,15,0,15,元富-新店,2023-07-13,5922
2206,三陽工業,25,12,13,元富-新店,2023-07-13,5922
3711,日月光投控,13,0,13,元富-新店,2023-07-13,5922
00907,永豐優息存股,13,0,13,元富-新店,2023-07-13,5922
5302,太欣,16,3,13,元富-新店,2023-07-13,5922
3346,麗清,15,3,12,元富-新店,2023-07-13,5922
2313,華通,12,1,11,元富-新店,2023-07-13,5922
3217,優群,15,4,11,元富-新店,2023-07-13,5922
6821,聯寶,11,0,11,元富-新店,2023-07-13,5922
1734,杏輝,11,0,11,元富-新店,2023-07-13,5922
2405,輔信,11,0,11,元富-新店,2023-07-13,5922
6470,宇智,18,7,11,元富-新店,2023-07-13,5922
2515,中工,10,0,10,元富-新店,2023-07-13,5922
8021,尖點,10,0,10,元富-新店,2023-07-13,5922
3406,玉晶光,12,2,10,元富-新店,2023-07-13,5922
6456,GIS-KY,10,0,10,元富-新店,2023-07-13,5922
1727,中華化,10,0,10,元富-新店,2023-07-13,5922
2382,廣達,196,25,171,元富-新店,2023-07-14,5922
2610,華航,169,31,138,元富-新店,2023-07-14,5922
3052,夆典,130,20,110,元富-新店,2023-07-14,5922
2328,廣宇,120,31,89,元富-新店,2023-07-14,5922
6179,亞通,84,26,58,元富-新店,2023-07-14,5922
2486,一詮,112,60,52,元富-新店,2023-07-14,5922
1471,首利,54,3,51,元富-新店,2023-07-14,5922
3624,光頡,42,0,42,元富-新店,2023-07-14,5922
2618,長榮航,108,69,39,元富-新店,2023-07-14,5922
5351,鈺創,41,2,39,元富-新店,2023-07-14,5922
00632R,元大台灣50反1,45,10,35,元富-新店,2023-07-14,5922
2324,仁寶,40,6,34,元富-新店,2023-07-14,5922
6111,大宇資,37,4,33,元富-新店,2023-07-14,5922
3711,日月光投控,38,5,33,元富-新店,2023-07-14,5922
2504,國產,31,0,31,元富-新店,2023-07-14,5922
1701,中化,30,1,29,元富-新店,2023-07-14,5922
1503,士電,45,20,25,元富-新店,2023-07-14,5922
6282,康舒,27,4,23,元富-新店,2023-07-14,5922
4533,協易機,35,13,22,元富-新店,2023-07-14,5922
2206,三陽工業,24,2,22,元富-新店,2023-07-14,5922
1101,台泥,23,2,21,元富-新店,2023-07-14,5922
00929,復華台灣科技優息,71,50,21,元富-新店,2023-07-14,5922
3163,波若威,22,2,20,元富-新店,2023-07-14,5922
2547,日勝生,20,0,20,元富-新店,2023-07-14,5922
00669R,國泰美國道瓊反1,20,0,20,元富-新店,2023-07-14,5922
6223,旺矽,23,6,17,元富-新店,2023-07-14,5922
2405,輔信,17,1,16,元富-新店,2023-07-14,5922
5905,南仁湖,15,0,15,元富-新店,2023-07-14,5922
2301,光寶科,66,51,15,元富-新店,2023-07-14,5922
2609,陽明,54,39,15,元富-新店,2023-07-14,5922
5302,太欣,14,0,14,元富-新店,2023-07-14,5922
3032,偉訓,17,3,14,元富-新店,2023-07-14,5922
6235,華孚,32,18,14,元富-新店,2023-07-14,5922
00930,永豐ESG低碳高息,14,0,14,元富-新店,2023-07-14,5922
00757,統一FANG+,13,0,13,元富-新店,2023-07-14,5922
2641,正德,13,0,13,元富-新店,2023-07-14,5922
00882,中信中國高股息,13,0,13,元富-新店,2023-07-14,5922
8358,金居,27,14,13,元富-新店,2023-07-14,5922
00712,復華富時不動產,25,12,13,元富-新店,2023-07-14,5922
3306,鼎天,18,5,13,元富-新店,2023-07-14,5922
6120,達運,18,6,12,元富-新店,2023-07-14,5922
6441,廣錠,12,0,12,元富-新店,2023-07-14,5922
4967,十銓,14,2,12,元富-新店,2023-07-14,5922
2611,志信,12,0,12,元富-新店,2023-07-14,5922
1605,華新,27,15,12,元富-新店,2023-07-14,5922
1102,亞泥,11,0,11,元富-新店,2023-07-14,5922
2312,金寶,20,9,11,元富-新店,2023-07-14,5922
00927,群益半導體收益,10,0,10,元富-新店,2023-07-14,5922
6185,幃翔,10,0,10,元富-新店,2023-07-14,5922
4564,元翎,14,4,10,元富-新店,2023-07-14,5922
00882,中信中國高股息,217,0,217,元富-新店,2023-07-17,5922
2515,中工,186,5,181,元富-新店,2023-07-17,5922
00673R,期元大S＆P原油反1,101,0,101,元富-新店,2023-07-17,5922
2104,國際中橡,100,0,100,元富-新店,2023-07-17,5922
2382,廣達,87,11,76,元富-新店,2023-07-17,5922
4934,太極,85,15,70,元富-新店,2023-07-17,5922
3052,夆典,60,4,56,元富-新店,2023-07-17,5922
2547,日勝生,51,0,51,元富-新店,2023-07-17,5922
2486,一詮,113,62,51,元富-新店,2023-07-17,5922
1609,大亞,66,16,50,元富-新店,2023-07-17,5922
00888,永豐台灣ESG,50,2,48,元富-新店,2023-07-17,5922
2329,華泰,45,3,42,元富-新店,2023-07-17,5922
8277,商丞,40,0,40,元富-新店,2023-07-17,5922
1504,東元,65,30,35,元富-新店,2023-07-17,5922
2358,廷鑫,33,0,33,元富-新店,2023-07-17,5922
8936,國統,46,15,31,元富-新店,2023-07-17,5922
3711,日月光投控,28,0,28,元富-新店,2023-07-17,5922
3380,明泰,38,10,28,元富-新店,2023-07-17,5922
2371,大同,84,57,27,元富-新店,2023-07-17,5922
8028,昇陽半導體,26,0,26,元富-新店,2023-07-17,5922
2855,統一證,25,0,25,元富-新店,2023-07-17,5922
00725B,國泰投資級公司債,25,0,25,元富-新店,2023-07-17,5922
1326,台化,25,1,24,元富-新店,2023-07-17,5922
3032,偉訓,44,20,24,元富-新店,2023-07-17,5922
00772B,中信高評級公司債,23,0,23,元富-新店,2023-07-17,5922
2441,超豐,23,0,23,元富-新店,2023-07-17,5922
00929,復華台灣科技優息,56,35,21,元富-新店,2023-07-17,5922
2881,富邦金,28,7,21,元富-新店,2023-07-17,5922
2312,金寶,39,19,20,元富-新店,2023-07-17,5922
2607,榮運,20,0,20,元富-新店,2023-07-17,5922
1528,恩德,20,0,20,元富-新店,2023-07-17,5922
6223,旺矽,22,5,17,元富-新店,2023-07-17,5922
2892,第一金,17,0,17,元富-新店,2023-07-17,5922
2328,廣宇,18,2,16,元富-新店,2023-07-17,5922
3062,建漢,15,0,15,元富-新店,2023-07-17,5922
2027,大成鋼,16,1,15,元富-新店,2023-07-17,5922
1444,力麗,15,0,15,元富-新店,2023-07-17,5922
00795B,中信美國公債20年,15,0,15,元富-新店,2023-07-17,5922
6235,華孚,21,7,14,元富-新店,2023-07-17,5922
00637L,元大滬深300正2,13,0,13,元富-新店,2023-07-17,5922
1313,聯成,20,8,12,元富-新店,2023-07-17,5922
6117,迎廣,12,0,12,元富-新店,2023-07-17,5922
1618,合機,25,13,12,元富-新店,2023-07-17,5922
3205,佰研,12,0,12,元富-新店,2023-07-17,5922
3037,欣興,45,33,12,元富-新店,2023-07-17,5922
6657,華安,11,0,11,元富-新店,2023-07-17,5922
00921,兆豐龍頭等權重,11,0,11,元富-新店,2023-07-17,5922
5258,虹堡,46,35,11,元富-新店,2023-07-17,5922
2812,台中銀,10,0,10,元富-新店,2023-07-17,5922
00713,元大台灣高息低波,11,1,10,元富-新店,2023-07-17,5922
3481,群創,612,3,609,元富-新店,2023-07-18,5922
2324,仁寶,235,38,197,元富-新店,2023-07-18,5922
2610,華航,163,25,138,元富-新店,2023-07-18,5922
6218,豪勉,104,1,103,元富-新店,2023-07-18,5922
1710,東聯,101,0,101,元富-新店,2023-07-18,5922
3706,神達,148,53,95,元富-新店,2023-07-18,5922
00882,中信中國高股息,127,54,73,元富-新店,2023-07-18,5922
2352,佳世達,104,34,70,元富-新店,2023-07-18,5922
00720B,元大投資級公司債,55,0,55,元富-新店,2023-07-18,5922
1718,中纖,51,0,51,元富-新店,2023-07-18,5922
2323,中環,71,21,50,元富-新店,2023-07-18,5922
00929,復華台灣科技優息,64,17,47,元富-新店,2023-07-18,5922
1806,冠軍,46,0,46,元富-新店,2023-07-18,5922
1618,合機,52,6,46,元富-新店,2023-07-18,5922
1605,華新,55,12,43,元富-新店,2023-07-18,5922
4938,和碩,81,49,32,元富-新店,2023-07-18,5922
1471,首利,41,9,32,元富-新店,2023-07-18,5922
6179,亞通,31,0,31,元富-新店,2023-07-18,5922
3163,波若威,80,51,29,元富-新店,2023-07-18,5922
2449,京元電子,29,0,29,元富-新店,2023-07-18,5922
1326,台化,28,0,28,元富-新店,2023-07-18,5922
2637,慧洋-KY,26,2,24,元富-新店,2023-07-18,5922
2401,凌陽,23,1,22,元富-新店,2023-07-18,5922
2892,第一金,42,20,22,元富-新店,2023-07-18,5922
2385,群光,22,0,22,元富-新店,2023-07-18,5922
2889,國票金,22,1,21,元富-新店,2023-07-18,5922
4533,協易機,21,1,20,元富-新店,2023-07-18,5922
6282,康舒,121,102,19,元富-新店,2023-07-18,5922
2312,金寶,362,343,19,元富-新店,2023-07-18,5922
2356,英業達,142,123,19,元富-新店,2023-07-18,5922
8936,國統,17,0,17,元富-新店,2023-07-18,5922
5302,太欣,23,6,17,元富-新店,2023-07-18,5922
3305,昇貿,19,3,16,元富-新店,2023-07-18,5922
0056,元大高股息,34,18,16,元富-新店,2023-07-18,5922
5439,高技,16,0,16,元富-新店,2023-07-18,5922
6477,安集,16,0,16,元富-新店,2023-07-18,5922
2617,台航,16,0,16,元富-新店,2023-07-18,5922
2102,泰豐,15,0,15,元富-新店,2023-07-18,5922
9907,統一實,15,0,15,元富-新店,2023-07-18,5922
1720,生達,15,0,15,元富-新店,2023-07-18,5922
1514,亞力,25,11,14,元富-新店,2023-07-18,5922
2408,南亞科,13,0,13,元富-新店,2023-07-18,5922
006208,富邦台50,12,0,12,元富-新店,2023-07-18,5922
3029,零壹,12,0,12,元富-新店,2023-07-18,5922
8087,麗升能源,12,0,12,元富-新店,2023-07-18,5922
6191,精成科,13,1,12,元富-新店,2023-07-18,5922
6821,聯寶,12,0,12,元富-新店,2023-07-18,5922
2482,連宇,13,1,12,元富-新店,2023-07-18,5922
6235,華孚,11,0,11,元富-新店,2023-07-18,5922
2374,佳能,13,2,11,元富-新店,2023-07-18,5922
9105,泰金寶-DR,339,14,325,元富-新店,2023-07-19,5922
1314,中石化,214,0,214,元富-新店,2023-07-19,5922
2312,金寶,108,23,85,元富-新店,2023-07-19,5922
4111,濟生,55,0,55,元富-新店,2023-07-19,5922
3711,日月光投控,52,0,52,元富-新店,2023-07-19,5922
00909,國泰數位支付服務,50,0,50,元富-新店,2023-07-19,5922
00921,兆豐龍頭等權重,45,0,45,元富-新店,2023-07-19,5922
1806,冠軍,45,0,45,元富-新店,2023-07-19,5922
00888,永豐台灣ESG,45,0,45,元富-新店,2023-07-19,5922
00878,國泰永續高股息,88,45,43,元富-新店,2023-07-19,5922
2303,聯電,44,3,41,元富-新店,2023-07-19,5922
00720B,元大投資級公司債,34,0,34,元富-新店,2023-07-19,5922
2887,台新金,42,12,30,元富-新店,2023-07-19,5922
00882,中信中國高股息,38,9,29,元富-新店,2023-07-19,5922
2610,華航,82,53,29,元富-新店,2023-07-19,5922
3264,欣銓,34,5,29,元富-新店,2023-07-19,5922
2332,友訊,35,6,29,元富-新店,2023-07-19,5922
2337,旺宏,33,4,29,元富-新店,2023-07-19,5922
00929,復華台灣科技優息,56,28,28,元富-新店,2023-07-19,5922
2515,中工,30,4,26,元富-新店,2023-07-19,5922
2634,漢翔,26,2,24,元富-新店,2023-07-19,5922
4532,瑞智,26,3,23,元富-新店,2023-07-19,5922
3710,連展投控,25,3,22,元富-新店,2023-07-19,5922
4121,優盛,26,4,22,元富-新店,2023-07-19,5922
00715L,期街口布蘭特正2,27,6,21,元富-新店,2023-07-19,5922
2329,華泰,67,46,21,元富-新店,2023-07-19,5922
8358,金居,22,3,19,元富-新店,2023-07-19,5922
2102,泰豐,18,0,18,元富-新店,2023-07-19,5922
4938,和碩,51,34,17,元富-新店,2023-07-19,5922
6442,光聖,18,1,17,元富-新店,2023-07-19,5922
3037,欣興,83,67,16,元富-新店,2023-07-19,5922
5347,世界,16,0,16,元富-新店,2023-07-19,5922
6235,華孚,26,10,16,元富-新店,2023-07-19,5922
2801,彰銀,18,2,16,元富-新店,2023-07-19,5922
1101,台泥,16,0,16,元富-新店,2023-07-19,5922
2881,富邦金,19,4,15,元富-新店,2023-07-19,5922
5512,力麒,15,0,15,元富-新店,2023-07-19,5922
2382,廣達,30,15,15,元富-新店,2023-07-19,5922
2206,三陽工業,18,3,15,元富-新店,2023-07-19,5922
1514,亞力,20,6,14,元富-新店,2023-07-19,5922
6188,廣明,18,5,13,元富-新店,2023-07-19,5922
6443,元晶,15,2,13,元富-新店,2023-07-19,5922
8932,智通*,13,0,13,元富-新店,2023-07-19,5922
2377,微星,12,0,12,元富-新店,2023-07-19,5922
00650L,復華香港正2,12,0,12,元富-新店,2023-07-19,5922
8234,新漢,14,2,12,元富-新店,2023-07-19,5922
00902,中信電池及儲能,12,0,12,元富-新店,2023-07-19,5922
2317,鴻海,45,34,11,元富-新店,2023-07-19,5922
1444,力麗,11,0,11,元富-新店,2023-07-19,5922
2409,友達,12,1,11,元富-新店,2023-07-19,5922
2371,大同,291,32,259,元富-新店,2023-07-20,5922
2405,輔信,213,56,157,元富-新店,2023-07-20,5922
9105,泰金寶-DR,134,0,134,元富-新店,2023-07-20,5922
2303,聯電,144,55,89,元富-新店,2023-07-20,5922
3264,欣銓,76,2,74,元富-新店,2023-07-20,5922
2323,中環,76,5,71,元富-新店,2023-07-20,5922
3035,智原,84,18,66,元富-新店,2023-07-20,5922
2609,陽明,58,23,35,元富-新店,2023-07-20,5922
3037,欣興,74,41,33,元富-新店,2023-07-20,5922
2515,中工,31,1,30,元富-新店,2023-07-20,5922
2409,友達,40,13,27,元富-新店,2023-07-20,5922
3013,晟銘電,34,9,25,元富-新店,2023-07-20,5922
2359,所羅門,23,1,22,元富-新店,2023-07-20,5922
00687B,國泰20年美債,24,3,21,元富-新店,2023-07-20,5922
00929,復華台灣科技優息,21,0,21,元富-新店,2023-07-20,5922
00891,中信關鍵半導體,20,0,20,元富-新店,2023-07-20,5922
6770,力積電,33,13,20,元富-新店,2023-07-20,5922
4123,晟德,150,130,20,元富-新店,2023-07-20,5922
1309,台達化,20,0,20,元富-新店,2023-07-20,5922
8936,國統,30,10,20,元富-新店,2023-07-20,5922
1905,華紙,21,2,19,元富-新店,2023-07-20,5922
6217,中探針,37,19,18,元富-新店,2023-07-20,5922
2206,三陽工業,48,30,18,元富-新店,2023-07-20,5922
00888,永豐台灣ESG,16,0,16,元富-新店,2023-07-20,5922
2436,偉詮電,21,5,16,元富-新店,2023-07-20,5922
3231,緯創,24,9,15,元富-新店,2023-07-20,5922
8028,昇陽半導體,20,5,15,元富-新店,2023-07-20,5922
8374,羅昇,14,0,14,元富-新店,2023-07-20,5922
2425,承啟,15,1,14,元富-新店,2023-07-20,5922
6243,迅杰,13,0,13,元富-新店,2023-07-20,5922
5871,中租-KY,11,0,11,元富-新店,2023-07-20,5922
2637,慧洋-KY,11,0,11,元富-新店,2023-07-20,5922
4207,環泰,11,0,11,元富-新店,2023-07-20,5922
6443,元晶,12,2,10,元富-新店,2023-07-20,5922
2867,三商壽,10,0,10,元富-新店,2023-07-20,5922
2374,佳能,12,2,10,元富-新店,2023-07-20,5922
5475,德宏,10,0,10,元富-新店,2023-07-20,5922
00930,永豐ESG低碳高息,12,2,10,元富-新店,2023-07-20,5922
4977,眾達-KY,13,3,10,元富-新店,2023-07-20,5922
3078,僑威,19,9,10,元富-新店,2023-07-20,5922
2388,威盛,11,1,10,元富-新店,2023-07-20,5922
8050,廣積,11,2,9,元富-新店,2023-07-20,5922
3289,宜特,36,27,9,元富-新店,2023-07-20,5922
2419,仲琦,110,101,9,元富-新店,2023-07-20,5922
3033,威健,10,1,9,元富-新店,2023-07-20,5922
3624,光頡,9,0,9,元富-新店,2023-07-20,5922
2383,台光電,25,16,9,元富-新店,2023-07-20,5922
6122,擎邦,10,1,9,元富-新店,2023-07-20,5922
6128,上福,44,35,9,元富-新店,2023-07-20,5922
6191,精成科,9,0,9,元富-新店,2023-07-20,5922
2303,聯電,173,8,165,元富-新店,2023-07-21,5922
00929,復華台灣科技優息,155,16,139,元富-新店,2023-07-21,5922
2317,鴻海,101,7,94,元富-新店,2023-07-21,5922
02001R,富邦蘋果反一N,90,0,90,元富-新店,2023-07-21,5922
2312,金寶,63,9,54,元富-新店,2023-07-21,5922
2324,仁寶,51,4,47,元富-新店,2023-07-21,5922
5871,中租-KY,44,0,44,元富-新店,2023-07-21,5922
6472,保瑞,51,10,41,元富-新店,2023-07-21,5922
00753L,中信中國50正2,40,0,40,元富-新店,2023-07-21,5922
1710,東聯,38,0,38,元富-新店,2023-07-21,5922
3481,群創,35,1,34,元富-新店,2023-07-21,5922
4919,新唐,33,0,33,元富-新店,2023-07-21,5922
1513,中興電,49,18,31,元富-新店,2023-07-21,5922
2352,佳世達,36,5,31,元富-新店,2023-07-21,5922
9105,泰金寶-DR,30,0,30,元富-新店,2023-07-21,5922
2884,玉山金,30,1,29,元富-新店,2023-07-21,5922
2010,春源,29,0,29,元富-新店,2023-07-21,5922
3689,湧德,30,1,29,元富-新店,2023-07-21,5922
2641,正德,27,0,27,元富-新店,2023-07-21,5922
912000,晨訊科-DR,25,0,25,元富-新店,2023-07-21,5922
00888,永豐台灣ESG,24,0,24,元富-新店,2023-07-21,5922
4953,緯軟,36,13,23,元富-新店,2023-07-21,5922
2330,台積電,25,2,23,元富-新店,2023-07-21,5922
3037,欣興,31,9,22,元富-新店,2023-07-21,5922
00772B,中信高評級公司債,22,0,22,元富-新店,2023-07-21,5922
2344,華邦電,23,1,22,元富-新店,2023-07-21,5922
3581,博磊,21,0,21,元富-新店,2023-07-21,5922
1101,台泥,21,0,21,元富-新店,2023-07-21,5922
6282,康舒,141,121,20,元富-新店,2023-07-21,5922
3028,增你強,20,0,20,元富-新店,2023-07-21,5922
00891,中信關鍵半導體,19,0,19,元富-新店,2023-07-21,5922
6274,台燿,80,61,19,元富-新店,2023-07-21,5922
8028,昇陽半導體,17,0,17,元富-新店,2023-07-21,5922
2425,承啟,25,8,17,元富-新店,2023-07-21,5922
2353,宏��,20,3,17,元富-新店,2023-07-21,5922
6841,長佳智能,60,44,16,元富-新店,2023-07-21,5922
2405,輔信,16,0,16,元富-新店,2023-07-21,5922
2329,華泰,28,14,14,元富-新店,2023-07-21,5922
00679B,元大美債20年,15,2,13,元富-新店,2023-07-21,5922
00712,復華富時不動產,43,30,13,元富-新店,2023-07-21,5922
3583,辛耘,21,8,13,元富-新店,2023-07-21,5922
2634,漢翔,60,47,13,元富-新店,2023-07-21,5922
1529,樂事綠能,14,1,13,元富-新店,2023-07-21,5922
4564,元翎,12,0,12,元富-新店,2023-07-21,5922
2301,光寶科,36,25,11,元富-新店,2023-07-21,5922
3284,太普高,11,0,11,元富-新店,2023-07-21,5922
4746,台耀,17,6,11,元富-新店,2023-07-21,5922
0050,元大台灣50,11,1,10,元富-新店,2023-07-21,5922
2313,華通,11,1,10,元富-新店,2023-07-21,5922
3022,威強電,10,0,10,元富-新店,2023-07-21,5922
2353,宏��,178,21,157,元富-新店,2023-07-24,5922
1217,愛之味,123,4,119,元富-新店,2023-07-24,5922
1513,中興電,103,5,98,元富-新店,2023-07-24,5922
2486,一詮,65,1,64,元富-新店,2023-07-24,5922
6155,鈞寶,51,0,51,元富-新店,2023-07-24,5922
1710,東聯,62,15,47,元富-新店,2023-07-24,5922
2618,長榮航,52,14,38,元富-新店,2023-07-24,5922
1806,冠軍,29,0,29,元富-新店,2023-07-24,5922
3013,晟銘電,33,5,28,元富-新店,2023-07-24,5922
2610,華航,39,11,28,元富-新店,2023-07-24,5922
3019,亞光,25,0,25,元富-新店,2023-07-24,5922
00679B,元大美債20年,25,0,25,元富-新店,2023-07-24,5922
2887,台新金,24,0,24,元富-新店,2023-07-24,5922
6180,橘子,23,0,23,元富-新店,2023-07-24,5922
2884,玉山金,22,0,22,元富-新店,2023-07-24,5922
3481,群創,26,4,22,元富-新店,2023-07-24,5922
3284,太普高,21,0,21,元富-新店,2023-07-24,5922
2504,國產,20,0,20,元富-新店,2023-07-24,5922
1101,台泥,20,0,20,元富-新店,2023-07-24,5922
3051,力特,20,2,18,元富-新店,2023-07-24,5922
9105,泰金寶-DR,22,4,18,元富-新店,2023-07-24,5922
3707,漢磊,24,8,16,元富-新店,2023-07-24,5922
3512,皇龍,16,0,16,元富-新店,2023-07-24,5922
1102,亞泥,15,0,15,元富-新店,2023-07-24,5922
2421,建準,32,18,14,元富-新店,2023-07-24,5922
1504,東元,21,7,14,元富-新店,2023-07-24,5922
3014,聯陽,14,0,14,元富-新店,2023-07-24,5922
2382,廣達,45,31,14,元富-新店,2023-07-24,5922
2609,陽明,19,6,13,元富-新店,2023-07-24,5922
6811,宏�硌穈T,13,0,13,元富-新店,2023-07-24,5922
2891,中信金,12,0,12,元富-新店,2023-07-24,5922
2338,光罩,12,0,12,元富-新店,2023-07-24,5922
1609,大亞,35,23,12,元富-新店,2023-07-24,5922
1904,正隆,14,2,12,元富-新店,2023-07-24,5922
2316,楠梓電,12,0,12,元富-新店,2023-07-24,5922
9907,統一實,12,0,12,元富-新店,2023-07-24,5922
2449,京元電子,16,4,12,元富-新店,2023-07-24,5922
2890,永豐金,11,0,11,元富-新店,2023-07-24,5922
2027,大成鋼,13,2,11,元富-新店,2023-07-24,5922
2369,菱生,11,0,11,元富-新店,2023-07-24,5922
00637L,元大滬深300正2,11,0,11,元富-新店,2023-07-24,5922
2634,漢翔,11,0,11,元富-新店,2023-07-24,5922
00673R,期元大S＆P原油反1,10,0,10,元富-新店,2023-07-24,5922
3071,協禧,13,3,10,元富-新店,2023-07-24,5922
8028,昇陽半導體,24,14,10,元富-新店,2023-07-24,5922
00669R,國泰美國道瓊反1,10,0,10,元富-新店,2023-07-24,5922
2436,偉詮電,11,1,10,元富-新店,2023-07-24,5922
00632R,元大台灣50反1,10,0,10,元富-新店,2023-07-24,5922
2515,中工,10,0,10,元富-新店,2023-07-24,5922
5607,遠雄港,10,0,10,元富-新店,2023-07-24,5922
2323,中環,116,1,115,元富-新店,2023-07-25,5922
1217,愛之味,56,0,56,元富-新店,2023-07-25,5922
00679B,元大美債20年,53,1,52,元富-新店,2023-07-25,5922
3706,神達,61,12,49,元富-新店,2023-07-25,5922
3702,大聯大,35,0,35,元富-新店,2023-07-25,5922
3024,憶聲,31,2,29,元富-新店,2023-07-25,5922
00885,富邦越南,56,30,26,元富-新店,2023-07-25,5922
00930,永豐ESG低碳高息,24,0,24,元富-新店,2023-07-25,5922
5347,世界,23,0,23,元富-新店,2023-07-25,5922
2801,彰銀,23,0,23,元富-新店,2023-07-25,5922
6191,精成科,49,26,23,元富-新店,2023-07-25,5922
00929,復華台灣科技優息,53,32,21,元富-新店,2023-07-25,5922
3694,海華,26,5,21,元富-新店,2023-07-25,5922
2368,金像電,34,14,20,元富-新店,2023-07-25,5922
00676R,富邦臺灣加權反1,20,0,20,元富-新店,2023-07-25,5922
6124,業強,20,0,20,元富-新店,2023-07-25,5922
2504,國產,20,0,20,元富-新店,2023-07-25,5922
3325,旭品,21,2,19,元富-新店,2023-07-25,5922
6125,廣運,47,28,19,元富-新店,2023-07-25,5922
1609,大亞,17,1,16,元富-新店,2023-07-25,5922
8249,菱光,17,1,16,元富-新店,2023-07-25,5922
2891,中信金,20,6,14,元富-新店,2023-07-25,5922
5871,中租-KY,14,0,14,元富-新店,2023-07-25,5922
2464,盟立,15,2,13,元富-新店,2023-07-25,5922
6443,元晶,14,1,13,元富-新店,2023-07-25,5922
3596,智易,15,2,13,元富-新店,2023-07-25,5922
2609,陽明,12,0,12,元富-新店,2023-07-25,5922
00751B,元大AAA至A公司債,12,0,12,元富-新店,2023-07-25,5922
2449,京元電子,32,20,12,元富-新店,2023-07-25,5922
00712,復華富時不動產,12,0,12,元富-新店,2023-07-25,5922
2419,仲琦,36,24,12,元富-新店,2023-07-25,5922
2884,玉山金,16,4,12,元富-新店,2023-07-25,5922
0056,元大高股息,56,44,12,元富-新店,2023-07-25,5922
2637,慧洋-KY,11,0,11,元富-新店,2023-07-25,5922
1806,冠軍,11,0,11,元富-新店,2023-07-25,5922
8926,台汽電,14,3,11,元富-新店,2023-07-25,5922
6129,普誠,10,0,10,元富-新店,2023-07-25,5922
1608,華榮,10,0,10,元富-新店,2023-07-25,5922
00669R,國泰美國道瓊反1,10,0,10,元富-新店,2023-07-25,5922
6491,晶碩,10,0,10,元富-新店,2023-07-25,5922
6136,富爾特,10,0,10,元富-新店,2023-07-25,5922
4533,協易機,12,2,10,元富-新店,2023-07-25,5922
6147,頎邦,11,1,10,元富-新店,2023-07-25,5922
2454,聯發科,14,4,10,元富-新店,2023-07-25,5922
5439,高技,21,12,9,元富-新店,2023-07-25,5922
8048,德勝,10,1,9,元富-新店,2023-07-25,5922
1319,東陽,10,1,9,元富-新店,2023-07-25,5922
2457,飛宏,9,0,9,元富-新店,2023-07-25,5922
6187,萬潤,18,9,9,元富-新店,2023-07-25,5922
2382,廣達,61,53,8,元富-新店,2023-07-25,5922
1217,愛之味,105,5,100,元富-新店,2023-07-26,5922
3481,群創,133,33,100,元富-新店,2023-07-26,5922
00665L,富邦�琤肭磪囓�2,61,0,61,元富-新店,2023-07-26,5922
00891,中信關鍵半導體,45,0,45,元富-新店,2023-07-26,5922
00929,復華台灣科技優息,44,3,41,元富-新店,2023-07-26,5922
1504,東元,135,95,40,元富-新店,2023-07-26,5922
2371,大同,38,4,34,元富-新店,2023-07-26,5922
2303,聯電,34,3,31,元富-新店,2023-07-26,5922
6282,康舒,49,19,30,元富-新店,2023-07-26,5922
3363,上詮,31,2,29,元富-新店,2023-07-26,5922
00720B,元大投資級公司債,33,5,28,元富-新店,2023-07-26,5922
2337,旺宏,27,1,26,元富-新店,2023-07-26,5922
3306,鼎天,34,9,25,元富-新店,2023-07-26,5922
1402,遠東新,25,0,25,元富-新店,2023-07-26,5922
00712,復華富時不動產,23,1,22,元富-新店,2023-07-26,5922
00679B,元大美債20年,22,0,22,元富-新店,2023-07-26,5922
5347,世界,21,0,21,元富-新店,2023-07-26,5922
1609,大亞,21,0,21,元富-新店,2023-07-26,5922
2354,鴻準,21,0,21,元富-新店,2023-07-26,5922
6841,長佳智能,30,9,21,元富-新店,2023-07-26,5922
4533,協易機,45,25,20,元富-新店,2023-07-26,5922
2457,飛宏,21,2,19,元富-新店,2023-07-26,5922
2425,承啟,47,29,18,元富-新店,2023-07-26,5922
4919,新唐,21,3,18,元富-新店,2023-07-26,5922
6125,廣運,39,22,17,元富-新店,2023-07-26,5922
2421,建準,35,19,16,元富-新店,2023-07-26,5922
8358,金居,76,60,16,元富-新店,2023-07-26,5922
2641,正德,15,0,15,元富-新店,2023-07-26,5922
2890,永豐金,18,3,15,元富-新店,2023-07-26,5922
2801,彰銀,16,2,14,元富-新店,2023-07-26,5922
00751B,元大AAA至A公司債,14,0,14,元富-新店,2023-07-26,5922
6235,華孚,44,31,13,元富-新店,2023-07-26,5922
6213,聯茂,25,12,13,元富-新店,2023-07-26,5922
2356,英業達,20,8,12,元富-新店,2023-07-26,5922
6245,立端,12,0,12,元富-新店,2023-07-26,5922
6274,台燿,59,48,11,元富-新店,2023-07-26,5922
1720,生達,11,0,11,元富-新店,2023-07-26,5922
4564,元翎,22,11,11,元富-新店,2023-07-26,5922
6257,矽格,11,0,11,元富-新店,2023-07-26,5922
6770,力積電,21,10,11,元富-新店,2023-07-26,5922
3231,緯創,21,11,10,元富-新店,2023-07-26,5922
2301,光寶科,49,39,10,元富-新店,2023-07-26,5922
1319,東陽,23,13,10,元富-新店,2023-07-26,5922
00725B,國泰投資級公司債,10,0,10,元富-新店,2023-07-26,5922
00669R,國泰美國道瓊反1,10,0,10,元富-新店,2023-07-26,5922
4440,宜新實業,10,0,10,元富-新店,2023-07-26,5922
8390,金益鼎,10,0,10,元富-新店,2023-07-26,5922
3515,華擎,11,1,10,元富-新店,2023-07-26,5922
00923,群益台ESG低碳50,10,0,10,元富-新店,2023-07-26,5922
3323,加百裕,10,0,10,元富-新店,2023-07-26,5922
2913,農林,320,44,276,元富-新店,2023-07-27,5922
6116,彩晶,272,49,223,元富-新店,2023-07-27,5922
00720B,元大投資級公司債,72,0,72,元富-新店,2023-07-27,5922
1453,大將,46,0,46,元富-新店,2023-07-27,5922
00679B,元大美債20年,36,0,36,元富-新店,2023-07-27,5922
1609,大亞,40,5,35,元富-新店,2023-07-27,5922
2405,輔信,37,4,33,元富-新店,2023-07-27,5922
4904,遠傳,30,0,30,元富-新店,2023-07-27,5922
2504,國產,30,0,30,元富-新店,2023-07-27,5922
6188,廣明,47,20,27,元富-新店,2023-07-27,5922
2884,玉山金,30,3,27,元富-新店,2023-07-27,5922
6411,晶焱,35,8,27,元富-新店,2023-07-27,5922
00902,中信電池及儲能,29,3,26,元富-新店,2023-07-27,5922
1504,東元,49,25,24,元富-新店,2023-07-27,5922
00632R,元大台灣50反1,22,0,22,元富-新店,2023-07-27,5922
2425,承啟,32,11,21,元富-新店,2023-07-27,5922
1904,正隆,51,30,21,元富-新店,2023-07-27,5922
8390,金益鼎,23,4,19,元富-新店,2023-07-27,5922
1522,堤維西,20,1,19,元富-新店,2023-07-27,5922
8050,廣積,23,6,17,元富-新店,2023-07-27,5922
6244,茂迪,20,3,17,元富-新店,2023-07-27,5922
00665L,富邦�琤肭磪囓�2,16,0,16,元富-新店,2023-07-27,5922
2887,台新金,25,10,15,元富-新店,2023-07-27,5922
2377,微星,20,5,15,元富-新店,2023-07-27,5922
2317,鴻海,27,12,15,元富-新店,2023-07-27,5922
3325,旭品,16,1,15,元富-新店,2023-07-27,5922
3032,偉訓,17,2,15,元富-新店,2023-07-27,5922
2371,大同,18,3,15,元富-新店,2023-07-27,5922
4939,亞電,15,0,15,元富-新店,2023-07-27,5922
6125,廣運,75,61,14,元富-新店,2023-07-27,5922
6243,迅杰,13,0,13,元富-新店,2023-07-27,5922
1303,南亞,14,1,13,元富-新店,2023-07-27,5922
1708,東鹼,13,0,13,元富-新店,2023-07-27,5922
5410,國眾,14,1,13,元富-新店,2023-07-27,5922
2002,中鋼,20,9,11,元富-新店,2023-07-27,5922
3264,欣銓,12,1,11,元富-新店,2023-07-27,5922
1217,愛之味,21,10,11,元富-新店,2023-07-27,5922
3022,威強電,11,0,11,元富-新店,2023-07-27,5922
00929,復華台灣科技優息,30,19,11,元富-新店,2023-07-27,5922
2337,旺宏,11,0,11,元富-新店,2023-07-27,5922
4532,瑞智,46,35,11,元富-新店,2023-07-27,5922
2103,台橡,11,0,11,元富-新店,2023-07-27,5922
6196,帆宣,11,0,11,元富-新店,2023-07-27,5922
4108,懷特,10,0,10,元富-新店,2023-07-27,5922
2801,彰銀,10,0,10,元富-新店,2023-07-27,5922
00664R,國泰臺灣加權反1,10,0,10,元富-新店,2023-07-27,5922
00673R,期元大S＆P原油反1,10,0,10,元富-新店,2023-07-27,5922
6697,東捷資訊,10,0,10,元富-新店,2023-07-27,5922
3706,神達,10,1,9,元富-新店,2023-07-27,5922
4915,致伸,9,0,9,元富-新店,2023-07-27,5922
2888,新光金,328,29,299,元富-新店,2023-07-28,5922
00929,復華台灣科技優息,145,22,123,元富-新店,2023-07-28,5922
6505,台塑化,110,0,110,元富-新店,2023-07-28,5922
3325,旭品,105,3,102,元富-新店,2023-07-28,5922
00679B,元大美債20年,92,2,90,元富-新店,2023-07-28,5922
2317,鴻海,88,1,87,元富-新店,2023-07-28,5922
2891,中信金,70,2,68,元富-新店,2023-07-28,5922
00712,復華富時不動產,67,0,67,元富-新店,2023-07-28,5922
6548,長科*,60,5,55,元富-新店,2023-07-28,5922
1815,富喬,94,46,48,元富-新店,2023-07-28,5922
6285,啟��,41,2,39,元富-新店,2023-07-28,5922
2002,中鋼,39,2,37,元富-新店,2023-07-28,5922
3231,緯創,68,33,35,元富-新店,2023-07-28,5922
2344,華邦電,41,6,35,元富-新店,2023-07-28,5922
4207,環泰,85,52,33,元富-新店,2023-07-28,5922
00772B,中信高評級公司債,31,0,31,元富-新店,2023-07-28,5922
1907,永豐餘,36,6,30,元富-新店,2023-07-28,5922
00687B,國泰20年美債,29,0,29,元富-新店,2023-07-28,5922
3037,欣興,30,2,28,元富-新店,2023-07-28,5922
2887,台新金,28,0,28,元富-新店,2023-07-28,5922
2382,廣達,61,34,27,元富-新店,2023-07-28,5922
3033,威健,47,21,26,元富-新店,2023-07-28,5922
00795B,中信美國公債20年,26,0,26,元富-新店,2023-07-28,5922
8109,博大,26,1,25,元富-新店,2023-07-28,5922
00688L,國泰20年美債正2,25,0,25,元富-新店,2023-07-28,5922
6111,大宇資,45,20,25,元富-新店,2023-07-28,5922
2323,中環,24,0,24,元富-新店,2023-07-28,5922
6282,康舒,57,34,23,元富-新店,2023-07-28,5922
1905,華紙,116,93,23,元富-新店,2023-07-28,5922
3711,日月光投控,29,6,23,元富-新店,2023-07-28,5922
3217,優群,22,1,21,元富-新店,2023-07-28,5922
6589,台康生技,21,0,21,元富-新店,2023-07-28,5922
00722B,群益投資級電信債,20,0,20,元富-新店,2023-07-28,5922
6015,宏遠證,20,0,20,元富-新店,2023-07-28,5922
2610,華航,29,10,19,元富-新店,2023-07-28,5922
3260,威剛,21,3,18,元富-新店,2023-07-28,5922
2231,為升,18,0,18,元富-新店,2023-07-28,5922
00720B,元大投資級公司債,18,0,18,元富-新店,2023-07-28,5922
2027,大成鋼,18,1,17,元富-新店,2023-07-28,5922
00751B,元大AAA至A公司債,17,0,17,元富-新店,2023-07-28,5922
8277,商丞,18,1,17,元富-新店,2023-07-28,5922
2409,友達,201,186,15,元富-新店,2023-07-28,5922
1711,永光,15,0,15,元富-新店,2023-07-28,5922
2606,裕民,21,6,15,元富-新店,2023-07-28,5922
3289,宜特,28,14,14,元富-新店,2023-07-28,5922
2104,國際中橡,14,0,14,元富-新店,2023-07-28,5922
6203,海韻電,14,0,14,元富-新店,2023-07-28,5922
1721,三晃,13,0,13,元富-新店,2023-07-28,5922
5302,太欣,13,0,13,元富-新店,2023-07-28,5922
6657,華安,13,0,13,元富-新店,2023-07-28,5922
020033,統一�琤肮黕篾,598,0,598,元富-新店,2023-07-31,5922
00665L,富邦�琤肭磪囓�2,274,7,267,元富-新店,2023-07-31,5922
00632R,元大台灣50反1,223,53,170,元富-新店,2023-07-31,5922
3481,群創,175,8,167,元富-新店,2023-07-31,5922
3704,合勤控,123,5,118,元富-新店,2023-07-31,5922
2409,友達,146,52,94,元富-新店,2023-07-31,5922
2317,鴻海,86,4,82,元富-新店,2023-07-31,5922
2801,彰銀,52,0,52,元富-新店,2023-07-31,5922
2486,一詮,102,52,50,元富-新店,2023-07-31,5922
00751B,元大AAA至A公司債,48,0,48,元富-新店,2023-07-31,5922
3078,僑威,63,16,47,元富-新店,2023-07-31,5922
4207,環泰,41,0,41,元富-新店,2023-07-31,5922
2881,富邦金,39,2,37,元富-新店,2023-07-31,5922
2915,潤泰全,34,0,34,元富-新店,2023-07-31,5922
6290,良維,32,0,32,元富-新店,2023-07-31,5922
2382,廣達,89,58,31,元富-新店,2023-07-31,5922
6573,虹揚-KY,30,0,30,元富-新店,2023-07-31,5922
00878,國泰永續高股息,175,145,30,元富-新店,2023-07-31,5922
4960,誠美材,41,12,29,元富-新店,2023-07-31,5922
2891,中信金,32,3,29,元富-新店,2023-07-31,5922
2609,陽明,34,6,28,元富-新店,2023-07-31,5922
3037,欣興,49,23,26,元富-新店,2023-07-31,5922
8109,博大,26,0,26,元富-新店,2023-07-31,5922
2352,佳世達,48,23,25,元富-新店,2023-07-31,5922
2610,華航,36,11,25,元富-新店,2023-07-31,5922
00713,元大台灣高息低波,23,0,23,元富-新店,2023-07-31,5922
2405,輔信,23,0,23,元富-新店,2023-07-31,5922
2002,中鋼,24,1,23,元富-新店,2023-07-31,5922
2329,華泰,109,86,23,元富-新店,2023-07-31,5922
2104,國際中橡,22,0,22,元富-新店,2023-07-31,5922
4961,天鈺,20,0,20,元富-新店,2023-07-31,5922
6505,台塑化,20,0,20,元富-新店,2023-07-31,5922
6270,倍微,20,0,20,元富-新店,2023-07-31,5922
2611,志信,19,0,19,元富-新店,2023-07-31,5922
6206,飛捷,19,0,19,元富-新店,2023-07-31,5922
2027,大成鋼,18,1,17,元富-新店,2023-07-31,5922
6830,汎銓,17,0,17,元富-新店,2023-07-31,5922
4977,眾達-KY,21,4,17,元富-新店,2023-07-31,5922
6417,韋僑,16,0,16,元富-新店,2023-07-31,5922
4904,遠傳,20,4,16,元富-新店,2023-07-31,5922
6274,台燿,59,43,16,元富-新店,2023-07-31,5922
8358,金居,27,12,15,元富-新店,2023-07-31,5922
2107,厚生,14,0,14,元富-新店,2023-07-31,5922
2371,大同,18,4,14,元富-新店,2023-07-31,5922
6223,旺矽,15,1,14,元富-新店,2023-07-31,5922
2356,英業達,22,9,13,元富-新店,2023-07-31,5922
00679B,元大美債20年,65,52,13,元富-新店,2023-07-31,5922
1503,士電,16,3,13,元富-新店,2023-07-31,5922
3306,鼎天,21,8,13,元富-新店,2023-07-31,5922
2419,仲琦,18,5,13,元富-新店,2023-07-31,5922
020033,統一�琤肮黕篾,773,0,773,元富-新店,2023-08-01,5922
00680L,元大美債20正2,400,0,400,元富-新店,2023-08-01,5922
2312,金寶,529,299,230,元富-新店,2023-08-01,5922
2362,藍天,120,0,120,元富-新店,2023-08-01,5922
00762,元大全球AI,75,0,75,元富-新店,2023-08-01,5922
00929,復華台灣科技優息,65,2,63,元富-新店,2023-08-01,5922
6548,長科*,61,1,60,元富-新店,2023-08-01,5922
2891,中信金,52,1,51,元富-新店,2023-08-01,5922
6188,廣明,68,28,40,元富-新店,2023-08-01,5922
3711,日月光投控,40,0,40,元富-新店,2023-08-01,5922
2382,廣達,131,92,39,元富-新店,2023-08-01,5922
2303,聯電,37,1,36,元富-新店,2023-08-01,5922
00632R,元大台灣50反1,40,5,35,元富-新店,2023-08-01,5922
2801,彰銀,34,1,33,元富-新店,2023-08-01,5922
2363,矽統,40,11,29,元富-新店,2023-08-01,5922
2329,華泰,39,10,29,元富-新店,2023-08-01,5922
2388,威盛,29,1,28,元富-新店,2023-08-01,5922
3052,夆典,31,5,26,元富-新店,2023-08-01,5922
6270,倍微,25,0,25,元富-新店,2023-08-01,5922
3704,合勤控,33,12,21,元富-新店,2023-08-01,5922
2903,遠百,20,0,20,元富-新店,2023-08-01,5922
00669R,國泰美國道瓊反1,20,0,20,元富-新店,2023-08-01,5922
6218,豪勉,23,3,20,元富-新店,2023-08-01,5922
3209,全科,20,0,20,元富-新店,2023-08-01,5922
4904,遠傳,20,0,20,元富-新店,2023-08-01,5922
8048,德勝,19,0,19,元富-新店,2023-08-01,5922
0056,元大高股息,37,18,19,元富-新店,2023-08-01,5922
2352,佳世達,20,2,18,元富-新店,2023-08-01,5922
2409,友達,60,43,17,元富-新店,2023-08-01,5922
2385,群光,16,0,16,元富-新店,2023-08-01,5922
1513,中興電,19,4,15,元富-新店,2023-08-01,5922
00679B,元大美債20年,15,1,14,元富-新店,2023-08-01,5922
2002,中鋼,18,4,14,元富-新店,2023-08-01,5922
2201,裕隆,21,8,13,元富-新店,2023-08-01,5922
4953,緯軟,13,0,13,元富-新店,2023-08-01,5922
3056,富華新,13,0,13,元富-新店,2023-08-01,5922
2890,永豐金,13,0,13,元富-新店,2023-08-01,5922
00882,中信中國高股息,20,8,12,元富-新店,2023-08-01,5922
00722B,群益投資級電信債,12,0,12,元富-新店,2023-08-01,5922
00753L,中信中國50正2,12,0,12,元富-新店,2023-08-01,5922
3078,僑威,13,2,11,元富-新店,2023-08-01,5922
4956,光鋐,12,1,11,元富-新店,2023-08-01,5922
6239,力成,12,2,10,元富-新店,2023-08-01,5922
3105,穩懋,10,0,10,元富-新店,2023-08-01,5922
1471,首利,10,0,10,元富-新店,2023-08-01,5922
8049,晶采,10,0,10,元富-新店,2023-08-01,5922
9907,統一實,10,0,10,元富-新店,2023-08-01,5922
00673R,期元大S＆P原油反1,9,0,9,元富-新店,2023-08-01,5922
1905,華紙,194,185,9,元富-新店,2023-08-01,5922
2851,中再保,10,1,9,元富-新店,2023-08-01,5922
3481,群創,368,16,352,元富-新店,2023-08-02,5922
2415,錩新,328,0,328,元富-新店,2023-08-02,5922
2892,第一金,305,0,305,元富-新店,2023-08-02,5922
00878,國泰永續高股息,325,80,245,元富-新店,2023-08-02,5922
2312,金寶,210,24,186,元富-新店,2023-08-02,5922
00720B,元大投資級公司債,147,0,147,元富-新店,2023-08-02,5922
00688L,國泰20年美債正2,120,0,120,元富-新店,2023-08-02,5922
00885,富邦越南,119,3,116,元富-新店,2023-08-02,5922
00900,富邦特選高股息30,104,2,102,元富-新店,2023-08-02,5922
1605,華新,200,101,99,元富-新店,2023-08-02,5922
6505,台塑化,90,0,90,元富-新店,2023-08-02,5922
00929,復華台灣科技優息,91,3,88,元富-新店,2023-08-02,5922
6116,彩晶,103,20,83,元富-新店,2023-08-02,5922
0056,元大高股息,120,38,82,元富-新店,2023-08-02,5922
1809,中釉,81,1,80,元富-新店,2023-08-02,5922
020033,統一�琤肮黕篾,76,0,76,元富-新店,2023-08-02,5922
00632R,元大台灣50反1,135,61,74,元富-新店,2023-08-02,5922
6548,長科*,68,0,68,元富-新店,2023-08-02,5922
1219,福壽,53,0,53,元富-新店,2023-08-02,5922
2515,中工,54,3,51,元富-新店,2023-08-02,5922
2883,凱基金,48,2,46,元富-新店,2023-08-02,5922
00680L,元大美債20正2,45,0,45,元富-新店,2023-08-02,5922
2301,光寶科,57,14,43,元富-新店,2023-08-02,5922
00902,中信電池及儲能,43,0,43,元富-新店,2023-08-02,5922
00679B,元大美債20年,44,1,43,元富-新店,2023-08-02,5922
2886,兆豐金,45,5,40,元富-新店,2023-08-02,5922
6282,康舒,58,20,38,元富-新店,2023-08-02,5922
2014,中鴻,57,19,38,元富-新店,2023-08-02,5922
3231,緯創,147,110,37,元富-新店,2023-08-02,5922
2801,彰銀,34,0,34,元富-新店,2023-08-02,5922
2891,中信金,36,2,34,元富-新店,2023-08-02,5922
2206,三陽工業,38,4,34,元富-新店,2023-08-02,5922
00751B,元大AAA至A公司債,40,8,32,元富-新店,2023-08-02,5922
00687B,國泰20年美債,27,0,27,元富-新店,2023-08-02,5922
2344,華邦電,28,3,25,元富-新店,2023-08-02,5922
00640L,富邦日本正2,25,1,24,元富-新店,2023-08-02,5922
2002,中鋼,22,0,22,元富-新店,2023-08-02,5922
3706,神達,26,4,22,元富-新店,2023-08-02,5922
00923,群益台ESG低碳50,22,0,22,元富-新店,2023-08-02,5922
2323,中環,23,1,22,元富-新店,2023-08-02,5922
8027,鈦昇,22,1,21,元富-新店,2023-08-02,5922
2409,友達,37,17,20,元富-新店,2023-08-02,5922
6285,啟��,30,11,19,元富-新店,2023-08-02,5922
2888,新光金,33,14,19,元富-新店,2023-08-02,5922
2903,遠百,20,1,19,元富-新店,2023-08-02,5922
4950,牧東,19,0,19,元富-新店,2023-08-02,5922
2610,華航,23,5,18,元富-新店,2023-08-02,5922
2851,中再保,20,2,18,元富-新店,2023-08-02,5922
00882,中信中國高股息,21,4,17,元富-新店,2023-08-02,5922
5880,合庫金,17,0,17,元富-新店,2023-08-02,5922
3231,緯創,352,109,243,元富-新店,2023-08-04,5922
00680L,元大美債20正2,207,0,207,元富-新店,2023-08-04,5922
00632R,元大台灣50反1,270,68,202,元富-新店,2023-08-04,5922
00720B,元大投資級公司債,164,0,164,元富-新店,2023-08-04,5922
2020,美亞,167,5,162,元富-新店,2023-08-04,5922
2892,第一金,152,0,152,元富-新店,2023-08-04,5922
2344,華邦電,137,12,125,元富-新店,2023-08-04,5922
00929,復華台灣科技優息,143,21,122,元富-新店,2023-08-04,5922
2891,中信金,121,0,121,元富-新店,2023-08-04,5922
5880,合庫金,100,0,100,元富-新店,2023-08-04,5922
00688L,國泰20年美債正2,75,0,75,元富-新店,2023-08-04,5922
00679B,元大美債20年,102,30,72,元富-新店,2023-08-04,5922
020033,統一�琤肮黕篾,61,0,61,元富-新店,2023-08-04,5922
00900,富邦特選高股息30,54,0,54,元富-新店,2023-08-04,5922
2801,彰銀,51,0,51,元富-新店,2023-08-04,5922
1605,華新,75,26,49,元富-新店,2023-08-04,5922
00687B,國泰20年美債,49,0,49,元富-新店,2023-08-04,5922
2356,英業達,83,37,46,元富-新店,2023-08-04,5922
00795B,中信美國公債20年,44,0,44,元富-新店,2023-08-04,5922
1608,華榮,53,13,40,元富-新店,2023-08-04,5922
00772B,中信高評級公司債,33,2,31,元富-新店,2023-08-04,5922
2883,凱基金,31,1,30,元富-新店,2023-08-04,5922
8932,智通*,36,6,30,元富-新店,2023-08-04,5922
00751B,元大AAA至A公司債,37,13,24,元富-新店,2023-08-04,5922
2913,農林,339,315,24,元富-新店,2023-08-04,5922
3581,博磊,26,3,23,元富-新店,2023-08-04,5922
1806,冠軍,23,0,23,元富-新店,2023-08-04,5922
00673R,期元大S＆P原油反1,23,1,22,元富-新店,2023-08-04,5922
00891,中信關鍵半導體,23,1,22,元富-新店,2023-08-04,5922
2349,錸德,20,0,20,元富-新店,2023-08-04,5922
2890,永豐金,20,1,19,元富-新店,2023-08-04,5922
00724B,群益投資級金融債,19,0,19,元富-新店,2023-08-04,5922
8027,鈦昇,21,2,19,元富-新店,2023-08-04,5922
4746,台耀,16,0,16,元富-新店,2023-08-04,5922
6788,華景電,17,1,16,元富-新店,2023-08-04,5922
3062,建漢,25,9,16,元富-新店,2023-08-04,5922
00881,國泰台灣5G+,16,0,16,元富-新店,2023-08-04,5922
00757,統一FANG+,15,0,15,元富-新店,2023-08-04,5922
3715,定穎投控,18,3,15,元富-新店,2023-08-04,5922
3325,旭品,133,118,15,元富-新店,2023-08-04,5922
6443,元晶,16,2,14,元富-新店,2023-08-04,5922
1711,永光,14,0,14,元富-新店,2023-08-04,5922
1409,新纖,14,0,14,元富-新店,2023-08-04,5922
1216,統一,14,0,14,元富-新店,2023-08-04,5922
3056,富華新,13,0,13,元富-新店,2023-08-04,5922
6114,久威,12,0,12,元富-新店,2023-08-04,5922
00725B,國泰投資級公司債,21,10,11,元富-新店,2023-08-04,5922
2330,台積電,10,0,10,元富-新店,2023-08-04,5922
1905,華紙,50,40,10,元富-新店,2023-08-04,5922
1784,訊聯,10,0,10,元富-新店,2023-08-04,5922
2888,新光金,303,15,288,元富-新店,2023-08-07,5922
2301,光寶科,309,73,236,元富-新店,2023-08-07,5922
00720B,元大投資級公司債,119,0,119,元富-新店,2023-08-07,5922
6189,豐藝,91,0,91,元富-新店,2023-08-07,5922
3325,旭品,99,14,85,元富-新店,2023-08-07,5922
2317,鴻海,72,7,65,元富-新店,2023-08-07,5922
00751B,元大AAA至A公司債,42,0,42,元富-新店,2023-08-07,5922
2913,農林,73,34,39,元富-新店,2023-08-07,5922
00772B,中信高評級公司債,39,0,39,元富-新店,2023-08-07,5922
2610,華航,54,15,39,元富-新店,2023-08-07,5922
00882,中信中國高股息,37,2,35,元富-新店,2023-08-07,5922
00929,復華台灣科技優息,52,19,33,元富-新店,2023-08-07,5922
5009,榮剛,43,12,31,元富-新店,2023-08-07,5922
8105,凌巨,30,0,30,元富-新店,2023-08-07,5922
2382,廣達,140,111,29,元富-新店,2023-08-07,5922
8027,鈦昇,35,7,28,元富-新店,2023-08-07,5922
00632R,元大台灣50反1,49,21,28,元富-新店,2023-08-07,5922
2618,長榮航,80,54,26,元富-新店,2023-08-07,5922
8028,昇陽半導體,50,25,25,元富-新店,2023-08-07,5922
1609,大亞,25,1,24,元富-新店,2023-08-07,5922
1907,永豐餘,23,0,23,元富-新店,2023-08-07,5922
6176,瑞儀,22,0,22,元富-新店,2023-08-07,5922
00637L,元大滬深300正2,19,0,19,元富-新店,2023-08-07,5922
5340,建榮,28,9,19,元富-新店,2023-08-07,5922
3021,鴻名,19,0,19,元富-新店,2023-08-07,5922
00902,中信電池及儲能,16,0,16,元富-新店,2023-08-07,5922
6125,廣運,33,18,15,元富-新店,2023-08-07,5922
00913,兆豐台灣晶圓製造,15,0,15,元富-新店,2023-08-07,5922
2352,佳世達,42,27,15,元富-新店,2023-08-07,5922
2409,友達,27,14,13,元富-新店,2023-08-07,5922
2603,長榮,13,1,12,元富-新店,2023-08-07,5922
6285,啟��,28,16,12,元富-新店,2023-08-07,5922
2028,威致,12,0,12,元富-新店,2023-08-07,5922
8213,志超,11,0,11,元富-新店,2023-08-07,5922
4942,嘉彰,11,0,11,元富-新店,2023-08-07,5922
1904,正隆,16,6,10,元富-新店,2023-08-07,5922
2393,億光,10,0,10,元富-新店,2023-08-07,5922
6155,鈞寶,10,0,10,元富-新店,2023-08-07,5922
2897,王道銀行,10,0,10,元富-新店,2023-08-07,5922
3576,聯合再生,20,10,10,元富-新店,2023-08-07,5922
4129,聯合,10,0,10,元富-新店,2023-08-07,5922
1608,華榮,10,0,10,元富-新店,2023-08-07,5922
1909,榮成,10,0,10,元富-新店,2023-08-07,5922
2890,永豐金,12,3,9,元富-新店,2023-08-07,5922
2009,第一銅,13,4,9,元富-新店,2023-08-07,5922
8086,宏捷科,34,25,9,元富-新店,2023-08-07,5922
00795B,中信美國公債20年,9,0,9,元富-新店,2023-08-07,5922
2498,宏達電,20,11,9,元富-新店,2023-08-07,5922
00687B,國泰20年美債,14,5,9,元富-新店,2023-08-07,5922
2458,義隆,9,1,8,元富-新店,2023-08-07,5922
2415,錩新,1529,4,1525,元富-新店,2023-08-08,5922
2892,第一金,150,0,150,元富-新店,2023-08-08,5922
8932,智通*,150,0,150,元富-新店,2023-08-08,5922
00929,復華台灣科技優息,128,20,108,元富-新店,2023-08-08,5922
00878,國泰永續高股息,107,18,89,元富-新店,2023-08-08,5922
2329,華泰,94,13,81,元富-新店,2023-08-08,5922
2303,聯電,71,6,65,元富-新店,2023-08-08,5922
00900,富邦特選高股息30,64,1,63,元富-新店,2023-08-08,5922
00891,中信關鍵半導體,51,0,51,元富-新店,2023-08-08,5922
00931B,統一美債20年,50,0,50,元富-新店,2023-08-08,5922
6188,廣明,89,40,49,元富-新店,2023-08-08,5922
2352,佳世達,49,1,48,元富-新店,2023-08-08,5922
3052,夆典,43,0,43,元富-新店,2023-08-08,5922
2486,一詮,41,0,41,元富-新店,2023-08-08,5922
00632R,元大台灣50反1,50,10,40,元富-新店,2023-08-08,5922
2324,仁寶,45,9,36,元富-新店,2023-08-08,5922
2888,新光金,40,7,33,元富-新店,2023-08-08,5922
2890,永豐金,31,0,31,元富-新店,2023-08-08,5922
2388,威盛,38,7,31,元富-新店,2023-08-08,5922
3706,神達,53,23,30,元富-新店,2023-08-08,5922
00882,中信中國高股息,30,0,30,元富-新店,2023-08-08,5922
2356,英業達,61,33,28,元富-新店,2023-08-08,5922
6573,虹揚-KY,25,0,25,元富-新店,2023-08-08,5922
3036,文曄,25,1,24,元富-新店,2023-08-08,5922
5439,高技,26,4,22,元富-新店,2023-08-08,5922
2408,南亞科,21,0,21,元富-新店,2023-08-08,5922
1217,愛之味,21,0,21,元富-新店,2023-08-08,5922
00881,國泰台灣5G+,20,0,20,元富-新店,2023-08-08,5922
6405,悅城,20,0,20,元富-新店,2023-08-08,5922
2887,台新金,19,0,19,元富-新店,2023-08-08,5922
9955,佳龍,18,0,18,元富-新店,2023-08-08,5922
2801,彰銀,17,0,17,元富-新店,2023-08-08,5922
3596,智易,21,4,17,元富-新店,2023-08-08,5922
2014,中鴻,18,1,17,元富-新店,2023-08-08,5922
8255,朋程,16,0,16,元富-新店,2023-08-08,5922
00688L,國泰20年美債正2,15,0,15,元富-新店,2023-08-08,5922
2504,國產,15,0,15,元富-新店,2023-08-08,5922
2009,第一銅,19,5,14,元富-新店,2023-08-08,5922
3306,鼎天,16,2,14,元富-新店,2023-08-08,5922
8234,新漢,13,0,13,元富-新店,2023-08-08,5922
2301,光寶科,42,30,12,元富-新店,2023-08-08,5922
1742,台蠟,12,0,12,元富-新店,2023-08-08,5922
5258,虹堡,16,4,12,元富-新店,2023-08-08,5922
1609,大亞,15,3,12,元富-新店,2023-08-08,5922
2891,中信金,12,0,12,元富-新店,2023-08-08,5922
3078,僑威,21,9,12,元富-新店,2023-08-08,5922
1802,台玻,31,20,11,元富-新店,2023-08-08,5922
5483,中美晶,12,1,11,元富-新店,2023-08-08,5922
8358,金居,17,6,11,元富-新店,2023-08-08,5922
00751B,元大AAA至A公司債,12,1,11,元富-新店,2023-08-08,5922
2415,錩新,153,2,151,元富-新店,2023-08-09,5922
3481,群創,127,4,123,元富-新店,2023-08-09,5922
2801,彰銀,102,0,102,元富-新店,2023-08-09,5922
00929,復華台灣科技優息,62,0,62,元富-新店,2023-08-09,5922
2886,兆豐金,68,19,49,元富-新店,2023-08-09,5922
3052,夆典,47,0,47,元富-新店,2023-08-09,5922
00900,富邦特選高股息30,47,2,45,元富-新店,2023-08-09,5922
1710,東聯,47,6,41,元富-新店,2023-08-09,5922
1605,華新,33,7,26,元富-新店,2023-08-09,5922
00882,中信中國高股息,23,0,23,元富-新店,2023-08-09,5922
3231,緯創,177,155,22,元富-新店,2023-08-09,5922
2344,華邦電,23,1,22,元富-新店,2023-08-09,5922
3325,旭品,24,3,21,元富-新店,2023-08-09,5922
8390,金益鼎,21,0,21,元富-新店,2023-08-09,5922
2891,中信金,21,1,20,元富-新店,2023-08-09,5922
1537,廣隆,20,0,20,元富-新店,2023-08-09,5922
3362,先進光,20,2,18,元富-新店,2023-08-09,5922
6120,達運,17,0,17,元富-新店,2023-08-09,5922
0056,元大高股息,21,4,17,元富-新店,2023-08-09,5922
00878,國泰永續高股息,90,75,15,元富-新店,2023-08-09,5922
2504,國產,15,0,15,元富-新店,2023-08-09,5922
2916,滿心,15,0,15,元富-新店,2023-08-09,5922
3346,麗清,22,7,15,元富-新店,2023-08-09,5922
00720B,元大投資級公司債,14,0,14,元富-新店,2023-08-09,5922
00679B,元大美債20年,16,2,14,元富-新店,2023-08-09,5922
2371,大同,33,20,13,元富-新店,2023-08-09,5922
2376,技嘉,51,39,12,元富-新店,2023-08-09,5922
00931B,統一美債20年,12,0,12,元富-新店,2023-08-09,5922
2885,元大金,14,2,12,元富-新店,2023-08-09,5922
2353,宏��,21,9,12,元富-新店,2023-08-09,5922
6517,保勝光學,12,1,11,元富-新店,2023-08-09,5922
3704,合勤控,11,0,11,元富-新店,2023-08-09,5922
3432,台端,10,0,10,元富-新店,2023-08-09,5922
00706L,期元大S＆P日圓正2,10,0,10,元富-新店,2023-08-09,5922
2105,正新,10,0,10,元富-新店,2023-08-09,5922
6191,精成科,20,10,10,元富-新店,2023-08-09,5922
6005,群益證,10,0,10,元富-新店,2023-08-09,5922
00930,永豐ESG低碳高息,10,0,10,元富-新店,2023-08-09,5922
5880,合庫金,10,0,10,元富-新店,2023-08-09,5922
6443,元晶,10,0,10,元富-新店,2023-08-09,5922
3034,聯詠,12,3,9,元富-新店,2023-08-09,5922
2630,亞航,10,1,9,元富-新店,2023-08-09,5922
2888,新光金,10,1,9,元富-新店,2023-08-09,5922
00907,永豐優息存股,9,0,9,元富-新店,2023-08-09,5922
6182,合晶,9,0,9,元富-新店,2023-08-09,5922
3005,神基,8,0,8,元富-新店,2023-08-09,5922
2201,裕隆,21,13,8,元富-新店,2023-08-09,5922
6531,愛普*,11,3,8,元富-新店,2023-08-09,5922
2009,第一銅,17,9,8,元富-新店,2023-08-09,5922
6821,聯寶,8,0,8,元富-新店,2023-08-09,5922
2888,新光金,600,8,592,元富-新店,2023-08-10,5922
3231,緯創,247,126,121,元富-新店,2023-08-10,5922
00929,復華台灣科技優息,106,10,96,元富-新店,2023-08-10,5922
00878,國泰永續高股息,196,121,75,元富-新店,2023-08-10,5922
00632R,元大台灣50反1,300,230,70,元富-新店,2023-08-10,5922
2883,凱基金,67,4,63,元富-新店,2023-08-10,5922
2610,華航,71,10,61,元富-新店,2023-08-10,5922
2891,中信金,64,10,54,元富-新店,2023-08-10,5922
00679B,元大美債20年,67,20,47,元富-新店,2023-08-10,5922
00919,群益台灣精選高息,43,0,43,元富-新店,2023-08-10,5922
0056,元大高股息,63,24,39,元富-新店,2023-08-10,5922
3037,欣興,34,0,34,元富-新店,2023-08-10,5922
2312,金寶,42,8,34,元富-新店,2023-08-10,5922
2886,兆豐金,48,15,33,元富-新店,2023-08-10,5922
6282,康舒,35,4,31,元富-新店,2023-08-10,5922
2363,矽統,159,128,31,元富-新店,2023-08-10,5922
00900,富邦特選高股息30,53,24,29,元富-新店,2023-08-10,5922
2353,宏��,27,0,27,元富-新店,2023-08-10,5922
00673R,期元大S＆P原油反1,25,1,24,元富-新店,2023-08-10,5922
6191,精成科,36,13,23,元富-新店,2023-08-10,5922
2201,裕隆,29,7,22,元富-新店,2023-08-10,5922
6153,嘉聯益,21,0,21,元富-新店,2023-08-10,5922
00923,群益台ESG低碳50,20,0,20,元富-新店,2023-08-10,5922
2485,兆赫,20,0,20,元富-新店,2023-08-10,5922
6412,群電,21,1,20,元富-新店,2023-08-10,5922
6418,詠昇,27,7,20,元富-新店,2023-08-10,5922
2892,第一金,21,2,19,元富-新店,2023-08-10,5922
00927,群益半導體收益,19,0,19,元富-新店,2023-08-10,5922
2486,一詮,19,2,17,元富-新店,2023-08-10,5922
2328,廣宇,17,0,17,元富-新店,2023-08-10,5922
3032,偉訓,19,3,16,元富-新店,2023-08-10,5922
00882,中信中國高股息,16,0,16,元富-新店,2023-08-10,5922
6129,普誠,15,0,15,元富-新店,2023-08-10,5922
2504,國產,15,0,15,元富-新店,2023-08-10,5922
3081,聯亞,15,0,15,元富-新店,2023-08-10,5922
3163,波若威,46,32,14,元富-新店,2023-08-10,5922
3021,鴻名,30,17,13,元富-新店,2023-08-10,5922
3308,聯德,15,2,13,元富-新店,2023-08-10,5922
6143,振曜,13,1,12,元富-新店,2023-08-10,5922
00637L,元大滬深300正2,19,7,12,元富-新店,2023-08-10,5922
3576,聯合再生,12,0,12,元富-新店,2023-08-10,5922
2634,漢翔,17,5,12,元富-新店,2023-08-10,5922
2880,華南金,11,0,11,元富-新店,2023-08-10,5922
3706,神達,53,42,11,元富-新店,2023-08-10,5922
6470,宇智,11,0,11,元富-新店,2023-08-10,5922
3712,永崴投控,11,0,11,元富-新店,2023-08-10,5922
3522,御嵿,11,0,11,元富-新店,2023-08-10,5922
2313,華通,12,1,11,元富-新店,2023-08-10,5922
8131,福懋科,11,0,11,元富-新店,2023-08-10,5922
1402,遠東新,11,0,11,元富-新店,2023-08-10,5922
2892,第一金,521,0,521,元富-新店,2023-08-11,5922
5880,合庫金,352,0,352,元富-新店,2023-08-11,5922
2888,新光金,327,2,325,元富-新店,2023-08-11,5922
00882,中信中國高股息,188,13,175,元富-新店,2023-08-11,5922
00900,富邦特選高股息30,116,0,116,元富-新店,2023-08-11,5922
2618,長榮航,153,41,112,元富-新店,2023-08-11,5922
2885,元大金,75,5,70,元富-新店,2023-08-11,5922
2637,慧洋-KY,60,0,60,元富-新店,2023-08-11,5922
2891,中信金,60,1,59,元富-新店,2023-08-11,5922
3522,御嵿,52,0,52,元富-新店,2023-08-11,5922
5203,訊連,51,0,51,元富-新店,2023-08-11,5922
2442,新美齊,50,0,50,元富-新店,2023-08-11,5922
2913,農林,57,15,42,元富-新店,2023-08-11,5922
00878,國泰永續高股息,59,19,40,元富-新店,2023-08-11,5922
00772B,中信高評級公司債,38,0,38,元富-新店,2023-08-11,5922
2002,中鋼,37,0,37,元富-新店,2023-08-11,5922
00929,復華台灣科技優息,36,3,33,元富-新店,2023-08-11,5922
00795B,中信美國公債20年,27,0,27,元富-新店,2023-08-11,5922
00687B,國泰20年美債,26,0,26,元富-新店,2023-08-11,5922
00931B,統一美債20年,24,0,24,元富-新店,2023-08-11,5922
2886,兆豐金,23,0,23,元富-新店,2023-08-11,5922
2409,友達,28,6,22,元富-新店,2023-08-11,5922
8050,廣積,27,6,21,元富-新店,2023-08-11,5922
00679B,元大美債20年,21,1,20,元富-新店,2023-08-11,5922
9934,成霖,20,0,20,元富-新店,2023-08-11,5922
00885,富邦越南,24,4,20,元富-新店,2023-08-11,5922
5469,瀚宇博,19,0,19,元富-新店,2023-08-11,5922
6143,振曜,21,3,18,元富-新店,2023-08-11,5922
1608,華榮,20,2,18,元富-新店,2023-08-11,5922
6190,萬泰科,20,3,17,元富-新店,2023-08-11,5922
6182,合晶,17,0,17,元富-新店,2023-08-11,5922
2883,凱基金,17,0,17,元富-新店,2023-08-11,5922
5302,太欣,17,1,16,元富-新店,2023-08-11,5922
4533,協易機,15,0,15,元富-新店,2023-08-11,5922
3035,智原,31,16,15,元富-新店,2023-08-11,5922
2498,宏達電,16,1,15,元富-新店,2023-08-11,5922
00673R,期元大S＆P原油反1,15,0,15,元富-新店,2023-08-11,5922
3037,欣興,26,12,14,元富-新店,2023-08-11,5922
1786,科妍,16,2,14,元富-新店,2023-08-11,5922
1591,駿吉-KY,13,0,13,元富-新店,2023-08-11,5922
1806,冠軍,13,0,13,元富-新店,2023-08-11,5922
0050,元大台灣50,14,1,13,元富-新店,2023-08-11,5922
1795,美時,26,13,13,元富-新店,2023-08-11,5922
3024,憶聲,22,10,12,元富-新店,2023-08-11,5922
2355,敬鵬,22,10,12,元富-新店,2023-08-11,5922
00923,群益台ESG低碳50,12,1,11,元富-新店,2023-08-11,5922
2317,鴻海,12,1,11,元富-新店,2023-08-11,5922
00751B,元大AAA至A公司債,21,10,11,元富-新店,2023-08-11,5922
2377,微星,10,0,10,元富-新店,2023-08-11,5922
2801,彰銀,10,0,10,元富-新店,2023-08-11,5922
2888,新光金,607,80,527,元富-新店,2023-08-14,5922
00900,富邦特選高股息30,464,0,464,元富-新店,2023-08-14,5922
00929,復華台灣科技優息,274,0,274,元富-新店,2023-08-14,5922
00632R,元大台灣50反1,280,55,225,元富-新店,2023-08-14,5922
00907,永豐優息存股,207,0,207,元富-新店,2023-08-14,5922
2323,中環,131,0,131,元富-新店,2023-08-14,5922
00878,國泰永續高股息,119,14,105,元富-新店,2023-08-14,5922
00882,中信中國高股息,92,0,92,元富-新店,2023-08-14,5922
3522,御嵿,70,0,70,元富-新店,2023-08-14,5922
2610,華航,81,14,67,元富-新店,2023-08-14,5922
2891,中信金,65,10,55,元富-新店,2023-08-14,5922
2883,凱基金,53,0,53,元富-新店,2023-08-14,5922
1605,華新,48,8,40,元富-新店,2023-08-14,5922
5512,力麒,35,0,35,元富-新店,2023-08-14,5922
0050,元大台灣50,31,0,31,元富-新店,2023-08-14,5922
8341,日友,31,2,29,元富-新店,2023-08-14,5922
2356,英業達,56,29,27,元富-新店,2023-08-14,5922
3231,緯創,118,92,26,元富-新店,2023-08-14,5922
2617,台航,25,0,25,元富-新店,2023-08-14,5922
6125,廣運,55,32,23,元富-新店,2023-08-14,5922
1101,台泥,22,0,22,元富-新店,2023-08-14,5922
6005,群益證,24,2,22,元富-新店,2023-08-14,5922
006208,富邦台50,21,0,21,元富-新店,2023-08-14,5922
00923,群益台ESG低碳50,24,3,21,元富-新店,2023-08-14,5922
3710,連展投控,19,0,19,元富-新店,2023-08-14,5922
4919,新唐,20,2,18,元富-新店,2023-08-14,5922
5203,訊連,16,0,16,元富-新店,2023-08-14,5922
6129,普誠,18,2,16,元富-新店,2023-08-14,5922
2882,國泰金,16,1,15,元富-新店,2023-08-14,5922
00919,群益台灣精選高息,15,0,15,元富-新店,2023-08-14,5922
2344,華邦電,15,0,15,元富-新店,2023-08-14,5922
00893,國泰智能電動車,20,5,15,元富-新店,2023-08-14,5922
1504,東元,16,1,15,元富-新店,2023-08-14,5922
6821,聯寶,15,0,15,元富-新店,2023-08-14,5922
8255,朋程,14,0,14,元富-新店,2023-08-14,5922
00636,國泰中國A50,18,4,14,元富-新店,2023-08-14,5922
2890,永豐金,14,0,14,元富-新店,2023-08-14,5922
6446,藥華藥,15,2,13,元富-新店,2023-08-14,5922
1513,中興電,15,2,13,元富-新店,2023-08-14,5922
2303,聯電,17,4,13,元富-新店,2023-08-14,5922
2402,毅嘉,13,0,13,元富-新店,2023-08-14,5922
2401,凌陽,12,0,12,元富-新店,2023-08-14,5922
2892,第一金,11,0,11,元富-新店,2023-08-14,5922
2105,正新,11,0,11,元富-新店,2023-08-14,5922
6625,必應,13,2,11,元富-新店,2023-08-14,5922
2609,陽明,17,6,11,元富-新店,2023-08-14,5922
2330,台積電,11,0,11,元富-新店,2023-08-14,5922
5258,虹堡,13,3,10,元富-新店,2023-08-14,5922
1618,合機,10,0,10,元富-新店,2023-08-14,5922
3081,聯亞,10,0,10,元富-新店,2023-08-14,5922
3481,群創,147,39,108,元富-新店,2023-08-15,5922
00632R,元大台灣50反1,130,50,80,元富-新店,2023-08-15,5922
00923,群益台ESG低碳50,81,3,78,元富-新店,2023-08-15,5922
2317,鴻海,90,13,77,元富-新店,2023-08-15,5922
2891,中信金,63,4,59,元富-新店,2023-08-15,5922
2368,金像電,83,32,51,元富-新店,2023-08-15,5922
2312,金寶,93,45,48,元富-新店,2023-08-15,5922
2618,長榮航,61,14,47,元富-新店,2023-08-15,5922
5469,瀚宇博,47,1,46,元富-新店,2023-08-15,5922
00929,復華台灣科技優息,52,10,42,元富-新店,2023-08-15,5922
00882,中信中國高股息,41,0,41,元富-新店,2023-08-15,5922
2888,新光金,40,1,39,元富-新店,2023-08-15,5922
2344,華邦電,41,3,38,元富-新店,2023-08-15,5922
6770,力積電,37,1,36,元富-新店,2023-08-15,5922
00679B,元大美債20年,26,1,25,元富-新店,2023-08-15,5922
2892,第一金,25,1,24,元富-新店,2023-08-15,5922
2886,兆豐金,32,10,22,元富-新店,2023-08-15,5922
2609,陽明,25,5,20,元富-新店,2023-08-15,5922
1326,台化,19,0,19,元富-新店,2023-08-15,5922
6191,精成科,20,1,19,元富-新店,2023-08-15,5922
00900,富邦特選高股息30,19,0,19,元富-新店,2023-08-15,5922
00878,國泰永續高股息,58,40,18,元富-新店,2023-08-15,5922
6116,彩晶,17,0,17,元富-新店,2023-08-15,5922
2002,中鋼,17,0,17,元富-新店,2023-08-15,5922
6190,萬泰科,16,0,16,元富-新店,2023-08-15,5922
3024,憶聲,15,0,15,元富-新店,2023-08-15,5922
2641,正德,15,0,15,元富-新店,2023-08-15,5922
5876,上海商銀,15,0,15,元富-新店,2023-08-15,5922
6129,普誠,15,0,15,元富-新店,2023-08-15,5922
2883,凱基金,14,0,14,元富-新店,2023-08-15,5922
00795B,中信美國公債20年,14,0,14,元富-新店,2023-08-15,5922
2890,永豐金,14,0,14,元富-新店,2023-08-15,5922
00931B,統一美債20年,13,0,13,元富-新店,2023-08-15,5922
2887,台新金,12,0,12,元富-新店,2023-08-15,5922
3706,神達,24,12,12,元富-新店,2023-08-15,5922
3071,協禧,11,0,11,元富-新店,2023-08-15,5922
00650L,復華香港正2,11,0,11,元富-新店,2023-08-15,5922
5880,合庫金,11,0,11,元富-新店,2023-08-15,5922
2707,晶華,10,0,10,元富-新店,2023-08-15,5922
2352,佳世達,14,4,10,元富-新店,2023-08-15,5922
4934,太極,10,0,10,元富-新店,2023-08-15,5922
5014,建錩,10,0,10,元富-新店,2023-08-15,5922
2534,宏盛,10,0,10,元富-新店,2023-08-15,5922
00753L,中信中國50正2,10,0,10,元富-新店,2023-08-15,5922
00669R,國泰美國道瓊反1,10,0,10,元富-新店,2023-08-15,5922
00665L,富邦�琤肭磪囓�2,10,0,10,元富-新店,2023-08-15,5922
2605,新興,10,0,10,元富-新店,2023-08-15,5922
9924,福興,10,0,10,元富-新店,2023-08-15,5922
2206,三陽工業,13,3,10,元富-新店,2023-08-15,5922
00712,復華富時不動產,9,0,9,元富-新店,2023-08-15,5922
00923,群益台ESG低碳50,145,0,145,元富-新店,2023-08-16,5922
2888,新光金,133,2,131,元富-新店,2023-08-16,5922
2891,中信金,122,1,121,元富-新店,2023-08-16,5922
2356,英業達,206,117,89,元富-新店,2023-08-16,5922
6016,康和證,80,1,79,元富-新店,2023-08-16,5922
2303,聯電,53,10,43,元富-新店,2023-08-16,5922
00878,國泰永續高股息,77,36,41,元富-新店,2023-08-16,5922
2409,友達,43,3,40,元富-新店,2023-08-16,5922
3481,群創,52,13,39,元富-新店,2023-08-16,5922
00795B,中信美國公債20年,36,0,36,元富-新店,2023-08-16,5922
1101,台泥,32,0,32,元富-新店,2023-08-16,5922
2363,矽統,294,262,32,元富-新店,2023-08-16,5922
2618,長榮航,37,7,30,元富-新店,2023-08-16,5922
00712,復華富時不動產,29,0,29,元富-新店,2023-08-16,5922
2610,華航,36,7,29,元富-新店,2023-08-16,5922
2892,第一金,45,17,28,元富-新店,2023-08-16,5922
2324,仁寶,61,34,27,元富-新店,2023-08-16,5922
2634,漢翔,27,0,27,元富-新店,2023-08-16,5922
1326,台化,24,0,24,元富-新店,2023-08-16,5922
006208,富邦台50,23,0,23,元富-新店,2023-08-16,5922
00772B,中信高評級公司債,23,0,23,元富-新店,2023-08-16,5922
6179,亞通,21,0,21,元富-新店,2023-08-16,5922
1605,華新,27,7,20,元富-新店,2023-08-16,5922
2883,凱基金,19,0,19,元富-新店,2023-08-16,5922
00900,富邦特選高股息30,27,9,18,元富-新店,2023-08-16,5922
00929,復華台灣科技優息,39,21,18,元富-新店,2023-08-16,5922
00893,國泰智能電動車,18,0,18,元富-新店,2023-08-16,5922
2206,三陽工業,21,4,17,元富-新店,2023-08-16,5922
2376,技嘉,29,12,17,元富-新店,2023-08-16,5922
00679B,元大美債20年,22,6,16,元富-新店,2023-08-16,5922
6129,普誠,16,0,16,元富-新店,2023-08-16,5922
6125,廣運,30,14,16,元富-新店,2023-08-16,5922
5876,上海商銀,15,0,15,元富-新店,2023-08-16,5922
1710,東聯,15,0,15,元富-新店,2023-08-16,5922
2504,國產,15,0,15,元富-新店,2023-08-16,5922
00751B,元大AAA至A公司債,14,0,14,元富-新店,2023-08-16,5922
2002,中鋼,14,0,14,元富-新店,2023-08-16,5922
00902,中信電池及儲能,14,0,14,元富-新店,2023-08-16,5922
1402,遠東新,14,0,14,元富-新店,2023-08-16,5922
1806,冠軍,13,0,13,元富-新店,2023-08-16,5922
00725B,國泰投資級公司債,12,0,12,元富-新店,2023-08-16,5922
3035,智原,25,13,12,元富-新店,2023-08-16,5922
00907,永豐優息存股,12,0,12,元富-新店,2023-08-16,5922
6282,康舒,20,8,12,元富-新店,2023-08-16,5922
2884,玉山金,13,1,12,元富-新店,2023-08-16,5922
5880,合庫金,11,0,11,元富-新店,2023-08-16,5922
00706L,期元大S＆P日圓正2,11,0,11,元富-新店,2023-08-16,5922
2801,彰銀,11,0,11,元富-新店,2023-08-16,5922
2498,宏達電,11,0,11,元富-新店,2023-08-16,5922
00650L,復華香港正2,11,0,11,元富-新店,2023-08-16,5922
2888,新光金,347,8,339,元富-新店,2023-08-17,5922
00929,復華台灣科技優息,180,11,169,元富-新店,2023-08-17,5922
00882,中信中國高股息,158,0,158,元富-新店,2023-08-17,5922
2609,陽明,155,5,150,元富-新店,2023-08-17,5922
5340,建榮,126,1,125,元富-新店,2023-08-17,5922
2891,中信金,107,2,105,元富-新店,2023-08-17,5922
2887,台新金,106,12,94,元富-新店,2023-08-17,5922
6016,康和證,90,0,90,元富-新店,2023-08-17,5922
2892,第一金,81,1,80,元富-新店,2023-08-17,5922
3231,緯創,155,77,78,元富-新店,2023-08-17,5922
2324,仁寶,130,54,76,元富-新店,2023-08-17,5922
00712,復華富時不動產,61,2,59,元富-新店,2023-08-17,5922
5880,合庫金,55,0,55,元富-新店,2023-08-17,5922
2303,聯電,72,18,54,元富-新店,2023-08-17,5922
6116,彩晶,55,6,49,元富-新店,2023-08-17,5922
00720B,元大投資級公司債,47,1,46,元富-新店,2023-08-17,5922
00751B,元大AAA至A公司債,40,0,40,元富-新店,2023-08-17,5922
00687B,國泰20年美債,40,0,40,元富-新店,2023-08-17,5922
00931B,統一美債20年,30,0,30,元富-新店,2023-08-17,5922
00878,國泰永續高股息,82,55,27,元富-新店,2023-08-17,5922
00907,永豐優息存股,26,0,26,元富-新店,2023-08-17,5922
8932,智通*,26,0,26,元富-新店,2023-08-17,5922
00772B,中信高評級公司債,55,30,25,元富-新店,2023-08-17,5922
6558,興能高,25,0,25,元富-新店,2023-08-17,5922
2880,華南金,26,4,22,元富-新店,2023-08-17,5922
3706,神達,56,34,22,元富-新店,2023-08-17,5922
2002,中鋼,26,5,21,元富-新店,2023-08-17,5922
2401,凌陽,39,18,21,元富-新店,2023-08-17,5922
1326,台化,22,2,20,元富-新店,2023-08-17,5922
2329,華泰,157,137,20,元富-新店,2023-08-17,5922
2883,凱基金,24,4,20,元富-新店,2023-08-17,5922
2618,長榮航,42,22,20,元富-新店,2023-08-17,5922
3013,晟銘電,22,3,19,元富-新店,2023-08-17,5922
2421,建準,61,44,17,元富-新店,2023-08-17,5922
6770,力積電,20,3,17,元富-新店,2023-08-17,5922
1471,首利,30,15,15,元富-新店,2023-08-17,5922
00795B,中信美國公債20年,15,0,15,元富-新店,2023-08-17,5922
2414,精技,15,0,15,元富-新店,2023-08-17,5922
006208,富邦台50,13,0,13,元富-新店,2023-08-17,5922
1301,台塑,16,4,12,元富-新店,2023-08-17,5922
1806,冠軍,12,0,12,元富-新店,2023-08-17,5922
00900,富邦特選高股息30,14,2,12,元富-新店,2023-08-17,5922
2834,臺企銀,18,6,12,元富-新店,2023-08-17,5922
1101,台泥,11,0,11,元富-新店,2023-08-17,5922
00893,國泰智能電動車,12,1,11,元富-新店,2023-08-17,5922
3056,富華新,15,4,11,元富-新店,2023-08-17,5922
3596,智易,11,0,11,元富-新店,2023-08-17,5922
8996,高力,15,5,10,元富-新店,2023-08-17,5922
8048,德勝,15,5,10,元富-新店,2023-08-17,5922
4933,友輝,10,0,10,元富-新店,2023-08-17,5922
1503,士電,327,2,325,元富-新店,2023-08-18,5922
00632R,元大台灣50反1,200,10,190,元富-新店,2023-08-18,5922
2356,英業達,175,24,151,元富-新店,2023-08-18,5922
00929,復華台灣科技優息,149,5,144,元富-新店,2023-08-18,5922
2324,仁寶,131,19,112,元富-新店,2023-08-18,5922
3236,千如,70,0,70,元富-新店,2023-08-18,5922
6016,康和證,60,0,60,元富-新店,2023-08-18,5922
6235,華孚,87,31,56,元富-新店,2023-08-18,5922
3231,緯創,248,193,55,元富-新店,2023-08-18,5922
5880,合庫金,50,1,49,元富-新店,2023-08-18,5922
3078,僑威,95,49,46,元富-新店,2023-08-18,5922
2449,京元電子,47,2,45,元富-新店,2023-08-18,5922
6282,康舒,46,6,40,元富-新店,2023-08-18,5922
1609,大亞,50,10,40,元富-新店,2023-08-18,5922
00923,群益台ESG低碳50,38,0,38,元富-新店,2023-08-18,5922
2332,友訊,29,3,26,元富-新店,2023-08-18,5922
2891,中信金,36,10,26,元富-新店,2023-08-18,5922
00878,國泰永續高股息,184,159,25,元富-新店,2023-08-18,5922
2382,廣達,93,68,25,元富-新店,2023-08-18,5922
2610,華航,45,21,24,元富-新店,2023-08-18,5922
8234,新漢,24,0,24,元富-新店,2023-08-18,5922
6274,台燿,66,43,23,元富-新店,2023-08-18,5922
00772B,中信高評級公司債,21,0,21,元富-新店,2023-08-18,5922
00712,復華富時不動產,29,8,21,元富-新店,2023-08-18,5922
00885,富邦越南,31,10,21,元富-新店,2023-08-18,5922
3712,永崴投控,21,0,21,元富-新店,2023-08-18,5922
2641,正德,22,4,18,元富-新店,2023-08-18,5922
2363,矽統,82,66,16,元富-新店,2023-08-18,5922
1101,台泥,17,1,16,元富-新店,2023-08-18,5922
2371,大同,18,2,16,元富-新店,2023-08-18,5922
4906,正文,15,0,15,元富-新店,2023-08-18,5922
2611,志信,24,9,15,元富-新店,2023-08-18,5922
2330,台積電,14,0,14,元富-新店,2023-08-18,5922
00931B,統一美債20年,13,0,13,元富-新店,2023-08-18,5922
4207,環泰,15,2,13,元富-新店,2023-08-18,5922
1736,喬山,12,0,12,元富-新店,2023-08-18,5922
00751B,元大AAA至A公司債,12,0,12,元富-新店,2023-08-18,5922
4967,十銓,13,1,12,元富-新店,2023-08-18,5922
2883,凱基金,15,4,11,元富-新店,2023-08-18,5922
1303,南亞,11,0,11,元富-新店,2023-08-18,5922
00637L,元大滬深300正2,16,5,11,元富-新店,2023-08-18,5922
3576,聯合再生,11,0,11,元富-新店,2023-08-18,5922
2601,益航,13,2,11,元富-新店,2023-08-18,5922
8390,金益鼎,11,0,11,元富-新店,2023-08-18,5922
2368,金像電,47,36,11,元富-新店,2023-08-18,5922
8050,廣積,14,4,10,元富-新店,2023-08-18,5922
3710,連展投控,10,0,10,元富-新店,2023-08-18,5922
00895,富邦未來車,10,0,10,元富-新店,2023-08-18,5922
00673R,期元大S＆P原油反1,10,0,10,元富-新店,2023-08-18,5922
2484,希華,10,0,10,元富-新店,2023-08-18,5922
2486,一詮,125,0,125,元富-新店,2023-08-21,5922
2382,廣達,144,40,104,元富-新店,2023-08-21,5922
2520,冠德,79,0,79,元富-新店,2023-08-21,5922
00712,復華富時不動產,67,0,67,元富-新店,2023-08-21,5922
2323,中環,48,0,48,元富-新店,2023-08-21,5922
3231,緯創,88,43,45,元富-新店,2023-08-21,5922
2610,華航,54,13,41,元富-新店,2023-08-21,5922
2887,台新金,41,0,41,元富-新店,2023-08-21,5922
5469,瀚宇博,42,1,41,元富-新店,2023-08-21,5922
00929,復華台灣科技優息,43,7,36,元富-新店,2023-08-21,5922
2880,華南金,34,0,34,元富-新店,2023-08-21,5922
00751B,元大AAA至A公司債,30,0,30,元富-新店,2023-08-21,5922
2892,第一金,32,3,29,元富-新店,2023-08-21,5922
3325,旭品,27,2,25,元富-新店,2023-08-21,5922
2606,裕民,120,95,25,元富-新店,2023-08-21,5922
2618,長榮航,28,4,24,元富-新店,2023-08-21,5922
00900,富邦特選高股息30,24,1,23,元富-新店,2023-08-21,5922
2882,國泰金,23,1,22,元富-新店,2023-08-21,5922
6163,華電網,22,0,22,元富-新店,2023-08-21,5922
00878,國泰永續高股息,74,53,21,元富-新店,2023-08-21,5922
00882,中信中國高股息,423,403,20,元富-新店,2023-08-21,5922
1409,新纖,20,0,20,元富-新店,2023-08-21,5922
00632R,元大台灣50反1,20,0,20,元富-新店,2023-08-21,5922
6016,康和證,20,0,20,元富-新店,2023-08-21,5922
2609,陽明,22,3,19,元富-新店,2023-08-21,5922
2014,中鴻,17,0,17,元富-新店,2023-08-21,5922
00907,永豐優息存股,16,0,16,元富-新店,2023-08-21,5922
6770,力積電,17,2,15,元富-新店,2023-08-21,5922
6139,亞翔,48,33,15,元富-新店,2023-08-21,5922
00720B,元大投資級公司債,15,1,14,元富-新店,2023-08-21,5922
3706,神達,23,9,14,元富-新店,2023-08-21,5922
3522,御嵿,13,0,13,元富-新店,2023-08-21,5922
1326,台化,12,0,12,元富-新店,2023-08-21,5922
6177,達麗,12,0,12,元富-新店,2023-08-21,5922
2376,技嘉,35,24,11,元富-新店,2023-08-21,5922
00637L,元大滬深300正2,14,3,11,元富-新店,2023-08-21,5922
3035,智原,34,23,11,元富-新店,2023-08-21,5922
8028,昇陽半導體,10,0,10,元富-新店,2023-08-21,5922
2419,仲琦,13,3,10,元富-新店,2023-08-21,5922
2617,台航,10,0,10,元富-新店,2023-08-21,5922
1569,濱川,10,0,10,元富-新店,2023-08-21,5922
3499,環天科,10,0,10,元富-新店,2023-08-21,5922
1314,中石化,10,0,10,元富-新店,2023-08-21,5922
6418,詠昇,10,0,10,元富-新店,2023-08-21,5922
6811,宏�硌穈T,10,0,10,元富-新店,2023-08-21,5922
8109,博大,9,0,9,元富-新店,2023-08-21,5922
0050,元大台灣50,8,0,8,元富-新店,2023-08-21,5922
2344,華邦電,9,1,8,元富-新店,2023-08-21,5922
00706L,期元大S＆P日圓正2,8,0,8,元富-新店,2023-08-21,5922
00673R,期元大S＆P原油反1,8,0,8,元富-新店,2023-08-21,5922
4960,誠美材,216,1,215,元富-新店,2023-08-22,5922
3231,緯創,212,77,135,元富-新店,2023-08-22,5922
2324,仁寶,125,40,85,元富-新店,2023-08-22,5922
6016,康和證,76,0,76,元富-新店,2023-08-22,5922
2892,第一金,71,0,71,元富-新店,2023-08-22,5922
2609,陽明,53,2,51,元富-新店,2023-08-22,5922
2363,矽統,295,249,46,元富-新店,2023-08-22,5922
1471,首利,49,8,41,元富-新店,2023-08-22,5922
2891,中信金,41,6,35,元富-新店,2023-08-22,5922
00929,復華台灣科技優息,35,1,34,元富-新店,2023-08-22,5922
2880,華南金,31,0,31,元富-新店,2023-08-22,5922
2897,王道銀行,30,0,30,元富-新店,2023-08-22,5922
6122,擎邦,25,1,24,元富-新店,2023-08-22,5922
3021,鴻名,26,3,23,元富-新店,2023-08-22,5922
3163,波若威,84,62,22,元富-新店,2023-08-22,5922
6125,廣運,85,64,21,元富-新店,2023-08-22,5922
2371,大同,21,0,21,元富-新店,2023-08-22,5922
2382,廣達,144,125,19,元富-新店,2023-08-22,5922
2883,凱基金,18,0,18,元富-新店,2023-08-22,5922
2303,聯電,18,2,16,元富-新店,2023-08-22,5922
2421,建準,78,63,15,元富-新店,2023-08-22,5922
5469,瀚宇博,14,0,14,元富-新店,2023-08-22,5922
2618,長榮航,55,41,14,元富-新店,2023-08-22,5922
00720B,元大投資級公司債,15,2,13,元富-新店,2023-08-22,5922
2002,中鋼,13,0,13,元富-新店,2023-08-22,5922
1786,科妍,13,0,13,元富-新店,2023-08-22,5922
6266,泰詠,13,0,13,元富-新店,2023-08-22,5922
2377,微星,14,1,13,元富-新店,2023-08-22,5922
4979,華星光,15,3,12,元富-新店,2023-08-22,5922
2881,富邦金,12,0,12,元富-新店,2023-08-22,5922
2356,英業達,28,16,12,元富-新店,2023-08-22,5922
3306,鼎天,26,15,11,元富-新店,2023-08-22,5922
8358,金居,40,29,11,元富-新店,2023-08-22,5922
00931B,統一美債20年,11,0,11,元富-新店,2023-08-22,5922
2344,華邦電,12,2,10,元富-新店,2023-08-22,5922
2890,永豐金,10,0,10,元富-新店,2023-08-22,5922
2393,億光,10,0,10,元富-新店,2023-08-22,5922
2409,友達,11,1,10,元富-新店,2023-08-22,5922
3325,旭品,28,19,9,元富-新店,2023-08-22,5922
6282,康舒,10,1,9,元富-新店,2023-08-22,5922
3522,御嵿,9,0,9,元富-新店,2023-08-22,5922
3051,力特,30,21,9,元富-新店,2023-08-22,5922
5439,高技,11,3,8,元富-新店,2023-08-22,5922
3443,創意,9,1,8,元富-新店,2023-08-22,5922
6177,達麗,8,0,8,元富-新店,2023-08-22,5922
8234,新漢,8,0,8,元富-新店,2023-08-22,5922
00923,群益台ESG低碳50,8,0,8,元富-新店,2023-08-22,5922
6285,啟��,16,8,8,元富-新店,2023-08-22,5922
4533,協易機,9,1,8,元富-新店,2023-08-22,5922
1101,台泥,13,5,8,元富-新店,2023-08-22,5922
1217,愛之味,160,4,156,元富-新店,2023-08-23,5922
00632R,元大台灣50反1,150,8,142,元富-新店,2023-08-23,5922
2618,長榮航,179,59,120,元富-新店,2023-08-23,5922
4960,誠美材,113,2,111,元富-新店,2023-08-23,5922
2880,華南金,102,0,102,元富-新店,2023-08-23,5922
2887,台新金,55,0,55,元富-新店,2023-08-23,5922
6282,康舒,110,59,51,元富-新店,2023-08-23,5922
5340,建榮,54,15,39,元富-新店,2023-08-23,5922
4207,環泰,36,0,36,元富-新店,2023-08-23,5922
00878,國泰永續高股息,45,11,34,元富-新店,2023-08-23,5922
2705,六福,30,0,30,元富-新店,2023-08-23,5922
3013,晟銘電,126,96,30,元富-新店,2023-08-23,5922
3035,智原,30,9,21,元富-新店,2023-08-23,5922
1737,臺鹽,21,0,21,元富-新店,2023-08-23,5922
3005,神基,22,1,21,元富-新店,2023-08-23,5922
3038,全台,20,0,20,元富-新店,2023-08-23,5922
2355,敬鵬,22,3,19,元富-新店,2023-08-23,5922
2323,中環,21,4,17,元富-新店,2023-08-23,5922
00885,富邦越南,43,27,16,元富-新店,2023-08-23,5922
2329,華泰,32,16,16,元富-新店,2023-08-23,5922
6016,康和證,15,0,15,元富-新店,2023-08-23,5922
5225,東科-KY,15,0,15,元富-新店,2023-08-23,5922
2324,仁寶,24,9,15,元富-新店,2023-08-23,5922
00679B,元大美債20年,13,0,13,元富-新店,2023-08-23,5922
4126,太醫,12,0,12,元富-新店,2023-08-23,5922
2332,友訊,19,7,12,元富-新店,2023-08-23,5922
2883,凱基金,11,0,11,元富-新店,2023-08-23,5922
6126,信音,13,2,11,元富-新店,2023-08-23,5922
00931B,統一美債20年,16,5,11,元富-新店,2023-08-23,5922
9917,中保科,10,0,10,元富-新店,2023-08-23,5922
2301,光寶科,13,3,10,元富-新店,2023-08-23,5922
2388,威盛,22,12,10,元富-新店,2023-08-23,5922
2105,正新,11,1,10,元富-新店,2023-08-23,5922
1444,力麗,10,0,10,元富-新店,2023-08-23,5922
3522,御嵿,10,0,10,元富-新店,2023-08-23,5922
9919,康那香,10,0,10,元富-新店,2023-08-23,5922
2611,志信,10,0,10,元富-新店,2023-08-23,5922
00722B,群益投資級電信債,10,0,10,元富-新店,2023-08-23,5922
6117,迎廣,25,15,10,元富-新店,2023-08-23,5922
1402,遠東新,10,0,10,元富-新店,2023-08-23,5922
2303,聯電,45,35,10,元富-新店,2023-08-23,5922
6231,系微,14,5,9,元富-新店,2023-08-23,5922
3078,僑威,36,27,9,元富-新店,2023-08-23,5922
1720,生達,9,0,9,元富-新店,2023-08-23,5922
1806,冠軍,9,0,9,元富-新店,2023-08-23,5922
6167,久正,10,1,9,元富-新店,2023-08-23,5922
6266,泰詠,14,5,9,元富-新店,2023-08-23,5922
2376,技嘉,36,27,9,元富-新店,2023-08-23,5922
6026,福邦證,8,0,8,元富-新店,2023-08-23,5922
2002,中鋼,9,1,8,元富-新店,2023-08-23,5922
2618,長榮航,210,21,189,元富-新店,2023-08-24,5922
3231,緯創,417,330,87,元富-新店,2023-08-24,5922
2363,矽統,155,78,77,元富-新店,2023-08-24,5922
2880,華南金,80,6,74,元富-新店,2023-08-24,5922
4960,誠美材,66,1,65,元富-新店,2023-08-24,5922
2409,友達,59,3,56,元富-新店,2023-08-24,5922
2352,佳世達,54,19,35,元富-新店,2023-08-24,5922
3706,神達,33,6,27,元富-新店,2023-08-24,5922
2888,新光金,27,1,26,元富-新店,2023-08-24,5922
00676R,富邦臺灣加權反1,25,0,25,元富-新店,2023-08-24,5922
2609,陽明,23,1,22,元富-新店,2023-08-24,5922
2324,仁寶,58,36,22,元富-新店,2023-08-24,5922
2419,仲琦,63,42,21,元富-新店,2023-08-24,5922
4934,太極,21,4,17,元富-新店,2023-08-24,5922
6290,良維,15,0,15,元富-新店,2023-08-24,5922
2382,廣達,158,143,15,元富-新店,2023-08-24,5922
2356,英業達,52,38,14,元富-新店,2023-08-24,5922
6231,系微,19,5,14,元富-新店,2023-08-24,5922
2101,南港,15,2,13,元富-新店,2023-08-24,5922
4909,新復興,12,0,12,元富-新店,2023-08-24,5922
2884,玉山金,12,0,12,元富-新店,2023-08-24,5922
1303,南亞,11,0,11,元富-新店,2023-08-24,5922
00679B,元大美債20年,11,0,11,元富-新店,2023-08-24,5922
00722B,群益投資級電信債,10,0,10,元富-新店,2023-08-24,5922
2882,國泰金,21,11,10,元富-新店,2023-08-24,5922
2617,台航,10,0,10,元富-新店,2023-08-24,5922
1301,台塑,10,0,10,元富-新店,2023-08-24,5922
4746,台耀,10,0,10,元富-新店,2023-08-24,5922
5410,國眾,20,10,10,元富-新店,2023-08-24,5922
6270,倍微,10,0,10,元富-新店,2023-08-24,5922
8076,伍豐,10,0,10,元富-新店,2023-08-24,5922
00919,群益台灣精選高息,27,18,9,元富-新店,2023-08-24,5922
3306,鼎天,10,1,9,元富-新店,2023-08-24,5922
5371,中光電,10,1,9,元富-新店,2023-08-24,5922
00900,富邦特選高股息30,10,1,9,元富-新店,2023-08-24,5922
00882,中信中國高股息,58,50,8,元富-新店,2023-08-24,5922
3035,智原,48,40,8,元富-新店,2023-08-24,5922
8050,廣積,20,12,8,元富-新店,2023-08-24,5922
1513,中興電,24,17,7,元富-新店,2023-08-24,5922
00931B,統一美債20年,7,0,7,元富-新店,2023-08-24,5922
3078,僑威,16,9,7,元富-新店,2023-08-24,5922
3522,御嵿,7,0,7,元富-新店,2023-08-24,5922
2002,中鋼,7,0,7,元富-新店,2023-08-24,5922
4979,華星光,71,64,7,元富-新店,2023-08-24,5922
3021,鴻名,19,12,7,元富-新店,2023-08-24,5922
3715,定穎投控,14,7,7,元富-新店,2023-08-24,5922
3558,神準,6,0,6,元富-新店,2023-08-24,5922
1603,華電,6,0,6,元富-新店,2023-08-24,5922
1504,東元,17,11,6,元富-新店,2023-08-24,5922
1721,三晃,6,0,6,元富-新店,2023-08-24,5922
3231,緯創,334,154,180,元富-新店,2023-08-25,5922
2486,一詮,129,3,126,元富-新店,2023-08-25,5922
00878,國泰永續高股息,165,42,123,元富-新店,2023-08-25,5922
00929,復華台灣科技優息,112,11,101,元富-新店,2023-08-25,5922
00632R,元大台灣50反1,90,7,83,元富-新店,2023-08-25,5922
1471,首利,60,2,58,元富-新店,2023-08-25,5922
4207,環泰,56,1,55,元富-新店,2023-08-25,5922
00900,富邦特選高股息30,42,0,42,元富-新店,2023-08-25,5922
00671R,富邦NASDAQ反1,40,0,40,元富-新店,2023-08-25,5922
2324,仁寶,43,7,36,元富-新店,2023-08-25,5922
2330,台積電,36,3,33,元富-新店,2023-08-25,5922
8105,凌巨,30,0,30,元富-新店,2023-08-25,5922
2382,廣達,87,60,27,元富-新店,2023-08-25,5922
2705,六福,55,30,25,元富-新店,2023-08-25,5922
2634,漢翔,131,107,24,元富-新店,2023-08-25,5922
2880,華南金,22,0,22,元富-新店,2023-08-25,5922
3021,鴻名,22,0,22,元富-新店,2023-08-25,5922
2891,中信金,21,0,21,元富-新店,2023-08-25,5922
3706,神達,118,97,21,元富-新店,2023-08-25,5922
0056,元大高股息,21,0,21,元富-新店,2023-08-25,5922
2332,友訊,22,2,20,元富-新店,2023-08-25,5922
00877,復華中國5G,20,0,20,元富-新店,2023-08-25,5922
00712,復華富時不動產,20,0,20,元富-新店,2023-08-25,5922
00919,群益台灣精選高息,19,0,19,元富-新店,2023-08-25,5922
3037,欣興,20,2,18,元富-新店,2023-08-25,5922
2353,宏��,24,6,18,元富-新店,2023-08-25,5922
5469,瀚宇博,18,0,18,元富-新店,2023-08-25,5922
2301,光寶科,56,39,17,元富-新店,2023-08-25,5922
2303,聯電,28,12,16,元富-新店,2023-08-25,5922
4746,台耀,17,2,15,元富-新店,2023-08-25,5922
3078,僑威,19,5,14,元富-新店,2023-08-25,5922
3596,智易,13,0,13,元富-新店,2023-08-25,5922
4160,訊聯基因,13,0,13,元富-新店,2023-08-25,5922
00931B,統一美債20年,13,0,13,元富-新店,2023-08-25,5922
8222,寶一,79,66,13,元富-新店,2023-08-25,5922
2105,正新,16,3,13,元富-新店,2023-08-25,5922
1513,中興電,15,3,12,元富-新店,2023-08-25,5922
3363,上詮,20,9,11,元富-新店,2023-08-25,5922
3043,科風,11,0,11,元富-新店,2023-08-25,5922
5876,上海商銀,11,0,11,元富-新店,2023-08-25,5922
1618,合機,10,0,10,元富-新店,2023-08-25,5922
00893,國泰智能電動車,10,0,10,元富-新店,2023-08-25,5922
6235,華孚,14,4,10,元富-新店,2023-08-25,5922
00881,國泰台灣5G+,15,5,10,元富-新店,2023-08-25,5922
2913,農林,10,0,10,元富-新店,2023-08-25,5922
1219,福壽,10,0,10,元富-新店,2023-08-25,5922
00923,群益台ESG低碳50,10,0,10,元富-新店,2023-08-25,5922
00675L,富邦臺灣加權正2,9,0,9,元富-新店,2023-08-25,5922
2323,中環,10,1,9,元富-新店,2023-08-25,5922
6770,力積電,9,0,9,元富-新店,2023-08-25,5922
2618,長榮航,227,54,173,元富-新店,2023-08-28,5922
3325,旭品,96,2,94,元富-新店,2023-08-28,5922
2485,兆赫,105,30,75,元富-新店,2023-08-28,5922
2610,華航,50,4,46,元富-新店,2023-08-28,5922
2884,玉山金,47,1,46,元富-新店,2023-08-28,5922
2388,威盛,58,16,42,元富-新店,2023-08-28,5922
00929,復華台灣科技優息,61,21,40,元富-新店,2023-08-28,5922
00632R,元大台灣50反1,40,0,40,元富-新店,2023-08-28,5922
3021,鴻名,41,4,37,元富-新店,2023-08-28,5922
8076,伍豐,32,0,32,元富-新店,2023-08-28,5922
3455,由田,30,0,30,元富-新店,2023-08-28,5922
00878,國泰永續高股息,152,123,29,元富-新店,2023-08-28,5922
2206,三陽工業,28,1,27,元富-新店,2023-08-28,5922
2105,正新,23,1,22,元富-新店,2023-08-28,5922
3094,聯傑,22,2,20,元富-新店,2023-08-28,5922
2705,六福,20,0,20,元富-新店,2023-08-28,5922
1445,大宇,20,0,20,元富-新店,2023-08-28,5922
2371,大同,22,2,20,元富-新店,2023-08-28,5922
4207,環泰,30,11,19,元富-新店,2023-08-28,5922
2886,兆豐金,20,4,16,元富-新店,2023-08-28,5922
2609,陽明,26,10,16,元富-新店,2023-08-28,5922
5284,jpp-KY,35,19,16,元富-新店,2023-08-28,5922
2353,宏��,17,2,15,元富-新店,2023-08-28,5922
6016,康和證,15,0,15,元富-新店,2023-08-28,5922
2634,漢翔,41,27,14,元富-新店,2023-08-28,5922
3481,群創,15,2,13,元富-新店,2023-08-28,5922
2449,京元電子,26,13,13,元富-新店,2023-08-28,5922
2323,中環,17,6,11,元富-新店,2023-08-28,5922
2317,鴻海,33,22,11,元富-新店,2023-08-28,5922
2363,矽統,73,63,10,元富-新店,2023-08-28,5922
8050,廣積,14,4,10,元富-新店,2023-08-28,5922
00712,復華富時不動產,20,10,10,元富-新店,2023-08-28,5922
2201,裕隆,13,3,10,元富-新店,2023-08-28,5922
2855,統一證,10,0,10,元富-新店,2023-08-28,5922
4533,協易機,10,0,10,元富-新店,2023-08-28,5922
4129,聯合,10,0,10,元富-新店,2023-08-28,5922
3665,貿聯-KY,10,0,10,元富-新店,2023-08-28,5922
00637L,元大滬深300正2,35,25,10,元富-新店,2023-08-28,5922
4564,元翎,10,0,10,元富-新店,2023-08-28,5922
9906,欣巴巴,10,0,10,元富-新店,2023-08-28,5922
3450,聯鈞,10,0,10,元富-新店,2023-08-28,5922
4909,新復興,16,7,9,元富-新店,2023-08-28,5922
3005,神基,9,0,9,元富-新店,2023-08-28,5922
00923,群益台ESG低碳50,8,0,8,元富-新店,2023-08-28,5922
2301,光寶科,14,6,8,元富-新店,2023-08-28,5922
4566,時碩工業,15,7,8,元富-新店,2023-08-28,5922
3264,欣銓,13,5,8,元富-新店,2023-08-28,5922
6168,宏齊,8,0,8,元富-新店,2023-08-28,5922
3706,神達,28,20,8,元富-新店,2023-08-28,5922
3078,僑威,14,6,8,元富-新店,2023-08-28,5922
2618,長榮航,82,2,80,元富-新店,2023-08-29,5922
3325,旭品,70,0,70,元富-新店,2023-08-29,5922
00929,復華台灣科技優息,61,13,48,元富-新店,2023-08-29,5922
2516,新建,43,0,43,元富-新店,2023-08-29,5922
2363,矽統,302,271,31,元富-新店,2023-08-29,5922
5469,瀚宇博,25,1,24,元富-新店,2023-08-29,5922
6016,康和證,24,0,24,元富-新店,2023-08-29,5922
1905,華紙,24,3,21,元富-新店,2023-08-29,5922
2317,鴻海,38,18,20,元富-新店,2023-08-29,5922
5381,合正,18,5,13,元富-新店,2023-08-29,5922
8150,南茂,12,1,11,元富-新店,2023-08-29,5922
3652,精聯,11,0,11,元富-新店,2023-08-29,5922
3306,鼎天,12,1,11,元富-新店,2023-08-29,5922
6770,力積電,11,0,11,元富-新店,2023-08-29,5922
00676R,富邦臺灣加權反1,10,0,10,元富-新店,2023-08-29,5922
00669R,國泰美國道瓊反1,10,0,10,元富-新店,2023-08-29,5922
2332,友訊,10,0,10,元富-新店,2023-08-29,5922
9906,欣巴巴,10,0,10,元富-新店,2023-08-29,5922
2851,中再保,10,0,10,元富-新店,2023-08-29,5922
3213,茂訊,10,0,10,元富-新店,2023-08-29,5922
6026,福邦證,10,0,10,元富-新店,2023-08-29,5922
8222,寶一,35,25,10,元富-新店,2023-08-29,5922
00632R,元大台灣50反1,15,5,10,元富-新店,2023-08-29,5922
1737,臺鹽,10,0,10,元富-新店,2023-08-29,5922
4908,前鼎,11,1,10,元富-新店,2023-08-29,5922
6266,泰詠,18,8,10,元富-新店,2023-08-29,5922
00655L,國泰中國A50正2,10,0,10,元富-新店,2023-08-29,5922
6547,高端疫苗,10,0,10,元富-新店,2023-08-29,5922
2834,臺企銀,10,1,9,元富-新店,2023-08-29,5922
2892,第一金,10,1,9,元富-新店,2023-08-29,5922
2356,英業達,39,30,9,元富-新店,2023-08-29,5922
1810,和成,16,7,9,元富-新店,2023-08-29,5922
4909,新復興,29,20,9,元富-新店,2023-08-29,5922
2002,中鋼,11,3,8,元富-新店,2023-08-29,5922
6443,元晶,15,7,8,元富-新店,2023-08-29,5922
5340,建榮,16,8,8,元富-新店,2023-08-29,5922
3040,遠見,7,0,7,元富-新店,2023-08-29,5922
00882,中信中國高股息,6,0,6,元富-新店,2023-08-29,5922
2383,台光電,7,1,6,元富-新店,2023-08-29,5922
5880,合庫金,6,0,6,元富-新店,2023-08-29,5922
6191,精成科,6,0,6,元富-新店,2023-08-29,5922
00919,群益台灣精選高息,6,0,6,元富-新店,2023-08-29,5922
1339,昭輝,6,0,6,元富-新店,2023-08-29,5922
0056,元大高股息,8,2,6,元富-新店,2023-08-29,5922
6168,宏齊,8,3,5,元富-新店,2023-08-29,5922
6492,生華科,5,0,5,元富-新店,2023-08-29,5922
00673R,期元大S＆P原油反1,5,0,5,元富-新店,2023-08-29,5922
2419,仲琦,7,2,5,元富-新店,2023-08-29,5922
00753L,中信中國50正2,10,5,5,元富-新店,2023-08-29,5922
2069,運錩,5,0,5,元富-新店,2023-08-29,5922
1605,華新,87,5,82,元富-新店,2023-08-30,5922
2890,永豐金,50,0,50,元富-新店,2023-08-30,5922
2891,中信金,28,0,28,元富-新店,2023-08-30,5922
2324,仁寶,27,4,23,元富-新店,2023-08-30,5922
00637L,元大滬深300正2,22,0,22,元富-新店,2023-08-30,5922
4533,協易機,20,0,20,元富-新店,2023-08-30,5922
2641,正德,20,0,20,元富-新店,2023-08-30,5922
3481,群創,20,1,19,元富-新店,2023-08-30,5922
5469,瀚宇博,20,1,19,元富-新店,2023-08-30,5922
2408,南亞科,18,0,18,元富-新店,2023-08-30,5922
00753L,中信中國50正2,16,0,16,元富-新店,2023-08-30,5922
00919,群益台灣精選高息,15,0,15,元富-新店,2023-08-30,5922
00900,富邦特選高股息30,15,0,15,元富-新店,2023-08-30,5922
2449,京元電子,24,11,13,元富-新店,2023-08-30,5922
3005,神基,14,1,13,元富-新店,2023-08-30,5922
3040,遠見,13,0,13,元富-新店,2023-08-30,5922
2409,友達,15,3,12,元富-新店,2023-08-30,5922
1524,耿鼎,13,2,11,元富-新店,2023-08-30,5922
3021,鴻名,21,10,11,元富-新店,2023-08-30,5922
3227,原相,10,0,10,元富-新店,2023-08-30,5922
2332,友訊,21,11,10,元富-新店,2023-08-30,5922
020033,統一�琤肮黕篾,10,0,10,元富-新店,2023-08-30,5922
5371,中光電,21,11,10,元富-新店,2023-08-30,5922
2317,鴻海,22,12,10,元富-新店,2023-08-30,5922
2356,英業達,17,7,10,元富-新店,2023-08-30,5922
2485,兆赫,50,42,8,元富-新店,2023-08-30,5922
8028,昇陽半導體,8,0,8,元富-新店,2023-08-30,5922
2371,大同,11,3,8,元富-新店,2023-08-30,5922
3661,世芯-KY,10,3,7,元富-新店,2023-08-30,5922
00907,永豐優息存股,7,0,7,元富-新店,2023-08-30,5922
2331,精英,37,30,7,元富-新店,2023-08-30,5922
2363,矽統,150,143,7,元富-新店,2023-08-30,5922
3105,穩懋,8,2,6,元富-新店,2023-08-30,5922
1522,堤維西,6,0,6,元富-新店,2023-08-30,5922
4995,晶達,6,0,6,元富-新店,2023-08-30,5922
3189,景碩,10,4,6,元富-新店,2023-08-30,5922
3257,虹冠電,6,0,6,元富-新店,2023-08-30,5922
3706,神達,14,8,6,元富-新店,2023-08-30,5922
3652,精聯,6,0,6,元富-新店,2023-08-30,5922
6016,康和證,6,0,6,元富-新店,2023-08-30,5922
2884,玉山金,6,0,6,元富-新店,2023-08-30,5922
2887,台新金,8,2,6,元富-新店,2023-08-30,5922
2301,光寶科,8,3,5,元富-新店,2023-08-30,5922
5009,榮剛,12,7,5,元富-新店,2023-08-30,5922
3088,艾訊,8,3,5,元富-新店,2023-08-30,5922
2069,運錩,5,0,5,元富-新店,2023-08-30,5922
2105,正新,8,3,5,元富-新店,2023-08-30,5922
9919,康那香,5,0,5,元富-新店,2023-08-30,5922
00885,富邦越南,10,5,5,元富-新店,2023-08-30,5922
6538,倉和,10,5,5,元富-新店,2023-08-30,5922
2498,宏達電,101,3,98,元富-新店,2023-08-31,5922
00878,國泰永續高股息,115,27,88,元富-新店,2023-08-31,5922
2337,旺宏,85,9,76,元富-新店,2023-08-31,5922
2891,中信金,64,1,63,元富-新店,2023-08-31,5922
5880,合庫金,54,0,54,元富-新店,2023-08-31,5922
1905,華紙,43,4,39,元富-新店,2023-08-31,5922
2618,長榮航,43,8,35,元富-新店,2023-08-31,5922
00900,富邦特選高股息30,40,6,34,元富-新店,2023-08-31,5922
2610,華航,36,2,34,元富-新店,2023-08-31,5922
3021,鴻名,29,0,29,元富-新店,2023-08-31,5922
2887,台新金,27,0,27,元富-新店,2023-08-31,5922
00929,復華台灣科技優息,42,15,27,元富-新店,2023-08-31,5922
2324,仁寶,32,5,27,元富-新店,2023-08-31,5922
2367,燿華,48,22,26,元富-新店,2023-08-31,5922
2892,第一金,25,0,25,元富-新店,2023-08-31,5922
1471,首利,23,0,23,元富-新店,2023-08-31,5922
4909,新復興,29,7,22,元富-新店,2023-08-31,5922
8358,金居,91,72,19,元富-新店,2023-08-31,5922
2890,永豐金,18,0,18,元富-新店,2023-08-31,5922
2885,元大金,17,0,17,元富-新店,2023-08-31,5922
1802,台玻,19,3,16,元富-新店,2023-08-31,5922
6266,泰詠,23,8,15,元富-新店,2023-08-31,5922
6125,廣運,37,23,14,元富-新店,2023-08-31,5922
2884,玉山金,13,0,13,元富-新店,2023-08-31,5922
2330,台積電,13,1,12,元富-新店,2023-08-31,5922
6117,迎廣,12,0,12,元富-新店,2023-08-31,5922
4933,友輝,15,3,12,元富-新店,2023-08-31,5922
3706,神達,40,29,11,元富-新店,2023-08-31,5922
3673,TPK-KY,11,0,11,元富-新店,2023-08-31,5922
2414,精技,11,0,11,元富-新店,2023-08-31,5922
4934,太極,11,0,11,元富-新店,2023-08-31,5922
8271,宇瞻,13,2,11,元富-新店,2023-08-31,5922
6213,聯茂,31,20,11,元富-新店,2023-08-31,5922
00923,群益台ESG低碳50,11,0,11,元富-新店,2023-08-31,5922
1101,台泥,11,1,10,元富-新店,2023-08-31,5922
3227,原相,10,0,10,元富-新店,2023-08-31,5922
00637L,元大滬深300正2,10,0,10,元富-新店,2023-08-31,5922
6284,佳邦,10,0,10,元富-新店,2023-08-31,5922
3491,昇達科,10,0,10,元富-新店,2023-08-31,5922
2390,云辰,10,0,10,元富-新店,2023-08-31,5922
2634,漢翔,120,110,10,元富-新店,2023-08-31,5922
3588,通嘉,21,12,9,元富-新店,2023-08-31,5922
0050,元大台灣50,9,0,9,元富-新店,2023-08-31,5922
2355,敬鵬,75,67,8,元富-新店,2023-08-31,5922
3363,上詮,10,2,8,元富-新店,2023-08-31,5922
2376,技嘉,28,20,8,元富-新店,2023-08-31,5922
4126,太醫,7,0,7,元富-新店,2023-08-31,5922
6153,嘉聯益,7,0,7,元富-新店,2023-08-31,5922
00919,群益台灣精選高息,9,2,7,元富-新店,2023-08-31,5922
2834,臺企銀,7,0,7,元富-新店,2023-08-31,5922
2303,聯電,156,9,147,元富-新店,2023-09-01,5922
00919,群益台灣精選高息,114,0,114,元富-新店,2023-09-01,5922
2337,旺宏,67,9,58,元富-新店,2023-09-01,5922
3706,神達,68,20,48,元富-新店,2023-09-01,5922
3231,緯創,114,68,46,元富-新店,2023-09-01,5922
00878,國泰永續高股息,52,7,45,元富-新店,2023-09-01,5922
00929,復華台灣科技優息,55,12,43,元富-新店,2023-09-01,5922
1605,華新,47,7,40,元富-新店,2023-09-01,5922
5340,建榮,33,1,32,元富-新店,2023-09-01,5922
6547,高端疫苗,25,4,21,元富-新店,2023-09-01,5922
2356,英業達,30,10,20,元富-新店,2023-09-01,5922
2329,華泰,31,13,18,元富-新店,2023-09-01,5922
2352,佳世達,18,2,16,元富-新店,2023-09-01,5922
2388,威盛,22,6,16,元富-新店,2023-09-01,5922
2382,廣達,21,9,12,元富-新店,2023-09-01,5922
00673R,期元大S＆P原油反1,12,0,12,元富-新店,2023-09-01,5922
8028,昇陽半導體,12,0,12,元富-新店,2023-09-01,5922
2615,萬海,11,0,11,元富-新店,2023-09-01,5922
3051,力特,15,4,11,元富-新店,2023-09-01,5922
4967,十銓,15,4,11,元富-新店,2023-09-01,5922
8358,金居,16,5,11,元富-新店,2023-09-01,5922
3032,偉訓,10,0,10,元富-新店,2023-09-01,5922
2630,亞航,10,0,10,元富-新店,2023-09-01,5922
2201,裕隆,53,43,10,元富-新店,2023-09-01,5922
8183,精星,10,1,9,元富-新店,2023-09-01,5922
0056,元大高股息,10,1,9,元富-新店,2023-09-01,5922
2606,裕民,8,0,8,元富-新店,2023-09-01,5922
2401,凌陽,12,4,8,元富-新店,2023-09-01,5922
6275,元山,8,0,8,元富-新店,2023-09-01,5922
3037,欣興,9,1,8,元富-新店,2023-09-01,5922
2425,承啟,9,1,8,元富-新店,2023-09-01,5922
4123,晟德,8,0,8,元富-新店,2023-09-01,5922
1591,駿吉-KY,8,0,8,元富-新店,2023-09-01,5922
2376,技嘉,26,19,7,元富-新店,2023-09-01,5922
1101,台泥,7,0,7,元富-新店,2023-09-01,5922
3652,精聯,7,0,7,元富-新店,2023-09-01,5922
00900,富邦特選高股息30,8,1,7,元富-新店,2023-09-01,5922
00915,凱基優選高股息30,7,0,7,元富-新店,2023-09-01,5922
2609,陽明,7,0,7,元富-新店,2023-09-01,5922
3715,定穎投控,26,20,6,元富-新店,2023-09-01,5922
3022,威強電,7,1,6,元富-新店,2023-09-01,5922
1712,興農,6,0,6,元富-新店,2023-09-01,5922
3088,艾訊,8,2,6,元富-新店,2023-09-01,5922
2359,所羅門,7,1,6,元富-新店,2023-09-01,5922
6213,聯茂,13,7,6,元富-新店,2023-09-01,5922
5469,瀚宇博,9,3,6,元富-新店,2023-09-01,5922
6806,森崴能源,6,0,6,元富-新店,2023-09-01,5922
2913,農林,6,0,6,元富-新店,2023-09-01,5922
2812,台中銀,7,1,6,元富-新店,2023-09-01,5922
8210,勤誠,8,3,5,元富-新店,2023-09-01,5922
00919,群益台灣精選高息,129,9,120,元富-新店,2023-09-04,5922
00680L,元大美債20正2,101,0,101,元富-新店,2023-09-04,5922
2880,華南金,71,0,71,元富-新店,2023-09-04,5922
2618,長榮航,68,6,62,元富-新店,2023-09-04,5922
1905,華紙,63,2,61,元富-新店,2023-09-04,5922
2367,燿華,30,3,27,元富-新店,2023-09-04,5922
00929,復華台灣科技優息,83,57,26,元富-新店,2023-09-04,5922
2363,矽統,66,41,25,元富-新店,2023-09-04,5922
3481,群創,23,1,22,元富-新店,2023-09-04,5922
8087,麗升能源,22,0,22,元富-新店,2023-09-04,5922
2201,裕隆,65,44,21,元富-新店,2023-09-04,5922
3005,神基,22,1,21,元富-新店,2023-09-04,5922
2409,友達,20,0,20,元富-新店,2023-09-04,5922
2371,大同,25,6,19,元富-新店,2023-09-04,5922
8086,宏捷科,28,9,19,元富-新店,2023-09-04,5922
00687B,國泰20年美債,19,0,19,元富-新店,2023-09-04,5922
2882,國泰金,20,2,18,元富-新店,2023-09-04,5922
1513,中興電,18,1,17,元富-新店,2023-09-04,5922
2355,敬鵬,21,4,17,元富-新店,2023-09-04,5922
6114,久威,17,0,17,元富-新店,2023-09-04,5922
00931B,統一美債20年,15,0,15,元富-新店,2023-09-04,5922
3094,聯傑,21,7,14,元富-新店,2023-09-04,5922
1217,愛之味,17,5,12,元富-新店,2023-09-04,5922
1616,億泰,12,1,11,元富-新店,2023-09-04,5922
5469,瀚宇博,12,1,11,元富-新店,2023-09-04,5922
2885,元大金,11,0,11,元富-新店,2023-09-04,5922
4306,炎洲,10,0,10,元富-新店,2023-09-04,5922
00773B,中信優先金融債,10,0,10,元富-新店,2023-09-04,5922
6161,捷波,10,0,10,元富-新店,2023-09-04,5922
2444,兆勁,10,0,10,元富-新店,2023-09-04,5922
1720,生達,10,0,10,元富-新店,2023-09-04,5922
5302,太欣,10,0,10,元富-新店,2023-09-04,5922
3432,台端,10,0,10,元富-新店,2023-09-04,5922
2313,華通,11,1,10,元富-新店,2023-09-04,5922
00669R,國泰美國道瓊反1,10,0,10,元富-新店,2023-09-04,5922
2883,凱基金,10,0,10,元富-新店,2023-09-04,5922
6125,廣運,11,2,9,元富-新店,2023-09-04,5922
3588,通嘉,37,28,9,元富-新店,2023-09-04,5922
2014,中鴻,10,1,9,元富-新店,2023-09-04,5922
3522,御嵿,9,0,9,元富-新店,2023-09-04,5922
00713,元大台灣高息低波,10,1,9,元富-新店,2023-09-04,5922
2344,華邦電,8,0,8,元富-新店,2023-09-04,5922
00720B,元大投資級公司債,8,0,8,元富-新店,2023-09-04,5922
00679B,元大美債20年,8,0,8,元富-新店,2023-09-04,5922
1802,台玻,16,8,8,元富-新店,2023-09-04,5922
2449,京元電子,11,3,8,元富-新店,2023-09-04,5922
00932,兆豐永續高息等權,8,0,8,元富-新店,2023-09-04,5922
2457,飛宏,10,2,8,元富-新店,2023-09-04,5922
00923,群益台ESG低碳50,6,0,6,元富-新店,2023-09-04,5922
2356,英業達,13,7,6,元富-新店,2023-09-04,5922
00929,復華台灣科技優息,383,26,357,元富-新店,2023-09-05,5922
00919,群益台灣精選高息,128,2,126,元富-新店,2023-09-05,5922
2890,永豐金,100,2,98,元富-新店,2023-09-05,5922
00915,凱基優選高股息30,78,0,78,元富-新店,2023-09-05,5922
00918,大華優利高填息30,62,0,62,元富-新店,2023-09-05,5922
2634,漢翔,47,2,45,元富-新店,2023-09-05,5922
2610,華航,48,6,42,元富-新店,2023-09-05,5922
1217,愛之味,42,0,42,元富-新店,2023-09-05,5922
4207,環泰,35,0,35,元富-新店,2023-09-05,5922
2485,兆赫,140,106,34,元富-新店,2023-09-05,5922
5210,寶碩,30,0,30,元富-新店,2023-09-05,5922
9103,美德醫療-DR,50,20,30,元富-新店,2023-09-05,5922
2880,華南金,30,4,26,元富-新店,2023-09-05,5922
5351,鈺創,30,5,25,元富-新店,2023-09-05,5922
1786,科妍,24,0,24,元富-新店,2023-09-05,5922
2504,國產,21,0,21,元富-新店,2023-09-05,5922
2401,凌陽,55,34,21,元富-新店,2023-09-05,5922
6266,泰詠,26,6,20,元富-新店,2023-09-05,5922
2332,友訊,20,0,20,元富-新店,2023-09-05,5922
3231,緯創,37,18,19,元富-新店,2023-09-05,5922
00679B,元大美債20年,17,0,17,元富-新店,2023-09-05,5922
00882,中信中國高股息,36,20,16,元富-新店,2023-09-05,5922
2885,元大金,16,0,16,元富-新店,2023-09-05,5922
3042,晶技,16,0,16,元富-新店,2023-09-05,5922
9958,世紀鋼,22,6,16,元富-新店,2023-09-05,5922
2301,光寶科,19,4,15,元富-新店,2023-09-05,5922
2883,凱基金,15,0,15,元富-新店,2023-09-05,5922
1444,力麗,15,0,15,元富-新店,2023-09-05,5922
2358,廷鑫,23,8,15,元富-新店,2023-09-05,5922
4960,誠美材,15,0,15,元富-新店,2023-09-05,5922
00931B,統一美債20年,14,0,14,元富-新店,2023-09-05,5922
2481,強茂,15,1,14,元富-新店,2023-09-05,5922
4909,新復興,18,4,14,元富-新店,2023-09-05,5922
5457,宣德,17,4,13,元富-新店,2023-09-05,5922
2402,毅嘉,44,32,12,元富-新店,2023-09-05,5922
2376,技嘉,13,2,11,元富-新店,2023-09-05,5922
3545,敦泰,23,12,11,元富-新店,2023-09-05,5922
8028,昇陽半導體,11,0,11,元富-新店,2023-09-05,5922
1712,興農,11,0,11,元富-新店,2023-09-05,5922
3356,奇偶,11,0,11,元富-新店,2023-09-05,5922
5469,瀚宇博,23,12,11,元富-新店,2023-09-05,5922
2109,華豐,11,0,11,元富-新店,2023-09-05,5922
6213,聯茂,33,22,11,元富-新店,2023-09-05,5922
6235,華孚,22,12,10,元富-新店,2023-09-05,5922
1101,台泥,16,6,10,元富-新店,2023-09-05,5922
00713,元大台灣高息低波,10,0,10,元富-新店,2023-09-05,5922
00669R,國泰美國道瓊反1,10,0,10,元富-新店,2023-09-05,5922
2014,中鴻,10,0,10,元富-新店,2023-09-05,5922
3325,旭品,10,0,10,元富-新店,2023-09-05,5922
2405,輔信,15,5,10,元富-新店,2023-09-05,5922
3481,群創,686,4,682,元富-新店,2023-09-06,5922
2890,永豐金,203,0,203,元富-新店,2023-09-06,5922
00632R,元大台灣50反1,100,25,75,元富-新店,2023-09-06,5922
2409,友達,75,10,65,元富-新店,2023-09-06,5922
2363,矽統,148,85,63,元富-新店,2023-09-06,5922
2357,華碩,56,2,54,元富-新店,2023-09-06,5922
3042,晶技,72,22,50,元富-新店,2023-09-06,5922
00713,元大台灣高息低波,44,0,44,元富-新店,2023-09-06,5922
2606,裕民,36,0,36,元富-新店,2023-09-06,5922
2303,聯電,35,5,30,元富-新店,2023-09-06,5922
5457,宣德,30,0,30,元富-新店,2023-09-06,5922
2883,凱基金,30,0,30,元富-新店,2023-09-06,5922
5512,力麒,26,0,26,元富-新店,2023-09-06,5922
2323,中環,24,0,24,元富-新店,2023-09-06,5922
1301,台塑,24,0,24,元富-新店,2023-09-06,5922
00931B,統一美債20年,28,5,23,元富-新店,2023-09-06,5922
00772B,中信高評級公司債,22,0,22,元富-新店,2023-09-06,5922
00720B,元大投資級公司債,22,0,22,元富-新店,2023-09-06,5922
3236,千如,22,0,22,元富-新店,2023-09-06,5922
00679B,元大美債20年,22,0,22,元富-新店,2023-09-06,5922
4167,松瑞藥,21,0,21,元富-新店,2023-09-06,5922
8358,金居,26,5,21,元富-新店,2023-09-06,5922
00923,群益台ESG低碳50,20,0,20,元富-新店,2023-09-06,5922
2484,希華,20,1,19,元富-新店,2023-09-06,5922
3706,神達,30,12,18,元富-新店,2023-09-06,5922
1101,台泥,18,0,18,元富-新店,2023-09-06,5922
6412,群電,19,2,17,元富-新店,2023-09-06,5922
2884,玉山金,16,0,16,元富-新店,2023-09-06,5922
00687B,國泰20年美債,16,0,16,元富-新店,2023-09-06,5922
3588,通嘉,20,5,15,元富-新店,2023-09-06,5922
3163,波若威,29,14,15,元富-新店,2023-09-06,5922
6274,台燿,32,17,15,元富-新店,2023-09-06,5922
2367,燿華,20,5,15,元富-新店,2023-09-06,5922
6285,啟��,25,10,15,元富-新店,2023-09-06,5922
2482,連宇,16,3,13,元富-新店,2023-09-06,5922
2324,仁寶,16,4,12,元富-新店,2023-09-06,5922
2002,中鋼,12,0,12,元富-新店,2023-09-06,5922
2436,偉詮電,17,5,12,元富-新店,2023-09-06,5922
2618,長榮航,18,6,12,元富-新店,2023-09-06,5922
00773B,中信優先金融債,12,0,12,元富-新店,2023-09-06,5922
6282,康舒,14,2,12,元富-新店,2023-09-06,5922
00915,凱基優選高股息30,12,0,12,元富-新店,2023-09-06,5922
2891,中信金,11,0,11,元富-新店,2023-09-06,5922
3704,合勤控,19,8,11,元富-新店,2023-09-06,5922
00900,富邦特選高股息30,14,4,10,元富-新店,2023-09-06,5922
4961,天鈺,15,5,10,元富-新店,2023-09-06,5922
1717,長興,10,0,10,元富-新店,2023-09-06,5922
3710,連展投控,10,0,10,元富-新店,2023-09-06,5922
2610,華航,14,4,10,元富-新店,2023-09-06,5922
6016,康和證,10,0,10,元富-新店,2023-09-06,5922
00929,復華台灣科技優息,272,34,238,元富-新店,2023-09-07,5922
2913,農林,159,0,159,元富-新店,2023-09-07,5922
2618,長榮航,121,2,119,元富-新店,2023-09-07,5922
5880,合庫金,81,0,81,元富-新店,2023-09-07,5922
00919,群益台灣精選高息,76,11,65,元富-新店,2023-09-07,5922
2324,仁寶,50,10,40,元富-新店,2023-09-07,5922
00923,群益台ESG低碳50,39,0,39,元富-新店,2023-09-07,5922
2358,廷鑫,50,14,36,元富-新店,2023-09-07,5922
6235,華孚,42,8,34,元富-新店,2023-09-07,5922
8112,至上,36,5,31,元富-新店,2023-09-07,5922
1513,中興電,35,5,30,元富-新店,2023-09-07,5922
00915,凱基優選高股息30,29,0,29,元富-新店,2023-09-07,5922
2409,友達,27,0,27,元富-新店,2023-09-07,5922
1324,地球,32,6,26,元富-新店,2023-09-07,5922
00918,大華優利高填息30,25,0,25,元富-新店,2023-09-07,5922
2330,台積電,25,0,25,元富-新店,2023-09-07,5922
3481,群創,28,5,23,元富-新店,2023-09-07,5922
2390,云辰,23,0,23,元富-新店,2023-09-07,5922
2206,三陽工業,23,1,22,元富-新店,2023-09-07,5922
5469,瀚宇博,25,4,21,元富-新店,2023-09-07,5922
2891,中信金,20,0,20,元富-新店,2023-09-07,5922
1444,力麗,20,0,20,元富-新店,2023-09-07,5922
2313,華通,62,43,19,元富-新店,2023-09-07,5922
2371,大同,21,2,19,元富-新店,2023-09-07,5922
3013,晟銘電,20,3,17,元富-新店,2023-09-07,5922
1101,台泥,22,5,17,元富-新店,2023-09-07,5922
00679B,元大美債20年,17,0,17,元富-新店,2023-09-07,5922
00687B,國泰20年美債,16,0,16,元富-新店,2023-09-07,5922
00772B,中信高評級公司債,15,0,15,元富-新店,2023-09-07,5922
3231,緯創,24,10,14,元富-新店,2023-09-07,5922
2485,兆赫,32,18,14,元富-新店,2023-09-07,5922
2883,凱基金,13,0,13,元富-新店,2023-09-07,5922
4909,新復興,42,29,13,元富-新店,2023-09-07,5922
2317,鴻海,20,7,13,元富-新店,2023-09-07,5922
2884,玉山金,13,0,13,元富-新店,2023-09-07,5922
00878,國泰永續高股息,21,9,12,元富-新店,2023-09-07,5922
4147,中裕,12,0,12,元富-新店,2023-09-07,5922
2634,漢翔,13,1,12,元富-新店,2023-09-07,5922
1720,生達,12,0,12,元富-新店,2023-09-07,5922
5353,台林,12,0,12,元富-新店,2023-09-07,5922
8028,昇陽半導體,12,0,12,元富-新店,2023-09-07,5922
2801,彰銀,11,0,11,元富-新店,2023-09-07,5922
00893,國泰智能電動車,11,0,11,元富-新店,2023-09-07,5922
1605,華新,11,1,10,元富-新店,2023-09-07,5922
2387,精元,10,0,10,元富-新店,2023-09-07,5922
6155,鈞寶,10,0,10,元富-新店,2023-09-07,5922
00706L,期元大S＆P日圓正2,10,0,10,元富-新店,2023-09-07,5922
1710,東聯,10,0,10,元富-新店,2023-09-07,5922
020033,統一�琤肮黕篾,10,0,10,元富-新店,2023-09-07,5922
2356,英業達,22,13,9,元富-新店,2023-09-07,5922
2486,一詮,343,2,341,元富-新店,2023-09-08,5922
8112,至上,176,11,165,元富-新店,2023-09-08,5922
00919,群益台灣精選高息,129,21,108,元富-新店,2023-09-08,5922
00929,復華台灣科技優息,107,27,80,元富-新店,2023-09-08,5922
2504,國產,41,0,41,元富-新店,2023-09-08,5922
5203,訊連,34,0,34,元富-新店,2023-09-08,5922
4953,緯軟,33,0,33,元富-新店,2023-09-08,5922
2618,長榮航,49,18,31,元富-新店,2023-09-08,5922
9105,泰金寶-DR,39,12,27,元富-新店,2023-09-08,5922
00931B,統一美債20年,21,0,21,元富-新店,2023-09-08,5922
1324,地球,28,10,18,元富-新店,2023-09-08,5922
1305,華夏,25,7,18,元富-新店,2023-09-08,5922
8299,群聯,21,3,18,元富-新店,2023-09-08,5922
2332,友訊,20,3,17,元富-新店,2023-09-08,5922
6282,康舒,20,3,17,元富-新店,2023-09-08,5922
2376,技嘉,23,8,15,元富-新店,2023-09-08,5922
00720B,元大投資級公司債,15,0,15,元富-新店,2023-09-08,5922
2402,毅嘉,18,3,15,元富-新店,2023-09-08,5922
6821,聯寶,15,0,15,元富-新店,2023-09-08,5922
3078,僑威,20,5,15,元富-新店,2023-09-08,5922
1471,首利,34,19,15,元富-新店,2023-09-08,5922
6417,韋僑,23,9,14,元富-新店,2023-09-08,5922
2002,中鋼,13,0,13,元富-新店,2023-09-08,5922
3306,鼎天,13,0,13,元富-新店,2023-09-08,5922
2812,台中銀,23,10,13,元富-新店,2023-09-08,5922
2363,矽統,73,60,13,元富-新店,2023-09-08,5922
00637L,元大滬深300正2,13,0,13,元富-新店,2023-09-08,5922
2485,兆赫,34,21,13,元富-新店,2023-09-08,5922
2801,彰銀,12,0,12,元富-新店,2023-09-08,5922
6129,普誠,12,0,12,元富-新店,2023-09-08,5922
2886,兆豐金,11,0,11,元富-新店,2023-09-08,5922
00891,中信關鍵半導體,11,0,11,元富-新店,2023-09-08,5922
5512,力麒,11,0,11,元富-新店,2023-09-08,5922
6015,宏遠證,10,0,10,元富-新店,2023-09-08,5922
00753L,中信中國50正2,10,0,10,元富-新店,2023-09-08,5922
3051,力特,10,0,10,元富-新店,2023-09-08,5922
3013,晟銘電,10,0,10,元富-新店,2023-09-08,5922
1217,愛之味,10,0,10,元富-新店,2023-09-08,5922
4561,健椿,10,0,10,元富-新店,2023-09-08,5922
6188,廣明,12,2,10,元富-新店,2023-09-08,5922
2890,永豐金,10,0,10,元富-新店,2023-09-08,5922
1605,華新,9,0,9,元富-新店,2023-09-08,5922
6026,福邦證,9,0,9,元富-新店,2023-09-08,5922
00915,凱基優選高股息30,10,1,9,元富-新店,2023-09-08,5922
3036,文曄,10,2,8,元富-新店,2023-09-08,5922
8050,廣積,42,34,8,元富-新店,2023-09-08,5922
9928,中視,8,0,8,元富-新店,2023-09-08,5922
2913,農林,8,1,7,元富-新店,2023-09-08,5922
2331,精英,12,5,7,元富-新店,2023-09-08,5922
1522,堤維西,30,23,7,元富-新店,2023-09-08,5922
00878,國泰永續高股息,252,124,128,元富-新店,2023-09-11,5922
8112,至上,120,2,118,元富-新店,2023-09-11,5922
2618,長榮航,141,35,106,元富-新店,2023-09-11,5922
00632R,元大台灣50反1,100,4,96,元富-新店,2023-09-11,5922
2890,永豐金,102,7,95,元富-新店,2023-09-11,5922
2891,中信金,100,13,87,元富-新店,2023-09-11,5922
00919,群益台灣精選高息,112,36,76,元富-新店,2023-09-11,5922
3231,緯創,106,38,68,元富-新店,2023-09-11,5922
3432,台端,54,0,54,元富-新店,2023-09-11,5922
2892,第一金,54,0,54,元富-新店,2023-09-11,5922
3032,偉訓,49,0,49,元富-新店,2023-09-11,5922
00918,大華優利高填息30,45,0,45,元富-新店,2023-09-11,5922
00929,復華台灣科技優息,56,20,36,元富-新店,2023-09-11,5922
00923,群益台ESG低碳50,33,0,33,元富-新店,2023-09-11,5922
2337,旺宏,35,2,33,元富-新店,2023-09-11,5922
6417,韋僑,31,0,31,元富-新店,2023-09-11,5922
00669R,國泰美國道瓊反1,30,0,30,元富-新店,2023-09-11,5922
0056,元大高股息,34,4,30,元富-新店,2023-09-11,5922
00931B,統一美債20年,29,0,29,元富-新店,2023-09-11,5922
1513,中興電,33,11,22,元富-新店,2023-09-11,5922
00712,復華富時不動產,30,8,22,元富-新店,2023-09-11,5922
00679B,元大美債20年,21,0,21,元富-新店,2023-09-11,5922
6016,康和證,21,0,21,元富-新店,2023-09-11,5922
2405,輔信,30,9,21,元富-新店,2023-09-11,5922
00932,兆豐永續高息等權,31,10,21,元富-新店,2023-09-11,5922
2376,技嘉,24,4,20,元富-新店,2023-09-11,5922
2610,華航,22,2,20,元富-新店,2023-09-11,5922
6188,廣明,23,4,19,元富-新店,2023-09-11,5922
3325,旭品,20,1,19,元富-新店,2023-09-11,5922
6770,力積電,17,0,17,元富-新店,2023-09-11,5922
1618,合機,17,0,17,元富-新店,2023-09-11,5922
00900,富邦特選高股息30,16,0,16,元富-新店,2023-09-11,5922
2313,華通,20,5,15,元富-新店,2023-09-11,5922
6155,鈞寶,15,0,15,元富-新店,2023-09-11,5922
2457,飛宏,19,5,14,元富-新店,2023-09-11,5922
2317,鴻海,21,8,13,元富-新店,2023-09-11,5922
2328,廣宇,13,0,13,元富-新店,2023-09-11,5922
3704,合勤控,18,5,13,元富-新店,2023-09-11,5922
2352,佳世達,16,4,12,元富-新店,2023-09-11,5922
6129,普誠,12,0,12,元富-新店,2023-09-11,5922
6285,啟��,24,12,12,元富-新店,2023-09-11,5922
3706,神達,13,1,12,元富-新店,2023-09-11,5922
00915,凱基優選高股息30,11,0,11,元富-新店,2023-09-11,5922
2368,金像電,19,8,11,元富-新店,2023-09-11,5922
3581,博磊,11,0,11,元富-新店,2023-09-11,5922
5203,訊連,12,1,11,元富-新店,2023-09-11,5922
2504,國產,11,0,11,元富-新店,2023-09-11,5922
2332,友訊,15,4,11,元富-新店,2023-09-11,5922
2460,建通,11,0,11,元富-新店,2023-09-11,5922
2330,台積電,12,1,11,元富-新店,2023-09-11,5922
8932,智通*,111,0,111,元富-新店,2023-09-12,5922
00929,復華台灣科技優息,208,126,82,元富-新店,2023-09-12,5922
4915,致伸,89,27,62,元富-新店,2023-09-12,5922
00915,凱基優選高股息30,57,0,57,元富-新店,2023-09-12,5922
2538,基泰,51,3,48,元富-新店,2023-09-12,5922
00885,富邦越南,30,3,27,元富-新店,2023-09-12,5922
00919,群益台灣精選高息,26,1,25,元富-新店,2023-09-12,5922
6451,訊芯-KY,21,0,21,元富-新店,2023-09-12,5922
2481,強茂,21,1,20,元富-新店,2023-09-12,5922
5258,虹堡,28,8,20,元富-新店,2023-09-12,5922
8039,台虹,19,0,19,元富-新店,2023-09-12,5922
1217,愛之味,20,2,18,元富-新店,2023-09-12,5922
2405,輔信,20,3,17,元富-新店,2023-09-12,5922
2634,漢翔,18,3,15,元富-新店,2023-09-12,5922
3088,艾訊,17,2,15,元富-新店,2023-09-12,5922
00679B,元大美債20年,15,0,15,元富-新店,2023-09-12,5922
0056,元大高股息,16,2,14,元富-新店,2023-09-12,5922
4909,新復興,15,1,14,元富-新店,2023-09-12,5922
2883,凱基金,14,3,11,元富-新店,2023-09-12,5922
4916,事欣科,15,4,11,元富-新店,2023-09-12,5922
2888,新光金,13,2,11,元富-新店,2023-09-12,5922
1101,台泥,10,0,10,元富-新店,2023-09-12,5922
5340,建榮,10,0,10,元富-新店,2023-09-12,5922
2460,建通,10,0,10,元富-新店,2023-09-12,5922
2312,金寶,17,7,10,元富-新店,2023-09-12,5922
3645,達邁,10,0,10,元富-新店,2023-09-12,5922
6125,廣運,16,6,10,元富-新店,2023-09-12,5922
6015,宏遠證,10,0,10,元富-新店,2023-09-12,5922
3078,僑威,13,4,9,元富-新店,2023-09-12,5922
2356,英業達,29,20,9,元富-新店,2023-09-12,5922
8155,博智,15,6,9,元富-新店,2023-09-12,5922
1227,佳格,10,1,9,元富-新店,2023-09-12,5922
3028,增你強,8,0,8,元富-新店,2023-09-12,5922
3178,公準,8,1,7,元富-新店,2023-09-12,5922
6122,擎邦,7,0,7,元富-新店,2023-09-12,5922
3466,德晉,7,0,7,元富-新店,2023-09-12,5922
6821,聯寶,7,0,7,元富-新店,2023-09-12,5922
1319,東陽,38,31,7,元富-新店,2023-09-12,5922
8069,元太,7,1,6,元富-新店,2023-09-12,5922
6116,彩晶,13,7,6,元富-新店,2023-09-12,5922
3260,威剛,37,31,6,元富-新店,2023-09-12,5922
00795B,中信美國公債20年,6,0,6,元富-新店,2023-09-12,5922
5457,宣德,6,0,6,元富-新店,2023-09-12,5922
6417,韋僑,6,0,6,元富-新店,2023-09-12,5922
6266,泰詠,5,0,5,元富-新店,2023-09-12,5922
5403,中菲,5,0,5,元富-新店,2023-09-12,5922
1340,勝悅-KY,5,0,5,元富-新店,2023-09-12,5922
2464,盟立,5,0,5,元富-新店,2023-09-12,5922
3380,明泰,6,1,5,元富-新店,2023-09-12,5922
6111,大宇資,5,0,5,元富-新店,2023-09-12,5922
00919,群益台灣精選高息,111,0,111,元富-新店,2023-09-13,5922
2886,兆豐金,100,2,98,元富-新店,2023-09-13,5922
2885,元大金,100,4,96,元富-新店,2023-09-13,5922
3231,緯創,96,28,68,元富-新店,2023-09-13,5922
8932,智通*,67,0,67,元富-新店,2023-09-13,5922
8112,至上,64,8,56,元富-新店,2023-09-13,5922
5009,榮剛,54,0,54,元富-新店,2023-09-13,5922
00720B,元大投資級公司債,29,0,29,元富-新店,2023-09-13,5922
3363,上詮,41,13,28,元富-新店,2023-09-13,5922
3032,偉訓,27,0,27,元富-新店,2023-09-13,5922
2382,廣達,32,9,23,元富-新店,2023-09-13,5922
2376,技嘉,55,34,21,元富-新店,2023-09-13,5922
3689,湧德,22,2,20,元富-新店,2023-09-13,5922
6188,廣明,38,19,19,元富-新店,2023-09-13,5922
3322,建舜電,53,34,19,元富-新店,2023-09-13,5922
00715L,期街口布蘭特正2,18,0,18,元富-新店,2023-09-13,5922
2313,華通,119,102,17,元富-新店,2023-09-13,5922
5340,建榮,17,0,17,元富-新店,2023-09-13,5922
2317,鴻海,20,3,17,元富-新店,2023-09-13,5922
2303,聯電,34,17,17,元富-新店,2023-09-13,5922
00929,復華台灣科技優息,122,106,16,元富-新店,2023-09-13,5922
00902,中信電池及儲能,16,0,16,元富-新店,2023-09-13,5922
3294,英濟,26,10,16,元富-新店,2023-09-13,5922
00830,國泰費城半導體,16,0,16,元富-新店,2023-09-13,5922
6266,泰詠,15,0,15,元富-新店,2023-09-13,5922
3037,欣興,16,1,15,元富-新店,2023-09-13,5922
2516,新建,15,0,15,元富-新店,2023-09-13,5922
1471,首利,15,0,15,元富-新店,2023-09-13,5922
6715,嘉基,14,0,14,元富-新店,2023-09-13,5922
3209,全科,13,0,13,元富-新店,2023-09-13,5922
2912,統一超,12,0,12,元富-新店,2023-09-13,5922
00637L,元大滬深300正2,12,0,12,元富-新店,2023-09-13,5922
00915,凱基優選高股息30,12,0,12,元富-新店,2023-09-13,5922
00882,中信中國高股息,12,0,12,元富-新店,2023-09-13,5922
2610,華航,49,38,11,元富-新店,2023-09-13,5922
6122,擎邦,15,5,10,元富-新店,2023-09-13,5922
6016,康和證,10,0,10,元富-新店,2023-09-13,5922
1314,中石化,10,0,10,元富-新店,2023-09-13,5922
9958,世紀鋼,10,0,10,元富-新店,2023-09-13,5922
00893,國泰智能電動車,10,0,10,元富-新店,2023-09-13,5922
2630,亞航,67,57,10,元富-新店,2023-09-13,5922
3021,鴻名,10,0,10,元富-新店,2023-09-13,5922
5328,華容,10,0,10,元富-新店,2023-09-13,5922
00713,元大台灣高息低波,10,1,9,元富-新店,2023-09-13,5922
3042,晶技,9,0,9,元富-新店,2023-09-13,5922
4147,中裕,9,0,9,元富-新店,2023-09-13,5922
2417,圓剛,9,0,9,元富-新店,2023-09-13,5922
5880,合庫金,8,0,8,元富-新店,2023-09-13,5922
5469,瀚宇博,11,3,8,元富-新店,2023-09-13,5922
5371,中光電,32,24,8,元富-新店,2023-09-13,5922
00929,復華台灣科技優息,233,34,199,元富-新店,2023-09-14,5922
2891,中信金,105,4,101,元富-新店,2023-09-14,5922
00673R,期元大S＆P原油反1,100,0,100,元富-新店,2023-09-14,5922
00918,大華優利高填息30,81,0,81,元富-新店,2023-09-14,5922
8932,智通*,82,1,81,元富-新店,2023-09-14,5922
00688L,國泰20年美債正2,50,0,50,元富-新店,2023-09-14,5922
00885,富邦越南,46,0,46,元富-新店,2023-09-14,5922
6176,瑞儀,50,4,46,元富-新店,2023-09-14,5922
2618,長榮航,38,3,35,元富-新店,2023-09-14,5922
3005,神基,33,5,28,元富-新店,2023-09-14,5922
2634,漢翔,33,6,27,元富-新店,2023-09-14,5922
00679B,元大美債20年,21,0,21,元富-新店,2023-09-14,5922
3033,威健,20,0,20,元富-新店,2023-09-14,5922
00642U,期元大S＆P石油,20,0,20,元富-新店,2023-09-14,5922
00931B,統一美債20年,18,0,18,元富-新店,2023-09-14,5922
4909,新復興,18,0,18,元富-新店,2023-09-14,5922
2337,旺宏,22,5,17,元富-新店,2023-09-14,5922
00720B,元大投資級公司債,17,0,17,元富-新店,2023-09-14,5922
4977,眾達-KY,22,6,16,元富-新店,2023-09-14,5922
3380,明泰,18,5,13,元富-新店,2023-09-14,5922
2820,華票,12,0,12,元富-新店,2023-09-14,5922
3715,定穎投控,20,8,12,元富-新店,2023-09-14,5922
00753L,中信中國50正2,11,0,11,元富-新店,2023-09-14,5922
3025,星通,19,8,11,元富-新店,2023-09-14,5922
00719B,元大美債1-3,11,0,11,元富-新店,2023-09-14,5922
6266,泰詠,17,7,10,元富-新店,2023-09-14,5922
2607,榮運,10,0,10,元富-新店,2023-09-14,5922
4540,全球傳動,10,0,10,元富-新店,2023-09-14,5922
2617,台航,10,0,10,元富-新店,2023-09-14,5922
1324,地球,10,0,10,元富-新店,2023-09-14,5922
2417,圓剛,10,0,10,元富-新店,2023-09-14,5922
5328,華容,10,0,10,元富-新店,2023-09-14,5922
3094,聯傑,10,0,10,元富-新店,2023-09-14,5922
2419,仲琦,11,1,10,元富-新店,2023-09-14,5922
2610,華航,10,0,10,元富-新店,2023-09-14,5922
1539,巨庭,10,0,10,元富-新店,2023-09-14,5922
3078,僑威,13,3,10,元富-新店,2023-09-14,5922
4123,晟德,10,1,9,元富-新店,2023-09-14,5922
4908,前鼎,31,22,9,元富-新店,2023-09-14,5922
8112,至上,22,13,9,元富-新店,2023-09-14,5922
2538,基泰,9,0,9,元富-新店,2023-09-14,5922
6451,訊芯-KY,11,3,8,元富-新店,2023-09-14,5922
8222,寶一,17,9,8,元富-新店,2023-09-14,5922
5469,瀚宇博,19,11,8,元富-新店,2023-09-14,5922
2402,毅嘉,10,2,8,元富-新店,2023-09-14,5922
2516,新建,8,0,8,元富-新店,2023-09-14,5922
3035,智原,21,14,7,元富-新店,2023-09-14,5922
3032,偉訓,10,3,7,元富-新店,2023-09-14,5922
6284,佳邦,12,5,7,元富-新店,2023-09-14,5922
3548,兆利,6,0,6,元富-新店,2023-09-14,5922
2486,一詮,841,72,769,元富-新店,2023-09-15,5922
00929,復華台灣科技優息,283,50,233,元富-新店,2023-09-15,5922
2641,正德,133,5,128,元富-新店,2023-09-15,5922
00919,群益台灣精選高息,163,41,122,元富-新店,2023-09-15,5922
2880,華南金,104,0,104,元富-新店,2023-09-15,5922
2303,聯電,63,3,60,元富-新店,2023-09-15,5922
8932,智通*,42,0,42,元富-新店,2023-09-15,5922
2485,兆赫,40,0,40,元富-新店,2023-09-15,5922
6139,亞翔,35,0,35,元富-新店,2023-09-15,5922
00720B,元大投資級公司債,27,1,26,元富-新店,2023-09-15,5922
1324,地球,25,0,25,元富-新店,2023-09-15,5922
6125,廣運,22,0,22,元富-新店,2023-09-15,5922
2645,長榮航太,24,2,22,元富-新店,2023-09-15,5922
2836,高雄銀,20,0,20,元富-新店,2023-09-15,5922
00687B,國泰20年美債,25,5,20,元富-新店,2023-09-15,5922
6188,廣明,20,0,20,元富-新店,2023-09-15,5922
2425,承啟,23,3,20,元富-新店,2023-09-15,5922
2358,廷鑫,20,0,20,元富-新店,2023-09-15,5922
2356,英業達,21,1,20,元富-新店,2023-09-15,5922
00637L,元大滬深300正2,23,4,19,元富-新店,2023-09-15,5922
2516,新建,19,0,19,元富-新店,2023-09-15,5922
3689,湧德,21,3,18,元富-新店,2023-09-15,5922
2337,旺宏,21,3,18,元富-新店,2023-09-15,5922
6274,台燿,30,14,16,元富-新店,2023-09-15,5922
00688L,國泰20年美債正2,15,0,15,元富-新店,2023-09-15,5922
6245,立端,15,0,15,元富-新店,2023-09-15,5922
2610,華航,16,2,14,元富-新店,2023-09-15,5922
3088,艾訊,18,5,13,元富-新店,2023-09-15,5922
2201,裕隆,44,31,13,元富-新店,2023-09-15,5922
2316,楠梓電,12,0,12,元富-新店,2023-09-15,5922
1618,合機,12,0,12,元富-新店,2023-09-15,5922
1737,臺鹽,12,0,12,元富-新店,2023-09-15,5922
3624,光頡,12,0,12,元富-新店,2023-09-15,5922
8358,金居,13,1,12,元富-新店,2023-09-15,5922
00931B,統一美債20年,11,0,11,元富-新店,2023-09-15,5922
00878,國泰永續高股息,21,10,11,元富-新店,2023-09-15,5922
6182,合晶,11,0,11,元富-新店,2023-09-15,5922
4977,眾達-KY,11,0,11,元富-新店,2023-09-15,5922
3260,威剛,18,7,11,元富-新店,2023-09-15,5922
2376,技嘉,17,7,10,元富-新店,2023-09-15,5922
1522,堤維西,29,19,10,元富-新店,2023-09-15,5922
8084,巨虹,10,0,10,元富-新店,2023-09-15,5922
00753L,中信中國50正2,10,0,10,元富-新店,2023-09-15,5922
2228,劍麟,10,0,10,元富-新店,2023-09-15,5922
00792B,群益A級公司債,10,0,10,元富-新店,2023-09-15,5922
00679B,元大美債20年,14,5,9,元富-新店,2023-09-15,5922
4979,華星光,9,0,9,元富-新店,2023-09-15,5922
2436,偉詮電,11,2,9,元富-新店,2023-09-15,5922
6231,系微,37,28,9,元富-新店,2023-09-15,5922
00885,富邦越南,9,0,9,元富-新店,2023-09-15,5922
2890,永豐金,600,0,600,元富-新店,2023-09-18,5922
00929,復華台灣科技優息,333,45,288,元富-新店,2023-09-18,5922
00919,群益台灣精選高息,226,23,203,元富-新店,2023-09-18,5922
2303,聯電,65,3,62,元富-新店,2023-09-18,5922
2363,矽統,178,120,58,元富-新店,2023-09-18,5922
00720B,元大投資級公司債,57,0,57,元富-新店,2023-09-18,5922
00712,復華富時不動產,70,24,46,元富-新店,2023-09-18,5922
00878,國泰永續高股息,46,0,46,元富-新店,2023-09-18,5922
3231,緯創,58,16,42,元富-新店,2023-09-18,5922
00881,國泰台灣5G+,42,0,42,元富-新店,2023-09-18,5922
00751B,元大AAA至A公司債,39,0,39,元富-新店,2023-09-18,5922
2330,台積電,38,0,38,元富-新店,2023-09-18,5922
3032,偉訓,51,14,37,元富-新店,2023-09-18,5922
00931B,統一美債20年,36,0,36,元富-新店,2023-09-18,5922
3294,英濟,32,0,32,元富-新店,2023-09-18,5922
00679B,元大美債20年,33,1,32,元富-新店,2023-09-18,5922
00885,富邦越南,29,0,29,元富-新店,2023-09-18,5922
2603,長榮,28,1,27,元富-新店,2023-09-18,5922
2388,威盛,64,41,23,元富-新店,2023-09-18,5922
00772B,中信高評級公司債,22,0,22,元富-新店,2023-09-18,5922
00932,兆豐永續高息等權,21,0,21,元富-新店,2023-09-18,5922
8358,金居,24,3,21,元富-新店,2023-09-18,5922
2462,良得電,31,11,20,元富-新店,2023-09-18,5922
3037,欣興,22,2,20,元富-新店,2023-09-18,5922
5381,合正,19,0,19,元富-新店,2023-09-18,5922
5880,合庫金,17,0,17,元富-新店,2023-09-18,5922
2382,廣達,30,13,17,元富-新店,2023-09-18,5922
2027,大成鋼,17,0,17,元富-新店,2023-09-18,5922
00795B,中信美國公債20年,16,0,16,元富-新店,2023-09-18,5922
2354,鴻準,16,0,16,元富-新店,2023-09-18,5922
2641,正德,16,0,16,元富-新店,2023-09-18,5922
6821,聯寶,16,0,16,元富-新店,2023-09-18,5922
00893,國泰智能電動車,16,0,16,元富-新店,2023-09-18,5922
2010,春源,15,1,14,元富-新店,2023-09-18,5922
6266,泰詠,14,1,13,元富-新店,2023-09-18,5922
00882,中信中國高股息,13,0,13,元富-新店,2023-09-18,5922
2402,毅嘉,16,3,13,元富-新店,2023-09-18,5922
2301,光寶科,14,2,12,元富-新店,2023-09-18,5922
3088,艾訊,12,0,12,元富-新店,2023-09-18,5922
00687B,國泰20年美債,12,0,12,元富-新店,2023-09-18,5922
00713,元大台灣高息低波,11,0,11,元富-新店,2023-09-18,5922
00680L,元大美債20正2,11,0,11,元富-新店,2023-09-18,5922
8086,宏捷科,23,12,11,元富-新店,2023-09-18,5922
2353,宏��,13,3,10,元富-新店,2023-09-18,5922
2401,凌陽,11,1,10,元富-新店,2023-09-18,5922
2601,益航,10,0,10,元富-新店,2023-09-18,5922
2417,圓剛,15,5,10,元富-新店,2023-09-18,5922
2228,劍麟,10,0,10,元富-新店,2023-09-18,5922
00753L,中信中國50正2,40,30,10,元富-新店,2023-09-18,5922
2374,佳能,10,0,10,元富-新店,2023-09-18,5922
00929,復華台灣科技優息,173,8,165,元富-新店,2023-09-19,5922
2337,旺宏,49,0,49,元富-新店,2023-09-19,5922
2303,聯電,56,8,48,元富-新店,2023-09-19,5922
00919,群益台灣精選高息,38,0,38,元富-新店,2023-09-19,5922
2603,長榮,37,0,37,元富-新店,2023-09-19,5922
2486,一詮,47,10,37,元富-新店,2023-09-19,5922
6901,鑽石投資,36,2,34,元富-新店,2023-09-19,5922
2449,京元電子,45,11,34,元富-新店,2023-09-19,5922
5340,建榮,31,0,31,元富-新店,2023-09-19,5922
3583,辛耘,30,4,26,元富-新店,2023-09-19,5922
2538,基泰,27,2,25,元富-新店,2023-09-19,5922
3231,緯創,68,44,24,元富-新店,2023-09-19,5922
00679B,元大美債20年,24,0,24,元富-新店,2023-09-19,5922
1101,台泥,24,1,23,元富-新店,2023-09-19,5922
3294,英濟,27,5,22,元富-新店,2023-09-19,5922
2377,微星,20,0,20,元富-新店,2023-09-19,5922
8050,廣積,20,0,20,元富-新店,2023-09-19,5922
1522,堤維西,35,15,20,元富-新店,2023-09-19,5922
2634,漢翔,29,10,19,元富-新店,2023-09-19,5922
3706,神達,27,8,19,元富-新店,2023-09-19,5922
4207,環泰,17,0,17,元富-新店,2023-09-19,5922
00902,中信電池及儲能,16,0,16,元富-新店,2023-09-19,5922
1720,生達,20,4,16,元富-新店,2023-09-19,5922
2330,台積電,15,0,15,元富-新店,2023-09-19,5922
00921,兆豐龍頭等權重,15,0,15,元富-新店,2023-09-19,5922
3704,合勤控,16,1,15,元富-新店,2023-09-19,5922
3596,智易,19,5,14,元富-新店,2023-09-19,5922
5381,合正,24,10,14,元富-新店,2023-09-19,5922
2436,偉詮電,15,1,14,元富-新店,2023-09-19,5922
2368,金像電,18,4,14,元富-新店,2023-09-19,5922
6531,愛普*,26,12,14,元富-新店,2023-09-19,5922
5009,榮剛,13,0,13,元富-新店,2023-09-19,5922
4979,華星光,36,23,13,元富-新店,2023-09-19,5922
2641,正德,13,1,12,元富-新店,2023-09-19,5922
1319,東陽,26,14,12,元富-新店,2023-09-19,5922
2408,南亞科,13,2,11,元富-新店,2023-09-19,5922
5388,中磊,11,0,11,元富-新店,2023-09-19,5922
8155,博智,12,1,11,元富-新店,2023-09-19,5922
2388,威盛,48,37,11,元富-新店,2023-09-19,5922
5403,中菲,10,0,10,元富-新店,2023-09-19,5922
2880,華南金,10,0,10,元富-新店,2023-09-19,5922
8027,鈦昇,13,3,10,元富-新店,2023-09-19,5922
8034,榮群,10,0,10,元富-新店,2023-09-19,5922
3450,聯鈞,12,2,10,元富-新店,2023-09-19,5922
5210,寶碩,10,0,10,元富-新店,2023-09-19,5922
1582,信錦,10,0,10,元富-新店,2023-09-19,5922
2332,友訊,10,0,10,元富-新店,2023-09-19,5922
6123,上奇,10,0,10,元富-新店,2023-09-19,5922
2419,仲琦,9,0,9,元富-新店,2023-09-19,5922
1471,首利,10,1,9,元富-新店,2023-09-19,5922
00929,復華台灣科技優息,246,6,240,元富-新店,2023-09-20,5922
2888,新光金,204,0,204,元富-新店,2023-09-20,5922
00673R,期元大S＆P原油反1,108,1,107,元富-新店,2023-09-20,5922
2885,元大金,103,0,103,元富-新店,2023-09-20,5922
2913,農林,103,1,102,元富-新店,2023-09-20,5922
00919,群益台灣精選高息,79,1,78,元富-新店,2023-09-20,5922
3706,神達,81,38,43,元富-新店,2023-09-20,5922
2449,京元電子,76,37,39,元富-新店,2023-09-20,5922
00923,群益台ESG低碳50,36,0,36,元富-新店,2023-09-20,5922
00688L,國泰20年美債正2,35,0,35,元富-新店,2023-09-20,5922
1802,台玻,30,3,27,元富-新店,2023-09-20,5922
2201,裕隆,71,44,27,元富-新店,2023-09-20,5922
2317,鴻海,28,3,25,元富-新店,2023-09-20,5922
2409,友達,21,0,21,元富-新店,2023-09-20,5922
2618,長榮航,27,6,21,元富-新店,2023-09-20,5922
2486,一詮,23,2,21,元富-新店,2023-09-20,5922
2313,華通,32,11,21,元富-新店,2023-09-20,5922
2605,新興,23,3,20,元富-新店,2023-09-20,5922
2537,聯上發,25,5,20,元富-新店,2023-09-20,5922
3481,群創,21,2,19,元富-新店,2023-09-20,5922
00878,國泰永續高股息,20,2,18,元富-新店,2023-09-20,5922
2358,廷鑫,18,0,18,元富-新店,2023-09-20,5922
3042,晶技,19,1,18,元富-新店,2023-09-20,5922
2330,台積電,18,0,18,元富-新店,2023-09-20,5922
00679B,元大美債20年,17,0,17,元富-新店,2023-09-20,5922
2883,凱基金,16,0,16,元富-新店,2023-09-20,5922
2425,承啟,15,0,15,元富-新店,2023-09-20,5922
6770,力積電,15,0,15,元富-新店,2023-09-20,5922
00720B,元大投資級公司債,15,1,14,元富-新店,2023-09-20,5922
00881,國泰台灣5G+,16,2,14,元富-新店,2023-09-20,5922
0056,元大高股息,14,0,14,元富-新店,2023-09-20,5922
6245,立端,13,0,13,元富-新店,2023-09-20,5922
1605,華新,17,4,13,元富-新店,2023-09-20,5922
3032,偉訓,31,18,13,元富-新店,2023-09-20,5922
1584,精剛,17,4,13,元富-新店,2023-09-20,5922
2356,英業達,20,8,12,元富-新店,2023-09-20,5922
8046,南電,17,5,12,元富-新店,2023-09-20,5922
2399,映泰,12,0,12,元富-新店,2023-09-20,5922
2897,王道銀行,12,0,12,元富-新店,2023-09-20,5922
1314,中石化,12,0,12,元富-新店,2023-09-20,5922
2634,漢翔,12,0,12,元富-新店,2023-09-20,5922
2504,國產,12,0,12,元富-新店,2023-09-20,5922
00921,兆豐龍頭等權重,12,0,12,元富-新店,2023-09-20,5922
2405,輔信,13,2,11,元富-新店,2023-09-20,5922
3294,英濟,11,0,11,元富-新店,2023-09-20,5922
6285,啟��,26,15,11,元富-新店,2023-09-20,5922
00882,中信中國高股息,10,0,10,元富-新店,2023-09-20,5922
2611,志信,10,0,10,元富-新店,2023-09-20,5922
4915,致伸,11,1,10,元富-新店,2023-09-20,5922
3264,欣銓,21,11,10,元富-新店,2023-09-20,5922
5880,合庫金,172,0,172,元富-新店,2023-09-21,5922
2201,裕隆,113,2,111,元富-新店,2023-09-21,5922
0056,元大高股息,104,3,101,元富-新店,2023-09-21,5922
00878,國泰永續高股息,131,41,90,元富-新店,2023-09-21,5922
00929,復華台灣科技優息,135,51,84,元富-新店,2023-09-21,5922
2880,華南金,50,0,50,元富-新店,2023-09-21,5922
2885,元大金,55,5,50,元富-新店,2023-09-21,5922
2886,兆豐金,50,2,48,元富-新店,2023-09-21,5922
2892,第一金,42,0,42,元富-新店,2023-09-21,5922
3711,日月光投控,42,1,41,元富-新店,2023-09-21,5922
2337,旺宏,41,1,40,元富-新店,2023-09-21,5922
2002,中鋼,40,0,40,元富-新店,2023-09-21,5922
2330,台積電,40,0,40,元富-新店,2023-09-21,5922
1101,台泥,39,2,37,元富-新店,2023-09-21,5922
2367,燿華,43,14,29,元富-新店,2023-09-21,5922
6122,擎邦,32,5,27,元富-新店,2023-09-21,5922
00679B,元大美債20年,26,0,26,元富-新店,2023-09-21,5922
0050,元大台灣50,26,0,26,元富-新店,2023-09-21,5922
2883,凱基金,26,0,26,元富-新店,2023-09-21,5922
2891,中信金,124,100,24,元富-新店,2023-09-21,5922
2303,聯電,50,28,22,元富-新店,2023-09-21,5922
5876,上海商銀,21,0,21,元富-新店,2023-09-21,5922
2618,長榮航,31,10,21,元富-新店,2023-09-21,5922
00720B,元大投資級公司債,20,0,20,元富-新店,2023-09-21,5922
00753L,中信中國50正2,20,0,20,元富-新店,2023-09-21,5922
2454,聯發科,20,1,19,元富-新店,2023-09-21,5922
3704,合勤控,29,10,19,元富-新店,2023-09-21,5922
2301,光寶科,25,7,18,元富-新店,2023-09-21,5922
00893,國泰智能電動車,18,0,18,元富-新店,2023-09-21,5922
2363,矽統,45,27,18,元富-新店,2023-09-21,5922
00932,兆豐永續高息等權,18,0,18,元富-新店,2023-09-21,5922
2610,華航,19,2,17,元富-新店,2023-09-21,5922
00900,富邦特選高股息30,16,0,16,元富-新店,2023-09-21,5922
3325,旭品,17,1,16,元富-新店,2023-09-21,5922
6016,康和證,15,0,15,元富-新店,2023-09-21,5922
2317,鴻海,19,4,15,元富-新店,2023-09-21,5922
4979,華星光,16,1,15,元富-新店,2023-09-21,5922
2353,宏��,15,1,14,元富-新店,2023-09-21,5922
2882,國泰金,14,0,14,元富-新店,2023-09-21,5922
3035,智原,19,5,14,元富-新店,2023-09-21,5922
00751B,元大AAA至A公司債,13,0,13,元富-新店,2023-09-21,5922
6005,群益證,13,0,13,元富-新店,2023-09-21,5922
00687B,國泰20年美債,13,0,13,元富-新店,2023-09-21,5922
3231,緯創,43,31,12,元富-新店,2023-09-21,5922
2884,玉山金,12,0,12,元富-新店,2023-09-21,5922
2401,凌陽,12,0,12,元富-新店,2023-09-21,5922
8255,朋程,12,0,12,元富-新店,2023-09-21,5922
00931B,統一美債20年,12,0,12,元富-新店,2023-09-21,5922
006208,富邦台50,11,0,11,元富-新店,2023-09-21,5922
8068,全達,13,2,11,元富-新店,2023-09-21,5922
00919,群益台灣精選高息,85,1,84,元富-新店,2023-09-22,5922
00720B,元大投資級公司債,77,1,76,元富-新店,2023-09-22,5922
00885,富邦越南,63,1,62,元富-新店,2023-09-22,5922
2303,聯電,65,4,61,元富-新店,2023-09-22,5922
00679B,元大美債20年,62,1,61,元富-新店,2023-09-22,5922
00669R,國泰美國道瓊反1,50,0,50,元富-新店,2023-09-22,5922
00751B,元大AAA至A公司債,49,0,49,元富-新店,2023-09-22,5922
6016,康和證,40,0,40,元富-新店,2023-09-22,5922
00931B,統一美債20年,39,0,39,元富-新店,2023-09-22,5922
00772B,中信高評級公司債,33,0,33,元富-新店,2023-09-22,5922
2888,新光金,31,0,31,元富-新店,2023-09-22,5922
00680L,元大美債20正2,23,0,23,元富-新店,2023-09-22,5922
00687B,國泰20年美債,22,0,22,元富-新店,2023-09-22,5922
2317,鴻海,22,1,21,元富-新店,2023-09-22,5922
00932,兆豐永續高息等權,21,0,21,元富-新店,2023-09-22,5922
2885,元大金,20,0,20,元富-新店,2023-09-22,5922
00878,國泰永續高股息,38,19,19,元富-新店,2023-09-22,5922
00712,復華富時不動產,18,0,18,元富-新店,2023-09-22,5922
2332,友訊,17,0,17,元富-新店,2023-09-22,5922
00893,國泰智能電動車,16,0,16,元富-新店,2023-09-22,5922
3051,力特,14,0,14,元富-新店,2023-09-22,5922
6129,普誠,15,1,14,元富-新店,2023-09-22,5922
6168,宏齊,12,0,12,元富-新店,2023-09-22,5922
5302,太欣,21,9,12,元富-新店,2023-09-22,5922
2330,台積電,13,1,12,元富-新店,2023-09-22,5922
5381,合正,11,0,11,元富-新店,2023-09-22,5922
1471,首利,11,0,11,元富-新店,2023-09-22,5922
2883,凱基金,11,0,11,元富-新店,2023-09-22,5922
1608,華榮,10,0,10,元富-新店,2023-09-22,5922
1314,中石化,10,0,10,元富-新店,2023-09-22,5922
4207,環泰,19,10,9,元富-新店,2023-09-22,5922
00923,群益台ESG低碳50,9,0,9,元富-新店,2023-09-22,5922
1560,中砂,10,1,9,元富-新店,2023-09-22,5922
3322,建舜電,9,0,9,元富-新店,2023-09-22,5922
2313,華通,36,28,8,元富-新店,2023-09-22,5922
3450,聯鈞,25,17,8,元富-新店,2023-09-22,5922
2201,裕隆,13,5,8,元富-新店,2023-09-22,5922
2641,正德,24,16,8,元富-新店,2023-09-22,5922
3163,波若威,10,2,8,元富-新店,2023-09-22,5922
0056,元大高股息,8,1,7,元富-新店,2023-09-22,5922
00713,元大台灣高息低波,7,0,7,元富-新店,2023-09-22,5922
2634,漢翔,10,4,6,元富-新店,2023-09-22,5922
00725B,國泰投資級公司債,6,0,6,元富-新店,2023-09-22,5922
6182,合晶,6,0,6,元富-新店,2023-09-22,5922
1409,新纖,6,0,6,元富-新店,2023-09-22,5922
8222,寶一,16,10,6,元富-新店,2023-09-22,5922
6114,久威,6,0,6,元富-新店,2023-09-22,5922
2464,盟立,5,0,5,元富-新店,2023-09-22,5922
8028,昇陽半導體,7,2,5,元富-新店,2023-09-22,5922
00706L,期元大S＆P日圓正2,5,0,5,元富-新店,2023-09-22,5922
6191,精成科,122,0,122,元富-新店,2023-09-25,5922
1101,台泥,91,6,85,元富-新店,2023-09-25,5922
3363,上詮,91,13,78,元富-新店,2023-09-25,5922
00929,復華台灣科技優息,64,0,64,元富-新店,2023-09-25,5922
2330,台積電,43,1,42,元富-新店,2023-09-25,5922
00679B,元大美債20年,26,0,26,元富-新店,2023-09-25,5922
3706,神達,37,15,22,元富-新店,2023-09-25,5922
1324,地球,50,30,20,元富-新店,2023-09-25,5922
1504,東元,29,9,20,元富-新店,2023-09-25,5922
3163,波若威,46,27,19,元富-新店,2023-09-25,5922
3006,晶豪科,20,1,19,元富-新店,2023-09-25,5922
2367,燿華,16,0,16,元富-新店,2023-09-25,5922
2382,廣達,25,11,14,元富-新店,2023-09-25,5922
2323,中環,14,0,14,元富-新店,2023-09-25,5922
00720B,元大投資級公司債,13,1,12,元富-新店,2023-09-25,5922
8234,新漢,12,0,12,元富-新店,2023-09-25,5922
2317,鴻海,13,2,11,元富-新店,2023-09-25,5922
2376,技嘉,21,10,11,元富-新店,2023-09-25,5922
6125,廣運,11,0,11,元富-新店,2023-09-25,5922
3005,神基,11,0,11,元富-新店,2023-09-25,5922
00753L,中信中國50正2,10,0,10,元富-新店,2023-09-25,5922
2548,華固,10,0,10,元富-新店,2023-09-25,5922
2344,華邦電,10,0,10,元富-新店,2023-09-25,5922
2605,新興,10,0,10,元富-新店,2023-09-25,5922
00713,元大台灣高息低波,10,0,10,元富-新店,2023-09-25,5922
5321,美而快,9,0,9,元富-新店,2023-09-25,5922
2388,威盛,25,16,9,元富-新店,2023-09-25,5922
6578,達邦蛋白,8,0,8,元富-新店,2023-09-25,5922
1717,長興,14,6,8,元富-新店,2023-09-25,5922
2542,興富發,8,0,8,元富-新店,2023-09-25,5922
2891,中信金,10,3,7,元富-新店,2023-09-25,5922
6488,環球晶,8,1,7,元富-新店,2023-09-25,5922
3704,合勤控,8,1,7,元富-新店,2023-09-25,5922
4908,前鼎,8,2,6,元富-新店,2023-09-25,5922
3325,旭品,6,0,6,元富-新店,2023-09-25,5922
6530,創威,6,0,6,元富-新店,2023-09-25,5922
2641,正德,11,5,6,元富-新店,2023-09-25,5922
00706L,期元大S＆P日圓正2,6,0,6,元富-新店,2023-09-25,5922
3081,聯亞,9,3,6,元富-新店,2023-09-25,5922
2881,富邦金,7,1,6,元富-新店,2023-09-25,5922
00853B,統一美債10年Aa-,5,0,5,元富-新店,2023-09-25,5922
6418,詠昇,10,5,5,元富-新店,2023-09-25,5922
6016,康和證,5,0,5,元富-新店,2023-09-25,5922
4934,太極,5,0,5,元富-新店,2023-09-25,5922
00924,復華S＆P500成長,5,0,5,元富-新店,2023-09-25,5922
3051,力特,22,17,5,元富-新店,2023-09-25,5922
00652,富邦印度,5,0,5,元富-新店,2023-09-25,5922
3213,茂訊,5,0,5,元富-新店,2023-09-25,5922
3036,文曄,11,6,5,元富-新店,2023-09-25,5922
00923,群益台ESG低碳50,5,0,5,元富-新店,2023-09-25,5922
2303,聯電,122,27,95,元富-新店,2023-09-26,5922
00679B,元大美債20年,59,0,59,元富-新店,2023-09-26,5922
2201,裕隆,60,2,58,元富-新店,2023-09-26,5922
00680L,元大美債20正2,85,30,55,元富-新店,2023-09-26,5922
00885,富邦越南,65,14,51,元富-新店,2023-09-26,5922
1324,地球,65,20,45,元富-新店,2023-09-26,5922
1815,富喬,141,100,41,元富-新店,2023-09-26,5922
3711,日月光投控,40,0,40,元富-新店,2023-09-26,5922
3450,聯鈞,52,13,39,元富-新店,2023-09-26,5922
00929,復華台灣科技優息,62,24,38,元富-新店,2023-09-26,5922
1522,堤維西,91,54,37,元富-新店,2023-09-26,5922
2330,台積電,35,1,34,元富-新店,2023-09-26,5922
6122,擎邦,30,0,30,元富-新店,2023-09-26,5922
1314,中石化,29,5,24,元富-新店,2023-09-26,5922
8401,白紗科,26,2,24,元富-新店,2023-09-26,5922
2363,矽統,258,237,21,元富-新店,2023-09-26,5922
00878,國泰永續高股息,25,5,20,元富-新店,2023-09-26,5922
00720B,元大投資級公司債,20,0,20,元富-新店,2023-09-26,5922
3481,群創,21,1,20,元富-新店,2023-09-26,5922
2890,永豐金,20,0,20,元富-新店,2023-09-26,5922
5608,四維航,21,2,19,元富-新店,2023-09-26,5922
00751B,元大AAA至A公司債,18,0,18,元富-新店,2023-09-26,5922
8938,明安,19,1,18,元富-新店,2023-09-26,5922
2634,漢翔,18,1,17,元富-新店,2023-09-26,5922
00772B,中信高評級公司債,16,0,16,元富-新店,2023-09-26,5922
2610,華航,16,0,16,元富-新店,2023-09-26,5922
1711,永光,15,0,15,元富-新店,2023-09-26,5922
2382,廣達,49,35,14,元富-新店,2023-09-26,5922
2516,新建,13,0,13,元富-新店,2023-09-26,5922
6274,台燿,22,9,13,元富-新店,2023-09-26,5922
00795B,中信美國公債20年,13,0,13,元富-新店,2023-09-26,5922
2206,三陽工業,16,3,13,元富-新店,2023-09-26,5922
00919,群益台灣精選高息,18,5,13,元富-新店,2023-09-26,5922
5258,虹堡,34,22,12,元富-新店,2023-09-26,5922
6116,彩晶,12,0,12,元富-新店,2023-09-26,5922
2317,鴻海,27,15,12,元富-新店,2023-09-26,5922
6770,力積電,11,0,11,元富-新店,2023-09-26,5922
6485,點序,17,6,11,元富-新店,2023-09-26,5922
1326,台化,11,0,11,元富-新店,2023-09-26,5922
6139,亞翔,13,2,11,元富-新店,2023-09-26,5922
5351,鈺創,10,0,10,元富-新店,2023-09-26,5922
6016,康和證,10,0,10,元富-新店,2023-09-26,5922
2614,東森,11,1,10,元富-新店,2023-09-26,5922
2542,興富發,10,1,9,元富-新店,2023-09-26,5922
00712,復華富時不動產,9,0,9,元富-新店,2023-09-26,5922
2368,金像電,36,27,9,元富-新店,2023-09-26,5922
00637L,元大滬深300正2,9,0,9,元富-新店,2023-09-26,5922
2454,聯發科,8,0,8,元富-新店,2023-09-26,5922
1101,台泥,9,1,8,元富-新店,2023-09-26,5922
6150,撼訊,11,3,8,元富-新店,2023-09-26,5922
2891,中信金,103,0,103,元富-新店,2023-09-27,5922
2880,華南金,60,0,60,元富-新店,2023-09-27,5922
2641,正德,44,0,44,元富-新店,2023-09-27,5922
00885,富邦越南,38,0,38,元富-新店,2023-09-27,5922
5258,虹堡,49,13,36,元富-新店,2023-09-27,5922
2605,新興,40,4,36,元富-新店,2023-09-27,5922
1301,台塑,33,0,33,元富-新店,2023-09-27,5922
2002,中鋼,57,25,32,元富-新店,2023-09-27,5922
00929,復華台灣科技優息,47,21,26,元富-新店,2023-09-27,5922
2618,長榮航,33,7,26,元富-新店,2023-09-27,5922
3450,聯鈞,39,13,26,元富-新店,2023-09-27,5922
1326,台化,23,0,23,元富-新店,2023-09-27,5922
00720B,元大投資級公司債,22,0,22,元富-新店,2023-09-27,5922
00751B,元大AAA至A公司債,20,0,20,元富-新店,2023-09-27,5922
5443,均豪,20,0,20,元富-新店,2023-09-27,5922
2888,新光金,17,0,17,元富-新店,2023-09-27,5922
00919,群益台灣精選高息,21,5,16,元富-新店,2023-09-27,5922
2454,聯發科,15,0,15,元富-新店,2023-09-27,5922
00902,中信電池及儲能,15,0,15,元富-新店,2023-09-27,5922
3213,茂訊,15,0,15,元富-新店,2023-09-27,5922
00908,富邦入息REITs+,14,0,14,元富-新店,2023-09-27,5922
2892,第一金,14,0,14,元富-新店,2023-09-27,5922
2317,鴻海,13,0,13,元富-新店,2023-09-27,5922
1101,台泥,15,2,13,元富-新店,2023-09-27,5922
3515,華擎,14,1,13,元富-新店,2023-09-27,5922
8938,明安,13,1,12,元富-新店,2023-09-27,5922
2634,漢翔,12,0,12,元富-新店,2023-09-27,5922
00931B,統一美債20年,12,0,12,元富-新店,2023-09-27,5922
2542,興富發,11,0,11,元富-新店,2023-09-27,5922
1806,冠軍,11,0,11,元富-新店,2023-09-27,5922
0050,元大台灣50,13,3,10,元富-新店,2023-09-27,5922
00679B,元大美債20年,10,0,10,元富-新店,2023-09-27,5922
2408,南亞科,10,0,10,元富-新店,2023-09-27,5922
2609,陽明,13,3,10,元富-新店,2023-09-27,5922
00918,大華優利高填息30,10,0,10,元富-新店,2023-09-27,5922
2606,裕民,14,4,10,元富-新店,2023-09-27,5922
2485,兆赫,10,0,10,元富-新店,2023-09-27,5922
1522,堤維西,15,5,10,元富-新店,2023-09-27,5922
3209,全科,10,0,10,元富-新店,2023-09-27,5922
2836,高雄銀,10,0,10,元富-新店,2023-09-27,5922
8046,南電,10,0,10,元富-新店,2023-09-27,5922
2637,慧洋-KY,12,3,9,元富-新店,2023-09-27,5922
3231,緯創,30,21,9,元富-新店,2023-09-27,5922
4739,康普,8,0,8,元富-新店,2023-09-27,5922
3051,力特,24,16,8,元富-新店,2023-09-27,5922
2409,友達,9,1,8,元富-新店,2023-09-27,5922
3704,合勤控,23,15,8,元富-新店,2023-09-27,5922
3040,遠見,8,0,8,元富-新店,2023-09-27,5922
6188,廣明,9,1,8,元富-新店,2023-09-27,5922
00712,復華富時不動產,7,0,7,元富-新店,2023-09-27,5922
00680L,元大美債20正2,102,4,98,元富-新店,2023-09-28,5922
2408,南亞科,79,2,77,元富-新店,2023-09-28,5922
2449,京元電子,63,8,55,元富-新店,2023-09-28,5922
00679B,元大美債20年,46,1,45,元富-新店,2023-09-28,5922
3450,聯鈞,80,39,41,元富-新店,2023-09-28,5922
6125,廣運,69,31,38,元富-新店,2023-09-28,5922
2486,一詮,42,4,38,元富-新店,2023-09-28,5922
2363,矽統,78,47,31,元富-新店,2023-09-28,5922
2609,陽明,34,5,29,元富-新店,2023-09-28,5922
00878,國泰永續高股息,31,5,26,元富-新店,2023-09-28,5922
3231,緯創,140,115,25,元富-新店,2023-09-28,5922
3596,智易,26,1,25,元富-新店,2023-09-28,5922
00712,復華富時不動產,22,0,22,元富-新店,2023-09-28,5922
2301,光寶科,65,45,20,元富-新店,2023-09-28,5922
3032,偉訓,39,19,20,元富-新店,2023-09-28,5922
00720B,元大投資級公司債,44,25,19,元富-新店,2023-09-28,5922
1471,首利,21,2,19,元富-新店,2023-09-28,5922
00931B,統一美債20年,17,0,17,元富-新店,2023-09-28,5922
2313,華通,18,1,17,元富-新店,2023-09-28,5922
5324,士開,20,4,16,元富-新店,2023-09-28,5922
1711,永光,16,0,16,元富-新店,2023-09-28,5922
2610,華航,19,6,13,元富-新店,2023-09-28,5922
6472,保瑞,12,0,12,元富-新店,2023-09-28,5922
2324,仁寶,12,0,12,元富-新店,2023-09-28,5922
2317,鴻海,14,3,11,元富-新店,2023-09-28,5922
3545,敦泰,12,1,11,元富-新店,2023-09-28,5922
2102,泰豐,10,0,10,元富-新店,2023-09-28,5922
6270,倍微,10,0,10,元富-新店,2023-09-28,5922
1102,亞泥,10,0,10,元富-新店,2023-09-28,5922
8088,品安,10,0,10,元富-新店,2023-09-28,5922
00632R,元大台灣50反1,10,0,10,元富-新店,2023-09-28,5922
2601,益航,10,0,10,元富-新店,2023-09-28,5922
1722,台肥,10,0,10,元富-新店,2023-09-28,5922
2345,智邦,11,2,9,元富-新店,2023-09-28,5922
3019,亞光,9,0,9,元富-新店,2023-09-28,5922
6873,泓德能源,9,0,9,元富-新店,2023-09-28,5922
8938,明安,8,0,8,元富-新店,2023-09-28,5922
4908,前鼎,11,3,8,元富-新店,2023-09-28,5922
2344,華邦電,9,1,8,元富-新店,2023-09-28,5922
3481,群創,12,5,7,元富-新店,2023-09-28,5922
3374,精材,8,1,7,元富-新店,2023-09-28,5922
5465,富驊,21,14,7,元富-新店,2023-09-28,5922
1605,華新,7,0,7,元富-新店,2023-09-28,5922
6237,驊訊,7,0,7,元富-新店,2023-09-28,5922
00908,富邦入息REITs+,7,0,7,元富-新店,2023-09-28,5922
2883,凱基金,11,5,6,元富-新店,2023-09-28,5922
00687B,國泰20年美債,6,0,6,元富-新店,2023-09-28,5922
3322,建舜電,18,12,6,元富-新店,2023-09-28,5922
5483,中美晶,6,0,6,元富-新店,2023-09-28,5922
6274,台燿,46,40,6,元富-新店,2023-09-28,5922
2888,新光金,204,0,204,元富-新店,2023-10-02,5922
2382,廣達,202,41,161,元富-新店,2023-10-02,5922
00632R,元大台灣50反1,182,29,153,元富-新店,2023-10-02,5922
00680L,元大美債20正2,101,0,101,元富-新店,2023-10-02,5922
00929,復華台灣科技優息,77,7,70,元富-新店,2023-10-02,5922
3706,神達,100,58,42,元富-新店,2023-10-02,5922
00751B,元大AAA至A公司債,41,0,41,元富-新店,2023-10-02,5922
2201,裕隆,55,14,41,元富-新店,2023-10-02,5922
00720B,元大投資級公司債,38,0,38,元富-新店,2023-10-02,5922
2329,華泰,46,12,34,元富-新店,2023-10-02,5922
00919,群益台灣精選高息,39,8,31,元富-新店,2023-10-02,5922
5469,瀚宇博,30,0,30,元富-新店,2023-10-02,5922
2363,矽統,65,40,25,元富-新店,2023-10-02,5922
2605,新興,23,0,23,元富-新店,2023-10-02,5922
2421,建準,63,42,21,元富-新店,2023-10-02,5922
00642U,期元大S＆P石油,16,0,16,元富-新店,2023-10-02,5922
2883,凱基金,15,0,15,元富-新店,2023-10-02,5922
00715L,期街口布蘭特正2,15,0,15,元富-新店,2023-10-02,5922
1324,地球,14,0,14,元富-新店,2023-10-02,5922
4564,元翎,14,0,14,元富-新店,2023-10-02,5922
3306,鼎天,15,3,12,元富-新店,2023-10-02,5922
6169,昱泉,12,0,12,元富-新店,2023-10-02,5922
00679B,元大美債20年,11,0,11,元富-新店,2023-10-02,5922
2882,國泰金,12,1,11,元富-新店,2023-10-02,5922
3264,欣銓,13,2,11,元富-新店,2023-10-02,5922
2610,華航,25,14,11,元富-新店,2023-10-02,5922
6168,宏齊,10,0,10,元富-新店,2023-10-02,5922
3325,旭品,18,8,10,元富-新店,2023-10-02,5922
5471,松翰,10,0,10,元富-新店,2023-10-02,5922
4939,亞電,10,0,10,元富-新店,2023-10-02,5922
5388,中磊,10,0,10,元富-新店,2023-10-02,5922
2641,正德,9,0,9,元富-新店,2023-10-02,5922
6271,同欣電,11,2,9,元富-新店,2023-10-02,5922
2313,華通,15,6,9,元富-新店,2023-10-02,5922
6282,康舒,13,4,9,元富-新店,2023-10-02,5922
3081,聯亞,12,3,9,元富-新店,2023-10-02,5922
00931B,統一美債20年,8,0,8,元富-新店,2023-10-02,5922
2603,長榮,10,2,8,元富-新店,2023-10-02,5922
8255,朋程,9,1,8,元富-新店,2023-10-02,5922
6266,泰詠,11,3,8,元富-新店,2023-10-02,5922
5439,高技,11,3,8,元富-新店,2023-10-02,5922
00772B,中信高評級公司債,7,0,7,元富-新店,2023-10-02,5922
2542,興富發,7,0,7,元富-新店,2023-10-02,5922
5425,台半,7,0,7,元富-新店,2023-10-02,5922
3078,僑威,7,0,7,元富-新店,2023-10-02,5922
3311,閎暉,8,1,7,元富-新店,2023-10-02,5922
00712,復華富時不動產,7,0,7,元富-新店,2023-10-02,5922
2609,陽明,14,7,7,元富-新店,2023-10-02,5922
3704,合勤控,19,12,7,元富-新店,2023-10-02,5922
2368,金像電,13,6,7,元富-新店,2023-10-02,5922
2888,新光金,214,0,214,元富-新店,2023-10-03,5922
00674R,期元大S＆P黃金反1,150,0,150,元富-新店,2023-10-03,5922
00753L,中信中國50正2,80,10,70,元富-新店,2023-10-03,5922
2303,聯電,53,1,52,元富-新店,2023-10-03,5922
00885,富邦越南,49,0,49,元富-新店,2023-10-03,5922
00720B,元大投資級公司債,36,1,35,元富-新店,2023-10-03,5922
6191,精成科,34,0,34,元富-新店,2023-10-03,5922
0056,元大高股息,66,33,33,元富-新店,2023-10-03,5922
00712,復華富時不動產,32,0,32,元富-新店,2023-10-03,5922
2363,矽統,46,16,30,元富-新店,2023-10-03,5922
3231,緯創,50,24,26,元富-新店,2023-10-03,5922
00929,復華台灣科技優息,43,18,25,元富-新店,2023-10-03,5922
2409,友達,40,15,25,元富-新店,2023-10-03,5922
1802,台玻,25,1,24,元富-新店,2023-10-03,5922
2382,廣達,52,30,22,元富-新店,2023-10-03,5922
8277,商丞,23,1,22,元富-新店,2023-10-03,5922
00931B,統一美債20年,22,0,22,元富-新店,2023-10-03,5922
6142,友勁,21,0,21,元富-新店,2023-10-03,5922
00882,中信中國高股息,140,120,20,元富-新店,2023-10-03,5922
1605,華新,20,1,19,元富-新店,2023-10-03,5922
2002,中鋼,18,0,18,元富-新店,2023-10-03,5922
00932,兆豐永續高息等權,17,0,17,元富-新店,2023-10-03,5922
2206,三陽工業,21,5,16,元富-新店,2023-10-03,5922
1815,富喬,33,18,15,元富-新店,2023-10-03,5922
00922,國泰台灣領袖50,15,0,15,元富-新店,2023-10-03,5922
3450,聯鈞,21,6,15,元富-新店,2023-10-03,5922
2201,裕隆,21,7,14,元富-新店,2023-10-03,5922
6274,台燿,45,31,14,元富-新店,2023-10-03,5922
2344,華邦電,14,1,13,元富-新店,2023-10-03,5922
2812,台中銀,13,0,13,元富-新店,2023-10-03,5922
2880,華南金,13,0,13,元富-新店,2023-10-03,5922
00679B,元大美債20年,15,2,13,元富-新店,2023-10-03,5922
5309,系統電,13,1,12,元富-新店,2023-10-03,5922
00923,群益台ESG低碳50,12,0,12,元富-新店,2023-10-03,5922
00725B,國泰投資級公司債,12,0,12,元富-新店,2023-10-03,5922
3211,順達,12,0,12,元富-新店,2023-10-03,5922
2371,大同,12,0,12,元富-新店,2023-10-03,5922
3013,晟銘電,15,4,11,元富-新店,2023-10-03,5922
2516,新建,11,0,11,元富-新店,2023-10-03,5922
2323,中環,11,0,11,元富-新店,2023-10-03,5922
2883,凱基金,11,0,11,元富-新店,2023-10-03,5922
1303,南亞,10,0,10,元富-新店,2023-10-03,5922
6279,胡連,13,3,10,元富-新店,2023-10-03,5922
6288,聯嘉,12,2,10,元富-新店,2023-10-03,5922
3051,力特,10,0,10,元富-新店,2023-10-03,5922
3217,優群,12,2,10,元富-新店,2023-10-03,5922
00680L,元大美債20正2,11,1,10,元富-新店,2023-10-03,5922
00650L,復華香港正2,10,0,10,元富-新店,2023-10-03,5922
6806,森崴能源,10,0,10,元富-新店,2023-10-03,5922
2618,長榮航,28,19,9,元富-新店,2023-10-03,5922
5880,合庫金,129,0,129,元富-新店,2023-10-04,5922
2891,中信金,113,0,113,元富-新店,2023-10-04,5922
00929,復華台灣科技優息,111,10,101,元富-新店,2023-10-04,5922
2883,凱基金,67,0,67,元富-新店,2023-10-04,5922
00720B,元大投資級公司債,66,0,66,元富-新店,2023-10-04,5922
2002,中鋼,67,4,63,元富-新店,2023-10-04,5922
00712,復華富時不動產,59,0,59,元富-新店,2023-10-04,5922
2886,兆豐金,55,0,55,元富-新店,2023-10-04,5922
00679B,元大美債20年,61,8,53,元富-新店,2023-10-04,5922
4967,十銓,121,68,53,元富-新店,2023-10-04,5922
00671R,富邦NASDAQ反1,50,0,50,元富-新店,2023-10-04,5922
3481,群創,41,0,41,元富-新店,2023-10-04,5922
2409,友達,40,0,40,元富-新店,2023-10-04,5922
2436,偉詮電,45,6,39,元富-新店,2023-10-04,5922
1605,華新,41,3,38,元富-新店,2023-10-04,5922
6282,康舒,42,5,37,元富-新店,2023-10-04,5922
2352,佳世達,37,0,37,元富-新店,2023-10-04,5922
2888,新光金,49,15,34,元富-新店,2023-10-04,5922
2201,裕隆,35,5,30,元富-新店,2023-10-04,5922
2851,中再保,30,0,30,元富-新店,2023-10-04,5922
6016,康和證,30,0,30,元富-新店,2023-10-04,5922
00922,國泰台灣領袖50,29,1,28,元富-新店,2023-10-04,5922
00919,群益台灣精選高息,26,0,26,元富-新店,2023-10-04,5922
2313,華通,33,9,24,元富-新店,2023-10-04,5922
00931B,統一美債20年,22,0,22,元富-新店,2023-10-04,5922
00751B,元大AAA至A公司債,21,0,21,元富-新店,2023-10-04,5922
6535,順藥,20,0,20,元富-新店,2023-10-04,5922
6026,福邦證,20,0,20,元富-新店,2023-10-04,5922
00795B,中信美國公債20年,20,0,20,元富-新店,2023-10-04,5922
00772B,中信高評級公司債,19,0,19,元富-新店,2023-10-04,5922
6188,廣明,22,3,19,元富-新店,2023-10-04,5922
2303,聯電,28,9,19,元富-新店,2023-10-04,5922
00687B,國泰20年美債,17,0,17,元富-新店,2023-10-04,5922
2353,宏��,22,6,16,元富-新店,2023-10-04,5922
1326,台化,16,0,16,元富-新店,2023-10-04,5922
3706,神達,16,0,16,元富-新店,2023-10-04,5922
6288,聯嘉,33,17,16,元富-新店,2023-10-04,5922
6405,悅城,16,0,16,元富-新店,2023-10-04,5922
2317,鴻海,23,8,15,元富-新店,2023-10-04,5922
2330,台積電,22,7,15,元富-新店,2023-10-04,5922
6122,擎邦,15,0,15,元富-新店,2023-10-04,5922
00893,國泰智能電動車,15,0,15,元富-新店,2023-10-04,5922
2610,華航,14,0,14,元富-新店,2023-10-04,5922
2614,東森,15,1,14,元富-新店,2023-10-04,5922
6142,友勁,12,0,12,元富-新店,2023-10-04,5922
1522,堤維西,13,1,12,元富-新店,2023-10-04,5922
00900,富邦特選高股息30,11,0,11,元富-新店,2023-10-04,5922
2542,興富發,12,1,11,元富-新店,2023-10-04,5922
00637L,元大滬深300正2,11,0,11,元富-新店,2023-10-04,5922
2884,玉山金,14,3,11,元富-新店,2023-10-04,5922
00712,復華富時不動產,149,2,147,元富-新店,2023-10-05,5922
1802,台玻,102,0,102,元富-新店,2023-10-05,5922
2498,宏達電,88,18,70,元富-新店,2023-10-05,5922
0056,元大高股息,75,11,64,元富-新店,2023-10-05,5922
00885,富邦越南,60,4,56,元富-新店,2023-10-05,5922
6266,泰詠,53,1,52,元富-新店,2023-10-05,5922
00671R,富邦NASDAQ反1,50,0,50,元富-新店,2023-10-05,5922
4716,大立,34,0,34,元富-新店,2023-10-05,5922
00922,國泰台灣領袖50,36,5,31,元富-新店,2023-10-05,5922
8358,金居,34,3,31,元富-新店,2023-10-05,5922
4979,華星光,33,2,31,元富-新店,2023-10-05,5922
00632R,元大台灣50反1,30,0,30,元富-新店,2023-10-05,5922
3013,晟銘電,60,32,28,元富-新店,2023-10-05,5922
2634,漢翔,30,3,27,元富-新店,2023-10-05,5922
2888,新光金,26,0,26,元富-新店,2023-10-05,5922
00929,復華台灣科技優息,23,0,23,元富-新店,2023-10-05,5922
2883,凱基金,22,0,22,元富-新店,2023-10-05,5922
00715L,期街口布蘭特正2,21,0,21,元富-新店,2023-10-05,5922
2887,台新金,21,0,21,元富-新店,2023-10-05,5922
1444,力麗,20,0,20,元富-新店,2023-10-05,5922
6405,悅城,17,0,17,元富-新店,2023-10-05,5922
4967,十銓,17,1,16,元富-新店,2023-10-05,5922
3081,聯亞,18,2,16,元富-新店,2023-10-05,5922
5258,虹堡,18,3,15,元富-新店,2023-10-05,5922
6274,台燿,16,2,14,元富-新店,2023-10-05,5922
3094,聯傑,16,4,12,元富-新店,2023-10-05,5922
2542,興富發,12,0,12,元富-新店,2023-10-05,5922
2417,圓剛,26,15,11,元富-新店,2023-10-05,5922
2408,南亞科,20,10,10,元富-新店,2023-10-05,5922
9950,萬國通,10,0,10,元富-新店,2023-10-05,5922
3548,兆利,10,0,10,元富-新店,2023-10-05,5922
1616,億泰,10,0,10,元富-新店,2023-10-05,5922
5302,太欣,14,4,10,元富-新店,2023-10-05,5922
00637L,元大滬深300正2,13,3,10,元富-新店,2023-10-05,5922
6128,上福,11,1,10,元富-新店,2023-10-05,5922
3576,聯合再生,10,0,10,元富-新店,2023-10-05,5922
1742,台蠟,10,0,10,元富-新店,2023-10-05,5922
00919,群益台灣精選高息,11,1,10,元富-新店,2023-10-05,5922
3231,緯創,33,24,9,元富-新店,2023-10-05,5922
3044,健鼎,9,0,9,元富-新店,2023-10-05,5922
2409,友達,10,1,9,元富-新店,2023-10-05,5922
2355,敬鵬,13,4,9,元富-新店,2023-10-05,5922
3005,神基,9,0,9,元富-新店,2023-10-05,5922
2329,華泰,9,1,8,元富-新店,2023-10-05,5922
00882,中信中國高股息,19,12,7,元富-新店,2023-10-05,5922
3037,欣興,10,3,7,元富-新店,2023-10-05,5922
00720B,元大投資級公司債,8,1,7,元富-新店,2023-10-05,5922
2376,技嘉,12,5,7,元富-新店,2023-10-05,5922
5426,振發,9,2,7,元富-新店,2023-10-05,5922
2317,鴻海,12,5,7,元富-新店,2023-10-05,5922
2312,金寶,170,0,170,元富-新店,2023-10-06,5922
2618,長榮航,170,4,166,元富-新店,2023-10-06,5922
00715L,期街口布蘭特正2,109,1,108,元富-新店,2023-10-06,5922
3028,增你強,100,0,100,元富-新店,2023-10-06,5922
3052,夆典,62,0,62,元富-新店,2023-10-06,5922
00929,復華台灣科技優息,60,1,59,元富-新店,2023-10-06,5922
3702,大聯大,50,2,48,元富-新店,2023-10-06,5922
2486,一詮,144,97,47,元富-新店,2023-10-06,5922
1815,富喬,45,8,37,元富-新店,2023-10-06,5922
2329,華泰,63,32,31,元富-新店,2023-10-06,5922
3021,鴻名,30,0,30,元富-新店,2023-10-06,5922
00919,群益台灣精選高息,27,3,24,元富-新店,2023-10-06,5922
1609,大亞,26,2,24,元富-新店,2023-10-06,5922
6274,台燿,37,14,23,元富-新店,2023-10-06,5922
00885,富邦越南,23,0,23,元富-新店,2023-10-06,5922
5381,合正,21,0,21,元富-新店,2023-10-06,5922
3013,晟銘電,81,61,20,元富-新店,2023-10-06,5922
2883,凱基金,20,1,19,元富-新店,2023-10-06,5922
5302,太欣,19,0,19,元富-新店,2023-10-06,5922
2485,兆赫,20,1,19,元富-新店,2023-10-06,5922
8046,南電,18,0,18,元富-新店,2023-10-06,5922
2405,輔信,25,7,18,元富-新店,2023-10-06,5922
2610,華航,16,0,16,元富-新店,2023-10-06,5922
4716,大立,16,0,16,元富-新店,2023-10-06,5922
6128,上福,15,0,15,元富-新店,2023-10-06,5922
00878,國泰永續高股息,17,2,15,元富-新店,2023-10-06,5922
00679B,元大美債20年,15,0,15,元富-新店,2023-10-06,5922
3231,緯創,47,33,14,元富-新店,2023-10-06,5922
1101,台泥,30,16,14,元富-新店,2023-10-06,5922
9105,泰金寶-DR,21,8,13,元富-新店,2023-10-06,5922
8358,金居,15,2,13,元富-新店,2023-10-06,5922
5371,中光電,13,0,13,元富-新店,2023-10-06,5922
2206,三陽工業,18,6,12,元富-新店,2023-10-06,5922
00720B,元大投資級公司債,12,0,12,元富-新店,2023-10-06,5922
6125,廣運,13,1,12,元富-新店,2023-10-06,5922
2888,新光金,12,0,12,元富-新店,2023-10-06,5922
2301,光寶科,11,0,11,元富-新店,2023-10-06,5922
00712,復華富時不動產,31,20,11,元富-新店,2023-10-06,5922
3481,群創,11,0,11,元富-新店,2023-10-06,5922
4746,台耀,10,0,10,元富-新店,2023-10-06,5922
2887F,台新戊特二,10,0,10,元富-新店,2023-10-06,5922
4944,兆遠,10,0,10,元富-新店,2023-10-06,5922
5512,力麒,10,0,10,元富-新店,2023-10-06,5922
3483,力致,21,11,10,元富-新店,2023-10-06,5922
6405,悅城,10,0,10,元富-新店,2023-10-06,5922
2409,友達,9,0,9,元富-新店,2023-10-06,5922
2014,中鴻,9,0,9,元富-新店,2023-10-06,5922
6204,艾華,13,4,9,元富-新店,2023-10-06,5922
00751B,元大AAA至A公司債,8,0,8,元富-新店,2023-10-06,5922
2356,英業達,22,14,8,元富-新店,2023-10-06,5922
5880,合庫金,301,1,300,元富-新店,2023-10-11,5922
2486,一詮,402,133,269,元富-新店,2023-10-11,5922
1301,台塑,110,0,110,元富-新店,2023-10-11,5922
00632R,元大台灣50反1,90,0,90,元富-新店,2023-10-11,5922
3231,緯創,147,67,80,元富-新店,2023-10-11,5922
00932,兆豐永續高息等權,60,5,55,元富-新店,2023-10-11,5922
00671R,富邦NASDAQ反1,50,0,50,元富-新店,2023-10-11,5922
00679B,元大美債20年,44,0,44,元富-新店,2023-10-11,5922
2388,威盛,45,11,34,元富-新店,2023-10-11,5922
2610,華航,37,3,34,元富-新店,2023-10-11,5922
3706,神達,33,2,31,元富-新店,2023-10-11,5922
5210,寶碩,28,0,28,元富-新店,2023-10-11,5922
1783,和康生,26,0,26,元富-新店,2023-10-11,5922
2405,輔信,25,0,25,元富-新店,2023-10-11,5922
2618,長榮航,34,10,24,元富-新店,2023-10-11,5922
3052,夆典,37,14,23,元富-新店,2023-10-11,5922
00922,國泰台灣領袖50,90,70,20,元富-新店,2023-10-11,5922
5512,力麒,20,0,20,元富-新店,2023-10-11,5922
4967,十銓,26,6,20,元富-新店,2023-10-11,5922
2867,三商壽,20,0,20,元富-新店,2023-10-11,5922
2609,陽明,26,7,19,元富-新店,2023-10-11,5922
2605,新興,20,2,18,元富-新店,2023-10-11,5922
2637,慧洋-KY,24,7,17,元富-新店,2023-10-11,5922
3088,艾訊,16,0,16,元富-新店,2023-10-11,5922
1471,首利,15,0,15,元富-新店,2023-10-11,5922
8183,精星,15,0,15,元富-新店,2023-10-11,5922
00751B,元大AAA至A公司債,14,0,14,元富-新店,2023-10-11,5922
3481,群創,16,3,13,元富-新店,2023-10-11,5922
00687B,國泰20年美債,13,0,13,元富-新店,2023-10-11,5922
3363,上詮,18,5,13,元富-新店,2023-10-11,5922
5009,榮剛,13,0,13,元富-新店,2023-10-11,5922
1720,生達,13,0,13,元富-新店,2023-10-11,5922
2889,國票金,12,0,12,元富-新店,2023-10-11,5922
2353,宏��,27,15,12,元富-新店,2023-10-11,5922
00878,國泰永續高股息,20,9,11,元富-新店,2023-10-11,5922
2727,王品,11,0,11,元富-新店,2023-10-11,5922
6438,迅得,11,0,11,元富-新店,2023-10-11,5922
8086,宏捷科,13,2,11,元富-新店,2023-10-11,5922
1815,富喬,25,15,10,元富-新店,2023-10-11,5922
2443,昶虹,10,0,10,元富-新店,2023-10-11,5922
4160,訊聯基因,10,0,10,元富-新店,2023-10-11,5922
1444,力麗,10,0,10,元富-新店,2023-10-11,5922
6128,上福,10,0,10,元富-新店,2023-10-11,5922
3006,晶豪科,53,44,9,元富-新店,2023-10-11,5922
3483,力致,12,3,9,元富-新店,2023-10-11,5922
2457,飛宏,12,3,9,元富-新店,2023-10-11,5922
8112,至上,36,27,9,元富-新店,2023-10-11,5922
6547,高端疫苗,10,1,9,元富-新店,2023-10-11,5922
00720B,元大投資級公司債,8,0,8,元富-新店,2023-10-11,5922
3128,昇銳,8,0,8,元富-新店,2023-10-11,5922
00902,中信電池及儲能,85,0,85,元富-新店,2023-10-12,5922
2498,宏達電,74,4,70,元富-新店,2023-10-12,5922
00632R,元大台灣50反1,40,0,40,元富-新店,2023-10-12,5922
1471,首利,31,0,31,元富-新店,2023-10-12,5922
2376,技嘉,42,11,31,元富-新店,2023-10-12,5922
6235,華孚,31,4,27,元富-新店,2023-10-12,5922
2801,彰銀,25,0,25,元富-新店,2023-10-12,5922
00900,富邦特選高股息30,25,1,24,元富-新店,2023-10-12,5922
3013,晟銘電,38,16,22,元富-新店,2023-10-12,5922
00929,復華台灣科技優息,23,1,22,元富-新店,2023-10-12,5922
2605,新興,20,0,20,元富-新店,2023-10-12,5922
2543,皇昌,20,0,20,元富-新店,2023-10-12,5922
5340,建榮,20,1,19,元富-新店,2023-10-12,5922
00922,國泰台灣領袖50,20,1,19,元富-新店,2023-10-12,5922
6531,愛普*,20,1,19,元富-新店,2023-10-12,5922
2352,佳世達,14,0,14,元富-新店,2023-10-12,5922
6274,台燿,16,2,14,元富-新店,2023-10-12,5922
00715L,期街口布蘭特正2,33,20,13,元富-新店,2023-10-12,5922
0056,元大高股息,22,9,13,元富-新店,2023-10-12,5922
4503,金雨,19,7,12,元富-新店,2023-10-12,5922
5469,瀚宇博,11,0,11,元富-新店,2023-10-12,5922
6220,岳豐,11,0,11,元富-新店,2023-10-12,5922
6191,精成科,11,0,11,元富-新店,2023-10-12,5922
4967,十銓,13,2,11,元富-新店,2023-10-12,5922
5403,中菲,10,0,10,元富-新店,2023-10-12,5922
5512,力麒,10,0,10,元富-新店,2023-10-12,5922
1815,富喬,20,10,10,元富-新店,2023-10-12,5922
6016,康和證,10,0,10,元富-新店,2023-10-12,5922
3260,威剛,16,6,10,元富-新店,2023-10-12,5922
6005,群益證,9,0,9,元富-新店,2023-10-12,5922
2382,廣達,36,29,7,元富-新店,2023-10-12,5922
2243,宏旭-KY,10,3,7,元富-新店,2023-10-12,5922
6282,康舒,12,5,7,元富-新店,2023-10-12,5922
3032,偉訓,7,0,7,元富-新店,2023-10-12,5922
5210,寶碩,7,0,7,元富-新店,2023-10-12,5922
5388,中磊,7,0,7,元富-新店,2023-10-12,5922
3227,原相,8,1,7,元富-新店,2023-10-12,5922
00795B,中信美國公債20年,7,1,6,元富-新店,2023-10-12,5922
1605,華新,12,6,6,元富-新店,2023-10-12,5922
2375,凱美,6,0,6,元富-新店,2023-10-12,5922
3322,建舜電,6,0,6,元富-新店,2023-10-12,5922
2399,映泰,7,1,6,元富-新店,2023-10-12,5922
2329,華泰,15,9,6,元富-新店,2023-10-12,5922
3025,星通,10,4,6,元富-新店,2023-10-12,5922
3628,盈正,5,0,5,元富-新店,2023-10-12,5922
2312,金寶,5,0,5,元富-新店,2023-10-12,5922
00722B,群益投資級電信債,5,0,5,元富-新店,2023-10-12,5922
1609,大亞,9,4,5,元富-新店,2023-10-12,5922
3357,臺慶科,5,0,5,元富-新店,2023-10-12,5922
6741,91APP*-KY,5,0,5,元富-新店,2023-10-12,5922
2486,一詮,218,66,152,元富-新店,2023-10-13,5922
1301,台塑,120,0,120,元富-新店,2023-10-13,5922
1314,中石化,102,37,65,元富-新店,2023-10-13,5922
6026,福邦證,63,0,63,元富-新店,2023-10-13,5922
2913,農林,51,0,51,元富-新店,2023-10-13,5922
00680L,元大美債20正2,51,0,51,元富-新店,2023-10-13,5922
0056,元大高股息,49,0,49,元富-新店,2023-10-13,5922
3231,緯創,98,49,49,元富-新店,2023-10-13,5922
2441,超豐,49,0,49,元富-新店,2023-10-13,5922
3033,威健,45,0,45,元富-新店,2023-10-13,5922
00637L,元大滬深300正2,43,0,43,元富-新店,2023-10-13,5922
3171,炎洲流通,40,0,40,元富-新店,2023-10-13,5922
5519,隆大,39,1,38,元富-新店,2023-10-13,5922
00720B,元大投資級公司債,37,0,37,元富-新店,2023-10-13,5922
00878,國泰永續高股息,39,3,36,元富-新店,2023-10-13,5922
00919,群益台灣精選高息,38,3,35,元富-新店,2023-10-13,5922
2405,輔信,31,0,31,元富-新店,2023-10-13,5922
3037,欣興,32,5,27,元富-新店,2023-10-13,5922
00929,復華台灣科技優息,43,16,27,元富-新店,2023-10-13,5922
2363,矽統,367,340,27,元富-新店,2023-10-13,5922
2388,威盛,79,56,23,元富-新店,2023-10-13,5922
00753L,中信中國50正2,23,0,23,元富-新店,2023-10-13,5922
2002,中鋼,23,0,23,元富-新店,2023-10-13,5922
2618,長榮航,24,1,23,元富-新店,2023-10-13,5922
2615,萬海,22,0,22,元富-新店,2023-10-13,5922
1101,台泥,21,0,21,元富-新店,2023-10-13,5922
2301,光寶科,31,14,17,元富-新店,2023-10-13,5922
2883,凱基金,17,1,16,元富-新店,2023-10-13,5922
6220,岳豐,15,0,15,元富-新店,2023-10-13,5922
00931B,統一美債20年,15,0,15,元富-新店,2023-10-13,5922
2376,技嘉,30,16,14,元富-新店,2023-10-13,5922
3032,偉訓,13,0,13,元富-新店,2023-10-13,5922
1303,南亞,14,1,13,元富-新店,2023-10-13,5922
1524,耿鼎,14,1,13,元富-新店,2023-10-13,5922
00885,富邦越南,12,0,12,元富-新店,2023-10-13,5922
6191,精成科,12,0,12,元富-新店,2023-10-13,5922
00751B,元大AAA至A公司債,11,0,11,元富-新店,2023-10-13,5922
8227,巨有科技,12,1,11,元富-新店,2023-10-13,5922
00882,中信中國高股息,11,0,11,元富-新店,2023-10-13,5922
3715,定穎投控,35,24,11,元富-新店,2023-10-13,5922
6197,佳必琪,11,0,11,元富-新店,2023-10-13,5922
3006,晶豪科,19,8,11,元富-新店,2023-10-13,5922
5512,力麒,10,0,10,元富-新店,2023-10-13,5922
1784,訊聯,10,0,10,元富-新店,2023-10-13,5922
2641,正德,10,0,10,元富-新店,2023-10-13,5922
2371,大同,10,0,10,元富-新店,2023-10-13,5922
1736,喬山,10,0,10,元富-新店,2023-10-13,5922
3628,盈正,10,0,10,元富-新店,2023-10-13,5922
00772B,中信高評級公司債,11,2,9,元富-新店,2023-10-13,5922
2425,承啟,10,1,9,元富-新店,2023-10-13,5922
1314,中石化,268,19,249,元富-新店,2023-10-16,5922
00679B,元大美債20年,134,4,130,元富-新店,2023-10-16,5922
00929,復華台灣科技優息,86,0,86,元富-新店,2023-10-16,5922
00712,復華富時不動產,81,0,81,元富-新店,2023-10-16,5922
0056,元大高股息,83,2,81,元富-新店,2023-10-16,5922
2486,一詮,194,127,67,元富-新店,2023-10-16,5922
2605,新興,63,0,63,元富-新店,2023-10-16,5922
2344,華邦電,54,0,54,元富-新店,2023-10-16,5922
2610,華航,55,3,52,元富-新店,2023-10-16,5922
00687B,國泰20年美債,52,0,52,元富-新店,2023-10-16,5922
00696B,富邦美債20年,50,0,50,元富-新店,2023-10-16,5922
2618,長榮航,55,8,47,元富-新店,2023-10-16,5922
2201,裕隆,89,42,47,元富-新店,2023-10-16,5922
00637L,元大滬深300正2,47,0,47,元富-新店,2023-10-16,5922
5340,建榮,31,0,31,元富-新店,2023-10-16,5922
3037,欣興,36,6,30,元富-新店,2023-10-16,5922
6139,亞翔,31,1,30,元富-新店,2023-10-16,5922
2485,兆赫,30,0,30,元富-新店,2023-10-16,5922
3706,神達,42,16,26,元富-新店,2023-10-16,5922
2465,麗臺,23,0,23,元富-新店,2023-10-16,5922
00632R,元大台灣50反1,20,0,20,元富-新店,2023-10-16,5922
1605,華新,19,1,18,元富-新店,2023-10-16,5922
1783,和康生,17,0,17,元富-新店,2023-10-16,5922
2913,農林,17,0,17,元富-新店,2023-10-16,5922
3013,晟銘電,23,7,16,元富-新店,2023-10-16,5922
00893,國泰智能電動車,15,0,15,元富-新店,2023-10-16,5922
4967,十銓,27,13,14,元富-新店,2023-10-16,5922
2454,聯發科,13,0,13,元富-新店,2023-10-16,5922
00919,群益台灣精選高息,22,9,13,元富-新店,2023-10-16,5922
3491,昇達科,14,2,12,元富-新店,2023-10-16,5922
2887F,台新戊特二,12,0,12,元富-新店,2023-10-16,5922
2301,光寶科,15,3,12,元富-新店,2023-10-16,5922
00915,凱基優選高股息30,11,0,11,元富-新店,2023-10-16,5922
3011,今皓,10,0,10,元富-新店,2023-10-16,5922
5512,力麒,10,0,10,元富-新店,2023-10-16,5922
2838,聯邦銀,10,0,10,元富-新店,2023-10-16,5922
1736,喬山,10,0,10,元富-新店,2023-10-16,5922
6189,豐藝,11,2,9,元富-新店,2023-10-16,5922
3701,大眾控,10,1,9,元富-新店,2023-10-16,5922
5258,虹堡,9,0,9,元富-新店,2023-10-16,5922
5425,台半,13,4,9,元富-新店,2023-10-16,5922
00720B,元大投資級公司債,8,0,8,元富-新店,2023-10-16,5922
1319,東陽,14,6,8,元富-新店,2023-10-16,5922
4919,新唐,8,0,8,元富-新店,2023-10-16,5922
2417,圓剛,10,2,8,元富-新店,2023-10-16,5922
9938,百和,8,0,8,元富-新店,2023-10-16,5922
6405,悅城,8,0,8,元富-新店,2023-10-16,5922
4908,前鼎,61,53,8,元富-新店,2023-10-16,5922
8112,至上,10,3,7,元富-新店,2023-10-16,5922
00878,國泰永續高股息,12,4,8,元富-新店,2023-10-16,5922
3231,緯創,252,69,183,元富-新店,2023-10-17,5922
2371,大同,103,1,102,元富-新店,2023-10-17,5922
2486,一詮,100,1,99,元富-新店,2023-10-17,5922
00720B,元大投資級公司債,72,5,67,元富-新店,2023-10-17,5922
0056,元大高股息,68,13,55,元富-新店,2023-10-17,5922
00680L,元大美債20正2,54,0,54,元富-新店,2023-10-17,5922
5347,世界,53,6,47,元富-新店,2023-10-17,5922
2014,中鴻,45,0,45,元富-新店,2023-10-17,5922
2610,華航,58,16,42,元富-新店,2023-10-17,5922
2376,技嘉,37,4,33,元富-新店,2023-10-17,5922
3363,上詮,35,2,33,元富-新店,2023-10-17,5922
00878,國泰永續高股息,40,9,31,元富-新店,2023-10-17,5922
3032,偉訓,29,0,29,元富-新店,2023-10-17,5922
2515,中工,49,25,24,元富-新店,2023-10-17,5922
6695,芯鼎,28,4,24,元富-新店,2023-10-17,5922
00687B,國泰20年美債,23,0,23,元富-新店,2023-10-17,5922
00751B,元大AAA至A公司債,23,0,23,元富-新店,2023-10-17,5922
1815,富喬,23,1,22,元富-新店,2023-10-17,5922
2492,華新科,20,0,20,元富-新店,2023-10-17,5922
8112,至上,25,5,20,元富-新店,2023-10-17,5922
6806,森崴能源,17,0,17,元富-新店,2023-10-17,5922
2382,廣達,31,15,16,元富-新店,2023-10-17,5922
8996,高力,18,3,15,元富-新店,2023-10-17,5922
00929,復華台灣科技優息,33,19,14,元富-新店,2023-10-17,5922
1609,大亞,13,0,13,元富-新店,2023-10-17,5922
6231,系微,29,17,12,元富-新店,2023-10-17,5922
2367,燿華,11,0,11,元富-新店,2023-10-17,5922
4979,華星光,22,12,10,元富-新店,2023-10-17,5922
2641,正德,10,0,10,元富-新店,2023-10-17,5922
6712,長聖,10,0,10,元富-新店,2023-10-17,5922
2206,三陽工業,10,0,10,元富-新店,2023-10-17,5922
5225,東科-KY,10,0,10,元富-新店,2023-10-17,5922
2886,兆豐金,15,5,10,元富-新店,2023-10-17,5922
6139,亞翔,14,5,9,元富-新店,2023-10-17,5922
00679B,元大美債20年,8,0,8,元富-新店,2023-10-17,5922
3704,合勤控,12,4,8,元富-新店,2023-10-17,5922
3706,神達,9,1,8,元富-新店,2023-10-17,5922
00772B,中信高評級公司債,11,3,8,元富-新店,2023-10-17,5922
00715L,期街口布蘭特正2,8,1,7,元富-新店,2023-10-17,5922
6213,聯茂,7,0,7,元富-新店,2023-10-17,5922
1736,喬山,7,0,7,元富-新店,2023-10-17,5922
2354,鴻準,7,0,7,元富-新店,2023-10-17,5922
5302,太欣,11,4,7,元富-新店,2023-10-17,5922
3346,麗清,14,7,7,元富-新店,2023-10-17,5922
6191,精成科,7,0,7,元富-新店,2023-10-17,5922
2356,英業達,8,2,6,元富-新店,2023-10-17,5922
2498,宏達電,6,0,6,元富-新店,2023-10-17,5922
2607,榮運,8,2,6,元富-新店,2023-10-17,5922
6205,詮欣,6,0,6,元富-新店,2023-10-17,5922
8054,安國,29,23,6,元富-新店,2023-10-17,5922
3481,群創,172,4,168,元富-新店,2023-10-18,5922
00929,復華台灣科技優息,158,13,145,元富-新店,2023-10-18,5922
00878,國泰永續高股息,140,19,121,元富-新店,2023-10-18,5922
0056,元大高股息,126,13,113,元富-新店,2023-10-18,5922
2486,一詮,108,1,107,元富-新店,2023-10-18,5922
00673R,期元大S＆P原油反1,205,100,105,元富-新店,2023-10-18,5922
2353,宏��,101,0,101,元富-新店,2023-10-18,5922
00720B,元大投資級公司債,78,0,78,元富-新店,2023-10-18,5922
2369,菱生,105,36,69,元富-新店,2023-10-18,5922
3260,威剛,82,14,68,元富-新店,2023-10-18,5922
2618,長榮航,61,10,51,元富-新店,2023-10-18,5922
00922,國泰台灣領袖50,50,0,50,元富-新店,2023-10-18,5922
2352,佳世達,71,28,43,元富-新店,2023-10-18,5922
2014,中鴻,41,0,41,元富-新店,2023-10-18,5922
00919,群益台灣精選高息,41,0,41,元富-新店,2023-10-18,5922
00662,富邦NASDAQ,40,0,40,元富-新店,2023-10-18,5922
3032,偉訓,55,15,40,元富-新店,2023-10-18,5922
00679B,元大美債20年,38,1,37,元富-新店,2023-10-18,5922
1815,富喬,47,11,36,元富-新店,2023-10-18,5922
1101,台泥,41,5,36,元富-新店,2023-10-18,5922
00900,富邦特選高股息30,44,14,30,元富-新店,2023-10-18,5922
8358,金居,32,2,30,元富-新店,2023-10-18,5922
4938,和碩,32,7,25,元富-新店,2023-10-18,5922
00893,國泰智能電動車,25,0,25,元富-新店,2023-10-18,5922
2201,裕隆,33,12,21,元富-新店,2023-10-18,5922
2317,鴻海,28,7,21,元富-新店,2023-10-18,5922
3706,神達,27,6,21,元富-新店,2023-10-18,5922
2409,友達,20,0,20,元富-新店,2023-10-18,5922
6770,力積電,18,0,18,元富-新店,2023-10-18,5922
6901,鑽石投資,20,3,17,元富-新店,2023-10-18,5922
6016,康和證,15,0,15,元富-新店,2023-10-18,5922
00885,富邦越南,15,0,15,元富-新店,2023-10-18,5922
1444,力麗,14,0,14,元富-新店,2023-10-18,5922
3122,笙泉,15,2,13,元富-新店,2023-10-18,5922
1605,華新,14,1,13,元富-新店,2023-10-18,5922
00687B,國泰20年美債,13,0,13,元富-新店,2023-10-18,5922
2002,中鋼,23,11,12,元富-新店,2023-10-18,5922
2376,技嘉,48,36,12,元富-新店,2023-10-18,5922
2344,華邦電,13,1,12,元富-新店,2023-10-18,5922
4401,東隆興,17,5,12,元富-新店,2023-10-18,5922
2436,偉詮電,18,7,11,元富-新店,2023-10-18,5922
2610,華航,14,3,11,元富-新店,2023-10-18,5922
5347,世界,11,0,11,元富-新店,2023-10-18,5922
5340,建榮,11,0,11,元富-新店,2023-10-18,5922
2883,凱基金,10,0,10,元富-新店,2023-10-18,5922
5512,力麒,10,0,10,元富-新店,2023-10-18,5922
00902,中信電池及儲能,10,0,10,元富-新店,2023-10-18,5922
1608,華榮,10,0,10,元富-新店,2023-10-18,5922
2641,正德,10,0,10,元富-新店,2023-10-18,5922
4114,健喬,10,0,10,元富-新店,2023-10-18,5922
2353,宏��,311,8,303,元富-新店,2023-10-19,5922
4960,誠美材,200,3,197,元富-新店,2023-10-19,5922
00933B,國泰10Y+金融債,183,25,158,元富-新店,2023-10-19,5922
00679B,元大美債20年,115,0,115,元富-新店,2023-10-19,5922
4938,和碩,111,0,111,元富-新店,2023-10-19,5922
00720B,元大投資級公司債,88,0,88,元富-新店,2023-10-19,5922
1101,台泥,83,0,83,元富-新店,2023-10-19,5922
00885,富邦越南,77,0,77,元富-新店,2023-10-19,5922
00893,國泰智能電動車,72,5,67,元富-新店,2023-10-19,5922
0056,元大高股息,73,12,61,元富-新店,2023-10-19,5922
00687B,國泰20年美債,57,0,57,元富-新店,2023-10-19,5922
00878,國泰永續高股息,55,8,47,元富-新店,2023-10-19,5922
00751B,元大AAA至A公司債,46,0,46,元富-新店,2023-10-19,5922
2357,華碩,43,2,41,元富-新店,2023-10-19,5922
00712,復華富時不動產,33,0,33,元富-新店,2023-10-19,5922
00929,復華台灣科技優息,38,6,32,元富-新店,2023-10-19,5922
3032,偉訓,32,0,32,元富-新店,2023-10-19,5922
6026,福邦證,30,0,30,元富-新店,2023-10-19,5922
5347,世界,31,1,30,元富-新店,2023-10-19,5922
00753L,中信中國50正2,66,40,26,元富-新店,2023-10-19,5922
3231,緯創,98,73,25,元富-新店,2023-10-19,5922
6274,台燿,23,2,21,元富-新店,2023-10-19,5922
1314,中石化,21,0,21,元富-新店,2023-10-19,5922
2356,英業達,35,15,20,元富-新店,2023-10-19,5922
2897,王道銀行,20,0,20,元富-新店,2023-10-19,5922
8088,品安,20,1,19,元富-新店,2023-10-19,5922
2886,兆豐金,16,0,16,元富-新店,2023-10-19,5922
5272,笙科,28,13,15,元富-新店,2023-10-19,5922
2457,飛宏,15,0,15,元富-新店,2023-10-19,5922
2206,三陽工業,15,1,14,元富-新店,2023-10-19,5922
00772B,中信高評級公司債,14,0,14,元富-新店,2023-10-19,5922
2891,中信金,14,0,14,元富-新店,2023-10-19,5922
3481,群創,15,1,14,元富-新店,2023-10-19,5922
6282,康舒,13,0,13,元富-新店,2023-10-19,5922
2317,鴻海,44,32,12,元富-新店,2023-10-19,5922
2409,友達,18,6,12,元富-新店,2023-10-19,5922
6168,宏齊,15,3,12,元富-新店,2023-10-19,5922
2885,元大金,11,0,11,元富-新店,2023-10-19,5922
2607,榮運,10,0,10,元富-新店,2023-10-19,5922
2301,光寶科,14,4,10,元富-新店,2023-10-19,5922
3051,力特,10,0,10,元富-新店,2023-10-19,5922
1608,華榮,10,0,10,元富-新店,2023-10-19,5922
00895,富邦未來車,10,0,10,元富-新店,2023-10-19,5922
6153,嘉聯益,10,0,10,元富-新店,2023-10-19,5922
00642U,期元大S＆P石油,10,0,10,元富-新店,2023-10-19,5922
1736,喬山,10,0,10,元富-新店,2023-10-19,5922
6191,精成科,11,1,10,元富-新店,2023-10-19,5922
8938,明安,10,0,10,元富-新店,2023-10-19,5922
6451,訊芯-KY,10,0,10,元富-新店,2023-10-19,5922
2454,聯發科,10,0,10,元富-新店,2023-10-19,5922
2002,中鋼,139,30,109,元富-新店,2023-10-20,5922
00687B,國泰20年美債,83,0,83,元富-新店,2023-10-20,5922
5880,合庫金,81,0,81,元富-新店,2023-10-20,5922
0056,元大高股息,72,4,68,元富-新店,2023-10-20,5922
1305,華夏,60,0,60,元富-新店,2023-10-20,5922
00712,復華富時不動產,56,0,56,元富-新店,2023-10-20,5922
00679B,元大美債20年,55,1,54,元富-新店,2023-10-20,5922
00696B,富邦美債20年,50,0,50,元富-新店,2023-10-20,5922
6282,康舒,59,10,49,元富-新店,2023-10-20,5922
00878,國泰永續高股息,51,5,46,元富-新店,2023-10-20,5922
00885,富邦越南,40,0,40,元富-新店,2023-10-20,5922
2303,聯電,78,42,36,元富-新店,2023-10-20,5922
00929,復華台灣科技優息,39,5,34,元富-新店,2023-10-20,5922
00720B,元大投資級公司債,33,0,33,元富-新店,2023-10-20,5922
1711,永光,38,5,33,元富-新店,2023-10-20,5922
1605,華新,33,1,32,元富-新店,2023-10-20,5922
5876,上海商銀,30,0,30,元富-新店,2023-10-20,5922
2618,長榮航,35,5,30,元富-新店,2023-10-20,5922
2883,凱基金,25,0,25,元富-新店,2023-10-20,5922
3005,神基,25,1,24,元富-新店,2023-10-20,5922
00637L,元大滬深300正2,23,0,23,元富-新店,2023-10-20,5922
00893,國泰智能電動車,23,1,22,元富-新店,2023-10-20,5922
5403,中菲,21,0,21,元富-新店,2023-10-20,5922
2753,八方雲集,21,0,21,元富-新店,2023-10-20,5922
2449,京元電子,74,54,20,元富-新店,2023-10-20,5922
2363,矽統,18,2,16,元富-新店,2023-10-20,5922
2891,中信金,17,2,15,元富-新店,2023-10-20,5922
8996,高力,31,16,15,元富-新店,2023-10-20,5922
5512,力麒,15,0,15,元富-新店,2023-10-20,5922
1736,喬山,15,0,15,元富-新店,2023-10-20,5922
6715,嘉基,15,0,15,元富-新店,2023-10-20,5922
2357,華碩,16,2,14,元富-新店,2023-10-20,5922
6005,群益證,14,0,14,元富-新店,2023-10-20,5922
00751B,元大AAA至A公司債,13,0,13,元富-新店,2023-10-20,5922
1712,興農,13,0,13,元富-新店,2023-10-20,5922
3078,僑威,12,0,12,元富-新店,2023-10-20,5922
2609,陽明,11,0,11,元富-新店,2023-10-20,5922
1326,台化,11,0,11,元富-新店,2023-10-20,5922
6438,迅得,14,3,11,元富-新店,2023-10-20,5922
00932,兆豐永續高息等權,11,0,11,元富-新店,2023-10-20,5922
2634,漢翔,10,0,10,元富-新店,2023-10-20,5922
6266,泰詠,10,0,10,元富-新店,2023-10-20,5922
1608,華榮,10,0,10,元富-新店,2023-10-20,5922
6129,普誠,10,0,10,元富-新店,2023-10-20,5922
2929,淘帝-KY,10,0,10,元富-新店,2023-10-20,5922
8358,金居,15,5,10,元富-新店,2023-10-20,5922
4207,環泰,9,0,9,元富-新店,2023-10-20,5922
2317,鴻海,16,8,8,元富-新店,2023-10-20,5922
2867,三商壽,8,0,8,元富-新店,2023-10-20,5922
8093,保銳,8,0,8,元富-新店,2023-10-20,5922
00712,復華富時不動產,88,3,85,元富-新店,2023-10-23,5922
00632R,元大台灣50反1,100,30,70,元富-新店,2023-10-23,5922
2371,大同,70,0,70,元富-新店,2023-10-23,5922
2885,元大金,66,0,66,元富-新店,2023-10-23,5922
2605,新興,64,0,64,元富-新店,2023-10-23,5922
00878,國泰永續高股息,57,3,54,元富-新店,2023-10-23,5922
2353,宏��,53,0,53,元富-新店,2023-10-23,5922
5880,合庫金,53,0,53,元富-新店,2023-10-23,5922
2317,鴻海,86,37,49,元富-新店,2023-10-23,5922
00687B,國泰20年美債,47,0,47,元富-新店,2023-10-23,5922
00929,復華台灣科技優息,65,20,45,元富-新店,2023-10-23,5922
0056,元大高股息,45,0,45,元富-新店,2023-10-23,5922
2401,凌陽,38,3,35,元富-新店,2023-10-23,5922
00919,群益台灣精選高息,32,0,32,元富-新店,2023-10-23,5922
2409,友達,30,0,30,元富-新店,2023-10-23,5922
00679B,元大美債20年,28,0,28,元富-新店,2023-10-23,5922
8390,金益鼎,26,0,26,元富-新店,2023-10-23,5922
2888,新光金,24,3,21,元富-新店,2023-10-23,5922
5302,太欣,24,3,21,元富-新店,2023-10-23,5922
3051,力特,136,116,20,元富-新店,2023-10-23,5922
1721,三晃,20,0,20,元富-新店,2023-10-23,5922
00931B,統一美債20年,19,0,19,元富-新店,2023-10-23,5922
00720B,元大投資級公司債,18,0,18,元富-新店,2023-10-23,5922
4714,永捷,18,0,18,元富-新店,2023-10-23,5922
6114,久威,18,0,18,元富-新店,2023-10-23,5922
6770,力積電,17,0,17,元富-新店,2023-10-23,5922
1303,南亞,18,1,17,元富-新店,2023-10-23,5922
00637L,元大滬深300正2,36,19,17,元富-新店,2023-10-23,5922
6156,松上,24,7,17,元富-新店,2023-10-23,5922
2891,中信金,16,0,16,元富-新店,2023-10-23,5922
2883,凱基金,14,0,14,元富-新店,2023-10-23,5922
2399,映泰,15,1,14,元富-新店,2023-10-23,5922
00715L,期街口布蘭特正2,22,10,12,元富-新店,2023-10-23,5922
3704,合勤控,12,0,12,元富-新店,2023-10-23,5922
1604,聲寶,12,0,12,元富-新店,2023-10-23,5922
2363,矽統,32,20,12,元富-新店,2023-10-23,5922
3715,定穎投控,52,40,12,元富-新店,2023-10-23,5922
1907,永豐餘,11,0,11,元富-新店,2023-10-23,5922
3325,旭品,22,11,11,元富-新店,2023-10-23,5922
2641,正德,11,0,11,元富-新店,2023-10-23,5922
8054,安國,14,3,11,元富-新店,2023-10-23,5922
2388,威盛,15,5,10,元富-新店,2023-10-23,5922
00650L,復華香港正2,10,0,10,元富-新店,2023-10-23,5922
1460,宏遠,10,0,10,元富-新店,2023-10-23,5922
3025,星通,26,17,9,元富-新店,2023-10-23,5922
5469,瀚宇博,10,1,9,元富-新店,2023-10-23,5922
00751B,元大AAA至A公司債,9,0,9,元富-新店,2023-10-23,5922
8069,元太,18,10,8,元富-新店,2023-10-23,5922
2630,亞航,8,0,8,元富-新店,2023-10-23,5922
4552,力達-KY,8,0,8,元富-新店,2023-10-23,5922
00929,復華台灣科技優息,279,5,274,元富-新店,2023-10-24,5922
00712,復華富時不動產,111,0,111,元富-新店,2023-10-24,5922
6282,康舒,76,1,75,元富-新店,2023-10-24,5922
2317,鴻海,110,38,72,元富-新店,2023-10-24,5922
3041,揚智,93,23,70,元富-新店,2023-10-24,5922
2303,聯電,73,9,64,元富-新店,2023-10-24,5922
2883,凱基金,45,0,45,元富-新店,2023-10-24,5922
2892,第一金,32,0,32,元富-新店,2023-10-24,5922
3481,群創,36,5,31,元富-新店,2023-10-24,5922
5469,瀚宇博,29,0,29,元富-新店,2023-10-24,5922
2371,大同,31,4,27,元富-新店,2023-10-24,5922
00878,國泰永續高股息,26,0,26,元富-新店,2023-10-24,5922
2891,中信金,23,0,23,元富-新店,2023-10-24,5922
00637L,元大滬深300正2,23,0,23,元富-新店,2023-10-24,5922
2618,長榮航,27,5,22,元富-新店,2023-10-24,5922
3701,大眾控,27,6,21,元富-新店,2023-10-24,5922
00922,國泰台灣領袖50,23,3,20,元富-新店,2023-10-24,5922
2801,彰銀,18,0,18,元富-新店,2023-10-24,5922
0056,元大高股息,20,4,16,元富-新店,2023-10-24,5922
3037,欣興,18,3,15,元富-新店,2023-10-24,5922
6266,泰詠,15,0,15,元富-新店,2023-10-24,5922
1460,宏遠,15,0,15,元富-新店,2023-10-24,5922
00687B,國泰20年美債,15,1,14,元富-新店,2023-10-24,5922
2002,中鋼,14,1,13,元富-新店,2023-10-24,5922
2401,凌陽,17,4,13,元富-新店,2023-10-24,5922
2382,廣達,39,26,13,元富-新店,2023-10-24,5922
3715,定穎投控,44,31,13,元富-新店,2023-10-24,5922
00900,富邦特選高股息30,12,0,12,元富-新店,2023-10-24,5922
00751B,元大AAA至A公司債,11,0,11,元富-新店,2023-10-24,5922
00902,中信電池及儲能,10,0,10,元富-新店,2023-10-24,5922
2641,正德,10,0,10,元富-新店,2023-10-24,5922
9105,泰金寶-DR,10,0,10,元富-新店,2023-10-24,5922
6261,久元,10,0,10,元富-新店,2023-10-24,5922
8086,宏捷科,11,1,10,元富-新店,2023-10-24,5922
6129,普誠,10,0,10,元富-新店,2023-10-24,5922
2743,山富,10,0,10,元富-新店,2023-10-24,5922
1101,台泥,10,0,10,元富-新店,2023-10-24,5922
8996,高力,13,4,9,元富-新店,2023-10-24,5922
4207,環泰,9,0,9,元富-新店,2023-10-24,5922
2610,華航,12,3,9,元富-新店,2023-10-24,5922
00772B,中信高評級公司債,11,2,9,元富-新店,2023-10-24,5922
00919,群益台灣精選高息,15,7,8,元富-新店,2023-10-24,5922
6191,精成科,8,0,8,元富-新店,2023-10-24,5922
6443,元晶,11,3,8,元富-新店,2023-10-24,5922
6271,同欣電,8,0,8,元富-新店,2023-10-24,5922
2409,友達,9,1,8,元富-新店,2023-10-24,5922
2887,台新金,8,0,8,元富-新店,2023-10-24,5922
1301,台塑,12,4,8,元富-新店,2023-10-24,5922
3548,兆利,10,3,7,元富-新店,2023-10-24,5922
2329,華泰,9,2,7,元富-新店,2023-10-24,5922
2337,旺宏,85,1,84,元富-新店,2023-10-25,5922
2891,中信金,90,7,83,元富-新店,2023-10-25,5922
00712,復華富時不動產,55,0,55,元富-新店,2023-10-25,5922
2303,聯電,69,22,47,元富-新店,2023-10-25,5922
6156,松上,47,1,46,元富-新店,2023-10-25,5922
6237,驊訊,57,12,45,元富-新店,2023-10-25,5922
3052,夆典,42,0,42,元富-新店,2023-10-25,5922
9105,泰金寶-DR,35,0,35,元富-新店,2023-10-25,5922
2618,長榮航,36,3,33,元富-新店,2023-10-25,5922
00929,復華台灣科技優息,38,6,32,元富-新店,2023-10-25,5922
2886,兆豐金,32,0,32,元富-新店,2023-10-25,5922
1524,耿鼎,43,13,30,元富-新店,2023-10-25,5922
2408,南亞科,30,1,29,元富-新店,2023-10-25,5922
00687B,國泰20年美債,35,7,28,元富-新店,2023-10-25,5922
2317,鴻海,29,2,27,元富-新店,2023-10-25,5922
6276,安鈦克,30,3,27,元富-新店,2023-10-25,5922
1460,宏遠,26,0,26,元富-新店,2023-10-25,5922
00679B,元大美債20年,24,1,23,元富-新店,2023-10-25,5922
3035,智原,37,17,20,元富-新店,2023-10-25,5922
2409,友達,41,21,20,元富-新店,2023-10-25,5922
2324,仁寶,22,2,20,元富-新店,2023-10-25,5922
3005,神基,19,0,19,元富-新店,2023-10-25,5922
2614,東森,18,0,18,元富-新店,2023-10-25,5922
6284,佳邦,16,0,16,元富-新店,2023-10-25,5922
2301,光寶科,16,1,15,元富-新店,2023-10-25,5922
1603,華電,15,0,15,元富-新店,2023-10-25,5922
1101,台泥,14,0,14,元富-新店,2023-10-25,5922
1568,倉佑,14,0,14,元富-新店,2023-10-25,5922
2610,華航,14,0,14,元富-新店,2023-10-25,5922
8110,華東,23,9,14,元富-新店,2023-10-25,5922
2609,陽明,20,7,13,元富-新店,2023-10-25,5922
2630,亞航,14,1,13,元富-新店,2023-10-25,5922
2388,威盛,38,25,13,元富-新店,2023-10-25,5922
6231,系微,14,2,12,元富-新店,2023-10-25,5922
00878,國泰永續高股息,18,7,11,元富-新店,2023-10-25,5922
5351,鈺創,42,32,10,元富-新店,2023-10-25,5922
00931B,統一美債20年,10,0,10,元富-新店,2023-10-25,5922
6290,良維,10,0,10,元富-新店,2023-10-25,5922
1712,興農,22,12,10,元富-新店,2023-10-25,5922
2515,中工,10,0,10,元富-新店,2023-10-25,5922
6188,廣明,10,0,10,元富-新店,2023-10-25,5922
6179,亞通,10,0,10,元富-新店,2023-10-25,5922
2363,矽統,18,9,9,元富-新店,2023-10-25,5922
00881,國泰台灣5G+,9,0,9,元富-新店,2023-10-25,5922
2371,大同,10,1,9,元富-新店,2023-10-25,5922
3702,大聯大,11,2,9,元富-新店,2023-10-25,5922
00919,群益台灣精選高息,15,7,8,元富-新店,2023-10-25,5922
6271,同欣電,8,0,8,元富-新店,2023-10-25,5922
6168,宏齊,25,17,8,元富-新店,2023-10-25,5922
3490,單井,7,0,7,元富-新店,2023-10-25,5922
2883,凱基金,148,1,147,元富-新店,2023-10-26,5922
2303,聯電,146,19,127,元富-新店,2023-10-26,5922
00929,復華台灣科技優息,108,14,94,元富-新店,2023-10-26,5922
00885,富邦越南,79,0,79,元富-新店,2023-10-26,5922
2317,鴻海,73,5,68,元富-新店,2023-10-26,5922
00712,復華富時不動產,62,8,54,元富-新店,2023-10-26,5922
5512,力麒,45,0,45,元富-新店,2023-10-26,5922
6237,驊訊,47,6,41,元富-新店,2023-10-26,5922
00878,國泰永續高股息,42,1,41,元富-新店,2023-10-26,5922
00919,群益台灣精選高息,49,11,38,元富-新店,2023-10-26,5922
2516,新建,40,5,35,元富-新店,2023-10-26,5922
2344,華邦電,34,4,30,元富-新店,2023-10-26,5922
6156,松上,27,0,27,元富-新店,2023-10-26,5922
2363,矽統,28,2,26,元富-新店,2023-10-26,5922
3450,聯鈞,34,8,26,元富-新店,2023-10-26,5922
2538,基泰,24,0,24,元富-新店,2023-10-26,5922
0050,元大台灣50,23,0,23,元富-新店,2023-10-26,5922
8086,宏捷科,22,0,22,元富-新店,2023-10-26,5922
1326,台化,21,0,21,元富-新店,2023-10-26,5922
2520,冠德,19,0,19,元富-新店,2023-10-26,5922
00893,國泰智能電動車,19,0,19,元富-新店,2023-10-26,5922
00891,中信關鍵半導體,18,0,18,元富-新店,2023-10-26,5922
6405,悅城,18,0,18,元富-新店,2023-10-26,5922
00720B,元大投資級公司債,17,0,17,元富-新店,2023-10-26,5922
0056,元大高股息,40,24,16,元富-新店,2023-10-26,5922
9958,世紀鋼,17,1,16,元富-新店,2023-10-26,5922
6129,普誠,15,0,15,元富-新店,2023-10-26,5922
2369,菱生,16,1,15,元富-新店,2023-10-26,5922
3481,群創,15,0,15,元富-新店,2023-10-26,5922
6276,安鈦克,16,1,15,元富-新店,2023-10-26,5922
5471,松翰,14,0,14,元富-新店,2023-10-26,5922
2892,第一金,14,0,14,元富-新店,2023-10-26,5922
6531,愛普*,14,0,14,元富-新店,2023-10-26,5922
00922,國泰台灣領袖50,13,0,13,元富-新店,2023-10-26,5922
3704,合勤控,40,27,13,元富-新店,2023-10-26,5922
00923,群益台ESG低碳50,13,0,13,元富-新店,2023-10-26,5922
2388,威盛,23,10,13,元富-新店,2023-10-26,5922
6016,康和證,12,0,12,元富-新店,2023-10-26,5922
5203,訊連,12,0,12,元富-新店,2023-10-26,5922
2408,南亞科,12,0,12,元富-新店,2023-10-26,5922
1711,永光,12,0,12,元富-新店,2023-10-26,5922
5880,合庫金,11,0,11,元富-新店,2023-10-26,5922
1905,華紙,11,0,11,元富-新店,2023-10-26,5922
00772B,中信高評級公司債,11,0,11,元富-新店,2023-10-26,5922
2801,彰銀,10,0,10,元富-新店,2023-10-26,5922
3055,蔚華科,12,2,10,元富-新店,2023-10-26,5922
00933B,國泰10Y+金融債,10,0,10,元富-新店,2023-10-26,5922
3545,敦泰,10,0,10,元富-新店,2023-10-26,5922
2436,偉詮電,18,8,10,元富-新店,2023-10-26,5922
3702,大聯大,13,3,10,元富-新店,2023-10-26,5922
2303,聯電,58,0,58,元富-新店,2023-10-27,5922
3231,緯創,101,48,53,元富-新店,2023-10-27,5922
6282,康舒,56,4,52,元富-新店,2023-10-27,5922
2405,輔信,55,5,50,元富-新店,2023-10-27,5922
00632R,元大台灣50反1,71,22,49,元富-新店,2023-10-27,5922
00929,復華台灣科技優息,131,85,46,元富-新店,2023-10-27,5922
6531,愛普*,27,0,27,元富-新店,2023-10-27,5922
6114,久威,27,0,27,元富-新店,2023-10-27,5922
3078,僑威,28,2,26,元富-新店,2023-10-27,5922
2486,一詮,25,0,25,元富-新店,2023-10-27,5922
00676R,富邦臺灣加權反1,25,0,25,元富-新店,2023-10-27,5922
00885,富邦越南,24,2,22,元富-新店,2023-10-27,5922
2363,矽統,27,5,22,元富-新店,2023-10-27,5922
6695,芯鼎,23,2,21,元富-新店,2023-10-27,5922
00712,復華富時不動產,20,0,20,元富-新店,2023-10-27,5922
2317,鴻海,22,2,20,元富-新店,2023-10-27,5922
6148,驊宏資,18,0,18,元富-新店,2023-10-27,5922
2883,凱基金,17,0,17,元富-新店,2023-10-27,5922
00919,群益台灣精選高息,20,3,17,元富-新店,2023-10-27,5922
6274,台燿,22,8,14,元富-新店,2023-10-27,5922
3450,聯鈞,16,2,14,元富-新店,2023-10-27,5922
6863,永道-KY,13,0,13,元富-新店,2023-10-27,5922
6203,海韻電,12,0,12,元富-新店,2023-10-27,5922
6156,松上,12,0,12,元富-新店,2023-10-27,5922
3706,神達,15,3,12,元富-新店,2023-10-27,5922
2382,廣達,24,13,11,元富-新店,2023-10-27,5922
3037,欣興,18,7,11,元富-新店,2023-10-27,5922
3325,旭品,11,0,11,元富-新店,2023-10-27,5922
2605,新興,12,1,11,元富-新店,2023-10-27,5922
2344,華邦電,11,0,11,元富-新店,2023-10-27,5922
2337,旺宏,10,0,10,元富-新店,2023-10-27,5922
5210,寶碩,10,0,10,元富-新店,2023-10-27,5922
2630,亞航,10,0,10,元富-新店,2023-10-27,5922
4164,承業醫,12,2,10,元富-新店,2023-10-27,5922
4960,誠美材,10,0,10,元富-新店,2023-10-27,5922
1907,永豐餘,9,0,9,元富-新店,2023-10-27,5922
00902,中信電池及儲能,9,0,9,元富-新店,2023-10-27,5922
00751B,元大AAA至A公司債,9,0,9,元富-新店,2023-10-27,5922
1101,台泥,9,0,9,元富-新店,2023-10-27,5922
1524,耿鼎,22,13,9,元富-新店,2023-10-27,5922
3005,神基,9,0,9,元富-新店,2023-10-27,5922
3675,德微,8,0,8,元富-新店,2023-10-27,5922
5425,台半,8,0,8,元富-新店,2023-10-27,5922
3058,立德,8,0,8,元富-新店,2023-10-27,5922
4979,華星光,24,16,8,元富-新店,2023-10-27,5922
3025,星通,13,5,8,元富-新店,2023-10-27,5922
00893,國泰智能電動車,8,0,8,元富-新店,2023-10-27,5922
1815,富喬,9,1,8,元富-新店,2023-10-27,5922
3260,威剛,17,10,7,元富-新店,2023-10-27,5922
3022,威強電,7,0,7,元富-新店,2023-10-27,5922
2303,聯電,98,7,91,元富-新店,2023-10-30,5922
00712,復華富時不動產,74,0,74,元富-新店,2023-10-30,5922
00885,富邦越南,48,0,48,元富-新店,2023-10-30,5922
5876,上海商銀,46,0,46,元富-新店,2023-10-30,5922
2317,鴻海,127,88,39,元富-新店,2023-10-30,5922
2353,宏��,33,0,33,元富-新店,2023-10-30,5922
2886,兆豐金,31,0,31,元富-新店,2023-10-30,5922
6443,元晶,51,21,30,元富-新店,2023-10-30,5922
2330,台積電,30,1,29,元富-新店,2023-10-30,5922
2883,凱基金,34,10,24,元富-新店,2023-10-30,5922
2885,元大金,26,2,24,元富-新店,2023-10-30,5922
2356,英業達,31,7,24,元富-新店,2023-10-30,5922
2520,冠德,30,9,21,元富-新店,2023-10-30,5922
2014,中鴻,20,0,20,元富-新店,2023-10-30,5922
1522,堤維西,20,0,20,元富-新店,2023-10-30,5922
00632R,元大台灣50反1,35,15,20,元富-新店,2023-10-30,5922
2887,台新金,18,1,17,元富-新店,2023-10-30,5922
6284,佳邦,15,0,15,元富-新店,2023-10-30,5922
6695,芯鼎,17,2,15,元富-新店,2023-10-30,5922
2618,長榮航,22,8,14,元富-新店,2023-10-30,5922
2888,新光金,14,0,14,元富-新店,2023-10-30,5922
2313,華通,18,5,13,元富-新店,2023-10-30,5922
3231,緯創,63,51,12,元富-新店,2023-10-30,5922
6472,保瑞,21,9,12,元富-新店,2023-10-30,5922
00933B,國泰10Y+金融債,11,0,11,元富-新店,2023-10-30,5922
3032,偉訓,17,6,11,元富-新店,2023-10-30,5922
3715,定穎投控,39,28,11,元富-新店,2023-10-30,5922
2465,麗臺,12,1,11,元富-新店,2023-10-30,5922
3163,波若威,14,3,11,元富-新店,2023-10-30,5922
3037,欣興,15,5,10,元富-新店,2023-10-30,5922
5880,合庫金,10,0,10,元富-新店,2023-10-30,5922
2891,中信金,16,6,10,元富-新店,2023-10-30,5922
1444,力麗,10,0,10,元富-新店,2023-10-30,5922
3707,漢磊,10,0,10,元富-新店,2023-10-30,5922
00912,中信臺灣智慧50,10,0,10,元富-新店,2023-10-30,5922
6276,安鈦克,11,1,10,元富-新店,2023-10-30,5922
2419,仲琦,9,0,9,元富-新店,2023-10-30,5922
5465,富驊,10,1,9,元富-新店,2023-10-30,5922
6531,愛普*,12,4,8,元富-新店,2023-10-30,5922
00772B,中信高評級公司債,8,0,8,元富-新店,2023-10-30,5922
1101,台泥,7,0,7,元富-新店,2023-10-30,5922
2301,光寶科,10,3,7,元富-新店,2023-10-30,5922
8054,安國,11,4,7,元富-新店,2023-10-30,5922
006208,富邦台50,6,0,6,元富-新店,2023-10-30,5922
2884,玉山金,6,0,6,元富-新店,2023-10-30,5922
00687B,國泰20年美債,10,4,6,元富-新店,2023-10-30,5922
2851,中再保,6,0,6,元富-新店,2023-10-30,5922
00679B,元大美債20年,8,2,6,元富-新店,2023-10-30,5922
3704,合勤控,16,10,6,元富-新店,2023-10-30,5922
2882,國泰金,5,0,5,元富-新店,2023-10-30,5922
00715L,期街口布蘭特正2,117,0,117,元富-新店,2023-10-31,5922
1815,富喬,110,7,103,元富-新店,2023-10-31,5922
2406,國碩,105,5,100,元富-新店,2023-10-31,5922
2344,華邦電,98,6,92,元富-新店,2023-10-31,5922
6026,福邦證,83,0,83,元富-新店,2023-10-31,5922
2486,一詮,112,40,72,元富-新店,2023-10-31,5922
00878,國泰永續高股息,70,9,61,元富-新店,2023-10-31,5922
1605,華新,58,0,58,元富-新店,2023-10-31,5922
2371,大同,50,0,50,元富-新店,2023-10-31,5922
00885,富邦越南,50,1,49,元富-新店,2023-10-31,5922
0056,元大高股息,35,2,33,元富-新店,2023-10-31,5922
5203,訊連,35,5,30,元富-新店,2023-10-31,5922
5469,瀚宇博,60,34,26,元富-新店,2023-10-31,5922
1524,耿鼎,31,6,25,元富-新店,2023-10-31,5922
00712,復華富時不動產,25,2,23,元富-新店,2023-10-31,5922
5302,太欣,22,0,22,元富-新店,2023-10-31,5922
2408,南亞科,21,1,20,元富-新店,2023-10-31,5922
1522,堤維西,20,0,20,元富-新店,2023-10-31,5922
6148,驊宏資,19,0,19,元富-新店,2023-10-31,5922
006208,富邦台50,18,0,18,元富-新店,2023-10-31,5922
2353,宏��,21,3,18,元富-新店,2023-10-31,5922
3041,揚智,17,0,17,元富-新店,2023-10-31,5922
3234,光環,17,0,17,元富-新店,2023-10-31,5922
1314,中石化,20,3,17,元富-新店,2023-10-31,5922
1560,中砂,16,0,16,元富-新店,2023-10-31,5922
9105,泰金寶-DR,16,0,16,元富-新店,2023-10-31,5922
2201,裕隆,30,15,15,元富-新店,2023-10-31,5922
6129,普誠,15,0,15,元富-新店,2023-10-31,5922
3005,神基,14,0,14,元富-新店,2023-10-31,5922
00642U,期元大S＆P石油,14,0,14,元富-新店,2023-10-31,5922
4938,和碩,15,1,14,元富-新店,2023-10-31,5922
00891,中信關鍵半導體,17,3,14,元富-新店,2023-10-31,5922
2352,佳世達,13,0,13,元富-新店,2023-10-31,5922
8110,華東,15,2,13,元富-新店,2023-10-31,5922
4108,懷特,14,2,12,元富-新店,2023-10-31,5922
3530,晶相光,12,0,12,元富-新店,2023-10-31,5922
6405,悅城,12,0,12,元富-新店,2023-10-31,5922
6492,生華科,15,3,12,元富-新店,2023-10-31,5922
3094,聯傑,19,8,11,元富-新店,2023-10-31,5922
6194,育富,11,0,11,元富-新店,2023-10-31,5922
2356,英業達,21,11,10,元富-新店,2023-10-31,5922
3715,定穎投控,37,27,10,元富-新店,2023-10-31,5922
2337,旺宏,10,0,10,元富-新店,2023-10-31,5922
2349,錸德,10,0,10,元富-新店,2023-10-31,5922
3122,笙泉,16,6,10,元富-新店,2023-10-31,5922
2313,華通,40,30,10,元富-新店,2023-10-31,5922
6274,台燿,12,3,9,元富-新店,2023-10-31,5922
6821,聯寶,10,1,9,元富-新店,2023-10-31,5922
00929,復華台灣科技優息,49,40,9,元富-新店,2023-10-31,5922
3035,智原,20,12,8,元富-新店,2023-10-31,5922
6026,福邦證,70,0,70,元富-新店,2023-11-01,5922
00679B,元大美債20年,59,0,59,元富-新店,2023-11-01,5922
6191,精成科,77,33,44,元富-新店,2023-11-01,5922
2317,鴻海,48,6,42,元富-新店,2023-11-01,5922
00885,富邦越南,42,0,42,元富-新店,2023-11-01,5922
2409,友達,53,12,41,元富-新店,2023-11-01,5922
8112,至上,41,2,39,元富-新店,2023-11-01,5922
00878,國泰永續高股息,40,1,39,元富-新店,2023-11-01,5922
2371,大同,30,0,30,元富-新店,2023-11-01,5922
00935,野村臺灣新科技50,27,0,27,元富-新店,2023-11-01,5922
2405,輔信,22,0,22,元富-新店,2023-11-01,5922
3052,夆典,21,0,21,元富-新店,2023-11-01,5922
1522,堤維西,21,1,20,元富-新店,2023-11-01,5922
00720B,元大投資級公司債,18,0,18,元富-新店,2023-11-01,5922
6235,華孚,23,5,18,元富-新店,2023-11-01,5922
2457,飛宏,19,3,16,元富-新店,2023-11-01,5922
00929,復華台灣科技優息,79,63,16,元富-新店,2023-11-01,5922
4908,前鼎,18,2,16,元富-新店,2023-11-01,5922
1711,永光,15,0,15,元富-新店,2023-11-01,5922
6129,普誠,15,0,15,元富-新店,2023-11-01,5922
2313,華通,15,0,15,元富-新店,2023-11-01,5922
3704,合勤控,22,8,14,元富-新店,2023-11-01,5922
6418,詠昇,15,1,14,元富-新店,2023-11-01,5922
4915,致伸,15,2,13,元富-新店,2023-11-01,5922
2353,宏��,15,2,13,元富-新店,2023-11-01,5922
5302,太欣,13,0,13,元富-新店,2023-11-01,5922
2401,凌陽,13,1,12,元富-新店,2023-11-01,5922
2542,興富發,11,0,11,元富-新店,2023-11-01,5922
1605,華新,14,3,11,元富-新店,2023-11-01,5922
8086,宏捷科,13,2,11,元富-新店,2023-11-01,5922
3078,僑威,15,4,11,元富-新店,2023-11-01,5922
00687B,國泰20年美債,10,0,10,元富-新店,2023-11-01,5922
1731,美吾華,24,14,10,元富-新店,2023-11-01,5922
5203,訊連,11,1,10,元富-新店,2023-11-01,5922
00931B,統一美債20年,10,0,10,元富-新店,2023-11-01,5922
6194,育富,9,0,9,元富-新店,2023-11-01,5922
00715L,期街口布蘭特正2,9,0,9,元富-新店,2023-11-01,5922
00934,中信成長高股息,40,31,9,元富-新店,2023-11-01,5922
00751B,元大AAA至A公司債,8,0,8,元富-新店,2023-11-01,5922
1314,中石化,11,3,8,元富-新店,2023-11-01,5922
8938,明安,8,0,8,元富-新店,2023-11-01,5922
00712,復華富時不動產,14,6,8,元富-新店,2023-11-01,5922
6156,松上,7,0,7,元富-新店,2023-11-01,5922
3022,威強電,7,0,7,元富-新店,2023-11-01,5922
3176,基亞,8,1,7,元富-新店,2023-11-01,5922
0050,元大台灣50,7,0,7,元富-新店,2023-11-01,5922
2609,陽明,7,1,6,元富-新店,2023-11-01,5922
3325,旭品,6,0,6,元富-新店,2023-11-01,5922
2882,國泰金,6,0,6,元富-新店,2023-11-01,5922
5465,富驊,6,0,6,元富-新店,2023-11-01,5922
2883,凱基金,134,0,134,元富-新店,2023-11-02,5922
00687B,國泰20年美債,74,0,74,元富-新店,2023-11-02,5922
5876,上海商銀,50,0,50,元富-新店,2023-11-02,5922
2820,華票,50,0,50,元富-新店,2023-11-02,5922
9105,泰金寶-DR,56,10,46,元富-新店,2023-11-02,5922
00679B,元大美債20年,61,18,43,元富-新店,2023-11-02,5922
6191,精成科,49,10,39,元富-新店,2023-11-02,5922
2888,新光金,50,11,39,元富-新店,2023-11-02,5922
3231,緯創,60,22,38,元富-新店,2023-11-02,5922
00632R,元大台灣50反1,34,1,33,元富-新店,2023-11-02,5922
5521,工信,32,0,32,元富-新店,2023-11-02,5922
00696B,富邦美債20年,31,0,31,元富-新店,2023-11-02,5922
2881,富邦金,30,0,30,元富-新店,2023-11-02,5922
2891,中信金,35,7,28,元富-新店,2023-11-02,5922
2882,國泰金,32,4,28,元富-新店,2023-11-02,5922
00935,野村臺灣新科技50,30,2,28,元富-新店,2023-11-02,5922
8996,高力,33,7,26,元富-新店,2023-11-02,5922
2367,燿華,26,1,25,元富-新店,2023-11-02,5922
00712,復華富時不動產,53,28,25,元富-新店,2023-11-02,5922
4967,十銓,43,18,25,元富-新店,2023-11-02,5922
00715L,期街口布蘭特正2,22,0,22,元富-新店,2023-11-02,5922
2634,漢翔,22,1,21,元富-新店,2023-11-02,5922
3548,兆利,25,7,18,元富-新店,2023-11-02,5922
6266,泰詠,16,0,16,元富-新店,2023-11-02,5922
5328,華容,31,16,15,元富-新店,2023-11-02,5922
3443,創意,14,0,14,元富-新店,2023-11-02,5922
3034,聯詠,42,30,12,元富-新店,2023-11-02,5922
3481,群創,16,4,12,元富-新店,2023-11-02,5922
2332,友訊,12,0,12,元富-新店,2023-11-02,5922
8086,宏捷科,13,2,11,元富-新店,2023-11-02,5922
00931B,統一美債20年,10,0,10,元富-新店,2023-11-02,5922
5388,中磊,14,4,10,元富-新店,2023-11-02,5922
3028,增你強,10,0,10,元富-新店,2023-11-02,5922
3006,晶豪科,21,12,9,元富-新店,2023-11-02,5922
3052,夆典,9,0,9,元富-新店,2023-11-02,5922
2543,皇昌,29,20,9,元富-新店,2023-11-02,5922
2801,彰銀,9,0,9,元富-新店,2023-11-02,5922
2458,義隆,12,3,9,元富-新店,2023-11-02,5922
2206,三陽工業,9,0,9,元富-新店,2023-11-02,5922
6492,生華科,13,5,8,元富-新店,2023-11-02,5922
1524,耿鼎,12,4,8,元富-新店,2023-11-02,5922
6206,飛捷,14,6,8,元富-新店,2023-11-02,5922
1720,生達,7,0,7,元富-新店,2023-11-02,5922
2002,中鋼,10,3,7,元富-新店,2023-11-02,5922
6274,台燿,16,9,7,元富-新店,2023-11-02,5922
3149,正達,6,0,6,元富-新店,2023-11-02,5922
3715,定穎投控,30,25,5,元富-新店,2023-11-02,5922
00853B,統一美債10年Aa-,5,0,5,元富-新店,2023-11-02,5922
1455,集盛,5,0,5,元富-新店,2023-11-02,5922
2481,強茂,5,0,5,元富-新店,2023-11-02,5922
2353,宏��,350,0,350,元富-新店,2023-11-03,5922
2888,新光金,100,5,95,元富-新店,2023-11-03,5922
9105,泰金寶-DR,66,0,66,元富-新店,2023-11-03,5922
2363,矽統,217,161,56,元富-新店,2023-11-03,5922
2371,大同,50,0,50,元富-新店,2023-11-03,5922
1731,美吾華,50,7,43,元富-新店,2023-11-03,5922
2354,鴻準,38,0,38,元富-新店,2023-11-03,5922
6276,安鈦克,31,1,30,元富-新店,2023-11-03,5922
4207,環泰,30,0,30,元富-新店,2023-11-03,5922
4532,瑞智,30,0,30,元富-新店,2023-11-03,5922
3213,茂訊,28,0,28,元富-新店,2023-11-03,5922
00679B,元大美債20年,28,5,23,元富-新店,2023-11-03,5922
3094,聯傑,24,2,22,元富-新店,2023-11-03,5922
2390,云辰,20,0,20,元富-新店,2023-11-03,5922
6274,台燿,24,6,18,元富-新店,2023-11-03,5922
8150,南茂,22,5,17,元富-新店,2023-11-03,5922
00929,復華台灣科技優息,37,20,17,元富-新店,2023-11-03,5922
00935,野村臺灣新科技50,35,20,15,元富-新店,2023-11-03,5922
1455,集盛,15,0,15,元富-新店,2023-11-03,5922
2913,農林,15,0,15,元富-新店,2023-11-03,5922
6114,久威,13,0,13,元富-新店,2023-11-03,5922
1711,永光,13,0,13,元富-新店,2023-11-03,5922
2641,正德,13,0,13,元富-新店,2023-11-03,5922
3033,威健,12,0,12,元富-新店,2023-11-03,5922
8112,至上,12,0,12,元富-新店,2023-11-03,5922
3041,揚智,17,5,12,元富-新店,2023-11-03,5922
3014,聯陽,20,10,10,元富-新店,2023-11-03,5922
2834,臺企銀,10,0,10,元富-新店,2023-11-03,5922
00722B,群益投資級電信債,10,0,10,元富-新店,2023-11-03,5922
4908,前鼎,27,18,9,元富-新店,2023-11-03,5922
2356,英業達,40,32,8,元富-新店,2023-11-03,5922
2027,大成鋼,8,0,8,元富-新店,2023-11-03,5922
2323,中環,8,0,8,元富-新店,2023-11-03,5922
8016,矽創,10,2,8,元富-新店,2023-11-03,5922
3715,定穎投控,9,2,7,元富-新店,2023-11-03,5922
6113,亞矽,7,0,7,元富-新店,2023-11-03,5922
8046,南電,17,10,7,元富-新店,2023-11-03,5922
3707,漢磊,8,1,7,元富-新店,2023-11-03,5922
3227,原相,6,0,6,元富-新店,2023-11-03,5922
3035,智原,10,4,6,元富-新店,2023-11-03,5922
3128,昇銳,6,0,6,元富-新店,2023-11-03,5922
3450,聯鈞,9,3,6,元富-新店,2023-11-03,5922
3030,德律,6,0,6,元富-新店,2023-11-03,5922
8110,華東,11,5,6,元富-新店,2023-11-03,5922
6770,力積電,44,38,6,元富-新店,2023-11-03,5922
00878,國泰永續高股息,9,3,6,元富-新店,2023-11-03,5922
8227,巨有科技,5,0,5,元富-新店,2023-11-03,5922
3541,西柏,5,0,5,元富-新店,2023-11-03,5922
1802,台玻,5,0,5,元富-新店,2023-11-03,5922
2344,華邦電,10,5,5,元富-新店,2023-11-03,5922
2486,一詮,247,115,132,元富-新店,2023-11-06,5922
6026,福邦證,55,0,55,元富-新店,2023-11-06,5922
00715L,期街口布蘭特正2,39,0,39,元富-新店,2023-11-06,5922
9105,泰金寶-DR,38,0,38,元富-新店,2023-11-06,5922
6770,力積電,42,6,36,元富-新店,2023-11-06,5922
00632R,元大台灣50反1,136,100,36,元富-新店,2023-11-06,5922
00935,野村臺灣新科技50,41,6,35,元富-新店,2023-11-06,5922
1455,集盛,23,1,22,元富-新店,2023-11-06,5922
00671R,富邦NASDAQ反1,20,0,20,元富-新店,2023-11-06,5922
8112,至上,21,1,20,元富-新店,2023-11-06,5922
00700,富邦�琤肭磪�,20,0,20,元富-新店,2023-11-06,5922
2618,長榮航,88,72,16,元富-新店,2023-11-06,5922
00706L,期元大S＆P日圓正2,15,0,15,元富-新店,2023-11-06,5922
8076,伍豐,16,1,15,元富-新店,2023-11-06,5922
00751B,元大AAA至A公司債,11,0,11,元富-新店,2023-11-06,5922
2371,大同,12,1,11,元富-新店,2023-11-06,5922
2409,友達,30,20,10,元富-新店,2023-11-06,5922
1460,宏遠,10,0,10,元富-新店,2023-11-06,5922
2801,彰銀,20,10,10,元富-新店,2023-11-06,5922
6541,泰福-KY,10,0,10,元富-新店,2023-11-06,5922
2498,宏達電,11,1,10,元富-新店,2023-11-06,5922
1453,大將,10,0,10,元富-新店,2023-11-06,5922
6290,良維,10,0,10,元富-新店,2023-11-06,5922
9928,中視,10,0,10,元富-新店,2023-11-06,5922
3264,欣銓,14,5,9,元富-新店,2023-11-06,5922
3006,晶豪科,18,9,9,元富-新店,2023-11-06,5922
1809,中釉,10,1,9,元富-新店,2023-11-06,5922
1519,華城,15,6,9,元富-新店,2023-11-06,5922
1524,耿鼎,18,10,8,元富-新店,2023-11-06,5922
3094,聯傑,10,2,8,元富-新店,2023-11-06,5922
8996,高力,23,15,8,元富-新店,2023-11-06,5922
2401,凌陽,24,16,8,元富-新店,2023-11-06,5922
3260,威剛,10,2,8,元富-新店,2023-11-06,5922
2408,南亞科,8,1,7,元富-新店,2023-11-06,5922
6182,合晶,7,0,7,元富-新店,2023-11-06,5922
00679B,元大美債20年,7,0,7,元富-新店,2023-11-06,5922
2641,正德,7,0,7,元富-新店,2023-11-06,5922
6139,亞翔,11,4,7,元富-新店,2023-11-06,5922
5258,虹堡,29,22,7,元富-新店,2023-11-06,5922
2427,三商電,7,1,6,元富-新店,2023-11-06,5922
2610,華航,38,32,6,元富-新店,2023-11-06,5922
3701,大眾控,6,0,6,元富-新店,2023-11-06,5922
4162,智擎,9,3,6,元富-新店,2023-11-06,5922
00931B,統一美債20年,6,0,6,元富-新店,2023-11-06,5922
2603,長榮,10,4,6,元富-新店,2023-11-06,5922
4961,天鈺,5,0,5,元富-新店,2023-11-06,5922
3715,定穎投控,6,1,5,元富-新店,2023-11-06,5922
5371,中光電,5,0,5,元富-新店,2023-11-06,5922
3702,大聯大,9,4,5,元富-新店,2023-11-06,5922
9958,世紀鋼,6,1,5,元富-新店,2023-11-06,5922
3231,緯創,136,56,80,元富-新店,2023-11-07,5922
1301,台塑,50,0,50,元富-新店,2023-11-07,5922
2376,技嘉,56,10,46,元富-新店,2023-11-07,5922
2303,聯電,55,22,33,元富-新店,2023-11-07,5922
2485,兆赫,33,0,33,元富-新店,2023-11-07,5922
3052,夆典,26,0,26,元富-新店,2023-11-07,5922
00878,國泰永續高股息,41,16,25,元富-新店,2023-11-07,5922
1605,華新,25,2,23,元富-新店,2023-11-07,5922
1815,富喬,49,26,23,元富-新店,2023-11-07,5922
1449,佳和,20,0,20,元富-新店,2023-11-07,5922
3308,聯德,20,0,20,元富-新店,2023-11-07,5922
00712,復華富時不動產,29,10,19,元富-新店,2023-11-07,5922
6541,泰福-KY,19,0,19,元富-新店,2023-11-07,5922
00679B,元大美債20年,18,0,18,元富-新店,2023-11-07,5922
3260,威剛,24,7,17,元富-新店,2023-11-07,5922
2634,漢翔,16,0,16,元富-新店,2023-11-07,5922
2734,易飛網,16,0,16,元富-新店,2023-11-07,5922
5351,鈺創,16,1,15,元富-新店,2023-11-07,5922
3704,合勤控,15,1,14,元富-新店,2023-11-07,5922
1455,集盛,14,0,14,元富-新店,2023-11-07,5922
2317,鴻海,21,7,14,元富-新店,2023-11-07,5922
8112,至上,13,0,13,元富-新店,2023-11-07,5922
8110,華東,13,0,13,元富-新店,2023-11-07,5922
2492,華新科,12,0,12,元富-新店,2023-11-07,5922
1524,耿鼎,16,4,12,元富-新店,2023-11-07,5922
00934,中信成長高股息,15,3,12,元富-新店,2023-11-07,5922
00891,中信關鍵半導體,12,0,12,元富-新店,2023-11-07,5922
3037,欣興,11,0,11,元富-新店,2023-11-07,5922
4915,致伸,10,0,10,元富-新店,2023-11-07,5922
2367,燿華,10,0,10,元富-新店,2023-11-07,5922
2231,為升,10,0,10,元富-新店,2023-11-07,5922
00671R,富邦NASDAQ反1,10,0,10,元富-新店,2023-11-07,5922
1731,美吾華,10,0,10,元富-新店,2023-11-07,5922
6443,元晶,9,0,9,元富-新店,2023-11-07,5922
6531,愛普*,12,3,9,元富-新店,2023-11-07,5922
2409,友達,10,1,9,元富-新店,2023-11-07,5922
4108,懷特,13,4,9,元富-新店,2023-11-07,5922
2342,茂矽,9,0,9,元富-新店,2023-11-07,5922
2610,華航,15,7,8,元富-新店,2023-11-07,5922
1785,光洋科,10,2,8,元富-新店,2023-11-07,5922
3481,群創,12,4,8,元富-新店,2023-11-07,5922
6269,台郡,8,0,8,元富-新店,2023-11-07,5922
00715L,期街口布蘭特正2,8,0,8,元富-新店,2023-11-07,5922
2515,中工,14,6,8,元富-新店,2023-11-07,5922
6127,九豪,8,0,8,元富-新店,2023-11-07,5922
6472,保瑞,8,1,7,元富-新店,2023-11-07,5922
8046,南電,7,0,7,元富-新店,2023-11-07,5922
3189,景碩,7,0,7,元富-新店,2023-11-07,5922
3317,尼克森,13,6,7,元富-新店,2023-11-07,5922
3701,大眾控,10,3,7,元富-新店,2023-11-07,5922
2618,長榮航,257,15,242,元富-新店,2023-11-08,5922
00878,國泰永續高股息,145,30,115,元富-新店,2023-11-08,5922
2303,聯電,105,3,102,元富-新店,2023-11-08,5922
00933B,國泰10Y+金融債,104,30,74,元富-新店,2023-11-08,5922
00900,富邦特選高股息30,61,10,51,元富-新店,2023-11-08,5922
2634,漢翔,81,30,51,元富-新店,2023-11-08,5922
00934,中信成長高股息,60,10,50,元富-新店,2023-11-08,5922
1815,富喬,81,32,49,元富-新店,2023-11-08,5922
2363,矽統,85,37,48,元富-新店,2023-11-08,5922
00882,中信中國高股息,38,0,38,元富-新店,2023-11-08,5922
00929,復華台灣科技優息,42,9,33,元富-新店,2023-11-08,5922
6266,泰詠,38,8,30,元富-新店,2023-11-08,5922
00632R,元大台灣50反1,29,5,24,元富-新店,2023-11-08,5922
2388,威盛,39,16,23,元富-新店,2023-11-08,5922
3176,基亞,23,0,23,元富-新店,2023-11-08,5922
00715L,期街口布蘭特正2,23,0,23,元富-新店,2023-11-08,5922
4207,環泰,34,11,23,元富-新店,2023-11-08,5922
00751B,元大AAA至A公司債,22,0,22,元富-新店,2023-11-08,5922
2376,技嘉,59,37,22,元富-新店,2023-11-08,5922
2609,陽明,22,0,22,元富-新店,2023-11-08,5922
00720B,元大投資級公司債,122,100,22,元富-新店,2023-11-08,5922
00885,富邦越南,22,0,22,元富-新店,2023-11-08,5922
2913,農林,22,0,22,元富-新店,2023-11-08,5922
6509,聚和,22,1,21,元富-新店,2023-11-08,5922
1582,信錦,20,0,20,元富-新店,2023-11-08,5922
3217,優群,23,3,20,元富-新店,2023-11-08,5922
00936,台新永續高息中小,50,33,17,元富-新店,2023-11-08,5922
5210,寶碩,17,0,17,元富-新店,2023-11-08,5922
2464,盟立,15,0,15,元富-新店,2023-11-08,5922
3006,晶豪科,16,2,14,元富-新店,2023-11-08,5922
8034,榮群,15,1,14,元富-新店,2023-11-08,5922
1560,中砂,26,12,14,元富-新店,2023-11-08,5922
5347,世界,22,9,13,元富-新店,2023-11-08,5922
2485,兆赫,13,0,13,元富-新店,2023-11-08,5922
2462,良得電,23,10,13,元富-新店,2023-11-08,5922
3596,智易,13,0,13,元富-新店,2023-11-08,5922
1605,華新,13,0,13,元富-新店,2023-11-08,5922
3306,鼎天,13,0,13,元富-新店,2023-11-08,5922
1720,生達,13,0,13,元富-新店,2023-11-08,5922
1513,中興電,12,0,12,元富-新店,2023-11-08,5922
6290,良維,15,3,12,元富-新店,2023-11-08,5922
3260,威剛,22,11,11,元富-新店,2023-11-08,5922
9919,康那香,10,0,10,元富-新店,2023-11-08,5922
6770,力積電,17,7,10,元富-新店,2023-11-08,5922
2313,華通,11,2,9,元富-新店,2023-11-08,5922
3036,文曄,16,7,9,元富-新店,2023-11-08,5922
2421,建準,14,5,9,元富-新店,2023-11-08,5922
3605,宏致,8,0,8,元富-新店,2023-11-08,5922
3363,上詮,8,0,8,元富-新店,2023-11-08,5922
6114,久威,7,0,7,元富-新店,2023-11-08,5922
2618,長榮航,238,20,218,元富-新店,2023-11-09,5922
3363,上詮,68,1,67,元富-新店,2023-11-09,5922
2329,華泰,80,26,54,元富-新店,2023-11-09,5922
2303,聯電,60,9,51,元富-新店,2023-11-09,5922
2610,華航,51,3,48,元富-新店,2023-11-09,5922
00936,台新永續高息中小,45,0,45,元富-新店,2023-11-09,5922
00878,國泰永續高股息,46,9,37,元富-新店,2023-11-09,5922
2405,輔信,26,0,26,元富-新店,2023-11-09,5922
1815,富喬,39,15,24,元富-新店,2023-11-09,5922
3013,晟銘電,30,9,21,元富-新店,2023-11-09,5922
3260,威剛,22,1,21,元富-新店,2023-11-09,5922
1802,台玻,20,0,20,元富-新店,2023-11-09,5922
3710,連展投控,20,0,20,元富-新店,2023-11-09,5922
2633,台灣高鐵,20,0,20,元富-新店,2023-11-09,5922
5388,中磊,21,3,18,元富-新店,2023-11-09,5922
2408,南亞科,15,0,15,元富-新店,2023-11-09,5922
1618,合機,15,0,15,元富-新店,2023-11-09,5922
00715L,期街口布蘭特正2,14,0,14,元富-新店,2023-11-09,5922
2344,華邦電,14,0,14,元富-新店,2023-11-09,5922
2382,廣達,27,13,14,元富-新店,2023-11-09,5922
6285,啟��,21,8,13,元富-新店,2023-11-09,5922
00919,群益台灣精選高息,14,1,13,元富-新店,2023-11-09,5922
6530,創威,32,20,12,元富-新店,2023-11-09,5922
2888,新光金,16,4,12,元富-新店,2023-11-09,5922
3704,合勤控,12,1,11,元富-新店,2023-11-09,5922
6821,聯寶,12,1,11,元富-新店,2023-11-09,5922
3491,昇達科,11,0,11,元富-新店,2023-11-09,5922
1471,首利,10,0,10,元富-新店,2023-11-09,5922
2614,東森,10,0,10,元富-新店,2023-11-09,5922
4147,中裕,10,0,10,元富-新店,2023-11-09,5922
6191,精成科,10,0,10,元富-新店,2023-11-09,5922
1608,華榮,10,0,10,元富-新店,2023-11-09,5922
1514,亞力,16,6,10,元富-新店,2023-11-09,5922
2331,精英,12,2,10,元富-新店,2023-11-09,5922
8432,東生華,10,0,10,元富-新店,2023-11-09,5922
00725B,國泰投資級公司債,10,0,10,元富-新店,2023-11-09,5922
1605,華新,11,1,10,元富-新店,2023-11-09,5922
00720B,元大投資級公司債,13,3,10,元富-新店,2023-11-09,5922
00679B,元大美債20年,10,0,10,元富-新店,2023-11-09,5922
3014,聯陽,19,10,9,元富-新店,2023-11-09,5922
2002,中鋼,9,0,9,元富-新店,2023-11-09,5922
2314,台揚,10,1,9,元富-新店,2023-11-09,5922
2010,春源,10,2,8,元富-新店,2023-11-09,5922
1584,精剛,8,0,8,元富-新店,2023-11-09,5922
6284,佳邦,9,1,8,元富-新店,2023-11-09,5922
6139,亞翔,13,5,8,元富-新店,2023-11-09,5922
6485,點序,8,0,8,元富-新店,2023-11-09,5922
2388,威盛,11,3,8,元富-新店,2023-11-09,5922
3450,聯鈞,10,3,7,元富-新店,2023-11-09,5922
3376,新日興,21,14,7,元富-新店,2023-11-09,5922
2353,宏��,148,0,148,元富-新店,2023-11-10,5922
2363,矽統,94,29,65,元富-新店,2023-11-10,5922
6016,康和證,62,0,62,元富-新店,2023-11-10,5922
00715L,期街口布蘭特正2,50,0,50,元富-新店,2023-11-10,5922
6143,振曜,50,0,50,元富-新店,2023-11-10,5922
00679B,元大美債20年,46,5,41,元富-新店,2023-11-10,5922
6111,大宇資,37,2,35,元富-新店,2023-11-10,5922
00795B,中信美國公債20年,30,0,30,元富-新店,2023-11-10,5922
00878,國泰永續高股息,36,6,30,元富-新店,2023-11-10,5922
2376,技嘉,36,10,26,元富-新店,2023-11-10,5922
6156,松上,26,0,26,元富-新店,2023-11-10,5922
3231,緯創,86,66,20,元富-新店,2023-11-10,5922
2352,佳世達,29,10,19,元富-新店,2023-11-10,5922
2618,長榮航,20,2,18,元富-新店,2023-11-10,5922
3078,僑威,20,2,18,元富-新店,2023-11-10,5922
3176,基亞,17,0,17,元富-新店,2023-11-10,5922
2329,華泰,52,35,17,元富-新店,2023-11-10,5922
3051,力特,29,12,17,元富-新店,2023-11-10,5922
2888,新光金,25,10,15,元富-新店,2023-11-10,5922
3213,茂訊,14,0,14,元富-新店,2023-11-10,5922
6531,愛普*,14,1,13,元富-新店,2023-11-10,5922
2605,新興,13,0,13,元富-新店,2023-11-10,5922
00720B,元大投資級公司債,13,0,13,元富-新店,2023-11-10,5922
2486,一詮,13,0,13,元富-新店,2023-11-10,5922
1449,佳和,12,0,12,元富-新店,2023-11-10,5922
6005,群益證,12,0,12,元富-新店,2023-11-10,5922
8034,榮群,32,20,12,元富-新店,2023-11-10,5922
00934,中信成長高股息,11,0,11,元富-新店,2023-11-10,5922
00753L,中信中國50正2,11,0,11,元富-新店,2023-11-10,5922
3491,昇達科,11,0,11,元富-新店,2023-11-10,5922
2206,三陽工業,12,1,11,元富-新店,2023-11-10,5922
1582,信錦,11,0,11,元富-新店,2023-11-10,5922
4739,康普,20,10,10,元富-新店,2023-11-10,5922
4967,十銓,19,9,10,元富-新店,2023-11-10,5922
3122,笙泉,13,3,10,元富-新店,2023-11-10,5922
1731,美吾華,20,10,10,元富-新店,2023-11-10,5922
1618,合機,10,0,10,元富-新店,2023-11-10,5922
8358,金居,10,0,10,元富-新店,2023-11-10,5922
2314,台揚,10,0,10,元富-新店,2023-11-10,5922
00900,富邦特選高股息30,9,0,9,元富-新店,2023-11-10,5922
2465,麗臺,11,2,9,元富-新店,2023-11-10,5922
2417,圓剛,9,0,9,元富-新店,2023-11-10,5922
5439,高技,10,1,9,元富-新店,2023-11-10,5922
00751B,元大AAA至A公司債,8,0,8,元富-新店,2023-11-10,5922
00936,台新永續高息中小,8,0,8,元富-新店,2023-11-10,5922
8112,至上,8,0,8,元富-新店,2023-11-10,5922
2331,精英,14,6,8,元富-新店,2023-11-10,5922
1101,台泥,10,2,8,元富-新店,2023-11-10,5922
8150,南茂,10,2,8,元富-新店,2023-11-10,5922
6530,創威,10,2,8,元富-新店,2023-11-10,5922
2313,華通,289,182,107,元富-新店,2023-11-13,5922
00679B,元大美債20年,78,0,78,元富-新店,2023-11-13,5922
00885,富邦越南,35,1,34,元富-新店,2023-11-13,5922
6770,力積電,44,10,34,元富-新店,2023-11-13,5922
2851,中再保,29,0,29,元富-新店,2023-11-13,5922
00929,復華台灣科技優息,41,12,29,元富-新店,2023-11-13,5922
00882,中信中國高股息,27,0,27,元富-新店,2023-11-13,5922
00795B,中信美國公債20年,25,0,25,元富-新店,2023-11-13,5922
8996,高力,26,2,24,元富-新店,2023-11-13,5922
6156,松上,26,2,24,元富-新店,2023-11-13,5922
5381,合正,24,0,24,元富-新店,2023-11-13,5922
2382,廣達,32,10,22,元富-新店,2023-11-13,5922
2402,毅嘉,25,4,21,元富-新店,2023-11-13,5922
8076,伍豐,20,0,20,元富-新店,2023-11-13,5922
2408,南亞科,19,0,19,元富-新店,2023-11-13,5922
2888,新光金,20,1,19,元富-新店,2023-11-13,5922
3450,聯鈞,15,0,15,元富-新店,2023-11-13,5922
00637L,元大滬深300正2,15,0,15,元富-新店,2023-11-13,5922
2734,易飛網,15,0,15,元富-新店,2023-11-13,5922
3588,通嘉,15,1,14,元富-新店,2023-11-13,5922
6438,迅得,18,6,12,元富-新店,2023-11-13,5922
00936,台新永續高息中小,12,1,11,元富-新店,2023-11-13,5922
1314,中石化,10,0,10,元富-新店,2023-11-13,5922
3481,群創,11,1,10,元富-新店,2023-11-13,5922
2369,菱生,44,34,10,元富-新店,2023-11-13,5922
3013,晟銘電,15,5,10,元富-新店,2023-11-13,5922
2852,第一保,10,0,10,元富-新店,2023-11-13,5922
8390,金益鼎,10,0,10,元富-新店,2023-11-13,5922
6538,倉和,10,0,10,元富-新店,2023-11-13,5922
1905,華紙,10,0,10,元富-新店,2023-11-13,5922
00900,富邦特選高股息30,10,1,9,元富-新店,2023-11-13,5922
5225,東科-KY,9,0,9,元富-新店,2023-11-13,5922
00687B,國泰20年美債,9,1,8,元富-新店,2023-11-13,5922
2002,中鋼,8,0,8,元富-新店,2023-11-13,5922
00751B,元大AAA至A公司債,10,2,8,元富-新店,2023-11-13,5922
6290,良維,8,0,8,元富-新店,2023-11-13,5922
3701,大眾控,10,2,8,元富-新店,2023-11-13,5922
3036,文曄,12,5,7,元富-新店,2023-11-13,5922
2352,佳世達,7,0,7,元富-新店,2023-11-13,5922
1720,生達,7,0,7,元富-新店,2023-11-13,5922
6901,鑽石投資,11,4,7,元富-新店,2023-11-13,5922
3652,精聯,7,0,7,元富-新店,2023-11-13,5922
1301,台塑,6,0,6,元富-新店,2023-11-13,5922
2363,矽統,19,13,6,元富-新店,2023-11-13,5922
2528,皇普,6,0,6,元富-新店,2023-11-13,5922
3041,揚智,42,37,5,元富-新店,2023-11-13,5922
9904,寶成,5,0,5,元富-新店,2023-11-13,5922
1455,集盛,5,0,5,元富-新店,2023-11-13,5922
3706,神達,6,1,5,元富-新店,2023-11-13,5922
4102,永日,5,0,5,元富-新店,2023-11-13,5922
1314,中石化,100,0,100,元富-新店,2023-11-14,5922
2303,聯電,71,7,64,元富-新店,2023-11-14,5922
3231,緯創,76,29,47,元富-新店,2023-11-14,5922
2618,長榮航,49,4,45,元富-新店,2023-11-14,5922
00679B,元大美債20年,41,1,40,元富-新店,2023-11-14,5922
3715,定穎投控,44,15,29,元富-新店,2023-11-14,5922
2402,毅嘉,53,26,27,元富-新店,2023-11-14,5922
00933B,國泰10Y+金融債,26,0,26,元富-新店,2023-11-14,5922
00900,富邦特選高股息30,22,0,22,元富-新店,2023-11-14,5922
00919,群益台灣精選高息,25,4,21,元富-新店,2023-11-14,5922
6191,精成科,31,10,21,元富-新店,2023-11-14,5922
00632R,元大台灣50反1,21,0,21,元富-新店,2023-11-14,5922
1504,東元,18,0,18,元富-新店,2023-11-14,5922
2376,技嘉,23,5,18,元富-新店,2023-11-14,5922
5483,中美晶,21,3,18,元富-新店,2023-11-14,5922
1515,力山,22,6,16,元富-新店,2023-11-14,5922
00772B,中信高評級公司債,15,1,14,元富-新店,2023-11-14,5922
2331,精英,18,4,14,元富-新店,2023-11-14,5922
00692,富邦公司治理,13,0,13,元富-新店,2023-11-14,5922
2409,友達,12,0,12,元富-新店,2023-11-14,5922
8076,伍豐,12,0,12,元富-新店,2023-11-14,5922
6156,松上,12,0,12,元富-新店,2023-11-14,5922
00929,復華台灣科技優息,33,21,12,元富-新店,2023-11-14,5922
2884,玉山金,13,2,11,元富-新店,2023-11-14,5922
6182,合晶,12,1,11,元富-新店,2023-11-14,5922
6719,力智,12,1,11,元富-新店,2023-11-14,5922
6111,大宇資,12,1,11,元富-新店,2023-11-14,5922
6901,鑽石投資,13,2,11,元富-新店,2023-11-14,5922
9904,寶成,11,0,11,元富-新店,2023-11-14,5922
3128,昇銳,10,0,10,元富-新店,2023-11-14,5922
8112,至上,11,1,10,元富-新店,2023-11-14,5922
00891,中信關鍵半導體,10,0,10,元富-新店,2023-11-14,5922
3450,聯鈞,23,13,10,元富-新店,2023-11-14,5922
6526,達發,10,0,10,元富-新店,2023-11-14,5922
00722B,群益投資級電信債,10,0,10,元富-新店,2023-11-14,5922
1319,東陽,15,5,10,元富-新店,2023-11-14,5922
2641,正德,10,0,10,元富-新店,2023-11-14,5922
6593,台灣銘板,10,0,10,元富-新店,2023-11-14,5922
2634,漢翔,10,1,9,元富-新店,2023-11-14,5922
2883,凱基金,8,0,8,元富-新店,2023-11-14,5922
00878,國泰永續高股息,46,39,7,元富-新店,2023-11-14,5922
8163,達方,9,2,7,元富-新店,2023-11-14,5922
2356,英業達,7,0,7,元富-新店,2023-11-14,5922
2476,鉅祥,6,0,6,元富-新店,2023-11-14,5922
6691,洋基工程,6,0,6,元富-新店,2023-11-14,5922
6274,台燿,7,2,5,元富-新店,2023-11-14,5922
2515,中工,5,0,5,元富-新店,2023-11-14,5922
1455,集盛,5,0,5,元富-新店,2023-11-14,5922
3548,兆利,13,8,5,元富-新店,2023-11-14,5922
6235,華孚,5,0,5,元富-新店,2023-11-14,5922
2618,長榮航,393,50,343,元富-新店,2023-11-15,5922
00680L,元大美債20正2,104,1,103,元富-新店,2023-11-15,5922
00878,國泰永續高股息,128,72,56,元富-新店,2023-11-15,5922
2880,華南金,59,5,54,元富-新店,2023-11-15,5922
00900,富邦特選高股息30,78,27,51,元富-新店,2023-11-15,5922
2323,中環,48,5,43,元富-新店,2023-11-15,5922
2363,矽統,140,102,38,元富-新店,2023-11-15,5922
2369,菱生,118,80,38,元富-新店,2023-11-15,5922
2501,國建,35,0,35,元富-新店,2023-11-15,5922
2337,旺宏,35,4,31,元富-新店,2023-11-15,5922
5905,南仁湖,30,0,30,元富-新店,2023-11-15,5922
00715L,期街口布蘭特正2,31,2,29,元富-新店,2023-11-15,5922
00632R,元大台灣50反1,35,10,25,元富-新店,2023-11-15,5922
3006,晶豪科,49,26,23,元富-新店,2023-11-15,5922
6139,亞翔,28,6,22,元富-新店,2023-11-15,5922
00923,群益台ESG低碳50,21,1,20,元富-新店,2023-11-15,5922
00919,群益台灣精選高息,18,1,17,元富-新店,2023-11-15,5922
6266,泰詠,20,3,17,元富-新店,2023-11-15,5922
5469,瀚宇博,17,0,17,元富-新店,2023-11-15,5922
6492,生華科,17,1,16,元富-新店,2023-11-15,5922
2317,鴻海,23,8,15,元富-新店,2023-11-15,5922
00891,中信關鍵半導體,21,7,14,元富-新店,2023-11-15,5922
2486,一詮,14,1,13,元富-新店,2023-11-15,5922
2468,華經,12,0,12,元富-新店,2023-11-15,5922
3227,原相,15,3,12,元富-新店,2023-11-15,5922
3032,偉訓,11,0,11,元富-新店,2023-11-15,5922
3176,基亞,14,3,11,元富-新店,2023-11-15,5922
2201,裕隆,11,0,11,元富-新店,2023-11-15,5922
1720,生達,10,0,10,元富-新店,2023-11-15,5922
2371,大同,112,102,10,元富-新店,2023-11-15,5922
3276,宇環,20,10,10,元富-新店,2023-11-15,5922
2359,所羅門,10,0,10,元富-新店,2023-11-15,5922
2313,華通,31,21,10,元富-新店,2023-11-15,5922
6231,系微,12,2,10,元富-新店,2023-11-15,5922
3081,聯亞,10,0,10,元富-新店,2023-11-15,5922
2884,玉山金,11,1,10,元富-新店,2023-11-15,5922
3450,聯鈞,15,6,9,元富-新店,2023-11-15,5922
2353,宏��,13,4,9,元富-新店,2023-11-15,5922
1815,富喬,18,9,9,元富-新店,2023-11-15,5922
4108,懷特,9,0,9,元富-新店,2023-11-15,5922
3704,合勤控,8,0,8,元富-新店,2023-11-15,5922
1905,華紙,9,1,8,元富-新店,2023-11-15,5922
8936,國統,7,0,7,元富-新店,2023-11-15,5922
2101,南港,8,1,7,元富-新店,2023-11-15,5922
2439,美律,11,4,7,元富-新店,2023-11-15,5922
0050,元大台灣50,10,3,7,元富-新店,2023-11-15,5922
2355,敬鵬,8,2,6,元富-新店,2023-11-15,5922
5302,太欣,6,0,6,元富-新店,2023-11-15,5922
6148,驊宏資,6,0,6,元富-新店,2023-11-15,5922
6237,驊訊,9,3,6,元富-新店,2023-11-15,5922
2812,台中銀,462,10,452,元富-新店,2023-11-16,5922
2353,宏��,256,13,243,元富-新店,2023-11-16,5922
00632R,元大台灣50反1,125,0,125,元富-新店,2023-11-16,5922
00878,國泰永續高股息,67,9,58,元富-新店,2023-11-16,5922
00679B,元大美債20年,48,0,48,元富-新店,2023-11-16,5922
3231,緯創,56,13,43,元富-新店,2023-11-16,5922
6451,訊芯-KY,51,9,42,元富-新店,2023-11-16,5922
6156,松上,50,16,34,元富-新店,2023-11-16,5922
6770,力積電,34,3,31,元富-新店,2023-11-16,5922
2329,華泰,75,47,28,元富-新店,2023-11-16,5922
5340,建榮,26,1,25,元富-新店,2023-11-16,5922
2880,華南金,22,0,22,元富-新店,2023-11-16,5922
00637L,元大滬深300正2,23,2,21,元富-新店,2023-11-16,5922
5521,工信,20,0,20,元富-新店,2023-11-16,5922
2516,新建,60,40,20,元富-新店,2023-11-16,5922
6593,台灣銘板,26,6,20,元富-新店,2023-11-16,5922
6127,九豪,20,0,20,元富-新店,2023-11-16,5922
3227,原相,20,0,20,元富-新店,2023-11-16,5922
2352,佳世達,18,0,18,元富-新店,2023-11-16,5922
2376,技嘉,28,10,18,元富-新店,2023-11-16,5922
2417,圓剛,152,135,17,元富-新店,2023-11-16,5922
2705,六福,20,4,16,元富-新店,2023-11-16,5922
00655L,國泰中國A50正2,16,0,16,元富-新店,2023-11-16,5922
2611,志信,15,0,15,元富-新店,2023-11-16,5922
2420,新巨,14,0,14,元富-新店,2023-11-16,5922
4909,新復興,16,3,13,元富-新店,2023-11-16,5922
5302,太欣,35,22,13,元富-新店,2023-11-16,5922
00795B,中信美國公債20年,13,0,13,元富-新店,2023-11-16,5922
3363,上詮,20,7,13,元富-新店,2023-11-16,5922
6139,亞翔,14,4,10,元富-新店,2023-11-16,5922
2834,臺企銀,10,0,10,元富-新店,2023-11-16,5922
00687B,國泰20年美債,10,0,10,元富-新店,2023-11-16,5922
00885,富邦越南,10,0,10,元富-新店,2023-11-16,5922
6290,良維,11,1,10,元富-新店,2023-11-16,5922
6128,上福,9,0,9,元富-新店,2023-11-16,5922
2027,大成鋼,15,6,9,元富-新店,2023-11-16,5922
00888,永豐台灣ESG,8,0,8,元富-新店,2023-11-16,5922
2734,易飛網,8,0,8,元富-新店,2023-11-16,5922
00720B,元大投資級公司債,8,0,8,元富-新店,2023-11-16,5922
2106,建大,13,5,8,元富-新店,2023-11-16,5922
00715L,期街口布蘭特正2,8,0,8,元富-新店,2023-11-16,5922
00680L,元大美債20正2,8,0,8,元富-新店,2023-11-16,5922
8074,鉅橡,8,0,8,元富-新店,2023-11-16,5922
3149,正達,8,0,8,元富-新店,2023-11-16,5922
006208,富邦台50,9,1,8,元富-新店,2023-11-16,5922
3036,文曄,8,1,7,元富-新店,2023-11-16,5922
3021,鴻名,7,0,7,元富-新店,2023-11-16,5922
2388,威盛,12,6,6,元富-新店,2023-11-16,5922
2852,第一保,6,0,6,元富-新店,2023-11-16,5922
8112,至上,6,0,6,元富-新店,2023-11-16,5922
2371,大同,330,0,330,元富-新店,2023-11-17,5922
2610,華航,149,41,108,元富-新店,2023-11-17,5922
2486,一詮,105,4,101,元富-新店,2023-11-17,5922
00637L,元大滬深300正2,92,0,92,元富-新店,2023-11-17,5922
00715L,期街口布蘭特正2,59,0,59,元富-新店,2023-11-17,5922
00712,復華富時不動產,56,4,52,元富-新店,2023-11-17,5922
3363,上詮,45,3,42,元富-新店,2023-11-17,5922
6125,廣運,37,2,35,元富-新店,2023-11-17,5922
00687B,國泰20年美債,34,0,34,元富-新店,2023-11-17,5922
00882,中信中國高股息,32,0,32,元富-新店,2023-11-17,5922
00915,凱基優選高股息30,31,0,31,元富-新店,2023-11-17,5922
2363,矽統,58,31,27,元富-新店,2023-11-17,5922
6901,鑽石投資,28,1,27,元富-新店,2023-11-17,5922
6781,AES-KY,25,0,25,元富-新店,2023-11-17,5922
2498,宏達電,30,6,24,元富-新店,2023-11-17,5922
0056,元大高股息,29,6,23,元富-新店,2023-11-17,5922
00680L,元大美債20正2,23,0,23,元富-新店,2023-11-17,5922
2382,廣達,30,7,23,元富-新店,2023-11-17,5922
00922,國泰台灣領袖50,20,0,20,元富-新店,2023-11-17,5922
2376,技嘉,19,4,15,元富-新店,2023-11-17,5922
6148,驊宏資,15,0,15,元富-新店,2023-11-17,5922
1455,集盛,15,0,15,元富-新店,2023-11-17,5922
3372,典範,16,1,15,元富-新店,2023-11-17,5922
6237,驊訊,21,7,14,元富-新店,2023-11-17,5922
2201,裕隆,18,5,13,元富-新店,2023-11-17,5922
6770,力積電,18,6,12,元富-新店,2023-11-17,5922
2443,昶虹,12,0,12,元富-新店,2023-11-17,5922
5469,瀚宇博,11,0,11,元富-新店,2023-11-17,5922
1582,信錦,13,2,11,元富-新店,2023-11-17,5922
00919,群益台灣精選高息,11,0,11,元富-新店,2023-11-17,5922
00878,國泰永續高股息,21,11,10,元富-新店,2023-11-17,5922
5439,高技,11,1,10,元富-新店,2023-11-17,5922
3032,偉訓,10,0,10,元富-新店,2023-11-17,5922
2002,中鋼,11,1,10,元富-新店,2023-11-17,5922
4533,協易機,15,5,10,元富-新店,2023-11-17,5922
4128,中天,10,0,10,元富-新店,2023-11-17,5922
6108,競國,10,0,10,元富-新店,2023-11-17,5922
3028,增你強,10,0,10,元富-新店,2023-11-17,5922
6191,精成科,21,11,10,元富-新店,2023-11-17,5922
5328,華容,20,10,10,元富-新店,2023-11-17,5922
8028,昇陽半導體,10,0,10,元富-新店,2023-11-17,5922
3231,緯創,27,18,9,元富-新店,2023-11-17,5922
4979,華星光,10,1,9,元富-新店,2023-11-17,5922
2436,偉詮電,9,0,9,元富-新店,2023-11-17,5922
3260,威剛,14,5,9,元富-新店,2023-11-17,5922
00931B,統一美債20年,8,0,8,元富-新店,2023-11-17,5922
6515,穎崴,8,0,8,元富-新店,2023-11-17,5922
1308,亞聚,8,0,8,元富-新店,2023-11-17,5922
2609,陽明,15,7,8,元富-新店,2023-11-17,5922
3702,大聯大,15,7,8,元富-新店,2023-11-17,5922
00632R,元大台灣50反1,250,1,249,元富-新店,2023-11-20,5922
5533,皇鼎,216,0,216,元富-新店,2023-11-20,5922
2882,國泰金,100,0,100,元富-新店,2023-11-20,5922
2881,富邦金,100,0,100,元富-新店,2023-11-20,5922
00679B,元大美債20年,112,20,92,元富-新店,2023-11-20,5922
00885,富邦越南,77,1,76,元富-新店,2023-11-20,5922
2258,鴻華先進-創,74,0,74,元富-新店,2023-11-20,5922
2547,日勝生,65,1,64,元富-新店,2023-11-20,5922
00892,富邦台灣半導體,60,0,60,元富-新店,2023-11-20,5922
00929,復華台灣科技優息,85,35,50,元富-新店,2023-11-20,5922
2892,第一金,51,10,41,元富-新店,2023-11-20,5922
2486,一詮,56,15,41,元富-新店,2023-11-20,5922
3231,緯創,84,47,37,元富-新店,2023-11-20,5922
00751B,元大AAA至A公司債,33,0,33,元富-新店,2023-11-20,5922
2355,敬鵬,95,66,29,元富-新店,2023-11-20,5922
2332,友訊,28,0,28,元富-新店,2023-11-20,5922
2417,圓剛,33,5,28,元富-新店,2023-11-20,5922
1460,宏遠,23,0,23,元富-新店,2023-11-20,5922
2618,長榮航,76,54,22,元富-新店,2023-11-20,5922
3363,上詮,23,1,22,元富-新店,2023-11-20,5922
2329,華泰,23,1,22,元富-新店,2023-11-20,5922
2371,大同,21,0,21,元富-新店,2023-11-20,5922
00687B,國泰20年美債,20,0,20,元富-新店,2023-11-20,5922
5328,華容,20,0,20,元富-新店,2023-11-20,5922
00935,野村臺灣新科技50,20,0,20,元富-新店,2023-11-20,5922
8213,志超,20,2,18,元富-新店,2023-11-20,5922
1598,岱宇,19,1,18,元富-新店,2023-11-20,5922
3702,大聯大,16,1,15,元富-新店,2023-11-20,5922
2451,創見,16,1,15,元富-新店,2023-11-20,5922
2449,京元電子,20,5,15,元富-新店,2023-11-20,5922
5009,榮剛,15,1,14,元富-新店,2023-11-20,5922
00795B,中信美國公債20年,13,0,13,元富-新店,2023-11-20,5922
5289,宜鼎,16,3,13,元富-新店,2023-11-20,5922
2748,雲品,13,0,13,元富-新店,2023-11-20,5922
2201,裕隆,29,17,12,元富-新店,2023-11-20,5922
2337,旺宏,12,0,12,元富-新店,2023-11-20,5922
00690,兆豐藍籌30,12,0,12,元富-新店,2023-11-20,5922
4728,雙美,12,0,12,元富-新店,2023-11-20,5922
2369,菱生,21,9,12,元富-新店,2023-11-20,5922
00882,中信中國高股息,12,0,12,元富-新店,2023-11-20,5922
6168,宏齊,35,23,12,元富-新店,2023-11-20,5922
5483,中美晶,14,2,12,元富-新店,2023-11-20,5922
3622,洋華,11,0,11,元富-新店,2023-11-20,5922
00772B,中信高評級公司債,11,0,11,元富-新店,2023-11-20,5922
8040,九暘,11,0,11,元富-新店,2023-11-20,5922
8227,巨有科技,14,3,11,元富-新店,2023-11-20,5922
2731,雄獅,14,4,10,元富-新店,2023-11-20,5922
3105,穩懋,19,9,10,元富-新店,2023-11-20,5922
4909,新復興,10,0,10,元富-新店,2023-11-20,5922
3701,大眾控,15,5,10,元富-新店,2023-11-20,5922
2618,長榮航,108,23,85,元富-新店,2023-11-21,5922
5521,工信,75,2,73,元富-新店,2023-11-21,5922
3105,穩懋,49,2,47,元富-新店,2023-11-21,5922
2801,彰銀,45,0,45,元富-新店,2023-11-21,5922
2486,一詮,43,1,42,元富-新店,2023-11-21,5922
2520,冠德,40,0,40,元富-新店,2023-11-21,5922
2882,國泰金,47,9,38,元富-新店,2023-11-21,5922
6275,元山,47,12,35,元富-新店,2023-11-21,5922
3363,上詮,39,6,33,元富-新店,2023-11-21,5922
00878,國泰永續高股息,48,17,31,元富-新店,2023-11-21,5922
2313,華通,90,60,30,元富-新店,2023-11-21,5922
3322,建舜電,30,2,28,元富-新店,2023-11-21,5922
6191,精成科,26,2,24,元富-新店,2023-11-21,5922
1522,堤維西,23,1,22,元富-新店,2023-11-21,5922
1460,宏遠,29,8,21,元富-新店,2023-11-21,5922
00687B,國泰20年美債,18,0,18,元富-新店,2023-11-21,5922
3583,辛耘,22,4,18,元富-新店,2023-11-21,5922
3257,虹冠電,17,0,17,元富-新店,2023-11-21,5922
3483,力致,44,29,15,元富-新店,2023-11-21,5922
2314,台揚,17,3,14,元富-新店,2023-11-21,5922
3059,華晶科,32,18,14,元富-新店,2023-11-21,5922
3715,定穎投控,17,3,14,元富-新店,2023-11-21,5922
2543,皇昌,13,0,13,元富-新店,2023-11-21,5922
6811,宏�硌穈T,13,0,13,元富-新店,2023-11-21,5922
00712,復華富時不動產,13,0,13,元富-新店,2023-11-21,5922
5351,鈺創,72,59,13,元富-新店,2023-11-21,5922
2376,技嘉,34,21,13,元富-新店,2023-11-21,5922
3376,新日興,16,4,12,元富-新店,2023-11-21,5922
2484,希華,12,0,12,元富-新店,2023-11-21,5922
8289,泰藝,24,12,12,元富-新店,2023-11-21,5922
3011,今皓,11,0,11,元富-新店,2023-11-21,5922
5483,中美晶,13,2,11,元富-新店,2023-11-21,5922
6129,普誠,11,0,11,元富-新店,2023-11-21,5922
2401,凌陽,18,7,11,元富-新店,2023-11-21,5922
1440,南紡,10,0,10,元富-新店,2023-11-21,5922
4915,致伸,10,0,10,元富-新店,2023-11-21,5922
4953,緯軟,10,0,10,元富-新店,2023-11-21,5922
1217,愛之味,10,0,10,元富-新店,2023-11-21,5922
2354,鴻準,10,0,10,元富-新店,2023-11-21,5922
3652,精聯,10,0,10,元富-新店,2023-11-21,5922
9105,泰金寶-DR,10,0,10,元富-新店,2023-11-21,5922
8358,金居,10,0,10,元富-新店,2023-11-21,5922
6194,育富,10,0,10,元富-新店,2023-11-21,5922
8112,至上,10,0,10,元富-新店,2023-11-21,5922
00933B,國泰10Y+金融債,10,0,10,元富-新店,2023-11-21,5922
00688L,國泰20年美債正2,10,0,10,元富-新店,2023-11-21,5922
2605,新興,10,0,10,元富-新店,2023-11-21,5922
2457,飛宏,10,0,10,元富-新店,2023-11-21,5922
2388,威盛,19,10,9,元富-新店,2023-11-21,5922
2436,偉詮電,10,1,9,元富-新店,2023-11-21,5922
2501,國建,350,0,350,元富-新店,2023-11-22,5922
2881,富邦金,167,1,166,元富-新店,2023-11-22,5922
2353,宏��,130,0,130,元富-新店,2023-11-22,5922
00637L,元大滬深300正2,119,0,119,元富-新店,2023-11-22,5922
3231,緯創,125,42,83,元富-新店,2023-11-22,5922
2356,英業達,75,23,52,元富-新店,2023-11-22,5922
00888,永豐台灣ESG,51,0,51,元富-新店,2023-11-22,5922
2436,偉詮電,67,17,50,元富-新店,2023-11-22,5922
2303,聯電,57,18,39,元富-新店,2023-11-22,5922
2516,新建,35,1,34,元富-新店,2023-11-22,5922
00751B,元大AAA至A公司債,32,0,32,元富-新店,2023-11-22,5922
3033,威健,31,0,31,元富-新店,2023-11-22,5922
0056,元大高股息,27,0,27,元富-新店,2023-11-22,5922
00919,群益台灣精選高息,25,0,25,元富-新店,2023-11-22,5922
2382,廣達,27,3,24,元富-新店,2023-11-22,5922
00936,台新永續高息中小,21,0,21,元富-新店,2023-11-22,5922
6156,松上,21,0,21,元富-新店,2023-11-22,5922
3694,海華,21,1,20,元富-新店,2023-11-22,5922
6799,來頡,26,7,19,元富-新店,2023-11-22,5922
2405,輔信,145,126,19,元富-新店,2023-11-22,5922
00878,國泰永續高股息,48,29,19,元富-新店,2023-11-22,5922
00905,FT臺灣Smart,18,0,18,元富-新店,2023-11-22,5922
1449,佳和,18,0,18,元富-新店,2023-11-22,5922
3325,旭品,52,34,18,元富-新店,2023-11-22,5922
2201,裕隆,21,5,16,元富-新店,2023-11-22,5922
3122,笙泉,26,10,16,元富-新店,2023-11-22,5922
1455,集盛,15,0,15,元富-新店,2023-11-22,5922
00687B,國泰20年美債,15,0,15,元富-新店,2023-11-22,5922
4543,萬在,23,8,15,元富-新店,2023-11-22,5922
3016,嘉晶,20,5,15,元富-新店,2023-11-22,5922
00882,中信中國高股息,15,0,15,元富-新店,2023-11-22,5922
2317,鴻海,28,14,14,元富-新店,2023-11-22,5922
3047,訊舟,41,28,13,元富-新店,2023-11-22,5922
2427,三商電,18,6,12,元富-新店,2023-11-22,5922
2371,大同,12,0,12,元富-新店,2023-11-22,5922
2376,技嘉,20,8,12,元富-新店,2023-11-22,5922
6284,佳邦,18,7,11,元富-新店,2023-11-22,5922
2313,華通,31,20,11,元富-新店,2023-11-22,5922
6290,良維,11,0,11,元富-新店,2023-11-22,5922
2457,飛宏,11,0,11,元富-新店,2023-11-22,5922
2301,光寶科,13,3,10,元富-新店,2023-11-22,5922
4968,立積,11,1,10,元富-新店,2023-11-22,5922
1734,杏輝,10,0,10,元富-新店,2023-11-22,5922
4933,友輝,10,0,10,元富-新店,2023-11-22,5922
6695,芯鼎,23,13,10,元富-新店,2023-11-22,5922
6261,久元,10,0,10,元富-新店,2023-11-22,5922
3163,波若威,12,2,10,元富-新店,2023-11-22,5922
6198,瑞築,10,0,10,元富-新店,2023-11-22,5922
3094,聯傑,21,11,10,元富-新店,2023-11-22,5922
6233,旺玖,13,4,9,元富-新店,2023-11-22,5922
2881,富邦金,135,0,135,元富-新店,2023-11-23,5922
5515,建國,217,95,122,元富-新店,2023-11-23,5922
2886,兆豐金,100,3,97,元富-新店,2023-11-23,5922
2516,新建,93,1,92,元富-新店,2023-11-23,5922
00632R,元大台灣50反1,90,2,88,元富-新店,2023-11-23,5922
2892,第一金,103,16,87,元富-新店,2023-11-23,5922
2618,長榮航,137,54,83,元富-新店,2023-11-23,5922
2104,國際中橡,75,0,75,元富-新店,2023-11-23,5922
00637L,元大滬深300正2,55,0,55,元富-新店,2023-11-23,5922
4714,永捷,48,0,48,元富-新店,2023-11-23,5922
3231,緯創,63,19,44,元富-新店,2023-11-23,5922
2880,華南金,50,10,40,元富-新店,2023-11-23,5922
1101,台泥,32,0,32,元富-新店,2023-11-23,5922
6695,芯鼎,38,7,31,元富-新店,2023-11-23,5922
3105,穩懋,39,9,30,元富-新店,2023-11-23,5922
5302,太欣,48,21,27,元富-新店,2023-11-23,5922
2388,威盛,46,21,25,元富-新店,2023-11-23,5922
3037,欣興,27,5,22,元富-新店,2023-11-23,5922
6266,泰詠,27,6,21,元富-新店,2023-11-23,5922
3450,聯鈞,37,16,21,元富-新店,2023-11-23,5922
6194,育富,21,0,21,元富-新店,2023-11-23,5922
00919,群益台灣精選高息,20,0,20,元富-新店,2023-11-23,5922
2891,中信金,25,5,20,元富-新店,2023-11-23,5922
3058,立德,22,2,20,元富-新店,2023-11-23,5922
6226,光鼎,20,0,20,元富-新店,2023-11-23,5922
2363,矽統,43,24,19,元富-新店,2023-11-23,5922
00878,國泰永續高股息,20,2,18,元富-新店,2023-11-23,5922
0056,元大高股息,16,1,15,元富-新店,2023-11-23,5922
3515,華擎,17,2,15,元富-新店,2023-11-23,5922
2417,圓剛,32,17,15,元富-新店,2023-11-23,5922
6530,創威,18,4,14,元富-新店,2023-11-23,5922
6127,九豪,18,5,13,元富-新店,2023-11-23,5922
2606,裕民,12,0,12,元富-新店,2023-11-23,5922
2852,第一保,12,0,12,元富-新店,2023-11-23,5922
6901,鑽石投資,15,3,12,元富-新店,2023-11-23,5922
4960,誠美材,11,0,11,元富-新店,2023-11-23,5922
3703,欣陸,16,5,11,元富-新店,2023-11-23,5922
2002,中鋼,30,20,10,元富-新店,2023-11-23,5922
00882,中信中國高股息,10,0,10,元富-新店,2023-11-23,5922
1455,集盛,10,0,10,元富-新店,2023-11-23,5922
2885,元大金,10,0,10,元富-新店,2023-11-23,5922
3622,洋華,10,0,10,元富-新店,2023-11-23,5922
00635U,期元大S＆P黃金,10,0,10,元富-新店,2023-11-23,5922
8054,安國,37,27,10,元富-新店,2023-11-23,5922
3712,永崴投控,10,0,10,元富-新店,2023-11-23,5922
8261,富鼎,11,1,10,元富-新店,2023-11-23,5922
8390,金益鼎,10,0,10,元富-新店,2023-11-23,5922
2439,美律,11,1,10,元富-新店,2023-11-23,5922
6405,悅城,9,0,9,元富-新店,2023-11-23,5922
1503,士電,11,2,9,元富-新店,2023-11-23,5922
00632R,元大台灣50反1,100,0,100,元富-新店,2023-11-24,5922
2886,兆豐金,54,0,54,元富-新店,2023-11-24,5922
00720B,元大投資級公司債,53,0,53,元富-新店,2023-11-24,5922
2344,華邦電,54,1,53,元富-新店,2023-11-24,5922
2892,第一金,50,2,48,元富-新店,2023-11-24,5922
00637L,元大滬深300正2,47,3,44,元富-新店,2023-11-24,5922
3706,神達,37,1,36,元富-新店,2023-11-24,5922
6129,普誠,32,0,32,元富-新店,2023-11-24,5922
6829,千附精密,32,0,32,元富-新店,2023-11-24,5922
3701,大眾控,32,0,32,元富-新店,2023-11-24,5922
2618,長榮航,83,52,31,元富-新店,2023-11-24,5922
00679B,元大美債20年,29,0,29,元富-新店,2023-11-24,5922
00878,國泰永續高股息,26,0,26,元富-新店,2023-11-24,5922
2356,英業達,29,4,25,元富-新店,2023-11-24,5922
2301,光寶科,24,1,23,元富-新店,2023-11-24,5922
2610,華航,28,5,23,元富-新店,2023-11-24,5922
6168,宏齊,23,1,22,元富-新店,2023-11-24,5922
3176,基亞,24,3,21,元富-新店,2023-11-24,5922
6104,創惟,64,46,18,元富-新店,2023-11-24,5922
00885,富邦越南,28,10,18,元富-新店,2023-11-24,5922
3006,晶豪科,34,17,17,元富-新店,2023-11-24,5922
2641,正德,16,0,16,元富-新店,2023-11-24,5922
1455,集盛,14,0,14,元富-新店,2023-11-24,5922
3450,聯鈞,15,1,14,元富-新店,2023-11-24,5922
2330,台積電,13,0,13,元富-新店,2023-11-24,5922
00687B,國泰20年美債,13,0,13,元富-新店,2023-11-24,5922
3088,艾訊,13,0,13,元富-新店,2023-11-24,5922
1605,華新,20,8,12,元富-新店,2023-11-24,5922
3260,威剛,18,6,12,元富-新店,2023-11-24,5922
5351,鈺創,30,18,12,元富-新店,2023-11-24,5922
2382,廣達,14,3,11,元富-新店,2023-11-24,5922
2312,金寶,12,1,11,元富-新店,2023-11-24,5922
00923,群益台ESG低碳50,11,1,10,元富-新店,2023-11-24,5922
00680L,元大美債20正2,10,0,10,元富-新店,2023-11-24,5922
5225,東科-KY,10,0,10,元富-新店,2023-11-24,5922
00688L,國泰20年美債正2,10,0,10,元富-新店,2023-11-24,5922
2317,鴻海,14,4,10,元富-新店,2023-11-24,5922
8996,高力,13,4,9,元富-新店,2023-11-24,5922
2492,華新科,16,7,9,元富-新店,2023-11-24,5922
6191,精成科,11,2,9,元富-新店,2023-11-24,5922
6198,瑞築,8,0,8,元富-新店,2023-11-24,5922
2891,中信金,9,2,7,元富-新店,2023-11-24,5922
5347,世界,19,12,7,元富-新店,2023-11-24,5922
1503,士電,13,6,7,元富-新店,2023-11-24,5922
1471,首利,7,0,7,元富-新店,2023-11-24,5922
00934,中信成長高股息,10,3,7,元富-新店,2023-11-24,5922
2352,佳世達,7,0,7,元富-新店,2023-11-24,5922
1316,上曜,7,0,7,元富-新店,2023-11-24,5922
6233,旺玖,6,0,6,元富-新店,2023-11-24,5922
5202,力新,6,0,6,元富-新店,2023-11-24,5922
2303,聯電,163,22,141,元富-新店,2023-11-27,5922
2883,凱基金,119,26,93,元富-新店,2023-11-27,5922
00632R,元大台灣50反1,110,36,74,元富-新店,2023-11-27,5922
2344,華邦電,65,6,59,元富-新店,2023-11-27,5922
00637L,元大滬深300正2,57,0,57,元富-新店,2023-11-27,5922
2382,廣達,71,16,55,元富-新店,2023-11-27,5922
2486,一詮,94,43,51,元富-新店,2023-11-27,5922
2617,台航,50,5,45,元富-新店,2023-11-27,5922
2641,正德,45,3,42,元富-新店,2023-11-27,5922
2801,彰銀,40,0,40,元富-新店,2023-11-27,5922
2371,大同,75,38,37,元富-新店,2023-11-27,5922
00929,復華台灣科技優息,57,25,32,元富-新店,2023-11-27,5922
00687B,國泰20年美債,32,0,32,元富-新店,2023-11-27,5922
00919,群益台灣精選高息,30,1,29,元富-新店,2023-11-27,5922
2618,長榮航,26,1,25,元富-新店,2023-11-27,5922
00753L,中信中國50正2,25,0,25,元富-新店,2023-11-27,5922
2436,偉詮電,26,3,23,元富-新店,2023-11-27,5922
6451,訊芯-KY,20,0,20,元富-新店,2023-11-27,5922
00878,國泰永續高股息,24,4,20,元富-新店,2023-11-27,5922
00882,中信中國高股息,39,20,19,元富-新店,2023-11-27,5922
00679B,元大美債20年,18,0,18,元富-新店,2023-11-27,5922
6235,華孚,38,20,18,元富-新店,2023-11-27,5922
8086,宏捷科,27,11,16,元富-新店,2023-11-27,5922
00888,永豐台灣ESG,16,0,16,元富-新店,2023-11-27,5922
8033,雷虎,20,4,16,元富-新店,2023-11-27,5922
6127,九豪,15,0,15,元富-新店,2023-11-27,5922
2457,飛宏,28,15,13,元富-新店,2023-11-27,5922
8054,安國,29,16,13,元富-新店,2023-11-27,5922
2356,英業達,15,3,12,元富-新店,2023-11-27,5922
00795B,中信美國公債20年,12,0,12,元富-新店,2023-11-27,5922
6274,台燿,14,3,11,元富-新店,2023-11-27,5922
2408,南亞科,11,0,11,元富-新店,2023-11-27,5922
2108,南帝,12,1,11,元富-新店,2023-11-27,5922
3231,緯創,59,48,11,元富-新店,2023-11-27,5922
3088,艾訊,11,0,11,元富-新店,2023-11-27,5922
3712,永崴投控,10,0,10,元富-新店,2023-11-27,5922
3260,威剛,10,0,10,元富-新店,2023-11-27,5922
3021,鴻名,10,0,10,元富-新店,2023-11-27,5922
3122,笙泉,10,0,10,元富-新店,2023-11-27,5922
4106,雃博,10,0,10,元富-新店,2023-11-27,5922
1795,美時,19,9,10,元富-新店,2023-11-27,5922
3006,晶豪科,13,4,9,元富-新店,2023-11-27,5922
2312,金寶,9,0,9,元富-新店,2023-11-27,5922
00893,國泰智能電動車,9,0,9,元富-新店,2023-11-27,5922
2881,富邦金,20,12,8,元富-新店,2023-11-27,5922
2889,國票金,8,0,8,元富-新店,2023-11-27,5922
2426,鼎元,8,0,8,元富-新店,2023-11-27,5922
2492,華新科,8,0,8,元富-新店,2023-11-27,5922
3701,大眾控,12,4,8,元富-新店,2023-11-27,5922
3189,景碩,13,5,8,元富-新店,2023-11-27,5922
2409,友達,121,1,120,元富-新店,2023-11-28,5922
4714,永捷,110,3,107,元富-新店,2023-11-28,5922
00885,富邦越南,83,0,83,元富-新店,2023-11-28,5922
2303,聯電,83,16,67,元富-新店,2023-11-28,5922
3450,聯鈞,52,2,50,元富-新店,2023-11-28,5922
00882,中信中國高股息,38,0,38,元富-新店,2023-11-28,5922
1720,生達,33,1,32,元富-新店,2023-11-28,5922
2606,裕民,105,75,30,元富-新店,2023-11-28,5922
00715L,期街口布蘭特正2,27,0,27,元富-新店,2023-11-28,5922
3122,笙泉,38,11,27,元富-新店,2023-11-28,5922
00712,復華富時不動產,27,0,27,元富-新店,2023-11-28,5922
2492,華新科,36,9,27,元富-新店,2023-11-28,5922
2405,輔信,31,5,26,元富-新店,2023-11-28,5922
2880,華南金,30,4,26,元富-新店,2023-11-28,5922
4114,健喬,75,50,25,元富-新店,2023-11-28,5922
2883,凱基金,58,35,23,元富-新店,2023-11-28,5922
00720B,元大投資級公司債,19,0,19,元富-新店,2023-11-28,5922
5347,世界,22,4,18,元富-新店,2023-11-28,5922
1101,台泥,30,12,18,元富-新店,2023-11-28,5922
2449,京元電子,18,0,18,元富-新店,2023-11-28,5922
6901,鑽石投資,17,0,17,元富-新店,2023-11-28,5922
2851,中再保,15,0,15,元富-新店,2023-11-28,5922
00680L,元大美債20正2,15,0,15,元富-新店,2023-11-28,5922
6282,康舒,18,5,13,元富-新店,2023-11-28,5922
3325,旭品,13,1,12,元富-新店,2023-11-28,5922
2376,技嘉,18,6,12,元富-新店,2023-11-28,5922
2801,彰銀,11,0,11,元富-新店,2023-11-28,5922
2618,長榮航,20,9,11,元富-新店,2023-11-28,5922
2812,台中銀,12,1,11,元富-新店,2023-11-28,5922
00933B,國泰10Y+金融債,13,3,10,元富-新店,2023-11-28,5922
4942,嘉彰,10,0,10,元富-新店,2023-11-28,5922
2258,鴻華先進-創,10,0,10,元富-新店,2023-11-28,5922
00931B,統一美債20年,10,0,10,元富-新店,2023-11-28,5922
3033,威健,10,0,10,元富-新店,2023-11-28,5922
2354,鴻準,10,1,9,元富-新店,2023-11-28,5922
2388,威盛,27,18,9,元富-新店,2023-11-28,5922
2441,超豐,10,1,9,元富-新店,2023-11-28,5922
2101,南港,9,0,9,元富-新店,2023-11-28,5922
2355,敬鵬,14,5,9,元富-新店,2023-11-28,5922
2390,云辰,9,0,9,元富-新店,2023-11-28,5922
3362,先進光,10,1,9,元富-新店,2023-11-28,5922
2612,中航,13,5,8,元富-新店,2023-11-28,5922
00637L,元大滬深300正2,9,1,8,元富-新店,2023-11-28,5922
3481,群創,10,2,8,元富-新店,2023-11-28,5922
4919,新唐,12,5,7,元富-新店,2023-11-28,5922
2850,新產,7,0,7,元富-新店,2023-11-28,5922
00632R,元大台灣50反1,17,10,7,元富-新店,2023-11-28,5922
2610,華航,10,3,7,元富-新店,2023-11-28,5922
6182,合晶,10,3,7,元富-新店,2023-11-28,5922
4532,瑞智,7,0,7,元富-新店,2023-11-28,5922
00882,中信中國高股息,142,2,140,元富-新店,2023-11-29,5922
4714,永捷,108,20,88,元富-新店,2023-11-29,5922
00688L,國泰20年美債正2,55,0,55,元富-新店,2023-11-29,5922
2886,兆豐金,50,1,49,元富-新店,2023-11-29,5922
1616,億泰,40,0,40,元富-新店,2023-11-29,5922
3231,緯創,82,50,32,元富-新店,2023-11-29,5922
4956,光鋐,31,0,31,元富-新店,2023-11-29,5922
5469,瀚宇博,30,0,30,元富-新店,2023-11-29,5922
00753L,中信中國50正2,29,2,27,元富-新店,2023-11-29,5922
2371,大同,29,2,27,元富-新店,2023-11-29,5922
2409,友達,27,1,26,元富-新店,2023-11-29,5922
00637L,元大滬深300正2,26,1,25,元富-新店,2023-11-29,5922
4915,致伸,24,0,24,元富-新店,2023-11-29,5922
2313,華通,126,104,22,元富-新店,2023-11-29,5922
1449,佳和,22,0,22,元富-新店,2023-11-29,5922
00680L,元大美債20正2,20,2,18,元富-新店,2023-11-29,5922
2363,矽統,49,31,18,元富-新店,2023-11-29,5922
3705,永信,16,0,16,元富-新店,2023-11-29,5922
6269,台郡,16,0,16,元富-新店,2023-11-29,5922
3227,原相,31,15,16,元富-新店,2023-11-29,5922
6274,台燿,19,4,15,元富-新店,2023-11-29,5922
00934,中信成長高股息,15,0,15,元富-新店,2023-11-29,5922
6127,九豪,26,11,15,元富-新店,2023-11-29,5922
3055,蔚華科,34,19,15,元富-新店,2023-11-29,5922
2610,華航,19,5,14,元富-新店,2023-11-29,5922
6235,華孚,16,2,14,元富-新店,2023-11-29,5922
8936,國統,16,3,13,元富-新店,2023-11-29,5922
1514,亞力,14,2,12,元富-新店,2023-11-29,5922
1513,中興電,21,9,12,元富-新店,2023-11-29,5922
4953,緯軟,12,0,12,元富-新店,2023-11-29,5922
2258,鴻華先進-創,12,0,12,元富-新店,2023-11-29,5922
2425,承啟,12,0,12,元富-新店,2023-11-29,5922
3481,群創,15,4,11,元富-新店,2023-11-29,5922
00751B,元大AAA至A公司債,11,0,11,元富-新店,2023-11-29,5922
6118,建達,10,0,10,元富-新店,2023-11-29,5922
00650L,復華香港正2,10,0,10,元富-新店,2023-11-29,5922
2867,三商壽,10,0,10,元富-新店,2023-11-29,5922
6578,達邦蛋白,10,0,10,元富-新店,2023-11-29,5922
1301,台塑,10,0,10,元富-新店,2023-11-29,5922
2851,中再保,10,0,10,元富-新店,2023-11-29,5922
1503,士電,10,0,10,元富-新店,2023-11-29,5922
5512,力麒,10,0,10,元富-新店,2023-11-29,5922
00756B,群益投等新興公債,10,0,10,元富-新店,2023-11-29,5922
8034,榮群,10,0,10,元富-新店,2023-11-29,5922
3567,逸昌,9,0,9,元富-新店,2023-11-29,5922
2891,中信金,9,0,9,元富-新店,2023-11-29,5922
3530,晶相光,10,1,9,元富-新店,2023-11-29,5922
1582,信錦,10,1,9,元富-新店,2023-11-29,5922
5608,四維航,10,1,9,元富-新店,2023-11-29,5922
2314,台揚,9,0,9,元富-新店,2023-11-29,5922
2886,兆豐金,202,0,202,元富-新店,2023-11-30,5922
1905,華紙,120,0,120,元富-新店,2023-11-30,5922
2303,聯電,61,5,56,元富-新店,2023-11-30,5922
1513,中興電,67,11,56,元富-新店,2023-11-30,5922
2317,鴻海,56,1,55,元富-新店,2023-11-30,5922
2002,中鋼,86,33,53,元富-新店,2023-11-30,5922
3231,緯創,62,11,51,元富-新店,2023-11-30,5922
00897,富邦基因免疫生技,50,0,50,元富-新店,2023-11-30,5922
00919,群益台灣精選高息,37,0,37,元富-新店,2023-11-30,5922
00931B,統一美債20年,35,0,35,元富-新店,2023-11-30,5922
00934,中信成長高股息,33,0,33,元富-新店,2023-11-30,5922
3141,晶宏,33,0,33,元富-新店,2023-11-30,5922
2388,威盛,39,8,31,元富-新店,2023-11-30,5922
6191,精成科,40,10,30,元富-新店,2023-11-30,5922
00892,富邦台灣半導體,28,0,28,元富-新店,2023-11-30,5922
3317,尼克森,35,8,27,元富-新店,2023-11-30,5922
2329,華泰,87,60,27,元富-新店,2023-11-30,5922
2344,華邦電,32,6,26,元富-新店,2023-11-30,5922
2881,富邦金,24,0,24,元富-新店,2023-11-30,5922
2313,華通,69,46,23,元富-新店,2023-11-30,5922
00632R,元大台灣50反1,100,80,20,元富-新店,2023-11-30,5922
1616,億泰,20,0,20,元富-新店,2023-11-30,5922
8150,南茂,20,1,19,元富-新店,2023-11-30,5922
2883,凱基金,29,11,18,元富-新店,2023-11-30,5922
2603,長榮,17,0,17,元富-新店,2023-11-30,5922
2258,鴻華先進-創,16,0,16,元富-新店,2023-11-30,5922
2371,大同,15,0,15,元富-新店,2023-11-30,5922
6451,訊芯-KY,17,2,15,元富-新店,2023-11-30,5922
4114,健喬,15,0,15,元富-新店,2023-11-30,5922
00687B,國泰20年美債,29,15,14,元富-新店,2023-11-30,5922
2405,輔信,16,3,13,元富-新店,2023-11-30,5922
4908,前鼎,14,1,13,元富-新店,2023-11-30,5922
4919,新唐,14,2,12,元富-新店,2023-11-30,5922
2801,彰銀,12,0,12,元富-新店,2023-11-30,5922
6243,迅杰,21,10,11,元富-新店,2023-11-30,5922
2465,麗臺,14,3,11,元富-新店,2023-11-30,5922
3530,晶相光,14,3,11,元富-新店,2023-11-30,5922
6485,點序,14,3,11,元富-新店,2023-11-30,5922
2618,長榮航,12,1,11,元富-新店,2023-11-30,5922
2606,裕民,13,2,11,元富-新店,2023-11-30,5922
4401,東隆興,10,0,10,元富-新店,2023-11-30,5922
2611,志信,10,0,10,元富-新店,2023-11-30,5922
00688L,國泰20年美債正2,10,0,10,元富-新店,2023-11-30,5922
2023,燁輝,10,0,10,元富-新店,2023-11-30,5922
4942,嘉彰,10,0,10,元富-新店,2023-11-30,5922
9105,泰金寶-DR,20,10,10,元富-新店,2023-11-30,5922
6125,廣運,22,12,10,元富-新店,2023-11-30,5922
2353,宏��,26,16,10,元富-新店,2023-11-30,5922
8016,矽創,9,0,9,元富-新店,2023-11-30,5922
2444,兆勁,9,0,9,元富-新店,2023-11-30,5922
2886,兆豐金,303,1,302,元富-新店,2023-12-01,5922
2880,華南金,160,0,160,元富-新店,2023-12-01,5922
2618,長榮航,154,0,154,元富-新店,2023-12-01,5922
2371,大同,115,10,105,元富-新店,2023-12-01,5922
00637L,元大滬深300正2,84,3,81,元富-新店,2023-12-01,5922
00715L,期街口布蘭特正2,81,0,81,元富-新店,2023-12-01,5922
2801,彰銀,80,3,77,元富-新店,2023-12-01,5922
2883,凱基金,79,13,66,元富-新店,2023-12-01,5922
2617,台航,57,18,39,元富-新店,2023-12-01,5922
2888,新光金,42,3,39,元富-新店,2023-12-01,5922
1605,華新,38,7,31,元富-新店,2023-12-01,5922
6233,旺玖,83,53,30,元富-新店,2023-12-01,5922
2027,大成鋼,34,5,29,元富-新店,2023-12-01,5922
5469,瀚宇博,37,8,29,元富-新店,2023-12-01,5922
00751B,元大AAA至A公司債,28,0,28,元富-新店,2023-12-01,5922
5521,工信,27,0,27,元富-新店,2023-12-01,5922
8096,擎亞,53,27,26,元富-新店,2023-12-01,5922
00900,富邦特選高股息30,25,0,25,元富-新店,2023-12-01,5922
6683,雍智科技,23,0,23,元富-新店,2023-12-01,5922
2258,鴻華先進-創,21,0,21,元富-新店,2023-12-01,5922
6117,迎廣,61,40,21,元富-新店,2023-12-01,5922
6695,芯鼎,22,2,20,元富-新店,2023-12-01,5922
3373,熱映,21,1,20,元富-新店,2023-12-01,5922
00679B,元大美債20年,24,5,19,元富-新店,2023-12-01,5922
3704,合勤控,24,5,19,元富-新店,2023-12-01,5922
6733,博晟生醫,18,0,18,元富-新店,2023-12-01,5922
4114,健喬,40,22,18,元富-新店,2023-12-01,5922
6129,普誠,18,1,17,元富-新店,2023-12-01,5922
8112,至上,17,0,17,元富-新店,2023-12-01,5922
00687B,國泰20年美債,21,5,16,元富-新店,2023-12-01,5922
8932,智通*,15,0,15,元富-新店,2023-12-01,5922
2382,廣達,18,4,14,元富-新店,2023-12-01,5922
00915,凱基優選高股息30,13,0,13,元富-新店,2023-12-01,5922
00713,元大台灣高息低波,12,0,12,元富-新店,2023-12-01,5922
00893,國泰智能電動車,12,0,12,元富-新店,2023-12-01,5922
8086,宏捷科,12,1,11,元富-新店,2023-12-01,5922
2301,光寶科,11,0,11,元富-新店,2023-12-01,5922
3363,上詮,22,11,11,元富-新店,2023-12-01,5922
3438,類比科,12,1,11,元富-新店,2023-12-01,5922
00931B,統一美債20年,11,0,11,元富-新店,2023-12-01,5922
4167,松瑞藥,25,14,11,元富-新店,2023-12-01,5922
4968,立積,12,1,11,元富-新店,2023-12-01,5922
5222,全訊,11,0,11,元富-新店,2023-12-01,5922
5258,虹堡,12,1,11,元富-新店,2023-12-01,5922
3362,先進光,12,1,11,元富-新店,2023-12-01,5922
5351,鈺創,16,5,11,元富-新店,2023-12-01,5922
4162,智擎,10,0,10,元富-新店,2023-12-01,5922
3050,鈺德,13,3,10,元富-新店,2023-12-01,5922
3691,碩禾,10,0,10,元富-新店,2023-12-01,5922
3709,鑫聯大投控,10,0,10,元富-新店,2023-12-01,5922
00882,中信中國高股息,243,40,203,元富-新店,2023-12-04,5922
2618,長榮航,156,14,142,元富-新店,2023-12-04,5922
2486,一詮,100,0,100,元富-新店,2023-12-04,5922
00919,群益台灣精選高息,76,5,71,元富-新店,2023-12-04,5922
2369,菱生,59,4,55,元富-新店,2023-12-04,5922
6125,廣運,74,23,51,元富-新店,2023-12-04,5922
00688L,國泰20年美債正2,50,0,50,元富-新店,2023-12-04,5922
5210,寶碩,50,0,50,元富-新店,2023-12-04,5922
00885,富邦越南,50,8,42,元富-新店,2023-12-04,5922
3231,緯創,55,21,34,元富-新店,2023-12-04,5922
3715,定穎投控,38,6,32,元富-新店,2023-12-04,5922
2516,新建,31,2,29,元富-新店,2023-12-04,5922
2883,凱基金,28,2,26,元富-新店,2023-12-04,5922
9919,康那香,103,78,25,元富-新店,2023-12-04,5922
3264,欣銓,37,12,25,元富-新店,2023-12-04,5922
00720B,元大投資級公司債,27,2,25,元富-新店,2023-12-04,5922
2258,鴻華先進-創,25,0,25,元富-新店,2023-12-04,5922
2330,台積電,26,1,25,元富-新店,2023-12-04,5922
00918,大華優利高填息30,24,0,24,元富-新店,2023-12-04,5922
5608,四維航,47,23,24,元富-新店,2023-12-04,5922
3438,類比科,20,0,20,元富-新店,2023-12-04,5922
00772B,中信高評級公司債,20,0,20,元富-新店,2023-12-04,5922
1605,華新,34,14,20,元富-新店,2023-12-04,5922
00751B,元大AAA至A公司債,20,2,18,元富-新店,2023-12-04,5922
8112,至上,49,31,18,元富-新店,2023-12-04,5922
2615,萬海,52,36,16,元富-新店,2023-12-04,5922
7402,邑錡,16,0,16,元富-新店,2023-12-04,5922
00637L,元大滬深300正2,16,0,16,元富-新店,2023-12-04,5922
2421,建準,15,0,15,元富-新店,2023-12-04,5922
2891,中信金,14,0,14,元富-新店,2023-12-04,5922
3035,智原,23,9,14,元富-新店,2023-12-04,5922
6283,淳安,14,0,14,元富-新店,2023-12-04,5922
00632R,元大台灣50反1,16,2,14,元富-新店,2023-12-04,5922
00706L,期元大S＆P日圓正2,13,0,13,元富-新店,2023-12-04,5922
6426,統新,13,0,13,元富-新店,2023-12-04,5922
00891,中信關鍵半導體,13,0,13,元富-新店,2023-12-04,5922
5328,華容,34,22,12,元富-新店,2023-12-04,5922
2105,正新,14,2,12,元富-新店,2023-12-04,5922
1616,億泰,12,0,12,元富-新店,2023-12-04,5922
2405,輔信,14,3,11,元富-新店,2023-12-04,5922
4533,協易機,26,15,11,元富-新店,2023-12-04,5922
3450,聯鈞,25,14,11,元富-新店,2023-12-04,5922
5425,台半,16,5,11,元富-新店,2023-12-04,5922
2353,宏��,16,5,11,元富-新店,2023-12-04,5922
8210,勤誠,11,1,10,元富-新店,2023-12-04,5922
00636,國泰中國A50,10,0,10,元富-新店,2023-12-04,5922
6290,良維,10,0,10,元富-新店,2023-12-04,5922
2002,中鋼,12,2,10,元富-新店,2023-12-04,5922
6108,競國,10,1,9,元富-新店,2023-12-04,5922
5258,虹堡,12,3,9,元富-新店,2023-12-04,5922
3481,群創,207,12,195,元富-新店,2023-12-05,5922
00929,復華台灣科技優息,194,4,190,元富-新店,2023-12-05,5922
00919,群益台灣精選高息,189,11,178,元富-新店,2023-12-05,5922
2303,聯電,113,1,112,元富-新店,2023-12-05,5922
2344,華邦電,86,5,81,元富-新店,2023-12-05,5922
00881,國泰台灣5G+,60,0,60,元富-新店,2023-12-05,5922
2618,長榮航,52,0,52,元富-新店,2023-12-05,5922
2883,凱基金,63,12,51,元富-新店,2023-12-05,5922
4167,松瑞藥,68,20,48,元富-新店,2023-12-05,5922
00888,永豐台灣ESG,51,5,46,元富-新店,2023-12-05,5922
00679B,元大美債20年,54,10,44,元富-新店,2023-12-05,5922
00918,大華優利高填息30,43,0,43,元富-新店,2023-12-05,5922
3708,上緯投控,45,8,37,元富-新店,2023-12-05,5922
2329,華泰,85,49,36,元富-新店,2023-12-05,5922
2610,華航,37,2,35,元富-新店,2023-12-05,5922
0056,元大高股息,30,1,29,元富-新店,2023-12-05,5922
2601,益航,38,10,28,元富-新店,2023-12-05,5922
2888,新光金,28,0,28,元富-新店,2023-12-05,5922
3231,緯創,76,48,28,元富-新店,2023-12-05,5922
3715,定穎投控,46,19,27,元富-新店,2023-12-05,5922
2641,正德,101,74,27,元富-新店,2023-12-05,5922
6276,安鈦克,26,0,26,元富-新店,2023-12-05,5922
6598,ABC-KY,25,0,25,元富-新店,2023-12-05,5922
00878,國泰永續高股息,24,0,24,元富-新店,2023-12-05,5922
8390,金益鼎,23,0,23,元富-新店,2023-12-05,5922
2891,中信金,23,1,22,元富-新店,2023-12-05,5922
00650L,復華香港正2,22,0,22,元富-新店,2023-12-05,5922
00713,元大台灣高息低波,21,0,21,元富-新店,2023-12-05,5922
3322,建舜電,21,0,21,元富-新店,2023-12-05,5922
00902,中信電池及儲能,20,0,20,元富-新店,2023-12-05,5922
00688L,國泰20年美債正2,20,0,20,元富-新店,2023-12-05,5922
2634,漢翔,21,1,20,元富-新店,2023-12-05,5922
3027,盛達,20,1,19,元富-新店,2023-12-05,5922
4909,新復興,21,2,19,元富-新店,2023-12-05,5922
00637L,元大滬深300正2,19,0,19,元富-新店,2023-12-05,5922
3491,昇達科,18,0,18,元富-新店,2023-12-05,5922
2376,技嘉,16,0,16,元富-新店,2023-12-05,5922
2637,慧洋-KY,47,31,16,元富-新店,2023-12-05,5922
00753L,中信中國50正2,16,0,16,元富-新店,2023-12-05,5922
2543,皇昌,15,0,15,元富-新店,2023-12-05,5922
3260,威剛,17,2,15,元富-新店,2023-12-05,5922
2889,國票金,15,0,15,元富-新店,2023-12-05,5922
5483,中美晶,16,1,15,元富-新店,2023-12-05,5922
8112,至上,15,1,14,元富-新店,2023-12-05,5922
1815,富喬,14,0,14,元富-新店,2023-12-05,5922
2882,國泰金,13,0,13,元富-新店,2023-12-05,5922
00923,群益台ESG低碳50,13,0,13,元富-新店,2023-12-05,5922
3706,神達,38,25,13,元富-新店,2023-12-05,5922
00934,中信成長高股息,13,0,13,元富-新店,2023-12-05,5922
2369,菱生,12,0,12,元富-新店,2023-12-05,5922
2258,鴻華先進-創,176,0,176,元富-新店,2023-12-06,5922
00937B,群益ESG投等債20,308,146,162,元富-新店,2023-12-06,5922
2371,大同,124,0,124,元富-新店,2023-12-06,5922
8011,台通,120,0,120,元富-新店,2023-12-06,5922
1314,中石化,100,4,96,元富-新店,2023-12-06,5922
2344,華邦電,90,2,88,元富-新店,2023-12-06,5922
2303,聯電,96,11,85,元富-新店,2023-12-06,5922
3712,永崴投控,65,1,64,元富-新店,2023-12-06,5922
2889,國票金,50,1,49,元富-新店,2023-12-06,5922
5210,寶碩,40,0,40,元富-新店,2023-12-06,5922
00882,中信中國高股息,52,14,38,元富-新店,2023-12-06,5922
00679B,元大美債20年,71,33,38,元富-新店,2023-12-06,5922
2609,陽明,44,10,34,元富-新店,2023-12-06,5922
00919,群益台灣精選高息,38,5,33,元富-新店,2023-12-06,5922
1455,集盛,39,7,32,元富-新店,2023-12-06,5922
2313,華通,51,20,31,元富-新店,2023-12-06,5922
00772B,中信高評級公司債,30,0,30,元富-新店,2023-12-06,5922
5426,振發,30,0,30,元富-新店,2023-12-06,5922
00637L,元大滬深300正2,29,0,29,元富-新店,2023-12-06,5922
6125,廣運,26,1,25,元富-新店,2023-12-06,5922
2354,鴻準,26,2,24,元富-新店,2023-12-06,5922
6829,千附精密,24,0,24,元富-新店,2023-12-06,5922
3481,群創,25,2,23,元富-新店,2023-12-06,5922
1460,宏遠,34,12,22,元富-新店,2023-12-06,5922
00929,復華台灣科技優息,31,10,21,元富-新店,2023-12-06,5922
2355,敬鵬,43,22,21,元富-新店,2023-12-06,5922
2329,華泰,115,97,18,元富-新店,2023-12-06,5922
2606,裕民,26,9,17,元富-新店,2023-12-06,5922
00687B,國泰20年美債,17,0,17,元富-新店,2023-12-06,5922
5272,笙科,23,6,17,元富-新店,2023-12-06,5922
5328,華容,17,1,16,元富-新店,2023-12-06,5922
1720,生達,16,0,16,元富-新店,2023-12-06,5922
6191,精成科,16,0,16,元富-新店,2023-12-06,5922
3715,定穎投控,27,12,15,元富-新店,2023-12-06,5922
2542,興富發,15,0,15,元富-新店,2023-12-06,5922
2888,新光金,15,0,15,元富-新店,2023-12-06,5922
00680L,元大美債20正2,16,1,15,元富-新店,2023-12-06,5922
2634,漢翔,20,6,14,元富-新店,2023-12-06,5922
2481,強茂,14,1,13,元富-新店,2023-12-06,5922
2324,仁寶,15,3,12,元富-新店,2023-12-06,5922
2409,友達,16,4,12,元富-新店,2023-12-06,5922
3530,晶相光,12,0,12,元富-新店,2023-12-06,5922
1582,信錦,46,34,12,元富-新店,2023-12-06,5922
4979,華星光,13,1,12,元富-新店,2023-12-06,5922
1513,中興電,68,57,11,元富-新店,2023-12-06,5922
2367,燿華,97,86,11,元富-新店,2023-12-06,5922
00632R,元大台灣50反1,11,0,11,元富-新店,2023-12-06,5922
2605,新興,44,34,10,元富-新店,2023-12-06,5922
2392,正崴,10,0,10,元富-新店,2023-12-06,5922
00918,大華優利高填息30,20,10,10,元富-新店,2023-12-06,5922
4306,炎洲,118,0,118,元富-新店,2023-12-07,5922
00919,群益台灣精選高息,96,0,96,元富-新店,2023-12-07,5922
00937B,群益ESG投等債20,281,191,90,元富-新店,2023-12-07,5922
2344,華邦電,89,0,89,元富-新店,2023-12-07,5922
3450,聯鈞,100,13,87,元富-新店,2023-12-07,5922
2303,聯電,137,68,69,元富-新店,2023-12-07,5922
00642U,期元大S＆P石油,76,10,66,元富-新店,2023-12-07,5922
2882,國泰金,70,5,65,元富-新店,2023-12-07,5922
2881,富邦金,64,0,64,元富-新店,2023-12-07,5922
2374,佳能,66,4,62,元富-新店,2023-12-07,5922
1618,合機,88,31,57,元富-新店,2023-12-07,5922
1455,集盛,43,0,43,元富-新店,2023-12-07,5922
8921,沈氏,40,0,40,元富-新店,2023-12-07,5922
00687B,國泰20年美債,68,29,39,元富-新店,2023-12-07,5922
00918,大華優利高填息30,37,0,37,元富-新店,2023-12-07,5922
6150,撼訊,40,5,35,元富-新店,2023-12-07,5922
00888,永豐台灣ESG,33,0,33,元富-新店,2023-12-07,5922
3715,定穎投控,48,17,31,元富-新店,2023-12-07,5922
3041,揚智,177,146,31,元富-新店,2023-12-07,5922
2258,鴻華先進-創,26,0,26,元富-新店,2023-12-07,5922
00688L,國泰20年美債正2,25,0,25,元富-新店,2023-12-07,5922
1522,堤維西,83,59,24,元富-新店,2023-12-07,5922
00795B,中信美國公債20年,23,0,23,元富-新店,2023-12-07,5922
2605,新興,24,1,23,元富-新店,2023-12-07,5922
3402,漢科,20,0,20,元富-新店,2023-12-07,5922
2330,台積電,18,0,18,元富-新店,2023-12-07,5922
8996,高力,42,24,18,元富-新店,2023-12-07,5922
00712,復華富時不動產,27,10,17,元富-新店,2023-12-07,5922
00637L,元大滬深300正2,17,0,17,元富-新店,2023-12-07,5922
00929,復華台灣科技優息,27,12,15,元富-新店,2023-12-07,5922
1604,聲寶,15,0,15,元富-新店,2023-12-07,5922
6116,彩晶,15,0,15,元富-新店,2023-12-07,5922
1616,億泰,22,8,14,元富-新店,2023-12-07,5922
2889,國票金,13,0,13,元富-新店,2023-12-07,5922
1582,信錦,16,3,13,元富-新店,2023-12-07,5922
2425,承啟,77,64,13,元富-新店,2023-12-07,5922
6742,澤米,13,0,13,元富-新店,2023-12-07,5922
2388,威盛,67,55,12,元富-新店,2023-12-07,5922
4768,晶呈科技,12,0,12,元富-新店,2023-12-07,5922
5426,振發,12,0,12,元富-新店,2023-12-07,5922
4967,十銓,19,7,12,元富-新店,2023-12-07,5922
8261,富鼎,12,0,12,元富-新店,2023-12-07,5922
00878,國泰永續高股息,24,12,12,元富-新店,2023-12-07,5922
2363,矽統,29,18,11,元富-新店,2023-12-07,5922
2399,映泰,89,78,11,元富-新店,2023-12-07,5922
6443,元晶,10,0,10,元富-新店,2023-12-07,5922
8011,台通,11,1,10,元富-新店,2023-12-07,5922
2481,強茂,15,5,10,元富-新店,2023-12-07,5922
3576,聯合再生,10,0,10,元富-新店,2023-12-07,5922
6284,佳邦,12,2,10,元富-新店,2023-12-07,5922
00632R,元大台灣50反1,126,0,126,元富-新店,2023-12-08,5922
00720B,元大投資級公司債,110,3,107,元富-新店,2023-12-08,5922
2888,新光金,80,0,80,元富-新店,2023-12-08,5922
00679B,元大美債20年,108,35,73,元富-新店,2023-12-08,5922
2258,鴻華先進-創,70,6,64,元富-新店,2023-12-08,5922
00715L,期街口布蘭特正2,60,0,60,元富-新店,2023-12-08,5922
1591,駿吉-KY,60,0,60,元富-新店,2023-12-08,5922
2374,佳能,58,0,58,元富-新店,2023-12-08,5922
8011,台通,52,0,52,元富-新店,2023-12-08,5922
00919,群益台灣精選高息,61,11,50,元富-新店,2023-12-08,5922
2516,新建,50,0,50,元富-新店,2023-12-08,5922
00680L,元大美債20正2,50,0,50,元富-新店,2023-12-08,5922
00772B,中信高評級公司債,41,0,41,元富-新店,2023-12-08,5922
00795B,中信美國公債20年,39,0,39,元富-新店,2023-12-08,5922
00687B,國泰20年美債,38,3,35,元富-新店,2023-12-08,5922
00751B,元大AAA至A公司債,64,30,34,元富-新店,2023-12-08,5922
4906,正文,42,9,33,元富-新店,2023-12-08,5922
6005,群益證,40,8,32,元富-新店,2023-12-08,5922
2383,台光電,29,0,29,元富-新店,2023-12-08,5922
00722B,群益投資級電信債,29,1,28,元富-新店,2023-12-08,5922
3450,聯鈞,26,4,22,元富-新店,2023-12-08,5922
5302,太欣,22,0,22,元富-新店,2023-12-08,5922
3231,緯創,80,58,22,元富-新店,2023-12-08,5922
4533,協易機,89,68,21,元富-新店,2023-12-08,5922
2634,漢翔,101,80,21,元富-新店,2023-12-08,5922
2382,廣達,28,9,19,元富-新店,2023-12-08,5922
2449,京元電子,21,3,18,元富-新店,2023-12-08,5922
1524,耿鼎,61,43,18,元富-新店,2023-12-08,5922
1609,大亞,20,2,18,元富-新店,2023-12-08,5922
4746,台耀,14,0,14,元富-新店,2023-12-08,5922
2610,華航,19,5,14,元富-新店,2023-12-08,5922
00773B,中信優先金融債,13,0,13,元富-新店,2023-12-08,5922
4979,華星光,27,15,12,元富-新店,2023-12-08,5922
00931B,統一美債20年,12,0,12,元富-新店,2023-12-08,5922
1612,宏泰,16,4,12,元富-新店,2023-12-08,5922
6205,詮欣,11,0,11,元富-新店,2023-12-08,5922
00878,國泰永續高股息,14,4,10,元富-新店,2023-12-08,5922
6515,穎崴,10,0,10,元富-新店,2023-12-08,5922
2867,三商壽,10,0,10,元富-新店,2023-12-08,5922
1710,東聯,10,0,10,元富-新店,2023-12-08,5922
00688L,國泰20年美債正2,10,0,10,元富-新店,2023-12-08,5922
1440,南紡,10,0,10,元富-新店,2023-12-08,5922
00636,國泰中國A50,9,0,9,元富-新店,2023-12-08,5922
3479,安勤,42,33,9,元富-新店,2023-12-08,5922
6112,邁達特,9,0,9,元富-新店,2023-12-08,5922
2476,鉅祥,12,3,9,元富-新店,2023-12-08,5922
2606,裕民,11,3,8,元富-新店,2023-12-08,5922
2303,聯電,8,0,8,元富-新店,2023-12-08,5922
2486,一詮,9,1,8,元富-新店,2023-12-08,5922
1711,永光,11,3,8,元富-新店,2023-12-08,5922
00882,中信中國高股息,183,66,117,元富-新店,2023-12-11,5922
00679B,元大美債20年,115,0,115,元富-新店,2023-12-11,5922
00751B,元大AAA至A公司債,112,2,110,元富-新店,2023-12-11,5922
00795B,中信美國公債20年,92,0,92,元富-新店,2023-12-11,5922
2883,凱基金,61,0,61,元富-新店,2023-12-11,5922
2886,兆豐金,61,0,61,元富-新店,2023-12-11,5922
2618,長榮航,94,39,55,元富-新店,2023-12-11,5922
2436,偉詮電,51,6,45,元富-新店,2023-12-11,5922
00918,大華優利高填息30,40,0,40,元富-新店,2023-12-11,5922
00919,群益台灣精選高息,74,34,40,元富-新店,2023-12-11,5922
3450,聯鈞,82,48,34,元富-新店,2023-12-11,5922
2365,昆盈,37,3,34,元富-新店,2023-12-11,5922
00680L,元大美債20正2,32,0,32,元富-新店,2023-12-11,5922
00772B,中信高評級公司債,31,0,31,元富-新店,2023-12-11,5922
00752,中信中國50,30,0,30,元富-新店,2023-12-11,5922
00632R,元大台灣50反1,30,0,30,元富-新店,2023-12-11,5922
3231,緯創,49,19,30,元富-新店,2023-12-11,5922
00929,復華台灣科技優息,38,10,28,元富-新店,2023-12-11,5922
00753L,中信中國50正2,28,0,28,元富-新店,2023-12-11,5922
1799,易威,27,0,27,元富-新店,2023-12-11,5922
00933B,國泰10Y+金融債,27,0,27,元富-新店,2023-12-11,5922
2610,華航,25,0,25,元富-新店,2023-12-11,5922
00687B,國泰20年美債,24,0,24,元富-新店,2023-12-11,5922
2888,新光金,42,20,22,元富-新店,2023-12-11,5922
3033,威健,22,0,22,元富-新店,2023-12-11,5922
00637L,元大滬深300正2,23,2,21,元富-新店,2023-12-11,5922
2002,中鋼,20,0,20,元富-新店,2023-12-11,5922
00934,中信成長高股息,20,0,20,元富-新店,2023-12-11,5922
1909,榮成,20,0,20,元富-新店,2023-12-11,5922
3078,僑威,29,11,18,元富-新店,2023-12-11,5922
00773B,中信優先金融債,15,0,15,元富-新店,2023-12-11,5922
2887,台新金,15,0,15,元富-新店,2023-12-11,5922
6829,千附精密,14,0,14,元富-新店,2023-12-11,5922
1605,華新,13,0,13,元富-新店,2023-12-11,5922
2605,新興,39,27,12,元富-新店,2023-12-11,5922
2851,中再保,11,0,11,元富-新店,2023-12-11,5922
3044,健鼎,11,0,11,元富-新店,2023-12-11,5922
2204,中華,17,6,11,元富-新店,2023-12-11,5922
2388,威盛,43,33,10,元富-新店,2023-12-11,5922
6148,驊宏資,10,0,10,元富-新店,2023-12-11,5922
2323,中環,10,0,10,元富-新店,2023-12-11,5922
9928,中視,12,2,10,元富-新店,2023-12-11,5922
3567,逸昌,10,0,10,元富-新店,2023-12-11,5922
1608,華榮,10,0,10,元富-新店,2023-12-11,5922
5258,虹堡,14,4,10,元富-新店,2023-12-11,5922
3380,明泰,10,0,10,元富-新店,2023-12-11,5922
6916,華凌,10,0,10,元富-新店,2023-12-11,5922
6282,康舒,23,13,10,元富-新店,2023-12-11,5922
8463,潤泰材,10,0,10,元富-新店,2023-12-11,5922
3035,智原,28,19,9,元富-新店,2023-12-11,5922
00680L,元大美債20正2,306,0,306,元富-新店,2023-12-12,5922
3363,上詮,171,3,168,元富-新店,2023-12-12,5922
00720B,元大投資級公司債,141,0,141,元富-新店,2023-12-12,5922
00751B,元大AAA至A公司債,87,0,87,元富-新店,2023-12-12,5922
00632R,元大台灣50反1,72,0,72,元富-新店,2023-12-12,5922
00687B,國泰20年美債,66,1,65,元富-新店,2023-12-12,5922
00722B,群益投資級電信債,56,0,56,元富-新店,2023-12-12,5922
9105,泰金寶-DR,51,0,51,元富-新店,2023-12-12,5922
8155,博智,52,4,48,元富-新店,2023-12-12,5922
1515,力山,52,8,44,元富-新店,2023-12-12,5922
00919,群益台灣精選高息,57,14,43,元富-新店,2023-12-12,5922
2610,華航,46,3,43,元富-新店,2023-12-12,5922
1905,華紙,36,0,36,元富-新店,2023-12-12,5922
0056,元大高股息,38,4,34,元富-新店,2023-12-12,5922
3231,緯創,57,24,33,元富-新店,2023-12-12,5922
2363,矽統,33,1,32,元富-新店,2023-12-12,5922
00772B,中信高評級公司債,41,10,31,元富-新店,2023-12-12,5922
5425,台半,35,4,31,元富-新店,2023-12-12,5922
2618,長榮航,59,31,28,元富-新店,2023-12-12,5922
1324,地球,30,2,28,元富-新店,2023-12-12,5922
2515,中工,40,14,26,元富-新店,2023-12-12,5922
1524,耿鼎,29,4,25,元富-新店,2023-12-12,5922
6122,擎邦,65,42,23,元富-新店,2023-12-12,5922
2313,華通,45,23,22,元富-新店,2023-12-12,5922
6111,大宇資,21,0,21,元富-新店,2023-12-12,5922
1611,中電,30,10,20,元富-新店,2023-12-12,5922
2354,鴻準,20,0,20,元富-新店,2023-12-12,5922
2641,正德,20,2,18,元富-新店,2023-12-12,5922
3276,宇環,18,0,18,元富-新店,2023-12-12,5922
3481,群創,28,11,17,元富-新店,2023-12-12,5922
3707,漢磊,16,0,16,元富-新店,2023-12-12,5922
2915,潤泰全,16,0,16,元富-新店,2023-12-12,5922
1609,大亞,22,6,16,元富-新店,2023-12-12,5922
5351,鈺創,18,3,15,元富-新店,2023-12-12,5922
8390,金益鼎,15,0,15,元富-新店,2023-12-12,5922
00679B,元大美債20年,31,17,14,元富-新店,2023-12-12,5922
6202,盛群,14,0,14,元富-新店,2023-12-12,5922
3338,泰碩,25,11,14,元富-新店,2023-12-12,5922
4967,十銓,40,27,13,元富-新店,2023-12-12,5922
2401,凌陽,13,0,13,元富-新店,2023-12-12,5922
6191,精成科,13,0,13,元富-新店,2023-12-12,5922
3287,廣寰科,17,4,13,元富-新店,2023-12-12,5922
00937B,群益ESG投等債20,38,26,12,元富-新店,2023-12-12,5922
6485,點序,12,0,12,元富-新店,2023-12-12,5922
3673,TPK-KY,12,0,12,元富-新店,2023-12-12,5922
2204,中華,13,2,11,元富-新店,2023-12-12,5922
6120,達運,11,0,11,元富-新店,2023-12-12,5922
2344,華邦電,14,3,11,元富-新店,2023-12-12,5922
3701,大眾控,10,0,10,元富-新店,2023-12-12,5922
2851,中再保,10,0,10,元富-新店,2023-12-12,5922
2883,凱基金,168,6,162,元富-新店,2023-12-13,5922
00882,中信中國高股息,157,0,157,元富-新店,2023-12-13,5922
00688L,國泰20年美債正2,123,0,123,元富-新店,2023-12-13,5922
00902,中信電池及儲能,88,0,88,元富-新店,2023-12-13,5922
00919,群益台灣精選高息,126,44,82,元富-新店,2023-12-13,5922
00680L,元大美債20正2,150,70,80,元富-新店,2023-12-13,5922
00752,中信中國50,80,0,80,元富-新店,2023-12-13,5922
2317,鴻海,85,7,78,元富-新店,2023-12-13,5922
00918,大華優利高填息30,84,14,70,元富-新店,2023-12-13,5922
4306,炎洲,100,30,70,元富-新店,2023-12-13,5922
2606,裕民,97,33,64,元富-新店,2023-12-13,5922
2834,臺企銀,62,0,62,元富-新店,2023-12-13,5922
2637,慧洋-KY,55,0,55,元富-新店,2023-12-13,5922
9105,泰金寶-DR,44,0,44,元富-新店,2023-12-13,5922
00929,復華台灣科技優息,64,22,42,元富-新店,2023-12-13,5922
1447,力鵬,40,0,40,元富-新店,2023-12-13,5922
2618,長榮航,40,1,39,元富-新店,2023-12-13,5922
1301,台塑,32,0,32,元富-新店,2023-12-13,5922
00933B,國泰10Y+金融債,32,0,32,元富-新店,2023-12-13,5922
5608,四維航,32,0,32,元富-新店,2023-12-13,5922
00715L,期街口布蘭特正2,29,0,29,元富-新店,2023-12-13,5922
1608,華榮,30,2,28,元富-新店,2023-12-13,5922
00751B,元大AAA至A公司債,26,0,26,元富-新店,2023-12-13,5922
1584,精剛,30,5,25,元富-新店,2023-12-13,5922
2888,新光金,24,0,24,元富-新店,2023-12-13,5922
2612,中航,29,5,24,元富-新店,2023-12-13,5922
00637L,元大滬深300正2,29,6,23,元富-新店,2023-12-13,5922
2355,敬鵬,50,28,22,元富-新店,2023-12-13,5922
00934,中信成長高股息,21,0,21,元富-新店,2023-12-13,5922
2023,燁輝,20,0,20,元富-新店,2023-12-13,5922
2605,新興,36,16,20,元富-新店,2023-12-13,5922
2609,陽明,25,6,19,元富-新店,2023-12-13,5922
00720B,元大投資級公司債,18,0,18,元富-新店,2023-12-13,5922
5388,中磊,29,11,18,元富-新店,2023-12-13,5922
00922,國泰台灣領袖50,18,0,18,元富-新店,2023-12-13,5922
2365,昆盈,20,3,17,元富-新店,2023-12-13,5922
3376,新日興,14,0,14,元富-新店,2023-12-13,5922
4961,天鈺,15,2,13,元富-新店,2023-12-13,5922
1907,永豐餘,14,1,13,元富-新店,2023-12-13,5922
3715,定穎投控,18,6,12,元富-新店,2023-12-13,5922
00632R,元大台灣50反1,22,10,12,元富-新店,2023-12-13,5922
3019,亞光,32,20,12,元富-新店,2023-12-13,5922
4966,譜瑞-KY,12,1,11,元富-新店,2023-12-13,5922
1444,力麗,11,0,11,元富-新店,2023-12-13,5922
00885,富邦越南,11,0,11,元富-新店,2023-12-13,5922
2516,新建,11,0,11,元富-新店,2023-12-13,5922
1537,廣隆,10,0,10,元富-新店,2023-12-13,5922
3701,大眾控,10,0,10,元富-新店,2023-12-13,5922
2506,太設,20,10,10,元富-新店,2023-12-13,5922
00773B,中信優先金融債,10,0,10,元富-新店,2023-12-13,5922
3710,連展投控,205,0,205,元富-新店,2023-12-14,5922
00919,群益台灣精選高息,186,1,185,元富-新店,2023-12-14,5922
00936,台新永續高息中小,185,0,185,元富-新店,2023-12-14,5922
00720B,元大投資級公司債,145,0,145,元富-新店,2023-12-14,5922
00679B,元大美債20年,134,9,125,元富-新店,2023-12-14,5922
00933B,國泰10Y+金融債,100,0,100,元富-新店,2023-12-14,5922
2883,凱基金,106,18,88,元富-新店,2023-12-14,5922
00688L,國泰20年美債正2,85,10,75,元富-新店,2023-12-14,5922
00929,復華台灣科技優息,118,49,69,元富-新店,2023-12-14,5922
00885,富邦越南,54,0,54,元富-新店,2023-12-14,5922
00795B,中信美國公債20年,51,0,51,元富-新店,2023-12-14,5922
00671R,富邦NASDAQ反1,50,0,50,元富-新店,2023-12-14,5922
1605,華新,41,2,39,元富-新店,2023-12-14,5922
3033,威健,37,0,37,元富-新店,2023-12-14,5922
00687B,國泰20年美債,56,20,36,元富-新店,2023-12-14,5922
6114,久威,36,1,35,元富-新店,2023-12-14,5922
00637L,元大滬深300正2,30,0,30,元富-新店,2023-12-14,5922
6191,精成科,30,2,28,元富-新店,2023-12-14,5922
5210,寶碩,27,0,27,元富-新店,2023-12-14,5922
00632R,元大台灣50反1,46,21,25,元富-新店,2023-12-14,5922
5521,工信,50,25,25,元富-新店,2023-12-14,5922
00918,大華優利高填息30,23,0,23,元富-新店,2023-12-14,5922
2515,中工,253,231,22,元富-新店,2023-12-14,5922
6117,迎廣,22,0,22,元富-新店,2023-12-14,5922
1513,中興電,23,1,22,元富-新店,2023-12-14,5922
2603,長榮,25,4,21,元富-新店,2023-12-14,5922
2369,菱生,21,0,21,元富-新店,2023-12-14,5922
3605,宏致,20,0,20,元富-新店,2023-12-14,5922
2820,華票,20,0,20,元富-新店,2023-12-14,5922
2329,華泰,37,18,19,元富-新店,2023-12-14,5922
00680L,元大美債20正2,50,33,17,元富-新店,2023-12-14,5922
2610,華航,23,6,17,元富-新店,2023-12-14,5922
8011,台通,26,9,17,元富-新店,2023-12-14,5922
2409,友達,17,1,16,元富-新店,2023-12-14,5922
6546,正基,17,1,16,元富-新店,2023-12-14,5922
2457,飛宏,16,0,16,元富-新店,2023-12-14,5922
3706,神達,17,4,13,元富-新店,2023-12-14,5922
6148,驊宏資,13,0,13,元富-新店,2023-12-14,5922
3645,達邁,16,4,12,元富-新店,2023-12-14,5922
6285,啟��,28,16,12,元富-新店,2023-12-14,5922
1720,生達,11,0,11,元富-新店,2023-12-14,5922
1591,駿吉-KY,10,0,10,元富-新店,2023-12-14,5922
2855,統一證,10,0,10,元富-新店,2023-12-14,5922
020029,元大ESG高股息N,10,0,10,元富-新店,2023-12-14,5922
00724B,群益投資級金融債,10,0,10,元富-新店,2023-12-14,5922
6204,艾華,10,0,10,元富-新店,2023-12-14,5922
3703,欣陸,30,20,10,元富-新店,2023-12-14,5922
2611,志信,10,0,10,元富-新店,2023-12-14,5922
2547,日勝生,10,0,10,元富-新店,2023-12-14,5922
1537,廣隆,10,0,10,元富-新店,2023-12-14,5922
00671R,富邦NASDAQ反1,150,0,150,元富-新店,2023-12-15,5922
00937B,群益ESG投等債20,110,3,107,元富-新店,2023-12-15,5922
00929,復華台灣科技優息,130,24,106,元富-新店,2023-12-15,5922
00688L,國泰20年美債正2,100,0,100,元富-新店,2023-12-15,5922
2356,英業達,253,164,89,元富-新店,2023-12-15,5922
2801,彰銀,86,17,69,元富-新店,2023-12-15,5922
00679B,元大美債20年,80,18,62,元富-新店,2023-12-15,5922
00687B,國泰20年美債,77,21,56,元富-新店,2023-12-15,5922
00918,大華優利高填息30,116,68,48,元富-新店,2023-12-15,5922
2313,華通,96,54,42,元富-新店,2023-12-15,5922
2317,鴻海,44,3,41,元富-新店,2023-12-15,5922
8936,國統,36,7,29,元富-新店,2023-12-15,5922
4939,亞電,31,2,29,元富-新店,2023-12-15,5922
2363,矽統,190,161,29,元富-新店,2023-12-15,5922
00637L,元大滬深300正2,30,3,27,元富-新店,2023-12-15,5922
3050,鈺德,25,0,25,元富-新店,2023-12-15,5922
2009,第一銅,28,4,24,元富-新店,2023-12-15,5922
5011,久陽,22,0,22,元富-新店,2023-12-15,5922
00857B,永豐20年美公債,22,0,22,元富-新店,2023-12-15,5922
5515,建國,24,3,21,元富-新店,2023-12-15,5922
3005,神基,22,2,20,元富-新店,2023-12-15,5922
2637,慧洋-KY,20,0,20,元富-新店,2023-12-15,5922
1503,士電,52,33,19,元富-新店,2023-12-15,5922
3715,定穎投控,20,1,19,元富-新店,2023-12-15,5922
8068,全達,21,2,19,元富-新店,2023-12-15,5922
3231,緯創,15,0,15,元富-新店,2023-12-15,5922
3454,晶睿,15,0,15,元富-新店,2023-12-15,5922
3491,昇達科,15,0,15,元富-新店,2023-12-15,5922
2358,廷鑫,20,5,15,元富-新店,2023-12-15,5922
2610,華航,24,9,15,元富-新店,2023-12-15,5922
5498,凱崴,15,0,15,元富-新店,2023-12-15,5922
00919,群益台灣精選高息,102,88,14,元富-新店,2023-12-15,5922
5469,瀚宇博,14,0,14,元富-新店,2023-12-15,5922
2020,美亞,15,1,14,元富-新店,2023-12-15,5922
0056,元大高股息,31,17,14,元富-新店,2023-12-15,5922
2481,強茂,48,35,13,元富-新店,2023-12-15,5922
00935,野村臺灣新科技50,13,0,13,元富-新店,2023-12-15,5922
1513,中興電,19,7,12,元富-新店,2023-12-15,5922
3035,智原,19,7,12,元富-新店,2023-12-15,5922
00655L,國泰中國A50正2,11,0,11,元富-新店,2023-12-15,5922
2388,威盛,42,31,11,元富-新店,2023-12-15,5922
2606,裕民,16,5,11,元富-新店,2023-12-15,5922
1504,東元,17,6,11,元富-新店,2023-12-15,5922
2436,偉詮電,17,7,10,元富-新店,2023-12-15,5922
2342,茂矽,10,0,10,元富-新店,2023-12-15,5922
2887,台新金,10,0,10,元富-新店,2023-12-15,5922
2025,千興,10,0,10,元富-新店,2023-12-15,5922
1584,精剛,71,61,10,元富-新店,2023-12-15,5922
8096,擎亞,20,10,10,元富-新店,2023-12-15,5922
3346,麗清,12,2,10,元富-新店,2023-12-15,5922
2801,彰銀,129,0,129,元富-新店,2023-12-18,5922
00919,群益台灣精選高息,160,52,108,元富-新店,2023-12-18,5922
2303,聯電,103,16,87,元富-新店,2023-12-18,5922
00929,復華台灣科技優息,146,62,84,元富-新店,2023-12-18,5922
00937B,群益ESG投等債20,100,25,75,元富-新店,2023-12-18,5922
2356,英業達,93,19,74,元富-新店,2023-12-18,5922
2609,陽明,305,233,72,元富-新店,2023-12-18,5922
2618,長榮航,67,9,58,元富-新店,2023-12-18,5922
00680L,元大美債20正2,72,14,58,元富-新店,2023-12-18,5922
2888,新光金,50,0,50,元富-新店,2023-12-18,5922
00687B,國泰20年美債,42,1,41,元富-新店,2023-12-18,5922
00795B,中信美國公債20年,30,0,30,元富-新店,2023-12-18,5922
1301,台塑,30,0,30,元富-新店,2023-12-18,5922
00885,富邦越南,28,0,28,元富-新店,2023-12-18,5922
00882,中信中國高股息,26,0,26,元富-新店,2023-12-18,5922
2617,台航,29,5,24,元富-新店,2023-12-18,5922
00933B,國泰10Y+金融債,24,0,24,元富-新店,2023-12-18,5922
2030,彰源,21,0,21,元富-新店,2023-12-18,5922
5425,台半,20,2,18,元富-新店,2023-12-18,5922
3450,聯鈞,20,2,18,元富-新店,2023-12-18,5922
3491,昇達科,17,0,17,元富-新店,2023-12-18,5922
2607,榮運,23,6,17,元富-新店,2023-12-18,5922
6283,淳安,16,0,16,元富-新店,2023-12-18,5922
2329,華泰,17,2,15,元富-新店,2023-12-18,5922
1905,華紙,37,22,15,元富-新店,2023-12-18,5922
2601,益航,18,3,15,元富-新店,2023-12-18,5922
2211,長榮鋼,39,24,15,元富-新店,2023-12-18,5922
6222,上揚,15,0,15,元富-新店,2023-12-18,5922
2367,燿華,14,0,14,元富-新店,2023-12-18,5922
2612,中航,47,33,14,元富-新店,2023-12-18,5922
2022,聚亨,56,42,14,元富-新店,2023-12-18,5922
2897,王道銀行,13,0,13,元富-新店,2023-12-18,5922
2352,佳世達,14,1,13,元富-新店,2023-12-18,5922
5426,振發,12,0,12,元富-新店,2023-12-18,5922
1608,華榮,12,0,12,元富-新店,2023-12-18,5922
3047,訊舟,12,0,12,元富-新店,2023-12-18,5922
3088,艾訊,12,0,12,元富-新店,2023-12-18,5922
2449,京元電子,12,0,12,元富-新店,2023-12-18,5922
2855,統一證,11,0,11,元富-新店,2023-12-18,5922
1618,合機,11,0,11,元富-新店,2023-12-18,5922
6114,久威,12,1,11,元富-新店,2023-12-18,5922
2371,大同,11,1,10,元富-新店,2023-12-18,5922
1325,恆大,10,0,10,元富-新店,2023-12-18,5922
2390,云辰,10,0,10,元富-新店,2023-12-18,5922
00904,新光臺灣半導體30,10,0,10,元富-新店,2023-12-18,5922
00761B,國泰A級公司債,10,0,10,元富-新店,2023-12-18,5922
6139,亞翔,16,6,10,元富-新店,2023-12-18,5922
6122,擎邦,20,10,10,元富-新店,2023-12-18,5922
3587,閎康,9,0,9,元富-新店,2023-12-18,5922
6276,安鈦克,9,0,9,元富-新店,2023-12-18,5922
2801,彰銀,455,0,455,元富-新店,2023-12-19,5922
00919,群益台灣精選高息,188,5,183,元富-新店,2023-12-19,5922
00673R,期元大S＆P原油反1,101,0,101,元富-新店,2023-12-19,5922
00671R,富邦NASDAQ反1,100,0,100,元富-新店,2023-12-19,5922
00632R,元大台灣50反1,100,5,95,元富-新店,2023-12-19,5922
2337,旺宏,81,0,81,元富-新店,2023-12-19,5922
5515,建國,55,5,50,元富-新店,2023-12-19,5922
2723,美食-KY,50,0,50,元富-新店,2023-12-19,5922
2409,友達,50,2,48,元富-新店,2023-12-19,5922
2303,聯電,57,9,48,元富-新店,2023-12-19,5922
6508,惠光,43,0,43,元富-新店,2023-12-19,5922
00929,復華台灣科技優息,148,107,41,元富-新店,2023-12-19,5922
3706,神達,39,3,36,元富-新店,2023-12-19,5922
00885,富邦越南,44,10,34,元富-新店,2023-12-19,5922
2002,中鋼,35,3,32,元富-新店,2023-12-19,5922
6114,久威,31,0,31,元富-新店,2023-12-19,5922
00751B,元大AAA至A公司債,27,2,25,元富-新店,2023-12-19,5922
4714,永捷,25,0,25,元富-新店,2023-12-19,5922
2887,台新金,21,0,21,元富-新店,2023-12-19,5922
3231,緯創,62,41,21,元富-新店,2023-12-19,5922
5351,鈺創,36,15,21,元富-新店,2023-12-19,5922
2891,中信金,26,5,21,元富-新店,2023-12-19,5922
1301,台塑,20,0,20,元富-新店,2023-12-19,5922
2399,映泰,20,0,20,元富-新店,2023-12-19,5922
00918,大華優利高填息30,16,0,16,元富-新店,2023-12-19,5922
1608,華榮,21,5,16,元富-新店,2023-12-19,5922
00934,中信成長高股息,16,0,16,元富-新店,2023-12-19,5922
2007,燁興,19,4,15,元富-新店,2023-12-19,5922
2352,佳世達,17,3,14,元富-新店,2023-12-19,5922
2038,海光,17,3,14,元富-新店,2023-12-19,5922
2834,臺企銀,14,0,14,元富-新店,2023-12-19,5922
00878,國泰永續高股息,24,11,13,元富-新店,2023-12-19,5922
00795B,中信美國公債20年,13,0,13,元富-新店,2023-12-19,5922
2340,台亞,13,0,13,元富-新店,2023-12-19,5922
2032,新鋼,13,0,13,元富-新店,2023-12-19,5922
1303,南亞,13,0,13,元富-新店,2023-12-19,5922
2883,凱基金,15,3,12,元富-新店,2023-12-19,5922
4306,炎洲,12,0,12,元富-新店,2023-12-19,5922
6742,澤米,12,0,12,元富-新店,2023-12-19,5922
0056,元大高股息,11,0,11,元富-新店,2023-12-19,5922
3088,艾訊,11,0,11,元富-新店,2023-12-19,5922
1815,富喬,11,0,11,元富-新店,2023-12-19,5922
00922,國泰台灣領袖50,11,0,11,元富-新店,2023-12-19,5922
3363,上詮,11,0,11,元富-新店,2023-12-19,5922
00882,中信中國高股息,100,90,10,元富-新店,2023-12-19,5922
4109,加捷生醫,15,5,10,元富-新店,2023-12-19,5922
2009,第一銅,10,0,10,元富-新店,2023-12-19,5922
3019,亞光,10,0,10,元富-新店,2023-12-19,5922
5512,力麒,10,0,10,元富-新店,2023-12-19,5922
2028,威致,11,1,10,元富-新店,2023-12-19,5922
00937B,群益ESG投等債20,357,40,317,元富-新店,2023-12-20,5922
00688L,國泰20年美債正2,331,21,310,元富-新店,2023-12-20,5922
2618,長榮航,319,62,257,元富-新店,2023-12-20,5922
2801,彰銀,120,0,120,元富-新店,2023-12-20,5922
2515,中工,386,285,101,元富-新店,2023-12-20,5922
2913,農林,103,6,97,元富-新店,2023-12-20,5922
00919,群益台灣精選高息,98,5,93,元富-新店,2023-12-20,5922
00933B,國泰10Y+金融債,61,10,51,元富-新店,2023-12-20,5922
2816,旺旺保,49,0,49,元富-新店,2023-12-20,5922
2881,富邦金,51,4,47,元富-新店,2023-12-20,5922
2891,中信金,45,1,44,元富-新店,2023-12-20,5922
2303,聯電,59,17,42,元富-新店,2023-12-20,5922
6282,康舒,44,5,39,元富-新店,2023-12-20,5922
2010,春源,37,1,36,元富-新店,2023-12-20,5922
5515,建國,33,0,33,元富-新店,2023-12-20,5922
3287,廣寰科,30,0,30,元富-新店,2023-12-20,5922
5521,工信,158,129,29,元富-新店,2023-12-20,5922
8085,福華,43,15,28,元富-新店,2023-12-20,5922
2038,海光,78,54,24,元富-新店,2023-12-20,5922
00669R,國泰美國道瓊反1,20,0,20,元富-新店,2023-12-20,5922
4714,永捷,20,0,20,元富-新店,2023-12-20,5922
8011,台通,23,3,20,元富-新店,2023-12-20,5922
00904,新光臺灣半導體30,20,0,20,元富-新店,2023-12-20,5922
3624,光頡,20,0,20,元富-新店,2023-12-20,5922
1591,駿吉-KY,20,0,20,元富-新店,2023-12-20,5922
1731,美吾華,18,0,18,元富-新店,2023-12-20,5922
6136,富爾特,17,0,17,元富-新店,2023-12-20,5922
1905,華紙,18,1,17,元富-新店,2023-12-20,5922
00882,中信中國高股息,16,0,16,元富-新店,2023-12-20,5922
2610,華航,15,1,14,元富-新店,2023-12-20,5922
3035,智原,20,7,13,元富-新店,2023-12-20,5922
1720,生達,13,0,13,元富-新店,2023-12-20,5922
2388,威盛,21,8,13,元富-新店,2023-12-20,5922
8261,富鼎,13,0,13,元富-新店,2023-12-20,5922
2201,裕隆,27,15,12,元富-新店,2023-12-20,5922
3715,定穎投控,13,1,12,元富-新店,2023-12-20,5922
1522,堤維西,12,0,12,元富-新店,2023-12-20,5922
1326,台化,12,0,12,元富-新店,2023-12-20,5922
2363,矽統,55,43,12,元富-新店,2023-12-20,5922
8112,至上,12,1,11,元富-新店,2023-12-20,5922
1907,永豐餘,11,0,11,元富-新店,2023-12-20,5922
2385,群光,12,1,11,元富-新店,2023-12-20,5922
00679B,元大美債20年,23,13,10,元富-新店,2023-12-20,5922
2736,富野,10,0,10,元富-新店,2023-12-20,5922
2506,太設,10,0,10,元富-新店,2023-12-20,5922
2028,威致,10,0,10,元富-新店,2023-12-20,5922
2258,鴻華先進-創,10,0,10,元富-新店,2023-12-20,5922
1524,耿鼎,14,4,10,元富-新店,2023-12-20,5922
9945,潤泰新,10,0,10,元富-新店,2023-12-20,5922
3702,大聯大,15,6,9,元富-新店,2023-12-20,5922
2303,聯電,210,5,205,元富-新店,2023-12-21,5922
00929,復華台灣科技優息,109,7,102,元富-新店,2023-12-21,5922
2801,彰銀,62,0,62,元富-新店,2023-12-21,5922
00679B,元大美債20年,44,11,33,元富-新店,2023-12-21,5922
6443,元晶,33,0,33,元富-新店,2023-12-21,5922
0056,元大高股息,35,3,32,元富-新店,2023-12-21,5922
2317,鴻海,45,13,32,元富-新店,2023-12-21,5922
2324,仁寶,70,39,31,元富-新店,2023-12-21,5922
1591,駿吉-KY,30,0,30,元富-新店,2023-12-21,5922
2610,華航,33,3,30,元富-新店,2023-12-21,5922
2409,友達,40,11,29,元富-新店,2023-12-21,5922
2449,京元電子,31,4,27,元富-新店,2023-12-21,5922
6873,泓德能源,25,0,25,元富-新店,2023-12-21,5922
8033,雷虎,20,0,20,元富-新店,2023-12-21,5922
2611,志信,20,0,20,元富-新店,2023-12-21,5922
2201,裕隆,30,11,19,元富-新店,2023-12-21,5922
2615,萬海,48,29,19,元富-新店,2023-12-21,5922
00751B,元大AAA至A公司債,18,0,18,元富-新店,2023-12-21,5922
00922,國泰台灣領袖50,18,0,18,元富-新店,2023-12-21,5922
2362,藍天,19,3,16,元富-新店,2023-12-21,5922
2331,精英,24,9,15,元富-新店,2023-12-21,5922
2009,第一銅,15,0,15,元富-新店,2023-12-21,5922
2020,美亞,15,0,15,元富-新店,2023-12-21,5922
8222,寶一,28,14,14,元富-新店,2023-12-21,5922
3481,群創,52,38,14,元富-新店,2023-12-21,5922
4909,新復興,22,9,13,元富-新店,2023-12-21,5922
2617,台航,13,0,13,元富-新店,2023-12-21,5922
2506,太設,93,80,13,元富-新店,2023-12-21,5922
2028,威致,13,0,13,元富-新店,2023-12-21,5922
3706,神達,14,1,13,元富-新店,2023-12-21,5922
2344,華邦電,21,8,13,元富-新店,2023-12-21,5922
2883,凱基金,12,0,12,元富-新店,2023-12-21,5922
1102,亞泥,12,0,12,元富-新店,2023-12-21,5922
00712,復華富時不動產,12,0,12,元富-新店,2023-12-21,5922
00888,永豐台灣ESG,12,0,12,元富-新店,2023-12-21,5922
3532,台勝科,14,2,12,元富-新店,2023-12-21,5922
2882,國泰金,11,0,11,元富-新店,2023-12-21,5922
2014,中鴻,38,27,11,元富-新店,2023-12-21,5922
6182,合晶,13,2,11,元富-新店,2023-12-21,5922
1466,聚隆,12,1,11,元富-新店,2023-12-21,5922
6719,力智,11,0,11,元富-新店,2023-12-21,5922
2886,兆豐金,10,0,10,元富-新店,2023-12-21,5922
2462,良得電,10,0,10,元富-新店,2023-12-21,5922
00893,國泰智能電動車,12,2,10,元富-新店,2023-12-21,5922
1471,首利,10,0,10,元富-新店,2023-12-21,5922
3209,全科,10,0,10,元富-新店,2023-12-21,5922
3213,茂訊,12,2,10,元富-新店,2023-12-21,5922
3034,聯詠,9,0,9,元富-新店,2023-12-21,5922
3715,定穎投控,10,1,9,元富-新店,2023-12-21,5922
8936,國統,11,2,9,元富-新店,2023-12-21,5922
00680L,元大美債20正2,363,2,361,元富-新店,2023-12-22,5922
2913,農林,195,60,135,元富-新店,2023-12-22,5922
00637L,元大滬深300正2,86,7,79,元富-新店,2023-12-22,5922
2888,新光金,80,2,78,元富-新店,2023-12-22,5922
00882,中信中國高股息,52,1,51,元富-新店,2023-12-22,5922
2374,佳能,51,0,51,元富-新店,2023-12-22,5922
2324,仁寶,62,15,47,元富-新店,2023-12-22,5922
00919,群益台灣精選高息,46,0,46,元富-新店,2023-12-22,5922
2515,中工,441,395,46,元富-新店,2023-12-22,5922
2816,旺旺保,44,0,44,元富-新店,2023-12-22,5922
00720B,元大投資級公司債,41,0,41,元富-新店,2023-12-22,5922
2506,太設,142,101,41,元富-新店,2023-12-22,5922
00937B,群益ESG投等債20,38,0,38,元富-新店,2023-12-22,5922
6443,元晶,38,0,38,元富-新店,2023-12-22,5922
2618,長榮航,82,48,34,元富-新店,2023-12-22,5922
00773B,中信優先金融債,33,0,33,元富-新店,2023-12-22,5922
00795B,中信美國公債20年,31,0,31,元富-新店,2023-12-22,5922
2344,華邦電,148,118,30,元富-新店,2023-12-22,5922
2356,英業達,173,143,30,元富-新店,2023-12-22,5922
1303,南亞,29,0,29,元富-新店,2023-12-22,5922
8112,至上,34,6,28,元富-新店,2023-12-22,5922
00753L,中信中國50正2,27,1,26,元富-新店,2023-12-22,5922
2408,南亞科,82,56,26,元富-新店,2023-12-22,5922
2038,海光,25,0,25,元富-新店,2023-12-22,5922
00751B,元大AAA至A公司債,29,5,24,元富-新店,2023-12-22,5922
2516,新建,30,6,24,元富-新店,2023-12-22,5922
5009,榮剛,58,35,23,元富-新店,2023-12-22,5922
2610,華航,54,31,23,元富-新店,2023-12-22,5922
2020,美亞,23,0,23,元富-新店,2023-12-22,5922
6226,光鼎,20,0,20,元富-新店,2023-12-22,5922
00772B,中信高評級公司債,19,0,19,元富-新店,2023-12-22,5922
00687B,國泰20年美債,24,6,18,元富-新店,2023-12-22,5922
3006,晶豪科,72,55,17,元富-新店,2023-12-22,5922
2317,鴻海,21,5,16,元富-新店,2023-12-22,5922
2607,榮運,15,0,15,元富-新店,2023-12-22,5922
6873,泓德能源,15,0,15,元富-新店,2023-12-22,5922
3325,旭品,21,7,14,元富-新店,2023-12-22,5922
6114,久威,14,0,14,元富-新店,2023-12-22,5922
3363,上詮,15,1,14,元富-新店,2023-12-22,5922
00933B,國泰10Y+金融債,14,0,14,元富-新店,2023-12-22,5922
00929,復華台灣科技優息,39,25,14,元富-新店,2023-12-22,5922
00724B,群益投資級金融債,13,0,13,元富-新店,2023-12-22,5922
00713,元大台灣高息低波,12,0,12,元富-新店,2023-12-22,5922
1609,大亞,12,0,12,元富-新店,2023-12-22,5922
5351,鈺創,12,0,12,元富-新店,2023-12-22,5922
2201,裕隆,40,28,12,元富-新店,2023-12-22,5922
3576,聯合再生,11,0,11,元富-新店,2023-12-22,5922
3712,永崴投控,10,0,10,元富-新店,2023-12-22,5922
00936,台新永續高息中小,10,0,10,元富-新店,2023-12-22,5922
6282,康舒,10,0,10,元富-新店,2023-12-22,5922
2609,陽明,241,87,154,元富-新店,2023-12-25,5922
00919,群益台灣精選高息,92,0,92,元富-新店,2023-12-25,5922
00720B,元大投資級公司債,92,0,92,元富-新店,2023-12-25,5922
00637L,元大滬深300正2,77,2,75,元富-新店,2023-12-25,5922
2374,佳能,50,0,50,元富-新店,2023-12-25,5922
00937B,群益ESG投等債20,49,5,44,元富-新店,2023-12-25,5922
00892,富邦台灣半導體,45,1,44,元富-新店,2023-12-25,5922
00751B,元大AAA至A公司債,41,0,41,元富-新店,2023-12-25,5922
3078,僑威,41,1,40,元富-新店,2023-12-25,5922
00706L,期元大S＆P日圓正2,47,10,37,元富-新店,2023-12-25,5922
2498,宏達電,79,44,35,元富-新店,2023-12-25,5922
00929,復華台灣科技優息,34,0,34,元富-新店,2023-12-25,5922
00680L,元大美債20正2,32,0,32,元富-新店,2023-12-25,5922
1337,再生-KY,59,27,32,元富-新店,2023-12-25,5922
00679B,元大美債20年,48,18,30,元富-新店,2023-12-25,5922
00772B,中信高評級公司債,26,0,26,元富-新店,2023-12-25,5922
2464,盟立,25,0,25,元富-新店,2023-12-25,5922
2010,春源,25,0,25,元富-新店,2023-12-25,5922
00724B,群益投資級金融債,25,0,25,元富-新店,2023-12-25,5922
2449,京元電子,26,1,25,元富-新店,2023-12-25,5922
3211,順達,24,0,24,元富-新店,2023-12-25,5922
2405,輔信,28,6,22,元富-新店,2023-12-25,5922
2421,建準,71,49,22,元富-新店,2023-12-25,5922
00931B,統一美債20年,21,0,21,元富-新店,2023-12-25,5922
8084,巨虹,21,0,21,元富-新店,2023-12-25,5922
3712,永崴投控,20,0,20,元富-新店,2023-12-25,5922
2025,千興,20,0,20,元富-新店,2023-12-25,5922
2705,六福,20,1,19,元富-新店,2023-12-25,5922
2324,仁寶,222,203,19,元富-新店,2023-12-25,5922
00891,中信關鍵半導體,21,3,18,元富-新店,2023-12-25,5922
6550,北極星藥業-KY,39,23,16,元富-新店,2023-12-25,5922
00882,中信中國高股息,16,0,16,元富-新店,2023-12-25,5922
4906,正文,15,0,15,元富-新店,2023-12-25,5922
3481,群創,30,16,14,元富-新店,2023-12-25,5922
6589,台康生技,14,0,14,元富-新店,2023-12-25,5922
2506,太設,23,10,13,元富-新店,2023-12-25,5922
9924,福興,11,0,11,元富-新店,2023-12-25,5922
3576,聯合再生,11,0,11,元富-新店,2023-12-25,5922
2883,凱基金,10,0,10,元富-新店,2023-12-25,5922
1102,亞泥,10,0,10,元富-新店,2023-12-25,5922
4973,廣穎,10,0,10,元富-新店,2023-12-25,5922
3047,訊舟,10,0,10,元富-新店,2023-12-25,5922
6770,力積電,10,0,10,元富-新店,2023-12-25,5922
3086,華義,10,0,10,元富-新店,2023-12-25,5922
2897,王道銀行,10,0,10,元富-新店,2023-12-25,5922
6806,森崴能源,10,0,10,元富-新店,2023-12-25,5922
00795B,中信美國公債20年,20,10,10,元富-新店,2023-12-25,5922
3287,廣寰科,9,0,9,元富-新店,2023-12-25,5922
9962,有益,10,1,9,元富-新店,2023-12-25,5922
3715,定穎投控,10,1,9,元富-新店,2023-12-25,5922
2020,美亞,89,4,85,元富-新店,2023-12-26,5922
1301,台塑,100,31,69,元富-新店,2023-12-26,5922
4714,永捷,74,14,60,元富-新店,2023-12-26,5922
00937B,群益ESG投等債20,54,1,53,元富-新店,2023-12-26,5922
2609,陽明,151,98,53,元富-新店,2023-12-26,5922
00637L,元大滬深300正2,46,0,46,元富-新店,2023-12-26,5922
00688L,國泰20年美債正2,40,0,40,元富-新店,2023-12-26,5922
3624,光頡,39,0,39,元富-新店,2023-12-26,5922
9105,泰金寶-DR,30,0,30,元富-新店,2023-12-26,5922
00795B,中信美國公債20年,30,0,30,元富-新店,2023-12-26,5922
1312,國喬,30,4,26,元富-新店,2023-12-26,5922
6415,矽力*-KY,22,1,21,元富-新店,2023-12-26,5922
00919,群益台灣精選高息,22,1,21,元富-新店,2023-12-26,5922
1313,聯成,20,0,20,元富-新店,2023-12-26,5922
2889,國票金,29,10,19,元富-新店,2023-12-26,5922
3694,海華,28,12,16,元富-新店,2023-12-26,5922
2816,旺旺保,17,2,15,元富-新店,2023-12-26,5922
9919,康那香,15,0,15,元富-新店,2023-12-26,5922
8054,安國,14,0,14,元富-新店,2023-12-26,5922
8066,來思達,13,0,13,元富-新店,2023-12-26,5922
5521,工信,12,0,12,元富-新店,2023-12-26,5922
00882,中信中國高股息,17,6,11,元富-新店,2023-12-26,5922
00934,中信成長高股息,10,0,10,元富-新店,2023-12-26,5922
3122,笙泉,14,4,10,元富-新店,2023-12-26,5922
6799,來頡,10,0,10,元富-新店,2023-12-26,5922
1810,和成,10,0,10,元富-新店,2023-12-26,5922
00706L,期元大S＆P日圓正2,10,0,10,元富-新店,2023-12-26,5922
2465,麗臺,10,0,10,元富-新店,2023-12-26,5922
2547,日勝生,10,0,10,元富-新店,2023-12-26,5922
4167,松瑞藥,10,0,10,元富-新店,2023-12-26,5922
1616,億泰,10,0,10,元富-新店,2023-12-26,5922
2354,鴻準,10,0,10,元富-新店,2023-12-26,5922
2352,佳世達,12,2,10,元富-新店,2023-12-26,5922
2362,藍天,11,2,9,元富-新店,2023-12-26,5922
00680L,元大美債20正2,11,2,9,元富-新店,2023-12-26,5922
3705,永信,9,0,9,元富-新店,2023-12-26,5922
6821,聯寶,16,7,9,元富-新店,2023-12-26,5922
6282,康舒,10,2,8,元富-新店,2023-12-26,5922
2324,仁寶,146,138,8,元富-新店,2023-12-26,5922
1608,華榮,10,2,8,元富-新店,2023-12-26,5922
6191,精成科,8,0,8,元富-新店,2023-12-26,5922
5880,合庫金,8,0,8,元富-新店,2023-12-26,5922
1806,冠軍,7,0,7,元富-新店,2023-12-26,5922
3088,艾訊,7,0,7,元富-新店,2023-12-26,5922
6266,泰詠,7,0,7,元富-新店,2023-12-26,5922
6284,佳邦,7,0,7,元富-新店,2023-12-26,5922
8089,康全電訊,14,8,6,元富-新店,2023-12-26,5922
2027,大成鋼,7,1,6,元富-新店,2023-12-26,5922
2634,漢翔,6,0,6,元富-新店,2023-12-26,5922
2327,國巨,7,1,6,元富-新店,2023-12-26,5922
9105,泰金寶-DR,282,0,282,元富-新店,2023-12-27,5922
00937B,群益ESG投等債20,179,4,175,元富-新店,2023-12-27,5922
2010,春源,166,20,146,元富-新店,2023-12-27,5922
00680L,元大美債20正2,54,0,54,元富-新店,2023-12-27,5922
2362,藍天,61,9,52,元富-新店,2023-12-27,5922
6443,元晶,40,0,40,元富-新店,2023-12-27,5922
00919,群益台灣精選高息,53,14,39,元富-新店,2023-12-27,5922
8011,台通,30,3,27,元富-新店,2023-12-27,5922
00687B,國泰20年美債,24,1,23,元富-新店,2023-12-27,5922
00637L,元大滬深300正2,24,2,22,元富-新店,2023-12-27,5922
3231,緯創,26,6,20,元富-新店,2023-12-27,5922
2258,鴻華先進-創,20,0,20,元富-新店,2023-12-27,5922
5410,國眾,21,1,20,元富-新店,2023-12-27,5922
00632R,元大台灣50反1,26,6,20,元富-新店,2023-12-27,5922
3694,海華,23,3,20,元富-新店,2023-12-27,5922
6148,驊宏資,21,2,19,元富-新店,2023-12-27,5922
1733,五鼎,34,16,18,元富-新店,2023-12-27,5922
2543,皇昌,16,0,16,元富-新店,2023-12-27,5922
3321,同泰,16,0,16,元富-新店,2023-12-27,5922
00795B,中信美國公債20年,15,0,15,元富-新店,2023-12-27,5922
8059,凱碩,21,6,15,元富-新店,2023-12-27,5922
6136,富爾特,13,0,13,元富-新店,2023-12-27,5922
6243,迅杰,31,18,13,元富-新店,2023-12-27,5922
2889,國票金,21,8,13,元富-新店,2023-12-27,5922
1711,永光,13,0,13,元富-新店,2023-12-27,5922
1905,華紙,13,0,13,元富-新店,2023-12-27,5922
2883,凱基金,13,1,12,元富-新店,2023-12-27,5922
00773B,中信優先金融債,12,0,12,元富-新店,2023-12-27,5922
1584,精剛,10,0,10,元富-新店,2023-12-27,5922
00900,富邦特選高股息30,10,0,10,元富-新店,2023-12-27,5922
3017,奇鋐,15,5,10,元富-新店,2023-12-27,5922
2612,中航,10,0,10,元富-新店,2023-12-27,5922
6226,光鼎,10,0,10,元富-新店,2023-12-27,5922
00706L,期元大S＆P日圓正2,10,0,10,元富-新店,2023-12-27,5922
00669R,國泰美國道瓊反1,10,0,10,元富-新店,2023-12-27,5922
2002,中鋼,11,1,10,元富-新店,2023-12-27,5922
3576,聯合再生,30,21,9,元富-新店,2023-12-27,5922
8085,福華,11,2,9,元富-新店,2023-12-27,5922
6695,芯鼎,52,43,9,元富-新店,2023-12-27,5922
3264,欣銓,12,3,9,元富-新店,2023-12-27,5922
3006,晶豪科,51,42,9,元富-新店,2023-12-27,5922
00753L,中信中國50正2,8,0,8,元富-新店,2023-12-27,5922
00720B,元大投資級公司債,7,0,7,元富-新店,2023-12-27,5922
4979,華星光,7,0,7,元富-新店,2023-12-27,5922
2363,矽統,16,9,7,元富-新店,2023-12-27,5922
5483,中美晶,9,2,7,元富-新店,2023-12-27,5922
2006,東和鋼鐵,9,2,7,元富-新店,2023-12-27,5922
2634,漢翔,7,0,7,元富-新店,2023-12-27,5922
00933B,國泰10Y+金融債,7,0,7,元富-新店,2023-12-27,5922
00724B,群益投資級金融債,7,0,7,元富-新店,2023-12-27,5922
00937B,群益ESG投等債20,193,30,163,元富-新店,2023-12-28,5922
00680L,元大美債20正2,111,10,101,元富-新店,2023-12-28,5922
2498,宏達電,102,1,101,元富-新店,2023-12-28,5922
00933B,國泰10Y+金融債,90,0,90,元富-新店,2023-12-28,5922
00671R,富邦NASDAQ反1,70,0,70,元富-新店,2023-12-28,5922
00688L,國泰20年美債正2,63,0,63,元富-新店,2023-12-28,5922
6266,泰詠,77,24,53,元富-新店,2023-12-28,5922
5410,國眾,52,3,49,元富-新店,2023-12-28,5922
00633L,富邦上証正2,47,2,45,元富-新店,2023-12-28,5922
00919,群益台灣精選高息,42,5,37,元富-新店,2023-12-28,5922
2329,華泰,31,2,29,元富-新店,2023-12-28,5922
2363,矽統,37,8,29,元富-新店,2023-12-28,5922
00929,復華台灣科技優息,50,22,28,元富-新店,2023-12-28,5922
2362,藍天,38,10,28,元富-新店,2023-12-28,5922
3024,憶聲,31,4,27,元富-新店,2023-12-28,5922
1514,亞力,44,17,27,元富-新店,2023-12-28,5922
00720B,元大投資級公司債,21,0,21,元富-新店,2023-12-28,5922
1710,東聯,21,0,21,元富-新店,2023-12-28,5922
2337,旺宏,27,6,21,元富-新店,2023-12-28,5922
2258,鴻華先進-創,20,0,20,元富-新店,2023-12-28,5922
2365,昆盈,25,5,20,元富-新店,2023-12-28,5922
4533,協易機,18,0,18,元富-新店,2023-12-28,5922
2801,彰銀,18,0,18,元富-新店,2023-12-28,5922
2816,旺旺保,16,0,16,元富-新店,2023-12-28,5922
2324,仁寶,51,35,16,元富-新店,2023-12-28,5922
8096,擎亞,47,32,15,元富-新店,2023-12-28,5922
3363,上詮,15,0,15,元富-新店,2023-12-28,5922
2201,裕隆,29,14,15,元富-新店,2023-12-28,5922
0056,元大高股息,27,13,14,元富-新店,2023-12-28,5922
00882,中信中國高股息,14,0,14,元富-新店,2023-12-28,5922
2353,宏��,123,111,12,元富-新店,2023-12-28,5922
4906,正文,12,1,11,元富-新店,2023-12-28,5922
2610,華航,11,0,11,元富-新店,2023-12-28,5922
8926,台汽電,10,0,10,元富-新店,2023-12-28,5922
2906,高林,10,0,10,元富-新店,2023-12-28,5922
6205,詮欣,10,0,10,元富-新店,2023-12-28,5922
4973,廣穎,15,5,10,元富-新店,2023-12-28,5922
2312,金寶,10,0,10,元富-新店,2023-12-28,5922
5521,工信,10,0,10,元富-新店,2023-12-28,5922
6274,台燿,21,11,10,元富-新店,2023-12-28,5922
00687B,國泰20年美債,15,6,9,元富-新店,2023-12-28,5922
1434,福懋,9,0,9,元富-新店,2023-12-28,5922
1720,生達,9,0,9,元富-新店,2023-12-28,5922
6668,中揚光,17,9,8,元富-新店,2023-12-28,5922
00719B,元大美債1-3,8,0,8,元富-新店,2023-12-28,5922
6179,亞通,12,4,8,元富-新店,2023-12-28,5922
1504,東元,11,3,8,元富-新店,2023-12-28,5922
6139,亞翔,10,2,8,元富-新店,2023-12-28,5922
1101,台泥,8,0,8,元富-新店,2023-12-28,5922
3035,智原,7,0,7,元富-新店,2023-12-28,5922
00937B,群益ESG投等債20,124,0,124,元富-新店,2023-12-29,5922
2816,旺旺保,71,0,71,元富-新店,2023-12-29,5922
3231,緯創,146,85,61,元富-新店,2023-12-29,5922
00882,中信中國高股息,56,0,56,元富-新店,2023-12-29,5922
2371,大同,53,6,47,元富-新店,2023-12-29,5922
00632R,元大台灣50反1,41,0,41,元富-新店,2023-12-29,5922
3006,晶豪科,50,11,39,元富-新店,2023-12-29,5922
00919,群益台灣精選高息,43,5,38,元富-新店,2023-12-29,5922
2883,凱基金,36,0,36,元富-新店,2023-12-29,5922
2465,麗臺,36,1,35,元富-新店,2023-12-29,5922
6191,精成科,35,0,35,元富-新店,2023-12-29,5922
3450,聯鈞,54,19,35,元富-新店,2023-12-29,5922
2344,華邦電,42,13,29,元富-新店,2023-12-29,5922
00929,復華台灣科技優息,29,0,29,元富-新店,2023-12-29,5922
6125,廣運,66,39,27,元富-新店,2023-12-29,5922
2027,大成鋼,30,4,26,元富-新店,2023-12-29,5922
6284,佳邦,24,1,23,元富-新店,2023-12-29,5922
5469,瀚宇博,23,0,23,元富-新店,2023-12-29,5922
2409,友達,35,12,23,元富-新店,2023-12-29,5922
00688L,國泰20年美債正2,20,0,20,元富-新店,2023-12-29,5922
3715,定穎投控,40,23,17,元富-新店,2023-12-29,5922
00891,中信關鍵半導體,17,0,17,元富-新店,2023-12-29,5922
1609,大亞,18,1,17,元富-新店,2023-12-29,5922
2323,中環,15,0,15,元富-新店,2023-12-29,5922
00676R,富邦臺灣加權反1,15,0,15,元富-新店,2023-12-29,5922
00686R,群益臺灣加權反1,15,0,15,元富-新店,2023-12-29,5922
00664R,國泰臺灣加權反1,15,0,15,元富-新店,2023-12-29,5922
3376,新日興,14,1,13,元富-新店,2023-12-29,5922
1503,士電,23,11,12,元富-新店,2023-12-29,5922
1519,華城,49,37,12,元富-新店,2023-12-29,5922
2317,鴻海,17,5,12,元富-新店,2023-12-29,5922
2388,威盛,22,11,11,元富-新店,2023-12-29,5922
8096,擎亞,44,33,11,元富-新店,2023-12-29,5922
00680L,元大美債20正2,10,0,10,元富-新店,2023-12-29,5922
3308,聯德,10,0,10,元富-新店,2023-12-29,5922
00687B,國泰20年美債,14,4,10,元富-新店,2023-12-29,5922
1815,富喬,10,0,10,元富-新店,2023-12-29,5922
9105,泰金寶-DR,10,0,10,元富-新店,2023-12-29,5922
3325,旭品,23,14,9,元富-新店,2023-12-29,5922
1591,駿吉-KY,9,0,9,元富-新店,2023-12-29,5922
00934,中信成長高股息,8,0,8,元富-新店,2023-12-29,5922
0056,元大高股息,13,5,8,元富-新店,2023-12-29,5922
00719B,元大美債1-3,8,0,8,元富-新店,2023-12-29,5922
5608,四維航,10,2,8,元富-新店,2023-12-29,5922
3652,精聯,8,0,8,元富-新店,2023-12-29,5922
8936,國統,7,0,7,元富-新店,2023-12-29,5922
2101,南港,7,0,7,元富-新店,2023-12-29,5922
1907,永豐餘,7,0,7,元富-新店,2023-12-29,5922
8112,至上,15,8,7,元富-新店,2023-12-29,5922
6756,威鋒電子,13,6,7,元富-新店,2023-12-29,5922
00688L,國泰20年美債正2,192,0,192,元富-新店,2024-01-02,5922
00937B,群益ESG投等債20,222,50,172,元富-新店,2024-01-02,5922
2371,大同,150,2,148,元富-新店,2024-01-02,5922
1301,台塑,128,0,128,元富-新店,2024-01-02,5922
3450,聯鈞,117,0,117,元富-新店,2024-01-02,5922
00720B,元大投資級公司債,72,0,72,元富-新店,2024-01-02,5922
00929,復華台灣科技優息,66,2,64,元富-新店,2024-01-02,5922
4162,智擎,61,2,59,元富-新店,2024-01-02,5922
00931B,統一美債20年,58,0,58,元富-新店,2024-01-02,5922
00919,群益台灣精選高息,62,5,57,元富-新店,2024-01-02,5922
00795B,中信美國公債20年,56,0,56,元富-新店,2024-01-02,5922
2353,宏��,101,47,54,元富-新店,2024-01-02,5922
00878,國泰永續高股息,54,5,49,元富-新店,2024-01-02,5922
00724B,群益投資級金融債,48,0,48,元富-新店,2024-01-02,5922
00680L,元大美債20正2,48,0,48,元富-新店,2024-01-02,5922
00637L,元大滬深300正2,42,0,42,元富-新店,2024-01-02,5922
00891,中信關鍵半導體,41,0,41,元富-新店,2024-01-02,5922
2374,佳能,40,0,40,元富-新店,2024-01-02,5922
2543,皇昌,37,1,36,元富-新店,2024-01-02,5922
1815,富喬,44,9,35,元富-新店,2024-01-02,5922
00664R,國泰臺灣加權反1,32,0,32,元富-新店,2024-01-02,5922
6237,驊訊,32,0,32,元富-新店,2024-01-02,5922
00687B,國泰20年美債,28,0,28,元富-新店,2024-01-02,5922
3231,緯創,76,49,27,元富-新店,2024-01-02,5922
2516,新建,26,0,26,元富-新店,2024-01-02,5922
00712,復華富時不動產,24,0,24,元富-新店,2024-01-02,5922
2382,廣達,29,8,21,元富-新店,2024-01-02,5922
00773B,中信優先金融債,21,0,21,元富-新店,2024-01-02,5922
2352,佳世達,20,0,20,元富-新店,2024-01-02,5922
2615,萬海,54,39,15,元富-新店,2024-01-02,5922
6139,亞翔,16,1,15,元富-新店,2024-01-02,5922
2408,南亞科,21,6,15,元富-新店,2024-01-02,5922
5425,台半,14,1,13,元富-新店,2024-01-02,5922
5439,高技,15,2,13,元富-新店,2024-01-02,5922
00751B,元大AAA至A公司債,35,23,12,元富-新店,2024-01-02,5922
00918,大華優利高填息30,11,0,11,元富-新店,2024-01-02,5922
2606,裕民,11,0,11,元富-新店,2024-01-02,5922
2355,敬鵬,11,1,10,元富-新店,2024-01-02,5922
4960,誠美材,10,0,10,元富-新店,2024-01-02,5922
3537,堡達,10,0,10,元富-新店,2024-01-02,5922
00633L,富邦上証正2,10,0,10,元富-新店,2024-01-02,5922
1514,亞力,11,2,9,元富-新店,2024-01-02,5922
3694,海華,10,1,9,元富-新店,2024-01-02,5922
2376,技嘉,17,9,8,元富-新店,2024-01-02,5922
3006,晶豪科,10,2,8,元富-新店,2024-01-02,5922
2605,新興,10,2,8,元富-新店,2024-01-02,5922
8096,擎亞,42,34,8,元富-新店,2024-01-02,5922
2642,宅配通,8,0,8,元富-新店,2024-01-02,5922
3059,華晶科,10,2,8,元富-新店,2024-01-02,5922
00772B,中信高評級公司債,12,5,7,元富-新店,2024-01-02,5922
00888,永豐台灣ESG,226,0,226,元富-新店,2024-01-03,5922
00919,群益台灣精選高息,137,4,133,元富-新店,2024-01-03,5922
00937B,群益ESG投等債20,129,0,129,元富-新店,2024-01-03,5922
00929,復華台灣科技優息,113,2,111,元富-新店,2024-01-03,5922
00632R,元大台灣50反1,130,47,83,元富-新店,2024-01-03,5922
5521,工信,281,218,63,元富-新店,2024-01-03,5922
1314,中石化,60,0,60,元富-新店,2024-01-03,5922
2303,聯電,62,7,55,元富-新店,2024-01-03,5922
3576,聯合再生,50,0,50,元富-新店,2024-01-03,5922
2610,華航,78,30,48,元富-新店,2024-01-03,5922
00637L,元大滬深300正2,63,15,48,元富-新店,2024-01-03,5922
00923,群益台ESG低碳50,47,0,47,元富-新店,2024-01-03,5922
2618,長榮航,58,15,43,元富-新店,2024-01-03,5922
00688L,國泰20年美債正2,43,0,43,元富-新店,2024-01-03,5922
0056,元大高股息,44,2,42,元富-新店,2024-01-03,5922
00720B,元大投資級公司債,40,2,38,元富-新店,2024-01-03,5922
2801,彰銀,38,0,38,元富-新店,2024-01-03,5922
1301,台塑,37,0,37,元富-新店,2024-01-03,5922
2467,志聖,35,2,33,元富-新店,2024-01-03,5922
3450,聯鈞,32,1,31,元富-新店,2024-01-03,5922
2201,裕隆,64,33,31,元富-新店,2024-01-03,5922
00878,國泰永續高股息,52,22,30,元富-新店,2024-01-03,5922
2362,藍天,182,154,28,元富-新店,2024-01-03,5922
1815,富喬,30,2,28,元富-新店,2024-01-03,5922
8112,至上,30,2,28,元富-新店,2024-01-03,5922
00934,中信成長高股息,27,0,27,元富-新店,2024-01-03,5922
00891,中信關鍵半導體,33,6,27,元富-新店,2024-01-03,5922
2352,佳世達,28,1,27,元富-新店,2024-01-03,5922
3211,順達,23,0,23,元富-新店,2024-01-03,5922
00933B,國泰10Y+金融債,21,0,21,元富-新店,2024-01-03,5922
00931B,統一美債20年,21,0,21,元富-新店,2024-01-03,5922
3402,漢科,20,0,20,元富-新店,2024-01-03,5922
8084,巨虹,20,0,20,元富-新店,2024-01-03,5922
00935,野村臺灣新科技50,20,0,20,元富-新店,2024-01-03,5922
2609,陽明,86,66,20,元富-新店,2024-01-03,5922
2330,台積電,19,1,18,元富-新店,2024-01-03,5922
2883,凱基金,17,0,17,元富-新店,2024-01-03,5922
5515,建國,16,0,16,元富-新店,2024-01-03,5922
1303,南亞,16,0,16,元富-新店,2024-01-03,5922
2353,宏��,33,18,15,元富-新店,2024-01-03,5922
1909,榮成,15,0,15,元富-新店,2024-01-03,5922
6191,精成科,17,2,15,元富-新店,2024-01-03,5922
00724B,群益投資級金融債,15,0,15,元富-新店,2024-01-03,5922
00712,復華富時不動產,14,0,14,元富-新店,2024-01-03,5922
5425,台半,22,8,14,元富-新店,2024-01-03,5922
00636,國泰中國A50,13,0,13,元富-新店,2024-01-03,5922
4909,新復興,16,3,13,元富-新店,2024-01-03,5922
3162,精確,13,0,13,元富-新店,2024-01-03,5922
2449,京元電子,12,0,12,元富-新店,2024-01-03,5922
2371,大同,14,2,12,元富-新店,2024-01-03,5922
2303,聯電,409,11,398,元富-新店,2024-01-04,5922
00712,復華富時不動產,171,0,171,元富-新店,2024-01-04,5922
00929,復華台灣科技優息,131,1,130,元富-新店,2024-01-04,5922
2618,長榮航,197,79,118,元富-新店,2024-01-04,5922
00937B,群益ESG投等債20,114,0,114,元富-新店,2024-01-04,5922
2371,大同,102,1,101,元富-新店,2024-01-04,5922
0056,元大高股息,106,8,98,元富-新店,2024-01-04,5922
00902,中信電池及儲能,96,0,96,元富-新店,2024-01-04,5922
00637L,元大滬深300正2,102,10,92,元富-新店,2024-01-04,5922
8011,台通,70,0,70,元富-新店,2024-01-04,5922
2881,富邦金,52,0,52,元富-新店,2024-01-04,5922
2610,華航,57,13,44,元富-新店,2024-01-04,5922
00687B,國泰20年美債,44,2,42,元富-新店,2024-01-04,5922
3712,永崴投控,40,0,40,元富-新店,2024-01-04,5922
2449,京元電子,35,2,33,元富-新店,2024-01-04,5922
6164,華興,30,0,30,元富-新店,2024-01-04,5922
00764B,群益25年美債,29,0,29,元富-新店,2024-01-04,5922
2641,正德,39,10,29,元富-新店,2024-01-04,5922
3260,威剛,27,2,25,元富-新店,2024-01-04,5922
5521,工信,147,125,22,元富-新店,2024-01-04,5922
3576,聯合再生,27,5,22,元富-新店,2024-01-04,5922
2353,宏��,57,36,21,元富-新店,2024-01-04,5922
00773B,中信優先金融債,21,0,21,元富-新店,2024-01-04,5922
2362,藍天,25,4,21,元富-新店,2024-01-04,5922
00877,復華中國5G,20,0,20,元富-新店,2024-01-04,5922
00927,群益半導體收益,19,0,19,元富-新店,2024-01-04,5922
00720B,元大投資級公司債,17,0,17,元富-新店,2024-01-04,5922
2356,英業達,40,23,17,元富-新店,2024-01-04,5922
3211,順達,16,0,16,元富-新店,2024-01-04,5922
2332,友訊,15,0,15,元富-新店,2024-01-04,5922
6117,迎廣,27,12,15,元富-新店,2024-01-04,5922
2027,大成鋼,16,1,15,元富-新店,2024-01-04,5922
00706L,期元大S＆P日圓正2,14,0,14,元富-新店,2024-01-04,5922
2376,技嘉,16,2,14,元富-新店,2024-01-04,5922
3037,欣興,15,2,13,元富-新店,2024-01-04,5922
2009,第一銅,19,6,13,元富-新店,2024-01-04,5922
2331,精英,20,7,13,元富-新店,2024-01-04,5922
00679B,元大美債20年,13,1,12,元富-新店,2024-01-04,5922
5351,鈺創,19,7,12,元富-新店,2024-01-04,5922
3325,旭品,50,38,12,元富-新店,2024-01-04,5922
6125,廣運,23,12,11,元富-新店,2024-01-04,5922
2377,微星,11,0,11,元富-新店,2024-01-04,5922
6271,同欣電,14,3,11,元富-新店,2024-01-04,5922
00881,國泰台灣5G+,11,0,11,元富-新店,2024-01-04,5922
8046,南電,14,4,10,元富-新店,2024-01-04,5922
2486,一詮,110,100,10,元富-新店,2024-01-04,5922
2887,台新金,10,0,10,元富-新店,2024-01-04,5922
2516,新建,10,0,10,元富-新店,2024-01-04,5922
6788,華景電,10,0,10,元富-新店,2024-01-04,5922
1514,亞力,58,48,10,元富-新店,2024-01-04,5922
00648R,元大S＆P500反1,780,0,780,元富-新店,2024-01-05,5922
2486,一詮,719,2,717,元富-新店,2024-01-05,5922
00632R,元大台灣50反1,250,54,196,元富-新店,2024-01-05,5922
00929,復華台灣科技優息,93,8,85,元富-新店,2024-01-05,5922
00751B,元大AAA至A公司債,73,5,68,元富-新店,2024-01-05,5922
3032,偉訓,75,15,60,元富-新店,2024-01-05,5922
00712,復華富時不動產,57,0,57,元富-新店,2024-01-05,5922
6163,華電網,55,0,55,元富-新店,2024-01-05,5922
2303,聯電,67,13,54,元富-新店,2024-01-05,5922
2816,旺旺保,54,1,53,元富-新店,2024-01-05,5922
00773B,中信優先金融債,43,0,43,元富-新店,2024-01-05,5922
00688L,國泰20年美債正2,34,0,34,元富-新店,2024-01-05,5922
2353,宏��,46,15,31,元富-新店,2024-01-05,5922
2618,長榮航,62,32,30,元富-新店,2024-01-05,5922
00679B,元大美債20年,30,1,29,元富-新店,2024-01-05,5922
6153,嘉聯益,30,1,29,元富-新店,2024-01-05,5922
00919,群益台灣精選高息,55,26,29,元富-新店,2024-01-05,5922
00687B,國泰20年美債,31,4,27,元富-新店,2024-01-05,5922
2356,英業達,98,72,26,元富-新店,2024-01-05,5922
2610,華航,31,6,25,元富-新店,2024-01-05,5922
2885,元大金,21,0,21,元富-新店,2024-01-05,5922
00795B,中信美國公債20年,21,0,21,元富-新店,2024-01-05,5922
2867,三商壽,20,0,20,元富-新店,2024-01-05,5922
3264,欣銓,19,1,18,元富-新店,2024-01-05,5922
3576,聯合再生,18,0,18,元富-新店,2024-01-05,5922
2330,台積電,16,0,16,元富-新店,2024-01-05,5922
00878,國泰永續高股息,21,6,15,元富-新店,2024-01-05,5922
3450,聯鈞,14,0,14,元富-新店,2024-01-05,5922
8096,擎亞,158,144,14,元富-新店,2024-01-05,5922
6161,捷波,15,2,13,元富-新店,2024-01-05,5922
3207,耀勝,15,2,13,元富-新店,2024-01-05,5922
3380,明泰,14,2,12,元富-新店,2024-01-05,5922
2812,台中銀,12,0,12,元富-新店,2024-01-05,5922
4909,新復興,12,0,12,元富-新店,2024-01-05,5922
2408,南亞科,12,0,12,元富-新店,2024-01-05,5922
4147,中裕,12,0,12,元富-新店,2024-01-05,5922
00927,群益半導體收益,11,0,11,元富-新店,2024-01-05,5922
00937B,群益ESG投等債20,82,71,11,元富-新店,2024-01-05,5922
4906,正文,12,1,11,元富-新店,2024-01-05,5922
3044,健鼎,10,0,10,元富-新店,2024-01-05,5922
00881,國泰台灣5G+,10,0,10,元富-新店,2024-01-05,5922
1314,中石化,10,0,10,元富-新店,2024-01-05,5922
1472,三洋實業,10,0,10,元富-新店,2024-01-05,5922
4942,嘉彰,10,0,10,元富-新店,2024-01-05,5922
4960,誠美材,10,0,10,元富-新店,2024-01-05,5922
5351,鈺創,11,1,10,元富-新店,2024-01-05,5922
8436,大江,10,0,10,元富-新店,2024-01-05,5922
00720B,元大投資級公司債,11,2,9,元富-新店,2024-01-05,5922
6667,信紘科,18,9,9,元富-新店,2024-01-05,5922
6550,北極星藥業-KY,10,1,9,元富-新店,2024-01-05,5922
00648R,元大S＆P500反1,1461,0,1461,元富-新店,2024-01-08,5922
00632R,元大台灣50反1,265,0,265,元富-新店,2024-01-08,5922
2303,聯電,165,1,164,元富-新店,2024-01-08,5922
2486,一詮,159,4,155,元富-新店,2024-01-08,5922
00937B,群益ESG投等債20,117,7,110,元富-新店,2024-01-08,5922
8011,台通,105,5,100,元富-新店,2024-01-08,5922
00637L,元大滬深300正2,96,0,96,元富-新店,2024-01-08,5922
00687B,國泰20年美債,67,1,66,元富-新店,2024-01-08,5922
00679B,元大美債20年,64,5,59,元富-新店,2024-01-08,5922
00720B,元大投資級公司債,95,40,55,元富-新店,2024-01-08,5922
00680L,元大美債20正2,54,0,54,元富-新店,2024-01-08,5922
00934,中信成長高股息,52,0,52,元富-新店,2024-01-08,5922
00927,群益半導體收益,45,0,45,元富-新店,2024-01-08,5922
2353,宏��,88,43,45,元富-新店,2024-01-08,5922
00919,群益台灣精選高息,71,29,42,元富-新店,2024-01-08,5922
2607,榮運,51,22,29,元富-新店,2024-01-08,5922
2449,京元電子,28,0,28,元富-新店,2024-01-08,5922
00795B,中信美國公債20年,27,0,27,元富-新店,2024-01-08,5922
00929,復華台灣科技優息,100,74,26,元富-新店,2024-01-08,5922
00751B,元大AAA至A公司債,47,21,26,元富-新店,2024-01-08,5922
2362,藍天,43,20,23,元富-新店,2024-01-08,5922
2331,精英,31,8,23,元富-新店,2024-01-08,5922
2344,華邦電,24,1,23,元富-新店,2024-01-08,5922
5203,訊連,20,0,20,元富-新店,2024-01-08,5922
00725B,國泰投資級公司債,20,0,20,元富-新店,2024-01-08,5922
2611,志信,30,10,20,元富-新店,2024-01-08,5922
00877,復華中國5G,19,0,19,元富-新店,2024-01-08,5922
00753L,中信中國50正2,19,0,19,元富-新店,2024-01-08,5922
6770,力積電,44,26,18,元富-新店,2024-01-08,5922
2504,國產,16,0,16,元富-新店,2024-01-08,5922
2609,陽明,54,39,15,元富-新店,2024-01-08,5922
6005,群益證,16,2,14,元富-新店,2024-01-08,5922
2610,華航,28,15,13,元富-新店,2024-01-08,5922
1513,中興電,16,3,13,元富-新店,2024-01-08,5922
00936,台新永續高息中小,13,1,12,元富-新店,2024-01-08,5922
6140,訊達,22,11,11,元富-新店,2024-01-08,5922
00650L,復華香港正2,11,0,11,元富-新店,2024-01-08,5922
2388,威盛,43,32,11,元富-新店,2024-01-08,5922
00688L,國泰20年美債正2,42,31,11,元富-新店,2024-01-08,5922
8105,凌巨,10,0,10,元富-新店,2024-01-08,5922
00669R,國泰美國道瓊反1,10,0,10,元富-新店,2024-01-08,5922
2354,鴻準,10,0,10,元富-新店,2024-01-08,5922
00636,國泰中國A50,10,0,10,元富-新店,2024-01-08,5922
2332,友訊,10,0,10,元富-新店,2024-01-08,5922
1609,大亞,10,0,10,元富-新店,2024-01-08,5922
5210,寶碩,10,0,10,元富-新店,2024-01-08,5922
3105,穩懋,14,4,10,元富-新店,2024-01-08,5922
3017,奇鋐,11,2,9,元富-新店,2024-01-08,5922
3325,旭品,10,1,9,元富-新店,2024-01-08,5922
00885,富邦越南,9,1,8,元富-新店,2024-01-08,5922
3481,群創,347,62,285,元富-新店,2024-01-09,5922
2609,陽明,224,48,176,元富-新店,2024-01-09,5922
00919,群益台灣精選高息,172,18,154,元富-新店,2024-01-09,5922
00937B,群益ESG投等債20,118,5,113,元富-新店,2024-01-09,5922
00929,復華台灣科技優息,117,11,106,元富-新店,2024-01-09,5922
00680L,元大美債20正2,105,0,105,元富-新店,2024-01-09,5922
00933B,國泰10Y+金融債,82,0,82,元富-新店,2024-01-09,5922
2362,藍天,71,0,71,元富-新店,2024-01-09,5922
00720B,元大投資級公司債,62,5,57,元富-新店,2024-01-09,5922
2324,仁寶,56,2,54,元富-新店,2024-01-09,5922
00679B,元大美債20年,56,5,51,元富-新店,2024-01-09,5922
00632R,元大台灣50反1,50,0,50,元富-新店,2024-01-09,5922
00936,台新永續高息中小,37,0,37,元富-新店,2024-01-09,5922
6443,元晶,35,0,35,元富-新店,2024-01-09,5922
6770,力積電,32,2,30,元富-新店,2024-01-09,5922
2753,八方雲集,30,0,30,元富-新店,2024-01-09,5922
00637L,元大滬深300正2,49,20,29,元富-新店,2024-01-09,5922
2002,中鋼,30,2,28,元富-新店,2024-01-09,5922
2382,廣達,75,47,28,元富-新店,2024-01-09,5922
2353,宏��,56,30,26,元富-新店,2024-01-09,5922
2201,裕隆,59,34,25,元富-新店,2024-01-09,5922
2801,彰銀,25,0,25,元富-新店,2024-01-09,5922
2356,英業達,62,37,25,元富-新店,2024-01-09,5922
2880,華南金,30,7,23,元富-新店,2024-01-09,5922
2308,台達電,24,2,22,元富-新店,2024-01-09,5922
2363,矽統,65,44,21,元富-新店,2024-01-09,5922
1605,華新,22,1,21,元富-新店,2024-01-09,5922
2515,中工,23,3,20,元富-新店,2024-01-09,5922
3576,聯合再生,25,5,20,元富-新店,2024-01-09,5922
00934,中信成長高股息,19,0,19,元富-新店,2024-01-09,5922
2610,華航,18,0,18,元富-新店,2024-01-09,5922
4977,眾達-KY,17,0,17,元富-新店,2024-01-09,5922
2603,長榮,32,16,16,元富-新店,2024-01-09,5922
2352,佳世達,38,23,15,元富-新店,2024-01-09,5922
2852,第一保,13,0,13,元富-新店,2024-01-09,5922
00878,國泰永續高股息,17,4,13,元富-新店,2024-01-09,5922
3704,合勤控,12,0,12,元富-新店,2024-01-09,5922
6113,亞矽,12,0,12,元富-新店,2024-01-09,5922
2812,台中銀,12,0,12,元富-新店,2024-01-09,5922
2368,金像電,11,0,11,元富-新店,2024-01-09,5922
2615,萬海,17,6,11,元富-新店,2024-01-09,5922
6492,生華科,11,0,11,元富-新店,2024-01-09,5922
00688L,國泰20年美債正2,10,0,10,元富-新店,2024-01-09,5922
00857B,永豐20年美公債,10,0,10,元富-新店,2024-01-09,5922
00795B,中信美國公債20年,10,0,10,元富-新店,2024-01-09,5922
5272,笙科,10,0,10,元富-新店,2024-01-09,5922
2323,中環,10,0,10,元富-新店,2024-01-09,5922
3047,訊舟,10,0,10,元富-新店,2024-01-09,5922
9919,康那香,11,1,10,元富-新店,2024-01-09,5922
00751B,元大AAA至A公司債,10,0,10,元富-新店,2024-01-09,5922
2371,大同,235,89,146,元富-新店,2024-01-10,5922
00929,復華台灣科技優息,125,11,114,元富-新店,2024-01-10,5922
2609,陽明,196,89,107,元富-新店,2024-01-10,5922
00688L,國泰20年美債正2,101,0,101,元富-新店,2024-01-10,5922
2506,太設,96,0,96,元富-新店,2024-01-10,5922
00919,群益台灣精選高息,87,3,84,元富-新店,2024-01-10,5922
00680L,元大美債20正2,62,0,62,元富-新店,2024-01-10,5922
00642U,期元大S＆P石油,50,1,49,元富-新店,2024-01-10,5922
2362,藍天,53,5,48,元富-新店,2024-01-10,5922
9934,成霖,52,4,48,元富-新店,2024-01-10,5922
0056,元大高股息,48,1,47,元富-新店,2024-01-10,5922
2618,長榮航,60,15,45,元富-新店,2024-01-10,5922
2630,亞航,51,10,41,元富-新店,2024-01-10,5922
6120,達運,38,6,32,元富-新店,2024-01-10,5922
00904,新光臺灣半導體30,30,0,30,元富-新店,2024-01-10,5922
5203,訊連,30,0,30,元富-新店,2024-01-10,5922
2610,華航,30,0,30,元富-新店,2024-01-10,5922
3402,漢科,29,0,29,元富-新店,2024-01-10,5922
6237,驊訊,35,7,28,元富-新店,2024-01-10,5922
2352,佳世達,28,2,26,元富-新店,2024-01-10,5922
2409,友達,26,0,26,元富-新店,2024-01-10,5922
00632R,元大台灣50反1,22,0,22,元富-新店,2024-01-10,5922
2889,國票金,22,0,22,元富-新店,2024-01-10,5922
00882,中信中國高股息,20,0,20,元富-新店,2024-01-10,5922
6226,光鼎,20,0,20,元富-新店,2024-01-10,5922
00679B,元大美債20年,19,0,19,元富-新店,2024-01-10,5922
4162,智擎,19,0,19,元富-新店,2024-01-10,5922
00878,國泰永續高股息,32,13,19,元富-新店,2024-01-10,5922
1301,台塑,18,0,18,元富-新店,2024-01-10,5922
3032,偉訓,25,8,17,元富-新店,2024-01-10,5922
1515,力山,17,1,16,元富-新店,2024-01-10,5922
2801,彰銀,15,0,15,元富-新店,2024-01-10,5922
2399,映泰,15,0,15,元富-新店,2024-01-10,5922
2317,鴻海,20,5,15,元富-新店,2024-01-10,5922
5309,系統電,16,2,14,元富-新店,2024-01-10,5922
3376,新日興,15,1,14,元富-新店,2024-01-10,5922
1720,生達,14,0,14,元富-新店,2024-01-10,5922
2607,榮運,12,0,12,元富-新店,2024-01-10,5922
2408,南亞科,12,0,12,元富-新店,2024-01-10,5922
2884,玉山金,12,0,12,元富-新店,2024-01-10,5922
2301,光寶科,13,2,11,元富-新店,2024-01-10,5922
00930,永豐ESG低碳高息,11,0,11,元富-新店,2024-01-10,5922
9941,裕融,11,1,10,元富-新店,2024-01-10,5922
3390,旭軟,10,0,10,元富-新店,2024-01-10,5922
2355,敬鵬,12,2,10,元富-新店,2024-01-10,5922
2405,輔信,10,0,10,元富-新店,2024-01-10,5922
1701,中化,10,0,10,元富-新店,2024-01-10,5922
00669R,國泰美國道瓊反1,10,0,10,元富-新店,2024-01-10,5922
2354,鴻準,10,0,10,元富-新店,2024-01-10,5922
2816,旺旺保,16,6,10,元富-新店,2024-01-10,5922
2344,華邦電,197,0,197,元富-新店,2024-01-11,5922
2610,華航,119,3,116,元富-新店,2024-01-11,5922
00632R,元大台灣50反1,112,1,111,元富-新店,2024-01-11,5922
00929,復華台灣科技優息,98,2,96,元富-新店,2024-01-11,5922
2371,大同,111,16,95,元富-新店,2024-01-11,5922
00680L,元大美債20正2,82,0,82,元富-新店,2024-01-11,5922
00937B,群益ESG投等債20,71,0,71,元富-新店,2024-01-11,5922
2506,太設,43,0,43,元富-新店,2024-01-11,5922
2408,南亞科,41,0,41,元富-新店,2024-01-11,5922
6163,華電網,44,4,40,元富-新店,2024-01-11,5922
00919,群益台灣精選高息,40,0,40,元富-新店,2024-01-11,5922
00687B,國泰20年美債,38,0,38,元富-新店,2024-01-11,5922
3052,夆典,43,6,37,元富-新店,2024-01-11,5922
00934,中信成長高股息,33,0,33,元富-新店,2024-01-11,5922
2498,宏達電,32,2,30,元富-新店,2024-01-11,5922
00933B,國泰10Y+金融債,29,0,29,元富-新店,2024-01-11,5922
2449,京元電子,28,3,25,元富-新店,2024-01-11,5922
2816,旺旺保,25,0,25,元富-新店,2024-01-11,5922
2609,陽明,32,10,22,元富-新店,2024-01-11,5922
00688L,國泰20年美債正2,22,0,22,元富-新店,2024-01-11,5922
2442,新美齊,20,0,20,元富-新店,2024-01-11,5922
3021,鴻名,18,0,18,元富-新店,2024-01-11,5922
3499,環天科,16,1,15,元富-新店,2024-01-11,5922
00679B,元大美債20年,14,0,14,元富-新店,2024-01-11,5922
3037,欣興,14,0,14,元富-新店,2024-01-11,5922
2105,正新,14,0,14,元富-新店,2024-01-11,5922
4728,雙美,14,0,14,元富-新店,2024-01-11,5922
00927,群益半導體收益,13,0,13,元富-新店,2024-01-11,5922
00882,中信中國高股息,33,20,13,元富-新店,2024-01-11,5922
8034,榮群,22,9,13,元富-新店,2024-01-11,5922
6266,泰詠,13,0,13,元富-新店,2024-01-11,5922
2313,華通,12,0,12,元富-新店,2024-01-11,5922
6120,達運,75,64,11,元富-新店,2024-01-11,5922
00637L,元大滬深300正2,32,21,11,元富-新店,2024-01-11,5922
00900,富邦特選高股息30,11,0,11,元富-新店,2024-01-11,5922
00857B,永豐20年美公債,10,0,10,元富-新店,2024-01-11,5922
6274,台燿,16,6,10,元富-新店,2024-01-11,5922
3591,艾笛森,10,0,10,元富-新店,2024-01-11,5922
5203,訊連,11,1,10,元富-新店,2024-01-11,5922
00795B,中信美國公債20年,10,0,10,元富-新店,2024-01-11,5922
2323,中環,15,5,10,元富-新店,2024-01-11,5922
1528,恩德,10,0,10,元富-新店,2024-01-11,5922
6113,亞矽,9,0,9,元富-新店,2024-01-11,5922
6237,驊訊,12,3,9,元富-新店,2024-01-11,5922
2903,遠百,9,0,9,元富-新店,2024-01-11,5922
1303,南亞,22,13,9,元富-新店,2024-01-11,5922
2317,鴻海,35,27,8,元富-新店,2024-01-11,5922
3025,星通,11,3,8,元富-新店,2024-01-11,5922
2489,瑞軒,10,2,8,元富-新店,2024-01-11,5922
6191,精成科,8,0,8,元富-新店,2024-01-11,5922
2371,大同,236,21,215,元富-新店,2024-01-12,5922
00929,復華台灣科技優息,144,9,135,元富-新店,2024-01-12,5922
6770,力積電,58,0,58,元富-新店,2024-01-12,5922
00642U,期元大S＆P石油,52,0,52,元富-新店,2024-01-12,5922
6576,逸達,50,0,50,元富-新店,2024-01-12,5922
2208,台船,47,3,44,元富-新店,2024-01-12,5922
3021,鴻名,85,41,44,元富-新店,2024-01-12,5922
2887,台新金,45,1,44,元富-新店,2024-01-12,5922
1810,和成,40,0,40,元富-新店,2024-01-12,5922
6005,群益證,36,0,36,元富-新店,2024-01-12,5922
6535,順藥,29,0,29,元富-新店,2024-01-12,5922
00637L,元大滬深300正2,44,16,28,元富-新店,2024-01-12,5922
3231,緯創,87,60,27,元富-新店,2024-01-12,5922
00680L,元大美債20正2,25,0,25,元富-新店,2024-01-12,5922
00937B,群益ESG投等債20,33,10,23,元富-新店,2024-01-12,5922
00688L,國泰20年美債正2,21,0,21,元富-新店,2024-01-12,5922
6140,訊達,32,11,21,元富-新店,2024-01-12,5922
00919,群益台灣精選高息,28,7,21,元富-新店,2024-01-12,5922
1799,易威,20,0,20,元富-新店,2024-01-12,5922
1742,台蠟,20,0,20,元富-新店,2024-01-12,5922
6546,正基,21,1,20,元富-新店,2024-01-12,5922
6266,泰詠,19,1,18,元富-新店,2024-01-12,5922
2353,宏��,41,24,17,元富-新店,2024-01-12,5922
00885,富邦越南,17,0,17,元富-新店,2024-01-12,5922
5426,振發,26,10,16,元富-新店,2024-01-12,5922
2801,彰銀,15,0,15,元富-新店,2024-01-12,5922
4746,台耀,15,0,15,元富-新店,2024-01-12,5922
1605,華新,15,0,15,元富-新店,2024-01-12,5922
2886,兆豐金,14,0,14,元富-新店,2024-01-12,5922
00679B,元大美債20年,15,1,14,元富-新店,2024-01-12,5922
3481,群創,16,2,14,元富-新店,2024-01-12,5922
2337,旺宏,13,0,13,元富-新店,2024-01-12,5922
1736,喬山,13,0,13,元富-新店,2024-01-12,5922
2884,玉山金,12,0,12,元富-新店,2024-01-12,5922
00927,群益半導體收益,12,0,12,元富-新店,2024-01-12,5922
00933B,國泰10Y+金融債,12,0,12,元富-新店,2024-01-12,5922
2393,億光,12,0,12,元富-新店,2024-01-12,5922
6261,久元,12,0,12,元富-新店,2024-01-12,5922
1519,華城,43,31,12,元富-新店,2024-01-12,5922
3706,神達,33,22,11,元富-新店,2024-01-12,5922
2617,台航,11,0,11,元富-新店,2024-01-12,5922
2317,鴻海,14,4,10,元富-新店,2024-01-12,5922
3035,智原,27,17,10,元富-新店,2024-01-12,5922
6530,創威,13,3,10,元富-新店,2024-01-12,5922
00720B,元大投資級公司債,11,1,10,元富-新店,2024-01-12,5922
2369,菱生,10,0,10,元富-新店,2024-01-12,5922
2641,正德,10,0,10,元富-新店,2024-01-12,5922
4906,正文,10,0,10,元富-新店,2024-01-12,5922
9105,泰金寶-DR,10,0,10,元富-新店,2024-01-12,5922
2889,國票金,10,0,10,元富-新店,2024-01-12,5922
00632R,元大台灣50反1,285,0,285,元富-新店,2024-01-15,5922
3231,緯創,117,19,98,元富-新店,2024-01-15,5922
00904,新光臺灣半導體30,91,0,91,元富-新店,2024-01-15,5922
2634,漢翔,89,2,87,元富-新店,2024-01-15,5922
2618,長榮航,94,8,86,元富-新店,2024-01-15,5922
00679B,元大美債20年,72,4,68,元富-新店,2024-01-15,5922
00929,復華台灣科技優息,63,1,62,元富-新店,2024-01-15,5922
00934,中信成長高股息,62,4,58,元富-新店,2024-01-15,5922
2312,金寶,56,6,50,元富-新店,2024-01-15,5922
3021,鴻名,48,0,48,元富-新店,2024-01-15,5922
0056,元大高股息,57,10,47,元富-新店,2024-01-15,5922
4968,立積,45,0,45,元富-新店,2024-01-15,5922
00937B,群益ESG投等債20,41,0,41,元富-新店,2024-01-15,5922
4979,華星光,43,3,40,元富-新店,2024-01-15,5922
2610,華航,55,15,40,元富-新店,2024-01-15,5922
2888,新光金,52,14,38,元富-新店,2024-01-15,5922
2371,大同,39,6,33,元富-新店,2024-01-15,5922
00687B,國泰20年美債,36,4,32,元富-新店,2024-01-15,5922
2880,華南金,30,0,30,元富-新店,2024-01-15,5922
3576,聯合再生,49,20,29,元富-新店,2024-01-15,5922
5426,振發,97,70,27,元富-新店,2024-01-15,5922
00688L,國泰20年美債正2,25,0,25,元富-新店,2024-01-15,5922
2353,宏��,32,9,23,元富-新店,2024-01-15,5922
00795B,中信美國公債20年,20,0,20,元富-新店,2024-01-15,5922
9802,鈺齊-KY,20,0,20,元富-新店,2024-01-15,5922
2454,聯發科,19,0,19,元富-新店,2024-01-15,5922
2609,陽明,37,19,18,元富-新店,2024-01-15,5922
2801,彰銀,17,0,17,元富-新店,2024-01-15,5922
00919,群益台灣精選高息,26,10,16,元富-新店,2024-01-15,5922
00933B,國泰10Y+金融債,20,5,15,元富-新店,2024-01-15,5922
2356,英業達,26,11,15,元富-新店,2024-01-15,5922
2892,第一金,14,0,14,元富-新店,2024-01-15,5922
2630,亞航,15,1,14,元富-新店,2024-01-15,5922
6191,精成科,14,0,14,元富-新店,2024-01-15,5922
3027,盛達,18,5,13,元富-新店,2024-01-15,5922
00927,群益半導體收益,13,0,13,元富-新店,2024-01-15,5922
6770,力積電,17,5,12,元富-新店,2024-01-15,5922
8111,立��,13,1,12,元富-新店,2024-01-15,5922
6535,順藥,12,0,12,元富-新店,2024-01-15,5922
3664,安瑞-KY,12,0,12,元富-新店,2024-01-15,5922
2852,第一保,12,0,12,元富-新店,2024-01-15,5922
3017,奇鋐,20,9,11,元富-新店,2024-01-15,5922
8050,廣積,11,0,11,元富-新店,2024-01-15,5922
2520,冠德,11,0,11,元富-新店,2024-01-15,5922
5521,工信,11,1,10,元富-新店,2024-01-15,5922
2382,廣達,23,13,10,元富-新店,2024-01-15,5922
2408,南亞科,12,2,10,元富-新店,2024-01-15,5922
2332,友訊,10,0,10,元富-新店,2024-01-15,5922
1762,中化生,10,0,10,元富-新店,2024-01-15,5922
6284,佳邦,10,0,10,元富-新店,2024-01-15,5922
00632R,元大台灣50反1,200,7,193,元富-新店,2024-01-16,5922
2371,大同,166,1,165,元富-新店,2024-01-16,5922
2801,彰銀,154,0,154,元富-新店,2024-01-16,5922
00680L,元大美債20正2,152,3,149,元富-新店,2024-01-16,5922
2609,陽明,137,23,114,元富-新店,2024-01-16,5922
2881,富邦金,106,0,106,元富-新店,2024-01-16,5922
0056,元大高股息,98,12,86,元富-新店,2024-01-16,5922
2880,華南金,62,0,62,元富-新店,2024-01-16,5922
00688L,國泰20年美債正2,61,0,61,元富-新店,2024-01-16,5922
2312,金寶,74,30,44,元富-新店,2024-01-16,5922
00927,群益半導體收益,46,4,42,元富-新店,2024-01-16,5922
00882,中信中國高股息,41,1,40,元富-新店,2024-01-16,5922
2883,凱基金,36,0,36,元富-新店,2024-01-16,5922
2610,華航,34,0,34,元富-新店,2024-01-16,5922
00878,國泰永續高股息,34,1,33,元富-新店,2024-01-16,5922
4162,智擎,30,1,29,元富-新店,2024-01-16,5922
6770,力積電,39,11,28,元富-新店,2024-01-16,5922
00919,群益台灣精選高息,28,0,28,元富-新店,2024-01-16,5922
00929,復華台灣科技優息,56,28,28,元富-新店,2024-01-16,5922
2329,華泰,69,42,27,元富-新店,2024-01-16,5922
2882,國泰金,32,6,26,元富-新店,2024-01-16,5922
1605,華新,26,0,26,元富-新店,2024-01-16,5922
2353,宏��,48,23,25,元富-新店,2024-01-16,5922
6443,元晶,25,0,25,元富-新店,2024-01-16,5922
2884,玉山金,25,0,25,元富-新店,2024-01-16,5922
2603,長榮,40,17,23,元富-新店,2024-01-16,5922
00935,野村臺灣新科技50,24,2,22,元富-新店,2024-01-16,5922
00637L,元大滬深300正2,82,60,22,元富-新店,2024-01-16,5922
2101,南港,22,0,22,元富-新店,2024-01-16,5922
2486,一詮,26,5,21,元富-新店,2024-01-16,5922
1305,華夏,20,0,20,元富-新店,2024-01-16,5922
1609,大亞,23,3,20,元富-新店,2024-01-16,5922
8034,榮群,37,17,20,元富-新店,2024-01-16,5922
2887,台新金,22,3,19,元富-新店,2024-01-16,5922
2889,國票金,19,0,19,元富-新店,2024-01-16,5922
1303,南亞,18,0,18,元富-新店,2024-01-16,5922
2363,矽統,20,2,18,元富-新店,2024-01-16,5922
2888,新光金,18,1,17,元富-新店,2024-01-16,5922
1316,上曜,17,0,17,元富-新店,2024-01-16,5922
1301,台塑,17,0,17,元富-新店,2024-01-16,5922
6668,中揚光,16,0,16,元富-新店,2024-01-16,5922
2890,永豐金,16,1,15,元富-新店,2024-01-16,5922
4909,新復興,45,30,15,元富-新店,2024-01-16,5922
2867,三商壽,15,0,15,元富-新店,2024-01-16,5922
2332,友訊,15,0,15,元富-新店,2024-01-16,5922
3033,威健,20,5,15,元富-新店,2024-01-16,5922
3231,緯創,25,11,14,元富-新店,2024-01-16,5922
00770,國泰北美科技,14,0,14,元富-新店,2024-01-16,5922
2344,華邦電,13,0,13,元富-新店,2024-01-16,5922
5880,合庫金,12,0,12,元富-新店,2024-01-16,5922
2801,彰銀,219,0,219,元富-新店,2024-01-17,5922
2897,王道銀行,150,0,150,元富-新店,2024-01-17,5922
00929,復華台灣科技優息,147,15,132,元富-新店,2024-01-17,5922
00937B,群益ESG投等債20,132,10,122,元富-新店,2024-01-17,5922
00882,中信中國高股息,113,0,113,元富-新店,2024-01-17,5922
00919,群益台灣精選高息,131,19,112,元富-新店,2024-01-17,5922
2303,聯電,119,9,110,元富-新店,2024-01-17,5922
2344,華邦電,114,6,108,元富-新店,2024-01-17,5922
2882,國泰金,123,21,102,元富-新店,2024-01-17,5922
0056,元大高股息,76,3,73,元富-新店,2024-01-17,5922
6770,力積電,79,6,73,元富-新店,2024-01-17,5922
00679B,元大美債20年,80,9,71,元富-新店,2024-01-17,5922
2317,鴻海,75,12,63,元富-新店,2024-01-17,5922
00688L,國泰20年美債正2,62,0,62,元富-新店,2024-01-17,5922
2618,長榮航,61,4,57,元富-新店,2024-01-17,5922
00680L,元大美債20正2,82,25,57,元富-新店,2024-01-17,5922
00904,新光臺灣半導體30,60,5,55,元富-新店,2024-01-17,5922
00878,國泰永續高股息,68,15,53,元富-新店,2024-01-17,5922
6462,神盾,60,19,41,元富-新店,2024-01-17,5922
00637L,元大滬深300正2,53,15,38,元富-新店,2024-01-17,5922
00720B,元大投資級公司債,43,8,35,元富-新店,2024-01-17,5922
2834,臺企銀,35,0,35,元富-新店,2024-01-17,5922
2881,富邦金,31,1,30,元富-新店,2024-01-17,5922
3576,聯合再生,35,5,30,元富-新店,2024-01-17,5922
2891,中信金,29,0,29,元富-新店,2024-01-17,5922
2486,一詮,36,8,28,元富-新店,2024-01-17,5922
2867,三商壽,27,0,27,元富-新店,2024-01-17,5922
2002,中鋼,32,6,26,元富-新店,2024-01-17,5922
5880,合庫金,25,0,25,元富-新店,2024-01-17,5922
2883,凱基金,35,10,25,元富-新店,2024-01-17,5922
2884,玉山金,25,2,23,元富-新店,2024-01-17,5922
1528,恩德,103,80,23,元富-新店,2024-01-17,5922
2356,英業達,24,4,20,元富-新店,2024-01-17,5922
2353,宏��,45,25,20,元富-新店,2024-01-17,5922
3694,海華,122,102,20,元富-新店,2024-01-17,5922
2888,新光金,22,2,20,元富-新店,2024-01-17,5922
2885,元大金,20,1,19,元富-新店,2024-01-17,5922
6129,普誠,19,0,19,元富-新店,2024-01-17,5922
2363,矽統,20,1,19,元富-新店,2024-01-17,5922
1326,台化,25,8,17,元富-新店,2024-01-17,5922
0050,元大台灣50,16,0,16,元富-新店,2024-01-17,5922
2324,仁寶,15,0,15,元富-新店,2024-01-17,5922
4167,松瑞藥,15,0,15,元富-新店,2024-01-17,5922
6530,創威,15,0,15,元富-新店,2024-01-17,5922
00902,中信電池及儲能,13,0,13,元富-新店,2024-01-17,5922
8011,台通,17,4,13,元富-新店,2024-01-17,5922
3615,安可,13,0,13,元富-新店,2024-01-17,5922
00923,群益台ESG低碳50,13,0,13,元富-新店,2024-01-17,5922
00687B,國泰20年美債,13,1,12,元富-新店,2024-01-17,5922
00891,中信關鍵半導體,13,1,12,元富-新店,2024-01-17,5922
00929,復華台灣科技優息,155,34,121,元富-新店,2024-01-18,5922
00882,中信中國高股息,254,152,102,元富-新店,2024-01-18,5922
2324,仁寶,106,27,79,元富-新店,2024-01-18,5922
00937B,群益ESG投等債20,99,25,74,元富-新店,2024-01-18,5922
00919,群益台灣精選高息,70,14,56,元富-新店,2024-01-18,5922
2880,華南金,55,1,54,元富-新店,2024-01-18,5922
00680L,元大美債20正2,51,10,41,元富-新店,2024-01-18,5922
2887,台新金,39,0,39,元富-新店,2024-01-18,5922
2881,富邦金,30,0,30,元富-新店,2024-01-18,5922
00632R,元大台灣50反1,30,0,30,元富-新店,2024-01-18,5922
00753L,中信中國50正2,30,0,30,元富-新店,2024-01-18,5922
9939,宏全,33,4,29,元富-新店,2024-01-18,5922
2356,英業達,34,6,28,元富-新店,2024-01-18,5922
2362,藍天,29,2,27,元富-新店,2024-01-18,5922
00877,復華中國5G,25,0,25,元富-新店,2024-01-18,5922
2382,廣達,42,19,23,元富-新店,2024-01-18,5922
0056,元大高股息,35,12,23,元富-新店,2024-01-18,5922
2888,新光金,23,0,23,元富-新店,2024-01-18,5922
6243,迅杰,33,11,22,元富-新店,2024-01-18,5922
2885,元大金,22,0,22,元富-新店,2024-01-18,5922
2883,凱基金,21,0,21,元富-新店,2024-01-18,5922
2886,兆豐金,20,0,20,元富-新店,2024-01-18,5922
2610,華航,20,0,20,元富-新店,2024-01-18,5922
00751B,元大AAA至A公司債,16,0,16,元富-新店,2024-01-18,5922
2002,中鋼,16,0,16,元富-新店,2024-01-18,5922
2892,第一金,16,0,16,元富-新店,2024-01-18,5922
00637L,元大滬深300正2,106,92,14,元富-新店,2024-01-18,5922
2313,華通,14,1,13,元富-新店,2024-01-18,5922
1303,南亞,13,0,13,元富-新店,2024-01-18,5922
2101,南港,13,0,13,元富-新店,2024-01-18,5922
00712,復華富時不動產,12,0,12,元富-新店,2024-01-18,5922
1720,生達,12,0,12,元富-新店,2024-01-18,5922
5864,致和證,12,0,12,元富-新店,2024-01-18,5922
006205,富邦上証,22,10,12,元富-新店,2024-01-18,5922
6117,迎廣,16,4,12,元富-新店,2024-01-18,5922
4979,華星光,24,13,11,元富-新店,2024-01-18,5922
1301,台塑,14,3,11,元富-新店,2024-01-18,5922
1532,勤美,11,0,11,元富-新店,2024-01-18,5922
2634,漢翔,31,20,11,元富-新店,2024-01-18,5922
2303,聯電,38,27,11,元富-新店,2024-01-18,5922
6125,廣運,10,0,10,元富-新店,2024-01-18,5922
3162,精確,11,1,10,元富-新店,2024-01-18,5922
1513,中興電,11,1,10,元富-新店,2024-01-18,5922
2834,臺企銀,10,0,10,元富-新店,2024-01-18,5922
2611,志信,12,2,10,元富-新店,2024-01-18,5922
00920,富邦ESG綠色電力,10,0,10,元富-新店,2024-01-18,5922
1608,華榮,11,1,10,元富-新店,2024-01-18,5922
4529,淳紳,10,0,10,元富-新店,2024-01-18,5922
1609,大亞,10,0,10,元富-新店,2024-01-18,5922
5608,四維航,10,0,10,元富-新店,2024-01-18,5922
00937B,群益ESG投等債20,212,10,202,元富-新店,2024-01-19,5922
00680L,元大美債20正2,172,0,172,元富-新店,2024-01-19,5922
00679B,元大美債20年,159,0,159,元富-新店,2024-01-19,5922
4960,誠美材,135,7,128,元富-新店,2024-01-19,5922
00882,中信中國高股息,112,0,112,元富-新店,2024-01-19,5922
2618,長榮航,78,1,77,元富-新店,2024-01-19,5922
6233,旺玖,86,14,72,元富-新店,2024-01-19,5922
1742,台蠟,70,0,70,元富-新店,2024-01-19,5922
2371,大同,63,5,58,元富-新店,2024-01-19,5922
00720B,元大投資級公司債,57,0,57,元富-新店,2024-01-19,5922
00929,復華台灣科技優息,67,17,50,元富-新店,2024-01-19,5922
00919,群益台灣精選高息,37,3,34,元富-新店,2024-01-19,5922
4909,新復興,38,6,32,元富-新店,2024-01-19,5922
00687B,國泰20年美債,61,30,31,元富-新店,2024-01-19,5922
00751B,元大AAA至A公司債,30,0,30,元富-新店,2024-01-19,5922
1618,合機,30,0,30,元富-新店,2024-01-19,5922
2023,燁輝,27,0,27,元富-新店,2024-01-19,5922
00857B,永豐20年美公債,25,0,25,元富-新店,2024-01-19,5922
6770,力積電,23,2,21,元富-新店,2024-01-19,5922
00904,新光臺灣半導體30,21,0,21,元富-新店,2024-01-19,5922
2880,華南金,20,0,20,元富-新店,2024-01-19,5922
3419,譁裕,20,0,20,元富-新店,2024-01-19,5922
3325,旭品,20,0,20,元富-新店,2024-01-19,5922
3287,廣寰科,23,5,18,元富-新店,2024-01-19,5922
00795B,中信美國公債20年,17,0,17,元富-新店,2024-01-19,5922
6285,啟��,26,9,17,元富-新店,2024-01-19,5922
6188,廣明,27,11,16,元富-新店,2024-01-19,5922
0056,元大高股息,28,12,16,元富-新店,2024-01-19,5922
4906,正文,15,0,15,元富-新店,2024-01-19,5922
00931B,統一美債20年,15,0,15,元富-新店,2024-01-19,5922
2353,宏��,43,28,15,元富-新店,2024-01-19,5922
2002,中鋼,14,0,14,元富-新店,2024-01-19,5922
2610,華航,14,0,14,元富-新店,2024-01-19,5922
00900,富邦特選高股息30,13,0,13,元富-新店,2024-01-19,5922
2486,一詮,26,13,13,元富-新店,2024-01-19,5922
2421,建準,20,7,13,元富-新店,2024-01-19,5922
3374,精材,16,3,13,元富-新店,2024-01-19,5922
2409,友達,15,2,13,元富-新店,2024-01-19,5922
6462,神盾,20,8,12,元富-新店,2024-01-19,5922
1513,中興電,15,3,12,元富-新店,2024-01-19,5922
6155,鈞寶,14,3,11,元富-新店,2024-01-19,5922
3622,洋華,19,8,11,元富-新店,2024-01-19,5922
2317,鴻海,15,4,11,元富-新店,2024-01-19,5922
2886,兆豐金,10,0,10,元富-新店,2024-01-19,5922
00673R,期元大S＆P原油反1,10,0,10,元富-新店,2024-01-19,5922
2892,第一金,10,0,10,元富-新店,2024-01-19,5922
1603,華電,10,0,10,元富-新店,2024-01-19,5922
4728,雙美,10,0,10,元富-新店,2024-01-19,5922
00773B,中信優先金融債,10,0,10,元富-新店,2024-01-19,5922
4111,濟生,10,0,10,元富-新店,2024-01-19,5922
00679B,元大美債20年,351,1,350,元富-新店,2024-01-22,5922
00882,中信中國高股息,334,1,333,元富-新店,2024-01-22,5922
8054,安國,179,57,122,元富-新店,2024-01-22,5922
00937B,群益ESG投等債20,89,0,89,元富-新店,2024-01-22,5922
2316,楠梓電,58,0,58,元富-新店,2024-01-22,5922
00933B,國泰10Y+金融債,49,1,48,元富-新店,2024-01-22,5922
2609,陽明,55,18,37,元富-新店,2024-01-22,5922
2363,矽統,35,5,30,元富-新店,2024-01-22,5922
2618,長榮航,61,32,29,元富-新店,2024-01-22,5922
2312,金寶,28,2,26,元富-新店,2024-01-22,5922
2409,友達,177,152,25,元富-新店,2024-01-22,5922
8112,至上,33,8,25,元富-新店,2024-01-22,5922
2329,華泰,160,138,22,元富-新店,2024-01-22,5922
2359,所羅門,26,5,21,元富-新店,2024-01-22,5922
2883,凱基金,23,3,20,元富-新店,2024-01-22,5922
2617,台航,20,0,20,元富-新店,2024-01-22,5922
00919,群益台灣精選高息,24,6,18,元富-新店,2024-01-22,5922
5608,四維航,17,0,17,元富-新店,2024-01-22,5922
1301,台塑,16,0,16,元富-新店,2024-01-22,5922
6462,神盾,21,6,15,元富-新店,2024-01-22,5922
2301,光寶科,19,5,14,元富-新店,2024-01-22,5922
6266,泰詠,14,0,14,元富-新店,2024-01-22,5922
6188,廣明,43,29,14,元富-新店,2024-01-22,5922
6139,亞翔,13,0,13,元富-新店,2024-01-22,5922
6116,彩晶,20,7,13,元富-新店,2024-01-22,5922
2344,華邦電,15,2,13,元富-新店,2024-01-22,5922
5426,振發,50,37,13,元富-新店,2024-01-22,5922
6191,精成科,14,1,13,元富-新店,2024-01-22,5922
6285,啟��,15,3,12,元富-新店,2024-01-22,5922
8059,凱碩,16,4,12,元富-新店,2024-01-22,5922
00753L,中信中國50正2,12,0,12,元富-新店,2024-01-22,5922
2915,潤泰全,11,0,11,元富-新店,2024-01-22,5922
00648R,元大S＆P500反1,10,0,10,元富-新店,2024-01-22,5922
1528,恩德,25,15,10,元富-新店,2024-01-22,5922
1303,南亞,10,0,10,元富-新店,2024-01-22,5922
00877,復華中國5G,10,0,10,元富-新店,2024-01-22,5922
3024,憶聲,10,0,10,元富-新店,2024-01-22,5922
2845,遠東銀,10,0,10,元富-新店,2024-01-22,5922
2603,長榮,27,18,9,元富-新店,2024-01-22,5922
4909,新復興,47,38,9,元富-新店,2024-01-22,5922
6596,寬宏藝術,9,0,9,元富-新店,2024-01-22,5922
8034,榮群,17,8,9,元富-新店,2024-01-22,5922
00720B,元大投資級公司債,18,10,8,元富-新店,2024-01-22,5922
00900,富邦特選高股息30,8,0,8,元富-新店,2024-01-22,5922
6821,聯寶,8,0,8,元富-新店,2024-01-22,5922
3035,智原,12,4,8,元富-新店,2024-01-22,5922
8210,勤誠,24,17,7,元富-新店,2024-01-22,5922
3005,神基,9,2,7,元富-新店,2024-01-22,5922
2641,正德,10,3,7,元富-新店,2024-01-22,5922
6770,力積電,21,14,7,元富-新店,2024-01-22,5922
3481,群創,467,249,218,元富-新店,2024-01-23,5922
2610,華航,101,1,100,元富-新店,2024-01-23,5922
3363,上詮,60,3,57,元富-新店,2024-01-23,5922
00637L,元大滬深300正2,125,72,53,元富-新店,2024-01-23,5922
2303,聯電,55,9,46,元富-新店,2024-01-23,5922
2609,陽明,77,34,43,元富-新店,2024-01-23,5922
8096,擎亞,76,34,42,元富-新店,2024-01-23,5922
2332,友訊,35,0,35,元富-新店,2024-01-23,5922
3059,華晶科,50,15,35,元富-新店,2024-01-23,5922
6116,彩晶,43,9,34,元富-新店,2024-01-23,5922
00937B,群益ESG投等債20,27,0,27,元富-新店,2024-01-23,5922
2359,所羅門,26,0,26,元富-新店,2024-01-23,5922
00679B,元大美債20年,22,0,22,元富-新店,2024-01-23,5922
2618,長榮航,29,8,21,元富-新店,2024-01-23,5922
3217,優群,24,4,20,元富-新店,2024-01-23,5922
1742,台蠟,20,0,20,元富-新店,2024-01-23,5922
5426,振發,23,5,18,元富-新店,2024-01-23,5922
2002,中鋼,17,0,17,元富-新店,2024-01-23,5922
6124,業強,19,2,17,元富-新店,2024-01-23,5922
6535,順藥,18,2,16,元富-新店,2024-01-23,5922
2208,台船,20,5,15,元富-新店,2024-01-23,5922
00680L,元大美債20正2,15,0,15,元富-新店,2024-01-23,5922
6531,愛普*,14,0,14,元富-新店,2024-01-23,5922
2449,京元電子,13,1,12,元富-新店,2024-01-23,5922
3162,精確,12,0,12,元富-新店,2024-01-23,5922
3078,僑威,12,0,12,元富-新店,2024-01-23,5922
00648R,元大S＆P500反1,10,0,10,元富-新店,2024-01-23,5922
6869,雲豹能源,10,0,10,元富-新店,2024-01-23,5922
00632R,元大台灣50反1,21,11,10,元富-新店,2024-01-23,5922
3325,旭品,10,0,10,元富-新店,2024-01-23,5922
6120,達運,13,3,10,元富-新店,2024-01-23,5922
00706L,期元大S＆P日圓正2,10,0,10,元富-新店,2024-01-23,5922
6237,驊訊,38,29,9,元富-新店,2024-01-23,5922
6756,威鋒電子,9,0,9,元富-新店,2024-01-23,5922
2603,長榮,17,9,8,元富-新店,2024-01-23,5922
00751B,元大AAA至A公司債,8,0,8,元富-新店,2024-01-23,5922
3622,洋華,12,4,8,元富-新店,2024-01-23,5922
3013,晟銘電,8,0,8,元富-新店,2024-01-23,5922
2408,南亞科,13,5,8,元富-新店,2024-01-23,5922
2886,兆豐金,7,0,7,元富-新店,2024-01-23,5922
2887,台新金,12,5,7,元富-新店,2024-01-23,5922
00931B,統一美債20年,7,0,7,元富-新店,2024-01-23,5922
3035,智原,14,7,7,元富-新店,2024-01-23,5922
2454,聯發科,7,0,7,元富-新店,2024-01-23,5922
3036,文曄,10,4,6,元富-新店,2024-01-23,5922
2486,一詮,10,4,6,元富-新店,2024-01-23,5922
6416,瑞祺電通,6,0,6,元富-新店,2024-01-23,5922
2363,矽統,8,2,6,元富-新店,2024-01-23,5922
3149,正達,6,0,6,元富-新店,2024-01-23,5922
2014,中鴻,5,0,5,元富-新店,2024-01-23,5922
00751B,元大AAA至A公司債,152,0,152,元富-新店,2024-01-24,5922
00900,富邦特選高股息30,120,31,89,元富-新店,2024-01-24,5922
00937B,群益ESG投等債20,76,0,76,元富-新店,2024-01-24,5922
6111,大宇資,65,12,53,元富-新店,2024-01-24,5922
00679B,元大美債20年,44,0,44,元富-新店,2024-01-24,5922
00680L,元大美債20正2,44,0,44,元富-新店,2024-01-24,5922
3017,奇鋐,36,1,35,元富-新店,2024-01-24,5922
00687B,國泰20年美債,47,15,32,元富-新店,2024-01-24,5922
1514,亞力,32,3,29,元富-新店,2024-01-24,5922
5398,慕康生醫,30,1,29,元富-新店,2024-01-24,5922
6237,驊訊,61,33,28,元富-新店,2024-01-24,5922
5426,振發,157,131,26,元富-新店,2024-01-24,5922
6191,精成科,34,9,25,元富-新店,2024-01-24,5922
2884,玉山金,24,0,24,元富-新店,2024-01-24,5922
2201,裕隆,26,3,23,元富-新店,2024-01-24,5922
3324,雙鴻,23,0,23,元富-新店,2024-01-24,5922
3162,精確,22,0,22,元富-新店,2024-01-24,5922
2312,金寶,21,0,21,元富-新店,2024-01-24,5922
00720B,元大投資級公司債,22,1,21,元富-新店,2024-01-24,5922
2886,兆豐金,20,0,20,元富-新店,2024-01-24,5922
4109,加捷生醫,30,10,20,元富-新店,2024-01-24,5922
2615,萬海,20,0,20,元富-新店,2024-01-24,5922
3231,緯創,37,18,19,元富-新店,2024-01-24,5922
2891,中信金,16,0,16,元富-新店,2024-01-24,5922
3483,力致,29,15,14,元富-新店,2024-01-24,5922
2352,佳世達,13,0,13,元富-新店,2024-01-24,5922
2356,英業達,57,46,11,元富-新店,2024-01-24,5922
00772B,中信高評級公司債,11,0,11,元富-新店,2024-01-24,5922
1711,永光,11,0,11,元富-新店,2024-01-24,5922
2888,新光金,10,0,10,元富-新店,2024-01-24,5922
00648R,元大S＆P500反1,10,0,10,元富-新店,2024-01-24,5922
6120,達運,10,0,10,元富-新店,2024-01-24,5922
00643,群益深証中小,10,0,10,元富-新店,2024-01-24,5922
6125,廣運,11,1,10,元富-新店,2024-01-24,5922
2476,鉅祥,12,2,10,元富-新店,2024-01-24,5922
6869,雲豹能源,9,0,9,元富-新店,2024-01-24,5922
6229,研通,10,1,9,元富-新店,2024-01-24,5922
2337,旺宏,8,0,8,元富-新店,2024-01-24,5922
3548,兆利,19,11,8,元富-新店,2024-01-24,5922
3037,欣興,12,5,7,元富-新店,2024-01-24,5922
6668,中揚光,7,0,7,元富-新店,2024-01-24,5922
3545,敦泰,9,2,7,元富-新店,2024-01-24,5922
2329,華泰,10,3,7,元富-新店,2024-01-24,5922
3045,台灣大,6,0,6,元富-新店,2024-01-24,5922
2883,凱基金,8,2,6,元富-新店,2024-01-24,5922
3706,神達,8,2,6,元富-新店,2024-01-24,5922
00795B,中信美國公債20年,6,0,6,元富-新店,2024-01-24,5922
3260,威剛,14,8,6,元富-新店,2024-01-24,5922
2634,漢翔,10,4,6,元富-新店,2024-01-24,5922
6505,台塑化,6,0,6,元富-新店,2024-01-24,5922
00632R,元大台灣50反1,201,10,191,元富-新店,2024-01-25,5922
00751B,元大AAA至A公司債,113,0,113,元富-新店,2024-01-25,5922
2886,兆豐金,100,0,100,元富-新店,2024-01-25,5922
00900,富邦特選高股息30,101,2,99,元富-新店,2024-01-25,5922
00680L,元大美債20正2,153,55,98,元富-新店,2024-01-25,5922
4960,誠美材,100,12,88,元富-新店,2024-01-25,5922
2371,大同,80,3,77,元富-新店,2024-01-25,5922
00687B,國泰20年美債,66,1,65,元富-新店,2024-01-25,5922
00679B,元大美債20年,60,0,60,元富-新店,2024-01-25,5922
00720B,元大投資級公司債,58,0,58,元富-新店,2024-01-25,5922
00665L,富邦�琤肭磪囓�2,55,0,55,元富-新店,2024-01-25,5922
2609,陽明,59,11,48,元富-新店,2024-01-25,5922
00919,群益台灣精選高息,48,5,43,元富-新店,2024-01-25,5922
3038,全台,51,8,43,元富-新店,2024-01-25,5922
00712,復華富時不動產,24,0,24,元富-新店,2024-01-25,5922
00795B,中信美國公債20年,22,0,22,元富-新店,2024-01-25,5922
2312,金寶,22,1,21,元富-新店,2024-01-25,5922
00753L,中信中國50正2,40,20,20,元富-新店,2024-01-25,5922
8277,商丞,20,0,20,元富-新店,2024-01-25,5922
00772B,中信高評級公司債,18,0,18,元富-新店,2024-01-25,5922
00931B,統一美債20年,16,0,16,元富-新店,2024-01-25,5922
5483,中美晶,18,2,16,元富-新店,2024-01-25,5922
00773B,中信優先金融債,15,0,15,元富-新店,2024-01-25,5922
00724B,群益投資級金融債,15,0,15,元富-新店,2024-01-25,5922
2382,廣達,15,3,12,元富-新店,2024-01-25,5922
2618,長榮航,30,18,12,元富-新店,2024-01-25,5922
2409,友達,21,9,12,元富-新店,2024-01-25,5922
4956,光鋐,18,6,12,元富-新店,2024-01-25,5922
2603,長榮,21,9,12,元富-新店,2024-01-25,5922
6239,力成,32,21,11,元富-新店,2024-01-25,5922
2359,所羅門,41,30,11,元富-新店,2024-01-25,5922
00633L,富邦上証正2,11,0,11,元富-新店,2024-01-25,5922
3325,旭品,11,0,11,元富-新店,2024-01-25,5922
1815,富喬,11,0,11,元富-新店,2024-01-25,5922
2486,一詮,16,5,11,元富-新店,2024-01-25,5922
3630,新鉅科,10,0,10,元富-新店,2024-01-25,5922
1609,大亞,10,0,10,元富-新店,2024-01-25,5922
1101,台泥,10,0,10,元富-新店,2024-01-25,5922
2331,精英,10,0,10,元富-新店,2024-01-25,5922
4746,台耀,11,1,10,元富-新店,2024-01-25,5922
6265,方土昶,10,0,10,元富-新店,2024-01-25,5922
6405,悅城,10,0,10,元富-新店,2024-01-25,5922
2801,彰銀,9,0,9,元富-新店,2024-01-25,5922
3530,晶相光,11,2,9,元富-新店,2024-01-25,5922
6140,訊達,16,7,9,元富-新店,2024-01-25,5922
3017,奇鋐,14,5,9,元富-新店,2024-01-25,5922
3706,神達,9,1,8,元富-新店,2024-01-25,5922
6535,順藥,8,0,8,元富-新店,2024-01-25,5922
3078,僑威,8,0,8,元富-新店,2024-01-25,5922
4526,東台,8,0,8,元富-新店,2024-01-25,5922
2303,聯電,320,12,308,元富-新店,2024-01-26,5922
00680L,元大美債20正2,116,10,106,元富-新店,2024-01-26,5922
00712,復華富時不動產,72,18,54,元富-新店,2024-01-26,5922
2353,宏��,67,14,53,元富-新店,2024-01-26,5922
00751B,元大AAA至A公司債,52,0,52,元富-新店,2024-01-26,5922
3260,威剛,50,1,49,元富-新店,2024-01-26,5922
00937B,群益ESG投等債20,53,5,48,元富-新店,2024-01-26,5922
2324,仁寶,112,71,41,元富-新店,2024-01-26,5922
00720B,元大投資級公司債,26,0,26,元富-新店,2024-01-26,5922
3231,緯創,65,39,26,元富-新店,2024-01-26,5922
00929,復華台灣科技優息,36,10,26,元富-新店,2024-01-26,5922
00679B,元大美債20年,25,0,25,元富-新店,2024-01-26,5922
2618,長榮航,29,5,24,元富-新店,2024-01-26,5922
00900,富邦特選高股息30,22,0,22,元富-新店,2024-01-26,5922
00665L,富邦�琤肭磪囓�2,21,0,21,元富-新店,2024-01-26,5922
8096,擎亞,44,25,19,元富-新店,2024-01-26,5922
0056,元大高股息,18,0,18,元富-新店,2024-01-26,5922
3360,尚立,40,23,17,元富-新店,2024-01-26,5922
3035,智原,23,7,16,元富-新店,2024-01-26,5922
6114,久威,16,0,16,元富-新店,2024-01-26,5922
6770,力積電,16,0,16,元富-新店,2024-01-26,5922
1432,大魯閣,25,9,16,元富-新店,2024-01-26,5922
00687B,國泰20年美債,16,1,15,元富-新店,2024-01-26,5922
2356,英業達,35,20,15,元富-新店,2024-01-26,5922
2486,一詮,17,2,15,元富-新店,2024-01-26,5922
6257,矽格,15,1,14,元富-新店,2024-01-26,5922
2312,金寶,15,1,14,元富-新店,2024-01-26,5922
6124,業強,20,7,13,元富-新店,2024-01-26,5922
00637L,元大滬深300正2,87,74,13,元富-新店,2024-01-26,5922
5521,工信,13,0,13,元富-新店,2024-01-26,5922
2867,三商壽,13,0,13,元富-新店,2024-01-26,5922
6191,精成科,13,0,13,元富-新店,2024-01-26,5922
3535,晶彩科,15,2,13,元富-新店,2024-01-26,5922
2382,廣達,16,5,11,元富-新店,2024-01-26,5922
2605,新興,11,0,11,元富-新店,2024-01-26,5922
2401,凌陽,11,0,11,元富-新店,2024-01-26,5922
00753L,中信中國50正2,11,0,11,元富-新店,2024-01-26,5922
6237,驊訊,20,10,10,元富-新店,2024-01-26,5922
3021,鴻名,10,0,10,元富-新店,2024-01-26,5922
00648R,元大S＆P500反1,10,0,10,元富-新店,2024-01-26,5922
2405,輔信,10,0,10,元富-新店,2024-01-26,5922
00857B,永豐20年美公債,10,0,10,元富-新店,2024-01-26,5922
1616,億泰,10,0,10,元富-新店,2024-01-26,5922
00933B,國泰10Y+金融債,10,0,10,元富-新店,2024-01-26,5922
6241,易通展,10,0,10,元富-新店,2024-01-26,5922
2851,中再保,10,0,10,元富-新店,2024-01-26,5922
3265,台星科,43,33,10,元富-新店,2024-01-26,5922
8110,華東,14,5,9,元富-新店,2024-01-26,5922
5009,榮剛,10,1,9,元富-新店,2024-01-26,5922
2301,光寶科,8,0,8,元富-新店,2024-01-26,5922
2303,聯電,229,9,220,元富-新店,2024-01-29,5922
00937B,群益ESG投等債20,105,0,105,元富-新店,2024-01-29,5922
00680L,元大美債20正2,69,0,69,元富-新店,2024-01-29,5922
00673R,期元大S＆P原油反1,65,0,65,元富-新店,2024-01-29,5922
9105,泰金寶-DR,66,5,61,元富-新店,2024-01-29,5922
2344,華邦電,54,2,52,元富-新店,2024-01-29,5922
2723,美食-KY,50,0,50,元富-新店,2024-01-29,5922
00877,復華中國5G,45,0,45,元富-新店,2024-01-29,5922
00929,復華台灣科技優息,36,0,36,元富-新店,2024-01-29,5922
3052,夆典,36,0,36,元富-新店,2024-01-29,5922
1513,中興電,32,1,31,元富-新店,2024-01-29,5922
3715,定穎投控,38,12,26,元富-新店,2024-01-29,5922
00751B,元大AAA至A公司債,25,0,25,元富-新店,2024-01-29,5922
00646,元大S＆P500,25,0,25,元富-新店,2024-01-29,5922
1616,億泰,20,0,20,元富-新店,2024-01-29,5922
4746,台耀,21,1,20,元富-新店,2024-01-29,5922
8011,台通,20,0,20,元富-新店,2024-01-29,5922
3231,緯創,54,35,19,元富-新店,2024-01-29,5922
1432,大魯閣,24,6,18,元富-新店,2024-01-29,5922
6229,研通,36,19,17,元富-新店,2024-01-29,5922
6270,倍微,18,1,17,元富-新店,2024-01-29,5922
1742,台蠟,16,0,16,元富-新店,2024-01-29,5922
00720B,元大投資級公司債,15,0,15,元富-新店,2024-01-29,5922
00933B,國泰10Y+金融債,17,3,14,元富-新店,2024-01-29,5922
3605,宏致,14,1,13,元富-新店,2024-01-29,5922
00885,富邦越南,13,0,13,元富-新店,2024-01-29,5922
3264,欣銓,12,0,12,元富-新店,2024-01-29,5922
2356,英業達,37,26,11,元富-新店,2024-01-29,5922
00753L,中信中國50正2,11,0,11,元富-新店,2024-01-29,5922
2362,藍天,11,0,11,元富-新店,2024-01-29,5922
5223,安力-KY,12,1,11,元富-新店,2024-01-29,5922
3360,尚立,64,53,11,元富-新店,2024-01-29,5922
6111,大宇資,15,4,11,元富-新店,2024-01-29,5922
4162,智擎,16,6,10,元富-新店,2024-01-29,5922
6113,亞矽,10,0,10,元富-新店,2024-01-29,5922
3694,海華,10,0,10,元富-新店,2024-01-29,5922
00772B,中信高評級公司債,10,0,10,元富-新店,2024-01-29,5922
2405,輔信,10,0,10,元富-新店,2024-01-29,5922
3128,昇銳,13,3,10,元富-新店,2024-01-29,5922
6770,力積電,10,0,10,元富-新店,2024-01-29,5922
2258,鴻華先進-創,10,0,10,元富-新店,2024-01-29,5922
2484,希華,10,0,10,元富-新店,2024-01-29,5922
00679B,元大美債20年,10,1,9,元富-新店,2024-01-29,5922
00687B,國泰20年美債,19,10,9,元富-新店,2024-01-29,5922
6442,光聖,10,1,9,元富-新店,2024-01-29,5922
2409,友達,11,2,9,元富-新店,2024-01-29,5922
2337,旺宏,8,0,8,元富-新店,2024-01-29,5922
2603,長榮,17,9,8,元富-新店,2024-01-29,5922
2014,中鴻,8,0,8,元富-新店,2024-01-29,5922
5484,慧友,10,2,8,元富-新店,2024-01-29,5922
00882,中信中國高股息,124,2,122,元富-新店,2024-01-30,5922
2371,大同,121,15,106,元富-新店,2024-01-30,5922
2610,華航,103,1,102,元富-新店,2024-01-30,5922
00937B,群益ESG投等債20,92,1,91,元富-新店,2024-01-30,5922
2002,中鋼,73,0,73,元富-新店,2024-01-30,5922
00637L,元大滬深300正2,87,17,70,元富-新店,2024-01-30,5922
6770,力積電,36,4,32,元富-新店,2024-01-30,5922
00885,富邦越南,30,0,30,元富-新店,2024-01-30,5922
00933B,國泰10Y+金融債,26,1,25,元富-新店,2024-01-30,5922
9105,泰金寶-DR,33,10,23,元富-新店,2024-01-30,5922
6535,順藥,18,0,18,元富-新店,2024-01-30,5922
2609,陽明,32,14,18,元富-新店,2024-01-30,5922
2421,建準,81,64,17,元富-新店,2024-01-30,5922
1460,宏遠,20,4,16,元富-新店,2024-01-30,5922
00733,富邦臺灣中小,18,2,16,元富-新店,2024-01-30,5922
00919,群益台灣精選高息,15,0,15,元富-新店,2024-01-30,5922
1742,台蠟,15,0,15,元富-新店,2024-01-30,5922
8011,台通,15,0,15,元富-新店,2024-01-30,5922
4543,萬在,15,0,15,元富-新店,2024-01-30,5922
3036,文曄,28,13,15,元富-新店,2024-01-30,5922
5009,榮剛,15,1,14,元富-新店,2024-01-30,5922
1519,華城,20,6,14,元富-新店,2024-01-30,5922
3615,安可,19,5,14,元富-新店,2024-01-30,5922
00902,中信電池及儲能,12,0,12,元富-新店,2024-01-30,5922
1101,台泥,12,0,12,元富-新店,2024-01-30,5922
3325,旭品,12,0,12,元富-新店,2024-01-30,5922
8112,至上,12,0,12,元富-新店,2024-01-30,5922
3491,昇達科,12,0,12,元富-新店,2024-01-30,5922
2606,裕民,11,0,11,元富-新店,2024-01-30,5922
2405,輔信,11,0,11,元富-新店,2024-01-30,5922
2605,新興,10,0,10,元富-新店,2024-01-30,5922
2332,友訊,10,0,10,元富-新店,2024-01-30,5922
2880,華南金,10,0,10,元富-新店,2024-01-30,5922
2367,燿華,10,0,10,元富-新店,2024-01-30,5922
00857B,永豐20年美公債,10,0,10,元富-新店,2024-01-30,5922
4303,信立,10,0,10,元富-新店,2024-01-30,5922
2867,三商壽,10,0,10,元富-新店,2024-01-30,5922
2453,凌群,10,0,10,元富-新店,2024-01-30,5922
2419,仲琦,11,1,10,元富-新店,2024-01-30,5922
5203,訊連,10,0,10,元富-新店,2024-01-30,5922
2838,聯邦銀,10,0,10,元富-新店,2024-01-30,5922
3312,弘憶股,10,0,10,元富-新店,2024-01-30,5922
8069,元太,12,2,10,元富-新店,2024-01-30,5922
5880,合庫金,9,0,9,元富-新店,2024-01-30,5922
00929,復華台灣科技優息,12,3,9,元富-新店,2024-01-30,5922
2324,仁寶,9,0,9,元富-新店,2024-01-30,5922
4968,立積,11,2,9,元富-新店,2024-01-30,5922
2883,凱基金,9,0,9,元富-新店,2024-01-30,5922
00772B,中信高評級公司債,11,2,9,元富-新店,2024-01-30,5922
3308,聯德,10,1,9,元富-新店,2024-01-30,5922
00632R,元大台灣50反1,150,15,135,元富-新店,2024-01-31,5922
00882,中信中國高股息,112,4,108,元富-新店,2024-01-31,5922
00929,復華台灣科技優息,63,0,63,元富-新店,2024-01-31,5922
3481,群創,67,8,59,元富-新店,2024-01-31,5922
00642U,期元大S＆P石油,50,1,49,元富-新店,2024-01-31,5922
2356,英業達,54,9,45,元富-新店,2024-01-31,5922
00665L,富邦�琤肭磪囓�2,92,48,44,元富-新店,2024-01-31,5922
3231,緯創,64,21,43,元富-新店,2024-01-31,5922
00688L,國泰20年美債正2,41,0,41,元富-新店,2024-01-31,5922
2883,凱基金,43,3,40,元富-新店,2024-01-31,5922
00937B,群益ESG投等債20,36,0,36,元富-新店,2024-01-31,5922
2303,聯電,46,12,34,元富-新店,2024-01-31,5922
2618,長榮航,35,3,32,元富-新店,2024-01-31,5922
2887,台新金,31,0,31,元富-新店,2024-01-31,5922
2353,宏��,29,0,29,元富-新店,2024-01-31,5922
4714,永捷,28,0,28,元富-新店,2024-01-31,5922
2851,中再保,25,0,25,元富-新店,2024-01-31,5922
00877,復華中國5G,25,1,24,元富-新店,2024-01-31,5922
6770,力積電,23,1,22,元富-新店,2024-01-31,5922
3363,上詮,22,0,22,元富-新店,2024-01-31,5922
00751B,元大AAA至A公司債,20,0,20,元富-新店,2024-01-31,5922
3535,晶彩科,20,0,20,元富-新店,2024-01-31,5922
8996,高力,20,2,18,元富-新店,2024-01-31,5922
1432,大魯閣,21,3,18,元富-新店,2024-01-31,5922
6535,順藥,19,1,18,元富-新店,2024-01-31,5922
2610,華航,17,0,17,元富-新店,2024-01-31,5922
2886,兆豐金,18,2,16,元富-新店,2024-01-31,5922
3376,新日興,66,50,16,元富-新店,2024-01-31,5922
3530,晶相光,18,2,16,元富-新店,2024-01-31,5922
2330,台積電,18,4,14,元富-新店,2024-01-31,5922
8011,台通,13,0,13,元富-新店,2024-01-31,5922
4909,新復興,33,20,13,元富-新店,2024-01-31,5922
8096,擎亞,51,38,13,元富-新店,2024-01-31,5922
8069,元太,26,14,12,元富-新店,2024-01-31,5922
4960,誠美材,17,5,12,元富-新店,2024-01-31,5922
3052,夆典,12,0,12,元富-新店,2024-01-31,5922
6667,信紘科,18,6,12,元富-新店,2024-01-31,5922
6695,芯鼎,45,33,12,元富-新店,2024-01-31,5922
3715,定穎投控,28,17,11,元富-新店,2024-01-31,5922
3189,景碩,12,1,11,元富-新店,2024-01-31,5922
00893,國泰智能電動車,11,0,11,元富-新店,2024-01-31,5922
00907,永豐優息存股,11,0,11,元富-新店,2024-01-31,5922
2365,昆盈,13,2,11,元富-新店,2024-01-31,5922
3036,文曄,20,10,10,元富-新店,2024-01-31,5922
3694,海華,20,10,10,元富-新店,2024-01-31,5922
00919,群益台灣精選高息,10,0,10,元富-新店,2024-01-31,5922
5243,乙盛-KY,10,0,10,元富-新店,2024-01-31,5922
2888,新光金,10,0,10,元富-新店,2024-01-31,5922
3623,富晶通,10,0,10,元富-新店,2024-01-31,5922
4121,優盛,10,0,10,元富-新店,2024-01-31,5922
2883,凱基金,260,0,260,元富-新店,2024-02-01,5922
8011,台通,120,0,120,元富-新店,2024-02-01,5922
2409,友達,61,15,46,元富-新店,2024-02-01,5922
00751B,元大AAA至A公司債,32,0,32,元富-新店,2024-02-01,5922
00764B,群益25年美債,32,0,32,元富-新店,2024-02-01,5922
2816,旺旺保,40,8,32,元富-新店,2024-02-01,5922
8936,國統,132,101,31,元富-新店,2024-02-01,5922
1618,合機,34,6,28,元富-新店,2024-02-01,5922
3706,神達,27,0,27,元富-新店,2024-02-01,5922
6770,力積電,25,0,25,元富-新店,2024-02-01,5922
9105,泰金寶-DR,25,0,25,元富-新店,2024-02-01,5922
00687B,國泰20年美債,29,5,24,元富-新店,2024-02-01,5922
3264,欣銓,24,2,22,元富-新店,2024-02-01,5922
6026,福邦證,20,0,20,元富-新店,2024-02-01,5922
3623,富晶通,20,0,20,元富-新店,2024-02-01,5922
3576,聯合再生,20,0,20,元富-新店,2024-02-01,5922
4714,永捷,40,20,20,元富-新店,2024-02-01,5922
3055,蔚華科,33,13,20,元富-新店,2024-02-01,5922
00878,國泰永續高股息,28,8,20,元富-新店,2024-02-01,5922
6799,來頡,22,3,19,元富-新店,2024-02-01,5922
8111,立��,21,2,19,元富-新店,2024-02-01,5922
6126,信音,18,0,18,元富-新店,2024-02-01,5922
1528,恩德,20,4,16,元富-新店,2024-02-01,5922
2392,正崴,16,0,16,元富-新店,2024-02-01,5922
8040,九暘,20,4,16,元富-新店,2024-02-01,5922
6274,台燿,45,30,15,元富-新店,2024-02-01,5922
3481,群創,36,21,15,元富-新店,2024-02-01,5922
6237,驊訊,63,49,14,元富-新店,2024-02-01,5922
00882,中信中國高股息,43,30,13,元富-新店,2024-02-01,5922
3032,偉訓,32,19,13,元富-新店,2024-02-01,5922
4746,台耀,12,0,12,元富-新店,2024-02-01,5922
1514,亞力,28,16,12,元富-新店,2024-02-01,5922
0056,元大高股息,12,0,12,元富-新店,2024-02-01,5922
2330,台積電,18,6,12,元富-新店,2024-02-01,5922
00715L,期街口布蘭特正2,11,0,11,元富-新店,2024-02-01,5922
5512,力麒,23,12,11,元富-新店,2024-02-01,5922
00937B,群益ESG投等債20,31,20,11,元富-新店,2024-02-01,5922
6530,創威,110,99,11,元富-新店,2024-02-01,5922
00923,群益台ESG低碳50,11,0,11,元富-新店,2024-02-01,5922
00919,群益台灣精選高息,10,0,10,元富-新店,2024-02-01,5922
00907,永豐優息存股,10,0,10,元富-新店,2024-02-01,5922
3548,兆利,33,23,10,元富-新店,2024-02-01,5922
4303,信立,11,1,10,元富-新店,2024-02-01,5922
4906,正文,10,0,10,元富-新店,2024-02-01,5922
2867,三商壽,10,0,10,元富-新店,2024-02-01,5922
3052,夆典,30,20,10,元富-新店,2024-02-01,5922
00712,復華富時不動產,15,5,10,元富-新店,2024-02-01,5922
2641,正德,10,0,10,元富-新店,2024-02-01,5922
2886,兆豐金,10,1,9,元富-新店,2024-02-01,5922
6785,昱展新藥,10,1,9,元富-新店,2024-02-01,5922
2303,聯電,421,2,419,元富-新店,2024-02-02,5922
2883,凱基金,195,6,189,元富-新店,2024-02-02,5922
00637L,元大滬深300正2,67,0,67,元富-新店,2024-02-02,5922
4714,永捷,85,20,65,元富-新店,2024-02-02,5922
00937B,群益ESG投等債20,67,5,62,元富-新店,2024-02-02,5922
2390,云辰,70,12,58,元富-新店,2024-02-02,5922
3363,上詮,60,5,55,元富-新店,2024-02-02,5922
00642U,期元大S＆P石油,50,0,50,元富-新店,2024-02-02,5922
2891,中信金,45,0,45,元富-新店,2024-02-02,5922
00919,群益台灣精選高息,45,1,44,元富-新店,2024-02-02,5922
00907,永豐優息存股,43,0,43,元富-新店,2024-02-02,5922
2201,裕隆,46,6,40,元富-新店,2024-02-02,5922
00665L,富邦�琤肭磪囓�2,120,80,40,元富-新店,2024-02-02,5922
2329,華泰,78,43,35,元富-新店,2024-02-02,5922
3576,聯合再生,30,0,30,元富-新店,2024-02-02,5922
5328,華容,30,1,29,元富-新店,2024-02-02,5922
2383,台光電,31,2,29,元富-新店,2024-02-02,5922
1514,亞力,57,31,26,元富-新店,2024-02-02,5922
00933B,國泰10Y+金融債,30,5,25,元富-新店,2024-02-02,5922
6282,康舒,28,4,24,元富-新店,2024-02-02,5922
6126,信音,23,0,23,元富-新店,2024-02-02,5922
1503,士電,42,20,22,元富-新店,2024-02-02,5922
2344,華邦電,47,25,22,元富-新店,2024-02-02,5922
00878,國泰永續高股息,28,8,20,元富-新店,2024-02-02,5922
2363,矽統,20,0,20,元富-新店,2024-02-02,5922
6266,泰詠,19,0,19,元富-新店,2024-02-02,5922
3715,定穎投控,20,2,18,元富-新店,2024-02-02,5922
6785,昱展新藥,18,0,18,元富-新店,2024-02-02,5922
2101,南港,17,0,17,元富-新店,2024-02-02,5922
2609,陽明,21,4,17,元富-新店,2024-02-02,5922
00773B,中信優先金融債,17,0,17,元富-新店,2024-02-02,5922
8059,凱碩,20,3,17,元富-新店,2024-02-02,5922
2867,三商壽,16,0,16,元富-新店,2024-02-02,5922
2392,正崴,15,0,15,元富-新店,2024-02-02,5922
2603,長榮,26,12,14,元富-新店,2024-02-02,5922
2324,仁寶,16,2,14,元富-新店,2024-02-02,5922
2369,菱生,17,3,14,元富-新店,2024-02-02,5922
00712,復華富時不動產,19,5,14,元富-新店,2024-02-02,5922
2634,漢翔,14,0,14,元富-新店,2024-02-02,5922
2355,敬鵬,18,4,14,元富-新店,2024-02-02,5922
3630,新鉅科,14,0,14,元富-新店,2024-02-02,5922
6530,創威,15,1,14,元富-新店,2024-02-02,5922
2352,佳世達,35,22,13,元富-新店,2024-02-02,5922
1513,中興電,39,27,12,元富-新店,2024-02-02,5922
6667,信紘科,16,4,12,元富-新店,2024-02-02,5922
6834,天二科技,12,0,12,元富-新店,2024-02-02,5922
2618,長榮航,16,5,11,元富-新店,2024-02-02,5922
2497,怡利電,11,0,11,元富-新店,2024-02-02,5922
00715L,期街口布蘭特正2,11,0,11,元富-新店,2024-02-02,5922
6229,研通,11,0,11,元富-新店,2024-02-02,5922
2883,凱基金,1073,2,1071,元富-新店,2024-02-05,5922
00679B,元大美債20年,412,0,412,元富-新店,2024-02-05,5922
3264,欣銓,221,1,220,元富-新店,2024-02-05,5922
2371,大同,185,4,181,元富-新店,2024-02-05,5922
00929,復華台灣科技優息,142,3,139,元富-新店,2024-02-05,5922
00687B,國泰20年美債,60,0,60,元富-新店,2024-02-05,5922
3483,力致,62,10,52,元富-新店,2024-02-05,5922
00772B,中信高評級公司債,52,0,52,元富-新店,2024-02-05,5922
00642U,期元大S＆P石油,50,0,50,元富-新店,2024-02-05,5922
00919,群益台灣精選高息,44,1,43,元富-新店,2024-02-05,5922
00933B,國泰10Y+金融債,45,4,41,元富-新店,2024-02-05,5922
6443,元晶,50,11,39,元富-新店,2024-02-05,5922
1528,恩德,41,6,35,元富-新店,2024-02-05,5922
1316,上曜,32,1,31,元富-新店,2024-02-05,5922
6129,普誠,31,1,30,元富-新店,2024-02-05,5922
00764B,群益25年美債,28,0,28,元富-新店,2024-02-05,5922
00688L,國泰20年美債正2,23,0,23,元富-新店,2024-02-05,5922
6126,信音,23,0,23,元富-新店,2024-02-05,5922
00751B,元大AAA至A公司債,22,0,22,元富-新店,2024-02-05,5922
4960,誠美材,20,0,20,元富-新店,2024-02-05,5922
6015,宏遠證,20,0,20,元富-新店,2024-02-05,5922
8930,青鋼,20,0,20,元富-新店,2024-02-05,5922
5009,榮剛,20,1,19,元富-新店,2024-02-05,5922
00715L,期街口布蘭特正2,18,0,18,元富-新店,2024-02-05,5922
00891,中信關鍵半導體,21,3,18,元富-新店,2024-02-05,5922
3231,緯創,97,80,17,元富-新店,2024-02-05,5922
1605,華新,16,0,16,元富-新店,2024-02-05,5922
3535,晶彩科,25,10,15,元富-新店,2024-02-05,5922
00665L,富邦�琤肭磪囓�2,95,80,15,元富-新店,2024-02-05,5922
2303,聯電,30,16,14,元富-新店,2024-02-05,5922
2884,玉山金,14,1,13,元富-新店,2024-02-05,5922
2609,陽明,20,7,13,元富-新店,2024-02-05,5922
00720B,元大投資級公司債,13,0,13,元富-新店,2024-02-05,5922
3227,原相,14,1,13,元富-新店,2024-02-05,5922
2002,中鋼,13,0,13,元富-新店,2024-02-05,5922
2388,威盛,14,2,12,元富-新店,2024-02-05,5922
6834,天二科技,13,1,12,元富-新店,2024-02-05,5922
00632R,元大台灣50反1,15,3,12,元富-新店,2024-02-05,5922
3376,新日興,33,21,12,元富-新店,2024-02-05,5922
1432,大魯閣,13,2,11,元富-新店,2024-02-05,5922
2891,中信金,12,1,11,元富-新店,2024-02-05,5922
00927,群益半導體收益,11,0,11,元富-新店,2024-02-05,5922
4906,正文,11,0,11,元富-新店,2024-02-05,5922
2634,漢翔,16,5,11,元富-新店,2024-02-05,5922
6805,富世達,12,1,11,元富-新店,2024-02-05,5922
0056,元大高股息,12,1,11,元富-新店,2024-02-05,5922
3374,精材,11,0,11,元富-新店,2024-02-05,5922
6576,逸達,10,0,10,元富-新店,2024-02-05,5922
3052,夆典,20,10,10,元富-新店,2024-02-05,5922
8171,天宇,10,0,10,元富-新店,2024-02-05,5922
00937B,群益ESG投等債20,1303,80,1223,元富-新店,2024-02-15,5922
00751B,元大AAA至A公司債,580,0,580,元富-新店,2024-02-15,5922
00679B,元大美債20年,247,7,240,元富-新店,2024-02-15,5922
3264,欣銓,221,3,218,元富-新店,2024-02-15,5922
00680L,元大美債20正2,200,0,200,元富-新店,2024-02-15,5922
00687B,國泰20年美債,132,5,127,元富-新店,2024-02-15,5922
00632R,元大台灣50反1,127,22,105,元富-新店,2024-02-15,5922
00772B,中信高評級公司債,93,0,93,元富-新店,2024-02-15,5922
00712,復華富時不動產,77,15,62,元富-新店,2024-02-15,5922
1785,光洋科,50,5,45,元富-新店,2024-02-15,5922
00919,群益台灣精選高息,56,12,44,元富-新店,2024-02-15,5922
2618,長榮航,63,22,41,元富-新店,2024-02-15,5922
00931B,統一美債20年,38,0,38,元富-新店,2024-02-15,5922
2883,凱基金,44,6,38,元富-新店,2024-02-15,5922
00907,永豐優息存股,35,0,35,元富-新店,2024-02-15,5922
2609,陽明,45,11,34,元富-新店,2024-02-15,5922
2344,華邦電,54,20,34,元富-新店,2024-02-15,5922
3231,緯創,129,97,32,元富-新店,2024-02-15,5922
6125,廣運,41,9,32,元富-新店,2024-02-15,5922
2401,凌陽,32,3,29,元富-新店,2024-02-15,5922
2449,京元電子,36,7,29,元富-新店,2024-02-15,5922
6191,精成科,30,3,27,元富-新店,2024-02-15,5922
00764B,群益25年美債,26,0,26,元富-新店,2024-02-15,5922
3481,群創,52,27,25,元富-新店,2024-02-15,5922
00706L,期元大S＆P日圓正2,23,0,23,元富-新店,2024-02-15,5922
5880,合庫金,23,0,23,元富-新店,2024-02-15,5922
00933B,國泰10Y+金融債,33,11,22,元富-新店,2024-02-15,5922
3402,漢科,50,29,21,元富-新店,2024-02-15,5922
3010,華立,20,0,20,元富-新店,2024-02-15,5922
3055,蔚華科,20,0,20,元富-新店,2024-02-15,5922
2851,中再保,20,0,20,元富-新店,2024-02-15,5922
00935,野村臺灣新科技50,20,0,20,元富-新店,2024-02-15,5922
1326,台化,22,3,19,元富-新店,2024-02-15,5922
6770,力積電,20,2,18,元富-新店,2024-02-15,5922
2610,華航,18,0,18,元富-新店,2024-02-15,5922
00665L,富邦�琤肭磪囓�2,16,0,16,元富-新店,2024-02-15,5922
3294,英濟,17,1,16,元富-新店,2024-02-15,5922
2301,光寶科,19,4,15,元富-新店,2024-02-15,5922
2408,南亞科,16,1,15,元富-新店,2024-02-15,5922
6215,和椿,15,0,15,元富-新店,2024-02-15,5922
5521,工信,13,0,13,元富-新店,2024-02-15,5922
00752,中信中國50,12,0,12,元富-新店,2024-02-15,5922
3325,旭品,12,0,12,元富-新店,2024-02-15,5922
4714,永捷,43,31,12,元富-新店,2024-02-15,5922
2317,鴻海,13,1,12,元富-新店,2024-02-15,5922
5864,致和證,11,0,11,元富-新店,2024-02-15,5922
2916,滿心,11,0,11,元富-新店,2024-02-15,5922
2375,凱美,12,1,11,元富-新店,2024-02-15,5922
5210,寶碩,10,0,10,元富-新店,2024-02-15,5922
3576,聯合再生,10,0,10,元富-新店,2024-02-15,5922
00937B,群益ESG投等債20,1236,118,1118,元富-新店,2024-02-16,5922
2883,凱基金,357,2,355,元富-新店,2024-02-16,5922
00680L,元大美債20正2,175,16,159,元富-新店,2024-02-16,5922
00751B,元大AAA至A公司債,126,0,126,元富-新店,2024-02-16,5922
2371,大同,107,7,100,元富-新店,2024-02-16,5922
5498,凱崴,88,0,88,元富-新店,2024-02-16,5922
00795B,中信美國公債20年,78,0,78,元富-新店,2024-02-16,5922
3576,聯合再生,80,20,60,元富-新店,2024-02-16,5922
00772B,中信高評級公司債,57,1,56,元富-新店,2024-02-16,5922
3481,群創,63,21,42,元富-新店,2024-02-16,5922
2363,矽統,50,9,41,元富-新店,2024-02-16,5922
1605,華新,44,4,40,元富-新店,2024-02-16,5922
3264,欣銓,41,2,39,元富-新店,2024-02-16,5922
00687B,國泰20年美債,36,0,36,元富-新店,2024-02-16,5922
4207,環泰,41,5,36,元富-新店,2024-02-16,5922
00652,富邦印度,34,0,34,元富-新店,2024-02-16,5922
2382,廣達,57,26,31,元富-新店,2024-02-16,5922
4303,信立,30,1,29,元富-新店,2024-02-16,5922
5512,力麒,38,10,28,元富-新店,2024-02-16,5922
00688L,國泰20年美債正2,27,0,27,元富-新店,2024-02-16,5922
4915,致伸,26,0,26,元富-新店,2024-02-16,5922
2324,仁寶,59,35,24,元富-新店,2024-02-16,5922
2330,台積電,23,2,21,元富-新店,2024-02-16,5922
00891,中信關鍵半導體,22,1,21,元富-新店,2024-02-16,5922
6589,台康生技,20,0,20,元富-新店,2024-02-16,5922
2357,華碩,21,1,20,元富-新店,2024-02-16,5922
6116,彩晶,19,0,19,元富-新店,2024-02-16,5922
6274,台燿,49,30,19,元富-新店,2024-02-16,5922
00907,永豐優息存股,18,0,18,元富-新店,2024-02-16,5922
1513,中興電,76,58,18,元富-新店,2024-02-16,5922
00673R,期元大S＆P原油反1,16,0,16,元富-新店,2024-02-16,5922
00931B,統一美債20年,15,0,15,元富-新店,2024-02-16,5922
4714,永捷,25,11,14,元富-新店,2024-02-16,5922
4939,亞電,13,0,13,元富-新店,2024-02-16,5922
00650L,復華香港正2,15,2,13,元富-新店,2024-02-16,5922
6189,豐藝,15,2,13,元富-新店,2024-02-16,5922
6667,信紘科,21,9,12,元富-新店,2024-02-16,5922
00706L,期元大S＆P日圓正2,12,0,12,元富-新店,2024-02-16,5922
8069,元太,11,0,11,元富-新店,2024-02-16,5922
3038,全台,13,2,11,元富-新店,2024-02-16,5922
8110,華東,16,5,11,元富-新店,2024-02-16,5922
1582,信錦,10,0,10,元富-新店,2024-02-16,5922
00712,復華富時不動產,10,0,10,元富-新店,2024-02-16,5922
00725B,國泰投資級公司債,10,0,10,元富-新店,2024-02-16,5922
4160,訊聯基因,10,0,10,元富-新店,2024-02-16,5922
6227,茂綸,10,0,10,元富-新店,2024-02-16,5922
3025,星通,14,4,10,元富-新店,2024-02-16,5922
00885,富邦越南,10,1,9,元富-新店,2024-02-16,5922
6462,神盾,10,1,9,元富-新店,2024-02-16,5922
2609,陽明,11,3,8,元富-新店,2024-02-16,5922
00680L,元大美債20正2,123,0,123,元富-新店,2024-02-19,5922
5521,工信,91,9,82,元富-新店,2024-02-19,5922
2356,英業達,105,30,75,元富-新店,2024-02-19,5922
1608,華榮,82,12,70,元富-新店,2024-02-19,5922
00937B,群益ESG投等債20,92,22,70,元富-新店,2024-02-19,5922
00933B,國泰10Y+金融債,64,0,64,元富-新店,2024-02-19,5922
2329,華泰,115,60,55,元富-新店,2024-02-19,5922
2353,宏��,86,34,52,元富-新店,2024-02-19,5922
2543,皇昌,50,5,45,元富-新店,2024-02-19,5922
3313,斐成,42,0,42,元富-新店,2024-02-19,5922
5498,凱崴,60,20,40,元富-新店,2024-02-19,5922
1742,台蠟,40,1,39,元富-新店,2024-02-19,5922
2609,陽明,38,3,35,元富-新店,2024-02-19,5922
2369,菱生,107,76,31,元富-新店,2024-02-19,5922
00687B,國泰20年美債,30,0,30,元富-新店,2024-02-19,5922
5905,南仁湖,30,0,30,元富-新店,2024-02-19,5922
4728,雙美,26,0,26,元富-新店,2024-02-19,5922
3706,神達,27,2,25,元富-新店,2024-02-19,5922
4714,永捷,54,29,25,元富-新店,2024-02-19,5922
8064,東捷,40,15,25,元富-新店,2024-02-19,5922
2457,飛宏,55,31,24,元富-新店,2024-02-19,5922
4956,光鋐,24,0,24,元富-新店,2024-02-19,5922
2331,精英,23,1,22,元富-新店,2024-02-19,5922
00720B,元大投資級公司債,22,0,22,元富-新店,2024-02-19,5922
00751B,元大AAA至A公司債,32,10,22,元富-新店,2024-02-19,5922
00795B,中信美國公債20年,21,0,21,元富-新店,2024-02-19,5922
6274,台燿,70,49,21,元富-新店,2024-02-19,5922
2303,聯電,20,0,20,元富-新店,2024-02-19,5922
5340,建榮,27,8,19,元富-新店,2024-02-19,5922
2405,輔信,32,13,19,元富-新店,2024-02-19,5922
8096,擎亞,34,16,18,元富-新店,2024-02-19,5922
8936,國統,26,8,18,元富-新店,2024-02-19,5922
3047,訊舟,26,8,18,元富-新店,2024-02-19,5922
2367,燿華,20,2,18,元富-新店,2024-02-19,5922
2618,長榮航,18,1,17,元富-新店,2024-02-19,5922
3036,文曄,23,6,17,元富-新店,2024-02-19,5922
2382,廣達,28,12,16,元富-新店,2024-02-19,5922
2201,裕隆,25,9,16,元富-新店,2024-02-19,5922
2355,敬鵬,40,24,16,元富-新店,2024-02-19,5922
5443,均豪,19,4,15,元富-新店,2024-02-19,5922
2520,冠德,15,0,15,元富-新店,2024-02-19,5922
00665L,富邦�琤肭磪囓�2,24,9,15,元富-新店,2024-02-19,5922
1447,力鵬,15,0,15,元富-新店,2024-02-19,5922
2727,王品,15,0,15,元富-新店,2024-02-19,5922
3035,智原,17,3,14,元富-新店,2024-02-19,5922
00929,復華台灣科技優息,41,28,13,元富-新店,2024-02-19,5922
00907,永豐優息存股,13,0,13,元富-新店,2024-02-19,5922
00919,群益台灣精選高息,18,6,12,元富-新店,2024-02-19,5922
3376,新日興,18,6,12,元富-新店,2024-02-19,5922
00753L,中信中國50正2,12,0,12,元富-新店,2024-02-19,5922
2882,國泰金,330,23,307,元富-新店,2024-02-20,5922
00885,富邦越南,189,19,170,元富-新店,2024-02-20,5922
00937B,群益ESG投等債20,133,0,133,元富-新店,2024-02-20,5922
4714,永捷,196,92,104,元富-新店,2024-02-20,5922
6026,福邦證,100,0,100,元富-新店,2024-02-20,5922
00795B,中信美國公債20年,97,0,97,元富-新店,2024-02-20,5922
00933B,國泰10Y+金融債,100,10,90,元富-新店,2024-02-20,5922
2371,大同,62,1,61,元富-新店,2024-02-20,5922
2329,華泰,98,37,61,元富-新店,2024-02-20,5922
00680L,元大美債20正2,50,0,50,元富-新店,2024-02-20,5922
2634,漢翔,34,0,34,元富-新店,2024-02-20,5922
2401,凌陽,37,3,34,元富-新店,2024-02-20,5922
3013,晟銘電,34,1,33,元富-新店,2024-02-20,5922
3231,緯創,45,14,31,元富-新店,2024-02-20,5922
6282,康舒,37,9,28,元富-新店,2024-02-20,5922
6126,信音,38,11,27,元富-新店,2024-02-20,5922
4960,誠美材,30,4,26,元富-新店,2024-02-20,5922
2365,昆盈,24,0,24,元富-新店,2024-02-20,5922
2101,南港,27,4,23,元富-新店,2024-02-20,5922
00712,復華富時不動產,23,1,22,元富-新店,2024-02-20,5922
6821,聯寶,21,0,21,元富-新店,2024-02-20,5922
3576,聯合再生,20,0,20,元富-新店,2024-02-20,5922
5498,凱崴,24,4,20,元富-新店,2024-02-20,5922
2515,中工,20,0,20,元富-新店,2024-02-20,5922
00772B,中信高評級公司債,20,0,20,元富-新店,2024-02-20,5922
00687B,國泰20年美債,20,0,20,元富-新店,2024-02-20,5922
6535,順藥,18,0,18,元富-新店,2024-02-20,5922
1608,華榮,34,16,18,元富-新店,2024-02-20,5922
00673R,期元大S＆P原油反1,17,0,17,元富-新店,2024-02-20,5922
5351,鈺創,30,14,16,元富-新店,2024-02-20,5922
3481,群創,24,8,16,元富-新店,2024-02-20,5922
5426,振發,15,0,15,元富-新店,2024-02-20,5922
4979,華星光,40,25,15,元富-新店,2024-02-20,5922
3450,聯鈞,45,30,15,元富-新店,2024-02-20,5922
2388,威盛,20,6,14,元富-新店,2024-02-20,5922
3017,奇鋐,14,1,13,元富-新店,2024-02-20,5922
00720B,元大投資級公司債,13,0,13,元富-新店,2024-02-20,5922
6108,競國,53,40,13,元富-新店,2024-02-20,5922
2610,華航,13,0,13,元富-新店,2024-02-20,5922
3363,上詮,64,51,13,元富-新店,2024-02-20,5922
2489,瑞軒,18,6,12,元富-新店,2024-02-20,5922
4956,光鋐,14,2,12,元富-新店,2024-02-20,5922
6667,信紘科,17,5,12,元富-新店,2024-02-20,5922
9925,新保,12,0,12,元富-新店,2024-02-20,5922
1815,富喬,20,9,11,元富-新店,2024-02-20,5922
8289,泰藝,11,0,11,元富-新店,2024-02-20,5922
8932,智通*,11,0,11,元富-新店,2024-02-20,5922
1618,合機,20,10,10,元富-新店,2024-02-20,5922
2353,宏��,12,2,10,元富-新店,2024-02-20,5922
6443,元晶,10,0,10,元富-新店,2024-02-20,5922
2892,第一金,206,0,206,元富-新店,2024-02-21,5922
2883,凱基金,201,1,200,元富-新店,2024-02-21,5922
00680L,元大美債20正2,129,0,129,元富-新店,2024-02-21,5922
9105,泰金寶-DR,116,20,96,元富-新店,2024-02-21,5922
00878,國泰永續高股息,66,3,63,元富-新店,2024-02-21,5922
00882,中信中國高股息,66,6,60,元富-新店,2024-02-21,5922
2732,六角,55,0,55,元富-新店,2024-02-21,5922
00937B,群益ESG投等債20,52,0,52,元富-新店,2024-02-21,5922
2882,國泰金,53,1,52,元富-新店,2024-02-21,5922
2367,燿華,51,1,50,元富-新店,2024-02-21,5922
2066,世德,50,0,50,元富-新店,2024-02-21,5922
6026,福邦證,50,0,50,元富-新店,2024-02-21,5922
00891,中信關鍵半導體,50,1,49,元富-新店,2024-02-21,5922
00933B,國泰10Y+金融債,88,50,38,元富-新店,2024-02-21,5922
6548,長科*,38,0,38,元富-新店,2024-02-21,5922
1608,華榮,37,0,37,元富-新店,2024-02-21,5922
00687B,國泰20年美債,36,0,36,元富-新店,2024-02-21,5922
1316,上曜,107,77,30,元富-新店,2024-02-21,5922
1785,光洋科,30,1,29,元富-新店,2024-02-21,5922
3231,緯創,71,43,28,元富-新店,2024-02-21,5922
4915,致伸,30,2,28,元富-新店,2024-02-21,5922
2303,聯電,36,10,26,元富-新店,2024-02-21,5922
4976,佳凌,26,2,24,元富-新店,2024-02-21,5922
3035,智原,30,6,24,元富-新店,2024-02-21,5922
1711,永光,26,3,23,元富-新店,2024-02-21,5922
5498,凱崴,22,0,22,元富-新店,2024-02-21,5922
00795B,中信美國公債20年,22,0,22,元富-新店,2024-02-21,5922
00923,群益台ESG低碳50,21,0,21,元富-新店,2024-02-21,5922
2369,菱生,22,1,21,元富-新店,2024-02-21,5922
6282,康舒,25,4,21,元富-新店,2024-02-21,5922
2885,元大金,20,0,20,元富-新店,2024-02-21,5922
2409,友達,25,5,20,元富-新店,2024-02-21,5922
8110,華東,20,1,19,元富-新店,2024-02-21,5922
2609,陽明,41,22,19,元富-新店,2024-02-21,5922
6125,廣運,24,6,18,元富-新店,2024-02-21,5922
2355,敬鵬,19,3,16,元富-新店,2024-02-21,5922
2637,慧洋-KY,19,4,15,元富-新店,2024-02-21,5922
2312,金寶,18,3,15,元富-新店,2024-02-21,5922
00762,元大全球AI,20,5,15,元富-新店,2024-02-21,5922
00632R,元大台灣50反1,15,0,15,元富-新店,2024-02-21,5922
3033,威健,15,1,14,元富-新店,2024-02-21,5922
00712,復華富時不動產,13,0,13,元富-新店,2024-02-21,5922
3432,台端,14,2,12,元富-新店,2024-02-21,5922
2352,佳世達,15,3,12,元富-新店,2024-02-21,5922
2887,台新金,12,0,12,元富-新店,2024-02-21,5922
3712,永崴投控,13,2,11,元富-新店,2024-02-21,5922
00751B,元大AAA至A公司債,11,0,11,元富-新店,2024-02-21,5922
3702,大聯大,13,2,11,元富-新店,2024-02-21,5922
3530,晶相光,11,0,11,元富-新店,2024-02-21,5922
1528,恩德,20,9,11,元富-新店,2024-02-21,5922
00937B,群益ESG投等債20,156,6,150,元富-新店,2024-02-22,5922
00933B,國泰10Y+金融債,81,11,70,元富-新店,2024-02-22,5922
1785,光洋科,60,0,60,元富-新店,2024-02-22,5922
6443,元晶,50,0,50,元富-新店,2024-02-22,5922
9105,泰金寶-DR,63,20,43,元富-新店,2024-02-22,5922
00795B,中信美國公債20年,40,0,40,元富-新店,2024-02-22,5922
2303,聯電,48,12,36,元富-新店,2024-02-22,5922
5498,凱崴,58,22,36,元富-新店,2024-02-22,5922
5340,建榮,34,0,34,元富-新店,2024-02-22,5922
2101,南港,33,0,33,元富-新店,2024-02-22,5922
4979,華星光,35,3,32,元富-新店,2024-02-22,5922
00632R,元大台灣50反1,41,10,31,元富-新店,2024-02-22,5922
2367,燿華,36,8,28,元富-新店,2024-02-22,5922
2376,技嘉,32,4,28,元富-新店,2024-02-22,5922
00680L,元大美債20正2,28,2,26,元富-新店,2024-02-22,5922
8111,立��,25,0,25,元富-新店,2024-02-22,5922
2356,英業達,111,88,23,元富-新店,2024-02-22,5922
2329,華泰,148,125,23,元富-新店,2024-02-22,5922
00931B,統一美債20年,23,0,23,元富-新店,2024-02-22,5922
3576,聯合再生,22,0,22,元富-新店,2024-02-22,5922
3231,緯創,54,33,21,元富-新店,2024-02-22,5922
4976,佳凌,21,0,21,元富-新店,2024-02-22,5922
2913,農林,21,0,21,元富-新店,2024-02-22,5922
8070,長華*,21,0,21,元富-新店,2024-02-22,5922
2409,友達,23,3,20,元富-新店,2024-02-22,5922
2371,大同,240,220,20,元富-新店,2024-02-22,5922
3481,群創,37,18,19,元富-新店,2024-02-22,5922
00712,復華富時不動產,19,0,19,元富-新店,2024-02-22,5922
2002,中鋼,17,0,17,元富-新店,2024-02-22,5922
8064,東捷,41,25,16,元富-新店,2024-02-22,5922
2485,兆赫,16,0,16,元富-新店,2024-02-22,5922
2355,敬鵬,21,6,15,元富-新店,2024-02-22,5922
8996,高力,25,10,15,元富-新店,2024-02-22,5922
1524,耿鼎,23,8,15,元富-新店,2024-02-22,5922
3006,晶豪科,14,0,14,元富-新店,2024-02-22,5922
2610,華航,14,1,13,元富-新店,2024-02-22,5922
6164,華興,12,0,12,元富-新店,2024-02-22,5922
00857B,永豐20年美公債,11,0,11,元富-新店,2024-02-22,5922
3673,TPK-KY,11,0,11,元富-新店,2024-02-22,5922
2486,一詮,13,2,11,元富-新店,2024-02-22,5922
3047,訊舟,31,20,11,元富-新店,2024-02-22,5922
3041,揚智,145,134,11,元富-新店,2024-02-22,5922
2369,菱生,63,53,10,元富-新店,2024-02-22,5922
2115,六暉-KY,12,2,10,元富-新店,2024-02-22,5922
2489,瑞軒,57,47,10,元富-新店,2024-02-22,5922
2547,日勝生,10,0,10,元富-新店,2024-02-22,5922
3313,斐成,10,0,10,元富-新店,2024-02-22,5922
6684,安格,32,22,10,元富-新店,2024-02-22,5922
1326,台化,10,0,10,元富-新店,2024-02-22,5922
4588,玖鼎電力,10,0,10,元富-新店,2024-02-22,5922
2883,凱基金,250,6,244,元富-新店,2024-02-23,5922
00919,群益台灣精選高息,126,46,80,元富-新店,2024-02-23,5922
1447,力鵬,77,7,70,元富-新店,2024-02-23,5922
3264,欣銓,132,62,70,元富-新店,2024-02-23,5922
3231,緯創,100,31,69,元富-新店,2024-02-23,5922
1608,華榮,70,10,60,元富-新店,2024-02-23,5922
5234,達興材料,56,0,56,元富-新店,2024-02-23,5922
1618,合機,51,0,51,元富-新店,2024-02-23,5922
3313,斐成,50,0,50,元富-新店,2024-02-23,5922
00937B,群益ESG投等債20,53,7,46,元富-新店,2024-02-23,5922
6770,力積電,48,10,38,元富-新店,2024-02-23,5922
2329,華泰,166,130,36,元富-新店,2024-02-23,5922
2489,瑞軒,33,0,33,元富-新店,2024-02-23,5922
00712,復華富時不動產,32,0,32,元富-新店,2024-02-23,5922
00795B,中信美國公債20年,31,0,31,元富-新店,2024-02-23,5922
4162,智擎,30,0,30,元富-新店,2024-02-23,5922
00878,國泰永續高股息,48,22,26,元富-新店,2024-02-23,5922
4728,雙美,23,0,23,元富-新店,2024-02-23,5922
1514,亞力,48,26,22,元富-新店,2024-02-23,5922
00687B,國泰20年美債,22,0,22,元富-新店,2024-02-23,5922
9945,潤泰新,21,0,21,元富-新店,2024-02-23,5922
3481,群創,30,10,20,元富-新店,2024-02-23,5922
1785,光洋科,20,0,20,元富-新店,2024-02-23,5922
3576,聯合再生,20,0,20,元富-新店,2024-02-23,5922
00933B,國泰10Y+金融債,43,23,20,元富-新店,2024-02-23,5922
2313,華通,113,95,18,元富-新店,2024-02-23,5922
6114,久威,17,0,17,元富-新店,2024-02-23,5922
2449,京元電子,79,62,17,元富-新店,2024-02-23,5922
2618,長榮航,42,26,16,元富-新店,2024-02-23,5922
00680L,元大美債20正2,26,11,15,元富-新店,2024-02-23,5922
00637L,元大滬深300正2,41,26,15,元富-新店,2024-02-23,5922
6530,創威,20,5,15,元富-新店,2024-02-23,5922
4114,健喬,15,0,15,元富-新店,2024-02-23,5922
2615,萬海,14,0,14,元富-新店,2024-02-23,5922
8064,東捷,101,87,14,元富-新店,2024-02-23,5922
2365,昆盈,14,0,14,元富-新店,2024-02-23,5922
6821,聯寶,15,1,14,元富-新店,2024-02-23,5922
2356,英業達,39,26,13,元富-新店,2024-02-23,5922
8936,國統,15,2,13,元富-新店,2024-02-23,5922
1301,台塑,18,5,13,元富-新店,2024-02-23,5922
6147,頎邦,21,8,13,元富-新店,2024-02-23,5922
2353,宏��,16,3,13,元富-新店,2024-02-23,5922
6189,豐藝,16,3,13,元富-新店,2024-02-23,5922
2884,玉山金,29,17,12,元富-新店,2024-02-23,5922
5469,瀚宇博,12,0,12,元富-新店,2024-02-23,5922
6156,松上,12,0,12,元富-新店,2024-02-23,5922
2421,建準,25,13,12,元富-新店,2024-02-23,5922
2371,大同,259,247,12,元富-新店,2024-02-23,5922
2303,聯電,17,6,11,元富-新店,2024-02-23,5922
00900,富邦特選高股息30,12,1,11,元富-新店,2024-02-23,5922
00929,復華台灣科技優息,320,31,289,元富-新店,2024-02-26,5922
00919,群益台灣精選高息,287,1,286,元富-新店,2024-02-26,5922
00878,國泰永續高股息,176,12,164,元富-新店,2024-02-26,5922
00933B,國泰10Y+金融債,167,31,136,元富-新店,2024-02-26,5922
2609,陽明,118,8,110,元富-新店,2024-02-26,5922
2367,燿華,73,8,65,元富-新店,2024-02-26,5922
5234,達興材料,51,2,49,元富-新店,2024-02-26,5922
2331,精英,44,4,40,元富-新店,2024-02-26,5922
6226,光鼎,40,0,40,元富-新店,2024-02-26,5922
3028,增你強,39,5,34,元富-新店,2024-02-26,5922
9904,寶成,33,0,33,元富-新店,2024-02-26,5922
2884,玉山金,31,0,31,元富-新店,2024-02-26,5922
00720B,元大投資級公司債,29,0,29,元富-新店,2024-02-26,5922
00936,台新永續高息中小,30,1,29,元富-新店,2024-02-26,5922
00907,永豐優息存股,29,0,29,元富-新店,2024-02-26,5922
2409,友達,28,1,27,元富-新店,2024-02-26,5922
6122,擎邦,41,18,23,元富-新店,2024-02-26,5922
8064,東捷,58,35,23,元富-新店,2024-02-26,5922
6126,信音,26,5,21,元富-新店,2024-02-26,5922
2880,華南金,20,0,20,元富-新店,2024-02-26,5922
1326,台化,20,0,20,元富-新店,2024-02-26,5922
4714,永捷,20,0,20,元富-新店,2024-02-26,5922
2303,聯電,20,1,19,元富-新店,2024-02-26,5922
2313,華通,33,14,19,元富-新店,2024-02-26,5922
2408,南亞科,22,4,18,元富-新店,2024-02-26,5922
4909,新復興,47,30,17,元富-新店,2024-02-26,5922
5392,能率,16,0,16,元富-新店,2024-02-26,5922
6114,久威,16,0,16,元富-新店,2024-02-26,5922
2104,國際中橡,16,0,16,元富-新店,2024-02-26,5922
3479,安勤,21,7,14,元富-新店,2024-02-26,5922
2329,華泰,26,12,14,元富-新店,2024-02-26,5922
4728,雙美,13,0,13,元富-新店,2024-02-26,5922
6182,合晶,13,0,13,元富-新店,2024-02-26,5922
4543,萬在,13,0,13,元富-新店,2024-02-26,5922
2356,英業達,14,1,13,元富-新店,2024-02-26,5922
2892,第一金,12,0,12,元富-新店,2024-02-26,5922
6576,逸達,12,0,12,元富-新店,2024-02-26,5922
1504,東元,54,42,12,元富-新店,2024-02-26,5922
2460,建通,14,2,12,元富-新店,2024-02-26,5922
2449,京元電子,20,9,11,元富-新店,2024-02-26,5922
5498,凱崴,10,0,10,元富-新店,2024-02-26,5922
2369,菱生,23,13,10,元富-新店,2024-02-26,5922
00931B,統一美債20年,12,2,10,元富-新店,2024-02-26,5922
00762,元大全球AI,10,0,10,元富-新店,2024-02-26,5922
3360,尚立,10,0,10,元富-新店,2024-02-26,5922
3303,岱稜,10,0,10,元富-新店,2024-02-26,5922
2911,麗嬰房,10,0,10,元富-新店,2024-02-26,5922
6179,亞通,10,0,10,元富-新店,2024-02-26,5922
4908,前鼎,40,30,10,元富-新店,2024-02-26,5922
3481,群創,21,12,9,元富-新店,2024-02-26,5922
00937B,群益ESG投等債20,712,2,710,元富-新店,2024-02-27,5922
2882,國泰金,151,4,147,元富-新店,2024-02-27,5922
00878,國泰永續高股息,169,36,133,元富-新店,2024-02-27,5922
3231,緯創,216,102,114,元富-新店,2024-02-27,5922
00795B,中信美國公債20年,79,0,79,元富-新店,2024-02-27,5922
3325,旭品,71,0,71,元富-新店,2024-02-27,5922
2884,玉山金,73,15,58,元富-新店,2024-02-27,5922
2888,新光金,59,3,56,元富-新店,2024-02-27,5922
00687B,國泰20年美債,44,1,43,元富-新店,2024-02-27,5922
00679B,元大美債20年,42,0,42,元富-新店,2024-02-27,5922
3312,弘憶股,91,51,40,元富-新店,2024-02-27,5922
00933B,國泰10Y+金融債,38,0,38,元富-新店,2024-02-27,5922
00637L,元大滬深300正2,56,22,34,元富-新店,2024-02-27,5922
3037,欣興,52,20,32,元富-新店,2024-02-27,5922
2002,中鋼,34,2,32,元富-新店,2024-02-27,5922
00751B,元大AAA至A公司債,31,0,31,元富-新店,2024-02-27,5922
00772B,中信高評級公司債,31,0,31,元富-新店,2024-02-27,5922
3450,聯鈞,76,47,29,元富-新店,2024-02-27,5922
2371,大同,35,6,29,元富-新店,2024-02-27,5922
0056,元大高股息,35,7,28,元富-新店,2024-02-27,5922
3013,晟銘電,31,5,26,元富-新店,2024-02-27,5922
00907,永豐優息存股,26,0,26,元富-新店,2024-02-27,5922
4556,旭然,24,0,24,元富-新店,2024-02-27,5922
00720B,元大投資級公司債,24,0,24,元富-新店,2024-02-27,5922
3163,波若威,104,81,23,元富-新店,2024-02-27,5922
1806,冠軍,24,2,22,元富-新店,2024-02-27,5922
3041,揚智,40,19,21,元富-新店,2024-02-27,5922
3437,榮創,22,1,21,元富-新店,2024-02-27,5922
6266,泰詠,20,0,20,元富-新店,2024-02-27,5922
2801,彰銀,19,0,19,元富-新店,2024-02-27,5922
8059,凱碩,26,7,19,元富-新店,2024-02-27,5922
4973,廣穎,23,4,19,元富-新店,2024-02-27,5922
3706,神達,22,4,18,元富-新店,2024-02-27,5922
8926,台汽電,15,0,15,元富-新店,2024-02-27,5922
3704,合勤控,15,0,15,元富-新店,2024-02-27,5922
8028,昇陽半導體,15,0,15,元富-新店,2024-02-27,5922
2409,友達,17,3,14,元富-新店,2024-02-27,5922
4908,前鼎,67,53,14,元富-新店,2024-02-27,5922
3047,訊舟,16,2,14,元富-新店,2024-02-27,5922
9105,泰金寶-DR,14,0,14,元富-新店,2024-02-27,5922
00673R,期元大S＆P原油反1,14,0,14,元富-新店,2024-02-27,5922
00632R,元大台灣50反1,22,10,12,元富-新店,2024-02-27,5922
3576,聯合再生,11,0,11,元富-新店,2024-02-27,5922
8088,品安,13,2,11,元富-新店,2024-02-27,5922
2498,宏達電,51,40,11,元富-新店,2024-02-27,5922
00931B,統一美債20年,11,0,11,元富-新店,2024-02-27,5922
00712,復華富時不動產,23,12,11,元富-新店,2024-02-27,5922
00929,復華台灣科技優息,163,152,11,元富-新店,2024-02-27,5922
2618,長榮航,18,7,11,元富-新店,2024-02-27,5922
1301,台塑,11,1,10,元富-新店,2024-02-27,5922
00937B,群益ESG投等債20,1062,0,1062,元富-新店,2024-02-29,5922
00919,群益台灣精選高息,330,146,184,元富-新店,2024-02-29,5922
2618,長榮航,134,13,121,元富-新店,2024-02-29,5922
00687B,國泰20年美債,106,15,91,元富-新店,2024-02-29,5922
2605,新興,94,4,90,元富-新店,2024-02-29,5922
2834,臺企銀,100,29,71,元富-新店,2024-02-29,5922
1815,富喬,139,78,61,元富-新店,2024-02-29,5922
00751B,元大AAA至A公司債,54,0,54,元富-新店,2024-02-29,5922
00712,復華富時不動產,56,4,52,元富-新店,2024-02-29,5922
1608,華榮,51,2,49,元富-新店,2024-02-29,5922
3005,神基,86,44,42,元富-新店,2024-02-29,5922
2303,聯電,49,9,40,元富-新店,2024-02-29,5922
2201,裕隆,46,18,28,元富-新店,2024-02-29,5922
2329,華泰,158,130,28,元富-新店,2024-02-29,5922
00878,國泰永續高股息,48,20,28,元富-新店,2024-02-29,5922
3450,聯鈞,100,73,27,元富-新店,2024-02-29,5922
3231,緯創,87,61,26,元富-新店,2024-02-29,5922
3481,群創,26,0,26,元富-新店,2024-02-29,5922
8088,品安,29,4,25,元富-新店,2024-02-29,5922
1720,生達,23,0,23,元富-新店,2024-02-29,5922
00933B,國泰10Y+金融債,30,7,23,元富-新店,2024-02-29,5922
5234,達興材料,28,6,22,元富-新店,2024-02-29,5922
1618,合機,44,22,22,元富-新店,2024-02-29,5922
5340,建榮,21,1,20,元富-新店,2024-02-29,5922
00679B,元大美債20年,16,0,16,元富-新店,2024-02-29,5922
2409,友達,16,0,16,元富-新店,2024-02-29,5922
00795B,中信美國公債20年,15,0,15,元富-新店,2024-02-29,5922
2330,台積電,15,0,15,元富-新店,2024-02-29,5922
4588,玖鼎電力,15,1,14,元富-新店,2024-02-29,5922
00772B,中信高評級公司債,12,0,12,元富-新店,2024-02-29,5922
2467,志聖,21,10,11,元富-新店,2024-02-29,5922
3037,欣興,15,4,11,元富-新店,2024-02-29,5922
3363,上詮,59,48,11,元富-新店,2024-02-29,5922
4513,福裕,21,10,11,元富-新店,2024-02-29,5922
3380,明泰,11,0,11,元富-新店,2024-02-29,5922
6426,統新,11,0,11,元富-新店,2024-02-29,5922
6531,愛普*,13,2,11,元富-新店,2024-02-29,5922
00720B,元大投資級公司債,11,0,11,元富-新店,2024-02-29,5922
6576,逸達,10,0,10,元富-新店,2024-02-29,5922
3710,連展投控,10,0,10,元富-新店,2024-02-29,5922
2547,日勝生,10,0,10,元富-新店,2024-02-29,5922
00908,富邦入息REITs+,10,0,10,元富-新店,2024-02-29,5922
2352,佳世達,10,0,10,元富-新店,2024-02-29,5922
6161,捷波,10,0,10,元富-新店,2024-02-29,5922
4714,永捷,10,0,10,元富-新店,2024-02-29,5922
2419,仲琦,10,0,10,元富-新店,2024-02-29,5922
2492,華新科,11,2,9,元富-新店,2024-02-29,5922
3023,信邦,9,0,9,元富-新店,2024-02-29,5922
2363,矽統,15,6,9,元富-新店,2024-02-29,5922
6237,驊訊,11,3,8,元富-新店,2024-02-29,5922
00919,群益台灣精選高息,321,25,296,元富-新店,2024-03-01,5922
00937B,群益ESG投等債20,307,111,196,元富-新店,2024-03-01,5922
2890,永豐金,150,3,147,元富-新店,2024-03-01,5922
9105,泰金寶-DR,126,0,126,元富-新店,2024-03-01,5922
2409,友達,82,4,78,元富-新店,2024-03-01,5922
00751B,元大AAA至A公司債,72,0,72,元富-新店,2024-03-01,5922
00878,國泰永續高股息,56,0,56,元富-新店,2024-03-01,5922
00882,中信中國高股息,58,11,47,元富-新店,2024-03-01,5922
2618,長榮航,41,0,41,元富-新店,2024-03-01,5922
2367,燿華,64,24,40,元富-新店,2024-03-01,5922
2816,旺旺保,35,0,35,元富-新店,2024-03-01,5922
3551,世禾,33,0,33,元富-新店,2024-03-01,5922
2605,新興,31,2,29,元富-新店,2024-03-01,5922
6265,方土昶,29,0,29,元富-新店,2024-03-01,5922
2399,映泰,35,8,27,元富-新店,2024-03-01,5922
3363,上詮,31,6,25,元富-新店,2024-03-01,5922
4303,信立,67,42,25,元富-新店,2024-03-01,5922
3372,典範,42,17,25,元富-新店,2024-03-01,5922
3032,偉訓,23,0,23,元富-新店,2024-03-01,5922
1513,中興電,89,67,22,元富-新店,2024-03-01,5922
1815,富喬,23,1,22,元富-新店,2024-03-01,5922
2888,新光金,21,0,21,元富-新店,2024-03-01,5922
6443,元晶,25,5,20,元富-新店,2024-03-01,5922
4162,智擎,22,2,20,元富-新店,2024-03-01,5922
9904,寶成,20,0,20,元富-新店,2024-03-01,5922
2495,普安,20,1,19,元富-新店,2024-03-01,5922
6233,旺玖,22,3,19,元富-新店,2024-03-01,5922
9962,有益,19,0,19,元富-新店,2024-03-01,5922
2882,國泰金,18,0,18,元富-新店,2024-03-01,5922
1806,冠軍,18,0,18,元富-新店,2024-03-01,5922
2313,華通,31,15,16,元富-新店,2024-03-01,5922
4102,永日,22,6,16,元富-新店,2024-03-01,5922
3178,公準,15,0,15,元富-新店,2024-03-01,5922
00918,大華優利高填息30,14,0,14,元富-新店,2024-03-01,5922
00772B,中信高評級公司債,14,0,14,元富-新店,2024-03-01,5922
2360,致茂,14,0,14,元富-新店,2024-03-01,5922
5403,中菲,14,0,14,元富-新店,2024-03-01,5922
00720B,元大投資級公司債,13,0,13,元富-新店,2024-03-01,5922
4760,勤凱,13,0,13,元富-新店,2024-03-01,5922
2303,聯電,18,5,13,元富-新店,2024-03-01,5922
1514,亞力,42,31,11,元富-新店,2024-03-01,5922
00679B,元大美債20年,13,2,11,元富-新店,2024-03-01,5922
2002,中鋼,22,12,10,元富-新店,2024-03-01,5922
5434,崇越,11,1,10,元富-新店,2024-03-01,5922
2354,鴻準,10,0,10,元富-新店,2024-03-01,5922
6167,久正,10,0,10,元富-新店,2024-03-01,5922
01009T,王道圓滿R1,10,0,10,元富-新店,2024-03-01,5922
5533,皇鼎,10,0,10,元富-新店,2024-03-01,5922
6426,統新,10,0,10,元富-新店,2024-03-01,5922
4534,慶騰,10,0,10,元富-新店,2024-03-01,5922
2371,大同,489,87,402,元富-新店,2024-03-04,5922
2609,陽明,229,14,215,元富-新店,2024-03-04,5922
00919,群益台灣精選高息,332,174,158,元富-新店,2024-03-04,5922
2888,新光金,121,53,68,元富-新店,2024-03-04,5922
00918,大華優利高填息30,66,2,64,元富-新店,2024-03-04,5922
00830,國泰費城半導體,64,0,64,元富-新店,2024-03-04,5922
00878,國泰永續高股息,72,13,59,元富-新店,2024-03-04,5922
00679B,元大美債20年,56,11,45,元富-新店,2024-03-04,5922
00720B,元大投資級公司債,34,1,33,元富-新店,2024-03-04,5922
2401,凌陽,33,1,32,元富-新店,2024-03-04,5922
2206,三陽工業,36,4,32,元富-新店,2024-03-04,5922
00751B,元大AAA至A公司債,31,0,31,元富-新店,2024-03-04,5922
1609,大亞,50,20,30,元富-新店,2024-03-04,5922
00915,凱基優選高股息30,32,2,30,元富-新店,2024-03-04,5922
2387,精元,30,2,28,元富-新店,2024-03-04,5922
00937B,群益ESG投等債20,68,40,28,元富-新店,2024-03-04,5922
00637L,元大滬深300正2,83,56,27,元富-新店,2024-03-04,5922
1905,華紙,38,14,24,元富-新店,2024-03-04,5922
00673R,期元大S＆P原油反1,23,0,23,元富-新店,2024-03-04,5922
2618,長榮航,26,3,23,元富-新店,2024-03-04,5922
6215,和椿,23,0,23,元富-新店,2024-03-04,5922
1504,東元,22,0,22,元富-新店,2024-03-04,5922
6139,亞翔,24,3,21,元富-新店,2024-03-04,5922
2457,飛宏,24,3,21,元富-新店,2024-03-04,5922
00764B,群益25年美債,21,0,21,元富-新店,2024-03-04,5922
8070,長華*,20,0,20,元富-新店,2024-03-04,5922
2903,遠百,20,0,20,元富-新店,2024-03-04,5922
8423,保綠-KY,20,0,20,元富-新店,2024-03-04,5922
2324,仁寶,149,130,19,元富-新店,2024-03-04,5922
6282,康舒,19,0,19,元富-新店,2024-03-04,5922
6248,沛波,18,0,18,元富-新店,2024-03-04,5922
00927,群益半導體收益,20,3,17,元富-新店,2024-03-04,5922
2610,華航,17,0,17,元富-新店,2024-03-04,5922
1301,台塑,24,9,15,元富-新店,2024-03-04,5922
00690,兆豐藍籌30,15,0,15,元富-新店,2024-03-04,5922
3576,聯合再生,15,0,15,元富-新店,2024-03-04,5922
6153,嘉聯益,14,0,14,元富-新店,2024-03-04,5922
4909,新復興,17,3,14,元富-新店,2024-03-04,5922
1815,富喬,39,25,14,元富-新店,2024-03-04,5922
5457,宣德,15,1,14,元富-新店,2024-03-04,5922
8222,寶一,14,0,14,元富-新店,2024-03-04,5922
4306,炎洲,13,0,13,元富-新店,2024-03-04,5922
2353,宏��,39,26,13,元富-新店,2024-03-04,5922
3583,辛耘,17,4,13,元富-新店,2024-03-04,5922
2915,潤泰全,12,0,12,元富-新店,2024-03-04,5922
1626,艾美特-KY,12,0,12,元富-新店,2024-03-04,5922
2002,中鋼,19,8,11,元富-新店,2024-03-04,5922
6126,信音,21,10,11,元富-新店,2024-03-04,5922
6167,久正,12,1,11,元富-新店,2024-03-04,5922
6114,久威,11,0,11,元富-新店,2024-03-04,5922
2892,第一金,309,0,309,元富-新店,2024-03-05,5922
5521,工信,118,11,107,元富-新店,2024-03-05,5922
2337,旺宏,96,0,96,元富-新店,2024-03-05,5922
2816,旺旺保,73,0,73,元富-新店,2024-03-05,5922
00933B,國泰10Y+金融債,62,0,62,元富-新店,2024-03-05,5922
00712,復華富時不動產,52,0,52,元富-新店,2024-03-05,5922
3372,典範,79,30,49,元富-新店,2024-03-05,5922
00918,大華優利高填息30,47,0,47,元富-新店,2024-03-05,5922
1326,台化,47,0,47,元富-新店,2024-03-05,5922
2371,大同,48,2,46,元富-新店,2024-03-05,5922
00915,凱基優選高股息30,45,0,45,元富-新店,2024-03-05,5922
2367,燿華,156,115,41,元富-新店,2024-03-05,5922
00679B,元大美債20年,38,2,36,元富-新店,2024-03-05,5922
5880,合庫金,35,0,35,元富-新店,2024-03-05,5922
1736,喬山,35,0,35,元富-新店,2024-03-05,5922
1409,新纖,79,45,34,元富-新店,2024-03-05,5922
2618,長榮航,34,3,31,元富-新店,2024-03-05,5922
00680L,元大美債20正2,30,0,30,元富-新店,2024-03-05,5922
1301,台塑,47,17,30,元富-新店,2024-03-05,5922
00937B,群益ESG投等債20,41,16,25,元富-新店,2024-03-05,5922
6869,雲豹能源,25,0,25,元富-新店,2024-03-05,5922
3450,聯鈞,36,11,25,元富-新店,2024-03-05,5922
2897,王道銀行,25,0,25,元富-新店,2024-03-05,5922
00882,中信中國高股息,32,8,24,元富-新店,2024-03-05,5922
8040,九暘,25,1,24,元富-新店,2024-03-05,5922
00929,復華台灣科技優息,38,15,23,元富-新店,2024-03-05,5922
0056,元大高股息,26,3,23,元富-新店,2024-03-05,5922
6120,達運,24,1,23,元富-新店,2024-03-05,5922
2365,昆盈,22,0,22,元富-新店,2024-03-05,5922
6806,森崴能源,28,6,22,元富-新店,2024-03-05,5922
6005,群益證,21,0,21,元富-新店,2024-03-05,5922
1307,三芳,21,0,21,元富-新店,2024-03-05,5922
2313,華通,22,2,20,元富-新店,2024-03-05,5922
3289,宜特,21,1,20,元富-新店,2024-03-05,5922
2303,聯電,20,0,20,元富-新店,2024-03-05,5922
00733,富邦臺灣中小,20,0,20,元富-新店,2024-03-05,5922
00636,國泰中國A50,20,0,20,元富-新店,2024-03-05,5922
6191,精成科,25,5,20,元富-新店,2024-03-05,5922
3707,漢磊,19,0,19,元富-新店,2024-03-05,5922
8054,安國,21,4,17,元富-新店,2024-03-05,5922
3481,群創,24,7,17,元富-新店,2024-03-05,5922
2409,友達,49,33,16,元富-新店,2024-03-05,5922
4906,正文,101,85,16,元富-新店,2024-03-05,5922
3548,兆利,18,2,16,元富-新店,2024-03-05,5922
2427,三商電,15,0,15,元富-新店,2024-03-05,5922
6217,中探針,21,6,15,元富-新店,2024-03-05,5922
4162,智擎,14,0,14,元富-新店,2024-03-05,5922
6591,動力-KY,18,4,14,元富-新店,2024-03-05,5922
2887,台新金,13,0,13,元富-新店,2024-03-05,5922
1303,南亞,13,0,13,元富-新店,2024-03-05,5922
3481,群創,210,11,199,元富-新店,2024-03-06,5922
00632R,元大台灣50反1,141,10,131,元富-新店,2024-03-06,5922
00929,復華台灣科技優息,239,115,124,元富-新店,2024-03-06,5922
00933B,國泰10Y+金融債,104,19,85,元富-新店,2024-03-06,5922
00680L,元大美債20正2,103,31,72,元富-新店,2024-03-06,5922
00918,大華優利高填息30,65,2,63,元富-新店,2024-03-06,5922
2352,佳世達,60,6,54,元富-新店,2024-03-06,5922
2610,華航,53,0,53,元富-新店,2024-03-06,5922
2605,新興,61,15,46,元富-新店,2024-03-06,5922
3231,緯創,66,22,44,元富-新店,2024-03-06,5922
2405,輔信,52,10,42,元富-新店,2024-03-06,5922
00882,中信中國高股息,37,0,37,元富-新店,2024-03-06,5922
1409,新纖,42,7,35,元富-新店,2024-03-06,5922
00919,群益台灣精選高息,304,272,32,元富-新店,2024-03-06,5922
3013,晟銘電,73,49,24,元富-新店,2024-03-06,5922
5880,合庫金,24,2,22,元富-新店,2024-03-06,5922
6114,久威,22,0,22,元富-新店,2024-03-06,5922
6770,力積電,23,1,22,元富-新店,2024-03-06,5922
1717,長興,21,0,21,元富-新店,2024-03-06,5922
1616,億泰,20,0,20,元富-新店,2024-03-06,5922
2329,華泰,22,2,20,元富-新店,2024-03-06,5922
00712,復華富時不動產,23,4,19,元富-新店,2024-03-06,5922
4714,永捷,21,2,19,元富-新店,2024-03-06,5922
5309,系統電,21,2,19,元富-新店,2024-03-06,5922
6237,驊訊,20,1,19,元富-新店,2024-03-06,5922
6282,康舒,17,0,17,元富-新店,2024-03-06,5922
2337,旺宏,17,0,17,元富-新店,2024-03-06,5922
6163,華電網,33,17,16,元富-新店,2024-03-06,5922
1514,亞力,27,11,16,元富-新店,2024-03-06,5922
1609,大亞,68,53,15,元富-新店,2024-03-06,5922
6108,競國,15,0,15,元富-新店,2024-03-06,5922
1471,首利,16,2,14,元富-新店,2024-03-06,5922
5439,高技,27,13,14,元富-新店,2024-03-06,5922
00679B,元大美債20年,19,5,14,元富-新店,2024-03-06,5922
4533,協易機,47,33,14,元富-新店,2024-03-06,5922
4746,台耀,13,0,13,元富-新店,2024-03-06,5922
00857B,永豐20年美公債,13,0,13,元富-新店,2024-03-06,5922
6244,茂迪,15,2,13,元富-新店,2024-03-06,5922
2516,新建,14,1,13,元富-新店,2024-03-06,5922
6284,佳邦,13,0,13,元富-新店,2024-03-06,5922
3372,典範,15,2,13,元富-新店,2024-03-06,5922
6179,亞通,12,0,12,元富-新店,2024-03-06,5922
6165,浪凡,13,1,12,元富-新店,2024-03-06,5922
3576,聯合再生,12,0,12,元富-新店,2024-03-06,5922
00751B,元大AAA至A公司債,12,0,12,元富-新店,2024-03-06,5922
2387,精元,11,0,11,元富-新店,2024-03-06,5922
3438,類比科,11,0,11,元富-新店,2024-03-06,5922
2845,遠東銀,13,2,11,元富-新店,2024-03-06,5922
5490,同亨,10,0,10,元富-新店,2024-03-06,5922
4906,正文,11,1,10,元富-新店,2024-03-06,5922
3231,緯創,151,25,126,元富-新店,2024-03-07,5922
00919,群益台灣精選高息,256,162,94,元富-新店,2024-03-07,5922
2324,仁寶,94,22,72,元富-新店,2024-03-07,5922
2367,燿華,165,96,69,元富-新店,2024-03-07,5922
00687B,國泰20年美債,66,5,61,元富-新店,2024-03-07,5922
3481,群創,60,3,57,元富-新店,2024-03-07,5922
00915,凱基優選高股息30,58,2,56,元富-新店,2024-03-07,5922
2816,旺旺保,57,2,55,元富-新店,2024-03-07,5922
3576,聯合再生,53,5,48,元富-新店,2024-03-07,5922
00632R,元大台灣50反1,47,0,47,元富-新店,2024-03-07,5922
6116,彩晶,53,7,46,元富-新店,2024-03-07,5922
00929,復華台灣科技優息,204,160,44,元富-新店,2024-03-07,5922
1316,上曜,91,47,44,元富-新店,2024-03-07,5922
1605,華新,38,1,37,元富-新店,2024-03-07,5922
2371,大同,37,5,32,元富-新店,2024-03-07,5922
6114,久威,31,0,31,元富-新店,2024-03-07,5922
3325,旭品,64,33,31,元富-新店,2024-03-07,5922
5521,工信,47,16,31,元富-新店,2024-03-07,5922
2313,華通,36,6,30,元富-新店,2024-03-07,5922
5488,松普,30,0,30,元富-新店,2024-03-07,5922
3176,基亞,29,0,29,元富-新店,2024-03-07,5922
00933B,國泰10Y+金融債,44,15,29,元富-新店,2024-03-07,5922
2610,華航,28,0,28,元富-新店,2024-03-07,5922
2605,新興,28,2,26,元富-新店,2024-03-07,5922
3450,聯鈞,42,16,26,元富-新店,2024-03-07,5922
2486,一詮,29,5,24,元富-新店,2024-03-07,5922
00712,復華富時不動產,24,0,24,元富-新店,2024-03-07,5922
5340,建榮,29,5,24,元富-新店,2024-03-07,5922
6284,佳邦,23,0,23,元富-新店,2024-03-07,5922
8105,凌巨,22,0,22,元富-新店,2024-03-07,5922
2376,技嘉,25,4,21,元富-新店,2024-03-07,5922
2344,華邦電,33,12,21,元富-新店,2024-03-07,5922
00720B,元大投資級公司債,22,1,21,元富-新店,2024-03-07,5922
6125,廣運,57,36,21,元富-新店,2024-03-07,5922
00922,國泰台灣領袖50,21,0,21,元富-新店,2024-03-07,5922
1101,台泥,30,10,20,元富-新店,2024-03-07,5922
1524,耿鼎,21,1,20,元富-新店,2024-03-07,5922
00921,兆豐龍頭等權重,20,0,20,元富-新店,2024-03-07,5922
00937B,群益ESG投等債20,256,237,19,元富-新店,2024-03-07,5922
3294,英濟,39,20,19,元富-新店,2024-03-07,5922
2356,英業達,30,12,18,元富-新店,2024-03-07,5922
00885,富邦越南,22,5,17,元富-新店,2024-03-07,5922
2329,華泰,32,16,16,元富-新店,2024-03-07,5922
8996,高力,19,3,16,元富-新店,2024-03-07,5922
00891,中信關鍵半導體,20,5,15,元富-新店,2024-03-07,5922
00907,永豐優息存股,15,0,15,元富-新店,2024-03-07,5922
3035,智原,23,9,14,元富-新店,2024-03-07,5922
3005,神基,31,17,14,元富-新店,2024-03-07,5922
3264,欣銓,24,10,14,元富-新店,2024-03-07,5922
6163,華電網,15,1,14,元富-新店,2024-03-07,5922
00919,群益台灣精選高息,340,189,151,元富-新店,2024-03-08,5922
00632R,元大台灣50反1,148,20,128,元富-新店,2024-03-08,5922
00706L,期元大S＆P日圓正2,103,0,103,元富-新店,2024-03-08,5922
00671R,富邦NASDAQ反1,100,0,100,元富-新店,2024-03-08,5922
5498,凱崴,84,7,77,元富-新店,2024-03-08,5922
2880,華南金,69,1,68,元富-新店,2024-03-08,5922
3481,群創,69,7,62,元富-新店,2024-03-08,5922
2610,華航,62,2,60,元富-新店,2024-03-08,5922
2618,長榮航,386,330,56,元富-新店,2024-03-08,5922
9904,寶成,53,0,53,元富-新店,2024-03-08,5922
5521,工信,71,20,51,元富-新店,2024-03-08,5922
1301,台塑,54,4,50,元富-新店,2024-03-08,5922
8358,金居,51,9,42,元富-新店,2024-03-08,5922
6114,久威,39,2,37,元富-新店,2024-03-08,5922
0056,元大高股息,42,6,36,元富-新店,2024-03-08,5922
2383,台光電,35,1,34,元富-新店,2024-03-08,5922
1618,合機,47,14,33,元富-新店,2024-03-08,5922
4909,新復興,52,21,31,元富-新店,2024-03-08,5922
2258,鴻華先進-創,30,0,30,元富-新店,2024-03-08,5922
2887F,台新戊特二,28,0,28,元富-新店,2024-03-08,5922
2887,台新金,31,5,26,元富-新店,2024-03-08,5922
2603,長榮,60,35,25,元富-新店,2024-03-08,5922
00680L,元大美債20正2,25,1,24,元富-新店,2024-03-08,5922
3325,旭品,25,1,24,元富-新店,2024-03-08,5922
2352,佳世達,35,12,23,元富-新店,2024-03-08,5922
6761,穩得,28,5,23,元富-新店,2024-03-08,5922
1513,中興電,55,32,23,元富-新店,2024-03-08,5922
3006,晶豪科,26,5,21,元富-新店,2024-03-08,5922
2816,旺旺保,21,0,21,元富-新店,2024-03-08,5922
2025,千興,21,0,21,元富-新店,2024-03-08,5922
1608,華榮,20,0,20,元富-新店,2024-03-08,5922
2905,三商,20,0,20,元富-新店,2024-03-08,5922
00882,中信中國高股息,20,0,20,元富-新店,2024-03-08,5922
3623,富晶通,20,0,20,元富-新店,2024-03-08,5922
00720B,元大投資級公司債,18,0,18,元富-新店,2024-03-08,5922
2371,大同,36,18,18,元富-新店,2024-03-08,5922
2353,宏��,20,3,17,元富-新店,2024-03-08,5922
3711,日月光投控,28,12,16,元富-新店,2024-03-08,5922
3294,英濟,16,0,16,元富-新店,2024-03-08,5922
6182,合晶,50,35,15,元富-新店,2024-03-08,5922
00764B,群益25年美債,15,0,15,元富-新店,2024-03-08,5922
1101,台泥,17,2,15,元富-新店,2024-03-08,5922
9105,泰金寶-DR,15,0,15,元富-新店,2024-03-08,5922
6237,驊訊,20,5,15,元富-新店,2024-03-08,5922
00885,富邦越南,24,10,14,元富-新店,2024-03-08,5922
6274,台燿,56,42,14,元富-新店,2024-03-08,5922
8054,安國,38,25,13,元富-新店,2024-03-08,5922
5388,中磊,13,0,13,元富-新店,2024-03-08,5922
6190,萬泰科,15,2,13,元富-新店,2024-03-08,5922
2845,遠東銀,13,0,13,元富-新店,2024-03-08,5922
2303,聯電,264,65,199,元富-新店,2024-03-11,5922
00919,群益台灣精選高息,222,111,111,元富-新店,2024-03-11,5922
02001R,富邦蘋果反一N,109,0,109,元富-新店,2024-03-11,5922
2834,臺企銀,116,14,102,元富-新店,2024-03-11,5922
2324,仁寶,105,11,94,元富-新店,2024-03-11,5922
00882,中信中國高股息,112,19,93,元富-新店,2024-03-11,5922
00751B,元大AAA至A公司債,92,14,78,元富-新店,2024-03-11,5922
00687B,國泰20年美債,74,2,72,元富-新店,2024-03-11,5922
2618,長榮航,87,17,70,元富-新店,2024-03-11,5922
2376,技嘉,62,11,51,元富-新店,2024-03-11,5922
2367,燿華,52,7,45,元富-新店,2024-03-11,5922
6016,康和證,48,3,45,元富-新店,2024-03-11,5922
6743,安普新,43,0,43,元富-新店,2024-03-11,5922
9902,台火,43,0,43,元富-新店,2024-03-11,5922
2330,台積電,47,5,42,元富-新店,2024-03-11,5922
3013,晟銘電,42,5,37,元富-新店,2024-03-11,5922
01010T,京城樂富R1,35,0,35,元富-新店,2024-03-11,5922
00921,兆豐龍頭等權重,30,0,30,元富-新店,2024-03-11,5922
2344,華邦電,30,2,28,元富-新店,2024-03-11,5922
3294,英濟,33,6,27,元富-新店,2024-03-11,5922
2371,大同,31,4,27,元富-新店,2024-03-11,5922
00885,富邦越南,23,1,22,元富-新店,2024-03-11,5922
2641,正德,21,0,21,元富-新店,2024-03-11,5922
1815,富喬,47,26,21,元富-新店,2024-03-11,5922
9925,新保,20,0,20,元富-新店,2024-03-11,5922
5498,凱崴,31,11,20,元富-新店,2024-03-11,5922
8064,東捷,19,0,19,元富-新店,2024-03-11,5922
2002,中鋼,18,0,18,元富-新店,2024-03-11,5922
2449,京元電子,24,6,18,元富-新店,2024-03-11,5922
5234,達興材料,20,2,18,元富-新店,2024-03-11,5922
2816,旺旺保,18,0,18,元富-新店,2024-03-11,5922
2353,宏��,27,10,17,元富-新店,2024-03-11,5922
5515,建國,27,10,17,元富-新店,2024-03-11,5922
3163,波若威,37,22,15,元富-新店,2024-03-11,5922
6284,佳邦,16,1,15,元富-新店,2024-03-11,5922
8936,國統,15,1,14,元富-新店,2024-03-11,5922
3450,聯鈞,16,3,13,元富-新店,2024-03-11,5922
3706,神達,21,8,13,元富-新店,2024-03-11,5922
3022,威強電,12,0,12,元富-新店,2024-03-11,5922
2516,新建,12,0,12,元富-新店,2024-03-11,5922
2609,陽明,20,8,12,元富-新店,2024-03-11,5922
5469,瀚宇博,12,0,12,元富-新店,2024-03-11,5922
4533,協易機,52,41,11,元富-新店,2024-03-11,5922
00893,國泰智能電動車,11,0,11,元富-新店,2024-03-11,5922
2354,鴻準,11,0,11,元富-新店,2024-03-11,5922
9924,福興,11,0,11,元富-新店,2024-03-11,5922
6139,亞翔,13,2,11,元富-新店,2024-03-11,5922
8390,金益鼎,10,0,10,元富-新店,2024-03-11,5922
1514,亞力,23,13,10,元富-新店,2024-03-11,5922
2852,第一保,10,0,10,元富-新店,2024-03-11,5922
1301,台塑,162,1,161,元富-新店,2024-03-12,5922
00919,群益台灣精選高息,157,31,126,元富-新店,2024-03-12,5922
2609,陽明,139,18,121,元富-新店,2024-03-12,5922
8096,擎亞,137,56,81,元富-新店,2024-03-12,5922
00882,中信中國高股息,81,0,81,元富-新店,2024-03-12,5922
00937B,群益ESG投等債20,189,113,76,元富-新店,2024-03-12,5922
00929,復華台灣科技優息,181,113,68,元富-新店,2024-03-12,5922
00632R,元大台灣50反1,61,10,51,元富-新店,2024-03-12,5922
2867,三商壽,50,0,50,元富-新店,2024-03-12,5922
3059,華晶科,50,1,49,元富-新店,2024-03-12,5922
00679B,元大美債20年,47,0,47,元富-新店,2024-03-12,5922
00885,富邦越南,45,0,45,元富-新店,2024-03-12,5922
00687B,國泰20年美債,50,6,44,元富-新店,2024-03-12,5922
00712,復華富時不動產,40,0,40,元富-新店,2024-03-12,5922
00918,大華優利高填息30,49,10,39,元富-新店,2024-03-12,5922
00915,凱基優選高股息30,42,4,38,元富-新店,2024-03-12,5922
2845,遠東銀,41,4,37,元富-新店,2024-03-12,5922
2328,廣宇,52,15,37,元富-新店,2024-03-12,5922
6147,頎邦,33,2,31,元富-新店,2024-03-12,5922
6120,達運,40,12,28,元富-新店,2024-03-12,5922
1514,亞力,57,31,26,元富-新店,2024-03-12,5922
1101,台泥,23,1,22,元富-新店,2024-03-12,5922
1471,首利,21,0,21,元富-新店,2024-03-12,5922
00878,國泰永續高股息,41,21,20,元富-新店,2024-03-12,5922
6743,安普新,20,0,20,元富-新店,2024-03-12,5922
1236,宏亞,20,0,20,元富-新店,2024-03-12,5922
2610,華航,20,1,19,元富-新店,2024-03-12,5922
1474,弘裕,19,0,19,元富-新店,2024-03-12,5922
00713,元大台灣高息低波,18,0,18,元富-新店,2024-03-12,5922
2851,中再保,17,0,17,元富-新店,2024-03-12,5922
4973,廣穎,16,0,16,元富-新店,2024-03-12,5922
2464,盟立,15,0,15,元富-新店,2024-03-12,5922
1466,聚隆,20,5,15,元富-新店,2024-03-12,5922
00902,中信電池及儲能,20,5,15,元富-新店,2024-03-12,5922
2371,大同,45,31,14,元富-新店,2024-03-12,5922
3013,晟銘電,24,10,14,元富-新店,2024-03-12,5922
2390,云辰,13,0,13,元富-新店,2024-03-12,5922
4768,晶呈科技,20,7,13,元富-新店,2024-03-12,5922
2376,技嘉,31,19,12,元富-新店,2024-03-12,5922
00857B,永豐20年美公債,12,0,12,元富-新店,2024-03-12,5922
1231,聯華食,13,1,12,元富-新店,2024-03-12,5922
3645,達邁,12,0,12,元富-新店,2024-03-12,5922
4533,協易機,12,0,12,元富-新店,2024-03-12,5922
3169,亞信,13,1,12,元富-新店,2024-03-12,5922
8081,致新,12,0,12,元富-新店,2024-03-12,5922
8163,達方,14,2,12,元富-新店,2024-03-12,5922
5388,中磊,13,2,11,元富-新店,2024-03-12,5922
2641,正德,11,0,11,元富-新店,2024-03-12,5922
9934,成霖,15,4,11,元富-新店,2024-03-12,5922
1582,信錦,39,28,11,元富-新店,2024-03-12,5922
00918,大華優利高填息30,797,36,761,元富-新店,2024-03-13,5922
00915,凱基優選高股息30,392,48,344,元富-新店,2024-03-13,5922
00919,群益台灣精選高息,485,295,190,元富-新店,2024-03-13,5922
2884,玉山金,91,10,81,元富-新店,2024-03-13,5922
00795B,中信美國公債20年,65,0,65,元富-新店,2024-03-13,5922
00632R,元大台灣50反1,121,58,63,元富-新店,2024-03-13,5922
9925,新保,60,0,60,元富-新店,2024-03-13,5922
9105,泰金寶-DR,50,0,50,元富-新店,2024-03-13,5922
00937B,群益ESG投等債20,53,5,48,元富-新店,2024-03-13,5922
2362,藍天,41,0,41,元富-新店,2024-03-13,5922
00878,國泰永續高股息,54,14,40,元富-新店,2024-03-13,5922
6770,力積電,51,14,37,元富-新店,2024-03-13,5922
2352,佳世達,44,7,37,元富-新店,2024-03-13,5922
00687B,國泰20年美債,35,1,34,元富-新店,2024-03-13,5922
2845,遠東銀,34,0,34,元富-新店,2024-03-13,5922
1513,中興電,87,55,32,元富-新店,2024-03-13,5922
3481,群創,41,10,31,元富-新店,2024-03-13,5922
00669R,國泰美國道瓊反1,30,0,30,元富-新店,2024-03-13,5922
00679B,元大美債20年,28,0,28,元富-新店,2024-03-13,5922
00637L,元大滬深300正2,30,4,26,元富-新店,2024-03-13,5922
2014,中鴻,31,5,26,元富-新店,2024-03-13,5922
2330,台積電,37,11,26,元富-新店,2024-03-13,5922
00712,復華富時不動產,38,13,25,元富-新店,2024-03-13,5922
1301,台塑,25,1,24,元富-新店,2024-03-13,5922
00857B,永豐20年美公債,23,0,23,元富-新店,2024-03-13,5922
2002,中鋼,26,3,23,元富-新店,2024-03-13,5922
6743,安普新,23,0,23,元富-新店,2024-03-13,5922
3234,光環,21,0,21,元富-新店,2024-03-13,5922
9902,台火,21,0,21,元富-新店,2024-03-13,5922
2371,大同,23,2,21,元富-新店,2024-03-13,5922
00933B,國泰10Y+金融債,50,31,19,元富-新店,2024-03-13,5922
3131,弘塑,22,3,19,元富-新店,2024-03-13,5922
2888,新光金,22,4,18,元富-新店,2024-03-13,5922
00931B,統一美債20年,17,0,17,元富-新店,2024-03-13,5922
4960,誠美材,17,0,17,元富-新店,2024-03-13,5922
2383,台光電,18,2,16,元富-新店,2024-03-13,5922
1582,信錦,28,13,15,元富-新店,2024-03-13,5922
00929,復華台灣科技優息,269,254,15,元富-新店,2024-03-13,5922
00893,國泰智能電動車,20,5,15,元富-新店,2024-03-13,5922
3564,其陽,20,5,15,元富-新店,2024-03-13,5922
1806,冠軍,15,0,15,元富-新店,2024-03-13,5922
8222,寶一,16,1,15,元富-新店,2024-03-13,5922
3163,波若威,24,9,15,元富-新店,2024-03-13,5922
2882,國泰金,23,8,15,元富-新店,2024-03-13,5922
2465,麗臺,16,2,14,元富-新店,2024-03-13,5922
8011,台通,15,1,14,元富-新店,2024-03-13,5922
3176,基亞,16,2,14,元富-新店,2024-03-13,5922
6120,達運,15,1,14,元富-新店,2024-03-13,5922
5381,合正,17,3,14,元富-新店,2024-03-13,5922
3706,神達,22,9,13,元富-新店,2024-03-13,5922
2884,玉山金,315,9,306,元富-新店,2024-03-14,5922
2303,聯電,220,6,214,元富-新店,2024-03-14,5922
00919,群益台灣精選高息,391,184,207,元富-新店,2024-03-14,5922
00650L,復華香港正2,111,0,111,元富-新店,2024-03-14,5922
00680L,元大美債20正2,76,0,76,元富-新店,2024-03-14,5922
3522,御嵿,72,0,72,元富-新店,2024-03-14,5922
00915,凱基優選高股息30,84,20,64,元富-新店,2024-03-14,5922
00937B,群益ESG投等債20,75,15,60,元富-新店,2024-03-14,5922
0056,元大高股息,48,0,48,元富-新店,2024-03-14,5922
00918,大華優利高填息30,53,5,48,元富-新店,2024-03-14,5922
6139,亞翔,40,0,40,元富-新店,2024-03-14,5922
00933B,國泰10Y+金融債,38,0,38,元富-新店,2024-03-14,5922
00929,復華台灣科技優息,214,177,37,元富-新店,2024-03-14,5922
3339,泰谷,38,1,37,元富-新店,2024-03-14,5922
00687B,國泰20年美債,48,11,37,元富-新店,2024-03-14,5922
00795B,中信美國公債20年,34,0,34,元富-新店,2024-03-14,5922
2354,鴻準,40,10,30,元富-新店,2024-03-14,5922
2371,大同,32,2,30,元富-新店,2024-03-14,5922
00712,復華富時不動產,30,0,30,元富-新店,2024-03-14,5922
9902,台火,30,2,28,元富-新店,2024-03-14,5922
2888,新光金,33,5,28,元富-新店,2024-03-14,5922
00679B,元大美債20年,26,0,26,元富-新店,2024-03-14,5922
00857B,永豐20年美公債,25,0,25,元富-新店,2024-03-14,5922
3325,旭品,24,0,24,元富-新店,2024-03-14,5922
2408,南亞科,27,3,24,元富-新店,2024-03-14,5922
1316,上曜,23,0,23,元富-新店,2024-03-14,5922
1455,集盛,39,16,23,元富-新店,2024-03-14,5922
1301,台塑,35,12,23,元富-新店,2024-03-14,5922
2356,英業達,33,11,22,元富-新店,2024-03-14,5922
8027,鈦昇,22,0,22,元富-新店,2024-03-14,5922
4909,新復興,33,12,21,元富-新店,2024-03-14,5922
6190,萬泰科,19,0,19,元富-新店,2024-03-14,5922
00878,國泰永續高股息,54,36,18,元富-新店,2024-03-14,5922
3163,波若威,22,4,18,元富-新店,2024-03-14,5922
3005,神基,31,13,18,元富-新店,2024-03-14,5922
1503,士電,54,36,18,元富-新店,2024-03-14,5922
3540,曜越,27,10,17,元富-新店,2024-03-14,5922
3176,基亞,16,0,16,元富-新店,2024-03-14,5922
1582,信錦,29,13,16,元富-新店,2024-03-14,5922
00935,野村臺灣新科技50,18,2,16,元富-新店,2024-03-14,5922
2832,台產,15,0,15,元富-新店,2024-03-14,5922
2915,潤泰全,19,4,15,元富-新店,2024-03-14,5922
00720B,元大投資級公司債,15,1,14,元富-新店,2024-03-14,5922
00673R,期元大S＆P原油反1,12,0,12,元富-新店,2024-03-14,5922
2353,宏��,14,2,12,元富-新店,2024-03-14,5922
6124,業強,12,0,12,元富-新店,2024-03-14,5922
1524,耿鼎,12,0,12,元富-新店,2024-03-14,5922
2465,麗臺,12,0,12,元富-新店,2024-03-14,5922
2382,廣達,15,4,11,元富-新店,2024-03-14,5922
2383,台光電,15,4,11,元富-新店,2024-03-14,5922
2303,聯電,330,10,320,元富-新店,2024-03-15,5922
2884,玉山金,196,8,188,元富-新店,2024-03-15,5922
00919,群益台灣精選高息,284,143,141,元富-新店,2024-03-15,5922
00680L,元大美債20正2,142,4,138,元富-新店,2024-03-15,5922
2618,長榮航,107,24,83,元富-新店,2024-03-15,5922
3339,泰谷,72,0,72,元富-新店,2024-03-15,5922
2352,佳世達,68,0,68,元富-新店,2024-03-15,5922
00937B,群益ESG投等債20,86,26,60,元富-新店,2024-03-15,5922
00688L,國泰20年美債正2,50,0,50,元富-新店,2024-03-15,5922
00679B,元大美債20年,55,10,45,元富-新店,2024-03-15,5922
00712,復華富時不動產,45,0,45,元富-新店,2024-03-15,5922
1455,集盛,44,0,44,元富-新店,2024-03-15,5922
2330,台積電,44,1,43,元富-新店,2024-03-15,5922
00941,中信上游半導體,150,108,42,元富-新店,2024-03-15,5922
6016,康和證,44,3,41,元富-新店,2024-03-15,5922
2897,王道銀行,50,10,40,元富-新店,2024-03-15,5922
6165,浪凡,41,1,40,元富-新店,2024-03-15,5922
00918,大華優利高填息30,67,27,40,元富-新店,2024-03-15,5922
2611,志信,50,13,37,元富-新店,2024-03-15,5922
00929,復華台灣科技優息,89,54,35,元富-新店,2024-03-15,5922
5210,寶碩,31,0,31,元富-新店,2024-03-15,5922
00885,富邦越南,30,0,30,元富-新店,2024-03-15,5922
00915,凱基優選高股息30,32,2,30,元富-新店,2024-03-15,5922
6190,萬泰科,35,9,26,元富-新店,2024-03-15,5922
00933B,國泰10Y+金融債,26,0,26,元富-新店,2024-03-15,5922
2603,長榮,36,11,25,元富-新店,2024-03-15,5922
00882,中信中國高股息,30,5,25,元富-新店,2024-03-15,5922
4906,正文,27,4,23,元富-新店,2024-03-15,5922
1301,台塑,27,5,22,元富-新店,2024-03-15,5922
00637L,元大滬深300正2,27,5,22,元富-新店,2024-03-15,5922
3567,逸昌,21,0,21,元富-新店,2024-03-15,5922
2002,中鋼,20,0,20,元富-新店,2024-03-15,5922
6150,撼訊,20,0,20,元富-新店,2024-03-15,5922
2408,南亞科,20,0,20,元富-新店,2024-03-15,5922
6116,彩晶,20,0,20,元富-新店,2024-03-15,5922
00751B,元大AAA至A公司債,20,1,19,元富-新店,2024-03-15,5922
2881,富邦金,20,1,19,元富-新店,2024-03-15,5922
00857B,永豐20年美公債,18,0,18,元富-新店,2024-03-15,5922
00795B,中信美國公債20年,31,13,18,元富-新店,2024-03-15,5922
3149,正達,20,2,18,元富-新店,2024-03-15,5922
3231,緯創,35,19,16,元富-新店,2024-03-15,5922
6153,嘉聯益,16,0,16,元富-新店,2024-03-15,5922
2404,漢唐,15,0,15,元富-新店,2024-03-15,5922
2359,所羅門,15,0,15,元富-新店,2024-03-15,5922
1513,中興電,31,17,14,元富-新店,2024-03-15,5922
5381,合正,14,0,14,元富-新店,2024-03-15,5922
2615,萬海,16,2,14,元富-新店,2024-03-15,5922
1815,富喬,18,4,14,元富-新店,2024-03-15,5922
1806,冠軍,14,0,14,元富-新店,2024-03-15,5922
8996,高力,17,3,14,元富-新店,2024-03-15,5922
00919,群益台灣精選高息,230,28,202,元富-新店,2024-03-18,5922
2303,聯電,199,4,195,元富-新店,2024-03-18,5922
00941,中信上游半導體,132,30,102,元富-新店,2024-03-18,5922
00933B,國泰10Y+金融債,93,3,90,元富-新店,2024-03-18,5922
1608,華榮,71,1,70,元富-新店,2024-03-18,5922
00632R,元大台灣50反1,61,1,60,元富-新店,2024-03-18,5922
00882,中信中國高股息,109,50,59,元富-新店,2024-03-18,5922
2610,華航,44,0,44,元富-新店,2024-03-18,5922
00751B,元大AAA至A公司債,41,0,41,元富-新店,2024-03-18,5922
2355,敬鵬,41,0,41,元富-新店,2024-03-18,5922
00679B,元大美債20年,39,0,39,元富-新店,2024-03-18,5922
00877,復華中國5G,34,0,34,元富-新店,2024-03-18,5922
2603,長榮,49,15,34,元富-新店,2024-03-18,5922
1101,台泥,34,1,33,元富-新店,2024-03-18,5922
00885,富邦越南,102,70,32,元富-新店,2024-03-18,5922
2605,新興,50,20,30,元富-新店,2024-03-18,5922
2885,元大金,31,1,30,元富-新店,2024-03-18,5922
2618,長榮航,51,22,29,元富-新店,2024-03-18,5922
00937B,群益ESG投等債20,38,10,28,元富-新店,2024-03-18,5922
00712,復華富時不動產,26,0,26,元富-新店,2024-03-18,5922
00687B,國泰20年美債,26,0,26,元富-新店,2024-03-18,5922
3013,晟銘電,26,1,25,元富-新店,2024-03-18,5922
2408,南亞科,25,0,25,元富-新店,2024-03-18,5922
5210,寶碩,25,0,25,元富-新店,2024-03-18,5922
00878,國泰永續高股息,34,10,24,元富-新店,2024-03-18,5922
1444,力麗,23,0,23,元富-新店,2024-03-18,5922
1514,亞力,36,14,22,元富-新店,2024-03-18,5922
2486,一詮,40,19,21,元富-新店,2024-03-18,5922
2545,皇翔,21,0,21,元富-新店,2024-03-18,5922
6163,華電網,20,0,20,元富-新店,2024-03-18,5922
2882,國泰金,24,5,19,元富-新店,2024-03-18,5922
2352,佳世達,20,1,19,元富-新店,2024-03-18,5922
00918,大華優利高填息30,20,1,19,元富-新店,2024-03-18,5922
3339,泰谷,18,0,18,元富-新店,2024-03-18,5922
3313,斐成,17,0,17,元富-新店,2024-03-18,5922
1626,艾美特-KY,17,0,17,元富-新店,2024-03-18,5922
3293,鈊象,15,0,15,元富-新店,2024-03-18,5922
2353,宏��,15,1,14,元富-新店,2024-03-18,5922
4714,永捷,33,20,13,元富-新店,2024-03-18,5922
3652,精聯,13,0,13,元富-新店,2024-03-18,5922
3481,群創,13,0,13,元富-新店,2024-03-18,5922
00857B,永豐20年美公債,13,0,13,元富-新店,2024-03-18,5922
2542,興富發,12,0,12,元富-新店,2024-03-18,5922
2376,技嘉,13,1,12,元富-新店,2024-03-18,5922
1584,精剛,12,0,12,元富-新店,2024-03-18,5922
3289,宜特,12,1,11,元富-新店,2024-03-18,5922
6505,台塑化,11,0,11,元富-新店,2024-03-18,5922
1447,力鵬,10,0,10,元富-新店,2024-03-18,5922
2020,美亞,10,0,10,元富-新店,2024-03-18,5922
2371,大同,11,1,10,元富-新店,2024-03-18,5922
00680L,元大美債20正2,128,4,124,元富-新店,2024-03-19,5922
00929,復華台灣科技優息,208,112,96,元富-新店,2024-03-19,5922
00687B,國泰20年美債,71,2,69,元富-新店,2024-03-19,5922
00706L,期元大S＆P日圓正2,66,0,66,元富-新店,2024-03-19,5922
00937B,群益ESG投等債20,66,8,58,元富-新店,2024-03-19,5922
2323,中環,72,19,53,元富-新店,2024-03-19,5922
00941,中信上游半導體,63,21,42,元富-新店,2024-03-19,5922
2515,中工,51,10,41,元富-新店,2024-03-19,5922
00751B,元大AAA至A公司債,33,1,32,元富-新店,2024-03-19,5922
3312,弘憶股,48,16,32,元富-新店,2024-03-19,5922
1301,台塑,32,1,31,元富-新店,2024-03-19,5922
2888,新光金,35,5,30,元富-新店,2024-03-19,5922
00679B,元大美債20年,44,15,29,元富-新店,2024-03-19,5922
6443,元晶,25,0,25,元富-新店,2024-03-19,5922
1316,上曜,25,1,24,元富-新店,2024-03-19,5922
5498,凱崴,23,0,23,元富-新店,2024-03-19,5922
1503,士電,52,30,22,元富-新店,2024-03-19,5922
00795B,中信美國公債20年,21,0,21,元富-新店,2024-03-19,5922
3481,群創,23,2,21,元富-新店,2024-03-19,5922
1310,台苯,21,0,21,元富-新店,2024-03-19,5922
6191,精成科,21,0,21,元富-新店,2024-03-19,5922
1806,冠軍,21,0,21,元富-新店,2024-03-19,5922
2208,台船,25,5,20,元富-新店,2024-03-19,5922
4956,光鋐,20,0,20,元富-新店,2024-03-19,5922
2353,宏��,20,0,20,元富-新店,2024-03-19,5922
1608,華榮,20,2,18,元富-新店,2024-03-19,5922
2609,陽明,29,11,18,元富-新店,2024-03-19,5922
00877,復華中國5G,17,0,17,元富-新店,2024-03-19,5922
2801,彰銀,21,4,17,元富-新店,2024-03-19,5922
00712,復華富時不動產,16,0,16,元富-新店,2024-03-19,5922
2618,長榮航,36,21,15,元富-新店,2024-03-19,5922
2313,華通,21,6,15,元富-新店,2024-03-19,5922
1513,中興電,53,38,15,元富-新店,2024-03-19,5922
00933B,國泰10Y+金融債,14,0,14,元富-新店,2024-03-19,5922
2834,臺企銀,19,6,13,元富-新店,2024-03-19,5922
2002,中鋼,20,7,13,元富-新店,2024-03-19,5922
00857B,永豐20年美公債,13,0,13,元富-新店,2024-03-19,5922
3339,泰谷,13,0,13,元富-新店,2024-03-19,5922
2006,東和鋼鐵,13,1,12,元富-新店,2024-03-19,5922
2889,國票金,12,0,12,元富-新店,2024-03-19,5922
2211,長榮鋼,12,0,12,元富-新店,2024-03-19,5922
2465,麗臺,12,1,11,元富-新店,2024-03-19,5922
4128,中天,11,0,11,元富-新店,2024-03-19,5922
3006,晶豪科,12,1,11,元富-新店,2024-03-19,5922
3567,逸昌,11,0,11,元富-新店,2024-03-19,5922
2885,元大金,11,0,11,元富-新店,2024-03-19,5922
1101,台泥,10,0,10,元富-新店,2024-03-19,5922
3034,聯詠,12,2,10,元富-新店,2024-03-19,5922
00931B,統一美債20年,10,0,10,元富-新店,2024-03-19,5922
9904,寶成,10,0,10,元富-新店,2024-03-19,5922
00939,統一台灣高息動能,2721,190,2531,元富-新店,2024-03-20,5922
5880,合庫金,529,0,529,元富-新店,2024-03-20,5922
2883,凱基金,312,11,301,元富-新店,2024-03-20,5922
2888,新光金,609,513,96,元富-新店,2024-03-20,5922
1301,台塑,95,0,95,元富-新店,2024-03-20,5922
3231,緯創,123,29,94,元富-新店,2024-03-20,5922
00919,群益台灣精選高息,244,152,92,元富-新店,2024-03-20,5922
00632R,元大台灣50反1,131,50,81,元富-新店,2024-03-20,5922
2884,玉山金,87,10,77,元富-新店,2024-03-20,5922
00937B,群益ESG投等債20,75,5,70,元富-新店,2024-03-20,5922
2303,聯電,116,51,65,元富-新店,2024-03-20,5922
4714,永捷,113,58,55,元富-新店,2024-03-20,5922
00941,中信上游半導體,70,20,50,元富-新店,2024-03-20,5922
6443,元晶,45,0,45,元富-新店,2024-03-20,5922
00878,國泰永續高股息,41,2,39,元富-新店,2024-03-20,5922
2637,慧洋-KY,35,0,35,元富-新店,2024-03-20,5922
00936,台新永續高息中小,30,0,30,元富-新店,2024-03-20,5922
3339,泰谷,30,0,30,元富-新店,2024-03-20,5922
1101,台泥,93,64,29,元富-新店,2024-03-20,5922
1806,冠軍,28,0,28,元富-新店,2024-03-20,5922
2609,陽明,32,5,27,元富-新店,2024-03-20,5922
4938,和碩,42,16,26,元富-新店,2024-03-20,5922
2374,佳能,29,5,24,元富-新店,2024-03-20,5922
2010,春源,25,1,24,元富-新店,2024-03-20,5922
00927,群益半導體收益,23,0,23,元富-新店,2024-03-20,5922
6125,廣運,24,2,22,元富-新店,2024-03-20,5922
2356,英業達,25,4,21,元富-新店,2024-03-20,5922
6284,佳邦,20,1,19,元富-新店,2024-03-20,5922
6821,聯寶,33,15,18,元富-新店,2024-03-20,5922
5347,世界,33,15,18,元富-新店,2024-03-20,5922
2382,廣達,22,5,17,元富-新店,2024-03-20,5922
2354,鴻準,180,163,17,元富-新店,2024-03-20,5922
3481,群創,17,0,17,元富-新店,2024-03-20,5922
6770,力積電,17,0,17,元富-新店,2024-03-20,5922
1809,中釉,17,0,17,元富-新店,2024-03-20,5922
6285,啟��,36,20,16,元富-新店,2024-03-20,5922
8341,日友,16,0,16,元富-新店,2024-03-20,5922
5222,全訊,16,0,16,元富-新店,2024-03-20,5922
2618,長榮航,27,11,16,元富-新店,2024-03-20,5922
2834,臺企銀,17,2,15,元富-新店,2024-03-20,5922
00935,野村臺灣新科技50,30,15,15,元富-新店,2024-03-20,5922
6789,采鈺,22,7,15,元富-新店,2024-03-20,5922
0050,元大台灣50,15,0,15,元富-新店,2024-03-20,5922
2603,長榮,26,11,15,元富-新店,2024-03-20,5922
1444,力麗,20,6,14,元富-新店,2024-03-20,5922
2313,華通,19,6,13,元富-新店,2024-03-20,5922
2352,佳世達,14,2,12,元富-新店,2024-03-20,5922
00706L,期元大S＆P日圓正2,15,3,12,元富-新店,2024-03-20,5922
6806,森崴能源,13,1,12,元富-新店,2024-03-20,5922
6016,康和證,16,4,12,元富-新店,2024-03-20,5922
00939,統一台灣高息動能,526,50,476,元富-新店,2024-03-21,5922
2888,新光金,499,62,437,元富-新店,2024-03-21,5922
2303,聯電,407,12,395,元富-新店,2024-03-21,5922
2890,永豐金,130,1,129,元富-新店,2024-03-21,5922
2002,中鋼,87,7,80,元富-新店,2024-03-21,5922
2344,華邦電,88,26,62,元富-新店,2024-03-21,5922
00680L,元大美債20正2,62,1,61,元富-新店,2024-03-21,5922
2374,佳能,76,20,56,元富-新店,2024-03-21,5922
00679B,元大美債20年,57,9,48,元富-新店,2024-03-21,5922
00687B,國泰20年美債,49,1,48,元富-新店,2024-03-21,5922
2356,英業達,63,26,37,元富-新店,2024-03-21,5922
6761,穩得,35,3,32,元富-新店,2024-03-21,5922
00919,群益台灣精選高息,162,133,29,元富-新店,2024-03-21,5922
1514,亞力,55,26,29,元富-新店,2024-03-21,5922
3567,逸昌,26,1,25,元富-新店,2024-03-21,5922
2537,聯上發,25,0,25,元富-新店,2024-03-21,5922
00751B,元大AAA至A公司債,23,0,23,元富-新店,2024-03-21,5922
4107,邦特,20,0,20,元富-新店,2024-03-21,5922
2618,長榮航,21,2,19,元富-新店,2024-03-21,5922
00937B,群益ESG投等債20,59,40,19,元富-新店,2024-03-21,5922
3652,精聯,18,0,18,元富-新店,2024-03-21,5922
1314,中石化,20,2,18,元富-新店,2024-03-21,5922
00720B,元大投資級公司債,20,3,17,元富-新店,2024-03-21,5922
5498,凱崴,47,30,17,元富-新店,2024-03-21,5922
2208,台船,17,1,16,元富-新店,2024-03-21,5922
00857B,永豐20年美公債,15,0,15,元富-新店,2024-03-21,5922
6538,倉和,15,0,15,元富-新店,2024-03-21,5922
3055,蔚華科,15,0,15,元富-新店,2024-03-21,5922
00931B,統一美債20年,14,0,14,元富-新店,2024-03-21,5922
6235,華孚,19,5,14,元富-新店,2024-03-21,5922
2367,燿華,86,73,13,元富-新店,2024-03-21,5922
2328,廣宇,13,0,13,元富-新店,2024-03-21,5922
2467,志聖,22,10,12,元富-新店,2024-03-21,5922
3227,原相,14,2,12,元富-新店,2024-03-21,5922
6121,新普,12,1,11,元富-新店,2024-03-21,5922
1608,華榮,11,0,11,元富-新店,2024-03-21,5922
3005,神基,38,27,11,元富-新店,2024-03-21,5922
3016,嘉晶,10,0,10,元富-新店,2024-03-21,5922
2426,鼎元,10,0,10,元富-新店,2024-03-21,5922
3339,泰谷,14,4,10,元富-新店,2024-03-21,5922
3031,佰鴻,10,0,10,元富-新店,2024-03-21,5922
5511,德昌,10,0,10,元富-新店,2024-03-21,5922
8390,金益鼎,10,0,10,元富-新店,2024-03-21,5922
8016,矽創,22,12,10,元富-新店,2024-03-21,5922
2547,日勝生,10,1,9,元富-新店,2024-03-21,5922
4909,新復興,20,11,9,元富-新店,2024-03-21,5922
3704,合勤控,13,4,9,元富-新店,2024-03-21,5922
2376,技嘉,19,11,8,元富-新店,2024-03-21,5922
00929,復華台灣科技優息,41,33,8,元富-新店,2024-03-21,5922
4938,和碩,15,7,8,元富-新店,2024-03-21,5922
00939,統一台灣高息動能,630,6,624,元富-新店,2024-03-22,5922
2303,聯電,433,38,395,元富-新店,2024-03-22,5922
2323,中環,204,5,199,元富-新店,2024-03-22,5922
2886,兆豐金,150,0,150,元富-新店,2024-03-22,5922
1608,華榮,157,23,134,元富-新店,2024-03-22,5922
2371,大同,162,29,133,元富-新店,2024-03-22,5922
00919,群益台灣精選高息,212,83,129,元富-新店,2024-03-22,5922
00937B,群益ESG投等債20,176,86,90,元富-新店,2024-03-22,5922
00680L,元大美債20正2,105,30,75,元富-新店,2024-03-22,5922
00665L,富邦�琤肭磪囓�2,74,0,74,元富-新店,2024-03-22,5922
00679B,元大美債20年,83,11,72,元富-新店,2024-03-22,5922
3706,神達,190,129,61,元富-新店,2024-03-22,5922
2301,光寶科,53,6,47,元富-新店,2024-03-22,5922
2890,永豐金,74,31,43,元富-新店,2024-03-22,5922
3033,威健,42,0,42,元富-新店,2024-03-22,5922
00941,中信上游半導體,90,48,42,元富-新店,2024-03-22,5922
00712,復華富時不動產,58,25,33,元富-新店,2024-03-22,5922
2354,鴻準,43,11,32,元富-新店,2024-03-22,5922
4127,天良,39,9,30,元富-新店,2024-03-22,5922
00686R,群益臺灣加權反1,30,0,30,元富-新店,2024-03-22,5922
00882,中信中國高股息,35,6,29,元富-新店,2024-03-22,5922
3339,泰谷,29,0,29,元富-新店,2024-03-22,5922
00687B,國泰20年美債,62,37,25,元富-新店,2024-03-22,5922
2885,元大金,27,3,24,元富-新店,2024-03-22,5922
00720B,元大投資級公司債,33,9,24,元富-新店,2024-03-22,5922
6016,康和證,25,1,24,元富-新店,2024-03-22,5922
0050,元大台灣50,19,0,19,元富-新店,2024-03-22,5922
0056,元大高股息,30,13,17,元富-新店,2024-03-22,5922
2464,盟立,18,2,16,元富-新店,2024-03-22,5922
1611,中電,36,20,16,元富-新店,2024-03-22,5922
2609,陽明,19,3,16,元富-新店,2024-03-22,5922
1616,億泰,17,2,15,元富-新店,2024-03-22,5922
6005,群益證,31,16,15,元富-新店,2024-03-22,5922
2449,京元電子,82,67,15,元富-新店,2024-03-22,5922
00857B,永豐20年美公債,14,0,14,元富-新店,2024-03-22,5922
3481,群創,62,49,13,元富-新店,2024-03-22,5922
2258,鴻華先進-創,13,0,13,元富-新店,2024-03-22,5922
5512,力麒,12,0,12,元富-新店,2024-03-22,5922
2362,藍天,13,1,12,元富-新店,2024-03-22,5922
00650L,復華香港正2,12,0,12,元富-新店,2024-03-22,5922
2353,宏��,92,81,11,元富-新店,2024-03-22,5922
6505,台塑化,11,0,11,元富-新店,2024-03-22,5922
2329,華泰,58,47,11,元富-新店,2024-03-22,5922
3622,洋華,12,1,11,元富-新店,2024-03-22,5922
00929,復華台灣科技優息,93,82,11,元富-新店,2024-03-22,5922
5347,世界,18,8,10,元富-新店,2024-03-22,5922
1314,中石化,10,0,10,元富-新店,2024-03-22,5922
2851,中再保,10,0,10,元富-新店,2024-03-22,5922
3325,旭品,10,0,10,元富-新店,2024-03-22,5922
1460,宏遠,20,10,10,元富-新店,2024-03-22,5922
00939,統一台灣高息動能,303,4,299,元富-新店,2024-03-25,5922
3059,華晶科,137,23,114,元富-新店,2024-03-25,5922
2356,英業達,95,41,54,元富-新店,2024-03-25,5922
3062,建漢,95,41,54,元富-新店,2024-03-25,5922
2886,兆豐金,52,0,52,元富-新店,2024-03-25,5922
2353,宏��,58,7,51,元富-新店,2024-03-25,5922
1101,台泥,50,0,50,元富-新店,2024-03-25,5922
2303,聯電,64,14,50,元富-新店,2024-03-25,5922
2880,華南金,51,2,49,元富-新店,2024-03-25,5922
1314,中石化,50,1,49,元富-新店,2024-03-25,5922
00941,中信上游半導體,149,104,45,元富-新店,2024-03-25,5922
3033,威健,46,3,43,元富-新店,2024-03-25,5922
00919,群益台灣精選高息,70,28,42,元富-新店,2024-03-25,5922
2485,兆赫,40,0,40,元富-新店,2024-03-25,5922
3714,富采,34,0,34,元富-新店,2024-03-25,5922
00665L,富邦�琤肭磪囓�2,31,0,31,元富-新店,2024-03-25,5922
0056,元大高股息,38,7,31,元富-新店,2024-03-25,5922
00764B,群益25年美債,30,0,30,元富-新店,2024-03-25,5922
3372,典範,29,2,27,元富-新店,2024-03-25,5922
00937B,群益ESG投等債20,102,76,26,元富-新店,2024-03-25,5922
6026,福邦證,25,0,25,元富-新店,2024-03-25,5922
5457,宣德,25,0,25,元富-新店,2024-03-25,5922
6147,頎邦,27,3,24,元富-新店,2024-03-25,5922
2359,所羅門,22,1,21,元富-新店,2024-03-25,5922
6015,宏遠證,20,0,20,元富-新店,2024-03-25,5922
2615,萬海,20,0,20,元富-新店,2024-03-25,5922
00645,富邦日本,17,0,17,元富-新店,2024-03-25,5922
00857B,永豐20年美公債,16,0,16,元富-新店,2024-03-25,5922
3005,神基,23,8,15,元富-新店,2024-03-25,5922
6191,精成科,16,1,15,元富-新店,2024-03-25,5922
2891,中信金,15,0,15,元富-新店,2024-03-25,5922
3231,緯創,31,17,14,元富-新店,2024-03-25,5922
2363,矽統,13,0,13,元富-新店,2024-03-25,5922
00878,國泰永續高股息,19,6,13,元富-新店,2024-03-25,5922
2464,盟立,26,14,12,元富-新店,2024-03-25,5922
3051,力特,11,0,11,元富-新店,2024-03-25,5922
6215,和椿,11,0,11,元富-新店,2024-03-25,5922
4303,信立,11,0,11,元富-新店,2024-03-25,5922
1514,亞力,29,18,11,元富-新店,2024-03-25,5922
6121,新普,11,1,10,元富-新店,2024-03-25,5922
6785,昱展新藥,10,0,10,元富-新店,2024-03-25,5922
6189,豐藝,13,3,10,元富-新店,2024-03-25,5922
4564,元翎,10,0,10,元富-新店,2024-03-25,5922
2454,聯發科,10,1,9,元富-新店,2024-03-25,5922
00720B,元大投資級公司債,14,5,9,元富-新店,2024-03-25,5922
5347,世界,14,5,9,元富-新店,2024-03-25,5922
2301,光寶科,9,1,8,元富-新店,2024-03-25,5922
1736,喬山,8,0,8,元富-新店,2024-03-25,5922
2611,志信,10,2,8,元富-新店,2024-03-25,5922
6113,亞矽,8,0,8,元富-新店,2024-03-25,5922
2887,台新金,501,0,501,元富-新店,2024-03-26,5922
00939,統一台灣高息動能,490,51,439,元富-新店,2024-03-26,5922
2303,聯電,374,18,356,元富-新店,2024-03-26,5922
3481,群創,325,11,314,元富-新店,2024-03-26,5922
2358,廷鑫,233,0,233,元富-新店,2024-03-26,5922
00680L,元大美債20正2,130,0,130,元富-新店,2024-03-26,5922
00919,群益台灣精選高息,192,81,111,元富-新店,2024-03-26,5922
00937B,群益ESG投等債20,107,40,67,元富-新店,2024-03-26,5922
00941,中信上游半導體,129,83,46,元富-新店,2024-03-26,5922
2020,美亞,45,0,45,元富-新店,2024-03-26,5922
2609,陽明,52,12,40,元富-新店,2024-03-26,5922
5469,瀚宇博,40,1,39,元富-新店,2024-03-26,5922
2356,英業達,70,33,37,元富-新店,2024-03-26,5922
2618,長榮航,37,1,36,元富-新店,2024-03-26,5922
8112,至上,38,2,36,元富-新店,2024-03-26,5922
1513,中興電,144,110,34,元富-新店,2024-03-26,5922
3622,洋華,41,7,34,元富-新店,2024-03-26,5922
3211,順達,32,1,31,元富-新店,2024-03-26,5922
4133,亞諾法,30,0,30,元富-新店,2024-03-26,5922
1615,大山,30,1,29,元富-新店,2024-03-26,5922
2344,華邦電,32,5,27,元富-新店,2024-03-26,5922
2888,新光金,23,0,23,元富-新店,2024-03-26,5922
3231,緯創,59,37,22,元富-新店,2024-03-26,5922
1608,華榮,41,19,22,元富-新店,2024-03-26,5922
3033,威健,22,0,22,元富-新店,2024-03-26,5922
2354,鴻準,30,11,19,元富-新店,2024-03-26,5922
2313,華通,20,1,19,元富-新店,2024-03-26,5922
00679B,元大美債20年,20,1,19,元富-新店,2024-03-26,5922
6015,宏遠證,20,2,18,元富-新店,2024-03-26,5922
5457,宣德,16,0,16,元富-新店,2024-03-26,5922
2547,日勝生,15,0,15,元富-新店,2024-03-26,5922
1312,國喬,15,0,15,元富-新店,2024-03-26,5922
2353,宏��,27,12,15,元富-新店,2024-03-26,5922
2388,威盛,42,27,15,元富-新店,2024-03-26,5922
1455,集盛,15,1,14,元富-新店,2024-03-26,5922
2729,瓦城,14,0,14,元富-新店,2024-03-26,5922
8936,國統,82,68,14,元富-新店,2024-03-26,5922
4942,嘉彰,13,0,13,元富-新店,2024-03-26,5922
00918,大華優利高填息30,12,0,12,元富-新店,2024-03-26,5922
2464,盟立,46,35,11,元富-新店,2024-03-26,5922
6770,力積電,14,3,11,元富-新店,2024-03-26,5922
1504,東元,65,54,11,元富-新店,2024-03-26,5922
2867,三商壽,10,0,10,元富-新店,2024-03-26,5922
3312,弘憶股,12,2,10,元富-新店,2024-03-26,5922
2329,華泰,12,2,10,元富-新店,2024-03-26,5922
2369,菱生,10,0,10,元富-新店,2024-03-26,5922
00720B,元大投資級公司債,11,1,10,元富-新店,2024-03-26,5922
1773,勝一,10,0,10,元富-新店,2024-03-26,5922
8390,金益鼎,10,0,10,元富-新店,2024-03-26,5922
2881,富邦金,11,2,9,元富-新店,2024-03-26,5922
2371,大同,711,257,454,元富-新店,2024-03-27,5922
5880,合庫金,125,2,123,元富-新店,2024-03-27,5922
3231,緯創,121,23,98,元富-新店,2024-03-27,5922
2889,國票金,80,0,80,元富-新店,2024-03-27,5922
2367,燿華,81,9,72,元富-新店,2024-03-27,5922
00933B,國泰10Y+金融債,64,2,62,元富-新店,2024-03-27,5922
4714,永捷,46,0,46,元富-新店,2024-03-27,5922
3701,大眾控,40,0,40,元富-新店,2024-03-27,5922
5324,士開,41,5,36,元富-新店,2024-03-27,5922
1608,華榮,109,74,35,元富-新店,2024-03-27,5922
2317,鴻海,81,48,33,元富-新店,2024-03-27,5922
1605,華新,37,5,32,元富-新店,2024-03-27,5922
2882,國泰金,30,0,30,元富-新店,2024-03-27,5922
4726,永昕,30,0,30,元富-新店,2024-03-27,5922
1444,力麗,30,0,30,元富-新店,2024-03-27,5922
1909,榮成,29,0,29,元富-新店,2024-03-27,5922
3339,泰谷,24,0,24,元富-新店,2024-03-27,5922
2313,華通,28,4,24,元富-新店,2024-03-27,5922
1603,華電,55,32,23,元富-新店,2024-03-27,5922
2547,日勝生,24,1,23,元富-新店,2024-03-27,5922
2301,光寶科,31,9,22,元富-新店,2024-03-27,5922
00687B,國泰20年美債,22,0,22,元富-新店,2024-03-27,5922
3033,威健,21,1,20,元富-新店,2024-03-27,5922
5864,致和證,20,0,20,元富-新店,2024-03-27,5922
6770,力積電,26,7,19,元富-新店,2024-03-27,5922
2359,所羅門,18,1,17,元富-新店,2024-03-27,5922
2634,漢翔,31,14,17,元富-新店,2024-03-27,5922
00941,中信上游半導體,18,2,16,元富-新店,2024-03-27,5922
4909,新復興,15,0,15,元富-新店,2024-03-27,5922
00877,復華中國5G,15,0,15,元富-新店,2024-03-27,5922
5210,寶碩,15,0,15,元富-新店,2024-03-27,5922
1513,中興電,40,26,14,元富-新店,2024-03-27,5922
1316,上曜,18,4,14,元富-新店,2024-03-27,5922
2606,裕民,14,0,14,元富-新店,2024-03-27,5922
1810,和成,15,1,14,元富-新店,2024-03-27,5922
4540,全球傳動,13,0,13,元富-新店,2024-03-27,5922
8011,台通,17,4,13,元富-新店,2024-03-27,5922
3036,文曄,12,0,12,元富-新店,2024-03-27,5922
2641,正德,12,0,12,元富-新店,2024-03-27,5922
00931B,統一美債20年,12,0,12,元富-新店,2024-03-27,5922
6153,嘉聯益,12,0,12,元富-新店,2024-03-27,5922
6227,茂綸,13,1,12,元富-新店,2024-03-27,5922
2409,友達,16,5,11,元富-新店,2024-03-27,5922
00937B,群益ESG投等債20,11,1,10,元富-新店,2024-03-27,5922
3058,立德,10,0,10,元富-新店,2024-03-27,5922
00929,復華台灣科技優息,36,26,10,元富-新店,2024-03-27,5922
6113,亞矽,10,0,10,元富-新店,2024-03-27,5922
00751B,元大AAA至A公司債,10,0,10,元富-新店,2024-03-27,5922
3168,眾福科,10,0,10,元富-新店,2024-03-27,5922
00680L,元大美債20正2,30,20,10,元富-新店,2024-03-27,5922
00882,中信中國高股息,192,0,192,元富-新店,2024-03-28,5922
00937B,群益ESG投等債20,162,1,161,元富-新店,2024-03-28,5922
2883,凱基金,135,10,125,元富-新店,2024-03-28,5922
2408,南亞科,76,3,73,元富-新店,2024-03-28,5922
5009,榮剛,83,11,72,元富-新店,2024-03-28,5922
2356,英業達,79,22,57,元富-新店,2024-03-28,5922
1301,台塑,51,0,51,元富-新店,2024-03-28,5922
2880,華南金,50,0,50,元富-新店,2024-03-28,5922
00939,統一台灣高息動能,91,44,47,元富-新店,2024-03-28,5922
3706,神達,74,27,47,元富-新店,2024-03-28,5922
2610,華航,48,2,46,元富-新店,2024-03-28,5922
1617,榮星,35,0,35,元富-新店,2024-03-28,5922
2353,宏��,45,10,35,元富-新店,2024-03-28,5922
2344,華邦電,35,2,33,元富-新店,2024-03-28,5922
5880,合庫金,40,10,30,元富-新店,2024-03-28,5922
3522,御嵿,30,0,30,元富-新店,2024-03-28,5922
00931B,統一美債20年,37,7,30,元富-新店,2024-03-28,5922
1444,力麗,30,0,30,元富-新店,2024-03-28,5922
00679B,元大美債20年,34,5,29,元富-新店,2024-03-28,5922
2801,彰銀,34,8,26,元富-新店,2024-03-28,5922
00919,群益台灣精選高息,58,36,22,元富-新店,2024-03-28,5922
3033,威健,22,1,21,元富-新店,2024-03-28,5922
2601,益航,20,0,20,元富-新店,2024-03-28,5922
2301,光寶科,22,4,18,元富-新店,2024-03-28,5922
6191,精成科,33,15,18,元富-新店,2024-03-28,5922
1504,東元,30,12,18,元富-新店,2024-03-28,5922
5469,瀚宇博,32,15,17,元富-新店,2024-03-28,5922
3036,文曄,19,3,16,元富-新店,2024-03-28,5922
3005,神基,61,45,16,元富-新店,2024-03-28,5922
2101,南港,16,0,16,元富-新店,2024-03-28,5922
2618,長榮航,234,219,15,元富-新店,2024-03-28,5922
5483,中美晶,22,8,14,元富-新店,2024-03-28,5922
3652,精聯,14,1,13,元富-新店,2024-03-28,5922
00857B,永豐20年美公債,18,5,13,元富-新店,2024-03-28,5922
00687B,國泰20年美債,20,7,13,元富-新店,2024-03-28,5922
00941,中信上游半導體,14,2,12,元富-新店,2024-03-28,5922
3176,基亞,12,0,12,元富-新店,2024-03-28,5922
2515,中工,24,12,12,元富-新店,2024-03-28,5922
3231,緯創,30,18,12,元富-新店,2024-03-28,5922
8227,巨有科技,12,1,11,元富-新店,2024-03-28,5922
2834,臺企銀,11,0,11,元富-新店,2024-03-28,5922
00696B,富邦美債20年,11,0,11,元富-新店,2024-03-28,5922
3260,威剛,11,1,10,元富-新店,2024-03-28,5922
2358,廷鑫,10,0,10,元富-新店,2024-03-28,5922
00632R,元大台灣50反1,11,1,10,元富-新店,2024-03-28,5922
3481,群創,10,0,10,元富-新店,2024-03-28,5922
6005,群益證,29,19,10,元富-新店,2024-03-28,5922
9910,豐泰,10,0,10,元富-新店,2024-03-28,5922
1236,宏亞,10,0,10,元富-新店,2024-03-28,5922
3168,眾福科,10,0,10,元富-新店,2024-03-28,5922
00882,中信中國高股息,271,80,191,元富-新店,2024-03-29,5922
1444,力麗,97,0,97,元富-新店,2024-03-29,5922
2889,國票金,81,0,81,元富-新店,2024-03-29,5922
00941,中信上游半導體,76,6,70,元富-新店,2024-03-29,5922
00919,群益台灣精選高息,62,1,61,元富-新店,2024-03-29,5922
00939,統一台灣高息動能,90,36,54,元富-新店,2024-03-29,5922
2324,仁寶,55,5,50,元富-新店,2024-03-29,5922
2301,光寶科,51,7,44,元富-新店,2024-03-29,5922
2317,鴻海,83,40,43,元富-新店,2024-03-29,5922
2025,千興,40,0,40,元富-新店,2024-03-29,5922
2371,大同,57,17,40,元富-新店,2024-03-29,5922
3481,群創,30,1,29,元富-新店,2024-03-29,5922
4714,永捷,39,10,29,元富-新店,2024-03-29,5922
1504,東元,43,14,29,元富-新店,2024-03-29,5922
00937B,群益ESG投等債20,95,70,25,元富-新店,2024-03-29,5922
6191,精成科,38,13,25,元富-新店,2024-03-29,5922
3162,精確,21,0,21,元富-新店,2024-03-29,5922
5210,寶碩,20,0,20,元富-新店,2024-03-29,5922
00637L,元大滬深300正2,21,1,20,元富-新店,2024-03-29,5922
00687B,國泰20年美債,20,0,20,元富-新店,2024-03-29,5922
3005,神基,21,2,19,元富-新店,2024-03-29,5922
3703,欣陸,22,3,19,元富-新店,2024-03-29,5922
3376,新日興,35,17,18,元富-新店,2024-03-29,5922
3025,星通,16,0,16,元富-新店,2024-03-29,5922
2605,新興,15,0,15,元富-新店,2024-03-29,5922
8936,國統,22,9,13,元富-新店,2024-03-29,5922
6227,茂綸,17,4,13,元富-新店,2024-03-29,5922
9105,泰金寶-DR,17,4,13,元富-新店,2024-03-29,5922
2352,佳世達,12,0,12,元富-新店,2024-03-29,5922
1609,大亞,26,14,12,元富-新店,2024-03-29,5922
1725,元禎,12,1,11,元富-新店,2024-03-29,5922
4526,東台,17,6,11,元富-新店,2024-03-29,5922
5302,太欣,11,0,11,元富-新店,2024-03-29,5922
2409,友達,10,0,10,元富-新店,2024-03-29,5922
2328,廣宇,10,0,10,元富-新店,2024-03-29,5922
00915,凱基優選高股息30,15,5,10,元富-新店,2024-03-29,5922
6121,新普,12,2,10,元富-新店,2024-03-29,5922
8064,東捷,10,0,10,元富-新店,2024-03-29,5922
2439,美律,10,0,10,元富-新店,2024-03-29,5922
2471,資通,10,0,10,元富-新店,2024-03-29,5922
2537,聯上發,10,0,10,元富-新店,2024-03-29,5922
9927,泰銘,10,0,10,元富-新店,2024-03-29,5922
3325,旭品,11,1,10,元富-新店,2024-03-29,5922
1530,亞崴,10,0,10,元富-新店,2024-03-29,5922
3540,曜越,9,0,9,元富-新店,2024-03-29,5922
6142,友勁,9,0,9,元富-新店,2024-03-29,5922
00795B,中信美國公債20年,8,0,8,元富-新店,2024-03-29,5922
8096,擎亞,18,10,8,元富-新店,2024-03-29,5922
8112,至上,8,0,8,元富-新店,2024-03-29,5922
4746,台耀,8,0,8,元富-新店,2024-03-29,5922
00940,元大台灣價值高息,925,50,875,元富-新店,2024-04-01,5922
2618,長榮航,405,57,348,元富-新店,2024-04-01,5922
00937B,群益ESG投等債20,219,1,218,元富-新店,2024-04-01,5922
00939,統一台灣高息動能,145,5,140,元富-新店,2024-04-01,5922
2890,永豐金,101,2,99,元富-新店,2024-04-01,5922
00941,中信上游半導體,52,0,52,元富-新店,2024-04-01,5922
00632R,元大台灣50反1,40,0,40,元富-新店,2024-04-01,5922
2371,大同,83,45,38,元富-新店,2024-04-01,5922
2891,中信金,30,0,30,元富-新店,2024-04-01,5922
4303,信立,34,4,30,元富-新店,2024-04-01,5922
0056,元大高股息,35,6,29,元富-新店,2024-04-01,5922
2603,長榮,32,4,28,元富-新店,2024-04-01,5922
1582,信錦,28,0,28,元富-新店,2024-04-01,5922
2464,盟立,33,5,28,元富-新店,2024-04-01,5922
1605,華新,26,3,23,元富-新店,2024-04-01,5922
5876,上海商銀,23,0,23,元富-新店,2024-04-01,5922
6026,福邦證,30,7,23,元富-新店,2024-04-01,5922
2382,廣達,40,17,23,元富-新店,2024-04-01,5922
6016,康和證,35,14,21,元富-新店,2024-04-01,5922
1806,冠軍,21,0,21,元富-新店,2024-04-01,5922
2880,華南金,20,0,20,元富-新店,2024-04-01,5922
3294,英濟,20,2,18,元富-新店,2024-04-01,5922
6282,康舒,18,1,17,元富-新店,2024-04-01,5922
5210,寶碩,15,0,15,元富-新店,2024-04-01,5922
3576,聯合再生,15,0,15,元富-新店,2024-04-01,5922
1785,光洋科,18,3,15,元富-新店,2024-04-01,5922
1514,亞力,15,1,14,元富-新店,2024-04-01,5922
1609,大亞,17,3,14,元富-新店,2024-04-01,5922
2801,彰銀,14,0,14,元富-新店,2024-04-01,5922
2486,一詮,21,7,14,元富-新店,2024-04-01,5922
3704,合勤控,16,3,13,元富-新店,2024-04-01,5922
6505,台塑化,22,9,13,元富-新店,2024-04-01,5922
5234,達興材料,15,2,13,元富-新店,2024-04-01,5922
00882,中信中國高股息,12,0,12,元富-新店,2024-04-01,5922
2301,光寶科,20,8,12,元富-新店,2024-04-01,5922
2352,佳世達,18,6,12,元富-新店,2024-04-01,5922
3231,緯創,83,72,11,元富-新店,2024-04-01,5922
6411,晶焱,11,0,11,元富-新店,2024-04-01,5922
5309,系統電,12,1,11,元富-新店,2024-04-01,5922
00687B,國泰20年美債,12,1,11,元富-新店,2024-04-01,5922
00878,國泰永續高股息,16,6,10,元富-新店,2024-04-01,5922
00918,大華優利高填息30,110,100,10,元富-新店,2024-04-01,5922
00752,中信中國50,10,0,10,元富-新店,2024-04-01,5922
1708,東鹼,10,0,10,元富-新店,2024-04-01,5922
2034,允強,10,0,10,元富-新店,2024-04-01,5922
4973,廣穎,10,0,10,元富-新店,2024-04-01,5922
2605,新興,10,0,10,元富-新店,2024-04-01,5922
5498,凱崴,10,0,10,元富-新店,2024-04-01,5922
3710,連展投控,10,0,10,元富-新店,2024-04-01,5922
1340,勝悅-KY,9,0,9,元富-新店,2024-04-01,5922
5880,合庫金,250,0,250,元富-新店,2024-04-02,5922
00929,復華台灣科技優息,254,47,207,元富-新店,2024-04-02,5922
00940,元大台灣價值高息,235,94,141,元富-新店,2024-04-02,5922
00933B,國泰10Y+金融債,105,0,105,元富-新店,2024-04-02,5922
00673R,期元大S＆P原油反1,102,0,102,元富-新店,2024-04-02,5922
2883,凱基金,101,0,101,元富-新店,2024-04-02,5922
00679B,元大美債20年,102,10,92,元富-新店,2024-04-02,5922
00720B,元大投資級公司債,69,0,69,元富-新店,2024-04-02,5922
00941,中信上游半導體,63,0,63,元富-新店,2024-04-02,5922
2371,大同,118,58,60,元富-新店,2024-04-02,5922
3706,神達,60,8,52,元富-新店,2024-04-02,5922
2356,英業達,48,5,43,元富-新店,2024-04-02,5922
6668,中揚光,43,5,38,元富-新店,2024-04-02,5922
2374,佳能,51,18,33,元富-新店,2024-04-02,5922
6292,迅德,28,0,28,元富-新店,2024-04-02,5922
1612,宏泰,24,0,24,元富-新店,2024-04-02,5922
3628,盈正,23,0,23,元富-新店,2024-04-02,5922
2641,正德,23,0,23,元富-新店,2024-04-02,5922
3289,宜特,37,15,22,元富-新店,2024-04-02,5922
2337,旺宏,31,11,20,元富-新店,2024-04-02,5922
2832,台產,20,0,20,元富-新店,2024-04-02,5922
6761,穩得,22,2,20,元富-新店,2024-04-02,5922
1785,光洋科,33,14,19,元富-新店,2024-04-02,5922
6770,力積電,22,3,19,元富-新店,2024-04-02,5922
2301,光寶科,29,13,16,元富-新店,2024-04-02,5922
8358,金居,27,11,16,元富-新店,2024-04-02,5922
2354,鴻準,44,29,15,元富-新店,2024-04-02,5922
3630,新鉅科,15,0,15,元富-新店,2024-04-02,5922
2492,華新科,25,10,15,元富-新店,2024-04-02,5922
5210,寶碩,15,0,15,元富-新店,2024-04-02,5922
6125,廣運,14,1,13,元富-新店,2024-04-02,5922
5443,均豪,16,3,13,元富-新店,2024-04-02,5922
00887,永豐中國科技50大,13,0,13,元富-新店,2024-04-02,5922
1905,華紙,19,6,13,元富-新店,2024-04-02,5922
6142,友勁,12,0,12,元富-新店,2024-04-02,5922
2069,運錩,12,0,12,元富-新店,2024-04-02,5922
00902,中信電池及儲能,12,0,12,元富-新店,2024-04-02,5922
3466,德晉,11,0,11,元富-新店,2024-04-02,5922
4960,誠美材,11,0,11,元富-新店,2024-04-02,5922
00795B,中信美國公債20年,11,0,11,元富-新店,2024-04-02,5922
4303,信立,23,12,11,元富-新店,2024-04-02,5922
00931B,統一美債20年,11,0,11,元富-新店,2024-04-02,5922
6188,廣明,13,2,11,元富-新店,2024-04-02,5922
3707,漢磊,12,2,10,元富-新店,2024-04-02,5922
3710,連展投控,10,0,10,元富-新店,2024-04-02,5922
3060,銘異,10,0,10,元富-新店,2024-04-02,5922
6114,久威,10,0,10,元富-新店,2024-04-02,5922
5469,瀚宇博,11,1,10,元富-新店,2024-04-02,5922
00751B,元大AAA至A公司債,10,0,10,元富-新店,2024-04-02,5922
6197,佳必琪,26,16,10,元富-新店,2024-04-02,5922
00940,元大台灣價值高息,428,62,366,元富-新店,2024-04-03,5922
2886,兆豐金,201,2,199,元富-新店,2024-04-03,5922
2890,永豐金,203,4,199,元富-新店,2024-04-03,5922
2892,第一金,204,40,164,元富-新店,2024-04-03,5922
00937B,群益ESG投等債20,148,24,124,元富-新店,2024-04-03,5922
2888,新光金,105,0,105,元富-新店,2024-04-03,5922
00929,復華台灣科技優息,104,18,86,元富-新店,2024-04-03,5922
00680L,元大美債20正2,84,0,84,元富-新店,2024-04-03,5922
00772B,中信高評級公司債,84,0,84,元富-新店,2024-04-03,5922
00941,中信上游半導體,91,11,80,元富-新店,2024-04-03,5922
00665L,富邦�琤肭磪囓�2,157,86,71,元富-新店,2024-04-03,5922
00720B,元大投資級公司債,65,0,65,元富-新店,2024-04-03,5922
3033,威健,65,1,64,元富-新店,2024-04-03,5922
1301,台塑,62,1,61,元富-新店,2024-04-03,5922
2303,聯電,66,9,57,元富-新店,2024-04-03,5922
00679B,元大美債20年,57,0,57,元富-新店,2024-04-03,5922
1101,台泥,65,12,53,元富-新店,2024-04-03,5922
2317,鴻海,55,5,50,元富-新店,2024-04-03,5922
00795B,中信美國公債20年,50,2,48,元富-新店,2024-04-03,5922
00933B,國泰10Y+金融債,43,0,43,元富-新店,2024-04-03,5922
1815,富喬,113,73,40,元富-新店,2024-04-03,5922
3706,神達,52,13,39,元富-新店,2024-04-03,5922
3481,群創,100,62,38,元富-新店,2024-04-03,5922
2201,裕隆,35,0,35,元富-新店,2024-04-03,5922
0056,元大高股息,32,2,30,元富-新店,2024-04-03,5922
2609,陽明,30,0,30,元富-新店,2024-04-03,5922
1104,環泥,30,0,30,元富-新店,2024-04-03,5922
00687B,國泰20年美債,28,0,28,元富-新店,2024-04-03,5922
8111,立��,27,0,27,元富-新店,2024-04-03,5922
2371,大同,31,7,24,元富-新店,2024-04-03,5922
6165,浪凡,20,0,20,元富-新店,2024-04-03,5922
2485,兆赫,20,0,20,元富-新店,2024-04-03,5922
1616,億泰,20,1,19,元富-新店,2024-04-03,5922
00751B,元大AAA至A公司債,17,0,17,元富-新店,2024-04-03,5922
1809,中釉,17,0,17,元富-新店,2024-04-03,5922
6196,帆宣,41,24,17,元富-新店,2024-04-03,5922
1514,亞力,17,1,16,元富-新店,2024-04-03,5922
1605,華新,60,45,15,元富-新店,2024-04-03,5922
2486,一詮,113,98,15,元富-新店,2024-04-03,5922
00939,統一台灣高息動能,56,41,15,元富-新店,2024-04-03,5922
1712,興農,15,0,15,元富-新店,2024-04-03,5922
2330,台積電,16,2,14,元富-新店,2024-04-03,5922
00902,中信電池及儲能,14,0,14,元富-新店,2024-04-03,5922
3036,文曄,14,0,14,元富-新店,2024-04-03,5922
2891,中信金,13,0,13,元富-新店,2024-04-03,5922
1457,宜進,13,0,13,元富-新店,2024-04-03,5922
2436,偉詮電,13,0,13,元富-新店,2024-04-03,5922
2610,華航,13,0,13,元富-新店,2024-04-03,5922
6207,雷科,13,0,13,元富-新店,2024-04-03,5922
8996,高力,30,17,13,元富-新店,2024-04-03,5922
00680L,元大美債20正2,165,5,160,元富-新店,2024-04-08,5922
00940,元大台灣價值高息,161,3,158,元富-新店,2024-04-08,5922
00929,復華台灣科技優息,151,3,148,元富-新店,2024-04-08,5922
00632R,元大台灣50反1,80,4,76,元富-新店,2024-04-08,5922
00679B,元大美債20年,66,0,66,元富-新店,2024-04-08,5922
3481,群創,60,0,60,元富-新店,2024-04-08,5922
00772B,中信高評級公司債,56,0,56,元富-新店,2024-04-08,5922
00637L,元大滬深300正2,56,0,56,元富-新店,2024-04-08,5922
00687B,國泰20年美債,56,0,56,元富-新店,2024-04-08,5922
00919,群益台灣精選高息,54,0,54,元富-新店,2024-04-08,5922
00673R,期元大S＆P原油反1,53,0,53,元富-新店,2024-04-08,5922
2883,凱基金,53,2,51,元富-新店,2024-04-08,5922
2374,佳能,78,27,51,元富-新店,2024-04-08,5922
00671R,富邦NASDAQ反1,50,0,50,元富-新店,2024-04-08,5922
00720B,元大投資級公司債,48,0,48,元富-新店,2024-04-08,5922
00937B,群益ESG投等債20,54,7,47,元富-新店,2024-04-08,5922
00933B,國泰10Y+金融債,40,0,40,元富-新店,2024-04-08,5922
00795B,中信美國公債20年,34,0,34,元富-新店,2024-04-08,5922
6120,達運,79,52,27,元富-新店,2024-04-08,5922
00907,永豐優息存股,25,0,25,元富-新店,2024-04-08,5922
2618,長榮航,25,2,23,元富-新店,2024-04-08,5922
2317,鴻海,49,27,22,元富-新店,2024-04-08,5922
6235,華孚,24,2,22,元富-新店,2024-04-08,5922
00688L,國泰20年美債正2,21,0,21,元富-新店,2024-04-08,5922
00665L,富邦�琤肭磪囓�2,175,155,20,元富-新店,2024-04-08,5922
00931B,統一美債20年,20,0,20,元富-新店,2024-04-08,5922
00751B,元大AAA至A公司債,19,0,19,元富-新店,2024-04-08,5922
2324,仁寶,18,0,18,元富-新店,2024-04-08,5922
4961,天鈺,17,0,17,元富-新店,2024-04-08,5922
2609,陽明,21,5,16,元富-新店,2024-04-08,5922
6213,聯茂,16,1,15,元富-新店,2024-04-08,5922
5457,宣德,16,1,15,元富-新店,2024-04-08,5922
2888,新光金,15,0,15,元富-新店,2024-04-08,5922
2323,中環,14,0,14,元富-新店,2024-04-08,5922
00941,中信上游半導體,13,0,13,元富-新店,2024-04-08,5922
6548,長科*,13,0,13,元富-新店,2024-04-08,5922
1611,中電,13,0,13,元富-新店,2024-04-08,5922
1444,力麗,12,0,12,元富-新店,2024-04-08,5922
6163,華電網,12,1,11,元富-新店,2024-04-08,5922
4746,台耀,12,1,11,元富-新店,2024-04-08,5922
9945,潤泰新,12,1,11,元富-新店,2024-04-08,5922
00885,富邦越南,10,0,10,元富-新店,2024-04-08,5922
6129,普誠,15,5,10,元富-新店,2024-04-08,5922
00641R,富邦日本反1,10,0,10,元富-新店,2024-04-08,5922
00902,中信電池及儲能,10,0,10,元富-新店,2024-04-08,5922
2009,第一銅,19,9,10,元富-新店,2024-04-08,5922
6191,精成科,10,0,10,元富-新店,2024-04-08,5922
1608,華榮,16,6,10,元富-新店,2024-04-08,5922
2101,南港,12,2,10,元富-新店,2024-04-08,5922
2392,正崴,10,0,10,元富-新店,2024-04-08,5922
00680L,元大美債20正2,150,0,150,元富-新店,2024-04-09,5922
2882,國泰金,151,13,138,元富-新店,2024-04-09,5922
3231,緯創,121,36,85,元富-新店,2024-04-09,5922
00940,元大台灣價值高息,154,93,61,元富-新店,2024-04-09,5922
00941,中信上游半導體,56,1,55,元富-新店,2024-04-09,5922
5457,宣德,55,3,52,元富-新店,2024-04-09,5922
2816,旺旺保,42,0,42,元富-新店,2024-04-09,5922
0056,元大高股息,49,7,42,元富-新店,2024-04-09,5922
2363,矽統,148,109,39,元富-新店,2024-04-09,5922
6668,中揚光,38,2,36,元富-新店,2024-04-09,5922
00929,復華台灣科技優息,36,0,36,元富-新店,2024-04-09,5922
00637L,元大滬深300正2,34,0,34,元富-新店,2024-04-09,5922
2313,華通,35,2,33,元富-新店,2024-04-09,5922
6189,豐藝,38,6,32,元富-新店,2024-04-09,5922
2374,佳能,35,5,30,元富-新店,2024-04-09,5922
6546,正基,30,0,30,元富-新店,2024-04-09,5922
2891,中信金,27,0,27,元富-新店,2024-04-09,5922
2630,亞航,29,2,27,元富-新店,2024-04-09,5922
2371,大同,74,48,26,元富-新店,2024-04-09,5922
3232,昱捷,24,0,24,元富-新店,2024-04-09,5922
6116,彩晶,32,10,22,元富-新店,2024-04-09,5922
6016,康和證,21,0,21,元富-新店,2024-04-09,5922
3628,盈正,21,0,21,元富-新店,2024-04-09,5922
1312,國喬,20,0,20,元富-新店,2024-04-09,5922
1612,宏泰,27,7,20,元富-新店,2024-04-09,5922
1611,中電,25,5,20,元富-新店,2024-04-09,5922
00795B,中信美國公債20年,21,3,18,元富-新店,2024-04-09,5922
00919,群益台灣精選高息,23,6,17,元富-新店,2024-04-09,5922
5324,士開,21,5,16,元富-新店,2024-04-09,5922
6188,廣明,32,16,16,元富-新店,2024-04-09,5922
5302,太欣,15,0,15,元富-新店,2024-04-09,5922
2547,日勝生,15,0,15,元富-新店,2024-04-09,5922
4303,信立,15,1,14,元富-新店,2024-04-09,5922
3010,華立,14,1,13,元富-新店,2024-04-09,5922
00933B,國泰10Y+金融債,13,0,13,元富-新店,2024-04-09,5922
2501,國建,20,7,13,元富-新店,2024-04-09,5922
3088,艾訊,12,0,12,元富-新店,2024-04-09,5922
2467,志聖,13,1,12,元富-新店,2024-04-09,5922
2352,佳世達,13,1,12,元富-新店,2024-04-09,5922
2354,鴻準,14,2,12,元富-新店,2024-04-09,5922
5521,工信,11,0,11,元富-新店,2024-04-09,5922
2421,建準,12,1,11,元富-新店,2024-04-09,5922
3013,晟銘電,53,42,11,元富-新店,2024-04-09,5922
1733,五鼎,10,0,10,元富-新店,2024-04-09,5922
3305,昇貿,10,0,10,元富-新店,2024-04-09,5922
00679B,元大美債20年,11,2,9,元富-新店,2024-04-09,5922
3645,達邁,11,2,9,元富-新店,2024-04-09,5922
2344,華邦電,11,2,9,元富-新店,2024-04-09,5922
6288,聯嘉,9,0,9,元富-新店,2024-04-09,5922
6026,福邦證,10,1,9,元富-新店,2024-04-09,5922
6016,康和證,130,4,126,元富-新店,2024-04-10,5922
00680L,元大美債20正2,150,28,122,元富-新店,2024-04-10,5922
1532,勤美,78,7,71,元富-新店,2024-04-10,5922
6026,福邦證,70,0,70,元富-新店,2024-04-10,5922
00919,群益台灣精選高息,83,14,69,元富-新店,2024-04-10,5922
4951,精拓科,68,0,68,元富-新店,2024-04-10,5922
2888,新光金,71,17,54,元富-新店,2024-04-10,5922
3289,宜特,51,0,51,元富-新店,2024-04-10,5922
2376,技嘉,49,5,44,元富-新店,2024-04-10,5922
2890,永豐金,43,3,40,元富-新店,2024-04-10,5922
2913,農林,40,1,39,元富-新店,2024-04-10,5922
2515,中工,43,6,37,元富-新店,2024-04-10,5922
00887,永豐中國科技50大,33,0,33,元富-新店,2024-04-10,5922
4915,致伸,33,2,31,元富-新店,2024-04-10,5922
1513,中興電,66,36,30,元富-新店,2024-04-10,5922
1815,富喬,30,0,30,元富-新店,2024-04-10,5922
1717,長興,43,13,30,元富-新店,2024-04-10,5922
5234,達興材料,32,3,29,元富-新店,2024-04-10,5922
00929,復華台灣科技優息,34,6,28,元富-新店,2024-04-10,5922
3036,文曄,30,2,28,元富-新店,2024-04-10,5922
8358,金居,89,62,27,元富-新店,2024-04-10,5922
5302,太欣,28,1,27,元富-新店,2024-04-10,5922
6215,和椿,35,9,26,元富-新店,2024-04-10,5922
1514,亞力,138,114,24,元富-新店,2024-04-10,5922
2317,鴻海,75,51,24,元富-新店,2024-04-10,5922
2371,大同,37,14,23,元富-新店,2024-04-10,5922
1786,科妍,23,2,21,元富-新店,2024-04-10,5922
00877,復華中國5G,21,0,21,元富-新店,2024-04-10,5922
1609,大亞,42,21,21,元富-新店,2024-04-10,5922
8033,雷虎,27,6,21,元富-新店,2024-04-10,5922
2369,菱生,21,1,20,元富-新店,2024-04-10,5922
3188,鑫龍騰,20,1,19,元富-新店,2024-04-10,5922
3232,昱捷,19,0,19,元富-新店,2024-04-10,5922
4967,十銓,23,4,19,元富-新店,2024-04-10,5922
2634,漢翔,119,101,18,元富-新店,2024-04-10,5922
1605,華新,31,13,18,元富-新店,2024-04-10,5922
6117,迎廣,19,3,16,元富-新店,2024-04-10,5922
00632R,元大台灣50反1,20,4,16,元富-新店,2024-04-10,5922
5457,宣德,16,0,16,元富-新店,2024-04-10,5922
2464,盟立,23,7,16,元富-新店,2024-04-10,5922
2547,日勝生,15,0,15,元富-新店,2024-04-10,5922
4401,東隆興,15,0,15,元富-新店,2024-04-10,5922
0050,元大台灣50,15,0,15,元富-新店,2024-04-10,5922
00937B,群益ESG投等債20,67,53,14,元富-新店,2024-04-10,5922
3030,德律,15,1,14,元富-新店,2024-04-10,5922
6189,豐藝,78,64,14,元富-新店,2024-04-10,5922
00941,中信上游半導體,13,0,13,元富-新店,2024-04-10,5922
2382,廣達,26,14,12,元富-新店,2024-04-10,5922
1785,光洋科,14,2,12,元富-新店,2024-04-10,5922
2891,中信金,25,13,12,元富-新店,2024-04-10,5922
2303,聯電,539,2,537,元富-新店,2024-04-11,5922
1301,台塑,202,0,202,元富-新店,2024-04-11,5922
00687B,國泰20年美債,155,0,155,元富-新店,2024-04-11,5922
00680L,元大美債20正2,134,0,134,元富-新店,2024-04-11,5922
00679B,元大美債20年,140,12,128,元富-新店,2024-04-11,5922
00712,復華富時不動產,65,0,65,元富-新店,2024-04-11,5922
00941,中信上游半導體,59,0,59,元富-新店,2024-04-11,5922
00637L,元大滬深300正2,52,0,52,元富-新店,2024-04-11,5922
00929,復華台灣科技優息,50,1,49,元富-新店,2024-04-11,5922
00688L,國泰20年美債正2,50,3,47,元富-新店,2024-04-11,5922
00937B,群益ESG投等債20,84,41,43,元富-新店,2024-04-11,5922
1444,力麗,40,0,40,元富-新店,2024-04-11,5922
3231,緯創,49,14,35,元富-新店,2024-04-11,5922
00940,元大台灣價值高息,60,25,35,元富-新店,2024-04-11,5922
00933B,國泰10Y+金融債,32,0,32,元富-新店,2024-04-11,5922
6546,正基,31,1,30,元富-新店,2024-04-11,5922
3372,典範,41,13,28,元富-新店,2024-04-11,5922
00751B,元大AAA至A公司債,27,0,27,元富-新店,2024-04-11,5922
00720B,元大投資級公司債,27,0,27,元富-新店,2024-04-11,5922
1532,勤美,40,14,26,元富-新店,2024-04-11,5922
2371,大同,169,145,24,元富-新店,2024-04-11,5922
6122,擎邦,27,4,23,元富-新店,2024-04-11,5922
2313,華通,24,2,22,元富-新店,2024-04-11,5922
6770,力積電,22,0,22,元富-新店,2024-04-11,5922
2903,遠百,21,0,21,元富-新店,2024-04-11,5922
5905,南仁湖,20,0,20,元富-新店,2024-04-11,5922
0056,元大高股息,19,1,18,元富-新店,2024-04-11,5922
2617,台航,20,2,18,元富-新店,2024-04-11,5922
00931B,統一美債20年,18,0,18,元富-新店,2024-04-11,5922
0050,元大台灣50,19,3,16,元富-新店,2024-04-11,5922
2409,友達,26,10,16,元富-新店,2024-04-11,5922
2462,良得電,16,0,16,元富-新店,2024-04-11,5922
1609,大亞,35,20,15,元富-新店,2024-04-11,5922
6179,亞通,15,0,15,元富-新店,2024-04-11,5922
00632R,元大台灣50反1,80,65,15,元富-新店,2024-04-11,5922
3260,威剛,73,60,13,元富-新店,2024-04-11,5922
6462,神盾,21,9,12,元富-新店,2024-04-11,5922
2610,華航,25,13,12,元富-新店,2024-04-11,5922
2355,敬鵬,24,12,12,元富-新店,2024-04-11,5922
00795B,中信美國公債20年,21,9,12,元富-新店,2024-04-11,5922
2374,佳能,63,51,12,元富-新店,2024-04-11,5922
3703,欣陸,15,3,12,元富-新店,2024-04-11,5922
00882,中信中國高股息,14,2,12,元富-新店,2024-04-11,5922
2332,友訊,27,15,12,元富-新店,2024-04-11,5922
2884,玉山金,12,0,12,元富-新店,2024-04-11,5922
1808,潤隆,12,0,12,元富-新店,2024-04-11,5922
1722,台肥,11,0,11,元富-新店,2024-04-11,5922
1503,士電,28,18,10,元富-新店,2024-04-11,5922
3169,亞信,10,0,10,元富-新店,2024-04-11,5922
2436,偉詮電,11,1,10,元富-新店,2024-04-11,5922
00680L,元大美債20正2,255,25,230,元富-新店,2024-04-12,5922
1101,台泥,103,5,98,元富-新店,2024-04-12,5922
2352,佳世達,59,0,59,元富-新店,2024-04-12,5922
00795B,中信美國公債20年,53,0,53,元富-新店,2024-04-12,5922
2353,宏��,93,42,51,元富-新店,2024-04-12,5922
8110,華東,60,9,51,元富-新店,2024-04-12,5922
1301,台塑,52,3,49,元富-新店,2024-04-12,5922
8096,擎亞,63,18,45,元富-新店,2024-04-12,5922
00937B,群益ESG投等債20,45,7,38,元富-新店,2024-04-12,5922
0056,元大高股息,35,0,35,元富-新店,2024-04-12,5922
00929,復華台灣科技優息,44,12,32,元富-新店,2024-04-12,5922
2363,矽統,109,77,32,元富-新店,2024-04-12,5922
00687B,國泰20年美債,32,0,32,元富-新店,2024-04-12,5922
3576,聯合再生,45,15,30,元富-新店,2024-04-12,5922
2374,佳能,88,58,30,元富-新店,2024-04-12,5922
2317,鴻海,50,21,29,元富-新店,2024-04-12,5922
2382,廣達,28,0,28,元富-新店,2024-04-12,5922
2867,三商壽,40,12,28,元富-新店,2024-04-12,5922
00679B,元大美債20年,26,0,26,元富-新店,2024-04-12,5922
6117,迎廣,31,5,26,元富-新店,2024-04-12,5922
4766,南寶,25,0,25,元富-新店,2024-04-12,5922
00720B,元大投資級公司債,25,0,25,元富-新店,2024-04-12,5922
4744,皇將,25,0,25,元富-新店,2024-04-12,5922
5443,均豪,25,1,24,元富-新店,2024-04-12,5922
00933B,國泰10Y+金融債,23,0,23,元富-新店,2024-04-12,5922
00939,統一台灣高息動能,31,8,23,元富-新店,2024-04-12,5922
6546,正基,23,1,22,元富-新店,2024-04-12,5922
2607,榮運,22,0,22,元富-新店,2024-04-12,5922
2356,英業達,39,18,21,元富-新店,2024-04-12,5922
5302,太欣,21,0,21,元富-新店,2024-04-12,5922
6005,群益證,20,0,20,元富-新店,2024-04-12,5922
2630,亞航,29,9,20,元富-新店,2024-04-12,5922
1316,上曜,20,0,20,元富-新店,2024-04-12,5922
00931B,統一美債20年,54,35,19,元富-新店,2024-04-12,5922
2462,良得電,19,0,19,元富-新店,2024-04-12,5922
00632R,元大台灣50反1,21,3,18,元富-新店,2024-04-12,5922
00637L,元大滬深300正2,17,0,17,元富-新店,2024-04-12,5922
3622,洋華,23,6,17,元富-新店,2024-04-12,5922
2883,凱基金,19,3,16,元富-新店,2024-04-12,5922
8112,至上,23,7,16,元富-新店,2024-04-12,5922
2641,正德,15,0,15,元富-新店,2024-04-12,5922
6806,森崴能源,19,4,15,元富-新店,2024-04-12,5922
5426,振發,17,4,13,元富-新店,2024-04-12,5922
2637,慧洋-KY,16,3,13,元富-新店,2024-04-12,5922
6125,廣運,13,1,12,元富-新店,2024-04-12,5922
8064,東捷,15,3,12,元富-新店,2024-04-12,5922
4938,和碩,15,4,11,元富-新店,2024-04-12,5922
3312,弘憶股,14,3,11,元富-新店,2024-04-12,5922
3372,典範,16,5,11,元富-新店,2024-04-12,5922
00733,富邦臺灣中小,11,0,11,元富-新店,2024-04-12,5922
00929,復華台灣科技優息,316,7,309,元富-新店,2024-04-15,5922
3481,群創,308,2,306,元富-新店,2024-04-15,5922
00941,中信上游半導體,215,20,195,元富-新店,2024-04-15,5922
00720B,元大投資級公司債,188,1,187,元富-新店,2024-04-15,5922
00679B,元大美債20年,157,2,155,元富-新店,2024-04-15,5922
2303,聯電,121,22,99,元富-新店,2024-04-15,5922
2867,三商壽,145,51,94,元富-新店,2024-04-15,5922
00680L,元大美債20正2,102,20,82,元富-新店,2024-04-15,5922
2371,大同,381,300,81,元富-新店,2024-04-15,5922
2356,英業達,64,3,61,元富-新店,2024-04-15,5922
2317,鴻海,62,6,56,元富-新店,2024-04-15,5922
2618,長榮航,59,3,56,元富-新店,2024-04-15,5922
1301,台塑,52,0,52,元富-新店,2024-04-15,5922
00753L,中信中國50正2,45,3,42,元富-新店,2024-04-15,5922
2363,矽統,60,18,42,元富-新店,2024-04-15,5922
2888,新光金,57,16,41,元富-新店,2024-04-15,5922
1540,喬福,40,0,40,元富-新店,2024-04-15,5922
00940,元大台灣價值高息,115,80,35,元富-新店,2024-04-15,5922
9934,成霖,35,1,34,元富-新店,2024-04-15,5922
1314,中石化,35,2,33,元富-新店,2024-04-15,5922
00919,群益台灣精選高息,32,1,31,元富-新店,2024-04-15,5922
1608,華榮,71,40,31,元富-新店,2024-04-15,5922
6770,力積電,27,0,27,元富-新店,2024-04-15,5922
3325,旭品,28,2,26,元富-新店,2024-04-15,5922
00923,群益台ESG低碳50,26,0,26,元富-新店,2024-04-15,5922
00751B,元大AAA至A公司債,25,0,25,元富-新店,2024-04-15,5922
0056,元大高股息,58,34,24,元富-新店,2024-04-15,5922
00939,統一台灣高息動能,48,25,23,元富-新店,2024-04-15,5922
3576,聯合再生,23,0,23,元富-新店,2024-04-15,5922
4533,協易機,82,60,22,元富-新店,2024-04-15,5922
00706L,期元大S＆P日圓正2,20,0,20,元富-新店,2024-04-15,5922
2383,台光電,20,1,19,元富-新店,2024-04-15,5922
0050,元大台灣50,20,1,19,元富-新店,2024-04-15,5922
00878,國泰永續高股息,25,7,18,元富-新店,2024-04-15,5922
8358,金居,26,8,18,元富-新店,2024-04-15,5922
2506,太設,18,0,18,元富-新店,2024-04-15,5922
00712,復華富時不動產,29,11,18,元富-新店,2024-04-15,5922
8110,華東,20,2,18,元富-新店,2024-04-15,5922
2330,台積電,19,1,18,元富-新店,2024-04-15,5922
2801,彰銀,16,0,16,元富-新店,2024-04-15,5922
2353,宏��,33,17,16,元富-新店,2024-04-15,5922
6026,福邦證,16,0,16,元富-新店,2024-04-15,5922
2382,廣達,24,8,16,元富-新店,2024-04-15,5922
3703,欣陸,16,0,16,元富-新店,2024-04-15,5922
00927,群益半導體收益,15,0,15,元富-新店,2024-04-15,5922
3168,眾福科,15,1,14,元富-新店,2024-04-15,5922
5515,建國,18,5,13,元富-新店,2024-04-15,5922
3060,銘異,17,4,13,元富-新店,2024-04-15,5922
2609,陽明,28,15,13,元富-新店,2024-04-15,5922
2206,三陽工業,13,0,13,元富-新店,2024-04-15,5922
00940,元大台灣價值高息,1033,80,953,元富-新店,2024-04-16,5922
00929,復華台灣科技優息,274,45,229,元富-新店,2024-04-16,5922
2883,凱基金,222,0,222,元富-新店,2024-04-16,5922
2371,大同,338,122,216,元富-新店,2024-04-16,5922
00919,群益台灣精選高息,241,44,197,元富-新店,2024-04-16,5922
2303,聯電,247,55,192,元富-新店,2024-04-16,5922
00885,富邦越南,151,35,116,元富-新店,2024-04-16,5922
0056,元大高股息,168,54,114,元富-新店,2024-04-16,5922
00753L,中信中國50正2,97,0,97,元富-新店,2024-04-16,5922
00939,統一台灣高息動能,170,76,94,元富-新店,2024-04-16,5922
00632R,元大台灣50反1,212,118,94,元富-新店,2024-04-16,5922
2618,長榮航,97,4,93,元富-新店,2024-04-16,5922
2317,鴻海,114,22,92,元富-新店,2024-04-16,5922
00937B,群益ESG投等債20,136,49,87,元富-新店,2024-04-16,5922
2356,英業達,80,8,72,元富-新店,2024-04-16,5922
00941,中信上游半導體,77,10,67,元富-新店,2024-04-16,5922
2014,中鴻,66,0,66,元富-新店,2024-04-16,5922
3231,緯創,77,16,61,元富-新店,2024-04-16,5922
6770,力積電,52,7,45,元富-新店,2024-04-16,5922
2392,正崴,44,0,44,元富-新店,2024-04-16,5922
2888,新光金,58,16,42,元富-新店,2024-04-16,5922
2367,燿華,53,11,42,元富-新店,2024-04-16,5922
00795B,中信美國公債20年,51,10,41,元富-新店,2024-04-16,5922
8064,東捷,40,0,40,元富-新店,2024-04-16,5922
3481,群創,38,0,38,元富-新店,2024-04-16,5922
00888,永豐台灣ESG,35,0,35,元富-新店,2024-04-16,5922
00933B,國泰10Y+金融債,34,0,34,元富-新店,2024-04-16,5922
00907,永豐優息存股,33,0,33,元富-新店,2024-04-16,5922
1815,富喬,37,4,33,元富-新店,2024-04-16,5922
00687B,國泰20年美債,33,0,33,元富-新店,2024-04-16,5922
6546,正基,32,1,31,元富-新店,2024-04-16,5922
1605,華新,50,22,28,元富-新店,2024-04-16,5922
2603,長榮,29,4,25,元富-新店,2024-04-16,5922
00918,大華優利高填息30,24,0,24,元富-新店,2024-04-16,5922
5371,中光電,75,51,24,元富-新店,2024-04-16,5922
2506,太設,24,0,24,元富-新店,2024-04-16,5922
3013,晟銘電,55,32,23,元富-新店,2024-04-16,5922
1101,台泥,127,104,23,元富-新店,2024-04-16,5922
00680L,元大美債20正2,103,80,23,元富-新店,2024-04-16,5922
1618,合機,120,97,23,元富-新店,2024-04-16,5922
2101,南港,23,1,22,元富-新店,2024-04-16,5922
2352,佳世達,22,1,21,元富-新店,2024-04-16,5922
2617,台航,21,0,21,元富-新店,2024-04-16,5922
1609,大亞,201,180,21,元富-新店,2024-04-16,5922
00927,群益半導體收益,21,0,21,元富-新店,2024-04-16,5922
1301,台塑,20,0,20,元富-新店,2024-04-16,5922
3576,聯合再生,30,10,20,元富-新店,2024-04-16,5922
00887,永豐中國科技50大,20,0,20,元富-新店,2024-04-16,5922
2330,台積電,29,9,20,元富-新店,2024-04-16,5922
00733,富邦臺灣中小,19,0,19,元富-新店,2024-04-16,5922
2883,凱基金,800,8,792,元富-新店,2024-04-17,5922
1101,台泥,272,1,271,元富-新店,2024-04-17,5922
00937B,群益ESG投等債20,139,0,139,元富-新店,2024-04-17,5922
00929,復華台灣科技優息,137,19,118,元富-新店,2024-04-17,5922
1532,勤美,89,1,88,元富-新店,2024-04-17,5922
00680L,元大美債20正2,81,0,81,元富-新店,2024-04-17,5922
0056,元大高股息,85,6,79,元富-新店,2024-04-17,5922
00720B,元大投資級公司債,75,5,70,元富-新店,2024-04-17,5922
00795B,中信美國公債20年,59,0,59,元富-新店,2024-04-17,5922
00679B,元大美債20年,45,0,45,元富-新店,2024-04-17,5922
00712,復華富時不動產,42,0,42,元富-新店,2024-04-17,5922
2889,國票金,41,0,41,元富-新店,2024-04-17,5922
00919,群益台灣精選高息,38,0,38,元富-新店,2024-04-17,5922
6770,力積電,42,5,37,元富-新店,2024-04-17,5922
3231,緯創,46,12,34,元富-新店,2024-04-17,5922
00751B,元大AAA至A公司債,34,2,32,元富-新店,2024-04-17,5922
00918,大華優利高填息30,32,1,31,元富-新店,2024-04-17,5922
6016,康和證,30,0,30,元富-新店,2024-04-17,5922
00687B,國泰20年美債,29,1,28,元富-新店,2024-04-17,5922
00905,FT臺灣Smart,28,0,28,元富-新店,2024-04-17,5922
00857B,永豐20年美公債,26,0,26,元富-新店,2024-04-17,5922
00941,中信上游半導體,25,0,25,元富-新店,2024-04-17,5922
2408,南亞科,24,2,22,元富-新店,2024-04-17,5922
2855,統一證,21,0,21,元富-新店,2024-04-17,5922
2618,長榮航,21,0,21,元富-新店,2024-04-17,5922
2356,英業達,26,5,21,元富-新店,2024-04-17,5922
00888,永豐台灣ESG,20,0,20,元富-新店,2024-04-17,5922
1614,三洋電,20,0,20,元富-新店,2024-04-17,5922
00927,群益半導體收益,20,1,19,元富-新店,2024-04-17,5922
5498,凱崴,28,11,17,元富-新店,2024-04-17,5922
2313,華通,17,0,17,元富-新店,2024-04-17,5922
5009,榮剛,18,2,16,元富-新店,2024-04-17,5922
2301,光寶科,21,5,16,元富-新店,2024-04-17,5922
2637,慧洋-KY,15,0,15,元富-新店,2024-04-17,5922
3264,欣銓,14,0,14,元富-新店,2024-04-17,5922
00878,國泰永續高股息,18,5,13,元富-新店,2024-04-17,5922
3432,台端,13,0,13,元富-新店,2024-04-17,5922
2801,彰銀,13,0,13,元富-新店,2024-04-17,5922
3013,晟銘電,47,34,13,元富-新店,2024-04-17,5922
4915,致伸,13,0,13,元富-新店,2024-04-17,5922
2882,國泰金,13,1,12,元富-新店,2024-04-17,5922
4958,臻鼎-KY,12,0,12,元富-新店,2024-04-17,5922
6213,聯茂,12,0,12,元富-新店,2024-04-17,5922
00673R,期元大S＆P原油反1,11,0,11,元富-新店,2024-04-17,5922
1326,台化,11,0,11,元富-新店,2024-04-17,5922
00724B,群益投資級金融債,11,0,11,元富-新店,2024-04-17,5922
6139,亞翔,18,7,11,元富-新店,2024-04-17,5922
1514,亞力,11,0,11,元富-新店,2024-04-17,5922
5534,長虹,13,2,11,元富-新店,2024-04-17,5922
00772B,中信高評級公司債,11,0,11,元富-新店,2024-04-17,5922
00937B,群益ESG投等債20,136,5,131,元富-新店,2024-04-18,5922
00632R,元大台灣50反1,110,20,90,元富-新店,2024-04-18,5922
2010,春源,93,3,90,元富-新店,2024-04-18,5922
1532,勤美,90,3,87,元富-新店,2024-04-18,5922
00929,復華台灣科技優息,105,21,84,元富-新店,2024-04-18,5922
0056,元大高股息,85,3,82,元富-新店,2024-04-18,5922
00940,元大台灣價值高息,81,4,77,元富-新店,2024-04-18,5922
00753L,中信中國50正2,68,0,68,元富-新店,2024-04-18,5922
1314,中石化,63,6,57,元富-新店,2024-04-18,5922
00687B,國泰20年美債,51,0,51,元富-新店,2024-04-18,5922
1608,華榮,204,158,46,元富-新店,2024-04-18,5922
2427,三商電,49,8,41,元富-新店,2024-04-18,5922
2509,全坤建,50,10,40,元富-新店,2024-04-18,5922
00885,富邦越南,39,0,39,元富-新店,2024-04-18,5922
3707,漢磊,51,15,36,元富-新店,2024-04-18,5922
00919,群益台灣精選高息,35,0,35,元富-新店,2024-04-18,5922
6196,帆宣,61,28,33,元富-新店,2024-04-18,5922
2061,風青,31,0,31,元富-新店,2024-04-18,5922
2485,兆赫,30,0,30,元富-新店,2024-04-18,5922
2371,大同,249,219,30,元富-新店,2024-04-18,5922
00941,中信上游半導體,27,0,27,元富-新店,2024-04-18,5922
2515,中工,41,14,27,元富-新店,2024-04-18,5922
1605,華新,216,191,25,元富-新店,2024-04-18,5922
1815,富喬,24,0,24,元富-新店,2024-04-18,5922
3052,夆典,54,30,24,元富-新店,2024-04-18,5922
1504,東元,132,109,23,元富-新店,2024-04-18,5922
1616,億泰,22,0,22,元富-新店,2024-04-18,5922
1785,光洋科,30,9,21,元富-新店,2024-04-18,5922
5388,中磊,20,0,20,元富-新店,2024-04-18,5922
6116,彩晶,20,0,20,元富-新店,2024-04-18,5922
1626,艾美特-KY,20,0,20,元富-新店,2024-04-18,5922
6546,正基,20,0,20,元富-新店,2024-04-18,5922
2501,國建,30,13,17,元富-新店,2024-04-18,5922
3481,群創,32,17,15,元富-新店,2024-04-18,5922
4588,玖鼎電力,16,1,15,元富-新店,2024-04-18,5922
2329,華泰,36,21,15,元富-新店,2024-04-18,5922
3060,銘異,15,0,15,元富-新店,2024-04-18,5922
6026,福邦證,35,21,14,元富-新店,2024-04-18,5922
6128,上福,14,0,14,元富-新店,2024-04-18,5922
2891,中信金,14,1,13,元富-新店,2024-04-18,5922
8234,新漢,13,0,13,元富-新店,2024-04-18,5922
9105,泰金寶-DR,13,0,13,元富-新店,2024-04-18,5922
1611,中電,16,3,13,元富-新店,2024-04-18,5922
3312,弘憶股,22,9,13,元富-新店,2024-04-18,5922
1514,亞力,14,2,12,元富-新店,2024-04-18,5922
2409,友達,14,2,12,元富-新店,2024-04-18,5922
3176,基亞,12,0,12,元富-新店,2024-04-18,5922
00751B,元大AAA至A公司債,11,0,11,元富-新店,2024-04-18,5922
00933B,國泰10Y+金融債,11,0,11,元富-新店,2024-04-18,5922
00882,中信中國高股息,11,0,11,元富-新店,2024-04-18,5922
00940,元大台灣價值高息,687,69,618,元富-新店,2024-04-19,5922
2371,大同,1186,846,340,元富-新店,2024-04-19,5922
2303,聯電,306,16,290,元富-新店,2024-04-19,5922
00929,復華台灣科技優息,339,50,289,元富-新店,2024-04-19,5922
2882,國泰金,217,0,217,元富-新店,2024-04-19,5922
00939,統一台灣高息動能,201,31,170,元富-新店,2024-04-19,5922
0056,元大高股息,162,14,148,元富-新店,2024-04-19,5922
00919,群益台灣精選高息,182,35,147,元富-新店,2024-04-19,5922
2330,台積電,112,13,99,元富-新店,2024-04-19,5922
00632R,元大台灣50反1,310,214,96,元富-新店,2024-04-19,5922
2883,凱基金,99,17,82,元富-新店,2024-04-19,5922
00878,國泰永續高股息,78,7,71,元富-新店,2024-04-19,5922
00888,永豐台灣ESG,65,0,65,元富-新店,2024-04-19,5922
2618,長榮航,65,2,63,元富-新店,2024-04-19,5922
2610,華航,53,2,51,元富-新店,2024-04-19,5922
00648R,元大S＆P500反1,50,0,50,元富-新店,2024-04-19,5922
2838,聯邦銀,50,0,50,元富-新店,2024-04-19,5922
00885,富邦越南,49,0,49,元富-新店,2024-04-19,5922
2356,英業達,69,20,49,元富-新店,2024-04-19,5922
00753L,中信中國50正2,49,0,49,元富-新店,2024-04-19,5922
2317,鴻海,77,29,48,元富-新店,2024-04-19,5922
1603,華電,100,53,47,元富-新店,2024-04-19,5922
3481,群創,42,0,42,元富-新店,2024-04-19,5922
8064,東捷,41,0,41,元富-新店,2024-04-19,5922
1101,台泥,41,0,41,元富-新店,2024-04-19,5922
2547,日勝生,80,40,40,元富-新店,2024-04-19,5922
3576,聯合再生,43,5,38,元富-新店,2024-04-19,5922
5521,工信,57,19,38,元富-新店,2024-04-19,5922
00941,中信上游半導體,41,5,36,元富-新店,2024-04-19,5922
2515,中工,181,148,33,元富-新店,2024-04-19,5922
5880,合庫金,33,1,32,元富-新店,2024-04-19,5922
8936,國統,70,38,32,元富-新店,2024-04-19,5922
1609,大亞,282,250,32,元富-新店,2024-04-19,5922
3013,晟銘電,80,49,31,元富-新店,2024-04-19,5922
2352,佳世達,30,1,29,元富-新店,2024-04-19,5922
1815,富喬,34,5,29,元富-新店,2024-04-19,5922
00712,復華富時不動產,27,0,27,元富-新店,2024-04-19,5922
3703,欣陸,44,17,27,元富-新店,2024-04-19,5922
3339,泰谷,31,5,26,元富-新店,2024-04-19,5922
3380,明泰,27,2,25,元富-新店,2024-04-19,5922
00923,群益台ESG低碳50,25,0,25,元富-新店,2024-04-19,5922
0050,元大台灣50,28,4,24,元富-新店,2024-04-19,5922
6128,上福,24,1,23,元富-新店,2024-04-19,5922
00637L,元大滬深300正2,33,11,22,元富-新店,2024-04-19,5922
6526,達發,20,0,20,元富-新店,2024-04-19,5922
00918,大華優利高填息30,19,0,19,元富-新店,2024-04-19,5922
1582,信錦,18,0,18,元富-新店,2024-04-19,5922
2630,亞航,63,45,18,元富-新店,2024-04-19,5922
6806,森崴能源,23,5,18,元富-新店,2024-04-19,5922
3622,洋華,17,0,17,元富-新店,2024-04-19,5922
00940,元大台灣價值高息,447,155,292,元富-新店,2024-04-22,5922
00929,復華台灣科技優息,220,6,214,元富-新店,2024-04-22,5922
2371,大同,786,614,172,元富-新店,2024-04-22,5922
1532,勤美,157,0,157,元富-新店,2024-04-22,5922
2618,長榮航,243,116,127,元富-新店,2024-04-22,5922
00919,群益台灣精選高息,102,8,94,元富-新店,2024-04-22,5922
1609,大亞,202,116,86,元富-新店,2024-04-22,5922
00937B,群益ESG投等債20,83,0,83,元富-新店,2024-04-22,5922
3703,欣陸,78,17,61,元富-新店,2024-04-22,5922
00941,中信上游半導體,116,56,60,元富-新店,2024-04-22,5922
00939,統一台灣高息動能,68,10,58,元富-新店,2024-04-22,5922
5498,凱崴,48,0,48,元富-新店,2024-04-22,5922
2010,春源,45,0,45,元富-新店,2024-04-22,5922
5512,力麒,65,22,43,元富-新店,2024-04-22,5922
1608,華榮,161,121,40,元富-新店,2024-04-22,5922
2367,燿華,45,9,36,元富-新店,2024-04-22,5922
3576,聯合再生,75,39,36,元富-新店,2024-04-22,5922
00632R,元大台灣50反1,40,5,35,元富-新店,2024-04-22,5922
5230,雷笛克光學,71,41,30,元富-新店,2024-04-22,5922
2838,聯邦銀,30,0,30,元富-新店,2024-04-22,5922
2329,華泰,38,12,26,元富-新店,2024-04-22,5922
0056,元大高股息,27,2,25,元富-新店,2024-04-22,5922
6016,康和證,25,1,24,元富-新店,2024-04-22,5922
4157,太景*-KY,23,0,23,元富-新店,2024-04-22,5922
6120,達運,33,10,23,元富-新店,2024-04-22,5922
00687B,國泰20年美債,25,3,22,元富-新店,2024-04-22,5922
6248,沛波,20,0,20,元富-新店,2024-04-22,5922
00878,國泰永續高股息,31,11,20,元富-新店,2024-04-22,5922
2303,聯電,39,22,17,元富-新店,2024-04-22,5922
3339,泰谷,18,1,17,元富-新店,2024-04-22,5922
1513,中興電,49,32,17,元富-新店,2024-04-22,5922
2520,冠德,49,33,16,元富-新店,2024-04-22,5922
5426,振發,15,0,15,元富-新店,2024-04-22,5922
9933,中鼎,19,4,15,元富-新店,2024-04-22,5922
00891,中信關鍵半導體,17,2,15,元富-新店,2024-04-22,5922
2353,宏��,16,2,14,元富-新店,2024-04-22,5922
2330,台積電,27,14,13,元富-新店,2024-04-22,5922
00893,國泰智能電動車,13,0,13,元富-新店,2024-04-22,5922
00720B,元大投資級公司債,21,8,13,元富-新店,2024-04-22,5922
2317,鴻海,19,6,13,元富-新店,2024-04-22,5922
2516,新建,12,0,12,元富-新店,2024-04-22,5922
1325,恆大,12,0,12,元富-新店,2024-04-22,5922
2323,中環,17,5,12,元富-新店,2024-04-22,5922
2356,英業達,22,10,12,元富-新店,2024-04-22,5922
00679B,元大美債20年,12,1,11,元富-新店,2024-04-22,5922
5531,鄉林,11,0,11,元富-新店,2024-04-22,5922
2465,麗臺,13,2,11,元富-新店,2024-04-22,5922
1612,宏泰,15,5,10,元富-新店,2024-04-22,5922
2885,元大金,10,0,10,元富-新店,2024-04-22,5922
2421,建準,10,0,10,元富-新店,2024-04-22,5922
00940,元大台灣價值高息,119,14,105,元富-新店,2024-04-23,5922
00885,富邦越南,60,2,58,元富-新店,2024-04-23,5922
2371,大同,219,165,54,元富-新店,2024-04-23,5922
00929,復華台灣科技優息,56,5,51,元富-新店,2024-04-23,5922
1104,環泥,50,0,50,元富-新店,2024-04-23,5922
00939,統一台灣高息動能,46,0,46,元富-新店,2024-04-23,5922
2354,鴻準,49,5,44,元富-新店,2024-04-23,5922
1532,勤美,49,10,39,元富-新店,2024-04-23,5922
00919,群益台灣精選高息,45,7,38,元富-新店,2024-04-23,5922
00632R,元大台灣50反1,60,25,35,元富-新店,2024-04-23,5922
1608,華榮,88,56,32,元富-新店,2024-04-23,5922
4726,永昕,32,1,31,元富-新店,2024-04-23,5922
1808,潤隆,34,4,30,元富-新店,2024-04-23,5922
1617,榮星,29,1,28,元富-新店,2024-04-23,5922
2303,聯電,31,3,28,元富-新店,2024-04-23,5922
2506,太設,28,0,28,元富-新店,2024-04-23,5922
2367,燿華,28,1,27,元富-新店,2024-04-23,5922
3715,定穎投控,34,8,26,元富-新店,2024-04-23,5922
3041,揚智,22,0,22,元富-新店,2024-04-23,5922
9939,宏全,30,8,22,元富-新店,2024-04-23,5922
00918,大華優利高填息30,21,0,21,元富-新店,2024-04-23,5922
6873,泓德能源,21,0,21,元富-新店,2024-04-23,5922
5251,天鉞電,20,0,20,元富-新店,2024-04-23,5922
4916,事欣科,20,0,20,元富-新店,2024-04-23,5922
2542,興富發,24,5,19,元富-新店,2024-04-23,5922
1612,宏泰,22,3,19,元富-新店,2024-04-23,5922
2547,日勝生,16,0,16,元富-新店,2024-04-23,5922
2449,京元電子,16,1,15,元富-新店,2024-04-23,5922
00941,中信上游半導體,15,0,15,元富-新店,2024-04-23,5922
2317,鴻海,22,7,15,元富-新店,2024-04-23,5922
1905,華紙,17,2,15,元富-新店,2024-04-23,5922
8171,天宇,15,0,15,元富-新店,2024-04-23,5922
1312,國喬,14,0,14,元富-新店,2024-04-23,5922
00679B,元大美債20年,13,0,13,元富-新店,2024-04-23,5922
6120,達運,24,12,12,元富-新店,2024-04-23,5922
2010,春源,23,11,12,元富-新店,2024-04-23,5922
1605,華新,14,2,12,元富-新店,2024-04-23,5922
2369,菱生,12,0,12,元富-新店,2024-04-23,5922
2356,英業達,14,3,11,元富-新店,2024-04-23,5922
2465,麗臺,18,7,11,元富-新店,2024-04-23,5922
0056,元大高股息,16,5,11,元富-新店,2024-04-23,5922
00687B,國泰20年美債,12,1,11,元富-新店,2024-04-23,5922
1708,東鹼,10,0,10,元富-新店,2024-04-23,5922
2504,國產,15,5,10,元富-新店,2024-04-23,5922
4956,光鋐,10,0,10,元富-新店,2024-04-23,5922
9955,佳龍,15,5,10,元富-新店,2024-04-23,5922
2524,京城,17,7,10,元富-新店,2024-04-23,5922
1582,信錦,10,0,10,元富-新店,2024-04-23,5922
5498,凱崴,10,0,10,元富-新店,2024-04-23,5922
5371,中光電,11,2,9,元富-新店,2024-04-23,5922
1532,勤美,165,20,145,元富-新店,2024-04-24,5922
5498,凱崴,127,0,127,元富-新店,2024-04-24,5922
00937B,群益ESG投等債20,71,0,71,元富-新店,2024-04-24,5922
2816,旺旺保,61,0,61,元富-新店,2024-04-24,5922
2886,兆豐金,51,3,48,元富-新店,2024-04-24,5922
2888,新光金,100,52,48,元富-新店,2024-04-24,5922
3706,神達,40,4,36,元富-新店,2024-04-24,5922
00941,中信上游半導體,33,0,33,元富-新店,2024-04-24,5922
6546,正基,58,27,31,元富-新店,2024-04-24,5922
1605,華新,46,15,31,元富-新店,2024-04-24,5922
2630,亞航,31,2,29,元富-新店,2024-04-24,5922
3466,德晉,29,0,29,元富-新店,2024-04-24,5922
2543,皇昌,34,5,29,元富-新店,2024-04-24,5922
1608,華榮,137,109,28,元富-新店,2024-04-24,5922
5531,鄉林,33,6,27,元富-新店,2024-04-24,5922
1301,台塑,27,1,26,元富-新店,2024-04-24,5922
4306,炎洲,25,0,25,元富-新店,2024-04-24,5922
2637,慧洋-KY,33,9,24,元富-新店,2024-04-24,5922
00680L,元大美債20正2,21,0,21,元富-新店,2024-04-24,5922
6125,廣運,53,34,19,元富-新店,2024-04-24,5922
6668,中揚光,20,2,18,元富-新店,2024-04-24,5922
2332,友訊,15,0,15,元富-新店,2024-04-24,5922
00679B,元大美債20年,15,1,14,元富-新店,2024-04-24,5922
6026,福邦證,22,8,14,元富-新店,2024-04-24,5922
3481,群創,19,5,14,元富-新店,2024-04-24,5922
2409,友達,12,0,12,元富-新店,2024-04-24,5922
00720B,元大投資級公司債,12,0,12,元富-新店,2024-04-24,5922
00885,富邦越南,12,0,12,元富-新店,2024-04-24,5922
2891,中信金,11,0,11,元富-新店,2024-04-24,5922
5511,德昌,15,4,11,元富-新店,2024-04-24,5922
2506,太設,11,0,11,元富-新店,2024-04-24,5922
2504,國產,12,2,10,元富-新店,2024-04-24,5922
3031,佰鴻,10,0,10,元富-新店,2024-04-24,5922
3313,斐成,10,0,10,元富-新店,2024-04-24,5922
6821,聯寶,14,4,10,元富-新店,2024-04-24,5922
1444,力麗,10,0,10,元富-新店,2024-04-24,5922
8440,綠電,10,0,10,元富-新店,2024-04-24,5922
2368,金像電,13,4,9,元富-新店,2024-04-24,5922
4909,新復興,17,8,9,元富-新店,2024-04-24,5922
2897,王道銀行,9,0,9,元富-新店,2024-04-24,5922
00857B,永豐20年美公債,10,1,9,元富-新店,2024-04-24,5922
00751B,元大AAA至A公司債,9,0,9,元富-新店,2024-04-24,5922
5340,建榮,10,1,9,元富-新店,2024-04-24,5922
2501,國建,39,31,8,元富-新店,2024-04-24,5922
1725,元禎,14,6,8,元富-新店,2024-04-24,5922
9105,泰金寶-DR,8,0,8,元富-新店,2024-04-24,5922
00637L,元大滬深300正2,8,0,8,元富-新店,2024-04-24,5922
2605,新興,8,0,8,元富-新店,2024-04-24,5922
2509,全坤建,8,0,8,元富-新店,2024-04-24,5922
2404,漢唐,9,1,8,元富-新店,2024-04-24,5922
2618,長榮航,773,439,334,元富-新店,2024-04-25,5922
2515,中工,158,29,129,元富-新店,2024-04-25,5922
2890,永豐金,100,0,100,元富-新店,2024-04-25,5922
00940,元大台灣價值高息,80,2,78,元富-新店,2024-04-25,5922
6770,力積電,63,10,53,元富-新店,2024-04-25,5922
00929,復華台灣科技優息,61,11,50,元富-新店,2024-04-25,5922
2409,友達,48,1,47,元富-新店,2024-04-25,5922
2887,台新金,41,0,41,元富-新店,2024-04-25,5922
00878,國泰永續高股息,42,1,41,元富-新店,2024-04-25,5922
2014,中鴻,40,0,40,元富-新店,2024-04-25,5922
1608,華榮,44,6,38,元富-新店,2024-04-25,5922
2834,臺企銀,44,7,37,元富-新店,2024-04-25,5922
6546,正基,38,1,37,元富-新店,2024-04-25,5922
2883,凱基金,35,0,35,元富-新店,2024-04-25,5922
0056,元大高股息,41,8,33,元富-新店,2024-04-25,5922
2886,兆豐金,32,0,32,元富-新店,2024-04-25,5922
3466,德晉,29,0,29,元富-新店,2024-04-25,5922
2241,艾姆勒,50,21,29,元富-新店,2024-04-25,5922
00751B,元大AAA至A公司債,28,0,28,元富-新店,2024-04-25,5922
2356,英業達,37,11,26,元富-新店,2024-04-25,5922
00919,群益台灣精選高息,26,1,25,元富-新店,2024-04-25,5922
00887,永豐中國科技50大,25,0,25,元富-新店,2024-04-25,5922
3013,晟銘電,36,14,22,元富-新店,2024-04-25,5922
00941,中信上游半導體,22,0,22,元富-新店,2024-04-25,5922
00679B,元大美債20年,21,0,21,元富-新店,2024-04-25,5922
3576,聯合再生,20,0,20,元富-新店,2024-04-25,5922
4726,永昕,20,0,20,元富-新店,2024-04-25,5922
1617,榮星,21,5,16,元富-新店,2024-04-25,5922
2611,志信,18,2,16,元富-新店,2024-04-25,5922
00891,中信關鍵半導體,17,2,15,元富-新店,2024-04-25,5922
2010,春源,15,0,15,元富-新店,2024-04-25,5922
3481,群創,18,3,15,元富-新店,2024-04-25,5922
1444,力麗,12,0,12,元富-新店,2024-04-25,5922
5498,凱崴,12,0,12,元富-新店,2024-04-25,5922
2345,智邦,11,0,11,元富-新店,2024-04-25,5922
1303,南亞,11,0,11,元富-新店,2024-04-25,5922
00706L,期元大S＆P日圓正2,11,0,11,元富-新店,2024-04-25,5922
1582,信錦,11,0,11,元富-新店,2024-04-25,5922
5225,東科-KY,11,0,11,元富-新店,2024-04-25,5922
2317,鴻海,24,14,10,元富-新店,2024-04-25,5922
3715,定穎投控,13,3,10,元富-新店,2024-04-25,5922
2506,太設,17,7,10,元富-新店,2024-04-25,5922
2706,第一店,10,0,10,元富-新店,2024-04-25,5922
5905,南仁湖,10,0,10,元富-新店,2024-04-25,5922
1314,中石化,10,0,10,元富-新店,2024-04-25,5922
3312,弘憶股,38,29,9,元富-新店,2024-04-25,5922
00893,國泰智能電動車,9,0,9,元富-新店,2024-04-25,5922
3033,威健,11,2,9,元富-新店,2024-04-25,5922
6668,中揚光,10,1,9,元富-新店,2024-04-25,5922
8996,高力,47,38,9,元富-新店,2024-04-25,5922
00680L,元大美債20正2,271,0,271,元富-新店,2024-04-26,5922
00882,中信中國高股息,236,3,233,元富-新店,2024-04-26,5922
2371,大同,224,97,127,元富-新店,2024-04-26,5922
5519,隆大,115,0,115,元富-新店,2024-04-26,5922
2890,永豐金,101,0,101,元富-新店,2024-04-26,5922
2882,國泰金,100,1,99,元富-新店,2024-04-26,5922
2010,春源,83,1,82,元富-新店,2024-04-26,5922
00937B,群益ESG投等債20,102,35,67,元富-新店,2024-04-26,5922
2886,兆豐金,61,0,61,元富-新店,2024-04-26,5922
00885,富邦越南,44,2,42,元富-新店,2024-04-26,5922
6128,上福,38,2,36,元富-新店,2024-04-26,5922
00751B,元大AAA至A公司債,33,0,33,元富-新店,2024-04-26,5922
6213,聯茂,33,1,32,元富-新店,2024-04-26,5922
3483,力致,32,1,31,元富-新店,2024-04-26,5922
4979,華星光,40,10,30,元富-新店,2024-04-26,5922
1402,遠東新,39,9,30,元富-新店,2024-04-26,5922
2617,台航,28,0,28,元富-新店,2024-04-26,5922
00679B,元大美債20年,31,3,28,元富-新店,2024-04-26,5922
1532,勤美,75,47,28,元富-新店,2024-04-26,5922
5521,工信,32,5,27,元富-新店,2024-04-26,5922
2374,佳能,45,20,25,元富-新店,2024-04-26,5922
00687B,國泰20年美債,30,7,23,元富-新店,2024-04-26,5922
00940,元大台灣價值高息,29,7,22,元富-新店,2024-04-26,5922
6217,中探針,23,1,22,元富-新店,2024-04-26,5922
2388,威盛,28,6,22,元富-新店,2024-04-26,5922
3706,神達,26,5,21,元富-新店,2024-04-26,5922
2316,楠梓電,24,3,21,元富-新店,2024-04-26,5922
2344,華邦電,21,0,21,元富-新店,2024-04-26,5922
1101,台泥,21,0,21,元富-新店,2024-04-26,5922
5531,鄉林,28,7,21,元富-新店,2024-04-26,5922
6120,達運,25,5,20,元富-新店,2024-04-26,5922
2838,聯邦銀,20,0,20,元富-新店,2024-04-26,5922
5426,振發,20,0,20,元富-新店,2024-04-26,5922
1609,大亞,44,24,20,元富-新店,2024-04-26,5922
2303,聯電,26,7,19,元富-新店,2024-04-26,5922
00941,中信上游半導體,28,11,17,元富-新店,2024-04-26,5922
2511,太子,26,9,17,元富-新店,2024-04-26,5922
4157,太景*-KY,16,0,16,元富-新店,2024-04-26,5922
00933B,國泰10Y+金融債,15,0,15,元富-新店,2024-04-26,5922
2337,旺宏,15,0,15,元富-新店,2024-04-26,5922
2504,國產,18,3,15,元富-新店,2024-04-26,5922
00942B,台新美A公司債20+,15,0,15,元富-新店,2024-04-26,5922
8105,凌巨,20,5,15,元富-新店,2024-04-26,5922
2722,夏都,15,0,15,元富-新店,2024-04-26,5922
2465,麗臺,15,0,15,元富-新店,2024-04-26,5922
6821,聯寶,19,5,14,元富-新店,2024-04-26,5922
2359,所羅門,99,86,13,元富-新店,2024-04-26,5922
3013,晟銘電,28,15,13,元富-新店,2024-04-26,5922
4160,訊聯基因,13,0,13,元富-新店,2024-04-26,5922
3715,定穎投控,21,8,13,元富-新店,2024-04-26,5922
2882,國泰金,110,6,104,元富-新店,2024-04-29,5922
00665L,富邦�琤肭磪囓�2,91,1,90,元富-新店,2024-04-29,5922
3481,群創,89,6,83,元富-新店,2024-04-29,5922
2618,長榮航,176,99,77,元富-新店,2024-04-29,5922
2363,矽統,135,62,73,元富-新店,2024-04-29,5922
00679B,元大美債20年,78,13,65,元富-新店,2024-04-29,5922
2515,中工,99,41,58,元富-新店,2024-04-29,5922
3312,弘憶股,53,13,40,元富-新店,2024-04-29,5922
2816,旺旺保,39,0,39,元富-新店,2024-04-29,5922
2323,中環,40,3,37,元富-新店,2024-04-29,5922
3052,夆典,35,1,34,元富-新店,2024-04-29,5922
2609,陽明,128,101,27,元富-新店,2024-04-29,5922
6139,亞翔,28,5,23,元富-新店,2024-04-29,5922
2371,大同,139,117,22,元富-新店,2024-04-29,5922
6821,聯寶,22,0,22,元富-新店,2024-04-29,5922
4967,十銓,19,0,19,元富-新店,2024-04-29,5922
2303,聯電,34,15,19,元富-新店,2024-04-29,5922
1402,遠東新,20,1,19,元富-新店,2024-04-29,5922
2206,三陽工業,25,10,15,元富-新店,2024-04-29,5922
2617,台航,20,5,15,元富-新店,2024-04-29,5922
2610,華航,63,48,15,元富-新店,2024-04-29,5922
2883,凱基金,26,12,14,元富-新店,2024-04-29,5922
3231,緯創,23,10,13,元富-新店,2024-04-29,5922
2520,冠德,24,12,12,元富-新店,2024-04-29,5922
4157,太景*-KY,11,0,11,元富-新店,2024-04-29,5922
4938,和碩,11,0,11,元富-新店,2024-04-29,5922
2528,皇普,14,4,10,元富-新店,2024-04-29,5922
00918,大華優利高填息30,30,20,10,元富-新店,2024-04-29,5922
2495,普安,10,0,10,元富-新店,2024-04-29,5922
2375,凱美,10,0,10,元富-新店,2024-04-29,5922
1312,國喬,20,10,10,元富-新店,2024-04-29,5922
3491,昇達科,10,0,10,元富-新店,2024-04-29,5922
5531,鄉林,15,5,10,元富-新店,2024-04-29,5922
4107,邦特,10,0,10,元富-新店,2024-04-29,5922
00680L,元大美債20正2,10,0,10,元富-新店,2024-04-29,5922
5533,皇鼎,10,0,10,元富-新店,2024-04-29,5922
8171,天宇,10,0,10,元富-新店,2024-04-29,5922
2505,國揚,14,5,9,元富-新店,2024-04-29,5922
1612,宏泰,10,1,9,元富-新店,2024-04-29,5922
00941,中信上游半導體,9,0,9,元富-新店,2024-04-29,5922
1617,榮星,10,1,9,元富-新店,2024-04-29,5922
2855,統一證,16,8,8,元富-新店,2024-04-29,5922
1720,生達,8,0,8,元富-新店,2024-04-29,5922
4160,訊聯基因,8,0,8,元富-新店,2024-04-29,5922
6189,豐藝,12,4,8,元富-新店,2024-04-29,5922
8069,元太,7,0,7,元富-新店,2024-04-29,5922
1513,中興電,11,4,7,元富-新店,2024-04-29,5922
3622,洋華,8,1,7,元富-新店,2024-04-29,5922
2887,台新金,7,0,7,元富-新店,2024-04-29,5922
3234,光環,10,3,7,元富-新店,2024-04-29,5922
2834,臺企銀,201,4,197,元富-新店,2024-04-30,5922
2501,國建,122,53,69,元富-新店,2024-04-30,5922
3013,晟銘電,88,24,64,元富-新店,2024-04-30,5922
00933B,國泰10Y+金融債,63,0,63,元富-新店,2024-04-30,5922
00665L,富邦�琤肭磪囓�2,60,0,60,元富-新店,2024-04-30,5922
2880,華南金,67,9,58,元富-新店,2024-04-30,5922
2891,中信金,78,21,57,元富-新店,2024-04-30,5922
2867,三商壽,52,2,50,元富-新店,2024-04-30,5922
00937B,群益ESG投等債20,48,0,48,元富-新店,2024-04-30,5922
2002,中鋼,46,5,41,元富-新店,2024-04-30,5922
2363,矽統,107,69,38,元富-新店,2024-04-30,5922
2356,英業達,36,0,36,元富-新店,2024-04-30,5922
1301,台塑,30,0,30,元富-新店,2024-04-30,5922
00919,群益台灣精選高息,27,0,27,元富-新店,2024-04-30,5922
00650L,復華香港正2,32,5,27,元富-新店,2024-04-30,5922
1444,力麗,25,0,25,元富-新店,2024-04-30,5922
1608,華榮,38,13,25,元富-新店,2024-04-30,5922
2542,興富發,40,16,24,元富-新店,2024-04-30,5922
3715,定穎投控,36,14,22,元富-新店,2024-04-30,5922
8054,安國,49,29,20,元富-新店,2024-04-30,5922
2705,六福,25,6,19,元富-新店,2024-04-30,5922
00940,元大台灣價值高息,20,4,16,元富-新店,2024-04-30,5922
6821,聯寶,16,0,16,元富-新店,2024-04-30,5922
2816,旺旺保,31,16,15,元富-新店,2024-04-30,5922
2637,慧洋-KY,13,0,13,元富-新店,2024-04-30,5922
5519,隆大,20,7,13,元富-新店,2024-04-30,5922
4160,訊聯基因,13,0,13,元富-新店,2024-04-30,5922
6126,信音,16,4,12,元富-新店,2024-04-30,5922
2505,國揚,12,0,12,元富-新店,2024-04-30,5922
5347,世界,12,0,12,元富-新店,2024-04-30,5922
8088,品安,14,2,12,元富-新店,2024-04-30,5922
2449,京元電子,40,29,11,元富-新店,2024-04-30,5922
2610,華航,33,22,11,元富-新店,2024-04-30,5922
3294,英濟,11,0,11,元富-新店,2024-04-30,5922
1314,中石化,73,62,11,元富-新店,2024-04-30,5922
00941,中信上游半導體,21,10,11,元富-新店,2024-04-30,5922
00878,國泰永續高股息,15,4,11,元富-新店,2024-04-30,5922
2399,映泰,10,0,10,元富-新店,2024-04-30,5922
2645,長榮航太,10,0,10,元富-新店,2024-04-30,5922
5302,太欣,10,0,10,元富-新店,2024-04-30,5922
6770,力積電,18,8,10,元富-新店,2024-04-30,5922
6217,中探針,10,0,10,元富-新店,2024-04-30,5922
0050,元大台灣50,13,4,9,元富-新店,2024-04-30,5922
1605,華新,14,5,9,元富-新店,2024-04-30,5922
2408,南亞科,10,1,9,元富-新店,2024-04-30,5922
2353,宏��,10,1,9,元富-新店,2024-04-30,5922
6128,上福,11,2,9,元富-新店,2024-04-30,5922
2371,大同,120,112,8,元富-新店,2024-04-30,5922
3622,洋華,13,5,8,元富-新店,2024-04-30,5922
2611,志信,20,12,8,元富-新店,2024-04-30,5922
2371,大同,405,235,170,元富-新店,2024-05-02,5922
00942B,台新美A公司債20+,120,6,114,元富-新店,2024-05-02,5922
00882,中信中國高股息,114,1,113,元富-新店,2024-05-02,5922
00937B,群益ESG投等債20,92,0,92,元富-新店,2024-05-02,5922
2618,長榮航,203,114,89,元富-新店,2024-05-02,5922
00878,國泰永續高股息,56,1,55,元富-新店,2024-05-02,5922
1314,中石化,102,57,45,元富-新店,2024-05-02,5922
00936,台新永續高息中小,39,3,36,元富-新店,2024-05-02,5922
00929,復華台灣科技優息,38,3,35,元富-新店,2024-05-02,5922
6821,聯寶,155,122,33,元富-新店,2024-05-02,5922
1609,大亞,53,23,30,元富-新店,2024-05-02,5922
00888,永豐台灣ESG,30,0,30,元富-新店,2024-05-02,5922
2913,農林,40,11,29,元富-新店,2024-05-02,5922
2705,六福,31,3,28,元富-新店,2024-05-02,5922
3481,群創,47,20,27,元富-新店,2024-05-02,5922
1608,華榮,62,36,26,元富-新店,2024-05-02,5922
2401,凌陽,24,0,24,元富-新店,2024-05-02,5922
2897,王道銀行,21,0,21,元富-新店,2024-05-02,5922
3576,聯合再生,20,0,20,元富-新店,2024-05-02,5922
3466,德晉,25,5,20,元富-新店,2024-05-02,5922
2009,第一銅,25,5,20,元富-新店,2024-05-02,5922
2369,菱生,20,0,20,元富-新店,2024-05-02,5922
1618,合機,23,5,18,元富-新店,2024-05-02,5922
5009,榮剛,34,17,17,元富-新店,2024-05-02,5922
1808,潤隆,22,5,17,元富-新店,2024-05-02,5922
2337,旺宏,17,0,17,元富-新店,2024-05-02,5922
2409,友達,30,14,16,元富-新店,2024-05-02,5922
2867,三商壽,15,0,15,元富-新店,2024-05-02,5922
00932,兆豐永續高息等權,15,0,15,元富-新店,2024-05-02,5922
00893,國泰智能電動車,15,0,15,元富-新店,2024-05-02,5922
2101,南港,16,2,14,元富-新店,2024-05-02,5922
2330,台積電,15,1,14,元富-新店,2024-05-02,5922
2201,裕隆,20,7,13,元富-新店,2024-05-02,5922
00919,群益台灣精選高息,23,10,13,元富-新店,2024-05-02,5922
00877,復華中國5G,13,0,13,元富-新店,2024-05-02,5922
2836,高雄銀,13,0,13,元富-新店,2024-05-02,5922
8996,高力,20,8,12,元富-新店,2024-05-02,5922
2359,所羅門,12,0,12,元富-新店,2024-05-02,5922
2352,佳世達,13,1,12,元富-新店,2024-05-02,5922
2515,中工,26,14,12,元富-新店,2024-05-02,5922
3312,弘憶股,34,22,12,元富-新店,2024-05-02,5922
3376,新日興,13,1,12,元富-新店,2024-05-02,5922
3715,定穎投控,22,11,11,元富-新店,2024-05-02,5922
00680L,元大美債20正2,11,0,11,元富-新店,2024-05-02,5922
3030,德律,18,7,11,元富-新店,2024-05-02,5922
5512,力麒,16,6,10,元富-新店,2024-05-02,5922
00746B,富邦A級公司債,10,0,10,元富-新店,2024-05-02,5922
2367,燿華,16,6,10,元富-新店,2024-05-02,5922
00634R,富邦上証反1,10,0,10,元富-新店,2024-05-02,5922
1904,正隆,10,0,10,元富-新店,2024-05-02,5922
00940,元大台灣價值高息,194,71,123,元富-新店,2024-05-03,5922
3038,全台,111,0,111,元富-新店,2024-05-03,5922
00937B,群益ESG投等債20,105,0,105,元富-新店,2024-05-03,5922
2890,永豐金,105,6,99,元富-新店,2024-05-03,5922
5519,隆大,103,14,89,元富-新店,2024-05-03,5922
1316,上曜,99,19,80,元富-新店,2024-05-03,5922
2498,宏達電,55,0,55,元富-新店,2024-05-03,5922
00751B,元大AAA至A公司債,50,0,50,元富-新店,2024-05-03,5922
4714,永捷,77,30,47,元富-新店,2024-05-03,5922
00882,中信中國高股息,69,24,45,元富-新店,2024-05-03,5922
00687B,國泰20年美債,41,0,41,元富-新店,2024-05-03,5922
2374,佳能,44,3,41,元富-新店,2024-05-03,5922
2542,興富發,110,73,37,元富-新店,2024-05-03,5922
3576,聯合再生,31,0,31,元富-新店,2024-05-03,5922
3231,緯創,37,7,30,元富-新店,2024-05-03,5922
3313,斐成,30,0,30,元富-新店,2024-05-03,5922
3706,神達,29,1,28,元富-新店,2024-05-03,5922
00679B,元大美債20年,27,2,25,元富-新店,2024-05-03,5922
00933B,國泰10Y+金融債,22,0,22,元富-新店,2024-05-03,5922
2880,華南金,22,0,22,元富-新店,2024-05-03,5922
1453,大將,52,30,22,元富-新店,2024-05-03,5922
2369,菱生,21,0,21,元富-新店,2024-05-03,5922
00929,復華台灣科技優息,93,72,21,元富-新店,2024-05-03,5922
2812,台中銀,122,101,21,元富-新店,2024-05-03,5922
6165,浪凡,20,0,20,元富-新店,2024-05-03,5922
3206,志豐,20,0,20,元富-新店,2024-05-03,5922
6414,樺漢,21,1,20,元富-新店,2024-05-03,5922
2609,陽明,26,7,19,元富-新店,2024-05-03,5922
2316,楠梓電,23,4,19,元富-新店,2024-05-03,5922
1522,堤維西,18,0,18,元富-新店,2024-05-03,5922
2449,京元電子,24,8,16,元富-新店,2024-05-03,5922
6120,達運,16,0,16,元富-新店,2024-05-03,5922
2409,友達,18,2,16,元富-新店,2024-05-03,5922
4960,誠美材,15,0,15,元富-新店,2024-05-03,5922
5457,宣德,15,0,15,元富-新店,2024-05-03,5922
3294,英濟,17,3,14,元富-新店,2024-05-03,5922
1535,中宇,13,0,13,元富-新店,2024-05-03,5922
6442,光聖,21,8,13,元富-新店,2024-05-03,5922
2834,臺企銀,23,11,12,元富-新店,2024-05-03,5922
4164,承業醫,12,0,12,元富-新店,2024-05-03,5922
1514,亞力,74,62,12,元富-新店,2024-05-03,5922
9945,潤泰新,19,8,11,元富-新店,2024-05-03,5922
3628,盈正,11,0,11,元富-新店,2024-05-03,5922
1702,南僑,11,0,11,元富-新店,2024-05-03,5922
2329,華泰,16,5,11,元富-新店,2024-05-03,5922
2312,金寶,10,0,10,元富-新店,2024-05-03,5922
2867,三商壽,10,0,10,元富-新店,2024-05-03,5922
2495,普安,10,0,10,元富-新店,2024-05-03,5922
2547,日勝生,36,26,10,元富-新店,2024-05-03,5922
2610,華航,28,18,10,元富-新店,2024-05-03,5922
00937B,群益ESG投等債20,530,5,525,元富-新店,2024-05-06,5922
2812,台中銀,130,29,101,元富-新店,2024-05-06,5922
2303,聯電,108,9,99,元富-新店,2024-05-06,5922
00878,國泰永續高股息,89,14,75,元富-新店,2024-05-06,5922
00933B,國泰10Y+金融債,78,7,71,元富-新店,2024-05-06,5922
00940,元大台灣價值高息,76,10,66,元富-新店,2024-05-06,5922
00918,大華優利高填息30,57,1,56,元富-新店,2024-05-06,5922
2374,佳能,50,1,49,元富-新店,2024-05-06,5922
2014,中鴻,40,0,40,元富-新店,2024-05-06,5922
4303,信立,51,14,37,元富-新店,2024-05-06,5922
2201,裕隆,56,19,37,元富-新店,2024-05-06,5922
00915,凱基優選高股息30,37,1,36,元富-新店,2024-05-06,5922
00929,復華台灣科技優息,52,16,36,元富-新店,2024-05-06,5922
2371,大同,41,8,33,元富-新店,2024-05-06,5922
00887,永豐中國科技50大,31,0,31,元富-新店,2024-05-06,5922
3312,弘憶股,113,83,30,元富-新店,2024-05-06,5922
2501,國建,70,41,29,元富-新店,2024-05-06,5922
6770,力積電,45,16,29,元富-新店,2024-05-06,5922
9933,中鼎,29,2,27,元富-新店,2024-05-06,5922
5519,隆大,57,30,27,元富-新店,2024-05-06,5922
00941,中信上游半導體,27,0,27,元富-新店,2024-05-06,5922
1102,亞泥,30,3,27,元富-新店,2024-05-06,5922
00665L,富邦�琤肭磪囓�2,25,0,25,元富-新店,2024-05-06,5922
3033,威健,49,27,22,元富-新店,2024-05-06,5922
6821,聯寶,22,0,22,元富-新店,2024-05-06,5922
3011,今皓,30,8,22,元富-新店,2024-05-06,5922
1460,宏遠,20,0,20,元富-新店,2024-05-06,5922
2535,達欣工,20,0,20,元富-新店,2024-05-06,5922
3038,全台,19,0,19,元富-新店,2024-05-06,5922
2449,京元電子,50,31,19,元富-新店,2024-05-06,5922
4967,十銓,30,12,18,元富-新店,2024-05-06,5922
1605,華新,19,1,18,元富-新店,2024-05-06,5922
00706L,期元大S＆P日圓正2,17,0,17,元富-新店,2024-05-06,5922
00679B,元大美債20年,26,10,16,元富-新店,2024-05-06,5922
3624,光頡,19,3,16,元富-新店,2024-05-06,5922
2611,志信,16,0,16,元富-新店,2024-05-06,5922
2618,長榮航,42,26,16,元富-新店,2024-05-06,5922
00751B,元大AAA至A公司債,15,0,15,元富-新店,2024-05-06,5922
6668,中揚光,17,2,15,元富-新店,2024-05-06,5922
3289,宜特,13,0,13,元富-新店,2024-05-06,5922
3294,英濟,20,7,13,元富-新店,2024-05-06,5922
1101,台泥,19,7,12,元富-新店,2024-05-06,5922
2354,鴻準,19,7,12,元富-新店,2024-05-06,5922
6451,訊芯-KY,14,3,11,元富-新店,2024-05-06,5922
6177,達麗,19,8,11,元富-新店,2024-05-06,5922
3706,神達,11,0,11,元富-新店,2024-05-06,5922
4760,勤凱,11,0,11,元富-新店,2024-05-06,5922
3576,聯合再生,11,1,10,元富-新店,2024-05-06,5922
2504,國產,20,10,10,元富-新店,2024-05-06,5922
3234,光環,10,0,10,元富-新店,2024-05-06,5922
00937B,群益ESG投等債20,446,10,436,元富-新店,2024-05-07,5922
3013,晟銘電,105,42,63,元富-新店,2024-05-07,5922
1301,台塑,63,0,63,元富-新店,2024-05-07,5922
2812,台中銀,51,0,51,元富-新店,2024-05-07,5922
2501,國建,78,28,50,元富-新店,2024-05-07,5922
00665L,富邦�琤肭磪囓�2,47,0,47,元富-新店,2024-05-07,5922
6668,中揚光,45,0,45,元富-新店,2024-05-07,5922
00887,永豐中國科技50大,40,0,40,元富-新店,2024-05-07,5922
5457,宣德,40,0,40,元富-新店,2024-05-07,5922
2009,第一銅,60,21,39,元富-新店,2024-05-07,5922
00878,國泰永續高股息,56,20,36,元富-新店,2024-05-07,5922
6770,力積電,37,2,35,元富-新店,2024-05-07,5922
1608,華榮,89,56,33,元富-新店,2024-05-07,5922
00632R,元大台灣50反1,30,0,30,元富-新店,2024-05-07,5922
6290,良維,31,1,30,元富-新店,2024-05-07,5922
2515,中工,30,3,27,元富-新店,2024-05-07,5922
3576,聯合再生,36,9,27,元富-新店,2024-05-07,5922
00940,元大台灣價值高息,76,50,26,元富-新店,2024-05-07,5922
2618,長榮航,53,28,25,元富-新店,2024-05-07,5922
6125,廣運,27,2,25,元富-新店,2024-05-07,5922
00929,復華台灣科技優息,23,0,23,元富-新店,2024-05-07,5922
2892,第一金,22,0,22,元富-新店,2024-05-07,5922
4967,十銓,41,19,22,元富-新店,2024-05-07,5922
00687B,國泰20年美債,21,0,21,元富-新店,2024-05-07,5922
3011,今皓,20,0,20,元富-新店,2024-05-07,5922
2836,高雄銀,20,0,20,元富-新店,2024-05-07,5922
5519,隆大,46,27,19,元富-新店,2024-05-07,5922
1618,合機,25,8,17,元富-新店,2024-05-07,5922
2464,盟立,19,2,17,元富-新店,2024-05-07,5922
5498,凱崴,19,2,17,元富-新店,2024-05-07,5922
00933B,國泰10Y+金融債,17,0,17,元富-新店,2024-05-07,5922
2801,彰銀,16,0,16,元富-新店,2024-05-07,5922
6207,雷科,35,19,16,元富-新店,2024-05-07,5922
2449,京元電子,17,3,14,元富-新店,2024-05-07,5922
00941,中信上游半導體,13,0,13,元富-新店,2024-05-07,5922
1605,華新,23,10,13,元富-新店,2024-05-07,5922
8048,德勝,13,0,13,元富-新店,2024-05-07,5922
1514,亞力,33,22,11,元富-新店,2024-05-07,5922
1316,上曜,20,9,11,元富-新店,2024-05-07,5922
3287,廣寰科,11,0,11,元富-新店,2024-05-07,5922
8088,品安,15,5,10,元富-新店,2024-05-07,5922
9933,中鼎,10,0,10,元富-新店,2024-05-07,5922
2641,正德,10,0,10,元富-新店,2024-05-07,5922
5340,建榮,11,1,10,元富-新店,2024-05-07,5922
3363,上詮,28,18,10,元富-新店,2024-05-07,5922
8271,宇瞻,10,1,9,元富-新店,2024-05-07,5922
8358,金居,11,2,9,元富-新店,2024-05-07,5922
4303,信立,20,11,9,元富-新店,2024-05-07,5922
8110,華東,10,1,9,元富-新店,2024-05-07,5922
2820,華票,9,1,8,元富-新店,2024-05-07,5922
2606,裕民,134,24,110,元富-新店,2024-05-08,5922
00940,元大台灣價值高息,90,1,89,元富-新店,2024-05-08,5922
2547,日勝生,85,0,85,元富-新店,2024-05-08,5922
00932,兆豐永續高息等權,78,4,74,元富-新店,2024-05-08,5922
3013,晟銘電,87,22,65,元富-新店,2024-05-08,5922
2855,統一證,59,0,59,元富-新店,2024-05-08,5922
00632R,元大台灣50反1,65,9,56,元富-新店,2024-05-08,5922
1314,中石化,64,13,51,元富-新店,2024-05-08,5922
00665L,富邦�琤肭磪囓�2,83,37,46,元富-新店,2024-05-08,5922
2352,佳世達,47,5,42,元富-新店,2024-05-08,5922
00937B,群益ESG投等債20,44,7,37,元富-新店,2024-05-08,5922
2603,長榮,39,5,34,元富-新店,2024-05-08,5922
1504,東元,31,0,31,元富-新店,2024-05-08,5922
4967,十銓,66,35,31,元富-新店,2024-05-08,5922
1608,華榮,57,32,25,元富-新店,2024-05-08,5922
00921,兆豐龍頭等權重,25,0,25,元富-新店,2024-05-08,5922
1806,冠軍,24,0,24,元富-新店,2024-05-08,5922
1532,勤美,24,1,23,元富-新店,2024-05-08,5922
4303,信立,23,1,22,元富-新店,2024-05-08,5922
00891,中信關鍵半導體,21,0,21,元富-新店,2024-05-08,5922
00679B,元大美債20年,20,0,20,元富-新店,2024-05-08,5922
00795B,中信美國公債20年,20,0,20,元富-新店,2024-05-08,5922
3209,全科,20,0,20,元富-新店,2024-05-08,5922
6026,福邦證,20,0,20,元富-新店,2024-05-08,5922
00725B,國泰投資級公司債,20,0,20,元富-新店,2024-05-08,5922
6290,良維,20,0,20,元富-新店,2024-05-08,5922
5386,青雲,19,1,18,元富-新店,2024-05-08,5922
2501,國建,41,23,18,元富-新店,2024-05-08,5922
1582,信錦,22,5,17,元富-新店,2024-05-08,5922
6139,亞翔,18,1,17,元富-新店,2024-05-08,5922
5234,達興材料,18,1,17,元富-新店,2024-05-08,5922
2637,慧洋-KY,27,11,16,元富-新店,2024-05-08,5922
1442,名軒,16,0,16,元富-新店,2024-05-08,5922
6282,康舒,36,21,15,元富-新店,2024-05-08,5922
5871,中租-KY,20,5,15,元富-新店,2024-05-08,5922
1522,堤維西,16,2,14,元富-新店,2024-05-08,5922
8039,台虹,15,1,14,元富-新店,2024-05-08,5922
2548,華固,14,1,13,元富-新店,2024-05-08,5922
2328,廣宇,15,2,13,元富-新店,2024-05-08,5922
2365,昆盈,17,4,13,元富-新店,2024-05-08,5922
3033,威健,16,3,13,元富-新店,2024-05-08,5922
3036,文曄,12,0,12,元富-新店,2024-05-08,5922
00687B,國泰20年美債,20,9,11,元富-新店,2024-05-08,5922
2542,興富發,16,5,11,元富-新店,2024-05-08,5922
3596,智易,12,1,11,元富-新店,2024-05-08,5922
1513,中興電,18,7,11,元富-新店,2024-05-08,5922
2002,中鋼,11,0,11,元富-新店,2024-05-08,5922
00941,中信上游半導體,10,0,10,元富-新店,2024-05-08,5922
3055,蔚華科,10,0,10,元富-新店,2024-05-08,5922
2208,台船,10,0,10,元富-新店,2024-05-08,5922
3036,文曄,536,5,531,元富-新店,2024-05-09,5922
4903,聯光通,164,2,162,元富-新店,2024-05-09,5922
00751B,元大AAA至A公司債,119,0,119,元富-新店,2024-05-09,5922
2371,大同,136,36,100,元富-新店,2024-05-09,5922
00929,復華台灣科技優息,89,0,89,元富-新店,2024-05-09,5922
00632R,元大台灣50反1,82,0,82,元富-新店,2024-05-09,5922
00882,中信中國高股息,100,35,65,元富-新店,2024-05-09,5922
2367,燿華,96,40,56,元富-新店,2024-05-09,5922
00679B,元大美債20年,57,1,56,元富-新店,2024-05-09,5922
5531,鄉林,58,5,53,元富-新店,2024-05-09,5922
00932,兆豐永續高息等權,52,0,52,元富-新店,2024-05-09,5922
8011,台通,52,3,49,元富-新店,2024-05-09,5922
1444,力麗,48,0,48,元富-新店,2024-05-09,5922
00878,國泰永續高股息,47,5,42,元富-新店,2024-05-09,5922
5302,太欣,39,0,39,元富-新店,2024-05-09,5922
2634,漢翔,101,63,38,元富-新店,2024-05-09,5922
6005,群益證,38,4,34,元富-新店,2024-05-09,5922
2542,興富發,34,1,33,元富-新店,2024-05-09,5922
00940,元大台灣價值高息,33,1,32,元富-新店,2024-05-09,5922
2618,長榮航,59,29,30,元富-新店,2024-05-09,5922
1442,名軒,30,0,30,元富-新店,2024-05-09,5922
1605,華新,34,5,29,元富-新店,2024-05-09,5922
1609,大亞,39,11,28,元富-新店,2024-05-09,5922
8112,至上,25,0,25,元富-新店,2024-05-09,5922
2855,統一證,28,4,24,元富-新店,2024-05-09,5922
00891,中信關鍵半導體,24,0,24,元富-新店,2024-05-09,5922
00795B,中信美國公債20年,23,0,23,元富-新店,2024-05-09,5922
00720B,元大投資級公司債,21,0,21,元富-新店,2024-05-09,5922
3645,達邁,20,0,20,元富-新店,2024-05-09,5922
3209,全科,20,0,20,元富-新店,2024-05-09,5922
2537,聯上發,20,1,19,元富-新店,2024-05-09,5922
2408,南亞科,17,0,17,元富-新店,2024-05-09,5922
5871,中租-KY,21,4,17,元富-新店,2024-05-09,5922
00944,野村趨勢動能高息,16,0,16,元富-新店,2024-05-09,5922
8110,華東,15,0,15,元富-新店,2024-05-09,5922
00921,兆豐龍頭等權重,15,0,15,元富-新店,2024-05-09,5922
2615,萬海,57,43,14,元富-新店,2024-05-09,5922
6237,驊訊,14,0,14,元富-新店,2024-05-09,5922
3231,緯創,59,46,13,元富-新店,2024-05-09,5922
00665L,富邦�琤肭磪囓�2,60,48,12,元富-新店,2024-05-09,5922
6282,康舒,13,1,12,元富-新店,2024-05-09,5922
00680L,元大美債20正2,12,0,12,元富-新店,2024-05-09,5922
2409,友達,12,0,12,元富-新店,2024-05-09,5922
1582,信錦,12,0,12,元富-新店,2024-05-09,5922
2449,京元電子,22,11,11,元富-新店,2024-05-09,5922
5351,鈺創,11,0,11,元富-新店,2024-05-09,5922
4533,協易機,12,1,11,元富-新店,2024-05-09,5922
5251,天鉞電,12,1,11,元富-新店,2024-05-09,5922
3030,德律,17,6,11,元富-新店,2024-05-09,5922
2641,正德,20,9,11,元富-新店,2024-05-09,5922
3036,文曄,509,5,504,元富-新店,2024-05-10,5922
00946,群益科技高息成長,184,10,174,元富-新店,2024-05-10,5922
8112,至上,162,18,144,元富-新店,2024-05-10,5922
00929,復華台灣科技優息,148,14,134,元富-新店,2024-05-10,5922
2812,台中銀,100,7,93,元富-新店,2024-05-10,5922
2618,長榮航,266,199,67,元富-新店,2024-05-10,5922
6114,久威,56,0,56,元富-新店,2024-05-10,5922
2313,華通,62,6,56,元富-新店,2024-05-10,5922
00671R,富邦NASDAQ反1,50,0,50,元富-新店,2024-05-10,5922
4566,時碩工業,50,0,50,元富-新店,2024-05-10,5922
00932,兆豐永續高息等權,48,1,47,元富-新店,2024-05-10,5922
00937B,群益ESG投等債20,44,0,44,元富-新店,2024-05-10,5922
2317,鴻海,50,7,43,元富-新店,2024-05-10,5922
1608,華榮,67,30,37,元富-新店,2024-05-10,5922
8048,德勝,37,1,36,元富-新店,2024-05-10,5922
4903,聯光通,49,15,34,元富-新店,2024-05-10,5922
2816,旺旺保,45,11,34,元富-新店,2024-05-10,5922
9105,泰金寶-DR,34,0,34,元富-新店,2024-05-10,5922
2374,佳能,32,0,32,元富-新店,2024-05-10,5922
3231,緯創,45,14,31,元富-新店,2024-05-10,5922
2362,藍天,36,5,31,元富-新店,2024-05-10,5922
2344,華邦電,31,1,30,元富-新店,2024-05-10,5922
2369,菱生,31,2,29,元富-新店,2024-05-10,5922
6770,力積電,26,0,26,元富-新店,2024-05-10,5922
00632R,元大台灣50反1,30,5,25,元富-新店,2024-05-10,5922
00944,野村趨勢動能高息,25,0,25,元富-新店,2024-05-10,5922
3706,神達,28,5,23,元富-新店,2024-05-10,5922
1442,名軒,23,0,23,元富-新店,2024-05-10,5922
00940,元大台灣價值高息,39,17,22,元富-新店,2024-05-10,5922
1532,勤美,24,2,22,元富-新店,2024-05-10,5922
2388,威盛,28,8,20,元富-新店,2024-05-10,5922
2612,中航,23,3,20,元富-新店,2024-05-10,5922
2371,大同,45,27,18,元富-新店,2024-05-10,5922
5302,太欣,25,7,18,元富-新店,2024-05-10,5922
2605,新興,29,12,17,元富-新店,2024-05-10,5922
3294,英濟,28,13,15,元富-新店,2024-05-10,5922
3312,弘憶股,57,42,15,元富-新店,2024-05-10,5922
8150,南茂,12,0,12,元富-新店,2024-05-10,5922
00637L,元大滬深300正2,11,0,11,元富-新店,2024-05-10,5922
2515,中工,14,3,11,元富-新店,2024-05-10,5922
1587,吉茂,11,0,11,元富-新店,2024-05-10,5922
3303,岱稜,11,0,11,元富-新店,2024-05-10,5922
2542,興富發,11,0,11,元富-新店,2024-05-10,5922
00927,群益半導體收益,10,0,10,元富-新店,2024-05-10,5922
1614,三洋電,10,0,10,元富-新店,2024-05-10,5922
3228,金麗科,10,0,10,元富-新店,2024-05-10,5922
2208,台船,10,0,10,元富-新店,2024-05-10,5922
2367,燿華,68,58,10,元富-新店,2024-05-10,5922
5521,工信,44,35,9,元富-新店,2024-05-10,5922
2486,一詮,34,25,9,元富-新店,2024-05-10,5922
3036,文曄,207,7,200,元富-新店,2024-05-13,5922
2603,長榮,116,53,63,元富-新店,2024-05-13,5922
00919,群益台灣精選高息,82,20,62,元富-新店,2024-05-13,5922
1785,光洋科,60,0,60,元富-新店,2024-05-13,5922
00937B,群益ESG投等債20,51,6,45,元富-新店,2024-05-13,5922
8112,至上,52,7,45,元富-新店,2024-05-13,5922
00929,復華台灣科技優息,66,22,44,元富-新店,2024-05-13,5922
00665L,富邦�琤肭磪囓�2,80,40,40,元富-新店,2024-05-13,5922
3013,晟銘電,45,9,36,元富-新店,2024-05-13,5922
1718,中纖,30,0,30,元富-新店,2024-05-13,5922
2617,台航,28,2,26,元富-新店,2024-05-13,5922
2855,統一證,24,1,23,元富-新店,2024-05-13,5922
2406,國碩,29,7,22,元富-新店,2024-05-13,5922
00878,國泰永續高股息,31,9,22,元富-新店,2024-05-13,5922
00679B,元大美債20年,21,0,21,元富-新店,2024-05-13,5922
3231,緯創,42,21,21,元富-新店,2024-05-13,5922
2344,華邦電,25,4,21,元富-新店,2024-05-13,5922
2323,中環,22,1,21,元富-新店,2024-05-13,5922
5530,龍巖,20,0,20,元富-新店,2024-05-13,5922
3312,弘憶股,19,0,19,元富-新店,2024-05-13,5922
5251,天鉞電,18,0,18,元富-新店,2024-05-13,5922
4160,訊聯基因,18,0,18,元富-新店,2024-05-13,5922
00946,群益科技高息成長,21,4,17,元富-新店,2024-05-13,5922
2465,麗臺,16,1,15,元富-新店,2024-05-13,5922
2888,新光金,16,1,15,元富-新店,2024-05-13,5922
2607,榮運,33,18,15,元富-新店,2024-05-13,5922
2636,台驊控股,23,8,15,元富-新店,2024-05-13,5922
2506,太設,14,0,14,元富-新店,2024-05-13,5922
5608,四維航,16,2,14,元富-新店,2024-05-13,5922
6821,聯寶,16,2,14,元富-新店,2024-05-13,5922
8234,新漢,13,0,13,元富-新店,2024-05-13,5922
5864,致和證,13,0,13,元富-新店,2024-05-13,5922
1612,宏泰,13,0,13,元富-新店,2024-05-13,5922
00915,凱基優選高股息30,14,2,12,元富-新店,2024-05-13,5922
2903,遠百,12,0,12,元富-新店,2024-05-13,5922
4973,廣穎,12,0,12,元富-新店,2024-05-13,5922
6114,久威,12,0,12,元富-新店,2024-05-13,5922
2891,中信金,16,4,12,元富-新店,2024-05-13,5922
2486,一詮,19,8,11,元富-新店,2024-05-13,5922
3086,華義,11,0,11,元富-新店,2024-05-13,5922
1312,國喬,15,4,11,元富-新店,2024-05-13,5922
6196,帆宣,10,0,10,元富-新店,2024-05-13,5922
8048,德勝,10,0,10,元富-新店,2024-05-13,5922
1419,新紡,10,0,10,元富-新店,2024-05-13,5922
2020,美亞,10,0,10,元富-新店,2024-05-13,5922
3209,全科,10,0,10,元富-新店,2024-05-13,5922
6290,良維,10,0,10,元富-新店,2024-05-13,5922
2547,日勝生,10,0,10,元富-新店,2024-05-13,5922
3168,眾福科,10,0,10,元富-新店,2024-05-13,5922
8171,天宇,10,0,10,元富-新店,2024-05-13,5922
00878,國泰永續高股息,63,4,59,元富-新店,2024-05-14,5922
2887,台新金,60,2,58,元富-新店,2024-05-14,5922
2374,佳能,81,26,55,元富-新店,2024-05-14,5922
2615,萬海,309,256,53,元富-新店,2024-05-14,5922
00937B,群益ESG投等債20,49,1,48,元富-新店,2024-05-14,5922
2317,鴻海,75,27,48,元富-新店,2024-05-14,5922
00941,中信上游半導體,62,20,42,元富-新店,2024-05-14,5922
2812,台中銀,41,0,41,元富-新店,2024-05-14,5922
00665L,富邦�琤肭磪囓�2,45,5,40,元富-新店,2024-05-14,5922
9945,潤泰新,61,28,33,元富-新店,2024-05-14,5922
00752,中信中國50,32,0,32,元富-新店,2024-05-14,5922
2371,大同,36,4,32,元富-新店,2024-05-14,5922
00915,凱基優選高股息30,30,0,30,元富-新店,2024-05-14,5922
2892,第一金,30,0,30,元富-新店,2024-05-14,5922
3231,緯創,41,12,29,元富-新店,2024-05-14,5922
2353,宏��,86,57,29,元富-新店,2024-05-14,5922
00632R,元大台灣50反1,54,30,24,元富-新店,2024-05-14,5922
2482,連宇,31,8,23,元富-新店,2024-05-14,5922
00637L,元大滬深300正2,23,0,23,元富-新店,2024-05-14,5922
00650L,復華香港正2,30,7,23,元富-新店,2024-05-14,5922
3033,威健,23,1,22,元富-新店,2024-05-14,5922
2836,高雄銀,21,0,21,元富-新店,2024-05-14,5922
6122,擎邦,20,0,20,元富-新店,2024-05-14,5922
2038,海光,20,0,20,元富-新店,2024-05-14,5922
00933B,國泰10Y+金融債,26,8,18,元富-新店,2024-05-14,5922
2241,艾姆勒,16,0,16,元富-新店,2024-05-14,5922
1584,精剛,15,0,15,元富-新店,2024-05-14,5922
2891,中信金,17,3,14,元富-新店,2024-05-14,5922
00885,富邦越南,14,0,14,元富-新店,2024-05-14,5922
00936,台新永續高息中小,14,0,14,元富-新店,2024-05-14,5922
5876,上海商銀,13,0,13,元富-新店,2024-05-14,5922
3114,好德,13,0,13,元富-新店,2024-05-14,5922
00679B,元大美債20年,15,3,12,元富-新店,2024-05-14,5922
00675L,富邦臺灣加權正2,12,0,12,元富-新店,2024-05-14,5922
1806,冠軍,12,0,12,元富-新店,2024-05-14,5922
2542,興富發,11,0,11,元富-新店,2024-05-14,5922
6215,和椿,22,11,11,元富-新店,2024-05-14,5922
5871,中租-KY,13,3,10,元富-新店,2024-05-14,5922
3022,威強電,10,0,10,元富-新店,2024-05-14,5922
2375,凱美,10,0,10,元富-新店,2024-05-14,5922
00706L,期元大S＆P日圓正2,10,0,10,元富-新店,2024-05-14,5922
6821,聯寶,70,60,10,元富-新店,2024-05-14,5922
00877,復華中國5G,10,0,10,元富-新店,2024-05-14,5922
2023,燁輝,10,0,10,元富-新店,2024-05-14,5922
9105,泰金寶-DR,10,0,10,元富-新店,2024-05-14,5922
2362,藍天,11,2,9,元富-新店,2024-05-14,5922
2404,漢唐,9,0,9,元富-新店,2024-05-14,5922
3162,精確,9,0,9,元富-新店,2024-05-14,5922
1815,富喬,14,5,9,元富-新店,2024-05-14,5922
6148,驊宏資,9,0,9,元富-新店,2024-05-14,5922
00665L,富邦�琤肭磪囓�2,235,3,232,元富-新店,2024-05-15,5922
00946,群益科技高息成長,227,5,222,元富-新店,2024-05-15,5922
00929,復華台灣科技優息,231,30,201,元富-新店,2024-05-15,5922
00940,元大台灣價值高息,148,21,127,元富-新店,2024-05-15,5922
2890,永豐金,110,4,106,元富-新店,2024-05-15,5922
00941,中信上游半導體,87,0,87,元富-新店,2024-05-15,5922
00680L,元大美債20正2,100,15,85,元富-新店,2024-05-15,5922
00937B,群益ESG投等債20,74,0,74,元富-新店,2024-05-15,5922
2511,太子,51,0,51,元富-新店,2024-05-15,5922
00878,國泰永續高股息,54,3,51,元富-新店,2024-05-15,5922
2851,中再保,50,0,50,元富-新店,2024-05-15,5922
6128,上福,44,0,44,元富-新店,2024-05-15,5922
2352,佳世達,42,0,42,元富-新店,2024-05-15,5922
4903,聯光通,39,0,39,元富-新店,2024-05-15,5922
6026,福邦證,50,15,35,元富-新店,2024-05-15,5922
2367,燿華,161,127,34,元富-新店,2024-05-15,5922
2365,昆盈,39,6,33,元富-新店,2024-05-15,5922
2020,美亞,33,1,32,元富-新店,2024-05-15,5922
1532,勤美,67,35,32,元富-新店,2024-05-15,5922
2852,第一保,30,0,30,元富-新店,2024-05-15,5922
2850,新產,25,0,25,元富-新店,2024-05-15,5922
2603,長榮,38,14,24,元富-新店,2024-05-15,5922
00679B,元大美債20年,22,0,22,元富-新店,2024-05-15,5922
2887,台新金,22,0,22,元富-新店,2024-05-15,5922
00795B,中信美國公債20年,20,0,20,元富-新店,2024-05-15,5922
2542,興富發,20,0,20,元富-新店,2024-05-15,5922
2547,日勝生,20,0,20,元富-新店,2024-05-15,5922
00887,永豐中國科技50大,20,0,20,元富-新店,2024-05-15,5922
2007,燁興,20,0,20,元富-新店,2024-05-15,5922
1313,聯成,20,0,20,元富-新店,2024-05-15,5922
6282,康舒,22,3,19,元富-新店,2024-05-15,5922
5302,太欣,18,0,18,元富-新店,2024-05-15,5922
8046,南電,17,1,16,元富-新店,2024-05-15,5922
00933B,國泰10Y+金融債,16,0,16,元富-新店,2024-05-15,5922
2317,鴻海,103,87,16,元富-新店,2024-05-15,5922
1721,三晃,15,0,15,元富-新店,2024-05-15,5922
2363,矽統,38,23,15,元富-新店,2024-05-15,5922
5371,中光電,20,5,15,元富-新店,2024-05-15,5922
2801,彰銀,13,0,13,元富-新店,2024-05-15,5922
3576,聯合再生,23,10,13,元富-新店,2024-05-15,5922
00719B,元大美債1-3,12,0,12,元富-新店,2024-05-15,5922
00632R,元大台灣50反1,52,40,12,元富-新店,2024-05-15,5922
6207,雷科,19,7,12,元富-新店,2024-05-15,5922
2101,南港,24,13,11,元富-新店,2024-05-15,5922
2606,裕民,21,10,11,元富-新店,2024-05-15,5922
2607,榮運,16,5,11,元富-新店,2024-05-15,5922
3163,波若威,15,4,11,元富-新店,2024-05-15,5922
2897,王道銀行,11,0,11,元富-新店,2024-05-15,5922
00772B,中信高評級公司債,11,0,11,元富-新店,2024-05-15,5922
9925,新保,10,0,10,元富-新店,2024-05-15,5922
2511,太子,171,0,171,元富-新店,2024-05-16,5922
2890,永豐金,101,0,101,元富-新店,2024-05-16,5922
00632R,元大台灣50反1,168,80,88,元富-新店,2024-05-16,5922
2867,三商壽,75,11,64,元富-新店,2024-05-16,5922
5457,宣德,55,0,55,元富-新店,2024-05-16,5922
3231,緯創,61,11,50,元富-新店,2024-05-16,5922
00878,國泰永續高股息,52,20,32,元富-新店,2024-05-16,5922
2903,遠百,28,0,28,元富-新店,2024-05-16,5922
6821,聯寶,46,19,27,元富-新店,2024-05-16,5922
00940,元大台灣價值高息,81,54,27,元富-新店,2024-05-16,5922
1301,台塑,26,1,25,元富-新店,2024-05-16,5922
3188,鑫龍騰,25,0,25,元富-新店,2024-05-16,5922
2374,佳能,34,10,24,元富-新店,2024-05-16,5922
1608,華榮,69,45,24,元富-新店,2024-05-16,5922
5521,工信,21,0,21,元富-新店,2024-05-16,5922
2022,聚亨,20,0,20,元富-新店,2024-05-16,5922
4973,廣穎,20,0,20,元富-新店,2024-05-16,5922
00887,永豐中國科技50大,30,10,20,元富-新店,2024-05-16,5922
9105,泰金寶-DR,20,0,20,元富-新店,2024-05-16,5922
00700,富邦�琤肭磪�,19,0,19,元富-新店,2024-05-16,5922
8096,擎亞,39,21,18,元富-新店,2024-05-16,5922
2363,矽統,46,28,18,元富-新店,2024-05-16,5922
5302,太欣,18,0,18,元富-新店,2024-05-16,5922
2353,宏��,24,8,16,元富-新店,2024-05-16,5922
8358,金居,57,41,16,元富-新店,2024-05-16,5922
5392,能率,17,3,14,元富-新店,2024-05-16,5922
2382,廣達,27,14,13,元富-新店,2024-05-16,5922
2405,輔信,13,0,13,元富-新店,2024-05-16,5922
3483,力致,13,0,13,元富-新店,2024-05-16,5922
8064,東捷,15,2,13,元富-新店,2024-05-16,5922
2359,所羅門,75,62,13,元富-新店,2024-05-16,5922
2891,中信金,20,8,12,元富-新店,2024-05-16,5922
2887,台新金,30,18,12,元富-新店,2024-05-16,5922
3051,力特,12,1,11,元富-新店,2024-05-16,5922
3498,陽程,11,0,11,元富-新店,2024-05-16,5922
6128,上福,11,0,11,元富-新店,2024-05-16,5922
6227,茂綸,20,9,11,元富-新店,2024-05-16,5922
2356,英業達,36,25,11,元富-新店,2024-05-16,5922
1453,大將,14,3,11,元富-新店,2024-05-16,5922
4543,萬在,13,2,11,元富-新店,2024-05-16,5922
6197,佳必琪,13,3,10,元富-新店,2024-05-16,5922
00692,富邦公司治理,10,0,10,元富-新店,2024-05-16,5922
4552,力達-KY,10,0,10,元富-新店,2024-05-16,5922
2423,固緯,10,0,10,元富-新店,2024-05-16,5922
2349,錸德,10,0,10,元富-新店,2024-05-16,5922
2228,劍麟,10,0,10,元富-新店,2024-05-16,5922
6161,捷波,10,0,10,元富-新店,2024-05-16,5922
4726,永昕,10,0,10,元富-新店,2024-05-16,5922
6215,和椿,11,1,10,元富-新店,2024-05-16,5922
2634,漢翔,31,22,9,元富-新店,2024-05-16,5922
00929,復華台灣科技優息,173,8,165,元富-新店,2024-05-17,5922
2888,新光金,151,18,133,元富-新店,2024-05-17,5922
3231,緯創,112,2,110,元富-新店,2024-05-17,5922
00891,中信關鍵半導體,54,5,49,元富-新店,2024-05-17,5922
2417,圓剛,45,0,45,元富-新店,2024-05-17,5922
2352,佳世達,55,11,44,元富-新店,2024-05-17,5922
00679B,元大美債20年,53,11,42,元富-新店,2024-05-17,5922
00940,元大台灣價值高息,67,26,41,元富-新店,2024-05-17,5922
8104,錸寶,37,0,37,元富-新店,2024-05-17,5922
2501,國建,38,4,34,元富-新店,2024-05-17,5922
00878,國泰永續高股息,54,27,27,元富-新店,2024-05-17,5922
1587,吉茂,34,9,25,元富-新店,2024-05-17,5922
2449,京元電子,24,1,23,元富-新店,2024-05-17,5922
2317,鴻海,35,13,22,元富-新店,2024-05-17,5922
00937B,群益ESG投等債20,26,5,21,元富-新店,2024-05-17,5922
3294,英濟,24,3,21,元富-新店,2024-05-17,5922
2405,輔信,20,1,19,元富-新店,2024-05-17,5922
1742,台蠟,17,0,17,元富-新店,2024-05-17,5922
2374,佳能,56,40,16,元富-新店,2024-05-17,5922
8936,國統,16,0,16,元富-新店,2024-05-17,5922
2887,台新金,26,10,16,元富-新店,2024-05-17,5922
5392,能率,37,22,15,元富-新店,2024-05-17,5922
2368,金像電,19,4,15,元富-新店,2024-05-17,5922
2618,長榮航,54,39,15,元富-新店,2024-05-17,5922
1524,耿鼎,14,0,14,元富-新店,2024-05-17,5922
2606,裕民,17,3,14,元富-新店,2024-05-17,5922
5351,鈺創,16,2,14,元富-新店,2024-05-17,5922
2515,中工,29,15,14,元富-新店,2024-05-17,5922
1532,勤美,25,11,14,元富-新店,2024-05-17,5922
6125,廣運,17,3,14,元富-新店,2024-05-17,5922
2408,南亞科,13,0,13,元富-新店,2024-05-17,5922
3706,神達,20,7,13,元富-新店,2024-05-17,5922
00919,群益台灣精選高息,21,9,12,元富-新店,2024-05-17,5922
2356,英業達,17,5,12,元富-新店,2024-05-17,5922
9945,潤泰新,41,29,12,元富-新店,2024-05-17,5922
2915,潤泰全,11,0,11,元富-新店,2024-05-17,5922
2486,一詮,18,7,11,元富-新店,2024-05-17,5922
00946,群益科技高息成長,11,0,11,元富-新店,2024-05-17,5922
2474,可成,11,0,11,元富-新店,2024-05-17,5922
1314,中石化,13,2,11,元富-新店,2024-05-17,5922
00706L,期元大S＆P日圓正2,10,0,10,元富-新店,2024-05-17,5922
1582,信錦,10,0,10,元富-新店,2024-05-17,5922
00700,富邦�琤肭磪�,10,0,10,元富-新店,2024-05-17,5922
6244,茂迪,14,4,10,元富-新店,2024-05-17,5922
3209,全科,10,0,10,元富-新店,2024-05-17,5922
2331,精英,10,0,10,元富-新店,2024-05-17,5922
00688L,國泰20年美債正2,10,0,10,元富-新店,2024-05-17,5922
1591,駿吉-KY,10,0,10,元富-新店,2024-05-17,5922
1531,高林股,10,0,10,元富-新店,2024-05-17,5922
3548,兆利,10,0,10,元富-新店,2024-05-17,5922
00632R,元大台灣50反1,492,4,488,元富-新店,2024-05-20,5922
2801,彰銀,490,4,486,元富-新店,2024-05-20,5922
2312,金寶,323,2,321,元富-新店,2024-05-20,5922
00882,中信中國高股息,263,172,91,元富-新店,2024-05-20,5922
2610,華航,107,48,59,元富-新店,2024-05-20,5922
3576,聯合再生,50,0,50,元富-新店,2024-05-20,5922
00679B,元大美債20年,48,0,48,元富-新店,2024-05-20,5922
2880,華南金,43,0,43,元富-新店,2024-05-20,5922
1301,台塑,53,11,42,元富-新店,2024-05-20,5922
6189,豐藝,41,0,41,元富-新店,2024-05-20,5922
2884,玉山金,46,10,36,元富-新店,2024-05-20,5922
00795B,中信美國公債20年,35,0,35,元富-新店,2024-05-20,5922
4532,瑞智,46,11,35,元富-新店,2024-05-20,5922
2867,三商壽,98,68,30,元富-新店,2024-05-20,5922
3231,緯創,32,5,27,元富-新店,2024-05-20,5922
2374,佳能,85,60,25,元富-新店,2024-05-20,5922
1201,味全,25,0,25,元富-新店,2024-05-20,5922
9105,泰金寶-DR,25,0,25,元富-新店,2024-05-20,5922
2467,志聖,26,2,24,元富-新店,2024-05-20,5922
00943,兆豐電子高息等權,23,0,23,元富-新店,2024-05-20,5922
5009,榮剛,40,18,22,元富-新店,2024-05-20,5922
2618,長榮航,55,35,20,元富-新店,2024-05-20,5922
2887,台新金,20,0,20,元富-新店,2024-05-20,5922
2417,圓剛,19,0,19,元富-新店,2024-05-20,5922
2609,陽明,40,22,18,元富-新店,2024-05-20,5922
00937B,群益ESG投等債20,18,0,18,元富-新店,2024-05-20,5922
2464,盟立,18,1,17,元富-新店,2024-05-20,5922
1591,駿吉-KY,15,0,15,元富-新店,2024-05-20,5922
9945,潤泰新,21,7,14,元富-新店,2024-05-20,5922
4114,健喬,20,6,14,元富-新店,2024-05-20,5922
4533,協易機,80,66,14,元富-新店,2024-05-20,5922
1419,新紡,12,0,12,元富-新店,2024-05-20,5922
1618,合機,19,7,12,元富-新店,2024-05-20,5922
3715,定穎投控,12,0,12,元富-新店,2024-05-20,5922
6005,群益證,11,0,11,元富-新店,2024-05-20,5922
1808,潤隆,11,0,11,元富-新店,2024-05-20,5922
2359,所羅門,59,48,11,元富-新店,2024-05-20,5922
2317,鴻海,38,27,11,元富-新店,2024-05-20,5922
6125,廣運,54,44,10,元富-新店,2024-05-20,5922
00700,富邦�琤肭磪�,10,0,10,元富-新店,2024-05-20,5922
00665L,富邦�琤肭磪囓�2,110,100,10,元富-新店,2024-05-20,5922
6821,聯寶,13,3,10,元富-新店,2024-05-20,5922
8039,台虹,10,0,10,元富-新店,2024-05-20,5922
2722,夏都,10,0,10,元富-新店,2024-05-20,5922
8183,精星,10,0,10,元富-新店,2024-05-20,5922
2025,千興,10,0,10,元富-新店,2024-05-20,5922
4726,永昕,10,0,10,元富-新店,2024-05-20,5922
4960,誠美材,10,0,10,元富-新店,2024-05-20,5922
5425,台半,12,2,10,元富-新店,2024-05-20,5922
5351,鈺創,17,7,10,元富-新店,2024-05-20,5922
2890,永豐金,510,5,505,元富-新店,2024-05-21,5922
00940,元大台灣價值高息,321,15,306,元富-新店,2024-05-21,5922
3036,文曄,307,5,302,元富-新店,2024-05-21,5922
2855,統一證,111,8,103,元富-新店,2024-05-21,5922
00665L,富邦�琤肭磪囓�2,205,108,97,元富-新店,2024-05-21,5922
00650L,復華香港正2,66,0,66,元富-新店,2024-05-21,5922
2603,長榮,75,11,64,元富-新店,2024-05-21,5922
2354,鴻準,95,33,62,元富-新店,2024-05-21,5922
00937B,群益ESG投等債20,65,4,61,元富-新店,2024-05-21,5922
00929,復華台灣科技優息,95,39,56,元富-新店,2024-05-21,5922
1609,大亞,59,6,53,元富-新店,2024-05-21,5922
2489,瑞軒,88,38,50,元富-新店,2024-05-21,5922
00878,國泰永續高股息,56,7,49,元富-新店,2024-05-21,5922
2317,鴻海,84,36,48,元富-新店,2024-05-21,5922
2363,矽統,52,14,38,元富-新店,2024-05-21,5922
2609,陽明,40,6,34,元富-新店,2024-05-21,5922
00679B,元大美債20年,34,0,34,元富-新店,2024-05-21,5922
6189,豐藝,34,1,33,元富-新店,2024-05-21,5922
4533,協易機,80,47,33,元富-新店,2024-05-21,5922
1301,台塑,28,1,27,元富-新店,2024-05-21,5922
2885,元大金,26,0,26,元富-新店,2024-05-21,5922
2880,華南金,25,0,25,元富-新店,2024-05-21,5922
3033,威健,48,25,23,元富-新店,2024-05-21,5922
6125,廣運,68,45,23,元富-新店,2024-05-21,5922
3356,奇偶,23,1,22,元富-新店,2024-05-21,5922
6282,康舒,25,4,21,元富-新店,2024-05-21,5922
1618,合機,34,13,21,元富-新店,2024-05-21,5922
3376,新日興,21,1,20,元富-新店,2024-05-21,5922
00946,群益科技高息成長,18,0,18,元富-新店,2024-05-21,5922
8112,至上,43,25,18,元富-新店,2024-05-21,5922
2618,長榮航,63,46,17,元富-新店,2024-05-21,5922
2367,燿華,94,78,16,元富-新店,2024-05-21,5922
00919,群益台灣精選高息,21,4,17,元富-新店,2024-05-21,5922
6591,動力-KY,15,0,15,元富-新店,2024-05-21,5922
1603,華電,16,1,15,元富-新店,2024-05-21,5922
6128,上福,13,0,13,元富-新店,2024-05-21,5922
8033,雷虎,14,2,12,元富-新店,2024-05-21,5922
00943,兆豐電子高息等權,12,0,12,元富-新店,2024-05-21,5922
1808,潤隆,12,0,12,元富-新店,2024-05-21,5922
2329,華泰,23,11,12,元富-新店,2024-05-21,5922
1608,華榮,32,21,11,元富-新店,2024-05-21,5922
2362,藍天,12,1,11,元富-新店,2024-05-21,5922
3576,聯合再生,12,1,11,元富-新店,2024-05-21,5922
8046,南電,11,0,11,元富-新店,2024-05-21,5922
1303,南亞,11,0,11,元富-新店,2024-05-21,5922
00944,野村趨勢動能高息,11,0,11,元富-新店,2024-05-21,5922
2204,中華,11,0,11,元富-新店,2024-05-21,5922
3294,英濟,11,0,11,元富-新店,2024-05-21,5922
2409,友達,11,0,11,元富-新店,2024-05-21,5922
3481,群創,12,2,10,元富-新店,2024-05-21,5922
2886,兆豐金,404,0,404,元富-新店,2024-05-22,5922
2890,永豐金,314,0,314,元富-新店,2024-05-22,5922
3036,文曄,201,0,201,元富-新店,2024-05-22,5922
00632R,元大台灣50反1,216,35,181,元富-新店,2024-05-22,5922
5498,凱崴,172,0,172,元富-新店,2024-05-22,5922
4714,永捷,88,0,88,元富-新店,2024-05-22,5922
2618,長榮航,56,11,45,元富-新店,2024-05-22,5922
2312,金寶,68,24,44,元富-新店,2024-05-22,5922
00940,元大台灣價值高息,66,22,44,元富-新店,2024-05-22,5922
2014,中鴻,50,10,40,元富-新店,2024-05-22,5922
5392,能率,40,3,37,元富-新店,2024-05-22,5922
3338,泰碩,46,9,37,元富-新店,2024-05-22,5922
2603,長榮,47,10,37,元富-新店,2024-05-22,5922
2365,昆盈,40,4,36,元富-新店,2024-05-22,5922
2367,燿華,76,46,30,元富-新店,2024-05-22,5922
6209,今國光,66,40,26,元富-新店,2024-05-22,5922
3481,群創,104,82,22,元富-新店,2024-05-22,5922
00933B,國泰10Y+金融債,21,0,21,元富-新店,2024-05-22,5922
3491,昇達科,22,1,21,元富-新店,2024-05-22,5922
8064,東捷,28,7,21,元富-新店,2024-05-22,5922
3694,海華,20,0,20,元富-新店,2024-05-22,5922
00751B,元大AAA至A公司債,20,0,20,元富-新店,2024-05-22,5922
8096,擎亞,25,5,20,元富-新店,2024-05-22,5922
00937B,群益ESG投等債20,20,0,20,元富-新店,2024-05-22,5922
2317,鴻海,61,42,19,元富-新店,2024-05-22,5922
2027,大成鋼,18,1,17,元富-新店,2024-05-22,5922
9945,潤泰新,21,4,17,元富-新店,2024-05-22,5922
1799,易威,17,0,17,元富-新店,2024-05-22,5922
00753L,中信中國50正2,17,0,17,元富-新店,2024-05-22,5922
6125,廣運,100,84,16,元富-新店,2024-05-22,5922
3047,訊舟,22,6,16,元富-新店,2024-05-22,5922
2374,佳能,71,57,14,元富-新店,2024-05-22,5922
2731,雄獅,18,4,14,元富-新店,2024-05-22,5922
5230,雷笛克光學,18,4,14,元富-新店,2024-05-22,5922
1303,南亞,14,0,14,元富-新店,2024-05-22,5922
3059,華晶科,28,15,13,元富-新店,2024-05-22,5922
2489,瑞軒,18,5,13,元富-新店,2024-05-22,5922
1709,和益,13,0,13,元富-新店,2024-05-22,5922
2002,中鋼,19,6,13,元富-新店,2024-05-22,5922
1742,台蠟,12,0,12,元富-新店,2024-05-22,5922
6578,達邦蛋白,12,0,12,元富-新店,2024-05-22,5922
8210,勤誠,12,0,12,元富-新店,2024-05-22,5922
1301,台塑,12,1,11,元富-新店,2024-05-22,5922
2449,京元電子,11,0,11,元富-新店,2024-05-22,5922
3548,兆利,14,3,11,元富-新店,2024-05-22,5922
00916,國泰全球品牌50,11,0,11,元富-新店,2024-05-22,5922
1513,中興電,12,1,11,元富-新店,2024-05-22,5922
00700,富邦�琤肭磪�,16,5,11,元富-新店,2024-05-22,5922
00665L,富邦�琤肭磪囓�2,11,0,11,元富-新店,2024-05-22,5922
3015,全漢,11,0,11,元富-新店,2024-05-22,5922
2409,友達,117,5,112,元富-新店,2024-05-23,5922
4532,瑞智,138,52,86,元富-新店,2024-05-23,5922
3312,弘憶股,85,11,74,元富-新店,2024-05-23,5922
4533,協易機,89,18,71,元富-新店,2024-05-23,5922
6209,今國光,69,4,65,元富-新店,2024-05-23,5922
5498,凱崴,115,51,64,元富-新店,2024-05-23,5922
2014,中鴻,62,0,62,元富-新店,2024-05-23,5922
00907,永豐優息存股,50,0,50,元富-新店,2024-05-23,5922
2352,佳世達,51,10,41,元富-新店,2024-05-23,5922
2324,仁寶,50,15,35,元富-新店,2024-05-23,5922
4714,永捷,34,0,34,元富-新店,2024-05-23,5922
3013,晟銘電,116,83,33,元富-新店,2024-05-23,5922
1608,華榮,61,29,32,元富-新店,2024-05-23,5922
2464,盟立,107,76,31,元富-新店,2024-05-23,5922
00665L,富邦�琤肭磪囓�2,100,70,30,元富-新店,2024-05-23,5922
2359,所羅門,64,40,24,元富-新店,2024-05-23,5922
1303,南亞,24,1,23,元富-新店,2024-05-23,5922
00937B,群益ESG投等債20,39,18,21,元富-新店,2024-05-23,5922
1537,廣隆,20,0,20,元富-新店,2024-05-23,5922
3576,聯合再生,20,0,20,元富-新店,2024-05-23,5922
4566,時碩工業,20,0,20,元富-新店,2024-05-23,5922
2363,矽統,26,7,19,元富-新店,2024-05-23,5922
5302,太欣,23,4,19,元富-新店,2024-05-23,5922
2354,鴻準,62,43,19,元富-新店,2024-05-23,5922
2886,兆豐金,18,1,17,元富-新店,2024-05-23,5922
2801,彰銀,20,3,17,元富-新店,2024-05-23,5922
00946,群益科技高息成長,26,9,17,元富-新店,2024-05-23,5922
2542,興富發,16,0,16,元富-新店,2024-05-23,5922
2890,永豐金,18,2,16,元富-新店,2024-05-23,5922
2250,IKKA-KY,17,1,16,元富-新店,2024-05-23,5922
3162,精確,16,0,16,元富-新店,2024-05-23,5922
1442,名軒,16,0,16,元富-新店,2024-05-23,5922
6282,康舒,17,1,16,元富-新店,2024-05-23,5922
2374,佳能,26,11,15,元富-新店,2024-05-23,5922
00929,復華台灣科技優息,43,28,15,元富-新店,2024-05-23,5922
00885,富邦越南,14,0,14,元富-新店,2024-05-23,5922
5258,虹堡,15,1,14,元富-新店,2024-05-23,5922
2313,華通,24,10,14,元富-新店,2024-05-23,5922
6139,亞翔,13,0,13,元富-新店,2024-05-23,5922
9945,潤泰新,22,9,13,元富-新店,2024-05-23,5922
3202,樺晟,13,0,13,元富-新店,2024-05-23,5922
3338,泰碩,24,11,13,元富-新店,2024-05-23,5922
6265,方土昶,12,0,12,元富-新店,2024-05-23,5922
00712,復華富時不動產,16,4,12,元富-新店,2024-05-23,5922
8936,國統,14,3,11,元富-新店,2024-05-23,5922
6274,台燿,11,0,11,元富-新店,2024-05-23,5922
4111,濟生,19,8,11,元富-新店,2024-05-23,5922
1326,台化,12,1,11,元富-新店,2024-05-23,5922
6188,廣明,119,108,11,元富-新店,2024-05-23,5922
2408,南亞科,11,0,11,元富-新店,2024-05-23,5922
2883,凱基金,202,26,176,元富-新店,2024-05-24,5922
00937B,群益ESG投等債20,150,2,148,元富-新店,2024-05-24,5922
00712,復華富時不動產,131,0,131,元富-新店,2024-05-24,5922
1516,川飛,63,0,63,元富-新店,2024-05-24,5922
2886,兆豐金,55,0,55,元富-新店,2024-05-24,5922
2641,正德,50,0,50,元富-新店,2024-05-24,5922
1605,華新,55,6,49,元富-新店,2024-05-24,5922
2354,鴻準,50,8,42,元富-新店,2024-05-24,5922
6282,康舒,37,0,37,元富-新店,2024-05-24,5922
2002,中鋼,35,0,35,元富-新店,2024-05-24,5922
2367,燿華,61,38,23,元富-新店,2024-05-24,5922
2486,一詮,85,63,22,元富-新店,2024-05-24,5922
00929,復華台灣科技優息,181,161,20,元富-新店,2024-05-24,5922
8110,華東,23,3,20,元富-新店,2024-05-24,5922
5498,凱崴,43,24,19,元富-新店,2024-05-24,5922
00665L,富邦�琤肭磪囓�2,37,20,17,元富-新店,2024-05-24,5922
00637L,元大滬深300正2,24,7,17,元富-新店,2024-05-24,5922
2891,中信金,56,40,16,元富-新店,2024-05-24,5922
3312,弘憶股,32,16,16,元富-新店,2024-05-24,5922
3294,英濟,15,0,15,元富-新店,2024-05-24,5922
5302,太欣,29,14,15,元富-新店,2024-05-24,5922
6770,力積電,15,1,14,元富-新店,2024-05-24,5922
4968,立積,19,5,14,元富-新店,2024-05-24,5922
2014,中鴻,14,0,14,元富-新店,2024-05-24,5922
2365,昆盈,99,85,14,元富-新店,2024-05-24,5922
3013,晟銘電,44,30,14,元富-新店,2024-05-24,5922
00940,元大台灣價值高息,18,4,14,元富-新店,2024-05-24,5922
3033,威健,31,17,14,元富-新店,2024-05-24,5922
2303,聯電,25,12,13,元富-新店,2024-05-24,5922
5521,工信,13,0,13,元富-新店,2024-05-24,5922
2330,台積電,17,4,13,元富-新店,2024-05-24,5922
2615,萬海,17,5,12,元富-新店,2024-05-24,5922
3483,力致,19,7,12,元富-新店,2024-05-24,5922
3059,華晶科,13,1,12,元富-新店,2024-05-24,5922
3481,群創,18,6,12,元富-新店,2024-05-24,5922
6147,頎邦,11,0,11,元富-新店,2024-05-24,5922
6125,廣運,91,80,11,元富-新店,2024-05-24,5922
3325,旭品,11,0,11,元富-新店,2024-05-24,5922
2465,麗臺,61,50,11,元富-新店,2024-05-24,5922
2613,中櫃,19,8,11,元富-新店,2024-05-24,5922
00885,富邦越南,14,3,11,元富-新店,2024-05-24,5922
2884,玉山金,12,1,11,元富-新店,2024-05-24,5922
4979,華星光,24,14,10,元富-新店,2024-05-24,5922
8358,金居,12,3,9,元富-新店,2024-05-24,5922
1718,中纖,9,0,9,元富-新店,2024-05-24,5922
2867,三商壽,10,1,9,元富-新店,2024-05-24,5922
2392,正崴,13,4,9,元富-新店,2024-05-24,5922
3360,尚立,10,1,9,元富-新店,2024-05-24,5922
00720B,元大投資級公司債,9,0,9,元富-新店,2024-05-24,5922
2887,台新金,9,1,8,元富-新店,2024-05-24,5922
00937B,群益ESG投等債20,197,25,172,元富-新店,2024-05-27,5922
9105,泰金寶-DR,144,19,125,元富-新店,2024-05-27,5922
2603,長榮,128,31,97,元富-新店,2024-05-27,5922
00720B,元大投資級公司債,91,0,91,元富-新店,2024-05-27,5922
2609,陽明,147,57,90,元富-新店,2024-05-27,5922
00931B,統一美債20年,63,0,63,元富-新店,2024-05-27,5922
2460,建通,57,0,57,元富-新店,2024-05-27,5922
2615,萬海,83,36,47,元富-新店,2024-05-27,5922
5230,雷笛克光學,51,5,46,元富-新店,2024-05-27,5922
5876,上海商銀,40,0,40,元富-新店,2024-05-27,5922
6125,廣運,88,49,39,元富-新店,2024-05-27,5922
2002,中鋼,43,5,38,元富-新店,2024-05-27,5922
2301,光寶科,52,17,35,元富-新店,2024-05-27,5922
00679B,元大美債20年,32,0,32,元富-新店,2024-05-27,5922
2353,宏��,119,89,30,元富-新店,2024-05-27,5922
1815,富喬,44,15,29,元富-新店,2024-05-27,5922
6275,元山,32,3,29,元富-新店,2024-05-27,5922
5439,高技,29,1,28,元富-新店,2024-05-27,5922
2867,三商壽,25,0,25,元富-新店,2024-05-27,5922
6257,矽格,26,1,25,元富-新店,2024-05-27,5922
00687B,國泰20年美債,22,0,22,元富-新店,2024-05-27,5922
6274,台燿,23,1,22,元富-新店,2024-05-27,5922
00665L,富邦�琤肭磪囓�2,21,0,21,元富-新店,2024-05-27,5922
3260,威剛,21,0,21,元富-新店,2024-05-27,5922
4168,醣聯,20,0,20,元富-新店,2024-05-27,5922
2897,王道銀行,20,0,20,元富-新店,2024-05-27,5922
4909,新復興,19,0,19,元富-新店,2024-05-27,5922
3231,緯創,40,23,17,元富-新店,2024-05-27,5922
2489,瑞軒,32,16,16,元富-新店,2024-05-27,5922
2472,立隆電,21,5,16,元富-新店,2024-05-27,5922
5388,中磊,15,0,15,元富-新店,2024-05-27,5922
00882,中信中國高股息,25,10,15,元富-新店,2024-05-27,5922
5452,佶優,15,0,15,元富-新店,2024-05-27,5922
00753L,中信中國50正2,16,1,15,元富-新店,2024-05-27,5922
8111,立��,15,0,15,元富-新店,2024-05-27,5922
4714,永捷,14,0,14,元富-新店,2024-05-27,5922
5009,榮剛,14,0,14,元富-新店,2024-05-27,5922
00933B,國泰10Y+金融債,14,0,14,元富-新店,2024-05-27,5922
2330,台積電,15,1,14,元富-新店,2024-05-27,5922
00877,復華中國5G,13,0,13,元富-新店,2024-05-27,5922
3234,光環,16,3,13,元富-新店,2024-05-27,5922
4960,誠美材,18,5,13,元富-新店,2024-05-27,5922
2883,凱基金,13,0,13,元富-新店,2024-05-27,5922
1340,勝悅-KY,12,0,12,元富-新店,2024-05-27,5922
6147,頎邦,14,2,12,元富-新店,2024-05-27,5922
8071,能率網通,12,0,12,元富-新店,2024-05-27,5922
5498,凱崴,28,16,12,元富-新店,2024-05-27,5922
3202,樺晟,73,61,12,元富-新店,2024-05-27,5922
3059,華晶科,29,17,12,元富-新店,2024-05-27,5922
2495,普安,12,0,12,元富-新店,2024-05-27,5922
00929,復華台灣科技優息,279,86,193,元富-新店,2024-05-28,5922
2615,萬海,94,6,88,元富-新店,2024-05-28,5922
8271,宇瞻,70,0,70,元富-新店,2024-05-28,5922
00937B,群益ESG投等債20,93,25,68,元富-新店,2024-05-28,5922
2891,中信金,85,21,64,元富-新店,2024-05-28,5922
2609,陽明,133,76,57,元富-新店,2024-05-28,5922
2332,友訊,50,0,50,元富-新店,2024-05-28,5922
2610,華航,62,22,40,元富-新店,2024-05-28,5922
4526,東台,46,11,35,元富-新店,2024-05-28,5922
4714,永捷,41,11,30,元富-新店,2024-05-28,5922
5328,華容,30,0,30,元富-新店,2024-05-28,5922
9105,泰金寶-DR,334,304,30,元富-新店,2024-05-28,5922
3036,文曄,30,2,28,元富-新店,2024-05-28,5922
3202,樺晟,31,5,26,元富-新店,2024-05-28,5922
3481,群創,40,15,25,元富-新店,2024-05-28,5922
00632R,元大台灣50反1,54,30,24,元富-新店,2024-05-28,5922
2511,太子,24,0,24,元富-新店,2024-05-28,5922
2421,建準,25,2,23,元富-新店,2024-05-28,5922
2486,一詮,39,16,23,元富-新店,2024-05-28,5922
00919,群益台灣精選高息,35,13,22,元富-新店,2024-05-28,5922
9919,康那香,22,0,22,元富-新店,2024-05-28,5922
00935,野村臺灣新科技50,21,0,21,元富-新店,2024-05-28,5922
4532,瑞智,21,0,21,元富-新店,2024-05-28,5922
2303,聯電,29,9,20,元富-新店,2024-05-28,5922
00712,復華富時不動產,20,0,20,元富-新店,2024-05-28,5922
2353,宏��,139,120,19,元富-新店,2024-05-28,5922
2354,鴻準,132,113,19,元富-新店,2024-05-28,5922
8064,東捷,49,30,19,元富-新店,2024-05-28,5922
2301,光寶科,41,22,19,元富-新店,2024-05-28,5922
00679B,元大美債20年,18,0,18,元富-新店,2024-05-28,5922
2641,正德,75,58,17,元富-新店,2024-05-28,5922
00665L,富邦�琤肭磪囓�2,17,0,17,元富-新店,2024-05-28,5922
2374,佳能,19,3,16,元富-新店,2024-05-28,5922
4726,永昕,15,0,15,元富-新店,2024-05-28,5922
4111,濟生,14,0,14,元富-新店,2024-05-28,5922
3706,神達,17,4,13,元富-新店,2024-05-28,5922
0050,元大台灣50,14,1,13,元富-新店,2024-05-28,5922
1504,東元,13,0,13,元富-新店,2024-05-28,5922
5498,凱崴,52,39,13,元富-新店,2024-05-28,5922
3450,聯鈞,52,40,12,元富-新店,2024-05-28,5922
2020,美亞,12,0,12,元富-新店,2024-05-28,5922
2886,兆豐金,12,0,12,元富-新店,2024-05-28,5922
5371,中光電,59,47,12,元富-新店,2024-05-28,5922
2464,盟立,128,116,12,元富-新店,2024-05-28,5922
6215,和椿,29,18,11,元富-新店,2024-05-28,5922
3048,益登,11,0,11,元富-新店,2024-05-28,5922
2382,廣達,14,4,10,元富-新店,2024-05-28,5922
6265,方土昶,10,0,10,元富-新店,2024-05-28,5922
6245,立端,10,0,10,元富-新店,2024-05-28,5922
2025,千興,10,0,10,元富-新店,2024-05-28,5922
2890,永豐金,423,0,423,元富-新店,2024-05-29,5922
00937B,群益ESG投等債20,351,80,271,元富-新店,2024-05-29,5922
3231,緯創,135,15,120,元富-新店,2024-05-29,5922
3036,文曄,109,2,107,元富-新店,2024-05-29,5922
2353,宏��,129,41,88,元富-新店,2024-05-29,5922
2312,金寶,101,21,80,元富-新店,2024-05-29,5922
2367,燿華,83,6,77,元富-新店,2024-05-29,5922
4532,瑞智,84,10,74,元富-新店,2024-05-29,5922
00679B,元大美債20年,73,0,73,元富-新店,2024-05-29,5922
2634,漢翔,65,0,65,元富-新店,2024-05-29,5922
1455,集盛,55,0,55,元富-新店,2024-05-29,5922
00687B,國泰20年美債,52,0,52,元富-新店,2024-05-29,5922
2317,鴻海,66,14,52,元富-新店,2024-05-29,5922
2401,凌陽,223,171,52,元富-新店,2024-05-29,5922
00751B,元大AAA至A公司債,41,0,41,元富-新店,2024-05-29,5922
2489,瑞軒,116,78,38,元富-新店,2024-05-29,5922
2324,仁寶,42,5,37,元富-新店,2024-05-29,5922
6188,廣明,49,13,36,元富-新店,2024-05-29,5922
2891,中信金,64,30,34,元富-新店,2024-05-29,5922
4111,濟生,33,0,33,元富-新店,2024-05-29,5922
3014,聯陽,34,3,31,元富-新店,2024-05-29,5922
2881,富邦金,31,1,30,元富-新店,2024-05-29,5922
3047,訊舟,36,6,30,元富-新店,2024-05-29,5922
2886,兆豐金,28,0,28,元富-新店,2024-05-29,5922
6005,群益證,27,0,27,元富-新店,2024-05-29,5922
00931B,統一美債20年,27,0,27,元富-新店,2024-05-29,5922
00918,大華優利高填息30,26,0,26,元富-新店,2024-05-29,5922
5371,中光電,33,8,25,元富-新店,2024-05-29,5922
6155,鈞寶,25,0,25,元富-新店,2024-05-29,5922
1301,台塑,25,0,25,元富-新店,2024-05-29,5922
2867,三商壽,27,3,24,元富-新店,2024-05-29,5922
8112,至上,39,15,24,元富-新店,2024-05-29,5922
2303,聯電,30,7,23,元富-新店,2024-05-29,5922
1201,味全,22,0,22,元富-新店,2024-05-29,5922
3450,聯鈞,59,37,22,元富-新店,2024-05-29,5922
2002,中鋼,23,1,22,元富-新店,2024-05-29,5922
1326,台化,23,1,22,元富-新店,2024-05-29,5922
00878,國泰永續高股息,24,2,22,元富-新店,2024-05-29,5922
2605,新興,60,39,21,元富-新店,2024-05-29,5922
2850,新產,20,0,20,元富-新店,2024-05-29,5922
2464,盟立,135,116,19,元富-新店,2024-05-29,5922
2374,佳能,18,1,17,元富-新店,2024-05-29,5922
00772B,中信高評級公司債,17,0,17,元富-新店,2024-05-29,5922
1101,台泥,16,0,16,元富-新店,2024-05-29,5922
6189,豐藝,25,9,16,元富-新店,2024-05-29,5922
00933B,國泰10Y+金融債,21,5,16,元富-新店,2024-05-29,5922
00720B,元大投資級公司債,23,7,16,元富-新店,2024-05-29,5922
4952,凌通,67,51,16,元富-新店,2024-05-29,5922
6270,倍微,16,0,16,元富-新店,2024-05-29,5922
2880,華南金,15,0,15,元富-新店,2024-05-29,5922
00632R,元大台灣50反1,500,61,439,元富-新店,2024-05-30,5922
3036,文曄,202,2,200,元富-新店,2024-05-30,5922
2881,富邦金,180,0,180,元富-新店,2024-05-30,5922
00679B,元大美債20年,103,0,103,元富-新店,2024-05-30,5922
00937B,群益ESG投等債20,142,47,95,元富-新店,2024-05-30,5922
00929,復華台灣科技優息,93,11,82,元富-新店,2024-05-30,5922
2354,鴻準,87,13,74,元富-新店,2024-05-30,5922
2891,中信金,93,21,72,元富-新店,2024-05-30,5922
00915,凱基優選高股息30,67,0,67,元富-新店,2024-05-30,5922
9105,泰金寶-DR,54,0,54,元富-新店,2024-05-30,5922
2489,瑞軒,81,27,54,元富-新店,2024-05-30,5922
1808,潤隆,54,1,53,元富-新店,2024-05-30,5922
2609,陽明,51,12,39,元富-新店,2024-05-30,5922
8150,南茂,38,0,38,元富-新店,2024-05-30,5922
2615,萬海,43,6,37,元富-新店,2024-05-30,5922
00712,復華富時不動產,40,5,35,元富-新店,2024-05-30,5922
6155,鈞寶,35,0,35,元富-新店,2024-05-30,5922
2317,鴻海,48,13,35,元富-新店,2024-05-30,5922
00888,永豐台灣ESG,32,0,32,元富-新店,2024-05-30,5922
00878,國泰永續高股息,35,5,30,元富-新店,2024-05-30,5922
6128,上福,28,0,28,元富-新店,2024-05-30,5922
1742,台蠟,28,0,28,元富-新店,2024-05-30,5922
2363,矽統,65,37,28,元富-新店,2024-05-30,5922
2002,中鋼,26,1,25,元富-新店,2024-05-30,5922
6122,擎邦,25,0,25,元富-新店,2024-05-30,5922
2618,長榮航,53,29,24,元富-新店,2024-05-30,5922
1303,南亞,26,2,24,元富-新店,2024-05-30,5922
2855,統一證,28,4,24,元富-新店,2024-05-30,5922
1815,富喬,34,11,23,元富-新店,2024-05-30,5922
5230,雷笛克光學,71,51,20,元富-新店,2024-05-30,5922
4111,濟生,20,0,20,元富-新店,2024-05-30,5922
6219,富旺,20,0,20,元富-新店,2024-05-30,5922
00720B,元大投資級公司債,20,1,19,元富-新店,2024-05-30,5922
1540,喬福,21,2,19,元富-新店,2024-05-30,5922
00919,群益台灣精選高息,28,9,19,元富-新店,2024-05-30,5922
2330,台積電,23,5,18,元富-新店,2024-05-30,5922
2329,華泰,44,26,18,元富-新店,2024-05-30,5922
9945,潤泰新,18,1,17,元富-新店,2024-05-30,5922
6180,橘子,17,0,17,元富-新店,2024-05-30,5922
2610,華航,28,12,16,元富-新店,2024-05-30,5922
00751B,元大AAA至A公司債,16,0,16,元富-新店,2024-05-30,5922
6770,力積電,18,2,16,元富-新店,2024-05-30,5922
00753L,中信中國50正2,16,0,16,元富-新店,2024-05-30,5922
2250,IKKA-KY,16,0,16,元富-新店,2024-05-30,5922
3706,神達,22,6,16,元富-新店,2024-05-30,5922
6546,正基,16,0,16,元富-新店,2024-05-30,5922
2356,英業達,15,0,15,元富-新店,2024-05-30,5922
1618,合機,15,0,15,元富-新店,2024-05-30,5922
5302,太欣,44,29,15,元富-新店,2024-05-30,5922
00939,統一台灣高息動能,23,8,15,元富-新店,2024-05-30,5922
2609,陽明,249,141,108,元富-新店,2024-05-31,5922
00929,復華台灣科技優息,108,23,85,元富-新店,2024-05-31,5922
2498,宏達電,112,38,74,元富-新店,2024-05-31,5922
2615,萬海,81,16,65,元富-新店,2024-05-31,5922
2867,三商壽,71,7,64,元富-新店,2024-05-31,5922
00919,群益台灣精選高息,70,8,62,元富-新店,2024-05-31,5922
6005,群益證,58,0,58,元富-新店,2024-05-31,5922
00888,永豐台灣ESG,63,10,53,元富-新店,2024-05-31,5922
2353,宏��,53,2,51,元富-新店,2024-05-31,5922
4726,永昕,50,0,50,元富-新店,2024-05-31,5922
00939,統一台灣高息動能,44,0,44,元富-新店,2024-05-31,5922
00946,群益科技高息成長,43,0,43,元富-新店,2024-05-31,5922
2002,中鋼,46,4,42,元富-新店,2024-05-31,5922
00940,元大台灣價值高息,44,3,41,元富-新店,2024-05-31,5922
2317,鴻海,69,31,38,元富-新店,2024-05-31,5922
3312,弘憶股,105,68,37,元富-新店,2024-05-31,5922
4111,濟生,35,0,35,元富-新店,2024-05-31,5922
3231,緯創,48,13,35,元富-新店,2024-05-31,5922
2618,長榮航,62,29,33,元富-新店,2024-05-31,5922
2329,華泰,43,12,31,元富-新店,2024-05-31,5922
2610,華航,64,35,29,元富-新店,2024-05-31,5922
3290,東浦,24,0,24,元富-新店,2024-05-31,5922
6770,力積電,32,8,24,元富-新店,2024-05-31,5922
5880,合庫金,23,0,23,元富-新店,2024-05-31,5922
2886,兆豐金,26,3,23,元富-新店,2024-05-31,5922
2303,聯電,27,5,22,元富-新店,2024-05-31,5922
2501,國建,27,5,22,元富-新店,2024-05-31,5922
2330,台積電,23,2,21,元富-新店,2024-05-31,5922
3537,堡達,20,0,20,元富-新店,2024-05-31,5922
3576,聯合再生,20,0,20,元富-新店,2024-05-31,5922
4714,永捷,20,0,20,元富-新店,2024-05-31,5922
1815,富喬,24,6,18,元富-新店,2024-05-31,5922
1102,亞泥,18,0,18,元富-新店,2024-05-31,5922
2356,英業達,19,1,18,元富-新店,2024-05-31,5922
1522,堤維西,17,0,17,元富-新店,2024-05-31,5922
2374,佳能,27,10,17,元富-新店,2024-05-31,5922
3088,艾訊,17,0,17,元富-新店,2024-05-31,5922
1514,亞力,17,2,15,元富-新店,2024-05-31,5922
2328,廣宇,75,60,15,元富-新店,2024-05-31,5922
6122,擎邦,15,0,15,元富-新店,2024-05-31,5922
8107,大億金茂,43,28,15,元富-新店,2024-05-31,5922
2324,仁寶,15,1,14,元富-新店,2024-05-31,5922
2504,國產,29,15,14,元富-新店,2024-05-31,5922
3062,建漢,22,8,14,元富-新店,2024-05-31,5922
2363,矽統,40,26,14,元富-新店,2024-05-31,5922
1742,台蠟,13,0,13,元富-新店,2024-05-31,5922
1201,味全,12,0,12,元富-新店,2024-05-31,5922
8112,至上,13,2,11,元富-新店,2024-05-31,5922
8358,金居,11,0,11,元富-新店,2024-05-31,5922
1909,榮成,10,0,10,元富-新店,2024-05-31,5922
2886,兆豐金,359,0,359,元富-新店,2024-06-03,5922
00751B,元大AAA至A公司債,200,0,200,元富-新店,2024-06-03,5922
2641,正德,188,0,188,元富-新店,2024-06-03,5922
2867,三商壽,140,0,140,元富-新店,2024-06-03,5922
2610,華航,112,7,105,元富-新店,2024-06-03,5922
00918,大華優利高填息30,87,0,87,元富-新店,2024-06-03,5922
3202,樺晟,76,7,69,元富-新店,2024-06-03,5922
2324,仁寶,80,14,66,元富-新店,2024-06-03,5922
2353,宏��,58,9,49,元富-新店,2024-06-03,5922
2618,長榮航,50,5,45,元富-新店,2024-06-03,5922
3033,威健,40,0,40,元富-新店,2024-06-03,5922
00665L,富邦�琤肭磪囓�2,40,1,39,元富-新店,2024-06-03,5922
2495,普安,40,1,39,元富-新店,2024-06-03,5922
2243,宏旭-KY,37,1,36,元富-新店,2024-06-03,5922
00929,復華台灣科技優息,58,23,35,元富-新店,2024-06-03,5922
4979,華星光,42,12,30,元富-新店,2024-06-03,5922
3483,力致,34,4,30,元富-新店,2024-06-03,5922
00946,群益科技高息成長,30,0,30,元富-新店,2024-06-03,5922
2317,鴻海,40,12,28,元富-新店,2024-06-03,5922
3374,精材,30,3,27,元富-新店,2024-06-03,5922
9933,中鼎,26,1,25,元富-新店,2024-06-03,5922
2537,聯上發,32,7,25,元富-新店,2024-06-03,5922
5302,太欣,29,5,24,元富-新店,2024-06-03,5922
1784,訊聯,23,0,23,元富-新店,2024-06-03,5922
2392,正崴,22,0,22,元富-新店,2024-06-03,5922
2374,佳能,22,0,22,元富-新店,2024-06-03,5922
2354,鴻準,65,44,21,元富-新店,2024-06-03,5922
3294,英濟,32,12,20,元富-新店,2024-06-03,5922
2014,中鴻,20,0,20,元富-新店,2024-06-03,5922
00715L,期街口布蘭特正2,17,0,17,元富-新店,2024-06-03,5922
6175,立敦,15,0,15,元富-新店,2024-06-03,5922
1303,南亞,19,5,14,元富-新店,2024-06-03,5922
1609,大亞,14,0,14,元富-新店,2024-06-03,5922
2889,國票金,14,0,14,元富-新店,2024-06-03,5922
2882,國泰金,13,0,13,元富-新店,2024-06-03,5922
5230,雷笛克光學,25,12,13,元富-新店,2024-06-03,5922
00637L,元大滬深300正2,13,0,13,元富-新店,2024-06-03,5922
3047,訊舟,27,14,13,元富-新店,2024-06-03,5922
9945,潤泰新,14,1,13,元富-新店,2024-06-03,5922
2303,聯電,28,15,13,元富-新店,2024-06-03,5922
1540,喬福,12,0,12,元富-新店,2024-06-03,5922
2442,新美齊,12,0,12,元富-新店,2024-06-03,5922
6160,欣技,12,0,12,元富-新店,2024-06-03,5922
2608,嘉里大榮,12,0,12,元富-新店,2024-06-03,5922
2412,中華電,13,2,11,元富-新店,2024-06-03,5922
6161,捷波,11,0,11,元富-新店,2024-06-03,5922
6282,康舒,15,4,11,元富-新店,2024-06-03,5922
4533,協易機,44,33,11,元富-新店,2024-06-03,5922
6275,元山,18,8,10,元富-新店,2024-06-03,5922
3437,榮創,10,0,10,元富-新店,2024-06-03,5922
9105,泰金寶-DR,255,7,248,元富-新店,2024-06-04,5922
00919,群益台灣精選高息,244,16,228,元富-新店,2024-06-04,5922
00888,永豐台灣ESG,225,0,225,元富-新店,2024-06-04,5922
2495,普安,127,3,124,元富-新店,2024-06-04,5922
2641,正德,101,1,100,元富-新店,2024-06-04,5922
00671R,富邦NASDAQ反1,100,0,100,元富-新店,2024-06-04,5922
6005,群益證,97,0,97,元富-新店,2024-06-04,5922
6770,力積電,105,10,95,元富-新店,2024-06-04,5922
4726,永昕,80,14,66,元富-新店,2024-06-04,5922
00937B,群益ESG投等債20,66,2,64,元富-新店,2024-06-04,5922
2888,新光金,199,136,63,元富-新店,2024-06-04,5922
2317,鴻海,83,21,62,元富-新店,2024-06-04,5922
00753L,中信中國50正2,59,0,59,元富-新店,2024-06-04,5922
00918,大華優利高填息30,55,1,54,元富-新店,2024-06-04,5922
2014,中鴻,55,1,54,元富-新店,2024-06-04,5922
6578,達邦蛋白,50,1,49,元富-新店,2024-06-04,5922
2002,中鋼,45,0,45,元富-新店,2024-06-04,5922
2464,盟立,78,36,42,元富-新店,2024-06-04,5922
2331,精英,86,45,41,元富-新店,2024-06-04,5922
2881,富邦金,41,0,41,元富-新店,2024-06-04,5922
5876,上海商銀,44,3,41,元富-新店,2024-06-04,5922
00946,群益科技高息成長,38,0,38,元富-新店,2024-06-04,5922
2537,聯上發,206,170,36,元富-新店,2024-06-04,5922
3481,群創,38,4,34,元富-新店,2024-06-04,5922
00878,國泰永續高股息,34,0,34,元富-新店,2024-06-04,5922
3013,晟銘電,66,32,34,元富-新店,2024-06-04,5922
2867,三商壽,52,20,32,元富-新店,2024-06-04,5922
2312,金寶,95,64,31,元富-新店,2024-06-04,5922
5498,凱崴,30,0,30,元富-新店,2024-06-04,5922
2353,宏��,47,19,28,元富-新店,2024-06-04,5922
3231,緯創,27,2,25,元富-新店,2024-06-04,5922
2610,華航,26,2,24,元富-新店,2024-06-04,5922
00936,台新永續高息中小,24,1,23,元富-新店,2024-06-04,5922
4543,萬在,23,0,23,元富-新店,2024-06-04,5922
4157,太景*-KY,22,0,22,元富-新店,2024-06-04,5922
2324,仁寶,25,4,21,元富-新店,2024-06-04,5922
00935,野村臺灣新科技50,20,0,20,元富-新店,2024-06-04,5922
2241,艾姆勒,30,10,20,元富-新店,2024-06-04,5922
2618,長榮航,60,40,20,元富-新店,2024-06-04,5922
1532,勤美,24,5,19,元富-新店,2024-06-04,5922
6112,邁達特,20,2,18,元富-新店,2024-06-04,5922
2374,佳能,19,1,18,元富-新店,2024-06-04,5922
00715L,期街口布蘭特正2,18,1,17,元富-新店,2024-06-04,5922
00923,群益台ESG低碳50,17,0,17,元富-新店,2024-06-04,5922
2409,友達,17,0,17,元富-新店,2024-06-04,5922
2371,大同,20,3,17,元富-新店,2024-06-04,5922
00929,復華台灣科技優息,26,10,16,元富-新店,2024-06-04,5922
2486,一詮,26,10,16,元富-新店,2024-06-04,5922
2408,南亞科,16,0,16,元富-新店,2024-06-04,5922
1303,南亞,25,9,16,元富-新店,2024-06-04,5922
00936,台新永續高息中小,138,0,138,元富-新店,2024-06-05,5922
00929,復華台灣科技優息,156,25,131,元富-新店,2024-06-05,5922
00878,國泰永續高股息,114,1,113,元富-新店,2024-06-05,5922
0056,元大高股息,61,0,61,元富-新店,2024-06-05,5922
9105,泰金寶-DR,115,60,55,元富-新店,2024-06-05,5922
2352,佳世達,53,0,53,元富-新店,2024-06-05,5922
2356,英業達,54,7,47,元富-新店,2024-06-05,5922
00918,大華優利高填息30,45,1,44,元富-新店,2024-06-05,5922
00632R,元大台灣50反1,66,25,41,元富-新店,2024-06-05,5922
1815,富喬,66,33,33,元富-新店,2024-06-05,5922
2498,宏達電,32,1,31,元富-新店,2024-06-05,5922
5876,上海商銀,30,0,30,元富-新店,2024-06-05,5922
00931B,統一美債20年,31,2,29,元富-新店,2024-06-05,5922
00933B,國泰10Y+金融債,29,0,29,元富-新店,2024-06-05,5922
6282,康舒,30,2,28,元富-新店,2024-06-05,5922
2417,圓剛,43,18,25,元富-新店,2024-06-05,5922
2464,盟立,27,4,23,元富-新店,2024-06-05,5922
2915,潤泰全,23,0,23,元富-新店,2024-06-05,5922
00919,群益台灣精選高息,32,9,23,元富-新店,2024-06-05,5922
00637L,元大滬深300正2,22,0,22,元富-新店,2024-06-05,5922
2353,宏��,26,4,22,元富-新店,2024-06-05,5922
2888,新光金,43,21,22,元富-新店,2024-06-05,5922
2380,虹光,20,0,20,元富-新店,2024-06-05,5922
6245,立端,25,5,20,元富-新店,2024-06-05,5922
2002,中鋼,20,0,20,元富-新店,2024-06-05,5922
4760,勤凱,20,0,20,元富-新店,2024-06-05,5922
5512,力麒,20,1,19,元富-新店,2024-06-05,5922
3013,晟銘電,81,62,19,元富-新店,2024-06-05,5922
3019,亞光,20,2,18,元富-新店,2024-06-05,5922
2454,聯發科,17,0,17,元富-新店,2024-06-05,5922
1303,南亞,20,3,17,元富-新店,2024-06-05,5922
2374,佳能,18,2,16,元富-新店,2024-06-05,5922
6016,康和證,16,0,16,元富-新店,2024-06-05,5922
00945B,凱基美國非投等債,15,0,15,元富-新店,2024-06-05,5922
3231,緯創,25,11,14,元富-新店,2024-06-05,5922
00720B,元大投資級公司債,15,1,14,元富-新店,2024-06-05,5922
3088,艾訊,14,0,14,元富-新店,2024-06-05,5922
2409,友達,16,2,14,元富-新店,2024-06-05,5922
2354,鴻準,61,48,13,元富-新店,2024-06-05,5922
00712,復華富時不動產,23,10,13,元富-新店,2024-06-05,5922
5521,工信,13,0,13,元富-新店,2024-06-05,5922
6128,上福,13,0,13,元富-新店,2024-06-05,5922
6188,廣明,37,25,12,元富-新店,2024-06-05,5922
3202,樺晟,16,4,12,元富-新店,2024-06-05,5922
1540,喬福,12,0,12,元富-新店,2024-06-05,5922
5340,建榮,93,81,12,元富-新店,2024-06-05,5922
8086,宏捷科,12,1,11,元富-新店,2024-06-05,5922
8112,至上,18,7,11,元富-新店,2024-06-05,5922
6443,元晶,12,1,11,元富-新店,2024-06-05,5922
2101,南港,34,23,11,元富-新店,2024-06-05,5922
2405,輔信,203,2,201,元富-新店,2024-06-06,5922
00665L,富邦�琤肭磪囓�2,138,0,138,元富-新店,2024-06-06,5922
00937B,群益ESG投等債20,101,18,83,元富-新店,2024-06-06,5922
5498,凱崴,95,12,83,元富-新店,2024-06-06,5922
2609,陽明,416,339,77,元富-新店,2024-06-06,5922
00642U,期元大S＆P石油,70,1,69,元富-新店,2024-06-06,5922
2352,佳世達,65,0,65,元富-新店,2024-06-06,5922
00632R,元大台灣50反1,216,155,61,元富-新店,2024-06-06,5922
8028,昇陽半導體,52,0,52,元富-新店,2024-06-06,5922
00943,兆豐電子高息等權,50,0,50,元富-新店,2024-06-06,5922
5009,榮剛,46,1,45,元富-新店,2024-06-06,5922
00664R,國泰臺灣加權反1,40,0,40,元富-新店,2024-06-06,5922
4714,永捷,40,4,36,元富-新店,2024-06-06,5922
1909,榮成,31,0,31,元富-新店,2024-06-06,5922
4726,永昕,69,38,31,元富-新店,2024-06-06,5922
6282,康舒,31,2,29,元富-新店,2024-06-06,5922
2408,南亞科,33,4,29,元富-新店,2024-06-06,5922
2014,中鴻,30,2,28,元富-新店,2024-06-06,5922
00637L,元大滬深300正2,131,105,26,元富-新店,2024-06-06,5922
3033,威健,29,5,24,元富-新店,2024-06-06,5922
2002,中鋼,24,0,24,元富-新店,2024-06-06,5922
2615,萬海,177,154,23,元富-新店,2024-06-06,5922
00715L,期街口布蘭特正2,22,1,21,元富-新店,2024-06-06,5922
00857B,永豐20年美公債,20,0,20,元富-新店,2024-06-06,5922
00931B,統一美債20年,18,0,18,元富-新店,2024-06-06,5922
3231,緯創,20,4,16,元富-新店,2024-06-06,5922
2611,志信,34,18,16,元富-新店,2024-06-06,5922
00945B,凱基美國非投等債,15,0,15,元富-新店,2024-06-06,5922
2365,昆盈,14,0,14,元富-新店,2024-06-06,5922
6589,台康生技,14,0,14,元富-新店,2024-06-06,5922
5608,四維航,44,30,14,元富-新店,2024-06-06,5922
1303,南亞,17,4,13,元富-新店,2024-06-06,5922
3062,建漢,14,1,13,元富-新店,2024-06-06,5922
1524,耿鼎,13,0,13,元富-新店,2024-06-06,5922
6550,北極星藥業-KY,12,1,11,元富-新店,2024-06-06,5922
9105,泰金寶-DR,12,1,11,元富-新店,2024-06-06,5922
6689,伊雲谷,11,0,11,元富-新店,2024-06-06,5922
2102,泰豐,11,0,11,元富-新店,2024-06-06,5922
2101,南港,42,31,11,元富-新店,2024-06-06,5922
2436,偉詮電,10,0,10,元富-新店,2024-06-06,5922
3703,欣陸,10,0,10,元富-新店,2024-06-06,5922
9945,潤泰新,14,4,10,元富-新店,2024-06-06,5922
2338,光罩,10,0,10,元富-新店,2024-06-06,5922
3209,全科,10,0,10,元富-新店,2024-06-06,5922
1616,億泰,10,0,10,元富-新店,2024-06-06,5922
3028,增你強,10,0,10,元富-新店,2024-06-06,5922
5490,同亨,19,9,10,元富-新店,2024-06-06,5922
8011,台通,10,0,10,元富-新店,2024-06-06,5922
2353,宏��,21,11,10,元富-新店,2024-06-06,5922
2801,彰銀,10,1,9,元富-新店,2024-06-06,5922
00687B,國泰20年美債,92,7,85,元富-新店,2024-06-07,5922
00637L,元大滬深300正2,79,0,79,元富-新店,2024-06-07,5922
6005,群益證,77,5,72,元富-新店,2024-06-07,5922
2352,佳世達,65,1,64,元富-新店,2024-06-07,5922
3231,緯創,54,9,45,元富-新店,2024-06-07,5922
2312,金寶,346,307,39,元富-新店,2024-06-07,5922
1503,士電,57,19,38,元富-新店,2024-06-07,5922
2353,宏��,40,3,37,元富-新店,2024-06-07,5922
00919,群益台灣精選高息,48,15,33,元富-新店,2024-06-07,5922
00936,台新永續高息中小,33,2,31,元富-新店,2024-06-07,5922
3372,典範,45,14,31,元富-新店,2024-06-07,5922
2356,英業達,32,1,31,元富-新店,2024-06-07,5922
00885,富邦越南,30,0,30,元富-新店,2024-06-07,5922
9105,泰金寶-DR,58,30,28,元富-新店,2024-06-07,5922
2367,燿華,38,11,27,元富-新店,2024-06-07,5922
3260,威剛,27,1,26,元富-新店,2024-06-07,5922
2374,佳能,26,0,26,元富-新店,2024-06-07,5922
5302,太欣,24,1,23,元富-新店,2024-06-07,5922
5439,高技,23,0,23,元富-新店,2024-06-07,5922
2501,國建,46,24,22,元富-新店,2024-06-07,5922
00918,大華優利高填息30,24,2,22,元富-新店,2024-06-07,5922
2454,聯發科,22,1,21,元富-新店,2024-06-07,5922
3209,全科,21,0,21,元富-新店,2024-06-07,5922
00929,復華台灣科技優息,32,12,20,元富-新店,2024-06-07,5922
3105,穩懋,22,2,20,元富-新店,2024-06-07,5922
2371,大同,23,6,17,元富-新店,2024-06-07,5922
2520,冠德,35,18,17,元富-新店,2024-06-07,5922
3048,益登,15,0,15,元富-新店,2024-06-07,5922
00665L,富邦�琤肭磪囓�2,25,10,15,元富-新店,2024-06-07,5922
3373,熱映,15,0,15,元富-新店,2024-06-07,5922
1609,大亞,32,17,15,元富-新店,2024-06-07,5922
2344,華邦電,16,2,14,元富-新店,2024-06-07,5922
8064,東捷,22,8,14,元富-新店,2024-06-07,5922
2363,矽統,17,3,14,元富-新店,2024-06-07,5922
4533,協易機,30,18,12,元富-新店,2024-06-07,5922
1582,信錦,12,0,12,元富-新店,2024-06-07,5922
8112,至上,18,6,12,元富-新店,2024-06-07,5922
8110,華東,12,0,12,元富-新店,2024-06-07,5922
3312,弘憶股,16,5,11,元富-新店,2024-06-07,5922
8466,美吉吉-KY,10,0,10,元富-新店,2024-06-07,5922
3266,昇陽,14,4,10,元富-新店,2024-06-07,5922
1805,寶徠,10,0,10,元富-新店,2024-06-07,5922
2382,廣達,13,3,10,元富-新店,2024-06-07,5922
6155,鈞寶,11,2,9,元富-新店,2024-06-07,5922
6285,啟��,12,3,9,元富-新店,2024-06-07,5922
2489,瑞軒,9,0,9,元富-新店,2024-06-07,5922
00937B,群益ESG投等債20,23,15,8,元富-新店,2024-06-07,5922
6188,廣明,8,0,8,元富-新店,2024-06-07,5922
2301,光寶科,8,0,8,元富-新店,2024-06-07,5922
1612,宏泰,14,6,8,元富-新店,2024-06-07,5922
00712,復華富時不動產,235,0,235,元富-新店,2024-06-11,5922
00937B,群益ESG投等債20,142,0,142,元富-新店,2024-06-11,5922
00882,中信中國高股息,123,5,118,元富-新店,2024-06-11,5922
2637,慧洋-KY,118,5,113,元富-新店,2024-06-11,5922
2801,彰銀,103,0,103,元富-新店,2024-06-11,5922
2880,華南金,123,21,102,元富-新店,2024-06-11,5922
00929,復華台灣科技優息,133,33,100,元富-新店,2024-06-11,5922
5302,太欣,111,13,98,元富-新店,2024-06-11,5922
00918,大華優利高填息30,127,35,92,元富-新店,2024-06-11,5922
5880,合庫金,90,1,89,元富-新店,2024-06-11,5922
00687B,國泰20年美債,87,0,87,元富-新店,2024-06-11,5922
2609,陽明,281,199,82,元富-新店,2024-06-11,5922
2605,新興,67,8,59,元富-新店,2024-06-11,5922
1608,華榮,71,12,59,元富-新店,2024-06-11,5922
00679B,元大美債20年,57,0,57,元富-新店,2024-06-11,5922
00936,台新永續高息中小,59,2,57,元富-新店,2024-06-11,5922
00680L,元大美債20正2,58,1,57,元富-新店,2024-06-11,5922
2603,長榮,68,17,51,元富-新店,2024-06-11,5922
2613,中櫃,55,5,50,元富-新店,2024-06-11,5922
2464,盟立,55,7,48,元富-新店,2024-06-11,5922
2883,凱基金,98,57,41,元富-新店,2024-06-11,5922
00919,群益台灣精選高息,62,21,41,元富-新店,2024-06-11,5922
2371,大同,47,7,40,元富-新店,2024-06-11,5922
4967,十銓,42,9,33,元富-新店,2024-06-11,5922
3483,力致,65,33,32,元富-新店,2024-06-11,5922
2374,佳能,57,29,28,元富-新店,2024-06-11,5922
2344,華邦電,28,0,28,元富-新店,2024-06-11,5922
00753L,中信中國50正2,27,0,27,元富-新店,2024-06-11,5922
4906,正文,32,5,27,元富-新店,2024-06-11,5922
9945,潤泰新,32,5,27,元富-新店,2024-06-11,5922
00751B,元大AAA至A公司債,26,0,26,元富-新店,2024-06-11,5922
4533,協易機,30,4,26,元富-新店,2024-06-11,5922
3024,憶聲,25,0,25,元富-新店,2024-06-11,5922
2506,太設,23,0,23,元富-新店,2024-06-11,5922
1784,訊聯,22,0,22,元富-新店,2024-06-11,5922
00637L,元大滬深300正2,21,0,21,元富-新店,2024-06-11,5922
5014,建錩,21,0,21,元富-新店,2024-06-11,5922
3701,大眾控,20,0,20,元富-新店,2024-06-11,5922
3047,訊舟,33,13,20,元富-新店,2024-06-11,5922
00907,永豐優息存股,20,0,20,元富-新店,2024-06-11,5922
00632R,元大台灣50反1,70,50,20,元富-新店,2024-06-11,5922
00764B,群益25年美債,20,0,20,元富-新店,2024-06-11,5922
3576,聯合再生,20,0,20,元富-新店,2024-06-11,5922
2489,瑞軒,25,6,19,元富-新店,2024-06-11,5922
2636,台驊控股,30,12,18,元富-新店,2024-06-11,5922
6005,群益證,18,0,18,元富-新店,2024-06-11,5922
2356,英業達,27,11,16,元富-新店,2024-06-11,5922
5009,榮剛,16,0,16,元富-新店,2024-06-11,5922
1815,富喬,42,26,16,元富-新店,2024-06-11,5922
00939,統一台灣高息動能,16,0,16,元富-新店,2024-06-11,5922
00680L,元大美債20正2,300,20,280,元富-新店,2024-06-12,5922
2867,三商壽,210,0,210,元富-新店,2024-06-12,5922
00712,復華富時不動產,96,0,96,元富-新店,2024-06-12,5922
1442,名軒,92,10,82,元富-新店,2024-06-12,5922
6213,聯茂,85,7,78,元富-新店,2024-06-12,5922
00929,復華台灣科技優息,104,37,67,元富-新店,2024-06-12,5922
2002,中鋼,50,0,50,元富-新店,2024-06-12,5922
2637,慧洋-KY,41,0,41,元富-新店,2024-06-12,5922
5340,建榮,41,0,41,元富-新店,2024-06-12,5922
2344,華邦電,42,1,41,元富-新店,2024-06-12,5922
3576,聯合再生,45,5,40,元富-新店,2024-06-12,5922
00918,大華優利高填息30,38,0,38,元富-新店,2024-06-12,5922
00715L,期街口布蘭特正2,53,15,38,元富-新店,2024-06-12,5922
9945,潤泰新,61,25,36,元富-新店,2024-06-12,5922
2613,中櫃,33,2,31,元富-新店,2024-06-12,5922
3231,緯創,66,35,31,元富-新店,2024-06-12,5922
3032,偉訓,30,0,30,元富-新店,2024-06-12,5922
2838,聯邦銀,30,0,30,元富-新店,2024-06-12,5922
2609,陽明,134,104,30,元富-新店,2024-06-12,5922
2820,華票,30,1,29,元富-新店,2024-06-12,5922
2603,長榮,66,38,28,元富-新店,2024-06-12,5922
00948B,中信優息投資級債,158,130,28,元富-新店,2024-06-12,5922
6122,擎邦,26,0,26,元富-新店,2024-06-12,5922
2501,國建,28,2,26,元富-新店,2024-06-12,5922
2353,宏��,36,11,25,元富-新店,2024-06-12,5922
00937B,群益ESG投等債20,32,7,25,元富-新店,2024-06-12,5922
3260,威剛,26,3,23,元富-新店,2024-06-12,5922
1608,華榮,41,18,23,元富-新店,2024-06-12,5922
2816,旺旺保,22,0,22,元富-新店,2024-06-12,5922
2409,友達,23,2,21,元富-新店,2024-06-12,5922
00907,永豐優息存股,20,0,20,元富-新店,2024-06-12,5922
00878,國泰永續高股息,18,0,18,元富-新店,2024-06-12,5922
2834,臺企銀,21,3,18,元富-新店,2024-06-12,5922
00945B,凱基美國非投等債,15,0,15,元富-新店,2024-06-12,5922
2371,大同,16,2,14,元富-新店,2024-06-12,5922
3481,群創,17,3,14,元富-新店,2024-06-12,5922
5880,合庫金,14,0,14,元富-新店,2024-06-12,5922
1718,中纖,18,5,13,元富-新店,2024-06-12,5922
2354,鴻準,15,2,13,元富-新店,2024-06-12,5922
2883,凱基金,44,32,12,元富-新店,2024-06-12,5922
1582,信錦,37,25,12,元富-新店,2024-06-12,5922
1815,富喬,13,1,12,元富-新店,2024-06-12,5922
3706,神達,12,0,12,元富-新店,2024-06-12,5922
6016,康和證,14,2,12,元富-新店,2024-06-12,5922
2363,矽統,12,0,12,元富-新店,2024-06-12,5922
2303,聯電,16,5,11,元富-新店,2024-06-12,5922
2515,中工,15,4,11,元富-新店,2024-06-12,5922
6282,康舒,12,1,11,元富-新店,2024-06-12,5922
2852,第一保,18,7,11,元富-新店,2024-06-12,5922
00919,群益台灣精選高息,20,9,11,元富-新店,2024-06-12,5922
00632R,元大台灣50反1,831,430,401,元富-新店,2024-06-13,5922
1815,富喬,174,11,163,元富-新店,2024-06-13,5922
00882,中信中國高股息,109,9,100,元富-新店,2024-06-13,5922
2812,台中銀,100,0,100,元富-新店,2024-06-13,5922
4714,永捷,55,0,55,元富-新店,2024-06-13,5922
5302,太欣,72,18,54,元富-新店,2024-06-13,5922
2618,長榮航,59,5,54,元富-新店,2024-06-13,5922
00936,台新永續高息中小,54,5,49,元富-新店,2024-06-13,5922
2363,矽統,82,33,49,元富-新店,2024-06-13,5922
2867,三商壽,73,26,47,元富-新店,2024-06-13,5922
00887,永豐中國科技50大,45,0,45,元富-新店,2024-06-13,5922
2338,光罩,50,5,45,元富-新店,2024-06-13,5922
00948B,中信優息投資級債,43,2,41,元富-新店,2024-06-13,5922
3481,群創,37,0,37,元富-新店,2024-06-13,5922
2615,萬海,119,82,37,元富-新店,2024-06-13,5922
00934,中信成長高股息,35,1,34,元富-新店,2024-06-13,5922
5439,高技,42,16,26,元富-新店,2024-06-13,5922
2641,正德,25,0,25,元富-新店,2024-06-13,5922
2891,中信金,22,0,22,元富-新店,2024-06-13,5922
2610,華航,19,0,19,元富-新店,2024-06-13,5922
1605,華新,18,0,18,元富-新店,2024-06-13,5922
2002,中鋼,18,0,18,元富-新店,2024-06-13,5922
3008,大立光,18,0,18,元富-新店,2024-06-13,5922
4533,協易機,18,1,17,元富-新店,2024-06-13,5922
1608,華榮,31,14,17,元富-新店,2024-06-13,5922
4967,十銓,39,22,17,元富-新店,2024-06-13,5922
2359,所羅門,50,34,16,元富-新店,2024-06-13,5922
1616,億泰,23,7,16,元富-新店,2024-06-13,5922
8112,至上,21,6,15,元富-新店,2024-06-13,5922
3379,彬台,15,0,15,元富-新店,2024-06-13,5922
3229,晟鈦,14,0,14,元富-新店,2024-06-13,5922
00946,群益科技高息成長,13,0,13,元富-新店,2024-06-13,5922
5347,世界,17,4,13,元富-新店,2024-06-13,5922
8936,國統,16,3,13,元富-新店,2024-06-13,5922
1522,堤維西,14,2,12,元富-新店,2024-06-13,5922
2423,固緯,12,0,12,元富-新店,2024-06-13,5922
3706,神達,13,1,12,元富-新店,2024-06-13,5922
5340,建榮,12,0,12,元富-新店,2024-06-13,5922
6188,廣明,47,35,12,元富-新店,2024-06-13,5922
6125,廣運,21,10,11,元富-新店,2024-06-13,5922
2834,臺企銀,20,9,11,元富-新店,2024-06-13,5922
3122,笙泉,11,0,11,元富-新店,2024-06-13,5922
3055,蔚華科,11,0,11,元富-新店,2024-06-13,5922
00687B,國泰20年美債,10,0,10,元富-新店,2024-06-13,5922
00795B,中信美國公債20年,10,0,10,元富-新店,2024-06-13,5922
2017,官田鋼,10,0,10,元富-新店,2024-06-13,5922
1708,東鹼,10,0,10,元富-新店,2024-06-13,5922
2387,精元,10,0,10,元富-新店,2024-06-13,5922
4109,加捷生醫,10,0,10,元富-新店,2024-06-13,5922
2317,鴻海,80,71,9,元富-新店,2024-06-13,5922
00918,大華優利高填息30,308,2,306,元富-新店,2024-06-14,5922
4714,永捷,122,10,112,元富-新店,2024-06-14,5922
2371,大同,150,72,78,元富-新店,2024-06-14,5922
00919,群益台灣精選高息,97,35,62,元富-新店,2024-06-14,5922
1815,富喬,68,7,61,元富-新店,2024-06-14,5922
00948B,中信優息投資級債,48,0,48,元富-新店,2024-06-14,5922
2609,陽明,133,90,43,元富-新店,2024-06-14,5922
5498,凱崴,50,11,39,元富-新店,2024-06-14,5922
6505,台塑化,35,0,35,元富-新店,2024-06-14,5922
2344,華邦電,32,1,31,元富-新店,2024-06-14,5922
1303,南亞,31,0,31,元富-新店,2024-06-14,5922
2313,華通,32,3,29,元富-新店,2024-06-14,5922
2367,燿華,29,1,28,元富-新店,2024-06-14,5922
2349,錸德,25,0,25,元富-新店,2024-06-14,5922
8039,台虹,22,0,22,元富-新店,2024-06-14,5922
00878,國泰永續高股息,24,3,21,元富-新店,2024-06-14,5922
2362,藍天,21,0,21,元富-新店,2024-06-14,5922
1326,台化,30,10,20,元富-新店,2024-06-14,5922
3450,聯鈞,23,3,20,元富-新店,2024-06-14,5922
2027,大成鋼,18,0,18,元富-新店,2024-06-14,5922
2606,裕民,21,4,17,元富-新店,2024-06-14,5922
2337,旺宏,16,0,16,元富-新店,2024-06-14,5922
3048,益登,40,26,14,元富-新店,2024-06-14,5922
3231,緯創,20,7,13,元富-新店,2024-06-14,5922
4588,玖鼎電力,14,1,13,元富-新店,2024-06-14,5922
2002,中鋼,19,6,13,元富-新店,2024-06-14,5922
00713,元大台灣高息低波,14,2,12,元富-新店,2024-06-14,5922
2356,英業達,15,3,12,元富-新店,2024-06-14,5922
4128,中天,12,0,12,元富-新店,2024-06-14,5922
5443,均豪,13,1,12,元富-新店,2024-06-14,5922
9945,潤泰新,31,20,11,元富-新店,2024-06-14,5922
1524,耿鼎,12,1,11,元富-新店,2024-06-14,5922
5426,振發,13,2,11,元富-新店,2024-06-14,5922
3006,晶豪科,12,1,11,元富-新店,2024-06-14,5922
4545,銘鈺,10,0,10,元富-新店,2024-06-14,5922
8085,福華,10,0,10,元富-新店,2024-06-14,5922
3706,神達,10,0,10,元富-新店,2024-06-14,5922
3576,聯合再生,15,5,10,元富-新店,2024-06-14,5922
2889,國票金,10,0,10,元富-新店,2024-06-14,5922
2886,兆豐金,10,0,10,元富-新店,2024-06-14,5922
3535,晶彩科,10,0,10,元富-新店,2024-06-14,5922
00757,統一FANG+,10,0,10,元富-新店,2024-06-14,5922
00725B,國泰投資級公司債,10,0,10,元富-新店,2024-06-14,5922
1513,中興電,56,46,10,元富-新店,2024-06-14,5922
6873,泓德能源,10,0,10,元富-新店,2024-06-14,5922
1785,光洋科,17,7,10,元富-新店,2024-06-14,5922
2352,佳世達,10,0,10,元富-新店,2024-06-14,5922
6668,中揚光,12,2,10,元富-新店,2024-06-14,5922
00688L,國泰20年美債正2,10,0,10,元富-新店,2024-06-14,5922
2707,晶華,10,0,10,元富-新店,2024-06-14,5922
2324,仁寶,217,1,216,元富-新店,2024-06-17,5922
00918,大華優利高填息30,162,0,162,元富-新店,2024-06-17,5922
00751B,元大AAA至A公司債,86,0,86,元富-新店,2024-06-17,5922
00933B,國泰10Y+金融債,77,0,77,元富-新店,2024-06-17,5922
00937B,群益ESG投等債20,78,12,66,元富-新店,2024-06-17,5922
00941,中信上游半導體,68,3,65,元富-新店,2024-06-17,5922
1101,台泥,51,0,51,元富-新店,2024-06-17,5922
00919,群益台灣精選高息,73,29,44,元富-新店,2024-06-17,5922
2892,第一金,46,2,44,元富-新店,2024-06-17,5922
4967,十銓,40,0,40,元富-新店,2024-06-17,5922
2887,台新金,40,1,39,元富-新店,2024-06-17,5922
1442,名軒,39,0,39,元富-新店,2024-06-17,5922
1608,華榮,43,5,38,元富-新店,2024-06-17,5922
5880,合庫金,40,3,37,元富-新店,2024-06-17,5922
2888,新光金,36,0,36,元富-新店,2024-06-17,5922
1503,士電,76,42,34,元富-新店,2024-06-17,5922
8040,九暘,33,0,33,元富-新店,2024-06-17,5922
1326,台化,34,2,32,元富-新店,2024-06-17,5922
1303,南亞,31,1,30,元富-新店,2024-06-17,5922
6505,台塑化,30,0,30,元富-新店,2024-06-17,5922
00878,國泰永續高股息,30,0,30,元富-新店,2024-06-17,5922
2338,光罩,33,5,28,元富-新店,2024-06-17,5922
2609,陽明,66,39,27,元富-新店,2024-06-17,5922
2537,聯上發,27,0,27,元富-新店,2024-06-17,5922
00948B,中信優息投資級債,25,0,25,元富-新店,2024-06-17,5922
3591,艾笛森,24,1,23,元富-新店,2024-06-17,5922
00942B,台新美A公司債20+,21,0,21,元富-新店,2024-06-17,5922
1611,中電,21,0,21,元富-新店,2024-06-17,5922
5426,振發,21,0,21,元富-新店,2024-06-17,5922
00929,復華台灣科技優息,31,10,21,元富-新店,2024-06-17,5922
1618,合機,45,25,20,元富-新店,2024-06-17,5922
2867,三商壽,20,0,20,元富-新店,2024-06-17,5922
2002,中鋼,22,6,16,元富-新店,2024-06-17,5922
1605,華新,16,0,16,元富-新店,2024-06-17,5922
3437,榮創,16,0,16,元富-新店,2024-06-17,5922
2615,萬海,90,74,16,元富-新店,2024-06-17,5922
3231,緯創,16,2,14,元富-新店,2024-06-17,5922
1514,亞力,78,64,14,元富-新店,2024-06-17,5922
6005,群益證,15,1,14,元富-新店,2024-06-17,5922
3466,德晉,15,1,14,元富-新店,2024-06-17,5922
2520,冠德,15,1,14,元富-新店,2024-06-17,5922
2618,長榮航,16,3,13,元富-新店,2024-06-17,5922
00752,中信中國50,13,0,13,元富-新店,2024-06-17,5922
2331,精英,14,1,13,元富-新店,2024-06-17,5922
2383,台光電,15,2,13,元富-新店,2024-06-17,5922
6148,驊宏資,13,0,13,元富-新店,2024-06-17,5922
6552,易華電,13,1,12,元富-新店,2024-06-17,5922
8033,雷虎,11,0,11,元富-新店,2024-06-17,5922
9919,康那香,17,6,11,元富-新店,2024-06-17,5922
2489,瑞軒,20,9,11,元富-新店,2024-06-17,5922
00931B,統一美債20年,160,0,160,元富-新店,2024-06-18,5922
2353,宏��,158,0,158,元富-新店,2024-06-18,5922
6505,台塑化,152,0,152,元富-新店,2024-06-18,5922
6266,泰詠,152,1,151,元富-新店,2024-06-18,5922
00942B,台新美A公司債20+,141,0,141,元富-新店,2024-06-18,5922
1303,南亞,152,16,136,元富-新店,2024-06-18,5922
1326,台化,101,0,101,元富-新店,2024-06-18,5922
00933B,國泰10Y+金融債,90,0,90,元富-新店,2024-06-18,5922
00642U,期元大S＆P石油,60,0,60,元富-新店,2024-06-18,5922
1617,榮星,60,0,60,元富-新店,2024-06-18,5922
9103,美德醫療-DR,61,3,58,元富-新店,2024-06-18,5922
3481,群創,73,16,57,元富-新店,2024-06-18,5922
00937B,群益ESG投等債20,70,20,50,元富-新店,2024-06-18,5922
6770,力積電,57,10,47,元富-新店,2024-06-18,5922
3032,偉訓,45,0,45,元富-新店,2024-06-18,5922
00632R,元大台灣50反1,44,2,42,元富-新店,2024-06-18,5922
1608,華榮,40,3,37,元富-新店,2024-06-18,5922
3213,茂訊,38,2,36,元富-新店,2024-06-18,5922
2355,敬鵬,52,17,35,元富-新店,2024-06-18,5922
2609,陽明,145,111,34,元富-新店,2024-06-18,5922
3707,漢磊,33,1,32,元富-新店,2024-06-18,5922
00724B,群益投資級金融債,30,0,30,元富-新店,2024-06-18,5922
1504,東元,31,2,29,元富-新店,2024-06-18,5922
9105,泰金寶-DR,52,24,28,元富-新店,2024-06-18,5922
00881,國泰台灣5G+,27,0,27,元富-新店,2024-06-18,5922
5340,建榮,58,31,27,元富-新店,2024-06-18,5922
2025,千興,25,0,25,元富-新店,2024-06-18,5922
6005,群益證,25,0,25,元富-新店,2024-06-18,5922
2317,鴻海,35,12,23,元富-新店,2024-06-18,5922
5443,均豪,58,35,23,元富-新店,2024-06-18,5922
00936,台新永續高息中小,28,6,22,元富-新店,2024-06-18,5922
1442,名軒,23,1,22,元富-新店,2024-06-18,5922
00688L,國泰20年美債正2,21,0,21,元富-新店,2024-06-18,5922
00946,群益科技高息成長,21,0,21,元富-新店,2024-06-18,5922
00772B,中信高評級公司債,20,0,20,元富-新店,2024-06-18,5922
00679B,元大美債20年,28,9,19,元富-新店,2024-06-18,5922
2031,新光鋼,19,1,18,元富-新店,2024-06-18,5922
1806,冠軍,17,0,17,元富-新店,2024-06-18,5922
3622,洋華,57,41,16,元富-新店,2024-06-18,5922
2363,矽統,28,13,15,元富-新店,2024-06-18,5922
2371,大同,61,46,15,元富-新店,2024-06-18,5922
5243,乙盛-KY,15,0,15,元富-新店,2024-06-18,5922
2486,一詮,17,3,14,元富-新店,2024-06-18,5922
2352,佳世達,13,0,13,元富-新店,2024-06-18,5922
3081,聯亞,35,22,13,元富-新店,2024-06-18,5922
5880,合庫金,12,0,12,元富-新店,2024-06-18,5922
3710,連展投控,15,3,12,元富-新店,2024-06-18,5922
3483,力致,15,3,12,元富-新店,2024-06-18,5922
00673R,期元大S＆P原油反1,11,0,11,元富-新店,2024-06-18,5922
1742,台蠟,11,0,11,元富-新店,2024-06-18,5922
00680L,元大美債20正2,450,30,420,元富-新店,2024-06-19,5922
00918,大華優利高填息30,296,1,295,元富-新店,2024-06-19,5922
6505,台塑化,176,1,175,元富-新店,2024-06-19,5922
00632R,元大台灣50反1,163,26,137,元富-新店,2024-06-19,5922
00937B,群益ESG投等債20,143,73,70,元富-新店,2024-06-19,5922
00671R,富邦NASDAQ反1,60,0,60,元富-新店,2024-06-19,5922
6213,聯茂,58,0,58,元富-新店,2024-06-19,5922
2816,旺旺保,66,11,55,元富-新店,2024-06-19,5922
6190,萬泰科,84,31,53,元富-新店,2024-06-19,5922
1326,台化,52,1,51,元富-新店,2024-06-19,5922
2367,燿華,57,11,46,元富-新店,2024-06-19,5922
00933B,國泰10Y+金融債,45,0,45,元富-新店,2024-06-19,5922
3062,建漢,68,26,42,元富-新店,2024-06-19,5922
6161,捷波,40,0,40,元富-新店,2024-06-19,5922
5302,太欣,42,2,40,元富-新店,2024-06-19,5922
9105,泰金寶-DR,38,0,38,元富-新店,2024-06-19,5922
1609,大亞,44,8,36,元富-新店,2024-06-19,5922
6266,泰詠,33,1,32,元富-新店,2024-06-19,5922
00713,元大台灣高息低波,31,0,31,元富-新店,2024-06-19,5922
2349,錸德,35,5,30,元富-新店,2024-06-19,5922
4533,協易機,30,0,30,元富-新店,2024-06-19,5922
00679B,元大美債20年,29,0,29,元富-新店,2024-06-19,5922
6282,康舒,30,1,29,元富-新店,2024-06-19,5922
8112,至上,33,4,29,元富-新店,2024-06-19,5922
2353,宏��,53,24,29,元富-新店,2024-06-19,5922
3163,波若威,91,63,28,元富-新店,2024-06-19,5922
00936,台新永續高息中小,27,0,27,元富-新店,2024-06-19,5922
2371,大同,41,15,26,元富-新店,2024-06-19,5922
1442,名軒,29,5,24,元富-新店,2024-06-19,5922
6770,力積電,72,48,24,元富-新店,2024-06-19,5922
4714,永捷,43,20,23,元富-新店,2024-06-19,5922
1608,華榮,37,14,23,元富-新店,2024-06-19,5922
6274,台燿,22,1,21,元富-新店,2024-06-19,5922
3013,晟銘電,78,57,21,元富-新店,2024-06-19,5922
4934,太極,20,0,20,元富-新店,2024-06-19,5922
020030,統一智慧電動車N,20,0,20,元富-新店,2024-06-19,5922
911868,同方友友-DR,20,0,20,元富-新店,2024-06-19,5922
9945,潤泰新,26,8,18,元富-新店,2024-06-19,5922
00753L,中信中國50正2,20,2,18,元富-新店,2024-06-19,5922
6821,聯寶,16,0,16,元富-新店,2024-06-19,5922
3339,泰谷,22,6,16,元富-新店,2024-06-19,5922
3673,TPK-KY,18,2,16,元富-新店,2024-06-19,5922
00878,國泰永續高股息,17,1,16,元富-新店,2024-06-19,5922
3576,聯合再生,15,0,15,元富-新店,2024-06-19,5922
3287,廣寰科,22,7,15,元富-新店,2024-06-19,5922
4967,十銓,45,30,15,元富-新店,2024-06-19,5922
1784,訊聯,15,1,14,元富-新店,2024-06-19,5922
00942B,台新美A公司債20+,80,66,14,元富-新店,2024-06-19,5922
3312,弘憶股,22,8,14,元富-新店,2024-06-19,5922
2301,光寶科,15,2,13,元富-新店,2024-06-19,5922
00751B,元大AAA至A公司債,273,0,273,元富-新店,2024-06-20,5922
00936,台新永續高息中小,170,0,170,元富-新店,2024-06-20,5922
2353,宏��,130,7,123,元富-新店,2024-06-20,5922
00946,群益科技高息成長,138,15,123,元富-新店,2024-06-20,5922
00712,復華富時不動產,118,10,108,元富-新店,2024-06-20,5922
00948B,中信優息投資級債,79,3,76,元富-新店,2024-06-20,5922
00687B,國泰20年美債,71,0,71,元富-新店,2024-06-20,5922
8064,東捷,74,7,67,元富-新店,2024-06-20,5922
00933B,國泰10Y+金融債,56,0,56,元富-新店,2024-06-20,5922
2801,彰銀,61,7,54,元富-新店,2024-06-20,5922
2323,中環,47,0,47,元富-新店,2024-06-20,5922
00679B,元大美債20年,41,0,41,元富-新店,2024-06-20,5922
1514,亞力,72,32,40,元富-新店,2024-06-20,5922
2349,錸德,45,10,35,元富-新店,2024-06-20,5922
2618,長榮航,59,24,35,元富-新店,2024-06-20,5922
2374,佳能,38,7,31,元富-新店,2024-06-20,5922
00942B,台新美A公司債20+,30,0,30,元富-新店,2024-06-20,5922
020030,統一智慧電動車N,28,0,28,元富-新店,2024-06-20,5922
2888,新光金,35,12,23,元富-新店,2024-06-20,5922
1605,華新,24,2,22,元富-新店,2024-06-20,5922
2070,精湛,22,0,22,元富-新店,2024-06-20,5922
00773B,中信優先金融債,21,0,21,元富-新店,2024-06-20,5922
00772B,中信高評級公司債,24,4,20,元富-新店,2024-06-20,5922
00753L,中信中國50正2,20,0,20,元富-新店,2024-06-20,5922
00764B,群益25年美債,20,0,20,元富-新店,2024-06-20,5922
4760,勤凱,20,1,19,元富-新店,2024-06-20,5922
6505,台塑化,18,0,18,元富-新店,2024-06-20,5922
2330,台積電,20,2,18,元富-新店,2024-06-20,5922
1442,名軒,16,0,16,元富-新店,2024-06-20,5922
00882,中信中國高股息,18,2,16,元富-新店,2024-06-20,5922
4915,致伸,15,0,15,元富-新店,2024-06-20,5922
00940,元大台灣價值高息,95,80,15,元富-新店,2024-06-20,5922
1301,台塑,16,2,14,元富-新店,2024-06-20,5922
3321,同泰,15,1,14,元富-新店,2024-06-20,5922
2867,三商壽,14,0,14,元富-新店,2024-06-20,5922
2363,矽統,28,14,14,元富-新店,2024-06-20,5922
00931B,統一美債20年,20,6,14,元富-新店,2024-06-20,5922
1591,駿吉-KY,14,0,14,元富-新店,2024-06-20,5922
6140,訊達,26,13,13,元富-新店,2024-06-20,5922
2344,華邦電,23,10,13,元富-新店,2024-06-20,5922
00857B,永豐20年美公債,13,0,13,元富-新店,2024-06-20,5922
2615,萬海,53,40,13,元富-新店,2024-06-20,5922
1326,台化,12,0,12,元富-新店,2024-06-20,5922
2354,鴻準,44,32,12,元富-新店,2024-06-20,5922
00895,富邦未來車,12,0,12,元富-新店,2024-06-20,5922
3034,聯詠,11,0,11,元富-新店,2024-06-20,5922
3013,晟銘電,15,4,11,元富-新店,2024-06-20,5922
8096,擎亞,32,22,10,元富-新店,2024-06-20,5922
2441,超豐,10,0,10,元富-新店,2024-06-20,5922
3379,彬台,10,0,10,元富-新店,2024-06-20,5922
00919,群益台灣精選高息,463,112,351,元富-新店,2024-06-21,5922
00772B,中信高評級公司債,253,0,253,元富-新店,2024-06-21,5922
00720B,元大投資級公司債,212,1,211,元富-新店,2024-06-21,5922
00933B,國泰10Y+金融債,209,0,209,元富-新店,2024-06-21,5922
2881,富邦金,200,0,200,元富-新店,2024-06-21,5922
00632R,元大台灣50反1,164,15,149,元富-新店,2024-06-21,5922
00751B,元大AAA至A公司債,109,5,104,元富-新店,2024-06-21,5922
00948B,中信優息投資級債,96,5,91,元富-新店,2024-06-21,5922
00773B,中信優先金融債,80,0,80,元富-新店,2024-06-21,5922
00679B,元大美債20年,87,7,80,元富-新店,2024-06-21,5922
2317,鴻海,74,19,55,元富-新店,2024-06-21,5922
6695,芯鼎,60,7,53,元富-新店,2024-06-21,5922
00687B,國泰20年美債,53,4,49,元富-新店,2024-06-21,5922
1301,台塑,60,16,44,元富-新店,2024-06-21,5922
2371,大同,45,6,39,元富-新店,2024-06-21,5922
2354,鴻準,48,13,35,元富-新店,2024-06-21,5922
00936,台新永續高息中小,36,2,34,元富-新店,2024-06-21,5922
2816,旺旺保,34,0,34,元富-新店,2024-06-21,5922
00942B,台新美A公司債20+,31,0,31,元富-新店,2024-06-21,5922
2489,瑞軒,44,14,30,元富-新店,2024-06-21,5922
2609,陽明,164,136,28,元富-新店,2024-06-21,5922
5498,凱崴,29,2,27,元富-新店,2024-06-21,5922
6441,廣錠,28,2,26,元富-新店,2024-06-21,5922
00937B,群益ESG投等債20,135,109,26,元富-新店,2024-06-21,5922
2641,正德,26,0,26,元富-新店,2024-06-21,5922
6873,泓德能源,25,0,25,元富-新店,2024-06-21,5922
4915,致伸,25,0,25,元富-新店,2024-06-21,5922
00724B,群益投資級金融債,25,0,25,元富-新店,2024-06-21,5922
00929,復華台灣科技優息,35,10,25,元富-新店,2024-06-21,5922
2634,漢翔,27,3,24,元富-新店,2024-06-21,5922
3673,TPK-KY,23,0,23,元富-新店,2024-06-21,5922
4956,光鋐,51,29,22,元富-新店,2024-06-21,5922
2504,國產,23,2,21,元富-新店,2024-06-21,5922
00907,永豐優息存股,21,0,21,元富-新店,2024-06-21,5922
6509,聚和,20,0,20,元富-新店,2024-06-21,5922
3710,連展投控,20,0,20,元富-新店,2024-06-21,5922
8131,福懋科,20,0,20,元富-新店,2024-06-21,5922
3356,奇偶,23,5,18,元富-新店,2024-06-21,5922
2637,慧洋-KY,17,0,17,元富-新店,2024-06-21,5922
2520,冠德,17,0,17,元富-新店,2024-06-21,5922
2324,仁寶,17,0,17,元富-新店,2024-06-21,5922
3363,上詮,48,32,16,元富-新店,2024-06-21,5922
00940,元大台灣價值高息,82,66,16,元富-新店,2024-06-21,5922
1514,亞力,56,40,16,元富-新店,2024-06-21,5922
8011,台通,35,19,16,元富-新店,2024-06-21,5922
5464,霖宏,15,0,15,元富-新店,2024-06-21,5922
1310,台苯,15,0,15,元富-新店,2024-06-21,5922
3013,晟銘電,18,3,15,元富-新店,2024-06-21,5922
00934,中信成長高股息,15,0,15,元富-新店,2024-06-21,5922
1773,勝一,15,0,15,元富-新店,2024-06-21,5922
3481,群創,482,185,297,元富-新店,2024-06-24,5922
2312,金寶,200,0,200,元富-新店,2024-06-24,5922
00919,群益台灣精選高息,177,5,172,元富-新店,2024-06-24,5922
00632R,元大台灣50反1,130,36,94,元富-新店,2024-06-24,5922
00929,復華台灣科技優息,141,52,89,元富-新店,2024-06-24,5922
8064,東捷,131,52,79,元富-新店,2024-06-24,5922
6269,台郡,82,4,78,元富-新店,2024-06-24,5922
1301,台塑,89,15,74,元富-新店,2024-06-24,5922
00941,中信上游半導體,57,0,57,元富-新店,2024-06-24,5922
2618,長榮航,119,67,52,元富-新店,2024-06-24,5922
2303,聯電,59,11,48,元富-新店,2024-06-24,5922
2317,鴻海,62,15,47,元富-新店,2024-06-24,5922
2409,友達,49,7,42,元富-新店,2024-06-24,5922
2615,萬海,115,74,41,元富-新店,2024-06-24,5922
0056,元大高股息,38,0,38,元富-新店,2024-06-24,5922
00937B,群益ESG投等債20,66,30,36,元富-新店,2024-06-24,5922
00687B,國泰20年美債,30,0,30,元富-新店,2024-06-24,5922
00764B,群益25年美債,30,0,30,元富-新店,2024-06-24,5922
2330,台積電,41,11,30,元富-新店,2024-06-24,5922
2353,宏��,30,1,29,元富-新店,2024-06-24,5922
3231,緯創,53,25,28,元富-新店,2024-06-24,5922
00935,野村臺灣新科技50,28,0,28,元富-新店,2024-06-24,5922
00923,群益台ESG低碳50,27,0,27,元富-新店,2024-06-24,5922
0050,元大台灣50,28,1,27,元富-新店,2024-06-24,5922
00936,台新永續高息中小,30,3,27,元富-新店,2024-06-24,5922
5328,華容,38,12,26,元富-新店,2024-06-24,5922
2816,旺旺保,25,0,25,元富-新店,2024-06-24,5922
1785,光洋科,138,114,24,元富-新店,2024-06-24,5922
3047,訊舟,70,48,22,元富-新店,2024-06-24,5922
8085,福華,28,6,22,元富-新店,2024-06-24,5922
00679B,元大美債20年,21,0,21,元富-新店,2024-06-24,5922
5498,凱崴,21,0,21,元富-新店,2024-06-24,5922
4743,合一,26,5,21,元富-新店,2024-06-24,5922
6127,九豪,39,19,20,元富-新店,2024-06-24,5922
2014,中鴻,20,0,20,元富-新店,2024-06-24,5922
6282,康舒,19,0,19,元富-新店,2024-06-24,5922
2609,陽明,116,98,18,元富-新店,2024-06-24,5922
2324,仁寶,19,2,17,元富-新店,2024-06-24,5922
8105,凌巨,19,2,17,元富-新店,2024-06-24,5922
8076,伍豐,19,3,16,元富-新店,2024-06-24,5922
2520,冠德,16,0,16,元富-新店,2024-06-24,5922
00753L,中信中國50正2,15,0,15,元富-新店,2024-06-24,5922
3062,建漢,47,32,15,元富-新店,2024-06-24,5922
4961,天鈺,15,0,15,元富-新店,2024-06-24,5922
2408,南亞科,18,3,15,元富-新店,2024-06-24,5922
2382,廣達,31,17,14,元富-新店,2024-06-24,5922
6125,廣運,13,0,13,元富-新店,2024-06-24,5922
8096,擎亞,41,28,13,元富-新店,2024-06-24,5922
2369,菱生,17,4,13,元富-新店,2024-06-24,5922
1326,台化,13,0,13,元富-新店,2024-06-24,5922
00919,群益台灣精選高息,156,6,150,元富-新店,2024-06-25,5922
1815,富喬,158,19,139,元富-新店,2024-06-25,5922
00929,復華台灣科技優息,116,4,112,元富-新店,2024-06-25,5922
00687B,國泰20年美債,94,4,90,元富-新店,2024-06-25,5922
00940,元大台灣價值高息,80,18,62,元富-新店,2024-06-25,5922
00712,復華富時不動產,61,10,51,元富-新店,2024-06-25,5922
1326,台化,46,0,46,元富-新店,2024-06-25,5922
3231,緯創,46,4,42,元富-新店,2024-06-25,5922
00706L,期元大S＆P日圓正2,40,0,40,元富-新店,2024-06-25,5922
2303,聯電,57,18,39,元富-新店,2024-06-25,5922
00936,台新永續高息中小,41,3,38,元富-新店,2024-06-25,5922
5905,南仁湖,31,0,31,元富-新店,2024-06-25,5922
2618,長榮航,34,7,27,元富-新店,2024-06-25,5922
00939,統一台灣高息動能,28,2,26,元富-新店,2024-06-25,5922
2409,友達,39,13,26,元富-新店,2024-06-25,5922
2504,國產,26,1,25,元富-新店,2024-06-25,5922
3037,欣興,25,0,25,元富-新店,2024-06-25,5922
00918,大華優利高填息30,23,0,23,元富-新店,2024-06-25,5922
3710,連展投控,23,0,23,元富-新店,2024-06-25,5922
2406,國碩,37,15,22,元富-新店,2024-06-25,5922
2356,英業達,24,3,21,元富-新店,2024-06-25,5922
00933B,國泰10Y+金融債,20,0,20,元富-新店,2024-06-25,5922
1605,華新,20,0,20,元富-新店,2024-06-25,5922
3006,晶豪科,21,1,20,元富-新店,2024-06-25,5922
00948B,中信優息投資級債,20,0,20,元富-新店,2024-06-25,5922
00921,兆豐龍頭等權重,20,0,20,元富-新店,2024-06-25,5922
0050,元大台灣50,19,0,19,元富-新店,2024-06-25,5922
1785,光洋科,38,20,18,元富-新店,2024-06-25,5922
3545,敦泰,17,0,17,元富-新店,2024-06-25,5922
2883,凱基金,26,10,16,元富-新店,2024-06-25,5922
6120,達運,15,0,15,元富-新店,2024-06-25,5922
6187,萬潤,16,1,15,元富-新店,2024-06-25,5922
8110,華東,36,22,14,元富-新店,2024-06-25,5922
3374,精材,14,1,13,元富-新店,2024-06-25,5922
00946,群益科技高息成長,12,0,12,元富-新店,2024-06-25,5922
5009,榮剛,14,2,12,元富-新店,2024-06-25,5922
2427,三商電,36,24,12,元富-新店,2024-06-25,5922
2382,廣達,31,20,11,元富-新店,2024-06-25,5922
0056,元大高股息,11,0,11,元富-新店,2024-06-25,5922
00947,台新臺灣IC設計,11,0,11,元富-新店,2024-06-25,5922
2472,立隆電,20,9,11,元富-新店,2024-06-25,5922
6269,台郡,11,0,11,元富-新店,2024-06-25,5922
1301,台塑,17,7,10,元富-新店,2024-06-25,5922
8086,宏捷科,11,1,10,元富-新店,2024-06-25,5922
1806,冠軍,10,0,10,元富-新店,2024-06-25,5922
00945B,凱基美國非投等債,10,0,10,元富-新店,2024-06-25,5922
3138,耀登,10,0,10,元富-新店,2024-06-25,5922
6213,聯茂,10,0,10,元富-新店,2024-06-25,5922
2324,仁寶,10,0,10,元富-新店,2024-06-25,5922
00857B,永豐20年美公債,10,0,10,元富-新店,2024-06-25,5922
2312,金寶,486,0,486,元富-新店,2024-06-26,5922
00937B,群益ESG投等債20,380,18,362,元富-新店,2024-06-26,5922
00632R,元大台灣50反1,318,2,316,元富-新店,2024-06-26,5922
2353,宏��,126,1,125,元富-新店,2024-06-26,5922
1612,宏泰,101,0,101,元富-新店,2024-06-26,5922
00882,中信中國高股息,100,0,100,元富-新店,2024-06-26,5922
00907,永豐優息存股,95,0,95,元富-新店,2024-06-26,5922
00942B,台新美A公司債20+,86,0,86,元富-新店,2024-06-26,5922
2371,大同,97,12,85,元富-新店,2024-06-26,5922
6492,生華科,71,0,71,元富-新店,2024-06-26,5922
00919,群益台灣精選高息,72,2,70,元富-新店,2024-06-26,5922
2883,凱基金,67,3,64,元富-新店,2024-06-26,5922
2374,佳能,98,43,55,元富-新店,2024-06-26,5922
00637L,元大滬深300正2,54,0,54,元富-新店,2024-06-26,5922
9802,鈺齊-KY,50,0,50,元富-新店,2024-06-26,5922
2354,鴻準,55,10,45,元富-新店,2024-06-26,5922
1605,華新,45,0,45,元富-新店,2024-06-26,5922
3624,光頡,45,1,44,元富-新店,2024-06-26,5922
3062,建漢,132,98,34,元富-新店,2024-06-26,5922
2014,中鴻,30,0,30,元富-新店,2024-06-26,5922
912000,晨訊科-DR,30,0,30,元富-新店,2024-06-26,5922
2903,遠百,30,0,30,元富-新店,2024-06-26,5922
5876,上海商銀,30,0,30,元富-新店,2024-06-26,5922
2449,京元電子,97,68,29,元富-新店,2024-06-26,5922
0056,元大高股息,27,2,25,元富-新店,2024-06-26,5922
1532,勤美,32,7,25,元富-新店,2024-06-26,5922
5498,凱崴,28,3,25,元富-新店,2024-06-26,5922
00936,台新永續高息中小,25,0,25,元富-新店,2024-06-26,5922
3006,晶豪科,76,52,24,元富-新店,2024-06-26,5922
3055,蔚華科,27,3,24,元富-新店,2024-06-26,5922
00713,元大台灣高息低波,23,0,23,元富-新店,2024-06-26,5922
2618,長榮航,80,57,23,元富-新店,2024-06-26,5922
00935,野村臺灣新科技50,23,0,23,元富-新店,2024-06-26,5922
00878,國泰永續高股息,28,6,22,元富-新店,2024-06-26,5922
00881,國泰台灣5G+,22,1,21,元富-新店,2024-06-26,5922
2317,鴻海,36,15,21,元富-新店,2024-06-26,5922
1731,美吾華,20,0,20,元富-新店,2024-06-26,5922
00679B,元大美債20年,21,2,19,元富-新店,2024-06-26,5922
2888,新光金,25,6,19,元富-新店,2024-06-26,5922
00915,凱基優選高股息30,18,0,18,元富-新店,2024-06-26,5922
1815,富喬,17,0,17,元富-新店,2024-06-26,5922
6753,龍德造船,17,2,15,元富-新店,2024-06-26,5922
1806,冠軍,15,0,15,元富-新店,2024-06-26,5922
1582,信錦,17,2,15,元富-新店,2024-06-26,5922
8112,至上,15,0,15,元富-新店,2024-06-26,5922
00929,復華台灣科技優息,34,19,15,元富-新店,2024-06-26,5922
2401,凌陽,19,5,14,元富-新店,2024-06-26,5922
2609,陽明,33,20,13,元富-新店,2024-06-26,5922
2603,長榮,15,2,13,元富-新店,2024-06-26,5922
00948B,中信優息投資級債,12,0,12,元富-新店,2024-06-26,5922
00687B,國泰20年美債,211,0,211,元富-新店,2024-06-27,5922
00937B,群益ESG投等債20,173,4,169,元富-新店,2024-06-27,5922
00632R,元大台灣50反1,150,0,150,元富-新店,2024-06-27,5922
00679B,元大美債20年,146,0,146,元富-新店,2024-06-27,5922
9904,寶成,89,0,89,元富-新店,2024-06-27,5922
3481,群創,110,23,87,元富-新店,2024-06-27,5922
00942B,台新美A公司債20+,78,0,78,元富-新店,2024-06-27,5922
00931B,統一美債20年,74,0,74,元富-新店,2024-06-27,5922
5243,乙盛-KY,72,17,55,元富-新店,2024-06-27,5922
6026,福邦證,50,0,50,元富-新店,2024-06-27,5922
2885,元大金,57,13,44,元富-新店,2024-06-27,5922
4167,松瑞藥,62,20,42,元富-新店,2024-06-27,5922
0056,元大高股息,40,0,40,元富-新店,2024-06-27,5922
00933B,國泰10Y+金融債,39,0,39,元富-新店,2024-06-27,5922
00751B,元大AAA至A公司債,39,0,39,元富-新店,2024-06-27,5922
9105,泰金寶-DR,36,0,36,元富-新店,2024-06-27,5922
00919,群益台灣精選高息,33,0,33,元富-新店,2024-06-27,5922
2371,大同,39,8,31,元富-新店,2024-06-27,5922
00720B,元大投資級公司債,28,0,28,元富-新店,2024-06-27,5922
2884,玉山金,27,0,27,元富-新店,2024-06-27,5922
00680L,元大美債20正2,27,0,27,元富-新店,2024-06-27,5922
2354,鴻準,31,5,26,元富-新店,2024-06-27,5922
2312,金寶,26,0,26,元富-新店,2024-06-27,5922
1709,和益,50,27,23,元富-新店,2024-06-27,5922
2890,永豐金,21,0,21,元富-新店,2024-06-27,5922
00795B,中信美國公債20年,21,0,21,元富-新店,2024-06-27,5922
00918,大華優利高填息30,23,3,20,元富-新店,2024-06-27,5922
9927,泰銘,20,0,20,元富-新店,2024-06-27,5922
5498,凱崴,20,0,20,元富-新店,2024-06-27,5922
1301,台塑,19,0,19,元富-新店,2024-06-27,5922
2489,瑞軒,35,17,18,元富-新店,2024-06-27,5922
00878,國泰永續高股息,23,5,18,元富-新店,2024-06-27,5922
1540,喬福,27,10,17,元富-新店,2024-06-27,5922
1504,東元,17,0,17,元富-新店,2024-06-27,5922
2409,友達,16,0,16,元富-新店,2024-06-27,5922
4526,東台,15,0,15,元富-新店,2024-06-27,5922
00948B,中信優息投資級債,15,0,15,元富-新店,2024-06-27,5922
2368,金像電,15,0,15,元富-新店,2024-06-27,5922
00772B,中信高評級公司債,14,0,14,元富-新店,2024-06-27,5922
3615,安可,20,6,14,元富-新店,2024-06-27,5922
2486,一詮,16,2,14,元富-新店,2024-06-27,5922
8096,擎亞,25,11,14,元富-新店,2024-06-27,5922
2002,中鋼,15,2,13,元富-新店,2024-06-27,5922
00929,復華台灣科技優息,40,27,13,元富-新店,2024-06-27,5922
00713,元大台灣高息低波,14,1,13,元富-新店,2024-06-27,5922
4938,和碩,14,1,13,元富-新店,2024-06-27,5922
6197,佳必琪,14,1,13,元富-新店,2024-06-27,5922
2883,凱基金,13,0,13,元富-新店,2024-06-27,5922
4128,中天,13,0,13,元富-新店,2024-06-27,5922
00712,復華富時不動產,12,0,12,元富-新店,2024-06-27,5922
2618,長榮航,116,17,99,元富-新店,2024-06-28,5922
2883,凱基金,69,1,68,元富-新店,2024-06-28,5922
1609,大亞,77,11,66,元富-新店,2024-06-28,5922
1808,潤隆,61,0,61,元富-新店,2024-06-28,5922
00937B,群益ESG投等債20,49,0,49,元富-新店,2024-06-28,5922
3481,群創,61,13,48,元富-新店,2024-06-28,5922
00712,復華富時不動產,58,10,48,元富-新店,2024-06-28,5922
2374,佳能,94,46,48,元富-新店,2024-06-28,5922
2392,正崴,50,4,46,元富-新店,2024-06-28,5922
2609,陽明,68,23,45,元富-新店,2024-06-28,5922
2406,國碩,72,28,44,元富-新店,2024-06-28,5922
00878,國泰永續高股息,46,5,41,元富-新店,2024-06-28,5922
0056,元大高股息,40,0,40,元富-新店,2024-06-28,5922
2328,廣宇,42,4,38,元富-新店,2024-06-28,5922
6743,安普新,36,0,36,元富-新店,2024-06-28,5922
1785,光洋科,52,17,35,元富-新店,2024-06-28,5922
00929,復華台灣科技優息,53,20,33,元富-新店,2024-06-28,5922
4526,東台,35,6,29,元富-新店,2024-06-28,5922
3062,建漢,39,11,28,元富-新店,2024-06-28,5922
1734,杏輝,25,0,25,元富-新店,2024-06-28,5922
6182,合晶,26,1,25,元富-新店,2024-06-28,5922
2349,錸德,25,1,24,元富-新店,2024-06-28,5922
00632R,元大台灣50反1,65,43,22,元富-新店,2024-06-28,5922
00751B,元大AAA至A公司債,22,0,22,元富-新店,2024-06-28,5922
00948B,中信優息投資級債,23,1,22,元富-新店,2024-06-28,5922
3013,晟銘電,29,7,22,元富-新店,2024-06-28,5922
2301,光寶科,25,4,21,元富-新店,2024-06-28,5922
2014,中鴻,21,0,21,元富-新店,2024-06-28,5922
00673R,期元大S＆P原油反1,20,0,20,元富-新店,2024-06-28,5922
2615,萬海,25,5,20,元富-新店,2024-06-28,5922
00764B,群益25年美債,20,0,20,元富-新店,2024-06-28,5922
6770,力積電,33,14,19,元富-新店,2024-06-28,5922
2002,中鋼,17,0,17,元富-新店,2024-06-28,5922
3149,正達,21,4,17,元富-新店,2024-06-28,5922
3624,光頡,17,0,17,元富-新店,2024-06-28,5922
00936,台新永續高息中小,19,3,16,元富-新店,2024-06-28,5922
2884,玉山金,15,0,15,元富-新店,2024-06-28,5922
00665L,富邦�琤肭磪囓�2,15,0,15,元富-新店,2024-06-28,5922
4121,優盛,15,0,15,元富-新店,2024-06-28,5922
00919,群益台灣精選高息,34,19,15,元富-新店,2024-06-28,5922
8103,瀚荃,15,1,14,元富-新店,2024-06-28,5922
2317,鴻海,45,32,13,元富-新店,2024-06-28,5922
00720B,元大投資級公司債,13,0,13,元富-新店,2024-06-28,5922
5009,榮剛,12,0,12,元富-新店,2024-06-28,5922
1708,東鹼,12,0,12,元富-新店,2024-06-28,5922
2486,一詮,13,1,12,元富-新店,2024-06-28,5922
2867,三商壽,13,1,12,元富-新店,2024-06-28,5922
3338,泰碩,32,21,11,元富-新店,2024-06-28,5922
00706L,期元大S＆P日圓正2,31,20,11,元富-新店,2024-06-28,5922
3339,泰谷,11,0,11,元富-新店,2024-06-28,5922
00937B,群益ESG投等債20,216,5,211,元富-新店,2024-07-01,5922
00942B,台新美A公司債20+,208,0,208,元富-新店,2024-07-01,5922
2883,凱基金,204,5,199,元富-新店,2024-07-01,5922
2888,新光金,188,8,180,元富-新店,2024-07-01,5922
00679B,元大美債20年,123,5,118,元富-新店,2024-07-01,5922
00948B,中信優息投資級債,113,3,110,元富-新店,2024-07-01,5922
00687B,國泰20年美債,104,0,104,元富-新店,2024-07-01,5922
2834,臺企銀,103,0,103,元富-新店,2024-07-01,5922
5498,凱崴,68,6,62,元富-新店,2024-07-01,5922
00931B,統一美債20年,45,0,45,元富-新店,2024-07-01,5922
00936,台新永續高息中小,40,1,39,元富-新店,2024-07-01,5922
2313,華通,40,2,38,元富-新店,2024-07-01,5922
0056,元大高股息,34,0,34,元富-新店,2024-07-01,5922
00929,復華台灣科技優息,44,11,33,元富-新店,2024-07-01,5922
00764B,群益25年美債,31,0,31,元富-新店,2024-07-01,5922
6806,森崴能源,66,35,31,元富-新店,2024-07-01,5922
8358,金居,32,2,30,元富-新店,2024-07-01,5922
2354,鴻準,30,1,29,元富-新店,2024-07-01,5922
00885,富邦越南,29,0,29,元富-新店,2024-07-01,5922
2545,皇翔,32,4,28,元富-新店,2024-07-01,5922
00933B,國泰10Y+金融債,28,0,28,元富-新店,2024-07-01,5922
00720B,元大投資級公司債,32,5,27,元富-新店,2024-07-01,5922
3024,憶聲,62,36,26,元富-新店,2024-07-01,5922
00751B,元大AAA至A公司債,24,0,24,元富-新店,2024-07-01,5922
1742,台蠟,21,0,21,元富-新店,2024-07-01,5922
2328,廣宇,21,1,20,元富-新店,2024-07-01,5922
00772B,中信高評級公司債,20,0,20,元富-新店,2024-07-01,5922
4908,前鼎,21,2,19,元富-新店,2024-07-01,5922
4526,東台,23,5,18,元富-新店,2024-07-01,5922
5009,榮剛,24,6,18,元富-新店,2024-07-01,5922
3483,力致,23,7,16,元富-新店,2024-07-01,5922
3498,陽程,16,0,16,元富-新店,2024-07-01,5922
2417,圓剛,22,6,16,元富-新店,2024-07-01,5922
5469,瀚宇博,15,0,15,元富-新店,2024-07-01,5922
5230,雷笛克光學,21,6,15,元富-新店,2024-07-01,5922
2002,中鋼,14,0,14,元富-新店,2024-07-01,5922
00878,國泰永續高股息,38,25,13,元富-新店,2024-07-01,5922
6743,安普新,15,2,13,元富-新店,2024-07-01,5922
3105,穩懋,55,43,12,元富-新店,2024-07-01,5922
00637L,元大滬深300正2,12,0,12,元富-新店,2024-07-01,5922
00919,群益台灣精選高息,51,40,11,元富-新店,2024-07-01,5922
3062,建漢,21,10,11,元富-新店,2024-07-01,5922
9910,豐泰,11,0,11,元富-新店,2024-07-01,5922
2501,國建,11,0,11,元富-新店,2024-07-01,5922
1524,耿鼎,10,0,10,元富-新店,2024-07-01,5922
3402,漢科,10,0,10,元富-新店,2024-07-01,5922
1319,東陽,10,0,10,元富-新店,2024-07-01,5922
2495,普安,11,1,10,元富-新店,2024-07-01,5922
3715,定穎投控,10,0,10,元富-新店,2024-07-01,5922
3289,宜特,10,0,10,元富-新店,2024-07-01,5922
2303,聯電,239,18,221,元富-新店,2024-07-02,5922
2317,鴻海,147,14,133,元富-新店,2024-07-02,5922
2812,台中銀,101,0,101,元富-新店,2024-07-02,5922
00948B,中信優息投資級債,91,0,91,元富-新店,2024-07-02,5922
0056,元大高股息,84,0,84,元富-新店,2024-07-02,5922
00687B,國泰20年美債,84,0,84,元富-新店,2024-07-02,5922
00934,中信成長高股息,81,3,78,元富-新店,2024-07-02,5922
00937B,群益ESG投等債20,89,18,71,元富-新店,2024-07-02,5922
00673R,期元大S＆P原油反1,68,0,68,元富-新店,2024-07-02,5922
8112,至上,74,6,68,元富-新店,2024-07-02,5922
00679B,元大美債20年,71,5,66,元富-新店,2024-07-02,5922
5498,凱崴,60,0,60,元富-新店,2024-07-02,5922
00942B,台新美A公司債20+,59,0,59,元富-新店,2024-07-02,5922
00680L,元大美債20正2,53,0,53,元富-新店,2024-07-02,5922
00795B,中信美國公債20年,53,0,53,元富-新店,2024-07-02,5922
00936,台新永續高息中小,72,23,49,元富-新店,2024-07-02,5922
2885,元大金,51,4,47,元富-新店,2024-07-02,5922
8104,錸寶,50,14,36,元富-新店,2024-07-02,5922
00632R,元大台灣50反1,80,50,30,元富-新店,2024-07-02,5922
3062,建漢,42,13,29,元富-新店,2024-07-02,5922
00712,復華富時不動產,26,1,25,元富-新店,2024-07-02,5922
4526,東台,25,0,25,元富-新店,2024-07-02,5922
2323,中環,73,50,23,元富-新店,2024-07-02,5922
6133,金橋,22,0,22,元富-新店,2024-07-02,5922
6139,亞翔,36,15,21,元富-新店,2024-07-02,5922
3714,富采,21,0,21,元富-新店,2024-07-02,5922
3576,聯合再生,25,4,21,元富-新店,2024-07-02,5922
9904,寶成,20,0,20,元富-新店,2024-07-02,5922
00947,台新臺灣IC設計,20,0,20,元富-新店,2024-07-02,5922
2442,新美齊,20,0,20,元富-新店,2024-07-02,5922
2353,宏��,19,0,19,元富-新店,2024-07-02,5922
2365,昆盈,50,31,19,元富-新店,2024-07-02,5922
6443,元晶,126,108,18,元富-新店,2024-07-02,5922
2641,正德,19,2,17,元富-新店,2024-07-02,5922
00931B,統一美債20年,17,0,17,元富-新店,2024-07-02,5922
2913,農林,19,2,17,元富-新店,2024-07-02,5922
8096,擎亞,23,7,16,元富-新店,2024-07-02,5922
4562,穎漢,19,3,16,元富-新店,2024-07-02,5922
1785,光洋科,45,30,15,元富-新店,2024-07-02,5922
3535,晶彩科,26,12,14,元富-新店,2024-07-02,5922
2820,華票,12,0,12,元富-新店,2024-07-02,5922
8440,綠電,12,0,12,元富-新店,2024-07-02,5922
2495,普安,32,20,12,元富-新店,2024-07-02,5922
3224,三顧,12,0,12,元富-新店,2024-07-02,5922
2002,中鋼,18,7,11,元富-新店,2024-07-02,5922
3702,大聯大,11,0,11,元富-新店,2024-07-02,5922
2884,玉山金,11,0,11,元富-新店,2024-07-02,5922
3615,安可,22,11,11,元富-新店,2024-07-02,5922
2464,盟立,35,24,11,元富-新店,2024-07-02,5922
6695,芯鼎,12,1,11,元富-新店,2024-07-02,5922
00937B,群益ESG投等債20,273,5,268,元富-新店,2024-07-03,5922
9105,泰金寶-DR,149,43,106,元富-新店,2024-07-03,5922
5498,凱崴,100,0,100,元富-新店,2024-07-03,5922
00947,台新臺灣IC設計,80,0,80,元富-新店,2024-07-03,5922
2609,陽明,103,28,75,元富-新店,2024-07-03,5922
2887,台新金,71,12,59,元富-新店,2024-07-03,5922
2317,鴻海,62,11,51,元富-新店,2024-07-03,5922
6244,茂迪,66,20,46,元富-新店,2024-07-03,5922
00942B,台新美A公司債20+,73,30,43,元富-新店,2024-07-03,5922
00934,中信成長高股息,48,6,42,元富-新店,2024-07-03,5922
6770,力積電,51,13,38,元富-新店,2024-07-03,5922
1785,光洋科,214,180,34,元富-新店,2024-07-03,5922
6443,元晶,72,39,33,元富-新店,2024-07-03,5922
3663,鑫科,56,24,32,元富-新店,2024-07-03,5922
3045,台灣大,65,34,31,元富-新店,2024-07-03,5922
4526,東台,29,0,29,元富-新店,2024-07-03,5922
2618,長榮航,37,8,29,元富-新店,2024-07-03,5922
3062,建漢,38,10,28,元富-新店,2024-07-03,5922
5443,均豪,50,24,26,元富-新店,2024-07-03,5922
4968,立積,28,2,26,元富-新店,2024-07-03,5922
3706,神達,24,1,23,元富-新店,2024-07-03,5922
2545,皇翔,23,0,23,元富-新店,2024-07-03,5922
3047,訊舟,63,41,22,元富-新店,2024-07-03,5922
2352,佳世達,22,0,22,元富-新店,2024-07-03,5922
00945B,凱基美國非投等債,21,0,21,元富-新店,2024-07-03,5922
00931B,統一美債20年,21,0,21,元富-新店,2024-07-03,5922
1709,和益,24,3,21,元富-新店,2024-07-03,5922
2406,國碩,25,6,19,元富-新店,2024-07-03,5922
4906,正文,23,5,18,元富-新店,2024-07-03,5922
1605,華新,17,0,17,元富-新店,2024-07-03,5922
4739,康普,16,0,16,元富-新店,2024-07-03,5922
2367,燿華,138,123,15,元富-新店,2024-07-03,5922
2337,旺宏,24,9,15,元富-新店,2024-07-03,5922
2017,官田鋼,15,0,15,元富-新店,2024-07-03,5922
3005,神基,15,0,15,元富-新店,2024-07-03,5922
2489,瑞軒,16,2,14,元富-新店,2024-07-03,5922
6116,彩晶,24,10,14,元富-新店,2024-07-03,5922
3686,達能,17,3,14,元富-新店,2024-07-03,5922
3711,日月光投控,13,0,13,元富-新店,2024-07-03,5922
3491,昇達科,14,1,13,元富-新店,2024-07-03,5922
0056,元大高股息,15,2,13,元富-新店,2024-07-03,5922
2105,正新,12,0,12,元富-新店,2024-07-03,5922
1808,潤隆,12,0,12,元富-新店,2024-07-03,5922
2409,友達,13,1,12,元富-新店,2024-07-03,5922
4958,臻鼎-KY,12,0,12,元富-新店,2024-07-03,5922
5347,世界,24,12,12,元富-新店,2024-07-03,5922
2412,中華電,27,16,11,元富-新店,2024-07-03,5922
3432,台端,11,0,11,元富-新店,2024-07-03,5922
00751B,元大AAA至A公司債,11,0,11,元富-新店,2024-07-03,5922
2332,友訊,12,1,11,元富-新店,2024-07-03,5922
2353,宏��,382,1,381,元富-新店,2024-07-04,5922
00680L,元大美債20正2,261,0,261,元富-新店,2024-07-04,5922
5880,合庫金,201,18,183,元富-新店,2024-07-04,5922
5498,凱崴,162,30,132,元富-新店,2024-07-04,5922
6505,台塑化,155,53,102,元富-新店,2024-07-04,5922
00947,台新臺灣IC設計,93,1,92,元富-新店,2024-07-04,5922
6016,康和證,84,0,84,元富-新店,2024-07-04,5922
2606,裕民,70,0,70,元富-新店,2024-07-04,5922
2883,凱基金,83,18,65,元富-新店,2024-07-04,5922
00944,野村趨勢動能高息,60,0,60,元富-新店,2024-07-04,5922
2412,中華電,56,1,55,元富-新店,2024-07-04,5922
6005,群益證,53,1,52,元富-新店,2024-07-04,5922
2609,陽明,60,11,49,元富-新店,2024-07-04,5922
00753L,中信中國50正2,50,2,48,元富-新店,2024-07-04,5922
2405,輔信,53,9,44,元富-新店,2024-07-04,5922
1409,新纖,84,43,41,元富-新店,2024-07-04,5922
1612,宏泰,51,10,41,元富-新店,2024-07-04,5922
00934,中信成長高股息,36,0,36,元富-新店,2024-07-04,5922
1808,潤隆,39,4,35,元富-新店,2024-07-04,5922
2359,所羅門,54,22,32,元富-新店,2024-07-04,5922
00937B,群益ESG投等債20,33,2,31,元富-新店,2024-07-04,5922
4533,協易機,34,5,29,元富-新店,2024-07-04,5922
2618,長榮航,35,6,29,元富-新店,2024-07-04,5922
2374,佳能,39,11,28,元富-新店,2024-07-04,5922
5347,世界,27,0,27,元富-新店,2024-07-04,5922
00881,國泰台灣5G+,30,4,26,元富-新店,2024-07-04,5922
1402,遠東新,30,5,25,元富-新店,2024-07-04,5922
4526,東台,29,5,24,元富-新店,2024-07-04,5922
2388,威盛,28,4,24,元富-新店,2024-07-04,5922
8064,東捷,41,18,23,元富-新店,2024-07-04,5922
00712,復華富時不動產,36,15,21,元富-新店,2024-07-04,5922
5009,榮剛,21,2,19,元富-新店,2024-07-04,5922
6770,力積電,19,2,17,元富-新店,2024-07-04,5922
00673R,期元大S＆P原油反1,16,0,16,元富-新店,2024-07-04,5922
6147,頎邦,25,10,15,元富-新店,2024-07-04,5922
00949,復華日本龍頭,15,0,15,元富-新店,2024-07-04,5922
2610,華航,20,6,14,元富-新店,2024-07-04,5922
6244,茂迪,24,11,13,元富-新店,2024-07-04,5922
00878,國泰永續高股息,29,17,12,元富-新店,2024-07-04,5922
2603,長榮,15,3,12,元富-新店,2024-07-04,5922
3450,聯鈞,42,30,12,元富-新店,2024-07-04,5922
2349,錸德,16,4,12,元富-新店,2024-07-04,5922
4147,中裕,13,1,12,元富-新店,2024-07-04,5922
00918,大華優利高填息30,13,1,12,元富-新店,2024-07-04,5922
4109,加捷生醫,41,30,11,元富-新店,2024-07-04,5922
6269,台郡,11,1,10,元富-新店,2024-07-04,5922
1310,台苯,10,0,10,元富-新店,2024-07-04,5922
00655L,國泰中國A50正2,10,0,10,元富-新店,2024-07-04,5922
00700,富邦�琤肭磪�,12,2,10,元富-新店,2024-07-04,5922
2515,中工,10,0,10,元富-新店,2024-07-04,5922
2888,新光金,374,62,312,元富-新店,2024-07-05,5922
1785,光洋科,455,285,170,元富-新店,2024-07-05,5922
1326,台化,137,0,137,元富-新店,2024-07-05,5922
2324,仁寶,122,2,120,元富-新店,2024-07-05,5922
2367,燿華,125,19,106,元富-新店,2024-07-05,5922
2409,友達,101,26,75,元富-新店,2024-07-05,5922
00934,中信成長高股息,66,0,66,元富-新店,2024-07-05,5922
2609,陽明,63,8,55,元富-新店,2024-07-05,5922
3232,昱捷,45,1,44,元富-新店,2024-07-05,5922
2606,裕民,42,0,42,元富-新店,2024-07-05,5922
1802,台玻,44,2,42,元富-新店,2024-07-05,5922
00949,復華日本龍頭,41,0,41,元富-新店,2024-07-05,5922
2402,毅嘉,40,1,39,元富-新店,2024-07-05,5922
00637L,元大滬深300正2,38,0,38,元富-新店,2024-07-05,5922
2374,佳能,97,59,38,元富-新店,2024-07-05,5922
1708,東鹼,40,3,37,元富-新店,2024-07-05,5922
2453,凌群,69,33,36,元富-新店,2024-07-05,5922
00937B,群益ESG投等債20,33,0,33,元富-新店,2024-07-05,5922
2610,華航,31,1,30,元富-新店,2024-07-05,5922
00919,群益台灣精選高息,29,0,29,元富-新店,2024-07-05,5922
6213,聯茂,37,8,29,元富-新店,2024-07-05,5922
3163,波若威,39,10,29,元富-新店,2024-07-05,5922
00712,復華富時不動產,25,0,25,元富-新店,2024-07-05,5922
1795,美時,25,0,25,元富-新店,2024-07-05,5922
4961,天鈺,25,1,24,元富-新店,2024-07-05,5922
3062,建漢,44,20,24,元富-新店,2024-07-05,5922
2615,萬海,47,23,24,元富-新店,2024-07-05,5922
6005,群益證,22,0,22,元富-新店,2024-07-05,5922
4561,健椿,21,0,21,元富-新店,2024-07-05,5922
00725B,國泰投資級公司債,20,0,20,元富-新店,2024-07-05,5922
2465,麗臺,20,0,20,元富-新店,2024-07-05,5922
2603,長榮,22,3,19,元富-新店,2024-07-05,5922
1101,台泥,20,2,18,元富-新店,2024-07-05,5922
00936,台新永續高息中小,18,0,18,元富-新店,2024-07-05,5922
5603,陸海,17,0,17,元富-新店,2024-07-05,5922
2301,光寶科,16,0,16,元富-新店,2024-07-05,5922
8383,千附,18,2,16,元富-新店,2024-07-05,5922
3492,長盛,44,28,16,元富-新店,2024-07-05,5922
3537,堡達,18,3,15,元富-新店,2024-07-05,5922
2883,凱基金,15,1,14,元富-新店,2024-07-05,5922
1314,中石化,15,1,14,元富-新店,2024-07-05,5922
8110,華東,16,2,14,元富-新店,2024-07-05,5922
0050,元大台灣50,14,0,14,元富-新店,2024-07-05,5922
006208,富邦台50,13,0,13,元富-新店,2024-07-05,5922
3686,達能,14,1,13,元富-新店,2024-07-05,5922
6443,元晶,15,3,12,元富-新店,2024-07-05,5922
1513,中興電,59,47,12,元富-新店,2024-07-05,5922
1301,台塑,12,1,11,元富-新店,2024-07-05,5922
6133,金橋,13,2,11,元富-新店,2024-07-05,5922
6016,康和證,11,0,11,元富-新店,2024-07-05,5922
2371,大同,418,21,397,元富-新店,2024-07-08,5922
2888,新光金,400,5,395,元富-新店,2024-07-08,5922
00632R,元大台灣50反1,188,18,170,元富-新店,2024-07-08,5922
4714,永捷,121,4,117,元富-新店,2024-07-08,5922
2324,仁寶,98,8,90,元富-新店,2024-07-08,5922
2609,陽明,125,46,79,元富-新店,2024-07-08,5922
2495,普安,86,13,73,元富-新店,2024-07-08,5922
1326,台化,64,0,64,元富-新店,2024-07-08,5922
3455,由田,65,1,64,元富-新店,2024-07-08,5922
00919,群益台灣精選高息,66,7,59,元富-新店,2024-07-08,5922
00929,復華台灣科技優息,64,11,53,元富-新店,2024-07-08,5922
00933B,國泰10Y+金融債,51,1,50,元富-新店,2024-07-08,5922
3232,昱捷,48,0,48,元富-新店,2024-07-08,5922
00934,中信成長高股息,45,0,45,元富-新店,2024-07-08,5922
00946,群益科技高息成長,42,3,39,元富-新店,2024-07-08,5922
2331,精英,37,0,37,元富-新店,2024-07-08,5922
2816,旺旺保,57,20,37,元富-新店,2024-07-08,5922
2545,皇翔,46,10,36,元富-新店,2024-07-08,5922
3013,晟銘電,41,5,36,元富-新店,2024-07-08,5922
3045,台灣大,34,1,33,元富-新店,2024-07-08,5922
3019,亞光,44,12,32,元富-新店,2024-07-08,5922
4526,東台,34,2,32,元富-新店,2024-07-08,5922
2618,長榮航,68,37,31,元富-新店,2024-07-08,5922
00712,復華富時不動產,30,0,30,元富-新店,2024-07-08,5922
1582,信錦,30,1,29,元富-新店,2024-07-08,5922
1608,華榮,30,1,29,元富-新店,2024-07-08,5922
00878,國泰永續高股息,29,2,27,元富-新店,2024-07-08,5922
2365,昆盈,92,65,27,元富-新店,2024-07-08,5922
1340,勝悅-KY,36,11,25,元富-新店,2024-07-08,5922
1310,台苯,25,0,25,元富-新店,2024-07-08,5922
2374,佳能,62,37,25,元富-新店,2024-07-08,5922
6005,群益證,25,1,24,元富-新店,2024-07-08,5922
2834,臺企銀,24,0,24,元富-新店,2024-07-08,5922
3229,晟鈦,21,0,21,元富-新店,2024-07-08,5922
4534,慶騰,21,0,21,元富-新店,2024-07-08,5922
00673R,期元大S＆P原油反1,20,0,20,元富-新店,2024-07-08,5922
4114,健喬,20,0,20,元富-新店,2024-07-08,5922
00936,台新永續高息中小,21,1,20,元富-新店,2024-07-08,5922
5353,台林,20,0,20,元富-新店,2024-07-08,5922
6197,佳必琪,37,18,19,元富-新店,2024-07-08,5922
2603,長榮,27,9,18,元富-新店,2024-07-08,5922
8110,華東,18,0,18,元富-新店,2024-07-08,5922
3450,聯鈞,37,20,17,元富-新店,2024-07-08,5922
6806,森崴能源,20,4,16,元富-新店,2024-07-08,5922
2417,圓剛,32,16,16,元富-新店,2024-07-08,5922
2392,正崴,49,33,16,元富-新店,2024-07-08,5922
6133,金橋,36,20,16,元富-新店,2024-07-08,5922
1727,中華化,15,0,15,元富-新店,2024-07-08,5922
2489,瑞軒,24,9,15,元富-新店,2024-07-08,5922
8039,台虹,18,3,15,元富-新店,2024-07-08,5922
00937B,群益ESG投等債20,1034,103,931,元富-新店,2024-07-09,5922
00907,永豐優息存股,94,0,94,元富-新店,2024-07-09,5922
2834,臺企銀,121,40,81,元富-新店,2024-07-09,5922
2353,宏��,93,15,78,元富-新店,2024-07-09,5922
2355,敬鵬,62,0,62,元富-新店,2024-07-09,5922
00881,國泰台灣5G+,104,47,57,元富-新店,2024-07-09,5922
6505,台塑化,55,0,55,元富-新店,2024-07-09,5922
6213,聯茂,74,21,53,元富-新店,2024-07-09,5922
00919,群益台灣精選高息,55,4,51,元富-新店,2024-07-09,5922
00865B,國泰US短期公債,47,0,47,元富-新店,2024-07-09,5922
2374,佳能,175,129,46,元富-新店,2024-07-09,5922
6016,康和證,68,29,39,元富-新店,2024-07-09,5922
8358,金居,38,0,38,元富-新店,2024-07-09,5922
00943,兆豐電子高息等權,38,0,38,元富-新店,2024-07-09,5922
4960,誠美材,50,12,38,元富-新店,2024-07-09,5922
00936,台新永續高息中小,38,1,37,元富-新店,2024-07-09,5922
0056,元大高股息,37,2,35,元富-新店,2024-07-09,5922
6005,群益證,58,26,32,元富-新店,2024-07-09,5922
2618,長榮航,47,15,32,元富-新店,2024-07-09,5922
3537,堡達,34,4,30,元富-新店,2024-07-09,5922
6806,森崴能源,45,15,30,元富-新店,2024-07-09,5922
4904,遠傳,30,1,29,元富-新店,2024-07-09,5922
3149,正達,32,5,27,元富-新店,2024-07-09,5922
2449,京元電子,57,31,26,元富-新店,2024-07-09,5922
3006,晶豪科,26,0,26,元富-新店,2024-07-09,5922
2332,友訊,25,0,25,元富-新店,2024-07-09,5922
2609,陽明,40,16,24,元富-新店,2024-07-09,5922
2014,中鴻,25,1,24,元富-新店,2024-07-09,5922
5498,凱崴,50,30,20,元富-新店,2024-07-09,5922
2880,華南金,20,0,20,元富-新店,2024-07-09,5922
00665L,富邦�琤肭磪囓�2,20,0,20,元富-新店,2024-07-09,5922
00687B,國泰20年美債,21,2,19,元富-新店,2024-07-09,5922
8071,能率網通,21,2,19,元富-新店,2024-07-09,5922
00877,復華中國5G,20,2,18,元富-新店,2024-07-09,5922
2331,精英,21,3,18,元富-新店,2024-07-09,5922
2867,三商壽,42,25,17,元富-新店,2024-07-09,5922
2201,裕隆,28,12,16,元富-新店,2024-07-09,5922
3045,台灣大,19,3,16,元富-新店,2024-07-09,5922
2489,瑞軒,16,1,15,元富-新店,2024-07-09,5922
5302,太欣,17,2,15,元富-新店,2024-07-09,5922
2020,美亞,17,2,15,元富-新店,2024-07-09,5922
3049,精金,15,0,15,元富-新店,2024-07-09,5922
2352,佳世達,15,1,14,元富-新店,2024-07-09,5922
00945B,凱基美國非投等債,15,1,14,元富-新店,2024-07-09,5922
8111,立��,14,0,14,元富-新店,2024-07-09,5922
3094,聯傑,15,1,14,元富-新店,2024-07-09,5922
3260,威剛,14,0,14,元富-新店,2024-07-09,5922
4977,眾達-KY,14,1,13,元富-新店,2024-07-09,5922
2889,國票金,14,1,13,元富-新店,2024-07-09,5922
1808,潤隆,12,0,12,元富-新店,2024-07-09,5922
00942B,台新美A公司債20+,195,2,193,元富-新店,2024-07-10,5922
00919,群益台灣精選高息,139,2,137,元富-新店,2024-07-10,5922
00945B,凱基美國非投等債,106,2,104,元富-新店,2024-07-10,5922
2641,正德,103,2,101,元富-新店,2024-07-10,5922
2834,臺企銀,137,47,90,元富-新店,2024-07-10,5922
5876,上海商銀,86,0,86,元富-新店,2024-07-10,5922
00937B,群益ESG投等債20,75,0,75,元富-新店,2024-07-10,5922
1608,華榮,73,7,66,元富-新店,2024-07-10,5922
00934,中信成長高股息,62,0,62,元富-新店,2024-07-10,5922
00928,中信上櫃ESG30,50,0,50,元富-新店,2024-07-10,5922
8358,金居,50,0,50,元富-新店,2024-07-10,5922
2317,鴻海,48,8,40,元富-新店,2024-07-10,5922
1301,台塑,40,1,39,元富-新店,2024-07-10,5922
1532,勤美,49,10,39,元富-新店,2024-07-10,5922
2880,華南金,41,3,38,元富-新店,2024-07-10,5922
00929,復華台灣科技優息,81,50,31,元富-新店,2024-07-10,5922
4526,東台,30,0,30,元富-新店,2024-07-10,5922
4958,臻鼎-KY,45,15,30,元富-新店,2024-07-10,5922
00751B,元大AAA至A公司債,29,3,26,元富-新店,2024-07-10,5922
2609,陽明,23,0,23,元富-新店,2024-07-10,5922
0050,元大台灣50,23,0,23,元富-新店,2024-07-10,5922
3234,光環,25,3,22,元富-新店,2024-07-10,5922
3105,穩懋,28,7,21,元富-新店,2024-07-10,5922
3032,偉訓,20,0,20,元富-新店,2024-07-10,5922
2365,昆盈,37,17,20,元富-新店,2024-07-10,5922
00687B,國泰20年美債,20,1,19,元富-新店,2024-07-10,5922
2367,燿華,49,30,19,元富-新店,2024-07-10,5922
6213,聯茂,23,4,19,元富-新店,2024-07-10,5922
1616,億泰,23,6,17,元富-新店,2024-07-10,5922
3021,鴻名,17,0,17,元富-新店,2024-07-10,5922
2009,第一銅,16,0,16,元富-新店,2024-07-10,5922
5371,中光電,16,1,15,元富-新店,2024-07-10,5922
6005,群益證,15,0,15,元富-新店,2024-07-10,5922
1718,中纖,15,0,15,元富-新店,2024-07-10,5922
00908,富邦入息REITs+,15,0,15,元富-新店,2024-07-10,5922
00878,國泰永續高股息,16,2,14,元富-新店,2024-07-10,5922
3037,欣興,15,1,14,元富-新店,2024-07-10,5922
1785,光洋科,59,45,14,元富-新店,2024-07-10,5922
5531,鄉林,13,0,13,元富-新店,2024-07-10,5922
5880,合庫金,19,6,13,元富-新店,2024-07-10,5922
1503,士電,21,9,12,元富-新店,2024-07-10,5922
4533,協易機,17,5,12,元富-新店,2024-07-10,5922
1312,國喬,12,0,12,元富-新店,2024-07-10,5922
00927,群益半導體收益,16,5,11,元富-新店,2024-07-10,5922
00882,中信中國高股息,11,0,11,元富-新店,2024-07-10,5922
3050,鈺德,46,35,11,元富-新店,2024-07-10,5922
2352,佳世達,11,0,11,元富-新店,2024-07-10,5922
6788,華景電,11,0,11,元富-新店,2024-07-10,5922
4904,遠傳,15,4,11,元富-新店,2024-07-10,5922
2303,聯電,25,15,10,元富-新店,2024-07-10,5922
2881,富邦金,210,19,191,元富-新店,2024-07-11,5922
00934,中信成長高股息,158,25,133,元富-新店,2024-07-11,5922
2371,大同,117,5,112,元富-新店,2024-07-11,5922
00927,群益半導體收益,100,5,95,元富-新店,2024-07-11,5922
2816,旺旺保,134,47,87,元富-新店,2024-07-11,5922
00937B,群益ESG投等債20,113,33,80,元富-新店,2024-07-11,5922
2317,鴻海,90,11,79,元富-新店,2024-07-11,5922
00919,群益台灣精選高息,72,0,72,元富-新店,2024-07-11,5922
00680L,元大美債20正2,58,0,58,元富-新店,2024-07-11,5922
1608,華榮,57,0,57,元富-新店,2024-07-11,5922
6505,台塑化,52,0,52,元富-新店,2024-07-11,5922
1301,台塑,51,0,51,元富-新店,2024-07-11,5922
00679B,元大美債20年,50,0,50,元富-新店,2024-07-11,5922
2641,正德,50,0,50,元富-新店,2024-07-11,5922
2489,瑞軒,146,96,50,元富-新店,2024-07-11,5922
2365,昆盈,125,77,48,元富-新店,2024-07-11,5922
00673R,期元大S＆P原油反1,51,3,48,元富-新店,2024-07-11,5922
2618,長榮航,53,7,46,元富-新店,2024-07-11,5922
00632R,元大台灣50反1,127,84,43,元富-新店,2024-07-11,5922
9105,泰金寶-DR,82,40,42,元富-新店,2024-07-11,5922
00881,國泰台灣5G+,41,0,41,元富-新店,2024-07-11,5922
2464,盟立,111,73,38,元富-新店,2024-07-11,5922
2392,正崴,143,105,38,元富-新店,2024-07-11,5922
2888,新光金,186,148,38,元富-新店,2024-07-11,5922
2354,鴻準,88,51,37,元富-新店,2024-07-11,5922
00687B,國泰20年美債,36,0,36,元富-新店,2024-07-11,5922
1806,冠軍,36,0,36,元富-新店,2024-07-11,5922
2891,中信金,45,9,36,元富-新店,2024-07-11,5922
00947,台新臺灣IC設計,35,0,35,元富-新店,2024-07-11,5922
2243,宏旭-KY,50,15,35,元富-新店,2024-07-11,5922
3062,建漢,51,17,34,元富-新店,2024-07-11,5922
2609,陽明,34,2,32,元富-新店,2024-07-11,5922
5498,凱崴,53,21,32,元富-新店,2024-07-11,5922
1609,大亞,33,2,31,元富-新店,2024-07-11,5922
00751B,元大AAA至A公司債,30,0,30,元富-新店,2024-07-11,5922
3481,群創,38,11,27,元富-新店,2024-07-11,5922
2838,聯邦銀,27,0,27,元富-新店,2024-07-11,5922
2355,敬鵬,23,0,23,元富-新店,2024-07-11,5922
4714,永捷,28,5,23,元富-新店,2024-07-11,5922
00725B,國泰投資級公司債,23,0,23,元富-新店,2024-07-11,5922
00936,台新永續高息中小,22,0,22,元富-新店,2024-07-11,5922
3312,弘憶股,103,82,21,元富-新店,2024-07-11,5922
3455,由田,23,2,21,元富-新店,2024-07-11,5922
6133,金橋,21,0,21,元富-新店,2024-07-11,5922
00882,中信中國高股息,20,0,20,元富-新店,2024-07-11,5922
6016,康和證,20,0,20,元富-新店,2024-07-11,5922
2882,國泰金,54,35,19,元富-新店,2024-07-11,5922
2363,矽統,34,16,18,元富-新店,2024-07-11,5922
00942B,台新美A公司債20+,30,12,18,元富-新店,2024-07-11,5922
00941,中信上游半導體,20,2,18,元富-新店,2024-07-11,5922
2303,聯電,314,11,303,元富-新店,2024-07-12,5922
00680L,元大美債20正2,253,32,221,元富-新店,2024-07-12,5922
2867,三商壽,282,65,217,元富-新店,2024-07-12,5922
2610,華航,212,0,212,元富-新店,2024-07-12,5922
00927,群益半導體收益,170,1,169,元富-新店,2024-07-12,5922
00943,兆豐電子高息等權,140,0,140,元富-新店,2024-07-12,5922
2317,鴻海,139,25,114,元富-新店,2024-07-12,5922
4714,永捷,113,7,106,元富-新店,2024-07-12,5922
00934,中信成長高股息,105,0,105,元富-新店,2024-07-12,5922
00919,群益台灣精選高息,95,16,79,元富-新店,2024-07-12,5922
0056,元大高股息,75,2,73,元富-新店,2024-07-12,5922
00929,復華台灣科技優息,121,52,69,元富-新店,2024-07-12,5922
1710,東聯,56,0,56,元富-新店,2024-07-12,5922
00944,野村趨勢動能高息,55,1,54,元富-新店,2024-07-12,5922
3576,聯合再生,52,0,52,元富-新店,2024-07-12,5922
1712,興農,50,0,50,元富-新店,2024-07-12,5922
2820,華票,50,0,50,元富-新店,2024-07-12,5922
00935,野村臺灣新科技50,68,20,48,元富-新店,2024-07-12,5922
2891,中信金,48,5,43,元富-新店,2024-07-12,5922
4533,協易機,44,3,41,元富-新店,2024-07-12,5922
2354,鴻準,54,14,40,元富-新店,2024-07-12,5922
00947,台新臺灣IC設計,31,0,31,元富-新店,2024-07-12,5922
3715,定穎投控,28,3,25,元富-新店,2024-07-12,5922
00936,台新永續高息中小,27,2,25,元富-新店,2024-07-12,5922
4109,加捷生醫,45,20,25,元富-新店,2024-07-12,5922
00881,國泰台灣5G+,25,1,24,元富-新店,2024-07-12,5922
00878,國泰永續高股息,28,5,23,元富-新店,2024-07-12,5922
00687B,國泰20年美債,28,5,23,元富-新店,2024-07-12,5922
2330,台積電,28,6,22,元富-新店,2024-07-12,5922
2897,王道銀行,26,4,22,元富-新店,2024-07-12,5922
6005,群益證,24,2,22,元富-新店,2024-07-12,5922
00923,群益台ESG低碳50,21,0,21,元富-新店,2024-07-12,5922
00950B,凱基A級公司債,21,0,21,元富-新店,2024-07-12,5922
3028,增你強,20,0,20,元富-新店,2024-07-12,5922
4909,新復興,22,2,20,元富-新店,2024-07-12,5922
2609,陽明,27,7,20,元富-新店,2024-07-12,5922
0050,元大台灣50,22,3,19,元富-新店,2024-07-12,5922
3363,上詮,19,1,18,元富-新店,2024-07-12,5922
00735,國泰臺韓科技,18,0,18,元富-新店,2024-07-12,5922
3231,緯創,26,9,17,元富-新店,2024-07-12,5922
6133,金橋,17,1,16,元富-新店,2024-07-12,5922
4566,時碩工業,21,6,15,元富-新店,2024-07-12,5922
8086,宏捷科,16,1,15,元富-新店,2024-07-12,5922
1409,新纖,26,11,15,元富-新店,2024-07-12,5922
2406,國碩,23,8,15,元富-新店,2024-07-12,5922
3686,達能,16,1,15,元富-新店,2024-07-12,5922
2313,華通,15,1,14,元富-新店,2024-07-12,5922
3105,穩懋,25,11,14,元富-新店,2024-07-12,5922
00893,國泰智能電動車,14,0,14,元富-新店,2024-07-12,5922
2453,凌群,19,5,14,元富-新店,2024-07-12,5922
00942B,台新美A公司債20+,426,0,426,元富-新店,2024-07-15,5922
2888,新光金,360,74,286,元富-新店,2024-07-15,5922
2883,凱基金,172,0,172,元富-新店,2024-07-15,5922
00680L,元大美債20正2,143,0,143,元富-新店,2024-07-15,5922
1608,華榮,259,165,94,元富-新店,2024-07-15,5922
00934,中信成長高股息,83,0,83,元富-新店,2024-07-15,5922
00919,群益台灣精選高息,81,3,78,元富-新店,2024-07-15,5922
2489,瑞軒,265,190,75,元富-新店,2024-07-15,5922
0056,元大高股息,67,0,67,元富-新店,2024-07-15,5922
1301,台塑,62,0,62,元富-新店,2024-07-15,5922
6770,力積電,63,2,61,元富-新店,2024-07-15,5922
00937B,群益ESG投等債20,227,172,55,元富-新店,2024-07-15,5922
1513,中興電,68,17,51,元富-新店,2024-07-15,5922
1785,光洋科,54,9,45,元富-新店,2024-07-15,5922
3481,群創,80,35,45,元富-新店,2024-07-15,5922
6005,群益證,42,2,40,元富-新店,2024-07-15,5922
2409,友達,44,5,39,元富-新店,2024-07-15,5922
3706,神達,48,11,37,元富-新店,2024-07-15,5922
5880,合庫金,36,1,35,元富-新店,2024-07-15,5922
00929,復華台灣科技優息,42,11,31,元富-新店,2024-07-15,5922
2897,王道銀行,29,0,29,元富-新店,2024-07-15,5922
2891,中信金,58,31,27,元富-新店,2024-07-15,5922
2312,金寶,231,204,27,元富-新店,2024-07-15,5922
2356,英業達,158,132,26,元富-新店,2024-07-15,5922
2353,宏��,29,6,23,元富-新店,2024-07-15,5922
00927,群益半導體收益,22,0,22,元富-新店,2024-07-15,5922
2332,友訊,43,21,22,元富-新店,2024-07-15,5922
1727,中華化,23,1,22,元富-新店,2024-07-15,5922
9945,潤泰新,48,27,21,元富-新店,2024-07-15,5922
00949,復華日本龍頭,21,0,21,元富-新店,2024-07-15,5922
00632R,元大台灣50反1,20,0,20,元富-新店,2024-07-15,5922
2545,皇翔,21,1,20,元富-新店,2024-07-15,5922
3294,英濟,22,2,20,元富-新店,2024-07-15,5922
1806,冠軍,19,0,19,元富-新店,2024-07-15,5922
1808,潤隆,20,1,19,元富-新店,2024-07-15,5922
1717,長興,19,0,19,元富-新店,2024-07-15,5922
1536,和大,30,11,19,元富-新店,2024-07-15,5922
2414,精技,17,0,17,元富-新店,2024-07-15,5922
1522,堤維西,22,5,17,元富-新店,2024-07-15,5922
6213,聯茂,17,1,16,元富-新店,2024-07-15,5922
2401,凌陽,16,0,16,元富-新店,2024-07-15,5922
3686,達能,21,6,15,元富-新店,2024-07-15,5922
2886,兆豐金,15,0,15,元富-新店,2024-07-15,5922
1217,愛之味,15,0,15,元富-新店,2024-07-15,5922
3062,建漢,15,0,15,元富-新店,2024-07-15,5922
00878,國泰永續高股息,28,13,15,元富-新店,2024-07-15,5922
8111,立��,15,1,14,元富-新店,2024-07-15,5922
6016,康和證,15,1,14,元富-新店,2024-07-15,5922
00928,中信上櫃ESG30,13,0,13,元富-新店,2024-07-15,5922
6257,矽格,14,1,13,元富-新店,2024-07-15,5922
00942B,台新美A公司債20+,357,0,357,元富-新店,2024-07-16,5922
2888,新光金,374,50,324,元富-新店,2024-07-16,5922
2834,臺企銀,200,1,199,元富-新店,2024-07-16,5922
00937B,群益ESG投等債20,192,44,148,元富-新店,2024-07-16,5922
2303,聯電,165,20,145,元富-新店,2024-07-16,5922
1303,南亞,130,13,117,元富-新店,2024-07-16,5922
1301,台塑,112,0,112,元富-新店,2024-07-16,5922
3021,鴻名,81,0,81,元富-新店,2024-07-16,5922
00665L,富邦�琤肭磪囓�2,68,10,58,元富-新店,2024-07-16,5922
2371,大同,61,4,57,元富-新店,2024-07-16,5922
3481,群創,77,22,55,元富-新店,2024-07-16,5922
00905,FT臺灣Smart,52,0,52,元富-新店,2024-07-16,5922
00929,復華台灣科技優息,60,15,45,元富-新店,2024-07-16,5922
00679B,元大美債20年,53,10,43,元富-新店,2024-07-16,5922
00927,群益半導體收益,43,0,43,元富-新店,2024-07-16,5922
00882,中信中國高股息,52,10,42,元富-新店,2024-07-16,5922
00934,中信成長高股息,43,3,40,元富-新店,2024-07-16,5922
00632R,元大台灣50反1,42,2,40,元富-新店,2024-07-16,5922
1608,華榮,40,5,35,元富-新店,2024-07-16,5922
4306,炎洲,30,0,30,元富-新店,2024-07-16,5922
3686,達能,28,0,28,元富-新店,2024-07-16,5922
6684,安格,43,15,28,元富-新店,2024-07-16,5922
00919,群益台灣精選高息,39,11,28,元富-新店,2024-07-16,5922
00897,富邦基因免疫生技,26,0,26,元富-新店,2024-07-16,5922
00720B,元大投資級公司債,26,0,26,元富-新店,2024-07-16,5922
0056,元大高股息,58,33,25,元富-新店,2024-07-16,5922
1473,台南,25,0,25,元富-新店,2024-07-16,5922
3234,光環,25,0,25,元富-新店,2024-07-16,5922
4729,熒茂,25,0,25,元富-新店,2024-07-16,5922
2913,農林,25,2,23,元富-新店,2024-07-16,5922
5443,均豪,75,52,23,元富-新店,2024-07-16,5922
00948B,中信優息投資級債,20,0,20,元富-新店,2024-07-16,5922
2801,彰銀,20,1,19,元富-新店,2024-07-16,5922
6438,迅得,21,2,19,元富-新店,2024-07-16,5922
2478,大毅,19,1,18,元富-新店,2024-07-16,5922
2897,王道銀行,18,0,18,元富-新店,2024-07-16,5922
2317,鴻海,42,24,18,元富-新店,2024-07-16,5922
6770,力積電,26,9,17,元富-新店,2024-07-16,5922
2002,中鋼,17,1,16,元富-新店,2024-07-16,5922
9945,潤泰新,23,7,16,元富-新店,2024-07-16,5922
3062,建漢,16,0,16,元富-新店,2024-07-16,5922
00725B,國泰投資級公司債,17,2,15,元富-新店,2024-07-16,5922
3149,正達,15,0,15,元富-新店,2024-07-16,5922
2405,輔信,16,1,15,元富-新店,2024-07-16,5922
8936,國統,18,4,14,元富-新店,2024-07-16,5922
3437,榮創,26,12,14,元富-新店,2024-07-16,5922
4956,光鋐,14,0,14,元富-新店,2024-07-16,5922
5309,系統電,14,0,14,元富-新店,2024-07-16,5922
0050,元大台灣50,15,2,13,元富-新店,2024-07-16,5922
2891,中信金,27,14,13,元富-新店,2024-07-16,5922
00942B,台新美A公司債20+,340,5,335,元富-新店,2024-07-17,5922
1409,新纖,176,25,151,元富-新店,2024-07-17,5922
00929,復華台灣科技優息,145,1,144,元富-新店,2024-07-17,5922
00947,台新臺灣IC設計,126,0,126,元富-新店,2024-07-17,5922
00882,中信中國高股息,123,0,123,元富-新店,2024-07-17,5922
4903,聯光通,120,2,118,元富-新店,2024-07-17,5922
3231,緯創,114,4,110,元富-新店,2024-07-17,5922
00680L,元大美債20正2,133,38,95,元富-新店,2024-07-17,5922
00927,群益半導體收益,105,11,94,元富-新店,2024-07-17,5922
6770,力積電,110,20,90,元富-新店,2024-07-17,5922
00919,群益台灣精選高息,109,33,76,元富-新店,2024-07-17,5922
00948B,中信優息投資級債,70,0,70,元富-新店,2024-07-17,5922
1608,華榮,90,29,61,元富-新店,2024-07-17,5922
3483,力致,62,3,59,元富-新店,2024-07-17,5922
2610,華航,55,3,52,元富-新店,2024-07-17,5922
00949,復華日本龍頭,49,0,49,元富-新店,2024-07-17,5922
5498,凱崴,68,22,46,元富-新店,2024-07-17,5922
00945B,凱基美國非投等債,37,0,37,元富-新店,2024-07-17,5922
5876,上海商銀,38,1,37,元富-新店,2024-07-17,5922
3712,永崴投控,37,3,34,元富-新店,2024-07-17,5922
2542,興富發,39,7,32,元富-新店,2024-07-17,5922
2367,燿華,48,16,32,元富-新店,2024-07-17,5922
2352,佳世達,31,0,31,元富-新店,2024-07-17,5922
00881,國泰台灣5G+,32,2,30,元富-新店,2024-07-17,5922
2449,京元電子,34,4,30,元富-新店,2024-07-17,5922
2515,中工,32,2,30,元富-新店,2024-07-17,5922
00878,國泰永續高股息,72,46,26,元富-新店,2024-07-17,5922
00934,中信成長高股息,28,2,26,元富-新店,2024-07-17,5922
2355,敬鵬,33,7,26,元富-新店,2024-07-17,5922
00665L,富邦�琤肭磪囓�2,26,0,26,元富-新店,2024-07-17,5922
0056,元大高股息,26,1,25,元富-新店,2024-07-17,5922
2323,中環,27,6,21,元富-新店,2024-07-17,5922
3294,英濟,67,47,20,元富-新店,2024-07-17,5922
4306,炎洲,20,0,20,元富-新店,2024-07-17,5922
00944,野村趨勢動能高息,20,0,20,元富-新店,2024-07-17,5922
2258,鴻華先進-創,20,0,20,元富-新店,2024-07-17,5922
8096,擎亞,49,29,20,元富-新店,2024-07-17,5922
6128,上福,19,0,19,元富-新店,2024-07-17,5922
00725B,國泰投資級公司債,19,0,19,元富-新店,2024-07-17,5922
2855,統一證,18,0,18,元富-新店,2024-07-17,5922
00688L,國泰20年美債正2,28,10,18,元富-新店,2024-07-17,5922
3147,大綜,18,1,17,元富-新店,2024-07-17,5922
5443,均豪,38,22,16,元富-新店,2024-07-17,5922
2891,中信金,15,0,15,元富-新店,2024-07-17,5922
2889,國票金,15,0,15,元富-新店,2024-07-17,5922
8011,台通,19,5,14,元富-新店,2024-07-17,5922
6901,鑽石投資,14,0,14,元富-新店,2024-07-17,5922
2330,台積電,34,20,14,元富-新店,2024-07-17,5922
2867,三商壽,50,37,13,元富-新店,2024-07-17,5922
4979,華星光,16,3,13,元富-新店,2024-07-17,5922
3481,群創,817,344,473,元富-新店,2024-07-18,5922
2888,新光金,472,35,437,元富-新店,2024-07-18,5922
00937B,群益ESG投等債20,286,36,250,元富-新店,2024-07-18,5922
00929,復華台灣科技優息,303,117,186,元富-新店,2024-07-18,5922
00878,國泰永續高股息,131,3,128,元富-新店,2024-07-18,5922
00933B,國泰10Y+金融債,123,0,123,元富-新店,2024-07-18,5922
2489,瑞軒,121,7,114,元富-新店,2024-07-18,5922
00927,群益半導體收益,134,21,113,元富-新店,2024-07-18,5922
2355,敬鵬,89,0,89,元富-新店,2024-07-18,5922
8105,凌巨,146,62,84,元富-新店,2024-07-18,5922
2845,遠東銀,74,3,71,元富-新店,2024-07-18,5922
00936,台新永續高息中小,69,1,68,元富-新店,2024-07-18,5922
00712,復華富時不動產,69,4,65,元富-新店,2024-07-18,5922
00934,中信成長高股息,65,2,63,元富-新店,2024-07-18,5922
00632R,元大台灣50反1,143,80,63,元富-新店,2024-07-18,5922
2353,宏��,105,46,59,元富-新店,2024-07-18,5922
2313,華通,69,14,55,元富-新店,2024-07-18,5922
00949,復華日本龍頭,42,0,42,元富-新店,2024-07-18,5922
2330,台積電,55,17,38,元富-新店,2024-07-18,5922
2891,中信金,36,0,36,元富-新店,2024-07-18,5922
00918,大華優利高填息30,36,0,36,元富-新店,2024-07-18,5922
2382,廣達,44,8,36,元富-新店,2024-07-18,5922
1301,台塑,37,2,35,元富-新店,2024-07-18,5922
2317,鴻海,78,45,33,元富-新店,2024-07-18,5922
2354,鴻準,35,3,32,元富-新店,2024-07-18,5922
0056,元大高股息,34,3,31,元富-新店,2024-07-18,5922
00795B,中信美國公債20年,30,0,30,元富-新店,2024-07-18,5922
00940,元大台灣價值高息,83,55,28,元富-新店,2024-07-18,5922
2834,臺企銀,43,16,27,元富-新店,2024-07-18,5922
00679B,元大美債20年,57,31,26,元富-新店,2024-07-18,5922
8110,華東,31,5,26,元富-新店,2024-07-18,5922
2855,統一證,25,0,25,元富-新店,2024-07-18,5922
4958,臻鼎-KY,31,7,24,元富-新店,2024-07-18,5922
1409,新纖,23,0,23,元富-新店,2024-07-18,5922
00725B,國泰投資級公司債,24,2,22,元富-新店,2024-07-18,5922
00947,台新臺灣IC設計,22,0,22,元富-新店,2024-07-18,5922
2617,台航,21,0,21,元富-新店,2024-07-18,5922
3686,達能,22,1,21,元富-新店,2024-07-18,5922
3715,定穎投控,21,0,21,元富-新店,2024-07-18,5922
3013,晟銘電,81,61,20,元富-新店,2024-07-18,5922
2477,美隆電,20,0,20,元富-新店,2024-07-18,5922
2801,彰銀,20,0,20,元富-新店,2024-07-18,5922
2449,京元電子,21,2,19,元富-新店,2024-07-18,5922
6213,聯茂,20,1,19,元富-新店,2024-07-18,5922
3706,神達,21,2,19,元富-新店,2024-07-18,5922
8027,鈦昇,18,0,18,元富-新店,2024-07-18,5922
00946,群益科技高息成長,17,0,17,元富-新店,2024-07-18,5922
6196,帆宣,16,0,16,元富-新店,2024-07-18,5922
4967,十銓,16,0,16,元富-新店,2024-07-18,5922
6462,神盾,21,6,15,元富-新店,2024-07-18,5922
2888,新光金,844,497,347,元富-新店,2024-07-19,5922
00937B,群益ESG投等債20,370,81,289,元富-新店,2024-07-19,5922
00929,復華台灣科技優息,237,11,226,元富-新店,2024-07-19,5922
00941,中信上游半導體,208,0,208,元富-新店,2024-07-19,5922
00687B,國泰20年美債,316,117,199,元富-新店,2024-07-19,5922
1584,精剛,174,17,157,元富-新店,2024-07-19,5922
2303,聯電,120,8,112,元富-新店,2024-07-19,5922
5876,上海商銀,107,0,107,元富-新店,2024-07-19,5922
6770,力積電,122,18,104,元富-新店,2024-07-19,5922
00919,群益台灣精選高息,152,63,89,元富-新店,2024-07-19,5922
00934,中信成長高股息,84,4,80,元富-新店,2024-07-19,5922
2891,中信金,100,26,74,元富-新店,2024-07-19,5922
2330,台積電,87,14,73,元富-新店,2024-07-19,5922
00947,台新臺灣IC設計,71,0,71,元富-新店,2024-07-19,5922
2881,富邦金,61,1,60,元富-新店,2024-07-19,5922
00680L,元大美債20正2,58,0,58,元富-新店,2024-07-19,5922
00878,國泰永續高股息,72,17,55,元富-新店,2024-07-19,5922
6282,康舒,54,1,53,元富-新店,2024-07-19,5922
2883,凱基金,63,10,53,元富-新店,2024-07-19,5922
2542,興富發,54,2,52,元富-新店,2024-07-19,5922
3481,群創,113,61,52,元富-新店,2024-07-19,5922
6873,泓德能源,50,0,50,元富-新店,2024-07-19,5922
00927,群益半導體收益,44,0,44,元富-新店,2024-07-19,5922
9945,潤泰新,61,19,42,元富-新店,2024-07-19,5922
00948B,中信優息投資級債,41,0,41,元富-新店,2024-07-19,5922
00751B,元大AAA至A公司債,40,0,40,元富-新店,2024-07-19,5922
00646,元大S＆P500,38,0,38,元富-新店,2024-07-19,5922
4303,信立,93,57,36,元富-新店,2024-07-19,5922
1608,華榮,121,87,34,元富-新店,2024-07-19,5922
2337,旺宏,34,0,34,元富-新店,2024-07-19,5922
2892,第一金,32,1,31,元富-新店,2024-07-19,5922
2419,仲琦,116,85,31,元富-新店,2024-07-19,5922
00665L,富邦�琤肭磪囓�2,31,0,31,元富-新店,2024-07-19,5922
2897,王道銀行,30,0,30,元富-新店,2024-07-19,5922
00936,台新永續高息中小,32,4,28,元富-新店,2024-07-19,5922
2356,英業達,37,9,28,元富-新店,2024-07-19,5922
2408,南亞科,32,4,28,元富-新店,2024-07-19,5922
00935,野村臺灣新科技50,24,0,24,元富-新店,2024-07-19,5922
2354,鴻準,27,4,23,元富-新店,2024-07-19,5922
2801,彰銀,25,2,23,元富-新店,2024-07-19,5922
00679B,元大美債20年,24,2,22,元富-新店,2024-07-19,5922
2834,臺企銀,41,20,21,元富-新店,2024-07-19,5922
1609,大亞,140,119,21,元富-新店,2024-07-19,5922
2014,中鴻,22,1,21,元富-新店,2024-07-19,5922
1326,台化,23,4,19,元富-新店,2024-07-19,5922
8105,凌巨,214,196,18,元富-新店,2024-07-19,5922
00885,富邦越南,18,0,18,元富-新店,2024-07-19,5922
3346,麗清,17,0,17,元富-新店,2024-07-19,5922
4967,十銓,18,1,17,元富-新店,2024-07-19,5922
6274,台燿,16,0,16,元富-新店,2024-07-19,5922
3481,群創,377,53,324,元富-新店,2024-07-22,5922
00929,復華台灣科技優息,402,91,311,元富-新店,2024-07-22,5922
00680L,元大美債20正2,301,0,301,元富-新店,2024-07-22,5922
2888,新光金,286,70,216,元富-新店,2024-07-22,5922
00881,國泰台灣5G+,274,88,186,元富-新店,2024-07-22,5922
00941,中信上游半導體,200,18,182,元富-新店,2024-07-22,5922
00937B,群益ESG投等債20,426,256,170,元富-新店,2024-07-22,5922
6282,康舒,113,5,108,元富-新店,2024-07-22,5922
4903,聯光通,98,0,98,元富-新店,2024-07-22,5922
1609,大亞,100,24,76,元富-新店,2024-07-22,5922
00687B,國泰20年美債,87,12,75,元富-新店,2024-07-22,5922
2882,國泰金,93,26,67,元富-新店,2024-07-22,5922
2344,華邦電,65,0,65,元富-新店,2024-07-22,5922
00934,中信成長高股息,82,21,61,元富-新店,2024-07-22,5922
00878,國泰永續高股息,100,42,58,元富-新店,2024-07-22,5922
2317,鴻海,100,43,57,元富-新店,2024-07-22,5922
00679B,元大美債20年,68,18,50,元富-新店,2024-07-22,5922
2409,友達,48,3,45,元富-新店,2024-07-22,5922
2641,正德,43,0,43,元富-新店,2024-07-22,5922
00940,元大台灣價值高息,193,150,43,元富-新店,2024-07-22,5922
3576,聯合再生,50,10,40,元富-新店,2024-07-22,5922
00948B,中信優息投資級債,34,0,34,元富-新店,2024-07-22,5922
5876,上海商銀,34,0,34,元富-新店,2024-07-22,5922
2867,三商壽,33,0,33,元富-新店,2024-07-22,5922
2303,聯電,47,15,32,元富-新店,2024-07-22,5922
5225,東科-KY,29,1,28,元富-新店,2024-07-22,5922
6770,力積電,47,20,27,元富-新店,2024-07-22,5922
2618,長榮航,32,5,27,元富-新店,2024-07-22,5922
3715,定穎投控,25,0,25,元富-新店,2024-07-22,5922
3105,穩懋,38,13,25,元富-新店,2024-07-22,5922
00923,群益台ESG低碳50,31,7,24,元富-新店,2024-07-22,5922
2855,統一證,21,0,21,元富-新店,2024-07-22,5922
3706,神達,26,5,21,元富-新店,2024-07-22,5922
1802,台玻,20,0,20,元富-新店,2024-07-22,5922
1799,易威,20,0,20,元富-新店,2024-07-22,5922
2610,華航,37,18,19,元富-新店,2024-07-22,5922
2883,凱基金,59,40,19,元富-新店,2024-07-22,5922
8150,南茂,19,0,19,元富-新店,2024-07-22,5922
1608,華榮,65,46,19,元富-新店,2024-07-22,5922
2881,富邦金,25,6,19,元富-新店,2024-07-22,5922
9105,泰金寶-DR,39,21,18,元富-新店,2024-07-22,5922
00933B,國泰10Y+金融債,18,1,17,元富-新店,2024-07-22,5922
00947,台新臺灣IC設計,17,0,17,元富-新店,2024-07-22,5922
2405,輔信,23,7,16,元富-新店,2024-07-22,5922
3052,夆典,16,0,16,元富-新店,2024-07-22,5922
2542,興富發,19,4,15,元富-新店,2024-07-22,5922
00688L,國泰20年美債正2,15,0,15,元富-新店,2024-07-22,5922
2884,玉山金,21,7,14,元富-新店,2024-07-22,5922
00891,中信關鍵半導體,15,1,14,元富-新店,2024-07-22,5922
5498,凱崴,14,0,14,元富-新店,2024-07-22,5922
00942B,台新美A公司債20+,497,0,497,元富-新店,2024-07-23,5922
00632R,元大台灣50反1,278,0,278,元富-新店,2024-07-23,5922
3481,群創,168,10,158,元富-新店,2024-07-23,5922
2303,聯電,172,19,153,元富-新店,2024-07-23,5922
00687B,國泰20年美債,123,0,123,元富-新店,2024-07-23,5922
00937B,群益ESG投等債20,116,0,116,元富-新店,2024-07-23,5922
2845,遠東銀,82,0,82,元富-新店,2024-07-23,5922
2409,友達,71,0,71,元富-新店,2024-07-23,5922
00929,復華台灣科技優息,79,11,68,元富-新店,2024-07-23,5922
2834,臺企銀,72,5,67,元富-新店,2024-07-23,5922
3576,聯合再生,68,1,67,元富-新店,2024-07-23,5922
00919,群益台灣精選高息,68,3,65,元富-新店,2024-07-23,5922
2897,王道銀行,63,2,61,元富-新店,2024-07-23,5922
00671R,富邦NASDAQ反1,60,0,60,元富-新店,2024-07-23,5922
3706,神達,39,0,39,元富-新店,2024-07-23,5922
00940,元大台灣價值高息,38,3,35,元富-新店,2024-07-23,5922
2641,正德,32,0,32,元富-新店,2024-07-23,5922
6770,力積電,34,2,32,元富-新店,2024-07-23,5922
2408,南亞科,40,10,30,元富-新店,2024-07-23,5922
5426,振發,27,0,27,元富-新店,2024-07-23,5922
5512,力麒,56,32,24,元富-新店,2024-07-23,5922
00772B,中信高評級公司債,23,0,23,元富-新店,2024-07-23,5922
00725B,國泰投資級公司債,21,0,21,元富-新店,2024-07-23,5922
2812,台中銀,21,0,21,元富-新店,2024-07-23,5922
00746B,富邦A級公司債,20,0,20,元富-新店,2024-07-23,5922
2365,昆盈,31,12,19,元富-新店,2024-07-23,5922
00881,國泰台灣5G+,22,3,19,元富-新店,2024-07-23,5922
00949,復華日本龍頭,18,0,18,元富-新店,2024-07-23,5922
1608,華榮,36,18,18,元富-新店,2024-07-23,5922
2002,中鋼,16,0,16,元富-新店,2024-07-23,5922
2356,英業達,17,1,16,元富-新店,2024-07-23,5922
1314,中石化,16,1,15,元富-新店,2024-07-23,5922
3013,晟銘電,26,13,13,元富-新店,2024-07-23,5922
00948B,中信優息投資級債,33,20,13,元富-新店,2024-07-23,5922
3450,聯鈞,15,3,12,元富-新店,2024-07-23,5922
00947,台新臺灣IC設計,12,0,12,元富-新店,2024-07-23,5922
3231,緯創,21,10,11,元富-新店,2024-07-23,5922
2884,玉山金,18,7,11,元富-新店,2024-07-23,5922
8341,日友,10,0,10,元富-新店,2024-07-23,5922
3593,力銘,10,0,10,元富-新店,2024-07-23,5922
2488,漢平,10,0,10,元富-新店,2024-07-23,5922
3597,映興,11,1,10,元富-新店,2024-07-23,5922
2349,錸德,10,0,10,元富-新店,2024-07-23,5922
00924,復華S＆P500成長,10,0,10,元富-新店,2024-07-23,5922
00936,台新永續高息中小,9,0,9,元富-新店,2024-07-23,5922
4533,協易機,11,2,9,元富-新店,2024-07-23,5922
1785,光洋科,27,18,9,元富-新店,2024-07-23,5922
5371,中光電,8,0,8,元富-新店,2024-07-23,5922
6257,矽格,8,0,8,元富-新店,2024-07-23,5922
2312,金寶,14,6,8,元富-新店,2024-07-23,5922
2303,聯電,286,17,269,元富-新店,2024-07-26,5922
00937B,群益ESG投等債20,221,4,217,元富-新店,2024-07-26,5922
2888,新光金,177,6,171,元富-新店,2024-07-26,5922
00919,群益台灣精選高息,167,5,162,元富-新店,2024-07-26,5922
00929,復華台灣科技優息,174,21,153,元富-新店,2024-07-26,5922
00942B,台新美A公司債20+,152,0,152,元富-新店,2024-07-26,5922
00680L,元大美債20正2,123,0,123,元富-新店,2024-07-26,5922
00878,國泰永續高股息,111,6,105,元富-新店,2024-07-26,5922
2356,英業達,106,5,101,元富-新店,2024-07-26,5922
0056,元大高股息,101,14,87,元富-新店,2024-07-26,5922
00882,中信中國高股息,91,5,86,元富-新店,2024-07-26,5922
9945,潤泰新,139,61,78,元富-新店,2024-07-26,5922
00940,元大台灣價值高息,132,72,60,元富-新店,2024-07-26,5922
00679B,元大美債20年,59,1,58,元富-新店,2024-07-26,5922
2330,台積電,63,5,58,元富-新店,2024-07-26,5922
5876,上海商銀,55,0,55,元富-新店,2024-07-26,5922
00772B,中信高評級公司債,55,0,55,元富-新店,2024-07-26,5922
00752,中信中國50,61,11,50,元富-新店,2024-07-26,5922
00751B,元大AAA至A公司債,48,0,48,元富-新店,2024-07-26,5922
00637L,元大滬深300正2,46,0,46,元富-新店,2024-07-26,5922
00941,中信上游半導體,42,0,42,元富-新店,2024-07-26,5922
2317,鴻海,52,11,41,元富-新店,2024-07-26,5922
8926,台汽電,54,15,39,元富-新店,2024-07-26,5922
00757,統一FANG+,38,0,38,元富-新店,2024-07-26,5922
2374,佳能,77,39,38,元富-新店,2024-07-26,5922
2352,佳世達,39,2,37,元富-新店,2024-07-26,5922
2884,玉山金,37,0,37,元富-新店,2024-07-26,5922
00893,國泰智能電動車,32,0,32,元富-新店,2024-07-26,5922
00949,復華日本龍頭,31,0,31,元富-新店,2024-07-26,5922
2615,萬海,34,7,27,元富-新店,2024-07-26,5922
00665L,富邦�琤肭磪囓�2,27,0,27,元富-新店,2024-07-26,5922
9105,泰金寶-DR,29,3,26,元富-新店,2024-07-26,5922
00946,群益科技高息成長,25,0,25,元富-新店,2024-07-26,5922
00687B,國泰20年美債,125,100,25,元富-新店,2024-07-26,5922
2890,永豐金,45,20,25,元富-新店,2024-07-26,5922
00725B,國泰投資級公司債,25,0,25,元富-新店,2024-07-26,5922
00918,大華優利高填息30,25,1,24,元富-新店,2024-07-26,5922
2641,正德,23,0,23,元富-新店,2024-07-26,5922
2371,大同,26,3,23,元富-新店,2024-07-26,5922
00885,富邦越南,22,0,22,元富-新店,2024-07-26,5922
3231,緯創,36,14,22,元富-新店,2024-07-26,5922
2834,臺企銀,21,0,21,元富-新店,2024-07-26,5922
00947,台新臺灣IC設計,21,0,21,元富-新店,2024-07-26,5922
00950B,凱基A級公司債,21,0,21,元富-新店,2024-07-26,5922
00746B,富邦A級公司債,20,0,20,元富-新店,2024-07-26,5922
3576,聯合再生,20,0,20,元富-新店,2024-07-26,5922
2331,精英,20,0,20,元富-新店,2024-07-26,5922
00933B,國泰10Y+金融債,21,1,20,元富-新店,2024-07-26,5922
2002,中鋼,24,5,19,元富-新店,2024-07-26,5922
00923,群益台ESG低碳50,22,3,19,元富-新店,2024-07-26,5922
3481,群創,361,22,339,元富-新店,2024-07-29,5922
2888,新光金,195,5,190,元富-新店,2024-07-29,5922
00929,復華台灣科技優息,169,1,168,元富-新店,2024-07-29,5922
00680L,元大美債20正2,151,0,151,元富-新店,2024-07-29,5922
00940,元大台灣價值高息,151,3,148,元富-新店,2024-07-29,5922
2356,英業達,115,8,107,元富-新店,2024-07-29,5922
9945,潤泰新,241,137,104,元富-新店,2024-07-29,5922
0056,元大高股息,104,3,101,元富-新店,2024-07-29,5922
00937B,群益ESG投等債20,119,20,99,元富-新店,2024-07-29,5922
00878,國泰永續高股息,106,8,98,元富-新店,2024-07-29,5922
6282,康舒,91,5,86,元富-新店,2024-07-29,5922
00632R,元大台灣50反1,100,18,82,元富-新店,2024-07-29,5922
2353,宏��,70,0,70,元富-新店,2024-07-29,5922
00934,中信成長高股息,61,0,61,元富-新店,2024-07-29,5922
2303,聯電,58,2,56,元富-新店,2024-07-29,5922
4114,健喬,54,0,54,元富-新店,2024-07-29,5922
2834,臺企銀,51,0,51,元富-新店,2024-07-29,5922
00751B,元大AAA至A公司債,50,0,50,元富-新店,2024-07-29,5922
00946,群益科技高息成長,48,0,48,元富-新店,2024-07-29,5922
00919,群益台灣精選高息,85,41,44,元富-新店,2024-07-29,5922
2409,友達,45,9,36,元富-新店,2024-07-29,5922
3706,神達,34,0,34,元富-新店,2024-07-29,5922
00944,野村趨勢動能高息,33,0,33,元富-新店,2024-07-29,5922
00712,復華富時不動產,51,21,30,元富-新店,2024-07-29,5922
00918,大華優利高填息30,35,5,30,元富-新店,2024-07-29,5922
00949,復華日本龍頭,29,0,29,元富-新店,2024-07-29,5922
2615,萬海,28,1,27,元富-新店,2024-07-29,5922
00679B,元大美債20年,30,5,25,元富-新店,2024-07-29,5922
00941,中信上游半導體,25,0,25,元富-新店,2024-07-29,5922
5876,上海商銀,27,3,24,元富-新店,2024-07-29,5922
3663,鑫科,91,67,24,元富-新店,2024-07-29,5922
2371,大同,26,2,24,元富-新店,2024-07-29,5922
4304,勝昱,23,0,23,元富-新店,2024-07-29,5922
2883,凱基金,22,2,20,元富-新店,2024-07-29,5922
3686,達能,19,0,19,元富-新店,2024-07-29,5922
1514,亞力,34,15,19,元富-新店,2024-07-29,5922
2344,華邦電,19,1,18,元富-新店,2024-07-29,5922
5302,太欣,20,2,18,元富-新店,2024-07-29,5922
00933B,國泰10Y+金融債,20,2,18,元富-新店,2024-07-29,5922
4303,信立,31,13,18,元富-新店,2024-07-29,5922
6431,光麗-KY,17,0,17,元富-新店,2024-07-29,5922
3062,建漢,22,5,17,元富-新店,2024-07-29,5922
2884,玉山金,17,0,17,元富-新店,2024-07-29,5922
2313,華通,17,1,16,元富-新店,2024-07-29,5922
00687B,國泰20年美債,21,6,15,元富-新店,2024-07-29,5922
2002,中鋼,16,1,15,元富-新店,2024-07-29,5922
6462,神盾,36,21,15,元富-新店,2024-07-29,5922
1597,直得,16,1,15,元富-新店,2024-07-29,5922
4549,桓達,16,1,15,元富-新店,2024-07-29,5922
3576,聯合再生,21,7,14,元富-新店,2024-07-29,5922
00882,中信中國高股息,300,0,300,元富-新店,2024-07-30,5922
2349,錸德,220,32,188,元富-新店,2024-07-30,5922
2888,新光金,201,24,177,元富-新店,2024-07-30,5922
00919,群益台灣精選高息,102,1,101,元富-新店,2024-07-30,5922
2312,金寶,103,10,93,元富-新店,2024-07-30,5922
00940,元大台灣價值高息,116,51,65,元富-新店,2024-07-30,5922
00929,復華台灣科技優息,152,91,61,元富-新店,2024-07-30,5922
0056,元大高股息,62,6,56,元富-新店,2024-07-30,5922
00948B,中信優息投資級債,55,0,55,元富-新店,2024-07-30,5922
00878,國泰永續高股息,59,6,53,元富-新店,2024-07-30,5922
2371,大同,57,4,53,元富-新店,2024-07-30,5922
00951,台新日本半導體,51,0,51,元富-新店,2024-07-30,5922
2449,京元電子,54,3,51,元富-新店,2024-07-30,5922
1316,上曜,50,0,50,元富-新店,2024-07-30,5922
2891,中信金,42,6,36,元富-新店,2024-07-30,5922
00934,中信成長高股息,36,0,36,元富-新店,2024-07-30,5922
1608,華榮,46,11,35,元富-新店,2024-07-30,5922
6282,康舒,31,0,31,元富-新店,2024-07-30,5922
2801,彰銀,31,0,31,元富-新店,2024-07-30,5922
00946,群益科技高息成長,31,0,31,元富-新店,2024-07-30,5922
3013,晟銘電,44,14,30,元富-新店,2024-07-30,5922
2344,華邦電,39,10,29,元富-新店,2024-07-30,5922
1605,華新,30,3,27,元富-新店,2024-07-30,5922
00637L,元大滬深300正2,28,2,26,元富-新店,2024-07-30,5922
2886,兆豐金,25,0,25,元富-新店,2024-07-30,5922
00725B,國泰投資級公司債,23,1,22,元富-新店,2024-07-30,5922
3483,力致,22,1,21,元富-新店,2024-07-30,5922
00751B,元大AAA至A公司債,20,0,20,元富-新店,2024-07-30,5922
5608,四維航,20,0,20,元富-新店,2024-07-30,5922
00746B,富邦A級公司債,20,0,20,元富-新店,2024-07-30,5922
00923,群益台ESG低碳50,19,0,19,元富-新店,2024-07-30,5922
1609,大亞,18,1,17,元富-新店,2024-07-30,5922
1815,富喬,22,6,16,元富-新店,2024-07-30,5922
00715L,期街口布蘭特正2,15,0,15,元富-新店,2024-07-30,5922
00936,台新永續高息中小,15,0,15,元富-新店,2024-07-30,5922
1809,中釉,15,0,15,元富-新店,2024-07-30,5922
5324,士開,15,0,15,元富-新店,2024-07-30,5922
00918,大華優利高填息30,14,0,14,元富-新店,2024-07-30,5922
4526,東台,16,2,14,元富-新店,2024-07-30,5922
2890,永豐金,13,0,13,元富-新店,2024-07-30,5922
2884,玉山金,14,1,13,元富-新店,2024-07-30,5922
00933B,國泰10Y+金融債,13,0,13,元富-新店,2024-07-30,5922
2337,旺宏,37,24,13,元富-新店,2024-07-30,5922
2367,燿華,15,2,13,元富-新店,2024-07-30,5922
3706,神達,15,2,13,元富-新店,2024-07-30,5922
2641,正德,12,1,11,元富-新店,2024-07-30,5922
2545,皇翔,12,1,11,元富-新店,2024-07-30,5922
3122,笙泉,11,0,11,元富-新店,2024-07-30,5922
2352,佳世達,11,0,11,元富-新店,2024-07-30,5922
6016,康和證,11,0,11,元富-新店,2024-07-30,5922
00687B,國泰20年美債,357,4,353,元富-新店,2024-07-31,5922
00937B,群益ESG投等債20,109,7,102,元富-新店,2024-07-31,5922
2349,錸德,158,85,73,元富-新店,2024-07-31,5922
3105,穩懋,94,26,68,元富-新店,2024-07-31,5922
3024,憶聲,83,20,63,元富-新店,2024-07-31,5922
00929,復華台灣科技優息,78,17,61,元富-新店,2024-07-31,5922
3481,群創,108,47,61,元富-新店,2024-07-31,5922
2888,新光金,65,6,59,元富-新店,2024-07-31,5922
2354,鴻準,56,1,55,元富-新店,2024-07-31,5922
00632R,元大台灣50反1,212,160,52,元富-新店,2024-07-31,5922
00878,國泰永續高股息,38,4,34,元富-新店,2024-07-31,5922
2489,瑞軒,36,5,31,元富-新店,2024-07-31,5922
0056,元大高股息,24,1,23,元富-新店,2024-07-31,5922
00945B,凱基美國非投等債,23,0,23,元富-新店,2024-07-31,5922
00725B,國泰投資級公司債,20,0,20,元富-新店,2024-07-31,5922
2408,南亞科,20,0,20,元富-新店,2024-07-31,5922
00795B,中信美國公債20年,20,0,20,元富-新店,2024-07-31,5922
2537,聯上發,72,52,20,元富-新店,2024-07-31,5922
2330,台積電,24,5,19,元富-新店,2024-07-31,5922
6116,彩晶,17,0,17,元富-新店,2024-07-31,5922
2464,盟立,21,5,16,元富-新店,2024-07-31,5922
2324,仁寶,19,3,16,元富-新店,2024-07-31,5922
1608,華榮,16,1,15,元富-新店,2024-07-31,5922
00934,中信成長高股息,15,0,15,元富-新店,2024-07-31,5922
3576,聯合再生,25,10,15,元富-新店,2024-07-31,5922
2482,連宇,15,0,15,元富-新店,2024-07-31,5922
00946,群益科技高息成長,23,8,15,元富-新店,2024-07-31,5922
2316,楠梓電,16,2,14,元富-新店,2024-07-31,5922
2409,友達,46,33,13,元富-新店,2024-07-31,5922
1731,美吾華,13,0,13,元富-新店,2024-07-31,5922
3056,富華新,13,0,13,元富-新店,2024-07-31,5922
1785,光洋科,19,6,13,元富-新店,2024-07-31,5922
6187,萬潤,34,21,13,元富-新店,2024-07-31,5922
1605,華新,14,2,12,元富-新店,2024-07-31,5922
8064,東捷,98,87,11,元富-新店,2024-07-31,5922
00757,統一FANG+,10,0,10,元富-新店,2024-07-31,5922
5009,榮剛,10,0,10,元富-新店,2024-07-31,5922
5302,太欣,10,0,10,元富-新店,2024-07-31,5922
3047,訊舟,133,123,10,元富-新店,2024-07-31,5922
00933B,國泰10Y+金融債,10,0,10,元富-新店,2024-07-31,5922
00680L,元大美債20正2,10,0,10,元富-新店,2024-07-31,5922
2331,精英,10,0,10,元富-新店,2024-07-31,5922
1597,直得,8,0,8,元富-新店,2024-07-31,5922
5213,亞昕,8,0,8,元富-新店,2024-07-31,5922
3037,欣興,8,1,7,元富-新店,2024-07-31,5922
00679B,元大美債20年,8,1,7,元富-新店,2024-07-31,5922
2449,京元電子,11,4,7,元富-新店,2024-07-31,5922
4714,永捷,7,0,7,元富-新店,2024-07-31,5922
2520,冠德,37,30,7,元富-新店,2024-07-31,5922
8936,國統,9,2,7,元富-新店,2024-07-31,5922
00942B,台新美A公司債20+,315,5,310,元富-新店,2024-08-01,5922
00687B,國泰20年美債,216,63,153,元富-新店,2024-08-01,5922
00680L,元大美債20正2,168,23,145,元富-新店,2024-08-01,5922
00937B,群益ESG投等債20,126,0,126,元富-新店,2024-08-01,5922
2337,旺宏,161,58,103,元富-新店,2024-08-01,5922
00878,國泰永續高股息,97,14,83,元富-新店,2024-08-01,5922
5512,力麒,98,20,78,元富-新店,2024-08-01,5922
00919,群益台灣精選高息,73,9,64,元富-新店,2024-08-01,5922
00772B,中信高評級公司債,60,0,60,元富-新店,2024-08-01,5922
8926,台汽電,59,7,52,元富-新店,2024-08-01,5922
00948B,中信優息投資級債,53,2,51,元富-新店,2024-08-01,5922
00712,復華富時不動產,46,0,46,元富-新店,2024-08-01,5922
2374,佳能,70,27,43,元富-新店,2024-08-01,5922
2888,新光金,78,43,35,元富-新店,2024-08-01,5922
3024,憶聲,36,1,35,元富-新店,2024-08-01,5922
3491,昇達科,36,5,31,元富-新店,2024-08-01,5922
00946,群益科技高息成長,30,0,30,元富-新店,2024-08-01,5922
00949,復華日本龍頭,29,0,29,元富-新店,2024-08-01,5922
2834,臺企銀,27,2,25,元富-新店,2024-08-01,5922
1785,光洋科,53,28,25,元富-新店,2024-08-01,5922
00934,中信成長高股息,24,0,24,元富-新店,2024-08-01,5922
00637L,元大滬深300正2,24,0,24,元富-新店,2024-08-01,5922
2891,中信金,21,0,21,元富-新店,2024-08-01,5922
00632R,元大台灣50反1,22,2,20,元富-新店,2024-08-01,5922
2547,日勝生,20,0,20,元富-新店,2024-08-01,5922
2331,精英,20,0,20,元富-新店,2024-08-01,5922
2883,凱基金,25,6,19,元富-新店,2024-08-01,5922
2344,華邦電,23,5,18,元富-新店,2024-08-01,5922
2633,台灣高鐵,20,2,18,元富-新店,2024-08-01,5922
6133,金橋,17,0,17,元富-新店,2024-08-01,5922
5876,上海商銀,16,0,16,元富-新店,2024-08-01,5922
2454,聯發科,15,0,15,元富-新店,2024-08-01,5922
00931B,統一美債20年,15,0,15,元富-新店,2024-08-01,5922
3481,群創,27,13,14,元富-新店,2024-08-01,5922
1608,華榮,53,40,13,元富-新店,2024-08-01,5922
8096,擎亞,25,12,13,元富-新店,2024-08-01,5922
2884,玉山金,12,0,12,元富-新店,2024-08-01,5922
4915,致伸,12,0,12,元富-新店,2024-08-01,5922
00881,國泰台灣5G+,22,10,12,元富-新店,2024-08-01,5922
2301,光寶科,35,23,12,元富-新店,2024-08-01,5922
3615,安可,11,0,11,元富-新店,2024-08-01,5922
00885,富邦越南,11,0,11,元富-新店,2024-08-01,5922
00932,兆豐永續高息等權,11,0,11,元富-新店,2024-08-01,5922
3339,泰谷,11,0,11,元富-新店,2024-08-01,5922
2816,旺旺保,26,15,11,元富-新店,2024-08-01,5922
00685L,群益臺灣加權正2,10,0,10,元富-新店,2024-08-01,5922
2509,全坤建,10,0,10,元富-新店,2024-08-01,5922
3363,上詮,12,2,10,元富-新店,2024-08-01,5922
4714,永捷,31,21,10,元富-新店,2024-08-01,5922
9902,台火,10,0,10,元富-新店,2024-08-01,5922
00929,復華台灣科技優息,266,13,253,元富-新店,2024-08-02,5922
2888,新光金,210,9,201,元富-新店,2024-08-02,5922
00878,國泰永續高股息,201,12,189,元富-新店,2024-08-02,5922
00940,元大台灣價值高息,143,0,143,元富-新店,2024-08-02,5922
1605,華新,123,2,121,元富-新店,2024-08-02,5922
9945,潤泰新,112,15,97,元富-新店,2024-08-02,5922
00919,群益台灣精選高息,131,45,86,元富-新店,2024-08-02,5922
0056,元大高股息,96,16,80,元富-新店,2024-08-02,5922
6282,康舒,76,1,75,元富-新店,2024-08-02,5922
2545,皇翔,77,2,75,元富-新店,2024-08-02,5922
00885,富邦越南,69,0,69,元富-新店,2024-08-02,5922
2317,鴻海,85,20,65,元富-新店,2024-08-02,5922
00687B,國泰20年美債,120,58,62,元富-新店,2024-08-02,5922
2330,台積電,75,18,57,元富-新店,2024-08-02,5922
1326,台化,54,0,54,元富-新店,2024-08-02,5922
1316,上曜,78,24,54,元富-新店,2024-08-02,5922
00947,台新臺灣IC設計,54,0,54,元富-新店,2024-08-02,5922
2349,錸德,95,47,48,元富-新店,2024-08-02,5922
00949,復華日本龍頭,45,0,45,元富-新店,2024-08-02,5922
00923,群益台ESG低碳50,43,0,43,元富-新店,2024-08-02,5922
3037,欣興,45,4,41,元富-新店,2024-08-02,5922
00900,富邦特選高股息30,43,2,41,元富-新店,2024-08-02,5922
8110,華東,40,0,40,元富-新店,2024-08-02,5922
00881,國泰台灣5G+,39,0,39,元富-新店,2024-08-02,5922
1806,冠軍,39,0,39,元富-新店,2024-08-02,5922
6142,友勁,38,0,38,元富-新店,2024-08-02,5922
2617,台航,38,0,38,元富-新店,2024-08-02,5922
00712,復華富時不動產,39,1,38,元富-新店,2024-08-02,5922
00680L,元大美債20正2,58,21,37,元富-新店,2024-08-02,5922
2382,廣達,37,2,35,元富-新店,2024-08-02,5922
00720B,元大投資級公司債,39,5,34,元富-新店,2024-08-02,5922
00936,台新永續高息中小,33,0,33,元富-新店,2024-08-02,5922
00946,群益科技高息成長,32,0,32,元富-新店,2024-08-02,5922
00891,中信關鍵半導體,31,0,31,元富-新店,2024-08-02,5922
00779B,凱基美債25+,30,0,30,元富-新店,2024-08-02,5922
00764B,群益25年美債,30,0,30,元富-新店,2024-08-02,5922
3481,群創,80,50,30,元富-新店,2024-08-02,5922
2344,華邦電,49,22,27,元富-新店,2024-08-02,5922
6505,台塑化,30,3,27,元富-新店,2024-08-02,5922
3576,聯合再生,25,0,25,元富-新店,2024-08-02,5922
00927,群益半導體收益,23,0,23,元富-新店,2024-08-02,5922
00948B,中信優息投資級債,22,0,22,元富-新店,2024-08-02,5922
2892,第一金,24,2,22,元富-新店,2024-08-02,5922
4111,濟生,21,0,21,元富-新店,2024-08-02,5922
6226,光鼎,21,0,21,元富-新店,2024-08-02,5922
0050,元大台灣50,27,7,20,元富-新店,2024-08-02,5922
3511,矽瑪,20,0,20,元富-新店,2024-08-02,5922
00893,國泰智能電動車,19,0,19,元富-新店,2024-08-02,5922
00945B,凱基美國非投等債,21,3,18,元富-新店,2024-08-02,5922
2365,昆盈,104,86,18,元富-新店,2024-08-02,5922
2888,新光金,904,2,902,元富-新店,2024-08-05,5922
2882,國泰金,721,10,711,元富-新店,2024-08-05,5922
00942B,台新美A公司債20+,620,35,585,元富-新店,2024-08-05,5922
00929,復華台灣科技優息,671,105,566,元富-新店,2024-08-05,5922
00940,元大台灣價值高息,661,194,467,元富-新店,2024-08-05,5922
00687B,國泰20年美債,332,5,327,元富-新店,2024-08-05,5922
00878,國泰永續高股息,406,127,279,元富-新店,2024-08-05,5922
00919,群益台灣精選高息,320,65,255,元富-新店,2024-08-05,5922
2883,凱基金,131,19,112,元富-新店,2024-08-05,5922
6282,康舒,112,2,110,元富-新店,2024-08-05,5922
0056,元大高股息,162,59,103,元富-新店,2024-08-05,5922
2511,太子,93,0,93,元富-新店,2024-08-05,5922
2317,鴻海,128,37,91,元富-新店,2024-08-05,5922
00936,台新永續高息中小,85,0,85,元富-新店,2024-08-05,5922
9945,潤泰新,95,12,83,元富-新店,2024-08-05,5922
2887,台新金,86,10,76,元富-新店,2024-08-05,5922
00947,台新臺灣IC設計,74,0,74,元富-新店,2024-08-05,5922
2330,台積電,110,37,73,元富-新店,2024-08-05,5922
00941,中信上游半導體,71,0,71,元富-新店,2024-08-05,5922
1605,華新,65,0,65,元富-新店,2024-08-05,5922
1444,力麗,64,0,64,元富-新店,2024-08-05,5922
00669R,國泰美國道瓊反1,62,0,62,元富-新店,2024-08-05,5922
00934,中信成長高股息,60,0,60,元富-新店,2024-08-05,5922
2409,友達,65,8,57,元富-新店,2024-08-05,5922
00939,統一台灣高息動能,64,9,55,元富-新店,2024-08-05,5922
00948B,中信優息投資級債,66,15,51,元富-新店,2024-08-05,5922
00946,群益科技高息成長,51,0,51,元富-新店,2024-08-05,5922
1806,冠軍,48,0,48,元富-新店,2024-08-05,5922
2545,皇翔,63,16,47,元富-新店,2024-08-05,5922
00881,國泰台灣5G+,63,16,47,元富-新店,2024-08-05,5922
4714,永捷,56,10,46,元富-新店,2024-08-05,5922
5876,上海商銀,45,1,44,元富-新店,2024-08-05,5922
2892,第一金,42,1,41,元富-新店,2024-08-05,5922
2374,佳能,87,46,41,元富-新店,2024-08-05,5922
4114,健喬,33,0,33,元富-新店,2024-08-05,5922
00918,大華優利高填息30,36,3,33,元富-新店,2024-08-05,5922
00795B,中信美國公債20年,33,2,31,元富-新店,2024-08-05,5922
3576,聯合再生,30,0,30,元富-新店,2024-08-05,5922
2615,萬海,101,71,30,元富-新店,2024-08-05,5922
1340,勝悅-KY,34,4,30,元富-新店,2024-08-05,5922
2884,玉山金,31,1,30,元富-新店,2024-08-05,5922
6005,群益證,31,3,28,元富-新店,2024-08-05,5922
2723,美食-KY,28,0,28,元富-新店,2024-08-05,5922
2349,錸德,45,18,27,元富-新店,2024-08-05,5922
3710,連展投控,27,0,27,元富-新店,2024-08-05,5922
3213,茂訊,28,1,27,元富-新店,2024-08-05,5922
2603,長榮,39,13,26,元富-新店,2024-08-05,5922
00725B,國泰投資級公司債,25,0,25,元富-新店,2024-08-05,5922
3231,緯創,43,18,25,元富-新店,2024-08-05,5922
3706,神達,60,35,25,元富-新店,2024-08-05,5922
00632R,元大台灣50反1,925,196,729,元富-新店,2024-08-06,5922
2542,興富發,167,14,153,元富-新店,2024-08-06,5922
00923,群益台ESG低碳50,158,8,150,元富-新店,2024-08-06,5922
2409,友達,129,5,124,元富-新店,2024-08-06,5922
00940,元大台灣價值高息,148,35,113,元富-新店,2024-08-06,5922
00642U,期元大S＆P石油,101,0,101,元富-新店,2024-08-06,5922
2317,鴻海,183,92,91,元富-新店,2024-08-06,5922
00878,國泰永續高股息,191,131,60,元富-新店,2024-08-06,5922
00948B,中信優息投資級債,59,0,59,元富-新店,2024-08-06,5922
1442,名軒,56,2,54,元富-新店,2024-08-06,5922
2511,太子,49,0,49,元富-新店,2024-08-06,5922
00830,國泰費城半導體,58,11,47,元富-新店,2024-08-06,5922
00932,兆豐永續高息等權,47,2,45,元富-新店,2024-08-06,5922
00712,復華富時不動產,51,6,45,元富-新店,2024-08-06,5922
00772B,中信高評級公司債,42,0,42,元富-新店,2024-08-06,5922
6026,福邦證,43,5,38,元富-新店,2024-08-06,5922
00931B,統一美債20年,47,11,36,元富-新店,2024-08-06,5922
2892,第一金,33,2,31,元富-新店,2024-08-06,5922
1815,富喬,39,11,28,元富-新店,2024-08-06,5922
00945B,凱基美國非投等債,28,0,28,元富-新店,2024-08-06,5922
2609,陽明,157,129,28,元富-新店,2024-08-06,5922
2816,旺旺保,38,11,27,元富-新店,2024-08-06,5922
2545,皇翔,28,1,27,元富-新店,2024-08-06,5922
00757,統一FANG+,50,24,26,元富-新店,2024-08-06,5922
2812,台中銀,24,0,24,元富-新店,2024-08-06,5922
3481,群創,40,16,24,元富-新店,2024-08-06,5922
2867,三商壽,23,0,23,元富-新店,2024-08-06,5922
4114,健喬,23,0,23,元富-新店,2024-08-06,5922
5302,太欣,29,6,23,元富-新店,2024-08-06,5922
2337,旺宏,26,4,22,元富-新店,2024-08-06,5922
00881,國泰台灣5G+,37,15,22,元富-新店,2024-08-06,5922
2883,凱基金,30,9,21,元富-新店,2024-08-06,5922
00637L,元大滬深300正2,22,2,20,元富-新店,2024-08-06,5922
00939,統一台灣高息動能,20,0,20,元富-新店,2024-08-06,5922
00664R,國泰臺灣加權反1,20,0,20,元富-新店,2024-08-06,5922
9904,寶成,20,0,20,元富-新店,2024-08-06,5922
0050,元大台灣50,30,11,19,元富-新店,2024-08-06,5922
4714,永捷,38,20,18,元富-新店,2024-08-06,5922
00795B,中信美國公債20年,18,0,18,元富-新店,2024-08-06,5922
1605,華新,29,12,17,元富-新店,2024-08-06,5922
00946,群益科技高息成長,22,6,16,元富-新店,2024-08-06,5922
3715,定穎投控,20,4,16,元富-新店,2024-08-06,5922
00713,元大台灣高息低波,17,2,15,元富-新店,2024-08-06,5922
3188,鑫龍騰,21,6,15,元富-新店,2024-08-06,5922
2739,寒舍,15,0,15,元富-新店,2024-08-06,5922
8930,青鋼,14,0,14,元富-新店,2024-08-06,5922
5213,亞昕,14,0,14,元富-新店,2024-08-06,5922
2356,英業達,20,6,14,元富-新店,2024-08-06,5922
2354,鴻準,17,4,13,元富-新店,2024-08-06,5922
1514,亞力,26,13,13,元富-新店,2024-08-06,5922
00632R,元大台灣50反1,417,75,342,元富-新店,2024-08-07,5922
00937B,群益ESG投等債20,292,1,291,元富-新店,2024-08-07,5922
00687B,國泰20年美債,300,19,281,元富-新店,2024-08-07,5922
00948B,中信優息投資級債,250,2,248,元富-新店,2024-08-07,5922
2349,錸德,111,9,102,元富-新店,2024-08-07,5922
00882,中信中國高股息,100,5,95,元富-新店,2024-08-07,5922
00919,群益台灣精選高息,93,11,82,元富-新店,2024-08-07,5922
00891,中信關鍵半導體,72,0,72,元富-新店,2024-08-07,5922
00929,復華台灣科技優息,178,114,64,元富-新店,2024-08-07,5922
00878,國泰永續高股息,65,5,60,元富-新店,2024-08-07,5922
1717,長興,59,0,59,元富-新店,2024-08-07,5922
00942B,台新美A公司債20+,57,0,57,元富-新店,2024-08-07,5922
2615,萬海,76,41,35,元富-新店,2024-08-07,5922
00679B,元大美債20年,81,47,34,元富-新店,2024-08-07,5922
00950B,凱基A級公司債,30,0,30,元富-新店,2024-08-07,5922
2816,旺旺保,28,0,28,元富-新店,2024-08-07,5922
6505,台塑化,24,0,24,元富-新店,2024-08-07,5922
5519,隆大,39,15,24,元富-新店,2024-08-07,5922
2409,友達,315,291,24,元富-新店,2024-08-07,5922
00715L,期街口布蘭特正2,21,0,21,元富-新店,2024-08-07,5922
8936,國統,21,0,21,元富-新店,2024-08-07,5922
00921,兆豐龍頭等權重,21,0,21,元富-新店,2024-08-07,5922
00944,野村趨勢動能高息,20,0,20,元富-新店,2024-08-07,5922
2317,鴻海,74,54,20,元富-新店,2024-08-07,5922
00712,復華富時不動產,20,2,18,元富-新店,2024-08-07,5922
3056,富華新,20,2,18,元富-新店,2024-08-07,5922
00933B,國泰10Y+金融債,21,3,18,元富-新店,2024-08-07,5922
00931B,統一美債20年,18,1,17,元富-新店,2024-08-07,5922
6143,振曜,17,0,17,元富-新店,2024-08-07,5922
00935,野村臺灣新科技50,42,25,17,元富-新店,2024-08-07,5922
00881,國泰台灣5G+,24,7,17,元富-新店,2024-08-07,5922
1608,華榮,16,0,16,元富-新店,2024-08-07,5922
00751B,元大AAA至A公司債,16,0,16,元富-新店,2024-08-07,5922
5388,中磊,21,5,16,元富-新店,2024-08-07,5922
8096,擎亞,19,3,16,元富-新店,2024-08-07,5922
2408,南亞科,15,0,15,元富-新店,2024-08-07,5922
00773B,中信優先金融債,15,0,15,元富-新店,2024-08-07,5922
3037,欣興,19,5,14,元富-新店,2024-08-07,5922
00939,統一台灣高息動能,17,3,14,元富-新店,2024-08-07,5922
00795B,中信美國公債20年,23,9,14,元富-新店,2024-08-07,5922
0056,元大高股息,34,20,14,元富-新店,2024-08-07,5922
1540,喬福,18,5,13,元富-新店,2024-08-07,5922
1201,味全,11,0,11,元富-新店,2024-08-07,5922
5876,上海商銀,40,29,11,元富-新店,2024-08-07,5922
00690,兆豐藍籌30,11,0,11,元富-新店,2024-08-07,5922
8489,三貝德,10,0,10,元富-新店,2024-08-07,5922
3588,通嘉,10,0,10,元富-新店,2024-08-07,5922
2897,王道銀行,10,0,10,元富-新店,2024-08-07,5922
3211,順達,10,0,10,元富-新店,2024-08-07,5922
4513,福裕,14,4,10,元富-新店,2024-08-07,5922
00937B,群益ESG投等債20,268,0,268,元富-新店,2024-08-08,5922
00680L,元大美債20正2,115,1,114,元富-新店,2024-08-08,5922
00878,國泰永續高股息,111,0,111,元富-新店,2024-08-08,5922
2542,興富發,112,2,110,元富-新店,2024-08-08,5922
00948B,中信優息投資級債,81,0,81,元富-新店,2024-08-08,5922
2349,錸德,87,22,65,元富-新店,2024-08-08,5922
2886,兆豐金,68,10,58,元富-新店,2024-08-08,5922
2834,臺企銀,54,0,54,元富-新店,2024-08-08,5922
2353,宏��,54,2,52,元富-新店,2024-08-08,5922
00882,中信中國高股息,50,0,50,元富-新店,2024-08-08,5922
2337,旺宏,67,18,49,元富-新店,2024-08-08,5922
2371,大同,56,8,48,元富-新店,2024-08-08,5922
00929,復華台灣科技優息,59,14,45,元富-新店,2024-08-08,5922
2891,中信金,47,6,41,元富-新店,2024-08-08,5922
2618,長榮航,40,0,40,元富-新店,2024-08-08,5922
00632R,元大台灣50反1,120,80,40,元富-新店,2024-08-08,5922
00679B,元大美債20年,39,2,37,元富-新店,2024-08-08,5922
2317,鴻海,80,43,37,元富-新店,2024-08-08,5922
00940,元大台灣價值高息,76,40,36,元富-新店,2024-08-08,5922
00687B,國泰20年美債,47,16,31,元富-新店,2024-08-08,5922
2892,第一金,30,1,29,元富-新店,2024-08-08,5922
00900,富邦特選高股息30,29,2,27,元富-新店,2024-08-08,5922
3481,群創,44,21,23,元富-新店,2024-08-08,5922
1608,華榮,34,11,23,元富-新店,2024-08-08,5922
00713,元大台灣高息低波,23,0,23,元富-新店,2024-08-08,5922
1717,長興,22,0,22,元富-新店,2024-08-08,5922
3231,緯創,28,7,21,元富-新店,2024-08-08,5922
2845,遠東銀,21,0,21,元富-新店,2024-08-08,5922
00942B,台新美A公司債20+,21,0,21,元富-新店,2024-08-08,5922
2031,新光鋼,21,0,21,元富-新店,2024-08-08,5922
1815,富喬,30,10,20,元富-新店,2024-08-08,5922
00720B,元大投資級公司債,20,0,20,元富-新店,2024-08-08,5922
00746B,富邦A級公司債,20,0,20,元富-新店,2024-08-08,5922
5443,均豪,48,28,20,元富-新店,2024-08-08,5922
6147,頎邦,20,0,20,元富-新店,2024-08-08,5922
2382,廣達,36,16,20,元富-新店,2024-08-08,5922
2374,佳能,36,18,18,元富-新店,2024-08-08,5922
2816,旺旺保,16,0,16,元富-新店,2024-08-08,5922
3363,上詮,16,1,15,元富-新店,2024-08-08,5922
00949,復華日本龍頭,15,0,15,元富-新店,2024-08-08,5922
00712,復華富時不動產,15,0,15,元富-新店,2024-08-08,5922
2880,華南金,14,0,14,元富-新店,2024-08-08,5922
5902,德記,13,0,13,元富-新店,2024-08-08,5922
2464,盟立,34,22,12,元富-新店,2024-08-08,5922
6715,嘉基,12,0,12,元富-新店,2024-08-08,5922
00757,統一FANG+,12,0,12,元富-新店,2024-08-08,5922
2882,國泰金,15,4,11,元富-新店,2024-08-08,5922
6505,台塑化,11,0,11,元富-新店,2024-08-08,5922
00688L,國泰20年美債正2,11,0,11,元富-新店,2024-08-08,5922
3188,鑫龍騰,11,0,11,元富-新店,2024-08-08,5922
00937B,群益ESG投等債20,588,33,555,元富-新店,2024-08-09,5922
5302,太欣,136,0,136,元富-新店,2024-08-09,5922
00948B,中信優息投資級債,79,6,73,元富-新店,2024-08-09,5922
2888,新光金,85,22,63,元富-新店,2024-08-09,5922
00664R,國泰臺灣加權反1,60,0,60,元富-新店,2024-08-09,5922
00942B,台新美A公司債20+,58,0,58,元富-新店,2024-08-09,5922
2353,宏��,59,3,56,元富-新店,2024-08-09,5922
2834,臺企銀,55,0,55,元富-新店,2024-08-09,5922
2615,萬海,74,20,54,元富-新店,2024-08-09,5922
2867,三商壽,65,18,47,元富-新店,2024-08-09,5922
2851,中再保,48,2,46,元富-新店,2024-08-09,5922
00725B,國泰投資級公司債,42,0,42,元富-新店,2024-08-09,5922
2845,遠東銀,40,0,40,元富-新店,2024-08-09,5922
00680L,元大美債20正2,36,0,36,元富-新店,2024-08-09,5922
2887,台新金,53,21,32,元富-新店,2024-08-09,5922
00679B,元大美債20年,69,38,31,元富-新店,2024-08-09,5922
00751B,元大AAA至A公司債,23,0,23,元富-新店,2024-08-09,5922
1536,和大,43,20,23,元富-新店,2024-08-09,5922
2816,旺旺保,23,0,23,元富-新店,2024-08-09,5922
5519,隆大,26,4,22,元富-新店,2024-08-09,5922
2442,新美齊,20,0,20,元富-新店,2024-08-09,5922
2732,六角,17,0,17,元富-新店,2024-08-09,5922
00946,群益科技高息成長,26,10,16,元富-新店,2024-08-09,5922
1717,長興,23,7,16,元富-新店,2024-08-09,5922
00945B,凱基美國非投等債,15,0,15,元富-新店,2024-08-09,5922
3189,景碩,61,46,15,元富-新店,2024-08-09,5922
1608,華榮,26,11,15,元富-新店,2024-08-09,5922
3037,欣興,54,40,14,元富-新店,2024-08-09,5922
3211,順達,15,1,14,元富-新店,2024-08-09,5922
3202,樺晟,14,0,14,元富-新店,2024-08-09,5922
1217,愛之味,15,1,14,元富-新店,2024-08-09,5922
00949,復華日本龍頭,13,0,13,元富-新店,2024-08-09,5922
3715,定穎投控,34,21,13,元富-新店,2024-08-09,5922
2010,春源,13,0,13,元富-新店,2024-08-09,5922
2313,華通,43,30,13,元富-新店,2024-08-09,5922
00773B,中信優先金融債,12,0,12,元富-新店,2024-08-09,5922
2324,仁寶,16,4,12,元富-新店,2024-08-09,5922
6770,力積電,17,6,11,元富-新店,2024-08-09,5922
3044,健鼎,12,1,11,元富-新店,2024-08-09,5922
2609,陽明,30,19,11,元富-新店,2024-08-09,5922
6239,力成,12,1,11,元富-新店,2024-08-09,5922
1455,集盛,10,0,10,元富-新店,2024-08-09,5922
2352,佳世達,11,1,10,元富-新店,2024-08-09,5922
00746B,富邦A級公司債,10,0,10,元富-新店,2024-08-09,5922
2892,第一金,11,1,10,元富-新店,2024-08-09,5922
3163,波若威,17,8,9,元富-新店,2024-08-09,5922
00772B,中信高評級公司債,9,0,9,元富-新店,2024-08-09,5922
2897,王道銀行,9,0,9,元富-新店,2024-08-09,5922
3260,威剛,13,4,9,元富-新店,2024-08-09,5922
0056,元大高股息,24,16,8,元富-新店,2024-08-09,5922
3481,群創,233,59,174,元富-新店,2024-08-12,5922
9105,泰金寶-DR,155,2,153,元富-新店,2024-08-12,5922
00937B,群益ESG投等債20,208,60,148,元富-新店,2024-08-12,5922
00632R,元大台灣50反1,145,7,138,元富-新店,2024-08-12,5922
00948B,中信優息投資級債,138,0,138,元富-新店,2024-08-12,5922
00680L,元大美債20正2,115,0,115,元富-新店,2024-08-12,5922
2312,金寶,214,105,109,元富-新店,2024-08-12,5922
00929,復華台灣科技優息,138,35,103,元富-新店,2024-08-12,5922
00882,中信中國高股息,65,10,55,元富-新店,2024-08-12,5922
4306,炎洲,54,0,54,元富-新店,2024-08-12,5922
4714,永捷,53,7,46,元富-新店,2024-08-12,5922
1570,力肯,38,0,38,元富-新店,2024-08-12,5922
2317,鴻海,81,44,37,元富-新店,2024-08-12,5922
4523,永彰,37,0,37,元富-新店,2024-08-12,5922
1608,華榮,46,10,36,元富-新店,2024-08-12,5922
00773B,中信優先金融債,35,0,35,元富-新店,2024-08-12,5922
00679B,元大美債20年,32,0,32,元富-新店,2024-08-12,5922
3047,訊舟,45,13,32,元富-新店,2024-08-12,5922
00706L,期元大S＆P日圓正2,31,0,31,元富-新店,2024-08-12,5922
1784,訊聯,30,0,30,元富-新店,2024-08-12,5922
2618,長榮航,42,14,28,元富-新店,2024-08-12,5922
2897,王道銀行,27,0,27,元富-新店,2024-08-12,5922
1717,長興,22,0,22,元富-新店,2024-08-12,5922
3024,憶聲,20,0,20,元富-新店,2024-08-12,5922
2501,國建,21,2,19,元富-新店,2024-08-12,5922
2891,中信金,18,0,18,元富-新店,2024-08-12,5922
2344,華邦電,30,12,18,元富-新店,2024-08-12,5922
00715L,期街口布蘭特正2,20,2,18,元富-新店,2024-08-12,5922
6026,福邦證,18,0,18,元富-新店,2024-08-12,5922
6505,台塑化,20,3,17,元富-新店,2024-08-12,5922
00687B,國泰20年美債,26,9,17,元富-新店,2024-08-12,5922
00688L,國泰20年美債正2,15,0,15,元富-新店,2024-08-12,5922
5902,德記,15,0,15,元富-新店,2024-08-12,5922
4303,信立,15,1,14,元富-新店,2024-08-12,5922
1513,中興電,25,11,14,元富-新店,2024-08-12,5922
2880,華南金,18,5,13,元富-新店,2024-08-12,5922
6285,啟��,14,1,13,元富-新店,2024-08-12,5922
3323,加百裕,12,0,12,元富-新店,2024-08-12,5922
5302,太欣,12,1,11,元富-新店,2024-08-12,5922
2363,矽統,12,1,11,元富-新店,2024-08-12,5922
0056,元大高股息,12,1,11,元富-新店,2024-08-12,5922
00885,富邦越南,10,0,10,元富-新店,2024-08-12,5922
00664R,國泰臺灣加權反1,10,0,10,元富-新店,2024-08-12,5922
8105,凌巨,11,1,10,元富-新店,2024-08-12,5922
2029,盛餘,10,0,10,元富-新店,2024-08-12,5922
6742,澤米,10,0,10,元富-新店,2024-08-12,5922
2887,台新金,10,0,10,元富-新店,2024-08-12,5922
6443,元晶,10,0,10,元富-新店,2024-08-12,5922
6257,矽格,12,3,9,元富-新店,2024-08-12,5922
3017,奇鋐,14,6,8,元富-新店,2024-08-12,5922
00679B,元大美債20年,262,6,256,元富-新店,2024-08-13,5922
2880,華南金,216,3,213,元富-新店,2024-08-13,5922
2884,玉山金,82,0,82,元富-新店,2024-08-13,5922
00712,復華富時不動產,55,0,55,元富-新店,2024-08-13,5922
2883,凱基金,50,3,47,元富-新店,2024-08-13,5922
00665L,富邦�琤肭磪囓�2,43,0,43,元富-新店,2024-08-13,5922
2356,英業達,58,15,43,元富-新店,2024-08-13,5922
2851,中再保,40,0,40,元富-新店,2024-08-13,5922
00900,富邦特選高股息30,61,22,39,元富-新店,2024-08-13,5922
00687B,國泰20年美債,43,5,38,元富-新店,2024-08-13,5922
2374,佳能,76,41,35,元富-新店,2024-08-13,5922
2886,兆豐金,33,0,33,元富-新店,2024-08-13,5922
2371,大同,33,0,33,元富-新店,2024-08-13,5922
00933B,國泰10Y+金融債,30,0,30,元富-新店,2024-08-13,5922
00878,國泰永續高股息,49,21,28,元富-新店,2024-08-13,5922
2609,陽明,122,95,27,元富-新店,2024-08-13,5922
2801,彰銀,26,0,26,元富-新店,2024-08-13,5922
6505,台塑化,24,0,24,元富-新店,2024-08-13,5922
00937B,群益ESG投等債20,32,9,23,元富-新店,2024-08-13,5922
00673R,期元大S＆P原油反1,21,0,21,元富-新店,2024-08-13,5922
2867,三商壽,20,0,20,元富-新店,2024-08-13,5922
00690,兆豐藍籌30,20,0,20,元富-新店,2024-08-13,5922
00632R,元大台灣50反1,80,60,20,元富-新店,2024-08-13,5922
6288,聯嘉,20,0,20,元富-新店,2024-08-13,5922
6207,雷科,25,5,20,元富-新店,2024-08-13,5922
00931B,統一美債20年,18,0,18,元富-新店,2024-08-13,5922
4303,信立,18,0,18,元富-新店,2024-08-13,5922
00881,國泰台灣5G+,20,3,17,元富-新店,2024-08-13,5922
1732,毛寶,16,0,16,元富-新店,2024-08-13,5922
2002,中鋼,17,2,15,元富-新店,2024-08-13,5922
2477,美隆電,15,0,15,元富-新店,2024-08-13,5922
6770,力積電,14,0,14,元富-新店,2024-08-13,5922
1513,中興電,39,26,13,元富-新店,2024-08-13,5922
2353,宏��,12,0,12,元富-新店,2024-08-13,5922
2892,第一金,13,1,12,元富-新店,2024-08-13,5922
00751B,元大AAA至A公司債,11,0,11,元富-新店,2024-08-13,5922
2489,瑞軒,11,0,11,元富-新店,2024-08-13,5922
6005,群益證,11,0,11,元富-新店,2024-08-13,5922
00932,兆豐永續高息等權,10,0,10,元富-新店,2024-08-13,5922
6151,晉倫,10,0,10,元富-新店,2024-08-13,5922
00680L,元大美債20正2,10,0,10,元富-新店,2024-08-13,5922
00948B,中信優息投資級債,10,0,10,元富-新店,2024-08-13,5922
2498,宏達電,10,0,10,元富-新店,2024-08-13,5922
4523,永彰,10,0,10,元富-新店,2024-08-13,5922
00715L,期街口布蘭特正2,11,1,10,元富-新店,2024-08-13,5922
00706L,期元大S＆P日圓正2,20,11,9,元富-新店,2024-08-13,5922
00795B,中信美國公債20年,12,3,9,元富-新店,2024-08-13,5922
2365,昆盈,105,96,9,元富-新店,2024-08-13,5922
2891,中信金,27,18,9,元富-新店,2024-08-13,5922
3231,緯創,14,6,8,元富-新店,2024-08-13,5922
00632R,元大台灣50反1,519,77,442,元富-新店,2024-08-14,5922
2851,中再保,93,10,83,元富-新店,2024-08-14,5922
00948B,中信優息投資級債,62,5,57,元富-新店,2024-08-14,5922
00687B,國泰20年美債,60,16,44,元富-新店,2024-08-14,5922
2812,台中銀,43,0,43,元富-新店,2024-08-14,5922
00936,台新永續高息中小,43,6,37,元富-新店,2024-08-14,5922
00932,兆豐永續高息等權,35,0,35,元富-新店,2024-08-14,5922
00688L,國泰20年美債正2,34,0,34,元富-新店,2024-08-14,5922
3615,安可,30,0,30,元富-新店,2024-08-14,5922
2515,中工,31,2,29,元富-新店,2024-08-14,5922
00679B,元大美債20年,29,3,26,元富-新店,2024-08-14,5922
6108,競國,26,0,26,元富-新店,2024-08-14,5922
1608,華榮,27,2,25,元富-新店,2024-08-14,5922
00934,中信成長高股息,25,1,24,元富-新店,2024-08-14,5922
00680L,元大美債20正2,26,4,22,元富-新店,2024-08-14,5922
1101,台泥,24,2,22,元富-新店,2024-08-14,5922
0056,元大高股息,26,6,20,元富-新店,2024-08-14,5922
2538,基泰,20,0,20,元富-新店,2024-08-14,5922
2365,昆盈,66,46,20,元富-新店,2024-08-14,5922
2105,正新,20,1,19,元富-新店,2024-08-14,5922
1785,光洋科,48,30,18,元富-新店,2024-08-14,5922
8028,昇陽半導體,19,2,17,元富-新店,2024-08-14,5922
4549,桓達,18,2,16,元富-新店,2024-08-14,5922
2477,美隆電,15,0,15,元富-新店,2024-08-14,5922
3105,穩懋,15,1,14,元富-新店,2024-08-14,5922
00923,群益台ESG低碳50,15,1,14,元富-新店,2024-08-14,5922
2615,萬海,20,7,13,元富-新店,2024-08-14,5922
3498,陽程,18,5,13,元富-新店,2024-08-14,5922
2324,仁寶,17,5,12,元富-新店,2024-08-14,5922
4563,百德,17,5,12,元富-新店,2024-08-14,5922
4174,浩鼎,12,0,12,元富-新店,2024-08-14,5922
2442,新美齊,11,0,11,元富-新店,2024-08-14,5922
3686,達能,11,0,11,元富-新店,2024-08-14,5922
5371,中光電,11,0,11,元富-新店,2024-08-14,5922
4958,臻鼎-KY,15,5,10,元富-新店,2024-08-14,5922
00664R,國泰臺灣加權反1,10,0,10,元富-新店,2024-08-14,5922
3576,聯合再生,10,0,10,元富-新店,2024-08-14,5922
1503,士電,18,8,10,元富-新店,2024-08-14,5922
00665L,富邦�琤肭磪囓�2,10,0,10,元富-新店,2024-08-14,5922
00907,永豐優息存股,10,0,10,元富-新店,2024-08-14,5922
8277,商丞,10,0,10,元富-新店,2024-08-14,5922
6133,金橋,10,0,10,元富-新店,2024-08-14,5922
2353,宏��,9,0,9,元富-新店,2024-08-14,5922
3522,御嵿,10,1,9,元富-新店,2024-08-14,5922
6617,共信-KY,8,0,8,元富-新店,2024-08-14,5922
2376,技嘉,10,2,8,元富-新店,2024-08-14,5922
2312,金寶,63,55,8,元富-新店,2024-08-14,5922
5521,工信,8,0,8,元富-新店,2024-08-14,5922
2816,旺旺保,8,0,8,元富-新店,2024-08-14,5922
6821,聯寶,8,0,8,元富-新店,2024-08-14,5922
2515,中工,300,3,297,元富-新店,2024-08-15,5922
00632R,元大台灣50反1,270,9,261,元富-新店,2024-08-15,5922
9105,泰金寶-DR,184,56,128,元富-新店,2024-08-15,5922
00878,國泰永續高股息,141,17,124,元富-新店,2024-08-15,5922
00687B,國泰20年美債,127,11,116,元富-新店,2024-08-15,5922
00795B,中信美國公債20年,72,0,72,元富-新店,2024-08-15,5922
2816,旺旺保,72,5,67,元富-新店,2024-08-15,5922
00900,富邦特選高股息30,67,0,67,元富-新店,2024-08-15,5922
2845,遠東銀,60,2,58,元富-新店,2024-08-15,5922
00881,國泰台灣5G+,50,5,45,元富-新店,2024-08-15,5922
2618,長榮航,43,7,36,元富-新店,2024-08-15,5922
00679B,元大美債20年,87,52,35,元富-新店,2024-08-15,5922
00945B,凱基美國非投等債,40,5,35,元富-新店,2024-08-15,5922
00931B,統一美債20年,29,0,29,元富-新店,2024-08-15,5922
2801,彰銀,29,0,29,元富-新店,2024-08-15,5922
2002,中鋼,23,1,22,元富-新店,2024-08-15,5922
00940,元大台灣價值高息,21,0,21,元富-新店,2024-08-15,5922
2886,兆豐金,30,10,20,元富-新店,2024-08-15,5922
00633L,富邦上証正2,20,0,20,元富-新店,2024-08-15,5922
1101,台泥,18,0,18,元富-新店,2024-08-15,5922
2330,台積電,20,3,17,元富-新店,2024-08-15,5922
2317,鴻海,27,10,17,元富-新店,2024-08-15,5922
2892,第一金,15,0,15,元富-新店,2024-08-15,5922
1303,南亞,15,0,15,元富-新店,2024-08-15,5922
3374,精材,18,5,13,元富-新店,2024-08-15,5922
2834,臺企銀,12,1,11,元富-新店,2024-08-15,5922
3663,鑫科,35,24,11,元富-新店,2024-08-15,5922
2371,大同,32,21,11,元富-新店,2024-08-15,5922
6126,信音,11,0,11,元富-新店,2024-08-15,5922
2867,三商壽,116,105,11,元富-新店,2024-08-15,5922
3037,欣興,11,0,11,元富-新店,2024-08-15,5922
2352,佳世達,28,17,11,元富-新店,2024-08-15,5922
2376,技嘉,16,5,11,元富-新店,2024-08-15,5922
2903,遠百,10,0,10,元富-新店,2024-08-15,5922
4960,誠美材,10,0,10,元富-新店,2024-08-15,5922
2489,瑞軒,15,5,10,元富-新店,2024-08-15,5922
3048,益登,13,3,10,元富-新店,2024-08-15,5922
4109,加捷生醫,10,0,10,元富-新店,2024-08-15,5922
3046,建��,10,0,10,元富-新店,2024-08-15,5922
00907,永豐優息存股,10,0,10,元富-新店,2024-08-15,5922
1569,濱川,10,0,10,元富-新店,2024-08-15,5922
2457,飛宏,9,0,9,元富-新店,2024-08-15,5922
2543,皇昌,9,0,9,元富-新店,2024-08-15,5922
5880,合庫金,8,0,8,元富-新店,2024-08-15,5922
8054,安國,14,6,8,元富-新店,2024-08-15,5922
3231,緯創,8,1,7,元富-新店,2024-08-15,5922
2851,中再保,7,0,7,元富-新店,2024-08-15,5922
3712,永崴投控,7,0,7,元富-新店,2024-08-15,5922
1522,堤維西,7,0,7,元富-新店,2024-08-15,5922
6443,元晶,7,0,7,元富-新店,2024-08-15,5922
00632R,元大台灣50反1,777,140,637,元富-新店,2024-08-16,5922
00687B,國泰20年美債,344,3,341,元富-新店,2024-08-16,5922
00948B,中信優息投資級債,50,0,50,元富-新店,2024-08-16,5922
00642U,期元大S＆P石油,50,0,50,元富-新店,2024-08-16,5922
2888,新光金,148,99,49,元富-新店,2024-08-16,5922
2801,彰銀,58,10,48,元富-新店,2024-08-16,5922
00929,復華台灣科技優息,66,22,44,元富-新店,2024-08-16,5922
00891,中信關鍵半導體,40,2,38,元富-新店,2024-08-16,5922
00795B,中信美國公債20年,33,1,32,元富-新店,2024-08-16,5922
00676R,富邦臺灣加權反1,30,0,30,元富-新店,2024-08-16,5922
00706L,期元大S＆P日圓正2,30,0,30,元富-新店,2024-08-16,5922
2851,中再保,30,0,30,元富-新店,2024-08-16,5922
6505,台塑化,29,0,29,元富-新店,2024-08-16,5922
00881,國泰台灣5G+,26,0,26,元富-新店,2024-08-16,5922
2845,遠東銀,25,0,25,元富-新店,2024-08-16,5922
2891,中信金,33,8,25,元富-新店,2024-08-16,5922
8096,擎亞,113,89,24,元富-新店,2024-08-16,5922
1570,力肯,23,0,23,元富-新店,2024-08-16,5922
2371,大同,34,11,23,元富-新店,2024-08-16,5922
2609,陽明,29,8,21,元富-新店,2024-08-16,5922
1608,華榮,21,0,21,元富-新店,2024-08-16,5922
2852,第一保,20,0,20,元富-新店,2024-08-16,5922
8104,錸寶,20,1,19,元富-新店,2024-08-16,5922
00945B,凱基美國非投等債,16,0,16,元富-新店,2024-08-16,5922
0056,元大高股息,26,11,15,元富-新店,2024-08-16,5922
00922,國泰台灣領袖50,15,0,15,元富-新店,2024-08-16,5922
8064,東捷,23,9,14,元富-新店,2024-08-16,5922
2362,藍天,17,4,13,元富-新店,2024-08-16,5922
3227,原相,26,13,13,元富-新店,2024-08-16,5922
3663,鑫科,26,14,12,元富-新店,2024-08-16,5922
00664R,國泰臺灣加權反1,11,0,11,元富-新店,2024-08-16,5922
2504,國產,11,0,11,元富-新店,2024-08-16,5922
3339,泰谷,13,2,11,元富-新店,2024-08-16,5922
1301,台塑,12,2,10,元富-新店,2024-08-16,5922
4714,永捷,10,0,10,元富-新店,2024-08-16,5922
4162,智擎,10,0,10,元富-新店,2024-08-16,5922
2367,燿華,20,10,10,元富-新店,2024-08-16,5922
00942B,台新美A公司債20+,10,0,10,元富-新店,2024-08-16,5922
3535,晶彩科,19,9,10,元富-新店,2024-08-16,5922
4534,慶騰,16,6,10,元富-新店,2024-08-16,5922
2832,台產,10,0,10,元富-新店,2024-08-16,5922
2451,創見,10,1,9,元富-新店,2024-08-16,5922
2543,皇昌,10,1,9,元富-新店,2024-08-16,5922
2352,佳世達,14,5,9,元富-新店,2024-08-16,5922
4906,正文,9,0,9,元富-新店,2024-08-16,5922
6821,聯寶,13,5,8,元富-新店,2024-08-16,5922
3437,榮創,8,0,8,元富-新店,2024-08-16,5922
2356,英業達,9,1,8,元富-新店,2024-08-16,5922
2374,佳能,12,5,7,元富-新店,2024-08-16,5922
6838,台新藥,7,0,7,元富-新店,2024-08-16,5922
00937B,群益ESG投等債20,707,35,672,元富-新店,2024-08-19,5922
00948B,中信優息投資級債,409,0,409,元富-新店,2024-08-19,5922
3036,文曄,403,0,403,元富-新店,2024-08-19,5922
2888,新光金,418,66,352,元富-新店,2024-08-19,5922
00795B,中信美國公債20年,301,17,284,元富-新店,2024-08-19,5922
2356,英業達,187,5,182,元富-新店,2024-08-19,5922
00679B,元大美債20年,122,6,116,元富-新店,2024-08-19,5922
00687B,國泰20年美債,114,0,114,元富-新店,2024-08-19,5922
2851,中再保,100,0,100,元富-新店,2024-08-19,5922
00665L,富邦�琤肭磪囓�2,89,1,88,元富-新店,2024-08-19,5922
2374,佳能,119,33,86,元富-新店,2024-08-19,5922
00942B,台新美A公司債20+,75,0,75,元富-新店,2024-08-19,5922
2882,國泰金,60,1,59,元富-新店,2024-08-19,5922
2618,長榮航,62,3,59,元富-新店,2024-08-19,5922
00941,中信上游半導體,49,0,49,元富-新店,2024-08-19,5922
00680L,元大美債20正2,42,0,42,元富-新店,2024-08-19,5922
1785,光洋科,51,11,40,元富-新店,2024-08-19,5922
9105,泰金寶-DR,36,0,36,元富-新店,2024-08-19,5922
2832,台產,30,0,30,元富-新店,2024-08-19,5922
3056,富華新,27,0,27,元富-新店,2024-08-19,5922
3312,弘憶股,36,10,26,元富-新店,2024-08-19,5922
00772B,中信高評級公司債,23,0,23,元富-新店,2024-08-19,5922
2313,華通,23,0,23,元富-新店,2024-08-19,5922
6026,福邦證,20,0,20,元富-新店,2024-08-19,5922
00731,復華富時高息低波,20,0,20,元富-新店,2024-08-19,5922
8234,新漢,24,4,20,元富-新店,2024-08-19,5922
2354,鴻準,21,2,19,元富-新店,2024-08-19,5922
9904,寶成,18,0,18,元富-新店,2024-08-19,5922
6179,亞通,18,0,18,元富-新店,2024-08-19,5922
2337,旺宏,20,2,18,元富-新店,2024-08-19,5922
8028,昇陽半導體,53,37,16,元富-新店,2024-08-19,5922
00945B,凱基美國非投等債,16,0,16,元富-新店,2024-08-19,5922
00950B,凱基A級公司債,16,0,16,元富-新店,2024-08-19,5922
6005,群益證,15,0,15,元富-新店,2024-08-19,5922
3631,晟楠,14,0,14,元富-新店,2024-08-19,5922
00900,富邦特選高股息30,17,3,14,元富-新店,2024-08-19,5922
2520,冠德,15,2,13,元富-新店,2024-08-19,5922
2885,元大金,13,0,13,元富-新店,2024-08-19,5922
2363,矽統,13,0,13,元富-新店,2024-08-19,5922
2323,中環,15,3,12,元富-新店,2024-08-19,5922
00929,復華台灣科技優息,41,28,13,元富-新店,2024-08-19,5922
00751B,元大AAA至A公司債,22,10,12,元富-新店,2024-08-19,5922
3450,聯鈞,15,3,12,元富-新店,2024-08-19,5922
00947,台新臺灣IC設計,12,0,12,元富-新店,2024-08-19,5922
1101,台泥,12,1,11,元富-新店,2024-08-19,5922
1609,大亞,13,2,11,元富-新店,2024-08-19,5922
6443,元晶,11,0,11,元富-新店,2024-08-19,5922
00931B,統一美債20年,10,0,10,元富-新店,2024-08-19,5922
8150,南茂,10,0,10,元富-新店,2024-08-19,5922
1309,台達化,10,0,10,元富-新店,2024-08-19,5922
00679B,元大美債20年,290,19,271,元富-新店,2024-08-20,5922
00937B,群益ESG投等債20,238,71,167,元富-新店,2024-08-20,5922
00712,復華富時不動產,81,5,76,元富-新店,2024-08-20,5922
00942B,台新美A公司債20+,75,2,73,元富-新店,2024-08-20,5922
00936,台新永續高息中小,72,0,72,元富-新店,2024-08-20,5922
00687B,國泰20年美債,56,3,53,元富-新店,2024-08-20,5922
1608,華榮,52,0,52,元富-新店,2024-08-20,5922
00715L,期街口布蘭特正2,49,0,49,元富-新店,2024-08-20,5922
00933B,國泰10Y+金融債,48,0,48,元富-新店,2024-08-20,5922
2545,皇翔,47,0,47,元富-新店,2024-08-20,5922
00637L,元大滬深300正2,36,0,36,元富-新店,2024-08-20,5922
2520,冠德,40,4,36,元富-新店,2024-08-20,5922
00919,群益台灣精選高息,44,9,35,元富-新店,2024-08-20,5922
00795B,中信美國公債20年,32,0,32,元富-新店,2024-08-20,5922
1409,新纖,31,1,30,元富-新店,2024-08-20,5922
00929,復華台灣科技優息,29,1,28,元富-新店,2024-08-20,5922
2374,佳能,45,19,26,元富-新店,2024-08-20,5922
2881,富邦金,30,8,22,元富-新店,2024-08-20,5922
00706L,期元大S＆P日圓正2,20,0,20,元富-新店,2024-08-20,5922
00923,群益台ESG低碳50,20,0,20,元富-新店,2024-08-20,5922
4960,誠美材,20,0,20,元富-新店,2024-08-20,5922
2002,中鋼,20,1,19,元富-新店,2024-08-20,5922
00945B,凱基美國非投等債,17,0,17,元富-新店,2024-08-20,5922
5302,太欣,27,10,17,元富-新店,2024-08-20,5922
00753L,中信中國50正2,16,0,16,元富-新店,2024-08-20,5922
2886,兆豐金,21,5,16,元富-新店,2024-08-20,5922
3576,聯合再生,20,5,15,元富-新店,2024-08-20,5922
8358,金居,15,0,15,元富-新店,2024-08-20,5922
2409,友達,13,0,13,元富-新店,2024-08-20,5922
2359,所羅門,15,3,12,元富-新店,2024-08-20,5922
2891,中信金,17,5,12,元富-新店,2024-08-20,5922
5392,能率,14,2,12,元富-新店,2024-08-20,5922
00882,中信中國高股息,12,0,12,元富-新店,2024-08-20,5922
00934,中信成長高股息,12,1,11,元富-新店,2024-08-20,5922
2102,泰豐,11,0,11,元富-新店,2024-08-20,5922
3047,訊舟,55,44,11,元富-新店,2024-08-20,5922
0056,元大高股息,16,5,11,元富-新店,2024-08-20,5922
00731,復華富時高息低波,10,0,10,元富-新店,2024-08-20,5922
1784,訊聯,11,1,10,元富-新店,2024-08-20,5922
00696B,富邦美債20年,10,0,10,元富-新店,2024-08-20,5922
00772B,中信高評級公司債,10,0,10,元富-新店,2024-08-20,5922
00746B,富邦A級公司債,10,0,10,元富-新店,2024-08-20,5922
3022,威強電,10,0,10,元富-新店,2024-08-20,5922
2515,中工,10,0,10,元富-新店,2024-08-20,5922
2344,華邦電,24,14,10,元富-新店,2024-08-20,5922
2401,凌陽,11,2,9,元富-新店,2024-08-20,5922
8111,立��,9,0,9,元富-新店,2024-08-20,5922
4523,永彰,9,0,9,元富-新店,2024-08-20,5922
3498,陽程,13,4,9,元富-新店,2024-08-20,5922
00751B,元大AAA至A公司債,8,0,8,元富-新店,2024-08-20,5922
00937B,群益ESG投等債20,867,79,788,元富-新店,2024-08-21,5922
00953B,群益優選非投等債,514,330,184,元富-新店,2024-08-21,5922
00680L,元大美債20正2,201,70,131,元富-新店,2024-08-21,5922
2891,中信金,125,1,124,元富-新店,2024-08-21,5922
00946,群益科技高息成長,102,0,102,元富-新店,2024-08-21,5922
3036,文曄,100,1,99,元富-新店,2024-08-21,5922
00948B,中信優息投資級債,65,0,65,元富-新店,2024-08-21,5922
2851,中再保,48,0,48,元富-新店,2024-08-21,5922
2317,鴻海,56,8,48,元富-新店,2024-08-21,5922
00753L,中信中國50正2,47,0,47,元富-新店,2024-08-21,5922
00882,中信中國高股息,42,0,42,元富-新店,2024-08-21,5922
00929,復華台灣科技優息,56,17,39,元富-新店,2024-08-21,5922
00923,群益台ESG低碳50,38,0,38,元富-新店,2024-08-21,5922
0056,元大高股息,35,0,35,元富-新店,2024-08-21,5922
2610,華航,33,0,33,元富-新店,2024-08-21,5922
00878,國泰永續高股息,36,4,32,元富-新店,2024-08-21,5922
2886,兆豐金,31,0,31,元富-新店,2024-08-21,5922
2371,大同,31,0,31,元富-新店,2024-08-21,5922
2867,三商壽,51,20,31,元富-新店,2024-08-21,5922
00665L,富邦�琤肭磪囓�2,33,5,28,元富-新店,2024-08-21,5922
9934,成霖,28,0,28,元富-新店,2024-08-21,5922
00919,群益台灣精選高息,34,6,28,元富-新店,2024-08-21,5922
1711,永光,46,19,27,元富-新店,2024-08-21,5922
00951,台新日本半導體,25,1,24,元富-新店,2024-08-21,5922
2537,聯上發,24,0,24,元富-新店,2024-08-21,5922
2809,京城銀,24,0,24,元富-新店,2024-08-21,5922
1717,長興,38,15,23,元富-新店,2024-08-21,5922
6208,日揚,27,4,23,元富-新店,2024-08-21,5922
2812,台中銀,22,0,22,元富-新店,2024-08-21,5922
2545,皇翔,22,1,21,元富-新店,2024-08-21,5922
3673,TPK-KY,20,2,18,元富-新店,2024-08-21,5922
00945B,凱基美國非投等債,18,0,18,元富-新店,2024-08-21,5922
4906,正文,27,10,17,元富-新店,2024-08-21,5922
2330,台積電,18,2,16,元富-新店,2024-08-21,5922
3312,弘憶股,91,75,16,元富-新店,2024-08-21,5922
3027,盛達,21,5,16,元富-新店,2024-08-21,5922
4979,華星光,19,4,15,元富-新店,2024-08-21,5922
6156,松上,16,1,15,元富-新店,2024-08-21,5922
2356,英業達,20,5,15,元富-新店,2024-08-21,5922
2344,華邦電,13,0,13,元富-新店,2024-08-21,5922
3535,晶彩科,90,77,13,元富-新店,2024-08-21,5922
6443,元晶,12,0,12,元富-新店,2024-08-21,5922
9935,慶豐富,14,2,12,元富-新店,2024-08-21,5922
00891,中信關鍵半導體,12,0,12,元富-新店,2024-08-21,5922
2337,旺宏,13,1,12,元富-新店,2024-08-21,5922
8054,安國,19,8,11,元富-新店,2024-08-21,5922
2890,永豐金,17,6,11,元富-新店,2024-08-21,5922
5302,太欣,13,2,11,元富-新店,2024-08-21,5922
00915,凱基優選高股息30,10,0,10,元富-新店,2024-08-21,5922
2412,中華電,10,0,10,元富-新店,2024-08-21,5922
1717,長興,259,48,211,元富-新店,2024-08-22,5922
2349,錸德,435,265,170,元富-新店,2024-08-22,5922
2618,長榮航,95,3,92,元富-新店,2024-08-22,5922
00919,群益台灣精選高息,65,0,65,元富-新店,2024-08-22,5922
00642U,期元大S＆P石油,61,0,61,元富-新店,2024-08-22,5922
2881,富邦金,60,1,59,元富-新店,2024-08-22,5922
00937B,群益ESG投等債20,63,5,58,元富-新店,2024-08-22,5922
2317,鴻海,72,17,55,元富-新店,2024-08-22,5922
00878,國泰永續高股息,56,2,54,元富-新店,2024-08-22,5922
2883,凱基金,53,0,53,元富-新店,2024-08-22,5922
00941,中信上游半導體,61,10,51,元富-新店,2024-08-22,5922
2890,永豐金,47,0,47,元富-新店,2024-08-22,5922
00687B,國泰20年美債,50,8,42,元富-新店,2024-08-22,5922
00715L,期街口布蘭特正2,31,0,31,元富-新店,2024-08-22,5922
00881,國泰台灣5G+,29,0,29,元富-新店,2024-08-22,5922
3491,昇達科,28,1,27,元富-新店,2024-08-22,5922
5443,均豪,92,65,27,元富-新店,2024-08-22,5922
0056,元大高股息,26,0,26,元富-新店,2024-08-22,5922
00940,元大台灣價值高息,29,5,24,元富-新店,2024-08-22,5922
8096,擎亞,134,112,22,元富-新店,2024-08-22,5922
1409,新纖,23,2,21,元富-新店,2024-08-22,5922
4961,天鈺,21,0,21,元富-新店,2024-08-22,5922
6188,廣明,23,2,21,元富-新店,2024-08-22,5922
00706L,期元大S＆P日圓正2,20,0,20,元富-新店,2024-08-22,5922
2356,英業達,27,8,19,元富-新店,2024-08-22,5922
2542,興富發,20,2,18,元富-新店,2024-08-22,5922
5347,世界,18,0,18,元富-新店,2024-08-22,5922
3013,晟銘電,20,3,17,元富-新店,2024-08-22,5922
1806,冠軍,21,5,16,元富-新店,2024-08-22,5922
6125,廣運,41,25,16,元富-新店,2024-08-22,5922
2634,漢翔,51,35,16,元富-新店,2024-08-22,5922
00907,永豐優息存股,13,0,13,元富-新店,2024-08-22,5922
1522,堤維西,13,0,13,元富-新店,2024-08-22,5922
2834,臺企銀,20,7,13,元富-新店,2024-08-22,5922
6284,佳邦,27,15,12,元富-新店,2024-08-22,5922
1742,台蠟,12,0,12,元富-新店,2024-08-22,5922
00915,凱基優選高股息30,11,0,11,元富-新店,2024-08-22,5922
4533,協易機,11,0,11,元富-新店,2024-08-22,5922
6821,聯寶,11,0,11,元富-新店,2024-08-22,5922
4109,加捷生醫,11,0,11,元富-新店,2024-08-22,5922
2723,美食-KY,11,0,11,元富-新店,2024-08-22,5922
3518,柏騰,12,1,11,元富-新店,2024-08-22,5922
00680L,元大美債20正2,11,1,10,元富-新店,2024-08-22,5922
2615,萬海,14,4,10,元富-新店,2024-08-22,5922
2363,矽統,13,3,10,元富-新店,2024-08-22,5922
8906,花王,10,0,10,元富-新店,2024-08-22,5922
2062,橋椿,19,9,10,元富-新店,2024-08-22,5922
00795B,中信美國公債20年,10,0,10,元富-新店,2024-08-22,5922
00882,中信中國高股息,10,0,10,元富-新店,2024-08-22,5922
00753L,中信中國50正2,10,0,10,元富-新店,2024-08-22,5922
2542,興富發,438,0,438,元富-新店,2024-08-23,5922
00795B,中信美國公債20年,225,6,219,元富-新店,2024-08-23,5922
1711,永光,183,69,114,元富-新店,2024-08-23,5922
00936,台新永續高息中小,75,0,75,元富-新店,2024-08-23,5922
00948B,中信優息投資級債,70,0,70,元富-新店,2024-08-23,5922
00953B,群益優選非投等債,104,40,64,元富-新店,2024-08-23,5922
00937B,群益ESG投等債20,90,33,57,元富-新店,2024-08-23,5922
00687B,國泰20年美債,56,0,56,元富-新店,2024-08-23,5922
00706L,期元大S＆P日圓正2,50,0,50,元富-新店,2024-08-23,5922
00945B,凱基美國非投等債,50,0,50,元富-新店,2024-08-23,5922
00940,元大台灣價值高息,35,1,34,元富-新店,2024-08-23,5922
0056,元大高股息,34,1,33,元富-新店,2024-08-23,5922
2891,中信金,35,6,29,元富-新店,2024-08-23,5922
3663,鑫科,43,15,28,元富-新店,2024-08-23,5922
3188,鑫龍騰,29,2,27,元富-新店,2024-08-23,5922
2887,台新金,57,35,22,元富-新店,2024-08-23,5922
00951,台新日本半導體,22,0,22,元富-新店,2024-08-23,5922
3455,由田,21,1,20,元富-新店,2024-08-23,5922
2344,華邦電,21,1,20,元富-新店,2024-08-23,5922
8028,昇陽半導體,29,10,19,元富-新店,2024-08-23,5922
3363,上詮,24,6,18,元富-新店,2024-08-23,5922
4906,正文,24,7,17,元富-新店,2024-08-23,5922
00878,國泰永續高股息,18,2,16,元富-新店,2024-08-23,5922
00923,群益台ESG低碳50,15,0,15,元富-新店,2024-08-23,5922
2442,新美齊,15,0,15,元富-新店,2024-08-23,5922
1727,中華化,32,17,15,元富-新店,2024-08-23,5922
1806,冠軍,15,0,15,元富-新店,2024-08-23,5922
1721,三晃,16,2,14,元富-新店,2024-08-23,5922
2303,聯電,19,5,14,元富-新店,2024-08-23,5922
3234,光環,13,0,13,元富-新店,2024-08-23,5922
3715,定穎投控,13,1,12,元富-新店,2024-08-23,5922
2609,陽明,12,0,12,元富-新店,2024-08-23,5922
1101,台泥,12,0,12,元富-新店,2024-08-23,5922
8455,大拓-KY,11,0,11,元富-新店,2024-08-23,5922
00720B,元大投資級公司債,11,0,11,元富-新店,2024-08-23,5922
00931B,統一美債20年,11,0,11,元富-新店,2024-08-23,5922
2408,南亞科,10,0,10,元富-新店,2024-08-23,5922
00746B,富邦A級公司債,10,0,10,元富-新店,2024-08-23,5922
5704,老爺知,10,0,10,元富-新店,2024-08-23,5922
8110,華東,15,5,10,元富-新店,2024-08-23,5922
2449,京元電子,12,2,10,元富-新店,2024-08-23,5922
2317,鴻海,27,18,9,元富-新店,2024-08-23,5922
8103,瀚荃,13,4,9,元富-新店,2024-08-23,5922
1326,台化,8,0,8,元富-新店,2024-08-23,5922
1582,信錦,10,2,8,元富-新店,2024-08-23,5922
00946,群益科技高息成長,8,0,8,元富-新店,2024-08-23,5922
9935,慶豐富,9,1,8,元富-新店,2024-08-23,5922
5309,系統電,8,0,8,元富-新店,2024-08-23,5922
3022,威強電,7,0,7,元富-新店,2024-08-23,5922
00932,兆豐永續高息等權,7,0,7,元富-新店,2024-08-23,5922
00942B,台新美A公司債20+,800,0,800,元富-新店,2024-08-26,5922
2891,中信金,124,2,122,元富-新店,2024-08-26,5922
00946,群益科技高息成長,210,117,93,元富-新店,2024-08-26,5922
00687B,國泰20年美債,71,3,68,元富-新店,2024-08-26,5922
00919,群益台灣精選高息,67,2,65,元富-新店,2024-08-26,5922
2867,三商壽,92,29,63,元富-新店,2024-08-26,5922
00937B,群益ESG投等債20,70,8,62,元富-新店,2024-08-26,5922
00715L,期街口布蘭特正2,58,4,54,元富-新店,2024-08-26,5922
00706L,期元大S＆P日圓正2,102,50,52,元富-新店,2024-08-26,5922
00882,中信中國高股息,51,0,51,元富-新店,2024-08-26,5922
00632R,元大台灣50反1,50,0,50,元富-新店,2024-08-26,5922
3455,由田,56,6,50,元富-新店,2024-08-26,5922
2417,圓剛,51,2,49,元富-新店,2024-08-26,5922
6505,台塑化,55,6,49,元富-新店,2024-08-26,5922
2323,中環,47,0,47,元富-新店,2024-08-26,5922
2641,正德,50,5,45,元富-新店,2024-08-26,5922
2542,興富發,44,1,43,元富-新店,2024-08-26,5922
00650L,復華香港正2,42,1,41,元富-新店,2024-08-26,5922
00701,國泰股利精選30,40,0,40,元富-新店,2024-08-26,5922
1711,永光,245,209,36,元富-新店,2024-08-26,5922
2637,慧洋-KY,33,2,31,元富-新店,2024-08-26,5922
2486,一詮,51,20,31,元富-新店,2024-08-26,5922
00717,富邦美國特別股,30,0,30,元富-新店,2024-08-26,5922
1717,長興,33,6,27,元富-新店,2024-08-26,5922
8064,東捷,71,47,24,元富-新店,2024-08-26,5922
00949,復華日本龍頭,24,0,24,元富-新店,2024-08-26,5922
00712,復華富時不動產,23,0,23,元富-新店,2024-08-26,5922
3033,威健,30,7,23,元富-新店,2024-08-26,5922
00679B,元大美債20年,28,6,22,元富-新店,2024-08-26,5922
2464,盟立,32,11,21,元富-新店,2024-08-26,5922
2545,皇翔,21,0,21,元富-新店,2024-08-26,5922
2331,精英,25,4,21,元富-新店,2024-08-26,5922
1314,中石化,20,0,20,元富-新店,2024-08-26,5922
00673R,期元大S＆P原油反1,20,0,20,元富-新店,2024-08-26,5922
2371,大同,20,0,20,元富-新店,2024-08-26,5922
00951,台新日本半導體,20,0,20,元富-新店,2024-08-26,5922
00944,野村趨勢動能高息,20,0,20,元富-新店,2024-08-26,5922
00930,永豐ESG低碳高息,20,0,20,元富-新店,2024-08-26,5922
6026,福邦證,20,0,20,元富-新店,2024-08-26,5922
00929,復華台灣科技優息,26,6,20,元富-新店,2024-08-26,5922
00708L,期元大S＆P黃金正2,19,0,19,元富-新店,2024-08-26,5922
00918,大華優利高填息30,21,4,17,元富-新店,2024-08-26,5922
5452,佶優,60,43,17,元富-新店,2024-08-26,5922
3209,全科,20,3,17,元富-新店,2024-08-26,5922
00945B,凱基美國非投等債,16,0,16,元富-新店,2024-08-26,5922
00900,富邦特選高股息30,17,1,16,元富-新店,2024-08-26,5922
5263,智崴,17,1,16,元富-新店,2024-08-26,5922
5443,均豪,42,26,16,元富-新店,2024-08-26,5922
9945,潤泰新,18,4,14,元富-新店,2024-08-26,5922
1721,三晃,17,3,14,元富-新店,2024-08-26,5922
3481,群創,281,40,241,元富-新店,2024-08-27,5922
00687B,國泰20年美債,226,20,206,元富-新店,2024-08-27,5922
2801,彰銀,100,0,100,元富-新店,2024-08-27,5922
00795B,中信美國公債20年,94,0,94,元富-新店,2024-08-27,5922
3231,緯創,56,0,56,元富-新店,2024-08-27,5922
2609,陽明,58,5,53,元富-新店,2024-08-27,5922
1711,永光,85,36,49,元富-新店,2024-08-27,5922
00907,永豐優息存股,40,0,40,元富-新店,2024-08-27,5922
2883,凱基金,40,1,39,元富-新店,2024-08-27,5922
2891,中信金,37,0,37,元富-新店,2024-08-27,5922
00942B,台新美A公司債20+,35,0,35,元富-新店,2024-08-27,5922
2367,燿華,75,44,31,元富-新店,2024-08-27,5922
5469,瀚宇博,32,3,29,元富-新店,2024-08-27,5922
5905,南仁湖,29,0,29,元富-新店,2024-08-27,5922
1717,長興,66,38,28,元富-新店,2024-08-27,5922
00881,國泰台灣5G+,24,0,24,元富-新店,2024-08-27,5922
00945B,凱基美國非投等債,24,0,24,元富-新店,2024-08-27,5922
6005,群益證,23,0,23,元富-新店,2024-08-27,5922
00934,中信成長高股息,21,0,21,元富-新店,2024-08-27,5922
00919,群益台灣精選高息,21,0,21,元富-新店,2024-08-27,5922
5876,上海商銀,20,0,20,元富-新店,2024-08-27,5922
00679B,元大美債20年,20,0,20,元富-新店,2024-08-27,5922
2399,映泰,72,54,18,元富-新店,2024-08-27,5922
3455,由田,19,1,18,元富-新店,2024-08-27,5922
2356,英業達,17,0,17,元富-新店,2024-08-27,5922
4967,十銓,25,9,16,元富-新店,2024-08-27,5922
8028,昇陽半導體,25,9,16,元富-新店,2024-08-27,5922
2845,遠東銀,15,0,15,元富-新店,2024-08-27,5922
1742,台蠟,13,0,13,元富-新店,2024-08-27,5922
6505,台塑化,15,3,12,元富-新店,2024-08-27,5922
5519,隆大,12,0,12,元富-新店,2024-08-27,5922
6207,雷科,38,26,12,元富-新店,2024-08-27,5922
6117,迎廣,12,1,11,元富-新店,2024-08-27,5922
3707,漢磊,15,4,11,元富-新店,2024-08-27,5922
4729,熒茂,11,0,11,元富-新店,2024-08-27,5922
4174,浩鼎,11,0,11,元富-新店,2024-08-27,5922
00772B,中信高評級公司債,11,0,11,元富-新店,2024-08-27,5922
00751B,元大AAA至A公司債,10,0,10,元富-新店,2024-08-27,5922
2388,威盛,11,1,10,元富-新店,2024-08-27,5922
00746B,富邦A級公司債,9,0,9,元富-新店,2024-08-27,5922
2330,台積電,10,1,9,元富-新店,2024-08-27,5922
8027,鈦昇,10,2,8,元富-新店,2024-08-27,5922
2882,國泰金,8,0,8,元富-新店,2024-08-27,5922
2457,飛宏,8,0,8,元富-新店,2024-08-27,5922
6591,動力-KY,12,4,8,元富-新店,2024-08-27,5922
2504,國產,8,0,8,元富-新店,2024-08-27,5922
2486,一詮,10,2,8,元富-新店,2024-08-27,5922
1316,上曜,8,0,8,元富-新店,2024-08-27,5922
2887,台新金,18,11,7,元富-新店,2024-08-27,5922
00933B,國泰10Y+金融債,7,0,7,元富-新店,2024-08-27,5922
2409,友達,93,17,76,元富-新店,2024-08-28,5922
00936,台新永續高息中小,73,0,73,元富-新店,2024-08-28,5922
8111,立��,90,18,72,元富-新店,2024-08-28,5922
00706L,期元大S＆P日圓正2,51,0,51,元富-新店,2024-08-28,5922
00898,國泰基因免疫革命,50,0,50,元富-新店,2024-08-28,5922
2641,正德,50,0,50,元富-新店,2024-08-28,5922
2867,三商壽,55,10,45,元富-新店,2024-08-28,5922
00795B,中信美國公債20年,45,0,45,元富-新店,2024-08-28,5922
1785,光洋科,41,1,40,元富-新店,2024-08-28,5922
00937B,群益ESG投等債20,51,11,40,元富-新店,2024-08-28,5922
00665L,富邦�琤肭磪囓�2,78,40,38,元富-新店,2024-08-28,5922
00942B,台新美A公司債20+,35,0,35,元富-新店,2024-08-28,5922
1709,和益,35,0,35,元富-新店,2024-08-28,5922
00679B,元大美債20年,35,2,33,元富-新店,2024-08-28,5922
1617,榮星,30,0,30,元富-新店,2024-08-28,5922
4526,東台,41,13,28,元富-新店,2024-08-28,5922
3715,定穎投控,35,7,28,元富-新店,2024-08-28,5922
2845,遠東銀,26,0,26,元富-新店,2024-08-28,5922
4168,醣聯,25,0,25,元富-新店,2024-08-28,5922
00959B,大華投等美債15Y+,23,0,23,元富-新店,2024-08-28,5922
1711,永光,24,2,22,元富-新店,2024-08-28,5922
2399,映泰,21,0,21,元富-新店,2024-08-28,5922
00950B,凱基A級公司債,20,0,20,元富-新店,2024-08-28,5922
6405,悅城,20,0,20,元富-新店,2024-08-28,5922
2891,中信金,36,18,18,元富-新店,2024-08-28,5922
00725B,國泰投資級公司債,17,0,17,元富-新店,2024-08-28,5922
1536,和大,17,1,16,元富-新店,2024-08-28,5922
1907,永豐餘,15,0,15,元富-新店,2024-08-28,5922
2421,建準,15,1,14,元富-新店,2024-08-28,5922
8039,台虹,93,79,14,元富-新店,2024-08-28,5922
2420,新巨,13,0,13,元富-新店,2024-08-28,5922
3149,正達,18,6,12,元富-新店,2024-08-28,5922
2402,毅嘉,16,5,11,元富-新店,2024-08-28,5922
2377,微星,26,15,11,元富-新店,2024-08-28,5922
5302,太欣,12,1,11,元富-新店,2024-08-28,5922
00919,群益台灣精選高息,12,1,11,元富-新店,2024-08-28,5922
00881,國泰台灣5G+,10,0,10,元富-新店,2024-08-28,5922
00948B,中信優息投資級債,10,0,10,元富-新店,2024-08-28,5922
1732,毛寶,10,0,10,元富-新店,2024-08-28,5922
00751B,元大AAA至A公司債,10,0,10,元富-新店,2024-08-28,5922
00907,永豐優息存股,10,0,10,元富-新店,2024-08-28,5922
00720B,元大投資級公司債,11,1,10,元富-新店,2024-08-28,5922
2405,輔信,9,0,9,元富-新店,2024-08-28,5922
6156,松上,10,1,9,元富-新店,2024-08-28,5922
4716,大立,10,1,9,元富-新店,2024-08-28,5922
8064,東捷,109,100,9,元富-新店,2024-08-28,5922
2543,皇昌,18,9,9,元富-新店,2024-08-28,5922
8096,擎亞,23,14,9,元富-新店,2024-08-28,5922
3376,新日興,10,2,8,元富-新店,2024-08-28,5922
3535,晶彩科,8,0,8,元富-新店,2024-08-28,5922
00937B,群益ESG投等債20,208,5,203,元富-新店,2024-08-29,5922
1314,中石化,118,1,117,元富-新店,2024-08-29,5922
00720B,元大投資級公司債,106,0,106,元富-新店,2024-08-29,5922
1717,長興,91,0,91,元富-新店,2024-08-29,5922
9907,統一實,167,77,90,元富-新店,2024-08-29,5922
1709,和益,78,0,78,元富-新店,2024-08-29,5922
2888,新光金,242,190,52,元富-新店,2024-08-29,5922
3231,緯創,53,3,50,元富-新店,2024-08-29,5922
2851,中再保,50,0,50,元富-新店,2024-08-29,5922
00679B,元大美債20年,52,6,46,元富-新店,2024-08-29,5922
00795B,中信美國公債20年,38,0,38,元富-新店,2024-08-29,5922
1806,冠軍,38,0,38,元富-新店,2024-08-29,5922
2891,中信金,44,7,37,元富-新店,2024-08-29,5922
2610,華航,39,3,36,元富-新店,2024-08-29,5922
00929,復華台灣科技優息,45,12,33,元富-新店,2024-08-29,5922
00643,群益深証中小,30,2,28,元富-新店,2024-08-29,5922
00940,元大台灣價值高息,43,15,28,元富-新店,2024-08-29,5922
2367,燿華,57,29,28,元富-新店,2024-08-29,5922
00687B,國泰20年美債,35,8,27,元富-新店,2024-08-29,5922
00931B,統一美債20年,27,0,27,元富-新店,2024-08-29,5922
2409,友達,27,1,26,元富-新店,2024-08-29,5922
00751B,元大AAA至A公司債,28,3,25,元富-新店,2024-08-29,5922
6005,群益證,22,0,22,元富-新店,2024-08-29,5922
00878,國泰永續高股息,21,0,21,元富-新店,2024-08-29,5922
00632R,元大台灣50反1,61,40,21,元富-新店,2024-08-29,5922
2887,台新金,22,3,19,元富-新店,2024-08-29,5922
3483,力致,20,1,19,元富-新店,2024-08-29,5922
5469,瀚宇博,18,0,18,元富-新店,2024-08-29,5922
00772B,中信高評級公司債,16,0,16,元富-新店,2024-08-29,5922
00907,永豐優息存股,15,0,15,元富-新店,2024-08-29,5922
00950B,凱基A級公司債,15,0,15,元富-新店,2024-08-29,5922
00942B,台新美A公司債20+,65,50,15,元富-新店,2024-08-29,5922
2353,宏��,14,0,14,元富-新店,2024-08-29,5922
1727,中華化,24,10,14,元富-新店,2024-08-29,5922
0050,元大台灣50,13,0,13,元富-新店,2024-08-29,5922
5443,均豪,78,65,13,元富-新店,2024-08-29,5922
1742,台蠟,13,0,13,元富-新店,2024-08-29,5922
1708,東鹼,13,0,13,元富-新店,2024-08-29,5922
00688L,國泰20年美債正2,13,0,13,元富-新店,2024-08-29,5922
5263,智崴,17,4,13,元富-新店,2024-08-29,5922
2330,台積電,16,3,13,元富-新店,2024-08-29,5922
00919,群益台灣精選高息,12,0,12,元富-新店,2024-08-29,5922
00948B,中信優息投資級債,12,0,12,元富-新店,2024-08-29,5922
3312,弘憶股,17,5,12,元富-新店,2024-08-29,5922
9919,康那香,11,0,11,元富-新店,2024-08-29,5922
6609,瀧澤科,11,0,11,元富-新店,2024-08-29,5922
00945B,凱基美國非投等債,10,0,10,元富-新店,2024-08-29,5922
2498,宏達電,10,0,10,元富-新店,2024-08-29,5922
1522,堤維西,10,0,10,元富-新店,2024-08-29,5922
00959B,大華投等美債15Y+,10,0,10,元富-新店,2024-08-29,5922
00937B,群益ESG投等債20,189,0,189,元富-新店,2024-08-30,5922
2883,凱基金,150,0,150,元富-新店,2024-08-30,5922
2888,新光金,228,92,136,元富-新店,2024-08-30,5922
2891,中信金,132,1,131,元富-新店,2024-08-30,5922
1785,光洋科,217,98,119,元富-新店,2024-08-30,5922
1711,永光,275,198,77,元富-新店,2024-08-30,5922
00679B,元大美債20年,53,2,51,元富-新店,2024-08-30,5922
1717,長興,59,9,50,元富-新店,2024-08-30,5922
00959B,大華投等美債15Y+,47,0,47,元富-新店,2024-08-30,5922
4714,永捷,62,18,44,元富-新店,2024-08-30,5922
2392,正崴,49,6,43,元富-新店,2024-08-30,5922
6770,力積電,51,9,42,元富-新店,2024-08-30,5922
00687B,國泰20年美債,42,1,41,元富-新店,2024-08-30,5922
00942B,台新美A公司債20+,40,0,40,元富-新店,2024-08-30,5922
00936,台新永續高息中小,90,50,40,元富-新店,2024-08-30,5922
00650L,復華香港正2,40,1,39,元富-新店,2024-08-30,5922
00720B,元大投資級公司債,40,5,35,元富-新店,2024-08-30,5922
8070,長華*,64,31,33,元富-新店,2024-08-30,5922
3706,神達,32,0,32,元富-新店,2024-08-30,5922
00680L,元大美債20正2,31,0,31,元富-新店,2024-08-30,5922
5469,瀚宇博,28,0,28,元富-新店,2024-08-30,5922
4961,天鈺,27,1,26,元富-新店,2024-08-30,5922
00795B,中信美國公債20年,24,0,24,元富-新店,2024-08-30,5922
2367,燿華,86,63,23,元富-新店,2024-08-30,5922
00751B,元大AAA至A公司債,22,0,22,元富-新店,2024-08-30,5922
8111,立��,36,15,21,元富-新店,2024-08-30,5922
00915,凱基優選高股息30,20,0,20,元富-新店,2024-08-30,5922
6226,光鼎,20,0,20,元富-新店,2024-08-30,5922
1806,冠軍,20,0,20,元富-新店,2024-08-30,5922
3615,安可,21,3,18,元富-新店,2024-08-30,5922
2313,華通,85,67,18,元富-新店,2024-08-30,5922
3483,力致,18,1,17,元富-新店,2024-08-30,5922
00919,群益台灣精選高息,19,2,17,元富-新店,2024-08-30,5922
00940,元大台灣價值高息,16,0,16,元富-新店,2024-08-30,5922
2402,毅嘉,23,7,16,元富-新店,2024-08-30,5922
8039,台虹,16,0,16,元富-新店,2024-08-30,5922
2884,玉山金,17,2,15,元富-新店,2024-08-30,5922
3059,華晶科,20,6,14,元富-新店,2024-08-30,5922
00881,國泰台灣5G+,20,7,13,元富-新店,2024-08-30,5922
00948B,中信優息投資級債,12,0,12,元富-新店,2024-08-30,5922
2405,輔信,12,0,12,元富-新店,2024-08-30,5922
1708,東鹼,12,0,12,元富-新店,2024-08-30,5922
4906,正文,14,3,11,元富-新店,2024-08-30,5922
1314,中石化,11,0,11,元富-新店,2024-08-30,5922
3390,旭軟,13,2,11,元富-新店,2024-08-30,5922
3209,全科,10,0,10,元富-新店,2024-08-30,5922
2929,淘帝-KY,10,0,10,元富-新店,2024-08-30,5922
00921,兆豐龍頭等權重,10,0,10,元富-新店,2024-08-30,5922
5905,南仁湖,10,0,10,元富-新店,2024-08-30,5922
3652,精聯,10,0,10,元富-新店,2024-08-30,5922
2888,新光金,266,44,222,元富-新店,2024-09-02,5922
00942B,台新美A公司債20+,180,0,180,元富-新店,2024-09-02,5922
00795B,中信美國公債20年,108,0,108,元富-新店,2024-09-02,5922
1711,永光,114,25,89,元富-新店,2024-09-02,5922
00679B,元大美債20年,67,0,67,元富-新店,2024-09-02,5922
00937B,群益ESG投等債20,62,0,62,元富-新店,2024-09-02,5922
2367,燿華,63,8,55,元富-新店,2024-09-02,5922
3188,鑫龍騰,60,6,54,元富-新店,2024-09-02,5922
00751B,元大AAA至A公司債,51,0,51,元富-新店,2024-09-02,5922
1326,台化,50,0,50,元富-新店,2024-09-02,5922
2801,彰銀,50,0,50,元富-新店,2024-09-02,5922
00665L,富邦�琤肭磪囓�2,91,50,41,元富-新店,2024-09-02,5922
1444,力麗,40,0,40,元富-新店,2024-09-02,5922
00948B,中信優息投資級債,38,0,38,元富-新店,2024-09-02,5922
1806,冠軍,35,0,35,元富-新店,2024-09-02,5922
00915,凱基優選高股息30,33,0,33,元富-新店,2024-09-02,5922
00680L,元大美債20正2,32,0,32,元富-新店,2024-09-02,5922
6770,力積電,32,0,32,元富-新店,2024-09-02,5922
5302,太欣,30,2,28,元富-新店,2024-09-02,5922
00720B,元大投資級公司債,33,6,27,元富-新店,2024-09-02,5922
00959B,大華投等美債15Y+,26,0,26,元富-新店,2024-09-02,5922
00949,復華日本龍頭,24,0,24,元富-新店,2024-09-02,5922
00687B,國泰20年美債,24,1,23,元富-新店,2024-09-02,5922
2609,陽明,22,0,22,元富-新店,2024-09-02,5922
00933B,國泰10Y+金融債,22,0,22,元富-新店,2024-09-02,5922
2464,盟立,27,6,21,元富-新店,2024-09-02,5922
1608,華榮,21,0,21,元富-新店,2024-09-02,5922
3715,定穎投控,23,2,21,元富-新店,2024-09-02,5922
00918,大華優利高填息30,20,1,19,元富-新店,2024-09-02,5922
2409,友達,61,44,17,元富-新店,2024-09-02,5922
4960,誠美材,15,0,15,元富-新店,2024-09-02,5922
00772B,中信高評級公司債,15,0,15,元富-新店,2024-09-02,5922
00688L,國泰20年美債正2,15,0,15,元富-新店,2024-09-02,5922
5481,新華,15,0,15,元富-新店,2024-09-02,5922
00715L,期街口布蘭特正2,17,4,13,元富-新店,2024-09-02,5922
2420,新巨,18,5,13,元富-新店,2024-09-02,5922
00637L,元大滬深300正2,13,0,13,元富-新店,2024-09-02,5922
5443,均豪,41,29,12,元富-新店,2024-09-02,5922
2408,南亞科,11,0,11,元富-新店,2024-09-02,5922
1742,台蠟,11,0,11,元富-新店,2024-09-02,5922
2603,長榮,11,0,11,元富-新店,2024-09-02,5922
3006,晶豪科,10,0,10,元富-新店,2024-09-02,5922
2547,日勝生,10,0,10,元富-新店,2024-09-02,5922
2356,英業達,11,1,10,元富-新店,2024-09-02,5922
00954,中信日本半導體,10,0,10,元富-新店,2024-09-02,5922
00931B,統一美債20年,10,0,10,元富-新店,2024-09-02,5922
6282,康舒,10,0,10,元富-新店,2024-09-02,5922
2852,第一保,9,0,9,元富-新店,2024-09-02,5922
00643,群益深証中小,8,0,8,元富-新店,2024-09-02,5922
00725B,國泰投資級公司債,8,0,8,元富-新店,2024-09-02,5922
2888,新光金,2029,77,1952,元富-新店,2024-09-03,5922
2891,中信金,300,4,296,元富-新店,2024-09-03,5922
2367,燿華,224,9,215,元富-新店,2024-09-03,5922
00713,元大台灣高息低波,193,0,193,元富-新店,2024-09-03,5922
2890,永豐金,106,1,105,元富-新店,2024-09-03,5922
3036,文曄,102,2,100,元富-新店,2024-09-03,5922
2883,凱基金,153,58,95,元富-新店,2024-09-03,5922
00940,元大台灣價值高息,118,30,88,元富-新店,2024-09-03,5922
00687B,國泰20年美債,81,1,80,元富-新店,2024-09-03,5922
00642U,期元大S＆P石油,51,0,51,元富-新店,2024-09-03,5922
00919,群益台灣精選高息,61,18,43,元富-新店,2024-09-03,5922
00943,兆豐電子高息等權,40,0,40,元富-新店,2024-09-03,5922
1734,杏輝,36,0,36,元富-新店,2024-09-03,5922
2337,旺宏,34,0,34,元富-新店,2024-09-03,5922
3617,碩天,54,22,32,元富-新店,2024-09-03,5922
00933B,國泰10Y+金融債,31,0,31,元富-新店,2024-09-03,5922
00948B,中信優息投資級債,26,0,26,元富-新店,2024-09-03,5922
8039,台虹,29,3,26,元富-新店,2024-09-03,5922
5460,同協,25,0,25,元富-新店,2024-09-03,5922
6213,聯茂,28,3,25,元富-新店,2024-09-03,5922
00637L,元大滬深300正2,24,0,24,元富-新店,2024-09-03,5922
00679B,元大美債20年,28,5,23,元富-新店,2024-09-03,5922
2408,南亞科,24,1,23,元富-新店,2024-09-03,5922
00706L,期元大S＆P日圓正2,20,0,20,元富-新店,2024-09-03,5922
00632R,元大台灣50反1,20,0,20,元富-新店,2024-09-03,5922
6259,百徽,20,0,20,元富-新店,2024-09-03,5922
00680L,元大美債20正2,20,0,20,元富-新店,2024-09-03,5922
00643,群益深証中小,20,0,20,元富-新店,2024-09-03,5922
00915,凱基優選高股息30,19,0,19,元富-新店,2024-09-03,5922
3631,晟楠,20,1,19,元富-新店,2024-09-03,5922
8103,瀚荃,35,17,18,元富-新店,2024-09-03,5922
2356,英業達,20,2,18,元富-新店,2024-09-03,5922
1569,濱川,17,0,17,元富-新店,2024-09-03,5922
00881,國泰台灣5G+,19,3,16,元富-新店,2024-09-03,5922
9105,泰金寶-DR,15,0,15,元富-新店,2024-09-03,5922
3483,力致,15,0,15,元富-新店,2024-09-03,5922
3437,榮創,15,0,15,元富-新店,2024-09-03,5922
1815,富喬,24,9,15,元富-新店,2024-09-03,5922
00918,大華優利高填息30,13,0,13,元富-新店,2024-09-03,5922
00900,富邦特選高股息30,13,0,13,元富-新店,2024-09-03,5922
2486,一詮,21,9,12,元富-新店,2024-09-03,5922
1513,中興電,15,3,12,元富-新店,2024-09-03,5922
00923,群益台ESG低碳50,11,0,11,元富-新店,2024-09-03,5922
2312,金寶,11,0,11,元富-新店,2024-09-03,5922
00959B,大華投等美債15Y+,11,0,11,元富-新店,2024-09-03,5922
3050,鈺德,11,0,11,元富-新店,2024-09-03,5922
2464,盟立,28,17,11,元富-新店,2024-09-03,5922
1582,信錦,10,0,10,元富-新店,2024-09-03,5922
1444,力麗,10,0,10,元富-新店,2024-09-03,5922
2545,皇翔,10,0,10,元富-新店,2024-09-03,5922
00942B,台新美A公司債20+,650,0,650,元富-新店,2024-09-04,5922
00940,元大台灣價值高息,527,2,525,元富-新店,2024-09-04,5922
3036,文曄,200,0,200,元富-新店,2024-09-04,5922
00919,群益台灣精選高息,186,6,180,元富-新店,2024-09-04,5922
00929,復華台灣科技優息,200,49,151,元富-新店,2024-09-04,5922
00918,大華優利高填息30,141,0,141,元富-新店,2024-09-04,5922
00948B,中信優息投資級債,115,2,113,元富-新店,2024-09-04,5922
2891,中信金,124,21,103,元富-新店,2024-09-04,5922
00878,國泰永續高股息,95,1,94,元富-新店,2024-09-04,5922
2371,大同,87,2,85,元富-新店,2024-09-04,5922
00715L,期街口布蘭特正2,63,0,63,元富-新店,2024-09-04,5922
2330,台積電,71,10,61,元富-新店,2024-09-04,5922
00713,元大台灣高息低波,61,0,61,元富-新店,2024-09-04,5922
1717,長興,59,0,59,元富-新店,2024-09-04,5922
00923,群益台ESG低碳50,54,0,54,元富-新店,2024-09-04,5922
2887,台新金,50,0,50,元富-新店,2024-09-04,5922
0050,元大台灣50,51,2,49,元富-新店,2024-09-04,5922
0056,元大高股息,57,9,48,元富-新店,2024-09-04,5922
1806,冠軍,46,0,46,元富-新店,2024-09-04,5922
3231,緯創,51,9,42,元富-新店,2024-09-04,5922
2382,廣達,51,9,42,元富-新店,2024-09-04,5922
1303,南亞,46,5,41,元富-新店,2024-09-04,5922
1711,永光,61,20,41,元富-新店,2024-09-04,5922
1444,力麗,41,0,41,元富-新店,2024-09-04,5922
00915,凱基優選高股息30,36,0,36,元富-新店,2024-09-04,5922
2317,鴻海,49,17,32,元富-新店,2024-09-04,5922
5469,瀚宇博,32,0,32,元富-新店,2024-09-04,5922
9933,中鼎,32,0,32,元富-新店,2024-09-04,5922
2367,燿華,31,4,27,元富-新店,2024-09-04,5922
00891,中信關鍵半導體,26,1,25,元富-新店,2024-09-04,5922
1709,和益,28,3,25,元富-新店,2024-09-04,5922
5876,上海商銀,24,0,24,元富-新店,2024-09-04,5922
5460,同協,26,3,23,元富-新店,2024-09-04,5922
1608,華榮,26,3,23,元富-新店,2024-09-04,5922
4714,永捷,22,0,22,元富-新店,2024-09-04,5922
5880,合庫金,22,0,22,元富-新店,2024-09-04,5922
2049,上銀,21,0,21,元富-新店,2024-09-04,5922
2610,華航,22,2,20,元富-新店,2024-09-04,5922
00706L,期元大S＆P日圓正2,20,0,20,元富-新店,2024-09-04,5922
2303,聯電,20,1,19,元富-新店,2024-09-04,5922
00930,永豐ESG低碳高息,19,0,19,元富-新店,2024-09-04,5922
1301,台塑,18,1,17,元富-新店,2024-09-04,5922
1540,喬福,85,68,17,元富-新店,2024-09-04,5922
2002,中鋼,26,10,16,元富-新店,2024-09-04,5922
2605,新興,16,0,16,元富-新店,2024-09-04,5922
2464,盟立,77,61,16,元富-新店,2024-09-04,5922
2383,台光電,15,0,15,元富-新店,2024-09-04,5922
00927,群益半導體收益,15,0,15,元富-新店,2024-09-04,5922
006208,富邦台50,15,0,15,元富-新店,2024-09-04,5922
00680L,元大美債20正2,30,15,15,元富-新店,2024-09-04,5922
3036,文曄,400,0,400,元富-新店,2024-09-05,5922
00946,群益科技高息成長,236,0,236,元富-新店,2024-09-05,5922
00632R,元大台灣50反1,367,150,217,元富-新店,2024-09-05,5922
00919,群益台灣精選高息,142,13,129,元富-新店,2024-09-05,5922
00952,凱基台灣AI50,169,61,108,元富-新店,2024-09-05,5922
2367,燿華,112,10,102,元富-新店,2024-09-05,5922
00940,元大台灣價值高息,79,0,79,元富-新店,2024-09-05,5922
00929,復華台灣科技優息,98,33,65,元富-新店,2024-09-05,5922
00715L,期街口布蘭特正2,54,0,54,元富-新店,2024-09-05,5922
00642U,期元大S＆P石油,66,15,51,元富-新店,2024-09-05,5922
2489,瑞軒,50,0,50,元富-新店,2024-09-05,5922
2317,鴻海,55,12,43,元富-新店,2024-09-05,5922
1785,光洋科,48,5,43,元富-新店,2024-09-05,5922
2633,台灣高鐵,40,0,40,元富-新店,2024-09-05,5922
1608,華榮,37,0,37,元富-新店,2024-09-05,5922
2371,大同,35,0,35,元富-新店,2024-09-05,5922
00878,國泰永續高股息,37,4,33,元富-新店,2024-09-05,5922
2344,華邦電,32,0,32,元富-新店,2024-09-05,5922
2402,毅嘉,27,0,27,元富-新店,2024-09-05,5922
6005,群益證,25,0,25,元富-新店,2024-09-05,5922
5876,上海商銀,25,0,25,元富-新店,2024-09-05,5922
5009,榮剛,24,0,24,元富-新店,2024-09-05,5922
6443,元晶,24,0,24,元富-新店,2024-09-05,5922
3481,群創,36,12,24,元富-新店,2024-09-05,5922
2349,錸德,24,1,23,元富-新店,2024-09-05,5922
00923,群益台ESG低碳50,24,1,23,元富-新店,2024-09-05,5922
5302,太欣,23,0,23,元富-新店,2024-09-05,5922
00713,元大台灣高息低波,21,0,21,元富-新店,2024-09-05,5922
1709,和益,38,20,18,元富-新店,2024-09-05,5922
00918,大華優利高填息30,17,2,15,元富-新店,2024-09-05,5922
2382,廣達,35,20,15,元富-新店,2024-09-05,5922
00688L,國泰20年美債正2,20,5,15,元富-新店,2024-09-05,5922
1101,台泥,14,0,14,元富-新店,2024-09-05,5922
2201,裕隆,14,0,14,元富-新店,2024-09-05,5922
3374,精材,19,5,14,元富-新店,2024-09-05,5922
3062,建漢,14,1,13,元富-新店,2024-09-05,5922
8043,蜜望實,13,0,13,元富-新店,2024-09-05,5922
2420,新巨,20,7,13,元富-新店,2024-09-05,5922
2313,華通,13,1,12,元富-新店,2024-09-05,5922
1303,南亞,12,0,12,元富-新店,2024-09-05,5922
3303,岱稜,18,6,12,元富-新店,2024-09-05,5922
00907,永豐優息存股,12,0,12,元富-新店,2024-09-05,5922
1309,台達化,12,0,12,元富-新店,2024-09-05,5922
4513,福裕,13,2,11,元富-新店,2024-09-05,5922
2892,第一金,11,0,11,元富-新店,2024-09-05,5922
2002,中鋼,17,6,11,元富-新店,2024-09-05,5922
3710,連展投控,11,0,11,元富-新店,2024-09-05,5922
3105,穩懋,11,0,11,元富-新店,2024-09-05,5922
2352,佳世達,14,3,11,元富-新店,2024-09-05,5922
2353,宏��,13,2,11,元富-新店,2024-09-05,5922
3036,文曄,152,2,150,元富-新店,2024-09-06,5922
00632R,元大台灣50反1,120,2,118,元富-新店,2024-09-06,5922
2888,新光金,125,8,117,元富-新店,2024-09-06,5922
2881,富邦金,161,84,77,元富-新店,2024-09-06,5922
2409,友達,81,17,64,元富-新店,2024-09-06,5922
00688L,國泰20年美債正2,55,0,55,元富-新店,2024-09-06,5922
00882,中信中國高股息,55,0,55,元富-新店,2024-09-06,5922
2891,中信金,63,21,42,元富-新店,2024-09-06,5922
2913,農林,50,10,40,元富-新店,2024-09-06,5922
1735,日勝化,35,0,35,元富-新店,2024-09-06,5922
5469,瀚宇博,44,11,33,元富-新店,2024-09-06,5922
00715L,期街口布蘭特正2,33,0,33,元富-新店,2024-09-06,5922
00919,群益台灣精選高息,30,3,27,元富-新店,2024-09-06,5922
2317,鴻海,39,12,27,元富-新店,2024-09-06,5922
5302,太欣,26,4,22,元富-新店,2024-09-06,5922
00940,元大台灣價值高息,29,7,22,元富-新店,2024-09-06,5922
2834,臺企銀,30,11,19,元富-新店,2024-09-06,5922
00945B,凱基美國非投等債,19,0,19,元富-新店,2024-09-06,5922
0056,元大高股息,25,7,18,元富-新店,2024-09-06,5922
4971,IET-KY,17,0,17,元富-新店,2024-09-06,5922
00907,永豐優息存股,18,1,17,元富-新店,2024-09-06,5922
00921,兆豐龍頭等權重,16,0,16,元富-新店,2024-09-06,5922
6117,迎廣,12,0,12,元富-新店,2024-09-06,5922
2337,旺宏,12,0,12,元富-新店,2024-09-06,5922
6257,矽格,12,0,12,元富-新店,2024-09-06,5922
2002,中鋼,15,3,12,元富-新店,2024-09-06,5922
1809,中釉,11,0,11,元富-新店,2024-09-06,5922
2066,世德,11,0,11,元富-新店,2024-09-06,5922
3056,富華新,11,0,11,元富-新店,2024-09-06,5922
00637L,元大滬深300正2,23,12,11,元富-新店,2024-09-06,5922
2340,台亞,16,5,11,元富-新店,2024-09-06,5922
00687B,國泰20年美債,25,15,10,元富-新店,2024-09-06,5922
3631,晟楠,10,0,10,元富-新店,2024-09-06,5922
1605,華新,13,3,10,元富-新店,2024-09-06,5922
1815,富喬,11,1,10,元富-新店,2024-09-06,5922
2539,櫻花建,10,0,10,元富-新店,2024-09-06,5922
5381,合正,10,0,10,元富-新店,2024-09-06,5922
3686,達能,10,0,10,元富-新店,2024-09-06,5922
8249,菱光,10,0,10,元富-新店,2024-09-06,5922
2883,凱基金,14,5,9,元富-新店,2024-09-06,5922
00713,元大台灣高息低波,14,5,9,元富-新店,2024-09-06,5922
3363,上詮,9,0,9,元富-新店,2024-09-06,5922
2495,普安,11,2,9,元富-新店,2024-09-06,5922
1541,錩泰,9,0,9,元富-新店,2024-09-06,5922
3339,泰谷,9,0,9,元富-新店,2024-09-06,5922
9938,百和,8,0,8,元富-新店,2024-09-06,5922
00712,復華富時不動產,7,0,7,元富-新店,2024-09-06,5922
3522,御嵿,7,0,7,元富-新店,2024-09-06,5922
2488,漢平,7,0,7,元富-新店,2024-09-06,5922
00949,復華日本龍頭,7,0,7,元富-新店,2024-09-06,5922
00948B,中信優息投資級債,1503,4,1499,元富-新店,2024-09-09,5922
00878,國泰永續高股息,404,1,403,元富-新店,2024-09-09,5922
2888,新光金,291,52,239,元富-新店,2024-09-09,5922
00942B,台新美A公司債20+,200,0,200,元富-新店,2024-09-09,5922
00919,群益台灣精選高息,181,8,173,元富-新店,2024-09-09,5922
00929,復華台灣科技優息,100,14,86,元富-新店,2024-09-09,5922
00940,元大台灣價值高息,71,3,68,元富-新店,2024-09-09,5922
3631,晟楠,59,0,59,元富-新店,2024-09-09,5922
00687B,國泰20年美債,54,1,53,元富-新店,2024-09-09,5922
3036,文曄,50,0,50,元富-新店,2024-09-09,5922
00907,永豐優息存股,47,0,47,元富-新店,2024-09-09,5922
4714,永捷,51,5,46,元富-新店,2024-09-09,5922
3491,昇達科,42,0,42,元富-新店,2024-09-09,5922
0056,元大高股息,37,4,33,元富-新店,2024-09-09,5922
00934,中信成長高股息,37,5,32,元富-新店,2024-09-09,5922
2344,華邦電,31,0,31,元富-新店,2024-09-09,5922
00952,凱基台灣AI50,51,20,31,元富-新店,2024-09-09,5922
2891,中信金,42,14,28,元富-新店,2024-09-09,5922
2317,鴻海,36,9,27,元富-新店,2024-09-09,5922
5876,上海商銀,26,0,26,元富-新店,2024-09-09,5922
2002,中鋼,29,4,25,元富-新店,2024-09-09,5922
0050,元大台灣50,26,2,24,元富-新店,2024-09-09,5922
2883,凱基金,22,0,22,元富-新店,2024-09-09,5922
00933B,國泰10Y+金融債,20,0,20,元富-新店,2024-09-09,5922
3294,英濟,20,0,20,元富-新店,2024-09-09,5922
00753L,中信中國50正2,20,0,20,元富-新店,2024-09-09,5922
1735,日勝化,19,1,18,元富-新店,2024-09-09,5922
3105,穩懋,18,1,17,元富-新店,2024-09-09,5922
5347,世界,17,0,17,元富-新店,2024-09-09,5922
00915,凱基優選高股息30,22,6,16,元富-新店,2024-09-09,5922
3231,緯創,23,7,16,元富-新店,2024-09-09,5922
6763,綠界科技*,16,0,16,元富-新店,2024-09-09,5922
6609,瀧澤科,16,0,16,元富-新店,2024-09-09,5922
00637L,元大滬深300正2,16,0,16,元富-新店,2024-09-09,5922
00918,大華優利高填息30,83,68,15,元富-新店,2024-09-09,5922
1229,聯華,15,0,15,元富-新店,2024-09-09,5922
1806,冠軍,15,0,15,元富-新店,2024-09-09,5922
2610,華航,13,0,13,元富-新店,2024-09-09,5922
2497,怡利電,26,13,13,元富-新店,2024-09-09,5922
2542,興富發,15,2,13,元富-新店,2024-09-09,5922
00923,群益台ESG低碳50,21,8,13,元富-新店,2024-09-09,5922
6215,和椿,87,75,12,元富-新店,2024-09-09,5922
5469,瀚宇博,24,12,12,元富-新店,2024-09-09,5922
2402,毅嘉,19,8,11,元富-新店,2024-09-09,5922
3518,柏騰,11,0,11,元富-新店,2024-09-09,5922
00881,國泰台灣5G+,11,0,11,元富-新店,2024-09-09,5922
00764B,群益25年美債,10,0,10,元富-新店,2024-09-09,5922
2516,新建,10,0,10,元富-新店,2024-09-09,5922
1785,光洋科,11,1,10,元富-新店,2024-09-09,5922
00706L,期元大S＆P日圓正2,10,0,10,元富-新店,2024-09-09,5922
3036,文曄,250,0,250,元富-新店,2024-09-10,5922
00929,復華台灣科技優息,175,27,148,元富-新店,2024-09-10,5922
00878,國泰永續高股息,143,6,137,元富-新店,2024-09-10,5922
00952,凱基台灣AI50,129,1,128,元富-新店,2024-09-10,5922
2883,凱基金,130,2,128,元富-新店,2024-09-10,5922
00632R,元大台灣50反1,134,20,114,元富-新店,2024-09-10,5922
00959B,大華投等美債15Y+,111,0,111,元富-新店,2024-09-10,5922
00919,群益台灣精選高息,106,10,96,元富-新店,2024-09-10,5922
2402,毅嘉,52,0,52,元富-新店,2024-09-10,5922
0056,元大高股息,46,3,43,元富-新店,2024-09-10,5922
2344,華邦電,41,0,41,元富-新店,2024-09-10,5922
1785,光洋科,39,2,37,元富-新店,2024-09-10,5922
1605,華新,33,0,33,元富-新店,2024-09-10,5922
00946,群益科技高息成長,33,2,31,元富-新店,2024-09-10,5922
6821,聯寶,30,0,30,元富-新店,2024-09-10,5922
2867,三商壽,30,0,30,元富-新店,2024-09-10,5922
6603,富強鑫,29,0,29,元富-新店,2024-09-10,5922
00940,元大台灣價值高息,33,7,26,元富-新店,2024-09-10,5922
2317,鴻海,32,7,25,元富-新店,2024-09-10,5922
2352,佳世達,24,0,24,元富-新店,2024-09-10,5922
00918,大華優利高填息30,33,10,23,元富-新店,2024-09-10,5922
3631,晟楠,21,0,21,元富-新店,2024-09-10,5922
3518,柏騰,21,0,21,元富-新店,2024-09-10,5922
3019,亞光,24,3,21,元富-新店,2024-09-10,5922
1524,耿鼎,22,1,21,元富-新店,2024-09-10,5922
4555,氣立,20,0,20,元富-新店,2024-09-10,5922
1609,大亞,20,0,20,元富-新店,2024-09-10,5922
2801,彰銀,20,0,20,元富-新店,2024-09-10,5922
2382,廣達,24,4,20,元富-新店,2024-09-10,5922
8011,台通,40,22,18,元富-新店,2024-09-10,5922
8076,伍豐,18,0,18,元富-新店,2024-09-10,5922
2408,南亞科,17,0,17,元富-新店,2024-09-10,5922
2609,陽明,24,8,16,元富-新店,2024-09-10,5922
1217,愛之味,15,0,15,元富-新店,2024-09-10,5922
2486,一詮,17,3,14,元富-新店,2024-09-10,5922
2356,英業達,14,0,14,元富-新店,2024-09-10,5922
2363,矽統,20,6,14,元富-新店,2024-09-10,5922
2313,華通,19,5,14,元富-新店,2024-09-10,5922
3481,群創,47,34,13,元富-新店,2024-09-10,5922
00934,中信成長高股息,13,0,13,元富-新店,2024-09-10,5922
2331,精英,27,14,13,元富-新店,2024-09-10,5922
00891,中信關鍵半導體,12,0,12,元富-新店,2024-09-10,5922
6763,綠界科技*,12,0,12,元富-新店,2024-09-10,5922
2233,宇隆,13,1,12,元富-新店,2024-09-10,5922
3105,穩懋,11,0,11,元富-新店,2024-09-10,5922
8039,台虹,11,0,11,元富-新店,2024-09-10,5922
2337,旺宏,11,0,11,元富-新店,2024-09-10,5922
00680L,元大美債20正2,11,0,11,元富-新店,2024-09-10,5922
2388,威盛,12,1,11,元富-新店,2024-09-10,5922
1303,南亞,10,0,10,元富-新店,2024-09-10,5922
0056,元大高股息,307,4,303,元富-新店,2024-09-11,5922
2883,凱基金,125,0,125,元富-新店,2024-09-11,5922
3036,文曄,100,0,100,元富-新店,2024-09-11,5922
00952,凱基台灣AI50,80,0,80,元富-新店,2024-09-11,5922
2891,中信金,75,0,75,元富-新店,2024-09-11,5922
00878,國泰永續高股息,85,36,49,元富-新店,2024-09-11,5922
00715L,期街口布蘭特正2,47,5,42,元富-新店,2024-09-11,5922
1709,和益,40,4,36,元富-新店,2024-09-11,5922
6609,瀧澤科,26,0,26,元富-新店,2024-09-11,5922
2349,錸德,31,7,24,元富-新店,2024-09-11,5922
2317,鴻海,28,5,23,元富-新店,2024-09-11,5922
00915,凱基優選高股息30,23,0,23,元富-新店,2024-09-11,5922
2002,中鋼,33,11,22,元富-新店,2024-09-11,5922
9927,泰銘,22,0,22,元富-新店,2024-09-11,5922
2402,毅嘉,20,0,20,元富-新店,2024-09-11,5922
2542,興富發,29,10,19,元富-新店,2024-09-11,5922
2353,宏��,20,1,19,元富-新店,2024-09-11,5922
00919,群益台灣精選高息,38,19,19,元富-新店,2024-09-11,5922
00882,中信中國高股息,436,420,16,元富-新店,2024-09-11,5922
3022,威強電,15,0,15,元富-新店,2024-09-11,5922
4510,高鋒,21,7,14,元富-新店,2024-09-11,5922
00918,大華優利高填息30,14,2,12,元富-新店,2024-09-11,5922
2365,昆盈,16,4,12,元富-新店,2024-09-11,5922
6821,聯寶,13,2,11,元富-新店,2024-09-11,5922
00946,群益科技高息成長,11,0,11,元富-新店,2024-09-11,5922
2881,富邦金,11,0,11,元富-新店,2024-09-11,5922
00929,復華台灣科技優息,30,20,10,元富-新店,2024-09-11,5922
00632R,元大台灣50反1,10,0,10,元富-新店,2024-09-11,5922
3518,柏騰,10,0,10,元富-新店,2024-09-11,5922
2801,彰銀,10,0,10,元富-新店,2024-09-11,5922
2070,精湛,10,0,10,元富-新店,2024-09-11,5922
5340,建榮,10,0,10,元富-新店,2024-09-11,5922
2464,盟立,16,7,9,元富-新店,2024-09-11,5922
4743,合一,10,1,9,元富-新店,2024-09-11,5922
3356,奇偶,12,3,9,元富-新店,2024-09-11,5922
4979,華星光,28,19,9,元富-新店,2024-09-11,5922
00940,元大台灣價值高息,14,6,8,元富-新店,2024-09-11,5922
1326,台化,14,6,8,元富-新店,2024-09-11,5922
00725B,國泰投資級公司債,8,0,8,元富-新店,2024-09-11,5922
1735,日勝化,8,0,8,元富-新店,2024-09-11,5922
4714,永捷,8,0,8,元富-新店,2024-09-11,5922
00688L,國泰20年美債正2,11,3,8,元富-新店,2024-09-11,5922
3047,訊舟,8,0,8,元富-新店,2024-09-11,5922
6122,擎邦,8,0,8,元富-新店,2024-09-11,5922
1522,堤維西,20,13,7,元富-新店,2024-09-11,5922
6838,台新藥,7,0,7,元富-新店,2024-09-11,5922
2520,冠德,7,0,7,元富-新店,2024-09-11,5922
00637L,元大滬深300正2,7,0,7,元富-新店,2024-09-11,5922
2367,燿華,7,1,6,元富-新店,2024-09-11,5922
00687B,國泰20年美債,30,24,6,元富-新店,2024-09-11,5922
00632R,元大台灣50反1,270,4,266,元富-新店,2024-09-12,5922
2891,中信金,225,13,212,元富-新店,2024-09-12,5922
1319,東陽,149,10,139,元富-新店,2024-09-12,5922
00919,群益台灣精選高息,136,23,113,元富-新店,2024-09-12,5922
0056,元大高股息,107,7,100,元富-新店,2024-09-12,5922
00878,國泰永續高股息,123,28,95,元富-新店,2024-09-12,5922
1717,長興,103,30,73,元富-新店,2024-09-12,5922
00947,台新臺灣IC設計,78,5,73,元富-新店,2024-09-12,5922
2399,映泰,158,90,68,元富-新店,2024-09-12,5922
00679B,元大美債20年,61,0,61,元富-新店,2024-09-12,5922
2357,華碩,57,1,56,元富-新店,2024-09-12,5922
00957B,兆豐US優選投等債,54,0,54,元富-新店,2024-09-12,5922
1522,堤維西,52,3,49,元富-新店,2024-09-12,5922
00948B,中信優息投資級債,48,0,48,元富-新店,2024-09-12,5922
2887,台新金,45,4,41,元富-新店,2024-09-12,5922
3021,鴻名,39,0,39,元富-新店,2024-09-12,5922
1608,華榮,48,10,38,元富-新店,2024-09-12,5922
3631,晟楠,36,0,36,元富-新店,2024-09-12,5922
1709,和益,41,10,31,元富-新店,2024-09-12,5922
00937B,群益ESG投等債20,128,99,29,元富-新店,2024-09-12,5922
8996,高力,32,4,28,元富-新店,2024-09-12,5922
2851,中再保,22,0,22,元富-新店,2024-09-12,5922
8110,華東,20,0,20,元富-新店,2024-09-12,5922
00687B,國泰20年美債,34,18,16,元富-新店,2024-09-12,5922
1309,台達化,16,0,16,元富-新店,2024-09-12,5922
3294,英濟,15,0,15,元富-新店,2024-09-12,5922
00918,大華優利高填息30,20,6,14,元富-新店,2024-09-12,5922
2349,錸德,13,0,13,元富-新店,2024-09-12,5922
00927,群益半導體收益,14,1,13,元富-新店,2024-09-12,5922
5876,上海商銀,13,0,13,元富-新店,2024-09-12,5922
3303,岱稜,91,78,13,元富-新店,2024-09-12,5922
3062,建漢,15,3,12,元富-新店,2024-09-12,5922
6530,創威,70,58,12,元富-新店,2024-09-12,5922
00715L,期街口布蘭特正2,15,3,12,元富-新店,2024-09-12,5922
00673R,期元大S＆P原油反1,10,0,10,元富-新店,2024-09-12,5922
5009,榮剛,10,0,10,元富-新店,2024-09-12,5922
1776,展宇,10,0,10,元富-新店,2024-09-12,5922
3376,新日興,11,1,10,元富-新店,2024-09-12,5922
00720B,元大投資級公司債,30,20,10,元富-新店,2024-09-12,5922
6133,金橋,10,0,10,元富-新店,2024-09-12,5922
00688L,國泰20年美債正2,10,0,10,元富-新店,2024-09-12,5922
5443,均豪,30,20,10,元富-新店,2024-09-12,5922
00900,富邦特選高股息30,9,0,9,元富-新店,2024-09-12,5922
2495,普安,8,0,8,元富-新店,2024-09-12,5922
5302,太欣,8,0,8,元富-新店,2024-09-12,5922
3031,佰鴻,10,2,8,元富-新店,2024-09-12,5922
2540,愛山林,8,1,7,元富-新店,2024-09-12,5922
2324,仁寶,10,3,7,元富-新店,2024-09-12,5922
00930,永豐ESG低碳高息,7,0,7,元富-新店,2024-09-12,5922
2371,大同,9,2,7,元富-新店,2024-09-12,5922
00642U,期元大S＆P石油,102,0,102,元富-新店,2024-09-13,5922
00687B,國泰20年美債,93,5,88,元富-新店,2024-09-13,5922
1717,長興,94,20,74,元富-新店,2024-09-13,5922
00929,復華台灣科技優息,75,1,74,元富-新店,2024-09-13,5922
00751B,元大AAA至A公司債,100,30,70,元富-新店,2024-09-13,5922
2883,凱基金,59,1,58,元富-新店,2024-09-13,5922
6788,華景電,50,2,48,元富-新店,2024-09-13,5922
00942B,台新美A公司債20+,37,0,37,元富-新店,2024-09-13,5922
00933B,國泰10Y+金融債,34,0,34,元富-新店,2024-09-13,5922
0056,元大高股息,35,1,34,元富-新店,2024-09-13,5922
1326,台化,29,5,24,元富-新店,2024-09-13,5922
1305,華夏,22,0,22,元富-新店,2024-09-13,5922
2812,台中銀,20,0,20,元富-新店,2024-09-13,5922
00637L,元大滬深300正2,19,0,19,元富-新店,2024-09-13,5922
5347,世界,17,0,17,元富-新店,2024-09-13,5922
4111,濟生,17,0,17,元富-新店,2024-09-13,5922
00878,國泰永續高股息,42,26,16,元富-新店,2024-09-13,5922
1608,華榮,28,12,16,元富-新店,2024-09-13,5922
4977,眾達-KY,21,5,16,元富-新店,2024-09-13,5922
6290,良維,15,0,15,元富-新店,2024-09-13,5922
00931B,統一美債20年,13,0,13,元富-新店,2024-09-13,5922
3374,精材,32,19,13,元富-新店,2024-09-13,5922
5302,太欣,11,0,11,元富-新店,2024-09-13,5922
00646,元大S＆P500,12,1,11,元富-新店,2024-09-13,5922
3105,穩懋,11,0,11,元富-新店,2024-09-13,5922
6125,廣運,10,0,10,元富-新店,2024-09-13,5922
3631,晟楠,10,0,10,元富-新店,2024-09-13,5922
00764B,群益25年美債,10,0,10,元富-新店,2024-09-13,5922
3078,僑威,10,0,10,元富-新店,2024-09-13,5922
9924,福興,10,0,10,元富-新店,2024-09-13,5922
00679B,元大美債20年,38,28,10,元富-新店,2024-09-13,5922
3481,群創,13,4,9,元富-新店,2024-09-13,5922
00830,國泰費城半導體,9,0,9,元富-新店,2024-09-13,5922
00921,兆豐龍頭等權重,9,0,9,元富-新店,2024-09-13,5922
00918,大華優利高填息30,8,0,8,元富-新店,2024-09-13,5922
1301,台塑,16,8,8,元富-新店,2024-09-13,5922
5443,均豪,39,31,8,元富-新店,2024-09-13,5922
00919,群益台灣精選高息,35,27,8,元富-新店,2024-09-13,5922
8932,智通*,7,0,7,元富-新店,2024-09-13,5922
3663,鑫科,16,9,7,元富-新店,2024-09-13,5922
3580,友威科,10,3,7,元富-新店,2024-09-13,5922
3003,健和興,7,0,7,元富-新店,2024-09-13,5922
00940,元大台灣價值高息,9,2,7,元富-新店,2024-09-13,5922
00881,國泰台灣5G+,6,0,6,元富-新店,2024-09-13,5922
3706,神達,56,50,6,元富-新店,2024-09-13,5922
00927,群益半導體收益,6,0,6,元富-新店,2024-09-13,5922
8039,台虹,7,1,6,元富-新店,2024-09-13,5922
9914,美利達,6,0,6,元富-新店,2024-09-13,5922
6121,新普,5,0,5,元富-新店,2024-09-13,5922
00712,復華富時不動產,5,0,5,元富-新店,2024-09-13,5922
00919,群益台灣精選高息,426,128,298,元富-新店,2024-09-16,5922
00937B,群益ESG投等債20,122,6,116,元富-新店,2024-09-16,5922
00687B,國泰20年美債,102,5,97,元富-新店,2024-09-16,5922
00712,復華富時不動產,71,0,71,元富-新店,2024-09-16,5922
00945B,凱基美國非投等債,65,0,65,元富-新店,2024-09-16,5922
3036,文曄,50,2,48,元富-新店,2024-09-16,5922
1709,和益,51,9,42,元富-新店,2024-09-16,5922
5469,瀚宇博,45,4,41,元富-新店,2024-09-16,5922
00942B,台新美A公司債20+,40,0,40,元富-新店,2024-09-16,5922
00915,凱基優選高股息30,37,0,37,元富-新店,2024-09-16,5922
1522,堤維西,37,0,37,元富-新店,2024-09-16,5922
6114,久威,31,0,31,元富-新店,2024-09-16,5922
00918,大華優利高填息30,30,0,30,元富-新店,2024-09-16,5922
3019,亞光,34,6,28,元富-新店,2024-09-16,5922
00948B,中信優息投資級債,26,0,26,元富-新店,2024-09-16,5922
2610,華航,27,1,26,元富-新店,2024-09-16,5922
00882,中信中國高股息,20,0,20,元富-新店,2024-09-16,5922
2547,日勝生,20,0,20,元富-新店,2024-09-16,5922
8039,台虹,20,0,20,元富-新店,2024-09-16,5922
00878,國泰永續高股息,33,15,18,元富-新店,2024-09-16,5922
3149,正達,18,2,16,元富-新店,2024-09-16,5922
1905,華紙,24,8,16,元富-新店,2024-09-16,5922
2603,長榮,15,0,15,元富-新店,2024-09-16,5922
8028,昇陽半導體,42,28,14,元富-新店,2024-09-16,5922
00679B,元大美債20年,43,29,14,元富-新店,2024-09-16,5922
2314,台揚,15,2,13,元富-新店,2024-09-16,5922
2888,新光金,21,9,12,元富-新店,2024-09-16,5922
3050,鈺德,15,3,12,元富-新店,2024-09-16,5922
2399,映泰,13,2,11,元富-新店,2024-09-16,5922
4533,協易機,11,0,11,元富-新店,2024-09-16,5922
00885,富邦越南,11,0,11,元富-新店,2024-09-16,5922
2332,友訊,16,5,11,元富-新店,2024-09-16,5922
00720B,元大投資級公司債,10,0,10,元富-新店,2024-09-16,5922
1309,台達化,10,0,10,元富-新店,2024-09-16,5922
00830,國泰費城半導體,10,0,10,元富-新店,2024-09-16,5922
00713,元大台灣高息低波,13,3,10,元富-新店,2024-09-16,5922
3360,尚立,13,3,10,元富-新店,2024-09-16,5922
2401,凌陽,15,5,10,元富-新店,2024-09-16,5922
3294,英濟,20,10,10,元富-新店,2024-09-16,5922
4549,桓達,11,1,10,元富-新店,2024-09-16,5922
2481,強茂,18,8,10,元富-新店,2024-09-16,5922
1582,信錦,10,0,10,元富-新店,2024-09-16,5922
3715,定穎投控,22,12,10,元富-新店,2024-09-16,5922
00933B,國泰10Y+金融債,9,0,9,元富-新店,2024-09-16,5922
00706L,期元大S＆P日圓正2,10,1,9,元富-新店,2024-09-16,5922
3260,威剛,9,0,9,元富-新店,2024-09-16,5922
1303,南亞,8,0,8,元富-新店,2024-09-16,5922
2062,橋椿,10,2,8,元富-新店,2024-09-16,5922
8996,高力,8,1,7,元富-新店,2024-09-16,5922
4111,濟生,7,0,7,元富-新店,2024-09-16,5922
3036,文曄,200,0,200,元富-新店,2024-09-18,5922
00937B,群益ESG投等債20,174,40,134,元富-新店,2024-09-18,5922
00948B,中信優息投資級債,135,10,125,元富-新店,2024-09-18,5922
00929,復華台灣科技優息,191,71,120,元富-新店,2024-09-18,5922
00915,凱基優選高股息30,106,2,104,元富-新店,2024-09-18,5922
00687B,國泰20年美債,104,6,98,元富-新店,2024-09-18,5922
6226,光鼎,69,0,69,元富-新店,2024-09-18,5922
00680L,元大美債20正2,86,20,66,元富-新店,2024-09-18,5922
9933,中鼎,51,0,51,元富-新店,2024-09-18,5922
4716,大立,52,2,50,元富-新店,2024-09-18,5922
00679B,元大美債20年,77,30,47,元富-新店,2024-09-18,5922
00918,大華優利高填息30,49,2,47,元富-新店,2024-09-18,5922
1709,和益,48,3,45,元富-新店,2024-09-18,5922
2344,華邦電,46,5,41,元富-新店,2024-09-18,5922
2887,台新金,40,0,40,元富-新店,2024-09-18,5922
5009,榮剛,40,1,39,元富-新店,2024-09-18,5922
1717,長興,126,89,37,元富-新店,2024-09-18,5922
00857B,永豐20年美公債,35,0,35,元富-新店,2024-09-18,5922
2317,鴻海,42,7,35,元富-新店,2024-09-18,5922
2402,毅嘉,29,0,29,元富-新店,2024-09-18,5922
2892,第一金,25,0,25,元富-新店,2024-09-18,5922
00945B,凱基美國非投等債,24,0,24,元富-新店,2024-09-18,5922
00919,群益台灣精選高息,80,57,23,元富-新店,2024-09-18,5922
00878,國泰永續高股息,34,11,23,元富-新店,2024-09-18,5922
3303,岱稜,26,3,23,元富-新店,2024-09-18,5922
2356,英業達,22,0,22,元富-新店,2024-09-18,5922
3706,神達,22,0,22,元富-新店,2024-09-18,5922
6274,台燿,25,4,21,元富-新店,2024-09-18,5922
00673R,期元大S＆P原油反1,20,0,20,元富-新店,2024-09-18,5922
00720B,元大投資級公司債,20,0,20,元富-新店,2024-09-18,5922
3437,榮創,22,3,19,元富-新店,2024-09-18,5922
3049,精金,19,0,19,元富-新店,2024-09-18,5922
00885,富邦越南,18,0,18,元富-新店,2024-09-18,5922
2913,農林,21,3,18,元富-新店,2024-09-18,5922
1711,永光,39,21,18,元富-新店,2024-09-18,5922
6957,裕慶-KY,17,0,17,元富-新店,2024-09-18,5922
3481,群創,25,9,16,元富-新店,2024-09-18,5922
6869,雲豹能源,17,1,16,元富-新店,2024-09-18,5922
2371,大同,15,0,15,元富-新店,2024-09-18,5922
3105,穩懋,16,1,15,元富-新店,2024-09-18,5922
0056,元大高股息,14,0,14,元富-新店,2024-09-18,5922
2809,京城銀,16,2,14,元富-新店,2024-09-18,5922
8011,台通,16,2,14,元富-新店,2024-09-18,5922
6114,久威,14,0,14,元富-新店,2024-09-18,5922
3167,大量,27,13,14,元富-新店,2024-09-18,5922
2313,華通,18,5,13,元富-新店,2024-09-18,5922
00943,兆豐電子高息等權,13,0,13,元富-新店,2024-09-18,5922
00881,國泰台灣5G+,13,0,13,元富-新店,2024-09-18,5922
2303,聯電,15,4,11,元富-新店,2024-09-18,5922
2408,南亞科,13,2,11,元富-新店,2024-09-18,5922
00937B,群益ESG投等債20,139,17,122,元富-新店,2024-09-19,5922
00929,復華台灣科技優息,91,1,90,元富-新店,2024-09-19,5922
00687B,國泰20年美債,109,35,74,元富-新店,2024-09-19,5922
00918,大華優利高填息30,65,1,64,元富-新店,2024-09-19,5922
00958B,永豐ESG銀行債15,63,0,63,元富-新店,2024-09-19,5922
00679B,元大美債20年,86,40,46,元富-新店,2024-09-19,5922
00919,群益台灣精選高息,32,0,32,元富-新店,2024-09-19,5922
00946,群益科技高息成長,29,0,29,元富-新店,2024-09-19,5922
1785,光洋科,38,9,29,元富-新店,2024-09-19,5922
00915,凱基優選高股息30,26,0,26,元富-新店,2024-09-19,5922
00857B,永豐20年美公債,25,0,25,元富-新店,2024-09-19,5922
5410,國眾,22,0,22,元富-新店,2024-09-19,5922
00957B,兆豐US優選投等債,20,0,20,元富-新店,2024-09-19,5922
00688L,國泰20年美債正2,20,0,20,元富-新店,2024-09-19,5922
1727,中華化,22,2,20,元富-新店,2024-09-19,5922
3354,律勝,20,1,19,元富-新店,2024-09-19,5922
2425,承啟,21,2,19,元富-新店,2024-09-19,5922
3481,群創,20,2,18,元富-新店,2024-09-19,5922
1711,永光,62,44,18,元富-新店,2024-09-19,5922
3209,全科,20,2,18,元富-新店,2024-09-19,5922
6288,聯嘉,90,73,17,元富-新店,2024-09-19,5922
00942B,台新美A公司債20+,20,3,17,元富-新店,2024-09-19,5922
2891,中信金,25,8,17,元富-新店,2024-09-19,5922
2201,裕隆,17,0,17,元富-新店,2024-09-19,5922
00945B,凱基美國非投等債,31,15,16,元富-新店,2024-09-19,5922
2511,太子,16,0,16,元富-新店,2024-09-19,5922
00712,復華富時不動產,15,0,15,元富-新店,2024-09-19,5922
8105,凌巨,15,0,15,元富-新店,2024-09-19,5922
8032,光菱,17,2,15,元富-新店,2024-09-19,5922
00930,永豐ESG低碳高息,15,0,15,元富-新店,2024-09-19,5922
3303,岱稜,44,30,14,元富-新店,2024-09-19,5922
2367,燿華,22,8,14,元富-新店,2024-09-19,5922
5438,東友,12,0,12,元富-新店,2024-09-19,5922
4908,前鼎,14,2,12,元富-新店,2024-09-19,5922
5469,瀚宇博,12,0,12,元富-新店,2024-09-19,5922
6216,居易,12,0,12,元富-新店,2024-09-19,5922
0056,元大高股息,12,0,12,元富-新店,2024-09-19,5922
8039,台虹,23,12,11,元富-新店,2024-09-19,5922
2610,華航,33,22,11,元富-新店,2024-09-19,5922
1710,東聯,11,0,11,元富-新店,2024-09-19,5922
6505,台塑化,12,1,11,元富-新店,2024-09-19,5922
4960,誠美材,10,0,10,元富-新店,2024-09-19,5922
00948B,中信優息投資級債,10,0,10,元富-新店,2024-09-19,5922
1310,台苯,10,0,10,元富-新店,2024-09-19,5922
1806,冠軍,10,0,10,元富-新店,2024-09-19,5922
2349,錸德,10,1,9,元富-新店,2024-09-19,5922
8114,振樺電,11,2,9,元富-新店,2024-09-19,5922
2312,金寶,20,11,9,元富-新店,2024-09-19,5922
6151,晉倫,12,3,9,元富-新店,2024-09-19,5922
2374,佳能,15,7,8,元富-新店,2024-09-19,5922
00919,群益台灣精選高息,798,33,765,元富-新店,2024-09-20,5922
1709,和益,283,20,263,元富-新店,2024-09-20,5922
3036,文曄,250,0,250,元富-新店,2024-09-20,5922
00687B,國泰20年美債,181,20,161,元富-新店,2024-09-20,5922
00882,中信中國高股息,111,1,110,元富-新店,2024-09-20,5922
3360,尚立,108,5,103,元富-新店,2024-09-20,5922
00795B,中信美國公債20年,122,30,92,元富-新店,2024-09-20,5922
2337,旺宏,91,1,90,元富-新店,2024-09-20,5922
00937B,群益ESG投等債20,81,0,81,元富-新店,2024-09-20,5922
00948B,中信優息投資級債,81,0,81,元富-新店,2024-09-20,5922
00857B,永豐20年美公債,78,0,78,元富-新店,2024-09-20,5922
1806,冠軍,64,0,64,元富-新店,2024-09-20,5922
00945B,凱基美國非投等債,62,0,62,元富-新店,2024-09-20,5922
2371,大同,50,0,50,元富-新店,2024-09-20,5922
2486,一詮,53,3,50,元富-新店,2024-09-20,5922
00958B,永豐ESG銀行債15,50,2,48,元富-新店,2024-09-20,5922
4939,亞電,57,12,45,元富-新店,2024-09-20,5922
3062,建漢,140,99,41,元富-新店,2024-09-20,5922
00650L,復華香港正2,40,1,39,元富-新店,2024-09-20,5922
2511,太子,33,0,33,元富-新店,2024-09-20,5922
00706L,期元大S＆P日圓正2,35,2,33,元富-新店,2024-09-20,5922
2332,友訊,32,0,32,元富-新店,2024-09-20,5922
2344,華邦電,31,2,29,元富-新店,2024-09-20,5922
2536,宏普,27,0,27,元富-新店,2024-09-20,5922
2353,宏��,43,17,26,元富-新店,2024-09-20,5922
00679B,元大美債20年,45,20,25,元富-新店,2024-09-20,5922
2545,皇翔,23,0,23,元富-新店,2024-09-20,5922
00632R,元大台灣50反1,22,0,22,元富-新店,2024-09-20,5922
2542,興富發,28,7,21,元富-新店,2024-09-20,5922
1582,信錦,22,1,21,元富-新店,2024-09-20,5922
6120,達運,21,0,21,元富-新店,2024-09-20,5922
2520,冠德,22,1,21,元富-新店,2024-09-20,5922
4909,新復興,30,10,20,元富-新店,2024-09-20,5922
4919,新唐,23,3,20,元富-新店,2024-09-20,5922
3710,連展投控,20,0,20,元富-新店,2024-09-20,5922
3209,全科,20,0,20,元富-新店,2024-09-20,5922
2464,盟立,63,43,20,元富-新店,2024-09-20,5922
2367,燿華,37,18,19,元富-新店,2024-09-20,5922
6282,康舒,20,1,19,元富-新店,2024-09-20,5922
00665L,富邦�琤肭磪囓�2,418,400,18,元富-新店,2024-09-20,5922
4702,中美實,16,0,16,元富-新店,2024-09-20,5922
2442,新美齊,15,0,15,元富-新店,2024-09-20,5922
1808,潤隆,24,9,15,元富-新店,2024-09-20,5922
6151,晉倫,15,0,15,元富-新店,2024-09-20,5922
00942B,台新美A公司債20+,15,0,15,元富-新店,2024-09-20,5922
8064,東捷,22,8,14,元富-新店,2024-09-20,5922
2867,三商壽,20,6,14,元富-新店,2024-09-20,5922
00646,元大S＆P500,13,0,13,元富-新店,2024-09-20,5922
8027,鈦昇,15,2,13,元富-新店,2024-09-20,5922
00931B,統一美債20年,12,0,12,元富-新店,2024-09-20,5922
2888,新光金,197,39,158,元富-新店,2024-09-23,5922
2201,裕隆,141,2,139,元富-新店,2024-09-23,5922
00948B,中信優息投資級債,107,0,107,元富-新店,2024-09-23,5922
00795B,中信美國公債20年,100,0,100,元富-新店,2024-09-23,5922
3036,文曄,100,1,99,元富-新店,2024-09-23,5922
00720B,元大投資級公司債,83,0,83,元富-新店,2024-09-23,5922
00946,群益科技高息成長,60,0,60,元富-新店,2024-09-23,5922
00632R,元大台灣50反1,62,5,57,元富-新店,2024-09-23,5922
00679B,元大美債20年,59,7,52,元富-新店,2024-09-23,5922
00857B,永豐20年美公債,42,0,42,元富-新店,2024-09-23,5922
00740B,富邦全球投等債,40,0,40,元富-新店,2024-09-23,5922
00942B,台新美A公司債20+,36,0,36,元富-新店,2024-09-23,5922
00687B,國泰20年美債,54,19,35,元富-新店,2024-09-23,5922
00937B,群益ESG投等債20,49,14,35,元富-新店,2024-09-23,5922
00753L,中信中國50正2,40,10,30,元富-新店,2024-09-23,5922
3617,碩天,30,1,29,元富-新店,2024-09-23,5922
1711,永光,83,57,26,元富-新店,2024-09-23,5922
4979,華星光,40,16,24,元富-新店,2024-09-23,5922
6770,力積電,25,2,23,元富-新店,2024-09-23,5922
3491,昇達科,23,0,23,元富-新店,2024-09-23,5922
00915,凱基優選高股息30,22,0,22,元富-新店,2024-09-23,5922
2486,一詮,23,1,22,元富-新店,2024-09-23,5922
0056,元大高股息,21,0,21,元富-新店,2024-09-23,5922
00713,元大台灣高息低波,21,0,21,元富-新店,2024-09-23,5922
00900,富邦特選高股息30,20,0,20,元富-新店,2024-09-23,5922
3209,全科,20,0,20,元富-新店,2024-09-23,5922
3062,建漢,22,2,20,元富-新店,2024-09-23,5922
2449,京元電子,18,0,18,元富-新店,2024-09-23,5922
3049,精金,28,10,18,元富-新店,2024-09-23,5922
1709,和益,27,10,17,元富-新店,2024-09-23,5922
4711,永純,21,4,17,元富-新店,2024-09-23,5922
4707,磐亞,38,23,15,元富-新店,2024-09-23,5922
00712,復華富時不動產,15,1,14,元富-新店,2024-09-23,5922
3498,陽程,23,10,13,元富-新店,2024-09-23,5922
2511,太子,13,0,13,元富-新店,2024-09-23,5922
2536,宏普,13,0,13,元富-新店,2024-09-23,5922
00706L,期元大S＆P日圓正2,12,0,12,元富-新店,2024-09-23,5922
1806,冠軍,11,0,11,元富-新店,2024-09-23,5922
6548,長科*,16,5,11,元富-新店,2024-09-23,5922
2464,盟立,20,10,10,元富-新店,2024-09-23,5922
4743,合一,11,1,10,元富-新店,2024-09-23,5922
2883,凱基金,23,13,10,元富-新店,2024-09-23,5922
2497,怡利電,23,13,10,元富-新店,2024-09-23,5922
3588,通嘉,11,1,10,元富-新店,2024-09-23,5922
6125,廣運,10,0,10,元富-新店,2024-09-23,5922
4720,德淵,14,5,9,元富-新店,2024-09-23,5922
6284,佳邦,9,0,9,元富-新店,2024-09-23,5922
5469,瀚宇博,22,13,9,元富-新店,2024-09-23,5922
4961,天鈺,10,2,8,元富-新店,2024-09-23,5922
6188,廣明,12,4,8,元富-新店,2024-09-23,5922
3036,文曄,301,0,301,元富-新店,2024-09-24,5922
00706L,期元大S＆P日圓正2,128,0,128,元富-新店,2024-09-24,5922
00740B,富邦全球投等債,128,0,128,元富-新店,2024-09-24,5922
6505,台塑化,122,0,122,元富-新店,2024-09-24,5922
00712,復華富時不動產,105,0,105,元富-新店,2024-09-24,5922
3481,群創,125,20,105,元富-新店,2024-09-24,5922
00857B,永豐20年美公債,94,0,94,元富-新店,2024-09-24,5922
00948B,中信優息投資級債,85,0,85,元富-新店,2024-09-24,5922
00795B,中信美國公債20年,80,0,80,元富-新店,2024-09-24,5922
00960,野村全球航運龍頭,82,10,72,元富-新店,2024-09-24,5922
00937B,群益ESG投等債20,97,31,66,元富-新店,2024-09-24,5922
00720B,元大投資級公司債,52,0,52,元富-新店,2024-09-24,5922
00687B,國泰20年美債,50,1,49,元富-新店,2024-09-24,5922
3021,鴻名,48,3,45,元富-新店,2024-09-24,5922
1708,東鹼,40,0,40,元富-新店,2024-09-24,5922
2641,正德,42,3,39,元富-新店,2024-09-24,5922
00725B,國泰投資級公司債,29,0,29,元富-新店,2024-09-24,5922
00751B,元大AAA至A公司債,30,2,28,元富-新店,2024-09-24,5922
2313,華通,28,1,27,元富-新店,2024-09-24,5922
2464,盟立,28,5,23,元富-新店,2024-09-24,5922
00753L,中信中國50正2,20,0,20,元富-新店,2024-09-24,5922
2543,皇昌,36,16,20,元富-新店,2024-09-24,5922
2611,志信,21,1,20,元富-新店,2024-09-24,5922
2233,宇隆,21,1,20,元富-新店,2024-09-24,5922
8110,華東,20,0,20,元富-新店,2024-09-24,5922
00632R,元大台灣50反1,29,10,19,元富-新店,2024-09-24,5922
2388,威盛,31,12,19,元富-新店,2024-09-24,5922
4919,新唐,20,1,19,元富-新店,2024-09-24,5922
2408,南亞科,19,0,19,元富-新店,2024-09-24,5922
00929,復華台灣科技優息,18,0,18,元富-新店,2024-09-24,5922
2610,華航,26,8,18,元富-新店,2024-09-24,5922
0056,元大高股息,18,0,18,元富-新店,2024-09-24,5922
2888,新光金,44,27,17,元富-新店,2024-09-24,5922
2344,華邦電,21,5,16,元富-新店,2024-09-24,5922
3260,威剛,20,4,16,元富-新店,2024-09-24,5922
00915,凱基優選高股息30,15,0,15,元富-新店,2024-09-24,5922
2498,宏達電,15,0,15,元富-新店,2024-09-24,5922
1784,訊聯,15,0,15,元富-新店,2024-09-24,5922
6188,廣明,17,3,14,元富-新店,2024-09-24,5922
1710,東聯,14,0,14,元富-新店,2024-09-24,5922
2511,太子,13,0,13,元富-新店,2024-09-24,5922
3615,安可,14,1,13,元富-新店,2024-09-24,5922
6257,矽格,18,5,13,元富-新店,2024-09-24,5922
00940,元大台灣價值高息,13,2,11,元富-新店,2024-09-24,5922
2365,昆盈,15,4,11,元富-新店,2024-09-24,5922
2329,華泰,11,0,11,元富-新店,2024-09-24,5922
4903,聯光通,12,1,11,元富-新店,2024-09-24,5922
5443,均豪,10,0,10,元富-新店,2024-09-24,5922
00680L,元大美債20正2,11,1,10,元富-新店,2024-09-24,5922
4746,台耀,10,0,10,元富-新店,2024-09-24,5922
00948B,中信優息投資級債,323,20,303,元富-新店,2024-09-25,5922
6834,天二科技,150,0,150,元富-新店,2024-09-25,5922
3021,鴻名,133,30,103,元富-新店,2024-09-25,5922
00632R,元大台灣50反1,131,39,92,元富-新店,2024-09-25,5922
00700,富邦�琤肭磪�,91,0,91,元富-新店,2024-09-25,5922
00687B,國泰20年美債,85,0,85,元富-新店,2024-09-25,5922
00665L,富邦�琤肭磪囓�2,198,116,82,元富-新店,2024-09-25,5922
00882,中信中國高股息,93,28,65,元富-新店,2024-09-25,5922
3231,緯創,71,18,53,元富-新店,2024-09-25,5922
00878,國泰永續高股息,75,25,50,元富-新店,2024-09-25,5922
3702,大聯大,42,0,42,元富-新店,2024-09-25,5922
00857B,永豐20年美公債,39,0,39,元富-新店,2024-09-25,5922
3062,建漢,42,3,39,元富-新店,2024-09-25,5922
00937B,群益ESG投等債20,78,40,38,元富-新店,2024-09-25,5922
1711,永光,73,37,36,元富-新店,2024-09-25,5922
00679B,元大美債20年,63,30,33,元富-新店,2024-09-25,5922
00945B,凱基美國非投等債,30,0,30,元富-新店,2024-09-25,5922
3045,台灣大,39,10,29,元富-新店,2024-09-25,5922
8111,立��,43,15,28,元富-新店,2024-09-25,5922
2399,映泰,29,4,25,元富-新店,2024-09-25,5922
00751B,元大AAA至A公司債,23,0,23,元富-新店,2024-09-25,5922
2883,凱基金,41,20,21,元富-新店,2024-09-25,5922
00951,台新日本半導體,20,0,20,元富-新店,2024-09-25,5922
2324,仁寶,21,1,20,元富-新店,2024-09-25,5922
00887,永豐中國科技50大,20,0,20,元富-新店,2024-09-25,5922
00669R,國泰美國道瓊反1,20,0,20,元富-新店,2024-09-25,5922
2609,陽明,74,54,20,元富-新店,2024-09-25,5922
6869,雲豹能源,25,7,18,元富-新店,2024-09-25,5922
00675L,富邦臺灣加權正2,17,0,17,元富-新店,2024-09-25,5922
6284,佳邦,15,0,15,元富-新店,2024-09-25,5922
3294,英濟,15,0,15,元富-新店,2024-09-25,5922
2312,金寶,15,1,14,元富-新店,2024-09-25,5922
3306,鼎天,12,0,12,元富-新店,2024-09-25,5922
3037,欣興,15,3,12,元富-新店,2024-09-25,5922
00957B,兆豐US優選投等債,11,0,11,元富-新店,2024-09-25,5922
1582,信錦,14,4,10,元富-新店,2024-09-25,5922
2543,皇昌,20,10,10,元富-新店,2024-09-25,5922
1309,台達化,10,0,10,元富-新店,2024-09-25,5922
3060,銘異,10,0,10,元富-新店,2024-09-25,5922
2611,志信,11,1,10,元富-新店,2024-09-25,5922
8011,台通,10,0,10,元富-新店,2024-09-25,5922
2349,錸德,11,1,10,元富-新店,2024-09-25,5922
8070,長華*,18,8,10,元富-新店,2024-09-25,5922
6218,豪勉,10,0,10,元富-新店,2024-09-25,5922
3354,律勝,10,0,10,元富-新店,2024-09-25,5922
2464,盟立,21,11,10,元富-新店,2024-09-25,5922
00881,國泰台灣5G+,23,14,9,元富-新店,2024-09-25,5922
8249,菱光,11,2,9,元富-新店,2024-09-25,5922
4760,勤凱,10,1,9,元富-新店,2024-09-25,5922
2888,新光金,27,18,9,元富-新店,2024-09-25,5922
00948B,中信優息投資級債,715,0,715,元富-新店,2024-09-26,5922
2845,遠東銀,499,0,499,元富-新店,2024-09-26,5922
00960,野村全球航運龍頭,339,74,265,元富-新店,2024-09-26,5922
2891,中信金,210,13,197,元富-新店,2024-09-26,5922
00942B,台新美A公司債20+,160,0,160,元富-新店,2024-09-26,5922
6834,天二科技,131,1,130,元富-新店,2024-09-26,5922
2520,冠德,130,0,130,元富-新店,2024-09-26,5922
00687B,國泰20年美債,137,9,128,元富-新店,2024-09-26,5922
00679B,元大美債20年,123,12,111,元富-新店,2024-09-26,5922
00700,富邦�琤肭磪�,80,0,80,元富-新店,2024-09-26,5922
00637L,元大滬深300正2,104,40,64,元富-新店,2024-09-26,5922
1717,長興,91,31,60,元富-新店,2024-09-26,5922
3033,威健,59,8,51,元富-新店,2024-09-26,5922
00632R,元大台灣50反1,46,0,46,元富-新店,2024-09-26,5922
00878,國泰永續高股息,56,12,44,元富-新店,2024-09-26,5922
2498,宏達電,48,4,44,元富-新店,2024-09-26,5922
3019,亞光,55,14,41,元富-新店,2024-09-26,5922
2542,興富發,37,1,36,元富-新店,2024-09-26,5922
00712,復華富時不動產,28,0,28,元富-新店,2024-09-26,5922
00857B,永豐20年美公債,27,0,27,元富-新店,2024-09-26,5922
3060,銘異,180,157,23,元富-新店,2024-09-26,5922
00795B,中信美國公債20年,31,10,21,元富-新店,2024-09-26,5922
1708,東鹼,20,0,20,元富-新店,2024-09-26,5922
2312,金寶,29,9,20,元富-新店,2024-09-26,5922
2353,宏��,26,6,20,元富-新店,2024-09-26,5922
00680L,元大美債20正2,20,0,20,元富-新店,2024-09-26,5922
4726,永昕,20,0,20,元富-新店,2024-09-26,5922
6505,台塑化,20,0,20,元富-新店,2024-09-26,5922
4562,穎漢,47,28,19,元富-新店,2024-09-26,5922
1540,喬福,23,5,18,元富-新店,2024-09-26,5922
00957B,兆豐US優選投等債,18,0,18,元富-新店,2024-09-26,5922
00751B,元大AAA至A公司債,19,2,17,元富-新店,2024-09-26,5922
3673,TPK-KY,17,0,17,元富-新店,2024-09-26,5922
1721,三晃,16,0,16,元富-新店,2024-09-26,5922
5353,台林,16,0,16,元富-新店,2024-09-26,5922
8429,金麗-KY,16,0,16,元富-新店,2024-09-26,5922
00650L,復華香港正2,31,17,14,元富-新店,2024-09-26,5922
2317,鴻海,23,9,14,元富-新店,2024-09-26,5922
2464,盟立,15,2,13,元富-新店,2024-09-26,5922
3017,奇鋐,57,45,12,元富-新店,2024-09-26,5922
3062,建漢,14,2,12,元富-新店,2024-09-26,5922
1808,潤隆,11,0,11,元富-新店,2024-09-26,5922
3702,大聯大,11,0,11,元富-新店,2024-09-26,5922
00720B,元大投資級公司債,10,0,10,元富-新店,2024-09-26,5922
1904,正隆,10,0,10,元富-新店,2024-09-26,5922
3049,精金,10,0,10,元富-新店,2024-09-26,5922
2208,台船,10,0,10,元富-新店,2024-09-26,5922
3209,全科,11,1,10,元富-新店,2024-09-26,5922
8039,台虹,11,1,10,元富-新店,2024-09-26,5922
1815,富喬,10,0,10,元富-新店,2024-09-26,5922
00960,野村全球航運龍頭,910,7,903,元富-新店,2024-09-27,5922
00937B,群益ESG投等債20,474,0,474,元富-新店,2024-09-27,5922
00725B,國泰投資級公司債,155,0,155,元富-新店,2024-09-27,5922
00929,復華台灣科技優息,165,10,155,元富-新店,2024-09-27,5922
00679B,元大美債20年,116,0,116,元富-新店,2024-09-27,5922
00687B,國泰20年美債,121,10,111,元富-新店,2024-09-27,5922
00948B,中信優息投資級債,101,0,101,元富-新店,2024-09-27,5922
00740B,富邦全球投等債,56,0,56,元富-新店,2024-09-27,5922
8277,商丞,55,1,54,元富-新店,2024-09-27,5922
00753L,中信中國50正2,99,45,54,元富-新店,2024-09-27,5922
00715L,期街口布蘭特正2,51,10,41,元富-新店,2024-09-27,5922
00706L,期元大S＆P日圓正2,27,0,27,元富-新店,2024-09-27,5922
00795B,中信美國公債20年,27,0,27,元富-新店,2024-09-27,5922
2025,千興,26,0,26,元富-新店,2024-09-27,5922
2609,陽明,62,40,22,元富-新店,2024-09-27,5922
00945B,凱基美國非投等債,20,0,20,元富-新店,2024-09-27,5922
3060,銘異,20,0,20,元富-新店,2024-09-27,5922
3605,宏致,21,1,20,元富-新店,2024-09-27,5922
00882,中信中國高股息,116,97,19,元富-新店,2024-09-27,5922
1524,耿鼎,18,0,18,元富-新店,2024-09-27,5922
2388,威盛,31,14,17,元富-新店,2024-09-27,5922
00878,國泰永續高股息,29,13,16,元富-新店,2024-09-27,5922
2009,第一銅,19,3,16,元富-新店,2024-09-27,5922
2330,台積電,25,9,16,元富-新店,2024-09-27,5922
2891,中信金,26,11,15,元富-新店,2024-09-27,5922
3588,通嘉,15,0,15,元富-新店,2024-09-27,5922
4726,永昕,15,0,15,元富-新店,2024-09-27,5922
5608,四維航,15,0,15,元富-新店,2024-09-27,5922
6220,岳豐,14,0,14,元富-新店,2024-09-27,5922
00688L,國泰20年美債正2,14,0,14,元富-新店,2024-09-27,5922
00712,復華富時不動產,13,0,13,元富-新店,2024-09-27,5922
2399,映泰,14,1,13,元富-新店,2024-09-27,5922
00857B,永豐20年美公債,12,0,12,元富-新店,2024-09-27,5922
2610,華航,15,3,12,元富-新店,2024-09-27,5922
6274,台燿,14,2,12,元富-新店,2024-09-27,5922
3450,聯鈞,24,13,11,元富-新店,2024-09-27,5922
2332,友訊,18,7,11,元富-新店,2024-09-27,5922
3033,威健,45,34,11,元富-新店,2024-09-27,5922
3019,亞光,24,14,10,元富-新店,2024-09-27,5922
6226,光鼎,10,0,10,元富-新店,2024-09-27,5922
1612,宏泰,10,0,10,元富-新店,2024-09-27,5922
6288,聯嘉,10,0,10,元富-新店,2024-09-27,5922
3491,昇達科,10,0,10,元富-新店,2024-09-27,5922
5907,大洋-KY,10,0,10,元富-新店,2024-09-27,5922
4903,聯光通,29,19,10,元富-新店,2024-09-27,5922
3058,立德,10,0,10,元富-新店,2024-09-27,5922
8240,華宏,10,0,10,元富-新店,2024-09-27,5922
00940,元大台灣價值高息,48,39,9,元富-新店,2024-09-27,5922
3260,威剛,12,3,9,元富-新店,2024-09-27,5922
2467,志聖,9,0,9,元富-新店,2024-09-27,5922
020033,統一�琤肮黕篾,763,22,741,元富-新店,2024-09-30,5922
00650L,復華香港正2,501,9,492,元富-新店,2024-09-30,5922
00753L,中信中國50正2,314,87,227,元富-新店,2024-09-30,5922
00700,富邦�琤肭磪�,215,2,213,元富-新店,2024-09-30,5922
00752,中信中國50,209,6,203,元富-新店,2024-09-30,5922
00642U,期元大S＆P石油,201,0,201,元富-新店,2024-09-30,5922
00680L,元大美債20正2,166,1,165,元富-新店,2024-09-30,5922
00687B,國泰20年美債,158,3,155,元富-新店,2024-09-30,5922
00929,復華台灣科技優息,145,47,98,元富-新店,2024-09-30,5922
00919,群益台灣精選高息,104,7,97,元富-新店,2024-09-30,5922
00665L,富邦�琤肭磪囓�2,103,18,85,元富-新店,2024-09-30,5922
2615,萬海,91,14,77,元富-新店,2024-09-30,5922
00937B,群益ESG投等債20,80,18,62,元富-新店,2024-09-30,5922
0056,元大高股息,59,0,59,元富-新店,2024-09-30,5922
00948B,中信優息投資級債,53,0,53,元富-新店,2024-09-30,5922
00679B,元大美債20年,47,8,39,元富-新店,2024-09-30,5922
2609,陽明,69,34,35,元富-新店,2024-09-30,5922
2641,正德,43,9,34,元富-新店,2024-09-30,5922
2313,華通,34,1,33,元富-新店,2024-09-30,5922
6609,瀧澤科,52,20,32,元富-新店,2024-09-30,5922
2208,台船,30,0,30,元富-新店,2024-09-30,5922
00795B,中信美國公債20年,30,0,30,元富-新店,2024-09-30,5922
00878,國泰永續高股息,29,0,29,元富-新店,2024-09-30,5922
00960,野村全球航運龍頭,31,3,28,元富-新店,2024-09-30,5922
4168,醣聯,27,0,27,元富-新店,2024-09-30,5922
2349,錸德,35,10,25,元富-新店,2024-09-30,5922
00946,群益科技高息成長,35,10,25,元富-新店,2024-09-30,5922
2371,大同,30,7,23,元富-新店,2024-09-30,5922
00957B,兆豐US優選投等債,21,0,21,元富-新店,2024-09-30,5922
00942B,台新美A公司債20+,20,0,20,元富-新店,2024-09-30,5922
2303,聯電,26,6,20,元富-新店,2024-09-30,5922
2032,新鋼,20,0,20,元富-新店,2024-09-30,5922
6282,康舒,20,0,20,元富-新店,2024-09-30,5922
00923,群益台ESG低碳50,19,0,19,元富-新店,2024-09-30,5922
00945B,凱基美國非投等債,19,0,19,元富-新店,2024-09-30,5922
2464,盟立,19,0,19,元富-新店,2024-09-30,5922
00881,國泰台灣5G+,21,2,19,元富-新店,2024-09-30,5922
2317,鴻海,29,13,16,元富-新店,2024-09-30,5922
6492,生華科,16,0,16,元富-新店,2024-09-30,5922
2511,太子,15,0,15,元富-新店,2024-09-30,5922
3041,揚智,15,0,15,元富-新店,2024-09-30,5922
3045,台灣大,16,1,15,元富-新店,2024-09-30,5922
2881,富邦金,15,0,15,元富-新店,2024-09-30,5922
3260,威剛,16,2,14,元富-新店,2024-09-30,5922
1708,東鹼,14,0,14,元富-新店,2024-09-30,5922
4174,浩鼎,14,0,14,元富-新店,2024-09-30,5922
2353,宏��,14,1,13,元富-新店,2024-09-30,5922
6188,廣明,21,8,13,元富-新店,2024-09-30,5922
2103,台橡,13,0,13,元富-新店,2024-09-30,5922
1605,華新,13,1,12,元富-新店,2024-09-30,5922
2409,友達,156,0,156,元富-新店,2024-10-01,5922
2312,金寶,151,1,150,元富-新店,2024-10-01,5922
00948B,中信優息投資級債,103,0,103,元富-新店,2024-10-01,5922
00960,野村全球航運龍頭,117,20,97,元富-新店,2024-10-01,5922
00929,復華台灣科技優息,90,0,90,元富-新店,2024-10-01,5922
1337,再生-KY,82,12,70,元富-新店,2024-10-01,5922
0056,元大高股息,65,0,65,元富-新店,2024-10-01,5922
1711,永光,71,16,55,元富-新店,2024-10-01,5922
00919,群益台灣精選高息,53,0,53,元富-新店,2024-10-01,5922
4919,新唐,46,0,46,元富-新店,2024-10-01,5922
2489,瑞軒,31,1,30,元富-新店,2024-10-01,5922
00878,國泰永續高股息,28,2,26,元富-新店,2024-10-01,5922
6505,台塑化,24,0,24,元富-新店,2024-10-01,5922
00637L,元大滬深300正2,44,22,22,元富-新店,2024-10-01,5922
2317,鴻海,34,12,22,元富-新店,2024-10-01,5922
1326,台化,22,0,22,元富-新店,2024-10-01,5922
00706L,期元大S＆P日圓正2,20,0,20,元富-新店,2024-10-01,5922
00680L,元大美債20正2,20,0,20,元富-新店,2024-10-01,5922
2371,大同,21,1,20,元富-新店,2024-10-01,5922
6226,光鼎,20,0,20,元富-新店,2024-10-01,5922
2511,太子,19,0,19,元富-新店,2024-10-01,5922
2208,台船,20,1,19,元富-新店,2024-10-01,5922
00740B,富邦全球投等債,18,0,18,元富-新店,2024-10-01,5922
2543,皇昌,41,23,18,元富-新店,2024-10-01,5922
1809,中釉,23,6,17,元富-新店,2024-10-01,5922
00923,群益台ESG低碳50,16,0,16,元富-新店,2024-10-01,5922
2520,冠德,16,0,16,元富-新店,2024-10-01,5922
2464,盟立,26,10,16,元富-新店,2024-10-01,5922
3013,晟銘電,17,2,15,元富-新店,2024-10-01,5922
5340,建榮,15,0,15,元富-新店,2024-10-01,5922
3710,連展投控,20,5,15,元富-新店,2024-10-01,5922
2882,國泰金,29,15,14,元富-新店,2024-10-01,5922
00957B,兆豐US優選投等債,14,0,14,元富-新店,2024-10-01,5922
3037,欣興,13,0,13,元富-新店,2024-10-01,5922
3105,穩懋,17,4,13,元富-新店,2024-10-01,5922
00885,富邦越南,15,2,13,元富-新店,2024-10-01,5922
00881,國泰台灣5G+,12,0,12,元富-新店,2024-10-01,5922
2344,華邦電,12,0,12,元富-新店,2024-10-01,5922
6821,聯寶,12,0,12,元富-新店,2024-10-01,5922
8150,南茂,12,0,12,元富-新店,2024-10-01,5922
2615,萬海,35,23,12,元富-新店,2024-10-01,5922
2883,凱基金,12,1,11,元富-新店,2024-10-01,5922
6257,矽格,13,2,11,元富-新店,2024-10-01,5922
4979,華星光,37,26,11,元富-新店,2024-10-01,5922
3622,洋華,13,2,11,元富-新店,2024-10-01,5922
2337,旺宏,11,0,11,元富-新店,2024-10-01,5922
2258,鴻華先進-創,10,0,10,元富-新店,2024-10-01,5922
3209,全科,10,0,10,元富-新店,2024-10-01,5922
2369,菱生,10,0,10,元富-新店,2024-10-01,5922
2347,聯強,10,0,10,元富-新店,2024-10-01,5922
00665L,富邦�琤肭磪囓�2,590,19,571,元富-新店,2024-10-04,5922
00960,野村全球航運龍頭,451,169,282,元富-新店,2024-10-04,5922
00752,中信中國50,253,9,244,元富-新店,2024-10-04,5922
00882,中信中國高股息,368,213,155,元富-新店,2024-10-04,5922
00680L,元大美債20正2,136,0,136,元富-新店,2024-10-04,5922
00725B,國泰投資級公司債,133,8,125,元富-新店,2024-10-04,5922
3036,文曄,102,1,101,元富-新店,2024-10-04,5922
00639,富邦深100,83,0,83,元富-新店,2024-10-04,5922
00753L,中信中國50正2,116,46,70,元富-新店,2024-10-04,5922
2609,陽明,117,54,63,元富-新店,2024-10-04,5922
3033,威健,62,1,61,元富-新店,2024-10-04,5922
2618,長榮航,68,10,58,元富-新店,2024-10-04,5922
0056,元大高股息,55,0,55,元富-新店,2024-10-04,5922
00948B,中信優息投資級債,70,20,50,元富-新店,2024-10-04,5922
9907,統一實,86,38,48,元富-新店,2024-10-04,5922
00878,國泰永續高股息,47,0,47,元富-新店,2024-10-04,5922
00712,復華富時不動產,47,0,47,元富-新店,2024-10-04,5922
1711,永光,60,13,47,元富-新店,2024-10-04,5922
00637L,元大滬深300正2,197,151,46,元富-新店,2024-10-04,5922
2303,聯電,43,5,38,元富-新店,2024-10-04,5922
00643,群益深証中小,45,10,35,元富-新店,2024-10-04,5922
00929,復華台灣科技優息,79,48,31,元富-新店,2024-10-04,5922
00687B,國泰20年美債,39,9,30,元富-新店,2024-10-04,5922
2603,長榮,36,6,30,元富-新店,2024-10-04,5922
8032,光菱,27,1,26,元富-新店,2024-10-04,5922
00673R,期元大S＆P原油反1,25,0,25,元富-新店,2024-10-04,5922
2208,台船,26,3,23,元富-新店,2024-10-04,5922
2615,萬海,35,13,22,元富-新店,2024-10-04,5922
2014,中鴻,23,1,22,元富-新店,2024-10-04,5922
00887,永豐中國科技50大,25,4,21,元富-新店,2024-10-04,5922
2032,新鋼,20,0,20,元富-新店,2024-10-04,5922
6609,瀧澤科,22,2,20,元富-新店,2024-10-04,5922
4532,瑞智,23,4,19,元富-新店,2024-10-04,5922
2353,宏��,18,0,18,元富-新店,2024-10-04,5922
00720B,元大投資級公司債,18,0,18,元富-新店,2024-10-04,5922
2367,燿華,15,0,15,元富-新店,2024-10-04,5922
1337,再生-KY,25,10,15,元富-新店,2024-10-04,5922
3045,台灣大,17,3,14,元富-新店,2024-10-04,5922
00918,大華優利高填息30,13,0,13,元富-新店,2024-10-04,5922
2313,華通,15,2,13,元富-新店,2024-10-04,5922
6274,台燿,25,12,13,元富-新店,2024-10-04,5922
2464,盟立,12,0,12,元富-新店,2024-10-04,5922
9933,中鼎,12,0,12,元富-新店,2024-10-04,5922
00905,FT臺灣Smart,12,0,12,元富-新店,2024-10-04,5922
4979,華星光,84,72,12,元富-新店,2024-10-04,5922
3013,晟銘電,21,10,11,元富-新店,2024-10-04,5922
2610,華航,22,11,11,元富-新店,2024-10-04,5922
2543,皇昌,64,53,11,元富-新店,2024-10-04,5922
00952,凱基台灣AI50,11,0,11,元富-新店,2024-10-04,5922
3062,建漢,18,7,11,元富-新店,2024-10-04,5922
3481,群創,526,5,521,元富-新店,2024-10-07,5922
00665L,富邦�琤肭磪囓�2,530,155,375,元富-新店,2024-10-07,5922
00680L,元大美債20正2,241,20,221,元富-新店,2024-10-07,5922
00933B,國泰10Y+金融債,205,0,205,元富-新店,2024-10-07,5922
00632R,元大台灣50反1,185,5,180,元富-新店,2024-10-07,5922
00753L,中信中國50正2,138,23,115,元富-新店,2024-10-07,5922
00752,中信中國50,113,3,110,元富-新店,2024-10-07,5922
2601,益航,86,10,76,元富-新店,2024-10-07,5922
00639,富邦深100,71,0,71,元富-新店,2024-10-07,5922
2354,鴻準,56,0,56,元富-新店,2024-10-07,5922
00919,群益台灣精選高息,58,17,41,元富-新店,2024-10-07,5922
00931B,統一美債20年,39,0,39,元富-新店,2024-10-07,5922
00929,復華台灣科技優息,44,8,36,元富-新店,2024-10-07,5922
00887,永豐中國科技50大,70,34,36,元富-新店,2024-10-07,5922
3591,艾笛森,86,51,35,元富-新店,2024-10-07,5922
00960,野村全球航運龍頭,34,0,34,元富-新店,2024-10-07,5922
2228,劍麟,31,0,31,元富-新店,2024-10-07,5922
2353,宏��,30,1,29,元富-新店,2024-10-07,5922
00637L,元大滬深300正2,102,74,28,元富-新店,2024-10-07,5922
1702,南僑,28,1,27,元富-新店,2024-10-07,5922
0056,元大高股息,34,8,26,元富-新店,2024-10-07,5922
5907,大洋-KY,22,1,21,元富-新店,2024-10-07,5922
00922,國泰台灣領袖50,21,0,21,元富-新店,2024-10-07,5922
2609,陽明,26,6,20,元富-新店,2024-10-07,5922
6120,達運,20,0,20,元富-新店,2024-10-07,5922
2851,中再保,20,0,20,元富-新店,2024-10-07,5922
8429,金麗-KY,20,0,20,元富-新店,2024-10-07,5922
00706L,期元大S＆P日圓正2,19,0,19,元富-新店,2024-10-07,5922
8111,立��,32,13,19,元富-新店,2024-10-07,5922
9907,統一實,20,1,19,元富-新店,2024-10-07,5922
2070,精湛,16,0,16,元富-新店,2024-10-07,5922
2316,楠梓電,23,7,16,元富-新店,2024-10-07,5922
3615,安可,16,1,15,元富-新店,2024-10-07,5922
00636,國泰中國A50,17,3,14,元富-新店,2024-10-07,5922
8374,羅昇,15,1,14,元富-新店,2024-10-07,5922
1340,勝悅-KY,30,16,14,元富-新店,2024-10-07,5922
00857B,永豐20年美公債,13,0,13,元富-新店,2024-10-07,5922
00712,復華富時不動產,12,0,12,元富-新店,2024-10-07,5922
00939,統一台灣高息動能,16,4,12,元富-新店,2024-10-07,5922
1409,新纖,13,2,11,元富-新店,2024-10-07,5922
5302,太欣,11,0,11,元富-新店,2024-10-07,5922
00650L,復華香港正2,14,3,11,元富-新店,2024-10-07,5922
6189,豐藝,12,1,11,元富-新店,2024-10-07,5922
1101,台泥,10,0,10,元富-新店,2024-10-07,5922
2014,中鴻,11,1,10,元富-新店,2024-10-07,5922
1806,冠軍,10,0,10,元富-新店,2024-10-07,5922
3033,威健,10,0,10,元富-新店,2024-10-07,5922
8404,百和興業-KY,21,11,10,元富-新店,2024-10-07,5922
6134,萬旭,10,0,10,元富-新店,2024-10-07,5922
2402,毅嘉,18,9,9,元富-新店,2024-10-07,5922
00937B,群益ESG投等債20,291,6,285,元富-新店,2024-10-08,5922
00680L,元大美債20正2,238,16,222,元富-新店,2024-10-08,5922
00933B,國泰10Y+金融債,203,8,195,元富-新店,2024-10-08,5922
2511,太子,110,0,110,元富-新店,2024-10-08,5922
2890,永豐金,100,0,100,元富-新店,2024-10-08,5922
2886,兆豐金,100,1,99,元富-新店,2024-10-08,5922
00948B,中信優息投資級債,91,0,91,元富-新店,2024-10-08,5922
3033,威健,86,1,85,元富-新店,2024-10-08,5922
00922,國泰台灣領袖50,96,20,76,元富-新店,2024-10-08,5922
00919,群益台灣精選高息,76,4,72,元富-新店,2024-10-08,5922
0056,元大高股息,65,1,64,元富-新店,2024-10-08,5922
00929,復華台灣科技優息,66,8,58,元富-新店,2024-10-08,5922
00942B,台新美A公司債20+,52,0,52,元富-新店,2024-10-08,5922
2344,華邦電,50,0,50,元富-新店,2024-10-08,5922
00687B,國泰20年美債,50,2,48,元富-新店,2024-10-08,5922
00665L,富邦�琤肭磪囓�2,507,460,47,元富-新店,2024-10-08,5922
00887,永豐中國科技50大,89,43,46,元富-新店,2024-10-08,5922
00878,國泰永續高股息,45,1,44,元富-新店,2024-10-08,5922
2883,凱基金,41,0,41,元富-新店,2024-10-08,5922
3481,群創,38,0,38,元富-新店,2024-10-08,5922
00632R,元大台灣50反1,38,3,35,元富-新店,2024-10-08,5922
2353,宏��,34,0,34,元富-新店,2024-10-08,5922
3591,艾笛森,44,10,34,元富-新店,2024-10-08,5922
3265,台星科,32,0,32,元富-新店,2024-10-08,5922
3231,緯創,50,19,31,元富-新店,2024-10-08,5922
00877,復華中國5G,30,0,30,元富-新店,2024-10-08,5922
00637L,元大滬深300正2,332,303,29,元富-新店,2024-10-08,5922
3049,精金,28,1,27,元富-新店,2024-10-08,5922
2609,陽明,31,5,26,元富-新店,2024-10-08,5922
1444,力麗,25,0,25,元富-新店,2024-10-08,5922
6189,豐藝,23,0,23,元富-新店,2024-10-08,5922
00712,復華富時不動產,22,0,22,元富-新店,2024-10-08,5922
3706,神達,21,0,21,元富-新店,2024-10-08,5922
00650L,復華香港正2,21,1,20,元富-新店,2024-10-08,5922
2851,中再保,20,0,20,元富-新店,2024-10-08,5922
5443,均豪,34,16,18,元富-新店,2024-10-08,5922
5469,瀚宇博,18,0,18,元富-新店,2024-10-08,5922
2498,宏達電,19,2,17,元富-新店,2024-10-08,5922
2615,萬海,25,8,17,元富-新店,2024-10-08,5922
00795B,中信美國公債20年,17,0,17,元富-新店,2024-10-08,5922
3149,正達,28,12,16,元富-新店,2024-10-08,5922
3036,文曄,19,3,16,元富-新店,2024-10-08,5922
2337,旺宏,15,0,15,元富-新店,2024-10-08,5922
1522,堤維西,16,1,15,元富-新店,2024-10-08,5922
00636,國泰中國A50,15,0,15,元富-新店,2024-10-08,5922
5521,工信,14,0,14,元富-新店,2024-10-08,5922
2393,億光,21,8,13,元富-新店,2024-10-08,5922
2371,大同,13,0,13,元富-新店,2024-10-08,5922
1316,上曜,15,3,12,元富-新店,2024-10-08,5922
3062,建漢,14,2,12,元富-新店,2024-10-08,5922
00882,中信中國高股息,947,191,756,元富-新店,2024-10-09,5922
00948B,中信優息投資級債,129,5,124,元富-新店,2024-10-09,5922
00637L,元大滬深300正2,223,110,113,元富-新店,2024-10-09,5922
3036,文曄,104,2,102,元富-新店,2024-10-09,5922
00706L,期元大S＆P日圓正2,110,18,92,元富-新店,2024-10-09,5922
00937B,群益ESG投等債20,223,140,83,元富-新店,2024-10-09,5922
2881,富邦金,76,0,76,元富-新店,2024-10-09,5922
00633L,富邦上証正2,75,0,75,元富-新店,2024-10-09,5922
6505,台塑化,61,0,61,元富-新店,2024-10-09,5922
0056,元大高股息,63,5,58,元富-新店,2024-10-09,5922
00687B,國泰20年美債,69,12,57,元富-新店,2024-10-09,5922
00679B,元大美債20年,56,0,56,元富-新店,2024-10-09,5922
6425,易發,52,1,51,元富-新店,2024-10-09,5922
2883,凱基金,60,10,50,元富-新店,2024-10-09,5922
00632R,元大台灣50反1,45,3,42,元富-新店,2024-10-09,5922
00752,中信中國50,39,0,39,元富-新店,2024-10-09,5922
2399,映泰,70,37,33,元富-新店,2024-10-09,5922
00725B,國泰投資級公司債,33,2,31,元富-新店,2024-10-09,5922
2376,技嘉,30,0,30,元富-新店,2024-10-09,5922
2897,王道銀行,30,0,30,元富-新店,2024-10-09,5922
2601,益航,63,35,28,元富-新店,2024-10-09,5922
6189,豐藝,25,0,25,元富-新店,2024-10-09,5922
2511,太子,24,0,24,元富-新店,2024-10-09,5922
1806,冠軍,23,0,23,元富-新店,2024-10-09,5922
1316,上曜,21,0,21,元富-新店,2024-10-09,5922
00639,富邦深100,21,0,21,元富-新店,2024-10-09,5922
2002,中鋼,27,7,20,元富-新店,2024-10-09,5922
6188,廣明,22,3,19,元富-新店,2024-10-09,5922
00942B,台新美A公司債20+,19,0,19,元富-新店,2024-10-09,5922
00877,復華中國5G,20,2,18,元富-新店,2024-10-09,5922
3706,神達,27,9,18,元富-新店,2024-10-09,5922
00650L,復華香港正2,33,16,17,元富-新店,2024-10-09,5922
2317,鴻海,55,38,17,元富-新店,2024-10-09,5922
2882,國泰金,20,4,16,元富-新店,2024-10-09,5922
8028,昇陽半導體,22,7,15,元富-新店,2024-10-09,5922
00636,國泰中國A50,15,1,14,元富-新店,2024-10-09,5922
2637,慧洋-KY,20,6,14,元富-新店,2024-10-09,5922
3234,光環,14,0,14,元富-新店,2024-10-09,5922
00878,國泰永續高股息,14,0,14,元富-新店,2024-10-09,5922
00830,國泰費城半導體,13,0,13,元富-新店,2024-10-09,5922
3455,由田,33,20,13,元富-新店,2024-10-09,5922
5876,上海商銀,12,0,12,元富-新店,2024-10-09,5922
2344,華邦電,22,10,12,元富-新店,2024-10-09,5922
2408,南亞科,12,0,12,元富-新店,2024-10-09,5922
2363,矽統,76,65,11,元富-新店,2024-10-09,5922
3213,茂訊,11,0,11,元富-新店,2024-10-09,5922
00933B,國泰10Y+金融債,11,0,11,元富-新店,2024-10-09,5922
2337,旺宏,12,1,11,元富-新店,2024-10-09,5922
00643,群益深証中小,14,4,10,元富-新店,2024-10-09,5922
3062,建漢,15,5,10,元富-新店,2024-10-09,5922
3033,威健,205,1,204,元富-新店,2024-10-11,5922
00882,中信中國高股息,204,18,186,元富-新店,2024-10-11,5922
00637L,元大滬深300正2,176,28,148,元富-新店,2024-10-11,5922
2436,偉詮電,118,0,118,元富-新店,2024-10-11,5922
00636,國泰中國A50,115,5,110,元富-新店,2024-10-11,5922
00679B,元大美債20年,112,6,106,元富-新店,2024-10-11,5922
00687B,國泰20年美債,80,5,75,元富-新店,2024-10-11,5922
00639,富邦深100,76,1,75,元富-新店,2024-10-11,5922
00877,復華中國5G,66,2,64,元富-新店,2024-10-11,5922
2888,新光金,59,3,56,元富-新店,2024-10-11,5922
2890,永豐金,50,0,50,元富-新店,2024-10-11,5922
00715L,期街口布蘭特正2,51,2,49,元富-新店,2024-10-11,5922
2371,大同,40,0,40,元富-新店,2024-10-11,5922
2344,華邦電,39,0,39,元富-新店,2024-10-11,5922
00937B,群益ESG投等債20,45,10,35,元富-新店,2024-10-11,5922
00680L,元大美債20正2,33,2,31,元富-新店,2024-10-11,5922
1721,三晃,30,0,30,元富-新店,2024-10-11,5922
2449,京元電子,71,43,28,元富-新店,2024-10-11,5922
2601,益航,29,1,28,元富-新店,2024-10-11,5922
1605,華新,24,0,24,元富-新店,2024-10-11,5922
2637,慧洋-KY,21,0,21,元富-新店,2024-10-11,5922
1708,東鹼,20,0,20,元富-新店,2024-10-11,5922
6609,瀧澤科,20,0,20,元富-新店,2024-10-11,5922
00887,永豐中國科技50大,19,1,18,元富-新店,2024-10-11,5922
00857B,永豐20年美公債,18,0,18,元富-新店,2024-10-11,5922
00905,FT臺灣Smart,17,0,17,元富-新店,2024-10-11,5922
6525,捷敏-KY,19,2,17,元富-新店,2024-10-11,5922
00643,群益深証中小,17,0,17,元富-新店,2024-10-11,5922
8111,立��,37,21,16,元富-新店,2024-10-11,5922
00948B,中信優息投資級債,16,0,16,元富-新店,2024-10-11,5922
5392,能率,15,0,15,元富-新店,2024-10-11,5922
1314,中石化,15,0,15,元富-新店,2024-10-11,5922
2027,大成鋼,13,0,13,元富-新店,2024-10-11,5922
2208,台船,15,2,13,元富-新店,2024-10-11,5922
2388,威盛,30,18,12,元富-新店,2024-10-11,5922
2105,正新,12,0,12,元富-新店,2024-10-11,5922
5484,慧友,11,0,11,元富-新店,2024-10-11,5922
2887,台新金,11,0,11,元富-新店,2024-10-11,5922
2511,太子,11,0,11,元富-新店,2024-10-11,5922
2504,國產,11,0,11,元富-新店,2024-10-11,5922
5302,太欣,15,4,11,元富-新店,2024-10-11,5922
5907,大洋-KY,11,0,11,元富-新店,2024-10-11,5922
00783,富邦中証500,11,0,11,元富-新店,2024-10-11,5922
2495,普安,12,1,11,元富-新店,2024-10-11,5922
2399,映泰,92,81,11,元富-新店,2024-10-11,5922
1815,富喬,11,0,11,元富-新店,2024-10-11,5922
9914,美利達,11,0,11,元富-新店,2024-10-11,5922
1308,亞聚,10,0,10,元富-新店,2024-10-11,5922
4967,十銓,10,0,10,元富-新店,2024-10-11,5922
00927,群益半導體收益,10,0,10,元富-新店,2024-10-11,5922
00680L,元大美債20正2,107,0,107,元富-新店,2024-10-14,5922
00887,永豐中國科技50大,106,2,104,元富-新店,2024-10-14,5922
00922,國泰台灣領袖50,111,10,101,元富-新店,2024-10-14,5922
00665L,富邦�琤肭磪囓�2,101,1,100,元富-新店,2024-10-14,5922
00637L,元大滬深300正2,115,49,66,元富-新店,2024-10-14,5922
00942B,台新美A公司債20+,57,0,57,元富-新店,2024-10-14,5922
00753L,中信中國50正2,59,3,56,元富-新店,2024-10-14,5922
6189,豐藝,48,1,47,元富-新店,2024-10-14,5922
00937B,群益ESG投等債20,91,48,43,元富-新店,2024-10-14,5922
00948B,中信優息投資級債,38,0,38,元富-新店,2024-10-14,5922
00752,中信中國50,36,1,35,元富-新店,2024-10-14,5922
2208,台船,35,0,35,元富-新店,2024-10-14,5922
2312,金寶,55,25,30,元富-新店,2024-10-14,5922
0056,元大高股息,28,1,27,元富-新店,2024-10-14,5922
00687B,國泰20年美債,29,4,25,元富-新店,2024-10-14,5922
00679B,元大美債20年,55,31,24,元富-新店,2024-10-14,5922
1522,堤維西,24,1,23,元富-新店,2024-10-14,5922
6505,台塑化,21,0,21,元富-新店,2024-10-14,5922
00706L,期元大S＆P日圓正2,20,0,20,元富-新店,2024-10-14,5922
1717,長興,20,0,20,元富-新店,2024-10-14,5922
2420,新巨,16,0,16,元富-新店,2024-10-14,5922
00712,復華富時不動產,16,0,16,元富-新店,2024-10-14,5922
00773B,中信優先金融債,36,20,16,元富-新店,2024-10-14,5922
2464,盟立,15,2,13,元富-新店,2024-10-14,5922
2615,萬海,27,14,13,元富-新店,2024-10-14,5922
3149,正達,30,17,13,元富-新店,2024-10-14,5922
2337,旺宏,16,4,12,元富-新店,2024-10-14,5922
4971,IET-KY,13,1,12,元富-新店,2024-10-14,5922
8011,台通,19,7,12,元富-新店,2024-10-14,5922
2887,台新金,14,3,11,元富-新店,2024-10-14,5922
00720B,元大投資級公司債,11,0,11,元富-新店,2024-10-14,5922
2426,鼎元,12,1,11,元富-新店,2024-10-14,5922
00713,元大台灣高息低波,10,0,10,元富-新店,2024-10-14,5922
00757,統一FANG+,10,0,10,元富-新店,2024-10-14,5922
3234,光環,10,0,10,元富-新店,2024-10-14,5922
4909,新復興,12,2,10,元富-新店,2024-10-14,5922
00761B,國泰A級公司債,10,0,10,元富-新店,2024-10-14,5922
2511,太子,10,0,10,元富-新店,2024-10-14,5922
00919,群益台灣精選高息,18,9,9,元富-新店,2024-10-14,5922
6546,正基,8,0,8,元富-新店,2024-10-14,5922
3522,御嵿,8,0,8,元富-新店,2024-10-14,5922
6156,松上,9,1,8,元富-新店,2024-10-14,5922
3663,鑫科,8,0,8,元富-新店,2024-10-14,5922
00905,FT臺灣Smart,7,0,7,元富-新店,2024-10-14,5922
9924,福興,7,0,7,元富-新店,2024-10-14,5922
1616,億泰,7,0,7,元富-新店,2024-10-14,5922
6284,佳邦,7,0,7,元富-新店,2024-10-14,5922
00636,國泰中國A50,7,0,7,元富-新店,2024-10-14,5922
5014,建錩,7,0,7,元富-新店,2024-10-14,5922
1340,勝悅-KY,7,0,7,元富-新店,2024-10-14,5922
00687B,國泰20年美債,121,0,121,元富-新店,2024-10-15,5922
00948B,中信優息投資級債,115,0,115,元富-新店,2024-10-15,5922
00882,中信中國高股息,122,27,95,元富-新店,2024-10-15,5922
00680L,元大美債20正2,135,50,85,元富-新店,2024-10-15,5922
00632R,元大台灣50反1,97,23,74,元富-新店,2024-10-15,5922
00637L,元大滬深300正2,127,61,66,元富-新店,2024-10-15,5922
3591,艾笛森,60,8,52,元富-新店,2024-10-15,5922
2371,大同,46,0,46,元富-新店,2024-10-15,5922
6156,松上,51,7,44,元富-新店,2024-10-15,5922
6530,創威,50,8,42,元富-新店,2024-10-15,5922
00960,野村全球航運龍頭,31,0,31,元富-新店,2024-10-15,5922
00878,國泰永續高股息,34,3,31,元富-新店,2024-10-15,5922
00725B,國泰投資級公司債,30,0,30,元富-新店,2024-10-15,5922
00679B,元大美債20年,26,1,25,元富-新店,2024-10-15,5922
3033,威健,35,10,25,元富-新店,2024-10-15,5922
00676R,富邦臺灣加權反1,25,0,25,元富-新店,2024-10-15,5922
6505,台塑化,23,0,23,元富-新店,2024-10-15,5922
4111,濟生,20,0,20,元富-新店,2024-10-15,5922
1742,台蠟,20,0,20,元富-新店,2024-10-15,5922
2258,鴻華先進-創,17,0,17,元富-新店,2024-10-15,5922
1301,台塑,17,0,17,元富-新店,2024-10-15,5922
00881,國泰台灣5G+,25,9,16,元富-新店,2024-10-15,5922
2543,皇昌,25,10,15,元富-新店,2024-10-15,5922
1721,三晃,14,0,14,元富-新店,2024-10-15,5922
6189,豐藝,14,0,14,元富-新店,2024-10-15,5922
00700,富邦�琤肭磪�,14,0,14,元富-新店,2024-10-15,5922
3017,奇鋐,40,27,13,元富-新店,2024-10-15,5922
2545,皇翔,12,0,12,元富-新店,2024-10-15,5922
2323,中環,11,0,11,元富-新店,2024-10-15,5922
2515,中工,14,3,11,元富-新店,2024-10-15,5922
3360,尚立,11,0,11,元富-新店,2024-10-15,5922
2611,志信,10,0,10,元富-新店,2024-10-15,5922
2610,華航,10,0,10,元富-新店,2024-10-15,5922
2415,錩新,10,0,10,元富-新店,2024-10-15,5922
3285,微端,10,0,10,元富-新店,2024-10-15,5922
3071,協禧,10,0,10,元富-新店,2024-10-15,5922
4807,日成-KY,10,0,10,元富-新店,2024-10-15,5922
00943,兆豐電子高息等權,10,0,10,元富-新店,2024-10-15,5922
00724B,群益投資級金融債,10,0,10,元富-新店,2024-10-15,5922
00912,中信臺灣智慧50,10,0,10,元富-新店,2024-10-15,5922
00877,復華中國5G,10,0,10,元富-新店,2024-10-15,5922
2399,映泰,110,100,10,元富-新店,2024-10-15,5922
1708,東鹼,10,0,10,元富-新店,2024-10-15,5922
2102,泰豐,9,0,9,元富-新店,2024-10-15,5922
3323,加百裕,9,0,9,元富-新店,2024-10-15,5922
2504,國產,10,1,9,元富-新店,2024-10-15,5922
8429,金麗-KY,8,0,8,元富-新店,2024-10-15,5922
2603,長榮,13,4,9,元富-新店,2024-10-15,5922
4977,眾達-KY,47,39,8,元富-新店,2024-10-15,5922
3021,鴻名,30,22,8,元富-新店,2024-10-15,5922
00942B,台新美A公司債20+,315,0,315,元富-新店,2024-10-16,5922
2881,富邦金,192,0,192,元富-新店,2024-10-16,5922
00922,國泰台灣領袖50,238,61,177,元富-新店,2024-10-16,5922
00680L,元大美債20正2,145,1,144,元富-新店,2024-10-16,5922
2882,國泰金,156,17,139,元富-新店,2024-10-16,5922
2883,凱基金,103,1,102,元富-新店,2024-10-16,5922
00740B,富邦全球投等債,96,0,96,元富-新店,2024-10-16,5922
00887,永豐中國科技50大,79,10,69,元富-新店,2024-10-16,5922
00948B,中信優息投資級債,76,10,66,元富-新店,2024-10-16,5922
00687B,國泰20年美債,70,12,58,元富-新店,2024-10-16,5922
0056,元大高股息,58,5,53,元富-新店,2024-10-16,5922
2633,台灣高鐵,40,0,40,元富-新店,2024-10-16,5922
00878,國泰永續高股息,45,6,39,元富-新店,2024-10-16,5922
1721,三晃,50,20,30,元富-新店,2024-10-16,5922
00912,中信臺灣智慧50,129,100,29,元富-新店,2024-10-16,5922
020020,元大台股領航N,29,0,29,元富-新店,2024-10-16,5922
6274,台燿,30,3,27,元富-新店,2024-10-16,5922
3033,威健,33,7,26,元富-新店,2024-10-16,5922
00637L,元大滬深300正2,74,48,26,元富-新店,2024-10-16,5922
6432,今展科,25,0,25,元富-新店,2024-10-16,5922
00919,群益台灣精選高息,30,6,24,元富-新店,2024-10-16,5922
4111,濟生,23,0,23,元富-新店,2024-10-16,5922
00688L,國泰20年美債正2,21,0,21,元富-新店,2024-10-16,5922
1708,東鹼,20,0,20,元富-新店,2024-10-16,5922
6412,群電,19,0,19,元富-新店,2024-10-16,5922
2023,燁輝,18,0,18,元富-新店,2024-10-16,5922
2208,台船,15,0,15,元富-新店,2024-10-16,5922
00830,國泰費城半導體,14,0,14,元富-新店,2024-10-16,5922
3149,正達,38,24,14,元富-新店,2024-10-16,5922
2353,宏��,15,1,14,元富-新店,2024-10-16,5922
2303,聯電,14,0,14,元富-新店,2024-10-16,5922
3189,景碩,13,0,13,元富-新店,2024-10-16,5922
1101,台泥,14,1,13,元富-新店,2024-10-16,5922
00960,野村全球航運龍頭,13,0,13,元富-新店,2024-10-16,5922
2408,南亞科,13,0,13,元富-新店,2024-10-16,5922
3323,加百裕,11,0,11,元富-新店,2024-10-16,5922
2634,漢翔,11,0,11,元富-新店,2024-10-16,5922
8097,常珵,11,0,11,元富-新店,2024-10-16,5922
2892,第一金,10,0,10,元富-新店,2024-10-16,5922
1419,新紡,10,0,10,元富-新店,2024-10-16,5922
1742,台蠟,10,0,10,元富-新店,2024-10-16,5922
00685L,群益臺灣加權正2,10,0,10,元富-新店,2024-10-16,5922
2801,彰銀,10,0,10,元富-新店,2024-10-16,5922
00706L,期元大S＆P日圓正2,10,0,10,元富-新店,2024-10-16,5922
2027,大成鋼,10,0,10,元富-新店,2024-10-16,5922
00655L,國泰中國A50正2,10,0,10,元富-新店,2024-10-16,5922
8105,凌巨,10,0,10,元富-新店,2024-10-16,5922
00713,元大台灣高息低波,9,0,9,元富-新店,2024-10-16,5922
5443,均豪,20,11,9,元富-新店,2024-10-16,5922
00941,中信上游半導體,9,0,9,元富-新店,2024-10-16,5922
9105,泰金寶-DR,112,5,107,元富-新店,2024-10-17,5922
00687B,國泰20年美債,104,0,104,元富-新店,2024-10-17,5922
00725B,國泰投資級公司債,100,0,100,元富-新店,2024-10-17,5922
2886,兆豐金,100,5,95,元富-新店,2024-10-17,5922
1721,三晃,136,46,90,元富-新店,2024-10-17,5922
00637L,元大滬深300正2,129,45,84,元富-新店,2024-10-17,5922
00937B,群益ESG投等債20,72,16,56,元富-新店,2024-10-17,5922
00960,野村全球航運龍頭,51,0,51,元富-新店,2024-10-17,5922
2637,慧洋-KY,50,0,50,元富-新店,2024-10-17,5922
2892,第一金,50,1,49,元富-新店,2024-10-17,5922
6412,群電,47,0,47,元富-新店,2024-10-17,5922
2543,皇昌,47,1,46,元富-新店,2024-10-17,5922
2610,華航,71,26,45,元富-新店,2024-10-17,5922
00680L,元大美債20正2,44,0,44,元富-新店,2024-10-17,5922
2891,中信金,36,0,36,元富-新店,2024-10-17,5922
5202,力新,35,0,35,元富-新店,2024-10-17,5922
3481,群創,53,19,34,元富-新店,2024-10-17,5922
00922,國泰台灣領袖50,67,33,34,元富-新店,2024-10-17,5922
00929,復華台灣科技優息,41,9,32,元富-新店,2024-10-17,5922
00665L,富邦�琤肭磪囓�2,88,60,28,元富-新店,2024-10-17,5922
2330,台積電,31,6,25,元富-新店,2024-10-17,5922
00753L,中信中國50正2,23,1,22,元富-新店,2024-10-17,5922
2303,聯電,20,0,20,元富-新店,2024-10-17,5922
1708,東鹼,20,0,20,元富-新店,2024-10-17,5922
2897,王道銀行,20,0,20,元富-新店,2024-10-17,5922
00887,永豐中國科技50大,61,43,18,元富-新店,2024-10-17,5922
4903,聯光通,21,3,18,元富-新店,2024-10-17,5922
2365,昆盈,23,6,17,元富-新店,2024-10-17,5922
00688L,國泰20年美債正2,19,2,17,元富-新店,2024-10-17,5922
2511,太子,16,0,16,元富-新店,2024-10-17,5922
00655L,國泰中國A50正2,15,0,15,元富-新店,2024-10-17,5922
3380,明泰,14,1,13,元富-新店,2024-10-17,5922
2363,矽統,28,15,13,元富-新店,2024-10-17,5922
0056,元大高股息,40,28,12,元富-新店,2024-10-17,5922
5452,佶優,63,51,12,元富-新店,2024-10-17,5922
00936,台新永續高息中小,12,0,12,元富-新店,2024-10-17,5922
6530,創威,46,34,12,元富-新店,2024-10-17,5922
00679B,元大美債20年,12,1,11,元富-新店,2024-10-17,5922
6257,矽格,12,1,11,元富-新店,2024-10-17,5922
2881,富邦金,11,0,11,元富-新店,2024-10-17,5922
00948B,中信優息投資級債,11,0,11,元富-新店,2024-10-17,5922
6127,九豪,14,3,11,元富-新店,2024-10-17,5922
00633L,富邦上証正2,12,1,11,元富-新店,2024-10-17,5922
2399,映泰,18,8,10,元富-新店,2024-10-17,5922
3354,律勝,10,0,10,元富-新店,2024-10-17,5922
3491,昇達科,10,0,10,元富-新店,2024-10-17,5922
4111,濟生,10,0,10,元富-新店,2024-10-17,5922
5328,華容,10,0,10,元富-新店,2024-10-17,5922
2406,國碩,10,0,10,元富-新店,2024-10-17,5922
2208,台船,10,0,10,元富-新店,2024-10-17,5922
2867,三商壽,104,0,104,元富-新店,2024-10-18,5922
3033,威健,147,43,104,元富-新店,2024-10-18,5922
00753L,中信中國50正2,81,2,79,元富-新店,2024-10-18,5922
00919,群益台灣精選高息,72,1,71,元富-新店,2024-10-18,5922
00937B,群益ESG投等債20,69,1,68,元富-新店,2024-10-18,5922
00948B,中信優息投資級債,65,0,65,元富-新店,2024-10-18,5922
5202,力新,66,1,65,元富-新店,2024-10-18,5922
3710,連展投控,61,0,61,元富-新店,2024-10-18,5922
00887,永豐中國科技50大,73,20,53,元富-新店,2024-10-18,5922
6191,精成科,51,0,51,元富-新店,2024-10-18,5922
00687B,國泰20年美債,46,0,46,元富-新店,2024-10-18,5922
00679B,元大美債20年,49,5,44,元富-新店,2024-10-18,5922
2834,臺企銀,50,9,41,元富-新店,2024-10-18,5922
0056,元大高股息,72,32,40,元富-新店,2024-10-18,5922
6412,群電,36,0,36,元富-新店,2024-10-18,5922
2303,聯電,42,9,33,元富-新店,2024-10-18,5922
00931B,統一美債20年,32,0,32,元富-新店,2024-10-18,5922
6821,聯寶,99,68,31,元富-新店,2024-10-18,5922
2371,大同,29,4,25,元富-新店,2024-10-18,5922
2382,廣達,37,13,24,元富-新店,2024-10-18,5922
8111,立��,34,11,23,元富-新店,2024-10-18,5922
00722B,群益投資級電信債,23,0,23,元富-新店,2024-10-18,5922
00650L,復華香港正2,20,0,20,元富-新店,2024-10-18,5922
00953B,群益優選非投等債,20,0,20,元富-新店,2024-10-18,5922
2313,華通,38,18,20,元富-新店,2024-10-18,5922
00922,國泰台灣領袖50,40,21,19,元富-新店,2024-10-18,5922
00751B,元大AAA至A公司債,18,0,18,元富-新店,2024-10-18,5922
00942B,台新美A公司債20+,16,0,16,元富-新店,2024-10-18,5922
4979,華星光,32,16,16,元富-新店,2024-10-18,5922
2376,技嘉,25,10,15,元富-新店,2024-10-18,5922
3022,威強電,16,1,15,元富-新店,2024-10-18,5922
6770,力積電,18,3,15,元富-新店,2024-10-18,5922
3008,大立光,14,0,14,元富-新店,2024-10-18,5922
3062,建漢,24,10,14,元富-新店,2024-10-18,5922
1540,喬福,55,41,14,元富-新店,2024-10-18,5922
00637L,元大滬深300正2,148,135,13,元富-新店,2024-10-18,5922
00960,野村全球航運龍頭,12,0,12,元富-新店,2024-10-18,5922
6142,友勁,12,0,12,元富-新店,2024-10-18,5922
6156,松上,12,0,12,元富-新店,2024-10-18,5922
2356,英業達,35,23,12,元富-新店,2024-10-18,5922
5347,世界,11,0,11,元富-新店,2024-10-18,5922
2301,光寶科,11,0,11,元富-新店,2024-10-18,5922
00882,中信中國高股息,68,57,11,元富-新店,2024-10-18,5922
1314,中石化,10,0,10,元富-新店,2024-10-18,5922
1513,中興電,10,0,10,元富-新店,2024-10-18,5922
3605,宏致,13,3,10,元富-新店,2024-10-18,5922
6125,廣運,12,2,10,元富-新店,2024-10-18,5922
00761B,國泰A級公司債,10,0,10,元富-新店,2024-10-18,5922
2504,國產,10,0,10,元富-新店,2024-10-18,5922
3438,類比科,10,0,10,元富-新店,2024-10-18,5922
00937B,群益ESG投等債20,675,0,675,元富-新店,2024-10-21,5922
2881,富邦金,247,0,247,元富-新店,2024-10-21,5922
2882,國泰金,173,0,173,元富-新店,2024-10-21,5922
00929,復華台灣科技優息,132,6,126,元富-新店,2024-10-21,5922
00679B,元大美債20年,116,11,105,元富-新店,2024-10-21,5922
2883,凱基金,93,2,91,元富-新店,2024-10-21,5922
1711,永光,81,3,78,元富-新店,2024-10-21,5922
00942B,台新美A公司債20+,74,0,74,元富-新店,2024-10-21,5922
00948B,中信優息投資級債,60,5,55,元富-新店,2024-10-21,5922
00637L,元大滬深300正2,131,78,53,元富-新店,2024-10-21,5922
00687B,國泰20年美債,63,12,51,元富-新店,2024-10-21,5922
00665L,富邦�琤肭磪囓�2,202,151,51,元富-新店,2024-10-21,5922
3021,鴻名,48,0,48,元富-新店,2024-10-21,5922
00680L,元大美債20正2,50,10,40,元富-新店,2024-10-21,5922
00632R,元大台灣50反1,58,23,35,元富-新店,2024-10-21,5922
1522,堤維西,31,0,31,元富-新店,2024-10-21,5922
00959B,大華投等美債15Y+,30,0,30,元富-新店,2024-10-21,5922
00905,FT臺灣Smart,32,2,30,元富-新店,2024-10-21,5922
4540,全球傳動,53,26,27,元富-新店,2024-10-21,5922
00878,國泰永續高股息,54,31,23,元富-新店,2024-10-21,5922
3149,正達,30,8,22,元富-新店,2024-10-21,5922
00961,FT臺灣永續高息,20,0,20,元富-新店,2024-10-21,5922
5907,大洋-KY,19,0,19,元富-新店,2024-10-21,5922
3013,晟銘電,60,42,18,元富-新店,2024-10-21,5922
4903,聯光通,25,8,17,元富-新店,2024-10-21,5922
00751B,元大AAA至A公司債,16,0,16,元富-新店,2024-10-21,5922
3014,聯陽,16,0,16,元富-新店,2024-10-21,5922
1474,弘裕,16,0,16,元富-新店,2024-10-21,5922
2892,第一金,14,0,14,元富-新店,2024-10-21,5922
00753L,中信中國50正2,14,0,14,元富-新店,2024-10-21,5922
2615,萬海,43,29,14,元富-新店,2024-10-21,5922
00715L,期街口布蘭特正2,13,0,13,元富-新店,2024-10-21,5922
8039,台虹,16,3,13,元富-新店,2024-10-21,5922
6127,九豪,19,6,13,元富-新店,2024-10-21,5922
0056,元大高股息,16,4,12,元富-新店,2024-10-21,5922
00950B,凱基A級公司債,12,0,12,元富-新店,2024-10-21,5922
00953B,群益優選非投等債,12,0,12,元富-新店,2024-10-21,5922
6142,友勁,12,0,12,元富-新店,2024-10-21,5922
00881,國泰台灣5G+,13,2,11,元富-新店,2024-10-21,5922
5876,上海商銀,11,0,11,元富-新店,2024-10-21,5922
00933B,國泰10Y+金融債,10,0,10,元富-新店,2024-10-21,5922
2891,中信金,20,10,10,元富-新店,2024-10-21,5922
3450,聯鈞,20,10,10,元富-新店,2024-10-21,5922
1313,聯成,10,0,10,元富-新店,2024-10-21,5922
2353,宏��,12,2,10,元富-新店,2024-10-21,5922
2349,錸德,10,0,10,元富-新店,2024-10-21,5922
2444,兆勁,10,0,10,元富-新店,2024-10-21,5922
5302,太欣,10,0,10,元富-新店,2024-10-21,5922
00899,FT潔淨能源,10,0,10,元富-新店,2024-10-21,5922
1717,長興,10,0,10,元富-新店,2024-10-21,5922
2883,凱基金,877,1,876,元富-新店,2024-10-22,5922
00687B,國泰20年美債,313,0,313,元富-新店,2024-10-22,5922
00937B,群益ESG投等債20,312,35,277,元富-新店,2024-10-22,5922
5202,力新,222,0,222,元富-新店,2024-10-22,5922
00948B,中信優息投資級債,146,18,128,元富-新店,2024-10-22,5922
00878,國泰永續高股息,73,7,66,元富-新店,2024-10-22,5922
00679B,元大美債20年,89,27,62,元富-新店,2024-10-22,5922
00680L,元大美債20正2,116,55,61,元富-新店,2024-10-22,5922
2363,矽統,44,4,40,元富-新店,2024-10-22,5922
00959B,大華投等美債15Y+,36,0,36,元富-新店,2024-10-22,5922
1717,長興,35,1,34,元富-新店,2024-10-22,5922
00665L,富邦�琤肭磪囓�2,33,0,33,元富-新店,2024-10-22,5922
6412,群電,31,0,31,元富-新店,2024-10-22,5922
2317,鴻海,64,34,30,元富-新店,2024-10-22,5922
1314,中石化,30,0,30,元富-新店,2024-10-22,5922
00905,FT臺灣Smart,31,2,29,元富-新店,2024-10-22,5922
2330,台積電,30,2,28,元富-新店,2024-10-22,5922
00795B,中信美國公債20年,24,0,24,元富-新店,2024-10-22,5922
00751B,元大AAA至A公司債,23,0,23,元富-新店,2024-10-22,5922
3011,今皓,29,7,22,元富-新店,2024-10-22,5922
6438,迅得,31,10,21,元富-新店,2024-10-22,5922
00639,富邦深100,21,0,21,元富-新店,2024-10-22,5922
2834,臺企銀,21,0,21,元富-新店,2024-10-22,5922
00720B,元大投資級公司債,27,6,21,元富-新店,2024-10-22,5922
5381,合正,20,0,20,元富-新店,2024-10-22,5922
00919,群益台灣精選高息,23,4,19,元富-新店,2024-10-22,5922
00712,復華富時不動產,29,10,19,元富-新店,2024-10-22,5922
00957B,兆豐US優選投等債,17,0,17,元富-新店,2024-10-22,5922
4540,全球傳動,32,16,16,元富-新店,2024-10-22,5922
00772B,中信高評級公司債,16,0,16,元富-新店,2024-10-22,5922
5443,均豪,15,0,15,元富-新店,2024-10-22,5922
3550,聯穎,15,0,15,元富-新店,2024-10-22,5922
6609,瀧澤科,26,11,15,元富-新店,2024-10-22,5922
00725B,國泰投資級公司債,14,0,14,元富-新店,2024-10-22,5922
1301,台塑,14,0,14,元富-新店,2024-10-22,5922
4563,百德,14,1,13,元富-新店,2024-10-22,5922
8039,台虹,13,0,13,元富-新店,2024-10-22,5922
5347,世界,13,0,13,元富-新店,2024-10-22,5922
00706L,期元大S＆P日圓正2,22,10,12,元富-新店,2024-10-22,5922
3312,弘憶股,13,1,12,元富-新店,2024-10-22,5922
3615,安可,26,14,12,元富-新店,2024-10-22,5922
3033,威健,13,1,12,元富-新店,2024-10-22,5922
2399,映泰,27,15,12,元富-新店,2024-10-22,5922
2618,長榮航,25,14,11,元富-新店,2024-10-22,5922
2002,中鋼,15,4,11,元富-新店,2024-10-22,5922
00900,富邦特選高股息30,12,1,11,元富-新店,2024-10-22,5922
2329,華泰,32,21,11,元富-新店,2024-10-22,5922
2504,國產,10,0,10,元富-新店,2024-10-22,5922
00688L,國泰20年美債正2,13,3,10,元富-新店,2024-10-22,5922
00932,兆豐永續高息等權,10,0,10,元富-新店,2024-10-22,5922
2353,宏��,304,0,304,元富-新店,2024-10-23,5922
00680L,元大美債20正2,241,0,241,元富-新店,2024-10-23,5922
00959B,大華投等美債15Y+,102,0,102,元富-新店,2024-10-23,5922
6506,雙邦,88,0,88,元富-新店,2024-10-23,5922
1717,長興,103,30,73,元富-新店,2024-10-23,5922
2354,鴻準,52,2,50,元富-新店,2024-10-23,5922
6821,聯寶,58,13,45,元富-新店,2024-10-23,5922
2892,第一金,44,0,44,元富-新店,2024-10-23,5922
00715L,期街口布蘭特正2,51,9,42,元富-新店,2024-10-23,5922
00937B,群益ESG投等債20,144,104,40,元富-新店,2024-10-23,5922
00887,永豐中國科技50大,41,4,37,元富-新店,2024-10-23,5922
00632R,元大台灣50反1,50,21,29,元富-新店,2024-10-23,5922
2369,菱生,38,12,26,元富-新店,2024-10-23,5922
0056,元大高股息,26,4,22,元富-新店,2024-10-23,5922
00753L,中信中國50正2,33,11,22,元富-新店,2024-10-23,5922
4711,永純,30,8,22,元富-新店,2024-10-23,5922
2887,台新金,21,0,21,元富-新店,2024-10-23,5922
2337,旺宏,21,0,21,元富-新店,2024-10-23,5922
00878,國泰永續高股息,34,13,21,元富-新店,2024-10-23,5922
00712,復華富時不動產,21,0,21,元富-新店,2024-10-23,5922
00706L,期元大S＆P日圓正2,20,0,20,元富-新店,2024-10-23,5922
00948B,中信優息投資級債,20,0,20,元富-新店,2024-10-23,5922
2208,台船,20,0,20,元富-新店,2024-10-23,5922
2883,凱基金,23,4,19,元富-新店,2024-10-23,5922
1809,中釉,17,0,17,元富-新店,2024-10-23,5922
00900,富邦特選高股息30,17,0,17,元富-新店,2024-10-23,5922
6005,群益證,16,0,16,元富-新店,2024-10-23,5922
3013,晟銘電,21,5,16,元富-新店,2024-10-23,5922
2412,中華電,14,0,14,元富-新店,2024-10-23,5922
2105,正新,14,0,14,元富-新店,2024-10-23,5922
2834,臺企銀,26,12,14,元富-新店,2024-10-23,5922
00679B,元大美債20年,26,12,14,元富-新店,2024-10-23,5922
00687B,國泰20年美債,27,15,12,元富-新店,2024-10-23,5922
2303,聯電,34,22,12,元富-新店,2024-10-23,5922
2352,佳世達,12,0,12,元富-新店,2024-10-23,5922
3049,精金,54,42,12,元富-新店,2024-10-23,5922
2615,萬海,23,11,12,元富-新店,2024-10-23,5922
6239,力成,12,1,11,元富-新店,2024-10-23,5922
4916,事欣科,12,1,11,元富-新店,2024-10-23,5922
8021,尖點,16,5,11,元富-新店,2024-10-23,5922
6405,悅城,52,41,11,元富-新店,2024-10-23,5922
00923,群益台ESG低碳50,10,0,10,元富-新店,2024-10-23,5922
2542,興富發,10,0,10,元富-新店,2024-10-23,5922
8064,東捷,31,21,10,元富-新店,2024-10-23,5922
3058,立德,10,0,10,元富-新店,2024-10-23,5922
00932,兆豐永續高息等權,10,0,10,元富-新店,2024-10-23,5922
2399,映泰,31,21,10,元富-新店,2024-10-23,5922
00764B,群益25年美債,10,0,10,元富-新店,2024-10-23,5922
2371,大同,10,0,10,元富-新店,2024-10-23,5922
3021,鴻名,11,1,10,元富-新店,2024-10-23,5922
00637L,元大滬深300正2,112,23,89,元富-新店,2024-10-24,5922
6821,聯寶,65,4,61,元富-新店,2024-10-24,5922
3231,緯創,57,6,51,元富-新店,2024-10-24,5922
2881,富邦金,52,5,47,元富-新店,2024-10-24,5922
00940,元大台灣價值高息,64,17,47,元富-新店,2024-10-24,5922
00665L,富邦�琤肭磪囓�2,231,185,46,元富-新店,2024-10-24,5922
6506,雙邦,45,0,45,元富-新店,2024-10-24,5922
0056,元大高股息,44,1,43,元富-新店,2024-10-24,5922
3021,鴻名,77,41,36,元富-新店,2024-10-24,5922
00922,國泰台灣領袖50,34,0,34,元富-新店,2024-10-24,5922
00882,中信中國高股息,36,2,34,元富-新店,2024-10-24,5922
2892,第一金,40,6,34,元富-新店,2024-10-24,5922
00929,復華台灣科技優息,53,20,33,元富-新店,2024-10-24,5922
00960,野村全球航運龍頭,30,0,30,元富-新店,2024-10-24,5922
3707,漢磊,34,5,29,元富-新店,2024-10-24,5922
2489,瑞軒,44,15,29,元富-新店,2024-10-24,5922
1605,華新,31,3,28,元富-新店,2024-10-24,5922
3491,昇達科,27,0,27,元富-新店,2024-10-24,5922
3037,欣興,37,12,25,元富-新店,2024-10-24,5922
3450,聯鈞,35,13,22,元富-新店,2024-10-24,5922
00692,富邦公司治理,23,1,22,元富-新店,2024-10-24,5922
2402,毅嘉,26,5,21,元富-新店,2024-10-24,5922
00795B,中信美國公債20年,20,0,20,元富-新店,2024-10-24,5922
1528,恩德,43,23,20,元富-新店,2024-10-24,5922
2317,鴻海,43,24,19,元富-新店,2024-10-24,5922
2883,凱基金,29,10,19,元富-新店,2024-10-24,5922
2369,菱生,25,7,18,元富-新店,2024-10-24,5922
3011,今皓,20,3,17,元富-新店,2024-10-24,5922
00712,復華富時不動產,17,0,17,元富-新店,2024-10-24,5922
00643,群益深証中小,16,0,16,元富-新店,2024-10-24,5922
2834,臺企銀,16,0,16,元富-新店,2024-10-24,5922
2313,華通,24,9,15,元富-新店,2024-10-24,5922
2353,宏��,17,2,15,元富-新店,2024-10-24,5922
3062,建漢,17,4,13,元富-新店,2024-10-24,5922
2464,盟立,17,5,12,元富-新店,2024-10-24,5922
00948B,中信優息投資級債,12,0,12,元富-新店,2024-10-24,5922
00679B,元大美債20年,12,0,12,元富-新店,2024-10-24,5922
2634,漢翔,15,3,12,元富-新店,2024-10-24,5922
2515,中工,12,0,12,元富-新店,2024-10-24,5922
1721,三晃,23,11,12,元富-新店,2024-10-24,5922
8404,百和興業-KY,19,7,12,元富-新店,2024-10-24,5922
1560,中砂,12,0,12,元富-新店,2024-10-24,5922
00919,群益台灣精選高息,21,10,11,元富-新店,2024-10-24,5922
3580,友威科,13,2,11,元富-新店,2024-10-24,5922
2329,華泰,15,4,11,元富-新店,2024-10-24,5922
3447,展達,54,43,11,元富-新店,2024-10-24,5922
3631,晟楠,11,0,11,元富-新店,2024-10-24,5922
2421,建準,11,0,11,元富-新店,2024-10-24,5922
4967,十銓,14,3,11,元富-新店,2024-10-24,5922
3167,大量,14,3,11,元富-新店,2024-10-24,5922
00959B,大華投等美債15Y+,419,50,369,元富-新店,2024-10-25,5922
1708,東鹼,87,0,87,元富-新店,2024-10-25,5922
2646,星宇航空,117,51,66,元富-新店,2024-10-25,5922
2402,毅嘉,43,0,43,元富-新店,2024-10-25,5922
2504,國產,30,0,30,元富-新店,2024-10-25,5922
00795B,中信美國公債20年,30,0,30,元富-新店,2024-10-25,5922
6770,力積電,30,1,29,元富-新店,2024-10-25,5922
8404,百和興業-KY,29,0,29,元富-新店,2024-10-25,5922
00929,復華台灣科技優息,27,0,27,元富-新店,2024-10-25,5922
2303,聯電,36,11,25,元富-新店,2024-10-25,5922
3481,群創,25,4,21,元富-新店,2024-10-25,5922
00940,元大台灣價值高息,21,0,21,元富-新店,2024-10-25,5922
2883,凱基金,21,1,20,元富-新店,2024-10-25,5922
2369,菱生,21,1,20,元富-新店,2024-10-25,5922
00751B,元大AAA至A公司債,20,0,20,元富-新店,2024-10-25,5922
00665L,富邦�琤肭磪囓�2,20,1,19,元富-新店,2024-10-25,5922
00692,富邦公司治理,20,1,19,元富-新店,2024-10-25,5922
00687B,國泰20年美債,17,1,16,元富-新店,2024-10-25,5922
2605,新興,16,0,16,元富-新店,2024-10-25,5922
5202,力新,21,5,16,元富-新店,2024-10-25,5922
8033,雷虎,15,0,15,元富-新店,2024-10-25,5922
4555,氣立,14,0,14,元富-新店,2024-10-25,5922
00636,國泰中國A50,14,0,14,元富-新店,2024-10-25,5922
5014,建錩,14,0,14,元富-新店,2024-10-25,5922
2103,台橡,13,0,13,元富-新店,2024-10-25,5922
3551,世禾,15,2,13,元富-新店,2024-10-25,5922
00712,復華富時不動產,13,0,13,元富-新店,2024-10-25,5922
00919,群益台灣精選高息,12,0,12,元富-新店,2024-10-25,5922
3450,聯鈞,26,15,11,元富-新店,2024-10-25,5922
3040,遠見,11,0,11,元富-新店,2024-10-25,5922
2399,映泰,21,11,10,元富-新店,2024-10-25,5922
0056,元大高股息,20,10,10,元富-新店,2024-10-25,5922
2349,錸德,10,0,10,元富-新店,2024-10-25,5922
4956,光鋐,13,3,10,元富-新店,2024-10-25,5922
8068,全達,10,0,10,元富-新店,2024-10-25,5922
2388,威盛,10,0,10,元富-新店,2024-10-25,5922
3149,正達,16,6,10,元富-新店,2024-10-25,5922
5315,光聯,10,0,10,元富-新店,2024-10-25,5922
2208,台船,10,0,10,元富-新店,2024-10-25,5922
00753L,中信中國50正2,12,2,10,元富-新店,2024-10-25,5922
5907,大洋-KY,10,0,10,元富-新店,2024-10-25,5922
2409,友達,10,0,10,元富-新店,2024-10-25,5922
6462,神盾,10,0,10,元富-新店,2024-10-25,5922
2344,華邦電,11,3,8,元富-新店,2024-10-25,5922
8096,擎亞,8,0,8,元富-新店,2024-10-25,5922
2317,鴻海,19,11,8,元富-新店,2024-10-25,5922
2464,盟立,10,3,7,元富-新店,2024-10-25,5922
00772B,中信高評級公司債,7,0,7,元富-新店,2024-10-25,5922
00948B,中信優息投資級債,7,0,7,元富-新店,2024-10-25,5922
1809,中釉,7,0,7,元富-新店,2024-10-25,5922
2646,星宇航空,112,21,91,元富-新店,2024-10-28,5922
00959B,大華投等美債15Y+,77,0,77,元富-新店,2024-10-28,5922
2883,凱基金,72,0,72,元富-新店,2024-10-28,5922
00937B,群益ESG投等債20,55,0,55,元富-新店,2024-10-28,5922
00877,復華中國5G,40,0,40,元富-新店,2024-10-28,5922
00637L,元大滬深300正2,255,217,38,元富-新店,2024-10-28,5922
00679B,元大美債20年,44,6,38,元富-新店,2024-10-28,5922
2891,中信金,39,3,36,元富-新店,2024-10-28,5922
2511,太子,35,0,35,元富-新店,2024-10-28,5922
00795B,中信美國公債20年,34,0,34,元富-新店,2024-10-28,5922
2103,台橡,40,7,33,元富-新店,2024-10-28,5922
00751B,元大AAA至A公司債,32,0,32,元富-新店,2024-10-28,5922
3264,欣銓,26,0,26,元富-新店,2024-10-28,5922
3715,定穎投控,25,3,22,元富-新店,2024-10-28,5922
00919,群益台灣精選高息,28,7,21,元富-新店,2024-10-28,5922
8112,至上,20,0,20,元富-新店,2024-10-28,5922
2610,華航,49,29,20,元富-新店,2024-10-28,5922
00948B,中信優息投資級債,19,0,19,元富-新店,2024-10-28,5922
6609,瀧澤科,21,2,19,元富-新店,2024-10-28,5922
3511,矽瑪,20,2,18,元富-新店,2024-10-28,5922
00929,復華台灣科技優息,20,2,18,元富-新店,2024-10-28,5922
00712,復華富時不動產,17,0,17,元富-新店,2024-10-28,5922
6443,元晶,17,0,17,元富-新店,2024-10-28,5922
6117,迎廣,17,0,17,元富-新店,2024-10-28,5922
6283,淳安,20,3,17,元富-新店,2024-10-28,5922
3231,緯創,36,20,16,元富-新店,2024-10-28,5922
3105,穩懋,16,0,16,元富-新店,2024-10-28,5922
00680L,元大美債20正2,14,0,14,元富-新店,2024-10-28,5922
3062,建漢,21,7,14,元富-新店,2024-10-28,5922
00881,國泰台灣5G+,30,16,14,元富-新店,2024-10-28,5922
2303,聯電,19,6,13,元富-新店,2024-10-28,5922
00720B,元大投資級公司債,14,1,13,元富-新店,2024-10-28,5922
5469,瀚宇博,13,0,13,元富-新店,2024-10-28,5922
2344,華邦電,20,7,13,元富-新店,2024-10-28,5922
2464,盟立,16,3,13,元富-新店,2024-10-28,5922
1340,勝悅-KY,12,0,12,元富-新店,2024-10-28,5922
2887,台新金,11,0,11,元富-新店,2024-10-28,5922
6237,驊訊,10,0,10,元富-新店,2024-10-28,5922
3058,立德,10,0,10,元富-新店,2024-10-28,5922
2208,台船,50,40,10,元富-新店,2024-10-28,5922
9919,康那香,10,0,10,元富-新店,2024-10-28,5922
1449,佳和,77,67,10,元富-新店,2024-10-28,5922
2413,環科,13,3,10,元富-新店,2024-10-28,5922
3040,遠見,10,0,10,元富-新店,2024-10-28,5922
2388,威盛,28,18,10,元富-新店,2024-10-28,5922
00960,野村全球航運龍頭,10,0,10,元富-新店,2024-10-28,5922
8255,朋程,10,0,10,元富-新店,2024-10-28,5922
00933B,國泰10Y+金融債,9,0,9,元富-新店,2024-10-28,5922
2356,英業達,15,6,9,元富-新店,2024-10-28,5922
2355,敬鵬,10,1,9,元富-新店,2024-10-28,5922
1449,佳和,260,39,221,元富-新店,2024-10-29,5922
00671R,富邦NASDAQ反1,200,0,200,元富-新店,2024-10-29,5922
00919,群益台灣精選高息,111,1,110,元富-新店,2024-10-29,5922
2303,聯電,109,6,103,元富-新店,2024-10-29,5922
00648R,元大S＆P500反1,100,0,100,元富-新店,2024-10-29,5922
2642,宅配通,90,5,85,元富-新店,2024-10-29,5922
2344,華邦電,84,5,79,元富-新店,2024-10-29,5922
00929,復華台灣科技優息,106,38,68,元富-新店,2024-10-29,5922
00637L,元大滬深300正2,427,371,56,元富-新店,2024-10-29,5922
2883,凱基金,56,1,55,元富-新店,2024-10-29,5922
00878,國泰永續高股息,62,17,45,元富-新店,2024-10-29,5922
0056,元大高股息,45,5,40,元富-新店,2024-10-29,5922
00959B,大華投等美債15Y+,38,0,38,元富-新店,2024-10-29,5922
00940,元大台灣價值高息,44,7,37,元富-新店,2024-10-29,5922
2511,太子,36,0,36,元富-新店,2024-10-29,5922
00712,復華富時不動產,35,0,35,元富-新店,2024-10-29,5922
2882,國泰金,33,0,33,元富-新店,2024-10-29,5922
2892,第一金,34,2,32,元富-新店,2024-10-29,5922
1522,堤維西,30,0,30,元富-新店,2024-10-29,5922
3715,定穎投控,32,2,30,元富-新店,2024-10-29,5922
2431,聯昌,40,12,28,元富-新店,2024-10-29,5922
8044,網家,30,2,28,元富-新店,2024-10-29,5922
00881,國泰台灣5G+,26,0,26,元富-新店,2024-10-29,5922
8249,菱光,36,11,25,元富-新店,2024-10-29,5922
00882,中信中國高股息,31,7,24,元富-新店,2024-10-29,5922
5202,力新,34,13,21,元富-新店,2024-10-29,5922
00934,中信成長高股息,20,0,20,元富-新店,2024-10-29,5922
2646,星宇航空,33,14,19,元富-新店,2024-10-29,5922
00922,國泰台灣領袖50,18,0,18,元富-新店,2024-10-29,5922
00665L,富邦�琤肭磪囓�2,21,3,18,元富-新店,2024-10-29,5922
00715L,期街口布蘭特正2,18,0,18,元富-新店,2024-10-29,5922
5880,合庫金,17,0,17,元富-新店,2024-10-29,5922
2834,臺企銀,17,0,17,元富-新店,2024-10-29,5922
2369,菱生,17,0,17,元富-新店,2024-10-29,5922
2903,遠百,17,0,17,元富-新店,2024-10-29,5922
2618,長榮航,16,0,16,元富-新店,2024-10-29,5922
00943,兆豐電子高息等權,15,0,15,元富-新店,2024-10-29,5922
00632R,元大台灣50反1,110,95,15,元富-新店,2024-10-29,5922
006208,富邦台50,14,0,14,元富-新店,2024-10-29,5922
2543,皇昌,14,1,13,元富-新店,2024-10-29,5922
2349,錸德,18,5,13,元富-新店,2024-10-29,5922
0050,元大台灣50,13,0,13,元富-新店,2024-10-29,5922
2312,金寶,15,3,12,元富-新店,2024-10-29,5922
3264,欣銓,18,6,12,元富-新店,2024-10-29,5922
3013,晟銘電,32,20,12,元富-新店,2024-10-29,5922
8112,至上,11,0,11,元富-新店,2024-10-29,5922
2634,漢翔,11,0,11,元富-新店,2024-10-29,5922
00918,大華優利高填息30,10,0,10,元富-新店,2024-10-29,5922
00932,兆豐永續高息等權,10,0,10,元富-新店,2024-10-29,5922
00680L,元大美債20正2,10,0,10,元富-新店,2024-10-29,5922
1449,佳和,200,62,138,元富-新店,2024-10-30,5922
2646,星宇航空,116,4,112,元富-新店,2024-10-30,5922
00712,復華富時不動產,89,0,89,元富-新店,2024-10-30,5922
2881,富邦金,70,0,70,元富-新店,2024-10-30,5922
1616,億泰,63,1,62,元富-新店,2024-10-30,5922
00929,復華台灣科技優息,75,18,57,元富-新店,2024-10-30,5922
00632R,元大台灣50反1,82,27,55,元富-新店,2024-10-30,5922
00637L,元大滬深300正2,62,10,52,元富-新店,2024-10-30,5922
00947,台新臺灣IC設計,51,0,51,元富-新店,2024-10-30,5922
00753L,中信中國50正2,48,2,46,元富-新店,2024-10-30,5922
00679B,元大美債20年,50,5,45,元富-新店,2024-10-30,5922
3231,緯創,60,15,45,元富-新店,2024-10-30,5922
00887,永豐中國科技50大,53,11,42,元富-新店,2024-10-30,5922
00919,群益台灣精選高息,39,2,37,元富-新店,2024-10-30,5922
00715L,期街口布蘭特正2,35,0,35,元富-新店,2024-10-30,5922
8404,百和興業-KY,33,5,28,元富-新店,2024-10-30,5922
6770,力積電,27,0,27,元富-新店,2024-10-30,5922
2353,宏��,36,10,26,元富-新店,2024-10-30,5922
00959B,大華投等美債15Y+,26,0,26,元富-新店,2024-10-30,5922
2303,聯電,46,23,23,元富-新店,2024-10-30,5922
2642,宅配通,23,0,23,元富-新店,2024-10-30,5922
2388,威盛,53,30,23,元富-新店,2024-10-30,5922
1708,東鹼,21,0,21,元富-新店,2024-10-30,5922
2337,旺宏,30,10,20,元富-新店,2024-10-30,5922
2344,華邦電,20,1,19,元富-新店,2024-10-30,5922
3372,典範,20,2,18,元富-新店,2024-10-30,5922
5907,大洋-KY,20,2,18,元富-新店,2024-10-30,5922
00878,國泰永續高股息,23,7,16,元富-新店,2024-10-30,5922
8096,擎亞,16,0,16,元富-新店,2024-10-30,5922
00915,凱基優選高股息30,16,0,16,元富-新店,2024-10-30,5922
0056,元大高股息,19,3,16,元富-新店,2024-10-30,5922
2208,台船,15,0,15,元富-新店,2024-10-30,5922
8064,東捷,21,7,14,元富-新店,2024-10-30,5922
2887,台新金,13,0,13,元富-新店,2024-10-30,5922
5469,瀚宇博,13,0,13,元富-新店,2024-10-30,5922
2891,中信金,13,1,12,元富-新店,2024-10-30,5922
00937B,群益ESG投等債20,17,5,12,元富-新店,2024-10-30,5922
00932,兆豐永續高息等權,12,0,12,元富-新店,2024-10-30,5922
00934,中信成長高股息,11,0,11,元富-新店,2024-10-30,5922
2371,大同,12,1,11,元富-新店,2024-10-30,5922
00939,統一台灣高息動能,11,0,11,元富-新店,2024-10-30,5922
8028,昇陽半導體,10,0,10,元富-新店,2024-10-30,5922
00905,FT臺灣Smart,10,0,10,元富-新店,2024-10-30,5922
2431,聯昌,22,12,10,元富-新店,2024-10-30,5922
5203,訊連,10,0,10,元富-新店,2024-10-30,5922
1785,光洋科,10,0,10,元富-新店,2024-10-30,5922
6290,良維,9,0,9,元富-新店,2024-10-30,5922
5548,安倉,9,0,9,元富-新店,2024-10-30,5922
6742,澤米,10,1,9,元富-新店,2024-10-30,5922
2331,精英,9,0,9,元富-新店,2024-10-30,5922
3711,日月光投控,301,1,300,元富-新店,2024-11-01,5922
2609,陽明,194,99,95,元富-新店,2024-11-01,5922
00878,國泰永續高股息,77,0,77,元富-新店,2024-11-01,5922
00915,凱基優選高股息30,77,1,76,元富-新店,2024-11-01,5922
00643,群益深証中小,75,0,75,元富-新店,2024-11-01,5922
00712,復華富時不動產,66,0,66,元富-新店,2024-11-01,5922
00919,群益台灣精選高息,65,3,62,元富-新店,2024-11-01,5922
00929,復華台灣科技優息,61,0,61,元富-新店,2024-11-01,5922
00632R,元大台灣50反1,68,8,60,元富-新店,2024-11-01,5922
6821,聯寶,121,63,58,元富-新店,2024-11-01,5922
2303,聯電,79,21,58,元富-新店,2024-11-01,5922
2317,鴻海,59,10,49,元富-新店,2024-11-01,5922
00946,群益科技高息成長,42,0,42,元富-新店,2024-11-01,5922
0056,元大高股息,45,6,39,元富-新店,2024-11-01,5922
2892,第一金,41,6,35,元富-新店,2024-11-01,5922
2882,國泰金,31,0,31,元富-新店,2024-11-01,5922
3447,展達,29,2,27,元富-新店,2024-11-01,5922
00949,復華日本龍頭,33,8,25,元富-新店,2024-11-01,5922
2633,台灣高鐵,23,0,23,元富-新店,2024-11-01,5922
00934,中信成長高股息,23,1,22,元富-新店,2024-11-01,5922
00938,凱基優選30,22,0,22,元富-新店,2024-11-01,5922
00937B,群益ESG投等債20,20,0,20,元富-新店,2024-11-01,5922
5880,合庫金,20,0,20,元富-新店,2024-11-01,5922
6743,安普新,17,0,17,元富-新店,2024-11-01,5922
00941,中信上游半導體,17,0,17,元富-新店,2024-11-01,5922
3481,群創,38,22,16,元富-新店,2024-11-01,5922
2330,台積電,14,1,13,元富-新店,2024-11-01,5922
00945B,凱基美國非投等債,14,1,13,元富-新店,2024-11-01,5922
00893,國泰智能電動車,12,0,12,元富-新店,2024-11-01,5922
00908,富邦入息REITs+,11,0,11,元富-新店,2024-11-01,5922
00922,國泰台灣領袖50,10,0,10,元富-新店,2024-11-01,5922
006208,富邦台50,10,0,10,元富-新店,2024-11-01,5922
00885,富邦越南,10,0,10,元富-新店,2024-11-01,5922
1528,恩德,11,1,10,元富-新店,2024-11-01,5922
5876,上海商銀,12,2,10,元富-新店,2024-11-01,5922
00670L,富邦NASDAQ正2,9,0,9,元富-新店,2024-11-01,5922
1301,台塑,10,1,9,元富-新店,2024-11-01,5922
2382,廣達,16,8,8,元富-新店,2024-11-01,5922
2337,旺宏,9,1,8,元富-新店,2024-11-01,5922
00950B,凱基A級公司債,7,0,7,元富-新店,2024-11-01,5922
00830,國泰費城半導體,6,0,6,元富-新店,2024-11-01,5922
2886,兆豐金,6,0,6,元富-新店,2024-11-01,5922
00960,野村全球航運龍頭,6,0,6,元富-新店,2024-11-01,5922
2511,太子,6,0,6,元富-新店,2024-11-01,5922
2344,華邦電,23,17,6,元富-新店,2024-11-01,5922
2610,華航,8,2,6,元富-新店,2024-11-01,5922
1449,佳和,77,71,6,元富-新店,2024-11-01,5922
00921,兆豐龍頭等權重,6,0,6,元富-新店,2024-11-01,5922
6005,群益證,6,0,6,元富-新店,2024-11-01,5922
8936,國統,6,0,6,元富-新店,2024-11-01,5922
3036,文曄,200,0,200,元富-新店,2024-11-04,5922
00882,中信中國高股息,124,5,119,元富-新店,2024-11-04,5922
00937B,群益ESG投等債20,108,32,76,元富-新店,2024-11-04,5922
00712,復華富時不動產,66,0,66,元富-新店,2024-11-04,5922
00878,國泰永續高股息,80,20,60,元富-新店,2024-11-04,5922
2498,宏達電,57,0,57,元富-新店,2024-11-04,5922
00953B,群益優選非投等債,55,0,55,元富-新店,2024-11-04,5922
00887,永豐中國科技50大,73,24,49,元富-新店,2024-11-04,5922
2303,聯電,48,10,38,元富-新店,2024-11-04,5922
2615,萬海,132,96,36,元富-新店,2024-11-04,5922
2489,瑞軒,34,1,33,元富-新店,2024-11-04,5922
00919,群益台灣精選高息,32,1,31,元富-新店,2024-11-04,5922
1528,恩德,35,6,29,元富-新店,2024-11-04,5922
00680L,元大美債20正2,29,0,29,元富-新店,2024-11-04,5922
1708,東鹼,29,0,29,元富-新店,2024-11-04,5922
2431,聯昌,110,81,29,元富-新店,2024-11-04,5922
00948B,中信優息投資級債,28,0,28,元富-新店,2024-11-04,5922
00720B,元大投資級公司債,25,0,25,元富-新店,2024-11-04,5922
00679B,元大美債20年,24,1,23,元富-新店,2024-11-04,5922
2609,陽明,37,17,20,元富-新店,2024-11-04,5922
00942B,台新美A公司債20+,20,0,20,元富-新店,2024-11-04,5922
5438,東友,22,2,20,元富-新店,2024-11-04,5922
00687B,國泰20年美債,19,0,19,元富-新店,2024-11-04,5922
00922,國泰台灣領袖50,47,28,19,元富-新店,2024-11-04,5922
6213,聯茂,20,1,19,元富-新店,2024-11-04,5922
2408,南亞科,18,0,18,元富-新店,2024-11-04,5922
2646,星宇航空,17,0,17,元富-新店,2024-11-04,5922
3013,晟銘電,26,9,17,元富-新店,2024-11-04,5922
00632R,元大台灣50反1,20,4,16,元富-新店,2024-11-04,5922
00960,野村全球航運龍頭,15,0,15,元富-新店,2024-11-04,5922
5443,均豪,17,3,14,元富-新店,2024-11-04,5922
2344,華邦電,13,0,13,元富-新店,2024-11-04,5922
3162,精確,13,0,13,元富-新店,2024-11-04,5922
00930,永豐ESG低碳高息,13,0,13,元富-新店,2024-11-04,5922
00900,富邦特選高股息30,13,0,13,元富-新店,2024-11-04,5922
8039,台虹,13,0,13,元富-新店,2024-11-04,5922
00915,凱基優選高股息30,14,1,13,元富-新店,2024-11-04,5922
3481,群創,13,1,12,元富-新店,2024-11-04,5922
1522,堤維西,12,0,12,元富-新店,2024-11-04,5922
3325,旭品,13,1,12,元富-新店,2024-11-04,5922
00921,兆豐龍頭等權重,12,0,12,元富-新店,2024-11-04,5922
6197,佳必琪,14,3,11,元富-新店,2024-11-04,5922
00932,兆豐永續高息等權,11,0,11,元富-新店,2024-11-04,5922
00751B,元大AAA至A公司債,10,0,10,元富-新店,2024-11-04,5922
1721,三晃,10,0,10,元富-新店,2024-11-04,5922
8044,網家,10,0,10,元富-新店,2024-11-04,5922
00753L,中信中國50正2,10,0,10,元富-新店,2024-11-04,5922
2399,映泰,12,2,10,元富-新店,2024-11-04,5922
00943,兆豐電子高息等權,10,0,10,元富-新店,2024-11-04,5922
6117,迎廣,10,0,10,元富-新店,2024-11-04,5922
00940,元大台灣價值高息,116,2,114,元富-新店,2024-11-05,5922
2303,聯電,108,11,97,元富-新店,2024-11-05,5922
1449,佳和,89,0,89,元富-新店,2024-11-05,5922
2609,陽明,131,70,61,元富-新店,2024-11-05,5922
2498,宏達電,51,0,51,元富-新店,2024-11-05,5922
3149,正達,64,19,45,元富-新店,2024-11-05,5922
6821,聯寶,59,19,40,元富-新店,2024-11-05,5922
1815,富喬,45,6,39,元富-新店,2024-11-05,5922
00665L,富邦�琤肭磪囓�2,38,0,38,元富-新店,2024-11-05,5922
2905,三商,31,0,31,元富-新店,2024-11-05,5922
00953B,群益優選非投等債,22,0,22,元富-新店,2024-11-05,5922
6005,群益證,21,0,21,元富-新店,2024-11-05,5922
00929,復華台灣科技優息,49,30,19,元富-新店,2024-11-05,5922
3013,晟銘電,33,15,18,元富-新店,2024-11-05,5922
5426,振發,22,7,15,元富-新店,2024-11-05,5922
00919,群益台灣精選高息,34,19,15,元富-新店,2024-11-05,5922
00945B,凱基美國非投等債,15,0,15,元富-新店,2024-11-05,5922
3447,展達,15,1,14,元富-新店,2024-11-05,5922
00943,兆豐電子高息等權,14,0,14,元富-新店,2024-11-05,5922
2369,菱生,13,0,13,元富-新店,2024-11-05,5922
8011,台通,16,3,13,元富-新店,2024-11-05,5922
00930,永豐ESG低碳高息,13,0,13,元富-新店,2024-11-05,5922
00687B,國泰20年美債,13,1,12,元富-新店,2024-11-05,5922
00932,兆豐永續高息等權,12,0,12,元富-新店,2024-11-05,5922
00882,中信中國高股息,14,2,12,元富-新店,2024-11-05,5922
00948B,中信優息投資級債,12,0,12,元富-新店,2024-11-05,5922
3711,日月光投控,15,4,11,元富-新店,2024-11-05,5922
0056,元大高股息,16,5,11,元富-新店,2024-11-05,5922
6770,力積電,10,0,10,元富-新店,2024-11-05,5922
6133,金橋,10,0,10,元富-新店,2024-11-05,5922
00959B,大華投等美債15Y+,10,0,10,元富-新店,2024-11-05,5922
00639,富邦深100,10,0,10,元富-新店,2024-11-05,5922
00946,群益科技高息成長,10,0,10,元富-新店,2024-11-05,5922
2891,中信金,11,2,9,元富-新店,2024-11-05,5922
2888,新光金,10,1,9,元富-新店,2024-11-05,5922
2349,錸德,15,6,9,元富-新店,2024-11-05,5922
5258,虹堡,9,0,9,元富-新店,2024-11-05,5922
6603,富強鑫,8,0,8,元富-新店,2024-11-05,5922
3105,穩懋,8,0,8,元富-新店,2024-11-05,5922
00712,復華富時不動產,7,0,7,元富-新店,2024-11-05,5922
2464,盟立,14,7,7,元富-新店,2024-11-05,5922
3162,精確,7,0,7,元富-新店,2024-11-05,5922
3062,建漢,27,20,7,元富-新店,2024-11-05,5922
00934,中信成長高股息,8,1,7,元富-新店,2024-11-05,5922
2646,星宇航空,15,8,7,元富-新店,2024-11-05,5922
2892,第一金,6,0,6,元富-新店,2024-11-05,5922
3029,零壹,7,1,6,元富-新店,2024-11-05,5922
4906,正文,7,1,6,元富-新店,2024-11-05,5922
2641,正德,6,0,6,元富-新店,2024-11-05,5922
1474,弘裕,6,0,6,元富-新店,2024-11-05,5922
00680L,元大美債20正2,422,104,318,元富-新店,2024-11-06,5922
02001R,富邦蘋果反一N,167,0,167,元富-新店,2024-11-06,5922
00687B,國泰20年美債,80,1,79,元富-新店,2024-11-06,5922
2881,富邦金,51,1,50,元富-新店,2024-11-06,5922
00679B,元大美債20年,107,58,49,元富-新店,2024-11-06,5922
2208,台船,40,0,40,元富-新店,2024-11-06,5922
3033,威健,59,21,38,元富-新店,2024-11-06,5922
2498,宏達電,37,1,36,元富-新店,2024-11-06,5922
6156,松上,36,2,34,元富-新店,2024-11-06,5922
00937B,群益ESG投等債20,73,40,33,元富-新店,2024-11-06,5922
5907,大洋-KY,30,0,30,元富-新店,2024-11-06,5922
8404,百和興業-KY,37,9,28,元富-新店,2024-11-06,5922
00751B,元大AAA至A公司債,27,0,27,元富-新店,2024-11-06,5922
00795B,中信美國公債20年,25,0,25,元富-新店,2024-11-06,5922
1708,東鹼,22,0,22,元富-新店,2024-11-06,5922
00940,元大台灣價值高息,24,3,21,元富-新店,2024-11-06,5922
00948B,中信優息投資級債,21,0,21,元富-新店,2024-11-06,5922
00959B,大華投等美債15Y+,21,0,21,元富-新店,2024-11-06,5922
00915,凱基優選高股息30,20,0,20,元富-新店,2024-11-06,5922
3303,岱稜,42,22,20,元富-新店,2024-11-06,5922
2905,三商,20,0,20,元富-新店,2024-11-06,5922
2609,陽明,22,3,19,元富-新店,2024-11-06,5922
2337,旺宏,19,0,19,元富-新店,2024-11-06,5922
5258,虹堡,17,0,17,元富-新店,2024-11-06,5922
2615,萬海,42,26,16,元富-新店,2024-11-06,5922
3705,永信,16,0,16,元富-新店,2024-11-06,5922
3447,展達,18,3,15,元富-新店,2024-11-06,5922
6151,晉倫,14,0,14,元富-新店,2024-11-06,5922
3149,正達,26,13,13,元富-新店,2024-11-06,5922
5302,太欣,13,0,13,元富-新店,2024-11-06,5922
2431,聯昌,25,12,13,元富-新店,2024-11-06,5922
8150,南茂,14,1,13,元富-新店,2024-11-06,5922
3624,光頡,11,0,11,元富-新店,2024-11-06,5922
00637L,元大滬深300正2,44,33,11,元富-新店,2024-11-06,5922
6603,富強鑫,11,0,11,元富-新店,2024-11-06,5922
6005,群益證,11,0,11,元富-新店,2024-11-06,5922
4956,光鋐,10,0,10,元富-新店,2024-11-06,5922
2462,良得電,10,0,10,元富-新店,2024-11-06,5922
2524,京城,10,0,10,元富-新店,2024-11-06,5922
1313,聯成,10,0,10,元富-新店,2024-11-06,5922
2464,盟立,11,1,10,元富-新店,2024-11-06,5922
0056,元大高股息,16,6,10,元富-新店,2024-11-06,5922
2892,第一金,9,0,9,元富-新店,2024-11-06,5922
4979,華星光,21,12,9,元富-新店,2024-11-06,5922
00878,國泰永續高股息,11,3,8,元富-新店,2024-11-06,5922
00919,群益台灣精選高息,14,6,8,元富-新店,2024-11-06,5922
6227,茂綸,9,1,8,元富-新店,2024-11-06,5922
00639,富邦深100,7,0,7,元富-新店,2024-11-06,5922
5386,青雲,10,3,7,元富-新店,2024-11-06,5922
2027,大成鋼,17,10,7,元富-新店,2024-11-06,5922
00933B,國泰10Y+金融債,100,2,98,元富-新店,2024-11-07,5922
1449,佳和,198,128,70,元富-新店,2024-11-07,5922
00891,中信關鍵半導體,50,1,49,元富-新店,2024-11-07,5922
00680L,元大美債20正2,96,50,46,元富-新店,2024-11-07,5922
00740B,富邦全球投等債,41,0,41,元富-新店,2024-11-07,5922
00935,野村臺灣新科技50,40,0,40,元富-新店,2024-11-07,5922
2892,第一金,40,2,38,元富-新店,2024-11-07,5922
5014,建錩,54,20,34,元富-新店,2024-11-07,5922
1708,東鹼,28,0,28,元富-新店,2024-11-07,5922
1531,高林股,26,0,26,元富-新店,2024-11-07,5922
2312,金寶,45,19,26,元富-新店,2024-11-07,5922
2603,長榮,32,7,25,元富-新店,2024-11-07,5922
00688L,國泰20年美債正2,23,0,23,元富-新店,2024-11-07,5922
00632R,元大台灣50反1,24,3,21,元富-新店,2024-11-07,5922
00687B,國泰20年美債,52,32,20,元富-新店,2024-11-07,5922
2851,中再保,20,0,20,元富-新店,2024-11-07,5922
1316,上曜,20,0,20,元富-新店,2024-11-07,5922
2014,中鴻,45,25,20,元富-新店,2024-11-07,5922
00887,永豐中國科技50大,20,0,20,元富-新店,2024-11-07,5922
4950,牧東,19,0,19,元富-新店,2024-11-07,5922
2888,新光金,21,3,18,元富-新店,2024-11-07,5922
3483,力致,20,3,17,元富-新店,2024-11-07,5922
00753L,中信中國50正2,17,0,17,元富-新店,2024-11-07,5922
3033,威健,35,21,14,元富-新店,2024-11-07,5922
2633,台灣高鐵,13,0,13,元富-新店,2024-11-07,5922
9105,泰金寶-DR,28,15,13,元富-新店,2024-11-07,5922
3045,台灣大,13,1,12,元富-新店,2024-11-07,5922
2399,映泰,17,5,12,元富-新店,2024-11-07,5922
0050,元大台灣50,12,1,11,元富-新店,2024-11-07,5922
2062,橋椿,11,0,11,元富-新店,2024-11-07,5922
3490,單井,11,0,11,元富-新店,2024-11-07,5922
2023,燁輝,15,5,10,元富-新店,2024-11-07,5922
00706L,期元大S＆P日圓正2,10,0,10,元富-新店,2024-11-07,5922
1742,台蠟,10,0,10,元富-新店,2024-11-07,5922
2607,榮運,10,0,10,元富-新店,2024-11-07,5922
3508,位速,10,0,10,元富-新店,2024-11-07,5922
00783,富邦中証500,10,0,10,元富-新店,2024-11-07,5922
00908,富邦入息REITs+,10,0,10,元富-新店,2024-11-07,5922
2515,中工,10,0,10,元富-新店,2024-11-07,5922
6143,振曜,10,0,10,元富-新店,2024-11-07,5922
2408,南亞科,10,1,9,元富-新店,2024-11-07,5922
3317,尼克森,8,0,8,元富-新店,2024-11-07,5922
6661,威健生技,8,0,8,元富-新店,2024-11-07,5922
2328,廣宇,21,14,7,元富-新店,2024-11-07,5922
00931B,統一美債20年,7,0,7,元富-新店,2024-11-07,5922
2609,陽明,17,10,7,元富-新店,2024-11-07,5922
6443,元晶,7,0,7,元富-新店,2024-11-07,5922
00713,元大台灣高息低波,6,0,6,元富-新店,2024-11-07,5922
3413,京鼎,6,0,6,元富-新店,2024-11-07,5922
6869,雲豹能源,13,7,6,元富-新店,2024-11-07,5922
1708,東鹼,131,6,125,元富-新店,2024-11-08,5922
3090,日電貿,120,0,120,元富-新店,2024-11-08,5922
3062,建漢,119,19,100,元富-新店,2024-11-08,5922
00937B,群益ESG投等債20,105,46,59,元富-新店,2024-11-08,5922
2371,大同,60,1,59,元富-新店,2024-11-08,5922
00882,中信中國高股息,94,48,46,元富-新店,2024-11-08,5922
2388,威盛,64,19,45,元富-新店,2024-11-08,5922
2402,毅嘉,41,2,39,元富-新店,2024-11-08,5922
3022,威強電,36,3,33,元富-新店,2024-11-08,5922
2353,宏��,33,2,31,元富-新店,2024-11-08,5922
2498,宏達電,30,2,28,元富-新店,2024-11-08,5922
8011,台通,30,5,25,元富-新店,2024-11-08,5922
3013,晟銘電,32,8,24,元富-新店,2024-11-08,5922
2392,正崴,70,46,24,元富-新店,2024-11-08,5922
3605,宏致,24,0,24,元富-新店,2024-11-08,5922
3227,原相,21,0,21,元富-新店,2024-11-08,5922
8176,智捷,21,0,21,元富-新店,2024-11-08,5922
1522,堤維西,23,2,21,元富-新店,2024-11-08,5922
2349,錸德,25,5,20,元富-新店,2024-11-08,5922
2313,華通,51,32,19,元富-新店,2024-11-08,5922
3019,亞光,20,1,19,元富-新店,2024-11-08,5922
1531,高林股,30,11,19,元富-新店,2024-11-08,5922
2615,萬海,99,81,18,元富-新店,2024-11-08,5922
4950,牧東,17,0,17,元富-新店,2024-11-08,5922
2324,仁寶,36,21,15,元富-新店,2024-11-08,5922
00919,群益台灣精選高息,23,8,15,元富-新店,2024-11-08,5922
2892,第一金,14,0,14,元富-新店,2024-11-08,5922
2317,鴻海,59,45,14,元富-新店,2024-11-08,5922
1809,中釉,14,0,14,元富-新店,2024-11-08,5922
0056,元大高股息,24,11,13,元富-新店,2024-11-08,5922
6133,金橋,13,0,13,元富-新店,2024-11-08,5922
00679B,元大美債20年,17,5,12,元富-新店,2024-11-08,5922
2408,南亞科,12,0,12,元富-新店,2024-11-08,5922
3037,欣興,16,5,11,元富-新店,2024-11-08,5922
3481,群創,11,0,11,元富-新店,2024-11-08,5922
3033,威健,31,20,11,元富-新店,2024-11-08,5922
5225,東科-KY,11,0,11,元富-新店,2024-11-08,5922
00751B,元大AAA至A公司債,10,0,10,元富-新店,2024-11-08,5922
00712,復華富時不動產,10,0,10,元富-新店,2024-11-08,5922
3498,陽程,13,3,10,元富-新店,2024-11-08,5922
2413,環科,10,0,10,元富-新店,2024-11-08,5922
2611,志信,10,0,10,元富-新店,2024-11-08,5922
3483,力致,10,0,10,元富-新店,2024-11-08,5922
00950B,凱基A級公司債,10,0,10,元富-新店,2024-11-08,5922
2905,三商,10,0,10,元富-新店,2024-11-08,5922
3362,先進光,9,0,9,元富-新店,2024-11-08,5922
2356,英業達,36,27,9,元富-新店,2024-11-08,5922
6150,撼訊,10,1,9,元富-新店,2024-11-08,5922
6609,瀧澤科,9,0,9,元富-新店,2024-11-08,5922
2354,鴻準,121,113,8,元富-新店,2024-11-08,5922
5014,建錩,178,2,176,元富-新店,2024-11-11,5922
02001R,富邦蘋果反一N,166,0,166,元富-新店,2024-11-11,5922
2353,宏��,143,0,143,元富-新店,2024-11-11,5922
2881,富邦金,90,0,90,元富-新店,2024-11-11,5922
00878,國泰永續高股息,103,24,79,元富-新店,2024-11-11,5922
00919,群益台灣精選高息,65,0,65,元富-新店,2024-11-11,5922
1301,台塑,60,0,60,元富-新店,2024-11-11,5922
00753L,中信中國50正2,60,2,58,元富-新店,2024-11-11,5922
2498,宏達電,52,0,52,元富-新店,2024-11-11,5922
1326,台化,50,0,50,元富-新店,2024-11-11,5922
2392,正崴,84,38,46,元富-新店,2024-11-11,5922
2444,兆勁,42,0,42,元富-新店,2024-11-11,5922
2371,大同,42,0,42,元富-新店,2024-11-11,5922
1605,華新,31,2,29,元富-新店,2024-11-11,5922
8011,台通,32,3,29,元富-新店,2024-11-11,5922
00679B,元大美債20年,26,0,26,元富-新店,2024-11-11,5922
00937B,群益ESG投等債20,51,27,24,元富-新店,2024-11-11,5922
3041,揚智,23,2,21,元富-新店,2024-11-11,5922
5907,大洋-KY,20,0,20,元富-新店,2024-11-11,5922
5457,宣德,24,4,20,元富-新店,2024-11-11,5922
00665L,富邦�琤肭磪囓�2,41,21,20,元富-新店,2024-11-11,5922
0056,元大高股息,20,0,20,元富-新店,2024-11-11,5922
3037,欣興,22,3,19,元富-新店,2024-11-11,5922
3312,弘憶股,20,1,19,元富-新店,2024-11-11,5922
2337,旺宏,17,0,17,元富-新店,2024-11-11,5922
8110,華東,16,0,16,元富-新店,2024-11-11,5922
5243,乙盛-KY,20,4,16,元富-新店,2024-11-11,5922
5871,中租-KY,16,1,15,元富-新店,2024-11-11,5922
2892,第一金,15,0,15,元富-新店,2024-11-11,5922
6125,廣運,15,0,15,元富-新店,2024-11-11,5922
3062,建漢,70,55,15,元富-新店,2024-11-11,5922
6821,聯寶,26,11,15,元富-新店,2024-11-11,5922
5439,高技,15,1,14,元富-新店,2024-11-11,5922
00712,復華富時不動產,33,20,13,元富-新店,2024-11-11,5922
00687B,國泰20年美債,14,1,13,元富-新店,2024-11-11,5922
2890,永豐金,12,0,12,元富-新店,2024-11-11,5922
00887,永豐中國科技50大,40,28,12,元富-新店,2024-11-11,5922
2402,毅嘉,12,0,12,元富-新店,2024-11-11,5922
2891,中信金,11,0,11,元富-新店,2024-11-11,5922
2615,萬海,51,40,11,元富-新店,2024-11-11,5922
2642,宅配通,11,0,11,元富-新店,2024-11-11,5922
2354,鴻準,61,51,10,元富-新店,2024-11-11,5922
2646,星宇航空,10,0,10,元富-新店,2024-11-11,5922
2609,陽明,14,4,10,元富-新店,2024-11-11,5922
2887,台新金,10,0,10,元富-新店,2024-11-11,5922
00900,富邦特選高股息30,14,4,10,元富-新店,2024-11-11,5922
00676R,富邦臺灣加權反1,10,0,10,元富-新店,2024-11-11,5922
2850,新產,10,0,10,元富-新店,2024-11-11,5922
4533,協易機,10,0,10,元富-新店,2024-11-11,5922
3607,谷崧,10,0,10,元富-新店,2024-11-11,5922
2618,長榮航,222,43,179,元富-新店,2024-11-12,5922
00878,國泰永續高股息,185,22,163,元富-新店,2024-11-12,5922
1808,潤隆,150,0,150,元富-新店,2024-11-12,5922
2610,華航,109,15,94,元富-新店,2024-11-12,5922
2892,第一金,80,2,78,元富-新店,2024-11-12,5922
2356,英業達,89,18,71,元富-新店,2024-11-12,5922
00715L,期街口布蘭特正2,68,0,68,元富-新店,2024-11-12,5922
3231,緯創,89,23,66,元富-新店,2024-11-12,5922
0056,元大高股息,54,0,54,元富-新店,2024-11-12,5922
2498,宏達電,52,0,52,元富-新店,2024-11-12,5922
1815,富喬,51,1,50,元富-新店,2024-11-12,5922
3090,日電貿,50,0,50,元富-新店,2024-11-12,5922
3011,今皓,51,3,48,元富-新店,2024-11-12,5922
00919,群益台灣精選高息,48,0,48,元富-新店,2024-11-12,5922
3710,連展投控,45,0,45,元富-新店,2024-11-12,5922
2328,廣宇,53,9,44,元富-新店,2024-11-12,5922
1708,東鹼,94,50,44,元富-新店,2024-11-12,5922
2603,長榮,52,11,41,元富-新店,2024-11-12,5922
2511,太子,41,0,41,元富-新店,2024-11-12,5922
2402,毅嘉,40,1,39,元富-新店,2024-11-12,5922
00881,國泰台灣5G+,34,0,34,元富-新店,2024-11-12,5922
2349,錸德,63,29,34,元富-新店,2024-11-12,5922
00915,凱基優選高股息30,32,0,32,元富-新店,2024-11-12,5922
2393,億光,31,0,31,元富-新店,2024-11-12,5922
2208,台船,30,1,29,元富-新店,2024-11-12,5922
3481,群創,28,1,27,元富-新店,2024-11-12,5922
00918,大華優利高填息30,24,0,24,元富-新店,2024-11-12,5922
3264,欣銓,24,0,24,元富-新店,2024-11-12,5922
3605,宏致,22,0,22,元富-新店,2024-11-12,5922
5871,中租-KY,22,0,22,元富-新店,2024-11-12,5922
2382,廣達,23,3,20,元富-新店,2024-11-12,5922
2367,燿華,22,2,20,元富-新店,2024-11-12,5922
6791,虎門科技,20,0,20,元富-新店,2024-11-12,5922
00633L,富邦上証正2,20,0,20,元富-新店,2024-11-12,5922
00943,兆豐電子高息等權,23,4,19,元富-新店,2024-11-12,5922
00713,元大台灣高息低波,19,0,19,元富-新店,2024-11-12,5922
2002,中鋼,18,0,18,元富-新店,2024-11-12,5922
2408,南亞科,18,0,18,元富-新店,2024-11-12,5922
5258,虹堡,17,0,17,元富-新店,2024-11-12,5922
6288,聯嘉,42,25,17,元富-新店,2024-11-12,5922
2884,玉山金,16,0,16,元富-新店,2024-11-12,5922
0050,元大台灣50,16,0,16,元富-新店,2024-11-12,5922
2883,凱基金,47,31,16,元富-新店,2024-11-12,5922
3062,建漢,16,0,16,元富-新店,2024-11-12,5922
2330,台積電,19,3,16,元富-新店,2024-11-12,5922
4950,牧東,15,0,15,元富-新店,2024-11-12,5922
2392,正崴,16,1,15,元富-新店,2024-11-12,5922
00940,元大台灣價值高息,25,11,14,元富-新店,2024-11-12,5922
6579,研揚,12,0,12,元富-新店,2024-11-12,5922
1101,台泥,20,8,12,元富-新店,2024-11-12,5922
3036,文曄,503,4,499,元富-新店,2024-11-13,5922
00882,中信中國高股息,265,111,154,元富-新店,2024-11-13,5922
00680L,元大美債20正2,123,0,123,元富-新店,2024-11-13,5922
00878,國泰永續高股息,165,44,121,元富-新店,2024-11-13,5922
1708,東鹼,127,16,111,元富-新店,2024-11-13,5922
2891,中信金,109,2,107,元富-新店,2024-11-13,5922
00937B,群益ESG投等債20,84,1,83,元富-新店,2024-11-13,5922
2449,京元電子,54,1,53,元富-新店,2024-11-13,5922
1808,潤隆,50,0,50,元富-新店,2024-11-13,5922
2883,凱基金,49,2,47,元富-新店,2024-11-13,5922
2303,聯電,46,1,45,元富-新店,2024-11-13,5922
00670L,富邦NASDAQ正2,43,0,43,元富-新店,2024-11-13,5922
6505,台塑化,43,0,43,元富-新店,2024-11-13,5922
00919,群益台灣精選高息,44,1,43,元富-新店,2024-11-13,5922
00950B,凱基A級公司債,42,0,42,元富-新店,2024-11-13,5922
2393,億光,35,0,35,元富-新店,2024-11-13,5922
00795B,中信美國公債20年,32,0,32,元富-新店,2024-11-13,5922
00942B,台新美A公司債20+,30,0,30,元富-新店,2024-11-13,5922
0056,元大高股息,29,0,29,元富-新店,2024-11-13,5922
3062,建漢,31,3,28,元富-新店,2024-11-13,5922
2344,華邦電,28,2,26,元富-新店,2024-11-13,5922
8011,台通,38,12,26,元富-新店,2024-11-13,5922
2633,台灣高鐵,25,0,25,元富-新店,2024-11-13,5922
2498,宏達電,24,0,24,元富-新店,2024-11-13,5922
1474,弘裕,23,0,23,元富-新店,2024-11-13,5922
2106,建大,22,0,22,元富-新店,2024-11-13,5922
2323,中環,30,10,20,元富-新店,2024-11-13,5922
00647L,元大S＆P500正2,20,0,20,元富-新店,2024-11-13,5922
2511,太子,20,0,20,元富-新店,2024-11-13,5922
00643,群益深証中小,20,0,20,元富-新店,2024-11-13,5922
00877,復華中國5G,20,0,20,元富-新店,2024-11-13,5922
2027,大成鋼,20,0,20,元富-新店,2024-11-13,5922
6733,博晟生醫,20,0,20,元富-新店,2024-11-13,5922
4979,華星光,28,10,18,元富-新店,2024-11-13,5922
1301,台塑,17,0,17,元富-新店,2024-11-13,5922
3162,精確,18,1,17,元富-新店,2024-11-13,5922
00637L,元大滬深300正2,17,1,16,元富-新店,2024-11-13,5922
6821,聯寶,26,10,16,元富-新店,2024-11-13,5922
3013,晟銘電,18,5,13,元富-新店,2024-11-13,5922
2408,南亞科,15,2,13,元富-新店,2024-11-13,5922
00915,凱基優選高股息30,13,0,13,元富-新店,2024-11-13,5922
3189,景碩,15,2,13,元富-新店,2024-11-13,5922
3481,群創,13,0,13,元富-新店,2024-11-13,5922
2834,臺企銀,13,0,13,元富-新店,2024-11-13,5922
00933B,國泰10Y+金融債,12,0,12,元富-新店,2024-11-13,5922
2882,國泰金,23,11,12,元富-新店,2024-11-13,5922
2317,鴻海,35,24,11,元富-新店,2024-11-13,5922
3706,神達,48,37,11,元富-新店,2024-11-13,5922
9945,潤泰新,11,0,11,元富-新店,2024-11-13,5922
00932,兆豐永續高息等權,10,0,10,元富-新店,2024-11-13,5922
3481,群創,541,4,537,元富-新店,2024-11-14,5922
00878,國泰永續高股息,248,24,224,元富-新店,2024-11-14,5922
00929,復華台灣科技優息,215,42,173,元富-新店,2024-11-14,5922
00679B,元大美債20年,75,4,71,元富-新店,2024-11-14,5922
0056,元大高股息,61,3,58,元富-新店,2024-11-14,5922
00919,群益台灣精選高息,55,1,54,元富-新店,2024-11-14,5922
2208,台船,54,7,47,元富-新店,2024-11-14,5922
00943,兆豐電子高息等權,44,0,44,元富-新店,2024-11-14,5922
2353,宏��,62,20,42,元富-新店,2024-11-14,5922
6165,浪凡,40,0,40,元富-新店,2024-11-14,5922
3021,鴻名,42,4,38,元富-新店,2024-11-14,5922
00670L,富邦NASDAQ正2,33,0,33,元富-新店,2024-11-14,5922
00647L,元大S＆P500正2,30,0,30,元富-新店,2024-11-14,5922
2387,精元,30,2,28,元富-新店,2024-11-14,5922
2332,友訊,27,0,27,元富-新店,2024-11-14,5922
2883,凱基金,25,0,25,元富-新店,2024-11-14,5922
2106,建大,28,4,24,元富-新店,2024-11-14,5922
00927,群益半導體收益,22,0,22,元富-新店,2024-11-14,5922
2892,第一金,21,0,21,元富-新店,2024-11-14,5922
2392,正崴,31,10,21,元富-新店,2024-11-14,5922
00942B,台新美A公司債20+,20,0,20,元富-新店,2024-11-14,5922
6265,方土昶,20,0,20,元富-新店,2024-11-14,5922
00900,富邦特選高股息30,23,3,20,元富-新店,2024-11-14,5922
00877,復華中國5G,20,0,20,元富-新店,2024-11-14,5922
4931,新盛力,250,232,18,元富-新店,2024-11-14,5922
2303,聯電,17,1,16,元富-新店,2024-11-14,5922
3211,順達,58,43,15,元富-新店,2024-11-14,5922
2617,台航,14,0,14,元富-新店,2024-11-14,5922
00915,凱基優選高股息30,13,0,13,元富-新店,2024-11-14,5922
00720B,元大投資級公司債,13,0,13,元富-新店,2024-11-14,5922
2915,潤泰全,13,0,13,元富-新店,2024-11-14,5922
5871,中租-KY,13,0,13,元富-新店,2024-11-14,5922
2317,鴻海,46,33,13,元富-新店,2024-11-14,5922
2887,台新金,13,0,13,元富-新店,2024-11-14,5922
00922,國泰台灣領袖50,13,0,13,元富-新店,2024-11-14,5922
4958,臻鼎-KY,14,2,12,元富-新店,2024-11-14,5922
00881,國泰台灣5G+,15,3,12,元富-新店,2024-11-14,5922
2312,金寶,23,11,12,元富-新店,2024-11-14,5922
2646,星宇航空,13,2,11,元富-新店,2024-11-14,5922
2002,中鋼,13,2,11,元富-新店,2024-11-14,5922
00950B,凱基A級公司債,11,0,11,元富-新店,2024-11-14,5922
00706L,期元大S＆P日圓正2,11,0,11,元富-新店,2024-11-14,5922
2401,凌陽,15,4,11,元富-新店,2024-11-14,5922
3149,正達,17,6,11,元富-新店,2024-11-14,5922
2367,燿華,11,1,10,元富-新店,2024-11-14,5922
3231,緯創,24,14,10,元富-新店,2024-11-14,5922
2027,大成鋼,15,5,10,元富-新店,2024-11-14,5922
00934,中信成長高股息,10,0,10,元富-新店,2024-11-14,5922
2349,錸德,14,4,10,元富-新店,2024-11-14,5922
6637,醫影,10,0,10,元富-新店,2024-11-14,5922
00942B,台新美A公司債20+,161,0,161,元富-新店,2024-11-15,5922
00878,國泰永續高股息,192,43,149,元富-新店,2024-11-15,5922
2103,台橡,86,0,86,元富-新店,2024-11-15,5922
2382,廣達,79,7,72,元富-新店,2024-11-15,5922
00632R,元大台灣50反1,80,23,57,元富-新店,2024-11-15,5922
2106,建大,50,0,50,元富-新店,2024-11-15,5922
00933B,國泰10Y+金融債,37,0,37,元富-新店,2024-11-15,5922
1449,佳和,70,37,33,元富-新店,2024-11-15,5922
00643,群益深証中小,32,0,32,元富-新店,2024-11-15,5922
3231,緯創,48,18,30,元富-新店,2024-11-15,5922
2929,淘帝-KY,33,5,28,元富-新店,2024-11-15,5922
00937B,群益ESG投等債20,20,0,20,元富-新店,2024-11-15,5922
00639,富邦深100,20,0,20,元富-新店,2024-11-15,5922
0056,元大高股息,20,2,18,元富-新店,2024-11-15,5922
2905,三商,18,0,18,元富-新店,2024-11-15,5922
2365,昆盈,31,13,18,元富-新店,2024-11-15,5922
00687B,國泰20年美債,22,4,18,元富-新店,2024-11-15,5922
3045,台灣大,19,2,17,元富-新店,2024-11-15,5922
00948B,中信優息投資級債,17,0,17,元富-新店,2024-11-15,5922
2356,英業達,16,0,16,元富-新店,2024-11-15,5922
2453,凌群,16,0,16,元富-新店,2024-11-15,5922
00753L,中信中國50正2,95,80,15,元富-新店,2024-11-15,5922
2349,錸德,24,9,15,元富-新店,2024-11-15,5922
1708,東鹼,18,5,13,元富-新店,2024-11-15,5922
2002,中鋼,14,1,13,元富-新店,2024-11-15,5922
2449,京元電子,14,2,12,元富-新店,2024-11-15,5922
00932,兆豐永續高息等權,12,0,12,元富-新店,2024-11-15,5922
00963,中信全球高股息,12,0,12,元富-新店,2024-11-15,5922
2317,鴻海,90,79,11,元富-新店,2024-11-15,5922
00637L,元大滬深300正2,320,309,11,元富-新店,2024-11-15,5922
2363,矽統,11,0,11,元富-新店,2024-11-15,5922
8021,尖點,11,0,11,元富-新店,2024-11-15,5922
00712,復華富時不動產,10,0,10,元富-新店,2024-11-15,5922
00945B,凱基美國非投等債,10,0,10,元富-新店,2024-11-15,5922
3491,昇達科,10,0,10,元富-新店,2024-11-15,5922
2406,國碩,10,0,10,元富-新店,2024-11-15,5922
3705,永信,10,0,10,元富-新店,2024-11-15,5922
4142,國光生,10,0,10,元富-新店,2024-11-15,5922
00706L,期元大S＆P日圓正2,10,0,10,元富-新店,2024-11-15,5922
00900,富邦特選高股息30,10,0,10,元富-新店,2024-11-15,5922
9962,有益,10,0,10,元富-新店,2024-11-15,5922
3092,鴻碩,10,0,10,元富-新店,2024-11-15,5922
6213,聯茂,10,1,9,元富-新店,2024-11-15,5922
2377,微星,14,5,9,元富-新店,2024-11-15,5922
1524,耿鼎,13,4,9,元富-新店,2024-11-15,5922
3017,奇鋐,8,0,8,元富-新店,2024-11-15,5922
00713,元大台灣高息低波,14,6,8,元富-新店,2024-11-15,5922
1402,遠東新,9,1,8,元富-新店,2024-11-15,5922
00885,富邦越南,8,0,8,元富-新店,2024-11-15,5922
5871,中租-KY,9,1,8,元富-新店,2024-11-15,5922
00878,國泰永續高股息,174,33,141,元富-新店,2024-11-18,5922
00670L,富邦NASDAQ正2,109,0,109,元富-新店,2024-11-18,5922
00680L,元大美債20正2,106,0,106,元富-新店,2024-11-18,5922
3702A,大聯大甲特,100,0,100,元富-新店,2024-11-18,5922
2881,富邦金,99,0,99,元富-新店,2024-11-18,5922
1785,光洋科,76,0,76,元富-新店,2024-11-18,5922
2317,鴻海,61,9,52,元富-新店,2024-11-18,5922
00887,永豐中國科技50大,52,0,52,元富-新店,2024-11-18,5922
2867,三商壽,52,0,52,元富-新店,2024-11-18,5922
2905,三商,51,0,51,元富-新店,2024-11-18,5922
00647L,元大S＆P500正2,50,0,50,元富-新店,2024-11-18,5922
2303,聯電,50,0,50,元富-新店,2024-11-18,5922
2103,台橡,72,22,50,元富-新店,2024-11-18,5922
2891,中信金,131,81,50,元富-新店,2024-11-18,5922
3231,緯創,74,33,41,元富-新店,2024-11-18,5922
2354,鴻準,77,47,30,元富-新店,2024-11-18,5922
0056,元大高股息,29,0,29,元富-新店,2024-11-18,5922
2402,毅嘉,30,2,28,元富-新店,2024-11-18,5922
1815,富喬,28,3,25,元富-新店,2024-11-18,5922
1609,大亞,29,4,25,元富-新店,2024-11-18,5922
2382,廣達,25,3,22,元富-新店,2024-11-18,5922
3015,全漢,21,0,21,元富-新店,2024-11-18,5922
2312,金寶,45,25,20,元富-新店,2024-11-18,5922
00877,復華中國5G,20,0,20,元富-新店,2024-11-18,5922
00945B,凱基美國非投等債,20,0,20,元富-新店,2024-11-18,5922
2498,宏達電,20,0,20,元富-新店,2024-11-18,5922
00715L,期街口布蘭特正2,19,0,19,元富-新店,2024-11-18,5922
00952,凱基台灣AI50,19,0,19,元富-新店,2024-11-18,5922
2420,新巨,18,0,18,元富-新店,2024-11-18,5922
2605,新興,18,1,17,元富-新店,2024-11-18,5922
00922,國泰台灣領袖50,16,0,16,元富-新店,2024-11-18,5922
3704,合勤控,15,0,15,元富-新店,2024-11-18,5922
00915,凱基優選高股息30,14,0,14,元富-新店,2024-11-18,5922
3062,建漢,15,2,13,元富-新店,2024-11-18,5922
00687B,國泰20年美債,18,5,13,元富-新店,2024-11-18,5922
00713,元大台灣高息低波,13,0,13,元富-新店,2024-11-18,5922
1449,佳和,14,2,12,元富-新店,2024-11-18,5922
2344,華邦電,14,2,12,元富-新店,2024-11-18,5922
3024,憶聲,13,2,11,元富-新店,2024-11-18,5922
2542,興富發,11,0,11,元富-新店,2024-11-18,5922
00665L,富邦�琤肭磪囓�2,12,1,11,元富-新店,2024-11-18,5922
6125,廣運,10,0,10,元富-新店,2024-11-18,5922
2524,京城,10,0,10,元富-新店,2024-11-18,5922
3289,宜特,10,0,10,元富-新店,2024-11-18,5922
5608,四維航,10,0,10,元富-新店,2024-11-18,5922
00950B,凱基A級公司債,10,0,10,元富-新店,2024-11-18,5922
6548,長科*,10,0,10,元富-新店,2024-11-18,5922
9105,泰金寶-DR,19,9,10,元富-新店,2024-11-18,5922
6838,台新藥,10,0,10,元富-新店,2024-11-18,5922
1474,弘裕,9,0,9,元富-新店,2024-11-18,5922
00882,中信中國高股息,113,29,84,元富-新店,2024-11-19,5922
00937B,群益ESG投等債20,64,2,62,元富-新店,2024-11-19,5922
00945B,凱基美國非投等債,60,0,60,元富-新店,2024-11-19,5922
3231,緯創,68,9,59,元富-新店,2024-11-19,5922
1301,台塑,57,1,56,元富-新店,2024-11-19,5922
2476,鉅祥,38,4,34,元富-新店,2024-11-19,5922
2103,台橡,66,36,30,元富-新店,2024-11-19,5922
00878,國泰永續高股息,28,0,28,元富-新店,2024-11-19,5922
6213,聯茂,30,2,28,元富-新店,2024-11-19,5922
00929,復華台灣科技優息,61,36,25,元富-新店,2024-11-19,5922
00679B,元大美債20年,23,0,23,元富-新店,2024-11-19,5922
2855,統一證,24,2,22,元富-新店,2024-11-19,5922
3209,全科,22,1,21,元富-新店,2024-11-19,5922
1102,亞泥,20,0,20,元富-新店,2024-11-19,5922
00877,復華中國5G,20,0,20,元富-新店,2024-11-19,5922
00643,群益深証中小,20,0,20,元富-新店,2024-11-19,5922
3481,群創,26,7,19,元富-新店,2024-11-19,5922
2312,金寶,57,39,18,元富-新店,2024-11-19,5922
2834,臺企銀,22,5,17,元富-新店,2024-11-19,5922
00887,永豐中國科技50大,20,5,15,元富-新店,2024-11-19,5922
00633L,富邦上証正2,15,0,15,元富-新店,2024-11-19,5922
0056,元大高股息,23,8,15,元富-新店,2024-11-19,5922
006208,富邦台50,14,0,14,元富-新店,2024-11-19,5922
00713,元大台灣高息低波,13,0,13,元富-新店,2024-11-19,5922
3024,憶聲,12,0,12,元富-新店,2024-11-19,5922
2882,國泰金,13,1,12,元富-新店,2024-11-19,5922
2609,陽明,126,114,12,元富-新店,2024-11-19,5922
2002,中鋼,10,0,10,元富-新店,2024-11-19,5922
4927,泰鼎-KY,10,0,10,元富-新店,2024-11-19,5922
3588,通嘉,10,0,10,元富-新店,2024-11-19,5922
9945,潤泰新,10,0,10,元富-新店,2024-11-19,5922
4743,合一,11,1,10,元富-新店,2024-11-19,5922
2449,京元電子,17,8,9,元富-新店,2024-11-19,5922
2317,鴻海,18,9,9,元富-新店,2024-11-19,5922
00632R,元大台灣50反1,60,52,8,元富-新店,2024-11-19,5922
2382,廣達,14,6,8,元富-新店,2024-11-19,5922
3551,世禾,8,0,8,元富-新店,2024-11-19,5922
1708,東鹼,22,14,8,元富-新店,2024-11-19,5922
6016,康和證,8,0,8,元富-新店,2024-11-19,5922
2884,玉山金,8,0,8,元富-新店,2024-11-19,5922
6005,群益證,8,1,7,元富-新店,2024-11-19,5922
00930,永豐ESG低碳高息,7,0,7,元富-新店,2024-11-19,5922
4919,新唐,8,1,7,元富-新店,2024-11-19,5922
3006,晶豪科,6,0,6,元富-新店,2024-11-19,5922
4916,事欣科,6,0,6,元富-新店,2024-11-19,5922
00637L,元大滬深300正2,312,306,6,元富-新店,2024-11-19,5922
2308,台達電,5,0,5,元富-新店,2024-11-19,5922
6462,神盾,5,0,5,元富-新店,2024-11-19,5922
1442,名軒,24,19,5,元富-新店,2024-11-19,5922
2027,大成鋼,5,0,5,元富-新店,2024-11-19,5922
00930,永豐ESG低碳高息,100,0,100,元富-新店,2024-11-20,5922
2354,鴻準,127,31,96,元富-新店,2024-11-20,5922
00918,大華優利高填息30,55,0,55,元富-新店,2024-11-20,5922
00712,復華富時不動產,51,10,41,元富-新店,2024-11-20,5922
1449,佳和,44,4,40,元富-新店,2024-11-20,5922
00929,復華台灣科技優息,50,12,38,元富-新店,2024-11-20,5922
2474,可成,40,3,37,元富-新店,2024-11-20,5922
00937B,群益ESG投等債20,34,0,34,元富-新店,2024-11-20,5922
3209,全科,32,0,32,元富-新店,2024-11-20,5922
00679B,元大美債20年,32,0,32,元富-新店,2024-11-20,5922
3021,鴻名,42,12,30,元富-新店,2024-11-20,5922
2317,鴻海,41,12,29,元富-新店,2024-11-20,5922
2885,元大金,28,0,28,元富-新店,2024-11-20,5922
8047,星雲,27,2,25,元富-新店,2024-11-20,5922
4927,泰鼎-KY,21,0,21,元富-新店,2024-11-20,5922
0056,元大高股息,20,0,20,元富-新店,2024-11-20,5922
2313,華通,16,0,16,元富-新店,2024-11-20,5922
2303,聯電,35,20,15,元富-新店,2024-11-20,5922
3338,泰碩,16,3,13,元富-新店,2024-11-20,5922
2498,宏達電,13,0,13,元富-新店,2024-11-20,5922
2105,正新,18,6,12,元富-新店,2024-11-20,5922
0050,元大台灣50,11,0,11,元富-新店,2024-11-20,5922
2892,第一金,11,0,11,元富-新店,2024-11-20,5922
3260,威剛,11,0,11,元富-新店,2024-11-20,5922
00922,國泰台灣領袖50,12,1,11,元富-新店,2024-11-20,5922
00891,中信關鍵半導體,10,0,10,元富-新店,2024-11-20,5922
2412,中華電,10,0,10,元富-新店,2024-11-20,5922
6108,競國,10,0,10,元富-新店,2024-11-20,5922
2049,上銀,10,0,10,元富-新店,2024-11-20,5922
2369,菱生,10,0,10,元富-新店,2024-11-20,5922
1809,中釉,10,0,10,元富-新店,2024-11-20,5922
2353,宏��,9,0,9,元富-新店,2024-11-20,5922
6282,康舒,33,24,9,元富-新店,2024-11-20,5922
2801,彰銀,10,1,9,元富-新店,2024-11-20,5922
2413,環科,19,10,9,元富-新店,2024-11-20,5922
00665L,富邦�琤肭磪囓�2,10,1,9,元富-新店,2024-11-20,5922
00881,國泰台灣5G+,11,2,9,元富-新店,2024-11-20,5922
3715,定穎投控,9,0,9,元富-新店,2024-11-20,5922
3450,聯鈞,17,9,8,元富-新店,2024-11-20,5922
00885,富邦越南,8,0,8,元富-新店,2024-11-20,5922
00637L,元大滬深300正2,8,0,8,元富-新店,2024-11-20,5922
6558,興能高,8,0,8,元富-新店,2024-11-20,5922
2881,富邦金,7,0,7,元富-新店,2024-11-20,5922
2201,裕隆,7,0,7,元富-新店,2024-11-20,5922
2377,微星,7,0,7,元富-新店,2024-11-20,5922
2332,友訊,7,0,7,元富-新店,2024-11-20,5922
2329,華泰,9,2,7,元富-新店,2024-11-20,5922
4919,新唐,11,4,7,元富-新店,2024-11-20,5922
2312,金寶,24,17,7,元富-新店,2024-11-20,5922
00940,元大台灣價值高息,14,8,6,元富-新店,2024-11-20,5922
00878,國泰永續高股息,72,2,70,元富-新店,2024-11-21,5922
2905,三商,51,0,51,元富-新店,2024-11-21,5922
2474,可成,37,0,37,元富-新店,2024-11-21,5922
1449,佳和,41,12,29,元富-新店,2024-11-21,5922
2354,鴻準,83,55,28,元富-新店,2024-11-21,5922
00919,群益台灣精選高息,23,0,23,元富-新店,2024-11-21,5922
2303,聯電,20,0,20,元富-新店,2024-11-21,5922
2882,國泰金,19,1,18,元富-新店,2024-11-21,5922
3702A,大聯大甲特,18,0,18,元富-新店,2024-11-21,5922
2881,富邦金,18,1,17,元富-新店,2024-11-21,5922
2330,台積電,17,1,16,元富-新店,2024-11-21,5922
3021,鴻名,20,4,16,元富-新店,2024-11-21,5922
2633,台灣高鐵,15,0,15,元富-新店,2024-11-21,5922
2405,輔信,17,2,15,元富-新店,2024-11-21,5922
2204,中華,23,10,13,元富-新店,2024-11-21,5922
3447,展達,14,1,13,元富-新店,2024-11-21,5922
2027,大成鋼,13,0,13,元富-新店,2024-11-21,5922
2609,陽明,82,69,13,元富-新店,2024-11-21,5922
00929,復華台灣科技優息,34,22,12,元富-新店,2024-11-21,5922
1809,中釉,12,0,12,元富-新店,2024-11-21,5922
8104,錸寶,73,61,12,元富-新店,2024-11-21,5922
6875,國邑*,11,0,11,元富-新店,2024-11-21,5922
1303,南亞,11,0,11,元富-新店,2024-11-21,5922
00882,中信中國高股息,11,0,11,元富-新店,2024-11-21,5922
0056,元大高股息,10,0,10,元富-新店,2024-11-21,5922
9910,豐泰,10,0,10,元富-新店,2024-11-21,5922
3380,明泰,10,0,10,元富-新店,2024-11-21,5922
5488,松普,10,0,10,元富-新店,2024-11-21,5922
1305,華夏,10,0,10,元富-新店,2024-11-21,5922
00671R,富邦NASDAQ反1,10,0,10,元富-新店,2024-11-21,5922
00943,兆豐電子高息等權,10,0,10,元富-新店,2024-11-21,5922
5880,合庫金,10,0,10,元富-新店,2024-11-21,5922
1301,台塑,9,0,9,元富-新店,2024-11-21,5922
3376,新日興,10,1,9,元富-新店,2024-11-21,5922
3481,群創,11,2,9,元富-新店,2024-11-21,5922
00909,國泰數位支付服務,10,1,9,元富-新店,2024-11-21,5922
2317,鴻海,12,4,8,元富-新店,2024-11-21,5922
2890,永豐金,11,3,8,元富-新店,2024-11-21,5922
6558,興能高,14,6,8,元富-新店,2024-11-21,5922
5876,上海商銀,8,0,8,元富-新店,2024-11-21,5922
8112,至上,10,2,8,元富-新店,2024-11-21,5922
0050,元大台灣50,7,0,7,元富-新店,2024-11-21,5922
2891,中信金,6,0,6,元富-新店,2024-11-21,5922
1442,名軒,15,9,6,元富-新店,2024-11-21,5922
1504,東元,10,4,6,元富-新店,2024-11-21,5922
2362,藍天,6,0,6,元富-新店,2024-11-21,5922
3024,憶聲,6,0,6,元富-新店,2024-11-21,5922
2884,玉山金,10,5,5,元富-新店,2024-11-21,5922
1605,華新,9,4,5,元富-新店,2024-11-21,5922
6279,胡連,5,0,5,元富-新店,2024-11-21,5922
3036,文曄,375,1,374,元富-新店,2024-11-22,5922
1449,佳和,136,5,131,元富-新店,2024-11-22,5922
00637L,元大滬深300正2,374,303,71,元富-新店,2024-11-22,5922
00882,中信中國高股息,94,23,71,元富-新店,2024-11-22,5922
00935,野村臺灣新科技50,59,0,59,元富-新店,2024-11-22,5922
00632R,元大台灣50反1,62,5,57,元富-新店,2024-11-22,5922
2609,陽明,193,142,51,元富-新店,2024-11-22,5922
1314,中石化,60,10,50,元富-新店,2024-11-22,5922
00887,永豐中國科技50大,53,4,49,元富-新店,2024-11-22,5922
00930,永豐ESG低碳高息,50,3,47,元富-新店,2024-11-22,5922
3033,威健,42,1,41,元富-新店,2024-11-22,5922
6134,萬旭,46,16,30,元富-新店,2024-11-22,5922
4927,泰鼎-KY,30,0,30,元富-新店,2024-11-22,5922
1528,恩德,35,7,28,元富-新店,2024-11-22,5922
6282,康舒,41,13,28,元富-新店,2024-11-22,5922
6213,聯茂,28,2,26,元富-新店,2024-11-22,5922
2504,國產,21,0,21,元富-新店,2024-11-22,5922
00877,復華中國5G,20,0,20,元富-新店,2024-11-22,5922
2867,三商壽,19,0,19,元富-新店,2024-11-22,5922
3625,西勝,20,1,19,元富-新店,2024-11-22,5922
5876,上海商銀,19,0,19,元富-新店,2024-11-22,5922
2615,萬海,96,78,18,元富-新店,2024-11-22,5922
2317,鴻海,28,11,17,元富-新店,2024-11-22,5922
4142,國光生,17,0,17,元富-新店,2024-11-22,5922
3015,全漢,34,20,14,元富-新店,2024-11-22,5922
00937B,群益ESG投等債20,13,0,13,元富-新店,2024-11-22,5922
2881,富邦金,11,0,11,元富-新店,2024-11-22,5922
2328,廣宇,11,0,11,元富-新店,2024-11-22,5922
2353,宏��,11,0,11,元富-新店,2024-11-22,5922
3706,神達,104,93,11,元富-新店,2024-11-22,5922
00881,國泰台灣5G+,10,0,10,元富-新店,2024-11-22,5922
2887,台新金,10,0,10,元富-新店,2024-11-22,5922
1229,聯華,10,0,10,元富-新店,2024-11-22,5922
2349,錸德,29,19,10,元富-新店,2024-11-22,5922
00783,富邦中証500,10,0,10,元富-新店,2024-11-22,5922
00943,兆豐電子高息等權,10,0,10,元富-新店,2024-11-22,5922
6548,長科*,10,0,10,元富-新店,2024-11-22,5922
0061,元大寶滬深,10,0,10,元富-新店,2024-11-22,5922
8021,尖點,10,0,10,元富-新店,2024-11-22,5922
00919,群益台灣精選高息,16,7,9,元富-新店,2024-11-22,5922
00948B,中信優息投資級債,9,0,9,元富-新店,2024-11-22,5922
6770,力積電,9,0,9,元富-新店,2024-11-22,5922
8163,達方,16,8,8,元富-新店,2024-11-22,5922
3081,聯亞,15,8,7,元富-新店,2024-11-22,5922
3114,好德,7,0,7,元富-新店,2024-11-22,5922
2356,英業達,32,25,7,元富-新店,2024-11-22,5922
2542,興富發,7,0,7,元富-新店,2024-11-22,5922
3511,矽瑪,17,10,7,元富-新店,2024-11-22,5922
006208,富邦台50,7,0,7,元富-新店,2024-11-22,5922
2603,長榮,13,7,6,元富-新店,2024-11-22,5922
2371,大同,491,139,352,元富-新店,2024-11-25,5922
2801,彰銀,200,0,200,元富-新店,2024-11-25,5922
00882,中信中國高股息,209,17,192,元富-新店,2024-11-25,5922
2367,燿華,204,44,160,元富-新店,2024-11-25,5922
00637L,元大滬深300正2,80,2,78,元富-新店,2024-11-25,5922
1449,佳和,93,16,77,元富-新店,2024-11-25,5922
9105,泰金寶-DR,68,2,66,元富-新店,2024-11-25,5922
00953B,群益優選非投等債,50,0,50,元富-新店,2024-11-25,5922
00643,群益深証中小,48,0,48,元富-新店,2024-11-25,5922
2392,正崴,79,39,40,元富-新店,2024-11-25,5922
00877,復華中國5G,40,1,39,元富-新店,2024-11-25,5922
2303,聯電,31,1,30,元富-新店,2024-11-25,5922
2449,京元電子,54,24,30,元富-新店,2024-11-25,5922
00887,永豐中國科技50大,34,10,24,元富-新店,2024-11-25,5922
3625,西勝,22,0,22,元富-新店,2024-11-25,5922
1432,大魯閣,23,1,22,元富-新店,2024-11-25,5922
1101,台泥,31,9,22,元富-新店,2024-11-25,5922
1815,富喬,62,41,21,元富-新店,2024-11-25,5922
2301,光寶科,29,9,20,元富-新店,2024-11-25,5922
2634,漢翔,18,0,18,元富-新店,2024-11-25,5922
2615,萬海,40,27,13,元富-新店,2024-11-25,5922
4919,新唐,14,1,13,元富-新店,2024-11-25,5922
00878,國泰永續高股息,28,16,12,元富-新店,2024-11-25,5922
00919,群益台灣精選高息,15,2,13,元富-新店,2024-11-25,5922
3706,神達,99,87,12,元富-新店,2024-11-25,5922
2442,新美齊,12,0,12,元富-新店,2024-11-25,5922
2603,長榮,38,26,12,元富-新店,2024-11-25,5922
5880,合庫金,11,0,11,元富-新店,2024-11-25,5922
6412,群電,10,0,10,元富-新店,2024-11-25,5922
6005,群益證,10,0,10,元富-新店,2024-11-25,5922
1102,亞泥,13,3,10,元富-新店,2024-11-25,5922
8111,立��,13,3,10,元富-新店,2024-11-25,5922
2352,佳世達,10,0,10,元富-新店,2024-11-25,5922
00900,富邦特選高股息30,13,4,9,元富-新店,2024-11-25,5922
2014,中鴻,10,1,9,元富-新店,2024-11-25,5922
6288,聯嘉,12,3,9,元富-新店,2024-11-25,5922
6133,金橋,10,1,9,元富-新店,2024-11-25,5922
2332,友訊,16,7,9,元富-新店,2024-11-25,5922
6209,今國光,8,0,8,元富-新店,2024-11-25,5922
5243,乙盛-KY,11,3,8,元富-新店,2024-11-25,5922
2891,中信金,11,3,8,元富-新店,2024-11-25,5922
4576,大銀微系統,14,7,7,元富-新店,2024-11-25,5922
00940,元大台灣價值高息,52,45,7,元富-新店,2024-11-25,5922
3712,永崴投控,36,29,7,元富-新店,2024-11-25,5922
4128,中天,8,1,7,元富-新店,2024-11-25,5922
0050,元大台灣50,7,0,7,元富-新店,2024-11-25,5922
00633L,富邦上証正2,6,0,6,元富-新店,2024-11-25,5922
2867,三商壽,6,0,6,元富-新店,2024-11-25,5922
00639,富邦深100,6,0,6,元富-新店,2024-11-25,5922
6821,聯寶,24,18,6,元富-新店,2024-11-25,5922
3036,文曄,300,0,300,元富-新店,2024-11-26,5922
00918,大華優利高填息30,104,2,102,元富-新店,2024-11-26,5922
3702A,大聯大甲特,100,0,100,元富-新店,2024-11-26,5922
2371,大同,97,7,90,元富-新店,2024-11-26,5922
6505,台塑化,70,0,70,元富-新店,2024-11-26,5922
00752,中信中國50,52,0,52,元富-新店,2024-11-26,5922
2317,鴻海,98,46,52,元富-新店,2024-11-26,5922
1301,台塑,52,4,48,元富-新店,2024-11-26,5922
3323,加百裕,58,16,42,元富-新店,2024-11-26,5922
00943,兆豐電子高息等權,40,0,40,元富-新店,2024-11-26,5922
6125,廣運,33,0,33,元富-新店,2024-11-26,5922
2498,宏達電,31,2,29,元富-新店,2024-11-26,5922
00919,群益台灣精選高息,28,1,27,元富-新店,2024-11-26,5922
8110,華東,25,0,25,元富-新店,2024-11-26,5922
00878,國泰永續高股息,26,1,25,元富-新店,2024-11-26,5922
00670L,富邦NASDAQ正2,24,0,24,元富-新店,2024-11-26,5922
3706,神達,82,60,22,元富-新店,2024-11-26,5922
2399,映泰,20,0,20,元富-新店,2024-11-26,5922
4909,新復興,20,0,20,元富-新店,2024-11-26,5922
00632R,元大台灣50反1,40,20,20,元富-新店,2024-11-26,5922
3231,緯創,27,8,19,元富-新店,2024-11-26,5922
2103,台橡,18,0,18,元富-新店,2024-11-26,5922
00687B,國泰20年美債,15,0,15,元富-新店,2024-11-26,5922
6174,安��,15,0,15,元富-新店,2024-11-26,5922
00951,台新日本半導體,15,0,15,元富-新店,2024-11-26,5922
2633,台灣高鐵,15,0,15,元富-新店,2024-11-26,5922
3625,西勝,15,1,14,元富-新店,2024-11-26,5922
6282,康舒,14,0,14,元富-新店,2024-11-26,5922
2464,盟立,17,5,12,元富-新店,2024-11-26,5922
2330,台積電,11,0,11,元富-新店,2024-11-26,5922
2392,正崴,45,34,11,元富-新店,2024-11-26,5922
2891,中信金,14,3,11,元富-新店,2024-11-26,5922
3013,晟銘電,14,4,10,元富-新店,2024-11-26,5922
00764B,群益25年美債,10,0,10,元富-新店,2024-11-26,5922
3050,鈺德,20,10,10,元富-新店,2024-11-26,5922
1504,東元,11,1,10,元富-新店,2024-11-26,5922
00779B,凱基美債25+,10,0,10,元富-新店,2024-11-26,5922
3081,聯亞,9,0,9,元富-新店,2024-11-26,5922
0050,元大台灣50,9,0,9,元富-新店,2024-11-26,5922
1522,堤維西,13,4,9,元富-新店,2024-11-26,5922
2408,南亞科,9,0,9,元富-新店,2024-11-26,5922
00715L,期街口布蘭特正2,10,1,9,元富-新店,2024-11-26,5922
6548,長科*,10,1,9,元富-新店,2024-11-26,5922
006208,富邦台50,8,0,8,元富-新店,2024-11-26,5922
2344,華邦電,8,0,8,元富-新店,2024-11-26,5922
3481,群創,15,7,8,元富-新店,2024-11-26,5922
0061,元大寶滬深,10,2,8,元富-新店,2024-11-26,5922
9105,泰金寶-DR,38,31,7,元富-新店,2024-11-26,5922
2881,富邦金,13,6,7,元富-新店,2024-11-26,5922
00927,群益半導體收益,7,0,7,元富-新店,2024-11-26,5922
00878,國泰永續高股息,179,1,178,元富-新店,2024-11-27,5922
3231,緯創,162,12,150,元富-新店,2024-11-27,5922
2615,萬海,219,74,145,元富-新店,2024-11-27,5922
0056,元大高股息,107,0,107,元富-新店,2024-11-27,5922
00940,元大台灣價值高息,87,0,87,元富-新店,2024-11-27,5922
2303,聯電,98,27,71,元富-新店,2024-11-27,5922
00919,群益台灣精選高息,66,0,66,元富-新店,2024-11-27,5922
00632R,元大台灣50反1,100,40,60,元富-新店,2024-11-27,5922
00943,兆豐電子高息等權,50,0,50,元富-新店,2024-11-27,5922
2891,中信金,54,6,48,元富-新店,2024-11-27,5922
2356,英業達,53,6,47,元富-新店,2024-11-27,5922
0050,元大台灣50,36,1,35,元富-新店,2024-11-27,5922
6821,聯寶,34,0,34,元富-新店,2024-11-27,5922
2812,台中銀,40,7,33,元富-新店,2024-11-27,5922
00930,永豐ESG低碳高息,31,0,31,元富-新店,2024-11-27,5922
2603,長榮,47,16,31,元富-新店,2024-11-27,5922
3021,鴻名,39,10,29,元富-新店,2024-11-27,5922
2498,宏達電,26,1,25,元富-新店,2024-11-27,5922
00713,元大台灣高息低波,24,0,24,元富-新店,2024-11-27,5922
00922,國泰台灣領袖50,23,0,23,元富-新店,2024-11-27,5922
9105,泰金寶-DR,31,9,22,元富-新店,2024-11-27,5922
2354,鴻準,45,23,22,元富-新店,2024-11-27,5922
2301,光寶科,21,0,21,元富-新店,2024-11-27,5922
1605,華新,31,10,21,元富-新店,2024-11-27,5922
2330,台積電,21,1,20,元富-新店,2024-11-27,5922
1432,大魯閣,20,0,20,元富-新店,2024-11-27,5922
2344,華邦電,20,1,19,元富-新店,2024-11-27,5922
2426,鼎元,25,6,19,元富-新店,2024-11-27,5922
3702A,大聯大甲特,17,0,17,元富-新店,2024-11-27,5922
2002,中鋼,17,0,17,元富-新店,2024-11-27,5922
2337,旺宏,17,0,17,元富-新店,2024-11-27,5922
00918,大華優利高填息30,18,2,16,元富-新店,2024-11-27,5922
2634,漢翔,16,0,16,元富-新店,2024-11-27,5922
006208,富邦台50,14,0,14,元富-新店,2024-11-27,5922
4510,高鋒,20,6,14,元富-新店,2024-11-27,5922
6174,安��,20,6,14,元富-新店,2024-11-27,5922
3189,景碩,14,1,13,元富-新店,2024-11-27,5922
2382,廣達,15,2,13,元富-新店,2024-11-27,5922
6962,ITH-KY,13,0,13,元富-新店,2024-11-27,5922
2408,南亞科,13,0,13,元富-新店,2024-11-27,5922
2363,矽統,15,2,13,元富-新店,2024-11-27,5922
00915,凱基優選高股息30,12,0,12,元富-新店,2024-11-27,5922
3406,玉晶光,11,0,11,元富-新店,2024-11-27,5922
6505,台塑化,11,0,11,元富-新店,2024-11-27,5922
6603,富強鑫,11,0,11,元富-新店,2024-11-27,5922
8111,立��,11,0,11,元富-新店,2024-11-27,5922
3044,健鼎,11,0,11,元富-新店,2024-11-27,5922
6451,訊芯-KY,19,8,11,元富-新店,2024-11-27,5922
2881,富邦金,10,0,10,元富-新店,2024-11-27,5922
6770,力積電,12,2,10,元富-新店,2024-11-27,5922
3036,文曄,100,0,100,元富-新店,2024-11-28,5922
00720B,元大投資級公司債,90,2,88,元富-新店,2024-11-28,5922
1449,佳和,98,19,79,元富-新店,2024-11-28,5922
2312,金寶,105,28,77,元富-新店,2024-11-28,5922
00632R,元大台灣50反1,80,4,76,元富-新店,2024-11-28,5922
2303,聯電,64,2,62,元富-新店,2024-11-28,5922
2317,鴻海,80,20,60,元富-新店,2024-11-28,5922
6505,台塑化,56,0,56,元富-新店,2024-11-28,5922
1802,台玻,57,6,51,元富-新店,2024-11-28,5922
00919,群益台灣精選高息,71,30,41,元富-新店,2024-11-28,5922
2344,華邦電,42,13,29,元富-新店,2024-11-28,5922
6770,力積電,37,8,29,元富-新店,2024-11-28,5922
00878,國泰永續高股息,101,74,27,元富-新店,2024-11-28,5922
2887,台新金,27,0,27,元富-新店,2024-11-28,5922
2371,大同,33,10,23,元富-新店,2024-11-28,5922
2915,潤泰全,28,5,23,元富-新店,2024-11-28,5922
1785,光洋科,22,1,21,元富-新店,2024-11-28,5922
2883,凱基金,22,1,21,元富-新店,2024-11-28,5922
5388,中磊,20,0,20,元富-新店,2024-11-28,5922
00930,永豐ESG低碳高息,16,0,16,元富-新店,2024-11-28,5922
1605,華新,18,2,16,元富-新店,2024-11-28,5922
3013,晟銘電,15,0,15,元富-新店,2024-11-28,5922
2330,台積電,17,4,13,元富-新店,2024-11-28,5922
2609,陽明,18,5,13,元富-新店,2024-11-28,5922
3231,緯創,26,13,13,元富-新店,2024-11-28,5922
6715,嘉基,12,0,12,元富-新店,2024-11-28,5922
2903,遠百,11,0,11,元富-新店,2024-11-28,5922
3481,群創,12,1,11,元富-新店,2024-11-28,5922
00915,凱基優選高股息30,14,3,11,元富-新店,2024-11-28,5922
2301,光寶科,10,0,10,元富-新店,2024-11-28,5922
3209,全科,10,0,10,元富-新店,2024-11-28,5922
1532,勤美,13,3,10,元富-新店,2024-11-28,5922
00921,兆豐龍頭等權重,10,0,10,元富-新店,2024-11-28,5922
3062,建漢,12,2,10,元富-新店,2024-11-28,5922
6603,富強鑫,10,0,10,元富-新店,2024-11-28,5922
1721,三晃,10,0,10,元富-新店,2024-11-28,5922
8112,至上,10,1,9,元富-新店,2024-11-28,5922
0056,元大高股息,40,31,9,元富-新店,2024-11-28,5922
3715,定穎投控,11,2,9,元富-新店,2024-11-28,5922
2332,友訊,40,31,9,元富-新店,2024-11-28,5922
3021,鴻名,9,0,9,元富-新店,2024-11-28,5922
3712,永崴投控,18,9,9,元富-新店,2024-11-28,5922
00881,國泰台灣5G+,8,0,8,元富-新店,2024-11-28,5922
2204,中華,9,1,8,元富-新店,2024-11-28,5922
8163,達方,8,0,8,元富-新店,2024-11-28,5922
1340,勝悅-KY,8,0,8,元富-新店,2024-11-28,5922
3521,鴻翊,8,0,8,元富-新店,2024-11-28,5922
0050,元大台灣50,10,2,8,元富-新店,2024-11-28,5922
3211,順達,7,0,7,元富-新店,2024-11-28,5922
00952,凱基台灣AI50,7,0,7,元富-新店,2024-11-28,5922
00632R,元大台灣50反1,122,0,122,元富-新店,2024-11-29,5922
2332,友訊,91,4,87,元富-新店,2024-11-29,5922
2883,凱基金,58,0,58,元富-新店,2024-11-29,5922
2392,正崴,80,25,55,元富-新店,2024-11-29,5922
2317,鴻海,55,14,41,元富-新店,2024-11-29,5922
2337,旺宏,37,0,37,元富-新店,2024-11-29,5922
00712,復華富時不動產,33,0,33,元富-新店,2024-11-29,5922
2303,聯電,53,23,30,元富-新店,2024-11-29,5922
1605,華新,36,9,27,元富-新店,2024-11-29,5922
6116,彩晶,30,3,27,元富-新店,2024-11-29,5922
00919,群益台灣精選高息,27,1,26,元富-新店,2024-11-29,5922
2498,宏達電,29,3,26,元富-新店,2024-11-29,5922
5880,合庫金,25,0,25,元富-新店,2024-11-29,5922
1301,台塑,24,2,22,元富-新店,2024-11-29,5922
2905,三商,22,0,22,元富-新店,2024-11-29,5922
9105,泰金寶-DR,50,31,19,元富-新店,2024-11-29,5922
8104,錸寶,24,5,19,元富-新店,2024-11-29,5922
3033,威健,18,0,18,元富-新店,2024-11-29,5922
0056,元大高股息,32,15,17,元富-新店,2024-11-29,5922
2344,華邦電,26,10,16,元富-新店,2024-11-29,5922
2330,台積電,20,4,16,元富-新店,2024-11-29,5922
3290,東浦,15,0,15,元富-新店,2024-11-29,5922
2633,台灣高鐵,15,0,15,元富-新店,2024-11-29,5922
00665L,富邦�琤肭磪囓�2,20,6,14,元富-新店,2024-11-29,5922
8069,元太,18,5,13,元富-新店,2024-11-29,5922
4303,信立,18,6,12,元富-新店,2024-11-29,5922
2887,台新金,12,0,12,元富-新店,2024-11-29,5922
2884,玉山金,14,2,12,元富-新店,2024-11-29,5922
2603,長榮,14,3,11,元富-新店,2024-11-29,5922
2915,潤泰全,11,0,11,元富-新店,2024-11-29,5922
8171,天宇,15,4,11,元富-新店,2024-11-29,5922
2354,鴻準,47,36,11,元富-新店,2024-11-29,5922
2511,太子,10,0,10,元富-新店,2024-11-29,5922
1532,勤美,10,0,10,元富-新店,2024-11-29,5922
1308,亞聚,10,0,10,元富-新店,2024-11-29,5922
2634,漢翔,10,0,10,元富-新店,2024-11-29,5922
1402,遠東新,9,0,9,元富-新店,2024-11-29,5922
2371,大同,15,6,9,元富-新店,2024-11-29,5922
2324,仁寶,11,3,8,元富-新店,2024-11-29,5922
6505,台塑化,7,0,7,元富-新店,2024-11-29,5922
00900,富邦特選高股息30,7,0,7,元富-新店,2024-11-29,5922
3062,建漢,7,0,7,元富-新店,2024-11-29,5922
5302,太欣,7,0,7,元富-新店,2024-11-29,5922
2002,中鋼,11,5,6,元富-新店,2024-11-29,5922
6488,環球晶,6,0,6,元富-新店,2024-11-29,5922
4726,永昕,6,0,6,元富-新店,2024-11-29,5922
1305,華夏,5,0,5,元富-新店,2024-11-29,5922
5438,東友,6,1,5,元富-新店,2024-11-29,5922
2431,聯昌,5,0,5,元富-新店,2024-11-29,5922
2103,台橡,5,0,5,元富-新店,2024-11-29,5922
00953B,群益優選非投等債,200,5,195,元富-新店,2024-12-02,5922
8429,金麗-KY,110,6,104,元富-新店,2024-12-02,5922
3033,威健,130,30,100,元富-新店,2024-12-02,5922
00632R,元大台灣50反1,73,8,65,元富-新店,2024-12-02,5922
2812,台中銀,60,0,60,元富-新店,2024-12-02,5922
2610,華航,81,21,60,元富-新店,2024-12-02,5922
00753L,中信中國50正2,70,12,58,元富-新店,2024-12-02,5922
1605,華新,57,4,53,元富-新店,2024-12-02,5922
2314,台揚,51,0,51,元富-新店,2024-12-02,5922
00887,永豐中國科技50大,44,0,44,元富-新店,2024-12-02,5922
2303,聯電,62,22,40,元富-新店,2024-12-02,5922
00932,兆豐永續高息等權,40,1,39,元富-新店,2024-12-02,5922
1524,耿鼎,42,6,36,元富-新店,2024-12-02,5922
2312,金寶,36,5,31,元富-新店,2024-12-02,5922
00637L,元大滬深300正2,55,25,30,元富-新店,2024-12-02,5922
5309,系統電,76,48,28,元富-新店,2024-12-02,5922
1815,富喬,37,12,25,元富-新店,2024-12-02,5922
00919,群益台灣精選高息,32,11,21,元富-新店,2024-12-02,5922
6821,聯寶,25,4,21,元富-新店,2024-12-02,5922
6770,力積電,22,2,20,元富-新店,2024-12-02,5922
00882,中信中國高股息,20,0,20,元富-新店,2024-12-02,5922
2605,新興,18,0,18,元富-新店,2024-12-02,5922
2498,宏達電,16,0,16,元富-新店,2024-12-02,5922
2426,鼎元,22,7,15,元富-新店,2024-12-02,5922
00959B,大華投等美債15Y+,15,0,15,元富-新店,2024-12-02,5922
2371,大同,15,0,15,元富-新店,2024-12-02,5922
00713,元大台灣高息低波,12,0,12,元富-新店,2024-12-02,5922
3376,新日興,13,1,12,元富-新店,2024-12-02,5922
6127,九豪,15,3,12,元富-新店,2024-12-02,5922
5880,合庫金,12,0,12,元富-新店,2024-12-02,5922
1474,弘裕,11,0,11,元富-新店,2024-12-02,5922
2027,大成鋼,11,0,11,元富-新店,2024-12-02,5922
2834,臺企銀,10,0,10,元富-新店,2024-12-02,5922
0061,元大寶滬深,10,0,10,元富-新店,2024-12-02,5922
2204,中華,10,0,10,元富-新店,2024-12-02,5922
00783,富邦中証500,10,0,10,元富-新店,2024-12-02,5922
00752,中信中國50,10,0,10,元富-新店,2024-12-02,5922
3447,展達,13,3,10,元富-新店,2024-12-02,5922
00950B,凱基A級公司債,10,0,10,元富-新店,2024-12-02,5922
3211,順達,64,55,9,元富-新店,2024-12-02,5922
00918,大華優利高填息30,11,2,9,元富-新店,2024-12-02,5922
2002,中鋼,11,2,9,元富-新店,2024-12-02,5922
8112,至上,10,1,9,元富-新店,2024-12-02,5922
2486,一詮,8,0,8,元富-新店,2024-12-02,5922
6257,矽格,7,0,7,元富-新店,2024-12-02,5922
00909,國泰數位支付服務,8,1,7,元富-新店,2024-12-02,5922
3490,單井,7,0,7,元富-新店,2024-12-02,5922
4931,新盛力,9,2,7,元富-新店,2024-12-02,5922
3029,零壹,17,10,7,元富-新店,2024-12-02,5922
2412,中華電,6,0,6,元富-新店,2024-12-02,5922
2618,長榮航,394,80,314,元富-新店,2024-12-03,5922
00919,群益台灣精選高息,220,26,194,元富-新店,2024-12-03,5922
00953B,群益優選非投等債,153,0,153,元富-新店,2024-12-03,5922
1449,佳和,247,189,58,元富-新店,2024-12-03,5922
2887,台新金,52,0,52,元富-新店,2024-12-03,5922
8429,金麗-KY,52,3,49,元富-新店,2024-12-03,5922
00878,國泰永續高股息,45,3,42,元富-新店,2024-12-03,5922
00713,元大台灣高息低波,40,0,40,元富-新店,2024-12-03,5922
00932,兆豐永續高息等權,30,0,30,元富-新店,2024-12-03,5922
2349,錸德,35,5,30,元富-新店,2024-12-03,5922
0056,元大高股息,43,13,30,元富-新店,2024-12-03,5922
00922,國泰台灣領袖50,23,0,23,元富-新店,2024-12-03,5922
00946,群益科技高息成長,23,0,23,元富-新店,2024-12-03,5922
00918,大華優利高填息30,20,0,20,元富-新店,2024-12-03,5922
2498,宏達電,21,1,20,元富-新店,2024-12-03,5922
2892,第一金,20,1,19,元富-新店,2024-12-03,5922
3045,台灣大,17,2,15,元富-新店,2024-12-03,5922
2371,大同,16,1,15,元富-新店,2024-12-03,5922
3323,加百裕,25,10,15,元富-新店,2024-12-03,5922
1540,喬福,14,0,14,元富-新店,2024-12-03,5922
2344,華邦電,13,1,12,元富-新店,2024-12-03,5922
2312,金寶,18,6,12,元富-新店,2024-12-03,5922
00887,永豐中國科技50大,10,0,10,元富-新店,2024-12-03,5922
1305,華夏,10,0,10,元富-新店,2024-12-03,5922
8112,至上,24,14,10,元富-新店,2024-12-03,5922
8422,可寧衛,10,0,10,元富-新店,2024-12-03,5922
6153,嘉聯益,10,0,10,元富-新店,2024-12-03,5922
3264,欣銓,10,0,10,元富-新店,2024-12-03,5922
1815,富喬,19,10,9,元富-新店,2024-12-03,5922
5302,太欣,9,0,9,元富-新店,2024-12-03,5922
3029,零壹,11,2,9,元富-新店,2024-12-03,5922
2444,兆勁,9,0,9,元富-新店,2024-12-03,5922
4714,永捷,10,1,9,元富-新店,2024-12-03,5922
00927,群益半導體收益,8,0,8,元富-新店,2024-12-03,5922
4931,新盛力,11,3,8,元富-新店,2024-12-03,5922
3437,榮創,8,0,8,元富-新店,2024-12-03,5922
2329,華泰,10,2,8,元富-新店,2024-12-03,5922
2363,矽統,7,0,7,元富-新店,2024-12-03,5922
5438,東友,10,3,7,元富-新店,2024-12-03,5922
2317,鴻海,40,33,7,元富-新店,2024-12-03,5922
4968,立積,8,2,6,元富-新店,2024-12-03,5922
00909,國泰數位支付服務,6,0,6,元富-新店,2024-12-03,5922
00650L,復華香港正2,6,0,6,元富-新店,2024-12-03,5922
2405,輔信,8,2,6,元富-新店,2024-12-03,5922
6821,聯寶,16,10,6,元富-新店,2024-12-03,5922
6412,群電,6,0,6,元富-新店,2024-12-03,5922
2460,建通,6,0,6,元富-新店,2024-12-03,5922
6215,和椿,7,1,6,元富-新店,2024-12-03,5922
2332,友訊,13,8,5,元富-新店,2024-12-03,5922
3056,富華新,5,0,5,元富-新店,2024-12-03,5922
5880,合庫金,250,10,240,元富-新店,2024-12-04,5922
00948B,中信優息投資級債,240,62,178,元富-新店,2024-12-04,5922
2609,陽明,94,4,90,元富-新店,2024-12-04,5922
1802,台玻,90,16,74,元富-新店,2024-12-04,5922
1102,亞泥,50,0,50,元富-新店,2024-12-04,5922
3605,宏致,41,1,40,元富-新店,2024-12-04,5922
2887,台新金,38,0,38,元富-新店,2024-12-04,5922
00670L,富邦NASDAQ正2,36,0,36,元富-新店,2024-12-04,5922
00647L,元大S＆P500正2,35,0,35,元富-新店,2024-12-04,5922
8111,立��,34,1,33,元富-新店,2024-12-04,5922
00918,大華優利高填息30,72,40,32,元富-新店,2024-12-04,5922
1605,華新,31,0,31,元富-新店,2024-12-04,5922
3025,星通,39,9,30,元富-新店,2024-12-04,5922
00919,群益台灣精選高息,43,13,30,元富-新店,2024-12-04,5922
00953B,群益優選非投等債,30,2,28,元富-新店,2024-12-04,5922
1449,佳和,88,61,27,元富-新店,2024-12-04,5922
2323,中環,25,0,25,元富-新店,2024-12-04,5922
2888,新光金,25,1,24,元富-新店,2024-12-04,5922
2302,麗正,24,0,24,元富-新店,2024-12-04,5922
3466,德晉,20,0,20,元富-新店,2024-12-04,5922
3591,艾笛森,23,5,18,元富-新店,2024-12-04,5922
00712,復華富時不動產,31,14,17,元富-新店,2024-12-04,5922
2349,錸德,29,12,17,元富-新店,2024-12-04,5922
00959B,大華投等美債15Y+,16,0,16,元富-新店,2024-12-04,5922
00937B,群益ESG投等債20,30,14,16,元富-新店,2024-12-04,5922
2633,台灣高鐵,15,0,15,元富-新店,2024-12-04,5922
2511,太子,15,0,15,元富-新店,2024-12-04,5922
1301,台塑,13,0,13,元富-新店,2024-12-04,5922
00650L,復華香港正2,10,0,10,元富-新店,2024-12-04,5922
1402,遠東新,10,0,10,元富-新店,2024-12-04,5922
2344,華邦電,11,1,10,元富-新店,2024-12-04,5922
00877,復華中國5G,10,0,10,元富-新店,2024-12-04,5922
00665L,富邦�琤肭磪囓�2,10,0,10,元富-新店,2024-12-04,5922
2616,山隆,10,0,10,元富-新店,2024-12-04,5922
3032,偉訓,36,27,9,元富-新店,2024-12-04,5922
3260,威剛,9,0,9,元富-新店,2024-12-04,5922
3694,海華,22,13,9,元富-新店,2024-12-04,5922
2465,麗臺,10,1,9,元富-新店,2024-12-04,5922
6757,台灣虎航,13,4,9,元富-新店,2024-12-04,5922
00887,永豐中國科技50大,9,0,9,元富-新店,2024-12-04,5922
6244,茂迪,10,1,9,元富-新店,2024-12-04,5922
5302,太欣,8,0,8,元富-新店,2024-12-04,5922
4906,正文,8,0,8,元富-新店,2024-12-04,5922
00753L,中信中國50正2,8,0,8,元富-新店,2024-12-04,5922
2303,聯電,9,2,7,元富-新店,2024-12-04,5922
3548,兆利,17,10,7,元富-新店,2024-12-04,5922
3583,辛耘,12,5,7,元富-新店,2024-12-04,5922
2354,鴻準,18,11,7,元富-新店,2024-12-04,5922
2891,中信金,10,3,7,元富-新店,2024-12-04,5922
2408,南亞科,7,1,6,元富-新店,2024-12-04,5922
2801,彰銀,200,0,200,元富-新店,2024-12-05,5922
3036,文曄,91,0,91,元富-新店,2024-12-05,5922
3021,鴻名,75,9,66,元富-新店,2024-12-05,5922
5328,華容,65,6,59,元富-新店,2024-12-05,5922
2303,聯電,70,34,36,元富-新店,2024-12-05,5922
2371,大同,66,30,36,元富-新店,2024-12-05,5922
9105,泰金寶-DR,39,5,34,元富-新店,2024-12-05,5922
1815,富喬,193,160,33,元富-新店,2024-12-05,5922
00923,群益台ESG低碳50,30,0,30,元富-新店,2024-12-05,5922
5880,合庫金,30,0,30,元富-新店,2024-12-05,5922
00713,元大台灣高息低波,26,0,26,元富-新店,2024-12-05,5922
6127,九豪,41,15,26,元富-新店,2024-12-05,5922
00909,國泰數位支付服務,25,1,24,元富-新店,2024-12-05,5922
2329,華泰,25,2,23,元富-新店,2024-12-05,5922
3537,堡達,23,1,22,元富-新店,2024-12-05,5922
2317,鴻海,26,4,22,元富-新店,2024-12-05,5922
00953B,群益優選非投等債,21,0,21,元富-新店,2024-12-05,5922
6505,台塑化,21,1,20,元富-新店,2024-12-05,5922
1802,台玻,32,12,20,元富-新店,2024-12-05,5922
2367,燿華,24,5,19,元富-新店,2024-12-05,5922
2353,宏��,18,0,18,元富-新店,2024-12-05,5922
3481,群創,18,0,18,元富-新店,2024-12-05,5922
6821,聯寶,22,5,17,元富-新店,2024-12-05,5922
6770,力積電,17,0,17,元富-新店,2024-12-05,5922
2905,三商,16,0,16,元富-新店,2024-12-05,5922
6558,興能高,31,15,16,元富-新店,2024-12-05,5922
3003,健和興,17,1,16,元富-新店,2024-12-05,5922
6284,佳邦,16,1,15,元富-新店,2024-12-05,5922
2476,鉅祥,16,1,15,元富-新店,2024-12-05,5922
00715L,期街口布蘭特正2,16,2,14,元富-新店,2024-12-05,5922
3105,穩懋,15,1,14,元富-新店,2024-12-05,5922
6757,台灣虎航,12,0,12,元富-新店,2024-12-05,5922
00887,永豐中國科技50大,12,0,12,元富-新店,2024-12-05,5922
5371,中光電,13,1,12,元富-新店,2024-12-05,5922
9945,潤泰新,11,0,11,元富-新店,2024-12-05,5922
3323,加百裕,49,38,11,元富-新店,2024-12-05,5922
2204,中華,16,5,11,元富-新店,2024-12-05,5922
2464,盟立,14,3,11,元富-新店,2024-12-05,5922
3712,永崴投控,15,4,11,元富-新店,2024-12-05,5922
2543,皇昌,14,3,11,元富-新店,2024-12-05,5922
00712,復華富時不動產,10,0,10,元富-新店,2024-12-05,5922
1303,南亞,10,0,10,元富-新店,2024-12-05,5922
00646,元大S＆P500,10,0,10,元富-新店,2024-12-05,5922
6733,博晟生醫,10,0,10,元富-新店,2024-12-05,5922
2634,漢翔,10,0,10,元富-新店,2024-12-05,5922
6155,鈞寶,20,10,10,元富-新店,2024-12-05,5922
2302,麗正,11,1,10,元富-新店,2024-12-05,5922
00783,富邦中証500,10,0,10,元富-新店,2024-12-05,5922
3317,尼克森,16,6,10,元富-新店,2024-12-05,5922
3090,日電貿,42,33,9,元富-新店,2024-12-05,5922
00959B,大華投等美債15Y+,400,0,400,元富-新店,2024-12-06,5922
02001R,富邦蘋果反一N,166,0,166,元富-新店,2024-12-06,5922
00715L,期街口布蘭特正2,110,0,110,元富-新店,2024-12-06,5922
00945B,凱基美國非投等債,91,0,91,元富-新店,2024-12-06,5922
1449,佳和,129,61,68,元富-新店,2024-12-06,5922
00962,台新AI優息動能,64,1,63,元富-新店,2024-12-06,5922
1301,台塑,67,6,61,元富-新店,2024-12-06,5922
3706,神達,121,66,55,元富-新店,2024-12-06,5922
1326,台化,50,0,50,元富-新店,2024-12-06,5922
6505,台塑化,50,0,50,元富-新店,2024-12-06,5922
00935,野村臺灣新科技50,40,0,40,元富-新店,2024-12-06,5922
00953B,群益優選非投等債,33,0,33,元富-新店,2024-12-06,5922
2312,金寶,35,4,31,元富-新店,2024-12-06,5922
1815,富喬,74,49,25,元富-新店,2024-12-06,5922
8111,立��,26,4,22,元富-新店,2024-12-06,5922
1524,耿鼎,24,3,21,元富-新店,2024-12-06,5922
8150,南茂,20,0,20,元富-新店,2024-12-06,5922
00680L,元大美債20正2,30,10,20,元富-新店,2024-12-06,5922
5880,合庫金,20,0,20,元富-新店,2024-12-06,5922
6821,聯寶,23,4,19,元富-新店,2024-12-06,5922
2618,長榮航,20,1,19,元富-新店,2024-12-06,5922
2436,偉詮電,21,4,17,元富-新店,2024-12-06,5922
2493,揚博,17,1,16,元富-新店,2024-12-06,5922
2375,凱美,40,25,15,元富-新店,2024-12-06,5922
00679B,元大美債20年,15,0,15,元富-新店,2024-12-06,5922
00930,永豐ESG低碳高息,14,0,14,元富-新店,2024-12-06,5922
3032,偉訓,20,6,14,元富-新店,2024-12-06,5922
00712,復華富時不動產,32,20,12,元富-新店,2024-12-06,5922
2317,鴻海,30,18,12,元富-新店,2024-12-06,5922
00932,兆豐永續高息等權,12,0,12,元富-新店,2024-12-06,5922
2610,華航,19,7,12,元富-新店,2024-12-06,5922
00918,大華優利高填息30,12,0,12,元富-新店,2024-12-06,5922
4953,緯軟,15,3,12,元富-新店,2024-12-06,5922
2371,大同,13,2,11,元富-新店,2024-12-06,5922
2439,美律,11,0,11,元富-新店,2024-12-06,5922
2303,聯電,14,4,10,元富-新店,2024-12-06,5922
00933B,國泰10Y+金融債,10,0,10,元富-新店,2024-12-06,5922
4303,信立,11,1,10,元富-新店,2024-12-06,5922
2498,宏達電,10,1,9,元富-新店,2024-12-06,5922
9105,泰金寶-DR,9,0,9,元富-新店,2024-12-06,5922
8240,華宏,8,0,8,元富-新店,2024-12-06,5922
8032,光菱,10,2,8,元富-新店,2024-12-06,5922
6175,立敦,8,0,8,元富-新店,2024-12-06,5922
6161,捷波,8,0,8,元富-新店,2024-12-06,5922
8069,元太,8,0,8,元富-新店,2024-12-06,5922
2374,佳能,9,1,8,元富-新店,2024-12-06,5922
00936,台新永續高息中小,7,0,7,元富-新店,2024-12-06,5922
3450,聯鈞,20,13,7,元富-新店,2024-12-06,5922
3149,正達,7,0,7,元富-新店,2024-12-06,5922
4909,新復興,9,2,7,元富-新店,2024-12-06,5922
3036,文曄,115,1,114,元富-新店,2024-12-09,5922
00919,群益台灣精選高息,175,70,105,元富-新店,2024-12-09,5922
00937B,群益ESG投等債20,100,25,75,元富-新店,2024-12-09,5922
00953B,群益優選非投等債,61,10,51,元富-新店,2024-12-09,5922
00945B,凱基美國非投等債,50,0,50,元富-新店,2024-12-09,5922
4931,新盛力,55,6,49,元富-新店,2024-12-09,5922
5864,致和證,42,0,42,元富-新店,2024-12-09,5922
5309,系統電,44,3,41,元富-新店,2024-12-09,5922
1522,堤維西,31,0,31,元富-新店,2024-12-09,5922
2615,萬海,57,29,28,元富-新店,2024-12-09,5922
00877,復華中國5G,30,2,28,元富-新店,2024-12-09,5922
6962,ITH-KY,29,2,27,元富-新店,2024-12-09,5922
00932,兆豐永續高息等權,24,0,24,元富-新店,2024-12-09,5922
2634,漢翔,24,0,24,元富-新店,2024-12-09,5922
2903,遠百,21,0,21,元富-新店,2024-12-09,5922
6282,康舒,21,0,21,元富-新店,2024-12-09,5922
00887,永豐中國科技50大,20,0,20,元富-新店,2024-12-09,5922
2498,宏達電,21,1,20,元富-新店,2024-12-09,5922
6140,訊達,20,0,20,元富-新店,2024-12-09,5922
2374,佳能,30,10,20,元富-新店,2024-12-09,5922
3105,穩懋,19,1,18,元富-新店,2024-12-09,5922
1301,台塑,18,1,17,元富-新店,2024-12-09,5922
2002,中鋼,17,0,17,元富-新店,2024-12-09,5922
00637L,元大滬深300正2,19,2,17,元富-新店,2024-12-09,5922
4908,前鼎,16,0,16,元富-新店,2024-12-09,5922
1605,華新,26,11,15,元富-新店,2024-12-09,5922
00882,中信中國高股息,20,5,15,元富-新店,2024-12-09,5922
00680L,元大美債20正2,16,1,15,元富-新店,2024-12-09,5922
8096,擎亞,14,1,13,元富-新店,2024-12-09,5922
2610,華航,75,63,12,元富-新店,2024-12-09,5922
4303,信立,12,0,12,元富-新店,2024-12-09,5922
3265,台星科,12,1,11,元富-新店,2024-12-09,5922
4958,臻鼎-KY,11,0,11,元富-新店,2024-12-09,5922
2375,凱美,12,2,10,元富-新店,2024-12-09,5922
6505,台塑化,11,1,10,元富-新店,2024-12-09,5922
6821,聯寶,10,0,10,元富-新店,2024-12-09,5922
9105,泰金寶-DR,12,2,10,元富-新店,2024-12-09,5922
2890,永豐金,10,0,10,元富-新店,2024-12-09,5922
00908,富邦入息REITs+,10,0,10,元富-新店,2024-12-09,5922
2913,農林,13,3,10,元富-新店,2024-12-09,5922
2406,國碩,10,0,10,元富-新店,2024-12-09,5922
00783,富邦中証500,10,0,10,元富-新店,2024-12-09,5922
2845,遠東銀,10,0,10,元富-新店,2024-12-09,5922
5328,華容,10,0,10,元富-新店,2024-12-09,5922
01009T,王道圓滿R1,10,0,10,元富-新店,2024-12-09,5922
1532,勤美,10,0,10,元富-新店,2024-12-09,5922
00643,群益深証中小,10,0,10,元富-新店,2024-12-09,5922
0061,元大寶滬深,10,0,10,元富-新店,2024-12-09,5922
3029,零壹,21,11,10,元富-新店,2024-12-09,5922
00915,凱基優選高股息30,11,1,10,元富-新店,2024-12-09,5922
2883,凱基金,225,6,219,元富-新店,2024-12-10,5922
3036,文曄,181,0,181,元富-新店,2024-12-10,5922
2353,宏��,131,11,120,元富-新店,2024-12-10,5922
00945B,凱基美國非投等債,106,0,106,元富-新店,2024-12-10,5922
2317,鴻海,109,9,100,元富-新店,2024-12-10,5922
00637L,元大滬深300正2,850,774,76,元富-新店,2024-12-10,5922
2609,陽明,156,90,66,元富-新店,2024-12-10,5922
3702A,大聯大甲特,46,0,46,元富-新店,2024-12-10,5922
1815,富喬,58,13,45,元富-新店,2024-12-10,5922
2615,萬海,69,26,43,元富-新店,2024-12-10,5922
00713,元大台灣高息低波,40,0,40,元富-新店,2024-12-10,5922
00948B,中信優息投資級債,40,3,37,元富-新店,2024-12-10,5922
2618,長榮航,83,47,36,元富-新店,2024-12-10,5922
5521,工信,34,0,34,元富-新店,2024-12-10,5922
2354,鴻準,58,25,33,元富-新店,2024-12-10,5922
00918,大華優利高填息30,32,1,31,元富-新店,2024-12-10,5922
00915,凱基優選高股息30,29,0,29,元富-新店,2024-12-10,5922
2371,大同,27,0,27,元富-新店,2024-12-10,5922
00959B,大華投等美債15Y+,26,0,26,元富-新店,2024-12-10,5922
00878,國泰永續高股息,28,3,25,元富-新店,2024-12-10,5922
00953B,群益優選非投等債,22,0,22,元富-新店,2024-12-10,5922
3706,神達,96,74,22,元富-新店,2024-12-10,5922
00882,中信中國高股息,49,29,20,元富-新店,2024-12-10,5922
8383,千附,20,0,20,元富-新店,2024-12-10,5922
1524,耿鼎,21,3,18,元富-新店,2024-12-10,5922
2401,凌陽,41,24,17,元富-新店,2024-12-10,5922
1219,福壽,17,0,17,元富-新店,2024-12-10,5922
1101,台泥,19,2,17,元富-新店,2024-12-10,5922
9904,寶成,15,0,15,元富-新店,2024-12-10,5922
2511,太子,15,1,14,元富-新店,2024-12-10,5922
00909,國泰數位支付服務,16,3,13,元富-新店,2024-12-10,5922
2382,廣達,14,1,13,元富-新店,2024-12-10,5922
8096,擎亞,16,3,13,元富-新店,2024-12-10,5922
5202,力新,12,0,12,元富-新店,2024-12-10,5922
6715,嘉基,15,3,12,元富-新店,2024-12-10,5922
2392,正崴,15,3,12,元富-新店,2024-12-10,5922
5439,高技,12,0,12,元富-新店,2024-12-10,5922
00937B,群益ESG投等債20,23,12,11,元富-新店,2024-12-10,5922
3211,順達,37,26,11,元富-新店,2024-12-10,5922
00887,永豐中國科技50大,23,12,11,元富-新店,2024-12-10,5922
4931,新盛力,15,4,11,元富-新店,2024-12-10,5922
00919,群益台灣精選高息,11,0,11,元富-新店,2024-12-10,5922
00679B,元大美債20年,11,1,10,元富-新店,2024-12-10,5922
3209,全科,10,0,10,元富-新店,2024-12-10,5922
00932,兆豐永續高息等權,10,0,10,元富-新店,2024-12-10,5922
00783,富邦中証500,10,0,10,元富-新店,2024-12-10,5922
1220,台榮,10,0,10,元富-新店,2024-12-10,5922
1457,宜進,10,0,10,元富-新店,2024-12-10,5922
6155,鈞寶,10,0,10,元富-新店,2024-12-10,5922
8074,鉅橡,10,0,10,元富-新店,2024-12-10,5922
3702A,大聯大甲特,300,0,300,元富-新店,2024-12-11,5922
3036,文曄,220,0,220,元富-新店,2024-12-11,5922
6770,力積電,159,13,146,元富-新店,2024-12-11,5922
00948B,中信優息投資級債,140,10,130,元富-新店,2024-12-11,5922
00637L,元大滬深300正2,306,237,69,元富-新店,2024-12-11,5922
3706,神達,84,24,60,元富-新店,2024-12-11,5922
00918,大華優利高填息30,58,0,58,元富-新店,2024-12-11,5922
5880,合庫金,53,0,53,元富-新店,2024-12-11,5922
2317,鴻海,82,37,45,元富-新店,2024-12-11,5922
2303,聯電,48,5,43,元富-新店,2024-12-11,5922
1444,力麗,41,0,41,元富-新店,2024-12-11,5922
0056,元大高股息,45,4,41,元富-新店,2024-12-11,5922
3021,鴻名,35,0,35,元富-新店,2024-12-11,5922
2609,陽明,90,56,34,元富-新店,2024-12-11,5922
00632R,元大台灣50反1,69,36,33,元富-新店,2024-12-11,5922
2882,國泰金,32,0,32,元富-新店,2024-12-11,5922
2374,佳能,37,5,32,元富-新店,2024-12-11,5922
00919,群益台灣精選高息,65,34,31,元富-新店,2024-12-11,5922
6821,聯寶,31,2,29,元富-新店,2024-12-11,5922
5907,大洋-KY,34,5,29,元富-新店,2024-12-11,5922
00959B,大華投等美債15Y+,26,0,26,元富-新店,2024-12-11,5922
2887,台新金,25,0,25,元富-新店,2024-12-11,5922
00942B,台新美A公司債20+,23,0,23,元富-新店,2024-12-11,5922
00878,國泰永續高股息,23,1,22,元富-新店,2024-12-11,5922
2002,中鋼,23,1,22,元富-新店,2024-12-11,5922
8027,鈦昇,20,0,20,元富-新店,2024-12-11,5922
2258,鴻華先進-創,20,0,20,元富-新店,2024-12-11,5922
2618,長榮航,26,8,18,元富-新店,2024-12-11,5922
00909,國泰數位支付服務,17,0,17,元富-新店,2024-12-11,5922
2337,旺宏,17,0,17,元富-新店,2024-12-11,5922
3231,緯創,22,5,17,元富-新店,2024-12-11,5922
2905,三商,15,0,15,元富-新店,2024-12-11,5922
1326,台化,14,0,14,元富-新店,2024-12-11,5922
3548,兆利,18,4,14,元富-新店,2024-12-11,5922
00915,凱基優選高股息30,14,1,13,元富-新店,2024-12-11,5922
1303,南亞,12,0,12,元富-新店,2024-12-11,5922
3037,欣興,12,1,11,元富-新店,2024-12-11,5922
2915,潤泰全,11,0,11,元富-新店,2024-12-11,5922
2204,中華,18,8,10,元富-新店,2024-12-11,5922
2485,兆赫,10,0,10,元富-新店,2024-12-11,5922
00951,台新日本半導體,10,0,10,元富-新店,2024-12-11,5922
4931,新盛力,19,9,10,元富-新店,2024-12-11,5922
1702,南僑,10,0,10,元富-新店,2024-12-11,5922
6282,康舒,10,0,10,元富-新店,2024-12-11,5922
00960,野村全球航運龍頭,10,0,10,元富-新店,2024-12-11,5922
9103,美德醫療-DR,10,0,10,元富-新店,2024-12-11,5922
4142,國光生,10,0,10,元富-新店,2024-12-11,5922
3211,順達,23,14,9,元富-新店,2024-12-11,5922
00910,第一金太空衛星,9,0,9,元富-新店,2024-12-11,5922
2330,台積電,9,0,9,元富-新店,2024-12-11,5922
00948B,中信優息投資級債,450,10,440,元富-新店,2024-12-12,5922
3702A,大聯大甲特,376,0,376,元富-新店,2024-12-12,5922
00725B,國泰投資級公司債,371,0,371,元富-新店,2024-12-12,5922
00945B,凱基美國非投等債,208,2,206,元富-新店,2024-12-12,5922
1815,富喬,186,17,169,元富-新店,2024-12-12,5922
1303,南亞,120,0,120,元富-新店,2024-12-12,5922
2609,陽明,125,42,83,元富-新店,2024-12-12,5922
2353,宏��,73,2,71,元富-新店,2024-12-12,5922
6821,聯寶,45,0,45,元富-新店,2024-12-12,5922
00919,群益台灣精選高息,61,18,43,元富-新店,2024-12-12,5922
00680L,元大美債20正2,37,0,37,元富-新店,2024-12-12,5922
2303,聯電,41,6,35,元富-新店,2024-12-12,5922
8047,星雲,30,0,30,元富-新店,2024-12-12,5922
3591,艾笛森,32,2,30,元富-新店,2024-12-12,5922
00882,中信中國高股息,36,7,29,元富-新店,2024-12-12,5922
00918,大華優利高填息30,31,3,28,元富-新店,2024-12-12,5922
2618,長榮航,36,11,25,元富-新店,2024-12-12,5922
3710,連展投控,23,0,23,元富-新店,2024-12-12,5922
00881,國泰台灣5G+,22,0,22,元富-新店,2024-12-12,5922
00643,群益深証中小,20,0,20,元富-新店,2024-12-12,5922
4510,高鋒,23,3,20,元富-新店,2024-12-12,5922
00887,永豐中國科技50大,20,0,20,元富-新店,2024-12-12,5922
2610,華航,32,14,18,元富-新店,2024-12-12,5922
00915,凱基優選高股息30,18,0,18,元富-新店,2024-12-12,5922
3231,緯創,18,2,16,元富-新店,2024-12-12,5922
2002,中鋼,15,0,15,元富-新店,2024-12-12,5922
5438,東友,21,7,14,元富-新店,2024-12-12,5922
3021,鴻名,14,1,13,元富-新店,2024-12-12,5922
6425,易發,12,1,11,元富-新店,2024-12-12,5922
00942B,台新美A公司債20+,11,0,11,元富-新店,2024-12-12,5922
2367,燿華,11,0,11,元富-新店,2024-12-12,5922
6757,台灣虎航,10,0,10,元富-新店,2024-12-12,5922
5388,中磊,10,0,10,元富-新店,2024-12-12,5922
00953B,群益優選非投等債,10,0,10,元富-新店,2024-12-12,5922
00706L,期元大S＆P日圓正2,10,0,10,元富-新店,2024-12-12,5922
6261,久元,10,0,10,元富-新店,2024-12-12,5922
00687B,國泰20年美債,10,0,10,元富-新店,2024-12-12,5922
2905,三商,9,0,9,元富-新店,2024-12-12,5922
3033,威健,9,0,9,元富-新店,2024-12-12,5922
2399,映泰,9,0,9,元富-新店,2024-12-12,5922
00932,兆豐永續高息等權,9,0,9,元富-新店,2024-12-12,5922
2374,佳能,95,86,9,元富-新店,2024-12-12,5922
2332,友訊,13,4,9,元富-新店,2024-12-12,5922
2615,萬海,12,4,8,元富-新店,2024-12-12,5922
4979,華星光,28,20,8,元富-新店,2024-12-12,5922
3041,揚智,15,7,8,元富-新店,2024-12-12,5922
0056,元大高股息,7,0,7,元富-新店,2024-12-12,5922
2371,大同,11,4,7,元富-新店,2024-12-12,5922
6505,台塑化,8,1,7,元富-新店,2024-12-12,5922
2439,美律,10,3,7,元富-新店,2024-12-12,5922
00953B,群益優選非投等債,325,50,275,元富-新店,2024-12-13,5922
00948B,中信優息投資級債,127,10,117,元富-新店,2024-12-13,5922
3036,文曄,100,0,100,元富-新店,2024-12-13,5922
2303,聯電,111,14,97,元富-新店,2024-12-13,5922
00919,群益台灣精選高息,105,16,89,元富-新店,2024-12-13,5922
3231,緯創,65,6,59,元富-新店,2024-12-13,5922
00637L,元大滬深300正2,78,26,52,元富-新店,2024-12-13,5922
1303,南亞,63,12,51,元富-新店,2024-12-13,5922
2374,佳能,56,5,51,元富-新店,2024-12-13,5922
5907,大洋-KY,50,0,50,元富-新店,2024-12-13,5922
00878,國泰永續高股息,50,1,49,元富-新店,2024-12-13,5922
00915,凱基優選高股息30,39,0,39,元富-新店,2024-12-13,5922
2002,中鋼,37,0,37,元富-新店,2024-12-13,5922
0056,元大高股息,38,4,34,元富-新店,2024-12-13,5922
00918,大華優利高填息30,33,0,33,元富-新店,2024-12-13,5922
3706,神達,58,25,33,元富-新店,2024-12-13,5922
00715L,期街口布蘭特正2,32,0,32,元富-新店,2024-12-13,5922
2356,英業達,31,0,31,元富-新店,2024-12-13,5922
2511,太子,29,0,29,元富-新店,2024-12-13,5922
6213,聯茂,28,0,28,元富-新店,2024-12-13,5922
1609,大亞,27,0,27,元富-新店,2024-12-13,5922
6821,聯寶,26,0,26,元富-新店,2024-12-13,5922
3019,亞光,102,77,25,元富-新店,2024-12-13,5922
3037,欣興,29,5,24,元富-新店,2024-12-13,5922
4111,濟生,23,0,23,元富-新店,2024-12-13,5922
6875,國邑*,22,1,21,元富-新店,2024-12-13,5922
00959B,大華投等美債15Y+,20,0,20,元富-新店,2024-12-13,5922
6505,台塑化,20,0,20,元富-新店,2024-12-13,5922
2504,國產,20,0,20,元富-新店,2024-12-13,5922
00932,兆豐永續高息等權,18,0,18,元富-新店,2024-12-13,5922
00700,富邦�琤肭磪�,18,0,18,元富-新店,2024-12-13,5922
00937B,群益ESG投等債20,17,0,17,元富-新店,2024-12-13,5922
2354,鴻準,23,6,17,元富-新店,2024-12-13,5922
2646,星宇航空,16,0,16,元富-新店,2024-12-13,5922
00950B,凱基A級公司債,15,0,15,元富-新店,2024-12-13,5922
2905,三商,14,0,14,元富-新店,2024-12-13,5922
2344,華邦電,20,6,14,元富-新店,2024-12-13,5922
6548,長科*,13,0,13,元富-新店,2024-12-13,5922
00670L,富邦NASDAQ正2,12,0,12,元富-新店,2024-12-13,5922
00921,兆豐龍頭等權重,17,5,12,元富-新店,2024-12-13,5922
00882,中信中國高股息,28,16,12,元富-新店,2024-12-13,5922
1605,華新,12,0,12,元富-新店,2024-12-13,5922
3591,艾笛森,22,10,12,元富-新店,2024-12-13,5922
8111,立��,13,1,12,元富-新店,2024-12-13,5922
3710,連展投控,11,0,11,元富-新店,2024-12-13,5922
1708,東鹼,14,3,11,元富-新店,2024-12-13,5922
1809,中釉,10,0,10,元富-新店,2024-12-13,5922
6443,元晶,10,0,10,元富-新店,2024-12-13,5922
1314,中石化,10,0,10,元富-新店,2024-12-13,5922
2369,菱生,10,0,10,元富-新店,2024-12-13,5922
3036,文曄,201,1,200,元富-新店,2024-12-16,5922
00918,大華優利高填息30,217,32,185,元富-新店,2024-12-16,5922
2353,宏��,105,13,92,元富-新店,2024-12-16,5922
00948B,中信優息投資級債,103,19,84,元富-新店,2024-12-16,5922
2317,鴻海,94,17,77,元富-新店,2024-12-16,5922
2002,中鋼,73,0,73,元富-新店,2024-12-16,5922
2409,友達,50,0,50,元富-新店,2024-12-16,5922
00687B,國泰20年美債,49,0,49,元富-新店,2024-12-16,5922
00919,群益台灣精選高息,52,7,45,元富-新店,2024-12-16,5922
00915,凱基優選高股息30,40,0,40,元富-新店,2024-12-16,5922
3231,緯創,37,7,30,元富-新店,2024-12-16,5922
2609,陽明,104,79,25,元富-新店,2024-12-16,5922
00679B,元大美債20年,31,6,25,元富-新店,2024-12-16,5922
0056,元大高股息,23,0,23,元富-新店,2024-12-16,5922
1314,中石化,21,0,21,元富-新店,2024-12-16,5922
00713,元大台灣高息低波,22,1,21,元富-新店,2024-12-16,5922
2354,鴻準,56,37,19,元富-新店,2024-12-16,5922
2204,中華,17,0,17,元富-新店,2024-12-16,5922
00937B,群益ESG投等債20,16,0,16,元富-新店,2024-12-16,5922
00655L,國泰中國A50正2,18,2,16,元富-新店,2024-12-16,5922
1524,耿鼎,18,3,15,元富-新店,2024-12-16,5922
2382,廣達,15,1,14,元富-新店,2024-12-16,5922
00933B,國泰10Y+金融債,14,0,14,元富-新店,2024-12-16,5922
3481,群創,14,0,14,元富-新店,2024-12-16,5922
2603,長榮,14,1,13,元富-新店,2024-12-16,5922
00932,兆豐永續高息等權,13,0,13,元富-新店,2024-12-16,5922
00945B,凱基美國非投等債,13,0,13,元富-新店,2024-12-16,5922
6425,易發,16,3,13,元富-新店,2024-12-16,5922
2312,金寶,15,2,13,元富-新店,2024-12-16,5922
00946,群益科技高息成長,12,0,12,元富-新店,2024-12-16,5922
1785,光洋科,21,9,12,元富-新店,2024-12-16,5922
2511,太子,12,0,12,元富-新店,2024-12-16,5922
5548,安倉,12,1,11,元富-新店,2024-12-16,5922
6451,訊芯-KY,15,4,11,元富-新店,2024-12-16,5922
2375,凱美,16,5,11,元富-新店,2024-12-16,5922
4147,中裕,11,0,11,元富-新店,2024-12-16,5922
2472,立隆電,11,0,11,元富-新店,2024-12-16,5922
1301,台塑,19,9,10,元富-新店,2024-12-16,5922
2545,皇翔,10,0,10,元富-新店,2024-12-16,5922
6021,美好證,10,0,10,元富-新店,2024-12-16,5922
5907,大洋-KY,10,0,10,元富-新店,2024-12-16,5922
2615,萬海,9,0,9,元富-新店,2024-12-16,5922
2618,長榮航,10,1,9,元富-新店,2024-12-16,5922
00772B,中信高評級公司債,9,0,9,元富-新店,2024-12-16,5922
2385,群光,10,1,9,元富-新店,2024-12-16,5922
4931,新盛力,23,14,9,元富-新店,2024-12-16,5922
2349,錸德,10,1,9,元富-新店,2024-12-16,5922
4904,遠傳,11,2,9,元富-新店,2024-12-16,5922
5278,尚凡*,10,1,9,元富-新店,2024-12-16,5922
9105,泰金寶-DR,11,2,9,元富-新店,2024-12-16,5922
1326,台化,208,3,205,元富-新店,2024-12-17,5922
3036,文曄,200,0,200,元富-新店,2024-12-17,5922
2303,聯電,235,46,189,元富-新店,2024-12-17,5922
2353,宏��,136,2,134,元富-新店,2024-12-17,5922
0056,元大高股息,55,4,51,元富-新店,2024-12-17,5922
00632R,元大台灣50反1,52,3,49,元富-新店,2024-12-17,5922
2883,凱基金,50,2,48,元富-新店,2024-12-17,5922
00948B,中信優息投資級債,46,0,46,元富-新店,2024-12-17,5922
2317,鴻海,53,11,42,元富-新店,2024-12-17,5922
00918,大華優利高填息30,41,1,40,元富-新店,2024-12-17,5922
2882,國泰金,36,0,36,元富-新店,2024-12-17,5922
3231,緯創,44,11,33,元富-新店,2024-12-17,5922
4968,立積,32,1,31,元富-新店,2024-12-17,5922
6234,高僑,30,0,30,元富-新店,2024-12-17,5922
5907,大洋-KY,30,0,30,元富-新店,2024-12-17,5922
2344,華邦電,30,2,28,元富-新店,2024-12-17,5922
00915,凱基優選高股息30,36,8,28,元富-新店,2024-12-17,5922
3033,威健,28,0,28,元富-新店,2024-12-17,5922
00712,復華富時不動產,28,0,28,元富-新店,2024-12-17,5922
1524,耿鼎,36,10,26,元富-新店,2024-12-17,5922
2374,佳能,123,98,25,元富-新店,2024-12-17,5922
3481,群創,24,0,24,元富-新店,2024-12-17,5922
00713,元大台灣高息低波,23,1,22,元富-新店,2024-12-17,5922
3162,精確,22,0,22,元富-新店,2024-12-17,5922
00753L,中信中國50正2,27,5,22,元富-新店,2024-12-17,5922
2915,潤泰全,20,0,20,元富-新店,2024-12-17,5922
2102,泰豐,20,0,20,元富-新店,2024-12-17,5922
2705,六福,20,0,20,元富-新店,2024-12-17,5922
2504,國產,20,0,20,元富-新店,2024-12-17,5922
6609,瀧澤科,20,1,19,元富-新店,2024-12-17,5922
2382,廣達,20,3,17,元富-新店,2024-12-17,5922
1101,台泥,18,0,18,元富-新店,2024-12-17,5922
2449,京元電子,18,1,17,元富-新店,2024-12-17,5922
00950B,凱基A級公司債,20,3,17,元富-新店,2024-12-17,5922
3706,神達,44,28,16,元富-新店,2024-12-17,5922
2881,富邦金,16,1,15,元富-新店,2024-12-17,5922
2834,臺企銀,15,0,15,元富-新店,2024-12-17,5922
2511,太子,15,0,15,元富-新店,2024-12-17,5922
00900,富邦特選高股息30,15,0,15,元富-新店,2024-12-17,5922
2314,台揚,14,0,14,元富-新店,2024-12-17,5922
3050,鈺德,14,0,14,元富-新店,2024-12-17,5922
6962,ITH-KY,12,0,12,元富-新店,2024-12-17,5922
00751B,元大AAA至A公司債,12,0,12,元富-新店,2024-12-17,5922
00877,復華中國5G,12,0,12,元富-新店,2024-12-17,5922
1605,華新,11,0,11,元富-新店,2024-12-17,5922
1340,勝悅-KY,11,0,11,元富-新店,2024-12-17,5922
2542,興富發,15,4,11,元富-新店,2024-12-17,5922
6005,群益證,12,1,11,元富-新店,2024-12-17,5922
2880,華南金,11,0,11,元富-新店,2024-12-17,5922
2855,統一證,10,0,10,元富-新店,2024-12-17,5922
2303,聯電,171,88,83,元富-新店,2024-12-18,5922
2885,元大金,61,0,61,元富-新店,2024-12-18,5922
00712,復華富時不動產,49,0,49,元富-新店,2024-12-18,5922
2344,華邦電,65,17,48,元富-新店,2024-12-18,5922
00950B,凱基A級公司債,40,0,40,元富-新店,2024-12-18,5922
00937B,群益ESG投等債20,39,0,39,元富-新店,2024-12-18,5922
00887,永豐中國科技50大,30,0,30,元富-新店,2024-12-18,5922
00918,大華優利高填息30,34,8,26,元富-新店,2024-12-18,5922
2002,中鋼,27,2,25,元富-新店,2024-12-18,5922
6962,ITH-KY,29,9,20,元富-新店,2024-12-18,5922
00650L,復華香港正2,20,0,20,元富-新店,2024-12-18,5922
5438,東友,24,4,20,元富-新店,2024-12-18,5922
3231,緯創,23,4,19,元富-新店,2024-12-18,5922
2328,廣宇,22,4,18,元富-新店,2024-12-18,5922
3033,威健,18,0,18,元富-新店,2024-12-18,5922
00919,群益台灣精選高息,32,15,17,元富-新店,2024-12-18,5922
2706,第一店,15,0,15,元富-新店,2024-12-18,5922
8249,菱光,27,13,14,元富-新店,2024-12-18,5922
2634,漢翔,14,0,14,元富-新店,2024-12-18,5922
00687B,國泰20年美債,12,0,12,元富-新店,2024-12-18,5922
1708,東鹼,12,0,12,元富-新店,2024-12-18,5922
2498,宏達電,12,0,12,元富-新店,2024-12-18,5922
9105,泰金寶-DR,24,12,12,元富-新店,2024-12-18,5922
2884,玉山金,11,0,11,元富-新店,2024-12-18,5922
6117,迎廣,11,0,11,元富-新店,2024-12-18,5922
00960,野村全球航運龍頭,11,0,11,元富-新店,2024-12-18,5922
2883,凱基金,12,1,11,元富-新店,2024-12-18,5922
2233,宇隆,11,1,10,元富-新店,2024-12-18,5922
2354,鴻準,33,23,10,元富-新店,2024-12-18,5922
2408,南亞科,15,5,10,元富-新店,2024-12-18,5922
4540,全球傳動,59,49,10,元富-新店,2024-12-18,5922
1314,中石化,10,0,10,元富-新店,2024-12-18,5922
2851,中再保,10,0,10,元富-新店,2024-12-18,5922
2459,敦吉,10,0,10,元富-新店,2024-12-18,5922
4147,中裕,10,0,10,元富-新店,2024-12-18,5922
2886,兆豐金,10,0,10,元富-新店,2024-12-18,5922
2880,華南金,10,0,10,元富-新店,2024-12-18,5922
1809,中釉,10,0,10,元富-新店,2024-12-18,5922
5278,尚凡*,10,0,10,元富-新店,2024-12-18,5922
00953B,群益優選非投等債,9,0,9,元富-新店,2024-12-18,5922
3706,神達,38,30,8,元富-新店,2024-12-18,5922
2511,太子,8,0,8,元富-新店,2024-12-18,5922
2888,新光金,8,0,8,元富-新店,2024-12-18,5922
9904,寶成,8,0,8,元富-新店,2024-12-18,5922
2892,第一金,8,0,8,元富-新店,2024-12-18,5922
2332,友訊,13,5,8,元富-新店,2024-12-18,5922
2230,泰茂,8,1,7,元富-新店,2024-12-18,5922
3511,矽瑪,7,0,7,元富-新店,2024-12-18,5922
00909,國泰數位支付服務,7,0,7,元富-新店,2024-12-18,5922
00751B,元大AAA至A公司債,7,0,7,元富-新店,2024-12-18,5922
2303,聯電,312,4,308,元富-新店,2024-12-19,5922
00923,群益台ESG低碳50,301,0,301,元富-新店,2024-12-19,5922
00701,國泰股利精選30,300,3,297,元富-新店,2024-12-19,5922
2812,台中銀,83,0,83,元富-新店,2024-12-19,5922
3706,神達,117,37,80,元富-新店,2024-12-19,5922
2883,凱基金,64,1,63,元富-新店,2024-12-19,5922
2881,富邦金,61,0,61,元富-新店,2024-12-19,5922
3591,艾笛森,60,0,60,元富-新店,2024-12-19,5922
2887,台新金,57,0,57,元富-新店,2024-12-19,5922
2892,第一金,54,0,54,元富-新店,2024-12-19,5922
00937B,群益ESG投等債20,64,10,54,元富-新店,2024-12-19,5922
1815,富喬,86,40,46,元富-新店,2024-12-19,5922
00679B,元大美債20年,47,3,44,元富-新店,2024-12-19,5922
00878,國泰永續高股息,44,1,43,元富-新店,2024-12-19,5922
00646,元大S＆P500,42,0,42,元富-新店,2024-12-19,5922
2371,大同,43,1,42,元富-新店,2024-12-19,5922
2317,鴻海,41,1,40,元富-新店,2024-12-19,5922
00712,復華富時不動產,37,0,37,元富-新店,2024-12-19,5922
0056,元大高股息,36,1,35,元富-新店,2024-12-19,5922
2609,陽明,57,24,33,元富-新店,2024-12-19,5922
2880,華南金,33,0,33,元富-新店,2024-12-19,5922
00706L,期元大S＆P日圓正2,32,0,32,元富-新店,2024-12-19,5922
00942B,台新美A公司債20+,32,0,32,元富-新店,2024-12-19,5922
00680L,元大美債20正2,32,0,32,元富-新店,2024-12-19,5922
2801,彰銀,31,0,31,元富-新店,2024-12-19,5922
2882,國泰金,29,1,28,元富-新店,2024-12-19,5922
00948B,中信優息投資級債,35,8,27,元富-新店,2024-12-19,5922
00933B,國泰10Y+金融債,27,0,27,元富-新店,2024-12-19,5922
5880,合庫金,27,0,27,元富-新店,2024-12-19,5922
3455,由田,28,2,26,元富-新店,2024-12-19,5922
00918,大華優利高填息30,41,15,26,元富-新店,2024-12-19,5922
0050,元大台灣50,26,0,26,元富-新店,2024-12-19,5922
8171,天宇,25,0,25,元富-新店,2024-12-19,5922
2511,太子,25,0,25,元富-新店,2024-12-19,5922
00713,元大台灣高息低波,28,3,25,元富-新店,2024-12-19,5922
00751B,元大AAA至A公司債,24,0,24,元富-新店,2024-12-19,5922
3481,群創,22,1,21,元富-新店,2024-12-19,5922
00919,群益台灣精選高息,30,10,20,元富-新店,2024-12-19,5922
6821,聯寶,20,0,20,元富-新店,2024-12-19,5922
5907,大洋-KY,20,0,20,元富-新店,2024-12-19,5922
00950B,凱基A級公司債,20,0,20,元富-新店,2024-12-19,5922
2002,中鋼,19,0,19,元富-新店,2024-12-19,5922
9958,世紀鋼,19,0,19,元富-新店,2024-12-19,5922
1618,合機,20,1,19,元富-新店,2024-12-19,5922
2486,一詮,33,16,17,元富-新店,2024-12-19,5922
2633,台灣高鐵,17,0,17,元富-新店,2024-12-19,5922
6245,立端,16,0,16,元富-新店,2024-12-19,5922
2382,廣達,17,2,15,元富-新店,2024-12-19,5922
00959B,大華投等美債15Y+,15,0,15,元富-新店,2024-12-19,5922
00970B,新光BBB投等債20,15,0,15,元富-新店,2024-12-19,5922
