Ticker,Name,buy,sell,diff,Branch,Date,Branch_Code
00878,國泰永續高股息,29,3,26,元富-林園,2023-01-03,5927
00679B,元大美債20年,22,0,22,元富-林園,2023-01-03,5927
2609,陽明,36,14,22,元富-林園,2023-01-03,5927
1810,和成,23,2,21,元富-林園,2023-01-03,5927
1709,和益,20,0,20,元富-林園,2023-01-03,5927
2615,萬海,25,7,18,元富-林園,2023-01-03,5927
5309,系統電,18,0,18,元富-林園,2023-01-03,5927
2303,聯電,27,16,11,元富-林園,2023-01-03,5927
1437,勤益控,10,0,10,元富-林園,2023-01-03,5927
5009,榮剛,13,3,10,元富-林園,2023-01-03,5927
8936,國統,10,0,10,元富-林園,2023-01-03,5927
1101,台泥,11,2,9,元富-林園,2023-01-03,5927
1605,華新,49,40,9,元富-林園,2023-01-03,5927
6104,創惟,10,1,9,元富-林園,2023-01-03,5927
6111,大宇資,9,0,9,元富-林園,2023-01-03,5927
2317,鴻海,33,25,8,元富-林園,2023-01-03,5927
5272,笙科,8,0,8,元富-林園,2023-01-03,5927
2610,華航,11,4,7,元富-林園,2023-01-03,5927
3707,漢磊,14,7,7,元富-林園,2023-01-03,5927
4114,健喬,9,2,7,元富-林園,2023-01-03,5927
2352,佳世達,10,4,6,元富-林園,2023-01-03,5927
2634,漢翔,6,0,6,元富-林園,2023-01-03,5927
4532,瑞智,6,0,6,元富-林園,2023-01-03,5927
1512,瑞利,5,0,5,元富-林園,2023-01-03,5927
1608,華榮,5,0,5,元富-林園,2023-01-03,5927
00891,中信關鍵半導體,7,2,5,元富-林園,2023-01-03,5927
1762,中化生,5,0,5,元富-林園,2023-01-03,5927
2444,兆勁,5,0,5,元富-林園,2023-01-03,5927
2890,永豐金,5,0,5,元富-林園,2023-01-03,5927
6770,力積電,15,10,5,元富-林園,2023-01-03,5927
2606,裕民,6,2,4,元富-林園,2023-01-03,5927
1309,台達化,4,0,4,元富-林園,2023-01-03,5927
1718,中纖,4,0,4,元富-林園,2023-01-03,5927
1737,臺鹽,4,0,4,元富-林園,2023-01-03,5927
2618,長榮航,5,1,4,元富-林園,2023-01-03,5927
4133,亞諾法,15,11,4,元富-林園,2023-01-03,5927
5425,台半,4,0,4,元富-林園,2023-01-03,5927
6443,元晶,6,2,4,元富-林園,2023-01-03,5927
8150,南茂,5,1,4,元富-林園,2023-01-03,5927
6143,振曜,3,0,3,元富-林園,2023-01-03,5927
1701,中化,29,26,3,元富-林園,2023-01-03,5927
00885,富邦越南,3,0,3,元富-林園,2023-01-03,5927
1752,南光,6,3,3,元富-林園,2023-01-03,5927
2023,燁輝,3,0,3,元富-林園,2023-01-03,5927
2498,宏達電,5,2,3,元富-林園,2023-01-03,5927
2611,志信,3,0,3,元富-林園,2023-01-03,5927
2633,台灣高鐵,3,0,3,元富-林園,2023-01-03,5927
3083,網龍,13,10,3,元富-林園,2023-01-03,5927
4102,永日,3,0,3,元富-林園,2023-01-03,5927
4174,浩鼎,3,0,3,元富-林園,2023-01-03,5927
1752,南光,64,24,40,元富-林園,2023-01-04,5927
2884,玉山金,29,1,28,元富-林園,2023-01-04,5927
2609,陽明,33,6,27,元富-林園,2023-01-04,5927
0056,元大高股息,26,0,26,元富-林園,2023-01-04,5927
1810,和成,24,3,21,元富-林園,2023-01-04,5927
1314,中石化,20,0,20,元富-林園,2023-01-04,5927
2014,中鴻,26,7,19,元富-林園,2023-01-04,5927
00878,國泰永續高股息,17,0,17,元富-林園,2023-01-04,5927
3037,欣興,21,4,17,元富-林園,2023-01-04,5927
3481,群創,22,5,17,元富-林園,2023-01-04,5927
00893,國泰智能電動車,15,0,15,元富-林園,2023-01-04,5927
3042,晶技,16,1,15,元富-林園,2023-01-04,5927
1734,杏輝,14,0,14,元富-林園,2023-01-04,5927
2368,金像電,13,0,13,元富-林園,2023-01-04,5927
1529,樂事綠能,12,0,12,元富-林園,2023-01-04,5927
2349,錸德,10,0,10,元富-林園,2023-01-04,5927
2867,三商壽,10,0,10,元富-林園,2023-01-04,5927
4755,三福化,10,0,10,元富-林園,2023-01-04,5927
8936,國統,10,0,10,元富-林園,2023-01-04,5927
00679B,元大美債20年,9,0,9,元富-林園,2023-01-04,5927
2367,燿華,9,0,9,元富-林園,2023-01-04,5927
2637,慧洋-KY,14,5,9,元富-林園,2023-01-04,5927
4133,亞諾法,9,0,9,元富-林園,2023-01-04,5927
6285,啟��,9,0,9,元富-林園,2023-01-04,5927
2317,鴻海,14,5,9,元富-林園,2023-01-04,5927
2069,運錩,8,0,8,元富-林園,2023-01-04,5927
6441,廣錠,8,0,8,元富-林園,2023-01-04,5927
2375,凱美,7,0,7,元富-林園,2023-01-04,5927
2610,華航,12,5,7,元富-林園,2023-01-04,5927
2388,威盛,23,17,6,元富-林園,2023-01-04,5927
3441,聯一光,6,0,6,元富-林園,2023-01-04,5927
4167,松瑞藥,21,15,6,元富-林園,2023-01-04,5927
6235,華孚,11,5,6,元富-林園,2023-01-04,5927
2603,長榮,91,86,5,元富-林園,2023-01-04,5927
00674R,期元大S＆P黃金反1,5,0,5,元富-林園,2023-01-04,5927
00642U,期元大S＆P石油,5,0,5,元富-林園,2023-01-04,5927
00637L,元大滬深300正2,5,0,5,元富-林園,2023-01-04,5927
2049,上銀,5,0,5,元富-林園,2023-01-04,5927
5353,台林,5,0,5,元富-林園,2023-01-04,5927
5876,上海商銀,5,0,5,元富-林園,2023-01-04,5927
8091,翔名,5,0,5,元富-林園,2023-01-04,5927
8234,新漢,7,2,5,元富-林園,2023-01-04,5927
9951,皇田,5,0,5,元富-林園,2023-01-04,5927
2002,中鋼,5,0,5,元富-林園,2023-01-04,5927
6472,保瑞,8,4,4,元富-林園,2023-01-04,5927
1584,精剛,5,1,4,元富-林園,2023-01-04,5927
00712,復華富時不動產,4,0,4,元富-林園,2023-01-04,5927
00772B,中信高評級公司債,4,0,4,元富-林園,2023-01-04,5927
00896,中信綠能及電動車,4,0,4,元富-林園,2023-01-04,5927
1217,愛之味,4,0,4,元富-林園,2023-01-04,5927
2867,三商壽,60,0,60,元富-林園,2023-01-05,5927
1712,興農,59,1,58,元富-林園,2023-01-05,5927
2409,友達,62,20,42,元富-林園,2023-01-05,5927
2317,鴻海,29,0,29,元富-林園,2023-01-05,5927
4171,瑞基,21,0,21,元富-林園,2023-01-05,5927
3272,東碩,20,1,19,元富-林園,2023-01-05,5927
8936,國統,16,0,16,元富-林園,2023-01-05,5927
6244,茂迪,16,1,15,元富-林園,2023-01-05,5927
6443,元晶,19,4,15,元富-林園,2023-01-05,5927
1734,杏輝,13,0,13,元富-林園,2023-01-05,5927
1342,八貫,11,0,11,元富-林園,2023-01-05,5927
2609,陽明,17,6,11,元富-林園,2023-01-05,5927
3362,先進光,11,0,11,元富-林園,2023-01-05,5927
2349,錸德,10,0,10,元富-林園,2023-01-05,5927
2352,佳世達,10,0,10,元富-林園,2023-01-05,5927
8050,廣積,10,0,10,元富-林園,2023-01-05,5927
1504,東元,9,0,9,元富-林園,2023-01-05,5927
1319,東陽,8,0,8,元富-林園,2023-01-05,5927
00642U,期元大S＆P石油,8,0,8,元富-林園,2023-01-05,5927
1538,正峰,7,0,7,元富-林園,2023-01-05,5927
1718,中纖,6,0,6,元富-林園,2023-01-05,5927
1752,南光,30,24,6,元富-林園,2023-01-05,5927
2312,金寶,6,0,6,元富-林園,2023-01-05,5927
2612,中航,6,0,6,元富-林園,2023-01-05,5927
2637,慧洋-KY,6,0,6,元富-林園,2023-01-05,5927
2069,運錩,17,12,5,元富-林園,2023-01-05,5927
2303,聯電,17,12,5,元富-林園,2023-01-05,5927
2380,虹光,5,0,5,元富-林園,2023-01-05,5927
2530,華建,5,0,5,元富-林園,2023-01-05,5927
2834,臺企銀,10,5,5,元富-林園,2023-01-05,5927
4968,立積,11,6,5,元富-林園,2023-01-05,5927
6505,台塑化,5,0,5,元富-林園,2023-01-05,5927
6806,森崴能源,10,5,5,元富-林園,2023-01-05,5927
8104,錸寶,5,0,5,元富-林園,2023-01-05,5927
00679B,元大美債20年,4,0,4,元富-林園,2023-01-05,5927
2206,三陽工業,4,0,4,元富-林園,2023-01-05,5927
2338,光罩,9,5,4,元富-林園,2023-01-05,5927
2406,國碩,4,0,4,元富-林園,2023-01-05,5927
4945,陞達科技,4,0,4,元富-林園,2023-01-05,5927
6269,台郡,4,0,4,元富-林園,2023-01-05,5927
6531,愛普*,5,1,4,元富-林園,2023-01-05,5927
1605,華新,61,58,3,元富-林園,2023-01-05,5927
00715L,期街口布蘭特正2,3,0,3,元富-林園,2023-01-05,5927
00641R,富邦日本反1,3,0,3,元富-林園,2023-01-05,5927
00712,復華富時不動產,3,0,3,元富-林園,2023-01-05,5927
2313,華通,5,2,3,元富-林園,2023-01-05,5927
2605,新興,3,0,3,元富-林園,2023-01-05,5927
3017,奇鋐,3,0,3,元富-林園,2023-01-05,5927
4162,智擎,5,2,3,元富-林園,2023-01-05,5927
6190,萬泰科,3,0,3,元富-林園,2023-01-05,5927
1467,南緯,36,6,30,元富-林園,2023-01-06,5927
4114,健喬,38,9,29,元富-林園,2023-01-06,5927
4167,松瑞藥,25,6,19,元富-林園,2023-01-06,5927
00720B,元大投資級公司債,18,0,18,元富-林園,2023-01-06,5927
3707,漢磊,25,7,18,元富-林園,2023-01-06,5927
3537,堡達,16,0,16,元富-林園,2023-01-06,5927
2498,宏達電,20,5,15,元富-林園,2023-01-06,5927
1701,中化,31,17,14,元富-林園,2023-01-06,5927
1808,潤隆,12,0,12,元富-林園,2023-01-06,5927
6140,訊達,11,0,11,元富-林園,2023-01-06,5927
3714,富采,13,2,11,元富-林園,2023-01-06,5927
1608,華榮,10,0,10,元富-林園,2023-01-06,5927
2888,新光金,10,0,10,元富-林園,2023-01-06,5927
6215,和椿,10,0,10,元富-林園,2023-01-06,5927
8105,凌巨,12,2,10,元富-林園,2023-01-06,5927
2313,華通,8,0,8,元富-林園,2023-01-06,5927
1609,大亞,8,0,8,元富-林園,2023-01-06,5927
2607,榮運,8,0,8,元富-林園,2023-01-06,5927
2317,鴻海,9,1,8,元富-林園,2023-01-06,5927
2890,永豐金,7,0,7,元富-林園,2023-01-06,5927
4102,永日,9,2,7,元富-林園,2023-01-06,5927
3017,奇鋐,6,0,6,元富-林園,2023-01-06,5927
4130,健亞,11,5,6,元富-林園,2023-01-06,5927
4747,強生,6,0,6,元富-林園,2023-01-06,5927
1519,華城,9,4,5,元富-林園,2023-01-06,5927
1313,聯成,5,0,5,元富-林園,2023-01-06,5927
2609,陽明,12,7,5,元富-林園,2023-01-06,5927
6806,森崴能源,15,10,5,元富-林園,2023-01-06,5927
8906,花王,5,0,5,元富-林園,2023-01-06,5927
9933,中鼎,5,0,5,元富-林園,2023-01-06,5927
9951,皇田,5,0,5,元富-林園,2023-01-06,5927
6176,瑞儀,4,0,4,元富-林園,2023-01-06,5927
1504,東元,5,1,4,元富-林園,2023-01-06,5927
2033,佳大,4,0,4,元富-林園,2023-01-06,5927
2615,萬海,8,4,4,元富-林園,2023-01-06,5927
4128,中天,4,0,4,元富-林園,2023-01-06,5927
6226,光鼎,4,0,4,元富-林園,2023-01-06,5927
8478,東哥遊艇,5,1,4,元富-林園,2023-01-06,5927
1475,業旺,7,4,3,元富-林園,2023-01-06,5927
1524,耿鼎,3,0,3,元富-林園,2023-01-06,5927
00670L,富邦NASDAQ正2,3,0,3,元富-林園,2023-01-06,5927
0056,元大高股息,3,0,3,元富-林園,2023-01-06,5927
2027,大成鋼,3,0,3,元富-林園,2023-01-06,5927
2108,南帝,3,0,3,元富-林園,2023-01-06,5927
2641,正德,5,2,3,元富-林園,2023-01-06,5927
3083,網龍,3,0,3,元富-林園,2023-01-06,5927
3406,玉晶光,3,0,3,元富-林園,2023-01-06,5927
4536,拓凱,3,0,3,元富-林園,2023-01-06,5927
5272,笙科,3,0,3,元富-林園,2023-01-06,5927
6531,愛普*,5,2,3,元富-林園,2023-01-06,5927
2834,臺企銀,420,25,395,元富-林園,2023-01-09,5927
2511,太子,170,0,170,元富-林園,2023-01-09,5927
00632R,元大台灣50反1,194,100,94,元富-林園,2023-01-09,5927
2890,永豐金,46,12,34,元富-林園,2023-01-09,5927
2929,淘帝-KY,37,5,32,元富-林園,2023-01-09,5927
1444,力麗,30,0,30,元富-林園,2023-01-09,5927
3264,欣銓,30,0,30,元富-林園,2023-01-09,5927
4130,健亞,30,0,30,元富-林園,2023-01-09,5927
00900,富邦特選高股息30,24,0,24,元富-林園,2023-01-09,5927
5608,四維航,30,7,23,元富-林園,2023-01-09,5927
0056,元大高股息,24,3,21,元富-林園,2023-01-09,5927
2609,陽明,29,11,18,元富-林園,2023-01-09,5927
3041,揚智,18,0,18,元富-林園,2023-01-09,5927
4707,磐亞,20,2,18,元富-林園,2023-01-09,5927
2618,長榮航,17,1,16,元富-林園,2023-01-09,5927
6706,惠特,13,0,13,元富-林園,2023-01-09,5927
2498,宏達電,13,0,13,元富-林園,2023-01-09,5927
2801,彰銀,13,0,13,元富-林園,2023-01-09,5927
3481,群創,20,8,12,元富-林園,2023-01-09,5927
5351,鈺創,14,3,11,元富-林園,2023-01-09,5927
1442,名軒,10,0,10,元富-林園,2023-01-09,5927
2380,虹光,10,0,10,元富-林園,2023-01-09,5927
4113,聯上,10,0,10,元富-林園,2023-01-09,5927
4989,榮科,10,0,10,元富-林園,2023-01-09,5927
5009,榮剛,10,0,10,元富-林園,2023-01-09,5927
6285,啟��,10,0,10,元富-林園,2023-01-09,5927
6708,天擎,10,0,10,元富-林園,2023-01-09,5927
6153,嘉聯益,10,1,9,元富-林園,2023-01-09,5927
00669R,國泰美國道瓊反1,8,0,8,元富-林園,2023-01-09,5927
2208,台船,8,0,8,元富-林園,2023-01-09,5927
6712,長聖,10,2,8,元富-林園,2023-01-09,5927
2069,運錩,7,0,7,元富-林園,2023-01-09,5927
00664R,國泰臺灣加權反1,6,0,6,元富-林園,2023-01-09,5927
3141,晶宏,6,0,6,元富-林園,2023-01-09,5927
5272,笙科,6,0,6,元富-林園,2023-01-09,5927
2867,三商壽,5,0,5,元富-林園,2023-01-09,5927
6176,瑞儀,9,4,5,元富-林園,2023-01-09,5927
2812,台中銀,5,0,5,元富-林園,2023-01-09,5927
1519,華城,12,7,5,元富-林園,2023-01-09,5927
1762,中化生,5,0,5,元富-林園,2023-01-09,5927
2610,華航,6,1,5,元富-林園,2023-01-09,5927
4747,強生,5,0,5,元富-林園,2023-01-09,5927
8105,凌巨,11,6,5,元富-林園,2023-01-09,5927
8927,北基,5,0,5,元富-林園,2023-01-09,5927
8940,新天地,5,0,5,元富-林園,2023-01-09,5927
00751B,元大AAA至A公司債,4,0,4,元富-林園,2023-01-09,5927
2108,南帝,5,1,4,元富-林園,2023-01-09,5927
4927,泰鼎-KY,4,0,4,元富-林園,2023-01-09,5927
6005,群益證,4,0,4,元富-林園,2023-01-09,5927
8411,福貞-KY,4,0,4,元富-林園,2023-01-09,5927
2812,台中銀,203,18,185,元富-林園,2023-01-10,5927
00900,富邦特選高股息30,82,1,81,元富-林園,2023-01-10,5927
2611,志信,50,0,50,元富-林園,2023-01-10,5927
2836,高雄銀,50,0,50,元富-林園,2023-01-10,5927
00893,國泰智能電動車,50,5,45,元富-林園,2023-01-10,5927
2634,漢翔,46,1,45,元富-林園,2023-01-10,5927
2498,宏達電,31,1,30,元富-林園,2023-01-10,5927
3264,欣銓,30,0,30,元富-林園,2023-01-10,5927
00632R,元大台灣50反1,27,0,27,元富-林園,2023-01-10,5927
2303,聯電,78,52,26,元富-林園,2023-01-10,5927
5009,榮剛,26,1,25,元富-林園,2023-01-10,5927
2609,陽明,38,16,22,元富-林園,2023-01-10,5927
00882,中信中國高股息,20,0,20,元富-林園,2023-01-10,5927
4432,銘旺實,20,0,20,元富-林園,2023-01-10,5927
6712,長聖,20,0,20,元富-林園,2023-01-10,5927
6859,伯特光,16,0,16,元富-林園,2023-01-10,5927
6223,旺矽,16,1,15,元富-林園,2023-01-10,5927
2108,南帝,12,0,12,元富-林園,2023-01-10,5927
1736,喬山,11,0,11,元富-林園,2023-01-10,5927
2929,淘帝-KY,17,6,11,元富-林園,2023-01-10,5927
1227,佳格,10,0,10,元富-林園,2023-01-10,5927
2511,太子,10,0,10,元富-林園,2023-01-10,5927
6104,創惟,26,16,10,元富-林園,2023-01-10,5927
6244,茂迪,10,0,10,元富-林園,2023-01-10,5927
6624,萬年清,10,0,10,元富-林園,2023-01-10,5927
6706,惠特,10,0,10,元富-林園,2023-01-10,5927
1584,精剛,10,1,9,元富-林園,2023-01-10,5927
1612,宏泰,10,1,9,元富-林園,2023-01-10,5927
5905,南仁湖,13,4,9,元富-林園,2023-01-10,5927
2883,凱基金,8,0,8,元富-林園,2023-01-10,5927
3041,揚智,10,2,8,元富-林園,2023-01-10,5927
5469,瀚宇博,8,0,8,元富-林園,2023-01-10,5927
8050,廣積,7,0,7,元富-林園,2023-01-10,5927
1718,中纖,6,0,6,元富-林園,2023-01-10,5927
2413,環科,9,3,6,元富-林園,2023-01-10,5927
2421,建準,6,0,6,元富-林園,2023-01-10,5927
2530,華建,6,0,6,元富-林園,2023-01-10,5927
2615,萬海,9,3,6,元富-林園,2023-01-10,5927
4167,松瑞藥,23,17,6,元富-林園,2023-01-10,5927
6109,亞元,6,0,6,元富-林園,2023-01-10,5927
8436,大江,6,0,6,元富-林園,2023-01-10,5927
00895,富邦未來車,5,0,5,元富-林園,2023-01-10,5927
1504,東元,5,0,5,元富-林園,2023-01-10,5927
1538,正峰,5,0,5,元富-林園,2023-01-10,5927
2338,光罩,11,6,5,元富-林園,2023-01-10,5927
3357,臺慶科,5,0,5,元富-林園,2023-01-10,5927
4743,合一,7,2,5,元富-林園,2023-01-10,5927
6156,松上,5,0,5,元富-林園,2023-01-10,5927
6215,和椿,5,0,5,元富-林園,2023-01-10,5927
8249,菱光,5,0,5,元富-林園,2023-01-10,5927
2867,三商壽,50,1,49,元富-林園,2023-01-11,5927
1442,名軒,38,0,38,元富-林園,2023-01-11,5927
00720B,元大投資級公司債,38,0,38,元富-林園,2023-01-11,5927
6116,彩晶,41,5,36,元富-林園,2023-01-11,5927
00878,國泰永續高股息,32,0,32,元富-林園,2023-01-11,5927
5258,虹堡,47,17,30,元富-林園,2023-01-11,5927
00751B,元大AAA至A公司債,27,0,27,元富-林園,2023-01-11,5927
3706,神達,33,11,22,元富-林園,2023-01-11,5927
00905,FT臺灣Smart,21,0,21,元富-林園,2023-01-11,5927
8105,凌巨,21,0,21,元富-林園,2023-01-11,5927
2884,玉山金,20,0,20,元富-林園,2023-01-11,5927
6550,北極星藥業-KY,20,0,20,元富-林園,2023-01-11,5927
2457,飛宏,15,0,15,元富-林園,2023-01-11,5927
1701,中化,39,25,14,元富-林園,2023-01-11,5927
8028,昇陽半導體,12,0,12,元富-林園,2023-01-11,5927
2406,國碩,11,0,11,元富-林園,2023-01-11,5927
2413,環科,12,1,11,元富-林園,2023-01-11,5927
5203,訊連,13,2,11,元富-林園,2023-01-11,5927
1752,南光,10,0,10,元富-林園,2023-01-11,5927
2610,華航,14,4,10,元富-林園,2023-01-11,5927
2897,王道銀行,15,5,10,元富-林園,2023-01-11,5927
6139,亞翔,12,2,10,元富-林園,2023-01-11,5927
6708,天擎,10,0,10,元富-林園,2023-01-11,5927
4162,智擎,11,2,9,元富-林園,2023-01-11,5927
2915,潤泰全,9,0,9,元富-林園,2023-01-11,5927
4979,華星光,15,6,9,元富-林園,2023-01-11,5927
6191,精成科,9,0,9,元富-林園,2023-01-11,5927
00632R,元大台灣50反1,7,0,7,元富-林園,2023-01-11,5927
2495,普安,7,0,7,元富-林園,2023-01-11,5927
3042,晶技,9,2,7,元富-林園,2023-01-11,5927
2618,長榮航,21,15,6,元富-林園,2023-01-11,5927
2313,華通,6,0,6,元富-林園,2023-01-11,5927
9907,統一實,6,0,6,元富-林園,2023-01-11,5927
00642U,期元大S＆P石油,5,0,5,元富-林園,2023-01-11,5927
2409,友達,8,3,5,元富-林園,2023-01-11,5927
4904,遠傳,5,0,5,元富-林園,2023-01-11,5927
6109,亞元,10,5,5,元富-林園,2023-01-11,5927
6185,幃翔,5,0,5,元富-林園,2023-01-11,5927
6215,和椿,5,0,5,元富-林園,2023-01-11,5927
6104,創惟,9,4,5,元富-林園,2023-01-11,5927
8088,品安,4,0,4,元富-林園,2023-01-11,5927
1444,力麗,4,0,4,元富-林園,2023-01-11,5927
1513,中興電,6,2,4,元富-林園,2023-01-11,5927
2349,錸德,5,1,4,元富-林園,2023-01-11,5927
3027,盛達,7,3,4,元富-林園,2023-01-11,5927
6649,台生材,5,1,4,元富-林園,2023-01-11,5927
8936,國統,4,0,4,元富-林園,2023-01-11,5927
3438,類比科,4,1,3,元富-林園,2023-01-11,5927
1734,杏輝,3,0,3,元富-林園,2023-01-11,5927
1760,寶齡富錦,5,2,3,元富-林園,2023-01-11,5927
2834,臺企銀,104,4,100,元富-林園,2023-01-12,5927
3675,德微,55,0,55,元富-林園,2023-01-12,5927
2406,國碩,40,0,40,元富-林園,2023-01-12,5927
1612,宏泰,37,7,30,元富-林園,2023-01-12,5927
2337,旺宏,30,0,30,元富-林園,2023-01-12,5927
1605,華新,60,33,27,元富-林園,2023-01-12,5927
2609,陽明,30,5,25,元富-林園,2023-01-12,5927
2495,普安,23,0,23,元富-林園,2023-01-12,5927
4904,遠傳,23,0,23,元富-林園,2023-01-12,5927
00900,富邦特選高股息30,103,81,22,元富-林園,2023-01-12,5927
00878,國泰永續高股息,22,1,21,元富-林園,2023-01-12,5927
6116,彩晶,20,0,20,元富-林園,2023-01-12,5927
3041,揚智,18,0,18,元富-林園,2023-01-12,5927
2880,華南金,15,0,15,元富-林園,2023-01-12,5927
2887,台新金,14,0,14,元富-林園,2023-01-12,5927
2892,第一金,13,0,13,元富-林園,2023-01-12,5927
1314,中石化,12,0,12,元富-林園,2023-01-12,5927
00634R,富邦上証反1,12,0,12,元富-林園,2023-01-12,5927
1810,和成,12,1,11,元富-林園,2023-01-12,5927
2368,金像電,11,0,11,元富-林園,2023-01-12,5927
3406,玉晶光,14,3,11,元富-林園,2023-01-12,5927
5203,訊連,11,0,11,元富-林園,2023-01-12,5927
1304,台聚,10,0,10,元富-林園,2023-01-12,5927
00882,中信中國高股息,10,0,10,元富-林園,2023-01-12,5927
2028,威致,10,0,10,元富-林園,2023-01-12,5927
2328,廣宇,10,0,10,元富-林園,2023-01-12,5927
4102,永日,10,0,10,元富-林園,2023-01-12,5927
2317,鴻海,10,1,9,元富-林園,2023-01-12,5927
3704,合勤控,8,0,8,元富-林園,2023-01-12,5927
4979,華星光,35,28,7,元富-林園,2023-01-12,5927
4968,立積,6,0,6,元富-林園,2023-01-12,5927
6191,精成科,6,0,6,元富-林園,2023-01-12,5927
6244,茂迪,6,0,6,元富-林園,2023-01-12,5927
2327,國巨,5,0,5,元富-林園,2023-01-12,5927
2349,錸德,5,0,5,元富-林園,2023-01-12,5927
3705,永信,5,0,5,元富-林園,2023-01-12,5927
4133,亞諾法,5,0,5,元富-林園,2023-01-12,5927
5371,中光電,8,3,5,元富-林園,2023-01-12,5927
6139,亞翔,12,7,5,元富-林園,2023-01-12,5927
6282,康舒,5,0,5,元富-林園,2023-01-12,5927
6443,元晶,10,5,5,元富-林園,2023-01-12,5927
6531,愛普*,6,1,5,元富-林園,2023-01-12,5927
8043,蜜望實,5,0,5,元富-林園,2023-01-12,5927
0056,元大高股息,6,2,4,元富-林園,2023-01-12,5927
3481,群創,5,0,5,元富-林園,2023-01-12,5927
2009,第一銅,4,0,4,元富-林園,2023-01-12,5927
2027,大成鋼,9,5,4,元富-林園,2023-01-12,5927
2365,昆盈,8,4,4,元富-林園,2023-01-12,5927
2897,王道銀行,4,0,4,元富-林園,2023-01-12,5927
6235,華孚,8,4,4,元富-林園,2023-01-12,5927
2324,仁寶,88,0,88,元富-林園,2023-01-13,5927
2007,燁興,35,0,35,元富-林園,2023-01-13,5927
2312,金寶,35,0,35,元富-林園,2023-01-13,5927
3707,漢磊,26,0,26,元富-林園,2023-01-13,5927
2402,毅嘉,20,0,20,元富-林園,2023-01-13,5927
2609,陽明,31,11,20,元富-林園,2023-01-13,5927
3041,揚智,20,0,20,元富-林園,2023-01-13,5927
2890,永豐金,17,0,17,元富-林園,2023-01-13,5927
6443,元晶,19,4,15,元富-林園,2023-01-13,5927
2379,瑞昱,13,0,13,元富-林園,2023-01-13,5927
2880,華南金,11,0,11,元富-林園,2023-01-13,5927
00830,國泰費城半導體,11,0,11,元富-林園,2023-01-13,5927
00701,國泰股利精選30,10,0,10,元富-林園,2023-01-13,5927
00921,兆豐龍頭等權重,10,0,10,元富-林園,2023-01-13,5927
2328,廣宇,10,0,10,元富-林園,2023-01-13,5927
3272,東碩,10,0,10,元富-林園,2023-01-13,5927
5014,建錩,10,0,10,元富-林園,2023-01-13,5927
1102,亞泥,10,1,9,元富-林園,2023-01-13,5927
2014,中鴻,21,12,9,元富-林園,2023-01-13,5927
2368,金像電,11,2,9,元富-林園,2023-01-13,5927
8928,鉅明,9,0,9,元富-林園,2023-01-13,5927
2317,鴻海,9,1,8,元富-林園,2023-01-13,5927
1608,華榮,15,8,7,元富-林園,2023-01-13,5927
2313,華通,7,0,7,元富-林園,2023-01-13,5927
3576,聯合再生,7,0,7,元富-林園,2023-01-13,5927
4167,松瑞藥,10,3,7,元富-林園,2023-01-13,5927
2892,第一金,8,1,7,元富-林園,2023-01-13,5927
1701,中化,6,0,6,元富-林園,2023-01-13,5927
3027,盛達,9,3,6,元富-林園,2023-01-13,5927
3406,玉晶光,11,5,6,元富-林園,2023-01-13,5927
4919,新唐,10,4,6,元富-林園,2023-01-13,5927
8046,南電,7,1,6,元富-林園,2023-01-13,5927
00882,中信中國高股息,5,0,5,元富-林園,2023-01-13,5927
1504,東元,5,0,5,元富-林園,2023-01-13,5927
1609,大亞,5,0,5,元富-林園,2023-01-13,5927
2104,國際中橡,5,0,5,元富-林園,2023-01-13,5927
2108,南帝,5,0,5,元富-林園,2023-01-13,5927
2349,錸德,5,0,5,元富-林園,2023-01-13,5927
4192,杏國,5,0,5,元富-林園,2023-01-13,5927
6005,群益證,5,0,5,元富-林園,2023-01-13,5927
8926,台汽電,5,0,5,元富-林園,2023-01-13,5927
1444,力麗,4,0,4,元富-林園,2023-01-13,5927
00664R,國泰臺灣加權反1,4,0,4,元富-林園,2023-01-13,5927
2332,友訊,4,0,4,元富-林園,2023-01-13,5927
2353,宏��,4,0,4,元富-林園,2023-01-13,5927
2812,台中銀,4,0,4,元富-林園,2023-01-13,5927
3687,歐買尬,5,1,4,元富-林園,2023-01-13,5927
4114,健喬,6,2,4,元富-林園,2023-01-13,5927
5263,智崴,8,4,4,元富-林園,2023-01-13,5927
6111,大宇資,5,1,4,元富-林園,2023-01-13,5927
2886,兆豐金,114,1,113,元富-林園,2023-01-16,5927
3675,德微,35,0,35,元富-林園,2023-01-16,5927
2812,台中銀,32,0,32,元富-林園,2023-01-16,5927
2317,鴻海,27,3,24,元富-林園,2023-01-16,5927
3041,揚智,24,0,24,元富-林園,2023-01-16,5927
00632R,元大台灣50反1,23,0,23,元富-林園,2023-01-16,5927
2867,三商壽,23,0,23,元富-林園,2023-01-16,5927
8050,廣積,25,5,20,元富-林園,2023-01-16,5927
00634R,富邦上証反1,18,0,18,元富-林園,2023-01-16,5927
6770,力積電,18,1,17,元富-林園,2023-01-16,5927
00673R,期元大S＆P原油反1,17,0,17,元富-林園,2023-01-16,5927
2303,聯電,21,6,15,元富-林園,2023-01-16,5927
3293,鈊象,16,3,13,元富-林園,2023-01-16,5927
2618,長榮航,14,2,12,元富-林園,2023-01-16,5927
00770,國泰北美科技,12,0,12,元富-林園,2023-01-16,5927
8112A,至上甲特,11,0,11,元富-林園,2023-01-16,5927
00878,國泰永續高股息,17,6,11,元富-林園,2023-01-16,5927
00903,富邦元宇宙,10,0,10,元富-林園,2023-01-16,5927
1905,華紙,10,0,10,元富-林園,2023-01-16,5927
2235,謚源,10,0,10,元富-林園,2023-01-16,5927
2897,王道銀行,10,0,10,元富-林園,2023-01-16,5927
2520,冠德,9,0,9,元富-林園,2023-01-16,5927
8421,旭源,18,9,9,元富-林園,2023-01-16,5927
4130,健亞,8,0,8,元富-林園,2023-01-16,5927
6443,元晶,9,1,8,元富-林園,2023-01-16,5927
1736,喬山,10,2,8,元富-林園,2023-01-16,5927
2337,旺宏,7,1,6,元富-林園,2023-01-16,5927
00638R,元大滬深300反1,6,0,6,元富-林園,2023-01-16,5927
2201,裕隆,7,1,6,元富-林園,2023-01-16,5927
2603,長榮,13,7,6,元富-林園,2023-01-16,5927
2892,第一金,9,4,5,元富-林園,2023-01-16,5927
2023,燁輝,5,0,5,元富-林園,2023-01-16,5927
2104,國際中橡,5,0,5,元富-林園,2023-01-16,5927
2312,金寶,5,0,5,元富-林園,2023-01-16,5927
2349,錸德,5,0,5,元富-林園,2023-01-16,5927
4162,智擎,7,2,5,元富-林園,2023-01-16,5927
8249,菱光,5,0,5,元富-林園,2023-01-16,5927
00772B,中信高評級公司債,5,0,5,元富-林園,2023-01-16,5927
00720B,元大投資級公司債,5,0,5,元富-林園,2023-01-16,5927
1608,華榮,5,0,5,元富-林園,2023-01-16,5927
4931,新盛力,5,0,5,元富-林園,2023-01-16,5927
1310,台苯,4,0,4,元富-林園,2023-01-16,5927
1513,中興電,5,1,4,元富-林園,2023-01-16,5927
2301,光寶科,4,0,4,元富-林園,2023-01-16,5927
2634,漢翔,5,1,4,元富-林園,2023-01-16,5927
2328,廣宇,3,0,3,元富-林園,2023-01-16,5927
3037,欣興,9,6,3,元富-林園,2023-01-16,5927
00664R,國泰臺灣加權反1,3,0,3,元富-林園,2023-01-16,5927
1808,潤隆,3,0,3,元富-林園,2023-01-16,5927
2610,華航,3,0,3,元富-林園,2023-01-16,5927
00893,國泰智能電動車,260,0,260,元富-林園,2023-01-17,5927
2834,臺企銀,54,2,52,元富-林園,2023-01-17,5927
2009,第一銅,35,0,35,元富-林園,2023-01-17,5927
00664R,國泰臺灣加權反1,33,0,33,元富-林園,2023-01-17,5927
00676R,富邦臺灣加權反1,30,0,30,元富-林園,2023-01-17,5927
2317,鴻海,31,6,25,元富-林園,2023-01-17,5927
00900,富邦特選高股息30,22,0,22,元富-林園,2023-01-17,5927
2610,華航,24,2,22,元富-林園,2023-01-17,5927
2641,正德,18,0,18,元富-林園,2023-01-17,5927
3481,群創,17,0,17,元富-林園,2023-01-17,5927
00878,國泰永續高股息,15,0,15,元富-林園,2023-01-17,5927
3041,揚智,15,0,15,元富-林園,2023-01-17,5927
1701,中化,14,1,13,元富-林園,2023-01-17,5927
2851,中再保,12,0,12,元富-林園,2023-01-17,5927
2368,金像電,11,0,11,元富-林園,2023-01-17,5927
00679B,元大美債20年,10,0,10,元富-林園,2023-01-17,5927
2349,錸德,10,0,10,元富-林園,2023-01-17,5927
2615,萬海,10,0,10,元富-林園,2023-01-17,5927
6274,台燿,9,0,9,元富-林園,2023-01-17,5927
2880,華南金,9,1,8,元富-林園,2023-01-17,5927
2812,台中銀,21,13,8,元富-林園,2023-01-17,5927
2884,玉山金,8,0,8,元富-林園,2023-01-17,5927
8112A,至上甲特,8,0,8,元富-林園,2023-01-17,5927
1513,中興電,11,4,7,元富-林園,2023-01-17,5927
1417,嘉裕,7,0,7,元富-林園,2023-01-17,5927
00882,中信中國高股息,7,0,7,元富-林園,2023-01-17,5927
2344,華邦電,10,3,7,元富-林園,2023-01-17,5927
2367,燿華,7,0,7,元富-林園,2023-01-17,5927
3675,德微,7,0,7,元富-林園,2023-01-17,5927
6443,元晶,12,5,7,元富-林園,2023-01-17,5927
5880,合庫金,6,0,6,元富-林園,2023-01-17,5927
1309,台達化,6,0,6,元富-林園,2023-01-17,5927
00720B,元大投資級公司債,6,0,6,元富-林園,2023-01-17,5927
2436,偉詮電,6,0,6,元富-林園,2023-01-17,5927
2465,麗臺,10,4,6,元富-林園,2023-01-17,5927
4162,智擎,7,2,5,元富-林園,2023-01-17,5927
00673R,期元大S＆P原油反1,5,0,5,元富-林園,2023-01-17,5927
2520,冠德,5,0,5,元富-林園,2023-01-17,5927
2612,中航,5,0,5,元富-林園,2023-01-17,5927
2614,東森,6,1,5,元富-林園,2023-01-17,5927
5014,建錩,15,10,5,元富-林園,2023-01-17,5927
6139,亞翔,9,4,5,元富-林園,2023-01-17,5927
1605,華新,31,27,4,元富-林園,2023-01-17,5927
1734,杏輝,4,0,4,元富-林園,2023-01-17,5927
2731,雄獅,5,1,4,元富-林園,2023-01-17,5927
6712,長聖,4,0,4,元富-林園,2023-01-17,5927
9945,潤泰新,4,0,4,元富-林園,2023-01-17,5927
3037,欣興,8,5,3,元富-林園,2023-01-17,5927
1444,力麗,3,0,3,元富-林園,2023-01-17,5927
1307,三芳,3,0,3,元富-林園,2023-01-17,5927
2317,鴻海,90,5,85,元富-林園,2023-01-30,5927
2034,允強,40,3,37,元富-林園,2023-01-30,5927
00679B,元大美債20年,30,0,30,元富-林園,2023-01-30,5927
2601,益航,30,2,28,元富-林園,2023-01-30,5927
00664R,國泰臺灣加權反1,25,0,25,元富-林園,2023-01-30,5927
6541,泰福-KY,36,14,22,元富-林園,2023-01-30,5927
3022,威強電,30,10,20,元富-林園,2023-01-30,5927
3049,精金,20,0,20,元富-林園,2023-01-30,5927
8940,新天地,20,0,20,元富-林園,2023-01-30,5927
3041,揚智,15,0,15,元富-林園,2023-01-30,5927
3714,富采,13,0,13,元富-林園,2023-01-30,5927
6509,聚和,12,0,12,元富-林園,2023-01-30,5927
1612,宏泰,10,0,10,元富-林園,2023-01-30,5927
1709,和益,10,0,10,元富-林園,2023-01-30,5927
4120,友華,10,0,10,元富-林園,2023-01-30,5927
5388,中磊,10,0,10,元富-林園,2023-01-30,5927
5880,合庫金,10,1,9,元富-林園,2023-01-30,5927
1531,高林股,9,0,9,元富-林園,2023-01-30,5927
2399,映泰,12,3,9,元富-林園,2023-01-30,5927
8155,博智,12,3,9,元富-林園,2023-01-30,5927
1336,台翰,8,0,8,元富-林園,2023-01-30,5927
2609,陽明,19,12,7,元富-林園,2023-01-30,5927
6767,台微醫,7,0,7,元富-林園,2023-01-30,5927
9904,寶成,7,0,7,元富-林園,2023-01-30,5927
2834,臺企銀,14,8,6,元富-林園,2023-01-30,5927
2458,義隆,6,0,6,元富-林園,2023-01-30,5927
3189,景碩,10,4,6,元富-林園,2023-01-30,5927
9945,潤泰新,6,0,6,元富-林園,2023-01-30,5927
8069,元太,11,6,5,元富-林園,2023-01-30,5927
00772B,中信高評級公司債,5,0,5,元富-林園,2023-01-30,5927
3710,連展投控,5,0,5,元富-林園,2023-01-30,5927
4114,健喬,6,1,5,元富-林園,2023-01-30,5927
6239,力成,5,0,5,元富-林園,2023-01-30,5927
6609,瀧澤科,5,0,5,元富-林園,2023-01-30,5927
2007,燁興,4,0,4,元富-林園,2023-01-30,5927
2032,新鋼,4,0,4,元富-林園,2023-01-30,5927
4128,中天,4,0,4,元富-林園,2023-01-30,5927
6118,建達,4,0,4,元富-林園,2023-01-30,5927
6446,藥華藥,4,0,4,元富-林園,2023-01-30,5927
6533,晶心科,5,1,4,元富-林園,2023-01-30,5927
6594,展匯科,4,0,4,元富-林園,2023-01-30,5927
8215,明基材,5,1,4,元富-林園,2023-01-30,5927
8383,千附,4,0,4,元富-林園,2023-01-30,5927
2603,長榮,4,0,4,元富-林園,2023-01-30,5927
2867,三商壽,3,0,3,元富-林園,2023-01-30,5927
00641R,富邦日本反1,3,0,3,元富-林園,2023-01-30,5927
1319,東陽,3,0,3,元富-林園,2023-01-30,5927
1409,新纖,3,0,3,元富-林園,2023-01-30,5927
1444,力麗,3,0,3,元富-林園,2023-01-30,5927
1514,亞力,6,3,3,元富-林園,2023-01-30,5927
2891,中信金,153,1,152,元富-林園,2023-01-31,5927
00905,FT臺灣Smart,62,0,62,元富-林園,2023-01-31,5927
00664R,國泰臺灣加權反1,50,0,50,元富-林園,2023-01-31,5927
00680L,元大美債20正2,45,0,45,元富-林園,2023-01-31,5927
00632R,元大台灣50反1,40,0,40,元富-林園,2023-01-31,5927
8105,凌巨,54,15,39,元富-林園,2023-01-31,5927
2890,永豐金,35,0,35,元富-林園,2023-01-31,5927
00679B,元大美債20年,30,0,30,元富-林園,2023-01-31,5927
8050,廣積,26,1,25,元富-林園,2023-01-31,5927
1310,台苯,20,0,20,元富-林園,2023-01-31,5927
2323,中環,20,0,20,元富-林園,2023-01-31,5927
6257,矽格,20,1,19,元富-林園,2023-01-31,5927
00878,國泰永續高股息,20,2,18,元富-林園,2023-01-31,5927
00900,富邦特選高股息30,14,0,14,元富-林園,2023-01-31,5927
5014,建錩,16,2,14,元富-林園,2023-01-31,5927
2481,強茂,14,1,13,元富-林園,2023-01-31,5927
2358,廷鑫,12,0,12,元富-林園,2023-01-31,5927
3714,富采,13,1,12,元富-林園,2023-01-31,5927
3041,揚智,11,0,11,元富-林園,2023-01-31,5927
5515,建國,11,0,11,元富-林園,2023-01-31,5927
5483,中美晶,11,1,10,元富-林園,2023-01-31,5927
5880,合庫金,10,0,10,元富-林園,2023-01-31,5927
1432,大魯閣,11,1,10,元富-林園,2023-01-31,5927
2444,兆勁,10,0,10,元富-林園,2023-01-31,5927
2465,麗臺,11,1,10,元富-林園,2023-01-31,5927
2330,台積電,13,3,10,元富-林園,2023-01-31,5927
2881,富邦金,10,1,9,元富-林園,2023-01-31,5927
2892,第一金,9,0,9,元富-林園,2023-01-31,5927
2884,玉山金,14,5,9,元富-林園,2023-01-31,5927
2408,南亞科,8,0,8,元富-林園,2023-01-31,5927
00904,新光臺灣半導體30,8,0,8,元富-林園,2023-01-31,5927
2547,日勝生,8,0,8,元富-林園,2023-01-31,5927
3552,同致,10,2,8,元富-林園,2023-01-31,5927
8940,新天地,8,0,8,元富-林園,2023-01-31,5927
3711,日月光投控,7,0,7,元富-林園,2023-01-31,5927
8429,金麗-KY,10,3,7,元富-林園,2023-01-31,5927
2885,元大金,6,0,6,元富-林園,2023-01-31,5927
2436,偉詮電,6,0,6,元富-林園,2023-01-31,5927
2614,東森,6,0,6,元富-林園,2023-01-31,5927
3017,奇鋐,6,0,6,元富-林園,2023-01-31,5927
4114,健喬,19,13,6,元富-林園,2023-01-31,5927
5009,榮剛,9,3,6,元富-林園,2023-01-31,5927
6796,晉弘,6,0,6,元富-林園,2023-01-31,5927
2412,中華電,5,0,5,元富-林園,2023-01-31,5927
2729,瓦城,5,0,5,元富-林園,2023-01-31,5927
3045,台灣大,5,0,5,元富-林園,2023-01-31,5927
3071,協禧,5,0,5,元富-林園,2023-01-31,5927
3693,營邦,6,1,5,元富-林園,2023-01-31,5927
3710,連展投控,10,5,5,元富-林園,2023-01-31,5927
5011,久陽,5,0,5,元富-林園,2023-01-31,5927
6205,詮欣,271,0,271,元富-林園,2023-02-01,5927
3162,精確,79,6,73,元富-林園,2023-02-01,5927
1609,大亞,57,9,48,元富-林園,2023-02-01,5927
3038,全台,40,0,40,元富-林園,2023-02-01,5927
6248,沛波,30,0,30,元富-林園,2023-02-01,5927
6244,茂迪,47,18,29,元富-林園,2023-02-01,5927
00878,國泰永續高股息,29,1,28,元富-林園,2023-02-01,5927
1608,華榮,25,0,25,元富-林園,2023-02-01,5927
00905,FT臺灣Smart,20,0,20,元富-林園,2023-02-01,5927
00673R,期元大S＆P原油反1,20,0,20,元富-林園,2023-02-01,5927
2029,盛餘,20,0,20,元富-林園,2023-02-01,5927
3022,威強電,20,0,20,元富-林園,2023-02-01,5927
4162,智擎,20,0,20,元富-林園,2023-02-01,5927
6180,橘子,20,0,20,元富-林園,2023-02-01,5927
2890,永豐金,18,0,18,元富-林園,2023-02-01,5927
2014,中鴻,27,10,17,元富-林園,2023-02-01,5927
1605,華新,26,9,17,元富-林園,2023-02-01,5927
5880,合庫金,20,4,16,元富-林園,2023-02-01,5927
6443,元晶,25,12,13,元富-林園,2023-02-01,5927
6767,台微醫,13,0,13,元富-林園,2023-02-01,5927
8940,新天地,13,0,13,元富-林園,2023-02-01,5927
1513,中興電,16,4,12,元富-林園,2023-02-01,5927
2031,新光鋼,12,0,12,元富-林園,2023-02-01,5927
2886,兆豐金,12,0,12,元富-林園,2023-02-01,5927
2891,中信金,11,0,11,元富-林園,2023-02-01,5927
00632R,元大台灣50反1,11,0,11,元富-林園,2023-02-01,5927
1734,杏輝,11,0,11,元富-林園,2023-02-01,5927
3083,網龍,17,6,11,元富-林園,2023-02-01,5927
5351,鈺創,17,6,11,元富-林園,2023-02-01,5927
3041,揚智,10,0,10,元富-林園,2023-02-01,5927
3710,連展投控,10,0,10,元富-林園,2023-02-01,5927
6282,康舒,26,16,10,元富-林園,2023-02-01,5927
1524,耿鼎,11,2,9,元富-林園,2023-02-01,5927
2317,鴻海,16,8,8,元富-林園,2023-02-01,5927
4532,瑞智,8,0,8,元富-林園,2023-02-01,5927
6116,彩晶,24,16,8,元富-林園,2023-02-01,5927
2007,燁興,10,3,7,元富-林園,2023-02-01,5927
3312,弘憶股,12,5,7,元富-林園,2023-02-01,5927
6104,創惟,10,3,7,元富-林園,2023-02-01,5927
3481,群創,13,6,7,元富-林園,2023-02-01,5927
1432,大魯閣,7,0,7,元富-林園,2023-02-01,5927
00679B,元大美債20年,6,0,6,元富-林園,2023-02-01,5927
2441,超豐,6,0,6,元富-林園,2023-02-01,5927
6649,台生材,6,0,6,元富-林園,2023-02-01,5927
2412,中華電,6,0,6,元富-林園,2023-02-01,5927
00903,富邦元宇宙,5,0,5,元富-林園,2023-02-01,5927
00900,富邦特選高股息30,5,0,5,元富-林園,2023-02-01,5927
00637L,元大滬深300正2,5,0,5,元富-林園,2023-02-01,5927
1533,車王電,5,0,5,元富-林園,2023-02-01,5927
1568,倉佑,5,0,5,元富-林園,2023-02-01,5927
00632R,元大台灣50反1,336,5,331,元富-林園,2023-02-02,5927
5876,上海商銀,145,0,145,元富-林園,2023-02-02,5927
2834,臺企銀,155,10,145,元富-林園,2023-02-02,5927
3675,德微,72,4,68,元富-林園,2023-02-02,5927
6789,采鈺,30,0,30,元富-林園,2023-02-02,5927
6237,驊訊,68,42,26,元富-林園,2023-02-02,5927
00882,中信中國高股息,22,0,22,元富-林園,2023-02-02,5927
00671R,富邦NASDAQ反1,20,0,20,元富-林園,2023-02-02,5927
2891,中信金,30,10,20,元富-林園,2023-02-02,5927
00878,國泰永續高股息,33,13,20,元富-林園,2023-02-02,5927
1785,光洋科,30,12,18,元富-林園,2023-02-02,5927
2014,中鴻,19,1,18,元富-林園,2023-02-02,5927
2457,飛宏,18,0,18,元富-林園,2023-02-02,5927
6770,力積電,35,17,18,元富-林園,2023-02-02,5927
0056,元大高股息,28,12,16,元富-林園,2023-02-02,5927
1560,中砂,18,2,16,元富-林園,2023-02-02,5927
1810,和成,19,3,16,元富-林園,2023-02-02,5927
2034,允強,15,0,15,元富-林園,2023-02-02,5927
4904,遠傳,13,0,13,元富-林園,2023-02-02,5927
00664R,國泰臺灣加權反1,25,13,12,元富-林園,2023-02-02,5927
2062,橋椿,12,0,12,元富-林園,2023-02-02,5927
6279,胡連,13,1,12,元富-林園,2023-02-02,5927
8046,南電,14,2,12,元富-林園,2023-02-02,5927
2634,漢翔,11,0,11,元富-林園,2023-02-02,5927
00651R,復華香港反1,10,0,10,元富-林園,2023-02-02,5927
2106,建大,10,0,10,元富-林園,2023-02-02,5927
2880,華南金,10,0,10,元富-林園,2023-02-02,5927
6152,百一,10,0,10,元富-林園,2023-02-02,5927
8249,菱光,10,0,10,元富-林園,2023-02-02,5927
2892,第一金,9,0,9,元富-林園,2023-02-02,5927
2618,長榮航,11,2,9,元富-林園,2023-02-02,5927
00893,國泰智能電動車,10,1,9,元富-林園,2023-02-02,5927
1444,力麗,9,0,9,元富-林園,2023-02-02,5927
2465,麗臺,10,1,9,元富-林園,2023-02-02,5927
4162,智擎,11,2,9,元富-林園,2023-02-02,5927
6129,普誠,11,2,9,元富-林園,2023-02-02,5927
00900,富邦特選高股息30,8,0,8,元富-林園,2023-02-02,5927
3264,欣銓,13,5,8,元富-林園,2023-02-02,5927
5315,光聯,10,2,8,元富-林園,2023-02-02,5927
6477,安集,8,0,8,元富-林園,2023-02-02,5927
1742,台蠟,7,0,7,元富-林園,2023-02-02,5927
3037,欣興,16,9,7,元富-林園,2023-02-02,5927
3406,玉晶光,7,0,7,元富-林園,2023-02-02,5927
1612,宏泰,6,0,6,元富-林園,2023-02-02,5927
3707,漢磊,12,6,6,元富-林園,2023-02-02,5927
3714,富采,6,0,6,元富-林園,2023-02-02,5927
4529,淳紳,6,0,6,元富-林園,2023-02-02,5927
1101,台泥,6,0,6,元富-林園,2023-02-02,5927
1308,亞聚,5,0,5,元富-林園,2023-02-02,5927
00637L,元大滬深300正2,5,0,5,元富-林園,2023-02-02,5927
9105,泰金寶-DR,77,11,66,元富-林園,2023-02-03,5927
00878,國泰永續高股息,69,5,64,元富-林園,2023-02-03,5927
00669R,國泰美國道瓊反1,59,0,59,元富-林園,2023-02-03,5927
2601,益航,66,10,56,元富-林園,2023-02-03,5927
2369,菱生,43,1,42,元富-林園,2023-02-03,5927
6282,康舒,71,29,42,元富-林園,2023-02-03,5927
5876,上海商銀,40,1,39,元富-林園,2023-02-03,5927
3707,漢磊,39,2,37,元富-林園,2023-02-03,5927
3481,群創,37,1,36,元富-林園,2023-02-03,5927
6180,橘子,30,1,29,元富-林園,2023-02-03,5927
2615,萬海,32,3,29,元富-林園,2023-02-03,5927
2344,華邦電,38,10,28,元富-林園,2023-02-03,5927
2736,富野,26,0,26,元富-林園,2023-02-03,5927
2317,鴻海,24,2,22,元富-林園,2023-02-03,5927
3406,玉晶光,22,2,20,元富-林園,2023-02-03,5927
2891,中信金,19,0,19,元富-林園,2023-02-03,5927
00637L,元大滬深300正2,18,0,18,元富-林園,2023-02-03,5927
3207,耀勝,40,22,18,元富-林園,2023-02-03,5927
2208,台船,17,0,17,元富-林園,2023-02-03,5927
2484,希華,23,6,17,元富-林園,2023-02-03,5927
1609,大亞,16,0,16,元富-林園,2023-02-03,5927
6443,元晶,33,17,16,元富-林園,2023-02-03,5927
3041,揚智,15,0,15,元富-林園,2023-02-03,5927
00885,富邦越南,13,0,13,元富-林園,2023-02-03,5927
2498,宏達電,36,23,13,元富-林園,2023-02-03,5927
2892,第一金,13,0,13,元富-林園,2023-02-03,5927
6245,立端,13,0,13,元富-林園,2023-02-03,5927
1513,中興電,15,3,12,元富-林園,2023-02-03,5927
2897,王道銀行,12,0,12,元富-林園,2023-02-03,5927
3105,穩懋,12,0,12,元富-林園,2023-02-03,5927
1701,中化,12,1,11,元富-林園,2023-02-03,5927
2009,第一銅,11,0,11,元富-林園,2023-02-03,5927
2014,中鴻,14,3,11,元富-林園,2023-02-03,5927
4157,太景*-KY,11,0,11,元富-林園,2023-02-03,5927
2465,麗臺,10,0,10,元富-林園,2023-02-03,5927
00891,中信關鍵半導體,10,0,10,元富-林園,2023-02-03,5927
2201,裕隆,13,3,10,元富-林園,2023-02-03,5927
2399,映泰,10,0,10,元富-林園,2023-02-03,5927
2497,怡利電,10,0,10,元富-林園,2023-02-03,5927
2542,興富發,10,0,10,元富-林園,2023-02-03,5927
1305,華夏,14,5,9,元富-林園,2023-02-03,5927
3508,位速,11,2,9,元富-林園,2023-02-03,5927
5258,虹堡,10,1,9,元富-林園,2023-02-03,5927
5371,中光電,9,0,9,元富-林園,2023-02-03,5927
2027,大成鋼,12,3,9,元富-林園,2023-02-03,5927
4162,智擎,11,2,9,元富-林園,2023-02-03,5927
00882,中信中國高股息,8,0,8,元富-林園,2023-02-03,5927
00664R,國泰臺灣加權反1,8,0,8,元富-林園,2023-02-03,5927
00715L,期街口布蘭特正2,8,0,8,元富-林園,2023-02-03,5927
00900,富邦特選高股息30,10,2,8,元富-林園,2023-02-03,5927
00632R,元大台灣50反1,110,5,105,元富-林園,2023-02-06,5927
3675,德微,80,0,80,元富-林園,2023-02-06,5927
00878,國泰永續高股息,82,2,80,元富-林園,2023-02-06,5927
2303,聯電,67,2,65,元富-林園,2023-02-06,5927
2867,三商壽,50,0,50,元富-林園,2023-02-06,5927
00637L,元大滬深300正2,38,0,38,元富-林園,2023-02-06,5927
00642U,期元大S＆P石油,35,0,35,元富-林園,2023-02-06,5927
1605,華新,45,18,27,元富-林園,2023-02-06,5927
00882,中信中國高股息,27,0,27,元富-林園,2023-02-06,5927
3037,欣興,30,3,27,元富-林園,2023-02-06,5927
2609,陽明,31,6,25,元富-林園,2023-02-06,5927
00715L,期街口布蘭特正2,24,0,24,元富-林園,2023-02-06,5927
2897,王道銀行,24,0,24,元富-林園,2023-02-06,5927
6443,元晶,50,27,23,元富-林園,2023-02-06,5927
2834,臺企銀,20,0,20,元富-林園,2023-02-06,5927
2482,連宇,20,0,20,元富-林園,2023-02-06,5927
2388,威盛,23,4,19,元富-林園,2023-02-06,5927
6770,力積電,29,10,19,元富-林園,2023-02-06,5927
3707,漢磊,25,8,17,元富-林園,2023-02-06,5927
4168,醣聯,17,0,17,元富-林園,2023-02-06,5927
2884,玉山金,24,7,17,元富-林園,2023-02-06,5927
3105,穩懋,24,8,16,元富-林園,2023-02-06,5927
00679B,元大美債20年,15,0,15,元富-林園,2023-02-06,5927
1101,台泥,18,3,15,元富-林園,2023-02-06,5927
4919,新唐,17,3,14,元富-林園,2023-02-06,5927
2368,金像電,17,4,13,元富-林園,2023-02-06,5927
1304,台聚,12,0,12,元富-林園,2023-02-06,5927
2889,國票金,15,3,12,元富-林園,2023-02-06,5927
8249,菱光,12,0,12,元富-林園,2023-02-06,5927
00680L,元大美債20正2,10,0,10,元富-林園,2023-02-06,5927
1611,中電,10,0,10,元富-林園,2023-02-06,5927
1785,光洋科,10,0,10,元富-林園,2023-02-06,5927
5215,科嘉-KY,10,0,10,元富-林園,2023-02-06,5927
5706,鳳凰,12,2,10,元富-林園,2023-02-06,5927
5876,上海商銀,10,0,10,元富-林園,2023-02-06,5927
6616,特昇-KY,10,0,10,元富-林園,2023-02-06,5927
8150,南茂,10,0,10,元富-林園,2023-02-06,5927
6223,旺矽,11,2,9,元富-林園,2023-02-06,5927
00892,富邦台灣半導體,9,0,9,元富-林園,2023-02-06,5927
2379,瑞昱,9,0,9,元富-林園,2023-02-06,5927
3035,智原,23,14,9,元富-林園,2023-02-06,5927
6244,茂迪,14,5,9,元富-林園,2023-02-06,5927
3189,景碩,11,3,8,元富-林園,2023-02-06,5927
1305,華夏,8,0,8,元富-林園,2023-02-06,5927
1560,中砂,11,3,8,元富-林園,2023-02-06,5927
6104,創惟,13,6,7,元富-林園,2023-02-06,5927
6546,正基,7,0,7,元富-林園,2023-02-06,5927
8054,安國,8,1,7,元富-林園,2023-02-06,5927
2330,台積電,9,2,7,元富-林園,2023-02-06,5927
0056,元大高股息,6,0,6,元富-林園,2023-02-06,5927
1711,永光,53,2,51,元富-林園,2023-02-07,5927
00878,國泰永續高股息,43,0,43,元富-林園,2023-02-07,5927
00772B,中信高評級公司債,40,0,40,元富-林園,2023-02-07,5927
2892,第一金,39,0,39,元富-林園,2023-02-07,5927
00893,國泰智能電動車,40,1,39,元富-林園,2023-02-07,5927
8076,伍豐,40,6,34,元富-林園,2023-02-07,5927
1605,華新,55,23,32,元富-林園,2023-02-07,5927
2344,華邦電,29,1,28,元富-林園,2023-02-07,5927
2303,聯電,30,6,24,元富-林園,2023-02-07,5927
2610,華航,22,1,21,元富-林園,2023-02-07,5927
2388,威盛,22,2,20,元富-林園,2023-02-07,5927
2614,東森,20,0,20,元富-林園,2023-02-07,5927
8183,精星,20,0,20,元富-林園,2023-02-07,5927
00715L,期街口布蘭特正2,19,0,19,元富-林園,2023-02-07,5927
5243,乙盛-KY,18,0,18,元富-林園,2023-02-07,5927
1313,聯成,30,16,14,元富-林園,2023-02-07,5927
00679B,元大美債20年,13,0,13,元富-林園,2023-02-07,5927
4167,松瑞藥,18,5,13,元富-林園,2023-02-07,5927
1701,中化,12,0,12,元富-林園,2023-02-07,5927
00642U,期元大S＆P石油,12,0,12,元富-林園,2023-02-07,5927
2027,大成鋼,12,0,12,元富-林園,2023-02-07,5927
3027,盛達,12,0,12,元富-林園,2023-02-07,5927
2883,凱基金,11,0,11,元富-林園,2023-02-07,5927
3011,今皓,11,0,11,元富-林園,2023-02-07,5927
3675,德微,11,0,11,元富-林園,2023-02-07,5927
6116,彩晶,12,1,11,元富-林園,2023-02-07,5927
1560,中砂,10,0,10,元富-林園,2023-02-07,5927
2402,毅嘉,20,10,10,元富-林園,2023-02-07,5927
2542,興富發,10,0,10,元富-林園,2023-02-07,5927
3207,耀勝,10,0,10,元富-林園,2023-02-07,5927
3714,富采,10,0,10,元富-林園,2023-02-07,5927
1752,南光,12,3,9,元富-林園,2023-02-07,5927
1808,潤隆,9,0,9,元富-林園,2023-02-07,5927
00751B,元大AAA至A公司債,8,0,8,元富-林園,2023-02-07,5927
2034,允強,20,12,8,元富-林園,2023-02-07,5927
3441,聯一光,9,2,7,元富-林園,2023-02-07,5927
6770,力積電,8,1,7,元富-林園,2023-02-07,5927
2208,台船,6,0,6,元富-林園,2023-02-07,5927
3037,欣興,16,10,6,元富-林園,2023-02-07,5927
3163,波若威,6,0,6,元富-林園,2023-02-07,5927
4142,國光生,9,3,6,元富-林園,2023-02-07,5927
4402,郡都開發,6,0,6,元富-林園,2023-02-07,5927
00712,復華富時不動產,5,0,5,元富-林園,2023-02-07,5927
2317,鴻海,14,9,5,元富-林園,2023-02-07,5927
1459,聯發,5,0,5,元富-林園,2023-02-07,5927
1612,宏泰,5,0,5,元富-林園,2023-02-07,5927
1785,光洋科,5,0,5,元富-林園,2023-02-07,5927
2324,仁寶,5,0,5,元富-林園,2023-02-07,5927
2382,廣達,5,0,5,元富-林園,2023-02-07,5927
3041,揚智,5,0,5,元富-林園,2023-02-07,5927
3707,漢磊,91,13,78,元富-林園,2023-02-08,5927
00637L,元大滬深300正2,45,3,42,元富-林園,2023-02-08,5927
2034,允強,41,2,39,元富-林園,2023-02-08,5927
3041,揚智,38,0,38,元富-林園,2023-02-08,5927
4130,健亞,42,7,35,元富-林園,2023-02-08,5927
00632R,元大台灣50反1,42,10,32,元富-林園,2023-02-08,5927
00664R,國泰臺灣加權反1,32,0,32,元富-林園,2023-02-08,5927
00751B,元大AAA至A公司債,29,0,29,元富-林園,2023-02-08,5927
6443,元晶,24,1,23,元富-林園,2023-02-08,5927
3264,欣銓,22,0,22,元富-林園,2023-02-08,5927
00679B,元大美債20年,22,0,22,元富-林園,2023-02-08,5927
3406,玉晶光,25,3,22,元富-林園,2023-02-08,5927
5258,虹堡,22,0,22,元富-林園,2023-02-08,5927
2834,臺企銀,23,2,21,元富-林園,2023-02-08,5927
2368,金像電,23,2,21,元富-林園,2023-02-08,5927
2897,王道銀行,25,6,19,元富-林園,2023-02-08,5927
3504,揚明光,17,0,17,元富-林園,2023-02-08,5927
3231,緯創,20,3,17,元富-林園,2023-02-08,5927
5351,鈺創,29,13,16,元富-林園,2023-02-08,5927
6005,群益證,16,0,16,元富-林園,2023-02-08,5927
6282,康舒,61,45,16,元富-林園,2023-02-08,5927
00680L,元大美債20正2,15,0,15,元富-林園,2023-02-08,5927
6244,茂迪,25,10,15,元富-林園,2023-02-08,5927
2891,中信金,13,0,13,元富-林園,2023-02-08,5927
0056,元大高股息,14,2,12,元富-林園,2023-02-08,5927
6531,愛普*,14,3,11,元富-林園,2023-02-08,5927
00919,群益台灣精選高息,10,0,10,元富-林園,2023-02-08,5927
2312,金寶,10,0,10,元富-林園,2023-02-08,5927
2614,東森,10,0,10,元富-林園,2023-02-08,5927
3207,耀勝,20,10,10,元富-林園,2023-02-08,5927
5475,德宏,10,0,10,元富-林園,2023-02-08,5927
1513,中興電,10,0,10,元富-林園,2023-02-08,5927
1313,聯成,9,0,9,元富-林園,2023-02-08,5927
3027,盛達,9,0,9,元富-林園,2023-02-08,5927
3227,原相,9,0,9,元富-林園,2023-02-08,5927
2888,新光金,8,0,8,元富-林園,2023-02-08,5927
3066,李洲,8,0,8,元富-林園,2023-02-08,5927
9902,台火,8,0,8,元富-林園,2023-02-08,5927
2014,中鴻,7,0,7,元富-林園,2023-02-08,5927
2317,鴻海,8,1,7,元富-林園,2023-02-08,5927
3508,位速,7,0,7,元富-林園,2023-02-08,5927
6541,泰福-KY,10,3,7,元富-林園,2023-02-08,5927
2049,上銀,7,1,6,元富-林園,2023-02-08,5927
1319,東陽,6,0,6,元富-林園,2023-02-08,5927
00885,富邦越南,6,0,6,元富-林園,2023-02-08,5927
1708,東鹼,6,0,6,元富-林園,2023-02-08,5927
2007,燁興,6,0,6,元富-林園,2023-02-08,5927
2374,佳能,6,0,6,元富-林園,2023-02-08,5927
3057,喬鼎,6,0,6,元富-林園,2023-02-08,5927
4157,太景*-KY,6,0,6,元富-林園,2023-02-08,5927
3289,宜特,405,5,400,元富-林園,2023-02-09,5927
3710,連展投控,143,1,142,元富-林園,2023-02-09,5927
2884,玉山金,110,0,110,元富-林園,2023-02-09,5927
6215,和椿,80,1,79,元富-林園,2023-02-09,5927
6180,橘子,66,5,61,元富-林園,2023-02-09,5927
2867,三商壽,51,0,51,元富-林園,2023-02-09,5927
6235,華孚,76,34,42,元富-林園,2023-02-09,5927
3041,揚智,33,0,33,元富-林園,2023-02-09,5927
00632R,元大台灣50反1,25,0,25,元富-林園,2023-02-09,5927
5258,虹堡,24,0,24,元富-林園,2023-02-09,5927
6546,正基,29,5,24,元富-林園,2023-02-09,5927
8289,泰藝,24,0,24,元富-林園,2023-02-09,5927
2317,鴻海,28,6,22,元富-林園,2023-02-09,5927
00878,國泰永續高股息,22,1,21,元富-林園,2023-02-09,5927
00772B,中信高評級公司債,20,0,20,元富-林園,2023-02-09,5927
2882,國泰金,20,0,20,元富-林園,2023-02-09,5927
8227,巨有科技,20,0,20,元富-林園,2023-02-09,5927
2014,中鴻,17,1,16,元富-林園,2023-02-09,5927
00712,復華富時不動產,15,0,15,元富-林園,2023-02-09,5927
6244,茂迪,25,10,15,元富-林園,2023-02-09,5927
6517,保勝光學,15,0,15,元富-林園,2023-02-09,5927
2388,威盛,18,4,14,元富-林園,2023-02-09,5927
8050,廣積,19,5,14,元富-林園,2023-02-09,5927
3141,晶宏,28,15,13,元富-林園,2023-02-09,5927
2617,台航,12,0,12,元富-林園,2023-02-09,5927
3504,揚明光,12,0,12,元富-林園,2023-02-09,5927
00679B,元大美債20年,11,0,11,元富-林園,2023-02-09,5927
1512,瑞利,10,0,10,元富-林園,2023-02-09,5927
00780B,國泰A級金融債,10,0,10,元富-林園,2023-02-09,5927
1101,台泥,10,0,10,元富-林園,2023-02-09,5927
00885,富邦越南,10,0,10,元富-林園,2023-02-09,5927
1268,漢來美食,10,0,10,元富-林園,2023-02-09,5927
2605,新興,10,0,10,元富-林園,2023-02-09,5927
1309,台達化,9,0,9,元富-林園,2023-02-09,5927
3714,富采,9,1,8,元富-林園,2023-02-09,5927
8928,鉅明,9,1,8,元富-林園,2023-02-09,5927
4162,智擎,20,13,7,元富-林園,2023-02-09,5927
1732,毛寶,7,0,7,元富-林園,2023-02-09,5927
1795,美時,14,8,6,元富-林園,2023-02-09,5927
1409,新纖,6,0,6,元富-林園,2023-02-09,5927
6470,宇智,6,0,6,元富-林園,2023-02-09,5927
8076,伍豐,6,0,6,元富-林園,2023-02-09,5927
00673R,期元大S＆P原油反1,5,0,5,元富-林園,2023-02-09,5927
00664R,國泰臺灣加權反1,5,0,5,元富-林園,2023-02-09,5927
1712,興農,5,0,5,元富-林園,2023-02-09,5927
2612,中航,6,1,5,元富-林園,2023-02-09,5927
2883,凱基金,5,0,5,元富-林園,2023-02-09,5927
2897,王道銀行,5,0,5,元富-林園,2023-02-09,5927
3207,耀勝,5,0,5,元富-林園,2023-02-09,5927
6026,福邦證,5,0,5,元富-林園,2023-02-09,5927
00637L,元大滬深300正2,107,0,107,元富-林園,2023-02-10,5927
1605,華新,117,63,54,元富-林園,2023-02-10,5927
2609,陽明,66,13,53,元富-林園,2023-02-10,5927
3041,揚智,53,3,50,元富-林園,2023-02-10,5927
3289,宜特,51,4,47,元富-林園,2023-02-10,5927
2409,友達,49,4,45,元富-林園,2023-02-10,5927
2324,仁寶,40,1,39,元富-林園,2023-02-10,5927
00878,國泰永續高股息,43,7,36,元富-林園,2023-02-10,5927
00679B,元大美債20年,35,0,35,元富-林園,2023-02-10,5927
2337,旺宏,34,0,34,元富-林園,2023-02-10,5927
6282,康舒,35,7,28,元富-林園,2023-02-10,5927
1308,亞聚,25,0,25,元富-林園,2023-02-10,5927
1513,中興電,66,42,24,元富-林園,2023-02-10,5927
1609,大亞,22,0,22,元富-林園,2023-02-10,5927
2027,大成鋼,21,0,21,元富-林園,2023-02-10,5927
8289,泰藝,20,0,20,元富-林園,2023-02-10,5927
00712,復華富時不動產,19,0,19,元富-林園,2023-02-10,5927
3711,日月光投控,19,0,19,元富-林園,2023-02-10,5927
2889,國票金,17,0,17,元富-林園,2023-02-10,5927
3207,耀勝,20,3,17,元富-林園,2023-02-10,5927
1808,潤隆,15,0,15,元富-林園,2023-02-10,5927
2484,希華,24,9,15,元富-林園,2023-02-10,5927
5701,劍湖山,15,0,15,元富-林園,2023-02-10,5927
2436,偉詮電,15,1,14,元富-林園,2023-02-10,5927
00692,富邦公司治理,14,0,14,元富-林園,2023-02-10,5927
2029,盛餘,14,0,14,元富-林園,2023-02-10,5927
3702,大聯大,14,0,14,元富-林園,2023-02-10,5927
2023,燁輝,13,0,13,元富-林園,2023-02-10,5927
6188,廣明,13,0,13,元富-林園,2023-02-10,5927
6541,泰福-KY,25,12,13,元富-林園,2023-02-10,5927
6806,森崴能源,14,2,12,元富-林園,2023-02-10,5927
1313,聯成,14,2,12,元富-林園,2023-02-10,5927
2034,允強,12,0,12,元富-林園,2023-02-10,5927
3481,群創,14,2,12,元富-林園,2023-02-10,5927
8081,致新,12,0,12,元富-林園,2023-02-10,5927
8383,千附,12,0,12,元富-林園,2023-02-10,5927
1101,台泥,13,1,12,元富-林園,2023-02-10,5927
5009,榮剛,12,1,11,元富-林園,2023-02-10,5927
2634,漢翔,24,13,11,元富-林園,2023-02-10,5927
8044,網家,11,0,11,元富-林園,2023-02-10,5927
6129,普誠,11,0,11,元富-林園,2023-02-10,5927
2812,台中銀,10,0,10,元富-林園,2023-02-10,5927
00918,大華優利高填息30,10,0,10,元富-林園,2023-02-10,5927
00780B,國泰A級金融債,10,0,10,元富-林園,2023-02-10,5927
00664R,國泰臺灣加權反1,10,0,10,元富-林園,2023-02-10,5927
1718,中纖,10,0,10,元富-林園,2023-02-10,5927
2888,新光金,10,0,10,元富-林園,2023-02-10,5927
3128,昇銳,10,0,10,元富-林園,2023-02-10,5927
4915,致伸,10,0,10,元富-林園,2023-02-10,5927
6234,高僑,10,0,10,元富-林園,2023-02-10,5927
2880,華南金,132,0,132,元富-林園,2023-02-13,5927
00634R,富邦上証反1,107,0,107,元富-林園,2023-02-13,5927
2834,臺企銀,98,7,91,元富-林園,2023-02-13,5927
6712,長聖,90,0,90,元富-林園,2023-02-13,5927
2409,友達,72,0,72,元富-林園,2023-02-13,5927
5465,富驊,60,0,60,元富-林園,2023-02-13,5927
2618,長榮航,58,0,58,元富-林園,2023-02-13,5927
00878,國泰永續高股息,70,12,58,元富-林園,2023-02-13,5927
00637L,元大滬深300正2,34,1,33,元富-林園,2023-02-13,5927
2368,金像電,35,3,32,元富-林園,2023-02-13,5927
00673R,期元大S＆P原油反1,31,0,31,元富-林園,2023-02-13,5927
6770,力積電,29,2,27,元富-林園,2023-02-13,5927
6443,元晶,32,5,27,元富-林園,2023-02-13,5927
6139,亞翔,28,2,26,元富-林園,2023-02-13,5927
8076,伍豐,26,0,26,元富-林園,2023-02-13,5927
1229,聯華,23,0,23,元富-林園,2023-02-13,5927
2406,國碩,22,0,22,元富-林園,2023-02-13,5927
00751B,元大AAA至A公司債,20,0,20,元富-林園,2023-02-13,5927
3481,群創,17,0,17,元富-林園,2023-02-13,5927
1609,大亞,18,3,15,元富-林園,2023-02-13,5927
6130,上亞科技,15,0,15,元富-林園,2023-02-13,5927
00772B,中信高評級公司債,13,0,13,元富-林園,2023-02-13,5927
00632R,元大台灣50反1,20,7,13,元富-林園,2023-02-13,5927
1701,中化,16,3,13,元富-林園,2023-02-13,5927
5876,上海商銀,12,0,12,元富-林園,2023-02-13,5927
1475,業旺,12,0,12,元富-林園,2023-02-13,5927
3041,揚智,12,0,12,元富-林園,2023-02-13,5927
6541,泰福-KY,23,11,12,元富-林園,2023-02-13,5927
1584,精剛,14,3,11,元富-林園,2023-02-13,5927
2007,燁興,10,0,10,元富-林園,2023-02-13,5927
2390,云辰,10,0,10,元富-林園,2023-02-13,5927
2743,山富,10,0,10,元富-林園,2023-02-13,5927
3491,昇達科,10,0,10,元富-林園,2023-02-13,5927
4919,新唐,21,12,9,元富-林園,2023-02-13,5927
8044,網家,9,0,9,元富-林園,2023-02-13,5927
00891,中信關鍵半導體,8,0,8,元富-林園,2023-02-13,5927
2379,瑞昱,9,1,8,元富-林園,2023-02-13,5927
4979,華星光,9,1,8,元富-林園,2023-02-13,5927
0056,元大高股息,9,1,8,元富-林園,2023-02-13,5927
1342,八貫,11,4,7,元富-林園,2023-02-13,5927
2206,三陽工業,8,1,7,元富-林園,2023-02-13,5927
3037,欣興,9,2,7,元富-林園,2023-02-13,5927
3312,弘憶股,7,0,7,元富-林園,2023-02-13,5927
00692,富邦公司治理,7,1,6,元富-林園,2023-02-13,5927
2612,中航,6,0,6,元富-林園,2023-02-13,5927
3711,日月光投控,6,0,6,元富-林園,2023-02-13,5927
8033,雷虎,12,6,6,元富-林園,2023-02-13,5927
8383,千附,6,0,6,元富-林園,2023-02-13,5927
00679B,元大美債20年,36,31,5,元富-林園,2023-02-13,5927
1718,中纖,5,0,5,元富-林園,2023-02-13,5927
00637L,元大滬深300正2,81,21,60,元富-林園,2023-02-14,5927
2812,台中銀,50,0,50,元富-林園,2023-02-14,5927
2883,凱基金,35,2,33,元富-林園,2023-02-14,5927
00679B,元大美債20年,32,0,32,元富-林園,2023-02-14,5927
00664R,國泰臺灣加權反1,28,0,28,元富-林園,2023-02-14,5927
4919,新唐,31,7,24,元富-林園,2023-02-14,5927
2027,大成鋼,20,0,20,元富-林園,2023-02-14,5927
2349,錸德,20,0,20,元富-林園,2023-02-14,5927
2867,三商壽,20,0,20,元富-林園,2023-02-14,5927
3617,碩天,20,1,19,元富-林園,2023-02-14,5927
6282,康舒,18,1,17,元富-林園,2023-02-14,5927
1447,力鵬,15,0,15,元富-林園,2023-02-14,5927
4129,聯合,15,0,15,元富-林園,2023-02-14,5927
6806,森崴能源,12,0,12,元富-林園,2023-02-14,5927
6180,橘子,29,18,11,元富-林園,2023-02-14,5927
2034,允強,11,0,11,元富-林園,2023-02-14,5927
1326,台化,10,0,10,元富-林園,2023-02-14,5927
1810,和成,10,0,10,元富-林園,2023-02-14,5927
2323,中環,10,0,10,元富-林園,2023-02-14,5927
2444,兆勁,10,0,10,元富-林園,2023-02-14,5927
2726,雅茗-KY,10,0,10,元富-林園,2023-02-14,5927
3038,全台,10,0,10,元富-林園,2023-02-14,5927
3494,誠研,10,0,10,元富-林園,2023-02-14,5927
3596,智易,10,0,10,元富-林園,2023-02-14,5927
5876,上海商銀,10,0,10,元富-林園,2023-02-14,5927
2105,正新,9,0,9,元富-林園,2023-02-14,5927
8033,雷虎,10,1,9,元富-林園,2023-02-14,5927
1605,華新,21,13,8,元富-林園,2023-02-14,5927
2612,中航,8,0,8,元富-林園,2023-02-14,5927
2851,中再保,8,0,8,元富-林園,2023-02-14,5927
6789,采鈺,7,0,7,元富-林園,2023-02-14,5927
2327,國巨,8,1,7,元富-林園,2023-02-14,5927
00724B,群益投資級金融債,6,0,6,元富-林園,2023-02-14,5927
00673R,期元大S＆P原油反1,6,0,6,元富-林園,2023-02-14,5927
1609,大亞,6,0,6,元富-林園,2023-02-14,5927
6104,創惟,11,5,6,元富-林園,2023-02-14,5927
6719,力智,9,3,6,元富-林園,2023-02-14,5927
8222,寶一,9,3,6,元富-林園,2023-02-14,5927
1512,瑞利,5,0,5,元富-林園,2023-02-14,5927
00670L,富邦NASDAQ正2,5,0,5,元富-林園,2023-02-14,5927
2419,仲琦,5,0,5,元富-林園,2023-02-14,5927
3557,嘉威,5,0,5,元富-林園,2023-02-14,5927
4107,邦特,5,0,5,元富-林園,2023-02-14,5927
5321,美而快,5,0,5,元富-林園,2023-02-14,5927
6101,寬魚國際,5,0,5,元富-林園,2023-02-14,5927
6235,華孚,10,5,5,元富-林園,2023-02-14,5927
8916,光隆,5,0,5,元富-林園,2023-02-14,5927
2330,台積電,5,1,4,元富-林園,2023-02-14,5927
2402,毅嘉,4,0,4,元富-林園,2023-02-14,5927
3552,同致,4,0,4,元富-林園,2023-02-14,5927
00878,國泰永續高股息,88,12,76,元富-林園,2023-02-15,5927
6116,彩晶,26,0,26,元富-林園,2023-02-15,5927
2337,旺宏,53,29,24,元富-林園,2023-02-15,5927
2330,台積電,23,1,22,元富-林園,2023-02-15,5927
3041,揚智,20,0,20,元富-林園,2023-02-15,5927
6541,泰福-KY,20,0,20,元富-林園,2023-02-15,5927
3221,台嘉碩,20,2,18,元富-林園,2023-02-15,5927
5347,世界,22,4,18,元富-林園,2023-02-15,5927
00772B,中信高評級公司債,16,0,16,元富-林園,2023-02-15,5927
2897,王道銀行,16,0,16,元富-林園,2023-02-15,5927
2371,大同,15,0,15,元富-林園,2023-02-15,5927
2603,長榮,15,1,14,元富-林園,2023-02-15,5927
2887,台新金,13,0,13,元富-林園,2023-02-15,5927
0050,元大台灣50,12,0,12,元富-林園,2023-02-15,5927
2413,環科,14,2,12,元富-林園,2023-02-15,5927
2882,國泰金,13,1,12,元富-林園,2023-02-15,5927
2014,中鴻,12,1,11,元富-林園,2023-02-15,5927
2498,宏達電,21,10,11,元富-林園,2023-02-15,5927
1608,華榮,14,4,10,元富-林園,2023-02-15,5927
3441,聯一光,10,0,10,元富-林園,2023-02-15,5927
3508,位速,10,0,10,元富-林園,2023-02-15,5927
6282,康舒,13,3,10,元富-林園,2023-02-15,5927
8234,新漢,10,0,10,元富-林園,2023-02-15,5927
1229,聯華,9,0,9,元富-林園,2023-02-15,5927
2027,大成鋼,11,2,9,元富-林園,2023-02-15,5927
2884,玉山金,8,0,8,元富-林園,2023-02-15,5927
00637L,元大滬深300正2,8,0,8,元富-林園,2023-02-15,5927
2344,華邦電,8,0,8,元富-林園,2023-02-15,5927
6865,偉康科技,8,0,8,元富-林園,2023-02-15,5927
0056,元大高股息,7,0,7,元富-林園,2023-02-15,5927
2520,冠德,7,0,7,元富-林園,2023-02-15,5927
3027,盛達,9,2,7,元富-林園,2023-02-15,5927
5704,老爺知,7,0,7,元富-林園,2023-02-15,5927
6266,泰詠,7,0,7,元富-林園,2023-02-15,5927
00726B,國泰新興投等債,6,0,6,元富-林園,2023-02-15,5927
6109,亞元,6,0,6,元富-林園,2023-02-15,5927
8044,網家,6,0,6,元富-林園,2023-02-15,5927
8222,寶一,6,0,6,元富-林園,2023-02-15,5927
00632R,元大台灣50反1,10,5,5,元富-林園,2023-02-15,5927
00670L,富邦NASDAQ正2,5,0,5,元富-林園,2023-02-15,5927
00651R,復華香港反1,5,0,5,元富-林園,2023-02-15,5927
00888,永豐台灣ESG,5,0,5,元富-林園,2023-02-15,5927
00882,中信中國高股息,5,0,5,元富-林園,2023-02-15,5927
1784,訊聯,7,2,5,元富-林園,2023-02-15,5927
2034,允強,5,0,5,元富-林園,2023-02-15,5927
2739,寒舍,5,0,5,元富-林園,2023-02-15,5927
3017,奇鋐,7,2,5,元富-林園,2023-02-15,5927
3189,景碩,7,2,5,元富-林園,2023-02-15,5927
3289,宜特,5,0,5,元富-林園,2023-02-15,5927
5351,鈺創,10,5,5,元富-林園,2023-02-15,5927
00878,國泰永續高股息,108,0,108,元富-林園,2023-02-16,5927
00632R,元大台灣50反1,100,0,100,元富-林園,2023-02-16,5927
00679B,元大美債20年,52,0,52,元富-林園,2023-02-16,5927
2867,三商壽,51,0,51,元富-林園,2023-02-16,5927
3624,光頡,45,9,36,元富-林園,2023-02-16,5927
3675,德微,52,20,32,元富-林園,2023-02-16,5927
2317,鴻海,51,20,31,元富-林園,2023-02-16,5927
2368,金像電,36,14,22,元富-林園,2023-02-16,5927
3062,建漢,21,1,20,元富-林園,2023-02-16,5927
2201,裕隆,19,4,15,元富-林園,2023-02-16,5927
3041,揚智,15,0,15,元富-林園,2023-02-16,5927
3454,晶睿,24,9,15,元富-林園,2023-02-16,5927
00664R,國泰臺灣加權反1,12,0,12,元富-林園,2023-02-16,5927
2492,華新科,12,1,11,元富-林園,2023-02-16,5927
3189,景碩,14,3,11,元富-林園,2023-02-16,5927
6180,橘子,13,2,11,元富-林園,2023-02-16,5927
2888,新光金,12,2,10,元富-林園,2023-02-16,5927
00902,中信電池及儲能,10,0,10,元富-林園,2023-02-16,5927
1512,瑞利,10,0,10,元富-林園,2023-02-16,5927
2399,映泰,10,0,10,元富-林園,2023-02-16,5927
3617,碩天,12,2,10,元富-林園,2023-02-16,5927
6219,富旺,10,0,10,元富-林園,2023-02-16,5927
8421,旭源,10,0,10,元富-林園,2023-02-16,5927
2884,玉山金,11,1,10,元富-林園,2023-02-16,5927
8222,寶一,14,5,9,元富-林園,2023-02-16,5927
2337,旺宏,11,3,8,元富-林園,2023-02-16,5927
2489,瑞軒,8,0,8,元富-林園,2023-02-16,5927
2929,淘帝-KY,8,0,8,元富-林園,2023-02-16,5927
1475,業旺,19,12,7,元富-林園,2023-02-16,5927
1709,和益,40,33,7,元富-林園,2023-02-16,5927
2887,台新金,7,0,7,元富-林園,2023-02-16,5927
2891,中信金,7,0,7,元富-林園,2023-02-16,5927
2002,中鋼,6,0,6,元富-林園,2023-02-16,5927
1513,中興電,14,8,6,元富-林園,2023-02-16,5927
2023,燁輝,6,0,6,元富-林園,2023-02-16,5927
2313,華通,7,1,6,元富-林園,2023-02-16,5927
3479,安勤,7,1,6,元富-林園,2023-02-16,5927
3540,曜越,6,0,6,元富-林園,2023-02-16,5927
3564,其陽,6,0,6,元富-林園,2023-02-16,5927
6616,特昇-KY,6,0,6,元富-林園,2023-02-16,5927
6712,長聖,6,0,6,元富-林園,2023-02-16,5927
00673R,期元大S＆P原油反1,5,0,5,元富-林園,2023-02-16,5927
00753L,中信中國50正2,5,0,5,元富-林園,2023-02-16,5927
1432,大魯閣,5,0,5,元富-林園,2023-02-16,5927
1569,濱川,5,0,5,元富-林園,2023-02-16,5927
1608,華榮,5,0,5,元富-林園,2023-02-16,5927
2022,聚亨,5,0,5,元富-林園,2023-02-16,5927
3494,誠研,5,0,5,元富-林園,2023-02-16,5927
6548,長科*,5,0,5,元富-林園,2023-02-16,5927
8070,長華*,5,0,5,元富-林園,2023-02-16,5927
2610,華航,379,64,315,元富-林園,2023-02-17,5927
00637L,元大滬深300正2,182,1,181,元富-林園,2023-02-17,5927
2618,長榮航,82,6,76,元富-林園,2023-02-17,5927
2331,精英,63,0,63,元富-林園,2023-02-17,5927
00632R,元大台灣50反1,60,0,60,元富-林園,2023-02-17,5927
00679B,元大美債20年,55,0,55,元富-林園,2023-02-17,5927
1447,力鵬,50,0,50,元富-林園,2023-02-17,5927
3264,欣銓,28,0,28,元富-林園,2023-02-17,5927
00893,國泰智能電動車,26,0,26,元富-林園,2023-02-17,5927
2603,長榮,28,2,26,元富-林園,2023-02-17,5927
5880,合庫金,22,0,22,元富-林園,2023-02-17,5927
1540,喬福,20,0,20,元富-林園,2023-02-17,5927
3078,僑威,20,0,20,元富-林園,2023-02-17,5927
3207,耀勝,22,2,20,元富-林園,2023-02-17,5927
2881,富邦金,20,3,17,元富-林園,2023-02-17,5927
6443,元晶,53,37,16,元富-林園,2023-02-17,5927
0050,元大台灣50,16,0,16,元富-林園,2023-02-17,5927
3037,欣興,18,3,15,元富-林園,2023-02-17,5927
00715L,期街口布蘭特正2,14,0,14,元富-林園,2023-02-17,5927
1714,和桐,13,0,13,元富-林園,2023-02-17,5927
2705,六福,15,2,13,元富-林園,2023-02-17,5927
2867,三商壽,12,0,12,元富-林園,2023-02-17,5927
2885,元大金,12,0,12,元富-林園,2023-02-17,5927
4919,新唐,17,5,12,元富-林園,2023-02-17,5927
6180,橘子,12,0,12,元富-林園,2023-02-17,5927
5706,鳳凰,14,3,11,元富-林園,2023-02-17,5927
1608,華榮,21,10,11,元富-林園,2023-02-17,5927
2323,中環,11,0,11,元富-林園,2023-02-17,5927
3035,智原,19,8,11,元富-林園,2023-02-17,5927
5009,榮剛,14,3,11,元富-林園,2023-02-17,5927
3704,合勤控,10,0,10,元富-林園,2023-02-17,5927
4130,健亞,10,0,10,元富-林園,2023-02-17,5927
4707,磐亞,10,0,10,元富-林園,2023-02-17,5927
1513,中興電,22,13,9,元富-林園,2023-02-17,5927
4167,松瑞藥,9,0,9,元富-林園,2023-02-17,5927
2891,中信金,9,1,8,元富-林園,2023-02-17,5927
3624,光頡,22,14,8,元富-林園,2023-02-17,5927
2457,飛宏,20,12,8,元富-林園,2023-02-17,5927
2413,環科,8,1,7,元富-林園,2023-02-17,5927
2889,國票金,7,0,7,元富-林園,2023-02-17,5927
3017,奇鋐,7,0,7,元富-林園,2023-02-17,5927
4148,全宇生技-KY,7,0,7,元富-林園,2023-02-17,5927
6770,力積電,8,1,7,元富-林園,2023-02-17,5927
8091,翔名,7,0,7,元富-林園,2023-02-17,5927
2317,鴻海,9,2,7,元富-林園,2023-02-17,5927
00878,國泰永續高股息,18,12,6,元富-林園,2023-02-17,5927
2498,宏達電,9,3,6,元富-林園,2023-02-17,5927
2883B,凱基金乙特,6,0,6,元富-林園,2023-02-17,5927
2027,大成鋼,5,0,5,元富-林園,2023-02-17,5927
00753L,中信中國50正2,5,0,5,元富-林園,2023-02-17,5927
00637L,元大滬深300正2,144,4,140,元富-林園,2023-02-20,5927
2887,台新金,120,0,120,元富-林園,2023-02-20,5927
00632R,元大台灣50反1,115,0,115,元富-林園,2023-02-20,5927
6205,詮欣,105,5,100,元富-林園,2023-02-20,5927
2884,玉山金,99,13,86,元富-林園,2023-02-20,5927
00878,國泰永續高股息,76,0,76,元富-林園,2023-02-20,5927
2349,錸德,89,18,71,元富-林園,2023-02-20,5927
2618,長榮航,79,18,61,元富-林園,2023-02-20,5927
5512,力麒,55,0,55,元富-林園,2023-02-20,5927
2331,精英,42,0,42,元富-林園,2023-02-20,5927
1701,中化,37,0,37,元富-林園,2023-02-20,5927
3617,碩天,32,2,30,元富-林園,2023-02-20,5927
1708,東鹼,30,1,29,元富-林園,2023-02-20,5927
1709,和益,35,10,25,元富-林園,2023-02-20,5927
2634,漢翔,24,1,23,元富-林園,2023-02-20,5927
2906,高林,24,3,21,元富-林園,2023-02-20,5927
1310,台苯,24,4,20,元富-林園,2023-02-20,5927
2023,燁輝,20,0,20,元富-林園,2023-02-20,5927
8222,寶一,22,2,20,元富-林園,2023-02-20,5927
8383,千附,17,2,15,元富-林園,2023-02-20,5927
3710,連展投控,13,0,13,元富-林園,2023-02-20,5927
2313,華通,13,1,12,元富-林園,2023-02-20,5927
2739,寒舍,12,1,11,元富-林園,2023-02-20,5927
6223,旺矽,12,1,11,元富-林園,2023-02-20,5927
8038,長園科,11,0,11,元富-林園,2023-02-20,5927
5880,合庫金,10,0,10,元富-林園,2023-02-20,5927
00903,富邦元宇宙,10,0,10,元富-林園,2023-02-20,5927
00885,富邦越南,10,0,10,元富-林園,2023-02-20,5927
2010,春源,10,0,10,元富-林園,2023-02-20,5927
5452,佶優,11,1,10,元富-林園,2023-02-20,5927
6509,聚和,10,0,10,元富-林園,2023-02-20,5927
1808,潤隆,9,0,9,元富-林園,2023-02-20,5927
3013,晟銘電,9,0,9,元富-林園,2023-02-20,5927
2312,金寶,11,3,8,元富-林園,2023-02-20,5927
2609,陽明,11,3,8,元富-林園,2023-02-20,5927
3702A,大聯大甲特,8,0,8,元富-林園,2023-02-20,5927
1560,中砂,7,0,7,元富-林園,2023-02-20,5927
2329,華泰,7,0,7,元富-林園,2023-02-20,5927
3707,漢磊,8,1,7,元富-林園,2023-02-20,5927
1527,鑽全,6,0,6,元富-林園,2023-02-20,5927
2405,輔信,6,0,6,元富-林園,2023-02-20,5927
2471,資通,6,0,6,元富-林園,2023-02-20,5927
3027,盛達,10,4,6,元富-林園,2023-02-20,5927
3035,智原,9,3,6,元富-林園,2023-02-20,5927
2002,中鋼,15,9,6,元富-林園,2023-02-20,5927
00752,中信中國50,5,0,5,元富-林園,2023-02-20,5927
00664R,國泰臺灣加權反1,5,0,5,元富-林園,2023-02-20,5927
1533,車王電,5,0,5,元富-林園,2023-02-20,5927
2401,凌陽,7,2,5,元富-林園,2023-02-20,5927
2883B,凱基金乙特,5,0,5,元富-林園,2023-02-20,5927
2867,三商壽,241,0,241,元富-林園,2023-02-21,5927
6205,詮欣,201,6,195,元富-林園,2023-02-21,5927
2884,玉山金,126,25,101,元富-林園,2023-02-21,5927
5512,力麒,66,0,66,元富-林園,2023-02-21,5927
2610,華航,100,48,52,元富-林園,2023-02-21,5927
2634,漢翔,61,21,40,元富-林園,2023-02-21,5927
2890,永豐金,31,0,31,元富-林園,2023-02-21,5927
8222,寶一,51,21,30,元富-林園,2023-02-21,5927
6288,聯嘉,35,13,22,元富-林園,2023-02-21,5927
5701,劍湖山,20,0,20,元富-林園,2023-02-21,5927
00772B,中信高評級公司債,19,0,19,元富-林園,2023-02-21,5927
4904,遠傳,20,1,19,元富-林園,2023-02-21,5927
00878,國泰永續高股息,29,12,17,元富-林園,2023-02-21,5927
2618,長榮航,19,3,16,元富-林園,2023-02-21,5927
4968,立積,29,13,16,元富-林園,2023-02-21,5927
2457,飛宏,52,37,15,元富-林園,2023-02-21,5927
2498,宏達電,32,18,14,元富-林園,2023-02-21,5927
6129,普誠,14,0,14,元富-林園,2023-02-21,5927
8105,凌巨,34,21,13,元富-林園,2023-02-21,5927
6509,聚和,11,0,11,元富-林園,2023-02-21,5927
8150,南茂,11,0,11,元富-林園,2023-02-21,5927
1447,力鵬,10,0,10,元富-林園,2023-02-21,5927
1304,台聚,10,0,10,元富-林園,2023-02-21,5927
1609,大亞,15,5,10,元富-林園,2023-02-21,5927
2034,允強,10,0,10,元富-林園,2023-02-21,5927
2338,光罩,10,0,10,元富-林園,2023-02-21,5927
2399,映泰,10,0,10,元富-林園,2023-02-21,5927
2440,太空梭,10,0,10,元富-林園,2023-02-21,5927
3494,誠研,10,0,10,元富-林園,2023-02-21,5927
4707,磐亞,10,0,10,元富-林園,2023-02-21,5927
3545,敦泰,15,6,9,元富-林園,2023-02-21,5927
00664R,國泰臺灣加權反1,9,0,9,元富-林園,2023-02-21,5927
2449,京元電子,13,4,9,元富-林園,2023-02-21,5927
3078,僑威,10,1,9,元富-林園,2023-02-21,5927
6770,力積電,10,1,9,元富-林園,2023-02-21,5927
2882,國泰金,8,0,8,元富-林園,2023-02-21,5927
0050,元大台灣50,8,0,8,元富-林園,2023-02-21,5927
1312,國喬,8,0,8,元富-林園,2023-02-21,5927
1810,和成,14,6,8,元富-林園,2023-02-21,5927
3037,欣興,8,0,8,元富-林園,2023-02-21,5927
3522,御嵿,8,0,8,元富-林園,2023-02-21,5927
1504,東元,7,0,7,元富-林園,2023-02-21,5927
1503,士電,8,1,7,元富-林園,2023-02-21,5927
2367,燿華,12,5,7,元富-林園,2023-02-21,5927
2413,環科,7,0,7,元富-林園,2023-02-21,5927
8358,金居,9,2,7,元富-林園,2023-02-21,5927
1402,遠東新,6,0,6,元富-林園,2023-02-21,5927
1313,聯成,7,1,6,元富-林園,2023-02-21,5927
2303,聯電,14,8,6,元富-林園,2023-02-21,5927
2409,友達,22,16,6,元富-林園,2023-02-21,5927
3041,揚智,61,1,60,元富-林園,2023-02-22,5927
2887,台新金,45,0,45,元富-林園,2023-02-22,5927
1605,華新,48,5,43,元富-林園,2023-02-22,5927
5701,劍湖山,38,0,38,元富-林園,2023-02-22,5927
5880,合庫金,35,0,35,元富-林園,2023-02-22,5927
00679B,元大美債20年,35,1,34,元富-林園,2023-02-22,5927
3047,訊舟,30,0,30,元富-林園,2023-02-22,5927
00712,復華富時不動產,28,0,28,元富-林園,2023-02-22,5927
00634R,富邦上証反1,28,0,28,元富-林園,2023-02-22,5927
3035,智原,56,29,27,元富-林園,2023-02-22,5927
8936,國統,36,9,27,元富-林園,2023-02-22,5927
2618,長榮航,29,3,26,元富-林園,2023-02-22,5927
2731,雄獅,27,1,26,元富-林園,2023-02-22,5927
1101,台泥,25,0,25,元富-林園,2023-02-22,5927
6282,康舒,28,3,25,元富-林園,2023-02-22,5927
3027,盛達,42,18,24,元富-林園,2023-02-22,5927
1444,力麗,25,2,23,元富-林園,2023-02-22,5927
2344,華邦電,27,6,21,元富-林園,2023-02-22,5927
00632R,元大台灣50反1,20,0,20,元富-林園,2023-02-22,5927
2303,聯電,26,7,19,元富-林園,2023-02-22,5927
2610,華航,69,50,19,元富-林園,2023-02-22,5927
6118,建達,19,0,19,元富-林園,2023-02-22,5927
2867,三商壽,18,0,18,元富-林園,2023-02-22,5927
5512,力麒,17,0,17,元富-林園,2023-02-22,5927
2609,陽明,44,28,16,元富-林園,2023-02-22,5927
3037,欣興,28,12,16,元富-林園,2023-02-22,5927
9955,佳龍,23,7,16,元富-林園,2023-02-22,5927
1313,聯成,15,0,15,元富-林園,2023-02-22,5927
1540,喬福,15,0,15,元富-林園,2023-02-22,5927
5425,台半,16,2,14,元富-林園,2023-02-22,5927
3022,威強電,20,6,14,元富-林園,2023-02-22,5927
6116,彩晶,14,0,14,元富-林園,2023-02-22,5927
2337,旺宏,13,0,13,元富-林園,2023-02-22,5927
6133,金橋,13,0,13,元富-林園,2023-02-22,5927
8222,寶一,21,8,13,元富-林園,2023-02-22,5927
2330,台積電,13,1,12,元富-林園,2023-02-22,5927
8069,元太,12,0,12,元富-林園,2023-02-22,5927
5009,榮剛,16,4,12,元富-林園,2023-02-22,5927
00713,元大台灣高息低波,11,0,11,元富-林園,2023-02-22,5927
00715L,期街口布蘭特正2,10,0,10,元富-林園,2023-02-22,5927
2367,燿華,20,10,10,元富-林園,2023-02-22,5927
2882,國泰金,10,0,10,元富-林園,2023-02-22,5927
4919,新唐,40,30,10,元富-林園,2023-02-22,5927
4968,立積,14,4,10,元富-林園,2023-02-22,5927
5706,鳳凰,10,0,10,元富-林園,2023-02-22,5927
6461,益得,10,0,10,元富-林園,2023-02-22,5927
8150,南茂,10,0,10,元富-林園,2023-02-22,5927
2449,京元電子,9,0,9,元富-林園,2023-02-22,5927
2497,怡利電,9,0,9,元富-林園,2023-02-22,5927
2634,漢翔,15,6,9,元富-林園,2023-02-22,5927
1314,中石化,252,11,241,元富-林園,2023-02-23,5927
00637L,元大滬深300正2,213,0,213,元富-林園,2023-02-23,5927
2610,華航,211,10,201,元富-林園,2023-02-23,5927
00642U,期元大S＆P石油,152,0,152,元富-林園,2023-02-23,5927
00664R,國泰臺灣加權反1,106,0,106,元富-林園,2023-02-23,5927
2208,台船,124,18,106,元富-林園,2023-02-23,5927
00632R,元大台灣50反1,51,0,51,元富-林園,2023-02-23,5927
2471,資通,61,18,43,元富-林園,2023-02-23,5927
2906,高林,31,0,31,元富-林園,2023-02-23,5927
2038,海光,30,0,30,元富-林園,2023-02-23,5927
2453,凌群,31,2,29,元富-林園,2023-02-23,5927
2547,日勝生,29,0,29,元富-林園,2023-02-23,5927
6266,泰詠,30,1,29,元富-林園,2023-02-23,5927
2409,友達,35,10,25,元富-林園,2023-02-23,5927
00715L,期街口布蘭特正2,22,0,22,元富-林園,2023-02-23,5927
6282,康舒,28,6,22,元富-林園,2023-02-23,5927
2344,華邦電,19,0,19,元富-林園,2023-02-23,5927
5285,界霖,16,0,16,元富-林園,2023-02-23,5927
8215,明基材,16,0,16,元富-林園,2023-02-23,5927
1701,中化,14,0,14,元富-林園,2023-02-23,5927
6541,泰福-KY,14,0,14,元富-林園,2023-02-23,5927
8936,國統,17,3,14,元富-林園,2023-02-23,5927
1305,華夏,13,0,13,元富-林園,2023-02-23,5927
1609,大亞,13,1,12,元富-林園,2023-02-23,5927
1810,和成,14,2,12,元富-林園,2023-02-23,5927
2368,金像電,20,8,12,元富-林園,2023-02-23,5927
4961,天鈺,13,1,12,元富-林園,2023-02-23,5927
5608,四維航,16,4,12,元富-林園,2023-02-23,5927
1605,華新,17,5,12,元富-林園,2023-02-23,5927
1527,鑽全,11,0,11,元富-林園,2023-02-23,5927
00908,富邦入息REITs+,10,0,10,元富-林園,2023-02-23,5927
2367,燿華,15,5,10,元富-林園,2023-02-23,5927
2457,飛宏,20,10,10,元富-林園,2023-02-23,5927
2495,普安,10,0,10,元富-林園,2023-02-23,5927
3027,盛達,13,3,10,元富-林園,2023-02-23,5927
4557,永新-KY,10,0,10,元富-林園,2023-02-23,5927
8358,金居,11,1,10,元富-林園,2023-02-23,5927
8940,新天地,13,3,10,元富-林園,2023-02-23,5927
3006,晶豪科,10,1,9,元富-林園,2023-02-23,5927
9945,潤泰新,10,1,9,元富-林園,2023-02-23,5927
2611,志信,10,2,8,元富-林園,2023-02-23,5927
6643,M31,15,7,8,元富-林園,2023-02-23,5927
1108,幸福,9,2,7,元富-林園,2023-02-23,5927
3707,漢磊,7,0,7,元富-林園,2023-02-23,5927
4402,郡都開發,7,0,7,元富-林園,2023-02-23,5927
1301,台塑,8,2,6,元富-林園,2023-02-23,5927
1447,力鵬,6,0,6,元富-林園,2023-02-23,5927
2303,聯電,24,18,6,元富-林園,2023-02-23,5927
3540,曜越,7,1,6,元富-林園,2023-02-23,5927
3607,谷崧,6,0,6,元富-林園,2023-02-23,5927
00637L,元大滬深300正2,224,0,224,元富-林園,2023-02-24,5927
2834,臺企銀,149,0,149,元富-林園,2023-02-24,5927
2504,國產,101,3,98,元富-林園,2023-02-24,5927
1447,力鵬,101,15,86,元富-林園,2023-02-24,5927
00878,國泰永續高股息,77,12,65,元富-林園,2023-02-24,5927
3675,德微,63,1,62,元富-林園,2023-02-24,5927
5512,力麒,56,3,53,元富-林園,2023-02-24,5927
2352,佳世達,51,2,49,元富-林園,2023-02-24,5927
2547,日勝生,34,0,34,元富-林園,2023-02-24,5927
2886,兆豐金,34,0,34,元富-林園,2023-02-24,5927
3289,宜特,41,9,32,元富-林園,2023-02-24,5927
3710,連展投控,30,0,30,元富-林園,2023-02-24,5927
1605,華新,37,10,27,元富-林園,2023-02-24,5927
2498,宏達電,45,18,27,元富-林園,2023-02-24,5927
2882,國泰金,27,1,26,元富-林園,2023-02-24,5927
5364,力麗店,23,0,23,元富-林園,2023-02-24,5927
2610,華航,42,20,22,元富-林園,2023-02-24,5927
6143,振曜,29,7,22,元富-林園,2023-02-24,5927
1527,鑽全,21,0,21,元富-林園,2023-02-24,5927
2453,凌群,22,2,20,元富-林園,2023-02-24,5927
4726,永昕,20,0,20,元富-林園,2023-02-24,5927
2027,大成鋼,20,1,19,元富-林園,2023-02-24,5927
5608,四維航,54,36,18,元富-林園,2023-02-24,5927
3041,揚智,23,6,17,元富-林園,2023-02-24,5927
8033,雷虎,18,2,16,元富-林園,2023-02-24,5927
2002,中鋼,18,4,14,元富-林園,2023-02-24,5927
5009,榮剛,15,4,11,元富-林園,2023-02-24,5927
00882,中信中國高股息,11,0,11,元富-林園,2023-02-24,5927
1513,中興電,20,9,11,元富-林園,2023-02-24,5927
3078,僑威,11,0,11,元富-林園,2023-02-24,5927
2367,燿華,10,0,10,元富-林園,2023-02-24,5927
3027,盛達,14,4,10,元富-林園,2023-02-24,5927
6697,東捷資訊,10,0,10,元富-林園,2023-02-24,5927
8088,品安,10,1,9,元富-林園,2023-02-24,5927
3162,精確,10,1,9,元富-林園,2023-02-24,5927
8069,元太,16,8,8,元富-林園,2023-02-24,5927
4147,中裕,10,2,8,元富-林園,2023-02-24,5927
1444,力麗,8,0,8,元富-林園,2023-02-24,5927
3037,欣興,15,7,8,元富-林園,2023-02-24,5927
2884,玉山金,7,0,7,元富-林園,2023-02-24,5927
2413,環科,11,4,7,元富-林園,2023-02-24,5927
4906,正文,7,0,7,元富-林園,2023-02-24,5927
6187,萬潤,7,0,7,元富-林園,2023-02-24,5927
6582,申豐,7,0,7,元富-林園,2023-02-24,5927
1584,精剛,11,5,6,元富-林園,2023-02-24,5927
4162,智擎,6,0,6,元富-林園,2023-02-24,5927
8183,精星,6,0,6,元富-林園,2023-02-24,5927
6116,彩晶,7,1,6,元富-林園,2023-02-24,5927
3481,群創,11,6,5,元富-林園,2023-02-24,5927
006208,富邦台50,5,0,5,元富-林園,2023-02-24,5927
2002,中鋼,182,5,177,元富-林園,2023-03-01,5927
2610,華航,125,11,114,元富-林園,2023-03-01,5927
00632R,元大台灣50反1,110,10,100,元富-林園,2023-03-01,5927
00878,國泰永續高股息,93,0,93,元富-林園,2023-03-01,5927
1605,華新,87,19,68,元富-林園,2023-03-01,5927
2504,國產,61,3,58,元富-林園,2023-03-01,5927
2812,台中銀,52,2,50,元富-林園,2023-03-01,5927
2618,長榮航,51,4,47,元富-林園,2023-03-01,5927
2882,國泰金,43,3,40,元富-林園,2023-03-01,5927
2888,新光金,40,0,40,元富-林園,2023-03-01,5927
6835,圓裕,30,2,28,元富-林園,2023-03-01,5927
2344,華邦電,39,15,24,元富-林園,2023-03-01,5927
1101,台泥,42,19,23,元富-林園,2023-03-01,5927
2014,中鴻,30,10,20,元富-林園,2023-03-01,5927
2601,益航,17,0,17,元富-林園,2023-03-01,5927
2885,元大金,16,0,16,元富-林園,2023-03-01,5927
5457,宣德,15,0,15,元富-林園,2023-03-01,5927
6266,泰詠,15,1,14,元富-林園,2023-03-01,5927
2634,漢翔,13,1,12,元富-林園,2023-03-01,5927
2009,第一銅,11,0,11,元富-林園,2023-03-01,5927
6719,力智,10,0,10,元富-林園,2023-03-01,5927
00882,中信中國高股息,10,0,10,元富-林園,2023-03-01,5927
00712,復華富時不動產,10,0,10,元富-林園,2023-03-01,5927
1475,業旺,10,0,10,元富-林園,2023-03-01,5927
2034,允強,10,0,10,元富-林園,2023-03-01,5927
2105,正新,10,0,10,元富-林園,2023-03-01,5927
2208,台船,12,2,10,元富-林園,2023-03-01,5927
3026,禾伸堂,10,0,10,元富-林園,2023-03-01,5927
3684,榮昌,10,0,10,元富-林園,2023-03-01,5927
5701,劍湖山,10,0,10,元富-林園,2023-03-01,5927
3706,神達,10,0,10,元富-林園,2023-03-01,5927
4763,材料-KY,17,8,9,元富-林園,2023-03-01,5927
6235,華孚,9,0,9,元富-林園,2023-03-01,5927
9945,潤泰新,16,8,8,元富-林園,2023-03-01,5927
2884,玉山金,11,3,8,元富-林園,2023-03-01,5927
8038,長園科,8,0,8,元富-林園,2023-03-01,5927
6770,力積電,9,1,8,元富-林園,2023-03-01,5927
0056,元大高股息,7,0,7,元富-林園,2023-03-01,5927
00772B,中信高評級公司債,7,0,7,元富-林園,2023-03-01,5927
2027,大成鋼,8,1,7,元富-林園,2023-03-01,5927
2755,揚秦,7,0,7,元富-林園,2023-03-01,5927
3041,揚智,10,3,7,元富-林園,2023-03-01,5927
3090,日電貿,7,0,7,元富-林園,2023-03-01,5927
4133,亞諾法,7,0,7,元富-林園,2023-03-01,5927
8088,品安,8,1,7,元富-林園,2023-03-01,5927
00713,元大台灣高息低波,6,0,6,元富-林園,2023-03-01,5927
1342,八貫,6,0,6,元富-林園,2023-03-01,5927
1313,聯成,6,0,6,元富-林園,2023-03-01,5927
2010,春源,6,0,6,元富-林園,2023-03-01,5927
2419,仲琦,22,16,6,元富-林園,2023-03-01,5927
2880,華南金,120,0,120,元富-林園,2023-03-02,5927
2538,基泰,116,0,116,元富-林園,2023-03-02,5927
00878,國泰永續高股息,82,2,80,元富-林園,2023-03-02,5927
8936,國統,63,1,62,元富-林園,2023-03-02,5927
00637L,元大滬深300正2,62,2,60,元富-林園,2023-03-02,5927
1109,信大,52,0,52,元富-林園,2023-03-02,5927
1605,華新,65,17,48,元富-林園,2023-03-02,5927
2892,第一金,46,0,46,元富-林園,2023-03-02,5927
2610,華航,30,0,30,元富-林園,2023-03-02,5927
3675,德微,32,2,30,元富-林園,2023-03-02,5927
2409,友達,29,0,29,元富-林園,2023-03-02,5927
2637,慧洋-KY,29,3,26,元富-林園,2023-03-02,5927
2886,兆豐金,24,0,24,元富-林園,2023-03-02,5927
3481,群創,27,4,23,元富-林園,2023-03-02,5927
1447,力鵬,20,0,20,元富-林園,2023-03-02,5927
4107,邦特,20,0,20,元富-林園,2023-03-02,5927
2014,中鴻,19,0,19,元富-林園,2023-03-02,5927
2618,長榮航,19,3,16,元富-林園,2023-03-02,5927
4167,松瑞藥,13,0,13,元富-林園,2023-03-02,5927
5706,鳳凰,13,0,13,元富-林園,2023-03-02,5927
8420,明揚,13,0,13,元富-林園,2023-03-02,5927
3714,富采,17,5,12,元富-林園,2023-03-02,5927
00712,復華富時不動產,11,0,11,元富-林園,2023-03-02,5927
2634,漢翔,11,0,11,元富-林園,2023-03-02,5927
00907,永豐優息存股,10,0,10,元富-林園,2023-03-02,5927
2303,聯電,14,4,10,元富-林園,2023-03-02,5927
2611,志信,13,3,10,元富-林園,2023-03-02,5927
2633,台灣高鐵,10,0,10,元富-林園,2023-03-02,5927
3704,合勤控,10,0,10,元富-林園,2023-03-02,5927
4114,健喬,13,3,10,元富-林園,2023-03-02,5927
6285,啟��,10,1,9,元富-林園,2023-03-02,5927
3027,盛達,13,4,9,元富-林園,2023-03-02,5927
1541,錩泰,8,0,8,元富-林園,2023-03-02,5927
2614,東森,10,2,8,元富-林園,2023-03-02,5927
2641,正德,16,8,8,元富-林園,2023-03-02,5927
3041,揚智,8,0,8,元富-林園,2023-03-02,5927
3081,聯亞,9,1,8,元富-林園,2023-03-02,5927
3707,漢磊,8,0,8,元富-林園,2023-03-02,5927
1101,台泥,11,4,7,元富-林園,2023-03-02,5927
6531,愛普*,11,4,7,元富-林園,2023-03-02,5927
00772B,中信高評級公司債,6,0,6,元富-林園,2023-03-02,5927
2615,萬海,12,6,6,元富-林園,2023-03-02,5927
00830,國泰費城半導體,6,0,6,元富-林園,2023-03-02,5927
1540,喬福,7,1,6,元富-林園,2023-03-02,5927
2605,新興,10,4,6,元富-林園,2023-03-02,5927
2607,榮運,10,4,6,元富-林園,2023-03-02,5927
2867,三商壽,6,0,6,元富-林園,2023-03-02,5927
4915,致伸,9,3,6,元富-林園,2023-03-02,5927
2002,中鋼,11,6,5,元富-林園,2023-03-02,5927
1503,士電,5,0,5,元富-林園,2023-03-02,5927
00637L,元大滬深300正2,167,32,135,元富-林園,2023-03-03,5927
2538,基泰,96,0,96,元富-林園,2023-03-03,5927
2634,漢翔,80,2,78,元富-林園,2023-03-03,5927
3312,弘憶股,50,4,46,元富-林園,2023-03-03,5927
3033,威健,40,0,40,元富-林園,2023-03-03,5927
00878,國泰永續高股息,40,0,40,元富-林園,2023-03-03,5927
5512,力麒,38,0,38,元富-林園,2023-03-03,5927
6235,華孚,39,5,34,元富-林園,2023-03-03,5927
5464,霖宏,30,0,30,元富-林園,2023-03-03,5927
2547,日勝生,28,0,28,元富-林園,2023-03-03,5927
4207,環泰,25,0,25,元富-林園,2023-03-03,5927
2845,遠東銀,26,4,22,元富-林園,2023-03-03,5927
1541,錩泰,20,0,20,元富-林園,2023-03-03,5927
2453,凌群,18,0,18,元富-林園,2023-03-03,5927
1708,東鹼,23,7,16,元富-林園,2023-03-03,5927
3236,千如,15,0,15,元富-林園,2023-03-03,5927
00908,富邦入息REITs+,14,0,14,元富-林園,2023-03-03,5927
2419,仲琦,26,12,14,元富-林園,2023-03-03,5927
2498,宏達電,18,4,14,元富-林園,2023-03-03,5927
00632R,元大台灣50反1,13,0,13,元富-林園,2023-03-03,5927
2882,國泰金,13,0,13,元富-林園,2023-03-03,5927
1220,台榮,12,0,12,元富-林園,2023-03-03,5927
2612,中航,12,0,12,元富-林園,2023-03-03,5927
3707,漢磊,17,5,12,元富-林園,2023-03-03,5927
9928,中視,12,0,12,元富-林園,2023-03-03,5927
1605,華新,17,7,10,元富-林園,2023-03-03,5927
2542,興富發,10,0,10,元富-林園,2023-03-03,5927
00673R,期元大S＆P原油反1,10,0,10,元富-林園,2023-03-03,5927
1718,中纖,10,0,10,元富-林園,2023-03-03,5927
2337,旺宏,20,10,10,元富-林園,2023-03-03,5927
2354,鴻準,10,0,10,元富-林園,2023-03-03,5927
3617,碩天,10,0,10,元富-林園,2023-03-03,5927
5203,訊連,10,0,10,元富-林園,2023-03-03,5927
1540,喬福,9,0,9,元富-林園,2023-03-03,5927
3704,合勤控,12,3,9,元富-林園,2023-03-03,5927
1752,南光,8,0,8,元富-林園,2023-03-03,5927
3017,奇鋐,8,0,8,元富-林園,2023-03-03,5927
3515,華擎,8,0,8,元富-林園,2023-03-03,5927
4402,郡都開發,8,0,8,元富-林園,2023-03-03,5927
1783,和康生,10,3,7,元富-林園,2023-03-03,5927
2885,元大金,10,3,7,元富-林園,2023-03-03,5927
6789,采鈺,7,0,7,元富-林園,2023-03-03,5927
1215,卜蜂,6,0,6,元富-林園,2023-03-03,5927
2883,凱基金,6,0,6,元富-林園,2023-03-03,5927
3147,大綜,6,0,6,元富-林園,2023-03-03,5927
5263,智崴,6,0,6,元富-林園,2023-03-03,5927
5425,台半,19,13,6,元富-林園,2023-03-03,5927
2892,第一金,5,0,5,元富-林園,2023-03-03,5927
3545,敦泰,5,0,5,元富-林園,2023-03-03,5927
1476,儒鴻,5,0,5,元富-林園,2023-03-03,5927
00637L,元大滬深300正2,122,1,121,元富-林園,2023-03-06,5927
1711,永光,102,0,102,元富-林園,2023-03-06,5927
2344,華邦電,53,4,49,元富-林園,2023-03-06,5927
2538,基泰,40,0,40,元富-林園,2023-03-06,5927
3356,奇偶,53,13,40,元富-林園,2023-03-06,5927
00632R,元大台灣50反1,31,0,31,元富-林園,2023-03-06,5927
5464,霖宏,30,0,30,元富-林園,2023-03-06,5927
2880,華南金,30,1,29,元富-林園,2023-03-06,5927
5512,力麒,30,1,29,元富-林園,2023-03-06,5927
8940,新天地,27,0,27,元富-林園,2023-03-06,5927
00673R,期元大S＆P原油反1,25,0,25,元富-林園,2023-03-06,5927
5522,遠雄,25,0,25,元富-林園,2023-03-06,5927
1605,華新,28,5,23,元富-林園,2023-03-06,5927
2323,中環,31,10,21,元富-林園,2023-03-06,5927
2633,台灣高鐵,21,1,20,元富-林園,2023-03-06,5927
3114,好德,20,0,20,元富-林園,2023-03-06,5927
8931,大汽電,20,0,20,元富-林園,2023-03-06,5927
2618,長榮航,21,3,18,元富-林園,2023-03-06,5927
4162,智擎,18,1,17,元富-林園,2023-03-06,5927
8936,國統,14,0,14,元富-林園,2023-03-06,5927
2605,新興,13,2,11,元富-林園,2023-03-06,5927
3479,安勤,13,2,11,元富-林園,2023-03-06,5927
00664R,國泰臺灣加權反1,10,0,10,元富-林園,2023-03-06,5927
00713,元大台灣高息低波,10,0,10,元富-林園,2023-03-06,5927
1522,堤維西,10,0,10,元富-林園,2023-03-06,5927
2542,興富發,10,0,10,元富-林園,2023-03-06,5927
2641,正德,19,9,10,元富-林園,2023-03-06,5927
2883,凱基金,11,1,10,元富-林園,2023-03-06,5927
3042,晶技,10,0,10,元富-林園,2023-03-06,5927
3625,西勝,10,0,10,元富-林園,2023-03-06,5927
6113,亞矽,10,0,10,元富-林園,2023-03-06,5927
2453,凌群,27,18,9,元富-林園,2023-03-06,5927
8088,品安,9,0,9,元富-林園,2023-03-06,5927
2329,華泰,8,0,8,元富-林園,2023-03-06,5927
2504,國產,10,2,8,元富-林園,2023-03-06,5927
3504,揚明光,9,1,8,元富-林園,2023-03-06,5927
4123,晟德,8,0,8,元富-林園,2023-03-06,5927
6155,鈞寶,10,2,8,元富-林園,2023-03-06,5927
00712,復華富時不動產,7,0,7,元富-林園,2023-03-06,5927
2338,光罩,9,2,7,元富-林園,2023-03-06,5927
3526,凡甲,7,0,7,元富-林園,2023-03-06,5927
3652,精聯,7,0,7,元富-林園,2023-03-06,5927
8105,凌巨,11,4,7,元富-林園,2023-03-06,5927
00878,國泰永續高股息,39,33,6,元富-林園,2023-03-06,5927
1587,吉茂,6,0,6,元富-林園,2023-03-06,5927
2547,日勝生,6,0,6,元富-林園,2023-03-06,5927
3169,亞信,6,0,6,元富-林園,2023-03-06,5927
8112,至上,7,1,6,元富-林園,2023-03-06,5927
1708,東鹼,12,7,5,元富-林園,2023-03-06,5927
1232,大統益,5,0,5,元富-林園,2023-03-06,5927
00632R,元大台灣50反1,125,0,125,元富-林園,2023-03-07,5927
2633,台灣高鐵,80,11,69,元富-林園,2023-03-07,5927
2891,中信金,103,50,53,元富-林園,2023-03-07,5927
3231,緯創,40,1,39,元富-林園,2023-03-07,5927
3481,群創,32,3,29,元富-林園,2023-03-07,5927
00673R,期元大S＆P原油反1,23,0,23,元富-林園,2023-03-07,5927
2368,金像電,27,6,21,元富-林園,2023-03-07,5927
1710,東聯,37,18,19,元富-林園,2023-03-07,5927
2344,華邦電,31,12,19,元富-林園,2023-03-07,5927
1727,中華化,15,0,15,元富-林園,2023-03-07,5927
2538,基泰,15,0,15,元富-林園,2023-03-07,5927
2486,一詮,14,0,14,元富-林園,2023-03-07,5927
2834,臺企銀,15,2,13,元富-林園,2023-03-07,5927
1529,樂事綠能,13,0,13,元富-林園,2023-03-07,5927
2482,連宇,17,4,13,元富-林園,2023-03-07,5927
3059,華晶科,16,3,13,元富-林園,2023-03-07,5927
6188,廣明,13,0,13,元富-林園,2023-03-07,5927
6143,振曜,13,1,12,元富-林園,2023-03-07,5927
2883,凱基金,13,1,12,元富-林園,2023-03-07,5927
4919,新唐,15,3,12,元富-林園,2023-03-07,5927
6282,康舒,23,11,12,元富-林園,2023-03-07,5927
3594,磐儀,12,1,11,元富-林園,2023-03-07,5927
6248,沛波,10,0,10,元富-林園,2023-03-07,5927
00664R,國泰臺灣加權反1,10,0,10,元富-林園,2023-03-07,5927
00773B,中信優先金融債,10,0,10,元富-林園,2023-03-07,5927
00893,國泰智能電動車,10,0,10,元富-林園,2023-03-07,5927
1447,力鵬,10,0,10,元富-林園,2023-03-07,5927
2712,遠雄來,10,0,10,元富-林園,2023-03-07,5927
3322,建舜電,10,0,10,元富-林園,2023-03-07,5927
6116,彩晶,13,3,10,元富-林園,2023-03-07,5927
6531,愛普*,13,3,10,元富-林園,2023-03-07,5927
2405,輔信,9,0,9,元富-林園,2023-03-07,5927
2449,京元電子,10,1,9,元富-林園,2023-03-07,5927
4979,華星光,17,8,9,元富-林園,2023-03-07,5927
00900,富邦特選高股息30,15,7,8,元富-林園,2023-03-07,5927
1305,華夏,10,2,8,元富-林園,2023-03-07,5927
2337,旺宏,8,0,8,元富-林園,2023-03-07,5927
5011,久陽,8,0,8,元富-林園,2023-03-07,5927
8112,至上,8,0,8,元富-林園,2023-03-07,5927
6138,茂達,7,0,7,元富-林園,2023-03-07,5927
3207,耀勝,13,7,6,元富-林園,2023-03-07,5927
4104,佳醫,6,0,6,元富-林園,2023-03-07,5927
1309,台達化,5,0,5,元富-林園,2023-03-07,5927
1612,宏泰,5,0,5,元富-林園,2023-03-07,5927
2034,允強,5,0,5,元富-林園,2023-03-07,5927
2367,燿華,5,0,5,元富-林園,2023-03-07,5927
2460,建通,5,0,5,元富-林園,2023-03-07,5927
3041,揚智,5,0,5,元富-林園,2023-03-07,5927
3356,奇偶,5,0,5,元富-林園,2023-03-07,5927
4977,眾達-KY,8,3,5,元富-林園,2023-03-07,5927
00878,國泰永續高股息,120,5,115,元富-林園,2023-03-08,5927
2834,臺企銀,110,0,110,元富-林園,2023-03-08,5927
2618,長榮航,72,1,71,元富-林園,2023-03-08,5927
2867,三商壽,50,3,47,元富-林園,2023-03-08,5927
00637L,元大滬深300正2,46,0,46,元富-林園,2023-03-08,5927
1708,東鹼,34,2,32,元富-林園,2023-03-08,5927
3093,港建*,32,1,31,元富-林園,2023-03-08,5927
3481,群創,31,3,28,元富-林園,2023-03-08,5927
2106,建大,27,0,27,元富-林園,2023-03-08,5927
5009,榮剛,36,11,25,元富-林園,2023-03-08,5927
1504,東元,21,0,21,元富-林園,2023-03-08,5927
2201,裕隆,24,3,21,元富-林園,2023-03-08,5927
2882,國泰金,21,1,20,元富-林園,2023-03-08,5927
00642U,期元大S＆P石油,20,0,20,元富-林園,2023-03-08,5927
5015,華祺,20,0,20,元富-林園,2023-03-08,5927
2605,新興,18,0,18,元富-林園,2023-03-08,5927
4976,佳凌,21,3,18,元富-林園,2023-03-08,5927
2630,亞航,18,1,17,元富-林園,2023-03-08,5927
5512,力麒,16,0,16,元富-林園,2023-03-08,5927
3029,零壹,25,11,14,元富-林園,2023-03-08,5927
00882,中信中國高股息,14,0,14,元富-林園,2023-03-08,5927
6116,彩晶,18,4,14,元富-林園,2023-03-08,5927
8916,光隆,14,0,14,元富-林園,2023-03-08,5927
1710,東聯,15,2,13,元富-林園,2023-03-08,5927
3675,德微,63,51,12,元富-林園,2023-03-08,5927
2612,中航,11,0,11,元富-林園,2023-03-08,5927
1101,台泥,10,0,10,元富-林園,2023-03-08,5927
2331,精英,11,1,10,元富-林園,2023-03-08,5927
2352,佳世達,11,1,10,元富-林園,2023-03-08,5927
2409,友達,11,1,10,元富-林園,2023-03-08,5927
4919,新唐,11,2,9,元富-林園,2023-03-08,5927
4736,泰博,10,1,9,元富-林園,2023-03-08,5927
8105,凌巨,10,1,9,元富-林園,2023-03-08,5927
2606,裕民,8,0,8,元富-林園,2023-03-08,5927
2611,志信,10,2,8,元富-林園,2023-03-08,5927
3207,耀勝,9,1,8,元富-林園,2023-03-08,5927
3518,柏騰,8,0,8,元富-林園,2023-03-08,5927
6547,高端疫苗,10,2,8,元富-林園,2023-03-08,5927
6643,M31,9,1,8,元富-林園,2023-03-08,5927
2880,華南金,7,0,7,元富-林園,2023-03-08,5927
3406,玉晶光,7,0,7,元富-林園,2023-03-08,5927
3022,威強電,7,0,7,元富-林園,2023-03-08,5927
6133,金橋,13,6,7,元富-林園,2023-03-08,5927
6582,申豐,7,0,7,元富-林園,2023-03-08,5927
6719,力智,7,0,7,元富-林園,2023-03-08,5927
6788,華景電,7,0,7,元富-林園,2023-03-08,5927
8121,越峰,7,0,7,元富-林園,2023-03-08,5927
2344,華邦電,10,4,6,元富-林園,2023-03-08,5927
3363,上詮,6,0,6,元富-林園,2023-03-08,5927
3591,艾笛森,7,1,6,元富-林園,2023-03-08,5927
00637L,元大滬深300正2,63,5,58,元富-林園,2023-03-09,5927
6443,元晶,38,0,38,元富-林園,2023-03-09,5927
2303,聯電,82,46,36,元富-林園,2023-03-09,5927
6244,茂迪,51,16,35,元富-林園,2023-03-09,5927
00878,國泰永續高股息,37,2,35,元富-林園,2023-03-09,5927
1101,台泥,35,2,33,元富-林園,2023-03-09,5927
1605,華新,51,21,30,元富-林園,2023-03-09,5927
2317,鴻海,26,0,26,元富-林園,2023-03-09,5927
2409,友達,26,1,25,元富-林園,2023-03-09,5927
2498,宏達電,47,22,25,元富-林園,2023-03-09,5927
8936,國統,39,14,25,元富-林園,2023-03-09,5927
6282,康舒,27,4,23,元富-林園,2023-03-09,5927
5512,力麒,28,5,23,元富-林園,2023-03-09,5927
2457,飛宏,95,73,22,元富-林園,2023-03-09,5927
4707,磐亞,22,1,21,元富-林園,2023-03-09,5927
2888,新光金,20,0,20,元富-林園,2023-03-09,5927
8940,新天地,20,0,20,元富-林園,2023-03-09,5927
2884,玉山金,22,3,19,元富-林園,2023-03-09,5927
1513,中興電,20,2,18,元富-林園,2023-03-09,5927
3481,群創,18,1,17,元富-林園,2023-03-09,5927
6770,力積電,29,12,17,元富-林園,2023-03-09,5927
1516,川飛,16,0,16,元富-林園,2023-03-09,5927
2337,旺宏,47,31,16,元富-林園,2023-03-09,5927
2408,南亞科,15,0,15,元富-林園,2023-03-09,5927
3013,晟銘電,21,6,15,元富-林園,2023-03-09,5927
2347,聯強,14,0,14,元富-林園,2023-03-09,5927
6116,彩晶,16,2,14,元富-林園,2023-03-09,5927
8222,寶一,17,3,14,元富-林園,2023-03-09,5927
00715L,期街口布蘭特正2,13,0,13,元富-林園,2023-03-09,5927
3038,全台,13,0,13,元富-林園,2023-03-09,5927
2329,華泰,13,1,12,元富-林園,2023-03-09,5927
1313,聯成,11,0,11,元富-林園,2023-03-09,5927
2208,台船,13,2,11,元富-林園,2023-03-09,5927
2605,新興,11,0,11,元富-林園,2023-03-09,5927
3682,亞太電,11,0,11,元富-林園,2023-03-09,5927
2886,兆豐金,10,0,10,元富-林園,2023-03-09,5927
00885,富邦越南,12,2,10,元富-林園,2023-03-09,5927
1608,華榮,10,0,10,元富-林園,2023-03-09,5927
1718,中纖,13,3,10,元富-林園,2023-03-09,5927
2399,映泰,10,0,10,元富-林園,2023-03-09,5927
3209,全科,14,4,10,元富-林園,2023-03-09,5927
4726,永昕,10,0,10,元富-林園,2023-03-09,5927
3029,零壹,12,2,10,元富-林園,2023-03-09,5927
6231,系微,11,1,10,元富-林園,2023-03-09,5927
3290,東浦,9,0,9,元富-林園,2023-03-09,5927
3356,奇偶,11,2,9,元富-林園,2023-03-09,5927
6266,泰詠,9,0,9,元富-林園,2023-03-09,5927
3047,訊舟,9,1,8,元富-林園,2023-03-09,5927
2368,金像電,11,3,8,元富-林園,2023-03-09,5927
3710,連展投控,30,22,8,元富-林園,2023-03-09,5927
00878,國泰永續高股息,224,2,222,元富-林園,2023-03-10,5927
2409,友達,78,7,71,元富-林園,2023-03-10,5927
2609,陽明,133,73,60,元富-林園,2023-03-10,5927
3041,揚智,60,0,60,元富-林園,2023-03-10,5927
0056,元大高股息,49,5,44,元富-林園,2023-03-10,5927
8069,元太,46,8,38,元富-林園,2023-03-10,5927
3038,全台,38,0,38,元富-林園,2023-03-10,5927
1605,華新,64,31,33,元富-林園,2023-03-10,5927
2482,連宇,33,2,31,元富-林園,2023-03-10,5927
1437,勤益控,30,0,30,元富-林園,2023-03-10,5927
3027,盛達,35,5,30,元富-林園,2023-03-10,5927
00923,群益台ESG低碳50,29,0,29,元富-林園,2023-03-10,5927
2344,華邦電,35,8,27,元富-林園,2023-03-10,5927
2610,華航,86,59,27,元富-林園,2023-03-10,5927
2834,臺企銀,26,0,26,元富-林園,2023-03-10,5927
2618,長榮航,49,25,24,元富-林園,2023-03-10,5927
00713,元大台灣高息低波,23,1,22,元富-林園,2023-03-10,5927
8105,凌巨,22,0,22,元富-林園,2023-03-10,5927
4934,太極,21,0,21,元富-林園,2023-03-10,5927
6116,彩晶,21,0,21,元富-林園,2023-03-10,5927
8936,國統,26,5,21,元富-林園,2023-03-10,5927
1101,台泥,20,0,20,元富-林園,2023-03-10,5927
2449,京元電子,20,0,20,元富-林園,2023-03-10,5927
2402,毅嘉,62,43,19,元富-林園,2023-03-10,5927
2881,富邦金,18,0,18,元富-林園,2023-03-10,5927
8916,光隆,18,0,18,元富-林園,2023-03-10,5927
2201,裕隆,19,2,17,元富-林園,2023-03-10,5927
2367,燿華,20,3,17,元富-林園,2023-03-10,5927
2891,中信金,16,0,16,元富-林園,2023-03-10,5927
5706,鳳凰,16,1,15,元富-林園,2023-03-10,5927
2883,凱基金,18,3,15,元富-林園,2023-03-10,5927
4543,萬在,20,5,15,元富-林園,2023-03-10,5927
4763,材料-KY,16,1,15,元富-林園,2023-03-10,5927
6578,達邦蛋白,15,0,15,元富-林園,2023-03-10,5927
2892,第一金,15,0,15,元富-林園,2023-03-10,5927
2023,燁輝,14,0,14,元富-林園,2023-03-10,5927
00715L,期街口布蘭特正2,16,3,13,元富-林園,2023-03-10,5927
2498,宏達電,15,2,13,元富-林園,2023-03-10,5927
3481,群創,25,12,13,元富-林園,2023-03-10,5927
00905,FT臺灣Smart,22,10,12,元富-林園,2023-03-10,5927
3682,亞太電,12,0,12,元富-林園,2023-03-10,5927
6180,橘子,12,0,12,元富-林園,2023-03-10,5927
2330,台積電,13,1,12,元富-林園,2023-03-10,5927
2208,台船,16,5,11,元富-林園,2023-03-10,5927
2014,中鴻,11,0,11,元富-林園,2023-03-10,5927
2634,漢翔,18,7,11,元富-林園,2023-03-10,5927
6708,天擎,11,0,11,元富-林園,2023-03-10,5927
00893,國泰智能電動車,10,0,10,元富-林園,2023-03-10,5927
2520,冠德,10,0,10,元富-林園,2023-03-10,5927
1314,中石化,10,0,10,元富-林園,2023-03-10,5927
00878,國泰永續高股息,162,35,127,元富-林園,2023-03-13,5927
2834,臺企銀,90,11,79,元富-林園,2023-03-13,5927
2888,新光金,81,23,58,元富-林園,2023-03-13,5927
1709,和益,72,15,57,元富-林園,2023-03-13,5927
00637L,元大滬深300正2,101,51,50,元富-林園,2023-03-13,5927
2634,漢翔,59,12,47,元富-林園,2023-03-13,5927
2453,凌群,120,78,42,元富-林園,2023-03-13,5927
2891,中信金,45,5,40,元富-林園,2023-03-13,5927
2609,陽明,57,25,32,元富-林園,2023-03-13,5927
2368,金像電,31,1,30,元富-林園,2023-03-13,5927
6708,天擎,30,0,30,元富-林園,2023-03-13,5927
1314,中石化,31,7,24,元富-林園,2023-03-13,5927
2482,連宇,23,2,21,元富-林園,2023-03-13,5927
3041,揚智,20,0,20,元富-林園,2023-03-13,5927
6116,彩晶,30,10,20,元富-林園,2023-03-13,5927
2812,台中銀,17,0,17,元富-林園,2023-03-13,5927
2538,基泰,16,0,16,元富-林園,2023-03-13,5927
1316,上曜,15,0,15,元富-林園,2023-03-13,5927
2867,三商壽,15,0,15,元富-林園,2023-03-13,5927
3481,群創,41,26,15,元富-林園,2023-03-13,5927
8112,至上,15,0,15,元富-林園,2023-03-13,5927
3558,神準,19,5,14,元富-林園,2023-03-13,5927
5512,力麒,14,0,14,元富-林園,2023-03-13,5927
6235,華孚,18,5,13,元富-林園,2023-03-13,5927
2449,京元電子,13,1,12,元富-林園,2023-03-13,5927
3058,立德,12,0,12,元富-林園,2023-03-13,5927
3162,精確,18,6,12,元富-林園,2023-03-13,5927
00908,富邦入息REITs+,11,0,11,元富-林園,2023-03-13,5927
2413,環科,11,0,11,元富-林園,2023-03-13,5927
2457,飛宏,40,29,11,元富-林園,2023-03-13,5927
2029,盛餘,10,0,10,元富-林園,2023-03-13,5927
2374,佳能,10,0,10,元富-林園,2023-03-13,5927
5243,乙盛-KY,10,0,10,元富-林園,2023-03-13,5927
9904,寶成,10,0,10,元富-林園,2023-03-13,5927
6143,振曜,21,12,9,元富-林園,2023-03-13,5927
6751,智聯服務,10,1,9,元富-林園,2023-03-13,5927
8046,南電,10,2,8,元富-林園,2023-03-13,5927
2887,台新金,14,6,8,元富-林園,2023-03-13,5927
6282,康舒,18,10,8,元富-林園,2023-03-13,5927
2014,中鴻,10,3,7,元富-林園,2023-03-13,5927
5344,立衛,7,0,7,元富-林園,2023-03-13,5927
5876,上海商銀,7,0,7,元富-林園,2023-03-13,5927
1101,台泥,6,0,6,元富-林園,2023-03-13,5927
00633L,富邦上証正2,6,0,6,元富-林園,2023-03-13,5927
00897,富邦基因免疫生技,6,0,6,元富-林園,2023-03-13,5927
1708,東鹼,6,0,6,元富-林園,2023-03-13,5927
8069,元太,7,1,6,元富-林園,2023-03-13,5927
8088,品安,6,0,6,元富-林園,2023-03-13,5927
2892,第一金,6,0,6,元富-林園,2023-03-13,5927
2108,南帝,5,0,5,元富-林園,2023-03-13,5927
2409,友達,171,25,146,元富-林園,2023-03-14,5927
2618,長榮航,125,11,114,元富-林園,2023-03-14,5927
00878,國泰永續高股息,125,19,106,元富-林園,2023-03-14,5927
2834,臺企銀,147,55,92,元富-林園,2023-03-14,5927
2610,華航,79,6,73,元富-林園,2023-03-14,5927
00669R,國泰美國道瓊反1,69,0,69,元富-林園,2023-03-14,5927
00642U,期元大S＆P石油,65,0,65,元富-林園,2023-03-14,5927
2812,台中銀,57,0,57,元富-林園,2023-03-14,5927
2888,新光金,80,32,48,元富-林園,2023-03-14,5927
2891,中信金,42,5,37,元富-林園,2023-03-14,5927
5011,久陽,35,0,35,元富-林園,2023-03-14,5927
1314,中石化,33,0,33,元富-林園,2023-03-14,5927
4510,高鋒,30,0,30,元富-林園,2023-03-14,5927
2615,萬海,36,11,25,元富-林園,2023-03-14,5927
6248,沛波,25,0,25,元富-林園,2023-03-14,5927
2609,陽明,53,29,24,元富-林園,2023-03-14,5927
2303,聯電,27,3,24,元富-林園,2023-03-14,5927
2887,台新金,23,0,23,元富-林園,2023-03-14,5927
1605,華新,29,9,20,元富-林園,2023-03-14,5927
2344,華邦電,20,0,20,元富-林園,2023-03-14,5927
00676R,富邦臺灣加權反1,20,0,20,元富-林園,2023-03-14,5927
2337,旺宏,20,0,20,元富-林園,2023-03-14,5927
2882,國泰金,20,0,20,元富-林園,2023-03-14,5927
5450,南良,20,1,19,元富-林園,2023-03-14,5927
6770,力積電,19,0,19,元富-林園,2023-03-14,5927
0056,元大高股息,20,2,18,元富-林園,2023-03-14,5927
00715L,期街口布蘭特正2,18,0,18,元富-林園,2023-03-14,5927
2883,凱基金,19,2,17,元富-林園,2023-03-14,5927
8215,明基材,16,0,16,元富-林園,2023-03-14,5927
2884,玉山金,16,1,15,元富-林園,2023-03-14,5927
6274,台燿,17,3,14,元富-林園,2023-03-14,5927
5706,鳳凰,13,0,13,元富-林園,2023-03-14,5927
2897,王道銀行,18,6,12,元富-林園,2023-03-14,5927
1313,聯成,11,0,11,元富-林園,2023-03-14,5927
1709,和益,11,0,11,元富-林園,2023-03-14,5927
2208,台船,16,5,11,元富-林園,2023-03-14,5927
6180,橘子,12,1,11,元富-林園,2023-03-14,5927
1608,華榮,15,5,10,元富-林園,2023-03-14,5927
2023,燁輝,10,0,10,元富-林園,2023-03-14,5927
2105,正新,10,0,10,元富-林園,2023-03-14,5927
2607,榮運,10,0,10,元富-林園,2023-03-14,5927
4303,信立,10,0,10,元富-林園,2023-03-14,5927
4958,臻鼎-KY,10,0,10,元富-林園,2023-03-14,5927
8222,寶一,10,0,10,元富-林園,2023-03-14,5927
00891,中信關鍵半導體,9,0,9,元富-林園,2023-03-14,5927
1815,富喬,11,2,9,元富-林園,2023-03-14,5927
2007,燁興,9,0,9,元富-林園,2023-03-14,5927
3013,晟銘電,10,1,9,元富-林園,2023-03-14,5927
3162,精確,13,4,9,元富-林園,2023-03-14,5927
5512,力麒,9,0,9,元富-林園,2023-03-14,5927
2618,長榮航,79,13,66,元富-林園,2023-03-15,5927
2867,三商壽,63,0,63,元富-林園,2023-03-15,5927
00632R,元大台灣50反1,80,20,60,元富-林園,2023-03-15,5927
8936,國統,56,5,51,元富-林園,2023-03-15,5927
00878,國泰永續高股息,48,0,48,元富-林園,2023-03-15,5927
1314,中石化,48,1,47,元富-林園,2023-03-15,5927
2886,兆豐金,41,0,41,元富-林園,2023-03-15,5927
2453,凌群,78,41,37,元富-林園,2023-03-15,5927
4919,新唐,40,5,35,元富-林園,2023-03-15,5927
2891,中信金,34,0,34,元富-林園,2023-03-15,5927
2108,南帝,33,2,31,元富-林園,2023-03-15,5927
6770,力積電,31,1,30,元富-林園,2023-03-15,5927
2880,華南金,29,0,29,元富-林園,2023-03-15,5927
9904,寶成,27,0,27,元富-林園,2023-03-15,5927
2637,慧洋-KY,27,2,25,元富-林園,2023-03-15,5927
2409,友達,27,3,24,元富-林園,2023-03-15,5927
00642U,期元大S＆P石油,22,0,22,元富-林園,2023-03-15,5927
2027,大成鋼,24,2,22,元富-林園,2023-03-15,5927
1217,愛之味,20,0,20,元富-林園,2023-03-15,5927
00715L,期街口布蘭特正2,24,4,20,元富-林園,2023-03-15,5927
4720,德淵,20,0,20,元富-林園,2023-03-15,5927
6180,橘子,20,0,20,元富-林園,2023-03-15,5927
2357,華碩,22,3,19,元富-林園,2023-03-15,5927
2603,長榮,46,28,18,元富-林園,2023-03-15,5927
00680L,元大美債20正2,15,0,15,元富-林園,2023-03-15,5927
00637L,元大滬深300正2,65,50,15,元富-林園,2023-03-15,5927
4755,三福化,14,0,14,元富-林園,2023-03-15,5927
2449,京元電子,25,12,13,元富-林園,2023-03-15,5927
3033,威健,12,0,12,元富-林園,2023-03-15,5927
1708,東鹼,12,0,12,元富-林園,2023-03-15,5927
2406,國碩,11,0,11,元富-林園,2023-03-15,5927
1313,聯成,10,0,10,元富-林園,2023-03-15,5927
2034,允強,10,0,10,元富-林園,2023-03-15,5927
6223,旺矽,11,1,10,元富-林園,2023-03-15,5927
2506,太設,9,0,9,元富-林園,2023-03-15,5927
2610,華航,18,9,9,元富-林園,2023-03-15,5927
8044,網家,9,0,9,元富-林園,2023-03-15,5927
3701,大眾控,9,1,8,元富-林園,2023-03-15,5927
6239,力成,8,0,8,元富-林園,2023-03-15,5927
2614,東森,7,0,7,元富-林園,2023-03-15,5927
1455,集盛,7,0,7,元富-林園,2023-03-15,5927
1795,美時,9,2,7,元富-林園,2023-03-15,5927
2520,冠德,8,1,7,元富-林園,2023-03-15,5927
2538,基泰,7,0,7,元富-林園,2023-03-15,5927
4938,和碩,8,1,7,元富-林園,2023-03-15,5927
3209,全科,18,12,6,元富-林園,2023-03-15,5927
0056,元大高股息,6,0,6,元富-林園,2023-03-15,5927
2892,第一金,6,0,6,元富-林園,2023-03-15,5927
1101,台泥,6,0,6,元富-林園,2023-03-15,5927
2884,玉山金,5,0,5,元富-林園,2023-03-15,5927
00878,國泰永續高股息,140,5,135,元富-林園,2023-03-16,5927
00632R,元大台灣50反1,132,15,117,元富-林園,2023-03-16,5927
1314,中石化,58,0,58,元富-林園,2023-03-16,5927
2891,中信金,57,0,57,元富-林園,2023-03-16,5927
00715L,期街口布蘭特正2,52,0,52,元富-林園,2023-03-16,5927
00642U,期元大S＆P石油,50,0,50,元富-林園,2023-03-16,5927
2409,友達,46,7,39,元富-林園,2023-03-16,5927
3481,群創,124,86,38,元富-林園,2023-03-16,5927
9933,中鼎,35,0,35,元富-林園,2023-03-16,5927
2834,臺企銀,101,68,33,元富-林園,2023-03-16,5927
6235,華孚,40,8,32,元富-林園,2023-03-16,5927
5512,力麒,34,5,29,元富-林園,2023-03-16,5927
3041,揚智,30,2,28,元富-林園,2023-03-16,5927
1540,喬福,27,0,27,元富-林園,2023-03-16,5927
3264,欣銓,34,10,24,元富-林園,2023-03-16,5927
6244,茂迪,70,46,24,元富-林園,2023-03-16,5927
2812,台中銀,24,0,24,元富-林園,2023-03-16,5927
2882,國泰金,23,2,21,元富-林園,2023-03-16,5927
2504,國產,20,0,20,元富-林園,2023-03-16,5927
2453,凌群,28,9,19,元富-林園,2023-03-16,5927
3576,聯合再生,18,0,18,元富-林園,2023-03-16,5927
2618,長榮航,43,25,18,元富-林園,2023-03-16,5927
3027,盛達,33,16,17,元富-林園,2023-03-16,5927
2603,長榮,26,10,16,元富-林園,2023-03-16,5927
2610,華航,17,2,15,元富-林園,2023-03-16,5927
2382,廣達,17,2,15,元富-林園,2023-03-16,5927
2605,新興,33,18,15,元富-林園,2023-03-16,5927
3162,精確,30,15,15,元富-林園,2023-03-16,5927
2888,新光金,17,3,14,元富-林園,2023-03-16,5927
2108,南帝,13,0,13,元富-林園,2023-03-16,5927
2615,萬海,34,22,12,元富-林園,2023-03-16,5927
1570,力肯,12,0,12,元富-林園,2023-03-16,5927
1611,中電,26,14,12,元富-林園,2023-03-16,5927
2881,富邦金,12,0,12,元富-林園,2023-03-16,5927
1708,東鹼,14,3,11,元富-林園,2023-03-16,5927
3056,富華新,13,2,11,元富-林園,2023-03-16,5927
5706,鳳凰,13,2,11,元富-林園,2023-03-16,5927
2104,國際中橡,10,0,10,元富-林園,2023-03-16,5927
00905,FT臺灣Smart,10,0,10,元富-林園,2023-03-16,5927
00919,群益台灣精選高息,10,0,10,元富-林園,2023-03-16,5927
2611,志信,10,0,10,元富-林園,2023-03-16,5927
3706,神達,10,0,10,元富-林園,2023-03-16,5927
4714,永捷,10,0,10,元富-林園,2023-03-16,5927
6443,元晶,15,5,10,元富-林園,2023-03-16,5927
6708,天擎,10,0,10,元富-林園,2023-03-16,5927
6789,采鈺,9,0,9,元富-林園,2023-03-16,5927
6116,彩晶,26,17,9,元富-林園,2023-03-16,5927
6282,康舒,13,4,9,元富-林園,2023-03-16,5927
2449,京元電子,10,1,9,元富-林園,2023-03-16,5927
2886,兆豐金,8,0,8,元富-林園,2023-03-16,5927
00632R,元大台灣50反1,90,0,90,元富-林園,2023-03-17,5927
8936,國統,98,10,88,元富-林園,2023-03-17,5927
00878,國泰永續高股息,75,0,75,元富-林園,2023-03-17,5927
2891,中信金,62,4,58,元富-林園,2023-03-17,5927
5009,榮剛,62,5,57,元富-林園,2023-03-17,5927
00772B,中信高評級公司債,50,0,50,元富-林園,2023-03-17,5927
00664R,國泰臺灣加權反1,29,0,29,元富-林園,2023-03-17,5927
2834,臺企銀,58,31,27,元富-林園,2023-03-17,5927
8088,品安,25,0,25,元富-林園,2023-03-17,5927
5880,合庫金,20,0,20,元富-林園,2023-03-17,5927
00669R,國泰美國道瓊反1,20,0,20,元富-林園,2023-03-17,5927
2105,正新,20,0,20,元富-林園,2023-03-17,5927
3041,揚智,20,0,20,元富-林園,2023-03-17,5927
3289,宜特,20,0,20,元富-林園,2023-03-17,5927
2409,友達,27,8,19,元富-林園,2023-03-17,5927
2618,長榮航,32,13,19,元富-林園,2023-03-17,5927
2892,第一金,20,2,18,元富-林園,2023-03-17,5927
2610,華航,16,0,16,元富-林園,2023-03-17,5927
6129,普誠,16,0,16,元富-林園,2023-03-17,5927
1301,台塑,15,0,15,元富-林園,2023-03-17,5927
3028,增你強,15,0,15,元富-林園,2023-03-17,5927
9945,潤泰新,16,2,14,元富-林園,2023-03-17,5927
2605,新興,18,5,13,元富-林園,2023-03-17,5927
2886,兆豐金,12,0,12,元富-林園,2023-03-17,5927
2027,大成鋼,13,2,11,元富-林園,2023-03-17,5927
2609,陽明,24,13,11,元富-林園,2023-03-17,5927
1101,台泥,10,0,10,元富-林園,2023-03-17,5927
2314,台揚,10,0,10,元富-林園,2023-03-17,5927
4763,材料-KY,15,5,10,元富-林園,2023-03-17,5927
5483,中美晶,10,0,10,元富-林園,2023-03-17,5927
5512,力麒,15,5,10,元富-林園,2023-03-17,5927
6185,幃翔,10,0,10,元富-林園,2023-03-17,5927
2402,毅嘉,10,1,9,元富-林園,2023-03-17,5927
5258,虹堡,13,4,9,元富-林園,2023-03-17,5927
9904,寶成,9,0,9,元富-林園,2023-03-17,5927
00715L,期街口布蘭特正2,8,0,8,元富-林園,2023-03-17,5927
2867,三商壽,8,0,8,元富-林園,2023-03-17,5927
3011,今皓,9,1,8,元富-林園,2023-03-17,5927
5443,均豪,8,0,8,元富-林園,2023-03-17,5927
2204,中華,7,0,7,元富-林園,2023-03-17,5927
2014,中鴻,7,0,7,元富-林園,2023-03-17,5927
2313,華通,7,0,7,元富-林園,2023-03-17,5927
2399,映泰,11,4,7,元富-林園,2023-03-17,5927
2887,台新金,7,0,7,元富-林園,2023-03-17,5927
2337,旺宏,6,0,6,元富-林園,2023-03-17,5927
2359,所羅門,6,0,6,元富-林園,2023-03-17,5927
2482,連宇,12,6,6,元富-林園,2023-03-17,5927
1708,東鹼,6,0,6,元富-林園,2023-03-17,5927
1527,鑽全,5,0,5,元富-林園,2023-03-17,5927
00885,富邦越南,5,0,5,元富-林園,2023-03-17,5927
00676R,富邦臺灣加權反1,222,0,222,元富-林園,2023-03-20,5927
00637L,元大滬深300正2,101,5,96,元富-林園,2023-03-20,5927
00878,國泰永續高股息,57,0,57,元富-林園,2023-03-20,5927
00772B,中信高評級公司債,50,0,50,元富-林園,2023-03-20,5927
3481,群創,32,0,32,元富-林園,2023-03-20,5927
2409,友達,30,0,30,元富-林園,2023-03-20,5927
8936,國統,69,39,30,元富-林園,2023-03-20,5927
2609,陽明,27,6,21,元富-林園,2023-03-20,5927
8033,雷虎,20,0,20,元富-林園,2023-03-20,5927
2002,中鋼,21,4,17,元富-林園,2023-03-20,5927
4114,健喬,17,0,17,元富-林園,2023-03-20,5927
2380,虹光,18,3,15,元富-林園,2023-03-20,5927
2515,中工,15,0,15,元富-林園,2023-03-20,5927
2891,中信金,15,0,15,元富-林園,2023-03-20,5927
3576,聯合再生,13,0,13,元富-林園,2023-03-20,5927
2892,第一金,13,0,13,元富-林園,2023-03-20,5927
2886,兆豐金,13,1,12,元富-林園,2023-03-20,5927
00885,富邦越南,12,0,12,元富-林園,2023-03-20,5927
00882,中信中國高股息,12,0,12,元富-林園,2023-03-20,5927
1304,台聚,17,5,12,元富-林園,2023-03-20,5927
6015,宏遠證,13,1,12,元富-林園,2023-03-20,5927
2883,凱基金,12,0,12,元富-林園,2023-03-20,5927
2388,威盛,22,11,11,元富-林園,2023-03-20,5927
6582,申豐,11,0,11,元富-林園,2023-03-20,5927
1802,台玻,10,0,10,元富-林園,2023-03-20,5927
2453,凌群,85,75,10,元富-林園,2023-03-20,5927
2481,強茂,18,8,10,元富-林園,2023-03-20,5927
2880,華南金,10,0,10,元富-林園,2023-03-20,5927
2888,新光金,10,0,10,元富-林園,2023-03-20,5927
1810,和成,9,0,9,元富-林園,2023-03-20,5927
4167,松瑞藥,11,2,9,元富-林園,2023-03-20,5927
2014,中鴻,11,3,8,元富-林園,2023-03-20,5927
2406,國碩,38,30,8,元富-林園,2023-03-20,5927
4306,炎洲,10,2,8,元富-林園,2023-03-20,5927
6576,逸達,13,5,8,元富-林園,2023-03-20,5927
3189,景碩,8,0,8,元富-林園,2023-03-20,5927
0050,元大台灣50,7,0,7,元富-林園,2023-03-20,5927
2867,三商壽,7,0,7,元富-林園,2023-03-20,5927
3494,誠研,7,0,7,元富-林園,2023-03-20,5927
2603,長榮,8,2,6,元富-林園,2023-03-20,5927
2317,鴻海,5,0,5,元富-林園,2023-03-20,5927
1504,東元,30,25,5,元富-林園,2023-03-20,5927
1447,力鵬,5,0,5,元富-林園,2023-03-20,5927
00651R,復華香港反1,5,0,5,元富-林園,2023-03-20,5927
2375,凱美,5,0,5,元富-林園,2023-03-20,5927
2605,新興,5,0,5,元富-林園,2023-03-20,5927
3710,連展投控,5,0,5,元富-林園,2023-03-20,5927
4526,東台,5,0,5,元富-林園,2023-03-20,5927
8112,至上,5,0,5,元富-林園,2023-03-20,5927
00642U,期元大S＆P石油,4,0,4,元富-林園,2023-03-20,5927
00669R,國泰美國道瓊反1,110,0,110,元富-林園,2023-03-21,5927
3432,台端,51,0,51,元富-林園,2023-03-21,5927
5258,虹堡,67,20,47,元富-林園,2023-03-21,5927
3481,群創,64,20,44,元富-林園,2023-03-21,5927
1609,大亞,40,6,34,元富-林園,2023-03-21,5927
6244,茂迪,78,46,32,元富-林園,2023-03-21,5927
2892,第一金,23,0,23,元富-林園,2023-03-21,5927
2337,旺宏,21,0,21,元富-林園,2023-03-21,5927
3675,德微,24,3,21,元富-林園,2023-03-21,5927
00878,國泰永續高股息,24,6,18,元富-林園,2023-03-21,5927
00637L,元大滬深300正2,21,3,18,元富-林園,2023-03-21,5927
2888,新光金,21,3,18,元富-林園,2023-03-21,5927
3027,盛達,31,13,18,元富-林園,2023-03-21,5927
2349,錸德,17,0,17,元富-林園,2023-03-21,5927
6122,擎邦,17,0,17,元富-林園,2023-03-21,5927
8033,雷虎,15,0,15,元富-林園,2023-03-21,5927
00772B,中信高評級公司債,14,0,14,元富-林園,2023-03-21,5927
2413,環科,15,1,14,元富-林園,2023-03-21,5927
2897,王道銀行,13,0,13,元富-林園,2023-03-21,5927
3050,鈺德,13,0,13,元富-林園,2023-03-21,5927
2303,聯電,15,3,12,元富-林園,2023-03-21,5927
5880,合庫金,20,8,12,元富-林園,2023-03-21,5927
3028,增你強,12,0,12,元富-林園,2023-03-21,5927
00632R,元大台灣50反1,10,0,10,元富-林園,2023-03-21,5927
00715L,期街口布蘭特正2,10,0,10,元富-林園,2023-03-21,5927
1468,昶和,10,0,10,元富-林園,2023-03-21,5927
4915,致伸,10,0,10,元富-林園,2023-03-21,5927
5353,台林,10,0,10,元富-林園,2023-03-21,5927
9945,潤泰新,11,1,10,元富-林園,2023-03-21,5927
1605,華新,12,3,9,元富-林園,2023-03-21,5927
2610,華航,21,12,9,元富-林園,2023-03-21,5927
3046,建��,22,13,9,元富-林園,2023-03-21,5927
3066,李洲,9,0,9,元富-林園,2023-03-21,5927
4934,太極,11,2,9,元富-林園,2023-03-21,5927
2482,連宇,10,2,8,元富-林園,2023-03-21,5927
6116,彩晶,13,5,8,元富-林園,2023-03-21,5927
6138,茂達,9,1,8,元富-林園,2023-03-21,5927
2615,萬海,8,1,7,元富-林園,2023-03-21,5927
2886,兆豐金,6,0,6,元富-林園,2023-03-21,5927
00885,富邦越南,6,0,6,元富-林園,2023-03-21,5927
00907,永豐優息存股,6,0,6,元富-林園,2023-03-21,5927
00917,中信特選金融,6,0,6,元富-林園,2023-03-21,5927
00680L,元大美債20正2,6,0,6,元富-林園,2023-03-21,5927
1517,利奇,6,0,6,元富-林園,2023-03-21,5927
2374,佳能,6,0,6,元富-林園,2023-03-21,5927
2388,威盛,46,40,6,元富-林園,2023-03-21,5927
3094,聯傑,11,5,6,元富-林園,2023-03-21,5927
4532,瑞智,6,0,6,元富-林園,2023-03-21,5927
6477,安集,7,1,6,元富-林園,2023-03-21,5927
2882,國泰金,7,2,5,元富-林園,2023-03-21,5927
00676R,富邦臺灣加權反1,273,0,273,元富-林園,2023-03-22,5927
00632R,元大台灣50反1,291,30,261,元富-林園,2023-03-22,5927
2867,三商壽,50,0,50,元富-林園,2023-03-22,5927
3481,群創,64,21,43,元富-林園,2023-03-22,5927
3028,增你強,33,0,33,元富-林園,2023-03-22,5927
3704,合勤控,55,25,30,元富-林園,2023-03-22,5927
1584,精剛,29,1,28,元富-林園,2023-03-22,5927
2457,飛宏,34,8,26,元富-林園,2023-03-22,5927
3013,晟銘電,21,1,20,元富-林園,2023-03-22,5927
00772B,中信高評級公司債,18,0,18,元富-林園,2023-03-22,5927
6122,擎邦,22,5,17,元富-林園,2023-03-22,5927
4532,瑞智,16,0,16,元富-林園,2023-03-22,5927
2002,中鋼,16,0,16,元富-林園,2023-03-22,5927
2601,益航,20,6,14,元富-林園,2023-03-22,5927
00664R,國泰臺灣加權反1,13,0,13,元富-林園,2023-03-22,5927
3169,亞信,13,0,13,元富-林園,2023-03-22,5927
8936,國統,13,0,13,元富-林園,2023-03-22,5927
3162,精確,13,1,12,元富-林園,2023-03-22,5927
4432,銘旺實,11,0,11,元富-林園,2023-03-22,5927
7402,邑錡,11,0,11,元富-林園,2023-03-22,5927
2453,凌群,79,68,11,元富-林園,2023-03-22,5927
1314,中石化,10,0,10,元富-林園,2023-03-22,5927
2317,鴻海,10,0,10,元富-林園,2023-03-22,5927
2380,虹光,10,0,10,元富-林園,2023-03-22,5927
5512,力麒,11,1,10,元富-林園,2023-03-22,5927
9904,寶成,10,0,10,元富-林園,2023-03-22,5927
1784,訊聯,9,0,9,元富-林園,2023-03-22,5927
6770,力積電,10,1,9,元富-林園,2023-03-22,5927
2883,凱基金,9,0,9,元富-林園,2023-03-22,5927
00878,國泰永續高股息,23,16,7,元富-林園,2023-03-22,5927
3037,欣興,21,14,7,元富-林園,2023-03-22,5927
2201,裕隆,14,7,7,元富-林園,2023-03-22,5927
6643,M31,10,3,7,元富-林園,2023-03-22,5927
8103,瀚荃,7,0,7,元富-林園,2023-03-22,5927
2482,連宇,28,21,7,元富-林園,2023-03-22,5927
1513,中興電,8,2,6,元富-林園,2023-03-22,5927
2881,富邦金,7,1,6,元富-林園,2023-03-22,5927
00908,富邦入息REITs+,6,0,6,元富-林園,2023-03-22,5927
1504,東元,20,14,6,元富-林園,2023-03-22,5927
2204,中華,6,0,6,元富-林園,2023-03-22,5927
2323,中環,6,0,6,元富-林園,2023-03-22,5927
2355,敬鵬,6,0,6,元富-林園,2023-03-22,5927
2449,京元電子,12,6,6,元富-林園,2023-03-22,5927
3034,聯詠,6,0,6,元富-林園,2023-03-22,5927
6116,彩晶,6,0,6,元富-林園,2023-03-22,5927
2108,南帝,25,20,5,元富-林園,2023-03-22,5927
1514,亞力,7,2,5,元富-林園,2023-03-22,5927
1527,鑽全,5,0,5,元富-林園,2023-03-22,5927
3059,華晶科,5,0,5,元富-林園,2023-03-22,5927
3290,東浦,5,0,5,元富-林園,2023-03-22,5927
2834,臺企銀,68,0,68,元富-林園,2023-03-23,5927
2406,國碩,49,2,47,元富-林園,2023-03-23,5927
3710,連展投控,66,19,47,元富-林園,2023-03-23,5927
2303,聯電,41,8,33,元富-林園,2023-03-23,5927
2453,凌群,87,58,29,元富-林園,2023-03-23,5927
3675,德微,40,13,27,元富-林園,2023-03-23,5927
2208,台船,25,0,25,元富-林園,2023-03-23,5927
2388,威盛,32,7,25,元富-林園,2023-03-23,5927
00712,復華富時不動產,21,0,21,元富-林園,2023-03-23,5927
4977,眾達-KY,18,0,18,元富-林園,2023-03-23,5927
6282,康舒,17,1,16,元富-林園,2023-03-23,5927
2637,慧洋-KY,16,1,15,元富-林園,2023-03-23,5927
3685,元創精密,15,0,15,元富-林園,2023-03-23,5927
2204,中華,26,13,13,元富-林園,2023-03-23,5927
6026,福邦證,14,2,12,元富-林園,2023-03-23,5927
2605,新興,11,0,11,元富-林園,2023-03-23,5927
2481,強茂,18,7,11,元富-林園,2023-03-23,5927
2897,王道銀行,11,0,11,元富-林園,2023-03-23,5927
4192,杏國,11,0,11,元富-林園,2023-03-23,5927
6547,高端疫苗,13,2,11,元富-林園,2023-03-23,5927
9955,佳龍,13,2,11,元富-林園,2023-03-23,5927
00885,富邦越南,10,0,10,元富-林園,2023-03-23,5927
2352,佳世達,10,0,10,元富-林園,2023-03-23,5927
6274,台燿,11,1,10,元富-林園,2023-03-23,5927
3011,今皓,9,0,9,元富-林園,2023-03-23,5927
3162,精確,10,1,9,元富-林園,2023-03-23,5927
6147,頎邦,10,1,9,元富-林園,2023-03-23,5927
2353,宏��,11,2,9,元富-林園,2023-03-23,5927
2302,麗正,15,7,8,元富-林園,2023-03-23,5927
3322,建舜電,8,0,8,元富-林園,2023-03-23,5927
8926,台汽電,14,6,8,元富-林園,2023-03-23,5927
2609,陽明,24,17,7,元富-林園,2023-03-23,5927
5425,台半,13,6,7,元富-林園,2023-03-23,5927
1611,中電,7,0,7,元富-林園,2023-03-23,5927
2612,中航,7,0,7,元富-林園,2023-03-23,5927
2882,國泰金,10,3,7,元富-林園,2023-03-23,5927
6477,安集,8,1,7,元富-林園,2023-03-23,5927
1503,士電,6,0,6,元富-林園,2023-03-23,5927
2027,大成鋼,10,4,6,元富-林園,2023-03-23,5927
2409,友達,6,0,6,元富-林園,2023-03-23,5927
6139,亞翔,6,0,6,元富-林園,2023-03-23,5927
6443,元晶,9,3,6,元富-林園,2023-03-23,5927
00888,永豐台灣ESG,5,0,5,元富-林園,2023-03-23,5927
00715L,期街口布蘭特正2,5,0,5,元富-林園,2023-03-23,5927
00664R,國泰臺灣加權反1,5,0,5,元富-林園,2023-03-23,5927
00708L,期元大S＆P黃金正2,5,0,5,元富-林園,2023-03-23,5927
1752,南光,5,0,5,元富-林園,2023-03-23,5927
2206,三陽工業,5,0,5,元富-林園,2023-03-23,5927
2313,華通,5,0,5,元富-林園,2023-03-23,5927
2601,益航,5,0,5,元富-林園,2023-03-23,5927
00679B,元大美債20年,343,0,343,元富-林園,2023-03-24,5927
00632R,元大台灣50反1,249,5,244,元富-林園,2023-03-24,5927
3481,群創,101,18,83,元富-林園,2023-03-24,5927
3441,聯一光,82,0,82,元富-林園,2023-03-24,5927
2406,國碩,46,6,40,元富-林園,2023-03-24,5927
2388,威盛,54,20,34,元富-林園,2023-03-24,5927
3050,鈺德,30,0,30,元富-林園,2023-03-24,5927
2337,旺宏,31,3,28,元富-林園,2023-03-24,5927
3013,晟銘電,34,6,28,元富-林園,2023-03-24,5927
2603,長榮,31,5,26,元富-林園,2023-03-24,5927
1524,耿鼎,42,17,25,元富-林園,2023-03-24,5927
6244,茂迪,35,10,25,元富-林園,2023-03-24,5927
3038,全台,18,0,18,元富-林園,2023-03-24,5927
6125,廣運,17,0,17,元富-林園,2023-03-24,5927
2402,毅嘉,72,59,13,元富-林園,2023-03-24,5927
4934,太極,15,3,12,元富-林園,2023-03-24,5927
2618,長榮航,12,1,11,元富-林園,2023-03-24,5927
3058,立德,11,0,11,元富-林園,2023-03-24,5927
3617,碩天,11,0,11,元富-林園,2023-03-24,5927
1570,力肯,10,0,10,元富-林園,2023-03-24,5927
1718,中纖,10,0,10,元富-林園,2023-03-24,5927
2427,三商電,20,10,10,元富-林園,2023-03-24,5927
2915,潤泰全,10,0,10,元富-林園,2023-03-24,5927
3466,德晉,10,0,10,元富-林園,2023-03-24,5927
5299,杰力,10,0,10,元富-林園,2023-03-24,5927
6243,迅杰,11,1,10,元富-林園,2023-03-24,5927
2609,陽明,11,2,9,元富-林園,2023-03-24,5927
00712,復華富時不動產,8,0,8,元富-林園,2023-03-24,5927
1402,遠東新,8,0,8,元富-林園,2023-03-24,5927
1527,鑽全,8,0,8,元富-林園,2023-03-24,5927
1529,樂事綠能,8,0,8,元富-林園,2023-03-24,5927
1784,訊聯,8,0,8,元富-林園,2023-03-24,5927
2405,輔信,10,2,8,元富-林園,2023-03-24,5927
9919,康那香,8,0,8,元富-林園,2023-03-24,5927
6143,振曜,12,5,7,元富-林園,2023-03-24,5927
1723,中碳,7,0,7,元富-林園,2023-03-24,5927
3591,艾笛森,7,0,7,元富-林園,2023-03-24,5927
6443,元晶,7,0,7,元富-林園,2023-03-24,5927
6719,力智,10,3,7,元富-林園,2023-03-24,5927
00715L,期街口布蘭特正2,6,0,6,元富-林園,2023-03-24,5927
1736,喬山,10,4,6,元富-林園,2023-03-24,5927
2312,金寶,6,0,6,元富-林園,2023-03-24,5927
2489,瑞軒,12,6,6,元富-林園,2023-03-24,5927
3363,上詮,6,0,6,元富-林園,2023-03-24,5927
4702,中美實,6,0,6,元富-林園,2023-03-24,5927
5512,力麒,6,0,6,元富-林園,2023-03-24,5927
6840,東研信超,6,0,6,元富-林園,2023-03-24,5927
8049,晶采,6,0,6,元富-林園,2023-03-24,5927
5347,世界,8,3,5,元富-林園,2023-03-24,5927
3406,玉晶光,8,3,5,元富-林園,2023-03-24,5927
3050,鈺德,106,0,106,元富-林園,2023-03-27,5927
00637L,元大滬深300正2,76,3,73,元富-林園,2023-03-27,5927
4532,瑞智,74,5,69,元富-林園,2023-03-27,5927
2886,兆豐金,45,0,45,元富-林園,2023-03-27,5927
2352,佳世達,41,0,41,元富-林園,2023-03-27,5927
1447,力鵬,40,0,40,元富-林園,2023-03-27,5927
3028,增你強,40,0,40,元富-林園,2023-03-27,5927
1513,中興電,36,5,31,元富-林園,2023-03-27,5927
2105,正新,29,0,29,元富-林園,2023-03-27,5927
3264,欣銓,26,0,26,元富-林園,2023-03-27,5927
1605,華新,40,16,24,元富-林園,2023-03-27,5927
5258,虹堡,21,0,21,元富-林園,2023-03-27,5927
00712,復華富時不動產,20,0,20,元富-林園,2023-03-27,5927
1609,大亞,44,24,20,元富-林園,2023-03-27,5927
1810,和成,27,8,19,元富-林園,2023-03-27,5927
6161,捷波,20,1,19,元富-林園,2023-03-27,5927
2317,鴻海,24,7,17,元富-林園,2023-03-27,5927
2455,全新,18,2,16,元富-林園,2023-03-27,5927
3715,定穎投控,16,0,16,元富-林園,2023-03-27,5927
3481,群創,21,5,16,元富-林園,2023-03-27,5927
2371,大同,15,0,15,元富-林園,2023-03-27,5927
2406,國碩,34,19,15,元富-林園,2023-03-27,5927
6109,亞元,15,0,15,元富-林園,2023-03-27,5927
2302,麗正,14,0,14,元富-林園,2023-03-27,5927
2457,飛宏,40,28,12,元富-林園,2023-03-27,5927
1504,東元,61,50,11,元富-林園,2023-03-27,5927
3059,華晶科,11,0,11,元富-林園,2023-03-27,5927
5287,數字,11,0,11,元富-林園,2023-03-27,5927
2413,環科,10,0,10,元富-林園,2023-03-27,5927
3088,艾訊,10,0,10,元富-林園,2023-03-27,5927
6703,軒郁,10,0,10,元富-林園,2023-03-27,5927
1304,台聚,9,0,9,元富-林園,2023-03-27,5927
1708,東鹼,11,2,9,元富-林園,2023-03-27,5927
1907,永豐餘,9,0,9,元富-林園,2023-03-27,5927
1101,台泥,10,2,8,元富-林園,2023-03-27,5927
6477,安集,15,7,8,元富-林園,2023-03-27,5927
2038,海光,8,0,8,元富-林園,2023-03-27,5927
2476,鉅祥,11,3,8,元富-林園,2023-03-27,5927
3027,盛達,13,5,8,元富-林園,2023-03-27,5927
3035,智原,9,1,8,元富-林園,2023-03-27,5927
6142,友勁,8,0,8,元富-林園,2023-03-27,5927
6235,華孚,17,9,8,元富-林園,2023-03-27,5927
8105,凌巨,8,0,8,元富-林園,2023-03-27,5927
2354,鴻準,7,0,7,元富-林園,2023-03-27,5927
2436,偉詮電,7,0,7,元富-林園,2023-03-27,5927
1319,東陽,6,0,6,元富-林園,2023-03-27,5927
2881,富邦金,6,0,6,元富-林園,2023-03-27,5927
00632R,元大台灣50反1,6,0,6,元富-林園,2023-03-27,5927
2235,謚源,6,0,6,元富-林園,2023-03-27,5927
3011,今皓,6,0,6,元富-林園,2023-03-27,5927
00679B,元大美債20年,335,0,335,元富-林園,2023-03-28,5927
2498,宏達電,105,10,95,元富-林園,2023-03-28,5927
6248,沛波,65,0,65,元富-林園,2023-03-28,5927
3017,奇鋐,78,18,60,元富-林園,2023-03-28,5927
2371,大同,56,1,55,元富-林園,2023-03-28,5927
2867,三商壽,55,0,55,元富-林園,2023-03-28,5927
2337,旺宏,47,1,46,元富-林園,2023-03-28,5927
3037,欣興,48,6,42,元富-林園,2023-03-28,5927
1605,華新,86,45,41,元富-林園,2023-03-28,5927
3289,宜特,40,0,40,元富-林園,2023-03-28,5927
2634,漢翔,38,3,35,元富-林園,2023-03-28,5927
6160,欣技,33,0,33,元富-林園,2023-03-28,5927
00772B,中信高評級公司債,31,0,31,元富-林園,2023-03-28,5927
5225,東科-KY,30,0,30,元富-林園,2023-03-28,5927
2892,第一金,26,0,26,元富-林園,2023-03-28,5927
1313,聯成,25,0,25,元富-林園,2023-03-28,5927
2303,聯電,25,4,21,元富-林園,2023-03-28,5927
3264,欣銓,21,0,21,元富-林園,2023-03-28,5927
2406,國碩,20,0,20,元富-林園,2023-03-28,5927
2812,台中銀,20,0,20,元富-林園,2023-03-28,5927
1512,瑞利,19,0,19,元富-林園,2023-03-28,5927
4977,眾達-KY,25,7,18,元富-林園,2023-03-28,5927
3710,連展投控,50,34,16,元富-林園,2023-03-28,5927
5512,力麒,16,0,16,元富-林園,2023-03-28,5927
1101,台泥,15,1,14,元富-林園,2023-03-28,5927
00878,國泰永續高股息,15,1,14,元富-林園,2023-03-28,5927
6266,泰詠,13,0,13,元富-林園,2023-03-28,5927
3479,安勤,15,2,13,元富-林園,2023-03-28,5927
1504,東元,17,5,12,元富-林園,2023-03-28,5927
3499,環天科,22,10,12,元富-林園,2023-03-28,5927
6168,宏齊,13,1,12,元富-林園,2023-03-28,5927
2915,潤泰全,11,0,11,元富-林園,2023-03-28,5927
00922,國泰台灣領袖50,11,0,11,元富-林園,2023-03-28,5927
00882,中信中國高股息,10,0,10,元富-林園,2023-03-28,5927
1314,中石化,10,0,10,元富-林園,2023-03-28,5927
2428,興勤,10,0,10,元富-林園,2023-03-28,5927
3576,聯合再生,10,0,10,元富-林園,2023-03-28,5927
3607,谷崧,15,5,10,元富-林園,2023-03-28,5927
3706,神達,10,0,10,元富-林園,2023-03-28,5927
6148,驊宏資,10,0,10,元富-林園,2023-03-28,5927
2344,華邦電,9,0,9,元富-林園,2023-03-28,5927
4541,晟田,9,0,9,元富-林園,2023-03-28,5927
6274,台燿,13,4,9,元富-林園,2023-03-28,5927
2883,凱基金,15,7,8,元富-林園,2023-03-28,5927
2105,正新,11,3,8,元富-林園,2023-03-28,5927
4147,中裕,12,4,8,元富-林園,2023-03-28,5927
1524,耿鼎,17,10,7,元富-林園,2023-03-28,5927
2201,裕隆,7,0,7,元富-林園,2023-03-28,5927
3081,聯亞,9,2,7,元富-林園,2023-03-28,5927
4720,德淵,7,0,7,元富-林園,2023-03-28,5927
2332,友訊,60,1,59,元富-林園,2023-03-29,5927
2371,大同,51,0,51,元富-林園,2023-03-29,5927
2402,毅嘉,92,41,51,元富-林園,2023-03-29,5927
3289,宜特,50,0,50,元富-林園,2023-03-29,5927
9962,有益,50,0,50,元富-林園,2023-03-29,5927
2303,聯電,44,1,43,元富-林園,2023-03-29,5927
2449,京元電子,32,1,31,元富-林園,2023-03-29,5927
6116,彩晶,16,0,16,元富-林園,2023-03-29,5927
6244,茂迪,18,5,13,元富-林園,2023-03-29,5927
1605,華新,20,8,12,元富-林園,2023-03-29,5927
1570,力肯,12,0,12,元富-林園,2023-03-29,5927
4919,新唐,21,9,12,元富-林園,2023-03-29,5927
1538,正峰,11,0,11,元富-林園,2023-03-29,5927
2886,兆豐金,12,1,11,元富-林園,2023-03-29,5927
6226,光鼎,12,1,11,元富-林園,2023-03-29,5927
1314,中石化,11,0,11,元富-林園,2023-03-29,5927
1444,力麗,10,0,10,元富-林園,2023-03-29,5927
3013,晟銘電,10,0,10,元富-林園,2023-03-29,5927
5258,虹堡,11,1,10,元富-林園,2023-03-29,5927
8936,國統,10,0,10,元富-林園,2023-03-29,5927
6204,艾華,9,0,9,元富-林園,2023-03-29,5927
2330,台積電,11,2,9,元富-林園,2023-03-29,5927
3035,智原,9,1,8,元富-林園,2023-03-29,5927
2482,連宇,8,0,8,元富-林園,2023-03-29,5927
2880,華南金,8,0,8,元富-林園,2023-03-29,5927
3019,亞光,8,0,8,元富-林園,2023-03-29,5927
6770,力積電,10,2,8,元富-林園,2023-03-29,5927
00673R,期元大S＆P原油反1,7,0,7,元富-林園,2023-03-29,5927
6220,岳豐,7,0,7,元富-林園,2023-03-29,5927
6719,力智,8,1,7,元富-林園,2023-03-29,5927
2030,彰源,6,0,6,元富-林園,2023-03-29,5927
2302,麗正,13,7,6,元富-林園,2023-03-29,5927
2637,慧洋-KY,6,0,6,元富-林園,2023-03-29,5927
3707,漢磊,11,5,6,元富-林園,2023-03-29,5927
4532,瑞智,6,0,6,元富-林園,2023-03-29,5927
4536,拓凱,6,0,6,元富-林園,2023-03-29,5927
6109,亞元,6,0,6,元富-林園,2023-03-29,5927
6282,康舒,6,0,6,元富-林園,2023-03-29,5927
2485,兆赫,5,0,5,元富-林園,2023-03-29,5927
2488,漢平,5,0,5,元富-林園,2023-03-29,5927
00720B,元大投資級公司債,5,0,5,元富-林園,2023-03-29,5927
00830,國泰費城半導體,5,0,5,元富-林園,2023-03-29,5927
00680L,元大美債20正2,5,0,5,元富-林園,2023-03-29,5927
2885,元大金,5,0,5,元富-林園,2023-03-29,5927
8088,品安,5,0,5,元富-林園,2023-03-29,5927
2408,南亞科,5,1,4,元富-林園,2023-03-29,5927
1504,東元,34,30,4,元富-林園,2023-03-29,5927
1708,東鹼,4,0,4,元富-林園,2023-03-29,5927
2312,金寶,4,0,4,元富-林園,2023-03-29,5927
2105,正新,5,1,4,元富-林園,2023-03-29,5927
00712,復華富時不動產,100,0,100,元富-林園,2023-03-30,5927
1609,大亞,42,4,38,元富-林園,2023-03-30,5927
3715,定穎投控,34,0,34,元富-林園,2023-03-30,5927
00882,中信中國高股息,32,0,32,元富-林園,2023-03-30,5927
3312,弘憶股,32,1,31,元富-林園,2023-03-30,5927
5512,力麒,27,3,24,元富-林園,2023-03-30,5927
3230,錦明,20,0,20,元富-林園,2023-03-30,5927
8150,南茂,20,0,20,元富-林園,2023-03-30,5927
2344,華邦電,46,27,19,元富-林園,2023-03-30,5927
6770,力積電,19,0,19,元富-林園,2023-03-30,5927
2409,友達,26,8,18,元富-林園,2023-03-30,5927
2610,華航,38,21,17,元富-林園,2023-03-30,5927
1314,中石化,16,0,16,元富-林園,2023-03-30,5927
00679B,元大美債20年,14,0,14,元富-林園,2023-03-30,5927
1584,精剛,16,2,14,元富-林園,2023-03-30,5927
6443,元晶,26,12,14,元富-林園,2023-03-30,5927
2889,國票金,12,0,12,元富-林園,2023-03-30,5927
3264,欣銓,22,10,12,元富-林園,2023-03-30,5927
1605,華新,15,4,11,元富-林園,2023-03-30,5927
2883,凱基金,11,0,11,元富-林園,2023-03-30,5927
4164,承業醫,12,1,11,元富-林園,2023-03-30,5927
9945,潤泰新,11,0,11,元富-林園,2023-03-30,5927
1608,華榮,10,0,10,元富-林園,2023-03-30,5927
00715L,期街口布蘭特正2,10,0,10,元富-林園,2023-03-30,5927
00673R,期元大S＆P原油反1,10,0,10,元富-林園,2023-03-30,5927
2915,潤泰全,10,0,10,元富-林園,2023-03-30,5927
3339,泰谷,10,0,10,元富-林園,2023-03-30,5927
3617,碩天,10,0,10,元富-林園,2023-03-30,5927
3701,大眾控,10,0,10,元富-林園,2023-03-30,5927
5388,中磊,11,1,10,元富-林園,2023-03-30,5927
6133,金橋,22,12,10,元富-林園,2023-03-30,5927
6708,天擎,10,0,10,元富-林園,2023-03-30,5927
8222,寶一,11,1,10,元富-林園,2023-03-30,5927
8088,品安,16,6,10,元富-林園,2023-03-30,5927
00637L,元大滬深300正2,11,2,9,元富-林園,2023-03-30,5927
2426,鼎元,8,0,8,元富-林園,2023-03-30,5927
2481,強茂,13,5,8,元富-林園,2023-03-30,5927
6859,伯特光,8,0,8,元富-林園,2023-03-30,5927
8110,華東,23,15,8,元富-林園,2023-03-30,5927
2406,國碩,14,7,7,元富-林園,2023-03-30,5927
2618,長榮航,8,1,7,元富-林園,2023-03-30,5927
3265,台星科,7,1,6,元富-林園,2023-03-30,5927
6282,康舒,6,0,6,元富-林園,2023-03-30,5927
8103,瀚荃,6,0,6,元富-林園,2023-03-30,5927
00680L,元大美債20正2,5,0,5,元富-林園,2023-03-30,5927
2104,國際中橡,5,0,5,元富-林園,2023-03-30,5927
2609,陽明,11,6,5,元富-林園,2023-03-30,5927
2641,正德,5,0,5,元富-林園,2023-03-30,5927
2734,易飛網,5,0,5,元富-林園,2023-03-30,5927
4938,和碩,5,0,5,元富-林園,2023-03-30,5927
2892,第一金,200,1,199,元富-林園,2023-03-31,5927
2845,遠東銀,100,0,100,元富-林園,2023-03-31,5927
5608,四維航,50,0,50,元富-林園,2023-03-31,5927
00632R,元大台灣50反1,48,0,48,元富-林園,2023-03-31,5927
2834,臺企銀,28,1,27,元富-林園,2023-03-31,5927
1513,中興電,26,1,25,元富-林園,2023-03-31,5927
6194,育富,25,0,25,元富-林園,2023-03-31,5927
3056,富華新,24,2,22,元富-林園,2023-03-31,5927
2482,連宇,25,4,21,元富-林園,2023-03-31,5927
5880,合庫金,31,11,20,元富-林園,2023-03-31,5927
1605,華新,49,31,18,元富-林園,2023-03-31,5927
2812,台中銀,17,0,17,元富-林園,2023-03-31,5927
3037,欣興,29,12,17,元富-林園,2023-03-31,5927
8926,台汽電,15,0,15,元富-林園,2023-03-31,5927
6133,金橋,30,17,13,元富-林園,2023-03-31,5927
8112,至上,14,2,12,元富-林園,2023-03-31,5927
2302,麗正,14,3,11,元富-林園,2023-03-31,5927
5258,虹堡,16,5,11,元富-林園,2023-03-31,5927
6120,達運,10,0,10,元富-林園,2023-03-31,5927
9945,潤泰新,10,0,10,元富-林園,2023-03-31,5927
2002,中鋼,9,0,9,元富-林園,2023-03-31,5927
2337,旺宏,12,4,8,元富-林園,2023-03-31,5927
2453,凌群,49,41,8,元富-林園,2023-03-31,5927
2610,華航,13,5,8,元富-林園,2023-03-31,5927
2615,萬海,11,3,8,元富-林園,2023-03-31,5927
2645,長榮航太,8,1,7,元富-林園,2023-03-31,5927
4162,智擎,10,3,7,元富-林園,2023-03-31,5927
4934,太極,7,0,7,元富-林園,2023-03-31,5927
8105,凌巨,7,0,7,元富-林園,2023-03-31,5927
2884,玉山金,11,4,7,元富-林園,2023-03-31,5927
2380,虹光,6,0,6,元富-林園,2023-03-31,5927
1210,大成,5,0,5,元富-林園,2023-03-31,5927
1524,耿鼎,8,3,5,元富-林園,2023-03-31,5927
00653L,富邦印度正2,5,0,5,元富-林園,2023-03-31,5927
1101,台泥,5,0,5,元富-林園,2023-03-31,5927
2406,國碩,5,0,5,元富-林園,2023-03-31,5927
2542,興富發,5,0,5,元富-林園,2023-03-31,5927
3189,景碩,5,0,5,元富-林園,2023-03-31,5927
3362,先進光,7,2,5,元富-林園,2023-03-31,5927
3607,谷崧,5,0,5,元富-林園,2023-03-31,5927
3711,日月光投控,7,2,5,元富-林園,2023-03-31,5927
5425,台半,6,1,5,元富-林園,2023-03-31,5927
6533,晶心科,11,6,5,元富-林園,2023-03-31,5927
1304,台聚,4,0,4,元富-林園,2023-03-31,5927
1810,和成,4,0,4,元富-林園,2023-03-31,5927
2015,豐興,4,0,4,元富-林園,2023-03-31,5927
2031,新光鋼,4,0,4,元富-林園,2023-03-31,5927
2313,華通,5,1,4,元富-林園,2023-03-31,5927
2324,仁寶,5,1,4,元富-林園,2023-03-31,5927
2329,華泰,4,0,4,元富-林園,2023-03-31,5927
00669R,國泰美國道瓊反1,120,0,120,元富-林園,2023-04-06,5927
1304,台聚,55,0,55,元富-林園,2023-04-06,5927
3312,弘憶股,55,2,53,元富-林園,2023-04-06,5927
00893,國泰智能電動車,52,0,52,元富-林園,2023-04-06,5927
1802,台玻,45,1,44,元富-林園,2023-04-06,5927
2409,友達,94,56,38,元富-林園,2023-04-06,5927
2897,王道銀行,34,0,34,元富-林園,2023-04-06,5927
00673R,期元大S＆P原油反1,32,0,32,元富-林園,2023-04-06,5927
00637L,元大滬深300正2,48,20,28,元富-林園,2023-04-06,5927
2344,華邦電,40,13,27,元富-林園,2023-04-06,5927
5512,力麒,27,1,26,元富-林園,2023-04-06,5927
00679B,元大美債20年,25,0,25,元富-林園,2023-04-06,5927
2618,長榮航,21,0,21,元富-林園,2023-04-06,5927
00888,永豐台灣ESG,20,0,20,元富-林園,2023-04-06,5927
3207,耀勝,20,0,20,元富-林園,2023-04-06,5927
3675,德微,24,4,20,元富-林園,2023-04-06,5927
2337,旺宏,17,0,17,元富-林園,2023-04-06,5927
2382,廣達,17,0,17,元富-林園,2023-04-06,5927
2352,佳世達,15,0,15,元富-林園,2023-04-06,5927
00830,國泰費城半導體,14,0,14,元富-林園,2023-04-06,5927
2302,麗正,15,1,14,元富-林園,2023-04-06,5927
6282,康舒,15,1,14,元富-林園,2023-04-06,5927
6770,力積電,18,5,13,元富-林園,2023-04-06,5927
2883,凱基金,15,2,13,元富-林園,2023-04-06,5927
2457,飛宏,26,14,12,元富-林園,2023-04-06,5927
4147,中裕,16,4,12,元富-林園,2023-04-06,5927
6223,旺矽,11,0,11,元富-林園,2023-04-06,5927
2884,玉山金,13,2,11,元富-林園,2023-04-06,5927
1314,中石化,11,0,11,元富-林園,2023-04-06,5927
1301,台塑,10,0,10,元富-林園,2023-04-06,5927
3430,奇鈦科,10,0,10,元富-林園,2023-04-06,5927
2601,益航,10,0,10,元富-林園,2023-04-06,5927
2634,漢翔,11,1,10,元富-林園,2023-04-06,5927
3006,晶豪科,9,0,9,元富-林園,2023-04-06,5927
00878,國泰永續高股息,19,10,9,元富-林園,2023-04-06,5927
2609,陽明,14,6,8,元富-林園,2023-04-06,5927
2867,三商壽,8,0,8,元富-林園,2023-04-06,5927
8103,瀚荃,8,0,8,元富-林園,2023-04-06,5927
00720B,元大投資級公司債,10,2,8,元富-林園,2023-04-06,5927
1524,耿鼎,10,2,8,元富-林園,2023-04-06,5927
1795,美時,14,6,8,元富-林園,2023-04-06,5927
2454,聯發科,7,0,7,元富-林園,2023-04-06,5927
8046,南電,7,0,7,元富-林園,2023-04-06,5927
6163,華電網,7,0,7,元富-林園,2023-04-06,5927
2331,精英,7,0,7,元富-林園,2023-04-06,5927
2347,聯強,7,0,7,元富-林園,2023-04-06,5927
2890,永豐金,7,0,7,元富-林園,2023-04-06,5927
1453,大將,6,0,6,元富-林園,2023-04-06,5927
3306,鼎天,6,0,6,元富-林園,2023-04-06,5927
5347,世界,6,0,6,元富-林園,2023-04-06,5927
2867,三商壽,185,50,135,元富-林園,2023-04-07,5927
3703,欣陸,52,0,52,元富-林園,2023-04-07,5927
1218,泰山,50,0,50,元富-林園,2023-04-07,5927
00888,永豐台灣ESG,48,0,48,元富-林園,2023-04-07,5927
2208,台船,36,3,33,元富-林園,2023-04-07,5927
3202,樺晟,29,0,29,元富-林園,2023-04-07,5927
2886,兆豐金,26,0,26,元富-林園,2023-04-07,5927
00712,復華富時不動產,25,0,25,元富-林園,2023-04-07,5927
4147,中裕,30,5,25,元富-林園,2023-04-07,5927
2317,鴻海,21,0,21,元富-林園,2023-04-07,5927
3714,富采,20,0,20,元富-林園,2023-04-07,5927
6205,詮欣,20,0,20,元富-林園,2023-04-07,5927
6578,達邦蛋白,20,0,20,元富-林園,2023-04-07,5927
8069,元太,20,4,16,元富-林園,2023-04-07,5927
2609,陽明,30,14,16,元富-林園,2023-04-07,5927
00651R,復華香港反1,15,0,15,元富-林園,2023-04-07,5927
6244,茂迪,42,27,15,元富-林園,2023-04-07,5927
6185,幃翔,14,0,14,元富-林園,2023-04-07,5927
0056,元大高股息,13,1,12,元富-林園,2023-04-07,5927
2303,聯電,13,1,12,元富-林園,2023-04-07,5927
2356,英業達,14,2,12,元富-林園,2023-04-07,5927
2731,雄獅,13,1,12,元富-林園,2023-04-07,5927
3078,僑威,12,0,12,元富-林園,2023-04-07,5927
4916,事欣科,12,0,12,元富-林園,2023-04-07,5927
5608,四維航,12,0,12,元富-林園,2023-04-07,5927
3056,富華新,13,2,11,元富-林園,2023-04-07,5927
2880,華南金,11,0,11,元富-林園,2023-04-07,5927
6133,金橋,11,0,11,元富-林園,2023-04-07,5927
6770,力積電,11,0,11,元富-林園,2023-04-07,5927
2610,華航,11,0,11,元富-林園,2023-04-07,5927
00632R,元大台灣50反1,10,0,10,元富-林園,2023-04-07,5927
2359,所羅門,10,0,10,元富-林園,2023-04-07,5927
3019,亞光,10,0,10,元富-林園,2023-04-07,5927
6177,達麗,10,0,10,元富-林園,2023-04-07,5927
3481,群創,16,6,10,元富-林園,2023-04-07,5927
9945,潤泰新,10,0,10,元富-林園,2023-04-07,5927
1513,中興電,20,11,9,元富-林園,2023-04-07,5927
6235,華孚,19,10,9,元富-林園,2023-04-07,5927
2332,友訊,10,2,8,元富-林園,2023-04-07,5927
4532,瑞智,8,0,8,元富-林園,2023-04-07,5927
3231,緯創,8,1,7,元富-林園,2023-04-07,5927
3711,日月光投控,8,1,7,元富-林園,2023-04-07,5927
2201,裕隆,7,0,7,元富-林園,2023-04-07,5927
2612,中航,7,0,7,元富-林園,2023-04-07,5927
1504,東元,18,12,6,元富-林園,2023-04-07,5927
2748,雲品,6,0,6,元富-林園,2023-04-07,5927
3027,盛達,11,5,6,元富-林園,2023-04-07,5927
6129,普誠,5,0,5,元富-林園,2023-04-07,5927
1301,台塑,5,0,5,元富-林園,2023-04-07,5927
2457,飛宏,15,10,5,元富-林園,2023-04-07,5927
5701,劍湖山,66,0,66,元富-林園,2023-04-10,5927
3703,欣陸,50,0,50,元富-林園,2023-04-10,5927
00712,復華富時不動產,36,0,36,元富-林園,2023-04-10,5927
00673R,期元大S＆P原油反1,34,0,34,元富-林園,2023-04-10,5927
6244,茂迪,30,1,29,元富-林園,2023-04-10,5927
2344,華邦電,33,6,27,元富-林園,2023-04-10,5927
3027,盛達,30,5,25,元富-林園,2023-04-10,5927
6194,育富,25,0,25,元富-林園,2023-04-10,5927
3188,鑫龍騰,22,0,22,元富-林園,2023-04-10,5927
1434,福懋,20,0,20,元富-林園,2023-04-10,5927
1524,耿鼎,20,0,20,元富-林園,2023-04-10,5927
1808,潤隆,20,0,20,元富-林園,2023-04-10,5927
2375,凱美,20,0,20,元富-林園,2023-04-10,5927
8070,長華*,20,0,20,元富-林園,2023-04-10,5927
6174,安��,17,0,17,元富-林園,2023-04-10,5927
8926,台汽電,21,5,16,元富-林園,2023-04-10,5927
2408,南亞科,15,0,15,元富-林園,2023-04-10,5927
2402,毅嘉,46,31,15,元富-林園,2023-04-10,5927
00632R,元大台灣50反1,14,0,14,元富-林園,2023-04-10,5927
1605,華新,20,7,13,元富-林園,2023-04-10,5927
3479,安勤,13,0,13,元富-林園,2023-04-10,5927
2108,南帝,13,1,12,元富-林園,2023-04-10,5927
2889,國票金,12,0,12,元富-林園,2023-04-10,5927
6806,森崴能源,11,0,11,元富-林園,2023-04-10,5927
3056,富華新,11,0,11,元富-林園,2023-04-10,5927
2023,燁輝,10,0,10,元富-林園,2023-04-10,5927
3264,欣銓,10,0,10,元富-林園,2023-04-10,5927
00720B,元大投資級公司債,10,0,10,元富-林園,2023-04-10,5927
1519,華城,14,5,9,元富-林園,2023-04-10,5927
2888,新光金,10,1,9,元富-林園,2023-04-10,5927
2485,兆赫,8,0,8,元富-林園,2023-04-10,5927
2641,正德,11,3,8,元富-林園,2023-04-10,5927
3163,波若威,8,0,8,元富-林園,2023-04-10,5927
3711,日月光投控,7,0,7,元富-林園,2023-04-10,5927
00637L,元大滬深300正2,90,83,7,元富-林園,2023-04-10,5927
4763,材料-KY,7,0,7,元富-林園,2023-04-10,5927
2104,國際中橡,7,1,6,元富-林園,2023-04-10,5927
2436,偉詮電,6,0,6,元富-林園,2023-04-10,5927
3224,三顧,8,2,6,元富-林園,2023-04-10,5927
4147,中裕,6,0,6,元富-林園,2023-04-10,5927
6127,九豪,6,0,6,元富-林園,2023-04-10,5927
6163,華電網,19,13,6,元富-林園,2023-04-10,5927
6418,詠昇,6,0,6,元富-林園,2023-04-10,5927
8183,精星,6,0,6,元富-林園,2023-04-10,5927
00669R,國泰美國道瓊反1,5,0,5,元富-林園,2023-04-10,5927
00680L,元大美債20正2,5,0,5,元富-林園,2023-04-10,5927
1533,車王電,5,0,5,元富-林園,2023-04-10,5927
3682,亞太電,5,0,5,元富-林園,2023-04-10,5927
4157,太景*-KY,5,0,5,元富-林園,2023-04-10,5927
4402,郡都開發,5,0,5,元富-林園,2023-04-10,5927
1504,東元,91,27,64,元富-林園,2023-04-11,5927
1609,大亞,66,23,43,元富-林園,2023-04-11,5927
3056,富華新,45,3,42,元富-林園,2023-04-11,5927
2317,鴻海,41,2,39,元富-林園,2023-04-11,5927
00632R,元大台灣50反1,38,0,38,元富-林園,2023-04-11,5927
1308,亞聚,32,0,32,元富-林園,2023-04-11,5927
2891,中信金,30,0,30,元富-林園,2023-04-11,5927
3710,連展投控,30,3,27,元富-林園,2023-04-11,5927
00669R,國泰美國道瓊反1,20,0,20,元富-林園,2023-04-11,5927
3049,精金,20,0,20,元富-林園,2023-04-11,5927
8271,宇瞻,20,0,20,元富-林園,2023-04-11,5927
6244,茂迪,19,1,18,元富-林園,2023-04-11,5927
2303,聯電,20,3,17,元富-林園,2023-04-11,5927
2547,日勝生,16,0,16,元富-林園,2023-04-11,5927
6116,彩晶,15,0,15,元富-林園,2023-04-11,5927
3312,弘憶股,15,1,14,元富-林園,2023-04-11,5927
2610,華航,12,0,12,元富-林園,2023-04-11,5927
3046,建��,13,1,12,元富-林園,2023-04-11,5927
8261,富鼎,17,5,12,元富-林園,2023-04-11,5927
3481,群創,36,25,11,元富-林園,2023-04-11,5927
2323,中環,12,1,11,元富-林園,2023-04-11,5927
2388,威盛,14,3,11,元富-林園,2023-04-11,5927
2030,彰源,10,0,10,元富-林園,2023-04-11,5927
2337,旺宏,10,0,10,元富-林園,2023-04-11,5927
2344,華邦電,33,23,10,元富-林園,2023-04-11,5927
2443,昶虹,10,0,10,元富-林園,2023-04-11,5927
2616,山隆,10,0,10,元富-林園,2023-04-11,5927
2883B,凱基金乙特,10,0,10,元富-林園,2023-04-11,5927
5701,劍湖山,10,0,10,元富-林園,2023-04-11,5927
8411,福貞-KY,10,0,10,元富-林園,2023-04-11,5927
1310,台苯,10,1,9,元富-林園,2023-04-11,5927
2634,漢翔,13,4,9,元富-林園,2023-04-11,5927
00664R,國泰臺灣加權反1,8,0,8,元富-林園,2023-04-11,5927
2235,謚源,8,0,8,元富-林園,2023-04-11,5927
6443,元晶,10,2,8,元富-林園,2023-04-11,5927
00679B,元大美債20年,7,0,7,元富-林園,2023-04-11,5927
1605,華新,7,0,7,元富-林園,2023-04-11,5927
2367,燿華,7,0,7,元富-林園,2023-04-11,5927
2457,飛宏,30,23,7,元富-林園,2023-04-11,5927
2618,長榮航,7,0,7,元富-林園,2023-04-11,5927
4961,天鈺,10,3,7,元富-林園,2023-04-11,5927
00637L,元大滬深300正2,57,51,6,元富-林園,2023-04-11,5927
3680,家登,6,0,6,元富-林園,2023-04-11,5927
3691,碩禾,6,0,6,元富-林園,2023-04-11,5927
3715,定穎投控,7,1,6,元富-林園,2023-04-11,5927
9962,有益,6,0,6,元富-林園,2023-04-11,5927
2603,長榮,6,0,6,元富-林園,2023-04-11,5927
00642U,期元大S＆P石油,5,0,5,元富-林園,2023-04-11,5927
00715L,期街口布蘭特正2,5,0,5,元富-林園,2023-04-11,5927
1319,東陽,10,5,5,元富-林園,2023-04-11,5927
2891,中信金,402,4,398,元富-林園,2023-04-12,5927
00676R,富邦臺灣加權反1,265,0,265,元富-林園,2023-04-12,5927
00637L,元大滬深300正2,134,2,132,元富-林園,2023-04-12,5927
2614,東森,113,0,113,元富-林園,2023-04-12,5927
00712,復華富時不動產,51,0,51,元富-林園,2023-04-12,5927
2867,三商壽,50,0,50,元富-林園,2023-04-12,5927
5701,劍湖山,43,0,43,元富-林園,2023-04-12,5927
6205,詮欣,38,0,38,元富-林園,2023-04-12,5927
00673R,期元大S＆P原油反1,36,0,36,元富-林園,2023-04-12,5927
4934,太極,36,1,35,元富-林園,2023-04-12,5927
1304,台聚,32,0,32,元富-林園,2023-04-12,5927
2344,華邦電,55,23,32,元富-林園,2023-04-12,5927
3673,TPK-KY,30,1,29,元富-林園,2023-04-12,5927
00878,國泰永續高股息,34,11,23,元富-林園,2023-04-12,5927
2634,漢翔,54,31,23,元富-林園,2023-04-12,5927
6829,千附精密,21,0,21,元富-林園,2023-04-12,5927
00713,元大台灣高息低波,17,0,17,元富-林園,2023-04-12,5927
6462,神盾,17,0,17,元富-林園,2023-04-12,5927
1611,中電,42,26,16,元富-林園,2023-04-12,5927
3312,弘憶股,16,1,15,元富-林園,2023-04-12,5927
1101,台泥,15,2,13,元富-林園,2023-04-12,5927
2402,毅嘉,30,18,12,元富-林園,2023-04-12,5927
6116,彩晶,12,0,12,元富-林園,2023-04-12,5927
2105,正新,12,1,11,元富-林園,2023-04-12,5927
2457,飛宏,11,0,11,元富-林園,2023-04-12,5927
0056,元大高股息,10,0,10,元富-林園,2023-04-12,5927
2302,麗正,10,0,10,元富-林園,2023-04-12,5927
3710,連展投控,10,0,10,元富-林園,2023-04-12,5927
5009,榮剛,24,15,9,元富-林園,2023-04-12,5927
1217,愛之味,10,1,9,元富-林園,2023-04-12,5927
3362,先進光,9,0,9,元富-林園,2023-04-12,5927
6235,華孚,15,6,9,元富-林園,2023-04-12,5927
2884,玉山金,10,2,8,元富-林園,2023-04-12,5927
2497,怡利電,8,0,8,元富-林園,2023-04-12,5927
6217,中探針,56,48,8,元富-林園,2023-04-12,5927
2330,台積電,7,0,7,元富-林園,2023-04-12,5927
1584,精剛,19,12,7,元富-林園,2023-04-12,5927
2027,大成鋼,12,5,7,元富-林園,2023-04-12,5927
3006,晶豪科,24,17,7,元富-林園,2023-04-12,5927
8050,廣積,7,0,7,元富-林園,2023-04-12,5927
9945,潤泰新,10,3,7,元富-林園,2023-04-12,5927
2317,鴻海,7,1,6,元富-林園,2023-04-12,5927
00632R,元大台灣50反1,6,0,6,元富-林園,2023-04-12,5927
2380,虹光,6,0,6,元富-林園,2023-04-12,5927
2476,鉅祥,6,0,6,元富-林園,2023-04-12,5927
8936,國統,6,0,6,元富-林園,2023-04-12,5927
1313,聯成,6,1,5,元富-林園,2023-04-12,5927
3037,欣興,5,0,5,元富-林園,2023-04-12,5927
00680L,元大美債20正2,5,0,5,元富-林園,2023-04-12,5927
00830,國泰費城半導體,5,0,5,元富-林園,2023-04-12,5927
00679B,元大美債20年,349,0,349,元富-林園,2023-04-13,5927
2888,新光金,260,0,260,元富-林園,2023-04-13,5927
2002,中鋼,62,2,60,元富-林園,2023-04-13,5927
1611,中電,62,12,50,元富-林園,2023-04-13,5927
6244,茂迪,60,11,49,元富-林園,2023-04-13,5927
1217,愛之味,45,0,45,元富-林園,2023-04-13,5927
00673R,期元大S＆P原油反1,42,0,42,元富-林園,2023-04-13,5927
6163,華電網,44,2,42,元富-林園,2023-04-13,5927
2867,三商壽,50,11,39,元富-林園,2023-04-13,5927
2402,毅嘉,88,50,38,元富-林園,2023-04-13,5927
1310,台苯,41,5,36,元富-林園,2023-04-13,5927
00712,復華富時不動產,32,0,32,元富-林園,2023-04-13,5927
2027,大成鋼,26,1,25,元富-林園,2023-04-13,5927
1304,台聚,27,3,24,元富-林園,2023-04-13,5927
1605,華新,26,2,24,元富-林園,2023-04-13,5927
5222,全訊,23,2,21,元富-林園,2023-04-13,5927
1504,東元,26,6,20,元富-林園,2023-04-13,5927
00878,國泰永續高股息,22,2,20,元富-林園,2023-04-13,5927
3231,緯創,18,0,18,元富-林園,2023-04-13,5927
3006,晶豪科,20,2,18,元富-林園,2023-04-13,5927
0056,元大高股息,17,0,17,元富-林園,2023-04-13,5927
6285,啟��,39,22,17,元富-林園,2023-04-13,5927
2344,華邦電,29,12,17,元富-林園,2023-04-13,5927
2324,仁寶,51,34,17,元富-林園,2023-04-13,5927
2618,長榮航,48,31,17,元富-林園,2023-04-13,5927
6140,訊達,17,0,17,元富-林園,2023-04-13,5927
3711,日月光投控,16,0,16,元富-林園,2023-04-13,5927
6104,創惟,17,2,15,元富-林園,2023-04-13,5927
5351,鈺創,24,11,13,元富-林園,2023-04-13,5927
2330,台積電,13,0,13,元富-林園,2023-04-13,5927
1314,中石化,19,7,12,元富-林園,2023-04-13,5927
3162,精確,11,0,11,元富-林園,2023-04-13,5927
5388,中磊,11,0,11,元富-林園,2023-04-13,5927
6788,華景電,11,0,11,元富-林園,2023-04-13,5927
1609,大亞,32,22,10,元富-林園,2023-04-13,5927
2453,凌群,10,0,10,元富-林園,2023-04-13,5927
3037,欣興,11,1,10,元富-林園,2023-04-13,5927
3059,華晶科,10,0,10,元富-林園,2023-04-13,5927
5381,合正,10,0,10,元富-林園,2023-04-13,5927
6435,大中,10,0,10,元富-林園,2023-04-13,5927
6122,擎邦,14,5,9,元富-林園,2023-04-13,5927
6282,康舒,10,1,9,元富-林園,2023-04-13,5927
00915,凱基優選高股息30,8,0,8,元富-林園,2023-04-13,5927
2206,三陽工業,11,3,8,元富-林園,2023-04-13,5927
2601,益航,8,0,8,元富-林園,2023-04-13,5927
5465,富驊,8,0,8,元富-林園,2023-04-13,5927
6859,伯特光,8,0,8,元富-林園,2023-04-13,5927
2883,凱基金,11,3,8,元富-林園,2023-04-13,5927
8033,雷虎,9,2,7,元富-林園,2023-04-13,5927
4919,新唐,10,3,7,元富-林園,2023-04-13,5927
2402,毅嘉,93,20,73,元富-林園,2023-04-14,5927
00712,復華富時不動產,60,0,60,元富-林園,2023-04-14,5927
2208,台船,71,25,46,元富-林園,2023-04-14,5927
2891,中信金,55,14,41,元富-林園,2023-04-14,5927
2609,陽明,48,12,36,元富-林園,2023-04-14,5927
2614,東森,35,1,34,元富-林園,2023-04-14,5927
00720B,元大投資級公司債,34,0,34,元富-林園,2023-04-14,5927
2331,精英,36,7,29,元富-林園,2023-04-14,5927
2344,華邦電,32,5,27,元富-林園,2023-04-14,5927
1471,首利,30,3,27,元富-林園,2023-04-14,5927
2515,中工,32,5,27,元富-林園,2023-04-14,5927
5701,劍湖山,26,0,26,元富-林園,2023-04-14,5927
6284,佳邦,27,2,25,元富-林園,2023-04-14,5927
2867,三商壽,30,8,22,元富-林園,2023-04-14,5927
6234,高僑,24,2,22,元富-林園,2023-04-14,5927
2337,旺宏,20,0,20,元富-林園,2023-04-14,5927
00679B,元大美債20年,19,0,19,元富-林園,2023-04-14,5927
1504,東元,28,10,18,元富-林園,2023-04-14,5927
4968,立積,19,2,17,元富-林園,2023-04-14,5927
00715L,期街口布蘭特正2,13,0,13,元富-林園,2023-04-14,5927
3162,精確,13,0,13,元富-林園,2023-04-14,5927
3479,安勤,12,0,12,元富-林園,2023-04-14,5927
8936,國統,15,3,12,元富-林園,2023-04-14,5927
3552,同致,11,0,11,元富-林園,2023-04-14,5927
8222,寶一,28,17,11,元富-林園,2023-04-14,5927
00882,中信中國高股息,10,0,10,元富-林園,2023-04-14,5927
00632R,元大台灣50反1,10,0,10,元富-林園,2023-04-14,5927
00669R,國泰美國道瓊反1,10,0,10,元富-林園,2023-04-14,5927
00664R,國泰臺灣加權反1,10,0,10,元富-林園,2023-04-14,5927
1538,正峰,10,0,10,元富-林園,2023-04-14,5927
2032,新鋼,10,0,10,元富-林園,2023-04-14,5927
2332,友訊,10,0,10,元富-林園,2023-04-14,5927
2392,正崴,10,0,10,元富-林園,2023-04-14,5927
3499,環天科,10,0,10,元富-林園,2023-04-14,5927
3663,鑫科,10,0,10,元富-林園,2023-04-14,5927
6167,久正,10,0,10,元富-林園,2023-04-14,5927
6411,晶焱,9,0,9,元富-林園,2023-04-14,5927
6643,M31,11,2,9,元富-林園,2023-04-14,5927
1568,倉佑,8,0,8,元富-林園,2023-04-14,5927
00830,國泰費城半導體,7,0,7,元富-林園,2023-04-14,5927
2313,華通,8,1,7,元富-林園,2023-04-14,5927
2359,所羅門,16,9,7,元富-林園,2023-04-14,5927
2481,強茂,7,0,7,元富-林園,2023-04-14,5927
5351,鈺創,14,8,6,元富-林園,2023-04-14,5927
3231,緯創,39,33,6,元富-林園,2023-04-14,5927
2460,建通,6,0,6,元富-林園,2023-04-14,5927
3013,晟銘電,7,1,6,元富-林園,2023-04-14,5927
3058,立德,6,0,6,元富-林園,2023-04-14,5927
3224,三顧,6,0,6,元富-林園,2023-04-14,5927
3236,千如,10,4,6,元富-林園,2023-04-14,5927
00878,國泰永續高股息,105,35,70,元富-林園,2023-04-17,5927
1717,長興,74,5,69,元富-林園,2023-04-17,5927
3481,群創,48,1,47,元富-林園,2023-04-17,5927
5701,劍湖山,35,0,35,元富-林園,2023-04-17,5927
2449,京元電子,27,0,27,元富-林園,2023-04-17,5927
6125,廣運,25,0,25,元富-林園,2023-04-17,5927
1229,聯華,23,0,23,元富-林園,2023-04-17,5927
2332,友訊,21,1,20,元富-林園,2023-04-17,5927
00772B,中信高評級公司債,20,0,20,元富-林園,2023-04-17,5927
2313,華通,22,2,20,元富-林園,2023-04-17,5927
2317,鴻海,20,1,19,元富-林園,2023-04-17,5927
2634,漢翔,51,32,19,元富-林園,2023-04-17,5927
6811,宏�硌穈T,24,5,19,元富-林園,2023-04-17,5927
1513,中興電,27,9,18,元富-林園,2023-04-17,5927
00712,復華富時不動產,17,0,17,元富-林園,2023-04-17,5927
4968,立積,24,9,15,元富-林園,2023-04-17,5927
00679B,元大美債20年,14,0,14,元富-林園,2023-04-17,5927
3479,安勤,16,2,14,元富-林園,2023-04-17,5927
6180,橘子,16,2,14,元富-林園,2023-04-17,5927
6217,中探針,14,0,14,元富-林園,2023-04-17,5927
6190,萬泰科,14,1,13,元富-林園,2023-04-17,5927
2812,台中銀,14,1,13,元富-林園,2023-04-17,5927
3178,公準,14,1,13,元富-林園,2023-04-17,5927
1519,華城,29,17,12,元富-林園,2023-04-17,5927
2610,華航,14,2,12,元富-林園,2023-04-17,5927
3338,泰碩,23,11,12,元富-林園,2023-04-17,5927
3162,精確,14,3,11,元富-林園,2023-04-17,5927
5203,訊連,11,0,11,元富-林園,2023-04-17,5927
2382,廣達,10,0,10,元富-林園,2023-04-17,5927
00720B,元大投資級公司債,10,0,10,元富-林園,2023-04-17,5927
1710,東聯,10,0,10,元富-林園,2023-04-17,5927
2392,正崴,10,0,10,元富-林園,2023-04-17,5927
3515,華擎,10,0,10,元富-林園,2023-04-17,5927
3673,TPK-KY,10,0,10,元富-林園,2023-04-17,5927
4526,東台,10,0,10,元富-林園,2023-04-17,5927
4714,永捷,10,0,10,元富-林園,2023-04-17,5927
5706,鳳凰,10,0,10,元富-林園,2023-04-17,5927
4541,晟田,20,11,9,元富-林園,2023-04-17,5927
6547,高端疫苗,17,8,9,元富-林園,2023-04-17,5927
2630,亞航,10,1,9,元富-林園,2023-04-17,5927
1806,冠軍,10,2,8,元富-林園,2023-04-17,5927
3540,曜越,8,0,8,元富-林園,2023-04-17,5927
4121,優盛,8,0,8,元富-林園,2023-04-17,5927
5371,中光電,14,6,8,元富-林園,2023-04-17,5927
2614,東森,8,1,7,元富-林園,2023-04-17,5927
3169,亞信,7,0,7,元富-林園,2023-04-17,5927
5009,榮剛,16,9,7,元富-林園,2023-04-17,5927
6859,伯特光,7,0,7,元富-林園,2023-04-17,5927
2344,華邦電,8,2,6,元富-林園,2023-04-17,5927
6134,萬旭,6,0,6,元富-林園,2023-04-17,5927
3710,連展投控,70,0,70,元富-林園,2023-04-18,5927
3481,群創,68,0,68,元富-林園,2023-04-18,5927
3479,安勤,73,23,50,元富-林園,2023-04-18,5927
2888,新光金,51,2,49,元富-林園,2023-04-18,5927
2457,飛宏,67,29,38,元富-林園,2023-04-18,5927
1605,華新,38,6,32,元富-林園,2023-04-18,5927
1444,力麗,73,43,30,元富-林園,2023-04-18,5927
1529,樂事綠能,33,3,30,元富-林園,2023-04-18,5927
2630,亞航,35,5,30,元富-林園,2023-04-18,5927
2409,友達,29,0,29,元富-林園,2023-04-18,5927
2515,中工,31,5,26,元富-林園,2023-04-18,5927
2471,資通,27,3,24,元富-林園,2023-04-18,5927
2812,台中銀,26,2,24,元富-林園,2023-04-18,5927
6443,元晶,43,21,22,元富-林園,2023-04-18,5927
1609,大亞,32,10,22,元富-林園,2023-04-18,5927
1611,中電,28,7,21,元富-林園,2023-04-18,5927
8059,凱碩,20,0,20,元富-林園,2023-04-18,5927
1513,中興電,25,6,19,元富-林園,2023-04-18,5927
3046,建��,21,3,18,元富-林園,2023-04-18,5927
00712,復華富時不動產,19,1,18,元富-林園,2023-04-18,5927
3027,盛達,21,5,16,元富-林園,2023-04-18,5927
2344,華邦電,18,3,15,元富-林園,2023-04-18,5927
6829,千附精密,16,1,15,元富-林園,2023-04-18,5927
2614,東森,14,0,14,元富-林園,2023-04-18,5927
1809,中釉,13,0,13,元富-林園,2023-04-18,5927
0056,元大高股息,13,0,13,元富-林園,2023-04-18,5927
2317,鴻海,13,0,13,元富-林園,2023-04-18,5927
1711,永光,15,3,12,元富-林園,2023-04-18,5927
3058,立德,14,2,12,元富-林園,2023-04-18,5927
00679B,元大美債20年,12,0,12,元富-林園,2023-04-18,5927
2312,金寶,11,0,11,元富-林園,2023-04-18,5927
2498,宏達電,23,12,11,元富-林園,2023-04-18,5927
4919,新唐,15,4,11,元富-林園,2023-04-18,5927
6282,康舒,33,22,11,元富-林園,2023-04-18,5927
8112,至上,11,0,11,元富-林園,2023-04-18,5927
2208,台船,16,5,11,元富-林園,2023-04-18,5927
2313,華通,16,6,10,元富-林園,2023-04-18,5927
2547,日勝生,11,1,10,元富-林園,2023-04-18,5927
2897,王道銀行,10,0,10,元富-林園,2023-04-18,5927
3499,環天科,10,0,10,元富-林園,2023-04-18,5927
3617,碩天,10,0,10,元富-林園,2023-04-18,5927
5381,合正,10,0,10,元富-林園,2023-04-18,5927
2892,第一金,11,1,10,元富-林園,2023-04-18,5927
1308,亞聚,8,0,8,元富-林園,2023-04-18,5927
00680L,元大美債20正2,8,0,8,元富-林園,2023-04-18,5927
2618,長榮航,11,3,8,元富-林園,2023-04-18,5927
8105,凌巨,13,5,8,元富-林園,2023-04-18,5927
2330,台積電,7,0,7,元富-林園,2023-04-18,5927
2337,旺宏,7,0,7,元富-林園,2023-04-18,5927
2485,兆赫,7,0,7,元富-林園,2023-04-18,5927
2409,友達,62,3,59,元富-林園,2023-04-19,5927
2897,王道銀行,52,0,52,元富-林園,2023-04-19,5927
2891,中信金,50,1,49,元富-林園,2023-04-19,5927
6143,振曜,42,1,41,元富-林園,2023-04-19,5927
3479,安勤,40,0,40,元富-林園,2023-04-19,5927
00712,復華富時不動產,38,0,38,元富-林園,2023-04-19,5927
6770,力積電,42,6,36,元富-林園,2023-04-19,5927
2402,毅嘉,65,30,35,元富-林園,2023-04-19,5927
2303,聯電,44,10,34,元富-林園,2023-04-19,5927
6465,威潤,29,0,29,元富-林園,2023-04-19,5927
3481,群創,54,27,27,元富-林園,2023-04-19,5927
2313,華通,26,0,26,元富-林園,2023-04-19,5927
1217,愛之味,25,0,25,元富-林園,2023-04-19,5927
0056,元大高股息,26,2,24,元富-林園,2023-04-19,5927
2457,飛宏,45,24,21,元富-林園,2023-04-19,5927
3078,僑威,24,3,21,元富-林園,2023-04-19,5927
1612,宏泰,20,0,20,元富-林園,2023-04-19,5927
6125,廣運,41,21,20,元富-林園,2023-04-19,5927
5608,四維航,20,1,19,元富-林園,2023-04-19,5927
2208,台船,30,13,17,元富-林園,2023-04-19,5927
2535,達欣工,15,0,15,元富-林園,2023-04-19,5927
4967,十銓,15,0,15,元富-林園,2023-04-19,5927
5309,系統電,27,12,15,元富-林園,2023-04-19,5927
6530,創威,15,0,15,元富-林園,2023-04-19,5927
6753,龍德造船,15,0,15,元富-林園,2023-04-19,5927
3003,健和興,14,0,14,元富-林園,2023-04-19,5927
6116,彩晶,14,0,14,元富-林園,2023-04-19,5927
3714,富采,29,16,13,元富-林園,2023-04-19,5927
00679B,元大美債20年,12,0,12,元富-林園,2023-04-19,5927
1810,和成,36,24,12,元富-林園,2023-04-19,5927
2337,旺宏,12,0,12,元富-林園,2023-04-19,5927
8033,雷虎,15,3,12,元富-林園,2023-04-19,5927
00922,國泰台灣領袖50,11,0,11,元富-林園,2023-04-19,5927
1409,新纖,11,0,11,元富-林園,2023-04-19,5927
1720,生達,29,18,11,元富-林園,2023-04-19,5927
8069,元太,12,1,11,元富-林園,2023-04-19,5927
8926,台汽電,11,0,11,元富-林園,2023-04-19,5927
6190,萬泰科,12,1,11,元富-林園,2023-04-19,5927
2002,中鋼,14,3,11,元富-林園,2023-04-19,5927
1308,亞聚,10,0,10,元富-林園,2023-04-19,5927
2880,華南金,10,0,10,元富-林園,2023-04-19,5927
1514,亞力,11,1,10,元富-林園,2023-04-19,5927
1519,華城,21,11,10,元富-林園,2023-04-19,5927
2340,台亞,10,0,10,元富-林園,2023-04-19,5927
2736,富野,10,0,10,元富-林園,2023-04-19,5927
3024,憶聲,10,0,10,元富-林園,2023-04-19,5927
3058,立德,11,1,10,元富-林園,2023-04-19,5927
4121,優盛,10,0,10,元富-林園,2023-04-19,5927
6167,久正,11,1,10,元富-林園,2023-04-19,5927
6220,岳豐,10,0,10,元富-林園,2023-04-19,5927
1444,力麗,163,3,160,元富-林園,2023-04-20,5927
2208,台船,186,82,104,元富-林園,2023-04-20,5927
2406,國碩,83,0,83,元富-林園,2023-04-20,5927
6770,力積電,86,4,82,元富-林園,2023-04-20,5927
00637L,元大滬深300正2,81,0,81,元富-林園,2023-04-20,5927
9962,有益,50,0,50,元富-林園,2023-04-20,5927
2453,凌群,61,21,40,元富-林園,2023-04-20,5927
2402,毅嘉,33,0,33,元富-林園,2023-04-20,5927
2303,聯電,32,2,30,元富-林園,2023-04-20,5927
1513,中興電,34,8,26,元富-林園,2023-04-20,5927
2520,冠德,25,0,25,元富-林園,2023-04-20,5927
6443,元晶,29,6,23,元富-林園,2023-04-20,5927
6282,康舒,54,31,23,元富-林園,2023-04-20,5927
2221,大甲,20,0,20,元富-林園,2023-04-20,5927
2367,燿華,20,0,20,元富-林園,2023-04-20,5927
2891,中信金,51,31,20,元富-林園,2023-04-20,5927
2634,漢翔,31,11,20,元富-林園,2023-04-20,5927
3576,聯合再生,18,0,18,元富-林園,2023-04-20,5927
6185,幃翔,19,1,18,元富-林園,2023-04-20,5927
6125,廣運,18,0,18,元富-林園,2023-04-20,5927
00720B,元大投資級公司債,16,0,16,元富-林園,2023-04-20,5927
4526,東台,16,0,16,元富-林園,2023-04-20,5927
6288,聯嘉,18,5,13,元富-林園,2023-04-20,5927
8926,台汽電,14,1,13,元富-林園,2023-04-20,5927
6472,保瑞,12,0,12,元富-林園,2023-04-20,5927
4967,十銓,12,0,12,元富-林園,2023-04-20,5927
2618,長榮航,12,0,12,元富-林園,2023-04-20,5927
8111,立��,12,0,12,元富-林園,2023-04-20,5927
8222,寶一,15,4,11,元富-林園,2023-04-20,5927
1609,大亞,12,1,11,元富-林園,2023-04-20,5927
3481,群創,18,8,10,元富-林園,2023-04-20,5927
1313,聯成,10,0,10,元富-林園,2023-04-20,5927
00683L,期元大美元指正2,10,0,10,元富-林園,2023-04-20,5927
00908,富邦入息REITs+,10,0,10,元富-林園,2023-04-20,5927
00923,群益台ESG低碳50,10,0,10,元富-林園,2023-04-20,5927
1734,杏輝,10,0,10,元富-林園,2023-04-20,5927
2353,宏��,10,0,10,元富-林園,2023-04-20,5927
3030,德律,10,0,10,元富-林園,2023-04-20,5927
3466,德晉,10,0,10,元富-林園,2023-04-20,5927
4111,濟生,10,0,10,元富-林園,2023-04-20,5927
4726,永昕,10,0,10,元富-林園,2023-04-20,5927
5302,太欣,10,0,10,元富-林園,2023-04-20,5927
6218,豪勉,10,0,10,元富-林園,2023-04-20,5927
2105,正新,9,0,9,元富-林園,2023-04-20,5927
2457,飛宏,42,33,9,元富-林園,2023-04-20,5927
6285,啟��,11,2,9,元富-林園,2023-04-20,5927
1101,台泥,8,0,8,元富-林園,2023-04-20,5927
2641,正德,8,0,8,元富-林園,2023-04-20,5927
3169,亞信,11,3,8,元富-林園,2023-04-20,5927
8936,國統,8,0,8,元富-林園,2023-04-20,5927
2453,凌群,89,6,83,元富-林園,2023-04-21,5927
2834,臺企銀,80,15,65,元富-林園,2023-04-21,5927
6770,力積電,68,17,51,元富-林園,2023-04-21,5927
1471,首利,31,0,31,元富-林園,2023-04-21,5927
6244,茂迪,44,15,29,元富-林園,2023-04-21,5927
2609,陽明,31,3,28,元富-林園,2023-04-21,5927
6185,幃翔,27,1,26,元富-林園,2023-04-21,5927
2520,冠德,25,0,25,元富-林園,2023-04-21,5927
1101,台泥,46,22,24,元富-林園,2023-04-21,5927
6129,普誠,24,1,23,元富-林園,2023-04-21,5927
2303,聯電,36,13,23,元富-林園,2023-04-21,5927
00679B,元大美債20年,22,0,22,元富-林園,2023-04-21,5927
2402,毅嘉,30,8,22,元富-林園,2023-04-21,5927
1504,東元,23,2,21,元富-林園,2023-04-21,5927
2601,益航,21,0,21,元富-林園,2023-04-21,5927
2913,農林,24,3,21,元富-林園,2023-04-21,5927
1305,華夏,20,0,20,元富-林園,2023-04-21,5927
5512,力麒,19,0,19,元富-林園,2023-04-21,5927
3704,合勤控,25,7,18,元富-林園,2023-04-21,5927
2406,國碩,17,1,16,元富-林園,2023-04-21,5927
2618,長榮航,18,3,15,元富-林園,2023-04-21,5927
1455,集盛,14,0,14,元富-林園,2023-04-21,5927
2515,中工,14,0,14,元富-林園,2023-04-21,5927
8050,廣積,14,0,14,元富-林園,2023-04-21,5927
6163,華電網,18,5,13,元富-林園,2023-04-21,5927
8110,華東,13,0,13,元富-林園,2023-04-21,5927
1102,亞泥,12,0,12,元富-林園,2023-04-21,5927
3163,波若威,12,0,12,元富-林園,2023-04-21,5927
3479,安勤,18,6,12,元富-林園,2023-04-21,5927
5243,乙盛-KY,16,4,12,元富-林園,2023-04-21,5927
2603,長榮,15,3,12,元富-林園,2023-04-21,5927
00712,復華富時不動產,11,0,11,元富-林園,2023-04-21,5927
5351,鈺創,15,4,11,元富-林園,2023-04-21,5927
6138,茂達,11,0,11,元富-林園,2023-04-21,5927
8222,寶一,32,21,11,元富-林園,2023-04-21,5927
0056,元大高股息,10,0,10,元富-林園,2023-04-21,5927
00632R,元大台灣50反1,10,0,10,元富-林園,2023-04-21,5927
00720B,元大投資級公司債,10,0,10,元富-林園,2023-04-21,5927
00715L,期街口布蘭特正2,10,0,10,元富-林園,2023-04-21,5927
1529,樂事綠能,10,0,10,元富-林園,2023-04-21,5927
1538,正峰,10,0,10,元富-林園,2023-04-21,5927
2030,彰源,10,0,10,元富-林園,2023-04-21,5927
2605,新興,10,0,10,元富-林園,2023-04-21,5927
3058,立德,34,24,10,元富-林園,2023-04-21,5927
5302,太欣,10,0,10,元富-林園,2023-04-21,5927
5475,德宏,10,0,10,元富-林園,2023-04-21,5927
6548,長科*,10,0,10,元富-林園,2023-04-21,5927
9902,台火,10,0,10,元富-林園,2023-04-21,5927
2382,廣達,9,0,9,元富-林園,2023-04-21,5927
6245,立端,10,1,9,元富-林園,2023-04-21,5927
1308,亞聚,102,0,102,元富-林園,2023-04-24,5927
00637L,元大滬深300正2,80,12,68,元富-林園,2023-04-24,5927
00642U,期元大S＆P石油,50,0,50,元富-林園,2023-04-24,5927
2609,陽明,46,5,41,元富-林園,2023-04-24,5927
00712,復華富時不動產,35,0,35,元富-林園,2023-04-24,5927
00679B,元大美債20年,30,0,30,元富-林園,2023-04-24,5927
1101,台泥,64,40,24,元富-林園,2023-04-24,5927
2834,臺企銀,25,3,22,元富-林園,2023-04-24,5927
8059,凱碩,20,0,20,元富-林園,2023-04-24,5927
00902,中信電池及儲能,18,0,18,元富-林園,2023-04-24,5927
4147,中裕,17,0,17,元富-林園,2023-04-24,5927
1504,東元,16,0,16,元富-林園,2023-04-24,5927
3264,欣銓,16,0,16,元富-林園,2023-04-24,5927
2303,聯電,16,0,16,元富-林園,2023-04-24,5927
2913,農林,27,12,15,元富-林園,2023-04-24,5927
4563,百德,15,0,15,元富-林園,2023-04-24,5927
6179,亞通,15,0,15,元富-林園,2023-04-24,5927
2880,華南金,19,5,14,元富-林園,2023-04-24,5927
3481,群創,16,2,14,元富-林園,2023-04-24,5927
2317,鴻海,15,1,14,元富-林園,2023-04-24,5927
3071,協禧,17,5,12,元富-林園,2023-04-24,5927
00720B,元大投資級公司債,11,0,11,元富-林園,2023-04-24,5927
1605,華新,15,4,11,元富-林園,2023-04-24,5927
2520,冠德,11,0,11,元富-林園,2023-04-24,5927
1312,國喬,10,0,10,元富-林園,2023-04-24,5927
00633L,富邦上証正2,10,0,10,元富-林園,2023-04-24,5927
3380,明泰,10,0,10,元富-林園,2023-04-24,5927
3466,德晉,10,0,10,元富-林園,2023-04-24,5927
4566,時碩工業,10,0,10,元富-林園,2023-04-24,5927
00923,群益台ESG低碳50,9,0,9,元富-林園,2023-04-24,5927
2352,佳世達,9,0,9,元富-林園,2023-04-24,5927
6218,豪勉,9,0,9,元富-林園,2023-04-24,5927
6443,元晶,9,0,9,元富-林園,2023-04-24,5927
2436,偉詮電,8,0,8,元富-林園,2023-04-24,5927
6708,天擎,8,0,8,元富-林園,2023-04-24,5927
2603,長榮,7,0,7,元富-林園,2023-04-24,5927
2615,萬海,10,3,7,元富-林園,2023-04-24,5927
3029,零壹,9,2,7,元富-林園,2023-04-24,5927
4160,訊聯基因,7,0,7,元富-林園,2023-04-24,5927
6138,茂達,10,3,7,元富-林園,2023-04-24,5927
2014,中鴻,9,3,6,元富-林園,2023-04-24,5927
2108,南帝,6,0,6,元富-林園,2023-04-24,5927
3035,智原,8,2,6,元富-林園,2023-04-24,5927
3479,安勤,10,4,6,元富-林園,2023-04-24,5927
2324,仁寶,5,0,5,元富-林園,2023-04-24,5927
00885,富邦越南,5,0,5,元富-林園,2023-04-24,5927
00708L,期元大S＆P黃金正2,5,0,5,元富-林園,2023-04-24,5927
2009,第一銅,5,0,5,元富-林園,2023-04-24,5927
2022,聚亨,5,0,5,元富-林園,2023-04-24,5927
2331,精英,5,0,5,元富-林園,2023-04-24,5927
2002,中鋼,119,1,118,元富-林園,2023-04-25,5927
00669R,國泰美國道瓊反1,109,0,109,元富-林園,2023-04-25,5927
2402,毅嘉,68,1,67,元富-林園,2023-04-25,5927
3041,揚智,62,0,62,元富-林園,2023-04-25,5927
1101,台泥,84,32,52,元富-林園,2023-04-25,5927
0056,元大高股息,50,0,50,元富-林園,2023-04-25,5927
2460,建通,48,0,48,元富-林園,2023-04-25,5927
2303,聯電,45,0,45,元富-林園,2023-04-25,5927
2634,漢翔,500,460,40,元富-林園,2023-04-25,5927
1905,華紙,45,7,38,元富-林園,2023-04-25,5927
00878,國泰永續高股息,36,0,36,元富-林園,2023-04-25,5927
2520,冠德,26,0,26,元富-林園,2023-04-25,5927
3576,聯合再生,23,0,23,元富-林園,2023-04-25,5927
00712,復華富時不動產,22,0,22,元富-林園,2023-04-25,5927
6770,力積電,35,13,22,元富-林園,2023-04-25,5927
3715,定穎投控,21,0,21,元富-林園,2023-04-25,5927
00882,中信中國高股息,22,3,19,元富-林園,2023-04-25,5927
4919,新唐,21,4,17,元富-林園,2023-04-25,5927
8936,國統,18,1,17,元富-林園,2023-04-25,5927
1710,東聯,31,15,16,元富-林園,2023-04-25,5927
2108,南帝,18,2,16,元富-林園,2023-04-25,5927
5015,華祺,16,0,16,元富-林園,2023-04-25,5927
1514,亞力,24,10,14,元富-林園,2023-04-25,5927
2453,凌群,60,46,14,元富-林園,2023-04-25,5927
3231,緯創,16,3,13,元富-林園,2023-04-25,5927
00919,群益台灣精選高息,12,0,12,元富-林園,2023-04-25,5927
5871,中租-KY,12,0,12,元富-林園,2023-04-25,5927
1611,中電,13,1,12,元富-林園,2023-04-25,5927
6443,元晶,14,3,11,元富-林園,2023-04-25,5927
00637L,元大滬深300正2,12,1,11,元富-林園,2023-04-25,5927
3707,漢磊,12,1,11,元富-林園,2023-04-25,5927
1319,東陽,10,0,10,元富-林園,2023-04-25,5927
1560,中砂,10,0,10,元富-林園,2023-04-25,5927
1605,華新,31,21,10,元富-林園,2023-04-25,5927
2609,陽明,13,3,10,元富-林園,2023-04-25,5927
2613,中櫃,10,0,10,元富-林園,2023-04-25,5927
3062,建漢,10,0,10,元富-林園,2023-04-25,5927
6148,驊宏資,10,0,10,元富-林園,2023-04-25,5927
00632R,元大台灣50反1,14,5,9,元富-林園,2023-04-25,5927
2457,飛宏,48,39,9,元富-林園,2023-04-25,5927
3363,上詮,9,0,9,元富-林園,2023-04-25,5927
3481,群創,9,0,9,元富-林園,2023-04-25,5927
00891,中信關鍵半導體,8,0,8,元富-林園,2023-04-25,5927
2913,農林,34,26,8,元富-林園,2023-04-25,5927
5227,立凱-KY,8,0,8,元富-林園,2023-04-25,5927
6223,旺矽,8,0,8,元富-林園,2023-04-25,5927
2454,聯發科,7,0,7,元富-林園,2023-04-25,5927
1795,美時,13,6,7,元富-林園,2023-04-25,5927
2610,華航,8,1,7,元富-林園,2023-04-25,5927
2645,長榮航太,8,1,7,元富-林園,2023-04-25,5927
00651R,復華香港反1,102,0,102,元富-林園,2023-04-26,5927
2409,友達,102,0,102,元富-林園,2023-04-26,5927
2515,中工,100,1,99,元富-林園,2023-04-26,5927
00893,國泰智能電動車,49,0,49,元富-林園,2023-04-26,5927
6770,力積電,65,18,47,元富-林園,2023-04-26,5927
00878,國泰永續高股息,37,2,35,元富-林園,2023-04-26,5927
4147,中裕,32,0,32,元富-林園,2023-04-26,5927
00679B,元大美債20年,30,2,28,元富-林園,2023-04-26,5927
00885,富邦越南,26,0,26,元富-林園,2023-04-26,5927
2337,旺宏,25,0,25,元富-林園,2023-04-26,5927
2457,飛宏,53,30,23,元富-林園,2023-04-26,5927
3710,連展投控,20,0,20,元富-林園,2023-04-26,5927
1310,台苯,37,18,19,元富-林園,2023-04-26,5927
1540,喬福,19,0,19,元富-林園,2023-04-26,5927
2303,聯電,19,1,18,元富-林園,2023-04-26,5927
3673,TPK-KY,15,0,15,元富-林園,2023-04-26,5927
3035,智原,20,7,13,元富-林園,2023-04-26,5927
2449,京元電子,12,0,12,元富-林園,2023-04-26,5927
2610,華航,12,0,12,元富-林園,2023-04-26,5927
6116,彩晶,12,0,12,元富-林園,2023-04-26,5927
6218,豪勉,12,0,12,元富-林園,2023-04-26,5927
2313,華通,11,0,11,元富-林園,2023-04-26,5927
00712,復華富時不動產,10,0,10,元富-林園,2023-04-26,5927
2030,彰源,10,0,10,元富-林園,2023-04-26,5927
2401,凌陽,10,0,10,元富-林園,2023-04-26,5927
2429,銘旺科,10,0,10,元富-林園,2023-04-26,5927
4532,瑞智,10,0,10,元富-林園,2023-04-26,5927
6016,康和證,10,0,10,元富-林園,2023-04-26,5927
6245,立端,10,0,10,元富-林園,2023-04-26,5927
6477,安集,15,5,10,元富-林園,2023-04-26,5927
1904,正隆,25,16,9,元富-林園,2023-04-26,5927
3058,立德,14,5,9,元富-林園,2023-04-26,5927
0056,元大高股息,8,0,8,元富-林園,2023-04-26,5927
00881,國泰台灣5G+,8,0,8,元富-林園,2023-04-26,5927
2609,陽明,12,4,8,元富-林園,2023-04-26,5927
2634,漢翔,315,307,8,元富-林園,2023-04-26,5927
2913,農林,23,15,8,元富-林園,2023-04-26,5927
3624,光頡,11,3,8,元富-林園,2023-04-26,5927
4566,時碩工業,18,10,8,元富-林園,2023-04-26,5927
2645,長榮航太,7,0,7,元富-林園,2023-04-26,5927
3479,安勤,7,0,7,元富-林園,2023-04-26,5927
6799,來頡,9,2,7,元富-林園,2023-04-26,5927
1612,宏泰,6,0,6,元富-林園,2023-04-26,5927
1905,華紙,50,44,6,元富-林園,2023-04-26,5927
3019,亞光,7,1,6,元富-林園,2023-04-26,5927
4968,立積,19,13,6,元富-林園,2023-04-26,5927
6418,詠昇,6,0,6,元富-林園,2023-04-26,5927
00905,FT臺灣Smart,5,0,5,元富-林園,2023-04-26,5927
2105,正新,5,0,5,元富-林園,2023-04-26,5927
2206,三陽工業,10,5,5,元富-林園,2023-04-26,5927
1101,台泥,54,1,53,元富-林園,2023-04-27,5927
2402,毅嘉,46,1,45,元富-林園,2023-04-27,5927
00715L,期街口布蘭特正2,54,10,44,元富-林園,2023-04-27,5927
00878,國泰永續高股息,42,0,42,元富-林園,2023-04-27,5927
00642U,期元大S＆P石油,41,0,41,元富-林園,2023-04-27,5927
5876,上海商銀,40,0,40,元富-林園,2023-04-27,5927
2002,中鋼,37,0,37,元富-林園,2023-04-27,5927
5512,力麒,30,0,30,元富-林園,2023-04-27,5927
4973,廣穎,27,0,27,元富-林園,2023-04-27,5927
3017,奇鋐,41,18,23,元富-林園,2023-04-27,5927
2880,華南金,20,0,20,元富-林園,2023-04-27,5927
5701,劍湖山,20,2,18,元富-林園,2023-04-27,5927
00679B,元大美債20年,17,0,17,元富-林園,2023-04-27,5927
3088,艾訊,17,0,17,元富-林園,2023-04-27,5927
1108,幸福,15,0,15,元富-林園,2023-04-27,5927
5880,合庫金,15,0,15,元富-林園,2023-04-27,5927
6116,彩晶,15,0,15,元富-林園,2023-04-27,5927
1605,華新,20,6,14,元富-林園,2023-04-27,5927
3324,雙鴻,14,1,13,元富-林園,2023-04-27,5927
4979,華星光,14,1,13,元富-林園,2023-04-27,5927
1710,東聯,31,19,12,元富-林園,2023-04-27,5927
8222,寶一,15,3,12,元富-林園,2023-04-27,5927
8358,金居,11,0,11,元富-林園,2023-04-27,5927
2609,陽明,12,1,11,元富-林園,2023-04-27,5927
00671R,富邦NASDAQ反1,10,0,10,元富-林園,2023-04-27,5927
00669R,國泰美國道瓊反1,10,0,10,元富-林園,2023-04-27,5927
00648R,元大S＆P500反1,10,0,10,元富-林園,2023-04-27,5927
00632R,元大台灣50反1,65,55,10,元富-林園,2023-04-27,5927
2367,燿華,10,0,10,元富-林園,2023-04-27,5927
2409,友達,10,0,10,元富-林園,2023-04-27,5927
2915,潤泰全,10,0,10,元富-林園,2023-04-27,5927
3003,健和興,10,0,10,元富-林園,2023-04-27,5927
4711,永純,10,0,10,元富-林園,2023-04-27,5927
6160,欣技,10,0,10,元富-林園,2023-04-27,5927
6245,立端,10,0,10,元富-林園,2023-04-27,5927
6461,益得,10,0,10,元富-林園,2023-04-27,5927
8403,盛弘,10,0,10,元富-林園,2023-04-27,5927
1471,首利,12,3,9,元富-林園,2023-04-27,5927
0056,元大高股息,11,2,9,元富-林園,2023-04-27,5927
3027,盛達,18,9,9,元富-林園,2023-04-27,5927
2313,華通,10,1,9,元富-林園,2023-04-27,5927
2867,三商壽,6,0,6,元富-林園,2023-04-27,5927
2884,玉山金,6,0,6,元富-林園,2023-04-27,5927
6143,振曜,7,1,6,元富-林園,2023-04-27,5927
2104,國際中橡,6,0,6,元富-林園,2023-04-27,5927
6180,橘子,6,0,6,元富-林園,2023-04-27,5927
6271,同欣電,6,0,6,元富-林園,2023-04-27,5927
00924,復華S＆P500成長,5,0,5,元富-林園,2023-04-27,5927
00885,富邦越南,5,0,5,元富-林園,2023-04-27,5927
00637L,元大滬深300正2,20,15,5,元富-林園,2023-04-27,5927
2409,友達,101,2,99,元富-林園,2023-04-28,5927
3481,群創,58,8,50,元富-林園,2023-04-28,5927
2002,中鋼,48,0,48,元富-林園,2023-04-28,5927
2303,聯電,49,7,42,元富-林園,2023-04-28,5927
2630,亞航,45,8,37,元富-林園,2023-04-28,5927
2402,毅嘉,37,1,36,元富-林園,2023-04-28,5927
1809,中釉,35,8,27,元富-林園,2023-04-28,5927
6185,幃翔,26,0,26,元富-林園,2023-04-28,5927
6443,元晶,36,11,25,元富-林園,2023-04-28,5927
1802,台玻,20,0,20,元富-林園,2023-04-28,5927
2881A,富邦特,20,0,20,元富-林園,2023-04-28,5927
3714,富采,20,0,20,元富-林園,2023-04-28,5927
00679B,元大美債20年,18,0,18,元富-林園,2023-04-28,5927
1710,東聯,20,2,18,元富-林園,2023-04-28,5927
1905,華紙,70,52,18,元富-林園,2023-04-28,5927
2609,陽明,34,17,17,元富-林園,2023-04-28,5927
2801,彰銀,17,0,17,元富-林園,2023-04-28,5927
3693,營邦,19,3,16,元富-林園,2023-04-28,5927
00878,國泰永續高股息,22,6,16,元富-林園,2023-04-28,5927
6266,泰詠,16,1,15,元富-林園,2023-04-28,5927
00772B,中信高評級公司債,13,0,13,元富-林園,2023-04-28,5927
2363,矽統,13,0,13,元富-林園,2023-04-28,5927
3027,盛達,13,0,13,元富-林園,2023-04-28,5927
3624,光頡,15,2,13,元富-林園,2023-04-28,5927
8093,保銳,13,0,13,元富-林園,2023-04-28,5927
1101,台泥,16,3,13,元富-林園,2023-04-28,5927
1310,台苯,20,9,11,元富-林園,2023-04-28,5927
2010,春源,11,0,11,元富-林園,2023-04-28,5927
4536,拓凱,12,1,11,元富-林園,2023-04-28,5927
4953,緯軟,10,0,10,元富-林園,2023-04-28,5927
2344,華邦電,35,25,10,元富-林園,2023-04-28,5927
00669R,國泰美國道瓊反1,10,0,10,元富-林園,2023-04-28,5927
2515,中工,11,1,10,元富-林園,2023-04-28,5927
2610,華航,10,0,10,元富-林園,2023-04-28,5927
3035,智原,14,4,10,元富-林園,2023-04-28,5927
3066,李洲,10,0,10,元富-林園,2023-04-28,5927
6218,豪勉,10,0,10,元富-林園,2023-04-28,5927
2453,凌群,68,59,9,元富-林園,2023-04-28,5927
8222,寶一,33,25,8,元富-林園,2023-04-28,5927
1471,首利,8,0,8,元富-林園,2023-04-28,5927
1504,東元,8,0,8,元富-林園,2023-04-28,5927
00924,復華S＆P500成長,8,0,8,元富-林園,2023-04-28,5927
3265,台星科,9,1,8,元富-林園,2023-04-28,5927
1810,和成,10,3,7,元富-林園,2023-04-28,5927
4541,晟田,7,0,7,元富-林園,2023-04-28,5927
2457,飛宏,26,19,7,元富-林園,2023-04-28,5927
2104,國際中橡,6,0,6,元富-林園,2023-04-28,5927
5880,合庫金,6,0,6,元富-林園,2023-04-28,5927
6282,康舒,22,16,6,元富-林園,2023-04-28,5927
8121,越峰,6,0,6,元富-林園,2023-04-28,5927
2453,凌群,76,15,61,元富-林園,2023-05-02,5927
00878,國泰永續高股息,40,6,34,元富-林園,2023-05-02,5927
2409,友達,34,0,34,元富-林園,2023-05-02,5927
1802,台玻,33,0,33,元富-林園,2023-05-02,5927
1101,台泥,114,88,26,元富-林園,2023-05-02,5927
2609,陽明,27,2,25,元富-林園,2023-05-02,5927
2634,漢翔,86,61,25,元富-林園,2023-05-02,5927
2002,中鋼,27,5,22,元富-林園,2023-05-02,5927
5222,全訊,21,0,21,元富-林園,2023-05-02,5927
00665L,富邦�琤肭磪囓�2,20,0,20,元富-林園,2023-05-02,5927
3035,智原,27,9,18,元富-林園,2023-05-02,5927
1460,宏遠,18,1,17,元富-林園,2023-05-02,5927
2324,仁寶,19,2,17,元富-林園,2023-05-02,5927
2356,英業達,17,0,17,元富-林園,2023-05-02,5927
1229,聯華,16,0,16,元富-林園,2023-05-02,5927
1904,正隆,16,0,16,元富-林園,2023-05-02,5927
2884,玉山金,16,1,15,元富-林園,2023-05-02,5927
00632R,元大台灣50反1,15,0,15,元富-林園,2023-05-02,5927
2444,兆勁,15,0,15,元富-林園,2023-05-02,5927
2603,長榮,16,2,14,元富-林園,2023-05-02,5927
00637L,元大滬深300正2,12,0,12,元富-林園,2023-05-02,5927
1584,精剛,12,0,12,元富-林園,2023-05-02,5927
4121,優盛,32,21,11,元富-林園,2023-05-02,5927
5403,中菲,11,0,11,元富-林園,2023-05-02,5927
1513,中興電,28,17,11,元富-林園,2023-05-02,5927
1909,榮成,11,0,11,元富-林園,2023-05-02,5927
3363,上詮,11,0,11,元富-林園,2023-05-02,5927
4541,晟田,14,3,11,元富-林園,2023-05-02,5927
00669R,國泰美國道瓊反1,10,0,10,元富-林園,2023-05-02,5927
2834,臺企銀,10,0,10,元富-林園,2023-05-02,5927
3033,威健,10,0,10,元富-林園,2023-05-02,5927
3362,先進光,11,1,10,元富-林園,2023-05-02,5927
2892,第一金,11,2,9,元富-林園,2023-05-02,5927
00923,群益台ESG低碳50,10,2,8,元富-林園,2023-05-02,5927
2495,普安,8,0,8,元富-林園,2023-05-02,5927
6535,順藥,8,0,8,元富-林園,2023-05-02,5927
1714,和桐,7,0,7,元富-林園,2023-05-02,5927
6753,龍德造船,11,4,7,元富-林園,2023-05-02,5927
1809,中釉,11,4,7,元富-林園,2023-05-02,5927
2352,佳世達,11,4,7,元富-林園,2023-05-02,5927
6592,和潤企業,7,0,7,元富-林園,2023-05-02,5927
00679B,元大美債20年,7,0,7,元富-林園,2023-05-02,5927
1734,杏輝,6,0,6,元富-林園,2023-05-02,5927
2480,敦陽科,6,0,6,元富-林園,2023-05-02,5927
8033,雷虎,7,1,6,元富-林園,2023-05-02,5927
9939,宏全,6,0,6,元富-林園,2023-05-02,5927
1342,八貫,10,5,5,元富-林園,2023-05-02,5927
2014,中鴻,8,3,5,元富-林園,2023-05-02,5927
2465,麗臺,5,0,5,元富-林園,2023-05-02,5927
2641,正德,5,0,5,元富-林園,2023-05-02,5927
2104,國際中橡,58,0,58,元富-林園,2023-05-03,5927
1710,東聯,55,8,47,元富-林園,2023-05-03,5927
00715L,期街口布蘭特正2,41,0,41,元富-林園,2023-05-03,5927
00637L,元大滬深300正2,40,0,40,元富-林園,2023-05-03,5927
3479,安勤,41,2,39,元富-林園,2023-05-03,5927
00642U,期元大S＆P石油,32,0,32,元富-林園,2023-05-03,5927
3675,德微,30,0,30,元富-林園,2023-05-03,5927
1514,亞力,33,5,28,元富-林園,2023-05-03,5927
5009,榮剛,35,7,28,元富-林園,2023-05-03,5927
2603,長榮,30,9,21,元富-林園,2023-05-03,5927
2453,凌群,33,12,21,元富-林園,2023-05-03,5927
00712,復華富時不動產,21,3,18,元富-林園,2023-05-03,5927
2312,金寶,20,2,18,元富-林園,2023-05-03,5927
2913,農林,18,0,18,元富-林園,2023-05-03,5927
5701,劍湖山,15,0,15,元富-林園,2023-05-03,5927
1504,東元,16,2,14,元富-林園,2023-05-03,5927
1310,台苯,15,1,14,元富-林園,2023-05-03,5927
2892,第一金,14,0,14,元富-林園,2023-05-03,5927
6167,久正,13,0,13,元富-林園,2023-05-03,5927
2417,圓剛,11,0,11,元富-林園,2023-05-03,5927
3060,銘異,11,0,11,元富-林園,2023-05-03,5927
00882,中信中國高股息,10,0,10,元富-林園,2023-05-03,5927
1447,力鵬,10,0,10,元富-林園,2023-05-03,5927
1736,喬山,10,0,10,元富-林園,2023-05-03,5927
1810,和成,10,0,10,元富-林園,2023-05-03,5927
2014,中鴻,10,0,10,元富-林園,2023-05-03,5927
3049,精金,10,0,10,元富-林園,2023-05-03,5927
5222,全訊,21,11,10,元富-林園,2023-05-03,5927
6625,必應,10,0,10,元富-林園,2023-05-03,5927
6770,力積電,11,1,10,元富-林園,2023-05-03,5927
6799,來頡,10,0,10,元富-林園,2023-05-03,5927
9945,潤泰新,10,0,10,元富-林園,2023-05-03,5927
1513,中興電,71,62,9,元富-林園,2023-05-03,5927
2022,聚亨,11,2,9,元富-林園,2023-05-03,5927
2615,萬海,15,6,9,元富-林園,2023-05-03,5927
2323,中環,8,0,8,元富-林園,2023-05-03,5927
2444,兆勁,8,0,8,元富-林園,2023-05-03,5927
2881A,富邦特,8,0,8,元富-林園,2023-05-03,5927
6143,振曜,10,2,8,元富-林園,2023-05-03,5927
2368,金像電,7,0,7,元富-林園,2023-05-03,5927
2457,飛宏,28,21,7,元富-林園,2023-05-03,5927
4102,永日,7,0,7,元富-林園,2023-05-03,5927
6235,華孚,7,0,7,元富-林園,2023-05-03,5927
8011,台通,7,0,7,元富-林園,2023-05-03,5927
5371,中光電,6,0,6,元富-林園,2023-05-03,5927
5425,台半,7,1,6,元富-林園,2023-05-03,5927
1312,國喬,6,0,6,元富-林園,2023-05-03,5927
2409,友達,12,6,6,元富-林園,2023-05-03,5927
4744,皇將,6,0,6,元富-林園,2023-05-03,5927
8940,新天地,6,0,6,元富-林園,2023-05-03,5927
00715L,期街口布蘭特正2,84,0,84,元富-林園,2023-05-04,5927
2892,第一金,52,0,52,元富-林園,2023-05-04,5927
00642U,期元大S＆P石油,37,0,37,元富-林園,2023-05-04,5927
00878,國泰永續高股息,56,20,36,元富-林園,2023-05-04,5927
4121,優盛,35,0,35,元富-林園,2023-05-04,5927
4108,懷特,37,3,34,元富-林園,2023-05-04,5927
2457,飛宏,30,4,26,元富-林園,2023-05-04,5927
2206,三陽工業,29,4,25,元富-林園,2023-05-04,5927
6834,天二科技,20,0,20,元富-林園,2023-05-04,5927
4979,華星光,19,0,19,元富-林園,2023-05-04,5927
3231,緯創,29,13,16,元富-林園,2023-05-04,5927
2328,廣宇,15,0,15,元富-林園,2023-05-04,5927
3419,譁裕,15,0,15,元富-林園,2023-05-04,5927
3675,德微,15,0,15,元富-林園,2023-05-04,5927
00712,復華富時不動產,13,0,13,元富-林園,2023-05-04,5927
1709,和益,25,12,13,元富-林園,2023-05-04,5927
2603,長榮,14,3,11,元富-林園,2023-05-04,5927
2368,金像電,11,0,11,元富-林園,2023-05-04,5927
2409,友達,12,2,10,元富-林園,2023-05-04,5927
2645,長榮航太,10,0,10,元富-林園,2023-05-04,5927
4953,緯軟,11,1,10,元富-林園,2023-05-04,5927
6282,康舒,12,2,10,元富-林園,2023-05-04,5927
8421,旭源,10,0,10,元富-林園,2023-05-04,5927
9925,新保,10,0,10,元富-林園,2023-05-04,5927
2208,台船,9,0,9,元富-林園,2023-05-04,5927
2890,永豐金,9,0,9,元富-林園,2023-05-04,5927
3078,僑威,9,0,9,元富-林園,2023-05-04,5927
1101,台泥,10,1,9,元富-林園,2023-05-04,5927
6753,龍德造船,9,1,8,元富-林園,2023-05-04,5927
6548,長科*,7,0,7,元富-林園,2023-05-04,5927
1514,亞力,9,2,7,元富-林園,2023-05-04,5927
2601,益航,7,0,7,元富-林園,2023-05-04,5927
2913,農林,8,1,7,元富-林園,2023-05-04,5927
1810,和成,33,27,6,元富-林園,2023-05-04,5927
2201,裕隆,7,1,6,元富-林園,2023-05-04,5927
2641,正德,8,2,6,元富-林園,2023-05-04,5927
4109,加捷生醫,6,0,6,元富-林園,2023-05-04,5927
5245,智晶,6,0,6,元富-林園,2023-05-04,5927
6116,彩晶,6,0,6,元富-林園,2023-05-04,5927
5701,劍湖山,5,0,5,元富-林園,2023-05-04,5927
1337,再生-KY,5,0,5,元富-林園,2023-05-04,5927
1216,統一,5,0,5,元富-林園,2023-05-04,5927
1714,和桐,5,0,5,元富-林園,2023-05-04,5927
2465,麗臺,5,0,5,元富-林園,2023-05-04,5927
2630,亞航,8,3,5,元富-林園,2023-05-04,5927
3071,協禧,5,0,5,元富-林園,2023-05-04,5927
6235,華孚,5,0,5,元富-林園,2023-05-04,5927
6790,永豐實,5,0,5,元富-林園,2023-05-04,5927
8936,國統,5,0,5,元富-林園,2023-05-04,5927
8069,元太,13,9,4,元富-林園,2023-05-04,5927
00878,國泰永續高股息,91,2,89,元富-林園,2023-05-05,5927
00715L,期街口布蘭特正2,81,0,81,元富-林園,2023-05-05,5927
1101,台泥,47,2,45,元富-林園,2023-05-05,5927
2511,太子,40,0,40,元富-林園,2023-05-05,5927
6443,元晶,48,10,38,元富-林園,2023-05-05,5927
2002,中鋼,36,0,36,元富-林園,2023-05-05,5927
1504,東元,33,3,30,元富-林園,2023-05-05,5927
6244,茂迪,39,16,23,元富-林園,2023-05-05,5927
1815,富喬,22,0,22,元富-林園,2023-05-05,5927
1810,和成,29,9,20,元富-林園,2023-05-05,5927
2471,資通,32,12,20,元富-林園,2023-05-05,5927
2457,飛宏,31,14,17,元富-林園,2023-05-05,5927
2368,金像電,23,8,15,元富-林園,2023-05-05,5927
2344,華邦電,26,12,14,元富-林園,2023-05-05,5927
3481,群創,16,3,13,元富-林園,2023-05-05,5927
00712,復華富時不動產,13,0,13,元富-林園,2023-05-05,5927
2834,臺企銀,23,10,13,元富-林園,2023-05-05,5927
3356,奇偶,20,7,13,元富-林園,2023-05-05,5927
5321,美而快,12,0,12,元富-林園,2023-05-05,5927
1310,台苯,11,0,11,元富-林園,2023-05-05,5927
2453,凌群,27,16,11,元富-林園,2023-05-05,5927
2892,第一金,11,0,11,元富-林園,2023-05-05,5927
2880,華南金,13,3,10,元富-林園,2023-05-05,5927
00919,群益台灣精選高息,10,0,10,元富-林園,2023-05-05,5927
2103,台橡,10,0,10,元富-林園,2023-05-05,5927
2460,建通,10,0,10,元富-林園,2023-05-05,5927
2495,普安,10,0,10,元富-林園,2023-05-05,5927
2610,華航,10,0,10,元富-林園,2023-05-05,5927
2883,凱基金,23,13,10,元富-林園,2023-05-05,5927
8215,明基材,10,0,10,元富-林園,2023-05-05,5927
1514,亞力,12,3,9,元富-林園,2023-05-05,5927
2409,友達,10,1,9,元富-林園,2023-05-05,5927
4916,事欣科,12,3,9,元富-林園,2023-05-05,5927
6829,千附精密,23,14,9,元富-林園,2023-05-05,5927
3081,聯亞,9,1,8,元富-林園,2023-05-05,5927
3715,定穎投控,10,2,8,元富-林園,2023-05-05,5927
3178,公準,7,0,7,元富-林園,2023-05-05,5927
4977,眾達-KY,7,0,7,元富-林園,2023-05-05,5927
00830,國泰費城半導體,6,0,6,元富-林園,2023-05-05,5927
1519,華城,6,0,6,元富-林園,2023-05-05,5927
1605,華新,10,4,6,元富-林園,2023-05-05,5927
1721,三晃,7,1,6,元富-林園,2023-05-05,5927
1727,中華化,6,0,6,元富-林園,2023-05-05,5927
3711,日月光投控,7,1,6,元富-林園,2023-05-05,5927
1434,福懋,5,0,5,元富-林園,2023-05-05,5927
2353,宏��,6,1,5,元富-林園,2023-05-05,5927
2408,南亞科,5,0,5,元富-林園,2023-05-05,5927
00632R,元大台灣50反1,5,0,5,元富-林園,2023-05-05,5927
1584,精剛,15,10,5,元富-林園,2023-05-05,5927
2472,立隆電,5,0,5,元富-林園,2023-05-05,5927
1605,華新,99,25,74,元富-林園,2023-05-08,5927
2883,凱基金,87,19,68,元富-林園,2023-05-08,5927
5512,力麒,60,0,60,元富-林園,2023-05-08,5927
3481,群創,60,2,58,元富-林園,2023-05-08,5927
3715,定穎投控,58,6,52,元富-林園,2023-05-08,5927
2338,光罩,28,0,28,元富-林園,2023-05-08,5927
2897,王道銀行,25,0,25,元富-林園,2023-05-08,5927
4121,優盛,26,1,25,元富-林園,2023-05-08,5927
6129,普誠,24,0,24,元富-林園,2023-05-08,5927
2014,中鴻,25,2,23,元富-林園,2023-05-08,5927
00878,國泰永續高股息,27,5,22,元富-林園,2023-05-08,5927
6148,驊宏資,22,0,22,元富-林園,2023-05-08,5927
2634,漢翔,32,11,21,元富-林園,2023-05-08,5927
4973,廣穎,20,0,20,元富-林園,2023-05-08,5927
8436,大江,19,0,19,元富-林園,2023-05-08,5927
2344,華邦電,21,3,18,元富-林園,2023-05-08,5927
9933,中鼎,18,0,18,元富-林園,2023-05-08,5927
3071,協禧,17,1,16,元富-林園,2023-05-08,5927
2109,華豐,15,0,15,元富-林園,2023-05-08,5927
2609,陽明,16,1,15,元富-林園,2023-05-08,5927
5465,富驊,17,2,15,元富-林園,2023-05-08,5927
00712,復華富時不動產,15,0,15,元富-林園,2023-05-08,5927
2371,大同,21,7,14,元富-林園,2023-05-08,5927
00679B,元大美債20年,12,0,12,元富-林園,2023-05-08,5927
6770,力積電,23,11,12,元富-林園,2023-05-08,5927
6125,廣運,11,0,11,元富-林園,2023-05-08,5927
2208,台船,12,1,11,元富-林園,2023-05-08,5927
4953,緯軟,11,0,11,元富-林園,2023-05-08,5927
8926,台汽電,12,1,11,元富-林園,2023-05-08,5927
00720B,元大投資級公司債,11,0,11,元富-林園,2023-05-08,5927
2834,臺企銀,11,1,10,元富-林園,2023-05-08,5927
4763,材料-KY,10,0,10,元富-林園,2023-05-08,5927
00923,群益台ESG低碳50,10,0,10,元富-林園,2023-05-08,5927
00772B,中信高評級公司債,10,0,10,元富-林園,2023-05-08,5927
1314,中石化,10,0,10,元富-林園,2023-05-08,5927
1570,力肯,10,0,10,元富-林園,2023-05-08,5927
2062,橋椿,10,0,10,元富-林園,2023-05-08,5927
2405,輔信,10,0,10,元富-林園,2023-05-08,5927
2630,亞航,13,3,10,元富-林園,2023-05-08,5927
4977,眾達-KY,10,0,10,元富-林園,2023-05-08,5927
1101,台泥,15,6,9,元富-林園,2023-05-08,5927
3027,盛達,16,7,9,元富-林園,2023-05-08,5927
5371,中光電,8,0,8,元富-林園,2023-05-08,5927
9962,有益,8,0,8,元富-林園,2023-05-08,5927
4164,承業醫,14,7,7,元富-林園,2023-05-08,5927
2409,友達,7,0,7,元富-林園,2023-05-08,5927
2641,正德,7,0,7,元富-林園,2023-05-08,5927
6244,茂迪,15,8,7,元富-林園,2023-05-08,5927
2206,三陽工業,8,2,6,元富-林園,2023-05-08,5927
1310,台苯,20,14,6,元富-林園,2023-05-08,5927
00687B,國泰20年美債,102,0,102,元富-林園,2023-05-09,5927
3481,群創,101,33,68,元富-林園,2023-05-09,5927
2460,建通,59,0,59,元富-林園,2023-05-09,5927
2303,聯電,57,0,57,元富-林園,2023-05-09,5927
00679B,元大美債20年,41,0,41,元富-林園,2023-05-09,5927
6443,元晶,47,18,29,元富-林園,2023-05-09,5927
2337,旺宏,36,7,29,元富-林園,2023-05-09,5927
3710,連展投控,32,3,29,元富-林園,2023-05-09,5927
4906,正文,28,0,28,元富-林園,2023-05-09,5927
2883,凱基金,41,16,25,元富-林園,2023-05-09,5927
00680L,元大美債20正2,25,0,25,元富-林園,2023-05-09,5927
2897,王道銀行,22,0,22,元富-林園,2023-05-09,5927
1514,亞力,29,8,21,元富-林園,2023-05-09,5927
1710,東聯,21,0,21,元富-林園,2023-05-09,5927
2489,瑞軒,20,0,20,元富-林園,2023-05-09,5927
2368,金像電,23,4,19,元富-林園,2023-05-09,5927
4919,新唐,20,3,17,元富-林園,2023-05-09,5927
2402,毅嘉,24,8,16,元富-林園,2023-05-09,5927
3058,立德,17,1,16,元富-林園,2023-05-09,5927
1609,大亞,21,7,14,元富-林園,2023-05-09,5927
1442,名軒,13,0,13,元富-林園,2023-05-09,5927
2031,新光鋼,12,0,12,元富-林園,2023-05-09,5927
1108,幸福,10,0,10,元富-林園,2023-05-09,5927
2312,金寶,10,0,10,元富-林園,2023-05-09,5927
4108,懷特,10,0,10,元富-林園,2023-05-09,5927
6234,高僑,12,2,10,元富-林園,2023-05-09,5927
8926,台汽電,10,0,10,元富-林園,2023-05-09,5927
2867,三商壽,10,1,9,元富-林園,2023-05-09,5927
2888,新光金,10,1,9,元富-林園,2023-05-09,5927
3363,上詮,10,1,9,元富-林園,2023-05-09,5927
2409,友達,21,13,8,元富-林園,2023-05-09,5927
2495,普安,8,0,8,元富-林園,2023-05-09,5927
6689,伊雲谷,12,4,8,元富-林園,2023-05-09,5927
6477,安集,9,2,7,元富-林園,2023-05-09,5927
1529,樂事綠能,7,0,7,元富-林園,2023-05-09,5927
2457,飛宏,31,24,7,元富-林園,2023-05-09,5927
3715,定穎投控,8,1,7,元富-林園,2023-05-09,5927
6163,華電網,16,9,7,元富-林園,2023-05-09,5927
00878,國泰永續高股息,9,3,6,元富-林園,2023-05-09,5927
1264,德麥,6,0,6,元富-林園,2023-05-09,5927
1308,亞聚,6,0,6,元富-林園,2023-05-09,5927
00902,中信電池及儲能,6,0,6,元富-林園,2023-05-09,5927
1513,中興電,14,8,6,元富-林園,2023-05-09,5927
2352,佳世達,7,1,6,元富-林園,2023-05-09,5927
2889,國票金,6,0,6,元富-林園,2023-05-09,5927
3312,弘憶股,6,0,6,元富-林園,2023-05-09,5927
3558,神準,6,0,6,元富-林園,2023-05-09,5927
5009,榮剛,6,0,6,元富-林園,2023-05-09,5927
5315,光聯,6,0,6,元富-林園,2023-05-09,5927
6153,嘉聯益,6,0,6,元富-林園,2023-05-09,5927
00687B,國泰20年美債,286,0,286,元富-林園,2023-05-10,5927
00637L,元大滬深300正2,152,0,152,元富-林園,2023-05-10,5927
00679B,元大美債20年,77,0,77,元富-林園,2023-05-10,5927
1609,大亞,172,116,56,元富-林園,2023-05-10,5927
3479,安勤,37,4,33,元富-林園,2023-05-10,5927
00878,國泰永續高股息,31,3,28,元富-林園,2023-05-10,5927
1337,再生-KY,30,3,27,元富-林園,2023-05-10,5927
3017,奇鋐,27,3,24,元富-林園,2023-05-10,5927
2618,長榮航,35,13,22,元富-林園,2023-05-10,5927
1104,環泥,21,0,21,元富-林園,2023-05-10,5927
2221,大甲,20,0,20,元富-林園,2023-05-10,5927
1513,中興電,20,1,19,元富-林園,2023-05-10,5927
1519,華城,18,0,18,元富-林園,2023-05-10,5927
2610,華航,23,5,18,元富-林園,2023-05-10,5927
3231,緯創,28,10,18,元富-林園,2023-05-10,5927
00688L,國泰20年美債正2,15,0,15,元富-林園,2023-05-10,5927
2380,虹光,15,2,13,元富-林園,2023-05-10,5927
3711,日月光投控,14,1,13,元富-林園,2023-05-10,5927
4915,致伸,13,0,13,元富-林園,2023-05-10,5927
8940,新天地,14,1,13,元富-林園,2023-05-10,5927
00713,元大台灣高息低波,12,0,12,元富-林園,2023-05-10,5927
2353,宏��,12,0,12,元富-林園,2023-05-10,5927
6235,華孚,18,6,12,元富-林園,2023-05-10,5927
3209,全科,16,5,11,元富-林園,2023-05-10,5927
1319,東陽,12,1,11,元富-林園,2023-05-10,5927
2409,友達,11,0,11,元富-林園,2023-05-10,5927
2413,環科,11,0,11,元富-林園,2023-05-10,5927
6274,台燿,11,0,11,元富-林園,2023-05-10,5927
3005,神基,10,0,10,元富-林園,2023-05-10,5927
2834,臺企銀,10,0,10,元富-林園,2023-05-10,5927
3325,旭品,10,0,10,元富-林園,2023-05-10,5927
3710,連展投控,10,0,10,元富-林園,2023-05-10,5927
4108,懷特,10,0,10,元富-林園,2023-05-10,5927
4977,眾達-KY,10,0,10,元富-林園,2023-05-10,5927
6179,亞通,15,5,10,元富-林園,2023-05-10,5927
6806,森崴能源,10,0,10,元富-林園,2023-05-10,5927
2471,資通,34,25,9,元富-林園,2023-05-10,5927
3058,立德,19,10,9,元富-林園,2023-05-10,5927
6122,擎邦,10,1,9,元富-林園,2023-05-10,5927
1605,華新,12,4,8,元富-林園,2023-05-10,5927
2105,正新,9,1,8,元富-林園,2023-05-10,5927
2882,國泰金,14,6,8,元富-林園,2023-05-10,5927
6244,茂迪,25,17,8,元富-林園,2023-05-10,5927
8215,明基材,10,2,8,元富-林園,2023-05-10,5927
1810,和成,11,4,7,元富-林園,2023-05-10,5927
3004,豐達科,12,5,7,元富-林園,2023-05-10,5927
3041,揚智,7,0,7,元富-林園,2023-05-10,5927
4979,華星光,12,5,7,元富-林園,2023-05-10,5927
5512,力麒,7,0,7,元富-林園,2023-05-10,5927
6829,千附精密,16,9,7,元富-林園,2023-05-10,5927
2890,永豐金,100,0,100,元富-林園,2023-05-11,5927
00632R,元大台灣50反1,102,30,72,元富-林園,2023-05-11,5927
2618,長榮航,64,11,53,元富-林園,2023-05-11,5927
2610,華航,46,5,41,元富-林園,2023-05-11,5927
6285,啟��,37,1,36,元富-林園,2023-05-11,5927
4510,高鋒,35,0,35,元富-林園,2023-05-11,5927
2029,盛餘,31,0,31,元富-林園,2023-05-11,5927
1104,環泥,35,5,30,元富-林園,2023-05-11,5927
1609,大亞,32,9,23,元富-林園,2023-05-11,5927
3481,群創,20,0,20,元富-林園,2023-05-11,5927
2104,國際中橡,17,0,17,元富-林園,2023-05-11,5927
2338,光罩,16,0,16,元富-林園,2023-05-11,5927
00679B,元大美債20年,16,0,16,元富-林園,2023-05-11,5927
4919,新唐,23,8,15,元富-林園,2023-05-11,5927
2388,威盛,18,3,15,元富-林園,2023-05-11,5927
2634,漢翔,18,4,14,元富-林園,2023-05-11,5927
00878,國泰永續高股息,14,1,13,元富-林園,2023-05-11,5927
2106,建大,13,0,13,元富-林園,2023-05-11,5927
2460,建通,12,0,12,元富-林園,2023-05-11,5927
3363,上詮,14,2,12,元富-林園,2023-05-11,5927
3535,晶彩科,12,0,12,元富-林園,2023-05-11,5927
1727,中華化,11,0,11,元富-林園,2023-05-11,5927
2457,飛宏,44,33,11,元富-林園,2023-05-11,5927
6527,明達醫,11,0,11,元富-林園,2023-05-11,5927
6770,力積電,13,2,11,元富-林園,2023-05-11,5927
1776,展宇,10,0,10,元富-林園,2023-05-11,5927
2014,中鴻,10,0,10,元富-林園,2023-05-11,5927
2105,正新,10,0,10,元富-林園,2023-05-11,5927
2108,南帝,10,0,10,元富-林園,2023-05-11,5927
2453,凌群,29,19,10,元富-林園,2023-05-11,5927
4167,松瑞藥,10,0,10,元富-林園,2023-05-11,5927
4973,廣穎,10,0,10,元富-林園,2023-05-11,5927
5488,松普,10,0,10,元富-林園,2023-05-11,5927
1101,台泥,12,3,9,元富-林園,2023-05-11,5927
1605,華新,10,1,9,元富-林園,2023-05-11,5927
1714,和桐,9,0,9,元富-林園,2023-05-11,5927
2208,台船,12,3,9,元富-林園,2023-05-11,5927
5512,力麒,9,0,9,元富-林園,2023-05-11,5927
8033,雷虎,9,1,8,元富-林園,2023-05-11,5927
00712,復華富時不動產,8,0,8,元富-林園,2023-05-11,5927
2630,亞航,30,22,8,元富-林園,2023-05-11,5927
4121,優盛,17,9,8,元富-林園,2023-05-11,5927
9907,統一實,8,0,8,元富-林園,2023-05-11,5927
2495,普安,7,0,7,元富-林園,2023-05-11,5927
2809,京城銀,7,0,7,元富-林園,2023-05-11,5927
6244,茂迪,13,6,7,元富-林園,2023-05-11,5927
2609,陽明,10,4,6,元富-林園,2023-05-11,5927
00900,富邦特選高股息30,6,0,6,元富-林園,2023-05-11,5927
1522,堤維西,6,0,6,元富-林園,2023-05-11,5927
2368,金像電,6,0,6,元富-林園,2023-05-11,5927
00637L,元大滬深300正2,192,0,192,元富-林園,2023-05-12,5927
2317,鴻海,60,4,56,元富-林園,2023-05-12,5927
4533,協易機,50,0,50,元富-林園,2023-05-12,5927
2883,凱基金,45,0,45,元富-林園,2023-05-12,5927
1101,台泥,42,2,40,元富-林園,2023-05-12,5927
00679B,元大美債20年,40,0,40,元富-林園,2023-05-12,5927
2834,臺企銀,31,0,31,元富-林園,2023-05-12,5927
2882,國泰金,31,0,31,元富-林園,2023-05-12,5927
3576,聯合再生,29,0,29,元富-林園,2023-05-12,5927
5531,鄉林,34,6,28,元富-林園,2023-05-12,5927
2888,新光金,29,6,23,元富-林園,2023-05-12,5927
1504,東元,22,2,20,元富-林園,2023-05-12,5927
4977,眾達-KY,20,1,19,元富-林園,2023-05-12,5927
3481,群創,23,6,17,元富-林園,2023-05-12,5927
1326,台化,16,0,16,元富-林園,2023-05-12,5927
2002,中鋼,15,0,15,元富-林園,2023-05-12,5927
8289,泰藝,15,0,15,元富-林園,2023-05-12,5927
6026,福邦證,14,0,14,元富-林園,2023-05-12,5927
6288,聯嘉,16,3,13,元富-林園,2023-05-12,5927
6234,高僑,13,1,12,元富-林園,2023-05-12,5927
1447,力鵬,11,0,11,元富-林園,2023-05-12,5927
2542,興富發,11,0,11,元富-林園,2023-05-12,5927
2618,長榮航,26,16,10,元富-林園,2023-05-12,5927
1108,幸福,10,0,10,元富-林園,2023-05-12,5927
6111,大宇資,13,3,10,元富-林園,2023-05-12,5927
1727,中華化,25,16,9,元富-林園,2023-05-12,5927
2388,威盛,12,3,9,元富-林園,2023-05-12,5927
3710,連展投控,9,0,9,元富-林園,2023-05-12,5927
5512,力麒,9,0,9,元富-林園,2023-05-12,5927
2303,聯電,9,0,9,元富-林園,2023-05-12,5927
00715L,期街口布蘭特正2,18,10,8,元富-林園,2023-05-12,5927
2471,資通,28,20,8,元富-林園,2023-05-12,5927
6285,啟��,19,11,8,元富-林園,2023-05-12,5927
4915,致伸,7,0,7,元富-林園,2023-05-12,5927
6770,力積電,7,0,7,元富-林園,2023-05-12,5927
1524,耿鼎,6,0,6,元富-林園,2023-05-12,5927
1514,亞力,8,2,6,元富-林園,2023-05-12,5927
00882,中信中國高股息,6,0,6,元富-林園,2023-05-12,5927
2014,中鴻,6,0,6,元富-林園,2023-05-12,5927
2103,台橡,6,0,6,元富-林園,2023-05-12,5927
2409,友達,6,0,6,元富-林園,2023-05-12,5927
6112,邁達特,10,4,6,元富-林園,2023-05-12,5927
6116,彩晶,6,0,6,元富-林園,2023-05-12,5927
6282,康舒,12,6,6,元富-林園,2023-05-12,5927
6689,伊雲谷,11,5,6,元富-林園,2023-05-12,5927
8926,台汽電,6,0,6,元富-林園,2023-05-12,5927
9958,世紀鋼,6,0,6,元富-林園,2023-05-12,5927
00712,復華富時不動產,5,0,5,元富-林園,2023-05-12,5927
00830,國泰費城半導體,5,0,5,元富-林園,2023-05-12,5927
2031,新光鋼,5,0,5,元富-林園,2023-05-12,5927
00637L,元大滬深300正2,134,1,133,元富-林園,2023-05-15,5927
00885,富邦越南,105,5,100,元富-林園,2023-05-15,5927
1101,台泥,60,2,58,元富-林園,2023-05-15,5927
00679B,元大美債20年,29,0,29,元富-林園,2023-05-15,5927
3231,緯創,38,9,29,元富-林園,2023-05-15,5927
2303,聯電,29,4,25,元富-林園,2023-05-15,5927
00878,國泰永續高股息,29,5,24,元富-林園,2023-05-15,5927
3479,安勤,30,8,22,元富-林園,2023-05-15,5927
3704,合勤控,22,0,22,元富-林園,2023-05-15,5927
2371,大同,95,74,21,元富-林園,2023-05-15,5927
00715L,期街口布蘭特正2,20,1,19,元富-林園,2023-05-15,5927
4763,材料-KY,15,0,15,元富-林園,2023-05-15,5927
5701,劍湖山,15,0,15,元富-林園,2023-05-15,5927
6770,力積電,14,0,14,元富-林園,2023-05-15,5927
2356,英業達,16,2,14,元富-林園,2023-05-15,5927
6443,元晶,29,15,14,元富-林園,2023-05-15,5927
5258,虹堡,18,5,13,元富-林園,2023-05-15,5927
3481,群創,13,0,13,元富-林園,2023-05-15,5927
1504,東元,22,10,12,元富-林園,2023-05-15,5927
6276,安鈦克,12,1,11,元富-林園,2023-05-15,5927
00713,元大台灣高息低波,10,0,10,元富-林園,2023-05-15,5927
00669R,國泰美國道瓊反1,10,0,10,元富-林園,2023-05-15,5927
1584,精剛,10,0,10,元富-林園,2023-05-15,5927
1784,訊聯,10,0,10,元富-林園,2023-05-15,5927
2221,大甲,10,0,10,元富-林園,2023-05-15,5927
6122,擎邦,10,0,10,元富-林園,2023-05-15,5927
9928,中視,10,0,10,元富-林園,2023-05-15,5927
2317,鴻海,9,0,9,元富-林園,2023-05-15,5927
2457,飛宏,31,22,9,元富-林園,2023-05-15,5927
2206,三陽工業,13,4,9,元富-林園,2023-05-15,5927
2103,台橡,8,0,8,元富-林園,2023-05-15,5927
00830,國泰費城半導體,7,0,7,元富-林園,2023-05-15,5927
4706,大恭,7,0,7,元富-林園,2023-05-15,5927
2344,華邦電,10,4,6,元富-林園,2023-05-15,5927
3004,豐達科,6,0,6,元富-林園,2023-05-15,5927
3041,揚智,6,0,6,元富-林園,2023-05-15,5927
6282,康舒,6,0,6,元富-林園,2023-05-15,5927
2520,冠德,6,0,6,元富-林園,2023-05-15,5927
00882,中信中國高股息,5,0,5,元富-林園,2023-05-15,5927
00712,復華富時不動產,5,0,5,元富-林園,2023-05-15,5927
2607,榮運,5,0,5,元富-林園,2023-05-15,5927
2734,易飛網,5,0,5,元富-林園,2023-05-15,5927
2897,王道銀行,5,0,5,元富-林園,2023-05-15,5927
3017,奇鋐,5,0,5,元富-林園,2023-05-15,5927
3058,立德,6,1,5,元富-林園,2023-05-15,5927
4503,金雨,5,0,5,元富-林園,2023-05-15,5927
6275,元山,5,0,5,元富-林園,2023-05-15,5927
6767,台微醫,5,0,5,元富-林園,2023-05-15,5927
8289,泰藝,5,0,5,元富-林園,2023-05-15,5927
9939,宏全,5,0,5,元富-林園,2023-05-15,5927
00687B,國泰20年美債,147,0,147,元富-林園,2023-05-16,5927
8936,國統,100,0,100,元富-林園,2023-05-16,5927
3303,岱稜,82,0,82,元富-林園,2023-05-16,5927
00632R,元大台灣50反1,61,0,61,元富-林園,2023-05-16,5927
2891,中信金,50,20,30,元富-林園,2023-05-16,5927
2317,鴻海,28,0,28,元富-林園,2023-05-16,5927
2471,資通,34,7,27,元富-林園,2023-05-16,5927
2402,毅嘉,27,3,24,元富-林園,2023-05-16,5927
2312,金寶,21,0,21,元富-林園,2023-05-16,5927
1316,上曜,20,0,20,元富-林園,2023-05-16,5927
00715L,期街口布蘭特正2,20,0,20,元富-林園,2023-05-16,5927
3673,TPK-KY,20,0,20,元富-林園,2023-05-16,5927
6016,康和證,20,0,20,元富-林園,2023-05-16,5927
4919,新唐,21,4,17,元富-林園,2023-05-16,5927
1504,東元,34,18,16,元富-林園,2023-05-16,5927
3481,群創,15,1,14,元富-林園,2023-05-16,5927
2734,易飛網,14,0,14,元富-林園,2023-05-16,5927
2323,中環,24,11,13,元富-林園,2023-05-16,5927
9907,統一實,12,0,12,元富-林園,2023-05-16,5927
2409,友達,11,0,11,元富-林園,2023-05-16,5927
2884,玉山金,20,10,10,元富-林園,2023-05-16,5927
00664R,國泰臺灣加權反1,10,0,10,元富-林園,2023-05-16,5927
00669R,國泰美國道瓊反1,10,0,10,元富-林園,2023-05-16,5927
2645,長榮航太,10,0,10,元富-林園,2023-05-16,5927
2913,農林,10,0,10,元富-林園,2023-05-16,5927
3715,定穎投控,11,1,10,元富-林園,2023-05-16,5927
4167,松瑞藥,10,0,10,元富-林園,2023-05-16,5927
4977,眾達-KY,11,1,10,元富-林園,2023-05-16,5927
8011,台通,12,2,10,元富-林園,2023-05-16,5927
8940,新天地,10,0,10,元富-林園,2023-05-16,5927
8183,精星,8,0,8,元富-林園,2023-05-16,5927
6244,茂迪,18,11,7,元富-林園,2023-05-16,5927
00885,富邦越南,6,0,6,元富-林園,2023-05-16,5927
1584,精剛,7,1,6,元富-林園,2023-05-16,5927
2633,台灣高鐵,10,4,6,元富-林園,2023-05-16,5927
4123,晟德,7,1,6,元富-林園,2023-05-16,5927
4967,十銓,18,12,6,元富-林園,2023-05-16,5927
5310,天剛,10,4,6,元富-林園,2023-05-16,5927
00878,國泰永續高股息,17,12,5,元富-林園,2023-05-16,5927
2881,富邦金,5,0,5,元富-林園,2023-05-16,5927
00712,復華富時不動產,5,0,5,元富-林園,2023-05-16,5927
2368,金像電,5,0,5,元富-林園,2023-05-16,5927
2601,益航,5,0,5,元富-林園,2023-05-16,5927
3035,智原,7,2,5,元富-林園,2023-05-16,5927
3057,喬鼎,5,0,5,元富-林園,2023-05-16,5927
6698,旭暉應材,5,0,5,元富-林園,2023-05-16,5927
2887,台新金,8,4,4,元富-林園,2023-05-16,5927
1519,華城,11,7,4,元富-林園,2023-05-16,5927
2377,微星,5,1,4,元富-林園,2023-05-16,5927
2609,陽明,6,2,4,元富-林園,2023-05-16,5927
2801,彰銀,203,1,202,元富-林園,2023-05-17,5927
8936,國統,203,3,200,元富-林園,2023-05-17,5927
00637L,元大滬深300正2,152,8,144,元富-林園,2023-05-17,5927
00687B,國泰20年美債,101,0,101,元富-林園,2023-05-17,5927
2890,永豐金,100,0,100,元富-林園,2023-05-17,5927
3231,緯創,45,19,26,元富-林園,2023-05-17,5927
3479,安勤,25,3,22,元富-林園,2023-05-17,5927
00715L,期街口布蘭特正2,21,0,21,元富-林園,2023-05-17,5927
2337,旺宏,24,3,21,元富-林園,2023-05-17,5927
1617,榮星,22,5,17,元富-林園,2023-05-17,5927
00664R,國泰臺灣加權反1,15,0,15,元富-林園,2023-05-17,5927
2402,毅嘉,42,27,15,元富-林園,2023-05-17,5927
4979,華星光,16,2,14,元富-林園,2023-05-17,5927
3027,盛達,13,0,13,元富-林園,2023-05-17,5927
3583,辛耘,13,0,13,元富-林園,2023-05-17,5927
2338,光罩,12,0,12,元富-林園,2023-05-17,5927
2881,富邦金,12,1,11,元富-林園,2023-05-17,5927
00900,富邦特選高股息30,10,0,10,元富-林園,2023-05-17,5927
2312,金寶,10,0,10,元富-林園,2023-05-17,5927
2634,漢翔,20,10,10,元富-林園,2023-05-17,5927
3088,艾訊,10,0,10,元富-林園,2023-05-17,5927
3264,欣銓,10,0,10,元富-林園,2023-05-17,5927
4533,協易機,8,0,8,元富-林園,2023-05-17,5927
8222,寶一,10,2,8,元富-林園,2023-05-17,5927
1609,大亞,16,9,7,元富-林園,2023-05-17,5927
6282,康舒,10,3,7,元富-林園,2023-05-17,5927
00712,復華富時不動產,6,0,6,元富-林園,2023-05-17,5927
6697,東捷資訊,6,0,6,元富-林園,2023-05-17,5927
2303,聯電,9,3,6,元富-林園,2023-05-17,5927
00830,國泰費城半導體,5,0,5,元富-林園,2023-05-17,5927
1104,環泥,5,0,5,元富-林園,2023-05-17,5927
3035,智原,7,2,5,元富-林園,2023-05-17,5927
4138,曜亞,6,1,5,元富-林園,2023-05-17,5927
4706,大恭,5,0,5,元富-林園,2023-05-17,5927
5464,霖宏,7,2,5,元富-林園,2023-05-17,5927
6285,啟��,6,2,4,元富-林園,2023-05-17,5927
00772B,中信高評級公司債,5,1,4,元富-林園,2023-05-17,5927
00751B,元大AAA至A公司債,4,0,4,元富-林園,2023-05-17,5927
00633L,富邦上証正2,4,0,4,元富-林園,2023-05-17,5927
2356,英業達,11,7,4,元富-林園,2023-05-17,5927
3312,弘憶股,4,0,4,元富-林園,2023-05-17,5927
3441,聯一光,5,1,4,元富-林園,2023-05-17,5927
5351,鈺創,9,5,4,元富-林園,2023-05-17,5927
8049,晶采,4,0,4,元富-林園,2023-05-17,5927
9943,好樂迪,4,0,4,元富-林園,2023-05-17,5927
1709,和益,3,0,3,元富-林園,2023-05-17,5927
2409,友達,5,2,3,元富-林園,2023-05-17,5927
2421,建準,5,2,3,元富-林園,2023-05-17,5927
2498,宏達電,3,0,3,元富-林園,2023-05-17,5927
2530,華建,3,0,3,元富-林園,2023-05-17,5927
2801,彰銀,700,0,700,元富-林園,2023-05-18,5927
8936,國統,300,1,299,元富-林園,2023-05-18,5927
00632R,元大台灣50反1,131,0,131,元富-林園,2023-05-18,5927
3675,德微,63,14,49,元富-林園,2023-05-18,5927
1314,中石化,25,1,24,元富-林園,2023-05-18,5927
2409,友達,24,1,23,元富-林園,2023-05-18,5927
3481,群創,32,10,22,元富-林園,2023-05-18,5927
5880,合庫金,16,0,16,元富-林園,2023-05-18,5927
1718,中纖,16,0,16,元富-林園,2023-05-18,5927
6026,福邦證,14,0,14,元富-林園,2023-05-18,5927
1609,大亞,28,15,13,元富-林園,2023-05-18,5927
2382,廣達,16,3,13,元富-林園,2023-05-18,5927
3003,健和興,13,1,12,元富-林園,2023-05-18,5927
8076,伍豐,38,26,12,元富-林園,2023-05-18,5927
1608,華榮,12,1,11,元富-林園,2023-05-18,5927
2312,金寶,10,0,10,元富-林園,2023-05-18,5927
2736,富野,11,1,10,元富-林園,2023-05-18,5927
4533,協易機,10,0,10,元富-林園,2023-05-18,5927
4923,力士,10,0,10,元富-林園,2023-05-18,5927
4938,和碩,11,1,10,元富-林園,2023-05-18,5927
4977,眾達-KY,20,10,10,元富-林園,2023-05-18,5927
8121,越峰,10,0,10,元富-林園,2023-05-18,5927
2371,大同,14,4,10,元富-林園,2023-05-18,5927
00669R,國泰美國道瓊反1,9,0,9,元富-林園,2023-05-18,5927
00772B,中信高評級公司債,9,0,9,元富-林園,2023-05-18,5927
6770,力積電,9,0,9,元富-林園,2023-05-18,5927
1101,台泥,8,0,8,元富-林園,2023-05-18,5927
1471,首利,8,0,8,元富-林園,2023-05-18,5927
2388,威盛,9,1,8,元富-林園,2023-05-18,5927
3078,僑威,8,0,8,元富-林園,2023-05-18,5927
5512,力麒,8,0,8,元富-林園,2023-05-18,5927
6244,茂迪,17,9,8,元富-林園,2023-05-18,5927
1442,名軒,7,0,7,元富-林園,2023-05-18,5927
2332,友訊,7,0,7,元富-林園,2023-05-18,5927
3673,TPK-KY,9,2,7,元富-林園,2023-05-18,5927
4168,醣聯,7,0,7,元富-林園,2023-05-18,5927
2603,長榮,6,0,6,元富-林園,2023-05-18,5927
00664R,國泰臺灣加權反1,6,0,6,元富-林園,2023-05-18,5927
1612,宏泰,7,1,6,元富-林園,2023-05-18,5927
1905,華紙,8,2,6,元富-林園,2023-05-18,5927
2495,普安,6,0,6,元富-林園,2023-05-18,5927
6477,安集,6,0,6,元富-林園,2023-05-18,5927
2323,中環,7,1,6,元富-林園,2023-05-18,5927
2887,台新金,10,5,5,元富-林園,2023-05-18,5927
2834,臺企銀,5,0,5,元富-林園,2023-05-18,5927
6125,廣運,5,0,5,元富-林園,2023-05-18,5927
00687B,國泰20年美債,5,0,5,元富-林園,2023-05-18,5927
00713,元大台灣高息低波,5,0,5,元富-林園,2023-05-18,5927
00720B,元大投資級公司債,5,0,5,元富-林園,2023-05-18,5927
1337,再生-KY,5,0,5,元富-林園,2023-05-18,5927
3444,利機,150,2,148,元富-林園,2023-05-19,5927
00632R,元大台灣50反1,105,0,105,元富-林園,2023-05-19,5927
8936,國統,100,0,100,元富-林園,2023-05-19,5927
2453,凌群,61,10,51,元富-林園,2023-05-19,5927
1609,大亞,70,19,51,元富-林園,2023-05-19,5927
00664R,國泰臺灣加權反1,41,0,41,元富-林園,2023-05-19,5927
3481,群創,40,2,38,元富-林園,2023-05-19,5927
3704,合勤控,42,5,37,元富-林園,2023-05-19,5927
2457,飛宏,50,15,35,元富-林園,2023-05-19,5927
2371,大同,27,1,26,元富-林園,2023-05-19,5927
1905,華紙,26,1,25,元富-林園,2023-05-19,5927
5512,力麒,24,0,24,元富-林園,2023-05-19,5927
3607,谷崧,20,0,20,元富-林園,2023-05-19,5927
2887,台新金,21,1,20,元富-林園,2023-05-19,5927
1584,精剛,19,2,17,元富-林園,2023-05-19,5927
3479,安勤,20,3,17,元富-林園,2023-05-19,5927
2801,彰銀,16,0,16,元富-林園,2023-05-19,5927
2323,中環,49,33,16,元富-林園,2023-05-19,5927
5258,虹堡,14,0,14,元富-林園,2023-05-19,5927
5009,榮剛,21,8,13,元富-林園,2023-05-19,5927
2722,夏都,14,1,13,元富-林園,2023-05-19,5927
3027,盛達,15,2,13,元富-林園,2023-05-19,5927
6235,華孚,16,3,13,元富-林園,2023-05-19,5927
1314,中石化,12,0,12,元富-林園,2023-05-19,5927
00687B,國泰20年美債,12,0,12,元富-林園,2023-05-19,5927
3029,零壹,38,27,11,元富-林園,2023-05-19,5927
4766,南寶,11,0,11,元富-林園,2023-05-19,5927
8222,寶一,13,3,10,元富-林園,2023-05-19,5927
00885,富邦越南,10,0,10,元富-林園,2023-05-19,5927
2641,正德,10,0,10,元富-林園,2023-05-19,5927
2705,六福,20,10,10,元富-林園,2023-05-19,5927
3652,精聯,9,0,9,元富-林園,2023-05-19,5927
6531,愛普*,11,2,9,元富-林園,2023-05-19,5927
2442,新美齊,9,0,9,元富-林園,2023-05-19,5927
1612,宏泰,8,0,8,元富-林園,2023-05-19,5927
1711,永光,8,0,8,元富-林園,2023-05-19,5927
3003,健和興,10,2,8,元富-林園,2023-05-19,5927
6163,華電網,8,0,8,元富-林園,2023-05-19,5927
00772B,中信高評級公司債,8,0,8,元富-林園,2023-05-19,5927
6285,啟��,7,0,7,元富-林園,2023-05-19,5927
00715L,期街口布蘭特正2,7,0,7,元富-林園,2023-05-19,5927
1514,亞力,7,0,7,元富-林園,2023-05-19,5927
1810,和成,19,12,7,元富-林園,2023-05-19,5927
2471,資通,39,32,7,元富-林園,2023-05-19,5927
6182,合晶,8,1,7,元富-林園,2023-05-19,5927
00882,中信中國高股息,6,0,6,元富-林園,2023-05-19,5927
1301,台塑,7,1,6,元富-林園,2023-05-19,5927
1104,環泥,6,0,6,元富-林園,2023-05-19,5927
1504,東元,86,80,6,元富-林園,2023-05-19,5927
1529,樂事綠能,7,1,6,元富-林園,2023-05-19,5927
3444,利機,150,2,148,元富-林園,2023-05-22,5927
8936,國統,100,1,99,元富-林園,2023-05-22,5927
6142,友勁,46,3,43,元富-林園,2023-05-22,5927
1307,三芳,40,0,40,元富-林園,2023-05-22,5927
00715L,期街口布蘭特正2,40,2,38,元富-林園,2023-05-22,5927
2303,聯電,34,0,34,元富-林園,2023-05-22,5927
2929,淘帝-KY,30,0,30,元富-林園,2023-05-22,5927
8935,邦泰,30,0,30,元富-林園,2023-05-22,5927
6770,力積電,43,16,27,元富-林園,2023-05-22,5927
00651R,復華香港反1,25,0,25,元富-林園,2023-05-22,5927
2812,台中銀,22,0,22,元富-林園,2023-05-22,5927
5324,士開,22,0,22,元富-林園,2023-05-22,5927
00885,富邦越南,20,0,20,元富-林園,2023-05-22,5927
00632R,元大台灣50反1,19,0,19,元富-林園,2023-05-22,5927
3056,富華新,20,1,19,元富-林園,2023-05-22,5927
2352,佳世達,18,0,18,元富-林園,2023-05-22,5927
2457,飛宏,35,17,18,元富-林園,2023-05-22,5927
2897,王道銀行,18,0,18,元富-林園,2023-05-22,5927
2834,臺企銀,21,4,17,元富-林園,2023-05-22,5927
6148,驊宏資,25,9,16,元富-林園,2023-05-22,5927
3058,立德,15,1,14,元富-林園,2023-05-22,5927
6125,廣運,14,2,12,元富-林園,2023-05-22,5927
6235,華孚,24,12,12,元富-林園,2023-05-22,5927
2388,威盛,17,6,11,元富-林園,2023-05-22,5927
2892,第一金,10,0,10,元富-林園,2023-05-22,5927
1314,中石化,10,0,10,元富-林園,2023-05-22,5927
00772B,中信高評級公司債,10,0,10,元富-林園,2023-05-22,5927
2301,光寶科,10,0,10,元富-林園,2023-05-22,5927
3004,豐達科,10,0,10,元富-林園,2023-05-22,5927
3522,御嵿,10,0,10,元富-林園,2023-05-22,5927
6218,豪勉,11,1,10,元富-林園,2023-05-22,5927
1609,大亞,40,30,10,元富-林園,2023-05-22,5927
1513,中興電,26,16,10,元富-林園,2023-05-22,5927
00669R,國泰美國道瓊反1,9,0,9,元富-林園,2023-05-22,5927
00687B,國泰20年美債,10,1,9,元富-林園,2023-05-22,5927
2801,彰銀,10,1,9,元富-林園,2023-05-22,5927
3017,奇鋐,9,0,9,元富-林園,2023-05-22,5927
4766,南寶,9,0,9,元富-林園,2023-05-22,5927
9945,潤泰新,10,1,9,元富-林園,2023-05-22,5927
2884,玉山金,13,5,8,元富-林園,2023-05-22,5927
3206,志豐,8,1,7,元富-林園,2023-05-22,5927
2408,南亞科,11,5,6,元富-林園,2023-05-22,5927
2838A,聯邦銀甲特,6,0,6,元富-林園,2023-05-22,5927
3202,樺晟,8,2,6,元富-林園,2023-05-22,5927
00655L,國泰中國A50正2,5,0,5,元富-林園,2023-05-22,5927
1605,華新,6,1,5,元富-林園,2023-05-22,5927
2313,華通,5,0,5,元富-林園,2023-05-22,5927
2382,廣達,8,3,5,元富-林園,2023-05-22,5927
3231,緯創,26,21,5,元富-林園,2023-05-22,5927
4977,眾達-KY,10,5,5,元富-林園,2023-05-22,5927
00687B,國泰20年美債,210,0,210,元富-林園,2023-05-23,5927
00637L,元大滬深300正2,156,0,156,元富-林園,2023-05-23,5927
2886,兆豐金,81,0,81,元富-林園,2023-05-23,5927
00676R,富邦臺灣加權反1,53,0,53,元富-林園,2023-05-23,5927
00893,國泰智能電動車,43,0,43,元富-林園,2023-05-23,5927
3479,安勤,41,1,40,元富-林園,2023-05-23,5927
1516,川飛,35,0,35,元富-林園,2023-05-23,5927
2025,千興,30,0,30,元富-林園,2023-05-23,5927
2610,華航,69,43,26,元富-林園,2023-05-23,5927
00772B,中信高評級公司債,22,0,22,元富-林園,2023-05-23,5927
3704,合勤控,22,1,21,元富-林園,2023-05-23,5927
6109,亞元,21,0,21,元富-林園,2023-05-23,5927
2409,友達,33,13,20,元富-林園,2023-05-23,5927
1460,宏遠,20,0,20,元富-林園,2023-05-23,5927
2313,華通,19,0,19,元富-林園,2023-05-23,5927
4763,材料-KY,16,0,16,元富-林園,2023-05-23,5927
1513,中興電,40,25,15,元富-林園,2023-05-23,5927
1605,華新,16,1,15,元富-林園,2023-05-23,5927
4541,晟田,37,22,15,元富-林園,2023-05-23,5927
1219,福壽,15,1,14,元富-林園,2023-05-23,5927
00882,中信中國高股息,13,0,13,元富-林園,2023-05-23,5927
00878,國泰永續高股息,26,13,13,元富-林園,2023-05-23,5927
2609,陽明,14,1,13,元富-林園,2023-05-23,5927
4173,久裕,12,0,12,元富-林園,2023-05-23,5927
1528,恩德,11,0,11,元富-林園,2023-05-23,5927
2421,建準,25,14,11,元富-林園,2023-05-23,5927
5905,南仁湖,13,2,11,元富-林園,2023-05-23,5927
2303,聯電,12,1,11,元富-林園,2023-05-23,5927
2344,華邦電,17,7,10,元富-林園,2023-05-23,5927
00690,兆豐藍籌30,10,0,10,元富-林園,2023-05-23,5927
00632R,元大台灣50反1,10,0,10,元富-林園,2023-05-23,5927
00664R,國泰臺灣加權反1,10,0,10,元富-林園,2023-05-23,5927
2616,山隆,10,0,10,元富-林園,2023-05-23,5927
2889,國票金,10,0,10,元富-林園,2023-05-23,5927
2906,高林,10,0,10,元富-林園,2023-05-23,5927
3231,緯創,23,13,10,元富-林園,2023-05-23,5927
3522,御嵿,10,0,10,元富-林園,2023-05-23,5927
4526,東台,10,0,10,元富-林園,2023-05-23,5927
6244,茂迪,10,0,10,元富-林園,2023-05-23,5927
6508,惠光,10,0,10,元富-林園,2023-05-23,5927
2368,金像電,9,0,9,元富-林園,2023-05-23,5927
1101,台泥,10,1,9,元富-林園,2023-05-23,5927
2317,鴻海,10,1,9,元富-林園,2023-05-23,5927
4533,協易機,9,0,9,元富-林園,2023-05-23,5927
1504,東元,10,2,8,元富-林園,2023-05-23,5927
2736,富野,9,1,8,元富-林園,2023-05-23,5927
2897,王道銀行,8,0,8,元富-林園,2023-05-23,5927
8074,鉅橡,8,0,8,元富-林園,2023-05-23,5927
8940,新天地,15,7,8,元富-林園,2023-05-23,5927
2014,中鴻,7,0,7,元富-林園,2023-05-23,5927
00637L,元大滬深300正2,356,0,356,元富-林園,2023-05-24,5927
8936,國統,200,0,200,元富-林園,2023-05-24,5927
00676R,富邦臺灣加權反1,133,0,133,元富-林園,2023-05-24,5927
00712,復華富時不動產,82,0,82,元富-林園,2023-05-24,5927
2634,漢翔,95,33,62,元富-林園,2023-05-24,5927
2605,新興,52,0,52,元富-林園,2023-05-24,5927
9944,新麗,50,0,50,元富-林園,2023-05-24,5927
5880,合庫金,41,1,40,元富-林園,2023-05-24,5927
00641R,富邦日本反1,32,0,32,元富-林園,2023-05-24,5927
1605,華新,33,1,32,元富-林園,2023-05-24,5927
2892,第一金,30,0,30,元富-林園,2023-05-24,5927
2834,臺企銀,30,1,29,元富-林園,2023-05-24,5927
00665L,富邦�琤肭磪囓�2,25,0,25,元富-林園,2023-05-24,5927
1432,大魯閣,23,0,23,元富-林園,2023-05-24,5927
2888,新光金,32,9,23,元富-林園,2023-05-24,5927
2609,陽明,23,3,20,元富-林園,2023-05-24,5927
1905,華紙,37,19,18,元富-林園,2023-05-24,5927
2312,金寶,20,2,18,元富-林園,2023-05-24,5927
4919,新唐,16,2,14,元富-林園,2023-05-24,5927
6223,旺矽,14,0,14,元富-林園,2023-05-24,5927
00679B,元大美債20年,13,0,13,元富-林園,2023-05-24,5927
3479,安勤,11,0,11,元富-林園,2023-05-24,5927
2801,彰銀,10,0,10,元富-林園,2023-05-24,5927
1784,訊聯,20,10,10,元富-林園,2023-05-24,5927
2009,第一銅,10,0,10,元富-林園,2023-05-24,5927
3481,群創,30,20,10,元富-林園,2023-05-24,5927
4526,東台,10,0,10,元富-林園,2023-05-24,5927
8928,鉅明,10,0,10,元富-林園,2023-05-24,5927
00878,國泰永續高股息,15,5,10,元富-林園,2023-05-24,5927
1460,宏遠,10,1,9,元富-林園,2023-05-24,5927
3303,岱稜,9,0,9,元富-林園,2023-05-24,5927
8271,宇瞻,10,1,9,元富-林園,2023-05-24,5927
3004,豐達科,10,2,8,元富-林園,2023-05-24,5927
3035,智原,10,2,8,元富-林園,2023-05-24,5927
00664R,國泰臺灣加權反1,8,0,8,元富-林園,2023-05-24,5927
2337,旺宏,8,0,8,元富-林園,2023-05-24,5927
2371,大同,11,3,8,元富-林園,2023-05-24,5927
3622,洋華,8,0,8,元富-林園,2023-05-24,5927
1513,中興電,45,38,7,元富-林園,2023-05-24,5927
1598,岱宇,7,0,7,元富-林園,2023-05-24,5927
2328,廣宇,7,0,7,元富-林園,2023-05-24,5927
6111,大宇資,16,9,7,元富-林園,2023-05-24,5927
6143,振曜,7,0,7,元富-林園,2023-05-24,5927
6477,安集,8,1,7,元富-林園,2023-05-24,5927
6689,伊雲谷,9,2,7,元富-林園,2023-05-24,5927
1504,東元,15,9,6,元富-林園,2023-05-24,5927
1584,精剛,7,1,6,元富-林園,2023-05-24,5927
1709,和益,6,0,6,元富-林園,2023-05-24,5927
2498,宏達電,7,1,6,元富-林園,2023-05-24,5927
2702,華園,7,1,6,元富-林園,2023-05-24,5927
00637L,元大滬深300正2,255,13,242,元富-林園,2023-05-25,5927
8936,國統,150,0,150,元富-林園,2023-05-25,5927
00632R,元大台灣50反1,94,0,94,元富-林園,2023-05-25,5927
2457,飛宏,57,5,52,元富-林園,2023-05-25,5927
3710,連展投控,41,0,41,元富-林園,2023-05-25,5927
00882,中信中國高股息,38,0,38,元富-林園,2023-05-25,5927
2887,台新金,47,9,38,元富-林園,2023-05-25,5927
2706,第一店,38,5,33,元富-林園,2023-05-25,5927
5880,合庫金,30,0,30,元富-林園,2023-05-25,5927
00712,復華富時不動產,30,0,30,元富-林園,2023-05-25,5927
00687B,國泰20年美債,28,0,28,元富-林園,2023-05-25,5927
2603,長榮,28,3,25,元富-林園,2023-05-25,5927
3511,矽瑪,29,8,21,元富-林園,2023-05-25,5927
6005,群益證,20,0,20,元富-林園,2023-05-25,5927
2349,錸德,20,2,18,元富-林園,2023-05-25,5927
2399,映泰,22,4,18,元富-林園,2023-05-25,5927
2415,錩新,17,0,17,元富-林園,2023-05-25,5927
3303,岱稜,17,0,17,元富-林園,2023-05-25,5927
6143,振曜,16,0,16,元富-林園,2023-05-25,5927
5512,力麒,16,0,16,元富-林園,2023-05-25,5927
1514,亞力,15,2,13,元富-林園,2023-05-25,5927
8450,霹靂,13,0,13,元富-林園,2023-05-25,5927
00680L,元大美債20正2,12,0,12,元富-林園,2023-05-25,5927
3324,雙鴻,18,6,12,元富-林園,2023-05-25,5927
1513,中興電,18,7,11,元富-林園,2023-05-25,5927
2882,國泰金,11,0,11,元富-林園,2023-05-25,5927
3003,健和興,12,1,11,元富-林園,2023-05-25,5927
8088,品安,13,2,11,元富-林園,2023-05-25,5927
1101,台泥,13,3,10,元富-林園,2023-05-25,5927
00830,國泰費城半導體,10,0,10,元富-林園,2023-05-25,5927
1314,中石化,10,0,10,元富-林園,2023-05-25,5927
1709,和益,10,0,10,元富-林園,2023-05-25,5927
2312,金寶,10,0,10,元富-林園,2023-05-25,5927
2611,志信,22,12,10,元富-林園,2023-05-25,5927
2915,潤泰全,10,0,10,元富-林園,2023-05-25,5927
3607,谷崧,10,0,10,元富-林園,2023-05-25,5927
4536,拓凱,10,0,10,元富-林園,2023-05-25,5927
4953,緯軟,10,0,10,元富-林園,2023-05-25,5927
8415,大國鋼,10,0,10,元富-林園,2023-05-25,5927
00900,富邦特選高股息30,9,0,9,元富-林園,2023-05-25,5927
1584,精剛,11,2,9,元富-林園,2023-05-25,5927
2471,資通,29,20,9,元富-林園,2023-05-25,5927
1605,華新,10,1,9,元富-林園,2023-05-25,5927
00878,國泰永續高股息,11,3,8,元富-林園,2023-05-25,5927
1310,台苯,11,3,8,元富-林園,2023-05-25,5927
2442,新美齊,18,10,8,元富-林園,2023-05-25,5927
2633,台灣高鐵,8,0,8,元富-林園,2023-05-25,5927
6148,驊宏資,8,0,8,元富-林園,2023-05-25,5927
2303,聯電,8,1,7,元富-林園,2023-05-25,5927
2498,宏達電,18,11,7,元富-林園,2023-05-25,5927
00632R,元大台灣50反1,613,10,603,元富-林園,2023-05-26,5927
00687B,國泰20年美債,210,0,210,元富-林園,2023-05-26,5927
00637L,元大滬深300正2,205,6,199,元富-林園,2023-05-26,5927
8936,國統,100,0,100,元富-林園,2023-05-26,5927
00676R,富邦臺灣加權反1,87,0,87,元富-林園,2023-05-26,5927
2323,中環,96,43,53,元富-林園,2023-05-26,5927
00642U,期元大S＆P石油,50,0,50,元富-林園,2023-05-26,5927
2030,彰源,50,0,50,元富-林園,2023-05-26,5927
2495,普安,48,0,48,元富-林園,2023-05-26,5927
5533,皇鼎,44,0,44,元富-林園,2023-05-26,5927
1802,台玻,35,0,35,元富-林園,2023-05-26,5927
3303,岱稜,32,0,32,元富-林園,2023-05-26,5927
5452,佶優,30,0,30,元富-林園,2023-05-26,5927
2371,大同,41,14,27,元富-林園,2023-05-26,5927
3027,盛達,26,0,26,元富-林園,2023-05-26,5927
2812,台中銀,25,0,25,元富-林園,2023-05-26,5927
2332,友訊,23,0,23,元富-林園,2023-05-26,5927
2312,金寶,23,0,23,元富-林園,2023-05-26,5927
2313,華通,40,17,23,元富-林園,2023-05-26,5927
1609,大亞,74,52,22,元富-林園,2023-05-26,5927
00882,中信中國高股息,21,0,21,元富-林園,2023-05-26,5927
00715L,期街口布蘭特正2,21,0,21,元富-林園,2023-05-26,5927
1217,愛之味,20,0,20,元富-林園,2023-05-26,5927
4938,和碩,20,0,20,元富-林園,2023-05-26,5927
6015,宏遠證,20,0,20,元富-林園,2023-05-26,5927
2883,凱基金,19,1,18,元富-林園,2023-05-26,5927
1504,東元,23,7,16,元富-林園,2023-05-26,5927
3058,立德,16,0,16,元富-林園,2023-05-26,5927
6282,康舒,18,2,16,元富-林園,2023-05-26,5927
3025,星通,16,1,15,元富-林園,2023-05-26,5927
1605,華新,39,25,14,元富-林園,2023-05-26,5927
3026,禾伸堂,14,0,14,元富-林園,2023-05-26,5927
2108,南帝,13,0,13,元富-林園,2023-05-26,5927
6148,驊宏資,54,41,13,元富-林園,2023-05-26,5927
8011,台通,13,1,12,元富-林園,2023-05-26,5927
00712,復華富時不動產,11,0,11,元富-林園,2023-05-26,5927
4979,華星光,12,1,11,元富-林園,2023-05-26,5927
2611,志信,11,0,11,元富-林園,2023-05-26,5927
3264,欣銓,22,11,11,元富-林園,2023-05-26,5927
8234,新漢,11,0,11,元富-林園,2023-05-26,5927
00902,中信電池及儲能,10,0,10,元富-林園,2023-05-26,5927
1314,中石化,10,0,10,元富-林園,2023-05-26,5927
1612,宏泰,10,0,10,元富-林園,2023-05-26,5927
1709,和益,10,0,10,元富-林園,2023-05-26,5927
2736,富野,26,16,10,元富-林園,2023-05-26,5927
5531,鄉林,10,0,10,元富-林園,2023-05-26,5927
2637,慧洋-KY,10,0,10,元富-林園,2023-05-26,5927
3231,緯創,57,47,10,元富-林園,2023-05-26,5927
1101,台泥,11,1,10,元富-林園,2023-05-26,5927
1514,亞力,10,1,9,元富-林園,2023-05-26,5927
8936,國統,150,0,150,元富-林園,2023-05-29,5927
3444,利機,103,7,96,元富-林園,2023-05-29,5927
2881,富邦金,72,0,72,元富-林園,2023-05-29,5927
2618,長榮航,120,53,67,元富-林園,2023-05-29,5927
1314,中石化,68,1,67,元富-林園,2023-05-29,5927
2867,三商壽,53,0,53,元富-林園,2023-05-29,5927
3617,碩天,50,0,50,元富-林園,2023-05-29,5927
5328,華容,40,3,37,元富-林園,2023-05-29,5927
3017,奇鋐,37,3,34,元富-林園,2023-05-29,5927
00893,國泰智能電動車,45,13,32,元富-林園,2023-05-29,5927
2812,台中銀,29,0,29,元富-林園,2023-05-29,5927
2886,兆豐金,28,0,28,元富-林園,2023-05-29,5927
5512,力麒,30,3,27,元富-林園,2023-05-29,5927
2706,第一店,25,0,25,元富-林園,2023-05-29,5927
2888,新光金,24,2,22,元富-林園,2023-05-29,5927
2323,中環,24,3,21,元富-林園,2023-05-29,5927
2352,佳世達,22,1,21,元富-林園,2023-05-29,5927
3264,欣銓,22,2,20,元富-林園,2023-05-29,5927
5465,富驊,36,16,20,元富-林園,2023-05-29,5927
3704,合勤控,22,3,19,元富-林園,2023-05-29,5927
2317,鴻海,55,37,18,元富-林園,2023-05-29,5927
00687B,國泰20年美債,17,0,17,元富-林園,2023-05-29,5927
3037,欣興,22,6,16,元富-林園,2023-05-29,5927
6148,驊宏資,47,31,16,元富-林園,2023-05-29,5927
4938,和碩,15,0,15,元富-林園,2023-05-29,5927
5864,致和證,15,0,15,元富-林園,2023-05-29,5927
1709,和益,14,0,14,元富-林園,2023-05-29,5927
1608,華榮,22,10,12,元富-林園,2023-05-29,5927
8033,雷虎,22,12,10,元富-林園,2023-05-29,5927
00753L,中信中國50正2,10,0,10,元富-林園,2023-05-29,5927
2371,大同,47,37,10,元富-林園,2023-05-29,5927
2382,廣達,14,4,10,元富-林園,2023-05-29,5927
3303,岱稜,10,0,10,元富-林園,2023-05-29,5927
6152,百一,10,0,10,元富-林園,2023-05-29,5927
8415,大國鋼,10,0,10,元富-林園,2023-05-29,5927
3033,威健,10,0,10,元富-林園,2023-05-29,5927
00637L,元大滬深300正2,9,0,9,元富-林園,2023-05-29,5927
00679B,元大美債20年,10,1,9,元富-林園,2023-05-29,5927
2031,新光鋼,8,0,8,元富-林園,2023-05-29,5927
2353,宏��,10,2,8,元富-林園,2023-05-29,5927
2421,建準,36,28,8,元富-林園,2023-05-29,5927
2634,漢翔,23,15,8,元富-林園,2023-05-29,5927
3374,精材,8,0,8,元富-林園,2023-05-29,5927
1101,台泥,15,7,8,元富-林園,2023-05-29,5927
2471,資通,10,3,7,元富-林園,2023-05-29,5927
3363,上詮,29,22,7,元富-林園,2023-05-29,5927
00713,元大台灣高息低波,6,0,6,元富-林園,2023-05-29,5927
2743,山富,6,0,6,元富-林園,2023-05-29,5927
3004,豐達科,9,3,6,元富-林園,2023-05-29,5927
3026,禾伸堂,6,0,6,元富-林園,2023-05-29,5927
00632R,元大台灣50反1,252,0,252,元富-林園,2023-05-30,5927
00637L,元大滬深300正2,213,2,211,元富-林園,2023-05-30,5927
2610,華航,372,178,194,元富-林園,2023-05-30,5927
2399,映泰,52,1,51,元富-林園,2023-05-30,5927
6282,康舒,73,22,51,元富-林園,2023-05-30,5927
3617,碩天,50,0,50,元富-林園,2023-05-30,5927
2371,大同,51,5,46,元富-林園,2023-05-30,5927
2867,三商壽,51,6,45,元富-林園,2023-05-30,5927
3321,同泰,40,0,40,元富-林園,2023-05-30,5927
2883,凱基金,32,0,32,元富-林園,2023-05-30,5927
2634,漢翔,34,2,32,元富-林園,2023-05-30,5927
2356,英業達,42,10,32,元富-林園,2023-05-30,5927
3231,緯創,79,47,32,元富-林園,2023-05-30,5927
5351,鈺創,29,3,26,元富-林園,2023-05-30,5927
2812,台中銀,26,0,26,元富-林園,2023-05-30,5927
2706,第一店,23,0,23,元富-林園,2023-05-30,5927
3033,威健,20,0,20,元富-林園,2023-05-30,5927
2312,金寶,40,21,19,元富-林園,2023-05-30,5927
2449,京元電子,42,24,18,元富-林園,2023-05-30,5927
3303,岱稜,18,0,18,元富-林園,2023-05-30,5927
8033,雷虎,27,10,17,元富-林園,2023-05-30,5927
00882,中信中國高股息,17,0,17,元富-林園,2023-05-30,5927
2427,三商電,16,0,16,元富-林園,2023-05-30,5927
5498,凱崴,17,1,16,元富-林園,2023-05-30,5927
5864,致和證,16,0,16,元富-林園,2023-05-30,5927
3265,台星科,15,0,15,元富-林園,2023-05-30,5927
8059,凱碩,15,0,15,元富-林園,2023-05-30,5927
1584,精剛,14,0,14,元富-林園,2023-05-30,5927
2344,華邦電,29,15,14,元富-林園,2023-05-30,5927
2388,威盛,23,9,14,元富-林園,2023-05-30,5927
5701,劍湖山,14,0,14,元富-林園,2023-05-30,5927
00715L,期街口布蘭特正2,12,0,12,元富-林園,2023-05-30,5927
2637,慧洋-KY,12,0,12,元富-林園,2023-05-30,5927
5328,華容,12,0,12,元富-林園,2023-05-30,5927
00891,中信關鍵半導體,11,0,11,元富-林園,2023-05-30,5927
00687B,國泰20年美債,10,0,10,元富-林園,2023-05-30,5927
2633,台灣高鐵,10,0,10,元富-林園,2023-05-30,5927
2734,易飛網,10,0,10,元富-林園,2023-05-30,5927
3306,鼎天,10,0,10,元富-林園,2023-05-30,5927
5321,美而快,10,0,10,元富-林園,2023-05-30,5927
6185,幃翔,10,0,10,元富-林園,2023-05-30,5927
8038,長園科,10,0,10,元富-林園,2023-05-30,5927
8222,寶一,10,0,10,元富-林園,2023-05-30,5927
8996,高力,11,1,10,元富-林園,2023-05-30,5927
6469,大樹,9,0,9,元富-林園,2023-05-30,5927
2331,精英,14,5,9,元富-林園,2023-05-30,5927
3363,上詮,18,9,9,元富-林園,2023-05-30,5927
3707,漢磊,9,0,9,元富-林園,2023-05-30,5927
8926,台汽電,9,0,9,元富-林園,2023-05-30,5927
3037,欣興,11,3,8,元富-林園,2023-05-30,5927
00632R,元大台灣50反1,224,7,217,元富-林園,2023-05-31,5927
2356,英業達,38,3,35,元富-林園,2023-05-31,5927
00642U,期元大S＆P石油,36,4,32,元富-林園,2023-05-31,5927
5386,青雲,31,0,31,元富-林園,2023-05-31,5927
2705,六福,30,0,30,元富-林園,2023-05-31,5927
5465,富驊,30,0,30,元富-林園,2023-05-31,5927
00715L,期街口布蘭特正2,26,0,26,元富-林園,2023-05-31,5927
3044,健鼎,20,0,20,元富-林園,2023-05-31,5927
3704,合勤控,22,4,18,元富-林園,2023-05-31,5927
5864,致和證,18,0,18,元富-林園,2023-05-31,5927
1514,亞力,19,2,17,元富-林園,2023-05-31,5927
1609,大亞,32,15,17,元富-林園,2023-05-31,5927
0056,元大高股息,15,0,15,元富-林園,2023-05-31,5927
2609,陽明,17,2,15,元富-林園,2023-05-31,5927
2388,威盛,17,3,14,元富-林園,2023-05-31,5927
3231,緯創,103,90,13,元富-林園,2023-05-31,5927
3293,鈊象,12,0,12,元富-林園,2023-05-31,5927
00882,中信中國高股息,12,0,12,元富-林園,2023-05-31,5927
2801,彰銀,11,0,11,元富-林園,2023-05-31,5927
4916,事欣科,12,1,11,元富-林園,2023-05-31,5927
1103,嘉泥,10,0,10,元富-林園,2023-05-31,5927
1439,雋揚,10,0,10,元富-林園,2023-05-31,5927
1454,台富,10,0,10,元富-林園,2023-05-31,5927
2409,友達,10,0,10,元富-林園,2023-05-31,5927
3303,岱稜,10,0,10,元富-林園,2023-05-31,5927
5225,東科-KY,10,0,10,元富-林園,2023-05-31,5927
8021,尖點,10,0,10,元富-林園,2023-05-31,5927
9105,泰金寶-DR,10,0,10,元富-林園,2023-05-31,5927
2812,台中銀,9,0,9,元富-林園,2023-05-31,5927
2441,超豐,10,1,9,元富-林園,2023-05-31,5927
2706,第一店,22,13,9,元富-林園,2023-05-31,5927
3703,欣陸,9,0,9,元富-林園,2023-05-31,5927
4979,華星光,25,16,9,元富-林園,2023-05-31,5927
3017,奇鋐,15,7,8,元富-林園,2023-05-31,5927
1314,中石化,10,2,8,元富-林園,2023-05-31,5927
2359,所羅門,8,0,8,元富-林園,2023-05-31,5927
3564,其陽,8,0,8,元富-林園,2023-05-31,5927
9930,中聯資源,8,0,8,元富-林園,2023-05-31,5927
3481,群創,9,2,7,元富-林園,2023-05-31,5927
2615,萬海,9,2,7,元富-林園,2023-05-31,5927
2889,國票金,7,0,7,元富-林園,2023-05-31,5927
5515,建國,7,0,7,元富-林園,2023-05-31,5927
6148,驊宏資,12,5,7,元富-林園,2023-05-31,5927
6166,凌華,7,0,7,元富-林園,2023-05-31,5927
00637L,元大滬深300正2,6,0,6,元富-林園,2023-05-31,5927
3706,神達,15,9,6,元富-林園,2023-05-31,5927
6274,台燿,6,0,6,元富-林園,2023-05-31,5927
2610,華航,68,62,6,元富-林園,2023-05-31,5927
2368,金像電,7,2,5,元富-林園,2023-05-31,5927
00708L,期元大S＆P黃金正2,5,0,5,元富-林園,2023-05-31,5927
8936,國統,200,0,200,元富-林園,2023-06-01,5927
3444,利機,111,20,91,元富-林園,2023-06-01,5927
6180,橘子,91,40,51,元富-林園,2023-06-01,5927
3303,岱稜,50,0,50,元富-林園,2023-06-01,5927
2323,中環,100,61,39,元富-林園,2023-06-01,5927
2489,瑞軒,48,11,37,元富-林園,2023-06-01,5927
2515,中工,47,12,35,元富-林園,2023-06-01,5927
1605,華新,34,0,34,元富-林園,2023-06-01,5927
2888,新光金,33,0,33,元富-林園,2023-06-01,5927
2324,仁寶,34,3,31,元富-林園,2023-06-01,5927
2630,亞航,39,10,29,元富-林園,2023-06-01,5927
3481,群創,24,0,24,元富-林園,2023-06-01,5927
3673,TPK-KY,60,38,22,元富-林園,2023-06-01,5927
2884,玉山金,20,0,20,元富-林園,2023-06-01,5927
6015,宏遠證,20,0,20,元富-林園,2023-06-01,5927
00715L,期街口布蘭特正2,20,1,19,元富-林園,2023-06-01,5927
2614,東森,18,0,18,元富-林園,2023-06-01,5927
3260,威剛,26,8,18,元富-林園,2023-06-01,5927
8277,商丞,20,3,17,元富-林園,2023-06-01,5927
1101,台泥,17,1,16,元富-林園,2023-06-01,5927
00713,元大台灣高息低波,16,0,16,元富-林園,2023-06-01,5927
6443,元晶,18,2,16,元富-林園,2023-06-01,5927
00642U,期元大S＆P石油,15,0,15,元富-林園,2023-06-01,5927
2314,台揚,21,6,15,元富-林園,2023-06-01,5927
4533,協易機,15,0,15,元富-林園,2023-06-01,5927
4744,皇將,15,0,15,元富-林園,2023-06-01,5927
6188,廣明,17,3,14,元富-林園,2023-06-01,5927
2882,國泰金,14,1,13,元富-林園,2023-06-01,5927
4114,健喬,13,0,13,元富-林園,2023-06-01,5927
2605,新興,13,1,12,元富-林園,2023-06-01,5927
3706,神達,41,29,12,元富-林園,2023-06-01,5927
6111,大宇資,50,38,12,元富-林園,2023-06-01,5927
2371,大同,15,4,11,元富-林園,2023-06-01,5927
1907,永豐餘,11,0,11,元富-林園,2023-06-01,5927
2881,富邦金,11,0,11,元富-林園,2023-06-01,5927
3622,洋華,11,0,11,元富-林園,2023-06-01,5927
4564,元翎,21,10,11,元富-林園,2023-06-01,5927
4923,力士,11,0,11,元富-林園,2023-06-01,5927
8436,大江,11,0,11,元富-林園,2023-06-01,5927
1442,名軒,10,0,10,元富-林園,2023-06-01,5927
2852,第一保,10,0,10,元富-林園,2023-06-01,5927
3617,碩天,10,0,10,元富-林園,2023-06-01,5927
4906,正文,10,0,10,元富-林園,2023-06-01,5927
6285,啟��,11,1,10,元富-林園,2023-06-01,5927
8050,廣積,10,0,10,元富-林園,2023-06-01,5927
1301,台塑,9,0,9,元富-林園,2023-06-01,5927
2913,農林,26,17,9,元富-林園,2023-06-01,5927
4938,和碩,10,1,9,元富-林園,2023-06-01,5927
2388,威盛,11,3,8,元富-林園,2023-06-01,5927
1314,中石化,10,2,8,元富-林園,2023-06-01,5927
00632R,元大台灣50反1,332,10,322,元富-林園,2023-06-02,5927
2618,長榮航,240,40,200,元富-林園,2023-06-02,5927
8936,國統,200,0,200,元富-林園,2023-06-02,5927
2610,華航,230,58,172,元富-林園,2023-06-02,5927
9944,新麗,100,0,100,元富-林園,2023-06-02,5927
2323,中環,55,10,45,元富-林園,2023-06-02,5927
2614,東森,43,1,42,元富-林園,2023-06-02,5927
00919,群益台灣精選高息,40,0,40,元富-林園,2023-06-02,5927
1612,宏泰,40,5,35,元富-林園,2023-06-02,5927
2329,華泰,32,0,32,元富-林園,2023-06-02,5927
1733,五鼎,30,1,29,元富-林園,2023-06-02,5927
3017,奇鋐,26,1,25,元富-林園,2023-06-02,5927
1504,東元,43,19,24,元富-林園,2023-06-02,5927
2029,盛餘,24,0,24,元富-林園,2023-06-02,5927
2634,漢翔,34,12,22,元富-林園,2023-06-02,5927
2801,彰銀,22,0,22,元富-林園,2023-06-02,5927
2913,農林,47,25,22,元富-林園,2023-06-02,5927
1905,華紙,122,100,22,元富-林園,2023-06-02,5927
6161,捷波,20,0,20,元富-林園,2023-06-02,5927
5309,系統電,25,6,19,元富-林園,2023-06-02,5927
6015,宏遠證,20,1,19,元富-林園,2023-06-02,5927
1734,杏輝,20,4,16,元富-林園,2023-06-02,5927
1587,吉茂,15,0,15,元富-林園,2023-06-02,5927
2208,台船,18,3,15,元富-林園,2023-06-02,5927
2371,大同,18,3,15,元富-林園,2023-06-02,5927
1314,中石化,44,31,13,元富-林園,2023-06-02,5927
4173,久裕,13,0,13,元富-林園,2023-06-02,5927
6217,中探針,16,3,13,元富-林園,2023-06-02,5927
1513,中興電,42,29,13,元富-林園,2023-06-02,5927
4763,材料-KY,15,3,12,元富-林園,2023-06-02,5927
00882,中信中國高股息,12,0,12,元富-林園,2023-06-02,5927
00679B,元大美債20年,11,0,11,元富-林園,2023-06-02,5927
00926,凱基全球菁英55,10,0,10,元富-林園,2023-06-02,5927
2887,台新金,10,0,10,元富-林園,2023-06-02,5927
4108,懷特,10,0,10,元富-林園,2023-06-02,5927
6190,萬泰科,10,0,10,元富-林園,2023-06-02,5927
9919,康那香,10,0,10,元富-林園,2023-06-02,5927
1605,華新,22,13,9,元富-林園,2023-06-02,5927
5258,虹堡,11,2,9,元富-林園,2023-06-02,5927
2915,潤泰全,8,0,8,元富-林園,2023-06-02,5927
3163,波若威,10,2,8,元富-林園,2023-06-02,5927
3338,泰碩,11,3,8,元富-林園,2023-06-02,5927
2415,錩新,7,0,7,元富-林園,2023-06-02,5927
8436,大江,7,0,7,元富-林園,2023-06-02,5927
00753L,中信中國50正2,6,0,6,元富-林園,2023-06-02,5927
2449,京元電子,8,2,6,元富-林園,2023-06-02,5927
3047,訊舟,9,3,6,元富-林園,2023-06-02,5927
3703,欣陸,6,0,6,元富-林園,2023-06-02,5927
6271,同欣電,6,0,6,元富-林園,2023-06-02,5927
00713,元大台灣高息低波,5,0,5,元富-林園,2023-06-02,5927
2353,宏��,180,6,174,元富-林園,2023-06-05,5927
2618,長榮航,198,29,169,元富-林園,2023-06-05,5927
1905,華紙,155,11,144,元富-林園,2023-06-05,5927
2610,華航,146,65,81,元富-林園,2023-06-05,5927
9962,有益,50,0,50,元富-林園,2023-06-05,5927
6244,茂迪,59,11,48,元富-林園,2023-06-05,5927
9944,新麗,50,2,48,元富-林園,2023-06-05,5927
2884,玉山金,50,8,42,元富-林園,2023-06-05,5927
2323,中環,50,19,31,元富-林園,2023-06-05,5927
6026,福邦證,30,0,30,元富-林園,2023-06-05,5927
2634,漢翔,100,71,29,元富-林園,2023-06-05,5927
6015,宏遠證,32,3,29,元富-林園,2023-06-05,5927
00919,群益台灣精選高息,28,0,28,元富-林園,2023-06-05,5927
2344,華邦電,36,8,28,元富-林園,2023-06-05,5927
2359,所羅門,32,6,26,元富-林園,2023-06-05,5927
8277,商丞,26,0,26,元富-林園,2023-06-05,5927
4931,新盛力,48,23,25,元富-林園,2023-06-05,5927
8038,長園科,25,1,24,元富-林園,2023-06-05,5927
1605,華新,31,9,22,元富-林園,2023-06-05,5927
6282,康舒,36,15,21,元富-林園,2023-06-05,5927
00712,復華富時不動產,20,0,20,元富-林園,2023-06-05,5927
00637L,元大滬深300正2,20,0,20,元富-林園,2023-06-05,5927
3021,鴻名,20,0,20,元富-林園,2023-06-05,5927
3630,新鉅科,22,2,20,元富-林園,2023-06-05,5927
00679B,元大美債20年,18,0,18,元富-林園,2023-06-05,5927
2457,飛宏,49,33,16,元富-林園,2023-06-05,5927
00632R,元大台灣50反1,65,49,16,元富-林園,2023-06-05,5927
1514,亞力,36,20,16,元富-林園,2023-06-05,5927
2603,長榮,15,2,13,元富-林園,2023-06-05,5927
2489,瑞軒,14,1,13,元富-林園,2023-06-05,5927
6167,久正,17,4,13,元富-林園,2023-06-05,5927
3078,僑威,26,14,12,元富-林園,2023-06-05,5927
00687B,國泰20年美債,12,0,12,元富-林園,2023-06-05,5927
3055,蔚華科,12,0,12,元富-林園,2023-06-05,5927
6235,華孚,19,7,12,元富-林園,2023-06-05,5927
6274,台燿,12,0,12,元富-林園,2023-06-05,5927
3046,建��,12,1,11,元富-林園,2023-06-05,5927
2887,台新金,10,0,10,元富-林園,2023-06-05,5927
00882,中信中國高股息,10,0,10,元富-林園,2023-06-05,5927
00720B,元大投資級公司債,10,0,10,元富-林園,2023-06-05,5927
00645,富邦日本,10,0,10,元富-林園,2023-06-05,5927
1711,永光,36,26,10,元富-林園,2023-06-05,5927
1784,訊聯,10,0,10,元富-林園,2023-06-05,5927
2706,第一店,10,0,10,元富-林園,2023-06-05,5927
2734,易飛網,10,0,10,元富-林園,2023-06-05,5927
3003,健和興,10,0,10,元富-林園,2023-06-05,5927
4543,萬在,10,0,10,元富-林園,2023-06-05,5927
6234,高僑,11,1,10,元富-林園,2023-06-05,5927
6505,台塑化,10,0,10,元富-林園,2023-06-05,5927
6548,長科*,10,0,10,元富-林園,2023-06-05,5927
1609,大亞,70,30,40,元富-林園,2023-06-06,5927
00712,復華富時不動產,44,5,39,元富-林園,2023-06-06,5927
1605,華新,40,6,34,元富-林園,2023-06-06,5927
2104,國際中橡,30,0,30,元富-林園,2023-06-06,5927
3617,碩天,30,0,30,元富-林園,2023-06-06,5927
2317,鴻海,29,1,28,元富-林園,2023-06-06,5927
1905,華紙,80,54,26,元富-林園,2023-06-06,5927
1314,中石化,25,0,25,元富-林園,2023-06-06,5927
2610,華航,29,7,22,元富-林園,2023-06-06,5927
2356,英業達,22,1,21,元富-林園,2023-06-06,5927
2402,毅嘉,60,39,21,元富-林園,2023-06-06,5927
2427,三商電,23,2,21,元富-林園,2023-06-06,5927
6116,彩晶,51,30,21,元富-林園,2023-06-06,5927
1409,新纖,23,3,20,元富-林園,2023-06-06,5927
00645,富邦日本,20,0,20,元富-林園,2023-06-06,5927
8210,勤誠,23,3,20,元富-林園,2023-06-06,5927
2611,志信,20,1,19,元富-林園,2023-06-06,5927
1217,愛之味,18,0,18,元富-林園,2023-06-06,5927
2492,華新科,22,4,18,元富-林園,2023-06-06,5927
5009,榮剛,27,11,16,元富-林園,2023-06-06,5927
2461,光群雷,33,18,15,元富-林園,2023-06-06,5927
3083,網龍,14,0,14,元富-林園,2023-06-06,5927
1504,東元,15,3,12,元富-林園,2023-06-06,5927
1810,和成,12,0,12,元富-林園,2023-06-06,5927
3038,全台,16,4,12,元富-林園,2023-06-06,5927
3438,類比科,13,1,12,元富-林園,2023-06-06,5927
6125,廣運,23,11,12,元富-林園,2023-06-06,5927
2457,飛宏,21,10,11,元富-林園,2023-06-06,5927
2014,中鴻,11,0,11,元富-林園,2023-06-06,5927
3058,立德,12,1,11,元富-林園,2023-06-06,5927
3622,洋華,11,0,11,元富-林園,2023-06-06,5927
3715,定穎投控,11,0,11,元富-林園,2023-06-06,5927
8088,品安,12,1,11,元富-林園,2023-06-06,5927
00927,群益半導體收益,11,1,10,元富-林園,2023-06-06,5927
1440,南紡,10,0,10,元富-林園,2023-06-06,5927
00915,凱基優選高股息30,10,0,10,元富-林園,2023-06-06,5927
00632R,元大台灣50反1,50,40,10,元富-林園,2023-06-06,5927
2352,佳世達,11,1,10,元富-林園,2023-06-06,5927
2401,凌陽,10,0,10,元富-林園,2023-06-06,5927
2634,漢翔,92,82,10,元富-林園,2023-06-06,5927
3060,銘異,10,0,10,元富-林園,2023-06-06,5927
3046,建��,10,0,10,元富-林園,2023-06-06,5927
1727,中華化,9,0,9,元富-林園,2023-06-06,5927
2247,汎德永業,9,0,9,元富-林園,2023-06-06,5927
3491,昇達科,9,0,9,元富-林園,2023-06-06,5927
4931,新盛力,23,14,9,元富-林園,2023-06-06,5927
1519,華城,10,2,8,元富-林園,2023-06-06,5927
2313,華通,10,2,8,元富-林園,2023-06-06,5927
2484,希華,8,0,8,元富-林園,2023-06-06,5927
3252,海灣,10,2,8,元富-林園,2023-06-06,5927
2605,新興,110,10,100,元富-林園,2023-06-07,5927
1229,聯華,89,0,89,元富-林園,2023-06-07,5927
2515,中工,76,7,69,元富-林園,2023-06-07,5927
1608,華榮,67,13,54,元富-林園,2023-06-07,5927
9962,有益,50,2,48,元富-林園,2023-06-07,5927
2323,中環,49,8,41,元富-林園,2023-06-07,5927
6244,茂迪,58,22,36,元富-林園,2023-06-07,5927
2457,飛宏,43,12,31,元富-林園,2023-06-07,5927
3346,麗清,33,3,30,元富-林園,2023-06-07,5927
5465,富驊,30,0,30,元富-林園,2023-06-07,5927
6015,宏遠證,30,0,30,元富-林園,2023-06-07,5927
2701,萬企,44,16,28,元富-林園,2023-06-07,5927
2612,中航,25,0,25,元富-林園,2023-06-07,5927
2614,東森,24,0,24,元富-林園,2023-06-07,5927
00885,富邦越南,22,0,22,元富-林園,2023-06-07,5927
6733,博晟生醫,22,0,22,元富-林園,2023-06-07,5927
1903,士紙,21,1,20,元富-林園,2023-06-07,5927
5225,東科-KY,30,10,20,元富-林園,2023-06-07,5927
5478,智冠,17,0,17,元富-林園,2023-06-07,5927
5864,致和證,20,3,17,元富-林園,2023-06-07,5927
1815,富喬,22,5,17,元富-林園,2023-06-07,5927
3231,緯創,36,20,16,元富-林園,2023-06-07,5927
2421,建準,27,11,16,元富-林園,2023-06-07,5927
1314,中石化,15,0,15,元富-林園,2023-06-07,5927
2890,永豐金,20,5,15,元富-林園,2023-06-07,5927
2413,環科,13,0,13,元富-林園,2023-06-07,5927
1785,光洋科,12,0,12,元富-林園,2023-06-07,5927
2331,精英,12,0,12,元富-林園,2023-06-07,5927
5258,虹堡,12,0,12,元富-林園,2023-06-07,5927
5531,鄉林,12,0,12,元富-林園,2023-06-07,5927
6160,欣技,12,0,12,元富-林園,2023-06-07,5927
8150,南茂,12,0,12,元富-林園,2023-06-07,5927
2603,長榮,13,1,12,元富-林園,2023-06-07,5927
5009,榮剛,12,1,11,元富-林園,2023-06-07,5927
3264,欣銓,11,0,11,元富-林園,2023-06-07,5927
00720B,元大投資級公司債,12,1,11,元富-林園,2023-06-07,5927
1432,大魯閣,10,0,10,元富-林園,2023-06-07,5927
1312,國喬,10,0,10,元富-林園,2023-06-07,5927
00664R,國泰臺灣加權反1,10,0,10,元富-林園,2023-06-07,5927
00772B,中信高評級公司債,10,0,10,元富-林園,2023-06-07,5927
1603,華電,10,0,10,元富-林園,2023-06-07,5927
1709,和益,10,0,10,元富-林園,2023-06-07,5927
2247,汎德永業,10,0,10,元富-林園,2023-06-07,5927
2412,中華電,10,0,10,元富-林園,2023-06-07,5927
4190,佐登-KY,10,0,10,元富-林園,2023-06-07,5927
4960,誠美材,10,0,10,元富-林園,2023-06-07,5927
6158,禾昌,10,0,10,元富-林園,2023-06-07,5927
2371,大同,9,0,9,元富-林園,2023-06-07,5927
2913,農林,10,1,9,元富-林園,2023-06-07,5927
3058,立德,15,6,9,元富-林園,2023-06-07,5927
00637L,元大滬深300正2,205,1,204,元富-林園,2023-06-08,5927
2399,映泰,102,1,101,元富-林園,2023-06-08,5927
2618,長榮航,133,36,97,元富-林園,2023-06-08,5927
3078,僑威,115,27,88,元富-林園,2023-06-08,5927
2323,中環,107,23,84,元富-林園,2023-06-08,5927
2614,東森,51,0,51,元富-林園,2023-06-08,5927
9962,有益,50,0,50,元富-林園,2023-06-08,5927
2344,華邦電,61,12,49,元富-林園,2023-06-08,5927
4960,誠美材,51,2,49,元富-林園,2023-06-08,5927
3017,奇鋐,45,1,44,元富-林園,2023-06-08,5927
00679B,元大美債20年,38,0,38,元富-林園,2023-06-08,5927
2457,飛宏,35,1,34,元富-林園,2023-06-08,5927
00878,國泰永續高股息,51,20,31,元富-林園,2023-06-08,5927
5301,寶得利,29,0,29,元富-林園,2023-06-08,5927
1229,聯華,28,0,28,元富-林園,2023-06-08,5927
2883,凱基金,27,0,27,元富-林園,2023-06-08,5927
5864,致和證,27,0,27,元富-林園,2023-06-08,5927
3481,群創,43,16,27,元富-林園,2023-06-08,5927
3673,TPK-KY,27,1,26,元富-林園,2023-06-08,5927
6188,廣明,24,1,23,元富-林園,2023-06-08,5927
00919,群益台灣精選高息,21,0,21,元富-林園,2023-06-08,5927
1718,中纖,20,0,20,元富-林園,2023-06-08,5927
5328,華容,20,0,20,元富-林園,2023-06-08,5927
2328,廣宇,20,2,18,元富-林園,2023-06-08,5927
2881,富邦金,17,0,17,元富-林園,2023-06-08,5927
2353,宏��,36,19,17,元富-林園,2023-06-08,5927
2888,新光金,23,6,17,元富-林園,2023-06-08,5927
6770,力積電,19,2,17,元富-林園,2023-06-08,5927
00915,凱基優選高股息30,15,0,15,元富-林園,2023-06-08,5927
1524,耿鼎,24,9,15,元富-林園,2023-06-08,5927
3054,立萬利,15,0,15,元富-林園,2023-06-08,5927
1605,華新,38,25,13,元富-林園,2023-06-08,5927
5475,德宏,13,0,13,元富-林園,2023-06-08,5927
1514,亞力,15,3,12,元富-林園,2023-06-08,5927
2482,連宇,26,14,12,元富-林園,2023-06-08,5927
3162,精確,12,0,12,元富-林園,2023-06-08,5927
6111,大宇資,19,7,12,元富-林園,2023-06-08,5927
2706,第一店,13,2,11,元富-林園,2023-06-08,5927
3306,鼎天,11,0,11,元富-林園,2023-06-08,5927
6719,力智,11,0,11,元富-林園,2023-06-08,5927
2882,國泰金,11,0,11,元富-林園,2023-06-08,5927
00795B,中信美國公債20年,10,0,10,元富-林園,2023-06-08,5927
1905,華紙,12,2,10,元富-林園,2023-06-08,5927
2392,正崴,10,0,10,元富-林園,2023-06-08,5927
3406,玉晶光,10,0,10,元富-林園,2023-06-08,5927
4532,瑞智,10,0,10,元富-林園,2023-06-08,5927
4533,協易機,10,0,10,元富-林園,2023-06-08,5927
6205,詮欣,10,0,10,元富-林園,2023-06-08,5927
6274,台燿,27,17,10,元富-林園,2023-06-08,5927
0056,元大高股息,9,0,9,元富-林園,2023-06-08,5927
2888,新光金,78,10,68,元富-林園,2023-06-09,5927
1802,台玻,53,8,45,元富-林園,2023-06-09,5927
3308,聯德,70,35,35,元富-林園,2023-06-09,5927
1229,聯華,35,1,34,元富-林園,2023-06-09,5927
5301,寶得利,32,0,32,元富-林園,2023-06-09,5927
2618,長榮航,55,24,31,元富-林園,2023-06-09,5927
6198,瑞築,30,0,30,元富-林園,2023-06-09,5927
8038,長園科,33,5,28,元富-林園,2023-06-09,5927
3481,群創,24,0,24,元富-林園,2023-06-09,5927
1409,新纖,23,2,21,元富-林園,2023-06-09,5927
2409,友達,27,7,20,元富-林園,2023-06-09,5927
00919,群益台灣精選高息,20,2,18,元富-林園,2023-06-09,5927
3673,TPK-KY,23,5,18,元富-林園,2023-06-09,5927
1419,新紡,15,0,15,元富-林園,2023-06-09,5927
00905,FT臺灣Smart,15,0,15,元富-林園,2023-06-09,5927
2489,瑞軒,15,0,15,元富-林園,2023-06-09,5927
3217,優群,20,5,15,元富-林園,2023-06-09,5927
00679B,元大美債20年,15,1,14,元富-林園,2023-06-09,5927
2706,第一店,17,3,14,元富-林園,2023-06-09,5927
00915,凱基優選高股息30,13,0,13,元富-林園,2023-06-09,5927
2337,旺宏,12,0,12,元富-林園,2023-06-09,5927
00715L,期街口布蘭特正2,11,0,11,元富-林園,2023-06-09,5927
1618,合機,11,0,11,元富-林園,2023-06-09,5927
2701,萬企,11,0,11,元富-林園,2023-06-09,5927
4174,浩鼎,11,0,11,元富-林園,2023-06-09,5927
6237,驊訊,11,0,11,元富-林園,2023-06-09,5927
9939,宏全,11,0,11,元富-林園,2023-06-09,5927
2881,富邦金,13,3,10,元富-林園,2023-06-09,5927
2457,飛宏,50,40,10,元富-林園,2023-06-09,5927
2882,國泰金,10,0,10,元富-林園,2023-06-09,5927
3060,銘異,10,0,10,元富-林園,2023-06-09,5927
6485,點序,10,0,10,元富-林園,2023-06-09,5927
8087,麗升能源,10,0,10,元富-林園,2023-06-09,5927
6180,橘子,10,0,10,元富-林園,2023-06-09,5927
00712,復華富時不動產,10,1,9,元富-林園,2023-06-09,5927
1612,宏泰,10,1,9,元富-林園,2023-06-09,5927
4173,久裕,9,0,9,元富-林園,2023-06-09,5927
2340,台亞,8,0,8,元富-林園,2023-06-09,5927
2497,怡利電,8,0,8,元富-林園,2023-06-09,5927
3630,新鉅科,8,0,8,元富-林園,2023-06-09,5927
6854,錼創科技-KY創,8,0,8,元富-林園,2023-06-09,5927
2328,廣宇,8,0,8,元富-林園,2023-06-09,5927
6770,力積電,9,2,7,元富-林園,2023-06-09,5927
00893,國泰智能電動車,40,33,7,元富-林園,2023-06-09,5927
1217,愛之味,9,2,7,元富-林園,2023-06-09,5927
00885,富邦越南,7,0,7,元富-林園,2023-06-09,5927
3038,全台,7,0,7,元富-林園,2023-06-09,5927
3149,正達,7,0,7,元富-林園,2023-06-09,5927
4157,太景*-KY,8,1,7,元富-林園,2023-06-09,5927
6190,萬泰科,13,6,7,元富-林園,2023-06-09,5927
2888,新光金,121,20,101,元富-林園,2023-06-12,5927
2618,長榮航,91,7,84,元富-林園,2023-06-12,5927
2495,普安,61,5,56,元富-林園,2023-06-12,5927
3017,奇鋐,53,2,51,元富-林園,2023-06-12,5927
2701,萬企,44,0,44,元富-林園,2023-06-12,5927
00715L,期街口布蘭特正2,36,0,36,元富-林園,2023-06-12,5927
00712,復華富時不動產,32,0,32,元富-林園,2023-06-12,5927
1437,勤益控,30,0,30,元富-林園,2023-06-12,5927
2706,第一店,30,0,30,元富-林園,2023-06-12,5927
3617,碩天,31,1,30,元富-林園,2023-06-12,5927
1529,樂事綠能,22,0,22,元富-林園,2023-06-12,5927
00929,復華台灣科技優息,174,154,20,元富-林園,2023-06-12,5927
3231,緯創,41,21,20,元富-林園,2023-06-12,5927
3630,新鉅科,20,0,20,元富-林園,2023-06-12,5927
9939,宏全,20,0,20,元富-林園,2023-06-12,5927
2736,富野,29,10,19,元富-林園,2023-06-12,5927
2371,大同,47,29,18,元富-林園,2023-06-12,5927
1714,和桐,18,0,18,元富-林園,2023-06-12,5927
2323,中環,20,3,17,元富-林園,2023-06-12,5927
2482,連宇,20,3,17,元富-林園,2023-06-12,5927
00919,群益台灣精選高息,17,0,17,元富-林園,2023-06-12,5927
1229,聯華,16,0,16,元富-林園,2023-06-12,5927
6139,亞翔,16,0,16,元富-林園,2023-06-12,5927
2881,富邦金,15,0,15,元富-林園,2023-06-12,5927
00751B,元大AAA至A公司債,15,0,15,元富-林園,2023-06-12,5927
2363,矽統,20,5,15,元富-林園,2023-06-12,5927
2457,飛宏,24,9,15,元富-林園,2023-06-12,5927
8048,德勝,15,0,15,元富-林園,2023-06-12,5927
2442,新美齊,14,0,14,元富-林園,2023-06-12,5927
3027,盛達,22,9,13,元富-林園,2023-06-12,5927
5201,凱衛,18,5,13,元富-林園,2023-06-12,5927
2356,英業達,22,9,13,元富-林園,2023-06-12,5927
2734,易飛網,12,0,12,元富-林園,2023-06-12,5927
3038,全台,15,4,11,元富-林園,2023-06-12,5927
00900,富邦特選高股息30,10,0,10,元富-林園,2023-06-12,5927
1533,車王電,12,2,10,元富-林園,2023-06-12,5927
1718,中纖,10,0,10,元富-林園,2023-06-12,5927
2007,燁興,10,0,10,元富-林園,2023-06-12,5927
2337,旺宏,12,2,10,元富-林園,2023-06-12,5927
3026,禾伸堂,10,0,10,元富-林園,2023-06-12,5927
5321,美而快,10,0,10,元富-林園,2023-06-12,5927
6661,威健生技,10,0,10,元富-林園,2023-06-12,5927
9105,泰金寶-DR,10,0,10,元富-林園,2023-06-12,5927
1524,耿鼎,11,2,9,元富-林園,2023-06-12,5927
2314,台揚,10,1,9,元富-林園,2023-06-12,5927
2504,國產,9,0,9,元富-林園,2023-06-12,5927
2882,國泰金,9,0,9,元富-林園,2023-06-12,5927
4532,瑞智,9,0,9,元富-林園,2023-06-12,5927
4968,立積,16,7,9,元富-林園,2023-06-12,5927
5864,致和證,9,0,9,元富-林園,2023-06-12,5927
00642U,期元大S＆P石油,97,0,97,元富-林園,2023-06-13,5927
00641R,富邦日本反1,98,3,95,元富-林園,2023-06-13,5927
00715L,期街口布蘭特正2,76,0,76,元富-林園,2023-06-13,5927
2323,中環,72,7,65,元富-林園,2023-06-13,5927
1609,大亞,64,8,56,元富-林園,2023-06-13,5927
00632R,元大台灣50反1,110,69,41,元富-林園,2023-06-13,5927
00919,群益台灣精選高息,41,1,40,元富-林園,2023-06-13,5927
1710,東聯,40,3,37,元富-林園,2023-06-13,5927
2495,普安,34,0,34,元富-林園,2023-06-13,5927
6180,橘子,29,0,29,元富-林園,2023-06-13,5927
3406,玉晶光,21,0,21,元富-林園,2023-06-13,5927
4726,永昕,20,0,20,元富-林園,2023-06-13,5927
00712,復華富時不動產,22,3,19,元富-林園,2023-06-13,5927
6205,詮欣,29,10,19,元富-林園,2023-06-13,5927
3615,安可,16,0,16,元富-林園,2023-06-13,5927
5258,虹堡,28,12,16,元富-林園,2023-06-13,5927
2368,金像電,20,5,15,元富-林園,2023-06-13,5927
2705,六福,16,1,15,元富-林園,2023-06-13,5927
1409,新纖,14,0,14,元富-林園,2023-06-13,5927
00915,凱基優選高股息30,12,0,12,元富-林園,2023-06-13,5927
3438,類比科,12,0,12,元富-林園,2023-06-13,5927
1734,杏輝,11,0,11,元富-林園,2023-06-13,5927
1905,華紙,11,0,11,元富-林園,2023-06-13,5927
2027,大成鋼,11,0,11,元富-林園,2023-06-13,5927
1527,鑽全,10,0,10,元富-林園,2023-06-13,5927
4121,優盛,10,0,10,元富-林園,2023-06-13,5927
8905,裕國,10,0,10,元富-林園,2023-06-13,5927
6282,康舒,14,6,8,元富-林園,2023-06-13,5927
00664R,國泰臺灣加權反1,7,0,7,元富-林園,2023-06-13,5927
1570,力肯,7,0,7,元富-林園,2023-06-13,5927
3149,正達,7,0,7,元富-林園,2023-06-13,5927
5706,鳳凰,15,8,7,元富-林園,2023-06-13,5927
1314,中石化,7,1,6,元富-林園,2023-06-13,5927
1308,亞聚,6,0,6,元富-林園,2023-06-13,5927
2485,兆赫,6,0,6,元富-林園,2023-06-13,5927
2881,富邦金,7,1,6,元富-林園,2023-06-13,5927
3088,艾訊,6,0,6,元富-林園,2023-06-13,5927
6015,宏遠證,7,1,6,元富-林園,2023-06-13,5927
006208,富邦台50,5,0,5,元富-林園,2023-06-13,5927
1718,中纖,5,0,5,元富-林園,2023-06-13,5927
1723,中碳,5,0,5,元富-林園,2023-06-13,5927
2022,聚亨,5,0,5,元富-林園,2023-06-13,5927
2208,台船,5,0,5,元富-林園,2023-06-13,5927
2353,宏��,14,9,5,元富-林園,2023-06-13,5927
2404,漢唐,15,10,5,元富-林園,2023-06-13,5927
3015,全漢,5,0,5,元富-林園,2023-06-13,5927
3027,盛達,14,9,5,元富-林園,2023-06-13,5927
3704,合勤控,7,2,5,元富-林園,2023-06-13,5927
4976,佳凌,5,0,5,元富-林園,2023-06-13,5927
6269,台郡,6,1,5,元富-林園,2023-06-13,5927
1611,中電,170,8,162,元富-林園,2023-06-14,5927
3617,碩天,43,4,39,元富-林園,2023-06-14,5927
2614,東森,33,0,33,元富-林園,2023-06-14,5927
6573,虹揚-KY,30,0,30,元富-林園,2023-06-14,5927
3710,連展投控,32,4,28,元富-林園,2023-06-14,5927
00919,群益台灣精選高息,27,0,27,元富-林園,2023-06-14,5927
1516,川飛,27,0,27,元富-林園,2023-06-14,5927
8034,榮群,27,0,27,元富-林園,2023-06-14,5927
1314,中石化,35,9,26,元富-林園,2023-06-14,5927
2356,英業達,62,36,26,元富-林園,2023-06-14,5927
6143,振曜,27,3,24,元富-林園,2023-06-14,5927
3515,華擎,27,4,23,元富-林園,2023-06-14,5927
2353,宏��,25,3,22,元富-林園,2023-06-14,5927
1609,大亞,42,22,20,元富-林園,2023-06-14,5927
2504,國產,19,0,19,元富-林園,2023-06-14,5927
2701,萬企,19,0,19,元富-林園,2023-06-14,5927
6125,廣運,23,5,18,元富-林園,2023-06-14,5927
1789,神隆,16,0,16,元富-林園,2023-06-14,5927
00713,元大台灣高息低波,15,0,15,元富-林園,2023-06-14,5927
2419,仲琦,15,0,15,元富-林園,2023-06-14,5927
5353,台林,15,0,15,元富-林園,2023-06-14,5927
1524,耿鼎,15,1,14,元富-林園,2023-06-14,5927
4173,久裕,14,0,14,元富-林園,2023-06-14,5927
1905,華紙,13,0,13,元富-林園,2023-06-14,5927
2495,普安,13,0,13,元富-林園,2023-06-14,5927
3540,曜越,13,0,13,元富-林園,2023-06-14,5927
1504,東元,24,12,12,元富-林園,2023-06-14,5927
2105,正新,14,2,12,元富-林園,2023-06-14,5927
1519,華城,12,1,11,元富-林園,2023-06-14,5927
2634,漢翔,11,0,11,元富-林園,2023-06-14,5927
4532,瑞智,11,0,11,元富-林園,2023-06-14,5927
5258,虹堡,21,10,11,元富-林園,2023-06-14,5927
1605,華新,11,1,10,元富-林園,2023-06-14,5927
8150,南茂,10,0,10,元富-林園,2023-06-14,5927
00687B,國泰20年美債,10,0,10,元富-林園,2023-06-14,5927
00712,復華富時不動產,10,0,10,元富-林園,2023-06-14,5927
00673R,期元大S＆P原油反1,10,0,10,元富-林園,2023-06-14,5927
1474,弘裕,10,0,10,元富-林園,2023-06-14,5927
1815,富喬,10,0,10,元富-林園,2023-06-14,5927
2367,燿華,10,0,10,元富-林園,2023-06-14,5927
2705,六福,22,12,10,元富-林園,2023-06-14,5927
3712,永崴投控,10,0,10,元富-林園,2023-06-14,5927
4142,國光生,10,0,10,元富-林園,2023-06-14,5927
6148,驊宏資,10,0,10,元富-林園,2023-06-14,5927
2425,承啟,11,2,9,元富-林園,2023-06-14,5927
3607,谷崧,9,0,9,元富-林園,2023-06-14,5927
8070,長華*,9,0,9,元富-林園,2023-06-14,5927
1584,精剛,10,2,8,元富-林園,2023-06-14,5927
2427,三商電,8,0,8,元富-林園,2023-06-14,5927
3583,辛耘,14,6,8,元富-林園,2023-06-14,5927
8936,國統,200,5,195,元富-林園,2023-06-15,5927
2614,東森,64,16,48,元富-林園,2023-06-15,5927
1609,大亞,97,51,46,元富-林園,2023-06-15,5927
1314,中石化,45,5,40,元富-林園,2023-06-15,5927
2453,凌群,111,77,34,元富-林園,2023-06-15,5927
2401,凌陽,55,23,32,元富-林園,2023-06-15,5927
2108,南帝,37,7,30,元富-林園,2023-06-15,5927
00919,群益台灣精選高息,34,6,28,元富-林園,2023-06-15,5927
2634,漢翔,41,14,27,元富-林園,2023-06-15,5927
00715L,期街口布蘭特正2,21,0,21,元富-林園,2023-06-15,5927
2323,中環,36,16,20,元富-林園,2023-06-15,5927
2892,第一金,20,0,20,元富-林園,2023-06-15,5927
00688L,國泰20年美債正2,20,0,20,元富-林園,2023-06-15,5927
4534,慶騰,20,0,20,元富-林園,2023-06-15,5927
5533,皇鼎,20,0,20,元富-林園,2023-06-15,5927
2883,凱基金,21,1,20,元富-林園,2023-06-15,5927
2609,陽明,22,4,18,元富-林園,2023-06-15,5927
2482,連宇,22,4,18,元富-林園,2023-06-15,5927
2105,正新,20,4,16,元富-林園,2023-06-15,5927
2314,台揚,17,1,16,元富-林園,2023-06-15,5927
6016,康和證,16,0,16,元富-林園,2023-06-15,5927
2329,華泰,15,0,15,元富-林園,2023-06-15,5927
00830,國泰費城半導體,15,0,15,元富-林園,2023-06-15,5927
00687B,國泰20年美債,15,0,15,元富-林園,2023-06-15,5927
1806,冠軍,19,5,14,元富-林園,2023-06-15,5927
4938,和碩,17,3,14,元富-林園,2023-06-15,5927
8033,雷虎,24,10,14,元富-林園,2023-06-15,5927
2457,飛宏,13,1,12,元富-林園,2023-06-15,5927
6282,康舒,31,19,12,元富-林園,2023-06-15,5927
8038,長園科,12,0,12,元富-林園,2023-06-15,5927
3264,欣銓,15,3,12,元富-林園,2023-06-15,5927
5457,宣德,11,0,11,元富-林園,2023-06-15,5927
00929,復華台灣科技優息,11,1,10,元富-林園,2023-06-15,5927
1416,廣豐,10,0,10,元富-林園,2023-06-15,5927
1522,堤維西,28,18,10,元富-林園,2023-06-15,5927
2705,六福,11,1,10,元富-林園,2023-06-15,5927
3024,憶聲,10,0,10,元富-林園,2023-06-15,5927
3059,華晶科,11,1,10,元富-林園,2023-06-15,5927
3576,聯合再生,10,0,10,元富-林園,2023-06-15,5927
5426,振發,10,0,10,元富-林園,2023-06-15,5927
6244,茂迪,20,10,10,元富-林園,2023-06-15,5927
8905,裕國,10,0,10,元富-林園,2023-06-15,5927
6143,振曜,11,2,9,元富-林園,2023-06-15,5927
2344,華邦電,22,13,9,元富-林園,2023-06-15,5927
8150,南茂,10,1,9,元富-林園,2023-06-15,5927
9919,康那香,9,0,9,元富-林園,2023-06-15,5927
2881,富邦金,8,0,8,元富-林園,2023-06-15,5927
2461,光群雷,8,0,8,元富-林園,2023-06-15,5927
3019,亞光,11,4,7,元富-林園,2023-06-15,5927
3015,全漢,7,0,7,元富-林園,2023-06-15,5927
2834,臺企銀,504,20,484,元富-林園,2023-06-16,5927
8936,國統,167,0,167,元富-林園,2023-06-16,5927
2610,華航,369,257,112,元富-林園,2023-06-16,5927
1504,東元,78,26,52,元富-林園,2023-06-16,5927
6116,彩晶,52,1,51,元富-林園,2023-06-16,5927
2371,大同,89,40,49,元富-林園,2023-06-16,5927
2323,中環,67,20,47,元富-林園,2023-06-16,5927
2618,長榮航,81,39,42,元富-林園,2023-06-16,5927
0056,元大高股息,54,13,41,元富-林園,2023-06-16,5927
2329,華泰,50,11,39,元富-林園,2023-06-16,5927
2845,遠東銀,39,3,36,元富-林園,2023-06-16,5927
3024,憶聲,43,10,33,元富-林園,2023-06-16,5927
2349,錸德,30,0,30,元富-林園,2023-06-16,5927
2883,凱基金,29,0,29,元富-林園,2023-06-16,5927
5460,同協,25,0,25,元富-林園,2023-06-16,5927
9944,新麗,25,0,25,元富-林園,2023-06-16,5927
1609,大亞,90,67,23,元富-林園,2023-06-16,5927
2401,凌陽,41,19,22,元富-林園,2023-06-16,5927
00712,復華富時不動產,31,10,21,元富-林園,2023-06-16,5927
00929,復華台灣科技優息,20,0,20,元富-林園,2023-06-16,5927
00688L,國泰20年美債正2,20,0,20,元富-林園,2023-06-16,5927
1815,富喬,21,1,20,元富-林園,2023-06-16,5927
3617,碩天,20,0,20,元富-林園,2023-06-16,5927
3711,日月光投控,18,0,18,元富-林園,2023-06-16,5927
1319,東陽,18,0,18,元富-林園,2023-06-16,5927
3015,全漢,18,0,18,元富-林園,2023-06-16,5927
9919,康那香,18,0,18,元富-林園,2023-06-16,5927
4533,協易機,16,0,16,元富-林園,2023-06-16,5927
2377,微星,15,0,15,元富-林園,2023-06-16,5927
3607,谷崧,15,0,15,元富-林園,2023-06-16,5927
3078,僑威,42,28,14,元富-林園,2023-06-16,5927
5876,上海商銀,14,0,14,元富-林園,2023-06-16,5927
3673,TPK-KY,21,8,13,元富-林園,2023-06-16,5927
2888,新光金,24,12,12,元富-林園,2023-06-16,5927
3706,神達,32,20,12,元富-林園,2023-06-16,5927
2359,所羅門,12,0,12,元富-林園,2023-06-16,5927
5706,鳳凰,22,10,12,元富-林園,2023-06-16,5927
2382,廣達,27,16,11,元富-林園,2023-06-16,5927
1301,台塑,11,0,11,元富-林園,2023-06-16,5927
00915,凱基優選高股息30,11,0,11,元富-林園,2023-06-16,5927
3622,洋華,11,0,11,元富-林園,2023-06-16,5927
00919,群益台灣精選高息,26,15,11,元富-林園,2023-06-16,5927
2748,雲品,10,0,10,元富-林園,2023-06-16,5927
00921,兆豐龍頭等權重,10,0,10,元富-林園,2023-06-16,5927
00912,中信臺灣智慧50,10,0,10,元富-林園,2023-06-16,5927
00673R,期元大S＆P原油反1,10,0,10,元富-林園,2023-06-16,5927
1709,和益,10,0,10,元富-林園,2023-06-16,5927
2362,藍天,11,1,10,元富-林園,2023-06-16,5927
2929,淘帝-KY,10,0,10,元富-林園,2023-06-16,5927
3543,州巧,10,0,10,元富-林園,2023-06-16,5927
00637L,元大滬深300正2,117,0,117,元富-林園,2023-06-19,5927
3303,岱稜,105,0,105,元富-林園,2023-06-19,5927
2834,臺企銀,91,0,91,元富-林園,2023-06-19,5927
6116,彩晶,224,142,82,元富-林園,2023-06-19,5927
00885,富邦越南,75,4,71,元富-林園,2023-06-19,5927
00712,復華富時不動產,70,2,68,元富-林園,2023-06-19,5927
3706,神達,75,16,59,元富-林園,2023-06-19,5927
2883,凱基金,36,0,36,元富-林園,2023-06-19,5927
2614,東森,36,0,36,元富-林園,2023-06-19,5927
1605,華新,48,13,35,元富-林園,2023-06-19,5927
9934,成霖,30,0,30,元富-林園,2023-06-19,5927
00919,群益台灣精選高息,29,0,29,元富-林園,2023-06-19,5927
2882,國泰金,21,0,21,元富-林園,2023-06-19,5927
2344,華邦電,32,12,20,元富-林園,2023-06-19,5927
6016,康和證,20,0,20,元富-林園,2023-06-19,5927
8936,國統,20,0,20,元富-林園,2023-06-19,5927
6120,達運,25,6,19,元富-林園,2023-06-19,5927
2504,國產,18,0,18,元富-林園,2023-06-19,5927
00929,復華台灣科技優息,23,6,17,元富-林園,2023-06-19,5927
3622,洋華,17,0,17,元富-林園,2023-06-19,5927
2610,華航,185,168,17,元富-林園,2023-06-19,5927
2324,仁寶,28,12,16,元富-林園,2023-06-19,5927
2353,宏��,34,18,16,元富-林園,2023-06-19,5927
6274,台燿,16,0,16,元富-林園,2023-06-19,5927
1616,億泰,15,0,15,元富-林園,2023-06-19,5927
2471,資通,26,11,15,元富-林園,2023-06-19,5927
3015,全漢,14,0,14,元富-林園,2023-06-19,5927
00915,凱基優選高股息30,12,0,12,元富-林園,2023-06-19,5927
1802,台玻,25,13,12,元富-林園,2023-06-19,5927
2332,友訊,13,1,12,元富-林園,2023-06-19,5927
2419,仲琦,15,3,12,元富-林園,2023-06-19,5927
6282,康舒,17,5,12,元富-林園,2023-06-19,5927
1815,富喬,11,0,11,元富-林園,2023-06-19,5927
2405,輔信,11,0,11,元富-林園,2023-06-19,5927
2609,陽明,76,65,11,元富-林園,2023-06-19,5927
2014,中鴻,14,4,10,元富-林園,2023-06-19,5927
4967,十銓,16,6,10,元富-林園,2023-06-19,5927
5426,振發,10,0,10,元富-林園,2023-06-19,5927
6531,愛普*,11,1,10,元富-林園,2023-06-19,5927
8070,長華*,10,0,10,元富-林園,2023-06-19,5927
00893,國泰智能電動車,10,1,9,元富-林園,2023-06-19,5927
2312,金寶,14,5,9,元富-林園,2023-06-19,5927
4406,新昕纖,10,1,9,元富-林園,2023-06-19,5927
6266,泰詠,9,0,9,元富-林園,2023-06-19,5927
6443,元晶,9,0,9,元富-林園,2023-06-19,5927
1907,永豐餘,9,0,9,元富-林園,2023-06-19,5927
2201,裕隆,10,2,8,元富-林園,2023-06-19,5927
2356,英業達,54,46,8,元富-林園,2023-06-19,5927
3019,亞光,8,0,8,元富-林園,2023-06-19,5927
3312,弘憶股,8,0,8,元富-林園,2023-06-19,5927
2883,凱基金,259,1,258,元富-林園,2023-06-20,5927
3264,欣銓,109,2,107,元富-林園,2023-06-20,5927
3017,奇鋐,84,2,82,元富-林園,2023-06-20,5927
6120,達運,86,18,68,元富-林園,2023-06-20,5927
2610,華航,101,40,61,元富-林園,2023-06-20,5927
3481,群創,115,68,47,元富-林園,2023-06-20,5927
5515,建國,47,0,47,元富-林園,2023-06-20,5927
6016,康和證,40,0,40,元富-林園,2023-06-20,5927
2614,東森,40,3,37,元富-林園,2023-06-20,5927
2867,三商壽,50,13,37,元富-林園,2023-06-20,5927
5452,佶優,35,0,35,元富-林園,2023-06-20,5927
2353,宏��,37,4,33,元富-林園,2023-06-20,5927
2303,聯電,28,3,25,元富-林園,2023-06-20,5927
2618,長榮航,32,7,25,元富-林園,2023-06-20,5927
3231,緯創,47,22,25,元富-林園,2023-06-20,5927
00929,復華台灣科技優息,23,0,23,元富-林園,2023-06-20,5927
2888,新光金,25,2,23,元富-林園,2023-06-20,5927
3706,神達,33,11,22,元富-林園,2023-06-20,5927
1810,和成,22,0,22,元富-林園,2023-06-20,5927
1303,南亞,21,0,21,元富-林園,2023-06-20,5927
1708,東鹼,20,0,20,元富-林園,2023-06-20,5927
00919,群益台灣精選高息,22,4,18,元富-林園,2023-06-20,5927
1612,宏泰,25,8,17,元富-林園,2023-06-20,5927
2485,兆赫,17,0,17,元富-林園,2023-06-20,5927
5201,凱衛,16,0,16,元富-林園,2023-06-20,5927
2884,玉山金,15,0,15,元富-林園,2023-06-20,5927
2382,廣達,22,7,15,元富-林園,2023-06-20,5927
2471,資通,32,17,15,元富-林園,2023-06-20,5927
3078,僑威,16,1,15,元富-林園,2023-06-20,5927
2405,輔信,20,6,14,元富-林園,2023-06-20,5927
3024,憶聲,18,5,13,元富-林園,2023-06-20,5927
5465,富驊,15,2,13,元富-林園,2023-06-20,5927
6122,擎邦,17,4,13,元富-林園,2023-06-20,5927
6244,茂迪,35,22,13,元富-林園,2023-06-20,5927
6290,良維,14,1,13,元富-林園,2023-06-20,5927
2739,寒舍,16,4,12,元富-林園,2023-06-20,5927
6226,光鼎,12,0,12,元富-林園,2023-06-20,5927
2425,承啟,11,0,11,元富-林園,2023-06-20,5927
2461,光群雷,11,0,11,元富-林園,2023-06-20,5927
2482,連宇,15,4,11,元富-林園,2023-06-20,5927
6180,橘子,23,12,11,元富-林園,2023-06-20,5927
1504,東元,26,16,10,元富-林園,2023-06-20,5927
00673R,期元大S＆P原油反1,10,0,10,元富-林園,2023-06-20,5927
1605,華新,15,5,10,元富-林園,2023-06-20,5927
3041,揚智,10,0,10,元富-林園,2023-06-20,5927
3581,博磊,10,0,10,元富-林園,2023-06-20,5927
4192,杏國,10,0,10,元富-林園,2023-06-20,5927
6121,新普,10,0,10,元富-林園,2023-06-20,5927
00921,兆豐龍頭等權重,9,0,9,元富-林園,2023-06-20,5927
6235,華孚,9,0,9,元富-林園,2023-06-20,5927
3056,富華新,52,0,52,元富-林園,2023-06-21,5927
2337,旺宏,51,0,51,元富-林園,2023-06-21,5927
2609,陽明,92,45,47,元富-林園,2023-06-21,5927
00712,復華富時不動產,47,0,47,元富-林園,2023-06-21,5927
2634,漢翔,80,37,43,元富-林園,2023-06-21,5927
00673R,期元大S＆P原油反1,42,0,42,元富-林園,2023-06-21,5927
1789,神隆,39,1,38,元富-林園,2023-06-21,5927
2701,萬企,46,8,38,元富-林園,2023-06-21,5927
1609,大亞,35,4,31,元富-林園,2023-06-21,5927
2603,長榮,64,33,31,元富-林園,2023-06-21,5927
2323,中環,58,31,27,元富-林園,2023-06-21,5927
2329,華泰,22,0,22,元富-林園,2023-06-21,5927
1802,台玻,23,2,21,元富-林園,2023-06-21,5927
3062,建漢,22,1,21,元富-林園,2023-06-21,5927
1303,南亞,20,0,20,元富-林園,2023-06-21,5927
00922,國泰台灣領袖50,20,0,20,元富-林園,2023-06-21,5927
5426,振發,20,0,20,元富-林園,2023-06-21,5927
8928,鉅明,22,2,20,元富-林園,2023-06-21,5927
4108,懷特,19,0,19,元富-林園,2023-06-21,5927
00919,群益台灣精選高息,15,0,15,元富-林園,2023-06-21,5927
2637,慧洋-KY,17,2,15,元富-林園,2023-06-21,5927
3380,明泰,16,1,15,元富-林園,2023-06-21,5927
1301,台塑,13,0,13,元富-林園,2023-06-21,5927
00912,中信臺灣智慧50,13,0,13,元富-林園,2023-06-21,5927
2457,飛宏,18,5,13,元富-林園,2023-06-21,5927
4173,久裕,12,0,12,元富-林園,2023-06-21,5927
6120,達運,25,13,12,元富-林園,2023-06-21,5927
00751B,元大AAA至A公司債,12,0,12,元富-林園,2023-06-21,5927
6125,廣運,15,3,12,元富-林園,2023-06-21,5927
8150,南茂,11,0,11,元富-林園,2023-06-21,5927
1504,東元,23,13,10,元富-林園,2023-06-21,5927
2425,承啟,11,1,10,元富-林園,2023-06-21,5927
3615,安可,10,0,10,元富-林園,2023-06-21,5927
3715,定穎投控,10,0,10,元富-林園,2023-06-21,5927
5009,榮剛,11,1,10,元富-林園,2023-06-21,5927
2380,虹光,9,0,9,元富-林園,2023-06-21,5927
6112,邁達特,10,1,9,元富-林園,2023-06-21,5927
2201,裕隆,8,0,8,元富-林園,2023-06-21,5927
3013,晟銘電,13,5,8,元富-林園,2023-06-21,5927
4121,優盛,10,2,8,元富-林園,2023-06-21,5927
5905,南仁湖,10,2,8,元富-林園,2023-06-21,5927
00713,元大台灣高息低波,7,0,7,元富-林園,2023-06-21,5927
5483,中美晶,7,0,7,元富-林園,2023-06-21,5927
00882,中信中國高股息,7,0,7,元富-林園,2023-06-21,5927
2731,雄獅,11,5,6,元富-林園,2023-06-21,5927
00929,復華台灣科技優息,6,0,6,元富-林園,2023-06-21,5927
1528,恩德,19,13,6,元富-林園,2023-06-21,5927
2022,聚亨,6,0,6,元富-林園,2023-06-21,5927
3017,奇鋐,7,1,6,元富-林園,2023-06-21,5927
3264,欣銓,7,1,6,元富-林園,2023-06-21,5927
00637L,元大滬深300正2,125,0,125,元富-林園,2023-06-26,5927
3481,群創,131,52,79,元富-林園,2023-06-26,5927
3078,僑威,81,5,76,元富-林園,2023-06-26,5927
2344,華邦電,88,28,60,元富-林園,2023-06-26,5927
1301,台塑,59,0,59,元富-林園,2023-06-26,5927
6116,彩晶,57,3,54,元富-林園,2023-06-26,5927
3704,合勤控,51,0,51,元富-林園,2023-06-26,5927
00882,中信中國高股息,44,2,42,元富-林園,2023-06-26,5927
2402,毅嘉,29,0,29,元富-林園,2023-06-26,5927
00885,富邦越南,35,6,29,元富-林園,2023-06-26,5927
00632R,元大台灣50反1,51,22,29,元富-林園,2023-06-26,5927
2888,新光金,30,1,29,元富-林園,2023-06-26,5927
1710,東聯,27,0,27,元富-林園,2023-06-26,5927
3710,連展投控,31,4,27,元富-林園,2023-06-26,5927
2409,友達,51,26,25,元富-林園,2023-06-26,5927
00712,復華富時不動產,30,6,24,元富-林園,2023-06-26,5927
00715L,期街口布蘭特正2,24,0,24,元富-林園,2023-06-26,5927
2453,凌群,25,1,24,元富-林園,2023-06-26,5927
2634,漢翔,30,6,24,元富-林園,2023-06-26,5927
1504,東元,39,17,22,元富-林園,2023-06-26,5927
3041,揚智,22,0,22,元富-林園,2023-06-26,5927
3673,TPK-KY,24,2,22,元富-林園,2023-06-26,5927
2104,國際中橡,26,5,21,元富-林園,2023-06-26,5927
00922,國泰台灣領袖50,20,0,20,元富-林園,2023-06-26,5927
2609,陽明,38,22,16,元富-林園,2023-06-26,5927
2495,普安,28,12,16,元富-林園,2023-06-26,5927
5880,合庫金,15,0,15,元富-林園,2023-06-26,5927
1612,宏泰,19,4,15,元富-林園,2023-06-26,5927
3715,定穎投控,15,0,15,元富-林園,2023-06-26,5927
6188,廣明,17,3,14,元富-林園,2023-06-26,5927
1605,華新,19,6,13,元富-林園,2023-06-26,5927
2405,輔信,28,15,13,元富-林園,2023-06-26,5927
1513,中興電,21,9,12,元富-林園,2023-06-26,5927
2421,建準,13,2,11,元富-林園,2023-06-26,5927
2739,寒舍,11,0,11,元富-林園,2023-06-26,5927
9939,宏全,11,0,11,元富-林園,2023-06-26,5927
2882,國泰金,11,0,11,元富-林園,2023-06-26,5927
2701,萬企,10,0,10,元富-林園,2023-06-26,5927
4934,太極,10,0,10,元富-林園,2023-06-26,5927
6770,力積電,11,1,10,元富-林園,2023-06-26,5927
2884,玉山金,11,1,10,元富-林園,2023-06-26,5927
00919,群益台灣精選高息,10,1,9,元富-林園,2023-06-26,5927
2312,金寶,10,1,9,元富-林園,2023-06-26,5927
2515,中工,9,0,9,元富-林園,2023-06-26,5927
8163,達方,9,0,9,元富-林園,2023-06-26,5927
2382,廣達,23,15,8,元富-林園,2023-06-26,5927
0056,元大高股息,18,10,8,元富-林園,2023-06-26,5927
6282,康舒,12,4,8,元富-林園,2023-06-26,5927
1337,再生-KY,8,0,8,元富-林園,2023-06-26,5927
2014,中鴻,11,3,8,元富-林園,2023-06-26,5927
2610,華航,211,27,184,元富-林園,2023-06-27,5927
2618,長榮航,165,40,125,元富-林園,2023-06-27,5927
2303,聯電,107,0,107,元富-林園,2023-06-27,5927
3017,奇鋐,87,2,85,元富-林園,2023-06-27,5927
2888,新光金,83,0,83,元富-林園,2023-06-27,5927
2449,京元電子,87,12,75,元富-林園,2023-06-27,5927
1710,東聯,56,0,56,元富-林園,2023-06-27,5927
3078,僑威,60,4,56,元富-林園,2023-06-27,5927
5905,南仁湖,54,0,54,元富-林園,2023-06-27,5927
3704,合勤控,52,0,52,元富-林園,2023-06-27,5927
3481,群創,91,40,51,元富-林園,2023-06-27,5927
2867,三商壽,50,1,49,元富-林園,2023-06-27,5927
2344,華邦電,57,18,39,元富-林園,2023-06-27,5927
00915,凱基優選高股息30,26,0,26,元富-林園,2023-06-27,5927
1467,南緯,25,0,25,元富-林園,2023-06-27,5927
3706,神達,31,6,25,元富-林園,2023-06-27,5927
6770,力積電,28,4,24,元富-林園,2023-06-27,5927
8034,榮群,22,0,22,元富-林園,2023-06-27,5927
1514,亞力,25,4,21,元富-林園,2023-06-27,5927
8289,泰藝,20,0,20,元富-林園,2023-06-27,5927
6147,頎邦,20,1,19,元富-林園,2023-06-27,5927
1905,華紙,26,9,17,元富-林園,2023-06-27,5927
3033,威健,17,0,17,元富-林園,2023-06-27,5927
00878,國泰永續高股息,32,16,16,元富-林園,2023-06-27,5927
1605,華新,45,29,16,元富-林園,2023-06-27,5927
2495,普安,16,0,16,元富-林園,2023-06-27,5927
6188,廣明,38,23,15,元富-林園,2023-06-27,5927
3038,全台,22,7,15,元富-林園,2023-06-27,5927
2609,陽明,16,2,14,元富-林園,2023-06-27,5927
1609,大亞,42,28,14,元富-林園,2023-06-27,5927
2356,英業達,33,20,13,元富-林園,2023-06-27,5927
2104,國際中橡,12,0,12,元富-林園,2023-06-27,5927
2706,第一店,13,1,12,元富-林園,2023-06-27,5927
3715,定穎投控,12,0,12,元富-林園,2023-06-27,5927
4938,和碩,12,0,12,元富-林園,2023-06-27,5927
4919,新唐,11,0,11,元富-林園,2023-06-27,5927
2701,萬企,12,1,11,元富-林園,2023-06-27,5927
8033,雷虎,12,1,11,元富-林園,2023-06-27,5927
6789,采鈺,10,0,10,元富-林園,2023-06-27,5927
00900,富邦特選高股息30,10,0,10,元富-林園,2023-06-27,5927
1337,再生-KY,10,0,10,元富-林園,2023-06-27,5927
2201,裕隆,11,1,10,元富-林園,2023-06-27,5927
2312,金寶,12,2,10,元富-林園,2023-06-27,5927
3693,營邦,12,2,10,元富-林園,2023-06-27,5927
4138,曜亞,10,0,10,元富-林園,2023-06-27,5927
4167,松瑞藥,10,0,10,元富-林園,2023-06-27,5927
4931,新盛力,10,0,10,元富-林園,2023-06-27,5927
8101,華冠,10,0,10,元富-林園,2023-06-27,5927
1909,榮成,9,0,9,元富-林園,2023-06-27,5927
1314,中石化,9,0,9,元富-林園,2023-06-27,5927
1471,首利,80,1,79,元富-林園,2023-06-28,5927
2356,英業達,107,51,56,元富-林園,2023-06-28,5927
00715L,期街口布蘭特正2,49,0,49,元富-林園,2023-06-28,5927
2534,宏盛,47,0,47,元富-林園,2023-06-28,5927
2409,友達,64,20,44,元富-林園,2023-06-28,5927
2614,東森,40,0,40,元富-林園,2023-06-28,5927
2610,華航,62,26,36,元富-林園,2023-06-28,5927
2892,第一金,36,0,36,元富-林園,2023-06-28,5927
00642U,期元大S＆P石油,35,0,35,元富-林園,2023-06-28,5927
3481,群創,34,3,31,元富-林園,2023-06-28,5927
1444,力麗,32,7,25,元富-林園,2023-06-28,5927
1762,中化生,25,0,25,元富-林園,2023-06-28,5927
2405,輔信,28,3,25,元富-林園,2023-06-28,5927
6116,彩晶,27,2,25,元富-林園,2023-06-28,5927
1513,中興電,28,4,24,元富-林園,2023-06-28,5927
8034,榮群,29,5,24,元富-林園,2023-06-28,5927
6443,元晶,21,0,21,元富-林園,2023-06-28,5927
5880,合庫金,20,0,20,元富-林園,2023-06-28,5927
00885,富邦越南,20,1,19,元富-林園,2023-06-28,5927
3706,神達,26,7,19,元富-林園,2023-06-28,5927
2303,聯電,22,6,16,元富-林園,2023-06-28,5927
2609,陽明,27,11,16,元富-林園,2023-06-28,5927
6217,中探針,18,2,16,元富-林園,2023-06-28,5927
3715,定穎投控,15,0,15,元富-林園,2023-06-28,5927
4157,太景*-KY,20,5,15,元富-林園,2023-06-28,5927
2329,華泰,13,0,13,元富-林園,2023-06-28,5927
6276,安鈦克,16,3,13,元富-林園,2023-06-28,5927
2201,裕隆,28,16,12,元富-林園,2023-06-28,5927
3122,笙泉,12,0,12,元富-林園,2023-06-28,5927
1314,中石化,11,0,11,元富-林園,2023-06-28,5927
1504,東元,11,1,10,元富-林園,2023-06-28,5927
00919,群益台灣精選高息,10,0,10,元富-林園,2023-06-28,5927
00900,富邦特選高股息30,10,0,10,元富-林園,2023-06-28,5927
2337,旺宏,12,2,10,元富-林園,2023-06-28,5927
2344,華邦電,20,10,10,元富-林園,2023-06-28,5927
2365,昆盈,14,4,10,元富-林園,2023-06-28,5927
2634,漢翔,28,18,10,元富-林園,2023-06-28,5927
00712,復華富時不動產,11,2,9,元富-林園,2023-06-28,5927
2412,中華電,9,0,9,元富-林園,2023-06-28,5927
1905,華紙,10,1,9,元富-林園,2023-06-28,5927
3025,星通,13,4,9,元富-林園,2023-06-28,5927
3078,僑威,52,43,9,元富-林園,2023-06-28,5927
6505,台塑化,9,0,9,元富-林園,2023-06-28,5927
3231,緯創,53,45,8,元富-林園,2023-06-28,5927
3596,智易,8,0,8,元富-林園,2023-06-28,5927
6139,亞翔,21,13,8,元富-林園,2023-06-28,5927
2637,慧洋-KY,8,0,8,元富-林園,2023-06-28,5927
1313,聯成,25,18,7,元富-林園,2023-06-28,5927
2104,國際中橡,9,2,7,元富-林園,2023-06-28,5927
1301,台塑,6,0,6,元富-林園,2023-06-28,5927
00637L,元大滬深300正2,113,0,113,元富-林園,2023-06-29,5927
00642U,期元大S＆P石油,100,0,100,元富-林園,2023-06-29,5927
1605,華新,58,6,52,元富-林園,2023-06-29,5927
00664R,國泰臺灣加權反1,50,0,50,元富-林園,2023-06-29,5927
2356,英業達,63,20,43,元富-林園,2023-06-29,5927
1303,南亞,41,0,41,元富-林園,2023-06-29,5927
2609,陽明,39,1,38,元富-林園,2023-06-29,5927
00751B,元大AAA至A公司債,36,0,36,元富-林園,2023-06-29,5927
00893,國泰智能電動車,35,2,33,元富-林園,2023-06-29,5927
2104,國際中橡,30,0,30,元富-林園,2023-06-29,5927
2409,友達,30,0,30,元富-林園,2023-06-29,5927
3481,群創,38,11,27,元富-林園,2023-06-29,5927
2618,長榮航,33,6,27,元富-林園,2023-06-29,5927
3617,碩天,27,0,27,元富-林園,2023-06-29,5927
2303,聯電,25,1,24,元富-林園,2023-06-29,5927
2883,凱基金,22,0,22,元富-林園,2023-06-29,5927
2371,大同,24,2,22,元富-林園,2023-06-29,5927
2614,東森,20,0,20,元富-林園,2023-06-29,5927
4726,永昕,20,0,20,元富-林園,2023-06-29,5927
4167,松瑞藥,17,1,16,元富-林園,2023-06-29,5927
9958,世紀鋼,20,5,15,元富-林園,2023-06-29,5927
00715L,期街口布蘭特正2,20,6,14,元富-林園,2023-06-29,5927
3703,欣陸,14,0,14,元富-林園,2023-06-29,5927
6443,元晶,13,1,12,元富-林園,2023-06-29,5927
2634,漢翔,12,1,11,元富-林園,2023-06-29,5927
2736,富野,11,0,11,元富-林園,2023-06-29,5927
3687,歐買尬,17,6,11,元富-林園,2023-06-29,5927
1312,國喬,10,0,10,元富-林園,2023-06-29,5927
1539,巨庭,10,0,10,元富-林園,2023-06-29,5927
6125,廣運,10,0,10,元富-林園,2023-06-29,5927
8183,精星,10,0,10,元富-林園,2023-06-29,5927
2412,中華電,10,1,9,元富-林園,2023-06-29,5927
2457,飛宏,20,11,9,元富-林園,2023-06-29,5927
2605,新興,10,1,9,元富-林園,2023-06-29,5927
6197,佳必琪,9,0,9,元富-林園,2023-06-29,5927
2615,萬海,8,0,8,元富-林園,2023-06-29,5927
00830,國泰費城半導體,7,0,7,元富-林園,2023-06-29,5927
2485,兆赫,7,0,7,元富-林園,2023-06-29,5927
3548,兆利,7,0,7,元富-林園,2023-06-29,5927
8038,長園科,7,0,7,元富-林園,2023-06-29,5927
8277,商丞,7,0,7,元富-林園,2023-06-29,5927
2201,裕隆,16,10,6,元富-林園,2023-06-29,5927
2734,易飛網,6,0,6,元富-林園,2023-06-29,5927
3011,今皓,6,0,6,元富-林園,2023-06-29,5927
3591,艾笛森,6,0,6,元富-林園,2023-06-29,5927
2801,彰銀,5,0,5,元富-林園,2023-06-29,5927
1301,台塑,5,0,5,元富-林園,2023-06-29,5927
1471,首利,7,2,5,元富-林園,2023-06-29,5927
1609,大亞,20,15,5,元富-林園,2023-06-29,5927
2464,盟立,5,0,5,元富-林園,2023-06-29,5927
2344,華邦電,84,4,80,元富-林園,2023-06-30,5927
2323,中環,111,32,79,元富-林園,2023-06-30,5927
2610,華航,119,54,65,元富-林園,2023-06-30,5927
00632R,元大台灣50反1,130,67,63,元富-林園,2023-06-30,5927
2834,臺企銀,41,0,41,元富-林園,2023-06-30,5927
1522,堤維西,34,1,33,元富-林園,2023-06-30,5927
1710,東聯,30,0,30,元富-林園,2023-06-30,5927
2409,友達,54,24,30,元富-林園,2023-06-30,5927
2609,陽明,80,51,29,元富-林園,2023-06-30,5927
2618,長榮航,40,12,28,元富-林園,2023-06-30,5927
2886,兆豐金,26,0,26,元富-林園,2023-06-30,5927
1605,華新,40,17,23,元富-林園,2023-06-30,5927
00919,群益台灣精選高息,22,0,22,元富-林園,2023-06-30,5927
1310,台苯,20,0,20,元富-林園,2023-06-30,5927
5465,富驊,20,0,20,元富-林園,2023-06-30,5927
2812,台中銀,46,30,16,元富-林園,2023-06-30,5927
4167,松瑞藥,15,0,15,元富-林園,2023-06-30,5927
3058,立德,16,2,14,元富-林園,2023-06-30,5927
0056,元大高股息,13,1,12,元富-林園,2023-06-30,5927
2303,聯電,15,3,12,元富-林園,2023-06-30,5927
00706L,期元大S＆P日圓正2,11,0,11,元富-林園,2023-06-30,5927
2353,宏��,11,0,11,元富-林園,2023-06-30,5927
6185,幃翔,31,20,11,元富-林園,2023-06-30,5927
8163,達方,11,0,11,元富-林園,2023-06-30,5927
4104,佳醫,11,0,11,元富-林園,2023-06-30,5927
2317,鴻海,14,4,10,元富-林園,2023-06-30,5927
2476,鉅祥,10,0,10,元富-林園,2023-06-30,5927
4126,太醫,10,0,10,元富-林園,2023-06-30,5927
4919,新唐,11,1,10,元富-林園,2023-06-30,5927
1314,中石化,9,0,9,元富-林園,2023-06-30,5927
00751B,元大AAA至A公司債,8,0,8,元富-林園,2023-06-30,5927
4162,智擎,10,2,8,元富-林園,2023-06-30,5927
2880,華南金,7,0,7,元富-林園,2023-06-30,5927
1471,首利,8,1,7,元富-林園,2023-06-30,5927
6153,嘉聯益,19,12,7,元富-林園,2023-06-30,5927
2884,玉山金,13,6,7,元富-林園,2023-06-30,5927
1301,台塑,6,0,6,元富-林園,2023-06-30,5927
1532,勤美,6,0,6,元富-林園,2023-06-30,5927
1717,長興,6,0,6,元富-林園,2023-06-30,5927
3413,京鼎,6,0,6,元富-林園,2023-06-30,5927
1513,中興電,21,15,6,元富-林園,2023-06-30,5927
00878,國泰永續高股息,6,0,6,元富-林園,2023-06-30,5927
00929,復華台灣科技優息,5,0,5,元富-林園,2023-06-30,5927
1701,中化,5,0,5,元富-林園,2023-06-30,5927
1802,台玻,9,4,5,元富-林園,2023-06-30,5927
2324,仁寶,6,1,5,元富-林園,2023-06-30,5927
2412,中華電,5,0,5,元富-林園,2023-06-30,5927
2465,麗臺,5,0,5,元富-林園,2023-06-30,5927
3622,洋華,5,0,5,元富-林園,2023-06-30,5927
4155,訊映,5,0,5,元富-林園,2023-06-30,5927
2605,新興,101,10,91,元富-林園,2023-07-03,5927
2323,中環,105,17,88,元富-林園,2023-07-03,5927
3207,耀勝,46,0,46,元富-林園,2023-07-03,5927
2303,聯電,43,0,43,元富-林園,2023-07-03,5927
1217,愛之味,46,10,36,元富-林園,2023-07-03,5927
2331,精英,47,14,33,元富-林園,2023-07-03,5927
00850,元大臺灣ESG永續,25,0,25,元富-林園,2023-07-03,5927
6026,福邦證,25,0,25,元富-林園,2023-07-03,5927
5464,霖宏,25,2,23,元富-林園,2023-07-03,5927
5701,劍湖山,23,0,23,元富-林園,2023-07-03,5927
8150,南茂,22,0,22,元富-林園,2023-07-03,5927
2489,瑞軒,20,0,20,元富-林園,2023-07-03,5927
1310,台苯,20,0,20,元富-林園,2023-07-03,5927
2537,聯上發,20,0,20,元富-林園,2023-07-03,5927
3617,碩天,20,0,20,元富-林園,2023-07-03,5927
1605,華新,26,7,19,元富-林園,2023-07-03,5927
2419,仲琦,25,8,17,元富-林園,2023-07-03,5927
3022,威強電,18,1,17,元富-林園,2023-07-03,5927
6282,康舒,43,27,16,元富-林園,2023-07-03,5927
2421,建準,31,15,16,元富-林園,2023-07-03,5927
4108,懷特,16,0,16,元富-林園,2023-07-03,5927
6217,中探針,16,1,15,元富-林園,2023-07-03,5927
2344,華邦電,14,0,14,元富-林園,2023-07-03,5927
3149,正達,14,0,14,元富-林園,2023-07-03,5927
4906,正文,24,10,14,元富-林園,2023-07-03,5927
5468,凱鈺,14,0,14,元富-林園,2023-07-03,5927
2105,正新,13,0,13,元富-林園,2023-07-03,5927
3083,網龍,14,1,13,元富-林園,2023-07-03,5927
00679B,元大美債20年,12,0,12,元富-林園,2023-07-03,5927
2484,希華,12,0,12,元富-林園,2023-07-03,5927
6188,廣明,17,5,12,元富-林園,2023-07-03,5927
2412,中華電,10,0,10,元富-林園,2023-07-03,5927
2883,凱基金,10,0,10,元富-林園,2023-07-03,5927
1342,八貫,10,0,10,元富-林園,2023-07-03,5927
00687B,國泰20年美債,10,0,10,元富-林園,2023-07-03,5927
00632R,元大台灣50反1,100,90,10,元富-林園,2023-07-03,5927
2208,台船,10,0,10,元富-林園,2023-07-03,5927
2340,台亞,10,0,10,元富-林園,2023-07-03,5927
2476,鉅祥,10,0,10,元富-林園,2023-07-03,5927
2614,東森,10,0,10,元富-林園,2023-07-03,5927
2838,聯邦銀,10,0,10,元富-林園,2023-07-03,5927
4157,太景*-KY,10,0,10,元富-林園,2023-07-03,5927
6155,鈞寶,10,0,10,元富-林園,2023-07-03,5927
6461,益得,10,0,10,元富-林園,2023-07-03,5927
1467,南緯,10,1,9,元富-林園,2023-07-03,5927
1301,台塑,8,0,8,元富-林園,2023-07-03,5927
3481,群創,33,25,8,元富-林園,2023-07-03,5927
4919,新唐,10,2,8,元富-林園,2023-07-03,5927
8227,巨有科技,8,0,8,元富-林園,2023-07-03,5927
2887,台新金,8,1,7,元富-林園,2023-07-03,5927
1447,力鵬,80,0,80,元富-林園,2023-07-04,5927
3078,僑威,70,5,65,元富-林園,2023-07-04,5927
00929,復華台灣科技優息,66,10,56,元富-林園,2023-07-04,5927
1710,東聯,59,4,55,元富-林園,2023-07-04,5927
6116,彩晶,50,0,50,元富-林園,2023-07-04,5927
2603,長榮,117,67,50,元富-林園,2023-07-04,5927
00673R,期元大S＆P原油反1,40,3,37,元富-林園,2023-07-04,5927
1802,台玻,73,36,37,元富-林園,2023-07-04,5927
3149,正達,31,0,31,元富-林園,2023-07-04,5927
5512,力麒,31,0,31,元富-林園,2023-07-04,5927
2340,台亞,34,5,29,元富-林園,2023-07-04,5927
1314,中石化,30,2,28,元富-林園,2023-07-04,5927
00885,富邦越南,26,1,25,元富-林園,2023-07-04,5927
2618,長榮航,27,4,23,元富-林園,2023-07-04,5927
6202,盛群,23,0,23,元富-林園,2023-07-04,5927
0056,元大高股息,36,14,22,元富-林園,2023-07-04,5927
4906,正文,24,3,21,元富-林園,2023-07-04,5927
8028,昇陽半導體,25,4,21,元富-林園,2023-07-04,5927
00923,群益台ESG低碳50,20,0,20,元富-林園,2023-07-04,5927
00881,國泰台灣5G+,20,0,20,元富-林園,2023-07-04,5927
2883,凱基金,19,2,17,元富-林園,2023-07-04,5927
2468,華經,18,1,17,元富-林園,2023-07-04,5927
1905,華紙,39,23,16,元富-林園,2023-07-04,5927
2614,東森,20,4,16,元富-林園,2023-07-04,5927
6781,AES-KY,16,0,16,元富-林園,2023-07-04,5927
1514,亞力,16,1,15,元富-林園,2023-07-04,5927
2331,精英,16,1,15,元富-林園,2023-07-04,5927
2449,京元電子,22,7,15,元富-林園,2023-07-04,5927
2838,聯邦銀,15,0,15,元富-林園,2023-07-04,5927
2834,臺企銀,15,0,15,元富-林園,2023-07-04,5927
00715L,期街口布蘭特正2,14,0,14,元富-林園,2023-07-04,5927
6128,上福,14,0,14,元富-林園,2023-07-04,5927
2457,飛宏,20,7,13,元富-林園,2023-07-04,5927
5876,上海商銀,12,0,12,元富-林園,2023-07-04,5927
2402,毅嘉,33,21,12,元富-林園,2023-07-04,5927
1217,愛之味,11,0,11,元富-林園,2023-07-04,5927
4564,元翎,21,10,11,元富-林園,2023-07-04,5927
5905,南仁湖,11,0,11,元富-林園,2023-07-04,5927
00882,中信中國高股息,10,0,10,元富-林園,2023-07-04,5927
00722B,群益投資級電信債,10,0,10,元富-林園,2023-07-04,5927
1453,大將,10,0,10,元富-林園,2023-07-04,5927
2204,中華,10,0,10,元富-林園,2023-07-04,5927
2489,瑞軒,10,0,10,元富-林園,2023-07-04,5927
2734,易飛網,10,0,10,元富-林園,2023-07-04,5927
2317,鴻海,17,8,9,元富-林園,2023-07-04,5927
2537,聯上發,9,0,9,元富-林園,2023-07-04,5927
6111,大宇資,10,1,9,元富-林園,2023-07-04,5927
8064,東捷,9,0,9,元富-林園,2023-07-04,5927
8112,至上,9,0,9,元富-林園,2023-07-04,5927
2615,萬海,74,65,9,元富-林園,2023-07-04,5927
2851,中再保,200,0,200,元富-林園,2023-07-05,5927
2312,金寶,166,23,143,元富-林園,2023-07-05,5927
2618,長榮航,175,98,77,元富-林園,2023-07-05,5927
00929,復華台灣科技優息,80,10,70,元富-林園,2023-07-05,5927
2421,建準,103,42,61,元富-林園,2023-07-05,5927
00878,國泰永續高股息,58,4,54,元富-林園,2023-07-05,5927
1609,大亞,80,48,32,元富-林園,2023-07-05,5927
00927,群益半導體收益,31,0,31,元富-林園,2023-07-05,5927
2369,菱生,35,4,31,元富-林園,2023-07-05,5927
00637L,元大滬深300正2,150,120,30,元富-林園,2023-07-05,5927
1905,華紙,37,7,30,元富-林園,2023-07-05,5927
3017,奇鋐,40,12,28,元富-林園,2023-07-05,5927
2356,英業達,49,21,28,元富-林園,2023-07-05,5927
2324,仁寶,28,1,27,元富-林園,2023-07-05,5927
6180,橘子,26,0,26,元富-林園,2023-07-05,5927
00882,中信中國高股息,23,0,23,元富-林園,2023-07-05,5927
00669R,國泰美國道瓊反1,22,0,22,元富-林園,2023-07-05,5927
0056,元大高股息,29,9,20,元富-林園,2023-07-05,5927
3706,神達,23,4,19,元富-林園,2023-07-05,5927
8028,昇陽半導體,19,0,19,元富-林園,2023-07-05,5927
6854,錼創科技-KY創,23,5,18,元富-林園,2023-07-05,5927
2449,京元電子,21,4,17,元富-林園,2023-07-05,5927
3027,盛達,47,30,17,元富-林園,2023-07-05,5927
1605,華新,31,15,16,元富-林園,2023-07-05,5927
1708,東鹼,16,0,16,元富-林園,2023-07-05,5927
1909,榮成,15,0,15,元富-林園,2023-07-05,5927
4904,遠傳,13,0,13,元富-林園,2023-07-05,5927
1477,聚陽,12,0,12,元富-林園,2023-07-05,5927
2460,建通,12,0,12,元富-林園,2023-07-05,5927
3380,明泰,11,0,11,元富-林園,2023-07-05,5927
5465,富驊,11,0,11,元富-林園,2023-07-05,5927
6488,環球晶,11,0,11,元富-林園,2023-07-05,5927
1434,福懋,10,0,10,元富-林園,2023-07-05,5927
1303,南亞,10,0,10,元富-林園,2023-07-05,5927
1535,中宇,10,0,10,元富-林園,2023-07-05,5927
1806,冠軍,10,0,10,元富-林園,2023-07-05,5927
2303,聯電,18,8,10,元富-林園,2023-07-05,5927
2605,新興,10,0,10,元富-林園,2023-07-05,5927
3019,亞光,10,0,10,元富-林園,2023-07-05,5927
5243,乙盛-KY,12,2,10,元富-林園,2023-07-05,5927
5880,合庫金,10,0,10,元富-林園,2023-07-05,5927
6781,AES-KY,10,0,10,元富-林園,2023-07-05,5927
2630,亞航,9,0,9,元富-林園,2023-07-05,5927
4919,新唐,16,7,9,元富-林園,2023-07-05,5927
8049,晶采,10,1,9,元富-林園,2023-07-05,5927
00712,復華富時不動產,10,2,8,元富-林園,2023-07-05,5927
2850,新產,8,0,8,元富-林園,2023-07-05,5927
2498,宏達電,10,2,8,元富-林園,2023-07-05,5927
2301,光寶科,9,2,7,元富-林園,2023-07-05,5927
2359,所羅門,10,3,7,元富-林園,2023-07-05,5927
2891,中信金,108,0,108,元富-林園,2023-07-06,5927
2317,鴻海,93,9,84,元富-林園,2023-07-06,5927
1535,中宇,81,0,81,元富-林園,2023-07-06,5927
00929,復華台灣科技優息,80,0,80,元富-林園,2023-07-06,5927
2607,榮運,76,0,76,元富-林園,2023-07-06,5927
2851,中再保,75,0,75,元富-林園,2023-07-06,5927
2614,東森,60,0,60,元富-林園,2023-07-06,5927
2603,長榮,63,10,53,元富-林園,2023-07-06,5927
00637L,元大滬深300正2,50,0,50,元富-林園,2023-07-06,5927
2323,中環,47,0,47,元富-林園,2023-07-06,5927
2883,凱基金,46,0,46,元富-林園,2023-07-06,5927
3017,奇鋐,47,1,46,元富-林園,2023-07-06,5927
6443,元晶,55,10,45,元富-林園,2023-07-06,5927
00673R,期元大S＆P原油反1,42,0,42,元富-林園,2023-07-06,5927
2801,彰銀,41,0,41,元富-林園,2023-07-06,5927
1101,台泥,38,1,37,元富-林園,2023-07-06,5927
3303,岱稜,34,0,34,元富-林園,2023-07-06,5927
2834,臺企銀,31,0,31,元富-林園,2023-07-06,5927
3675,德微,30,0,30,元富-林園,2023-07-06,5927
1326,台化,30,0,30,元富-林園,2023-07-06,5927
6770,力積電,31,2,29,元富-林園,2023-07-06,5927
0056,元大高股息,32,4,28,元富-林園,2023-07-06,5927
2002,中鋼,29,3,26,元富-林園,2023-07-06,5927
5880,合庫金,25,0,25,元富-林園,2023-07-06,5927
2880,華南金,27,3,24,元富-林園,2023-07-06,5927
2890,永豐金,22,0,22,元富-林園,2023-07-06,5927
00712,復華富時不動產,20,0,20,元富-林園,2023-07-06,5927
00665L,富邦�琤肭磪囓�2,25,5,20,元富-林園,2023-07-06,5927
00688L,國泰20年美債正2,20,0,20,元富-林園,2023-07-06,5927
1305,華夏,20,0,20,元富-林園,2023-07-06,5927
3078,僑威,26,6,20,元富-林園,2023-07-06,5927
2812,台中銀,17,0,17,元富-林園,2023-07-06,5927
00919,群益台灣精選高息,21,5,16,元富-林園,2023-07-06,5927
2328,廣宇,15,0,15,元富-林園,2023-07-06,5927
3260,威剛,18,3,15,元富-林園,2023-07-06,5927
6188,廣明,17,2,15,元富-林園,2023-07-06,5927
2633,台灣高鐵,15,0,15,元富-林園,2023-07-06,5927
2457,飛宏,16,2,14,元富-林園,2023-07-06,5927
3037,欣興,17,2,15,元富-林園,2023-07-06,5927
2340,台亞,29,15,14,元富-林園,2023-07-06,5927
3576,聯合再生,14,0,14,元富-林園,2023-07-06,5927
1303,南亞,13,0,13,元富-林園,2023-07-06,5927
2885,元大金,12,0,12,元富-林園,2023-07-06,5927
3265,台星科,18,6,12,元富-林園,2023-07-06,5927
3312,弘憶股,12,0,12,元富-林園,2023-07-06,5927
2736,富野,12,1,11,元富-林園,2023-07-06,5927
3362,先進光,13,2,11,元富-林園,2023-07-06,5927
8112A,至上甲特,11,0,11,元富-林園,2023-07-06,5927
1301,台塑,15,5,10,元富-林園,2023-07-06,5927
00923,群益台ESG低碳50,10,0,10,元富-林園,2023-07-06,5927
00885,富邦越南,136,0,136,元富-林園,2023-07-07,5927
00929,復華台灣科技優息,56,0,56,元富-林園,2023-07-07,5927
4744,皇將,51,0,51,元富-林園,2023-07-07,5927
3481,群創,60,11,49,元富-林園,2023-07-07,5927
9904,寶成,42,0,42,元富-林園,2023-07-07,5927
1710,東聯,38,0,38,元富-林園,2023-07-07,5927
2323,中環,41,3,38,元富-林園,2023-07-07,5927
3017,奇鋐,47,9,38,元富-林園,2023-07-07,5927
2610,華航,54,19,35,元富-林園,2023-07-07,5927
3303,岱稜,34,0,34,元富-林園,2023-07-07,5927
6005,群益證,34,0,34,元富-林園,2023-07-07,5927
2344,華邦電,31,1,30,元富-林園,2023-07-07,5927
00706L,期元大S＆P日圓正2,30,0,30,元富-林園,2023-07-07,5927
1514,亞力,31,2,29,元富-林園,2023-07-07,5927
2609,陽明,38,11,27,元富-林園,2023-07-07,5927
3058,立德,27,0,27,元富-林園,2023-07-07,5927
2340,台亞,39,13,26,元富-林園,2023-07-07,5927
2887,台新金,27,2,25,元富-林園,2023-07-07,5927
2356,英業達,85,61,24,元富-林園,2023-07-07,5927
00888,永豐台灣ESG,23,0,23,元富-林園,2023-07-07,5927
00927,群益半導體收益,21,0,21,元富-林園,2023-07-07,5927
4123,晟德,20,0,20,元富-林園,2023-07-07,5927
6139,亞翔,20,0,20,元富-林園,2023-07-07,5927
6770,力積電,23,5,18,元富-林園,2023-07-07,5927
2002,中鋼,20,2,18,元富-林園,2023-07-07,5927
00915,凱基優選高股息30,18,0,18,元富-林園,2023-07-07,5927
2489,瑞軒,21,3,18,元富-林園,2023-07-07,5927
6148,驊宏資,20,2,18,元富-林園,2023-07-07,5927
00712,復華富時不動產,17,0,17,元富-林園,2023-07-07,5927
3265,台星科,18,1,17,元富-林園,2023-07-07,5927
3583,辛耘,32,15,17,元富-林園,2023-07-07,5927
1326,台化,16,0,16,元富-林園,2023-07-07,5927
2534,宏盛,16,0,16,元富-林園,2023-07-07,5927
2881,富邦金,16,0,16,元富-林園,2023-07-07,5927
3666,光耀,16,0,16,元富-林園,2023-07-07,5927
3673,TPK-KY,16,0,16,元富-林園,2023-07-07,5927
1101,台泥,23,8,15,元富-林園,2023-07-07,5927
2601,益航,15,0,15,元富-林園,2023-07-07,5927
8488,吉源-KY,15,0,15,元富-林園,2023-07-07,5927
2317,鴻海,18,4,14,元富-林園,2023-07-07,5927
00919,群益台灣精選高息,14,0,14,元富-林園,2023-07-07,5927
2603,長榮,35,21,14,元富-林園,2023-07-07,5927
4155,訊映,16,2,14,元富-林園,2023-07-07,5927
1604,聲寶,13,0,13,元富-林園,2023-07-07,5927
2302,麗正,13,0,13,元富-林園,2023-07-07,5927
2485,兆赫,13,0,13,元富-林園,2023-07-07,5927
0056,元大高股息,15,3,12,元富-林園,2023-07-07,5927
1301,台塑,14,2,12,元富-林園,2023-07-07,5927
2633,台灣高鐵,12,0,12,元富-林園,2023-07-07,5927
8150,南茂,12,0,12,元富-林園,2023-07-07,5927
3078,僑威,93,3,90,元富-林園,2023-07-10,5927
2436,偉詮電,66,4,62,元富-林園,2023-07-10,5927
3303,岱稜,56,0,56,元富-林園,2023-07-10,5927
2609,陽明,67,12,55,元富-林園,2023-07-10,5927
9929,秋雨,50,0,50,元富-林園,2023-07-10,5927
00673R,期元大S＆P原油反1,46,0,46,元富-林園,2023-07-10,5927
2883,凱基金,41,3,38,元富-林園,2023-07-10,5927
1710,東聯,33,0,33,元富-林園,2023-07-10,5927
2303,聯電,31,0,31,元富-林園,2023-07-10,5927
3706,神達,30,0,30,元富-林園,2023-07-10,5927
3687,歐買尬,25,0,25,元富-林園,2023-07-10,5927
6111,大宇資,27,2,25,元富-林園,2023-07-10,5927
00929,復華台灣科技優息,23,0,23,元富-林園,2023-07-10,5927
1101,台泥,24,1,23,元富-林園,2023-07-10,5927
2890,永豐金,22,0,22,元富-林園,2023-07-10,5927
5864,致和證,22,0,22,元富-林園,2023-07-10,5927
00882,中信中國高股息,21,0,21,元富-林園,2023-07-10,5927
3313,斐成,20,0,20,元富-林園,2023-07-10,5927
2457,飛宏,30,12,18,元富-林園,2023-07-10,5927
2409,友達,19,2,17,元富-林園,2023-07-10,5927
2489,瑞軒,45,28,17,元富-林園,2023-07-10,5927
2888,新光金,31,15,16,元富-林園,2023-07-10,5927
2886,兆豐金,16,0,16,元富-林園,2023-07-10,5927
2537,聯上發,15,0,15,元富-林園,2023-07-10,5927
6770,力積電,20,6,14,元富-林園,2023-07-10,5927
2356,英業達,23,9,14,元富-林園,2023-07-10,5927
4919,新唐,15,2,13,元富-林園,2023-07-10,5927
0056,元大高股息,14,2,12,元富-林園,2023-07-10,5927
8050,廣積,12,0,12,元富-林園,2023-07-10,5927
2329,華泰,13,1,12,元富-林園,2023-07-10,5927
4157,太景*-KY,12,0,12,元富-林園,2023-07-10,5927
5460,同協,12,0,12,元富-林園,2023-07-10,5927
00679B,元大美債20年,11,0,11,元富-林園,2023-07-10,5927
2887,台新金,16,5,11,元富-林園,2023-07-10,5927
1301,台塑,11,0,11,元富-林園,2023-07-10,5927
2618,長榮航,32,21,11,元富-林園,2023-07-10,5927
6217,中探針,11,0,11,元富-林園,2023-07-10,5927
1529,樂事綠能,11,0,11,元富-林園,2023-07-10,5927
00923,群益台ESG低碳50,10,0,10,元富-林園,2023-07-10,5927
00632R,元大台灣50反1,150,140,10,元富-林園,2023-07-10,5927
1905,華紙,10,0,10,元富-林園,2023-07-10,5927
2107,厚生,10,0,10,元富-林園,2023-07-10,5927
3296,勝德,10,0,10,元富-林園,2023-07-10,5927
4142,國光生,10,0,10,元富-林園,2023-07-10,5927
6139,亞翔,10,0,10,元富-林園,2023-07-10,5927
8070,長華*,10,0,10,元富-林園,2023-07-10,5927
8105,凌巨,10,0,10,元富-林園,2023-07-10,5927
8150,南茂,10,0,10,元富-林園,2023-07-10,5927
2317,鴻海,9,0,9,元富-林園,2023-07-10,5927
3564,其陽,13,4,9,元富-林園,2023-07-10,5927
5228,鈺鎧,88,0,88,元富-林園,2023-07-11,5927
2457,飛宏,72,8,64,元富-林園,2023-07-11,5927
3303,岱稜,43,0,43,元富-林園,2023-07-11,5927
4532,瑞智,41,1,40,元富-林園,2023-07-11,5927
5880,合庫金,39,0,39,元富-林園,2023-07-11,5927
2328,廣宇,58,21,37,元富-林園,2023-07-11,5927
00882,中信中國高股息,30,0,30,元富-林園,2023-07-11,5927
00929,復華台灣科技優息,28,0,28,元富-林園,2023-07-11,5927
2329,華泰,36,11,25,元富-林園,2023-07-11,5927
6120,達運,38,14,24,元富-林園,2023-07-11,5927
2888,新光金,25,1,24,元富-林園,2023-07-11,5927
2317,鴻海,24,0,24,元富-林園,2023-07-11,5927
2609,陽明,39,18,21,元富-林園,2023-07-11,5927
6266,泰詠,24,4,20,元富-林園,2023-07-11,5927
2614,東森,20,1,19,元富-林園,2023-07-11,5927
8093,保銳,32,14,18,元富-林園,2023-07-11,5927
2883,凱基金,17,1,16,元富-林園,2023-07-11,5927
2331,精英,14,0,14,元富-林園,2023-07-11,5927
2371,大同,16,2,14,元富-林園,2023-07-11,5927
2618,長榮航,51,37,14,元富-林園,2023-07-11,5927
2421,建準,41,28,13,元富-林園,2023-07-11,5927
2880,華南金,13,0,13,元富-林園,2023-07-11,5927
8033,雷虎,11,0,11,元富-林園,2023-07-11,5927
1802,台玻,10,0,10,元富-林園,2023-07-11,5927
2108,南帝,10,0,10,元富-林園,2023-07-11,5927
2337,旺宏,10,0,10,元富-林園,2023-07-11,5927
2634,漢翔,13,3,10,元富-林園,2023-07-11,5927
2705,六福,20,10,10,元富-林園,2023-07-11,5927
3706,神達,16,6,10,元富-林園,2023-07-11,5927
4916,事欣科,11,1,10,元富-林園,2023-07-11,5927
6129,普誠,10,0,10,元富-林園,2023-07-11,5927
8426,紅木-KY,10,0,10,元富-林園,2023-07-11,5927
3666,光耀,14,5,9,元富-林園,2023-07-11,5927
1905,華紙,8,0,8,元富-林園,2023-07-11,5927
2313,華通,10,2,8,元富-林園,2023-07-11,5927
3379,彬台,8,0,8,元富-林園,2023-07-11,5927
2352,佳世達,8,0,8,元富-林園,2023-07-11,5927
1722,台肥,10,3,7,元富-林園,2023-07-11,5927
2427,三商電,9,2,7,元富-林園,2023-07-11,5927
3114,好德,10,3,7,元富-林園,2023-07-11,5927
3588,通嘉,7,0,7,元富-林園,2023-07-11,5927
1609,大亞,29,23,6,元富-林園,2023-07-11,5927
4510,高鋒,6,0,6,元富-林園,2023-07-11,5927
6142,友勁,6,0,6,元富-林園,2023-07-11,5927
6244,茂迪,22,16,6,元富-林園,2023-07-11,5927
6245,立端,6,0,6,元富-林園,2023-07-11,5927
2303,聯電,12,6,6,元富-林園,2023-07-11,5927
1301,台塑,5,0,5,元富-林園,2023-07-11,5927
00891,中信關鍵半導體,5,0,5,元富-林園,2023-07-11,5927
00850,元大臺灣ESG永續,5,0,5,元富-林園,2023-07-11,5927
2614,東森,100,0,100,元富-林園,2023-07-12,5927
4904,遠傳,68,0,68,元富-林園,2023-07-12,5927
2356,英業達,187,142,45,元富-林園,2023-07-12,5927
2457,飛宏,49,4,45,元富-林園,2023-07-12,5927
6282,康舒,84,48,36,元富-林園,2023-07-12,5927
5228,鈺鎧,35,0,35,元富-林園,2023-07-12,5927
2303,聯電,34,0,34,元富-林園,2023-07-12,5927
2208,台船,25,0,25,元富-林園,2023-07-12,5927
3380,明泰,26,1,25,元富-林園,2023-07-12,5927
8038,長園科,30,6,24,元富-林園,2023-07-12,5927
6111,大宇資,60,38,22,元富-林園,2023-07-12,5927
1789,神隆,21,0,21,元富-林園,2023-07-12,5927
00905,FT臺灣Smart,20,0,20,元富-林園,2023-07-12,5927
1108,幸福,20,0,20,元富-林園,2023-07-12,5927
2328,廣宇,29,9,20,元富-林園,2023-07-12,5927
3374,精材,20,0,20,元富-林園,2023-07-12,5927
8033,雷虎,21,2,19,元富-林園,2023-07-12,5927
3017,奇鋐,35,17,18,元富-林園,2023-07-12,5927
1101,台泥,21,3,18,元富-林園,2023-07-12,5927
00929,復華台灣科技優息,20,2,18,元富-林園,2023-07-12,5927
6005,群益證,20,2,18,元富-林園,2023-07-12,5927
1442,名軒,15,0,15,元富-林園,2023-07-12,5927
4716,大立,15,0,15,元富-林園,2023-07-12,5927
5425,台半,20,5,15,元富-林園,2023-07-12,5927
2731,雄獅,15,1,14,元富-林園,2023-07-12,5927
3564,其陽,14,0,14,元富-林園,2023-07-12,5927
5392,能率,15,1,14,元富-林園,2023-07-12,5927
1708,東鹼,13,0,13,元富-林園,2023-07-12,5927
2883,凱基金,23,10,13,元富-林園,2023-07-12,5927
4533,協易機,14,2,12,元富-林園,2023-07-12,5927
4906,正文,12,0,12,元富-林園,2023-07-12,5927
3356,奇偶,11,0,11,元富-林園,2023-07-12,5927
3379,彬台,11,0,11,元富-林園,2023-07-12,5927
1795,美時,13,3,10,元富-林園,2023-07-12,5927
2736,富野,12,2,10,元富-林園,2023-07-12,5927
2888,新光金,20,10,10,元富-林園,2023-07-12,5927
3041,揚智,10,0,10,元富-林園,2023-07-12,5927
3710,連展投控,11,1,10,元富-林園,2023-07-12,5927
2481,強茂,16,7,9,元富-林園,2023-07-12,5927
2486,一詮,15,6,9,元富-林園,2023-07-12,5927
3038,全台,11,2,9,元富-林園,2023-07-12,5927
4532,瑞智,12,3,9,元富-林園,2023-07-12,5927
6188,廣明,22,13,9,元富-林園,2023-07-12,5927
00673R,期元大S＆P原油反1,8,0,8,元富-林園,2023-07-12,5927
00751B,元大AAA至A公司債,8,0,8,元富-林園,2023-07-12,5927
2034,允強,9,1,8,元富-林園,2023-07-12,5927
2706,第一店,8,0,8,元富-林園,2023-07-12,5927
2020,美亞,8,1,7,元富-林園,2023-07-12,5927
2405,輔信,7,0,7,元富-林園,2023-07-12,5927
2634,漢翔,11,4,7,元富-林園,2023-07-12,5927
3481,群創,237,87,150,元富-林園,2023-07-13,5927
00905,FT臺灣Smart,114,0,114,元富-林園,2023-07-13,5927
2618,長榮航,127,41,86,元富-林園,2023-07-13,5927
00673R,期元大S＆P原油反1,51,0,51,元富-林園,2023-07-13,5927
5864,致和證,42,0,42,元富-林園,2023-07-13,5927
1609,大亞,49,10,39,元富-林園,2023-07-13,5927
2324,仁寶,94,58,36,元富-林園,2023-07-13,5927
1442,名軒,40,5,35,元富-林園,2023-07-13,5927
1514,亞力,39,5,34,元富-林園,2023-07-13,5927
3032,偉訓,33,1,32,元富-林園,2023-07-13,5927
2633,台灣高鐵,32,0,32,元富-林園,2023-07-13,5927
1905,華紙,32,1,31,元富-林園,2023-07-13,5927
00679B,元大美債20年,30,0,30,元富-林園,2023-07-13,5927
4108,懷特,30,0,30,元富-林園,2023-07-13,5927
6120,達運,30,0,30,元富-林園,2023-07-13,5927
1605,華新,29,0,29,元富-林園,2023-07-13,5927
2883,凱基金,28,0,28,元富-林園,2023-07-13,5927
3017,奇鋐,53,25,28,元富-林園,2023-07-13,5927
1101,台泥,36,13,23,元富-林園,2023-07-13,5927
2701,萬企,22,0,22,元富-林園,2023-07-13,5927
1717,長興,20,0,20,元富-林園,2023-07-13,5927
2610,華航,46,26,20,元富-林園,2023-07-13,5927
5701,劍湖山,20,0,20,元富-林園,2023-07-13,5927
2603,長榮,33,13,20,元富-林園,2023-07-13,5927
2303,聯電,25,6,19,元富-林園,2023-07-13,5927
2014,中鴻,21,2,19,元富-林園,2023-07-13,5927
2376,技嘉,24,6,18,元富-林園,2023-07-13,5927
1314,中石化,20,2,18,元富-林園,2023-07-13,5927
4919,新唐,22,4,18,元富-林園,2023-07-13,5927
2609,陽明,55,38,17,元富-林園,2023-07-13,5927
6548,長科*,18,2,16,元富-林園,2023-07-13,5927
2482,連宇,16,0,16,元富-林園,2023-07-13,5927
2421,建準,101,86,15,元富-林園,2023-07-13,5927
6197,佳必琪,31,16,15,元富-林園,2023-07-13,5927
6609,瀧澤科,15,0,15,元富-林園,2023-07-13,5927
3047,訊舟,15,0,15,元富-林園,2023-07-13,5927
1532,勤美,14,0,14,元富-林園,2023-07-13,5927
2108,南帝,14,0,14,元富-林園,2023-07-13,5927
6016,康和證,14,0,14,元富-林園,2023-07-13,5927
8033,雷虎,14,0,14,元富-林園,2023-07-13,5927
6770,力積電,13,0,13,元富-林園,2023-07-13,5927
3231,緯創,47,35,12,元富-林園,2023-07-13,5927
2881,富邦金,11,0,11,元富-林園,2023-07-13,5927
2323,中環,18,7,11,元富-林園,2023-07-13,5927
2855,統一證,10,0,10,元富-林園,2023-07-13,5927
6182,合晶,10,0,10,元富-林園,2023-07-13,5927
8105,凌巨,10,0,10,元富-林園,2023-07-13,5927
3027,盛達,18,9,9,元富-林園,2023-07-13,5927
3041,揚智,11,2,9,元富-林園,2023-07-13,5927
6266,泰詠,12,3,9,元富-林園,2023-07-13,5927
2618,長榮航,169,10,159,元富-林園,2023-07-14,5927
2328,廣宇,192,81,111,元富-林園,2023-07-14,5927
2610,華航,99,20,79,元富-林園,2023-07-14,5927
1529,樂事綠能,55,5,50,元富-林園,2023-07-14,5927
3265,台星科,47,1,46,元富-林園,2023-07-14,5927
2371,大同,59,18,41,元富-林園,2023-07-14,5927
6111,大宇資,88,57,31,元富-林園,2023-07-14,5927
3090,日電貿,28,0,28,元富-林園,2023-07-14,5927
2331,精英,25,0,25,元富-林園,2023-07-14,5927
2208,台船,40,17,23,元富-林園,2023-07-14,5927
2881,富邦金,30,7,23,元富-林園,2023-07-14,5927
3515,華擎,22,0,22,元富-林園,2023-07-14,5927
2609,陽明,33,12,21,元富-林園,2023-07-14,5927
3583,辛耘,28,7,21,元富-林園,2023-07-14,5927
2010,春源,20,0,20,元富-林園,2023-07-14,5927
3057,喬鼎,20,0,20,元富-林園,2023-07-14,5927
3058,立德,21,1,20,元富-林園,2023-07-14,5927
4934,太極,18,0,18,元富-林園,2023-07-14,5927
00712,復華富時不動產,18,2,16,元富-林園,2023-07-14,5927
2352,佳世達,19,3,16,元富-林園,2023-07-14,5927
00673R,期元大S＆P原油反1,15,0,15,元富-林園,2023-07-14,5927
1815,富喬,15,0,15,元富-林園,2023-07-14,5927
2380,虹光,15,0,15,元富-林園,2023-07-14,5927
3041,揚智,15,0,15,元富-林園,2023-07-14,5927
5608,四維航,15,0,15,元富-林園,2023-07-14,5927
2436,偉詮電,22,8,14,元富-林園,2023-07-14,5927
6770,力積電,14,0,14,元富-林園,2023-07-14,5927
6150,撼訊,14,1,13,元富-林園,2023-07-14,5927
00679B,元大美債20年,12,0,12,元富-林園,2023-07-14,5927
4938,和碩,13,1,12,元富-林園,2023-07-14,5927
1522,堤維西,11,0,11,元富-林園,2023-07-14,5927
2412,中華電,11,0,11,元富-林園,2023-07-14,5927
2498,宏達電,25,14,11,元富-林園,2023-07-14,5927
6443,元晶,20,9,11,元富-林園,2023-07-14,5927
6197,佳必琪,10,0,10,元富-林園,2023-07-14,5927
6290,良維,10,0,10,元富-林園,2023-07-14,5927
8201,無敵,10,0,10,元富-林園,2023-07-14,5927
9927,泰銘,10,0,10,元富-林園,2023-07-14,5927
00882,中信中國高股息,9,0,9,元富-林園,2023-07-14,5927
2457,飛宏,11,2,9,元富-林園,2023-07-14,5927
3017,奇鋐,10,1,9,元富-林園,2023-07-14,5927
3303,岱稜,9,0,9,元富-林園,2023-07-14,5927
6235,華孚,12,3,9,元富-林園,2023-07-14,5927
2887,台新金,11,2,9,元富-林園,2023-07-14,5927
2382,廣達,28,20,8,元富-林園,2023-07-14,5927
00687B,國泰20年美債,8,0,8,元富-林園,2023-07-14,5927
2705,六福,12,4,8,元富-林園,2023-07-14,5927
4533,協易機,18,10,8,元富-林園,2023-07-14,5927
2409,友達,10,3,7,元富-林園,2023-07-14,5927
00900,富邦特選高股息30,7,0,7,元富-林園,2023-07-14,5927
00669R,國泰美國道瓊反1,116,0,116,元富-林園,2023-07-17,5927
00637L,元大滬深300正2,104,0,104,元富-林園,2023-07-17,5927
2888,新光金,110,14,96,元富-林園,2023-07-17,5927
00929,復華台灣科技優息,91,5,86,元富-林園,2023-07-17,5927
2883,凱基金,80,10,70,元富-林園,2023-07-17,5927
4543,萬在,78,23,55,元富-林園,2023-07-17,5927
5880,合庫金,47,1,46,元富-林園,2023-07-17,5927
3617,碩天,37,0,37,元富-林園,2023-07-17,5927
2421,建準,80,49,31,元富-林園,2023-07-17,5927
2610,華航,46,15,31,元富-林園,2023-07-17,5927
00882,中信中國高股息,34,4,30,元富-林園,2023-07-17,5927
3303,岱稜,31,1,30,元富-林園,2023-07-17,5927
8028,昇陽半導體,30,0,30,元富-林園,2023-07-17,5927
2402,毅嘉,39,10,29,元富-林園,2023-07-17,5927
2618,長榮航,40,12,28,元富-林園,2023-07-17,5927
1314,中石化,27,0,27,元富-林園,2023-07-17,5927
6218,豪勉,27,0,27,元富-林園,2023-07-17,5927
2312,金寶,30,8,22,元富-林園,2023-07-17,5927
2515,中工,22,3,19,元富-林園,2023-07-17,5927
3024,憶聲,20,1,19,元富-林園,2023-07-17,5927
2890,永豐金,18,0,18,元富-林園,2023-07-17,5927
00632R,元大台灣50反1,360,343,17,元富-林園,2023-07-17,5927
2634,漢翔,17,1,16,元富-林園,2023-07-17,5927
3306,鼎天,17,1,16,元富-林園,2023-07-17,5927
2331,精英,28,13,15,元富-林園,2023-07-17,5927
0056,元大高股息,31,16,15,元富-林園,2023-07-17,5927
2701,萬企,14,0,14,元富-林園,2023-07-17,5927
3025,星通,30,16,14,元富-林園,2023-07-17,5927
2812,台中銀,34,20,14,元富-林園,2023-07-17,5927
2356,英業達,43,30,13,元富-林園,2023-07-17,5927
3078,僑威,32,19,13,元富-林園,2023-07-17,5927
2449,京元電子,19,7,12,元富-林園,2023-07-17,5927
4167,松瑞藥,11,0,11,元富-林園,2023-07-17,5927
8249,菱光,11,0,11,元富-林園,2023-07-17,5927
00764B,群益25年美債,10,0,10,元富-林園,2023-07-17,5927
1440,南紡,10,0,10,元富-林園,2023-07-17,5927
2358,廷鑫,12,2,10,元富-林園,2023-07-17,5927
2484,希華,10,0,10,元富-林園,2023-07-17,5927
3221,台嘉碩,10,0,10,元富-林園,2023-07-17,5927
3234,光環,11,1,10,元富-林園,2023-07-17,5927
4121,優盛,10,0,10,元富-林園,2023-07-17,5927
4306,炎洲,10,0,10,元富-林園,2023-07-17,5927
4583,台灣精銳,10,0,10,元富-林園,2023-07-17,5927
6188,廣明,10,0,10,元富-林園,2023-07-17,5927
8105,凌巨,10,0,10,元富-林園,2023-07-17,5927
8933,愛地雅,10,0,10,元富-林園,2023-07-17,5927
2303,聯電,21,12,9,元富-林園,2023-07-17,5927
2382,廣達,19,10,9,元富-林園,2023-07-17,5927
6235,華孚,13,4,9,元富-林園,2023-07-17,5927
2609,陽明,27,18,9,元富-林園,2023-07-17,5927
3481,群創,256,59,197,元富-林園,2023-07-18,5927
2324,仁寶,242,163,79,元富-林園,2023-07-18,5927
8936,國統,73,3,70,元富-林園,2023-07-18,5927
00929,復華台灣科技優息,79,12,67,元富-林園,2023-07-18,5927
00882,中信中國高股息,61,0,61,元富-林園,2023-07-18,5927
2312,金寶,124,68,56,元富-林園,2023-07-18,5927
2352,佳世達,107,59,48,元富-林園,2023-07-18,5927
3694,海華,43,0,43,元富-林園,2023-07-18,5927
1504,東元,48,6,42,元富-林園,2023-07-18,5927
3380,明泰,50,8,42,元富-林園,2023-07-18,5927
5701,劍湖山,42,0,42,元富-林園,2023-07-18,5927
2603,長榮,52,11,41,元富-林園,2023-07-18,5927
2618,長榮航,50,13,37,元富-林園,2023-07-18,5927
1609,大亞,56,21,35,元富-林園,2023-07-18,5927
3058,立德,35,0,35,元富-林園,2023-07-18,5927
2880,華南金,31,0,31,元富-林園,2023-07-18,5927
4938,和碩,106,75,31,元富-林園,2023-07-18,5927
1304,台聚,30,0,30,元富-林園,2023-07-18,5927
00679B,元大美債20年,31,1,30,元富-林園,2023-07-18,5927
2029,盛餘,30,0,30,元富-林園,2023-07-18,5927
6188,廣明,50,21,29,元富-林園,2023-07-18,5927
2401,凌陽,40,11,29,元富-林園,2023-07-18,5927
6168,宏齊,28,0,28,元富-林園,2023-07-18,5927
2402,毅嘉,25,1,24,元富-林園,2023-07-18,5927
2331,精英,43,20,23,元富-林園,2023-07-18,5927
3138,耀登,23,0,23,元富-林園,2023-07-18,5927
00712,復華富時不動產,22,0,22,元富-林園,2023-07-18,5927
2201,裕隆,22,0,22,元富-林園,2023-07-18,5927
8028,昇陽半導體,22,0,22,元富-林園,2023-07-18,5927
2610,華航,44,23,21,元富-林園,2023-07-18,5927
3027,盛達,24,3,21,元富-林園,2023-07-18,5927
3447,展達,21,0,21,元富-林園,2023-07-18,5927
4533,協易機,26,5,21,元富-林園,2023-07-18,5927
8150,南茂,21,0,21,元富-林園,2023-07-18,5927
00637L,元大滬深300正2,20,0,20,元富-林園,2023-07-18,5927
00632R,元大台灣50反1,20,0,20,元富-林園,2023-07-18,5927
1815,富喬,20,0,20,元富-林園,2023-07-18,5927
2010,春源,20,0,20,元富-林園,2023-07-18,5927
4543,萬在,18,0,18,元富-林園,2023-07-18,5927
2369,菱生,18,1,17,元富-林園,2023-07-18,5927
2515,中工,29,12,17,元富-林園,2023-07-18,5927
2344,華邦電,26,10,16,元富-林園,2023-07-18,5927
8033,雷虎,16,0,16,元富-林園,2023-07-18,5927
1309,台達化,15,0,15,元富-林園,2023-07-18,5927
2609,陽明,35,20,15,元富-林園,2023-07-18,5927
3303,岱稜,15,0,15,元富-林園,2023-07-18,5927
6282,康舒,58,44,14,元富-林園,2023-07-18,5927
2409,友達,54,40,14,元富-林園,2023-07-18,5927
2066,世德,13,0,13,元富-林園,2023-07-18,5927
3189,景碩,23,11,12,元富-林園,2023-07-18,5927
2409,友達,156,20,136,元富-林園,2023-07-19,5927
00637L,元大滬深300正2,130,0,130,元富-林園,2023-07-19,5927
2324,仁寶,160,51,109,元富-林園,2023-07-19,5927
1314,中石化,113,6,107,元富-林園,2023-07-19,5927
4906,正文,103,0,103,元富-林園,2023-07-19,5927
2633,台灣高鐵,78,2,76,元富-林園,2023-07-19,5927
4938,和碩,98,27,71,元富-林園,2023-07-19,5927
2328,廣宇,66,4,62,元富-林園,2023-07-19,5927
2887,台新金,55,0,55,元富-林園,2023-07-19,5927
00669R,國泰美國道瓊反1,53,0,53,元富-林園,2023-07-19,5927
1229,聯華,45,0,45,元富-林園,2023-07-19,5927
6120,達運,84,39,45,元富-林園,2023-07-19,5927
2329,華泰,96,54,42,元富-林園,2023-07-19,5927
6244,茂迪,52,13,39,元富-林園,2023-07-19,5927
2356,英業達,156,119,37,元富-林園,2023-07-19,5927
6477,安集,35,1,34,元富-林園,2023-07-19,5927
3710,連展投控,32,0,32,元富-林園,2023-07-19,5927
1514,亞力,34,6,28,元富-林園,2023-07-19,5927
2340,台亞,38,11,27,元富-林園,2023-07-19,5927
6548,長科*,61,34,27,元富-林園,2023-07-19,5927
8936,國統,29,3,26,元富-林園,2023-07-19,5927
2303,聯電,26,2,24,元富-林園,2023-07-19,5927
00929,復華台灣科技優息,23,0,23,元富-林園,2023-07-19,5927
5443,均豪,23,2,21,元富-林園,2023-07-19,5927
3013,晟銘電,29,9,20,元富-林園,2023-07-19,5927
1471,首利,20,0,20,元富-林園,2023-07-19,5927
2353,宏��,66,46,20,元富-林園,2023-07-19,5927
3055,蔚華科,22,2,20,元富-林園,2023-07-19,5927
2610,華航,38,19,19,元富-林園,2023-07-19,5927
2317,鴻海,22,5,17,元富-林園,2023-07-19,5927
1605,華新,28,11,17,元富-林園,2023-07-19,5927
1503,士電,18,2,16,元富-林園,2023-07-19,5927
3027,盛達,16,0,16,元富-林園,2023-07-19,5927
2888,新光金,15,0,15,元富-林園,2023-07-19,5927
1815,富喬,15,0,15,元富-林園,2023-07-19,5927
2485,兆赫,14,0,14,元富-林園,2023-07-19,5927
6111,大宇資,21,7,14,元富-林園,2023-07-19,5927
2399,映泰,19,6,13,元富-林園,2023-07-19,5927
3189,景碩,20,7,13,元富-林園,2023-07-19,5927
4123,晟德,17,4,13,元富-林園,2023-07-19,5927
2354,鴻準,14,1,13,元富-林園,2023-07-19,5927
3481,群創,32,20,12,元富-林園,2023-07-19,5927
2449,京元電子,26,14,12,元富-林園,2023-07-19,5927
4746,台耀,13,1,12,元富-林園,2023-07-19,5927
1313,聯成,11,0,11,元富-林園,2023-07-19,5927
2402,毅嘉,16,5,11,元富-林園,2023-07-19,5927
8432,東生華,11,0,11,元富-林園,2023-07-19,5927
4931,新盛力,10,0,10,元富-林園,2023-07-19,5927
00930,永豐ESG低碳高息,10,0,10,元富-林園,2023-07-19,5927
1455,集盛,10,0,10,元富-林園,2023-07-19,5927
2890,永豐金,461,0,461,元富-林園,2023-07-20,5927
2303,聯電,135,3,132,元富-林園,2023-07-20,5927
2324,仁寶,112,46,66,元富-林園,2023-07-20,5927
4938,和碩,67,17,50,元富-林園,2023-07-20,5927
2511,太子,45,0,45,元富-林園,2023-07-20,5927
3303,岱稜,45,0,45,元富-林園,2023-07-20,5927
2353,宏��,114,74,40,元富-林園,2023-07-20,5927
2356,英業達,58,20,38,元富-林園,2023-07-20,5927
2610,華航,70,33,37,元富-林園,2023-07-20,5927
4123,晟德,94,57,37,元富-林園,2023-07-20,5927
2402,毅嘉,56,23,33,元富-林園,2023-07-20,5927
2618,長榮航,62,32,30,元富-林園,2023-07-20,5927
6770,力積電,57,27,30,元富-林園,2023-07-20,5927
2453,凌群,26,0,26,元富-林園,2023-07-20,5927
1219,福壽,23,0,23,元富-林園,2023-07-20,5927
1402,遠東新,22,0,22,元富-林園,2023-07-20,5927
00929,復華台灣科技優息,22,0,22,元富-林園,2023-07-20,5927
2520,冠德,20,0,20,元富-林園,2023-07-20,5927
2867,三商壽,20,0,20,元富-林園,2023-07-20,5927
3481,群創,32,12,20,元富-林園,2023-07-20,5927
6158,禾昌,20,0,20,元富-林園,2023-07-20,5927
1529,樂事綠能,22,3,19,元富-林園,2023-07-20,5927
2471,資通,20,1,19,元富-林園,2023-07-20,5927
6213,聯茂,19,2,17,元富-林園,2023-07-20,5927
6188,廣明,24,8,16,元富-林園,2023-07-20,5927
1710,東聯,16,0,16,元富-林園,2023-07-20,5927
6548,長科*,16,1,15,元富-林園,2023-07-20,5927
1229,聯華,15,0,15,元富-林園,2023-07-20,5927
00712,復華富時不動產,15,0,15,元富-林園,2023-07-20,5927
3583,辛耘,17,2,15,元富-林園,2023-07-20,5927
6283,淳安,14,0,14,元富-林園,2023-07-20,5927
4974,亞泰,13,0,13,元富-林園,2023-07-20,5927
8936,國統,15,2,13,元富-林園,2023-07-20,5927
1795,美時,13,1,12,元富-林園,2023-07-20,5927
4726,永昕,12,0,12,元富-林園,2023-07-20,5927
6245,立端,20,8,12,元富-林園,2023-07-20,5927
5474,聰泰,19,7,12,元富-林園,2023-07-20,5927
1305,華夏,11,0,11,元富-林園,2023-07-20,5927
1471,首利,11,0,11,元富-林園,2023-07-20,5927
2405,輔信,50,39,11,元富-林園,2023-07-20,5927
2419,仲琦,12,1,11,元富-林園,2023-07-20,5927
2630,亞航,12,1,11,元富-林園,2023-07-20,5927
5351,鈺創,13,2,11,元富-林園,2023-07-20,5927
6202,盛群,11,0,11,元富-林園,2023-07-20,5927
2317,鴻海,10,0,10,元富-林園,2023-07-20,5927
00669R,國泰美國道瓊反1,10,0,10,元富-林園,2023-07-20,5927
1102,亞泥,10,0,10,元富-林園,2023-07-20,5927
1904,正隆,10,0,10,元富-林園,2023-07-20,5927
2491,吉祥全,10,0,10,元富-林園,2023-07-20,5927
3234,光環,10,0,10,元富-林園,2023-07-20,5927
3305,昇貿,97,39,58,元富-林園,2023-07-21,5927
2344,華邦電,78,28,50,元富-林園,2023-07-21,5927
3303,岱稜,50,0,50,元富-林園,2023-07-21,5927
1710,東聯,40,0,40,元富-林園,2023-07-21,5927
5603,陸海,40,0,40,元富-林園,2023-07-21,5927
2303,聯電,40,1,39,元富-林園,2023-07-21,5927
1101,台泥,38,1,37,元富-林園,2023-07-21,5927
00929,復華台灣科技優息,36,0,36,元富-林園,2023-07-21,5927
6016,康和證,30,0,30,元富-林園,2023-07-21,5927
2441,超豐,26,0,26,元富-林園,2023-07-21,5927
00712,復華富時不動產,25,0,25,元富-林園,2023-07-21,5927
00882,中信中國高股息,24,0,24,元富-林園,2023-07-21,5927
2609,陽明,29,6,23,元富-林園,2023-07-21,5927
2328,廣宇,24,1,23,元富-林園,2023-07-21,5927
4123,晟德,39,16,23,元富-林園,2023-07-21,5927
3037,欣興,31,9,22,元富-林園,2023-07-21,5927
1717,長興,22,0,22,元富-林園,2023-07-21,5927
6117,迎廣,27,5,22,元富-林園,2023-07-21,5927
1605,華新,31,9,22,元富-林園,2023-07-21,5927
00669R,國泰美國道瓊反1,20,0,20,元富-林園,2023-07-21,5927
00637L,元大滬深300正2,360,340,20,元富-林園,2023-07-21,5927
1789,神隆,31,11,20,元富-林園,2023-07-21,5927
2883,凱基金,25,5,20,元富-林園,2023-07-21,5927
6547,高端疫苗,21,1,20,元富-林園,2023-07-21,5927
8933,愛地雅,30,10,20,元富-林園,2023-07-21,5927
2405,輔信,34,15,19,元富-林園,2023-07-21,5927
4938,和碩,34,15,19,元富-林園,2023-07-21,5927
2330,台積電,19,0,19,元富-林園,2023-07-21,5927
1513,中興電,51,34,17,元富-林園,2023-07-21,5927
6116,彩晶,25,9,16,元富-林園,2023-07-21,5927
4148,全宇生技-KY,16,0,16,元富-林園,2023-07-21,5927
6188,廣明,48,32,16,元富-林園,2023-07-21,5927
4919,新唐,25,10,15,元富-林園,2023-07-21,5927
6443,元晶,15,0,15,元富-林園,2023-07-21,5927
2201,裕隆,17,4,13,元富-林園,2023-07-21,5927
2345,智邦,13,0,13,元富-林園,2023-07-21,5927
6548,長科*,15,2,13,元富-林園,2023-07-21,5927
2887,台新金,12,0,12,元富-林園,2023-07-21,5927
5511,德昌,13,1,12,元富-林園,2023-07-21,5927
00919,群益台灣精選高息,11,0,11,元富-林園,2023-07-21,5927
2356,英業達,45,34,11,元富-林園,2023-07-21,5927
2890,永豐金,10,0,10,元富-林園,2023-07-21,5927
1305,華夏,21,11,10,元富-林園,2023-07-21,5927
00753L,中信中國50正2,10,0,10,元富-林園,2023-07-21,5927
00713,元大台灣高息低波,10,0,10,元富-林園,2023-07-21,5927
1904,正隆,10,0,10,元富-林園,2023-07-21,5927
2352,佳世達,10,0,10,元富-林園,2023-07-21,5927
2606,裕民,10,0,10,元富-林園,2023-07-21,5927
4927,泰鼎-KY,10,0,10,元富-林園,2023-07-21,5927
5340,建榮,10,0,10,元富-林園,2023-07-21,5927
1710,東聯,154,0,154,元富-林園,2023-07-24,5927
6016,康和證,137,0,137,元富-林園,2023-07-24,5927
00637L,元大滬深300正2,85,5,80,元富-林園,2023-07-24,5927
00712,復華富時不動產,58,0,58,元富-林園,2023-07-24,5927
1471,首利,52,0,52,元富-林園,2023-07-24,5927
5701,劍湖山,44,0,44,元富-林園,2023-07-24,5927
2887,台新金,46,3,43,元富-林園,2023-07-24,5927
1605,華新,52,13,39,元富-林園,2023-07-24,5927
3305,昇貿,46,11,35,元富-林園,2023-07-24,5927
3264,欣銓,41,7,34,元富-林園,2023-07-24,5927
3303,岱稜,33,0,33,元富-林園,2023-07-24,5927
00673R,期元大S＆P原油反1,30,0,30,元富-林園,2023-07-24,5927
5905,南仁湖,30,0,30,元富-林園,2023-07-24,5927
3481,群創,45,17,28,元富-林園,2023-07-24,5927
00929,復華台灣科技優息,33,5,28,元富-林園,2023-07-24,5927
1102,亞泥,29,4,25,元富-林園,2023-07-24,5927
1609,大亞,51,26,25,元富-林園,2023-07-24,5927
2603,長榮,28,5,23,元富-林園,2023-07-24,5927
3017,奇鋐,23,2,21,元富-林園,2023-07-24,5927
4148,全宇生技-KY,21,0,21,元富-林園,2023-07-24,5927
4726,永昕,21,0,21,元富-林園,2023-07-24,5927
2354,鴻準,20,0,20,元富-林園,2023-07-24,5927
1101,台泥,19,0,19,元富-林園,2023-07-24,5927
2303,聯電,26,7,19,元富-林園,2023-07-24,5927
2328,廣宇,31,12,19,元富-林園,2023-07-24,5927
2382,廣達,41,22,19,元富-林園,2023-07-24,5927
3056,富華新,18,0,18,元富-林園,2023-07-24,5927
2104,國際中橡,18,0,18,元富-林園,2023-07-24,5927
1409,新纖,16,0,16,元富-林園,2023-07-24,5927
2461,光群雷,31,15,16,元富-林園,2023-07-24,5927
00900,富邦特選高股息30,15,0,15,元富-林園,2023-07-24,5927
1514,亞力,20,5,15,元富-林園,2023-07-24,5927
5388,中磊,30,15,15,元富-林園,2023-07-24,5927
8112A,至上甲特,15,0,15,元富-林園,2023-07-24,5927
1314,中石化,14,0,14,元富-林園,2023-07-24,5927
3090,日電貿,14,0,14,元富-林園,2023-07-24,5927
6111,大宇資,14,0,14,元富-林園,2023-07-24,5927
1305,華夏,33,20,13,元富-林園,2023-07-24,5927
5392,能率,13,0,13,元富-林園,2023-07-24,5927
1504,東元,17,4,13,元富-林園,2023-07-24,5927
8033,雷虎,13,1,12,元富-林園,2023-07-24,5927
1472,三洋實業,12,0,12,元富-林園,2023-07-24,5927
2340,台亞,13,1,12,元富-林園,2023-07-24,5927
2409,友達,32,20,12,元富-林園,2023-07-24,5927
00645,富邦日本,11,0,11,元富-林園,2023-07-24,5927
6770,力積電,15,4,11,元富-林園,2023-07-24,5927
2323,中環,11,0,11,元富-林園,2023-07-24,5927
00632R,元大台灣50反1,330,320,10,元富-林園,2023-07-24,5927
1612,宏泰,10,0,10,元富-林園,2023-07-24,5927
2108,南帝,10,0,10,元富-林園,2023-07-24,5927
5009,榮剛,62,0,62,元富-林園,2023-07-25,5927
2887,台新金,46,2,44,元富-林園,2023-07-25,5927
2104,國際中橡,38,0,38,元富-林園,2023-07-25,5927
6016,康和證,60,25,35,元富-林園,2023-07-25,5927
6125,廣運,48,13,35,元富-林園,2023-07-25,5927
2371,大同,37,3,34,元富-林園,2023-07-25,5927
5426,振發,32,0,32,元富-林園,2023-07-25,5927
3689,湧德,36,5,31,元富-林園,2023-07-25,5927
00929,復華台灣科技優息,30,0,30,元富-林園,2023-07-25,5927
00882,中信中國高股息,30,0,30,元富-林園,2023-07-25,5927
3037,欣興,64,39,25,元富-林園,2023-07-25,5927
3303,岱稜,25,0,25,元富-林園,2023-07-25,5927
2014,中鴻,24,1,23,元富-林園,2023-07-25,5927
00712,復華富時不動產,21,0,21,元富-林園,2023-07-25,5927
00902,中信電池及儲能,20,0,20,元富-林園,2023-07-25,5927
2515,中工,20,0,20,元富-林園,2023-07-25,5927
4714,永捷,20,0,20,元富-林園,2023-07-25,5927
5351,鈺創,25,5,20,元富-林園,2023-07-25,5927
2812,台中銀,25,6,19,元富-林園,2023-07-25,5927
2316,楠梓電,19,0,19,元富-林園,2023-07-25,5927
6282,康舒,23,4,19,元富-林園,2023-07-25,5927
6443,元晶,20,1,19,元富-林園,2023-07-25,5927
2610,華航,63,45,18,元富-林園,2023-07-25,5927
2884,玉山金,22,4,18,元富-林園,2023-07-25,5927
3227,原相,25,9,16,元富-林園,2023-07-25,5927
6217,中探針,16,0,16,元富-林園,2023-07-25,5927
3706,神達,54,39,15,元富-林園,2023-07-25,5927
00720B,元大投資級公司債,15,0,15,元富-林園,2023-07-25,5927
2303,聯電,15,1,14,元富-林園,2023-07-25,5927
1444,力麗,14,0,14,元富-林園,2023-07-25,5927
2461,光群雷,26,13,13,元富-林園,2023-07-25,5927
8112A,至上甲特,12,0,12,元富-林園,2023-07-25,5927
1229,聯華,11,0,11,元富-林園,2023-07-25,5927
6538,倉和,11,0,11,元富-林園,2023-07-25,5927
2002,中鋼,19,9,10,元富-林園,2023-07-25,5927
00632R,元大台灣50反1,240,230,10,元富-林園,2023-07-25,5927
1522,堤維西,10,0,10,元富-林園,2023-07-25,5927
2010,春源,10,0,10,元富-林園,2023-07-25,5927
2362,藍天,10,0,10,元富-林園,2023-07-25,5927
2520,冠德,10,0,10,元富-林園,2023-07-25,5927
3217,優群,10,0,10,元富-林園,2023-07-25,5927
4130,健亞,10,0,10,元富-林園,2023-07-25,5927
5302,太欣,10,0,10,元富-林園,2023-07-25,5927
6150,撼訊,10,0,10,元富-林園,2023-07-25,5927
6288,聯嘉,10,0,10,元富-林園,2023-07-25,5927
6719,力智,10,0,10,元富-林園,2023-07-25,5927
2441,超豐,9,0,9,元富-林園,2023-07-25,5927
2481,強茂,12,3,9,元富-林園,2023-07-25,5927
6213,聯茂,10,1,9,元富-林園,2023-07-25,5927
2301,光寶科,21,13,8,元富-林園,2023-07-25,5927
3694,海華,100,0,100,元富-林園,2023-07-26,5927
1442,名軒,105,25,80,元富-林園,2023-07-26,5927
2329,華泰,112,43,69,元富-林園,2023-07-26,5927
6016,康和證,61,0,61,元富-林園,2023-07-26,5927
2399,映泰,58,4,54,元富-林園,2023-07-26,5927
00751B,元大AAA至A公司債,50,0,50,元富-林園,2023-07-26,5927
00882,中信中國高股息,50,0,50,元富-林園,2023-07-26,5927
2371,大同,51,3,48,元富-林園,2023-07-26,5927
2888,新光金,101,57,44,元富-林園,2023-07-26,5927
2405,輔信,56,17,39,元富-林園,2023-07-26,5927
4726,永昕,39,10,29,元富-林園,2023-07-26,5927
2421,建準,38,11,27,元富-林園,2023-07-26,5927
2461,光群雷,29,3,26,元富-林園,2023-07-26,5927
6125,廣運,110,84,26,元富-林園,2023-07-26,5927
1504,東元,92,66,26,元富-林園,2023-07-26,5927
1314,中石化,28,3,25,元富-林園,2023-07-26,5927
00929,復華台灣科技優息,42,18,24,元富-林園,2023-07-26,5927
2312,金寶,25,1,24,元富-林園,2023-07-26,5927
6841,長佳智能,23,1,22,元富-林園,2023-07-26,5927
6188,廣明,51,29,22,元富-林園,2023-07-26,5927
3032,偉訓,21,0,21,元富-林園,2023-07-26,5927
2356,英業達,52,35,17,元富-林園,2023-07-26,5927
2883,凱基金,18,1,17,元富-林園,2023-07-26,5927
3663,鑫科,17,0,17,元富-林園,2023-07-26,5927
6770,力積電,17,0,17,元富-林園,2023-07-26,5927
3055,蔚華科,19,3,16,元富-林園,2023-07-26,5927
3515,華擎,16,0,16,元富-林園,2023-07-26,5927
1618,合機,18,3,15,元富-林園,2023-07-26,5927
2062,橋椿,15,0,15,元富-林園,2023-07-26,5927
3227,原相,18,4,14,元富-林園,2023-07-26,5927
2303,聯電,15,1,14,元富-林園,2023-07-26,5927
6275,元山,13,0,13,元富-林園,2023-07-26,5927
8358,金居,25,13,12,元富-林園,2023-07-26,5927
00930,永豐ESG低碳高息,12,0,12,元富-林園,2023-07-26,5927
1522,堤維西,12,0,12,元富-林園,2023-07-26,5927
4919,新唐,14,2,12,元富-林園,2023-07-26,5927
6214,精誠,28,17,11,元富-林園,2023-07-26,5927
1402,遠東新,11,0,11,元富-林園,2023-07-26,5927
1477,聚陽,11,0,11,元富-林園,2023-07-26,5927
1608,華榮,15,4,11,元富-林園,2023-07-26,5927
5388,中磊,11,0,11,元富-林園,2023-07-26,5927
6190,萬泰科,11,0,11,元富-林園,2023-07-26,5927
1229,聯華,10,0,10,元富-林園,2023-07-26,5927
2324,仁寶,23,13,10,元富-林園,2023-07-26,5927
6120,達運,10,0,10,元富-林園,2023-07-26,5927
6158,禾昌,10,0,10,元富-林園,2023-07-26,5927
4938,和碩,22,12,10,元富-林園,2023-07-26,5927
00673R,期元大S＆P原油反1,9,0,9,元富-林園,2023-07-26,5927
3450,聯鈞,22,13,9,元富-林園,2023-07-26,5927
8112A,至上甲特,9,0,9,元富-林園,2023-07-26,5927
2405,輔信,62,12,50,元富-林園,2023-07-27,5927
6244,茂迪,53,5,48,元富-林園,2023-07-27,5927
2883,凱基金,66,24,42,元富-林園,2023-07-27,5927
1815,富喬,63,22,41,元富-林園,2023-07-27,5927
2881,富邦金,43,5,38,元富-林園,2023-07-27,5927
3481,群創,238,206,32,元富-林園,2023-07-27,5927
1734,杏輝,31,1,30,元富-林園,2023-07-27,5927
6161,捷波,30,0,30,元富-林園,2023-07-27,5927
8112A,至上甲特,24,0,24,元富-林園,2023-07-27,5927
00878,國泰永續高股息,28,5,23,元富-林園,2023-07-27,5927
4533,協易機,53,31,22,元富-林園,2023-07-27,5927
3037,欣興,25,4,21,元富-林園,2023-07-27,5927
00929,復華台灣科技優息,21,0,21,元富-林園,2023-07-27,5927
1471,首利,21,0,21,元富-林園,2023-07-27,5927
2609,陽明,26,5,21,元富-林園,2023-07-27,5927
2888,新光金,80,59,21,元富-林園,2023-07-27,5927
5880,合庫金,21,0,21,元富-林園,2023-07-27,5927
2453,凌群,162,142,20,元富-林園,2023-07-27,5927
2324,仁寶,27,9,18,元富-林園,2023-07-27,5927
2303,聯電,23,6,17,元富-林園,2023-07-27,5927
2425,承啟,23,7,16,元富-林園,2023-07-27,5927
00902,中信電池及儲能,12,0,12,元富-林園,2023-07-27,5927
2002,中鋼,13,1,12,元富-林園,2023-07-27,5927
4938,和碩,19,7,12,元富-林園,2023-07-27,5927
8926,台汽電,14,2,12,元富-林園,2023-07-27,5927
00650L,復華香港正2,11,0,11,元富-林園,2023-07-27,5927
2359,所羅門,19,8,11,元富-林園,2023-07-27,5927
3622,洋華,11,0,11,元富-林園,2023-07-27,5927
0056,元大高股息,11,1,10,元富-林園,2023-07-27,5927
00722B,群益投資級電信債,10,0,10,元富-林園,2023-07-27,5927
00882,中信中國高股息,10,0,10,元富-林園,2023-07-27,5927
2748,雲品,10,0,10,元富-林園,2023-07-27,5927
00712,復華富時不動產,10,0,10,元富-林園,2023-07-27,5927
1453,大將,10,0,10,元富-林園,2023-07-27,5927
1723,中碳,10,0,10,元富-林園,2023-07-27,5927
2354,鴻準,11,1,10,元富-林園,2023-07-27,5927
3092,鴻碩,10,0,10,元富-林園,2023-07-27,5927
3265,台星科,13,3,10,元富-林園,2023-07-27,5927
4714,永捷,20,10,10,元富-林園,2023-07-27,5927
2892,第一金,10,1,9,元富-林園,2023-07-27,5927
2382,廣達,28,19,9,元富-林園,2023-07-27,5927
5351,鈺創,22,13,9,元富-林園,2023-07-27,5927
1904,正隆,14,6,8,元富-林園,2023-07-27,5927
00679B,元大美債20年,8,0,8,元富-林園,2023-07-27,5927
5386,青雲,13,5,8,元富-林園,2023-07-27,5927
6133,金橋,10,2,8,元富-林園,2023-07-27,5927
00764B,群益25年美債,8,0,8,元富-林園,2023-07-27,5927
2392,正崴,7,0,7,元富-林園,2023-07-27,5927
3450,聯鈞,7,0,7,元富-林園,2023-07-27,5927
3704,合勤控,7,0,7,元富-林園,2023-07-27,5927
00687B,國泰20年美債,310,0,310,元富-林園,2023-07-28,5927
2409,友達,204,64,140,元富-林園,2023-07-28,5927
6016,康和證,60,0,60,元富-林園,2023-07-28,5927
1815,富喬,80,27,53,元富-林園,2023-07-28,5927
4533,協易機,58,14,44,元富-林園,2023-07-28,5927
2344,華邦電,71,29,42,元富-林園,2023-07-28,5927
2104,國際中橡,58,17,41,元富-林園,2023-07-28,5927
2027,大成鋼,41,2,39,元富-林園,2023-07-28,5927
2610,華航,38,0,38,元富-林園,2023-07-28,5927
2453,凌群,36,1,35,元富-林園,2023-07-28,5927
1471,首利,35,6,29,元富-林園,2023-07-28,5927
2618,長榮航,25,0,25,元富-林園,2023-07-28,5927
2303,聯電,33,13,20,元富-林園,2023-07-28,5927
3339,泰谷,20,0,20,元富-林園,2023-07-28,5927
4938,和碩,28,8,20,元富-林園,2023-07-28,5927
4977,眾達-KY,25,6,19,元富-林園,2023-07-28,5927
2356,英業達,53,35,18,元富-林園,2023-07-28,5927
6235,華孚,20,3,17,元富-林園,2023-07-28,5927
1314,中石化,17,0,17,元富-林園,2023-07-28,5927
1904,正隆,18,1,17,元富-林園,2023-07-28,5927
2801,彰銀,15,0,15,元富-林園,2023-07-28,5927
6412,群電,40,25,15,元富-林園,2023-07-28,5927
2329,華泰,83,69,14,元富-林園,2023-07-28,5927
1402,遠東新,14,0,14,元富-林園,2023-07-28,5927
2323,中環,14,0,14,元富-林園,2023-07-28,5927
3044,健鼎,15,1,14,元富-林園,2023-07-28,5927
5706,鳳凰,17,3,14,元富-林園,2023-07-28,5927
00679B,元大美債20年,13,0,13,元富-林園,2023-07-28,5927
6282,康舒,27,14,13,元富-林園,2023-07-28,5927
3003,健和興,15,2,13,元富-林園,2023-07-28,5927
5272,笙科,14,1,13,元富-林園,2023-07-28,5927
1319,東陽,28,15,13,元富-林園,2023-07-28,5927
1301,台塑,14,2,12,元富-林園,2023-07-28,5927
1710,東聯,12,0,12,元富-林園,2023-07-28,5927
2540,愛山林,12,0,12,元富-林園,2023-07-28,5927
5608,四維航,13,1,12,元富-林園,2023-07-28,5927
2331,精英,11,1,10,元富-林園,2023-07-28,5927
2645,長榮航太,10,0,10,元富-林園,2023-07-28,5927
3052,夆典,13,3,10,元富-林園,2023-07-28,5927
00751B,元大AAA至A公司債,9,0,9,元富-林園,2023-07-28,5927
00715L,期街口布蘭特正2,8,0,8,元富-林園,2023-07-28,5927
1907,永豐餘,11,3,8,元富-林園,2023-07-28,5927
4188,安克,8,0,8,元富-林園,2023-07-28,5927
8358,金居,22,14,8,元富-林園,2023-07-28,5927
2002,中鋼,12,4,8,元富-林園,2023-07-28,5927
2399,映泰,11,4,7,元富-林園,2023-07-28,5927
3035,智原,8,1,7,元富-林園,2023-07-28,5927
1609,大亞,11,4,7,元富-林園,2023-07-28,5927
5425,台半,7,0,7,元富-林園,2023-07-28,5927
6182,合晶,7,0,7,元富-林園,2023-07-28,5927
00929,復華台灣科技優息,105,30,75,元富-林園,2023-07-31,5927
2888,新光金,70,2,68,元富-林園,2023-07-31,5927
2836,高雄銀,72,7,65,元富-林園,2023-07-31,5927
2883,凱基金,64,2,62,元富-林園,2023-07-31,5927
3481,群創,69,14,55,元富-林園,2023-07-31,5927
2312,金寶,123,73,50,元富-林園,2023-07-31,5927
2603,長榮,46,2,44,元富-林園,2023-07-31,5927
1815,富喬,48,12,36,元富-林園,2023-07-31,5927
6116,彩晶,31,4,27,元富-林園,2023-07-31,5927
2376,技嘉,63,37,26,元富-林園,2023-07-31,5927
2329,華泰,173,148,25,元富-林園,2023-07-31,5927
1504,東元,27,5,22,元富-林園,2023-07-31,5927
2409,友達,40,18,22,元富-林園,2023-07-31,5927
2618,長榮航,50,28,22,元富-林園,2023-07-31,5927
3231,緯創,40,19,21,元富-林園,2023-07-31,5927
2002,中鋼,24,3,21,元富-林園,2023-07-31,5927
3264,欣銓,45,24,21,元富-林園,2023-07-31,5927
2892,第一金,28,8,20,元富-林園,2023-07-31,5927
4938,和碩,24,4,20,元富-林園,2023-07-31,5927
00688L,國泰20年美債正2,20,0,20,元富-林園,2023-07-31,5927
3689,湧德,22,2,20,元富-林園,2023-07-31,5927
2881,富邦金,22,3,19,元富-林園,2023-07-31,5927
8050,廣積,35,16,19,元富-林園,2023-07-31,5927
2328,廣宇,19,2,17,元富-林園,2023-07-31,5927
6117,迎廣,17,0,17,元富-林園,2023-07-31,5927
2301,光寶科,37,20,17,元富-林園,2023-07-31,5927
1471,首利,15,0,15,元富-林園,2023-07-31,5927
6235,華孚,20,5,15,元富-林園,2023-07-31,5927
6532,瑞耘,17,2,15,元富-林園,2023-07-31,5927
2352,佳世達,14,0,14,元富-林園,2023-07-31,5927
6187,萬潤,20,7,13,元富-林園,2023-07-31,5927
2382,廣達,28,15,13,元富-林園,2023-07-31,5927
00751B,元大AAA至A公司債,13,0,13,元富-林園,2023-07-31,5927
2388,威盛,27,15,12,元富-林園,2023-07-31,5927
2444,兆勁,12,0,12,元富-林園,2023-07-31,5927
6139,亞翔,22,10,12,元富-林園,2023-07-31,5927
2834,臺企銀,11,0,11,元富-林園,2023-07-31,5927
8358,金居,16,5,11,元富-林園,2023-07-31,5927
00900,富邦特選高股息30,10,0,10,元富-林園,2023-07-31,5927
1312,國喬,11,1,10,元富-林園,2023-07-31,5927
1710,東聯,10,0,10,元富-林園,2023-07-31,5927
3033,威健,10,0,10,元富-林園,2023-07-31,5927
3058,立德,11,1,10,元富-林園,2023-07-31,5927
5701,劍湖山,10,0,10,元富-林園,2023-07-31,5927
1319,東陽,17,7,10,元富-林園,2023-07-31,5927
2104,國際中橡,15,6,9,元富-林園,2023-07-31,5927
2890,永豐金,11,2,9,元富-林園,2023-07-31,5927
6125,廣運,17,8,9,元富-林園,2023-07-31,5927
6190,萬泰科,11,2,9,元富-林園,2023-07-31,5927
6285,啟��,20,11,9,元富-林園,2023-07-31,5927
2888,新光金,283,3,280,元富-林園,2023-08-01,5927
3694,海華,100,2,98,元富-林園,2023-08-01,5927
00929,復華台灣科技優息,60,0,60,元富-林園,2023-08-01,5927
6016,康和證,60,0,60,元富-林園,2023-08-01,5927
00885,富邦越南,63,5,58,元富-林園,2023-08-01,5927
2891,中信金,52,0,52,元富-林園,2023-08-01,5927
1313,聯成,50,1,49,元富-林園,2023-08-01,5927
00637L,元大滬深300正2,45,0,45,元富-林園,2023-08-01,5927
2356,英業達,36,2,34,元富-林園,2023-08-01,5927
00679B,元大美債20年,32,0,32,元富-林園,2023-08-01,5927
5880,合庫金,26,2,24,元富-林園,2023-08-01,5927
8926,台汽電,24,0,24,元富-林園,2023-08-01,5927
4919,新唐,31,8,23,元富-林園,2023-08-01,5927
2009,第一銅,28,5,23,元富-林園,2023-08-01,5927
4938,和碩,23,0,23,元富-林園,2023-08-01,5927
1314,中石化,22,0,22,元富-林園,2023-08-01,5927
6282,康舒,100,78,22,元富-林園,2023-08-01,5927
2449,京元電子,23,3,20,元富-林園,2023-08-01,5927
8028,昇陽半導體,19,1,18,元富-林園,2023-08-01,5927
2363,矽統,31,13,18,元富-林園,2023-08-01,5927
2457,飛宏,25,8,17,元富-林園,2023-08-01,5927
2836,高雄銀,27,10,17,元富-林園,2023-08-01,5927
5203,訊連,19,2,17,元富-林園,2023-08-01,5927
00919,群益台灣精選高息,16,0,16,元富-林園,2023-08-01,5927
2344,華邦電,18,2,16,元富-林園,2023-08-01,5927
2408,南亞科,15,0,15,元富-林園,2023-08-01,5927
6116,彩晶,30,16,14,元富-林園,2023-08-01,5927
1905,華紙,24,10,14,元富-林園,2023-08-01,5927
00751B,元大AAA至A公司債,14,0,14,元富-林園,2023-08-01,5927
00878,國泰永續高股息,59,45,14,元富-林園,2023-08-01,5927
00669R,國泰美國道瓊反1,13,0,13,元富-林園,2023-08-01,5927
3704,合勤控,29,16,13,元富-林園,2023-08-01,5927
6125,廣運,14,1,13,元富-林園,2023-08-01,5927
2312,金寶,41,29,12,元富-林園,2023-08-01,5927
6188,廣明,25,14,11,元富-林園,2023-08-01,5927
2425,承啟,14,3,11,元富-林園,2023-08-01,5927
2801,彰銀,10,0,10,元富-林園,2023-08-01,5927
1309,台達化,10,0,10,元富-林園,2023-08-01,5927
2399,映泰,10,0,10,元富-林園,2023-08-01,5927
5465,富驊,10,0,10,元富-林園,2023-08-01,5927
8150,南茂,10,0,10,元富-林園,2023-08-01,5927
2504,國產,10,0,10,元富-林園,2023-08-01,5927
1503,士電,10,1,9,元富-林園,2023-08-01,5927
1529,樂事綠能,10,1,9,元富-林園,2023-08-01,5927
3209,全科,9,0,9,元富-林園,2023-08-01,5927
3231,緯創,65,57,8,元富-林園,2023-08-01,5927
2323,中環,10,2,8,元富-林園,2023-08-01,5927
2401,凌陽,50,42,8,元富-林園,2023-08-01,5927
2855,統一證,8,0,8,元富-林園,2023-08-01,5927
3033,威健,9,1,8,元富-林園,2023-08-01,5927
00885,富邦越南,219,0,219,元富-林園,2023-08-02,5927
00637L,元大滬深300正2,216,0,216,元富-林園,2023-08-02,5927
3481,群創,241,28,213,元富-林園,2023-08-02,5927
00687B,國泰20年美債,158,0,158,元富-林園,2023-08-02,5927
2392,正崴,150,0,150,元富-林園,2023-08-02,5927
00878,國泰永續高股息,143,26,117,元富-林園,2023-08-02,5927
2618,長榮航,114,4,110,元富-林園,2023-08-02,5927
1605,華新,145,37,108,元富-林園,2023-08-02,5927
2002,中鋼,107,5,102,元富-林園,2023-08-02,5927
00900,富邦特選高股息30,101,4,97,元富-林園,2023-08-02,5927
3303,岱稜,87,0,87,元富-林園,2023-08-02,5927
00929,復華台灣科技優息,91,6,85,元富-林園,2023-08-02,5927
2323,中環,67,0,67,元富-林園,2023-08-02,5927
2801,彰銀,59,0,59,元富-林園,2023-08-02,5927
3706,神達,70,13,57,元富-林園,2023-08-02,5927
3078,僑威,99,45,54,元富-林園,2023-08-02,5927
2890,永豐金,54,0,54,元富-林園,2023-08-02,5927
9933,中鼎,51,0,51,元富-林園,2023-08-02,5927
2495,普安,50,0,50,元富-林園,2023-08-02,5927
6405,悅城,50,0,50,元富-林園,2023-08-02,5927
0056,元大高股息,47,1,46,元富-林園,2023-08-02,5927
00673R,期元大S＆P原油反1,40,0,40,元富-林園,2023-08-02,5927
2882,國泰金,41,3,38,元富-林園,2023-08-02,5927
00923,群益台ESG低碳50,38,0,38,元富-林園,2023-08-02,5927
00679B,元大美債20年,37,0,37,元富-林園,2023-08-02,5927
2610,華航,41,5,36,元富-林園,2023-08-02,5927
00632R,元大台灣50反1,560,528,32,元富-林園,2023-08-02,5927
2328,廣宇,32,0,32,元富-林園,2023-08-02,5927
2488,漢平,30,0,30,元富-林園,2023-08-02,5927
2353,宏��,35,6,29,元富-林園,2023-08-02,5927
2402,毅嘉,52,24,28,元富-林園,2023-08-02,5927
6153,嘉聯益,27,0,27,元富-林園,2023-08-02,5927
00919,群益台灣精選高息,25,0,25,元富-林園,2023-08-02,5927
00720B,元大投資級公司債,25,0,25,元富-林園,2023-08-02,5927
1301,台塑,26,1,25,元富-林園,2023-08-02,5927
2301,光寶科,36,11,25,元富-林園,2023-08-02,5927
2312,金寶,25,1,24,元富-林園,2023-08-02,5927
6282,康舒,50,28,22,元富-林園,2023-08-02,5927
8926,台汽電,23,2,21,元富-林園,2023-08-02,5927
1314,中石化,23,3,20,元富-林園,2023-08-02,5927
4707,磐亞,20,0,20,元富-林園,2023-08-02,5927
6770,力積電,21,1,20,元富-林園,2023-08-02,5927
3715,定穎投控,20,1,19,元富-林園,2023-08-02,5927
2881,富邦金,18,0,18,元富-林園,2023-08-02,5927
2340,台亞,20,2,18,元富-林園,2023-08-02,5927
2481,強茂,20,2,18,元富-林園,2023-08-02,5927
2409,友達,17,0,17,元富-林園,2023-08-02,5927
2609,陽明,19,2,17,元富-林園,2023-08-02,5927
5351,鈺創,19,2,17,元富-林園,2023-08-02,5927
00712,復華富時不動產,21,6,15,元富-林園,2023-08-02,5927
2891,中信金,130,0,130,元富-林園,2023-08-04,5927
1616,億泰,102,0,102,元富-林園,2023-08-04,5927
2344,華邦電,119,35,84,元富-林園,2023-08-04,5927
00687B,國泰20年美債,55,0,55,元富-林園,2023-08-04,5927
00929,復華台灣科技優息,72,22,50,元富-林園,2023-08-04,5927
1605,華新,53,6,47,元富-林園,2023-08-04,5927
00885,富邦越南,41,0,41,元富-林園,2023-08-04,5927
8936,國統,41,0,41,元富-林園,2023-08-04,5927
00679B,元大美債20年,40,0,40,元富-林園,2023-08-04,5927
00688L,國泰20年美債正2,40,0,40,元富-林園,2023-08-04,5927
2020,美亞,40,0,40,元富-林園,2023-08-04,5927
1314,中石化,29,1,28,元富-林園,2023-08-04,5927
3481,群創,43,15,28,元富-林園,2023-08-04,5927
1609,大亞,44,17,27,元富-林園,2023-08-04,5927
3303,岱稜,31,4,27,元富-林園,2023-08-04,5927
00712,復華富時不動產,25,0,25,元富-林園,2023-08-04,5927
2356,英業達,192,167,25,元富-林園,2023-08-04,5927
1313,聯成,20,0,20,元富-林園,2023-08-04,5927
2354,鴻準,20,0,20,元富-林園,2023-08-04,5927
3028,增你強,20,0,20,元富-林園,2023-08-04,5927
5465,富驊,20,0,20,元富-林園,2023-08-04,5927
3706,神達,65,45,20,元富-林園,2023-08-04,5927
2409,友達,20,1,19,元富-林園,2023-08-04,5927
4977,眾達-KY,20,1,19,元富-林園,2023-08-04,5927
6125,廣運,37,20,17,元富-林園,2023-08-04,5927
00772B,中信高評級公司債,17,0,17,元富-林園,2023-08-04,5927
2913,農林,37,20,17,元富-林園,2023-08-04,5927
00680L,元大美債20正2,16,0,16,元富-林園,2023-08-04,5927
00751B,元大AAA至A公司債,16,0,16,元富-林園,2023-08-04,5927
1608,華榮,31,16,15,元富-林園,2023-08-04,5927
00830,國泰費城半導體,14,0,14,元富-林園,2023-08-04,5927
2312,金寶,17,3,14,元富-林園,2023-08-04,5927
6196,帆宣,16,2,14,元富-林園,2023-08-04,5927
00900,富邦特選高股息30,14,0,14,元富-林園,2023-08-04,5927
2610,華航,24,11,13,元富-林園,2023-08-04,5927
1504,東元,20,8,12,元富-林園,2023-08-04,5927
1612,宏泰,12,0,12,元富-林園,2023-08-04,5927
8933,愛地雅,12,0,12,元富-林園,2023-08-04,5927
1584,精剛,13,1,12,元富-林園,2023-08-04,5927
2606,裕民,11,0,11,元富-林園,2023-08-04,5927
00930,永豐ESG低碳高息,11,0,11,元富-林園,2023-08-04,5927
00722B,群益投資級電信債,11,0,11,元富-林園,2023-08-04,5927
00631L,元大台灣50正2,10,0,10,元富-林園,2023-08-04,5927
1310,台苯,10,0,10,元富-林園,2023-08-04,5927
1312,國喬,12,2,10,元富-林園,2023-08-04,5927
2049,上銀,10,0,10,元富-林園,2023-08-04,5927
2457,飛宏,16,6,10,元富-林園,2023-08-04,5927
2460,建通,10,0,10,元富-林園,2023-08-04,5927
3715,定穎投控,34,24,10,元富-林園,2023-08-04,5927
6190,萬泰科,10,0,10,元富-林園,2023-08-04,5927
00637L,元大滬深300正2,307,0,307,元富-林園,2023-08-07,5927
00687B,國泰20年美債,199,0,199,元富-林園,2023-08-07,5927
00929,復華台灣科技優息,94,0,94,元富-林園,2023-08-07,5927
1905,華紙,108,27,81,元富-林園,2023-08-07,5927
2009,第一銅,76,7,69,元富-林園,2023-08-07,5927
8050,廣積,77,17,60,元富-林園,2023-08-07,5927
2891,中信金,51,0,51,元富-林園,2023-08-07,5927
00878,國泰永續高股息,72,28,44,元富-林園,2023-08-07,5927
2913,農林,47,4,43,元富-林園,2023-08-07,5927
5452,佶優,40,0,40,元富-林園,2023-08-07,5927
5880,合庫金,44,7,37,元富-林園,2023-08-07,5927
1605,華新,38,7,31,元富-林園,2023-08-07,5927
2108,南帝,30,0,30,元富-林園,2023-08-07,5927
2392,正崴,30,0,30,元富-林園,2023-08-07,5927
2880,華南金,30,0,30,元富-林園,2023-08-07,5927
2317,鴻海,29,2,27,元富-林園,2023-08-07,5927
2323,中環,26,1,25,元富-林園,2023-08-07,5927
8390,金益鼎,51,27,24,元富-林園,2023-08-07,5927
2881,富邦金,24,1,23,元富-林園,2023-08-07,5927
00900,富邦特選高股息30,22,0,22,元富-林園,2023-08-07,5927
3710,連展投控,20,0,20,元富-林園,2023-08-07,5927
8936,國統,20,0,20,元富-林園,2023-08-07,5927
1609,大亞,20,1,19,元富-林園,2023-08-07,5927
2886,兆豐金,18,0,18,元富-林園,2023-08-07,5927
2010,春源,20,2,18,元富-林園,2023-08-07,5927
5701,劍湖山,16,0,16,元富-林園,2023-08-07,5927
00673R,期元大S＆P原油反1,15,0,15,元富-林園,2023-08-07,5927
00712,復華富時不動產,20,6,14,元富-林園,2023-08-07,5927
8027,鈦昇,14,1,13,元富-林園,2023-08-07,5927
00919,群益台灣精選高息,12,0,12,元富-林園,2023-08-07,5927
6874,倍力,12,0,12,元富-林園,2023-08-07,5927
3078,僑威,14,3,11,元富-林園,2023-08-07,5927
3673,TPK-KY,11,0,11,元富-林園,2023-08-07,5927
3305,昇貿,12,1,11,元富-林園,2023-08-07,5927
3481,群創,16,6,10,元富-林園,2023-08-07,5927
6538,倉和,11,1,10,元富-林園,2023-08-07,5927
2201,裕隆,11,1,10,元富-林園,2023-08-07,5927
00632R,元大台灣50反1,32,22,10,元富-林園,2023-08-07,5927
00680L,元大美債20正2,10,0,10,元富-林園,2023-08-07,5927
00923,群益台ESG低碳50,10,0,10,元富-林園,2023-08-07,5927
3689,湧德,24,14,10,元富-林園,2023-08-07,5927
6016,康和證,10,0,10,元富-林園,2023-08-07,5927
00882,中信中國高股息,10,0,10,元富-林園,2023-08-07,5927
5009,榮剛,11,2,9,元富-林園,2023-08-07,5927
1608,華榮,71,62,9,元富-林園,2023-08-07,5927
3017,奇鋐,16,7,9,元富-林園,2023-08-07,5927
6150,撼訊,16,7,9,元富-林園,2023-08-07,5927
3217,優群,10,1,9,元富-林園,2023-08-07,5927
00679B,元大美債20年,8,0,8,元富-林園,2023-08-07,5927
1907,永豐餘,8,0,8,元富-林園,2023-08-07,5927
00929,復華台灣科技優息,137,2,135,元富-林園,2023-08-08,5927
2409,友達,101,0,101,元富-林園,2023-08-08,5927
2356,英業達,240,154,86,元富-林園,2023-08-08,5927
00931B,統一美債20年,48,0,48,元富-林園,2023-08-08,5927
00900,富邦特選高股息30,43,0,43,元富-林園,2023-08-08,5927
00795B,中信美國公債20年,37,0,37,元富-林園,2023-08-08,5927
00893,國泰智能電動車,30,0,30,元富-林園,2023-08-08,5927
3028,增你強,30,0,30,元富-林園,2023-08-08,5927
6770,力積電,27,0,27,元富-林園,2023-08-08,5927
00712,復華富時不動產,26,0,26,元富-林園,2023-08-08,5927
2344,華邦電,25,0,25,元富-林園,2023-08-08,5927
5880,合庫金,25,0,25,元富-林園,2023-08-08,5927
2834,臺企銀,24,0,24,元富-林園,2023-08-08,5927
8936,國統,23,0,23,元富-林園,2023-08-08,5927
00878,國泰永續高股息,22,2,20,元富-林園,2023-08-08,5927
2328,廣宇,20,0,20,元富-林園,2023-08-08,5927
2516,新建,20,0,20,元富-林園,2023-08-08,5927
2382,廣達,62,43,19,元富-林園,2023-08-08,5927
00632R,元大台灣50反1,40,22,18,元富-林園,2023-08-08,5927
2002,中鋼,17,0,17,元富-林園,2023-08-08,5927
4906,正文,17,0,17,元富-林園,2023-08-08,5927
6197,佳必琪,16,0,16,元富-林園,2023-08-08,5927
2388,威盛,16,1,15,元富-林園,2023-08-08,5927
3041,揚智,15,0,15,元富-林園,2023-08-08,5927
3259,鑫創,15,0,15,元富-林園,2023-08-08,5927
5864,致和證,15,0,15,元富-林園,2023-08-08,5927
1608,華榮,27,13,14,元富-林園,2023-08-08,5927
2352,佳世達,15,1,14,元富-林園,2023-08-08,5927
3481,群創,16,3,13,元富-林園,2023-08-08,5927
2883,凱基金,20,7,13,元富-林園,2023-08-08,5927
2363,矽統,25,13,12,元富-林園,2023-08-08,5927
00919,群益台灣精選高息,12,0,12,元富-林園,2023-08-08,5927
1513,中興電,18,6,12,元富-林園,2023-08-08,5927
1727,中華化,12,1,11,元富-林園,2023-08-08,5927
3052,夆典,11,0,11,元富-林園,2023-08-08,5927
4953,緯軟,10,0,10,元富-林園,2023-08-08,5927
6125,廣運,17,7,10,元富-林園,2023-08-08,5927
2881,富邦金,10,0,10,元富-林園,2023-08-08,5927
2367,燿華,10,0,10,元富-林園,2023-08-08,5927
00930,永豐ESG低碳高息,10,0,10,元富-林園,2023-08-08,5927
1560,中砂,11,1,10,元富-林園,2023-08-08,5927
1784,訊聯,10,0,10,元富-林園,2023-08-08,5927
2023,燁輝,10,0,10,元富-林園,2023-08-08,5927
6139,亞翔,11,1,10,元富-林園,2023-08-08,5927
8050,廣積,10,0,10,元富-林園,2023-08-08,5927
6531,愛普*,13,3,10,元富-林園,2023-08-08,5927
1529,樂事綠能,9,0,9,元富-林園,2023-08-08,5927
2913,農林,15,6,9,元富-林園,2023-08-08,5927
3704,合勤控,10,1,9,元富-林園,2023-08-08,5927
6223,旺矽,10,1,9,元富-林園,2023-08-08,5927
2891,中信金,355,0,355,元富-林園,2023-08-09,5927
00929,復華台灣科技優息,177,4,173,元富-林園,2023-08-09,5927
2886,兆豐金,106,0,106,元富-林園,2023-08-09,5927
00637L,元大滬深300正2,104,0,104,元富-林園,2023-08-09,5927
1905,華紙,79,3,76,元富-林園,2023-08-09,5927
3231,緯創,139,83,56,元富-林園,2023-08-09,5927
3481,群創,90,39,51,元富-林園,2023-08-09,5927
6116,彩晶,49,1,48,元富-林園,2023-08-09,5927
2402,毅嘉,60,13,47,元富-林園,2023-08-09,5927
2356,英業達,175,147,28,元富-林園,2023-08-09,5927
2363,矽統,68,42,26,元富-林園,2023-08-09,5927
5469,瀚宇博,33,8,25,元富-林園,2023-08-09,5927
2409,友達,37,14,23,元富-林園,2023-08-09,5927
4919,新唐,22,0,22,元富-林園,2023-08-09,5927
00679B,元大美債20年,21,0,21,元富-林園,2023-08-09,5927
2354,鴻準,21,0,21,元富-林園,2023-08-09,5927
5864,致和證,21,1,20,元富-林園,2023-08-09,5927
2892,第一金,19,1,18,元富-林園,2023-08-09,5927
2002,中鋼,20,2,18,元富-林園,2023-08-09,5927
00900,富邦特選高股息30,18,0,18,元富-林園,2023-08-09,5927
2382,廣達,55,38,17,元富-林園,2023-08-09,5927
1513,中興電,23,6,17,元富-林園,2023-08-09,5927
4967,十銓,17,0,17,元富-林園,2023-08-09,5927
2329,華泰,39,23,16,元富-林園,2023-08-09,5927
1514,亞力,19,3,16,元富-林園,2023-08-09,5927
2405,輔信,17,1,16,元富-林園,2023-08-09,5927
00720B,元大投資級公司債,20,5,15,元富-林園,2023-08-09,5927
2344,華邦電,27,13,14,元富-林園,2023-08-09,5927
5483,中美晶,13,0,13,元富-林園,2023-08-09,5927
2023,燁輝,12,0,12,元富-林園,2023-08-09,5927
8936,國統,12,0,12,元富-林園,2023-08-09,5927
00878,國泰永續高股息,17,5,12,元富-林園,2023-08-09,5927
2801,彰銀,11,0,11,元富-林園,2023-08-09,5927
00923,群益台ESG低碳50,11,0,11,元富-林園,2023-08-09,5927
2881,富邦金,11,0,11,元富-林園,2023-08-09,5927
3363,上詮,17,6,11,元富-林園,2023-08-09,5927
6120,達運,10,0,10,元富-林園,2023-08-09,5927
00885,富邦越南,10,0,10,元富-林園,2023-08-09,5927
00772B,中信高評級公司債,10,0,10,元富-林園,2023-08-09,5927
1216,統一,10,0,10,元富-林園,2023-08-09,5927
2461,光群雷,12,2,10,元富-林園,2023-08-09,5927
6185,幃翔,9,0,9,元富-林園,2023-08-09,5927
2353,宏��,22,13,9,元富-林園,2023-08-09,5927
2884,玉山金,8,0,8,元富-林園,2023-08-09,5927
2027,大成鋼,12,4,8,元富-林園,2023-08-09,5927
1217,愛之味,10,2,8,元富-林園,2023-08-09,5927
2316,楠梓電,8,0,8,元富-林園,2023-08-09,5927
2548,華固,8,0,8,元富-林園,2023-08-09,5927
4533,協易機,8,0,8,元富-林園,2023-08-09,5927
2880,華南金,9,1,8,元富-林園,2023-08-09,5927
00929,復華台灣科技優息,207,11,196,元富-林園,2023-08-10,5927
00637L,元大滬深300正2,200,50,150,元富-林園,2023-08-10,5927
6116,彩晶,97,1,96,元富-林園,2023-08-10,5927
3481,群創,98,8,90,元富-林園,2023-08-10,5927
2495,普安,79,0,79,元富-林園,2023-08-10,5927
00900,富邦特選高股息30,64,0,64,元富-林園,2023-08-10,5927
00919,群益台灣精選高息,67,5,62,元富-林園,2023-08-10,5927
4967,十銓,60,0,60,元富-林園,2023-08-10,5927
2329,華泰,78,25,53,元富-林園,2023-08-10,5927
5864,致和證,42,0,42,元富-林園,2023-08-10,5927
3032,偉訓,36,0,36,元富-林園,2023-08-10,5927
00885,富邦越南,50,15,35,元富-林園,2023-08-10,5927
2328,廣宇,35,0,35,元富-林園,2023-08-10,5927
6026,福邦證,34,0,34,元富-林園,2023-08-10,5927
5876,上海商銀,31,0,31,元富-林園,2023-08-10,5927
0056,元大高股息,32,1,31,元富-林園,2023-08-10,5927
5381,合正,30,0,30,元富-林園,2023-08-10,5927
2409,友達,83,54,29,元富-林園,2023-08-10,5927
8936,國統,30,1,29,元富-林園,2023-08-10,5927
2105,正新,26,1,25,元富-林園,2023-08-10,5927
2002,中鋼,27,3,24,元富-林園,2023-08-10,5927
8028,昇陽半導體,23,0,23,元富-林園,2023-08-10,5927
2892,第一金,60,38,22,元富-林園,2023-08-10,5927
00878,國泰永續高股息,52,29,23,元富-林園,2023-08-10,5927
2516,新建,22,0,22,元富-林園,2023-08-10,5927
3704,合勤控,34,13,21,元富-林園,2023-08-10,5927
00882,中信中國高股息,20,0,20,元富-林園,2023-08-10,5927
3689,湧德,21,1,20,元富-林園,2023-08-10,5927
6770,力積電,20,1,19,元富-林園,2023-08-10,5927
2324,仁寶,20,3,17,元富-林園,2023-08-10,5927
3038,全台,17,0,17,元富-林園,2023-08-10,5927
2382,廣達,62,47,15,元富-林園,2023-08-10,5927
1314,中石化,15,0,15,元富-林園,2023-08-10,5927
00673R,期元大S＆P原油反1,15,0,15,元富-林園,2023-08-10,5927
4919,新唐,15,0,15,元富-林園,2023-08-10,5927
6153,嘉聯益,15,0,15,元富-林園,2023-08-10,5927
2888,新光金,31,16,15,元富-林園,2023-08-10,5927
2104,國際中橡,14,0,14,元富-林園,2023-08-10,5927
2421,建準,15,1,14,元富-林園,2023-08-10,5927
2610,華航,57,43,14,元富-林園,2023-08-10,5927
2633,台灣高鐵,13,0,13,元富-林園,2023-08-10,5927
6282,康舒,14,1,13,元富-林園,2023-08-10,5927
4938,和碩,15,3,12,元富-林園,2023-08-10,5927
3483,力致,31,19,12,元富-林園,2023-08-10,5927
2303,聯電,18,7,11,元富-林園,2023-08-10,5927
6185,幃翔,11,0,11,元富-林園,2023-08-10,5927
6261,久元,11,0,11,元富-林園,2023-08-10,5927
6443,元晶,36,25,11,元富-林園,2023-08-10,5927
8210,勤誠,11,0,11,元富-林園,2023-08-10,5927
1342,八貫,10,0,10,元富-林園,2023-08-10,5927
00929,復華台灣科技優息,299,0,299,元富-林園,2023-08-11,5927
4532,瑞智,200,0,200,元富-林園,2023-08-11,5927
6116,彩晶,116,0,116,元富-林園,2023-08-11,5927
2618,長榮航,124,56,68,元富-林園,2023-08-11,5927
2891,中信金,65,0,65,元富-林園,2023-08-11,5927
00931B,統一美債20年,62,0,62,元富-林園,2023-08-11,5927
1710,東聯,55,1,54,元富-林園,2023-08-11,5927
00885,富邦越南,40,5,35,元富-林園,2023-08-11,5927
6770,力積電,36,1,35,元富-林園,2023-08-11,5927
2882,國泰金,33,0,33,元富-林園,2023-08-11,5927
00900,富邦特選高股息30,32,0,32,元富-林園,2023-08-11,5927
1808,潤隆,31,0,31,元富-林園,2023-08-11,5927
2881,富邦金,32,2,30,元富-林園,2023-08-11,5927
2002,中鋼,30,0,30,元富-林園,2023-08-11,5927
5864,致和證,25,0,25,元富-林園,2023-08-11,5927
3481,群創,34,10,24,元富-林園,2023-08-11,5927
3047,訊舟,22,0,22,元富-林園,2023-08-11,5927
2020,美亞,20,0,20,元富-林園,2023-08-11,5927
2543,皇昌,20,1,19,元富-林園,2023-08-11,5927
2886,兆豐金,20,2,18,元富-林園,2023-08-11,5927
1217,愛之味,17,0,17,元富-林園,2023-08-11,5927
00923,群益台ESG低碳50,17,0,17,元富-林園,2023-08-11,5927
00850,元大臺灣ESG永續,15,0,15,元富-林園,2023-08-11,5927
2356,英業達,38,24,14,元富-林園,2023-08-11,5927
2634,漢翔,14,0,14,元富-林園,2023-08-11,5927
3078,僑威,16,3,13,元富-林園,2023-08-11,5927
1609,大亞,16,4,12,元富-林園,2023-08-11,5927
3231,緯創,70,58,12,元富-林園,2023-08-11,5927
2009,第一銅,12,0,12,元富-林園,2023-08-11,5927
1514,亞力,12,1,11,元富-林園,2023-08-11,5927
2383,台光電,15,4,11,元富-林園,2023-08-11,5927
3027,盛達,11,0,11,元富-林園,2023-08-11,5927
2883,凱基金,18,8,10,元富-林園,2023-08-11,5927
2329,華泰,49,39,10,元富-林園,2023-08-11,5927
00631L,元大台灣50正2,10,0,10,元富-林園,2023-08-11,5927
00706L,期元大S＆P日圓正2,10,0,10,元富-林園,2023-08-11,5927
1513,中興電,18,8,10,元富-林園,2023-08-11,5927
1612,宏泰,10,0,10,元富-林園,2023-08-11,5927
1727,中華化,11,1,10,元富-林園,2023-08-11,5927
2537,聯上發,10,0,10,元富-林園,2023-08-11,5927
2897,王道銀行,10,0,10,元富-林園,2023-08-11,5927
3028,增你強,10,0,10,元富-林園,2023-08-11,5927
3037,欣興,11,1,10,元富-林園,2023-08-11,5927
5706,鳳凰,10,0,10,元富-林園,2023-08-11,5927
9929,秋雨,10,0,10,元富-林園,2023-08-11,5927
2023,燁輝,9,0,9,元富-林園,2023-08-11,5927
3052,夆典,9,0,9,元富-林園,2023-08-11,5927
00772B,中信高評級公司債,8,0,8,元富-林園,2023-08-11,5927
00857B,永豐20年美公債,8,0,8,元富-林園,2023-08-11,5927
2614,東森,8,0,8,元富-林園,2023-08-11,5927
00929,復華台灣科技優息,173,2,171,元富-林園,2023-08-14,5927
00637L,元大滬深300正2,149,0,149,元富-林園,2023-08-14,5927
00878,國泰永續高股息,135,16,119,元富-林園,2023-08-14,5927
2323,中環,137,20,117,元富-林園,2023-08-14,5927
00900,富邦特選高股息30,109,0,109,元富-林園,2023-08-14,5927
2618,長榮航,120,34,86,元富-林園,2023-08-14,5927
2457,飛宏,81,2,79,元富-林園,2023-08-14,5927
4532,瑞智,79,2,77,元富-林園,2023-08-14,5927
3049,精金,60,0,60,元富-林園,2023-08-14,5927
1710,東聯,56,0,56,元富-林園,2023-08-14,5927
00923,群益台ESG低碳50,57,2,55,元富-林園,2023-08-14,5927
2520,冠德,53,0,53,元富-林園,2023-08-14,5927
2891,中信金,74,23,51,元富-林園,2023-08-14,5927
6770,力積電,66,20,46,元富-林園,2023-08-14,5927
2610,華航,98,56,42,元富-林園,2023-08-14,5927
2002,中鋼,39,2,37,元富-林園,2023-08-14,5927
3031,佰鴻,36,0,36,元富-林園,2023-08-14,5927
2344,華邦電,36,1,35,元富-林園,2023-08-14,5927
3710,連展投控,30,0,30,元富-林園,2023-08-14,5927
3583,辛耘,27,0,27,元富-林園,2023-08-14,5927
2609,陽明,35,10,25,元富-林園,2023-08-14,5927
2014,中鴻,24,0,24,元富-林園,2023-08-14,5927
1514,亞力,23,0,23,元富-林園,2023-08-14,5927
6016,康和證,26,3,23,元富-林園,2023-08-14,5927
2301,光寶科,28,7,21,元富-林園,2023-08-14,5927
2206,三陽工業,21,1,20,元富-林園,2023-08-14,5927
3308,聯德,22,2,20,元富-林園,2023-08-14,5927
8936,國統,20,0,20,元富-林園,2023-08-14,5927
6005,群益證,20,1,19,元富-林園,2023-08-14,5927
5876,上海商銀,19,0,19,元富-林園,2023-08-14,5927
3481,群創,44,26,18,元富-林園,2023-08-14,5927
5483,中美晶,22,4,18,元富-林園,2023-08-14,5927
1795,美時,18,1,17,元富-林園,2023-08-14,5927
2883,凱基金,26,10,16,元富-林園,2023-08-14,5927
1314,中石化,15,0,15,元富-林園,2023-08-14,5927
00931B,統一美債20年,15,0,15,元富-林園,2023-08-14,5927
1714,和桐,15,0,15,元富-林園,2023-08-14,5927
2637,慧洋-KY,16,1,15,元富-林園,2023-08-14,5927
2890,永豐金,14,0,14,元富-林園,2023-08-14,5927
6125,廣運,28,15,13,元富-林園,2023-08-14,5927
1605,華新,19,7,12,元富-林園,2023-08-14,5927
3231,緯創,67,55,12,元富-林園,2023-08-14,5927
1313,聯成,42,30,12,元富-林園,2023-08-14,5927
00891,中信關鍵半導體,11,0,11,元富-林園,2023-08-14,5927
2402,毅嘉,11,0,11,元富-林園,2023-08-14,5927
00712,復華富時不動產,13,3,10,元富-林園,2023-08-14,5927
1104,環泥,10,0,10,元富-林園,2023-08-14,5927
00907,永豐優息存股,10,0,10,元富-林園,2023-08-14,5927
00666R,富邦�琤肭磪齯�1,10,0,10,元富-林園,2023-08-14,5927
2537,聯上發,10,0,10,元富-林園,2023-08-14,5927
00923,群益台ESG低碳50,185,1,184,元富-林園,2023-08-15,5927
00900,富邦特選高股息30,139,28,111,元富-林園,2023-08-15,5927
2323,中環,110,1,109,元富-林園,2023-08-15,5927
2317,鴻海,62,0,62,元富-林園,2023-08-15,5927
2618,長榮航,88,30,58,元富-林園,2023-08-15,5927
6770,力積電,36,0,36,元富-林園,2023-08-15,5927
2883,凱基金,31,0,31,元富-林園,2023-08-15,5927
1326,台化,30,0,30,元富-林園,2023-08-15,5927
4532,瑞智,21,0,21,元富-林園,2023-08-15,5927
00712,復華富時不動產,21,0,21,元富-林園,2023-08-15,5927
3078,僑威,38,20,18,元富-林園,2023-08-15,5927
00878,國泰永續高股息,21,3,18,元富-林園,2023-08-15,5927
1605,華新,21,5,16,元富-林園,2023-08-15,5927
3308,聯德,22,6,16,元富-林園,2023-08-15,5927
8050,廣積,20,5,15,元富-林園,2023-08-15,5927
1313,聯成,15,1,14,元富-林園,2023-08-15,5927
4909,新復興,15,1,14,元富-林園,2023-08-15,5927
2104,國際中橡,13,0,13,元富-林園,2023-08-15,5927
1513,中興電,14,2,12,元富-林園,2023-08-15,5927
1721,三晃,12,0,12,元富-林園,2023-08-15,5927
2002,中鋼,15,3,12,元富-林園,2023-08-15,5927
00929,復華台灣科技優息,12,1,11,元富-林園,2023-08-15,5927
2401,凌陽,11,0,11,元富-林園,2023-08-15,5927
0050,元大台灣50,11,0,11,元富-林園,2023-08-15,5927
1305,華夏,10,0,10,元富-林園,2023-08-15,5927
1477,聚陽,10,0,10,元富-林園,2023-08-15,5927
2408,南亞科,10,0,10,元富-林園,2023-08-15,5927
6282,康舒,28,18,10,元富-林園,2023-08-15,5927
9933,中鼎,10,0,10,元富-林園,2023-08-15,5927
9939,宏全,10,0,10,元富-林園,2023-08-15,5927
1609,大亞,13,4,9,元富-林園,2023-08-15,5927
2022,聚亨,10,1,9,元富-林園,2023-08-15,5927
2337,旺宏,9,0,9,元富-林園,2023-08-15,5927
2421,建準,37,28,9,元富-林園,2023-08-15,5927
6139,亞翔,10,1,9,元富-林園,2023-08-15,5927
6223,旺矽,8,0,8,元富-林園,2023-08-15,5927
3231,緯創,80,72,8,元富-林園,2023-08-15,5927
6122,擎邦,7,0,7,元富-林園,2023-08-15,5927
2884,玉山金,6,0,6,元富-林園,2023-08-15,5927
6125,廣運,32,26,6,元富-林園,2023-08-15,5927
00637L,元大滬深300正2,66,60,6,元富-林園,2023-08-15,5927
2027,大成鋼,6,0,6,元富-林園,2023-08-15,5927
2340,台亞,8,2,6,元富-林園,2023-08-15,5927
3032,偉訓,11,5,6,元富-林園,2023-08-15,5927
1802,台玻,5,0,5,元富-林園,2023-08-15,5927
1907,永豐餘,5,0,5,元富-林園,2023-08-15,5927
2017,官田鋼,5,0,5,元富-林園,2023-08-15,5927
2316,楠梓電,5,0,5,元富-林園,2023-08-15,5927
2388,威盛,6,1,5,元富-林園,2023-08-15,5927
6158,禾昌,5,0,5,元富-林園,2023-08-15,5927
00929,復華台灣科技優息,297,0,297,元富-林園,2023-08-16,5927
00673R,期元大S＆P原油反1,250,0,250,元富-林園,2023-08-16,5927
00632R,元大台灣50反1,805,683,122,元富-林園,2023-08-16,5927
2363,矽統,90,12,78,元富-林園,2023-08-16,5927
2834,臺企銀,73,0,73,元富-林園,2023-08-16,5927
2303,聯電,67,9,58,元富-林園,2023-08-16,5927
2323,中環,52,0,52,元富-林園,2023-08-16,5927
1101,台泥,51,0,51,元富-林園,2023-08-16,5927
2888,新光金,53,5,48,元富-林園,2023-08-16,5927
00923,群益台ESG低碳50,46,0,46,元富-林園,2023-08-16,5927
2883,凱基金,46,0,46,元富-林園,2023-08-16,5927
00712,復華富時不動產,43,1,42,元富-林園,2023-08-16,5927
2618,長榮航,60,18,42,元富-林園,2023-08-16,5927
2002,中鋼,43,3,40,元富-林園,2023-08-16,5927
3406,玉晶光,33,0,33,元富-林園,2023-08-16,5927
2324,仁寶,83,56,27,元富-林園,2023-08-16,5927
00665L,富邦�琤肭磪囓�2,30,5,25,元富-林園,2023-08-16,5927
00900,富邦特選高股息30,26,2,24,元富-林園,2023-08-16,5927
1326,台化,22,0,22,元富-林園,2023-08-16,5927
3715,定穎投控,25,3,22,元富-林園,2023-08-16,5927
2891,中信金,27,5,22,元富-林園,2023-08-16,5927
00878,國泰永續高股息,35,13,22,元富-林園,2023-08-16,5927
2409,友達,21,0,21,元富-林園,2023-08-16,5927
1718,中纖,21,0,21,元富-林園,2023-08-16,5927
2206,三陽工業,27,6,21,元富-林園,2023-08-16,5927
2731,雄獅,21,0,21,元富-林園,2023-08-16,5927
2317,鴻海,21,1,20,元富-林園,2023-08-16,5927
1310,台苯,20,0,20,元富-林園,2023-08-16,5927
1504,東元,23,3,20,元富-林園,2023-08-16,5927
3037,欣興,22,3,19,元富-林園,2023-08-16,5927
1802,台玻,20,1,19,元富-林園,2023-08-16,5927
2313,華通,19,0,19,元富-林園,2023-08-16,5927
2603,長榮,21,2,19,元富-林園,2023-08-16,5927
00772B,中信高評級公司債,18,0,18,元富-林園,2023-08-16,5927
2421,建準,30,12,18,元富-林園,2023-08-16,5927
2880,華南金,16,0,16,元富-林園,2023-08-16,5927
6770,力積電,21,5,16,元富-林園,2023-08-16,5927
3051,力特,21,5,16,元富-林園,2023-08-16,5927
9929,秋雨,15,0,15,元富-林園,2023-08-16,5927
00919,群益台灣精選高息,14,0,14,元富-林園,2023-08-16,5927
00931B,統一美債20年,14,0,14,元富-林園,2023-08-16,5927
2344,華邦電,18,5,13,元富-林園,2023-08-16,5927
1529,樂事綠能,12,0,12,元富-林園,2023-08-16,5927
1905,華紙,18,6,12,元富-林園,2023-08-16,5927
1304,台聚,11,0,11,元富-林園,2023-08-16,5927
2314,台揚,11,0,11,元富-林園,2023-08-16,5927
00680L,元大美債20正2,10,0,10,元富-林園,2023-08-16,5927
00671R,富邦NASDAQ反1,10,0,10,元富-林園,2023-08-16,5927
00648R,元大S＆P500反1,10,0,10,元富-林園,2023-08-16,5927
2208,台船,20,10,10,元富-林園,2023-08-16,5927
2489,瑞軒,50,0,50,元富-林園,2023-08-17,5927
3231,緯創,144,106,38,元富-林園,2023-08-17,5927
1326,台化,33,1,32,元富-林園,2023-08-17,5927
2884,玉山金,32,1,31,元富-林園,2023-08-17,5927
2891,中信金,46,15,31,元富-林園,2023-08-17,5927
00929,復華台灣科技優息,36,8,28,元富-林園,2023-08-17,5927
3689,湧德,54,27,27,元富-林園,2023-08-17,5927
5701,劍湖山,27,0,27,元富-林園,2023-08-17,5927
9950,萬國通,27,0,27,元富-林園,2023-08-17,5927
00637L,元大滬深300正2,205,180,25,元富-林園,2023-08-17,5927
2323,中環,58,35,23,元富-林園,2023-08-17,5927
2886,兆豐金,23,0,23,元富-林園,2023-08-17,5927
00664R,國泰臺灣加權反1,22,0,22,元富-林園,2023-08-17,5927
00772B,中信高評級公司債,22,0,22,元富-林園,2023-08-17,5927
2890,永豐金,21,0,21,元富-林園,2023-08-17,5927
2312,金寶,23,3,20,元富-林園,2023-08-17,5927
4402,郡都開發,20,0,20,元富-林園,2023-08-17,5927
2883,凱基金,23,4,19,元富-林園,2023-08-17,5927
3013,晟銘電,18,1,17,元富-林園,2023-08-17,5927
00757,統一FANG+,19,2,17,元富-林園,2023-08-17,5927
2421,建準,57,41,16,元富-林園,2023-08-17,5927
1101,台泥,16,1,15,元富-林園,2023-08-17,5927
00687B,國泰20年美債,15,0,15,元富-林園,2023-08-17,5927
00665L,富邦�琤肭磪囓�2,15,0,15,元富-林園,2023-08-17,5927
00900,富邦特選高股息30,25,10,15,元富-林園,2023-08-17,5927
1609,大亞,21,6,15,元富-林園,2023-08-17,5927
3675,德微,15,0,15,元富-林園,2023-08-17,5927
2880,華南金,17,2,15,元富-林園,2023-08-17,5927
1301,台塑,13,0,13,元富-林園,2023-08-17,5927
2342,茂矽,13,0,13,元富-林園,2023-08-17,5927
6138,茂達,13,0,13,元富-林園,2023-08-17,5927
2834,臺企銀,11,0,11,元富-林園,2023-08-17,5927
2014,中鴻,15,4,11,元富-林園,2023-08-17,5927
8201,無敵,11,0,11,元富-林園,2023-08-17,5927
00671R,富邦NASDAQ反1,10,0,10,元富-林園,2023-08-17,5927
2032,新鋼,10,0,10,元富-林園,2023-08-17,5927
2356,英業達,122,112,10,元富-林園,2023-08-17,5927
2867,三商壽,10,0,10,元富-林園,2023-08-17,5927
4938,和碩,34,24,10,元富-林園,2023-08-17,5927
6235,華孚,15,5,10,元富-林園,2023-08-17,5927
00669R,國泰美國道瓊反1,10,1,9,元富-林園,2023-08-17,5927
1472,三洋實業,10,1,9,元富-林園,2023-08-17,5927
00706L,期元大S＆P日圓正2,8,0,8,元富-林園,2023-08-17,5927
00712,復華富時不動產,17,10,7,元富-林園,2023-08-17,5927
00882,中信中國高股息,7,0,7,元富-林園,2023-08-17,5927
2382,廣達,50,43,7,元富-林園,2023-08-17,5927
1210,大成,7,0,7,元富-林園,2023-08-17,5927
1314,中石化,11,4,7,元富-林園,2023-08-17,5927
00857B,永豐20年美公債,7,0,7,元富-林園,2023-08-17,5927
5388,中磊,11,4,7,元富-林園,2023-08-17,5927
00885,富邦越南,152,0,152,元富-林園,2023-08-18,5927
2409,友達,107,0,107,元富-林園,2023-08-18,5927
4967,十銓,96,1,95,元富-林園,2023-08-18,5927
00929,復華台灣科技優息,70,0,70,元富-林園,2023-08-18,5927
2329,華泰,268,202,66,元富-林園,2023-08-18,5927
3231,緯創,112,49,63,元富-林園,2023-08-18,5927
2731,雄獅,50,0,50,元富-林園,2023-08-18,5927
2885,元大金,50,1,49,元富-林園,2023-08-18,5927
2610,華航,55,7,48,元富-林園,2023-08-18,5927
2332,友訊,61,25,36,元富-林園,2023-08-18,5927
00931B,統一美債20年,33,2,31,元富-林園,2023-08-18,5927
00712,復華富時不動產,31,0,31,元富-林園,2023-08-18,5927
00878,國泰永續高股息,38,10,28,元富-林園,2023-08-18,5927
2344,華邦電,29,2,27,元富-林園,2023-08-18,5927
2637,慧洋-KY,42,15,27,元富-林園,2023-08-18,5927
2324,仁寶,47,21,26,元富-林園,2023-08-18,5927
1101,台泥,25,0,25,元富-林園,2023-08-18,5927
2618,長榮航,27,2,25,元富-林園,2023-08-18,5927
2883,凱基金,32,8,24,元富-林園,2023-08-18,5927
2027,大成鋼,24,0,24,元富-林園,2023-08-18,5927
6120,達運,24,0,24,元富-林園,2023-08-18,5927
1314,中石化,22,0,22,元富-林園,2023-08-18,5927
2356,英業達,102,81,21,元富-林園,2023-08-18,5927
2890,永豐金,20,0,20,元富-林園,2023-08-18,5927
1907,永豐餘,18,0,18,元富-林園,2023-08-18,5927
3704,合勤控,24,9,15,元富-林園,2023-08-18,5927
2382,廣達,46,32,14,元富-林園,2023-08-18,5927
1477,聚陽,14,0,14,元富-林園,2023-08-18,5927
8033,雷虎,14,0,14,元富-林園,2023-08-18,5927
2363,矽統,57,43,14,元富-林園,2023-08-18,5927
2882,國泰金,12,0,12,元富-林園,2023-08-18,5927
00772B,中信高評級公司債,12,0,12,元富-林園,2023-08-18,5927
2449,京元電子,13,1,12,元富-林園,2023-08-18,5927
00927,群益半導體收益,11,0,11,元富-林園,2023-08-18,5927
00930,永豐ESG低碳高息,11,0,11,元富-林園,2023-08-18,5927
1714,和桐,11,0,11,元富-林園,2023-08-18,5927
6125,廣運,20,9,11,元富-林園,2023-08-18,5927
8926,台汽電,11,0,11,元富-林園,2023-08-18,5927
1727,中華化,12,2,10,元富-林園,2023-08-18,5927
2402,毅嘉,17,7,10,元富-林園,2023-08-18,5927
5347,世界,10,0,10,元富-林園,2023-08-18,5927
2401,凌陽,10,1,9,元富-林園,2023-08-18,5927
2488,漢平,9,0,9,元富-林園,2023-08-18,5927
6188,廣明,11,3,8,元富-林園,2023-08-18,5927
2308,台達電,9,1,8,元富-林園,2023-08-18,5927
1304,台聚,8,0,8,元富-林園,2023-08-18,5927
2317,鴻海,8,0,8,元富-林園,2023-08-18,5927
4919,新唐,7,0,7,元富-林園,2023-08-18,5927
00679B,元大美債20年,7,0,7,元富-林園,2023-08-18,5927
3060,銘異,7,0,7,元富-林園,2023-08-18,5927
3017,奇鋐,113,7,106,元富-林園,2023-08-21,5927
00885,富邦越南,92,0,92,元富-林園,2023-08-21,5927
00637L,元大滬深300正2,67,0,67,元富-林園,2023-08-21,5927
1504,東元,80,28,52,元富-林園,2023-08-21,5927
6770,力積電,46,0,46,元富-林園,2023-08-21,5927
2605,新興,44,1,43,元富-林園,2023-08-21,5927
1808,潤隆,30,0,30,元富-林園,2023-08-21,5927
5701,劍湖山,30,0,30,元富-林園,2023-08-21,5927
2329,華泰,86,63,23,元富-林園,2023-08-21,5927
2356,英業達,67,45,22,元富-林園,2023-08-21,5927
2634,漢翔,22,0,22,元富-林園,2023-08-21,5927
3706,神達,27,6,21,元富-林園,2023-08-21,5927
2520,冠德,20,0,20,元富-林園,2023-08-21,5927
2884,玉山金,20,2,18,元富-林園,2023-08-21,5927
8105,凌巨,20,2,18,元富-林園,2023-08-21,5927
2883,凱基金,18,0,18,元富-林園,2023-08-21,5927
2002,中鋼,19,4,15,元富-林園,2023-08-21,5927
2382,廣達,29,14,15,元富-林園,2023-08-21,5927
00922,國泰台灣領袖50,15,0,15,元富-林園,2023-08-21,5927
2324,仁寶,38,23,15,元富-林園,2023-08-21,5927
2409,友達,15,0,15,元富-林園,2023-08-21,5927
3689,湧德,25,11,14,元富-林園,2023-08-21,5927
00929,復華台灣科技優息,15,2,13,元富-林園,2023-08-21,5927
00772B,中信高評級公司債,12,0,12,元富-林園,2023-08-21,5927
2606,裕民,26,14,12,元富-林園,2023-08-21,5927
3305,昇貿,12,0,12,元富-林園,2023-08-21,5927
1618,合機,13,2,11,元富-林園,2023-08-21,5927
2611,志信,11,0,11,元富-林園,2023-08-21,5927
4919,新唐,10,0,10,元富-林園,2023-08-21,5927
2344,華邦電,10,0,10,元富-林園,2023-08-21,5927
2352,佳世達,10,0,10,元富-林園,2023-08-21,5927
2801,彰銀,10,0,10,元富-林園,2023-08-21,5927
3021,鴻名,10,0,10,元富-林園,2023-08-21,5927
4173,久裕,10,0,10,元富-林園,2023-08-21,5927
6120,達運,11,1,10,元富-林園,2023-08-21,5927
6418,詠昇,10,0,10,元富-林園,2023-08-21,5927
6664,群翊,10,0,10,元富-林園,2023-08-21,5927
2610,華航,18,8,10,元富-林園,2023-08-21,5927
6176,瑞儀,10,1,9,元富-林園,2023-08-21,5927
00931B,統一美債20年,9,0,9,元富-林園,2023-08-21,5927
00923,群益台ESG低碳50,9,0,9,元富-林園,2023-08-21,5927
1339,昭輝,9,0,9,元富-林園,2023-08-21,5927
1785,光洋科,9,0,9,元富-林園,2023-08-21,5927
3675,德微,10,1,9,元富-林園,2023-08-21,5927
6285,啟��,12,3,9,元富-林園,2023-08-21,5927
2359,所羅門,19,11,8,元富-林園,2023-08-21,5927
2891,中信金,11,3,8,元富-林園,2023-08-21,5927
2882,國泰金,7,0,7,元富-林園,2023-08-21,5927
6204,艾華,7,0,7,元富-林園,2023-08-21,5927
00712,復華富時不動產,6,0,6,元富-林園,2023-08-21,5927
00637L,元大滬深300正2,171,20,151,元富-林園,2023-08-22,5927
2344,華邦電,53,1,52,元富-林園,2023-08-22,5927
4532,瑞智,46,6,40,元富-林園,2023-08-22,5927
2891,中信金,37,1,36,元富-林園,2023-08-22,5927
2883,凱基金,60,26,34,元富-林園,2023-08-22,5927
1455,集盛,30,0,30,元富-林園,2023-08-22,5927
3017,奇鋐,25,1,24,元富-林園,2023-08-22,5927
2324,仁寶,38,15,23,元富-林園,2023-08-22,5927
2363,矽統,62,39,23,元富-林園,2023-08-22,5927
3308,聯德,60,40,20,元富-林園,2023-08-22,5927
2303,聯電,21,1,20,元富-林園,2023-08-22,5927
1605,華新,21,2,19,元富-林園,2023-08-22,5927
00929,復華台灣科技優息,18,1,17,元富-林園,2023-08-22,5927
1504,東元,40,23,17,元富-林園,2023-08-22,5927
2637,慧洋-KY,19,2,17,元富-林園,2023-08-22,5927
00712,復華富時不動產,16,0,16,元富-林園,2023-08-22,5927
2401,凌陽,31,15,16,元富-林園,2023-08-22,5927
3306,鼎天,19,4,15,元富-林園,2023-08-22,5927
2002,中鋼,17,2,15,元富-林園,2023-08-22,5927
00687B,國泰20年美債,15,0,15,元富-林園,2023-08-22,5927
2356,英業達,117,103,14,元富-林園,2023-08-22,5927
4904,遠傳,14,0,14,元富-林園,2023-08-22,5927
00753L,中信中國50正2,12,0,12,元富-林園,2023-08-22,5927
3227,原相,12,0,12,元富-林園,2023-08-22,5927
2314,台揚,11,0,11,元富-林園,2023-08-22,5927
2888,新光金,10,0,10,元富-林園,2023-08-22,5927
1310,台苯,10,0,10,元富-林園,2023-08-22,5927
2481,強茂,10,0,10,元富-林園,2023-08-22,5927
3702,大聯大,10,0,10,元富-林園,2023-08-22,5927
5488,松普,10,0,10,元富-林園,2023-08-22,5927
6120,達運,26,16,10,元富-林園,2023-08-22,5927
6191,精成科,10,0,10,元富-林園,2023-08-22,5927
8936,國統,10,0,10,元富-林園,2023-08-22,5927
2376,技嘉,54,44,10,元富-林園,2023-08-22,5927
2886,兆豐金,10,0,10,元富-林園,2023-08-22,5927
2882,國泰金,9,0,9,元富-林園,2023-08-22,5927
2606,裕民,26,17,9,元富-林園,2023-08-22,5927
3491,昇達科,8,0,8,元富-林園,2023-08-22,5927
6139,亞翔,18,10,8,元富-林園,2023-08-22,5927
6446,藥華藥,11,3,8,元富-林園,2023-08-22,5927
00878,國泰永續高股息,7,0,7,元富-林園,2023-08-22,5927
2014,中鴻,7,0,7,元富-林園,2023-08-22,5927
1326,台化,7,0,7,元富-林園,2023-08-22,5927
2409,友達,7,0,7,元富-林園,2023-08-22,5927
2645,長榮航太,11,4,7,元富-林園,2023-08-22,5927
3706,神達,8,1,7,元富-林園,2023-08-22,5927
6854,錼創科技-KY創,7,0,7,元富-林園,2023-08-22,5927
1527,鑽全,6,0,6,元富-林園,2023-08-22,5927
3049,精金,6,0,6,元富-林園,2023-08-22,5927
6282,康舒,10,4,6,元富-林園,2023-08-22,5927
2618,長榮航,55,4,51,元富-林園,2023-08-23,5927
4904,遠傳,50,0,50,元富-林園,2023-08-23,5927
1326,台化,51,2,49,元富-林園,2023-08-23,5927
3567,逸昌,45,0,45,元富-林園,2023-08-23,5927
6116,彩晶,37,0,37,元富-林園,2023-08-23,5927
00929,復華台灣科技優息,38,2,36,元富-林園,2023-08-23,5927
6282,康舒,37,4,33,元富-林園,2023-08-23,5927
2845,遠東銀,30,0,30,元富-林園,2023-08-23,5927
00882,中信中國高股息,27,0,27,元富-林園,2023-08-23,5927
6167,久正,49,22,27,元富-林園,2023-08-23,5927
00923,群益台ESG低碳50,29,5,24,元富-林園,2023-08-23,5927
2323,中環,26,2,24,元富-林園,2023-08-23,5927
2883,凱基金,22,0,22,元富-林園,2023-08-23,5927
2543,皇昌,21,0,21,元富-林園,2023-08-23,5927
00650L,復華香港正2,20,0,20,元富-林園,2023-08-23,5927
2520,冠德,20,0,20,元富-林園,2023-08-23,5927
3311,閎暉,20,0,20,元富-林園,2023-08-23,5927
2421,建準,26,7,19,元富-林園,2023-08-23,5927
6125,廣運,28,9,19,元富-林園,2023-08-23,5927
2609,陽明,20,2,18,元富-林園,2023-08-23,5927
4960,誠美材,30,12,18,元富-林園,2023-08-23,5927
2332,友訊,25,8,17,元富-林園,2023-08-23,5927
3031,佰鴻,16,0,16,元富-林園,2023-08-23,5927
2834,臺企銀,15,0,15,元富-林園,2023-08-23,5927
1529,樂事綠能,14,0,14,元富-林園,2023-08-23,5927
2303,聯電,17,3,14,元富-林園,2023-08-23,5927
2002,中鋼,16,4,12,元富-林園,2023-08-23,5927
1710,東聯,11,0,11,元富-林園,2023-08-23,5927
3706,神達,21,10,11,元富-林園,2023-08-23,5927
3021,鴻名,11,0,11,元富-林園,2023-08-23,5927
00931B,統一美債20年,10,0,10,元富-林園,2023-08-23,5927
2355,敬鵬,23,13,10,元富-林園,2023-08-23,5927
2476,鉅祥,10,0,10,元富-林園,2023-08-23,5927
3032,偉訓,10,0,10,元富-林園,2023-08-23,5927
2329,華泰,85,76,9,元富-林園,2023-08-23,5927
1308,亞聚,8,0,8,元富-林園,2023-08-23,5927
2634,漢翔,31,23,8,元富-林園,2023-08-23,5927
5009,榮剛,10,2,8,元富-林園,2023-08-23,5927
6120,達運,13,5,8,元富-林園,2023-08-23,5927
2023,燁輝,7,0,7,元富-林園,2023-08-23,5927
2314,台揚,7,0,7,元富-林園,2023-08-23,5927
2393,億光,8,1,7,元富-林園,2023-08-23,5927
5464,霖宏,7,0,7,元富-林園,2023-08-23,5927
6124,業強,7,0,7,元富-林園,2023-08-23,5927
2486,一詮,11,5,6,元富-林園,2023-08-23,5927
4908,前鼎,6,0,6,元富-林園,2023-08-23,5927
8039,台虹,6,0,6,元富-林園,2023-08-23,5927
5608,四維航,7,2,5,元富-林園,2023-08-23,5927
1460,宏遠,5,0,5,元富-林園,2023-08-23,5927
1313,聯成,5,0,5,元富-林園,2023-08-23,5927
2881,富邦金,150,1,149,元富-林園,2023-08-24,5927
00929,復華台灣科技優息,115,19,96,元富-林園,2023-08-24,5927
3231,緯創,125,85,40,元富-林園,2023-08-24,5927
2324,仁寶,111,79,32,元富-林園,2023-08-24,5927
2421,建準,64,40,24,元富-林園,2023-08-24,5927
2449,京元電子,66,47,19,元富-林園,2023-08-24,5927
4960,誠美材,18,1,17,元富-林園,2023-08-24,5927
2884,玉山金,15,0,15,元富-林園,2023-08-24,5927
1805,寶徠,15,0,15,元富-林園,2023-08-24,5927
2356,英業達,76,61,15,元富-林園,2023-08-24,5927
2605,新興,14,0,14,元富-林園,2023-08-24,5927
00753L,中信中國50正2,12,0,12,元富-林園,2023-08-24,5927
2838A,聯邦銀甲特,11,0,11,元富-林園,2023-08-24,5927
2409,友達,16,6,10,元富-林園,2023-08-24,5927
1605,華新,12,2,10,元富-林園,2023-08-24,5927
2611,志信,10,0,10,元富-林園,2023-08-24,5927
3357,臺慶科,10,0,10,元富-林園,2023-08-24,5927
5340,建榮,10,0,10,元富-林園,2023-08-24,5927
5381,合正,10,0,10,元富-林園,2023-08-24,5927
6706,惠特,10,0,10,元富-林園,2023-08-24,5927
2208,台船,10,1,9,元富-林園,2023-08-24,5927
3047,訊舟,9,0,9,元富-林園,2023-08-24,5927
3380,明泰,10,1,9,元富-林園,2023-08-24,5927
2883,凱基金,8,0,8,元富-林園,2023-08-24,5927
2010,春源,8,0,8,元富-林園,2023-08-24,5927
2603,長榮,10,2,8,元富-林園,2023-08-24,5927
3078,僑威,13,5,8,元富-林園,2023-08-24,5927
3706,神達,48,40,8,元富-林園,2023-08-24,5927
6126,信音,8,0,8,元富-林園,2023-08-24,5927
3583,辛耘,15,8,7,元富-林園,2023-08-24,5927
2313,華通,6,0,6,元富-林園,2023-08-24,5927
4543,萬在,8,2,6,元富-林園,2023-08-24,5927
4919,新唐,6,0,6,元富-林園,2023-08-24,5927
00725B,國泰投資級公司債,6,0,6,元富-林園,2023-08-24,5927
3003,健和興,6,0,6,元富-林園,2023-08-24,5927
3041,揚智,6,0,6,元富-林園,2023-08-24,5927
3206,志豐,6,0,6,元富-林園,2023-08-24,5927
2301,光寶科,34,28,6,元富-林園,2023-08-24,5927
00900,富邦特選高股息30,8,2,6,元富-林園,2023-08-24,5927
2382,廣達,25,20,5,元富-林園,2023-08-24,5927
1460,宏遠,5,0,5,元富-林園,2023-08-24,5927
00917,中信特選金融,5,0,5,元富-林園,2023-08-24,5927
00637L,元大滬深300正2,47,42,5,元富-林園,2023-08-24,5927
00715L,期街口布蘭特正2,5,0,5,元富-林園,2023-08-24,5927
1802,台玻,5,0,5,元富-林園,2023-08-24,5927
2106,建大,5,0,5,元富-林園,2023-08-24,5927
2419,仲琦,21,16,5,元富-林園,2023-08-24,5927
2457,飛宏,7,2,5,元富-林園,2023-08-24,5927
2492,華新科,5,0,5,元富-林園,2023-08-24,5927
2609,陽明,29,24,5,元富-林園,2023-08-24,5927
3017,奇鋐,222,31,191,元富-林園,2023-08-25,5927
3231,緯創,195,59,136,元富-林園,2023-08-25,5927
00637L,元大滬深300正2,130,6,124,元富-林園,2023-08-25,5927
00878,國泰永續高股息,112,0,112,元富-林園,2023-08-25,5927
2363,矽統,131,90,41,元富-林園,2023-08-25,5927
00632R,元大台灣50反1,40,0,40,元富-林園,2023-08-25,5927
00929,復華台灣科技優息,46,11,35,元富-林園,2023-08-25,5927
2886,兆豐金,34,4,30,元富-林園,2023-08-25,5927
2002,中鋼,29,0,29,元富-林園,2023-08-25,5927
3694,海華,32,5,27,元富-林園,2023-08-25,5927
2520,冠德,24,0,24,元富-林園,2023-08-25,5927
4207,環泰,25,1,24,元富-林園,2023-08-25,5927
00919,群益台灣精選高息,22,0,22,元富-林園,2023-08-25,5927
1519,華城,23,2,21,元富-林園,2023-08-25,5927
3051,力特,20,0,20,元富-林園,2023-08-25,5927
6418,詠昇,20,0,20,元富-林園,2023-08-25,5927
0056,元大高股息,20,0,20,元富-林園,2023-08-25,5927
2610,華航,26,7,19,元富-林園,2023-08-25,5927
4938,和碩,23,4,19,元富-林園,2023-08-25,5927
00757,統一FANG+,18,0,18,元富-林園,2023-08-25,5927
00900,富邦特選高股息30,18,0,18,元富-林園,2023-08-25,5927
4543,萬在,19,1,18,元富-林園,2023-08-25,5927
2328,廣宇,17,0,17,元富-林園,2023-08-25,5927
2618,長榮航,23,7,16,元富-林園,2023-08-25,5927
2634,漢翔,37,22,15,元富-林園,2023-08-25,5927
2301,光寶科,21,7,14,元富-林園,2023-08-25,5927
5483,中美晶,16,2,14,元富-林園,2023-08-25,5927
2449,京元電子,110,96,14,元富-林園,2023-08-25,5927
2382,廣達,34,21,13,元富-林園,2023-08-25,5927
1303,南亞,13,0,13,元富-林園,2023-08-25,5927
1529,樂事綠能,13,0,13,元富-林園,2023-08-25,5927
3227,原相,17,4,13,元富-林園,2023-08-25,5927
3035,智原,18,6,12,元富-林園,2023-08-25,5927
2399,映泰,11,0,11,元富-林園,2023-08-25,5927
2630,亞航,19,8,11,元富-林園,2023-08-25,5927
4944,兆遠,11,0,11,元富-林園,2023-08-25,5927
6770,力積電,11,0,11,元富-林園,2023-08-25,5927
2890,永豐金,10,0,10,元富-林園,2023-08-25,5927
00931B,統一美債20年,10,0,10,元富-林園,2023-08-25,5927
00753L,中信中國50正2,10,0,10,元富-林園,2023-08-25,5927
00830,國泰費城半導體,10,0,10,元富-林園,2023-08-25,5927
1905,華紙,10,0,10,元富-林園,2023-08-25,5927
2062,橋椿,10,0,10,元富-林園,2023-08-25,5927
2354,鴻準,10,0,10,元富-林園,2023-08-25,5927
2845,遠東銀,10,0,10,元富-林園,2023-08-25,5927
3032,偉訓,10,0,10,元富-林園,2023-08-25,5927
4542,科嶠,21,11,10,元富-林園,2023-08-25,5927
2353,宏��,10,0,10,元富-林園,2023-08-25,5927
5880,合庫金,9,0,9,元富-林園,2023-08-25,5927
1101,台泥,9,0,9,元富-林園,2023-08-25,5927
00929,復華台灣科技優息,116,10,106,元富-林園,2023-08-28,5927
2883,凱基金,100,4,96,元富-林園,2023-08-28,5927
2323,中環,92,18,74,元富-林園,2023-08-28,5927
2603,長榮,73,0,73,元富-林園,2023-08-28,5927
4967,十銓,71,0,71,元富-林園,2023-08-28,5927
2618,長榮航,59,1,58,元富-林園,2023-08-28,5927
00655L,國泰中國A50正2,100,50,50,元富-林園,2023-08-28,5927
00878,國泰永續高股息,30,2,28,元富-林園,2023-08-28,5927
2888,新光金,30,2,28,元富-林園,2023-08-28,5927
2332,友訊,24,1,23,元富-林園,2023-08-28,5927
2359,所羅門,45,24,21,元富-林園,2023-08-28,5927
2303,聯電,91,71,20,元富-林園,2023-08-28,5927
5608,四維航,20,0,20,元富-林園,2023-08-28,5927
1737,臺鹽,25,7,18,元富-林園,2023-08-28,5927
2605,新興,16,0,16,元富-林園,2023-08-28,5927
5381,合正,16,0,16,元富-林園,2023-08-28,5927
00919,群益台灣精選高息,15,0,15,元富-林園,2023-08-28,5927
6125,廣運,21,6,15,元富-林園,2023-08-28,5927
2610,華航,25,10,15,元富-林園,2023-08-28,5927
2485,兆赫,41,27,14,元富-林園,2023-08-28,5927
4167,松瑞藥,14,0,14,元富-林園,2023-08-28,5927
8105,凌巨,14,0,14,元富-林園,2023-08-28,5927
3037,欣興,16,3,13,元富-林園,2023-08-28,5927
2388,威盛,22,9,13,元富-林園,2023-08-28,5927
6153,嘉聯益,12,0,12,元富-林園,2023-08-28,5927
1305,華夏,11,0,11,元富-林園,2023-08-28,5927
3710,連展投控,11,0,11,元富-林園,2023-08-28,5927
8289,泰藝,11,0,11,元富-林園,2023-08-28,5927
1519,華城,28,18,10,元富-林園,2023-08-28,5927
1529,樂事綠能,10,0,10,元富-林園,2023-08-28,5927
2313,華通,10,0,10,元富-林園,2023-08-28,5927
2427,三商電,10,0,10,元富-林園,2023-08-28,5927
2723,美食-KY,12,2,10,元富-林園,2023-08-28,5927
3289,宜特,10,0,10,元富-林園,2023-08-28,5927
4977,眾達-KY,11,1,10,元富-林園,2023-08-28,5927
5314,世紀,10,0,10,元富-林園,2023-08-28,5927
5353,台林,10,0,10,元富-林園,2023-08-28,5927
5386,青雲,10,0,10,元富-林園,2023-08-28,5927
00687B,國泰20年美債,10,1,9,元富-林園,2023-08-28,5927
4906,正文,39,30,9,元富-林園,2023-08-28,5927
2887,台新金,10,1,9,元富-林園,2023-08-28,5927
2301,光寶科,10,2,8,元富-林園,2023-08-28,5927
1568,倉佑,8,0,8,元富-林園,2023-08-28,5927
2425,承啟,7,0,7,元富-林園,2023-08-28,5927
6477,安集,7,0,7,元富-林園,2023-08-28,5927
8028,昇陽半導體,7,0,7,元富-林園,2023-08-28,5927
3715,定穎投控,9,2,7,元富-林園,2023-08-28,5927
2884,玉山金,6,0,6,元富-林園,2023-08-28,5927
3481,群創,43,37,6,元富-林園,2023-08-28,5927
3021,鴻名,6,0,6,元富-林園,2023-08-28,5927
2891,中信金,290,3,287,元富-林園,2023-08-29,5927
2002,中鋼,109,11,98,元富-林園,2023-08-29,5927
00929,復華台灣科技優息,76,1,75,元富-林園,2023-08-29,5927
1471,首利,60,3,57,元富-林園,2023-08-29,5927
3308,聯德,57,6,51,元富-林園,2023-08-29,5927
2303,聯電,47,1,46,元富-林園,2023-08-29,5927
2402,毅嘉,59,19,40,元富-林園,2023-08-29,5927
00919,群益台灣精選高息,36,0,36,元富-林園,2023-08-29,5927
2317,鴻海,70,40,30,元富-林園,2023-08-29,5927
3231,緯創,36,6,30,元富-林園,2023-08-29,5927
2363,矽統,93,73,20,元富-林園,2023-08-29,5927
3078,僑威,20,0,20,元富-林園,2023-08-29,5927
6167,久正,22,2,20,元富-林園,2023-08-29,5927
2618,長榮航,18,1,17,元富-林園,2023-08-29,5927
1709,和益,16,0,16,元富-林園,2023-08-29,5927
5009,榮剛,15,2,13,元富-林園,2023-08-29,5927
2614,東森,14,2,12,元富-林園,2023-08-29,5927
6443,元晶,15,4,11,元富-林園,2023-08-29,5927
1608,華榮,10,0,10,元富-林園,2023-08-29,5927
2032,新鋼,10,0,10,元富-林園,2023-08-29,5927
2324,仁寶,11,1,10,元富-林園,2023-08-29,5927
2328,廣宇,10,0,10,元富-林園,2023-08-29,5927
2748,雲品,10,0,10,元富-林園,2023-08-29,5927
4944,兆遠,10,0,10,元富-林園,2023-08-29,5927
2356,英業達,24,16,8,元富-林園,2023-08-29,5927
2014,中鴻,8,0,8,元富-林園,2023-08-29,5927
2312,金寶,8,0,8,元富-林園,2023-08-29,5927
2484,希華,12,4,8,元富-林園,2023-08-29,5927
6244,茂迪,24,16,8,元富-林園,2023-08-29,5927
8222,寶一,18,10,8,元富-林園,2023-08-29,5927
2323,中環,13,6,7,元富-林園,2023-08-29,5927
2485,兆赫,10,3,7,元富-林園,2023-08-29,5927
3289,宜特,7,0,7,元富-林園,2023-08-29,5927
4167,松瑞藥,7,0,7,元富-林園,2023-08-29,5927
6188,廣明,18,12,6,元富-林園,2023-08-29,5927
2301,光寶科,6,1,5,元富-林園,2023-08-29,5927
1504,東元,18,13,5,元富-林園,2023-08-29,5927
1903,士紙,5,0,5,元富-林園,2023-08-29,5927
2405,輔信,5,0,5,元富-林園,2023-08-29,5927
3189,景碩,5,0,5,元富-林園,2023-08-29,5927
5880,合庫金,5,0,5,元富-林園,2023-08-29,5927
00917,中信特選金融,4,0,4,元富-林園,2023-08-29,5927
3060,銘異,4,0,4,元富-林園,2023-08-29,5927
4532,瑞智,13,9,4,元富-林園,2023-08-29,5927
5371,中光電,4,0,4,元富-林園,2023-08-29,5927
3481,群創,6,3,3,元富-林園,2023-08-29,5927
1215,卜蜂,3,0,3,元富-林園,2023-08-29,5927
1303,南亞,3,0,3,元富-林園,2023-08-29,5927
1802,台玻,6,3,3,元富-林園,2023-08-29,5927
1904,正隆,3,0,3,元富-林園,2023-08-29,5927
00637L,元大滬深300正2,203,0,203,元富-林園,2023-08-30,5927
2486,一詮,100,0,100,元富-林園,2023-08-30,5927
911868,同方友友-DR,100,0,100,元富-林園,2023-08-30,5927
3481,群創,63,1,62,元富-林園,2023-08-30,5927
3710,連展投控,50,0,50,元富-林園,2023-08-30,5927
6125,廣運,29,0,29,元富-林園,2023-08-30,5927
2834,臺企銀,26,0,26,元富-林園,2023-08-30,5927
3090,日電貿,25,0,25,元富-林園,2023-08-30,5927
2618,長榮航,38,15,23,元富-林園,2023-08-30,5927
2369,菱生,27,5,22,元富-林園,2023-08-30,5927
5469,瀚宇博,22,1,21,元富-林園,2023-08-30,5927
2891,中信金,20,0,20,元富-林園,2023-08-30,5927
4513,福裕,19,0,19,元富-林園,2023-08-30,5927
2610,華航,33,15,18,元富-林園,2023-08-30,5927
6117,迎廣,18,0,18,元富-林園,2023-08-30,5927
3264,欣銓,22,5,17,元富-林園,2023-08-30,5927
2605,新興,17,2,15,元富-林園,2023-08-30,5927
8033,雷虎,20,6,14,元富-林園,2023-08-30,5927
2023,燁輝,24,11,13,元富-林園,2023-08-30,5927
1217,愛之味,12,0,12,元富-林園,2023-08-30,5927
1402,遠東新,12,0,12,元富-林園,2023-08-30,5927
1609,大亞,13,2,11,元富-林園,2023-08-30,5927
2457,飛宏,11,0,11,元富-林園,2023-08-30,5927
2324,仁寶,11,1,10,元富-林園,2023-08-30,5927
1313,聯成,10,0,10,元富-林園,2023-08-30,5927
00907,永豐優息存股,10,0,10,元富-林園,2023-08-30,5927
1568,倉佑,10,0,10,元富-林園,2023-08-30,5927
2409,友達,10,0,10,元富-林園,2023-08-30,5927
2356,英業達,25,16,9,元富-林園,2023-08-30,5927
8112,至上,9,0,9,元富-林園,2023-08-30,5927
5009,榮剛,25,16,9,元富-林園,2023-08-30,5927
2365,昆盈,13,5,8,元富-林園,2023-08-30,5927
2731,雄獅,8,0,8,元富-林園,2023-08-30,5927
00929,復華台灣科技優息,9,2,7,元富-林園,2023-08-30,5927
3021,鴻名,7,0,7,元富-林園,2023-08-30,5927
2465,麗臺,6,0,6,元富-林園,2023-08-30,5927
3088,艾訊,6,0,6,元富-林園,2023-08-30,5927
4128,中天,7,1,6,元富-林園,2023-08-30,5927
6114,久威,6,0,6,元富-林園,2023-08-30,5927
6282,康舒,21,15,6,元富-林園,2023-08-30,5927
3588,通嘉,7,1,6,元富-林園,2023-08-30,5927
00712,復華富時不動產,5,0,5,元富-林園,2023-08-30,5927
2344,華邦電,43,38,5,元富-林園,2023-08-30,5927
4968,立積,5,0,5,元富-林園,2023-08-30,5927
5608,四維航,5,0,5,元富-林園,2023-08-30,5927
6443,元晶,5,0,5,元富-林園,2023-08-30,5927
3231,緯創,27,22,5,元富-林園,2023-08-30,5927
2027,大成鋼,5,1,4,元富-林園,2023-08-30,5927
2314,台揚,4,0,4,元富-林園,2023-08-30,5927
2331,精英,21,17,4,元富-林園,2023-08-30,5927
00687B,國泰20年美債,177,0,177,元富-林園,2023-08-31,5927
00642U,期元大S＆P石油,100,0,100,元富-林園,2023-08-31,5927
2323,中環,55,3,52,元富-林園,2023-08-31,5927
2337,旺宏,59,14,45,元富-林園,2023-08-31,5927
1802,台玻,51,15,36,元富-林園,2023-08-31,5927
3481,群創,35,0,35,元富-林園,2023-08-31,5927
2401,凌陽,46,14,32,元富-林園,2023-08-31,5927
2405,輔信,27,0,27,元富-林園,2023-08-31,5927
3043,科風,26,0,26,元富-林園,2023-08-31,5927
2303,聯電,26,1,25,元富-林園,2023-08-31,5927
00878,國泰永續高股息,27,4,23,元富-林園,2023-08-31,5927
2890,永豐金,22,0,22,元富-林園,2023-08-31,5927
6126,信音,23,1,22,元富-林園,2023-08-31,5927
2883,凱基金,21,0,21,元富-林園,2023-08-31,5927
2332,友訊,22,1,21,元富-林園,2023-08-31,5927
2891,中信金,26,5,21,元富-林園,2023-08-31,5927
2618,長榮航,30,10,20,元富-林園,2023-08-31,5927
3432,台端,20,0,20,元富-林園,2023-08-31,5927
3617,碩天,23,3,20,元富-林園,2023-08-31,5927
9939,宏全,20,0,20,元富-林園,2023-08-31,5927
2331,精英,26,7,19,元富-林園,2023-08-31,5927
2892,第一金,17,0,17,元富-林園,2023-08-31,5927
2816,旺旺保,16,1,15,元富-林園,2023-08-31,5927
2301,光寶科,15,1,14,元富-林園,2023-08-31,5927
2324,仁寶,22,9,13,元富-林園,2023-08-31,5927
1217,愛之味,13,1,12,元富-林園,2023-08-31,5927
6190,萬泰科,12,0,12,元富-林園,2023-08-31,5927
1514,亞力,16,5,11,元富-林園,2023-08-31,5927
1709,和益,11,0,11,元富-林園,2023-08-31,5927
3715,定穎投控,13,3,10,元富-林園,2023-08-31,5927
2312,金寶,11,1,10,元富-林園,2023-08-31,5927
2610,華航,37,27,10,元富-林園,2023-08-31,5927
2885,元大金,11,1,10,元富-林園,2023-08-31,5927
3213,茂訊,10,0,10,元富-林園,2023-08-31,5927
5301,寶得利,10,0,10,元富-林園,2023-08-31,5927
6431,光麗-KY,10,0,10,元富-林園,2023-08-31,5927
2390,云辰,11,3,8,元富-林園,2023-08-31,5927
2601,益航,8,0,8,元富-林園,2023-08-31,5927
4513,福裕,8,0,8,元富-林園,2023-08-31,5927
00929,復華台灣科技優息,9,2,7,元富-林園,2023-08-31,5927
2880,華南金,7,0,7,元富-林園,2023-08-31,5927
2485,兆赫,22,15,7,元富-林園,2023-08-31,5927
3176,基亞,7,0,7,元富-林園,2023-08-31,5927
5443,均豪,7,0,7,元富-林園,2023-08-31,5927
2002,中鋼,6,0,6,元富-林園,2023-08-31,5927
1301,台塑,6,0,6,元富-林園,2023-08-31,5927
2367,燿華,18,12,6,元富-林園,2023-08-31,5927
6153,嘉聯益,8,2,6,元富-林園,2023-08-31,5927
6167,久正,10,4,6,元富-林園,2023-08-31,5927
6669,緯穎,6,1,5,元富-林園,2023-08-31,5927
2891,中信金,250,100,150,元富-林園,2023-09-01,5927
3308,聯德,115,29,86,元富-林園,2023-09-01,5927
00929,復華台灣科技優息,64,0,64,元富-林園,2023-09-01,5927
00919,群益台灣精選高息,63,0,63,元富-林園,2023-09-01,5927
3231,緯創,74,15,59,元富-林園,2023-09-01,5927
2884,玉山金,51,0,51,元富-林園,2023-09-01,5927
00932,兆豐永續高息等權,31,0,31,元富-林園,2023-09-01,5927
3706,神達,40,10,30,元富-林園,2023-09-01,5927
00673R,期元大S＆P原油反1,25,0,25,元富-林園,2023-09-01,5927
3432,台端,22,0,22,元富-林園,2023-09-01,5927
1444,力麗,21,0,21,元富-林園,2023-09-01,5927
2402,毅嘉,87,66,21,元富-林園,2023-09-01,5927
5488,松普,21,0,21,元富-林園,2023-09-01,5927
2359,所羅門,23,3,20,元富-林園,2023-09-01,5927
3033,威健,20,0,20,元富-林園,2023-09-01,5927
8088,品安,21,1,20,元富-林園,2023-09-01,5927
2356,英業達,40,21,19,元富-林園,2023-09-01,5927
2328,廣宇,18,0,18,元富-林園,2023-09-01,5927
2027,大成鋼,16,0,16,元富-林園,2023-09-01,5927
2363,矽統,117,101,16,元富-林園,2023-09-01,5927
6120,達運,16,0,16,元富-林園,2023-09-01,5927
4938,和碩,15,1,14,元富-林園,2023-09-01,5927
2329,華泰,50,37,13,元富-林園,2023-09-01,5927
3622,洋華,13,0,13,元富-林園,2023-09-01,5927
1609,大亞,22,10,12,元富-林園,2023-09-01,5927
2401,凌陽,15,3,12,元富-林園,2023-09-01,5927
6167,久正,13,1,12,元富-林園,2023-09-01,5927
1471,首利,13,2,11,元富-林園,2023-09-01,5927
2485,兆赫,41,30,11,元富-林園,2023-09-01,5927
1463,強盛新,10,0,10,元富-林園,2023-09-01,5927
00921,兆豐龍頭等權重,10,0,10,元富-林園,2023-09-01,5927
2206,三陽工業,15,5,10,元富-林園,2023-09-01,5927
2482,連宇,11,1,10,元富-林園,2023-09-01,5927
2605,新興,10,0,10,元富-林園,2023-09-01,5927
3042,晶技,10,0,10,元富-林園,2023-09-01,5927
3047,訊舟,10,0,10,元富-林園,2023-09-01,5927
4977,眾達-KY,15,5,10,元富-林園,2023-09-01,5927
5469,瀚宇博,20,10,10,元富-林園,2023-09-01,5927
6547,高端疫苗,37,27,10,元富-林園,2023-09-01,5927
9939,宏全,10,0,10,元富-林園,2023-09-01,5927
2383,台光電,14,5,9,元富-林園,2023-09-01,5927
2457,飛宏,11,2,9,元富-林園,2023-09-01,5927
3037,欣興,14,6,8,元富-林園,2023-09-01,5927
5301,寶得利,8,0,8,元富-林園,2023-09-01,5927
5381,合正,10,2,8,元富-林園,2023-09-01,5927
9950,萬國通,20,12,8,元富-林園,2023-09-01,5927
1216,統一,7,0,7,元富-林園,2023-09-01,5927
3060,銘異,8,1,7,元富-林園,2023-09-01,5927
3363,上詮,17,10,7,元富-林園,2023-09-01,5927
4906,正文,10,3,7,元富-林園,2023-09-01,5927
2887,台新金,330,0,330,元富-林園,2023-09-04,5927
2323,中環,98,5,93,元富-林園,2023-09-04,5927
00919,群益台灣精選高息,75,3,72,元富-林園,2023-09-04,5927
5210,寶碩,53,0,53,元富-林園,2023-09-04,5927
3308,聯德,61,9,52,元富-林園,2023-09-04,5927
00929,復華台灣科技優息,49,5,44,元富-林園,2023-09-04,5927
5381,合正,66,31,35,元富-林園,2023-09-04,5927
3481,群創,46,13,33,元富-林園,2023-09-04,5927
2358,廷鑫,30,0,30,元富-林園,2023-09-04,5927
2527,宏璟,30,0,30,元富-林園,2023-09-04,5927
2369,菱生,39,12,27,元富-林園,2023-09-04,5927
2312,金寶,26,0,26,元富-林園,2023-09-04,5927
2634,漢翔,43,17,26,元富-林園,2023-09-04,5927
00715L,期街口布蘭特正2,21,0,21,元富-林園,2023-09-04,5927
2331,精英,23,2,21,元富-林園,2023-09-04,5927
00830,國泰費城半導體,20,0,20,元富-林園,2023-09-04,5927
2405,輔信,20,0,20,元富-林園,2023-09-04,5927
00638R,元大滬深300反1,19,0,19,元富-林園,2023-09-04,5927
2485,兆赫,62,44,18,元富-林園,2023-09-04,5927
6235,華孚,21,3,18,元富-林園,2023-09-04,5927
2402,毅嘉,165,148,17,元富-林園,2023-09-04,5927
1802,台玻,36,20,16,元富-林園,2023-09-04,5927
2367,燿華,26,10,16,元富-林園,2023-09-04,5927
5328,華容,18,2,16,元富-林園,2023-09-04,5927
2324,仁寶,18,3,15,元富-林園,2023-09-04,5927
5469,瀚宇博,16,1,15,元富-林園,2023-09-04,5927
6122,擎邦,16,2,14,元富-林園,2023-09-04,5927
1605,華新,28,14,14,元富-林園,2023-09-04,5927
2409,友達,14,1,13,元富-林園,2023-09-04,5927
2317,鴻海,12,0,12,元富-林園,2023-09-04,5927
2328,廣宇,13,1,12,元富-林園,2023-09-04,5927
2457,飛宏,24,12,12,元富-林園,2023-09-04,5927
2618,長榮航,14,2,12,元富-林園,2023-09-04,5927
00931B,統一美債20年,11,0,11,元富-林園,2023-09-04,5927
2354,鴻準,11,0,11,元富-林園,2023-09-04,5927
6274,台燿,16,5,11,元富-林園,2023-09-04,5927
00687B,國泰20年美債,10,0,10,元富-林園,2023-09-04,5927
00915,凱基優選高股息30,10,0,10,元富-林園,2023-09-04,5927
00722B,群益投資級電信債,10,0,10,元富-林園,2023-09-04,5927
9958,世紀鋼,10,0,10,元富-林園,2023-09-04,5927
2241,艾姆勒,10,1,9,元富-林園,2023-09-04,5927
2436,偉詮電,17,8,9,元富-林園,2023-09-04,5927
5009,榮剛,15,6,9,元富-林園,2023-09-04,5927
00720B,元大投資級公司債,8,0,8,元富-林園,2023-09-04,5927
2104,國際中橡,10,2,8,元富-林園,2023-09-04,5927
2338,光罩,11,3,8,元富-林園,2023-09-04,5927
2301,光寶科,7,0,7,元富-林園,2023-09-04,5927
2365,昆盈,13,7,6,元富-林園,2023-09-04,5927
2834,臺企銀,6,0,6,元富-林園,2023-09-04,5927
3217,優群,7,1,6,元富-林園,2023-09-04,5927
2323,中環,82,1,81,元富-林園,2023-09-05,5927
2610,華航,71,1,70,元富-林園,2023-09-05,5927
5457,宣德,44,1,43,元富-林園,2023-09-05,5927
3379,彬台,42,0,42,元富-林園,2023-09-05,5927
00929,復華台灣科技優息,49,8,41,元富-林園,2023-09-05,5927
00637L,元大滬深300正2,41,0,41,元富-林園,2023-09-05,5927
4906,正文,55,20,35,元富-林園,2023-09-05,5927
9945,潤泰新,30,0,30,元富-林園,2023-09-05,5927
2358,廷鑫,50,21,29,元富-林園,2023-09-05,5927
1471,首利,41,14,27,元富-林園,2023-09-05,5927
00882,中信中國高股息,23,0,23,元富-林園,2023-09-05,5927
2618,長榮航,20,0,20,元富-林園,2023-09-05,5927
6217,中探針,18,0,18,元富-林園,2023-09-05,5927
5009,榮剛,16,0,16,元富-林園,2023-09-05,5927
3306,鼎天,15,0,15,元富-林園,2023-09-05,5927
6243,迅杰,15,0,15,元富-林園,2023-09-05,5927
2495,普安,13,0,13,元富-林園,2023-09-05,5927
00931B,統一美債20年,12,0,12,元富-林園,2023-09-05,5927
00720B,元大投資級公司債,12,0,12,元富-林園,2023-09-05,5927
2913,農林,12,0,12,元富-林園,2023-09-05,5927
00679B,元大美債20年,11,0,11,元富-林園,2023-09-05,5927
2314,台揚,11,0,11,元富-林園,2023-09-05,5927
2337,旺宏,21,10,11,元富-林園,2023-09-05,5927
00713,元大台灣高息低波,11,0,11,元富-林園,2023-09-05,5927
2881,富邦金,11,0,11,元富-林園,2023-09-05,5927
6547,高端疫苗,12,1,11,元富-林園,2023-09-05,5927
1584,精剛,10,0,10,元富-林園,2023-09-05,5927
1808,潤隆,9,0,9,元富-林園,2023-09-05,5927
2344,華邦電,11,2,9,元富-林園,2023-09-05,5927
3491,昇達科,9,0,9,元富-林園,2023-09-05,5927
6684,安格,10,1,9,元富-林園,2023-09-05,5927
1308,亞聚,9,1,8,元富-林園,2023-09-05,5927
3508,位速,8,0,8,元富-林園,2023-09-05,5927
4944,兆遠,8,0,8,元富-林園,2023-09-05,5927
4960,誠美材,8,0,8,元富-林園,2023-09-05,5927
5469,瀚宇博,36,28,8,元富-林園,2023-09-05,5927
00687B,國泰20年美債,7,0,7,元富-林園,2023-09-05,5927
1101,台泥,7,0,7,元富-林園,2023-09-05,5927
2029,盛餘,7,0,7,元富-林園,2023-09-05,5927
2465,麗臺,8,1,7,元富-林園,2023-09-05,5927
6548,長科*,7,0,7,元富-林園,2023-09-05,5927
3231,緯創,25,18,7,元富-林園,2023-09-05,5927
1802,台玻,8,2,6,元富-林園,2023-09-05,5927
2332,友訊,6,0,6,元富-林園,2023-09-05,5927
6275,元山,6,0,6,元富-林園,2023-09-05,5927
00753L,中信中國50正2,5,0,5,元富-林園,2023-09-05,5927
1907,永豐餘,5,0,5,元富-林園,2023-09-05,5927
2890,永豐金,5,0,5,元富-林園,2023-09-05,5927
3338,泰碩,8,3,5,元富-林園,2023-09-05,5927
6112,邁達特,5,0,5,元富-林園,2023-09-05,5927
00637L,元大滬深300正2,470,120,350,元富-林園,2023-09-06,5927
8215,明基材,100,0,100,元富-林園,2023-09-06,5927
3481,群創,113,14,99,元富-林園,2023-09-06,5927
00929,復華台灣科技優息,153,58,95,元富-林園,2023-09-06,5927
2358,廷鑫,101,12,89,元富-林園,2023-09-06,5927
2401,凌陽,80,8,72,元富-林園,2023-09-06,5927
2409,友達,73,4,69,元富-林園,2023-09-06,5927
3043,科風,77,14,63,元富-林園,2023-09-06,5927
1101,台泥,42,1,41,元富-林園,2023-09-06,5927
2402,毅嘉,47,14,33,元富-林園,2023-09-06,5927
4542,科嶠,30,0,30,元富-林園,2023-09-06,5927
5302,太欣,30,0,30,元富-林園,2023-09-06,5927
2324,仁寶,33,4,29,元富-林園,2023-09-06,5927
00878,國泰永續高股息,29,3,26,元富-林園,2023-09-06,5927
00931B,統一美債20年,24,0,24,元富-林園,2023-09-06,5927
2329,華泰,37,14,23,元富-林園,2023-09-06,5927
2367,燿華,27,4,23,元富-林園,2023-09-06,5927
1802,台玻,22,0,22,元富-林園,2023-09-06,5927
3037,欣興,29,7,22,元富-林園,2023-09-06,5927
2618,長榮航,22,1,21,元富-林園,2023-09-06,5927
2314,台揚,20,0,20,元富-林園,2023-09-06,5927
8183,精星,20,0,20,元富-林園,2023-09-06,5927
00919,群益台灣精選高息,20,3,17,元富-林園,2023-09-06,5927
2363,矽統,171,155,16,元富-林園,2023-09-06,5927
00673R,期元大S＆P原油反1,15,0,15,元富-林園,2023-09-06,5927
3715,定穎投控,21,6,15,元富-林園,2023-09-06,5927
1504,東元,18,4,14,元富-林園,2023-09-06,5927
6139,亞翔,17,3,14,元富-林園,2023-09-06,5927
6160,欣技,14,0,14,元富-林園,2023-09-06,5927
2436,偉詮電,21,9,12,元富-林園,2023-09-06,5927
2002,中鋼,11,0,11,元富-林園,2023-09-06,5927
1216,統一,11,0,11,元富-林園,2023-09-06,5927
5381,合正,19,8,11,元富-林園,2023-09-06,5927
6116,彩晶,12,1,11,元富-林園,2023-09-06,5927
00720B,元大投資級公司債,10,0,10,元富-林園,2023-09-06,5927
00902,中信電池及儲能,10,0,10,元富-林園,2023-09-06,5927
1709,和益,10,0,10,元富-林園,2023-09-06,5927
2029,盛餘,10,0,10,元富-林園,2023-09-06,5927
2338,光罩,10,0,10,元富-林園,2023-09-06,5927
3338,泰碩,10,0,10,元富-林園,2023-09-06,5927
8426,紅木-KY,12,2,10,元富-林園,2023-09-06,5927
2886,兆豐金,10,1,9,元富-林園,2023-09-06,5927
00679B,元大美債20年,10,2,8,元富-林園,2023-09-06,5927
00932,兆豐永續高息等權,8,0,8,元富-林園,2023-09-06,5927
1522,堤維西,10,2,8,元富-林園,2023-09-06,5927
2881,富邦金,8,0,8,元富-林園,2023-09-06,5927
3706,神達,9,2,7,元富-林園,2023-09-06,5927
2317,鴻海,7,0,7,元富-林園,2023-09-06,5927
3169,亞信,7,0,7,元富-林園,2023-09-06,5927
4533,協易機,11,4,7,元富-林園,2023-09-06,5927
00637L,元大滬深300正2,252,60,192,元富-林園,2023-09-07,5927
00671R,富邦NASDAQ反1,158,0,158,元富-林園,2023-09-07,5927
1471,首利,71,3,68,元富-林園,2023-09-07,5927
2610,華航,58,5,53,元富-林園,2023-09-07,5927
2332,友訊,43,0,43,元富-林園,2023-09-07,5927
2630,亞航,40,1,39,元富-林園,2023-09-07,5927
2891,中信金,31,0,31,元富-林園,2023-09-07,5927
00919,群益台灣精選高息,51,21,30,元富-林園,2023-09-07,5927
2495,普安,29,0,29,元富-林園,2023-09-07,5927
00932,兆豐永續高息等權,28,0,28,元富-林園,2023-09-07,5927
3306,鼎天,36,9,27,元富-林園,2023-09-07,5927
4542,科嶠,27,0,27,元富-林園,2023-09-07,5927
2401,凌陽,38,12,26,元富-林園,2023-09-07,5927
3481,群創,27,2,25,元富-林園,2023-09-07,5927
2485,兆赫,67,42,25,元富-林園,2023-09-07,5927
00929,復華台灣科技優息,97,72,25,元富-林園,2023-09-07,5927
6148,驊宏資,24,0,24,元富-林園,2023-09-07,5927
1802,台玻,22,0,22,元富-林園,2023-09-07,5927
00878,國泰永續高股息,25,4,21,元富-林園,2023-09-07,5927
9934,成霖,20,0,20,元富-林園,2023-09-07,5927
3231,緯創,17,2,15,元富-林園,2023-09-07,5927
4147,中裕,14,1,13,元富-林園,2023-09-07,5927
2880,華南金,12,0,12,元富-林園,2023-09-07,5927
3338,泰碩,30,18,12,元富-林園,2023-09-07,5927
2027,大成鋼,11,0,11,元富-林園,2023-09-07,5927
00683L,期元大美元指正2,11,0,11,元富-林園,2023-09-07,5927
2436,偉詮電,20,10,10,元富-林園,2023-09-07,5927
2002,中鋼,10,0,10,元富-林園,2023-09-07,5927
3305,昇貿,10,0,10,元富-林園,2023-09-07,5927
00795B,中信美國公債20年,10,0,10,元富-林園,2023-09-07,5927
00673R,期元大S＆P原油反1,10,0,10,元富-林園,2023-09-07,5927
1440,南紡,10,0,10,元富-林園,2023-09-07,5927
2409,友達,15,5,10,元富-林園,2023-09-07,5927
4173,久裕,10,0,10,元富-林園,2023-09-07,5927
4906,正文,10,0,10,元富-林園,2023-09-07,5927
5469,瀚宇博,12,2,10,元富-林園,2023-09-07,5927
6168,宏齊,10,0,10,元富-林園,2023-09-07,5927
6770,力積電,10,0,10,元富-林園,2023-09-07,5927
8034,榮群,10,0,10,元富-林園,2023-09-07,5927
1324,地球,10,1,9,元富-林園,2023-09-07,5927
2328,廣宇,17,8,9,元富-林園,2023-09-07,5927
3704,合勤控,37,28,9,元富-林園,2023-09-07,5927
2324,仁寶,11,3,8,元富-林園,2023-09-07,5927
6274,台燿,17,10,7,元富-林園,2023-09-07,5927
00712,復華富時不動產,7,0,7,元富-林園,2023-09-07,5927
4763,材料-KY,7,0,7,元富-林園,2023-09-07,5927
1101,台泥,8,1,7,元富-林園,2023-09-07,5927
1314,中石化,6,0,6,元富-林園,2023-09-07,5927
1444,力麗,6,0,6,元富-林園,2023-09-07,5927
1612,宏泰,8,2,6,元富-林園,2023-09-07,5927
00637L,元大滬深300正2,198,20,178,元富-林園,2023-09-08,5927
00929,復華台灣科技優息,151,3,148,元富-林園,2023-09-08,5927
2409,友達,63,7,56,元富-林園,2023-09-08,5927
6125,廣運,52,0,52,元富-林園,2023-09-08,5927
2618,長榮航,56,5,51,元富-林園,2023-09-08,5927
00919,群益台灣精選高息,37,2,35,元富-林園,2023-09-08,5927
2323,中環,35,1,34,元富-林園,2023-09-08,5927
1314,中石化,31,0,31,元富-林園,2023-09-08,5927
2610,華航,27,0,27,元富-林園,2023-09-08,5927
00673R,期元大S＆P原油反1,20,0,20,元富-林園,2023-09-08,5927
00772B,中信高評級公司債,20,0,20,元富-林園,2023-09-08,5927
3704,合勤控,38,18,20,元富-林園,2023-09-08,5927
8222,寶一,49,31,18,元富-林園,2023-09-08,5927
00932,兆豐永續高息等權,17,0,17,元富-林園,2023-09-08,5927
2419,仲琦,20,3,17,元富-林園,2023-09-08,5927
2485,兆赫,20,4,16,元富-林園,2023-09-08,5927
2887,台新金,14,0,14,元富-林園,2023-09-08,5927
5469,瀚宇博,15,1,14,元富-林園,2023-09-08,5927
2332,友訊,13,0,13,元富-林園,2023-09-08,5927
2367,燿華,13,0,13,元富-林園,2023-09-08,5927
3078,僑威,13,1,12,元富-林園,2023-09-08,5927
3308,聯德,16,4,12,元富-林園,2023-09-08,5927
3481,群創,16,4,12,元富-林園,2023-09-08,5927
2371,大同,12,1,11,元富-林園,2023-09-08,5927
2330,台積電,11,0,11,元富-林園,2023-09-08,5927
3363,上詮,31,21,10,元富-林園,2023-09-08,5927
1455,集盛,10,0,10,元富-林園,2023-09-08,5927
4564,元翎,10,0,10,元富-林園,2023-09-08,5927
5483,中美晶,14,4,10,元富-林園,2023-09-08,5927
6117,迎廣,10,0,10,元富-林園,2023-09-08,5927
6191,精成科,20,10,10,元富-林園,2023-09-08,5927
6792,詠業,10,0,10,元富-林園,2023-09-08,5927
9938,百和,10,0,10,元富-林園,2023-09-08,5927
3014,聯陽,13,3,10,元富-林園,2023-09-08,5927
1101,台泥,9,0,9,元富-林園,2023-09-08,5927
2352,佳世達,8,0,8,元富-林園,2023-09-08,5927
2614,東森,8,0,8,元富-林園,2023-09-08,5927
2913,農林,11,3,8,元富-林園,2023-09-08,5927
2486,一詮,21,14,7,元富-林園,2023-09-08,5927
2495,普安,7,0,7,元富-林園,2023-09-08,5927
9105,泰金寶-DR,11,4,7,元富-林園,2023-09-08,5927
6168,宏齊,6,0,6,元富-林園,2023-09-08,5927
2314,台揚,6,0,6,元富-林園,2023-09-08,5927
2358,廷鑫,15,9,6,元富-林園,2023-09-08,5927
2421,建準,35,29,6,元富-林園,2023-09-08,5927
5351,鈺創,14,8,6,元富-林園,2023-09-08,5927
6160,欣技,6,0,6,元富-林園,2023-09-08,5927
6282,康舒,15,9,6,元富-林園,2023-09-08,5927
8435,鉅邁,6,0,6,元富-林園,2023-09-08,5927
1319,東陽,17,11,6,元富-林園,2023-09-08,5927
2880,華南金,201,7,194,元富-林園,2023-09-11,5927
2002,中鋼,109,2,107,元富-林園,2023-09-11,5927
00929,復華台灣科技優息,104,14,90,元富-林園,2023-09-11,5927
2538,基泰,72,0,72,元富-林園,2023-09-11,5927
00878,國泰永續高股息,73,3,70,元富-林園,2023-09-11,5927
4173,久裕,58,0,58,元富-林園,2023-09-11,5927
2409,友達,61,13,48,元富-林園,2023-09-11,5927
00919,群益台灣精選高息,129,83,46,元富-林園,2023-09-11,5927
00915,凱基優選高股息30,39,0,39,元富-林園,2023-09-11,5927
0056,元大高股息,39,1,38,元富-林園,2023-09-11,5927
00918,大華優利高填息30,31,0,31,元富-林園,2023-09-11,5927
2634,漢翔,88,59,29,元富-林園,2023-09-11,5927
6125,廣運,25,0,25,元富-林園,2023-09-11,5927
2352,佳世達,46,22,24,元富-林園,2023-09-11,5927
6477,安集,23,0,23,元富-林園,2023-09-11,5927
1802,台玻,25,3,22,元富-林園,2023-09-11,5927
00932,兆豐永續高息等權,22,0,22,元富-林園,2023-09-11,5927
1810,和成,23,1,22,元富-林園,2023-09-11,5927
6770,力積電,22,0,22,元富-林園,2023-09-11,5927
00642U,期元大S＆P石油,20,0,20,元富-林園,2023-09-11,5927
2402,毅嘉,55,35,20,元富-林園,2023-09-11,5927
3567,逸昌,20,0,20,元富-林園,2023-09-11,5927
2344,華邦電,20,1,19,元富-林園,2023-09-11,5927
3311,閎暉,20,1,19,元富-林園,2023-09-11,5927
2328,廣宇,19,1,18,元富-林園,2023-09-11,5927
2312,金寶,17,0,17,元富-林園,2023-09-11,5927
00931B,統一美債20年,16,0,16,元富-林園,2023-09-11,5927
2382,廣達,32,18,14,元富-林園,2023-09-11,5927
2610,華航,46,32,14,元富-林園,2023-09-11,5927
2449,京元電子,17,4,13,元富-林園,2023-09-11,5927
2356,英業達,27,15,12,元富-林園,2023-09-11,5927
00923,群益台ESG低碳50,12,0,12,元富-林園,2023-09-11,5927
4938,和碩,11,0,11,元富-林園,2023-09-11,5927
2359,所羅門,11,0,11,元富-林園,2023-09-11,5927
3576,聯合再生,10,0,10,元富-林園,2023-09-11,5927
00720B,元大投資級公司債,10,0,10,元富-林園,2023-09-11,5927
1612,宏泰,10,0,10,元富-林園,2023-09-11,5927
1709,和益,10,0,10,元富-林園,2023-09-11,5927
2332,友訊,10,0,10,元富-林園,2023-09-11,5927
2511,太子,10,0,10,元富-林園,2023-09-11,5927
3035,智原,15,5,10,元富-林園,2023-09-11,5927
4944,兆遠,10,0,10,元富-林園,2023-09-11,5927
8112,至上,10,0,10,元富-林園,2023-09-11,5927
9934,成霖,10,0,10,元富-林園,2023-09-11,5927
1314,中石化,10,1,9,元富-林園,2023-09-11,5927
1522,堤維西,10,1,9,元富-林園,2023-09-11,5927
2388,威盛,10,1,9,元富-林園,2023-09-11,5927
3481,群創,16,8,8,元富-林園,2023-09-11,5927
00687B,國泰20年美債,8,0,8,元富-林園,2023-09-11,5927
2330,台積電,8,0,8,元富-林園,2023-09-11,5927
2002,中鋼,95,0,95,元富-林園,2023-09-12,5927
00637L,元大滬深300正2,83,0,83,元富-林園,2023-09-12,5927
3380,明泰,57,4,53,元富-林園,2023-09-12,5927
00929,復華台灣科技優息,54,23,31,元富-林園,2023-09-12,5927
00931B,統一美債20年,31,0,31,元富-林園,2023-09-12,5927
00919,群益台灣精選高息,31,0,31,元富-林園,2023-09-12,5927
2363,矽統,62,35,27,元富-林園,2023-09-12,5927
2402,毅嘉,31,6,25,元富-林園,2023-09-12,5927
5009,榮剛,20,0,20,元富-林園,2023-09-12,5927
2890,永豐金,20,1,19,元富-林園,2023-09-12,5927
6125,廣運,36,19,17,元富-林園,2023-09-12,5927
00673R,期元大S＆P原油反1,20,4,16,元富-林園,2023-09-12,5927
2891,中信金,12,0,12,元富-林園,2023-09-12,5927
3693,營邦,18,6,12,元富-林園,2023-09-12,5927
6282,康舒,31,19,12,元富-林園,2023-09-12,5927
3588,通嘉,17,5,12,元富-林園,2023-09-12,5927
2323,中環,11,0,11,元富-林園,2023-09-12,5927
6120,達運,12,1,11,元富-林園,2023-09-12,5927
2436,偉詮電,15,5,10,元富-林園,2023-09-12,5927
3049,精金,10,0,10,元富-林園,2023-09-12,5927
6189,豐藝,10,0,10,元富-林園,2023-09-12,5927
8936,國統,10,0,10,元富-林園,2023-09-12,5927
2892,第一金,10,1,9,元富-林園,2023-09-12,5927
6147,頎邦,10,1,9,元富-林園,2023-09-12,5927
1709,和益,8,0,8,元富-林園,2023-09-12,5927
4906,正文,9,1,8,元富-林園,2023-09-12,5927
2382,廣達,24,17,7,元富-林園,2023-09-12,5927
2405,輔信,39,32,7,元富-林園,2023-09-12,5927
1795,美時,7,1,6,元富-林園,2023-09-12,5927
2332,友訊,7,1,6,元富-林園,2023-09-12,5927
6117,迎廣,7,1,6,元富-林園,2023-09-12,5927
3545,敦泰,12,7,5,元富-林園,2023-09-12,5927
2345,智邦,11,6,5,元富-林園,2023-09-12,5927
1229,聯華,5,0,5,元富-林園,2023-09-12,5927
00918,大華優利高填息30,5,0,5,元富-林園,2023-09-12,5927
00713,元大台灣高息低波,5,0,5,元富-林園,2023-09-12,5927
2419,仲琦,5,0,5,元富-林園,2023-09-12,5927
2439,美律,5,0,5,元富-林園,2023-09-12,5927
3027,盛達,10,5,5,元富-林園,2023-09-12,5927
3596,智易,8,3,5,元富-林園,2023-09-12,5927
6829,千附精密,9,4,5,元富-林園,2023-09-12,5927
6123,上奇,5,0,5,元富-林園,2023-09-12,5927
8069,元太,5,0,5,元富-林園,2023-09-12,5927
8222,寶一,6,2,4,元富-林園,2023-09-12,5927
3481,群創,4,0,4,元富-林園,2023-09-12,5927
00687B,國泰20年美債,4,0,4,元富-林園,2023-09-12,5927
00915,凱基優選高股息30,4,0,4,元富-林園,2023-09-12,5927
2329,華泰,12,8,4,元富-林園,2023-09-12,5927
2883,凱基金,4,0,4,元富-林園,2023-09-12,5927
3260,威剛,10,6,4,元富-林園,2023-09-12,5927
00929,復華台灣科技優息,181,7,174,元富-林園,2023-09-13,5927
9934,成霖,101,1,100,元富-林園,2023-09-13,5927
00919,群益台灣精選高息,92,1,91,元富-林園,2023-09-13,5927
6168,宏齊,51,0,51,元富-林園,2023-09-13,5927
1108,幸福,50,0,50,元富-林園,2023-09-13,5927
6026,福邦證,50,0,50,元富-林園,2023-09-13,5927
1101,台泥,37,2,35,元富-林園,2023-09-13,5927
00642U,期元大S＆P石油,30,0,30,元富-林園,2023-09-13,5927
2034,允強,30,0,30,元富-林園,2023-09-13,5927
3231,緯創,54,31,23,元富-林園,2023-09-13,5927
00632R,元大台灣50反1,601,580,21,元富-林園,2023-09-13,5927
2402,毅嘉,27,6,21,元富-林園,2023-09-13,5927
3481,群創,20,0,20,元富-林園,2023-09-13,5927
2002,中鋼,25,5,20,元富-林園,2023-09-13,5927
2337,旺宏,20,0,20,元富-林園,2023-09-13,5927
2352,佳世達,19,0,19,元富-林園,2023-09-13,5927
3163,波若威,29,10,19,元富-林園,2023-09-13,5927
4934,太極,19,1,18,元富-林園,2023-09-13,5927
8930,青鋼,17,0,17,元富-林園,2023-09-13,5927
2816,旺旺保,16,0,16,元富-林園,2023-09-13,5927
2405,輔信,15,1,14,元富-林園,2023-09-13,5927
2323,中環,13,0,13,元富-林園,2023-09-13,5927
1515,力山,32,20,12,元富-林園,2023-09-13,5927
3711,日月光投控,12,0,12,元富-林園,2023-09-13,5927
3708,上緯投控,11,0,11,元富-林園,2023-09-13,5927
00912,中信臺灣智慧50,10,0,10,元富-林園,2023-09-13,5927
00902,中信電池及儲能,10,0,10,元富-林園,2023-09-13,5927
00715L,期街口布蘭特正2,10,0,10,元富-林園,2023-09-13,5927
1809,中釉,12,2,10,元富-林園,2023-09-13,5927
3033,威健,11,1,10,元富-林園,2023-09-13,5927
3051,力特,10,0,10,元富-林園,2023-09-13,5927
5425,台半,10,0,10,元富-林園,2023-09-13,5927
00713,元大台灣高息低波,10,0,10,元富-林園,2023-09-13,5927
2449,京元電子,16,7,9,元富-林園,2023-09-13,5927
1471,首利,8,0,8,元富-林園,2023-09-13,5927
6288,聯嘉,9,1,8,元富-林園,2023-09-13,5927
3044,健鼎,8,1,7,元富-林園,2023-09-13,5927
2023,燁輝,7,0,7,元富-林園,2023-09-13,5927
2329,華泰,7,1,6,元富-林園,2023-09-13,5927
00637L,元大滬深300正2,6,0,6,元富-林園,2023-09-13,5927
2332,友訊,7,1,6,元富-林園,2023-09-13,5927
4562,穎漢,6,0,6,元富-林園,2023-09-13,5927
5469,瀚宇博,18,12,6,元富-林園,2023-09-13,5927
8222,寶一,6,0,6,元富-林園,2023-09-13,5927
2313,華通,8,3,5,元富-林園,2023-09-13,5927
2489,瑞軒,5,0,5,元富-林園,2023-09-13,5927
2891,中信金,5,0,5,元富-林園,2023-09-13,5927
3081,聯亞,10,5,5,元富-林園,2023-09-13,5927
6282,康舒,6,1,5,元富-林園,2023-09-13,5927
6411,晶焱,5,0,5,元富-林園,2023-09-13,5927
00919,群益台灣精選高息,110,8,102,元富-林園,2023-09-14,5927
00929,復華台灣科技優息,132,52,80,元富-林園,2023-09-14,5927
2634,漢翔,55,2,53,元富-林園,2023-09-14,5927
5011,久陽,50,0,50,元富-林園,2023-09-14,5927
2485,兆赫,62,16,46,元富-林園,2023-09-14,5927
9934,成霖,40,0,40,元富-林園,2023-09-14,5927
6248,沛波,35,0,35,元富-林園,2023-09-14,5927
2610,華航,33,1,32,元富-林園,2023-09-14,5927
2884,玉山金,31,1,30,元富-林園,2023-09-14,5927
2371,大同,32,7,25,元富-林園,2023-09-14,5927
5469,瀚宇博,30,9,21,元富-林園,2023-09-14,5927
00687B,國泰20年美債,20,0,20,元富-林園,2023-09-14,5927
00795B,中信美國公債20年,20,0,20,元富-林園,2023-09-14,5927
2007,燁興,20,0,20,元富-林園,2023-09-14,5927
1809,中釉,19,0,19,元富-林園,2023-09-14,5927
1568,倉佑,25,7,18,元富-林園,2023-09-14,5927
2511,太子,15,0,15,元富-林園,2023-09-14,5927
3481,群創,16,1,15,元富-林園,2023-09-14,5927
00878,國泰永續高股息,33,18,15,元富-林園,2023-09-14,5927
2376,技嘉,23,9,14,元富-林園,2023-09-14,5927
1522,堤維西,74,62,12,元富-林園,2023-09-14,5927
2641,正德,15,4,11,元富-林園,2023-09-14,5927
00930,永豐ESG低碳高息,10,0,10,元富-林園,2023-09-14,5927
00664R,國泰臺灣加權反1,10,0,10,元富-林園,2023-09-14,5927
00673R,期元大S＆P原油反1,10,0,10,元富-林園,2023-09-14,5927
2032,新鋼,10,0,10,元富-林園,2023-09-14,5927
6139,亞翔,10,0,10,元富-林園,2023-09-14,5927
00712,復華富時不動產,9,0,9,元富-林園,2023-09-14,5927
00931B,統一美債20年,9,0,9,元富-林園,2023-09-14,5927
3056,富華新,9,0,9,元富-林園,2023-09-14,5927
00897,富邦基因免疫生技,8,0,8,元富-林園,2023-09-14,5927
1101,台泥,8,0,8,元富-林園,2023-09-14,5927
2301,光寶科,33,25,8,元富-林園,2023-09-14,5927
2303,聯電,11,3,8,元富-林園,2023-09-14,5927
2618,長榮航,10,2,8,元富-林園,2023-09-14,5927
1319,東陽,13,6,7,元富-林園,2023-09-14,5927
2392,正崴,7,0,7,元富-林園,2023-09-14,5927
2421,建準,10,3,7,元富-林園,2023-09-14,5927
2753,八方雲集,7,0,7,元富-林園,2023-09-14,5927
3322,建舜電,7,0,7,元富-林園,2023-09-14,5927
4953,緯軟,11,4,7,元富-林園,2023-09-14,5927
2337,旺宏,10,4,6,元富-林園,2023-09-14,5927
3715,定穎投控,25,19,6,元富-林園,2023-09-14,5927
4906,正文,24,18,6,元富-林園,2023-09-14,5927
6796,晉弘,6,0,6,元富-林園,2023-09-14,5927
1308,亞聚,5,0,5,元富-林園,2023-09-14,5927
1519,華城,13,8,5,元富-林園,2023-09-14,5927
2010,春源,5,0,5,元富-林園,2023-09-14,5927
3021,鴻名,6,1,5,元富-林園,2023-09-14,5927
5215,科嘉-KY,5,0,5,元富-林園,2023-09-14,5927
00929,復華台灣科技優息,241,13,228,元富-林園,2023-09-15,5927
2317,鴻海,88,1,87,元富-林園,2023-09-15,5927
00637L,元大滬深300正2,117,38,79,元富-林園,2023-09-15,5927
2409,友達,83,24,59,元富-林園,2023-09-15,5927
00919,群益台灣精選高息,56,0,56,元富-林園,2023-09-15,5927
2610,華航,50,0,50,元富-林園,2023-09-15,5927
6125,廣運,44,1,43,元富-林園,2023-09-15,5927
1710,東聯,41,0,41,元富-林園,2023-09-15,5927
2027,大成鋼,44,10,34,元富-林園,2023-09-15,5927
1808,潤隆,35,1,34,元富-林園,2023-09-15,5927
2485,兆赫,34,3,31,元富-林園,2023-09-15,5927
3260,威剛,39,10,29,元富-林園,2023-09-15,5927
2618,長榮航,27,1,26,元富-林園,2023-09-15,5927
2609,陽明,87,64,23,元富-林園,2023-09-15,5927
2486,一詮,32,10,22,元富-林園,2023-09-15,5927
00673R,期元大S＆P原油反1,22,0,22,元富-林園,2023-09-15,5927
3036A,文曄甲特,22,0,22,元富-林園,2023-09-15,5927
2436,偉詮電,33,12,21,元富-林園,2023-09-15,5927
6248,沛波,20,0,20,元富-林園,2023-09-15,5927
9934,成霖,20,0,20,元富-林園,2023-09-15,5927
6120,達運,16,0,16,元富-林園,2023-09-15,5927
1568,倉佑,34,18,16,元富-林園,2023-09-15,5927
1314,中石化,16,2,14,元富-林園,2023-09-15,5927
1802,台玻,14,1,13,元富-林園,2023-09-15,5927
2328,廣宇,13,0,13,元富-林園,2023-09-15,5927
6257,矽格,13,0,13,元富-林園,2023-09-15,5927
2356,英業達,20,8,12,元富-林園,2023-09-15,5927
2884,玉山金,17,5,12,元富-林園,2023-09-15,5927
2887,台新金,22,10,12,元富-林園,2023-09-15,5927
3209,全科,11,0,11,元富-林園,2023-09-15,5927
1471,首利,12,1,11,元富-林園,2023-09-15,5927
1524,耿鼎,11,0,11,元富-林園,2023-09-15,5927
2302,麗正,11,0,11,元富-林園,2023-09-15,5927
2630,亞航,17,6,11,元富-林園,2023-09-15,5927
3105,穩懋,11,1,10,元富-林園,2023-09-15,5927
00753L,中信中國50正2,10,0,10,元富-林園,2023-09-15,5927
1609,大亞,11,1,10,元富-林園,2023-09-15,5927
2020,美亞,32,22,10,元富-林園,2023-09-15,5927
2405,輔信,42,32,10,元富-林園,2023-09-15,5927
4529,淳紳,10,0,10,元富-林園,2023-09-15,5927
4909,新復興,10,0,10,元富-林園,2023-09-15,5927
4916,事欣科,10,0,10,元富-林園,2023-09-15,5927
5706,鳳凰,10,0,10,元富-林園,2023-09-15,5927
6541,泰福-KY,10,0,10,元富-林園,2023-09-15,5927
00878,國泰永續高股息,11,2,9,元富-林園,2023-09-15,5927
5701,劍湖山,9,0,9,元富-林園,2023-09-15,5927
0056,元大高股息,10,2,8,元富-林園,2023-09-15,5927
2883,凱基金,9,1,8,元富-林園,2023-09-15,5927
00772B,中信高評級公司債,8,0,8,元富-林園,2023-09-15,5927
00679B,元大美債20年,8,0,8,元富-林園,2023-09-15,5927
00929,復華台灣科技優息,247,7,240,元富-林園,2023-09-18,5927
00885,富邦越南,85,0,85,元富-林園,2023-09-18,5927
2363,矽統,101,36,65,元富-林園,2023-09-18,5927
00931B,統一美債20年,46,0,46,元富-林園,2023-09-18,5927
2605,新興,72,33,39,元富-林園,2023-09-18,5927
00919,群益台灣精選高息,112,76,36,元富-林園,2023-09-18,5927
00878,國泰永續高股息,34,0,34,元富-林園,2023-09-18,5927
3231,緯創,51,18,33,元富-林園,2023-09-18,5927
2344,華邦電,32,0,32,元富-林園,2023-09-18,5927
2356,英業達,42,10,32,元富-林園,2023-09-18,5927
2634,漢翔,33,5,28,元富-林園,2023-09-18,5927
00932,兆豐永續高息等權,25,0,25,元富-林園,2023-09-18,5927
1808,潤隆,22,0,22,元富-林園,2023-09-18,5927
00915,凱基優選高股息30,21,0,21,元富-林園,2023-09-18,5927
2610,華航,22,1,21,元富-林園,2023-09-18,5927
8222,寶一,22,1,21,元富-林園,2023-09-18,5927
2029,盛餘,20,0,20,元富-林園,2023-09-18,5927
3338,泰碩,20,0,20,元富-林園,2023-09-18,5927
4401,東隆興,20,0,20,元富-林園,2023-09-18,5927
00679B,元大美債20年,16,0,16,元富-林園,2023-09-18,5927
2316,楠梓電,18,2,16,元富-林園,2023-09-18,5927
4714,永捷,24,8,16,元富-林園,2023-09-18,5927
2382,廣達,16,1,15,元富-林園,2023-09-18,5927
2317,鴻海,17,2,15,元富-林園,2023-09-18,5927
00921,兆豐龍頭等權重,14,0,14,元富-林園,2023-09-18,5927
00688L,國泰20年美債正2,14,0,14,元富-林園,2023-09-18,5927
2465,麗臺,14,0,14,元富-林園,2023-09-18,5927
3264,欣銓,16,3,13,元富-林園,2023-09-18,5927
1326,台化,12,0,12,元富-林園,2023-09-18,5927
2330,台積電,13,1,12,元富-林園,2023-09-18,5927
5880,合庫金,11,0,11,元富-林園,2023-09-18,5927
2405,輔信,13,2,11,元富-林園,2023-09-18,5927
2368,金像電,11,0,11,元富-林園,2023-09-18,5927
2387,精元,12,1,11,元富-林園,2023-09-18,5927
2303,聯電,13,2,11,元富-林園,2023-09-18,5927
8926,台汽電,10,0,10,元富-林園,2023-09-18,5927
00738U,期元大道瓊白銀,10,0,10,元富-林園,2023-09-18,5927
00665L,富邦�琤肭磪囓�2,10,0,10,元富-林園,2023-09-18,5927
1608,華榮,10,0,10,元富-林園,2023-09-18,5927
4102,永日,10,0,10,元富-林園,2023-09-18,5927
4944,兆遠,10,0,10,元富-林園,2023-09-18,5927
2337,旺宏,11,2,9,元富-林園,2023-09-18,5927
5272,笙科,10,1,9,元富-林園,2023-09-18,5927
00687B,國泰20年美債,8,0,8,元富-林園,2023-09-18,5927
1471,首利,8,0,8,元富-林園,2023-09-18,5927
2601,益航,8,0,8,元富-林園,2023-09-18,5927
2618,長榮航,8,0,8,元富-林園,2023-09-18,5927
2891,中信金,12,4,8,元富-林園,2023-09-18,5927
3268,海德威,8,0,8,元富-林園,2023-09-18,5927
3588,通嘉,9,1,8,元富-林園,2023-09-18,5927
00900,富邦特選高股息30,206,0,206,元富-林園,2023-09-19,5927
00929,復華台灣科技優息,132,34,98,元富-林園,2023-09-19,5927
00919,群益台灣精選高息,65,0,65,元富-林園,2023-09-19,5927
8926,台汽電,50,1,49,元富-林園,2023-09-19,5927
2332,友訊,60,12,48,元富-林園,2023-09-19,5927
2618,長榮航,48,2,46,元富-林園,2023-09-19,5927
2605,新興,56,11,45,元富-林園,2023-09-19,5927
00885,富邦越南,42,0,42,元富-林園,2023-09-19,5927
3231,緯創,71,35,36,元富-林園,2023-09-19,5927
2617,台航,36,0,36,元富-林園,2023-09-19,5927
2465,麗臺,30,0,30,元富-林園,2023-09-19,5927
2495,普安,23,0,23,元富-林園,2023-09-19,5927
2610,華航,24,1,23,元富-林園,2023-09-19,5927
2409,友達,22,0,22,元富-林園,2023-09-19,5927
2363,矽統,46,25,21,元富-林園,2023-09-19,5927
2401,凌陽,21,1,20,元富-林園,2023-09-19,5927
2462,良得電,20,0,20,元富-林園,2023-09-19,5927
3163,波若威,29,9,20,元富-林園,2023-09-19,5927
2449,京元電子,24,6,18,元富-林園,2023-09-19,5927
2340,台亞,18,1,17,元富-林園,2023-09-19,5927
3481,群創,17,0,17,元富-林園,2023-09-19,5927
4979,華星光,36,19,17,元富-林園,2023-09-19,5927
6282,康舒,17,1,16,元富-林園,2023-09-19,5927
2884,玉山金,15,0,15,元富-林園,2023-09-19,5927
1319,東陽,25,10,15,元富-林園,2023-09-19,5927
00665L,富邦�琤肭磪囓�2,15,0,15,元富-林園,2023-09-19,5927
2812,台中銀,13,0,13,元富-林園,2023-09-19,5927
2355,敬鵬,13,0,13,元富-林園,2023-09-19,5927
2399,映泰,13,0,13,元富-林園,2023-09-19,5927
2929,淘帝-KY,13,0,13,元富-林園,2023-09-19,5927
4533,協易機,18,5,13,元富-林園,2023-09-19,5927
4919,新唐,19,6,13,元富-林園,2023-09-19,5927
00878,國泰永續高股息,29,16,13,元富-林園,2023-09-19,5927
00679B,元大美債20年,12,0,12,元富-林園,2023-09-19,5927
1216,統一,12,0,12,元富-林園,2023-09-19,5927
2356,英業達,20,8,12,元富-林園,2023-09-19,5927
00932,兆豐永續高息等權,12,0,12,元富-林園,2023-09-19,5927
2330,台積電,11,0,11,元富-林園,2023-09-19,5927
2014,中鴻,15,5,10,元富-林園,2023-09-19,5927
1304,台聚,10,0,10,元富-林園,2023-09-19,5927
2201,裕隆,12,2,10,元富-林園,2023-09-19,5927
2387,精元,10,0,10,元富-林園,2023-09-19,5927
3036A,文曄甲特,10,0,10,元富-林園,2023-09-19,5927
5469,瀚宇博,10,0,10,元富-林園,2023-09-19,5927
6541,泰福-KY,10,0,10,元富-林園,2023-09-19,5927
8034,榮群,10,0,10,元富-林園,2023-09-19,5927
2485,兆赫,15,6,9,元富-林園,2023-09-19,5927
2634,漢翔,11,3,8,元富-林園,2023-09-19,5927
1612,宏泰,8,0,8,元富-林園,2023-09-19,5927
2312,金寶,10,2,8,元富-林園,2023-09-19,5927
1717,長興,171,0,171,元富-林園,2023-09-20,5927
00929,復華台灣科技優息,198,60,138,元富-林園,2023-09-20,5927
00637L,元大滬深300正2,100,1,99,元富-林園,2023-09-20,5927
00921,兆豐龍頭等權重,74,0,74,元富-林園,2023-09-20,5927
00919,群益台灣精選高息,67,0,67,元富-林園,2023-09-20,5927
2465,麗臺,55,0,55,元富-林園,2023-09-20,5927
2344,華邦電,48,1,47,元富-林園,2023-09-20,5927
2401,凌陽,39,3,36,元富-林園,2023-09-20,5927
6770,力積電,36,0,36,元富-林園,2023-09-20,5927
2332,友訊,32,3,29,元富-林園,2023-09-20,5927
3265,台星科,36,7,29,元富-林園,2023-09-20,5927
00932,兆豐永續高息等權,24,0,24,元富-林園,2023-09-20,5927
2031,新光鋼,25,1,24,元富-林園,2023-09-20,5927
2367,燿華,70,46,24,元富-林園,2023-09-20,5927
2371,大同,22,0,22,元富-林園,2023-09-20,5927
2641,正德,66,45,21,元富-林園,2023-09-20,5927
6531,愛普*,20,0,20,元富-林園,2023-09-20,5927
2337,旺宏,21,2,19,元富-林園,2023-09-20,5927
3036A,文曄甲特,18,0,18,元富-林園,2023-09-20,5927
2324,仁寶,17,0,17,元富-林園,2023-09-20,5927
2485,兆赫,18,1,17,元富-林園,2023-09-20,5927
5608,四維航,19,3,16,元富-林園,2023-09-20,5927
2845,遠東銀,15,0,15,元富-林園,2023-09-20,5927
2884,玉山金,15,0,15,元富-林園,2023-09-20,5927
00679B,元大美債20年,13,0,13,元富-林園,2023-09-20,5927
2330,台積電,13,0,13,元富-林園,2023-09-20,5927
2329,華泰,15,2,13,元富-林園,2023-09-20,5927
2379,瑞昱,13,0,13,元富-林園,2023-09-20,5927
2605,新興,80,67,13,元富-林園,2023-09-20,5927
2025,千興,12,0,12,元富-林園,2023-09-20,5927
2356,英業達,23,11,12,元富-林園,2023-09-20,5927
3715,定穎投控,49,38,11,元富-林園,2023-09-20,5927
8213,志超,11,0,11,元富-林園,2023-09-20,5927
1905,華紙,10,0,10,元富-林園,2023-09-20,5927
6664,群翊,10,0,10,元富-林園,2023-09-20,5927
8112,至上,10,0,10,元富-林園,2023-09-20,5927
1101,台泥,12,2,10,元富-林園,2023-09-20,5927
2382,廣達,27,18,9,元富-林園,2023-09-20,5927
00753L,中信中國50正2,9,0,9,元富-林園,2023-09-20,5927
2618,長榮航,14,5,9,元富-林園,2023-09-20,5927
3017,奇鋐,12,3,9,元富-林園,2023-09-20,5927
3025,星通,11,2,9,元富-林園,2023-09-20,5927
3481,群創,10,2,8,元富-林園,2023-09-20,5927
2405,輔信,18,10,8,元富-林園,2023-09-20,5927
3406,玉晶光,11,3,8,元富-林園,2023-09-20,5927
8467,波力-KY,8,0,8,元富-林園,2023-09-20,5927
2303,聯電,8,0,8,元富-林園,2023-09-20,5927
2354,鴻準,8,1,7,元富-林園,2023-09-20,5927
6120,達運,7,0,7,元富-林園,2023-09-20,5927
4919,新唐,11,4,7,元富-林園,2023-09-20,5927
00637L,元大滬深300正2,212,0,212,元富-林園,2023-09-21,5927
00929,復華台灣科技優息,145,35,110,元富-林園,2023-09-21,5927
00921,兆豐龍頭等權重,76,0,76,元富-林園,2023-09-21,5927
2002,中鋼,72,3,69,元富-林園,2023-09-21,5927
1717,長興,54,0,54,元富-林園,2023-09-21,5927
2891,中信金,52,1,51,元富-林園,2023-09-21,5927
1584,精剛,59,14,45,元富-林園,2023-09-21,5927
9934,成霖,40,0,40,元富-林園,2023-09-21,5927
00932,兆豐永續高息等權,33,0,33,元富-林園,2023-09-21,5927
6770,力積電,30,0,30,元富-林園,2023-09-21,5927
3017,奇鋐,37,8,29,元富-林園,2023-09-21,5927
5483,中美晶,30,1,29,元富-林園,2023-09-21,5927
5880,合庫金,29,1,28,元富-林園,2023-09-21,5927
2633,台灣高鐵,28,0,28,元富-林園,2023-09-21,5927
2882,國泰金,27,0,27,元富-林園,2023-09-21,5927
2610,華航,34,10,24,元富-林園,2023-09-21,5927
2337,旺宏,23,2,21,元富-林園,2023-09-21,5927
2367,燿華,34,13,21,元富-林園,2023-09-21,5927
2208,台船,20,0,20,元富-林園,2023-09-21,5927
3047,訊舟,20,0,20,元富-林園,2023-09-21,5927
2890,永豐金,20,1,19,元富-林園,2023-09-21,5927
2330,台積電,19,1,18,元富-林園,2023-09-21,5927
3324,雙鴻,18,1,17,元富-林園,2023-09-21,5927
5425,台半,18,2,16,元富-林園,2023-09-21,5927
3706,神達,19,3,16,元富-林園,2023-09-21,5927
2379,瑞昱,15,0,15,元富-林園,2023-09-21,5927
1324,地球,15,0,15,元富-林園,2023-09-21,5927
2465,麗臺,15,0,15,元富-林園,2023-09-21,5927
5452,佶優,15,0,15,元富-林園,2023-09-21,5927
2801,彰銀,14,0,14,元富-林園,2023-09-21,5927
00900,富邦特選高股息30,13,0,13,元富-林園,2023-09-21,5927
2485,兆赫,15,2,13,元富-林園,2023-09-21,5927
00878,國泰永續高股息,34,21,13,元富-林園,2023-09-21,5927
2449,京元電子,16,4,12,元富-林園,2023-09-21,5927
1101,台泥,13,1,12,元富-林園,2023-09-21,5927
2363,矽統,51,39,12,元富-林園,2023-09-21,5927
3624,光頡,12,0,12,元富-林園,2023-09-21,5927
1504,東元,17,6,11,元富-林園,2023-09-21,5927
3338,泰碩,22,11,11,元富-林園,2023-09-21,5927
00882,中信中國高股息,10,0,10,元富-林園,2023-09-21,5927
1515,力山,13,3,10,元富-林園,2023-09-21,5927
2302,麗正,10,0,10,元富-林園,2023-09-21,5927
1809,中釉,16,7,9,元富-林園,2023-09-21,5927
3265,台星科,10,1,9,元富-林園,2023-09-21,5927
2382,廣達,18,10,8,元富-林園,2023-09-21,5927
00923,群益台ESG低碳50,8,0,8,元富-林園,2023-09-21,5927
00753L,中信中國50正2,8,0,8,元富-林園,2023-09-21,5927
2401,凌陽,11,3,8,元富-林園,2023-09-21,5927
3163,波若威,9,1,8,元富-林園,2023-09-21,5927
6122,擎邦,8,0,8,元富-林園,2023-09-21,5927
00885,富邦越南,122,0,122,元富-林園,2023-09-22,5927
2881,富邦金,100,0,100,元富-林園,2023-09-22,5927
4147,中裕,70,1,69,元富-林園,2023-09-22,5927
00712,復華富時不動產,58,0,58,元富-林園,2023-09-22,5927
00687B,國泰20年美債,32,0,32,元富-林園,2023-09-22,5927
1101,台泥,30,0,30,元富-林園,2023-09-22,5927
2891,中信金,25,0,25,元富-林園,2023-09-22,5927
00919,群益台灣精選高息,26,1,25,元富-林園,2023-09-22,5927
00679B,元大美債20年,23,0,23,元富-林園,2023-09-22,5927
1810,和成,21,0,21,元富-林園,2023-09-22,5927
4533,協易機,35,15,20,元富-林園,2023-09-22,5927
9934,成霖,20,0,20,元富-林園,2023-09-22,5927
2367,燿華,43,25,18,元富-林園,2023-09-22,5927
3036A,文曄甲特,16,0,16,元富-林園,2023-09-22,5927
2344,華邦電,25,10,15,元富-林園,2023-09-22,5927
3303,岱稜,15,0,15,元富-林園,2023-09-22,5927
1584,精剛,15,1,14,元富-林園,2023-09-22,5927
2316,楠梓電,26,12,14,元富-林園,2023-09-22,5927
2402,毅嘉,18,4,14,元富-林園,2023-09-22,5927
2884,玉山金,13,0,13,元富-林園,2023-09-22,5927
1504,東元,35,22,13,元富-林園,2023-09-22,5927
1522,堤維西,21,8,13,元富-林園,2023-09-22,5927
2883,凱基金,12,0,12,元富-林園,2023-09-22,5927
2014,中鴻,12,0,12,元富-林園,2023-09-22,5927
2605,新興,15,3,12,元富-林園,2023-09-22,5927
2634,漢翔,15,3,12,元富-林園,2023-09-22,5927
2002,中鋼,11,0,11,元富-林園,2023-09-22,5927
00688L,國泰20年美債正2,11,0,11,元富-林園,2023-09-22,5927
00722B,群益投資級電信債,11,0,11,元富-林園,2023-09-22,5927
00878,國泰永續高股息,10,0,10,元富-林園,2023-09-22,5927
1108,幸福,10,0,10,元富-林園,2023-09-22,5927
00753L,中信中國50正2,10,0,10,元富-林園,2023-09-22,5927
1409,新纖,10,0,10,元富-林園,2023-09-22,5927
2387,精元,10,0,10,元富-林園,2023-09-22,5927
2812,台中銀,10,0,10,元富-林園,2023-09-22,5927
5215,科嘉-KY,10,0,10,元富-林園,2023-09-22,5927
8222,寶一,25,15,10,元富-林園,2023-09-22,5927
2543,皇昌,10,1,9,元富-林園,2023-09-22,5927
3017,奇鋐,25,16,9,元富-林園,2023-09-22,5927
6125,廣運,11,3,8,元富-林園,2023-09-22,5927
00680L,元大美債20正2,7,0,7,元富-林園,2023-09-22,5927
00751B,元大AAA至A公司債,7,0,7,元富-林園,2023-09-22,5927
00772B,中信高評級公司債,6,0,6,元富-林園,2023-09-22,5927
2354,鴻準,6,0,6,元富-林園,2023-09-22,5927
2458,義隆,6,0,6,元富-林園,2023-09-22,5927
2460,建通,7,1,6,元富-林園,2023-09-22,5927
3036,文曄,25,19,6,元富-林園,2023-09-22,5927
6139,亞翔,12,6,6,元富-林園,2023-09-22,5927
6538,倉和,11,5,6,元富-林園,2023-09-22,5927
00901,永豐智能車供應鏈,5,0,5,元富-林園,2023-09-22,5927
6120,達運,55,3,52,元富-林園,2023-09-25,5927
2457,飛宏,46,0,46,元富-林園,2023-09-25,5927
2610,華航,33,2,31,元富-林園,2023-09-25,5927
00632R,元大台灣50反1,30,0,30,元富-林園,2023-09-25,5927
3379,彬台,30,0,30,元富-林園,2023-09-25,5927
1605,華新,31,3,28,元富-林園,2023-09-25,5927
2618,長榮航,40,13,27,元富-林園,2023-09-25,5927
00929,復華台灣科技優息,29,4,25,元富-林園,2023-09-25,5927
2402,毅嘉,40,15,25,元富-林園,2023-09-25,5927
2002,中鋼,61,40,21,元富-林園,2023-09-25,5927
00650L,復華香港正2,20,0,20,元富-林園,2023-09-25,5927
00688L,國泰20年美債正2,20,0,20,元富-林園,2023-09-25,5927
6005,群益證,20,0,20,元富-林園,2023-09-25,5927
4944,兆遠,20,1,19,元富-林園,2023-09-25,5927
8467,波力-KY,19,1,18,元富-林園,2023-09-25,5927
5880,合庫金,14,0,14,元富-林園,2023-09-25,5927
2201,裕隆,19,5,14,元富-林園,2023-09-25,5927
2382,廣達,22,8,14,元富-林園,2023-09-25,5927
3531,先益,14,0,14,元富-林園,2023-09-25,5927
3715,定穎投控,32,19,13,元富-林園,2023-09-25,5927
3017,奇鋐,19,6,13,元富-林園,2023-09-25,5927
2880,華南金,17,4,13,元富-林園,2023-09-25,5927
2891,中信金,12,0,12,元富-林園,2023-09-25,5927
1301,台塑,12,0,12,元富-林園,2023-09-25,5927
5009,榮剛,12,0,12,元富-林園,2023-09-25,5927
9960,邁達康,12,0,12,元富-林園,2023-09-25,5927
00931B,統一美債20年,11,0,11,元富-林園,2023-09-25,5927
6168,宏齊,11,0,11,元富-林園,2023-09-25,5927
00751B,元大AAA至A公司債,10,0,10,元富-林園,2023-09-25,5927
1515,力山,12,2,10,元富-林園,2023-09-25,5927
2353,宏��,10,0,10,元富-林園,2023-09-25,5927
3003,健和興,10,0,10,元富-林園,2023-09-25,5927
3322,建舜電,15,5,10,元富-林園,2023-09-25,5927
5460,同協,10,0,10,元富-林園,2023-09-25,5927
6405,悅城,10,0,10,元富-林園,2023-09-25,5927
2303,聯電,18,10,8,元富-林園,2023-09-25,5927
2330,台積電,7,0,7,元富-林園,2023-09-25,5927
1101,台泥,7,0,7,元富-林園,2023-09-25,5927
3706,神達,13,6,7,元富-林園,2023-09-25,5927
2884,玉山金,6,0,6,元富-林園,2023-09-25,5927
9945,潤泰新,6,0,6,元富-林園,2023-09-25,5927
1402,遠東新,6,0,6,元富-林園,2023-09-25,5927
1584,精剛,18,12,6,元富-林園,2023-09-25,5927
2401,凌陽,6,0,6,元富-林園,2023-09-25,5927
2425,承啟,6,0,6,元富-林園,2023-09-25,5927
2816,旺旺保,6,0,6,元富-林園,2023-09-25,5927
3051,力特,6,0,6,元富-林園,2023-09-25,5927
3622,洋華,6,0,6,元富-林園,2023-09-25,5927
6789,采鈺,6,0,6,元富-林園,2023-09-25,5927
00902,中信電池及儲能,5,0,5,元富-林園,2023-09-25,5927
00673R,期元大S＆P原油反1,200,0,200,元富-林園,2023-09-26,5927
00929,復華台灣科技優息,166,11,155,元富-林園,2023-09-26,5927
00637L,元大滬深300正2,110,0,110,元富-林園,2023-09-26,5927
2401,凌陽,57,11,46,元富-林園,2023-09-26,5927
2882,國泰金,44,0,44,元富-林園,2023-09-26,5927
00931B,統一美債20年,43,0,43,元富-林園,2023-09-26,5927
2356,英業達,53,11,42,元富-林園,2023-09-26,5927
2002,中鋼,45,7,38,元富-林園,2023-09-26,5927
00885,富邦越南,34,0,34,元富-林園,2023-09-26,5927
2634,漢翔,34,2,32,元富-林園,2023-09-26,5927
1605,華新,41,10,31,元富-林園,2023-09-26,5927
00679B,元大美債20年,30,0,30,元富-林園,2023-09-26,5927
00650L,復華香港正2,30,0,30,元富-林園,2023-09-26,5927
1808,潤隆,30,0,30,元富-林園,2023-09-26,5927
9934,成霖,30,0,30,元富-林園,2023-09-26,5927
6770,力積電,36,8,28,元富-林園,2023-09-26,5927
2303,聯電,27,3,24,元富-林園,2023-09-26,5927
00932,兆豐永續高息等權,24,0,24,元富-林園,2023-09-26,5927
00712,復華富時不動產,23,0,23,元富-林園,2023-09-26,5927
1305,華夏,22,0,22,元富-林園,2023-09-26,5927
5465,富驊,21,1,20,元富-林園,2023-09-26,5927
6005,群益證,20,0,20,元富-林園,2023-09-26,5927
2344,華邦電,19,0,19,元富-林園,2023-09-26,5927
00919,群益台灣精選高息,18,0,18,元富-林園,2023-09-26,5927
2367,燿華,17,0,17,元富-林園,2023-09-26,5927
8210,勤誠,19,3,16,元富-林園,2023-09-26,5927
3715,定穎投控,33,18,15,元富-林園,2023-09-26,5927
2884,玉山金,16,2,14,元富-林園,2023-09-26,5927
2892,第一金,14,0,14,元富-林園,2023-09-26,5927
00878,國泰永續高股息,13,0,13,元富-林園,2023-09-26,5927
3481,群創,21,8,13,元富-林園,2023-09-26,5927
5351,鈺創,20,7,13,元富-林園,2023-09-26,5927
2883,凱基金,11,0,11,元富-林園,2023-09-26,5927
00930,永豐ESG低碳高息,10,0,10,元富-林園,2023-09-26,5927
00923,群益台ESG低碳50,10,0,10,元富-林園,2023-09-26,5927
2449,京元電子,12,2,10,元富-林園,2023-09-26,5927
3078,僑威,10,0,10,元富-林園,2023-09-26,5927
3693,營邦,14,4,10,元富-林園,2023-09-26,5927
6189,豐藝,10,0,10,元富-林園,2023-09-26,5927
6191,精成科,10,0,10,元富-林園,2023-09-26,5927
2330,台積電,10,1,9,元富-林園,2023-09-26,5927
00922,國泰台灣領袖50,9,0,9,元富-林園,2023-09-26,5927
4919,新唐,10,1,9,元富-林園,2023-09-26,5927
00687B,國泰20年美債,8,0,8,元富-林園,2023-09-26,5927
2317,鴻海,10,2,8,元富-林園,2023-09-26,5927
2328,廣宇,8,0,8,元富-林園,2023-09-26,5927
2405,輔信,10,2,8,元富-林園,2023-09-26,5927
3515,華擎,7,0,7,元富-林園,2023-09-26,5927
00751B,元大AAA至A公司債,6,0,6,元富-林園,2023-09-26,5927
3711,日月光投控,6,0,6,元富-林園,2023-09-26,5927
2002,中鋼,174,9,165,元富-林園,2023-09-27,5927
00637L,元大滬深300正2,350,230,120,元富-林園,2023-09-27,5927
00922,國泰台灣領袖50,107,0,107,元富-林園,2023-09-27,5927
1710,東聯,101,0,101,元富-林園,2023-09-27,5927
00641R,富邦日本反1,98,0,98,元富-林園,2023-09-27,5927
2801,彰銀,60,0,60,元富-林園,2023-09-27,5927
00923,群益台ESG低碳50,51,0,51,元富-林園,2023-09-27,5927
2363,矽統,49,10,39,元富-林園,2023-09-27,5927
3049,精金,35,0,35,元富-林園,2023-09-27,5927
00931B,統一美債20年,30,0,30,元富-林園,2023-09-27,5927
1605,華新,32,3,29,元富-林園,2023-09-27,5927
2606,裕民,22,1,21,元富-林園,2023-09-27,5927
8420,明揚,22,1,21,元富-林園,2023-09-27,5927
00712,復華富時不動產,20,0,20,元富-林園,2023-09-27,5927
1314,中石化,20,0,20,元富-林園,2023-09-27,5927
00932,兆豐永續高息等權,20,0,20,元富-林園,2023-09-27,5927
2303,聯電,20,1,19,元富-林園,2023-09-27,5927
1326,台化,17,0,17,元富-林園,2023-09-27,5927
2421,建準,27,11,16,元富-林園,2023-09-27,5927
6770,力積電,20,4,16,元富-林園,2023-09-27,5927
2328,廣宇,15,0,15,元富-林園,2023-09-27,5927
2014,中鴻,26,12,14,元富-林園,2023-09-27,5927
6274,台燿,18,5,13,元富-林園,2023-09-27,5927
00919,群益台灣精選高息,19,7,12,元富-林園,2023-09-27,5927
1618,合機,31,19,12,元富-林園,2023-09-27,5927
1612,宏泰,18,7,11,元富-林園,2023-09-27,5927
2337,旺宏,12,1,11,元富-林園,2023-09-27,5927
2409,友達,11,0,11,元富-林園,2023-09-27,5927
2883,凱基金,11,0,11,元富-林園,2023-09-27,5927
2354,鴻準,10,0,10,元富-林園,2023-09-27,5927
2392,正崴,10,0,10,元富-林園,2023-09-27,5927
1522,堤維西,16,7,9,元富-林園,2023-09-27,5927
2208,台船,9,0,9,元富-林園,2023-09-27,5927
2367,燿華,9,0,9,元富-林園,2023-09-27,5927
1101,台泥,8,0,8,元富-林園,2023-09-27,5927
00902,中信電池及儲能,8,0,8,元富-林園,2023-09-27,5927
2379,瑞昱,8,0,8,元富-林園,2023-09-27,5927
3036A,文曄甲特,7,0,7,元富-林園,2023-09-27,5927
3149,正達,6,0,6,元富-林園,2023-09-27,5927
2891,中信金,12,6,6,元富-林園,2023-09-27,5927
2542,興富發,6,0,6,元富-林園,2023-09-27,5927
2816,旺旺保,6,0,6,元富-林園,2023-09-27,5927
2834,臺企銀,7,1,6,元富-林園,2023-09-27,5927
3264,欣銓,6,0,6,元富-林園,2023-09-27,5927
3491,昇達科,6,0,6,元富-林園,2023-09-27,5927
0056,元大高股息,7,1,6,元富-林園,2023-09-27,5927
1301,台塑,5,0,5,元富-林園,2023-09-27,5927
2344,華邦電,11,6,5,元富-林園,2023-09-27,5927
00757,統一FANG+,5,0,5,元富-林園,2023-09-27,5927
2029,盛餘,5,0,5,元富-林園,2023-09-27,5927
1710,東聯,132,0,132,元富-林園,2023-09-28,5927
00922,國泰台灣領袖50,70,0,70,元富-林園,2023-09-28,5927
2002,中鋼,66,5,61,元富-林園,2023-09-28,5927
00712,復華富時不動產,42,5,37,元富-林園,2023-09-28,5927
00751B,元大AAA至A公司債,32,0,32,元富-林園,2023-09-28,5927
1326,台化,27,0,27,元富-林園,2023-09-28,5927
00931B,統一美債20年,23,0,23,元富-林園,2023-09-28,5927
2363,矽統,26,7,19,元富-林園,2023-09-28,5927
2356,英業達,23,5,18,元富-林園,2023-09-28,5927
2402,毅嘉,33,15,18,元富-林園,2023-09-28,5927
2883,凱基金,21,5,16,元富-林園,2023-09-28,5927
2449,京元電子,15,0,15,元富-林園,2023-09-28,5927
5225,東科-KY,20,5,15,元富-林園,2023-09-28,5927
3231,緯創,44,30,14,元富-林園,2023-09-28,5927
00679B,元大美債20年,14,0,14,元富-林園,2023-09-28,5927
00715L,期街口布蘭特正2,25,11,14,元富-林園,2023-09-28,5927
00637L,元大滬深300正2,22,10,12,元富-林園,2023-09-28,5927
2014,中鴻,14,2,12,元富-林園,2023-09-28,5927
2367,燿華,12,0,12,元富-林園,2023-09-28,5927
6188,廣明,26,14,12,元富-林園,2023-09-28,5927
1504,東元,13,2,11,元富-林園,2023-09-28,5927
2317,鴻海,15,4,11,元富-林園,2023-09-28,5927
2344,華邦電,12,2,10,元富-林園,2023-09-28,5927
2606,裕民,10,0,10,元富-林園,2023-09-28,5927
3013,晟銘電,14,4,10,元富-林園,2023-09-28,5927
3122,笙泉,14,4,10,元富-林園,2023-09-28,5927
3264,欣銓,10,0,10,元富-林園,2023-09-28,5927
3708,上緯投控,10,0,10,元富-林園,2023-09-28,5927
6005,群益證,10,0,10,元富-林園,2023-09-28,5927
6191,精成科,10,0,10,元富-林園,2023-09-28,5927
6541,泰福-KY,10,0,10,元富-林園,2023-09-28,5927
2401,凌陽,10,1,9,元富-林園,2023-09-28,5927
2412,中華電,9,0,9,元富-林園,2023-09-28,5927
2408,南亞科,11,3,8,元富-林園,2023-09-28,5927
1301,台塑,8,0,8,元富-林園,2023-09-28,5927
2812,台中銀,10,2,8,元富-林園,2023-09-28,5927
5009,榮剛,10,2,8,元富-林園,2023-09-28,5927
6125,廣運,8,0,8,元富-林園,2023-09-28,5927
6284,佳邦,8,0,8,元富-林園,2023-09-28,5927
8996,高力,10,2,8,元富-林園,2023-09-28,5927
9958,世紀鋼,8,0,8,元富-林園,2023-09-28,5927
6485,點序,8,1,7,元富-林園,2023-09-28,5927
2610,華航,37,30,7,元富-林園,2023-09-28,5927
00795B,中信美國公債20年,6,0,6,元富-林園,2023-09-28,5927
2634,漢翔,8,2,6,元富-林園,2023-09-28,5927
2801,彰銀,6,0,6,元富-林園,2023-09-28,5927
3715,定穎投控,35,29,6,元富-林園,2023-09-28,5927
8240,華宏,6,0,6,元富-林園,2023-09-28,5927
00674R,期元大S＆P黃金反1,5,0,5,元富-林園,2023-09-28,5927
00706L,期元大S＆P日圓正2,5,0,5,元富-林園,2023-09-28,5927
2891,中信金,212,0,212,元富-林園,2023-10-02,5927
2885,元大金,200,1,199,元富-林園,2023-10-02,5927
00929,復華台灣科技優息,107,1,106,元富-林園,2023-10-02,5927
1471,首利,72,0,72,元富-林園,2023-10-02,5927
2313,華通,57,1,56,元富-林園,2023-10-02,5927
00893,國泰智能電動車,40,0,40,元富-林園,2023-10-02,5927
6153,嘉聯益,31,0,31,元富-林園,2023-10-02,5927
2610,華航,27,1,26,元富-林園,2023-10-02,5927
00905,FT臺灣Smart,20,0,20,元富-林園,2023-10-02,5927
8112,至上,20,1,19,元富-林園,2023-10-02,5927
2324,仁寶,19,1,18,元富-林園,2023-10-02,5927
2208,台船,16,0,16,元富-林園,2023-10-02,5927
3036A,文曄甲特,16,0,16,元富-林園,2023-10-02,5927
00687B,國泰20年美債,15,0,15,元富-林園,2023-10-02,5927
3264,欣銓,15,0,15,元富-林園,2023-10-02,5927
1584,精剛,14,0,14,元富-林園,2023-10-02,5927
2356,英業達,63,50,13,元富-林園,2023-10-02,5927
3325,旭品,22,10,12,元富-林園,2023-10-02,5927
00919,群益台灣精選高息,18,7,11,元富-林園,2023-10-02,5927
1809,中釉,21,10,11,元富-林園,2023-10-02,5927
2618,長榮航,12,1,11,元富-林園,2023-10-02,5927
4958,臻鼎-KY,11,0,11,元富-林園,2023-10-02,5927
5469,瀚宇博,10,0,10,元富-林園,2023-10-02,5927
6191,精成科,10,0,10,元富-林園,2023-10-02,5927
00772B,中信高評級公司債,9,0,9,元富-林園,2023-10-02,5927
5452,佶優,10,1,9,元富-林園,2023-10-02,5927
6125,廣運,11,2,9,元富-林園,2023-10-02,5927
2002,中鋼,31,23,8,元富-林園,2023-10-02,5927
00688L,國泰20年美債正2,8,0,8,元富-林園,2023-10-02,5927
2393,億光,8,0,8,元富-林園,2023-10-02,5927
0056,元大高股息,10,3,7,元富-林園,2023-10-02,5927
1402,遠東新,7,0,7,元富-林園,2023-10-02,5927
2376,技嘉,11,4,7,元富-林園,2023-10-02,5927
2612,中航,7,0,7,元富-林園,2023-10-02,5927
8996,高力,13,6,7,元富-林園,2023-10-02,5927
1301,台塑,6,0,6,元富-林園,2023-10-02,5927
00706L,期元大S＆P日圓正2,6,0,6,元富-林園,2023-10-02,5927
6128,上福,8,2,6,元富-林園,2023-10-02,5927
6541,泰福-KY,6,0,6,元富-林園,2023-10-02,5927
6579,研揚,6,0,6,元富-林園,2023-10-02,5927
2317,鴻海,6,1,5,元富-林園,2023-10-02,5927
1313,聯成,5,0,5,元富-林園,2023-10-02,5927
1515,力山,8,3,5,元富-林園,2023-10-02,5927
2032,新鋼,5,0,5,元富-林園,2023-10-02,5927
2367,燿華,11,6,5,元富-林園,2023-10-02,5927
2834,臺企銀,5,0,5,元富-林園,2023-10-02,5927
4728,雙美,5,0,5,元富-林園,2023-10-02,5927
5864,致和證,5,0,5,元富-林園,2023-10-02,5927
2603,長榮,5,1,4,元富-林園,2023-10-02,5927
2609,陽明,9,5,4,元富-林園,2023-10-02,5927
00637L,元大滬深300正2,212,1,211,元富-林園,2023-10-03,5927
00929,復華台灣科技優息,89,0,89,元富-林園,2023-10-03,5927
2409,友達,43,2,41,元富-林園,2023-10-03,5927
2363,矽統,64,25,39,元富-林園,2023-10-03,5927
3231,緯創,54,16,38,元富-林園,2023-10-03,5927
3322,建舜電,52,15,37,元富-林園,2023-10-03,5927
00919,群益台灣精選高息,38,2,36,元富-林園,2023-10-03,5927
0056,元大高股息,32,0,32,元富-林園,2023-10-03,5927
00712,復華富時不動產,31,0,31,元富-林園,2023-10-03,5927
3036A,文曄甲特,27,0,27,元富-林園,2023-10-03,5927
2105,正新,28,4,24,元富-林園,2023-10-03,5927
2002,中鋼,24,2,22,元富-林園,2023-10-03,5927
1471,首利,23,1,22,元富-林園,2023-10-03,5927
1342,八貫,20,0,20,元富-林園,2023-10-03,5927
1504,東元,22,2,20,元富-林園,2023-10-03,5927
4173,久裕,20,0,20,元富-林園,2023-10-03,5927
3481,群創,24,4,20,元富-林園,2023-10-03,5927
2405,輔信,19,0,19,元富-林園,2023-10-03,5927
2618,長榮航,29,10,19,元富-林園,2023-10-03,5927
2882,國泰金,20,2,18,元富-林園,2023-10-03,5927
5426,振發,17,0,17,元富-林園,2023-10-03,5927
00878,國泰永續高股息,16,0,16,元富-林園,2023-10-03,5927
2845,遠東銀,16,0,16,元富-林園,2023-10-03,5927
1305,華夏,14,0,14,元富-林園,2023-10-03,5927
00882,中信中國高股息,14,0,14,元富-林園,2023-10-03,5927
1605,華新,24,10,14,元富-林園,2023-10-03,5927
2610,華航,30,16,14,元富-林園,2023-10-03,5927
2417,圓剛,14,1,13,元富-林園,2023-10-03,5927
3325,旭品,43,30,13,元富-林園,2023-10-03,5927
2888,新光金,13,1,12,元富-林園,2023-10-03,5927
2329,華泰,28,16,12,元富-林園,2023-10-03,5927
2388,威盛,31,19,12,元富-林園,2023-10-03,5927
3013,晟銘電,15,3,12,元富-林園,2023-10-03,5927
3617,碩天,33,21,12,元富-林園,2023-10-03,5927
3704,合勤控,24,12,12,元富-林園,2023-10-03,5927
2356,英業達,14,3,11,元富-林園,2023-10-03,5927
1326,台化,11,0,11,元富-林園,2023-10-03,5927
1515,力山,16,5,11,元富-林園,2023-10-03,5927
2332,友訊,13,2,11,元富-林園,2023-10-03,5927
00720B,元大投資級公司債,11,0,11,元富-林園,2023-10-03,5927
4128,中天,10,0,10,元富-林園,2023-10-03,5927
1589,永冠-KY,10,0,10,元富-林園,2023-10-03,5927
00918,大華優利高填息30,10,0,10,元富-林園,2023-10-03,5927
00905,FT臺灣Smart,10,0,10,元富-林園,2023-10-03,5927
00665L,富邦�琤肭磪囓�2,10,0,10,元富-林園,2023-10-03,5927
1463,強盛新,10,0,10,元富-林園,2023-10-03,5927
1717,長興,10,0,10,元富-林園,2023-10-03,5927
2313,華通,14,4,10,元富-林園,2023-10-03,5927
3078,僑威,11,1,10,元富-林園,2023-10-03,5927
6150,撼訊,10,0,10,元富-林園,2023-10-03,5927
00712,復華富時不動產,172,0,172,元富-林園,2023-10-04,5927
00634R,富邦上証反1,162,0,162,元富-林園,2023-10-04,5927
2884,玉山金,72,3,69,元富-林園,2023-10-04,5927
00929,復華台灣科技優息,72,3,69,元富-林園,2023-10-04,5927
3481,群創,62,3,59,元富-林園,2023-10-04,5927
3322,建舜電,48,1,47,元富-林園,2023-10-04,5927
00905,FT臺灣Smart,40,0,40,元富-林園,2023-10-04,5927
00919,群益台灣精選高息,33,0,33,元富-林園,2023-10-04,5927
2104,國際中橡,29,0,29,元富-林園,2023-10-04,5927
00878,國泰永續高股息,33,4,29,元富-林園,2023-10-04,5927
2618,長榮航,47,20,27,元富-林園,2023-10-04,5927
2363,矽統,37,10,27,元富-林園,2023-10-04,5927
00932,兆豐永續高息等權,27,0,27,元富-林園,2023-10-04,5927
4938,和碩,27,0,27,元富-林園,2023-10-04,5927
00679B,元大美債20年,26,0,26,元富-林園,2023-10-04,5927
2630,亞航,25,0,25,元富-林園,2023-10-04,5927
2313,華通,30,6,24,元富-林園,2023-10-04,5927
2731,雄獅,25,1,24,元富-林園,2023-10-04,5927
2328,廣宇,23,0,23,元富-林園,2023-10-04,5927
00882,中信中國高股息,22,0,22,元富-林園,2023-10-04,5927
00772B,中信高評級公司債,23,1,22,元富-林園,2023-10-04,5927
2105,正新,23,1,22,元富-林園,2023-10-04,5927
00688L,國泰20年美債正2,21,0,21,元富-林園,2023-10-04,5927
2891,中信金,30,10,20,元富-林園,2023-10-04,5927
3036A,文曄甲特,20,0,20,元富-林園,2023-10-04,5927
5351,鈺創,21,1,20,元富-林園,2023-10-04,5927
2883,凱基金,20,0,20,元富-林園,2023-10-04,5927
1101,台泥,19,0,19,元富-林園,2023-10-04,5927
6770,力積電,21,2,19,元富-林園,2023-10-04,5927
2303,聯電,20,1,19,元富-林園,2023-10-04,5927
3078,僑威,25,7,18,元富-林園,2023-10-04,5927
00931B,統一美債20年,18,0,18,元富-林園,2023-10-04,5927
1326,台化,17,1,16,元富-林園,2023-10-04,5927
1308,亞聚,16,0,16,元富-林園,2023-10-04,5927
2208,台船,18,2,16,元富-林園,2023-10-04,5927
3027,盛達,17,2,15,元富-林園,2023-10-04,5927
00631L,元大台灣50正2,14,0,14,元富-林園,2023-10-04,5927
00637L,元大滬深300正2,15,1,14,元富-林園,2023-10-04,5927
2340,台亞,16,3,13,元富-林園,2023-10-04,5927
0056,元大高股息,13,0,13,元富-林園,2023-10-04,5927
2344,華邦電,27,15,12,元富-林園,2023-10-04,5927
1802,台玻,13,1,12,元富-林園,2023-10-04,5927
2449,京元電子,17,5,12,元富-林園,2023-10-04,5927
3703,欣陸,12,0,12,元富-林園,2023-10-04,5927
2605,新興,23,12,11,元富-林園,2023-10-04,5927
4967,十銓,11,0,11,元富-林園,2023-10-04,5927
1305,華夏,11,0,11,元富-林園,2023-10-04,5927
1709,和益,10,0,10,元富-林園,2023-10-04,5927
2317,鴻海,12,2,10,元富-林園,2023-10-04,5927
2633,台灣高鐵,10,0,10,元富-林園,2023-10-04,5927
00878,國泰永續高股息,116,10,106,元富-林園,2023-10-05,5927
00929,復華台灣科技優息,66,0,66,元富-林園,2023-10-05,5927
2888,新光金,64,1,63,元富-林園,2023-10-05,5927
00712,復華富時不動產,59,1,58,元富-林園,2023-10-05,5927
2633,台灣高鐵,40,0,40,元富-林園,2023-10-05,5927
2405,輔信,51,13,38,元富-林園,2023-10-05,5927
2610,華航,69,32,37,元富-林園,2023-10-05,5927
00922,國泰台灣領袖50,32,0,32,元富-林園,2023-10-05,5927
3260,威剛,27,2,25,元富-林園,2023-10-05,5927
6432,今展科,25,0,25,元富-林園,2023-10-05,5927
3596,智易,24,0,24,元富-林園,2023-10-05,5927
9939,宏全,20,0,20,元富-林園,2023-10-05,5927
3325,旭品,42,24,18,元富-林園,2023-10-05,5927
3481,群創,17,0,17,元富-林園,2023-10-05,5927
3231,緯創,36,20,16,元富-林園,2023-10-05,5927
2884,玉山金,16,0,16,元富-林園,2023-10-05,5927
2367,燿華,20,5,15,元富-林園,2023-10-05,5927
3704,合勤控,23,10,13,元富-林園,2023-10-05,5927
8938,明安,15,2,13,元富-林園,2023-10-05,5927
1217,愛之味,12,0,12,元富-林園,2023-10-05,5927
5469,瀚宇博,12,0,12,元富-林園,2023-10-05,5927
1710,東聯,12,1,11,元富-林園,2023-10-05,5927
2485,兆赫,11,0,11,元富-林園,2023-10-05,5927
6288,聯嘉,15,4,11,元富-林園,2023-10-05,5927
00919,群益台灣精選高息,10,0,10,元富-林園,2023-10-05,5927
2417,圓剛,34,24,10,元富-林園,2023-10-05,5927
4944,兆遠,10,0,10,元富-林園,2023-10-05,5927
4960,誠美材,10,0,10,元富-林園,2023-10-05,5927
5706,鳳凰,21,11,10,元富-林園,2023-10-05,5927
6170,統振,10,0,10,元富-林園,2023-10-05,5927
8240,華宏,10,0,10,元富-林園,2023-10-05,5927
5210,寶碩,9,0,9,元富-林園,2023-10-05,5927
2891,中信金,10,1,9,元富-林園,2023-10-05,5927
00679B,元大美債20年,8,0,8,元富-林園,2023-10-05,5927
2425,承啟,10,2,8,元富-林園,2023-10-05,5927
8054,安國,17,9,8,元富-林園,2023-10-05,5927
1301,台塑,7,0,7,元富-林園,2023-10-05,5927
1802,台玻,7,0,7,元富-林園,2023-10-05,5927
2390,云辰,8,1,7,元富-林園,2023-10-05,5927
3630,新鉅科,7,0,7,元富-林園,2023-10-05,5927
6188,廣明,21,14,7,元富-林園,2023-10-05,5927
9919,康那香,9,2,7,元富-林園,2023-10-05,5927
00882,中信中國高股息,7,0,7,元富-林園,2023-10-05,5927
2913,農林,6,0,6,元富-林園,2023-10-05,5927
3036,文曄,25,19,6,元富-林園,2023-10-05,5927
6789,采鈺,6,0,6,元富-林園,2023-10-05,5927
1522,堤維西,12,7,5,元富-林園,2023-10-05,5927
2014,中鴻,8,3,5,元富-林園,2023-10-05,5927
2449,京元電子,22,17,5,元富-林園,2023-10-05,5927
3037,欣興,5,0,5,元富-林園,2023-10-05,5927
3276,宇環,83,2,81,元富-林園,2023-10-06,5927
2618,長榮航,63,0,63,元富-林園,2023-10-06,5927
00929,復華台灣科技優息,54,1,53,元富-林園,2023-10-06,5927
00642U,期元大S＆P石油,51,0,51,元富-林園,2023-10-06,5927
2409,友達,29,0,29,元富-林園,2023-10-06,5927
00712,復華富時不動產,25,0,25,元富-林園,2023-10-06,5927
8210,勤誠,36,13,23,元富-林園,2023-10-06,5927
9950,萬國通,20,0,20,元富-林園,2023-10-06,5927
2538,基泰,71,52,19,元富-林園,2023-10-06,5927
5469,瀚宇博,15,0,15,元富-林園,2023-10-06,5927
00878,國泰永續高股息,15,0,15,元富-林園,2023-10-06,5927
1609,大亞,15,2,13,元富-林園,2023-10-06,5927
2816,旺旺保,13,0,13,元富-林園,2023-10-06,5927
4967,十銓,16,4,12,元富-林園,2023-10-06,5927
5210,寶碩,12,0,12,元富-林園,2023-10-06,5927
2303,聯電,14,3,11,元富-林園,2023-10-06,5927
00720B,元大投資級公司債,10,0,10,元富-林園,2023-10-06,5927
4763,材料-KY,12,2,10,元富-林園,2023-10-06,5927
00688L,國泰20年美債正2,10,0,10,元富-林園,2023-10-06,5927
1815,富喬,22,12,10,元富-林園,2023-10-06,5927
2356,英業達,12,2,10,元富-林園,2023-10-06,5927
2359,所羅門,10,0,10,元富-林園,2023-10-06,5927
2387,精元,10,0,10,元富-林園,2023-10-06,5927
2443,昶虹,10,0,10,元富-林園,2023-10-06,5927
4533,協易機,10,0,10,元富-林園,2023-10-06,5927
6266,泰詠,10,0,10,元富-林園,2023-10-06,5927
8088,品安,10,0,10,元富-林園,2023-10-06,5927
0056,元大高股息,9,0,9,元富-林園,2023-10-06,5927
6126,信音,9,0,9,元富-林園,2023-10-06,5927
2610,華航,44,36,8,元富-林園,2023-10-06,5927
6120,達運,8,0,8,元富-林園,2023-10-06,5927
6213,聯茂,13,5,8,元富-林園,2023-10-06,5927
3317,尼克森,7,0,7,元富-林園,2023-10-06,5927
8111,立��,7,0,7,元富-林園,2023-10-06,5927
3231,緯創,37,31,6,元富-林園,2023-10-06,5927
00922,國泰台灣領袖50,6,0,6,元富-林園,2023-10-06,5927
3005,神基,6,0,6,元富-林園,2023-10-06,5927
3338,泰碩,7,1,6,元富-林園,2023-10-06,5927
3293,鈊象,5,0,5,元富-林園,2023-10-06,5927
00885,富邦越南,5,0,5,元富-林園,2023-10-06,5927
2301,光寶科,6,1,5,元富-林園,2023-10-06,5927
2329,華泰,30,25,5,元富-林園,2023-10-06,5927
2415,錩新,5,0,5,元富-林園,2023-10-06,5927
6282,康舒,5,0,5,元富-林園,2023-10-06,5927
8069,元太,7,2,5,元富-林園,2023-10-06,5927
00751B,元大AAA至A公司債,4,0,4,元富-林園,2023-10-06,5927
3481,群創,4,0,4,元富-林園,2023-10-06,5927
6472,保瑞,4,0,4,元富-林園,2023-10-06,5927
00900,富邦特選高股息30,4,0,4,元富-林園,2023-10-06,5927
1308,亞聚,4,0,4,元富-林園,2023-10-06,5927
00637L,元大滬深300正2,200,0,200,元富-林園,2023-10-11,5927
3231,緯創,129,52,77,元富-林園,2023-10-11,5927
2618,長榮航,94,26,68,元富-林園,2023-10-11,5927
5351,鈺創,68,2,66,元富-林園,2023-10-11,5927
2605,新興,57,1,56,元富-林園,2023-10-11,5927
2610,華航,100,46,54,元富-林園,2023-10-11,5927
6120,達運,51,1,50,元富-林園,2023-10-11,5927
00919,群益台灣精選高息,29,1,28,元富-林園,2023-10-11,5927
1802,台玻,26,0,26,元富-林園,2023-10-11,5927
3325,旭品,31,8,23,元富-林園,2023-10-11,5927
2356,英業達,45,24,21,元富-林園,2023-10-11,5927
2609,陽明,25,5,20,元富-林園,2023-10-11,5927
2637,慧洋-KY,20,0,20,元富-林園,2023-10-11,5927
2897,王道銀行,20,0,20,元富-林園,2023-10-11,5927
2731,雄獅,18,0,18,元富-林園,2023-10-11,5927
1471,首利,17,0,17,元富-林園,2023-10-11,5927
4532,瑞智,17,0,17,元富-林園,2023-10-11,5927
00712,復華富時不動產,15,0,15,元富-林園,2023-10-11,5927
00929,復華台灣科技優息,18,4,14,元富-林園,2023-10-11,5927
8086,宏捷科,14,0,14,元富-林園,2023-10-11,5927
2010,春源,12,0,12,元富-林園,2023-10-11,5927
00715L,期街口布蘭特正2,11,0,11,元富-林園,2023-10-11,5927
1522,堤維西,10,0,10,元富-林園,2023-10-11,5927
2352,佳世達,11,1,10,元富-林園,2023-10-11,5927
3049,精金,10,0,10,元富-林園,2023-10-11,5927
3702,大聯大,10,0,10,元富-林園,2023-10-11,5927
6829,千附精密,11,1,10,元富-林園,2023-10-11,5927
1504,東元,30,21,9,元富-林園,2023-10-11,5927
2025,千興,10,1,9,元富-林園,2023-10-11,5927
2401,凌陽,25,16,9,元富-林園,2023-10-11,5927
3094,聯傑,10,1,9,元富-林園,2023-10-11,5927
3715,定穎投控,48,40,8,元富-林園,2023-10-11,5927
1342,八貫,8,0,8,元富-林園,2023-10-11,5927
2329,華泰,29,21,8,元富-林園,2023-10-11,5927
2399,映泰,13,5,8,元富-林園,2023-10-11,5927
2405,輔信,21,13,8,元富-林園,2023-10-11,5927
4908,前鼎,9,1,8,元富-林園,2023-10-11,5927
5701,劍湖山,8,0,8,元富-林園,2023-10-11,5927
3260,威剛,10,3,7,元富-林園,2023-10-11,5927
2453,凌群,32,25,7,元富-林園,2023-10-11,5927
3013,晟銘電,12,5,7,元富-林園,2023-10-11,5927
3041,揚智,7,0,7,元富-林園,2023-10-11,5927
3163,波若威,11,4,7,元富-林園,2023-10-11,5927
3583,辛耘,11,4,7,元富-林園,2023-10-11,5927
6796,晉弘,8,1,7,元富-林園,2023-10-11,5927
2492,華新科,7,1,6,元富-林園,2023-10-11,5927
00720B,元大投資級公司債,6,0,6,元富-林園,2023-10-11,5927
1612,宏泰,6,0,6,元富-林園,2023-10-11,5927
1709,和益,6,0,6,元富-林園,2023-10-11,5927
2449,京元電子,11,5,6,元富-林園,2023-10-11,5927
2891,中信金,200,45,155,元富-林園,2023-10-12,5927
00919,群益台灣精選高息,102,0,102,元富-林園,2023-10-12,5927
2880,華南金,100,6,94,元富-林園,2023-10-12,5927
2332,友訊,40,0,40,元富-林園,2023-10-12,5927
3313,斐成,40,0,40,元富-林園,2023-10-12,5927
3276,宇環,35,3,32,元富-林園,2023-10-12,5927
2610,華航,29,3,26,元富-林園,2023-10-12,5927
2303,聯電,41,16,25,元富-林園,2023-10-12,5927
2609,陽明,27,3,24,元富-林園,2023-10-12,5927
6213,聯茂,21,0,21,元富-林園,2023-10-12,5927
1802,台玻,17,0,17,元富-林園,2023-10-12,5927
4746,台耀,17,0,17,元富-林園,2023-10-12,5927
00679B,元大美債20年,18,2,16,元富-林園,2023-10-12,5927
00922,國泰台灣領袖50,15,0,15,元富-林園,2023-10-12,5927
2313,華通,30,15,15,元富-林園,2023-10-12,5927
2888,新光金,15,1,14,元富-林園,2023-10-12,5927
2365,昆盈,11,0,11,元富-林園,2023-10-12,5927
2538,基泰,21,10,11,元富-林園,2023-10-12,5927
1313,聯成,10,0,10,元富-林園,2023-10-12,5927
00918,大華優利高填息30,10,0,10,元富-林園,2023-10-12,5927
2493,揚博,10,0,10,元富-林園,2023-10-12,5927
2606,裕民,10,0,10,元富-林園,2023-10-12,5927
6175,立敦,10,0,10,元富-林園,2023-10-12,5927
2002,中鋼,12,3,9,元富-林園,2023-10-12,5927
2014,中鴻,15,6,9,元富-林園,2023-10-12,5927
2417,圓剛,9,0,9,元富-林園,2023-10-12,5927
3236,千如,11,2,9,元富-林園,2023-10-12,5927
3706,神達,17,9,8,元富-林園,2023-10-12,5927
3306,鼎天,9,1,8,元富-林園,2023-10-12,5927
2390,云辰,11,3,8,元富-林園,2023-10-12,5927
1504,東元,11,4,7,元富-林園,2023-10-12,5927
2883,凱基金,7,0,7,元富-林園,2023-10-12,5927
6216,居易,9,2,7,元富-林園,2023-10-12,5927
1101,台泥,17,10,7,元富-林園,2023-10-12,5927
1301,台塑,7,1,6,元富-林園,2023-10-12,5927
00632R,元大台灣50反1,6,0,6,元富-林園,2023-10-12,5927
00664R,國泰臺灣加權反1,6,0,6,元富-林園,2023-10-12,5927
1736,喬山,6,0,6,元富-林園,2023-10-12,5927
2316,楠梓電,6,0,6,元富-林園,2023-10-12,5927
2404,漢唐,6,0,6,元富-林園,2023-10-12,5927
2412,中華電,6,0,6,元富-林園,2023-10-12,5927
3094,聯傑,6,0,6,元富-林園,2023-10-12,5927
8024,佑華,6,0,6,元富-林園,2023-10-12,5927
9950,萬國通,6,0,6,元富-林園,2023-10-12,5927
4162,智擎,7,1,6,元富-林園,2023-10-12,5927
2382,廣達,25,19,6,元富-林園,2023-10-12,5927
2489,瑞軒,6,0,6,元富-林園,2023-10-12,5927
00772B,中信高評級公司債,5,0,5,元富-林園,2023-10-12,5927
1609,大亞,5,0,5,元富-林園,2023-10-12,5927
1784,訊聯,5,0,5,元富-林園,2023-10-12,5927
00637L,元大滬深300正2,334,0,334,元富-林園,2023-10-13,5927
2891,中信金,237,13,224,元富-林園,2023-10-13,5927
00918,大華優利高填息30,110,0,110,元富-林園,2023-10-13,5927
00915,凱基優選高股息30,110,0,110,元富-林園,2023-10-13,5927
6284,佳邦,104,2,102,元富-林園,2023-10-13,5927
2538,基泰,80,1,79,元富-林園,2023-10-13,5927
00878,國泰永續高股息,77,3,74,元富-林園,2023-10-13,5927
3231,緯創,60,3,57,元富-林園,2023-10-13,5927
1305,華夏,27,0,27,元富-林園,2023-10-13,5927
5210,寶碩,27,0,27,元富-林園,2023-10-13,5927
2104,國際中橡,26,0,26,元富-林園,2023-10-13,5927
00929,復華台灣科技優息,30,7,23,元富-林園,2023-10-13,5927
3276,宇環,23,0,23,元富-林園,2023-10-13,5927
00772B,中信高評級公司債,21,0,21,元富-林園,2023-10-13,5927
1301,台塑,20,0,20,元富-林園,2023-10-13,5927
1802,台玻,18,0,18,元富-林園,2023-10-13,5927
00720B,元大投資級公司債,17,0,17,元富-林園,2023-10-13,5927
8996,高力,19,2,17,元富-林園,2023-10-13,5927
00900,富邦特選高股息30,17,0,17,元富-林園,2023-10-13,5927
5215,科嘉-KY,21,4,17,元富-林園,2023-10-13,5927
00715L,期街口布蘭特正2,16,0,16,元富-林園,2023-10-13,5927
3481,群創,16,0,16,元富-林園,2023-10-13,5927
9950,萬國通,32,16,16,元富-林園,2023-10-13,5927
2301,光寶科,20,4,16,元富-林園,2023-10-13,5927
00905,FT臺灣Smart,15,0,15,元富-林園,2023-10-13,5927
4763,材料-KY,15,0,15,元富-林園,2023-10-13,5927
2382,廣達,27,12,15,元富-林園,2023-10-13,5927
2388,威盛,27,13,14,元富-林園,2023-10-13,5927
1504,東元,14,0,14,元富-林園,2023-10-13,5927
1905,華紙,16,2,14,元富-林園,2023-10-13,5927
2353,宏��,22,8,14,元富-林園,2023-10-13,5927
3530,晶相光,14,0,14,元富-林園,2023-10-13,5927
00665L,富邦�琤肭磪囓�2,13,0,13,元富-林園,2023-10-13,5927
6005,群益證,13,0,13,元富-林園,2023-10-13,5927
6547,高端疫苗,16,3,13,元富-林園,2023-10-13,5927
2834,臺企銀,12,0,12,元富-林園,2023-10-13,5927
2882,國泰金,12,0,12,元富-林園,2023-10-13,5927
2812,台中銀,12,0,12,元富-林園,2023-10-13,5927
1710,東聯,12,0,12,元富-林園,2023-10-13,5927
2002,中鋼,12,0,12,元富-林園,2023-10-13,5927
2610,華航,32,20,12,元富-林園,2023-10-13,5927
2887,台新金,12,1,11,元富-林園,2023-10-13,5927
3078,僑威,30,20,10,元富-林園,2023-10-13,5927
4979,華星光,13,3,10,元富-林園,2023-10-13,5927
00706L,期元大S＆P日圓正2,10,0,10,元富-林園,2023-10-13,5927
2344,華邦電,10,0,10,元富-林園,2023-10-13,5927
2745,五福,10,0,10,元富-林園,2023-10-13,5927
2892,第一金,10,0,10,元富-林園,2023-10-13,5927
3236,千如,10,0,10,元富-林園,2023-10-13,5927
8150,南茂,10,0,10,元富-林園,2023-10-13,5927
00637L,元大滬深300正2,183,20,163,元富-林園,2023-10-16,5927
00929,復華台灣科技優息,139,0,139,元富-林園,2023-10-16,5927
00720B,元大投資級公司債,120,0,120,元富-林園,2023-10-16,5927
2610,華航,131,54,77,元富-林園,2023-10-16,5927
2344,華邦電,83,15,68,元富-林園,2023-10-16,5927
2323,中環,54,3,51,元富-林園,2023-10-16,5927
00712,復華富時不動產,46,0,46,元富-林園,2023-10-16,5927
00900,富邦特選高股息30,37,0,37,元富-林園,2023-10-16,5927
1909,榮成,32,0,32,元富-林園,2023-10-16,5927
0056,元大高股息,33,1,32,元富-林園,2023-10-16,5927
3706,神達,30,1,29,元富-林園,2023-10-16,5927
2324,仁寶,33,7,26,元富-林園,2023-10-16,5927
2883,凱基金,26,0,26,元富-林園,2023-10-16,5927
3231,緯創,45,19,26,元富-林園,2023-10-16,5927
4552,力達-KY,25,0,25,元富-林園,2023-10-16,5927
3481,群創,20,0,20,元富-林園,2023-10-16,5927
2369,菱生,35,15,20,元富-林園,2023-10-16,5927
2538,基泰,20,1,19,元富-林園,2023-10-16,5927
3013,晟銘電,17,0,17,元富-林園,2023-10-16,5927
3025,星通,22,6,16,元富-林園,2023-10-16,5927
1907,永豐餘,15,0,15,元富-林園,2023-10-16,5927
5009,榮剛,15,0,15,元富-林園,2023-10-16,5927
3017,奇鋐,14,2,12,元富-林園,2023-10-16,5927
2405,輔信,12,0,12,元富-林園,2023-10-16,5927
2834,臺企銀,12,0,12,元富-林園,2023-10-16,5927
00919,群益台灣精選高息,13,1,12,元富-林園,2023-10-16,5927
3202,樺晟,11,0,11,元富-林園,2023-10-16,5927
8996,高力,10,0,10,元富-林園,2023-10-16,5927
00932,兆豐永續高息等權,10,0,10,元富-林園,2023-10-16,5927
1736,喬山,10,0,10,元富-林園,2023-10-16,5927
1802,台玻,11,1,10,元富-林園,2023-10-16,5927
3006,晶豪科,10,0,10,元富-林園,2023-10-16,5927
4532,瑞智,12,2,10,元富-林園,2023-10-16,5927
2363,矽統,34,26,8,元富-林園,2023-10-16,5927
00715L,期街口布蘭特正2,10,2,8,元富-林園,2023-10-16,5927
1529,樂事綠能,8,0,8,元富-林園,2023-10-16,5927
2337,旺宏,8,0,8,元富-林園,2023-10-16,5927
3545,敦泰,10,2,8,元富-林園,2023-10-16,5927
5321,美而快,8,0,8,元富-林園,2023-10-16,5927
2884,玉山金,10,3,7,元富-林園,2023-10-16,5927
3260,威剛,10,3,7,元富-林園,2023-10-16,5927
2329,華泰,26,19,7,元富-林園,2023-10-16,5927
2340,台亞,9,2,7,元富-林園,2023-10-16,5927
4967,十銓,10,3,7,元富-林園,2023-10-16,5927
6753,龍德造船,10,4,6,元富-林園,2023-10-16,5927
2421,建準,7,1,6,元富-林園,2023-10-16,5927
3276,宇環,6,0,6,元富-林園,2023-10-16,5927
1784,訊聯,5,0,5,元富-林園,2023-10-16,5927
4533,協易機,5,0,5,元富-林園,2023-10-16,5927
6548,長科*,5,0,5,元富-林園,2023-10-16,5927
2618,長榮航,157,18,139,元富-林園,2023-10-17,5927
8176,智捷,120,0,120,元富-林園,2023-10-17,5927
3444,利機,80,0,80,元富-林園,2023-10-17,5927
3231,緯創,123,50,73,元富-林園,2023-10-17,5927
00712,復華富時不動產,59,0,59,元富-林園,2023-10-17,5927
00878,國泰永續高股息,51,0,51,元富-林園,2023-10-17,5927
00900,富邦特選高股息30,48,0,48,元富-林園,2023-10-17,5927
3036A,文曄甲特,41,0,41,元富-林園,2023-10-17,5927
2369,菱生,42,2,40,元富-林園,2023-10-17,5927
0056,元大高股息,48,12,36,元富-林園,2023-10-17,5927
2105,正新,30,0,30,元富-林園,2023-10-17,5927
2515,中工,40,10,30,元富-林園,2023-10-17,5927
4763,材料-KY,26,0,26,元富-林園,2023-10-17,5927
00720B,元大投資級公司債,24,0,24,元富-林園,2023-10-17,5927
3227,原相,33,10,23,元富-林園,2023-10-17,5927
4938,和碩,25,2,23,元富-林園,2023-10-17,5927
1905,華紙,20,0,20,元富-林園,2023-10-17,5927
00687B,國泰20年美債,19,0,19,元富-林園,2023-10-17,5927
2610,華航,34,18,16,元富-林園,2023-10-17,5927
3094,聯傑,21,6,15,元富-林園,2023-10-17,5927
1236,宏亞,14,0,14,元富-林園,2023-10-17,5927
6005,群益證,14,0,14,元富-林園,2023-10-17,5927
2605,新興,13,0,13,元富-林園,2023-10-17,5927
1609,大亞,13,0,13,元富-林園,2023-10-17,5927
2323,中環,12,0,12,元富-林園,2023-10-17,5927
5272,笙科,11,0,11,元富-林園,2023-10-17,5927
2880,華南金,12,1,11,元富-林園,2023-10-17,5927
1339,昭輝,10,0,10,元富-林園,2023-10-17,5927
3122,笙泉,14,4,10,元富-林園,2023-10-17,5927
6237,驊訊,20,11,9,元富-林園,2023-10-17,5927
2301,光寶科,9,0,9,元富-林園,2023-10-17,5927
2201,裕隆,9,0,9,元富-林園,2023-10-17,5927
1504,東元,12,3,9,元富-林園,2023-10-17,5927
2352,佳世達,11,2,9,元富-林園,2023-10-17,5927
6530,創威,9,0,9,元富-林園,2023-10-17,5927
1101,台泥,8,0,8,元富-林園,2023-10-17,5927
2314,台揚,8,0,8,元富-林園,2023-10-17,5927
6126,信音,9,1,8,元富-林園,2023-10-17,5927
6274,台燿,8,0,8,元富-林園,2023-10-17,5927
6282,康舒,10,2,8,元富-林園,2023-10-17,5927
00888,永豐台灣ESG,8,1,7,元富-林園,2023-10-17,5927
00922,國泰台灣領袖50,7,0,7,元富-林園,2023-10-17,5927
2002,中鋼,7,0,7,元富-林園,2023-10-17,5927
2356,英業達,19,12,7,元富-林園,2023-10-17,5927
3715,定穎投控,24,17,7,元富-林園,2023-10-17,5927
2014,中鴻,6,0,6,元富-林園,2023-10-17,5927
2485,兆赫,6,0,6,元富-林園,2023-10-17,5927
3306,鼎天,8,2,6,元富-林園,2023-10-17,5927
6547,高端疫苗,8,2,6,元富-林園,2023-10-17,5927
1605,華新,7,1,6,元富-林園,2023-10-17,5927
00922,國泰台灣領袖50,136,0,136,元富-林園,2023-10-18,5927
00929,復華台灣科技優息,92,2,90,元富-林園,2023-10-18,5927
00878,國泰永續高股息,77,4,73,元富-林園,2023-10-18,5927
2201,裕隆,54,1,53,元富-林園,2023-10-18,5927
1709,和益,47,0,47,元富-林園,2023-10-18,5927
1101,台泥,43,4,39,元富-林園,2023-10-18,5927
3231,緯創,95,64,31,元富-林園,2023-10-18,5927
2344,華邦電,30,2,28,元富-林園,2023-10-18,5927
1815,富喬,30,4,26,元富-林園,2023-10-18,5927
1710,東聯,26,1,25,元富-林園,2023-10-18,5927
2302,麗正,25,1,24,元富-林園,2023-10-18,5927
00900,富邦特選高股息30,23,0,23,元富-林園,2023-10-18,5927
2029,盛餘,22,0,22,元富-林園,2023-10-18,5927
1802,台玻,21,0,21,元富-林園,2023-10-18,5927
3548,兆利,23,2,21,元富-林園,2023-10-18,5927
00720B,元大投資級公司債,20,0,20,元富-林園,2023-10-18,5927
2328,廣宇,20,0,20,元富-林園,2023-10-18,5927
5386,青雲,20,0,20,元富-林園,2023-10-18,5927
6477,安集,20,0,20,元富-林園,2023-10-18,5927
8936,國統,20,0,20,元富-林園,2023-10-18,5927
2002,中鋼,21,2,19,元富-林園,2023-10-18,5927
00932,兆豐永續高息等權,18,0,18,元富-林園,2023-10-18,5927
2353,宏��,19,1,18,元富-林園,2023-10-18,5927
6120,達運,18,0,18,元富-林園,2023-10-18,5927
0056,元大高股息,40,22,18,元富-林園,2023-10-18,5927
6237,驊訊,19,2,17,元富-林園,2023-10-18,5927
3017,奇鋐,23,7,16,元富-林園,2023-10-18,5927
2105,正新,13,0,13,元富-林園,2023-10-18,5927
1314,中石化,36,23,13,元富-林園,2023-10-18,5927
3706,神達,12,0,12,元富-林園,2023-10-18,5927
6243,迅杰,13,1,12,元富-林園,2023-10-18,5927
00712,復華富時不動產,12,1,11,元富-林園,2023-10-18,5927
2618,長榮航,15,4,11,元富-林園,2023-10-18,5927
3481,群創,11,0,11,元富-林園,2023-10-18,5927
2382,廣達,28,17,11,元富-林園,2023-10-18,5927
00905,FT臺灣Smart,10,0,10,元富-林園,2023-10-18,5927
1515,力山,10,0,10,元富-林園,2023-10-18,5927
1522,堤維西,20,10,10,元富-林園,2023-10-18,5927
2314,台揚,10,0,10,元富-林園,2023-10-18,5927
3056,富華新,11,1,10,元富-林園,2023-10-18,5927
4401,東隆興,10,0,10,元富-林園,2023-10-18,5927
4552,力達-KY,10,0,10,元富-林園,2023-10-18,5927
5210,寶碩,10,0,10,元富-林園,2023-10-18,5927
5706,鳳凰,10,0,10,元富-林園,2023-10-18,5927
8054,安國,10,0,10,元富-林園,2023-10-18,5927
8093,保銳,10,0,10,元富-林園,2023-10-18,5927
1304,台聚,9,0,9,元富-林園,2023-10-18,5927
6753,龍德造船,10,1,9,元富-林園,2023-10-18,5927
1236,宏亞,9,0,9,元富-林園,2023-10-18,5927
1905,華紙,9,0,9,元富-林園,2023-10-18,5927
00637L,元大滬深300正2,264,0,264,元富-林園,2023-10-19,5927
1101,台泥,74,2,72,元富-林園,2023-10-19,5927
00882,中信中國高股息,45,0,45,元富-林園,2023-10-19,5927
0056,元大高股息,45,0,45,元富-林園,2023-10-19,5927
00878,國泰永續高股息,51,14,37,元富-林園,2023-10-19,5927
5880,合庫金,35,3,32,元富-林園,2023-10-19,5927
2317,鴻海,32,2,30,元富-林園,2023-10-19,5927
2332,友訊,30,1,29,元富-林園,2023-10-19,5927
3036A,文曄甲特,25,0,25,元富-林園,2023-10-19,5927
2402,毅嘉,28,6,22,元富-林園,2023-10-19,5927
3045,台灣大,22,0,22,元富-林園,2023-10-19,5927
00850,元大臺灣ESG永續,20,0,20,元富-林園,2023-10-19,5927
00712,復華富時不動產,21,3,18,元富-林園,2023-10-19,5927
2328,廣宇,16,0,16,元富-林園,2023-10-19,5927
00772B,中信高評級公司債,15,0,15,元富-林園,2023-10-19,5927
1504,東元,17,2,15,元富-林園,2023-10-19,5927
1802,台玻,15,0,15,元富-林園,2023-10-19,5927
4904,遠傳,15,0,15,元富-林園,2023-10-19,5927
6158,禾昌,19,4,15,元富-林園,2023-10-19,5927
00720B,元大投資級公司債,14,0,14,元富-林園,2023-10-19,5927
00679B,元大美債20年,14,0,14,元富-林園,2023-10-19,5927
3704,合勤控,17,3,14,元富-林園,2023-10-19,5927
00929,復華台灣科技優息,16,2,14,元富-林園,2023-10-19,5927
2356,英業達,34,21,13,元富-林園,2023-10-19,5927
2002,中鋼,13,0,13,元富-林園,2023-10-19,5927
6237,驊訊,19,6,13,元富-林園,2023-10-19,5927
1815,富喬,14,2,12,元富-林園,2023-10-19,5927
2353,宏��,15,3,12,元富-林園,2023-10-19,5927
2610,華航,36,24,12,元富-林園,2023-10-19,5927
2641,正德,14,2,12,元富-林園,2023-10-19,5927
00923,群益台ESG低碳50,11,0,11,元富-林園,2023-10-19,5927
2888,新光金,11,0,11,元富-林園,2023-10-19,5927
3051,力特,21,10,11,元富-林園,2023-10-19,5927
6288,聯嘉,13,2,11,元富-林園,2023-10-19,5927
00751B,元大AAA至A公司債,10,0,10,元富-林園,2023-10-19,5927
3715,定穎投控,57,47,10,元富-林園,2023-10-19,5927
2408,南亞科,10,0,10,元富-林園,2023-10-19,5927
3035,智原,20,10,10,元富-林園,2023-10-19,5927
00632R,元大台灣50反1,60,50,10,元富-林園,2023-10-19,5927
00687B,國泰20年美債,10,0,10,元富-林園,2023-10-19,5927
1524,耿鼎,13,3,10,元富-林園,2023-10-19,5927
2105,正新,10,0,10,元富-林園,2023-10-19,5927
6752,叡揚,10,0,10,元富-林園,2023-10-19,5927
9907,統一實,10,0,10,元富-林園,2023-10-19,5927
1905,華紙,9,0,9,元富-林園,2023-10-19,5927
8467,波力-KY,9,0,9,元富-林園,2023-10-19,5927
2618,長榮航,22,14,8,元富-林園,2023-10-19,5927
6168,宏齊,10,2,8,元富-林園,2023-10-19,5927
1305,華夏,8,0,8,元富-林園,2023-10-19,5927
2208,台船,7,0,7,元富-林園,2023-10-19,5927
00671R,富邦NASDAQ反1,150,0,150,元富-林園,2023-10-20,5927
00929,復華台灣科技優息,103,2,101,元富-林園,2023-10-20,5927
00712,復華富時不動產,60,0,60,元富-林園,2023-10-20,5927
2105,正新,52,0,52,元富-林園,2023-10-20,5927
2002,中鋼,50,0,50,元富-林園,2023-10-20,5927
00878,國泰永續高股息,65,17,48,元富-林園,2023-10-20,5927
2303,聯電,62,16,46,元富-林園,2023-10-20,5927
3444,利機,42,0,42,元富-林園,2023-10-20,5927
00893,國泰智能電動車,42,1,41,元富-林園,2023-10-20,5927
2317,鴻海,39,5,34,元富-林園,2023-10-20,5927
1324,地球,33,1,32,元富-林園,2023-10-20,5927
1808,潤隆,30,0,30,元富-林園,2023-10-20,5927
2405,輔信,24,0,24,元富-林園,2023-10-20,5927
2401,凌陽,56,33,23,元富-林園,2023-10-20,5927
1101,台泥,21,0,21,元富-林園,2023-10-20,5927
2328,廣宇,38,17,21,元富-林園,2023-10-20,5927
00882,中信中國高股息,20,0,20,元富-林園,2023-10-20,5927
3710,連展投控,20,0,20,元富-林園,2023-10-20,5927
0056,元大高股息,17,0,17,元富-林園,2023-10-20,5927
6168,宏齊,17,0,17,元富-林園,2023-10-20,5927
2606,裕民,16,0,16,元富-林園,2023-10-20,5927
1605,華新,20,5,15,元富-林園,2023-10-20,5927
6237,驊訊,24,10,14,元富-林園,2023-10-20,5927
00919,群益台灣精選高息,13,0,13,元富-林園,2023-10-20,5927
1785,光洋科,14,1,13,元富-林園,2023-10-20,5927
00722B,群益投資級電信債,12,0,12,元富-林園,2023-10-20,5927
6770,力積電,12,0,12,元富-林園,2023-10-20,5927
4763,材料-KY,12,1,11,元富-林園,2023-10-20,5927
2883,凱基金,11,0,11,元富-林園,2023-10-20,5927
3363,上詮,11,0,11,元富-林園,2023-10-20,5927
6203,海韻電,10,0,10,元富-林園,2023-10-20,5927
00932,兆豐永續高息等權,10,0,10,元富-林園,2023-10-20,5927
1305,華夏,10,0,10,元富-林園,2023-10-20,5927
4173,久裕,10,0,10,元富-林園,2023-10-20,5927
00637L,元大滬深300正2,9,0,9,元富-林園,2023-10-20,5927
3227,原相,10,1,9,元富-林園,2023-10-20,5927
1216,統一,8,0,8,元富-林園,2023-10-20,5927
1304,台聚,8,0,8,元富-林園,2023-10-20,5927
2107,厚生,8,0,8,元富-林園,2023-10-20,5927
2816,旺旺保,16,8,8,元富-林園,2023-10-20,5927
9950,萬國通,11,3,8,元富-林園,2023-10-20,5927
6235,華孚,7,0,7,元富-林園,2023-10-20,5927
2515,中工,7,0,7,元富-林園,2023-10-20,5927
5425,台半,7,0,7,元富-林園,2023-10-20,5927
2891,中信金,34,27,7,元富-林園,2023-10-20,5927
00687B,國泰20年美債,6,0,6,元富-林園,2023-10-20,5927
1217,愛之味,6,0,6,元富-林園,2023-10-20,5927
2312,金寶,8,2,6,元富-林園,2023-10-20,5927
2314,台揚,6,0,6,元富-林園,2023-10-20,5927
2340,台亞,6,0,6,元富-林園,2023-10-20,5927
00637L,元大滬深300正2,101,0,101,元富-林園,2023-10-23,5927
2317,鴻海,105,15,90,元富-林園,2023-10-23,5927
00929,復華台灣科技優息,79,0,79,元富-林園,2023-10-23,5927
2409,友達,70,3,67,元富-林園,2023-10-23,5927
2883,凱基金,61,11,50,元富-林園,2023-10-23,5927
2401,凌陽,71,28,43,元富-林園,2023-10-23,5927
6237,驊訊,41,3,38,元富-林園,2023-10-23,5927
00878,國泰永續高股息,43,6,37,元富-林園,2023-10-23,5927
00712,復華富時不動產,36,0,36,元富-林園,2023-10-23,5927
3481,群創,35,3,32,元富-林園,2023-10-23,5927
00933B,國泰10Y+金融債,51,20,31,元富-林園,2023-10-23,5927
4919,新唐,26,1,25,元富-林園,2023-10-23,5927
2002,中鋼,23,0,23,元富-林園,2023-10-23,5927
3444,利機,23,0,23,元富-林園,2023-10-23,5927
3704,合勤控,25,3,22,元富-林園,2023-10-23,5927
00919,群益台灣精選高息,21,1,20,元富-林園,2023-10-23,5927
3032,偉訓,21,1,20,元富-林園,2023-10-23,5927
6156,松上,17,1,16,元富-林園,2023-10-23,5927
2344,華邦電,16,1,15,元富-林園,2023-10-23,5927
2303,聯電,25,11,14,元富-林園,2023-10-23,5927
2388,威盛,16,2,14,元富-林園,2023-10-23,5927
2449,京元電子,27,13,14,元富-林園,2023-10-23,5927
2610,華航,21,7,14,元富-林園,2023-10-23,5927
00922,國泰台灣領袖50,13,0,13,元富-林園,2023-10-23,5927
00720B,元大投資級公司債,12,0,12,元富-林園,2023-10-23,5927
6770,力積電,12,0,12,元富-林園,2023-10-23,5927
3264,欣銓,11,0,11,元富-林園,2023-10-23,5927
3227,原相,12,1,11,元富-林園,2023-10-23,5927
6530,創威,15,4,11,元富-林園,2023-10-23,5927
2382,廣達,13,3,10,元富-林園,2023-10-23,5927
00830,國泰費城半導體,10,0,10,元富-林園,2023-10-23,5927
00757,統一FANG+,10,0,10,元富-林園,2023-10-23,5927
1907,永豐餘,10,0,10,元富-林園,2023-10-23,5927
2457,飛宏,11,1,10,元富-林園,2023-10-23,5927
0050,元大台灣50,9,0,9,元富-林園,2023-10-23,5927
2356,英業達,19,10,9,元富-林園,2023-10-23,5927
5880,合庫金,9,0,9,元富-林園,2023-10-23,5927
00715L,期街口布蘭特正2,8,0,8,元富-林園,2023-10-23,5927
1711,永光,13,5,8,元富-林園,2023-10-23,5927
2812,台中銀,8,0,8,元富-林園,2023-10-23,5927
0056,元大高股息,12,4,8,元富-林園,2023-10-23,5927
8467,波力-KY,7,0,7,元富-林園,2023-10-23,5927
1605,華新,6,0,6,元富-林園,2023-10-23,5927
2376,技嘉,8,2,6,元富-林園,2023-10-23,5927
3017,奇鋐,22,16,6,元富-林園,2023-10-23,5927
3617,碩天,6,0,6,元富-林園,2023-10-23,5927
4763,材料-KY,8,2,6,元富-林園,2023-10-23,5927
6282,康舒,8,2,6,元富-林園,2023-10-23,5927
00850,元大臺灣ESG永續,5,0,5,元富-林園,2023-10-23,5927
00892,富邦台灣半導體,5,0,5,元富-林園,2023-10-23,5927
00637L,元大滬深300正2,250,153,97,元富-林園,2023-10-24,5927
3041,揚智,102,17,85,元富-林園,2023-10-24,5927
00712,復華富時不動產,38,0,38,元富-林園,2023-10-24,5927
2883,凱基金,41,4,37,元富-林園,2023-10-24,5927
2317,鴻海,59,24,35,元富-林園,2023-10-24,5927
2303,聯電,68,34,34,元富-林園,2023-10-24,5927
2002,中鋼,37,6,31,元富-林園,2023-10-24,5927
2323,中環,31,0,31,元富-林園,2023-10-24,5927
2369,菱生,58,31,27,元富-林園,2023-10-24,5927
5471,松翰,25,0,25,元富-林園,2023-10-24,5927
0056,元大高股息,24,0,24,元富-林園,2023-10-24,5927
3078,僑威,18,2,16,元富-林園,2023-10-24,5927
00929,復華台灣科技優息,14,0,14,元富-林園,2023-10-24,5927
2881,富邦金,11,0,11,元富-林園,2023-10-24,5927
3576,聯合再生,11,0,11,元富-林園,2023-10-24,5927
9105,泰金寶-DR,11,0,11,元富-林園,2023-10-24,5927
1432,大魯閣,10,0,10,元富-林園,2023-10-24,5927
2882,國泰金,10,0,10,元富-林園,2023-10-24,5927
1808,潤隆,10,0,10,元富-林園,2023-10-24,5927
2606,裕民,10,0,10,元富-林園,2023-10-24,5927
3047,訊舟,10,0,10,元富-林園,2023-10-24,5927
3706,神達,12,2,10,元富-林園,2023-10-24,5927
6129,普誠,10,0,10,元富-林園,2023-10-24,5927
6585,鼎基,12,2,10,元富-林園,2023-10-24,5927
8033,雷虎,10,0,10,元富-林園,2023-10-24,5927
00830,國泰費城半導體,9,0,9,元富-林園,2023-10-24,5927
00878,國泰永續高股息,8,0,8,元富-林園,2023-10-24,5927
3013,晟銘電,8,0,8,元富-林園,2023-10-24,5927
4714,永捷,20,12,8,元富-林園,2023-10-24,5927
2344,華邦電,9,2,7,元富-林園,2023-10-24,5927
4542,科嶠,8,1,7,元富-林園,2023-10-24,5927
5272,笙科,7,0,7,元富-林園,2023-10-24,5927
6120,達運,7,0,7,元富-林園,2023-10-24,5927
6168,宏齊,8,1,7,元富-林園,2023-10-24,5927
2892,第一金,6,0,6,元富-林園,2023-10-24,5927
3483,力致,8,2,6,元富-林園,2023-10-24,5927
6148,驊宏資,6,0,6,元富-林園,2023-10-24,5927
6541,泰福-KY,8,2,6,元富-林園,2023-10-24,5927
8110,華東,7,1,6,元富-林園,2023-10-24,5927
1409,新纖,5,0,5,元富-林園,2023-10-24,5927
00752,中信中國50,5,0,5,元富-林園,2023-10-24,5927
00662,富邦NASDAQ,5,0,5,元富-林園,2023-10-24,5927
00669R,國泰美國道瓊反1,5,0,5,元富-林園,2023-10-24,5927
00850,元大臺灣ESG永續,5,0,5,元富-林園,2023-10-24,5927
00900,富邦特選高股息30,5,0,5,元富-林園,2023-10-24,5927
00897,富邦基因免疫生技,5,0,5,元富-林園,2023-10-24,5927
00923,群益台ESG低碳50,5,0,5,元富-林園,2023-10-24,5927
2014,中鴻,5,0,5,元富-林園,2023-10-24,5927
2379,瑞昱,5,0,5,元富-林園,2023-10-24,5927
2915,潤泰全,5,0,5,元富-林園,2023-10-24,5927
8110,華東,111,16,95,元富-林園,2023-10-25,5927
6592,和潤企業,45,0,45,元富-林園,2023-10-25,5927
1453,大將,30,0,30,元富-林園,2023-10-25,5927
8240,華宏,30,0,30,元富-林園,2023-10-25,5927
2337,旺宏,27,0,27,元富-林園,2023-10-25,5927
00712,復華富時不動產,22,0,22,元富-林園,2023-10-25,5927
00679B,元大美債20年,21,0,21,元富-林園,2023-10-25,5927
9105,泰金寶-DR,20,0,20,元富-林園,2023-10-25,5927
3006,晶豪科,19,2,17,元富-林園,2023-10-25,5927
1522,堤維西,22,7,15,元富-林園,2023-10-25,5927
5392,能率,15,0,15,元富-林園,2023-10-25,5927
2382,廣達,24,9,15,元富-林園,2023-10-25,5927
2402,毅嘉,22,8,14,元富-林園,2023-10-25,5927
3122,笙泉,17,3,14,元富-林園,2023-10-25,5927
3481,群創,23,9,14,元富-林園,2023-10-25,5927
2313,華通,16,3,13,元富-林園,2023-10-25,5927
2606,裕民,11,0,11,元富-林園,2023-10-25,5927
1524,耿鼎,35,24,11,元富-林園,2023-10-25,5927
5381,合正,11,0,11,元富-林園,2023-10-25,5927
6443,元晶,11,0,11,元富-林園,2023-10-25,5927
3027,盛達,10,0,10,元富-林園,2023-10-25,5927
3380,明泰,12,2,10,元富-林園,2023-10-25,5927
6237,驊訊,15,5,10,元富-林園,2023-10-25,5927
5272,笙科,11,1,10,元富-林園,2023-10-25,5927
0056,元大高股息,9,0,9,元富-林園,2023-10-25,5927
2426,鼎元,10,1,9,元富-林園,2023-10-25,5927
6117,迎廣,11,2,9,元富-林園,2023-10-25,5927
2367,燿華,8,0,8,元富-林園,2023-10-25,5927
8044,網家,10,2,8,元富-林園,2023-10-25,5927
8476,台境*,8,0,8,元富-林園,2023-10-25,5927
2344,華邦電,11,4,7,元富-林園,2023-10-25,5927
2409,友達,12,5,7,元富-林園,2023-10-25,5927
4763,材料-KY,15,8,7,元富-林園,2023-10-25,5927
00923,群益台ESG低碳50,7,0,7,元富-林園,2023-10-25,5927
1568,倉佑,6,0,6,元富-林園,2023-10-25,5927
2031,新光鋼,6,0,6,元富-林園,2023-10-25,5927
2206,三陽工業,6,0,6,元富-林園,2023-10-25,5927
2421,建準,6,0,6,元富-林園,2023-10-25,5927
2882,國泰金,6,0,6,元富-林園,2023-10-25,5927
6695,芯鼎,6,0,6,元富-林園,2023-10-25,5927
00850,元大臺灣ESG永續,5,0,5,元富-林園,2023-10-25,5927
1514,亞力,5,0,5,元富-林園,2023-10-25,5927
2324,仁寶,5,0,5,元富-林園,2023-10-25,5927
5302,太欣,5,0,5,元富-林園,2023-10-25,5927
3701,大眾控,5,0,5,元富-林園,2023-10-25,5927
3035,智原,29,24,5,元富-林園,2023-10-25,5927
2834,臺企銀,5,0,5,元富-林園,2023-10-25,5927
00902,中信電池及儲能,4,0,4,元富-林園,2023-10-25,5927
3231,緯創,35,31,4,元富-林園,2023-10-25,5927
2308,台達電,5,1,4,元富-林園,2023-10-25,5927
2880,華南金,245,0,245,元富-林園,2023-10-26,5927
00885,富邦越南,123,0,123,元富-林園,2023-10-26,5927
00929,復華台灣科技優息,77,13,64,元富-林園,2023-10-26,5927
2303,聯電,78,14,64,元富-林園,2023-10-26,5927
2344,華邦電,42,0,42,元富-林園,2023-10-26,5927
2328,廣宇,41,0,41,元富-林園,2023-10-26,5927
0056,元大高股息,73,32,41,元富-林園,2023-10-26,5927
2369,菱生,67,28,39,元富-林園,2023-10-26,5927
2340,台亞,32,0,32,元富-林園,2023-10-26,5927
3322,建舜電,31,0,31,元富-林園,2023-10-26,5927
2883,凱基金,29,0,29,元富-林園,2023-10-26,5927
2002,中鋼,28,1,27,元富-林園,2023-10-26,5927
6237,驊訊,29,4,25,元富-林園,2023-10-26,5927
00919,群益台灣精選高息,24,0,24,元富-林園,2023-10-26,5927
2337,旺宏,24,3,21,元富-林園,2023-10-26,5927
6122,擎邦,23,2,21,元富-林園,2023-10-26,5927
3707,漢磊,20,0,20,元富-林園,2023-10-26,5927
00882,中信中國高股息,20,1,19,元富-林園,2023-10-26,5927
1301,台塑,19,0,19,元富-林園,2023-10-26,5927
1326,台化,19,0,19,元富-林園,2023-10-26,5927
5483,中美晶,19,0,19,元富-林園,2023-10-26,5927
00878,國泰永續高股息,30,13,17,元富-林園,2023-10-26,5927
00891,中信關鍵半導體,16,0,16,元富-林園,2023-10-26,5927
00933B,國泰10Y+金融債,15,0,15,元富-林園,2023-10-26,5927
00850,元大臺灣ESG永續,15,0,15,元富-林園,2023-10-26,5927
2409,友達,35,20,15,元富-林園,2023-10-26,5927
2605,新興,50,35,15,元富-林園,2023-10-26,5927
3078,僑威,15,0,15,元富-林園,2023-10-26,5927
6168,宏齊,23,8,15,元富-林園,2023-10-26,5927
3290,東浦,15,1,14,元富-林園,2023-10-26,5927
3552,同致,14,0,14,元富-林園,2023-10-26,5927
5706,鳳凰,12,0,12,元富-林園,2023-10-26,5927
2816,旺旺保,14,2,12,元富-林園,2023-10-26,5927
3227,原相,13,1,12,元富-林園,2023-10-26,5927
00631L,元大台灣50正2,13,2,11,元富-林園,2023-10-26,5927
2606,裕民,12,1,11,元富-林園,2023-10-26,5927
2352,佳世達,11,0,11,元富-林園,2023-10-26,5927
6441,廣錠,11,0,11,元富-林園,2023-10-26,5927
2317,鴻海,14,4,10,元富-林園,2023-10-26,5927
2838,聯邦銀,10,0,10,元富-林園,2023-10-26,5927
3122,笙泉,13,3,10,元富-林園,2023-10-26,5927
3376,新日興,10,0,10,元富-林園,2023-10-26,5927
4401,東隆興,10,0,10,元富-林園,2023-10-26,5927
2417,圓剛,14,5,9,元富-林園,2023-10-26,5927
6126,信音,9,0,9,元富-林園,2023-10-26,5927
8467,波力-KY,9,0,9,元富-林園,2023-10-26,5927
2363,矽統,14,5,9,元富-林園,2023-10-26,5927
6223,旺矽,8,0,8,元富-林園,2023-10-26,5927
6290,良維,11,3,8,元富-林園,2023-10-26,5927
8358,金居,8,0,8,元富-林園,2023-10-26,5927
5880,合庫金,85,0,85,元富-林園,2023-10-27,5927
00712,復華富時不動產,84,2,82,元富-林園,2023-10-27,5927
2605,新興,89,13,76,元富-林園,2023-10-27,5927
00905,FT臺灣Smart,52,0,52,元富-林園,2023-10-27,5927
00888,永豐台灣ESG,38,0,38,元富-林園,2023-10-27,5927
00922,國泰台灣領袖50,33,0,33,元富-林園,2023-10-27,5927
2883,凱基金,33,0,33,元富-林園,2023-10-27,5927
2002,中鋼,27,3,24,元富-林園,2023-10-27,5927
2340,台亞,23,0,23,元富-林園,2023-10-27,5927
4542,科嶠,28,5,23,元富-林園,2023-10-27,5927
2324,仁寶,22,0,22,元富-林園,2023-10-27,5927
00929,復華台灣科技優息,26,5,21,元富-林園,2023-10-27,5927
4919,新唐,22,1,21,元富-林園,2023-10-27,5927
4960,誠美材,40,21,19,元富-林園,2023-10-27,5927
2538,基泰,19,1,18,元富-林園,2023-10-27,5927
2303,聯電,18,1,17,元富-林園,2023-10-27,5927
2486,一詮,17,0,17,元富-林園,2023-10-27,5927
00885,富邦越南,17,0,17,元富-林園,2023-10-27,5927
3324,雙鴻,17,0,17,元富-林園,2023-10-27,5927
6541,泰福-KY,15,0,15,元富-林園,2023-10-27,5927
0056,元大高股息,16,2,14,元富-林園,2023-10-27,5927
2363,矽統,38,24,14,元富-林園,2023-10-27,5927
2388,威盛,27,13,14,元富-林園,2023-10-27,5927
2405,輔信,23,9,14,元富-林園,2023-10-27,5927
3041,揚智,19,5,14,元富-林園,2023-10-27,5927
4105,東洋,15,2,13,元富-林園,2023-10-27,5927
5460,同協,20,7,13,元富-林園,2023-10-27,5927
3548,兆利,14,2,12,元富-林園,2023-10-27,5927
2390,云辰,20,8,12,元富-林園,2023-10-27,5927
3017,奇鋐,18,6,12,元富-林園,2023-10-27,5927
5351,鈺創,11,0,11,元富-林園,2023-10-27,5927
2887,台新金,10,0,10,元富-林園,2023-10-27,5927
00923,群益台ESG低碳50,10,0,10,元富-林園,2023-10-27,5927
1326,台化,10,0,10,元富-林園,2023-10-27,5927
2369,菱生,22,12,10,元富-林園,2023-10-27,5927
6237,驊訊,13,4,9,元富-林園,2023-10-27,5927
1721,三晃,12,4,8,元富-林園,2023-10-27,5927
9105,泰金寶-DR,8,0,8,元富-林園,2023-10-27,5927
2317,鴻海,11,4,7,元富-林園,2023-10-27,5927
1304,台聚,7,0,7,元富-林園,2023-10-27,5927
2208,台船,7,0,7,元富-林園,2023-10-27,5927
2884,玉山金,6,0,6,元富-林園,2023-10-27,5927
2449,京元電子,18,12,6,元富-林園,2023-10-27,5927
1524,耿鼎,10,4,6,元富-林園,2023-10-27,5927
2401,凌陽,18,12,6,元富-林園,2023-10-27,5927
8054,安國,6,0,6,元富-林園,2023-10-27,5927
2880,華南金,6,0,6,元富-林園,2023-10-27,5927
00900,富邦特選高股息30,5,0,5,元富-林園,2023-10-27,5927
8110,華東,7,2,5,元富-林園,2023-10-27,5927
00850,元大臺灣ESG永續,5,0,5,元富-林園,2023-10-27,5927
4960,誠美材,133,11,122,元富-林園,2023-10-30,5927
3322,建舜電,70,1,69,元富-林園,2023-10-30,5927
8110,華東,48,0,48,元富-林園,2023-10-30,5927
2801,彰銀,41,0,41,元富-林園,2023-10-30,5927
0056,元大高股息,43,4,39,元富-林園,2023-10-30,5927
3041,揚智,37,0,37,元富-林園,2023-10-30,5927
00712,復華富時不動產,32,0,32,元富-林園,2023-10-30,5927
2317,鴻海,101,73,28,元富-林園,2023-10-30,5927
2610,華航,37,13,24,元富-林園,2023-10-30,5927
1609,大亞,24,2,22,元富-林園,2023-10-30,5927
2328,廣宇,22,0,22,元富-林園,2023-10-30,5927
2408,南亞科,20,0,20,元富-林園,2023-10-30,5927
2337,旺宏,19,1,18,元富-林園,2023-10-30,5927
2882,國泰金,16,0,16,元富-林園,2023-10-30,5927
3481,群創,18,2,16,元富-林園,2023-10-30,5927
00878,國泰永續高股息,14,0,14,元富-林園,2023-10-30,5927
1303,南亞,12,0,12,元富-林園,2023-10-30,5927
2881,富邦金,11,0,11,元富-林園,2023-10-30,5927
2303,聯電,14,3,11,元富-林園,2023-10-30,5927
2485,兆赫,41,30,11,元富-林園,2023-10-30,5927
2002,中鋼,11,1,10,元富-林園,2023-10-30,5927
2353,宏��,11,1,10,元富-林園,2023-10-30,5927
3324,雙鴻,15,5,10,元富-林園,2023-10-30,5927
3523,迎輝,10,0,10,元富-林園,2023-10-30,5927
5521,工信,10,0,10,元富-林園,2023-10-30,5927
2380,虹光,9,0,9,元富-林園,2023-10-30,5927
3576,聯合再生,20,11,9,元富-林園,2023-10-30,5927
8054,安國,23,14,9,元富-林園,2023-10-30,5927
3231,緯創,15,7,8,元富-林園,2023-10-30,5927
2340,台亞,7,0,7,元富-林園,2023-10-30,5927
3491,昇達科,7,0,7,元富-林園,2023-10-30,5927
5410,國眾,7,0,7,元富-林園,2023-10-30,5927
6182,合晶,7,0,7,元富-林園,2023-10-30,5927
8938,明安,7,0,7,元富-林園,2023-10-30,5927
2886,兆豐金,7,1,6,元富-林園,2023-10-30,5927
00922,國泰台灣領袖50,6,0,6,元富-林園,2023-10-30,5927
1305,華夏,6,0,6,元富-林園,2023-10-30,5927
2363,矽統,8,2,6,元富-林園,2023-10-30,5927
2462,良得電,11,5,6,元富-林園,2023-10-30,5927
3710,連展投控,6,0,6,元富-林園,2023-10-30,5927
4934,太極,10,4,6,元富-林園,2023-10-30,5927
6505,台塑化,6,0,6,元富-林園,2023-10-30,5927
1471,首利,5,0,5,元富-林園,2023-10-30,5927
1326,台化,5,0,5,元富-林園,2023-10-30,5927
00680L,元大美債20正2,5,0,5,元富-林園,2023-10-30,5927
3596,智易,5,0,5,元富-林園,2023-10-30,5927
3669,圓展,7,2,5,元富-林園,2023-10-30,5927
4174,浩鼎,7,2,5,元富-林園,2023-10-30,5927
6462,神盾,5,0,5,元富-林園,2023-10-30,5927
8086,宏捷科,8,3,5,元富-林園,2023-10-30,5927
2405,輔信,67,0,67,元富-林園,2023-10-31,5927
4960,誠美材,66,0,66,元富-林園,2023-10-31,5927
1314,中石化,66,17,49,元富-林園,2023-10-31,5927
3231,緯創,52,30,22,元富-林園,2023-10-31,5927
2323,中環,21,0,21,元富-林園,2023-10-31,5927
3444,利機,27,6,21,元富-林園,2023-10-31,5927
2401,凌陽,23,3,20,元富-林園,2023-10-31,5927
2356,英業達,26,7,19,元富-林園,2023-10-31,5927
00919,群益台灣精選高息,18,0,18,元富-林園,2023-10-31,5927
0056,元大高股息,35,17,18,元富-林園,2023-10-31,5927
5210,寶碩,18,1,17,元富-林園,2023-10-31,5927
4108,懷特,16,0,16,元富-林園,2023-10-31,5927
2485,兆赫,39,24,15,元富-林園,2023-10-31,5927
2460,建通,18,4,14,元富-林園,2023-10-31,5927
5425,台半,25,12,13,元富-林園,2023-10-31,5927
6443,元晶,19,6,13,元富-林園,2023-10-31,5927
9951,皇田,13,0,13,元富-林園,2023-10-31,5927
2340,台亞,11,0,11,元富-林園,2023-10-31,5927
3322,建舜電,13,2,11,元富-林園,2023-10-31,5927
00715L,期街口布蘭特正2,10,0,10,元富-林園,2023-10-31,5927
1605,華新,20,10,10,元富-林園,2023-10-31,5927
1710,東聯,11,1,10,元富-林園,2023-10-31,5927
2314,台揚,14,4,10,元富-林園,2023-10-31,5927
2486,一詮,10,0,10,元富-林園,2023-10-31,5927
3290,東浦,10,0,10,元富-林園,2023-10-31,5927
4529,淳紳,10,0,10,元富-林園,2023-10-31,5927
5258,虹堡,11,1,10,元富-林園,2023-10-31,5927
5398,慕康生醫,10,0,10,元富-林園,2023-10-31,5927
6005,群益證,10,0,10,元富-林園,2023-10-31,5927
6129,普誠,10,0,10,元富-林園,2023-10-31,5927
2382,廣達,20,11,9,元富-林園,2023-10-31,5927
2409,友達,31,22,9,元富-林園,2023-10-31,5927
2615,萬海,10,1,9,元富-林園,2023-10-31,5927
3094,聯傑,9,0,9,元富-林園,2023-10-31,5927
3189,景碩,17,8,9,元富-林園,2023-10-31,5927
3324,雙鴻,9,0,9,元富-林園,2023-10-31,5927
3704,合勤控,26,17,9,元富-林園,2023-10-31,5927
8033,雷虎,10,1,9,元富-林園,2023-10-31,5927
2344,華邦電,41,33,8,元富-林園,2023-10-31,5927
1301,台塑,8,0,8,元富-林園,2023-10-31,5927
2417,圓剛,14,6,8,元富-林園,2023-10-31,5927
3036A,文曄甲特,8,0,8,元富-林園,2023-10-31,5927
6117,迎廣,10,2,8,元富-林園,2023-10-31,5927
6770,力積電,27,20,7,元富-林園,2023-10-31,5927
2317,鴻海,21,14,7,元富-林園,2023-10-31,5927
2891,中信金,6,0,6,元富-林園,2023-10-31,5927
1326,台化,6,0,6,元富-林園,2023-10-31,5927
2498,宏達電,6,0,6,元富-林園,2023-10-31,5927
3317,尼克森,6,0,6,元富-林園,2023-10-31,5927
6492,生華科,6,0,6,元富-林園,2023-10-31,5927
00641R,富邦日本反1,95,0,95,元富-林園,2023-11-01,5927
4960,誠美材,82,0,82,元富-林園,2023-11-01,5927
00929,復華台灣科技優息,70,0,70,元富-林園,2023-11-01,5927
2485,兆赫,48,10,38,元富-林園,2023-11-01,5927
2883,凱基金,32,0,32,元富-林園,2023-11-01,5927
1301,台塑,28,0,28,元富-林園,2023-11-01,5927
00878,國泰永續高股息,26,0,26,元富-林園,2023-11-01,5927
8110,華東,26,1,25,元富-林園,2023-11-01,5927
6443,元晶,22,0,22,元富-林園,2023-11-01,5927
00712,復華富時不動產,21,0,21,元富-林園,2023-11-01,5927
2317,鴻海,22,1,21,元富-林園,2023-11-01,5927
4934,太極,20,0,20,元富-林園,2023-11-01,5927
2886,兆豐金,16,0,16,元富-林園,2023-11-01,5927
2636,台驊控股,16,0,16,元富-林園,2023-11-01,5927
2328,廣宇,15,0,15,元富-林園,2023-11-01,5927
00934,中信成長高股息,40,27,13,元富-林園,2023-11-01,5927
00885,富邦越南,13,0,13,元富-林園,2023-11-01,5927
6469,大樹,12,0,12,元富-林園,2023-11-01,5927
2401,凌陽,25,14,11,元富-林園,2023-11-01,5927
00935,野村臺灣新科技50,11,0,11,元富-林園,2023-11-01,5927
1760,寶齡富錦,11,0,11,元富-林園,2023-11-01,5927
00918,大華優利高填息30,10,0,10,元富-林園,2023-11-01,5927
2457,飛宏,18,9,9,元富-林園,2023-11-01,5927
2605,新興,10,1,9,元富-林園,2023-11-01,5927
2607,榮運,9,0,9,元富-林園,2023-11-01,5927
6243,迅杰,10,1,9,元富-林園,2023-11-01,5927
8112,至上,11,2,9,元富-林園,2023-11-01,5927
00679B,元大美債20年,8,0,8,元富-林園,2023-11-01,5927
6282,康舒,8,0,8,元富-林園,2023-11-01,5927
00919,群益台灣精選高息,10,2,8,元富-林園,2023-11-01,5927
2406,國碩,8,0,8,元富-林園,2023-11-01,5927
6796,晉弘,8,0,8,元富-林園,2023-11-01,5927
3481,群創,7,0,7,元富-林園,2023-11-01,5927
5425,台半,7,0,7,元富-林園,2023-11-01,5927
2382,廣達,12,6,6,元富-林園,2023-11-01,5927
2314,台揚,6,0,6,元富-林園,2023-11-01,5927
2363,矽統,34,28,6,元富-林園,2023-11-01,5927
3025,星通,6,0,6,元富-林園,2023-11-01,5927
3363,上詮,6,0,6,元富-林園,2023-11-01,5927
6415,矽力*-KY,6,0,6,元富-林園,2023-11-01,5927
2884,玉山金,5,0,5,元富-林園,2023-11-01,5927
2610,華航,45,40,5,元富-林園,2023-11-01,5927
1326,台化,5,0,5,元富-林園,2023-11-01,5927
1305,華夏,5,0,5,元富-林園,2023-11-01,5927
00923,群益台ESG低碳50,5,0,5,元富-林園,2023-11-01,5927
1605,華新,5,0,5,元富-林園,2023-11-01,5927
2204,中華,5,0,5,元富-林園,2023-11-01,5927
2458,義隆,5,0,5,元富-林園,2023-11-01,5927
3264,欣銓,6,1,5,元富-林園,2023-11-01,5927
4915,致伸,5,0,5,元富-林園,2023-11-01,5927
00680L,元大美債20正2,100,2,98,元富-林園,2023-11-02,5927
00885,富邦越南,52,1,51,元富-林園,2023-11-02,5927
00632R,元大台灣50反1,72,25,47,元富-林園,2023-11-02,5927
2888,新光金,41,0,41,元富-林園,2023-11-02,5927
3481,群創,67,28,39,元富-林園,2023-11-02,5927
00715L,期街口布蘭特正2,25,0,25,元富-林園,2023-11-02,5927
2344,華邦電,32,7,25,元富-林園,2023-11-02,5927
1313,聯成,20,0,20,元富-林園,2023-11-02,5927
00772B,中信高評級公司債,20,0,20,元富-林園,2023-11-02,5927
2313,華通,30,10,20,元富-林園,2023-11-02,5927
2303,聯電,25,6,19,元富-林園,2023-11-02,5927
00878,國泰永續高股息,20,2,18,元富-林園,2023-11-02,5927
2457,飛宏,20,3,17,元富-林園,2023-11-02,5927
5701,劍湖山,16,0,16,元富-林園,2023-11-02,5927
4714,永捷,15,0,15,元富-林園,2023-11-02,5927
2485,兆赫,17,3,14,元富-林園,2023-11-02,5927
6213,聯茂,14,0,14,元富-林園,2023-11-02,5927
3702,大聯大,31,19,12,元富-林園,2023-11-02,5927
3576,聯合再生,11,0,11,元富-林園,2023-11-02,5927
9919,康那香,11,0,11,元富-林園,2023-11-02,5927
2891,中信金,12,2,10,元富-林園,2023-11-02,5927
006206,元大上證50,10,0,10,元富-林園,2023-11-02,5927
1529,樂事綠能,10,0,10,元富-林園,2023-11-02,5927
2367,燿華,19,9,10,元富-林園,2023-11-02,5927
9950,萬國通,10,0,10,元富-林園,2023-11-02,5927
3715,定穎投控,51,43,8,元富-林園,2023-11-02,5927
2405,輔信,21,14,7,元富-林園,2023-11-02,5927
1721,三晃,8,2,6,元富-林園,2023-11-02,5927
2314,台揚,6,0,6,元富-林園,2023-11-02,5927
2421,建準,12,6,6,元富-林園,2023-11-02,5927
2892,第一金,6,1,5,元富-林園,2023-11-02,5927
1216,統一,10,5,5,元富-林園,2023-11-02,5927
2105,正新,10,5,5,元富-林園,2023-11-02,5927
2364,倫飛,7,2,5,元富-林園,2023-11-02,5927
6160,欣技,5,0,5,元富-林園,2023-11-02,5927
00712,復華富時不動產,5,1,4,元富-林園,2023-11-02,5927
1471,首利,4,0,4,元富-林園,2023-11-02,5927
1609,大亞,5,1,4,元富-林園,2023-11-02,5927
6117,迎廣,4,0,4,元富-林園,2023-11-02,5927
6168,宏齊,7,3,4,元富-林園,2023-11-02,5927
8050,廣積,4,0,4,元富-林園,2023-11-02,5927
2883,凱基金,3,0,3,元富-林園,2023-11-02,5927
9945,潤泰新,3,0,3,元富-林園,2023-11-02,5927
00664R,國泰臺灣加權反1,3,0,3,元富-林園,2023-11-02,5927
1795,美時,4,1,3,元富-林園,2023-11-02,5927
2069,運錩,3,0,3,元富-林園,2023-11-02,5927
2107,厚生,3,0,3,元富-林園,2023-11-02,5927
2365,昆盈,9,6,3,元富-林園,2023-11-02,5927
3035,智原,11,8,3,元富-林園,2023-11-02,5927
3041,揚智,13,10,3,元富-林園,2023-11-02,5927
2888,新光金,101,11,90,元富-林園,2023-11-03,5927
00885,富邦越南,53,0,53,元富-林園,2023-11-03,5927
2323,中環,52,0,52,元富-林園,2023-11-03,5927
2363,矽統,118,68,50,元富-林園,2023-11-03,5927
00712,復華富時不動產,55,5,50,元富-林園,2023-11-03,5927
6292,迅德,50,0,50,元富-林園,2023-11-03,5927
4532,瑞智,41,0,41,元富-林園,2023-11-03,5927
00934,中信成長高股息,48,11,37,元富-林園,2023-11-03,5927
00850,元大臺灣ESG永續,32,0,32,元富-林園,2023-11-03,5927
0056,元大高股息,31,2,29,元富-林園,2023-11-03,5927
3041,揚智,38,11,27,元富-林園,2023-11-03,5927
3548,兆利,26,0,26,元富-林園,2023-11-03,5927
00919,群益台灣精選高息,25,0,25,元富-林園,2023-11-03,5927
00918,大華優利高填息30,25,0,25,元富-林園,2023-11-03,5927
00679B,元大美債20年,30,7,23,元富-林園,2023-11-03,5927
00642U,期元大S＆P石油,22,0,22,元富-林園,2023-11-03,5927
2485,兆赫,34,12,22,元富-林園,2023-11-03,5927
8150,南茂,36,15,21,元富-林園,2023-11-03,5927
4953,緯軟,20,0,20,元富-林園,2023-11-03,5927
00931B,統一美債20年,20,0,20,元富-林園,2023-11-03,5927
2885,元大金,20,1,19,元富-林園,2023-11-03,5927
4960,誠美材,17,0,17,元富-林園,2023-11-03,5927
2401,凌陽,16,1,15,元富-林園,2023-11-03,5927
00878,國泰永續高股息,15,0,15,元富-林園,2023-11-03,5927
00935,野村臺灣新科技50,12,0,12,元富-林園,2023-11-03,5927
00632R,元大台灣50反1,12,0,12,元富-林園,2023-11-03,5927
2014,中鴻,12,0,12,元富-林園,2023-11-03,5927
2017,官田鋼,11,0,11,元富-林園,2023-11-03,5927
6418,詠昇,11,0,11,元富-林園,2023-11-03,5927
9945,潤泰新,10,0,10,元富-林園,2023-11-03,5927
2332,友訊,10,0,10,元富-林園,2023-11-03,5927
5490,同亨,11,1,10,元富-林園,2023-11-03,5927
5706,鳳凰,10,0,10,元富-林園,2023-11-03,5927
8054,安國,10,0,10,元富-林園,2023-11-03,5927
3706,神達,11,2,9,元富-林園,2023-11-03,5927
4908,前鼎,13,4,9,元富-林園,2023-11-03,5927
4919,新唐,13,4,9,元富-林園,2023-11-03,5927
6133,金橋,11,2,9,元富-林園,2023-11-03,5927
2369,菱生,8,0,8,元富-林園,2023-11-03,5927
2317,鴻海,17,10,7,元富-林園,2023-11-03,5927
6117,迎廣,7,0,7,元富-林園,2023-11-03,5927
00720B,元大投資級公司債,10,3,7,元富-林園,2023-11-03,5927
2417,圓剛,19,12,7,元富-林園,2023-11-03,5927
6531,愛普*,12,5,7,元富-林園,2023-11-03,5927
00902,中信電池及儲能,6,0,6,元富-林園,2023-11-03,5927
5321,美而快,6,0,6,元富-林園,2023-11-03,5927
6235,華孚,10,4,6,元富-林園,2023-11-03,5927
2382,廣達,9,4,5,元富-林園,2023-11-03,5927
00706L,期元大S＆P日圓正2,5,0,5,元富-林園,2023-11-03,5927
2449,京元電子,5,0,5,元富-林園,2023-11-03,5927
2504,國產,80,1,79,元富-林園,2023-11-06,5927
3444,利機,78,0,78,元富-林園,2023-11-06,5927
6292,迅德,50,0,50,元富-林園,2023-11-06,5927
2618,長榮航,72,24,48,元富-林園,2023-11-06,5927
00878,國泰永續高股息,48,0,48,元富-林園,2023-11-06,5927
1721,三晃,52,6,46,元富-林園,2023-11-06,5927
3094,聯傑,37,4,33,元富-林園,2023-11-06,5927
3376,新日興,32,0,32,元富-林園,2023-11-06,5927
2303,聯電,39,11,28,元富-林園,2023-11-06,5927
2855,統一證,20,0,20,元富-林園,2023-11-06,5927
1808,潤隆,20,0,20,元富-林園,2023-11-06,5927
6530,創威,19,0,19,元富-林園,2023-11-06,5927
1524,耿鼎,18,0,18,元富-林園,2023-11-06,5927
0056,元大高股息,20,3,17,元富-林園,2023-11-06,5927
2363,矽統,92,76,16,元富-林園,2023-11-06,5927
00713,元大台灣高息低波,15,0,15,元富-林園,2023-11-06,5927
4953,緯軟,15,0,15,元富-林園,2023-11-06,5927
2412,中華電,12,0,12,元富-林園,2023-11-06,5927
3078,僑威,12,0,12,元富-林園,2023-11-06,5927
6770,力積電,20,8,12,元富-林園,2023-11-06,5927
2834,臺企銀,10,0,10,元富-林園,2023-11-06,5927
00850,元大臺灣ESG永續,10,0,10,元富-林園,2023-11-06,5927
1810,和成,10,0,10,元富-林園,2023-11-06,5927
3205,佰研,10,0,10,元富-林園,2023-11-06,5927
5521,工信,10,0,10,元富-林園,2023-11-06,5927
2486,一詮,15,6,9,元富-林園,2023-11-06,5927
2388,威盛,43,35,8,元富-林園,2023-11-06,5927
2892,第一金,9,2,7,元富-林園,2023-11-06,5927
00632R,元大台灣50反1,7,0,7,元富-林園,2023-11-06,5927
2365,昆盈,17,10,7,元富-林園,2023-11-06,5927
8150,南茂,12,5,7,元富-林園,2023-11-06,5927
2603,長榮,7,1,6,元富-林園,2023-11-06,5927
1227,佳格,6,0,6,元富-林園,2023-11-06,5927
00720B,元大投資級公司債,5,0,5,元富-林園,2023-11-06,5927
1402,遠東新,4,0,4,元富-林園,2023-11-06,5927
1503,士電,5,1,4,元富-林園,2023-11-06,5927
3596,智易,4,0,4,元富-林園,2023-11-06,5927
4960,誠美材,4,0,4,元富-林園,2023-11-06,5927
6139,亞翔,5,1,4,元富-林園,2023-11-06,5927
6148,驊宏資,4,0,4,元富-林園,2023-11-06,5927
6643,M31,5,1,4,元富-林園,2023-11-06,5927
6789,采鈺,5,1,4,元富-林園,2023-11-06,5927
8110,華東,6,2,4,元富-林園,2023-11-06,5927
2201,裕隆,3,0,3,元富-林園,2023-11-06,5927
00664R,國泰臺灣加權反1,3,0,3,元富-林園,2023-11-06,5927
2332,友訊,10,7,3,元富-林園,2023-11-06,5927
2353,宏��,5,2,3,元富-林園,2023-11-06,5927
2597,潤弘,3,0,3,元富-林園,2023-11-06,5927
3036,文曄,8,5,3,元富-林園,2023-11-06,5927
4162,智擎,3,0,3,元富-林園,2023-11-06,5927
2002,中鋼,44,1,43,元富-林園,2023-11-07,5927
2610,華航,44,1,43,元富-林園,2023-11-07,5927
4532,瑞智,40,2,38,元富-林園,2023-11-07,5927
2883,凱基金,36,0,36,元富-林園,2023-11-07,5927
00878,國泰永續高股息,38,2,36,元富-林園,2023-11-07,5927
6125,廣運,35,0,35,元富-林園,2023-11-07,5927
3376,新日興,63,33,30,元富-林園,2023-11-07,5927
2317,鴻海,26,1,25,元富-林園,2023-11-07,5927
5706,鳳凰,25,0,25,元富-林園,2023-11-07,5927
2303,聯電,33,11,22,元富-林園,2023-11-07,5927
00637L,元大滬深300正2,20,0,20,元富-林園,2023-11-07,5927
1721,三晃,29,12,17,元富-林園,2023-11-07,5927
1524,耿鼎,27,11,16,元富-林園,2023-11-07,5927
2417,圓剛,22,6,16,元富-林園,2023-11-07,5927
2485,兆赫,20,5,15,元富-林園,2023-11-07,5927
1781,合世,14,0,14,元富-林園,2023-11-07,5927
1815,富喬,37,23,14,元富-林園,2023-11-07,5927
6213,聯茂,14,0,14,元富-林園,2023-11-07,5927
3324,雙鴻,11,0,11,元富-林園,2023-11-07,5927
2233,宇隆,11,0,11,元富-林園,2023-11-07,5927
2324,仁寶,9,0,9,元富-林園,2023-11-07,5927
2515,中工,21,12,9,元富-林園,2023-11-07,5927
3576,聯合再生,10,1,9,元富-林園,2023-11-07,5927
6443,元晶,10,1,9,元富-林園,2023-11-07,5927
6197,佳必琪,11,3,8,元富-林園,2023-11-07,5927
2017,官田鋼,7,0,7,元富-林園,2023-11-07,5927
00934,中信成長高股息,6,0,6,元富-林園,2023-11-07,5927
1808,潤隆,6,0,6,元富-林園,2023-11-07,5927
2344,華邦電,11,5,6,元富-林園,2023-11-07,5927
2390,云辰,6,0,6,元富-林園,2023-11-07,5927
2486,一詮,7,1,6,元富-林園,2023-11-07,5927
2488,漢平,6,0,6,元富-林園,2023-11-07,5927
2636,台驊控股,6,0,6,元富-林園,2023-11-07,5927
3380,明泰,6,0,6,元富-林園,2023-11-07,5927
3531,先益,6,0,6,元富-林園,2023-11-07,5927
6139,亞翔,7,1,6,元富-林園,2023-11-07,5927
9105,泰金寶-DR,6,0,6,元富-林園,2023-11-07,5927
1216,統一,5,0,5,元富-林園,2023-11-07,5927
2359,所羅門,7,2,5,元富-林園,2023-11-07,5927
2367,燿華,5,0,5,元富-林園,2023-11-07,5927
2484,希華,5,0,5,元富-林園,2023-11-07,5927
2816,旺旺保,10,5,5,元富-林園,2023-11-07,5927
2888,新光金,5,0,5,元富-林園,2023-11-07,5927
3710,連展投控,5,0,5,元富-林園,2023-11-07,5927
6541,泰福-KY,5,0,5,元富-林園,2023-11-07,5927
6695,芯鼎,5,0,5,元富-林園,2023-11-07,5927
2388,威盛,13,9,4,元富-林園,2023-11-07,5927
6526,達發,5,1,4,元富-林園,2023-11-07,5927
2062,橋椿,4,0,4,元富-林園,2023-11-07,5927
2401,凌陽,38,34,4,元富-林園,2023-11-07,5927
00878,國泰永續高股息,171,0,171,元富-林園,2023-11-08,5927
2618,長榮航,152,15,137,元富-林園,2023-11-08,5927
4960,誠美材,100,0,100,元富-林園,2023-11-08,5927
00936,台新永續高息中小,161,91,70,元富-林園,2023-11-08,5927
4532,瑞智,60,0,60,元富-林園,2023-11-08,5927
2610,華航,46,1,45,元富-林園,2023-11-08,5927
2363,矽統,151,109,42,元富-林園,2023-11-08,5927
2884,玉山金,36,0,36,元富-林園,2023-11-08,5927
8110,華東,49,13,36,元富-林園,2023-11-08,5927
00715L,期街口布蘭特正2,33,0,33,元富-林園,2023-11-08,5927
2303,聯電,32,1,31,元富-林園,2023-11-08,5927
2412,中華電,28,0,28,元富-林園,2023-11-08,5927
3041,揚智,71,45,26,元富-林園,2023-11-08,5927
2388,威盛,33,11,22,元富-林園,2023-11-08,5927
2485,兆赫,41,19,22,元富-林園,2023-11-08,5927
0056,元大高股息,22,2,20,元富-林園,2023-11-08,5927
1815,富喬,26,7,19,元富-林園,2023-11-08,5927
2453,凌群,33,15,18,元富-林園,2023-11-08,5927
2328,廣宇,16,0,16,元富-林園,2023-11-08,5927
2356,英業達,42,27,15,元富-林園,2023-11-08,5927
3317,尼克森,17,3,14,元富-林園,2023-11-08,5927
3708,上緯投控,14,1,13,元富-林園,2023-11-08,5927
2376,技嘉,24,12,12,元富-林園,2023-11-08,5927
2323,中環,12,0,12,元富-林園,2023-11-08,5927
2460,建通,12,0,12,元富-林園,2023-11-08,5927
5321,美而快,12,0,12,元富-林園,2023-11-08,5927
4743,合一,15,4,11,元富-林園,2023-11-08,5927
2527,宏璟,10,0,10,元富-林園,2023-11-08,5927
4401,東隆興,10,0,10,元富-林園,2023-11-08,5927
6187,萬潤,10,0,10,元富-林園,2023-11-08,5927
6415,矽力*-KY,10,0,10,元富-林園,2023-11-08,5927
2317,鴻海,21,12,9,元富-林園,2023-11-08,5927
3017,奇鋐,20,11,9,元富-林園,2023-11-08,5927
6191,精成科,9,0,9,元富-林園,2023-11-08,5927
5351,鈺創,10,3,7,元富-林園,2023-11-08,5927
6202,盛群,8,1,7,元富-林園,2023-11-08,5927
2603,長榮,7,1,6,元富-林園,2023-11-08,5927
00923,群益台ESG低碳50,5,0,5,元富-林園,2023-11-08,5927
00664R,國泰臺灣加權反1,5,0,5,元富-林園,2023-11-08,5927
00687B,國泰20年美債,5,0,5,元富-林園,2023-11-08,5927
00898,國泰基因免疫革命,5,0,5,元富-林園,2023-11-08,5927
2014,中鴻,5,0,5,元富-林園,2023-11-08,5927
2313,華通,11,6,5,元富-林園,2023-11-08,5927
2436,偉詮電,5,0,5,元富-林園,2023-11-08,5927
2515,中工,5,0,5,元富-林園,2023-11-08,5927
3617,碩天,5,0,5,元富-林園,2023-11-08,5927
4157,太景*-KY,5,0,5,元富-林園,2023-11-08,5927
4763,材料-KY,7,2,5,元富-林園,2023-11-08,5927
6579,研揚,5,0,5,元富-林園,2023-11-08,5927
2308,台達電,4,0,4,元富-林園,2023-11-08,5927
4532,瑞智,99,0,99,元富-林園,2023-11-09,5927
2363,矽統,105,28,77,元富-林園,2023-11-09,5927
2356,英業達,54,3,51,元富-林園,2023-11-09,5927
3617,碩天,51,0,51,元富-林園,2023-11-09,5927
2891,中信金,40,11,29,元富-林園,2023-11-09,5927
1324,地球,31,6,25,元富-林園,2023-11-09,5927
1314,中石化,31,6,25,元富-林園,2023-11-09,5927
00936,台新永續高息中小,24,0,24,元富-林園,2023-11-09,5927
2605,新興,22,0,22,元富-林園,2023-11-09,5927
2888,新光金,22,1,21,元富-林園,2023-11-09,5927
6168,宏齊,25,5,20,元富-林園,2023-11-09,5927
00688L,國泰20年美債正2,20,0,20,元富-林園,2023-11-09,5927
4967,十銓,20,0,20,元富-林園,2023-11-09,5927
2002,中鋼,19,2,17,元富-林園,2023-11-09,5927
3041,揚智,28,11,17,元富-林園,2023-11-09,5927
2485,兆赫,16,0,16,元富-林園,2023-11-09,5927
1319,東陽,22,7,15,元富-林園,2023-11-09,5927
2329,華泰,41,26,15,元富-林園,2023-11-09,5927
2340,台亞,13,0,13,元富-林園,2023-11-09,5927
3014,聯陽,13,1,12,元富-林園,2023-11-09,5927
00934,中信成長高股息,17,5,12,元富-林園,2023-11-09,5927
2609,陽明,11,0,11,元富-林園,2023-11-09,5927
8112,至上,12,1,11,元富-林園,2023-11-09,5927
8150,南茂,11,0,11,元富-林園,2023-11-09,5927
00642U,期元大S＆P石油,10,0,10,元富-林園,2023-11-09,5927
1522,堤維西,16,6,10,元富-林園,2023-11-09,5927
2731,雄獅,10,0,10,元富-林園,2023-11-09,5927
2816,旺旺保,12,2,10,元富-林園,2023-11-09,5927
9105,泰金寶-DR,10,0,10,元富-林園,2023-11-09,5927
00679B,元大美債20年,26,17,9,元富-林園,2023-11-09,5927
00878,國泰永續高股息,12,3,9,元富-林園,2023-11-09,5927
3363,上詮,22,14,8,元富-林園,2023-11-09,5927
3013,晟銘電,11,3,8,元富-林園,2023-11-09,5927
6547,高端疫苗,10,2,8,元富-林園,2023-11-09,5927
8936,國統,12,4,8,元富-林園,2023-11-09,5927
3017,奇鋐,19,12,7,元富-林園,2023-11-09,5927
2344,華邦電,7,1,6,元富-林園,2023-11-09,5927
3545,敦泰,7,1,6,元富-林園,2023-11-09,5927
4968,立積,6,0,6,元富-林園,2023-11-09,5927
00664R,國泰臺灣加權反1,5,0,5,元富-林園,2023-11-09,5927
1736,喬山,5,0,5,元富-林園,2023-11-09,5927
2031,新光鋼,5,0,5,元富-林園,2023-11-09,5927
2367,燿華,5,0,5,元富-林園,2023-11-09,5927
2388,威盛,13,8,5,元富-林園,2023-11-09,5927
2460,建通,5,0,5,元富-林園,2023-11-09,5927
2634,漢翔,6,1,5,元富-林園,2023-11-09,5927
3036,文曄,6,1,5,元富-林園,2023-11-09,5927
3094,聯傑,8,3,5,元富-林園,2023-11-09,5927
3622,洋華,5,0,5,元富-林園,2023-11-09,5927
3625,西勝,5,0,5,元富-林園,2023-11-09,5927
911868,同方友友-DR,100,0,100,元富-林園,2023-11-10,5927
00936,台新永續高息中小,86,0,86,元富-林園,2023-11-10,5927
00933B,國泰10Y+金融債,75,0,75,元富-林園,2023-11-10,5927
4532,瑞智,65,5,60,元富-林園,2023-11-10,5927
1808,潤隆,51,4,47,元富-林園,2023-11-10,5927
00929,復華台灣科技優息,48,6,42,元富-林園,2023-11-10,5927
2618,長榮航,38,4,34,元富-林園,2023-11-10,5927
00878,國泰永續高股息,31,0,31,元富-林園,2023-11-10,5927
6125,廣運,29,2,27,元富-林園,2023-11-10,5927
2340,台亞,27,0,27,元富-林園,2023-11-10,5927
9934,成霖,25,0,25,元富-林園,2023-11-10,5927
2328,廣宇,23,0,23,元富-林園,2023-11-10,5927
4908,前鼎,27,5,22,元富-林園,2023-11-10,5927
5210,寶碩,22,0,22,元富-林園,2023-11-10,5927
5465,富驊,20,0,20,元富-林園,2023-11-10,5927
1314,中石化,20,1,19,元富-林園,2023-11-10,5927
3322,建舜電,43,24,19,元富-林園,2023-11-10,5927
3231,緯創,52,35,17,元富-林園,2023-11-10,5927
2610,華航,21,4,17,元富-林園,2023-11-10,5927
8210,勤誠,24,7,17,元富-林園,2023-11-10,5927
2485,兆赫,21,5,16,元富-林園,2023-11-10,5927
3078,僑威,15,0,15,元富-林園,2023-11-10,5927
4960,誠美材,16,1,15,元富-林園,2023-11-10,5927
2417,圓剛,23,10,13,元富-林園,2023-11-10,5927
2317,鴻海,15,3,12,元富-林園,2023-11-10,5927
2303,聯電,24,12,12,元富-林園,2023-11-10,5927
1522,堤維西,12,0,12,元富-林園,2023-11-10,5927
2233,宇隆,11,0,11,元富-林園,2023-11-10,5927
6789,采鈺,11,0,11,元富-林園,2023-11-10,5927
2883,凱基金,10,0,10,元富-林園,2023-11-10,5927
00679B,元大美債20年,10,0,10,元富-林園,2023-11-10,5927
00642U,期元大S＆P石油,10,0,10,元富-林園,2023-11-10,5927
1717,長興,10,0,10,元富-林園,2023-11-10,5927
2609,陽明,13,3,10,元富-林園,2023-11-10,5927
4167,松瑞藥,10,0,10,元富-林園,2023-11-10,5927
2405,輔信,11,2,9,元富-林園,2023-11-10,5927
5347,世界,10,1,9,元富-林園,2023-11-10,5927
00692,富邦公司治理,8,0,8,元富-林園,2023-11-10,5927
00712,復華富時不動產,14,6,8,元富-林園,2023-11-10,5927
2891,中信金,20,12,8,元富-林園,2023-11-10,5927
3037,欣興,8,0,8,元富-林園,2023-11-10,5927
6168,宏齊,9,1,8,元富-林園,2023-11-10,5927
4979,華星光,12,4,8,元富-林園,2023-11-10,5927
6271,同欣電,7,0,7,元富-林園,2023-11-10,5927
2313,華通,34,27,7,元富-林園,2023-11-10,5927
2329,華泰,37,30,7,元富-林園,2023-11-10,5927
3221,台嘉碩,7,0,7,元富-林園,2023-11-10,5927
8928,鉅明,7,0,7,元富-林園,2023-11-10,5927
2337,旺宏,6,0,6,元富-林園,2023-11-10,5927
5871,中租-KY,6,0,6,元富-林園,2023-11-10,5927
00637L,元大滬深300正2,250,0,250,元富-林園,2023-11-13,5927
00936,台新永續高息中小,101,10,91,元富-林園,2023-11-13,5927
2883,凱基金,120,45,75,元富-林園,2023-11-13,5927
2002,中鋼,55,3,52,元富-林園,2023-11-13,5927
3276,宇環,52,2,50,元富-林園,2023-11-13,5927
00933B,國泰10Y+金融債,31,1,30,元富-林園,2023-11-13,5927
9105,泰金寶-DR,30,0,30,元富-林園,2023-11-13,5927
1721,三晃,27,4,23,元富-林園,2023-11-13,5927
2610,華航,24,2,22,元富-林園,2023-11-13,5927
2618,長榮航,35,13,22,元富-林園,2023-11-13,5927
1709,和益,21,0,21,元富-林園,2023-11-13,5927
1795,美時,21,7,14,元富-林園,2023-11-13,5927
6180,橘子,14,0,14,元富-林園,2023-11-13,5927
6185,幃翔,14,0,14,元富-林園,2023-11-13,5927
6606,建德工業,13,0,13,元富-林園,2023-11-13,5927
6770,力積電,14,1,13,元富-林園,2023-11-13,5927
00921,兆豐龍頭等權重,12,0,12,元富-林園,2023-11-13,5927
8436,大江,13,1,12,元富-林園,2023-11-13,5927
00900,富邦特選高股息30,10,0,10,元富-林園,2023-11-13,5927
00885,富邦越南,10,0,10,元富-林園,2023-11-13,5927
00706L,期元大S＆P日圓正2,10,0,10,元富-林園,2023-11-13,5927
00696B,富邦美債20年,10,0,10,元富-林園,2023-11-13,5927
1215,卜蜂,10,0,10,元富-林園,2023-11-13,5927
1717,長興,10,0,10,元富-林園,2023-11-13,5927
2241,艾姆勒,10,0,10,元富-林園,2023-11-13,5927
2367,燿華,10,0,10,元富-林園,2023-11-13,5927
2405,輔信,10,0,10,元富-林園,2023-11-13,5927
3543,州巧,10,0,10,元富-林園,2023-11-13,5927
3550,聯穎,10,0,10,元富-林園,2023-11-13,5927
6117,迎廣,12,3,9,元富-林園,2023-11-13,5927
00934,中信成長高股息,10,1,9,元富-林園,2023-11-13,5927
3078,僑威,24,15,9,元富-林園,2023-11-13,5927
4563,百德,9,0,9,元富-林園,2023-11-13,5927
6213,聯茂,10,1,9,元富-林園,2023-11-13,5927
2382,廣達,22,13,9,元富-林園,2023-11-13,5927
00679B,元大美債20年,8,0,8,元富-林園,2023-11-13,5927
2408,南亞科,9,1,8,元富-林園,2023-11-13,5927
1808,潤隆,9,2,7,元富-林園,2023-11-13,5927
3622,洋華,7,0,7,元富-林園,2023-11-13,5927
8050,廣積,7,0,7,元富-林園,2023-11-13,5927
00878,國泰永續高股息,15,9,6,元富-林園,2023-11-13,5927
00882,中信中國高股息,6,0,6,元富-林園,2023-11-13,5927
2027,大成鋼,6,0,6,元富-林園,2023-11-13,5927
2425,承啟,6,0,6,元富-林園,2023-11-13,5927
2852,第一保,5,0,5,元富-林園,2023-11-13,5927
3036,文曄,10,5,5,元富-林園,2023-11-13,5927
3481,群創,6,1,5,元富-林園,2023-11-13,5927
00664R,國泰臺灣加權反1,5,0,5,元富-林園,2023-11-13,5927
00795B,中信美國公債20年,5,0,5,元富-林園,2023-11-13,5927
00892,富邦台灣半導體,5,0,5,元富-林園,2023-11-13,5927
3444,利機,111,1,110,元富-林園,2023-11-14,5927
2883,凱基金,104,10,94,元富-林園,2023-11-14,5927
1504,東元,34,2,32,元富-林園,2023-11-14,5927
00680L,元大美債20正2,24,0,24,元富-林園,2023-11-14,5927
5471,松翰,24,0,24,元富-林園,2023-11-14,5927
2007,燁興,22,1,21,元富-林園,2023-11-14,5927
00679B,元大美債20年,20,0,20,元富-林園,2023-11-14,5927
1815,富喬,20,1,19,元富-林園,2023-11-14,5927
2421,建準,40,21,19,元富-林園,2023-11-14,5927
2453,凌群,20,1,19,元富-林園,2023-11-14,5927
2465,麗臺,22,3,19,元富-林園,2023-11-14,5927
1217,愛之味,18,0,18,元富-林園,2023-11-14,5927
2206,三陽工業,28,10,18,元富-林園,2023-11-14,5927
3036,文曄,29,12,17,元富-林園,2023-11-14,5927
00720B,元大投資級公司債,15,0,15,元富-林園,2023-11-14,5927
00900,富邦特選高股息30,15,0,15,元富-林園,2023-11-14,5927
2402,毅嘉,40,25,15,元富-林園,2023-11-14,5927
2323,中環,14,0,14,元富-林園,2023-11-14,5927
3122,笙泉,17,3,14,元富-林園,2023-11-14,5927
2609,陽明,18,5,13,元富-林園,2023-11-14,5927
4173,久裕,13,0,13,元富-林園,2023-11-14,5927
3041,揚智,19,7,12,元富-林園,2023-11-14,5927
2303,聯電,15,4,11,元富-林園,2023-11-14,5927
2329,華泰,36,25,11,元富-林園,2023-11-14,5927
2374,佳能,12,1,11,元富-林園,2023-11-14,5927
2929,淘帝-KY,10,0,10,元富-林園,2023-11-14,5927
3702,大聯大,10,0,10,元富-林園,2023-11-14,5927
5706,鳳凰,11,1,10,元富-林園,2023-11-14,5927
8431,匯鑽科,10,0,10,元富-林園,2023-11-14,5927
1709,和益,10,0,10,元富-林園,2023-11-14,5927
2059,川湖,10,1,9,元富-林園,2023-11-14,5927
2367,燿華,10,1,9,元富-林園,2023-11-14,5927
6125,廣運,9,0,9,元富-林園,2023-11-14,5927
2002,中鋼,15,6,9,元富-林園,2023-11-14,5927
3231,緯創,38,30,8,元富-林園,2023-11-14,5927
2356,英業達,18,10,8,元富-林園,2023-11-14,5927
6282,康舒,18,10,8,元富-林園,2023-11-14,5927
8473,山林水,8,0,8,元富-林園,2023-11-14,5927
8088,品安,11,4,7,元富-林園,2023-11-14,5927
2460,建通,6,0,6,元富-林園,2023-11-14,5927
2812,台中銀,6,0,6,元富-林園,2023-11-14,5927
3390,旭軟,7,1,6,元富-林園,2023-11-14,5927
4960,誠美材,6,0,6,元富-林園,2023-11-14,5927
1101,台泥,5,0,5,元富-林園,2023-11-14,5927
00632R,元大台灣50反1,155,150,5,元富-林園,2023-11-14,5927
1305,華夏,6,1,5,元富-林園,2023-11-14,5927
1618,合機,7,2,5,元富-林園,2023-11-14,5927
2405,輔信,5,0,5,元富-林園,2023-11-14,5927
3406,玉晶光,5,0,5,元富-林園,2023-11-14,5927
6233,旺玖,5,0,5,元富-林園,2023-11-14,5927
00680L,元大美債20正2,160,2,158,元富-林園,2023-11-15,5927
2883,凱基金,153,1,152,元富-林園,2023-11-15,5927
00929,復華台灣科技優息,120,7,113,元富-林園,2023-11-15,5927
00632R,元大台灣50反1,100,15,85,元富-林園,2023-11-15,5927
00679B,元大美債20年,61,0,61,元富-林園,2023-11-15,5927
2323,中環,42,3,39,元富-林園,2023-11-15,5927
2457,飛宏,22,1,21,元富-林園,2023-11-15,5927
2516,新建,20,0,20,元富-林園,2023-11-15,5927
2882,國泰金,21,1,20,元富-林園,2023-11-15,5927
00715L,期街口布蘭特正2,19,0,19,元富-林園,2023-11-15,5927
2337,旺宏,28,9,19,元富-林園,2023-11-15,5927
2317,鴻海,24,6,18,元富-林園,2023-11-15,5927
2610,華航,36,18,18,元富-林園,2023-11-15,5927
3450,聯鈞,18,1,17,元富-林園,2023-11-15,5927
2460,建通,16,0,16,元富-林園,2023-11-15,5927
2029,盛餘,25,10,15,元富-林園,2023-11-15,5927
3227,原相,17,3,14,元富-林園,2023-11-15,5927
3706,神達,15,1,14,元富-林園,2023-11-15,5927
3265,台星科,13,0,13,元富-林園,2023-11-15,5927
2356,英業達,17,5,12,元富-林園,2023-11-15,5927
3362,先進光,12,0,12,元富-林園,2023-11-15,5927
6187,萬潤,12,0,12,元富-林園,2023-11-15,5927
4953,緯軟,12,1,11,元富-林園,2023-11-15,5927
3264,欣銓,12,2,10,元富-林園,2023-11-15,5927
4763,材料-KY,11,1,10,元富-林園,2023-11-15,5927
1603,華電,10,0,10,元富-林園,2023-11-15,5927
2354,鴻準,10,0,10,元富-林園,2023-11-15,5927
3013,晟銘電,11,1,10,元富-林園,2023-11-15,5927
3276,宇環,19,9,10,元富-林園,2023-11-15,5927
3702,大聯大,11,1,10,元富-林園,2023-11-15,5927
5301,寶得利,10,0,10,元富-林園,2023-11-15,5927
6122,擎邦,14,4,10,元富-林園,2023-11-15,5927
6223,旺矽,10,0,10,元富-林園,2023-11-15,5927
3058,立德,9,0,9,元富-林園,2023-11-15,5927
4938,和碩,10,1,9,元富-林園,2023-11-15,5927
3324,雙鴻,16,8,8,元富-林園,2023-11-15,5927
3558,神準,8,0,8,元富-林園,2023-11-15,5927
4532,瑞智,10,2,8,元富-林園,2023-11-15,5927
4919,新唐,23,15,8,元富-林園,2023-11-15,5927
2486,一詮,9,1,8,元富-林園,2023-11-15,5927
2812,台中銀,7,0,7,元富-林園,2023-11-15,5927
2890,永豐金,7,0,7,元富-林園,2023-11-15,5927
2449,京元電子,16,9,7,元富-林園,2023-11-15,5927
00900,富邦特選高股息30,6,0,6,元富-林園,2023-11-15,5927
2314,台揚,10,4,6,元富-林園,2023-11-15,5927
2340,台亞,7,1,6,元富-林園,2023-11-15,5927
3715,定穎投控,12,6,6,元富-林園,2023-11-15,5927
5469,瀚宇博,6,0,6,元富-林園,2023-11-15,5927
2884,玉山金,7,2,5,元富-林園,2023-11-15,5927
6125,廣運,6,1,5,元富-林園,2023-11-15,5927
00637L,元大滬深300正2,286,40,246,元富-林園,2023-11-16,5927
6282,康舒,170,16,154,元富-林園,2023-11-16,5927
2883,凱基金,111,27,84,元富-林園,2023-11-16,5927
00931B,統一美債20年,75,0,75,元富-林園,2023-11-16,5927
5880,合庫金,71,0,71,元富-林園,2023-11-16,5927
2605,新興,58,0,58,元富-林園,2023-11-16,5927
2891,中信金,70,15,55,元富-林園,2023-11-16,5927
6125,廣運,77,32,45,元富-林園,2023-11-16,5927
2485,兆赫,62,18,44,元富-林園,2023-11-16,5927
00679B,元大美債20年,41,0,41,元富-林園,2023-11-16,5927
00878,國泰永續高股息,39,5,34,元富-林園,2023-11-16,5927
5512,力麒,28,2,26,元富-林園,2023-11-16,5927
6138,茂達,22,1,21,元富-林園,2023-11-16,5927
00795B,中信美國公債20年,20,0,20,元富-林園,2023-11-16,5927
1605,華新,22,2,20,元富-林園,2023-11-16,5927
2206,三陽工業,22,2,20,元富-林園,2023-11-16,5927
00690,兆豐藍籌30,19,0,19,元富-林園,2023-11-16,5927
2402,毅嘉,44,25,19,元富-林園,2023-11-16,5927
2331,精英,20,3,17,元富-林園,2023-11-16,5927
00900,富邦特選高股息30,16,0,16,元富-林園,2023-11-16,5927
3231,緯創,19,5,14,元富-林園,2023-11-16,5927
2882,國泰金,12,0,12,元富-林園,2023-11-16,5927
00930,永豐ESG低碳高息,12,0,12,元富-林園,2023-11-16,5927
00632R,元大台灣50反1,10,0,10,元富-林園,2023-11-16,5927
00642U,期元大S＆P石油,10,0,10,元富-林園,2023-11-16,5927
00696B,富邦美債20年,10,0,10,元富-林園,2023-11-16,5927
2344,華邦電,45,35,10,元富-林園,2023-11-16,5927
2356,英業達,14,4,10,元富-林園,2023-11-16,5927
6143,振曜,10,0,10,元富-林園,2023-11-16,5927
6189,豐藝,10,0,10,元富-林園,2023-11-16,5927
00929,復華台灣科技優息,18,10,8,元富-林園,2023-11-16,5927
2312,金寶,8,0,8,元富-林園,2023-11-16,5927
2382,廣達,11,4,7,元富-林園,2023-11-16,5927
3490,單井,7,0,7,元富-林園,2023-11-16,5927
3712,永崴投控,7,0,7,元富-林園,2023-11-16,5927
6274,台燿,11,4,7,元富-林園,2023-11-16,5927
3035,智原,18,12,6,元富-林園,2023-11-16,5927
1471,首利,9,3,6,元富-林園,2023-11-16,5927
2340,台亞,6,0,6,元富-林園,2023-11-16,5927
3706,神達,10,4,6,元富-林園,2023-11-16,5927
5009,榮剛,6,0,6,元富-林園,2023-11-16,5927
5351,鈺創,12,6,6,元富-林園,2023-11-16,5927
6585,鼎基,6,0,6,元富-林園,2023-11-16,5927
3006,晶豪科,8,3,5,元富-林園,2023-11-16,5927
00664R,國泰臺灣加權反1,5,0,5,元富-林園,2023-11-16,5927
2425,承啟,5,0,5,元富-林園,2023-11-16,5927
2537,聯上發,5,0,5,元富-林園,2023-11-16,5927
3450,聯鈞,5,0,5,元富-林園,2023-11-16,5927
3694,海華,5,0,5,元富-林園,2023-11-16,5927
3702,大聯大,5,0,5,元富-林園,2023-11-16,5927
2834,臺企銀,303,0,303,元富-林園,2023-11-17,5927
2605,新興,213,11,202,元富-林園,2023-11-17,5927
00632R,元大台灣50反1,155,0,155,元富-林園,2023-11-17,5927
00637L,元大滬深300正2,131,0,131,元富-林園,2023-11-17,5927
2610,華航,108,25,83,元富-林園,2023-11-17,5927
00891,中信關鍵半導體,70,0,70,元富-林園,2023-11-17,5927
00642U,期元大S＆P石油,60,0,60,元富-林園,2023-11-17,5927
2485,兆赫,54,25,29,元富-林園,2023-11-17,5927
2929,淘帝-KY,25,0,25,元富-林園,2023-11-17,5927
2453,凌群,24,0,24,元富-林園,2023-11-17,5927
2618,長榮航,140,116,24,元富-林園,2023-11-17,5927
00915,凱基優選高股息30,23,0,23,元富-林園,2023-11-17,5927
2882,國泰金,23,1,22,元富-林園,2023-11-17,5927
8936,國統,25,3,22,元富-林園,2023-11-17,5927
3276,宇環,32,11,21,元富-林園,2023-11-17,5927
3548,兆利,23,3,20,元富-林園,2023-11-17,5927
00929,復華台灣科技優息,41,24,17,元富-林園,2023-11-17,5927
2634,漢翔,17,0,17,元富-林園,2023-11-17,5927
9945,潤泰新,17,0,17,元富-林園,2023-11-17,5927
00712,復華富時不動產,18,2,16,元富-林園,2023-11-17,5927
6129,普誠,19,3,16,元富-林園,2023-11-17,5927
3260,威剛,16,1,15,元富-林園,2023-11-17,5927
2702,華園,14,2,12,元富-林園,2023-11-17,5927
00679B,元大美債20年,11,0,11,元富-林園,2023-11-17,5927
6127,九豪,17,6,11,元富-林園,2023-11-17,5927
00919,群益台灣精選高息,20,10,10,元富-林園,2023-11-17,5927
00664R,國泰臺灣加權反1,10,0,10,元富-林園,2023-11-17,5927
00715L,期街口布蘭特正2,20,10,10,元富-林園,2023-11-17,5927
2406,國碩,10,0,10,元富-林園,2023-11-17,5927
3017,奇鋐,12,2,10,元富-林園,2023-11-17,5927
2356,英業達,10,1,9,元富-林園,2023-11-17,5927
6108,競國,11,2,9,元富-林園,2023-11-17,5927
00687B,國泰20年美債,8,0,8,元富-林園,2023-11-17,5927
2609,陽明,8,0,8,元富-林園,2023-11-17,5927
6223,旺矽,21,13,8,元富-林園,2023-11-17,5927
6589,台康生技,8,0,8,元富-林園,2023-11-17,5927
1308,亞聚,7,0,7,元富-林園,2023-11-17,5927
1522,堤維西,14,7,7,元富-林園,2023-11-17,5927
2449,京元電子,6,0,6,元富-林園,2023-11-17,5927
2014,中鴻,6,0,6,元富-林園,2023-11-17,5927
2606,裕民,6,0,6,元富-林園,2023-11-17,5927
2745,五福,6,0,6,元富-林園,2023-11-17,5927
2915,潤泰全,14,8,6,元富-林園,2023-11-17,5927
3094,聯傑,6,0,6,元富-林園,2023-11-17,5927
3701,大眾控,7,1,6,元富-林園,2023-11-17,5927
4148,全宇生技-KY,6,0,6,元富-林園,2023-11-17,5927
6585,鼎基,6,0,6,元富-林園,2023-11-17,5927
00902,中信電池及儲能,5,0,5,元富-林園,2023-11-17,5927
00897,富邦基因免疫生技,5,0,5,元富-林園,2023-11-17,5927
1905,華紙,5,0,5,元富-林園,2023-11-17,5927
2834,臺企銀,199,2,197,元富-林園,2023-11-20,5927
3444,利機,62,0,62,元富-林園,2023-11-20,5927
6270,倍微,35,0,35,元富-林園,2023-11-20,5927
2610,華航,37,9,28,元富-林園,2023-11-20,5927
6177,達麗,28,0,28,元富-林園,2023-11-20,5927
00919,群益台灣精選高息,25,0,25,元富-林園,2023-11-20,5927
00934,中信成長高股息,25,1,24,元富-林園,2023-11-20,5927
2485,兆赫,46,22,24,元富-林園,2023-11-20,5927
00931B,統一美債20年,22,0,22,元富-林園,2023-11-20,5927
2882,國泰金,20,0,20,元富-林園,2023-11-20,5927
6216,居易,20,0,20,元富-林園,2023-11-20,5927
00878,國泰永續高股息,22,3,19,元富-林園,2023-11-20,5927
00885,富邦越南,18,0,18,元富-林園,2023-11-20,5927
00858,永豐美國500大,18,0,18,元富-林園,2023-11-20,5927
4162,智擎,18,0,18,元富-林園,2023-11-20,5927
8112,至上,21,3,18,元富-林園,2023-11-20,5927
6117,迎廣,28,11,17,元富-林園,2023-11-20,5927
3019,亞光,16,0,16,元富-林園,2023-11-20,5927
00929,復華台灣科技優息,18,3,15,元富-林園,2023-11-20,5927
2915,潤泰全,13,0,13,元富-林園,2023-11-20,5927
2303,聯電,36,24,12,元富-林園,2023-11-20,5927
6125,廣運,49,37,12,元富-林園,2023-11-20,5927
2317,鴻海,14,3,11,元富-林園,2023-11-20,5927
00935,野村臺灣新科技50,11,0,11,元富-林園,2023-11-20,5927
3376,新日興,29,18,11,元富-林園,2023-11-20,5927
6509,聚和,11,0,11,元富-林園,2023-11-20,5927
8936,國統,55,44,11,元富-林園,2023-11-20,5927
1101,台泥,12,1,11,元富-林園,2023-11-20,5927
1308,亞聚,10,0,10,元富-林園,2023-11-20,5927
00853B,統一美債10年Aa-,10,0,10,元富-林園,2023-11-20,5927
00918,大華優利高填息30,10,0,10,元富-林園,2023-11-20,5927
2601,益航,10,0,10,元富-林園,2023-11-20,5927
3481,群創,10,0,10,元富-林園,2023-11-20,5927
3576,聯合再生,11,1,10,元富-林園,2023-11-20,5927
4160,訊聯基因,10,0,10,元富-林園,2023-11-20,5927
5706,鳳凰,13,3,10,元富-林園,2023-11-20,5927
6217,中探針,10,0,10,元富-林園,2023-11-20,5927
6695,芯鼎,20,10,10,元富-林園,2023-11-20,5927
1504,東元,10,1,9,元富-林園,2023-11-20,5927
00936,台新永續高息中小,10,1,9,元富-林園,2023-11-20,5927
1533,車王電,9,0,9,元富-林園,2023-11-20,5927
3088,艾訊,9,0,9,元富-林園,2023-11-20,5927
5210,寶碩,9,0,9,元富-林園,2023-11-20,5927
3231,緯創,12,3,9,元富-林園,2023-11-20,5927
2337,旺宏,10,2,8,元富-林園,2023-11-20,5927
2706,第一店,8,0,8,元富-林園,2023-11-20,5927
2006,東和鋼鐵,8,0,8,元富-林園,2023-11-20,5927
2356,英業達,15,8,7,元富-林園,2023-11-20,5927
00687B,國泰20年美債,6,0,6,元富-林園,2023-11-20,5927
2812,台中銀,6,0,6,元富-林園,2023-11-20,5927
2889,國票金,510,0,510,元富-林園,2023-11-21,5927
2883,凱基金,509,31,478,元富-林園,2023-11-21,5927
3056,富華新,55,1,54,元富-林園,2023-11-21,5927
4162,智擎,54,0,54,元富-林園,2023-11-21,5927
6116,彩晶,40,0,40,元富-林園,2023-11-21,5927
2543,皇昌,40,1,39,元富-林園,2023-11-21,5927
3041,揚智,67,29,38,元富-林園,2023-11-21,5927
6187,萬潤,38,4,34,元富-林園,2023-11-21,5927
5351,鈺創,74,42,32,元富-林園,2023-11-21,5927
2748,雲品,30,1,29,元富-林園,2023-11-21,5927
1815,富喬,30,3,27,元富-林園,2023-11-21,5927
8358,金居,25,0,25,元富-林園,2023-11-21,5927
2618,長榮航,25,5,20,元富-林園,2023-11-21,5927
3057,喬鼎,20,0,20,元富-林園,2023-11-21,5927
1522,堤維西,27,8,19,元富-林園,2023-11-21,5927
5210,寶碩,18,0,18,元富-林園,2023-11-21,5927
1339,昭輝,17,0,17,元富-林園,2023-11-21,5927
2352,佳世達,23,7,16,元富-林園,2023-11-21,5927
2258,鴻華先進-創,15,0,15,元富-林園,2023-11-21,5927
3512,皇龍,15,0,15,元富-林園,2023-11-21,5927
6127,九豪,18,3,15,元富-林園,2023-11-21,5927
00934,中信成長高股息,15,1,14,元富-林園,2023-11-21,5927
2340,台亞,15,1,14,元富-林園,2023-11-21,5927
2915,潤泰全,14,0,14,元富-林園,2023-11-21,5927
2329,華泰,22,8,14,元富-林園,2023-11-21,5927
2363,矽統,46,33,13,元富-林園,2023-11-21,5927
00936,台新永續高息中小,13,0,13,元富-林園,2023-11-21,5927
00712,復華富時不動產,12,0,12,元富-林園,2023-11-21,5927
00706L,期元大S＆P日圓正2,11,0,11,元富-林園,2023-11-21,5927
2882,國泰金,24,13,11,元富-林園,2023-11-21,5927
00664R,國泰臺灣加權反1,10,0,10,元富-林園,2023-11-21,5927
00632R,元大台灣50反1,15,5,10,元富-林園,2023-11-21,5927
2017,官田鋼,10,0,10,元富-林園,2023-11-21,5927
2313,華通,27,17,10,元富-林園,2023-11-21,5927
3504,揚明光,13,3,10,元富-林園,2023-11-21,5927
3047,訊舟,12,3,9,元富-林園,2023-11-21,5927
3260,威剛,8,0,8,元富-林園,2023-11-21,5927
00637L,元大滬深300正2,8,0,8,元富-林園,2023-11-21,5927
6509,聚和,8,0,8,元富-林園,2023-11-21,5927
2421,建準,7,0,7,元富-林園,2023-11-21,5927
00931B,統一美債20年,7,0,7,元富-林園,2023-11-21,5927
00904,新光臺灣半導體30,7,0,7,元富-林園,2023-11-21,5927
2731,雄獅,26,19,7,元富-林園,2023-11-21,5927
6535,順藥,7,0,7,元富-林園,2023-11-21,5927
2929,淘帝-KY,6,0,6,元富-林園,2023-11-21,5927
3078,僑威,7,1,6,元富-林園,2023-11-21,5927
3673,TPK-KY,7,1,6,元富-林園,2023-11-21,5927
6485,點序,7,1,6,元富-林園,2023-11-21,5927
2542,興富發,6,0,6,元富-林園,2023-11-21,5927
00679B,元大美債20年,5,0,5,元富-林園,2023-11-21,5927
00637L,元大滬深300正2,200,0,200,元富-林園,2023-11-22,5927
00900,富邦特選高股息30,102,0,102,元富-林園,2023-11-22,5927
2882,國泰金,100,1,99,元富-林園,2023-11-22,5927
2618,長榮航,89,15,74,元富-林園,2023-11-22,5927
3231,緯創,89,18,71,元富-林園,2023-11-22,5927
2883,凱基金,66,0,66,元富-林園,2023-11-22,5927
3706,神達,54,3,51,元富-林園,2023-11-22,5927
6117,迎廣,48,6,42,元富-林園,2023-11-22,5927
2610,華航,50,12,38,元富-林園,2023-11-22,5927
5880,合庫金,38,0,38,元富-林園,2023-11-22,5927
00934,中信成長高股息,35,1,34,元富-林園,2023-11-22,5927
3047,訊舟,54,22,32,元富-林園,2023-11-22,5927
2801,彰銀,29,0,29,元富-林園,2023-11-22,5927
5706,鳳凰,31,3,28,元富-林園,2023-11-22,5927
2356,英業達,30,4,26,元富-林園,2023-11-22,5927
5515,建國,21,0,21,元富-林園,2023-11-22,5927
8040,九暘,21,0,21,元富-林園,2023-11-22,5927
5471,松翰,17,0,17,元富-林園,2023-11-22,5927
2376,技嘉,19,3,16,元富-林園,2023-11-22,5927
4162,智擎,16,0,16,元富-林園,2023-11-22,5927
3481,群創,16,0,16,元富-林園,2023-11-22,5927
00885,富邦越南,15,0,15,元富-林園,2023-11-22,5927
6579,研揚,16,1,15,元富-林園,2023-11-22,5927
00919,群益台灣精選高息,23,9,14,元富-林園,2023-11-22,5927
00929,復華台灣科技優息,23,9,14,元富-林園,2023-11-22,5927
2605,新興,14,0,14,元富-林園,2023-11-22,5927
2002,中鋼,23,10,13,元富-林園,2023-11-22,5927
6770,力積電,14,1,13,元富-林園,2023-11-22,5927
2382,廣達,14,2,12,元富-林園,2023-11-22,5927
2442,新美齊,12,0,12,元富-林園,2023-11-22,5927
5210,寶碩,12,0,12,元富-林園,2023-11-22,5927
8112,至上,12,0,12,元富-林園,2023-11-22,5927
2363,矽統,79,68,11,元富-林園,2023-11-22,5927
00882,中信中國高股息,11,0,11,元富-林園,2023-11-22,5927
2353,宏��,14,3,11,元富-林園,2023-11-22,5927
1308,亞聚,10,0,10,元富-林園,2023-11-22,5927
1324,地球,10,0,10,元富-林園,2023-11-22,5927
00888,永豐台灣ESG,10,0,10,元富-林園,2023-11-22,5927
2485,兆赫,10,0,10,元富-林園,2023-11-22,5927
2832,台產,10,0,10,元富-林園,2023-11-22,5927
2834,臺企銀,10,0,10,元富-林園,2023-11-22,5927
3006,晶豪科,22,12,10,元富-林園,2023-11-22,5927
3576,聯合再生,10,0,10,元富-林園,2023-11-22,5927
3526,凡甲,9,0,9,元富-林園,2023-11-22,5927
2308,台達電,9,0,9,元富-林園,2023-11-22,5927
2301,光寶科,8,0,8,元富-林園,2023-11-22,5927
2027,大成鋼,10,2,8,元富-林園,2023-11-22,5927
2352,佳世達,14,6,8,元富-林園,2023-11-22,5927
2743,山富,10,2,8,元富-林園,2023-11-22,5927
3189,景碩,11,3,8,元富-林園,2023-11-22,5927
00637L,元大滬深300正2,100,0,100,元富-林園,2023-11-23,5927
2363,矽統,87,40,47,元富-林園,2023-11-23,5927
1612,宏泰,41,1,40,元富-林園,2023-11-23,5927
5880,合庫金,41,3,38,元富-林園,2023-11-23,5927
2501,國建,33,0,33,元富-林園,2023-11-23,5927
00934,中信成長高股息,31,0,31,元富-林園,2023-11-23,5927
2485,兆赫,37,6,31,元富-林園,2023-11-23,5927
6284,佳邦,32,1,31,元富-林園,2023-11-23,5927
2883,凱基金,30,0,30,元富-林園,2023-11-23,5927
6125,廣運,37,7,30,元富-林園,2023-11-23,5927
3041,揚智,41,12,29,元富-林園,2023-11-23,5927
00919,群益台灣精選高息,31,3,28,元富-林園,2023-11-23,5927
6235,華孚,27,2,25,元富-林園,2023-11-23,5927
3231,緯創,36,14,22,元富-林園,2023-11-23,5927
00878,國泰永續高股息,30,9,21,元富-林園,2023-11-23,5927
1514,亞力,30,10,20,元富-林園,2023-11-23,5927
4956,光鋐,20,2,18,元富-林園,2023-11-23,5927
3260,威剛,21,4,17,元富-林園,2023-11-23,5927
2382,廣達,24,9,15,元富-林園,2023-11-23,5927
3701,大眾控,34,19,15,元富-林園,2023-11-23,5927
6285,啟��,15,1,14,元富-林園,2023-11-23,5927
6568,宏觀,14,0,14,元富-林園,2023-11-23,5927
2369,菱生,12,0,12,元富-林園,2023-11-23,5927
3376,新日興,11,0,11,元富-林園,2023-11-23,5927
6269,台郡,11,0,11,元富-林園,2023-11-23,5927
00795B,中信美國公債20年,10,0,10,元富-林園,2023-11-23,5927
2233,宇隆,10,0,10,元富-林園,2023-11-23,5927
2401,凌陽,12,2,10,元富-林園,2023-11-23,5927
2436,偉詮電,10,0,10,元富-林園,2023-11-23,5927
4188,安克,10,0,10,元富-林園,2023-11-23,5927
6005,群益證,10,0,10,元富-林園,2023-11-23,5927
6270,倍微,13,3,10,元富-林園,2023-11-23,5927
6790,永豐實,10,0,10,元富-林園,2023-11-23,5927
8040,九暘,19,9,10,元富-林園,2023-11-23,5927
8450,霹靂,10,0,10,元富-林園,2023-11-23,5927
6533,晶心科,9,0,9,元富-林園,2023-11-23,5927
2884,玉山金,10,1,9,元富-林園,2023-11-23,5927
2356,英業達,12,3,9,元富-林園,2023-11-23,5927
2426,鼎元,10,1,9,元富-林園,2023-11-23,5927
6485,點序,10,1,9,元富-林園,2023-11-23,5927
3036,文曄,8,0,8,元富-林園,2023-11-23,5927
2329,華泰,14,6,8,元富-林園,2023-11-23,5927
5512,力麒,8,0,8,元富-林園,2023-11-23,5927
6111,大宇資,8,0,8,元富-林園,2023-11-23,5927
3035,智原,13,6,7,元富-林園,2023-11-23,5927
2312,金寶,7,0,7,元富-林園,2023-11-23,5927
2495,普安,7,0,7,元富-林園,2023-11-23,5927
3059,華晶科,13,6,7,元富-林園,2023-11-23,5927
3483,力致,9,2,7,元富-林園,2023-11-23,5927
5009,榮剛,10,3,7,元富-林園,2023-11-23,5927
2618,長榮航,115,8,107,元富-林園,2023-11-24,5927
2002,中鋼,134,33,101,元富-林園,2023-11-24,5927
3171,炎洲流通,50,0,50,元富-林園,2023-11-24,5927
2610,華航,48,4,44,元富-林園,2023-11-24,5927
2208,台船,40,0,40,元富-林園,2023-11-24,5927
2748,雲品,30,0,30,元富-林園,2023-11-24,5927
1721,三晃,30,1,29,元富-林園,2023-11-24,5927
2363,矽統,65,39,26,元富-林園,2023-11-24,5927
5706,鳳凰,26,0,26,元富-林園,2023-11-24,5927
5471,松翰,24,0,24,元富-林園,2023-11-24,5927
6122,擎邦,23,0,23,元富-林園,2023-11-24,5927
3006,晶豪科,29,7,22,元富-林園,2023-11-24,5927
6933,AMAX-KY,19,0,19,元富-林園,2023-11-24,5927
00878,國泰永續高股息,21,3,18,元富-林園,2023-11-24,5927
2206,三陽工業,22,4,18,元富-林園,2023-11-24,5927
1529,樂事綠能,20,3,17,元富-林園,2023-11-24,5927
2485,兆赫,43,26,17,元富-林園,2023-11-24,5927
2637,慧洋-KY,17,0,17,元富-林園,2023-11-24,5927
00687B,國泰20年美債,16,0,16,元富-林園,2023-11-24,5927
00885,富邦越南,14,0,14,元富-林園,2023-11-24,5927
2303,聯電,21,7,14,元富-林園,2023-11-24,5927
2881,富邦金,15,2,13,元富-林園,2023-11-24,5927
00929,復華台灣科技優息,31,18,13,元富-林園,2023-11-24,5927
2301,光寶科,15,3,12,元富-林園,2023-11-24,5927
6585,鼎基,11,0,11,元富-林園,2023-11-24,5927
1325,恆大,10,0,10,元富-林園,2023-11-24,5927
00632R,元大台灣50反1,10,0,10,元富-林園,2023-11-24,5927
1714,和桐,10,0,10,元富-林園,2023-11-24,5927
3217,優群,10,0,10,元富-林園,2023-11-24,5927
3706,神達,10,0,10,元富-林園,2023-11-24,5927
6269,台郡,11,1,10,元富-林園,2023-11-24,5927
1101,台泥,10,0,10,元富-林園,2023-11-24,5927
1324,地球,9,0,9,元富-林園,2023-11-24,5927
00919,群益台灣精選高息,11,2,9,元富-林園,2023-11-24,5927
00933B,國泰10Y+金融債,11,2,9,元富-林園,2023-11-24,5927
2409,友達,9,0,9,元富-林園,2023-11-24,5927
6282,康舒,19,10,9,元富-林園,2023-11-24,5927
00680L,元大美債20正2,8,0,8,元富-林園,2023-11-24,5927
2401,凌陽,15,7,8,元富-林園,2023-11-24,5927
2405,輔信,11,3,8,元富-林園,2023-11-24,5927
2417,圓剛,11,3,8,元富-林園,2023-11-24,5927
4968,立積,10,2,8,元富-林園,2023-11-24,5927
2812,台中銀,7,0,7,元富-林園,2023-11-24,5927
3231,緯創,19,12,7,元富-林園,2023-11-24,5927
2382,廣達,10,3,7,元富-林園,2023-11-24,5927
2892,第一金,10,3,7,元富-林園,2023-11-24,5927
2329,華泰,25,18,7,元富-林園,2023-11-24,5927
5381,合正,7,0,7,元富-林園,2023-11-24,5927
6125,廣運,16,9,7,元富-林園,2023-11-24,5927
8163,達方,10,3,7,元富-林園,2023-11-24,5927
00637L,元大滬深300正2,216,0,216,元富-林園,2023-11-27,5927
4960,誠美材,100,0,100,元富-林園,2023-11-27,5927
00632R,元大台灣50反1,205,120,85,元富-林園,2023-11-27,5927
3675,德微,64,1,63,元富-林園,2023-11-27,5927
2485,兆赫,120,60,60,元富-林園,2023-11-27,5927
6116,彩晶,50,1,49,元富-林園,2023-11-27,5927
2495,普安,52,15,37,元富-林園,2023-11-27,5927
6127,九豪,37,4,33,元富-林園,2023-11-27,5927
00921,兆豐龍頭等權重,32,0,32,元富-林園,2023-11-27,5927
2108,南帝,30,0,30,元富-林園,2023-11-27,5927
00919,群益台灣精選高息,30,0,30,元富-林園,2023-11-27,5927
2601,益航,30,1,29,元富-林園,2023-11-27,5927
2323,中環,26,1,25,元富-林園,2023-11-27,5927
3231,緯創,46,23,23,元富-林園,2023-11-27,5927
2352,佳世達,27,4,23,元富-林園,2023-11-27,5927
00642U,期元大S＆P石油,20,0,20,元富-林園,2023-11-27,5927
2029,盛餘,20,0,20,元富-林園,2023-11-27,5927
6582,申豐,20,0,20,元富-林園,2023-11-27,5927
1524,耿鼎,20,1,19,元富-林園,2023-11-27,5927
00878,國泰永續高股息,26,7,19,元富-林園,2023-11-27,5927
00882,中信中國高股息,18,0,18,元富-林園,2023-11-27,5927
2303,聯電,20,2,18,元富-林園,2023-11-27,5927
3017,奇鋐,19,3,16,元富-林園,2023-11-27,5927
2363,矽統,42,26,16,元富-林園,2023-11-27,5927
2344,華邦電,17,2,15,元富-林園,2023-11-27,5927
3027,盛達,15,0,15,元富-林園,2023-11-27,5927
5347,世界,14,0,14,元富-林園,2023-11-27,5927
3481,群創,13,0,13,元富-林園,2023-11-27,5927
3041,揚智,16,4,12,元富-林園,2023-11-27,5927
1815,富喬,15,3,12,元富-林園,2023-11-27,5927
2356,英業達,14,2,12,元富-林園,2023-11-27,5927
2417,圓剛,12,0,12,元富-林園,2023-11-27,5927
2610,華航,12,0,12,元富-林園,2023-11-27,5927
3701,大眾控,43,31,12,元富-林園,2023-11-27,5927
2382,廣達,14,3,11,元富-林園,2023-11-27,5927
00687B,國泰20年美債,11,0,11,元富-林園,2023-11-27,5927
3217,優群,11,0,11,元富-林園,2023-11-27,5927
8054,安國,17,6,11,元富-林園,2023-11-27,5927
00680L,元大美債20正2,10,0,10,元富-林園,2023-11-27,5927
1528,恩德,10,0,10,元富-林園,2023-11-27,5927
2208,台船,10,0,10,元富-林園,2023-11-27,5927
2501,國建,14,4,10,元富-林園,2023-11-27,5927
2634,漢翔,12,2,10,元富-林園,2023-11-27,5927
6770,力積電,10,0,10,元富-林園,2023-11-27,5927
00902,中信電池及儲能,10,1,9,元富-林園,2023-11-27,5927
4968,立積,11,2,9,元富-林園,2023-11-27,5927
6274,台燿,15,6,9,元富-林園,2023-11-27,5927
1609,大亞,15,6,9,元富-林園,2023-11-27,5927
2457,飛宏,15,6,9,元富-林園,2023-11-27,5927
2313,華通,45,36,9,元富-林園,2023-11-27,5927
2618,長榮航,371,52,319,元富-林園,2023-11-28,5927
00671R,富邦NASDAQ反1,156,0,156,元富-林園,2023-11-28,5927
2034,允強,40,0,40,元富-林園,2023-11-28,5927
00632R,元大台灣50反1,188,155,33,元富-林園,2023-11-28,5927
1616,億泰,30,0,30,元富-林園,2023-11-28,5927
00900,富邦特選高股息30,40,14,26,元富-林園,2023-11-28,5927
00923,群益台ESG低碳50,30,5,25,元富-林園,2023-11-28,5927
3260,威剛,28,3,25,元富-林園,2023-11-28,5927
1216,統一,20,1,19,元富-林園,2023-11-28,5927
2612,中航,19,1,18,元富-林園,2023-11-28,5927
00885,富邦越南,18,0,18,元富-林園,2023-11-28,5927
4114,健喬,34,16,18,元富-林園,2023-11-28,5927
3058,立德,17,0,17,元富-林園,2023-11-28,5927
8028,昇陽半導體,16,0,16,元富-林園,2023-11-28,5927
00882,中信中國高股息,14,1,13,元富-林園,2023-11-28,5927
5272,笙科,13,0,13,元富-林園,2023-11-28,5927
2367,燿華,39,27,12,元富-林園,2023-11-28,5927
00642U,期元大S＆P石油,10,0,10,元富-林園,2023-11-28,5927
2371,大同,12,2,10,元富-林園,2023-11-28,5927
2867,三商壽,10,0,10,元富-林園,2023-11-28,5927
2897,王道銀行,10,0,10,元富-林園,2023-11-28,5927
5475,德宏,10,0,10,元富-林園,2023-11-28,5927
6271,同欣電,10,0,10,元富-林園,2023-11-28,5927
1515,力山,9,0,9,元富-林園,2023-11-28,5927
2340,台亞,11,2,9,元富-林園,2023-11-28,5927
6237,驊訊,10,1,9,元富-林園,2023-11-28,5927
1781,合世,10,2,8,元富-林園,2023-11-28,5927
2412,中華電,8,0,8,元富-林園,2023-11-28,5927
3264,欣銓,10,2,8,元富-林園,2023-11-28,5927
5347,世界,9,1,8,元富-林園,2023-11-28,5927
8054,安國,12,4,8,元富-林園,2023-11-28,5927
3715,定穎投控,15,8,7,元富-林園,2023-11-28,5927
3051,力特,8,1,7,元富-林園,2023-11-28,5927
6156,松上,8,1,7,元富-林園,2023-11-28,5927
00637L,元大滬深300正2,26,20,6,元富-林園,2023-11-28,5927
00713,元大台灣高息低波,6,0,6,元富-林園,2023-11-28,5927
00712,復華富時不動產,6,0,6,元富-林園,2023-11-28,5927
2405,輔信,16,10,6,元富-林園,2023-11-28,5927
2543,皇昌,33,27,6,元富-林園,2023-11-28,5927
3276,宇環,6,0,6,元富-林園,2023-11-28,5927
3481,群創,8,2,6,元富-林園,2023-11-28,5927
8429,金麗-KY,6,0,6,元富-林園,2023-11-28,5927
2382,廣達,9,4,5,元富-林園,2023-11-28,5927
00757,統一FANG+,5,0,5,元富-林園,2023-11-28,5927
00902,中信電池及儲能,5,0,5,元富-林園,2023-11-28,5927
1762,中化生,5,0,5,元富-林園,2023-11-28,5927
2390,云辰,5,0,5,元富-林園,2023-11-28,5927
2458,義隆,5,0,5,元富-林園,2023-11-28,5927
2613,中櫃,5,0,5,元富-林園,2023-11-28,5927
2809,京城銀,5,0,5,元富-林園,2023-11-28,5927
2002,中鋼,148,47,101,元富-林園,2023-11-29,5927
2929,淘帝-KY,87,0,87,元富-林園,2023-11-29,5927
00637L,元大滬深300正2,83,0,83,元富-林園,2023-11-29,5927
00882,中信中國高股息,62,0,62,元富-林園,2023-11-29,5927
2104,國際中橡,50,0,50,元富-林園,2023-11-29,5927
00919,群益台灣精選高息,30,0,30,元富-林園,2023-11-29,5927
8096,擎亞,25,0,25,元富-林園,2023-11-29,5927
2618,長榮航,36,12,24,元富-林園,2023-11-29,5927
3090,日電貿,23,0,23,元富-林園,2023-11-29,5927
3231,緯創,33,10,23,元富-林園,2023-11-29,5927
00679B,元大美債20年,23,0,23,元富-林園,2023-11-29,5927
9103,美德醫療-DR,21,0,21,元富-林園,2023-11-29,5927
2363,矽統,55,34,21,元富-林園,2023-11-29,5927
2610,華航,40,20,20,元富-林園,2023-11-29,5927
1464,得力,20,0,20,元富-林園,2023-11-29,5927
1101,台泥,22,2,20,元富-林園,2023-11-29,5927
2897,王道銀行,20,0,20,元富-林園,2023-11-29,5927
2365,昆盈,20,1,19,元富-林園,2023-11-29,5927
6120,達運,18,0,18,元富-林園,2023-11-29,5927
4973,廣穎,17,0,17,元富-林園,2023-11-29,5927
6695,芯鼎,25,10,15,元富-林園,2023-11-29,5927
6770,力積電,13,0,13,元富-林園,2023-11-29,5927
2353,宏��,12,0,12,元富-林園,2023-11-29,5927
2369,菱生,45,33,12,元富-林園,2023-11-29,5927
4133,亞諾法,26,14,12,元富-林園,2023-11-29,5927
2258,鴻華先進-創,11,0,11,元富-林園,2023-11-29,5927
6282,康舒,16,5,11,元富-林園,2023-11-29,5927
6799,來頡,11,0,11,元富-林園,2023-11-29,5927
00929,復華台灣科技優息,19,9,10,元富-林園,2023-11-29,5927
00830,國泰費城半導體,10,0,10,元富-林園,2023-11-29,5927
1449,佳和,20,10,10,元富-林園,2023-11-29,5927
2029,盛餘,10,0,10,元富-林園,2023-11-29,5927
2243,宏旭-KY,10,0,10,元富-林園,2023-11-29,5927
3583,辛耘,11,1,10,元富-林園,2023-11-29,5927
4953,緯軟,10,0,10,元富-林園,2023-11-29,5927
9933,中鼎,10,0,10,元富-林園,2023-11-29,5927
3036,文曄,11,2,9,元富-林園,2023-11-29,5927
1605,華新,10,1,9,元富-林園,2023-11-29,5927
2892,第一金,10,1,9,元富-林園,2023-11-29,5927
3325,旭品,18,9,9,元富-林園,2023-11-29,5927
4442,竣邦-KY,10,1,9,元富-林園,2023-11-29,5927
2331,精英,10,2,8,元富-林園,2023-11-29,5927
2380,虹光,8,0,8,元富-林園,2023-11-29,5927
2401,凌陽,27,19,8,元富-林園,2023-11-29,5927
2330,台積電,7,0,7,元富-林園,2023-11-29,5927
8054,安國,11,4,7,元富-林園,2023-11-29,5927
2743,山富,7,0,7,元富-林園,2023-11-29,5927
5351,鈺創,12,5,7,元富-林園,2023-11-29,5927
6104,創惟,11,4,7,元富-林園,2023-11-29,5927
1325,恆大,6,0,6,元富-林園,2023-11-29,5927
2891,中信金,220,6,214,元富-林園,2023-11-30,5927
2867,三商壽,191,21,170,元富-林園,2023-11-30,5927
2002,中鋼,186,80,106,元富-林園,2023-11-30,5927
2892,第一金,100,1,99,元富-林園,2023-11-30,5927
00919,群益台灣精選高息,38,2,36,元富-林園,2023-11-30,5927
6770,力積電,30,0,30,元富-林園,2023-11-30,5927
2905,三商,30,0,30,元富-林園,2023-11-30,5927
3693,營邦,30,2,28,元富-林園,2023-11-30,5927
2369,菱生,41,13,28,元富-林園,2023-11-30,5927
6284,佳邦,31,3,28,元富-林園,2023-11-30,5927
3231,緯創,32,5,27,元富-林園,2023-11-30,5927
4768,晶呈科技,30,4,26,元富-林園,2023-11-30,5927
6122,擎邦,22,0,22,元富-林園,2023-11-30,5927
9945,潤泰新,20,0,20,元富-林園,2023-11-30,5927
2610,華航,21,1,20,元富-林園,2023-11-30,5927
2359,所羅門,21,3,18,元富-林園,2023-11-30,5927
3059,華晶科,21,3,18,元富-林園,2023-11-30,5927
2337,旺宏,18,2,16,元富-林園,2023-11-30,5927
4961,天鈺,28,12,16,元富-林園,2023-11-30,5927
1609,大亞,15,0,15,元富-林園,2023-11-30,5927
00632R,元大台灣50反1,15,0,15,元富-林園,2023-11-30,5927
2409,友達,13,0,13,元富-林園,2023-11-30,5927
00931B,統一美債20年,12,0,12,元富-林園,2023-11-30,5927
2606,裕民,14,2,12,元富-林園,2023-11-30,5927
4171,瑞基,12,0,12,元富-林園,2023-11-30,5927
1513,中興電,11,1,10,元富-林園,2023-11-30,5927
2201,裕隆,10,0,10,元富-林園,2023-11-30,5927
2352,佳世達,10,0,10,元富-林園,2023-11-30,5927
2897,王道銀行,10,0,10,元富-林園,2023-11-30,5927
3058,立德,10,0,10,元富-林園,2023-11-30,5927
3317,尼克森,11,1,10,元富-林園,2023-11-30,5927
3713,新晶投控,10,0,10,元富-林園,2023-11-30,5927
1449,佳和,15,6,9,元富-林園,2023-11-30,5927
4133,亞諾法,9,0,9,元富-林園,2023-11-30,5927
5471,松翰,9,0,9,元富-林園,2023-11-30,5927
2313,華通,35,27,8,元富-林園,2023-11-30,5927
5222,全訊,8,0,8,元富-林園,2023-11-30,5927
6244,茂迪,17,9,8,元富-林園,2023-11-30,5927
00713,元大台灣高息低波,7,0,7,元富-林園,2023-11-30,5927
2485,兆赫,8,1,7,元富-林園,2023-11-30,5927
2637,慧洋-KY,47,40,7,元富-林園,2023-11-30,5927
3623,富晶通,7,0,7,元富-林園,2023-11-30,5927
3645,達邁,7,0,7,元富-林園,2023-11-30,5927
6202,盛群,7,0,7,元富-林園,2023-11-30,5927
3055,蔚華科,7,0,7,元富-林園,2023-11-30,5927
2492,華新科,7,1,6,元富-林園,2023-11-30,5927
3227,原相,8,2,6,元富-林園,2023-11-30,5927
1313,聯成,6,0,6,元富-林園,2023-11-30,5927
00751B,元大AAA至A公司債,6,0,6,元富-林園,2023-11-30,5927
2303,聯電,7,1,6,元富-林園,2023-11-30,5927
00637L,元大滬深300正2,182,0,182,元富-林園,2023-12-01,5927
2891,中信金,114,1,113,元富-林園,2023-12-01,5927
2867,三商壽,60,0,60,元富-林園,2023-12-01,5927
2409,友達,58,0,58,元富-林園,2023-12-01,5927
2886,兆豐金,39,6,33,元富-林園,2023-12-01,5927
00680L,元大美債20正2,33,0,33,元富-林園,2023-12-01,5927
2618,長榮航,43,11,32,元富-林園,2023-12-01,5927
4533,協易機,46,20,26,元富-林園,2023-12-01,5927
00922,國泰台灣領袖50,30,5,25,元富-林園,2023-12-01,5927
6770,力積電,24,1,23,元富-林園,2023-12-01,5927
00633L,富邦上証正2,22,0,22,元富-林園,2023-12-01,5927
3006,晶豪科,22,0,22,元富-林園,2023-12-01,5927
00679B,元大美債20年,22,0,22,元富-林園,2023-12-01,5927
2002,中鋼,93,72,21,元富-林園,2023-12-01,5927
4167,松瑞藥,28,8,20,元富-林園,2023-12-01,5927
8150,南茂,21,1,20,元富-林園,2023-12-01,5927
6108,競國,25,6,19,元富-林園,2023-12-01,5927
00929,復華台灣科技優息,22,5,17,元富-林園,2023-12-01,5927
2317,鴻海,22,6,16,元富-林園,2023-12-01,5927
2636,台驊控股,15,0,15,元富-林園,2023-12-01,5927
6179,亞通,15,0,15,元富-林園,2023-12-01,5927
6547,高端疫苗,15,0,15,元富-林園,2023-12-01,5927
3706,神達,34,20,14,元富-林園,2023-12-01,5927
2884,玉山金,13,0,13,元富-林園,2023-12-01,5927
2812,台中銀,16,3,13,元富-林園,2023-12-01,5927
00882,中信中國高股息,13,1,12,元富-林園,2023-12-01,5927
00642U,期元大S＆P石油,12,0,12,元富-林園,2023-12-01,5927
00713,元大台灣高息低波,11,0,11,元富-林園,2023-12-01,5927
1471,首利,11,0,11,元富-林園,2023-12-01,5927
2615,萬海,13,2,11,元富-林園,2023-12-01,5927
5210,寶碩,11,0,11,元富-林園,2023-12-01,5927
6127,九豪,13,2,11,元富-林園,2023-12-01,5927
2834,臺企銀,10,0,10,元富-林園,2023-12-01,5927
1326,台化,10,0,10,元富-林園,2023-12-01,5927
1201,味全,10,0,10,元富-林園,2023-12-01,5927
00673R,期元大S＆P原油反1,10,0,10,元富-林園,2023-12-01,5927
2062,橋椿,10,0,10,元富-林園,2023-12-01,5927
2905,三商,10,0,10,元富-林園,2023-12-01,5927
3689,湧德,10,0,10,元富-林園,2023-12-01,5927
3702,大聯大,10,0,10,元富-林園,2023-12-01,5927
5202,力新,10,0,10,元富-林園,2023-12-01,5927
9933,中鼎,10,0,10,元富-林園,2023-12-01,5927
2801,彰銀,9,0,9,元富-林園,2023-12-01,5927
00902,中信電池及儲能,9,0,9,元富-林園,2023-12-01,5927
5880,合庫金,9,0,9,元富-林園,2023-12-01,5927
00893,國泰智能電動車,8,0,8,元富-林園,2023-12-01,5927
00715L,期街口布蘭特正2,10,2,8,元富-林園,2023-12-01,5927
00632R,元大台灣50反1,8,0,8,元富-林園,2023-12-01,5927
1515,力山,8,0,8,元富-林園,2023-12-01,5927
2888,新光金,8,0,8,元富-林園,2023-12-01,5927
00680L,元大美債20正2,118,0,118,元富-林園,2023-12-04,5927
2615,萬海,100,41,59,元富-林園,2023-12-04,5927
4114,健喬,65,9,56,元富-林園,2023-12-04,5927
00642U,期元大S＆P石油,52,0,52,元富-林園,2023-12-04,5927
2543,皇昌,48,1,47,元富-林園,2023-12-04,5927
2929,淘帝-KY,67,27,40,元富-林園,2023-12-04,5927
3264,欣銓,64,29,35,元富-林園,2023-12-04,5927
2883,凱基金,31,0,31,元富-林園,2023-12-04,5927
2009,第一銅,41,15,26,元富-林園,2023-12-04,5927
6235,華孚,27,1,26,元富-林園,2023-12-04,5927
00934,中信成長高股息,24,0,24,元富-林園,2023-12-04,5927
3325,旭品,35,12,23,元富-林園,2023-12-04,5927
3013,晟銘電,55,33,22,元富-林園,2023-12-04,5927
2457,飛宏,33,12,21,元富-林園,2023-12-04,5927
00713,元大台灣高息低波,20,0,20,元富-林園,2023-12-04,5927
00715L,期街口布蘭特正2,20,0,20,元富-林園,2023-12-04,5927
1732,毛寶,20,0,20,元富-林園,2023-12-04,5927
2613,中櫃,22,2,20,元富-林園,2023-12-04,5927
6161,捷波,20,0,20,元富-林園,2023-12-04,5927
3706,神達,22,2,20,元富-林園,2023-12-04,5927
2313,華通,34,15,19,元富-林園,2023-12-04,5927
2105,正新,24,6,18,元富-林園,2023-12-04,5927
00687B,國泰20年美債,20,2,18,元富-林園,2023-12-04,5927
2340,台亞,21,3,18,元富-林園,2023-12-04,5927
00919,群益台灣精選高息,18,0,18,元富-林園,2023-12-04,5927
5328,華容,17,0,17,元富-林園,2023-12-04,5927
1609,大亞,24,8,16,元富-林園,2023-12-04,5927
2601,益航,25,9,16,元富-林園,2023-12-04,5927
1504,東元,28,13,15,元富-林園,2023-12-04,5927
1314,中石化,15,0,15,元富-林園,2023-12-04,5927
00882,中信中國高股息,28,13,15,元富-林園,2023-12-04,5927
2367,燿華,57,42,15,元富-林園,2023-12-04,5927
6547,高端疫苗,30,15,15,元富-林園,2023-12-04,5927
1319,東陽,26,12,14,元富-林園,2023-12-04,5927
2017,官田鋼,14,0,14,元富-林園,2023-12-04,5927
2369,菱生,24,10,14,元富-林園,2023-12-04,5927
3211,順達,14,0,14,元富-林園,2023-12-04,5927
1727,中華化,13,0,13,元富-林園,2023-12-04,5927
4167,松瑞藥,16,3,13,元富-林園,2023-12-04,5927
3005,神基,24,12,12,元富-林園,2023-12-04,5927
1711,永光,17,5,12,元富-林園,2023-12-04,5927
6278,台表科,13,1,12,元富-林園,2023-12-04,5927
00878,國泰永續高股息,14,3,11,元富-林園,2023-12-04,5927
1326,台化,11,0,11,元富-林園,2023-12-04,5927
1339,昭輝,13,2,11,元富-林園,2023-12-04,5927
2633,台灣高鐵,11,0,11,元富-林園,2023-12-04,5927
4953,緯軟,11,0,11,元富-林園,2023-12-04,5927
6180,橘子,11,0,11,元富-林園,2023-12-04,5927
6233,旺玖,12,1,11,元富-林園,2023-12-04,5927
6282,康舒,12,1,11,元富-林園,2023-12-04,5927
00712,復華富時不動產,202,0,202,元富-林園,2023-12-05,5927
00919,群益台灣精選高息,196,0,196,元富-林園,2023-12-05,5927
00929,復華台灣科技優息,129,47,82,元富-林園,2023-12-05,5927
2606,裕民,94,36,58,元富-林園,2023-12-05,5927
2883,凱基金,31,0,31,元富-林園,2023-12-05,5927
2867,三商壽,31,0,31,元富-林園,2023-12-05,5927
4171,瑞基,36,7,29,元富-林園,2023-12-05,5927
6244,茂迪,40,11,29,元富-林園,2023-12-05,5927
2105,正新,28,0,28,元富-林園,2023-12-05,5927
00882,中信中國高股息,26,0,26,元富-林園,2023-12-05,5927
5347,世界,27,2,25,元富-林園,2023-12-05,5927
5701,劍湖山,23,0,23,元富-林園,2023-12-05,5927
6168,宏齊,23,0,23,元富-林園,2023-12-05,5927
2882,國泰金,22,0,22,元富-林園,2023-12-05,5927
00642U,期元大S＆P石油,21,0,21,元富-林園,2023-12-05,5927
1506,正道,20,0,20,元富-林園,2023-12-05,5927
8110,華東,20,0,20,元富-林園,2023-12-05,5927
9945,潤泰新,20,0,20,元富-林園,2023-12-05,5927
3229,晟鈦,19,0,19,元富-林園,2023-12-05,5927
2303,聯電,18,1,17,元富-林園,2023-12-05,5927
2340,台亞,17,0,17,元富-林園,2023-12-05,5927
2485,兆赫,16,0,16,元富-林園,2023-12-05,5927
2344,華邦電,17,3,14,元富-林園,2023-12-05,5927
2371,大同,17,3,14,元富-林園,2023-12-05,5927
2618,長榮航,39,25,14,元富-林園,2023-12-05,5927
2897,王道銀行,14,0,14,元富-林園,2023-12-05,5927
00878,國泰永續高股息,13,0,13,元富-林園,2023-12-05,5927
1605,華新,12,0,12,元富-林園,2023-12-05,5927
00715L,期街口布蘭特正2,12,0,12,元富-林園,2023-12-05,5927
2402,毅嘉,12,0,12,元富-林園,2023-12-05,5927
2436,偉詮電,12,0,12,元富-林園,2023-12-05,5927
3706,神達,12,0,12,元富-林園,2023-12-05,5927
3005,神基,11,0,11,元富-林園,2023-12-05,5927
4532,瑞智,11,0,11,元富-林園,2023-12-05,5927
2363,矽統,11,0,11,元富-林園,2023-12-05,5927
2881,富邦金,10,0,10,元富-林園,2023-12-05,5927
6443,元晶,14,4,10,元富-林園,2023-12-05,5927
2332,友訊,19,9,10,元富-林園,2023-12-05,5927
1314,中石化,10,0,10,元富-林園,2023-12-05,5927
1216,統一,10,0,10,元富-林園,2023-12-05,5927
1713,國化,10,0,10,元富-林園,2023-12-05,5927
3006,晶豪科,11,1,10,元富-林園,2023-12-05,5927
4714,永捷,10,0,10,元富-林園,2023-12-05,5927
3231,緯創,25,16,9,元富-林園,2023-12-05,5927
1409,新纖,10,1,9,元富-林園,2023-12-05,5927
9103,美德醫療-DR,10,1,9,元富-林園,2023-12-05,5927
00637L,元大滬深300正2,8,0,8,元富-林園,2023-12-05,5927
2617,台航,22,14,8,元富-林園,2023-12-05,5927
2929,淘帝-KY,8,0,8,元富-林園,2023-12-05,5927
3390,旭軟,8,0,8,元富-林園,2023-12-05,5927
2349,錸德,200,0,200,元富-林園,2023-12-06,5927
00637L,元大滬深300正2,166,0,166,元富-林園,2023-12-06,5927
00680L,元大美債20正2,145,0,145,元富-林園,2023-12-06,5927
00712,復華富時不動產,105,5,100,元富-林園,2023-12-06,5927
9919,康那香,79,9,70,元富-林園,2023-12-06,5927
1504,東元,68,7,61,元富-林園,2023-12-06,5927
6189,豐藝,60,0,60,元富-林園,2023-12-06,5927
00933B,國泰10Y+金融債,53,0,53,元富-林園,2023-12-06,5927
8071,能率網通,50,0,50,元富-林園,2023-12-06,5927
6116,彩晶,45,0,45,元富-林園,2023-12-06,5927
00919,群益台灣精選高息,39,0,39,元富-林園,2023-12-06,5927
00922,國泰台灣領袖50,56,21,35,元富-林園,2023-12-06,5927
2258,鴻華先進-創,35,0,35,元富-林園,2023-12-06,5927
2317,鴻海,31,2,29,元富-林園,2023-12-06,5927
00937B,群益ESG投等債20,67,39,28,元富-林園,2023-12-06,5927
8048,德勝,26,0,26,元富-林園,2023-12-06,5927
2881,富邦金,26,0,26,元富-林園,2023-12-06,5927
1605,華新,27,2,25,元富-林園,2023-12-06,5927
1522,堤維西,45,20,25,元富-林園,2023-12-06,5927
4167,松瑞藥,29,6,23,元富-林園,2023-12-06,5927
00888,永豐台灣ESG,22,0,22,元富-林園,2023-12-06,5927
3481,群創,22,0,22,元富-林園,2023-12-06,5927
00751B,元大AAA至A公司債,23,2,21,元富-林園,2023-12-06,5927
2367,燿華,23,3,20,元富-林園,2023-12-06,5927
5608,四維航,23,3,20,元富-林園,2023-12-06,5927
00679B,元大美債20年,31,12,19,元富-林園,2023-12-06,5927
6213,聯茂,21,2,19,元富-林園,2023-12-06,5927
2485,兆赫,28,10,18,元富-林園,2023-12-06,5927
00642U,期元大S＆P石油,15,0,15,元富-林園,2023-12-06,5927
1325,恆大,17,2,15,元富-林園,2023-12-06,5927
2340,台亞,15,0,15,元富-林園,2023-12-06,5927
3576,聯合再生,15,0,15,元富-林園,2023-12-06,5927
6598,ABC-KY,15,0,15,元富-林園,2023-12-06,5927
2801,彰銀,15,0,15,元富-林園,2023-12-06,5927
2344,華邦電,17,3,14,元富-林園,2023-12-06,5927
2337,旺宏,12,0,12,元富-林園,2023-12-06,5927
2614,東森,12,0,12,元富-林園,2023-12-06,5927
2641,正德,49,37,12,元富-林園,2023-12-06,5927
6874,倍力,12,0,12,元富-林園,2023-12-06,5927
4960,誠美材,11,0,11,元富-林園,2023-12-06,5927
2382,廣達,16,6,10,元富-林園,2023-12-06,5927
2313,華通,28,18,10,元富-林園,2023-12-06,5927
1513,中興電,18,8,10,元富-林園,2023-12-06,5927
1618,合機,28,18,10,元富-林園,2023-12-06,5927
2009,第一銅,12,2,10,元富-林園,2023-12-06,5927
2449,京元電子,12,2,10,元富-林園,2023-12-06,5927
2615,萬海,13,3,10,元富-林園,2023-12-06,5927
3013,晟銘電,45,35,10,元富-林園,2023-12-06,5927
3122,笙泉,14,4,10,元富-林園,2023-12-06,5927
3687,歐買尬,10,0,10,元富-林園,2023-12-06,5927
00680L,元大美債20正2,383,50,333,元富-林園,2023-12-07,5927
2492,華新科,105,0,105,元富-林園,2023-12-07,5927
6116,彩晶,90,0,90,元富-林園,2023-12-07,5927
00919,群益台灣精選高息,100,27,73,元富-林園,2023-12-07,5927
00751B,元大AAA至A公司債,70,0,70,元富-林園,2023-12-07,5927
00687B,國泰20年美債,68,3,65,元富-林園,2023-12-07,5927
00712,復華富時不動產,119,55,64,元富-林園,2023-12-07,5927
00857B,永豐20年美公債,54,0,54,元富-林園,2023-12-07,5927
3017,奇鋐,51,5,46,元富-林園,2023-12-07,5927
1314,中石化,43,0,43,元富-林園,2023-12-07,5927
8354,冠好,38,0,38,元富-林園,2023-12-07,5927
2610,華航,42,7,35,元富-林園,2023-12-07,5927
00929,復華台灣科技優息,55,21,34,元富-林園,2023-12-07,5927
00679B,元大美債20年,51,21,30,元富-林園,2023-12-07,5927
6237,驊訊,40,10,30,元富-林園,2023-12-07,5927
1616,億泰,28,0,28,元富-林園,2023-12-07,5927
1618,合機,33,6,27,元富-林園,2023-12-07,5927
2355,敬鵬,29,4,25,元富-林園,2023-12-07,5927
00642U,期元大S＆P石油,24,0,24,元富-林園,2023-12-07,5927
6233,旺玖,27,3,24,元富-林園,2023-12-07,5927
2349,錸德,22,0,22,元富-林園,2023-12-07,5927
2641,正德,43,23,20,元富-林園,2023-12-07,5927
00715L,期街口布蘭特正2,18,0,18,元富-林園,2023-12-07,5927
2436,偉詮電,20,3,17,元富-林園,2023-12-07,5927
2344,華邦電,16,1,15,元富-林園,2023-12-07,5927
2637,慧洋-KY,22,7,15,元富-林園,2023-12-07,5927
8110,華東,15,0,15,元富-林園,2023-12-07,5927
6111,大宇資,14,0,14,元富-林園,2023-12-07,5927
3437,榮創,13,0,13,元富-林園,2023-12-07,5927
2340,台亞,12,0,12,元富-林園,2023-12-07,5927
2603,長榮,12,0,12,元富-林園,2023-12-07,5927
3317,尼克森,14,2,12,元富-林園,2023-12-07,5927
4162,智擎,12,0,12,元富-林園,2023-12-07,5927
2605,新興,25,14,11,元富-林園,2023-12-07,5927
2611,志信,17,6,11,元富-林園,2023-12-07,5927
3013,晟銘電,28,17,11,元富-林園,2023-12-07,5927
6127,九豪,11,0,11,元富-林園,2023-12-07,5927
2363,矽統,16,6,10,元富-林園,2023-12-07,5927
2402,毅嘉,12,2,10,元富-林園,2023-12-07,5927
00650L,復華香港正2,10,0,10,元富-林園,2023-12-07,5927
00890B,凱基ESG BBB債,10,0,10,元富-林園,2023-12-07,5927
2233,宇隆,20,10,10,元富-林園,2023-12-07,5927
2449,京元電子,10,0,10,元富-林園,2023-12-07,5927
2461,光群雷,10,0,10,元富-林園,2023-12-07,5927
3702,大聯大,10,0,10,元富-林園,2023-12-07,5927
2323,中環,10,1,9,元富-林園,2023-12-07,5927
2369,菱生,20,11,9,元富-林園,2023-12-07,5927
2897,王道銀行,9,0,9,元富-林園,2023-12-07,5927
6117,迎廣,16,7,9,元富-林園,2023-12-07,5927
2882,國泰金,8,0,8,元富-林園,2023-12-07,5927
00706L,期元大S＆P日圓正2,118,0,118,元富-林園,2023-12-08,5927
00919,群益台灣精選高息,97,0,97,元富-林園,2023-12-08,5927
2611,志信,107,38,69,元富-林園,2023-12-08,5927
00937B,群益ESG投等債20,70,12,58,元富-林園,2023-12-08,5927
3231,緯創,58,8,50,元富-林園,2023-12-08,5927
00890B,凱基ESG BBB債,32,0,32,元富-林園,2023-12-08,5927
00715L,期街口布蘭特正2,30,0,30,元富-林園,2023-12-08,5927
00929,復華台灣科技優息,49,20,29,元富-林園,2023-12-08,5927
6695,芯鼎,26,0,26,元富-林園,2023-12-08,5927
2303,聯電,27,1,26,元富-林園,2023-12-08,5927
8054,安國,84,60,24,元富-林園,2023-12-08,5927
2618,長榮航,71,47,24,元富-林園,2023-12-08,5927
3017,奇鋐,27,3,24,元富-林園,2023-12-08,5927
00882,中信中國高股息,22,0,22,元富-林園,2023-12-08,5927
3693,營邦,30,9,21,元富-林園,2023-12-08,5927
2002,中鋼,32,12,20,元富-林園,2023-12-08,5927
2328,廣宇,20,0,20,元富-林園,2023-12-08,5927
00788B,元大10年IG電能債,18,0,18,元富-林園,2023-12-08,5927
2312,金寶,21,3,18,元富-林園,2023-12-08,5927
8150,南茂,21,3,18,元富-林園,2023-12-08,5927
00786B,元大10年IG銀行債,17,0,17,元富-林園,2023-12-08,5927
00787B,元大10年IG醫療債,16,0,16,元富-林園,2023-12-08,5927
2206,三陽工業,15,0,15,元富-林園,2023-12-08,5927
2340,台亞,15,0,15,元富-林園,2023-12-08,5927
3516,亞帝歐,16,1,15,元富-林園,2023-12-08,5927
6116,彩晶,15,0,15,元富-林園,2023-12-08,5927
2727,王品,14,0,14,元富-林園,2023-12-08,5927
2882,國泰金,13,0,13,元富-林園,2023-12-08,5927
3481,群創,28,15,13,元富-林園,2023-12-08,5927
00931B,統一美債20年,12,0,12,元富-林園,2023-12-08,5927
1409,新纖,12,0,12,元富-林園,2023-12-08,5927
3013,晟銘電,12,0,12,元富-林園,2023-12-08,5927
1815,富喬,16,5,11,元富-林園,2023-12-08,5927
3491,昇達科,13,2,11,元富-林園,2023-12-08,5927
4167,松瑞藥,11,0,11,元富-林園,2023-12-08,5927
00642U,期元大S＆P石油,10,0,10,元富-林園,2023-12-08,5927
2023,燁輝,10,0,10,元富-林園,2023-12-08,5927
2233,宇隆,10,0,10,元富-林園,2023-12-08,5927
2486,一詮,10,0,10,元富-林園,2023-12-08,5927
3056,富華新,10,0,10,元富-林園,2023-12-08,5927
4906,正文,18,8,10,元富-林園,2023-12-08,5927
9934,成霖,10,0,10,元富-林園,2023-12-08,5927
2887,台新金,10,1,9,元富-林園,2023-12-08,5927
1609,大亞,20,11,9,元富-林園,2023-12-08,5927
8996,高力,9,1,8,元富-林園,2023-12-08,5927
2371,大同,13,5,8,元富-林園,2023-12-08,5927
2353,宏��,16,8,8,元富-林園,2023-12-08,5927
00679B,元大美債20年,7,0,7,元富-林園,2023-12-08,5927
1444,力麗,7,0,7,元富-林園,2023-12-08,5927
2812,台中銀,8,1,7,元富-林園,2023-12-08,5927
00919,群益台灣精選高息,979,1,978,元富-林園,2023-12-11,5927
2880,華南金,260,6,254,元富-林園,2023-12-11,5927
00637L,元大滬深300正2,152,0,152,元富-林園,2023-12-11,5927
6205,詮欣,117,3,114,元富-林園,2023-12-11,5927
3017,奇鋐,165,66,99,元富-林園,2023-12-11,5927
3607,谷崧,81,0,81,元富-林園,2023-12-11,5927
00918,大華優利高填息30,80,0,80,元富-林園,2023-12-11,5927
00715L,期街口布蘭特正2,105,30,75,元富-林園,2023-12-11,5927
1313,聯成,62,0,62,元富-林園,2023-12-11,5927
2618,長榮航,69,17,52,元富-林園,2023-12-11,5927
00882,中信中國高股息,47,0,47,元富-林園,2023-12-11,5927
3041,揚智,44,1,43,元富-林園,2023-12-11,5927
1609,大亞,63,28,35,元富-林園,2023-12-11,5927
2340,台亞,30,0,30,元富-林園,2023-12-11,5927
1524,耿鼎,42,13,29,元富-林園,2023-12-11,5927
00687B,國泰20年美債,27,0,27,元富-林園,2023-12-11,5927
6216,居易,25,0,25,元富-林園,2023-12-11,5927
2402,毅嘉,43,20,23,元富-林園,2023-12-11,5927
2605,新興,31,8,23,元富-林園,2023-12-11,5927
00799B,國泰A級醫療債,22,0,22,元富-林園,2023-12-11,5927
00756B,群益投等新興公債,22,0,22,元富-林園,2023-12-11,5927
00782B,國泰A級公用債,22,0,22,元富-林園,2023-12-11,5927
00781B,國泰A級科技債,21,0,21,元富-林園,2023-12-11,5927
00726B,國泰新興投等債,21,0,21,元富-林園,2023-12-11,5927
2002,中鋼,154,135,19,元富-林園,2023-12-11,5927
2371,大同,22,4,18,元富-林園,2023-12-11,5927
1519,華城,22,6,16,元富-林園,2023-12-11,5927
1325,恆大,27,11,16,元富-林園,2023-12-11,5927
2606,裕民,16,3,13,元富-林園,2023-12-11,5927
1616,億泰,12,0,12,元富-林園,2023-12-11,5927
2317,鴻海,12,0,12,元富-林園,2023-12-11,5927
2313,華通,25,14,11,元富-林園,2023-12-11,5927
2481,強茂,13,2,11,元富-林園,2023-12-11,5927
2888,新光金,13,3,10,元富-林園,2023-12-11,5927
00642U,期元大S＆P石油,10,0,10,元富-林園,2023-12-11,5927
2328,廣宇,10,0,10,元富-林園,2023-12-11,5927
2834,臺企銀,12,2,10,元富-林園,2023-12-11,5927
3523,迎輝,10,0,10,元富-林園,2023-12-11,5927
4532,瑞智,10,0,10,元富-林園,2023-12-11,5927
6265,方土昶,10,0,10,元富-林園,2023-12-11,5927
4967,十銓,14,5,9,元富-林園,2023-12-11,5927
2388,威盛,16,7,9,元富-林園,2023-12-11,5927
4973,廣穎,10,2,8,元富-林園,2023-12-11,5927
2611,志信,10,2,8,元富-林園,2023-12-11,5927
3380,明泰,11,3,8,元富-林園,2023-12-11,5927
6170,統振,18,10,8,元富-林園,2023-12-11,5927
6789,采鈺,8,0,8,元富-林園,2023-12-11,5927
8926,台汽電,8,0,8,元富-林園,2023-12-11,5927
2453,凌群,9,2,7,元富-林園,2023-12-11,5927
2399,映泰,7,0,7,元富-林園,2023-12-11,5927
00712,復華富時不動產,232,0,232,元富-林園,2023-12-12,5927
3231,緯創,64,4,60,元富-林園,2023-12-12,5927
00919,群益台灣精選高息,98,42,56,元富-林園,2023-12-12,5927
00918,大華優利高填息30,48,0,48,元富-林園,2023-12-12,5927
3163,波若威,36,1,35,元富-林園,2023-12-12,5927
3017,奇鋐,35,1,34,元富-林園,2023-12-12,5927
2882,國泰金,32,0,32,元富-林園,2023-12-12,5927
1618,合機,44,16,28,元富-林園,2023-12-12,5927
1616,億泰,23,0,23,元富-林園,2023-12-12,5927
2002,中鋼,132,109,23,元富-林園,2023-12-12,5927
1314,中石化,22,0,22,元富-林園,2023-12-12,5927
2340,台亞,21,0,21,元富-林園,2023-12-12,5927
3607,谷崧,20,1,19,元富-林園,2023-12-12,5927
9912,偉聯,20,2,18,元富-林園,2023-12-12,5927
2328,廣宇,27,11,16,元富-林園,2023-12-12,5927
2929,淘帝-KY,18,2,16,元富-林園,2023-12-12,5927
1313,聯成,15,0,15,元富-林園,2023-12-12,5927
1325,恆大,16,1,15,元富-林園,2023-12-12,5927
2027,大成鋼,15,0,15,元富-林園,2023-12-12,5927
2516,新建,20,6,14,元富-林園,2023-12-12,5927
1608,華榮,31,18,13,元富-林園,2023-12-12,5927
2409,友達,13,0,13,元富-林園,2023-12-12,5927
2610,華航,14,1,13,元富-林園,2023-12-12,5927
1471,首利,12,0,12,元富-林園,2023-12-12,5927
6161,捷波,12,0,12,元富-林園,2023-12-12,5927
3041,揚智,24,12,12,元富-林園,2023-12-12,5927
1324,地球,11,0,11,元富-林園,2023-12-12,5927
3013,晟銘電,11,0,11,元富-林園,2023-12-12,5927
3515,華擎,11,0,11,元富-林園,2023-12-12,5927
1521,大億,10,0,10,元富-林園,2023-12-12,5927
1802,台玻,10,0,10,元富-林園,2023-12-12,5927
2233,宇隆,10,0,10,元富-林園,2023-12-12,5927
3363,上詮,10,0,10,元富-林園,2023-12-12,5927
5487,通泰,10,0,10,元富-林園,2023-12-12,5927
6204,艾華,9,0,9,元富-林園,2023-12-12,5927
1514,亞力,16,8,8,元富-林園,2023-12-12,5927
2324,仁寶,10,2,8,元富-林園,2023-12-12,5927
2399,映泰,9,1,8,元富-林園,2023-12-12,5927
2436,偉詮電,8,0,8,元富-林園,2023-12-12,5927
3006,晶豪科,8,0,8,元富-林園,2023-12-12,5927
3078,僑威,8,0,8,元富-林園,2023-12-12,5927
1305,華夏,7,0,7,元富-林園,2023-12-12,5927
00687B,國泰20年美債,7,0,7,元富-林園,2023-12-12,5927
2388,威盛,19,12,7,元富-林園,2023-12-12,5927
2402,毅嘉,23,16,7,元富-林園,2023-12-12,5927
2417,圓剛,14,7,7,元富-林園,2023-12-12,5927
2641,正德,9,2,7,元富-林園,2023-12-12,5927
3056,富華新,7,0,7,元富-林園,2023-12-12,5927
5344,立衛,7,0,7,元富-林園,2023-12-12,5927
5388,中磊,8,1,7,元富-林園,2023-12-12,5927
00637L,元大滬深300正2,342,100,242,元富-林園,2023-12-13,5927
00882,中信中國高股息,193,0,193,元富-林園,2023-12-13,5927
00937B,群益ESG投等債20,117,10,107,元富-林園,2023-12-13,5927
00933B,國泰10Y+金融債,89,0,89,元富-林園,2023-12-13,5927
5701,劍湖山,86,0,86,元富-林園,2023-12-13,5927
2002,中鋼,112,40,72,元富-林園,2023-12-13,5927
2610,華航,81,20,61,元富-林園,2023-12-13,5927
00642U,期元大S＆P石油,58,0,58,元富-林園,2023-12-13,5927
2601,益航,53,2,51,元富-林園,2023-12-13,5927
1709,和益,50,0,50,元富-林園,2023-12-13,5927
00773B,中信優先金融債,39,0,39,元富-林園,2023-12-13,5927
00772B,中信高評級公司債,39,0,39,元富-林園,2023-12-13,5927
2880,華南金,39,0,39,元富-林園,2023-12-13,5927
2882,國泰金,45,10,35,元富-林園,2023-12-13,5927
3675,德微,33,1,32,元富-林園,2023-12-13,5927
2618,長榮航,37,6,31,元富-林園,2023-12-13,5927
00715L,期街口布蘭特正2,29,0,29,元富-林園,2023-12-13,5927
2340,台亞,28,0,28,元富-林園,2023-12-13,5927
2605,新興,33,6,27,元富-林園,2023-12-13,5927
6182,合晶,30,6,24,元富-林園,2023-12-13,5927
6282,康舒,34,10,24,元富-林園,2023-12-13,5927
3005,神基,42,18,24,元富-林園,2023-12-13,5927
1416,廣豐,20,0,20,元富-林園,2023-12-13,5927
2515,中工,29,10,19,元富-林園,2023-12-13,5927
00919,群益台灣精選高息,26,9,17,元富-林園,2023-12-13,5927
2883,凱基金,15,0,15,元富-林園,2023-12-13,5927
4906,正文,17,2,15,元富-林園,2023-12-13,5927
6120,達運,15,0,15,元富-林園,2023-12-13,5927
00918,大華優利高填息30,15,0,15,元富-林園,2023-12-13,5927
2888,新光金,13,0,13,元富-林園,2023-12-13,5927
1524,耿鼎,20,7,13,元富-林園,2023-12-13,5927
1584,精剛,14,1,13,元富-林園,2023-12-13,5927
1605,華新,15,2,13,元富-林園,2023-12-13,5927
3078,僑威,14,1,13,元富-林園,2023-12-13,5927
5351,鈺創,14,1,13,元富-林園,2023-12-13,5927
9105,泰金寶-DR,13,0,13,元富-林園,2023-12-13,5927
00687B,國泰20年美債,12,0,12,元富-林園,2023-12-13,5927
00679B,元大美債20年,12,0,12,元富-林園,2023-12-13,5927
2427,三商電,11,0,11,元富-林園,2023-12-13,5927
2105,正新,11,0,11,元富-林園,2023-12-13,5927
8210,勤誠,11,0,11,元富-林園,2023-12-13,5927
3035,智原,17,7,10,元富-林園,2023-12-13,5927
2204,中華,14,4,10,元富-林園,2023-12-13,5927
00892,富邦台灣半導體,10,0,10,元富-林園,2023-12-13,5927
00795B,中信美國公債20年,10,0,10,元富-林園,2023-12-13,5927
00935,野村臺灣新科技50,10,0,10,元富-林園,2023-12-13,5927
1616,億泰,10,0,10,元富-林園,2023-12-13,5927
2881,富邦金,11,1,10,元富-林園,2023-12-13,5927
4702,中美實,10,0,10,元富-林園,2023-12-13,5927
5519,隆大,10,0,10,元富-林園,2023-12-13,5927
00637L,元大滬深300正2,183,0,183,元富-林園,2023-12-14,5927
3701,大眾控,127,3,124,元富-林園,2023-12-14,5927
2880,華南金,100,4,96,元富-林園,2023-12-14,5927
2883,凱基金,100,32,68,元富-林園,2023-12-14,5927
00937B,群益ESG投等債20,53,1,52,元富-林園,2023-12-14,5927
00919,群益台灣精選高息,50,0,50,元富-林園,2023-12-14,5927
00933B,國泰10Y+金融債,43,0,43,元富-林園,2023-12-14,5927
00687B,國泰20年美債,33,3,30,元富-林園,2023-12-14,5927
00929,復華台灣科技優息,71,43,28,元富-林園,2023-12-14,5927
2736,富野,27,0,27,元富-林園,2023-12-14,5927
00772B,中信高評級公司債,23,1,22,元富-林園,2023-12-14,5927
2324,仁寶,24,3,21,元富-林園,2023-12-14,5927
2387,精元,20,0,20,元富-林園,2023-12-14,5927
00918,大華優利高填息30,19,0,19,元富-林園,2023-12-14,5927
00882,中信中國高股息,20,1,19,元富-林園,2023-12-14,5927
00720B,元大投資級公司債,19,0,19,元富-林園,2023-12-14,5927
8201,無敵,20,1,19,元富-林園,2023-12-14,5927
6173,信昌電,24,6,18,元富-林園,2023-12-14,5927
2329,華泰,41,24,17,元富-林園,2023-12-14,5927
1815,富喬,19,3,16,元富-林園,2023-12-14,5927
1325,恆大,15,0,15,元富-林園,2023-12-14,5927
4109,加捷生醫,15,0,15,元富-林園,2023-12-14,5927
2355,敬鵬,41,27,14,元富-林園,2023-12-14,5927
3437,榮創,14,0,14,元富-林園,2023-12-14,5927
2888,新光金,15,2,13,元富-林園,2023-12-14,5927
2425,承啟,15,3,12,元富-林園,2023-12-14,5927
5328,華容,14,2,12,元富-林園,2023-12-14,5927
1591,駿吉-KY,11,0,11,元富-林園,2023-12-14,5927
2603,長榮,11,0,11,元富-林園,2023-12-14,5927
00679B,元大美債20年,11,1,10,元富-林園,2023-12-14,5927
1312,國喬,10,0,10,元富-林園,2023-12-14,5927
1608,華榮,10,0,10,元富-林園,2023-12-14,5927
2436,偉詮電,11,1,10,元富-林園,2023-12-14,5927
3060,銘異,10,0,10,元富-林園,2023-12-14,5927
5236,凌陽創新,10,0,10,元富-林園,2023-12-14,5927
6143,振曜,10,0,10,元富-林園,2023-12-14,5927
6220,岳豐,10,0,10,元富-林園,2023-12-14,5927
6585,鼎基,10,0,10,元富-林園,2023-12-14,5927
2405,輔信,10,0,10,元富-林園,2023-12-14,5927
3231,緯創,18,8,10,元富-林園,2023-12-14,5927
2449,京元電子,14,4,10,元富-林園,2023-12-14,5927
2204,中華,11,2,9,元富-林園,2023-12-14,5927
00751B,元大AAA至A公司債,10,1,9,元富-林園,2023-12-14,5927
2609,陽明,13,4,9,元富-林園,2023-12-14,5927
2617,台航,9,0,9,元富-林園,2023-12-14,5927
6209,今國光,10,1,9,元富-林園,2023-12-14,5927
8086,宏捷科,10,1,9,元富-林園,2023-12-14,5927
6719,力智,8,0,8,元富-林園,2023-12-14,5927
00936,台新永續高息中小,8,0,8,元富-林園,2023-12-14,5927
1504,東元,10,2,8,元富-林園,2023-12-14,5927
00929,復華台灣科技優息,243,60,183,元富-林園,2023-12-15,5927
1325,恆大,41,0,41,元富-林園,2023-12-15,5927
00919,群益台灣精選高息,200,162,38,元富-林園,2023-12-15,5927
00936,台新永續高息中小,36,0,36,元富-林園,2023-12-15,5927
2516,新建,35,0,35,元富-林園,2023-12-15,5927
6248,沛波,40,5,35,元富-林園,2023-12-15,5927
00885,富邦越南,31,0,31,元富-林園,2023-12-15,5927
00687B,國泰20年美債,37,6,31,元富-林園,2023-12-15,5927
2641,正德,30,0,30,元富-林園,2023-12-15,5927
6284,佳邦,32,2,30,元富-林園,2023-12-15,5927
8011,台通,33,3,30,元富-林園,2023-12-15,5927
2401,凌陽,30,1,29,元富-林園,2023-12-15,5927
1312,國喬,29,1,28,元富-林園,2023-12-15,5927
00937B,群益ESG投等債20,27,1,26,元富-林園,2023-12-15,5927
1305,華夏,29,5,24,元富-林園,2023-12-15,5927
00632R,元大台灣50反1,22,0,22,元富-林園,2023-12-15,5927
3005,神基,45,25,20,元富-林園,2023-12-15,5927
2356,英業達,211,193,18,元富-林園,2023-12-15,5927
2436,偉詮電,17,0,17,元富-林園,2023-12-15,5927
6189,豐藝,17,0,17,元富-林園,2023-12-15,5927
3017,奇鋐,16,0,16,元富-林園,2023-12-15,5927
1319,東陽,17,2,15,元富-林園,2023-12-15,5927
2367,燿華,15,0,15,元富-林園,2023-12-15,5927
5521,工信,27,12,15,元富-林園,2023-12-15,5927
4114,健喬,14,0,14,元富-林園,2023-12-15,5927
2317,鴻海,14,2,12,元富-林園,2023-12-15,5927
2465,麗臺,12,0,12,元富-林園,2023-12-15,5927
3059,華晶科,12,0,12,元富-林園,2023-12-15,5927
6170,統振,12,0,12,元富-林園,2023-12-15,5927
2363,矽統,79,67,12,元富-林園,2023-12-15,5927
3231,緯創,14,3,11,元富-林園,2023-12-15,5927
1609,大亞,12,1,11,元富-林園,2023-12-15,5927
2634,漢翔,11,0,11,元富-林園,2023-12-15,5927
3019,亞光,12,1,11,元富-林園,2023-12-15,5927
00857B,永豐20年美公債,10,0,10,元富-林園,2023-12-15,5927
1314,中石化,10,0,10,元富-林園,2023-12-15,5927
2354,鴻準,10,0,10,元富-林園,2023-12-15,5927
2374,佳能,10,0,10,元富-林園,2023-12-15,5927
2388,威盛,27,17,10,元富-林園,2023-12-15,5927
2606,裕民,10,0,10,元富-林園,2023-12-15,5927
2889,國票金,10,0,10,元富-林園,2023-12-15,5927
3346,麗清,10,0,10,元富-林園,2023-12-15,5927
3653,健策,10,0,10,元富-林園,2023-12-15,5927
6237,驊訊,11,1,10,元富-林園,2023-12-15,5927
2888,新光金,22,13,9,元富-林園,2023-12-15,5927
2392,正崴,10,1,9,元富-林園,2023-12-15,5927
3041,揚智,12,3,9,元富-林園,2023-12-15,5927
5011,久陽,9,0,9,元富-林園,2023-12-15,5927
8150,南茂,13,4,9,元富-林園,2023-12-15,5927
00720B,元大投資級公司債,10,2,8,元富-林園,2023-12-15,5927
00679B,元大美債20年,205,10,195,元富-林園,2023-12-18,5927
00680L,元大美債20正2,147,21,126,元富-林園,2023-12-18,5927
00937B,群益ESG投等債20,185,65,120,元富-林園,2023-12-18,5927
00929,復華台灣科技優息,111,6,105,元富-林園,2023-12-18,5927
2023,燁輝,84,33,51,元富-林園,2023-12-18,5927
00857B,永豐20年美公債,100,54,46,元富-林園,2023-12-18,5927
1815,富喬,46,1,45,元富-林園,2023-12-18,5927
00687B,國泰20年美債,44,2,42,元富-林園,2023-12-18,5927
2615,萬海,62,20,42,元富-林園,2023-12-18,5927
00923,群益台ESG低碳50,38,0,38,元富-林園,2023-12-18,5927
00688L,國泰20年美債正2,41,3,38,元富-林園,2023-12-18,5927
2033,佳大,46,10,36,元富-林園,2023-12-18,5927
9105,泰金寶-DR,60,27,33,元富-林園,2023-12-18,5927
3006,晶豪科,42,12,30,元富-林園,2023-12-18,5927
00712,復華富時不動產,28,0,28,元富-林園,2023-12-18,5927
3041,揚智,34,7,27,元富-林園,2023-12-18,5927
00936,台新永續高息中小,24,0,24,元富-林園,2023-12-18,5927
2637,慧洋-KY,28,5,23,元富-林園,2023-12-18,5927
3264,欣銓,39,17,22,元富-林園,2023-12-18,5927
2014,中鴻,59,37,22,元富-林園,2023-12-18,5927
00795B,中信美國公債20年,20,0,20,元富-林園,2023-12-18,5927
6020,大展證,20,0,20,元富-林園,2023-12-18,5927
8096,擎亞,20,0,20,元富-林園,2023-12-18,5927
1605,華新,29,10,19,元富-林園,2023-12-18,5927
2481,強茂,23,5,18,元富-林園,2023-12-18,5927
2340,台亞,17,0,17,元富-林園,2023-12-18,5927
2353,宏��,31,14,17,元富-林園,2023-12-18,5927
2449,京元電子,18,1,17,元富-林園,2023-12-18,5927
6189,豐藝,16,0,16,元富-林園,2023-12-18,5927
00933B,國泰10Y+金融債,13,0,13,元富-林園,2023-12-18,5927
2834,臺企銀,12,0,12,元富-林園,2023-12-18,5927
6168,宏齊,17,5,12,元富-林園,2023-12-18,5927
8112,至上,31,19,12,元富-林園,2023-12-18,5927
2402,毅嘉,17,6,11,元富-林園,2023-12-18,5927
2401,凌陽,12,1,11,元富-林園,2023-12-18,5927
3532,台勝科,13,2,11,元富-林園,2023-12-18,5927
6127,九豪,11,0,11,元富-林園,2023-12-18,5927
1609,大亞,10,0,10,元富-林園,2023-12-18,5927
3450,聯鈞,12,2,10,元富-林園,2023-12-18,5927
6248,沛波,10,0,10,元富-林園,2023-12-18,5927
8201,無敵,10,0,10,元富-林園,2023-12-18,5927
2505,國揚,10,1,9,元富-林園,2023-12-18,5927
00720B,元大投資級公司債,9,1,8,元富-林園,2023-12-18,5927
00696B,富邦美債20年,8,0,8,元富-林園,2023-12-18,5927
2388,威盛,14,6,8,元富-林園,2023-12-18,5927
4906,正文,11,3,8,元富-林園,2023-12-18,5927
5425,台半,18,10,8,元富-林園,2023-12-18,5927
2104,國際中橡,7,0,7,元富-林園,2023-12-18,5927
2337,旺宏,12,5,7,元富-林園,2023-12-18,5927
2409,友達,7,0,7,元富-林園,2023-12-18,5927
2618,長榮航,107,5,102,元富-林園,2023-12-19,5927
6205,詮欣,85,0,85,元富-林園,2023-12-19,5927
00715L,期街口布蘭特正2,88,5,83,元富-林園,2023-12-19,5927
2356,英業達,89,26,63,元富-林園,2023-12-19,5927
00929,復華台灣科技優息,174,142,32,元富-林園,2023-12-19,5927
2323,中環,30,0,30,元富-林園,2023-12-19,5927
1815,富喬,32,5,27,元富-林園,2023-12-19,5927
00688L,國泰20年美債正2,26,0,26,元富-林園,2023-12-19,5927
2324,仁寶,29,4,25,元富-林園,2023-12-19,5927
4532,瑞智,25,0,25,元富-林園,2023-12-19,5927
6235,華孚,26,4,22,元富-林園,2023-12-19,5927
00937B,群益ESG投等債20,172,150,22,元富-林園,2023-12-19,5927
00885,富邦越南,21,0,21,元富-林園,2023-12-19,5927
6189,豐藝,23,2,21,元富-林園,2023-12-19,5927
00637L,元大滬深300正2,170,150,20,元富-林園,2023-12-19,5927
1216,統一,20,0,20,元富-林園,2023-12-19,5927
1312,國喬,20,0,20,元富-林園,2023-12-19,5927
2328,廣宇,20,0,20,元富-林園,2023-12-19,5927
2344,華邦電,49,29,20,元富-林園,2023-12-19,5927
2449,京元電子,20,0,20,元富-林園,2023-12-19,5927
9919,康那香,20,0,20,元富-林園,2023-12-19,5927
3041,揚智,20,1,19,元富-林園,2023-12-19,5927
2337,旺宏,18,0,18,元富-林園,2023-12-19,5927
00712,復華富時不動產,17,0,17,元富-林園,2023-12-19,5927
00919,群益台灣精選高息,94,78,16,元富-林園,2023-12-19,5927
8916,光隆,15,0,15,元富-林園,2023-12-19,5927
2881,富邦金,14,0,14,元富-林園,2023-12-19,5927
00679B,元大美債20年,20,6,14,元富-林園,2023-12-19,5927
6426,統新,14,0,14,元富-林園,2023-12-19,5927
00687B,國泰20年美債,13,0,13,元富-林園,2023-12-19,5927
2405,輔信,13,0,13,元富-林園,2023-12-19,5927
6126,信音,13,0,13,元富-林園,2023-12-19,5927
2352,佳世達,13,0,13,元富-林園,2023-12-19,5927
2615,萬海,57,45,12,元富-林園,2023-12-19,5927
5347,世界,12,0,12,元富-林園,2023-12-19,5927
2340,台亞,12,0,12,元富-林園,2023-12-19,5927
3607,谷崧,12,0,12,元富-林園,2023-12-19,5927
6147,頎邦,12,0,12,元富-林園,2023-12-19,5927
1101,台泥,11,0,11,元富-林園,2023-12-19,5927
00933B,國泰10Y+金融債,25,14,11,元富-林園,2023-12-19,5927
00857B,永豐20年美公債,11,0,11,元富-林園,2023-12-19,5927
8033,雷虎,11,0,11,元富-林園,2023-12-19,5927
8478,東哥遊艇,13,2,11,元富-林園,2023-12-19,5927
6789,采鈺,10,0,10,元富-林園,2023-12-19,5927
1409,新纖,10,0,10,元富-林園,2023-12-19,5927
1713,國化,10,0,10,元富-林園,2023-12-19,5927
3450,聯鈞,13,3,10,元富-林園,2023-12-19,5927
3576,聯合再生,10,0,10,元富-林園,2023-12-19,5927
4906,正文,20,10,10,元富-林園,2023-12-19,5927
2887,台新金,9,0,9,元富-林園,2023-12-19,5927
2014,中鴻,136,17,119,元富-林園,2023-12-20,5927
00937B,群益ESG投等債20,73,0,73,元富-林園,2023-12-20,5927
2027,大成鋼,65,1,64,元富-林園,2023-12-20,5927
00680L,元大美債20正2,62,0,62,元富-林園,2023-12-20,5927
3515,華擎,54,3,51,元富-林園,2023-12-20,5927
00936,台新永續高息中小,40,0,40,元富-林園,2023-12-20,5927
00687B,國泰20年美債,39,0,39,元富-林園,2023-12-20,5927
00919,群益台灣精選高息,52,21,31,元富-林園,2023-12-20,5927
00795B,中信美國公債20年,22,0,22,元富-林園,2023-12-20,5927
00900,富邦特選高股息30,20,0,20,元富-林園,2023-12-20,5927
2801,彰銀,20,0,20,元富-林園,2023-12-20,5927
2007,燁興,20,0,20,元富-林園,2023-12-20,5927
00688L,國泰20年美債正2,19,0,19,元富-林園,2023-12-20,5927
2344,華邦電,18,2,16,元富-林園,2023-12-20,5927
6770,力積電,15,0,15,元富-林園,2023-12-20,5927
1905,華紙,16,1,15,元富-林園,2023-12-20,5927
1466,聚隆,15,0,15,元富-林園,2023-12-20,5927
2457,飛宏,15,0,15,元富-林園,2023-12-20,5927
6125,廣運,16,1,15,元富-林園,2023-12-20,5927
6182,合晶,19,4,15,元富-林園,2023-12-20,5927
3006,晶豪科,21,7,14,元富-林園,2023-12-20,5927
2369,菱生,17,3,14,元富-林園,2023-12-20,5927
1314,中石化,13,0,13,元富-林園,2023-12-20,5927
2340,台亞,13,0,13,元富-林園,2023-12-20,5927
2352,佳世達,15,2,13,元富-林園,2023-12-20,5927
8112,至上,23,10,13,元富-林園,2023-12-20,5927
00929,復華台灣科技優息,32,19,13,元富-林園,2023-12-20,5927
3231,緯創,37,24,13,元富-林園,2023-12-20,5927
2890,永豐金,11,0,11,元富-林園,2023-12-20,5927
4934,太極,11,0,11,元富-林園,2023-12-20,5927
00934,中信成長高股息,10,0,10,元富-林園,2023-12-20,5927
1313,聯成,10,0,10,元富-林園,2023-12-20,5927
2032,新鋼,10,0,10,元富-林園,2023-12-20,5927
3211,順達,11,1,10,元富-林園,2023-12-20,5927
4108,懷特,10,0,10,元富-林園,2023-12-20,5927
4904,遠傳,10,0,10,元富-林園,2023-12-20,5927
6191,精成科,10,0,10,元富-林園,2023-12-20,5927
2603,長榮,15,6,9,元富-林園,2023-12-20,5927
6139,亞翔,10,1,9,元富-林園,2023-12-20,5927
2258,鴻華先進-創,9,0,9,元富-林園,2023-12-20,5927
2367,燿華,9,0,9,元富-林園,2023-12-20,5927
2888,新光金,7,0,7,元富-林園,2023-12-20,5927
00712,復華富時不動產,9,2,7,元富-林園,2023-12-20,5927
2880,華南金,7,0,7,元富-林園,2023-12-20,5927
5014,建錩,9,2,7,元富-林園,2023-12-20,5927
2002,中鋼,21,15,6,元富-林園,2023-12-20,5927
1732,毛寶,6,0,6,元富-林園,2023-12-20,5927
2355,敬鵬,9,3,6,元富-林園,2023-12-20,5927
2913,農林,9,3,6,元富-林園,2023-12-20,5927
6235,華孚,7,1,6,元富-林園,2023-12-20,5927
00919,群益台灣精選高息,76,0,76,元富-林園,2023-12-21,5927
2356,英業達,183,128,55,元富-林園,2023-12-21,5927
00680L,元大美債20正2,55,1,54,元富-林園,2023-12-21,5927
00937B,群益ESG投等債20,45,0,45,元富-林園,2023-12-21,5927
2506,太設,60,20,40,元富-林園,2023-12-21,5927
2882,國泰金,33,1,32,元富-林園,2023-12-21,5927
2014,中鴻,86,55,31,元富-林園,2023-12-21,5927
00929,復華台灣科技優息,59,31,28,元富-林園,2023-12-21,5927
8096,擎亞,25,0,25,元富-林園,2023-12-21,5927
2331,精英,32,8,24,元富-林園,2023-12-21,5927
3675,德微,26,2,24,元富-林園,2023-12-21,5927
2324,仁寶,52,31,21,元富-林園,2023-12-21,5927
2606,裕民,22,1,21,元富-林園,2023-12-21,5927
6127,九豪,22,1,21,元富-林園,2023-12-21,5927
1325,恆大,51,31,20,元富-林園,2023-12-21,5927
2449,京元電子,20,0,20,元富-林園,2023-12-21,5927
2241,艾姆勒,19,0,19,元富-林園,2023-12-21,5927
2317,鴻海,21,3,18,元富-林園,2023-12-21,5927
2409,友達,26,9,17,元富-林園,2023-12-21,5927
2329,華泰,35,20,15,元富-林園,2023-12-21,5927
3264,欣銓,17,2,15,元富-林園,2023-12-21,5927
6189,豐藝,24,10,14,元富-林園,2023-12-21,5927
2801,彰銀,14,0,14,元富-林園,2023-12-21,5927
3041,揚智,13,0,13,元富-林園,2023-12-21,5927
00936,台新永續高息中小,12,0,12,元富-林園,2023-12-21,5927
2634,漢翔,12,0,12,元富-林園,2023-12-21,5927
1789,神隆,11,0,11,元富-林園,2023-12-21,5927
8163,達方,12,1,11,元富-林園,2023-12-21,5927
8916,光隆,11,0,11,元富-林園,2023-12-21,5927
6139,亞翔,10,0,10,元富-林園,2023-12-21,5927
00930,永豐ESG低碳高息,10,0,10,元富-林園,2023-12-21,5927
00650L,復華香港正2,10,0,10,元富-林園,2023-12-21,5927
00642U,期元大S＆P石油,10,0,10,元富-林園,2023-12-21,5927
2484,希華,10,0,10,元富-林園,2023-12-21,5927
3711,日月光投控,10,0,10,元富-林園,2023-12-21,5927
9945,潤泰新,10,0,10,元富-林園,2023-12-21,5927
2330,台積電,9,0,9,元富-林園,2023-12-21,5927
2495,普安,9,0,9,元富-林園,2023-12-21,5927
3704,合勤控,9,0,9,元富-林園,2023-12-21,5927
5515,建國,9,0,9,元富-林園,2023-12-21,5927
6168,宏齊,9,0,9,元富-林園,2023-12-21,5927
8112,至上,9,0,9,元富-林園,2023-12-21,5927
1905,華紙,14,6,8,元富-林園,2023-12-21,5927
2308,台達電,8,0,8,元富-林園,2023-12-21,5927
2363,矽統,11,3,8,元富-林園,2023-12-21,5927
8011,台通,9,1,8,元富-林園,2023-12-21,5927
00712,復華富時不動產,12,5,7,元富-林園,2023-12-21,5927
2881,富邦金,7,0,7,元富-林園,2023-12-21,5927
2105,正新,19,12,7,元富-林園,2023-12-21,5927
2515,中工,116,109,7,元富-林園,2023-12-21,5927
00632R,元大台灣50反1,108,0,108,元富-林園,2023-12-22,5927
2609,陽明,148,76,72,元富-林園,2023-12-22,5927
1409,新纖,60,0,60,元富-林園,2023-12-22,5927
1568,倉佑,60,0,60,元富-林園,2023-12-22,5927
2344,華邦電,73,21,52,元富-林園,2023-12-22,5927
2105,正新,52,2,50,元富-林園,2023-12-22,5927
2033,佳大,47,2,45,元富-林園,2023-12-22,5927
00669R,國泰美國道瓊反1,40,0,40,元富-林園,2023-12-22,5927
2337,旺宏,42,3,39,元富-林園,2023-12-22,5927
00937B,群益ESG投等債20,36,0,36,元富-林園,2023-12-22,5927
3094,聯傑,33,2,31,元富-林園,2023-12-22,5927
4109,加捷生醫,30,0,30,元富-林園,2023-12-22,5927
9105,泰金寶-DR,31,2,29,元富-林園,2023-12-22,5927
2605,新興,31,6,25,元富-林園,2023-12-22,5927
2324,仁寶,41,19,22,元富-林園,2023-12-22,5927
2029,盛餘,21,0,21,元富-林園,2023-12-22,5927
2542,興富發,20,0,20,元富-林園,2023-12-22,5927
2612,中航,25,6,19,元富-林園,2023-12-22,5927
6770,力積電,30,11,19,元富-林園,2023-12-22,5927
6189,豐藝,19,1,18,元富-林園,2023-12-22,5927
6125,廣運,19,1,18,元富-林園,2023-12-22,5927
8011,台通,17,0,17,元富-林園,2023-12-22,5927
2812,台中銀,16,0,16,元富-林園,2023-12-22,5927
1314,中石化,18,3,15,元富-林園,2023-12-22,5927
2489,瑞軒,15,0,15,元富-林園,2023-12-22,5927
5603,陸海,15,0,15,元富-林園,2023-12-22,5927
0056,元大高股息,14,0,14,元富-林園,2023-12-22,5927
1326,台化,14,1,13,元富-林園,2023-12-22,5927
3346,麗清,14,1,13,元富-林園,2023-12-22,5927
6168,宏齊,13,0,13,元富-林園,2023-12-22,5927
00919,群益台灣精選高息,12,0,12,元富-林園,2023-12-22,5927
3264,欣銓,18,7,11,元富-林園,2023-12-22,5927
2323,中環,11,0,11,元富-林園,2023-12-22,5927
2340,台亞,11,0,11,元富-林園,2023-12-22,5927
00931B,統一美債20年,10,0,10,元富-林園,2023-12-22,5927
00680L,元大美債20正2,10,0,10,元富-林園,2023-12-22,5927
00896,中信綠能及電動車,10,0,10,元富-林園,2023-12-22,5927
1612,宏泰,10,0,10,元富-林園,2023-12-22,5927
2023,燁輝,11,1,10,元富-林園,2023-12-22,5927
3437,榮創,10,0,10,元富-林園,2023-12-22,5927
5009,榮剛,10,1,9,元富-林園,2023-12-22,5927
1605,華新,9,0,9,元富-林園,2023-12-22,5927
1608,華榮,9,0,9,元富-林園,2023-12-22,5927
3548,兆利,16,7,9,元富-林園,2023-12-22,5927
00933B,國泰10Y+金融債,10,2,8,元富-林園,2023-12-22,5927
00830,國泰費城半導體,8,0,8,元富-林園,2023-12-22,5927
2641,正德,9,1,8,元富-林園,2023-12-22,5927
00720B,元大投資級公司債,7,0,7,元富-林園,2023-12-22,5927
00857B,永豐20年美公債,7,0,7,元富-林園,2023-12-22,5927
1305,華夏,7,0,7,元富-林園,2023-12-22,5927
00929,復華台灣科技優息,125,2,123,元富-林園,2023-12-25,5927
00637L,元大滬深300正2,105,0,105,元富-林園,2023-12-25,5927
00937B,群益ESG投等債20,58,8,50,元富-林園,2023-12-25,5927
2356,英業達,119,73,46,元富-林園,2023-12-25,5927
00919,群益台灣精選高息,48,2,46,元富-林園,2023-12-25,5927
1301,台塑,30,0,30,元富-林園,2023-12-25,5927
2363,矽統,39,9,30,元富-林園,2023-12-25,5927
5351,鈺創,29,0,29,元富-林園,2023-12-25,5927
2105,正新,26,0,26,元富-林園,2023-12-25,5927
2515,中工,34,13,21,元富-林園,2023-12-25,5927
2409,友達,22,2,20,元富-林園,2023-12-25,5927
00936,台新永續高息中小,20,0,20,元富-林園,2023-12-25,5927
3041,揚智,27,7,20,元富-林園,2023-12-25,5927
6005,群益證,20,0,20,元富-林園,2023-12-25,5927
8050,廣積,20,2,18,元富-林園,2023-12-25,5927
00934,中信成長高股息,17,0,17,元富-林園,2023-12-25,5927
2641,正德,17,0,17,元富-林園,2023-12-25,5927
4973,廣穎,18,2,16,元富-林園,2023-12-25,5927
00642U,期元大S＆P石油,15,0,15,元富-林園,2023-12-25,5927
1409,新纖,15,0,15,元富-林園,2023-12-25,5927
3221,台嘉碩,15,0,15,元富-林園,2023-12-25,5927
1815,富喬,25,11,14,元富-林園,2023-12-25,5927
3264,欣銓,17,4,13,元富-林園,2023-12-25,5927
3532,台勝科,23,10,13,元富-林園,2023-12-25,5927
4906,正文,13,0,13,元富-林園,2023-12-25,5927
2023,燁輝,22,10,12,元富-林園,2023-12-25,5927
2208,台船,12,0,12,元富-林園,2023-12-25,5927
3706,神達,20,8,12,元富-林園,2023-12-25,5927
2365,昆盈,12,0,12,元富-林園,2023-12-25,5927
1605,華新,15,3,12,元富-林園,2023-12-25,5927
6117,迎廣,45,34,11,元富-林園,2023-12-25,5927
2913,農林,11,0,11,元富-林園,2023-12-25,5927
3363,上詮,11,0,11,元富-林園,2023-12-25,5927
00687B,國泰20年美債,10,0,10,元富-林園,2023-12-25,5927
1337,再生-KY,10,0,10,元富-林園,2023-12-25,5927
00918,大華優利高填息30,10,0,10,元富-林園,2023-12-25,5927
2405,輔信,12,2,10,元富-林園,2023-12-25,5927
2443,昶虹,10,0,10,元富-林園,2023-12-25,5927
2612,中航,10,0,10,元富-林園,2023-12-25,5927
2614,東森,10,0,10,元富-林園,2023-12-25,5927
3265,台星科,10,0,10,元富-林園,2023-12-25,5927
6111,大宇資,10,0,10,元富-林園,2023-12-25,5927
8096,擎亞,40,30,10,元富-林園,2023-12-25,5927
3231,緯創,37,27,10,元富-林園,2023-12-25,5927
00722B,群益投資級電信債,10,1,9,元富-林園,2023-12-25,5927
1608,華榮,9,0,9,元富-林園,2023-12-25,5927
2505,國揚,9,0,9,元富-林園,2023-12-25,5927
3548,兆利,10,1,9,元富-林園,2023-12-25,5927
6223,旺矽,9,0,9,元富-林園,2023-12-25,5927
3481,群創,34,26,8,元富-林園,2023-12-25,5927
00637L,元大滬深300正2,100,0,100,元富-林園,2023-12-26,5927
2882,國泰金,100,1,99,元富-林園,2023-12-26,5927
1409,新纖,39,0,39,元富-林園,2023-12-26,5927
00680L,元大美債20正2,35,0,35,元富-林園,2023-12-26,5927
3006,晶豪科,40,6,34,元富-林園,2023-12-26,5927
3041,揚智,40,10,30,元富-林園,2023-12-26,5927
6120,達運,30,0,30,元富-林園,2023-12-26,5927
00929,復華台灣科技優息,32,5,27,元富-林園,2023-12-26,5927
3264,欣銓,26,1,25,元富-林園,2023-12-26,5927
3231,緯創,30,11,19,元富-林園,2023-12-26,5927
3017,奇鋐,18,0,18,元富-林園,2023-12-26,5927
00712,復華富時不動產,15,0,15,元富-林園,2023-12-26,5927
2610,華航,31,16,15,元富-林園,2023-12-26,5927
8033,雷虎,15,0,15,元富-林園,2023-12-26,5927
6143,振曜,16,4,12,元富-林園,2023-12-26,5927
6937,天虹,11,0,11,元富-林園,2023-12-26,5927
00687B,國泰20年美債,11,0,11,元富-林園,2023-12-26,5927
00933B,國泰10Y+金融債,10,0,10,元富-林園,2023-12-26,5927
1101,台泥,10,0,10,元富-林園,2023-12-26,5927
2382,廣達,13,4,9,元富-林園,2023-12-26,5927
00919,群益台灣精選高息,8,0,8,元富-林園,2023-12-26,5927
2615,萬海,11,3,8,元富-林園,2023-12-26,5927
2402,毅嘉,27,19,8,元富-林園,2023-12-26,5927
2929,淘帝-KY,8,0,8,元富-林園,2023-12-26,5927
2324,仁寶,63,55,8,元富-林園,2023-12-26,5927
2358,廷鑫,7,0,7,元富-林園,2023-12-26,5927
2308,台達電,6,0,6,元富-林園,2023-12-26,5927
00931B,統一美債20年,6,0,6,元富-林園,2023-12-26,5927
2327,國巨,6,0,6,元富-林園,2023-12-26,5927
00720B,元大投資級公司債,5,0,5,元富-林園,2023-12-26,5927
00632R,元大台灣50反1,35,30,5,元富-林園,2023-12-26,5927
1905,華紙,5,0,5,元富-林園,2023-12-26,5927
2443,昶虹,5,0,5,元富-林園,2023-12-26,5927
2634,漢翔,6,1,5,元富-林園,2023-12-26,5927
4128,中天,5,0,5,元富-林園,2023-12-26,5927
4976,佳凌,6,1,5,元富-林園,2023-12-26,5927
6136,富爾特,5,0,5,元富-林園,2023-12-26,5927
6156,松上,5,0,5,元富-林園,2023-12-26,5927
9912,偉聯,5,0,5,元富-林園,2023-12-26,5927
5478,智冠,15,11,4,元富-林園,2023-12-26,5927
1314,中石化,10,6,4,元富-林園,2023-12-26,5927
1515,力山,4,0,4,元富-林園,2023-12-26,5927
2014,中鴻,25,21,4,元富-林園,2023-12-26,5927
2038,海光,5,1,4,元富-林園,2023-12-26,5927
2506,太設,4,0,4,元富-林園,2023-12-26,5927
3178,公準,4,0,4,元富-林園,2023-12-26,5927
5521,工信,6,2,4,元富-林園,2023-12-26,5927
5603,陸海,4,0,4,元富-林園,2023-12-26,5927
8421,旭源,4,0,4,元富-林園,2023-12-26,5927
2515,中工,6,2,4,元富-林園,2023-12-26,5927
00933B,國泰10Y+金融債,200,14,186,元富-林園,2023-12-27,5927
00937B,群益ESG投等債20,144,5,139,元富-林園,2023-12-27,5927
00929,復華台灣科技優息,116,24,92,元富-林園,2023-12-27,5927
1504,東元,41,1,40,元富-林園,2023-12-27,5927
2340,台亞,37,0,37,元富-林園,2023-12-27,5927
2443,昶虹,25,0,25,元富-林園,2023-12-27,5927
00679B,元大美債20年,24,0,24,元富-林園,2023-12-27,5927
8096,擎亞,30,6,24,元富-林園,2023-12-27,5927
2421,建準,25,2,23,元富-林園,2023-12-27,5927
2641,正德,28,5,23,元富-林園,2023-12-27,5927
3024,憶聲,21,3,18,元富-林園,2023-12-27,5927
2328,廣宇,17,0,17,元富-林園,2023-12-27,5927
2884,玉山金,19,3,16,元富-林園,2023-12-27,5927
2618,長榮航,20,4,16,元富-林園,2023-12-27,5927
2329,華泰,16,2,14,元富-林園,2023-12-27,5927
2331,精英,16,3,13,元富-林園,2023-12-27,5927
2337,旺宏,34,23,11,元富-林園,2023-12-27,5927
6288,聯嘉,12,1,11,元富-林園,2023-12-27,5927
8936,國統,39,29,10,元富-林園,2023-12-27,5927
00930,永豐ESG低碳高息,10,0,10,元富-林園,2023-12-27,5927
1308,亞聚,12,2,10,元富-林園,2023-12-27,5927
00712,復華富時不動產,10,0,10,元富-林園,2023-12-27,5927
2425,承啟,17,7,10,元富-林園,2023-12-27,5927
2489,瑞軒,10,0,10,元富-林園,2023-12-27,5927
2609,陽明,51,41,10,元富-林園,2023-12-27,5927
4967,十銓,12,2,10,元富-林園,2023-12-27,5927
5347,世界,11,1,10,元富-林園,2023-12-27,5927
2603,長榮,35,26,9,元富-林園,2023-12-27,5927
2208,台船,10,1,9,元富-林園,2023-12-27,5927
3325,旭品,12,3,9,元富-林園,2023-12-27,5927
00902,中信電池及儲能,8,0,8,元富-林園,2023-12-27,5927
2014,中鴻,20,12,8,元富-林園,2023-12-27,5927
5515,建國,8,0,8,元富-林園,2023-12-27,5927
00923,群益台ESG低碳50,7,0,7,元富-林園,2023-12-27,5927
1605,華新,13,6,7,元富-林園,2023-12-27,5927
2312,金寶,8,1,7,元富-林園,2023-12-27,5927
2374,佳能,9,2,7,元富-林園,2023-12-27,5927
2390,云辰,7,1,6,元富-林園,2023-12-27,5927
3035,智原,9,3,6,元富-林園,2023-12-27,5927
3231,緯創,14,8,6,元富-林園,2023-12-27,5927
4113,聯上,6,0,6,元富-林園,2023-12-27,5927
6138,茂達,12,6,6,元富-林園,2023-12-27,5927
2801,彰銀,7,2,5,元富-林園,2023-12-27,5927
1303,南亞,5,0,5,元富-林園,2023-12-27,5927
00631L,元大台灣50正2,5,0,5,元富-林園,2023-12-27,5927
1611,中電,5,0,5,元富-林園,2023-12-27,5927
1711,永光,5,0,5,元富-林園,2023-12-27,5927
2363,矽統,6,1,5,元富-林園,2023-12-27,5927
2610,華航,21,16,5,元富-林園,2023-12-27,5927
3545,敦泰,5,0,5,元富-林園,2023-12-27,5927
00933B,國泰10Y+金融債,300,6,294,元富-林園,2023-12-28,5927
00937B,群益ESG投等債20,120,40,80,元富-林園,2023-12-28,5927
00679B,元大美債20年,40,0,40,元富-林園,2023-12-28,5927
1210,大成,34,0,34,元富-林園,2023-12-28,5927
00919,群益台灣精選高息,33,0,33,元富-林園,2023-12-28,5927
3041,揚智,43,13,30,元富-林園,2023-12-28,5927
00642U,期元大S＆P石油,26,0,26,元富-林園,2023-12-28,5927
00857B,永豐20年美公債,25,0,25,元富-林園,2023-12-28,5927
2609,陽明,59,35,24,元富-林園,2023-12-28,5927
2417,圓剛,37,14,23,元富-林園,2023-12-28,5927
5011,久陽,23,0,23,元富-林園,2023-12-28,5927
3006,晶豪科,34,12,22,元富-林園,2023-12-28,5927
5426,振發,25,5,20,元富-林園,2023-12-28,5927
00931B,統一美債20年,19,0,19,元富-林園,2023-12-28,5927
2340,台亞,19,0,19,元富-林園,2023-12-28,5927
2324,仁寶,54,36,18,元富-林園,2023-12-28,5927
3481,群創,28,12,16,元富-林園,2023-12-28,5927
6125,廣運,30,14,16,元富-林園,2023-12-28,5927
2303,聯電,68,53,15,元富-林園,2023-12-28,5927
00929,復華台灣科技優息,20,5,15,元富-林園,2023-12-28,5927
8096,擎亞,91,76,15,元富-林園,2023-12-28,5927
3296,勝德,14,0,14,元富-林園,2023-12-28,5927
8011,台通,20,6,14,元富-林園,2023-12-28,5927
3231,緯創,19,6,13,元富-林園,2023-12-28,5927
2618,長榮航,13,0,13,元富-林園,2023-12-28,5927
3257,虹冠電,13,1,12,元富-林園,2023-12-28,5927
00712,復華富時不動產,21,10,11,元富-林園,2023-12-28,5927
2832,台產,11,0,11,元富-林園,2023-12-28,5927
3024,憶聲,13,2,11,元富-林園,2023-12-28,5927
4973,廣穎,11,0,11,元富-林園,2023-12-28,5927
5465,富驊,16,5,11,元富-林園,2023-12-28,5927
2883,凱基金,11,0,11,元富-林園,2023-12-28,5927
5864,致和證,11,0,11,元富-林園,2023-12-28,5927
00720B,元大投資級公司債,10,0,10,元富-林園,2023-12-28,5927
1326,台化,10,0,10,元富-林園,2023-12-28,5927
2007,燁興,10,0,10,元富-林園,2023-12-28,5927
2405,輔信,16,6,10,元富-林園,2023-12-28,5927
2419,仲琦,10,0,10,元富-林園,2023-12-28,5927
2443,昶虹,10,0,10,元富-林園,2023-12-28,5927
5302,太欣,10,0,10,元富-林園,2023-12-28,5927
8050,廣積,10,0,10,元富-林園,2023-12-28,5927
00687B,國泰20年美債,10,1,9,元富-林園,2023-12-28,5927
2208,台船,8,0,8,元富-林園,2023-12-28,5927
1513,中興電,19,11,8,元富-林園,2023-12-28,5927
1618,合機,15,7,8,元富-林園,2023-12-28,5927
2014,中鴻,14,6,8,元富-林園,2023-12-28,5927
2481,強茂,15,7,8,元富-林園,2023-12-28,5927
3338,泰碩,9,1,8,元富-林園,2023-12-28,5927
6168,宏齊,8,0,8,元富-林園,2023-12-28,5927
8088,品安,10,2,8,元富-林園,2023-12-28,5927
00937B,群益ESG投等債20,238,0,238,元富-林園,2023-12-29,5927
3041,揚智,110,11,99,元富-林園,2023-12-29,5927
2337,旺宏,62,2,60,元富-林園,2023-12-29,5927
00680L,元大美債20正2,60,4,56,元富-林園,2023-12-29,5927
00687B,國泰20年美債,47,0,47,元富-林園,2023-12-29,5927
1504,東元,37,1,36,元富-林園,2023-12-29,5927
2421,建準,37,2,35,元富-林園,2023-12-29,5927
00712,復華富時不動產,42,10,32,元富-林園,2023-12-29,5927
2888,新光金,50,20,30,元富-林園,2023-12-29,5927
2748,雲品,30,2,28,元富-林園,2023-12-29,5927
00929,復華台灣科技優息,24,0,24,元富-林園,2023-12-29,5927
00642U,期元大S＆P石油,20,0,20,元富-林園,2023-12-29,5927
6112,邁達特,20,0,20,元富-林園,2023-12-29,5927
2515,中工,139,120,19,元富-林園,2023-12-29,5927
5469,瀚宇博,23,4,19,元富-林園,2023-12-29,5927
3024,憶聲,23,5,18,元富-林園,2023-12-29,5927
2637,慧洋-KY,19,1,18,元富-林園,2023-12-29,5927
2356,英業達,66,49,17,元富-林園,2023-12-29,5927
1605,華新,21,5,16,元富-林園,2023-12-29,5927
2812,台中銀,16,0,16,元富-林園,2023-12-29,5927
2353,宏��,43,28,15,元富-林園,2023-12-29,5927
2033,佳大,15,0,15,元富-林園,2023-12-29,5927
3287,廣寰科,15,0,15,元富-林園,2023-12-29,5927
2208,台船,12,0,12,元富-林園,2023-12-29,5927
00720B,元大投資級公司債,11,0,11,元富-林園,2023-12-29,5927
8096,擎亞,51,40,11,元富-林園,2023-12-29,5927
1514,亞力,51,41,10,元富-林園,2023-12-29,5927
00919,群益台灣精選高息,11,1,10,元富-林園,2023-12-29,5927
1717,長興,10,0,10,元富-林園,2023-12-29,5927
1326,台化,10,0,10,元富-林園,2023-12-29,5927
1519,華城,17,7,10,元富-林園,2023-12-29,5927
1616,億泰,10,0,10,元富-林園,2023-12-29,5927
2007,燁興,11,1,10,元富-林園,2023-12-29,5927
2419,仲琦,10,0,10,元富-林園,2023-12-29,5927
2745,五福,10,0,10,元富-林園,2023-12-29,5927
3056,富華新,10,0,10,元富-林園,2023-12-29,5927
3673,TPK-KY,10,0,10,元富-林園,2023-12-29,5927
4967,十銓,10,0,10,元富-林園,2023-12-29,5927
5880,合庫金,10,0,10,元富-林園,2023-12-29,5927
3260,威剛,11,2,9,元富-林園,2023-12-29,5927
1503,士電,20,11,9,元富-林園,2023-12-29,5927
2312,金寶,12,3,9,元富-林園,2023-12-29,5927
3078,僑威,10,1,9,元富-林園,2023-12-29,5927
2801,彰銀,8,0,8,元富-林園,2023-12-29,5927
3264,欣銓,7,0,7,元富-林園,2023-12-29,5927
2609,陽明,10,3,7,元富-林園,2023-12-29,5927
5355,佳總,17,10,7,元富-林園,2023-12-29,5927
6282,康舒,9,2,7,元富-林園,2023-12-29,5927
9945,潤泰新,7,0,7,元富-林園,2023-12-29,5927
00715L,期街口布蘭特正2,6,0,6,元富-林園,2023-12-29,5927
00637L,元大滬深300正2,330,40,290,元富-林園,2024-01-02,5927
00712,復華富時不動產,225,3,222,元富-林園,2024-01-02,5927
00641R,富邦日本反1,88,0,88,元富-林園,2024-01-02,5927
00937B,群益ESG投等債20,86,0,86,元富-林園,2024-01-02,5927
00919,群益台灣精選高息,85,0,85,元富-林園,2024-01-02,5927
00857B,永豐20年美公債,55,0,55,元富-林園,2024-01-02,5927
00929,復華台灣科技優息,57,3,54,元富-林園,2024-01-02,5927
2605,新興,76,28,48,元富-林園,2024-01-02,5927
2609,陽明,83,41,42,元富-林園,2024-01-02,5927
00680L,元大美債20正2,35,0,35,元富-林園,2024-01-02,5927
2405,輔信,32,0,32,元富-林園,2024-01-02,5927
00687B,國泰20年美債,31,0,31,元富-林園,2024-01-02,5927
00933B,國泰10Y+金融債,33,2,31,元富-林園,2024-01-02,5927
3231,緯創,34,4,30,元富-林園,2024-01-02,5927
00878,國泰永續高股息,32,5,27,元富-林園,2024-01-02,5927
2303,聯電,28,3,25,元富-林園,2024-01-02,5927
2888,新光金,25,2,23,元富-林園,2024-01-02,5927
00688L,國泰20年美債正2,22,0,22,元富-林園,2024-01-02,5927
3706,神達,25,5,20,元富-林園,2024-01-02,5927
2547,日勝生,17,0,17,元富-林園,2024-01-02,5927
2883,凱基金,17,0,17,元富-林園,2024-01-02,5927
2382,廣達,17,1,16,元富-林園,2024-01-02,5927
6222,上揚,16,0,16,元富-林園,2024-01-02,5927
00679B,元大美債20年,15,0,15,元富-林園,2024-01-02,5927
2615,萬海,29,16,13,元富-林園,2024-01-02,5927
2324,仁寶,18,5,13,元富-林園,2024-01-02,5927
1514,亞力,21,8,13,元富-林園,2024-01-02,5927
2340,台亞,12,0,12,元富-林園,2024-01-02,5927
6695,芯鼎,21,9,12,元富-林園,2024-01-02,5927
00722B,群益投資級電信債,11,0,11,元富-林園,2024-01-02,5927
2363,矽統,12,1,11,元富-林園,2024-01-02,5927
2208,台船,10,0,10,元富-林園,2024-01-02,5927
3041,揚智,17,7,10,元富-林園,2024-01-02,5927
00720B,元大投資級公司債,10,0,10,元富-林園,2024-01-02,5927
00922,國泰台灣領袖50,10,0,10,元富-林園,2024-01-02,5927
2352,佳世達,65,55,10,元富-林園,2024-01-02,5927
00931B,統一美債20年,9,0,9,元富-林園,2024-01-02,5927
2832,台產,9,0,9,元富-林園,2024-01-02,5927
0056,元大高股息,17,9,8,元富-林園,2024-01-02,5927
1733,五鼎,12,4,8,元富-林園,2024-01-02,5927
6237,驊訊,8,0,8,元富-林園,2024-01-02,5927
00900,富邦特選高股息30,14,6,8,元富-林園,2024-01-02,5927
2014,中鴻,14,7,7,元富-林園,2024-01-02,5927
00795B,中信美國公債20年,7,0,7,元富-林園,2024-01-02,5927
00891,中信關鍵半導體,7,0,7,元富-林園,2024-01-02,5927
1605,華新,7,0,7,元富-林園,2024-01-02,5927
2401,凌陽,7,0,7,元富-林園,2024-01-02,5927
3264,欣銓,7,0,7,元富-林園,2024-01-02,5927
5426,振發,17,10,7,元富-林園,2024-01-02,5927
5608,四維航,8,2,6,元富-林園,2024-01-02,5927
00929,復華台灣科技優息,145,0,145,元富-林園,2024-01-03,5927
00637L,元大滬深300正2,115,0,115,元富-林園,2024-01-03,5927
00919,群益台灣精選高息,81,0,81,元富-林園,2024-01-03,5927
2610,華航,73,2,71,元富-林園,2024-01-03,5927
2618,長榮航,61,6,55,元富-林園,2024-01-03,5927
6592,和潤企業,50,0,50,元富-林園,2024-01-03,5927
00937B,群益ESG投等債20,65,25,40,元富-林園,2024-01-03,5927
00680L,元大美債20正2,38,0,38,元富-林園,2024-01-03,5927
2344,華邦電,79,45,34,元富-林園,2024-01-03,5927
00933B,國泰10Y+金融債,43,10,33,元富-林園,2024-01-03,5927
2020,美亞,33,0,33,元富-林園,2024-01-03,5927
00878,國泰永續高股息,37,6,31,元富-林園,2024-01-03,5927
9103,美德醫療-DR,30,0,30,元富-林園,2024-01-03,5927
00642U,期元大S＆P石油,28,0,28,元富-林園,2024-01-03,5927
9907,統一實,28,0,28,元富-林園,2024-01-03,5927
2449,京元電子,26,0,26,元富-林園,2024-01-03,5927
2356,英業達,60,35,25,元富-林園,2024-01-03,5927
2340,台亞,24,0,24,元富-林園,2024-01-03,5927
6770,力積電,23,0,23,元富-林園,2024-01-03,5927
2324,仁寶,24,2,22,元富-林園,2024-01-03,5927
00930,永豐ESG低碳高息,21,0,21,元富-林園,2024-01-03,5927
2328,廣宇,21,0,21,元富-林園,2024-01-03,5927
6163,華電網,20,0,20,元富-林園,2024-01-03,5927
5426,振發,19,0,19,元富-林園,2024-01-03,5927
2303,聯電,50,31,19,元富-林園,2024-01-03,5927
2801,彰銀,16,0,16,元富-林園,2024-01-03,5927
4162,智擎,21,5,16,元富-林園,2024-01-03,5927
6695,芯鼎,21,5,16,元富-林園,2024-01-03,5927
2330,台積電,16,0,16,元富-林園,2024-01-03,5927
00720B,元大投資級公司債,15,0,15,元富-林園,2024-01-03,5927
00679B,元大美債20年,15,0,15,元富-林園,2024-01-03,5927
1409,新纖,25,10,15,元富-林園,2024-01-03,5927
0056,元大高股息,39,24,15,元富-林園,2024-01-03,5927
8110,華東,15,0,15,元富-林園,2024-01-03,5927
6237,驊訊,14,0,14,元富-林園,2024-01-03,5927
3231,緯創,23,10,13,元富-林園,2024-01-03,5927
1326,台化,13,0,13,元富-林園,2024-01-03,5927
2374,佳能,13,0,13,元富-林園,2024-01-03,5927
1605,華新,13,1,12,元富-林園,2024-01-03,5927
2362,藍天,46,34,12,元富-林園,2024-01-03,5927
2929,淘帝-KY,12,0,12,元富-林園,2024-01-03,5927
6116,彩晶,12,0,12,元富-林園,2024-01-03,5927
9945,潤泰新,12,0,12,元富-林園,2024-01-03,5927
00881,國泰台灣5G+,15,3,12,元富-林園,2024-01-03,5927
1504,東元,11,0,11,元富-林園,2024-01-03,5927
00902,中信電池及儲能,11,0,11,元富-林園,2024-01-03,5927
00770,國泰北美科技,11,0,11,元富-林園,2024-01-03,5927
00934,中信成長高股息,11,0,11,元富-林園,2024-01-03,5927
2329,華泰,16,5,11,元富-林園,2024-01-03,5927
2892,第一金,11,0,11,元富-林園,2024-01-03,5927
00937B,群益ESG投等債20,226,2,224,元富-林園,2024-01-04,5927
00637L,元大滬深300正2,310,100,210,元富-林園,2024-01-04,5927
4532,瑞智,110,2,108,元富-林園,2024-01-04,5927
00929,復華台灣科技優息,124,30,94,元富-林園,2024-01-04,5927
2344,華邦電,68,10,58,元富-林園,2024-01-04,5927
9945,潤泰新,52,10,42,元富-林園,2024-01-04,5927
2328,廣宇,32,0,32,元富-林園,2024-01-04,5927
1609,大亞,34,3,31,元富-林園,2024-01-04,5927
2352,佳世達,44,13,31,元富-林園,2024-01-04,5927
2353,宏��,151,121,30,元富-林園,2024-01-04,5927
0056,元大高股息,24,0,24,元富-林園,2024-01-04,5927
00720B,元大投資級公司債,24,0,24,元富-林園,2024-01-04,5927
2303,聯電,24,2,22,元富-林園,2024-01-04,5927
8916,光隆,21,0,21,元富-林園,2024-01-04,5927
2443,昶虹,20,0,20,元富-林園,2024-01-04,5927
00687B,國泰20年美債,20,1,19,元富-林園,2024-01-04,5927
2498,宏達電,21,2,19,元富-林園,2024-01-04,5927
00927,群益半導體收益,18,0,18,元富-林園,2024-01-04,5927
1802,台玻,18,0,18,元富-林園,2024-01-04,5927
2362,藍天,27,9,18,元富-林園,2024-01-04,5927
00712,復華富時不動產,16,0,16,元富-林園,2024-01-04,5927
1504,東元,26,10,16,元富-林園,2024-01-04,5927
2324,仁寶,32,17,15,元富-林園,2024-01-04,5927
1313,聯成,15,0,15,元富-林園,2024-01-04,5927
2241,艾姆勒,15,0,15,元富-林園,2024-01-04,5927
9103,美德醫療-DR,67,53,14,元富-林園,2024-01-04,5927
6127,九豪,12,0,12,元富-林園,2024-01-04,5927
2887,台新金,13,2,11,元富-林園,2024-01-04,5927
4114,健喬,11,0,11,元富-林園,2024-01-04,5927
00919,群益台灣精選高息,10,0,10,元富-林園,2024-01-04,5927
00902,中信電池及儲能,10,0,10,元富-林園,2024-01-04,5927
2014,中鴻,17,7,10,元富-林園,2024-01-04,5927
2258,鴻華先進-創,10,0,10,元富-林園,2024-01-04,5927
2340,台亞,10,0,10,元富-林園,2024-01-04,5927
2537,聯上發,10,0,10,元富-林園,2024-01-04,5927
3390,旭軟,10,0,10,元富-林園,2024-01-04,5927
6259,百徽,10,0,10,元富-林園,2024-01-04,5927
2392,正崴,11,2,9,元富-林園,2024-01-04,5927
2641,正德,11,2,9,元富-林園,2024-01-04,5927
3712,永崴投控,12,3,9,元富-林園,2024-01-04,5927
6108,競國,14,5,9,元富-林園,2024-01-04,5927
2412,中華電,8,0,8,元富-林園,2024-01-04,5927
6222,上揚,8,0,8,元富-林園,2024-01-04,5927
6933,AMAX-KY,8,0,8,元富-林園,2024-01-04,5927
8110,華東,8,0,8,元富-林園,2024-01-04,5927
9904,寶成,7,0,7,元富-林園,2024-01-04,5927
9934,成霖,7,0,7,元富-林園,2024-01-04,5927
3006,晶豪科,6,0,6,元富-林園,2024-01-04,5927
1591,駿吉-KY,6,0,6,元富-林園,2024-01-04,5927
1781,合世,6,0,6,元富-林園,2024-01-04,5927
00712,復華富時不動產,134,10,124,元富-林園,2024-01-05,5927
00929,復華台灣科技優息,124,5,119,元富-林園,2024-01-05,5927
1605,華新,48,0,48,元富-林園,2024-01-05,5927
8096,擎亞,116,68,48,元富-林園,2024-01-05,5927
2105,正新,34,0,34,元富-林園,2024-01-05,5927
9945,潤泰新,42,8,34,元富-林園,2024-01-05,5927
2303,聯電,50,17,33,元富-林園,2024-01-05,5927
00725B,國泰投資級公司債,31,0,31,元富-林園,2024-01-05,5927
00687B,國泰20年美債,37,8,29,元富-林園,2024-01-05,5927
00673R,期元大S＆P原油反1,25,0,25,元富-林園,2024-01-05,5927
1805,寶徠,25,0,25,元富-林園,2024-01-05,5927
1815,富喬,25,0,25,元富-林園,2024-01-05,5927
5438,東友,25,0,25,元富-林園,2024-01-05,5927
00882,中信中國高股息,25,0,25,元富-林園,2024-01-05,5927
2637,慧洋-KY,68,44,24,元富-林園,2024-01-05,5927
00919,群益台灣精選高息,29,6,23,元富-林園,2024-01-05,5927
3706,神達,25,2,23,元富-林園,2024-01-05,5927
2344,華邦電,30,10,20,元富-林園,2024-01-05,5927
3312,弘憶股,34,14,20,元富-林園,2024-01-05,5927
2610,華航,25,5,20,元富-林園,2024-01-05,5927
2547,日勝生,18,0,18,元富-林園,2024-01-05,5927
00679B,元大美債20年,17,0,17,元富-林園,2024-01-05,5927
2353,宏��,53,36,17,元富-林園,2024-01-05,5927
2324,仁寶,28,13,15,元富-林園,2024-01-05,5927
2363,矽統,22,7,15,元富-林園,2024-01-05,5927
3450,聯鈞,16,1,15,元富-林園,2024-01-05,5927
00937B,群益ESG投等債20,38,25,13,元富-林園,2024-01-05,5927
3264,欣銓,13,0,13,元富-林園,2024-01-05,5927
00931B,統一美債20年,12,0,12,元富-林園,2024-01-05,5927
00930,永豐ESG低碳高息,12,0,12,元富-林園,2024-01-05,5927
2641,正德,19,7,12,元富-林園,2024-01-05,5927
1591,駿吉-KY,11,0,11,元富-林園,2024-01-05,5927
2258,鴻華先進-創,11,0,11,元富-林園,2024-01-05,5927
0050,元大台灣50,10,0,10,元富-林園,2024-01-05,5927
00632R,元大台灣50反1,10,0,10,元富-林園,2024-01-05,5927
1732,毛寶,11,1,10,元富-林園,2024-01-05,5927
2443,昶虹,10,0,10,元富-林園,2024-01-05,5927
4956,光鋐,10,0,10,元富-林園,2024-01-05,5927
1504,東元,12,2,10,元富-林園,2024-01-05,5927
2888,新光金,10,1,9,元富-林園,2024-01-05,5927
2362,藍天,32,23,9,元富-林園,2024-01-05,5927
9919,康那香,10,1,9,元富-林園,2024-01-05,5927
2330,台積電,8,0,8,元富-林園,2024-01-05,5927
2356,英業達,23,15,8,元富-林園,2024-01-05,5927
6237,驊訊,8,1,7,元富-林園,2024-01-05,5927
3406,玉晶光,7,0,7,元富-林園,2024-01-05,5927
3438,類比科,7,0,7,元富-林園,2024-01-05,5927
8086,宏捷科,10,3,7,元富-林園,2024-01-05,5927
1325,恆大,9,3,6,元富-林園,2024-01-05,5927
3376,新日興,6,0,6,元富-林園,2024-01-05,5927
00637L,元大滬深300正2,224,10,214,元富-林園,2024-01-08,5927
8936,國統,121,9,112,元富-林園,2024-01-08,5927
3017,奇鋐,112,3,109,元富-林園,2024-01-08,5927
1312,國喬,100,0,100,元富-林園,2024-01-08,5927
00929,復華台灣科技優息,91,16,75,元富-林園,2024-01-08,5927
00927,群益半導體收益,53,0,53,元富-林園,2024-01-08,5927
6770,力積電,54,5,49,元富-林園,2024-01-08,5927
2618,長榮航,52,6,46,元富-林園,2024-01-08,5927
2498,宏達電,69,26,43,元富-林園,2024-01-08,5927
00937B,群益ESG投等債20,40,0,40,元富-林園,2024-01-08,5927
00919,群益台灣精選高息,39,0,39,元富-林園,2024-01-08,5927
2485,兆赫,32,0,32,元富-林園,2024-01-08,5927
5351,鈺創,33,3,30,元富-林園,2024-01-08,5927
00931B,統一美債20年,29,0,29,元富-林園,2024-01-08,5927
2605,新興,32,4,28,元富-林園,2024-01-08,5927
8011,台通,40,14,26,元富-林園,2024-01-08,5927
00679B,元大美債20年,25,2,23,元富-林園,2024-01-08,5927
2317,鴻海,23,2,21,元富-林園,2024-01-08,5927
3231,緯創,30,9,21,元富-林園,2024-01-08,5927
4114,健喬,22,1,21,元富-林園,2024-01-08,5927
2344,華邦電,22,2,20,元富-林園,2024-01-08,5927
2890,永豐金,20,0,20,元富-林園,2024-01-08,5927
2353,宏��,67,48,19,元富-林園,2024-01-08,5927
2436,偉詮電,19,0,19,元富-林園,2024-01-08,5927
4754,國碳科,18,0,18,元富-林園,2024-01-08,5927
2029,盛餘,17,0,17,元富-林園,2024-01-08,5927
2601,益航,20,3,17,元富-林園,2024-01-08,5927
2457,飛宏,16,0,16,元富-林園,2024-01-08,5927
8096,擎亞,77,61,16,元富-林園,2024-01-08,5927
3390,旭軟,15,0,15,元富-林園,2024-01-08,5927
00687B,國泰20年美債,14,0,14,元富-林園,2024-01-08,5927
1815,富喬,14,0,14,元富-林園,2024-01-08,5927
00751B,元大AAA至A公司債,14,0,14,元富-林園,2024-01-08,5927
2755,揚秦,13,0,13,元富-林園,2024-01-08,5927
6126,信音,13,0,13,元富-林園,2024-01-08,5927
6531,愛普*,13,0,13,元富-林園,2024-01-08,5927
2388,威盛,14,3,11,元富-林園,2024-01-08,5927
2453,凌群,11,0,11,元富-林園,2024-01-08,5927
3481,群創,94,83,11,元富-林園,2024-01-08,5927
00688L,國泰20年美債正2,10,0,10,元富-林園,2024-01-08,5927
1444,力麗,10,0,10,元富-林園,2024-01-08,5927
2340,台亞,10,0,10,元富-林園,2024-01-08,5927
2390,云辰,10,0,10,元富-林園,2024-01-08,5927
3622,洋華,10,0,10,元富-林園,2024-01-08,5927
4167,松瑞藥,10,0,10,元富-林園,2024-01-08,5927
9907,統一實,10,0,10,元富-林園,2024-01-08,5927
00923,群益台ESG低碳50,8,0,8,元富-林園,2024-01-08,5927
6143,振曜,14,6,8,元富-林園,2024-01-08,5927
6235,華孚,9,1,8,元富-林園,2024-01-08,5927
9938,百和,8,0,8,元富-林園,2024-01-08,5927
2002,中鋼,160,0,160,元富-林園,2024-01-09,5927
2609,陽明,169,37,132,元富-林園,2024-01-09,5927
8936,國統,134,3,131,元富-林園,2024-01-09,5927
00919,群益台灣精選高息,94,5,89,元富-林園,2024-01-09,5927
1409,新纖,45,0,45,元富-林園,2024-01-09,5927
2363,矽統,55,13,42,元富-林園,2024-01-09,5927
1513,中興電,41,1,40,元富-林園,2024-01-09,5927
00929,復華台灣科技優息,32,1,31,元富-林園,2024-01-09,5927
8111,立��,32,2,30,元富-林園,2024-01-09,5927
2362,藍天,51,22,29,元富-林園,2024-01-09,5927
2356,英業達,98,69,29,元富-林園,2024-01-09,5927
2408,南亞科,26,0,26,元富-林園,2024-01-09,5927
2880,華南金,25,0,25,元富-林園,2024-01-09,5927
2610,華航,30,7,23,元富-林園,2024-01-09,5927
2308,台達電,22,1,21,元富-林園,2024-01-09,5927
00680L,元大美債20正2,20,0,20,元富-林園,2024-01-09,5927
2883,凱基金,20,0,20,元富-林園,2024-01-09,5927
5355,佳總,20,0,20,元富-林園,2024-01-09,5927
2208,台船,18,0,18,元富-林園,2024-01-09,5927
3231,緯創,41,24,17,元富-林園,2024-01-09,5927
2328,廣宇,17,0,17,元富-林園,2024-01-09,5927
2353,宏��,37,21,16,元富-林園,2024-01-09,5927
9945,潤泰新,16,0,16,元富-林園,2024-01-09,5927
2324,仁寶,45,30,15,元富-林園,2024-01-09,5927
2340,台亞,15,0,15,元富-林園,2024-01-09,5927
9907,統一實,15,0,15,元富-林園,2024-01-09,5927
1605,華新,18,4,14,元富-林園,2024-01-09,5927
3035,智原,18,4,14,元富-林園,2024-01-09,5927
2605,新興,27,14,13,元富-林園,2024-01-09,5927
3581,博磊,15,2,13,元富-林園,2024-01-09,5927
8011,台通,21,8,13,元富-林園,2024-01-09,5927
00878,國泰永續高股息,12,0,12,元富-林園,2024-01-09,5927
2641,正德,12,0,12,元富-林園,2024-01-09,5927
5515,建國,12,0,12,元富-林園,2024-01-09,5927
6116,彩晶,14,3,11,元富-林園,2024-01-09,5927
2317,鴻海,17,7,10,元富-林園,2024-01-09,5927
00753L,中信中國50正2,10,0,10,元富-林園,2024-01-09,5927
2061,風青,10,0,10,元富-林園,2024-01-09,5927
2547,日勝生,10,0,10,元富-林園,2024-01-09,5927
3349,寶德,10,0,10,元富-林園,2024-01-09,5927
2405,輔信,10,0,10,元富-林園,2024-01-09,5927
4533,協易機,9,0,9,元富-林園,2024-01-09,5927
6117,迎廣,16,7,9,元富-林園,2024-01-09,5927
3481,群創,22,13,9,元富-林園,2024-01-09,5927
2618,長榮航,16,8,8,元富-林園,2024-01-09,5927
3022,威強電,8,0,8,元富-林園,2024-01-09,5927
9103,美德醫療-DR,8,0,8,元富-林園,2024-01-09,5927
3264,欣銓,7,0,7,元富-林園,2024-01-09,5927
00907,永豐優息存股,7,0,7,元富-林園,2024-01-09,5927
00830,國泰費城半導體,7,0,7,元富-林園,2024-01-09,5927
00637L,元大滬深300正2,243,143,100,元富-林園,2024-01-10,5927
00919,群益台灣精選高息,107,36,71,元富-林園,2024-01-10,5927
00680L,元大美債20正2,50,0,50,元富-林園,2024-01-10,5927
9904,寶成,50,0,50,元富-林園,2024-01-10,5927
4532,瑞智,47,1,46,元富-林園,2024-01-10,5927
3049,精金,40,0,40,元富-林園,2024-01-10,5927
2637,慧洋-KY,40,1,39,元富-林園,2024-01-10,5927
2609,陽明,131,93,38,元富-林園,2024-01-10,5927
2498,宏達電,38,7,31,元富-林園,2024-01-10,5927
4533,協易機,30,0,30,元富-林園,2024-01-10,5927
2362,藍天,28,4,24,元富-林園,2024-01-10,5927
0056,元大高股息,23,0,23,元富-林園,2024-01-10,5927
2888,新光金,24,2,22,元富-林園,2024-01-10,5927
2007,燁興,20,0,20,元富-林園,2024-01-10,5927
2317,鴻海,20,1,19,元富-林園,2024-01-10,5927
2606,裕民,19,0,19,元富-林園,2024-01-10,5927
9105,泰金寶-DR,19,0,19,元富-林園,2024-01-10,5927
1815,富喬,17,0,17,元富-林園,2024-01-10,5927
2340,台亞,15,0,15,元富-林園,2024-01-10,5927
2610,華航,42,28,14,元富-林園,2024-01-10,5927
2301,光寶科,17,4,13,元富-林園,2024-01-10,5927
3481,群創,13,1,12,元富-林園,2024-01-10,5927
6116,彩晶,15,3,12,元富-林園,2024-01-10,5927
00933B,國泰10Y+金融債,11,0,11,元富-林園,2024-01-10,5927
00679B,元大美債20年,11,0,11,元富-林園,2024-01-10,5927
2867,三商壽,10,0,10,元富-林園,2024-01-10,5927
1612,宏泰,10,0,10,元富-林園,2024-01-10,5927
2328,廣宇,10,0,10,元富-林園,2024-01-10,5927
2883,凱基金,10,0,10,元富-林園,2024-01-10,5927
3031,佰鴻,10,0,10,元富-林園,2024-01-10,5927
3317,尼克森,10,0,10,元富-林園,2024-01-10,5927
8050,廣積,10,0,10,元富-林園,2024-01-10,5927
1326,台化,10,1,9,元富-林園,2024-01-10,5927
2449,京元電子,11,2,9,元富-林園,2024-01-10,5927
1409,新纖,20,12,8,元富-林園,2024-01-10,5927
1584,精剛,10,2,8,元富-林園,2024-01-10,5927
2006,東和鋼鐵,8,0,8,元富-林園,2024-01-10,5927
2104,國際中橡,8,0,8,元富-林園,2024-01-10,5927
6531,愛普*,9,1,8,元富-林園,2024-01-10,5927
2356,英業達,17,10,7,元富-林園,2024-01-10,5927
00937B,群益ESG投等債20,9,2,7,元富-林園,2024-01-10,5927
1471,首利,7,0,7,元富-林園,2024-01-10,5927
2457,飛宏,7,0,7,元富-林園,2024-01-10,5927
2641,正德,7,0,7,元富-林園,2024-01-10,5927
3231,緯創,18,12,6,元富-林園,2024-01-10,5927
1710,東聯,11,5,6,元富-林園,2024-01-10,5927
1733,五鼎,6,0,6,元富-林園,2024-01-10,5927
2516,新建,6,0,6,元富-林園,2024-01-10,5927
3013,晟銘電,7,1,6,元富-林園,2024-01-10,5927
3706,神達,53,47,6,元富-林園,2024-01-10,5927
6120,達運,200,49,151,元富-林園,2024-01-11,5927
2867,三商壽,107,0,107,元富-林園,2024-01-11,5927
00929,復華台灣科技優息,92,8,84,元富-林園,2024-01-11,5927
2610,華航,62,2,60,元富-林園,2024-01-11,5927
00632R,元大台灣50反1,50,0,50,元富-林園,2024-01-11,5927
2498,宏達電,62,13,49,元富-林園,2024-01-11,5927
2888,新光金,75,28,47,元富-林園,2024-01-11,5927
00919,群益台灣精選高息,45,2,43,元富-林園,2024-01-11,5927
2344,華邦電,33,0,33,元富-林園,2024-01-11,5927
5483,中美晶,26,1,25,元富-林園,2024-01-11,5927
6226,光鼎,25,1,24,元富-林園,2024-01-11,5927
1519,華城,30,6,24,元富-林園,2024-01-11,5927
2356,英業達,40,17,23,元富-林園,2024-01-11,5927
2547,日勝生,30,7,23,元富-林園,2024-01-11,5927
4956,光鋐,49,28,21,元富-林園,2024-01-11,5927
5355,佳總,21,0,21,元富-林園,2024-01-11,5927
8176,智捷,20,0,20,元富-林園,2024-01-11,5927
2308,台達電,17,0,17,元富-林園,2024-01-11,5927
1802,台玻,17,0,17,元富-林園,2024-01-11,5927
2353,宏��,25,8,17,元富-林園,2024-01-11,5927
00680L,元大美債20正2,16,0,16,元富-林園,2024-01-11,5927
00933B,國泰10Y+金融債,15,0,15,元富-林園,2024-01-11,5927
2340,台亞,15,0,15,元富-林園,2024-01-11,5927
2618,長榮航,15,0,15,元富-林園,2024-01-11,5927
00937B,群益ESG投等債20,14,1,13,元富-林園,2024-01-11,5927
2002,中鋼,14,1,13,元富-林園,2024-01-11,5927
6770,力積電,17,4,13,元富-林園,2024-01-11,5927
2538,基泰,11,0,11,元富-林園,2024-01-11,5927
4532,瑞智,11,0,11,元富-林園,2024-01-11,5927
2609,陽明,20,10,10,元富-林園,2024-01-11,5927
1312,國喬,10,0,10,元富-林園,2024-01-11,5927
2405,輔信,11,1,10,元富-林園,2024-01-11,5927
1608,華榮,9,0,9,元富-林園,2024-01-11,5927
2362,藍天,88,79,9,元富-林園,2024-01-11,5927
1305,華夏,8,0,8,元富-林園,2024-01-11,5927
5009,榮剛,9,1,8,元富-林園,2024-01-11,5927
3583,辛耘,7,0,7,元富-林園,2024-01-11,5927
00931B,統一美債20年,7,0,7,元富-林園,2024-01-11,5927
2027,大成鋼,7,0,7,元富-林園,2024-01-11,5927
2105,正新,10,3,7,元富-林園,2024-01-11,5927
2449,京元電子,13,6,7,元富-林園,2024-01-11,5927
2882,國泰金,7,0,7,元富-林園,2024-01-11,5927
6531,愛普*,7,0,7,元富-林園,2024-01-11,5927
1301,台塑,9,3,6,元富-林園,2024-01-11,5927
2454,聯發科,6,0,6,元富-林園,2024-01-11,5927
6139,亞翔,7,1,6,元富-林園,2024-01-11,5927
1514,亞力,6,1,5,元富-林園,2024-01-11,5927
00715L,期街口布蘭特正2,5,0,5,元富-林園,2024-01-11,5927
00882,中信中國高股息,5,0,5,元富-林園,2024-01-11,5927
2421,建準,6,1,5,元富-林園,2024-01-11,5927
00673R,期元大S＆P原油反1,110,0,110,元富-林園,2024-01-12,5927
2409,友達,94,22,72,元富-林園,2024-01-12,5927
00929,復華台灣科技優息,72,5,67,元富-林園,2024-01-12,5927
6120,達運,60,0,60,元富-林園,2024-01-12,5927
2888,新光金,52,4,48,元富-林園,2024-01-12,5927
6108,競國,45,0,45,元富-林園,2024-01-12,5927
2882,國泰金,41,0,41,元富-林園,2024-01-12,5927
1313,聯成,40,0,40,元富-林園,2024-01-12,5927
2208,台船,73,36,37,元富-林園,2024-01-12,5927
00937B,群益ESG投等債20,32,0,32,元富-林園,2024-01-12,5927
3622,洋華,34,5,29,元富-林園,2024-01-12,5927
3645,達邁,27,3,24,元富-林園,2024-01-12,5927
2891,中信金,23,1,22,元富-林園,2024-01-12,5927
1301,台塑,22,0,22,元富-林園,2024-01-12,5927
3049,精金,22,0,22,元富-林園,2024-01-12,5927
4956,光鋐,25,3,22,元富-林園,2024-01-12,5927
2618,長榮航,42,21,21,元富-林園,2024-01-12,5927
1310,台苯,20,0,20,元富-林園,2024-01-12,5927
2340,台亞,20,0,20,元富-林園,2024-01-12,5927
2889,國票金,20,0,20,元富-林園,2024-01-12,5927
5398,慕康生醫,20,0,20,元富-林園,2024-01-12,5927
2399,映泰,20,5,15,元富-林園,2024-01-12,5927
2636,台驊控股,14,1,13,元富-林園,2024-01-12,5927
6770,力積電,13,1,12,元富-林園,2024-01-12,5927
00930,永豐ESG低碳高息,11,0,11,元富-林園,2024-01-12,5927
2442,新美齊,11,0,11,元富-林園,2024-01-12,5927
0056,元大高股息,10,0,10,元富-林園,2024-01-12,5927
2201,裕隆,10,0,10,元富-林園,2024-01-12,5927
2419,仲琦,10,0,10,元富-林園,2024-01-12,5927
2498,宏達電,16,6,10,元富-林園,2024-01-12,5927
4552,力達-KY,10,0,10,元富-林園,2024-01-12,5927
4903,聯光通,10,0,10,元富-林園,2024-01-12,5927
5483,中美晶,10,0,10,元富-林園,2024-01-12,5927
6789,采鈺,11,1,10,元富-林園,2024-01-12,5927
2329,華泰,24,15,9,元富-林園,2024-01-12,5927
2105,正新,10,1,9,元富-林園,2024-01-12,5927
2449,京元電子,9,0,9,元富-林園,2024-01-12,5927
3025,星通,27,18,9,元富-林園,2024-01-12,5927
8916,光隆,9,0,9,元富-林園,2024-01-12,5927
2038,海光,11,3,8,元富-林園,2024-01-12,5927
2363,矽統,10,2,8,元富-林園,2024-01-12,5927
2353,宏��,31,24,7,元富-林園,2024-01-12,5927
2408,南亞科,7,0,7,元富-林園,2024-01-12,5927
00927,群益半導體收益,7,0,7,元富-林園,2024-01-12,5927
1503,士電,8,1,7,元富-林園,2024-01-12,5927
1513,中興電,7,0,7,元富-林園,2024-01-12,5927
2401,凌陽,7,0,7,元富-林園,2024-01-12,5927
2405,輔信,7,0,7,元富-林園,2024-01-12,5927
00904,新光臺灣半導體30,6,0,6,元富-林園,2024-01-12,5927
1815,富喬,8,2,6,元富-林園,2024-01-12,5927
1313,聯成,110,40,70,元富-林園,2024-01-15,5927
1529,樂事綠能,51,1,50,元富-林園,2024-01-15,5927
3017,奇鋐,57,9,48,元富-林園,2024-01-15,5927
2884,玉山金,56,14,42,元富-林園,2024-01-15,5927
6205,詮欣,40,0,40,元富-林園,2024-01-15,5927
2208,台船,74,36,38,元富-林園,2024-01-15,5927
2317,鴻海,32,0,32,元富-林園,2024-01-15,5927
1409,新纖,30,0,30,元富-林園,2024-01-15,5927
00929,復華台灣科技優息,29,1,28,元富-林園,2024-01-15,5927
00927,群益半導體收益,27,0,27,元富-林園,2024-01-15,5927
2610,華航,47,20,27,元富-林園,2024-01-15,5927
00770,國泰北美科技,26,1,25,元富-林園,2024-01-15,5927
0056,元大高股息,24,0,24,元富-林園,2024-01-15,5927
00937B,群益ESG投等債20,26,5,21,元富-林園,2024-01-15,5927
00632R,元大台灣50反1,110,90,20,元富-林園,2024-01-15,5927
2498,宏達電,19,0,19,元富-林園,2024-01-15,5927
1514,亞力,35,17,18,元富-林園,2024-01-15,5927
2443,昶虹,20,2,18,元富-林園,2024-01-15,5927
1519,華城,30,13,17,元富-林園,2024-01-15,5927
2342,茂矽,16,0,16,元富-林園,2024-01-15,5927
3231,緯創,25,11,14,元富-林園,2024-01-15,5927
2883,凱基金,14,0,14,元富-林園,2024-01-15,5927
3481,群創,19,7,12,元富-林園,2024-01-15,5927
3035,智原,14,2,12,元富-林園,2024-01-15,5927
2405,輔信,12,1,11,元富-林園,2024-01-15,5927
6125,廣運,15,4,11,元富-林園,2024-01-15,5927
00712,復華富時不動產,15,5,10,元富-林園,2024-01-15,5927
00676R,富邦臺灣加權反1,10,0,10,元富-林園,2024-01-15,5927
2324,仁寶,11,1,10,元富-林園,2024-01-15,5927
2374,佳能,10,0,10,元富-林園,2024-01-15,5927
2630,亞航,11,1,10,元富-林園,2024-01-15,5927
3321,同泰,10,0,10,元富-林園,2024-01-15,5927
2915,潤泰全,10,0,10,元富-林園,2024-01-15,5927
2353,宏��,48,39,9,元富-林園,2024-01-15,5927
3260,威剛,14,5,9,元富-林園,2024-01-15,5927
00878,國泰永續高股息,9,0,9,元富-林園,2024-01-15,5927
1513,中興電,15,7,8,元富-林園,2024-01-15,5927
1802,台玻,8,0,8,元富-林園,2024-01-15,5927
3576,聯合再生,11,3,8,元富-林園,2024-01-15,5927
1326,台化,7,0,7,元富-林園,2024-01-15,5927
2015,豐興,7,0,7,元富-林園,2024-01-15,5927
6120,達運,41,34,7,元富-林園,2024-01-15,5927
2409,友達,7,1,6,元富-林園,2024-01-15,5927
5880,合庫金,7,1,6,元富-林園,2024-01-15,5927
3086,華義,6,0,6,元富-林園,2024-01-15,5927
5426,振發,17,11,6,元富-林園,2024-01-15,5927
6237,驊訊,10,4,6,元富-林園,2024-01-15,5927
2834,臺企銀,6,0,6,元富-林園,2024-01-15,5927
00753L,中信中國50正2,5,0,5,元富-林園,2024-01-15,5927
00924,復華S＆P500成長,5,0,5,元富-林園,2024-01-15,5927
6205,詮欣,115,0,115,元富-林園,2024-01-16,5927
1313,聯成,130,20,110,元富-林園,2024-01-16,5927
1513,中興電,100,4,96,元富-林園,2024-01-16,5927
00929,復華台灣科技優息,63,0,63,元富-林園,2024-01-16,5927
00930,永豐ESG低碳高息,57,0,57,元富-林園,2024-01-16,5927
8096,擎亞,50,1,49,元富-林園,2024-01-16,5927
2610,華航,48,3,45,元富-林園,2024-01-16,5927
2618,長榮航,37,1,36,元富-林園,2024-01-16,5927
2344,華邦電,38,4,34,元富-林園,2024-01-16,5927
9945,潤泰新,33,0,33,元富-林園,2024-01-16,5927
1326,台化,33,1,32,元富-林園,2024-01-16,5927
2882,國泰金,32,0,32,元富-林園,2024-01-16,5927
00937B,群益ESG投等債20,30,0,30,元富-林園,2024-01-16,5927
0056,元大高股息,37,7,30,元富-林園,2024-01-16,5927
2883,凱基金,27,0,27,元富-林園,2024-01-16,5927
2486,一詮,57,30,27,元富-林園,2024-01-16,5927
00881,國泰台灣5G+,31,5,26,元富-林園,2024-01-16,5927
2324,仁寶,27,1,26,元富-林園,2024-01-16,5927
00927,群益半導體收益,25,0,25,元富-林園,2024-01-16,5927
2609,陽明,41,16,25,元富-林園,2024-01-16,5927
2888,新光金,33,8,25,元富-林園,2024-01-16,5927
6505,台塑化,25,0,25,元富-林園,2024-01-16,5927
5351,鈺創,44,20,24,元富-林園,2024-01-16,5927
2401,凌陽,25,2,23,元富-林園,2024-01-16,5927
2929,淘帝-KY,23,0,23,元富-林園,2024-01-16,5927
00701,國泰股利精選30,20,0,20,元富-林園,2024-01-16,5927
5488,松普,21,1,20,元富-林園,2024-01-16,5927
2867,三商壽,20,2,18,元富-林園,2024-01-16,5927
5483,中美晶,18,0,18,元富-林園,2024-01-16,5927
8092,建暐,20,3,17,元富-林園,2024-01-16,5927
1301,台塑,17,0,17,元富-林園,2024-01-16,5927
2606,裕民,16,0,16,元富-林園,2024-01-16,5927
6168,宏齊,16,0,16,元富-林園,2024-01-16,5927
1310,台苯,15,0,15,元富-林園,2024-01-16,5927
2429,銘旺科,15,0,15,元富-林園,2024-01-16,5927
2637,慧洋-KY,16,1,15,元富-林園,2024-01-16,5927
2342,茂矽,14,0,14,元富-林園,2024-01-16,5927
00900,富邦特選高股息30,12,0,12,元富-林園,2024-01-16,5927
2104,國際中橡,12,0,12,元富-林園,2024-01-16,5927
2317,鴻海,13,1,12,元富-林園,2024-01-16,5927
6237,驊訊,12,0,12,元富-林園,2024-01-16,5927
0050,元大台灣50,12,0,12,元富-林園,2024-01-16,5927
1605,華新,11,0,11,元富-林園,2024-01-16,5927
3014,聯陽,11,0,11,元富-林園,2024-01-16,5927
00878,國泰永續高股息,11,0,11,元富-林園,2024-01-16,5927
2002,中鋼,10,0,10,元富-林園,2024-01-16,5927
00665L,富邦�琤肭磪囓�2,10,0,10,元富-林園,2024-01-16,5927
1609,大亞,12,2,10,元富-林園,2024-01-16,5927
1612,宏泰,10,0,10,元富-林園,2024-01-16,5927
2641,正德,10,0,10,元富-林園,2024-01-16,5927
00929,復華台灣科技優息,269,20,249,元富-林園,2024-01-17,5927
00937B,群益ESG投等債20,169,0,169,元富-林園,2024-01-17,5927
2887,台新金,135,0,135,元富-林園,2024-01-17,5927
2303,聯電,112,26,86,元富-林園,2024-01-17,5927
00919,群益台灣精選高息,52,0,52,元富-林園,2024-01-17,5927
5880,合庫金,50,0,50,元富-林園,2024-01-17,5927
2344,華邦電,75,27,48,元富-林園,2024-01-17,5927
2883,凱基金,47,0,47,元富-林園,2024-01-17,5927
2328,廣宇,39,0,39,元富-林園,2024-01-17,5927
2498,宏達電,41,6,35,元富-林園,2024-01-17,5927
2340,台亞,32,0,32,元富-林園,2024-01-17,5927
2880,華南金,31,0,31,元富-林園,2024-01-17,5927
0056,元大高股息,30,0,30,元富-林園,2024-01-17,5927
1314,中石化,28,0,28,元富-林園,2024-01-17,5927
2323,中環,25,0,25,元富-林園,2024-01-17,5927
5701,劍湖山,25,0,25,元富-林園,2024-01-17,5927
2208,台船,24,0,24,元富-林園,2024-01-17,5927
1101,台泥,24,1,23,元富-林園,2024-01-17,5927
2453,凌群,22,1,21,元富-林園,2024-01-17,5927
1605,華新,20,0,20,元富-林園,2024-01-17,5927
2014,中鴻,24,4,20,元富-林園,2024-01-17,5927
2010,春源,20,0,20,元富-林園,2024-01-17,5927
6223,旺矽,20,0,20,元富-林園,2024-01-17,5927
2317,鴻海,20,0,20,元富-林園,2024-01-17,5927
00679B,元大美債20年,19,0,19,元富-林園,2024-01-17,5927
2892,第一金,17,0,17,元富-林園,2024-01-17,5927
6116,彩晶,17,0,17,元富-林園,2024-01-17,5927
1802,台玻,17,0,17,元富-林園,2024-01-17,5927
2356,英業達,34,17,17,元富-林園,2024-01-17,5927
2888,新光金,33,16,17,元富-林園,2024-01-17,5927
6770,力積電,21,4,17,元富-林園,2024-01-17,5927
3694,海華,29,13,16,元富-林園,2024-01-17,5927
4173,久裕,16,0,16,元富-林園,2024-01-17,5927
00706L,期元大S＆P日圓正2,15,0,15,元富-林園,2024-01-17,5927
2258,鴻華先進-創,15,0,15,元富-林園,2024-01-17,5927
2481,強茂,14,0,14,元富-林園,2024-01-17,5927
2492,華新科,18,4,14,元富-林園,2024-01-17,5927
2884,玉山金,16,2,14,元富-林園,2024-01-17,5927
00878,國泰永續高股息,17,3,14,元富-林園,2024-01-17,5927
2104,國際中橡,14,1,13,元富-林園,2024-01-17,5927
2405,輔信,23,10,13,元富-林園,2024-01-17,5927
9907,統一實,13,0,13,元富-林園,2024-01-17,5927
2374,佳能,12,0,12,元富-林園,2024-01-17,5927
2929,淘帝-KY,12,0,12,元富-林園,2024-01-17,5927
6505,台塑化,11,0,11,元富-林園,2024-01-17,5927
00720B,元大投資級公司債,11,0,11,元富-林園,2024-01-17,5927
4171,瑞基,11,0,11,元富-林園,2024-01-17,5927
6005,群益證,11,0,11,元富-林園,2024-01-17,5927
3231,緯創,22,11,11,元富-林園,2024-01-17,5927
00751B,元大AAA至A公司債,10,0,10,元富-林園,2024-01-17,5927
00637L,元大滬深300正2,300,0,300,元富-林園,2024-01-18,5927
4960,誠美材,164,24,140,元富-林園,2024-01-18,5927
00929,復華台灣科技優息,108,30,78,元富-林園,2024-01-18,5927
00900,富邦特選高股息30,50,0,50,元富-林園,2024-01-18,5927
2353,宏��,42,7,35,元富-林園,2024-01-18,5927
2323,中環,31,0,31,元富-林園,2024-01-18,5927
2888,新光金,31,2,29,元富-林園,2024-01-18,5927
2409,友達,52,25,27,元富-林園,2024-01-18,5927
00882,中信中國高股息,25,0,25,元富-林園,2024-01-18,5927
5488,松普,25,0,25,元富-林園,2024-01-18,5927
2834,臺企銀,23,0,23,元富-林園,2024-01-18,5927
6505,台塑化,21,0,21,元富-林園,2024-01-18,5927
2340,台亞,20,0,20,元富-林園,2024-01-18,5927
2603,長榮,24,4,20,元富-林園,2024-01-18,5927
2641,正德,20,1,19,元富-林園,2024-01-18,5927
2886,兆豐金,19,0,19,元富-林園,2024-01-18,5927
5701,劍湖山,22,6,16,元富-林園,2024-01-18,5927
2887,台新金,15,0,15,元富-林園,2024-01-18,5927
3017,奇鋐,22,7,15,元富-林園,2024-01-18,5927
1308,亞聚,15,0,15,元富-林園,2024-01-18,5927
6015,宏遠證,15,0,15,元富-林園,2024-01-18,5927
2208,台船,31,16,15,元富-林園,2024-01-18,5927
8916,光隆,14,0,14,元富-林園,2024-01-18,5927
3576,聯合再生,13,0,13,元富-林園,2024-01-18,5927
00919,群益台灣精選高息,34,22,12,元富-林園,2024-01-18,5927
6129,普誠,12,0,12,元富-林園,2024-01-18,5927
9945,潤泰新,12,0,12,元富-林園,2024-01-18,5927
2801,彰銀,11,0,11,元富-林園,2024-01-18,5927
2201,裕隆,10,0,10,元富-林園,2024-01-18,5927
2486,一詮,24,14,10,元富-林園,2024-01-18,5927
2882,國泰金,13,3,10,元富-林園,2024-01-18,5927
3024,憶聲,10,0,10,元富-林園,2024-01-18,5927
4114,健喬,10,0,10,元富-林園,2024-01-18,5927
6241,易通展,10,0,10,元富-林園,2024-01-18,5927
2382,廣達,16,7,9,元富-林園,2024-01-18,5927
2885,元大金,9,0,9,元富-林園,2024-01-18,5927
6113,亞矽,10,1,9,元富-林園,2024-01-18,5927
1101,台泥,8,0,8,元富-林園,2024-01-18,5927
1514,亞力,11,3,8,元富-林園,2024-01-18,5927
6282,康舒,10,2,8,元富-林園,2024-01-18,5927
2062,橋椿,8,0,8,元富-林園,2024-01-18,5927
5426,振發,46,38,8,元富-林園,2024-01-18,5927
5706,鳳凰,8,0,8,元富-林園,2024-01-18,5927
2421,建準,7,0,7,元富-林園,2024-01-18,5927
2368,金像電,7,0,7,元富-林園,2024-01-18,5927
2633,台灣高鐵,7,0,7,元富-林園,2024-01-18,5927
3533,嘉澤,7,0,7,元富-林園,2024-01-18,5927
1301,台塑,17,11,6,元富-林園,2024-01-18,5927
2002,中鋼,8,2,6,元富-林園,2024-01-18,5927
6770,力積電,6,0,6,元富-林園,2024-01-18,5927
1314,中石化,100,3,97,元富-林園,2024-01-19,5927
2880,華南金,93,0,93,元富-林園,2024-01-19,5927
00937B,群益ESG投等債20,94,5,89,元富-林園,2024-01-19,5927
2884,玉山金,90,1,89,元富-林園,2024-01-19,5927
2886,兆豐金,50,2,48,元富-林園,2024-01-19,5927
00931B,統一美債20年,44,0,44,元富-林園,2024-01-19,5927
00673R,期元大S＆P原油反1,35,0,35,元富-林園,2024-01-19,5927
2002,中鋼,34,0,34,元富-林園,2024-01-19,5927
2609,陽明,56,22,34,元富-林園,2024-01-19,5927
2882,國泰金,32,2,30,元富-林園,2024-01-19,5927
2340,台亞,28,0,28,元富-林園,2024-01-19,5927
00679B,元大美債20年,27,0,27,元富-林園,2024-01-19,5927
2637,慧洋-KY,26,0,26,元富-林園,2024-01-19,5927
2324,仁寶,33,9,24,元富-林園,2024-01-19,5927
2303,聯電,27,4,23,元富-林園,2024-01-19,5927
1301,台塑,23,2,21,元富-林園,2024-01-19,5927
3217,優群,21,0,21,元富-林園,2024-01-19,5927
2601,益航,18,0,18,元富-林園,2024-01-19,5927
3339,泰谷,20,2,18,元富-林園,2024-01-19,5927
2887,台新金,15,0,15,元富-林園,2024-01-19,5927
2618,長榮航,36,22,14,元富-林園,2024-01-19,5927
3530,晶相光,18,4,14,元富-林園,2024-01-19,5927
2062,橋椿,13,0,13,元富-林園,2024-01-19,5927
2208,台船,14,1,13,元富-林園,2024-01-19,5927
00882,中信中國高股息,12,0,12,元富-林園,2024-01-19,5927
2014,中鴻,12,0,12,元富-林園,2024-01-19,5927
2337,旺宏,12,0,12,元富-林園,2024-01-19,5927
2610,華航,12,0,12,元富-林園,2024-01-19,5927
3305,昇貿,13,1,12,元富-林園,2024-01-19,5927
00933B,國泰10Y+金融債,11,0,11,元富-林園,2024-01-19,5927
2392,正崴,11,0,11,元富-林園,2024-01-19,5927
5355,佳總,11,0,11,元富-林園,2024-01-19,5927
2485,兆赫,10,0,10,元富-林園,2024-01-19,5927
5302,太欣,10,0,10,元富-林園,2024-01-19,5927
6113,亞矽,10,0,10,元富-林園,2024-01-19,5927
6134,萬旭,10,0,10,元富-林園,2024-01-19,5927
6125,廣運,14,5,9,元富-林園,2024-01-19,5927
8011,台通,9,0,9,元富-林園,2024-01-19,5927
00830,國泰費城半導體,8,0,8,元富-林園,2024-01-19,5927
2105,正新,10,2,8,元富-林園,2024-01-19,5927
6155,鈞寶,8,0,8,元富-林園,2024-01-19,5927
6168,宏齊,8,0,8,元富-林園,2024-01-19,5927
0050,元大台灣50,8,0,8,元富-林園,2024-01-19,5927
3078,僑威,7,0,7,元富-林園,2024-01-19,5927
5608,四維航,7,0,7,元富-林園,2024-01-19,5927
6237,驊訊,9,2,7,元富-林園,2024-01-19,5927
00929,復華台灣科技優息,19,12,7,元富-林園,2024-01-19,5927
3390,旭軟,7,1,6,元富-林園,2024-01-19,5927
6117,迎廣,11,5,6,元富-林園,2024-01-19,5927
6505,台塑化,6,0,6,元富-林園,2024-01-19,5927
00650L,復華香港正2,441,390,51,元富-林園,2024-01-22,5927
2359,所羅門,42,1,41,元富-林園,2024-01-22,5927
4956,光鋐,49,10,39,元富-林園,2024-01-22,5927
2324,仁寶,64,25,39,元富-林園,2024-01-22,5927
00937B,群益ESG投等債20,35,0,35,元富-林園,2024-01-22,5927
2405,輔信,33,7,26,元富-林園,2024-01-22,5927
2329,華泰,88,66,22,元富-林園,2024-01-22,5927
8210,勤誠,24,2,22,元富-林園,2024-01-22,5927
2106,建大,21,0,21,元富-林園,2024-01-22,5927
2618,長榮航,30,10,20,元富-林園,2024-01-22,5927
1307,三芳,20,0,20,元富-林園,2024-01-22,5927
3481,群創,47,27,20,元富-林園,2024-01-22,5927
4109,加捷生醫,34,14,20,元富-林園,2024-01-22,5927
2317,鴻海,22,5,17,元富-林園,2024-01-22,5927
3490,單井,16,0,16,元富-林園,2024-01-22,5927
6139,亞翔,16,3,13,元富-林園,2024-01-22,5927
1216,統一,12,0,12,元富-林園,2024-01-22,5927
6698,旭暉應材,12,0,12,元富-林園,2024-01-22,5927
00929,復華台灣科技優息,22,10,12,元富-林園,2024-01-22,5927
00934,中信成長高股息,14,3,11,元富-林園,2024-01-22,5927
2603,長榮,14,3,11,元富-林園,2024-01-22,5927
2542,興富發,10,0,10,元富-林園,2024-01-22,5927
2104,國際中橡,10,0,10,元富-林園,2024-01-22,5927
2376,技嘉,24,14,10,元富-林園,2024-01-22,5927
2892,第一金,10,0,10,元富-林園,2024-01-22,5927
3576,聯合再生,13,4,9,元富-林園,2024-01-22,5927
00919,群益台灣精選高息,14,6,8,元富-林園,2024-01-22,5927
2340,台亞,8,0,8,元富-林園,2024-01-22,5927
3217,優群,10,2,8,元富-林園,2024-01-22,5927
00706L,期元大S＆P日圓正2,7,0,7,元富-林園,2024-01-22,5927
2353,宏��,34,27,7,元富-林園,2024-01-22,5927
2409,友達,25,18,7,元富-林園,2024-01-22,5927
5701,劍湖山,8,1,7,元富-林園,2024-01-22,5927
6770,力積電,7,0,7,元富-林園,2024-01-22,5927
8054,安國,13,6,7,元富-林園,2024-01-22,5927
00680L,元大美債20正2,6,0,6,元富-林園,2024-01-22,5927
00712,復華富時不動產,6,0,6,元富-林園,2024-01-22,5927
2609,陽明,49,43,6,元富-林園,2024-01-22,5927
2727,王品,6,0,6,元富-林園,2024-01-22,5927
2736,富野,6,0,6,元富-林園,2024-01-22,5927
1326,台化,5,0,5,元富-林園,2024-01-22,5927
2103,台橡,5,0,5,元富-林園,2024-01-22,5927
2316,楠梓電,6,1,5,元富-林園,2024-01-22,5927
2369,菱生,13,8,5,元富-林園,2024-01-22,5927
3019,亞光,5,0,5,元富-林園,2024-01-22,5927
3147,大綜,6,1,5,元富-林園,2024-01-22,5927
3260,威剛,6,1,5,元富-林園,2024-01-22,5927
3287,廣寰科,6,1,5,元富-林園,2024-01-22,5927
3623,富晶通,6,1,5,元富-林園,2024-01-22,5927
3664,安瑞-KY,8,3,5,元富-林園,2024-01-22,5927
00637L,元大滬深300正2,660,260,400,元富-林園,2024-01-23,5927
00632R,元大台灣50反1,116,0,116,元富-林園,2024-01-23,5927
3059,華晶科,120,13,107,元富-林園,2024-01-23,5927
4960,誠美材,132,71,61,元富-林園,2024-01-23,5927
2486,一詮,69,16,53,元富-林園,2024-01-23,5927
2610,華航,50,0,50,元富-林園,2024-01-23,5927
3481,群創,147,99,48,元富-林園,2024-01-23,5927
6026,福邦證,39,0,39,元富-林園,2024-01-23,5927
00673R,期元大S＆P原油反1,33,0,33,元富-林園,2024-01-23,5927
00882,中信中國高股息,30,0,30,元富-林園,2024-01-23,5927
2344,華邦電,54,27,27,元富-林園,2024-01-23,5927
2727,王品,25,0,25,元富-林園,2024-01-23,5927
2609,陽明,37,15,22,元富-林園,2024-01-23,5927
1785,光洋科,20,0,20,元富-林園,2024-01-23,5927
4109,加捷生醫,20,0,20,元富-林園,2024-01-23,5927
1618,合機,20,1,19,元富-林園,2024-01-23,5927
00878,國泰永續高股息,18,2,16,元富-林園,2024-01-23,5927
2340,台亞,16,0,16,元富-林園,2024-01-23,5927
1504,東元,22,7,15,元富-林園,2024-01-23,5927
6116,彩晶,47,32,15,元富-林園,2024-01-23,5927
3264,欣銓,24,10,14,元富-林園,2024-01-23,5927
6111,大宇資,15,2,13,元富-林園,2024-01-23,5927
5371,中光電,13,0,13,元富-林園,2024-01-23,5927
3086,華義,12,0,12,元富-林園,2024-01-23,5927
5439,高技,12,1,11,元富-林園,2024-01-23,5927
6237,驊訊,47,36,11,元富-林園,2024-01-23,5927
00712,復華富時不動產,10,0,10,元富-林園,2024-01-23,5927
3033,威健,10,0,10,元富-林園,2024-01-23,5927
00669R,國泰美國道瓊反1,10,0,10,元富-林園,2024-01-23,5927
00680L,元大美債20正2,10,0,10,元富-林園,2024-01-23,5927
2062,橋椿,10,0,10,元富-林園,2024-01-23,5927
2362,藍天,12,2,10,元富-林園,2024-01-23,5927
2388,威盛,11,1,10,元富-林園,2024-01-23,5927
3296,勝德,10,0,10,元富-林園,2024-01-23,5927
5383,金利,10,0,10,元富-林園,2024-01-23,5927
8040,九暘,10,0,10,元富-林園,2024-01-23,5927
1721,三晃,10,1,9,元富-林園,2024-01-23,5927
2337,旺宏,10,1,9,元富-林園,2024-01-23,5927
3260,威剛,12,3,9,元富-林園,2024-01-23,5927
3483,力致,10,1,9,元富-林園,2024-01-23,5927
3576,聯合再生,8,0,8,元富-林園,2024-01-23,5927
9945,潤泰新,8,0,8,元富-林園,2024-01-23,5927
00633L,富邦上証正2,7,0,7,元富-林園,2024-01-23,5927
2103,台橡,7,0,7,元富-林園,2024-01-23,5927
2461,光群雷,7,0,7,元富-林園,2024-01-23,5927
2485,兆赫,7,0,7,元富-林園,2024-01-23,5927
6188,廣明,8,1,7,元富-林園,2024-01-23,5927
6505,台塑化,7,0,7,元富-林園,2024-01-23,5927
1795,美時,7,1,6,元富-林園,2024-01-23,5927
1471,首利,13,7,6,元富-林園,2024-01-23,5927
00637L,元大滬深300正2,408,202,206,元富-林園,2024-01-24,5927
00937B,群益ESG投等債20,88,8,80,元富-林園,2024-01-24,5927
00882,中信中國高股息,65,0,65,元富-林園,2024-01-24,5927
6547,高端疫苗,52,0,52,元富-林園,2024-01-24,5927
6265,方土昶,51,0,51,元富-林園,2024-01-24,5927
3017,奇鋐,50,0,50,元富-林園,2024-01-24,5927
1325,恆大,47,2,45,元富-林園,2024-01-24,5927
2409,友達,38,5,33,元富-林園,2024-01-24,5927
3231,緯創,53,20,33,元富-林園,2024-01-24,5927
9934,成霖,32,2,30,元富-林園,2024-01-24,5927
6111,大宇資,47,19,28,元富-林園,2024-01-24,5927
00923,群益台ESG低碳50,22,0,22,元富-林園,2024-01-24,5927
2344,華邦電,29,7,22,元富-林園,2024-01-24,5927
1809,中釉,20,2,18,元富-林園,2024-01-24,5927
2340,台亞,18,0,18,元富-林園,2024-01-24,5927
2324,仁寶,25,8,17,元富-林園,2024-01-24,5927
5309,系統電,17,0,17,元富-林園,2024-01-24,5927
3264,欣銓,16,0,16,元富-林園,2024-01-24,5927
6125,廣運,16,0,16,元富-林園,2024-01-24,5927
00850,元大臺灣ESG永續,15,0,15,元富-林園,2024-01-24,5927
00687B,國泰20年美債,12,0,12,元富-林園,2024-01-24,5927
2356,英業達,45,33,12,元富-林園,2024-01-24,5927
8105,凌巨,16,4,12,元富-林園,2024-01-24,5927
00878,國泰永續高股息,14,3,11,元富-林園,2024-01-24,5927
2348,海悅,12,1,11,元富-林園,2024-01-24,5927
2610,華航,11,0,11,元富-林園,2024-01-24,5927
6237,驊訊,42,31,11,元富-林園,2024-01-24,5927
8034,榮群,13,2,11,元富-林園,2024-01-24,5927
2891,中信金,10,0,10,元富-林園,2024-01-24,5927
1603,華電,10,0,10,元富-林園,2024-01-24,5927
1805,寶徠,10,0,10,元富-林園,2024-01-24,5927
2014,中鴻,10,0,10,元富-林園,2024-01-24,5927
2516,新建,10,0,10,元富-林園,2024-01-24,5927
2883,凱基金,10,0,10,元富-林園,2024-01-24,5927
3083,網龍,10,0,10,元富-林園,2024-01-24,5927
6176,瑞儀,13,3,10,元富-林園,2024-01-24,5927
6223,旺矽,10,0,10,元富-林園,2024-01-24,5927
6799,來頡,11,1,10,元富-林園,2024-01-24,5927
912000,晨訊科-DR,10,0,10,元富-林園,2024-01-24,5927
1301,台塑,9,0,9,元富-林園,2024-01-24,5927
1713,國化,9,0,9,元富-林園,2024-01-24,5927
2374,佳能,10,1,9,元富-林園,2024-01-24,5927
5426,振發,25,16,9,元富-林園,2024-01-24,5927
5469,瀚宇博,10,1,9,元富-林園,2024-01-24,5927
3260,威剛,14,5,9,元富-林園,2024-01-24,5927
00931B,統一美債20年,8,0,8,元富-林園,2024-01-24,5927
2015,豐興,8,0,8,元富-林園,2024-01-24,5927
4746,台耀,11,3,8,元富-林園,2024-01-24,5927
6505,台塑化,8,0,8,元富-林園,2024-01-24,5927
4919,新唐,7,0,7,元富-林園,2024-01-24,5927
00882,中信中國高股息,251,5,246,元富-林園,2024-01-25,5927
00688L,國泰20年美債正2,98,0,98,元富-林園,2024-01-25,5927
00712,復華富時不動產,65,0,65,元富-林園,2024-01-25,5927
2356,英業達,96,34,62,元富-林園,2024-01-25,5927
6405,悅城,50,0,50,元富-林園,2024-01-25,5927
3303,岱稜,47,0,47,元富-林園,2024-01-25,5927
2340,台亞,46,0,46,元富-林園,2024-01-25,5927
00673R,期元大S＆P原油反1,43,0,43,元富-林園,2024-01-25,5927
6237,驊訊,48,12,36,元富-林園,2024-01-25,5927
00687B,國泰20年美債,42,8,34,元富-林園,2024-01-25,5927
8096,擎亞,64,32,32,元富-林園,2024-01-25,5927
1519,華城,31,1,30,元富-林園,2024-01-25,5927
3231,緯創,64,35,29,元富-林園,2024-01-25,5927
5880,合庫金,30,1,29,元富-林園,2024-01-25,5927
5426,振發,47,20,27,元富-林園,2024-01-25,5927
6226,光鼎,26,2,24,元富-林園,2024-01-25,5927
2888,新光金,29,8,21,元富-林園,2024-01-25,5927
00929,復華台灣科技優息,22,1,21,元富-林園,2024-01-25,5927
2485,兆赫,17,0,17,元富-林園,2024-01-25,5927
2369,菱生,20,4,16,元富-林園,2024-01-25,5927
4162,智擎,15,1,14,元富-林園,2024-01-25,5927
2498,宏達電,11,0,11,元富-林園,2024-01-25,5927
6472,保瑞,10,0,10,元富-林園,2024-01-25,5927
0061,元大寶滬深,10,0,10,元富-林園,2024-01-25,5927
2007,燁興,10,0,10,元富-林園,2024-01-25,5927
2323,中環,10,0,10,元富-林園,2024-01-25,5927
2883,凱基金,20,10,10,元富-林園,2024-01-25,5927
3264,欣銓,10,0,10,元富-林園,2024-01-25,5927
5478,智冠,12,2,10,元富-林園,2024-01-25,5927
00665L,富邦�琤肭磪囓�2,40,31,9,元富-林園,2024-01-25,5927
2460,建通,9,0,9,元富-林園,2024-01-25,5927
6026,福邦證,9,0,9,元富-林園,2024-01-25,5927
6505,台塑化,9,0,9,元富-林園,2024-01-25,5927
2421,建準,13,5,8,元富-林園,2024-01-25,5927
2002,中鋼,10,2,8,元富-林園,2024-01-25,5927
6111,大宇資,9,1,8,元富-林園,2024-01-25,5927
2609,陽明,9,1,8,元富-林園,2024-01-25,5927
9945,潤泰新,12,5,7,元富-林園,2024-01-25,5927
00679B,元大美債20年,7,0,7,元富-林園,2024-01-25,5927
2402,毅嘉,8,1,7,元富-林園,2024-01-25,5927
2409,友達,7,0,7,元富-林園,2024-01-25,5927
2436,偉詮電,7,0,7,元富-林園,2024-01-25,5927
3622,洋華,10,3,7,元富-林園,2024-01-25,5927
4123,晟德,6,0,6,元富-林園,2024-01-25,5927
5490,同亨,6,0,6,元富-林園,2024-01-25,5927
6223,旺矽,7,1,6,元富-林園,2024-01-25,5927
2884,玉山金,6,0,6,元富-林園,2024-01-25,5927
00931B,統一美債20年,5,0,5,元富-林園,2024-01-25,5927
1815,富喬,5,0,5,元富-林園,2024-01-25,5927
1907,永豐餘,5,0,5,元富-林園,2024-01-25,5927
00937B,群益ESG投等債20,114,10,104,元富-林園,2024-01-26,5927
2303,聯電,63,0,63,元富-林園,2024-01-26,5927
00665L,富邦�琤肭磪囓�2,60,0,60,元富-林園,2024-01-26,5927
3017,奇鋐,50,1,49,元富-林園,2024-01-26,5927
00878,國泰永續高股息,47,0,47,元富-林園,2024-01-26,5927
2340,台亞,46,0,46,元富-林園,2024-01-26,5927
00929,復華台灣科技優息,47,3,44,元富-林園,2024-01-26,5927
00632R,元大台灣50反1,157,115,42,元富-林園,2024-01-26,5927
2618,長榮航,37,6,31,元富-林園,2024-01-26,5927
2356,英業達,61,34,27,元富-林園,2024-01-26,5927
00673R,期元大S＆P原油反1,27,0,27,元富-林園,2024-01-26,5927
3490,單井,27,0,27,元富-林園,2024-01-26,5927
2324,仁寶,33,7,26,元富-林園,2024-01-26,5927
2103,台橡,22,0,22,元富-林園,2024-01-26,5927
2329,華泰,44,23,21,元富-林園,2024-01-26,5927
1339,昭輝,20,0,20,元富-林園,2024-01-26,5927
2637,慧洋-KY,18,0,18,元富-林園,2024-01-26,5927
2883,凱基金,20,2,18,元富-林園,2024-01-26,5927
5426,振發,34,18,16,元富-林園,2024-01-26,5927
00919,群益台灣精選高息,17,1,16,元富-林園,2024-01-26,5927
00712,復華富時不動產,15,0,15,元富-林園,2024-01-26,5927
8059,凱碩,15,0,15,元富-林園,2024-01-26,5927
4968,立積,18,4,14,元富-林園,2024-01-26,5927
8040,九暘,14,0,14,元富-林園,2024-01-26,5927
2353,宏��,24,11,13,元富-林園,2024-01-26,5927
00882,中信中國高股息,12,0,12,元富-林園,2024-01-26,5927
00934,中信成長高股息,12,0,12,元富-林園,2024-01-26,5927
00687B,國泰20年美債,12,1,11,元富-林園,2024-01-26,5927
2605,新興,21,10,11,元富-林園,2024-01-26,5927
3706,神達,13,2,11,元富-林園,2024-01-26,5927
00669R,國泰美國道瓊反1,10,0,10,元富-林園,2024-01-26,5927
3213,茂訊,10,0,10,元富-林園,2024-01-26,5927
3312,弘憶股,10,0,10,元富-林園,2024-01-26,5927
6116,彩晶,75,65,10,元富-林園,2024-01-26,5927
3035,智原,11,2,9,元富-林園,2024-01-26,5927
1528,恩德,13,4,9,元富-林園,2024-01-26,5927
2455,全新,10,1,9,元富-林園,2024-01-26,5927
6719,力智,9,0,9,元富-林園,2024-01-26,5927
2363,矽統,10,2,8,元富-林園,2024-01-26,5927
3260,威剛,8,0,8,元富-林園,2024-01-26,5927
4939,亞電,8,0,8,元富-林園,2024-01-26,5927
6168,宏齊,8,0,8,元富-林園,2024-01-26,5927
2419,仲琦,7,0,7,元富-林園,2024-01-26,5927
1809,中釉,7,0,7,元富-林園,2024-01-26,5927
2615,萬海,7,0,7,元富-林園,2024-01-26,5927
2641,正德,7,0,7,元富-林園,2024-01-26,5927
2609,陽明,17,11,6,元富-林園,2024-01-26,5927
2301,光寶科,7,1,6,元富-林園,2024-01-26,5927
1101,台泥,14,8,6,元富-林園,2024-01-26,5927
1609,大亞,7,1,6,元富-林園,2024-01-26,5927
00673R,期元大S＆P原油反1,190,0,190,元富-林園,2024-01-29,5927
00937B,群益ESG投等債20,133,0,133,元富-林園,2024-01-29,5927
3490,單井,81,4,77,元富-林園,2024-01-29,5927
2610,華航,76,1,75,元富-林園,2024-01-29,5927
5284,jpp-KY,52,0,52,元富-林園,2024-01-29,5927
00927,群益半導體收益,50,0,50,元富-林園,2024-01-29,5927
2303,聯電,56,20,36,元富-林園,2024-01-29,5927
00632R,元大台灣50反1,274,250,24,元富-林園,2024-01-29,5927
9105,泰金寶-DR,22,1,21,元富-林園,2024-01-29,5927
00687B,國泰20年美債,20,0,20,元富-林園,2024-01-29,5927
3360,尚立,19,0,19,元富-林園,2024-01-29,5927
00929,復華台灣科技優息,24,5,19,元富-林園,2024-01-29,5927
3232,昱捷,16,0,16,元富-林園,2024-01-29,5927
2883,凱基金,20,5,15,元富-林園,2024-01-29,5927
3033,威健,20,5,15,元富-林園,2024-01-29,5927
8071,能率網通,43,28,15,元富-林園,2024-01-29,5927
8096,擎亞,35,20,15,元富-林園,2024-01-29,5927
4968,立積,12,1,11,元富-林園,2024-01-29,5927
2328,廣宇,10,0,10,元富-林園,2024-01-29,5927
2867,三商壽,10,0,10,元富-林園,2024-01-29,5927
3622,洋華,16,7,9,元富-林園,2024-01-29,5927
4956,光鋐,9,0,9,元富-林園,2024-01-29,5927
2609,陽明,11,3,8,元富-林園,2024-01-29,5927
6245,立端,8,0,8,元富-林園,2024-01-29,5927
00878,國泰永續高股息,7,0,7,元富-林園,2024-01-29,5927
3055,蔚華科,8,1,7,元富-林園,2024-01-29,5927
2356,英業達,18,12,6,元富-林園,2024-01-29,5927
2337,旺宏,7,1,6,元富-林園,2024-01-29,5927
00679B,元大美債20年,6,0,6,元富-林園,2024-01-29,5927
1325,恆大,7,1,6,元富-林園,2024-01-29,5927
2329,華泰,19,13,6,元富-林園,2024-01-29,5927
1309,台達化,5,0,5,元富-林園,2024-01-29,5927
1605,華新,8,3,5,元富-林園,2024-01-29,5927
2340,台亞,5,0,5,元富-林園,2024-01-29,5927
2440,太空梭,5,0,5,元富-林園,2024-01-29,5927
3047,訊舟,11,6,5,元富-林園,2024-01-29,5927
4188,安克,5,0,5,元富-林園,2024-01-29,5927
8277,商丞,5,0,5,元富-林園,2024-01-29,5927
2614,東森,5,0,5,元富-林園,2024-01-29,5927
2603,長榮,4,0,4,元富-林園,2024-01-29,5927
2888,新光金,12,8,4,元富-林園,2024-01-29,5927
2496,卓越,4,0,4,元富-林園,2024-01-29,5927
3006,晶豪科,8,4,4,元富-林園,2024-01-29,5927
4588,玖鼎電力,4,0,4,元富-林園,2024-01-29,5927
6127,九豪,4,0,4,元富-林園,2024-01-29,5927
8050,廣積,3,0,3,元富-林園,2024-01-29,5927
00877,復華中國5G,3,0,3,元富-林園,2024-01-29,5927
2344,華邦電,8,5,3,元富-林園,2024-01-29,5927
2401,凌陽,3,0,3,元富-林園,2024-01-29,5927
2527,宏璟,3,0,3,元富-林園,2024-01-29,5927
00637L,元大滬深300正2,282,10,272,元富-林園,2024-01-30,5927
00929,復華台灣科技優息,88,8,80,元富-林園,2024-01-30,5927
6205,詮欣,73,0,73,元富-林園,2024-01-30,5927
00927,群益半導體收益,67,0,67,元富-林園,2024-01-30,5927
4154,樂威科-KY,50,0,50,元富-林園,2024-01-30,5927
00919,群益台灣精選高息,43,1,42,元富-林園,2024-01-30,5927
5880,合庫金,41,0,41,元富-林園,2024-01-30,5927
2382,廣達,52,14,38,元富-林園,2024-01-30,5927
00878,國泰永續高股息,36,1,35,元富-林園,2024-01-30,5927
00679B,元大美債20年,40,6,34,元富-林園,2024-01-30,5927
2421,建準,27,6,21,元富-林園,2024-01-30,5927
2883,凱基金,21,0,21,元富-林園,2024-01-30,5927
2812,台中銀,21,0,21,元富-林園,2024-01-30,5927
6113,亞矽,21,1,20,元富-林園,2024-01-30,5927
2337,旺宏,18,0,18,元富-林園,2024-01-30,5927
2340,台亞,18,0,18,元富-林園,2024-01-30,5927
3481,群創,40,22,18,元富-林園,2024-01-30,5927
6168,宏齊,17,0,17,元富-林園,2024-01-30,5927
1514,亞力,23,6,17,元富-林園,2024-01-30,5927
2208,台船,20,4,16,元富-林園,2024-01-30,5927
8390,金益鼎,16,0,16,元富-林園,2024-01-30,5927
00882,中信中國高股息,15,0,15,元富-林園,2024-01-30,5927
2409,友達,15,0,15,元富-林園,2024-01-30,5927
2303,聯電,18,4,14,元富-林園,2024-01-30,5927
2888,新光金,17,3,14,元富-林園,2024-01-30,5927
3706,神達,23,9,14,元富-林園,2024-01-30,5927
4956,光鋐,14,0,14,元富-林園,2024-01-30,5927
1101,台泥,12,0,12,元富-林園,2024-01-30,5927
5543,桓鼎-KY,12,0,12,元富-林園,2024-01-30,5927
8210,勤誠,16,4,12,元富-林園,2024-01-30,5927
1503,士電,12,1,11,元富-林園,2024-01-30,5927
6127,九豪,11,0,11,元富-林園,2024-01-30,5927
2308,台達電,10,0,10,元富-林園,2024-01-30,5927
00937B,群益ESG投等債20,12,2,10,元富-林園,2024-01-30,5927
1305,華夏,10,0,10,元富-林園,2024-01-30,5927
1316,上曜,10,0,10,元富-林園,2024-01-30,5927
2467,志聖,28,18,10,元富-林園,2024-01-30,5927
3128,昇銳,10,0,10,元富-林園,2024-01-30,5927
3548,兆利,12,2,10,元富-林園,2024-01-30,5927
3597,映興,10,0,10,元富-林園,2024-01-30,5927
4939,亞電,10,0,10,元富-林園,2024-01-30,5927
6176,瑞儀,14,4,10,元富-林園,2024-01-30,5927
8046,南電,11,1,10,元富-林園,2024-01-30,5927
8050,廣積,10,0,10,元富-林園,2024-01-30,5927
3490,單井,12,4,8,元富-林園,2024-01-30,5927
2436,偉詮電,7,0,7,元富-林園,2024-01-30,5927
2745,五福,7,0,7,元富-林園,2024-01-30,5927
5284,jpp-KY,8,1,7,元富-林園,2024-01-30,5927
2062,橋椿,6,0,6,元富-林園,2024-01-30,5927
2511,太子,6,0,6,元富-林園,2024-01-30,5927
00632R,元大台灣50反1,75,0,75,元富-林園,2024-01-31,5927
00688L,國泰20年美債正2,50,0,50,元富-林園,2024-01-31,5927
00929,復華台灣科技優息,49,0,49,元富-林園,2024-01-31,5927
3231,緯創,53,5,48,元富-林園,2024-01-31,5927
2369,菱生,47,18,29,元富-林園,2024-01-31,5927
5383,金利,28,0,28,元富-林園,2024-01-31,5927
6270,倍微,28,1,27,元富-林園,2024-01-31,5927
2303,聯電,27,3,24,元富-林園,2024-01-31,5927
00878,國泰永續高股息,24,0,24,元富-林園,2024-01-31,5927
2605,新興,21,0,21,元富-林園,2024-01-31,5927
2812,台中銀,20,0,20,元富-林園,2024-01-31,5927
2356,英業達,29,9,20,元富-林園,2024-01-31,5927
2014,中鴻,20,0,20,元富-林園,2024-01-31,5927
2308,台達電,19,0,19,元富-林園,2024-01-31,5927
2340,台亞,19,0,19,元富-林園,2024-01-31,5927
2330,台積電,22,4,18,元富-林園,2024-01-31,5927
2328,廣宇,18,0,18,元富-林園,2024-01-31,5927
8299,群聯,17,0,17,元富-林園,2024-01-31,5927
2002,中鋼,17,0,17,元富-林園,2024-01-31,5927
6237,驊訊,20,5,15,元富-林園,2024-01-31,5927
2886,兆豐金,21,7,14,元富-林園,2024-01-31,5927
6125,廣運,13,0,13,元富-林園,2024-01-31,5927
2352,佳世達,17,4,13,元富-林園,2024-01-31,5927
2405,輔信,13,0,13,元富-林園,2024-01-31,5927
3041,揚智,26,13,13,元富-林園,2024-01-31,5927
6667,信紘科,15,2,13,元富-林園,2024-01-31,5927
3303,岱稜,12,0,12,元富-林園,2024-01-31,5927
2618,長榮航,14,3,11,元富-林園,2024-01-31,5927
6257,矽格,18,7,11,元富-林園,2024-01-31,5927
2353,宏��,13,3,10,元富-林園,2024-01-31,5927
2409,友達,11,1,10,元富-林園,2024-01-31,5927
2889,國票金,10,0,10,元富-林園,2024-01-31,5927
3297,杭特,13,3,10,元富-林園,2024-01-31,5927
5347,世界,10,0,10,元富-林園,2024-01-31,5927
2368,金像電,11,1,10,元富-林園,2024-01-31,5927
8105,凌巨,9,0,9,元富-林園,2024-01-31,5927
00919,群益台灣精選高息,9,0,9,元富-林園,2024-01-31,5927
3035,智原,11,3,8,元富-林園,2024-01-31,5927
00933B,國泰10Y+金融債,10,2,8,元富-林園,2024-01-31,5927
6113,亞矽,22,14,8,元富-林園,2024-01-31,5927
1101,台泥,7,0,7,元富-林園,2024-01-31,5927
4919,新唐,6,0,6,元富-林園,2024-01-31,5927
00669R,國泰美國道瓊反1,6,0,6,元富-林園,2024-01-31,5927
00687B,國泰20年美債,6,0,6,元富-林園,2024-01-31,5927
2641,正德,6,0,6,元富-林園,2024-01-31,5927
3704,合勤控,6,0,6,元富-林園,2024-01-31,5927
3706,神達,7,1,6,元富-林園,2024-01-31,5927
4939,亞電,6,0,6,元富-林園,2024-01-31,5927
5211,蒙恬,10,4,6,元富-林園,2024-01-31,5927
6167,久正,6,0,6,元富-林園,2024-01-31,5927
2421,建準,202,10,192,元富-林園,2024-02-01,5927
00929,復華台灣科技優息,96,0,96,元富-林園,2024-02-01,5927
00712,復華富時不動產,72,0,72,元富-林園,2024-02-01,5927
2376,技嘉,52,1,51,元富-林園,2024-02-01,5927
00937B,群益ESG投等債20,42,0,42,元富-林園,2024-02-01,5927
2812,台中銀,58,20,38,元富-林園,2024-02-01,5927
2340,台亞,32,0,32,元富-林園,2024-02-01,5927
3303,岱稜,27,0,27,元富-林園,2024-02-01,5927
2883,凱基金,32,10,22,元富-林園,2024-02-01,5927
8040,九暘,22,0,22,元富-林園,2024-02-01,5927
00632R,元大台灣50反1,20,0,20,元富-林園,2024-02-01,5927
2405,輔信,20,0,20,元富-林園,2024-02-01,5927
8163,達方,19,0,19,元富-林園,2024-02-01,5927
2454,聯發科,19,0,19,元富-林園,2024-02-01,5927
2369,菱生,23,5,18,元富-林園,2024-02-01,5927
2605,新興,36,20,16,元富-林園,2024-02-01,5927
1528,恩德,37,22,15,元富-林園,2024-02-01,5927
4908,前鼎,18,3,15,元富-林園,2024-02-01,5927
3481,群創,32,17,15,元富-林園,2024-02-01,5927
2392,正崴,18,4,14,元富-林園,2024-02-01,5927
8299,群聯,13,0,13,元富-林園,2024-02-01,5927
1325,恆大,20,8,12,元富-林園,2024-02-01,5927
2303,聯電,15,3,12,元富-林園,2024-02-01,5927
3548,兆利,23,11,12,元富-林園,2024-02-01,5927
8227,巨有科技,13,1,12,元富-林園,2024-02-01,5927
2880,華南金,17,5,12,元富-林園,2024-02-01,5927
6237,驊訊,28,16,12,元富-林園,2024-02-01,5927
3264,欣銓,11,0,11,元富-林園,2024-02-01,5927
3312,弘憶股,11,0,11,元富-林園,2024-02-01,5927
00919,群益台灣精選高息,11,1,10,元富-林園,2024-02-01,5927
00900,富邦特選高股息30,10,0,10,元富-林園,2024-02-01,5927
3360,尚立,10,0,10,元富-林園,2024-02-01,5927
6229,研通,10,0,10,元富-林園,2024-02-01,5927
6176,瑞儀,11,2,9,元富-林園,2024-02-01,5927
2382,廣達,9,1,8,元富-林園,2024-02-01,5927
2356,英業達,32,24,8,元富-林園,2024-02-01,5927
3050,鈺德,11,4,7,元富-林園,2024-02-01,5927
5512,力麒,7,0,7,元富-林園,2024-02-01,5927
8096,擎亞,8,1,7,元富-林園,2024-02-01,5927
3694,海華,19,13,6,元富-林園,2024-02-01,5927
2888,新光金,8,2,6,元富-林園,2024-02-01,5927
3032,偉訓,6,0,6,元富-林園,2024-02-01,5927
6116,彩晶,6,0,6,元富-林園,2024-02-01,5927
00902,中信電池及儲能,5,0,5,元富-林園,2024-02-01,5927
00830,國泰費城半導體,5,0,5,元富-林園,2024-02-01,5927
2402,毅嘉,6,1,5,元富-林園,2024-02-01,5927
2618,長榮航,12,7,5,元富-林園,2024-02-01,5927
2867,三商壽,5,0,5,元富-林園,2024-02-01,5927
3615,安可,9,4,5,元富-林園,2024-02-01,5927
3664,安瑞-KY,6,1,5,元富-林園,2024-02-01,5927
00637L,元大滬深300正2,340,0,340,元富-林園,2024-02-02,5927
1313,聯成,100,0,100,元富-林園,2024-02-02,5927
00712,復華富時不動產,60,0,60,元富-林園,2024-02-02,5927
2303,聯電,52,6,46,元富-林園,2024-02-02,5927
00937B,群益ESG投等債20,46,15,31,元富-林園,2024-02-02,5927
00642U,期元大S＆P石油,30,0,30,元富-林園,2024-02-02,5927
2369,菱生,31,1,30,元富-林園,2024-02-02,5927
8299,群聯,30,0,30,元富-林園,2024-02-02,5927
00687B,國泰20年美債,26,0,26,元富-林園,2024-02-02,5927
6180,橘子,23,0,23,元富-林園,2024-02-02,5927
2834,臺企銀,20,0,20,元富-林園,2024-02-02,5927
4534,慶騰,20,0,20,元富-林園,2024-02-02,5927
2603,長榮,23,3,20,元富-林園,2024-02-02,5927
4906,正文,24,5,19,元富-林園,2024-02-02,5927
5383,金利,23,4,19,元富-林園,2024-02-02,5927
6125,廣運,25,6,19,元富-林園,2024-02-02,5927
00715L,期街口布蘭特正2,18,0,18,元富-林園,2024-02-02,5927
5351,鈺創,22,4,18,元富-林園,2024-02-02,5927
2641,正德,17,0,17,元富-林園,2024-02-02,5927
3041,揚智,31,14,17,元富-林園,2024-02-02,5927
6770,力積電,17,0,17,元富-林園,2024-02-02,5927
00923,群益台ESG低碳50,17,0,17,元富-林園,2024-02-02,5927
2029,盛餘,15,0,15,元富-林園,2024-02-02,5927
6547,高端疫苗,14,0,14,元富-林園,2024-02-02,5927
6168,宏齊,13,0,13,元富-林園,2024-02-02,5927
3078,僑威,12,0,12,元富-林園,2024-02-02,5927
3138,耀登,12,0,12,元富-林園,2024-02-02,5927
3622,洋華,25,13,12,元富-林園,2024-02-02,5927
6274,台燿,15,3,12,元富-林園,2024-02-02,5927
1514,亞力,14,2,12,元富-林園,2024-02-02,5927
2208,台船,11,0,11,元富-林園,2024-02-02,5927
2377,微星,13,2,11,元富-林園,2024-02-02,5927
3303,岱稜,11,0,11,元富-林園,2024-02-02,5927
6113,亞矽,11,0,11,元富-林園,2024-02-02,5927
8227,巨有科技,20,10,10,元富-林園,2024-02-02,5927
00665L,富邦�琤肭磪囓�2,10,0,10,元富-林園,2024-02-02,5927
2038,海光,10,0,10,元富-林園,2024-02-02,5927
2547,日勝生,10,0,10,元富-林園,2024-02-02,5927
3058,立德,10,0,10,元富-林園,2024-02-02,5927
3128,昇銳,10,0,10,元富-林園,2024-02-02,5927
3706,神達,13,3,10,元富-林園,2024-02-02,5927
4167,松瑞藥,10,0,10,元富-林園,2024-02-02,5927
6785,昱展新藥,10,0,10,元富-林園,2024-02-02,5927
6026,福邦證,9,0,9,元富-林園,2024-02-02,5927
2812,台中銀,9,0,9,元富-林園,2024-02-02,5927
2401,凌陽,10,2,8,元富-林園,2024-02-02,5927
2467,志聖,11,3,8,元富-林園,2024-02-02,5927
3490,單井,8,0,8,元富-林園,2024-02-02,5927
3555,博士旺,8,0,8,元富-林園,2024-02-02,5927
00882,中信中國高股息,7,0,7,元富-林園,2024-02-02,5927
2421,建準,124,32,92,元富-林園,2024-02-05,5927
00929,復華台灣科技優息,96,11,85,元富-林園,2024-02-05,5927
00933B,國泰10Y+金融債,70,0,70,元富-林園,2024-02-05,5927
00712,復華富時不動產,67,4,63,元富-林園,2024-02-05,5927
00878,國泰永續高股息,85,25,60,元富-林園,2024-02-05,5927
00937B,群益ESG投等債20,64,6,58,元富-林園,2024-02-05,5927
00919,群益台灣精選高息,49,0,49,元富-林園,2024-02-05,5927
3303,岱稜,40,0,40,元富-林園,2024-02-05,5927
2436,偉詮電,25,2,23,元富-林園,2024-02-05,5927
00687B,國泰20年美債,22,0,22,元富-林園,2024-02-05,5927
3437,榮創,22,0,22,元富-林園,2024-02-05,5927
2356,英業達,33,14,19,元富-林園,2024-02-05,5927
2887,台新金,21,2,19,元富-林園,2024-02-05,5927
4906,正文,17,0,17,元富-林園,2024-02-05,5927
00882,中信中國高股息,21,5,16,元富-林園,2024-02-05,5927
2029,盛餘,15,0,15,元富-林園,2024-02-05,5927
3354,律勝,15,0,15,元富-林園,2024-02-05,5927
2208,台船,15,1,14,元富-林園,2024-02-05,5927
2618,長榮航,23,9,14,元富-林園,2024-02-05,5927
3530,晶相光,16,3,13,元富-林園,2024-02-05,5927
00715L,期街口布蘭特正2,35,23,12,元富-林園,2024-02-05,5927
00706L,期元大S＆P日圓正2,12,0,12,元富-林園,2024-02-05,5927
2401,凌陽,12,0,12,元富-林園,2024-02-05,5927
4543,萬在,13,1,12,元富-林園,2024-02-05,5927
6237,驊訊,12,0,12,元富-林園,2024-02-05,5927
2884,玉山金,12,1,11,元富-林園,2024-02-05,5927
00679B,元大美債20年,11,0,11,元富-林園,2024-02-05,5927
2388,威盛,13,2,11,元富-林園,2024-02-05,5927
3041,揚智,21,10,11,元富-林園,2024-02-05,5927
3490,單井,12,1,11,元富-林園,2024-02-05,5927
00927,群益半導體收益,10,0,10,元富-林園,2024-02-05,5927
00633L,富邦上証正2,10,0,10,元富-林園,2024-02-05,5927
1308,亞聚,10,0,10,元富-林園,2024-02-05,5927
2038,海光,10,0,10,元富-林園,2024-02-05,5927
2344,華邦電,15,5,10,元富-林園,2024-02-05,5927
2405,輔信,10,0,10,元富-林園,2024-02-05,5927
2880,華南金,10,0,10,元富-林園,2024-02-05,5927
2888,新光金,10,0,10,元富-林園,2024-02-05,5927
3711,日月光投控,10,0,10,元富-林園,2024-02-05,5927
5519,隆大,10,0,10,元富-林園,2024-02-05,5927
8064,東捷,10,0,10,元富-林園,2024-02-05,5927
9105,泰金寶-DR,10,0,10,元富-林園,2024-02-05,5927
2891,中信金,10,1,9,元富-林園,2024-02-05,5927
2340,台亞,9,0,9,元富-林園,2024-02-05,5927
3580,友威科,10,1,9,元富-林園,2024-02-05,5927
2609,陽明,9,1,8,元富-林園,2024-02-05,5927
3481,群創,14,6,8,元富-林園,2024-02-05,5927
4542,科嶠,8,0,8,元富-林園,2024-02-05,5927
4919,新唐,8,0,8,元富-林園,2024-02-05,5927
6505,台塑化,8,0,8,元富-林園,2024-02-05,5927
00706L,期元大S＆P日圓正2,110,0,110,元富-林園,2024-02-15,5927
00665L,富邦�琤肭磪囓�2,125,20,105,元富-林園,2024-02-15,5927
6026,福邦證,84,10,74,元富-林園,2024-02-15,5927
00679B,元大美債20年,71,0,71,元富-林園,2024-02-15,5927
2303,聯電,107,41,66,元富-林園,2024-02-15,5927
00937B,群益ESG投等債20,110,49,61,元富-林園,2024-02-15,5927
2328,廣宇,69,15,54,元富-林園,2024-02-15,5927
00632R,元大台灣50反1,395,343,52,元富-林園,2024-02-15,5927
4121,優盛,50,0,50,元富-林園,2024-02-15,5927
00680L,元大美債20正2,47,0,47,元富-林園,2024-02-15,5927
2344,華邦電,42,0,42,元富-林園,2024-02-15,5927
00931B,統一美債20年,44,4,40,元富-林園,2024-02-15,5927
00751B,元大AAA至A公司債,40,0,40,元富-林園,2024-02-15,5927
00687B,國泰20年美債,39,5,34,元富-林園,2024-02-15,5927
2376,技嘉,44,14,30,元富-林園,2024-02-15,5927
00919,群益台灣精選高息,43,17,26,元富-林園,2024-02-15,5927
2603,長榮,24,1,23,元富-林園,2024-02-15,5927
2002,中鋼,20,0,20,元富-林園,2024-02-15,5927
3038,全台,21,1,20,元富-林園,2024-02-15,5927
3645,達邁,20,0,20,元富-林園,2024-02-15,5927
3231,緯創,65,45,20,元富-林園,2024-02-15,5927
2369,菱生,57,39,18,元富-林園,2024-02-15,5927
4915,致伸,20,3,17,元富-林園,2024-02-15,5927
00712,復華富時不動產,16,0,16,元富-林園,2024-02-15,5927
2610,華航,17,1,16,元富-林園,2024-02-15,5927
6469,大樹,16,0,16,元富-林園,2024-02-15,5927
2301,光寶科,16,1,15,元富-林園,2024-02-15,5927
1809,中釉,22,7,15,元富-林園,2024-02-15,5927
2618,長榮航,21,6,15,元富-林園,2024-02-15,5927
3312,弘憶股,20,5,15,元富-林園,2024-02-15,5927
3706,神達,19,4,15,元富-林園,2024-02-15,5927
5351,鈺創,19,5,14,元富-林園,2024-02-15,5927
3490,單井,15,2,13,元富-林園,2024-02-15,5927
00720B,元大投資級公司債,14,1,13,元富-林園,2024-02-15,5927
1504,東元,12,0,12,元富-林園,2024-02-15,5927
3374,精材,11,0,11,元富-林園,2024-02-15,5927
3622,洋華,12,1,11,元富-林園,2024-02-15,5927
8096,擎亞,13,2,11,元富-林園,2024-02-15,5927
00857B,永豐20年美公債,10,0,10,元富-林園,2024-02-15,5927
1216,統一,10,0,10,元富-林園,2024-02-15,5927
2323,中環,10,0,10,元富-林園,2024-02-15,5927
2352,佳世達,18,8,10,元富-林園,2024-02-15,5927
2816,旺旺保,11,1,10,元富-林園,2024-02-15,5927
3630,新鉅科,10,0,10,元富-林園,2024-02-15,5927
6246,臺龍,10,0,10,元富-林園,2024-02-15,5927
2408,南亞科,10,1,9,元富-林園,2024-02-15,5927
8034,榮群,10,1,9,元富-林園,2024-02-15,5927
2308,台達電,8,0,8,元富-林園,2024-02-15,5927
00673R,期元大S＆P原油反1,8,0,8,元富-林園,2024-02-15,5927
2458,義隆,8,0,8,元富-林園,2024-02-15,5927
00712,復華富時不動產,122,2,120,元富-林園,2024-02-16,5927
00931B,統一美債20年,96,0,96,元富-林園,2024-02-16,5927
00688L,國泰20年美債正2,74,0,74,元富-林園,2024-02-16,5927
3481,群創,83,9,74,元富-林園,2024-02-16,5927
00673R,期元大S＆P原油反1,70,0,70,元富-林園,2024-02-16,5927
2014,中鴻,62,2,60,元富-林園,2024-02-16,5927
3312,弘憶股,60,1,59,元富-林園,2024-02-16,5927
00933B,國泰10Y+金融債,51,2,49,元富-林園,2024-02-16,5927
00937B,群益ESG投等債20,42,0,42,元富-林園,2024-02-16,5927
2881,富邦金,40,0,40,元富-林園,2024-02-16,5927
00751B,元大AAA至A公司債,39,0,39,元富-林園,2024-02-16,5927
00706L,期元大S＆P日圓正2,30,0,30,元富-林園,2024-02-16,5927
2376,技嘉,61,32,29,元富-林園,2024-02-16,5927
2382,廣達,37,9,28,元富-林園,2024-02-16,5927
00687B,國泰20年美債,26,0,26,元富-林園,2024-02-16,5927
2727,王品,25,0,25,元富-林園,2024-02-16,5927
2890,永豐金,25,0,25,元富-林園,2024-02-16,5927
1785,光洋科,23,0,23,元富-林園,2024-02-16,5927
2303,聯電,25,2,23,元富-林園,2024-02-16,5927
2363,矽統,34,12,22,元富-林園,2024-02-16,5927
2610,華航,26,8,18,元富-林園,2024-02-16,5927
2031,新光鋼,19,1,18,元富-林園,2024-02-16,5927
2367,燿華,24,7,17,元富-林園,2024-02-16,5927
6176,瑞儀,22,5,17,元富-林園,2024-02-16,5927
00680L,元大美債20正2,17,0,17,元富-林園,2024-02-16,5927
3490,單井,16,0,16,元富-林園,2024-02-16,5927
4162,智擎,16,0,16,元富-林園,2024-02-16,5927
00679B,元大美債20年,13,0,13,元富-林園,2024-02-16,5927
2355,敬鵬,16,3,13,元富-林園,2024-02-16,5927
2421,建準,15,3,12,元富-林園,2024-02-16,5927
5521,工信,12,1,11,元富-林園,2024-02-16,5927
1304,台聚,10,0,10,元富-林園,2024-02-16,5927
2340,台亞,11,1,10,元富-林園,2024-02-16,5927
3297,杭特,12,2,10,元富-林園,2024-02-16,5927
3645,達邁,10,0,10,元富-林園,2024-02-16,5927
6223,旺矽,15,5,10,元富-林園,2024-02-16,5927
6246,臺龍,10,0,10,元富-林園,2024-02-16,5927
6592,和潤企業,10,0,10,元富-林園,2024-02-16,5927
6754,匯僑設計,10,0,10,元富-林園,2024-02-16,5927
4968,立積,10,0,10,元富-林園,2024-02-16,5927
00720B,元大投資級公司債,9,0,9,元富-林園,2024-02-16,5927
2025,千興,9,0,9,元富-林園,2024-02-16,5927
2498,宏達電,10,1,9,元富-林園,2024-02-16,5927
4142,國光生,10,1,9,元富-林園,2024-02-16,5927
00696B,富邦美債20年,8,0,8,元富-林園,2024-02-16,5927
00725B,國泰投資級公司債,8,0,8,元富-林園,2024-02-16,5927
00795B,中信美國公債20年,8,0,8,元富-林園,2024-02-16,5927
3038,全台,22,14,8,元富-林園,2024-02-16,5927
2888,新光金,18,11,7,元富-林園,2024-02-16,5927
2886,兆豐金,7,0,7,元富-林園,2024-02-16,5927
00637L,元大滬深300正2,340,0,340,元富-林園,2024-02-19,5927
2610,華航,110,0,110,元富-林園,2024-02-19,5927
00712,復華富時不動產,112,3,109,元富-林園,2024-02-19,5927
00933B,國泰10Y+金融債,76,8,68,元富-林園,2024-02-19,5927
00673R,期元大S＆P原油反1,60,0,60,元富-林園,2024-02-19,5927
4714,永捷,58,5,53,元富-林園,2024-02-19,5927
00650L,復華香港正2,46,0,46,元富-林園,2024-02-19,5927
1709,和益,50,6,44,元富-林園,2024-02-19,5927
00937B,群益ESG投等債20,86,44,42,元富-林園,2024-02-19,5927
2486,一詮,34,1,33,元富-林園,2024-02-19,5927
4720,德淵,33,3,30,元富-林園,2024-02-19,5927
2356,英業達,43,14,29,元富-林園,2024-02-19,5927
00919,群益台灣精選高息,29,0,29,元富-林園,2024-02-19,5927
5521,工信,42,16,26,元富-林園,2024-02-19,5927
00680L,元大美債20正2,25,0,25,元富-林園,2024-02-19,5927
2353,宏��,35,11,24,元富-林園,2024-02-19,5927
00687B,國泰20年美債,22,0,22,元富-林園,2024-02-19,5927
00878,國泰永續高股息,27,6,21,元富-林園,2024-02-19,5927
00764B,群益25年美債,20,0,20,元富-林園,2024-02-19,5927
1303,南亞,20,0,20,元富-林園,2024-02-19,5927
2365,昆盈,29,9,20,元富-林園,2024-02-19,5927
6141,柏承,20,0,20,元富-林園,2024-02-19,5927
2340,台亞,20,1,19,元富-林園,2024-02-19,5927
5426,振發,33,14,19,元富-林園,2024-02-19,5927
8916,光隆,18,0,18,元富-林園,2024-02-19,5927
3231,緯創,45,28,17,元富-林園,2024-02-19,5927
00751B,元大AAA至A公司債,15,0,15,元富-林園,2024-02-19,5927
2376,技嘉,77,62,15,元富-林園,2024-02-19,5927
1414,東和,15,0,15,元富-林園,2024-02-19,5927
2329,華泰,73,58,15,元富-林園,2024-02-19,5927
3035,智原,13,0,13,元富-林園,2024-02-19,5927
3163,波若威,13,0,13,元富-林園,2024-02-19,5927
6189,豐藝,14,1,13,元富-林園,2024-02-19,5927
00931B,統一美債20年,12,0,12,元富-林園,2024-02-19,5927
2367,燿華,13,1,12,元富-林園,2024-02-19,5927
3312,弘憶股,44,32,12,元富-林園,2024-02-19,5927
00753L,中信中國50正2,11,0,11,元富-林園,2024-02-19,5927
1514,亞力,28,17,11,元富-林園,2024-02-19,5927
2881,富邦金,10,0,10,元富-林園,2024-02-19,5927
00679B,元大美債20年,15,5,10,元富-林園,2024-02-19,5927
3038,全台,16,6,10,元富-林園,2024-02-19,5927
3711,日月光投控,10,0,10,元富-林園,2024-02-19,5927
4121,優盛,10,0,10,元富-林園,2024-02-19,5927
5302,太欣,10,0,10,元富-林園,2024-02-19,5927
6223,旺矽,10,0,10,元富-林園,2024-02-19,5927
2399,映泰,12,3,9,元富-林園,2024-02-19,5927
4543,萬在,21,12,9,元富-林園,2024-02-19,5927
5443,均豪,36,27,9,元富-林園,2024-02-19,5927
2303,聯電,14,6,8,元富-林園,2024-02-19,5927
6274,台燿,12,4,8,元富-林園,2024-02-19,5927
8936,國統,153,4,149,元富-林園,2024-02-20,5927
3312,弘憶股,135,6,129,元富-林園,2024-02-20,5927
2369,菱生,163,53,110,元富-林園,2024-02-20,5927
2340,台亞,45,1,44,元富-林園,2024-02-20,5927
6285,啟��,38,0,38,元富-林園,2024-02-20,5927
2303,聯電,42,11,31,元富-林園,2024-02-20,5927
00673R,期元大S＆P原油反1,30,0,30,元富-林園,2024-02-20,5927
00637L,元大滬深300正2,260,231,29,元富-林園,2024-02-20,5927
3231,緯創,34,10,24,元富-林園,2024-02-20,5927
00712,復華富時不動產,25,2,23,元富-林園,2024-02-20,5927
00937B,群益ESG投等債20,23,0,23,元富-林園,2024-02-20,5927
3481,群創,24,1,23,元富-林園,2024-02-20,5927
6173,信昌電,23,0,23,元富-林園,2024-02-20,5927
4714,永捷,42,20,22,元富-林園,2024-02-20,5927
00680L,元大美債20正2,20,0,20,元富-林園,2024-02-20,5927
1514,亞力,23,3,20,元富-林園,2024-02-20,5927
1809,中釉,23,3,20,元富-林園,2024-02-20,5927
3360,尚立,21,1,20,元富-林園,2024-02-20,5927
6176,瑞儀,22,2,20,元富-林園,2024-02-20,5927
6241,易通展,20,0,20,元富-林園,2024-02-20,5927
2489,瑞軒,31,13,18,元富-林園,2024-02-20,5927
00696B,富邦美債20年,18,0,18,元富-林園,2024-02-20,5927
2328,廣宇,18,0,18,元富-林園,2024-02-20,5927
8299,群聯,18,0,18,元富-林園,2024-02-20,5927
00933B,國泰10Y+金融債,17,1,16,元富-林園,2024-02-20,5927
1506,正道,15,0,15,元富-林園,2024-02-20,5927
5355,佳總,17,2,15,元富-林園,2024-02-20,5927
5604,中連,15,0,15,元富-林園,2024-02-20,5927
5351,鈺創,17,4,13,元富-林園,2024-02-20,5927
2376,技嘉,25,13,12,元富-林園,2024-02-20,5927
8096,擎亞,19,7,12,元富-林園,2024-02-20,5927
3017,奇鋐,12,1,11,元富-林園,2024-02-20,5927
1316,上曜,20,9,11,元富-林園,2024-02-20,5927
1806,冠軍,12,1,11,元富-林園,2024-02-20,5927
2405,輔信,40,29,11,元富-林園,2024-02-20,5927
00720B,元大投資級公司債,10,0,10,元富-林園,2024-02-20,5927
00931B,統一美債20年,10,0,10,元富-林園,2024-02-20,5927
1504,東元,20,10,10,元富-林園,2024-02-20,5927
3287,廣寰科,10,0,10,元富-林園,2024-02-20,5927
4303,信立,10,0,10,元富-林園,2024-02-20,5927
4956,光鋐,11,1,10,元富-林園,2024-02-20,5927
5302,太欣,10,0,10,元富-林園,2024-02-20,5927
9103,美德醫療-DR,10,0,10,元富-林園,2024-02-20,5927
00830,國泰費城半導體,9,0,9,元富-林園,2024-02-20,5927
6509,聚和,10,1,9,元富-林園,2024-02-20,5927
2301,光寶科,9,1,8,元富-林園,2024-02-20,5927
2888,新光金,9,1,8,元富-林園,2024-02-20,5927
3058,立德,10,2,8,元富-林園,2024-02-20,5927
00687B,國泰20年美債,7,0,7,元富-林園,2024-02-20,5927
2344,華邦電,10,3,7,元富-林園,2024-02-20,5927
9105,泰金寶-DR,92,1,91,元富-林園,2024-02-21,5927
00937B,群益ESG投等債20,77,5,72,元富-林園,2024-02-21,5927
00878,國泰永續高股息,61,10,51,元富-林園,2024-02-21,5927
2369,菱生,57,7,50,元富-林園,2024-02-21,5927
1316,上曜,42,3,39,元富-林園,2024-02-21,5927
00632R,元大台灣50反1,214,175,39,元富-林園,2024-02-21,5927
3231,緯創,47,9,38,元富-林園,2024-02-21,5927
6282,康舒,42,6,36,元富-林園,2024-02-21,5927
2609,陽明,45,11,34,元富-林園,2024-02-21,5927
1709,和益,25,0,25,元富-林園,2024-02-21,5927
3217,優群,24,0,24,元富-林園,2024-02-21,5927
2312,金寶,22,0,22,元富-林園,2024-02-21,5927
4968,立積,27,5,22,元富-林園,2024-02-21,5927
00907,永豐優息存股,21,0,21,元富-林園,2024-02-21,5927
4162,智擎,20,0,20,元富-林園,2024-02-21,5927
6442,光聖,21,1,20,元富-林園,2024-02-21,5927
2002,中鋼,20,2,18,元富-林園,2024-02-21,5927
3545,敦泰,18,1,17,元富-林園,2024-02-21,5927
00918,大華優利高填息30,17,0,17,元富-林園,2024-02-21,5927
1616,億泰,17,0,17,元富-林園,2024-02-21,5927
00712,復華富時不動產,17,1,16,元富-林園,2024-02-21,5927
2365,昆盈,18,2,16,元富-林園,2024-02-21,5927
00696B,富邦美債20年,14,0,14,元富-林園,2024-02-21,5927
3047,訊舟,32,19,13,元富-林園,2024-02-21,5927
3535,晶彩科,30,17,13,元富-林園,2024-02-21,5927
00679B,元大美債20年,13,0,13,元富-林園,2024-02-21,5927
2363,矽統,17,5,12,元富-林園,2024-02-21,5927
3481,群創,42,30,12,元富-林園,2024-02-21,5927
2303,聯電,21,10,11,元富-林園,2024-02-21,5927
00900,富邦特選高股息30,10,0,10,元富-林園,2024-02-21,5927
00891,中信關鍵半導體,10,0,10,元富-林園,2024-02-21,5927
1717,長興,10,0,10,元富-林園,2024-02-21,5927
2641,正德,31,21,10,元富-林園,2024-02-21,5927
3338,泰碩,12,2,10,元富-林園,2024-02-21,5927
5355,佳總,11,1,10,元富-林園,2024-02-21,5927
8040,九暘,10,0,10,元富-林園,2024-02-21,5927
2382,廣達,15,6,9,元富-林園,2024-02-21,5927
1504,東元,10,1,9,元富-林園,2024-02-21,5927
1815,富喬,10,1,9,元富-林園,2024-02-21,5927
2881,富邦金,11,2,9,元富-林園,2024-02-21,5927
3227,原相,10,1,9,元富-林園,2024-02-21,5927
3325,旭品,12,3,9,元富-林園,2024-02-21,5927
5443,均豪,21,12,9,元富-林園,2024-02-21,5927
6233,旺玖,10,1,9,元富-林園,2024-02-21,5927
2884,玉山金,11,2,9,元富-林園,2024-02-21,5927
2376,技嘉,9,1,8,元富-林園,2024-02-21,5927
2206,三陽工業,7,0,7,元富-林園,2024-02-21,5927
2892,第一金,7,0,7,元富-林園,2024-02-21,5927
2489,瑞軒,10,4,6,元富-林園,2024-02-21,5927
4961,天鈺,9,3,6,元富-林園,2024-02-21,5927
2486,一詮,116,0,116,元富-林園,2024-02-22,5927
2356,英業達,127,33,94,元富-林園,2024-02-22,5927
2371,大同,67,3,64,元富-林園,2024-02-22,5927
2537,聯上發,45,0,45,元富-林園,2024-02-22,5927
00673R,期元大S＆P原油反1,35,0,35,元富-林園,2024-02-22,5927
00937B,群益ESG投等債20,29,0,29,元富-林園,2024-02-22,5927
00650L,復華香港正2,107,80,27,元富-林園,2024-02-22,5927
1609,大亞,26,0,26,元富-林園,2024-02-22,5927
00688L,國泰20年美債正2,23,0,23,元富-林園,2024-02-22,5927
00712,復華富時不動產,22,0,22,元富-林園,2024-02-22,5927
2355,敬鵬,26,4,22,元富-林園,2024-02-22,5927
2610,華航,35,14,21,元富-林園,2024-02-22,5927
2329,華泰,56,36,20,元富-林園,2024-02-22,5927
1339,昭輝,20,0,20,元富-林園,2024-02-22,5927
2340,台亞,20,0,20,元富-林園,2024-02-22,5927
2547,日勝生,20,0,20,元富-林園,2024-02-22,5927
6197,佳必琪,20,0,20,元富-林園,2024-02-22,5927
8404,百和興業-KY,20,0,20,元富-林園,2024-02-22,5927
3013,晟銘電,21,2,19,元富-林園,2024-02-22,5927
4303,信立,20,1,19,元富-林園,2024-02-22,5927
3231,緯創,47,29,18,元富-林園,2024-02-22,5927
00696B,富邦美債20年,18,0,18,元富-林園,2024-02-22,5927
8936,國統,19,1,18,元富-林園,2024-02-22,5927
2367,燿華,34,17,17,元富-林園,2024-02-22,5927
2636,台驊控股,18,1,17,元富-林園,2024-02-22,5927
3038,全台,17,1,16,元富-林園,2024-02-22,5927
6229,研通,16,0,16,元富-林園,2024-02-22,5927
3260,威剛,14,0,14,元富-林園,2024-02-22,5927
2615,萬海,20,8,12,元富-林園,2024-02-22,5927
3711,日月光投控,12,0,12,元富-林園,2024-02-22,5927
3535,晶彩科,20,8,12,元富-林園,2024-02-22,5927
6125,廣運,21,9,12,元富-林園,2024-02-22,5927
8289,泰藝,22,10,12,元富-林園,2024-02-22,5927
00933B,國泰10Y+金融債,11,0,11,元富-林園,2024-02-22,5927
2409,友達,11,0,11,元富-林園,2024-02-22,5927
2498,宏達電,12,1,11,元富-林園,2024-02-22,5927
5426,振發,11,0,11,元富-林園,2024-02-22,5927
6667,信紘科,11,0,11,元富-林園,2024-02-22,5927
3037,欣興,11,1,10,元富-林園,2024-02-22,5927
2324,仁寶,21,11,10,元富-林園,2024-02-22,5927
2023,燁輝,10,0,10,元富-林園,2024-02-22,5927
3339,泰谷,10,0,10,元富-林園,2024-02-22,5927
3360,尚立,49,39,10,元富-林園,2024-02-22,5927
4956,光鋐,10,0,10,元富-林園,2024-02-22,5927
6282,康舒,11,1,10,元富-林園,2024-02-22,5927
9941,裕融,10,0,10,元富-林園,2024-02-22,5927
1524,耿鼎,9,0,9,元富-林園,2024-02-22,5927
1616,億泰,9,0,9,元富-林園,2024-02-22,5927
8383,千附,9,0,9,元富-林園,2024-02-22,5927
1316,上曜,9,1,8,元富-林園,2024-02-22,5927
3312,弘憶股,100,10,90,元富-林園,2024-02-23,5927
1409,新纖,53,0,53,元富-林園,2024-02-23,5927
2892,第一金,50,0,50,元富-林園,2024-02-23,5927
3231,緯創,83,38,45,元富-林園,2024-02-23,5927
2356,英業達,127,84,43,元富-林園,2024-02-23,5927
2464,盟立,41,1,40,元富-林園,2024-02-23,5927
00878,國泰永續高股息,46,7,39,元富-林園,2024-02-23,5927
2353,宏��,34,4,30,元富-林園,2024-02-23,5927
3041,揚智,61,33,28,元富-林園,2024-02-23,5927
3481,群創,37,9,28,元富-林園,2024-02-23,5927
00919,群益台灣精選高息,30,8,22,元富-林園,2024-02-23,5927
6257,矽格,31,10,21,元富-林園,2024-02-23,5927
2329,華泰,60,40,20,元富-林園,2024-02-23,5927
1313,聯成,20,0,20,元富-林園,2024-02-23,5927
2408,南亞科,22,2,20,元富-林園,2024-02-23,5927
2506,太設,20,0,20,元富-林園,2024-02-23,5927
2609,陽明,37,17,20,元富-林園,2024-02-23,5927
4303,信立,20,0,20,元富-林園,2024-02-23,5927
5009,榮剛,20,0,20,元富-林園,2024-02-23,5927
5426,振發,22,2,20,元富-林園,2024-02-23,5927
6116,彩晶,20,0,20,元富-林園,2024-02-23,5927
2340,台亞,21,2,19,元富-林園,2024-02-23,5927
2002,中鋼,29,10,19,元富-林園,2024-02-23,5927
2313,華通,54,36,18,元富-林園,2024-02-23,5927
2328,廣宇,18,0,18,元富-林園,2024-02-23,5927
5351,鈺創,18,0,18,元富-林園,2024-02-23,5927
00673R,期元大S＆P原油反1,15,0,15,元富-林園,2024-02-23,5927
2897,王道銀行,15,0,15,元富-林園,2024-02-23,5927
2303,聯電,14,0,14,元富-林園,2024-02-23,5927
00923,群益台ESG低碳50,12,0,12,元富-林園,2024-02-23,5927
3005,神基,11,0,11,元富-林園,2024-02-23,5927
3535,晶彩科,27,16,11,元富-林園,2024-02-23,5927
6229,研通,11,0,11,元富-林園,2024-02-23,5927
6245,立端,11,0,11,元富-林園,2024-02-23,5927
00931B,統一美債20年,10,0,10,元富-林園,2024-02-23,5927
00934,中信成長高股息,11,1,10,元富-林園,2024-02-23,5927
1616,億泰,10,0,10,元富-林園,2024-02-23,5927
2489,瑞軒,22,12,10,元富-林園,2024-02-23,5927
2618,長榮航,32,22,10,元富-林園,2024-02-23,5927
3268,海德威,10,0,10,元富-林園,2024-02-23,5927
3490,單井,10,0,10,元富-林園,2024-02-23,5927
3710,連展投控,10,0,10,元富-林園,2024-02-23,5927
6290,良維,14,4,10,元富-林園,2024-02-23,5927
6578,達邦蛋白,10,0,10,元富-林園,2024-02-23,5927
1229,聯華,10,0,10,元富-林園,2024-02-23,5927
6223,旺矽,10,0,10,元富-林園,2024-02-23,5927
00935,野村臺灣新科技50,11,2,9,元富-林園,2024-02-23,5927
00891,中信關鍵半導體,11,2,9,元富-林園,2024-02-23,5927
1325,恆大,11,2,9,元富-林園,2024-02-23,5927
3374,精材,9,0,9,元富-林園,2024-02-23,5927
2610,華航,105,1,104,元富-林園,2024-02-26,5927
00878,國泰永續高股息,90,4,86,元富-林園,2024-02-26,5927
00712,復華富時不動產,73,0,73,元富-林園,2024-02-26,5927
00679B,元大美債20年,43,0,43,元富-林園,2024-02-26,5927
4162,智擎,38,0,38,元富-林園,2024-02-26,5927
00680L,元大美債20正2,43,5,38,元富-林園,2024-02-26,5927
2641,正德,45,11,34,元富-林園,2024-02-26,5927
00688L,國泰20年美債正2,43,10,33,元富-林園,2024-02-26,5927
9105,泰金寶-DR,33,1,32,元富-林園,2024-02-26,5927
00933B,國泰10Y+金融債,41,10,31,元富-林園,2024-02-26,5927
3706,神達,29,0,29,元富-林園,2024-02-26,5927
3268,海德威,39,15,24,元富-林園,2024-02-26,5927
2031,新光鋼,23,2,21,元富-林園,2024-02-26,5927
00687B,國泰20年美債,21,1,20,元富-林園,2024-02-26,5927
4303,信立,20,0,20,元富-林園,2024-02-26,5927
6207,雷科,20,0,20,元富-林園,2024-02-26,5927
00919,群益台灣精選高息,25,6,19,元富-林園,2024-02-26,5927
2409,友達,25,7,18,元富-林園,2024-02-26,5927
2405,輔信,36,19,17,元富-林園,2024-02-26,5927
4526,東台,28,12,16,元富-林園,2024-02-26,5927
8110,華東,15,0,15,元富-林園,2024-02-26,5927
2609,陽明,15,1,14,元富-林園,2024-02-26,5927
3481,群創,17,3,14,元富-林園,2024-02-26,5927
1611,中電,14,0,14,元富-林園,2024-02-26,5927
2369,菱生,16,2,14,元富-林園,2024-02-26,5927
2371,大同,31,17,14,元富-林園,2024-02-26,5927
1313,聯成,13,0,13,元富-林園,2024-02-26,5927
2467,志聖,13,0,13,元富-林園,2024-02-26,5927
00650L,復華香港正2,25,13,12,元富-林園,2024-02-26,5927
8096,擎亞,21,9,12,元富-林園,2024-02-26,5927
3703,欣陸,11,0,11,元富-林園,2024-02-26,5927
8383,千附,13,2,11,元富-林園,2024-02-26,5927
2002,中鋼,31,20,11,元富-林園,2024-02-26,5927
2329,華泰,83,73,10,元富-林園,2024-02-26,5927
2884,玉山金,25,15,10,元富-林園,2024-02-26,5927
1810,和成,10,0,10,元富-林園,2024-02-26,5927
3434,哲固,10,0,10,元富-林園,2024-02-26,5927
3535,晶彩科,10,0,10,元富-林園,2024-02-26,5927
3581,博磊,10,0,10,元富-林園,2024-02-26,5927
6160,欣技,11,1,10,元富-林園,2024-02-26,5927
2303,聯電,14,5,9,元富-林園,2024-02-26,5927
3027,盛達,10,1,9,元富-林園,2024-02-26,5927
2337,旺宏,10,1,9,元富-林園,2024-02-26,5927
2436,偉詮電,14,5,9,元富-林園,2024-02-26,5927
3691,碩禾,13,4,9,元富-林園,2024-02-26,5927
2104,國際中橡,8,0,8,元富-林園,2024-02-26,5927
2353,宏��,9,1,8,元富-林園,2024-02-26,5927
4588,玖鼎電力,8,0,8,元富-林園,2024-02-26,5927
6237,驊訊,16,8,8,元富-林園,2024-02-26,5927
6274,台燿,18,10,8,元富-林園,2024-02-26,5927
2801,彰銀,90,0,90,元富-林園,2024-02-27,5927
00632R,元大台灣50反1,74,0,74,元富-林園,2024-02-27,5927
00937B,群益ESG投等債20,65,1,64,元富-林園,2024-02-27,5927
00687B,國泰20年美債,53,0,53,元富-林園,2024-02-27,5927
00919,群益台灣精選高息,56,6,50,元富-林園,2024-02-27,5927
8383,千附,46,0,46,元富-林園,2024-02-27,5927
00878,國泰永續高股息,62,17,45,元富-林園,2024-02-27,5927
3360,尚立,40,0,40,元富-林園,2024-02-27,5927
3481,群創,41,6,35,元富-林園,2024-02-27,5927
4542,科嶠,30,0,30,元富-林園,2024-02-27,5927
3163,波若威,38,9,29,元富-林園,2024-02-27,5927
3047,訊舟,27,0,27,元富-林園,2024-02-27,5927
3005,神基,47,21,26,元富-林園,2024-02-27,5927
4162,智擎,26,2,24,元富-林園,2024-02-27,5927
3037,欣興,41,17,24,元富-林園,2024-02-27,5927
00637L,元大滬深300正2,27,4,23,元富-林園,2024-02-27,5927
8028,昇陽半導體,23,1,22,元富-林園,2024-02-27,5927
00712,復華富時不動產,21,0,21,元富-林園,2024-02-27,5927
2884,玉山金,26,6,20,元富-林園,2024-02-27,5927
2002,中鋼,31,13,18,元富-林園,2024-02-27,5927
2610,華航,28,10,18,元富-林園,2024-02-27,5927
4973,廣穎,23,5,18,元富-林園,2024-02-27,5927
2329,華泰,50,34,16,元富-林園,2024-02-27,5927
1316,上曜,25,9,16,元富-林園,2024-02-27,5927
1217,愛之味,15,0,15,元富-林園,2024-02-27,5927
2460,建通,17,2,15,元富-林園,2024-02-27,5927
8105,凌巨,19,5,14,元富-林園,2024-02-27,5927
1609,大亞,14,0,14,元富-林園,2024-02-27,5927
2618,長榮航,16,2,14,元富-林園,2024-02-27,5927
8096,擎亞,20,6,14,元富-林園,2024-02-27,5927
1514,亞力,24,11,13,元富-林園,2024-02-27,5927
8040,九暘,31,18,13,元富-林園,2024-02-27,5927
5351,鈺創,44,32,12,元富-林園,2024-02-27,5927
2498,宏達電,24,12,12,元富-林園,2024-02-27,5927
3576,聯合再生,12,0,12,元富-林園,2024-02-27,5927
6282,康舒,11,0,11,元富-林園,2024-02-27,5927
1313,聯成,11,0,11,元富-林園,2024-02-27,5927
2340,台亞,11,0,11,元富-林園,2024-02-27,5927
2731,雄獅,11,0,11,元富-林園,2024-02-27,5927
4906,正文,11,0,11,元富-林園,2024-02-27,5927
3017,奇鋐,14,3,11,元富-林園,2024-02-27,5927
00680L,元大美債20正2,10,0,10,元富-林園,2024-02-27,5927
1409,新纖,10,0,10,元富-林園,2024-02-27,5927
1616,億泰,10,0,10,元富-林園,2024-02-27,5927
2014,中鴻,14,4,10,元富-林園,2024-02-27,5927
2328,廣宇,13,3,10,元富-林園,2024-02-27,5927
3450,聯鈞,20,10,10,元富-林園,2024-02-27,5927
3710,連展投控,10,0,10,元富-林園,2024-02-27,5927
4977,眾達-KY,10,0,10,元富-林園,2024-02-27,5927
6239,力成,10,0,10,元富-林園,2024-02-27,5927
00673R,期元大S＆P原油反1,300,0,300,元富-林園,2024-02-29,5927
00919,群益台灣精選高息,150,7,143,元富-林園,2024-02-29,5927
00632R,元大台灣50反1,127,23,104,元富-林園,2024-02-29,5927
00680L,元大美債20正2,93,0,93,元富-林園,2024-02-29,5927
00937B,群益ESG投等債20,92,0,92,元富-林園,2024-02-29,5927
2883,凱基金,205,118,87,元富-林園,2024-02-29,5927
2303,聯電,61,3,58,元富-林園,2024-02-29,5927
00933B,國泰10Y+金融債,55,0,55,元富-林園,2024-02-29,5927
00687B,國泰20年美債,39,3,36,元富-林園,2024-02-29,5927
2002,中鋼,31,2,29,元富-林園,2024-02-29,5927
00857B,永豐20年美公債,25,0,25,元富-林園,2024-02-29,5927
4162,智擎,24,0,24,元富-林園,2024-02-29,5927
5351,鈺創,24,3,21,元富-林園,2024-02-29,5927
00931B,統一美債20年,20,0,20,元富-林園,2024-02-29,5927
2031,新光鋼,24,4,20,元富-林園,2024-02-29,5927
2324,仁寶,37,17,20,元富-林園,2024-02-29,5927
2363,矽統,32,13,19,元富-林園,2024-02-29,5927
3712,永崴投控,21,2,19,元富-林園,2024-02-29,5927
3481,群創,38,20,18,元富-林園,2024-02-29,5927
00679B,元大美債20年,18,0,18,元富-林園,2024-02-29,5927
2353,宏��,22,4,18,元富-林園,2024-02-29,5927
2369,菱生,28,11,17,元富-林園,2024-02-29,5927
3078,僑威,20,3,17,元富-林園,2024-02-29,5927
00929,復華台灣科技優息,56,39,17,元富-林園,2024-02-29,5927
1618,合機,23,7,16,元富-林園,2024-02-29,5927
5608,四維航,20,5,15,元富-林園,2024-02-29,5927
1456,怡華,13,0,13,元富-林園,2024-02-29,5927
2436,偉詮電,14,1,13,元富-林園,2024-02-29,5927
3297,杭特,15,2,13,元富-林園,2024-02-29,5927
6469,大樹,13,0,13,元富-林園,2024-02-29,5927
2340,台亞,15,3,12,元富-林園,2024-02-29,5927
2371,大同,51,39,12,元富-林園,2024-02-29,5927
4904,遠傳,12,0,12,元富-林園,2024-02-29,5927
5452,佶優,13,1,12,元富-林園,2024-02-29,5927
2365,昆盈,20,9,11,元富-林園,2024-02-29,5927
3005,神基,14,3,11,元富-林園,2024-02-29,5927
4543,萬在,19,8,11,元富-林園,2024-02-29,5927
2425,承啟,12,2,10,元富-林園,2024-02-29,5927
2511,太子,10,0,10,元富-林園,2024-02-29,5927
3535,晶彩科,10,0,10,元富-林園,2024-02-29,5927
4303,信立,10,0,10,元富-林園,2024-02-29,5927
6016,康和證,20,10,10,元富-林園,2024-02-29,5927
9105,泰金寶-DR,10,0,10,元富-林園,2024-02-29,5927
2882,國泰金,10,1,9,元富-林園,2024-02-29,5927
2915,潤泰全,9,0,9,元富-林園,2024-02-29,5927
3437,榮創,10,1,9,元富-林園,2024-02-29,5927
4513,福裕,20,11,9,元富-林園,2024-02-29,5927
6116,彩晶,13,4,9,元富-林園,2024-02-29,5927
1522,堤維西,15,7,8,元富-林園,2024-02-29,5927
2609,陽明,15,7,8,元富-林園,2024-02-29,5927
00919,群益台灣精選高息,120,4,116,元富-林園,2024-03-01,5927
4960,誠美材,100,0,100,元富-林園,2024-03-01,5927
00688L,國泰20年美債正2,73,0,73,元富-林園,2024-03-01,5927
3047,訊舟,67,0,67,元富-林園,2024-03-01,5927
00937B,群益ESG投等債20,59,4,55,元富-林園,2024-03-01,5927
6244,茂迪,56,17,39,元富-林園,2024-03-01,5927
2002,中鋼,36,0,36,元富-林園,2024-03-01,5927
6290,良維,42,7,35,元富-林園,2024-03-01,5927
00918,大華優利高填息30,40,7,33,元富-林園,2024-03-01,5927
2615,萬海,34,2,32,元富-林園,2024-03-01,5927
2845,遠東銀,29,0,29,元富-林園,2024-03-01,5927
1316,上曜,41,14,27,元富-林園,2024-03-01,5927
6505,台塑化,26,0,26,元富-林園,2024-03-01,5927
00878,國泰永續高股息,27,3,24,元富-林園,2024-03-01,5927
1504,東元,29,6,23,元富-林園,2024-03-01,5927
6122,擎邦,23,1,22,元富-林園,2024-03-01,5927
00687B,國泰20年美債,21,0,21,元富-林園,2024-03-01,5927
00692,富邦公司治理,20,0,20,元富-林園,2024-03-01,5927
00923,群益台ESG低碳50,20,0,20,元富-林園,2024-03-01,5927
6016,康和證,20,0,20,元富-林園,2024-03-01,5927
6197,佳必琪,20,0,20,元富-林園,2024-03-01,5927
6226,光鼎,20,0,20,元富-林園,2024-03-01,5927
2313,華通,20,3,17,元富-林園,2024-03-01,5927
2498,宏達電,16,0,16,元富-林園,2024-03-01,5927
6129,普誠,16,0,16,元富-林園,2024-03-01,5927
2613,中櫃,15,0,15,元富-林園,2024-03-01,5927
8936,國統,21,7,14,元富-林園,2024-03-01,5927
1303,南亞,14,0,14,元富-林園,2024-03-01,5927
2618,長榮航,14,0,14,元富-林園,2024-03-01,5927
2329,華泰,26,13,13,元富-林園,2024-03-01,5927
2369,菱生,20,7,13,元富-林園,2024-03-01,5927
4303,信立,34,21,13,元富-林園,2024-03-01,5927
3360,尚立,12,0,12,元富-林園,2024-03-01,5927
8383,千附,12,0,12,元富-林園,2024-03-01,5927
006208,富邦台50,11,0,11,元富-林園,2024-03-01,5927
2834,臺企銀,11,0,11,元富-林園,2024-03-01,5927
3540,曜越,14,4,10,元富-林園,2024-03-01,5927
00673R,期元大S＆P原油反1,10,0,10,元富-林園,2024-03-01,5927
2317,鴻海,10,0,10,元富-林園,2024-03-01,5927
2340,台亞,13,3,10,元富-林園,2024-03-01,5927
2365,昆盈,34,24,10,元富-林園,2024-03-01,5927
2542,興富發,10,0,10,元富-林園,2024-03-01,5927
3041,揚智,29,19,10,元富-林園,2024-03-01,5927
3710,連展投控,10,0,10,元富-林園,2024-03-01,5927
5388,中磊,11,1,10,元富-林園,2024-03-01,5927
6176,瑞儀,20,11,9,元富-林園,2024-03-01,5927
2454,聯發科,9,0,9,元富-林園,2024-03-01,5927
00830,國泰費城半導體,9,0,9,元富-林園,2024-03-01,5927
1325,恆大,11,2,9,元富-林園,2024-03-01,5927
2332,友訊,9,0,9,元富-林園,2024-03-01,5927
00637L,元大滬深300正2,500,100,400,元富-林園,2024-03-04,5927
2880,華南金,207,1,206,元富-林園,2024-03-04,5927
6770,力積電,99,15,84,元富-林園,2024-03-04,5927
00632R,元大台灣50反1,225,158,67,元富-林園,2024-03-04,5927
3576,聯合再生,48,0,48,元富-林園,2024-03-04,5927
2002,中鋼,53,7,46,元富-林園,2024-03-04,5927
00937B,群益ESG投等債20,46,1,45,元富-林園,2024-03-04,5927
00919,群益台灣精選高息,37,2,35,元富-林園,2024-03-04,5927
1513,中興電,42,7,35,元富-林園,2024-03-04,5927
2892,第一金,30,0,30,元富-林園,2024-03-04,5927
8383,千附,29,0,29,元富-林園,2024-03-04,5927
1608,華榮,26,0,26,元富-林園,2024-03-04,5927
4303,信立,30,4,26,元富-林園,2024-03-04,5927
00673R,期元大S＆P原油反1,30,5,25,元富-林園,2024-03-04,5927
2609,陽明,34,11,23,元富-林園,2024-03-04,5927
4543,萬在,24,2,22,元富-林園,2024-03-04,5927
00687B,國泰20年美債,20,0,20,元富-林園,2024-03-04,5927
3483,力致,20,0,20,元富-林園,2024-03-04,5927
6233,旺玖,20,2,18,元富-林園,2024-03-04,5927
1409,新纖,21,4,17,元富-林園,2024-03-04,5927
3231,緯創,34,18,16,元富-林園,2024-03-04,5927
6443,元晶,15,0,15,元富-林園,2024-03-04,5927
8277,商丞,30,15,15,元富-林園,2024-03-04,5927
00679B,元大美債20年,14,0,14,元富-林園,2024-03-04,5927
1313,聯成,14,0,14,元富-林園,2024-03-04,5927
8271,宇瞻,14,0,14,元富-林園,2024-03-04,5927
3006,晶豪科,44,32,12,元富-林園,2024-03-04,5927
2329,華泰,30,18,12,元富-林園,2024-03-04,5927
2305,全友,16,4,12,元富-林園,2024-03-04,5927
2363,矽統,27,15,12,元富-林園,2024-03-04,5927
2449,京元電子,23,11,12,元富-林園,2024-03-04,5927
3058,立德,12,0,12,元富-林園,2024-03-04,5927
5864,致和證,12,0,12,元富-林園,2024-03-04,5927
2027,大成鋼,11,0,11,元富-林園,2024-03-04,5927
2371,大同,30,19,11,元富-林園,2024-03-04,5927
8064,東捷,12,1,11,元富-林園,2024-03-04,5927
00929,復華台灣科技優息,18,8,10,元富-林園,2024-03-04,5927
6139,亞翔,25,15,10,元富-林園,2024-03-04,5927
1721,三晃,10,0,10,元富-林園,2024-03-04,5927
2406,國碩,10,0,10,元富-林園,2024-03-04,5927
2516,新建,10,0,10,元富-林園,2024-03-04,5927
2542,興富發,10,0,10,元富-林園,2024-03-04,5927
3005,神基,11,1,10,元富-林園,2024-03-04,5927
3221,台嘉碩,10,0,10,元富-林園,2024-03-04,5927
3535,晶彩科,11,1,10,元富-林園,2024-03-04,5927
3685,元創精密,10,0,10,元富-林園,2024-03-04,5927
4513,福裕,16,6,10,元富-林園,2024-03-04,5927
4545,銘鈺,10,0,10,元富-林園,2024-03-04,5927
6661,威健生技,10,0,10,元富-林園,2024-03-04,5927
1229,聯華,10,0,10,元富-林園,2024-03-04,5927
2303,聯電,72,1,71,元富-林園,2024-03-05,5927
00882,中信中國高股息,56,0,56,元富-林園,2024-03-05,5927
6116,彩晶,61,13,48,元富-林園,2024-03-05,5927
00937B,群益ESG投等債20,54,8,46,元富-林園,2024-03-05,5927
00915,凱基優選高股息30,44,1,43,元富-林園,2024-03-05,5927
1313,聯成,41,0,41,元富-林園,2024-03-05,5927
2903,遠百,40,0,40,元富-林園,2024-03-05,5927
00919,群益台灣精選高息,35,1,34,元富-林園,2024-03-05,5927
1316,上曜,50,23,27,元富-林園,2024-03-05,5927
6160,欣技,27,0,27,元富-林園,2024-03-05,5927
2337,旺宏,25,0,25,元富-林園,2024-03-05,5927
2392,正崴,21,1,20,元富-林園,2024-03-05,5927
2367,燿華,51,32,19,元富-林園,2024-03-05,5927
3481,群創,47,29,18,元富-林園,2024-03-05,5927
1611,中電,17,0,17,元富-林園,2024-03-05,5927
6290,良維,16,1,15,元富-林園,2024-03-05,5927
3027,盛達,16,1,15,元富-林園,2024-03-05,5927
6168,宏齊,15,1,14,元富-林園,2024-03-05,5927
00918,大華優利高填息30,15,2,13,元富-林園,2024-03-05,5927
3689,湧德,19,6,13,元富-林園,2024-03-05,5927
00712,復華富時不動產,12,0,12,元富-林園,2024-03-05,5927
2365,昆盈,21,9,12,元富-林園,2024-03-05,5927
00687B,國泰20年美債,11,0,11,元富-林園,2024-03-05,5927
2324,仁寶,28,17,11,元富-林園,2024-03-05,5927
4919,新唐,11,0,11,元富-林園,2024-03-05,5927
3268,海德威,10,0,10,元富-林園,2024-03-05,5927
6223,旺矽,10,0,10,元富-林園,2024-03-05,5927
2409,友達,10,0,10,元富-林園,2024-03-05,5927
2637,慧洋-KY,12,2,10,元富-林園,2024-03-05,5927
6129,普誠,10,0,10,元富-林園,2024-03-05,5927
6189,豐藝,10,0,10,元富-林園,2024-03-05,5927
6770,力積電,17,7,10,元富-林園,2024-03-05,5927
8383,千附,10,0,10,元富-林園,2024-03-05,5927
2332,友訊,10,1,9,元富-林園,2024-03-05,5927
3209,全科,10,1,9,元富-林園,2024-03-05,5927
5864,致和證,9,0,9,元富-林園,2024-03-05,5927
6120,達運,12,3,9,元富-林園,2024-03-05,5927
2031,新光鋼,13,4,9,元富-林園,2024-03-05,5927
3701,大眾控,8,0,8,元富-林園,2024-03-05,5927
1301,台塑,8,0,8,元富-林園,2024-03-05,5927
1101,台泥,8,0,8,元富-林園,2024-03-05,5927
2308,台達電,8,0,8,元富-林園,2024-03-05,5927
1735,日勝化,8,0,8,元富-林園,2024-03-05,5927
3041,揚智,20,12,8,元富-林園,2024-03-05,5927
6173,信昌電,8,0,8,元富-林園,2024-03-05,5927
6591,動力-KY,8,0,8,元富-林園,2024-03-05,5927
8064,東捷,37,29,8,元富-林園,2024-03-05,5927
3693,營邦,10,2,8,元富-林園,2024-03-05,5927
1303,南亞,7,0,7,元富-林園,2024-03-05,5927
00680L,元大美債20正2,7,0,7,元富-林園,2024-03-05,5927
00918,大華優利高填息30,216,0,216,元富-林園,2024-03-06,5927
3041,揚智,107,1,106,元富-林園,2024-03-06,5927
00937B,群益ESG投等債20,105,0,105,元富-林園,2024-03-06,5927
2610,華航,52,2,50,元富-林園,2024-03-06,5927
2352,佳世達,47,3,44,元富-林園,2024-03-06,5927
00915,凱基優選高股息30,43,0,43,元富-林園,2024-03-06,5927
2637,慧洋-KY,39,3,36,元富-林園,2024-03-06,5927
2365,昆盈,41,7,34,元富-林園,2024-03-06,5927
1316,上曜,44,11,33,元富-林園,2024-03-06,5927
6547,高端疫苗,32,0,32,元富-林園,2024-03-06,5927
2367,燿華,57,25,32,元富-林園,2024-03-06,5927
3481,群創,30,7,23,元富-林園,2024-03-06,5927
6168,宏齊,23,0,23,元富-林園,2024-03-06,5927
2101,南港,21,0,21,元富-林園,2024-03-06,5927
2498,宏達電,33,12,21,元富-林園,2024-03-06,5927
3325,旭品,36,15,21,元富-林園,2024-03-06,5927
6120,達運,20,0,20,元富-林園,2024-03-06,5927
3689,湧德,37,18,19,元富-林園,2024-03-06,5927
6789,采鈺,21,3,18,元富-林園,2024-03-06,5927
00687B,國泰20年美債,18,0,18,元富-林園,2024-03-06,5927
2605,新興,17,0,17,元富-林園,2024-03-06,5927
5203,訊連,16,0,16,元富-林園,2024-03-06,5927
2002,中鋼,15,0,15,元富-林園,2024-03-06,5927
00923,群益台ESG低碳50,15,0,15,元富-林園,2024-03-06,5927
4121,優盛,15,0,15,元富-林園,2024-03-06,5927
8059,凱碩,15,0,15,元富-林園,2024-03-06,5927
2460,建通,14,0,14,元富-林園,2024-03-06,5927
2731,雄獅,15,1,14,元富-林園,2024-03-06,5927
2104,國際中橡,13,0,13,元富-林園,2024-03-06,5927
2355,敬鵬,14,1,13,元富-林園,2024-03-06,5927
3047,訊舟,13,0,13,元富-林園,2024-03-06,5927
8011,台通,23,10,13,元富-林園,2024-03-06,5927
2014,中鴻,13,1,12,元富-林園,2024-03-06,5927
4938,和碩,12,0,12,元富-林園,2024-03-06,5927
5388,中磊,12,0,12,元富-林園,2024-03-06,5927
6126,信音,21,9,12,元富-林園,2024-03-06,5927
8163,達方,12,1,11,元富-林園,2024-03-06,5927
1608,華榮,18,7,11,元富-林園,2024-03-06,5927
2368,金像電,13,2,11,元富-林園,2024-03-06,5927
2601,益航,11,0,11,元富-林園,2024-03-06,5927
00927,群益半導體收益,10,0,10,元富-林園,2024-03-06,5927
1712,興農,10,0,10,元富-林園,2024-03-06,5927
1907,永豐餘,10,0,10,元富-林園,2024-03-06,5927
2353,宏��,12,2,10,元富-林園,2024-03-06,5927
2547,日勝生,10,0,10,元富-林園,2024-03-06,5927
4904,遠傳,10,0,10,元富-林園,2024-03-06,5927
9945,潤泰新,12,2,10,元富-林園,2024-03-06,5927
1102,亞泥,10,1,9,元富-林園,2024-03-06,5927
00830,國泰費城半導體,9,0,9,元富-林園,2024-03-06,5927
2313,華通,12,3,9,元富-林園,2024-03-06,5927
00637L,元大滬深300正2,325,0,325,元富-林園,2024-03-07,5927
6116,彩晶,138,20,118,元富-林園,2024-03-07,5927
1314,中石化,104,0,104,元富-林園,2024-03-07,5927
00919,群益台灣精選高息,96,18,78,元富-林園,2024-03-07,5927
8059,凱碩,90,13,77,元富-林園,2024-03-07,5927
2002,中鋼,65,4,61,元富-林園,2024-03-07,5927
4306,炎洲,60,1,59,元富-林園,2024-03-07,5927
5521,工信,72,15,57,元富-林園,2024-03-07,5927
6120,達運,50,1,49,元富-林園,2024-03-07,5927
2324,仁寶,64,17,47,元富-林園,2024-03-07,5927
2365,昆盈,49,5,44,元富-林園,2024-03-07,5927
00904,新光臺灣半導體30,54,20,34,元富-林園,2024-03-07,5927
6168,宏齊,34,0,34,元富-林園,2024-03-07,5927
00937B,群益ESG投等債20,49,16,33,元富-林園,2024-03-07,5927
2486,一詮,44,11,33,元富-林園,2024-03-07,5927
2421,建準,38,7,31,元富-林園,2024-03-07,5927
2356,英業達,47,16,31,元富-林園,2024-03-07,5927
00918,大華優利高填息30,30,0,30,元富-林園,2024-03-07,5927
6290,良維,31,4,27,元富-林園,2024-03-07,5927
6443,元晶,27,0,27,元富-林園,2024-03-07,5927
1734,杏輝,27,1,26,元富-林園,2024-03-07,5927
3231,緯創,57,31,26,元富-林園,2024-03-07,5927
5351,鈺創,31,5,26,元富-林園,2024-03-07,5927
4939,亞電,25,0,25,元富-林園,2024-03-07,5927
1611,中電,24,0,24,元富-林園,2024-03-07,5927
8034,榮群,32,8,24,元富-林園,2024-03-07,5927
2352,佳世達,23,0,23,元富-林園,2024-03-07,5927
00706L,期元大S＆P日圓正2,20,0,20,元富-林園,2024-03-07,5927
2887,台新金,20,0,20,元富-林園,2024-03-07,5927
3264,欣銓,26,6,20,元富-林園,2024-03-07,5927
5425,台半,20,0,20,元富-林園,2024-03-07,5927
6016,康和證,20,0,20,元富-林園,2024-03-07,5927
00882,中信中國高股息,20,1,19,元富-林園,2024-03-07,5927
1815,富喬,37,18,19,元富-林園,2024-03-07,5927
2467,志聖,24,6,18,元富-林園,2024-03-07,5927
3325,旭品,19,1,18,元富-林園,2024-03-07,5927
2313,華通,28,11,17,元富-林園,2024-03-07,5927
3588,通嘉,17,0,17,元富-林園,2024-03-07,5927
8096,擎亞,16,0,16,元富-林園,2024-03-07,5927
3450,聯鈞,18,4,14,元富-林園,2024-03-07,5927
6283,淳安,15,1,14,元富-林園,2024-03-07,5927
1471,首利,25,12,13,元富-林園,2024-03-07,5927
1717,長興,17,4,13,元富-林園,2024-03-07,5927
2405,輔信,13,0,13,元富-林園,2024-03-07,5927
3094,聯傑,15,2,13,元富-林園,2024-03-07,5927
5515,建國,13,0,13,元富-林園,2024-03-07,5927
6125,廣運,20,7,13,元富-林園,2024-03-07,5927
2888,新光金,13,0,13,元富-林園,2024-03-07,5927
1109,信大,12,0,12,元富-林園,2024-03-07,5927
00671R,富邦NASDAQ反1,12,0,12,元富-林園,2024-03-07,5927
00637L,元大滬深300正2,180,0,180,元富-林園,2024-03-08,5927
2457,飛宏,115,14,101,元富-林園,2024-03-08,5927
8059,凱碩,78,0,78,元富-林園,2024-03-08,5927
6770,力積電,82,12,70,元富-林園,2024-03-08,5927
9105,泰金寶-DR,60,0,60,元富-林園,2024-03-08,5927
6016,康和證,55,0,55,元富-林園,2024-03-08,5927
6116,彩晶,46,0,46,元富-林園,2024-03-08,5927
2328,廣宇,55,10,45,元富-林園,2024-03-08,5927
2388,威盛,54,10,44,元富-林園,2024-03-08,5927
00919,群益台灣精選高息,103,68,35,元富-林園,2024-03-08,5927
1313,聯成,30,0,30,元富-林園,2024-03-08,5927
2387,精元,30,0,30,元富-林園,2024-03-08,5927
4306,炎洲,30,2,28,元富-林園,2024-03-08,5927
5864,致和證,30,2,28,元富-林園,2024-03-08,5927
2317,鴻海,37,11,26,元富-林園,2024-03-08,5927
2103,台橡,25,0,25,元富-林園,2024-03-08,5927
2836,高雄銀,35,10,25,元富-林園,2024-03-08,5927
2356,英業達,36,12,24,元富-林園,2024-03-08,5927
3490,單井,23,0,23,元富-林園,2024-03-08,5927
2344,華邦電,27,6,21,元富-林園,2024-03-08,5927
3308,聯德,22,1,21,元富-林園,2024-03-08,5927
3645,達邁,23,2,21,元富-林園,2024-03-08,5927
00632R,元大台灣50反1,20,0,20,元富-林園,2024-03-08,5927
6126,信音,21,1,20,元富-林園,2024-03-08,5927
6275,元山,21,1,20,元富-林園,2024-03-08,5927
2109,華豐,20,1,19,元富-林園,2024-03-08,5927
5302,太欣,18,0,18,元富-林園,2024-03-08,5927
5498,凱崴,21,4,17,元富-林園,2024-03-08,5927
2353,宏��,21,4,17,元富-林園,2024-03-08,5927
8996,高力,22,5,17,元富-林園,2024-03-08,5927
2547,日勝生,16,0,16,元富-林園,2024-03-08,5927
5309,系統電,18,2,16,元富-林園,2024-03-08,5927
2233,宇隆,22,7,15,元富-林園,2024-03-08,5927
2436,偉詮電,16,1,15,元富-林園,2024-03-08,5927
5530,龍巖,20,5,15,元富-林園,2024-03-08,5927
6168,宏齊,16,2,14,元富-林園,2024-03-08,5927
00671R,富邦NASDAQ反1,12,0,12,元富-林園,2024-03-08,5927
1589,永冠-KY,12,0,12,元富-林園,2024-03-08,5927
2352,佳世達,12,0,12,元富-林園,2024-03-08,5927
2408,南亞科,13,1,12,元富-林園,2024-03-08,5927
2812,台中銀,12,0,12,元富-林園,2024-03-08,5927
2867,三商壽,12,0,12,元富-林園,2024-03-08,5927
3006,晶豪科,14,2,12,元富-林園,2024-03-08,5927
6125,廣運,42,31,11,元富-林園,2024-03-08,5927
2002,中鋼,19,8,11,元富-林園,2024-03-08,5927
6167,久正,12,1,11,元富-林園,2024-03-08,5927
6282,康舒,11,1,10,元富-林園,2024-03-08,5927
2363,矽統,14,4,10,元富-林園,2024-03-08,5927
3481,群創,15,5,10,元富-林園,2024-03-08,5927
1301,台塑,14,4,10,元富-林園,2024-03-08,5927
2883,凱基金,378,128,250,元富-林園,2024-03-11,5927
00632R,元大台灣50反1,570,470,100,元富-林園,2024-03-11,5927
00671R,富邦NASDAQ反1,96,0,96,元富-林園,2024-03-11,5927
00929,復華台灣科技優息,113,21,92,元富-林園,2024-03-11,5927
00715L,期街口布蘭特正2,65,0,65,元富-林園,2024-03-11,5927
00919,群益台灣精選高息,90,28,62,元富-林園,2024-03-11,5927
00882,中信中國高股息,53,0,53,元富-林園,2024-03-11,5927
2365,昆盈,49,1,48,元富-林園,2024-03-11,5927
00712,復華富時不動產,43,2,41,元富-林園,2024-03-11,5927
2888,新光金,40,0,40,元富-林園,2024-03-11,5927
2387,精元,40,1,39,元富-林園,2024-03-11,5927
1504,東元,36,12,24,元富-林園,2024-03-11,5927
6191,精成科,22,0,22,元富-林園,2024-03-11,5927
00915,凱基優選高股息30,20,0,20,元富-林園,2024-03-11,5927
3481,群創,32,12,20,元富-林園,2024-03-11,5927
00918,大華優利高填息30,21,3,18,元富-林園,2024-03-11,5927
2441,超豐,18,0,18,元富-林園,2024-03-11,5927
2603,長榮,21,3,18,元富-林園,2024-03-11,5927
2641,正德,15,0,15,元富-林園,2024-03-11,5927
9945,潤泰新,15,0,15,元富-林園,2024-03-11,5927
2330,台積電,17,2,15,元富-林園,2024-03-11,5927
1815,富喬,23,9,14,元富-林園,2024-03-11,5927
2618,長榮航,20,6,14,元富-林園,2024-03-11,5927
6770,力積電,19,5,14,元富-林園,2024-03-11,5927
3711,日月光投控,14,0,14,元富-林園,2024-03-11,5927
6016,康和證,12,0,12,元富-林園,2024-03-11,5927
00679B,元大美債20年,13,1,12,元富-林園,2024-03-11,5927
4513,福裕,11,0,11,元富-林園,2024-03-11,5927
1712,興農,11,0,11,元富-林園,2024-03-11,5927
2258,鴻華先進-創,11,0,11,元富-林園,2024-03-11,5927
9927,泰銘,11,0,11,元富-林園,2024-03-11,5927
00680L,元大美債20正2,10,0,10,元富-林園,2024-03-11,5927
2109,華豐,10,0,10,元富-林園,2024-03-11,5927
3022,威強電,10,0,10,元富-林園,2024-03-11,5927
6147,頎邦,11,1,10,元富-林園,2024-03-11,5927
6180,橘子,10,0,10,元富-林園,2024-03-11,5927
1444,力麗,9,0,9,元富-林園,2024-03-11,5927
1513,中興電,9,0,9,元富-林園,2024-03-11,5927
2516,新建,12,3,9,元富-林園,2024-03-11,5927
3317,尼克森,9,0,9,元富-林園,2024-03-11,5927
2308,台達電,15,7,8,元富-林園,2024-03-11,5927
1609,大亞,20,12,8,元富-林園,2024-03-11,5927
2891,中信金,10,2,8,元富-林園,2024-03-11,5927
2352,佳世達,7,0,7,元富-林園,2024-03-11,5927
2485,兆赫,7,0,7,元富-林園,2024-03-11,5927
3338,泰碩,17,10,7,元富-林園,2024-03-11,5927
1101,台泥,6,0,6,元富-林園,2024-03-11,5927
1717,長興,6,0,6,元富-林園,2024-03-11,5927
1514,亞力,9,3,6,元富-林園,2024-03-11,5927
2312,金寶,6,0,6,元富-林園,2024-03-11,5927
2303,聯電,277,31,246,元富-林園,2024-03-12,5927
2371,大同,36,8,28,元富-林園,2024-03-12,5927
6168,宏齊,24,0,24,元富-林園,2024-03-12,5927
2408,南亞科,24,2,22,元富-林園,2024-03-12,5927
2387,精元,23,2,21,元富-林園,2024-03-12,5927
2409,友達,22,1,21,元富-林園,2024-03-12,5927
8110,華東,21,0,21,元富-林園,2024-03-12,5927
00671R,富邦NASDAQ反1,20,0,20,元富-林園,2024-03-12,5927
2547,日勝生,20,1,19,元富-林園,2024-03-12,5927
2342,茂矽,18,0,18,元富-林園,2024-03-12,5927
00937B,群益ESG投等債20,32,15,17,元富-林園,2024-03-12,5927
00915,凱基優選高股息30,15,0,15,元富-林園,2024-03-12,5927
9950,萬國通,15,0,15,元富-林園,2024-03-12,5927
2367,燿華,147,133,14,元富-林園,2024-03-12,5927
3481,群創,16,2,14,元富-林園,2024-03-12,5927
00713,元大台灣高息低波,25,11,14,元富-林園,2024-03-12,5927
6213,聯茂,12,0,12,元富-林園,2024-03-12,5927
2344,華邦電,15,3,12,元富-林園,2024-03-12,5927
4909,新復興,12,0,12,元富-林園,2024-03-12,5927
6125,廣運,26,14,12,元富-林園,2024-03-12,5927
6235,華孚,12,0,12,元富-林園,2024-03-12,5927
2359,所羅門,28,17,11,元富-林園,2024-03-12,5927
6120,達運,24,13,11,元富-林園,2024-03-12,5927
00919,群益台灣精選高息,36,25,11,元富-林園,2024-03-12,5927
6290,良維,38,27,11,元富-林園,2024-03-12,5927
00680L,元大美債20正2,10,0,10,元富-林園,2024-03-12,5927
00696B,富邦美債20年,10,0,10,元富-林園,2024-03-12,5927
2739,寒舍,10,0,10,元富-林園,2024-03-12,5927
2867,三商壽,9,0,9,元富-林園,2024-03-12,5927
2329,華泰,16,8,8,元富-林園,2024-03-12,5927
2618,長榮航,35,27,8,元富-林園,2024-03-12,5927
1301,台塑,8,0,8,元富-林園,2024-03-12,5927
1560,中砂,14,6,8,元富-林園,2024-03-12,5927
3312,弘憶股,12,4,8,元富-林園,2024-03-12,5927
3689,湧德,21,13,8,元富-林園,2024-03-12,5927
4961,天鈺,10,2,8,元富-林園,2024-03-12,5927
8431,匯鑽科,8,0,8,元富-林園,2024-03-12,5927
2313,華通,28,21,7,元富-林園,2024-03-12,5927
2399,映泰,7,0,7,元富-林園,2024-03-12,5927
2406,國碩,17,10,7,元富-林園,2024-03-12,5927
2851,中再保,9,2,7,元富-林園,2024-03-12,5927
3041,揚智,10,3,7,元富-林園,2024-03-12,5927
3357,臺慶科,7,0,7,元富-林園,2024-03-12,5927
3515,華擎,13,6,7,元富-林園,2024-03-12,5927
6140,訊達,7,0,7,元富-林園,2024-03-12,5927
2330,台積電,9,2,7,元富-林園,2024-03-12,5927
6227,茂綸,6,0,6,元富-林園,2024-03-12,5927
1815,富喬,12,6,6,元富-林園,2024-03-12,5927
1905,華紙,6,0,6,元富-林園,2024-03-12,5927
2530,華建,6,0,6,元富-林園,2024-03-12,5927
00637L,元大滬深300正2,356,16,340,元富-林園,2024-03-13,5927
00918,大華優利高填息30,205,13,192,元富-林園,2024-03-13,5927
00919,群益台灣精選高息,160,7,153,元富-林園,2024-03-13,5927
2845,遠東銀,151,3,148,元富-林園,2024-03-13,5927
3231,緯創,99,21,78,元富-林園,2024-03-13,5927
2014,中鴻,78,3,75,元富-林園,2024-03-13,5927
6026,福邦證,50,5,45,元富-林園,2024-03-13,5927
00937B,群益ESG投等債20,67,29,38,元富-林園,2024-03-13,5927
2337,旺宏,35,0,35,元富-林園,2024-03-13,5927
2892,第一金,37,6,31,元富-林園,2024-03-13,5927
00907,永豐優息存股,30,0,30,元富-林園,2024-03-13,5927
5488,松普,30,0,30,元富-林園,2024-03-13,5927
1326,台化,30,2,28,元富-林園,2024-03-13,5927
2888,新光金,31,5,26,元富-林園,2024-03-13,5927
3312,弘憶股,25,0,25,元富-林園,2024-03-13,5927
4938,和碩,29,5,24,元富-林園,2024-03-13,5927
6168,宏齊,23,0,23,元富-林園,2024-03-13,5927
00687B,國泰20年美債,31,8,23,元富-林園,2024-03-13,5927
00891,中信關鍵半導體,22,0,22,元富-林園,2024-03-13,5927
2618,長榮航,27,6,21,元富-林園,2024-03-13,5927
2516,新建,21,0,21,元富-林園,2024-03-13,5927
2421,建準,29,9,20,元富-林園,2024-03-13,5927
2258,鴻華先進-創,20,0,20,元富-林園,2024-03-13,5927
3325,旭品,21,1,20,元富-林園,2024-03-13,5927
3372,典範,20,0,20,元富-林園,2024-03-13,5927
8926,台汽電,29,10,19,元富-林園,2024-03-13,5927
2365,昆盈,60,42,18,元富-林園,2024-03-13,5927
3049,精金,18,0,18,元富-林園,2024-03-13,5927
3711,日月光投控,18,0,18,元富-林園,2024-03-13,5927
2731,雄獅,17,0,17,元富-林園,2024-03-13,5927
2329,華泰,32,16,16,元富-林園,2024-03-13,5927
3036,文曄,18,2,16,元富-林園,2024-03-13,5927
1785,光洋科,17,1,16,元富-林園,2024-03-13,5927
6217,中探針,16,0,16,元富-林園,2024-03-13,5927
00931B,統一美債20年,15,0,15,元富-林園,2024-03-13,5927
5608,四維航,15,0,15,元富-林園,2024-03-13,5927
8011,台通,32,17,15,元富-林園,2024-03-13,5927
5498,凱崴,15,1,14,元富-林園,2024-03-13,5927
2408,南亞科,14,0,14,元富-林園,2024-03-13,5927
2376,技嘉,15,1,14,元富-林園,2024-03-13,5927
00751B,元大AAA至A公司債,14,0,14,元富-林園,2024-03-13,5927
5515,建國,13,0,13,元富-林園,2024-03-13,5927
8112,至上,15,2,13,元富-林園,2024-03-13,5927
4960,誠美材,12,0,12,元富-林園,2024-03-13,5927
2476,鉅祥,12,0,12,元富-林園,2024-03-13,5927
6649,台生材,12,0,12,元富-林園,2024-03-13,5927
2328,廣宇,21,10,11,元富-林園,2024-03-13,5927
2543,皇昌,11,0,11,元富-林園,2024-03-13,5927
3013,晟銘電,12,1,11,元富-林園,2024-03-13,5927
3564,其陽,11,0,11,元富-林園,2024-03-13,5927
00637L,元大滬深300正2,481,200,281,元富-林園,2024-03-14,5927
00919,群益台灣精選高息,194,90,104,元富-林園,2024-03-14,5927
2618,長榮航,91,23,68,元富-林園,2024-03-14,5927
3490,單井,59,0,59,元富-林園,2024-03-14,5927
2887,台新金,58,4,54,元富-林園,2024-03-14,5927
00937B,群益ESG投等債20,53,2,51,元富-林園,2024-03-14,5927
00918,大華優利高填息30,62,11,51,元富-林園,2024-03-14,5927
2354,鴻準,54,4,50,元富-林園,2024-03-14,5927
2303,聯電,46,3,43,元富-林園,2024-03-14,5927
2883B,凱基金乙特,40,0,40,元富-林園,2024-03-14,5927
00857B,永豐20年美公債,33,0,33,元富-林園,2024-03-14,5927
2020,美亞,30,0,30,元富-林園,2024-03-14,5927
2850,新產,23,0,23,元富-林園,2024-03-14,5927
2883,凱基金,67,45,22,元富-林園,2024-03-14,5927
3017,奇鋐,25,5,20,元富-林園,2024-03-14,5927
00687B,國泰20年美債,20,0,20,元富-林園,2024-03-14,5927
1445,大宇,20,0,20,元富-林園,2024-03-14,5927
1514,亞力,26,6,20,元富-林園,2024-03-14,5927
2527,宏璟,20,0,20,元富-林園,2024-03-14,5927
3706,神達,24,5,19,元富-林園,2024-03-14,5927
00915,凱基優選高股息30,35,16,19,元富-林園,2024-03-14,5927
5443,均豪,18,0,18,元富-林園,2024-03-14,5927
2886,兆豐金,18,0,18,元富-林園,2024-03-14,5927
5488,松普,18,0,18,元富-林園,2024-03-14,5927
1504,東元,40,23,17,元富-林園,2024-03-14,5927
2889,國票金,66,49,17,元富-林園,2024-03-14,5927
6125,廣運,23,7,16,元富-林園,2024-03-14,5927
1605,華新,23,7,16,元富-林園,2024-03-14,5927
6425,易發,18,2,16,元富-林園,2024-03-14,5927
1609,大亞,94,79,15,元富-林園,2024-03-14,5927
2033,佳大,15,0,15,元富-林園,2024-03-14,5927
2441,超豐,15,0,15,元富-林園,2024-03-14,5927
3312,弘憶股,18,3,15,元富-林園,2024-03-14,5927
2353,宏��,15,0,15,元富-林園,2024-03-14,5927
2365,昆盈,14,0,14,元富-林園,2024-03-14,5927
2515,中工,14,0,14,元富-林園,2024-03-14,5927
6491,晶碩,15,1,14,元富-林園,2024-03-14,5927
6139,亞翔,14,1,13,元富-林園,2024-03-14,5927
3548,兆利,29,16,13,元富-林園,2024-03-14,5927
3711,日月光投控,19,6,13,元富-林園,2024-03-14,5927
3013,晟銘電,12,0,12,元富-林園,2024-03-14,5927
2363,矽統,13,2,11,元富-林園,2024-03-14,5927
00931B,統一美債20年,11,0,11,元富-林園,2024-03-14,5927
1313,聯成,11,0,11,元富-林園,2024-03-14,5927
5425,台半,11,0,11,元富-林園,2024-03-14,5927
00936,台新永續高息中小,10,0,10,元富-林園,2024-03-14,5927
00850,元大臺灣ESG永續,10,0,10,元富-林園,2024-03-14,5927
00673R,期元大S＆P原油反1,10,0,10,元富-林園,2024-03-14,5927
2258,鴻華先進-創,10,0,10,元富-林園,2024-03-14,5927
2897,王道銀行,10,0,10,元富-林園,2024-03-14,5927
00637L,元大滬深300正2,340,141,199,元富-林園,2024-03-15,5927
2002,中鋼,100,1,99,元富-林園,2024-03-15,5927
00937B,群益ESG投等債20,92,0,92,元富-林園,2024-03-15,5927
00919,群益台灣精選高息,123,42,81,元富-林園,2024-03-15,5927
2495,普安,53,0,53,元富-林園,2024-03-15,5927
2323,中環,63,11,52,元富-林園,2024-03-15,5927
6026,福邦證,108,60,48,元富-林園,2024-03-15,5927
2542,興富發,44,1,43,元富-林園,2024-03-15,5927
2610,華航,43,0,43,元富-林園,2024-03-15,5927
00687B,國泰20年美債,42,0,42,元富-林園,2024-03-15,5927
5864,致和證,42,0,42,元富-林園,2024-03-15,5927
6016,康和證,40,0,40,元富-林園,2024-03-15,5927
1326,台化,40,0,40,元富-林園,2024-03-15,5927
2888,新光金,36,0,36,元富-林園,2024-03-15,5927
00941,中信上游半導體,110,76,34,元富-林園,2024-03-15,5927
6116,彩晶,33,0,33,元富-林園,2024-03-15,5927
2330,台積電,33,0,33,元富-林園,2024-03-15,5927
4532,瑞智,30,0,30,元富-林園,2024-03-15,5927
2867,三商壽,30,1,29,元富-林園,2024-03-15,5927
2883,凱基金,33,8,25,元富-林園,2024-03-15,5927
2022,聚亨,23,0,23,元富-林園,2024-03-15,5927
3689,湧德,23,0,23,元富-林園,2024-03-15,5927
00673R,期元大S＆P原油反1,22,0,22,元富-林園,2024-03-15,5927
2834,臺企銀,63,42,21,元富-林園,2024-03-15,5927
2308,台達電,23,2,21,元富-林園,2024-03-15,5927
00680L,元大美債20正2,21,0,21,元富-林園,2024-03-15,5927
6128,上福,22,1,21,元富-林園,2024-03-15,5927
6153,嘉聯益,20,0,20,元富-林園,2024-03-15,5927
2609,陽明,24,6,18,元富-林園,2024-03-15,5927
00679B,元大美債20年,17,0,17,元富-林園,2024-03-15,5927
00918,大華優利高填息30,17,0,17,元富-林園,2024-03-15,5927
00915,凱基優選高股息30,17,0,17,元富-林園,2024-03-15,5927
2516,新建,18,2,16,元富-林園,2024-03-15,5927
3047,訊舟,16,0,16,元富-林園,2024-03-15,5927
6182,合晶,15,0,15,元富-林園,2024-03-15,5927
2365,昆盈,25,10,15,元富-林園,2024-03-15,5927
4113,聯上,15,0,15,元富-林園,2024-03-15,5927
5465,富驊,15,0,15,元富-林園,2024-03-15,5927
1316,上曜,14,1,13,元富-林園,2024-03-15,5927
3490,單井,13,0,13,元富-林園,2024-03-15,5927
6442,光聖,16,3,13,元富-林園,2024-03-15,5927
2409,友達,18,5,13,元富-林園,2024-03-15,5927
3013,晟銘電,12,0,12,元富-林園,2024-03-15,5927
2543,皇昌,11,0,11,元富-林園,2024-03-15,5927
3005,神基,17,6,11,元富-林園,2024-03-15,5927
1101,台泥,10,0,10,元富-林園,2024-03-15,5927
1532,勤美,10,0,10,元富-林園,2024-03-15,5927
1708,東鹼,10,0,10,元富-林園,2024-03-15,5927
2208,台船,10,0,10,元富-林園,2024-03-15,5927
2615,萬海,13,3,10,元富-林園,2024-03-15,5927
00673R,期元大S＆P原油反1,150,0,150,元富-林園,2024-03-18,5927
00941,中信上游半導體,129,3,126,元富-林園,2024-03-18,5927
2002,中鋼,115,5,110,元富-林園,2024-03-18,5927
6116,彩晶,69,0,69,元富-林園,2024-03-18,5927
6026,福邦證,58,3,55,元富-林園,2024-03-18,5927
00937B,群益ESG投等債20,50,6,44,元富-林園,2024-03-18,5927
00878,國泰永續高股息,56,15,41,元富-林園,2024-03-18,5927
6125,廣運,60,20,40,元富-林園,2024-03-18,5927
2302,麗正,39,0,39,元富-林園,2024-03-18,5927
2609,陽明,81,42,39,元富-林園,2024-03-18,5927
2303,聯電,41,5,36,元富-林園,2024-03-18,5927
5864,致和證,36,0,36,元富-林園,2024-03-18,5927
1457,宜進,31,0,31,元富-林園,2024-03-18,5927
8011,台通,34,4,30,元富-林園,2024-03-18,5927
6770,力積電,36,6,30,元富-林園,2024-03-18,5927
911868,同方友友-DR,27,0,27,元富-林園,2024-03-18,5927
00931B,統一美債20年,25,0,25,元富-林園,2024-03-18,5927
2891,中信金,27,2,25,元富-林園,2024-03-18,5927
00687B,國泰20年美債,23,0,23,元富-林園,2024-03-18,5927
00680L,元大美債20正2,20,0,20,元富-林園,2024-03-18,5927
1584,精剛,20,0,20,元富-林園,2024-03-18,5927
2353,宏��,20,0,20,元富-林園,2024-03-18,5927
2542,興富發,20,0,20,元富-林園,2024-03-18,5927
3033,威健,20,0,20,元富-林園,2024-03-18,5927
2486,一詮,64,45,19,元富-林園,2024-03-18,5927
2363,矽統,31,12,19,元富-林園,2024-03-18,5927
2312,金寶,16,0,16,元富-林園,2024-03-18,5927
6219,富旺,16,0,16,元富-林園,2024-03-18,5927
00751B,元大AAA至A公司債,15,0,15,元富-林園,2024-03-18,5927
1605,華新,15,2,13,元富-林園,2024-03-18,5927
2610,華航,19,6,13,元富-林園,2024-03-18,5927
2731,雄獅,15,2,13,元富-林園,2024-03-18,5927
2603,長榮,13,1,12,元富-林園,2024-03-18,5927
00679B,元大美債20年,11,0,11,元富-林園,2024-03-18,5927
3481,群創,13,2,11,元富-林園,2024-03-18,5927
8215,明基材,11,0,11,元富-林園,2024-03-18,5927
8936,國統,42,31,11,元富-林園,2024-03-18,5927
00650L,復華香港正2,70,60,10,元富-林園,2024-03-18,5927
1313,聯成,10,0,10,元富-林園,2024-03-18,5927
2007,燁興,10,0,10,元富-林園,2024-03-18,5927
2605,新興,10,0,10,元富-林園,2024-03-18,5927
4906,正文,11,1,10,元富-林園,2024-03-18,5927
4960,誠美材,10,0,10,元富-林園,2024-03-18,5927
9105,泰金寶-DR,10,0,10,元富-林園,2024-03-18,5927
00915,凱基優選高股息30,10,0,10,元富-林園,2024-03-18,5927
00857B,永豐20年美公債,9,0,9,元富-林園,2024-03-18,5927
2916,滿心,9,0,9,元富-林園,2024-03-18,5927
3052,夆典,9,0,9,元富-林園,2024-03-18,5927
3062,建漢,10,1,9,元富-林園,2024-03-18,5927
3231,緯創,38,30,8,元富-林園,2024-03-18,5927
2323,中環,145,30,115,元富-林園,2024-03-19,5927
5443,均豪,86,24,62,元富-林園,2024-03-19,5927
00915,凱基優選高股息30,60,3,57,元富-林園,2024-03-19,5927
2542,興富發,50,0,50,元富-林園,2024-03-19,5927
2002,中鋼,42,0,42,元富-林園,2024-03-19,5927
2353,宏��,55,13,42,元富-林園,2024-03-19,5927
1616,億泰,41,0,41,元富-林園,2024-03-19,5927
6125,廣運,42,6,36,元富-林園,2024-03-19,5927
00687B,國泰20年美債,37,2,35,元富-林園,2024-03-19,5927
00680L,元大美債20正2,34,0,34,元富-林園,2024-03-19,5927
00673R,期元大S＆P原油反1,28,0,28,元富-林園,2024-03-19,5927
1101,台泥,25,0,25,元富-林園,2024-03-19,5927
2409,友達,28,4,24,元富-林園,2024-03-19,5927
5515,建國,21,0,21,元富-林園,2024-03-19,5927
1313,聯成,20,0,20,元富-林園,2024-03-19,5927
2105,正新,21,2,19,元富-林園,2024-03-19,5927
6282,康舒,24,5,19,元富-林園,2024-03-19,5927
2329,華泰,55,37,18,元富-林園,2024-03-19,5927
2912,統一超,18,0,18,元富-林園,2024-03-19,5927
3372,典範,29,11,18,元富-林園,2024-03-19,5927
2408,南亞科,17,0,17,元富-林園,2024-03-19,5927
2489,瑞軒,22,5,17,元富-林園,2024-03-19,5927
00919,群益台灣精選高息,50,33,17,元富-林園,2024-03-19,5927
3576,聯合再生,15,0,15,元富-林園,2024-03-19,5927
2340,台亞,14,0,14,元富-林園,2024-03-19,5927
6116,彩晶,17,3,14,元富-林園,2024-03-19,5927
00679B,元大美債20年,13,0,13,元富-林園,2024-03-19,5927
1216,統一,15,2,13,元富-林園,2024-03-19,5927
00941,中信上游半導體,12,0,12,元富-林園,2024-03-19,5927
3711,日月光投控,12,0,12,元富-林園,2024-03-19,5927
00688L,國泰20年美債正2,11,0,11,元富-林園,2024-03-19,5927
1522,堤維西,13,2,11,元富-林園,2024-03-19,5927
8046,南電,13,2,11,元富-林園,2024-03-19,5927
00712,復華富時不動產,10,0,10,元富-林園,2024-03-19,5927
2038,海光,10,0,10,元富-林園,2024-03-19,5927
2883B,凱基金乙特,10,0,10,元富-林園,2024-03-19,5927
8299,群聯,10,1,9,元富-林園,2024-03-19,5927
1301,台塑,9,0,9,元富-林園,2024-03-19,5927
2464,盟立,12,3,9,元富-林園,2024-03-19,5927
1303,南亞,8,0,8,元富-林園,2024-03-19,5927
1612,宏泰,10,2,8,元富-林園,2024-03-19,5927
1725,元禎,9,1,8,元富-林園,2024-03-19,5927
2845,遠東銀,8,0,8,元富-林園,2024-03-19,5927
8277,商丞,8,0,8,元富-林園,2024-03-19,5927
2457,飛宏,7,0,7,元富-林園,2024-03-19,5927
00931B,統一美債20年,7,0,7,元富-林園,2024-03-19,5927
2363,矽統,7,0,7,元富-林園,2024-03-19,5927
2371,大同,11,4,7,元富-林園,2024-03-19,5927
3338,泰碩,8,1,7,元富-林園,2024-03-19,5927
3564,其陽,7,0,7,元富-林園,2024-03-19,5927
00939,統一台灣高息動能,520,231,289,元富-林園,2024-03-20,5927
2313,華通,192,17,175,元富-林園,2024-03-20,5927
2303,聯電,160,20,140,元富-林園,2024-03-20,5927
2002,中鋼,111,0,111,元富-林園,2024-03-20,5927
00919,群益台灣精選高息,128,22,106,元富-林園,2024-03-20,5927
00632R,元大台灣50反1,620,553,67,元富-林園,2024-03-20,5927
1815,富喬,66,0,66,元富-林園,2024-03-20,5927
2387,精元,51,2,49,元富-林園,2024-03-20,5927
2356,英業達,62,18,44,元富-林園,2024-03-20,5927
00673R,期元大S＆P原油反1,30,0,30,元富-林園,2024-03-20,5927
3372,典範,30,0,30,元富-林園,2024-03-20,5927
2610,華航,27,0,27,元富-林園,2024-03-20,5927
2367,燿華,53,27,26,元富-林園,2024-03-20,5927
5880,合庫金,26,0,26,元富-林園,2024-03-20,5927
2834,臺企銀,26,1,25,元富-林園,2024-03-20,5927
00937B,群益ESG投等債20,29,6,23,元富-林園,2024-03-20,5927
1409,新纖,23,0,23,元富-林園,2024-03-20,5927
2883,凱基金,22,1,21,元富-林園,2024-03-20,5927
00680L,元大美債20正2,20,0,20,元富-林園,2024-03-20,5927
1459,聯發,20,0,20,元富-林園,2024-03-20,5927
2352,佳世達,21,2,19,元富-林園,2024-03-20,5927
1314,中石化,20,2,18,元富-林園,2024-03-20,5927
1301,台塑,18,1,17,元富-林園,2024-03-20,5927
2344,華邦電,23,6,17,元富-林園,2024-03-20,5927
2363,矽統,19,2,17,元富-林園,2024-03-20,5927
2618,長榮航,16,0,16,元富-林園,2024-03-20,5927
3209,全科,20,5,15,元富-林園,2024-03-20,5927
5201,凱衛,15,0,15,元富-林園,2024-03-20,5927
8374,羅昇,15,0,15,元富-林園,2024-03-20,5927
2408,南亞科,14,1,13,元富-林園,2024-03-20,5927
00891,中信關鍵半導體,16,3,13,元富-林園,2024-03-20,5927
00679B,元大美債20年,13,0,13,元富-林園,2024-03-20,5927
1609,大亞,17,4,13,元富-林園,2024-03-20,5927
1710,東聯,20,7,13,元富-林園,2024-03-20,5927
3231,緯創,34,21,13,元富-林園,2024-03-20,5927
2382,廣達,17,5,12,元富-林園,2024-03-20,5927
00941,中信上游半導體,12,0,12,元富-林園,2024-03-20,5927
1709,和益,12,0,12,元富-林園,2024-03-20,5927
6215,和椿,21,9,12,元富-林園,2024-03-20,5927
1445,大宇,11,0,11,元富-林園,2024-03-20,5927
2332,友訊,11,0,11,元富-林園,2024-03-20,5927
2449,京元電子,12,1,11,元富-林園,2024-03-20,5927
6026,福邦證,11,0,11,元富-林園,2024-03-20,5927
2603,長榮,21,11,10,元富-林園,2024-03-20,5927
1708,東鹼,10,0,10,元富-林園,2024-03-20,5927
4960,誠美材,10,0,10,元富-林園,2024-03-20,5927
2369,菱生,10,0,10,元富-林園,2024-03-20,5927
2812,台中銀,12,2,10,元富-林園,2024-03-20,5927
1718,中纖,10,0,10,元富-林園,2024-03-20,5927
1721,三晃,10,0,10,元富-林園,2024-03-20,5927
00933B,國泰10Y+金融債,125,0,125,元富-林園,2024-03-21,5927
00688L,國泰20年美債正2,120,0,120,元富-林園,2024-03-21,5927
00939,統一台灣高息動能,207,123,84,元富-林園,2024-03-21,5927
00936,台新永續高息中小,80,0,80,元富-林園,2024-03-21,5927
1101,台泥,88,9,79,元富-林園,2024-03-21,5927
00919,群益台灣精選高息,83,42,41,元富-林園,2024-03-21,5927
2867,三商壽,40,0,40,元富-林園,2024-03-21,5927
3363,上詮,42,2,40,元富-林園,2024-03-21,5927
6269,台郡,47,11,36,元富-林園,2024-03-21,5927
9907,統一實,31,0,31,元富-林園,2024-03-21,5927
00937B,群益ESG投等債20,30,0,30,元富-林園,2024-03-21,5927
8112,至上,38,9,29,元富-林園,2024-03-21,5927
2886,兆豐金,30,2,28,元富-林園,2024-03-21,5927
3005,神基,51,23,28,元富-林園,2024-03-21,5927
00900,富邦特選高股息30,33,7,26,元富-林園,2024-03-21,5927
5519,隆大,25,0,25,元富-林園,2024-03-21,5927
6191,精成科,25,2,23,元富-林園,2024-03-21,5927
2332,友訊,22,0,22,元富-林園,2024-03-21,5927
00650L,復華香港正2,40,20,20,元富-林園,2024-03-21,5927
2301,光寶科,24,5,19,元富-林園,2024-03-21,5927
00679B,元大美債20年,19,0,19,元富-林園,2024-03-21,5927
2367,燿華,48,31,17,元富-林園,2024-03-21,5927
3052,夆典,17,0,17,元富-林園,2024-03-21,5927
2369,菱生,25,9,16,元富-林園,2024-03-21,5927
2371,大同,36,20,16,元富-林園,2024-03-21,5927
00680L,元大美債20正2,15,0,15,元富-林園,2024-03-21,5927
3498,陽程,15,0,15,元富-林園,2024-03-21,5927
5488,松普,15,0,15,元富-林園,2024-03-21,5927
2405,輔信,16,3,13,元富-林園,2024-03-21,5927
5469,瀚宇博,36,23,13,元富-林園,2024-03-21,5927
2374,佳能,16,4,12,元富-林園,2024-03-21,5927
4583,台灣精銳,13,1,12,元富-林園,2024-03-21,5927
6227,茂綸,12,0,12,元富-林園,2024-03-21,5927
2385,群光,14,3,11,元富-林園,2024-03-21,5927
00712,復華富時不動產,10,0,10,元富-林園,2024-03-21,5927
2337,旺宏,13,3,10,元富-林園,2024-03-21,5927
2427,三商電,10,0,10,元富-林園,2024-03-21,5927
2617,台航,10,0,10,元富-林園,2024-03-21,5927
4513,福裕,10,0,10,元富-林園,2024-03-21,5927
4554,橙的,10,0,10,元富-林園,2024-03-21,5927
4533,協易機,9,0,9,元富-林園,2024-03-21,5927
1218,泰山,19,10,9,元富-林園,2024-03-21,5927
3322,建舜電,23,14,9,元富-林園,2024-03-21,5927
3576,聯合再生,14,5,9,元富-林園,2024-03-21,5927
6176,瑞儀,20,11,9,元富-林園,2024-03-21,5927
3042,晶技,11,2,9,元富-林園,2024-03-21,5927
00687B,國泰20年美債,9,1,8,元富-林園,2024-03-21,5927
1513,中興電,26,19,7,元富-林園,2024-03-21,5927
2609,陽明,10,4,6,元富-林園,2024-03-21,5927
00931B,統一美債20年,6,0,6,元富-林園,2024-03-21,5927
00637L,元大滬深300正2,890,50,840,元富-林園,2024-03-22,5927
00939,統一台灣高息動能,158,60,98,元富-林園,2024-03-22,5927
00919,群益台灣精選高息,122,32,90,元富-林園,2024-03-22,5927
00937B,群益ESG投等債20,66,10,56,元富-林園,2024-03-22,5927
1217,愛之味,45,0,45,元富-林園,2024-03-22,5927
2618,長榮航,51,7,44,元富-林園,2024-03-22,5927
00878,國泰永續高股息,52,12,40,元富-林園,2024-03-22,5927
00687B,國泰20年美債,41,5,36,元富-林園,2024-03-22,5927
2301,光寶科,38,11,27,元富-林園,2024-03-22,5927
1504,東元,34,7,27,元富-林園,2024-03-22,5927
5488,松普,26,0,26,元富-林園,2024-03-22,5927
2303,聯電,29,4,25,元富-林園,2024-03-22,5927
1229,聯華,25,1,24,元富-林園,2024-03-22,5927
2387,精元,23,0,23,元富-林園,2024-03-22,5927
0056,元大高股息,31,9,22,元富-林園,2024-03-22,5927
00688L,國泰20年美債正2,20,0,20,元富-林園,2024-03-22,5927
1605,華新,44,25,19,元富-林園,2024-03-22,5927
4938,和碩,20,2,18,元富-林園,2024-03-22,5927
2538,基泰,18,0,18,元富-林園,2024-03-22,5927
2317,鴻海,68,51,17,元富-林園,2024-03-22,5927
1316,上曜,21,4,17,元富-林園,2024-03-22,5927
2376,技嘉,21,4,17,元富-林園,2024-03-22,5927
2354,鴻準,19,4,15,元富-林園,2024-03-22,5927
2353,宏��,48,34,14,元富-林園,2024-03-22,5927
3078,僑威,14,0,14,元富-林園,2024-03-22,5927
6016,康和證,15,1,14,元富-林園,2024-03-22,5927
1101,台泥,19,6,13,元富-林園,2024-03-22,5927
00941,中信上游半導體,18,5,13,元富-林園,2024-03-22,5927
3706,神達,35,22,13,元富-林園,2024-03-22,5927
4123,晟德,12,0,12,元富-林園,2024-03-22,5927
6770,力積電,12,0,12,元富-林園,2024-03-22,5927
3005,神基,18,6,12,元富-林園,2024-03-22,5927
2834,臺企銀,22,10,12,元富-林園,2024-03-22,5927
3264,欣銓,14,3,11,元富-林園,2024-03-22,5927
3576,聯合再生,13,2,11,元富-林園,2024-03-22,5927
5498,凱崴,11,0,11,元富-林園,2024-03-22,5927
6257,矽格,10,0,10,元富-林園,2024-03-22,5927
00772B,中信高評級公司債,10,0,10,元富-林園,2024-03-22,5927
2605,新興,11,1,10,元富-林園,2024-03-22,5927
2630,亞航,11,1,10,元富-林園,2024-03-22,5927
3022,威強電,10,0,10,元富-林園,2024-03-22,5927
3041,揚智,25,15,10,元富-林園,2024-03-22,5927
8201,無敵,10,0,10,元富-林園,2024-03-22,5927
9945,潤泰新,10,0,10,元富-林園,2024-03-22,5927
3707,漢磊,9,0,9,元富-林園,2024-03-22,5927
1310,台苯,8,0,8,元富-林園,2024-03-22,5927
2006,東和鋼鐵,8,0,8,元富-林園,2024-03-22,5927
2613,中櫃,8,0,8,元富-林園,2024-03-22,5927
2634,漢翔,8,0,8,元富-林園,2024-03-22,5927
3052,夆典,8,0,8,元富-林園,2024-03-22,5927
3163,波若威,135,5,130,元富-林園,2024-03-25,5927
2356,英業達,122,11,111,元富-林園,2024-03-25,5927
00939,統一台灣高息動能,126,26,100,元富-林園,2024-03-25,5927
4127,天良,87,0,87,元富-林園,2024-03-25,5927
00688L,國泰20年美債正2,65,0,65,元富-林園,2024-03-25,5927
00937B,群益ESG投等債20,57,1,56,元富-林園,2024-03-25,5927
00941,中信上游半導體,107,56,51,元富-林園,2024-03-25,5927
1618,合機,49,12,37,元富-林園,2024-03-25,5927
5439,高技,39,3,36,元富-林園,2024-03-25,5927
5488,松普,30,0,30,元富-林園,2024-03-25,5927
2367,燿華,39,10,29,元富-林園,2024-03-25,5927
1218,泰山,24,0,24,元富-林園,2024-03-25,5927
2376,技嘉,29,9,20,元富-林園,2024-03-25,5927
00891,中信關鍵半導體,20,0,20,元富-林園,2024-03-25,5927
2359,所羅門,18,0,18,元富-林園,2024-03-25,5927
1612,宏泰,18,1,17,元富-林園,2024-03-25,5927
3013,晟銘電,16,0,16,元富-林園,2024-03-25,5927
6414,樺漢,20,4,16,元富-林園,2024-03-25,5927
00919,群益台灣精選高息,81,66,15,元富-林園,2024-03-25,5927
2498,宏達電,30,15,15,元富-林園,2024-03-25,5927
4938,和碩,14,0,14,元富-林園,2024-03-25,5927
2301,光寶科,22,8,14,元富-林園,2024-03-25,5927
1710,東聯,19,5,14,元富-林園,2024-03-25,5927
2353,宏��,53,39,14,元富-林園,2024-03-25,5927
2834,臺企銀,13,0,13,元富-林園,2024-03-25,5927
2888,新光金,16,4,12,元富-林園,2024-03-25,5927
3041,揚智,21,10,11,元富-林園,2024-03-25,5927
5880,合庫金,11,0,11,元富-林園,2024-03-25,5927
00751B,元大AAA至A公司債,11,0,11,元富-林園,2024-03-25,5927
2385,群光,10,0,10,元富-林園,2024-03-25,5927
1460,宏遠,10,0,10,元富-林園,2024-03-25,5927
2630,亞航,10,0,10,元富-林園,2024-03-25,5927
6016,康和證,10,0,10,元富-林園,2024-03-25,5927
6026,福邦證,10,0,10,元富-林園,2024-03-25,5927
2308,台達電,14,4,10,元富-林園,2024-03-25,5927
2449,京元電子,12,3,9,元富-林園,2024-03-25,5927
8033,雷虎,13,4,9,元富-林園,2024-03-25,5927
00687B,國泰20年美債,9,1,8,元富-林園,2024-03-25,5927
1605,華新,30,22,8,元富-林園,2024-03-25,5927
00679B,元大美債20年,13,5,8,元富-林園,2024-03-25,5927
3438,類比科,8,0,8,元富-林園,2024-03-25,5927
6244,茂迪,23,15,8,元富-林園,2024-03-25,5927
6282,康舒,8,0,8,元富-林園,2024-03-25,5927
2634,漢翔,13,6,7,元富-林園,2024-03-25,5927
3706,神達,29,22,7,元富-林園,2024-03-25,5927
1409,新纖,7,0,7,元富-林園,2024-03-25,5927
1806,冠軍,7,0,7,元富-林園,2024-03-25,5927
6015,宏遠證,7,0,7,元富-林園,2024-03-25,5927
6191,精成科,7,0,7,元富-林園,2024-03-25,5927
3264,欣銓,6,0,6,元富-林園,2024-03-25,5927
2887,台新金,162,5,157,元富-林園,2024-03-26,5927
00939,統一台灣高息動能,174,42,132,元富-林園,2024-03-26,5927
3045,台灣大,100,0,100,元富-林園,2024-03-26,5927
00632R,元大台灣50反1,627,533,94,元富-林園,2024-03-26,5927
00929,復華台灣科技優息,118,25,93,元富-林園,2024-03-26,5927
4127,天良,87,0,87,元富-林園,2024-03-26,5927
00937B,群益ESG投等債20,97,18,79,元富-林園,2024-03-26,5927
2303,聯電,89,25,64,元富-林園,2024-03-26,5927
1504,東元,90,31,59,元富-林園,2024-03-26,5927
2356,英業達,93,38,55,元富-林園,2024-03-26,5927
3303,岱稜,52,0,52,元富-林園,2024-03-26,5927
00919,群益台灣精選高息,68,28,40,元富-林園,2024-03-26,5927
9105,泰金寶-DR,38,0,38,元富-林園,2024-03-26,5927
3231,緯創,65,28,37,元富-林園,2024-03-26,5927
1308,亞聚,32,0,32,元富-林園,2024-03-26,5927
2388,威盛,43,13,30,元富-林園,2024-03-26,5927
6770,力積電,35,5,30,元富-林園,2024-03-26,5927
2371,大同,111,82,29,元富-林園,2024-03-26,5927
3481,群創,28,2,26,元富-林園,2024-03-26,5927
3380,明泰,26,1,25,元富-林園,2024-03-26,5927
00941,中信上游半導體,51,26,25,元富-林園,2024-03-26,5927
1101,台泥,26,2,24,元富-林園,2024-03-26,5927
2610,華航,23,0,23,元富-林園,2024-03-26,5927
2340,台亞,32,10,22,元富-林園,2024-03-26,5927
2834,臺企銀,27,5,22,元富-林園,2024-03-26,5927
2316,楠梓電,21,0,21,元富-林園,2024-03-26,5927
2605,新興,22,1,21,元富-林園,2024-03-26,5927
00679B,元大美債20年,21,3,18,元富-林園,2024-03-26,5927
6505,台塑化,22,5,17,元富-林園,2024-03-26,5927
00931B,統一美債20年,16,0,16,元富-林園,2024-03-26,5927
6290,良維,40,24,16,元富-林園,2024-03-26,5927
1314,中石化,15,0,15,元富-林園,2024-03-26,5927
6163,華電網,22,7,15,元富-林園,2024-03-26,5927
2376,技嘉,23,9,14,元富-林園,2024-03-26,5927
2425,承啟,34,20,14,元富-林園,2024-03-26,5927
3490,單井,14,0,14,元富-林園,2024-03-26,5927
8996,高力,24,10,14,元富-林園,2024-03-26,5927
00933B,國泰10Y+金融債,15,2,13,元富-林園,2024-03-26,5927
4543,萬在,12,0,12,元富-林園,2024-03-26,5927
3264,欣銓,12,0,12,元富-林園,2024-03-26,5927
1471,首利,11,0,11,元富-林園,2024-03-26,5927
3037,欣興,15,4,11,元富-林園,2024-03-26,5927
3052,夆典,11,0,11,元富-林園,2024-03-26,5927
6215,和椿,21,10,11,元富-林園,2024-03-26,5927
00720B,元大投資級公司債,10,0,10,元富-林園,2024-03-26,5927
00673R,期元大S＆P原油反1,10,0,10,元富-林園,2024-03-26,5927
1326,台化,10,0,10,元富-林園,2024-03-26,5927
2032,新鋼,10,0,10,元富-林園,2024-03-26,5927
2383,台光電,10,0,10,元富-林園,2024-03-26,5927
2387,精元,10,0,10,元富-林園,2024-03-26,5927
4127,天良,159,0,159,元富-林園,2024-03-27,5927
00939,統一台灣高息動能,197,42,155,元富-林園,2024-03-27,5927
1605,華新,123,22,101,元富-林園,2024-03-27,5927
2887,台新金,54,0,54,元富-林園,2024-03-27,5927
6770,力積電,39,0,39,元富-林園,2024-03-27,5927
00650L,復華香港正2,95,58,37,元富-林園,2024-03-27,5927
3013,晟銘電,34,0,34,元富-林園,2024-03-27,5927
1616,億泰,33,5,28,元富-林園,2024-03-27,5927
5347,世界,28,2,26,元富-林園,2024-03-27,5927
2834,臺企銀,26,0,26,元富-林園,2024-03-27,5927
2301,光寶科,27,2,25,元富-林園,2024-03-27,5927
5351,鈺創,27,2,25,元富-林園,2024-03-27,5927
00927,群益半導體收益,23,0,23,元富-林園,2024-03-27,5927
2371,大同,35,13,22,元富-林園,2024-03-27,5927
1618,合機,29,7,22,元富-林園,2024-03-27,5927
00751B,元大AAA至A公司債,17,0,17,元富-林園,2024-03-27,5927
00878,國泰永續高股息,18,1,17,元富-林園,2024-03-27,5927
3034,聯詠,17,0,17,元富-林園,2024-03-27,5927
4513,福裕,17,0,17,元富-林園,2024-03-27,5927
6282,康舒,17,0,17,元富-林園,2024-03-27,5927
2534,宏盛,15,0,15,元富-林園,2024-03-27,5927
2363,矽統,14,0,14,元富-林園,2024-03-27,5927
3218,大學光,14,0,14,元富-林園,2024-03-27,5927
1513,中興電,44,31,13,元富-林園,2024-03-27,5927
00941,中信上游半導體,23,10,13,元富-林園,2024-03-27,5927
00937B,群益ESG投等債20,13,0,13,元富-林園,2024-03-27,5927
1457,宜進,13,0,13,元富-林園,2024-03-27,5927
2408,南亞科,14,1,13,元富-林園,2024-03-27,5927
4526,東台,14,2,12,元富-林園,2024-03-27,5927
2303,聯電,15,4,11,元富-林園,2024-03-27,5927
2485,兆赫,11,0,11,元富-林園,2024-03-27,5927
00712,復華富時不動產,10,0,10,元富-林園,2024-03-27,5927
2449,京元電子,11,1,10,元富-林園,2024-03-27,5927
3322,建舜電,10,0,10,元富-林園,2024-03-27,5927
3325,旭品,11,1,10,元富-林園,2024-03-27,5927
4303,信立,10,0,10,元富-林園,2024-03-27,5927
6438,迅得,10,0,10,元富-林園,2024-03-27,5927
1808,潤隆,29,20,9,元富-林園,2024-03-27,5927
2453,凌群,10,1,9,元富-林園,2024-03-27,5927
2365,昆盈,10,2,8,元富-林園,2024-03-27,5927
6207,雷科,8,0,8,元富-林園,2024-03-27,5927
2388,威盛,8,0,8,元富-林園,2024-03-27,5927
4906,正文,8,0,8,元富-林園,2024-03-27,5927
1504,東元,52,45,7,元富-林園,2024-03-27,5927
2344,華邦電,11,4,7,元富-林園,2024-03-27,5927
2352,佳世達,10,3,7,元富-林園,2024-03-27,5927
2329,華泰,10,4,6,元富-林園,2024-03-27,5927
2838,聯邦銀,6,0,6,元富-林園,2024-03-27,5927
3041,揚智,16,10,6,元富-林園,2024-03-27,5927
6120,達運,6,0,6,元富-林園,2024-03-27,5927
2887,台新金,225,0,225,元富-林園,2024-03-28,5927
00632R,元大台灣50反1,280,156,124,元富-林園,2024-03-28,5927
2883,凱基金,91,0,91,元富-林園,2024-03-28,5927
1609,大亞,73,5,68,元富-林園,2024-03-28,5927
2618,長榮航,65,11,54,元富-林園,2024-03-28,5927
5880,合庫金,43,0,43,元富-林園,2024-03-28,5927
3005,神基,39,5,34,元富-林園,2024-03-28,5927
1316,上曜,41,9,32,元富-林園,2024-03-28,5927
3481,群創,32,0,32,元富-林園,2024-03-28,5927
3045,台灣大,30,0,30,元富-林園,2024-03-28,5927
3706,神達,37,12,25,元富-林園,2024-03-28,5927
6282,康舒,24,0,24,元富-林園,2024-03-28,5927
00706L,期元大S＆P日圓正2,23,0,23,元富-林園,2024-03-28,5927
2301,光寶科,34,12,22,元富-林園,2024-03-28,5927
00919,群益台灣精選高息,53,32,21,元富-林園,2024-03-28,5927
00882,中信中國高股息,37,17,20,元富-林園,2024-03-28,5927
2495,普安,20,0,20,元富-林園,2024-03-28,5927
2356,英業達,47,29,18,元富-林園,2024-03-28,5927
6770,力積電,32,14,18,元富-林園,2024-03-28,5927
2516,新建,17,0,17,元富-林園,2024-03-28,5927
8936,國統,24,7,17,元富-林園,2024-03-28,5927
8033,雷虎,17,1,16,元富-林園,2024-03-28,5927
2330,台積電,17,2,15,元富-林園,2024-03-28,5927
2610,華航,15,0,15,元富-林園,2024-03-28,5927
3062,建漢,97,82,15,元富-林園,2024-03-28,5927
6237,驊訊,15,0,15,元富-林園,2024-03-28,5927
2609,陽明,14,0,14,元富-林園,2024-03-28,5927
3176,基亞,14,0,14,元富-林園,2024-03-28,5927
4303,信立,17,3,14,元富-林園,2024-03-28,5927
3490,單井,13,0,13,元富-林園,2024-03-28,5927
5309,系統電,20,7,13,元富-林園,2024-03-28,5927
00937B,群益ESG投等債20,23,11,12,元富-林園,2024-03-28,5927
1806,冠軍,12,0,12,元富-林園,2024-03-28,5927
8996,高力,16,4,12,元富-林園,2024-03-28,5927
2323,中環,11,0,11,元富-林園,2024-03-28,5927
6290,良維,10,0,10,元富-林園,2024-03-28,5927
6016,康和證,10,0,10,元富-林園,2024-03-28,5927
1210,大成,10,0,10,元富-林園,2024-03-28,5927
00795B,中信美國公債20年,10,0,10,元富-林園,2024-03-28,5927
2258,鴻華先進-創,10,0,10,元富-林園,2024-03-28,5927
2359,所羅門,14,4,10,元富-林園,2024-03-28,5927
4306,炎洲,15,5,10,元富-林園,2024-03-28,5927
4991,環宇-KY,10,0,10,元富-林園,2024-03-28,5927
00712,復華富時不動產,26,16,10,元富-林園,2024-03-28,5927
3701,大眾控,9,0,9,元富-林園,2024-03-28,5927
5388,中磊,11,2,9,元富-林園,2024-03-28,5927
1802,台玻,8,0,8,元富-林園,2024-03-28,5927
2002,中鋼,20,12,8,元富-林園,2024-03-28,5927
6176,瑞儀,10,3,7,元富-林園,2024-03-28,5927
00725B,國泰投資級公司債,7,0,7,元富-林園,2024-03-28,5927
00637L,元大滬深300正2,260,80,180,元富-林園,2024-03-29,5927
4127,天良,50,0,50,元富-林園,2024-03-29,5927
3481,群創,45,2,43,元富-林園,2024-03-29,5927
00939,統一台灣高息動能,59,20,39,元富-林園,2024-03-29,5927
2317,鴻海,62,23,39,元富-林園,2024-03-29,5927
2324,仁寶,40,6,34,元富-林園,2024-03-29,5927
3605,宏致,31,0,31,元富-林園,2024-03-29,5927
2354,鴻準,43,12,31,元富-林園,2024-03-29,5927
2331,精英,31,1,30,元富-林園,2024-03-29,5927
3490,單井,29,0,29,元富-林園,2024-03-29,5927
2313,華通,37,9,28,元富-林園,2024-03-29,5927
2367,燿華,58,30,28,元富-林園,2024-03-29,5927
4953,緯軟,19,0,19,元富-林園,2024-03-29,5927
3013,晟銘電,66,48,18,元富-林園,2024-03-29,5927
1101,台泥,17,0,17,元富-林園,2024-03-29,5927
4770,上品,17,0,17,元富-林園,2024-03-29,5927
6282,康舒,17,0,17,元富-林園,2024-03-29,5927
2436,偉詮電,16,0,16,元富-林園,2024-03-29,5927
5515,建國,15,0,15,元富-林園,2024-03-29,5927
2801,彰銀,15,0,15,元富-林園,2024-03-29,5927
00941,中信上游半導體,13,0,13,元富-林園,2024-03-29,5927
00687B,國泰20年美債,13,0,13,元富-林園,2024-03-29,5927
5439,高技,12,0,12,元富-林園,2024-03-29,5927
6443,元晶,16,5,11,元富-林園,2024-03-29,5927
3005,神基,13,3,10,元富-林園,2024-03-29,5927
2727,王品,10,0,10,元富-林園,2024-03-29,5927
2883B,凱基金乙特,10,0,10,元富-林園,2024-03-29,5927
3062,建漢,39,29,10,元富-林園,2024-03-29,5927
3704,合勤控,11,1,10,元富-林園,2024-03-29,5927
4934,太極,10,0,10,元富-林園,2024-03-29,5927
6753,龍德造船,10,0,10,元富-林園,2024-03-29,5927
2328,廣宇,11,2,9,元富-林園,2024-03-29,5927
2402,毅嘉,12,3,9,元富-林園,2024-03-29,5927
5443,均豪,10,1,9,元富-林園,2024-03-29,5927
4938,和碩,14,5,9,元富-林園,2024-03-29,5927
1314,中石化,8,0,8,元富-林園,2024-03-29,5927
00830,國泰費城半導體,8,0,8,元富-林園,2024-03-29,5927
00915,凱基優選高股息30,8,0,8,元富-林園,2024-03-29,5927
1589,永冠-KY,9,1,8,元富-林園,2024-03-29,5927
6227,茂綸,8,0,8,元富-林園,2024-03-29,5927
2890,永豐金,7,0,7,元富-林園,2024-03-29,5927
2358,廷鑫,7,0,7,元富-林園,2024-03-29,5927
2809,京城銀,7,0,7,元富-林園,2024-03-29,5927
3035,智原,9,2,7,元富-林園,2024-03-29,5927
2834,臺企銀,24,17,7,元富-林園,2024-03-29,5927
1444,力麗,6,0,6,元富-林園,2024-03-29,5927
2340,台亞,6,0,6,元富-林園,2024-03-29,5927
4906,正文,6,0,6,元富-林園,2024-03-29,5927
6109,亞元,6,0,6,元富-林園,2024-03-29,5927
6578,達邦蛋白,6,0,6,元富-林園,2024-03-29,5927
00940,元大台灣價值高息,857,62,795,元富-林園,2024-04-01,5927
2883,凱基金,102,5,97,元富-林園,2024-04-01,5927
00919,群益台灣精選高息,84,11,73,元富-林園,2024-04-01,5927
9907,統一實,67,0,67,元富-林園,2024-04-01,5927
1504,東元,79,20,59,元富-林園,2024-04-01,5927
3312,弘憶股,53,0,53,元富-林園,2024-04-01,5927
00673R,期元大S＆P原油反1,50,0,50,元富-林園,2024-04-01,5927
2887,台新金,55,10,45,元富-林園,2024-04-01,5927
2547,日勝生,50,5,45,元富-林園,2024-04-01,5927
3013,晟銘電,57,15,42,元富-林園,2024-04-01,5927
2880,華南金,40,1,39,元富-林園,2024-04-01,5927
3231,緯創,55,21,34,元富-林園,2024-04-01,5927
00687B,國泰20年美債,31,0,31,元富-林園,2024-04-01,5927
3707,漢磊,42,11,31,元富-林園,2024-04-01,5927
00936,台新永續高息中小,30,0,30,元富-林園,2024-04-01,5927
2356,英業達,43,14,29,元富-林園,2024-04-01,5927
2303,聯電,33,6,27,元富-林園,2024-04-01,5927
2352,佳世達,31,6,25,元富-林園,2024-04-01,5927
00638R,元大滬深300反1,24,0,24,元富-林園,2024-04-01,5927
00939,統一台灣高息動能,23,0,23,元富-林園,2024-04-01,5927
00665L,富邦�琤肭磪囓�2,20,0,20,元富-林園,2024-04-01,5927
2888,新光金,31,11,20,元富-林園,2024-04-01,5927
2359,所羅門,18,1,17,元富-林園,2024-04-01,5927
2382,廣達,21,5,16,元富-林園,2024-04-01,5927
1326,台化,13,0,13,元富-林園,2024-04-01,5927
2492,華新科,15,3,12,元富-林園,2024-04-01,5927
00929,復華台灣科技優息,12,0,12,元富-林園,2024-04-01,5927
1616,億泰,11,0,11,元富-林園,2024-04-01,5927
2228,劍麟,11,0,11,元富-林園,2024-04-01,5927
2353,宏��,12,1,11,元富-林園,2024-04-01,5927
2392,正崴,13,2,11,元富-林園,2024-04-01,5927
2641,正德,11,0,11,元富-林園,2024-04-01,5927
5309,系統電,11,0,11,元富-林園,2024-04-01,5927
2603,長榮,19,9,10,元富-林園,2024-04-01,5927
00857B,永豐20年美公債,10,0,10,元富-林園,2024-04-01,5927
2425,承啟,17,7,10,元富-林園,2024-04-01,5927
2801,彰銀,10,0,10,元富-林園,2024-04-01,5927
3325,旭品,10,0,10,元富-林園,2024-04-01,5927
3710,連展投控,10,0,10,元富-林園,2024-04-01,5927
4128,中天,10,0,10,元富-林園,2024-04-01,5927
5324,士開,10,0,10,元富-林園,2024-04-01,5927
8074,鉅橡,10,0,10,元富-林園,2024-04-01,5927
2009,第一銅,16,7,9,元富-林園,2024-04-01,5927
2308,台達電,9,1,8,元富-林園,2024-04-01,5927
00770,國泰北美科技,8,0,8,元富-林園,2024-04-01,5927
1802,台玻,10,2,8,元富-林園,2024-04-01,5927
4714,永捷,8,0,8,元富-林園,2024-04-01,5927
6136,富爾特,8,0,8,元富-林園,2024-04-01,5927
6505,台塑化,11,3,8,元富-林園,2024-04-01,5927
6649,台生材,8,0,8,元富-林園,2024-04-01,5927
00929,復華台灣科技優息,352,4,348,元富-林園,2024-04-02,5927
00940,元大台灣價值高息,231,28,203,元富-林園,2024-04-02,5927
00632R,元大台灣50反1,1008,900,108,元富-林園,2024-04-02,5927
00937B,群益ESG投等債20,107,2,105,元富-林園,2024-04-02,5927
2371,大同,68,20,48,元富-林園,2024-04-02,5927
00687B,國泰20年美債,53,6,47,元富-林園,2024-04-02,5927
2369,菱生,54,9,45,元富-林園,2024-04-02,5927
2408,南亞科,56,12,44,元富-林園,2024-04-02,5927
00680L,元大美債20正2,40,0,40,元富-林園,2024-04-02,5927
00673R,期元大S＆P原油反1,30,0,30,元富-林園,2024-04-02,5927
2301,光寶科,35,9,26,元富-林園,2024-04-02,5927
5880,合庫金,26,0,26,元富-林園,2024-04-02,5927
1339,昭輝,25,0,25,元富-林園,2024-04-02,5927
00772B,中信高評級公司債,20,0,20,元富-林園,2024-04-02,5927
5521,工信,24,4,20,元富-林園,2024-04-02,5927
5701,劍湖山,20,0,20,元富-林園,2024-04-02,5927
5439,高技,18,0,18,元富-林園,2024-04-02,5927
1609,大亞,45,29,16,元富-林園,2024-04-02,5927
2208,台船,15,0,15,元富-林園,2024-04-02,5927
5488,松普,15,0,15,元富-林園,2024-04-02,5927
4906,正文,14,0,14,元富-林園,2024-04-02,5927
3706,神達,22,8,14,元富-林園,2024-04-02,5927
3711,日月光投控,21,7,14,元富-林園,2024-04-02,5927
1301,台塑,13,0,13,元富-林園,2024-04-02,5927
6120,達運,20,7,13,元富-林園,2024-04-02,5927
1308,亞聚,12,0,12,元富-林園,2024-04-02,5927
00688L,國泰20年美債正2,11,0,11,元富-林園,2024-04-02,5927
2340,台亞,11,0,11,元富-林園,2024-04-02,5927
2610,華航,11,0,11,元富-林園,2024-04-02,5927
5608,四維航,11,0,11,元富-林園,2024-04-02,5927
6274,台燿,12,1,11,元富-林園,2024-04-02,5927
6275,元山,13,2,11,元富-林園,2024-04-02,5927
6414,樺漢,12,2,10,元富-林園,2024-04-02,5927
2316,楠梓電,14,4,10,元富-林園,2024-04-02,5927
2344,華邦電,13,3,10,元富-林園,2024-04-02,5927
3466,德晉,10,0,10,元富-林園,2024-04-02,5927
3548,兆利,18,8,10,元富-林園,2024-04-02,5927
4513,福裕,10,0,10,元富-林園,2024-04-02,5927
4770,上品,10,0,10,元富-林園,2024-04-02,5927
4934,太極,10,0,10,元富-林園,2024-04-02,5927
5225,東科-KY,10,0,10,元富-林園,2024-04-02,5927
6108,競國,10,0,10,元富-林園,2024-04-02,5927
6113,亞矽,10,0,10,元富-林園,2024-04-02,5927
9105,泰金寶-DR,10,0,10,元富-林園,2024-04-02,5927
006208,富邦台50,10,0,10,元富-林園,2024-04-02,5927
1504,東元,29,19,10,元富-林園,2024-04-02,5927
2603,長榮,18,9,9,元富-林園,2024-04-02,5927
3047,訊舟,9,0,9,元富-林園,2024-04-02,5927
3062,建漢,12,3,9,元富-林園,2024-04-02,5927
6227,茂綸,9,0,9,元富-林園,2024-04-02,5927
00637L,元大滬深300正2,447,140,307,元富-林園,2024-04-03,5927
00940,元大台灣價值高息,134,11,123,元富-林園,2024-04-03,5927
3481,群創,104,0,104,元富-林園,2024-04-03,5927
00937B,群益ESG投等債20,100,22,78,元富-林園,2024-04-03,5927
00929,復華台灣科技優息,83,5,78,元富-林園,2024-04-03,5927
00632R,元大台灣50反1,702,628,74,元富-林園,2024-04-03,5927
2014,中鴻,71,3,68,元富-林園,2024-04-03,5927
2547,日勝生,50,0,50,元富-林園,2024-04-03,5927
00687B,國泰20年美債,43,0,43,元富-林園,2024-04-03,5927
00919,群益台灣精選高息,33,2,31,元富-林園,2024-04-03,5927
00680L,元大美債20正2,30,0,30,元富-林園,2024-04-03,5927
1605,華新,26,0,26,元富-林園,2024-04-03,5927
2354,鴻準,47,22,25,元富-林園,2024-04-03,5927
00931B,統一美債20年,21,0,21,元富-林園,2024-04-03,5927
00679B,元大美債20年,21,0,21,元富-林園,2024-04-03,5927
4716,大立,21,1,20,元富-林園,2024-04-03,5927
2409,友達,19,0,19,元富-林園,2024-04-03,5927
00941,中信上游半導體,22,5,17,元富-林園,2024-04-03,5927
1785,光洋科,16,0,16,元富-林園,2024-04-03,5927
00673R,期元大S＆P原油反1,15,0,15,元富-林園,2024-04-03,5927
2486,一詮,39,24,15,元富-林園,2024-04-03,5927
2897,王道銀行,15,0,15,元富-林園,2024-04-03,5927
5439,高技,15,0,15,元富-林園,2024-04-03,5927
2382,廣達,18,4,14,元富-林園,2024-04-03,5927
5225,東科-KY,14,0,14,元富-林園,2024-04-03,5927
8059,凱碩,14,0,14,元富-林園,2024-04-03,5927
2303,聯電,15,2,13,元富-林園,2024-04-03,5927
00772B,中信高評級公司債,13,0,13,元富-林園,2024-04-03,5927
00692,富邦公司治理,13,0,13,元富-林園,2024-04-03,5927
3211,順達,12,0,12,元富-林園,2024-04-03,5927
8926,台汽電,12,0,12,元富-林園,2024-04-03,5927
2884,玉山金,31,20,11,元富-林園,2024-04-03,5927
1710,東聯,11,0,11,元富-林園,2024-04-03,5927
1809,中釉,11,0,11,元富-林園,2024-04-03,5927
2515,中工,22,11,11,元富-林園,2024-04-03,5927
2883,凱基金,11,0,11,元富-林園,2024-04-03,5927
3325,旭品,11,0,11,元富-林園,2024-04-03,5927
00927,群益半導體收益,10,0,10,元富-林園,2024-04-03,5927
2029,盛餘,10,0,10,元富-林園,2024-04-03,5927
2369,菱生,10,0,10,元富-林園,2024-04-03,5927
2317,鴻海,26,17,9,元富-林園,2024-04-03,5927
2618,長榮航,9,0,9,元富-林園,2024-04-03,5927
1301,台塑,9,0,9,元富-林園,2024-04-03,5927
00665L,富邦�琤肭磪囓�2,12,3,9,元富-林園,2024-04-03,5927
2368,金像電,10,1,9,元富-林園,2024-04-03,5927
6186,新潤,9,0,9,元富-林園,2024-04-03,5927
2308,台達電,9,0,9,元富-林園,2024-04-03,5927
2609,陽明,10,2,8,元富-林園,2024-04-03,5927
1316,上曜,9,1,8,元富-林園,2024-04-03,5927
2492,華新科,8,0,8,元富-林園,2024-04-03,5927
00940,元大台灣價值高息,162,28,134,元富-林園,2024-04-08,5927
00929,復華台灣科技優息,110,0,110,元富-林園,2024-04-08,5927
00637L,元大滬深300正2,680,588,92,元富-林園,2024-04-08,5927
2356,英業達,42,3,39,元富-林園,2024-04-08,5927
2641,正德,33,0,33,元富-林園,2024-04-08,5927
00937B,群益ESG投等債20,31,0,31,元富-林園,2024-04-08,5927
2025,千興,28,0,28,元富-林園,2024-04-08,5927
2337,旺宏,30,4,26,元富-林園,2024-04-08,5927
6120,達運,37,12,25,元富-林園,2024-04-08,5927
2354,鴻準,32,9,23,元富-林園,2024-04-08,5927
00919,群益台灣精選高息,23,1,22,元富-林園,2024-04-08,5927
2344,華邦電,21,0,21,元富-林園,2024-04-08,5927
2371,大同,29,9,20,元富-林園,2024-04-08,5927
3078,僑威,20,0,20,元富-林園,2024-04-08,5927
4931,新盛力,20,0,20,元富-林園,2024-04-08,5927
1504,東元,38,18,20,元富-林園,2024-04-08,5927
2618,長榮航,20,1,19,元富-林園,2024-04-08,5927
2332,友訊,17,0,17,元富-林園,2024-04-08,5927
2393,億光,16,0,16,元富-林園,2024-04-08,5927
6005,群益證,24,8,16,元富-林園,2024-04-08,5927
00680L,元大美債20正2,15,0,15,元富-林園,2024-04-08,5927
1314,中石化,20,5,15,元富-林園,2024-04-08,5927
3059,華晶科,22,7,15,元富-林園,2024-04-08,5927
1101,台泥,16,2,14,元富-林園,2024-04-08,5927
8210,勤誠,17,3,14,元富-林園,2024-04-08,5927
7402,邑錡,15,1,14,元富-林園,2024-04-08,5927
3028,增你強,13,0,13,元富-林園,2024-04-08,5927
3083,網龍,13,0,13,元富-林園,2024-04-08,5927
2369,菱生,13,1,12,元富-林園,2024-04-08,5927
2020,美亞,11,0,11,元富-林園,2024-04-08,5927
2408,南亞科,13,2,11,元富-林園,2024-04-08,5927
3706,神達,15,4,11,元富-林園,2024-04-08,5927
00931B,統一美債20年,12,2,10,元富-林園,2024-04-08,5927
3322,建舜電,10,0,10,元富-林園,2024-04-08,5927
1709,和益,10,0,10,元富-林園,2024-04-08,5927
2340,台亞,10,0,10,元富-林園,2024-04-08,5927
2439,美律,11,1,10,元富-林園,2024-04-08,5927
2504,國產,10,0,10,元富-林園,2024-04-08,5927
3312,弘憶股,12,2,10,元富-林園,2024-04-08,5927
4746,台耀,12,2,10,元富-林園,2024-04-08,5927
6425,易發,11,1,10,元富-林園,2024-04-08,5927
00939,統一台灣高息動能,10,1,9,元富-林園,2024-04-08,5927
3035,智原,9,0,9,元富-林園,2024-04-08,5927
2834,臺企銀,10,1,9,元富-林園,2024-04-08,5927
2603,長榮,10,2,8,元富-林園,2024-04-08,5927
8111,立��,8,0,8,元富-林園,2024-04-08,5927
00665L,富邦�琤肭磪囓�2,24,16,8,元富-林園,2024-04-08,5927
3555,博士旺,8,0,8,元富-林園,2024-04-08,5927
3715,定穎投控,10,2,8,元富-林園,2024-04-08,5927
5521,工信,13,5,8,元富-林園,2024-04-08,5927
00637L,元大滬深300正2,519,100,419,元富-林園,2024-04-09,5927
4716,大立,195,0,195,元富-林園,2024-04-09,5927
2369,菱生,190,0,190,元富-林園,2024-04-09,5927
00940,元大台灣價值高息,138,13,125,元富-林園,2024-04-09,5927
4127,天良,70,0,70,元富-林園,2024-04-09,5927
00687B,國泰20年美債,54,0,54,元富-林園,2024-04-09,5927
3231,緯創,96,43,53,元富-林園,2024-04-09,5927
2834,臺企銀,50,3,47,元富-林園,2024-04-09,5927
2883,凱基金,54,8,46,元富-林園,2024-04-09,5927
3312,弘憶股,60,20,40,元富-林園,2024-04-09,5927
2354,鴻準,43,4,39,元富-林園,2024-04-09,5927
00632R,元大台灣50反1,1010,976,34,元富-林園,2024-04-09,5927
2023,燁輝,43,9,34,元富-林園,2024-04-09,5927
2367,燿華,33,3,30,元富-林園,2024-04-09,5927
2884,玉山金,30,1,29,元富-林園,2024-04-09,5927
6153,嘉聯益,31,10,21,元富-林園,2024-04-09,5927
6188,廣明,40,19,21,元富-林園,2024-04-09,5927
1504,東元,38,19,19,元富-林園,2024-04-09,5927
00929,復華台灣科技優息,39,21,18,元富-林園,2024-04-09,5927
6120,達運,39,21,18,元富-林園,2024-04-09,5927
5309,系統電,16,0,16,元富-林園,2024-04-09,5927
2515,中工,17,2,15,元富-林園,2024-04-09,5927
2801,彰銀,15,0,15,元富-林園,2024-04-09,5927
8034,榮群,15,0,15,元富-林園,2024-04-09,5927
6770,力積電,15,0,15,元富-林園,2024-04-09,5927
1513,中興電,23,9,14,元富-林園,2024-04-09,5927
2387,精元,14,0,14,元富-林園,2024-04-09,5927
2881,富邦金,13,0,13,元富-林園,2024-04-09,5927
3622,洋華,27,14,13,元富-林園,2024-04-09,5927
8358,金居,13,1,12,元富-林園,2024-04-09,5927
1108,幸福,11,0,11,元富-林園,2024-04-09,5927
2504,國產,13,2,11,元富-林園,2024-04-09,5927
3013,晟銘電,40,29,11,元富-林園,2024-04-09,5927
4543,萬在,18,7,11,元富-林園,2024-04-09,5927
6219,富旺,11,0,11,元富-林園,2024-04-09,5927
6288,聯嘉,11,0,11,元富-林園,2024-04-09,5927
8112,至上,25,14,11,元富-林園,2024-04-09,5927
2301,光寶科,15,5,10,元富-林園,2024-04-09,5927
3022,威強電,10,0,10,元富-林園,2024-04-09,5927
3576,聯合再生,10,0,10,元富-林園,2024-04-09,5927
4714,永捷,10,0,10,元富-林園,2024-04-09,5927
00919,群益台灣精選高息,14,4,10,元富-林園,2024-04-09,5927
6548,長科*,12,2,10,元富-林園,2024-04-09,5927
6015,宏遠證,10,1,9,元富-林園,2024-04-09,5927
1609,大亞,86,77,9,元富-林園,2024-04-09,5927
00680L,元大美債20正2,10,2,8,元富-林園,2024-04-09,5927
8422,可寧衛,8,0,8,元富-林園,2024-04-09,5927
3037,欣興,10,2,8,元富-林園,2024-04-09,5927
00939,統一台灣高息動能,22,14,8,元富-林園,2024-04-09,5927
00830,國泰費城半導體,7,0,7,元富-林園,2024-04-09,5927
2888,新光金,166,18,148,元富-林園,2024-04-10,5927
6016,康和證,112,1,111,元富-林園,2024-04-10,5927
2542,興富發,104,10,94,元富-林園,2024-04-10,5927
1605,華新,72,18,54,元富-林園,2024-04-10,5927
00937B,群益ESG投等債20,49,0,49,元富-林園,2024-04-10,5927
2515,中工,54,11,43,元富-林園,2024-04-10,5927
00939,統一台灣高息動能,41,2,39,元富-林園,2024-04-10,5927
2883,凱基金,36,0,36,元富-林園,2024-04-10,5927
6026,福邦證,33,0,33,元富-林園,2024-04-10,5927
1584,精剛,38,6,32,元富-林園,2024-04-10,5927
3481,群創,41,15,26,元富-林園,2024-04-10,5927
1608,華榮,26,2,24,元富-林園,2024-04-10,5927
2464,盟立,38,14,24,元富-林園,2024-04-10,5927
1504,東元,31,8,23,元富-林園,2024-04-10,5927
2303,聯電,82,61,21,元富-林園,2024-04-10,5927
6770,力積電,28,7,21,元富-林園,2024-04-10,5927
5608,四維航,20,0,20,元富-林園,2024-04-10,5927
8096,擎亞,33,13,20,元富-林園,2024-04-10,5927
2332,友訊,19,0,19,元富-林園,2024-04-10,5927
2382,廣達,20,2,18,元富-林園,2024-04-10,5927
00941,中信上游半導體,18,0,18,元富-林園,2024-04-10,5927
2610,華航,17,0,17,元富-林園,2024-04-10,5927
3231,緯創,26,10,16,元富-林園,2024-04-10,5927
2376,技嘉,23,8,15,元富-林園,2024-04-10,5927
2317,鴻海,34,19,15,元富-林園,2024-04-10,5927
2427,三商電,22,8,14,元富-林園,2024-04-10,5927
8112,至上,24,10,14,元富-林園,2024-04-10,5927
1316,上曜,27,13,14,元富-林園,2024-04-10,5927
3013,晟銘電,30,17,13,元富-林園,2024-04-10,5927
00909,國泰數位支付服務,12,0,12,元富-林園,2024-04-10,5927
2547,日勝生,12,0,12,元富-林園,2024-04-10,5927
2834,臺企銀,25,13,12,元富-林園,2024-04-10,5927
3622,洋華,13,1,12,元富-林園,2024-04-10,5927
2884,玉山金,12,0,12,元富-林園,2024-04-10,5927
2029,盛餘,11,0,11,元富-林園,2024-04-10,5927
2399,映泰,11,0,11,元富-林園,2024-04-10,5927
3706,神達,12,1,11,元富-林園,2024-04-10,5927
5340,建榮,11,0,11,元富-林園,2024-04-10,5927
00931B,統一美債20年,10,0,10,元富-林園,2024-04-10,5927
1713,國化,10,0,10,元富-林園,2024-04-10,5927
1760,寶齡富錦,10,0,10,元富-林園,2024-04-10,5927
2516,新建,10,0,10,元富-林園,2024-04-10,5927
6505,台塑化,11,1,10,元富-林園,2024-04-10,5927
8928,鉅明,10,0,10,元富-林園,2024-04-10,5927
911868,同方友友-DR,10,0,10,元富-林園,2024-04-10,5927
9907,統一實,10,0,10,元富-林園,2024-04-10,5927
2369,菱生,15,6,9,元富-林園,2024-04-10,5927
3005,神基,9,1,8,元富-林園,2024-04-10,5927
2328,廣宇,10,2,8,元富-林園,2024-04-10,5927
5439,高技,9,1,8,元富-林園,2024-04-10,5927
9907,統一實,360,1,359,元富-林園,2024-04-11,5927
3481,群創,142,5,137,元富-林園,2024-04-11,5927
2369,菱生,104,10,94,元富-林園,2024-04-11,5927
00687B,國泰20年美債,79,0,79,元富-林園,2024-04-11,5927
2834,臺企銀,75,0,75,元富-林園,2024-04-11,5927
00937B,群益ESG投等債20,166,96,70,元富-林園,2024-04-11,5927
2888,新光金,66,6,60,元富-林園,2024-04-11,5927
4533,協易機,64,8,56,元富-林園,2024-04-11,5927
00929,復華台灣科技優息,60,7,53,元富-林園,2024-04-11,5927
00878,國泰永續高股息,51,1,50,元富-林園,2024-04-11,5927
00679B,元大美債20年,49,0,49,元富-林園,2024-04-11,5927
2406,國碩,95,51,44,元富-林園,2024-04-11,5927
1314,中石化,43,0,43,元富-林園,2024-04-11,5927
2371,大同,141,100,41,元富-林園,2024-04-11,5927
2399,映泰,40,0,40,元富-林園,2024-04-11,5927
00725B,國泰投資級公司債,39,1,38,元富-林園,2024-04-11,5927
00931B,統一美債20年,32,0,32,元富-林園,2024-04-11,5927
00680L,元大美債20正2,110,80,30,元富-林園,2024-04-11,5927
2208,台船,30,0,30,元富-林園,2024-04-11,5927
2308,台達電,29,2,27,元富-林園,2024-04-11,5927
4513,福裕,27,0,27,元富-林園,2024-04-11,5927
2881,富邦金,26,0,26,元富-林園,2024-04-11,5927
3706,神達,24,0,24,元富-林園,2024-04-11,5927
2354,鴻準,27,5,22,元富-林園,2024-04-11,5927
1313,聯成,20,0,20,元富-林園,2024-04-11,5927
2344,華邦電,23,3,20,元富-林園,2024-04-11,5927
6197,佳必琪,21,2,19,元富-林園,2024-04-11,5927
3231,緯創,34,15,19,元富-林園,2024-04-11,5927
1101,台泥,21,3,18,元富-林園,2024-04-11,5927
6116,彩晶,18,0,18,元富-林園,2024-04-11,5927
2027,大成鋼,18,1,17,元富-林園,2024-04-11,5927
2356,英業達,58,41,17,元富-林園,2024-04-11,5927
6125,廣運,19,2,17,元富-林園,2024-04-11,5927
2442,新美齊,16,0,16,元富-林園,2024-04-11,5927
2409,友達,20,5,15,元富-林園,2024-04-11,5927
2303,聯電,50,35,15,元富-林園,2024-04-11,5927
2516,新建,15,0,15,元富-林園,2024-04-11,5927
00940,元大台灣價值高息,75,61,14,元富-林園,2024-04-11,5927
2025,千興,14,0,14,元富-林園,2024-04-11,5927
2382,廣達,22,8,14,元富-林園,2024-04-11,5927
5386,青雲,14,0,14,元富-林園,2024-04-11,5927
6026,福邦證,15,1,14,元富-林園,2024-04-11,5927
6770,力積電,14,0,14,元富-林園,2024-04-11,5927
1503,士電,30,16,14,元富-林園,2024-04-11,5927
00933B,國泰10Y+金融債,15,2,13,元富-林園,2024-04-11,5927
3052,夆典,13,0,13,元富-林園,2024-04-11,5927
3260,威剛,17,4,13,元富-林園,2024-04-11,5927
6451,訊芯-KY,16,3,13,元富-林園,2024-04-11,5927
2031,新光鋼,14,2,12,元富-林園,2024-04-11,5927
1301,台塑,12,0,12,元富-林園,2024-04-11,5927
00637L,元大滬深300正2,182,0,182,元富-林園,2024-04-12,5927
00687B,國泰20年美債,106,0,106,元富-林園,2024-04-12,5927
00937B,群益ESG投等債20,81,0,81,元富-林園,2024-04-12,5927
6431,光麗-KY,74,1,73,元富-林園,2024-04-12,5927
00929,復華台灣科技優息,66,0,66,元富-林園,2024-04-12,5927
5351,鈺創,50,13,37,元富-林園,2024-04-12,5927
2353,宏��,43,7,36,元富-林園,2024-04-12,5927
4513,福裕,36,0,36,元富-林園,2024-04-12,5927
00680L,元大美債20正2,40,5,35,元富-林園,2024-04-12,5927
2834,臺企銀,35,0,35,元富-林園,2024-04-12,5927
2501,國建,30,0,30,元富-林園,2024-04-12,5927
00673R,期元大S＆P原油反1,30,0,30,元富-林園,2024-04-12,5927
00665L,富邦�琤肭磪囓�2,28,0,28,元富-林園,2024-04-12,5927
00679B,元大美債20年,24,0,24,元富-林園,2024-04-12,5927
2409,友達,22,1,21,元富-林園,2024-04-12,5927
00712,復華富時不動產,21,0,21,元富-林園,2024-04-12,5927
2881,富邦金,20,0,20,元富-林園,2024-04-12,5927
2014,中鴻,21,2,19,元富-林園,2024-04-12,5927
3481,群創,45,27,18,元富-林園,2024-04-12,5927
2308,台達電,18,0,18,元富-林園,2024-04-12,5927
2382,廣達,23,5,18,元富-林園,2024-04-12,5927
6425,易發,18,1,17,元富-林園,2024-04-12,5927
00931B,統一美債20年,16,1,15,元富-林園,2024-04-12,5927
2634,漢翔,29,14,15,元富-林園,2024-04-12,5927
3056,富華新,15,0,15,元富-林園,2024-04-12,5927
2329,華泰,19,5,14,元富-林園,2024-04-12,5927
2610,華航,26,12,14,元富-林園,2024-04-12,5927
2812,台中銀,13,0,13,元富-林園,2024-04-12,5927
2887,台新金,13,0,13,元富-林園,2024-04-12,5927
2883,凱基金,19,7,12,元富-林園,2024-04-12,5927
1513,中興電,56,45,11,元富-林園,2024-04-12,5927
5536,聖暉*,11,0,11,元富-林園,2024-04-12,5927
6770,力積電,12,1,11,元富-林園,2024-04-12,5927
2882,國泰金,10,0,10,元富-林園,2024-04-12,5927
2609,陽明,21,11,10,元富-林園,2024-04-12,5927
00764B,群益25年美債,10,0,10,元富-林園,2024-04-12,5927
1447,力鵬,10,0,10,元富-林園,2024-04-12,5927
1506,正道,10,0,10,元富-林園,2024-04-12,5927
2369,菱生,20,10,10,元富-林園,2024-04-12,5927
3049,精金,10,0,10,元富-林園,2024-04-12,5927
4306,炎洲,10,0,10,元富-林園,2024-04-12,5927
5234,達興材料,10,0,10,元富-林園,2024-04-12,5927
2884,玉山金,10,0,10,元富-林園,2024-04-12,5927
6189,豐藝,11,2,9,元富-林園,2024-04-12,5927
2603,長榮,11,3,8,元富-林園,2024-04-12,5927
6472,保瑞,13,4,9,元富-林園,2024-04-12,5927
2421,建準,9,1,8,元富-林園,2024-04-12,5927
2515,中工,10,2,8,元富-林園,2024-04-12,5927
3013,晟銘電,43,35,8,元富-林園,2024-04-12,5927
3071,協禧,9,1,8,元富-林園,2024-04-12,5927
00929,復華台灣科技優息,364,7,357,元富-林園,2024-04-15,5927
00927,群益半導體收益,123,5,118,元富-林園,2024-04-15,5927
2610,華航,108,10,98,元富-林園,2024-04-15,5927
1504,東元,105,24,81,元富-林園,2024-04-15,5927
2367,燿華,77,9,68,元富-林園,2024-04-15,5927
00919,群益台灣精選高息,61,0,61,元富-林園,2024-04-15,5927
00632R,元大台灣50反1,220,160,60,元富-林園,2024-04-15,5927
4533,協易機,60,7,53,元富-林園,2024-04-15,5927
2812,台中銀,54,2,52,元富-林園,2024-04-15,5927
2867,三商壽,49,3,46,元富-林園,2024-04-15,5927
2406,國碩,58,12,46,元富-林園,2024-04-15,5927
2371,大同,174,129,45,元富-林園,2024-04-15,5927
00940,元大台灣價值高息,59,15,44,元富-林園,2024-04-15,5927
6770,力積電,38,1,37,元富-林園,2024-04-15,5927
6807,峰源-KY,37,0,37,元富-林園,2024-04-15,5927
3013,晟銘電,52,16,36,元富-林園,2024-04-15,5927
2369,菱生,33,0,33,元富-林園,2024-04-15,5927
3231,緯創,38,6,32,元富-林園,2024-04-15,5927
5351,鈺創,35,4,31,元富-林園,2024-04-15,5927
2374,佳能,42,11,31,元富-林園,2024-04-15,5927
3481,群創,36,5,31,元富-林園,2024-04-15,5927
00939,統一台灣高息動能,50,20,30,元富-林園,2024-04-15,5927
4726,永昕,30,0,30,元富-林園,2024-04-15,5927
2543,皇昌,45,17,28,元富-林園,2024-04-15,5927
00878,國泰永續高股息,34,7,27,元富-林園,2024-04-15,5927
2329,華泰,38,11,27,元富-林園,2024-04-15,5927
00941,中信上游半導體,26,0,26,元富-林園,2024-04-15,5927
2317,鴻海,50,25,25,元富-林園,2024-04-15,5927
2409,友達,26,1,25,元富-林園,2024-04-15,5927
2353,宏��,27,3,24,元富-林園,2024-04-15,5927
4513,福裕,50,26,24,元富-林園,2024-04-15,5927
2002,中鋼,22,0,22,元富-林園,2024-04-15,5927
6016,康和證,22,0,22,元富-林園,2024-04-15,5927
2340,台亞,22,1,21,元富-林園,2024-04-15,5927
1701,中化,20,0,20,元富-林園,2024-04-15,5927
4960,誠美材,22,2,20,元富-林園,2024-04-15,5927
3037,欣興,19,0,19,元富-林園,2024-04-15,5927
2449,京元電子,18,0,18,元富-林園,2024-04-15,5927
5439,高技,18,0,18,元富-林園,2024-04-15,5927
1513,中興電,46,29,17,元富-林園,2024-04-15,5927
2356,英業達,35,19,16,元富-林園,2024-04-15,5927
5222,全訊,17,1,16,元富-林園,2024-04-15,5927
1314,中石化,40,25,15,元富-林園,2024-04-15,5927
6585,鼎基,15,0,15,元富-林園,2024-04-15,5927
00772B,中信高評級公司債,14,0,14,元富-林園,2024-04-15,5927
2029,盛餘,13,0,13,元富-林園,2024-04-15,5927
3607,谷崧,13,0,13,元富-林園,2024-04-15,5927
6188,廣明,14,1,13,元富-林園,2024-04-15,5927
2634,漢翔,64,52,12,元富-林園,2024-04-15,5927
2014,中鴻,12,0,12,元富-林園,2024-04-15,5927
00940,元大台灣價值高息,510,19,491,元富-林園,2024-04-16,5927
00937B,群益ESG投等債20,168,0,168,元富-林園,2024-04-16,5927
00929,復華台灣科技優息,182,30,152,元富-林園,2024-04-16,5927
00939,統一台灣高息動能,167,18,149,元富-林園,2024-04-16,5927
2610,華航,149,3,146,元富-林園,2024-04-16,5927
1101,台泥,129,9,120,元富-林園,2024-04-16,5927
2801,彰銀,116,0,116,元富-林園,2024-04-16,5927
6015,宏遠證,91,0,91,元富-林園,2024-04-16,5927
1605,華新,102,13,89,元富-林園,2024-04-16,5927
00919,群益台灣精選高息,153,69,84,元富-林園,2024-04-16,5927
00878,國泰永續高股息,83,7,76,元富-林園,2024-04-16,5927
00720B,元大投資級公司債,54,0,54,元富-林園,2024-04-16,5927
4960,誠美材,50,0,50,元富-林園,2024-04-16,5927
00857B,永豐20年美公債,45,0,45,元富-林園,2024-04-16,5927
00665L,富邦�琤肭磪囓�2,45,1,44,元富-林園,2024-04-16,5927
6189,豐藝,51,11,40,元富-林園,2024-04-16,5927
2367,燿華,57,19,38,元富-林園,2024-04-16,5927
00687B,國泰20年美債,34,0,34,元富-林園,2024-04-16,5927
3481,群創,46,12,34,元富-林園,2024-04-16,5927
6443,元晶,34,2,32,元富-林園,2024-04-16,5927
2884,玉山金,34,3,31,元富-林園,2024-04-16,5927
2344,華邦電,36,6,30,元富-林園,2024-04-16,5927
1453,大將,29,0,29,元富-林園,2024-04-16,5927
2337,旺宏,29,0,29,元富-林園,2024-04-16,5927
2340,台亞,29,0,29,元富-林園,2024-04-16,5927
2834,臺企銀,48,20,28,元富-林園,2024-04-16,5927
00927,群益半導體收益,27,1,26,元富-林園,2024-04-16,5927
4533,協易機,26,0,26,元富-林園,2024-04-16,5927
0056,元大高股息,28,3,25,元富-林園,2024-04-16,5927
3576,聯合再生,25,1,24,元富-林園,2024-04-16,5927
3231,緯創,48,25,23,元富-林園,2024-04-16,5927
2002,中鋼,24,1,23,元富-林園,2024-04-16,5927
2356,英業達,27,4,23,元富-林園,2024-04-16,5927
2618,長榮航,34,11,23,元富-林園,2024-04-16,5927
00712,復華富時不動產,23,0,23,元富-林園,2024-04-16,5927
6290,良維,24,2,22,元富-林園,2024-04-16,5927
1609,大亞,100,78,22,元富-林園,2024-04-16,5927
5488,松普,22,0,22,元富-林園,2024-04-16,5927
2887,台新金,21,0,21,元富-林園,2024-04-16,5927
6283,淳安,21,0,21,元富-林園,2024-04-16,5927
2330,台積電,23,2,21,元富-林園,2024-04-16,5927
00680L,元大美債20正2,20,0,20,元富-林園,2024-04-16,5927
1587,吉茂,20,0,20,元富-林園,2024-04-16,5927
3027,盛達,28,8,20,元富-林園,2024-04-16,5927
3056,富華新,21,1,20,元富-林園,2024-04-16,5927
2301,光寶科,21,2,19,元富-林園,2024-04-16,5927
6120,達運,18,0,18,元富-林園,2024-04-16,5927
00881,國泰台灣5G+,16,0,16,元富-林園,2024-04-16,5927
2495,普安,16,0,16,元富-林園,2024-04-16,5927
5356,協益,16,0,16,元富-林園,2024-04-16,5927
00940,元大台灣價值高息,429,79,350,元富-林園,2024-04-17,5927
00637L,元大滬深300正2,443,180,263,元富-林園,2024-04-17,5927
00720B,元大投資級公司債,109,0,109,元富-林園,2024-04-17,5927
2409,友達,79,1,78,元富-林園,2024-04-17,5927
3675,德微,72,0,72,元富-林園,2024-04-17,5927
00929,復華台灣科技優息,69,9,60,元富-林園,2024-04-17,5927
2353,宏��,55,1,54,元富-林園,2024-04-17,5927
00937B,群益ESG投等債20,60,8,52,元富-林園,2024-04-17,5927
00724B,群益投資級金融債,48,0,48,元富-林園,2024-04-17,5927
00933B,國泰10Y+金融債,40,0,40,元富-林園,2024-04-17,5927
00919,群益台灣精選高息,37,0,37,元富-林園,2024-04-17,5927
2412,中華電,33,0,33,元富-林園,2024-04-17,5927
3576,聯合再生,30,0,30,元富-林園,2024-04-17,5927
00687B,國泰20年美債,33,5,28,元富-林園,2024-04-17,5927
00712,復華富時不動產,28,0,28,元富-林園,2024-04-17,5927
2634,漢翔,48,22,26,元富-林園,2024-04-17,5927
1101,台泥,25,0,25,元富-林園,2024-04-17,5927
0056,元大高股息,24,1,23,元富-林園,2024-04-17,5927
2303,聯電,55,33,22,元富-林園,2024-04-17,5927
2888,新光金,22,1,21,元富-林園,2024-04-17,5927
2883,凱基金,20,0,20,元富-林園,2024-04-17,5927
00680L,元大美債20正2,20,0,20,元富-林園,2024-04-17,5927
2029,盛餘,20,0,20,元富-林園,2024-04-17,5927
2352,佳世達,22,2,20,元富-林園,2024-04-17,5927
2374,佳能,23,3,20,元富-林園,2024-04-17,5927
2543,皇昌,21,1,20,元富-林園,2024-04-17,5927
3033,威健,20,0,20,元富-林園,2024-04-17,5927
5009,榮剛,26,6,20,元富-林園,2024-04-17,5927
2547,日勝生,18,0,18,元富-林園,2024-04-17,5927
2002,中鋼,23,6,17,元富-林園,2024-04-17,5927
3231,緯創,27,10,17,元富-林園,2024-04-17,5927
1303,南亞,17,0,17,元富-林園,2024-04-17,5927
2867,三商壽,18,1,17,元富-林園,2024-04-17,5927
00931B,統一美債20年,16,0,16,元富-林園,2024-04-17,5927
00665L,富邦�琤肭磪囓�2,16,0,16,元富-林園,2024-04-17,5927
2367,燿華,60,44,16,元富-林園,2024-04-17,5927
2884,玉山金,27,11,16,元富-林園,2024-04-17,5927
2603,長榮,15,0,15,元富-林園,2024-04-17,5927
2317,鴻海,31,16,15,元富-林園,2024-04-17,5927
2344,華邦電,23,9,14,元富-林園,2024-04-17,5927
4726,永昕,13,0,13,元富-林園,2024-04-17,5927
2618,長榮航,13,0,13,元富-林園,2024-04-17,5927
2630,亞航,25,13,12,元富-林園,2024-04-17,5927
00900,富邦特選高股息30,12,0,12,元富-林園,2024-04-17,5927
1301,台塑,12,0,12,元富-林園,2024-04-17,5927
2301,光寶科,12,0,12,元富-林園,2024-04-17,5927
2606,裕民,12,0,12,元富-林園,2024-04-17,5927
3706,神達,18,6,12,元富-林園,2024-04-17,5927
4167,松瑞藥,12,0,12,元富-林園,2024-04-17,5927
6005,群益證,12,0,12,元富-林園,2024-04-17,5927
00688L,國泰20年美債正2,135,1,134,元富-林園,2024-04-18,5927
4770,上品,130,0,130,元富-林園,2024-04-18,5927
2303,聯電,171,96,75,元富-林園,2024-04-18,5927
2371,大同,212,144,68,元富-林園,2024-04-18,5927
2388,威盛,43,2,41,元富-林園,2024-04-18,5927
2009,第一銅,34,2,32,元富-林園,2024-04-18,5927
2367,燿華,48,16,32,元富-林園,2024-04-18,5927
00919,群益台灣精選高息,33,1,32,元富-林園,2024-04-18,5927
3056,富華新,32,2,30,元富-林園,2024-04-18,5927
1504,東元,54,25,29,元富-林園,2024-04-18,5927
5351,鈺創,28,2,26,元富-林園,2024-04-18,5927
3675,德微,26,0,26,元富-林園,2024-04-18,5927
00937B,群益ESG投等債20,23,0,23,元富-林園,2024-04-18,5927
2353,宏��,25,3,22,元富-林園,2024-04-18,5927
3059,華晶科,19,0,19,元富-林園,2024-04-18,5927
2329,華泰,43,25,18,元富-林園,2024-04-18,5927
00720B,元大投資級公司債,18,0,18,元富-林園,2024-04-18,5927
00941,中信上游半導體,24,6,18,元富-林園,2024-04-18,5927
00929,復華台灣科技優息,19,2,17,元富-林園,2024-04-18,5927
2887,台新金,16,0,16,元富-林園,2024-04-18,5927
9103,美德醫療-DR,16,0,16,元富-林園,2024-04-18,5927
2393,億光,16,1,15,元富-林園,2024-04-18,5927
1301,台塑,14,0,14,元富-林園,2024-04-18,5927
2603,長榮,20,6,14,元富-林園,2024-04-18,5927
5521,工信,20,6,14,元富-林園,2024-04-18,5927
00712,復華富時不動產,13,0,13,元富-林園,2024-04-18,5927
2897,王道銀行,13,0,13,元富-林園,2024-04-18,5927
1503,士電,27,15,12,元富-林園,2024-04-18,5927
2301,光寶科,19,7,12,元富-林園,2024-04-18,5927
00687B,國泰20年美債,11,0,11,元富-林園,2024-04-18,5927
1314,中石化,58,47,11,元富-林園,2024-04-18,5927
2610,華航,21,11,10,元富-林園,2024-04-18,5927
00638R,元大滬深300反1,10,0,10,元富-林園,2024-04-18,5927
1326,台化,10,0,10,元富-林園,2024-04-18,5927
1443,立益物流,10,0,10,元富-林園,2024-04-18,5927
2007,燁興,47,37,10,元富-林園,2024-04-18,5927
2369,菱生,10,0,10,元富-林園,2024-04-18,5927
2609,陽明,10,0,10,元富-林園,2024-04-18,5927
6129,普誠,13,3,10,元富-林園,2024-04-18,5927
6283,淳安,10,0,10,元富-林園,2024-04-18,5927
6937,天虹,10,0,10,元富-林園,2024-04-18,5927
8064,東捷,12,2,10,元富-林園,2024-04-18,5927
1101,台泥,10,1,9,元富-林園,2024-04-18,5927
3035,智原,9,1,8,元富-林園,2024-04-18,5927
1707,葡萄王,8,0,8,元富-林園,2024-04-18,5927
2374,佳能,26,18,8,元富-林園,2024-04-18,5927
2409,友達,8,0,8,元富-林園,2024-04-18,5927
3312,弘憶股,26,18,8,元富-林園,2024-04-18,5927
2030,彰源,16,9,7,元富-林園,2024-04-18,5927
2062,橋椿,7,0,7,元富-林園,2024-04-18,5927
00637L,元大滬深300正2,589,205,384,元富-林園,2024-04-19,5927
00929,復華台灣科技優息,323,17,306,元富-林園,2024-04-19,5927
00940,元大台灣價值高息,276,1,275,元富-林園,2024-04-19,5927
00939,統一台灣高息動能,135,3,132,元富-林園,2024-04-19,5927
2303,聯電,134,20,114,元富-林園,2024-04-19,5927
1605,華新,121,19,102,元富-林園,2024-04-19,5927
5512,力麒,150,51,99,元富-林園,2024-04-19,5927
00919,群益台灣精選高息,93,14,79,元富-林園,2024-04-19,5927
2887,台新金,66,0,66,元富-林園,2024-04-19,5927
1608,華榮,90,44,46,元富-林園,2024-04-19,5927
2406,國碩,76,34,42,元富-林園,2024-04-19,5927
3707,漢磊,50,13,37,元富-林園,2024-04-19,5927
4956,光鋐,35,0,35,元富-林園,2024-04-19,5927
2610,華航,46,12,34,元富-林園,2024-04-19,5927
3481,群創,64,30,34,元富-林園,2024-04-19,5927
1304,台聚,32,0,32,元富-林園,2024-04-19,5927
2834,臺企銀,33,3,30,元富-林園,2024-04-19,5927
1609,大亞,251,222,29,元富-林園,2024-04-19,5927
2317,鴻海,37,8,29,元富-林園,2024-04-19,5927
2330,台積電,47,19,28,元富-林園,2024-04-19,5927
00712,復華富時不動產,25,0,25,元富-林園,2024-04-19,5927
4532,瑞智,27,2,25,元富-林園,2024-04-19,5927
2401,凌陽,23,0,23,元富-林園,2024-04-19,5927
2882,國泰金,23,0,23,元富-林園,2024-04-19,5927
2506,太設,23,1,22,元富-林園,2024-04-19,5927
2880,華南金,22,0,22,元富-林園,2024-04-19,5927
1101,台泥,21,0,21,元富-林園,2024-04-19,5927
2527,宏璟,21,0,21,元富-林園,2024-04-19,5927
00725B,國泰投資級公司債,20,0,20,元富-林園,2024-04-19,5927
2542,興富發,25,5,20,元富-林園,2024-04-19,5927
4770,上品,20,0,20,元富-林園,2024-04-19,5927
6016,康和證,20,0,20,元富-林園,2024-04-19,5927
8438,昶昕,20,0,20,元富-林園,2024-04-19,5927
3231,緯創,48,29,19,元富-林園,2024-04-19,5927
2337,旺宏,20,1,19,元富-林園,2024-04-19,5927
2515,中工,280,261,19,元富-林園,2024-04-19,5927
2409,友達,18,0,18,元富-林園,2024-04-19,5927
00665L,富邦�琤肭磪囓�2,21,3,18,元富-林園,2024-04-19,5927
2301,光寶科,19,1,18,元富-林園,2024-04-19,5927
5880,合庫金,17,0,17,元富-林園,2024-04-19,5927
1314,中石化,29,12,17,元富-林園,2024-04-19,5927
2371,大同,156,139,17,元富-林園,2024-04-19,5927
2374,佳能,28,11,17,元富-林園,2024-04-19,5927
6182,合晶,16,0,16,元富-林園,2024-04-19,5927
2344,華邦電,18,2,16,元富-林園,2024-04-19,5927
2329,華泰,26,10,16,元富-林園,2024-04-19,5927
3645,達邁,21,6,15,元富-林園,2024-04-19,5927
1722,台肥,15,0,15,元富-林園,2024-04-19,5927
3013,晟銘電,52,37,15,元富-林園,2024-04-19,5927
3576,聯合再生,15,0,15,元富-林園,2024-04-19,5927
00929,復華台灣科技優息,167,9,158,元富-林園,2024-04-22,5927
00940,元大台灣價值高息,146,7,139,元富-林園,2024-04-22,5927
2010,春源,75,0,75,元富-林園,2024-04-22,5927
00939,統一台灣高息動能,64,1,63,元富-林園,2024-04-22,5927
1603,華電,53,0,53,元富-林園,2024-04-22,5927
5521,工信,90,41,49,元富-林園,2024-04-22,5927
1504,東元,93,45,48,元富-林園,2024-04-22,5927
2511,太子,51,11,40,元富-林園,2024-04-22,5927
3231,緯創,45,10,35,元富-林園,2024-04-22,5927
4303,信立,30,0,30,元富-林園,2024-04-22,5927
00937B,群益ESG投等債20,44,15,29,元富-林園,2024-04-22,5927
3013,晟銘電,38,12,26,元富-林園,2024-04-22,5927
3481,群創,58,32,26,元富-林園,2024-04-22,5927
00712,復華富時不動產,25,0,25,元富-林園,2024-04-22,5927
2634,漢翔,27,2,25,元富-林園,2024-04-22,5927
1609,大亞,148,124,24,元富-林園,2024-04-22,5927
6282,康舒,26,2,24,元富-林園,2024-04-22,5927
2344,華邦電,25,2,23,元富-林園,2024-04-22,5927
2303,聯電,27,5,22,元富-林園,2024-04-22,5927
2329,華泰,35,14,21,元富-林園,2024-04-22,5927
4931,新盛力,20,0,20,元富-林園,2024-04-22,5927
2611,志信,20,0,20,元富-林園,2024-04-22,5927
1409,新纖,20,1,19,元富-林園,2024-04-22,5927
1439,雋揚,20,1,19,元富-林園,2024-04-22,5927
3703,欣陸,60,41,19,元富-林園,2024-04-22,5927
3264,欣銓,18,0,18,元富-林園,2024-04-22,5927
1305,華夏,17,0,17,元富-林園,2024-04-22,5927
2534,宏盛,24,7,17,元富-林園,2024-04-22,5927
2409,友達,16,0,16,元富-林園,2024-04-22,5927
00679B,元大美債20年,16,0,16,元富-林園,2024-04-22,5927
1612,宏泰,18,2,16,元富-林園,2024-04-22,5927
1440,南紡,20,6,14,元富-林園,2024-04-22,5927
6290,良維,14,0,14,元富-林園,2024-04-22,5927
2542,興富發,19,6,13,元富-林園,2024-04-22,5927
2801,彰銀,13,0,13,元富-林園,2024-04-22,5927
2605,新興,30,17,13,元富-林園,2024-04-22,5927
1616,億泰,27,15,12,元富-林園,2024-04-22,5927
0056,元大高股息,14,2,12,元富-林園,2024-04-22,5927
1608,華榮,32,20,12,元富-林園,2024-04-22,5927
2515,中工,90,79,11,元富-林園,2024-04-22,5927
00850,元大臺灣ESG永續,10,0,10,元富-林園,2024-04-22,5927
2369,菱生,10,0,10,元富-林園,2024-04-22,5927
2401,凌陽,10,0,10,元富-林園,2024-04-22,5927
4123,晟德,10,0,10,元富-林園,2024-04-22,5927
4924,欣厚-KY,10,0,10,元富-林園,2024-04-22,5927
6219,富旺,11,1,10,元富-林園,2024-04-22,5927
6615,慧智,10,0,10,元富-林園,2024-04-22,5927
8076,伍豐,10,0,10,元富-林園,2024-04-22,5927
9904,寶成,10,0,10,元富-林園,2024-04-22,5927
2537,聯上發,11,1,10,元富-林園,2024-04-22,5927
00940,元大台灣價值高息,94,3,91,元富-林園,2024-04-23,5927
00937B,群益ESG投等債20,130,47,83,元富-林園,2024-04-23,5927
00929,復華台灣科技優息,96,17,79,元富-林園,2024-04-23,5927
2401,凌陽,73,2,71,元富-林園,2024-04-23,5927
2542,興富發,55,0,55,元富-林園,2024-04-23,5927
6125,廣運,51,10,41,元富-林園,2024-04-23,5927
2013,中鋼構,30,1,29,元富-林園,2024-04-23,5927
1316,上曜,31,3,28,元富-林園,2024-04-23,5927
5213,亞昕,25,0,25,元富-林園,2024-04-23,5927
2303,聯電,24,0,24,元富-林園,2024-04-23,5927
2509,全坤建,27,6,21,元富-林園,2024-04-23,5927
2371,大同,156,136,20,元富-林園,2024-04-23,5927
00715L,期街口布蘭特正2,20,0,20,元富-林園,2024-04-23,5927
2888,新光金,33,13,20,元富-林園,2024-04-23,5927
3230,錦明,20,0,20,元富-林園,2024-04-23,5927
2885,元大金,20,0,20,元富-林園,2024-04-23,5927
9902,台火,19,0,19,元富-林園,2024-04-23,5927
1785,光洋科,18,0,18,元富-林園,2024-04-23,5927
2313,華通,17,1,16,元富-林園,2024-04-23,5927
1611,中電,15,0,15,元富-林園,2024-04-23,5927
2515,中工,52,37,15,元富-林園,2024-04-23,5927
2610,華航,25,10,15,元富-林園,2024-04-23,5927
1616,億泰,14,0,14,元富-林園,2024-04-23,5927
2101,南港,23,9,14,元富-林園,2024-04-23,5927
2344,華邦電,18,4,14,元富-林園,2024-04-23,5927
3287,廣寰科,13,0,13,元富-林園,2024-04-23,5927
1101,台泥,12,1,11,元富-林園,2024-04-23,5927
00939,統一台灣高息動能,11,0,11,元富-林園,2024-04-23,5927
1605,華新,14,3,11,元富-林園,2024-04-23,5927
2337,旺宏,11,0,11,元富-林園,2024-04-23,5927
2547,日勝生,21,10,11,元富-林園,2024-04-23,5927
5521,工信,12,1,11,元富-林園,2024-04-23,5927
2301,光寶科,14,4,10,元富-林園,2024-04-23,5927
2887,台新金,10,0,10,元富-林園,2024-04-23,5927
2103,台橡,10,0,10,元富-林園,2024-04-23,5927
2367,燿華,16,6,10,元富-林園,2024-04-23,5927
2801,彰銀,10,0,10,元富-林園,2024-04-23,5927
2883,凱基金,20,10,10,元富-林園,2024-04-23,5927
3312,弘憶股,11,1,10,元富-林園,2024-04-23,5927
4123,晟德,10,0,10,元富-林園,2024-04-23,5927
4402,郡都開發,10,0,10,元富-林園,2024-04-23,5927
8028,昇陽半導體,13,3,10,元富-林園,2024-04-23,5927
2374,佳能,22,13,9,元富-林園,2024-04-23,5927
2449,京元電子,12,3,9,元富-林園,2024-04-23,5927
5512,力麒,14,5,9,元富-林園,2024-04-23,5927
00941,中信上游半導體,8,0,8,元富-林園,2024-04-23,5927
8034,榮群,8,0,8,元富-林園,2024-04-23,5927
1314,中石化,9,2,7,元富-林園,2024-04-23,5927
2353,宏��,7,0,7,元富-林園,2024-04-23,5927
6770,力積電,8,1,7,元富-林園,2024-04-23,5927
00637L,元大滬深300正2,484,264,220,元富-林園,2024-04-24,5927
2867,三商壽,200,0,200,元富-林園,2024-04-24,5927
00688L,國泰20年美債正2,70,0,70,元富-林園,2024-04-24,5927
2888,新光金,82,12,70,元富-林園,2024-04-24,5927
2886,兆豐金,52,0,52,元富-林園,2024-04-24,5927
3481,群創,53,2,51,元富-林園,2024-04-24,5927
2027,大成鋼,44,0,44,元富-林園,2024-04-24,5927
1314,中石化,41,8,33,元富-林園,2024-04-24,5927
4562,穎漢,31,0,31,元富-林園,2024-04-24,5927
2547,日勝生,30,1,29,元富-林園,2024-04-24,5927
2409,友達,27,0,27,元富-林園,2024-04-24,5927
2206,三陽工業,52,31,21,元富-林園,2024-04-24,5927
2427,三商電,16,0,16,元富-林園,2024-04-24,5927
00687B,國泰20年美債,16,0,16,元富-林園,2024-04-24,5927
2634,漢翔,32,17,15,元富-林園,2024-04-24,5927
2610,華航,44,30,14,元富-林園,2024-04-24,5927
00679B,元大美債20年,13,0,13,元富-林園,2024-04-24,5927
00937B,群益ESG投等債20,12,0,12,元富-林園,2024-04-24,5927
6235,華孚,12,0,12,元富-林園,2024-04-24,5927
00941,中信上游半導體,13,2,11,元富-林園,2024-04-24,5927
00931B,統一美債20年,11,0,11,元富-林園,2024-04-24,5927
2506,太設,11,0,11,元富-林園,2024-04-24,5927
00927,群益半導體收益,10,0,10,元富-林園,2024-04-24,5927
1536,和大,10,0,10,元富-林園,2024-04-24,5927
2637,慧洋-KY,14,4,10,元富-林園,2024-04-24,5927
4303,信立,14,4,10,元富-林園,2024-04-24,5927
3056,富華新,11,2,9,元富-林園,2024-04-24,5927
6438,迅得,11,2,9,元富-林園,2024-04-24,5927
00919,群益台灣精選高息,10,2,8,元富-林園,2024-04-24,5927
3033,威健,14,6,8,元富-林園,2024-04-24,5927
6462,神盾,14,6,8,元富-林園,2024-04-24,5927
1305,華夏,7,0,7,元富-林園,2024-04-24,5927
00712,復華富時不動產,10,3,7,元富-林園,2024-04-24,5927
00915,凱基優選高股息30,7,0,7,元富-林園,2024-04-24,5927
6233,旺玖,8,1,7,元富-林園,2024-04-24,5927
6770,力積電,20,13,7,元富-林園,2024-04-24,5927
3035,智原,8,2,6,元富-林園,2024-04-24,5927
8096,擎亞,6,0,6,元富-林園,2024-04-24,5927
00934,中信成長高股息,7,1,6,元富-林園,2024-04-24,5927
00664R,國泰臺灣加權反1,6,0,6,元富-林園,2024-04-24,5927
1514,亞力,12,6,6,元富-林園,2024-04-24,5927
2105,正新,6,0,6,元富-林園,2024-04-24,5927
2511,太子,6,0,6,元富-林園,2024-04-24,5927
3052,夆典,7,1,6,元富-林園,2024-04-24,5927
3060,銘異,6,0,6,元富-林園,2024-04-24,5927
1905,華紙,5,0,5,元富-林園,2024-04-24,5927
2049,上銀,5,0,5,元富-林園,2024-04-24,5927
2101,南港,12,7,5,元富-林園,2024-04-24,5927
2348,海悅,5,0,5,元富-林園,2024-04-24,5927
2890,永豐金,5,0,5,元富-林園,2024-04-24,5927
2515,中工,1046,34,1012,元富-林園,2024-04-25,5927
2610,華航,93,16,77,元富-林園,2024-04-25,5927
00665L,富邦�琤肭磪囓�2,70,0,70,元富-林園,2024-04-25,5927
00680L,元大美債20正2,60,0,60,元富-林園,2024-04-25,5927
1314,中石化,64,10,54,元富-林園,2024-04-25,5927
00632R,元大台灣50反1,435,384,51,元富-林園,2024-04-25,5927
00929,復華台灣科技優息,51,1,50,元富-林園,2024-04-25,5927
2812,台中銀,49,0,49,元富-林園,2024-04-25,5927
00937B,群益ESG投等債20,43,0,43,元富-林園,2024-04-25,5927
3675,德微,40,0,40,元富-林園,2024-04-25,5927
3231,緯創,45,10,35,元富-林園,2024-04-25,5927
2029,盛餘,32,0,32,元富-林園,2024-04-25,5927
6188,廣明,56,25,31,元富-林園,2024-04-25,5927
2834,臺企銀,30,0,30,元富-林園,2024-04-25,5927
6770,力積電,32,2,30,元富-林園,2024-04-25,5927
2618,長榮航,104,78,26,元富-林園,2024-04-25,5927
1504,東元,26,1,25,元富-林園,2024-04-25,5927
2885,元大金,20,0,20,元富-林園,2024-04-25,5927
3024,憶聲,24,5,19,元富-林園,2024-04-25,5927
2367,燿華,22,4,18,元富-林園,2024-04-25,5927
4303,信立,21,3,18,元富-林園,2024-04-25,5927
00720B,元大投資級公司債,18,0,18,元富-林園,2024-04-25,5927
3013,晟銘電,31,13,18,元富-林園,2024-04-25,5927
2371,大同,38,21,17,元富-林園,2024-04-25,5927
2317,鴻海,46,30,16,元富-林園,2024-04-25,5927
2547,日勝生,16,0,16,元富-林園,2024-04-25,5927
2401,凌陽,15,0,15,元富-林園,2024-04-25,5927
4919,新唐,15,0,15,元富-林園,2024-04-25,5927
00931B,統一美債20年,14,0,14,元富-林園,2024-04-25,5927
00878,國泰永續高股息,14,0,14,元富-林園,2024-04-25,5927
00919,群益台灣精選高息,12,0,12,元富-林園,2024-04-25,5927
3622,洋華,12,0,12,元富-林園,2024-04-25,5927
4426,利勤,12,0,12,元富-林園,2024-04-25,5927
2883,凱基金,11,0,11,元富-林園,2024-04-25,5927
2353,宏��,12,1,11,元富-林園,2024-04-25,5927
2886,兆豐金,11,0,11,元富-林園,2024-04-25,5927
3017,奇鋐,14,4,10,元富-林園,2024-04-25,5927
6753,龍德造船,12,2,10,元富-林園,2024-04-25,5927
1536,和大,11,1,10,元富-林園,2024-04-25,5927
2103,台橡,10,0,10,元富-林園,2024-04-25,5927
1313,聯成,10,0,10,元富-林園,2024-04-25,5927
4532,瑞智,10,0,10,元富-林園,2024-04-25,5927
5531,鄉林,13,3,10,元富-林園,2024-04-25,5927
00679B,元大美債20年,11,1,10,元富-林園,2024-04-25,5927
2731,雄獅,12,3,9,元富-林園,2024-04-25,5927
5533,皇鼎,19,10,9,元富-林園,2024-04-25,5927
2354,鴻準,9,1,8,元富-林園,2024-04-25,5927
2352,佳世達,8,0,8,元富-林園,2024-04-25,5927
8089,康全電訊,8,0,8,元富-林園,2024-04-25,5927
9902,台火,13,5,8,元富-林園,2024-04-25,5927
6207,雷科,101,22,79,元富-林園,2024-04-26,5927
00937B,群益ESG投等債20,66,0,66,元富-林園,2024-04-26,5927
2388,威盛,58,4,54,元富-林園,2024-04-26,5927
00929,復華台灣科技優息,78,27,51,元富-林園,2024-04-26,5927
3481,群創,66,15,51,元富-林園,2024-04-26,5927
3056,富華新,47,1,46,元富-林園,2024-04-26,5927
1413,宏洲,40,0,40,元富-林園,2024-04-26,5927
2356,英業達,40,5,35,元富-林園,2024-04-26,5927
00632R,元大台灣50反1,80,50,30,元富-林園,2024-04-26,5927
6290,良維,27,0,27,元富-林園,2024-04-26,5927
00665L,富邦�琤肭磪囓�2,30,5,25,元富-林園,2024-04-26,5927
4909,新復興,26,4,22,元富-林園,2024-04-26,5927
1316,上曜,26,5,21,元富-林園,2024-04-26,5927
1339,昭輝,20,0,20,元富-林園,2024-04-26,5927
2303,聯電,38,18,20,元富-林園,2024-04-26,5927
1810,和成,21,2,19,元富-林園,2024-04-26,5927
6213,聯茂,20,1,19,元富-林園,2024-04-26,5927
1504,東元,24,6,18,元富-林園,2024-04-26,5927
3231,緯創,25,7,18,元富-林園,2024-04-26,5927
00679B,元大美債20年,18,1,17,元富-林園,2024-04-26,5927
2349,錸德,15,0,15,元富-林園,2024-04-26,5927
3047,訊舟,22,7,15,元富-林園,2024-04-26,5927
3163,波若威,17,2,15,元富-林園,2024-04-26,5927
4402,郡都開發,13,0,13,元富-林園,2024-04-26,5927
6197,佳必琪,25,12,13,元富-林園,2024-04-26,5927
1305,華夏,12,0,12,元富-林園,2024-04-26,5927
00931B,統一美債20年,12,0,12,元富-林園,2024-04-26,5927
5521,工信,12,0,12,元富-林園,2024-04-26,5927
3013,晟銘電,28,17,11,元富-林園,2024-04-26,5927
6552,易華電,15,4,11,元富-林園,2024-04-26,5927
2883,凱基金,11,1,10,元富-林園,2024-04-26,5927
00680L,元大美債20正2,10,0,10,元富-林園,2024-04-26,5927
00935,野村臺灣新科技50,10,0,10,元富-林園,2024-04-26,5927
1909,榮成,10,0,10,元富-林園,2024-04-26,5927
2401,凌陽,10,0,10,元富-林園,2024-04-26,5927
2892,第一金,12,2,10,元富-林園,2024-04-26,5927
3312,弘憶股,25,15,10,元富-林園,2024-04-26,5927
4123,晟德,10,0,10,元富-林園,2024-04-26,5927
5515,建國,10,0,10,元富-林園,2024-04-26,5927
6275,元山,12,2,10,元富-林園,2024-04-26,5927
1609,大亞,102,92,10,元富-林園,2024-04-26,5927
2103,台橡,8,0,8,元富-林園,2024-04-26,5927
2867,三商壽,10,2,8,元富-林園,2024-04-26,5927
3052,夆典,8,0,8,元富-林園,2024-04-26,5927
3675,德微,8,0,8,元富-林園,2024-04-26,5927
6558,興能高,8,0,8,元富-林園,2024-04-26,5927
2611,志信,11,4,7,元富-林園,2024-04-26,5927
3264,欣銓,7,0,7,元富-林園,2024-04-26,5927
2365,昆盈,11,5,6,元富-林園,2024-04-26,5927
4968,立積,7,1,6,元富-林園,2024-04-26,5927
2880,華南金,117,9,108,元富-林園,2024-04-29,5927
00753L,中信中國50正2,105,0,105,元富-林園,2024-04-29,5927
2888,新光金,108,35,73,元富-林園,2024-04-29,5927
2515,中工,95,27,68,元富-林園,2024-04-29,5927
00929,復華台灣科技優息,101,50,51,元富-林園,2024-04-29,5927
1815,富喬,61,11,50,元富-林園,2024-04-29,5927
2547,日勝生,69,20,49,元富-林園,2024-04-29,5927
4123,晟德,35,0,35,元富-林園,2024-04-29,5927
00878,國泰永續高股息,43,11,32,元富-林園,2024-04-29,5927
2363,矽統,74,44,30,元富-林園,2024-04-29,5927
8234,新漢,32,3,29,元富-林園,2024-04-29,5927
3481,群創,56,27,29,元富-林園,2024-04-29,5927
1605,華新,30,2,28,元富-林園,2024-04-29,5927
00937B,群益ESG投等債20,27,0,27,元富-林園,2024-04-29,5927
3231,緯創,31,5,26,元富-林園,2024-04-29,5927
5521,工信,29,3,26,元富-林園,2024-04-29,5927
00688L,國泰20年美債正2,20,0,20,元富-林園,2024-04-29,5927
00680L,元大美債20正2,20,0,20,元富-林園,2024-04-29,5927
00706L,期元大S＆P日圓正2,19,0,19,元富-林園,2024-04-29,5927
3490,單井,19,0,19,元富-林園,2024-04-29,5927
2101,南港,30,11,19,元富-林園,2024-04-29,5927
2913,農林,30,12,18,元富-林園,2024-04-29,5927
1229,聯華,16,0,16,元富-林園,2024-04-29,5927
2409,友達,18,3,15,元富-林園,2024-04-29,5927
2356,英業達,20,7,13,元富-林園,2024-04-29,5927
6269,台郡,15,2,13,元富-林園,2024-04-29,5927
2834,臺企銀,20,8,12,元富-林園,2024-04-29,5927
5512,力麒,25,13,12,元富-林園,2024-04-29,5927
2511,太子,16,5,11,元富-林園,2024-04-29,5927
6552,易華電,13,2,11,元富-林園,2024-04-29,5927
8069,元太,10,0,10,元富-林園,2024-04-29,5927
00665L,富邦�琤肭磪囓�2,15,5,10,元富-林園,2024-04-29,5927
2337,旺宏,20,10,10,元富-林園,2024-04-29,5927
3218,大學光,10,0,10,元富-林園,2024-04-29,5927
3322,建舜電,10,0,10,元富-林園,2024-04-29,5927
3707,漢磊,10,0,10,元富-林園,2024-04-29,5927
6244,茂迪,44,35,9,元富-林園,2024-04-29,5927
8112,至上,10,1,9,元富-林園,2024-04-29,5927
2520,冠德,14,6,8,元富-林園,2024-04-29,5927
3711,日月光投控,10,2,8,元富-林園,2024-04-29,5927
1447,力鵬,10,2,8,元富-林園,2024-04-29,5927
2607,榮運,14,6,8,元富-林園,2024-04-29,5927
4513,福裕,13,5,8,元富-林園,2024-04-29,5927
6139,亞翔,22,14,8,元富-林園,2024-04-29,5927
2460,建通,7,0,7,元富-林園,2024-04-29,5927
2729,瓦城,7,0,7,元富-林園,2024-04-29,5927
9945,潤泰新,8,1,7,元富-林園,2024-04-29,5927
6215,和椿,12,6,6,元富-林園,2024-04-29,5927
6125,廣運,11,5,6,元富-林園,2024-04-29,5927
00664R,國泰臺灣加權反1,6,0,6,元富-林園,2024-04-29,5927
4127,天良,203,1,202,元富-林園,2024-04-30,5927
00929,復華台灣科技優息,143,0,143,元富-林園,2024-04-30,5927
00637L,元大滬深300正2,370,240,130,元富-林園,2024-04-30,5927
1304,台聚,117,0,117,元富-林園,2024-04-30,5927
2610,華航,200,90,110,元富-林園,2024-04-30,5927
2515,中工,78,17,61,元富-林園,2024-04-30,5927
3234,光環,48,0,48,元富-林園,2024-04-30,5927
2406,國碩,72,25,47,元富-林園,2024-04-30,5927
2888,新光金,57,17,40,元富-林園,2024-04-30,5927
00632R,元大台灣50反1,511,482,29,元富-林園,2024-04-30,5927
8050,廣積,30,4,26,元富-林園,2024-04-30,5927
00919,群益台灣精選高息,21,0,21,元富-林園,2024-04-30,5927
2013,中鋼構,20,0,20,元富-林園,2024-04-30,5927
3703,欣陸,20,0,20,元富-林園,2024-04-30,5927
8105,凌巨,20,0,20,元富-林園,2024-04-30,5927
9902,台火,19,0,19,元富-林園,2024-04-30,5927
6290,良維,19,1,18,元富-林園,2024-04-30,5927
2356,英業達,21,3,18,元富-林園,2024-04-30,5927
5392,能率,17,0,17,元富-林園,2024-04-30,5927
4979,華星光,18,2,16,元富-林園,2024-04-30,5927
2611,志信,29,15,14,元富-林園,2024-04-30,5927
5515,建國,18,5,13,元富-林園,2024-04-30,5927
2511,太子,22,10,12,元富-林園,2024-04-30,5927
00939,統一台灣高息動能,13,2,11,元富-林園,2024-04-30,5927
2355,敬鵬,11,0,11,元富-林園,2024-04-30,5927
2449,京元電子,11,0,11,元富-林園,2024-04-30,5927
2606,裕民,21,10,11,元富-林園,2024-04-30,5927
3490,單井,13,2,11,元富-林園,2024-04-30,5927
1815,富喬,18,7,11,元富-林園,2024-04-30,5927
2317,鴻海,13,3,10,元富-林園,2024-04-30,5927
00713,元大台灣高息低波,10,0,10,元富-林園,2024-04-30,5927
1611,中電,10,0,10,元富-林園,2024-04-30,5927
2405,輔信,10,0,10,元富-林園,2024-04-30,5927
2641,正德,10,0,10,元富-林園,2024-04-30,5927
3058,立德,10,0,10,元富-林園,2024-04-30,5927
5512,力麒,10,0,10,元富-林園,2024-04-30,5927
6875,國邑*,10,0,10,元富-林園,2024-04-30,5927
8401,白紗科,10,0,10,元富-林園,2024-04-30,5927
1229,聯華,10,0,10,元富-林園,2024-04-30,5927
2501,國建,19,10,9,元富-林園,2024-04-30,5927
2206,三陽工業,10,1,9,元富-林園,2024-04-30,5927
6182,合晶,14,5,9,元富-林園,2024-04-30,5927
6197,佳必琪,11,2,9,元富-林園,2024-04-30,5927
00937B,群益ESG投等債20,8,0,8,元富-林園,2024-04-30,5927
2913,農林,11,3,8,元富-林園,2024-04-30,5927
6227,茂綸,8,0,8,元富-林園,2024-04-30,5927
3224,三顧,9,2,7,元富-林園,2024-04-30,5927
4303,信立,25,18,7,元富-林園,2024-04-30,5927
8068,全達,7,0,7,元富-林園,2024-04-30,5927
1905,華紙,6,0,6,元富-林園,2024-04-30,5927
00937B,群益ESG投等債20,552,72,480,元富-林園,2024-05-02,5927
1314,中石化,457,307,150,元富-林園,2024-05-02,5927
2401,凌陽,140,0,140,元富-林園,2024-05-02,5927
3481,群創,133,0,133,元富-林園,2024-05-02,5927
5864,致和證,87,0,87,元富-林園,2024-05-02,5927
2303,聯電,91,6,85,元富-林園,2024-05-02,5927
00940,元大台灣價值高息,60,0,60,元富-林園,2024-05-02,5927
00878,國泰永續高股息,50,0,50,元富-林園,2024-05-02,5927
00715L,期街口布蘭特正2,45,0,45,元富-林園,2024-05-02,5927
3707,漢磊,36,0,36,元富-林園,2024-05-02,5927
2101,南港,37,4,33,元富-林園,2024-05-02,5927
2371,大同,43,10,33,元富-林園,2024-05-02,5927
2886,兆豐金,30,0,30,元富-林園,2024-05-02,5927
00936,台新永續高息中小,30,0,30,元富-林園,2024-05-02,5927
3033,威健,40,10,30,元富-林園,2024-05-02,5927
8064,東捷,29,1,28,元富-林園,2024-05-02,5927
2615,萬海,27,6,21,元富-林園,2024-05-02,5927
00673R,期元大S＆P原油反1,20,0,20,元富-林園,2024-05-02,5927
1618,合機,20,0,20,元富-林園,2024-05-02,5927
3706,神達,20,1,19,元富-林園,2024-05-02,5927
2317,鴻海,22,4,18,元富-林園,2024-05-02,5927
1609,大亞,51,34,17,元富-林園,2024-05-02,5927
2337,旺宏,17,0,17,元富-林園,2024-05-02,5927
3703,欣陸,22,5,17,元富-林園,2024-05-02,5927
6770,力積電,25,8,17,元富-林園,2024-05-02,5927
2515,中工,44,29,15,元富-林園,2024-05-02,5927
9955,佳龍,15,0,15,元富-林園,2024-05-02,5927
2308,台達電,15,2,13,元富-林園,2024-05-02,5927
4526,東台,16,3,13,元富-林園,2024-05-02,5927
00929,復華台灣科技優息,13,0,13,元富-林園,2024-05-02,5927
2409,友達,14,2,12,元富-林園,2024-05-02,5927
2208,台船,12,0,12,元富-林園,2024-05-02,5927
2501,國建,41,30,11,元富-林園,2024-05-02,5927
4532,瑞智,11,0,11,元富-林園,2024-05-02,5927
6120,達運,11,0,11,元富-林園,2024-05-02,5927
1413,宏洲,10,0,10,元富-林園,2024-05-02,5927
1725,元禎,10,0,10,元富-林園,2024-05-02,5927
2324,仁寶,11,1,10,元富-林園,2024-05-02,5927
2534,宏盛,13,3,10,元富-林園,2024-05-02,5927
2845,遠東銀,10,0,10,元富-林園,2024-05-02,5927
5426,振發,10,0,10,元富-林園,2024-05-02,5927
6153,嘉聯益,10,0,10,元富-林園,2024-05-02,5927
6668,中揚光,10,0,10,元富-林園,2024-05-02,5927
8105,凌巨,10,0,10,元富-林園,2024-05-02,5927
2353,宏��,24,15,9,元富-林園,2024-05-02,5927
00687B,國泰20年美債,9,0,9,元富-林園,2024-05-02,5927
1440,南紡,16,7,9,元富-林園,2024-05-02,5927
1459,聯發,9,0,9,元富-林園,2024-05-02,5927
2367,燿華,12,3,9,元富-林園,2024-05-02,5927
4566,時碩工業,9,0,9,元富-林園,2024-05-02,5927
5009,榮剛,123,5,118,元富-林園,2024-05-03,5927
00937B,群益ESG投等債20,69,0,69,元富-林園,2024-05-03,5927
00632R,元大台灣50反1,220,160,60,元富-林園,2024-05-03,5927
6120,達運,50,1,49,元富-林園,2024-05-03,5927
2014,中鴻,41,2,39,元富-林園,2024-05-03,5927
3231,緯創,38,3,35,元富-林園,2024-05-03,5927
2547,日勝生,64,29,35,元富-林園,2024-05-03,5927
00715L,期街口布蘭特正2,32,0,32,元富-林園,2024-05-03,5927
00940,元大台灣價值高息,29,1,28,元富-林園,2024-05-03,5927
2401,凌陽,30,2,28,元富-林園,2024-05-03,5927
00878,國泰永續高股息,28,1,27,元富-林園,2024-05-03,5927
6170,統振,27,0,27,元富-林園,2024-05-03,5927
6770,力積電,64,37,27,元富-林園,2024-05-03,5927
6113,亞矽,28,2,26,元富-林園,2024-05-03,5927
2501,國建,53,30,23,元富-林園,2024-05-03,5927
2609,陽明,26,4,22,元富-林園,2024-05-03,5927
2889,國票金,55,32,23,元富-林園,2024-05-03,5927
1504,東元,33,12,21,元富-林園,2024-05-03,5927
00712,復華富時不動產,19,0,19,元富-林園,2024-05-03,5927
2506,太設,20,1,19,元富-林園,2024-05-03,5927
2834,臺企銀,32,13,19,元富-林園,2024-05-03,5927
2867,三商壽,19,0,19,元富-林園,2024-05-03,5927
1612,宏泰,18,1,17,元富-林園,2024-05-03,5927
2705,六福,21,5,16,元富-林園,2024-05-03,5927
00665L,富邦�琤肭磪囓�2,15,1,14,元富-林園,2024-05-03,5927
1609,大亞,22,9,13,元富-林園,2024-05-03,5927
00929,復華台灣科技優息,21,8,13,元富-林園,2024-05-03,5927
2913,農林,13,0,13,元富-林園,2024-05-03,5927
3013,晟銘電,17,4,13,元富-林園,2024-05-03,5927
3041,揚智,13,0,13,元富-林園,2024-05-03,5927
6176,瑞儀,19,6,13,元富-林園,2024-05-03,5927
3707,漢磊,12,0,12,元富-林園,2024-05-03,5927
1514,亞力,33,21,12,元富-林園,2024-05-03,5927
6191,精成科,11,0,11,元富-林園,2024-05-03,5927
00882,中信中國高股息,10,0,10,元富-林園,2024-05-03,5927
2009,第一銅,13,3,10,元富-林園,2024-05-03,5927
2515,中工,31,21,10,元富-林園,2024-05-03,5927
3014,聯陽,10,0,10,元富-林園,2024-05-03,5927
4534,慶騰,10,0,10,元富-林園,2024-05-03,5927
4716,大立,10,0,10,元富-林園,2024-05-03,5927
4968,立積,10,0,10,元富-林園,2024-05-03,5927
5531,鄉林,27,17,10,元富-林園,2024-05-03,5927
6266,泰詠,10,0,10,元富-林園,2024-05-03,5927
6227,茂綸,9,0,9,元富-林園,2024-05-03,5927
2883,凱基金,10,1,9,元富-林園,2024-05-03,5927
2812,台中銀,9,0,9,元富-林園,2024-05-03,5927
2101,南港,21,13,8,元富-林園,2024-05-03,5927
1459,聯發,8,0,8,元富-林園,2024-05-03,5927
2380,虹光,8,0,8,元富-林園,2024-05-03,5927
3357,臺慶科,15,7,8,元富-林園,2024-05-03,5927
00637L,元大滬深300正2,460,120,340,元富-林園,2024-05-06,5927
00687B,國泰20年美債,200,1,199,元富-林園,2024-05-06,5927
00688L,國泰20年美債正2,135,4,131,元富-林園,2024-05-06,5927
00919,群益台灣精選高息,54,0,54,元富-林園,2024-05-06,5927
00937B,群益ESG投等債20,52,0,52,元富-林園,2024-05-06,5927
3312,弘憶股,51,2,49,元富-林園,2024-05-06,5927
6125,廣運,54,8,46,元富-林園,2024-05-06,5927
4967,十銓,45,1,44,元富-林園,2024-05-06,5927
4303,信立,59,30,29,元富-林園,2024-05-06,5927
2354,鴻準,46,22,24,元富-林園,2024-05-06,5927
5512,力麒,30,6,24,元富-林園,2024-05-06,5927
1316,上曜,32,11,21,元富-林園,2024-05-06,5927
00932,兆豐永續高息等權,20,0,20,元富-林園,2024-05-06,5927
2206,三陽工業,22,2,20,元富-林園,2024-05-06,5927
4716,大立,20,0,20,元富-林園,2024-05-06,5927
4919,新唐,20,0,20,元富-林園,2024-05-06,5927
5531,鄉林,27,7,20,元富-林園,2024-05-06,5927
2449,京元電子,32,12,20,元富-林園,2024-05-06,5927
5347,世界,20,1,19,元富-林園,2024-05-06,5927
9902,台火,19,0,19,元富-林園,2024-05-06,5927
6770,力積電,31,12,19,元富-林園,2024-05-06,5927
9933,中鼎,34,16,18,元富-林園,2024-05-06,5927
00679B,元大美債20年,18,0,18,元富-林園,2024-05-06,5927
1229,聯華,17,0,17,元富-林園,2024-05-06,5927
3481,群創,25,9,16,元富-林園,2024-05-06,5927
2308,台達電,16,0,16,元富-林園,2024-05-06,5927
6282,康舒,16,0,16,元富-林園,2024-05-06,5927
9904,寶成,16,0,16,元富-林園,2024-05-06,5927
1409,新纖,16,0,16,元富-林園,2024-05-06,5927
1809,中釉,15,0,15,元富-林園,2024-05-06,5927
2547,日勝生,14,0,14,元富-林園,2024-05-06,5927
2501,國建,31,17,14,元富-林園,2024-05-06,5927
6834,天二科技,15,1,14,元富-林園,2024-05-06,5927
00665L,富邦�琤肭磪囓�2,13,0,13,元富-林園,2024-05-06,5927
2027,大成鋼,12,0,12,元富-林園,2024-05-06,5927
3557,嘉威,12,0,12,元富-林園,2024-05-06,5927
2605,新興,11,0,11,元富-林園,2024-05-06,5927
2913,農林,11,0,11,元富-林園,2024-05-06,5927
5498,凱崴,24,13,11,元富-林園,2024-05-06,5927
1308,亞聚,10,0,10,元富-林園,2024-05-06,5927
1617,榮星,15,5,10,元富-林園,2024-05-06,5927
2014,中鴻,11,1,10,元富-林園,2024-05-06,5927
2355,敬鵬,10,0,10,元富-林園,2024-05-06,5927
2363,矽統,24,14,10,元富-林園,2024-05-06,5927
2524,京城,10,0,10,元富-林園,2024-05-06,5927
3149,正達,10,0,10,元富-林園,2024-05-06,5927
3522,御嵿,10,0,10,元富-林園,2024-05-06,5927
3702A,大聯大甲特,10,0,10,元富-林園,2024-05-06,5927
5608,四維航,10,0,10,元富-林園,2024-05-06,5927
6419,京晨科,10,0,10,元富-林園,2024-05-06,5927
00857B,永豐20年美公債,243,0,243,元富-林園,2024-05-07,5927
2883,凱基金,120,20,100,元富-林園,2024-05-07,5927
00679B,元大美債20年,100,0,100,元富-林園,2024-05-07,5927
2618,長榮航,93,16,77,元富-林園,2024-05-07,5927
00878,國泰永續高股息,71,0,71,元富-林園,2024-05-07,5927
1314,中石化,59,7,52,元富-林園,2024-05-07,5927
00940,元大台灣價值高息,52,2,50,元富-林園,2024-05-07,5927
2354,鴻準,48,3,45,元富-林園,2024-05-07,5927
2363,矽統,126,83,43,元富-林園,2024-05-07,5927
3013,晟銘電,100,58,42,元富-林園,2024-05-07,5927
00687B,國泰20年美債,40,2,38,元富-林園,2024-05-07,5927
5864,致和證,38,0,38,元富-林園,2024-05-07,5927
2889,國票金,34,0,34,元富-林園,2024-05-07,5927
4303,信立,69,39,30,元富-林園,2024-05-07,5927
2374,佳能,32,6,26,元富-林園,2024-05-07,5927
1905,華紙,20,0,20,元富-林園,2024-05-07,5927
2543,皇昌,20,0,20,元富-林園,2024-05-07,5927
00929,復華台灣科技優息,32,13,19,元富-林園,2024-05-07,5927
8088,品安,24,5,19,元富-林園,2024-05-07,5927
3481,群創,24,6,18,元富-林園,2024-05-07,5927
2834,臺企銀,17,0,17,元富-林園,2024-05-07,5927
2527,宏璟,16,1,15,元富-林園,2024-05-07,5927
8093,保銳,15,0,15,元富-林園,2024-05-07,5927
4973,廣穎,20,6,14,元富-林園,2024-05-07,5927
5871,中租-KY,14,0,14,元富-林園,2024-05-07,5927
1587,吉茂,14,1,13,元富-林園,2024-05-07,5927
2409,友達,13,0,13,元富-林園,2024-05-07,5927
5230,雷笛克光學,16,3,13,元富-林園,2024-05-07,5927
2328,廣宇,17,5,12,元富-林園,2024-05-07,5927
2332,友訊,12,0,12,元富-林園,2024-05-07,5927
5512,力麒,44,32,12,元富-林園,2024-05-07,5927
6213,聯茂,13,2,11,元富-林園,2024-05-07,5927
1513,中興電,13,2,11,元富-林園,2024-05-07,5927
1529,樂事綠能,11,0,11,元富-林園,2024-05-07,5927
1605,華新,11,0,11,元富-林園,2024-05-07,5927
2486,一詮,30,19,11,元富-林園,2024-05-07,5927
2610,華航,11,0,11,元富-林園,2024-05-07,5927
6257,矽格,11,0,11,元富-林園,2024-05-07,5927
00712,復華富時不動產,15,5,10,元富-林園,2024-05-07,5927
2515,中工,38,28,10,元富-林園,2024-05-07,5927
3357,臺慶科,15,5,10,元富-林園,2024-05-07,5927
6026,福邦證,10,0,10,元富-林園,2024-05-07,5927
9902,台火,10,0,10,元富-林園,2024-05-07,5927
00675L,富邦臺灣加權正2,9,0,9,元富-林園,2024-05-07,5927
1409,新纖,11,2,9,元富-林園,2024-05-07,5927
6116,彩晶,9,0,9,元富-林園,2024-05-07,5927
00937B,群益ESG投等債20,24,17,7,元富-林園,2024-05-07,5927
1608,華榮,22,15,7,元富-林園,2024-05-07,5927
2365,昆盈,12,5,7,元富-林園,2024-05-07,5927
3058,立德,7,0,7,元富-林園,2024-05-07,5927
00940,元大台灣價值高息,315,15,300,元富-林園,2024-05-08,5927
00687B,國泰20年美債,160,0,160,元富-林園,2024-05-08,5927
00637L,元大滬深300正2,240,100,140,元富-林園,2024-05-08,5927
2409,友達,107,0,107,元富-林園,2024-05-08,5927
4127,天良,101,7,94,元富-林園,2024-05-08,5927
1605,華新,59,1,58,元富-林園,2024-05-08,5927
1312,國喬,50,0,50,元富-林園,2024-05-08,5927
2367,燿華,96,51,45,元富-林園,2024-05-08,5927
00929,復華台灣科技優息,43,12,31,元富-林園,2024-05-08,5927
1612,宏泰,33,3,30,元富-林園,2024-05-08,5927
3481,群創,43,15,28,元富-林園,2024-05-08,5927
5871,中租-KY,28,3,25,元富-林園,2024-05-08,5927
1504,東元,29,7,22,元富-林園,2024-05-08,5927
1101,台泥,30,12,18,元富-林園,2024-05-08,5927
2002,中鋼,24,7,17,元富-林園,2024-05-08,5927
5531,鄉林,17,0,17,元富-林園,2024-05-08,5927
2603,長榮,30,14,16,元富-林園,2024-05-08,5927
1618,合機,62,46,16,元富-林園,2024-05-08,5927
2353,宏��,16,0,16,元富-林園,2024-05-08,5927
2506,太設,16,0,16,元富-林園,2024-05-08,5927
00919,群益台灣精選高息,17,1,16,元富-林園,2024-05-08,5927
2108,南帝,15,0,15,元富-林園,2024-05-08,5927
00669R,國泰美國道瓊反1,14,0,14,元富-林園,2024-05-08,5927
2317,鴻海,20,6,14,元富-林園,2024-05-08,5927
2637,慧洋-KY,17,3,14,元富-林園,2024-05-08,5927
3490,單井,14,0,14,元富-林園,2024-05-08,5927
8234,新漢,15,1,14,元富-林園,2024-05-08,5927
1609,大亞,68,55,13,元富-林園,2024-05-08,5927
1314,中石化,31,18,13,元富-林園,2024-05-08,5927
5230,雷笛克光學,13,0,13,元富-林園,2024-05-08,5927
1474,弘裕,12,0,12,元富-林園,2024-05-08,5927
2855,統一證,12,0,12,元富-林園,2024-05-08,5927
6215,和椿,12,0,12,元富-林園,2024-05-08,5927
2308,台達電,11,0,11,元富-林園,2024-05-08,5927
2009,第一銅,11,0,11,元富-林園,2024-05-08,5927
2449,京元電子,14,3,11,元富-林園,2024-05-08,5927
2611,志信,11,0,11,元富-林園,2024-05-08,5927
3706,神達,15,4,11,元富-林園,2024-05-08,5927
4958,臻鼎-KY,10,0,10,元富-林園,2024-05-08,5927
00941,中信上游半導體,10,0,10,元富-林園,2024-05-08,5927
00936,台新永續高息中小,10,0,10,元富-林園,2024-05-08,5927
00891,中信關鍵半導體,10,0,10,元富-林園,2024-05-08,5927
00680L,元大美債20正2,10,0,10,元富-林園,2024-05-08,5927
1732,毛寶,10,0,10,元富-林園,2024-05-08,5927
2313,華通,14,4,10,元富-林園,2024-05-08,5927
2834,臺企銀,10,0,10,元富-林園,2024-05-08,5927
5014,建錩,10,0,10,元富-林園,2024-05-08,5927
5493,三聯,10,0,10,元富-林園,2024-05-08,5927
8163,達方,10,0,10,元富-林園,2024-05-08,5927
00878,國泰永續高股息,10,0,10,元富-林園,2024-05-08,5927
1101,台泥,153,1,152,元富-林園,2024-05-09,5927
00940,元大台灣價值高息,124,4,120,元富-林園,2024-05-09,5927
4967,十銓,84,6,78,元富-林園,2024-05-09,5927
3231,緯創,75,8,67,元富-林園,2024-05-09,5927
2367,燿華,104,57,47,元富-林園,2024-05-09,5927
1314,中石化,49,3,46,元富-林園,2024-05-09,5927
00937B,群益ESG投等債20,45,0,45,元富-林園,2024-05-09,5927
2880,華南金,40,0,40,元富-林園,2024-05-09,5927
2547,日勝生,40,0,40,元富-林園,2024-05-09,5927
2409,友達,48,10,38,元富-林園,2024-05-09,5927
00946,群益科技高息成長,32,0,32,元富-林園,2024-05-09,5927
4903,聯光通,31,0,31,元富-林園,2024-05-09,5927
2618,長榮航,45,14,31,元富-林園,2024-05-09,5927
00664R,國泰臺灣加權反1,30,0,30,元富-林園,2024-05-09,5927
00651R,復華香港反1,30,0,30,元富-林園,2024-05-09,5927
2401,凌陽,30,0,30,元富-林園,2024-05-09,5927
1609,大亞,80,54,26,元富-林園,2024-05-09,5927
1339,昭輝,35,10,25,元富-林園,2024-05-09,5927
1714,和桐,31,7,24,元富-林園,2024-05-09,5927
2405,輔信,25,1,24,元富-林園,2024-05-09,5927
2605,新興,139,116,23,元富-林園,2024-05-09,5927
2359,所羅門,32,11,21,元富-林園,2024-05-09,5927
6016,康和證,20,0,20,元富-林園,2024-05-09,5927
5351,鈺創,17,0,17,元富-林園,2024-05-09,5927
2363,矽統,149,133,16,元富-林園,2024-05-09,5927
3036,文曄,18,2,16,元富-林園,2024-05-09,5927
6111,大宇資,16,0,16,元富-林園,2024-05-09,5927
5519,隆大,15,0,15,元富-林園,2024-05-09,5927
00687B,國泰20年美債,26,12,14,元富-林園,2024-05-09,5927
2323,中環,14,0,14,元富-林園,2024-05-09,5927
5871,中租-KY,13,0,13,元富-林園,2024-05-09,5927
1313,聯成,12,0,12,元富-林園,2024-05-09,5927
1725,元禎,12,0,12,元富-林園,2024-05-09,5927
5880,合庫金,11,0,11,元富-林園,2024-05-09,5927
2511,太子,11,0,11,元富-林園,2024-05-09,5927
4513,福裕,11,0,11,元富-林園,2024-05-09,5927
1618,合機,27,17,10,元富-林園,2024-05-09,5927
5201,凱衛,10,0,10,元富-林園,2024-05-09,5927
5383,金利,10,0,10,元富-林園,2024-05-09,5927
8107,大億金茂,11,1,10,元富-林園,2024-05-09,5927
8110,華東,10,0,10,元富-林園,2024-05-09,5927
9902,台火,10,0,10,元富-林園,2024-05-09,5927
2464,盟立,24,15,9,元富-林園,2024-05-09,5927
2892,第一金,9,0,9,元富-林園,2024-05-09,5927
2891,中信金,11,3,8,元富-林園,2024-05-09,5927
4116,明基醫,8,0,8,元富-林園,2024-05-09,5927
2371,大同,71,64,7,元富-林園,2024-05-09,5927
6643,M31,13,6,7,元富-林園,2024-05-09,5927
2014,中鴻,16,9,7,元富-林園,2024-05-09,5927
2408,南亞科,9,2,7,元富-林園,2024-05-09,5927
00929,復華台灣科技優息,1168,31,1137,元富-林園,2024-05-10,5927
00946,群益科技高息成長,241,0,241,元富-林園,2024-05-10,5927
2888,新光金,240,110,130,元富-林園,2024-05-10,5927
00632R,元大台灣50反1,150,63,87,元富-林園,2024-05-10,5927
2547,日勝生,40,0,40,元富-林園,2024-05-10,5927
2514,龍邦,35,0,35,元富-林園,2024-05-10,5927
6215,和椿,34,1,33,元富-林園,2024-05-10,5927
1101,台泥,33,1,32,元富-林園,2024-05-10,5927
2206,三陽工業,30,0,30,元富-林園,2024-05-10,5927
3013,晟銘電,47,19,28,元富-林園,2024-05-10,5927
1314,中石化,37,10,27,元富-林園,2024-05-10,5927
1504,東元,27,1,26,元富-林園,2024-05-10,5927
2486,一詮,56,32,24,元富-林園,2024-05-10,5927
3481,群創,25,1,24,元富-林園,2024-05-10,5927
2317,鴻海,38,15,23,元富-林園,2024-05-10,5927
4958,臻鼎-KY,20,0,20,元富-林園,2024-05-10,5927
00665L,富邦�琤肭磪囓�2,20,0,20,元富-林園,2024-05-10,5927
00664R,國泰臺灣加權反1,20,0,20,元富-林園,2024-05-10,5927
8234,新漢,21,1,20,元富-林園,2024-05-10,5927
8937,合騏,20,0,20,元富-林園,2024-05-10,5927
6770,力積電,28,10,18,元富-林園,2024-05-10,5927
00878,國泰永續高股息,33,17,16,元富-林園,2024-05-10,5927
2409,友達,16,0,16,元富-林園,2024-05-10,5927
2367,燿華,80,65,15,元富-林園,2024-05-10,5927
3312,弘憶股,15,0,15,元富-林園,2024-05-10,5927
2388,威盛,18,5,13,元富-林園,2024-05-10,5927
2324,仁寶,16,3,13,元富-林園,2024-05-10,5927
6116,彩晶,13,0,13,元富-林園,2024-05-10,5927
2614,東森,12,0,12,元富-林園,2024-05-10,5927
2243,宏旭-KY,11,0,11,元富-林園,2024-05-10,5927
8150,南茂,11,0,11,元富-林園,2024-05-10,5927
00651R,復華香港反1,10,0,10,元富-林園,2024-05-10,5927
1316,上曜,10,0,10,元富-林園,2024-05-10,5927
1723,中碳,10,0,10,元富-林園,2024-05-10,5927
2408,南亞科,15,5,10,元富-林園,2024-05-10,5927
2892,第一金,40,30,10,元富-林園,2024-05-10,5927
6548,長科*,10,0,10,元富-林園,2024-05-10,5927
2313,華通,29,20,9,元富-林園,2024-05-10,5927
6207,雷科,9,0,9,元富-林園,2024-05-10,5927
2537,聯上發,7,0,7,元富-林園,2024-05-10,5927
8110,華東,7,0,7,元富-林園,2024-05-10,5927
2801,彰銀,10,4,6,元富-林園,2024-05-10,5927
1618,合機,7,1,6,元富-林園,2024-05-10,5927
3090,日電貿,9,3,6,元富-林園,2024-05-10,5927
3706,神達,26,20,6,元富-林園,2024-05-10,5927
8054,安國,16,10,6,元富-林園,2024-05-10,5927
2338,光罩,6,0,6,元富-林園,2024-05-10,5927
6244,茂迪,46,40,6,元富-林園,2024-05-10,5927
2359,所羅門,12,6,6,元富-林園,2024-05-10,5927
00650L,復華香港正2,5,0,5,元富-林園,2024-05-10,5927
00637L,元大滬深300正2,313,3,310,元富-林園,2024-05-13,5927
00946,群益科技高息成長,112,0,112,元富-林園,2024-05-13,5927
00929,復華台灣科技優息,102,5,97,元富-林園,2024-05-13,5927
2618,長榮航,107,15,92,元富-林園,2024-05-13,5927
2888,新光金,70,3,67,元富-林園,2024-05-13,5927
2029,盛餘,63,0,63,元富-林園,2024-05-13,5927
2891,中信金,53,1,52,元富-林園,2024-05-13,5927
3231,緯創,63,20,43,元富-林園,2024-05-13,5927
00712,復華富時不動產,32,1,31,元富-林園,2024-05-13,5927
00940,元大台灣價值高息,32,1,31,元富-林園,2024-05-13,5927
2883,凱基金,56,29,27,元富-林園,2024-05-13,5927
00939,統一台灣高息動能,28,2,26,元富-林園,2024-05-13,5927
00878,國泰永續高股息,41,16,25,元富-林園,2024-05-13,5927
1785,光洋科,22,0,22,元富-林園,2024-05-13,5927
1321,大洋,20,0,20,元富-林園,2024-05-13,5927
4973,廣穎,20,0,20,元富-林園,2024-05-13,5927
00937B,群益ESG投等債20,24,5,19,元富-林園,2024-05-13,5927
2308,台達電,18,0,18,元富-林園,2024-05-13,5927
3013,晟銘電,30,12,18,元富-林園,2024-05-13,5927
2317,鴻海,24,6,18,元富-林園,2024-05-13,5927
2613,中櫃,17,0,17,元富-林園,2024-05-13,5927
00666R,富邦�琤肭磪齯�1,15,0,15,元富-林園,2024-05-13,5927
5608,四維航,14,0,14,元富-林園,2024-05-13,5927
2542,興富發,20,6,14,元富-林園,2024-05-13,5927
2607,榮運,13,0,13,元富-林園,2024-05-13,5927
2356,英業達,45,33,12,元富-林園,2024-05-13,5927
2606,裕民,28,16,12,元富-林園,2024-05-13,5927
00936,台新永續高息中小,11,0,11,元富-林園,2024-05-13,5927
3260,威剛,18,7,11,元富-林園,2024-05-13,5927
5475,德宏,11,0,11,元富-林園,2024-05-13,5927
5512,力麒,15,4,11,元富-林園,2024-05-13,5927
2371,大同,33,23,10,元富-林園,2024-05-13,5927
2027,大成鋼,10,0,10,元富-林園,2024-05-13,5927
1537,廣隆,10,0,10,元富-林園,2024-05-13,5927
1732,毛寶,10,0,10,元富-林園,2024-05-13,5927
2605,新興,44,34,10,元富-林園,2024-05-13,5927
2739,寒舍,10,0,10,元富-林園,2024-05-13,5927
3028,增你強,10,0,10,元富-林園,2024-05-13,5927
3202,樺晟,10,0,10,元富-林園,2024-05-13,5927
4977,眾達-KY,10,0,10,元富-林園,2024-05-13,5927
6176,瑞儀,23,13,10,元富-林園,2024-05-13,5927
00715L,期街口布蘭特正2,9,0,9,元富-林園,2024-05-13,5927
2359,所羅門,33,24,9,元富-林園,2024-05-13,5927
2641,正德,9,0,9,元富-林園,2024-05-13,5927
6226,光鼎,9,0,9,元富-林園,2024-05-13,5927
6456,GIS-KY,9,0,9,元富-林園,2024-05-13,5927
2612,中航,10,2,8,元富-林園,2024-05-13,5927
00679B,元大美債20年,8,0,8,元富-林園,2024-05-13,5927
5519,隆大,8,0,8,元富-林園,2024-05-13,5927
3481,群創,14,7,7,元富-林園,2024-05-13,5927
00637L,元大滬深300正2,253,0,253,元富-林園,2024-05-14,5927
00946,群益科技高息成長,106,0,106,元富-林園,2024-05-14,5927
9105,泰金寶-DR,100,0,100,元富-林園,2024-05-14,5927
00937B,群益ESG投等債20,84,10,74,元富-林園,2024-05-14,5927
4714,永捷,72,0,72,元富-林園,2024-05-14,5927
2029,盛餘,68,0,68,元富-林園,2024-05-14,5927
2317,鴻海,116,56,60,元富-林園,2024-05-14,5927
00919,群益台灣精選高息,62,6,56,元富-林園,2024-05-14,5927
00679B,元大美債20年,50,0,50,元富-林園,2024-05-14,5927
2641,正德,42,2,40,元富-林園,2024-05-14,5927
2371,大同,103,72,31,元富-林園,2024-05-14,5927
00932,兆豐永續高息等權,30,0,30,元富-林園,2024-05-14,5927
1309,台達化,20,0,20,元富-林園,2024-05-14,5927
6288,聯嘉,17,0,17,元富-林園,2024-05-14,5927
3231,緯創,33,17,16,元富-林園,2024-05-14,5927
2108,南帝,16,0,16,元富-林園,2024-05-14,5927
2374,佳能,32,17,15,元富-林園,2024-05-14,5927
4716,大立,15,0,15,元富-林園,2024-05-14,5927
2605,新興,66,53,13,元富-林園,2024-05-14,5927
6180,橘子,13,0,13,元富-林園,2024-05-14,5927
2427,三商電,15,2,13,元富-林園,2024-05-14,5927
2409,友達,13,1,12,元富-林園,2024-05-14,5927
5225,東科-KY,11,0,11,元富-林園,2024-05-14,5927
1321,大洋,10,0,10,元富-林園,2024-05-14,5927
2023,燁輝,10,0,10,元富-林園,2024-05-14,5927
2369,菱生,10,0,10,元富-林園,2024-05-14,5927
2801,彰銀,10,0,10,元富-林園,2024-05-14,5927
3268,海德威,10,0,10,元富-林園,2024-05-14,5927
3666,光耀,10,0,10,元富-林園,2024-05-14,5927
3703,欣陸,10,0,10,元富-林園,2024-05-14,5927
4562,穎漢,10,0,10,元富-林園,2024-05-14,5927
5475,德宏,11,1,10,元富-林園,2024-05-14,5927
6116,彩晶,10,0,10,元富-林園,2024-05-14,5927
6215,和椿,11,1,10,元富-林園,2024-05-14,5927
5508,永信建,9,0,9,元富-林園,2024-05-14,5927
1603,華電,13,4,9,元富-林園,2024-05-14,5927
6806,森崴能源,10,1,9,元富-林園,2024-05-14,5927
1101,台泥,9,1,8,元富-林園,2024-05-14,5927
1409,新纖,8,0,8,元富-林園,2024-05-14,5927
1524,耿鼎,18,11,7,元富-林園,2024-05-14,5927
1616,億泰,10,3,7,元富-林園,2024-05-14,5927
2634,漢翔,23,16,7,元富-林園,2024-05-14,5927
6227,茂綸,8,1,7,元富-林園,2024-05-14,5927
2301,光寶科,7,1,6,元富-林園,2024-05-14,5927
2891,中信金,6,0,6,元富-林園,2024-05-14,5927
3390,旭軟,11,5,6,元富-林園,2024-05-14,5927
1104,環泥,5,0,5,元富-林園,2024-05-14,5927
00664R,國泰臺灣加權反1,5,0,5,元富-林園,2024-05-14,5927
1531,高林股,5,0,5,元富-林園,2024-05-14,5927
2351,順德,5,0,5,元富-林園,2024-05-14,5927
00946,群益科技高息成長,532,0,532,元富-林園,2024-05-15,5927
2883,凱基金,401,136,265,元富-林園,2024-05-15,5927
00937B,群益ESG投等債20,119,0,119,元富-林園,2024-05-15,5927
2610,華航,62,10,52,元富-林園,2024-05-15,5927
2887,台新金,50,0,50,元富-林園,2024-05-15,5927
2486,一詮,98,60,38,元富-林園,2024-05-15,5927
4543,萬在,29,4,25,元富-林園,2024-05-15,5927
2323,中環,27,4,23,元富-林園,2024-05-15,5927
6015,宏遠證,20,0,20,元富-林園,2024-05-15,5927
00664R,國泰臺灣加權反1,20,0,20,元富-林園,2024-05-15,5927
00679B,元大美債20年,20,0,20,元富-林園,2024-05-15,5927
4714,永捷,20,0,20,元富-林園,2024-05-15,5927
6215,和椿,22,2,20,元富-林園,2024-05-15,5927
1540,喬福,19,0,19,元富-林園,2024-05-15,5927
2605,新興,21,2,19,元富-林園,2024-05-15,5927
2885,元大金,20,1,19,元富-林園,2024-05-15,5927
2603,長榮,35,16,19,元富-林園,2024-05-15,5927
8071,能率網通,18,0,18,元富-林園,2024-05-15,5927
3013,晟銘電,20,3,17,元富-林園,2024-05-15,5927
2615,萬海,56,40,16,元富-林園,2024-05-15,5927
2401,凌陽,26,10,16,元富-林園,2024-05-15,5927
3706,神達,62,46,16,元富-林園,2024-05-15,5927
00919,群益台灣精選高息,45,30,15,元富-林園,2024-05-15,5927
2606,裕民,17,2,15,元富-林園,2024-05-15,5927
2374,佳能,22,7,15,元富-林園,2024-05-15,5927
6120,達運,15,0,15,元富-林園,2024-05-15,5927
5371,中光電,20,6,14,元富-林園,2024-05-15,5927
5392,能率,23,9,14,元富-林園,2024-05-15,5927
2609,陽明,75,61,14,元富-林園,2024-05-15,5927
2449,京元電子,13,0,13,元富-林園,2024-05-15,5927
2108,南帝,14,1,13,元富-林園,2024-05-15,5927
6667,信紘科,14,1,13,元富-林園,2024-05-15,5927
00688L,國泰20年美債正2,12,0,12,元富-林園,2024-05-15,5927
8936,國統,13,1,12,元富-林園,2024-05-15,5927
00830,國泰費城半導體,11,0,11,元富-林園,2024-05-15,5927
1305,華夏,11,0,11,元富-林園,2024-05-15,5927
2515,中工,15,4,11,元富-林園,2024-05-15,5927
3645,達邁,11,0,11,元富-林園,2024-05-15,5927
00712,復華富時不動產,19,9,10,元富-林園,2024-05-15,5927
2836,高雄銀,10,0,10,元富-林園,2024-05-15,5927
5452,佶優,10,0,10,元富-林園,2024-05-15,5927
6188,廣明,33,23,10,元富-林園,2024-05-15,5927
2376,技嘉,10,1,9,元富-林園,2024-05-15,5927
2405,輔信,24,15,9,元富-林園,2024-05-15,5927
2855,統一證,10,1,9,元富-林園,2024-05-15,5927
6785,昱展新藥,10,1,9,元富-林園,2024-05-15,5927
6753,龍德造船,9,0,9,元富-林園,2024-05-15,5927
2324,仁寶,11,3,8,元富-林園,2024-05-15,5927
6189,豐藝,11,3,8,元富-林園,2024-05-15,5927
4571,鈞興-KY,7,0,7,元富-林園,2024-05-15,5927
2883,凱基金,521,70,451,元富-林園,2024-05-16,5927
2317,鴻海,201,60,141,元富-林園,2024-05-16,5927
00940,元大台灣價值高息,153,17,136,元富-林園,2024-05-16,5927
2547,日勝生,110,4,106,元富-林園,2024-05-16,5927
2515,中工,104,7,97,元富-林園,2024-05-16,5927
2365,昆盈,147,58,89,元富-林園,2024-05-16,5927
00932,兆豐永續高息等權,73,0,73,元富-林園,2024-05-16,5927
00632R,元大台灣50反1,70,9,61,元富-林園,2024-05-16,5927
00937B,群益ESG投等債20,55,0,55,元富-林園,2024-05-16,5927
912000,晨訊科-DR,55,0,55,元富-林園,2024-05-16,5927
5536,聖暉*,54,0,54,元富-林園,2024-05-16,5927
1312,國喬,50,0,50,元富-林園,2024-05-16,5927
2108,南帝,50,0,50,元富-林園,2024-05-16,5927
2382,廣達,63,17,46,元富-林園,2024-05-16,5927
2887,台新金,43,10,33,元富-林園,2024-05-16,5927
00651R,復華香港反1,35,2,33,元富-林園,2024-05-16,5927
1591,駿吉-KY,35,4,31,元富-林園,2024-05-16,5927
8358,金居,48,17,31,元富-林園,2024-05-16,5927
2356,英業達,82,51,31,元富-林園,2024-05-16,5927
2027,大成鋼,30,1,29,元富-林園,2024-05-16,5927
8936,國統,32,6,26,元富-林園,2024-05-16,5927
00878,國泰永續高股息,35,14,21,元富-林園,2024-05-16,5927
4714,永捷,23,2,21,元富-林園,2024-05-16,5927
3231,緯創,37,17,20,元富-林園,2024-05-16,5927
1584,精剛,20,0,20,元富-林園,2024-05-16,5927
3313,斐成,17,0,17,元富-林園,2024-05-16,5927
4968,立積,19,2,17,元富-林園,2024-05-16,5927
2609,陽明,200,185,15,元富-林園,2024-05-16,5927
2882,國泰金,20,5,15,元富-林園,2024-05-16,5927
2615,萬海,39,25,14,元富-林園,2024-05-16,5927
2362,藍天,19,6,13,元富-林園,2024-05-16,5927
3481,群創,18,5,13,元富-林園,2024-05-16,5927
8033,雷虎,13,0,13,元富-林園,2024-05-16,5927
2301,光寶科,15,3,12,元富-林園,2024-05-16,5927
2014,中鴻,24,12,12,元富-林園,2024-05-16,5927
3260,威剛,15,3,12,元富-林園,2024-05-16,5927
00688L,國泰20年美債正2,11,0,11,元富-林園,2024-05-16,5927
2903,遠百,11,0,11,元富-林園,2024-05-16,5927
5864,致和證,10,0,10,元富-林園,2024-05-16,5927
6290,良維,10,0,10,元富-林園,2024-05-16,5927
5876,上海商銀,10,0,10,元富-林園,2024-05-16,5927
6153,嘉聯益,10,0,10,元富-林園,2024-05-16,5927
6182,合晶,11,1,10,元富-林園,2024-05-16,5927
2915,潤泰全,10,1,9,元富-林園,2024-05-16,5927
1301,台塑,10,1,9,元富-林園,2024-05-16,5927
3715,定穎投控,10,1,9,元富-林園,2024-05-16,5927
8070,長華*,10,1,9,元富-林園,2024-05-16,5927
2731,雄獅,12,4,8,元富-林園,2024-05-16,5927
2340,台亞,8,0,8,元富-林園,2024-05-16,5927
2851,中再保,10,2,8,元富-林園,2024-05-16,5927
2883,凱基金,743,0,743,元富-林園,2024-05-17,5927
00637L,元大滬深300正2,390,170,220,元富-林園,2024-05-17,5927
00929,復華台灣科技優息,131,16,115,元富-林園,2024-05-17,5927
00946,群益科技高息成長,104,0,104,元富-林園,2024-05-17,5927
2542,興富發,79,1,78,元富-林園,2024-05-17,5927
2356,英業達,81,19,62,元富-林園,2024-05-17,5927
00688L,國泰20年美債正2,60,0,60,元富-林園,2024-05-17,5927
00665L,富邦�琤肭磪囓�2,654,601,53,元富-林園,2024-05-17,5927
00878,國泰永續高股息,77,31,46,元富-林園,2024-05-17,5927
9904,寶成,43,1,42,元富-林園,2024-05-17,5927
3059,華晶科,47,10,37,元富-林園,2024-05-17,5927
2613,中櫃,36,0,36,元富-林園,2024-05-17,5927
2618,長榮航,95,59,36,元富-林園,2024-05-17,5927
6237,驊訊,37,2,35,元富-林園,2024-05-17,5927
00679B,元大美債20年,30,0,30,元富-林園,2024-05-17,5927
1522,堤維西,58,30,28,元富-林園,2024-05-17,5927
2317,鴻海,48,21,27,元富-林園,2024-05-17,5927
3033,威健,24,0,24,元富-林園,2024-05-17,5927
2408,南亞科,23,1,22,元富-林園,2024-05-17,5927
3231,緯創,35,14,21,元富-林園,2024-05-17,5927
1584,精剛,23,2,21,元富-林園,2024-05-17,5927
5392,能率,36,16,20,元富-林園,2024-05-17,5927
5531,鄉林,20,0,20,元富-林園,2024-05-17,5927
00940,元大台灣價值高息,24,5,19,元富-林園,2024-05-17,5927
3576,聯合再生,23,4,19,元富-林園,2024-05-17,5927
00937B,群益ESG投等債20,18,0,18,元富-林園,2024-05-17,5927
2312,金寶,19,1,18,元富-林園,2024-05-17,5927
2467,志聖,29,11,18,元富-林園,2024-05-17,5927
00919,群益台灣精選高息,27,10,17,元富-林園,2024-05-17,5927
1734,杏輝,18,1,17,元富-林園,2024-05-17,5927
4157,太景*-KY,17,0,17,元富-林園,2024-05-17,5927
2409,友達,20,4,16,元富-林園,2024-05-17,5927
2606,裕民,17,1,16,元富-林園,2024-05-17,5927
2514,龍邦,16,0,16,元富-林園,2024-05-17,5927
3312,弘憶股,22,6,16,元富-林園,2024-05-17,5927
6770,力積電,19,3,16,元富-林園,2024-05-17,5927
00939,統一台灣高息動能,25,10,15,元富-林園,2024-05-17,5927
2029,盛餘,15,0,15,元富-林園,2024-05-17,5927
2609,陽明,50,35,15,元富-林園,2024-05-17,5927
2543,皇昌,25,11,14,元富-林園,2024-05-17,5927
2607,榮運,14,0,14,元富-林園,2024-05-17,5927
2610,華航,139,125,14,元富-林園,2024-05-17,5927
1314,中石化,40,28,12,元富-林園,2024-05-17,5927
2603,長榮,38,26,12,元富-林園,2024-05-17,5927
4938,和碩,14,3,11,元富-林園,2024-05-17,5927
6116,彩晶,11,0,11,元富-林園,2024-05-17,5927
1531,高林股,10,0,10,元富-林園,2024-05-17,5927
1612,宏泰,10,0,10,元富-林園,2024-05-17,5927
1785,光洋科,10,0,10,元富-林園,2024-05-17,5927
2331,精英,12,2,10,元富-林園,2024-05-17,5927
00929,復華台灣科技優息,489,4,485,元富-林園,2024-05-20,5927
2883,凱基金,403,2,401,元富-林園,2024-05-20,5927
00687B,國泰20年美債,201,10,191,元富-林園,2024-05-20,5927
00937B,群益ESG投等債20,162,0,162,元富-林園,2024-05-20,5927
00632R,元大台灣50反1,150,0,150,元富-林園,2024-05-20,5927
00795B,中信美國公債20年,100,0,100,元富-林園,2024-05-20,5927
2610,華航,258,186,72,元富-林園,2024-05-20,5927
2618,長榮航,99,29,70,元富-林園,2024-05-20,5927
2542,興富發,66,0,66,元富-林園,2024-05-20,5927
2867,三商壽,140,82,58,元富-林園,2024-05-20,5927
2363,矽統,85,29,56,元富-林園,2024-05-20,5927
1301,台塑,32,0,32,元富-林園,2024-05-20,5927
00878,國泰永續高股息,31,0,31,元富-林園,2024-05-20,5927
2882,國泰金,30,2,28,元富-林園,2024-05-20,5927
00932,兆豐永續高息等權,27,0,27,元富-林園,2024-05-20,5927
00900,富邦特選高股息30,25,0,25,元富-林園,2024-05-20,5927
3490,單井,25,0,25,元富-林園,2024-05-20,5927
1784,訊聯,23,0,23,元富-林園,2024-05-20,5927
2317,鴻海,38,17,21,元富-林園,2024-05-20,5927
4903,聯光通,20,0,20,元富-林園,2024-05-20,5927
6509,聚和,20,2,18,元富-林園,2024-05-20,5927
8071,能率網通,38,20,18,元富-林園,2024-05-20,5927
6113,亞矽,17,0,17,元富-林園,2024-05-20,5927
1504,東元,15,0,15,元富-林園,2024-05-20,5927
3706,神達,64,49,15,元富-林園,2024-05-20,5927
4563,百德,15,0,15,元富-林園,2024-05-20,5927
1609,大亞,88,74,14,元富-林園,2024-05-20,5927
2369,菱生,13,1,12,元富-林園,2024-05-20,5927
5515,建國,12,0,12,元富-林園,2024-05-20,5927
6265,方土昶,12,0,12,元富-林園,2024-05-20,5927
6785,昱展新藥,11,0,11,元富-林園,2024-05-20,5927
00936,台新永續高息中小,11,0,11,元富-林園,2024-05-20,5927
2022,聚亨,12,1,11,元富-林園,2024-05-20,5927
2314,台揚,11,0,11,元富-林園,2024-05-20,5927
2615,萬海,15,4,11,元富-林園,2024-05-20,5927
6188,廣明,50,39,11,元富-林園,2024-05-20,5927
2885,元大金,10,0,10,元富-林園,2024-05-20,5927
3305,昇貿,10,0,10,元富-林園,2024-05-20,5927
4533,協易機,16,6,10,元富-林園,2024-05-20,5927
5213,亞昕,10,0,10,元富-林園,2024-05-20,5927
8033,雷虎,15,5,10,元富-林園,2024-05-20,5927
2887,台新金,9,0,9,元富-林園,2024-05-20,5927
4562,穎漢,10,1,9,元富-林園,2024-05-20,5927
2359,所羅門,41,32,9,元富-林園,2024-05-20,5927
2449,京元電子,12,3,9,元富-林園,2024-05-20,5927
1305,華夏,8,0,8,元富-林園,2024-05-20,5927
2337,旺宏,9,1,8,元富-林園,2024-05-20,5927
2374,佳能,38,30,8,元富-林園,2024-05-20,5927
2607,榮運,8,0,8,元富-林園,2024-05-20,5927
3390,旭軟,10,2,8,元富-林園,2024-05-20,5927
2883,凱基金,330,111,219,元富-林園,2024-05-21,5927
00632R,元大台灣50反1,70,0,70,元富-林園,2024-05-21,5927
2363,矽統,75,12,63,元富-林園,2024-05-21,5927
2618,長榮航,61,6,55,元富-林園,2024-05-21,5927
2892,第一金,54,0,54,元富-林園,2024-05-21,5927
2884,玉山金,61,10,51,元富-林園,2024-05-21,5927
2610,華航,62,17,45,元富-林園,2024-05-21,5927
00919,群益台灣精選高息,43,0,43,元富-林園,2024-05-21,5927
00940,元大台灣價值高息,43,5,38,元富-林園,2024-05-21,5927
5392,能率,59,21,38,元富-林園,2024-05-21,5927
00900,富邦特選高股息30,30,0,30,元富-林園,2024-05-21,5927
00929,復華台灣科技優息,34,8,26,元富-林園,2024-05-21,5927
2891,中信金,22,0,22,元富-林園,2024-05-21,5927
1609,大亞,25,4,21,元富-林園,2024-05-21,5927
2312,金寶,32,11,21,元富-林園,2024-05-21,5927
2888,新光金,21,0,21,元富-林園,2024-05-21,5927
2812,台中銀,20,0,20,元富-林園,2024-05-21,5927
2243,宏旭-KY,20,0,20,元富-林園,2024-05-21,5927
00878,國泰永續高股息,18,0,18,元富-林園,2024-05-21,5927
2492,華新科,17,0,17,元富-林園,2024-05-21,5927
5213,亞昕,16,0,16,元富-林園,2024-05-21,5927
2027,大成鋼,18,2,16,元富-林園,2024-05-21,5927
3689,湧德,15,0,15,元富-林園,2024-05-21,5927
2421,建準,15,1,14,元富-林園,2024-05-21,5927
2542,興富發,14,0,14,元富-林園,2024-05-21,5927
4562,穎漢,17,3,14,元富-林園,2024-05-21,5927
1605,華新,21,8,13,元富-林園,2024-05-21,5927
1504,東元,18,5,13,元富-林園,2024-05-21,5927
2634,漢翔,13,1,12,元富-林園,2024-05-21,5927
2367,燿華,48,37,11,元富-林園,2024-05-21,5927
2317,鴻海,23,12,11,元富-林園,2024-05-21,5927
2340,台亞,11,0,11,元富-林園,2024-05-21,5927
3033,威健,18,7,11,元富-林園,2024-05-21,5927
2409,友達,14,3,11,元富-林園,2024-05-21,5927
00936,台新永續高息中小,10,0,10,元富-林園,2024-05-21,5927
00651R,復華香港反1,10,0,10,元富-林園,2024-05-21,5927
1587,吉茂,15,5,10,元富-林園,2024-05-21,5927
1711,永光,10,0,10,元富-林園,2024-05-21,5927
2880,華南金,10,0,10,元富-林園,2024-05-21,5927
3037,欣興,10,0,10,元富-林園,2024-05-21,5927
3049,精金,10,0,10,元富-林園,2024-05-21,5927
3596,智易,10,0,10,元富-林園,2024-05-21,5927
5009,榮剛,10,0,10,元富-林園,2024-05-21,5927
2408,南亞科,9,0,9,元富-林園,2024-05-21,5927
3694,海華,12,3,9,元富-林園,2024-05-21,5927
8096,擎亞,19,10,9,元富-林園,2024-05-21,5927
00679B,元大美債20年,8,0,8,元富-林園,2024-05-21,5927
2882,國泰金,9,1,8,元富-林園,2024-05-21,5927
6227,茂綸,8,0,8,元富-林園,2024-05-21,5927
9945,潤泰新,8,0,8,元富-林園,2024-05-21,5927
1303,南亞,124,1,123,元富-林園,2024-05-22,5927
2867,三商壽,118,2,116,元富-林園,2024-05-22,5927
00687B,國泰20年美債,101,0,101,元富-林園,2024-05-22,5927
2883,凱基金,113,22,91,元富-林園,2024-05-22,5927
4543,萬在,82,15,67,元富-林園,2024-05-22,5927
4714,永捷,65,0,65,元富-林園,2024-05-22,5927
2618,長榮航,79,28,51,元富-林園,2024-05-22,5927
4533,協易機,65,15,50,元富-林園,2024-05-22,5927
2610,華航,55,9,46,元富-林園,2024-05-22,5927
1711,永光,45,0,45,元富-林園,2024-05-22,5927
9933,中鼎,44,0,44,元富-林園,2024-05-22,5927
3481,群創,129,87,42,元富-林園,2024-05-22,5927
00715L,期街口布蘭特正2,38,0,38,元富-林園,2024-05-22,5927
3047,訊舟,35,0,35,元富-林園,2024-05-22,5927
2354,鴻準,41,9,32,元富-林園,2024-05-22,5927
00929,復華台灣科技優息,35,4,31,元富-林園,2024-05-22,5927
2374,佳能,100,69,31,元富-林園,2024-05-22,5927
3706,神達,50,19,31,元富-林園,2024-05-22,5927
3032,偉訓,30,0,30,元富-林園,2024-05-22,5927
6209,今國光,32,5,27,元富-林園,2024-05-22,5927
9945,潤泰新,23,0,23,元富-林園,2024-05-22,5927
5426,振發,34,12,22,元富-林園,2024-05-22,5927
2634,漢翔,23,1,22,元富-林園,2024-05-22,5927
3013,晟銘電,60,39,21,元富-林園,2024-05-22,5927
1101,台泥,35,15,20,元富-林園,2024-05-22,5927
1312,國喬,20,0,20,元富-林園,2024-05-22,5927
6152,百一,20,0,20,元富-林園,2024-05-22,5927
4562,穎漢,30,11,19,元富-林園,2024-05-22,5927
00632R,元大台灣50反1,28,13,15,元富-林園,2024-05-22,5927
2489,瑞軒,15,1,14,元富-林園,2024-05-22,5927
00905,FT臺灣Smart,13,0,13,元富-林園,2024-05-22,5927
2027,大成鋼,14,1,13,元富-林園,2024-05-22,5927
3073,天方能源,13,0,13,元富-林園,2024-05-22,5927
1516,川飛,12,0,12,元富-林園,2024-05-22,5927
1605,華新,15,3,12,元富-林園,2024-05-22,5927
2836,高雄銀,11,0,11,元富-林園,2024-05-22,5927
3176,基亞,11,0,11,元富-林園,2024-05-22,5927
6411,晶焱,11,0,11,元富-林園,2024-05-22,5927
8110,華東,18,7,11,元富-林園,2024-05-22,5927
2609,陽明,15,4,11,元富-林園,2024-05-22,5927
2371,大同,31,21,10,元富-林園,2024-05-22,5927
00664R,國泰臺灣加權反1,10,0,10,元富-林園,2024-05-22,5927
00915,凱基優選高股息30,10,0,10,元富-林園,2024-05-22,5927
1608,華榮,22,12,10,元富-林園,2024-05-22,5927
2498,宏達電,10,0,10,元富-林園,2024-05-22,5927
2891,中信金,21,11,10,元富-林園,2024-05-22,5927
3033,威健,11,1,10,元富-林園,2024-05-22,5927
3213,茂訊,10,0,10,元富-林園,2024-05-22,5927
3323,加百裕,10,0,10,元富-林園,2024-05-22,5927
4967,十銓,11,1,10,元富-林園,2024-05-22,5927
00637L,元大滬深300正2,523,40,483,元富-林園,2024-05-23,5927
00937B,群益ESG投等債20,213,0,213,元富-林園,2024-05-23,5927
4127,天良,145,1,144,元富-林園,2024-05-23,5927
3033,威健,146,10,136,元富-林園,2024-05-23,5927
2882,國泰金,122,4,118,元富-林園,2024-05-23,5927
00919,群益台灣精選高息,111,6,105,元富-林園,2024-05-23,5927
2897,王道銀行,105,0,105,元富-林園,2024-05-23,5927
2369,菱生,93,0,93,元富-林園,2024-05-23,5927
00664R,國泰臺灣加權反1,75,0,75,元富-林園,2024-05-23,5927
2618,長榮航,89,16,73,元富-林園,2024-05-23,5927
00712,復華富時不動產,62,5,57,元富-林園,2024-05-23,5927
00632R,元大台灣50反1,55,0,55,元富-林園,2024-05-23,5927
2883,凱基金,45,0,45,元富-林園,2024-05-23,5927
2605,新興,43,1,42,元富-林園,2024-05-23,5927
8027,鈦昇,41,0,41,元富-林園,2024-05-23,5927
1504,東元,36,1,35,元富-林園,2024-05-23,5927
2029,盛餘,35,0,35,元富-林園,2024-05-23,5927
1314,中石化,38,6,32,元富-林園,2024-05-23,5927
6770,力積電,53,21,32,元富-林園,2024-05-23,5927
00715L,期街口布蘭特正2,31,0,31,元富-林園,2024-05-23,5927
4562,穎漢,30,0,30,元富-林園,2024-05-23,5927
2409,友達,46,20,26,元富-林園,2024-05-23,5927
1409,新纖,27,2,25,元富-林園,2024-05-23,5927
3490,單井,25,0,25,元富-林園,2024-05-23,5927
2884,玉山金,33,9,24,元富-林園,2024-05-23,5927
1587,吉茂,23,0,23,元富-林園,2024-05-23,5927
6209,今國光,46,23,23,元富-林園,2024-05-23,5927
1303,南亞,22,2,20,元富-林園,2024-05-23,5927
2515,中工,21,1,20,元富-林園,2024-05-23,5927
2836,高雄銀,20,0,20,元富-林園,2024-05-23,5927
3703,欣陸,20,0,20,元富-林園,2024-05-23,5927
2356,英業達,36,17,19,元富-林園,2024-05-23,5927
2108,南帝,17,0,17,元富-林園,2024-05-23,5927
6147,頎邦,17,0,17,元富-林園,2024-05-23,5927
2915,潤泰全,16,0,16,元富-林園,2024-05-23,5927
2009,第一銅,27,11,16,元富-林園,2024-05-23,5927
2465,麗臺,24,8,16,元富-林園,2024-05-23,5927
2615,萬海,16,0,16,元富-林園,2024-05-23,5927
3312,弘憶股,19,3,16,元富-林園,2024-05-23,5927
5498,凱崴,20,6,14,元富-林園,2024-05-23,5927
2449,京元電子,14,0,14,元富-林園,2024-05-23,5927
1618,合機,13,0,13,元富-林園,2024-05-23,5927
2634,漢翔,46,33,13,元富-林園,2024-05-23,5927
5512,力麒,13,0,13,元富-林園,2024-05-23,5927
6207,雷科,29,16,13,元富-林園,2024-05-23,5927
2374,佳能,18,6,12,元富-林園,2024-05-23,5927
3013,晟銘電,34,22,12,元富-林園,2024-05-23,5927
3557,嘉威,12,0,12,元富-林園,2024-05-23,5927
00936,台新永續高息中小,11,0,11,元富-林園,2024-05-23,5927
2002,中鋼,12,1,11,元富-林園,2024-05-23,5927
00637L,元大滬深300正2,210,40,170,元富-林園,2024-05-24,5927
00929,復華台灣科技優息,132,2,130,元富-林園,2024-05-24,5927
00937B,群益ESG投等債20,127,10,117,元富-林園,2024-05-24,5927
00632R,元大台灣50反1,116,0,116,元富-林園,2024-05-24,5927
2884,玉山金,57,1,56,元富-林園,2024-05-24,5927
00882,中信中國高股息,50,0,50,元富-林園,2024-05-24,5927
2353,宏��,91,50,41,元富-林園,2024-05-24,5927
00712,復華富時不動產,39,0,39,元富-林園,2024-05-24,5927
2303,聯電,42,11,31,元富-林園,2024-05-24,5927
2002,中鋼,23,1,22,元富-林園,2024-05-24,5927
1314,中石化,22,0,22,元富-林園,2024-05-24,5927
2609,陽明,30,10,20,元富-林園,2024-05-24,5927
3163,波若威,60,40,20,元富-林園,2024-05-24,5927
00936,台新永續高息中小,19,0,19,元富-林園,2024-05-24,5927
3481,群創,22,3,19,元富-林園,2024-05-24,5927
2486,一詮,28,10,18,元富-林園,2024-05-24,5927
2367,燿華,60,43,17,元富-林園,2024-05-24,5927
3059,華晶科,16,0,16,元富-林園,2024-05-24,5927
1516,川飛,17,1,16,元富-林園,2024-05-24,5927
1305,華夏,14,0,14,元富-林園,2024-05-24,5927
2324,仁寶,21,7,14,元富-林園,2024-05-24,5927
6282,康舒,23,10,13,元富-林園,2024-05-24,5927
2330,台積電,14,1,13,元富-林園,2024-05-24,5927
1301,台塑,12,0,12,元富-林園,2024-05-24,5927
00940,元大台灣價值高息,21,9,12,元富-林園,2024-05-24,5927
6285,啟��,12,0,12,元富-林園,2024-05-24,5927
2354,鴻準,24,13,11,元富-林園,2024-05-24,5927
2618,長榮航,22,11,11,元富-林園,2024-05-24,5927
6191,精成科,11,0,11,元富-林園,2024-05-24,5927
8096,擎亞,24,13,11,元富-林園,2024-05-24,5927
8255,朋程,11,0,11,元富-林園,2024-05-24,5927
2731,雄獅,10,0,10,元富-林園,2024-05-24,5927
00773B,中信優先金融債,10,0,10,元富-林園,2024-05-24,5927
00664R,國泰臺灣加權反1,10,0,10,元富-林園,2024-05-24,5927
4919,新唐,11,1,10,元富-林園,2024-05-24,5927
2371,大同,15,6,9,元富-林園,2024-05-24,5927
00654R,富邦印度反1,9,0,9,元富-林園,2024-05-24,5927
2613,中櫃,21,12,9,元富-林園,2024-05-24,5927
3202,樺晟,11,2,9,元富-林園,2024-05-24,5927
4543,萬在,14,5,9,元富-林園,2024-05-24,5927
5234,達興材料,12,3,9,元富-林園,2024-05-24,5927
2313,華通,18,10,8,元富-林園,2024-05-24,5927
2359,所羅門,35,27,8,元富-林園,2024-05-24,5927
2888,新光金,8,0,8,元富-林園,2024-05-24,5927
6257,矽格,10,2,8,元富-林園,2024-05-24,5927
2891,中信金,6,0,6,元富-林園,2024-05-24,5927
2409,友達,9,3,6,元富-林園,2024-05-24,5927
2515,中工,8,2,6,元富-林園,2024-05-24,5927
2885,元大金,6,0,6,元富-林園,2024-05-24,5927
9934,成霖,6,0,6,元富-林園,2024-05-24,5927
2883,凱基金,400,2,398,元富-林園,2024-05-27,5927
3481,群創,196,53,143,元富-林園,2024-05-27,5927
00937B,群益ESG投等債20,133,20,113,元富-林園,2024-05-27,5927
4127,天良,70,0,70,元富-林園,2024-05-27,5927
00712,復華富時不動產,54,1,53,元富-林園,2024-05-27,5927
3060,銘異,54,7,47,元富-林園,2024-05-27,5927
2610,華航,46,5,41,元富-林園,2024-05-27,5927
1815,富喬,60,21,39,元富-林園,2024-05-27,5927
6189,豐藝,48,10,38,元富-林園,2024-05-27,5927
00632R,元大台灣50反1,240,205,35,元富-林園,2024-05-27,5927
2615,萬海,59,25,34,元富-林園,2024-05-27,5927
2401,凌陽,47,15,32,元富-林園,2024-05-27,5927
2002,中鋼,42,11,31,元富-林園,2024-05-27,5927
2881,富邦金,29,0,29,元富-林園,2024-05-27,5927
2886,兆豐金,26,0,26,元富-林園,2024-05-27,5927
3041,揚智,30,5,25,元富-林園,2024-05-27,5927
6257,矽格,27,5,22,元富-林園,2024-05-27,5927
00932,兆豐永續高息等權,22,2,20,元富-林園,2024-05-27,5927
6116,彩晶,20,0,20,元富-林園,2024-05-27,5927
2618,長榮航,28,9,19,元富-林園,2024-05-27,5927
6147,頎邦,17,0,17,元富-林園,2024-05-27,5927
2349,錸德,17,1,16,元富-林園,2024-05-27,5927
6271,同欣電,15,0,15,元富-林園,2024-05-27,5927
8358,金居,15,0,15,元富-林園,2024-05-27,5927
2367,燿華,47,32,15,元富-林園,2024-05-27,5927
2453,凌群,25,11,14,元富-林園,2024-05-27,5927
3689,湧德,20,6,14,元富-林園,2024-05-27,5927
6188,廣明,32,18,14,元富-林園,2024-05-27,5927
2547,日勝生,13,0,13,元富-林園,2024-05-27,5927
2352,佳世達,21,9,12,元富-林園,2024-05-27,5927
3033,威健,125,113,12,元富-林園,2024-05-27,5927
6209,今國光,18,6,12,元富-林園,2024-05-27,5927
2323,中環,20,9,11,元富-林園,2024-05-27,5927
2344,華邦電,13,2,11,元富-林園,2024-05-27,5927
6126,信音,12,1,11,元富-林園,2024-05-27,5927
6213,聯茂,15,4,11,元富-林園,2024-05-27,5927
1608,華榮,20,10,10,元富-林園,2024-05-27,5927
2801,彰銀,10,0,10,元富-林園,2024-05-27,5927
4532,瑞智,10,0,10,元富-林園,2024-05-27,5927
1304,台聚,10,0,10,元富-林園,2024-05-27,5927
2330,台積電,11,1,10,元富-林園,2024-05-27,5927
2882,國泰金,10,1,9,元富-林園,2024-05-27,5927
3234,光環,11,2,9,元富-林園,2024-05-27,5927
5371,中光電,20,11,9,元富-林園,2024-05-27,5927
1305,華夏,9,1,8,元富-林園,2024-05-27,5927
2891,中信金,11,3,8,元富-林園,2024-05-27,5927
2489,瑞軒,33,25,8,元富-林園,2024-05-27,5927
3498,陽程,8,0,8,元富-林園,2024-05-27,5927
2464,盟立,31,23,8,元富-林園,2024-05-27,5927
2359,所羅門,11,4,7,元富-林園,2024-05-27,5927
2883,凱基金,229,19,210,元富-林園,2024-05-28,5927
1815,富喬,173,107,66,元富-林園,2024-05-28,5927
00919,群益台灣精選高息,62,1,61,元富-林園,2024-05-28,5927
2731,雄獅,63,3,60,元富-林園,2024-05-28,5927
00918,大華優利高填息30,52,0,52,元富-林園,2024-05-28,5927
3313,斐成,52,0,52,元富-林園,2024-05-28,5927
00937B,群益ESG投等債20,73,40,33,元富-林園,2024-05-28,5927
2891,中信金,35,3,32,元富-林園,2024-05-28,5927
2880,華南金,27,0,27,元富-林園,2024-05-28,5927
9945,潤泰新,30,4,26,元富-林園,2024-05-28,5927
1711,永光,25,0,25,元富-林園,2024-05-28,5927
3094,聯傑,25,0,25,元富-林園,2024-05-28,5927
9933,中鼎,22,0,22,元富-林園,2024-05-28,5927
00679B,元大美債20年,21,0,21,元富-林園,2024-05-28,5927
00882,中信中國高股息,20,0,20,元富-林園,2024-05-28,5927
6197,佳必琪,20,0,20,元富-林園,2024-05-28,5927
2317,鴻海,25,7,18,元富-林園,2024-05-28,5927
2385,群光,18,0,18,元富-林園,2024-05-28,5927
2301,光寶科,21,4,17,元富-林園,2024-05-28,5927
6226,光鼎,17,0,17,元富-林園,2024-05-28,5927
2303,聯電,30,14,16,元富-林園,2024-05-28,5927
3231,緯創,56,41,15,元富-林園,2024-05-28,5927
5356,協益,15,0,15,元富-林園,2024-05-28,5927
3689,湧德,15,2,13,元富-林園,2024-05-28,5927
4303,信立,19,6,13,元富-林園,2024-05-28,5927
8454,富邦媒,13,0,13,元富-林園,2024-05-28,5927
6005,群益證,12,0,12,元富-林園,2024-05-28,5927
1522,堤維西,15,3,12,元富-林園,2024-05-28,5927
2374,佳能,14,2,12,元富-林園,2024-05-28,5927
5498,凱崴,12,0,12,元富-林園,2024-05-28,5927
6207,雷科,22,10,12,元富-林園,2024-05-28,5927
6209,今國光,12,0,12,元富-林園,2024-05-28,5927
1809,中釉,13,2,11,元富-林園,2024-05-28,5927
8110,華東,11,0,11,元富-林園,2024-05-28,5927
00940,元大台灣價值高息,40,30,10,元富-林園,2024-05-28,5927
00651R,復華香港反1,10,0,10,元富-林園,2024-05-28,5927
00680L,元大美債20正2,10,0,10,元富-林園,2024-05-28,5927
2010,春源,10,0,10,元富-林園,2024-05-28,5927
2338,光罩,11,1,10,元富-林園,2024-05-28,5927
2482,連宇,10,0,10,元富-林園,2024-05-28,5927
2543,皇昌,10,0,10,元富-林園,2024-05-28,5927
3002,歐格,10,0,10,元富-林園,2024-05-28,5927
4934,太極,10,0,10,元富-林園,2024-05-28,5927
4973,廣穎,12,2,10,元富-林園,2024-05-28,5927
8213,志超,10,0,10,元富-林園,2024-05-28,5927
9105,泰金寶-DR,21,11,10,元富-林園,2024-05-28,5927
4968,立積,11,2,9,元富-林園,2024-05-28,5927
5351,鈺創,11,2,9,元富-林園,2024-05-28,5927
6451,訊芯-KY,11,2,9,元富-林園,2024-05-28,5927
6558,興能高,10,1,9,元富-林園,2024-05-28,5927
00937B,群益ESG投等債20,233,0,233,元富-林園,2024-05-29,5927
5512,力麒,138,0,138,元富-林園,2024-05-29,5927
00665L,富邦�琤肭磪囓�2,753,620,133,元富-林園,2024-05-29,5927
2882,國泰金,89,0,89,元富-林園,2024-05-29,5927
00929,復華台灣科技優息,72,0,72,元富-林園,2024-05-29,5927
2610,華航,89,19,70,元富-林園,2024-05-29,5927
2801,彰銀,68,2,66,元富-林園,2024-05-29,5927
2367,燿華,96,36,60,元富-林園,2024-05-29,5927
2489,瑞軒,99,45,54,元富-林園,2024-05-29,5927
00680L,元大美債20正2,62,10,52,元富-林園,2024-05-29,5927
4543,萬在,52,6,46,元富-林園,2024-05-29,5927
00687B,國泰20年美債,45,0,45,元富-林園,2024-05-29,5927
1711,永光,45,0,45,元富-林園,2024-05-29,5927
3481,群創,54,10,44,元富-林園,2024-05-29,5927
5608,四維航,43,1,42,元富-林園,2024-05-29,5927
2002,中鋼,38,0,38,元富-林園,2024-05-29,5927
00679B,元大美債20年,36,0,36,元富-林園,2024-05-29,5927
2409,友達,36,0,36,元富-林園,2024-05-29,5927
2353,宏��,101,70,31,元富-林園,2024-05-29,5927
3059,華晶科,34,3,31,元富-林園,2024-05-29,5927
00946,群益科技高息成長,30,0,30,元富-林園,2024-05-29,5927
2337,旺宏,31,1,30,元富-林園,2024-05-29,5927
6116,彩晶,30,0,30,元富-林園,2024-05-29,5927
4127,天良,29,0,29,元富-林園,2024-05-29,5927
5469,瀚宇博,34,6,28,元富-林園,2024-05-29,5927
00878,國泰永續高股息,27,1,26,元富-林園,2024-05-29,5927
1532,勤美,25,0,25,元富-林園,2024-05-29,5927
2363,矽統,75,52,23,元富-林園,2024-05-29,5927
6120,達運,22,0,22,元富-林園,2024-05-29,5927
00931B,統一美債20年,21,0,21,元富-林園,2024-05-29,5927
3041,揚智,21,0,21,元富-林園,2024-05-29,5927
4909,新復興,21,0,21,元富-林園,2024-05-29,5927
6616,特昇-KY,21,0,21,元富-林園,2024-05-29,5927
1799,易威,20,0,20,元富-林園,2024-05-29,5927
2023,燁輝,20,0,20,元富-林園,2024-05-29,5927
3231,緯創,28,8,20,元富-林園,2024-05-29,5927
2324,仁寶,22,3,19,元富-林園,2024-05-29,5927
2834,臺企銀,19,0,19,元富-林園,2024-05-29,5927
5371,中光電,21,2,19,元富-林園,2024-05-29,5927
2417,圓剛,19,1,18,元富-林園,2024-05-29,5927
00942B,台新美A公司債20+,17,0,17,元富-林園,2024-05-29,5927
3047,訊舟,33,16,17,元富-林園,2024-05-29,5927
3035,智原,23,7,16,元富-林園,2024-05-29,5927
8054,安國,23,7,16,元富-林園,2024-05-29,5927
2867,三商壽,51,36,15,元富-林園,2024-05-29,5927
2323,中環,15,0,15,元富-林園,2024-05-29,5927
3450,聯鈞,17,2,15,元富-林園,2024-05-29,5927
2886,兆豐金,15,0,15,元富-林園,2024-05-29,5927
2349,錸德,25,11,14,元富-林園,2024-05-29,5927
2633,台灣高鐵,14,0,14,元富-林園,2024-05-29,5927
2002,中鋼,224,3,221,元富-林園,2024-05-30,5927
00632R,元大台灣50反1,230,40,190,元富-林園,2024-05-30,5927
00637L,元大滬深300正2,389,204,185,元富-林園,2024-05-30,5927
00929,復華台灣科技優息,185,15,170,元富-林園,2024-05-30,5927
00665L,富邦�琤肭磪囓�2,116,1,115,元富-林園,2024-05-30,5927
1815,富喬,121,40,81,元富-林園,2024-05-30,5927
2489,瑞軒,82,9,73,元富-林園,2024-05-30,5927
2867,三商壽,67,0,67,元富-林園,2024-05-30,5927
2891,中信金,54,2,52,元富-林園,2024-05-30,5927
2354,鴻準,83,31,52,元富-林園,2024-05-30,5927
1711,永光,50,0,50,元富-林園,2024-05-30,5927
00680L,元大美債20正2,47,0,47,元富-林園,2024-05-30,5927
00937B,群益ESG投等債20,45,1,44,元富-林園,2024-05-30,5927
1710,東聯,44,0,44,元富-林園,2024-05-30,5927
2353,宏��,50,7,43,元富-林園,2024-05-30,5927
2834,臺企銀,44,1,43,元富-林園,2024-05-30,5927
2610,華航,53,11,42,元富-林園,2024-05-30,5927
2880,華南金,41,0,41,元富-林園,2024-05-30,5927
00679B,元大美債20年,38,0,38,元富-林園,2024-05-30,5927
2618,長榮航,64,26,38,元富-林園,2024-05-30,5927
00931B,統一美債20年,33,0,33,元富-林園,2024-05-30,5927
2613,中櫃,59,27,32,元富-林園,2024-05-30,5927
3048,益登,32,0,32,元富-林園,2024-05-30,5927
9945,潤泰新,32,1,31,元富-林園,2024-05-30,5927
9105,泰金寶-DR,41,11,30,元富-林園,2024-05-30,5927
1799,易威,30,0,30,元富-林園,2024-05-30,5927
2301,光寶科,32,4,28,元富-林園,2024-05-30,5927
2401,凌陽,39,11,28,元富-林園,2024-05-30,5927
6209,今國光,61,33,28,元富-林園,2024-05-30,5927
3481,群創,77,51,26,元富-林園,2024-05-30,5927
3490,單井,30,5,25,元富-林園,2024-05-30,5927
2886,兆豐金,22,0,22,元富-林園,2024-05-30,5927
6269,台郡,22,0,22,元富-林園,2024-05-30,5927
2365,昆盈,40,19,21,元富-林園,2024-05-30,5927
1522,堤維西,24,4,20,元富-林園,2024-05-30,5927
2312,金寶,30,10,20,元富-林園,2024-05-30,5927
6197,佳必琪,20,0,20,元富-林園,2024-05-30,5927
4566,時碩工業,21,2,19,元富-林園,2024-05-30,5927
2836,高雄銀,20,1,19,元富-林園,2024-05-30,5927
00712,復華富時不動產,28,10,18,元富-林園,2024-05-30,5927
00915,凱基優選高股息30,18,0,18,元富-林園,2024-05-30,5927
2408,南亞科,21,3,18,元富-林園,2024-05-30,5927
00687B,國泰20年美債,15,0,15,元富-林園,2024-05-30,5927
3037,欣興,20,5,15,元富-林園,2024-05-30,5927
6176,瑞儀,30,15,15,元富-林園,2024-05-30,5927
6290,良維,24,9,15,元富-林園,2024-05-30,5927
00946,群益科技高息成長,14,0,14,元富-林園,2024-05-30,5927
2308,台達電,13,0,13,元富-林園,2024-05-30,5927
2362,藍天,16,3,13,元富-林園,2024-05-30,5927
3047,訊舟,36,23,13,元富-林園,2024-05-30,5927
00637L,元大滬深300正2,260,40,220,元富-林園,2024-05-31,5927
2609,陽明,230,82,148,元富-林園,2024-05-31,5927
2002,中鋼,94,6,88,元富-林園,2024-05-31,5927
2401,凌陽,96,16,80,元富-林園,2024-05-31,5927
2317,鴻海,90,17,73,元富-林園,2024-05-31,5927
00929,復華台灣科技優息,70,0,70,元富-林園,2024-05-31,5927
5392,能率,64,5,59,元富-林園,2024-05-31,5927
00712,復華富時不動產,65,10,55,元富-林園,2024-05-31,5927
1711,永光,55,0,55,元富-林園,2024-05-31,5927
8071,能率網通,54,0,54,元富-林園,2024-05-31,5927
8101,華冠,50,0,50,元富-林園,2024-05-31,5927
4714,永捷,45,0,45,元富-林園,2024-05-31,5927
1815,富喬,89,47,42,元富-林園,2024-05-31,5927
00940,元大台灣價值高息,32,0,32,元富-林園,2024-05-31,5927
2880,華南金,33,3,30,元富-林園,2024-05-31,5927
00688L,國泰20年美債正2,30,0,30,元富-林園,2024-05-31,5927
00715L,期街口布蘭特正2,29,0,29,元富-林園,2024-05-31,5927
1457,宜進,28,0,28,元富-林園,2024-05-31,5927
00878,國泰永續高股息,27,1,26,元富-林園,2024-05-31,5927
2412,中華電,25,1,24,元富-林園,2024-05-31,5927
2367,燿華,44,21,23,元富-林園,2024-05-31,5927
3231,緯創,26,6,20,元富-林園,2024-05-31,5927
2613,中櫃,30,10,20,元富-林園,2024-05-31,5927
2889,國票金,20,0,20,元富-林園,2024-05-31,5927
2615,萬海,42,23,19,元富-林園,2024-05-31,5927
2331,精英,22,3,19,元富-林園,2024-05-31,5927
2374,佳能,21,5,16,元富-林園,2024-05-31,5927
2330,台積電,16,0,16,元富-林園,2024-05-31,5927
2365,昆盈,39,24,15,元富-林園,2024-05-31,5927
2436,偉詮電,15,0,15,元富-林園,2024-05-31,5927
4960,誠美材,15,0,15,元富-林園,2024-05-31,5927
2382,廣達,17,2,15,元富-林園,2024-05-31,5927
00939,統一台灣高息動能,15,0,15,元富-林園,2024-05-31,5927
2014,中鴻,15,1,14,元富-林園,2024-05-31,5927
2399,映泰,19,5,14,元富-林園,2024-05-31,5927
6243,迅杰,15,1,14,元富-林園,2024-05-31,5927
8054,安國,27,13,14,元富-林園,2024-05-31,5927
00919,群益台灣精選高息,14,0,14,元富-林園,2024-05-31,5927
6005,群益證,13,0,13,元富-林園,2024-05-31,5927
2344,華邦電,14,1,13,元富-林園,2024-05-31,5927
3481,群創,39,26,13,元富-林園,2024-05-31,5927
6182,合晶,13,0,13,元富-林園,2024-05-31,5927
5519,隆大,15,2,13,元富-林園,2024-05-31,5927
2101,南港,20,9,11,元富-林園,2024-05-31,5927
3305,昇貿,16,6,10,元富-林園,2024-05-31,5927
00933B,國泰10Y+金融債,10,0,10,元富-林園,2024-05-31,5927
1714,和桐,10,0,10,元富-林園,2024-05-31,5927
2495,普安,13,3,10,元富-林園,2024-05-31,5927
4552,力達-KY,10,0,10,元富-林園,2024-05-31,5927
2867,三商壽,90,81,9,元富-林園,2024-05-31,5927
1313,聯成,100,3,97,元富-林園,2024-06-03,5927
2405,輔信,82,10,72,元富-林園,2024-06-03,5927
00715L,期街口布蘭特正2,68,0,68,元富-林園,2024-06-03,5927
3490,單井,80,15,65,元富-林園,2024-06-03,5927
2615,萬海,232,171,61,元富-林園,2024-06-03,5927
6126,信音,52,0,52,元富-林園,2024-06-03,5927
2354,鴻準,89,39,50,元富-林園,2024-06-03,5927
2610,華航,46,0,46,元富-林園,2024-06-03,5927
00918,大華優利高填息30,45,0,45,元富-林園,2024-06-03,5927
2303,聯電,57,18,39,元富-林園,2024-06-03,5927
2634,漢翔,36,0,36,元富-林園,2024-06-03,5927
00712,復華富時不動產,35,0,35,元富-林園,2024-06-03,5927
2867,三商壽,35,0,35,元富-林園,2024-06-03,5927
2618,長榮航,33,0,33,元富-林園,2024-06-03,5927
00940,元大台灣價值高息,41,11,30,元富-林園,2024-06-03,5927
1605,華新,29,0,29,元富-林園,2024-06-03,5927
1815,富喬,67,38,29,元富-林園,2024-06-03,5927
3481,群創,48,20,28,元富-林園,2024-06-03,5927
8234,新漢,30,2,28,元富-林園,2024-06-03,5927
2352,佳世達,32,8,24,元富-林園,2024-06-03,5927
6168,宏齊,24,0,24,元富-林園,2024-06-03,5927
3188,鑫龍騰,23,0,23,元富-林園,2024-06-03,5927
00937B,群益ESG投等債20,21,0,21,元富-林園,2024-06-03,5927
2014,中鴻,22,1,21,元富-林園,2024-06-03,5927
1711,永光,20,0,20,元富-林園,2024-06-03,5927
2836,高雄銀,20,0,20,元富-林園,2024-06-03,5927
3025,星通,20,0,20,元富-林園,2024-06-03,5927
6579,研揚,20,0,20,元富-林園,2024-06-03,5927
2884,玉山金,20,1,19,元富-林園,2024-06-03,5927
4938,和碩,28,9,19,元富-林園,2024-06-03,5927
2353,宏��,22,4,18,元富-林園,2024-06-03,5927
2337,旺宏,18,3,15,元富-林園,2024-06-03,5927
2340,台亞,20,5,15,元富-林園,2024-06-03,5927
2438,翔耀,15,0,15,元富-林園,2024-06-03,5927
00919,群益台灣精選高息,26,11,15,元富-林園,2024-06-03,5927
1316,上曜,14,0,14,元富-林園,2024-06-03,5927
1609,大亞,22,8,14,元富-林園,2024-06-03,5927
2349,錸德,14,0,14,元富-林園,2024-06-03,5927
2637,慧洋-KY,17,3,14,元富-林園,2024-06-03,5927
6695,芯鼎,14,0,14,元富-林園,2024-06-03,5927
1504,東元,24,11,13,元富-林園,2024-06-03,5927
5230,雷笛克光學,14,2,12,元富-林園,2024-06-03,5927
1447,力鵬,12,0,12,元富-林園,2024-06-03,5927
2501,國建,13,1,12,元富-林園,2024-06-03,5927
3088,艾訊,13,1,12,元富-林園,2024-06-03,5927
5371,中光電,17,5,12,元富-林園,2024-06-03,5927
2324,仁寶,33,22,11,元富-林園,2024-06-03,5927
3390,旭軟,16,5,11,元富-林園,2024-06-03,5927
3059,華晶科,18,7,11,元富-林園,2024-06-03,5927
2889,國票金,10,0,10,元富-林園,2024-06-03,5927
00936,台新永續高息中小,188,51,137,元富-林園,2024-06-04,5927
00929,復華台灣科技優息,113,0,113,元富-林園,2024-06-04,5927
5236,凌陽創新,108,2,106,元富-林園,2024-06-04,5927
5880,合庫金,103,0,103,元富-林園,2024-06-04,5927
4566,時碩工業,82,0,82,元富-林園,2024-06-04,5927
00919,群益台灣精選高息,82,0,82,元富-林園,2024-06-04,5927
3260,威剛,81,4,77,元富-林園,2024-06-04,5927
2312,金寶,84,15,69,元富-林園,2024-06-04,5927
2367,燿華,92,28,64,元富-林園,2024-06-04,5927
6188,廣明,90,28,62,元富-林園,2024-06-04,5927
1815,富喬,101,40,61,元富-林園,2024-06-04,5927
2888,新光金,70,12,58,元富-林園,2024-06-04,5927
00669R,國泰美國道瓊反1,55,0,55,元富-林園,2024-06-04,5927
00918,大華優利高填息30,55,0,55,元富-林園,2024-06-04,5927
2409,友達,53,0,53,元富-林園,2024-06-04,5927
2324,仁寶,49,0,49,元富-林園,2024-06-04,5927
9907,統一實,47,0,47,元富-林園,2024-06-04,5927
2495,普安,46,5,41,元富-林園,2024-06-04,5927
2353,宏��,41,3,38,元富-林園,2024-06-04,5927
3231,緯創,41,3,38,元富-林園,2024-06-04,5927
2344,華邦電,41,5,36,元富-林園,2024-06-04,5927
2834,臺企銀,32,0,32,元富-林園,2024-06-04,5927
3481,群創,47,15,32,元富-林園,2024-06-04,5927
2356,英業達,39,8,31,元富-林園,2024-06-04,5927
2401,凌陽,33,5,28,元富-林園,2024-06-04,5927
3013,晟銘電,52,24,28,元富-林園,2024-06-04,5927
2002,中鋼,28,0,28,元富-林園,2024-06-04,5927
4562,穎漢,32,5,27,元富-林園,2024-06-04,5927
2618,長榮航,54,28,26,元富-林園,2024-06-04,5927
2328,廣宇,28,4,24,元富-林園,2024-06-04,5927
8234,新漢,25,1,24,元富-林園,2024-06-04,5927
2331,精英,37,14,23,元富-林園,2024-06-04,5927
2486,一詮,42,20,22,元富-林園,2024-06-04,5927
2610,華航,55,34,21,元富-林園,2024-06-04,5927
2301,光寶科,22,2,20,元富-林園,2024-06-04,5927
6120,達運,20,0,20,元富-林園,2024-06-04,5927
1587,吉茂,20,0,20,元富-林園,2024-06-04,5927
4510,高鋒,20,0,20,元富-林園,2024-06-04,5927
2880,華南金,19,0,19,元富-林園,2024-06-04,5927
1524,耿鼎,23,5,18,元富-林園,2024-06-04,5927
3202,樺晟,21,4,17,元富-林園,2024-06-04,5927
00921,兆豐龍頭等權重,16,0,16,元富-林園,2024-06-04,5927
2374,佳能,19,3,16,元富-林園,2024-06-04,5927
6166,凌華,16,0,16,元富-林園,2024-06-04,5927
2009,第一銅,27,13,14,元富-林園,2024-06-04,5927
2338,光罩,19,5,14,元富-林園,2024-06-04,5927
4714,永捷,21,7,14,元富-林園,2024-06-04,5927
4716,大立,15,1,14,元富-林園,2024-06-04,5927
1313,聯成,15,2,13,元富-林園,2024-06-04,5927
1717,長興,13,0,13,元富-林園,2024-06-04,5927
00665L,富邦�琤肭磪囓�2,492,269,223,元富-林園,2024-06-05,5927
00929,復華台灣科技優息,203,0,203,元富-林園,2024-06-05,5927
2867,三商壽,193,0,193,元富-林園,2024-06-05,5927
2303,聯電,116,6,110,元富-林園,2024-06-05,5927
4532,瑞智,101,2,99,元富-林園,2024-06-05,5927
2888,新光金,86,0,86,元富-林園,2024-06-05,5927
2002,中鋼,108,32,76,元富-林園,2024-06-05,5927
2331,精英,58,3,55,元富-林園,2024-06-05,5927
00671R,富邦NASDAQ反1,50,0,50,元富-林園,2024-06-05,5927
2344,華邦電,48,0,48,元富-林園,2024-06-05,5927
00936,台新永續高息中小,43,0,43,元富-林園,2024-06-05,5927
00940,元大台灣價值高息,54,11,43,元富-林園,2024-06-05,5927
2105,正新,37,0,37,元富-林園,2024-06-05,5927
1447,力鵬,34,0,34,元富-林園,2024-06-05,5927
5533,皇鼎,32,0,32,元富-林園,2024-06-05,5927
1310,台苯,30,0,30,元富-林園,2024-06-05,5927
8071,能率網通,52,25,27,元富-林園,2024-06-05,5927
2324,仁寶,27,1,26,元富-林園,2024-06-05,5927
2367,燿華,41,16,25,元富-林園,2024-06-05,5927
1504,東元,40,16,24,元富-林園,2024-06-05,5927
00878,國泰永續高股息,22,0,22,元富-林園,2024-06-05,5927
3481,群創,22,1,21,元富-林園,2024-06-05,5927
00918,大華優利高填息30,21,0,21,元富-林園,2024-06-05,5927
2401,凌陽,27,6,21,元富-林園,2024-06-05,5927
00648R,元大S＆P500反1,20,0,20,元富-林園,2024-06-05,5927
3516,亞帝歐,20,0,20,元富-林園,2024-06-05,5927
6152,百一,20,0,20,元富-林園,2024-06-05,5927
2486,一詮,34,15,19,元富-林園,2024-06-05,5927
4973,廣穎,17,0,17,元富-林園,2024-06-05,5927
3013,晟銘電,30,14,16,元富-林園,2024-06-05,5927
3706,神達,15,0,15,元富-林園,2024-06-05,5927
6120,達運,15,0,15,元富-林園,2024-06-05,5927
3372,典範,17,3,14,元富-林園,2024-06-05,5927
6270,倍微,25,11,14,元富-林園,2024-06-05,5927
1815,富喬,74,61,13,元富-林園,2024-06-05,5927
2365,昆盈,13,0,13,元富-林園,2024-06-05,5927
2352,佳世達,12,0,12,元富-林園,2024-06-05,5927
3357,臺慶科,12,0,12,元富-林園,2024-06-05,5927
2543,皇昌,12,0,12,元富-林園,2024-06-05,5927
2409,友達,11,0,11,元富-林園,2024-06-05,5927
2353,宏��,35,24,11,元富-林園,2024-06-05,5927
1326,台化,11,0,11,元富-林園,2024-06-05,5927
6116,彩晶,12,1,11,元富-林園,2024-06-05,5927
2515,中工,16,5,11,元富-林園,2024-06-05,5927
2610,華航,26,16,10,元富-林園,2024-06-05,5927
00751B,元大AAA至A公司債,10,0,10,元富-林園,2024-06-05,5927
2301,光寶科,13,3,10,元富-林園,2024-06-05,5927
3188,鑫龍騰,10,0,10,元富-林園,2024-06-05,5927
3202,樺晟,12,2,10,元富-林園,2024-06-05,5927
3322,建舜電,10,0,10,元富-林園,2024-06-05,5927
8404,百和興業-KY,115,0,115,元富-林園,2024-06-06,5927
2401,凌陽,61,6,55,元富-林園,2024-06-06,5927
2888,新光金,55,1,54,元富-林園,2024-06-06,5927
00687B,國泰20年美債,67,16,51,元富-林園,2024-06-06,5927
2609,陽明,240,192,48,元富-林園,2024-06-06,5927
00929,復華台灣科技優息,49,1,48,元富-林園,2024-06-06,5927
6188,廣明,59,11,48,元富-林園,2024-06-06,5927
8027,鈦昇,42,1,41,元富-林園,2024-06-06,5927
2489,瑞軒,42,3,39,元富-林園,2024-06-06,5927
2002,中鋼,69,33,36,元富-林園,2024-06-06,5927
00936,台新永續高息中小,34,0,34,元富-林園,2024-06-06,5927
00648R,元大S＆P500反1,30,0,30,元富-林園,2024-06-06,5927
00671R,富邦NASDAQ反1,30,0,30,元富-林園,2024-06-06,5927
2880,華南金,30,0,30,元富-林園,2024-06-06,5927
2344,華邦電,27,0,27,元富-林園,2024-06-06,5927
2353,宏��,30,3,27,元富-林園,2024-06-06,5927
8110,華東,49,23,26,元富-林園,2024-06-06,5927
2101,南港,34,9,25,元富-林園,2024-06-06,5927
2365,昆盈,24,0,24,元富-林園,2024-06-06,5927
3564,其陽,28,4,24,元富-林園,2024-06-06,5927
2367,燿華,65,43,22,元富-林園,2024-06-06,5927
3374,精材,21,3,18,元富-林園,2024-06-06,5927
6125,廣運,28,11,17,元富-林園,2024-06-06,5927
9933,中鼎,16,0,16,元富-林園,2024-06-06,5927
2354,鴻準,64,49,15,元富-林園,2024-06-06,5927
3313,斐成,15,0,15,元富-林園,2024-06-06,5927
4513,福裕,15,1,14,元富-林園,2024-06-06,5927
4526,東台,14,0,14,元富-林園,2024-06-06,5927
00919,群益台灣精選高息,17,3,14,元富-林園,2024-06-06,5927
1313,聯成,13,0,13,元富-林園,2024-06-06,5927
3481,群創,13,0,13,元富-林園,2024-06-06,5927
6116,彩晶,14,1,13,元富-林園,2024-06-06,5927
8054,安國,18,5,13,元富-林園,2024-06-06,5927
2520,冠德,15,3,12,元富-林園,2024-06-06,5927
00878,國泰永續高股息,12,1,11,元富-林園,2024-06-06,5927
00921,兆豐龍頭等權重,11,0,11,元富-林園,2024-06-06,5927
00882,中信中國高股息,11,0,11,元富-林園,2024-06-06,5927
1616,億泰,11,0,11,元富-林園,2024-06-06,5927
2014,中鴻,11,0,11,元富-林園,2024-06-06,5927
3062,建漢,12,1,11,元富-林園,2024-06-06,5927
5392,能率,68,57,11,元富-林園,2024-06-06,5927
9945,潤泰新,10,0,10,元富-林園,2024-06-06,5927
00712,復華富時不動產,10,0,10,元富-林園,2024-06-06,5927
00665L,富邦�琤肭磪囓�2,1918,1908,10,元富-林園,2024-06-06,5927
2405,輔信,11,1,10,元富-林園,2024-06-06,5927
2485,兆赫,10,0,10,元富-林園,2024-06-06,5927
3234,光環,10,0,10,元富-林園,2024-06-06,5927
3715,定穎投控,12,2,10,元富-林園,2024-06-06,5927
5340,建榮,13,3,10,元富-林園,2024-06-06,5927
5864,致和證,10,0,10,元富-林園,2024-06-06,5927
00637L,元大滬深300正2,427,0,427,元富-林園,2024-06-07,5927
00918,大華優利高填息30,226,0,226,元富-林園,2024-06-07,5927
2002,中鋼,225,12,213,元富-林園,2024-06-07,5927
2886,兆豐金,110,0,110,元富-林園,2024-06-07,5927
00929,復華台灣科技優息,80,0,80,元富-林園,2024-06-07,5927
2888,新光金,115,46,69,元富-林園,2024-06-07,5927
2883,凱基金,101,42,59,元富-林園,2024-06-07,5927
2312,金寶,90,32,58,元富-林園,2024-06-07,5927
00936,台新永續高息中小,53,0,53,元富-林園,2024-06-07,5927
8071,能率網通,60,10,50,元富-林園,2024-06-07,5927
2331,精英,32,2,30,元富-林園,2024-06-07,5927
2504,國產,29,4,25,元富-林園,2024-06-07,5927
4157,太景*-KY,20,0,20,元富-林園,2024-06-07,5927
1447,力鵬,20,1,19,元富-林園,2024-06-07,5927
00878,國泰永續高股息,20,2,18,元富-林園,2024-06-07,5927
4566,時碩工業,21,4,17,元富-林園,2024-06-07,5927
3231,緯創,34,17,17,元富-林園,2024-06-07,5927
00891,中信關鍵半導體,15,0,15,元富-林園,2024-06-07,5927
00664R,國泰臺灣加權反1,15,0,15,元富-林園,2024-06-07,5927
1444,力麗,15,0,15,元富-林園,2024-06-07,5927
3313,斐成,15,0,15,元富-林園,2024-06-07,5927
2615,萬海,50,36,14,元富-林園,2024-06-07,5927
00712,復華富時不動產,14,0,14,元富-林園,2024-06-07,5927
2354,鴻準,34,20,14,元富-林園,2024-06-07,5927
2352,佳世達,14,1,13,元富-林園,2024-06-07,5927
2501,國建,35,22,13,元富-林園,2024-06-07,5927
6770,力積電,14,2,12,元富-林園,2024-06-07,5927
2637,慧洋-KY,15,3,12,元富-林園,2024-06-07,5927
3260,威剛,13,1,12,元富-林園,2024-06-07,5927
9105,泰金寶-DR,25,13,12,元富-林園,2024-06-07,5927
2070,精湛,11,0,11,元富-林園,2024-06-07,5927
6290,良維,28,17,11,元富-林園,2024-06-07,5927
00642U,期元大S＆P石油,10,0,10,元富-林園,2024-06-07,5927
2022,聚亨,10,0,10,元富-林園,2024-06-07,5927
2103,台橡,10,0,10,元富-林園,2024-06-07,5927
2530,華建,10,0,10,元富-林園,2024-06-07,5927
2607,榮運,10,0,10,元富-林園,2024-06-07,5927
2613,中櫃,14,4,10,元富-林園,2024-06-07,5927
3062,建漢,10,0,10,元富-林園,2024-06-07,5927
3373,熱映,10,0,10,元富-林園,2024-06-07,5927
4123,晟德,10,0,10,元富-林園,2024-06-07,5927
5351,鈺創,11,1,10,元富-林園,2024-06-07,5927
8249,菱光,10,0,10,元富-林園,2024-06-07,5927
3037,欣興,9,0,9,元富-林園,2024-06-07,5927
2520,冠德,12,3,9,元富-林園,2024-06-07,5927
2851,中再保,9,0,9,元富-林園,2024-06-07,5927
4513,福裕,12,3,9,元富-林園,2024-06-07,5927
1609,大亞,25,16,9,元富-林園,2024-06-07,5927
00722B,群益投資級電信債,8,0,8,元富-林園,2024-06-07,5927
2906,高林,8,0,8,元富-林園,2024-06-07,5927
00637L,元大滬深300正2,507,0,507,元富-林園,2024-06-11,5927
2515,中工,145,0,145,元富-林園,2024-06-11,5927
2888,新光金,118,2,116,元富-林園,2024-06-11,5927
2542,興富發,116,12,104,元富-林園,2024-06-11,5927
00919,群益台灣精選高息,130,40,90,元富-林園,2024-06-11,5927
00918,大華優利高填息30,74,0,74,元富-林園,2024-06-11,5927
2882,國泰金,71,5,66,元富-林園,2024-06-11,5927
00929,復華台灣科技優息,86,23,63,元富-林園,2024-06-11,5927
00942B,台新美A公司債20+,61,0,61,元富-林園,2024-06-11,5927
00882,中信中國高股息,56,0,56,元富-林園,2024-06-11,5927
00939,統一台灣高息動能,53,0,53,元富-林園,2024-06-11,5927
2603,長榮,64,13,51,元富-林園,2024-06-11,5927
2609,陽明,381,332,49,元富-林園,2024-06-11,5927
2356,英業達,60,13,47,元富-林園,2024-06-11,5927
00936,台新永續高息中小,46,0,46,元富-林園,2024-06-11,5927
4714,永捷,45,1,44,元富-林園,2024-06-11,5927
2002,中鋼,55,12,43,元富-林園,2024-06-11,5927
3481,群創,42,3,39,元富-林園,2024-06-11,5927
1815,富喬,144,105,39,元富-林園,2024-06-11,5927
2365,昆盈,39,0,39,元富-林園,2024-06-11,5927
2401,凌陽,33,1,32,元富-林園,2024-06-11,5927
6152,百一,36,4,32,元富-林園,2024-06-11,5927
9945,潤泰新,40,9,31,元富-林園,2024-06-11,5927
5439,高技,31,0,31,元富-林園,2024-06-11,5927
2344,華邦電,30,0,30,元富-林園,2024-06-11,5927
00687B,國泰20年美債,86,58,28,元富-林園,2024-06-11,5927
4566,時碩工業,30,2,28,元富-林園,2024-06-11,5927
9105,泰金寶-DR,35,10,25,元富-林園,2024-06-11,5927
1608,華榮,37,13,24,元富-林園,2024-06-11,5927
8039,台虹,25,1,24,元富-林園,2024-06-11,5927
2615,萬海,118,95,23,元富-林園,2024-06-11,5927
2442,新美齊,22,0,22,元富-林園,2024-06-11,5927
2915,潤泰全,22,0,22,元富-林園,2024-06-11,5927
00857B,永豐20年美公債,21,0,21,元富-林園,2024-06-11,5927
1806,冠軍,20,0,20,元富-林園,2024-06-11,5927
6139,亞翔,20,1,19,元富-林園,2024-06-11,5927
2884,玉山金,19,0,19,元富-林園,2024-06-11,5927
1316,上曜,45,28,17,元富-林園,2024-06-11,5927
6140,訊達,22,5,17,元富-林園,2024-06-11,5927
4968,立積,16,0,16,元富-林園,2024-06-11,5927
1504,東元,40,25,15,元富-林園,2024-06-11,5927
3607,谷崧,15,0,15,元富-林園,2024-06-11,5927
5324,士開,15,0,15,元富-林園,2024-06-11,5927
1301,台塑,14,0,14,元富-林園,2024-06-11,5927
2613,中櫃,25,11,14,元富-林園,2024-06-11,5927
5392,能率,19,5,14,元富-林園,2024-06-11,5927
6180,橘子,13,0,13,元富-林園,2024-06-11,5927
4157,太景*-KY,13,0,13,元富-林園,2024-06-11,5927
8114,振樺電,15,2,13,元富-林園,2024-06-11,5927
1514,亞力,34,22,12,元富-林園,2024-06-11,5927
00929,復華台灣科技優息,619,25,594,元富-林園,2024-06-12,5927
2883,凱基金,344,44,300,元富-林園,2024-06-12,5927
2002,中鋼,120,2,118,元富-林園,2024-06-12,5927
2392,正崴,134,34,100,元富-林園,2024-06-12,5927
2888,新光金,72,3,69,元富-林園,2024-06-12,5927
1504,東元,61,10,51,元富-林園,2024-06-12,5927
00919,群益台灣精選高息,47,0,47,元富-林園,2024-06-12,5927
2353,宏��,45,1,44,元富-林園,2024-06-12,5927
3231,緯創,48,9,39,元富-林園,2024-06-12,5927
3481,群創,36,0,36,元富-林園,2024-06-12,5927
2606,裕民,34,0,34,元富-林園,2024-06-12,5927
2618,長榮航,66,34,32,元富-林園,2024-06-12,5927
3264,欣銓,31,1,30,元富-林園,2024-06-12,5927
2867,三商壽,49,20,29,元富-林園,2024-06-12,5927
00918,大華優利高填息30,29,0,29,元富-林園,2024-06-12,5927
2409,友達,27,0,27,元富-林園,2024-06-12,5927
2609,陽明,224,197,27,元富-林園,2024-06-12,5927
2615,萬海,66,42,24,元富-林園,2024-06-12,5927
2313,華通,26,4,22,元富-林園,2024-06-12,5927
2882,國泰金,22,0,22,元富-林園,2024-06-12,5927
9105,泰金寶-DR,21,0,21,元富-林園,2024-06-12,5927
1308,亞聚,20,0,20,元富-林園,2024-06-12,5927
6209,今國光,26,6,20,元富-林園,2024-06-12,5927
00712,復華富時不動產,17,0,17,元富-林園,2024-06-12,5927
00948B,中信優息投資級債,21,4,17,元富-林園,2024-06-12,5927
6732,昇佳電子,16,1,15,元富-林園,2024-06-12,5927
2108,南帝,17,3,14,元富-林園,2024-06-12,5927
00679B,元大美債20年,13,0,13,元富-林園,2024-06-12,5927
2614,東森,13,0,13,元富-林園,2024-06-12,5927
2486,一詮,36,24,12,元富-林園,2024-06-12,5927
2605,新興,24,12,12,元富-林園,2024-06-12,5927
2617,台航,12,0,12,元富-林園,2024-06-12,5927
3048,益登,15,3,12,元富-林園,2024-06-12,5927
00921,兆豐龍頭等權重,11,0,11,元富-林園,2024-06-12,5927
2009,第一銅,11,0,11,元富-林園,2024-06-12,5927
2613,中櫃,12,1,11,元富-林園,2024-06-12,5927
00882,中信中國高股息,11,1,10,元富-林園,2024-06-12,5927
00891,中信關鍵半導體,10,0,10,元富-林園,2024-06-12,5927
00664R,國泰臺灣加權反1,15,5,10,元富-林園,2024-06-12,5927
2385,群光,10,0,10,元富-林園,2024-06-12,5927
5015,華祺,10,0,10,元富-林園,2024-06-12,5927
5508,永信建,10,0,10,元富-林園,2024-06-12,5927
8234,新漢,10,0,10,元富-林園,2024-06-12,5927
1101,台泥,11,1,10,元富-林園,2024-06-12,5927
3455,由田,27,18,9,元富-林園,2024-06-12,5927
6182,合晶,10,1,9,元富-林園,2024-06-12,5927
00688L,國泰20年美債正2,8,0,8,元富-林園,2024-06-12,5927
3013,晟銘電,21,13,8,元富-林園,2024-06-12,5927
4726,永昕,11,3,8,元富-林園,2024-06-12,5927
5490,同亨,10,2,8,元富-林園,2024-06-12,5927
00637L,元大滬深300正2,201,40,161,元富-林園,2024-06-13,5927
8110,華東,104,1,103,元富-林園,2024-06-13,5927
00665L,富邦�琤肭磪囓�2,300,201,99,元富-林園,2024-06-13,5927
00948B,中信優息投資級債,90,1,89,元富-林園,2024-06-13,5927
1522,堤維西,90,4,86,元富-林園,2024-06-13,5927
2609,陽明,244,159,85,元富-林園,2024-06-13,5927
2002,中鋼,54,1,53,元富-林園,2024-06-13,5927
2618,長榮航,56,6,50,元富-林園,2024-06-13,5927
4714,永捷,50,4,46,元富-林園,2024-06-13,5927
2352,佳世達,37,1,36,元富-林園,2024-06-13,5927
00664R,國泰臺灣加權反1,35,0,35,元富-林園,2024-06-13,5927
1303,南亞,35,0,35,元富-林園,2024-06-13,5927
2367,燿華,40,10,30,元富-林園,2024-06-13,5927
9105,泰金寶-DR,34,4,30,元富-林園,2024-06-13,5927
2731,雄獅,30,0,30,元富-林園,2024-06-13,5927
3501,維熹,28,0,28,元富-林園,2024-06-13,5927
6207,雷科,27,3,24,元富-林園,2024-06-13,5927
00946,群益科技高息成長,20,0,20,元富-林園,2024-06-13,5927
1447,力鵬,32,12,20,元富-林園,2024-06-13,5927
1714,和桐,20,0,20,元富-林園,2024-06-13,5927
3051,力特,20,0,20,元富-林園,2024-06-13,5927
3289,宜特,20,0,20,元富-林園,2024-06-13,5927
3313,斐成,20,0,20,元富-林園,2024-06-13,5927
1617,榮星,19,0,19,元富-林園,2024-06-13,5927
2401,凌陽,21,2,19,元富-林園,2024-06-13,5927
2882,國泰金,29,11,18,元富-林園,2024-06-13,5927
2312,金寶,19,3,16,元富-林園,2024-06-13,5927
1308,亞聚,15,0,15,元富-林園,2024-06-13,5927
6146,耕興,15,0,15,元富-林園,2024-06-13,5927
6147,頎邦,15,0,15,元富-林園,2024-06-13,5927
6104,創惟,21,7,14,元富-林園,2024-06-13,5927
2368,金像電,14,1,13,元富-林園,2024-06-13,5927
2359,所羅門,70,58,12,元富-林園,2024-06-13,5927
1305,華夏,13,1,12,元富-林園,2024-06-13,5927
2208,台船,12,0,12,元富-林園,2024-06-13,5927
1326,台化,11,0,11,元富-林園,2024-06-13,5927
2014,中鴻,11,0,11,元富-林園,2024-06-13,5927
00944,野村趨勢動能高息,10,0,10,元富-林園,2024-06-13,5927
2489,瑞軒,12,2,10,元富-林園,2024-06-13,5927
6160,欣技,20,10,10,元富-林園,2024-06-13,5927
2606,裕民,10,1,9,元富-林園,2024-06-13,5927
5439,高技,10,1,9,元富-林園,2024-06-13,5927
6215,和椿,9,0,9,元富-林園,2024-06-13,5927
9902,台火,9,0,9,元富-林園,2024-06-13,5927
6197,佳必琪,9,0,9,元富-林園,2024-06-13,5927
00936,台新永續高息中小,10,2,8,元富-林園,2024-06-13,5927
3540,曜越,9,1,8,元富-林園,2024-06-13,5927
5519,隆大,8,0,8,元富-林園,2024-06-13,5927
00632R,元大台灣50反1,40,33,7,元富-林園,2024-06-13,5927
00882,中信中國高股息,7,0,7,元富-林園,2024-06-13,5927
2883,凱基金,158,2,156,元富-林園,2024-06-14,5927
00929,復華台灣科技優息,114,1,113,元富-林園,2024-06-14,5927
00937B,群益ESG投等債20,175,74,101,元富-林園,2024-06-14,5927
3047,訊舟,102,2,100,元富-林園,2024-06-14,5927
00637L,元大滬深300正2,324,224,100,元富-林園,2024-06-14,5927
2371,大同,99,26,73,元富-林園,2024-06-14,5927
8071,能率網通,73,1,72,元富-林園,2024-06-14,5927
2367,燿華,60,1,59,元富-林園,2024-06-14,5927
00948B,中信優息投資級債,56,0,56,元富-林園,2024-06-14,5927
00919,群益台灣精選高息,51,0,51,元富-林園,2024-06-14,5927
3481,群創,45,8,37,元富-林園,2024-06-14,5927
3548,兆利,41,7,34,元富-林園,2024-06-14,5927
2356,英業達,38,7,31,元富-林園,2024-06-14,5927
1617,榮星,40,13,27,元富-林園,2024-06-14,5927
2002,中鋼,27,1,26,元富-林園,2024-06-14,5927
00918,大華優利高填息30,26,0,26,元富-林園,2024-06-14,5927
2344,華邦電,25,1,24,元富-林園,2024-06-14,5927
6560,欣普羅,23,0,23,元富-林園,2024-06-14,5927
2605,新興,22,1,21,元富-林園,2024-06-14,5927
00671R,富邦NASDAQ反1,20,0,20,元富-林園,2024-06-14,5927
1714,和桐,20,0,20,元富-林園,2024-06-14,5927
2025,千興,21,1,20,元富-林園,2024-06-14,5927
2801,彰銀,20,0,20,元富-林園,2024-06-14,5927
5519,隆大,20,0,20,元富-林園,2024-06-14,5927
5905,南仁湖,20,0,20,元富-林園,2024-06-14,5927
911868,同方友友-DR,20,0,20,元富-林園,2024-06-14,5927
00936,台新永續高息中小,23,4,19,元富-林園,2024-06-14,5927
2365,昆盈,24,5,19,元富-林園,2024-06-14,5927
2208,台船,18,0,18,元富-林園,2024-06-14,5927
2353,宏��,19,3,16,元富-林園,2024-06-14,5927
1312,國喬,15,0,15,元富-林園,2024-06-14,5927
2337,旺宏,15,0,15,元富-林園,2024-06-14,5927
5508,永信建,24,10,14,元富-林園,2024-06-14,5927
2489,瑞軒,17,4,13,元富-林園,2024-06-14,5927
3202,樺晟,18,5,13,元富-林園,2024-06-14,5927
3048,益登,35,22,13,元富-林園,2024-06-14,5927
00688L,國泰20年美債正2,17,5,12,元富-林園,2024-06-14,5927
00947,台新臺灣IC設計,12,0,12,元富-林園,2024-06-14,5927
1445,大宇,12,0,12,元富-林園,2024-06-14,5927
9945,潤泰新,11,0,11,元富-林園,2024-06-14,5927
00946,群益科技高息成長,11,0,11,元富-林園,2024-06-14,5927
2449,京元電子,11,0,11,元富-林園,2024-06-14,5927
2486,一詮,34,23,11,元富-林園,2024-06-14,5927
4967,十銓,40,29,11,元富-林園,2024-06-14,5927
2376,技嘉,11,1,10,元富-林園,2024-06-14,5927
2897,王道銀行,10,0,10,元富-林園,2024-06-14,5927
3712,永崴投控,10,0,10,元富-林園,2024-06-14,5927
4931,新盛力,10,0,10,元富-林園,2024-06-14,5927
6026,福邦證,10,0,10,元富-林園,2024-06-14,5927
6160,欣技,10,0,10,元富-林園,2024-06-14,5927
00948B,中信優息投資級債,207,0,207,元富-林園,2024-06-17,5927
2887,台新金,200,0,200,元富-林園,2024-06-17,5927
2883,凱基金,201,30,171,元富-林園,2024-06-17,5927
2867,三商壽,71,0,71,元富-林園,2024-06-17,5927
2609,陽明,128,58,70,元富-林園,2024-06-17,5927
00942B,台新美A公司債20+,65,0,65,元富-林園,2024-06-17,5927
2208,台船,62,0,62,元富-林園,2024-06-17,5927
1815,富喬,86,25,61,元富-林園,2024-06-17,5927
00918,大華優利高填息30,64,10,54,元富-林園,2024-06-17,5927
4714,永捷,52,1,51,元富-林園,2024-06-17,5927
911608,明輝-DR,50,0,50,元富-林園,2024-06-17,5927
911622,泰聚亨-DR,50,0,50,元富-林園,2024-06-17,5927
00940,元大台灣價值高息,80,30,50,元富-林園,2024-06-17,5927
00919,群益台灣精選高息,56,6,50,元富-林園,2024-06-17,5927
2615,萬海,118,73,45,元富-林園,2024-06-17,5927
2542,興富發,42,0,42,元富-林園,2024-06-17,5927
2356,英業達,44,14,30,元富-林園,2024-06-17,5927
4566,時碩工業,39,10,29,元富-林園,2024-06-17,5927
2401,凌陽,35,8,27,元富-林園,2024-06-17,5927
6182,合晶,27,0,27,元富-林園,2024-06-17,5927
00929,復華台灣科技優息,54,27,27,元富-林園,2024-06-17,5927
6706,惠特,23,0,23,元富-林園,2024-06-17,5927
1609,大亞,40,21,19,元富-林園,2024-06-17,5927
3013,晟銘電,18,1,17,元富-林園,2024-06-17,5927
3048,益登,18,1,17,元富-林園,2024-06-17,5927
00946,群益科技高息成長,16,0,16,元富-林園,2024-06-17,5927
2515,中工,21,5,16,元富-林園,2024-06-17,5927
1616,億泰,17,2,15,元富-林園,2024-06-17,5927
2371,大同,64,49,15,元富-林園,2024-06-17,5927
2605,新興,15,0,15,元富-林園,2024-06-17,5927
3230,錦明,15,2,13,元富-林園,2024-06-17,5927
3663,鑫科,13,0,13,元富-林園,2024-06-17,5927
6160,欣技,20,8,12,元富-林園,2024-06-17,5927
1618,合機,80,69,11,元富-林園,2024-06-17,5927
2538,基泰,11,0,11,元富-林園,2024-06-17,5927
2613,中櫃,15,4,11,元富-林園,2024-06-17,5927
3088,艾訊,14,3,11,元富-林園,2024-06-17,5927
5519,隆大,11,0,11,元富-林園,2024-06-17,5927
00675L,富邦臺灣加權正2,10,0,10,元富-林園,2024-06-17,5927
1314,中石化,13,3,10,元富-林園,2024-06-17,5927
1445,大宇,10,0,10,元富-林園,2024-06-17,5927
1504,東元,20,10,10,元富-林園,2024-06-17,5927
1608,華榮,18,8,10,元富-林園,2024-06-17,5927
2498,宏達電,15,5,10,元富-林園,2024-06-17,5927
5426,振發,13,3,10,元富-林園,2024-06-17,5927
6116,彩晶,10,0,10,元富-林園,2024-06-17,5927
6180,橘子,10,0,10,元富-林園,2024-06-17,5927
9919,康那香,13,3,10,元富-林園,2024-06-17,5927
3047,訊舟,12,3,9,元富-林園,2024-06-17,5927
00937B,群益ESG投等債20,9,0,9,元富-林園,2024-06-17,5927
00637L,元大滬深300正2,330,120,210,元富-林園,2024-06-18,5927
6116,彩晶,135,7,128,元富-林園,2024-06-18,5927
2371,大同,117,54,63,元富-林園,2024-06-18,5927
5880,合庫金,50,1,49,元富-林園,2024-06-18,5927
1504,東元,52,5,47,元富-林園,2024-06-18,5927
00929,復華台灣科技優息,48,6,42,元富-林園,2024-06-18,5927
2353,宏��,45,5,40,元富-林園,2024-06-18,5927
5443,均豪,54,15,39,元富-林園,2024-06-18,5927
00940,元大台灣價值高息,59,24,35,元富-林園,2024-06-18,5927
3231,緯創,35,1,34,元富-林園,2024-06-18,5927
1815,富喬,51,18,33,元富-林園,2024-06-18,5927
2312,金寶,33,0,33,元富-林園,2024-06-18,5927
912000,晨訊科-DR,30,0,30,元富-林園,2024-06-18,5927
8249,菱光,28,0,28,元富-林園,2024-06-18,5927
2031,新光鋼,27,0,27,元富-林園,2024-06-18,5927
2002,中鋼,36,14,22,元富-林園,2024-06-18,5927
1802,台玻,29,7,22,元富-林園,2024-06-18,5927
00713,元大台灣高息低波,22,0,22,元富-林園,2024-06-18,5927
00650L,復華香港正2,21,0,21,元富-林園,2024-06-18,5927
3390,旭軟,21,0,21,元富-林園,2024-06-18,5927
4513,福裕,22,1,21,元富-林園,2024-06-18,5927
6197,佳必琪,29,8,21,元富-林園,2024-06-18,5927
1326,台化,20,0,20,元富-林園,2024-06-18,5927
1605,華新,20,0,20,元富-林園,2024-06-18,5927
2515,中工,28,10,18,元富-林園,2024-06-18,5927
8039,台虹,18,0,18,元富-林園,2024-06-18,5927
00687B,國泰20年美債,17,0,17,元富-林園,2024-06-18,5927
00936,台新永續高息中小,46,30,16,元富-林園,2024-06-18,5927
00942B,台新美A公司債20+,15,0,15,元富-林園,2024-06-18,5927
00947,台新臺灣IC設計,21,6,15,元富-林園,2024-06-18,5927
1618,合機,29,14,15,元富-林園,2024-06-18,5927
3013,晟銘電,32,17,15,元富-林園,2024-06-18,5927
1513,中興電,21,7,14,元富-林園,2024-06-18,5927
00673R,期元大S＆P原油反1,14,0,14,元富-林園,2024-06-18,5927
1473,台南,15,1,14,元富-林園,2024-06-18,5927
2731,雄獅,14,0,14,元富-林園,2024-06-18,5927
4566,時碩工業,47,33,14,元富-林園,2024-06-18,5927
2337,旺宏,16,3,13,元富-林園,2024-06-18,5927
2867,三商壽,20,7,13,元富-林園,2024-06-18,5927
5425,台半,13,0,13,元富-林園,2024-06-18,5927
4967,十銓,29,17,12,元富-林園,2024-06-18,5927
00655L,國泰中國A50正2,12,0,12,元富-林園,2024-06-18,5927
4534,慶騰,12,0,12,元富-林園,2024-06-18,5927
2486,一詮,22,11,11,元富-林園,2024-06-18,5927
1301,台塑,12,1,11,元富-林園,2024-06-18,5927
2634,漢翔,11,0,11,元富-林園,2024-06-18,5927
3016,嘉晶,11,0,11,元富-林園,2024-06-18,5927
6770,力積電,32,21,11,元富-林園,2024-06-18,5927
9933,中鼎,13,2,11,元富-林園,2024-06-18,5927
3308,聯德,14,3,11,元富-林園,2024-06-18,5927
2887,台新金,200,0,200,元富-林園,2024-06-19,5927
6116,彩晶,188,0,188,元富-林園,2024-06-19,5927
00918,大華優利高填息30,234,50,184,元富-林園,2024-06-19,5927
8034,榮群,80,0,80,元富-林園,2024-06-19,5927
00936,台新永續高息中小,72,3,69,元富-林園,2024-06-19,5927
9105,泰金寶-DR,66,0,66,元富-林園,2024-06-19,5927
2337,旺宏,57,1,56,元富-林園,2024-06-19,5927
00673R,期元大S＆P原油反1,50,1,49,元富-林園,2024-06-19,5927
2303,聯電,51,10,41,元富-林園,2024-06-19,5927
6282,康舒,43,4,39,元富-林園,2024-06-19,5927
4967,十銓,48,12,36,元富-林園,2024-06-19,5927
1815,富喬,60,26,34,元富-林園,2024-06-19,5927
6120,達運,30,0,30,元富-林園,2024-06-19,5927
2371,大同,67,38,29,元富-林園,2024-06-19,5927
00915,凱基優選高股息30,28,0,28,元富-林園,2024-06-19,5927
6215,和椿,26,0,26,元富-林園,2024-06-19,5927
8021,尖點,25,0,25,元富-林園,2024-06-19,5927
1503,士電,39,14,25,元富-林園,2024-06-19,5927
1504,東元,25,1,24,元富-林園,2024-06-19,5927
2886,兆豐金,23,0,23,元富-林園,2024-06-19,5927
3059,華晶科,22,0,22,元富-林園,2024-06-19,5927
2618,長榮航,47,25,22,元富-林園,2024-06-19,5927
00946,群益科技高息成長,21,0,21,元富-林園,2024-06-19,5927
2542,興富發,20,0,20,元富-林園,2024-06-19,5927
5880,合庫金,20,0,20,元富-林園,2024-06-19,5927
2610,華航,49,30,19,元富-林園,2024-06-19,5927
3564,其陽,19,0,19,元富-林園,2024-06-19,5927
2344,華邦電,27,9,18,元富-林園,2024-06-19,5927
1409,新纖,20,2,18,元富-林園,2024-06-19,5927
00937B,群益ESG投等債20,28,11,17,元富-林園,2024-06-19,5927
1301,台塑,15,1,14,元富-林園,2024-06-19,5927
2634,漢翔,15,1,14,元富-林園,2024-06-19,5927
00940,元大台灣價值高息,133,120,13,元富-林園,2024-06-19,5927
1313,聯成,13,0,13,元富-林園,2024-06-19,5927
2328,廣宇,43,31,12,元富-林園,2024-06-19,5927
2515,中工,34,22,12,元富-林園,2024-06-19,5927
6770,力積電,11,0,11,元富-林園,2024-06-19,5927
8096,擎亞,55,44,11,元富-林園,2024-06-19,5927
1785,光洋科,17,6,11,元富-林園,2024-06-19,5927
1909,榮成,10,0,10,元富-林園,2024-06-19,5927
00930,永豐ESG低碳高息,10,0,10,元富-林園,2024-06-19,5927
1305,華夏,10,0,10,元富-林園,2024-06-19,5927
1617,榮星,10,0,10,元富-林園,2024-06-19,5927
1723,中碳,14,4,10,元富-林園,2024-06-19,5927
1727,中華化,10,0,10,元富-林園,2024-06-19,5927
2340,台亞,11,1,10,元富-林園,2024-06-19,5927
2406,國碩,10,0,10,元富-林園,2024-06-19,5927
2537,聯上發,10,0,10,元富-林園,2024-06-19,5927
2540,愛山林,16,6,10,元富-林園,2024-06-19,5927
3171,炎洲流通,10,0,10,元富-林園,2024-06-19,5927
2353,宏��,82,0,82,元富-林園,2024-06-20,5927
8021,尖點,76,1,75,元富-林園,2024-06-20,5927
00940,元大台灣價值高息,78,29,49,元富-林園,2024-06-20,5927
00687B,國泰20年美債,37,0,37,元富-林園,2024-06-20,5927
00936,台新永續高息中小,32,4,28,元富-林園,2024-06-20,5927
00942B,台新美A公司債20+,26,0,26,元富-林園,2024-06-20,5927
3046,建��,24,0,24,元富-林園,2024-06-20,5927
00937B,群益ESG投等債20,34,10,24,元富-林園,2024-06-20,5927
00946,群益科技高息成長,53,30,23,元富-林園,2024-06-20,5927
00947,台新臺灣IC設計,26,3,23,元富-林園,2024-06-20,5927
2881,富邦金,22,0,22,元富-林園,2024-06-20,5927
00927,群益半導體收益,20,0,20,元富-林園,2024-06-20,5927
4714,永捷,20,0,20,元富-林園,2024-06-20,5927
5880,合庫金,20,0,20,元富-林園,2024-06-20,5927
00929,復華台灣科技優息,32,12,20,元富-林園,2024-06-20,5927
00919,群益台灣精選高息,38,19,19,元富-林園,2024-06-20,5927
1301,台塑,18,0,18,元富-林園,2024-06-20,5927
00944,野村趨勢動能高息,16,1,15,元富-林園,2024-06-20,5927
2610,華航,31,17,14,元富-林園,2024-06-20,5927
2537,聯上發,14,0,14,元富-林園,2024-06-20,5927
6275,元山,14,0,14,元富-林園,2024-06-20,5927
1326,台化,14,1,13,元富-林園,2024-06-20,5927
2330,台積電,16,3,13,元富-林園,2024-06-20,5927
2891,中信金,38,26,12,元富-林園,2024-06-20,5927
00712,復華富時不動產,12,0,12,元富-林園,2024-06-20,5927
1514,亞力,20,8,12,元富-林園,2024-06-20,5927
2374,佳能,13,1,12,元富-林園,2024-06-20,5927
6140,訊達,14,2,12,元富-林園,2024-06-20,5927
6005,群益證,11,0,11,元富-林園,2024-06-20,5927
1303,南亞,13,2,11,元富-林園,2024-06-20,5927
6112,邁達特,11,0,11,元富-林園,2024-06-20,5927
6153,嘉聯益,12,1,11,元富-林園,2024-06-20,5927
8105,凌巨,19,8,11,元富-林園,2024-06-20,5927
00891,中信關鍵半導體,10,0,10,元富-林園,2024-06-20,5927
00664R,國泰臺灣加權反1,10,0,10,元富-林園,2024-06-20,5927
2031,新光鋼,10,0,10,元富-林園,2024-06-20,5927
2412,中華電,10,0,10,元富-林園,2024-06-20,5927
2637,慧洋-KY,10,0,10,元富-林園,2024-06-20,5927
2885,元大金,10,0,10,元富-林園,2024-06-20,5927
3623,富晶通,10,0,10,元富-林園,2024-06-20,5927
00713,元大台灣高息低波,10,0,10,元富-林園,2024-06-20,5927
3481,群創,50,41,9,元富-林園,2024-06-20,5927
3297,杭特,10,1,9,元富-林園,2024-06-20,5927
3312,弘憶股,20,11,9,元富-林園,2024-06-20,5927
4927,泰鼎-KY,9,0,9,元富-林園,2024-06-20,5927
00939,統一台灣高息動能,30,22,8,元富-林園,2024-06-20,5927
2344,華邦電,21,13,8,元富-林園,2024-06-20,5927
2886,兆豐金,8,0,8,元富-林園,2024-06-20,5927
3234,光環,8,0,8,元富-林園,2024-06-20,5927
6190,萬泰科,8,0,8,元富-林園,2024-06-20,5927
2883,凱基金,622,18,604,元富-林園,2024-06-21,5927
00919,群益台灣精選高息,374,16,358,元富-林園,2024-06-21,5927
00637L,元大滬深300正2,340,50,290,元富-林園,2024-06-21,5927
2002,中鋼,260,4,256,元富-林園,2024-06-21,5927
4532,瑞智,222,0,222,元富-林園,2024-06-21,5927
3622,洋華,100,0,100,元富-林園,2024-06-21,5927
2401,凌陽,87,26,61,元富-林園,2024-06-21,5927
1301,台塑,58,0,58,元富-林園,2024-06-21,5927
2317,鴻海,103,45,58,元富-林園,2024-06-21,5927
00936,台新永續高息中小,56,0,56,元富-林園,2024-06-21,5927
00673R,期元大S＆P原油反1,50,0,50,元富-林園,2024-06-21,5927
6901,鑽石投資,50,0,50,元富-林園,2024-06-21,5927
2492,華新科,69,22,47,元富-林園,2024-06-21,5927
00942B,台新美A公司債20+,43,0,43,元富-林園,2024-06-21,5927
3535,晶彩科,42,3,39,元富-林園,2024-06-21,5927
2542,興富發,40,5,35,元富-林園,2024-06-21,5927
6125,廣運,41,7,34,元富-林園,2024-06-21,5927
3710,連展投控,30,0,30,元富-林園,2024-06-21,5927
00878,國泰永續高股息,32,3,29,元富-林園,2024-06-21,5927
1305,華夏,41,12,29,元富-林園,2024-06-21,5927
3025,星通,31,3,28,元富-林園,2024-06-21,5927
6173,信昌電,35,7,28,元富-林園,2024-06-21,5927
00712,復華富時不動產,27,0,27,元富-林園,2024-06-21,5927
5701,劍湖山,23,0,23,元富-林園,2024-06-21,5927
3712,永崴投控,20,0,20,元富-林園,2024-06-21,5927
4534,慶騰,20,0,20,元富-林園,2024-06-21,5927
00882,中信中國高股息,19,0,19,元富-林園,2024-06-21,5927
00948B,中信優息投資級債,18,0,18,元富-林園,2024-06-21,5927
2641,正德,23,5,18,元富-林園,2024-06-21,5927
2615,萬海,131,115,16,元富-林園,2024-06-21,5927
1514,亞力,31,15,16,元富-林園,2024-06-21,5927
3062,建漢,47,31,16,元富-林園,2024-06-21,5927
3380,明泰,16,0,16,元富-林園,2024-06-21,5927
4956,光鋐,16,0,16,元富-林園,2024-06-21,5927
2498,宏達電,46,31,15,元富-林園,2024-06-21,5927
3059,華晶科,14,0,14,元富-林園,2024-06-21,5927
6112,邁達特,14,0,14,元富-林園,2024-06-21,5927
3483,力致,16,3,13,元富-林園,2024-06-21,5927
2538,基泰,13,0,13,元富-林園,2024-06-21,5927
3105,穩懋,15,2,13,元富-林園,2024-06-21,5927
4726,永昕,13,0,13,元富-林園,2024-06-21,5927
6176,瑞儀,14,2,12,元富-林園,2024-06-21,5927
1303,南亞,12,0,12,元富-林園,2024-06-21,5927
00946,群益科技高息成長,11,0,11,元富-林園,2024-06-21,5927
1605,華新,11,0,11,元富-林園,2024-06-21,5927
8916,光隆,13,2,11,元富-林園,2024-06-21,5927
2330,台積電,14,3,11,元富-林園,2024-06-21,5927
00669R,國泰美國道瓊反1,10,0,10,元富-林園,2024-06-21,5927
1314,中石化,31,21,10,元富-林園,2024-06-21,5927
1563,巧新,11,1,10,元富-林園,2024-06-21,5927
00673R,期元大S＆P原油反1,200,0,200,元富-林園,2024-06-24,5927
6207,雷科,151,0,151,元富-林園,2024-06-24,5927
00929,復華台灣科技優息,122,9,113,元富-林園,2024-06-24,5927
3231,緯創,77,2,75,元富-林園,2024-06-24,5927
3481,群創,408,342,66,元富-林園,2024-06-24,5927
1101,台泥,74,8,66,元富-林園,2024-06-24,5927
2609,陽明,76,18,58,元富-林園,2024-06-24,5927
00919,群益台灣精選高息,87,30,57,元富-林園,2024-06-24,5927
1815,富喬,61,9,52,元富-林園,2024-06-24,5927
9105,泰金寶-DR,56,7,49,元富-林園,2024-06-24,5927
2603,長榮,47,3,44,元富-林園,2024-06-24,5927
00937B,群益ESG投等債20,53,9,44,元富-林園,2024-06-24,5927
00936,台新永續高息中小,43,1,42,元富-林園,2024-06-24,5927
00940,元大台灣價值高息,98,63,35,元富-林園,2024-06-24,5927
2615,萬海,66,36,30,元富-林園,2024-06-24,5927
1609,大亞,30,1,29,元富-林園,2024-06-24,5927
2610,華航,34,5,29,元富-林園,2024-06-24,5927
2353,宏��,35,7,28,元富-林園,2024-06-24,5927
8916,光隆,27,0,27,元富-林園,2024-06-24,5927
2888,新光金,39,13,26,元富-林園,2024-06-24,5927
2317,鴻海,65,39,26,元富-林園,2024-06-24,5927
1301,台塑,29,3,26,元富-林園,2024-06-24,5927
1605,華新,31,6,25,元富-林園,2024-06-24,5927
2369,菱生,31,7,24,元富-林園,2024-06-24,5927
3062,建漢,79,55,24,元富-林園,2024-06-24,5927
2330,台積電,28,5,23,元富-林園,2024-06-24,5927
2492,華新科,24,3,21,元富-林園,2024-06-24,5927
1432,大魯閣,20,0,20,元富-林園,2024-06-24,5927
2365,昆盈,33,13,20,元富-林園,2024-06-24,5927
2405,輔信,20,0,20,元富-林園,2024-06-24,5927
4133,亞諾法,20,1,19,元富-林園,2024-06-24,5927
6449,鈺邦,33,14,19,元富-林園,2024-06-24,5927
5508,永信建,20,1,19,元富-林園,2024-06-24,5927
00939,統一台灣高息動能,25,7,18,元富-林園,2024-06-24,5927
1785,光洋科,36,18,18,元富-林園,2024-06-24,5927
6290,良維,20,4,16,元富-林園,2024-06-24,5927
00706L,期元大S＆P日圓正2,15,0,15,元富-林園,2024-06-24,5927
1303,南亞,16,1,15,元富-林園,2024-06-24,5927
00680L,元大美債20正2,14,0,14,元富-林園,2024-06-24,5927
1449,佳和,15,1,14,元富-林園,2024-06-24,5927
2354,鴻準,18,4,14,元富-林園,2024-06-24,5927
2611,志信,14,0,14,元富-林園,2024-06-24,5927
2812,台中銀,13,0,13,元富-林園,2024-06-24,5927
2337,旺宏,14,1,13,元富-林園,2024-06-24,5927
5880,合庫金,20,7,13,元富-林園,2024-06-24,5927
00712,復華富時不動產,15,3,12,元富-林園,2024-06-24,5927
00795B,中信美國公債20年,12,0,12,元富-林園,2024-06-24,5927
2489,瑞軒,15,3,12,元富-林園,2024-06-24,5927
3058,立德,12,0,12,元富-林園,2024-06-24,5927
4924,欣厚-KY,12,0,12,元富-林園,2024-06-24,5927
3481,群創,204,69,135,元富-林園,2024-06-25,5927
8028,昇陽半導體,102,0,102,元富-林園,2024-06-25,5927
911868,同方友友-DR,100,0,100,元富-林園,2024-06-25,5927
00878,國泰永續高股息,86,3,83,元富-林園,2024-06-25,5927
00919,群益台灣精選高息,76,0,76,元富-林園,2024-06-25,5927
00940,元大台灣價值高息,77,9,68,元富-林園,2024-06-25,5927
2409,友達,98,30,68,元富-林園,2024-06-25,5927
2883,凱基金,61,4,57,元富-林園,2024-06-25,5927
00929,復華台灣科技優息,57,5,52,元富-林園,2024-06-25,5927
3013,晟銘電,50,0,50,元富-林園,2024-06-25,5927
4526,東台,64,16,48,元富-林園,2024-06-25,5927
2103,台橡,41,0,41,元富-林園,2024-06-25,5927
9105,泰金寶-DR,51,10,41,元富-林園,2024-06-25,5927
00937B,群益ESG投等債20,45,10,35,元富-林園,2024-06-25,5927
2489,瑞軒,45,13,32,元富-林園,2024-06-25,5927
2352,佳世達,52,30,22,元富-林園,2024-06-25,5927
4956,光鋐,22,0,22,元富-林園,2024-06-25,5927
2353,宏��,24,3,21,元富-林園,2024-06-25,5927
00637L,元大滬深300正2,40,20,20,元富-林園,2024-06-25,5927
6120,達運,20,0,20,元富-林園,2024-06-25,5927
912000,晨訊科-DR,20,0,20,元富-林園,2024-06-25,5927
2330,台積電,28,8,20,元富-林園,2024-06-25,5927
1303,南亞,20,2,18,元富-林園,2024-06-25,5927
2537,聯上發,18,0,18,元富-林園,2024-06-25,5927
00936,台新永續高息中小,16,0,16,元富-林園,2024-06-25,5927
3231,緯創,20,4,16,元富-林園,2024-06-25,5927
1305,華夏,14,0,14,元富-林園,2024-06-25,5927
1326,台化,13,0,13,元富-林園,2024-06-25,5927
4726,永昕,15,2,13,元富-林園,2024-06-25,5927
3037,欣興,12,0,12,元富-林園,2024-06-25,5927
6449,鈺邦,14,2,12,元富-林園,2024-06-25,5927
6425,易發,11,0,11,元富-林園,2024-06-25,5927
00946,群益科技高息成長,11,0,11,元富-林園,2024-06-25,5927
2543,皇昌,11,0,11,元富-林園,2024-06-25,5927
2610,華航,19,8,11,元富-林園,2024-06-25,5927
8110,華東,58,47,11,元富-林園,2024-06-25,5927
00673R,期元大S＆P原油反1,10,0,10,元富-林園,2024-06-25,5927
00679B,元大美債20年,10,0,10,元富-林園,2024-06-25,5927
1308,亞聚,10,0,10,元富-林園,2024-06-25,5927
2337,旺宏,10,0,10,元富-林園,2024-06-25,5927
3049,精金,10,0,10,元富-林園,2024-06-25,5927
3710,連展投控,10,0,10,元富-林園,2024-06-25,5927
8039,台虹,10,0,10,元富-林園,2024-06-25,5927
9945,潤泰新,15,5,10,元富-林園,2024-06-25,5927
5009,榮剛,10,0,10,元富-林園,2024-06-25,5927
5351,鈺創,10,1,9,元富-林園,2024-06-25,5927
3047,訊舟,19,11,8,元富-林園,2024-06-25,5927
3062,建漢,67,59,8,元富-林園,2024-06-25,5927
3576,聯合再生,8,0,8,元富-林園,2024-06-25,5927
5392,能率,10,2,8,元富-林園,2024-06-25,5927
00637L,元大滬深300正2,270,50,220,元富-林園,2024-06-26,5927
2409,友達,189,22,167,元富-林園,2024-06-26,5927
00687B,國泰20年美債,133,27,106,元富-林園,2024-06-26,5927
2883,凱基金,127,31,96,元富-林園,2024-06-26,5927
3481,群創,83,30,53,元富-林園,2024-06-26,5927
2103,台橡,50,0,50,元富-林園,2024-06-26,5927
2365,昆盈,49,3,46,元富-林園,2024-06-26,5927
2002,中鋼,41,5,36,元富-林園,2024-06-26,5927
1303,南亞,55,22,33,元富-林園,2024-06-26,5927
4924,欣厚-KY,33,0,33,元富-林園,2024-06-26,5927
2354,鴻準,54,23,31,元富-林園,2024-06-26,5927
5871,中租-KY,30,0,30,元富-林園,2024-06-26,5927
9919,康那香,30,0,30,元富-林園,2024-06-26,5927
2392,正崴,36,11,25,元富-林園,2024-06-26,5927
00937B,群益ESG投等債20,34,10,24,元富-林園,2024-06-26,5927
2641,正德,23,0,23,元富-林園,2024-06-26,5927
2317,鴻海,52,29,23,元富-林園,2024-06-26,5927
2834,臺企銀,24,2,22,元富-林園,2024-06-26,5927
00947,台新臺灣IC設計,21,0,21,元富-林園,2024-06-26,5927
2371,大同,49,29,20,元富-林園,2024-06-26,5927
2308,台達電,19,1,18,元富-林園,2024-06-26,5927
2401,凌陽,23,5,18,元富-林園,2024-06-26,5927
2489,瑞軒,29,11,18,元富-林園,2024-06-26,5927
5351,鈺創,17,0,17,元富-林園,2024-06-26,5927
1301,台塑,28,12,16,元富-林園,2024-06-26,5927
8112,至上,18,3,15,元富-林園,2024-06-26,5927
1326,台化,15,0,15,元富-林園,2024-06-26,5927
3402,漢科,15,0,15,元富-林園,2024-06-26,5927
2449,京元電子,29,15,14,元富-林園,2024-06-26,5927
1802,台玻,28,15,13,元富-林園,2024-06-26,5927
5512,力麒,13,0,13,元富-林園,2024-06-26,5927
6152,百一,13,0,13,元富-林園,2024-06-26,5927
00919,群益台灣精選高息,11,0,11,元富-林園,2024-06-26,5927
1305,華夏,11,0,11,元富-林園,2024-06-26,5927
2427,三商電,11,0,11,元富-林園,2024-06-26,5927
3264,欣銓,11,0,11,元富-林園,2024-06-26,5927
3296,勝德,11,0,11,元富-林園,2024-06-26,5927
6257,矽格,21,10,11,元富-林園,2024-06-26,5927
1455,集盛,10,0,10,元富-林園,2024-06-26,5927
2809,京城銀,10,0,10,元富-林園,2024-06-26,5927
6169,昱泉,10,0,10,元富-林園,2024-06-26,5927
6275,元山,10,0,10,元富-林園,2024-06-26,5927
6425,易發,13,3,10,元富-林園,2024-06-26,5927
6578,達邦蛋白,10,0,10,元富-林園,2024-06-26,5927
6615,慧智,10,0,10,元富-林園,2024-06-26,5927
3231,緯創,14,5,9,元富-林園,2024-06-26,5927
00929,復華台灣科技優息,11,2,9,元富-林園,2024-06-26,5927
00946,群益科技高息成長,9,0,9,元富-林園,2024-06-26,5927
2540,愛山林,9,0,9,元富-林園,2024-06-26,5927
3501,維熹,10,1,9,元富-林園,2024-06-26,5927
00687B,國泰20年美債,130,0,130,元富-林園,2024-06-27,5927
00680L,元大美債20正2,78,0,78,元富-林園,2024-06-27,5927
00937B,群益ESG投等債20,91,16,75,元富-林園,2024-06-27,5927
00878,國泰永續高股息,78,7,71,元富-林園,2024-06-27,5927
00665L,富邦�琤肭磪囓�2,66,0,66,元富-林園,2024-06-27,5927
3481,群創,83,25,58,元富-林園,2024-06-27,5927
3490,單井,55,2,53,元富-林園,2024-06-27,5927
3047,訊舟,97,55,42,元富-林園,2024-06-27,5927
00679B,元大美債20年,40,0,40,元富-林園,2024-06-27,5927
00936,台新永續高息中小,34,0,34,元富-林園,2024-06-27,5927
00940,元大台灣價值高息,112,80,32,元富-林園,2024-06-27,5927
4707,磐亞,42,12,30,元富-林園,2024-06-27,5927
2002,中鋼,28,0,28,元富-林園,2024-06-27,5927
5355,佳總,25,0,25,元富-林園,2024-06-27,5927
1605,華新,35,11,24,元富-林園,2024-06-27,5927
2356,英業達,26,3,23,元富-林園,2024-06-27,5927
912000,晨訊科-DR,24,1,23,元富-林園,2024-06-27,5927
00929,復華台灣科技優息,34,12,22,元富-林園,2024-06-27,5927
2515,中工,33,11,22,元富-林園,2024-06-27,5927
5243,乙盛-KY,22,1,21,元富-林園,2024-06-27,5927
4934,太極,21,1,20,元富-林園,2024-06-27,5927
6015,宏遠證,20,0,20,元富-林園,2024-06-27,5927
9105,泰金寶-DR,40,20,20,元富-林園,2024-06-27,5927
9907,統一實,20,0,20,元富-林園,2024-06-27,5927
6869,雲豹能源,37,18,19,元富-林園,2024-06-27,5927
6147,頎邦,20,1,19,元富-林園,2024-06-27,5927
2883,凱基金,19,0,19,元富-林園,2024-06-27,5927
2886,兆豐金,17,0,17,元富-林園,2024-06-27,5927
6770,力積電,18,1,17,元富-林園,2024-06-27,5927
4938,和碩,16,0,16,元富-林園,2024-06-27,5927
2409,友達,16,0,16,元富-林園,2024-06-27,5927
3093,港建*,15,0,15,元富-林園,2024-06-27,5927
2615,萬海,42,28,14,元富-林園,2024-06-27,5927
1326,台化,14,0,14,元富-林園,2024-06-27,5927
8085,福華,14,0,14,元富-林園,2024-06-27,5927
9945,潤泰新,14,0,14,元富-林園,2024-06-27,5927
00942B,台新美A公司債20+,12,0,12,元富-林園,2024-06-27,5927
2103,台橡,12,0,12,元富-林園,2024-06-27,5927
5351,鈺創,12,0,12,元富-林園,2024-06-27,5927
5907,大洋-KY,12,0,12,元富-林園,2024-06-27,5927
6443,元晶,33,22,11,元富-林園,2024-06-27,5927
1732,毛寶,12,1,11,元富-林園,2024-06-27,5927
2401,凌陽,13,2,11,元富-林園,2024-06-27,5927
2834,臺企銀,11,0,11,元富-林園,2024-06-27,5927
3231,緯創,18,7,11,元富-林園,2024-06-27,5927
3303,岱稜,14,3,11,元富-林園,2024-06-27,5927
4526,東台,13,2,11,元富-林園,2024-06-27,5927
6668,中揚光,11,0,11,元富-林園,2024-06-27,5927
9904,寶成,11,0,11,元富-林園,2024-06-27,5927
5871,中租-KY,10,0,10,元富-林園,2024-06-27,5927
4532,瑞智,160,2,158,元富-林園,2024-06-28,5927
2349,錸德,90,1,89,元富-林園,2024-06-28,5927
2337,旺宏,83,0,83,元富-林園,2024-06-28,5927
3481,群創,66,6,60,元富-林園,2024-06-28,5927
2406,國碩,99,44,55,元富-林園,2024-06-28,5927
3576,聯合再生,145,96,49,元富-林園,2024-06-28,5927
00673R,期元大S＆P原油反1,48,0,48,元富-林園,2024-06-28,5927
2317,鴻海,61,20,41,元富-林園,2024-06-28,5927
9103,美德醫療-DR,40,0,40,元富-林園,2024-06-28,5927
2489,瑞軒,36,0,36,元富-林園,2024-06-28,5927
00937B,群益ESG投等債20,34,0,34,元富-林園,2024-06-28,5927
2610,華航,62,28,34,元富-林園,2024-06-28,5927
00936,台新永續高息中小,32,0,32,元富-林園,2024-06-28,5927
2409,友達,32,2,30,元富-林園,2024-06-28,5927
00929,復華台灣科技優息,30,0,30,元富-林園,2024-06-28,5927
2371,大同,28,0,28,元富-林園,2024-06-28,5927
2374,佳能,45,18,27,元富-林園,2024-06-28,5927
3057,喬鼎,25,0,25,元富-林園,2024-06-28,5927
4533,協易機,31,6,25,元富-林園,2024-06-28,5927
8064,東捷,25,1,24,元富-林園,2024-06-28,5927
00919,群益台灣精選高息,31,10,21,元富-林園,2024-06-28,5927
3713,新晶投控,20,0,20,元富-林園,2024-06-28,5927
6257,矽格,20,0,20,元富-林園,2024-06-28,5927
2412,中華電,19,0,19,元富-林園,2024-06-28,5927
2615,萬海,41,23,18,元富-林園,2024-06-28,5927
2609,陽明,29,12,17,元富-林園,2024-06-28,5927
00665L,富邦�琤肭磪囓�2,35,18,17,元富-林園,2024-06-28,5927
4919,新唐,17,0,17,元富-林園,2024-06-28,5927
00679B,元大美債20年,21,5,16,元富-林園,2024-06-28,5927
2495,普安,20,4,16,元富-林園,2024-06-28,5927
3264,欣銓,16,0,16,元富-林園,2024-06-28,5927
4707,磐亞,21,5,16,元富-林園,2024-06-28,5927
3043,科風,15,0,15,元富-林園,2024-06-28,5927
2301,光寶科,14,1,13,元富-林園,2024-06-28,5927
1514,亞力,17,5,12,元富-林園,2024-06-28,5927
2323,中環,12,0,12,元富-林園,2024-06-28,5927
4726,永昕,13,1,12,元富-林園,2024-06-28,5927
8450,霹靂,12,0,12,元富-林園,2024-06-28,5927
6443,元晶,16,5,11,元富-林園,2024-06-28,5927
1303,南亞,10,0,10,元富-林園,2024-06-28,5927
1473,台南,10,0,10,元富-林園,2024-06-28,5927
1711,永光,10,0,10,元富-林園,2024-06-28,5927
2025,千興,10,0,10,元富-林園,2024-06-28,5927
2206,三陽工業,10,0,10,元富-林園,2024-06-28,5927
2426,鼎元,10,0,10,元富-林園,2024-06-28,5927
8011,台通,10,0,10,元富-林園,2024-06-28,5927
911868,同方友友-DR,10,0,10,元富-林園,2024-06-28,5927
1301,台塑,12,3,9,元富-林園,2024-06-28,5927
1785,光洋科,12,3,9,元富-林園,2024-06-28,5927
3071,協禧,10,1,9,元富-林園,2024-06-28,5927
00937B,群益ESG投等債20,241,21,220,元富-林園,2024-07-01,5927
00637L,元大滬深300正2,420,240,180,元富-林園,2024-07-01,5927
00936,台新永續高息中小,120,0,120,元富-林園,2024-07-01,5927
00665L,富邦�琤肭磪囓�2,101,0,101,元富-林園,2024-07-01,5927
00929,復華台灣科技優息,111,17,94,元富-林園,2024-07-01,5927
00680L,元大美債20正2,67,0,67,元富-林園,2024-07-01,5927
4532,瑞智,62,0,62,元富-林園,2024-07-01,5927
00679B,元大美債20年,62,2,60,元富-林園,2024-07-01,5927
6152,百一,58,2,56,元富-林園,2024-07-01,5927
00885,富邦越南,53,0,53,元富-林園,2024-07-01,5927
5484,慧友,52,0,52,元富-林園,2024-07-01,5927
4129,聯合,51,1,50,元富-林園,2024-07-01,5927
00687B,國泰20年美債,43,0,43,元富-林園,2024-07-01,5927
2359,所羅門,113,73,40,元富-林園,2024-07-01,5927
2367,燿華,43,5,38,元富-林園,2024-07-01,5927
9103,美德醫療-DR,31,0,31,元富-林園,2024-07-01,5927
6113,亞矽,30,0,30,元富-林園,2024-07-01,5927
6449,鈺邦,40,10,30,元富-林園,2024-07-01,5927
0056,元大高股息,29,0,29,元富-林園,2024-07-01,5927
2374,佳能,29,2,27,元富-林園,2024-07-01,5927
6547,高端疫苗,36,10,26,元富-林園,2024-07-01,5927
6016,康和證,25,0,25,元富-林園,2024-07-01,5927
2392,正崴,29,5,24,元富-林園,2024-07-01,5927
00931B,統一美債20年,24,0,24,元富-林園,2024-07-01,5927
3712,永崴投控,41,17,24,元富-林園,2024-07-01,5927
3686,達能,24,2,22,元富-林園,2024-07-01,5927
2317,鴻海,32,10,22,元富-林園,2024-07-01,5927
4919,新唐,21,0,21,元富-林園,2024-07-01,5927
1312,國喬,20,0,20,元富-林園,2024-07-01,5927
2354,鴻準,29,9,20,元富-林園,2024-07-01,5927
00919,群益台灣精選高息,24,5,19,元富-林園,2024-07-01,5927
2002,中鋼,22,3,19,元富-林園,2024-07-01,5927
3490,單井,19,0,19,元富-林園,2024-07-01,5927
3535,晶彩科,20,1,19,元富-林園,2024-07-01,5927
3593,力銘,20,1,19,元富-林園,2024-07-01,5927
6139,亞翔,23,5,18,元富-林園,2024-07-01,5927
1785,光洋科,41,24,17,元富-林園,2024-07-01,5927
2337,旺宏,17,0,17,元富-林園,2024-07-01,5927
2464,盟立,62,45,17,元富-林園,2024-07-01,5927
2379,瑞昱,16,0,16,元富-林園,2024-07-01,5927
2727,王品,16,0,16,元富-林園,2024-07-01,5927
1301,台塑,15,0,15,元富-林園,2024-07-01,5927
1815,富喬,53,38,15,元富-林園,2024-07-01,5927
6806,森崴能源,22,8,14,元富-林園,2024-07-01,5927
9105,泰金寶-DR,20,6,14,元富-林園,2024-07-01,5927
5347,世界,17,4,13,元富-林園,2024-07-01,5927
6197,佳必琪,23,10,13,元富-林園,2024-07-01,5927
6290,良維,17,4,13,元富-林園,2024-07-01,5927
2618,長榮航,28,15,13,元富-林園,2024-07-01,5927
2344,華邦電,12,0,12,元富-林園,2024-07-01,5927
2303,聯電,282,55,227,元富-林園,2024-07-02,5927
2349,錸德,220,50,170,元富-林園,2024-07-02,5927
00934,中信成長高股息,155,0,155,元富-林園,2024-07-02,5927
00937B,群益ESG投等債20,135,0,135,元富-林園,2024-07-02,5927
6207,雷科,136,5,131,元富-林園,2024-07-02,5927
4532,瑞智,117,1,116,元富-林園,2024-07-02,5927
2317,鴻海,73,12,61,元富-林園,2024-07-02,5927
00679B,元大美債20年,61,0,61,元富-林園,2024-07-02,5927
2883,凱基金,55,1,54,元富-林園,2024-07-02,5927
2515,中工,53,0,53,元富-林園,2024-07-02,5927
00929,復華台灣科技優息,289,241,48,元富-林園,2024-07-02,5927
3481,群創,48,2,46,元富-林園,2024-07-02,5927
2002,中鋼,43,0,43,元富-林園,2024-07-02,5927
00680L,元大美債20正2,40,2,38,元富-林園,2024-07-02,5927
00936,台新永續高息中小,45,10,35,元富-林園,2024-07-02,5927
00687B,國泰20年美債,32,1,31,元富-林園,2024-07-02,5927
4909,新復興,34,3,31,元富-林園,2024-07-02,5927
0056,元大高股息,25,0,25,元富-林園,2024-07-02,5927
00751B,元大AAA至A公司債,24,0,24,元富-林園,2024-07-02,5927
00931B,統一美債20年,23,0,23,元富-林園,2024-07-02,5927
5230,雷笛克光學,22,0,22,元富-林園,2024-07-02,5927
2618,長榮航,39,17,22,元富-林園,2024-07-02,5927
5347,世界,26,5,21,元富-林園,2024-07-02,5927
00919,群益台灣精選高息,22,2,20,元富-林園,2024-07-02,5927
00673R,期元大S＆P原油反1,23,3,20,元富-林園,2024-07-02,5927
1313,聯成,20,0,20,元富-林園,2024-07-02,5927
2027,大成鋼,20,0,20,元富-林園,2024-07-02,5927
3303,岱稜,20,0,20,元富-林園,2024-07-02,5927
6026,福邦證,20,0,20,元富-林園,2024-07-02,5927
2506,太設,19,0,19,元富-林園,2024-07-02,5927
3498,陽程,20,1,19,元富-林園,2024-07-02,5927
2352,佳世達,21,3,18,元富-林園,2024-07-02,5927
00948B,中信優息投資級債,16,0,16,元富-林園,2024-07-02,5927
6116,彩晶,18,2,16,元富-林園,2024-07-02,5927
00878,國泰永續高股息,16,1,15,元富-林園,2024-07-02,5927
1609,大亞,18,3,15,元富-林園,2024-07-02,5927
5701,劍湖山,15,0,15,元富-林園,2024-07-02,5927
6016,康和證,15,0,15,元富-林園,2024-07-02,5927
2409,友達,14,0,14,元富-林園,2024-07-02,5927
00927,群益半導體收益,13,0,13,元富-林園,2024-07-02,5927
2354,鴻準,24,12,12,元富-林園,2024-07-02,5927
2884,玉山金,12,1,11,元富-林園,2024-07-02,5927
2344,華邦電,11,0,11,元富-林園,2024-07-02,5927
2369,菱生,21,10,11,元富-林園,2024-07-02,5927
4562,穎漢,35,24,11,元富-林園,2024-07-02,5927
5880,合庫金,11,0,11,元富-林園,2024-07-02,5927
9958,世紀鋼,15,4,11,元富-林園,2024-07-02,5927
8085,福華,11,1,10,元富-林園,2024-07-02,5927
00764B,群益25年美債,10,0,10,元富-林園,2024-07-02,5927
00725B,國泰投資級公司債,10,0,10,元富-林園,2024-07-02,5927
00929,復華台灣科技優息,145,4,141,元富-林園,2024-07-03,5927
9105,泰金寶-DR,97,19,78,元富-林園,2024-07-03,5927
2301,光寶科,52,2,50,元富-林園,2024-07-03,5927
8039,台虹,50,0,50,元富-林園,2024-07-03,5927
2303,聯電,47,11,36,元富-林園,2024-07-03,5927
4933,友輝,34,0,34,元富-林園,2024-07-03,5927
2337,旺宏,50,21,29,元富-林園,2024-07-03,5927
3047,訊舟,51,23,28,元富-林園,2024-07-03,5927
2515,中工,30,3,27,元富-林園,2024-07-03,5927
2489,瑞軒,37,12,25,元富-林園,2024-07-03,5927
00637L,元大滬深300正2,70,50,20,元富-林園,2024-07-03,5927
6443,元晶,77,58,19,元富-林園,2024-07-03,5927
00715L,期街口布蘭特正2,17,0,17,元富-林園,2024-07-03,5927
2906,高林,17,0,17,元富-林園,2024-07-03,5927
4510,高鋒,20,3,17,元富-林園,2024-07-03,5927
00937B,群益ESG投等債20,31,15,16,元富-林園,2024-07-03,5927
5347,世界,20,4,16,元富-林園,2024-07-03,5927
2332,友訊,39,23,16,元富-林園,2024-07-03,5927
00918,大華優利高填息30,15,0,15,元富-林園,2024-07-03,5927
2010,春源,15,0,15,元富-林園,2024-07-03,5927
2406,國碩,15,0,15,元富-林園,2024-07-03,5927
3490,單井,15,0,15,元富-林園,2024-07-03,5927
2308,台達電,14,0,14,元富-林園,2024-07-03,5927
3376,新日興,21,8,13,元富-林園,2024-07-03,5927
4532,瑞智,13,0,13,元富-林園,2024-07-03,5927
4562,穎漢,22,9,13,元富-林園,2024-07-03,5927
5351,鈺創,16,3,13,元富-林園,2024-07-03,5927
5880,合庫金,13,0,13,元富-林園,2024-07-03,5927
6282,康舒,20,8,12,元富-林園,2024-07-03,5927
00795B,中信美國公債20年,12,0,12,元富-林園,2024-07-03,5927
1303,南亞,13,1,12,元富-林園,2024-07-03,5927
1326,台化,12,0,12,元富-林園,2024-07-03,5927
2356,英業達,20,8,12,元富-林園,2024-07-03,5927
3713,新晶投控,12,0,12,元富-林園,2024-07-03,5927
6217,中探針,17,5,12,元富-林園,2024-07-03,5927
2317,鴻海,22,11,11,元富-林園,2024-07-03,5927
3312,弘憶股,55,44,11,元富-林園,2024-07-03,5927
4906,正文,23,12,11,元富-林園,2024-07-03,5927
8016,矽創,11,0,11,元富-林園,2024-07-03,5927
00949,復華日本龍頭,10,0,10,元富-林園,2024-07-03,5927
1312,國喬,10,0,10,元富-林園,2024-07-03,5927
2014,中鴻,10,0,10,元富-林園,2024-07-03,5927
2727,王品,10,0,10,元富-林園,2024-07-03,5927
3030,德律,10,0,10,元富-林園,2024-07-03,5927
4566,時碩工業,11,1,10,元富-林園,2024-07-03,5927
4707,磐亞,10,0,10,元富-林園,2024-07-03,5927
6113,亞矽,10,0,10,元富-林園,2024-07-03,5927
6206,飛捷,10,0,10,元富-林園,2024-07-03,5927
8936,國統,10,0,10,元富-林園,2024-07-03,5927
1608,華榮,13,4,9,元富-林園,2024-07-03,5927
9105,泰金寶-DR,161,29,132,元富-林園,2024-07-04,5927
00637L,元大滬深300正2,260,140,120,元富-林園,2024-07-04,5927
2889,國票金,102,14,88,元富-林園,2024-07-04,5927
2412,中華電,63,0,63,元富-林園,2024-07-04,5927
4532,瑞智,52,0,52,元富-林園,2024-07-04,5927
00929,復華台灣科技優息,121,70,51,元富-林園,2024-07-04,5927
2911,麗嬰房,50,0,50,元富-林園,2024-07-04,5927
6026,福邦證,50,0,50,元富-林園,2024-07-04,5927
2883,凱基金,139,91,48,元富-林園,2024-07-04,5927
1815,富喬,43,7,36,元富-林園,2024-07-04,5927
2834,臺企銀,34,0,34,元富-林園,2024-07-04,5927
2615,萬海,69,36,33,元富-林園,2024-07-04,5927
2367,燿華,37,7,30,元富-林園,2024-07-04,5927
3576,聯合再生,34,6,28,元富-林園,2024-07-04,5927
3047,訊舟,46,20,26,元富-林園,2024-07-04,5927
6698,旭暉應材,38,12,26,元富-林園,2024-07-04,5927
2511,太子,25,0,25,元富-林園,2024-07-04,5927
5347,世界,27,3,24,元富-林園,2024-07-04,5927
2409,友達,30,7,23,元富-林園,2024-07-04,5927
00905,FT臺灣Smart,21,0,21,元富-林園,2024-07-04,5927
2241,艾姆勒,21,0,21,元富-林園,2024-07-04,5927
4909,新復興,21,1,20,元富-林園,2024-07-04,5927
2609,陽明,60,40,20,元富-林園,2024-07-04,5927
2377,微星,20,0,20,元富-林園,2024-07-04,5927
6189,豐藝,21,1,20,元富-林園,2024-07-04,5927
1409,新纖,28,9,19,元富-林園,2024-07-04,5927
2405,輔信,30,11,19,元富-林園,2024-07-04,5927
3625,西勝,20,1,19,元富-林園,2024-07-04,5927
3312,弘憶股,108,90,18,元富-林園,2024-07-04,5927
2453,凌群,18,0,18,元富-林園,2024-07-04,5927
2406,國碩,30,13,17,元富-林園,2024-07-04,5927
3062,建漢,106,89,17,元富-林園,2024-07-04,5927
6806,森崴能源,19,2,17,元富-林園,2024-07-04,5927
2324,仁寶,18,2,16,元富-林園,2024-07-04,5927
4109,加捷生醫,28,12,16,元富-林園,2024-07-04,5927
2888,新光金,20,5,15,元富-林園,2024-07-04,5927
1806,冠軍,16,1,15,元富-林園,2024-07-04,5927
2845,遠東銀,15,0,15,元富-林園,2024-07-04,5927
3189,景碩,15,0,15,元富-林園,2024-07-04,5927
6658,聯策,15,0,15,元富-林園,2024-07-04,5927
2882,國泰金,19,4,15,元富-林園,2024-07-04,5927
2009,第一銅,20,6,14,元富-林園,2024-07-04,5927
2344,華邦電,45,31,14,元富-林園,2024-07-04,5927
5392,能率,49,35,14,元富-林園,2024-07-04,5927
2449,京元電子,19,6,13,元富-林園,2024-07-04,5927
00942B,台新美A公司債20+,12,0,12,元富-林園,2024-07-04,5927
00687B,國泰20年美債,17,5,12,元富-林園,2024-07-04,5927
2104,國際中橡,12,0,12,元富-林園,2024-07-04,5927
3013,晟銘電,26,15,11,元富-林園,2024-07-04,5927
3490,單井,17,6,11,元富-林園,2024-07-04,5927
1314,中石化,568,39,529,元富-林園,2024-07-05,5927
2883,凱基金,412,12,400,元富-林園,2024-07-05,5927
00637L,元大滬深300正2,373,5,368,元富-林園,2024-07-05,5927
2609,陽明,91,16,75,元富-林園,2024-07-05,5927
00944,野村趨勢動能高息,71,1,70,元富-林園,2024-07-05,5927
1711,永光,41,1,40,元富-林園,2024-07-05,5927
2103,台橡,50,11,39,元富-林園,2024-07-05,5927
2317,鴻海,45,7,38,元富-林園,2024-07-05,5927
00929,復華台灣科技優息,54,16,38,元富-林園,2024-07-05,5927
2301,光寶科,39,2,37,元富-林園,2024-07-05,5927
2489,瑞軒,41,9,32,元富-林園,2024-07-05,5927
6202,盛群,33,1,32,元富-林園,2024-07-05,5927
00946,群益科技高息成長,30,0,30,元富-林園,2024-07-05,5927
00882,中信中國高股息,29,0,29,元富-林園,2024-07-05,5927
2312,金寶,24,0,24,元富-林園,2024-07-05,5927
2363,矽統,113,89,24,元富-林園,2024-07-05,5927
00934,中信成長高股息,23,0,23,元富-林園,2024-07-05,5927
1326,台化,23,1,22,元富-林園,2024-07-05,5927
1785,光洋科,102,81,21,元富-林園,2024-07-05,5927
2349,錸德,32,11,21,元富-林園,2024-07-05,5927
2498,宏達電,24,4,20,元富-林園,2024-07-05,5927
1340,勝悅-KY,20,0,20,元富-林園,2024-07-05,5927
3041,揚智,20,0,20,元富-林園,2024-07-05,5927
6113,亞矽,20,0,20,元富-林園,2024-07-05,5927
2610,華航,42,23,19,元富-林園,2024-07-05,5927
4960,誠美材,35,16,19,元富-林園,2024-07-05,5927
5392,能率,21,2,19,元富-林園,2024-07-05,5927
2356,英業達,59,40,19,元富-林園,2024-07-05,5927
2371,大同,19,3,16,元富-林園,2024-07-05,5927
2014,中鴻,16,0,16,元富-林園,2024-07-05,5927
2365,昆盈,97,81,16,元富-林園,2024-07-05,5927
4534,慶騰,15,1,14,元富-林園,2024-07-05,5927
6244,茂迪,35,21,14,元富-林園,2024-07-05,5927
6505,台塑化,14,0,14,元富-林園,2024-07-05,5927
3047,訊舟,41,27,14,元富-林園,2024-07-05,5927
3481,群創,34,20,14,元富-林園,2024-07-05,5927
2104,國際中橡,14,1,13,元富-林園,2024-07-05,5927
2303,聯電,18,5,13,元富-林園,2024-07-05,5927
4979,華星光,14,1,13,元富-林園,2024-07-05,5927
2882,國泰金,14,1,13,元富-林園,2024-07-05,5927
00725B,國泰投資級公司債,12,0,12,元富-林園,2024-07-05,5927
2606,裕民,12,0,12,元富-林園,2024-07-05,5927
1806,冠軍,12,0,12,元富-林園,2024-07-05,5927
2367,燿華,95,83,12,元富-林園,2024-07-05,5927
5202,力新,12,0,12,元富-林園,2024-07-05,5927
6026,福邦證,12,0,12,元富-林園,2024-07-05,5927
6152,百一,12,0,12,元富-林園,2024-07-05,5927
6558,興能高,14,2,12,元富-林園,2024-07-05,5927
00919,群益台灣精選高息,24,13,11,元富-林園,2024-07-05,5927
00937B,群益ESG投等債20,52,41,11,元富-林園,2024-07-05,5927
00934,中信成長高股息,206,21,185,元富-林園,2024-07-08,5927
3481,群創,269,113,156,元富-林園,2024-07-08,5927
1101,台泥,149,25,124,元富-林園,2024-07-08,5927
2515,中工,68,5,63,元富-林園,2024-07-08,5927
00680L,元大美債20正2,61,0,61,元富-林園,2024-07-08,5927
2365,昆盈,211,153,58,元富-林園,2024-07-08,5927
1711,永光,51,3,48,元富-林園,2024-07-08,5927
00929,復華台灣科技優息,95,49,46,元富-林園,2024-07-08,5927
6152,百一,48,5,43,元富-林園,2024-07-08,5927
2354,鴻準,55,15,40,元富-林園,2024-07-08,5927
6179,亞通,40,2,38,元富-林園,2024-07-08,5927
3535,晶彩科,35,2,33,元富-林園,2024-07-08,5927
2731,雄獅,33,0,33,元富-林園,2024-07-08,5927
2352,佳世達,50,17,33,元富-林園,2024-07-08,5927
00679B,元大美債20年,32,0,32,元富-林園,2024-07-08,5927
2883,凱基金,52,20,32,元富-林園,2024-07-08,5927
8028,昇陽半導體,39,8,31,元富-林園,2024-07-08,5927
2392,正崴,76,49,27,元富-林園,2024-07-08,5927
2641,正德,27,0,27,元富-林園,2024-07-08,5927
9907,統一實,27,0,27,元富-林園,2024-07-08,5927
00665L,富邦�琤肭磪囓�2,205,179,26,元富-林園,2024-07-08,5927
6197,佳必琪,27,1,26,元富-林園,2024-07-08,5927
8150,南茂,30,5,25,元富-林園,2024-07-08,5927
4510,高鋒,24,1,23,元富-林園,2024-07-08,5927
5701,劍湖山,23,0,23,元富-林園,2024-07-08,5927
1802,台玻,22,0,22,元富-林園,2024-07-08,5927
3056,富華新,33,11,22,元富-林園,2024-07-08,5927
8076,伍豐,24,2,22,元富-林園,2024-07-08,5927
3703,欣陸,21,0,21,元富-林園,2024-07-08,5927
4532,瑞智,21,0,21,元富-林園,2024-07-08,5927
00772B,中信高評級公司債,20,0,20,元富-林園,2024-07-08,5927
1609,大亞,20,0,20,元富-林園,2024-07-08,5927
6664,群翊,20,0,20,元富-林園,2024-07-08,5927
00937B,群益ESG投等債20,38,20,18,元富-林園,2024-07-08,5927
6140,訊達,18,0,18,元富-林園,2024-07-08,5927
00946,群益科技高息成長,18,0,18,元富-林園,2024-07-08,5927
3379,彬台,20,3,17,元富-林園,2024-07-08,5927
2363,矽統,67,50,17,元富-林園,2024-07-08,5927
6202,盛群,16,0,16,元富-林園,2024-07-08,5927
9105,泰金寶-DR,28,12,16,元富-林園,2024-07-08,5927
2538,基泰,15,0,15,元富-林園,2024-07-08,5927
3297,杭特,15,0,15,元富-林園,2024-07-08,5927
6142,友勁,15,0,15,元富-林園,2024-07-08,5927
2615,萬海,39,25,14,元富-林園,2024-07-08,5927
3019,亞光,32,18,14,元富-林園,2024-07-08,5927
3708,上緯投控,13,0,13,元富-林園,2024-07-08,5927
1608,華榮,14,1,13,元富-林園,2024-07-08,5927
2362,藍天,23,10,13,元富-林園,2024-07-08,5927
3149,正達,13,0,13,元富-林園,2024-07-08,5927
4919,新唐,13,0,13,元富-林園,2024-07-08,5927
1314,中石化,168,28,140,元富-林園,2024-07-09,5927
2888,新光金,304,171,133,元富-林園,2024-07-09,5927
3622,洋華,108,3,105,元富-林園,2024-07-09,5927
2515,中工,94,0,94,元富-林園,2024-07-09,5927
3481,群創,98,12,86,元富-林園,2024-07-09,5927
00680L,元大美債20正2,77,2,75,元富-林園,2024-07-09,5927
2401,凌陽,76,21,55,元富-林園,2024-07-09,5927
00934,中信成長高股息,80,30,50,元富-林園,2024-07-09,5927
5460,同協,50,0,50,元富-林園,2024-07-09,5927
3047,訊舟,179,130,49,元富-林園,2024-07-09,5927
8039,台虹,50,1,49,元富-林園,2024-07-09,5927
6126,信音,52,9,43,元富-林園,2024-07-09,5927
2353,宏��,69,27,42,元富-林園,2024-07-09,5927
2883,凱基金,50,11,39,元富-林園,2024-07-09,5927
2317,鴻海,60,22,38,元富-林園,2024-07-09,5927
2337,旺宏,38,1,37,元富-林園,2024-07-09,5927
2436,偉詮電,37,0,37,元富-林園,2024-07-09,5927
2312,金寶,231,197,34,元富-林園,2024-07-09,5927
9105,泰金寶-DR,59,26,33,元富-林園,2024-07-09,5927
4526,東台,29,1,28,元富-林園,2024-07-09,5927
9907,統一實,28,0,28,元富-林園,2024-07-09,5927
2367,燿華,117,90,27,元富-林園,2024-07-09,5927
3297,杭特,26,0,26,元富-林園,2024-07-09,5927
1709,和益,24,0,24,元富-林園,2024-07-09,5927
8110,華東,24,0,24,元富-林園,2024-07-09,5927
2834,臺企銀,29,6,23,元富-林園,2024-07-09,5927
1409,新纖,22,0,22,元富-林園,2024-07-09,5927
2406,國碩,25,3,22,元富-林園,2024-07-09,5927
2812,台中銀,22,1,21,元富-林園,2024-07-09,5927
8071,能率網通,22,1,21,元富-林園,2024-07-09,5927
00772B,中信高評級公司債,20,0,20,元富-林園,2024-07-09,5927
2409,友達,24,4,20,元富-林園,2024-07-09,5927
3056,富華新,20,0,20,元富-林園,2024-07-09,5927
3372,典範,22,2,20,元富-林園,2024-07-09,5927
8234,新漢,20,0,20,元富-林園,2024-07-09,5927
2374,佳能,30,11,19,元富-林園,2024-07-09,5927
2444,兆勁,19,0,19,元富-林園,2024-07-09,5927
3013,晟銘電,67,49,18,元富-林園,2024-07-09,5927
3710,連展投控,22,5,17,元富-林園,2024-07-09,5927
2392,正崴,85,68,17,元富-林園,2024-07-09,5927
1310,台苯,16,0,16,元富-林園,2024-07-09,5927
3058,立德,16,0,16,元富-林園,2024-07-09,5927
3673,TPK-KY,30,14,16,元富-林園,2024-07-09,5927
1609,大亞,25,10,15,元富-林園,2024-07-09,5927
2399,映泰,15,0,15,元富-林園,2024-07-09,5927
006208,富邦台50,15,0,15,元富-林園,2024-07-09,5927
2323,中環,15,1,14,元富-林園,2024-07-09,5927
2324,仁寶,14,0,14,元富-林園,2024-07-09,5927
3049,精金,14,0,14,元富-林園,2024-07-09,5927
5452,佶優,16,3,13,元富-林園,2024-07-09,5927
2886,兆豐金,235,3,232,元富-林園,2024-07-10,5927
1314,中石化,229,19,210,元富-林園,2024-07-10,5927
2312,金寶,232,109,123,元富-林園,2024-07-10,5927
00637L,元大滬深300正2,225,145,80,元富-林園,2024-07-10,5927
2405,輔信,83,25,58,元富-林園,2024-07-10,5927
2516,新建,49,1,48,元富-林園,2024-07-10,5927
9105,泰金寶-DR,106,62,44,元富-林園,2024-07-10,5927
2489,瑞軒,77,34,43,元富-林園,2024-07-10,5927
2002,中鋼,46,4,42,元富-林園,2024-07-10,5927
2337,旺宏,52,11,41,元富-林園,2024-07-10,5927
1608,華榮,42,4,38,元富-林園,2024-07-10,5927
6116,彩晶,40,6,34,元富-林園,2024-07-10,5927
4532,瑞智,31,0,31,元富-林園,2024-07-10,5927
2882,國泰金,31,1,30,元富-林園,2024-07-10,5927
3481,群創,40,14,26,元富-林園,2024-07-10,5927
5426,振發,39,13,26,元富-林園,2024-07-10,5927
2392,正崴,76,51,25,元富-林園,2024-07-10,5927
8358,金居,32,8,24,元富-林園,2024-07-10,5927
3047,訊舟,83,59,24,元富-林園,2024-07-10,5927
2402,毅嘉,27,3,24,元富-林園,2024-07-10,5927
00937B,群益ESG投等債20,23,0,23,元富-林園,2024-07-10,5927
2845,遠東銀,23,0,23,元富-林園,2024-07-10,5927
6152,百一,24,1,23,元富-林園,2024-07-10,5927
2495,普安,21,1,20,元富-林園,2024-07-10,5927
00911,兆豐洲際半導體,20,0,20,元富-林園,2024-07-10,5927
3516,亞帝歐,21,1,20,元富-林園,2024-07-10,5927
6937,天虹,20,1,19,元富-林園,2024-07-10,5927
8064,東捷,35,16,19,元富-林園,2024-07-10,5927
6133,金橋,20,3,17,元富-林園,2024-07-10,5927
3313,斐成,21,5,16,元富-林園,2024-07-10,5927
6443,元晶,20,4,16,元富-林園,2024-07-10,5927
1723,中碳,16,1,15,元富-林園,2024-07-10,5927
00931B,統一美債20年,15,0,15,元富-林園,2024-07-10,5927
00680L,元大美債20正2,15,0,15,元富-林園,2024-07-10,5927
2323,中環,15,0,15,元富-林園,2024-07-10,5927
3701,大眾控,17,2,15,元富-林園,2024-07-10,5927
5701,劍湖山,15,0,15,元富-林園,2024-07-10,5927
00946,群益科技高息成長,15,0,15,元富-林園,2024-07-10,5927
4967,十銓,17,3,14,元富-林園,2024-07-10,5927
1806,冠軍,13,0,13,元富-林園,2024-07-10,5927
2891,中信金,16,3,13,元富-林園,2024-07-10,5927
6153,嘉聯益,21,8,13,元富-林園,2024-07-10,5927
4938,和碩,12,0,12,元富-林園,2024-07-10,5927
6477,安集,14,2,12,元富-林園,2024-07-10,5927
5443,均豪,16,5,11,元富-林園,2024-07-10,5927
00632R,元大台灣50反1,11,0,11,元富-林園,2024-07-10,5927
1101,台泥,11,0,11,元富-林園,2024-07-10,5927
1618,合機,23,12,11,元富-林園,2024-07-10,5927
2401,凌陽,12,1,11,元富-林園,2024-07-10,5927
1310,台苯,10,0,10,元富-林園,2024-07-10,5927
2887,台新金,201,7,194,元富-林園,2024-07-11,5927
2891,中信金,139,2,137,元富-林園,2024-07-11,5927
00940,元大台灣價值高息,104,7,97,元富-林園,2024-07-11,5927
2542,興富發,96,4,92,元富-林園,2024-07-11,5927
2886,兆豐金,73,0,73,元富-林園,2024-07-11,5927
2867,三商壽,91,28,63,元富-林園,2024-07-11,5927
00680L,元大美債20正2,60,0,60,元富-林園,2024-07-11,5927
2888,新光金,146,90,56,元富-林園,2024-07-11,5927
2392,正崴,69,15,54,元富-林園,2024-07-11,5927
2353,宏��,83,35,48,元富-林園,2024-07-11,5927
2354,鴻準,72,24,48,元富-林園,2024-07-11,5927
00934,中信成長高股息,44,0,44,元富-林園,2024-07-11,5927
9105,泰金寶-DR,62,20,42,元富-林園,2024-07-11,5927
8039,台虹,35,0,35,元富-林園,2024-07-11,5927
2832,台產,35,0,35,元富-林園,2024-07-11,5927
2002,中鋼,34,0,34,元富-林園,2024-07-11,5927
3576,聯合再生,49,15,34,元富-林園,2024-07-11,5927
2618,長榮航,37,7,30,元富-林園,2024-07-11,5927
6116,彩晶,35,6,29,元富-林園,2024-07-11,5927
00679B,元大美債20年,22,0,22,元富-林園,2024-07-11,5927
4532,瑞智,31,10,21,元富-林園,2024-07-11,5927
2365,昆盈,101,81,20,元富-林園,2024-07-11,5927
3312,弘憶股,46,26,20,元富-林園,2024-07-11,5927
00905,FT臺灣Smart,20,0,20,元富-林園,2024-07-11,5927
1447,力鵬,20,0,20,元富-林園,2024-07-11,5927
3058,立德,20,0,20,元富-林園,2024-07-11,5927
4960,誠美材,20,0,20,元富-林園,2024-07-11,5927
5864,致和證,20,0,20,元富-林園,2024-07-11,5927
1503,士電,23,5,18,元富-林園,2024-07-11,5927
4510,高鋒,20,2,18,元富-林園,2024-07-11,5927
2845,遠東銀,17,0,17,元富-林園,2024-07-11,5927
6120,達運,17,0,17,元富-林園,2024-07-11,5927
1310,台苯,17,1,16,元富-林園,2024-07-11,5927
2316,楠梓電,21,6,15,元富-林園,2024-07-11,5927
6226,光鼎,15,0,15,元富-林園,2024-07-11,5927
8110,華東,20,5,15,元富-林園,2024-07-11,5927
2834,臺企銀,14,0,14,元富-林園,2024-07-11,5927
5009,榮剛,14,0,14,元富-林園,2024-07-11,5927
2882,國泰金,26,13,13,元富-林園,2024-07-11,5927
1514,亞力,37,25,12,元富-林園,2024-07-11,5927
3413,京鼎,11,0,11,元富-林園,2024-07-11,5927
4714,永捷,38,27,11,元富-林園,2024-07-11,5927
1504,東元,10,0,10,元富-林園,2024-07-11,5927
00830,國泰費城半導體,10,0,10,元富-林園,2024-07-11,5927
00931B,統一美債20年,10,0,10,元富-林園,2024-07-11,5927
00900,富邦特選高股息30,10,0,10,元富-林園,2024-07-11,5927
1569,濱川,13,3,10,元富-林園,2024-07-11,5927
1570,力肯,10,0,10,元富-林園,2024-07-11,5927
3024,憶聲,10,0,10,元富-林園,2024-07-11,5927
3057,喬鼎,10,0,10,元富-林園,2024-07-11,5927
00929,復華台灣科技優息,254,4,250,元富-林園,2024-07-12,5927
2887,台新金,155,11,144,元富-林園,2024-07-12,5927
00679B,元大美債20年,126,0,126,元富-林園,2024-07-12,5927
3030,德律,91,2,89,元富-林園,2024-07-12,5927
2367,燿華,89,8,81,元富-林園,2024-07-12,5927
6026,福邦證,74,0,74,元富-林園,2024-07-12,5927
6207,雷科,70,1,69,元富-林園,2024-07-12,5927
2317,鴻海,94,35,59,元富-林園,2024-07-12,5927
3710,連展投控,53,0,53,元富-林園,2024-07-12,5927
2889,國票金,51,0,51,元富-林園,2024-07-12,5927
2905,三商,50,0,50,元富-林園,2024-07-12,5927
1314,中石化,56,15,41,元富-林園,2024-07-12,5927
4576,大銀微系統,40,0,40,元富-林園,2024-07-12,5927
1310,台苯,45,12,33,元富-林園,2024-07-12,5927
00919,群益台灣精選高息,49,17,32,元富-林園,2024-07-12,5927
2331,精英,40,8,32,元富-林園,2024-07-12,5927
2392,正崴,81,49,32,元富-林園,2024-07-12,5927
6120,達運,33,1,32,元富-林園,2024-07-12,5927
00671R,富邦NASDAQ反1,30,0,30,元富-林園,2024-07-12,5927
2365,昆盈,89,60,29,元富-林園,2024-07-12,5927
2401,凌陽,43,17,26,元富-林園,2024-07-12,5927
3581,博磊,29,5,24,元富-林園,2024-07-12,5927
2609,陽明,37,13,24,元富-林園,2024-07-12,5927
2867,三商壽,77,54,23,元富-林園,2024-07-12,5927
2363,矽統,39,16,23,元富-林園,2024-07-12,5927
1316,上曜,55,33,22,元富-林園,2024-07-12,5927
2303,聯電,56,35,21,元富-林園,2024-07-12,5927
2464,盟立,31,10,21,元富-林園,2024-07-12,5927
1583,程泰,20,0,20,元富-林園,2024-07-12,5927
00720B,元大投資級公司債,20,1,19,元富-林園,2024-07-12,5927
00641R,富邦日本反1,19,0,19,元富-林園,2024-07-12,5927
3006,晶豪科,20,1,19,元富-林園,2024-07-12,5927
9105,泰金寶-DR,20,2,18,元富-林園,2024-07-12,5927
3623,富晶通,17,0,17,元富-林園,2024-07-12,5927
3711,日月光投控,21,5,16,元富-林園,2024-07-12,5927
1301,台塑,28,12,16,元富-林園,2024-07-12,5927
3540,曜越,16,0,16,元富-林園,2024-07-12,5927
2002,中鋼,24,8,16,元富-林園,2024-07-12,5927
2374,佳能,35,20,15,元富-林園,2024-07-12,5927
5425,台半,15,0,15,元富-林園,2024-07-12,5927
2371,大同,17,3,14,元富-林園,2024-07-12,5927
2330,台積電,15,1,14,元富-林園,2024-07-12,5927
00927,群益半導體收益,18,5,13,元富-林園,2024-07-12,5927
1605,華新,17,4,13,元富-林園,2024-07-12,5927
2515,中工,20,7,13,元富-林園,2024-07-12,5927
2495,普安,12,0,12,元富-林園,2024-07-12,5927
0056,元大高股息,15,4,11,元富-林園,2024-07-12,5927
00935,野村臺灣新科技50,11,0,11,元富-林園,2024-07-12,5927
3047,訊舟,15,4,11,元富-林園,2024-07-12,5927
00900,富邦特選高股息30,11,0,11,元富-林園,2024-07-12,5927
00937B,群益ESG投等債20,217,3,214,元富-林園,2024-07-15,5927
00929,復華台灣科技優息,167,2,165,元富-林園,2024-07-15,5927
2312,金寶,213,78,135,元富-林園,2024-07-15,5927
2891,中信金,97,8,89,元富-林園,2024-07-15,5927
00882,中信中國高股息,62,0,62,元富-林園,2024-07-15,5927
00899,FT潔淨能源,50,0,50,元富-林園,2024-07-15,5927
2888,新光金,118,70,48,元富-林園,2024-07-15,5927
6207,雷科,51,3,48,元富-林園,2024-07-15,5927
2867,三商壽,52,5,47,元富-林園,2024-07-15,5927
00936,台新永續高息中小,44,5,39,元富-林園,2024-07-15,5927
1102,亞泥,39,0,39,元富-林園,2024-07-15,5927
00725B,國泰投資級公司債,35,0,35,元富-林園,2024-07-15,5927
1711,永光,35,0,35,元富-林園,2024-07-15,5927
2405,輔信,37,5,32,元富-林園,2024-07-15,5927
4566,時碩工業,37,8,29,元富-林園,2024-07-15,5927
2883,凱基金,29,0,29,元富-林園,2024-07-15,5927
2356,英業達,66,38,28,元富-林園,2024-07-15,5927
6116,彩晶,28,0,28,元富-林園,2024-07-15,5927
1314,中石化,35,8,27,元富-林園,2024-07-15,5927
6770,力積電,26,0,26,元富-林園,2024-07-15,5927
00680L,元大美債20正2,75,50,25,元富-林園,2024-07-15,5927
00919,群益台灣精選高息,33,8,25,元富-林園,2024-07-15,5927
00934,中信成長高股息,22,0,22,元富-林園,2024-07-15,5927
6573,虹揚-KY,22,0,22,元富-林園,2024-07-15,5927
3481,群創,58,37,21,元富-林園,2024-07-15,5927
6179,亞通,21,0,21,元富-林園,2024-07-15,5927
2641,正德,20,0,20,元富-林園,2024-07-15,5927
4960,誠美材,31,11,20,元富-林園,2024-07-15,5927
2409,友達,29,10,19,元富-林園,2024-07-15,5927
9105,泰金寶-DR,18,0,18,元富-林園,2024-07-15,5927
2884,玉山金,21,3,18,元富-林園,2024-07-15,5927
1608,華榮,31,14,17,元富-林園,2024-07-15,5927
2889,國票金,47,30,17,元富-林園,2024-07-15,5927
6177,達麗,29,12,17,元富-林園,2024-07-15,5927
3037,欣興,27,10,17,元富-林園,2024-07-15,5927
2610,華航,22,6,16,元富-林園,2024-07-15,5927
4562,穎漢,28,12,16,元富-林園,2024-07-15,5927
1721,三晃,19,4,15,元富-林園,2024-07-15,5927
2314,台揚,15,0,15,元富-林園,2024-07-15,5927
6126,信音,15,0,15,元富-林園,2024-07-15,5927
2881,富邦金,14,0,14,元富-林園,2024-07-15,5927
3312,弘憶股,26,12,14,元富-林園,2024-07-15,5927
4155,訊映,14,0,14,元富-林園,2024-07-15,5927
5426,振發,19,5,14,元富-林園,2024-07-15,5927
1514,亞力,20,6,14,元富-林園,2024-07-15,5927
2353,宏��,15,2,13,元富-林園,2024-07-15,5927
6548,長科*,13,0,13,元富-林園,2024-07-15,5927
2323,中環,12,0,12,元富-林園,2024-07-15,5927
8105,凌巨,13,1,12,元富-林園,2024-07-15,5927
2481,強茂,22,11,11,元富-林園,2024-07-15,5927
2801,彰銀,316,0,316,元富-林園,2024-07-16,5927
00632R,元大台灣50反1,153,87,66,元富-林園,2024-07-16,5927
00937B,群益ESG投等債20,63,0,63,元富-林園,2024-07-16,5927
2610,華航,59,5,54,元富-林園,2024-07-16,5927
9907,統一實,40,0,40,元富-林園,2024-07-16,5927
00934,中信成長高股息,40,0,40,元富-林園,2024-07-16,5927
2375,凱美,34,0,34,元富-林園,2024-07-16,5927
2312,金寶,56,24,32,元富-林園,2024-07-16,5927
3481,群創,33,1,32,元富-林園,2024-07-16,5927
1303,南亞,29,0,29,元富-林園,2024-07-16,5927
2356,英業達,66,38,28,元富-林園,2024-07-16,5927
2303,聯電,38,14,24,元富-林園,2024-07-16,5927
00929,復華台灣科技優息,24,0,24,元富-林園,2024-07-16,5927
2492,華新科,28,5,23,元富-林園,2024-07-16,5927
1609,大亞,33,11,22,元富-林園,2024-07-16,5927
00946,群益科技高息成長,22,0,22,元富-林園,2024-07-16,5927
1310,台苯,30,10,20,元富-林園,2024-07-16,5927
3516,亞帝歐,20,0,20,元富-林園,2024-07-16,5927
4714,永捷,20,0,20,元富-林園,2024-07-16,5927
4909,新復興,27,7,20,元富-林園,2024-07-16,5927
00882,中信中國高股息,19,0,19,元富-林園,2024-07-16,5927
2331,精英,20,1,19,元富-林園,2024-07-16,5927
6116,彩晶,22,3,19,元富-林園,2024-07-16,5927
2515,中工,21,3,18,元富-林園,2024-07-16,5927
5009,榮剛,23,5,18,元富-林園,2024-07-16,5927
0056,元大高股息,29,12,17,元富-林園,2024-07-16,5927
8105,凌巨,22,5,17,元富-林園,2024-07-16,5927
9105,泰金寶-DR,21,5,16,元富-林園,2024-07-16,5927
2353,宏��,20,5,15,元富-林園,2024-07-16,5927
6179,亞通,15,0,15,元富-林園,2024-07-16,5927
6695,芯鼎,33,18,15,元富-林園,2024-07-16,5927
00905,FT臺灣Smart,14,0,14,元富-林園,2024-07-16,5927
6684,安格,30,16,14,元富-林園,2024-07-16,5927
00919,群益台灣精選高息,13,0,13,元富-林園,2024-07-16,5927
3663,鑫科,13,0,13,元富-林園,2024-07-16,5927
4939,亞電,13,0,13,元富-林園,2024-07-16,5927
2489,瑞軒,32,20,12,元富-林園,2024-07-16,5927
2607,榮運,12,0,12,元富-林園,2024-07-16,5927
2889,國票金,15,3,12,元富-林園,2024-07-16,5927
5426,振發,27,15,12,元富-林園,2024-07-16,5927
8110,華東,12,0,12,元富-林園,2024-07-16,5927
2382,廣達,17,5,12,元富-林園,2024-07-16,5927
00712,復華富時不動產,11,0,11,元富-林園,2024-07-16,5927
2405,輔信,23,12,11,元富-林園,2024-07-16,5927
1304,台聚,10,0,10,元富-林園,2024-07-16,5927
1611,中電,10,0,10,元富-林園,2024-07-16,5927
3049,精金,10,0,10,元富-林園,2024-07-16,5927
1503,士電,10,0,10,元富-林園,2024-07-16,5927
2609,陽明,24,14,10,元富-林園,2024-07-16,5927
2615,萬海,22,13,9,元富-林園,2024-07-16,5927
00937B,群益ESG投等債20,209,0,209,元富-林園,2024-07-17,5927
2888,新光金,156,9,147,元富-林園,2024-07-17,5927
00712,復華富時不動產,218,85,133,元富-林園,2024-07-17,5927
6173,信昌電,123,4,119,元富-林園,2024-07-17,5927
00680L,元大美債20正2,71,0,71,元富-林園,2024-07-17,5927
00895,富邦未來車,59,0,59,元富-林園,2024-07-17,5927
00919,群益台灣精選高息,51,0,51,元富-林園,2024-07-17,5927
2845,遠東銀,49,1,48,元富-林園,2024-07-17,5927
2547,日勝生,45,0,45,元富-林園,2024-07-17,5927
2537,聯上發,113,74,39,元富-林園,2024-07-17,5927
6770,力積電,39,4,35,元富-林園,2024-07-17,5927
4533,協易機,35,3,32,元富-林園,2024-07-17,5927
00929,復華台灣科技優息,185,154,31,元富-林園,2024-07-17,5927
00878,國泰永續高股息,30,0,30,元富-林園,2024-07-17,5927
2353,宏��,40,12,28,元富-林園,2024-07-17,5927
2495,普安,25,0,25,元富-林園,2024-07-17,5927
00936,台新永續高息中小,24,0,24,元富-林園,2024-07-17,5927
2431,聯昌,24,1,23,元富-林園,2024-07-17,5927
2489,瑞軒,48,25,23,元富-林園,2024-07-17,5927
6227,茂綸,28,7,21,元富-林園,2024-07-17,5927
3313,斐成,23,3,20,元富-林園,2024-07-17,5927
6167,久正,20,0,20,元富-林園,2024-07-17,5927
6168,宏齊,22,2,20,元富-林園,2024-07-17,5927
3231,緯創,47,28,19,元富-林園,2024-07-17,5927
2243,宏旭-KY,18,0,18,元富-林園,2024-07-17,5927
3312,弘憶股,22,5,17,元富-林園,2024-07-17,5927
6217,中探針,17,0,17,元富-林園,2024-07-17,5927
2891,中信金,24,8,16,元富-林園,2024-07-17,5927
00669R,國泰美國道瓊反1,15,0,15,元富-林園,2024-07-17,5927
2609,陽明,16,2,14,元富-林園,2024-07-17,5927
2538,基泰,16,2,14,元富-林園,2024-07-17,5927
1605,華新,29,16,13,元富-林園,2024-07-17,5927
2324,仁寶,12,0,12,元富-林園,2024-07-17,5927
2330,台積電,12,0,12,元富-林園,2024-07-17,5927
1101,台泥,16,5,11,元富-林園,2024-07-17,5927
2301,光寶科,13,2,11,元富-林園,2024-07-17,5927
6290,良維,13,2,11,元富-林園,2024-07-17,5927
6658,聯策,17,6,11,元富-林園,2024-07-17,5927
2603,長榮,16,6,10,元富-林園,2024-07-17,5927
4906,正文,29,19,10,元富-林園,2024-07-17,5927
1735,日勝化,10,0,10,元富-林園,2024-07-17,5927
2331,精英,10,0,10,元富-林園,2024-07-17,5927
2460,建通,10,0,10,元富-林園,2024-07-17,5927
6191,精成科,11,1,10,元富-林園,2024-07-17,5927
6695,芯鼎,22,12,10,元富-林園,2024-07-17,5927
8071,能率網通,10,0,10,元富-林園,2024-07-17,5927
2892,第一金,10,0,10,元富-林園,2024-07-17,5927
1102,亞泥,9,0,9,元富-林園,2024-07-17,5927
1316,上曜,9,0,9,元富-林園,2024-07-17,5927
3030,德律,10,1,9,元富-林園,2024-07-17,5927
2897,王道銀行,185,10,175,元富-林園,2024-07-18,5927
00929,復華台灣科技優息,177,27,150,元富-林園,2024-07-18,5927
2888,新光金,134,4,130,元富-林園,2024-07-18,5927
1314,中石化,124,2,122,元富-林園,2024-07-18,5927
2027,大成鋼,125,6,119,元富-林園,2024-07-18,5927
2356,英業達,81,0,81,元富-林園,2024-07-18,5927
6173,信昌電,80,0,80,元富-林園,2024-07-18,5927
2362,藍天,94,27,67,元富-林園,2024-07-18,5927
00946,群益科技高息成長,59,0,59,元富-林園,2024-07-18,5927
1802,台玻,58,1,57,元富-林園,2024-07-18,5927
5498,凱崴,55,0,55,元富-林園,2024-07-18,5927
00919,群益台灣精選高息,56,3,53,元富-林園,2024-07-18,5927
00878,國泰永續高股息,50,5,45,元富-林園,2024-07-18,5927
2834,臺企銀,49,5,44,元富-林園,2024-07-18,5927
2881,富邦金,42,3,39,元富-林園,2024-07-18,5927
00936,台新永續高息中小,38,0,38,元富-林園,2024-07-18,5927
2867,三商壽,36,0,36,元富-林園,2024-07-18,5927
2401,凌陽,38,4,34,元富-林園,2024-07-18,5927
3189,景碩,56,23,33,元富-林園,2024-07-18,5927
2883,凱基金,38,10,28,元富-林園,2024-07-18,5927
2323,中環,28,2,26,元富-林園,2024-07-18,5927
1101,台泥,43,18,25,元富-林園,2024-07-18,5927
3037,欣興,57,33,24,元富-林園,2024-07-18,5927
2610,華航,68,45,23,元富-林園,2024-07-18,5927
1310,台苯,23,2,21,元富-林園,2024-07-18,5927
2520,冠德,25,4,21,元富-林園,2024-07-18,5927
5328,華容,21,0,21,元富-林園,2024-07-18,5927
2303,聯電,37,17,20,元富-林園,2024-07-18,5927
5512,力麒,25,5,20,元富-林園,2024-07-18,5927
3231,緯創,23,4,19,元富-林園,2024-07-18,5927
6126,信音,22,4,18,元富-林園,2024-07-18,5927
1301,台塑,31,14,17,元富-林園,2024-07-18,5927
3013,晟銘電,39,22,17,元富-林園,2024-07-18,5927
2317,鴻海,55,38,17,元富-林園,2024-07-18,5927
1611,中電,15,0,15,元富-林園,2024-07-18,5927
3686,達能,15,0,15,元富-林園,2024-07-18,5927
6770,力積電,14,0,14,元富-林園,2024-07-18,5927
00675L,富邦臺灣加權正2,13,0,13,元富-林園,2024-07-18,5927
2618,長榮航,16,3,13,元富-林園,2024-07-18,5927
2538,基泰,15,2,13,元富-林園,2024-07-18,5927
3715,定穎投控,15,2,13,元富-林園,2024-07-18,5927
00934,中信成長高股息,15,3,12,元富-林園,2024-07-18,5927
1609,大亞,40,28,12,元富-林園,2024-07-18,5927
2449,京元電子,18,6,12,元富-林園,2024-07-18,5927
4729,熒茂,12,0,12,元富-林園,2024-07-18,5927
8011,台通,13,1,12,元富-林園,2024-07-18,5927
8054,安國,25,13,12,元富-林園,2024-07-18,5927
00940,元大台灣價值高息,32,20,12,元富-林園,2024-07-18,5927
6462,神盾,16,4,12,元富-林園,2024-07-18,5927
2382,廣達,21,10,11,元富-林園,2024-07-18,5927
00929,復華台灣科技優息,170,5,165,元富-林園,2024-07-19,5927
2618,長榮航,98,33,65,元富-林園,2024-07-19,5927
00919,群益台灣精選高息,95,35,60,元富-林園,2024-07-19,5927
2344,華邦電,60,4,56,元富-林園,2024-07-19,5927
1310,台苯,60,16,44,元富-林園,2024-07-19,5927
00878,國泰永續高股息,45,3,42,元富-林園,2024-07-19,5927
4960,誠美材,41,0,41,元富-林園,2024-07-19,5927
2371,大同,39,2,37,元富-林園,2024-07-19,5927
00632R,元大台灣50反1,66,30,36,元富-林園,2024-07-19,5927
2883,凱基金,74,38,36,元富-林園,2024-07-19,5927
3037,欣興,43,10,33,元富-林園,2024-07-19,5927
3056,富華新,30,0,30,元富-林園,2024-07-19,5927
1314,中石化,32,3,29,元富-林園,2024-07-19,5927
2731,雄獅,31,2,29,元富-林園,2024-07-19,5927
00937B,群益ESG投等債20,28,0,28,元富-林園,2024-07-19,5927
6116,彩晶,28,0,28,元富-林園,2024-07-19,5927
1597,直得,27,1,26,元富-林園,2024-07-19,5927
2352,佳世達,26,0,26,元富-林園,2024-07-19,5927
00934,中信成長高股息,35,10,25,元富-林園,2024-07-19,5927
2489,瑞軒,37,12,25,元富-林園,2024-07-19,5927
3597,映興,26,1,25,元富-林園,2024-07-19,5927
2312,金寶,38,15,23,元富-林園,2024-07-19,5927
2330,台積電,27,5,22,元富-林園,2024-07-19,5927
2337,旺宏,24,2,22,元富-林園,2024-07-19,5927
3059,華晶科,22,0,22,元富-林園,2024-07-19,5927
0056,元大高股息,22,0,22,元富-林園,2024-07-19,5927
1785,光洋科,25,3,22,元富-林園,2024-07-19,5927
00936,台新永續高息中小,21,0,21,元富-林園,2024-07-19,5927
2356,英業達,25,4,21,元富-林園,2024-07-19,5927
00712,復華富時不動產,25,5,20,元富-林園,2024-07-19,5927
2440,太空梭,20,0,20,元富-林園,2024-07-19,5927
2444,兆勁,20,0,20,元富-林園,2024-07-19,5927
4968,立積,20,0,20,元富-林園,2024-07-19,5927
5905,南仁湖,20,0,20,元富-林園,2024-07-19,5927
8071,能率網通,20,0,20,元富-林園,2024-07-19,5927
1304,台聚,21,2,19,元富-林園,2024-07-19,5927
3481,群創,62,43,19,元富-林園,2024-07-19,5927
00927,群益半導體收益,18,0,18,元富-林園,2024-07-19,5927
00939,統一台灣高息動能,18,0,18,元富-林園,2024-07-19,5927
2401,凌陽,19,1,18,元富-林園,2024-07-19,5927
2408,南亞科,18,0,18,元富-林園,2024-07-19,5927
2891,中信金,21,3,18,元富-林園,2024-07-19,5927
2108,南帝,19,2,17,元富-林園,2024-07-19,5927
2845,遠東銀,17,0,17,元富-林園,2024-07-19,5927
1709,和益,40,25,15,元富-林園,2024-07-19,5927
3689,湧德,19,4,15,元富-林園,2024-07-19,5927
2610,華航,23,9,14,元富-林園,2024-07-19,5927
00949,復華日本龍頭,14,0,14,元富-林園,2024-07-19,5927
1301,台塑,20,6,14,元富-林園,2024-07-19,5927
4562,穎漢,14,0,14,元富-林園,2024-07-19,5927
00919,群益台灣精選高息,251,8,243,元富-林園,2024-07-22,5927
00929,復華台灣科技優息,316,90,226,元富-林園,2024-07-22,5927
00637L,元大滬深300正2,200,40,160,元富-林園,2024-07-22,5927
3481,群創,294,149,145,元富-林園,2024-07-22,5927
2897,王道銀行,130,0,130,元富-林園,2024-07-22,5927
5009,榮剛,120,0,120,元富-林園,2024-07-22,5927
2845,遠東銀,104,0,104,元富-林園,2024-07-22,5927
8021,尖點,89,0,89,元富-林園,2024-07-22,5927
00940,元大台灣價值高息,94,19,75,元富-林園,2024-07-22,5927
2618,長榮航,70,7,63,元富-林園,2024-07-22,5927
1611,中電,83,20,63,元富-林園,2024-07-22,5927
5512,力麒,72,10,62,元富-林園,2024-07-22,5927
2610,華航,56,0,56,元富-林園,2024-07-22,5927
00878,國泰永續高股息,56,4,52,元富-林園,2024-07-22,5927
2891,中信金,55,9,46,元富-林園,2024-07-22,5927
00934,中信成長高股息,47,5,42,元富-林園,2024-07-22,5927
9907,統一實,40,0,40,元富-林園,2024-07-22,5927
00947,台新臺灣IC設計,38,0,38,元富-林園,2024-07-22,5927
3049,精金,38,3,35,元富-林園,2024-07-22,5927
2352,佳世達,34,0,34,元富-林園,2024-07-22,5927
3712,永崴投控,35,3,32,元富-林園,2024-07-22,5927
00715L,期街口布蘭特正2,26,0,26,元富-林園,2024-07-22,5927
8936,國統,28,3,25,元富-林園,2024-07-22,5927
2344,華邦電,31,6,25,元富-林園,2024-07-22,5927
2317,鴻海,77,53,24,元富-林園,2024-07-22,5927
6116,彩晶,25,1,24,元富-林園,2024-07-22,5927
2834,臺企銀,32,8,24,元富-林園,2024-07-22,5927
1301,台塑,35,13,22,元富-林園,2024-07-22,5927
2312,金寶,34,14,20,元富-林園,2024-07-22,5927
3047,訊舟,22,3,19,元富-林園,2024-07-22,5927
2888,新光金,45,27,18,元富-林園,2024-07-22,5927
2449,京元電子,22,4,18,元富-林園,2024-07-22,5927
2542,興富發,20,2,18,元富-林園,2024-07-22,5927
2867,三商壽,28,10,18,元富-林園,2024-07-22,5927
3209,全科,18,1,17,元富-林園,2024-07-22,5927
4566,時碩工業,18,1,17,元富-林園,2024-07-22,5927
00669R,國泰美國道瓊反1,16,0,16,元富-林園,2024-07-22,5927
00936,台新永續高息中小,23,7,16,元富-林園,2024-07-22,5927
2356,英業達,21,6,15,元富-林園,2024-07-22,5927
3231,緯創,21,7,14,元富-林園,2024-07-22,5927
1514,亞力,24,10,14,元富-林園,2024-07-22,5927
1618,合機,14,0,14,元富-林園,2024-07-22,5927
2409,友達,24,10,14,元富-林園,2024-07-22,5927
2515,中工,15,1,14,元富-林園,2024-07-22,5927
6698,旭暉應材,14,0,14,元富-林園,2024-07-22,5927
00905,FT臺灣Smart,13,0,13,元富-林園,2024-07-22,5927
2492,華新科,13,0,13,元富-林園,2024-07-22,5927
2330,台積電,20,8,12,元富-林園,2024-07-22,5927
6443,元晶,13,2,11,元富-林園,2024-07-22,5927
3663,鑫科,15,4,11,元富-林園,2024-07-22,5927
00632R,元大台灣50反1,490,90,400,元富-林園,2024-07-23,5927
00929,復華台灣科技優息,187,16,171,元富-林園,2024-07-23,5927
3481,群創,144,6,138,元富-林園,2024-07-23,5927
2409,友達,130,0,130,元富-林園,2024-07-23,5927
00934,中信成長高股息,101,0,101,元富-林園,2024-07-23,5927
2883,凱基金,102,4,98,元富-林園,2024-07-23,5927
2511,太子,61,7,54,元富-林園,2024-07-23,5927
2489,瑞軒,51,2,49,元富-林園,2024-07-23,5927
1709,和益,46,0,46,元富-林園,2024-07-23,5927
4916,事欣科,44,2,42,元富-林園,2024-07-23,5927
8039,台虹,42,0,42,元富-林園,2024-07-23,5927
00946,群益科技高息成長,41,0,41,元富-林園,2024-07-23,5927
6116,彩晶,49,12,37,元富-林園,2024-07-23,5927
1402,遠東新,35,1,34,元富-林園,2024-07-23,5927
00940,元大台灣價值高息,33,0,33,元富-林園,2024-07-23,5927
8110,華東,23,0,23,元富-林園,2024-07-23,5927
3625,西勝,20,0,20,元富-林園,2024-07-23,5927
6015,宏遠證,20,0,20,元富-林園,2024-07-23,5927
6257,矽格,20,0,20,元富-林園,2024-07-23,5927
8467,波力-KY,20,0,20,元富-林園,2024-07-23,5927
4526,東台,19,0,19,元富-林園,2024-07-23,5927
00919,群益台灣精選高息,19,0,19,元富-林園,2024-07-23,5927
2408,南亞科,19,2,17,元富-林園,2024-07-23,5927
2888,新光金,21,4,17,元富-林園,2024-07-23,5927
3312,弘憶股,17,1,16,元富-林園,2024-07-23,5927
1314,中石化,25,10,15,元富-林園,2024-07-23,5927
2323,中環,14,0,14,元富-林園,2024-07-23,5927
00931B,統一美債20年,13,0,13,元富-林園,2024-07-23,5927
2449,京元電子,17,4,13,元富-林園,2024-07-23,5927
00679B,元大美債20年,12,0,12,元富-林園,2024-07-23,5927
2108,南帝,12,0,12,元富-林園,2024-07-23,5927
2367,燿華,16,5,11,元富-林園,2024-07-23,5927
3189,景碩,23,12,11,元富-林園,2024-07-23,5927
6698,旭暉應材,11,0,11,元富-林園,2024-07-23,5927
2867,三商壽,10,0,10,元富-林園,2024-07-23,5927
00857B,永豐20年美公債,10,0,10,元富-林園,2024-07-23,5927
2029,盛餘,10,0,10,元富-林園,2024-07-23,5927
2107,厚生,10,0,10,元富-林園,2024-07-23,5927
4168,醣聯,10,0,10,元富-林園,2024-07-23,5927
6120,達運,10,0,10,元富-林園,2024-07-23,5927
6425,易發,10,0,10,元富-林園,2024-07-23,5927
8104,錸寶,43,33,10,元富-林園,2024-07-23,5927
9907,統一實,10,0,10,元富-林園,2024-07-23,5927
2359,所羅門,16,6,10,元富-林園,2024-07-23,5927
00878,國泰永續高股息,9,0,9,元富-林園,2024-07-23,5927
5512,力麒,11,2,9,元富-林園,2024-07-23,5927
3450,聯鈞,23,14,9,元富-林園,2024-07-23,5927
1301,台塑,19,10,9,元富-林園,2024-07-23,5927
2838,聯邦銀,9,0,9,元富-林園,2024-07-23,5927
00664R,國泰臺灣加權反1,8,0,8,元富-林園,2024-07-23,5927
00637L,元大滬深300正2,344,0,344,元富-林園,2024-07-26,5927
00929,復華台灣科技優息,195,4,191,元富-林園,2024-07-26,5927
00878,國泰永續高股息,162,66,96,元富-林園,2024-07-26,5927
3711,日月光投控,58,0,58,元富-林園,2024-07-26,5927
00919,群益台灣精選高息,66,10,56,元富-林園,2024-07-26,5927
2330,台積電,62,11,51,元富-林園,2024-07-26,5927
0056,元大高股息,72,22,50,元富-林園,2024-07-26,5927
2834,臺企銀,42,0,42,元富-林園,2024-07-26,5927
2356,英業達,43,3,40,元富-林園,2024-07-26,5927
00946,群益科技高息成長,37,2,35,元富-林園,2024-07-26,5927
2888,新光金,31,0,31,元富-林園,2024-07-26,5927
5225,東科-KY,31,0,31,元富-林園,2024-07-26,5927
1104,環泥,30,0,30,元富-林園,2024-07-26,5927
2317,鴻海,32,5,27,元富-林園,2024-07-26,5927
00951,台新日本半導體,44,18,26,元富-林園,2024-07-26,5927
9925,新保,25,0,25,元富-林園,2024-07-26,5927
2337,旺宏,26,1,25,元富-林園,2024-07-26,5927
2352,佳世達,22,0,22,元富-林園,2024-07-26,5927
2344,華邦電,22,0,22,元富-林園,2024-07-26,5927
6443,元晶,22,0,22,元富-林園,2024-07-26,5927
1312,國喬,21,0,21,元富-林園,2024-07-26,5927
1314,中石化,25,4,21,元富-林園,2024-07-26,5927
3516,亞帝歐,20,0,20,元富-林園,2024-07-26,5927
9907,統一實,20,0,20,元富-林園,2024-07-26,5927
2489,瑞軒,22,3,19,元富-林園,2024-07-26,5927
00949,復華日本龍頭,24,6,18,元富-林園,2024-07-26,5927
5392,能率,20,2,18,元富-林園,2024-07-26,5927
2408,南亞科,17,2,15,元富-林園,2024-07-26,5927
2606,裕民,15,0,15,元富-林園,2024-07-26,5927
4128,中天,17,2,15,元富-林園,2024-07-26,5927
00905,FT臺灣Smart,14,0,14,元富-林園,2024-07-26,5927
2887,台新金,26,12,14,元富-林園,2024-07-26,5927
2353,宏��,19,6,13,元富-林園,2024-07-26,5927
2382,廣達,17,4,13,元富-林園,2024-07-26,5927
1301,台塑,21,8,13,元富-林園,2024-07-26,5927
2312,金寶,39,27,12,元富-林園,2024-07-26,5927
00725B,國泰投資級公司債,12,0,12,元富-林園,2024-07-26,5927
2409,友達,27,15,12,元富-林園,2024-07-26,5927
6116,彩晶,22,10,12,元富-林園,2024-07-26,5927
8105,凌巨,17,5,12,元富-林園,2024-07-26,5927
1303,南亞,14,2,12,元富-林園,2024-07-26,5927
2520,冠德,11,1,10,元富-林園,2024-07-26,5927
2547,日勝生,15,5,10,元富-林園,2024-07-26,5927
3312,弘憶股,210,200,10,元富-林園,2024-07-26,5927
3702A,大聯大甲特,10,0,10,元富-林園,2024-07-26,5927
3706,神達,11,1,10,元富-林園,2024-07-26,5927
4109,加捷生醫,10,0,10,元富-林園,2024-07-26,5927
4916,事欣科,10,0,10,元富-林園,2024-07-26,5927
4960,誠美材,10,0,10,元富-林園,2024-07-26,5927
1540,喬福,10,1,9,元富-林園,2024-07-26,5927
00937B,群益ESG投等債20,143,3,140,元富-林園,2024-07-29,5927
00878,國泰永續高股息,122,10,112,元富-林園,2024-07-29,5927
00929,復華台灣科技優息,129,21,108,元富-林園,2024-07-29,5927
00632R,元大台灣50反1,90,0,90,元富-林園,2024-07-29,5927
1540,喬福,73,1,72,元富-林園,2024-07-29,5927
2303,聯電,70,13,57,元富-林園,2024-07-29,5927
3047,訊舟,39,0,39,元富-林園,2024-07-29,5927
3481,群創,50,16,34,元富-林園,2024-07-29,5927
6770,力積電,34,0,34,元富-林園,2024-07-29,5927
2610,華航,27,0,27,元富-林園,2024-07-29,5927
2367,燿華,26,0,26,元富-林園,2024-07-29,5927
2356,英業達,28,4,24,元富-林園,2024-07-29,5927
2884,玉山金,24,0,24,元富-林園,2024-07-29,5927
2353,宏��,24,2,22,元富-林園,2024-07-29,5927
00919,群益台灣精選高息,21,0,21,元富-林園,2024-07-29,5927
9946,三發地產,22,2,20,元富-林園,2024-07-29,5927
2409,友達,22,5,17,元富-林園,2024-07-29,5927
2486,一詮,17,0,17,元富-林園,2024-07-29,5927
6218,豪勉,20,4,16,元富-林園,2024-07-29,5927
1503,士電,30,15,15,元富-林園,2024-07-29,5927
0056,元大高股息,18,4,14,元富-林園,2024-07-29,5927
2467,志聖,17,4,13,元富-林園,2024-07-29,5927
2449,京元電子,16,4,12,元富-林園,2024-07-29,5927
5512,力麒,23,11,12,元富-林園,2024-07-29,5927
8936,國統,18,6,12,元富-林園,2024-07-29,5927
00909,國泰數位支付服務,11,0,11,元富-林園,2024-07-29,5927
2641,正德,11,0,11,元富-林園,2024-07-29,5927
4967,十銓,11,0,11,元富-林園,2024-07-29,5927
6443,元晶,11,0,11,元富-林園,2024-07-29,5927
9105,泰金寶-DR,11,0,11,元富-林園,2024-07-29,5927
3711,日月光投控,11,0,11,元富-林園,2024-07-29,5927
6005,群益證,10,0,10,元富-林園,2024-07-29,5927
1563,巧新,10,0,10,元富-林園,2024-07-29,5927
2365,昆盈,18,8,10,元富-林園,2024-07-29,5927
2419,仲琦,10,0,10,元富-林園,2024-07-29,5927
2606,裕民,10,0,10,元富-林園,2024-07-29,5927
3356,奇偶,10,0,10,元富-林園,2024-07-29,5927
3673,TPK-KY,10,0,10,元富-林園,2024-07-29,5927
5347,世界,11,1,10,元富-林園,2024-07-29,5927
6116,彩晶,10,0,10,元富-林園,2024-07-29,5927
6270,倍微,11,1,10,元富-林園,2024-07-29,5927
6706,惠特,10,0,10,元富-林園,2024-07-29,5927
8926,台汽電,15,5,10,元富-林園,2024-07-29,5927
9907,統一實,10,0,10,元富-林園,2024-07-29,5927
2313,華通,14,5,9,元富-林園,2024-07-29,5927
5534,長虹,10,1,9,元富-林園,2024-07-29,5927
8028,昇陽半導體,27,19,8,元富-林園,2024-07-29,5927
00936,台新永續高息中小,8,0,8,元富-林園,2024-07-29,5927
6156,松上,8,0,8,元富-林園,2024-07-29,5927
6180,橘子,18,10,8,元富-林園,2024-07-29,5927
00940,元大台灣價值高息,199,70,129,元富-林園,2024-07-30,5927
00929,復華台灣科技優息,322,193,129,元富-林園,2024-07-30,5927
00946,群益科技高息成長,100,0,100,元富-林園,2024-07-30,5927
00937B,群益ESG投等債20,139,41,98,元富-林園,2024-07-30,5927
2891,中信金,99,2,97,元富-林園,2024-07-30,5927
2303,聯電,71,25,46,元富-林園,2024-07-30,5927
00878,國泰永續高股息,51,12,39,元富-林園,2024-07-30,5927
2610,華航,42,4,38,元富-林園,2024-07-30,5927
2409,友達,37,0,37,元富-林園,2024-07-30,5927
00919,群益台灣精選高息,36,0,36,元富-林園,2024-07-30,5927
2349,錸德,51,17,34,元富-林園,2024-07-30,5927
2337,旺宏,53,22,31,元富-林園,2024-07-30,5927
00715L,期街口布蘭特正2,31,0,31,元富-林園,2024-07-30,5927
2344,華邦電,26,1,25,元富-林園,2024-07-30,5927
3049,精金,21,0,21,元富-林園,2024-07-30,5927
6167,久正,21,0,21,元富-林園,2024-07-30,5927
00939,統一台灣高息動能,18,0,18,元富-林園,2024-07-30,5927
00632R,元大台灣50反1,582,565,17,元富-林園,2024-07-30,5927
2348,海悅,15,2,13,元富-林園,2024-07-30,5927
2356,英業達,23,10,13,元富-林園,2024-07-30,5927
4927,泰鼎-KY,12,0,12,元富-林園,2024-07-30,5927
9105,泰金寶-DR,22,10,12,元富-林園,2024-07-30,5927
2884,玉山金,11,0,11,元富-林園,2024-07-30,5927
00637L,元大滬深300正2,11,0,11,元富-林園,2024-07-30,5927
2340,台亞,11,0,11,元富-林園,2024-07-30,5927
6120,達運,10,0,10,元富-林園,2024-07-30,5927
2061,風青,10,0,10,元富-林園,2024-07-30,5927
2312,金寶,27,17,10,元富-林園,2024-07-30,5927
5519,隆大,13,3,10,元富-林園,2024-07-30,5927
0056,元大高股息,12,2,10,元富-林園,2024-07-30,5927
1611,中電,10,1,9,元富-林園,2024-07-30,5927
2301,光寶科,15,6,9,元富-林園,2024-07-30,5927
3189,景碩,15,6,9,元富-林園,2024-07-30,5927
8039,台虹,9,0,9,元富-林園,2024-07-30,5927
4123,晟德,10,1,9,元富-林園,2024-07-30,5927
00679B,元大美債20年,8,0,8,元富-林園,2024-07-30,5927
00936,台新永續高息中小,8,0,8,元富-林園,2024-07-30,5927
1402,遠東新,8,0,8,元富-林園,2024-07-30,5927
3081,聯亞,8,0,8,元富-林園,2024-07-30,5927
6147,頎邦,8,0,8,元富-林園,2024-07-30,5927
6244,茂迪,29,21,8,元富-林園,2024-07-30,5927
00713,元大台灣高息低波,8,0,8,元富-林園,2024-07-30,5927
00830,國泰費城半導體,7,0,7,元富-林園,2024-07-30,5927
2439,美律,7,0,7,元富-林園,2024-07-30,5927
2492,華新科,8,1,7,元富-林園,2024-07-30,5927
2845,遠東銀,7,0,7,元富-林園,2024-07-30,5927
3576,聯合再生,9,2,7,元富-林園,2024-07-30,5927
2408,南亞科,7,1,6,元富-林園,2024-07-30,5927
00933B,國泰10Y+金融債,6,0,6,元富-林園,2024-07-30,5927
1101,台泥,16,10,6,元富-林園,2024-07-30,5927
2421,建準,100,0,100,元富-林園,2024-07-31,5927
3481,群創,120,23,97,元富-林園,2024-07-31,5927
2489,瑞軒,71,1,70,元富-林園,2024-07-31,5927
00929,復華台灣科技優息,77,18,59,元富-林園,2024-07-31,5927
2349,錸德,75,32,43,元富-林園,2024-07-31,5927
00679B,元大美債20年,54,12,42,元富-林園,2024-07-31,5927
1314,中石化,52,10,42,元富-林園,2024-07-31,5927
2409,友達,46,5,41,元富-林園,2024-07-31,5927
2838,聯邦銀,35,0,35,元富-林園,2024-07-31,5927
00671R,富邦NASDAQ反1,30,0,30,元富-林園,2024-07-31,5927
00687B,國泰20年美債,27,0,27,元富-林園,2024-07-31,5927
00720B,元大投資級公司債,21,0,21,元富-林園,2024-07-31,5927
00946,群益科技高息成長,21,0,21,元富-林園,2024-07-31,5927
5519,隆大,21,1,20,元富-林園,2024-07-31,5927
2365,昆盈,39,20,19,元富-林園,2024-07-31,5927
2408,南亞科,15,2,13,元富-林園,2024-07-31,5927
4919,新唐,13,0,13,元富-林園,2024-07-31,5927
2883,凱基金,20,7,13,元富-林園,2024-07-31,5927
2884,玉山金,29,17,12,元富-林園,2024-07-31,5927
5225,東科-KY,12,0,12,元富-林園,2024-07-31,5927
3047,訊舟,79,67,12,元富-林園,2024-07-31,5927
6126,信音,13,1,12,元富-林園,2024-07-31,5927
2020,美亞,11,0,11,元富-林園,2024-07-31,5927
6177,達麗,15,4,11,元富-林園,2024-07-31,5927
8936,國統,11,0,11,元富-林園,2024-07-31,5927
2312,金寶,30,20,10,元富-林園,2024-07-31,5927
00795B,中信美國公債20年,10,0,10,元富-林園,2024-07-31,5927
1456,怡華,10,0,10,元富-林園,2024-07-31,5927
2204,中華,10,0,10,元富-林園,2024-07-31,5927
3284,太普高,10,0,10,元富-林園,2024-07-31,5927
3498,陽程,10,0,10,元富-林園,2024-07-31,5927
4526,東台,15,5,10,元富-林園,2024-07-31,5927
4714,永捷,30,20,10,元富-林園,2024-07-31,5927
6113,亞矽,10,0,10,元富-林園,2024-07-31,5927
6179,亞通,10,0,10,元富-林園,2024-07-31,5927
8271,宇瞻,10,0,10,元富-林園,2024-07-31,5927
1305,華夏,9,0,9,元富-林園,2024-07-31,5927
2453,凌群,9,0,9,元富-林園,2024-07-31,5927
8039,台虹,9,0,9,元富-林園,2024-07-31,5927
00951,台新日本半導體,8,0,8,元富-林園,2024-07-31,5927
00680L,元大美債20正2,8,0,8,元富-林園,2024-07-31,5927
2537,聯上發,8,0,8,元富-林園,2024-07-31,5927
3202,樺晟,8,0,8,元富-林園,2024-07-31,5927
5452,佶優,8,0,8,元富-林園,2024-07-31,5927
00878,國泰永續高股息,10,2,8,元富-林園,2024-07-31,5927
8064,東捷,31,24,7,元富-林園,2024-07-31,5927
006208,富邦台50,7,0,7,元富-林園,2024-07-31,5927
00919,群益台灣精選高息,7,0,7,元富-林園,2024-07-31,5927
2392,正崴,8,2,6,元富-林園,2024-07-31,5927
1513,中興電,8,2,6,元富-林園,2024-07-31,5927
00637L,元大滬深300正2,115,0,115,元富-林園,2024-08-01,5927
2887,台新金,61,0,61,元富-林園,2024-08-01,5927
00679B,元大美債20年,38,3,35,元富-林園,2024-08-01,5927
00680L,元大美債20正2,33,0,33,元富-林園,2024-08-01,5927
00940,元大台灣價值高息,72,40,32,元富-林園,2024-08-01,5927
00878,國泰永續高股息,33,2,31,元富-林園,2024-08-01,5927
1805,寶徠,30,0,30,元富-林園,2024-08-01,5927
2610,華航,48,20,28,元富-林園,2024-08-01,5927
1216,統一,26,0,26,元富-林園,2024-08-01,5927
00665L,富邦�琤肭磪囓�2,21,1,20,元富-林園,2024-08-01,5927
1308,亞聚,20,0,20,元富-林園,2024-08-01,5927
2923,鼎固-KY,20,0,20,元富-林園,2024-08-01,5927
3013,晟銘電,21,3,18,元富-林園,2024-08-01,5927
8064,東捷,57,39,18,元富-林園,2024-08-01,5927
3481,群創,19,4,15,元富-林園,2024-08-01,5927
2408,南亞科,13,0,13,元富-林園,2024-08-01,5927
3580,友威科,41,28,13,元富-林園,2024-08-01,5927
00949,復華日本龍頭,22,10,12,元富-林園,2024-08-01,5927
2486,一詮,14,3,11,元富-林園,2024-08-01,5927
3535,晶彩科,17,6,11,元富-林園,2024-08-01,5927
8049,晶采,12,1,11,元富-林園,2024-08-01,5927
2363,矽統,37,27,10,元富-林園,2024-08-01,5927
00725B,國泰投資級公司債,10,0,10,元富-林園,2024-08-01,5927
00894,中信小資高價30,10,0,10,元富-林園,2024-08-01,5927
1232,大統益,10,0,10,元富-林園,2024-08-01,5927
2348,海悅,10,0,10,元富-林園,2024-08-01,5927
2369,菱生,10,0,10,元富-林園,2024-08-01,5927
2537,聯上發,17,7,10,元富-林園,2024-08-01,5927
2630,亞航,10,0,10,元富-林園,2024-08-01,5927
3042,晶技,10,0,10,元富-林園,2024-08-01,5927
5443,均豪,29,19,10,元富-林園,2024-08-01,5927
6219,富旺,10,0,10,元富-林園,2024-08-01,5927
9105,泰金寶-DR,10,0,10,元富-林園,2024-08-01,5927
2204,中華,11,2,9,元富-林園,2024-08-01,5927
00936,台新永續高息中小,11,2,9,元富-林園,2024-08-01,5927
2409,友達,9,0,9,元富-林園,2024-08-01,5927
2520,冠德,17,8,9,元富-林園,2024-08-01,5927
2543,皇昌,20,11,9,元富-林園,2024-08-01,5927
4402,郡都開發,8,0,8,元富-林園,2024-08-01,5927
2356,英業達,15,8,7,元富-林園,2024-08-01,5927
2612,中航,8,1,7,元富-林園,2024-08-01,5927
2834,臺企銀,7,0,7,元富-林園,2024-08-01,5927
3338,泰碩,10,3,7,元富-林園,2024-08-01,5927
00919,群益台灣精選高息,6,0,6,元富-林園,2024-08-01,5927
2312,金寶,26,20,6,元富-林園,2024-08-01,5927
1560,中砂,9,3,6,元富-林園,2024-08-01,5927
00945B,凱基美國非投等債,6,0,6,元富-林園,2024-08-01,5927
1735,日勝化,6,0,6,元富-林園,2024-08-01,5927
3188,鑫龍騰,6,0,6,元富-林園,2024-08-01,5927
4720,德淵,6,0,6,元富-林園,2024-08-01,5927
00878,國泰永續高股息,195,0,195,元富-林園,2024-08-02,5927
2337,旺宏,166,11,155,元富-林園,2024-08-02,5927
2002,中鋼,167,13,154,元富-林園,2024-08-02,5927
00637L,元大滬深300正2,343,220,123,元富-林園,2024-08-02,5927
2409,友達,139,21,118,元富-林園,2024-08-02,5927
2610,華航,101,1,100,元富-林園,2024-08-02,5927
00929,復華台灣科技優息,162,69,93,元富-林園,2024-08-02,5927
00951,台新日本半導體,86,0,86,元富-林園,2024-08-02,5927
00946,群益科技高息成長,72,3,69,元富-林園,2024-08-02,5927
00680L,元大美債20正2,65,0,65,元富-林園,2024-08-02,5927
4532,瑞智,62,0,62,元富-林園,2024-08-02,5927
2317,鴻海,82,27,55,元富-林園,2024-08-02,5927
6153,嘉聯益,45,0,45,元富-林園,2024-08-02,5927
00679B,元大美債20年,51,7,44,元富-林園,2024-08-02,5927
1314,中石化,54,11,43,元富-林園,2024-08-02,5927
00919,群益台灣精選高息,52,10,42,元富-林園,2024-08-02,5927
00936,台新永續高息中小,35,0,35,元富-林園,2024-08-02,5927
00687B,國泰20年美債,33,1,32,元富-林園,2024-08-02,5927
2891,中信金,32,1,31,元富-林園,2024-08-02,5927
00900,富邦特選高股息30,31,0,31,元富-林園,2024-08-02,5927
2330,台積電,46,16,30,元富-林園,2024-08-02,5927
2392,正崴,31,2,29,元富-林園,2024-08-02,5927
5519,隆大,28,0,28,元富-林園,2024-08-02,5927
0056,元大高股息,29,1,28,元富-林園,2024-08-02,5927
2340,台亞,27,0,27,元富-林園,2024-08-02,5927
1711,永光,25,0,25,元富-林園,2024-08-02,5927
3037,欣興,26,1,25,元富-林園,2024-08-02,5927
1447,力鵬,23,0,23,元富-林園,2024-08-02,5927
2542,興富發,23,1,22,元富-林園,2024-08-02,5927
2887,台新金,23,1,22,元富-林園,2024-08-02,5927
00939,統一台灣高息動能,21,0,21,元富-林園,2024-08-02,5927
00725B,國泰投資級公司債,21,0,21,元富-林園,2024-08-02,5927
6706,惠特,21,0,21,元富-林園,2024-08-02,5927
4909,新復興,21,1,20,元富-林園,2024-08-02,5927
00944,野村趨勢動能高息,20,0,20,元富-林園,2024-08-02,5927
3492,長盛,20,0,20,元富-林園,2024-08-02,5927
9929,秋雨,20,0,20,元富-林園,2024-08-02,5927
006208,富邦台50,19,0,19,元富-林園,2024-08-02,5927
00881,國泰台灣5G+,19,0,19,元富-林園,2024-08-02,5927
6282,康舒,17,0,17,元富-林園,2024-08-02,5927
2537,聯上發,16,0,16,元富-林園,2024-08-02,5927
3313,斐成,16,0,16,元富-林園,2024-08-02,5927
3711,日月光投控,15,1,14,元富-林園,2024-08-02,5927
2449,京元電子,19,5,14,元富-林園,2024-08-02,5927
3047,訊舟,28,14,14,元富-林園,2024-08-02,5927
1605,華新,13,0,13,元富-林園,2024-08-02,5927
1316,上曜,24,11,13,元富-林園,2024-08-02,5927
2371,大同,24,11,13,元富-林園,2024-08-02,5927
3048,益登,14,1,13,元富-林園,2024-08-02,5927
2405,輔信,16,4,12,元富-林園,2024-08-02,5927
00680L,元大美債20正2,487,24,463,元富-林園,2024-08-05,5927
00929,復華台灣科技優息,430,44,386,元富-林園,2024-08-05,5927
00940,元大台灣價值高息,407,148,259,元富-林園,2024-08-05,5927
00878,國泰永續高股息,148,17,131,元富-林園,2024-08-05,5927
2834,臺企銀,109,3,106,元富-林園,2024-08-05,5927
2547,日勝生,100,0,100,元富-林園,2024-08-05,5927
2409,友達,110,36,74,元富-林園,2024-08-05,5927
00934,中信成長高股息,72,1,71,元富-林園,2024-08-05,5927
2337,旺宏,241,173,68,元富-林園,2024-08-05,5927
2610,華航,106,38,68,元富-林園,2024-08-05,5927
9907,統一實,60,0,60,元富-林園,2024-08-05,5927
2883,凱基金,64,7,57,元富-林園,2024-08-05,5927
9925,新保,62,5,57,元富-林園,2024-08-05,5927
2891,中信金,57,5,52,元富-林園,2024-08-05,5927
00919,群益台灣精選高息,150,98,52,元富-林園,2024-08-05,5927
2317,鴻海,65,18,47,元富-林園,2024-08-05,5927
2344,華邦電,50,4,46,元富-林園,2024-08-05,5927
6116,彩晶,36,0,36,元富-林園,2024-08-05,5927
00946,群益科技高息成長,49,16,33,元富-林園,2024-08-05,5927
00725B,國泰投資級公司債,31,0,31,元富-林園,2024-08-05,5927
00951,台新日本半導體,42,11,31,元富-林園,2024-08-05,5927
00918,大華優利高填息30,30,1,29,元富-林園,2024-08-05,5927
6770,力積電,40,11,29,元富-林園,2024-08-05,5927
00949,復華日本龍頭,28,0,28,元富-林園,2024-08-05,5927
0056,元大高股息,49,23,26,元富-林園,2024-08-05,5927
2014,中鴻,27,1,26,元富-林園,2024-08-05,5927
2542,興富發,26,0,26,元富-林園,2024-08-05,5927
00688L,國泰20年美債正2,28,3,25,元富-林園,2024-08-05,5927
1735,日勝化,25,0,25,元富-林園,2024-08-05,5927
2801,彰銀,25,0,25,元富-林園,2024-08-05,5927
2633,台灣高鐵,24,0,24,元富-林園,2024-08-05,5927
00936,台新永續高息中小,29,6,23,元富-林園,2024-08-05,5927
3481,群創,88,65,23,元富-林園,2024-08-05,5927
1710,東聯,22,0,22,元富-林園,2024-08-05,5927
1711,永光,23,1,22,元富-林園,2024-08-05,5927
00713,元大台灣高息低波,32,10,22,元富-林園,2024-08-05,5927
2301,光寶科,27,6,21,元富-林園,2024-08-05,5927
2367,燿華,21,0,21,元富-林園,2024-08-05,5927
2889,國票金,21,0,21,元富-林園,2024-08-05,5927
1319,東陽,20,0,20,元富-林園,2024-08-05,5927
1612,宏泰,20,0,20,元富-林園,2024-08-05,5927
2332,友訊,21,1,20,元富-林園,2024-08-05,5927
2867,三商壽,39,19,20,元富-林園,2024-08-05,5927
00715L,期街口布蘭特正2,19,0,19,元富-林園,2024-08-05,5927
1605,華新,21,3,18,元富-林園,2024-08-05,5927
00795B,中信美國公債20年,30,12,18,元富-林園,2024-08-05,5927
2515,中工,30,12,18,元富-林園,2024-08-05,5927
3047,訊舟,18,0,18,元富-林園,2024-08-05,5927
3576,聯合再生,18,0,18,元富-林園,2024-08-05,5927
1301,台塑,22,5,17,元富-林園,2024-08-05,5927
00929,復華台灣科技優息,380,38,342,元富-林園,2024-08-06,5927
00637L,元大滬深300正2,190,0,190,元富-林園,2024-08-06,5927
00680L,元大美債20正2,172,18,154,元富-林園,2024-08-06,5927
2515,中工,103,0,103,元富-林園,2024-08-06,5927
3303,岱稜,99,0,99,元富-林園,2024-08-06,5927
2542,興富發,96,0,96,元富-林園,2024-08-06,5927
2349,錸德,143,64,79,元富-林園,2024-08-06,5927
3050,鈺德,72,0,72,元富-林園,2024-08-06,5927
2337,旺宏,73,2,71,元富-林園,2024-08-06,5927
00679B,元大美債20年,71,2,69,元富-林園,2024-08-06,5927
2801,彰銀,62,8,54,元富-林園,2024-08-06,5927
5905,南仁湖,54,0,54,元富-林園,2024-08-06,5927
2888,新光金,50,2,48,元富-林園,2024-08-06,5927
2610,華航,53,9,44,元富-林園,2024-08-06,5927
8936,國統,43,1,42,元富-林園,2024-08-06,5927
2409,友達,52,13,39,元富-林園,2024-08-06,5927
00915,凱基優選高股息30,36,0,36,元富-林園,2024-08-06,5927
00918,大華優利高填息30,44,11,33,元富-林園,2024-08-06,5927
9907,統一實,30,0,30,元富-林園,2024-08-06,5927
00878,國泰永續高股息,39,10,29,元富-林園,2024-08-06,5927
00928,中信上櫃ESG30,27,0,27,元富-林園,2024-08-06,5927
9105,泰金寶-DR,32,7,25,元富-林園,2024-08-06,5927
6016,康和證,23,0,23,元富-林園,2024-08-06,5927
00919,群益台灣精選高息,36,15,21,元富-林園,2024-08-06,5927
00676R,富邦臺灣加權反1,20,0,20,元富-林園,2024-08-06,5927
4960,誠美材,20,0,20,元富-林園,2024-08-06,5927
6216,居易,20,0,20,元富-林園,2024-08-06,5927
6270,倍微,20,0,20,元富-林園,2024-08-06,5927
9904,寶成,41,21,20,元富-林園,2024-08-06,5927
00650L,復華香港正2,24,5,19,元富-林園,2024-08-06,5927
0056,元大高股息,22,5,17,元富-林園,2024-08-06,5927
5519,隆大,16,0,16,元富-林園,2024-08-06,5927
1785,光洋科,17,2,15,元富-林園,2024-08-06,5927
6207,雷科,15,0,15,元富-林園,2024-08-06,5927
00858,永豐美國500大,14,0,14,元富-林園,2024-08-06,5927
2353,宏��,21,8,13,元富-林園,2024-08-06,5927
2365,昆盈,61,48,13,元富-林園,2024-08-06,5927
2812,台中銀,13,0,13,元富-林園,2024-08-06,5927
00735,國泰臺韓科技,12,0,12,元富-林園,2024-08-06,5927
00690,兆豐藍籌30,12,0,12,元富-林園,2024-08-06,5927
1709,和益,12,0,12,元富-林園,2024-08-06,5927
2317,鴻海,97,86,11,元富-林園,2024-08-06,5927
2867,三商壽,16,5,11,元富-林園,2024-08-06,5927
00665L,富邦�琤肭磪囓�2,14,3,11,元富-林園,2024-08-06,5927
1303,南亞,22,11,11,元富-林園,2024-08-06,5927
2489,瑞軒,44,33,11,元富-林園,2024-08-06,5927
3033,威健,11,0,11,元富-林園,2024-08-06,5927
9945,潤泰新,16,6,10,元富-林園,2024-08-06,5927
1815,富喬,31,21,10,元富-林園,2024-08-06,5927
3049,精金,10,0,10,元富-林園,2024-08-06,5927
00881,國泰台灣5G+,126,0,126,元富-林園,2024-08-07,5927
00929,復華台灣科技優息,134,11,123,元富-林園,2024-08-07,5927
00632R,元大台灣50反1,1104,998,106,元富-林園,2024-08-07,5927
00878,國泰永續高股息,97,36,61,元富-林園,2024-08-07,5927
00679B,元大美債20年,64,11,53,元富-林園,2024-08-07,5927
2834,臺企銀,54,10,44,元富-林園,2024-08-07,5927
1307,三芳,46,11,35,元富-林園,2024-08-07,5927
1714,和桐,30,0,30,元富-林園,2024-08-07,5927
2409,友達,28,4,24,元富-林園,2024-08-07,5927
2317,鴻海,86,62,24,元富-林園,2024-08-07,5927
00664R,國泰臺灣加權反1,23,0,23,元富-林園,2024-08-07,5927
1536,和大,41,18,23,元富-林園,2024-08-07,5927
6213,聯茂,26,4,22,元富-林園,2024-08-07,5927
5519,隆大,25,3,22,元富-林園,2024-08-07,5927
00931B,統一美債20年,24,3,21,元富-林園,2024-08-07,5927
2014,中鴻,21,0,21,元富-林園,2024-08-07,5927
2882,國泰金,21,0,21,元富-林園,2024-08-07,5927
2886,兆豐金,20,0,20,元富-林園,2024-08-07,5927
1570,力肯,20,0,20,元富-林園,2024-08-07,5927
3576,聯合再生,20,0,20,元富-林園,2024-08-07,5927
6617,共信-KY,20,0,20,元富-林園,2024-08-07,5927
2888,新光金,25,6,19,元富-林園,2024-08-07,5927
00712,復華富時不動產,19,0,19,元富-林園,2024-08-07,5927
00715L,期街口布蘭特正2,18,0,18,元富-林園,2024-08-07,5927
2881,富邦金,18,1,17,元富-林園,2024-08-07,5927
4510,高鋒,21,4,17,元富-林園,2024-08-07,5927
2884,玉山金,17,0,17,元富-林園,2024-08-07,5927
00720B,元大投資級公司債,16,0,16,元富-林園,2024-08-07,5927
2887,台新金,13,0,13,元富-林園,2024-08-07,5927
2492,華新科,19,7,12,元富-林園,2024-08-07,5927
2880,華南金,12,0,12,元富-林園,2024-08-07,5927
2401,凌陽,16,5,11,元富-林園,2024-08-07,5927
6257,矽格,13,2,11,元富-林園,2024-08-07,5927
00713,元大台灣高息低波,10,0,10,元富-林園,2024-08-07,5927
2349,錸德,15,5,10,元富-林園,2024-08-07,5927
2367,燿華,15,5,10,元富-林園,2024-08-07,5927
6180,橘子,12,2,10,元富-林園,2024-08-07,5927
6191,精成科,11,1,10,元富-林園,2024-08-07,5927
2542,興富發,10,1,9,元富-林園,2024-08-07,5927
2303,聯電,46,37,9,元富-林園,2024-08-07,5927
3036A,文曄甲特,9,0,9,元富-林園,2024-08-07,5927
00939,統一台灣高息動能,8,0,8,元富-林園,2024-08-07,5927
3013,晟銘電,13,5,8,元富-林園,2024-08-07,5927
5864,致和證,8,0,8,元富-林園,2024-08-07,5927
2314,台揚,7,0,7,元富-林園,2024-08-07,5927
2812,台中銀,7,0,7,元富-林園,2024-08-07,5927
1808,潤隆,7,1,6,元富-林園,2024-08-07,5927
2731,雄獅,6,0,6,元富-林園,2024-08-07,5927
2915,潤泰全,6,0,6,元富-林園,2024-08-07,5927
00923,群益台ESG低碳50,6,0,6,元富-林園,2024-08-07,5927
00680L,元大美債20正2,254,0,254,元富-林園,2024-08-08,5927
00688L,國泰20年美債正2,178,0,178,元富-林園,2024-08-08,5927
00679B,元大美債20年,94,1,93,元富-林園,2024-08-08,5927
00929,復華台灣科技優息,146,60,86,元富-林園,2024-08-08,5927
2610,華航,69,0,69,元富-林園,2024-08-08,5927
2324,仁寶,63,1,62,元富-林園,2024-08-08,5927
1313,聯成,50,0,50,元富-林園,2024-08-08,5927
5880,合庫金,43,0,43,元富-林園,2024-08-08,5927
2317,鴻海,71,31,40,元富-林園,2024-08-08,5927
3047,訊舟,53,14,39,元富-林園,2024-08-08,5927
00919,群益台灣精選高息,36,0,36,元富-林園,2024-08-08,5927
00878,國泰永續高股息,40,5,35,元富-林園,2024-08-08,5927
2409,友達,37,3,34,元富-林園,2024-08-08,5927
3379,彬台,51,20,31,元富-林園,2024-08-08,5927
00928,中信上櫃ESG30,27,0,27,元富-林園,2024-08-08,5927
00881,國泰台灣5G+,27,0,27,元富-林園,2024-08-08,5927
2365,昆盈,79,52,27,元富-林園,2024-08-08,5927
2892,第一金,24,0,24,元富-林園,2024-08-08,5927
00687B,國泰20年美債,26,3,23,元富-林園,2024-08-08,5927
2886,兆豐金,26,3,23,元富-林園,2024-08-08,5927
2603,長榮,23,1,22,元富-林園,2024-08-08,5927
2618,長榮航,28,7,21,元富-林園,2024-08-08,5927
3231,緯創,22,1,21,元富-林園,2024-08-08,5927
2330,台積電,25,4,21,元富-林園,2024-08-08,5927
2329,華泰,28,8,20,元富-林園,2024-08-08,5927
4960,誠美材,21,1,20,元富-林園,2024-08-08,5927
3706,神達,18,0,18,元富-林園,2024-08-08,5927
00915,凱基優選高股息30,18,0,18,元富-林園,2024-08-08,5927
00918,大華優利高填息30,17,0,17,元富-林園,2024-08-08,5927
8354,冠好,30,13,17,元富-林園,2024-08-08,5927
2382,廣達,26,11,15,元富-林園,2024-08-08,5927
2344,華邦電,16,1,15,元富-林園,2024-08-08,5927
0056,元大高股息,15,0,15,元富-林園,2024-08-08,5927
00858,永豐美國500大,14,0,14,元富-林園,2024-08-08,5927
00735,國泰臺韓科技,14,0,14,元富-林園,2024-08-08,5927
00690,兆豐藍籌30,13,0,13,元富-林園,2024-08-08,5927
4720,德淵,13,0,13,元富-林園,2024-08-08,5927
2486,一詮,12,0,12,元富-林園,2024-08-08,5927
6770,力積電,13,1,12,元富-林園,2024-08-08,5927
1326,台化,11,0,11,元富-林園,2024-08-08,5927
6213,聯茂,14,3,11,元富-林園,2024-08-08,5927
1304,台聚,10,0,10,元富-林園,2024-08-08,5927
2464,盟立,19,9,10,元富-林園,2024-08-08,5927
2836,高雄銀,10,0,10,元富-林園,2024-08-08,5927
4532,瑞智,10,0,10,元富-林園,2024-08-08,5927
5434,崇越,10,0,10,元富-林園,2024-08-08,5927
2882,國泰金,10,0,10,元富-林園,2024-08-08,5927
00733,富邦臺灣中小,9,0,9,元富-林園,2024-08-08,5927
00675L,富邦臺灣加權正2,9,0,9,元富-林園,2024-08-08,5927
2489,瑞軒,30,21,9,元富-林園,2024-08-08,5927
2883,凱基金,308,19,289,元富-林園,2024-08-09,5927
00937B,群益ESG投等債20,207,43,164,元富-林園,2024-08-09,5927
00679B,元大美債20年,144,1,143,元富-林園,2024-08-09,5927
00951,台新日本半導體,125,38,87,元富-林園,2024-08-09,5927
00680L,元大美債20正2,81,0,81,元富-林園,2024-08-09,5927
00715L,期街口布蘭特正2,50,2,48,元富-林園,2024-08-09,5927
2867,三商壽,40,0,40,元富-林園,2024-08-09,5927
2323,中環,30,0,30,元富-林園,2024-08-09,5927
8096,擎亞,34,5,29,元富-林園,2024-08-09,5927
00676R,富邦臺灣加權反1,25,0,25,元富-林園,2024-08-09,5927
00881,國泰台灣5G+,25,1,24,元富-林園,2024-08-09,5927
2371,大同,44,20,24,元富-林園,2024-08-09,5927
2882,國泰金,47,28,19,元富-林園,2024-08-09,5927
00665L,富邦�琤肭磪囓�2,20,3,17,元富-林園,2024-08-09,5927
00632R,元大台灣50反1,56,40,16,元富-林園,2024-08-09,5927
5439,高技,16,0,16,元富-林園,2024-08-09,5927
00949,復華日本龍頭,15,0,15,元富-林園,2024-08-09,5927
2401,凌陽,26,11,15,元富-林園,2024-08-09,5927
00878,國泰永續高股息,18,4,14,元富-林園,2024-08-09,5927
00720B,元大投資級公司債,13,0,13,元富-林園,2024-08-09,5927
2515,中工,22,11,11,元富-林園,2024-08-09,5927
2312,金寶,34,24,10,元富-林園,2024-08-09,5927
00931B,統一美債20年,13,3,10,元富-林園,2024-08-09,5927
00688L,國泰20年美債正2,10,0,10,元富-林園,2024-08-09,5927
1102,亞泥,10,0,10,元富-林園,2024-08-09,5927
2801,彰銀,10,0,10,元富-林園,2024-08-09,5927
3379,彬台,25,15,10,元富-林園,2024-08-09,5927
4720,德淵,10,0,10,元富-林園,2024-08-09,5927
5701,劍湖山,10,0,10,元富-林園,2024-08-09,5927
6126,信音,12,2,10,元富-林園,2024-08-09,5927
0056,元大高股息,10,1,9,元富-林園,2024-08-09,5927
00664R,國泰臺灣加權反1,10,1,9,元富-林園,2024-08-09,5927
3489,森寶,9,0,9,元富-林園,2024-08-09,5927
9902,台火,10,1,9,元富-林園,2024-08-09,5927
3580,友威科,13,5,8,元富-林園,2024-08-09,5927
1609,大亞,21,13,8,元富-林園,2024-08-09,5927
2506,太設,8,0,8,元富-林園,2024-08-09,5927
4979,華星光,8,0,8,元富-林園,2024-08-09,5927
5225,東科-KY,10,2,8,元富-林園,2024-08-09,5927
5443,均豪,12,4,8,元富-林園,2024-08-09,5927
6005,群益證,7,0,7,元富-林園,2024-08-09,5927
2615,萬海,29,22,7,元富-林園,2024-08-09,5927
1301,台塑,10,3,7,元富-林園,2024-08-09,5927
00948B,中信優息投資級債,6,0,6,元富-林園,2024-08-09,5927
2353,宏��,35,29,6,元富-林園,2024-08-09,5927
5452,佶優,6,0,6,元富-林園,2024-08-09,5927
5531,鄉林,12,6,6,元富-林園,2024-08-09,5927
6603,富強鑫,8,2,6,元富-林園,2024-08-09,5927
9925,新保,6,0,6,元富-林園,2024-08-09,5927
2636,台驊控股,5,0,5,元富-林園,2024-08-09,5927
2392,正崴,108,1,107,元富-林園,2024-08-12,5927
00632R,元大台灣50反1,615,530,85,元富-林園,2024-08-12,5927
2883,凱基金,88,5,83,元富-林園,2024-08-12,5927
00764B,群益25年美債,60,0,60,元富-林園,2024-08-12,5927
2353,宏��,54,3,51,元富-林園,2024-08-12,5927
00881,國泰台灣5G+,51,3,48,元富-林園,2024-08-12,5927
00715L,期街口布蘭特正2,50,3,47,元富-林園,2024-08-12,5927
00900,富邦特選高股息30,47,0,47,元富-林園,2024-08-12,5927
4562,穎漢,68,25,43,元富-林園,2024-08-12,5927
00878,國泰永續高股息,48,8,40,元富-林園,2024-08-12,5927
1305,華夏,30,0,30,元富-林園,2024-08-12,5927
2312,金寶,85,56,29,元富-林園,2024-08-12,5927
2359,所羅門,52,24,28,元富-林園,2024-08-12,5927
00936,台新永續高息中小,26,0,26,元富-林園,2024-08-12,5927
1326,台化,23,0,23,元富-林園,2024-08-12,5927
00680L,元大美債20正2,22,0,22,元富-林園,2024-08-12,5927
3715,定穎投控,26,4,22,元富-林園,2024-08-12,5927
1714,和桐,20,0,20,元富-林園,2024-08-12,5927
8028,昇陽半導體,21,1,20,元富-林園,2024-08-12,5927
3712,永崴投控,19,0,19,元富-林園,2024-08-12,5927
00929,復華台灣科技優息,90,72,18,元富-林園,2024-08-12,5927
2610,華航,30,12,18,元富-林園,2024-08-12,5927
2845,遠東銀,20,2,18,元富-林園,2024-08-12,5927
00919,群益台灣精選高息,26,10,16,元富-林園,2024-08-12,5927
3581,博磊,16,0,16,元富-林園,2024-08-12,5927
9105,泰金寶-DR,24,10,14,元富-林園,2024-08-12,5927
2317,鴻海,29,16,13,元富-林園,2024-08-12,5927
1609,大亞,22,9,13,元富-林園,2024-08-12,5927
2881,富邦金,13,0,13,元富-林園,2024-08-12,5927
1316,上曜,14,2,12,元富-林園,2024-08-12,5927
6156,松上,12,0,12,元富-林園,2024-08-12,5927
8043,蜜望實,19,7,12,元富-林園,2024-08-12,5927
1314,中石化,13,2,11,元富-林園,2024-08-12,5927
2605,新興,12,1,11,元富-林園,2024-08-12,5927
8358,金居,14,3,11,元富-林園,2024-08-12,5927
1216,統一,10,0,10,元富-林園,2024-08-12,5927
00676R,富邦臺灣加權反1,10,0,10,元富-林園,2024-08-12,5927
00664R,國泰臺灣加權反1,10,0,10,元富-林園,2024-08-12,5927
2515,中工,12,2,10,元富-林園,2024-08-12,5927
4720,德淵,10,0,10,元富-林園,2024-08-12,5927
8040,九暘,10,0,10,元富-林園,2024-08-12,5927
3041,揚智,10,1,9,元富-林園,2024-08-12,5927
1301,台塑,10,2,8,元富-林園,2024-08-12,5927
3189,景碩,13,5,8,元富-林園,2024-08-12,5927
4513,福裕,8,0,8,元富-林園,2024-08-12,5927
4523,永彰,8,0,8,元富-林園,2024-08-12,5927
4533,協易機,10,2,8,元富-林園,2024-08-12,5927
4540,全球傳動,16,8,8,元富-林園,2024-08-12,5927
5452,佶優,8,0,8,元富-林園,2024-08-12,5927
00665L,富邦�琤肭磪囓�2,10,3,7,元富-林園,2024-08-12,5927
00929,復華台灣科技優息,114,17,97,元富-林園,2024-08-13,5927
2891,中信金,93,2,91,元富-林園,2024-08-13,5927
2867,三商壽,60,0,60,元富-林園,2024-08-13,5927
2609,陽明,76,20,56,元富-林園,2024-08-13,5927
2382,廣達,58,6,52,元富-林園,2024-08-13,5927
2489,瑞軒,50,9,41,元富-林園,2024-08-13,5927
2369,菱生,38,1,37,元富-林園,2024-08-13,5927
2880,華南金,32,0,32,元富-林園,2024-08-13,5927
00900,富邦特選高股息30,30,0,30,元富-林園,2024-08-13,5927
00680L,元大美債20正2,27,0,27,元富-林園,2024-08-13,5927
1314,中石化,25,0,25,元富-林園,2024-08-13,5927
2610,華航,30,5,25,元富-林園,2024-08-13,5927
00881,國泰台灣5G+,22,0,22,元富-林園,2024-08-13,5927
2615,萬海,48,26,22,元富-林園,2024-08-13,5927
2008,高興昌,21,0,21,元富-林園,2024-08-13,5927
2540,愛山林,20,0,20,元富-林園,2024-08-13,5927
1513,中興電,28,9,19,元富-林園,2024-08-13,5927
2313,華通,27,8,19,元富-林園,2024-08-13,5927
1708,東鹼,23,5,18,元富-林園,2024-08-13,5927
3663,鑫科,34,17,17,元富-林園,2024-08-13,5927
00637L,元大滬深300正2,15,0,15,元富-林園,2024-08-13,5927
1326,台化,14,0,14,元富-林園,2024-08-13,5927
2243,宏旭-KY,13,0,13,元富-林園,2024-08-13,5927
2520,冠德,21,8,13,元富-林園,2024-08-13,5927
2002,中鋼,14,2,12,元富-林園,2024-08-13,5927
2405,輔信,12,0,12,元富-林園,2024-08-13,5927
2886,兆豐金,11,0,11,元富-林園,2024-08-13,5927
00632R,元大台灣50反1,60,50,10,元富-林園,2024-08-13,5927
00712,復華富時不動產,10,0,10,元富-林園,2024-08-13,5927
9945,潤泰新,10,0,10,元富-林園,2024-08-13,5927
2527,宏璟,10,0,10,元富-林園,2024-08-13,5927
3022,威強電,10,0,10,元富-林園,2024-08-13,5927
5230,雷笛克光學,10,0,10,元富-林園,2024-08-13,5927
6278,台表科,10,0,10,元富-林園,2024-08-13,5927
2892,第一金,9,0,9,元富-林園,2024-08-13,5927
00679B,元大美債20年,11,2,9,元富-林園,2024-08-13,5927
00923,群益台ESG低碳50,8,0,8,元富-林園,2024-08-13,5927
3062,建漢,27,19,8,元富-林園,2024-08-13,5927
00642U,期元大S＆P石油,7,0,7,元富-林園,2024-08-13,5927
3231,緯創,16,9,7,元富-林園,2024-08-13,5927
4979,華星光,9,2,7,元富-林園,2024-08-13,5927
6269,台郡,9,2,7,元富-林園,2024-08-13,5927
8390,金益鼎,7,0,7,元富-林園,2024-08-13,5927
1301,台塑,6,0,6,元富-林園,2024-08-13,5927
1597,直得,8,2,6,元富-林園,2024-08-13,5927
1815,富喬,7,1,6,元富-林園,2024-08-13,5927
2356,英業達,18,12,6,元富-林園,2024-08-13,5927
2476,鉅祥,6,0,6,元富-林園,2024-08-13,5927
4903,聯光通,6,0,6,元富-林園,2024-08-13,5927
5880,合庫金,6,0,6,元富-林園,2024-08-13,5927
00637L,元大滬深300正2,130,0,130,元富-林園,2024-08-14,5927
2392,正崴,75,2,73,元富-林園,2024-08-14,5927
2356,英業達,72,7,65,元富-林園,2024-08-14,5927
00937B,群益ESG投等債20,60,10,50,元富-林園,2024-08-14,5927
3030,德律,50,0,50,元富-林園,2024-08-14,5927
8043,蜜望實,63,14,49,元富-林園,2024-08-14,5927
00680L,元大美債20正2,48,0,48,元富-林園,2024-08-14,5927
00918,大華優利高填息30,40,0,40,元富-林園,2024-08-14,5927
00881,國泰台灣5G+,38,1,37,元富-林園,2024-08-14,5927
9945,潤泰新,36,2,34,元富-林園,2024-08-14,5927
3202,樺晟,35,1,34,元富-林園,2024-08-14,5927
2887,台新金,36,5,31,元富-林園,2024-08-14,5927
00951,台新日本半導體,30,0,30,元富-林園,2024-08-14,5927
00882,中信中國高股息,28,0,28,元富-林園,2024-08-14,5927
2489,瑞軒,32,9,23,元富-林園,2024-08-14,5927
4534,慶騰,21,0,21,元富-林園,2024-08-14,5927
00900,富邦特選高股息30,21,1,20,元富-林園,2024-08-14,5927
8936,國統,15,0,15,元富-林園,2024-08-14,5927
00932,兆豐永續高息等權,15,0,15,元富-林園,2024-08-14,5927
5202,力新,15,0,15,元富-林園,2024-08-14,5927
3041,揚智,14,0,14,元富-林園,2024-08-14,5927
1316,上曜,13,0,13,元富-林園,2024-08-14,5927
2801,彰銀,23,10,13,元富-林園,2024-08-14,5927
3596,智易,13,0,13,元富-林園,2024-08-14,5927
2317,鴻海,37,25,12,元富-林園,2024-08-14,5927
1301,台塑,12,0,12,元富-林園,2024-08-14,5927
1608,華榮,14,2,12,元富-林園,2024-08-14,5927
2486,一詮,12,0,12,元富-林園,2024-08-14,5927
5386,青雲,12,0,12,元富-林園,2024-08-14,5927
8064,東捷,17,5,12,元富-林園,2024-08-14,5927
2929,淘帝-KY,11,0,11,元富-林園,2024-08-14,5927
8028,昇陽半導體,17,6,11,元富-林園,2024-08-14,5927
2884,玉山金,11,0,11,元富-林園,2024-08-14,5927
00676R,富邦臺灣加權反1,10,0,10,元富-林園,2024-08-14,5927
00706L,期元大S＆P日圓正2,10,0,10,元富-林園,2024-08-14,5927
00632R,元大台灣50反1,10,0,10,元富-林園,2024-08-14,5927
00650L,復華香港正2,10,0,10,元富-林園,2024-08-14,5927
1312,國喬,10,0,10,元富-林園,2024-08-14,5927
1441,大東,10,0,10,元富-林園,2024-08-14,5927
1584,精剛,11,1,10,元富-林園,2024-08-14,5927
1609,大亞,27,17,10,元富-林園,2024-08-14,5927
2014,中鴻,10,0,10,元富-林園,2024-08-14,5927
2359,所羅門,31,21,10,元富-林園,2024-08-14,5927
2453,凌群,10,0,10,元富-林園,2024-08-14,5927
2754,亞洲藏壽司,10,0,10,元富-林園,2024-08-14,5927
3580,友威科,21,11,10,元富-林園,2024-08-14,5927
5014,建錩,10,0,10,元富-林園,2024-08-14,5927
6560,欣普羅,10,0,10,元富-林園,2024-08-14,5927
8049,晶采,10,0,10,元富-林園,2024-08-14,5927
2809,京城銀,9,0,9,元富-林園,2024-08-14,5927
2349,錸德,89,17,72,元富-林園,2024-08-15,5927
2867,三商壽,163,105,58,元富-林園,2024-08-15,5927
1314,中石化,57,0,57,元富-林園,2024-08-15,5927
00878,國泰永續高股息,58,3,55,元富-林園,2024-08-15,5927
3030,德律,50,0,50,元富-林園,2024-08-15,5927
1101,台泥,61,14,47,元富-林園,2024-08-15,5927
00919,群益台灣精選高息,44,0,44,元富-林園,2024-08-15,5927
00900,富邦特選高股息30,45,4,41,元富-林園,2024-08-15,5927
2317,鴻海,56,16,40,元富-林園,2024-08-15,5927
2376,技嘉,64,27,37,元富-林園,2024-08-15,5927
2888,新光金,61,27,34,元富-林園,2024-08-15,5927
5011,久陽,33,0,33,元富-林園,2024-08-15,5927
2371,大同,31,1,30,元富-林園,2024-08-15,5927
4523,永彰,37,12,25,元富-林園,2024-08-15,5927
00632R,元大台灣50反1,115,91,24,元富-林園,2024-08-15,5927
00937B,群益ESG投等債20,31,9,22,元富-林園,2024-08-15,5927
2887,台新金,26,4,22,元富-林園,2024-08-15,5927
3689,湧德,22,2,20,元富-林園,2024-08-15,5927
3673,TPK-KY,21,2,19,元富-林園,2024-08-15,5927
4540,全球傳動,37,20,17,元富-林園,2024-08-15,5927
5371,中光電,18,1,17,元富-林園,2024-08-15,5927
2002,中鋼,16,0,16,元富-林園,2024-08-15,5927
5515,建國,16,0,16,元富-林園,2024-08-15,5927
2883,凱基金,16,1,15,元富-林園,2024-08-15,5927
1513,中興電,22,8,14,元富-林園,2024-08-15,5927
2449,京元電子,17,5,12,元富-林園,2024-08-15,5927
00881,國泰台灣5G+,12,0,12,元富-林園,2024-08-15,5927
4726,永昕,12,0,12,元富-林園,2024-08-15,5927
00936,台新永續高息中小,11,0,11,元富-林園,2024-08-15,5927
1216,統一,11,0,11,元富-林園,2024-08-15,5927
3023,信邦,11,0,11,元富-林園,2024-08-15,5927
8150,南茂,11,0,11,元富-林園,2024-08-15,5927
2812,台中銀,10,0,10,元富-林園,2024-08-15,5927
00671R,富邦NASDAQ反1,10,0,10,元富-林園,2024-08-15,5927
3060,銘異,10,0,10,元富-林園,2024-08-15,5927
4720,德淵,10,0,10,元富-林園,2024-08-15,5927
5512,力麒,10,0,10,元富-林園,2024-08-15,5927
8033,雷虎,10,0,10,元富-林園,2024-08-15,5927
2301,光寶科,13,4,9,元富-林園,2024-08-15,5927
6770,力積電,9,0,9,元富-林園,2024-08-15,5927
4562,穎漢,48,40,8,元富-林園,2024-08-15,5927
0056,元大高股息,7,0,7,元富-林園,2024-08-15,5927
00687B,國泰20年美債,9,2,7,元富-林園,2024-08-15,5927
1326,台化,7,0,7,元富-林園,2024-08-15,5927
2382,廣達,12,5,7,元富-林園,2024-08-15,5927
6207,雷科,18,11,7,元富-林園,2024-08-15,5927
2892,第一金,6,0,6,元富-林園,2024-08-15,5927
2208,台船,6,0,6,元富-林園,2024-08-15,5927
2352,佳世達,13,7,6,元富-林園,2024-08-15,5927
3374,精材,20,14,6,元富-林園,2024-08-15,5927
00712,復華富時不動產,246,0,246,元富-林園,2024-08-16,5927
00932,兆豐永續高息等權,65,0,65,元富-林園,2024-08-16,5927
00632R,元大台灣50反1,181,124,57,元富-林園,2024-08-16,5927
00676R,富邦臺灣加權反1,35,0,35,元富-林園,2024-08-16,5927
00919,群益台灣精選高息,35,1,34,元富-林園,2024-08-16,5927
00881,國泰台灣5G+,52,24,28,元富-林園,2024-08-16,5927
3596,智易,25,0,25,元富-林園,2024-08-16,5927
2812,台中銀,23,0,23,元富-林園,2024-08-16,5927
2489,瑞軒,26,4,22,元富-林園,2024-08-16,5927
00679B,元大美債20年,23,1,22,元富-林園,2024-08-16,5927
2371,大同,31,10,21,元富-林園,2024-08-16,5927
2323,中環,41,20,21,元富-林園,2024-08-16,5927
2867,三商壽,21,0,21,元富-林園,2024-08-16,5927
00673R,期元大S＆P原油反1,20,0,20,元富-林園,2024-08-16,5927
3030,德律,20,0,20,元富-林園,2024-08-16,5927
6016,康和證,20,0,20,元富-林園,2024-08-16,5927
2881,富邦金,22,5,17,元富-林園,2024-08-16,5927
2365,昆盈,30,15,15,元富-林園,2024-08-16,5927
4303,信立,15,0,15,元富-林園,2024-08-16,5927
5371,中光電,15,1,14,元富-林園,2024-08-16,5927
1785,光洋科,28,14,14,元富-林園,2024-08-16,5927
00900,富邦特選高股息30,13,0,13,元富-林園,2024-08-16,5927
00937B,群益ESG投等債20,14,1,13,元富-林園,2024-08-16,5927
3545,敦泰,12,0,12,元富-林園,2024-08-16,5927
3339,泰谷,12,0,12,元富-林園,2024-08-16,5927
00936,台新永續高息中小,11,0,11,元富-林園,2024-08-16,5927
00664R,國泰臺灣加權反1,16,5,11,元富-林園,2024-08-16,5927
1609,大亞,18,7,11,元富-林園,2024-08-16,5927
00764B,群益25年美債,10,0,10,元富-林園,2024-08-16,5927
1314,中石化,13,3,10,元富-林園,2024-08-16,5927
2397,友通,14,4,10,元富-林園,2024-08-16,5927
2516,新建,10,0,10,元富-林園,2024-08-16,5927
2540,愛山林,10,0,10,元富-林園,2024-08-16,5927
3516,亞帝歐,10,0,10,元富-林園,2024-08-16,5927
00931B,統一美債20年,9,0,9,元富-林園,2024-08-16,5927
2363,矽統,16,7,9,元富-林園,2024-08-16,5927
6228,全譜,9,0,9,元富-林園,2024-08-16,5927
6875,國邑*,10,1,9,元富-林園,2024-08-16,5927
00929,復華台灣科技優息,27,19,8,元富-林園,2024-08-16,5927
1584,精剛,8,0,8,元富-林園,2024-08-16,5927
2845,遠東銀,8,0,8,元富-林園,2024-08-16,5927
3498,陽程,12,4,8,元富-林園,2024-08-16,5927
3673,TPK-KY,12,4,8,元富-林園,2024-08-16,5927
4562,穎漢,24,17,7,元富-林園,2024-08-16,5927
4714,永捷,9,2,7,元富-林園,2024-08-16,5927
6290,良維,7,0,7,元富-林園,2024-08-16,5927
6788,華景電,7,0,7,元富-林園,2024-08-16,5927
006208,富邦台50,7,0,7,元富-林園,2024-08-16,5927
00687B,國泰20年美債,6,0,6,元富-林園,2024-08-16,5927
2412,中華電,6,0,6,元富-林園,2024-08-16,5927
2883,凱基金,152,6,146,元富-林園,2024-08-19,5927
00905,FT臺灣Smart,76,0,76,元富-林園,2024-08-19,5927
00932,兆豐永續高息等權,70,0,70,元富-林園,2024-08-19,5927
00912,中信臺灣智慧50,53,0,53,元富-林園,2024-08-19,5927
2354,鴻準,59,9,50,元富-林園,2024-08-19,5927
00929,復華台灣科技優息,102,55,47,元富-林園,2024-08-19,5927
00706L,期元大S＆P日圓正2,35,0,35,元富-林園,2024-08-19,5927
00937B,群益ESG投等債20,33,0,33,元富-林園,2024-08-19,5927
1785,光洋科,33,3,30,元富-林園,2024-08-19,5927
00671R,富邦NASDAQ反1,30,0,30,元富-林園,2024-08-19,5927
00712,復華富時不動產,28,0,28,元富-林園,2024-08-19,5927
4566,時碩工業,32,5,27,元富-林園,2024-08-19,5927
3535,晶彩科,34,8,26,元富-林園,2024-08-19,5927
00936,台新永續高息中小,35,12,23,元富-林園,2024-08-19,5927
5452,佶優,21,0,21,元富-林園,2024-08-19,5927
00650L,復華香港正2,19,0,19,元富-林園,2024-08-19,5927
2421,建準,20,1,19,元富-林園,2024-08-19,5927
3188,鑫龍騰,17,0,17,元富-林園,2024-08-19,5927
3490,單井,17,0,17,元富-林園,2024-08-19,5927
6125,廣運,22,5,17,元富-林園,2024-08-19,5927
9904,寶成,19,3,16,元富-林園,2024-08-19,5927
00637L,元大滬深300正2,15,0,15,元富-林園,2024-08-19,5927
2356,英業達,17,2,15,元富-林園,2024-08-19,5927
0056,元大高股息,14,0,14,元富-林園,2024-08-19,5927
6176,瑞儀,19,6,13,元富-林園,2024-08-19,5927
4916,事欣科,13,0,13,元富-林園,2024-08-19,5927
3231,緯創,14,2,12,元富-林園,2024-08-19,5927
00933B,國泰10Y+金融債,12,0,12,元富-林園,2024-08-19,5927
2401,凌陽,25,13,12,元富-林園,2024-08-19,5927
2891,中信金,13,2,11,元富-林園,2024-08-19,5927
2312,金寶,44,33,11,元富-林園,2024-08-19,5927
2344,華邦電,13,2,11,元富-林園,2024-08-19,5927
00632R,元大台灣50反1,10,0,10,元富-林園,2024-08-19,5927
1503,士電,12,2,10,元富-林園,2024-08-19,5927
6122,擎邦,10,0,10,元富-林園,2024-08-19,5927
00687B,國泰20年美債,10,1,9,元富-林園,2024-08-19,5927
1569,濱川,9,0,9,元富-林園,2024-08-19,5927
2367,燿華,11,2,9,元富-林園,2024-08-19,5927
3419,譁裕,9,0,9,元富-林園,2024-08-19,5927
6278,台表科,9,0,9,元富-林園,2024-08-19,5927
00919,群益台灣精選高息,14,6,8,元富-林園,2024-08-19,5927
00907,永豐優息存股,8,0,8,元富-林園,2024-08-19,5927
2362,藍天,10,2,8,元富-林園,2024-08-19,5927
2882,國泰金,10,2,8,元富-林園,2024-08-19,5927
2464,盟立,22,14,8,元富-林園,2024-08-19,5927
2363,矽統,11,4,7,元富-林園,2024-08-19,5927
2867,三商壽,7,0,7,元富-林園,2024-08-19,5927
1513,中興電,8,1,7,元富-林園,2024-08-19,5927
00664R,國泰臺灣加權反1,7,0,7,元富-林園,2024-08-19,5927
1101,台泥,7,0,7,元富-林園,2024-08-19,5927
00637L,元大滬深300正2,330,40,290,元富-林園,2024-08-20,5927
2891,中信金,182,0,182,元富-林園,2024-08-20,5927
00665L,富邦�琤肭磪囓�2,150,0,150,元富-林園,2024-08-20,5927
2356,英業達,108,32,76,元富-林園,2024-08-20,5927
00632R,元大台灣50反1,183,120,63,元富-林園,2024-08-20,5927
00937B,群益ESG投等債20,63,15,48,元富-林園,2024-08-20,5927
00927,群益半導體收益,52,5,47,元富-林園,2024-08-20,5927
00948B,中信優息投資級債,50,3,47,元富-林園,2024-08-20,5927
00706L,期元大S＆P日圓正2,40,0,40,元富-林園,2024-08-20,5927
2208,台船,35,0,35,元富-林園,2024-08-20,5927
00923,群益台ESG低碳50,29,0,29,元富-林園,2024-08-20,5927
1326,台化,27,1,26,元富-林園,2024-08-20,5927
1714,和桐,25,0,25,元富-林園,2024-08-20,5927
3580,友威科,26,3,23,元富-林園,2024-08-20,5927
00715L,期街口布蘭特正2,21,0,21,元富-林園,2024-08-20,5927
00936,台新永續高息中小,21,0,21,元富-林園,2024-08-20,5927
2845,遠東銀,20,0,20,元富-林園,2024-08-20,5927
3265,台星科,20,0,20,元富-林園,2024-08-20,5927
6125,廣運,36,16,20,元富-林園,2024-08-20,5927
2312,金寶,52,32,20,元富-林園,2024-08-20,5927
2489,瑞軒,19,0,19,元富-林園,2024-08-20,5927
8028,昇陽半導體,33,16,17,元富-林園,2024-08-20,5927
8105,凌巨,17,0,17,元富-林園,2024-08-20,5927
2883,凱基金,17,0,17,元富-林園,2024-08-20,5927
2352,佳世達,13,0,13,元富-林園,2024-08-20,5927
00687B,國泰20年美債,13,0,13,元富-林園,2024-08-20,5927
2409,友達,13,0,13,元富-林園,2024-08-20,5927
3707,漢磊,18,5,13,元富-林園,2024-08-20,5927
00731,復華富時高息低波,12,0,12,元富-林園,2024-08-20,5927
00956,中信日經高股息,12,0,12,元富-林園,2024-08-20,5927
1785,光洋科,26,14,12,元富-林園,2024-08-20,5927
2492,華新科,13,1,12,元富-林園,2024-08-20,5927
2540,愛山林,12,0,12,元富-林園,2024-08-20,5927
3047,訊舟,30,19,11,元富-林園,2024-08-20,5927
4562,穎漢,16,5,11,元富-林園,2024-08-20,5927
1314,中石化,12,2,10,元富-林園,2024-08-20,5927
2034,允強,10,0,10,元富-林園,2024-08-20,5927
2481,強茂,11,1,10,元富-林園,2024-08-20,5927
2488,漢平,11,1,10,元富-林園,2024-08-20,5927
2545,皇翔,10,0,10,元富-林園,2024-08-20,5927
3213,茂訊,10,0,10,元富-林園,2024-08-20,5927
4154,樂威科-KY,10,0,10,元富-林園,2024-08-20,5927
4564,元翎,14,4,10,元富-林園,2024-08-20,5927
6112,邁達特,10,0,10,元富-林園,2024-08-20,5927
4513,福裕,9,0,9,元富-林園,2024-08-20,5927
8064,東捷,27,18,9,元富-林園,2024-08-20,5927
2609,陽明,24,16,8,元富-林園,2024-08-20,5927
1303,南亞,9,1,8,元富-林園,2024-08-20,5927
3059,華晶科,8,0,8,元富-林園,2024-08-20,5927
5905,南仁湖,11,3,8,元富-林園,2024-08-20,5927
2891,中信金,512,1,511,元富-林園,2024-08-21,5927
00687B,國泰20年美債,225,0,225,元富-林園,2024-08-21,5927
00680L,元大美債20正2,180,0,180,元富-林園,2024-08-21,5927
2888,新光金,506,378,128,元富-林園,2024-08-21,5927
2867,三商壽,100,0,100,元富-林園,2024-08-21,5927
2317,鴻海,104,5,99,元富-林園,2024-08-21,5927
00632R,元大台灣50反1,99,1,98,元富-林園,2024-08-21,5927
2349,錸德,129,39,90,元富-林園,2024-08-21,5927
2409,友達,33,0,33,元富-林園,2024-08-21,5927
00637L,元大滬深300正2,120,90,30,元富-林園,2024-08-21,5927
9945,潤泰新,30,1,29,元富-林園,2024-08-21,5927
1609,大亞,36,7,29,元富-林園,2024-08-21,5927
00712,復華富時不動產,25,0,25,元富-林園,2024-08-21,5927
00931B,統一美債20年,20,0,20,元富-林園,2024-08-21,5927
5309,系統電,20,0,20,元富-林園,2024-08-21,5927
1409,新纖,19,1,18,元富-林園,2024-08-21,5927
3535,晶彩科,35,19,16,元富-林園,2024-08-21,5927
8926,台汽電,15,0,15,元富-林園,2024-08-21,5927
2356,英業達,22,8,14,元富-林園,2024-08-21,5927
3702A,大聯大甲特,14,0,14,元富-林園,2024-08-21,5927
2354,鴻準,22,9,13,元富-林園,2024-08-21,5927
4726,永昕,13,0,13,元富-林園,2024-08-21,5927
1443,立益物流,10,0,10,元富-林園,2024-08-21,5927
1470,大統新創,10,0,10,元富-林園,2024-08-21,5927
2483,百容,10,0,10,元富-林園,2024-08-21,5927
2497,怡利電,11,1,10,元富-林園,2024-08-21,5927
4154,樂威科-KY,10,0,10,元富-林園,2024-08-21,5927
6167,久正,10,0,10,元富-林園,2024-08-21,5927
6208,日揚,10,0,10,元富-林園,2024-08-21,5927
8039,台虹,10,0,10,元富-林園,2024-08-21,5927
00878,國泰永續高股息,9,0,9,元富-林園,2024-08-21,5927
1815,富喬,12,3,9,元富-林園,2024-08-21,5927
2344,華邦電,12,3,9,元富-林園,2024-08-21,5927
3712,永崴投控,9,0,9,元富-林園,2024-08-21,5927
6806,森崴能源,9,1,8,元富-林園,2024-08-21,5927
2243,宏旭-KY,14,6,8,元富-林園,2024-08-21,5927
3312,弘憶股,12,4,8,元富-林園,2024-08-21,5927
1326,台化,12,5,7,元富-林園,2024-08-21,5927
1785,光洋科,9,2,7,元富-林園,2024-08-21,5927
1303,南亞,8,2,6,元富-林園,2024-08-21,5927
1319,東陽,6,0,6,元富-林園,2024-08-21,5927
2489,瑞軒,27,21,6,元富-林園,2024-08-21,5927
3167,大量,11,5,6,元富-林園,2024-08-21,5927
4111,濟生,6,0,6,元富-林園,2024-08-21,5927
8064,東捷,31,25,6,元富-林園,2024-08-21,5927
6462,神盾,7,1,6,元富-林園,2024-08-21,5927
00951,台新日本半導體,5,0,5,元富-林園,2024-08-21,5927
00940,元大台灣價值高息,9,4,5,元富-林園,2024-08-21,5927
00679B,元大美債20年,11,6,5,元富-林園,2024-08-21,5927
00795B,中信美國公債20年,5,0,5,元富-林園,2024-08-21,5927
00688L,國泰20年美債正2,235,0,235,元富-林園,2024-08-22,5927
00919,群益台灣精選高息,64,2,62,元富-林園,2024-08-22,5927
8104,錸寶,33,1,32,元富-林園,2024-08-22,5927
3047,訊舟,42,13,29,元富-林園,2024-08-22,5927
00715L,期街口布蘭特正2,28,0,28,元富-林園,2024-08-22,5927
2890,永豐金,25,0,25,元富-林園,2024-08-22,5927
00940,元大台灣價值高息,27,3,24,元富-林園,2024-08-22,5927
2537,聯上發,26,4,22,元富-林園,2024-08-22,5927
2891,中信金,32,11,21,元富-林園,2024-08-22,5927
00669R,國泰美國道瓊反1,20,0,20,元富-林園,2024-08-22,5927
00929,復華台灣科技優息,23,3,20,元富-林園,2024-08-22,5927
8105,凌巨,20,1,19,元富-林園,2024-08-22,5927
2330,台積電,16,0,16,元富-林園,2024-08-22,5927
2382,廣達,18,2,16,元富-林園,2024-08-22,5927
4540,全球傳動,16,0,16,元富-林園,2024-08-22,5927
00878,國泰永續高股息,15,0,15,元富-林園,2024-08-22,5927
2062,橋椿,33,19,14,元富-林園,2024-08-22,5927
8096,擎亞,24,11,13,元富-林園,2024-08-22,5927
2881,富邦金,12,0,12,元富-林園,2024-08-22,5927
2316,楠梓電,12,0,12,元富-林園,2024-08-22,5927
1513,中興電,19,8,11,元富-林園,2024-08-22,5927
2439,美律,11,0,11,元富-林園,2024-08-22,5927
4306,炎洲,11,0,11,元富-林園,2024-08-22,5927
2883,凱基金,11,0,11,元富-林園,2024-08-22,5927
00956,中信日經高股息,10,0,10,元富-林園,2024-08-22,5927
1319,東陽,10,0,10,元富-林園,2024-08-22,5927
2349,錸德,249,239,10,元富-林園,2024-08-22,5927
2492,華新科,10,0,10,元富-林園,2024-08-22,5927
4903,聯光通,11,1,10,元富-林園,2024-08-22,5927
2317,鴻海,21,11,10,元富-林園,2024-08-22,5927
2367,燿華,12,2,10,元富-林園,2024-08-22,5927
1522,堤維西,9,0,9,元富-林園,2024-08-22,5927
3455,由田,10,1,9,元富-林園,2024-08-22,5927
4174,浩鼎,14,5,9,元富-林園,2024-08-22,5927
1514,亞力,9,1,8,元富-林園,2024-08-22,5927
2356,英業達,16,8,8,元富-林園,2024-08-22,5927
3535,晶彩科,18,10,8,元富-林園,2024-08-22,5927
8064,東捷,17,9,8,元富-林園,2024-08-22,5927
9902,台火,8,0,8,元富-林園,2024-08-22,5927
2834,臺企銀,7,0,7,元富-林園,2024-08-22,5927
2233,宇隆,7,0,7,元富-林園,2024-08-22,5927
2609,陽明,9,2,7,元富-林園,2024-08-22,5927
3019,亞光,14,7,7,元富-林園,2024-08-22,5927
3711,日月光投控,6,0,6,元富-林園,2024-08-22,5927
1314,中石化,7,1,6,元富-林園,2024-08-22,5927
1584,精剛,10,4,6,元富-林園,2024-08-22,5927
3231,緯創,10,4,6,元富-林園,2024-08-22,5927
4532,瑞智,6,0,6,元富-林園,2024-08-22,5927
5443,均豪,13,7,6,元富-林園,2024-08-22,5927
5469,瀚宇博,6,0,6,元富-林園,2024-08-22,5927
00937B,群益ESG投等債20,110,10,100,元富-林園,2024-08-23,5927
00688L,國泰20年美債正2,84,0,84,元富-林園,2024-08-23,5927
00929,復華台灣科技優息,80,0,80,元富-林園,2024-08-23,5927
2891,中信金,107,30,77,元富-林園,2024-08-23,5927
00680L,元大美債20正2,63,1,62,元富-林園,2024-08-23,5927
00632R,元大台灣50反1,565,509,56,元富-林園,2024-08-23,5927
1314,中石化,57,7,50,元富-林園,2024-08-23,5927
8039,台虹,61,25,36,元富-林園,2024-08-23,5927
3189,景碩,38,5,33,元富-林園,2024-08-23,5927
4906,正文,30,0,30,元富-林園,2024-08-23,5927
6208,日揚,32,2,30,元富-林園,2024-08-23,5927
00715L,期街口布蘭特正2,30,2,28,元富-林園,2024-08-23,5927
2392,正崴,27,2,25,元富-林園,2024-08-23,5927
00940,元大台灣價值高息,33,10,23,元富-林園,2024-08-23,5927
3030,德律,20,0,20,元富-林園,2024-08-23,5927
4513,福裕,21,3,18,元富-林園,2024-08-23,5927
00878,國泰永續高股息,18,0,18,元富-林園,2024-08-23,5927
00951,台新日本半導體,22,5,17,元富-林園,2024-08-23,5927
2243,宏旭-KY,17,0,17,元富-林園,2024-08-23,5927
00679B,元大美債20年,16,0,16,元富-林園,2024-08-23,5927
1316,上曜,25,9,16,元富-林園,2024-08-23,5927
2356,英業達,17,2,15,元富-林園,2024-08-23,5927
2312,金寶,40,27,13,元富-林園,2024-08-23,5927
2609,陽明,27,14,13,元富-林園,2024-08-23,5927
2323,中環,22,10,12,元富-林園,2024-08-23,5927
6133,金橋,16,4,12,元富-林園,2024-08-23,5927
8033,雷虎,12,0,12,元富-林園,2024-08-23,5927
1301,台塑,12,0,12,元富-林園,2024-08-23,5927
1540,喬福,11,0,11,元富-林園,2024-08-23,5927
2405,輔信,20,9,11,元富-林園,2024-08-23,5927
2337,旺宏,13,3,10,元富-林園,2024-08-23,5927
2408,南亞科,11,1,10,元富-林園,2024-08-23,5927
2515,中工,25,15,10,元富-林園,2024-08-23,5927
2547,日勝生,10,0,10,元富-林園,2024-08-23,5927
4979,華星光,14,4,10,元富-林園,2024-08-23,5927
5222,全訊,10,0,10,元富-林園,2024-08-23,5927
5439,高技,10,0,10,元富-林園,2024-08-23,5927
5519,隆大,10,0,10,元富-林園,2024-08-23,5927
8354,冠好,10,0,10,元富-林園,2024-08-23,5927
1303,南亞,8,0,8,元富-林園,2024-08-23,5927
6265,方土昶,8,0,8,元富-林園,2024-08-23,5927
1708,東鹼,25,18,7,元富-林園,2024-08-23,5927
1784,訊聯,11,4,7,元富-林園,2024-08-23,5927
2344,華邦電,8,1,7,元富-林園,2024-08-23,5927
2834,臺企銀,7,0,7,元富-林園,2024-08-23,5927
3645,達邁,7,0,7,元富-林園,2024-08-23,5927
4540,全球傳動,30,23,7,元富-林園,2024-08-23,5927
5309,系統電,11,4,7,元富-林園,2024-08-23,5927
5484,慧友,9,2,7,元富-林園,2024-08-23,5927
1444,力麗,6,0,6,元富-林園,2024-08-23,5927
00637L,元大滬深300正2,344,40,304,元富-林園,2024-08-26,5927
2888,新光金,471,260,211,元富-林園,2024-08-26,5927
3030,德律,55,0,55,元富-林園,2024-08-26,5927
2891,中信金,57,5,52,元富-林園,2024-08-26,5927
00919,群益台灣精選高息,51,0,51,元富-林園,2024-08-26,5927
8043,蜜望實,62,12,50,元富-林園,2024-08-26,5927
00715L,期街口布蘭特正2,50,2,48,元富-林園,2024-08-26,5927
00932,兆豐永續高息等權,47,0,47,元富-林園,2024-08-26,5927
00929,復華台灣科技優息,48,5,43,元富-林園,2024-08-26,5927
00918,大華優利高填息30,32,0,32,元富-林園,2024-08-26,5927
2610,華航,33,2,31,元富-林園,2024-08-26,5927
1446,宏和,31,1,30,元富-林園,2024-08-26,5927
6609,瀧澤科,33,3,30,元富-林園,2024-08-26,5927
00915,凱基優選高股息30,30,1,29,元富-林園,2024-08-26,5927
2328,廣宇,28,0,28,元富-林園,2024-08-26,5927
00673R,期元大S＆P原油反1,25,0,25,元富-林園,2024-08-26,5927
00937B,群益ESG投等債20,24,0,24,元富-林園,2024-08-26,5927
8064,東捷,40,16,24,元富-林園,2024-08-26,5927
00690,兆豐藍籌30,23,0,23,元富-林園,2024-08-26,5927
00928,中信上櫃ESG30,24,1,23,元富-林園,2024-08-26,5927
00927,群益半導體收益,42,21,21,元富-林園,2024-08-26,5927
3605,宏致,30,10,20,元富-林園,2024-08-26,5927
5225,東科-KY,21,1,20,元富-林園,2024-08-26,5927
1711,永光,36,17,19,元富-林園,2024-08-26,5927
2409,友達,62,43,19,元富-林園,2024-08-26,5927
4540,全球傳動,29,10,19,元富-林園,2024-08-26,5927
1735,日勝化,17,0,17,元富-林園,2024-08-26,5927
2208,台船,93,76,17,元富-林園,2024-08-26,5927
2537,聯上發,16,0,16,元富-林園,2024-08-26,5927
00881,國泰台灣5G+,16,0,16,元富-林園,2024-08-26,5927
00632R,元大台灣50反1,165,150,15,元富-林園,2024-08-26,5927
00676R,富邦臺灣加權反1,15,0,15,元富-林園,2024-08-26,5927
00953B,群益優選非投等債,15,0,15,元富-林園,2024-08-26,5927
5443,均豪,32,17,15,元富-林園,2024-08-26,5927
1101,台泥,14,0,14,元富-林園,2024-08-26,5927
2365,昆盈,31,18,13,元富-林園,2024-08-26,5927
00858,永豐美國500大,14,1,13,元富-林園,2024-08-26,5927
00735,國泰臺韓科技,13,1,12,元富-林園,2024-08-26,5927
0056,元大高股息,22,10,12,元富-林園,2024-08-26,5927
00731,復華富時高息低波,11,0,11,元富-林園,2024-08-26,5927
3581,博磊,21,10,11,元富-林園,2024-08-26,5927
00878,國泰永續高股息,15,4,11,元富-林園,2024-08-26,5927
1316,上曜,10,0,10,元富-林園,2024-08-26,5927
00891,中信關鍵半導體,10,0,10,元富-林園,2024-08-26,5927
00949,復華日本龍頭,10,0,10,元富-林園,2024-08-26,5927
00955,中信日本商社,10,0,10,元富-林園,2024-08-26,5927
2453,凌群,10,0,10,元富-林園,2024-08-26,5927
3005,神基,10,0,10,元富-林園,2024-08-26,5927
3006,晶豪科,10,0,10,元富-林園,2024-08-26,5927
3715,定穎投控,15,5,10,元富-林園,2024-08-26,5927
2515,中工,144,2,142,元富-林園,2024-08-27,5927
2891,中信金,117,4,113,元富-林園,2024-08-27,5927
4510,高鋒,116,24,92,元富-林園,2024-08-27,5927
00929,復華台灣科技優息,114,27,87,元富-林園,2024-08-27,5927
00673R,期元大S＆P原油反1,67,0,67,元富-林園,2024-08-27,5927
3481,群創,102,38,64,元富-林園,2024-08-27,5927
1528,恩德,50,1,49,元富-林園,2024-08-27,5927
00680L,元大美債20正2,43,0,43,元富-林園,2024-08-27,5927
2610,華航,46,3,43,元富-林園,2024-08-27,5927
00936,台新永續高息中小,41,0,41,元富-林園,2024-08-27,5927
00679B,元大美債20年,29,0,29,元富-林園,2024-08-27,5927
2356,英業達,34,5,29,元富-林園,2024-08-27,5927
2883,凱基金,34,5,29,元富-林園,2024-08-27,5927
2609,陽明,29,1,28,元富-林園,2024-08-27,5927
2349,錸德,29,5,24,元富-林園,2024-08-27,5927
00918,大華優利高填息30,22,0,22,元富-林園,2024-08-27,5927
00688L,國泰20年美債正2,20,0,20,元富-林園,2024-08-27,5927
1326,台化,22,4,18,元富-林園,2024-08-27,5927
4967,十銓,26,9,17,元富-林園,2024-08-27,5927
3032,偉訓,17,0,17,元富-林園,2024-08-27,5927
00919,群益台灣精選高息,18,2,16,元富-林園,2024-08-27,5927
1540,喬福,16,2,14,元富-林園,2024-08-27,5927
2328,廣宇,14,0,14,元富-林園,2024-08-27,5927
8033,雷虎,14,0,14,元富-林園,2024-08-27,5927
3498,陽程,25,12,13,元富-林園,2024-08-27,5927
1584,精剛,19,8,11,元富-林園,2024-08-27,5927
2880,華南金,11,0,11,元富-林園,2024-08-27,5927
00642U,期元大S＆P石油,10,0,10,元富-林園,2024-08-27,5927
1319,東陽,10,0,10,元富-林園,2024-08-27,5927
8080,印鉐,10,0,10,元富-林園,2024-08-27,5927
2317,鴻海,11,2,9,元富-林園,2024-08-27,5927
2323,中環,10,2,8,元富-林園,2024-08-27,5927
3576,聯合再生,11,3,8,元富-林園,2024-08-27,5927
8028,昇陽半導體,13,6,7,元富-林園,2024-08-27,5927
2359,所羅門,29,22,7,元富-林園,2024-08-27,5927
00637L,元大滬深300正2,127,120,7,元富-林園,2024-08-27,5927
8016,矽創,7,0,7,元富-林園,2024-08-27,5927
00687B,國泰20年美債,6,0,6,元富-林園,2024-08-27,5927
1722,台肥,6,0,6,元富-林園,2024-08-27,5927
2401,凌陽,7,1,6,元富-林園,2024-08-27,5927
2449,京元電子,9,3,6,元富-林園,2024-08-27,5927
2637,慧洋-KY,7,1,6,元富-林園,2024-08-27,5927
6213,聯茂,8,2,6,元富-林園,2024-08-27,5927
8070,長華*,13,7,6,元富-林園,2024-08-27,5927
2303,聯電,9,3,6,元富-林園,2024-08-27,5927
0056,元大高股息,5,0,5,元富-林園,2024-08-27,5927
00632R,元大台灣50反1,5,0,5,元富-林園,2024-08-27,5927
00830,國泰費城半導體,5,0,5,元富-林園,2024-08-27,5927
00881,國泰台灣5G+,5,0,5,元富-林園,2024-08-27,5927
1108,幸福,5,0,5,元富-林園,2024-08-27,5927
00665L,富邦�琤肭磪囓�2,1384,640,744,元富-林園,2024-08-28,5927
00637L,元大滬深300正2,518,0,518,元富-林園,2024-08-28,5927
00680L,元大美債20正2,122,0,122,元富-林園,2024-08-28,5927
00688L,國泰20年美債正2,113,0,113,元富-林園,2024-08-28,5927
00959B,大華投等美債15Y+,59,0,59,元富-林園,2024-08-28,5927
4729,熒茂,38,0,38,元富-林園,2024-08-28,5927
2887,台新金,35,0,35,元富-林園,2024-08-28,5927
00632R,元大台灣50反1,53,22,31,元富-林園,2024-08-28,5927
4540,全球傳動,104,73,31,元富-林園,2024-08-28,5927
2406,國碩,30,0,30,元富-林園,2024-08-28,5927
3535,晶彩科,30,4,26,元富-林園,2024-08-28,5927
2891,中信金,31,6,25,元富-林園,2024-08-28,5927
2349,錸德,25,3,22,元富-林園,2024-08-28,5927
3054,立萬利,20,0,20,元富-林園,2024-08-28,5927
8438,昶昕,20,0,20,元富-林園,2024-08-28,5927
2367,燿華,69,51,18,元富-林園,2024-08-28,5927
8064,東捷,30,12,18,元富-林園,2024-08-28,5927
2401,凌陽,17,0,17,元富-林園,2024-08-28,5927
00919,群益台灣精選高息,23,6,17,元富-林園,2024-08-28,5927
6609,瀧澤科,18,1,17,元富-林園,2024-08-28,5927
1314,中石化,16,0,16,元富-林園,2024-08-28,5927
6603,富強鑫,31,15,16,元富-林園,2024-08-28,5927
3062,建漢,23,8,15,元富-林園,2024-08-28,5927
8096,擎亞,20,5,15,元富-林園,2024-08-28,5927
3498,陽程,34,22,12,元富-林園,2024-08-28,5927
6456,GIS-KY,12,0,12,元富-林園,2024-08-28,5927
1325,恆大,11,0,11,元富-林園,2024-08-28,5927
1536,和大,17,6,11,元富-林園,2024-08-28,5927
2417,圓剛,21,10,11,元富-林園,2024-08-28,5927
2609,陽明,12,1,11,元富-林園,2024-08-28,5927
3260,威剛,10,0,10,元富-林園,2024-08-28,5927
00878,國泰永續高股息,10,0,10,元富-林園,2024-08-28,5927
2382,廣達,15,6,9,元富-林園,2024-08-28,5927
1735,日勝化,9,0,9,元富-林園,2024-08-28,5927
2328,廣宇,9,0,9,元富-林園,2024-08-28,5927
2426,鼎元,15,6,9,元富-林園,2024-08-28,5927
3078,僑威,11,2,9,元富-林園,2024-08-28,5927
8996,高力,10,1,9,元富-林園,2024-08-28,5927
2313,華通,24,16,8,元富-林園,2024-08-28,5927
2356,英業達,17,9,8,元富-林園,2024-08-28,5927
2439,美律,8,0,8,元富-林園,2024-08-28,5927
4906,正文,8,0,8,元富-林園,2024-08-28,5927
2376,技嘉,15,8,7,元富-林園,2024-08-28,5927
2243,宏旭-KY,11,4,7,元富-林園,2024-08-28,5927
1727,中華化,8,1,7,元富-林園,2024-08-28,5927
2337,旺宏,7,0,7,元富-林園,2024-08-28,5927
3013,晟銘電,9,3,6,元富-林園,2024-08-28,5927
2365,昆盈,13,7,6,元富-林園,2024-08-28,5927
2489,瑞軒,11,5,6,元富-林園,2024-08-28,5927
3550,聯穎,7,1,6,元富-林園,2024-08-28,5927
00637L,元大滬深300正2,160,60,100,元富-林園,2024-08-29,5927
2317,鴻海,76,13,63,元富-林園,2024-08-29,5927
00680L,元大美債20正2,62,0,62,元富-林園,2024-08-29,5927
2891,中信金,63,4,59,元富-林園,2024-08-29,5927
1314,中石化,61,9,52,元富-林園,2024-08-29,5927
2527,宏璟,53,3,50,元富-林園,2024-08-29,5927
1735,日勝化,51,5,46,元富-林園,2024-08-29,5927
00687B,國泰20年美債,40,0,40,元富-林園,2024-08-29,5927
00959B,大華投等美債15Y+,30,0,30,元富-林園,2024-08-29,5927
00725B,國泰投資級公司債,30,0,30,元富-林園,2024-08-29,5927
00679B,元大美債20年,27,0,27,元富-林園,2024-08-29,5927
00929,復華台灣科技優息,28,1,27,元富-林園,2024-08-29,5927
3149,正達,25,0,25,元富-林園,2024-08-29,5927
8039,台虹,45,22,23,元富-林園,2024-08-29,5927
3455,由田,22,0,22,元富-林園,2024-08-29,5927
3231,緯創,22,2,20,元富-林園,2024-08-29,5927
1540,喬福,54,37,17,元富-林園,2024-08-29,5927
6233,旺玖,16,0,16,元富-林園,2024-08-29,5927
6509,聚和,16,0,16,元富-林園,2024-08-29,5927
00706L,期元大S＆P日圓正2,15,0,15,元富-林園,2024-08-29,5927
3047,訊舟,44,29,15,元富-林園,2024-08-29,5927
3294,英濟,15,0,15,元富-林園,2024-08-29,5927
6016,康和證,15,0,15,元富-林園,2024-08-29,5927
8096,擎亞,14,1,13,元富-林園,2024-08-29,5927
2409,友達,13,1,12,元富-林園,2024-08-29,5927
4906,正文,14,2,12,元富-林園,2024-08-29,5927
6609,瀧澤科,13,1,12,元富-林園,2024-08-29,5927
3312,弘憶股,12,1,11,元富-林園,2024-08-29,5927
3105,穩懋,23,12,11,元富-林園,2024-08-29,5927
1727,中華化,20,9,11,元富-林園,2024-08-29,5927
00937B,群益ESG投等債20,20,10,10,元富-林園,2024-08-29,5927
2062,橋椿,11,1,10,元富-林園,2024-08-29,5927
2406,國碩,10,0,10,元富-林園,2024-08-29,5927
4534,慶騰,10,0,10,元富-林園,2024-08-29,5927
4576,大銀微系統,11,1,10,元富-林園,2024-08-29,5927
5452,佶優,10,0,10,元富-林園,2024-08-29,5927
8064,東捷,17,7,10,元富-林園,2024-08-29,5927
2426,鼎元,14,5,9,元富-林園,2024-08-29,5927
2243,宏旭-KY,9,0,9,元富-林園,2024-08-29,5927
6269,台郡,19,10,9,元富-林園,2024-08-29,5927
6168,宏齊,8,0,8,元富-林園,2024-08-29,5927
2330,台積電,9,1,8,元富-林園,2024-08-29,5927
3019,亞光,31,23,8,元富-林園,2024-08-29,5927
00919,群益台灣精選高息,8,1,7,元富-林園,2024-08-29,5927
1528,恩德,7,0,7,元富-林園,2024-08-29,5927
4958,臻鼎-KY,11,4,7,元富-林園,2024-08-29,5927
5701,劍湖山,7,0,7,元富-林園,2024-08-29,5927
00878,國泰永續高股息,9,2,7,元富-林園,2024-08-29,5927
00665L,富邦�琤肭磪囓�2,506,500,6,元富-林園,2024-08-29,5927
1721,三晃,13,7,6,元富-林園,2024-08-29,5927
00919,群益台灣精選高息,75,5,70,元富-林園,2024-08-30,5927
2367,燿華,101,34,67,元富-林園,2024-08-30,5927
4561,健椿,66,4,62,元富-林園,2024-08-30,5927
4729,熒茂,60,0,60,元富-林園,2024-08-30,5927
2801,彰銀,56,0,56,元富-林園,2024-08-30,5927
00959B,大華投等美債15Y+,55,0,55,元富-林園,2024-08-30,5927
1314,中石化,56,11,45,元富-林園,2024-08-30,5927
00688L,國泰20年美債正2,31,0,31,元富-林園,2024-08-30,5927
3284,太普高,29,0,29,元富-林園,2024-08-30,5927
2392,正崴,31,3,28,元富-林園,2024-08-30,5927
6177,達麗,28,0,28,元富-林園,2024-08-30,5927
6609,瀧澤科,26,0,26,元富-林園,2024-08-30,5927
2409,友達,33,12,21,元富-林園,2024-08-30,5927
2337,旺宏,23,3,20,元富-林園,2024-08-30,5927
4127,天良,20,0,20,元富-林園,2024-08-30,5927
8438,昶昕,20,0,20,元富-林園,2024-08-30,5927
2371,大同,21,2,19,元富-林園,2024-08-30,5927
2313,華通,37,18,19,元富-林園,2024-08-30,5927
2365,昆盈,18,2,16,元富-林園,2024-08-30,5927
00679B,元大美債20年,15,0,15,元富-林園,2024-08-30,5927
5206,坤悅,15,0,15,元富-林園,2024-08-30,5927
00948B,中信優息投資級債,14,0,14,元富-林園,2024-08-30,5927
2062,橋椿,16,2,14,元富-林園,2024-08-30,5927
5225,東科-KY,39,25,14,元富-林園,2024-08-30,5927
00900,富邦特選高股息30,21,8,13,元富-林園,2024-08-30,5927
00673R,期元大S＆P原油反1,11,0,11,元富-林園,2024-08-30,5927
2408,南亞科,12,1,11,元富-林園,2024-08-30,5927
2516,新建,11,0,11,元富-林園,2024-08-30,5927
2891,中信金,18,7,11,元富-林園,2024-08-30,5927
6235,華孚,11,0,11,元富-林園,2024-08-30,5927
00676R,富邦臺灣加權反1,10,0,10,元富-林園,2024-08-30,5927
1785,光洋科,35,25,10,元富-林園,2024-08-30,5927
2348,海悅,13,3,10,元富-林園,2024-08-30,5927
2540,愛山林,10,0,10,元富-林園,2024-08-30,5927
3702A,大聯大甲特,10,0,10,元富-林園,2024-08-30,5927
6698,旭暉應材,10,0,10,元富-林園,2024-08-30,5927
2486,一詮,10,1,9,元富-林園,2024-08-30,5927
1303,南亞,9,0,9,元富-林園,2024-08-30,5927
4510,高鋒,36,27,9,元富-林園,2024-08-30,5927
2883,凱基金,9,0,9,元富-林園,2024-08-30,5927
2476,鉅祥,8,0,8,元富-林園,2024-08-30,5927
1326,台化,8,0,8,元富-林園,2024-08-30,5927
3289,宜特,10,2,8,元富-林園,2024-08-30,5927
4716,大立,11,3,8,元富-林園,2024-08-30,5927
6213,聯茂,14,6,8,元富-林園,2024-08-30,5927
2606,裕民,8,1,7,元富-林園,2024-08-30,5927
1711,永光,28,21,7,元富-林園,2024-08-30,5927
1584,精剛,8,2,6,元富-林園,2024-08-30,5927
2354,鴻準,8,2,6,元富-林園,2024-08-30,5927
2610,華航,8,2,6,元富-林園,2024-08-30,5927
00637L,元大滬深300正2,380,0,380,元富-林園,2024-09-02,5927
00688L,國泰20年美債正2,70,0,70,元富-林園,2024-09-02,5927
00937B,群益ESG投等債20,65,0,65,元富-林園,2024-09-02,5927
3490,單井,62,0,62,元富-林園,2024-09-02,5927
3481,群創,59,3,56,元富-林園,2024-09-02,5927
2537,聯上發,55,0,55,元富-林園,2024-09-02,5927
00936,台新永續高息中小,53,0,53,元富-林園,2024-09-02,5927
2609,陽明,49,0,49,元富-林園,2024-09-02,5927
2891,中信金,41,0,41,元富-林園,2024-09-02,5927
00687B,國泰20年美債,37,1,36,元富-林園,2024-09-02,5927
2349,錸德,47,16,31,元富-林園,2024-09-02,5927
1409,新纖,30,0,30,元富-林園,2024-09-02,5927
00929,復華台灣科技優息,40,11,29,元富-林園,2024-09-02,5927
2845,遠東銀,26,0,26,元富-林園,2024-09-02,5927
3580,友威科,23,2,21,元富-林園,2024-09-02,5927
9902,台火,23,2,21,元富-林園,2024-09-02,5927
1301,台塑,20,0,20,元富-林園,2024-09-02,5927
2337,旺宏,20,0,20,元富-林園,2024-09-02,5927
3284,太普高,24,4,20,元富-林園,2024-09-02,5927
00919,群益台灣精選高息,19,0,19,元富-林園,2024-09-02,5927
00665L,富邦�琤肭磪囓�2,18,0,18,元富-林園,2024-09-02,5927
00751B,元大AAA至A公司債,18,0,18,元富-林園,2024-09-02,5927
2352,佳世達,23,5,18,元富-林園,2024-09-02,5927
2618,長榮航,20,2,18,元富-林園,2024-09-02,5927
3419,譁裕,18,0,18,元富-林園,2024-09-02,5927
8043,蜜望實,30,13,17,元富-林園,2024-09-02,5927
6133,金橋,16,0,16,元富-林園,2024-09-02,5927
00679B,元大美債20年,15,0,15,元富-林園,2024-09-02,5927
00940,元大台灣價值高息,16,1,15,元富-林園,2024-09-02,5927
2399,映泰,15,0,15,元富-林園,2024-09-02,5927
00959B,大華投等美債15Y+,13,0,13,元富-林園,2024-09-02,5927
2312,金寶,14,1,13,元富-林園,2024-09-02,5927
2328,廣宇,14,1,13,元富-林園,2024-09-02,5927
6573,虹揚-KY,15,2,13,元富-林園,2024-09-02,5927
2401,凌陽,12,0,12,元富-林園,2024-09-02,5927
2408,南亞科,12,0,12,元富-林園,2024-09-02,5927
4906,正文,18,6,12,元富-林園,2024-09-02,5927
6770,力積電,12,0,12,元富-林園,2024-09-02,5927
2801,彰銀,11,0,11,元富-林園,2024-09-02,5927
4979,華星光,14,3,11,元富-林園,2024-09-02,5927
00680L,元大美債20正2,10,0,10,元富-林園,2024-09-02,5927
2323,中環,11,1,10,元富-林園,2024-09-02,5927
2369,菱生,11,1,10,元富-林園,2024-09-02,5927
5460,同協,10,0,10,元富-林園,2024-09-02,5927
6785,昱展新藥,10,0,10,元富-林園,2024-09-02,5927
4513,福裕,10,1,9,元富-林園,2024-09-02,5927
2402,毅嘉,14,5,9,元富-林園,2024-09-02,5927
6719,力智,9,0,9,元富-林園,2024-09-02,5927
2603,長榮,8,0,8,元富-林園,2024-09-02,5927
00715L,期街口布蘭特正2,8,0,8,元富-林園,2024-09-02,5927
00637L,元大滬深300正2,145,0,145,元富-林園,2024-09-03,5927
00945B,凱基美國非投等債,116,0,116,元富-林園,2024-09-03,5927
00918,大華優利高填息30,111,0,111,元富-林園,2024-09-03,5927
2515,中工,78,0,78,元富-林園,2024-09-03,5927
2883,凱基金,106,32,74,元富-林園,2024-09-03,5927
00930,永豐ESG低碳高息,70,0,70,元富-林園,2024-09-03,5927
00687B,國泰20年美債,69,0,69,元富-林園,2024-09-03,5927
00948B,中信優息投資級債,45,0,45,元富-林園,2024-09-03,5927
00919,群益台灣精選高息,38,0,38,元富-林園,2024-09-03,5927
00665L,富邦�琤肭磪囓�2,302,270,32,元富-林園,2024-09-03,5927
2609,陽明,66,35,31,元富-林園,2024-09-03,5927
2367,燿華,53,25,28,元富-林園,2024-09-03,5927
8039,台虹,31,3,28,元富-林園,2024-09-03,5927
2337,旺宏,22,0,22,元富-林園,2024-09-03,5927
2537,聯上發,23,2,21,元富-林園,2024-09-03,5927
1409,新纖,20,0,20,元富-林園,2024-09-03,5927
00878,國泰永續高股息,23,3,20,元富-林園,2024-09-03,5927
2464,盟立,52,35,17,元富-林園,2024-09-03,5927
2002,中鋼,17,0,17,元富-林園,2024-09-03,5927
2486,一詮,21,4,17,元富-林園,2024-09-03,5927
2323,中環,27,11,16,元富-林園,2024-09-03,5927
2399,映泰,15,0,15,元富-林園,2024-09-03,5927
1316,上曜,15,1,14,元富-林園,2024-09-03,5927
9902,台火,14,0,14,元富-林園,2024-09-03,5927
2376,技嘉,16,2,14,元富-林園,2024-09-03,5927
3231,緯創,18,5,13,元富-林園,2024-09-03,5927
3490,單井,12,0,12,元富-林園,2024-09-03,5927
8105,凌巨,23,11,12,元富-林園,2024-09-03,5927
9958,世紀鋼,11,0,11,元富-林園,2024-09-03,5927
2408,南亞科,12,1,11,元富-林園,2024-09-03,5927
2449,京元電子,16,5,11,元富-林園,2024-09-03,5927
2845,遠東銀,11,0,11,元富-林園,2024-09-03,5927
5905,南仁湖,12,1,11,元富-林園,2024-09-03,5927
2365,昆盈,41,30,11,元富-林園,2024-09-03,5927
2392,正崴,12,2,10,元富-林園,2024-09-03,5927
00706L,期元大S＆P日圓正2,10,0,10,元富-林園,2024-09-03,5927
2243,宏旭-KY,10,0,10,元富-林園,2024-09-03,5927
2374,佳能,11,1,10,元富-林園,2024-09-03,5927
2417,圓剛,14,4,10,元富-林園,2024-09-03,5927
2615,萬海,15,5,10,元富-林園,2024-09-03,5927
2834,臺企銀,10,0,10,元富-林園,2024-09-03,5927
00959B,大華投等美債15Y+,10,1,9,元富-林園,2024-09-03,5927
2882,國泰金,11,2,9,元富-林園,2024-09-03,5927
2492,華新科,8,0,8,元富-林園,2024-09-03,5927
8043,蜜望實,13,5,8,元富-林園,2024-09-03,5927
2312,金寶,16,9,7,元富-林園,2024-09-03,5927
3149,正達,14,7,7,元富-林園,2024-09-03,5927
8111,立��,7,0,7,元富-林園,2024-09-03,5927
2812,台中銀,7,0,7,元富-林園,2024-09-03,5927
00688L,國泰20年美債正2,6,0,6,元富-林園,2024-09-03,5927
00929,復華台灣科技優息,333,6,327,元富-林園,2024-09-04,5927
00940,元大台灣價值高息,198,24,174,元富-林園,2024-09-04,5927
00878,國泰永續高股息,153,1,152,元富-林園,2024-09-04,5927
2891,中信金,131,2,129,元富-林園,2024-09-04,5927
00919,群益台灣精選高息,126,1,125,元富-林園,2024-09-04,5927
00715L,期街口布蘭特正2,121,0,121,元富-林園,2024-09-04,5927
00918,大華優利高填息30,86,0,86,元富-林園,2024-09-04,5927
2867,三商壽,110,34,76,元富-林園,2024-09-04,5927
00665L,富邦�琤肭磪囓�2,822,749,73,元富-林園,2024-09-04,5927
00936,台新永續高息中小,70,3,67,元富-林園,2024-09-04,5927
2405,輔信,59,1,58,元富-林園,2024-09-04,5927
2834,臺企銀,55,1,54,元富-林園,2024-09-04,5927
3481,群創,47,0,47,元富-林園,2024-09-04,5927
1314,中石化,65,20,45,元富-林園,2024-09-04,5927
2515,中工,42,1,41,元富-林園,2024-09-04,5927
1301,台塑,39,1,38,元富-林園,2024-09-04,5927
3049,精金,36,0,36,元富-林園,2024-09-04,5927
2489,瑞軒,38,3,35,元富-林園,2024-09-04,5927
8076,伍豐,42,7,35,元富-林園,2024-09-04,5927
2002,中鋼,32,1,31,元富-林園,2024-09-04,5927
2883,凱基金,31,1,30,元富-林園,2024-09-04,5927
1326,台化,44,15,29,元富-林園,2024-09-04,5927
2330,台積電,36,8,28,元富-林園,2024-09-04,5927
0056,元大高股息,27,1,26,元富-林園,2024-09-04,5927
1584,精剛,27,1,26,元富-林園,2024-09-04,5927
2241,艾姆勒,26,0,26,元富-林園,2024-09-04,5927
00946,群益科技高息成長,25,0,25,元富-林園,2024-09-04,5927
4510,高鋒,86,61,25,元富-林園,2024-09-04,5927
2349,錸德,23,0,23,元富-林園,2024-09-04,5927
2401,凌陽,22,0,22,元富-林園,2024-09-04,5927
1409,新纖,20,0,20,元富-林園,2024-09-04,5927
2337,旺宏,20,0,20,元富-林園,2024-09-04,5927
6189,豐藝,20,0,20,元富-林園,2024-09-04,5927
2408,南亞科,22,4,18,元富-林園,2024-09-04,5927
3047,訊舟,25,7,18,元富-林園,2024-09-04,5927
2352,佳世達,26,11,15,元富-林園,2024-09-04,5927
2258,鴻華先進-創,14,0,14,元富-林園,2024-09-04,5927
2464,盟立,18,4,14,元富-林園,2024-09-04,5927
006208,富邦台50,14,0,14,元富-林園,2024-09-04,5927
00905,FT臺灣Smart,13,0,13,元富-林園,2024-09-04,5927
2609,陽明,27,14,13,元富-林園,2024-09-04,5927
2328,廣宇,14,1,13,元富-林園,2024-09-04,5927
2344,華邦電,12,0,12,元富-林園,2024-09-04,5927
3715,定穎投控,17,5,12,元富-林園,2024-09-04,5927
4714,永捷,13,1,12,元富-林園,2024-09-04,5927
4716,大立,13,1,12,元富-林園,2024-09-04,5927
2062,橋椿,16,5,11,元富-林園,2024-09-04,5927
2105,正新,11,0,11,元富-林園,2024-09-04,5927
3033,威健,11,0,11,元富-林園,2024-09-04,5927
3149,正達,12,1,11,元富-林園,2024-09-04,5927
1314,中石化,355,21,334,元富-林園,2024-09-05,5927
00637L,元大滬深300正2,160,0,160,元富-林園,2024-09-05,5927
00919,群益台灣精選高息,101,6,95,元富-林園,2024-09-05,5927
2317,鴻海,118,28,90,元富-林園,2024-09-05,5927
00929,復華台灣科技優息,91,6,85,元富-林園,2024-09-05,5927
00715L,期街口布蘭特正2,79,0,79,元富-林園,2024-09-05,5927
2867,三商壽,63,2,61,元富-林園,2024-09-05,5927
00940,元大台灣價值高息,53,2,51,元富-林園,2024-09-05,5927
00930,永豐ESG低碳高息,48,0,48,元富-林園,2024-09-05,5927
00669R,國泰美國道瓊反1,43,0,43,元富-林園,2024-09-05,5927
1584,精剛,46,8,38,元富-林園,2024-09-05,5927
5864,致和證,37,0,37,元富-林園,2024-09-05,5927
2337,旺宏,36,0,36,元富-林園,2024-09-05,5927
00946,群益科技高息成長,35,0,35,元富-林園,2024-09-05,5927
2495,普安,40,7,33,元富-林園,2024-09-05,5927
2344,華邦電,31,1,30,元富-林園,2024-09-05,5927
00642U,期元大S＆P石油,30,0,30,元富-林園,2024-09-05,5927
2233,宇隆,30,0,30,元富-林園,2024-09-05,5927
00918,大華優利高填息30,29,0,29,元富-林園,2024-09-05,5927
00878,國泰永續高股息,30,2,28,元富-林園,2024-09-05,5927
3481,群創,21,0,21,元富-林園,2024-09-05,5927
2515,中工,21,0,21,元富-林園,2024-09-05,5927
00730,富邦臺灣優質高息,20,0,20,元富-林園,2024-09-05,5927
6016,康和證,20,0,20,元富-林園,2024-09-05,5927
6189,豐藝,20,0,20,元富-林園,2024-09-05,5927
4736,泰博,19,0,19,元富-林園,2024-09-05,5927
6104,創惟,20,1,19,元富-林園,2024-09-05,5927
2349,錸德,20,2,18,元富-林園,2024-09-05,5927
2486,一詮,26,10,16,元富-林園,2024-09-05,5927
8440,綠電,15,0,15,元富-林園,2024-09-05,5927
2356,英業達,14,0,14,元富-林園,2024-09-05,5927
1540,喬福,37,23,14,元富-林園,2024-09-05,5927
2323,中環,24,11,13,元富-林園,2024-09-05,5927
4549,桓達,12,0,12,元富-林園,2024-09-05,5927
2891,中信金,14,2,12,元富-林園,2024-09-05,5927
2312,金寶,14,2,12,元富-林園,2024-09-05,5927
1301,台塑,10,0,10,元富-林園,2024-09-05,5927
1303,南亞,12,2,10,元富-林園,2024-09-05,5927
00932,兆豐永續高息等權,10,0,10,元富-林園,2024-09-05,5927
1313,聯成,10,0,10,元富-林園,2024-09-05,5927
2362,藍天,10,0,10,元富-林園,2024-09-05,5927
4534,慶騰,10,0,10,元富-林園,2024-09-05,5927
4561,健椿,14,4,10,元富-林園,2024-09-05,5927
6216,居易,10,0,10,元富-林園,2024-09-05,5927
2408,南亞科,14,5,9,元富-林園,2024-09-05,5927
4513,福裕,9,0,9,元富-林園,2024-09-05,5927
6269,台郡,9,0,9,元富-林園,2024-09-05,5927
6770,力積電,10,1,9,元富-林園,2024-09-05,5927
3231,緯創,9,1,8,元富-林園,2024-09-05,5927
6173,信昌電,8,0,8,元富-林園,2024-09-05,5927
2867,三商壽,100,0,100,元富-林園,2024-09-06,5927
00692,富邦公司治理,100,0,100,元富-林園,2024-09-06,5927
3031,佰鴻,80,0,80,元富-林園,2024-09-06,5927
2002,中鋼,69,1,68,元富-林園,2024-09-06,5927
2851,中再保,52,1,51,元富-林園,2024-09-06,5927
00951,台新日本半導體,50,0,50,元富-林園,2024-09-06,5927
3481,群創,61,13,48,元富-林園,2024-09-06,5927
2337,旺宏,29,0,29,元富-林園,2024-09-06,5927
2409,友達,30,1,29,元富-林園,2024-09-06,5927
2610,華航,28,0,28,元富-林園,2024-09-06,5927
5905,南仁湖,23,3,20,元富-林園,2024-09-06,5927
00687B,國泰20年美債,21,1,20,元富-林園,2024-09-06,5927
2537,聯上發,29,10,19,元富-林園,2024-09-06,5927
4543,萬在,17,1,16,元富-林園,2024-09-06,5927
2317,鴻海,47,32,15,元富-林園,2024-09-06,5927
00882,中信中國高股息,16,1,15,元富-林園,2024-09-06,5927
4906,正文,15,0,15,元富-林園,2024-09-06,5927
2344,華邦電,15,0,15,元富-林園,2024-09-06,5927
2891,中信金,14,0,14,元富-林園,2024-09-06,5927
1815,富喬,14,1,13,元富-林園,2024-09-06,5927
2312,金寶,15,3,12,元富-林園,2024-09-06,5927
2402,毅嘉,14,2,12,元富-林園,2024-09-06,5927
2489,瑞軒,19,8,11,元富-林園,2024-09-06,5927
00715L,期街口布蘭特正2,10,0,10,元富-林園,2024-09-06,5927
00953B,群益優選非投等債,10,0,10,元富-林園,2024-09-06,5927
3059,華晶科,10,0,10,元富-林園,2024-09-06,5927
4909,新復興,10,0,10,元富-林園,2024-09-06,5927
6156,松上,10,0,10,元富-林園,2024-09-06,5927
6216,居易,10,0,10,元富-林園,2024-09-06,5927
6937,天虹,11,1,10,元富-林園,2024-09-06,5927
2365,昆盈,10,1,9,元富-林園,2024-09-06,5927
2495,普安,9,0,9,元富-林園,2024-09-06,5927
2883,凱基金,9,0,9,元富-林園,2024-09-06,5927
3550,聯穎,10,1,9,元富-林園,2024-09-06,5927
8043,蜜望實,12,3,9,元富-林園,2024-09-06,5927
9945,潤泰新,10,1,9,元富-林園,2024-09-06,5927
00918,大華優利高填息30,33,25,8,元富-林園,2024-09-06,5927
1708,東鹼,11,3,8,元富-林園,2024-09-06,5927
2354,鴻準,17,9,8,元富-林園,2024-09-06,5927
3188,鑫龍騰,8,0,8,元富-林園,2024-09-06,5927
00878,國泰永續高股息,7,0,7,元富-林園,2024-09-06,5927
1605,華新,7,0,7,元富-林園,2024-09-06,5927
2408,南亞科,7,0,7,元富-林園,2024-09-06,5927
4935,茂林-KY,10,3,7,元富-林園,2024-09-06,5927
5225,東科-KY,7,0,7,元富-林園,2024-09-06,5927
6152,百一,9,2,7,元富-林園,2024-09-06,5927
1711,永光,9,3,6,元富-林園,2024-09-06,5927
2323,中環,6,0,6,元富-林園,2024-09-06,5927
2615,萬海,11,5,6,元富-林園,2024-09-06,5927
5443,均豪,19,14,5,元富-林園,2024-09-06,5927
00680L,元大美債20正2,231,2,229,元富-林園,2024-09-09,5927
00688L,國泰20年美債正2,230,29,201,元富-林園,2024-09-09,5927
00929,復華台灣科技優息,106,2,104,元富-林園,2024-09-09,5927
00952,凱基台灣AI50,101,0,101,元富-林園,2024-09-09,5927
00919,群益台灣精選高息,111,11,100,元富-林園,2024-09-09,5927
2349,錸德,97,12,85,元富-林園,2024-09-09,5927
2891,中信金,67,1,66,元富-林園,2024-09-09,5927
00878,國泰永續高股息,60,0,60,元富-林園,2024-09-09,5927
4420,光明,41,0,41,元富-林園,2024-09-09,5927
00918,大華優利高填息30,34,0,34,元富-林園,2024-09-09,5927
1314,中石化,34,2,32,元富-林園,2024-09-09,5927
2382,廣達,35,4,31,元富-林園,2024-09-09,5927
2609,陽明,37,7,30,元富-林園,2024-09-09,5927
3481,群創,41,11,30,元富-林園,2024-09-09,5927
2881,富邦金,32,2,30,元富-林園,2024-09-09,5927
00940,元大台灣價值高息,31,5,26,元富-林園,2024-09-09,5927
5905,南仁湖,34,11,23,元富-林園,2024-09-09,5927
2002,中鋼,24,3,21,元富-林園,2024-09-09,5927
2515,中工,21,1,20,元富-林園,2024-09-09,5927
00715L,期街口布蘭特正2,22,2,20,元富-林園,2024-09-09,5927
1301,台塑,20,1,19,元富-林園,2024-09-09,5927
2883,凱基金,28,10,18,元富-林園,2024-09-09,5927
00881,國泰台灣5G+,15,0,15,元富-林園,2024-09-09,5927
1319,東陽,17,2,15,元富-林園,2024-09-09,5927
1584,精剛,15,0,15,元富-林園,2024-09-09,5927
3550,聯穎,15,0,15,元富-林園,2024-09-09,5927
00687B,國泰20年美債,24,10,14,元富-林園,2024-09-09,5927
0056,元大高股息,14,0,14,元富-林園,2024-09-09,5927
00679B,元大美債20年,14,1,13,元富-林園,2024-09-09,5927
00951,台新日本半導體,23,10,13,元富-林園,2024-09-09,5927
2007,燁興,11,0,11,元富-林園,2024-09-09,5927
2337,旺宏,14,3,11,元富-林園,2024-09-09,5927
00632R,元大台灣50反1,170,160,10,元富-林園,2024-09-09,5927
2885,元大金,10,0,10,元富-林園,2024-09-09,5927
00882,中信中國高股息,10,0,10,元富-林園,2024-09-09,5927
00753L,中信中國50正2,10,0,10,元富-林園,2024-09-09,5927
00642U,期元大S＆P石油,10,0,10,元富-林園,2024-09-09,5927
1326,台化,22,12,10,元富-林園,2024-09-09,5927
1524,耿鼎,13,3,10,元富-林園,2024-09-09,5927
3031,佰鴻,10,0,10,元富-林園,2024-09-09,5927
3321,同泰,10,0,10,元富-林園,2024-09-09,5927
6116,彩晶,10,0,10,元富-林園,2024-09-09,5927
6213,聯茂,11,1,10,元富-林園,2024-09-09,5927
6505,台塑化,10,0,10,元富-林園,2024-09-09,5927
6830,汎銓,10,0,10,元富-林園,2024-09-09,5927
2882,國泰金,10,2,8,元富-林園,2024-09-09,5927
3231,緯創,9,1,8,元富-林園,2024-09-09,5927
3303,岱稜,13,5,8,元富-林園,2024-09-09,5927
6187,萬潤,15,7,8,元富-林園,2024-09-09,5927
2383,台光電,8,1,7,元富-林園,2024-09-09,5927
3481,群創,157,7,150,元富-林園,2024-09-10,5927
00929,復華台灣科技優息,139,0,139,元富-林園,2024-09-10,5927
00637L,元大滬深300正2,105,0,105,元富-林園,2024-09-10,5927
00687B,國泰20年美債,64,3,61,元富-林園,2024-09-10,5927
2617,台航,50,0,50,元富-林園,2024-09-10,5927
8131,福懋科,50,0,50,元富-林園,2024-09-10,5927
2002,中鋼,55,13,42,元富-林園,2024-09-10,5927
2609,陽明,51,10,41,元富-林園,2024-09-10,5927
00915,凱基優選高股息30,35,0,35,元富-林園,2024-09-10,5927
00919,群益台灣精選高息,66,31,35,元富-林園,2024-09-10,5927
2383,台光電,33,1,32,元富-林園,2024-09-10,5927
3047,訊舟,53,26,27,元富-林園,2024-09-10,5927
2883,凱基金,25,0,25,元富-林園,2024-09-10,5927
2303,聯電,26,1,25,元富-林園,2024-09-10,5927
1532,勤美,24,0,24,元富-林園,2024-09-10,5927
1605,華新,22,0,22,元富-林園,2024-09-10,5927
3550,聯穎,20,0,20,元富-林園,2024-09-10,5927
00878,國泰永續高股息,19,0,19,元富-林園,2024-09-10,5927
2352,佳世達,27,8,19,元富-林園,2024-09-10,5927
2382,廣達,19,2,17,元富-林園,2024-09-10,5927
00945B,凱基美國非投等債,17,0,17,元富-林園,2024-09-10,5927
1303,南亞,15,1,14,元富-林園,2024-09-10,5927
2312,金寶,19,5,14,元富-林園,2024-09-10,5927
6207,雷科,19,5,14,元富-林園,2024-09-10,5927
2891,中信金,13,0,13,元富-林園,2024-09-10,5927
0056,元大高股息,13,0,13,元富-林園,2024-09-10,5927
2356,英業達,12,0,12,元富-林園,2024-09-10,5927
2495,普安,13,1,12,元富-林園,2024-09-10,5927
3188,鑫龍騰,12,0,12,元富-林園,2024-09-10,5927
3312,弘憶股,13,1,12,元富-林園,2024-09-10,5927
6530,創威,15,3,12,元富-林園,2024-09-10,5927
2401,凌陽,11,0,11,元富-林園,2024-09-10,5927
2405,輔信,11,0,11,元富-林園,2024-09-10,5927
2537,聯上發,21,10,11,元富-林園,2024-09-10,5927
6257,矽格,11,0,11,元富-林園,2024-09-10,5927
00940,元大台灣價值高息,29,18,11,元富-林園,2024-09-10,5927
8039,台虹,11,1,10,元富-林園,2024-09-10,5927
00779B,凱基美債25+,10,0,10,元富-林園,2024-09-10,5927
1409,新纖,10,0,10,元富-林園,2024-09-10,5927
2105,正新,10,0,10,元富-林園,2024-09-10,5927
2236,百達-KY,10,0,10,元富-林園,2024-09-10,5927
4167,松瑞藥,10,0,10,元富-林園,2024-09-10,5927
4532,瑞智,10,0,10,元富-林園,2024-09-10,5927
8105,凌巨,10,0,10,元富-林園,2024-09-10,5927
9945,潤泰新,10,0,10,元富-林園,2024-09-10,5927
8112,至上,9,0,9,元富-林園,2024-09-10,5927
2542,興富發,10,1,9,元富-林園,2024-09-10,5927
2301,光寶科,11,2,9,元富-林園,2024-09-10,5927
2344,華邦電,9,0,9,元富-林園,2024-09-10,5927
6187,萬潤,14,6,8,元富-林園,2024-09-10,5927
00632R,元大台灣50反1,502,288,214,元富-林園,2024-09-11,5927
00665L,富邦�琤肭磪囓�2,462,280,182,元富-林園,2024-09-11,5927
2002,中鋼,135,5,130,元富-林園,2024-09-11,5927
00688L,國泰20年美債正2,129,0,129,元富-林園,2024-09-11,5927
00637L,元大滬深300正2,100,0,100,元富-林園,2024-09-11,5927
00680L,元大美債20正2,98,2,96,元富-林園,2024-09-11,5927
2489,瑞軒,60,0,60,元富-林園,2024-09-11,5927
2834,臺企銀,51,0,51,元富-林園,2024-09-11,5927
00929,復華台灣科技優息,47,0,47,元富-林園,2024-09-11,5927
4566,時碩工業,42,1,41,元富-林園,2024-09-11,5927
00919,群益台灣精選高息,33,1,32,元富-林園,2024-09-11,5927
9105,泰金寶-DR,25,0,25,元富-林園,2024-09-11,5927
2867,三商壽,48,25,23,元富-林園,2024-09-11,5927
3707,漢磊,28,6,22,元富-林園,2024-09-11,5927
00715L,期街口布蘭特正2,20,0,20,元富-林園,2024-09-11,5927
00779B,凱基美債25+,20,0,20,元富-林園,2024-09-11,5927
3705,永信,20,0,20,元富-林園,2024-09-11,5927
6156,松上,20,0,20,元富-林園,2024-09-11,5927
3715,定穎投控,29,10,19,元富-林園,2024-09-11,5927
1540,喬福,31,13,18,元富-林園,2024-09-11,5927
1522,堤維西,17,0,17,元富-林園,2024-09-11,5927
00933B,國泰10Y+金融債,15,0,15,元富-林園,2024-09-11,5927
00948B,中信優息投資級債,15,0,15,元富-林園,2024-09-11,5927
00642U,期元大S＆P石油,15,0,15,元富-林園,2024-09-11,5927
6207,雷科,14,0,14,元富-林園,2024-09-11,5927
2812,台中銀,14,1,13,元富-林園,2024-09-11,5927
2891,中信金,13,0,13,元富-林園,2024-09-11,5927
00679B,元大美債20年,13,0,13,元富-林園,2024-09-11,5927
2537,聯上發,17,5,12,元富-林園,2024-09-11,5927
2233,宇隆,11,0,11,元富-林園,2024-09-11,5927
4979,華星光,18,7,11,元富-林園,2024-09-11,5927
6770,力積電,12,1,11,元富-林園,2024-09-11,5927
3033,威健,10,0,10,元富-林園,2024-09-11,5927
3702A,大聯大甲特,10,0,10,元富-林園,2024-09-11,5927
6426,統新,11,1,10,元富-林園,2024-09-11,5927
8039,台虹,12,2,10,元富-林園,2024-09-11,5927
00878,國泰永續高股息,15,5,10,元富-林園,2024-09-11,5927
00753L,中信中國50正2,9,0,9,元富-林園,2024-09-11,5927
1570,力肯,15,6,9,元富-林園,2024-09-11,5927
2337,旺宏,17,8,9,元富-林園,2024-09-11,5927
6216,居易,12,3,9,元富-林園,2024-09-11,5927
6215,和椿,9,0,9,元富-林園,2024-09-11,5927
6134,萬旭,10,2,8,元富-林園,2024-09-11,5927
9927,泰銘,7,0,7,元富-林園,2024-09-11,5927
2354,鴻準,11,5,6,元富-林園,2024-09-11,5927
2615,萬海,8,2,6,元富-林園,2024-09-11,5927
3019,亞光,7,1,6,元富-林園,2024-09-11,5927
3297,杭特,6,0,6,元富-林園,2024-09-11,5927
3360,尚立,6,0,6,元富-林園,2024-09-11,5927
8096,擎亞,6,0,6,元富-林園,2024-09-11,5927
00679B,元大美債20年,578,8,570,元富-林園,2024-09-12,5927
00687B,國泰20年美債,164,37,127,元富-林園,2024-09-12,5927
00948B,中信優息投資級債,103,0,103,元富-林園,2024-09-12,5927
00688L,國泰20年美債正2,103,0,103,元富-林園,2024-09-12,5927
6152,百一,70,8,62,元富-林園,2024-09-12,5927
2371,大同,50,6,44,元富-林園,2024-09-12,5927
00632R,元大台灣50反1,430,388,42,元富-林園,2024-09-12,5927
00795B,中信美國公債20年,40,0,40,元富-林園,2024-09-12,5927
2399,映泰,38,10,28,元富-林園,2024-09-12,5927
00692,富邦公司治理,25,0,25,元富-林園,2024-09-12,5927
2887,台新金,23,0,23,元富-林園,2024-09-12,5927
2891,中信金,22,1,21,元富-林園,2024-09-12,5927
2208,台船,20,0,20,元富-林園,2024-09-12,5927
1711,永光,47,30,17,元富-林園,2024-09-12,5927
00919,群益台灣精選高息,16,2,14,元富-林園,2024-09-12,5927
00671R,富邦NASDAQ反1,12,0,12,元富-林園,2024-09-12,5927
4549,桓達,11,0,11,元富-林園,2024-09-12,5927
1304,台聚,10,0,10,元富-林園,2024-09-12,5927
1584,精剛,10,0,10,元富-林園,2024-09-12,5927
2444,兆勁,10,0,10,元富-林園,2024-09-12,5927
2630,亞航,10,0,10,元富-林園,2024-09-12,5927
4154,樂威科-KY,10,0,10,元富-林園,2024-09-12,5927
8111,立��,10,0,10,元富-林園,2024-09-12,5927
4974,亞泰,17,8,9,元富-林園,2024-09-12,5927
2312,金寶,9,1,8,元富-林園,2024-09-12,5927
2425,承啟,17,9,8,元富-林園,2024-09-12,5927
3231,緯創,12,4,8,元富-林園,2024-09-12,5927
3303,岱稜,18,10,8,元富-林園,2024-09-12,5927
3707,漢磊,7,0,7,元富-林園,2024-09-12,5927
4533,協易機,10,3,7,元富-林園,2024-09-12,5927
6111,大宇資,10,3,7,元富-林園,2024-09-12,5927
6531,愛普*,7,0,7,元富-林園,2024-09-12,5927
2881,富邦金,7,1,6,元富-林園,2024-09-12,5927
2497,怡利電,13,7,6,元富-林園,2024-09-12,5927
4716,大立,6,0,6,元富-林園,2024-09-12,5927
8096,擎亞,7,1,6,元富-林園,2024-09-12,5927
5460,同協,8,2,6,元富-林園,2024-09-12,5927
00956,中信日經高股息,5,0,5,元富-林園,2024-09-12,5927
00637L,元大滬深300正2,5,0,5,元富-林園,2024-09-12,5927
00930,永豐ESG低碳高息,5,0,5,元富-林園,2024-09-12,5927
1904,正隆,5,0,5,元富-林園,2024-09-12,5927
6189,豐藝,5,0,5,元富-林園,2024-09-12,5927
8032,光菱,10,5,5,元富-林園,2024-09-12,5927
8358,金居,5,0,5,元富-林園,2024-09-12,5927
00907,永豐優息存股,4,0,4,元富-林園,2024-09-12,5927
1326,台化,4,0,4,元富-林園,2024-09-12,5927
3498,陽程,13,9,4,元富-林園,2024-09-12,5927
3623,富晶通,7,3,4,元富-林園,2024-09-12,5927
5508,永信建,5,1,4,元富-林園,2024-09-12,5927
6706,惠特,5,1,4,元富-林園,2024-09-12,5927
00687B,國泰20年美債,436,1,435,元富-林園,2024-09-13,5927
00952,凱基台灣AI50,100,0,100,元富-林園,2024-09-13,5927
1540,喬福,79,13,66,元富-林園,2024-09-13,5927
6194,育富,50,0,50,元富-林園,2024-09-13,5927
00929,復華台灣科技優息,40,0,40,元富-林園,2024-09-13,5927
1605,華新,38,0,38,元富-林園,2024-09-13,5927
2002,中鋼,50,23,27,元富-林園,2024-09-13,5927
00665L,富邦�琤肭磪囓�2,343,316,27,元富-林園,2024-09-13,5927
6651,全宇昕,23,0,23,元富-林園,2024-09-13,5927
2383,台光電,21,0,21,元富-林園,2024-09-13,5927
3360,尚立,26,5,21,元富-林園,2024-09-13,5927
3706,神達,21,0,21,元富-林園,2024-09-13,5927
00940,元大台灣價值高息,30,10,20,元富-林園,2024-09-13,5927
4510,高鋒,32,17,15,元富-林園,2024-09-13,5927
00919,群益台灣精選高息,26,14,12,元富-林園,2024-09-13,5927
2609,陽明,16,4,12,元富-林園,2024-09-13,5927
1310,台苯,11,0,11,元富-林園,2024-09-13,5927
6838,台新藥,11,0,11,元富-林園,2024-09-13,5927
8374,羅昇,11,0,11,元富-林園,2024-09-13,5927
00948B,中信優息投資級債,10,0,10,元富-林園,2024-09-13,5927
2449,京元電子,11,1,10,元富-林園,2024-09-13,5927
6274,台燿,17,7,10,元富-林園,2024-09-13,5927
1735,日勝化,10,0,10,元富-林園,2024-09-13,5927
2303,聯電,12,3,9,元富-林園,2024-09-13,5927
6188,廣明,9,0,9,元富-林園,2024-09-13,5927
1513,中興電,8,0,8,元富-林園,2024-09-13,5927
1503,士電,8,0,8,元富-林園,2024-09-13,5927
4153,鈺緯,9,1,8,元富-林園,2024-09-13,5927
4979,華星光,16,8,8,元富-林園,2024-09-13,5927
00931B,統一美債20年,7,0,7,元富-林園,2024-09-13,5927
1303,南亞,15,8,7,元富-林園,2024-09-13,5927
8043,蜜望實,6,0,6,元富-林園,2024-09-13,5927
2330,台積電,7,1,6,元富-林園,2024-09-13,5927
1301,台塑,18,12,6,元富-林園,2024-09-13,5927
1536,和大,6,0,6,元富-林園,2024-09-13,5927
1539,巨庭,10,4,6,元富-林園,2024-09-13,5927
6104,創惟,18,12,6,元富-林園,2024-09-13,5927
2317,鴻海,9,4,5,元富-林園,2024-09-13,5927
00671R,富邦NASDAQ反1,5,0,5,元富-林園,2024-09-13,5927
00939,統一台灣高息動能,5,0,5,元富-林園,2024-09-13,5927
2104,國際中橡,5,0,5,元富-林園,2024-09-13,5927
2634,漢翔,5,0,5,元富-林園,2024-09-13,5927
3702A,大聯大甲特,5,0,5,元富-林園,2024-09-13,5927
5386,青雲,9,4,5,元富-林園,2024-09-13,5927
5460,同協,6,1,5,元富-林園,2024-09-13,5927
6612,奈米醫材,5,0,5,元富-林園,2024-09-13,5927
6770,力積電,5,0,5,元富-林園,2024-09-13,5927
9904,寶成,5,0,5,元富-林園,2024-09-13,5927
1101,台泥,4,0,4,元富-林園,2024-09-13,5927
00941,中信上游半導體,4,0,4,元富-林園,2024-09-13,5927
00706L,期元大S＆P日圓正2,202,0,202,元富-林園,2024-09-16,5927
00679B,元大美債20年,189,1,188,元富-林園,2024-09-16,5927
00948B,中信優息投資級債,106,0,106,元富-林園,2024-09-16,5927
00680L,元大美債20正2,160,60,100,元富-林園,2024-09-16,5927
2883,凱基金,99,1,98,元富-林園,2024-09-16,5927
2007,燁興,89,0,89,元富-林園,2024-09-16,5927
1312,國喬,44,0,44,元富-林園,2024-09-16,5927
00687B,國泰20年美債,51,10,41,元富-林園,2024-09-16,5927
00934,中信成長高股息,40,0,40,元富-林園,2024-09-16,5927
2313,華通,42,3,39,元富-林園,2024-09-16,5927
2867,三商壽,32,0,32,元富-林園,2024-09-16,5927
00919,群益台灣精選高息,33,4,29,元富-林園,2024-09-16,5927
2349,錸德,43,15,28,元富-林園,2024-09-16,5927
5392,能率,25,0,25,元富-林園,2024-09-16,5927
4974,亞泰,31,6,25,元富-林園,2024-09-16,5927
1711,永光,38,17,21,元富-林園,2024-09-16,5927
6651,全宇昕,20,0,20,元富-林園,2024-09-16,5927
2426,鼎元,25,5,20,元富-林園,2024-09-16,5927
6216,居易,19,0,19,元富-林園,2024-09-16,5927
2344,華邦電,25,8,17,元富-林園,2024-09-16,5927
00940,元大台灣價值高息,16,0,16,元富-林園,2024-09-16,5927
6531,愛普*,18,2,16,元富-林園,2024-09-16,5927
3049,精金,21,6,15,元富-林園,2024-09-16,5927
4968,立積,15,0,15,元富-林園,2024-09-16,5927
00929,復華台灣科技優息,54,40,14,元富-林園,2024-09-16,5927
4526,東台,14,0,14,元富-林園,2024-09-16,5927
00930,永豐ESG低碳高息,13,0,13,元富-林園,2024-09-16,5927
1587,吉茂,13,0,13,元富-林園,2024-09-16,5927
1815,富喬,13,0,13,元富-林園,2024-09-16,5927
2489,瑞軒,13,0,13,元富-林園,2024-09-16,5927
2371,大同,13,1,12,元富-林園,2024-09-16,5927
3702A,大聯大甲特,12,0,12,元富-林園,2024-09-16,5927
00713,元大台灣高息低波,11,0,11,元富-林園,2024-09-16,5927
00715L,期街口布蘭特正2,11,0,11,元富-林園,2024-09-16,5927
1536,和大,10,0,10,元富-林園,2024-09-16,5927
1304,台聚,10,0,10,元富-林園,2024-09-16,5927
2329,華泰,13,3,10,元富-林園,2024-09-16,5927
2360,致茂,15,5,10,元富-林園,2024-09-16,5927
3031,佰鴻,10,0,10,元富-林園,2024-09-16,5927
3050,鈺德,23,13,10,元富-林園,2024-09-16,5927
6005,群益證,10,0,10,元富-林園,2024-09-16,5927
00665L,富邦�琤肭磪囓�2,432,423,9,元富-林園,2024-09-16,5927
1303,南亞,10,1,9,元富-林園,2024-09-16,5927
1608,華榮,11,2,9,元富-林園,2024-09-16,5927
00664R,國泰臺灣加權反1,8,0,8,元富-林園,2024-09-16,5927
00933B,國泰10Y+金融債,8,0,8,元富-林園,2024-09-16,5927
2497,怡利電,14,6,8,元富-林園,2024-09-16,5927
2891,中信金,9,1,8,元富-林園,2024-09-16,5927
00918,大華優利高填息30,9,1,8,元富-林園,2024-09-16,5927
00937B,群益ESG投等債20,7,1,6,元富-林園,2024-09-16,5927
00665L,富邦�琤肭磪囓�2,1603,18,1585,元富-林園,2024-09-18,5927
2888,新光金,455,158,297,元富-林園,2024-09-18,5927
00919,群益台灣精選高息,117,21,96,元富-林園,2024-09-18,5927
00929,復華台灣科技優息,103,10,93,元富-林園,2024-09-18,5927
1101,台泥,95,19,76,元富-林園,2024-09-18,5927
00687B,國泰20年美債,87,23,64,元富-林園,2024-09-18,5927
2337,旺宏,58,2,56,元富-林園,2024-09-18,5927
2515,中工,42,0,42,元富-林園,2024-09-18,5927
1301,台塑,47,9,38,元富-林園,2024-09-18,5927
2489,瑞軒,38,0,38,元富-林園,2024-09-18,5927
2313,華通,57,23,34,元富-林園,2024-09-18,5927
2317,鴻海,30,6,24,元富-林園,2024-09-18,5927
2351,順德,25,1,24,元富-林園,2024-09-18,5927
00878,國泰永續高股息,23,0,23,元富-林園,2024-09-18,5927
6698,旭暉應材,22,0,22,元富-林園,2024-09-18,5927
1513,中興電,25,6,19,元富-林園,2024-09-18,5927
2449,京元電子,25,6,19,元富-林園,2024-09-18,5927
3481,群創,18,0,18,元富-林園,2024-09-18,5927
2887,台新金,50,33,17,元富-林園,2024-09-18,5927
1503,士電,18,1,17,元富-林園,2024-09-18,5927
6609,瀧澤科,24,7,17,元富-林園,2024-09-18,5927
2867,三商壽,19,3,16,元富-林園,2024-09-18,5927
1442,名軒,15,0,15,元富-林園,2024-09-18,5927
1711,永光,43,28,15,元富-林園,2024-09-18,5927
1727,中華化,17,2,15,元富-林園,2024-09-18,5927
2352,佳世達,15,0,15,元富-林園,2024-09-18,5927
3617,碩天,15,0,15,元富-林園,2024-09-18,5927
4303,信立,15,0,15,元富-林園,2024-09-18,5927
2356,英業達,15,1,14,元富-林園,2024-09-18,5927
4908,前鼎,15,2,13,元富-林園,2024-09-18,5927
2303,聯電,16,4,12,元富-林園,2024-09-18,5927
2417,圓剛,12,0,12,元富-林園,2024-09-18,5927
6530,創威,24,12,12,元富-林園,2024-09-18,5927
2201,裕隆,11,0,11,元富-林園,2024-09-18,5927
2367,燿華,11,0,11,元富-林園,2024-09-18,5927
2383,台光電,10,0,10,元富-林園,2024-09-18,5927
2405,輔信,10,0,10,元富-林園,2024-09-18,5927
3010,華立,10,0,10,元富-林園,2024-09-18,5927
6104,創惟,13,4,9,元富-林園,2024-09-18,5927
6257,矽格,10,1,9,元富-林園,2024-09-18,5927
1217,愛之味,11,2,9,元富-林園,2024-09-18,5927
2314,台揚,10,1,9,元富-林園,2024-09-18,5927
2371,大同,11,2,9,元富-林園,2024-09-18,5927
8096,擎亞,9,1,8,元富-林園,2024-09-18,5927
2385,群光,10,3,7,元富-林園,2024-09-18,5927
2408,南亞科,7,0,7,元富-林園,2024-09-18,5927
2409,友達,7,0,7,元富-林園,2024-09-18,5927
3013,晟銘電,13,6,7,元富-林園,2024-09-18,5927
3550,聯穎,42,35,7,元富-林園,2024-09-18,5927
8936,國統,7,0,7,元富-林園,2024-09-18,5927
00687B,國泰20年美債,214,1,213,元富-林園,2024-09-19,5927
00958B,永豐ESG銀行債15,176,29,147,元富-林園,2024-09-19,5927
00679B,元大美債20年,93,0,93,元富-林園,2024-09-19,5927
00688L,國泰20年美債正2,78,0,78,元富-林園,2024-09-19,5927
00680L,元大美債20正2,79,1,78,元富-林園,2024-09-19,5927
00948B,中信優息投資級債,64,10,54,元富-林園,2024-09-19,5927
00929,復華台灣科技優息,73,20,53,元富-林園,2024-09-19,5927
2409,友達,50,0,50,元富-林園,2024-09-19,5927
2867,三商壽,50,2,48,元富-林園,2024-09-19,5927
2610,華航,42,1,41,元富-林園,2024-09-19,5927
00632R,元大台灣50反1,430,390,40,元富-林園,2024-09-19,5927
00933B,國泰10Y+金融債,40,0,40,元富-林園,2024-09-19,5927
8076,伍豐,40,1,39,元富-林園,2024-09-19,5927
00937B,群益ESG投等債20,48,10,38,元富-林園,2024-09-19,5927
00945B,凱基美國非投等債,43,5,38,元富-林園,2024-09-19,5927
2617,台航,35,0,35,元富-林園,2024-09-19,5927
00706L,期元大S＆P日圓正2,34,0,34,元富-林園,2024-09-19,5927
00919,群益台灣精選高息,33,0,33,元富-林園,2024-09-19,5927
3049,精金,191,158,33,元富-林園,2024-09-19,5927
1303,南亞,39,8,31,元富-林園,2024-09-19,5927
00959B,大華投等美債15Y+,30,0,30,元富-林園,2024-09-19,5927
6288,聯嘉,30,3,27,元富-林園,2024-09-19,5927
00772B,中信高評級公司債,23,1,22,元富-林園,2024-09-19,5927
1446,宏和,22,0,22,元富-林園,2024-09-19,5927
00915,凱基優選高股息30,20,0,20,元富-林園,2024-09-19,5927
00950B,凱基A級公司債,20,0,20,元富-林園,2024-09-19,5927
00957B,兆豐US優選投等債,39,19,20,元富-林園,2024-09-19,5927
4526,東台,41,21,20,元富-林園,2024-09-19,5927
6151,晉倫,51,31,20,元富-林園,2024-09-19,5927
00942B,台新美A公司債20+,19,0,19,元富-林園,2024-09-19,5927
00883B,中信ESG投資級債,19,0,19,元富-林園,2024-09-19,5927
2349,錸德,20,2,18,元富-林園,2024-09-19,5927
00741B,富邦全球非投等債,17,0,17,元富-林園,2024-09-19,5927
00740B,富邦全球投等債,16,0,16,元富-林園,2024-09-19,5927
6290,良維,16,0,16,元富-林園,2024-09-19,5927
2351,順德,16,1,15,元富-林園,2024-09-19,5927
2344,華邦電,15,0,15,元富-林園,2024-09-19,5927
00918,大華優利高填息30,13,0,13,元富-林園,2024-09-19,5927
2845,遠東銀,14,1,13,元富-林園,2024-09-19,5927
1735,日勝化,29,17,12,元富-林園,2024-09-19,5927
2488,漢平,11,0,11,元富-林園,2024-09-19,5927
2890,永豐金,11,0,11,元富-林園,2024-09-19,5927
00882,中信中國高股息,10,0,10,元富-林園,2024-09-19,5927
1309,台達化,10,0,10,元富-林園,2024-09-19,5927
6830,汎銓,13,3,10,元富-林園,2024-09-19,5927
2369,菱生,10,1,9,元富-林園,2024-09-19,5927
2303,聯電,8,0,8,元富-林園,2024-09-19,5927
00830,國泰費城半導體,8,0,8,元富-林園,2024-09-19,5927
00773B,中信優先金融債,8,0,8,元富-林園,2024-09-19,5927
2337,旺宏,14,6,8,元富-林園,2024-09-19,5927
00637L,元大滬深300正2,220,40,180,元富-林園,2024-09-20,5927
2888,新光金,168,12,156,元富-林園,2024-09-20,5927
00919,群益台灣精選高息,119,8,111,元富-林園,2024-09-20,5927
00929,復華台灣科技優息,72,5,67,元富-林園,2024-09-20,5927
2515,中工,65,2,63,元富-林園,2024-09-20,5927
00958B,永豐ESG銀行債15,46,0,46,元富-林園,2024-09-20,5927
5905,南仁湖,44,7,37,元富-林園,2024-09-20,5927
3430,奇鈦科,34,1,33,元富-林園,2024-09-20,5927
4526,東台,34,4,30,元富-林園,2024-09-20,5927
00931B,統一美債20年,48,19,29,元富-林園,2024-09-20,5927
00664R,國泰臺灣加權反1,29,0,29,元富-林園,2024-09-20,5927
00932,兆豐永續高息等權,28,0,28,元富-林園,2024-09-20,5927
2883,凱基金,37,9,28,元富-林園,2024-09-20,5927
00772B,中信高評級公司債,35,9,26,元富-林園,2024-09-20,5927
00687B,國泰20年美債,27,2,25,元富-林園,2024-09-20,5927
8064,東捷,30,5,25,元富-林園,2024-09-20,5927
9945,潤泰新,25,0,25,元富-林園,2024-09-20,5927
00673R,期元大S＆P原油反1,24,0,24,元富-林園,2024-09-20,5927
00915,凱基優選高股息30,25,2,23,元富-林園,2024-09-20,5927
00905,FT臺灣Smart,23,1,22,元富-林園,2024-09-20,5927
4772,台特化,21,0,21,元富-林園,2024-09-20,5927
6148,驊宏資,21,0,21,元富-林園,2024-09-20,5927
00642U,期元大S＆P石油,20,0,20,元富-林園,2024-09-20,5927
2208,台船,20,0,20,元富-林園,2024-09-20,5927
3049,精金,28,9,19,元富-林園,2024-09-20,5927
00928,中信上櫃ESG30,17,0,17,元富-林園,2024-09-20,5927
00921,兆豐龍頭等權重,16,0,16,元富-林園,2024-09-20,5927
00927,群益半導體收益,16,0,16,元富-林園,2024-09-20,5927
1314,中石化,16,0,16,元富-林園,2024-09-20,5927
2915,潤泰全,16,0,16,元富-林園,2024-09-20,5927
00671R,富邦NASDAQ反1,15,0,15,元富-林園,2024-09-20,5927
6288,聯嘉,35,20,15,元富-林園,2024-09-20,5927
00679B,元大美債20年,22,8,14,元富-林園,2024-09-20,5927
00937B,群益ESG投等債20,35,21,14,元富-林園,2024-09-20,5927
8070,長華*,49,35,14,元富-林園,2024-09-20,5927
00881,國泰台灣5G+,13,0,13,元富-林園,2024-09-20,5927
2537,聯上發,42,29,13,元富-林園,2024-09-20,5927
6958,日盛台駿,13,0,13,元富-林園,2024-09-20,5927
4563,百德,18,6,12,元富-林園,2024-09-20,5927
2542,興富發,22,11,11,元富-林園,2024-09-20,5927
6244,茂迪,20,9,11,元富-林園,2024-09-20,5927
6506,雙邦,11,0,11,元富-林園,2024-09-20,5927
8039,台虹,13,2,11,元富-林園,2024-09-20,5927
00795B,中信美國公債20年,19,9,10,元富-林園,2024-09-20,5927
1217,愛之味,10,0,10,元富-林園,2024-09-20,5927
1312,國喬,10,0,10,元富-林園,2024-09-20,5927
2382,廣達,14,4,10,元富-林園,2024-09-20,5927
2464,盟立,58,48,10,元富-林園,2024-09-20,5927
3005,神基,10,0,10,元富-林園,2024-09-20,5927
3213,茂訊,10,0,10,元富-林園,2024-09-20,5927
2888,新光金,642,89,553,元富-林園,2024-09-23,5927
00929,復華台灣科技優息,221,5,216,元富-林園,2024-09-23,5927
00687B,國泰20年美債,144,0,144,元富-林園,2024-09-23,5927
2349,錸德,150,66,84,元富-林園,2024-09-23,5927
00919,群益台灣精選高息,73,5,68,元富-林園,2024-09-23,5927
1314,中石化,44,0,44,元富-林園,2024-09-23,5927
1432,大魯閣,40,0,40,元富-林園,2024-09-23,5927
2867,三商壽,40,0,40,元富-林園,2024-09-23,5927
3715,定穎投控,59,21,38,元富-林園,2024-09-23,5927
00878,國泰永續高股息,35,0,35,元富-林園,2024-09-23,5927
1776,展宇,34,3,31,元富-林園,2024-09-23,5927
1710,東聯,29,0,29,元富-林園,2024-09-23,5927
00679B,元大美債20年,27,0,27,元富-林園,2024-09-23,5927
2515,中工,24,0,24,元富-林園,2024-09-23,5927
00680L,元大美債20正2,23,0,23,元富-林園,2024-09-23,5927
1721,三晃,46,23,23,元富-林園,2024-09-23,5927
2201,裕隆,22,0,22,元富-林園,2024-09-23,5927
5905,南仁湖,23,1,22,元富-林園,2024-09-23,5927
1711,永光,27,6,21,元富-林園,2024-09-23,5927
0056,元大高股息,18,0,18,元富-林園,2024-09-23,5927
8929,富堡,18,0,18,元富-林園,2024-09-23,5927
2537,聯上發,30,13,17,元富-林園,2024-09-23,5927
4542,科嶠,18,1,17,元富-林園,2024-09-23,5927
5452,佶優,20,5,15,元富-林園,2024-09-23,5927
00713,元大台灣高息低波,15,1,14,元富-林園,2024-09-23,5927
00907,永豐優息存股,12,0,12,元富-林園,2024-09-23,5927
3149,正達,19,7,12,元富-林園,2024-09-23,5927
00934,中信成長高股息,11,0,11,元富-林園,2024-09-23,5927
4909,新復興,17,6,11,元富-林園,2024-09-23,5927
00632R,元大台灣50反1,10,0,10,元富-林園,2024-09-23,5927
00937B,群益ESG投等債20,10,0,10,元富-林園,2024-09-23,5927
2547,日勝生,10,0,10,元富-林園,2024-09-23,5927
2915,潤泰全,10,0,10,元富-林園,2024-09-23,5927
2243,宏旭-KY,10,0,10,元富-林園,2024-09-23,5927
2351,順德,12,2,10,元富-林園,2024-09-23,5927
2369,菱生,10,0,10,元富-林園,2024-09-23,5927
2506,太設,10,0,10,元富-林園,2024-09-23,5927
3209,全科,10,0,10,元富-林園,2024-09-23,5927
3231,緯創,11,1,10,元富-林園,2024-09-23,5927
5460,同協,10,0,10,元富-林園,2024-09-23,5927
00671R,富邦NASDAQ反1,9,0,9,元富-林園,2024-09-23,5927
3360,尚立,11,2,9,元富-林園,2024-09-23,5927
4716,大立,48,39,9,元富-林園,2024-09-23,5927
8069,元太,9,0,9,元富-林園,2024-09-23,5927
9902,台火,9,0,9,元富-林園,2024-09-23,5927
00915,凱基優選高股息30,8,0,8,元富-林園,2024-09-23,5927
3714,富采,9,1,8,元富-林園,2024-09-23,5927
1785,光洋科,16,8,8,元富-林園,2024-09-23,5927
2337,旺宏,9,1,8,元富-林園,2024-09-23,5927
3685,元創精密,10,2,8,元富-林園,2024-09-23,5927
00632R,元大台灣50反1,110,0,110,元富-林園,2024-09-24,5927
2888,新光金,110,1,109,元富-林園,2024-09-24,5927
00680L,元大美債20正2,109,11,98,元富-林園,2024-09-24,5927
00929,復華台灣科技優息,128,33,95,元富-林園,2024-09-24,5927
3673,TPK-KY,67,4,63,元富-林園,2024-09-24,5927
2303,聯電,68,12,56,元富-林園,2024-09-24,5927
2891,中信金,66,17,49,元富-林園,2024-09-24,5927
2337,旺宏,47,1,46,元富-林園,2024-09-24,5927
00915,凱基優選高股息30,41,2,39,元富-林園,2024-09-24,5927
0056,元大高股息,38,0,38,元富-林園,2024-09-24,5927
00960,野村全球航運龍頭,28,0,28,元富-林園,2024-09-24,5927
1710,東聯,28,2,26,元富-林園,2024-09-24,5927
3490,單井,26,0,26,元富-林園,2024-09-24,5927
00679B,元大美債20年,27,2,25,元富-林園,2024-09-24,5927
1539,巨庭,28,3,25,元富-林園,2024-09-24,5927
00664R,國泰臺灣加權反1,21,0,21,元富-林園,2024-09-24,5927
2349,錸德,97,77,20,元富-林園,2024-09-24,5927
2515,中工,20,2,18,元富-林園,2024-09-24,5927
6405,悅城,31,13,18,元富-林園,2024-09-24,5927
00932,兆豐永續高息等權,16,0,16,元富-林園,2024-09-24,5927
1314,中石化,15,0,15,元富-林園,2024-09-24,5927
00671R,富邦NASDAQ反1,15,0,15,元富-林園,2024-09-24,5927
3049,精金,18,3,15,元富-林園,2024-09-24,5927
00919,群益台灣精選高息,20,6,14,元富-林園,2024-09-24,5927
2867,三商壽,26,14,12,元富-林園,2024-09-24,5927
1903,士紙,12,0,12,元富-林園,2024-09-24,5927
2356,英業達,16,4,12,元富-林園,2024-09-24,5927
2426,鼎元,13,1,12,元富-林園,2024-09-24,5927
8039,台虹,12,0,12,元富-林園,2024-09-24,5927
00934,中信成長高股息,11,0,11,元富-林園,2024-09-24,5927
1310,台苯,10,0,10,元富-林園,2024-09-24,5927
1802,台玻,10,0,10,元富-林園,2024-09-24,5927
2547,日勝生,10,0,10,元富-林園,2024-09-24,5927
4935,茂林-KY,10,0,10,元富-林園,2024-09-24,5927
5398,慕康生醫,10,0,10,元富-林園,2024-09-24,5927
8076,伍豐,11,1,10,元富-林園,2024-09-24,5927
2542,興富發,9,0,9,元富-林園,2024-09-24,5927
00751B,元大AAA至A公司債,9,0,9,元富-林園,2024-09-24,5927
00788B,元大10年IG電能債,9,0,9,元富-林園,2024-09-24,5927
1449,佳和,9,0,9,元富-林園,2024-09-24,5927
2383,台光電,9,0,9,元富-林園,2024-09-24,5927
3036A,文曄甲特,9,0,9,元富-林園,2024-09-24,5927
3498,陽程,20,11,9,元富-林園,2024-09-24,5927
6505,台塑化,10,1,9,元富-林園,2024-09-24,5927
00787B,元大10年IG醫療債,8,0,8,元富-林園,2024-09-24,5927
00786B,元大10年IG銀行債,8,0,8,元富-林園,2024-09-24,5927
00725B,國泰投資級公司債,8,0,8,元富-林園,2024-09-24,5927
00720B,元大投資級公司債,8,0,8,元富-林園,2024-09-24,5927
00687B,國泰20年美債,28,20,8,元富-林園,2024-09-24,5927
2313,華通,16,8,8,元富-林園,2024-09-24,5927
00665L,富邦�琤肭磪囓�2,3629,2471,1158,元富-林園,2024-09-25,5927
2883,凱基金,411,1,410,元富-林園,2024-09-25,5927
00929,復華台灣科技優息,327,136,191,元富-林園,2024-09-25,5927
00680L,元大美債20正2,52,0,52,元富-林園,2024-09-25,5927
3550,聯穎,62,13,49,元富-林園,2024-09-25,5927
00932,兆豐永續高息等權,45,0,45,元富-林園,2024-09-25,5927
00960,野村全球航運龍頭,43,0,43,元富-林園,2024-09-25,5927
4716,大立,42,10,32,元富-林園,2024-09-25,5927
2547,日勝生,30,0,30,元富-林園,2024-09-25,5927
2313,華通,35,6,29,元富-林園,2024-09-25,5927
00664R,國泰臺灣加權反1,25,0,25,元富-林園,2024-09-25,5927
00948B,中信優息投資級債,24,0,24,元富-林園,2024-09-25,5927
1785,光洋科,27,3,24,元富-林園,2024-09-25,5927
5452,佶優,23,0,23,元富-林園,2024-09-25,5927
1101,台泥,21,0,21,元富-林園,2024-09-25,5927
2630,亞航,26,6,20,元富-林園,2024-09-25,5927
3530,晶相光,20,0,20,元富-林園,2024-09-25,5927
6148,驊宏資,20,0,20,元富-林園,2024-09-25,5927
2009,第一銅,18,0,18,元富-林園,2024-09-25,5927
2601,益航,20,4,16,元富-林園,2024-09-25,5927
4502,健信,15,0,15,元富-林園,2024-09-25,5927
3062,建漢,16,2,14,元富-林園,2024-09-25,5927
1314,中石化,14,1,13,元富-林園,2024-09-25,5927
2356,英業達,15,2,13,元富-林園,2024-09-25,5927
4903,聯光通,18,6,12,元富-林園,2024-09-25,5927
2834,臺企銀,12,0,12,元富-林園,2024-09-25,5927
5701,劍湖山,12,0,12,元富-林園,2024-09-25,5927
2495,普安,23,12,11,元富-林園,2024-09-25,5927
4714,永捷,13,2,11,元富-林園,2024-09-25,5927
00671R,富邦NASDAQ反1,10,0,10,元富-林園,2024-09-25,5927
2419,仲琦,10,0,10,元富-林園,2024-09-25,5927
2889,國票金,10,0,10,元富-林園,2024-09-25,5927
2915,潤泰全,10,0,10,元富-林園,2024-09-25,5927
3066,李洲,10,0,10,元富-林園,2024-09-25,5927
5488,松普,10,0,10,元富-林園,2024-09-25,5927
5905,南仁湖,10,0,10,元富-林園,2024-09-25,5927
8070,長華*,22,12,10,元富-林園,2024-09-25,5927
1815,富喬,13,3,10,元富-林園,2024-09-25,5927
1303,南亞,11,2,9,元富-林園,2024-09-25,5927
3024,憶聲,10,1,9,元富-林園,2024-09-25,5927
3481,群創,32,23,9,元富-林園,2024-09-25,5927
8249,菱光,14,5,9,元富-林園,2024-09-25,5927
00830,國泰費城半導體,8,0,8,元富-林園,2024-09-25,5927
2402,毅嘉,9,1,8,元富-林園,2024-09-25,5927
2867,三商壽,12,4,8,元富-林園,2024-09-25,5927
00679B,元大美債20年,10,3,7,元富-林園,2024-09-25,5927
5315,光聯,7,0,7,元富-林園,2024-09-25,5927
1711,永光,15,9,6,元富-林園,2024-09-25,5927
00687B,國泰20年美債,12,6,6,元富-林園,2024-09-25,5927
3597,映興,6,0,6,元富-林園,2024-09-25,5927
00680L,元大美債20正2,108,0,108,元富-林園,2024-09-26,5927
00687B,國泰20年美債,89,23,66,元富-林園,2024-09-26,5927
2312,金寶,77,17,60,元富-林園,2024-09-26,5927
2867,三商壽,58,0,58,元富-林園,2024-09-26,5927
2801,彰銀,36,0,36,元富-林園,2024-09-26,5927
00960,野村全球航運龍頭,47,11,36,元富-林園,2024-09-26,5927
00725B,國泰投資級公司債,30,0,30,元富-林園,2024-09-26,5927
8039,台虹,34,5,29,元富-林園,2024-09-26,5927
3715,定穎投控,49,22,27,元富-林園,2024-09-26,5927
00679B,元大美債20年,25,1,24,元富-林園,2024-09-26,5927
2354,鴻準,46,22,24,元富-林園,2024-09-26,5927
6188,廣明,30,9,21,元富-林園,2024-09-26,5927
6548,長科*,20,0,20,元富-林園,2024-09-26,5927
6651,全宇昕,20,0,20,元富-林園,2024-09-26,5927
2303,聯電,31,11,20,元富-林園,2024-09-26,5927
2542,興富發,22,5,17,元富-林園,2024-09-26,5927
2367,燿華,21,5,16,元富-林園,2024-09-26,5927
3189,景碩,17,2,15,元富-林園,2024-09-26,5927
1309,台達化,14,0,14,元富-林園,2024-09-26,5927
3615,安可,14,0,14,元富-林園,2024-09-26,5927
2408,南亞科,20,7,13,元富-林園,2024-09-26,5927
2382,廣達,21,9,12,元富-林園,2024-09-26,5927
2426,鼎元,13,1,12,元富-林園,2024-09-26,5927
2497,怡利電,19,7,12,元富-林園,2024-09-26,5927
1314,中石化,12,1,11,元富-林園,2024-09-26,5927
2344,華邦電,31,20,11,元富-林園,2024-09-26,5927
3360,尚立,11,0,11,元富-林園,2024-09-26,5927
4533,協易機,13,2,11,元富-林園,2024-09-26,5927
00931B,統一美債20年,10,0,10,元富-林園,2024-09-26,5927
006208,富邦台50,10,0,10,元富-林園,2024-09-26,5927
00666R,富邦�琤肭磪齯�1,10,0,10,元富-林園,2024-09-26,5927
00669R,國泰美國道瓊反1,10,0,10,元富-林園,2024-09-26,5927
1597,直得,10,0,10,元富-林園,2024-09-26,5927
2374,佳能,10,0,10,元富-林園,2024-09-26,5927
2883,凱基金,12,2,10,元富-林園,2024-09-26,5927
3209,全科,10,0,10,元富-林園,2024-09-26,5927
3607,谷崧,10,0,10,元富-林園,2024-09-26,5927
3710,連展投控,11,1,10,元富-林園,2024-09-26,5927
4502,健信,10,0,10,元富-林園,2024-09-26,5927
4540,全球傳動,10,0,10,元富-林園,2024-09-26,5927
6026,福邦證,10,0,10,元富-林園,2024-09-26,5927
6180,橘子,15,5,10,元富-林園,2024-09-26,5927
6241,易通展,13,3,10,元富-林園,2024-09-26,5927
6506,雙邦,10,0,10,元富-林園,2024-09-26,5927
9955,佳龍,10,0,10,元富-林園,2024-09-26,5927
00712,復華富時不動產,9,0,9,元富-林園,2024-09-26,5927
1540,喬福,30,21,9,元富-林園,2024-09-26,5927
8096,擎亞,32,23,9,元富-林園,2024-09-26,5927
2429,銘旺科,8,0,8,元富-林園,2024-09-26,5927
6278,台表科,8,0,8,元富-林園,2024-09-26,5927
2834,臺企銀,352,20,332,元富-林園,2024-09-27,5927
00665L,富邦�琤肭磪囓�2,598,290,308,元富-林園,2024-09-27,5927
00680L,元大美債20正2,126,0,126,元富-林園,2024-09-27,5927
3622,洋華,110,0,110,元富-林園,2024-09-27,5927
2883,凱基金,91,0,91,元富-林園,2024-09-27,5927
00688L,國泰20年美債正2,71,0,71,元富-林園,2024-09-27,5927
00937B,群益ESG投等債20,81,13,68,元富-林園,2024-09-27,5927
1314,中石化,156,105,51,元富-林園,2024-09-27,5927
00725B,國泰投資級公司債,50,0,50,元富-林園,2024-09-27,5927
00882,中信中國高股息,70,27,43,元富-林園,2024-09-27,5927
6505,台塑化,46,5,41,元富-林園,2024-09-27,5927
00687B,國泰20年美債,36,0,36,元富-林園,2024-09-27,5927
00642U,期元大S＆P石油,31,0,31,元富-林園,2024-09-27,5927
00960,野村全球航運龍頭,64,33,31,元富-林園,2024-09-27,5927
2888,新光金,30,1,29,元富-林園,2024-09-27,5927
00945B,凱基美國非投等債,25,0,25,元富-林園,2024-09-27,5927
00706L,期元大S＆P日圓正2,23,0,23,元富-林園,2024-09-27,5927
2363,矽統,72,50,22,元富-林園,2024-09-27,5927
00751B,元大AAA至A公司債,21,0,21,元富-林園,2024-09-27,5927
6405,悅城,25,7,18,元富-林園,2024-09-27,5927
2606,裕民,19,2,17,元富-林園,2024-09-27,5927
3017,奇鋐,22,6,16,元富-林園,2024-09-27,5927
2427,三商電,15,0,15,元富-林園,2024-09-27,5927
2881,富邦金,20,5,15,元富-林園,2024-09-27,5927
6104,創惟,22,7,15,元富-林園,2024-09-27,5927
00679B,元大美債20年,16,2,14,元富-林園,2024-09-27,5927
5202,力新,13,0,13,元富-林園,2024-09-27,5927
8150,南茂,14,1,13,元富-林園,2024-09-27,5927
00922,國泰台灣領袖50,12,0,12,元富-林園,2024-09-27,5927
2641,正德,11,0,11,元富-林園,2024-09-27,5927
3094,聯傑,11,0,11,元富-林園,2024-09-27,5927
4903,聯光通,20,9,11,元富-林園,2024-09-27,5927
6116,彩晶,13,2,11,元富-林園,2024-09-27,5927
00900,富邦特選高股息30,10,0,10,元富-林園,2024-09-27,5927
1609,大亞,21,11,10,元富-林園,2024-09-27,5927
3710,連展投控,10,0,10,元富-林園,2024-09-27,5927
6138,茂達,10,0,10,元富-林園,2024-09-27,5927
6176,瑞儀,10,0,10,元富-林園,2024-09-27,5927
4919,新唐,13,4,9,元富-林園,2024-09-27,5927
00756B,群益投等新興公債,9,0,9,元富-林園,2024-09-27,5927
00726B,國泰新興投等債,9,0,9,元富-林園,2024-09-27,5927
2477,美隆電,11,2,9,元富-林園,2024-09-27,5927
2515,中工,20,11,9,元富-林園,2024-09-27,5927
3360,尚立,10,1,9,元富-林園,2024-09-27,5927
8074,鉅橡,9,0,9,元富-林園,2024-09-27,5927
00931B,統一美債20年,8,0,8,元富-林園,2024-09-27,5927
2379,瑞昱,8,0,8,元富-林園,2024-09-27,5927
00664R,國泰臺灣加權反1,9,2,7,元富-林園,2024-09-27,5927
2337,旺宏,20,13,7,元富-林園,2024-09-27,5927
3019,亞光,11,4,7,元富-林園,2024-09-27,5927
00753L,中信中國50正2,105,0,105,元富-林園,2024-09-30,5927
00934,中信成長高股息,65,0,65,元富-林園,2024-09-30,5927
2605,新興,119,55,64,元富-林園,2024-09-30,5927
00919,群益台灣精選高息,63,0,63,元富-林園,2024-09-30,5927
2606,裕民,66,12,54,元富-林園,2024-09-30,5927
2337,旺宏,44,0,44,元富-林園,2024-09-30,5927
3703,欣陸,40,0,40,元富-林園,2024-09-30,5927
00946,群益科技高息成長,36,0,36,元富-林園,2024-09-30,5927
00929,復華台灣科技優息,38,6,32,元富-林園,2024-09-30,5927
00680L,元大美債20正2,30,0,30,元富-林園,2024-09-30,5927
00930,永豐ESG低碳高息,30,0,30,元富-林園,2024-09-30,5927
6118,建達,30,0,30,元富-林園,2024-09-30,5927
00937B,群益ESG投等債20,29,1,28,元富-林園,2024-09-30,5927
1314,中石化,36,9,27,元富-林園,2024-09-30,5927
00715L,期街口布蘭特正2,23,0,23,元富-林園,2024-09-30,5927
2891,中信金,22,0,22,元富-林園,2024-09-30,5927
00687B,國泰20年美債,23,2,21,元富-林園,2024-09-30,5927
2723,美食-KY,21,0,21,元富-林園,2024-09-30,5927
3209,全科,21,0,21,元富-林園,2024-09-30,5927
2002,中鋼,41,21,20,元富-林園,2024-09-30,5927
1809,中釉,20,0,20,元富-林園,2024-09-30,5927
00878,國泰永續高股息,21,1,20,元富-林園,2024-09-30,5927
4513,福裕,18,0,18,元富-林園,2024-09-30,5927
1452,宏益,15,0,15,元富-林園,2024-09-30,5927
3406,玉晶光,15,0,15,元富-林園,2024-09-30,5927
1709,和益,20,6,14,元富-林園,2024-09-30,5927
2362,藍天,14,0,14,元富-林園,2024-09-30,5927
6609,瀧澤科,15,1,14,元富-林園,2024-09-30,5927
1569,濱川,15,2,13,元富-林園,2024-09-30,5927
2892,第一金,12,0,12,元富-林園,2024-09-30,5927
3062,建漢,16,4,12,元富-林園,2024-09-30,5927
3037,欣興,12,1,11,元富-林園,2024-09-30,5927
2613,中櫃,13,2,11,元富-林園,2024-09-30,5927
8069,元太,11,0,11,元富-林園,2024-09-30,5927
1304,台聚,10,0,10,元富-林園,2024-09-30,5927
2308,台達電,10,0,10,元富-林園,2024-09-30,5927
2243,宏旭-KY,10,0,10,元富-林園,2024-09-30,5927
2401,凌陽,10,0,10,元富-林園,2024-09-30,5927
2461,光群雷,10,0,10,元富-林園,2024-09-30,5927
3356,奇偶,10,0,10,元富-林園,2024-09-30,5927
3607,谷崧,10,0,10,元富-林園,2024-09-30,5927
8076,伍豐,10,0,10,元富-林園,2024-09-30,5927
1802,台玻,41,31,10,元富-林園,2024-09-30,5927
2303,聯電,9,0,9,元富-林園,2024-09-30,5927
2612,中航,9,0,9,元富-林園,2024-09-30,5927
8390,金益鼎,9,0,9,元富-林園,2024-09-30,5927
2449,京元電子,8,0,8,元富-林園,2024-09-30,5927
2515,中工,11,3,8,元富-林園,2024-09-30,5927
2609,陽明,57,49,8,元富-林園,2024-09-30,5927
5225,東科-KY,8,0,8,元富-林園,2024-09-30,5927
00929,復華台灣科技優息,60,11,49,元富-林園,2024-10-01,5927
3041,揚智,45,2,43,元富-林園,2024-10-01,5927
00665L,富邦�琤肭磪囓�2,30,0,30,元富-林園,2024-10-01,5927
3481,群創,36,6,30,元富-林園,2024-10-01,5927
00680L,元大美債20正2,29,0,29,元富-林園,2024-10-01,5927
00919,群益台灣精選高息,29,1,28,元富-林園,2024-10-01,5927
2605,新興,28,3,25,元富-林園,2024-10-01,5927
00930,永豐ESG低碳高息,20,0,20,元富-林園,2024-10-01,5927
3380,明泰,20,0,20,元富-林園,2024-10-01,5927
5603,陸海,20,0,20,元富-林園,2024-10-01,5927
1540,喬福,38,19,19,元富-林園,2024-10-01,5927
2408,南亞科,17,0,17,元富-林園,2024-10-01,5927
0056,元大高股息,17,0,17,元富-林園,2024-10-01,5927
00885,富邦越南,15,0,15,元富-林園,2024-10-01,5927
2312,金寶,15,0,15,元富-林園,2024-10-01,5927
2367,燿華,15,0,15,元富-林園,2024-10-01,5927
00922,國泰台灣領袖50,14,0,14,元富-林園,2024-10-01,5927
2382,廣達,20,6,14,元富-林園,2024-10-01,5927
6573,虹揚-KY,14,0,14,元富-林園,2024-10-01,5927
00878,國泰永續高股息,14,0,14,元富-林園,2024-10-01,5927
2609,陽明,28,15,13,元富-林園,2024-10-01,5927
4716,大立,16,3,13,元富-林園,2024-10-01,5927
2337,旺宏,17,5,12,元富-林園,2024-10-01,5927
2497,怡利電,22,11,11,元富-林園,2024-10-01,5927
2520,冠德,11,0,11,元富-林園,2024-10-01,5927
2615,萬海,33,22,11,元富-林園,2024-10-01,5927
1101,台泥,21,11,10,元富-林園,2024-10-01,5927
00713,元大台灣高息低波,10,0,10,元富-林園,2024-10-01,5927
006207,復華滬深,10,0,10,元富-林園,2024-10-01,5927
006205,富邦上証,10,0,10,元富-林園,2024-10-01,5927
00940,元大台灣價值高息,14,4,10,元富-林園,2024-10-01,5927
1309,台達化,10,0,10,元富-林園,2024-10-01,5927
2243,宏旭-KY,10,0,10,元富-林園,2024-10-01,5927
2371,大同,17,7,10,元富-林園,2024-10-01,5927
2406,國碩,13,3,10,元富-林園,2024-10-01,5927
2412,中華電,10,0,10,元富-林園,2024-10-01,5927
2801,彰銀,10,0,10,元富-林園,2024-10-01,5927
3360,尚立,19,9,10,元富-林園,2024-10-01,5927
5460,同協,12,2,10,元富-林園,2024-10-01,5927
6609,瀧澤科,12,2,10,元富-林園,2024-10-01,5927
00943,兆豐電子高息等權,9,0,9,元富-林園,2024-10-01,5927
00687B,國泰20年美債,9,0,9,元富-林園,2024-10-01,5927
4174,浩鼎,13,4,9,元富-林園,2024-10-01,5927
1569,濱川,23,15,8,元富-林園,2024-10-01,5927
006206,元大上證50,6,0,6,元富-林園,2024-10-01,5927
2399,映泰,26,20,6,元富-林園,2024-10-01,5927
2449,京元電子,8,2,6,元富-林園,2024-10-01,5927
2492,華新科,6,0,6,元富-林園,2024-10-01,5927
4768,晶呈科技,6,0,6,元富-林園,2024-10-01,5927
6244,茂迪,31,25,6,元富-林園,2024-10-01,5927
5014,建錩,129,2,127,元富-林園,2024-10-04,5927
2349,錸德,85,0,85,元富-林園,2024-10-04,5927
00919,群益台灣精選高息,80,0,80,元富-林園,2024-10-04,5927
00680L,元大美債20正2,82,3,79,元富-林園,2024-10-04,5927
2609,陽明,87,9,78,元富-林園,2024-10-04,5927
00929,復華台灣科技優息,83,18,65,元富-林園,2024-10-04,5927
9924,福興,62,0,62,元富-林園,2024-10-04,5927
00706L,期元大S＆P日圓正2,53,15,38,元富-林園,2024-10-04,5927
00882,中信中國高股息,60,23,37,元富-林園,2024-10-04,5927
0056,元大高股息,32,0,32,元富-林園,2024-10-04,5927
00632R,元大台灣50反1,30,0,30,元富-林園,2024-10-04,5927
6958,日盛台駿,30,0,30,元富-林園,2024-10-04,5927
2610,華航,27,0,27,元富-林園,2024-10-04,5927
00948B,中信優息投資級債,25,0,25,元富-林園,2024-10-04,5927
3025,星通,35,10,25,元富-林園,2024-10-04,5927
2606,裕民,23,0,23,元富-林園,2024-10-04,5927
2615,萬海,31,8,23,元富-林園,2024-10-04,5927
2603,長榮,24,2,22,元富-林園,2024-10-04,5927
2515,中工,21,0,21,元富-林園,2024-10-04,5927
4540,全球傳動,20,0,20,元富-林園,2024-10-04,5927
4960,誠美材,20,0,20,元富-林園,2024-10-04,5927
00946,群益科技高息成長,18,0,18,元富-林園,2024-10-04,5927
2308,台達電,17,0,17,元富-林園,2024-10-04,5927
5230,雷笛克光學,18,3,15,元富-林園,2024-10-04,5927
8938,明安,15,0,15,元富-林園,2024-10-04,5927
00939,統一台灣高息動能,13,0,13,元富-林園,2024-10-04,5927
00887,永豐中國科技50大,13,0,13,元富-林園,2024-10-04,5927
00642U,期元大S＆P石油,20,7,13,元富-林園,2024-10-04,5927
1337,再生-KY,13,0,13,元富-林園,2024-10-04,5927
2303,聯電,15,2,13,元富-林園,2024-10-04,5927
1301,台塑,14,3,11,元富-林園,2024-10-04,5927
2417,圓剛,11,0,11,元富-林園,2024-10-04,5927
4908,前鼎,12,1,11,元富-林園,2024-10-04,5927
00720B,元大投資級公司債,10,0,10,元富-林園,2024-10-04,5927
00673R,期元大S＆P原油反1,15,5,10,元富-林園,2024-10-04,5927
00945B,凱基美國非投等債,10,0,10,元富-林園,2024-10-04,5927
1721,三晃,10,0,10,元富-林園,2024-10-04,5927
2312,金寶,10,0,10,元富-林園,2024-10-04,5927
2429,銘旺科,10,0,10,元富-林園,2024-10-04,5927
2605,新興,13,3,10,元富-林園,2024-10-04,5927
2801,彰銀,10,0,10,元富-林園,2024-10-04,5927
3163,波若威,16,6,10,元富-林園,2024-10-04,5927
3703,欣陸,10,0,10,元富-林園,2024-10-04,5927
4935,茂林-KY,10,0,10,元富-林園,2024-10-04,5927
6138,茂達,10,0,10,元富-林園,2024-10-04,5927
1609,大亞,10,1,9,元富-林園,2024-10-04,5927
1446,宏和,9,0,9,元富-林園,2024-10-04,5927
2382,廣達,11,2,9,元富-林園,2024-10-04,5927
2415,錩新,10,1,9,元富-林園,2024-10-04,5927
4977,眾達-KY,15,6,9,元富-林園,2024-10-04,5927
00665L,富邦�琤肭磪囓�2,447,214,233,元富-林園,2024-10-07,5927
4908,前鼎,152,11,141,元富-林園,2024-10-07,5927
1314,中石化,125,5,120,元富-林園,2024-10-07,5927
00940,元大台灣價值高息,120,0,120,元富-林園,2024-10-07,5927
00919,群益台灣精選高息,67,6,61,元富-林園,2024-10-07,5927
00680L,元大美債20正2,55,0,55,元富-林園,2024-10-07,5927
2515,中工,47,1,46,元富-林園,2024-10-07,5927
3025,星通,63,19,44,元富-林園,2024-10-07,5927
00632R,元大台灣50反1,40,0,40,元富-林園,2024-10-07,5927
5014,建錩,37,0,37,元富-林園,2024-10-07,5927
2337,旺宏,30,0,30,元富-林園,2024-10-07,5927
00637L,元大滬深300正2,35,6,29,元富-林園,2024-10-07,5927
3163,波若威,37,11,26,元富-林園,2024-10-07,5927
3622,洋華,83,57,26,元富-林園,2024-10-07,5927
00929,復華台灣科技優息,26,0,26,元富-林園,2024-10-07,5927
00706L,期元大S＆P日圓正2,23,0,23,元富-林園,2024-10-07,5927
00688L,國泰20年美債正2,21,0,21,元富-林園,2024-10-07,5927
00673R,期元大S＆P原油反1,20,0,20,元富-林園,2024-10-07,5927
1714,和桐,20,0,20,元富-林園,2024-10-07,5927
8249,菱光,52,33,19,元富-林園,2024-10-07,5927
2303,聯電,35,16,19,元富-林園,2024-10-07,5927
2610,華航,19,0,19,元富-林園,2024-10-07,5927
6937,天虹,20,1,19,元富-林園,2024-10-07,5927
2313,華通,23,5,18,元富-林園,2024-10-07,5927
3481,群創,28,11,17,元富-林園,2024-10-07,5927
2615,萬海,60,44,16,元富-林園,2024-10-07,5927
1101,台泥,21,5,16,元富-林園,2024-10-07,5927
2887,台新金,16,0,16,元富-林園,2024-10-07,5927
1109,信大,14,0,14,元富-林園,2024-10-07,5927
2412,中華電,13,0,13,元富-林園,2024-10-07,5927
2356,英業達,14,1,13,元富-林園,2024-10-07,5927
00679B,元大美債20年,15,4,11,元富-林園,2024-10-07,5927
2317,鴻海,26,15,11,元富-林園,2024-10-07,5927
00878,國泰永續高股息,10,0,10,元富-林園,2024-10-07,5927
2104,國際中橡,10,0,10,元富-林園,2024-10-07,5927
2324,仁寶,10,0,10,元富-林園,2024-10-07,5927
2801,彰銀,10,0,10,元富-林園,2024-10-07,5927
6241,易通展,10,0,10,元富-林園,2024-10-07,5927
8043,蜜望實,11,1,10,元富-林園,2024-10-07,5927
8411,福貞-KY,10,0,10,元富-林園,2024-10-07,5927
00931B,統一美債20年,9,0,9,元富-林園,2024-10-07,5927
00725B,國泰投資級公司債,9,0,9,元富-林園,2024-10-07,5927
1616,億泰,8,0,8,元富-林園,2024-10-07,5927
2477,美隆電,8,0,8,元富-林園,2024-10-07,5927
4961,天鈺,10,2,8,元富-林園,2024-10-07,5927
6116,彩晶,8,0,8,元富-林園,2024-10-07,5927
1305,華夏,7,0,7,元富-林園,2024-10-07,5927
2497,怡利電,11,4,7,元富-林園,2024-10-07,5927
2605,新興,10,3,7,元富-林園,2024-10-07,5927
4306,炎洲,10,3,7,元富-林園,2024-10-07,5927
1314,中石化,80,0,80,元富-林園,2024-10-08,5927
00929,復華台灣科技優息,71,10,61,元富-林園,2024-10-08,5927
00680L,元大美債20正2,52,0,52,元富-林園,2024-10-08,5927
00924,復華S＆P500成長,50,0,50,元富-林園,2024-10-08,5927
4542,科嶠,50,2,48,元富-林園,2024-10-08,5927
00907,永豐優息存股,33,0,33,元富-林園,2024-10-08,5927
2399,映泰,61,29,32,元富-林園,2024-10-08,5927
00878,國泰永續高股息,31,0,31,元富-林園,2024-10-08,5927
00671R,富邦NASDAQ反1,30,0,30,元富-林園,2024-10-08,5927
00687B,國泰20年美債,29,0,29,元富-林園,2024-10-08,5927
00937B,群益ESG投等債20,48,20,28,元富-林園,2024-10-08,5927
00688L,國泰20年美債正2,26,0,26,元富-林園,2024-10-08,5927
00887,永豐中國科技50大,113,88,25,元富-林園,2024-10-08,5927
00919,群益台灣精選高息,50,26,24,元富-林園,2024-10-08,5927
00665L,富邦�琤肭磪囓�2,24,0,24,元富-林園,2024-10-08,5927
2356,英業達,24,0,24,元富-林園,2024-10-08,5927
3481,群創,27,3,24,元富-林園,2024-10-08,5927
4979,華星光,34,11,23,元富-林園,2024-10-08,5927
00679B,元大美債20年,24,1,23,元富-林園,2024-10-08,5927
00637L,元大滬深300正2,25,3,22,元富-林園,2024-10-08,5927
2883,凱基金,22,0,22,元富-林園,2024-10-08,5927
2515,中工,21,0,21,元富-林園,2024-10-08,5927
1231,聯華食,20,0,20,元富-林園,2024-10-08,5927
2312,金寶,20,0,20,元富-林園,2024-10-08,5927
3163,波若威,28,9,19,元富-林園,2024-10-08,5927
2402,毅嘉,21,3,18,元富-林園,2024-10-08,5927
3290,東浦,17,0,17,元富-林園,2024-10-08,5927
2344,華邦電,16,0,16,元富-林園,2024-10-08,5927
2303,聯電,15,0,15,元富-林園,2024-10-08,5927
2610,華航,15,0,15,元富-林園,2024-10-08,5927
2887,台新金,16,3,13,元富-林園,2024-10-08,5927
2886,兆豐金,13,0,13,元富-林園,2024-10-08,5927
00712,復華富時不動產,11,0,11,元富-林園,2024-10-08,5927
00944,野村趨勢動能高息,11,0,11,元富-林園,2024-10-08,5927
2801,彰銀,10,0,10,元富-林園,2024-10-08,5927
00725B,國泰投資級公司債,10,0,10,元富-林園,2024-10-08,5927
2349,錸德,10,0,10,元富-林園,2024-10-08,5927
3354,律勝,10,0,10,元富-林園,2024-10-08,5927
6138,茂達,10,0,10,元富-林園,2024-10-08,5927
8176,智捷,10,0,10,元富-林園,2024-10-08,5927
1710,東聯,9,0,9,元富-林園,2024-10-08,5927
2371,大同,11,2,9,元富-林園,2024-10-08,5927
0056,元大高股息,9,1,8,元富-林園,2024-10-08,5927
9958,世紀鋼,8,0,8,元富-林園,2024-10-08,5927
00753L,中信中國50正2,40,32,8,元富-林園,2024-10-08,5927
1536,和大,9,1,8,元富-林園,2024-10-08,5927
1815,富喬,9,1,8,元富-林園,2024-10-08,5927
1905,華紙,8,0,8,元富-林園,2024-10-08,5927
2498,宏達電,18,10,8,元富-林園,2024-10-08,5927
3227,原相,19,12,7,元富-林園,2024-10-08,5927
00637L,元大滬深300正2,486,266,220,元富-林園,2024-10-09,5927
00665L,富邦�琤肭磪囓�2,718,500,218,元富-林園,2024-10-09,5927
00753L,中信中國50正2,201,10,191,元富-林園,2024-10-09,5927
1314,中石化,136,32,104,元富-林園,2024-10-09,5927
2883,凱基金,78,1,77,元富-林園,2024-10-09,5927
2363,矽統,104,43,61,元富-林園,2024-10-09,5927
1709,和益,48,0,48,元富-林園,2024-10-09,5927
00882,中信中國高股息,56,12,44,元富-林園,2024-10-09,5927
2731,雄獅,42,0,42,元富-林園,2024-10-09,5927
3049,精金,96,56,40,元富-林園,2024-10-09,5927
2888,新光金,43,6,37,元富-林園,2024-10-09,5927
00655L,國泰中國A50正2,30,0,30,元富-林園,2024-10-09,5927
2002,中鋼,30,0,30,元富-林園,2024-10-09,5927
1710,東聯,28,1,27,元富-林園,2024-10-09,5927
00919,群益台灣精選高息,29,3,26,元富-林園,2024-10-09,5927
2109,華豐,30,5,25,元富-林園,2024-10-09,5927
1714,和桐,24,0,24,元富-林園,2024-10-09,5927
8070,長華*,22,0,22,元富-林園,2024-10-09,5927
2603,長榮,20,0,20,元富-林園,2024-10-09,5927
00900,富邦特選高股息30,20,0,20,元富-林園,2024-10-09,5927
2497,怡利電,21,1,20,元富-林園,2024-10-09,5927
2515,中工,22,2,20,元富-林園,2024-10-09,5927
2353,宏��,20,1,19,元富-林園,2024-10-09,5927
3051,力特,20,1,19,元富-林園,2024-10-09,5927
2103,台橡,18,0,18,元富-林園,2024-10-09,5927
00929,復華台灣科技優息,19,1,18,元富-林園,2024-10-09,5927
2367,燿華,16,0,16,元富-林園,2024-10-09,5927
8429,金麗-KY,15,0,15,元富-林園,2024-10-09,5927
3231,緯創,24,9,15,元富-林園,2024-10-09,5927
00679B,元大美債20年,26,11,15,元富-林園,2024-10-09,5927
00937B,群益ESG投等債20,14,0,14,元富-林園,2024-10-09,5927
00936,台新永續高息中小,12,0,12,元富-林園,2024-10-09,5927
2401,凌陽,12,0,12,元富-林園,2024-10-09,5927
3062,建漢,14,2,12,元富-林園,2024-10-09,5927
8271,宇瞻,12,0,12,元富-林園,2024-10-09,5927
00725B,國泰投資級公司債,11,0,11,元富-林園,2024-10-09,5927
00948B,中信優息投資級債,11,0,11,元富-林園,2024-10-09,5927
2379,瑞昱,12,1,11,元富-林園,2024-10-09,5927
3356,奇偶,11,0,11,元富-林園,2024-10-09,5927
3645,達邁,11,0,11,元富-林園,2024-10-09,5927
5386,青雲,11,0,11,元富-林園,2024-10-09,5927
00922,國泰台灣領袖50,10,0,10,元富-林園,2024-10-09,5927
2887,台新金,29,19,10,元富-林園,2024-10-09,5927
00650L,復華香港正2,10,0,10,元富-林園,2024-10-09,5927
2426,鼎元,16,6,10,元富-林園,2024-10-09,5927
5443,均豪,14,4,10,元富-林園,2024-10-09,5927
4566,時碩工業,9,0,9,元富-林園,2024-10-09,5927
0056,元大高股息,9,0,9,元富-林園,2024-10-09,5927
6937,天虹,13,5,8,元富-林園,2024-10-09,5927
00915,凱基優選高股息30,7,0,7,元富-林園,2024-10-09,5927
00637L,元大滬深300正2,368,0,368,元富-林園,2024-10-11,5927
00673R,期元大S＆P原油反1,100,0,100,元富-林園,2024-10-11,5927
5438,東友,60,1,59,元富-林園,2024-10-11,5927
2547,日勝生,50,0,50,元富-林園,2024-10-11,5927
1721,三晃,33,0,33,元富-林園,2024-10-11,5927
6609,瀧澤科,36,6,30,元富-林園,2024-10-11,5927
2337,旺宏,27,0,27,元富-林園,2024-10-11,5927
00687B,國泰20年美債,27,3,24,元富-林園,2024-10-11,5927
6770,力積電,22,0,22,元富-林園,2024-10-11,5927
2888,新光金,31,10,21,元富-林園,2024-10-11,5927
00715L,期街口布蘭特正2,20,1,19,元富-林園,2024-10-11,5927
2495,普安,18,0,18,元富-林園,2024-10-11,5927
0056,元大高股息,15,0,15,元富-林園,2024-10-11,5927
1314,中石化,15,0,15,元富-林園,2024-10-11,5927
1584,精剛,14,0,14,元富-林園,2024-10-11,5927
2354,鴻準,17,3,14,元富-林園,2024-10-11,5927
00946,群益科技高息成長,13,0,13,元富-林園,2024-10-11,5927
2027,大成鋼,13,0,13,元富-林園,2024-10-11,5927
2344,華邦電,13,0,13,元富-林園,2024-10-11,5927
2615,萬海,17,5,12,元富-林園,2024-10-11,5927
2449,京元電子,22,10,12,元富-林園,2024-10-11,5927
6788,華景電,11,0,11,元富-林園,2024-10-11,5927
00930,永豐ESG低碳高息,11,0,11,元富-林園,2024-10-11,5927
3162,精確,17,6,11,元富-林園,2024-10-11,5927
8111,立��,55,44,11,元富-林園,2024-10-11,5927
00679B,元大美債20年,13,3,10,元富-林園,2024-10-11,5927
2886,兆豐金,10,0,10,元富-林園,2024-10-11,5927
6134,萬旭,35,25,10,元富-林園,2024-10-11,5927
8074,鉅橡,9,0,9,元富-林園,2024-10-11,5927
6290,良維,11,3,8,元富-林園,2024-10-11,5927
2408,南亞科,9,1,8,元富-林園,2024-10-11,5927
1815,富喬,9,1,8,元富-林園,2024-10-11,5927
3149,正達,39,31,8,元富-林園,2024-10-11,5927
006208,富邦台50,8,0,8,元富-林園,2024-10-11,5927
2497,怡利電,9,2,7,元富-林園,2024-10-11,5927
3303,岱稜,7,0,7,元富-林園,2024-10-11,5927
4931,新盛力,7,0,7,元富-林園,2024-10-11,5927
5439,高技,7,0,7,元富-林園,2024-10-11,5927
00937B,群益ESG投等債20,6,0,6,元富-林園,2024-10-11,5927
2618,長榮航,7,1,6,元富-林園,2024-10-11,5927
00680L,元大美債20正2,6,0,6,元富-林園,2024-10-11,5927
3597,映興,6,0,6,元富-林園,2024-10-11,5927
5484,慧友,6,0,6,元富-林園,2024-10-11,5927
6218,豪勉,10,4,6,元富-林園,2024-10-11,5927
00931B,統一美債20年,6,0,6,元富-林園,2024-10-11,5927
2887,台新金,20,15,5,元富-林園,2024-10-11,5927
2376,技嘉,6,1,5,元富-林園,2024-10-11,5927
4967,十銓,5,0,5,元富-林園,2024-10-11,5927
5351,鈺創,5,0,5,元富-林園,2024-10-11,5927
8429,金麗-KY,5,0,5,元富-林園,2024-10-11,5927
00725B,國泰投資級公司債,131,0,131,元富-林園,2024-10-14,5927
00922,國泰台灣領袖50,105,0,105,元富-林園,2024-10-14,5927
00887,永豐中國科技50大,192,90,102,元富-林園,2024-10-14,5927
9105,泰金寶-DR,95,2,93,元富-林園,2024-10-14,5927
1314,中石化,67,1,66,元富-林園,2024-10-14,5927
2421,建準,50,0,50,元富-林園,2024-10-14,5927
2312,金寶,96,54,42,元富-林園,2024-10-14,5927
00751B,元大AAA至A公司債,40,2,38,元富-林園,2024-10-14,5927
0056,元大高股息,36,0,36,元富-林園,2024-10-14,5927
2103,台橡,35,0,35,元富-林園,2024-10-14,5927
00712,復華富時不動產,32,0,32,元富-林園,2024-10-14,5927
2887,台新金,34,3,31,元富-林園,2024-10-14,5927
00907,永豐優息存股,26,0,26,元富-林園,2024-10-14,5927
00912,中信臺灣智慧50,23,0,23,元富-林園,2024-10-14,5927
1309,台達化,24,2,22,元富-林園,2024-10-14,5927
2884,玉山金,22,3,19,元富-林園,2024-10-14,5927
3047,訊舟,22,3,19,元富-林園,2024-10-14,5927
3481,群創,20,2,18,元富-林園,2024-10-14,5927
1437,勤益控,16,0,16,元富-林園,2024-10-14,5927
4513,福裕,28,12,16,元富-林園,2024-10-14,5927
2002,中鋼,22,7,15,元富-林園,2024-10-14,5927
2486,一詮,30,16,14,元富-林園,2024-10-14,5927
4510,高鋒,25,11,14,元富-林園,2024-10-14,5927
2313,華通,15,2,13,元富-林園,2024-10-14,5927
8011,台通,23,10,13,元富-林園,2024-10-14,5927
00919,群益台灣精選高息,13,1,12,元富-林園,2024-10-14,5927
00680L,元大美債20正2,12,0,12,元富-林園,2024-10-14,5927
00688L,國泰20年美債正2,11,0,11,元富-林園,2024-10-14,5927
2888,新光金,29,19,10,元富-林園,2024-10-14,5927
00676R,富邦臺灣加權反1,10,0,10,元富-林園,2024-10-14,5927
00664R,國泰臺灣加權反1,10,0,10,元富-林園,2024-10-14,5927
5876,上海商銀,10,0,10,元富-林園,2024-10-14,5927
2890,永豐金,11,1,10,元富-林園,2024-10-14,5927
00753L,中信中國50正2,11,2,9,元富-林園,2024-10-14,5927
2014,中鴻,10,1,9,元富-林園,2024-10-14,5927
3437,榮創,11,2,9,元富-林園,2024-10-14,5927
6451,訊芯-KY,12,3,9,元富-林園,2024-10-14,5927
6546,正基,10,1,9,元富-林園,2024-10-14,5927
2376,技嘉,8,0,8,元富-林園,2024-10-14,5927
6278,台表科,8,0,8,元富-林園,2024-10-14,5927
6117,迎廣,8,1,7,元富-林園,2024-10-14,5927
1569,濱川,7,0,7,元富-林園,2024-10-14,5927
2615,萬海,12,6,6,元富-林園,2024-10-14,5927
00720B,元大投資級公司債,7,1,6,元富-林園,2024-10-14,5927
1609,大亞,7,1,6,元富-林園,2024-10-14,5927
1709,和益,6,0,6,元富-林園,2024-10-14,5927
2344,華邦電,6,0,6,元富-林園,2024-10-14,5927
2493,揚博,6,0,6,元富-林園,2024-10-14,5927
3019,亞光,7,1,6,元富-林園,2024-10-14,5927
3036,文曄,9,3,6,元富-林園,2024-10-14,5927
2883,凱基金,2004,126,1878,元富-林園,2024-10-15,5927
00680L,元大美債20正2,328,0,328,元富-林園,2024-10-15,5927
00665L,富邦�琤肭磪囓�2,264,3,261,元富-林園,2024-10-15,5927
2891,中信金,260,45,215,元富-林園,2024-10-15,5927
00637L,元大滬深300正2,210,0,210,元富-林園,2024-10-15,5927
00673R,期元大S＆P原油反1,114,6,108,元富-林園,2024-10-15,5927
1314,中石化,108,3,105,元富-林園,2024-10-15,5927
00740B,富邦全球投等債,49,0,49,元富-林園,2024-10-15,5927
3049,精金,108,67,41,元富-林園,2024-10-15,5927
00919,群益台灣精選高息,39,6,33,元富-林園,2024-10-15,5927
2888,新光金,132,99,33,元富-林園,2024-10-15,5927
2408,南亞科,32,0,32,元富-林園,2024-10-15,5927
5439,高技,30,0,30,元富-林園,2024-10-15,5927
3356,奇偶,24,0,24,元富-林園,2024-10-15,5927
4979,華星光,46,22,24,元富-林園,2024-10-15,5927
00733,富邦臺灣中小,20,0,20,元富-林園,2024-10-15,5927
4513,福裕,19,2,17,元富-林園,2024-10-15,5927
2426,鼎元,19,3,16,元富-林園,2024-10-15,5927
00687B,國泰20年美債,16,0,16,元富-林園,2024-10-15,5927
2363,矽統,29,13,16,元富-林園,2024-10-15,5927
4526,東台,16,0,16,元富-林園,2024-10-15,5927
2356,英業達,31,16,15,元富-林園,2024-10-15,5927
2515,中工,20,5,15,元富-林園,2024-10-15,5927
1301,台塑,14,1,13,元富-林園,2024-10-15,5927
1326,台化,13,0,13,元富-林園,2024-10-15,5927
2615,萬海,15,2,13,元富-林園,2024-10-15,5927
00937B,群益ESG投等債20,22,10,12,元富-林園,2024-10-15,5927
5347,世界,12,0,12,元富-林園,2024-10-15,5927
2601,益航,11,0,11,元富-林園,2024-10-15,5927
2887,台新金,21,11,10,元富-林園,2024-10-15,5927
1309,台達化,10,0,10,元富-林園,2024-10-15,5927
1313,聯成,10,0,10,元富-林園,2024-10-15,5927
2002,中鋼,10,0,10,元富-林園,2024-10-15,5927
2537,聯上發,10,0,10,元富-林園,2024-10-15,5927
3202,樺晟,10,0,10,元富-林園,2024-10-15,5927
5386,青雲,10,0,10,元富-林園,2024-10-15,5927
6104,創惟,11,1,10,元富-林園,2024-10-15,5927
00929,復華台灣科技優息,20,11,9,元富-林園,2024-10-15,5927
0056,元大高股息,11,2,9,元富-林園,2024-10-15,5927
5009,榮剛,9,0,9,元富-林園,2024-10-15,5927
2340,台亞,8,0,8,元富-林園,2024-10-15,5927
6257,矽格,8,0,8,元富-林園,2024-10-15,5927
6546,正基,8,0,8,元富-林園,2024-10-15,5927
3149,正達,32,25,7,元富-林園,2024-10-15,5927
3047,訊舟,7,0,7,元富-林園,2024-10-15,5927
00632R,元大台灣50反1,26,20,6,元富-林園,2024-10-15,5927
00907,永豐優息存股,6,0,6,元富-林園,2024-10-15,5927
2014,中鴻,6,0,6,元富-林園,2024-10-15,5927
4977,眾達-KY,14,8,6,元富-林園,2024-10-15,5927
9938,百和,8,2,6,元富-林園,2024-10-15,5927
2883,凱基金,1227,10,1217,元富-林園,2024-10-16,5927
2891,中信金,416,2,414,元富-林園,2024-10-16,5927
1314,中石化,296,0,296,元富-林園,2024-10-16,5927
00673R,期元大S＆P原油反1,186,0,186,元富-林園,2024-10-16,5927
00680L,元大美債20正2,110,0,110,元富-林園,2024-10-16,5927
9105,泰金寶-DR,111,2,109,元富-林園,2024-10-16,5927
00637L,元大滬深300正2,146,42,104,元富-林園,2024-10-16,5927
00922,國泰台灣領袖50,149,75,74,元富-林園,2024-10-16,5927
00929,復華台灣科技優息,73,10,63,元富-林園,2024-10-16,5927
00882,中信中國高股息,68,5,63,元富-林園,2024-10-16,5927
2617,台航,50,1,49,元富-林園,2024-10-16,5927
0056,元大高股息,52,5,47,元富-林園,2024-10-16,5927
2888,新光金,53,9,44,元富-林園,2024-10-16,5927
00725B,國泰投資級公司債,36,1,35,元富-林園,2024-10-16,5927
6191,精成科,31,0,31,元富-林園,2024-10-16,5927
2515,中工,30,0,30,元富-林園,2024-10-16,5927
00688L,國泰20年美債正2,29,0,29,元富-林園,2024-10-16,5927
3354,律勝,34,9,25,元富-林園,2024-10-16,5927
6937,天虹,24,0,24,元富-林園,2024-10-16,5927
00753L,中信中國50正2,22,0,22,元富-林園,2024-10-16,5927
00650L,復華香港正2,20,0,20,元富-林園,2024-10-16,5927
2316,楠梓電,20,0,20,元富-林園,2024-10-16,5927
4908,前鼎,21,1,20,元富-林園,2024-10-16,5927
5302,太欣,20,0,20,元富-林園,2024-10-16,5927
2014,中鴻,20,1,19,元富-林園,2024-10-16,5927
2308,台達電,18,0,18,元富-林園,2024-10-16,5927
2303,聯電,18,0,18,元富-林園,2024-10-16,5927
2344,華邦電,18,0,18,元富-林園,2024-10-16,5927
00632R,元大台灣50反1,120,103,17,元富-林園,2024-10-16,5927
00687B,國泰20年美債,16,0,16,元富-林園,2024-10-16,5927
2402,毅嘉,16,0,16,元富-林園,2024-10-16,5927
2408,南亞科,17,1,16,元富-林園,2024-10-16,5927
00887,永豐中國科技50大,17,2,15,元富-林園,2024-10-16,5927
5014,建錩,15,0,15,元富-林園,2024-10-16,5927
1301,台塑,12,0,12,元富-林園,2024-10-16,5927
3227,原相,14,2,12,元富-林園,2024-10-16,5927
8936,國統,11,0,11,元富-林園,2024-10-16,5927
3013,晟銘電,28,17,11,元富-林園,2024-10-16,5927
00919,群益台灣精選高息,11,0,11,元富-林園,2024-10-16,5927
1101,台泥,10,0,10,元富-林園,2024-10-16,5927
00891,中信關鍵半導體,10,0,10,元富-林園,2024-10-16,5927
00934,中信成長高股息,10,0,10,元富-林園,2024-10-16,5927
00633L,富邦上証正2,10,0,10,元富-林園,2024-10-16,5927
00665L,富邦�琤肭磪囓�2,970,960,10,元富-林園,2024-10-16,5927
00655L,國泰中國A50正2,10,0,10,元富-林園,2024-10-16,5927
00720B,元大投資級公司債,10,0,10,元富-林園,2024-10-16,5927
00951,台新日本半導體,10,0,10,元富-林園,2024-10-16,5927
1587,吉茂,10,0,10,元富-林園,2024-10-16,5927
2547,日勝生,10,0,10,元富-林園,2024-10-16,5927
3709,鑫聯大投控,10,0,10,元富-林園,2024-10-16,5927
00665L,富邦�琤肭磪囓�2,530,360,170,元富-林園,2024-10-17,5927
00637L,元大滬深300正2,262,100,162,元富-林園,2024-10-17,5927
2888,新光金,145,17,128,元富-林園,2024-10-17,5927
2887,台新金,115,6,109,元富-林園,2024-10-17,5927
1314,中石化,92,15,77,元富-林園,2024-10-17,5927
00725B,國泰投資級公司債,106,52,54,元富-林園,2024-10-17,5927
00887,永豐中國科技50大,53,0,53,元富-林園,2024-10-17,5927
6426,統新,52,0,52,元富-林園,2024-10-17,5927
00655L,國泰中國A50正2,35,0,35,元富-林園,2024-10-17,5927
00932,兆豐永續高息等權,30,0,30,元富-林園,2024-10-17,5927
3710,連展投控,30,0,30,元富-林園,2024-10-17,5927
3209,全科,30,1,29,元富-林園,2024-10-17,5927
00929,復華台灣科技優息,34,10,24,元富-林園,2024-10-17,5927
3615,安可,28,4,24,元富-林園,2024-10-17,5927
1528,恩德,71,50,21,元富-林園,2024-10-17,5927
00907,永豐優息存股,16,0,16,元富-林園,2024-10-17,5927
2014,中鴻,18,2,16,元富-林園,2024-10-17,5927
00753L,中信中國50正2,14,0,14,元富-林園,2024-10-17,5927
1708,東鹼,12,0,12,元富-林園,2024-10-17,5927
5701,劍湖山,12,0,12,元富-林園,2024-10-17,5927
0056,元大高股息,12,0,12,元富-林園,2024-10-17,5927
006208,富邦台50,11,0,11,元富-林園,2024-10-17,5927
2330,台積電,12,0,12,元富-林園,2024-10-17,5927
4104,佳醫,11,0,11,元富-林園,2024-10-17,5927
4303,信立,13,2,11,元富-林園,2024-10-17,5927
00679B,元大美債20年,10,0,10,元富-林園,2024-10-17,5927
1612,宏泰,10,0,10,元富-林園,2024-10-17,5927
2331,精英,10,0,10,元富-林園,2024-10-17,5927
2412,中華電,10,0,10,元富-林園,2024-10-17,5927
3390,旭軟,10,0,10,元富-林園,2024-10-17,5927
4807,日成-KY,16,6,10,元富-林園,2024-10-17,5927
5009,榮剛,10,0,10,元富-林園,2024-10-17,5927
6125,廣運,20,10,10,元富-林園,2024-10-17,5927
2376,技嘉,12,3,9,元富-林園,2024-10-17,5927
6603,富強鑫,11,2,9,元富-林園,2024-10-17,5927
00688L,國泰20年美債正2,8,0,8,元富-林園,2024-10-17,5927
4956,光鋐,20,12,8,元富-林園,2024-10-17,5927
00830,國泰費城半導體,7,0,7,元富-林園,2024-10-17,5927
2515,中工,7,0,7,元富-林園,2024-10-17,5927
00948B,中信優息投資級債,7,1,6,元富-林園,2024-10-17,5927
1325,恆大,6,0,6,元富-林園,2024-10-17,5927
3049,精金,83,77,6,元富-林園,2024-10-17,5927
5452,佶優,80,74,6,元富-林園,2024-10-17,5927
00687B,國泰20年美債,5,0,5,元富-林園,2024-10-17,5927
2915,潤泰全,5,0,5,元富-林園,2024-10-17,5927
8374,羅昇,39,34,5,元富-林園,2024-10-17,5927
00795B,中信美國公債20年,5,0,5,元富-林園,2024-10-17,5927
00650L,復華香港正2,5,0,5,元富-林園,2024-10-17,5927
00940,元大台灣價值高息,5,0,5,元富-林園,2024-10-17,5927
00951,台新日本半導體,10,5,5,元富-林園,2024-10-17,5927
2883,凱基金,316,28,288,元富-林園,2024-10-18,5927
00680L,元大美債20正2,126,0,126,元富-林園,2024-10-18,5927
00725B,國泰投資級公司債,185,91,94,元富-林園,2024-10-18,5927
00937B,群益ESG投等債20,93,0,93,元富-林園,2024-10-18,5927
0056,元大高股息,93,0,93,元富-林園,2024-10-18,5927
2881,富邦金,88,11,77,元富-林園,2024-10-18,5927
4542,科嶠,76,2,74,元富-林園,2024-10-18,5927
2312,金寶,74,13,61,元富-林園,2024-10-18,5927
2303,聯電,44,10,34,元富-林園,2024-10-18,5927
00751B,元大AAA至A公司債,30,0,30,元富-林園,2024-10-18,5927
3209,全科,40,15,25,元富-林園,2024-10-18,5927
1314,中石化,50,26,24,元富-林園,2024-10-18,5927
2867,三商壽,23,0,23,元富-林園,2024-10-18,5927
1528,恩德,25,2,23,元富-林園,2024-10-18,5927
2486,一詮,24,2,22,元富-林園,2024-10-18,5927
3049,精金,105,84,21,元富-林園,2024-10-18,5927
00733,富邦臺灣中小,20,0,20,元富-林園,2024-10-18,5927
3710,連展投控,20,0,20,元富-林園,2024-10-18,5927
4979,華星光,25,5,20,元富-林園,2024-10-18,5927
1225,福懋油,19,0,19,元富-林園,2024-10-18,5927
2367,燿華,19,1,18,元富-林園,2024-10-18,5927
6426,統新,19,1,18,元富-林園,2024-10-18,5927
1721,三晃,22,5,17,元富-林園,2024-10-18,5927
00948B,中信優息投資級債,16,0,16,元富-林園,2024-10-18,5927
3062,建漢,19,3,16,元富-林園,2024-10-18,5927
00688L,國泰20年美債正2,15,0,15,元富-林園,2024-10-18,5927
00720B,元大投資級公司債,13,0,13,元富-林園,2024-10-18,5927
00887,永豐中國科技50大,22,9,13,元富-林園,2024-10-18,5927
00637L,元大滬深300正2,163,150,13,元富-林園,2024-10-18,5927
00679B,元大美債20年,11,0,11,元富-林園,2024-10-18,5927
2449,京元電子,16,6,10,元富-林園,2024-10-18,5927
00664R,國泰臺灣加權反1,10,0,10,元富-林園,2024-10-18,5927
3025,星通,10,0,10,元富-林園,2024-10-18,5927
3325,旭品,10,0,10,元富-林園,2024-10-18,5927
5438,東友,13,3,10,元富-林園,2024-10-18,5927
8028,昇陽半導體,28,19,9,元富-林園,2024-10-18,5927
5871,中租-KY,11,1,10,元富-林園,2024-10-18,5927
00654R,富邦印度反1,9,0,9,元富-林園,2024-10-18,5927
5225,東科-KY,9,0,9,元富-林園,2024-10-18,5927
6151,晉倫,10,1,9,元富-林園,2024-10-18,5927
6213,聯茂,9,0,9,元富-林園,2024-10-18,5927
00931B,統一美債20年,8,0,8,元富-林園,2024-10-18,5927
6763,綠界科技*,20,12,8,元富-林園,2024-10-18,5927
2615,萬海,12,5,7,元富-林園,2024-10-18,5927
1540,喬福,79,72,7,元富-林園,2024-10-18,5927
2313,華通,7,0,7,元富-林園,2024-10-18,5927
4510,高鋒,60,53,7,元富-林園,2024-10-18,5927
4908,前鼎,8,1,7,元富-林園,2024-10-18,5927
5014,建錩,7,0,7,元富-林園,2024-10-18,5927
2317,鴻海,31,25,6,元富-林園,2024-10-18,5927
00905,FT臺灣Smart,202,1,201,元富-林園,2024-10-21,5927
00637L,元大滬深300正2,202,50,152,元富-林園,2024-10-21,5927
2883,凱基金,95,14,81,元富-林園,2024-10-21,5927
2891,中信金,91,10,81,元富-林園,2024-10-21,5927
00937B,群益ESG投等債20,59,2,57,元富-林園,2024-10-21,5927
00715L,期街口布蘭特正2,28,0,28,元富-林園,2024-10-21,5927
3013,晟銘電,35,7,28,元富-林園,2024-10-21,5927
00725B,國泰投資級公司債,159,137,22,元富-林園,2024-10-21,5927
2344,華邦電,23,1,22,元富-林園,2024-10-21,5927
00751B,元大AAA至A公司債,21,0,21,元富-林園,2024-10-21,5927
1326,台化,20,1,19,元富-林園,2024-10-21,5927
2882,國泰金,18,0,18,元富-林園,2024-10-21,5927
00679B,元大美債20年,18,0,18,元富-林園,2024-10-21,5927
2317,鴻海,20,2,18,元富-林園,2024-10-21,5927
2888,新光金,20,4,16,元富-林園,2024-10-21,5927
4526,東台,25,10,15,元富-林園,2024-10-21,5927
2884,玉山金,14,1,13,元富-林園,2024-10-21,5927
00687B,國泰20年美債,12,0,12,元富-林園,2024-10-21,5927
2356,英業達,29,17,12,元富-林園,2024-10-21,5927
00948B,中信優息投資級債,12,0,12,元富-林園,2024-10-21,5927
3516,亞帝歐,11,0,11,元富-林園,2024-10-21,5927
6425,易發,31,20,11,元富-林園,2024-10-21,5927
00632R,元大台灣50反1,10,0,10,元富-林園,2024-10-21,5927
3380,明泰,10,0,10,元富-林園,2024-10-21,5927
5876,上海商銀,10,0,10,元富-林園,2024-10-21,5927
6127,九豪,11,1,10,元富-林園,2024-10-21,5927
2303,聯電,10,1,9,元富-林園,2024-10-21,5927
2731,雄獅,10,1,9,元富-林園,2024-10-21,5927
4979,華星光,21,13,8,元富-林園,2024-10-21,5927
5225,東科-KY,8,0,8,元富-林園,2024-10-21,5927
5701,劍湖山,8,0,8,元富-林園,2024-10-21,5927
8027,鈦昇,11,3,8,元富-林園,2024-10-21,5927
2312,金寶,45,38,7,元富-林園,2024-10-21,5927
6505,台塑化,6,0,6,元富-林園,2024-10-21,5927
2327,國巨,6,0,6,元富-林園,2024-10-21,5927
00933B,國泰10Y+金融債,6,0,6,元富-林園,2024-10-21,5927
00942B,台新美A公司債20+,6,0,6,元富-林園,2024-10-21,5927
1540,喬福,21,15,6,元富-林園,2024-10-21,5927
1710,東聯,6,0,6,元富-林園,2024-10-21,5927
1802,台玻,10,4,6,元富-林園,2024-10-21,5927
3354,律勝,6,0,6,元富-林園,2024-10-21,5927
3450,聯鈞,20,14,6,元富-林園,2024-10-21,5927
00887,永豐中國科技50大,15,10,5,元富-林園,2024-10-21,5927
1229,聯華,5,0,5,元富-林園,2024-10-21,5927
00720B,元大投資級公司債,7,2,5,元富-林園,2024-10-21,5927
1303,南亞,5,0,5,元富-林園,2024-10-21,5927
1447,力鵬,5,0,5,元富-林園,2024-10-21,5927
2421,建準,5,0,5,元富-林園,2024-10-21,5927
2542,興富發,5,0,5,元富-林園,2024-10-21,5927
2601,益航,5,0,5,元富-林園,2024-10-21,5927
00680L,元大美債20正2,120,0,120,元富-林園,2024-10-22,5927
00687B,國泰20年美債,113,10,103,元富-林園,2024-10-22,5927
00937B,群益ESG投等債20,148,70,78,元富-林園,2024-10-22,5927
00679B,元大美債20年,73,0,73,元富-林園,2024-10-22,5927
00637L,元大滬深300正2,220,160,60,元富-林園,2024-10-22,5927
00934,中信成長高股息,46,1,45,元富-林園,2024-10-22,5927
00665L,富邦�琤肭磪囓�2,40,10,30,元富-林園,2024-10-22,5927
2547,日勝生,30,1,29,元富-林園,2024-10-22,5927
2537,聯上發,25,0,25,元富-林園,2024-10-22,5927
3535,晶彩科,39,15,24,元富-林園,2024-10-22,5927
2883,凱基金,22,0,22,元富-林園,2024-10-22,5927
00882,中信中國高股息,23,2,21,元富-林園,2024-10-22,5927
00688L,國泰20年美債正2,20,0,20,元富-林園,2024-10-22,5927
00948B,中信優息投資級債,20,0,20,元富-林園,2024-10-22,5927
3354,律勝,24,5,19,元富-林園,2024-10-22,5927
5452,佶優,20,1,19,元富-林園,2024-10-22,5927
6257,矽格,20,3,17,元富-林園,2024-10-22,5927
2313,華通,31,15,16,元富-林園,2024-10-22,5927
3588,通嘉,16,0,16,元富-林園,2024-10-22,5927
00943,兆豐電子高息等權,15,0,15,元富-林園,2024-10-22,5927
2889,國票金,15,0,15,元富-林園,2024-10-22,5927
1101,台泥,21,7,14,元富-林園,2024-10-22,5927
3450,聯鈞,30,16,14,元富-林園,2024-10-22,5927
3257,虹冠電,15,1,14,元富-林園,2024-10-22,5927
00725B,國泰投資級公司債,189,176,13,元富-林園,2024-10-22,5927
1301,台塑,24,11,13,元富-林園,2024-10-22,5927
4533,協易機,14,1,13,元富-林園,2024-10-22,5927
2208,台船,23,11,12,元富-林園,2024-10-22,5927
8069,元太,12,0,12,元富-林園,2024-10-22,5927
00931B,統一美債20年,11,0,11,元富-林園,2024-10-22,5927
3049,精金,82,71,11,元富-林園,2024-10-22,5927
5315,光聯,32,21,11,元富-林園,2024-10-22,5927
00712,復華富時不動產,10,0,10,元富-林園,2024-10-22,5927
2363,矽統,41,31,10,元富-林園,2024-10-22,5927
2426,鼎元,10,0,10,元富-林園,2024-10-22,5927
2534,宏盛,10,0,10,元富-林園,2024-10-22,5927
4729,熒茂,11,1,10,元富-林園,2024-10-22,5927
5371,中光電,10,0,10,元富-林園,2024-10-22,5927
8110,華東,13,3,10,元富-林園,2024-10-22,5927
8261,富鼎,10,0,10,元富-林園,2024-10-22,5927
3227,原相,11,2,9,元富-林園,2024-10-22,5927
6426,統新,9,0,9,元富-林園,2024-10-22,5927
2409,友達,14,5,9,元富-林園,2024-10-22,5927
2615,萬海,37,29,8,元富-林園,2024-10-22,5927
00692,富邦公司治理,8,0,8,元富-林園,2024-10-22,5927
00933B,國泰10Y+金融債,7,0,7,元富-林園,2024-10-22,5927
2340,台亞,7,0,7,元富-林園,2024-10-22,5927
8176,智捷,7,0,7,元富-林園,2024-10-22,5927
8021,尖點,11,5,6,元富-林園,2024-10-22,5927
1540,喬福,19,13,6,元富-林園,2024-10-22,5927
00679B,元大美債20年,475,0,475,元富-林園,2024-10-23,5927
00680L,元大美債20正2,182,0,182,元富-林園,2024-10-23,5927
00937B,群益ESG投等債20,120,25,95,元富-林園,2024-10-23,5927
1301,台塑,102,11,91,元富-林園,2024-10-23,5927
3605,宏致,95,5,90,元富-林園,2024-10-23,5927
00688L,國泰20年美債正2,53,0,53,元富-林園,2024-10-23,5927
4906,正文,35,0,35,元富-林園,2024-10-23,5927
2436,偉詮電,35,1,34,元富-林園,2024-10-23,5927
8021,尖點,31,0,31,元富-林園,2024-10-23,5927
2367,燿華,31,1,30,元富-林園,2024-10-23,5927
2405,輔信,29,2,27,元富-林園,2024-10-23,5927
00687B,國泰20年美債,26,0,26,元富-林園,2024-10-23,5927
00751B,元大AAA至A公司債,21,0,21,元富-林園,2024-10-23,5927
2303,聯電,21,0,21,元富-林園,2024-10-23,5927
00712,復華富時不動產,20,0,20,元富-林園,2024-10-23,5927
00929,復華台灣科技優息,21,1,20,元富-林園,2024-10-23,5927
2884,玉山金,20,0,20,元富-林園,2024-10-23,5927
00733,富邦臺灣中小,22,2,20,元富-林園,2024-10-23,5927
6168,宏齊,20,0,20,元富-林園,2024-10-23,5927
6937,天虹,24,4,20,元富-林園,2024-10-23,5927
2356,英業達,19,0,19,元富-林園,2024-10-23,5927
2317,鴻海,28,10,18,元富-林園,2024-10-23,5927
2887,台新金,17,0,17,元富-林園,2024-10-23,5927
1802,台玻,22,5,17,元富-林園,2024-10-23,5927
00951,台新日本半導體,16,0,16,元富-林園,2024-10-23,5927
2891,中信金,17,1,16,元富-林園,2024-10-23,5927
2233,宇隆,15,0,15,元富-林園,2024-10-23,5927
2412,中華電,15,0,15,元富-林園,2024-10-23,5927
00948B,中信優息投資級債,13,0,13,元富-林園,2024-10-23,5927
2029,盛餘,12,0,12,元富-林園,2024-10-23,5927
5701,劍湖山,12,0,12,元富-林園,2024-10-23,5927
9105,泰金寶-DR,12,0,12,元富-林園,2024-10-23,5927
2382,廣達,14,2,12,元富-林園,2024-10-23,5927
1569,濱川,21,10,11,元富-林園,2024-10-23,5927
2105,正新,11,0,11,元富-林園,2024-10-23,5927
00922,國泰台灣領袖50,12,1,11,元富-林園,2024-10-23,5927
2885,元大金,11,0,11,元富-林園,2024-10-23,5927
2542,興富發,10,0,10,元富-林園,2024-10-23,5927
2101,南港,10,0,10,元富-林園,2024-10-23,5927
2527,宏璟,10,0,10,元富-林園,2024-10-23,5927
2886,兆豐金,10,0,10,元富-林園,2024-10-23,5927
2889,國票金,10,0,10,元富-林園,2024-10-23,5927
4529,淳紳,10,0,10,元富-林園,2024-10-23,5927
5876,上海商銀,10,0,10,元富-林園,2024-10-23,5927
00878,國泰永續高股息,11,2,9,元富-林園,2024-10-23,5927
3019,亞光,9,0,9,元富-林園,2024-10-23,5927
3588,通嘉,11,2,9,元富-林園,2024-10-23,5927
2704,國賓,8,0,8,元富-林園,2024-10-23,5927
3034,聯詠,10,2,8,元富-林園,2024-10-23,5927
3504,揚明光,8,0,8,元富-林園,2024-10-23,5927
00637L,元大滬深300正2,350,10,340,元富-林園,2024-10-24,5927
00665L,富邦�琤肭磪囓�2,166,20,146,元富-林園,2024-10-24,5927
00740B,富邦全球投等債,100,0,100,元富-林園,2024-10-24,5927
00943,兆豐電子高息等權,98,0,98,元富-林園,2024-10-24,5927
00937B,群益ESG投等債20,75,2,73,元富-林園,2024-10-24,5927
4542,科嶠,74,4,70,元富-林園,2024-10-24,5927
2431,聯昌,44,4,40,元富-林園,2024-10-24,5927
2312,金寶,50,12,38,元富-林園,2024-10-24,5927
3481,群創,40,2,38,元富-林園,2024-10-24,5927
00887,永豐中國科技50大,35,3,32,元富-林園,2024-10-24,5927
1210,大成,31,0,31,元富-林園,2024-10-24,5927
2888,新光金,30,0,30,元富-林園,2024-10-24,5927
2891,中信金,29,1,28,元富-林園,2024-10-24,5927
8070,長華*,26,1,25,元富-林園,2024-10-24,5927
00929,復華台灣科技優息,22,1,21,元富-林園,2024-10-24,5927
2317,鴻海,29,8,21,元富-林園,2024-10-24,5927
5469,瀚宇博,18,0,18,元富-林園,2024-10-24,5927
2388,威盛,22,5,17,元富-林園,2024-10-24,5927
00733,富邦臺灣中小,20,3,17,元富-林園,2024-10-24,5927
2303,聯電,18,2,16,元富-林園,2024-10-24,5927
00919,群益台灣精選高息,14,0,14,元富-林園,2024-10-24,5927
6763,綠界科技*,16,2,14,元富-林園,2024-10-24,5927
2382,廣達,21,7,14,元富-林園,2024-10-24,5927
1301,台塑,13,0,13,元富-林園,2024-10-24,5927
0056,元大高股息,13,0,13,元富-林園,2024-10-24,5927
2489,瑞軒,16,3,13,元富-林園,2024-10-24,5927
2409,友達,12,0,12,元富-林園,2024-10-24,5927
6016,康和證,12,1,11,元富-林園,2024-10-24,5927
00687B,國泰20年美債,11,0,11,元富-林園,2024-10-24,5927
1303,南亞,11,0,11,元富-林園,2024-10-24,5927
1727,中華化,12,1,11,元富-林園,2024-10-24,5927
4956,光鋐,11,0,11,元富-林園,2024-10-24,5927
00900,富邦特選高股息30,10,0,10,元富-林園,2024-10-24,5927
00938,凱基優選30,10,0,10,元富-林園,2024-10-24,5927
00941,中信上游半導體,10,0,10,元富-林園,2024-10-24,5927
1584,精剛,10,0,10,元富-林園,2024-10-24,5927
2329,華泰,29,19,10,元富-林園,2024-10-24,5927
2511,太子,10,0,10,元富-林園,2024-10-24,5927
2885,元大金,10,0,10,元富-林園,2024-10-24,5927
5014,建錩,10,0,10,元富-林園,2024-10-24,5927
5907,大洋-KY,10,0,10,元富-林園,2024-10-24,5927
6138,茂達,10,0,10,元富-林園,2024-10-24,5927
6609,瀧澤科,14,4,10,元富-林園,2024-10-24,5927
6830,汎銓,20,10,10,元富-林園,2024-10-24,5927
8926,台汽電,10,0,10,元富-林園,2024-10-24,5927
00922,國泰台灣領袖50,10,0,10,元富-林園,2024-10-24,5927
2615,萬海,16,7,9,元富-林園,2024-10-24,5927
3029,零壹,11,2,9,元富-林園,2024-10-24,5927
3031,佰鴻,9,0,9,元富-林園,2024-10-24,5927
3167,大量,15,6,9,元富-林園,2024-10-24,5927
00687B,國泰20年美債,205,0,205,元富-林園,2024-10-25,5927
6770,力積電,103,12,91,元富-林園,2024-10-25,5927
2312,金寶,68,16,52,元富-林園,2024-10-25,5927
6142,友勁,51,3,48,元富-林園,2024-10-25,5927
1528,恩德,51,9,42,元富-林園,2024-10-25,5927
2337,旺宏,38,0,38,元富-林園,2024-10-25,5927
2344,華邦電,31,0,31,元富-林園,2024-10-25,5927
00937B,群益ESG投等債20,53,25,28,元富-林園,2024-10-25,5927
2303,聯電,39,17,22,元富-林園,2024-10-25,5927
2208,台船,20,0,20,元富-林園,2024-10-25,5927
2302,麗正,20,0,20,元富-林園,2024-10-25,5927
3490,單井,19,0,19,元富-林園,2024-10-25,5927
3711,日月光投控,20,1,19,元富-林園,2024-10-25,5927
6133,金橋,20,1,19,元富-林園,2024-10-25,5927
2399,映泰,21,4,17,元富-林園,2024-10-25,5927
00885,富邦越南,16,0,16,元富-林園,2024-10-25,5927
4952,凌通,16,1,15,元富-林園,2024-10-25,5927
2349,錸德,15,1,14,元富-林園,2024-10-25,5927
3663,鑫科,14,1,13,元富-林園,2024-10-25,5927
1312,國喬,12,0,12,元富-林園,2024-10-25,5927
1303,南亞,11,0,11,元富-林園,2024-10-25,5927
2405,輔信,14,3,11,元富-林園,2024-10-25,5927
1337,再生-KY,10,0,10,元富-林園,2024-10-25,5927
1806,冠軍,10,0,10,元富-林園,2024-10-25,5927
2489,瑞軒,13,3,10,元富-林園,2024-10-25,5927
8933,愛地雅,10,0,10,元富-林園,2024-10-25,5927
1721,三晃,20,11,9,元富-林園,2024-10-25,5927
3149,正達,16,7,9,元富-林園,2024-10-25,5927
3706,神達,13,4,9,元富-林園,2024-10-25,5927
5225,東科-KY,9,0,9,元富-林園,2024-10-25,5927
2369,菱生,11,3,8,元富-林園,2024-10-25,5927
9105,泰金寶-DR,11,3,8,元富-林園,2024-10-25,5927
6405,悅城,27,19,8,元富-林園,2024-10-25,5927
00940,元大台灣價值高息,20,13,7,元富-林園,2024-10-25,5927
1734,杏輝,7,0,7,元富-林園,2024-10-25,5927
6546,正基,8,1,7,元富-林園,2024-10-25,5927
8069,元太,7,0,7,元富-林園,2024-10-25,5927
2313,華通,12,6,6,元富-林園,2024-10-25,5927
2329,華泰,16,10,6,元富-林園,2024-10-25,5927
4526,東台,7,1,6,元富-林園,2024-10-25,5927
5607,遠雄港,6,0,6,元富-林園,2024-10-25,5927
2542,興富發,5,0,5,元富-林園,2024-10-25,5927
3450,聯鈞,22,17,5,元富-林園,2024-10-25,5927
1710,東聯,5,0,5,元富-林園,2024-10-25,5927
2206,三陽工業,5,0,5,元富-林園,2024-10-25,5927
2353,宏��,5,0,5,元富-林園,2024-10-25,5927
3550,聯穎,5,0,5,元富-林園,2024-10-25,5927
3715,定穎投控,18,13,5,元富-林園,2024-10-25,5927
4956,光鋐,6,1,5,元富-林園,2024-10-25,5927
6016,康和證,5,0,5,元富-林園,2024-10-25,5927
00637L,元大滬深300正2,432,181,251,元富-林園,2024-10-28,5927
2303,聯電,161,53,108,元富-林園,2024-10-28,5927
00940,元大台灣價值高息,66,13,53,元富-林園,2024-10-28,5927
2883,凱基金,42,0,42,元富-林園,2024-10-28,5927
00937B,群益ESG投等債20,43,2,41,元富-林園,2024-10-28,5927
5488,松普,40,1,39,元富-林園,2024-10-28,5927
00712,復華富時不動產,38,0,38,元富-林園,2024-10-28,5927
3588,通嘉,42,10,32,元富-林園,2024-10-28,5927
2891,中信金,30,0,30,元富-林園,2024-10-28,5927
6114,久威,30,1,29,元富-林園,2024-10-28,5927
00725B,國泰投資級公司債,97,69,28,元富-林園,2024-10-28,5927
00680L,元大美債20正2,28,0,28,元富-林園,2024-10-28,5927
3709,鑫聯大投控,25,0,25,元富-林園,2024-10-28,5927
4927,泰鼎-KY,24,0,24,元富-林園,2024-10-28,5927
00642U,期元大S＆P石油,23,0,23,元富-林園,2024-10-28,5927
2646,星宇航空,56,33,23,元富-林園,2024-10-28,5927
4956,光鋐,23,1,22,元富-林園,2024-10-28,5927
5386,青雲,21,1,20,元富-林園,2024-10-28,5927
00751B,元大AAA至A公司債,18,0,18,元富-林園,2024-10-28,5927
00933B,國泰10Y+金融債,16,0,16,元富-林園,2024-10-28,5927
2369,菱生,22,7,15,元富-林園,2024-10-28,5927
00887,永豐中國科技50大,14,0,14,元富-林園,2024-10-28,5927
00929,復華台灣科技優息,32,18,14,元富-林園,2024-10-28,5927
4510,高鋒,16,2,14,元富-林園,2024-10-28,5927
3710,連展投控,13,0,13,元富-林園,2024-10-28,5927
00878,國泰永續高股息,16,4,12,元富-林園,2024-10-28,5927
2889,國票金,12,0,12,元富-林園,2024-10-28,5927
3615,安可,13,1,12,元富-林園,2024-10-28,5927
5603,陸海,15,3,12,元富-林園,2024-10-28,5927
00943,兆豐電子高息等權,11,0,11,元富-林園,2024-10-28,5927
2356,英業達,26,15,11,元富-林園,2024-10-28,5927
6770,力積電,21,11,10,元富-林園,2024-10-28,5927
00905,FT臺灣Smart,10,0,10,元富-林園,2024-10-28,5927
1308,亞聚,10,0,10,元富-林園,2024-10-28,5927
1605,華新,11,1,10,元富-林園,2024-10-28,5927
2406,國碩,10,0,10,元富-林園,2024-10-28,5927
2426,鼎元,10,0,10,元富-林園,2024-10-28,5927
9105,泰金寶-DR,10,0,10,元富-林園,2024-10-28,5927
00715L,期街口布蘭特正2,9,0,9,元富-林園,2024-10-28,5927
2405,輔信,10,1,9,元富-林園,2024-10-28,5927
6283,淳安,10,1,9,元富-林園,2024-10-28,5927
2316,楠梓電,9,1,8,元富-林園,2024-10-28,5927
3149,正達,47,39,8,元富-林園,2024-10-28,5927
4979,華星光,10,2,8,元富-林園,2024-10-28,5927
0056,元大高股息,8,0,8,元富-林園,2024-10-28,5927
00931B,統一美債20年,7,0,7,元富-林園,2024-10-28,5927
2609,陽明,17,10,7,元富-林園,2024-10-28,5927
00687B,國泰20年美債,10,3,7,元富-林園,2024-10-28,5927
2201,裕隆,7,0,7,元富-林園,2024-10-28,5927
3231,緯創,12,5,7,元富-林園,2024-10-28,5927
00929,復華台灣科技優息,102,0,102,元富-林園,2024-10-29,5927
00919,群益台灣精選高息,92,0,92,元富-林園,2024-10-29,5927
2303,聯電,107,22,85,元富-林園,2024-10-29,5927
9904,寶成,49,5,44,元富-林園,2024-10-29,5927
1612,宏泰,42,0,42,元富-林園,2024-10-29,5927
3481,群創,57,15,42,元富-林園,2024-10-29,5927
2515,中工,41,0,41,元富-林園,2024-10-29,5927
2883,凱基金,38,0,38,元富-林園,2024-10-29,5927
8429,金麗-KY,30,0,30,元富-林園,2024-10-29,5927
00878,國泰永續高股息,37,8,29,元富-林園,2024-10-29,5927
2243,宏旭-KY,25,0,25,元富-林園,2024-10-29,5927
2344,華邦電,25,1,24,元富-林園,2024-10-29,5927
00940,元大台灣價值高息,43,21,22,元富-林園,2024-10-29,5927
00937B,群益ESG投等債20,29,7,22,元富-林園,2024-10-29,5927
0056,元大高股息,21,0,21,元富-林園,2024-10-29,5927
6156,松上,23,2,21,元富-林園,2024-10-29,5927
00882,中信中國高股息,20,0,20,元富-林園,2024-10-29,5927
8064,東捷,44,27,17,元富-林園,2024-10-29,5927
2887,台新金,15,0,15,元富-林園,2024-10-29,5927
6443,元晶,15,0,15,元富-林園,2024-10-29,5927
2382,廣達,15,0,15,元富-林園,2024-10-29,5927
2405,輔信,15,0,15,元富-林園,2024-10-29,5927
5225,東科-KY,15,1,14,元富-林園,2024-10-29,5927
2317,鴻海,35,21,14,元富-林園,2024-10-29,5927
1605,華新,13,0,13,元富-林園,2024-10-29,5927
2601,益航,13,0,13,元富-林園,2024-10-29,5927
00675L,富邦臺灣加權正2,13,0,13,元富-林園,2024-10-29,5927
00712,復華富時不動產,12,0,12,元富-林園,2024-10-29,5927
00642U,期元大S＆P石油,11,0,11,元富-林園,2024-10-29,5927
1312,國喬,11,0,11,元富-林園,2024-10-29,5927
2615,萬海,16,5,11,元富-林園,2024-10-29,5927
2609,陽明,17,7,10,元富-林園,2024-10-29,5927
00938,凱基優選30,10,0,10,元富-林園,2024-10-29,5927
2034,允強,10,0,10,元富-林園,2024-10-29,5927
2105,正新,10,0,10,元富-林園,2024-10-29,5927
2834,臺企銀,10,0,10,元富-林園,2024-10-29,5927
2881,富邦金,10,0,10,元富-林園,2024-10-29,5927
4129,聯合,10,0,10,元富-林園,2024-10-29,5927
4768,晶呈科技,11,1,10,元富-林園,2024-10-29,5927
8936,國統,10,0,10,元富-林園,2024-10-29,5927
2408,南亞科,10,0,10,元富-林園,2024-10-29,5927
00946,群益科技高息成長,9,0,9,元富-林園,2024-10-29,5927
2340,台亞,9,0,9,元富-林園,2024-10-29,5927
2356,英業達,19,11,8,元富-林園,2024-10-29,5927
2882,國泰金,8,0,8,元富-林園,2024-10-29,5927
3231,緯創,11,3,8,元富-林園,2024-10-29,5927
6821,聯寶,8,0,8,元富-林園,2024-10-29,5927
8271,宇瞻,8,0,8,元富-林園,2024-10-29,5927
2890,永豐金,7,0,7,元富-林園,2024-10-29,5927
00900,富邦特選高股息30,7,0,7,元富-林園,2024-10-29,5927
00665L,富邦�琤肭磪囓�2,401,150,251,元富-林園,2024-10-30,5927
00715L,期街口布蘭特正2,157,0,157,元富-林園,2024-10-30,5927
00637L,元大滬深300正2,151,31,120,元富-林園,2024-10-30,5927
00740B,富邦全球投等債,199,100,99,元富-林園,2024-10-30,5927
2547,日勝生,47,0,47,元富-林園,2024-10-30,5927
2303,聯電,45,0,45,元富-林園,2024-10-30,5927
00929,復華台灣科技優息,37,0,37,元富-林園,2024-10-30,5927
00725B,國泰投資級公司債,107,80,27,元富-林園,2024-10-30,5927
8929,富堡,25,0,25,元富-林園,2024-10-30,5927
00712,復華富時不動產,31,8,23,元富-林園,2024-10-30,5927
2515,中工,20,0,20,元富-林園,2024-10-30,5927
3092,鴻碩,20,0,20,元富-林園,2024-10-30,5927
3686,達能,18,1,17,元富-林園,2024-10-30,5927
1314,中石化,21,6,15,元富-林園,2024-10-30,5927
4532,瑞智,15,0,15,元富-林園,2024-10-30,5927
5701,劍湖山,15,0,15,元富-林園,2024-10-30,5927
9904,寶成,15,0,15,元富-林園,2024-10-30,5927
2409,友達,14,0,14,元富-林園,2024-10-30,5927
6278,台表科,14,0,14,元富-林園,2024-10-30,5927
3615,安可,13,0,13,元富-林園,2024-10-30,5927
00937B,群益ESG投等債20,12,0,12,元富-林園,2024-10-30,5927
6257,矽格,17,5,12,元富-林園,2024-10-30,5927
00943,兆豐電子高息等權,11,0,11,元富-林園,2024-10-30,5927
2477,美隆電,24,13,11,元富-林園,2024-10-30,5927
2543,皇昌,17,6,11,元富-林園,2024-10-30,5927
5880,合庫金,11,0,11,元富-林園,2024-10-30,5927
00679B,元大美債20年,10,0,10,元富-林園,2024-10-30,5927
00680L,元大美債20正2,10,0,10,元富-林園,2024-10-30,5927
00688L,國泰20年美債正2,10,0,10,元富-林園,2024-10-30,5927
2027,大成鋼,10,0,10,元富-林園,2024-10-30,5927
2031,新光鋼,10,0,10,元富-林園,2024-10-30,5927
2542,興富發,10,0,10,元富-林園,2024-10-30,5927
3090,日電貿,10,0,10,元富-林園,2024-10-30,5927
5907,大洋-KY,10,0,10,元富-林園,2024-10-30,5927
3581,博磊,25,16,9,元富-林園,2024-10-30,5927
1710,東聯,9,0,9,元富-林園,2024-10-30,5927
00919,群益台灣精選高息,13,5,8,元富-林園,2024-10-30,5927
2439,美律,8,0,8,元富-林園,2024-10-30,5927
2356,英業達,12,4,8,元富-林園,2024-10-30,5927
6156,松上,8,0,8,元富-林園,2024-10-30,5927
2888,新光金,10,2,8,元富-林園,2024-10-30,5927
2317,鴻海,25,18,7,元富-林園,2024-10-30,5927
00905,FT臺灣Smart,7,0,7,元富-林園,2024-10-30,5927
00687B,國泰20年美債,9,2,7,元富-林園,2024-10-30,5927
00882,中信中國高股息,7,0,7,元富-林園,2024-10-30,5927
1605,華新,7,0,7,元富-林園,2024-10-30,5927
2329,華泰,22,15,7,元富-林園,2024-10-30,5927
5263,智崴,9,2,7,元富-林園,2024-10-30,5927
00878,國泰永續高股息,7,0,7,元富-林園,2024-10-30,5927
2867,三商壽,16,10,6,元富-林園,2024-10-30,5927
2303,聯電,88,2,86,元富-林園,2024-11-01,5927
00929,復華台灣科技優息,87,17,70,元富-林園,2024-11-01,5927
2883,凱基金,58,0,58,元富-林園,2024-11-01,5927
00878,國泰永續高股息,43,8,35,元富-林園,2024-11-01,5927
00919,群益台灣精選高息,35,1,34,元富-林園,2024-11-01,5927
2337,旺宏,32,0,32,元富-林園,2024-11-01,5927
00937B,群益ESG投等債20,31,0,31,元富-林園,2024-11-01,5927
00715L,期街口布蘭特正2,50,19,31,元富-林園,2024-11-01,5927
00953B,群益優選非投等債,30,0,30,元富-林園,2024-11-01,5927
2108,南帝,31,1,30,元富-林園,2024-11-01,5927
6191,精成科,30,0,30,元富-林園,2024-11-01,5927
00688L,國泰20年美債正2,29,0,29,元富-林園,2024-11-01,5927
00712,復華富時不動產,28,0,28,元富-林園,2024-11-01,5927
2062,橋椿,25,0,25,元富-林園,2024-11-01,5927
00915,凱基優選高股息30,20,0,20,元富-林園,2024-11-01,5927
2069,運錩,20,0,20,元富-林園,2024-11-01,5927
2515,中工,20,0,20,元富-林園,2024-11-01,5927
2886,兆豐金,19,0,19,元富-林園,2024-11-01,5927
00943,兆豐電子高息等權,25,6,19,元富-林園,2024-11-01,5927
0056,元大高股息,17,1,16,元富-林園,2024-11-01,5927
2887,台新金,16,0,16,元富-林園,2024-11-01,5927
2317,鴻海,28,12,16,元富-林園,2024-11-01,5927
00882,中信中國高股息,16,1,15,元富-林園,2024-11-01,5927
2344,華邦電,16,3,13,元富-林園,2024-11-01,5927
3062,建漢,17,4,13,元富-林園,2024-11-01,5927
2399,映泰,13,1,12,元富-林園,2024-11-01,5927
00725B,國泰投資級公司債,107,96,11,元富-林園,2024-11-01,5927
00930,永豐ESG低碳高息,11,0,11,元富-林園,2024-11-01,5927
3706,神達,11,0,11,元富-林園,2024-11-01,5927
8039,台虹,11,0,11,元富-林園,2024-11-01,5927
2308,台達電,10,0,10,元富-林園,2024-11-01,5927
00664R,國泰臺灣加權反1,10,0,10,元富-林園,2024-11-01,5927
00940,元大台灣價值高息,10,0,10,元富-林園,2024-11-01,5927
5876,上海商銀,10,0,10,元富-林園,2024-11-01,5927
6125,廣運,10,0,10,元富-林園,2024-11-01,5927
006208,富邦台50,10,0,10,元富-林園,2024-11-01,5927
2613,中櫃,10,0,10,元富-林園,2024-11-01,5927
1710,東聯,11,2,9,元富-林園,2024-11-01,5927
3711,日月光投控,9,1,8,元富-林園,2024-11-01,5927
00830,國泰費城半導體,9,1,8,元富-林園,2024-11-01,5927
00941,中信上游半導體,8,0,8,元富-林園,2024-11-01,5927
2313,華通,13,5,8,元富-林園,2024-11-01,5927
2392,正崴,10,2,8,元富-林園,2024-11-01,5927
2880,華南金,8,0,8,元富-林園,2024-11-01,5927
2002,中鋼,10,2,8,元富-林園,2024-11-01,5927
1532,勤美,7,0,7,元富-林園,2024-11-01,5927
1591,駿吉-KY,7,0,7,元富-林園,2024-11-01,5927
2349,錸德,7,0,7,元富-林園,2024-11-01,5927
2355,敬鵬,7,0,7,元富-林園,2024-11-01,5927
2867,三商壽,7,0,7,元富-林園,2024-11-01,5927
00943,兆豐電子高息等權,332,0,332,元富-林園,2024-11-04,5927
00637L,元大滬深300正2,145,0,145,元富-林園,2024-11-04,5927
00878,國泰永續高股息,119,2,117,元富-林園,2024-11-04,5927
00937B,群益ESG投等債20,120,20,100,元富-林園,2024-11-04,5927
2303,聯電,60,0,60,元富-林園,2024-11-04,5927
1301,台塑,51,0,51,元富-林園,2024-11-04,5927
2515,中工,50,0,50,元富-林園,2024-11-04,5927
00688L,國泰20年美債正2,42,0,42,元富-林園,2024-11-04,5927
2103,台橡,40,0,40,元富-林園,2024-11-04,5927
1531,高林股,40,1,39,元富-林園,2024-11-04,5927
00915,凱基優選高股息30,38,0,38,元富-林園,2024-11-04,5927
2613,中櫃,61,29,32,元富-林園,2024-11-04,5927
00919,群益台灣精選高息,33,1,32,元富-林園,2024-11-04,5927
2889,國票金,32,0,32,元富-林園,2024-11-04,5927
2887,台新金,31,0,31,元富-林園,2024-11-04,5927
4919,新唐,33,5,28,元富-林園,2024-11-04,5927
2062,橋椿,25,0,25,元富-林園,2024-11-04,5927
5880,合庫金,24,0,24,元富-林園,2024-11-04,5927
2615,萬海,68,46,22,元富-林園,2024-11-04,5927
00712,復華富時不動產,20,0,20,元富-林園,2024-11-04,5927
1528,恩德,21,2,19,元富-林園,2024-11-04,5927
3481,群創,36,17,19,元富-林園,2024-11-04,5927
0056,元大高股息,22,4,18,元富-林園,2024-11-04,5927
00751B,元大AAA至A公司債,17,0,17,元富-林園,2024-11-04,5927
2489,瑞軒,20,4,16,元富-林園,2024-11-04,5927
3049,精金,45,29,16,元富-林園,2024-11-04,5927
2408,南亞科,15,0,15,元富-林園,2024-11-04,5927
4430,耀億,15,0,15,元富-林園,2024-11-04,5927
2431,聯昌,64,50,14,元富-林園,2024-11-04,5927
2329,華泰,24,11,13,元富-林園,2024-11-04,5927
2646,星宇航空,17,4,13,元富-林園,2024-11-04,5927
8111,立��,22,9,13,元富-林園,2024-11-04,5927
2354,鴻準,66,53,13,元富-林園,2024-11-04,5927
2328,廣宇,19,8,11,元富-林園,2024-11-04,5927
2453,凌群,11,0,11,元富-林園,2024-11-04,5927
3645,達邁,12,1,11,元富-林園,2024-11-04,5927
00933B,國泰10Y+金融債,10,0,10,元富-林園,2024-11-04,5927
00953B,群益優選非投等債,10,0,10,元富-林園,2024-11-04,5927
2367,燿華,11,1,10,元富-林園,2024-11-04,5927
2405,輔信,10,0,10,元富-林園,2024-11-04,5927
5876,上海商銀,10,0,10,元富-林園,2024-11-04,5927
6213,聯茂,10,0,10,元富-林園,2024-11-04,5927
2603,長榮,10,2,8,元富-林園,2024-11-04,5927
00894,中信小資高價30,8,0,8,元富-林園,2024-11-04,5927
2337,旺宏,8,0,8,元富-林園,2024-11-04,5927
5225,東科-KY,8,0,8,元富-林園,2024-11-04,5927
2609,陽明,21,14,7,元富-林園,2024-11-04,5927
00725B,國泰投資級公司債,103,96,7,元富-林園,2024-11-04,5927
00945B,凱基美國非投等債,7,0,7,元富-林園,2024-11-04,5927
2801,彰銀,7,0,7,元富-林園,2024-11-04,5927
2303,聯電,77,3,74,元富-林園,2024-11-05,5927
5536,聖暉*,54,0,54,元富-林園,2024-11-05,5927
2382,廣達,52,7,45,元富-林園,2024-11-05,5927
2312,金寶,48,8,40,元富-林園,2024-11-05,5927
00943,兆豐電子高息等權,36,0,36,元富-林園,2024-11-05,5927
6248,沛波,33,2,31,元富-林園,2024-11-05,5927
1447,力鵬,20,0,20,元富-林園,2024-11-05,5927
2401,凌陽,21,1,20,元富-林園,2024-11-05,5927
5460,同協,20,0,20,元富-林園,2024-11-05,5927
5876,上海商銀,20,0,20,元富-林園,2024-11-05,5927
3490,單井,22,4,18,元富-林園,2024-11-05,5927
00946,群益科技高息成長,17,0,17,元富-林園,2024-11-05,5927
00932,兆豐永續高息等權,15,0,15,元富-林園,2024-11-05,5927
5263,智崴,15,0,15,元富-林園,2024-11-05,5927
2888,新光金,15,1,14,元富-林園,2024-11-05,5927
00679B,元大美債20年,10,0,10,元富-林園,2024-11-05,5927
1312,國喬,10,0,10,元富-林園,2024-11-05,5927
2329,華泰,18,8,10,元富-林園,2024-11-05,5927
2489,瑞軒,10,0,10,元富-林園,2024-11-05,5927
3011,今皓,10,0,10,元富-林園,2024-11-05,5927
3033,威健,10,0,10,元富-林園,2024-11-05,5927
6153,嘉聯益,10,0,10,元富-林園,2024-11-05,5927
6176,瑞儀,12,3,9,元富-林園,2024-11-05,5927
8064,東捷,28,19,9,元富-林園,2024-11-05,5927
2408,南亞科,11,3,8,元富-林園,2024-11-05,5927
2453,凌群,8,0,8,元富-林園,2024-11-05,5927
2344,華邦電,13,5,8,元富-林園,2024-11-05,5927
00887,永豐中國科技50大,10,3,7,元富-林園,2024-11-05,5927
00712,復華富時不動產,7,0,7,元富-林園,2024-11-05,5927
5443,均豪,9,2,7,元富-林園,2024-11-05,5927
6139,亞翔,7,0,7,元富-林園,2024-11-05,5927
0056,元大高股息,8,2,6,元富-林園,2024-11-05,5927
6593,台灣銘板,6,0,6,元富-林園,2024-11-05,5927
00642U,期元大S＆P石油,6,0,6,元富-林園,2024-11-05,5927
00688L,國泰20年美債正2,6,0,6,元富-林園,2024-11-05,5927
4958,臻鼎-KY,6,0,6,元富-林園,2024-11-05,5927
6278,台表科,6,0,6,元富-林園,2024-11-05,5927
00931B,統一美債20年,5,0,5,元富-林園,2024-11-05,5927
00650L,復華香港正2,5,0,5,元富-林園,2024-11-05,5927
00680L,元大美債20正2,10,5,5,元富-林園,2024-11-05,5927
2328,廣宇,12,7,5,元富-林園,2024-11-05,5927
4903,聯光通,21,16,5,元富-林園,2024-11-05,5927
6126,信音,6,1,5,元富-林園,2024-11-05,5927
6216,居易,5,0,5,元富-林園,2024-11-05,5927
6546,正基,5,0,5,元富-林園,2024-11-05,5927
8027,鈦昇,8,3,5,元富-林園,2024-11-05,5927
3013,晟銘電,15,11,4,元富-林園,2024-11-05,5927
00687B,國泰20年美債,4,0,4,元富-林園,2024-11-05,5927
5258,虹堡,5,1,4,元富-林園,2024-11-05,5927
5701,劍湖山,4,0,4,元富-林園,2024-11-05,5927
00919,群益台灣精選高息,601,0,601,元富-林園,2024-11-06,5927
00878,國泰永續高股息,267,5,262,元富-林園,2024-11-06,5927
00665L,富邦�琤肭磪囓�2,256,130,126,元富-林園,2024-11-06,5927
00937B,群益ESG投等債20,68,0,68,元富-林園,2024-11-06,5927
5438,東友,57,0,57,元富-林園,2024-11-06,5927
00680L,元大美債20正2,59,10,49,元富-林園,2024-11-06,5927
2613,中櫃,51,5,46,元富-林園,2024-11-06,5927
00940,元大台灣價值高息,60,15,45,元富-林園,2024-11-06,5927
2392,正崴,35,3,32,元富-林園,2024-11-06,5927
00887,永豐中國科技50大,31,1,30,元富-林園,2024-11-06,5927
3049,精金,30,1,29,元富-林園,2024-11-06,5927
00688L,國泰20年美債正2,28,0,28,元富-林園,2024-11-06,5927
00671R,富邦NASDAQ反1,25,0,25,元富-林園,2024-11-06,5927
2486,一詮,21,1,20,元富-林園,2024-11-06,5927
2515,中工,20,0,20,元富-林園,2024-11-06,5927
4979,華星光,23,3,20,元富-林園,2024-11-06,5927
6142,友勁,20,0,20,元富-林園,2024-11-06,5927
3490,單井,19,1,18,元富-林園,2024-11-06,5927
2615,萬海,30,14,16,元富-林園,2024-11-06,5927
00632R,元大台灣50反1,55,40,15,元富-林園,2024-11-06,5927
2406,國碩,15,0,15,元富-林園,2024-11-06,5927
2344,華邦電,15,0,15,元富-林園,2024-11-06,5927
2385,群光,20,6,14,元富-林園,2024-11-06,5927
5536,聖暉*,13,0,13,元富-林園,2024-11-06,5927
5701,劍湖山,12,0,12,元富-林園,2024-11-06,5927
00929,復華台灣科技優息,19,8,11,元富-林園,2024-11-06,5927
4526,東台,15,4,11,元富-林園,2024-11-06,5927
00637L,元大滬深300正2,241,231,10,元富-林園,2024-11-06,5927
00882,中信中國高股息,12,2,10,元富-林園,2024-11-06,5927
00941,中信上游半導體,10,0,10,元富-林園,2024-11-06,5927
1312,國喬,10,0,10,元富-林園,2024-11-06,5927
2303,聯電,26,16,10,元富-林園,2024-11-06,5927
3264,欣銓,10,0,10,元富-林園,2024-11-06,5927
5225,東科-KY,18,8,10,元富-林園,2024-11-06,5927
2609,陽明,31,21,10,元富-林園,2024-11-06,5927
00931B,統一美債20年,9,0,9,元富-林園,2024-11-06,5927
3711,日月光投控,11,2,9,元富-林園,2024-11-06,5927
2351,順德,8,0,8,元富-林園,2024-11-06,5927
8032,光菱,41,33,8,元富-林園,2024-11-06,5927
8249,菱光,32,24,8,元富-林園,2024-11-06,5927
3481,群創,8,0,8,元富-林園,2024-11-06,5927
5347,世界,9,2,7,元富-林園,2024-11-06,5927
6213,聯茂,9,2,7,元富-林園,2024-11-06,5927
2890,永豐金,6,0,6,元富-林園,2024-11-06,5927
00720B,元大投資級公司債,6,0,6,元富-林園,2024-11-06,5927
1708,東鹼,6,0,6,元富-林園,2024-11-06,5927
2867,三商壽,6,0,6,元富-林園,2024-11-06,5927
3062,建漢,9,3,6,元富-林園,2024-11-06,5927
3518,柏騰,7,1,6,元富-林園,2024-11-06,5927
6156,松上,6,0,6,元富-林園,2024-11-06,5927
00680L,元大美債20正2,104,0,104,元富-林園,2024-11-07,5927
8070,長華*,36,0,36,元富-林園,2024-11-07,5927
3047,訊舟,42,18,24,元富-林園,2024-11-07,5927
6288,聯嘉,33,11,22,元富-林園,2024-11-07,5927
8234,新漢,23,3,20,元富-林園,2024-11-07,5927
8064,東捷,27,8,19,元富-林園,2024-11-07,5927
1303,南亞,21,3,18,元富-林園,2024-11-07,5927
1304,台聚,20,2,18,元富-林園,2024-11-07,5927
2379,瑞昱,16,0,16,元富-林園,2024-11-07,5927
8150,南茂,20,5,15,元富-林園,2024-11-07,5927
00878,國泰永續高股息,17,2,15,元富-林園,2024-11-07,5927
3260,威剛,13,0,13,元富-林園,2024-11-07,5927
1815,富喬,31,20,11,元富-林園,2024-11-07,5927
2889,國票金,11,0,11,元富-林園,2024-11-07,5927
6156,松上,11,0,11,元富-林園,2024-11-07,5927
00887,永豐中國科技50大,11,1,10,元富-林園,2024-11-07,5927
00632R,元大台灣50反1,10,0,10,元富-林園,2024-11-07,5927
00671R,富邦NASDAQ反1,10,0,10,元富-林園,2024-11-07,5927
3014,聯陽,10,0,10,元富-林園,2024-11-07,5927
5276,達輝-KY,10,0,10,元富-林園,2024-11-07,5927
6190,萬泰科,12,2,10,元富-林園,2024-11-07,5927
8093,保銳,10,0,10,元富-林園,2024-11-07,5927
2834,臺企銀,10,0,10,元富-林園,2024-11-07,5927
00679B,元大美債20年,10,1,9,元富-林園,2024-11-07,5927
1721,三晃,10,1,9,元富-林園,2024-11-07,5927
3227,原相,20,11,9,元富-林園,2024-11-07,5927
2014,中鴻,10,2,8,元富-林園,2024-11-07,5927
2303,聯電,21,13,8,元富-林園,2024-11-07,5927
2883,凱基金,25,17,8,元富-林園,2024-11-07,5927
3535,晶彩科,8,0,8,元富-林園,2024-11-07,5927
6505,台塑化,8,0,8,元富-林園,2024-11-07,5927
00688L,國泰20年美債正2,7,0,7,元富-林園,2024-11-07,5927
8112,至上,6,0,6,元富-林園,2024-11-07,5927
00900,富邦特選高股息30,5,0,5,元富-林園,2024-11-07,5927
00910,第一金太空衛星,5,0,5,元富-林園,2024-11-07,5927
00650L,復華香港正2,5,0,5,元富-林園,2024-11-07,5927
00706L,期元大S＆P日圓正2,5,0,5,元富-林園,2024-11-07,5927
1449,佳和,7,2,5,元富-林園,2024-11-07,5927
1536,和大,10,5,5,元富-林園,2024-11-07,5927
2316,楠梓電,5,0,5,元富-林園,2024-11-07,5927
3450,聯鈞,11,6,5,元富-林園,2024-11-07,5927
3708,上緯投控,5,0,5,元富-林園,2024-11-07,5927
4510,高鋒,33,28,5,元富-林園,2024-11-07,5927
6138,茂達,5,0,5,元富-林園,2024-11-07,5927
8938,明安,5,0,5,元富-林園,2024-11-07,5927
2888,新光金,5,0,5,元富-林園,2024-11-07,5927
00687B,國泰20年美債,5,1,4,元富-林園,2024-11-07,5927
00912,中信臺灣智慧50,4,0,4,元富-林園,2024-11-07,5927
2308,台達電,6,2,4,元富-林園,2024-11-07,5927
2349,錸德,101,97,4,元富-林園,2024-11-07,5927
00665L,富邦�琤肭磪囓�2,594,196,398,元富-林園,2024-11-08,5927
00673R,期元大S＆P原油反1,305,0,305,元富-林園,2024-11-08,5927
00937B,群益ESG投等債20,297,10,287,元富-林園,2024-11-08,5927
2646,星宇航空,82,13,69,元富-林園,2024-11-08,5927
00687B,國泰20年美債,51,0,51,元富-林園,2024-11-08,5927
2836,高雄銀,30,0,30,元富-林園,2024-11-08,5927
4542,科嶠,28,0,28,元富-林園,2024-11-08,5927
1536,和大,40,15,25,元富-林園,2024-11-08,5927
2353,宏��,24,0,24,元富-林園,2024-11-08,5927
6505,台塑化,23,0,23,元富-林園,2024-11-08,5927
2303,聯電,39,16,23,元富-林園,2024-11-08,5927
3037,欣興,27,8,19,元富-林園,2024-11-08,5927
3062,建漢,33,14,19,元富-林園,2024-11-08,5927
2890,永豐金,20,1,19,元富-林園,2024-11-08,5927
2633,台灣高鐵,18,0,18,元富-林園,2024-11-08,5927
2312,金寶,57,40,17,元富-林園,2024-11-08,5927
2388,威盛,16,0,16,元富-林園,2024-11-08,5927
1708,東鹼,15,1,14,元富-林園,2024-11-08,5927
6269,台郡,14,0,14,元富-林園,2024-11-08,5927
2313,華通,22,9,13,元富-林園,2024-11-08,5927
3714,富采,13,0,13,元富-林園,2024-11-08,5927
4968,立積,13,0,13,元富-林園,2024-11-08,5927
3708,上緯投控,12,0,12,元富-林園,2024-11-08,5927
6134,萬旭,28,16,12,元富-林園,2024-11-08,5927
8070,長華*,11,0,11,元富-林園,2024-11-08,5927
2892,第一金,11,0,11,元富-林園,2024-11-08,5927
2401,凌陽,11,0,11,元富-林園,2024-11-08,5927
3588,通嘉,11,0,11,元富-林園,2024-11-08,5927
00725B,國泰投資級公司債,106,96,10,元富-林園,2024-11-08,5927
00638R,元大滬深300反1,10,0,10,元富-林園,2024-11-08,5927
1304,台聚,10,0,10,元富-林園,2024-11-08,5927
2027,大成鋼,12,2,10,元富-林園,2024-11-08,5927
2431,聯昌,13,3,10,元富-林園,2024-11-08,5927
2489,瑞軒,27,17,10,元富-林園,2024-11-08,5927
3227,原相,11,1,10,元富-林園,2024-11-08,5927
6244,茂迪,25,15,10,元富-林園,2024-11-08,5927
8409,商之器,10,0,10,元富-林園,2024-11-08,5927
8429,金麗-KY,10,0,10,元富-林園,2024-11-08,5927
1309,台達化,9,0,9,元富-林園,2024-11-08,5927
2409,友達,10,1,9,元富-林園,2024-11-08,5927
1303,南亞,11,3,8,元富-林園,2024-11-08,5927
2328,廣宇,17,9,8,元富-林園,2024-11-08,5927
2349,錸德,8,0,8,元富-林園,2024-11-08,5927
2351,順德,8,0,8,元富-林園,2024-11-08,5927
2365,昆盈,8,0,8,元富-林園,2024-11-08,5927
00929,復華台灣科技優息,10,2,8,元富-林園,2024-11-08,5927
2208,台船,46,39,7,元富-林園,2024-11-08,5927
4526,東台,8,1,7,元富-林園,2024-11-08,5927
4967,十銓,7,0,7,元富-林園,2024-11-08,5927
6213,聯茂,7,0,7,元富-林園,2024-11-08,5927
00637L,元大滬深300正2,371,1,370,元富-林園,2024-11-11,5927
00673R,期元大S＆P原油反1,200,0,200,元富-林園,2024-11-11,5927
00937B,群益ESG投等債20,175,30,145,元富-林園,2024-11-11,5927
2834,臺企銀,126,0,126,元富-林園,2024-11-11,5927
00665L,富邦�琤肭磪囓�2,372,300,72,元富-林園,2024-11-11,5927
00655L,國泰中國A50正2,60,0,60,元富-林園,2024-11-11,5927
00679B,元大美債20年,59,0,59,元富-林園,2024-11-11,5927
2027,大成鋼,51,0,51,元富-林園,2024-11-11,5927
5315,光聯,50,0,50,元富-林園,2024-11-11,5927
00650L,復華香港正2,43,1,42,元富-林園,2024-11-11,5927
00878,國泰永續高股息,44,2,42,元富-林園,2024-11-11,5927
6191,精成科,40,0,40,元富-林園,2024-11-11,5927
00919,群益台灣精選高息,30,0,30,元富-林園,2024-11-11,5927
1711,永光,30,2,28,元富-林園,2024-11-11,5927
1709,和益,26,0,26,元富-林園,2024-11-11,5927
2062,橋椿,24,0,24,元富-林園,2024-11-11,5927
2609,陽明,44,22,22,元富-林園,2024-11-11,5927
2409,友達,22,0,22,元富-林園,2024-11-11,5927
0056,元大高股息,21,1,20,元富-林園,2024-11-11,5927
2208,台船,20,1,19,元富-林園,2024-11-11,5927
6609,瀧澤科,17,0,17,元富-林園,2024-11-11,5927
3231,緯創,22,6,16,元富-林園,2024-11-11,5927
00946,群益科技高息成長,15,0,15,元富-林園,2024-11-11,5927
00720B,元大投資級公司債,15,0,15,元富-林園,2024-11-11,5927
5009,榮剛,22,7,15,元富-林園,2024-11-11,5927
00929,復華台灣科技優息,25,10,15,元富-林園,2024-11-11,5927
8110,華東,15,1,14,元富-林園,2024-11-11,5927
4919,新唐,13,0,13,元富-林園,2024-11-11,5927
8096,擎亞,15,2,13,元富-林園,2024-11-11,5927
1584,精剛,12,0,12,元富-林園,2024-11-11,5927
2405,輔信,17,5,12,元富-林園,2024-11-11,5927
2615,萬海,42,31,11,元富-林園,2024-11-11,5927
2330,台積電,11,0,11,元富-林園,2024-11-11,5927
1326,台化,11,0,11,元富-林園,2024-11-11,5927
1710,東聯,11,0,11,元富-林園,2024-11-11,5927
2349,錸德,26,15,11,元富-林園,2024-11-11,5927
2367,燿華,11,0,11,元富-林園,2024-11-11,5927
4967,十銓,11,0,11,元富-林園,2024-11-11,5927
5880,合庫金,11,0,11,元富-林園,2024-11-11,5927
2382,廣達,10,0,10,元富-林園,2024-11-11,5927
1305,華夏,10,0,10,元富-林園,2024-11-11,5927
2449,京元電子,12,2,10,元富-林園,2024-11-11,5927
3060,銘異,10,0,10,元富-林園,2024-11-11,5927
4534,慶騰,10,0,10,元富-林園,2024-11-11,5927
2929,淘帝-KY,9,0,9,元富-林園,2024-11-11,5927
5438,東友,10,1,9,元富-林園,2024-11-11,5927
2882,國泰金,8,0,8,元富-林園,2024-11-11,5927
1301,台塑,8,0,8,元富-林園,2024-11-11,5927
2887,台新金,8,0,8,元富-林園,2024-11-11,5927
1307,三芳,17,9,8,元富-林園,2024-11-11,5927
00637L,元大滬深300正2,550,367,183,元富-林園,2024-11-12,5927
00940,元大台灣價值高息,126,3,123,元富-林園,2024-11-12,5927
1301,台塑,121,0,121,元富-林園,2024-11-12,5927
00878,國泰永續高股息,111,12,99,元富-林園,2024-11-12,5927
2609,陽明,130,54,76,元富-林園,2024-11-12,5927
2883,凱基金,71,0,71,元富-林園,2024-11-12,5927
2834,臺企銀,67,0,67,元富-林園,2024-11-12,5927
1314,中石化,67,8,59,元富-林園,2024-11-12,5927
5880,合庫金,52,0,52,元富-林園,2024-11-12,5927
1524,耿鼎,68,18,50,元富-林園,2024-11-12,5927
00943,兆豐電子高息等權,41,0,41,元富-林園,2024-11-12,5927
2353,宏��,43,3,40,元富-林園,2024-11-12,5927
5398,慕康生醫,40,0,40,元富-林園,2024-11-12,5927
2303,聯電,38,3,35,元富-林園,2024-11-12,5927
00680L,元大美債20正2,30,0,30,元富-林園,2024-11-12,5927
0056,元大高股息,30,2,28,元富-林園,2024-11-12,5927
3481,群創,59,35,24,元富-林園,2024-11-12,5927
8021,尖點,24,0,24,元富-林園,2024-11-12,5927
2329,華泰,23,0,23,元富-林園,2024-11-12,5927
2002,中鋼,24,1,23,元富-林園,2024-11-12,5927
5871,中租-KY,29,6,23,元富-林園,2024-11-12,5927
3047,訊舟,24,2,22,元富-林園,2024-11-12,5927
5371,中光電,22,0,22,元富-林園,2024-11-12,5927
00715L,期街口布蘭特正2,21,0,21,元富-林園,2024-11-12,5927
2062,橋椿,21,0,21,元富-林園,2024-11-12,5927
2515,中工,21,0,21,元富-林園,2024-11-12,5927
2007,燁興,20,0,20,元富-林園,2024-11-12,5927
3703,欣陸,20,0,20,元富-林園,2024-11-12,5927
00929,復華台灣科技優息,48,28,20,元富-林園,2024-11-12,5927
2382,廣達,22,3,19,元富-林園,2024-11-12,5927
2633,台灣高鐵,19,0,19,元富-林園,2024-11-12,5927
6125,廣運,23,4,19,元富-林園,2024-11-12,5927
1326,台化,17,0,17,元富-林園,2024-11-12,5927
1710,東聯,17,0,17,元富-林園,2024-11-12,5927
2409,友達,17,0,17,元富-林園,2024-11-12,5927
5469,瀚宇博,15,0,15,元富-林園,2024-11-12,5927
00881,國泰台灣5G+,15,0,15,元富-林園,2024-11-12,5927
3234,光環,14,0,14,元富-林園,2024-11-12,5927
2545,皇翔,14,0,14,元富-林園,2024-11-12,5927
2887,台新金,12,0,12,元富-林園,2024-11-12,5927
3511,矽瑪,12,0,12,元富-林園,2024-11-12,5927
4714,永捷,12,0,12,元富-林園,2024-11-12,5927
00919,群益台灣精選高息,12,0,12,元富-林園,2024-11-12,5927
2882,國泰金,11,0,11,元富-林園,2024-11-12,5927
2317,鴻海,18,7,11,元富-林園,2024-11-12,5927
2892,第一金,10,0,10,元富-林園,2024-11-12,5927
1310,台苯,10,0,10,元富-林園,2024-11-12,5927
1312,國喬,10,0,10,元富-林園,2024-11-12,5927
2034,允強,10,0,10,元富-林園,2024-11-12,5927
5439,高技,10,0,10,元富-林園,2024-11-12,5927
00937B,群益ESG投等債20,110,5,105,元富-林園,2024-11-13,5927
00945B,凱基美國非投等債,61,2,59,元富-林園,2024-11-13,5927
4909,新復興,40,0,40,元富-林園,2024-11-13,5927
00878,國泰永續高股息,40,0,40,元富-林園,2024-11-13,5927
2455,全新,42,3,39,元富-林園,2024-11-13,5927
3481,群創,57,20,37,元富-林園,2024-11-13,5927
3516,亞帝歐,30,0,30,元富-林園,2024-11-13,5927
7703,銳澤,30,2,28,元富-林園,2024-11-13,5927
2834,臺企銀,25,1,24,元富-林園,2024-11-13,5927
1449,佳和,23,0,23,元富-林園,2024-11-13,5927
2613,中櫃,23,1,22,元富-林園,2024-11-13,5927
1605,華新,21,0,21,元富-林園,2024-11-13,5927
8929,富堡,22,1,21,元富-林園,2024-11-13,5927
2609,陽明,67,46,21,元富-林園,2024-11-13,5927
00957B,兆豐US優選投等債,20,0,20,元富-林園,2024-11-13,5927
00959B,大華投等美債15Y+,20,0,20,元富-林園,2024-11-13,5927
2515,中工,20,0,20,元富-林園,2024-11-13,5927
3706,神達,98,79,19,元富-林園,2024-11-13,5927
5315,光聯,20,1,19,元富-林園,2024-11-13,5927
2062,橋椿,20,3,17,元富-林園,2024-11-13,5927
3033,威健,17,0,17,元富-林園,2024-11-13,5927
2014,中鴻,15,0,15,元富-林園,2024-11-13,5927
1301,台塑,14,0,14,元富-林園,2024-11-13,5927
6505,台塑化,14,0,14,元富-林園,2024-11-13,5927
00725B,國泰投資級公司債,110,96,14,元富-林園,2024-11-13,5927
3710,連展投控,14,0,14,元富-林園,2024-11-13,5927
3189,景碩,13,0,13,元富-林園,2024-11-13,5927
1524,耿鼎,23,11,12,元富-林園,2024-11-13,5927
2301,光寶科,12,0,12,元富-林園,2024-11-13,5927
3607,谷崧,12,0,12,元富-林園,2024-11-13,5927
2892,第一金,11,0,11,元富-林園,2024-11-13,5927
4931,新盛力,12,1,11,元富-林園,2024-11-13,5927
00946,群益科技高息成長,10,0,10,元富-林園,2024-11-13,5927
2353,宏��,14,4,10,元富-林園,2024-11-13,5927
2408,南亞科,14,4,10,元富-林園,2024-11-13,5927
2444,兆勁,10,0,10,元富-林園,2024-11-13,5927
3047,訊舟,11,1,10,元富-林園,2024-11-13,5927
6163,華電網,10,0,10,元富-林園,2024-11-13,5927
3013,晟銘電,18,8,10,元富-林園,2024-11-13,5927
2308,台達電,9,0,9,元富-林園,2024-11-13,5927
00830,國泰費城半導體,9,0,9,元富-林園,2024-11-13,5927
00688L,國泰20年美債正2,30,21,9,元富-林園,2024-11-13,5927
1101,台泥,10,1,9,元富-林園,2024-11-13,5927
2323,中環,9,0,9,元富-林園,2024-11-13,5927
2605,新興,9,0,9,元富-林園,2024-11-13,5927
3224,三顧,16,7,9,元富-林園,2024-11-13,5927
5488,松普,15,6,9,元富-林園,2024-11-13,5927
2330,台積電,9,0,9,元富-林園,2024-11-13,5927
2027,大成鋼,9,1,8,元富-林園,2024-11-13,5927
3036,文曄,9,1,8,元富-林園,2024-11-13,5927
3049,精金,100,0,100,元富-林園,2024-11-14,5927
00937B,群益ESG投等債20,78,3,75,元富-林園,2024-11-14,5927
00929,復華台灣科技優息,80,12,68,元富-林園,2024-11-14,5927
2887,台新金,55,0,55,元富-林園,2024-11-14,5927
00878,國泰永續高股息,82,40,42,元富-林園,2024-11-14,5927
3481,群創,34,0,34,元富-林園,2024-11-14,5927
1301,台塑,35,2,33,元富-林園,2024-11-14,5927
2883,凱基金,53,20,33,元富-林園,2024-11-14,5927
2409,友達,38,6,32,元富-林園,2024-11-14,5927
2515,中工,32,0,32,元富-林園,2024-11-14,5927
5315,光聯,25,0,25,元富-林園,2024-11-14,5927
2340,台亞,24,0,24,元富-林園,2024-11-14,5927
2431,聯昌,21,0,21,元富-林園,2024-11-14,5927
00940,元大台灣價值高息,31,10,21,元富-林園,2024-11-14,5927
3050,鈺德,20,0,20,元富-林園,2024-11-14,5927
5227,立凱-KY,20,0,20,元富-林園,2024-11-14,5927
00919,群益台灣精選高息,20,0,20,元富-林園,2024-11-14,5927
2303,聯電,22,4,18,元富-林園,2024-11-14,5927
2633,台灣高鐵,18,0,18,元富-林園,2024-11-14,5927
00946,群益科技高息成長,17,0,17,元富-林園,2024-11-14,5927
2427,三商電,16,0,16,元富-林園,2024-11-14,5927
2356,英業達,45,29,16,元富-林園,2024-11-14,5927
5607,遠雄港,15,0,15,元富-林園,2024-11-14,5927
00932,兆豐永續高息等權,15,0,15,元富-林園,2024-11-14,5927
2646,星宇航空,16,1,15,元富-林園,2024-11-14,5927
1446,宏和,14,0,14,元富-林園,2024-11-14,5927
00941,中信上游半導體,13,0,13,元富-林園,2024-11-14,5927
1815,富喬,16,4,12,元富-林園,2024-11-14,5927
2344,華邦電,15,3,12,元富-林園,2024-11-14,5927
2535,達欣工,12,0,12,元富-林園,2024-11-14,5927
00915,凱基優選高股息30,11,0,11,元富-林園,2024-11-14,5927
2208,台船,30,20,10,元富-林園,2024-11-14,5927
1569,濱川,37,27,10,元富-林園,2024-11-14,5927
2392,正崴,17,7,10,元富-林園,2024-11-14,5927
4167,松瑞藥,10,0,10,元富-林園,2024-11-14,5927
8429,金麗-KY,10,0,10,元富-林園,2024-11-14,5927
2609,陽明,13,3,10,元富-林園,2024-11-14,5927
2330,台積電,9,0,9,元富-林園,2024-11-14,5927
3189,景碩,9,0,9,元富-林園,2024-11-14,5927
6505,台塑化,9,0,9,元富-林園,2024-11-14,5927
00688L,國泰20年美債正2,9,0,9,元富-林園,2024-11-14,5927
00882,中信中國高股息,11,2,9,元富-林園,2024-11-14,5927
2449,京元電子,10,1,9,元富-林園,2024-11-14,5927
2867,三商壽,9,0,9,元富-林園,2024-11-14,5927
4532,瑞智,9,0,9,元富-林園,2024-11-14,5927
00713,元大台灣高息低波,8,0,8,元富-林園,2024-11-14,5927
8299,群聯,8,0,8,元富-林園,2024-11-14,5927
2913,農林,8,0,8,元富-林園,2024-11-14,5927
8064,東捷,25,17,8,元富-林園,2024-11-14,5927
2399,映泰,7,0,7,元富-林園,2024-11-14,5927
00637L,元大滬深300正2,450,80,370,元富-林園,2024-11-15,5927
00878,國泰永續高股息,132,5,127,元富-林園,2024-11-15,5927
1301,台塑,73,1,72,元富-林園,2024-11-15,5927
6505,台塑化,55,0,55,元富-林園,2024-11-15,5927
00929,復華台灣科技優息,63,13,50,元富-林園,2024-11-15,5927
00740B,富邦全球投等債,220,170,50,元富-林園,2024-11-15,5927
3706,神達,104,58,46,元富-林園,2024-11-15,5927
2382,廣達,47,4,43,元富-林園,2024-11-15,5927
00720B,元大投資級公司債,40,0,40,元富-林園,2024-11-15,5927
00919,群益台灣精選高息,36,0,36,元富-林園,2024-11-15,5927
1612,宏泰,30,0,30,元富-林園,2024-11-15,5927
00937B,群益ESG投等債20,36,10,26,元富-林園,2024-11-15,5927
5880,合庫金,23,0,23,元富-林園,2024-11-15,5927
5907,大洋-KY,20,0,20,元富-林園,2024-11-15,5927
1314,中石化,26,7,19,元富-林園,2024-11-15,5927
1471,首利,20,4,16,元富-林園,2024-11-15,5927
2929,淘帝-KY,31,16,15,元富-林園,2024-11-15,5927
2618,長榮航,77,62,15,元富-林園,2024-11-15,5927
1611,中電,19,5,14,元富-林園,2024-11-15,5927
2344,華邦電,15,3,12,元富-林園,2024-11-15,5927
1303,南亞,11,0,11,元富-林園,2024-11-15,5927
2883,凱基金,12,1,11,元富-林園,2024-11-15,5927
1449,佳和,12,1,11,元富-林園,2024-11-15,5927
00887,永豐中國科技50大,10,0,10,元富-林園,2024-11-15,5927
00951,台新日本半導體,10,0,10,元富-林園,2024-11-15,5927
5276,達輝-KY,10,0,10,元富-林園,2024-11-15,5927
3047,訊舟,14,5,9,元富-林園,2024-11-15,5927
8011,台通,10,1,9,元富-林園,2024-11-15,5927
2324,仁寶,15,6,9,元富-林園,2024-11-15,5927
2303,聯電,13,4,9,元富-林園,2024-11-15,5927
3013,晟銘電,12,4,8,元富-林園,2024-11-15,5927
3551,世禾,10,2,8,元富-林園,2024-11-15,5927
6217,中探針,8,0,8,元富-林園,2024-11-15,5927
8064,東捷,20,12,8,元富-林園,2024-11-15,5927
3037,欣興,8,1,7,元富-林園,2024-11-15,5927
1101,台泥,10,3,7,元富-林園,2024-11-15,5927
3017,奇鋐,12,5,7,元富-林園,2024-11-15,5927
3090,日電貿,21,14,7,元富-林園,2024-11-15,5927
3227,原相,7,0,7,元富-林園,2024-11-15,5927
6284,佳邦,7,0,7,元富-林園,2024-11-15,5927
2615,萬海,24,17,7,元富-林園,2024-11-15,5927
2201,裕隆,6,0,6,元富-林園,2024-11-15,5927
6405,悅城,11,5,6,元富-林園,2024-11-15,5927
2376,技嘉,7,2,5,元富-林園,2024-11-15,5927
2033,佳大,8,3,5,元富-林園,2024-11-15,5927
2472,立隆電,6,1,5,元富-林園,2024-11-15,5927
2515,中工,10,5,5,元富-林園,2024-11-15,5927
3294,英濟,5,0,5,元富-林園,2024-11-15,5927
2317,鴻海,21,17,4,元富-林園,2024-11-15,5927
2330,台積電,4,0,4,元富-林園,2024-11-15,5927
00878,國泰永續高股息,233,29,204,元富-林園,2024-11-18,5927
00673R,期元大S＆P原油反1,100,0,100,元富-林園,2024-11-18,5927
1218,泰山,67,0,67,元富-林園,2024-11-18,5927
00929,復華台灣科技優息,66,10,56,元富-林園,2024-11-18,5927
2312,金寶,54,21,33,元富-林園,2024-11-18,5927
2405,輔信,30,0,30,元富-林園,2024-11-18,5927
3005,神基,26,0,26,元富-林園,2024-11-18,5927
00713,元大台灣高息低波,25,0,25,元富-林園,2024-11-18,5927
00740B,富邦全球投等債,245,220,25,元富-林園,2024-11-18,5927
9105,泰金寶-DR,61,38,23,元富-林園,2024-11-18,5927
2344,華邦電,21,0,21,元富-林園,2024-11-18,5927
00637L,元大滬深300正2,270,250,20,元富-林園,2024-11-18,5927
00951,台新日本半導體,20,0,20,元富-林園,2024-11-18,5927
1611,中電,20,0,20,元富-林園,2024-11-18,5927
2515,中工,20,0,20,元富-林園,2024-11-18,5927
2316,楠梓電,20,1,19,元富-林園,2024-11-18,5927
3231,緯創,18,1,17,元富-林園,2024-11-18,5927
2324,仁寶,32,16,16,元富-林園,2024-11-18,5927
2354,鴻準,72,56,16,元富-林園,2024-11-18,5927
00720B,元大投資級公司債,15,0,15,元富-林園,2024-11-18,5927
00664R,國泰臺灣加權反1,14,0,14,元富-林園,2024-11-18,5927
0056,元大高股息,15,1,14,元富-林園,2024-11-18,5927
2303,聯電,19,6,13,元富-林園,2024-11-18,5927
2317,鴻海,20,8,12,元富-林園,2024-11-18,5927
2489,瑞軒,12,0,12,元富-林園,2024-11-18,5927
1718,中纖,11,0,11,元富-林園,2024-11-18,5927
3047,訊舟,11,0,11,元富-林園,2024-11-18,5927
00948B,中信優息投資級債,10,0,10,元富-林園,2024-11-18,5927
2007,燁興,10,0,10,元富-林園,2024-11-18,5927
2409,友達,10,0,10,元富-林園,2024-11-18,5927
2867,三商壽,10,0,10,元富-林園,2024-11-18,5927
2382,廣達,10,1,9,元富-林園,2024-11-18,5927
2887,台新金,9,0,9,元富-林園,2024-11-18,5927
3062,建漢,19,10,9,元富-林園,2024-11-18,5927
6753,龍德造船,9,0,9,元富-林園,2024-11-18,5927
2380,虹光,8,0,8,元富-林園,2024-11-18,5927
00891,中信關鍵半導體,8,0,8,元富-林園,2024-11-18,5927
1303,南亞,12,4,8,元富-林園,2024-11-18,5927
4906,正文,8,0,8,元富-林園,2024-11-18,5927
2402,毅嘉,7,0,7,元富-林園,2024-11-18,5927
3078,僑威,7,0,7,元富-林園,2024-11-18,5927
3607,谷崧,7,0,7,元富-林園,2024-11-18,5927
6558,興能高,8,1,7,元富-林園,2024-11-18,5927
00679B,元大美債20年,7,0,7,元富-林園,2024-11-18,5927
00919,群益台灣精選高息,9,3,6,元富-林園,2024-11-18,5927
00943,兆豐電子高息等權,6,0,6,元富-林園,2024-11-18,5927
2367,燿華,6,0,6,元富-林園,2024-11-18,5927
3036,文曄,9,3,6,元富-林園,2024-11-18,5927
3303,岱稜,6,0,6,元富-林園,2024-11-18,5927
6706,惠特,6,0,6,元富-林園,2024-11-18,5927
00637L,元大滬深300正2,405,42,363,元富-林園,2024-11-19,5927
00878,國泰永續高股息,126,0,126,元富-林園,2024-11-19,5927
2303,聯電,126,21,105,元富-林園,2024-11-19,5927
00665L,富邦�琤肭磪囓�2,100,0,100,元富-林園,2024-11-19,5927
00945B,凱基美國非投等債,70,0,70,元富-林園,2024-11-19,5927
2387,精元,35,0,35,元富-林園,2024-11-19,5927
00932,兆豐永續高息等權,64,32,32,元富-林園,2024-11-19,5927
3231,緯創,33,2,31,元富-林園,2024-11-19,5927
1301,台塑,30,3,27,元富-林園,2024-11-19,5927
4931,新盛力,29,4,25,元富-林園,2024-11-19,5927
4303,信立,22,0,22,元富-林園,2024-11-19,5927
00930,永豐ESG低碳高息,18,0,18,元富-林園,2024-11-19,5927
2354,鴻準,64,46,18,元富-林園,2024-11-19,5927
2349,錸德,65,48,17,元富-林園,2024-11-19,5927
00687B,國泰20年美債,15,0,15,元富-林園,2024-11-19,5927
3062,建漢,27,12,15,元富-林園,2024-11-19,5927
2891,中信金,14,0,14,元富-林園,2024-11-19,5927
00927,群益半導體收益,14,0,14,元富-林園,2024-11-19,5927
2883,凱基金,13,0,13,元富-林園,2024-11-19,5927
8070,長華*,23,10,13,元富-林園,2024-11-19,5927
2323,中環,12,0,12,元富-林園,2024-11-19,5927
2359,所羅門,12,0,12,元富-林園,2024-11-19,5927
6290,良維,12,0,12,元富-林園,2024-11-19,5927
8105,凌巨,12,0,12,元富-林園,2024-11-19,5927
2382,廣達,16,5,11,元富-林園,2024-11-19,5927
00632R,元大台灣50反1,10,0,10,元富-林園,2024-11-19,5927
00937B,群益ESG投等債20,10,0,10,元富-林園,2024-11-19,5927
3297,杭特,10,0,10,元富-林園,2024-11-19,5927
3481,群創,38,28,10,元富-林園,2024-11-19,5927
1102,亞泥,9,0,9,元富-林園,2024-11-19,5927
1528,恩德,10,2,8,元富-林園,2024-11-19,5927
2006,東和鋼鐵,8,0,8,元富-林園,2024-11-19,5927
3006,晶豪科,8,0,8,元富-林園,2024-11-19,5927
00725B,國泰投資級公司債,103,96,7,元富-林園,2024-11-19,5927
1314,中石化,7,0,7,元富-林園,2024-11-19,5927
1436,華友聯,8,1,7,元富-林園,2024-11-19,5927
2344,華邦電,7,0,7,元富-林園,2024-11-19,5927
4953,緯軟,7,0,7,元富-林園,2024-11-19,5927
006208,富邦台50,6,0,6,元富-林園,2024-11-19,5927
2316,楠梓電,6,0,6,元富-林園,2024-11-19,5927
00943,兆豐電子高息等權,5,0,5,元富-林園,2024-11-19,5927
00642U,期元大S＆P石油,5,0,5,元富-林園,2024-11-19,5927
2027,大成鋼,5,0,5,元富-林園,2024-11-19,5927
2062,橋椿,5,0,5,元富-林園,2024-11-19,5927
2455,全新,6,1,5,元富-林園,2024-11-19,5927
3024,憶聲,5,0,5,元富-林園,2024-11-19,5927
3149,正達,5,0,5,元富-林園,2024-11-19,5927
3163,波若威,5,0,5,元富-林園,2024-11-19,5927
3516,亞帝歐,5,0,5,元富-林園,2024-11-19,5927
1303,南亞,4,0,4,元富-林園,2024-11-19,5927
00937B,群益ESG投等債20,153,11,142,元富-林園,2024-11-20,5927
00919,群益台灣精選高息,133,24,109,元富-林園,2024-11-20,5927
2845,遠東銀,79,0,79,元富-林園,2024-11-20,5927
1449,佳和,76,2,74,元富-林園,2024-11-20,5927
2356,英業達,80,10,70,元富-林園,2024-11-20,5927
2354,鴻準,103,36,67,元富-林園,2024-11-20,5927
3625,西勝,59,0,59,元富-林園,2024-11-20,5927
3450,聯鈞,51,9,42,元富-林園,2024-11-20,5927
1101,台泥,37,3,34,元富-林園,2024-11-20,5927
00959B,大華投等美債15Y+,52,20,32,元富-林園,2024-11-20,5927
3036A,文曄甲特,24,0,24,元富-林園,2024-11-20,5927
1402,遠東新,23,0,23,元富-林園,2024-11-20,5927
6674,鋐寶科技,20,0,20,元富-林園,2024-11-20,5927
00878,國泰永續高股息,19,0,19,元富-林園,2024-11-20,5927
9105,泰金寶-DR,25,6,19,元富-林園,2024-11-20,5927
1605,華新,18,0,18,元富-林園,2024-11-20,5927
3706,神達,73,56,17,元富-林園,2024-11-20,5927
00887,永豐中國科技50大,22,7,15,元富-林園,2024-11-20,5927
2329,華泰,17,2,15,元富-林園,2024-11-20,5927
2392,正崴,19,4,15,元富-林園,2024-11-20,5927
2603,長榮,23,8,15,元富-林園,2024-11-20,5927
00929,復華台灣科技優息,14,0,14,元富-林園,2024-11-20,5927
1307,三芳,15,2,13,元富-林園,2024-11-20,5927
2387,精元,20,8,12,元富-林園,2024-11-20,5927
00930,永豐ESG低碳高息,12,0,12,元富-林園,2024-11-20,5927
5014,建錩,12,0,12,元富-林園,2024-11-20,5927
2399,映泰,14,3,11,元富-林園,2024-11-20,5927
00921,兆豐龍頭等權重,11,0,11,元富-林園,2024-11-20,5927
2402,毅嘉,13,2,11,元富-林園,2024-11-20,5927
2409,友達,11,0,11,元富-林園,2024-11-20,5927
00725B,國泰投資級公司債,106,96,10,元富-林園,2024-11-20,5927
2208,台船,10,0,10,元富-林園,2024-11-20,5927
2515,中工,10,0,10,元富-林園,2024-11-20,5927
2605,新興,10,0,10,元富-林園,2024-11-20,5927
4768,晶呈科技,10,0,10,元富-林園,2024-11-20,5927
4919,新唐,17,7,10,元富-林園,2024-11-20,5927
6156,松上,10,0,10,元富-林園,2024-11-20,5927
6288,聯嘉,10,0,10,元富-林園,2024-11-20,5927
3481,群創,24,15,9,元富-林園,2024-11-20,5927
3234,光環,10,1,9,元富-林園,2024-11-20,5927
1216,統一,10,2,8,元富-林園,2024-11-20,5927
2340,台亞,8,0,8,元富-林園,2024-11-20,5927
2367,燿華,10,2,8,元富-林園,2024-11-20,5927
2641,正德,10,2,8,元富-林園,2024-11-20,5927
5438,東友,17,10,7,元富-林園,2024-11-20,5927
1808,潤隆,6,0,6,元富-林園,2024-11-20,5927
1710,東聯,6,0,6,元富-林園,2024-11-20,5927
2328,廣宇,19,13,6,元富-林園,2024-11-20,5927
3005,神基,6,0,6,元富-林園,2024-11-20,5927
5315,光聯,6,0,6,元富-林園,2024-11-20,5927
00637L,元大滬深300正2,241,80,161,元富-林園,2024-11-21,5927
00878,國泰永續高股息,67,0,67,元富-林園,2024-11-21,5927
9105,泰金寶-DR,89,28,61,元富-林園,2024-11-21,5927
1301,台塑,48,0,48,元富-林園,2024-11-21,5927
2888,新光金,60,15,45,元富-林園,2024-11-21,5927
00929,復華台灣科技優息,53,11,42,元富-林園,2024-11-21,5927
00712,復華富時不動產,41,0,41,元富-林園,2024-11-21,5927
2354,鴻準,101,71,30,元富-林園,2024-11-21,5927
2303,聯電,33,5,28,元富-林園,2024-11-21,5927
5347,世界,30,3,27,元富-林園,2024-11-21,5927
2903,遠百,21,0,21,元富-林園,2024-11-21,5927
2812,台中銀,20,0,20,元富-林園,2024-11-21,5927
2367,燿華,20,0,20,元富-林園,2024-11-21,5927
6264,富裔,20,0,20,元富-林園,2024-11-21,5927
2317,鴻海,25,5,20,元富-林園,2024-11-21,5927
00919,群益台灣精選高息,19,1,18,元富-林園,2024-11-21,5927
2369,菱生,16,0,16,元富-林園,2024-11-21,5927
2371,大同,16,1,15,元富-林園,2024-11-21,5927
1303,南亞,14,0,14,元富-林園,2024-11-21,5927
00937B,群益ESG投等債20,13,0,13,元富-林園,2024-11-21,5927
2882,國泰金,12,0,12,元富-林園,2024-11-21,5927
00891,中信關鍵半導體,10,0,10,元富-林園,2024-11-21,5927
00887,永豐中國科技50大,10,0,10,元富-林園,2024-11-21,5927
00950B,凱基A級公司債,10,0,10,元富-林園,2024-11-21,5927
3036A,文曄甲特,10,0,10,元富-林園,2024-11-21,5927
5483,中美晶,10,0,10,元富-林園,2024-11-21,5927
5876,上海商銀,10,0,10,元富-林園,2024-11-21,5927
2413,環科,28,19,9,元富-林園,2024-11-21,5927
2387,精元,8,0,8,元富-林園,2024-11-21,5927
3013,晟銘電,10,2,8,元富-林園,2024-11-21,5927
3447,展達,8,0,8,元富-林園,2024-11-21,5927
5426,振發,10,2,8,元富-林園,2024-11-21,5927
2312,金寶,37,30,7,元富-林園,2024-11-21,5927
8064,東捷,14,7,7,元富-林園,2024-11-21,5927
2204,中華,18,12,6,元富-林園,2024-11-21,5927
1532,勤美,6,0,6,元富-林園,2024-11-21,5927
2618,長榮航,16,10,6,元富-林園,2024-11-21,5927
3481,群創,26,20,6,元富-林園,2024-11-21,5927
4927,泰鼎-KY,6,0,6,元富-林園,2024-11-21,5927
5907,大洋-KY,6,0,6,元富-林園,2024-11-21,5927
2330,台積電,6,0,6,元富-林園,2024-11-21,5927
00922,國泰台灣領袖50,6,0,6,元富-林園,2024-11-21,5927
1569,濱川,20,15,5,元富-林園,2024-11-21,5927
1605,華新,6,1,5,元富-林園,2024-11-21,5927
2357,華碩,5,0,5,元富-林園,2024-11-21,5927
2867,三商壽,5,0,5,元富-林園,2024-11-21,5927
3673,TPK-KY,5,0,5,元富-林園,2024-11-21,5927
4526,東台,5,0,5,元富-林園,2024-11-21,5927
4956,光鋐,13,8,5,元富-林園,2024-11-21,5927
8938,明安,5,0,5,元富-林園,2024-11-21,5927
00637L,元大滬深300正2,230,0,230,元富-林園,2024-11-22,5927
00712,復華富時不動產,50,3,47,元富-林園,2024-11-22,5927
5876,上海商銀,41,0,41,元富-林園,2024-11-22,5927
2356,英業達,44,11,33,元富-林園,2024-11-22,5927
00930,永豐ESG低碳高息,32,0,32,元富-林園,2024-11-22,5927
2353,宏��,36,6,30,元富-林園,2024-11-22,5927
2511,太子,27,0,27,元富-林園,2024-11-22,5927
00725B,國泰投資級公司債,120,96,24,元富-林園,2024-11-22,5927
9105,泰金寶-DR,44,20,24,元富-林園,2024-11-22,5927
2613,中櫃,24,2,22,元富-林園,2024-11-22,5927
2845,遠東銀,22,0,22,元富-林園,2024-11-22,5927
2486,一詮,24,2,22,元富-林園,2024-11-22,5927
2303,聯電,22,1,21,元富-林園,2024-11-22,5927
2609,陽明,54,34,20,元富-林園,2024-11-22,5927
2515,中工,20,0,20,元富-林園,2024-11-22,5927
2393,億光,20,1,19,元富-林園,2024-11-22,5927
1101,台泥,21,4,17,元富-林園,2024-11-22,5927
2867,三商壽,16,0,16,元富-林園,2024-11-22,5927
1326,台化,16,0,16,元富-林園,2024-11-22,5927
00882,中信中國高股息,15,0,15,元富-林園,2024-11-22,5927
6112,邁達特,15,0,15,元富-林園,2024-11-22,5927
3323,加百裕,16,2,14,元富-林園,2024-11-22,5927
2615,萬海,17,4,13,元富-林園,2024-11-22,5927
2610,華航,47,34,13,元富-林園,2024-11-22,5927
3706,神達,40,28,12,元富-林園,2024-11-22,5927
00887,永豐中國科技50大,11,0,11,元富-林園,2024-11-22,5927
00632R,元大台灣50反1,11,0,11,元富-林園,2024-11-22,5927
2429,銘旺科,11,0,11,元富-林園,2024-11-22,5927
3645,達邁,14,3,11,元富-林園,2024-11-22,5927
2387,精元,12,1,11,元富-林園,2024-11-22,5927
00669R,國泰美國道瓊反1,10,0,10,元富-林園,2024-11-22,5927
2409,友達,14,4,10,元富-林園,2024-11-22,5927
2929,淘帝-KY,9,0,9,元富-林園,2024-11-22,5927
8163,達方,9,0,9,元富-林園,2024-11-22,5927
2354,鴻準,55,47,8,元富-林園,2024-11-22,5927
3591,艾笛森,10,2,8,元富-林園,2024-11-22,5927
4956,光鋐,9,1,8,元富-林園,2024-11-22,5927
5225,東科-KY,8,0,8,元富-林園,2024-11-22,5927
6274,台燿,10,2,8,元富-林園,2024-11-22,5927
2317,鴻海,12,4,8,元富-林園,2024-11-22,5927
1444,力麗,7,0,7,元富-林園,2024-11-22,5927
00679B,元大美債20年,7,1,6,元富-林園,2024-11-22,5927
00650L,復華香港正2,6,0,6,元富-林園,2024-11-22,5927
2539,櫻花建,6,0,6,元富-林園,2024-11-22,5927
2881,富邦金,6,0,6,元富-林園,2024-11-22,5927
3211,順達,8,2,6,元富-林園,2024-11-22,5927
3511,矽瑪,34,28,6,元富-林園,2024-11-22,5927
5457,宣德,7,1,6,元富-林園,2024-11-22,5927
8272,全景軟體,6,0,6,元富-林園,2024-11-22,5927
1808,潤隆,5,0,5,元富-林園,2024-11-22,5927
00637L,元大滬深300正2,141,40,101,元富-林園,2024-11-25,5927
1218,泰山,100,0,100,元富-林園,2024-11-25,5927
00753L,中信中國50正2,100,5,95,元富-林園,2024-11-25,5927
2371,大同,68,5,63,元富-林園,2024-11-25,5927
6288,聯嘉,55,0,55,元富-林園,2024-11-25,5927
1303,南亞,47,2,45,元富-林園,2024-11-25,5927
2618,長榮航,33,6,27,元富-林園,2024-11-25,5927
1569,濱川,30,4,26,元富-林園,2024-11-25,5927
2316,楠梓電,21,0,21,元富-林園,2024-11-25,5927
6706,惠特,22,1,21,元富-林園,2024-11-25,5927
00655L,國泰中國A50正2,20,0,20,元富-林園,2024-11-25,5927
2515,中工,20,0,20,元富-林園,2024-11-25,5927
00953B,群益優選非投等債,20,1,19,元富-林園,2024-11-25,5927
00930,永豐ESG低碳高息,18,0,18,元富-林園,2024-11-25,5927
2312,金寶,100,84,16,元富-林園,2024-11-25,5927
2344,華邦電,16,0,16,元富-林園,2024-11-25,5927
1466,聚隆,15,0,15,元富-林園,2024-11-25,5927
00929,復華台灣科技優息,13,0,13,元富-林園,2024-11-25,5927
3114,好德,16,3,13,元富-林園,2024-11-25,5927
5315,光聯,22,9,13,元富-林園,2024-11-25,5927
2609,陽明,51,39,12,元富-林園,2024-11-25,5927
00887,永豐中國科技50大,12,0,12,元富-林園,2024-11-25,5927
2801,彰銀,12,0,12,元富-林園,2024-11-25,5927
2332,友訊,12,0,12,元富-林園,2024-11-25,5927
1527,鑽全,10,0,10,元富-林園,2024-11-25,5927
2409,友達,10,0,10,元富-林園,2024-11-25,5927
5203,訊連,10,0,10,元富-林園,2024-11-25,5927
6674,鋐寶科技,10,0,10,元富-林園,2024-11-25,5927
2233,宇隆,13,3,10,元富-林園,2024-11-25,5927
1709,和益,9,0,9,元富-林園,2024-11-25,5927
3027,盛達,16,7,9,元富-林園,2024-11-25,5927
6806,森崴能源,11,2,9,元富-林園,2024-11-25,5927
2812,台中銀,15,6,9,元富-林園,2024-11-25,5927
2603,長榮,10,2,8,元富-林園,2024-11-25,5927
00882,中信中國高股息,8,0,8,元富-林園,2024-11-25,5927
1905,華紙,8,0,8,元富-林園,2024-11-25,5927
00940,元大台灣價值高息,7,0,7,元富-林園,2024-11-25,5927
8028,昇陽半導體,11,4,7,元富-林園,2024-11-25,5927
1587,吉茂,7,0,7,元富-林園,2024-11-25,5927
3380,明泰,8,1,7,元富-林園,2024-11-25,5927
5426,振發,16,9,7,元富-林園,2024-11-25,5927
6558,興能高,8,1,7,元富-林園,2024-11-25,5927
6756,威鋒電子,7,0,7,元富-林園,2024-11-25,5927
2376,技嘉,11,4,7,元富-林園,2024-11-25,5927
00713,元大台灣高息低波,6,0,6,元富-林園,2024-11-25,5927
2834,臺企銀,7,1,6,元富-林園,2024-11-25,5927
00894,中信小資高價30,6,0,6,元富-林園,2024-11-25,5927
2406,國碩,6,0,6,元富-林園,2024-11-25,5927
6546,正基,6,0,6,元富-林園,2024-11-25,5927
9902,台火,6,0,6,元富-林園,2024-11-25,5927
00673R,期元大S＆P原油反1,100,2,98,元富-林園,2024-11-26,5927
2317,鴻海,64,1,63,元富-林園,2024-11-26,5927
1301,台塑,51,11,40,元富-林園,2024-11-26,5927
2889,國票金,31,0,31,元富-林園,2024-11-26,5927
3419,譁裕,30,1,29,元富-林園,2024-11-26,5927
2344,華邦電,28,2,26,元富-林園,2024-11-26,5927
2324,仁寶,41,17,24,元富-林園,2024-11-26,5927
00951,台新日本半導體,21,0,21,元富-林園,2024-11-26,5927
00878,國泰永續高股息,27,8,19,元富-林園,2024-11-26,5927
2367,燿華,19,1,18,元富-林園,2024-11-26,5927
00712,復華富時不動產,50,33,17,元富-林園,2024-11-26,5927
3481,群創,36,20,16,元富-林園,2024-11-26,5927
00887,永豐中國科技50大,16,1,15,元富-林園,2024-11-26,5927
1558,伸興,15,0,15,元富-林園,2024-11-26,5927
2615,萬海,26,13,13,元富-林園,2024-11-26,5927
1609,大亞,15,3,12,元富-林園,2024-11-26,5927
2887,台新金,11,0,11,元富-林園,2024-11-26,5927
2208,台船,11,0,11,元富-林園,2024-11-26,5927
00934,中信成長高股息,10,0,10,元富-林園,2024-11-26,5927
2409,友達,10,0,10,元富-林園,2024-11-26,5927
2641,正德,10,0,10,元富-林園,2024-11-26,5927
6152,百一,10,0,10,元富-林園,2024-11-26,5927
6215,和椿,10,0,10,元富-林園,2024-11-26,5927
2426,鼎元,13,4,9,元富-林園,2024-11-26,5927
2609,陽明,28,19,9,元富-林園,2024-11-26,5927
8064,東捷,15,6,9,元富-林園,2024-11-26,5927
2330,台積電,9,0,9,元富-林園,2024-11-26,5927
006208,富邦台50,8,0,8,元富-林園,2024-11-26,5927
4909,新復興,9,1,8,元富-林園,2024-11-26,5927
00669R,國泰美國道瓊反1,7,0,7,元富-林園,2024-11-26,5927
1326,台化,8,1,7,元富-林園,2024-11-26,5927
6174,安��,10,3,7,元富-林園,2024-11-26,5927
1815,富喬,21,15,6,元富-林園,2024-11-26,5927
2316,楠梓電,7,1,6,元富-林園,2024-11-26,5927
2634,漢翔,6,0,6,元富-林園,2024-11-26,5927
4526,東台,7,1,6,元富-林園,2024-11-26,5927
8429,金麗-KY,16,10,6,元富-林園,2024-11-26,5927
1802,台玻,8,3,5,元富-林園,2024-11-26,5927
3062,建漢,11,6,5,元富-林園,2024-11-26,5927
3167,大量,6,1,5,元富-林園,2024-11-26,5927
5701,劍湖山,5,0,5,元富-林園,2024-11-26,5927
6144,得利影,5,0,5,元富-林園,2024-11-26,5927
8114,振樺電,6,1,5,元富-林園,2024-11-26,5927
00715L,期街口布蘭特正2,4,0,4,元富-林園,2024-11-26,5927
00882,中信中國高股息,4,0,4,元富-林園,2024-11-26,5927
00665L,富邦�琤肭磪囓�2,804,800,4,元富-林園,2024-11-26,5927
0056,元大高股息,4,0,4,元富-林園,2024-11-26,5927
2301,光寶科,11,7,4,元富-林園,2024-11-26,5927
2328,廣宇,4,0,4,元富-林園,2024-11-26,5927
2601,益航,4,0,4,元富-林園,2024-11-26,5927
00673R,期元大S＆P原油反1,400,0,400,元富-林園,2024-11-27,5927
00878,國泰永續高股息,158,0,158,元富-林園,2024-11-27,5927
00919,群益台灣精選高息,138,0,138,元富-林園,2024-11-27,5927
00887,永豐中國科技50大,100,0,100,元富-林園,2024-11-27,5927
6770,力積電,102,4,98,元富-林園,2024-11-27,5927
2317,鴻海,68,13,55,元富-林園,2024-11-27,5927
2233,宇隆,55,5,50,元富-林園,2024-11-27,5927
2515,中工,50,0,50,元富-林園,2024-11-27,5927
2303,聯電,57,8,49,元富-林園,2024-11-27,5927
00929,復華台灣科技優息,39,1,38,元富-林園,2024-11-27,5927
1815,富喬,62,26,36,元富-林園,2024-11-27,5927
0056,元大高股息,36,0,36,元富-林園,2024-11-27,5927
00715L,期街口布蘭特正2,28,0,28,元富-林園,2024-11-27,5927
2867,三商壽,27,0,27,元富-林園,2024-11-27,5927
5203,訊連,30,3,27,元富-林園,2024-11-27,5927
2392,正崴,41,14,27,元富-林園,2024-11-27,5927
00940,元大台灣價值高息,48,22,26,元富-林園,2024-11-27,5927
2344,華邦電,33,8,25,元富-林園,2024-11-27,5927
1449,佳和,22,0,22,元富-林園,2024-11-27,5927
2002,中鋼,22,0,22,元富-林園,2024-11-27,5927
1307,三芳,21,0,21,元富-林園,2024-11-27,5927
2609,陽明,81,61,20,元富-林園,2024-11-27,5927
2915,潤泰全,20,0,20,元富-林園,2024-11-27,5927
2603,長榮,24,4,20,元富-林園,2024-11-27,5927
6505,台塑化,19,0,19,元富-林園,2024-11-27,5927
1314,中石化,20,3,17,元富-林園,2024-11-27,5927
3013,晟銘電,17,1,16,元富-林園,2024-11-27,5927
3149,正達,16,0,16,元富-林園,2024-11-27,5927
3323,加百裕,27,11,16,元富-林園,2024-11-27,5927
1609,大亞,16,1,15,元富-林園,2024-11-27,5927
2511,太子,16,1,15,元富-林園,2024-11-27,5927
00922,國泰台灣領袖50,15,0,15,元富-林園,2024-11-27,5927
2324,仁寶,21,8,13,元富-林園,2024-11-27,5927
2387,精元,13,0,13,元富-林園,2024-11-27,5927
2887,台新金,12,0,12,元富-林園,2024-11-27,5927
6213,聯茂,13,1,12,元富-林園,2024-11-27,5927
2312,金寶,79,67,12,元富-林園,2024-11-27,5927
2426,鼎元,13,2,11,元富-林園,2024-11-27,5927
2330,台積電,11,0,11,元富-林園,2024-11-27,5927
00918,大華優利高填息30,11,1,10,元富-林園,2024-11-27,5927
00959B,大華投等美債15Y+,10,0,10,元富-林園,2024-11-27,5927
1319,東陽,26,16,10,元富-林園,2024-11-27,5927
2891,中信金,10,0,10,元富-林園,2024-11-27,5927
4562,穎漢,24,14,10,元富-林園,2024-11-27,5927
5531,鄉林,10,0,10,元富-林園,2024-11-27,5927
8070,長華*,10,0,10,元富-林園,2024-11-27,5927
1301,台塑,10,0,10,元富-林園,2024-11-27,5927
3663,鑫科,9,0,9,元富-林園,2024-11-27,5927
1218,泰山,9,0,9,元富-林園,2024-11-27,5927
3535,晶彩科,10,1,9,元富-林園,2024-11-27,5927
00665L,富邦�琤肭磪囓�2,804,0,804,元富-林園,2024-11-28,5927
00878,國泰永續高股息,156,10,146,元富-林園,2024-11-28,5927
2312,金寶,162,58,104,元富-林園,2024-11-28,5927
00637L,元大滬深300正2,131,50,81,元富-林園,2024-11-28,5927
2316,楠梓電,44,0,44,元富-林園,2024-11-28,5927
3090,日電貿,62,30,32,元富-林園,2024-11-28,5927
2405,輔信,30,0,30,元富-林園,2024-11-28,5927
00929,復華台灣科技優息,35,12,23,元富-林園,2024-11-28,5927
6443,元晶,27,5,22,元富-林園,2024-11-28,5927
00894,中信小資高價30,20,0,20,元富-林園,2024-11-28,5927
2515,中工,20,0,20,元富-林園,2024-11-28,5927
5701,劍湖山,20,0,20,元富-林園,2024-11-28,5927
00946,群益科技高息成長,19,0,19,元富-林園,2024-11-28,5927
2891,中信金,16,0,16,元富-林園,2024-11-28,5927
2371,大同,19,4,15,元富-林園,2024-11-28,5927
3026,禾伸堂,15,0,15,元富-林園,2024-11-28,5927
3591,艾笛森,19,4,15,元富-林園,2024-11-28,5927
2332,友訊,15,2,13,元富-林園,2024-11-28,5927
2845,遠東銀,13,0,13,元富-林園,2024-11-28,5927
6706,惠特,13,0,13,元富-林園,2024-11-28,5927
2383,台光電,13,1,12,元富-林園,2024-11-28,5927
5607,遠雄港,12,0,12,元富-林園,2024-11-28,5927
6288,聯嘉,13,1,12,元富-林園,2024-11-28,5927
00779B,凱基美債25+,10,0,10,元富-林園,2024-11-28,5927
1711,永光,10,0,10,元富-林園,2024-11-28,5927
2431,聯昌,28,18,10,元富-林園,2024-11-28,5927
5203,訊連,10,0,10,元富-林園,2024-11-28,5927
6176,瑞儀,15,5,10,元富-林園,2024-11-28,5927
8240,華宏,17,7,10,元富-林園,2024-11-28,5927
00953B,群益優選非投等債,10,0,10,元富-林園,2024-11-28,5927
2027,大成鋼,10,1,9,元富-林園,2024-11-28,5927
2489,瑞軒,9,0,9,元富-林園,2024-11-28,5927
4510,高鋒,63,54,9,元富-林園,2024-11-28,5927
0056,元大高股息,14,5,9,元富-林園,2024-11-28,5927
1301,台塑,13,5,8,元富-林園,2024-11-28,5927
2105,正新,9,1,8,元富-林園,2024-11-28,5927
2344,華邦電,24,16,8,元富-林園,2024-11-28,5927
2367,燿華,10,2,8,元富-林園,2024-11-28,5927
2392,正崴,16,8,8,元富-林園,2024-11-28,5927
3481,群創,25,17,8,元富-林園,2024-11-28,5927
1308,亞聚,7,0,7,元富-林園,2024-11-28,5927
5880,合庫金,7,0,7,元富-林園,2024-11-28,5927
6877,鏵友益,7,0,7,元富-林園,2024-11-28,5927
9902,台火,7,0,7,元富-林園,2024-11-28,5927
00909,國泰數位支付服務,7,1,6,元富-林園,2024-11-28,5927
2615,萬海,10,4,6,元富-林園,2024-11-28,5927
8112,至上,6,0,6,元富-林園,2024-11-28,5927
1718,中纖,6,0,6,元富-林園,2024-11-28,5927
1815,富喬,136,130,6,元富-林園,2024-11-28,5927
1904,正隆,6,0,6,元富-林園,2024-11-28,5927
00937B,群益ESG投等債20,117,60,57,元富-林園,2024-11-29,5927
1301,台塑,75,23,52,元富-林園,2024-11-29,5927
910861,神州-DR,40,0,40,元富-林園,2024-11-29,5927
2002,中鋼,38,0,38,元富-林園,2024-11-29,5927
3706,神達,125,88,37,元富-林園,2024-11-29,5927
2633,台灣高鐵,36,0,36,元富-林園,2024-11-29,5927
00919,群益台灣精選高息,36,1,35,元富-林園,2024-11-29,5927
1605,華新,35,3,32,元富-林園,2024-11-29,5927
3058,立德,30,0,30,元富-林園,2024-11-29,5927
0050,元大台灣50,29,0,29,元富-林園,2024-11-29,5927
6443,元晶,37,9,28,元富-林園,2024-11-29,5927
6706,惠特,30,3,27,元富-林園,2024-11-29,5927
5880,合庫金,23,0,23,元富-林園,2024-11-29,5927
2344,華邦電,25,3,22,元富-林園,2024-11-29,5927
2324,仁寶,25,5,20,元富-林園,2024-11-29,5927
2888,新光金,21,1,20,元富-林園,2024-11-29,5927
2615,萬海,25,6,19,元富-林園,2024-11-29,5927
2303,聯電,32,13,19,元富-林園,2024-11-29,5927
1319,東陽,20,1,19,元富-林園,2024-11-29,5927
00878,國泰永續高股息,19,0,19,元富-林園,2024-11-29,5927
2101,南港,18,1,17,元富-林園,2024-11-29,5927
5309,系統電,21,4,17,元富-林園,2024-11-29,5927
3036A,文曄甲特,15,0,15,元富-林園,2024-11-29,5927
3338,泰碩,20,5,15,元富-林園,2024-11-29,5927
006208,富邦台50,11,0,11,元富-林園,2024-11-29,5927
2208,台船,31,20,11,元富-林園,2024-11-29,5927
3323,加百裕,17,6,11,元富-林園,2024-11-29,5927
2317,鴻海,13,2,11,元富-林園,2024-11-29,5927
2349,錸德,10,0,10,元富-林園,2024-11-29,5927
00713,元大台灣高息低波,12,2,10,元富-林園,2024-11-29,5927
00927,群益半導體收益,9,0,9,元富-林園,2024-11-29,5927
3419,譁裕,9,0,9,元富-林園,2024-11-29,5927
0056,元大高股息,12,4,8,元富-林園,2024-11-29,5927
00907,永豐優息存股,8,0,8,元富-林園,2024-11-29,5927
6117,迎廣,10,2,8,元富-林園,2024-11-29,5927
1326,台化,7,0,7,元富-林園,2024-11-29,5927
2402,毅嘉,7,0,7,元富-林園,2024-11-29,5927
3202,樺晟,10,3,7,元富-林園,2024-11-29,5927
6244,茂迪,7,0,7,元富-林園,2024-11-29,5927
6505,台塑化,9,2,7,元富-林園,2024-11-29,5927
6770,力積電,10,4,6,元富-林園,2024-11-29,5927
2204,中華,6,1,5,元富-林園,2024-11-29,5927
2915,潤泰全,5,0,5,元富-林園,2024-11-29,5927
00948B,中信優息投資級債,5,0,5,元富-林園,2024-11-29,5927
2401,凌陽,5,0,5,元富-林園,2024-11-29,5927
2405,輔信,5,0,5,元富-林園,2024-11-29,5927
2881,富邦金,6,1,5,元富-林園,2024-11-29,5927
3033,威健,5,0,5,元富-林園,2024-11-29,5927
6151,晉倫,5,0,5,元富-林園,2024-11-29,5927
6176,瑞儀,8,3,5,元富-林園,2024-11-29,5927
5309,系統電,276,28,248,元富-林園,2024-12-02,5927
00918,大華優利高填息30,90,0,90,元富-林園,2024-12-02,5927
5880,合庫金,50,0,50,元富-林園,2024-12-02,5927
3202,樺晟,50,0,50,元富-林園,2024-12-02,5927
00687B,國泰20年美債,58,34,24,元富-林園,2024-12-02,5927
2317,鴻海,25,1,24,元富-林園,2024-12-02,5927
5328,華容,35,13,22,元富-林園,2024-12-02,5927
2313,華通,20,0,20,元富-林園,2024-12-02,5927
00664R,國泰臺灣加權反1,19,0,19,元富-林園,2024-12-02,5927
0050,元大台灣50,47,30,17,元富-林園,2024-12-02,5927
1802,台玻,18,2,16,元富-林園,2024-12-02,5927
6509,聚和,15,0,15,元富-林園,2024-12-02,5927
00932,兆豐永續高息等權,14,0,14,元富-林園,2024-12-02,5927
2353,宏��,20,6,14,元富-林園,2024-12-02,5927
00928,中信上櫃ESG30,12,0,12,元富-林園,2024-12-02,5927
00927,群益半導體收益,12,0,12,元富-林園,2024-12-02,5927
2929,淘帝-KY,49,37,12,元富-林園,2024-12-02,5927
00878,國泰永續高股息,15,4,11,元富-林園,2024-12-02,5927
2892,第一金,10,0,10,元富-林園,2024-12-02,5927
2886,兆豐金,10,0,10,元富-林園,2024-12-02,5927
00921,兆豐龍頭等權重,10,0,10,元富-林園,2024-12-02,5927
00915,凱基優選高股息30,10,0,10,元富-林園,2024-12-02,5927
2405,輔信,11,1,10,元富-林園,2024-12-02,5927
2421,建準,10,0,10,元富-林園,2024-12-02,5927
2637,慧洋-KY,10,0,10,元富-林園,2024-12-02,5927
9945,潤泰新,10,0,10,元富-林園,2024-12-02,5927
3211,順達,38,28,10,元富-林園,2024-12-02,5927
6962,ITH-KY,9,0,9,元富-林園,2024-12-02,5927
2867,三商壽,9,0,9,元富-林園,2024-12-02,5927
00930,永豐ESG低碳高息,11,2,9,元富-林園,2024-12-02,5927
1308,亞聚,9,0,9,元富-林園,2024-12-02,5927
1815,富喬,16,7,9,元富-林園,2024-12-02,5927
8033,雷虎,10,1,9,元富-林園,2024-12-02,5927
3706,神達,41,33,8,元富-林園,2024-12-02,5927
00669R,國泰美國道瓊反1,6,0,6,元富-林園,2024-12-02,5927
00690,兆豐藍籌30,6,0,6,元富-林園,2024-12-02,5927
00735,國泰臺韓科技,6,0,6,元富-林園,2024-12-02,5927
2495,普安,6,0,6,元富-林園,2024-12-02,5927
2915,潤泰全,6,0,6,元富-林園,2024-12-02,5927
4129,聯合,6,0,6,元富-林園,2024-12-02,5927
6257,矽格,6,0,6,元富-林園,2024-12-02,5927
8374,羅昇,7,1,6,元富-林園,2024-12-02,5927
2354,鴻準,15,9,6,元富-林園,2024-12-02,5927
1605,華新,7,2,5,元富-林園,2024-12-02,5927
1307,三芳,5,0,5,元富-林園,2024-12-02,5927
2105,正新,5,0,5,元富-林園,2024-12-02,5927
2449,京元電子,6,1,5,元富-林園,2024-12-02,5927
2641,正德,5,0,5,元富-林園,2024-12-02,5927
3323,加百裕,32,27,5,元富-林園,2024-12-02,5927
3338,泰碩,5,0,5,元富-林園,2024-12-02,5927
2891,中信金,87,12,75,元富-林園,2024-12-03,5927
2867,三商壽,50,0,50,元富-林園,2024-12-03,5927
00918,大華優利高填息30,38,0,38,元富-林園,2024-12-03,5927
00878,國泰永續高股息,22,0,22,元富-林園,2024-12-03,5927
00915,凱基優選高股息30,22,0,22,元富-林園,2024-12-03,5927
2408,南亞科,23,2,21,元富-林園,2024-12-03,5927
2316,楠梓電,20,0,20,元富-林園,2024-12-03,5927
3297,杭特,21,2,19,元富-林園,2024-12-03,5927
3617,碩天,15,0,15,元富-林園,2024-12-03,5927
00946,群益科技高息成長,13,0,13,元富-林園,2024-12-03,5927
5328,華容,32,20,12,元富-林園,2024-12-03,5927
8028,昇陽半導體,19,7,12,元富-林園,2024-12-03,5927
3030,德律,11,0,11,元富-林園,2024-12-03,5927
6120,達運,11,0,11,元富-林園,2024-12-03,5927
6112,邁達特,10,0,10,元富-林園,2024-12-03,5927
6505,台塑化,10,0,10,元富-林園,2024-12-03,5927
8927,北基,10,0,10,元富-林園,2024-12-03,5927
00713,元大台灣高息低波,17,8,9,元富-林園,2024-12-03,5927
3324,雙鴻,11,2,9,元富-林園,2024-12-03,5927
2615,萬海,18,11,7,元富-林園,2024-12-03,5927
8429,金麗-KY,14,7,7,元富-林園,2024-12-03,5927
00930,永豐ESG低碳高息,10,4,6,元富-林園,2024-12-03,5927
1301,台塑,15,9,6,元富-林園,2024-12-03,5927
2303,聯電,7,1,6,元富-林園,2024-12-03,5927
3013,晟銘電,9,3,6,元富-林園,2024-12-03,5927
3260,威剛,6,0,6,元富-林園,2024-12-03,5927
3625,西勝,6,0,6,元富-林園,2024-12-03,5927
5907,大洋-KY,6,0,6,元富-林園,2024-12-03,5927
2317,鴻海,11,6,5,元富-林園,2024-12-03,5927
6176,瑞儀,8,3,5,元富-林園,2024-12-03,5927
00632R,元大台灣50反1,5,0,5,元富-林園,2024-12-03,5927
2312,金寶,76,71,5,元富-林園,2024-12-03,5927
2329,華泰,12,7,5,元富-林園,2024-12-03,5927
2641,正德,5,0,5,元富-林園,2024-12-03,5927
3207,耀勝,5,0,5,元富-林園,2024-12-03,5927
4303,信立,16,11,5,元富-林園,2024-12-03,5927
6175,立敦,5,0,5,元富-林園,2024-12-03,5927
6530,創威,6,1,5,元富-林園,2024-12-03,5927
6577,勁豐,5,0,5,元富-林園,2024-12-03,5927
6770,力積電,5,0,5,元富-林園,2024-12-03,5927
8299,群聯,4,0,4,元富-林園,2024-12-03,5927
00923,群益台ESG低碳50,4,0,4,元富-林園,2024-12-03,5927
00912,中信臺灣智慧50,4,0,4,元富-林園,2024-12-03,5927
2385,群光,5,1,4,元富-林園,2024-12-03,5927
2444,兆勁,6,2,4,元富-林園,2024-12-03,5927
3114,好德,4,0,4,元富-林園,2024-12-03,5927
3711,日月光投控,6,2,4,元富-林園,2024-12-03,5927
4931,新盛力,8,4,4,元富-林園,2024-12-03,5927
6219,富旺,4,0,4,元富-林園,2024-12-03,5927
1815,富喬,20,16,4,元富-林園,2024-12-03,5927
3202,樺晟,290,0,290,元富-林園,2024-12-04,5927
2845,遠東銀,250,5,245,元富-林園,2024-12-04,5927
00918,大華優利高填息30,70,0,70,元富-林園,2024-12-04,5927
00679B,元大美債20年,62,0,62,元富-林園,2024-12-04,5927
00878,國泰永續高股息,53,0,53,元富-林園,2024-12-04,5927
2002,中鋼,50,1,49,元富-林園,2024-12-04,5927
6173,信昌電,46,0,46,元富-林園,2024-12-04,5927
0056,元大高股息,33,0,33,元富-林園,2024-12-04,5927
00915,凱基優選高股息30,30,0,30,元富-林園,2024-12-04,5927
1301,台塑,23,1,22,元富-林園,2024-12-04,5927
3625,西勝,28,7,21,元富-林園,2024-12-04,5927
2605,新興,20,0,20,元富-林園,2024-12-04,5927
3297,杭特,17,0,17,元富-林園,2024-12-04,5927
00713,元大台灣高息低波,16,0,16,元富-林園,2024-12-04,5927
3706,神達,75,61,14,元富-林園,2024-12-04,5927
2349,錸德,19,5,14,元富-林園,2024-12-04,5927
00751B,元大AAA至A公司債,15,3,12,元富-林園,2024-12-04,5927
2457,飛宏,13,1,12,元富-林園,2024-12-04,5927
5351,鈺創,13,1,12,元富-林園,2024-12-04,5927
5203,訊連,11,0,11,元富-林園,2024-12-04,5927
1522,堤維西,10,0,10,元富-林園,2024-12-04,5927
00714,群益道瓊美國地產,10,0,10,元富-林園,2024-12-04,5927
1326,台化,10,0,10,元富-林園,2024-12-04,5927
2007,燁興,10,0,10,元富-林園,2024-12-04,5927
2547,日勝生,10,0,10,元富-林園,2024-12-04,5927
3645,達邁,10,0,10,元富-林園,2024-12-04,5927
5009,榮剛,10,0,10,元富-林園,2024-12-04,5927
6113,亞矽,10,0,10,元富-林園,2024-12-04,5927
3260,威剛,12,2,10,元富-林園,2024-12-04,5927
00671R,富邦NASDAQ反1,9,0,9,元富-林園,2024-12-04,5927
2367,燿華,11,2,9,元富-林園,2024-12-04,5927
2609,陽明,16,7,9,元富-林園,2024-12-04,5927
2834,臺企銀,10,1,9,元富-林園,2024-12-04,5927
6187,萬潤,9,1,8,元富-林園,2024-12-04,5927
2344,華邦電,14,6,8,元富-林園,2024-12-04,5927
2387,精元,13,5,8,元富-林園,2024-12-04,5927
2887,台新金,8,0,8,元富-林園,2024-12-04,5927
5244,弘凱,17,9,8,元富-林園,2024-12-04,5927
8042,金山電,10,2,8,元富-林園,2024-12-04,5927
1605,華新,7,0,7,元富-林園,2024-12-04,5927
2646,星宇航空,11,4,7,元富-林園,2024-12-04,5927
8021,尖點,7,0,7,元富-林園,2024-12-04,5927
2610,華航,32,26,6,元富-林園,2024-12-04,5927
8299,群聯,6,0,6,元富-林園,2024-12-04,5927
00687B,國泰20年美債,6,0,6,元富-林園,2024-12-04,5927
3576,聯合再生,6,0,6,元富-林園,2024-12-04,5927
00907,永豐優息存股,5,0,5,元富-林園,2024-12-04,5927
1709,和益,5,0,5,元富-林園,2024-12-04,5927
2371,大同,6,1,5,元富-林園,2024-12-04,5927
3060,銘異,5,0,5,元富-林園,2024-12-04,5927
00679B,元大美債20年,280,2,278,元富-林園,2024-12-05,5927
2883,凱基金,257,0,257,元富-林園,2024-12-05,5927
00637L,元大滬深300正2,220,40,180,元富-林園,2024-12-05,5927
00665L,富邦�琤肭磪囓�2,400,300,100,元富-林園,2024-12-05,5927
2845,遠東銀,60,0,60,元富-林園,2024-12-05,5927
3211,順達,49,6,43,元富-林園,2024-12-05,5927
2371,大同,56,22,34,元富-林園,2024-12-05,5927
2324,仁寶,35,1,34,元富-林園,2024-12-05,5927
00918,大華優利高填息30,31,0,31,元富-林園,2024-12-05,5927
2615,萬海,28,2,26,元富-林園,2024-12-05,5927
3481,群創,24,0,24,元富-林園,2024-12-05,5927
00953B,群益優選非投等債,22,0,22,元富-林園,2024-12-05,5927
1710,東聯,22,0,22,元富-林園,2024-12-05,5927
00919,群益台灣精選高息,22,0,22,元富-林園,2024-12-05,5927
2038,海光,21,0,21,元富-林園,2024-12-05,5927
00965,元大航太防衛科技,20,0,20,元富-林園,2024-12-05,5927
6558,興能高,38,19,19,元富-林園,2024-12-05,5927
5009,榮剛,18,0,18,元富-林園,2024-12-05,5927
6134,萬旭,16,0,16,元富-林園,2024-12-05,5927
6191,精成科,16,0,16,元富-林園,2024-12-05,5927
8042,金山電,20,6,14,元富-林園,2024-12-05,5927
1718,中纖,13,0,13,元富-林園,2024-12-05,5927
2834,臺企銀,12,0,12,元富-林園,2024-12-05,5927
2312,金寶,55,43,12,元富-林園,2024-12-05,5927
1605,華新,12,0,12,元富-林園,2024-12-05,5927
2337,旺宏,12,0,12,元富-林園,2024-12-05,5927
3323,加百裕,23,11,12,元富-林園,2024-12-05,5927
3360,尚立,12,0,12,元富-林園,2024-12-05,5927
2392,正崴,28,17,11,元富-林園,2024-12-05,5927
00830,國泰費城半導體,10,0,10,元富-林園,2024-12-05,5927
00712,復華富時不動產,10,0,10,元富-林園,2024-12-05,5927
2243,宏旭-KY,10,0,10,元富-林園,2024-12-05,5927
2331,精英,10,0,10,元富-林園,2024-12-05,5927
2355,敬鵬,10,0,10,元富-林園,2024-12-05,5927
4571,鈞興-KY,12,2,10,元富-林園,2024-12-05,5927
2344,華邦電,10,1,9,元富-林園,2024-12-05,5927
2303,聯電,9,0,9,元富-林園,2024-12-05,5927
4977,眾達-KY,33,25,8,元富-林園,2024-12-05,5927
00715L,期街口布蘭特正2,8,0,8,元富-林園,2024-12-05,5927
2466,冠西電,8,0,8,元富-林園,2024-12-05,5927
2472,立隆電,8,0,8,元富-林園,2024-12-05,5927
3043,科風,11,3,8,元富-林園,2024-12-05,5927
2887,台新金,7,0,7,元富-林園,2024-12-05,5927
2313,華通,11,4,7,元富-林園,2024-12-05,5927
4303,信立,11,4,7,元富-林園,2024-12-05,5927
1326,台化,7,1,6,元富-林園,2024-12-05,5927
2363,矽統,10,4,6,元富-林園,2024-12-05,5927
2382,廣達,7,1,6,元富-林園,2024-12-05,5927
8429,金麗-KY,6,0,6,元富-林園,2024-12-05,5927
5371,中光電,5,0,5,元富-林園,2024-12-05,5927
00915,凱基優選高股息30,97,0,97,元富-林園,2024-12-06,5927
00953B,群益優選非投等債,71,0,71,元富-林園,2024-12-06,5927
2002,中鋼,51,0,51,元富-林園,2024-12-06,5927
2887,台新金,58,8,50,元富-林園,2024-12-06,5927
2392,正崴,48,1,47,元富-林園,2024-12-06,5927
1449,佳和,42,7,35,元富-林園,2024-12-06,5927
3706,神達,107,73,34,元富-林園,2024-12-06,5927
1605,華新,50,17,33,元富-林園,2024-12-06,5927
1815,富喬,48,20,28,元富-林園,2024-12-06,5927
00918,大華優利高填息30,26,0,26,元富-林園,2024-12-06,5927
00712,復華富時不動產,25,0,25,元富-林園,2024-12-06,5927
2354,鴻準,94,71,23,元富-林園,2024-12-06,5927
00919,群益台灣精選高息,23,1,22,元富-林園,2024-12-06,5927
8069,元太,27,6,21,元富-林園,2024-12-06,5927
6151,晉倫,20,0,20,元富-林園,2024-12-06,5927
1909,榮成,19,0,19,元富-林園,2024-12-06,5927
2492,華新科,19,0,19,元富-林園,2024-12-06,5927
00885,富邦越南,16,0,16,元富-林園,2024-12-06,5927
4952,凌通,26,10,16,元富-林園,2024-12-06,5927
2618,長榮航,14,0,14,元富-林園,2024-12-06,5927
2344,華邦電,22,8,14,元富-林園,2024-12-06,5927
3645,達邁,14,0,14,元富-林園,2024-12-06,5927
4977,眾達-KY,17,4,13,元富-林園,2024-12-06,5927
00932,兆豐永續高息等權,12,0,12,元富-林園,2024-12-06,5927
1301,台塑,16,5,11,元富-林園,2024-12-06,5927
2468,華經,11,0,11,元富-林園,2024-12-06,5927
5309,系統電,26,15,11,元富-林園,2024-12-06,5927
00951,台新日本半導體,10,0,10,元富-林園,2024-12-06,5927
2332,友訊,10,0,10,元富-林園,2024-12-06,5927
2367,燿華,11,1,10,元富-林園,2024-12-06,5927
2427,三商電,20,10,10,元富-林園,2024-12-06,5927
2903,遠百,10,0,10,元富-林園,2024-12-06,5927
8070,長華*,15,5,10,元富-林園,2024-12-06,5927
3317,尼克森,11,1,10,元富-林園,2024-12-06,5927
1319,東陽,11,2,9,元富-林園,2024-12-06,5927
00940,元大台灣價值高息,20,11,9,元富-林園,2024-12-06,5927
00962,台新AI優息動能,8,0,8,元富-林園,2024-12-06,5927
6127,九豪,8,0,8,元富-林園,2024-12-06,5927
2449,京元電子,8,1,7,元富-林園,2024-12-06,5927
3591,艾笛森,12,5,7,元富-林園,2024-12-06,5927
4526,東台,7,0,7,元富-林園,2024-12-06,5927
6134,萬旭,7,0,7,元富-林園,2024-12-06,5927
00714,群益道瓊美國地產,6,0,6,元富-林園,2024-12-06,5927
2369,菱生,6,0,6,元富-林園,2024-12-06,5927
3625,西勝,6,0,6,元富-林園,2024-12-06,5927
8046,南電,6,0,6,元富-林園,2024-12-06,5927
00713,元大台灣高息低波,5,0,5,元富-林園,2024-12-06,5927
00850,元大臺灣ESG永續,5,0,5,元富-林園,2024-12-06,5927
1586,和勤,5,0,5,元富-林園,2024-12-06,5927
2489,瑞軒,5,0,5,元富-林園,2024-12-06,5927
00918,大華優利高填息30,161,0,161,元富-林園,2024-12-09,5927
00919,群益台灣精選高息,122,27,95,元富-林園,2024-12-09,5927
00953B,群益優選非投等債,91,0,91,元富-林園,2024-12-09,5927
2883,凱基金,63,1,62,元富-林園,2024-12-09,5927
4123,晟德,56,0,56,元富-林園,2024-12-09,5927
00931B,統一美債20年,45,5,40,元富-林園,2024-12-09,5927
1711,永光,36,0,36,元富-林園,2024-12-09,5927
2317,鴻海,37,4,33,元富-林園,2024-12-09,5927
2405,輔信,34,2,32,元富-林園,2024-12-09,5927
2891,中信金,32,1,31,元富-林園,2024-12-09,5927
2349,錸德,26,0,26,元富-林園,2024-12-09,5927
6505,台塑化,20,0,20,元富-林園,2024-12-09,5927
2356,英業達,21,4,17,元富-林園,2024-12-09,5927
2535,達欣工,15,0,15,元富-林園,2024-12-09,5927
00878,國泰永續高股息,15,0,15,元富-林園,2024-12-09,5927
1708,東鹼,11,0,11,元富-林園,2024-12-09,5927
3003,健和興,11,0,11,元富-林園,2024-12-09,5927
6763,綠界科技*,11,0,11,元富-林園,2024-12-09,5927
2637,慧洋-KY,10,0,10,元富-林園,2024-12-09,5927
9933,中鼎,10,0,10,元富-林園,2024-12-09,5927
3211,順達,17,8,9,元富-林園,2024-12-09,5927
2887,台新金,10,1,9,元富-林園,2024-12-09,5927
6244,茂迪,35,26,9,元富-林園,2024-12-09,5927
3706,神達,64,56,8,元富-林園,2024-12-09,5927
2449,京元電子,8,0,8,元富-林園,2024-12-09,5927
00687B,國泰20年美債,25,17,8,元富-林園,2024-12-09,5927
00932,兆豐永續高息等權,8,0,8,元富-林園,2024-12-09,5927
2324,仁寶,32,24,8,元富-林園,2024-12-09,5927
2646,星宇航空,10,2,8,元富-林園,2024-12-09,5927
2332,友訊,7,0,7,元富-林園,2024-12-09,5927
2597,潤弘,7,0,7,元富-林園,2024-12-09,5927
2890,永豐金,7,0,7,元富-林園,2024-12-09,5927
3231,緯創,8,1,7,元富-林園,2024-12-09,5927
0056,元大高股息,6,0,6,元富-林園,2024-12-09,5927
00715L,期街口布蘭特正2,6,0,6,元富-林園,2024-12-09,5927
2392,正崴,15,9,6,元富-林園,2024-12-09,5927
2471,資通,7,1,6,元富-林園,2024-12-09,5927
6462,神盾,6,0,6,元富-林園,2024-12-09,5927
911868,同方友友-DR,6,0,6,元富-林園,2024-12-09,5927
3017,奇鋐,9,4,5,元富-林園,2024-12-09,5927
3037,欣興,5,0,5,元富-林園,2024-12-09,5927
2387,精元,5,0,5,元富-林園,2024-12-09,5927
2489,瑞軒,5,0,5,元富-林園,2024-12-09,5927
2611,志信,5,0,5,元富-林園,2024-12-09,5927
2867,三商壽,5,0,5,元富-林園,2024-12-09,5927
5443,均豪,5,0,5,元富-林園,2024-12-09,5927
6139,亞翔,5,0,5,元富-林園,2024-12-09,5927
6192,巨路,5,0,5,元富-林園,2024-12-09,5927
6239,力成,6,1,5,元富-林園,2024-12-09,5927
8261,富鼎,5,0,5,元富-林園,2024-12-09,5927
00918,大華優利高填息30,196,0,196,元富-林園,2024-12-10,5927
00937B,群益ESG投等債20,100,10,90,元富-林園,2024-12-10,5927
00637L,元大滬深300正2,267,211,56,元富-林園,2024-12-10,5927
5907,大洋-KY,55,0,55,元富-林園,2024-12-10,5927
2883,凱基金,60,6,54,元富-林園,2024-12-10,5927
00679B,元大美債20年,40,0,40,元富-林園,2024-12-10,5927
2002,中鋼,39,0,39,元富-林園,2024-12-10,5927
3162,精確,30,0,30,元富-林園,2024-12-10,5927
4123,晟德,27,0,27,元富-林園,2024-12-10,5927
1714,和桐,25,0,25,元富-林園,2024-12-10,5927
8383,千附,24,0,24,元富-林園,2024-12-10,5927
2609,陽明,34,12,22,元富-林園,2024-12-10,5927
2449,京元電子,21,0,21,元富-林園,2024-12-10,5927
00953B,群益優選非投等債,20,0,20,元富-林園,2024-12-10,5927
2405,輔信,20,0,20,元富-林園,2024-12-10,5927
00878,國泰永續高股息,19,0,19,元富-林園,2024-12-10,5927
0056,元大高股息,17,1,16,元富-林園,2024-12-10,5927
00680L,元大美債20正2,15,0,15,元富-林園,2024-12-10,5927
2545,皇翔,15,0,15,元富-林園,2024-12-10,5927
5328,華容,15,0,15,元富-林園,2024-12-10,5927
2354,鴻準,26,12,14,元富-林園,2024-12-10,5927
8429,金麗-KY,19,5,14,元富-林園,2024-12-10,5927
2330,台積電,17,4,13,元富-林園,2024-12-10,5927
1802,台玻,20,7,13,元富-林園,2024-12-10,5927
3714,富采,13,0,13,元富-林園,2024-12-10,5927
3706,神達,116,104,12,元富-林園,2024-12-10,5927
1326,台化,12,0,12,元富-林園,2024-12-10,5927
00948B,中信優息投資級債,10,0,10,元富-林園,2024-12-10,5927
00959B,大華投等美債15Y+,10,0,10,元富-林園,2024-12-10,5927
2419,仲琦,10,0,10,元富-林園,2024-12-10,5927
2477,美隆電,10,0,10,元富-林園,2024-12-10,5927
1718,中纖,9,0,9,元富-林園,2024-12-10,5927
2369,菱生,9,0,9,元富-林園,2024-12-10,5927
5607,遠雄港,9,0,9,元富-林園,2024-12-10,5927
6213,聯茂,9,0,9,元富-林園,2024-12-10,5927
8096,擎亞,9,0,9,元富-林園,2024-12-10,5927
2929,淘帝-KY,20,12,8,元富-林園,2024-12-10,5927
2303,聯電,11,4,7,元富-林園,2024-12-10,5927
2337,旺宏,8,1,7,元富-林園,2024-12-10,5927
3025,星通,7,0,7,元富-林園,2024-12-10,5927
3265,台星科,7,0,7,元富-林園,2024-12-10,5927
4303,信立,7,0,7,元富-林園,2024-12-10,5927
5309,系統電,19,12,7,元富-林園,2024-12-10,5927
6877,鏵友益,7,0,7,元富-林園,2024-12-10,5927
00650L,復華香港正2,6,0,6,元富-林園,2024-12-10,5927
1314,中石化,6,0,6,元富-林園,2024-12-10,5927
1815,富喬,14,8,6,元富-林園,2024-12-10,5927
2312,金寶,24,18,6,元富-林園,2024-12-10,5927
2547,日勝生,17,11,6,元富-林園,2024-12-10,5927
3105,穩懋,6,0,6,元富-林園,2024-12-10,5927
00680L,元大美債20正2,191,0,191,元富-林園,2024-12-11,5927
00924,復華S＆P500成長,120,0,120,元富-林園,2024-12-11,5927
2062,橋椿,50,0,50,元富-林園,2024-12-11,5927
2344,華邦電,43,1,42,元富-林園,2024-12-11,5927
9933,中鼎,41,0,41,元富-林園,2024-12-11,5927
00929,復華台灣科技優息,62,23,39,元富-林園,2024-12-11,5927
1301,台塑,37,1,36,元富-林園,2024-12-11,5927
00918,大華優利高填息30,33,0,33,元富-林園,2024-12-11,5927
5607,遠雄港,28,0,28,元富-林園,2024-12-11,5927
006208,富邦台50,26,0,26,元富-林園,2024-12-11,5927
2002,中鋼,36,10,26,元富-林園,2024-12-11,5927
1708,東鹼,26,1,25,元富-林園,2024-12-11,5927
6770,力積電,27,3,24,元富-林園,2024-12-11,5927
00919,群益台灣精選高息,36,12,24,元富-林園,2024-12-11,5927
00713,元大台灣高息低波,21,0,21,元富-林園,2024-12-11,5927
2409,友達,30,10,20,元富-林園,2024-12-11,5927
9907,統一實,20,0,20,元富-林園,2024-12-11,5927
2317,鴻海,27,7,20,元富-林園,2024-12-11,5927
6937,天虹,23,4,19,元富-林園,2024-12-11,5927
1314,中石化,17,0,17,元富-林園,2024-12-11,5927
00687B,國泰20年美債,17,1,16,元富-林園,2024-12-11,5927
2453,凌群,22,6,16,元富-林園,2024-12-11,5927
1449,佳和,40,25,15,元富-林園,2024-12-11,5927
0056,元大高股息,16,1,15,元富-林園,2024-12-11,5927
3231,緯創,25,11,14,元富-林園,2024-12-11,5927
2401,凌陽,13,0,13,元富-林園,2024-12-11,5927
4908,前鼎,13,0,13,元富-林園,2024-12-11,5927
00940,元大台灣價值高息,12,0,12,元富-林園,2024-12-11,5927
8429,金麗-KY,12,0,12,元富-林園,2024-12-11,5927
2610,華航,19,8,11,元富-林園,2024-12-11,5927
3481,群創,11,0,11,元富-林園,2024-12-11,5927
5701,劍湖山,11,0,11,元富-林園,2024-12-11,5927
6239,力成,11,0,11,元富-林園,2024-12-11,5927
6578,達邦蛋白,12,1,11,元富-林園,2024-12-11,5927
1402,遠東新,11,0,11,元富-林園,2024-12-11,5927
00712,復華富時不動產,10,0,10,元富-林園,2024-12-11,5927
00953B,群益優選非投等債,10,0,10,元富-林園,2024-12-11,5927
00959B,大華投等美債15Y+,10,0,10,元富-林園,2024-12-11,5927
1522,堤維西,11,1,10,元富-林園,2024-12-11,5927
1710,東聯,10,0,10,元富-林園,2024-12-11,5927
4906,正文,11,1,10,元富-林園,2024-12-11,5927
6550,北極星藥業-KY,10,0,10,元富-林園,2024-12-11,5927
8071,能率網通,10,0,10,元富-林園,2024-12-11,5927
8936,國統,10,0,10,元富-林園,2024-12-11,5927
00878,國泰永續高股息,11,1,10,元富-林園,2024-12-11,5927
5483,中美晶,9,0,9,元富-林園,2024-12-11,5927
2382,廣達,9,0,9,元富-林園,2024-12-11,5927
1904,正隆,8,0,8,元富-林園,2024-12-11,5927
1303,南亞,8,0,8,元富-林園,2024-12-11,5927
1513,中興電,10,2,8,元富-林園,2024-12-11,5927
00918,大華優利高填息30,215,0,215,元富-林園,2024-12-12,5927
00673R,期元大S＆P原油反1,208,0,208,元富-林園,2024-12-12,5927
00924,復華S＆P500成長,102,0,102,元富-林園,2024-12-12,5927
00680L,元大美債20正2,66,0,66,元富-林園,2024-12-12,5927
1301,台塑,62,14,48,元富-林園,2024-12-12,5927
00679B,元大美債20年,41,0,41,元富-林園,2024-12-12,5927
00687B,國泰20年美債,40,0,40,元富-林園,2024-12-12,5927
2609,陽明,54,17,37,元富-林園,2024-12-12,5927
2317,鴻海,28,2,26,元富-林園,2024-12-12,5927
00945B,凱基美國非投等債,24,0,24,元富-林園,2024-12-12,5927
2002,中鋼,31,7,24,元富-林園,2024-12-12,5927
2408,南亞科,22,1,21,元富-林園,2024-12-12,5927
00688L,國泰20年美債正2,20,0,20,元富-林園,2024-12-12,5927
2515,中工,20,0,20,元富-林園,2024-12-12,5927
2618,長榮航,21,1,20,元富-林園,2024-12-12,5927
00751B,元大AAA至A公司債,18,0,18,元富-林園,2024-12-12,5927
5607,遠雄港,18,0,18,元富-林園,2024-12-12,5927
2867,三商壽,15,0,15,元富-林園,2024-12-12,5927
006208,富邦台50,20,6,14,元富-林園,2024-12-12,5927
2337,旺宏,13,0,13,元富-林園,2024-12-12,5927
2929,淘帝-KY,24,11,13,元富-林園,2024-12-12,5927
2312,金寶,46,34,12,元富-林園,2024-12-12,5927
1303,南亞,12,0,12,元富-林園,2024-12-12,5927
2014,中鴻,12,1,11,元富-林園,2024-12-12,5927
2890,永豐金,11,0,11,元富-林園,2024-12-12,5927
5871,中租-KY,11,0,11,元富-林園,2024-12-12,5927
2007,燁興,10,0,10,元富-林園,2024-12-12,5927
2405,輔信,10,0,10,元富-林園,2024-12-12,5927
2453,凌群,11,1,10,元富-林園,2024-12-12,5927
2547,日勝生,10,0,10,元富-林園,2024-12-12,5927
3455,由田,10,0,10,元富-林園,2024-12-12,5927
4956,光鋐,10,0,10,元富-林園,2024-12-12,5927
5701,劍湖山,10,0,10,元富-林園,2024-12-12,5927
6224,聚鼎,10,0,10,元富-林園,2024-12-12,5927
8097,常珵,10,0,10,元富-林園,2024-12-12,5927
00915,凱基優選高股息30,9,0,9,元富-林園,2024-12-12,5927
2062,橋椿,10,1,9,元富-林園,2024-12-12,5927
2344,華邦電,21,12,9,元富-林園,2024-12-12,5927
6118,建達,10,1,9,元富-林園,2024-12-12,5927
6789,采鈺,10,1,9,元富-林園,2024-12-12,5927
2615,萬海,18,10,8,元富-林園,2024-12-12,5927
3714,富采,8,0,8,元富-林園,2024-12-12,5927
4919,新唐,9,1,8,元富-林園,2024-12-12,5927
4123,晟德,7,0,7,元富-林園,2024-12-12,5927
1806,冠軍,7,0,7,元富-林園,2024-12-12,5927
2392,正崴,7,0,7,元富-林園,2024-12-12,5927
3260,威剛,7,0,7,元富-林園,2024-12-12,5927
4931,新盛力,14,7,7,元富-林園,2024-12-12,5927
6235,華孚,7,0,7,元富-林園,2024-12-12,5927
8096,擎亞,10,3,7,元富-林園,2024-12-12,5927
00637L,元大滬深300正2,400,0,400,元富-林園,2024-12-13,5927
2515,中工,44,0,44,元富-林園,2024-12-13,5927
00919,群益台灣精選高息,38,0,38,元富-林園,2024-12-13,5927
2340,台亞,39,1,38,元富-林園,2024-12-13,5927
2888,新光金,40,3,37,元富-林園,2024-12-13,5927
00878,國泰永續高股息,30,0,30,元富-林園,2024-12-13,5927
00918,大華優利高填息30,33,3,30,元富-林園,2024-12-13,5927
1314,中石化,29,0,29,元富-林園,2024-12-13,5927
2328,廣宇,25,3,22,元富-林園,2024-12-13,5927
2329,華泰,22,0,22,元富-林園,2024-12-13,5927
3481,群創,21,0,21,元富-林園,2024-12-13,5927
1301,台塑,38,18,20,元富-林園,2024-12-13,5927
6558,興能高,71,51,20,元富-林園,2024-12-13,5927
2317,鴻海,24,6,18,元富-林園,2024-12-13,5927
2303,聯電,43,27,16,元富-林園,2024-12-13,5927
6153,嘉聯益,14,0,14,元富-林園,2024-12-13,5927
00882,中信中國高股息,13,0,13,元富-林園,2024-12-13,5927
2887,台新金,12,0,12,元富-林園,2024-12-13,5927
00930,永豐ESG低碳高息,12,0,12,元富-林園,2024-12-13,5927
00959B,大華投等美債15Y+,12,0,12,元富-林園,2024-12-13,5927
0056,元大高股息,13,1,12,元富-林園,2024-12-13,5927
00915,凱基優選高股息30,12,0,12,元富-林園,2024-12-13,5927
2367,燿華,11,0,11,元富-林園,2024-12-13,5927
1305,華夏,11,0,11,元富-林園,2024-12-13,5927
3710,連展投控,11,0,11,元富-林園,2024-12-13,5927
00945B,凱基美國非投等債,10,0,10,元富-林園,2024-12-13,5927
1609,大亞,10,0,10,元富-林園,2024-12-13,5927
1611,中電,10,0,10,元富-林園,2024-12-13,5927
1612,宏泰,10,0,10,元富-林園,2024-12-13,5927
3296,勝德,25,15,10,元富-林園,2024-12-13,5927
3535,晶彩科,10,0,10,元富-林園,2024-12-13,5927
3607,谷崧,10,0,10,元富-林園,2024-12-13,5927
6151,晉倫,10,0,10,元富-林園,2024-12-13,5927
00713,元大台灣高息低波,10,0,10,元富-林園,2024-12-13,5927
00928,中信上櫃ESG30,9,0,9,元富-林園,2024-12-13,5927
1605,華新,9,0,9,元富-林園,2024-12-13,5927
2034,允強,9,0,9,元富-林園,2024-12-13,5927
2408,南亞科,12,3,9,元富-林園,2024-12-13,5927
2890,永豐金,10,1,9,元富-林園,2024-12-13,5927
6962,ITH-KY,9,0,9,元富-林園,2024-12-13,5927
4931,新盛力,18,9,9,元富-林園,2024-12-13,5927
2002,中鋼,17,9,8,元富-林園,2024-12-13,5927
9951,皇田,8,0,8,元富-林園,2024-12-13,5927
1569,濱川,7,0,7,元富-林園,2024-12-13,5927
1711,永光,8,1,7,元富-林園,2024-12-13,5927
2332,友訊,10,3,7,元富-林園,2024-12-13,5927
2363,矽統,26,19,7,元富-林園,2024-12-13,5927
2646,星宇航空,10,3,7,元富-林園,2024-12-13,5927
3049,精金,7,0,7,元富-林園,2024-12-13,5927
4977,眾達-KY,18,11,7,元富-林園,2024-12-13,5927
00857B,永豐20年美公債,243,0,243,元富-林園,2024-12-16,5927
00637L,元大滬深300正2,170,0,170,元富-林園,2024-12-16,5927
00918,大華優利高填息30,74,1,73,元富-林園,2024-12-16,5927
00919,群益台灣精選高息,66,9,57,元富-林園,2024-12-16,5927
1612,宏泰,48,0,48,元富-林園,2024-12-16,5927
00687B,國泰20年美債,42,2,40,元富-林園,2024-12-16,5927
00946,群益科技高息成長,38,0,38,元富-林園,2024-12-16,5927
6173,信昌電,35,0,35,元富-林園,2024-12-16,5927
2002,中鋼,31,3,28,元富-林園,2024-12-16,5927
2609,陽明,72,45,27,元富-林園,2024-12-16,5927
2515,中工,28,4,24,元富-林園,2024-12-16,5927
006208,富邦台50,28,5,23,元富-林園,2024-12-16,5927
1802,台玻,22,0,22,元富-林園,2024-12-16,5927
00959B,大華投等美債15Y+,20,0,20,元富-林園,2024-12-16,5927
3231,緯創,21,4,17,元富-林園,2024-12-16,5927
2382,廣達,19,2,17,元富-林園,2024-12-16,5927
2486,一詮,16,1,15,元富-林園,2024-12-16,5927
6807,峰源-KY,13,0,13,元富-林園,2024-12-16,5927
2363,矽統,23,11,12,元富-林園,2024-12-16,5927
3297,杭特,12,0,12,元富-林園,2024-12-16,5927
00878,國泰永續高股息,17,5,12,元富-林園,2024-12-16,5927
1308,亞聚,11,0,11,元富-林園,2024-12-16,5927
3017,奇鋐,19,8,11,元富-林園,2024-12-16,5927
3481,群創,14,3,11,元富-林園,2024-12-16,5927
6134,萬旭,11,0,11,元富-林園,2024-12-16,5927
2317,鴻海,25,15,10,元富-林園,2024-12-16,5927
1815,富喬,67,57,10,元富-林園,2024-12-16,5927
2449,京元電子,11,1,10,元富-林園,2024-12-16,5927
1795,美時,10,0,10,元富-林園,2024-12-16,5927
2429,銘旺科,10,0,10,元富-林園,2024-12-16,5927
3356,奇偶,10,0,10,元富-林園,2024-12-16,5927
4956,光鋐,10,0,10,元富-林園,2024-12-16,5927
6509,聚和,10,0,10,元富-林園,2024-12-16,5927
3013,晟銘電,10,1,9,元富-林園,2024-12-16,5927
2646,星宇航空,9,0,9,元富-林園,2024-12-16,5927
00712,復華富時不動產,10,1,9,元富-林園,2024-12-16,5927
1785,光洋科,10,2,8,元富-林園,2024-12-16,5927
8249,菱光,12,4,8,元富-林園,2024-12-16,5927
00673R,期元大S＆P原油反1,7,0,7,元富-林園,2024-12-16,5927
2340,台亞,7,0,7,元富-林園,2024-12-16,5927
0056,元大高股息,17,10,7,元富-林園,2024-12-16,5927
2615,萬海,8,2,6,元富-林園,2024-12-16,5927
2027,大成鋼,6,0,6,元富-林園,2024-12-16,5927
2316,楠梓電,6,0,6,元富-林園,2024-12-16,5927
2329,華泰,7,1,6,元富-林園,2024-12-16,5927
3376,新日興,6,0,6,元富-林園,2024-12-16,5927
6152,百一,6,0,6,元富-林園,2024-12-16,5927
6163,華電網,5,0,5,元富-林園,2024-12-16,5927
00680L,元大美債20正2,5,0,5,元富-林園,2024-12-16,5927
00933B,國泰10Y+金融債,5,0,5,元富-林園,2024-12-16,5927
2883,凱基金,309,150,159,元富-林園,2024-12-17,5927
6152,百一,71,0,71,元富-林園,2024-12-17,5927
2834,臺企銀,57,0,57,元富-林園,2024-12-17,5927
00937B,群益ESG投等債20,51,0,51,元富-林園,2024-12-17,5927
006208,富邦台50,38,0,38,元富-林園,2024-12-17,5927
1314,中石化,38,0,38,元富-林園,2024-12-17,5927
2915,潤泰全,35,0,35,元富-林園,2024-12-17,5927
00918,大華優利高填息30,31,0,31,元富-林園,2024-12-17,5927
3481,群創,27,2,25,元富-林園,2024-12-17,5927
2888,新光金,26,2,24,元富-林園,2024-12-17,5927
1605,華新,22,0,22,元富-林園,2024-12-17,5927
2882,國泰金,22,0,22,元富-林園,2024-12-17,5927
00915,凱基優選高股息30,22,1,21,元富-林園,2024-12-17,5927
1711,永光,21,0,21,元富-林園,2024-12-17,5927
1795,美時,15,0,15,元富-林園,2024-12-17,5927
4968,立積,25,10,15,元富-林園,2024-12-17,5927
4526,東台,18,4,14,元富-林園,2024-12-17,5927
2515,中工,14,0,14,元富-林園,2024-12-17,5927
1326,台化,16,3,13,元富-林園,2024-12-17,5927
00679B,元大美債20年,12,0,12,元富-林園,2024-12-17,5927
3526,凡甲,12,0,12,元富-林園,2024-12-17,5927
00713,元大台灣高息低波,11,0,11,元富-林園,2024-12-17,5927
00951,台新日本半導體,11,0,11,元富-林園,2024-12-17,5927
6173,信昌電,41,30,11,元富-林園,2024-12-17,5927
1303,南亞,11,1,10,元富-林園,2024-12-17,5927
6695,芯鼎,13,3,10,元富-林園,2024-12-17,5927
2889,國票金,10,0,10,元富-林園,2024-12-17,5927
4716,大立,10,0,10,元富-林園,2024-12-17,5927
8121,越峰,10,0,10,元富-林園,2024-12-17,5927
2303,聯電,30,21,9,元富-林園,2024-12-17,5927
2317,鴻海,14,6,8,元富-林園,2024-12-17,5927
3673,TPK-KY,8,0,8,元富-林園,2024-12-17,5927
4566,時碩工業,8,0,8,元富-林園,2024-12-17,5927
5425,台半,8,0,8,元富-林園,2024-12-17,5927
00687B,國泰20年美債,7,0,7,元富-林園,2024-12-17,5927
4510,高鋒,22,15,7,元富-林園,2024-12-17,5927
4533,協易機,8,1,7,元富-林園,2024-12-17,5927
6284,佳邦,7,0,7,元富-林園,2024-12-17,5927
2486,一詮,16,10,6,元富-林園,2024-12-17,5927
3706,神達,23,17,6,元富-林園,2024-12-17,5927
1595,川寶,7,1,6,元富-林園,2024-12-17,5927
1785,光洋科,6,0,6,元富-林園,2024-12-17,5927
1808,潤隆,6,0,6,元富-林園,2024-12-17,5927
2354,鴻準,16,10,6,元富-林園,2024-12-17,5927
3035,智原,15,9,6,元富-林園,2024-12-17,5927
6174,安��,6,0,6,元富-林園,2024-12-17,5927
1301,台塑,15,10,5,元富-林園,2024-12-17,5927
2881,富邦金,5,0,5,元富-林園,2024-12-17,5927
2382,廣達,6,1,5,元富-林園,2024-12-17,5927
1904,正隆,5,0,5,元富-林園,2024-12-17,5927
00919,群益台灣精選高息,596,37,559,元富-林園,2024-12-18,5927
00918,大華優利高填息30,129,3,126,元富-林園,2024-12-18,5927
00907,永豐優息存股,36,0,36,元富-林園,2024-12-18,5927
6706,惠特,36,0,36,元富-林園,2024-12-18,5927
2349,錸德,30,0,30,元富-林園,2024-12-18,5927
2344,華邦電,47,18,29,元富-林園,2024-12-18,5927
2312,金寶,45,17,28,元富-林園,2024-12-18,5927
2812,台中銀,37,10,27,元富-林園,2024-12-18,5927
2880,華南金,25,0,25,元富-林園,2024-12-18,5927
00937B,群益ESG投等債20,25,2,23,元富-林園,2024-12-18,5927
1314,中石化,20,0,20,元富-林園,2024-12-18,5927
1313,聯成,20,0,20,元富-林園,2024-12-18,5927
3597,映興,25,5,20,元富-林園,2024-12-18,5927
2449,京元電子,22,3,19,元富-林園,2024-12-18,5927
2888,新光金,26,7,19,元富-林園,2024-12-18,5927
00715L,期街口布蘭特正2,16,0,16,元富-林園,2024-12-18,5927
00712,復華富時不動產,15,0,15,元富-林園,2024-12-18,5927
2303,聯電,38,23,15,元富-林園,2024-12-18,5927
2886,兆豐金,14,0,14,元富-林園,2024-12-18,5927
2915,潤泰全,14,1,13,元富-林園,2024-12-18,5927
6257,矽格,13,0,13,元富-林園,2024-12-18,5927
3231,緯創,12,0,12,元富-林園,2024-12-18,5927
6120,達運,11,0,11,元富-林園,2024-12-18,5927
1301,台塑,24,14,10,元富-林園,2024-12-18,5927
00945B,凱基美國非投等債,10,0,10,元富-林園,2024-12-18,5927
1308,亞聚,10,0,10,元富-林園,2024-12-18,5927
1611,中電,10,0,10,元富-林園,2024-12-18,5927
1711,永光,11,1,10,元富-林園,2024-12-18,5927
1714,和桐,10,0,10,元富-林園,2024-12-18,5927
1717,長興,10,0,10,元富-林園,2024-12-18,5927
2520,冠德,10,0,10,元富-林園,2024-12-18,5927
2618,長榮航,42,34,8,元富-林園,2024-12-18,5927
1536,和大,7,0,7,元富-林園,2024-12-18,5927
2363,矽統,17,10,7,元富-林園,2024-12-18,5927
2369,菱生,8,1,7,元富-林園,2024-12-18,5927
6505,台塑化,9,2,7,元富-林園,2024-12-18,5927
1785,光洋科,12,5,7,元富-林園,2024-12-18,5927
1326,台化,6,0,6,元富-林園,2024-12-18,5927
2834,臺企銀,6,0,6,元富-林園,2024-12-18,5927
5484,慧友,11,5,6,元富-林園,2024-12-18,5927
8249,菱光,43,37,6,元富-林園,2024-12-18,5927
00931B,統一美債20年,5,0,5,元富-林園,2024-12-18,5927
1101,台泥,5,0,5,元富-林園,2024-12-18,5927
1563,巧新,5,0,5,元富-林園,2024-12-18,5927
2027,大成鋼,5,0,5,元富-林園,2024-12-18,5927
2515,中工,5,0,5,元富-林園,2024-12-18,5927
3211,順達,15,10,5,元富-林園,2024-12-18,5927
3303,岱稜,6,1,5,元富-林園,2024-12-18,5927
3323,加百裕,18,13,5,元富-林園,2024-12-18,5927
4952,凌通,5,0,5,元富-林園,2024-12-18,5927
00919,群益台灣精選高息,218,17,201,元富-林園,2024-12-19,5927
6257,矽格,180,0,180,元富-林園,2024-12-19,5927
00937B,群益ESG投等債20,129,0,129,元富-林園,2024-12-19,5927
00712,復華富時不動產,89,0,89,元富-林園,2024-12-19,5927
00680L,元大美債20正2,64,0,64,元富-林園,2024-12-19,5927
2303,聯電,58,2,56,元富-林園,2024-12-19,5927
00665L,富邦�琤肭磪囓�2,293,243,50,元富-林園,2024-12-19,5927
00918,大華優利高填息30,50,0,50,元富-林園,2024-12-19,5927
2468,華經,40,0,40,元富-林園,2024-12-19,5927
00878,國泰永續高股息,35,0,35,元富-林園,2024-12-19,5927
2302,麗正,30,0,30,元富-林園,2024-12-19,5927
1301,台塑,46,17,29,元富-林園,2024-12-19,5927
2883,凱基金,39,11,28,元富-林園,2024-12-19,5927
00945B,凱基美國非投等債,27,0,27,元富-林園,2024-12-19,5927
2371,大同,26,0,26,元富-林園,2024-12-19,5927
2365,昆盈,41,15,26,元富-林園,2024-12-19,5927
2317,鴻海,27,1,26,元富-林園,2024-12-19,5927
9105,泰金寶-DR,58,33,25,元富-林園,2024-12-19,5927
00953B,群益優選非投等債,25,0,25,元富-林園,2024-12-19,5927
3481,群創,24,2,22,元富-林園,2024-12-19,5927
2344,華邦電,25,3,22,元富-林園,2024-12-19,5927
2812,台中銀,22,0,22,元富-林園,2024-12-19,5927
00924,復華S＆P500成長,20,0,20,元富-林園,2024-12-19,5927
1314,中石化,20,0,20,元富-林園,2024-12-19,5927
2801,彰銀,20,0,20,元富-林園,2024-12-19,5927
2888,新光金,18,0,18,元富-林園,2024-12-19,5927
2834,臺企銀,18,1,17,元富-林園,2024-12-19,5927
2881,富邦金,21,4,17,元富-林園,2024-12-19,5927
00931B,統一美債20年,15,0,15,元富-林園,2024-12-19,5927
00706L,期元大S＆P日圓正2,15,0,15,元富-林園,2024-12-19,5927
6209,今國光,25,10,15,元富-林園,2024-12-19,5927
2374,佳能,105,90,15,元富-林園,2024-12-19,5927
00970B,新光BBB投等債20,14,0,14,元富-林園,2024-12-19,5927
00687B,國泰20年美債,13,0,13,元富-林園,2024-12-19,5927
00679B,元大美債20年,13,0,13,元富-林園,2024-12-19,5927
00926,凱基全球菁英55,11,0,11,元富-林園,2024-12-19,5927
00715L,期街口布蘭特正2,11,0,11,元富-林園,2024-12-19,5927
2603,長榮,10,0,10,元富-林園,2024-12-19,5927
00830,國泰費城半導體,10,0,10,元富-林園,2024-12-19,5927
00940,元大台灣價值高息,34,24,10,元富-林園,2024-12-19,5927
1309,台達化,10,0,10,元富-林園,2024-12-19,5927
1815,富喬,34,24,10,元富-林園,2024-12-19,5927
2002,中鋼,20,10,10,元富-林園,2024-12-19,5927
2609,陽明,36,26,10,元富-林園,2024-12-19,5927
2890,永豐金,10,0,10,元富-林園,2024-12-19,5927
3013,晟銘電,10,0,10,元富-林園,2024-12-19,5927
3591,艾笛森,10,0,10,元富-林園,2024-12-19,5927
5222,全訊,10,0,10,元富-林園,2024-12-19,5927
6116,彩晶,10,0,10,元富-林園,2024-12-19,5927
6282,康舒,10,0,10,元富-林園,2024-12-19,5927
