Ticker,Name,buy,sell,diff,Branch,Date,Branch_Code
2618,長榮航,85,22,63,元富-台南,2023-01-03,5929
2634,漢翔,53,5,48,元富-台南,2023-01-03,5929
5009,榮剛,43,0,43,元富-台南,2023-01-03,5929
1506,正道,26,0,26,元富-台南,2023-01-03,5929
2002,中鋼,27,2,25,元富-台南,2023-01-03,5929
00878,國泰永續高股息,24,2,22,元富-台南,2023-01-03,5929
00706L,期元大S＆P日圓正2,20,0,20,元富-台南,2023-01-03,5929
6598,ABC-KY,20,0,20,元富-台南,2023-01-03,5929
5351,鈺創,15,0,15,元富-台南,2023-01-03,5929
4130,健亞,14,0,14,元富-台南,2023-01-03,5929
2317,鴻海,14,1,13,元富-台南,2023-01-03,5929
1810,和成,14,2,12,元富-台南,2023-01-03,5929
1304,台聚,10,0,10,元富-台南,2023-01-03,5929
2441,超豐,10,0,10,元富-台南,2023-01-03,5929
5457,宣德,10,0,10,元富-台南,2023-01-03,5929
1605,華新,18,10,8,元富-台南,2023-01-03,5929
00679B,元大美債20年,8,0,8,元富-台南,2023-01-03,5929
3594,磐儀,8,0,8,元富-台南,2023-01-03,5929
00632R,元大台灣50反1,7,0,7,元富-台南,2023-01-03,5929
2612,中航,9,2,7,元富-台南,2023-01-03,5929
9904,寶成,7,0,7,元富-台南,2023-01-03,5929
1301,台塑,6,0,6,元富-台南,2023-01-03,5929
1734,杏輝,5,0,5,元富-台南,2023-01-03,5929
00772B,中信高評級公司債,5,0,5,元富-台南,2023-01-03,5929
4114,健喬,10,5,5,元富-台南,2023-01-03,5929
4977,眾達-KY,5,0,5,元富-台南,2023-01-03,5929
2610,華航,7,3,4,元富-台南,2023-01-03,5929
2812,台中銀,4,0,4,元富-台南,2023-01-03,5929
1777,生泰,4,0,4,元富-台南,2023-01-03,5929
2745,五福,4,0,4,元富-台南,2023-01-03,5929
2498,宏達電,5,1,4,元富-台南,2023-01-03,5929
2886,兆豐金,3,0,3,元富-台南,2023-01-03,5929
0056,元大高股息,3,0,3,元富-台南,2023-01-03,5929
5880,合庫金,3,0,3,元富-台南,2023-01-03,5929
1701,中化,4,1,3,元富-台南,2023-01-03,5929
1762,中化生,3,0,3,元富-台南,2023-01-03,5929
3035,智原,4,1,3,元富-台南,2023-01-03,5929
3704,合勤控,6,3,3,元富-台南,2023-01-03,5929
4108,懷特,3,0,3,元富-台南,2023-01-03,5929
4171,瑞基,5,2,3,元富-台南,2023-01-03,5929
6129,普誠,3,0,3,元富-台南,2023-01-03,5929
6196,帆宣,3,0,3,元富-台南,2023-01-03,5929
3231,緯創,2,0,2,元富-台南,2023-01-03,5929
00902,中信電池及儲能,2,0,2,元富-台南,2023-01-03,5929
1101,台泥,2,0,2,元富-台南,2023-01-03,5929
8046,南電,2,0,2,元富-台南,2023-01-03,5929
1402,遠東新,2,0,2,元富-台南,2023-01-03,5929
1467,南緯,2,0,2,元富-台南,2023-01-03,5929
00751B,元大AAA至A公司債,2,0,2,元富-台南,2023-01-03,5929
1760,寶齡富錦,2,0,2,元富-台南,2023-01-03,5929
5009,榮剛,73,15,58,元富-台南,2023-01-04,5929
2388,威盛,40,1,39,元富-台南,2023-01-04,5929
00773B,中信優先金融債,22,0,22,元富-台南,2023-01-04,5929
5347,世界,20,0,20,元富-台南,2023-01-04,5929
3037,欣興,22,3,19,元富-台南,2023-01-04,5929
3027,盛達,47,29,18,元富-台南,2023-01-04,5929
2014,中鴻,15,3,12,元富-台南,2023-01-04,5929
2498,宏達電,23,11,12,元富-台南,2023-01-04,5929
00706L,期元大S＆P日圓正2,11,0,11,元富-台南,2023-01-04,5929
00676R,富邦臺灣加權反1,10,0,10,元富-台南,2023-01-04,5929
3625,西勝,10,0,10,元富-台南,2023-01-04,5929
3686,達能,10,0,10,元富-台南,2023-01-04,5929
4968,立積,9,0,9,元富-台南,2023-01-04,5929
6104,創惟,11,2,9,元富-台南,2023-01-04,5929
1519,華城,11,2,9,元富-台南,2023-01-04,5929
9958,世紀鋼,9,1,8,元富-台南,2023-01-04,5929
2884,玉山金,7,0,7,元富-台南,2023-01-04,5929
00715L,期街口布蘭特正2,7,0,7,元富-台南,2023-01-04,5929
4108,懷特,7,0,7,元富-台南,2023-01-04,5929
5608,四維航,7,0,7,元富-台南,2023-01-04,5929
2641,正德,6,0,6,元富-台南,2023-01-04,5929
8261,富鼎,6,0,6,元富-台南,2023-01-04,5929
00902,中信電池及儲能,6,1,5,元富-台南,2023-01-04,5929
2886,兆豐金,5,0,5,元富-台南,2023-01-04,5929
3006,晶豪科,5,0,5,元富-台南,2023-01-04,5929
1444,力麗,5,0,5,元富-台南,2023-01-04,5929
00753L,中信中國50正2,10,5,5,元富-台南,2023-01-04,5929
00632R,元大台灣50反1,5,0,5,元富-台南,2023-01-04,5929
2312,金寶,5,0,5,元富-台南,2023-01-04,5929
2363,矽統,5,0,5,元富-台南,2023-01-04,5929
2611,志信,10,5,5,元富-台南,2023-01-04,5929
3014,聯陽,5,0,5,元富-台南,2023-01-04,5929
3564,其陽,5,0,5,元富-台南,2023-01-04,5929
4167,松瑞藥,8,3,5,元富-台南,2023-01-04,5929
8436,大江,5,0,5,元富-台南,2023-01-04,5929
2615,萬海,7,3,4,元富-台南,2023-01-04,5929
2612,中航,4,0,4,元富-台南,2023-01-04,5929
6190,萬泰科,4,0,4,元富-台南,2023-01-04,5929
9921,巨大,4,0,4,元富-台南,2023-01-04,5929
2891,中信金,5,1,4,元富-台南,2023-01-04,5929
3189,景碩,4,0,4,元富-台南,2023-01-04,5929
2344,華邦電,11,7,4,元富-台南,2023-01-04,5929
0056,元大高股息,4,1,3,元富-台南,2023-01-04,5929
8046,南電,6,2,4,元富-台南,2023-01-04,5929
2382,廣達,3,0,3,元富-台南,2023-01-04,5929
1709,和益,3,0,3,元富-台南,2023-01-04,5929
1777,生泰,3,0,3,元富-台南,2023-01-04,5929
2371,大同,3,0,3,元富-台南,2023-01-04,5929
4121,優盛,3,0,3,元富-台南,2023-01-04,5929
6235,華孚,4,1,3,元富-台南,2023-01-04,5929
00773B,中信優先金融債,48,0,48,元富-台南,2023-01-05,5929
2929,淘帝-KY,30,0,30,元富-台南,2023-01-05,5929
2889,國票金,22,0,22,元富-台南,2023-01-05,5929
6509,聚和,21,0,21,元富-台南,2023-01-05,5929
00715L,期街口布蘭特正2,21,1,20,元富-台南,2023-01-05,5929
4931,新盛力,17,0,17,元富-台南,2023-01-05,5929
00885,富邦越南,15,0,15,元富-台南,2023-01-05,5929
3289,宜特,14,0,14,元富-台南,2023-01-05,5929
4162,智擎,14,0,14,元富-台南,2023-01-05,5929
1417,嘉裕,13,0,13,元富-台南,2023-01-05,5929
2367,燿華,12,0,12,元富-台南,2023-01-05,5929
2610,華航,14,2,12,元富-台南,2023-01-05,5929
3321,同泰,12,0,12,元富-台南,2023-01-05,5929
4114,健喬,12,0,12,元富-台南,2023-01-05,5929
1513,中興電,16,6,10,元富-台南,2023-01-05,5929
00633L,富邦上証正2,10,0,10,元富-台南,2023-01-05,5929
00665L,富邦�琤肭磪囓�2,20,10,10,元富-台南,2023-01-05,5929
2201,裕隆,15,5,10,元富-台南,2023-01-05,5929
5285,界霖,10,0,10,元富-台南,2023-01-05,5929
3027,盛達,22,13,9,元富-台南,2023-01-05,5929
00830,國泰費城半導體,8,0,8,元富-台南,2023-01-05,5929
3105,穩懋,10,2,8,元富-台南,2023-01-05,5929
4116,明基醫,8,0,8,元富-台南,2023-01-05,5929
2605,新興,7,0,7,元富-台南,2023-01-05,5929
4919,新唐,8,1,7,元富-台南,2023-01-05,5929
6414,樺漢,8,1,7,元富-台南,2023-01-05,5929
2388,威盛,9,3,6,元富-台南,2023-01-05,5929
8086,宏捷科,7,1,6,元富-台南,2023-01-05,5929
1444,力麗,5,0,5,元富-台南,2023-01-05,5929
00706L,期元大S＆P日圓正2,5,0,5,元富-台南,2023-01-05,5929
1514,亞力,12,7,5,元富-台南,2023-01-05,5929
1560,中砂,5,0,5,元富-台南,2023-01-05,5929
2313,華通,5,0,5,元富-台南,2023-01-05,5929
3016,嘉晶,5,0,5,元富-台南,2023-01-05,5929
4121,優盛,5,0,5,元富-台南,2023-01-05,5929
4174,浩鼎,5,0,5,元富-台南,2023-01-05,5929
4973,廣穎,5,0,5,元富-台南,2023-01-05,5929
6234,高僑,5,0,5,元富-台南,2023-01-05,5929
6270,倍微,5,0,5,元富-台南,2023-01-05,5929
6274,台燿,5,0,5,元富-台南,2023-01-05,5929
6443,元晶,6,1,5,元富-台南,2023-01-05,5929
6741,91APP*-KY,6,1,5,元富-台南,2023-01-05,5929
8040,九暘,7,2,5,元富-台南,2023-01-05,5929
1540,喬福,4,0,4,元富-台南,2023-01-05,5929
3035,智原,4,0,4,元富-台南,2023-01-05,5929
3045,台灣大,4,0,4,元富-台南,2023-01-05,5929
6257,矽格,4,0,4,元富-台南,2023-01-05,5929
8097,常珵,5,1,4,元富-台南,2023-01-05,5929
2308,台達電,3,0,3,元富-台南,2023-01-05,5929
1529,樂事綠能,3,0,3,元富-台南,2023-01-05,5929
00720B,元大投資級公司債,82,0,82,元富-台南,2023-01-06,5929
4114,健喬,58,6,52,元富-台南,2023-01-06,5929
2888,新光金,30,0,30,元富-台南,2023-01-06,5929
2891,中信金,20,3,17,元富-台南,2023-01-06,5929
6109,亞元,13,1,12,元富-台南,2023-01-06,5929
5471,松翰,10,0,10,元富-台南,2023-01-06,5929
2634,漢翔,10,0,10,元富-台南,2023-01-06,5929
2609,陽明,9,1,8,元富-台南,2023-01-06,5929
6245,立端,8,0,8,元富-台南,2023-01-06,5929
2352,佳世達,7,0,7,元富-台南,2023-01-06,5929
1301,台塑,8,2,6,元富-台南,2023-01-06,5929
4130,健亞,6,0,6,元富-台南,2023-01-06,5929
2308,台達電,6,0,6,元富-台南,2023-01-06,5929
00773B,中信優先金融債,5,0,5,元富-台南,2023-01-06,5929
2012,春雨,5,0,5,元富-台南,2023-01-06,5929
3265,台星科,5,0,5,元富-台南,2023-01-06,5929
3594,磐儀,7,2,5,元富-台南,2023-01-06,5929
2892,第一金,5,1,4,元富-台南,2023-01-06,5929
00676R,富邦臺灣加權反1,4,0,4,元富-台南,2023-01-06,5929
2406,國碩,4,0,4,元富-台南,2023-01-06,5929
6265,方土昶,4,0,4,元富-台南,2023-01-06,5929
6770,力積電,8,4,4,元富-台南,2023-01-06,5929
1752,南光,39,35,4,元富-台南,2023-01-06,5929
3406,玉晶光,5,2,3,元富-台南,2023-01-06,5929
00680L,元大美債20正2,3,0,3,元富-台南,2023-01-06,5929
2377,微星,3,0,3,元富-台南,2023-01-06,5929
2606,裕民,3,0,3,元富-台南,2023-01-06,5929
3045,台灣大,3,0,3,元富-台南,2023-01-06,5929
3049,精金,3,0,3,元富-台南,2023-01-06,5929
3682,亞太電,3,0,3,元富-台南,2023-01-06,5929
3714,富采,3,0,3,元富-台南,2023-01-06,5929
4931,新盛力,3,0,3,元富-台南,2023-01-06,5929
1229,聯華,3,0,3,元富-台南,2023-01-06,5929
2615,萬海,24,22,2,元富-台南,2023-01-06,5929
3704,合勤控,4,2,2,元富-台南,2023-01-06,5929
00891,中信關鍵半導體,2,0,2,元富-台南,2023-01-06,5929
1513,中興電,5,3,2,元富-台南,2023-01-06,5929
1216,統一,2,0,2,元富-台南,2023-01-06,5929
00701,國泰股利精選30,2,0,2,元富-台南,2023-01-06,5929
00692,富邦公司治理,2,0,2,元富-台南,2023-01-06,5929
00895,富邦未來車,2,0,2,元富-台南,2023-01-06,5929
00893,國泰智能電動車,2,0,2,元富-台南,2023-01-06,5929
1506,正道,2,0,2,元富-台南,2023-01-06,5929
1529,樂事綠能,2,0,2,元富-台南,2023-01-06,5929
1609,大亞,4,2,2,元富-台南,2023-01-06,5929
1611,中電,2,0,2,元富-台南,2023-01-06,5929
2027,大成鋼,6,4,2,元富-台南,2023-01-06,5929
2313,華通,2,0,2,元富-台南,2023-01-06,5929
2344,華邦電,5,3,2,元富-台南,2023-01-06,5929
2495,普安,2,0,2,元富-台南,2023-01-06,5929
2609,陽明,126,20,106,元富-台南,2023-01-09,5929
5347,世界,148,81,67,元富-台南,2023-01-09,5929
6770,力積電,57,2,55,元富-台南,2023-01-09,5929
6197,佳必琪,40,0,40,元富-台南,2023-01-09,5929
00632R,元大台灣50反1,83,50,33,元富-台南,2023-01-09,5929
3006,晶豪科,20,0,20,元富-台南,2023-01-09,5929
00683L,期元大美元指正2,20,0,20,元富-台南,2023-01-09,5929
3665,貿聯-KY,21,1,20,元富-台南,2023-01-09,5929
5488,松普,20,0,20,元富-台南,2023-01-09,5929
2495,普安,20,1,19,元富-台南,2023-01-09,5929
2617,台航,18,0,18,元富-台南,2023-01-09,5929
6274,台燿,19,2,17,元富-台南,2023-01-09,5929
8069,元太,21,5,16,元富-台南,2023-01-09,5929
6196,帆宣,15,0,15,元富-台南,2023-01-09,5929
2542,興富發,12,0,12,元富-台南,2023-01-09,5929
3707,漢磊,15,3,12,元富-台南,2023-01-09,5929
1336,台翰,10,0,10,元富-台南,2023-01-09,5929
2402,毅嘉,20,10,10,元富-台南,2023-01-09,5929
4161,聿新科,10,0,10,元富-台南,2023-01-09,5929
2345,智邦,8,0,8,元富-台南,2023-01-09,5929
3022,威強電,8,0,8,元富-台南,2023-01-09,5929
3228,金麗科,8,0,8,元富-台南,2023-01-09,5929
6550,北極星藥業-KY,9,1,8,元富-台南,2023-01-09,5929
3014,聯陽,6,0,6,元富-台南,2023-01-09,5929
00898,國泰基因免疫革命,5,0,5,元富-台南,2023-01-09,5929
1734,杏輝,5,0,5,元富-台南,2023-01-09,5929
2618,長榮航,5,0,5,元富-台南,2023-01-09,5929
3025,星通,5,0,5,元富-台南,2023-01-09,5929
3042,晶技,5,0,5,元富-台南,2023-01-09,5929
3265,台星科,6,1,5,元富-台南,2023-01-09,5929
3466,德晉,5,0,5,元富-台南,2023-01-09,5929
5410,國眾,5,0,5,元富-台南,2023-01-09,5929
6270,倍微,5,0,5,元富-台南,2023-01-09,5929
8072,陞泰,5,0,5,元富-台南,2023-01-09,5929
9105,泰金寶-DR,5,0,5,元富-台南,2023-01-09,5929
2317,鴻海,6,1,5,元富-台南,2023-01-09,5929
2884,玉山金,11,6,5,元富-台南,2023-01-09,5929
3037,欣興,7,3,4,元富-台南,2023-01-09,5929
1503,士電,4,0,4,元富-台南,2023-01-09,5929
2328,廣宇,4,0,4,元富-台南,2023-01-09,5929
3027,盛達,8,4,4,元富-台南,2023-01-09,5929
5608,四維航,4,0,4,元富-台南,2023-01-09,5929
6278,台表科,4,0,4,元富-台南,2023-01-09,5929
00916,國泰全球品牌50,3,0,3,元富-台南,2023-01-09,5929
1442,名軒,3,0,3,元富-台南,2023-01-09,5929
1529,樂事綠能,4,1,3,元富-台南,2023-01-09,5929
1795,美時,5,2,3,元富-台南,2023-01-09,5929
2338,光罩,3,0,3,元富-台南,2023-01-09,5929
3059,華晶科,3,0,3,元富-台南,2023-01-09,5929
3272,東碩,3,0,3,元富-台南,2023-01-09,5929
2609,陽明,230,55,175,元富-台南,2023-01-10,5929
3027,盛達,44,3,41,元富-台南,2023-01-10,5929
5347,世界,38,5,33,元富-台南,2023-01-10,5929
8171,天宇,32,0,32,元富-台南,2023-01-10,5929
6669,緯穎,29,0,29,元富-台南,2023-01-10,5929
2303,聯電,44,17,27,元富-台南,2023-01-10,5929
2618,長榮航,22,1,21,元富-台南,2023-01-10,5929
2836,高雄銀,20,0,20,元富-台南,2023-01-10,5929
00683L,期元大美元指正2,18,0,18,元富-台南,2023-01-10,5929
1708,東鹼,15,0,15,元富-台南,2023-01-10,5929
6770,力積電,14,0,14,元富-台南,2023-01-10,5929
2030,彰源,12,0,12,元富-台南,2023-01-10,5929
2201,裕隆,10,0,10,元富-台南,2023-01-10,5929
5227,立凱-KY,10,0,10,元富-台南,2023-01-10,5929
5353,台林,10,0,10,元富-台南,2023-01-10,5929
9921,巨大,10,0,10,元富-台南,2023-01-10,5929
4130,健亞,7,0,7,元富-台南,2023-01-10,5929
2317,鴻海,6,0,6,元富-台南,2023-01-10,5929
1605,華新,18,12,6,元富-台南,2023-01-10,5929
2497,怡利電,6,0,6,元富-台南,2023-01-10,5929
4129,聯合,6,0,6,元富-台南,2023-01-10,5929
1609,大亞,6,0,6,元富-台南,2023-01-10,5929
00885,富邦越南,5,0,5,元富-台南,2023-01-10,5929
00679B,元大美債20年,5,0,5,元富-台南,2023-01-10,5929
1524,耿鼎,5,0,5,元富-台南,2023-01-10,5929
1815,富喬,5,0,5,元富-台南,2023-01-10,5929
2312,金寶,5,0,5,元富-台南,2023-01-10,5929
2402,毅嘉,5,0,5,元富-台南,2023-01-10,5929
2540,愛山林,5,0,5,元富-台南,2023-01-10,5929
3703,欣陸,5,0,5,元富-台南,2023-01-10,5929
6270,倍微,5,0,5,元富-台南,2023-01-10,5929
8150,南茂,5,1,4,元富-台南,2023-01-10,5929
2884,玉山金,4,0,4,元富-台南,2023-01-10,5929
1218,泰山,4,0,4,元富-台南,2023-01-10,5929
2017,官田鋼,4,0,4,元富-台南,2023-01-10,5929
2409,友達,5,1,4,元富-台南,2023-01-10,5929
5425,台半,5,1,4,元富-台南,2023-01-10,5929
2603,長榮,4,0,4,元富-台南,2023-01-10,5929
2388,威盛,3,0,3,元富-台南,2023-01-10,5929
1503,士電,4,1,3,元富-台南,2023-01-10,5929
1701,中化,3,0,3,元富-台南,2023-01-10,5929
1786,科妍,3,0,3,元富-台南,2023-01-10,5929
3048,益登,3,0,3,元富-台南,2023-01-10,5929
3115,富榮綱,3,0,3,元富-台南,2023-01-10,5929
3189,景碩,3,0,3,元富-台南,2023-01-10,5929
4931,新盛力,5,2,3,元富-台南,2023-01-10,5929
6806,森崴能源,45,43,2,元富-台南,2023-01-10,5929
00715L,期街口布蘭特正2,2,0,2,元富-台南,2023-01-10,5929
1618,合機,2,0,2,元富-台南,2023-01-10,5929
1736,喬山,2,0,2,元富-台南,2023-01-10,5929
2388,威盛,57,1,56,元富-台南,2023-01-11,5929
2409,友達,50,7,43,元富-台南,2023-01-11,5929
2883,凱基金,41,0,41,元富-台南,2023-01-11,5929
1524,耿鼎,35,0,35,元富-台南,2023-01-11,5929
4979,華星光,30,1,29,元富-台南,2023-01-11,5929
9938,百和,28,0,28,元富-台南,2023-01-11,5929
8171,天宇,26,0,26,元富-台南,2023-01-11,5929
2455,全新,22,0,22,元富-台南,2023-01-11,5929
2609,陽明,22,1,21,元富-台南,2023-01-11,5929
6215,和椿,20,0,20,元富-台南,2023-01-11,5929
2867,三商壽,15,0,15,元富-台南,2023-01-11,5929
6196,帆宣,15,0,15,元富-台南,2023-01-11,5929
2634,漢翔,15,2,13,元富-台南,2023-01-11,5929
00683L,期元大美元指正2,12,0,12,元富-台南,2023-01-11,5929
1795,美時,17,5,12,元富-台南,2023-01-11,5929
3558,神準,11,0,11,元富-台南,2023-01-11,5929
2419,仲琦,13,2,11,元富-台南,2023-01-11,5929
2882,國泰金,10,0,10,元富-台南,2023-01-11,5929
2607,榮運,10,0,10,元富-台南,2023-01-11,5929
2884,玉山金,10,0,10,元富-台南,2023-01-11,5929
3419,譁裕,10,0,10,元富-台南,2023-01-11,5929
3704,合勤控,11,2,9,元富-台南,2023-01-11,5929
2881,富邦金,9,0,9,元富-台南,2023-01-11,5929
5425,台半,10,1,9,元富-台南,2023-01-11,5929
6669,緯穎,9,0,9,元富-台南,2023-01-11,5929
3006,晶豪科,10,2,8,元富-台南,2023-01-11,5929
1305,華夏,10,2,8,元富-台南,2023-01-11,5929
1442,名軒,7,0,7,元富-台南,2023-01-11,5929
3380,明泰,12,5,7,元富-台南,2023-01-11,5929
8097,常珵,8,1,7,元富-台南,2023-01-11,5929
6234,高僑,6,0,6,元富-台南,2023-01-11,5929
2352,佳世達,5,0,5,元富-台南,2023-01-11,5929
2012,春雨,5,0,5,元富-台南,2023-01-11,5929
2540,愛山林,5,0,5,元富-台南,2023-01-11,5929
4417,金洲,5,0,5,元富-台南,2023-01-11,5929
6182,合晶,5,0,5,元富-台南,2023-01-11,5929
6187,萬潤,5,0,5,元富-台南,2023-01-11,5929
2610,華航,9,5,4,元富-台南,2023-01-11,5929
8046,南電,4,0,4,元富-台南,2023-01-11,5929
6472,保瑞,4,0,4,元富-台南,2023-01-11,5929
4162,智擎,4,0,4,元富-台南,2023-01-11,5929
0050,元大台灣50,4,1,3,元富-台南,2023-01-11,5929
5880,合庫金,3,0,3,元富-台南,2023-01-11,5929
2892,第一金,3,0,3,元富-台南,2023-01-11,5929
1512,瑞利,3,0,3,元富-台南,2023-01-11,5929
3149,正達,3,0,3,元富-台南,2023-01-11,5929
3479,安勤,5,2,3,元富-台南,2023-01-11,5929
3515,華擎,3,0,3,元富-台南,2023-01-11,5929
4108,懷特,3,0,3,元富-台南,2023-01-11,5929
4130,健亞,3,0,3,元富-台南,2023-01-11,5929
2610,華航,155,0,155,元富-台南,2023-01-12,5929
1609,大亞,101,2,99,元富-台南,2023-01-12,5929
3624,光頡,30,0,30,元富-台南,2023-01-12,5929
2892,第一金,29,1,28,元富-台南,2023-01-12,5929
1524,耿鼎,21,0,21,元富-台南,2023-01-12,5929
00665L,富邦�琤肭磪囓�2,29,9,20,元富-台南,2023-01-12,5929
2312,金寶,20,0,20,元富-台南,2023-01-12,5929
2834,臺企銀,20,0,20,元富-台南,2023-01-12,5929
3706,神達,20,0,20,元富-台南,2023-01-12,5929
2609,陽明,68,51,17,元富-台南,2023-01-12,5929
1513,中興電,17,1,16,元富-台南,2023-01-12,5929
8227,巨有科技,15,0,15,元富-台南,2023-01-12,5929
2801,彰銀,13,0,13,元富-台南,2023-01-12,5929
2009,第一銅,23,12,11,元富-台南,2023-01-12,5929
2812,台中銀,10,0,10,元富-台南,2023-01-12,5929
4743,合一,10,0,10,元富-台南,2023-01-12,5929
00683L,期元大美元指正2,10,0,10,元富-台南,2023-01-12,5929
3094,聯傑,10,0,10,元富-台南,2023-01-12,5929
8349,�矬�,10,0,10,元富-台南,2023-01-12,5929
2014,中鴻,17,9,8,元富-台南,2023-01-12,5929
2495,普安,10,2,8,元富-台南,2023-01-12,5929
5425,台半,10,3,7,元富-台南,2023-01-12,5929
3594,磐儀,6,0,6,元富-台南,2023-01-12,5929
2002,中鋼,21,15,6,元富-台南,2023-01-12,5929
1589,永冠-KY,9,4,5,元富-台南,2023-01-12,5929
00897,富邦基因免疫生技,5,0,5,元富-台南,2023-01-12,5929
1467,南緯,5,0,5,元富-台南,2023-01-12,5929
2030,彰源,13,8,5,元富-台南,2023-01-12,5929
2104,國際中橡,5,0,5,元富-台南,2023-01-12,5929
3014,聯陽,5,0,5,元富-台南,2023-01-12,5929
8222,寶一,5,0,5,元富-台南,2023-01-12,5929
2882,國泰金,5,0,5,元富-台南,2023-01-12,5929
6245,立端,7,3,4,元富-台南,2023-01-12,5929
1736,喬山,4,0,4,元富-台南,2023-01-12,5929
3047,訊舟,4,0,4,元富-台南,2023-01-12,5929
3481,群創,4,0,4,元富-台南,2023-01-12,5929
4128,中天,4,0,4,元富-台南,2023-01-12,5929
4130,健亞,4,0,4,元富-台南,2023-01-12,5929
5263,智崴,4,0,4,元富-台南,2023-01-12,5929
5309,系統電,4,0,4,元富-台南,2023-01-12,5929
6806,森崴能源,8,5,3,元富-台南,2023-01-12,5929
2891,中信金,3,0,3,元富-台南,2023-01-12,5929
1440,南紡,3,0,3,元富-台南,2023-01-12,5929
00632R,元大台灣50反1,3,0,3,元富-台南,2023-01-12,5929
1612,宏泰,3,0,3,元富-台南,2023-01-12,5929
2017,官田鋼,3,0,3,元富-台南,2023-01-12,5929
2313,華通,3,0,3,元富-台南,2023-01-12,5929
2546,根基,3,0,3,元富-台南,2023-01-12,5929
2614,東森,3,0,3,元富-台南,2023-01-12,5929
3141,晶宏,3,0,3,元富-台南,2023-01-12,5929
8171,天宇,42,2,40,元富-台南,2023-01-13,5929
3211,順達,27,0,27,元富-台南,2023-01-13,5929
2892,第一金,20,0,20,元富-台南,2023-01-13,5929
1524,耿鼎,15,0,15,元富-台南,2023-01-13,5929
2887,台新金,16,1,15,元富-台南,2023-01-13,5929
2498,宏達電,43,30,13,元富-台南,2023-01-13,5929
2409,友達,13,1,12,元富-台南,2023-01-13,5929
6603,富強鑫,12,0,12,元富-台南,2023-01-13,5929
6270,倍微,11,0,11,元富-台南,2023-01-13,5929
6443,元晶,11,0,11,元富-台南,2023-01-13,5929
1305,華夏,10,0,10,元富-台南,2023-01-13,5929
00683L,期元大美元指正2,10,0,10,元富-台南,2023-01-13,5929
2371,大同,11,2,9,元富-台南,2023-01-13,5929
2492,華新科,9,0,9,元富-台南,2023-01-13,5929
3022,威強電,7,0,7,元富-台南,2023-01-13,5929
00893,國泰智能電動車,6,0,6,元富-台南,2023-01-13,5929
2345,智邦,6,0,6,元富-台南,2023-01-13,5929
3406,玉晶光,7,1,6,元富-台南,2023-01-13,5929
3443,創意,8,2,6,元富-台南,2023-01-13,5929
00679B,元大美債20年,6,1,5,元富-台南,2023-01-13,5929
00919,群益台灣精選高息,5,0,5,元富-台南,2023-01-13,5929
00632R,元大台灣50反1,5,0,5,元富-台南,2023-01-13,5929
2328,廣宇,5,0,5,元富-台南,2023-01-13,5929
2402,毅嘉,25,20,5,元富-台南,2023-01-13,5929
2641,正德,5,0,5,元富-台南,2023-01-13,5929
6121,新普,5,0,5,元富-台南,2023-01-13,5929
6196,帆宣,5,0,5,元富-台南,2023-01-13,5929
8222,寶一,5,0,5,元富-台南,2023-01-13,5929
8227,巨有科技,5,0,5,元富-台南,2023-01-13,5929
00692,富邦公司治理,4,0,4,元富-台南,2023-01-13,5929
00676R,富邦臺灣加權反1,4,0,4,元富-台南,2023-01-13,5929
2014,中鴻,13,9,4,元富-台南,2023-01-13,5929
2312,金寶,14,10,4,元富-台南,2023-01-13,5929
6695,芯鼎,4,0,4,元富-台南,2023-01-13,5929
5309,系統電,3,0,3,元富-台南,2023-01-13,5929
2359,所羅門,5,2,3,元富-台南,2023-01-13,5929
2546,根基,3,0,3,元富-台南,2023-01-13,5929
3115,富榮綱,3,0,3,元富-台南,2023-01-13,5929
3479,安勤,3,0,3,元富-台南,2023-01-13,5929
5347,世界,3,0,3,元富-台南,2023-01-13,5929
6188,廣明,3,0,3,元富-台南,2023-01-13,5929
6719,力智,2,0,2,元富-台南,2023-01-13,5929
1229,聯華,2,0,2,元富-台南,2023-01-13,5929
1809,中釉,3,1,2,元富-台南,2023-01-13,5929
2007,燁興,2,0,2,元富-台南,2023-01-13,5929
2009,第一銅,3,1,2,元富-台南,2023-01-13,5929
2236,百達-KY,2,0,2,元富-台南,2023-01-13,5929
2332,友訊,2,0,2,元富-台南,2023-01-13,5929
2442,新美齊,2,0,2,元富-台南,2023-01-13,5929
2468,華經,3,1,2,元富-台南,2023-01-13,5929
2002,中鋼,73,0,73,元富-台南,2023-01-16,5929
1513,中興電,46,1,45,元富-台南,2023-01-16,5929
2317,鴻海,28,1,27,元富-台南,2023-01-16,5929
2609,陽明,72,51,21,元富-台南,2023-01-16,5929
2610,華航,20,0,20,元富-台南,2023-01-16,5929
2641,正德,20,0,20,元富-台南,2023-01-16,5929
8261,富鼎,18,0,18,元富-台南,2023-01-16,5929
4712,福格創新,17,0,17,元富-台南,2023-01-16,5929
1305,華夏,15,0,15,元富-台南,2023-01-16,5929
3211,順達,14,0,14,元富-台南,2023-01-16,5929
1467,南緯,12,0,12,元富-台南,2023-01-16,5929
1605,華新,13,2,11,元富-台南,2023-01-16,5929
8155,博智,15,4,11,元富-台南,2023-01-16,5929
2883B,凱基金乙特,10,0,10,元富-台南,2023-01-16,5929
3419,譁裕,10,0,10,元富-台南,2023-01-16,5929
5469,瀚宇博,10,0,10,元富-台南,2023-01-16,5929
3265,台星科,9,0,9,元富-台南,2023-01-16,5929
3029,零壹,7,0,7,元富-台南,2023-01-16,5929
1809,中釉,6,0,6,元富-台南,2023-01-16,5929
3374,精材,6,0,6,元富-台南,2023-01-16,5929
5227,立凱-KY,6,0,6,元富-台南,2023-01-16,5929
6443,元晶,6,0,6,元富-台南,2023-01-16,5929
2882,國泰金,5,0,5,元富-台南,2023-01-16,5929
00679B,元大美債20年,5,0,5,元富-台南,2023-01-16,5929
00919,群益台灣精選高息,5,0,5,元富-台南,2023-01-16,5929
00665L,富邦�琤肭磪囓�2,5,0,5,元富-台南,2023-01-16,5929
2897,王道銀行,5,0,5,元富-台南,2023-01-16,5929
3088,艾訊,5,0,5,元富-台南,2023-01-16,5929
5285,界霖,5,0,5,元富-台南,2023-01-16,5929
3013,晟銘電,4,0,4,元富-台南,2023-01-16,5929
6770,力積電,4,0,4,元富-台南,2023-01-16,5929
8358,金居,7,3,4,元富-台南,2023-01-16,5929
2812,台中銀,3,0,3,元富-台南,2023-01-16,5929
1701,中化,4,1,3,元富-台南,2023-01-16,5929
00713,元大台灣高息低波,3,0,3,元富-台南,2023-01-16,5929
3034,聯詠,3,0,3,元富-台南,2023-01-16,5929
2338,光罩,3,0,3,元富-台南,2023-01-16,5929
00632R,元大台灣50反1,3,0,3,元富-台南,2023-01-16,5929
1524,耿鼎,4,1,3,元富-台南,2023-01-16,5929
1795,美時,4,1,3,元富-台南,2023-01-16,5929
2028,威致,5,2,3,元富-台南,2023-01-16,5929
2312,金寶,3,0,3,元富-台南,2023-01-16,5929
2388,威盛,5,2,3,元富-台南,2023-01-16,5929
2547,日勝生,3,0,3,元富-台南,2023-01-16,5929
2888B,新光金乙特,3,0,3,元富-台南,2023-01-16,5929
3704,合勤控,3,0,3,元富-台南,2023-01-16,5929
4974,亞泰,3,0,3,元富-台南,2023-01-16,5929
6188,廣明,3,0,3,元富-台南,2023-01-16,5929
6649,台生材,3,0,3,元富-台南,2023-01-16,5929
6679,鈺太,3,0,3,元富-台南,2023-01-16,5929
5347,世界,151,14,137,元富-台南,2023-01-17,5929
2609,陽明,132,82,50,元富-台南,2023-01-17,5929
1609,大亞,50,0,50,元富-台南,2023-01-17,5929
5009,榮剛,40,22,18,元富-台南,2023-01-17,5929
2884,玉山金,14,0,14,元富-台南,2023-01-17,5929
2812,台中銀,10,0,10,元富-台南,2023-01-17,5929
1605,華新,16,6,10,元富-台南,2023-01-17,5929
2883,凱基金,9,0,9,元富-台南,2023-01-17,5929
2330,台積電,11,3,8,元富-台南,2023-01-17,5929
1524,耿鼎,7,0,7,元富-台南,2023-01-17,5929
2317,鴻海,11,5,6,元富-台南,2023-01-17,5929
00900,富邦特選高股息30,5,0,5,元富-台南,2023-01-17,5929
00882,中信中國高股息,5,0,5,元富-台南,2023-01-17,5929
00665L,富邦�琤肭磪囓�2,5,0,5,元富-台南,2023-01-17,5929
3047,訊舟,5,0,5,元富-台南,2023-01-17,5929
6125,廣運,5,0,5,元富-台南,2023-01-17,5929
6770,力積電,10,5,5,元富-台南,2023-01-17,5929
2886,兆豐金,5,1,4,元富-台南,2023-01-17,5929
0050,元大台灣50,4,1,3,元富-台南,2023-01-17,5929
00713,元大台灣高息低波,3,0,3,元富-台南,2023-01-17,5929
3406,玉晶光,3,0,3,元富-台南,2023-01-17,5929
00752,中信中國50,3,0,3,元富-台南,2023-01-17,5929
2641,正德,3,0,3,元富-台南,2023-01-17,5929
3265,台星科,3,0,3,元富-台南,2023-01-17,5929
3481,群創,3,0,3,元富-台南,2023-01-17,5929
4114,健喬,3,0,3,元富-台南,2023-01-17,5929
4167,松瑞藥,4,1,3,元富-台南,2023-01-17,5929
4979,華星光,5,2,3,元富-台南,2023-01-17,5929
5309,系統電,3,0,3,元富-台南,2023-01-17,5929
6515,穎崴,4,1,3,元富-台南,2023-01-17,5929
1714,和桐,3,0,3,元富-台南,2023-01-17,5929
3714,富采,2,0,2,元富-台南,2023-01-17,5929
3710,連展投控,6,4,2,元富-台南,2023-01-17,5929
00772B,中信高評級公司債,2,0,2,元富-台南,2023-01-17,5929
00770,國泰北美科技,2,0,2,元富-台南,2023-01-17,5929
00881,國泰台灣5G+,3,1,2,元富-台南,2023-01-17,5929
2069,運錩,2,0,2,元富-台南,2023-01-17,5929
2363,矽統,2,0,2,元富-台南,2023-01-17,5929
2428,興勤,2,0,2,元富-台南,2023-01-17,5929
2617,台航,2,0,2,元富-台南,2023-01-17,5929
2736,富野,2,0,2,元富-台南,2023-01-17,5929
2888,新光金,3,1,2,元富-台南,2023-01-17,5929
2912,統一超,2,0,2,元富-台南,2023-01-17,5929
3029,零壹,2,0,2,元富-台南,2023-01-17,5929
3052,夆典,2,0,2,元富-台南,2023-01-17,5929
3066,李洲,2,0,2,元富-台南,2023-01-17,5929
3141,晶宏,2,0,2,元富-台南,2023-01-17,5929
3219,倚強科,2,0,2,元富-台南,2023-01-17,5929
3540,曜越,2,0,2,元富-台南,2023-01-17,5929
6168,宏齊,2,0,2,元富-台南,2023-01-17,5929
00633L,富邦上証正2,66,3,63,元富-台南,2023-01-30,5929
1467,南緯,43,0,43,元富-台南,2023-01-30,5929
2317,鴻海,39,0,39,元富-台南,2023-01-30,5929
2890,永豐金,42,6,36,元富-台南,2023-01-30,5929
2609,陽明,36,3,33,元富-台南,2023-01-30,5929
6016,康和證,20,0,20,元富-台南,2023-01-30,5929
2641,正德,18,0,18,元富-台南,2023-01-30,5929
00679B,元大美債20年,17,1,16,元富-台南,2023-01-30,5929
00665L,富邦�琤肭磪囓�2,30,15,15,元富-台南,2023-01-30,5929
00706L,期元大S＆P日圓正2,14,0,14,元富-台南,2023-01-30,5929
1524,耿鼎,14,1,13,元富-台南,2023-01-30,5929
3714,富采,13,0,13,元富-台南,2023-01-30,5929
2834,臺企銀,11,0,11,元富-台南,2023-01-30,5929
8033,雷虎,11,0,11,元富-台南,2023-01-30,5929
00720B,元大投資級公司債,10,0,10,元富-台南,2023-01-30,5929
00673R,期元大S＆P原油反1,10,0,10,元富-台南,2023-01-30,5929
2889,國票金,10,0,10,元富-台南,2023-01-30,5929
3552,同致,10,0,10,元富-台南,2023-01-30,5929
6138,茂達,10,0,10,元富-台南,2023-01-30,5929
6180,橘子,10,0,10,元富-台南,2023-01-30,5929
6763,綠界科技*,10,0,10,元富-台南,2023-01-30,5929
2845,遠東銀,10,1,9,元富-台南,2023-01-30,5929
2891,中信金,13,4,9,元富-台南,2023-01-30,5929
9938,百和,9,0,9,元富-台南,2023-01-30,5929
1540,喬福,8,0,8,元富-台南,2023-01-30,5929
2312,金寶,10,2,8,元富-台南,2023-01-30,5929
00632R,元大台灣50反1,7,0,7,元富-台南,2023-01-30,5929
1734,杏輝,7,0,7,元富-台南,2023-01-30,5929
2732,六角,7,0,7,元富-台南,2023-01-30,5929
5864,致和證,7,0,7,元富-台南,2023-01-30,5929
8086,宏捷科,10,3,7,元富-台南,2023-01-30,5929
2338,光罩,6,0,6,元富-台南,2023-01-30,5929
4746,台耀,6,0,6,元富-台南,2023-01-30,5929
00785B,富邦金融投等債,5,0,5,元富-台南,2023-01-30,5929
00637L,元大滬深300正2,5,0,5,元富-台南,2023-01-30,5929
1314,中石化,5,0,5,元富-台南,2023-01-30,5929
1514,亞力,5,0,5,元富-台南,2023-01-30,5929
3022,威強電,5,0,5,元富-台南,2023-01-30,5929
3576,聯合再生,5,0,5,元富-台南,2023-01-30,5929
5309,系統電,5,0,5,元富-台南,2023-01-30,5929
6113,亞矽,5,0,5,元富-台南,2023-01-30,5929
6188,廣明,5,0,5,元富-台南,2023-01-30,5929
6550,北極星藥業-KY,9,4,5,元富-台南,2023-01-30,5929
2002,中鋼,31,27,4,元富-台南,2023-01-30,5929
1432,大魯閣,4,0,4,元富-台南,2023-01-30,5929
1612,宏泰,4,0,4,元富-台南,2023-01-30,5929
1904,正隆,5,1,4,元富-台南,2023-01-30,5929
8069,元太,5,1,4,元富-台南,2023-01-30,5929
4128,中天,4,0,4,元富-台南,2023-01-30,5929
00676R,富邦臺灣加權反1,3,0,3,元富-台南,2023-01-30,5929
2892,第一金,74,0,74,元富-台南,2023-01-31,5929
00905,FT臺灣Smart,61,0,61,元富-台南,2023-01-31,5929
5425,台半,60,5,55,元富-台南,2023-01-31,5929
5347,世界,63,27,36,元富-台南,2023-01-31,5929
2891,中信金,27,0,27,元富-台南,2023-01-31,5929
00878,國泰永續高股息,39,13,26,元富-台南,2023-01-31,5929
1524,耿鼎,23,1,22,元富-台南,2023-01-31,5929
2540,愛山林,20,0,20,元富-台南,2023-01-31,5929
4128,中天,25,5,20,元富-台南,2023-01-31,5929
6182,合晶,20,0,20,元富-台南,2023-01-31,5929
3006,晶豪科,20,1,19,元富-台南,2023-01-31,5929
8261,富鼎,24,6,18,元富-台南,2023-01-31,5929
6116,彩晶,24,9,15,元富-台南,2023-01-31,5929
2834,臺企銀,15,0,15,元富-台南,2023-01-31,5929
3022,威強電,15,0,15,元富-台南,2023-01-31,5929
2317,鴻海,28,14,14,元富-台南,2023-01-31,5929
1519,華城,21,7,14,元富-台南,2023-01-31,5929
3211,順達,17,3,14,元富-台南,2023-01-31,5929
3265,台星科,13,0,13,元富-台南,2023-01-31,5929
9921,巨大,12,0,12,元富-台南,2023-01-31,5929
00679B,元大美債20年,11,0,11,元富-台南,2023-01-31,5929
2890,永豐金,11,0,11,元富-台南,2023-01-31,5929
3049,精金,11,0,11,元富-台南,2023-01-31,5929
8222,寶一,22,11,11,元富-台南,2023-01-31,5929
5309,系統電,14,3,11,元富-台南,2023-01-31,5929
2884,玉山金,10,0,10,元富-台南,2023-01-31,5929
1305,華夏,10,0,10,元富-台南,2023-01-31,5929
2344,華邦電,10,0,10,元富-台南,2023-01-31,5929
3443,創意,10,0,10,元富-台南,2023-01-31,5929
4746,台耀,10,0,10,元富-台南,2023-01-31,5929
5388,中磊,10,0,10,元富-台南,2023-01-31,5929
1312,國喬,10,0,10,元富-台南,2023-01-31,5929
2014,中鴻,18,9,9,元富-台南,2023-01-31,5929
3189,景碩,10,1,9,元富-台南,2023-01-31,5929
2330,台積電,12,4,8,元富-台南,2023-01-31,5929
5880,合庫金,8,0,8,元富-台南,2023-01-31,5929
1321,大洋,8,0,8,元富-台南,2023-01-31,5929
00673R,期元大S＆P原油反1,9,1,8,元富-台南,2023-01-31,5929
3014,聯陽,8,0,8,元富-台南,2023-01-31,5929
00720B,元大投資級公司債,7,0,7,元富-台南,2023-01-31,5929
1529,樂事綠能,7,0,7,元富-台南,2023-01-31,5929
2328,廣宇,7,0,7,元富-台南,2023-01-31,5929
2352,佳世達,10,3,7,元富-台南,2023-01-31,5929
2408,南亞科,7,0,7,元富-台南,2023-01-31,5929
3680,家登,7,0,7,元富-台南,2023-01-31,5929
1707,葡萄王,8,1,7,元富-台南,2023-01-31,5929
1513,中興電,23,16,7,元富-台南,2023-01-31,5929
3037,欣興,8,2,6,元富-台南,2023-01-31,5929
2886,兆豐金,12,6,6,元富-台南,2023-01-31,5929
00643,群益深証中小,6,0,6,元富-台南,2023-01-31,5929
1321,大洋,47,0,47,元富-台南,2023-02-01,5929
1802,台玻,50,8,42,元富-台南,2023-02-01,5929
2845,遠東銀,32,0,32,元富-台南,2023-02-01,5929
2888,新光金,30,0,30,元富-台南,2023-02-01,5929
3706,神達,30,0,30,元富-台南,2023-02-01,5929
2891,中信金,30,0,30,元富-台南,2023-02-01,5929
3037,欣興,39,10,29,元富-台南,2023-02-01,5929
3027,盛達,33,5,28,元富-台南,2023-02-01,5929
1467,南緯,25,0,25,元富-台南,2023-02-01,5929
2201,裕隆,46,22,24,元富-台南,2023-02-01,5929
2009,第一銅,28,5,23,元富-台南,2023-02-01,5929
6196,帆宣,30,7,23,元富-台南,2023-02-01,5929
3211,順達,26,4,22,元富-台南,2023-02-01,5929
3704,合勤控,25,4,21,元富-台南,2023-02-01,5929
4974,亞泰,20,0,20,元富-台南,2023-02-01,5929
1605,華新,29,12,17,元富-台南,2023-02-01,5929
5425,台半,23,6,17,元富-台南,2023-02-01,5929
6788,華景電,15,0,15,元富-台南,2023-02-01,5929
00633L,富邦上証正2,15,0,15,元富-台南,2023-02-01,5929
4128,中天,15,0,15,元富-台南,2023-02-01,5929
2028,威致,29,15,14,元富-台南,2023-02-01,5929
3189,景碩,15,2,13,元富-台南,2023-02-01,5929
00888,永豐台灣ESG,10,0,10,元富-台南,2023-02-01,5929
2379,瑞昱,10,0,10,元富-台南,2023-02-01,5929
2834,臺企銀,10,0,10,元富-台南,2023-02-01,5929
3049,精金,10,0,10,元富-台南,2023-02-01,5929
4108,懷特,10,0,10,元富-台南,2023-02-01,5929
2312,金寶,10,1,9,元富-台南,2023-02-01,5929
3030,德律,9,0,9,元富-台南,2023-02-01,5929
5284,jpp-KY,9,0,9,元富-台南,2023-02-01,5929
6285,啟��,10,1,9,元富-台南,2023-02-01,5929
8033,雷虎,13,4,9,元富-台南,2023-02-01,5929
2014,中鴻,8,0,8,元富-台南,2023-02-01,5929
0056,元大高股息,7,0,7,元富-台南,2023-02-01,5929
2413,環科,7,0,7,元富-台南,2023-02-01,5929
2415,錩新,7,0,7,元富-台南,2023-02-01,5929
6015,宏遠證,7,0,7,元富-台南,2023-02-01,5929
00885,富邦越南,6,0,6,元富-台南,2023-02-01,5929
8028,昇陽半導體,6,0,6,元富-台南,2023-02-01,5929
2611,志信,6,0,6,元富-台南,2023-02-01,5929
2867,三商壽,6,0,6,元富-台南,2023-02-01,5929
3272,東碩,6,0,6,元富-台南,2023-02-01,5929
2324,仁寶,5,0,5,元富-台南,2023-02-01,5929
1708,東鹼,5,0,5,元富-台南,2023-02-01,5929
2029,盛餘,5,0,5,元富-台南,2023-02-01,5929
2352,佳世達,5,0,5,元富-台南,2023-02-01,5929
2353,宏��,9,4,5,元富-台南,2023-02-01,5929
2358,廷鑫,6,1,5,元富-台南,2023-02-01,5929
2486,一詮,5,0,5,元富-台南,2023-02-01,5929
3577,泓格,5,0,5,元富-台南,2023-02-01,5929
2369,菱生,71,0,71,元富-台南,2023-02-02,5929
6443,元晶,104,70,34,元富-台南,2023-02-02,5929
2344,華邦電,84,50,34,元富-台南,2023-02-02,5929
6188,廣明,30,0,30,元富-台南,2023-02-02,5929
6269,台郡,30,0,30,元富-台南,2023-02-02,5929
2892,第一金,25,0,25,元富-台南,2023-02-02,5929
2618,長榮航,23,0,23,元富-台南,2023-02-02,5929
00679B,元大美債20年,22,0,22,元富-台南,2023-02-02,5929
00878,國泰永續高股息,21,0,21,元富-台南,2023-02-02,5929
1313,聯成,20,0,20,元富-台南,2023-02-02,5929
2421,建準,20,1,19,元富-台南,2023-02-02,5929
00665L,富邦�琤肭磪囓�2,70,55,15,元富-台南,2023-02-02,5929
3017,奇鋐,17,2,15,元富-台南,2023-02-02,5929
1605,華新,43,29,14,元富-台南,2023-02-02,5929
6235,華孚,15,2,13,元富-台南,2023-02-02,5929
6129,普誠,18,5,13,元富-台南,2023-02-02,5929
2492,華新科,13,1,12,元富-台南,2023-02-02,5929
8358,金居,13,2,11,元富-台南,2023-02-02,5929
1608,華榮,11,1,10,元富-台南,2023-02-02,5929
2014,中鴻,10,0,10,元富-台南,2023-02-02,5929
2834,臺企銀,11,1,10,元富-台南,2023-02-02,5929
2836,高雄銀,10,0,10,元富-台南,2023-02-02,5929
2867,三商壽,10,0,10,元富-台南,2023-02-02,5929
5864,致和證,10,0,10,元富-台南,2023-02-02,5929
6016,康和證,10,0,10,元富-台南,2023-02-02,5929
6180,橘子,10,0,10,元富-台南,2023-02-02,5929
2023,燁輝,9,0,9,元富-台南,2023-02-02,5929
6285,啟��,10,1,9,元富-台南,2023-02-02,5929
2317,鴻海,8,0,8,元富-台南,2023-02-02,5929
2891,中信金,8,0,8,元富-台南,2023-02-02,5929
00632R,元大台灣50反1,16,8,8,元富-台南,2023-02-02,5929
3227,原相,10,2,8,元富-台南,2023-02-02,5929
6282,康舒,24,16,8,元富-台南,2023-02-02,5929
2412,中華電,7,0,7,元富-台南,2023-02-02,5929
2929,淘帝-KY,7,0,7,元富-台南,2023-02-02,5929
4931,新盛力,10,3,7,元富-台南,2023-02-02,5929
00673R,期元大S＆P原油反1,6,0,6,元富-台南,2023-02-02,5929
4162,智擎,16,10,6,元富-台南,2023-02-02,5929
6788,華景電,6,0,6,元富-台南,2023-02-02,5929
2002,中鋼,8,2,6,元富-台南,2023-02-02,5929
00633L,富邦上証正2,5,0,5,元富-台南,2023-02-02,5929
00905,FT臺灣Smart,5,0,5,元富-台南,2023-02-02,5929
2329,華泰,9,4,5,元富-台南,2023-02-02,5929
2353,宏��,6,1,5,元富-台南,2023-02-02,5929
4106,雃博,7,2,5,元富-台南,2023-02-02,5929
4906,正文,5,0,5,元富-台南,2023-02-02,5929
5351,鈺創,13,8,5,元富-台南,2023-02-02,5929
6005,群益證,5,0,5,元富-台南,2023-02-02,5929
6451,訊芯-KY,5,0,5,元富-台南,2023-02-02,5929
1303,南亞,4,0,4,元富-台南,2023-02-02,5929
2867,三商壽,100,0,100,元富-台南,2023-02-03,5929
6770,力積電,36,2,34,元富-台南,2023-02-03,5929
6190,萬泰科,31,0,31,元富-台南,2023-02-03,5929
2329,華泰,31,1,30,元富-台南,2023-02-03,5929
3027,盛達,31,1,30,元富-台南,2023-02-03,5929
2484,希華,33,5,28,元富-台南,2023-02-03,5929
3706,神達,30,3,27,元富-台南,2023-02-03,5929
1305,華夏,27,0,27,元富-台南,2023-02-03,5929
00665L,富邦�琤肭磪囓�2,32,10,22,元富-台南,2023-02-03,5929
1321,大洋,20,0,20,元富-台南,2023-02-03,5929
00878,國泰永續高股息,24,5,19,元富-台南,2023-02-03,5929
2317,鴻海,17,0,17,元富-台南,2023-02-03,5929
00632R,元大台灣50反1,17,0,17,元富-台南,2023-02-03,5929
1785,光洋科,20,3,17,元富-台南,2023-02-03,5929
6719,力智,16,0,16,元富-台南,2023-02-03,5929
5347,世界,16,0,16,元富-台南,2023-02-03,5929
3049,精金,15,0,15,元富-台南,2023-02-03,5929
2014,中鴻,18,6,12,元富-台南,2023-02-03,5929
3714,富采,12,0,12,元富-台南,2023-02-03,5929
00715L,期街口布蘭特正2,12,0,12,元富-台南,2023-02-03,5929
2002,中鋼,12,0,12,元富-台南,2023-02-03,5929
5465,富驊,12,0,12,元富-台南,2023-02-03,5929
3014,聯陽,11,0,11,元富-台南,2023-02-03,5929
1319,東陽,10,0,10,元富-台南,2023-02-03,5929
1310,台苯,10,0,10,元富-台南,2023-02-03,5929
00648R,元大S＆P500反1,10,0,10,元富-台南,2023-02-03,5929
2468,華經,10,0,10,元富-台南,2023-02-03,5929
3006,晶豪科,10,0,10,元富-台南,2023-02-03,5929
3576,聯合再生,10,0,10,元富-台南,2023-02-03,5929
4746,台耀,10,0,10,元富-台南,2023-02-03,5929
5388,中磊,10,0,10,元富-台南,2023-02-03,5929
6015,宏遠證,10,0,10,元富-台南,2023-02-03,5929
2834,臺企銀,17,8,9,元富-台南,2023-02-03,5929
2455,全新,9,0,9,元富-台南,2023-02-03,5929
6118,建達,13,4,9,元富-台南,2023-02-03,5929
6138,茂達,10,1,9,元富-台南,2023-02-03,5929
0056,元大高股息,8,0,8,元富-台南,2023-02-03,5929
2891,中信金,8,0,8,元富-台南,2023-02-03,5929
4931,新盛力,10,2,8,元富-台南,2023-02-03,5929
9939,宏全,8,0,8,元富-台南,2023-02-03,5929
6546,正基,10,3,7,元富-台南,2023-02-03,5929
2884,玉山金,6,0,6,元富-台南,2023-02-03,5929
4961,天鈺,6,0,6,元富-台南,2023-02-03,5929
1609,大亞,6,0,6,元富-台南,2023-02-03,5929
3624,光頡,7,1,6,元富-台南,2023-02-03,5929
2892,第一金,5,0,5,元富-台南,2023-02-03,5929
00633L,富邦上証正2,5,0,5,元富-台南,2023-02-03,5929
00921,兆豐龍頭等權重,5,0,5,元富-台南,2023-02-03,5929
1102,亞泥,5,0,5,元富-台南,2023-02-03,5929
1589,永冠-KY,7,2,5,元富-台南,2023-02-03,5929
00720B,元大投資級公司債,142,0,142,元富-台南,2023-02-06,5929
00878,國泰永續高股息,43,0,43,元富-台南,2023-02-06,5929
2883,凱基金,82,40,42,元富-台南,2023-02-06,5929
1609,大亞,41,0,41,元富-台南,2023-02-06,5929
6245,立端,30,1,29,元富-台南,2023-02-06,5929
2317,鴻海,41,14,27,元富-台南,2023-02-06,5929
2344,華邦電,27,4,23,元富-台南,2023-02-06,5929
2610,華航,22,0,22,元富-台南,2023-02-06,5929
6269,台郡,21,0,21,元富-台南,2023-02-06,5929
1319,東陽,20,0,20,元富-台南,2023-02-06,5929
3322,建舜電,20,1,19,元富-台南,2023-02-06,5929
3029,零壹,18,0,18,元富-台南,2023-02-06,5929
3027,盛達,18,1,17,元富-台南,2023-02-06,5929
8478,東哥遊艇,17,0,17,元富-台南,2023-02-06,5929
00706L,期元大S＆P日圓正2,15,0,15,元富-台南,2023-02-06,5929
1524,耿鼎,24,9,15,元富-台南,2023-02-06,5929
5425,台半,25,10,15,元富-台南,2023-02-06,5929
00665L,富邦�琤肭磪囓�2,24,10,14,元富-台南,2023-02-06,5929
00719B,元大美債1-3,13,0,13,元富-台南,2023-02-06,5929
1513,中興電,12,0,12,元富-台南,2023-02-06,5929
2468,華經,43,31,12,元富-台南,2023-02-06,5929
3014,聯陽,12,0,12,元富-台南,2023-02-06,5929
5388,中磊,11,0,11,元富-台南,2023-02-06,5929
2330,台積電,12,1,11,元富-台南,2023-02-06,5929
00688L,國泰20年美債正2,10,0,10,元富-台南,2023-02-06,5929
1434,福懋,10,0,10,元富-台南,2023-02-06,5929
1714,和桐,10,0,10,元富-台南,2023-02-06,5929
6015,宏遠證,10,0,10,元富-台南,2023-02-06,5929
6270,倍微,10,0,10,元富-台南,2023-02-06,5929
6550,北極星藥業-KY,11,1,10,元富-台南,2023-02-06,5929
3037,欣興,22,13,9,元富-台南,2023-02-06,5929
0056,元大高股息,9,0,9,元富-台南,2023-02-06,5929
2634,漢翔,14,5,9,元富-台南,2023-02-06,5929
6235,華孚,16,7,9,元富-台南,2023-02-06,5929
1720,生達,9,0,9,元富-台南,2023-02-06,5929
00679B,元大美債20年,8,0,8,元富-台南,2023-02-06,5929
2891,中信金,9,1,8,元富-台南,2023-02-06,5929
2498,宏達電,24,16,8,元富-台南,2023-02-06,5929
2867,三商壽,8,0,8,元富-台南,2023-02-06,5929
6026,福邦證,8,0,8,元富-台南,2023-02-06,5929
6679,鈺太,8,0,8,元富-台南,2023-02-06,5929
00900,富邦特選高股息30,9,2,7,元富-台南,2023-02-06,5929
3548,兆利,7,0,7,元富-台南,2023-02-06,5929
4130,健亞,7,0,7,元富-台南,2023-02-06,5929
5347,世界,7,0,7,元富-台南,2023-02-06,5929
6275,元山,12,5,7,元富-台南,2023-02-06,5929
1514,亞力,8,1,7,元富-台南,2023-02-06,5929
2027,大成鋼,10,4,6,元富-台南,2023-02-06,5929
2883B,凱基金乙特,6,0,6,元富-台南,2023-02-06,5929
4979,華星光,11,5,6,元富-台南,2023-02-06,5929
1319,東陽,140,2,138,元富-台南,2023-02-07,5929
8349,�矬�,109,1,108,元富-台南,2023-02-07,5929
5309,系統電,72,5,67,元富-台南,2023-02-07,5929
2344,華邦電,53,0,53,元富-台南,2023-02-07,5929
3682,亞太電,48,0,48,元富-台南,2023-02-07,5929
2634,漢翔,40,0,40,元富-台南,2023-02-07,5929
3594,磐儀,40,0,40,元富-台南,2023-02-07,5929
3706,神達,60,22,38,元富-台南,2023-02-07,5929
2812,台中銀,32,1,31,元富-台南,2023-02-07,5929
00878,國泰永續高股息,37,15,22,元富-台南,2023-02-07,5929
3265,台星科,20,0,20,元富-台南,2023-02-07,5929
6245,立端,20,0,20,元富-台南,2023-02-07,5929
6147,頎邦,20,0,20,元富-台南,2023-02-07,5929
6788,華景電,20,1,19,元富-台南,2023-02-07,5929
8478,東哥遊艇,14,0,14,元富-台南,2023-02-07,5929
00780B,國泰A級金融債,13,0,13,元富-台南,2023-02-07,5929
8105,凌巨,13,0,13,元富-台南,2023-02-07,5929
00679B,元大美債20年,12,0,12,元富-台南,2023-02-07,5929
2882,國泰金,12,0,12,元富-台南,2023-02-07,5929
6016,康和證,12,0,12,元富-台南,2023-02-07,5929
6138,茂達,13,2,11,元富-台南,2023-02-07,5929
2023,燁輝,10,0,10,元富-台南,2023-02-07,5929
4958,臻鼎-KY,10,0,10,元富-台南,2023-02-07,5929
6233,旺玖,10,0,10,元富-台南,2023-02-07,5929
8054,安國,10,0,10,元富-台南,2023-02-07,5929
9938,百和,13,3,10,元富-台南,2023-02-07,5929
6770,力積電,8,0,8,元富-台南,2023-02-07,5929
9928,中視,8,0,8,元富-台南,2023-02-07,5929
2330,台積電,9,1,8,元富-台南,2023-02-07,5929
00633L,富邦上証正2,7,0,7,元富-台南,2023-02-07,5929
3029,零壹,10,3,7,元富-台南,2023-02-07,5929
00753L,中信中國50正2,6,0,6,元富-台南,2023-02-07,5929
1701,中化,6,0,6,元富-台南,2023-02-07,5929
3548,兆利,8,2,6,元富-台南,2023-02-07,5929
3693,營邦,8,2,6,元富-台南,2023-02-07,5929
3703,欣陸,6,0,6,元富-台南,2023-02-07,5929
4747,強生,6,0,6,元富-台南,2023-02-07,5929
00720B,元大投資級公司債,6,0,6,元富-台南,2023-02-07,5929
2353,宏��,5,0,5,元富-台南,2023-02-07,5929
2888,新光金,5,0,5,元富-台南,2023-02-07,5929
1339,昭輝,5,0,5,元富-台南,2023-02-07,5929
00706L,期元大S＆P日圓正2,5,0,5,元富-台南,2023-02-07,5929
1609,大亞,7,2,5,元富-台南,2023-02-07,5929
1611,中電,5,0,5,元富-台南,2023-02-07,5929
2401,凌陽,5,0,5,元富-台南,2023-02-07,5929
2515,中工,5,0,5,元富-台南,2023-02-07,5929
4108,懷特,5,0,5,元富-台南,2023-02-07,5929
4726,永昕,5,0,5,元富-台南,2023-02-07,5929
5258,虹堡,5,0,5,元富-台南,2023-02-07,5929
5465,富驊,5,0,5,元富-台南,2023-02-07,5929
2884,玉山金,162,2,160,元富-台南,2023-02-08,5929
6188,廣明,65,2,63,元富-台南,2023-02-08,5929
1609,大亞,52,0,52,元富-台南,2023-02-08,5929
8171,天宇,49,11,38,元富-台南,2023-02-08,5929
1319,東陽,32,0,32,元富-台南,2023-02-08,5929
5425,台半,32,2,30,元富-台南,2023-02-08,5929
3029,零壹,44,19,25,元富-台南,2023-02-08,5929
00665L,富邦�琤肭磪囓�2,25,0,25,元富-台南,2023-02-08,5929
2312,金寶,21,0,21,元富-台南,2023-02-08,5929
2342,茂矽,20,0,20,元富-台南,2023-02-08,5929
6457,紘康,20,0,20,元富-台南,2023-02-08,5929
6182,合晶,21,3,18,元富-台南,2023-02-08,5929
2634,漢翔,20,4,16,元富-台南,2023-02-08,5929
2027,大成鋼,15,0,15,元富-台南,2023-02-08,5929
2028,威致,15,0,15,元富-台南,2023-02-08,5929
2468,華經,15,0,15,元富-台南,2023-02-08,5929
5258,虹堡,14,0,14,元富-台南,2023-02-08,5929
1513,中興電,37,24,13,元富-台南,2023-02-08,5929
2357,華碩,13,0,13,元富-台南,2023-02-08,5929
3027,盛達,25,12,13,元富-台南,2023-02-08,5929
3264,欣銓,12,0,12,元富-台南,2023-02-08,5929
2481,強茂,12,0,12,元富-台南,2023-02-08,5929
00632R,元大台灣50反1,11,0,11,元富-台南,2023-02-08,5929
2009,第一銅,19,8,11,元富-台南,2023-02-08,5929
6282,康舒,28,17,11,元富-台南,2023-02-08,5929
8349,�矬�,11,0,11,元富-台南,2023-02-08,5929
00688L,國泰20年美債正2,10,0,10,元富-台南,2023-02-08,5929
1417,嘉裕,10,0,10,元富-台南,2023-02-08,5929
1506,正道,10,0,10,元富-台南,2023-02-08,5929
2206,三陽工業,10,0,10,元富-台南,2023-02-08,5929
2236,百達-KY,10,0,10,元富-台南,2023-02-08,5929
3122,笙泉,10,0,10,元富-台南,2023-02-08,5929
5388,中磊,11,1,10,元富-台南,2023-02-08,5929
6223,旺矽,10,0,10,元富-台南,2023-02-08,5929
8429,金麗-KY,10,0,10,元富-台南,2023-02-08,5929
2201,裕隆,14,4,10,元富-台南,2023-02-08,5929
2492,華新科,11,2,9,元富-台南,2023-02-08,5929
3260,威剛,10,1,9,元富-台南,2023-02-08,5929
00900,富邦特選高股息30,13,5,8,元富-台南,2023-02-08,5929
1524,耿鼎,11,3,8,元富-台南,2023-02-08,5929
2421,建準,9,1,8,元富-台南,2023-02-08,5929
3576,聯合再生,20,12,8,元富-台南,2023-02-08,5929
4306,炎洲,8,0,8,元富-台南,2023-02-08,5929
6443,元晶,9,1,8,元富-台南,2023-02-08,5929
2886,兆豐金,6,0,6,元富-台南,2023-02-08,5929
3037,欣興,6,0,6,元富-台南,2023-02-08,5929
00655L,國泰中國A50正2,6,0,6,元富-台南,2023-02-08,5929
3048,益登,6,0,6,元富-台南,2023-02-08,5929
3093,港建*,6,0,6,元富-台南,2023-02-08,5929
3703,欣陸,6,0,6,元富-台南,2023-02-08,5929
2884,玉山金,60,0,60,元富-台南,2023-02-09,5929
00878,國泰永續高股息,58,1,57,元富-台南,2023-02-09,5929
1229,聯華,51,1,50,元富-台南,2023-02-09,5929
8171,天宇,46,1,45,元富-台南,2023-02-09,5929
3027,盛達,47,4,43,元富-台南,2023-02-09,5929
4931,新盛力,65,25,40,元富-台南,2023-02-09,5929
8349,�矬�,40,0,40,元富-台南,2023-02-09,5929
2888,新光金,38,0,38,元富-台南,2023-02-09,5929
5309,系統電,45,11,34,元富-台南,2023-02-09,5929
4128,中天,41,8,33,元富-台南,2023-02-09,5929
2201,裕隆,30,0,30,元富-台南,2023-02-09,5929
1584,精剛,25,0,25,元富-台南,2023-02-09,5929
2492,華新科,24,0,24,元富-台南,2023-02-09,5929
1524,耿鼎,20,2,18,元富-台南,2023-02-09,5929
1321,大洋,17,0,17,元富-台南,2023-02-09,5929
2891,中信金,14,0,14,元富-台南,2023-02-09,5929
2618,長榮航,24,11,13,元富-台南,2023-02-09,5929
6443,元晶,13,0,13,元富-台南,2023-02-09,5929
8227,巨有科技,17,5,12,元富-台南,2023-02-09,5929
0056,元大高股息,11,0,11,元富-台南,2023-02-09,5929
2453,凌群,11,0,11,元富-台南,2023-02-09,5929
3094,聯傑,11,0,11,元富-台南,2023-02-09,5929
5388,中磊,11,0,11,元富-台南,2023-02-09,5929
5425,台半,12,1,11,元富-台南,2023-02-09,5929
1409,新纖,10,0,10,元富-台南,2023-02-09,5929
1440,南紡,10,0,10,元富-台南,2023-02-09,5929
1310,台苯,10,0,10,元富-台南,2023-02-09,5929
2402,毅嘉,10,0,10,元富-台南,2023-02-09,5929
3576,聯合再生,10,0,10,元富-台南,2023-02-09,5929
6138,茂達,16,6,10,元富-台南,2023-02-09,5929
6462,神盾,10,0,10,元富-台南,2023-02-09,5929
00679B,元大美債20年,9,0,9,元富-台南,2023-02-09,5929
1305,華夏,9,0,9,元富-台南,2023-02-09,5929
3508,位速,9,0,9,元富-台南,2023-02-09,5929
2883,凱基金,10,1,9,元富-台南,2023-02-09,5929
2317,鴻海,9,1,8,元富-台南,2023-02-09,5929
2634,漢翔,56,48,8,元富-台南,2023-02-09,5929
3049,精金,10,2,8,元富-台南,2023-02-09,5929
1605,華新,17,10,7,元富-台南,2023-02-09,5929
3265,台星科,8,1,7,元富-台南,2023-02-09,5929
3272,東碩,6,0,6,元富-台南,2023-02-09,5929
6118,建達,6,0,6,元富-台南,2023-02-09,5929
6153,嘉聯益,6,0,6,元富-台南,2023-02-09,5929
8046,南電,6,0,6,元富-台南,2023-02-09,5929
4164,承業醫,10,5,5,元富-台南,2023-02-09,5929
6446,藥華藥,5,0,5,元富-台南,2023-02-09,5929
1795,美時,16,11,5,元富-台南,2023-02-09,5929
2029,盛餘,5,0,5,元富-台南,2023-02-09,5929
2337,旺宏,5,0,5,元富-台南,2023-02-09,5929
2421,建準,6,1,5,元富-台南,2023-02-09,5929
2344,華邦電,44,4,40,元富-台南,2023-02-10,5929
00878,國泰永續高股息,41,1,40,元富-台南,2023-02-10,5929
00679B,元大美債20年,24,0,24,元富-台南,2023-02-10,5929
2888,新光金,23,0,23,元富-台南,2023-02-10,5929
2610,華航,24,3,21,元富-台南,2023-02-10,5929
2618,長榮航,26,6,20,元富-台南,2023-02-10,5929
00720B,元大投資級公司債,19,0,19,元富-台南,2023-02-10,5929
2852,第一保,18,0,18,元富-台南,2023-02-10,5929
1321,大洋,16,0,16,元富-台南,2023-02-10,5929
3303,岱稜,16,0,16,元富-台南,2023-02-10,5929
00665L,富邦�琤肭磪囓�2,15,0,15,元富-台南,2023-02-10,5929
6116,彩晶,15,0,15,元富-台南,2023-02-10,5929
8478,東哥遊艇,15,0,15,元富-台南,2023-02-10,5929
2317,鴻海,19,5,14,元富-台南,2023-02-10,5929
5465,富驊,14,0,14,元富-台南,2023-02-10,5929
6275,元山,21,9,12,元富-台南,2023-02-10,5929
2498,宏達電,23,12,11,元富-台南,2023-02-10,5929
2421,建準,11,0,11,元富-台南,2023-02-10,5929
2801,彰銀,11,0,11,元富-台南,2023-02-10,5929
1513,中興電,23,12,11,元富-台南,2023-02-10,5929
6719,力智,11,1,10,元富-台南,2023-02-10,5929
2609,陽明,12,2,10,元富-台南,2023-02-10,5929
2312,金寶,10,0,10,元富-台南,2023-02-10,5929
2323,中環,10,0,10,元富-台南,2023-02-10,5929
2702,華園,10,0,10,元富-台南,2023-02-10,5929
3094,聯傑,13,3,10,元富-台南,2023-02-10,5929
5258,虹堡,13,3,10,元富-台南,2023-02-10,5929
6865,偉康科技,9,0,9,元富-台南,2023-02-10,5929
2023,燁輝,8,0,8,元富-台南,2023-02-10,5929
4114,健喬,14,6,8,元富-台南,2023-02-10,5929
00885,富邦越南,8,0,8,元富-台南,2023-02-10,5929
2002,中鋼,7,0,7,元富-台南,2023-02-10,5929
2027,大成鋼,7,0,7,元富-台南,2023-02-10,5929
3264,欣銓,7,0,7,元富-台南,2023-02-10,5929
4763,材料-KY,8,1,7,元富-台南,2023-02-10,5929
8996,高力,13,6,7,元富-台南,2023-02-10,5929
4915,致伸,9,3,6,元富-台南,2023-02-10,5929
2409,友達,6,0,6,元富-台南,2023-02-10,5929
00881,國泰台灣5G+,6,0,6,元富-台南,2023-02-10,5929
2328,廣宇,6,0,6,元富-台南,2023-02-10,5929
3036,文曄,6,0,6,元富-台南,2023-02-10,5929
2812,台中銀,5,0,5,元富-台南,2023-02-10,5929
3006,晶豪科,5,0,5,元富-台南,2023-02-10,5929
1314,中石化,5,0,5,元富-台南,2023-02-10,5929
00706L,期元大S＆P日圓正2,5,0,5,元富-台南,2023-02-10,5929
1783,和康生,5,0,5,元富-台南,2023-02-10,5929
3708,上緯投控,5,0,5,元富-台南,2023-02-10,5929
4541,晟田,8,3,5,元富-台南,2023-02-10,5929
4551,智伸科,5,0,5,元富-台南,2023-02-10,5929
6129,普誠,5,0,5,元富-台南,2023-02-10,5929
00878,國泰永續高股息,48,10,38,元富-台南,2023-02-13,5929
3027,盛達,41,6,35,元富-台南,2023-02-13,5929
2634,漢翔,33,2,31,元富-台南,2023-02-13,5929
1513,中興電,93,65,28,元富-台南,2023-02-13,5929
2618,長榮航,27,3,24,元富-台南,2023-02-13,5929
2332,友訊,102,84,18,元富-台南,2023-02-13,5929
5309,系統電,17,0,17,元富-台南,2023-02-13,5929
2201,裕隆,33,18,15,元富-台南,2023-02-13,5929
3029,零壹,35,22,13,元富-台南,2023-02-13,5929
1795,美時,17,4,13,元富-台南,2023-02-13,5929
3481,群創,13,1,12,元富-台南,2023-02-13,5929
00679B,元大美債20年,11,0,11,元富-台南,2023-02-13,5929
2884,玉山金,10,0,10,元富-台南,2023-02-13,5929
00671R,富邦NASDAQ反1,10,0,10,元富-台南,2023-02-13,5929
2102,泰豐,10,0,10,元富-台南,2023-02-13,5929
4747,強生,14,4,10,元富-台南,2023-02-13,5929
3037,欣興,10,1,9,元富-台南,2023-02-13,5929
2609,陽明,19,11,8,元富-台南,2023-02-13,5929
2534,宏盛,8,0,8,元富-台南,2023-02-13,5929
3594,磐儀,8,0,8,元富-台南,2023-02-13,5929
5347,世界,8,0,8,元富-台南,2023-02-13,5929
3289,宜特,10,3,7,元富-台南,2023-02-13,5929
3189,景碩,12,5,7,元富-台南,2023-02-13,5929
1210,大成,7,0,7,元富-台南,2023-02-13,5929
00662,富邦NASDAQ,7,0,7,元富-台南,2023-02-13,5929
2421,建準,7,0,7,元富-台南,2023-02-13,5929
1522,堤維西,6,0,6,元富-台南,2023-02-13,5929
2303,聯電,13,7,6,元富-台南,2023-02-13,5929
2888,新光金,6,0,6,元富-台南,2023-02-13,5929
4130,健亞,6,0,6,元富-台南,2023-02-13,5929
5203,訊連,7,1,6,元富-台南,2023-02-13,5929
0056,元大高股息,6,0,6,元富-台南,2023-02-13,5929
3014,聯陽,5,0,5,元富-台南,2023-02-13,5929
1514,亞力,5,0,5,元富-台南,2023-02-13,5929
2104,國際中橡,5,0,5,元富-台南,2023-02-13,5929
2468,華經,5,0,5,元富-台南,2023-02-13,5929
2832,台產,5,0,5,元富-台南,2023-02-13,5929
6556,勝品,5,0,5,元富-台南,2023-02-13,5929
8033,雷虎,5,0,5,元富-台南,2023-02-13,5929
2882,國泰金,4,0,4,元富-台南,2023-02-13,5929
6719,力智,4,0,4,元富-台南,2023-02-13,5929
00637L,元大滬深300正2,44,40,4,元富-台南,2023-02-13,5929
00780B,國泰A級金融債,4,0,4,元富-台南,2023-02-13,5929
2444,兆勁,4,0,4,元富-台南,2023-02-13,5929
4417,金洲,4,0,4,元富-台南,2023-02-13,5929
6138,茂達,5,1,4,元富-台南,2023-02-13,5929
8222,寶一,29,25,4,元富-台南,2023-02-13,5929
2603,長榮,4,1,3,元富-台南,2023-02-13,5929
00751B,元大AAA至A公司債,3,0,3,元富-台南,2023-02-13,5929
2880,華南金,3,0,3,元富-台南,2023-02-13,5929
00878,國泰永續高股息,58,19,39,元富-台南,2023-02-14,5929
6016,康和證,25,0,25,元富-台南,2023-02-14,5929
6142,友勁,23,0,23,元富-台南,2023-02-14,5929
1609,大亞,21,1,20,元富-台南,2023-02-14,5929
2351,順德,19,1,18,元富-台南,2023-02-14,5929
4116,明基醫,18,0,18,元富-台南,2023-02-14,5929
5309,系統電,18,0,18,元富-台南,2023-02-14,5929
00632R,元大台灣50反1,17,0,17,元富-台南,2023-02-14,5929
2009,第一銅,20,5,15,元富-台南,2023-02-14,5929
1321,大洋,14,0,14,元富-台南,2023-02-14,5929
3260,威剛,21,9,12,元富-台南,2023-02-14,5929
8222,寶一,26,14,12,元富-台南,2023-02-14,5929
6462,神盾,11,0,11,元富-台南,2023-02-14,5929
3029,零壹,11,1,10,元富-台南,2023-02-14,5929
6101,寬魚國際,10,0,10,元富-台南,2023-02-14,5929
1605,華新,43,34,9,元富-台南,2023-02-14,5929
2330,台積電,11,3,8,元富-台南,2023-02-14,5929
00674R,期元大S＆P黃金反1,8,0,8,元富-台南,2023-02-14,5929
2484,希華,10,2,8,元富-台南,2023-02-14,5929
8227,巨有科技,15,8,7,元富-台南,2023-02-14,5929
2884,玉山金,7,0,7,元富-台南,2023-02-14,5929
4114,健喬,19,12,7,元富-台南,2023-02-14,5929
6550,北極星藥業-KY,7,0,7,元富-台南,2023-02-14,5929
2353,宏��,7,1,6,元富-台南,2023-02-14,5929
1513,中興電,48,42,6,元富-台南,2023-02-14,5929
8478,東哥遊艇,11,5,6,元富-台南,2023-02-14,5929
1326,台化,5,0,5,元富-台南,2023-02-14,5929
00882,中信中國高股息,5,0,5,元富-台南,2023-02-14,5929
00633L,富邦上証正2,5,0,5,元富-台南,2023-02-14,5929
2534,宏盛,5,0,5,元富-台南,2023-02-14,5929
2890,永豐金,5,0,5,元富-台南,2023-02-14,5929
6005,群益證,5,0,5,元富-台南,2023-02-14,5929
6123,上奇,10,5,5,元富-台南,2023-02-14,5929
6788,華景電,5,0,5,元富-台南,2023-02-14,5929
8033,雷虎,7,2,5,元富-台南,2023-02-14,5929
00679B,元大美債20年,4,0,4,元富-台南,2023-02-14,5929
6282,康舒,4,0,4,元富-台南,2023-02-14,5929
1810,和成,4,0,4,元富-台南,2023-02-14,5929
2017,官田鋼,5,1,4,元富-台南,2023-02-14,5929
2885,元大金,4,0,4,元富-台南,2023-02-14,5929
3022,威強電,6,2,4,元富-台南,2023-02-14,5929
3059,華晶科,4,0,4,元富-台南,2023-02-14,5929
3264,欣銓,4,0,4,元富-台南,2023-02-14,5929
3704,合勤控,8,4,4,元富-台南,2023-02-14,5929
4915,致伸,5,1,4,元富-台南,2023-02-14,5929
8341,日友,4,0,4,元富-台南,2023-02-14,5929
00891,中信關鍵半導體,4,0,4,元富-台南,2023-02-14,5929
3035,智原,3,0,3,元富-台南,2023-02-14,5929
3289,宜特,3,0,3,元富-台南,2023-02-14,5929
3479,安勤,10,7,3,元富-台南,2023-02-14,5929
00878,國泰永續高股息,74,0,74,元富-台南,2023-02-15,5929
2027,大成鋼,48,10,38,元富-台南,2023-02-15,5929
2891,中信金,30,0,30,元富-台南,2023-02-15,5929
9945,潤泰新,30,0,30,元富-台南,2023-02-15,5929
2867,三商壽,27,0,27,元富-台南,2023-02-15,5929
6123,上奇,25,0,25,元富-台南,2023-02-15,5929
2883,凱基金,22,0,22,元富-台南,2023-02-15,5929
3211,順達,19,0,19,元富-台南,2023-02-15,5929
2317,鴻海,24,7,17,元富-台南,2023-02-15,5929
5309,系統電,24,8,16,元富-台南,2023-02-15,5929
6770,力積電,16,0,16,元富-台南,2023-02-15,5929
5347,世界,14,1,13,元富-台南,2023-02-15,5929
9921,巨大,13,0,13,元富-台南,2023-02-15,5929
3041,揚智,12,0,12,元富-台南,2023-02-15,5929
8349,�矬�,12,0,12,元富-台南,2023-02-15,5929
2882,國泰金,12,0,12,元富-台南,2023-02-15,5929
00905,FT臺灣Smart,10,0,10,元富-台南,2023-02-15,5929
00665L,富邦�琤肭磪囓�2,12,2,10,元富-台南,2023-02-15,5929
4906,正文,10,0,10,元富-台南,2023-02-15,5929
8171,天宇,12,2,10,元富-台南,2023-02-15,5929
6509,聚和,10,0,10,元富-台南,2023-02-15,5929
3260,威剛,9,0,9,元富-台南,2023-02-15,5929
2330,台積電,22,14,8,元富-台南,2023-02-15,5929
0050,元大台灣50,8,0,8,元富-台南,2023-02-15,5929
2618,長榮航,7,0,7,元富-台南,2023-02-15,5929
6806,森崴能源,8,1,7,元富-台南,2023-02-15,5929
6472,保瑞,11,4,7,元富-台南,2023-02-15,5929
2534,宏盛,7,0,7,元富-台南,2023-02-15,5929
2886,兆豐金,7,0,7,元富-台南,2023-02-15,5929
00900,富邦特選高股息30,6,0,6,元富-台南,2023-02-15,5929
2884,玉山金,6,0,6,元富-台南,2023-02-15,5929
00715L,期街口布蘭特正2,8,2,6,元富-台南,2023-02-15,5929
00907,永豐優息存股,6,0,6,元富-台南,2023-02-15,5929
4116,明基醫,6,0,6,元富-台南,2023-02-15,5929
6719,力智,7,2,5,元富-台南,2023-02-15,5929
1305,華夏,8,3,5,元富-台南,2023-02-15,5929
2881,富邦金,5,0,5,元富-台南,2023-02-15,5929
3680,家登,5,0,5,元富-台南,2023-02-15,5929
8358,金居,7,2,5,元富-台南,2023-02-15,5929
00706L,期元大S＆P日圓正2,5,0,5,元富-台南,2023-02-15,5929
2405,輔信,5,0,5,元富-台南,2023-02-15,5929
2535,達欣工,5,0,5,元富-台南,2023-02-15,5929
5512,力麒,5,0,5,元富-台南,2023-02-15,5929
8046,南電,5,0,5,元富-台南,2023-02-15,5929
3105,穩懋,4,0,4,元富-台南,2023-02-15,5929
6235,華孚,8,4,4,元富-台南,2023-02-15,5929
00692,富邦公司治理,5,1,4,元富-台南,2023-02-15,5929
2915,潤泰全,5,1,4,元富-台南,2023-02-15,5929
3014,聯陽,4,0,4,元富-台南,2023-02-15,5929
3548,兆利,4,0,4,元富-台南,2023-02-15,5929
2332,友訊,92,3,89,元富-台南,2023-02-16,5929
6016,康和證,34,0,34,元富-台南,2023-02-16,5929
8171,天宇,32,0,32,元富-台南,2023-02-16,5929
00878,國泰永續高股息,29,0,29,元富-台南,2023-02-16,5929
2618,長榮航,59,35,24,元富-台南,2023-02-16,5929
3189,景碩,25,1,24,元富-台南,2023-02-16,5929
00679B,元大美債20年,24,0,24,元富-台南,2023-02-16,5929
2607,榮運,20,0,20,元富-台南,2023-02-16,5929
6123,上奇,20,0,20,元富-台南,2023-02-16,5929
2337,旺宏,21,1,20,元富-台南,2023-02-16,5929
2375,凱美,20,1,19,元富-台南,2023-02-16,5929
2734,易飛網,19,0,19,元富-台南,2023-02-16,5929
2888,新光金,19,0,19,元富-台南,2023-02-16,5929
3617,碩天,16,0,16,元富-台南,2023-02-16,5929
2425,承啟,16,3,13,元富-台南,2023-02-16,5929
2743,山富,11,0,11,元富-台南,2023-02-16,5929
5905,南仁湖,11,0,11,元富-台南,2023-02-16,5929
2492,華新科,13,2,11,元富-台南,2023-02-16,5929
00900,富邦特選高股息30,11,1,10,元富-台南,2023-02-16,5929
00893,國泰智能電動車,17,7,10,元富-台南,2023-02-16,5929
3494,誠研,10,0,10,元富-台南,2023-02-16,5929
5328,華容,10,0,10,元富-台南,2023-02-16,5929
8215,明基材,10,0,10,元富-台南,2023-02-16,5929
2883,凱基金,50,41,9,元富-台南,2023-02-16,5929
00632R,元大台灣50反1,9,0,9,元富-台南,2023-02-16,5929
1609,大亞,29,20,9,元富-台南,2023-02-16,5929
3027,盛達,32,23,9,元富-台南,2023-02-16,5929
5309,系統電,9,0,9,元富-台南,2023-02-16,5929
6217,中探針,10,1,9,元富-台南,2023-02-16,5929
2886,兆豐金,13,5,8,元富-台南,2023-02-16,5929
8222,寶一,32,24,8,元富-台南,2023-02-16,5929
2534,宏盛,7,0,7,元富-台南,2023-02-16,5929
3265,台星科,7,0,7,元富-台南,2023-02-16,5929
3037,欣興,12,6,6,元富-台南,2023-02-16,5929
00772B,中信高評級公司債,6,0,6,元富-台南,2023-02-16,5929
3058,立德,6,0,6,元富-台南,2023-02-16,5929
3564,其陽,6,0,6,元富-台南,2023-02-16,5929
4904,遠傳,6,0,6,元富-台南,2023-02-16,5929
5347,世界,6,0,6,元富-台南,2023-02-16,5929
5353,台林,6,0,6,元富-台南,2023-02-16,5929
00907,永豐優息存股,5,0,5,元富-台南,2023-02-16,5929
00706L,期元大S＆P日圓正2,5,0,5,元富-台南,2023-02-16,5929
1611,中電,12,7,5,元富-台南,2023-02-16,5929
2354,鴻準,5,0,5,元富-台南,2023-02-16,5929
3297,杭特,5,0,5,元富-台南,2023-02-16,5929
5498,凱崴,5,0,5,元富-台南,2023-02-16,5929
6005,群益證,5,0,5,元富-台南,2023-02-16,5929
6120,達運,5,0,5,元富-台南,2023-02-16,5929
9907,統一實,5,0,5,元富-台南,2023-02-16,5929
0056,元大高股息,6,2,4,元富-台南,2023-02-16,5929
2618,長榮航,143,8,135,元富-台南,2023-02-17,5929
00680L,元大美債20正2,51,0,51,元富-台南,2023-02-17,5929
00688L,國泰20年美債正2,50,0,50,元富-台南,2023-02-17,5929
2484,希華,43,5,38,元富-台南,2023-02-17,5929
3265,台星科,28,1,27,元富-台南,2023-02-17,5929
00665L,富邦�琤肭磪囓�2,30,5,25,元富-台南,2023-02-17,5929
1519,華城,27,4,23,元富-台南,2023-02-17,5929
6116,彩晶,22,0,22,元富-台南,2023-02-17,5929
6123,上奇,21,0,21,元富-台南,2023-02-17,5929
1432,大魯閣,20,0,20,元富-台南,2023-02-17,5929
6113,亞矽,20,0,20,元富-台南,2023-02-17,5929
00679B,元大美債20年,18,0,18,元富-台南,2023-02-17,5929
0056,元大高股息,18,0,18,元富-台南,2023-02-17,5929
00673R,期元大S＆P原油反1,17,0,17,元富-台南,2023-02-17,5929
6245,立端,20,4,16,元富-台南,2023-02-17,5929
1609,大亞,16,2,14,元富-台南,2023-02-17,5929
2027,大成鋼,13,0,13,元富-台南,2023-02-17,5929
5309,系統電,13,0,13,元富-台南,2023-02-17,5929
2201,裕隆,33,20,13,元富-台南,2023-02-17,5929
6282,康舒,15,3,12,元富-台南,2023-02-17,5929
3006,晶豪科,11,0,11,元富-台南,2023-02-17,5929
6217,中探針,12,1,11,元富-台南,2023-02-17,5929
2701,萬企,10,0,10,元富-台南,2023-02-17,5929
6016,康和證,10,0,10,元富-台南,2023-02-17,5929
6509,聚和,10,0,10,元富-台南,2023-02-17,5929
2371,大同,10,1,9,元富-台南,2023-02-17,5929
5203,訊連,12,3,9,元富-台南,2023-02-17,5929
3014,聯陽,7,0,7,元富-台南,2023-02-17,5929
4564,元翎,7,0,7,元富-台南,2023-02-17,5929
00893,國泰智能電動車,10,4,6,元富-台南,2023-02-17,5929
2329,華泰,6,0,6,元富-台南,2023-02-17,5929
00772B,中信高評級公司債,6,0,6,元富-台南,2023-02-17,5929
8261,富鼎,7,2,5,元富-台南,2023-02-17,5929
3037,欣興,6,1,5,元富-台南,2023-02-17,5929
00692,富邦公司治理,5,0,5,元富-台南,2023-02-17,5929
00740B,富邦全球投等債,5,0,5,元富-台南,2023-02-17,5929
00773B,中信優先金融債,5,0,5,元富-台南,2023-02-17,5929
00682U,期元大美元指數,5,0,5,元富-台南,2023-02-17,5929
1795,美時,10,5,5,元富-台南,2023-02-17,5929
2468,華經,7,2,5,元富-台南,2023-02-17,5929
2540,愛山林,5,0,5,元富-台南,2023-02-17,5929
3357,臺慶科,5,0,5,元富-台南,2023-02-17,5929
3447,展達,5,0,5,元富-台南,2023-02-17,5929
4163,鐿鈦,5,0,5,元富-台南,2023-02-17,5929
6188,廣明,5,0,5,元富-台南,2023-02-17,5929
6594,展匯科,5,0,5,元富-台南,2023-02-17,5929
3481,群創,34,30,4,元富-台南,2023-02-17,5929
00900,富邦特選高股息30,4,0,4,元富-台南,2023-02-17,5929
8033,雷虎,5,1,4,元富-台南,2023-02-17,5929
00633L,富邦上証正2,5,1,4,元富-台南,2023-02-17,5929
6282,康舒,132,7,125,元富-台南,2023-02-20,5929
2929,淘帝-KY,100,0,100,元富-台南,2023-02-20,5929
8215,明基材,101,12,89,元富-台南,2023-02-20,5929
2340,台亞,65,1,64,元富-台南,2023-02-20,5929
4148,全宇生技-KY,42,0,42,元富-台南,2023-02-20,5929
2618,長榮航,39,9,30,元富-台南,2023-02-20,5929
3211,順達,30,0,30,元富-台南,2023-02-20,5929
2317,鴻海,32,8,24,元富-台南,2023-02-20,5929
8227,巨有科技,22,0,22,元富-台南,2023-02-20,5929
2634,漢翔,28,7,21,元富-台南,2023-02-20,5929
6104,創惟,20,2,18,元富-台南,2023-02-20,5929
00673R,期元大S＆P原油反1,17,0,17,元富-台南,2023-02-20,5929
2419,仲琦,17,0,17,元富-台南,2023-02-20,5929
8033,雷虎,22,5,17,元富-台南,2023-02-20,5929
00706L,期元大S＆P日圓正2,15,0,15,元富-台南,2023-02-20,5929
2897,王道銀行,15,0,15,元富-台南,2023-02-20,5929
2368,金像電,20,6,14,元富-台南,2023-02-20,5929
6116,彩晶,14,0,14,元富-台南,2023-02-20,5929
2884,玉山金,15,1,14,元富-台南,2023-02-20,5929
5289,宜鼎,12,0,12,元富-台南,2023-02-20,5929
00633L,富邦上証正2,11,0,11,元富-台南,2023-02-20,5929
1229,聯華,10,0,10,元富-台南,2023-02-20,5929
2030,彰源,11,1,10,元富-台南,2023-02-20,5929
3178,公準,10,0,10,元富-台南,2023-02-20,5929
5284,jpp-KY,11,1,10,元富-台南,2023-02-20,5929
6188,廣明,10,0,10,元富-台南,2023-02-20,5929
6290,良維,11,1,10,元富-台南,2023-02-20,5929
00878,國泰永續高股息,10,0,10,元富-台南,2023-02-20,5929
2534,宏盛,8,0,8,元富-台南,2023-02-20,5929
3029,零壹,10,2,8,元富-台南,2023-02-20,5929
6719,力智,8,1,7,元富-台南,2023-02-20,5929
6461,益得,7,0,7,元富-台南,2023-02-20,5929
4931,新盛力,7,0,7,元富-台南,2023-02-20,5929
4162,智擎,6,0,6,元富-台南,2023-02-20,5929
1503,士電,7,1,6,元富-台南,2023-02-20,5929
3037,欣興,6,0,6,元富-台南,2023-02-20,5929
6245,立端,10,4,6,元富-台南,2023-02-20,5929
3062,建漢,6,0,6,元富-台南,2023-02-20,5929
2375,凱美,7,1,6,元富-台南,2023-02-20,5929
2883,凱基金,6,1,5,元富-台南,2023-02-20,5929
00893,國泰智能電動車,5,0,5,元富-台南,2023-02-20,5929
00891,中信關鍵半導體,5,0,5,元富-台南,2023-02-20,5929
1529,樂事綠能,7,2,5,元富-台南,2023-02-20,5929
1762,中化生,5,0,5,元富-台南,2023-02-20,5929
2455,全新,5,0,5,元富-台南,2023-02-20,5929
4168,醣聯,5,0,5,元富-台南,2023-02-20,5929
4707,磐亞,5,0,5,元富-台南,2023-02-20,5929
6125,廣運,5,0,5,元富-台南,2023-02-20,5929
1473,台南,5,0,5,元富-台南,2023-02-20,5929
2881,富邦金,6,1,5,元富-台南,2023-02-20,5929
2610,華航,79,10,69,元富-台南,2023-02-21,5929
2618,長榮航,62,4,58,元富-台南,2023-02-21,5929
2884,玉山金,44,2,42,元富-台南,2023-02-21,5929
2457,飛宏,62,22,40,元富-台南,2023-02-21,5929
2891,中信金,42,5,37,元富-台南,2023-02-21,5929
4903,聯光通,33,0,33,元富-台南,2023-02-21,5929
2634,漢翔,32,7,25,元富-台南,2023-02-21,5929
2603,長榮,30,6,24,元富-台南,2023-02-21,5929
2208,台船,37,15,22,元富-台南,2023-02-21,5929
2368,金像電,21,0,21,元富-台南,2023-02-21,5929
00665L,富邦�琤肭磪囓�2,17,0,17,元富-台南,2023-02-21,5929
00751B,元大AAA至A公司債,16,0,16,元富-台南,2023-02-21,5929
3006,晶豪科,15,0,15,元富-台南,2023-02-21,5929
1236,宏亞,15,0,15,元富-台南,2023-02-21,5929
2832,台產,12,0,12,元富-台南,2023-02-21,5929
00921,兆豐龍頭等權重,10,0,10,元富-台南,2023-02-21,5929
1784,訊聯,10,0,10,元富-台南,2023-02-21,5929
2387,精元,10,0,10,元富-台南,2023-02-21,5929
2402,毅嘉,10,0,10,元富-台南,2023-02-21,5929
2883,凱基金,10,0,10,元富-台南,2023-02-21,5929
2892,第一金,10,0,10,元富-台南,2023-02-21,5929
4915,致伸,10,0,10,元富-台南,2023-02-21,5929
6505,台塑化,10,0,10,元富-台南,2023-02-21,5929
8021,尖點,10,0,10,元富-台南,2023-02-21,5929
2337,旺宏,10,1,9,元富-台南,2023-02-21,5929
2415,錩新,9,0,9,元富-台南,2023-02-21,5929
2535,達欣工,8,0,8,元富-台南,2023-02-21,5929
2614,東森,8,0,8,元富-台南,2023-02-21,5929
2734,易飛網,8,0,8,元富-台南,2023-02-21,5929
5512,力麒,11,3,8,元富-台南,2023-02-21,5929
6223,旺矽,8,0,8,元富-台南,2023-02-21,5929
5202,力新,7,0,7,元富-台南,2023-02-21,5929
00878,國泰永續高股息,60,53,7,元富-台南,2023-02-21,5929
1432,大魯閣,6,0,6,元富-台南,2023-02-21,5929
3058,立德,6,0,6,元富-台南,2023-02-21,5929
5706,鳳凰,6,0,6,元富-台南,2023-02-21,5929
3037,欣興,5,0,5,元富-台南,2023-02-21,5929
1708,東鹼,5,0,5,元富-台南,2023-02-21,5929
00633L,富邦上証正2,5,0,5,元富-台南,2023-02-21,5929
2809,京城銀,5,0,5,元富-台南,2023-02-21,5929
3419,譁裕,5,0,5,元富-台南,2023-02-21,5929
3438,類比科,5,0,5,元富-台南,2023-02-21,5929
4562,穎漢,5,0,5,元富-台南,2023-02-21,5929
5425,台半,25,20,5,元富-台南,2023-02-21,5929
6482,弘煜科,5,0,5,元富-台南,2023-02-21,5929
8097,常珵,5,0,5,元富-台南,2023-02-21,5929
8936,國統,12,7,5,元富-台南,2023-02-21,5929
2201,裕隆,23,19,4,元富-台南,2023-02-21,5929
1560,中砂,4,0,4,元富-台南,2023-02-21,5929
2027,大成鋼,5,1,4,元富-台南,2023-02-21,5929
2637,慧洋-KY,163,5,158,元富-台南,2023-02-22,5929
2610,華航,115,9,106,元富-台南,2023-02-22,5929
2618,長榮航,72,14,58,元富-台南,2023-02-22,5929
8215,明基材,49,0,49,元富-台南,2023-02-22,5929
00878,國泰永續高股息,45,5,40,元富-台南,2023-02-22,5929
5309,系統電,40,1,39,元富-台南,2023-02-22,5929
2303,聯電,37,0,37,元富-台南,2023-02-22,5929
3037,欣興,37,2,35,元富-台南,2023-02-22,5929
8171,天宇,35,0,35,元富-台南,2023-02-22,5929
2929,淘帝-KY,25,0,25,元富-台南,2023-02-22,5929
1617,榮星,20,0,20,元富-台南,2023-02-22,5929
2534,宏盛,21,1,20,元富-台南,2023-02-22,5929
8271,宇瞻,20,0,20,元富-台南,2023-02-22,5929
6143,振曜,17,0,17,元富-台南,2023-02-22,5929
1513,中興電,42,27,15,元富-台南,2023-02-22,5929
8936,國統,25,12,13,元富-台南,2023-02-22,5929
1522,堤維西,11,0,11,元富-台南,2023-02-22,5929
2027,大成鋼,11,0,11,元富-台南,2023-02-22,5929
5425,台半,25,14,11,元富-台南,2023-02-22,5929
00900,富邦特選高股息30,10,0,10,元富-台南,2023-02-22,5929
1104,環泥,10,0,10,元富-台南,2023-02-22,5929
1467,南緯,10,0,10,元富-台南,2023-02-22,5929
3432,台端,10,0,10,元富-台南,2023-02-22,5929
6188,廣明,15,5,10,元富-台南,2023-02-22,5929
8478,東哥遊艇,11,2,9,元富-台南,2023-02-22,5929
1584,精剛,14,5,9,元富-台南,2023-02-22,5929
6116,彩晶,10,1,9,元富-台南,2023-02-22,5929
00893,國泰智能電動車,12,4,8,元富-台南,2023-02-22,5929
2883,凱基金,8,0,8,元富-台南,2023-02-22,5929
0050,元大台灣50,7,0,7,元富-台南,2023-02-22,5929
6770,力積電,8,2,6,元富-台南,2023-02-22,5929
3035,智原,9,3,6,元富-台南,2023-02-22,5929
6531,愛普*,6,0,6,元富-台南,2023-02-22,5929
00897,富邦基因免疫生技,6,0,6,元富-台南,2023-02-22,5929
2356,英業達,10,4,6,元富-台南,2023-02-22,5929
3169,亞信,6,0,6,元富-台南,2023-02-22,5929
8105,凌巨,6,0,6,元富-台南,2023-02-22,5929
2301,光寶科,6,0,6,元富-台南,2023-02-22,5929
2330,台積電,6,1,5,元富-台南,2023-02-22,5929
3665,貿聯-KY,5,0,5,元富-台南,2023-02-22,5929
00712,復華富時不動產,5,0,5,元富-台南,2023-02-22,5929
2891,中信金,5,0,5,元富-台南,2023-02-22,5929
00715L,期街口布蘭特正2,5,0,5,元富-台南,2023-02-22,5929
2308,台達電,5,0,5,元富-台南,2023-02-22,5929
4747,強生,5,0,5,元富-台南,2023-02-22,5929
6165,浪凡,12,7,5,元富-台南,2023-02-22,5929
00751B,元大AAA至A公司債,4,0,4,元富-台南,2023-02-22,5929
6205,詮欣,4,0,4,元富-台南,2023-02-22,5929
3034,聯詠,6,2,4,元富-台南,2023-02-22,5929
00665L,富邦�琤肭磪囓�2,34,30,4,元富-台南,2023-02-22,5929
3481,群創,62,21,41,元富-台南,2023-02-23,5929
2610,華航,38,1,37,元富-台南,2023-02-23,5929
00751B,元大AAA至A公司債,32,0,32,元富-台南,2023-02-23,5929
00715L,期街口布蘭特正2,24,0,24,元富-台南,2023-02-23,5929
6143,振曜,23,3,20,元富-台南,2023-02-23,5929
5309,系統電,18,1,17,元富-台南,2023-02-23,5929
2883,凱基金,15,0,15,元富-台南,2023-02-23,5929
911868,同方友友-DR,15,0,15,元富-台南,2023-02-23,5929
1108,幸福,14,0,14,元富-台南,2023-02-23,5929
00632R,元大台灣50反1,13,0,13,元富-台南,2023-02-23,5929
2409,友達,14,1,13,元富-台南,2023-02-23,5929
3037,欣興,20,8,12,元富-台南,2023-02-23,5929
5258,虹堡,25,13,12,元富-台南,2023-02-23,5929
6733,博晟生醫,12,0,12,元富-台南,2023-02-23,5929
1444,力麗,13,2,11,元富-台南,2023-02-23,5929
00885,富邦越南,11,0,11,元富-台南,2023-02-23,5929
1609,大亞,11,0,11,元富-台南,2023-02-23,5929
2030,彰源,11,0,11,元富-台南,2023-02-23,5929
3052,夆典,11,0,11,元富-台南,2023-02-23,5929
2031,新光鋼,10,0,10,元富-台南,2023-02-23,5929
00713,元大台灣高息低波,10,0,10,元富-台南,2023-02-23,5929
1229,聯華,10,0,10,元富-台南,2023-02-23,5929
2337,旺宏,10,0,10,元富-台南,2023-02-23,5929
2344,華邦電,11,1,10,元富-台南,2023-02-23,5929
3017,奇鋐,17,7,10,元富-台南,2023-02-23,5929
6556,勝品,10,0,10,元富-台南,2023-02-23,5929
1598,岱宇,10,1,9,元富-台南,2023-02-23,5929
6182,合晶,13,4,9,元富-台南,2023-02-23,5929
6865,偉康科技,9,0,9,元富-台南,2023-02-23,5929
8171,天宇,26,17,9,元富-台南,2023-02-23,5929
1514,亞力,9,1,8,元富-台南,2023-02-23,5929
3576,聯合再生,8,0,8,元富-台南,2023-02-23,5929
00878,國泰永續高股息,10,2,8,元富-台南,2023-02-23,5929
8033,雷虎,15,8,7,元富-台南,2023-02-23,5929
5475,德宏,6,0,6,元富-台南,2023-02-23,5929
8383,千附,6,0,6,元富-台南,2023-02-23,5929
1310,台苯,6,0,6,元富-台南,2023-02-23,5929
6770,力積電,5,0,5,元富-台南,2023-02-23,5929
1733,五鼎,5,0,5,元富-台南,2023-02-23,5929
2368,金像電,6,1,5,元富-台南,2023-02-23,5929
2419,仲琦,5,0,5,元富-台南,2023-02-23,5929
2515,中工,5,0,5,元富-台南,2023-02-23,5929
2705,六福,6,1,5,元富-台南,2023-02-23,5929
3027,盛達,7,2,5,元富-台南,2023-02-23,5929
3577,泓格,5,0,5,元富-台南,2023-02-23,5929
3707,漢磊,5,0,5,元富-台南,2023-02-23,5929
8050,廣積,5,0,5,元富-台南,2023-02-23,5929
8358,金居,7,2,5,元富-台南,2023-02-23,5929
8936,國統,11,6,5,元富-台南,2023-02-23,5929
2303,聯電,12,8,4,元富-台南,2023-02-23,5929
2610,華航,716,1,715,元富-台南,2023-02-24,5929
2498,宏達電,192,27,165,元富-台南,2023-02-24,5929
2332,友訊,100,50,50,元富-台南,2023-02-24,5929
3706,神達,40,1,39,元富-台南,2023-02-24,5929
5309,系統電,46,8,38,元富-台南,2023-02-24,5929
00878,國泰永續高股息,47,10,37,元富-台南,2023-02-24,5929
6733,博晟生醫,49,12,37,元富-台南,2023-02-24,5929
5608,四維航,49,18,31,元富-台南,2023-02-24,5929
00665L,富邦�琤肭磪囓�2,29,0,29,元富-台南,2023-02-24,5929
1605,華新,51,22,29,元富-台南,2023-02-24,5929
3491,昇達科,29,3,26,元富-台南,2023-02-24,5929
5512,力麒,17,0,17,元富-台南,2023-02-24,5929
6443,元晶,16,0,16,元富-台南,2023-02-24,5929
2883,凱基金,13,0,13,元富-台南,2023-02-24,5929
2468,華經,20,7,13,元富-台南,2023-02-24,5929
6016,康和證,12,0,12,元富-台南,2023-02-24,5929
1467,南緯,11,0,11,元富-台南,2023-02-24,5929
8436,大江,12,1,11,元富-台南,2023-02-24,5929
6143,振曜,14,3,11,元富-台南,2023-02-24,5929
1806,冠軍,10,0,10,元富-台南,2023-02-24,5929
3419,譁裕,10,0,10,元富-台南,2023-02-24,5929
4942,嘉彰,10,0,10,元富-台南,2023-02-24,5929
5439,高技,10,0,10,元富-台南,2023-02-24,5929
6245,立端,12,2,10,元富-台南,2023-02-24,5929
4147,中裕,10,1,9,元富-台南,2023-02-24,5929
4915,致伸,16,7,9,元富-台南,2023-02-24,5929
2457,飛宏,10,2,8,元富-台南,2023-02-24,5929
3027,盛達,42,34,8,元富-台南,2023-02-24,5929
3515,華擎,8,0,8,元富-台南,2023-02-24,5929
4747,強生,8,0,8,元富-台南,2023-02-24,5929
00632R,元大台灣50反1,15,8,7,元富-台南,2023-02-24,5929
00712,復華富時不動產,7,0,7,元富-台南,2023-02-24,5929
3169,亞信,7,0,7,元富-台南,2023-02-24,5929
6148,驊宏資,7,0,7,元富-台南,2023-02-24,5929
6290,良維,7,0,7,元富-台南,2023-02-24,5929
9945,潤泰新,10,3,7,元富-台南,2023-02-24,5929
3661,世芯-KY,6,0,6,元富-台南,2023-02-24,5929
4919,新唐,6,0,6,元富-台南,2023-02-24,5929
00637L,元大滬深300正2,108,102,6,元富-台南,2023-02-24,5929
2542,興富發,6,0,6,元富-台南,2023-02-24,5929
2601,益航,35,29,6,元富-台南,2023-02-24,5929
4968,立積,6,0,6,元富-台南,2023-02-24,5929
6182,合晶,10,4,6,元富-台南,2023-02-24,5929
6288,聯嘉,6,0,6,元富-台南,2023-02-24,5929
6531,愛普*,14,8,6,元富-台南,2023-02-24,5929
6570,維田,19,13,6,元富-台南,2023-02-24,5929
00772B,中信高評級公司債,5,0,5,元富-台南,2023-02-24,5929
2461,光群雷,5,0,5,元富-台南,2023-02-24,5929
2534,宏盛,5,0,5,元富-台南,2023-02-24,5929
2323,中環,5,0,5,元富-台南,2023-02-24,5929
2409,友達,100,14,86,元富-台南,2023-03-01,5929
00878,國泰永續高股息,53,4,49,元富-台南,2023-03-01,5929
5309,系統電,40,1,39,元富-台南,2023-03-01,5929
1513,中興電,40,5,35,元富-台南,2023-03-01,5929
2618,長榮航,38,3,35,元富-台南,2023-03-01,5929
2812,台中銀,51,20,31,元富-台南,2023-03-01,5929
1608,華榮,30,0,30,元富-台南,2023-03-01,5929
2328,廣宇,30,1,29,元富-台南,2023-03-01,5929
2891,中信金,44,15,29,元富-台南,2023-03-01,5929
00688L,國泰20年美債正2,25,0,25,元富-台南,2023-03-01,5929
2601,益航,144,122,22,元富-台南,2023-03-01,5929
2014,中鴻,28,7,21,元富-台南,2023-03-01,5929
6290,良維,20,0,20,元富-台南,2023-03-01,5929
2002,中鋼,21,2,19,元富-台南,2023-03-01,5929
1605,華新,74,56,18,元富-台南,2023-03-01,5929
2610,華航,19,4,15,元富-台南,2023-03-01,5929
00683L,期元大美元指正2,15,0,15,元富-台南,2023-03-01,5929
3454,晶睿,15,0,15,元富-台南,2023-03-01,5929
2883,凱基金,43,30,13,元富-台南,2023-03-01,5929
1519,華城,12,0,12,元富-台南,2023-03-01,5929
00680L,元大美債20正2,11,0,11,元富-台南,2023-03-01,5929
2605,新興,13,3,10,元富-台南,2023-03-01,5929
3548,兆利,10,0,10,元富-台南,2023-03-01,5929
4923,力士,10,0,10,元富-台南,2023-03-01,5929
5706,鳳凰,10,0,10,元富-台南,2023-03-01,5929
9945,潤泰新,10,0,10,元富-台南,2023-03-01,5929
3380,明泰,10,1,9,元富-台南,2023-03-01,5929
6541,泰福-KY,9,0,9,元富-台南,2023-03-01,5929
3037,欣興,27,19,8,元富-台南,2023-03-01,5929
3653,健策,10,2,8,元富-台南,2023-03-01,5929
5512,力麒,8,0,8,元富-台南,2023-03-01,5929
8213,志超,8,0,8,元富-台南,2023-03-01,5929
2027,大成鋼,9,1,8,元富-台南,2023-03-01,5929
2206,三陽工業,7,0,7,元富-台南,2023-03-01,5929
2606,裕民,7,0,7,元富-台南,2023-03-01,5929
4931,新盛力,8,1,7,元富-台南,2023-03-01,5929
1101,台泥,12,6,6,元富-台南,2023-03-01,5929
2412,中華電,6,0,6,元富-台南,2023-03-01,5929
3714,富采,6,0,6,元富-台南,2023-03-01,5929
00885,富邦越南,6,0,6,元富-台南,2023-03-01,5929
1712,興農,6,0,6,元富-台南,2023-03-01,5929
00715L,期街口布蘭特正2,7,1,6,元富-台南,2023-03-01,5929
1504,東元,6,0,6,元富-台南,2023-03-01,5929
2030,彰源,10,4,6,元富-台南,2023-03-01,5929
3617,碩天,6,0,6,元富-台南,2023-03-01,5929
6235,華孚,8,2,6,元富-台南,2023-03-01,5929
8996,高力,8,2,6,元富-台南,2023-03-01,5929
1104,環泥,5,0,5,元富-台南,2023-03-01,5929
1236,宏亞,5,0,5,元富-台南,2023-03-01,5929
00706L,期元大S＆P日圓正2,5,0,5,元富-台南,2023-03-01,5929
00632R,元大台灣50反1,451,11,440,元富-台南,2023-03-02,5929
5608,四維航,105,27,78,元富-台南,2023-03-02,5929
2834,臺企銀,60,2,58,元富-台南,2023-03-02,5929
4915,致伸,62,5,57,元富-台南,2023-03-02,5929
3362,先進光,63,17,46,元富-台南,2023-03-02,5929
00878,國泰永續高股息,50,10,40,元富-台南,2023-03-02,5929
3027,盛達,56,18,38,元富-台南,2023-03-02,5929
2892,第一金,32,0,32,元富-台南,2023-03-02,5929
6116,彩晶,29,0,29,元富-台南,2023-03-02,5929
8112,至上,38,10,28,元富-台南,2023-03-02,5929
1506,正道,25,0,25,元富-台南,2023-03-02,5929
2891,中信金,24,0,24,元富-台南,2023-03-02,5929
3481,群創,25,1,24,元富-台南,2023-03-02,5929
00712,復華富時不動產,21,0,21,元富-台南,2023-03-02,5929
00772B,中信高評級公司債,13,0,13,元富-台南,2023-03-02,5929
00680L,元大美債20正2,13,0,13,元富-台南,2023-03-02,5929
1709,和益,13,0,13,元富-台南,2023-03-02,5929
2303,聯電,13,1,12,元富-台南,2023-03-02,5929
1605,華新,19,8,11,元富-台南,2023-03-02,5929
5309,系統電,11,0,11,元富-台南,2023-03-02,5929
2888,新光金,12,2,10,元富-台南,2023-03-02,5929
00773B,中信優先金融債,11,1,10,元富-台南,2023-03-02,5929
00688L,國泰20年美債正2,10,0,10,元富-台南,2023-03-02,5929
2371,大同,10,0,10,元富-台南,2023-03-02,5929
3594,磐儀,10,0,10,元富-台南,2023-03-02,5929
4532,瑞智,10,0,10,元富-台南,2023-03-02,5929
6266,泰詠,10,0,10,元富-台南,2023-03-02,5929
00720B,元大投資級公司債,9,0,9,元富-台南,2023-03-02,5929
3141,晶宏,9,0,9,元富-台南,2023-03-02,5929
2201,裕隆,10,1,9,元富-台南,2023-03-02,5929
4747,強生,8,0,8,元富-台南,2023-03-02,5929
4904,遠傳,8,0,8,元富-台南,2023-03-02,5929
00751B,元大AAA至A公司債,7,0,7,元富-台南,2023-03-02,5929
3419,譁裕,11,4,7,元富-台南,2023-03-02,5929
2603,長榮,9,2,7,元富-台南,2023-03-02,5929
3338,泰碩,6,0,6,元富-台南,2023-03-02,5929
5512,力麒,9,3,6,元富-台南,2023-03-02,5929
5706,鳳凰,6,0,6,元富-台南,2023-03-02,5929
6143,振曜,6,0,6,元富-台南,2023-03-02,5929
6741,91APP*-KY,6,1,5,元富-台南,2023-03-02,5929
3702,大聯大,5,0,5,元富-台南,2023-03-02,5929
00919,群益台灣精選高息,5,0,5,元富-台南,2023-03-02,5929
00903,富邦元宇宙,5,0,5,元富-台南,2023-03-02,5929
00665L,富邦�琤肭磪囓�2,6,1,5,元富-台南,2023-03-02,5929
2337,旺宏,20,15,5,元富-台南,2023-03-02,5929
2484,希華,5,0,5,元富-台南,2023-03-02,5929
5285,界霖,5,0,5,元富-台南,2023-03-02,5929
2881,富邦金,4,0,4,元富-台南,2023-03-02,5929
2340,台亞,4,0,4,元富-台南,2023-03-02,5929
1326,台化,4,0,4,元富-台南,2023-03-02,5929
2883,凱基金,70,9,61,元富-台南,2023-03-03,5929
2845,遠東銀,72,20,52,元富-台南,2023-03-03,5929
2834,臺企銀,41,2,39,元富-台南,2023-03-03,5929
00632R,元大台灣50反1,36,0,36,元富-台南,2023-03-03,5929
2603,長榮,41,7,34,元富-台南,2023-03-03,5929
00713,元大台灣高息低波,22,0,22,元富-台南,2023-03-03,5929
2449,京元電子,39,18,21,元富-台南,2023-03-03,5929
5353,台林,21,0,21,元富-台南,2023-03-03,5929
00712,復華富時不動產,20,0,20,元富-台南,2023-03-03,5929
2867,三商壽,20,0,20,元富-台南,2023-03-03,5929
8215,明基材,20,0,20,元富-台南,2023-03-03,5929
3380,明泰,18,0,18,元富-台南,2023-03-03,5929
1605,華新,23,7,16,元富-台南,2023-03-03,5929
6245,立端,31,15,16,元富-台南,2023-03-03,5929
2609,陽明,27,12,15,元富-台南,2023-03-03,5929
6550,北極星藥業-KY,14,0,14,元富-台南,2023-03-03,5929
6016,康和證,14,0,14,元富-台南,2023-03-03,5929
8171,天宇,16,3,13,元富-台南,2023-03-03,5929
2419,仲琦,16,4,12,元富-台南,2023-03-03,5929
3706,神達,12,0,12,元富-台南,2023-03-03,5929
00885,富邦越南,11,0,11,元富-台南,2023-03-03,5929
2641,正德,12,1,11,元富-台南,2023-03-03,5929
3617,碩天,11,0,11,元富-台南,2023-03-03,5929
6235,華孚,20,9,11,元富-台南,2023-03-03,5929
00665L,富邦�琤肭磪囓�2,15,5,10,元富-台南,2023-03-03,5929
1609,大亞,11,1,10,元富-台南,2023-03-03,5929
2106,建大,10,0,10,元富-台南,2023-03-03,5929
2312,金寶,10,0,10,元富-台南,2023-03-03,5929
2371,大同,10,0,10,元富-台南,2023-03-03,5929
2404,漢唐,11,1,10,元富-台南,2023-03-03,5929
2495,普安,13,3,10,元富-台南,2023-03-03,5929
6208,日揚,10,0,10,元富-台南,2023-03-03,5929
2388,威盛,11,1,10,元富-台南,2023-03-03,5929
2891,中信金,9,0,9,元富-台南,2023-03-03,5929
1437,勤益控,10,1,9,元富-台南,2023-03-03,5929
2520,冠德,9,0,9,元富-台南,2023-03-03,5929
5512,力麒,9,0,9,元富-台南,2023-03-03,5929
00679B,元大美債20年,8,0,8,元富-台南,2023-03-03,5929
5309,系統電,8,0,8,元富-台南,2023-03-03,5929
8050,廣積,8,0,8,元富-台南,2023-03-03,5929
6561,是方,8,0,8,元富-台南,2023-03-03,5929
1101,台泥,8,0,8,元富-台南,2023-03-03,5929
2886,兆豐金,7,0,7,元富-台南,2023-03-03,5929
8097,常珵,7,0,7,元富-台南,2023-03-03,5929
00900,富邦特選高股息30,7,0,7,元富-台南,2023-03-03,5929
00728,第一金工業30,6,0,6,元富-台南,2023-03-03,5929
2231,為升,6,0,6,元富-台南,2023-03-03,5929
2504,國產,6,0,6,元富-台南,2023-03-03,5929
3167,大量,6,0,6,元富-台南,2023-03-03,5929
3228,金麗科,6,0,6,元富-台南,2023-03-03,5929
6282,康舒,306,170,136,元富-台南,2023-03-06,5929
00713,元大台灣高息低波,104,0,104,元富-台南,2023-03-06,5929
6140,訊達,100,0,100,元富-台南,2023-03-06,5929
1708,東鹼,100,2,98,元富-台南,2023-03-06,5929
3704,合勤控,60,0,60,元富-台南,2023-03-06,5929
2023,燁輝,35,0,35,元富-台南,2023-03-06,5929
6016,康和證,26,0,26,元富-台南,2023-03-06,5929
00665L,富邦�琤肭磪囓�2,60,35,25,元富-台南,2023-03-06,5929
3006,晶豪科,24,0,24,元富-台南,2023-03-06,5929
2845,遠東銀,20,0,20,元富-台南,2023-03-06,5929
3630,新鉅科,20,0,20,元富-台南,2023-03-06,5929
00673R,期元大S＆P原油反1,17,0,17,元富-台南,2023-03-06,5929
00712,復華富時不動產,14,0,14,元富-台南,2023-03-06,5929
2332,友訊,55,41,14,元富-台南,2023-03-06,5929
2891,中信金,15,1,14,元富-台南,2023-03-06,5929
2884,玉山金,13,0,13,元富-台南,2023-03-06,5929
00683L,期元大美元指正2,10,0,10,元富-台南,2023-03-06,5929
3324,雙鴻,10,0,10,元富-台南,2023-03-06,5929
5608,四維航,22,12,10,元富-台南,2023-03-06,5929
9902,台火,10,0,10,元富-台南,2023-03-06,5929
2388,威盛,15,6,9,元富-台南,2023-03-06,5929
3141,晶宏,10,2,8,元富-台南,2023-03-06,5929
00632R,元大台灣50反1,13,5,8,元富-台南,2023-03-06,5929
1605,華新,23,15,8,元富-台南,2023-03-06,5929
2471,資通,11,3,8,元富-台南,2023-03-06,5929
4953,緯軟,8,0,8,元富-台南,2023-03-06,5929
5410,國眾,8,0,8,元富-台南,2023-03-06,5929
3022,威強電,8,1,7,元富-台南,2023-03-06,5929
5706,鳳凰,7,0,7,元富-台南,2023-03-06,5929
2344,華邦電,12,5,7,元富-台南,2023-03-06,5929
2885,元大金,10,4,6,元富-台南,2023-03-06,5929
00637L,元大滬深300正2,36,30,6,元富-台南,2023-03-06,5929
3033,威健,7,1,6,元富-台南,2023-03-06,5929
3059,華晶科,6,0,6,元富-台南,2023-03-06,5929
4747,強生,9,3,6,元富-台南,2023-03-06,5929
00633L,富邦上証正2,5,0,5,元富-台南,2023-03-06,5929
1539,巨庭,5,0,5,元富-台南,2023-03-06,5929
2504,國產,5,0,5,元富-台南,2023-03-06,5929
3706,神達,5,0,5,元富-台南,2023-03-06,5929
5309,系統電,6,1,5,元富-台南,2023-03-06,5929
5464,霖宏,5,0,5,元富-台南,2023-03-06,5929
00772B,中信高評級公司債,4,0,4,元富-台南,2023-03-06,5929
1305,華夏,5,1,4,元富-台南,2023-03-06,5929
00862B,中信投資級公司債,4,0,4,元富-台南,2023-03-06,5929
2601,益航,10,6,4,元富-台南,2023-03-06,5929
2731,雄獅,4,0,4,元富-台南,2023-03-06,5929
3163,波若威,4,0,4,元富-台南,2023-03-06,5929
3576,聯合再生,4,0,4,元富-台南,2023-03-06,5929
5315,光聯,4,0,4,元富-台南,2023-03-06,5929
2317,鴻海,12,8,4,元富-台南,2023-03-06,5929
2498,宏達電,91,2,89,元富-台南,2023-03-07,5929
3380,明泰,101,26,75,元富-台南,2023-03-07,5929
2609,陽明,71,6,65,元富-台南,2023-03-07,5929
3264,欣銓,50,5,45,元富-台南,2023-03-07,5929
5011,久陽,36,0,36,元富-台南,2023-03-07,5929
3481,群創,35,9,26,元富-台南,2023-03-07,5929
6016,康和證,24,0,24,元富-台南,2023-03-07,5929
6706,惠特,24,0,24,元富-台南,2023-03-07,5929
6140,訊達,20,0,20,元富-台南,2023-03-07,5929
1314,中石化,15,0,15,元富-台南,2023-03-07,5929
3675,德微,14,1,13,元富-台南,2023-03-07,5929
2449,京元電子,13,1,12,元富-台南,2023-03-07,5929
6143,振曜,12,0,12,元富-台南,2023-03-07,5929
4114,健喬,12,1,11,元富-台南,2023-03-07,5929
00665L,富邦�琤肭磪囓�2,25,15,10,元富-台南,2023-03-07,5929
1570,力肯,10,0,10,元富-台南,2023-03-07,5929
1598,岱宇,10,0,10,元富-台南,2023-03-07,5929
2338,光罩,10,0,10,元富-台南,2023-03-07,5929
3013,晟銘電,13,3,10,元富-台南,2023-03-07,5929
3324,雙鴻,10,0,10,元富-台南,2023-03-07,5929
3707,漢磊,11,1,10,元富-台南,2023-03-07,5929
8171,天宇,16,6,10,元富-台南,2023-03-07,5929
3037,欣興,11,2,9,元富-台南,2023-03-07,5929
1321,大洋,9,0,9,元富-台南,2023-03-07,5929
3714,富采,10,1,9,元富-台南,2023-03-07,5929
6168,宏齊,9,0,9,元富-台南,2023-03-07,5929
00878,國泰永續高股息,8,0,8,元富-台南,2023-03-07,5929
3211,順達,7,0,7,元富-台南,2023-03-07,5929
6235,華孚,15,8,7,元富-台南,2023-03-07,5929
4915,致伸,11,5,6,元富-台南,2023-03-07,5929
2482,連宇,8,2,6,元富-台南,2023-03-07,5929
2634,漢翔,7,1,6,元富-台南,2023-03-07,5929
5309,系統電,6,0,6,元富-台南,2023-03-07,5929
8933,愛地雅,6,0,6,元富-台南,2023-03-07,5929
2890,永豐金,9,3,6,元富-台南,2023-03-07,5929
1540,喬福,5,0,5,元富-台南,2023-03-07,5929
2002,中鋼,11,6,5,元富-台南,2023-03-07,5929
2421,建準,5,0,5,元富-台南,2023-03-07,5929
2489,瑞軒,5,0,5,元富-台南,2023-03-07,5929
3059,華晶科,6,1,5,元富-台南,2023-03-07,5929
3147,大綜,5,0,5,元富-台南,2023-03-07,5929
3189,景碩,7,2,5,元富-台南,2023-03-07,5929
3406,玉晶光,6,1,5,元富-台南,2023-03-07,5929
4904,遠傳,5,0,5,元富-台南,2023-03-07,5929
6182,合晶,5,0,5,元富-台南,2023-03-07,5929
8150,南茂,5,0,5,元富-台南,2023-03-07,5929
0050,元大台灣50,6,1,5,元富-台南,2023-03-07,5929
8033,雷虎,4,0,4,元富-台南,2023-03-07,5929
2402,毅嘉,8,4,4,元富-台南,2023-03-07,5929
5439,高技,4,0,4,元富-台南,2023-03-07,5929
1524,耿鼎,75,0,75,元富-台南,2023-03-08,5929
1321,大洋,61,0,61,元富-台南,2023-03-08,5929
2882,國泰金,51,1,50,元富-台南,2023-03-08,5929
00923,群益台ESG低碳50,54,10,44,元富-台南,2023-03-08,5929
00665L,富邦�琤肭磪囓�2,37,0,37,元富-台南,2023-03-08,5929
2610,華航,42,10,32,元富-台南,2023-03-08,5929
2634,漢翔,84,55,29,元富-台南,2023-03-08,5929
1718,中纖,25,0,25,元富-台南,2023-03-08,5929
2888,新光金,26,2,24,元富-台南,2023-03-08,5929
2834,臺企銀,20,0,20,元富-台南,2023-03-08,5929
8215,明基材,20,0,20,元富-台南,2023-03-08,5929
1514,亞力,23,4,19,元富-台南,2023-03-08,5929
2002,中鋼,21,2,19,元富-台南,2023-03-08,5929
5009,榮剛,26,8,18,元富-台南,2023-03-08,5929
00637L,元大滬深300正2,45,30,15,元富-台南,2023-03-08,5929
4904,遠傳,14,0,14,元富-台南,2023-03-08,5929
6485,點序,14,0,14,元富-台南,2023-03-08,5929
3037,欣興,13,0,13,元富-台南,2023-03-08,5929
2609,陽明,14,1,13,元富-台南,2023-03-08,5929
2884,玉山金,12,0,12,元富-台南,2023-03-08,5929
8033,雷虎,13,1,12,元富-台南,2023-03-08,5929
1762,中化生,19,8,11,元富-台南,2023-03-08,5929
2312,金寶,15,4,11,元富-台南,2023-03-08,5929
2743,山富,11,0,11,元富-台南,2023-03-08,5929
2201,裕隆,14,3,11,元富-台南,2023-03-08,5929
1609,大亞,57,47,10,元富-台南,2023-03-08,5929
1907,永豐餘,10,0,10,元富-台南,2023-03-08,5929
2441,超豐,10,0,10,元富-台南,2023-03-08,5929
3094,聯傑,10,0,10,元富-台南,2023-03-08,5929
6175,立敦,10,0,10,元富-台南,2023-03-08,5929
1605,華新,38,29,9,元富-台南,2023-03-08,5929
00673R,期元大S＆P原油反1,10,1,9,元富-台南,2023-03-08,5929
5309,系統電,12,3,9,元富-台南,2023-03-08,5929
00878,國泰永續高股息,9,1,8,元富-台南,2023-03-08,5929
6788,華景電,8,0,8,元富-台南,2023-03-08,5929
9933,中鼎,8,0,8,元富-台南,2023-03-08,5929
8227,巨有科技,11,3,8,元富-台南,2023-03-08,5929
1584,精剛,10,3,7,元富-台南,2023-03-08,5929
00893,國泰智能電動車,7,0,7,元富-台南,2023-03-08,5929
1513,中興電,22,16,6,元富-台南,2023-03-08,5929
2498,宏達電,16,10,6,元富-台南,2023-03-08,5929
1101,台泥,6,0,6,元富-台南,2023-03-08,5929
1236,宏亞,6,0,6,元富-台南,2023-03-08,5929
1504,東元,12,6,6,元富-台南,2023-03-08,5929
2027,大成鋼,21,15,6,元富-台南,2023-03-08,5929
3324,雙鴻,6,0,6,元富-台南,2023-03-08,5929
3652,精聯,6,0,6,元富-台南,2023-03-08,5929
3693,營邦,8,2,6,元富-台南,2023-03-08,5929
4114,健喬,6,0,6,元富-台南,2023-03-08,5929
4952,凌通,6,0,6,元富-台南,2023-03-08,5929
6282,康舒,289,48,241,元富-台南,2023-03-09,5929
3682,亞太電,110,10,100,元富-台南,2023-03-09,5929
2883,凱基金,49,0,49,元富-台南,2023-03-09,5929
8222,寶一,71,29,42,元富-台南,2023-03-09,5929
2834,臺企銀,40,0,40,元富-台南,2023-03-09,5929
2352,佳世達,40,4,36,元富-台南,2023-03-09,5929
3481,群創,52,17,35,元富-台南,2023-03-09,5929
00878,國泰永續高股息,35,0,35,元富-台南,2023-03-09,5929
2317,鴻海,33,0,33,元富-台南,2023-03-09,5929
8049,晶采,35,3,32,元富-台南,2023-03-09,5929
2609,陽明,34,3,31,元富-台南,2023-03-09,5929
1229,聯華,30,1,29,元富-台南,2023-03-09,5929
2337,旺宏,25,4,21,元富-台南,2023-03-09,5929
1718,中纖,20,0,20,元富-台南,2023-03-09,5929
6116,彩晶,27,8,19,元富-台南,2023-03-09,5929
5425,台半,20,1,19,元富-台南,2023-03-09,5929
4915,致伸,18,0,18,元富-台南,2023-03-09,5929
6129,普誠,23,5,18,元富-台南,2023-03-09,5929
3324,雙鴻,18,1,17,元富-台南,2023-03-09,5929
6245,立端,21,5,16,元富-台南,2023-03-09,5929
3712,永崴投控,17,1,16,元富-台南,2023-03-09,5929
6706,惠特,15,0,15,元富-台南,2023-03-09,5929
00665L,富邦�琤肭磪囓�2,19,5,14,元富-台南,2023-03-09,5929
3047,訊舟,14,0,14,元富-台南,2023-03-09,5929
4952,凌通,16,2,14,元富-台南,2023-03-09,5929
2027,大成鋼,15,2,13,元富-台南,2023-03-09,5929
3362,先進光,21,9,12,元富-台南,2023-03-09,5929
1524,耿鼎,13,1,12,元富-台南,2023-03-09,5929
2534,宏盛,12,0,12,元富-台南,2023-03-09,5929
0056,元大高股息,13,2,11,元富-台南,2023-03-09,5929
1321,大洋,11,0,11,元富-台南,2023-03-09,5929
3027,盛達,11,0,11,元富-台南,2023-03-09,5929
3706,神達,11,0,11,元富-台南,2023-03-09,5929
6443,元晶,14,4,10,元富-台南,2023-03-09,5929
1314,中石化,10,0,10,元富-台南,2023-03-09,5929
0061,元大寶滬深,10,0,10,元富-台南,2023-03-09,5929
1536,和大,10,0,10,元富-台南,2023-03-09,5929
1605,華新,25,15,10,元富-台南,2023-03-09,5929
1802,台玻,10,0,10,元富-台南,2023-03-09,5929
2312,金寶,11,1,10,元富-台南,2023-03-09,5929
2340,台亞,10,0,10,元富-台南,2023-03-09,5929
2409,友達,20,10,10,元富-台南,2023-03-09,5929
2897,王道銀行,10,0,10,元富-台南,2023-03-09,5929
3019,亞光,11,1,10,元富-台南,2023-03-09,5929
5285,界霖,11,1,10,元富-台南,2023-03-09,5929
6139,亞翔,10,0,10,元富-台南,2023-03-09,5929
6788,華景電,10,0,10,元富-台南,2023-03-09,5929
9904,寶成,10,0,10,元富-台南,2023-03-09,5929
9907,統一實,10,0,10,元富-台南,2023-03-09,5929
00900,富邦特選高股息30,10,0,10,元富-台南,2023-03-09,5929
6282,康舒,67,2,65,元富-台南,2023-03-10,5929
00878,國泰永續高股息,56,0,56,元富-台南,2023-03-10,5929
5309,系統電,40,0,40,元富-台南,2023-03-10,5929
2882,國泰金,38,1,37,元富-台南,2023-03-10,5929
2344,華邦電,44,8,36,元富-台南,2023-03-10,5929
0056,元大高股息,36,1,35,元富-台南,2023-03-10,5929
6143,振曜,31,0,31,元富-台南,2023-03-10,5929
2634,漢翔,62,32,30,元富-台南,2023-03-10,5929
2845,遠東銀,30,0,30,元富-台南,2023-03-10,5929
00715L,期街口布蘭特正2,30,1,29,元富-台南,2023-03-10,5929
3041,揚智,28,0,28,元富-台南,2023-03-10,5929
1513,中興電,25,2,23,元富-台南,2023-03-10,5929
2883,凱基金,23,0,23,元富-台南,2023-03-10,5929
8069,元太,27,5,22,元富-台南,2023-03-10,5929
00923,群益台ESG低碳50,21,0,21,元富-台南,2023-03-10,5929
2449,京元電子,21,1,20,元富-台南,2023-03-10,5929
2534,宏盛,23,5,18,元富-台南,2023-03-10,5929
3481,群創,17,0,17,元富-台南,2023-03-10,5929
2888,新光金,16,0,16,元富-台南,2023-03-10,5929
00893,國泰智能電動車,16,0,16,元富-台南,2023-03-10,5929
8091,翔名,16,0,16,元富-台南,2023-03-10,5929
1605,華新,24,8,16,元富-台南,2023-03-10,5929
2881,富邦金,15,0,15,元富-台南,2023-03-10,5929
9907,統一實,15,0,15,元富-台南,2023-03-10,5929
2610,華航,32,17,15,元富-台南,2023-03-10,5929
6719,力智,25,11,14,元富-台南,2023-03-10,5929
00665L,富邦�琤肭磪囓�2,23,10,13,元富-台南,2023-03-10,5929
2208,台船,13,0,13,元富-台南,2023-03-10,5929
6443,元晶,18,5,13,元富-台南,2023-03-10,5929
1609,大亞,14,1,13,元富-台南,2023-03-10,5929
2885,元大金,12,0,12,元富-台南,2023-03-10,5929
5512,力麒,14,2,12,元富-台南,2023-03-10,5929
2402,毅嘉,18,6,12,元富-台南,2023-03-10,5929
2633,台灣高鐵,12,0,12,元富-台南,2023-03-10,5929
3022,威強電,14,2,12,元富-台南,2023-03-10,5929
3443,創意,13,1,12,元富-台南,2023-03-10,5929
1440,南紡,11,0,11,元富-台南,2023-03-10,5929
1762,中化生,11,0,11,元富-台南,2023-03-10,5929
1810,和成,11,0,11,元富-台南,2023-03-10,5929
4417,金洲,11,0,11,元富-台南,2023-03-10,5929
2031,新光鋼,13,3,10,元富-台南,2023-03-10,5929
0061,元大寶滬深,10,0,10,元富-台南,2023-03-10,5929
00636,國泰中國A50,10,0,10,元富-台南,2023-03-10,5929
00680L,元大美債20正2,12,2,10,元富-台南,2023-03-10,5929
1524,耿鼎,23,13,10,元富-台南,2023-03-10,5929
1709,和益,10,0,10,元富-台南,2023-03-10,5929
3707,漢磊,10,0,10,元富-台南,2023-03-10,5929
4526,東台,10,0,10,元富-台南,2023-03-10,5929
8176,智捷,10,0,10,元富-台南,2023-03-10,5929
8429,金麗-KY,10,0,10,元富-台南,2023-03-10,5929
2891,中信金,87,0,87,元富-台南,2023-03-13,5929
2352,佳世達,71,1,70,元富-台南,2023-03-13,5929
2312,金寶,63,2,61,元富-台南,2023-03-13,5929
8222,寶一,102,48,54,元富-台南,2023-03-13,5929
2609,陽明,58,12,46,元富-台南,2023-03-13,5929
3682,亞太電,41,0,41,元富-台南,2023-03-13,5929
3037,欣興,36,1,35,元富-台南,2023-03-13,5929
5009,榮剛,42,12,30,元富-台南,2023-03-13,5929
0056,元大高股息,25,0,25,元富-台南,2023-03-13,5929
6592,和潤企業,70,46,24,元富-台南,2023-03-13,5929
2453,凌群,21,1,20,元富-台南,2023-03-13,5929
2457,飛宏,79,60,19,元富-台南,2023-03-13,5929
00673R,期元大S＆P原油反1,17,0,17,元富-台南,2023-03-13,5929
2634,漢翔,33,17,16,元富-台南,2023-03-13,5929
00712,復華富時不動產,15,0,15,元富-台南,2023-03-13,5929
2027,大成鋼,20,5,15,元富-台南,2023-03-13,5929
4532,瑞智,15,0,15,元富-台南,2023-03-13,5929
2353,宏��,16,4,12,元富-台南,2023-03-13,5929
8933,愛地雅,12,0,12,元富-台南,2023-03-13,5929
2881,富邦金,11,0,11,元富-台南,2023-03-13,5929
5880,合庫金,11,0,11,元富-台南,2023-03-13,5929
1305,華夏,11,0,11,元富-台南,2023-03-13,5929
4142,國光生,11,0,11,元富-台南,2023-03-13,5929
8112,至上,13,2,11,元富-台南,2023-03-13,5929
3707,漢磊,10,0,10,元富-台南,2023-03-13,5929
00713,元大台灣高息低波,10,0,10,元富-台南,2023-03-13,5929
2882,國泰金,10,0,10,元富-台南,2023-03-13,5929
00753L,中信中國50正2,10,0,10,元富-台南,2023-03-13,5929
1522,堤維西,11,1,10,元富-台南,2023-03-13,5929
3234,光環,10,0,10,元富-台南,2023-03-13,5929
3346,麗清,10,0,10,元富-台南,2023-03-13,5929
4904,遠傳,10,0,10,元富-台南,2023-03-13,5929
8227,巨有科技,13,4,9,元富-台南,2023-03-13,5929
1513,中興電,15,6,9,元富-台南,2023-03-13,5929
1101,台泥,8,0,8,元富-台南,2023-03-13,5929
00772B,中信高評級公司債,10,2,8,元富-台南,2023-03-13,5929
2415,錩新,8,0,8,元富-台南,2023-03-13,5929
2402,毅嘉,22,15,7,元富-台南,2023-03-13,5929
4952,凌通,7,0,7,元富-台南,2023-03-13,5929
5450,南良,7,0,7,元富-台南,2023-03-13,5929
6235,華孚,16,9,7,元富-台南,2023-03-13,5929
6770,力積電,18,12,6,元富-台南,2023-03-13,5929
1319,東陽,7,1,6,元富-台南,2023-03-13,5929
1603,華電,6,0,6,元富-台南,2023-03-13,5929
1701,中化,6,0,6,元富-台南,2023-03-13,5929
2890,永豐金,6,0,6,元富-台南,2023-03-13,5929
4119,旭富,10,4,6,元富-台南,2023-03-13,5929
6182,合晶,6,0,6,元富-台南,2023-03-13,5929
6609,瀧澤科,6,0,6,元富-台南,2023-03-13,5929
8433,弘帆,6,0,6,元富-台南,2023-03-13,5929
00878,國泰永續高股息,195,1,194,元富-台南,2023-03-14,5929
2891,中信金,47,1,46,元富-台南,2023-03-14,5929
2634,漢翔,73,27,46,元富-台南,2023-03-14,5929
2610,華航,58,21,37,元富-台南,2023-03-14,5929
2834,臺企銀,37,1,36,元富-台南,2023-03-14,5929
2609,陽明,58,22,36,元富-台南,2023-03-14,5929
5309,系統電,30,0,30,元富-台南,2023-03-14,5929
2890,永豐金,28,0,28,元富-台南,2023-03-14,5929
2883,凱基金,27,2,25,元富-台南,2023-03-14,5929
3346,麗清,25,0,25,元富-台南,2023-03-14,5929
2388,威盛,30,6,24,元富-台南,2023-03-14,5929
00712,復華富時不動產,20,0,20,元富-台南,2023-03-14,5929
1524,耿鼎,19,2,17,元富-台南,2023-03-14,5929
1605,華新,18,2,16,元富-台南,2023-03-14,5929
2498,宏達電,24,8,16,元富-台南,2023-03-14,5929
00772B,中信高評級公司債,16,0,16,元富-台南,2023-03-14,5929
2887,台新金,16,0,16,元富-台南,2023-03-14,5929
9105,泰金寶-DR,22,6,16,元富-台南,2023-03-14,5929
00665L,富邦�琤肭磪囓�2,20,5,15,元富-台南,2023-03-14,5929
2618,長榮航,23,8,15,元富-台南,2023-03-14,5929
00713,元大台灣高息低波,15,1,14,元富-台南,2023-03-14,5929
1785,光洋科,15,1,14,元富-台南,2023-03-14,5929
2303,聯電,20,7,13,元富-台南,2023-03-14,5929
00882,中信中國高股息,13,0,13,元富-台南,2023-03-14,5929
3090,日電貿,16,3,13,元富-台南,2023-03-14,5929
2615,萬海,23,11,12,元富-台南,2023-03-14,5929
6788,華景電,12,0,12,元富-台南,2023-03-14,5929
00715L,期街口布蘭特正2,11,0,11,元富-台南,2023-03-14,5929
00632R,元大台灣50反1,12,2,10,元富-台南,2023-03-14,5929
2495,普安,11,1,10,元富-台南,2023-03-14,5929
3707,漢磊,10,0,10,元富-台南,2023-03-14,5929
3712,永崴投控,10,0,10,元富-台南,2023-03-14,5929
6190,萬泰科,10,0,10,元富-台南,2023-03-14,5929
8926,台汽電,10,0,10,元富-台南,2023-03-14,5929
4550,長佳,10,0,10,元富-台南,2023-03-14,5929
2421,建準,10,1,9,元富-台南,2023-03-14,5929
2882,國泰金,12,4,8,元富-台南,2023-03-14,5929
6163,華電網,11,3,8,元富-台南,2023-03-14,5929
1339,昭輝,8,0,8,元富-台南,2023-03-14,5929
2328,廣宇,8,0,8,元富-台南,2023-03-14,5929
8933,愛地雅,10,2,8,元富-台南,2023-03-14,5929
6719,力智,11,3,8,元富-台南,2023-03-14,5929
2888,新光金,14,7,7,元富-台南,2023-03-14,5929
5512,力麒,7,0,7,元富-台南,2023-03-14,5929
6541,泰福-KY,7,0,7,元富-台南,2023-03-14,5929
8112,至上,8,1,7,元富-台南,2023-03-14,5929
0056,元大高股息,7,0,7,元富-台南,2023-03-14,5929
2884,玉山金,6,0,6,元富-台南,2023-03-14,5929
3037,欣興,15,9,6,元富-台南,2023-03-14,5929
2317,鴻海,8,2,6,元富-台南,2023-03-14,5929
3481,群創,205,2,203,元富-台南,2023-03-15,5929
6016,康和證,67,0,67,元富-台南,2023-03-15,5929
8222,寶一,76,35,41,元富-台南,2023-03-15,5929
9907,統一實,41,0,41,元富-台南,2023-03-15,5929
2634,漢翔,51,14,37,元富-台南,2023-03-15,5929
3577,泓格,30,0,30,元富-台南,2023-03-15,5929
00878,國泰永續高股息,27,0,27,元富-台南,2023-03-15,5929
2886,兆豐金,23,0,23,元富-台南,2023-03-15,5929
00632R,元大台灣50反1,22,0,22,元富-台南,2023-03-15,5929
1513,中興電,31,9,22,元富-台南,2023-03-15,5929
2453,凌群,22,2,20,元富-台南,2023-03-15,5929
1524,耿鼎,20,0,20,元富-台南,2023-03-15,5929
2371,大同,20,0,20,元富-台南,2023-03-15,5929
9933,中鼎,20,0,20,元富-台南,2023-03-15,5929
2603,長榮,66,46,20,元富-台南,2023-03-15,5929
2615,萬海,30,12,18,元富-台南,2023-03-15,5929
2609,陽明,18,1,17,元富-台南,2023-03-15,5929
00773B,中信優先金融債,15,0,15,元富-台南,2023-03-15,5929
2457,飛宏,48,34,14,元富-台南,2023-03-15,5929
2888,新光金,13,0,13,元富-台南,2023-03-15,5929
00753L,中信中國50正2,30,17,13,元富-台南,2023-03-15,5929
00715L,期街口布蘭特正2,29,16,13,元富-台南,2023-03-15,5929
3027,盛達,37,24,13,元富-台南,2023-03-15,5929
00923,群益台ESG低碳50,12,0,12,元富-台南,2023-03-15,5929
2890,永豐金,12,0,12,元富-台南,2023-03-15,5929
8924,大田,12,0,12,元富-台南,2023-03-15,5929
3624,光頡,14,3,11,元富-台南,2023-03-15,5929
5880,合庫金,11,0,11,元富-台南,2023-03-15,5929
4952,凌通,11,0,11,元富-台南,2023-03-15,5929
00679B,元大美債20年,10,0,10,元富-台南,2023-03-15,5929
1503,士電,11,1,10,元富-台南,2023-03-15,5929
2324,仁寶,10,0,10,元富-台南,2023-03-15,5929
5512,力麒,10,0,10,元富-台南,2023-03-15,5929
6412,群電,10,0,10,元富-台南,2023-03-15,5929
6461,益得,10,0,10,元富-台南,2023-03-15,5929
8349,�矬�,10,0,10,元富-台南,2023-03-15,5929
2884,玉山金,13,3,10,元富-台南,2023-03-15,5929
00712,復華富時不動產,9,0,9,元富-台南,2023-03-15,5929
00772B,中信高評級公司債,9,0,9,元富-台南,2023-03-15,5929
2614,東森,9,0,9,元富-台南,2023-03-15,5929
6235,華孚,14,5,9,元富-台南,2023-03-15,5929
5608,四維航,8,0,8,元富-台南,2023-03-15,5929
2889,國票金,10,2,8,元富-台南,2023-03-15,5929
2883,凱基金,9,2,7,元富-台南,2023-03-15,5929
0056,元大高股息,7,0,7,元富-台南,2023-03-15,5929
2891,中信金,7,0,7,元富-台南,2023-03-15,5929
2421,建準,10,3,7,元富-台南,2023-03-15,5929
3209,全科,8,2,6,元富-台南,2023-03-15,5929
8111,立��,6,0,6,元富-台南,2023-03-15,5929
3702,大聯大,6,0,6,元富-台南,2023-03-15,5929
2888,新光金,194,45,149,元富-台南,2023-03-16,5929
8415,大國鋼,106,0,106,元富-台南,2023-03-16,5929
2344,華邦電,82,22,60,元富-台南,2023-03-16,5929
3231,緯創,73,15,58,元富-台南,2023-03-16,5929
00878,國泰永續高股息,62,7,55,元富-台南,2023-03-16,5929
00715L,期街口布蘭特正2,49,0,49,元富-台南,2023-03-16,5929
6449,鈺邦,47,0,47,元富-台南,2023-03-16,5929
00632R,元大台灣50反1,46,0,46,元富-台南,2023-03-16,5929
5425,台半,43,0,43,元富-台南,2023-03-16,5929
2014,中鴻,35,5,30,元富-台南,2023-03-16,5929
2603,長榮,47,19,28,元富-台南,2023-03-16,5929
2891,中信金,30,4,26,元富-台南,2023-03-16,5929
2890,永豐金,24,0,24,元富-台南,2023-03-16,5929
2834,臺企銀,38,16,22,元富-台南,2023-03-16,5929
2883,凱基金,25,3,22,元富-台南,2023-03-16,5929
2812,台中銀,24,2,22,元富-台南,2023-03-16,5929
00712,復華富時不動產,21,0,21,元富-台南,2023-03-16,5929
6143,振曜,22,1,21,元富-台南,2023-03-16,5929
1513,中興電,22,1,21,元富-台南,2023-03-16,5929
2884,玉山金,22,1,21,元富-台南,2023-03-16,5929
8926,台汽電,20,0,20,元富-台南,2023-03-16,5929
3041,揚智,20,0,20,元富-台南,2023-03-16,5929
6550,北極星藥業-KY,18,0,18,元富-台南,2023-03-16,5929
6016,康和證,17,0,17,元富-台南,2023-03-16,5929
1605,華新,19,4,15,元富-台南,2023-03-16,5929
1524,耿鼎,15,0,15,元富-台南,2023-03-16,5929
1718,中纖,15,0,15,元富-台南,2023-03-16,5929
2323,中環,15,0,15,元富-台南,2023-03-16,5929
3576,聯合再生,50,36,14,元富-台南,2023-03-16,5929
9907,統一實,13,0,13,元富-台南,2023-03-16,5929
1762,中化生,12,0,12,元富-台南,2023-03-16,5929
2023,燁輝,11,0,11,元富-台南,2023-03-16,5929
2421,建準,12,1,11,元富-台南,2023-03-16,5929
2610,華航,11,0,11,元富-台南,2023-03-16,5929
2702,華園,11,1,10,元富-台南,2023-03-16,5929
1609,大亞,10,0,10,元富-台南,2023-03-16,5929
1210,大成,10,0,10,元富-台南,2023-03-16,5929
1440,南紡,10,0,10,元富-台南,2023-03-16,5929
1611,中電,22,12,10,元富-台南,2023-03-16,5929
2340,台亞,10,0,10,元富-台南,2023-03-16,5929
2367,燿華,10,0,10,元富-台南,2023-03-16,5929
2449,京元電子,10,0,10,元富-台南,2023-03-16,5929
2515,中工,10,0,10,元富-台南,2023-03-16,5929
2637,慧洋-KY,18,8,10,元富-台南,2023-03-16,5929
3093,港建*,15,5,10,元富-台南,2023-03-16,5929
6139,亞翔,10,0,10,元富-台南,2023-03-16,5929
2880,華南金,9,0,9,元富-台南,2023-03-16,5929
1319,東陽,10,1,9,元富-台南,2023-03-16,5929
6116,彩晶,9,0,9,元富-台南,2023-03-16,5929
8112,至上,13,4,9,元富-台南,2023-03-16,5929
4934,太極,101,3,98,元富-台南,2023-03-17,5929
2834,臺企銀,52,13,39,元富-台南,2023-03-17,5929
3037,欣興,36,2,34,元富-台南,2023-03-17,5929
00878,國泰永續高股息,24,1,23,元富-台南,2023-03-17,5929
2891,中信金,23,0,23,元富-台南,2023-03-17,5929
00900,富邦特選高股息30,21,0,21,元富-台南,2023-03-17,5929
1467,南緯,20,0,20,元富-台南,2023-03-17,5929
1609,大亞,20,0,20,元富-台南,2023-03-17,5929
0056,元大高股息,17,0,17,元富-台南,2023-03-17,5929
00885,富邦越南,16,0,16,元富-台南,2023-03-17,5929
1718,中纖,15,0,15,元富-台南,2023-03-17,5929
6116,彩晶,13,0,13,元富-台南,2023-03-17,5929
2014,中鴻,14,2,12,元富-台南,2023-03-17,5929
00632R,元大台灣50反1,11,0,11,元富-台南,2023-03-17,5929
2534,宏盛,11,0,11,元富-台南,2023-03-17,5929
2313,華通,10,0,10,元富-台南,2023-03-17,5929
3707,漢磊,10,0,10,元富-台南,2023-03-17,5929
1907,永豐餘,10,0,10,元富-台南,2023-03-17,5929
2323,中環,10,0,10,元富-台南,2023-03-17,5929
4190,佐登-KY,10,0,10,元富-台南,2023-03-17,5929
4550,長佳,10,0,10,元富-台南,2023-03-17,5929
6163,華電網,11,1,10,元富-台南,2023-03-17,5929
8016,矽創,10,0,10,元富-台南,2023-03-17,5929
00713,元大台灣高息低波,9,0,9,元富-台南,2023-03-17,5929
4129,聯合,9,0,9,元富-台南,2023-03-17,5929
6753,龍德造船,10,1,9,元富-台南,2023-03-17,5929
9955,佳龍,10,2,8,元富-台南,2023-03-17,5929
2344,華邦電,10,3,7,元富-台南,2023-03-17,5929
6182,合晶,7,0,7,元富-台南,2023-03-17,5929
1432,大魯閣,6,0,6,元富-台南,2023-03-17,5929
2338,光罩,7,1,6,元富-台南,2023-03-17,5929
2605,新興,6,0,6,元富-台南,2023-03-17,5929
3209,全科,6,0,6,元富-台南,2023-03-17,5929
8033,雷虎,6,0,6,元富-台南,2023-03-17,5929
8222,寶一,34,28,6,元富-台南,2023-03-17,5929
2615,萬海,6,0,6,元富-台南,2023-03-17,5929
2609,陽明,6,1,5,元富-台南,2023-03-17,5929
00712,復華富時不動產,6,1,5,元富-台南,2023-03-17,5929
00680L,元大美債20正2,5,0,5,元富-台南,2023-03-17,5929
1570,力肯,5,0,5,元富-台南,2023-03-17,5929
2329,華泰,5,0,5,元富-台南,2023-03-17,5929
2409,友達,6,1,5,元富-台南,2023-03-17,5929
2722,夏都,6,1,5,元富-台南,2023-03-17,5929
3259,鑫創,5,0,5,元富-台南,2023-03-17,5929
4155,訊映,5,0,5,元富-台南,2023-03-17,5929
8478,東哥遊艇,8,3,5,元富-台南,2023-03-17,5929
2885,元大金,4,0,4,元富-台南,2023-03-17,5929
2892,第一金,4,0,4,元富-台南,2023-03-17,5929
3056,富華新,4,0,4,元富-台南,2023-03-17,5929
2610,華航,4,0,4,元富-台南,2023-03-17,5929
00637L,元大滬深300正2,128,0,128,元富-台南,2023-03-20,5929
00885,富邦越南,119,0,119,元富-台南,2023-03-20,5929
2352,佳世達,100,10,90,元富-台南,2023-03-20,5929
1504,東元,70,0,70,元富-台南,2023-03-20,5929
2317,鴻海,44,2,42,元富-台南,2023-03-20,5929
2880,華南金,37,0,37,元富-台南,2023-03-20,5929
00715L,期街口布蘭特正2,29,1,28,元富-台南,2023-03-20,5929
4976,佳凌,21,0,21,元富-台南,2023-03-20,5929
1605,華新,22,2,20,元富-台南,2023-03-20,5929
4919,新唐,17,0,17,元富-台南,2023-03-20,5929
00665L,富邦�琤肭磪囓�2,15,0,15,元富-台南,2023-03-20,5929
2609,陽明,18,4,14,元富-台南,2023-03-20,5929
00878,國泰永續高股息,17,5,12,元富-台南,2023-03-20,5929
1609,大亞,13,2,11,元富-台南,2023-03-20,5929
3029,零壹,11,0,11,元富-台南,2023-03-20,5929
6788,華景電,11,0,11,元富-台南,2023-03-20,5929
00712,復華富時不動產,10,0,10,元富-台南,2023-03-20,5929
2615,萬海,11,1,10,元富-台南,2023-03-20,5929
2323,中環,10,0,10,元富-台南,2023-03-20,5929
2371,大同,10,0,10,元富-台南,2023-03-20,5929
2449,京元電子,10,0,10,元富-台南,2023-03-20,5929
2885,元大金,10,1,9,元富-台南,2023-03-20,5929
3293,鈊象,9,0,9,元富-台南,2023-03-20,5929
2014,中鴻,8,0,8,元富-台南,2023-03-20,5929
8936,國統,10,2,8,元富-台南,2023-03-20,5929
1785,光洋科,7,0,7,元富-台南,2023-03-20,5929
6443,元晶,22,15,7,元富-台南,2023-03-20,5929
6270,倍微,7,0,7,元富-台南,2023-03-20,5929
8478,東哥遊艇,7,0,7,元富-台南,2023-03-20,5929
3037,欣興,12,5,7,元富-台南,2023-03-20,5929
5258,虹堡,6,0,6,元富-台南,2023-03-20,5929
8086,宏捷科,6,0,6,元富-台南,2023-03-20,5929
2888,新光金,5,0,5,元富-台南,2023-03-20,5929
6104,創惟,5,0,5,元富-台南,2023-03-20,5929
00782B,國泰A級公用債,5,0,5,元富-台南,2023-03-20,5929
2801,彰銀,5,0,5,元富-台南,2023-03-20,5929
3024,憶聲,5,0,5,元富-台南,2023-03-20,5929
3682,亞太電,22,17,5,元富-台南,2023-03-20,5929
4164,承業醫,8,3,5,元富-台南,2023-03-20,5929
8112,至上,5,0,5,元富-台南,2023-03-20,5929
2882,國泰金,5,0,5,元富-台南,2023-03-20,5929
2891,中信金,5,0,5,元富-台南,2023-03-20,5929
00642U,期元大S＆P石油,5,0,5,元富-台南,2023-03-20,5929
00713,元大台灣高息低波,4,0,4,元富-台南,2023-03-20,5929
2406,國碩,4,0,4,元富-台南,2023-03-20,5929
2471,資通,13,9,4,元富-台南,2023-03-20,5929
3624,光頡,5,1,4,元富-台南,2023-03-20,5929
6190,萬泰科,4,0,4,元富-台南,2023-03-20,5929
6690,安�硌穈T,4,0,4,元富-台南,2023-03-20,5929
2455,全新,4,0,4,元富-台南,2023-03-20,5929
00637L,元大滬深300正2,130,30,100,元富-台南,2023-03-21,5929
00885,富邦越南,73,0,73,元富-台南,2023-03-21,5929
5009,榮剛,93,39,54,元富-台南,2023-03-21,5929
2891,中信金,37,0,37,元富-台南,2023-03-21,5929
2344,華邦電,56,22,34,元富-台南,2023-03-21,5929
2603,長榮,28,1,27,元富-台南,2023-03-21,5929
3545,敦泰,24,0,24,元富-台南,2023-03-21,5929
4934,太極,21,0,21,元富-台南,2023-03-21,5929
2027,大成鋼,20,0,20,元富-台南,2023-03-21,5929
8112,至上,20,1,19,元富-台南,2023-03-21,5929
2353,宏��,20,2,18,元富-台南,2023-03-21,5929
2388,威盛,22,5,17,元富-台南,2023-03-21,5929
3290,東浦,15,0,15,元富-台南,2023-03-21,5929
6244,茂迪,22,7,15,元富-台南,2023-03-21,5929
1611,中電,17,3,14,元富-台南,2023-03-21,5929
6443,元晶,20,7,13,元富-台南,2023-03-21,5929
1101,台泥,14,1,13,元富-台南,2023-03-21,5929
2457,飛宏,53,41,12,元富-台南,2023-03-21,5929
5425,台半,32,20,12,元富-台南,2023-03-21,5929
2836,高雄銀,10,0,10,元富-台南,2023-03-21,5929
5452,佶優,10,0,10,元富-台南,2023-03-21,5929
8049,晶采,10,0,10,元富-台南,2023-03-21,5929
6270,倍微,8,0,8,元富-台南,2023-03-21,5929
2886,兆豐金,7,0,7,元富-台南,2023-03-21,5929
3624,光頡,9,2,7,元富-台南,2023-03-21,5929
3479,安勤,7,0,7,元富-台南,2023-03-21,5929
3594,磐儀,7,0,7,元富-台南,2023-03-21,5929
6188,廣明,10,3,7,元富-台南,2023-03-21,5929
2884,玉山金,6,0,6,元富-台南,2023-03-21,5929
00907,永豐優息存股,6,0,6,元富-台南,2023-03-21,5929
1777,生泰,6,0,6,元富-台南,2023-03-21,5929
3576,聯合再生,7,1,6,元富-台南,2023-03-21,5929
6235,華孚,13,7,6,元富-台南,2023-03-21,5929
2890,永豐金,6,0,6,元富-台南,2023-03-21,5929
3029,零壹,18,13,5,元富-台南,2023-03-21,5929
2634,漢翔,16,11,5,元富-台南,2023-03-21,5929
00712,復華富時不動產,5,0,5,元富-台南,2023-03-21,5929
00888,永豐台灣ESG,5,0,5,元富-台南,2023-03-21,5929
00730,富邦臺灣優質高息,5,0,5,元富-台南,2023-03-21,5929
1314,中石化,5,0,5,元富-台南,2023-03-21,5929
00715L,期街口布蘭特正2,7,2,5,元富-台南,2023-03-21,5929
00665L,富邦�琤肭磪囓�2,15,10,5,元富-台南,2023-03-21,5929
2358,廷鑫,5,0,5,元富-台南,2023-03-21,5929
3481,群創,20,15,5,元富-台南,2023-03-21,5929
4190,佐登-KY,5,0,5,元富-台南,2023-03-21,5929
6411,晶焱,5,0,5,元富-台南,2023-03-21,5929
8176,智捷,5,0,5,元富-台南,2023-03-21,5929
8478,東哥遊艇,11,6,5,元富-台南,2023-03-21,5929
00679B,元大美債20年,6,1,5,元富-台南,2023-03-21,5929
3711,日月光投控,4,0,4,元富-台南,2023-03-21,5929
5009,榮剛,98,10,88,元富-台南,2023-03-22,5929
6282,康舒,53,0,53,元富-台南,2023-03-22,5929
3027,盛達,56,12,44,元富-台南,2023-03-22,5929
00680L,元大美債20正2,43,0,43,元富-台南,2023-03-22,5929
1321,大洋,40,0,40,元富-台南,2023-03-22,5929
2888,新光金,36,0,36,元富-台南,2023-03-22,5929
2891,中信金,36,1,35,元富-台南,2023-03-22,5929
9945,潤泰新,32,0,32,元富-台南,2023-03-22,5929
00688L,國泰20年美債正2,29,0,29,元富-台南,2023-03-22,5929
2382,廣達,20,0,20,元富-台南,2023-03-22,5929
2337,旺宏,21,1,20,元富-台南,2023-03-22,5929
8070,長華*,19,0,19,元富-台南,2023-03-22,5929
2883,凱基金,16,0,16,元富-台南,2023-03-22,5929
3419,譁裕,14,0,14,元富-台南,2023-03-22,5929
2634,漢翔,13,0,13,元富-台南,2023-03-22,5929
5425,台半,23,11,12,元富-台南,2023-03-22,5929
3038,全台,12,0,12,元富-台南,2023-03-22,5929
1584,精剛,11,0,11,元富-台南,2023-03-22,5929
2457,飛宏,30,19,11,元富-台南,2023-03-22,5929
8227,巨有科技,15,4,11,元富-台南,2023-03-22,5929
00679B,元大美債20年,11,1,10,元富-台南,2023-03-22,5929
2344,華邦電,10,0,10,元富-台南,2023-03-22,5929
2427,三商電,10,0,10,元富-台南,2023-03-22,5929
3014,聯陽,10,0,10,元富-台南,2023-03-22,5929
6270,倍微,11,1,10,元富-台南,2023-03-22,5929
9904,寶成,10,0,10,元富-台南,2023-03-22,5929
2897,王道銀行,10,1,9,元富-台南,2023-03-22,5929
1605,華新,9,1,8,元富-台南,2023-03-22,5929
5014,建錩,8,0,8,元富-台南,2023-03-22,5929
9907,統一實,8,0,8,元富-台南,2023-03-22,5929
6691,洋基工程,7,0,7,元富-台南,2023-03-22,5929
00712,復華富時不動產,7,0,7,元富-台南,2023-03-22,5929
1718,中纖,7,0,7,元富-台南,2023-03-22,5929
2014,中鴻,7,0,7,元富-台南,2023-03-22,5929
2388,威盛,7,0,7,元富-台南,2023-03-22,5929
3596,智易,7,0,7,元富-台南,2023-03-22,5929
3715,定穎投控,8,1,7,元富-台南,2023-03-22,5929
2884,玉山金,11,4,7,元富-台南,2023-03-22,5929
2302,麗正,11,5,6,元富-台南,2023-03-22,5929
4306,炎洲,6,0,6,元富-台南,2023-03-22,5929
6235,華孚,11,5,6,元富-台南,2023-03-22,5929
8415,大國鋼,6,0,6,元富-台南,2023-03-22,5929
3017,奇鋐,13,7,6,元富-台南,2023-03-22,5929
2886,兆豐金,5,0,5,元富-台南,2023-03-22,5929
3533,嘉澤,5,0,5,元富-台南,2023-03-22,5929
1101,台泥,5,0,5,元富-台南,2023-03-22,5929
00907,永豐優息存股,5,0,5,元富-台南,2023-03-22,5929
1314,中石化,5,0,5,元富-台南,2023-03-22,5929
2481,強茂,7,2,5,元富-台南,2023-03-22,5929
2852,第一保,5,0,5,元富-台南,2023-03-22,5929
3628,盈正,77,1,76,元富-台南,2023-03-23,5929
8222,寶一,65,2,63,元富-台南,2023-03-23,5929
3005,神基,60,1,59,元富-台南,2023-03-23,5929
6160,欣技,60,5,55,元富-台南,2023-03-23,5929
2204,中華,51,2,49,元富-台南,2023-03-23,5929
3481,群創,47,0,47,元富-台南,2023-03-23,5929
2603,長榮,41,3,38,元富-台南,2023-03-23,5929
1504,東元,72,39,33,元富-台南,2023-03-23,5929
2313,華通,30,0,30,元富-台南,2023-03-23,5929
2108,南帝,26,0,26,元富-台南,2023-03-23,5929
8926,台汽電,20,0,20,元富-台南,2023-03-23,5929
2634,漢翔,47,30,17,元富-台南,2023-03-23,5929
2303,聯電,16,0,16,元富-台南,2023-03-23,5929
1713,國化,15,0,15,元富-台南,2023-03-23,5929
6116,彩晶,15,0,15,元富-台南,2023-03-23,5929
6275,元山,15,1,14,元富-台南,2023-03-23,5929
2888,新光金,15,3,12,元富-台南,2023-03-23,5929
00712,復華富時不動產,12,0,12,元富-台南,2023-03-23,5929
3027,盛達,20,8,12,元富-台南,2023-03-23,5929
3483,力致,12,0,12,元富-台南,2023-03-23,5929
1762,中化生,11,0,11,元富-台南,2023-03-23,5929
00632R,元大台灣50反1,11,0,11,元富-台南,2023-03-23,5929
2617,台航,11,0,11,元富-台南,2023-03-23,5929
1785,光洋科,10,0,10,元富-台南,2023-03-23,5929
2515,中工,10,0,10,元富-台南,2023-03-23,5929
2606,裕民,10,0,10,元富-台南,2023-03-23,5929
8049,晶采,10,0,10,元富-台南,2023-03-23,5929
9945,潤泰新,10,0,10,元富-台南,2023-03-23,5929
2457,飛宏,15,5,10,元富-台南,2023-03-23,5929
8069,元太,10,1,9,元富-台南,2023-03-23,5929
8478,東哥遊艇,19,10,9,元富-台南,2023-03-23,5929
8033,雷虎,10,1,9,元富-台南,2023-03-23,5929
6143,振曜,17,8,9,元富-台南,2023-03-23,5929
1321,大洋,7,0,7,元富-台南,2023-03-23,5929
5425,台半,8,1,7,元富-台南,2023-03-23,5929
8289,泰藝,14,7,7,元富-台南,2023-03-23,5929
2324,仁寶,10,4,6,元富-台南,2023-03-23,5929
6152,百一,6,0,6,元富-台南,2023-03-23,5929
00888,永豐台灣ESG,5,0,5,元富-台南,2023-03-23,5929
2028,威致,5,0,5,元富-台南,2023-03-23,5929
2413,環科,5,0,5,元富-台南,2023-03-23,5929
2618,長榮航,6,1,5,元富-台南,2023-03-23,5929
3322,建舜電,13,8,5,元富-台南,2023-03-23,5929
4950,牧東,5,0,5,元富-台南,2023-03-23,5929
5284,jpp-KY,7,2,5,元富-台南,2023-03-23,5929
6188,廣明,5,0,5,元富-台南,2023-03-23,5929
6244,茂迪,7,2,5,元富-台南,2023-03-23,5929
1436,華友聯,4,0,4,元富-台南,2023-03-23,5929
5512,力麒,4,0,4,元富-台南,2023-03-23,5929
6288,聯嘉,5,1,4,元富-台南,2023-03-23,5929
6269,台郡,126,1,125,元富-台南,2023-03-24,5929
00637L,元大滬深300正2,120,20,100,元富-台南,2023-03-24,5929
1342,八貫,80,1,79,元富-台南,2023-03-24,5929
6282,康舒,60,0,60,元富-台南,2023-03-24,5929
5009,榮剛,70,30,40,元富-台南,2023-03-24,5929
3027,盛達,46,14,32,元富-台南,2023-03-24,5929
2885,元大金,30,0,30,元富-台南,2023-03-24,5929
1473,台南,26,0,26,元富-台南,2023-03-24,5929
2634,漢翔,62,38,24,元富-台南,2023-03-24,5929
00632R,元大台灣50反1,21,0,21,元富-台南,2023-03-24,5929
3029,零壹,20,0,20,元富-台南,2023-03-24,5929
6016,康和證,20,0,20,元富-台南,2023-03-24,5929
2204,中華,22,3,19,元富-台南,2023-03-24,5929
5475,德宏,14,0,14,元富-台南,2023-03-24,5929
5258,虹堡,17,3,14,元富-台南,2023-03-24,5929
6788,華景電,27,16,11,元富-台南,2023-03-24,5929
00665L,富邦�琤肭磪囓�2,15,5,10,元富-台南,2023-03-24,5929
2314,台揚,10,0,10,元富-台南,2023-03-24,5929
2349,錸德,10,0,10,元富-台南,2023-03-24,5929
2617,台航,10,0,10,元富-台南,2023-03-24,5929
4702,中美實,10,0,10,元富-台南,2023-03-24,5929
8024,佑華,10,0,10,元富-台南,2023-03-24,5929
8088,品安,11,1,10,元富-台南,2023-03-24,5929
8112,至上,10,0,10,元富-台南,2023-03-24,5929
00680L,元大美債20正2,8,0,8,元富-台南,2023-03-24,5929
00772B,中信高評級公司債,8,0,8,元富-台南,2023-03-24,5929
1773,勝一,8,0,8,元富-台南,2023-03-24,5929
2105,正新,12,4,8,元富-台南,2023-03-24,5929
2809,京城銀,8,0,8,元富-台南,2023-03-24,5929
3710,連展投控,8,0,8,元富-台南,2023-03-24,5929
6515,穎崴,8,0,8,元富-台南,2023-03-24,5929
6122,擎邦,11,4,7,元富-台南,2023-03-24,5929
6160,欣技,7,0,7,元富-台南,2023-03-24,5929
9921,巨大,8,1,7,元富-台南,2023-03-24,5929
4147,中裕,11,4,7,元富-台南,2023-03-24,5929
3289,宜特,6,0,6,元富-台南,2023-03-24,5929
2412,中華電,6,0,6,元富-台南,2023-03-24,5929
3432,台端,6,0,6,元富-台南,2023-03-24,5929
3694,海華,6,0,6,元富-台南,2023-03-24,5929
5353,台林,6,0,6,元富-台南,2023-03-24,5929
1504,東元,44,38,6,元富-台南,2023-03-24,5929
3005,神基,5,0,5,元富-台南,2023-03-24,5929
1713,國化,5,0,5,元富-台南,2023-03-24,5929
1762,中化生,5,0,5,元富-台南,2023-03-24,5929
1806,冠軍,5,0,5,元富-台南,2023-03-24,5929
2347,聯強,5,0,5,元富-台南,2023-03-24,5929
2461,光群雷,5,0,5,元富-台南,2023-03-24,5929
2929,淘帝-KY,5,0,5,元富-台南,2023-03-24,5929
5706,鳳凰,5,0,5,元富-台南,2023-03-24,5929
6727,亞泰金屬,5,0,5,元富-台南,2023-03-24,5929
1609,大亞,120,5,115,元富-台南,2023-03-27,5929
2809,京城銀,78,0,78,元富-台南,2023-03-27,5929
3682,亞太電,65,11,54,元富-台南,2023-03-27,5929
6282,康舒,53,3,50,元富-台南,2023-03-27,5929
2338,光罩,50,1,49,元富-台南,2023-03-27,5929
1584,精剛,53,7,46,元富-台南,2023-03-27,5929
2204,中華,40,3,37,元富-台南,2023-03-27,5929
1605,華新,36,1,35,元富-台南,2023-03-27,5929
2453,凌群,34,5,29,元富-台南,2023-03-27,5929
6733,博晟生醫,20,0,20,元富-台南,2023-03-27,5929
1101,台泥,22,2,20,元富-台南,2023-03-27,5929
3027,盛達,24,5,19,元富-台南,2023-03-27,5929
00922,國泰台灣領袖50,17,0,17,元富-台南,2023-03-27,5929
00687B,國泰20年美債,13,0,13,元富-台南,2023-03-27,5929
1710,東聯,13,0,13,元富-台南,2023-03-27,5929
2352,佳世達,14,1,13,元富-台南,2023-03-27,5929
2353,宏��,13,0,13,元富-台南,2023-03-27,5929
2328,廣宇,12,0,12,元富-台南,2023-03-27,5929
5285,界霖,11,0,11,元富-台南,2023-03-27,5929
9945,潤泰新,10,0,10,元富-台南,2023-03-27,5929
1321,大洋,10,0,10,元富-台南,2023-03-27,5929
2344,華邦電,15,5,10,元富-台南,2023-03-27,5929
5425,台半,10,0,10,元富-台南,2023-03-27,5929
6244,茂迪,28,18,10,元富-台南,2023-03-27,5929
3624,光頡,13,4,9,元富-台南,2023-03-27,5929
3576,聯合再生,9,0,9,元富-台南,2023-03-27,5929
6561,是方,9,0,9,元富-台南,2023-03-27,5929
3715,定穎投控,8,0,8,元富-台南,2023-03-27,5929
2885,元大金,8,0,8,元富-台南,2023-03-27,5929
3037,欣興,12,4,8,元富-台南,2023-03-27,5929
8112,至上,9,2,7,元富-台南,2023-03-27,5929
6806,森崴能源,7,0,7,元富-台南,2023-03-27,5929
00882,中信中國高股息,8,1,7,元富-台南,2023-03-27,5929
2388,威盛,7,1,6,元富-台南,2023-03-27,5929
6782,視陽,6,0,6,元富-台南,2023-03-27,5929
6770,力積電,5,0,5,元富-台南,2023-03-27,5929
2201,裕隆,5,0,5,元富-台南,2023-03-27,5929
6719,力智,6,1,5,元富-台南,2023-03-27,5929
3605,宏致,5,0,5,元富-台南,2023-03-27,5929
00637L,元大滬深300正2,55,50,5,元富-台南,2023-03-27,5929
00665L,富邦�琤肭磪囓�2,15,10,5,元富-台南,2023-03-27,5929
1713,國化,5,0,5,元富-台南,2023-03-27,5929
2002,中鋼,5,0,5,元富-台南,2023-03-27,5929
2023,燁輝,5,0,5,元富-台南,2023-03-27,5929
2314,台揚,5,0,5,元富-台南,2023-03-27,5929
2404,漢唐,5,0,5,元富-台南,2023-03-27,5929
2461,光群雷,9,4,5,元富-台南,2023-03-27,5929
6477,安集,7,2,5,元富-台南,2023-03-27,5929
1416,廣豐,4,0,4,元富-台南,2023-03-27,5929
00679B,元大美債20年,4,0,4,元富-台南,2023-03-27,5929
6274,台燿,196,1,195,元富-台南,2023-03-28,5929
6269,台郡,160,0,160,元富-台南,2023-03-28,5929
00679B,元大美債20年,70,0,70,元富-台南,2023-03-28,5929
2881,富邦金,52,0,52,元富-台南,2023-03-28,5929
1513,中興電,41,2,39,元富-台南,2023-03-28,5929
5465,富驊,33,0,33,元富-台南,2023-03-28,5929
5425,台半,33,2,31,元富-台南,2023-03-28,5929
00751B,元大AAA至A公司債,26,0,26,元富-台南,2023-03-28,5929
1402,遠東新,20,0,20,元富-台南,2023-03-28,5929
1312,國喬,20,0,20,元富-台南,2023-03-28,5929
3338,泰碩,20,0,20,元富-台南,2023-03-28,5929
2344,華邦電,20,1,19,元富-台南,2023-03-28,5929
6282,康舒,20,1,19,元富-台南,2023-03-28,5929
1605,華新,24,6,18,元富-台南,2023-03-28,5929
00773B,中信優先金融債,17,0,17,元富-台南,2023-03-28,5929
8171,天宇,18,1,17,元富-台南,2023-03-28,5929
00680L,元大美債20正2,15,0,15,元富-台南,2023-03-28,5929
2337,旺宏,15,0,15,元富-台南,2023-03-28,5929
3481,群創,13,2,11,元富-台南,2023-03-28,5929
8050,廣積,13,2,11,元富-台南,2023-03-28,5929
1795,美時,11,1,10,元富-台南,2023-03-28,5929
1503,士電,10,0,10,元富-台南,2023-03-28,5929
1713,國化,10,0,10,元富-台南,2023-03-28,5929
2353,宏��,12,2,10,元富-台南,2023-03-28,5929
2388,威盛,14,4,10,元富-台南,2023-03-28,5929
6223,旺矽,10,0,10,元富-台南,2023-03-28,5929
5258,虹堡,9,0,9,元富-台南,2023-03-28,5929
3037,欣興,18,9,9,元富-台南,2023-03-28,5929
0056,元大高股息,14,6,8,元富-台南,2023-03-28,5929
2413,環科,8,0,8,元富-台南,2023-03-28,5929
5347,世界,10,2,8,元富-台南,2023-03-28,5929
6152,百一,8,0,8,元富-台南,2023-03-28,5929
8415,大國鋼,8,0,8,元富-台南,2023-03-28,5929
00720B,元大投資級公司債,7,0,7,元富-台南,2023-03-28,5929
2340,台亞,7,0,7,元富-台南,2023-03-28,5929
4129,聯合,7,0,7,元富-台南,2023-03-28,5929
4951,精拓科,7,0,7,元富-台南,2023-03-28,5929
8046,南電,9,2,7,元富-台南,2023-03-28,5929
2206,三陽工業,6,0,6,元富-台南,2023-03-28,5929
3042,晶技,6,0,6,元富-台南,2023-03-28,5929
3529,力旺,6,0,6,元富-台南,2023-03-28,5929
6449,鈺邦,6,0,6,元富-台南,2023-03-28,5929
00900,富邦特選高股息30,5,0,5,元富-台南,2023-03-28,5929
4114,健喬,5,0,5,元富-台南,2023-03-28,5929
00795B,中信美國公債20年,5,0,5,元富-台南,2023-03-28,5929
00788B,元大10年IG電能債,5,0,5,元富-台南,2023-03-28,5929
1504,東元,20,15,5,元富-台南,2023-03-28,5929
2204,中華,5,0,5,元富-台南,2023-03-28,5929
3322,建舜電,9,4,5,元富-台南,2023-03-28,5929
1101,台泥,4,0,4,元富-台南,2023-03-28,5929
3005,神基,72,0,72,元富-台南,2023-03-29,5929
00679B,元大美債20年,33,0,33,元富-台南,2023-03-29,5929
2230,泰茂,24,0,24,元富-台南,2023-03-29,5929
2453,凌群,22,1,21,元富-台南,2023-03-29,5929
00688L,國泰20年美債正2,20,0,20,元富-台南,2023-03-29,5929
2352,佳世達,18,0,18,元富-台南,2023-03-29,5929
5258,虹堡,21,4,17,元富-台南,2023-03-29,5929
00712,復華富時不動產,12,0,12,元富-台南,2023-03-29,5929
00720B,元大投資級公司債,12,0,12,元富-台南,2023-03-29,5929
4306,炎洲,12,0,12,元富-台南,2023-03-29,5929
2329,華泰,13,2,11,元富-台南,2023-03-29,5929
5450,南良,11,0,11,元富-台南,2023-03-29,5929
4904,遠傳,11,0,11,元富-台南,2023-03-29,5929
3715,定穎投控,32,21,11,元富-台南,2023-03-29,5929
2616,山隆,10,0,10,元富-台南,2023-03-29,5929
00900,富邦特選高股息30,12,2,10,元富-台南,2023-03-29,5929
00680L,元大美債20正2,10,0,10,元富-台南,2023-03-29,5929
2636,台驊控股,10,0,10,元富-台南,2023-03-29,5929
3037,欣興,11,1,10,元富-台南,2023-03-29,5929
4919,新唐,10,0,10,元富-台南,2023-03-29,5929
6016,康和證,10,0,10,元富-台南,2023-03-29,5929
00706L,期元大S＆P日圓正2,10,1,9,元富-台南,2023-03-29,5929
6770,力積電,10,1,9,元富-台南,2023-03-29,5929
1605,華新,12,4,8,元富-台南,2023-03-29,5929
3338,泰碩,11,3,8,元富-台南,2023-03-29,5929
00772B,中信高評級公司債,7,0,7,元富-台南,2023-03-29,5929
3081,聯亞,8,1,7,元富-台南,2023-03-29,5929
6651,全宇昕,7,0,7,元富-台南,2023-03-29,5929
6788,華景電,7,0,7,元富-台南,2023-03-29,5929
9945,潤泰新,10,3,7,元富-台南,2023-03-29,5929
00922,國泰台灣領袖50,6,0,6,元富-台南,2023-03-29,5929
00908,富邦入息REITs+,6,0,6,元富-台南,2023-03-29,5929
8289,泰藝,6,0,6,元富-台南,2023-03-29,5929
2388,威盛,12,7,5,元富-台南,2023-03-29,5929
00795B,中信美國公債20年,5,0,5,元富-台南,2023-03-29,5929
00773B,中信優先金融債,5,0,5,元富-台南,2023-03-29,5929
00751B,元大AAA至A公司債,5,0,5,元富-台南,2023-03-29,5929
00882,中信中國高股息,5,0,5,元富-台南,2023-03-29,5929
1609,大亞,14,9,5,元富-台南,2023-03-29,5929
1815,富喬,5,0,5,元富-台南,2023-03-29,5929
2014,中鴻,7,2,5,元富-台南,2023-03-29,5929
2457,飛宏,43,38,5,元富-台南,2023-03-29,5929
2534,宏盛,5,0,5,元富-台南,2023-03-29,5929
3528,安馳,5,0,5,元富-台南,2023-03-29,5929
3710,連展投控,5,0,5,元富-台南,2023-03-29,5929
5211,蒙恬,5,0,5,元富-台南,2023-03-29,5929
5315,光聯,5,0,5,元富-台南,2023-03-29,5929
6152,百一,5,0,5,元富-台南,2023-03-29,5929
2886,兆豐金,4,0,4,元富-台南,2023-03-29,5929
3035,智原,13,9,4,元富-台南,2023-03-29,5929
1784,訊聯,56,0,56,元富-台南,2023-03-30,5929
1321,大洋,47,0,47,元富-台南,2023-03-30,5929
2885,元大金,30,0,30,元富-台南,2023-03-30,5929
5464,霖宏,30,0,30,元富-台南,2023-03-30,5929
8415,大國鋼,30,0,30,元富-台南,2023-03-30,5929
6796,晉弘,25,0,25,元富-台南,2023-03-30,5929
2534,宏盛,24,1,23,元富-台南,2023-03-30,5929
2884,玉山金,22,1,21,元富-台南,2023-03-30,5929
2302,麗正,27,7,20,元富-台南,2023-03-30,5929
3260,威剛,20,0,20,元富-台南,2023-03-30,5929
00673R,期元大S＆P原油反1,19,1,18,元富-台南,2023-03-30,5929
2331,精英,20,2,18,元富-台南,2023-03-30,5929
8183,精星,16,0,16,元富-台南,2023-03-30,5929
00679B,元大美債20年,16,0,16,元富-台南,2023-03-30,5929
2888,新光金,19,4,15,元富-台南,2023-03-30,5929
3037,欣興,43,28,15,元富-台南,2023-03-30,5929
4915,致伸,13,0,13,元富-台南,2023-03-30,5929
2352,佳世達,14,3,11,元富-台南,2023-03-30,5929
3622,洋華,10,0,10,元富-台南,2023-03-30,5929
1618,合機,10,1,9,元富-台南,2023-03-30,5929
2002,中鋼,10,1,9,元富-台南,2023-03-30,5929
8933,愛地雅,9,0,9,元富-台南,2023-03-30,5929
2430,燦坤,7,0,7,元富-台南,2023-03-30,5929
2606,裕民,7,0,7,元富-台南,2023-03-30,5929
3479,安勤,9,2,7,元富-台南,2023-03-30,5929
5706,鳳凰,7,0,7,元富-台南,2023-03-30,5929
6276,安鈦克,8,1,7,元富-台南,2023-03-30,5929
4157,太景*-KY,6,0,6,元富-台南,2023-03-30,5929
6179,亞通,6,0,6,元富-台南,2023-03-30,5929
8429,金麗-KY,6,0,6,元富-台南,2023-03-30,5929
1815,富喬,5,0,5,元富-台南,2023-03-30,5929
00888,永豐台灣ESG,5,0,5,元富-台南,2023-03-30,5929
1611,中電,5,0,5,元富-台南,2023-03-30,5929
00706L,期元大S＆P日圓正2,5,0,5,元富-台南,2023-03-30,5929
2891,中信金,6,1,5,元富-台南,2023-03-30,5929
3022,威強電,7,2,5,元富-台南,2023-03-30,5929
2889,國票金,4,0,4,元富-台南,2023-03-30,5929
00922,國泰台灣領袖50,4,0,4,元富-台南,2023-03-30,5929
2038,海光,4,0,4,元富-台南,2023-03-30,5929
2308,台達電,4,0,4,元富-台南,2023-03-30,5929
2363,矽統,4,0,4,元富-台南,2023-03-30,5929
2610,華航,37,33,4,元富-台南,2023-03-30,5929
3483,力致,4,0,4,元富-台南,2023-03-30,5929
6288,聯嘉,4,0,4,元富-台南,2023-03-30,5929
6770,力積電,4,0,4,元富-台南,2023-03-30,5929
0050,元大台灣50,5,2,3,元富-台南,2023-03-30,5929
2603,長榮,4,1,3,元富-台南,2023-03-30,5929
2634,漢翔,13,10,3,元富-台南,2023-03-30,5929
1216,統一,3,0,3,元富-台南,2023-03-30,5929
1752,南光,3,0,3,元富-台南,2023-03-30,5929
1784,訊聯,54,0,54,元富-台南,2023-03-31,5929
2888,新光金,41,1,40,元富-台南,2023-03-31,5929
1321,大洋,21,1,20,元富-台南,2023-03-31,5929
6139,亞翔,20,1,19,元富-台南,2023-03-31,5929
3056,富華新,18,0,18,元富-台南,2023-03-31,5929
5464,霖宏,16,0,16,元富-台南,2023-03-31,5929
00885,富邦越南,15,0,15,元富-台南,2023-03-31,5929
3260,威剛,19,4,15,元富-台南,2023-03-31,5929
1605,華新,18,6,12,元富-台南,2023-03-31,5929
2402,毅嘉,12,0,12,元富-台南,2023-03-31,5929
00632R,元大台灣50反1,11,0,11,元富-台南,2023-03-31,5929
6133,金橋,10,0,10,元富-台南,2023-03-31,5929
00905,FT臺灣Smart,10,0,10,元富-台南,2023-03-31,5929
00633L,富邦上証正2,10,0,10,元富-台南,2023-03-31,5929
2387,精元,10,0,10,元富-台南,2023-03-31,5929
2449,京元電子,10,0,10,元富-台南,2023-03-31,5929
2461,光群雷,10,0,10,元富-台南,2023-03-31,5929
3202,樺晟,10,0,10,元富-台南,2023-03-31,5929
3518,柏騰,11,1,10,元富-台南,2023-03-31,5929
3607,谷崧,10,0,10,元富-台南,2023-03-31,5929
4904,遠傳,10,0,10,元富-台南,2023-03-31,5929
6257,矽格,10,0,10,元富-台南,2023-03-31,5929
2412,中華電,10,0,10,元富-台南,2023-03-31,5929
1504,東元,31,22,9,元富-台南,2023-03-31,5929
00665L,富邦�琤肭磪囓�2,14,5,9,元富-台南,2023-03-31,5929
6016,康和證,9,0,9,元富-台南,2023-03-31,5929
00673R,期元大S＆P原油反1,8,0,8,元富-台南,2023-03-31,5929
8183,精星,8,0,8,元富-台南,2023-03-31,5929
5281,大峽谷-KY,7,0,7,元富-台南,2023-03-31,5929
6180,橘子,7,0,7,元富-台南,2023-03-31,5929
3231,緯創,19,12,7,元富-台南,2023-03-31,5929
00882,中信中國高股息,5,0,5,元富-台南,2023-03-31,5929
00706L,期元大S＆P日圓正2,5,0,5,元富-台南,2023-03-31,5929
2204,中華,5,0,5,元富-台南,2023-03-31,5929
2354,鴻準,5,0,5,元富-台南,2023-03-31,5929
2401,凌陽,5,0,5,元富-台南,2023-03-31,5929
2606,裕民,7,2,5,元富-台南,2023-03-31,5929
3664,安瑞-KY,5,0,5,元富-台南,2023-03-31,5929
6541,泰福-KY,5,0,5,元富-台南,2023-03-31,5929
8050,廣積,6,1,5,元富-台南,2023-03-31,5929
1611,中電,5,1,4,元富-台南,2023-03-31,5929
2610,華航,4,0,4,元富-台南,2023-03-31,5929
3035,智原,9,5,4,元富-台南,2023-03-31,5929
3290,東浦,4,0,4,元富-台南,2023-03-31,5929
3338,泰碩,6,2,4,元富-台南,2023-03-31,5929
5443,均豪,4,0,4,元富-台南,2023-03-31,5929
6233,旺玖,4,0,4,元富-台南,2023-03-31,5929
8110,華東,7,3,4,元富-台南,2023-03-31,5929
8271,宇瞻,4,0,4,元富-台南,2023-03-31,5929
9105,泰金寶-DR,5,1,4,元富-台南,2023-03-31,5929
1722,台肥,120,0,120,元富-台南,2023-04-06,5929
00885,富邦越南,118,0,118,元富-台南,2023-04-06,5929
2352,佳世達,69,7,62,元富-台南,2023-04-06,5929
2891,中信金,63,2,61,元富-台南,2023-04-06,5929
3338,泰碩,55,3,52,元富-台南,2023-04-06,5929
2344,華邦電,60,12,48,元富-台南,2023-04-06,5929
1589,永冠-KY,46,2,44,元富-台南,2023-04-06,5929
1784,訊聯,40,0,40,元富-台南,2023-04-06,5929
2832,台產,33,0,33,元富-台南,2023-04-06,5929
1524,耿鼎,26,0,26,元富-台南,2023-04-06,5929
00637L,元大滬深300正2,95,80,15,元富-台南,2023-04-06,5929
1506,正道,21,6,15,元富-台南,2023-04-06,5929
2204,中華,15,0,15,元富-台南,2023-04-06,5929
4979,華星光,16,1,15,元富-台南,2023-04-06,5929
6414,樺漢,15,0,15,元富-台南,2023-04-06,5929
5464,霖宏,14,0,14,元富-台南,2023-04-06,5929
01003T,兆豐新光R1,12,0,12,元富-台南,2023-04-06,5929
1101,台泥,11,1,10,元富-台南,2023-04-06,5929
00665L,富邦�琤肭磪囓�2,25,15,10,元富-台南,2023-04-06,5929
00633L,富邦上証正2,10,0,10,元富-台南,2023-04-06,5929
3528,安馳,10,0,10,元富-台南,2023-04-06,5929
6550,北極星藥業-KY,10,0,10,元富-台南,2023-04-06,5929
6861,睿生光電,10,0,10,元富-台南,2023-04-06,5929
2609,陽明,11,2,9,元富-台南,2023-04-06,5929
2610,華航,10,2,8,元富-台南,2023-04-06,5929
1795,美時,8,0,8,元富-台南,2023-04-06,5929
2342,茂矽,8,0,8,元富-台南,2023-04-06,5929
8069,元太,29,21,8,元富-台南,2023-04-06,5929
6446,藥華藥,6,0,6,元富-台南,2023-04-06,5929
00893,國泰智能電動車,6,0,6,元富-台南,2023-04-06,5929
2201,裕隆,6,0,6,元富-台南,2023-04-06,5929
4746,台耀,6,0,6,元富-台南,2023-04-06,5929
8222,寶一,48,42,6,元富-台南,2023-04-06,5929
00882,中信中國高股息,8,2,6,元富-台南,2023-04-06,5929
2337,旺宏,15,10,5,元富-台南,2023-04-06,5929
00891,中信關鍵半導體,5,0,5,元富-台南,2023-04-06,5929
1713,國化,5,0,5,元富-台南,2023-04-06,5929
2427,三商電,5,0,5,元富-台南,2023-04-06,5929
2481,強茂,6,1,5,元富-台南,2023-04-06,5929
3027,盛達,11,6,5,元富-台南,2023-04-06,5929
5706,鳳凰,5,0,5,元富-台南,2023-04-06,5929
6116,彩晶,5,0,5,元富-台南,2023-04-06,5929
6603,富強鑫,5,0,5,元富-台南,2023-04-06,5929
6770,力積電,5,0,5,元富-台南,2023-04-06,5929
00673R,期元大S＆P原油反1,4,0,4,元富-台南,2023-04-06,5929
00922,國泰台灣領袖50,4,0,4,元富-台南,2023-04-06,5929
3624,光頡,4,0,4,元富-台南,2023-04-06,5929
3675,德微,4,0,4,元富-台南,2023-04-06,5929
4147,中裕,6,2,4,元富-台南,2023-04-06,5929
4916,事欣科,6,2,4,元富-台南,2023-04-06,5929
00885,富邦越南,112,0,112,元富-台南,2023-04-07,5929
5608,四維航,89,0,89,元富-台南,2023-04-07,5929
1589,永冠-KY,56,2,54,元富-台南,2023-04-07,5929
2498,宏達電,64,10,54,元富-台南,2023-04-07,5929
2352,佳世達,48,1,47,元富-台南,2023-04-07,5929
2891,中信金,40,4,36,元富-台南,2023-04-07,5929
1609,大亞,46,18,28,元富-台南,2023-04-07,5929
00720B,元大投資級公司債,25,2,23,元富-台南,2023-04-07,5929
2208,台船,25,2,23,元富-台南,2023-04-07,5929
6282,康舒,22,0,22,元富-台南,2023-04-07,5929
01003T,兆豐新光R1,20,0,20,元富-台南,2023-04-07,5929
6116,彩晶,25,5,20,元富-台南,2023-04-07,5929
8171,天宇,20,0,20,元富-台南,2023-04-07,5929
00715L,期街口布蘭特正2,20,1,19,元富-台南,2023-04-07,5929
2867,三商壽,15,0,15,元富-台南,2023-04-07,5929
3202,樺晟,14,0,14,元富-台南,2023-04-07,5929
00679B,元大美債20年,15,2,13,元富-台南,2023-04-07,5929
1524,耿鼎,11,0,11,元富-台南,2023-04-07,5929
00713,元大台灣高息低波,10,0,10,元富-台南,2023-04-07,5929
00878,國泰永續高股息,11,1,10,元富-台南,2023-04-07,5929
2312,金寶,10,0,10,元富-台南,2023-04-07,5929
2353,宏��,10,0,10,元富-台南,2023-04-07,5929
2495,普安,10,0,10,元富-台南,2023-04-07,5929
2618,長榮航,10,0,10,元富-台南,2023-04-07,5929
3346,麗清,10,0,10,元富-台南,2023-04-07,5929
5258,虹堡,11,1,10,元富-台南,2023-04-07,5929
8110,華東,10,0,10,元富-台南,2023-04-07,5929
2610,華航,12,3,9,元富-台南,2023-04-07,5929
3708,上緯投控,9,0,9,元富-台南,2023-04-07,5929
00712,復華富時不動產,8,0,8,元富-台南,2023-04-07,5929
6235,華孚,14,6,8,元富-台南,2023-04-07,5929
3290,東浦,8,0,8,元富-台南,2023-04-07,5929
2890,永豐金,7,0,7,元富-台南,2023-04-07,5929
3481,群創,16,9,7,元富-台南,2023-04-07,5929
6266,泰詠,11,4,7,元富-台南,2023-04-07,5929
4961,天鈺,8,2,6,元富-台南,2023-04-07,5929
2324,仁寶,10,4,6,元富-台南,2023-04-07,5929
1513,中興電,16,10,6,元富-台南,2023-04-07,5929
2356,英業達,7,1,6,元富-台南,2023-04-07,5929
3338,泰碩,9,3,6,元富-台南,2023-04-07,5929
8155,博智,7,1,6,元富-台南,2023-04-07,5929
2645,長榮航太,5,0,5,元富-台南,2023-04-07,5929
5512,力麒,5,0,5,元富-台南,2023-04-07,5929
1701,中化,5,0,5,元富-台南,2023-04-07,5929
1909,榮成,5,0,5,元富-台南,2023-04-07,5929
2027,大成鋼,5,0,5,元富-台南,2023-04-07,5929
3706,神達,5,0,5,元富-台南,2023-04-07,5929
4952,凌通,5,0,5,元富-台南,2023-04-07,5929
6139,亞翔,5,0,5,元富-台南,2023-04-07,5929
6443,元晶,10,5,5,元富-台南,2023-04-07,5929
6733,博晟生醫,77,0,77,元富-台南,2023-04-10,5929
1784,訊聯,46,5,41,元富-台南,2023-04-10,5929
5243,乙盛-KY,30,0,30,元富-台南,2023-04-10,5929
1524,耿鼎,29,0,29,元富-台南,2023-04-10,5929
2337,旺宏,23,0,23,元富-台南,2023-04-10,5929
1762,中化生,21,0,21,元富-台南,2023-04-10,5929
8171,天宇,20,0,20,元富-台南,2023-04-10,5929
00916,國泰全球品牌50,20,0,20,元富-台南,2023-04-10,5929
5258,虹堡,20,1,19,元富-台南,2023-04-10,5929
2609,陽明,26,9,17,元富-台南,2023-04-10,5929
5425,台半,22,6,16,元富-台南,2023-04-10,5929
1584,精剛,15,0,15,元富-台南,2023-04-10,5929
2409,友達,14,0,14,元富-台南,2023-04-10,5929
1605,華新,14,0,14,元富-台南,2023-04-10,5929
3520,華盈,19,6,13,元富-台南,2023-04-10,5929
1609,大亞,25,13,12,元富-台南,2023-04-10,5929
2358,廷鑫,10,0,10,元富-台南,2023-04-10,5929
2492,華新科,11,1,10,元富-台南,2023-04-10,5929
2641,正德,10,0,10,元富-台南,2023-04-10,5929
3058,立德,10,0,10,元富-台南,2023-04-10,5929
3346,麗清,10,0,10,元富-台南,2023-04-10,5929
4526,東台,10,0,10,元富-台南,2023-04-10,5929
5457,宣德,10,0,10,元富-台南,2023-04-10,5929
8038,長園科,10,0,10,元富-台南,2023-04-10,5929
8415,大國鋼,10,0,10,元富-台南,2023-04-10,5929
3630,新鉅科,9,0,9,元富-台南,2023-04-10,5929
4550,長佳,9,0,9,元富-台南,2023-04-10,5929
6770,力積電,13,4,9,元富-台南,2023-04-10,5929
2344,華邦電,21,13,8,元富-台南,2023-04-10,5929
3046,建��,12,4,8,元富-台南,2023-04-10,5929
6122,擎邦,11,3,8,元富-台南,2023-04-10,5929
3338,泰碩,8,1,7,元富-台南,2023-04-10,5929
3479,安勤,9,2,7,元富-台南,2023-04-10,5929
00679B,元大美債20年,6,0,6,元富-台南,2023-04-10,5929
1316,上曜,11,5,6,元富-台南,2023-04-10,5929
2031,新光鋼,6,0,6,元富-台南,2023-04-10,5929
2204,中華,6,0,6,元富-台南,2023-04-10,5929
2329,華泰,6,0,6,元富-台南,2023-04-10,5929
2615,萬海,7,1,6,元富-台南,2023-04-10,5929
3545,敦泰,7,1,6,元富-台南,2023-04-10,5929
6477,安集,9,3,6,元富-台南,2023-04-10,5929
6541,泰福-KY,6,0,6,元富-台南,2023-04-10,5929
6753,龍德造船,7,1,6,元富-台南,2023-04-10,5929
4128,中天,5,0,5,元富-台南,2023-04-10,5929
00706L,期元大S＆P日圓正2,5,0,5,元富-台南,2023-04-10,5929
3703,欣陸,5,0,5,元富-台南,2023-04-10,5929
5450,南良,5,0,5,元富-台南,2023-04-10,5929
8110,華東,5,0,5,元富-台南,2023-04-10,5929
8420,明揚,5,0,5,元富-台南,2023-04-10,5929
1514,亞力,15,10,5,元富-台南,2023-04-10,5929
6282,康舒,63,3,60,元富-台南,2023-04-11,5929
00679B,元大美債20年,31,0,31,元富-台南,2023-04-11,5929
00665L,富邦�琤肭磪囓�2,25,5,20,元富-台南,2023-04-11,5929
2331,精英,20,0,20,元富-台南,2023-04-11,5929
2358,廷鑫,20,0,20,元富-台南,2023-04-11,5929
00706L,期元大S＆P日圓正2,15,0,15,元富-台南,2023-04-11,5929
6138,茂達,15,0,15,元富-台南,2023-04-11,5929
6152,百一,17,2,15,元富-台南,2023-04-11,5929
5328,華容,13,0,13,元富-台南,2023-04-11,5929
6133,金橋,15,2,13,元富-台南,2023-04-11,5929
2834,臺企銀,30,18,12,元富-台南,2023-04-11,5929
6578,達邦蛋白,13,1,12,元富-台南,2023-04-11,5929
2317,鴻海,12,1,11,元富-台南,2023-04-11,5929
1506,正道,11,0,11,元富-台南,2023-04-11,5929
2323,中環,11,0,11,元富-台南,2023-04-11,5929
3231,緯創,14,3,11,元富-台南,2023-04-11,5929
00632R,元大台灣50反1,11,1,10,元富-台南,2023-04-11,5929
1618,合機,10,0,10,元富-台南,2023-04-11,5929
3093,港建*,10,0,10,元富-台南,2023-04-11,5929
3520,華盈,10,0,10,元富-台南,2023-04-11,5929
6116,彩晶,13,3,10,元富-台南,2023-04-11,5929
6122,擎邦,10,0,10,元富-台南,2023-04-11,5929
0056,元大高股息,11,1,10,元富-台南,2023-04-11,5929
2891,中信金,10,0,10,元富-台南,2023-04-11,5929
6770,力積電,16,7,9,元富-台南,2023-04-11,5929
8171,天宇,10,1,9,元富-台南,2023-04-11,5929
1589,永冠-KY,10,1,9,元富-台南,2023-04-11,5929
3338,泰碩,12,3,9,元富-台南,2023-04-11,5929
4904,遠傳,10,1,9,元富-台南,2023-04-11,5929
00720B,元大投資級公司債,7,0,7,元富-台南,2023-04-11,5929
2031,新光鋼,7,0,7,元富-台南,2023-04-11,5929
2836,高雄銀,10,3,7,元富-台南,2023-04-11,5929
2457,飛宏,17,10,7,元富-台南,2023-04-11,5929
00885,富邦越南,8,2,6,元富-台南,2023-04-11,5929
1604,聲寶,10,4,6,元富-台南,2023-04-11,5929
2204,中華,6,0,6,元富-台南,2023-04-11,5929
2609,陽明,8,2,6,元富-台南,2023-04-11,5929
4564,元翎,6,0,6,元富-台南,2023-04-11,5929
2027,大成鋼,6,0,6,元富-台南,2023-04-11,5929
4967,十銓,41,36,5,元富-台南,2023-04-11,5929
3162,精確,5,0,5,元富-台南,2023-04-11,5929
6143,振曜,6,1,5,元富-台南,2023-04-11,5929
2615,萬海,7,2,5,元富-台南,2023-04-11,5929
2611,志信,5,0,5,元富-台南,2023-04-11,5929
2636,台驊控股,5,0,5,元富-台南,2023-04-11,5929
3035,智原,9,4,5,元富-台南,2023-04-11,5929
3265,台星科,5,0,5,元富-台南,2023-04-11,5929
3617,碩天,5,0,5,元富-台南,2023-04-11,5929
3715,定穎投控,7,2,5,元富-台南,2023-04-11,5929
5009,榮剛,5,0,5,元富-台南,2023-04-11,5929
1218,泰山,175,0,175,元富-台南,2023-04-12,5929
2371,大同,81,10,71,元富-台南,2023-04-12,5929
4934,太極,50,0,50,元富-台南,2023-04-12,5929
6163,華電網,53,6,47,元富-台南,2023-04-12,5929
1104,環泥,40,0,40,元富-台南,2023-04-12,5929
2358,廷鑫,40,0,40,元富-台南,2023-04-12,5929
00679B,元大美債20年,32,0,32,元富-台南,2023-04-12,5929
2329,華泰,43,13,30,元富-台南,2023-04-12,5929
00720B,元大投資級公司債,25,0,25,元富-台南,2023-04-12,5929
3338,泰碩,21,0,21,元富-台南,2023-04-12,5929
5009,榮剛,32,11,21,元富-台南,2023-04-12,5929
1609,大亞,63,42,21,元富-台南,2023-04-12,5929
00665L,富邦�琤肭磪囓�2,20,0,20,元富-台南,2023-04-12,5929
1709,和益,20,0,20,元富-台南,2023-04-12,5929
2402,毅嘉,22,2,20,元富-台南,2023-04-12,5929
8069,元太,18,0,18,元富-台南,2023-04-12,5929
6244,茂迪,29,11,18,元富-台南,2023-04-12,5929
2206,三陽工業,19,1,18,元富-台南,2023-04-12,5929
00878,國泰永續高股息,22,5,17,元富-台南,2023-04-12,5929
00687B,國泰20年美債,16,0,16,元富-台南,2023-04-12,5929
00888,永豐台灣ESG,16,0,16,元富-台南,2023-04-12,5929
00680L,元大美債20正2,15,0,15,元富-台南,2023-04-12,5929
1784,訊聯,16,1,15,元富-台南,2023-04-12,5929
3081,聯亞,13,0,13,元富-台南,2023-04-12,5929
2886,兆豐金,13,0,13,元富-台南,2023-04-12,5929
1524,耿鼎,13,1,12,元富-台南,2023-04-12,5929
1108,幸福,11,0,11,元富-台南,2023-04-12,5929
1734,杏輝,12,1,11,元富-台南,2023-04-12,5929
6245,立端,12,1,11,元富-台南,2023-04-12,5929
8926,台汽電,11,0,11,元富-台南,2023-04-12,5929
00907,永豐優息存股,10,0,10,元富-台南,2023-04-12,5929
1713,國化,10,0,10,元富-台南,2023-04-12,5929
2423,固緯,11,1,10,元富-台南,2023-04-12,5929
3346,麗清,10,0,10,元富-台南,2023-04-12,5929
4952,凌通,10,0,10,元富-台南,2023-04-12,5929
2317,鴻海,9,0,9,元富-台南,2023-04-12,5929
0056,元大高股息,9,0,9,元富-台南,2023-04-12,5929
2356,英業達,9,0,9,元富-台南,2023-04-12,5929
3481,群創,12,5,7,元富-台南,2023-04-12,5929
5450,南良,7,0,7,元富-台南,2023-04-12,5929
1584,精剛,40,33,7,元富-台南,2023-04-12,5929
2497,怡利電,6,0,6,元富-台南,2023-04-12,5929
1210,大成,5,0,5,元富-台南,2023-04-12,5929
2344,華邦電,25,20,5,元富-台南,2023-04-12,5929
2002,中鋼,6,1,5,元富-台南,2023-04-12,5929
1714,和桐,5,0,5,元富-台南,2023-04-12,5929
2867,三商壽,5,0,5,元富-台南,2023-04-12,5929
4173,久裕,5,0,5,元富-台南,2023-04-12,5929
8033,雷虎,5,0,5,元富-台南,2023-04-12,5929
3711,日月光投控,7,3,4,元富-台南,2023-04-12,5929
00679B,元大美債20年,189,0,189,元富-台南,2023-04-13,5929
2867,三商壽,113,0,113,元富-台南,2023-04-13,5929
00720B,元大投資級公司債,110,1,109,元富-台南,2023-04-13,5929
2885,元大金,100,0,100,元富-台南,2023-04-13,5929
2515,中工,155,87,68,元富-台南,2023-04-13,5929
1513,中興電,48,13,35,元富-台南,2023-04-13,5929
3346,麗清,35,0,35,元富-台南,2023-04-13,5929
4967,十銓,38,6,32,元富-台南,2023-04-13,5929
6541,泰福-KY,31,0,31,元富-台南,2023-04-13,5929
2344,華邦電,36,9,27,元富-台南,2023-04-13,5929
01003T,兆豐新光R1,25,0,25,元富-台南,2023-04-13,5929
3576,聯合再生,25,2,23,元富-台南,2023-04-13,5929
2883,凱基金,22,0,22,元富-台南,2023-04-13,5929
6266,泰詠,21,0,21,元富-台南,2023-04-13,5929
00878,國泰永續高股息,18,1,17,元富-台南,2023-04-13,5929
2317,鴻海,16,0,16,元富-台南,2023-04-13,5929
2342,茂矽,16,1,15,元富-台南,2023-04-13,5929
3711,日月光投控,14,0,14,元富-台南,2023-04-13,5929
2402,毅嘉,20,7,13,元富-台南,2023-04-13,5929
00712,復華富時不動產,12,0,12,元富-台南,2023-04-13,5929
6182,合晶,12,0,12,元富-台南,2023-04-13,5929
00888,永豐台灣ESG,12,0,12,元富-台南,2023-04-13,5929
6148,驊宏資,12,0,12,元富-台南,2023-04-13,5929
1102,亞泥,11,0,11,元富-台南,2023-04-13,5929
6235,華孚,25,14,11,元富-台南,2023-04-13,5929
3707,漢磊,10,0,10,元富-台南,2023-04-13,5929
4934,太極,10,0,10,元富-台南,2023-04-13,5929
00922,國泰台灣領袖50,10,0,10,元富-台南,2023-04-13,5929
00688L,國泰20年美債正2,10,0,10,元富-台南,2023-04-13,5929
1734,杏輝,10,0,10,元富-台南,2023-04-13,5929
2423,固緯,10,0,10,元富-台南,2023-04-13,5929
4173,久裕,10,0,10,元富-台南,2023-04-13,5929
6733,博晟生醫,10,0,10,元富-台南,2023-04-13,5929
6770,力積電,10,0,10,元富-台南,2023-04-13,5929
2457,飛宏,53,43,10,元富-台南,2023-04-13,5929
1795,美時,10,1,9,元富-台南,2023-04-13,5929
4541,晟田,14,5,9,元富-台南,2023-04-13,5929
8110,華東,18,9,9,元富-台南,2023-04-13,5929
2618,長榮航,15,7,8,元富-台南,2023-04-13,5929
6443,元晶,8,0,8,元富-台南,2023-04-13,5929
1503,士電,11,3,8,元富-台南,2023-04-13,5929
00673R,期元大S＆P原油反1,8,0,8,元富-台南,2023-04-13,5929
00680L,元大美債20正2,6,0,6,元富-台南,2023-04-13,5929
2492,華新科,8,2,6,元富-台南,2023-04-13,5929
2497,怡利電,6,0,6,元富-台南,2023-04-13,5929
6548,長科*,6,0,6,元富-台南,2023-04-13,5929
1519,華城,8,2,6,元富-台南,2023-04-13,5929
6185,幃翔,6,0,6,元富-台南,2023-04-13,5929
6782,視陽,6,0,6,元富-台南,2023-04-13,5929
8299,群聯,5,0,5,元富-台南,2023-04-13,5929
00720B,元大投資級公司債,102,0,102,元富-台南,2023-04-14,5929
2515,中工,104,6,98,元富-台南,2023-04-14,5929
00679B,元大美債20年,87,0,87,元富-台南,2023-04-14,5929
3682,亞太電,86,1,85,元富-台南,2023-04-14,5929
1218,泰山,50,0,50,元富-台南,2023-04-14,5929
2634,漢翔,92,47,45,元富-台南,2023-04-14,5929
5309,系統電,41,0,41,元富-台南,2023-04-14,5929
8215,明基材,51,11,40,元富-台南,2023-04-14,5929
00878,國泰永續高股息,26,1,25,元富-台南,2023-04-14,5929
3481,群創,36,11,25,元富-台南,2023-04-14,5929
00680L,元大美債20正2,19,0,19,元富-台南,2023-04-14,5929
2402,毅嘉,29,10,19,元富-台南,2023-04-14,5929
3027,盛達,27,8,19,元富-台南,2023-04-14,5929
2344,華邦電,36,18,18,元富-台南,2023-04-14,5929
8069,元太,40,25,15,元富-台南,2023-04-14,5929
1321,大洋,14,0,14,元富-台南,2023-04-14,5929
2208,台船,17,4,13,元富-台南,2023-04-14,5929
6547,高端疫苗,21,8,13,元富-台南,2023-04-14,5929
8038,長園科,13,0,13,元富-台南,2023-04-14,5929
6182,合晶,12,0,12,元富-台南,2023-04-14,5929
1589,永冠-KY,12,1,11,元富-台南,2023-04-14,5929
6142,友勁,12,1,11,元富-台南,2023-04-14,5929
6016,康和證,10,0,10,元富-台南,2023-04-14,5929
00665L,富邦�琤肭磪囓�2,10,0,10,元富-台南,2023-04-14,5929
2337,旺宏,10,0,10,元富-台南,2023-04-14,5929
2349,錸德,10,0,10,元富-台南,2023-04-14,5929
2450,神腦,10,0,10,元富-台南,2023-04-14,5929
6288,聯嘉,10,0,10,元富-台南,2023-04-14,5929
6606,建德工業,10,0,10,元富-台南,2023-04-14,5929
5465,富驊,15,6,9,元富-台南,2023-04-14,5929
2331,精英,10,2,8,元富-台南,2023-04-14,5929
2455,全新,11,3,8,元富-台南,2023-04-14,5929
00712,復華富時不動產,8,0,8,元富-台南,2023-04-14,5929
1513,中興電,11,4,7,元富-台南,2023-04-14,5929
8222,寶一,28,21,7,元富-台南,2023-04-14,5929
2303,聯電,7,0,7,元富-台南,2023-04-14,5929
6446,藥華藥,6,0,6,元富-台南,2023-04-14,5929
3147,大綜,8,2,6,元富-台南,2023-04-14,5929
4175,杏一,6,0,6,元富-台南,2023-04-14,5929
00715L,期街口布蘭特正2,5,0,5,元富-台南,2023-04-14,5929
1795,美時,5,0,5,元富-台南,2023-04-14,5929
2329,華泰,5,0,5,元富-台南,2023-04-14,5929
2359,所羅門,16,11,5,元富-台南,2023-04-14,5929
2610,華航,6,1,5,元富-台南,2023-04-14,5929
3032,偉訓,12,7,5,元富-台南,2023-04-14,5929
3679,新至陞,5,0,5,元富-台南,2023-04-14,5929
6266,泰詠,11,6,5,元富-台南,2023-04-14,5929
4904,遠傳,5,0,5,元富-台南,2023-04-14,5929
6741,91APP*-KY,5,0,5,元富-台南,2023-04-14,5929
1101,台泥,4,0,4,元富-台南,2023-04-14,5929
8033,雷虎,75,23,52,元富-台南,2023-04-17,5929
2891,中信金,41,1,40,元富-台南,2023-04-17,5929
2634,漢翔,179,140,39,元富-台南,2023-04-17,5929
6266,泰詠,38,0,38,元富-台南,2023-04-17,5929
2610,華航,32,0,32,元富-台南,2023-04-17,5929
5258,虹堡,40,8,32,元富-台南,2023-04-17,5929
6143,振曜,39,10,29,元富-台南,2023-04-17,5929
1589,永冠-KY,33,4,29,元富-台南,2023-04-17,5929
6116,彩晶,30,4,26,元富-台南,2023-04-17,5929
5309,系統電,26,1,25,元富-台南,2023-04-17,5929
6541,泰福-KY,22,0,22,元富-台南,2023-04-17,5929
4967,十銓,22,1,21,元富-台南,2023-04-17,5929
00680L,元大美債20正2,20,0,20,元富-台南,2023-04-17,5929
00688L,國泰20年美債正2,20,0,20,元富-台南,2023-04-17,5929
4306,炎洲,20,0,20,元富-台南,2023-04-17,5929
00712,復華富時不動產,18,0,18,元富-台南,2023-04-17,5929
4934,太極,30,12,18,元富-台南,2023-04-17,5929
6712,長聖,18,0,18,元富-台南,2023-04-17,5929
1504,東元,26,9,17,元富-台南,2023-04-17,5929
2208,台船,38,21,17,元富-台南,2023-04-17,5929
8038,長園科,18,2,16,元富-台南,2023-04-17,5929
1101,台泥,21,6,15,元富-台南,2023-04-17,5929
1806,冠軍,15,0,15,元富-台南,2023-04-17,5929
00878,國泰永續高股息,14,0,14,元富-台南,2023-04-17,5929
4175,杏一,20,6,14,元富-台南,2023-04-17,5929
1722,台肥,12,0,12,元富-台南,2023-04-17,5929
3027,盛達,24,12,12,元富-台南,2023-04-17,5929
5009,榮剛,29,18,11,元富-台南,2023-04-17,5929
2329,華泰,14,4,10,元富-台南,2023-04-17,5929
2443,昶虹,10,0,10,元富-台南,2023-04-17,5929
3372,典範,10,0,10,元富-台南,2023-04-17,5929
00679B,元大美債20年,9,0,9,元富-台南,2023-04-17,5929
2359,所羅門,19,10,9,元富-台南,2023-04-17,5929
6190,萬泰科,14,5,9,元富-台南,2023-04-17,5929
6197,佳必琪,9,0,9,元富-台南,2023-04-17,5929
3029,零壹,10,2,8,元富-台南,2023-04-17,5929
1217,愛之味,8,0,8,元富-台南,2023-04-17,5929
3706,神達,12,4,8,元富-台南,2023-04-17,5929
4147,中裕,8,0,8,元富-台南,2023-04-17,5929
6163,華電網,13,5,8,元富-台南,2023-04-17,5929
6691,洋基工程,8,0,8,元富-台南,2023-04-17,5929
1514,亞力,8,1,7,元富-台南,2023-04-17,5929
5392,能率,7,0,7,元富-台南,2023-04-17,5929
6122,擎邦,7,0,7,元富-台南,2023-04-17,5929
6763,綠界科技*,7,0,7,元富-台南,2023-04-17,5929
2421,建準,9,2,7,元富-台南,2023-04-17,5929
2402,毅嘉,6,0,6,元富-台南,2023-04-17,5929
4503,金雨,6,0,6,元富-台南,2023-04-17,5929
2892,第一金,5,0,5,元富-台南,2023-04-17,5929
00706L,期元大S＆P日圓正2,5,0,5,元富-台南,2023-04-17,5929
2885,元大金,500,0,500,元富-台南,2023-04-18,5929
1609,大亞,174,4,170,元富-台南,2023-04-18,5929
2515,中工,80,24,56,元富-台南,2023-04-18,5929
3576,聯合再生,50,0,50,元富-台南,2023-04-18,5929
00679B,元大美債20年,42,0,42,元富-台南,2023-04-18,5929
2375,凱美,40,0,40,元富-台南,2023-04-18,5929
5512,力麒,36,0,36,元富-台南,2023-04-18,5929
4580,捷流閥業,35,0,35,元富-台南,2023-04-18,5929
00720B,元大投資級公司債,34,0,34,元富-台南,2023-04-18,5929
6143,振曜,27,1,26,元富-台南,2023-04-18,5929
1605,華新,28,4,24,元富-台南,2023-04-18,5929
5258,虹堡,29,6,23,元富-台南,2023-04-18,5929
6235,華孚,29,8,21,元富-台南,2023-04-18,5929
3016,嘉晶,20,0,20,元富-台南,2023-04-18,5929
2845,遠東銀,19,0,19,元富-台南,2023-04-18,5929
00878,國泰永續高股息,19,0,19,元富-台南,2023-04-18,5929
2344,華邦電,21,5,16,元富-台南,2023-04-18,5929
00680L,元大美債20正2,14,0,14,元富-台南,2023-04-18,5929
2401,凌陽,16,2,14,元富-台南,2023-04-18,5929
5425,台半,33,19,14,元富-台南,2023-04-18,5929
3025,星通,21,9,12,元富-台南,2023-04-18,5929
1810,和成,12,0,12,元富-台南,2023-04-18,5929
2208,台船,15,4,11,元富-台南,2023-04-18,5929
00900,富邦特選高股息30,10,0,10,元富-台南,2023-04-18,5929
6271,同欣電,10,0,10,元富-台南,2023-04-18,5929
2891,中信金,11,1,10,元富-台南,2023-04-18,5929
2867,三商壽,10,0,10,元富-台南,2023-04-18,5929
00688L,國泰20年美債正2,10,0,10,元富-台南,2023-04-18,5929
00665L,富邦�琤肭磪囓�2,10,0,10,元富-台南,2023-04-18,5929
1467,南緯,10,0,10,元富-台南,2023-04-18,5929
1514,亞力,17,7,10,元富-台南,2023-04-18,5929
1809,中釉,11,1,10,元富-台南,2023-04-18,5929
2409,友達,10,0,10,元富-台南,2023-04-18,5929
2423,固緯,10,0,10,元富-台南,2023-04-18,5929
2430,燦坤,10,0,10,元富-台南,2023-04-18,5929
6139,亞翔,10,0,10,元富-台南,2023-04-18,5929
6234,高僑,10,0,10,元富-台南,2023-04-18,5929
2882,國泰金,10,0,10,元富-台南,2023-04-18,5929
2454,聯發科,10,0,10,元富-台南,2023-04-18,5929
2883,凱基金,23,14,9,元富-台南,2023-04-18,5929
6712,長聖,9,0,9,元富-台南,2023-04-18,5929
1752,南光,9,0,9,元富-台南,2023-04-18,5929
00772B,中信高評級公司債,8,0,8,元富-台南,2023-04-18,5929
3714,富采,8,0,8,元富-台南,2023-04-18,5929
2610,華航,7,0,7,元富-台南,2023-04-18,5929
6179,亞通,7,0,7,元富-台南,2023-04-18,5929
1584,精剛,36,30,6,元富-台南,2023-04-18,5929
3715,定穎投控,7,1,6,元富-台南,2023-04-18,5929
4550,長佳,6,0,6,元富-台南,2023-04-18,5929
6290,良維,6,0,6,元富-台南,2023-04-18,5929
3682,亞太電,111,0,111,元富-台南,2023-04-19,5929
1584,精剛,105,3,102,元富-台南,2023-04-19,5929
3715,定穎投控,100,2,98,元富-台南,2023-04-19,5929
2342,茂矽,65,4,61,元富-台南,2023-04-19,5929
5381,合正,54,0,54,元富-台南,2023-04-19,5929
8033,雷虎,63,18,45,元富-台南,2023-04-19,5929
5243,乙盛-KY,42,2,40,元富-台南,2023-04-19,5929
3630,新鉅科,30,3,27,元富-台南,2023-04-19,5929
1218,泰山,25,0,25,元富-台南,2023-04-19,5929
6541,泰福-KY,24,0,24,元富-台南,2023-04-19,5929
6143,振曜,28,8,20,元富-台南,2023-04-19,5929
00679B,元大美債20年,18,0,18,元富-台南,2023-04-19,5929
3047,訊舟,26,8,18,元富-台南,2023-04-19,5929
5258,虹堡,18,0,18,元富-台南,2023-04-19,5929
2409,友達,17,0,17,元富-台南,2023-04-19,5929
3038,全台,19,2,17,元富-台南,2023-04-19,5929
00900,富邦特選高股息30,19,3,16,元富-台南,2023-04-19,5929
00687B,國泰20年美債,16,0,16,元富-台南,2023-04-19,5929
2495,普安,17,1,16,元富-台南,2023-04-19,5929
00878,國泰永續高股息,19,4,15,元富-台南,2023-04-19,5929
00712,復華富時不動產,14,0,14,元富-台南,2023-04-19,5929
1519,華城,15,2,13,元富-台南,2023-04-19,5929
00897,富邦基因免疫生技,12,0,12,元富-台南,2023-04-19,5929
2002,中鋼,11,0,11,元富-台南,2023-04-19,5929
2453,凌群,37,26,11,元富-台南,2023-04-19,5929
4137,麗豐-KY,11,0,11,元富-台南,2023-04-19,5929
2885,元大金,10,0,10,元富-台南,2023-04-19,5929
1102,亞泥,10,0,10,元富-台南,2023-04-19,5929
3287,廣寰科,10,0,10,元富-台南,2023-04-19,5929
4956,光鋐,10,0,10,元富-台南,2023-04-19,5929
5488,松普,10,0,10,元富-台南,2023-04-19,5929
8429,金麗-KY,10,0,10,元富-台南,2023-04-19,5929
4919,新唐,9,0,9,元富-台南,2023-04-19,5929
00922,國泰台灣領袖50,9,0,9,元富-台南,2023-04-19,5929
3078,僑威,14,5,9,元富-台南,2023-04-19,5929
6712,長聖,11,2,9,元富-台南,2023-04-19,5929
6763,綠界科技*,9,0,9,元富-台南,2023-04-19,5929
9907,統一實,9,0,9,元富-台南,2023-04-19,5929
1810,和成,52,44,8,元富-台南,2023-04-19,5929
5443,均豪,8,0,8,元富-台南,2023-04-19,5929
8110,華東,8,0,8,元富-台南,2023-04-19,5929
2883,凱基金,7,0,7,元富-台南,2023-04-19,5929
6167,久正,13,6,7,元富-台南,2023-04-19,5929
1101,台泥,6,0,6,元富-台南,2023-04-19,5929
00751B,元大AAA至A公司債,6,0,6,元富-台南,2023-04-19,5929
00772B,中信高評級公司債,6,0,6,元富-台南,2023-04-19,5929
00632R,元大台灣50反1,6,0,6,元富-台南,2023-04-19,5929
1441,大東,6,0,6,元富-台南,2023-04-19,5929
1444,力麗,6,0,6,元富-台南,2023-04-19,5929
3714,富采,6,0,6,元富-台南,2023-04-19,5929
2009,第一銅,65,0,65,元富-台南,2023-04-20,5929
6163,華電網,52,6,46,元富-台南,2023-04-20,5929
3682,亞太電,43,0,43,元富-台南,2023-04-20,5929
2303,聯電,27,1,26,元富-台南,2023-04-20,5929
3027,盛達,27,2,25,元富-台南,2023-04-20,5929
4580,捷流閥業,21,0,21,元富-台南,2023-04-20,5929
2368,金像電,20,0,20,元富-台南,2023-04-20,5929
2208,台船,20,0,20,元富-台南,2023-04-20,5929
5512,力麒,30,10,20,元富-台南,2023-04-20,5929
2382,廣達,20,0,20,元富-台南,2023-04-20,5929
2492,華新科,21,2,19,元富-台南,2023-04-20,5929
6244,茂迪,33,17,16,元富-台南,2023-04-20,5929
1519,華城,22,6,16,元富-台南,2023-04-20,5929
8478,東哥遊艇,16,1,15,元富-台南,2023-04-20,5929
4551,智伸科,15,0,15,元富-台南,2023-04-20,5929
2353,宏��,15,0,15,元富-台南,2023-04-20,5929
1609,大亞,20,6,14,元富-台南,2023-04-20,5929
1409,新纖,13,0,13,元富-台南,2023-04-20,5929
2402,毅嘉,16,3,13,元富-台南,2023-04-20,5929
00720B,元大投資級公司債,12,0,12,元富-台南,2023-04-20,5929
1444,力麗,11,0,11,元富-台南,2023-04-20,5929
2344,華邦電,10,0,10,元富-台南,2023-04-20,5929
2729,瓦城,10,0,10,元富-台南,2023-04-20,5929
00648R,元大S＆P500反1,10,0,10,元富-台南,2023-04-20,5929
00722B,群益投資級電信債,10,0,10,元富-台南,2023-04-20,5929
1589,永冠-KY,12,2,10,元富-台南,2023-04-20,5929
1802,台玻,10,0,10,元富-台南,2023-04-20,5929
2455,全新,10,0,10,元富-台南,2023-04-20,5929
2472,立隆電,11,1,10,元富-台南,2023-04-20,5929
2743,山富,10,0,10,元富-台南,2023-04-20,5929
6282,康舒,35,25,10,元富-台南,2023-04-20,5929
6143,振曜,38,29,9,元富-台南,2023-04-20,5929
00878,國泰永續高股息,9,0,9,元富-台南,2023-04-20,5929
1605,華新,9,0,9,元富-台南,2023-04-20,5929
1760,寶齡富錦,11,2,9,元富-台南,2023-04-20,5929
00907,永豐優息存股,9,0,9,元富-台南,2023-04-20,5929
1752,南光,9,0,9,元富-台南,2023-04-20,5929
3707,漢磊,10,1,9,元富-台南,2023-04-20,5929
2618,長榮航,8,0,8,元富-台南,2023-04-20,5929
2753,八方雲集,8,0,8,元富-台南,2023-04-20,5929
4968,立積,16,8,8,元富-台南,2023-04-20,5929
6541,泰福-KY,8,0,8,元富-台南,2023-04-20,5929
2206,三陽工業,11,4,7,元富-台南,2023-04-20,5929
3037,欣興,9,2,7,元富-台南,2023-04-20,5929
1104,環泥,8,1,7,元富-台南,2023-04-20,5929
00923,群益台ESG低碳50,7,0,7,元富-台南,2023-04-20,5929
1710,東聯,7,0,7,元富-台南,2023-04-20,5929
2457,飛宏,11,4,7,元富-台南,2023-04-20,5929
2497,怡利電,8,1,7,元富-台南,2023-04-20,5929
3704,合勤控,7,0,7,元富-台南,2023-04-20,5929
2515,中工,150,50,100,元富-台南,2023-04-21,5929
5009,榮剛,73,8,65,元富-台南,2023-04-21,5929
2461,光群雷,60,0,60,元富-台南,2023-04-21,5929
3211,順達,50,0,50,元富-台南,2023-04-21,5929
2358,廷鑫,40,0,40,元富-台南,2023-04-21,5929
1104,環泥,40,1,39,元富-台南,2023-04-21,5929
4580,捷流閥業,31,0,31,元富-台南,2023-04-21,5929
1409,新纖,30,0,30,元富-台南,2023-04-21,5929
8215,明基材,30,0,30,元富-台南,2023-04-21,5929
1101,台泥,58,30,28,元富-台南,2023-04-21,5929
2891,中信金,27,0,27,元富-台南,2023-04-21,5929
2888,新光金,26,0,26,元富-台南,2023-04-21,5929
3680,家登,26,0,26,元富-台南,2023-04-21,5929
0056,元大高股息,23,0,23,元富-台南,2023-04-21,5929
2913,農林,65,43,22,元富-台南,2023-04-21,5929
3479,安勤,20,0,20,元富-台南,2023-04-21,5929
2634,漢翔,51,31,20,元富-台南,2023-04-21,5929
1611,中電,38,19,19,元富-台南,2023-04-21,5929
6143,振曜,23,6,17,元富-台南,2023-04-21,5929
3047,訊舟,17,0,17,元富-台南,2023-04-21,5929
6245,立端,20,3,17,元富-台南,2023-04-21,5929
6235,華孚,22,6,16,元富-台南,2023-04-21,5929
00720B,元大投資級公司債,16,0,16,元富-台南,2023-04-21,5929
1711,永光,16,0,16,元富-台南,2023-04-21,5929
6541,泰福-KY,16,0,16,元富-台南,2023-04-21,5929
1909,榮成,17,2,15,元富-台南,2023-04-21,5929
6806,森崴能源,19,5,14,元富-台南,2023-04-21,5929
2492,華新科,13,0,13,元富-台南,2023-04-21,5929
00751B,元大AAA至A公司債,12,0,12,元富-台南,2023-04-21,5929
2603,長榮,16,5,11,元富-台南,2023-04-21,5929
1310,台苯,11,0,11,元富-台南,2023-04-21,5929
1903,士紙,11,0,11,元富-台南,2023-04-21,5929
2610,華航,11,0,11,元富-台南,2023-04-21,5929
3338,泰碩,11,0,11,元富-台南,2023-04-21,5929
8111,立��,11,0,11,元富-台南,2023-04-21,5929
2328,廣宇,10,0,10,元富-台南,2023-04-21,5929
1785,光洋科,10,0,10,元富-台南,2023-04-21,5929
2387,精元,10,0,10,元富-台南,2023-04-21,5929
00673R,期元大S＆P原油反1,10,1,9,元富-台南,2023-04-21,5929
4175,杏一,10,1,9,元富-台南,2023-04-21,5929
6470,宇智,11,2,9,元富-台南,2023-04-21,5929
1781,合世,8,0,8,元富-台南,2023-04-21,5929
00878,國泰永續高股息,8,0,8,元富-台南,2023-04-21,5929
2454,聯發科,8,1,7,元富-台南,2023-04-21,5929
4162,智擎,7,0,7,元富-台南,2023-04-21,5929
00922,國泰台灣領袖50,7,0,7,元富-台南,2023-04-21,5929
2367,燿華,7,0,7,元富-台南,2023-04-21,5929
6719,力智,8,2,6,元富-台南,2023-04-21,5929
1319,東陽,6,0,6,元富-台南,2023-04-21,5929
2340,台亞,6,0,6,元富-台南,2023-04-21,5929
00637L,元大滬深300正2,325,20,305,元富-台南,2023-04-24,5929
1722,台肥,122,0,122,元富-台南,2023-04-24,5929
1101,台泥,147,35,112,元富-台南,2023-04-24,5929
2453,凌群,54,4,50,元富-台南,2023-04-24,5929
2634,漢翔,100,60,40,元富-台南,2023-04-24,5929
00680L,元大美債20正2,40,0,40,元富-台南,2023-04-24,5929
1513,中興電,36,0,36,元富-台南,2023-04-24,5929
3027,盛達,22,0,22,元富-台南,2023-04-24,5929
8222,寶一,48,26,22,元富-台南,2023-04-24,5929
00715L,期街口布蘭特正2,20,0,20,元富-台南,2023-04-24,5929
3071,協禧,20,0,20,元富-台南,2023-04-24,5929
8171,天宇,19,0,19,元富-台南,2023-04-24,5929
1905,華紙,23,8,15,元富-台南,2023-04-24,5929
2002,中鋼,14,0,14,元富-台南,2023-04-24,5929
3708,上緯投控,12,0,12,元富-台南,2023-04-24,5929
5206,坤悅,12,0,12,元富-台南,2023-04-24,5929
3058,立德,11,0,11,元富-台南,2023-04-24,5929
5258,虹堡,10,0,10,元富-台南,2023-04-24,5929
00632R,元大台灣50反1,10,0,10,元富-台南,2023-04-24,5929
2383,台光電,10,0,10,元富-台南,2023-04-24,5929
2504,國產,10,0,10,元富-台南,2023-04-24,5929
5309,系統電,12,2,10,元富-台南,2023-04-24,5929
00712,復華富時不動產,9,0,9,元富-台南,2023-04-24,5929
6712,長聖,9,0,9,元富-台南,2023-04-24,5929
00888,永豐台灣ESG,8,0,8,元富-台南,2023-04-24,5929
3338,泰碩,9,1,8,元富-台南,2023-04-24,5929
3035,智原,9,2,7,元富-台南,2023-04-24,5929
2031,新光鋼,7,0,7,元富-台南,2023-04-24,5929
6143,振曜,7,1,6,元富-台南,2023-04-24,5929
2913,農林,15,9,6,元富-台南,2023-04-24,5929
6244,茂迪,7,1,6,元富-台南,2023-04-24,5929
2303,聯電,6,1,5,元富-台南,2023-04-24,5929
00922,國泰台灣領袖50,5,0,5,元富-台南,2023-04-24,5929
00665L,富邦�琤肭磪囓�2,24,19,5,元富-台南,2023-04-24,5929
1752,南光,6,1,5,元富-台南,2023-04-24,5929
3356,奇偶,5,0,5,元富-台南,2023-04-24,5929
5009,榮剛,5,0,5,元富-台南,2023-04-24,5929
6148,驊宏資,5,0,5,元富-台南,2023-04-24,5929
6279,胡連,5,0,5,元富-台南,2023-04-24,5929
8926,台汽電,6,1,5,元富-台南,2023-04-24,5929
2313,華通,4,0,4,元富-台南,2023-04-24,5929
2495,普安,7,3,4,元富-台南,2023-04-24,5929
2727,王品,4,0,4,元富-台南,2023-04-24,5929
6164,華興,4,0,4,元富-台南,2023-04-24,5929
6282,康舒,12,8,4,元富-台南,2023-04-24,5929
8240,華宏,4,0,4,元富-台南,2023-04-24,5929
4968,立積,4,1,3,元富-台南,2023-04-24,5929
0056,元大高股息,3,0,3,元富-台南,2023-04-24,5929
00688L,國泰20年美債正2,3,0,3,元富-台南,2023-04-24,5929
00919,群益台灣精選高息,3,0,3,元富-台南,2023-04-24,5929
2461,光群雷,107,0,107,元富-台南,2023-04-25,5929
3682,亞太電,108,6,102,元富-台南,2023-04-25,5929
00637L,元大滬深300正2,155,100,55,元富-台南,2023-04-25,5929
2362,藍天,46,0,46,元富-台南,2023-04-25,5929
1709,和益,34,0,34,元富-台南,2023-04-25,5929
2423,固緯,53,20,33,元富-台南,2023-04-25,5929
2892,第一金,30,0,30,元富-台南,2023-04-25,5929
1907,永豐餘,31,1,30,元富-台南,2023-04-25,5929
8215,明基材,30,0,30,元富-台南,2023-04-25,5929
0056,元大高股息,30,1,29,元富-台南,2023-04-25,5929
5222,全訊,30,2,28,元富-台南,2023-04-25,5929
6266,泰詠,33,5,28,元富-台南,2023-04-25,5929
6143,振曜,23,1,22,元富-台南,2023-04-25,5929
5328,華容,20,0,20,元富-台南,2023-04-25,5929
1101,台泥,62,44,18,元富-台南,2023-04-25,5929
1905,華紙,30,13,17,元富-台南,2023-04-25,5929
3708,上緯投控,15,0,15,元富-台南,2023-04-25,5929
2337,旺宏,30,16,14,元富-台南,2023-04-25,5929
3028,增你強,12,0,12,元富-台南,2023-04-25,5929
8415,大國鋼,12,0,12,元富-台南,2023-04-25,5929
3027,盛達,50,39,11,元富-台南,2023-04-25,5929
1409,新纖,11,0,11,元富-台南,2023-04-25,5929
2913,農林,11,0,11,元富-台南,2023-04-25,5929
4121,優盛,11,0,11,元富-台南,2023-04-25,5929
1104,環泥,10,0,10,元富-台南,2023-04-25,5929
1609,大亞,10,0,10,元富-台南,2023-04-25,5929
2387,精元,10,0,10,元富-台南,2023-04-25,5929
5512,力麒,10,0,10,元富-台南,2023-04-25,5929
6116,彩晶,10,0,10,元富-台南,2023-04-25,5929
3231,緯創,15,6,9,元富-台南,2023-04-25,5929
00923,群益台ESG低碳50,9,0,9,元富-台南,2023-04-25,5929
00922,國泰台灣領袖50,9,0,9,元富-台南,2023-04-25,5929
2845,遠東銀,10,1,9,元富-台南,2023-04-25,5929
6523,達爾膚,10,1,9,元富-台南,2023-04-25,5929
8069,元太,15,6,9,元富-台南,2023-04-25,5929
6235,華孚,10,1,9,元富-台南,2023-04-25,5929
3714,富采,9,1,8,元富-台南,2023-04-25,5929
00902,中信電池及儲能,9,1,8,元富-台南,2023-04-25,5929
2457,飛宏,14,6,8,元富-台南,2023-04-25,5929
00632R,元大台灣50反1,20,12,8,元富-台南,2023-04-25,5929
1467,南緯,10,2,8,元富-台南,2023-04-25,5929
2031,新光鋼,22,14,8,元富-台南,2023-04-25,5929
00712,復華富時不動產,7,0,7,元富-台南,2023-04-25,5929
6712,長聖,10,3,7,元富-台南,2023-04-25,5929
8289,泰藝,9,2,7,元富-台南,2023-04-25,5929
2330,台積電,11,4,7,元富-台南,2023-04-25,5929
2888,新光金,7,0,7,元富-台南,2023-04-25,5929
2206,三陽工業,17,11,6,元富-台南,2023-04-25,5929
6202,盛群,6,0,6,元富-台南,2023-04-25,5929
6770,力積電,6,0,6,元富-台南,2023-04-25,5929
1609,大亞,1052,16,1036,元富-台南,2023-04-26,5929
6282,康舒,110,5,105,元富-台南,2023-04-26,5929
2352,佳世達,94,0,94,元富-台南,2023-04-26,5929
3715,定穎投控,72,2,70,元富-台南,2023-04-26,5929
1905,華紙,80,24,56,元富-台南,2023-04-26,5929
6182,合晶,53,0,53,元富-台南,2023-04-26,5929
2913,農林,39,2,37,元富-台南,2023-04-26,5929
00885,富邦越南,30,0,30,元富-台南,2023-04-26,5929
1503,士電,31,3,28,元富-台南,2023-04-26,5929
2027,大成鋼,26,0,26,元富-台南,2023-04-26,5929
00878,國泰永續高股息,24,1,23,元富-台南,2023-04-26,5929
00715L,期街口布蘭特正2,23,0,23,元富-台南,2023-04-26,5929
6266,泰詠,25,3,22,元富-台南,2023-04-26,5929
5009,榮剛,21,0,21,元富-台南,2023-04-26,5929
5309,系統電,20,0,20,元富-台南,2023-04-26,5929
2337,旺宏,22,5,17,元富-台南,2023-04-26,5929
2362,藍天,17,0,17,元富-台南,2023-04-26,5929
2002,中鋼,16,0,16,元富-台南,2023-04-26,5929
5478,智冠,16,0,16,元富-台南,2023-04-26,5929
2440,太空梭,15,0,15,元富-台南,2023-04-26,5929
00902,中信電池及儲能,12,0,12,元富-台南,2023-04-26,5929
2610,華航,13,1,12,元富-台南,2023-04-26,5929
6541,泰福-KY,10,0,10,元富-台南,2023-04-26,5929
2515,中工,12,2,10,元富-台南,2023-04-26,5929
8996,高力,10,0,10,元富-台南,2023-04-26,5929
8222,寶一,31,21,10,元富-台南,2023-04-26,5929
2344,華邦電,9,0,9,元富-台南,2023-04-26,5929
6806,森崴能源,9,0,9,元富-台南,2023-04-26,5929
2206,三陽工業,12,3,9,元富-台南,2023-04-26,5929
2495,普安,11,2,9,元富-台南,2023-04-26,5929
00712,復華富時不動產,8,0,8,元富-台南,2023-04-26,5929
00923,群益台ESG低碳50,7,0,7,元富-台南,2023-04-26,5929
00900,富邦特選高股息30,7,0,7,元富-台南,2023-04-26,5929
00922,國泰台灣領袖50,7,0,7,元富-台南,2023-04-26,5929
1605,華新,8,1,7,元富-台南,2023-04-26,5929
2409,友達,10,3,7,元富-台南,2023-04-26,5929
6712,長聖,7,0,7,元富-台南,2023-04-26,5929
1584,精剛,6,0,6,元富-台南,2023-04-26,5929
4919,新唐,8,2,6,元富-台南,2023-04-26,5929
2454,聯發科,10,5,5,元富-台南,2023-04-26,5929
2497,怡利電,5,0,5,元富-台南,2023-04-26,5929
00925,新光標普電動車,6,1,5,元富-台南,2023-04-26,5929
1710,東聯,5,0,5,元富-台南,2023-04-26,5929
1806,冠軍,5,0,5,元富-台南,2023-04-26,5929
2243,宏旭-KY,5,0,5,元富-台南,2023-04-26,5929
3265,台星科,5,0,5,元富-台南,2023-04-26,5929
4956,光鋐,5,0,5,元富-台南,2023-04-26,5929
9919,康那香,5,0,5,元富-台南,2023-04-26,5929
0050,元大台灣50,5,0,5,元富-台南,2023-04-26,5929
0056,元大高股息,4,0,4,元富-台南,2023-04-26,5929
1609,大亞,425,0,425,元富-台南,2023-04-27,5929
1717,長興,155,6,149,元富-台南,2023-04-27,5929
2634,漢翔,143,48,95,元富-台南,2023-04-27,5929
1513,中興電,57,7,50,元富-台南,2023-04-27,5929
00632R,元大台灣50反1,65,20,45,元富-台南,2023-04-27,5929
00715L,期街口布蘭特正2,43,0,43,元富-台南,2023-04-27,5929
3682,亞太電,43,0,43,元富-台南,2023-04-27,5929
2801,彰銀,42,0,42,元富-台南,2023-04-27,5929
6282,康舒,51,10,41,元富-台南,2023-04-27,5929
2362,藍天,21,0,21,元富-台南,2023-04-27,5929
6770,力積電,25,4,21,元富-台南,2023-04-27,5929
6182,合晶,17,1,16,元富-台南,2023-04-27,5929
2002,中鋼,26,11,15,元富-台南,2023-04-27,5929
6266,泰詠,16,1,15,元富-台南,2023-04-27,5929
1710,東聯,20,6,14,元富-台南,2023-04-27,5929
3017,奇鋐,13,1,12,元富-台南,2023-04-27,5929
1711,永光,46,35,11,元富-台南,2023-04-27,5929
00712,復華富時不動產,11,0,11,元富-台南,2023-04-27,5929
2340,台亞,10,0,10,元富-台南,2023-04-27,5929
8112,至上,10,0,10,元富-台南,2023-04-27,5929
1722,台肥,10,0,10,元富-台南,2023-04-27,5929
2323,中環,10,0,10,元富-台南,2023-04-27,5929
8210,勤誠,10,0,10,元富-台南,2023-04-27,5929
5880,合庫金,10,1,9,元富-台南,2023-04-27,5929
2409,友達,9,0,9,元富-台南,2023-04-27,5929
3006,晶豪科,9,0,9,元富-台南,2023-04-27,5929
00680L,元大美債20正2,8,0,8,元富-台南,2023-04-27,5929
00646,元大S＆P500,8,0,8,元富-台南,2023-04-27,5929
00888,永豐台灣ESG,8,0,8,元富-台南,2023-04-27,5929
6244,茂迪,8,0,8,元富-台南,2023-04-27,5929
8222,寶一,20,12,8,元富-台南,2023-04-27,5929
2344,華邦電,8,1,7,元富-台南,2023-04-27,5929
2356,英業達,8,1,7,元富-台南,2023-04-27,5929
2618,長榮航,7,0,7,元富-台南,2023-04-27,5929
00923,群益台ESG低碳50,6,0,6,元富-台南,2023-04-27,5929
00922,國泰台灣領袖50,6,0,6,元富-台南,2023-04-27,5929
8088,品安,6,0,6,元富-台南,2023-04-27,5929
2603,長榮,6,0,6,元富-台南,2023-04-27,5929
2471,資通,6,1,5,元富-台南,2023-04-27,5929
00907,永豐優息存股,5,0,5,元富-台南,2023-04-27,5929
00905,FT臺灣Smart,5,0,5,元富-台南,2023-04-27,5929
1815,富喬,5,0,5,元富-台南,2023-04-27,5929
2365,昆盈,5,0,5,元富-台南,2023-04-27,5929
2606,裕民,5,0,5,元富-台南,2023-04-27,5929
2845,遠東銀,5,0,5,元富-台南,2023-04-27,5929
3071,協禧,5,0,5,元富-台南,2023-04-27,5929
3324,雙鴻,7,2,5,元富-台南,2023-04-27,5929
6163,華電網,5,0,5,元富-台南,2023-04-27,5929
1611,中電,10,6,4,元富-台南,2023-04-27,5929
1709,和益,7,3,4,元富-台南,2023-04-27,5929
1609,大亞,403,5,398,元富-台南,2023-04-28,5929
5009,榮剛,83,28,55,元富-台南,2023-04-28,5929
3481,群創,71,20,51,元富-台南,2023-04-28,5929
2495,普安,70,27,43,元富-台南,2023-04-28,5929
2027,大成鋼,31,0,31,元富-台南,2023-04-28,5929
2609,陽明,25,1,24,元富-台南,2023-04-28,5929
1709,和益,22,0,22,元富-台南,2023-04-28,5929
2409,友達,20,0,20,元富-台南,2023-04-28,5929
2012,春雨,47,28,19,元富-台南,2023-04-28,5929
8478,東哥遊艇,25,8,17,元富-台南,2023-04-28,5929
2820,華票,15,0,15,元富-台南,2023-04-28,5929
4968,立積,23,8,15,元富-台南,2023-04-28,5929
8222,寶一,26,12,14,元富-台南,2023-04-28,5929
2618,長榮航,13,0,13,元富-台南,2023-04-28,5929
2349,錸德,11,0,11,元富-台南,2023-04-28,5929
00706L,期元大S＆P日圓正2,10,0,10,元富-台南,2023-04-28,5929
3583,辛耘,10,0,10,元富-台南,2023-04-28,5929
3587,閎康,10,0,10,元富-台南,2023-04-28,5929
4128,中天,10,0,10,元富-台南,2023-04-28,5929
1101,台泥,9,0,9,元富-台南,2023-04-28,5929
6114,久威,15,6,9,元富-台南,2023-04-28,5929
2449,京元電子,10,2,8,元富-台南,2023-04-28,5929
2603,長榮,10,2,8,元富-台南,2023-04-28,5929
6472,保瑞,9,1,8,元富-台南,2023-04-28,5929
1506,正道,8,0,8,元富-台南,2023-04-28,5929
6770,力積電,7,0,7,元富-台南,2023-04-28,5929
00679B,元大美債20年,7,0,7,元富-台南,2023-04-28,5929
2402,毅嘉,11,4,7,元富-台南,2023-04-28,5929
1504,東元,9,3,6,元富-台南,2023-04-28,5929
3576,聯合再生,6,0,6,元富-台南,2023-04-28,5929
4510,高鋒,9,3,6,元富-台南,2023-04-28,5929
5309,系統電,7,1,6,元富-台南,2023-04-28,5929
5483,中美晶,6,0,6,元富-台南,2023-04-28,5929
6122,擎邦,8,2,6,元富-台南,2023-04-28,5929
2313,華通,5,0,5,元富-台南,2023-04-28,5929
00673R,期元大S＆P原油反1,5,0,5,元富-台南,2023-04-28,5929
00680L,元大美債20正2,5,0,5,元富-台南,2023-04-28,5929
00857B,永豐20年美公債,5,0,5,元富-台南,2023-04-28,5929
1717,長興,5,0,5,元富-台南,2023-04-28,5929
2368,金像電,5,0,5,元富-台南,2023-04-28,5929
2867,三商壽,10,5,5,元富-台南,2023-04-28,5929
3712,永崴投控,5,0,5,元富-台南,2023-04-28,5929
6712,長聖,16,11,5,元富-台南,2023-04-28,5929
8072,陞泰,5,0,5,元富-台南,2023-04-28,5929
8088,品安,6,1,5,元富-台南,2023-04-28,5929
9939,宏全,5,0,5,元富-台南,2023-04-28,5929
2337,旺宏,10,5,5,元富-台南,2023-04-28,5929
1762,中化生,6,1,5,元富-台南,2023-04-28,5929
1513,中興電,7,2,5,元富-台南,2023-04-28,5929
00878,國泰永續高股息,4,0,4,元富-台南,2023-04-28,5929
8403,盛弘,96,0,96,元富-台南,2023-05-02,5929
2362,藍天,84,0,84,元富-台南,2023-05-02,5929
5009,榮剛,55,13,42,元富-台南,2023-05-02,5929
2344,華邦電,60,19,41,元富-台南,2023-05-02,5929
4130,健亞,40,2,38,元富-台南,2023-05-02,5929
00680L,元大美債20正2,36,0,36,元富-台南,2023-05-02,5929
1608,華榮,33,4,29,元富-台南,2023-05-02,5929
6269,台郡,25,0,25,元富-台南,2023-05-02,5929
2891,中信金,46,23,23,元富-台南,2023-05-02,5929
2371,大同,20,1,19,元富-台南,2023-05-02,5929
2603,長榮,19,1,18,元富-台南,2023-05-02,5929
2881A,富邦特,15,0,15,元富-台南,2023-05-02,5929
8422,可寧衛,15,0,15,元富-台南,2023-05-02,5929
6143,振曜,14,2,12,元富-台南,2023-05-02,5929
6712,長聖,14,2,12,元富-台南,2023-05-02,5929
00712,復華富時不動產,11,0,11,元富-台南,2023-05-02,5929
00706L,期元大S＆P日圓正2,10,0,10,元富-台南,2023-05-02,5929
00665L,富邦�琤肭磪囓�2,30,20,10,元富-台南,2023-05-02,5929
00715L,期街口布蘭特正2,10,0,10,元富-台南,2023-05-02,5929
1802,台玻,10,0,10,元富-台南,2023-05-02,5929
2913,農林,10,0,10,元富-台南,2023-05-02,5929
4529,淳紳,10,0,10,元富-台南,2023-05-02,5929
5347,世界,10,0,10,元富-台南,2023-05-02,5929
6477,安集,15,5,10,元富-台南,2023-05-02,5929
9105,泰金寶-DR,10,0,10,元富-台南,2023-05-02,5929
00751B,元大AAA至A公司債,8,0,8,元富-台南,2023-05-02,5929
1905,華紙,20,12,8,元富-台南,2023-05-02,5929
6179,亞通,8,0,8,元富-台南,2023-05-02,5929
8222,寶一,13,5,8,元富-台南,2023-05-02,5929
6112,邁達特,10,3,7,元富-台南,2023-05-02,5929
2884,玉山金,7,0,7,元富-台南,2023-05-02,5929
2504,國產,7,0,7,元富-台南,2023-05-02,5929
2609,陽明,8,1,7,元富-台南,2023-05-02,5929
5457,宣德,7,0,7,元富-台南,2023-05-02,5929
00655L,國泰中國A50正2,6,0,6,元富-台南,2023-05-02,5929
01003T,兆豐新光R1,6,0,6,元富-台南,2023-05-02,5929
1789,神隆,7,1,6,元富-台南,2023-05-02,5929
3037,欣興,17,11,6,元富-台南,2023-05-02,5929
3680,家登,6,0,6,元富-台南,2023-05-02,5929
8091,翔名,6,0,6,元富-台南,2023-05-02,5929
00720B,元大投資級公司債,5,0,5,元富-台南,2023-05-02,5929
00688L,國泰20年美債正2,5,0,5,元富-台南,2023-05-02,5929
1713,國化,5,0,5,元富-台南,2023-05-02,5929
1722,台肥,12,7,5,元富-台南,2023-05-02,5929
1809,中釉,5,0,5,元富-台南,2023-05-02,5929
2820,華票,5,0,5,元富-台南,2023-05-02,5929
3038,全台,5,0,5,元富-台南,2023-05-02,5929
3322,建舜電,5,0,5,元富-台南,2023-05-02,5929
3512,皇龍,5,0,5,元富-台南,2023-05-02,5929
3704,合勤控,5,0,5,元富-台南,2023-05-02,5929
2913,農林,319,3,316,元富-台南,2023-05-03,5929
2891,中信金,231,11,220,元富-台南,2023-05-03,5929
3481,群創,100,2,98,元富-台南,2023-05-03,5929
4114,健喬,61,0,61,元富-台南,2023-05-03,5929
1609,大亞,45,11,34,元富-台南,2023-05-03,5929
00715L,期街口布蘭特正2,33,0,33,元富-台南,2023-05-03,5929
2362,藍天,30,0,30,元富-台南,2023-05-03,5929
1710,東聯,30,1,29,元富-台南,2023-05-03,5929
1513,中興電,38,10,28,元富-台南,2023-05-03,5929
00665L,富邦�琤肭磪囓�2,25,0,25,元富-台南,2023-05-03,5929
3265,台星科,28,3,25,元富-台南,2023-05-03,5929
1101,台泥,32,8,24,元富-台南,2023-05-03,5929
2504,國產,27,3,24,元富-台南,2023-05-03,5929
00642U,期元大S＆P石油,22,0,22,元富-台南,2023-05-03,5929
01003T,兆豐新光R1,21,0,21,元富-台南,2023-05-03,5929
2323,中環,20,0,20,元富-台南,2023-05-03,5929
2609,陽明,18,0,18,元富-台南,2023-05-03,5929
00712,復華富時不動產,19,1,18,元富-台南,2023-05-03,5929
2337,旺宏,15,0,15,元富-台南,2023-05-03,5929
2540,愛山林,15,0,15,元富-台南,2023-05-03,5929
2888B,新光金乙特,15,0,15,元富-台南,2023-05-03,5929
2603,長榮,19,7,12,元富-台南,2023-05-03,5929
2417,圓剛,12,0,12,元富-台南,2023-05-03,5929
8403,盛弘,12,0,12,元富-台南,2023-05-03,5929
1504,東元,11,0,11,元富-台南,2023-05-03,5929
0056,元大高股息,10,0,10,元富-台南,2023-05-03,5929
2633,台灣高鐵,10,0,10,元富-台南,2023-05-03,5929
2610,華航,10,1,9,元富-台南,2023-05-03,5929
2618,長榮航,10,1,9,元富-台南,2023-05-03,5929
6712,長聖,9,0,9,元富-台南,2023-05-03,5929
2344,華邦電,11,3,8,元富-台南,2023-05-03,5929
2634,漢翔,33,25,8,元富-台南,2023-05-03,5929
4541,晟田,11,3,8,元富-台南,2023-05-03,5929
6234,高僑,26,18,8,元富-台南,2023-05-03,5929
2409,友達,7,0,7,元富-台南,2023-05-03,5929
00902,中信電池及儲能,7,0,7,元富-台南,2023-05-03,5929
3035,智原,7,0,7,元富-台南,2023-05-03,5929
3714,富采,6,0,6,元富-台南,2023-05-03,5929
1514,亞力,13,7,6,元富-台南,2023-05-03,5929
2312,金寶,6,0,6,元富-台南,2023-05-03,5929
6672,騰輝電子-KY,6,0,6,元富-台南,2023-05-03,5929
1519,華城,14,9,5,元富-台南,2023-05-03,5929
6531,愛普*,5,0,5,元富-台南,2023-05-03,5929
00679B,元大美債20年,5,0,5,元富-台南,2023-05-03,5929
00676R,富邦臺灣加權反1,5,0,5,元富-台南,2023-05-03,5929
00853B,統一美債10年Aa-,5,0,5,元富-台南,2023-05-03,5929
00922,國泰台灣領袖50,5,0,5,元富-台南,2023-05-03,5929
2429,銘旺科,5,0,5,元富-台南,2023-05-03,5929
2820,華票,5,0,5,元富-台南,2023-05-03,5929
5457,宣德,5,0,5,元富-台南,2023-05-03,5929
3356,奇偶,132,6,126,元富-台南,2023-05-04,5929
00715L,期街口布蘭特正2,85,13,72,元富-台南,2023-05-04,5929
9907,統一實,40,0,40,元富-台南,2023-05-04,5929
1722,台肥,31,0,31,元富-台南,2023-05-04,5929
00712,復華富時不動產,29,0,29,元富-台南,2023-05-04,5929
2323,中環,28,0,28,元富-台南,2023-05-04,5929
2610,華航,25,0,25,元富-台南,2023-05-04,5929
00642U,期元大S＆P石油,21,0,21,元富-台南,2023-05-04,5929
6443,元晶,17,0,17,元富-台南,2023-05-04,5929
2890,永豐金,17,0,17,元富-台南,2023-05-04,5929
2881A,富邦特,15,0,15,元富-台南,2023-05-04,5929
2344,華邦電,15,2,13,元富-台南,2023-05-04,5929
6163,華電網,13,0,13,元富-台南,2023-05-04,5929
1513,中興電,51,39,12,元富-台南,2023-05-04,5929
00885,富邦越南,11,0,11,元富-台南,2023-05-04,5929
2002,中鋼,11,0,11,元富-台南,2023-05-04,5929
2208,台船,12,1,11,元富-台南,2023-05-04,5929
2609,陽明,11,0,11,元富-台南,2023-05-04,5929
2426,鼎元,10,0,10,元富-台南,2023-05-04,5929
1904,正隆,32,23,9,元富-台南,2023-05-04,5929
2009,第一銅,10,1,9,元富-台南,2023-05-04,5929
2634,漢翔,22,13,9,元富-台南,2023-05-04,5929
4744,皇將,9,0,9,元富-台南,2023-05-04,5929
5425,台半,11,3,8,元富-台南,2023-05-04,5929
3324,雙鴻,7,0,7,元富-台南,2023-05-04,5929
4746,台耀,7,0,7,元富-台南,2023-05-04,5929
1731,美吾華,6,0,6,元富-台南,2023-05-04,5929
2312,金寶,6,0,6,元富-台南,2023-05-04,5929
3479,安勤,10,4,6,元富-台南,2023-05-04,5929
4977,眾達-KY,6,0,6,元富-台南,2023-05-04,5929
6523,達爾膚,7,1,6,元富-台南,2023-05-04,5929
3006,晶豪科,6,1,5,元富-台南,2023-05-04,5929
01003T,兆豐新光R1,5,0,5,元富-台南,2023-05-04,5929
1455,集盛,5,0,5,元富-台南,2023-05-04,5929
1467,南緯,5,0,5,元富-台南,2023-05-04,5929
2443,昶虹,5,0,5,元富-台南,2023-05-04,5929
2457,飛宏,11,6,5,元富-台南,2023-05-04,5929
2548,華固,5,0,5,元富-台南,2023-05-04,5929
2596,綠意,5,0,5,元富-台南,2023-05-04,5929
2897,王道銀行,5,0,5,元富-台南,2023-05-04,5929
3093,港建*,5,0,5,元富-台南,2023-05-04,5929
3260,威剛,5,0,5,元富-台南,2023-05-04,5929
3338,泰碩,5,0,5,元富-台南,2023-05-04,5929
4960,誠美材,5,0,5,元富-台南,2023-05-04,5929
6148,驊宏資,6,1,5,元富-台南,2023-05-04,5929
6234,高僑,21,16,5,元富-台南,2023-05-04,5929
6244,茂迪,9,4,5,元富-台南,2023-05-04,5929
9939,宏全,5,0,5,元富-台南,2023-05-04,5929
1786,科妍,5,0,5,元富-台南,2023-05-04,5929
4104,佳醫,5,0,5,元富-台南,2023-05-04,5929
2609,陽明,417,3,414,元富-台南,2023-05-05,5929
00715L,期街口布蘭特正2,68,6,62,元富-台南,2023-05-05,5929
1609,大亞,90,30,60,元富-台南,2023-05-05,5929
1444,力麗,50,0,50,元富-台南,2023-05-05,5929
00878,國泰永續高股息,46,0,46,元富-台南,2023-05-05,5929
2630,亞航,33,0,33,元富-台南,2023-05-05,5929
3338,泰碩,63,30,33,元富-台南,2023-05-05,5929
00680L,元大美債20正2,31,0,31,元富-台南,2023-05-05,5929
4581,光隆精密-KY,30,0,30,元富-台南,2023-05-05,5929
2002,中鋼,26,2,24,元富-台南,2023-05-05,5929
2897,王道銀行,25,1,24,元富-台南,2023-05-05,5929
3712,永崴投控,24,0,24,元富-台南,2023-05-05,5929
3682,亞太電,43,21,22,元富-台南,2023-05-05,5929
3005,神基,21,1,20,元富-台南,2023-05-05,5929
2362,藍天,20,0,20,元富-台南,2023-05-05,5929
2881A,富邦特,20,0,20,元富-台南,2023-05-05,5929
3032,偉訓,20,0,20,元富-台南,2023-05-05,5929
2913,農林,25,8,17,元富-台南,2023-05-05,5929
00725B,國泰投資級公司債,16,0,16,元富-台南,2023-05-05,5929
5009,榮剛,22,7,15,元富-台南,2023-05-05,5929
2492,華新科,20,5,15,元富-台南,2023-05-05,5929
8215,明基材,23,8,15,元富-台南,2023-05-05,5929
6806,森崴能源,15,2,13,元富-台南,2023-05-05,5929
3419,譁裕,12,0,12,元富-台南,2023-05-05,5929
6244,茂迪,20,8,12,元富-台南,2023-05-05,5929
3706,神達,11,0,11,元富-台南,2023-05-05,5929
2457,飛宏,12,1,11,元富-台南,2023-05-05,5929
00712,復華富時不動產,15,4,11,元富-台南,2023-05-05,5929
00924,復華S＆P500成長,10,0,10,元富-台南,2023-05-05,5929
2540,愛山林,10,0,10,元富-台南,2023-05-05,5929
3479,安勤,13,3,10,元富-台南,2023-05-05,5929
5465,富驊,10,0,10,元富-台南,2023-05-05,5929
6550,北極星藥業-KY,10,0,10,元富-台南,2023-05-05,5929
6732,昇佳電子,10,0,10,元富-台南,2023-05-05,5929
1101,台泥,14,5,9,元富-台南,2023-05-05,5929
3189,景碩,14,5,9,元富-台南,2023-05-05,5929
3390,旭軟,9,0,9,元富-台南,2023-05-05,5929
2615,萬海,10,2,8,元富-台南,2023-05-05,5929
2323,中環,8,0,8,元富-台南,2023-05-05,5929
6125,廣運,8,0,8,元富-台南,2023-05-05,5929
5309,系統電,12,4,8,元富-台南,2023-05-05,5929
2331,精英,7,0,7,元富-台南,2023-05-05,5929
3088,艾訊,7,0,7,元富-台南,2023-05-05,5929
3563,牧德,7,0,7,元富-台南,2023-05-05,5929
3714,富采,7,0,7,元富-台南,2023-05-05,5929
6269,台郡,7,0,7,元富-台南,2023-05-05,5929
6712,長聖,7,0,7,元富-台南,2023-05-05,5929
00720B,元大投資級公司債,6,0,6,元富-台南,2023-05-05,5929
2353,宏��,6,0,6,元富-台南,2023-05-05,5929
4919,新唐,6,0,6,元富-台南,2023-05-05,5929
8403,盛弘,142,2,140,元富-台南,2023-05-08,5929
3712,永崴投控,67,1,66,元富-台南,2023-05-08,5929
2362,藍天,60,0,60,元富-台南,2023-05-08,5929
3211,順達,60,0,60,元富-台南,2023-05-08,5929
1904,正隆,54,1,53,元富-台南,2023-05-08,5929
1310,台苯,50,1,49,元富-台南,2023-05-08,5929
2883,凱基金,61,13,48,元富-台南,2023-05-08,5929
3481,群創,37,0,37,元富-台南,2023-05-08,5929
1101,台泥,36,3,33,元富-台南,2023-05-08,5929
1605,華新,40,9,31,元富-台南,2023-05-08,5929
00715L,期街口布蘭特正2,28,8,20,元富-台南,2023-05-08,5929
00680L,元大美債20正2,20,0,20,元富-台南,2023-05-08,5929
2208,台船,20,0,20,元富-台南,2023-05-08,5929
4915,致伸,18,0,18,元富-台南,2023-05-08,5929
6806,森崴能源,23,5,18,元富-台南,2023-05-08,5929
3049,精金,17,0,17,元富-台南,2023-05-08,5929
3264,欣銓,16,0,16,元富-台南,2023-05-08,5929
6024,群益期,15,0,15,元富-台南,2023-05-08,5929
00679B,元大美債20年,12,0,12,元富-台南,2023-05-08,5929
00772B,中信高評級公司債,13,1,12,元富-台南,2023-05-08,5929
00900,富邦特選高股息30,12,0,12,元富-台南,2023-05-08,5929
2344,華邦電,11,0,11,元富-台南,2023-05-08,5929
3027,盛達,116,105,11,元富-台南,2023-05-08,5929
8049,晶采,11,0,11,元富-台南,2023-05-08,5929
00878,國泰永續高股息,12,1,11,元富-台南,2023-05-08,5929
2880,華南金,10,0,10,元富-台南,2023-05-08,5929
2430,燦坤,10,0,10,元富-台南,2023-05-08,5929
2913,農林,10,0,10,元富-台南,2023-05-08,5929
3376,新日興,10,0,10,元富-台南,2023-05-08,5929
8240,華宏,10,0,10,元富-台南,2023-05-08,5929
6147,頎邦,10,1,9,元富-台南,2023-05-08,5929
2402,毅嘉,10,2,8,元富-台南,2023-05-08,5929
4541,晟田,10,2,8,元富-台南,2023-05-08,5929
2888,新光金,7,0,7,元富-台南,2023-05-08,5929
1319,東陽,8,1,7,元富-台南,2023-05-08,5929
5608,四維航,7,0,7,元富-台南,2023-05-08,5929
6241,易通展,7,0,7,元富-台南,2023-05-08,5929
6829,千附精密,6,0,6,元富-台南,2023-05-08,5929
2454,聯發科,5,0,5,元富-台南,2023-05-08,5929
3714,富采,5,0,5,元富-台南,2023-05-08,5929
4763,材料-KY,5,0,5,元富-台南,2023-05-08,5929
2313,華通,5,0,5,元富-台南,2023-05-08,5929
00687B,國泰20年美債,5,0,5,元富-台南,2023-05-08,5929
01003T,兆豐新光R1,5,0,5,元富-台南,2023-05-08,5929
00923,群益台ESG低碳50,5,0,5,元富-台南,2023-05-08,5929
00688L,國泰20年美債正2,5,0,5,元富-台南,2023-05-08,5929
1809,中釉,5,0,5,元富-台南,2023-05-08,5929
3338,泰碩,11,6,5,元富-台南,2023-05-08,5929
6169,昱泉,5,0,5,元富-台南,2023-05-08,5929
6180,橘子,5,0,5,元富-台南,2023-05-08,5929
3481,群創,121,17,104,元富-台南,2023-05-09,5929
1513,中興電,190,103,87,元富-台南,2023-05-09,5929
00680L,元大美債20正2,85,4,81,元富-台南,2023-05-09,5929
8403,盛弘,52,0,52,元富-台南,2023-05-09,5929
9939,宏全,50,0,50,元富-台南,2023-05-09,5929
6282,康舒,47,3,44,元富-台南,2023-05-09,5929
1904,正隆,57,15,42,元富-台南,2023-05-09,5929
1609,大亞,74,38,36,元富-台南,2023-05-09,5929
2363,矽統,28,0,28,元富-台南,2023-05-09,5929
00687B,國泰20年美債,25,0,25,元富-台南,2023-05-09,5929
8415,大國鋼,24,0,24,元富-台南,2023-05-09,5929
1409,新纖,22,0,22,元富-台南,2023-05-09,5929
1605,華新,23,2,21,元富-台南,2023-05-09,5929
6248,沛波,30,10,20,元富-台南,2023-05-09,5929
00772B,中信高評級公司債,19,0,19,元富-台南,2023-05-09,5929
6806,森崴能源,15,1,14,元富-台南,2023-05-09,5929
4164,承業醫,13,0,13,元富-台南,2023-05-09,5929
2609,陽明,13,0,13,元富-台南,2023-05-09,5929
00688L,國泰20年美債正2,13,0,13,元富-台南,2023-05-09,5929
1905,華紙,24,11,13,元富-台南,2023-05-09,5929
1504,東元,14,2,12,元富-台南,2023-05-09,5929
2017,官田鋼,12,0,12,元富-台南,2023-05-09,5929
2883,凱基金,38,26,12,元富-台南,2023-05-09,5929
00900,富邦特選高股息30,11,0,11,元富-台南,2023-05-09,5929
00725B,國泰投資級公司債,11,0,11,元富-台南,2023-05-09,5929
4915,致伸,11,0,11,元富-台南,2023-05-09,5929
00720B,元大投資級公司債,10,0,10,元富-台南,2023-05-09,5929
2031,新光鋼,10,0,10,元富-台南,2023-05-09,5929
2332,友訊,10,0,10,元富-台南,2023-05-09,5929
3013,晟銘電,10,0,10,元富-台南,2023-05-09,5929
3041,揚智,10,0,10,元富-台南,2023-05-09,5929
3622,洋華,10,0,10,元富-台南,2023-05-09,5929
4138,曜亞,10,0,10,元富-台南,2023-05-09,5929
4968,立積,25,15,10,元富-台南,2023-05-09,5929
6122,擎邦,13,3,10,元富-台南,2023-05-09,5929
8069,元太,10,0,10,元富-台南,2023-05-09,5929
2891,中信金,10,0,10,元富-台南,2023-05-09,5929
3059,華晶科,10,1,9,元富-台南,2023-05-09,5929
3338,泰碩,19,10,9,元富-台南,2023-05-09,5929
2027,大成鋼,12,3,9,元富-台南,2023-05-09,5929
2884,玉山金,8,0,8,元富-台南,2023-05-09,5929
00902,中信電池及儲能,8,0,8,元富-台南,2023-05-09,5929
6443,元晶,10,2,8,元富-台南,2023-05-09,5929
00773B,中信優先金融債,7,0,7,元富-台南,2023-05-09,5929
00751B,元大AAA至A公司債,7,0,7,元富-台南,2023-05-09,5929
4919,新唐,13,6,7,元富-台南,2023-05-09,5929
00781B,國泰A級科技債,7,0,7,元富-台南,2023-05-09,5929
6152,百一,7,0,7,元富-台南,2023-05-09,5929
6275,元山,10,3,7,元富-台南,2023-05-09,5929
8436,大江,8,1,7,元富-台南,2023-05-09,5929
2618,長榮航,157,16,141,元富-台南,2023-05-10,5929
6282,康舒,90,8,82,元富-台南,2023-05-10,5929
00878,國泰永續高股息,58,8,50,元富-台南,2023-05-10,5929
2610,華航,61,17,44,元富-台南,2023-05-10,5929
00712,復華富時不動產,44,1,43,元富-台南,2023-05-10,5929
6139,亞翔,106,63,43,元富-台南,2023-05-10,5929
2851,中再保,35,0,35,元富-台南,2023-05-10,5929
1762,中化生,30,1,29,元富-台南,2023-05-10,5929
2834,臺企銀,21,0,21,元富-台南,2023-05-10,5929
3013,晟銘電,20,0,20,元富-台南,2023-05-10,5929
4164,承業醫,20,1,19,元富-台南,2023-05-10,5929
2634,漢翔,26,7,19,元富-台南,2023-05-10,5929
8091,翔名,18,0,18,元富-台南,2023-05-10,5929
8403,盛弘,25,8,17,元富-台南,2023-05-10,5929
8222,寶一,19,3,16,元富-台南,2023-05-10,5929
1303,南亞,15,0,15,元富-台南,2023-05-10,5929
2337,旺宏,14,0,14,元富-台南,2023-05-10,5929
00720B,元大投資級公司債,12,0,12,元富-台南,2023-05-10,5929
2515,中工,12,0,12,元富-台南,2023-05-10,5929
00713,元大台灣高息低波,11,0,11,元富-台南,2023-05-10,5929
00900,富邦特選高股息30,11,0,11,元富-台南,2023-05-10,5929
00680L,元大美債20正2,11,0,11,元富-台南,2023-05-10,5929
00642U,期元大S＆P石油,12,1,11,元富-台南,2023-05-10,5929
6274,台燿,11,0,11,元富-台南,2023-05-10,5929
2887,台新金,10,0,10,元富-台南,2023-05-10,5929
00665L,富邦�琤肭磪囓�2,10,0,10,元富-台南,2023-05-10,5929
2402,毅嘉,10,0,10,元富-台南,2023-05-10,5929
2845,遠東銀,10,0,10,元富-台南,2023-05-10,5929
5465,富驊,10,0,10,元富-台南,2023-05-10,5929
00687B,國泰20年美債,9,0,9,元富-台南,2023-05-10,5929
3231,緯創,18,9,9,元富-台南,2023-05-10,5929
00688L,國泰20年美債正2,8,0,8,元富-台南,2023-05-10,5929
2324,仁寶,10,2,8,元富-台南,2023-05-10,5929
2630,亞航,8,0,8,元富-台南,2023-05-10,5929
3037,欣興,10,2,8,元富-台南,2023-05-10,5929
2489,瑞軒,10,3,7,元富-台南,2023-05-10,5929
3264,欣銓,11,5,6,元富-台南,2023-05-10,5929
1337,再生-KY,6,0,6,元富-台南,2023-05-10,5929
3071,協禧,6,0,6,元富-台南,2023-05-10,5929
4746,台耀,6,0,6,元富-台南,2023-05-10,5929
4915,致伸,6,0,6,元富-台南,2023-05-10,5929
6275,元山,8,2,6,元富-台南,2023-05-10,5929
1795,美時,12,6,6,元富-台南,2023-05-10,5929
2208,台船,5,0,5,元富-台南,2023-05-10,5929
00753L,中信中國50正2,5,0,5,元富-台南,2023-05-10,5929
2605,新興,5,0,5,元富-台南,2023-05-10,5929
3712,永崴投控,9,4,5,元富-台南,2023-05-10,5929
6163,華電網,9,4,5,元富-台南,2023-05-10,5929
0056,元大高股息,4,0,4,元富-台南,2023-05-10,5929
00922,國泰台灣領袖50,4,0,4,元富-台南,2023-05-10,5929
00878,國泰永續高股息,110,0,110,元富-台南,2023-05-11,5929
00637L,元大滬深300正2,190,90,100,元富-台南,2023-05-11,5929
2618,長榮航,65,0,65,元富-台南,2023-05-11,5929
2888,新光金,51,0,51,元富-台南,2023-05-11,5929
9907,統一實,36,0,36,元富-台南,2023-05-11,5929
2609,陽明,33,0,33,元富-台南,2023-05-11,5929
1589,永冠-KY,32,0,32,元富-台南,2023-05-11,5929
3038,全台,30,0,30,元富-台南,2023-05-11,5929
8091,翔名,26,0,26,元富-台南,2023-05-11,5929
2027,大成鋼,24,0,24,元富-台南,2023-05-11,5929
3682,亞太電,21,0,21,元富-台南,2023-05-11,5929
6276,安鈦克,20,0,20,元富-台南,2023-05-11,5929
2851,中再保,20,1,19,元富-台南,2023-05-11,5929
1609,大亞,43,25,18,元富-台南,2023-05-11,5929
2017,官田鋼,18,0,18,元富-台南,2023-05-11,5929
5009,榮剛,22,8,14,元富-台南,2023-05-11,5929
6806,森崴能源,16,3,13,元富-台南,2023-05-11,5929
4919,新唐,11,0,11,元富-台南,2023-05-11,5929
1101,台泥,13,2,11,元富-台南,2023-05-11,5929
4979,華星光,11,0,11,元富-台南,2023-05-11,5929
1319,東陽,11,0,11,元富-台南,2023-05-11,5929
2402,毅嘉,11,0,11,元富-台南,2023-05-11,5929
2812,台中銀,11,0,11,元富-台南,2023-05-11,5929
2890,永豐金,11,1,10,元富-台南,2023-05-11,5929
1612,宏泰,10,0,10,元富-台南,2023-05-11,5929
2515,中工,10,0,10,元富-台南,2023-05-11,5929
2605,新興,12,2,10,元富-台南,2023-05-11,5929
3013,晟銘電,10,0,10,元富-台南,2023-05-11,5929
4138,曜亞,16,6,10,元富-台南,2023-05-11,5929
4550,長佳,10,0,10,元富-台南,2023-05-11,5929
4915,致伸,9,0,9,元富-台南,2023-05-11,5929
6167,久正,10,1,9,元富-台南,2023-05-11,5929
1795,美時,9,1,8,元富-台南,2023-05-11,5929
1522,堤維西,8,0,8,元富-台南,2023-05-11,5929
2312,金寶,8,0,8,元富-台南,2023-05-11,5929
2344,華邦電,23,15,8,元富-台南,2023-05-11,5929
2358,廷鑫,8,0,8,元富-台南,2023-05-11,5929
8415,大國鋼,8,0,8,元富-台南,2023-05-11,5929
6285,啟��,8,1,7,元富-台南,2023-05-11,5929
00900,富邦特選高股息30,8,1,7,元富-台南,2023-05-11,5929
3363,上詮,9,2,7,元富-台南,2023-05-11,5929
6160,欣技,9,2,7,元富-台南,2023-05-11,5929
6244,茂迪,10,3,7,元富-台南,2023-05-11,5929
00857B,永豐20年美公債,6,0,6,元富-台南,2023-05-11,5929
2495,普安,7,1,6,元富-台南,2023-05-11,5929
3088,艾訊,6,0,6,元富-台南,2023-05-11,5929
1742,台蠟,5,0,5,元富-台南,2023-05-11,5929
1789,神隆,5,0,5,元富-台南,2023-05-11,5929
2014,中鴻,5,0,5,元富-台南,2023-05-11,5929
2421,建準,10,5,5,元富-台南,2023-05-11,5929
00637L,元大滬深300正2,306,200,106,元富-台南,2023-05-12,5929
00715L,期街口布蘭特正2,74,0,74,元富-台南,2023-05-12,5929
2890,永豐金,32,0,32,元富-台南,2023-05-12,5929
2027,大成鋼,30,0,30,元富-台南,2023-05-12,5929
3481,群創,25,0,25,元富-台南,2023-05-12,5929
00878,國泰永續高股息,26,2,24,元富-台南,2023-05-12,5929
1795,美時,24,0,24,元富-台南,2023-05-12,5929
6188,廣明,23,0,23,元富-台南,2023-05-12,5929
3682,亞太電,22,0,22,元富-台南,2023-05-12,5929
3624,光頡,21,0,21,元富-台南,2023-05-12,5929
00665L,富邦�琤肭磪囓�2,25,5,20,元富-台南,2023-05-12,5929
2489,瑞軒,20,0,20,元富-台南,2023-05-12,5929
2637,慧洋-KY,20,0,20,元富-台南,2023-05-12,5929
4513,福裕,18,0,18,元富-台南,2023-05-12,5929
3038,全台,23,6,17,元富-台南,2023-05-12,5929
1504,東元,61,46,15,元富-台南,2023-05-12,5929
2104,國際中橡,15,0,15,元富-台南,2023-05-12,5929
6122,擎邦,28,14,14,元富-台南,2023-05-12,5929
2630,亞航,13,0,13,元富-台南,2023-05-12,5929
1101,台泥,12,0,12,元富-台南,2023-05-12,5929
2891,中信金,12,0,12,元富-台南,2023-05-12,5929
6605,帝寶,12,0,12,元富-台南,2023-05-12,5929
2838,聯邦銀,10,0,10,元富-台南,2023-05-12,5929
3058,立德,10,0,10,元富-台南,2023-05-12,5929
3264,欣銓,10,0,10,元富-台南,2023-05-12,5929
4128,中天,10,0,10,元富-台南,2023-05-12,5929
6180,橘子,10,0,10,元富-台南,2023-05-12,5929
6244,茂迪,10,0,10,元富-台南,2023-05-12,5929
2883,凱基金,9,0,9,元富-台南,2023-05-12,5929
6712,長聖,9,0,9,元富-台南,2023-05-12,5929
2882,國泰金,9,0,9,元富-台南,2023-05-12,5929
8415,大國鋼,8,0,8,元富-台南,2023-05-12,5929
2634,漢翔,31,24,7,元富-台南,2023-05-12,5929
4147,中裕,9,2,7,元富-台南,2023-05-12,5929
2812,台中銀,6,0,6,元富-台南,2023-05-12,5929
2303,聯電,6,0,6,元富-台南,2023-05-12,5929
2308,台達電,6,0,6,元富-台南,2023-05-12,5929
3714,富采,6,0,6,元富-台南,2023-05-12,5929
6770,力積電,6,0,6,元富-台南,2023-05-12,5929
2888,新光金,28,23,5,元富-台南,2023-05-12,5929
1104,環泥,5,0,5,元富-台南,2023-05-12,5929
00673R,期元大S＆P原油反1,6,1,5,元富-台南,2023-05-12,5929
1605,華新,7,2,5,元富-台南,2023-05-12,5929
1612,宏泰,5,0,5,元富-台南,2023-05-12,5929
2031,新光鋼,5,0,5,元富-台南,2023-05-12,5929
2358,廷鑫,5,0,5,元富-台南,2023-05-12,5929
2457,飛宏,14,9,5,元富-台南,2023-05-12,5929
2897,王道銀行,5,0,5,元富-台南,2023-05-12,5929
4934,太極,5,0,5,元富-台南,2023-05-12,5929
6016,康和證,5,0,5,元富-台南,2023-05-12,5929
00637L,元大滬深300正2,100,0,100,元富-台南,2023-05-15,5929
2352,佳世達,79,5,74,元富-台南,2023-05-15,5929
2331,精英,50,0,50,元富-台南,2023-05-15,5929
00878,國泰永續高股息,31,0,31,元富-台南,2023-05-15,5929
6139,亞翔,31,1,30,元富-台南,2023-05-15,5929
5258,虹堡,24,0,24,元富-台南,2023-05-15,5929
1101,台泥,25,1,24,元富-台南,2023-05-15,5929
2888,新光金,23,2,21,元富-台南,2023-05-15,5929
4967,十銓,24,3,21,元富-台南,2023-05-15,5929
5015,華祺,20,0,20,元富-台南,2023-05-15,5929
6712,長聖,25,6,19,元富-台南,2023-05-15,5929
2303,聯電,18,0,18,元富-台南,2023-05-15,5929
2618,長榮航,21,3,18,元富-台南,2023-05-15,5929
3479,安勤,22,4,18,元富-台南,2023-05-15,5929
00715L,期街口布蘭特正2,17,0,17,元富-台南,2023-05-15,5929
00680L,元大美債20正2,19,4,15,元富-台南,2023-05-15,5929
00706L,期元大S＆P日圓正2,15,0,15,元富-台南,2023-05-15,5929
3481,群創,15,0,15,元富-台南,2023-05-15,5929
2371,大同,30,16,14,元富-台南,2023-05-15,5929
3038,全台,14,1,13,元富-台南,2023-05-15,5929
4138,曜亞,12,1,11,元富-台南,2023-05-15,5929
8936,國統,10,0,10,元富-台南,2023-05-15,5929
00655L,國泰中國A50正2,9,0,9,元富-台南,2023-05-15,5929
2317,鴻海,11,3,8,元富-台南,2023-05-15,5929
3105,穩懋,8,0,8,元富-台南,2023-05-15,5929
2634,漢翔,12,5,7,元富-台南,2023-05-15,5929
2845,遠東銀,7,0,7,元富-台南,2023-05-15,5929
8436,大江,7,0,7,元富-台南,2023-05-15,5929
6182,合晶,7,1,6,元富-台南,2023-05-15,5929
00725B,國泰投資級公司債,6,0,6,元富-台南,2023-05-15,5929
00687B,國泰20年美債,6,0,6,元富-台南,2023-05-15,5929
2540,愛山林,6,0,6,元富-台南,2023-05-15,5929
2890,永豐金,6,0,6,元富-台南,2023-05-15,5929
4961,天鈺,7,1,6,元富-台南,2023-05-15,5929
00713,元大台灣高息低波,5,0,5,元富-台南,2023-05-15,5929
2461,光群雷,5,0,5,元富-台南,2023-05-15,5929
2913,農林,5,0,5,元富-台南,2023-05-15,5929
3062,建漢,5,0,5,元富-台南,2023-05-15,5929
3704,合勤控,5,0,5,元富-台南,2023-05-15,5929
5864,致和證,5,0,5,元富-台南,2023-05-15,5929
3231,緯創,9,4,5,元富-台南,2023-05-15,5929
2542,興富發,4,0,4,元富-台南,2023-05-15,5929
00673R,期元大S＆P原油反1,4,0,4,元富-台南,2023-05-15,5929
1609,大亞,13,9,4,元富-台南,2023-05-15,5929
6005,群益證,4,0,4,元富-台南,2023-05-15,5929
6141,柏承,4,0,4,元富-台南,2023-05-15,5929
6244,茂迪,4,0,4,元富-台南,2023-05-15,5929
4164,承業醫,3,0,3,元富-台南,2023-05-15,5929
2382,廣達,8,5,3,元富-台南,2023-05-15,5929
0056,元大高股息,3,0,3,元富-台南,2023-05-15,5929
2801,彰銀,202,0,202,元富-台南,2023-05-16,5929
6282,康舒,100,1,99,元富-台南,2023-05-16,5929
2457,飛宏,101,12,89,元富-台南,2023-05-16,5929
00687B,國泰20年美債,63,0,63,元富-台南,2023-05-16,5929
2352,佳世達,51,0,51,元富-台南,2023-05-16,5929
00680L,元大美債20正2,46,0,46,元富-台南,2023-05-16,5929
5009,榮剛,41,0,41,元富-台南,2023-05-16,5929
00772B,中信高評級公司債,37,0,37,元富-台南,2023-05-16,5929
1504,東元,112,88,24,元富-台南,2023-05-16,5929
2888,新光金,20,0,20,元富-台南,2023-05-16,5929
00720B,元大投資級公司債,20,0,20,元富-台南,2023-05-16,5929
2630,亞航,20,0,20,元富-台南,2023-05-16,5929
00878,國泰永續高股息,49,30,19,元富-台南,2023-05-16,5929
00773B,中信優先金融債,14,0,14,元富-台南,2023-05-16,5929
00725B,國泰投資級公司債,12,0,12,元富-台南,2023-05-16,5929
1604,聲寶,10,0,10,元富-台南,2023-05-16,5929
00751B,元大AAA至A公司債,10,0,10,元富-台南,2023-05-16,5929
3025,星通,10,0,10,元富-台南,2023-05-16,5929
3265,台星科,10,0,10,元富-台南,2023-05-16,5929
5512,力麒,10,0,10,元富-台南,2023-05-16,5929
2891,中信金,10,1,9,元富-台南,2023-05-16,5929
5347,世界,8,0,8,元富-台南,2023-05-16,5929
6712,長聖,11,3,8,元富-台南,2023-05-16,5929
2634,漢翔,12,6,6,元富-台南,2023-05-16,5929
00780B,國泰A級金融債,6,0,6,元富-台南,2023-05-16,5929
00761B,國泰A級公司債,6,0,6,元富-台南,2023-05-16,5929
1784,訊聯,10,4,6,元富-台南,2023-05-16,5929
6101,寬魚國際,6,0,6,元富-台南,2023-05-16,5929
8105,凌巨,6,0,6,元富-台南,2023-05-16,5929
00688L,國泰20年美債正2,5,0,5,元富-台南,2023-05-16,5929
2323,中環,10,5,5,元富-台南,2023-05-16,5929
3017,奇鋐,11,6,5,元富-台南,2023-05-16,5929
4956,光鋐,5,0,5,元富-台南,2023-05-16,5929
6257,矽格,5,0,5,元富-台南,2023-05-16,5929
6494,九齊,5,0,5,元富-台南,2023-05-16,5929
2890,永豐金,5,0,5,元富-台南,2023-05-16,5929
4979,華星光,6,1,5,元富-台南,2023-05-16,5929
3324,雙鴻,5,1,4,元富-台南,2023-05-16,5929
00902,中信電池及儲能,4,0,4,元富-台南,2023-05-16,5929
1340,勝悅-KY,4,0,4,元富-台南,2023-05-16,5929
1709,和益,4,0,4,元富-台南,2023-05-16,5929
2027,大成鋼,4,0,4,元富-台南,2023-05-16,5929
4120,友華,4,0,4,元富-台南,2023-05-16,5929
4714,永捷,4,0,4,元富-台南,2023-05-16,5929
4967,十銓,8,4,4,元富-台南,2023-05-16,5929
6167,久正,4,0,4,元富-台南,2023-05-16,5929
6285,啟��,7,3,4,元富-台南,2023-05-16,5929
4919,新唐,4,0,4,元富-台南,2023-05-16,5929
2317,鴻海,3,0,3,元富-台南,2023-05-16,5929
6143,振曜,4,1,3,元富-台南,2023-05-16,5929
2498,宏達電,187,61,126,元富-台南,2023-05-17,5929
00687B,國泰20年美債,62,0,62,元富-台南,2023-05-17,5929
6282,康舒,55,5,50,元富-台南,2023-05-17,5929
3046,建��,54,5,49,元富-台南,2023-05-17,5929
00878,國泰永續高股息,32,0,32,元富-台南,2023-05-17,5929
2443,昶虹,30,0,30,元富-台南,2023-05-17,5929
3479,安勤,30,1,29,元富-台南,2023-05-17,5929
6285,啟��,27,1,26,元富-台南,2023-05-17,5929
00680L,元大美債20正2,26,0,26,元富-台南,2023-05-17,5929
4915,致伸,27,4,23,元富-台南,2023-05-17,5929
00688L,國泰20年美債正2,15,0,15,元富-台南,2023-05-17,5929
00720B,元大投資級公司債,14,0,14,元富-台南,2023-05-17,5929
2421,建準,19,5,14,元富-台南,2023-05-17,5929
3673,TPK-KY,15,2,13,元富-台南,2023-05-17,5929
3078,僑威,15,2,13,元富-台南,2023-05-17,5929
00715L,期街口布蘭特正2,18,6,12,元富-台南,2023-05-17,5929
6223,旺矽,12,0,12,元富-台南,2023-05-17,5929
00706L,期元大S＆P日圓正2,10,0,10,元富-台南,2023-05-17,5929
2301,光寶科,10,0,10,元富-台南,2023-05-17,5929
2630,亞航,11,1,10,元富-台南,2023-05-17,5929
6116,彩晶,10,0,10,元富-台南,2023-05-17,5929
2331,精英,20,11,9,元富-台南,2023-05-17,5929
00772B,中信高評級公司債,9,0,9,元富-台南,2023-05-17,5929
00885,富邦越南,9,0,9,元富-台南,2023-05-17,5929
00637L,元大滬深300正2,189,180,9,元富-台南,2023-05-17,5929
2352,佳世達,23,14,9,元富-台南,2023-05-17,5929
2027,大成鋼,10,2,8,元富-台南,2023-05-17,5929
1605,華新,8,0,8,元富-台南,2023-05-17,5929
1608,華榮,14,6,8,元富-台南,2023-05-17,5929
6138,茂達,7,0,7,元富-台南,2023-05-17,5929
00773B,中信優先金融債,7,0,7,元富-台南,2023-05-17,5929
1513,中興電,8,2,6,元富-台南,2023-05-17,5929
1609,大亞,17,11,6,元富-台南,2023-05-17,5929
2329,華泰,6,0,6,元富-台南,2023-05-17,5929
3029,零壹,8,2,6,元富-台南,2023-05-17,5929
3694,海華,6,0,6,元富-台南,2023-05-17,5929
1337,再生-KY,5,0,5,元富-台南,2023-05-17,5929
00633L,富邦上証正2,5,0,5,元富-台南,2023-05-17,5929
00751B,元大AAA至A公司債,5,0,5,元富-台南,2023-05-17,5929
1467,南緯,5,0,5,元富-台南,2023-05-17,5929
2337,旺宏,10,5,5,元富-台南,2023-05-17,5929
2617,台航,5,0,5,元富-台南,2023-05-17,5929
3052,夆典,10,5,5,元富-台南,2023-05-17,5929
3715,定穎投控,9,4,5,元富-台南,2023-05-17,5929
6776,展�眥篕�,5,0,5,元富-台南,2023-05-17,5929
8938,明安,5,0,5,元富-台南,2023-05-17,5929
00761B,國泰A級公司債,4,0,4,元富-台南,2023-05-17,5929
00781B,國泰A級科技債,4,0,4,元富-台南,2023-05-17,5929
00780B,國泰A級金融債,4,0,4,元富-台南,2023-05-17,5929
1611,中電,10,6,4,元富-台南,2023-05-17,5929
8403,盛弘,107,0,107,元富-台南,2023-05-18,5929
2801,彰銀,100,2,98,元富-台南,2023-05-18,5929
2457,飛宏,110,13,97,元富-台南,2023-05-18,5929
1513,中興電,81,31,50,元富-台南,2023-05-18,5929
1503,士電,59,10,49,元富-台南,2023-05-18,5929
6116,彩晶,52,10,42,元富-台南,2023-05-18,5929
2331,精英,40,0,40,元富-台南,2023-05-18,5929
1718,中纖,35,0,35,元富-台南,2023-05-18,5929
2618,長榮航,39,11,28,元富-台南,2023-05-18,5929
00632R,元大台灣50反1,25,1,24,元富-台南,2023-05-18,5929
2630,亞航,23,1,22,元富-台南,2023-05-18,5929
1617,榮星,20,2,18,元富-台南,2023-05-18,5929
3052,夆典,18,0,18,元富-台南,2023-05-18,5929
00751B,元大AAA至A公司債,17,0,17,元富-台南,2023-05-18,5929
00680L,元大美債20正2,15,0,15,元富-台南,2023-05-18,5929
2027,大成鋼,12,0,12,元富-台南,2023-05-18,5929
6143,振曜,12,1,11,元富-台南,2023-05-18,5929
2634,漢翔,32,21,11,元富-台南,2023-05-18,5929
3088,艾訊,11,0,11,元富-台南,2023-05-18,5929
2603,長榮,10,0,10,元富-台南,2023-05-18,5929
2515,中工,10,0,10,元富-台南,2023-05-18,5929
2913,農林,10,0,10,元富-台南,2023-05-18,5929
3167,大量,10,0,10,元富-台南,2023-05-18,5929
4952,凌通,10,0,10,元富-台南,2023-05-18,5929
5015,華祺,10,0,10,元富-台南,2023-05-18,5929
9907,統一實,10,0,10,元富-台南,2023-05-18,5929
00633L,富邦上証正2,9,0,9,元富-台南,2023-05-18,5929
1529,樂事綠能,8,0,8,元富-台南,2023-05-18,5929
6148,驊宏資,10,2,8,元富-台南,2023-05-18,5929
6248,沛波,8,0,8,元富-台南,2023-05-18,5929
3576,聯合再生,7,0,7,元富-台南,2023-05-18,5929
2421,建準,11,4,7,元富-台南,2023-05-18,5929
6285,啟��,7,0,7,元富-台南,2023-05-18,5929
00687B,國泰20年美債,6,0,6,元富-台南,2023-05-18,5929
6138,茂達,7,1,6,元富-台南,2023-05-18,5929
00637L,元大滬深300正2,6,0,6,元富-台南,2023-05-18,5929
1258,其祥-KY,6,0,6,元富-台南,2023-05-18,5929
3704,合勤控,10,4,6,元富-台南,2023-05-18,5929
4968,立積,9,3,6,元富-台南,2023-05-18,5929
5009,榮剛,6,0,6,元富-台南,2023-05-18,5929
6770,力積電,6,0,6,元富-台南,2023-05-18,5929
4906,正文,5,0,5,元富-台南,2023-05-18,5929
2812,台中銀,5,0,5,元富-台南,2023-05-18,5929
3264,欣銓,5,0,5,元富-台南,2023-05-18,5929
6185,幃翔,5,0,5,元富-台南,2023-05-18,5929
1101,台泥,4,0,4,元富-台南,2023-05-18,5929
2482,連宇,7,3,4,元富-台南,2023-05-18,5929
3006,晶豪科,5,1,4,元富-台南,2023-05-18,5929
5284,jpp-KY,4,0,4,元富-台南,2023-05-18,5929
00720B,元大投資級公司債,3,0,3,元富-台南,2023-05-18,5929
1514,亞力,205,4,201,元富-台南,2023-05-19,5929
1513,中興電,159,57,102,元富-台南,2023-05-19,5929
00637L,元大滬深300正2,100,0,100,元富-台南,2023-05-19,5929
8403,盛弘,85,0,85,元富-台南,2023-05-19,5929
5009,榮剛,117,36,81,元富-台南,2023-05-19,5929
00680L,元大美債20正2,64,0,64,元富-台南,2023-05-19,5929
6139,亞翔,87,27,60,元富-台南,2023-05-19,5929
00688L,國泰20年美債正2,60,0,60,元富-台南,2023-05-19,5929
1609,大亞,89,29,60,元富-台南,2023-05-19,5929
2382,廣達,80,35,45,元富-台南,2023-05-19,5929
00878,國泰永續高股息,95,55,40,元富-台南,2023-05-19,5929
3706,神達,77,43,34,元富-台南,2023-05-19,5929
6248,沛波,33,0,33,元富-台南,2023-05-19,5929
00679B,元大美債20年,31,0,31,元富-台南,2023-05-19,5929
2323,中環,65,37,28,元富-台南,2023-05-19,5929
8222,寶一,44,22,22,元富-台南,2023-05-19,5929
3217,優群,18,0,18,元富-台南,2023-05-19,5929
3058,立德,19,2,17,元富-台南,2023-05-19,5929
3027,盛達,16,1,15,元富-台南,2023-05-19,5929
1101,台泥,15,0,15,元富-台南,2023-05-19,5929
8110,華東,15,0,15,元富-台南,2023-05-19,5929
00720B,元大投資級公司債,15,0,15,元富-台南,2023-05-19,5929
5258,虹堡,15,1,14,元富-台南,2023-05-19,5929
4967,十銓,13,0,13,元富-台南,2023-05-19,5929
2605,新興,17,4,13,元富-台南,2023-05-19,5929
8076,伍豐,13,0,13,元富-台南,2023-05-19,5929
2371,大同,12,0,12,元富-台南,2023-05-19,5929
2471,資通,12,0,12,元富-台南,2023-05-19,5929
6116,彩晶,12,0,12,元富-台南,2023-05-19,5929
8072,陞泰,12,0,12,元富-台南,2023-05-19,5929
6143,振曜,13,2,11,元富-台南,2023-05-19,5929
00632R,元大台灣50反1,11,1,10,元富-台南,2023-05-19,5929
6288,聯嘉,11,1,10,元富-台南,2023-05-19,5929
2887,台新金,10,1,9,元富-台南,2023-05-19,5929
2428,興勤,8,0,8,元富-台南,2023-05-19,5929
00725B,國泰投資級公司債,7,0,7,元富-台南,2023-05-19,5929
2329,華泰,7,0,7,元富-台南,2023-05-19,5929
00687B,國泰20年美債,6,0,6,元富-台南,2023-05-19,5929
00772B,中信高評級公司債,6,0,6,元富-台南,2023-05-19,5929
1258,其祥-KY,6,0,6,元富-台南,2023-05-19,5929
1319,東陽,7,1,6,元富-台南,2023-05-19,5929
1718,中纖,6,0,6,元富-台南,2023-05-19,5929
2331,精英,6,0,6,元富-台南,2023-05-19,5929
2489,瑞軒,6,0,6,元富-台南,2023-05-19,5929
2596,綠意,6,0,6,元富-台南,2023-05-19,5929
3529,力旺,8,2,6,元富-台南,2023-05-19,5929
6234,高僑,8,2,6,元富-台南,2023-05-19,5929
6494,九齊,6,0,6,元富-台南,2023-05-19,5929
8088,品安,6,0,6,元富-台南,2023-05-19,5929
2603,長榮,6,0,6,元富-台南,2023-05-19,5929
4931,新盛力,403,2,401,元富-台南,2023-05-22,5929
00715L,期街口布蘭特正2,92,2,90,元富-台南,2023-05-22,5929
2344,華邦電,84,1,83,元富-台南,2023-05-22,5929
2633,台灣高鐵,80,0,80,元富-台南,2023-05-22,5929
2303,聯電,56,0,56,元富-台南,2023-05-22,5929
00687B,國泰20年美債,49,0,49,元富-台南,2023-05-22,5929
00632R,元大台灣50反1,32,0,32,元富-台南,2023-05-22,5929
00751B,元大AAA至A公司債,24,0,24,元富-台南,2023-05-22,5929
3481,群創,33,9,24,元富-台南,2023-05-22,5929
2323,中環,23,0,23,元富-台南,2023-05-22,5929
3374,精材,20,0,20,元富-台南,2023-05-22,5929
1528,恩德,20,0,20,元富-台南,2023-05-22,5929
2317,鴻海,21,3,18,元富-台南,2023-05-22,5929
2427,三商電,19,3,16,元富-台南,2023-05-22,5929
3680,家登,15,1,14,元富-台南,2023-05-22,5929
4138,曜亞,13,0,13,元富-台南,2023-05-22,5929
2609,陽明,62,51,11,元富-台南,2023-05-22,5929
00772B,中信高評級公司債,11,1,10,元富-台南,2023-05-22,5929
00690,兆豐藍籌30,10,0,10,元富-台南,2023-05-22,5929
00688L,國泰20年美債正2,10,0,10,元富-台南,2023-05-22,5929
2377,微星,10,0,10,元富-台南,2023-05-22,5929
2641,正德,10,0,10,元富-台南,2023-05-22,5929
4714,永捷,10,0,10,元富-台南,2023-05-22,5929
5608,四維航,10,0,10,元富-台南,2023-05-22,5929
3058,立德,9,0,9,元富-台南,2023-05-22,5929
6112,邁達特,9,0,9,元富-台南,2023-05-22,5929
5425,台半,11,2,9,元富-台南,2023-05-22,5929
1504,東元,42,35,7,元富-台南,2023-05-22,5929
6589,台康生技,7,0,7,元富-台南,2023-05-22,5929
1519,華城,9,3,6,元富-台南,2023-05-22,5929
4729,熒茂,6,0,6,元富-台南,2023-05-22,5929
2345,智邦,5,0,5,元富-台南,2023-05-22,5929
1451,年興,5,0,5,元富-台南,2023-05-22,5929
1529,樂事綠能,8,3,5,元富-台南,2023-05-22,5929
1717,長興,5,0,5,元富-台南,2023-05-22,5929
3027,盛達,7,2,5,元富-台南,2023-05-22,5929
3071,協禧,6,1,5,元富-台南,2023-05-22,5929
6243,迅杰,6,1,5,元富-台南,2023-05-22,5929
1605,華新,5,1,4,元富-台南,2023-05-22,5929
3037,欣興,10,5,5,元富-台南,2023-05-22,5929
00725B,國泰投資級公司債,4,0,4,元富-台南,2023-05-22,5929
1503,士電,6,2,4,元富-台南,2023-05-22,5929
00761B,國泰A級公司債,4,0,4,元富-台南,2023-05-22,5929
00780B,國泰A級金融債,4,0,4,元富-台南,2023-05-22,5929
00680L,元大美債20正2,4,0,4,元富-台南,2023-05-22,5929
2390,云辰,4,0,4,元富-台南,2023-05-22,5929
3006,晶豪科,7,3,4,元富-台南,2023-05-22,5929
4939,亞電,4,0,4,元富-台南,2023-05-22,5929
5202,力新,4,0,4,元富-台南,2023-05-22,5929
6167,久正,6,2,4,元富-台南,2023-05-22,5929
2610,華航,159,27,132,元富-台南,2023-05-23,5929
8099,大世科,33,3,30,元富-台南,2023-05-23,5929
6689,伊雲谷,27,0,27,元富-台南,2023-05-23,5929
00688L,國泰20年美債正2,23,0,23,元富-台南,2023-05-23,5929
1513,中興電,34,12,22,元富-台南,2023-05-23,5929
1528,恩德,28,8,20,元富-台南,2023-05-23,5929
2344,華邦電,32,12,20,元富-台南,2023-05-23,5929
2633,台灣高鐵,20,0,20,元富-台南,2023-05-23,5929
2883B,凱基金乙特,20,0,20,元富-台南,2023-05-23,5929
00687B,國泰20年美債,18,0,18,元富-台南,2023-05-23,5929
1339,昭輝,15,0,15,元富-台南,2023-05-23,5929
00632R,元大台灣50反1,15,0,15,元富-台南,2023-05-23,5929
1609,大亞,22,7,15,元富-台南,2023-05-23,5929
00679B,元大美債20年,16,2,14,元富-台南,2023-05-23,5929
1605,華新,14,1,13,元富-台南,2023-05-23,5929
00725B,國泰投資級公司債,12,0,12,元富-台南,2023-05-23,5929
6112,邁達特,15,3,12,元富-台南,2023-05-23,5929
2427,三商電,12,0,12,元富-台南,2023-05-23,5929
3706,神達,18,6,12,元富-台南,2023-05-23,5929
2888,新光金,11,0,11,元富-台南,2023-05-23,5929
3024,憶聲,11,0,11,元富-台南,2023-05-23,5929
3025,星通,11,0,11,元富-台南,2023-05-23,5929
6492,生華科,11,0,11,元富-台南,2023-05-23,5929
1227,佳格,10,0,10,元富-台南,2023-05-23,5929
00712,復華富時不動產,10,0,10,元富-台南,2023-05-23,5929
1810,和成,10,0,10,元富-台南,2023-05-23,5929
2383,台光電,11,1,10,元富-台南,2023-05-23,5929
2468,華經,10,0,10,元富-台南,2023-05-23,5929
6163,華電網,11,1,10,元富-台南,2023-05-23,5929
00878,國泰永續高股息,10,0,10,元富-台南,2023-05-23,5929
5425,台半,9,0,9,元富-台南,2023-05-23,5929
6138,茂達,10,1,9,元富-台南,2023-05-23,5929
4157,太景*-KY,9,0,9,元富-台南,2023-05-23,5929
6285,啟��,9,0,9,元富-台南,2023-05-23,5929
2317,鴻海,8,0,8,元富-台南,2023-05-23,5929
1504,東元,63,55,8,元富-台南,2023-05-23,5929
5015,華祺,8,0,8,元富-台南,2023-05-23,5929
2027,大成鋼,7,0,7,元富-台南,2023-05-23,5929
2368,金像電,8,1,7,元富-台南,2023-05-23,5929
00680L,元大美債20正2,6,0,6,元富-台南,2023-05-23,5929
1514,亞力,13,7,6,元富-台南,2023-05-23,5929
2303,聯電,6,0,6,元富-台南,2023-05-23,5929
4909,新復興,6,0,6,元富-台南,2023-05-23,5929
6664,群翊,6,0,6,元富-台南,2023-05-23,5929
6727,亞泰金屬,6,0,6,元富-台南,2023-05-23,5929
1101,台泥,6,0,6,元富-台南,2023-05-23,5929
1215,卜蜂,5,0,5,元富-台南,2023-05-23,5929
6533,晶心科,8,3,5,元富-台南,2023-05-23,5929
1784,訊聯,8,3,5,元富-台南,2023-05-23,5929
2482,連宇,5,0,5,元富-台南,2023-05-23,5929
2801,彰銀,105,0,105,元富-台南,2023-05-24,5929
2633,台灣高鐵,101,0,101,元富-台南,2023-05-24,5929
00637L,元大滬深300正2,70,0,70,元富-台南,2023-05-24,5929
00878,國泰永續高股息,38,0,38,元富-台南,2023-05-24,5929
8446,華研,36,5,31,元富-台南,2023-05-24,5929
6005,群益證,30,0,30,元富-台南,2023-05-24,5929
1513,中興電,45,17,28,元富-台南,2023-05-24,5929
2618,長榮航,51,23,28,元富-台南,2023-05-24,5929
00679B,元大美債20年,25,0,25,元富-台南,2023-05-24,5929
3024,憶聲,25,0,25,元富-台南,2023-05-24,5929
3479,安勤,26,1,25,元富-台南,2023-05-24,5929
2834,臺企銀,22,1,21,元富-台南,2023-05-24,5929
00665L,富邦�琤肭磪囓�2,20,0,20,元富-台南,2023-05-24,5929
2489,瑞軒,20,0,20,元富-台南,2023-05-24,5929
6148,驊宏資,21,1,20,元富-台南,2023-05-24,5929
2409,友達,18,0,18,元富-台南,2023-05-24,5929
2634,漢翔,57,40,17,元富-台南,2023-05-24,5929
1784,訊聯,14,0,14,元富-台南,2023-05-24,5929
2331,精英,12,0,12,元富-台南,2023-05-24,5929
8933,愛地雅,12,0,12,元富-台南,2023-05-24,5929
6235,華孚,20,9,11,元富-台南,2023-05-24,5929
2231,為升,10,0,10,元富-台南,2023-05-24,5929
2337,旺宏,10,0,10,元富-台南,2023-05-24,5929
3202,樺晟,12,2,10,元富-台南,2023-05-24,5929
4919,新唐,9,0,9,元富-台南,2023-05-24,5929
1218,泰山,9,0,9,元富-台南,2023-05-24,5929
00655L,國泰中國A50正2,9,0,9,元富-台南,2023-05-24,5929
2303,聯電,11,2,9,元富-台南,2023-05-24,5929
00646,元大S＆P500,8,0,8,元富-台南,2023-05-24,5929
6112,邁達特,8,0,8,元富-台南,2023-05-24,5929
2002,中鋼,7,0,7,元富-台南,2023-05-24,5929
5009,榮剛,7,0,7,元富-台南,2023-05-24,5929
2404,漢唐,7,0,7,元富-台南,2023-05-24,5929
2892,第一金,7,0,7,元富-台南,2023-05-24,5929
3027,盛達,7,0,7,元富-台南,2023-05-24,5929
00882,中信中國高股息,7,0,7,元富-台南,2023-05-24,5929
2882,國泰金,7,0,7,元富-台南,2023-05-24,5929
3035,智原,6,0,6,元富-台南,2023-05-24,5929
5202,力新,6,0,6,元富-台南,2023-05-24,5929
5531,鄉林,6,0,6,元富-台南,2023-05-24,5929
6282,康舒,24,18,6,元富-台南,2023-05-24,5929
1258,其祥-KY,5,0,5,元富-台南,2023-05-24,5929
2382,廣達,38,33,5,元富-台南,2023-05-24,5929
2606,裕民,5,0,5,元富-台南,2023-05-24,5929
3041,揚智,5,0,5,元富-台南,2023-05-24,5929
3512,皇龍,5,0,5,元富-台南,2023-05-24,5929
4114,健喬,5,0,5,元富-台南,2023-05-24,5929
4909,新復興,5,0,5,元富-台南,2023-05-24,5929
6101,寬魚國際,5,0,5,元富-台南,2023-05-24,5929
8076,伍豐,5,0,5,元富-台南,2023-05-24,5929
2618,長榮航,226,48,178,元富-台南,2023-05-25,5929
00665L,富邦�琤肭磪囓�2,163,30,133,元富-台南,2023-05-25,5929
6274,台燿,66,0,66,元富-台南,2023-05-25,5929
00637L,元大滬深300正2,111,50,61,元富-台南,2023-05-25,5929
3481,群創,69,11,58,元富-台南,2023-05-25,5929
2352,佳世達,56,0,56,元富-台南,2023-05-25,5929
1464,得力,50,0,50,元富-台南,2023-05-25,5929
2365,昆盈,42,0,42,元富-台南,2023-05-25,5929
5009,榮剛,40,0,40,元富-台南,2023-05-25,5929
2607,榮運,39,0,39,元富-台南,2023-05-25,5929
2317,鴻海,52,14,38,元富-台南,2023-05-25,5929
2413,環科,40,2,38,元富-台南,2023-05-25,5929
5309,系統電,38,0,38,元富-台南,2023-05-25,5929
2453,凌群,33,3,30,元富-台南,2023-05-25,5929
3088,艾訊,30,0,30,元富-台南,2023-05-25,5929
00688L,國泰20年美債正2,25,0,25,元富-台南,2023-05-25,5929
3058,立德,25,0,25,元富-台南,2023-05-25,5929
1504,東元,39,18,21,元富-台南,2023-05-25,5929
2888,新光金,21,0,21,元富-台南,2023-05-25,5929
2323,中環,43,23,20,元富-台南,2023-05-25,5929
6664,群翊,19,0,19,元富-台南,2023-05-25,5929
00882,中信中國高股息,18,0,18,元富-台南,2023-05-25,5929
1326,台化,16,0,16,元富-台南,2023-05-25,5929
2409,友達,16,0,16,元富-台南,2023-05-25,5929
00687B,國泰20年美債,15,0,15,元富-台南,2023-05-25,5929
1609,大亞,30,15,15,元富-台南,2023-05-25,5929
2402,毅嘉,15,2,13,元富-台南,2023-05-25,5929
4915,致伸,15,3,12,元富-台南,2023-05-25,5929
6282,康舒,12,0,12,元富-台南,2023-05-25,5929
1589,永冠-KY,12,1,11,元富-台南,2023-05-25,5929
8478,東哥遊艇,22,11,11,元富-台南,2023-05-25,5929
2609,陽明,11,0,11,元富-台南,2023-05-25,5929
00632R,元大台灣50反1,14,4,10,元富-台南,2023-05-25,5929
1618,合機,10,0,10,元富-台南,2023-05-25,5929
2891,中信金,31,21,10,元富-台南,2023-05-25,5929
4904,遠傳,10,0,10,元富-台南,2023-05-25,5929
00712,復華富時不動產,9,0,9,元富-台南,2023-05-25,5929
1905,華紙,10,1,9,元富-台南,2023-05-25,5929
5512,力麒,9,0,9,元富-台南,2023-05-25,5929
3044,健鼎,10,1,9,元富-台南,2023-05-25,5929
00722B,群益投資級電信債,8,0,8,元富-台南,2023-05-25,5929
4138,曜亞,8,0,8,元富-台南,2023-05-25,5929
00928,中信上櫃ESG30,7,0,7,元富-台南,2023-05-25,5929
00679B,元大美債20年,8,1,7,元富-台南,2023-05-25,5929
2027,大成鋼,7,0,7,元富-台南,2023-05-25,5929
3252,海灣,9,2,7,元富-台南,2023-05-25,5929
4114,健喬,7,0,7,元富-台南,2023-05-25,5929
2892,第一金,6,0,6,元富-台南,2023-05-25,5929
2399,映泰,6,0,6,元富-台南,2023-05-25,5929
00633L,富邦上証正2,6,0,6,元富-台南,2023-05-25,5929
1513,中興電,44,1,43,元富-台南,2023-05-26,5929
2308,台達電,46,4,42,元富-台南,2023-05-26,5929
2323,中環,75,37,38,元富-台南,2023-05-26,5929
1460,宏遠,35,0,35,元富-台南,2023-05-26,5929
2371,大同,35,2,33,元富-台南,2023-05-26,5929
00712,復華富時不動產,32,0,32,元富-台南,2023-05-26,5929
2801,彰銀,29,0,29,元富-台南,2023-05-26,5929
2383,台光電,32,7,25,元富-台南,2023-05-26,5929
6235,華孚,27,2,25,元富-台南,2023-05-26,5929
00632R,元大台灣50反1,22,0,22,元富-台南,2023-05-26,5929
3481,群創,40,22,18,元富-台南,2023-05-26,5929
00715L,期街口布蘭特正2,16,0,16,元富-台南,2023-05-26,5929
1609,大亞,33,19,14,元富-台南,2023-05-26,5929
2636,台驊控股,12,0,12,元富-台南,2023-05-26,5929
2736,富野,37,25,12,元富-台南,2023-05-26,5929
2888,新光金,12,0,12,元富-台南,2023-05-26,5929
2886,兆豐金,12,1,11,元富-台南,2023-05-26,5929
3207,耀勝,11,0,11,元富-台南,2023-05-26,5929
4190,佐登-KY,11,0,11,元富-台南,2023-05-26,5929
00688L,國泰20年美債正2,10,0,10,元富-台南,2023-05-26,5929
00665L,富邦�琤肭磪囓�2,20,10,10,元富-台南,2023-05-26,5929
1618,合機,10,0,10,元富-台南,2023-05-26,5929
2413,環科,10,0,10,元富-台南,2023-05-26,5929
2610,華航,36,26,10,元富-台南,2023-05-26,5929
3013,晟銘電,10,0,10,元富-台南,2023-05-26,5929
6121,新普,10,0,10,元富-台南,2023-05-26,5929
2409,友達,12,3,9,元富-台南,2023-05-26,5929
9921,巨大,9,0,9,元富-台南,2023-05-26,5929
8358,金居,11,2,9,元富-台南,2023-05-26,5929
0050,元大台灣50,11,3,8,元富-台南,2023-05-26,5929
1809,中釉,8,0,8,元富-台南,2023-05-26,5929
1905,華紙,10,2,8,元富-台南,2023-05-26,5929
6461,益得,8,0,8,元富-台南,2023-05-26,5929
2634,漢翔,7,0,7,元富-台南,2023-05-26,5929
2379,瑞昱,7,0,7,元富-台南,2023-05-26,5929
3189,景碩,8,1,7,元富-台南,2023-05-26,5929
3715,定穎投控,7,0,7,元富-台南,2023-05-26,5929
1721,三晃,6,0,6,元富-台南,2023-05-26,5929
2312,金寶,6,0,6,元富-台南,2023-05-26,5929
2337,旺宏,12,6,6,元富-台南,2023-05-26,5929
2402,毅嘉,6,0,6,元富-台南,2023-05-26,5929
3706,神達,8,2,6,元富-台南,2023-05-26,5929
4114,健喬,6,0,6,元富-台南,2023-05-26,5929
8176,智捷,6,0,6,元富-台南,2023-05-26,5929
8478,東哥遊艇,9,3,6,元富-台南,2023-05-26,5929
2376,技嘉,9,4,5,元富-台南,2023-05-26,5929
1229,聯華,5,0,5,元富-台南,2023-05-26,5929
6719,力智,6,1,5,元富-台南,2023-05-26,5929
00637L,元大滬深300正2,5,0,5,元富-台南,2023-05-26,5929
1717,長興,5,0,5,元富-台南,2023-05-26,5929
2618,長榮航,207,80,127,元富-台南,2023-05-29,5929
6116,彩晶,32,0,32,元富-台南,2023-05-29,5929
1584,精剛,30,0,30,元富-台南,2023-05-29,5929
2371,大同,28,0,28,元富-台南,2023-05-29,5929
3265,台星科,28,4,24,元富-台南,2023-05-29,5929
8222,寶一,26,3,23,元富-台南,2023-05-29,5929
00679B,元大美債20年,22,0,22,元富-台南,2023-05-29,5929
3231,緯創,46,28,18,元富-台南,2023-05-29,5929
1229,聯華,21,6,15,元富-台南,2023-05-29,5929
6770,力積電,13,0,13,元富-台南,2023-05-29,5929
8033,雷虎,15,3,12,元富-台南,2023-05-29,5929
1258,其祥-KY,12,0,12,元富-台南,2023-05-29,5929
3374,精材,12,0,12,元富-台南,2023-05-29,5929
3029,零壹,11,0,11,元富-台南,2023-05-29,5929
2634,漢翔,12,1,11,元富-台南,2023-05-29,5929
00725B,國泰投資級公司債,10,0,10,元富-台南,2023-05-29,5929
00633L,富邦上証正2,10,0,10,元富-台南,2023-05-29,5929
1608,華榮,16,6,10,元富-台南,2023-05-29,5929
2820,華票,10,0,10,元富-台南,2023-05-29,5929
8024,佑華,10,0,10,元富-台南,2023-05-29,5929
2636,台驊控股,10,0,10,元富-台南,2023-05-29,5929
4114,健喬,9,0,9,元富-台南,2023-05-29,5929
2887,台新金,10,1,9,元富-台南,2023-05-29,5929
2637,慧洋-KY,9,0,9,元富-台南,2023-05-29,5929
00905,FT臺灣Smart,8,0,8,元富-台南,2023-05-29,5929
5864,致和證,8,0,8,元富-台南,2023-05-29,5929
00637L,元大滬深300正2,187,180,7,元富-台南,2023-05-29,5929
1784,訊聯,7,0,7,元富-台南,2023-05-29,5929
3558,神準,8,2,6,元富-台南,2023-05-29,5929
3025,星通,7,1,6,元富-台南,2023-05-29,5929
6712,長聖,6,0,6,元富-台南,2023-05-29,5929
1101,台泥,6,1,5,元富-台南,2023-05-29,5929
00795B,中信美國公債20年,5,0,5,元富-台南,2023-05-29,5929
00915,凱基優選高股息30,5,0,5,元富-台南,2023-05-29,5929
00773B,中信優先金融債,5,0,5,元富-台南,2023-05-29,5929
00665L,富邦�琤肭磪囓�2,5,0,5,元富-台南,2023-05-29,5929
1762,中化生,5,0,5,元富-台南,2023-05-29,5929
2233,宇隆,5,0,5,元富-台南,2023-05-29,5929
2337,旺宏,6,1,5,元富-台南,2023-05-29,5929
2633,台灣高鐵,5,0,5,元富-台南,2023-05-29,5929
3036A,文曄甲特,5,0,5,元富-台南,2023-05-29,5929
4306,炎洲,5,0,5,元富-台南,2023-05-29,5929
8926,台汽電,5,0,5,元富-台南,2023-05-29,5929
9958,世紀鋼,10,5,5,元富-台南,2023-05-29,5929
8112,至上,5,1,4,元富-台南,2023-05-29,5929
3037,欣興,15,11,4,元富-台南,2023-05-29,5929
00680L,元大美債20正2,4,0,4,元富-台南,2023-05-29,5929
2231,為升,4,0,4,元富-台南,2023-05-29,5929
2455,全新,8,4,4,元富-台南,2023-05-29,5929
2606,裕民,4,0,4,元富-台南,2023-05-29,5929
5425,台半,229,1,228,元富-台南,2023-05-30,5929
1762,中化生,50,0,50,元富-台南,2023-05-30,5929
2356,英業達,59,23,36,元富-台南,2023-05-30,5929
2002,中鋼,31,0,31,元富-台南,2023-05-30,5929
00687B,國泰20年美債,30,0,30,元富-台南,2023-05-30,5929
4114,健喬,30,0,30,元富-台南,2023-05-30,5929
1460,宏遠,30,2,28,元富-台南,2023-05-30,5929
2371,大同,30,2,28,元富-台南,2023-05-30,5929
0056,元大高股息,29,2,27,元富-台南,2023-05-30,5929
2630,亞航,46,19,27,元富-台南,2023-05-30,5929
00665L,富邦�琤肭磪囓�2,36,10,26,元富-台南,2023-05-30,5929
2834,臺企銀,25,0,25,元富-台南,2023-05-30,5929
1609,大亞,25,2,23,元富-台南,2023-05-30,5929
8926,台汽電,23,0,23,元富-台南,2023-05-30,5929
2382,廣達,85,63,22,元富-台南,2023-05-30,5929
5009,榮剛,21,0,21,元富-台南,2023-05-30,5929
3706,神達,24,4,20,元富-台南,2023-05-30,5929
00725B,國泰投資級公司債,20,0,20,元富-台南,2023-05-30,5929
00764B,群益25年美債,20,0,20,元富-台南,2023-05-30,5929
5206,坤悅,20,0,20,元富-台南,2023-05-30,5929
3576,聯合再生,20,1,19,元富-台南,2023-05-30,5929
4714,永捷,23,5,18,元富-台南,2023-05-30,5929
6116,彩晶,15,0,15,元富-台南,2023-05-30,5929
1504,東元,21,7,14,元富-台南,2023-05-30,5929
2883,凱基金,22,9,13,元富-台南,2023-05-30,5929
00713,元大台灣高息低波,13,0,13,元富-台南,2023-05-30,5929
6282,康舒,17,5,12,元富-台南,2023-05-30,5929
3041,揚智,11,0,11,元富-台南,2023-05-30,5929
8415,大國鋼,11,0,11,元富-台南,2023-05-30,5929
1612,宏泰,10,0,10,元富-台南,2023-05-30,5929
2888,新光金,10,0,10,元富-台南,2023-05-30,5929
3702,大聯大,10,0,10,元富-台南,2023-05-30,5929
4956,光鋐,10,0,10,元富-台南,2023-05-30,5929
6187,萬潤,10,0,10,元富-台南,2023-05-30,5929
6727,亞泰金屬,13,3,10,元富-台南,2023-05-30,5929
8110,華東,10,0,10,元富-台南,2023-05-30,5929
1104,環泥,10,0,10,元富-台南,2023-05-30,5929
2399,映泰,24,15,9,元富-台南,2023-05-30,5929
3058,立德,9,0,9,元富-台南,2023-05-30,5929
4968,立積,18,9,9,元富-台南,2023-05-30,5929
00882,中信中國高股息,9,0,9,元富-台南,2023-05-30,5929
2634,漢翔,8,0,8,元富-台南,2023-05-30,5929
6531,愛普*,11,3,8,元富-台南,2023-05-30,5929
00773B,中信優先金融債,8,0,8,元富-台南,2023-05-30,5929
2331,精英,8,0,8,元富-台南,2023-05-30,5929
00772B,中信高評級公司債,7,0,7,元富-台南,2023-05-30,5929
2228,劍麟,7,0,7,元富-台南,2023-05-30,5929
2344,華邦電,39,32,7,元富-台南,2023-05-30,5929
6112,邁達特,7,0,7,元富-台南,2023-05-30,5929
2457,飛宏,11,5,6,元富-台南,2023-05-30,5929
2382,廣達,336,221,115,元富-台南,2023-05-31,5929
00715L,期街口布蘭特正2,110,0,110,元富-台南,2023-05-31,5929
2888,新光金,110,5,105,元富-台南,2023-05-31,5929
1314,中石化,100,0,100,元富-台南,2023-05-31,5929
2610,華航,203,133,70,元富-台南,2023-05-31,5929
00764B,群益25年美債,40,0,40,元富-台南,2023-05-31,5929
3706,神達,186,149,37,元富-台南,2023-05-31,5929
2883,凱基金,44,20,24,元富-台南,2023-05-31,5929
3380,明泰,23,1,22,元富-台南,2023-05-31,5929
01003T,兆豐新光R1,20,0,20,元富-台南,2023-05-31,5929
2344,華邦電,25,7,18,元富-台南,2023-05-31,5929
3481,群創,22,4,18,元富-台南,2023-05-31,5929
1313,聯成,17,0,17,元富-台南,2023-05-31,5929
9925,新保,17,0,17,元富-台南,2023-05-31,5929
5388,中磊,22,5,17,元富-台南,2023-05-31,5929
6770,力積電,15,0,15,元富-台南,2023-05-31,5929
00665L,富邦�琤肭磪囓�2,15,0,15,元富-台南,2023-05-31,5929
2023,燁輝,15,0,15,元富-台南,2023-05-31,5929
00882,中信中國高股息,14,0,14,元富-台南,2023-05-31,5929
2455,全新,15,2,13,元富-台南,2023-05-31,5929
2891,中信金,11,1,10,元富-台南,2023-05-31,5929
1762,中化生,10,0,10,元富-台南,2023-05-31,5929
2402,毅嘉,10,0,10,元富-台南,2023-05-31,5929
2413,環科,10,0,10,元富-台南,2023-05-31,5929
3189,景碩,12,2,10,元富-台南,2023-05-31,5929
4944,兆遠,10,0,10,元富-台南,2023-05-31,5929
6152,百一,10,0,10,元富-台南,2023-05-31,5929
00642U,期元大S＆P石油,10,1,9,元富-台南,2023-05-31,5929
6535,順藥,9,0,9,元富-台南,2023-05-31,5929
1432,大魯閣,8,0,8,元富-台南,2023-05-31,5929
2356,英業達,18,10,8,元富-台南,2023-05-31,5929
2630,亞航,10,2,8,元富-台南,2023-05-31,5929
3058,立德,10,2,8,元富-台南,2023-05-31,5929
2368,金像電,9,2,7,元富-台南,2023-05-31,5929
3090,日電貿,7,0,7,元富-台南,2023-05-31,5929
2330,台積電,20,14,6,元富-台南,2023-05-31,5929
2615,萬海,8,2,6,元富-台南,2023-05-31,5929
2801,彰銀,6,0,6,元富-台南,2023-05-31,5929
2345,智邦,6,0,6,元富-台南,2023-05-31,5929
2365,昆盈,6,0,6,元富-台南,2023-05-31,5929
4973,廣穎,38,32,6,元富-台南,2023-05-31,5929
8112,至上,6,0,6,元富-台南,2023-05-31,5929
8131,福懋科,6,0,6,元富-台南,2023-05-31,5929
3533,嘉澤,5,0,5,元富-台南,2023-05-31,5929
2603,長榮,5,0,5,元富-台南,2023-05-31,5929
3037,欣興,7,2,5,元富-台南,2023-05-31,5929
5704,老爺知,5,0,5,元富-台南,2023-05-31,5929
6643,M31,5,0,5,元富-台南,2023-05-31,5929
6829,千附精密,5,0,5,元富-台南,2023-05-31,5929
00712,復華富時不動產,12,8,4,元富-台南,2023-05-31,5929
1609,大亞,202,3,199,元富-台南,2023-06-01,5929
00878,國泰永續高股息,66,1,65,元富-台南,2023-06-01,5929
2371,大同,74,11,63,元富-台南,2023-06-01,5929
00715L,期街口布蘭特正2,63,5,58,元富-台南,2023-06-01,5929
3682,亞太電,43,1,42,元富-台南,2023-06-01,5929
2913,農林,44,3,41,元富-台南,2023-06-01,5929
3058,立德,29,2,27,元富-台南,2023-06-01,5929
1513,中興電,26,3,23,元富-台南,2023-06-01,5929
00764B,群益25年美債,20,0,20,元富-台南,2023-06-01,5929
2023,燁輝,30,10,20,元富-台南,2023-06-01,5929
2323,中環,24,5,19,元富-台南,2023-06-01,5929
8112,至上,19,0,19,元富-台南,2023-06-01,5929
2344,華邦電,25,8,17,元富-台南,2023-06-01,5929
3013,晟銘電,18,2,16,元富-台南,2023-06-01,5929
2892,第一金,16,0,16,元富-台南,2023-06-01,5929
3031,佰鴻,16,1,15,元富-台南,2023-06-01,5929
2317,鴻海,18,4,14,元富-台南,2023-06-01,5929
2731,雄獅,18,4,14,元富-台南,2023-06-01,5929
2303,聯電,16,2,14,元富-台南,2023-06-01,5929
3576,聯合再生,14,0,14,元富-台南,2023-06-01,5929
3706,神達,169,155,14,元富-台南,2023-06-01,5929
6187,萬潤,17,3,14,元富-台南,2023-06-01,5929
1402,遠東新,12,0,12,元富-台南,2023-06-01,5929
00712,復華富時不動產,10,0,10,元富-台南,2023-06-01,5929
2362,藍天,10,0,10,元富-台南,2023-06-01,5929
2540,愛山林,10,0,10,元富-台南,2023-06-01,5929
3260,威剛,13,3,10,元富-台南,2023-06-01,5929
4952,凌通,10,0,10,元富-台南,2023-06-01,5929
8059,凱碩,10,0,10,元富-台南,2023-06-01,5929
2888,新光金,9,0,9,元富-台南,2023-06-01,5929
3059,華晶科,12,3,9,元富-台南,2023-06-01,5929
2887,台新金,10,2,8,元富-台南,2023-06-01,5929
3202,樺晟,10,2,8,元富-台南,2023-06-01,5929
4564,元翎,11,3,8,元富-台南,2023-06-01,5929
4129,聯合,12,4,8,元富-台南,2023-06-01,5929
2630,亞航,11,3,8,元富-台南,2023-06-01,5929
3680,家登,6,0,6,元富-台南,2023-06-01,5929
2337,旺宏,10,5,5,元富-台南,2023-06-01,5929
2472,立隆電,5,0,5,元富-台南,2023-06-01,5929
2851,中再保,7,2,5,元富-台南,2023-06-01,5929
3324,雙鴻,5,0,5,元富-台南,2023-06-01,5929
3704,合勤控,9,4,5,元富-台南,2023-06-01,5929
4967,十銓,7,2,5,元富-台南,2023-06-01,5929
5871A,中租-KY甲特,5,0,5,元富-台南,2023-06-01,5929
6134,萬旭,5,0,5,元富-台南,2023-06-01,5929
2345,智邦,5,1,4,元富-台南,2023-06-01,5929
2330,台積電,4,0,4,元富-台南,2023-06-01,5929
4919,新唐,4,0,4,元富-台南,2023-06-01,5929
3036A,文曄甲特,4,0,4,元富-台南,2023-06-01,5929
3081,聯亞,4,0,4,元富-台南,2023-06-01,5929
1513,中興電,198,54,144,元富-台南,2023-06-02,5929
1609,大亞,172,59,113,元富-台南,2023-06-02,5929
6016,康和證,111,10,101,元富-台南,2023-06-02,5929
5512,力麒,55,0,55,元富-台南,2023-06-02,5929
2633,台灣高鐵,50,2,48,元富-台南,2023-06-02,5929
00919,群益台灣精選高息,43,0,43,元富-台南,2023-06-02,5929
3682,亞太電,43,0,43,元富-台南,2023-06-02,5929
2344,華邦電,110,71,39,元富-台南,2023-06-02,5929
1762,中化生,26,0,26,元富-台南,2023-06-02,5929
3058,立德,46,23,23,元富-台南,2023-06-02,5929
2413,環科,20,0,20,元富-台南,2023-06-02,5929
2913,農林,19,1,18,元富-台南,2023-06-02,5929
3027,盛達,20,3,17,元富-台南,2023-06-02,5929
00712,復華富時不動產,15,0,15,元富-台南,2023-06-02,5929
2301,光寶科,16,1,15,元富-台南,2023-06-02,5929
3078,僑威,22,7,15,元富-台南,2023-06-02,5929
4306,炎洲,15,0,15,元富-台南,2023-06-02,5929
00679B,元大美債20年,14,0,14,元富-台南,2023-06-02,5929
2489,瑞軒,25,11,14,元富-台南,2023-06-02,5929
9907,統一實,14,0,14,元富-台南,2023-06-02,5929
3163,波若威,13,0,13,元富-台南,2023-06-02,5929
3231,緯創,29,17,12,元富-台南,2023-06-02,5929
5864,致和證,12,0,12,元富-台南,2023-06-02,5929
8076,伍豐,15,3,12,元富-台南,2023-06-02,5929
1905,華紙,15,4,11,元富-台南,2023-06-02,5929
8938,明安,11,0,11,元富-台南,2023-06-02,5929
00650L,復華香港正2,10,0,10,元富-台南,2023-06-02,5929
1316,上曜,10,0,10,元富-台南,2023-06-02,5929
1515,力山,10,0,10,元富-台南,2023-06-02,5929
2337,旺宏,11,1,10,元富-台南,2023-06-02,5929
6116,彩晶,40,30,10,元富-台南,2023-06-02,5929
6187,萬潤,14,4,10,元富-台南,2023-06-02,5929
2421,建準,12,2,10,元富-台南,2023-06-02,5929
00882,中信中國高股息,9,0,9,元富-台南,2023-06-02,5929
2618,長榮航,90,82,8,元富-台南,2023-06-02,5929
3059,華晶科,8,0,8,元富-台南,2023-06-02,5929
6691,洋基工程,9,1,8,元富-台南,2023-06-02,5929
6770,力積電,10,2,8,元富-台南,2023-06-02,5929
2610,華航,29,22,7,元富-台南,2023-06-02,5929
00764B,群益25年美債,8,1,7,元富-台南,2023-06-02,5929
1734,杏輝,8,1,7,元富-台南,2023-06-02,5929
3322,建舜電,7,0,7,元富-台南,2023-06-02,5929
3380,明泰,8,1,7,元富-台南,2023-06-02,5929
6167,久正,7,0,7,元富-台南,2023-06-02,5929
2031,新光鋼,6,0,6,元富-台南,2023-06-02,5929
2303,聯電,10,4,6,元富-台南,2023-06-02,5929
2484,希華,7,1,6,元富-台南,2023-06-02,5929
2536,宏普,6,0,6,元富-台南,2023-06-02,5929
4532,瑞智,6,0,6,元富-台南,2023-06-02,5929
5285,界霖,10,4,6,元富-台南,2023-06-02,5929
2489,瑞軒,77,5,72,元富-台南,2023-06-05,5929
1714,和桐,52,0,52,元富-台南,2023-06-05,5929
6015,宏遠證,50,0,50,元富-台南,2023-06-05,5929
1785,光洋科,50,1,49,元富-台南,2023-06-05,5929
00712,復華富時不動產,48,0,48,元富-台南,2023-06-05,5929
00919,群益台灣精選高息,37,0,37,元富-台南,2023-06-05,5929
00688L,國泰20年美債正2,35,0,35,元富-台南,2023-06-05,5929
2634,漢翔,34,1,33,元富-台南,2023-06-05,5929
2618,長榮航,125,95,30,元富-台南,2023-06-05,5929
2610,華航,56,30,26,元富-台南,2023-06-05,5929
2324,仁寶,21,1,20,元富-台南,2023-06-05,5929
1528,恩德,25,6,19,元富-台南,2023-06-05,5929
4916,事欣科,54,37,17,元富-台南,2023-06-05,5929
1806,冠軍,19,3,16,元富-台南,2023-06-05,5929
2353,宏��,19,4,15,元富-台南,2023-06-05,5929
5258,虹堡,14,0,14,元富-台南,2023-06-05,5929
2603,長榮,15,2,13,元富-台南,2023-06-05,5929
00764B,群益25年美債,13,0,13,元富-台南,2023-06-05,5929
2323,中環,36,23,13,元富-台南,2023-06-05,5929
2344,華邦電,20,7,13,元富-台南,2023-06-05,5929
00673R,期元大S＆P原油反1,11,0,11,元富-台南,2023-06-05,5929
00926,凱基全球菁英55,10,0,10,元富-台南,2023-06-05,5929
1337,再生-KY,10,0,10,元富-台南,2023-06-05,5929
1589,永冠-KY,10,0,10,元富-台南,2023-06-05,5929
2515,中工,10,0,10,元富-台南,2023-06-05,5929
2836,高雄銀,10,0,10,元富-台南,2023-06-05,5929
5425,台半,11,1,10,元富-台南,2023-06-05,5929
00679B,元大美債20年,9,0,9,元富-台南,2023-06-05,5929
1605,華新,12,4,8,元富-台南,2023-06-05,5929
2206,三陽工業,10,2,8,元富-台南,2023-06-05,5929
2337,旺宏,10,2,8,元富-台南,2023-06-05,5929
1514,亞力,28,20,8,元富-台南,2023-06-05,5929
6214,精誠,9,1,8,元富-台南,2023-06-05,5929
1762,中化生,8,1,7,元富-台南,2023-06-05,5929
2453,凌群,7,0,7,元富-台南,2023-06-05,5929
2303,聯電,8,1,7,元富-台南,2023-06-05,5929
00720B,元大投資級公司債,6,0,6,元富-台南,2023-06-05,5929
2362,藍天,6,0,6,元富-台南,2023-06-05,5929
4979,華星光,7,1,6,元富-台南,2023-06-05,5929
6112,邁達特,7,1,6,元富-台南,2023-06-05,5929
6285,啟��,10,4,6,元富-台南,2023-06-05,5929
6461,益得,6,0,6,元富-台南,2023-06-05,5929
6282,康舒,29,23,6,元富-台南,2023-06-05,5929
1519,華城,10,5,5,元富-台南,2023-06-05,5929
2535,達欣工,5,0,5,元富-台南,2023-06-05,5929
4960,誠美材,5,0,5,元富-台南,2023-06-05,5929
2413,環科,5,0,5,元富-台南,2023-06-05,5929
2540,愛山林,5,0,5,元富-台南,2023-06-05,5929
3338,泰碩,5,0,5,元富-台南,2023-06-05,5929
3596,智易,5,0,5,元富-台南,2023-06-05,5929
3058,立德,246,20,226,元富-台南,2023-06-06,5929
6806,森崴能源,60,1,59,元富-台南,2023-06-06,5929
5388,中磊,58,1,57,元富-台南,2023-06-06,5929
2331,精英,55,1,54,元富-台南,2023-06-06,5929
3078,僑威,57,5,52,元富-台南,2023-06-06,5929
00679B,元大美債20年,43,0,43,元富-台南,2023-06-06,5929
2402,毅嘉,38,3,35,元富-台南,2023-06-06,5929
8110,華東,30,0,30,元富-台南,2023-06-06,5929
2888,新光金,35,9,26,元富-台南,2023-06-06,5929
00882,中信中國高股息,21,0,21,元富-台南,2023-06-06,5929
2371,大同,21,0,21,元富-台南,2023-06-06,5929
5347,世界,21,0,21,元富-台南,2023-06-06,5929
6290,良維,21,0,21,元富-台南,2023-06-06,5929
1584,精剛,22,2,20,元富-台南,2023-06-06,5929
1907,永豐餘,33,13,20,元富-台南,2023-06-06,5929
4915,致伸,25,5,20,元富-台南,2023-06-06,5929
4714,永捷,17,0,17,元富-台南,2023-06-06,5929
5469,瀚宇博,17,0,17,元富-台南,2023-06-06,5929
1905,華紙,17,3,14,元富-台南,2023-06-06,5929
3715,定穎投控,16,2,14,元富-台南,2023-06-06,5929
4977,眾達-KY,16,2,14,元富-台南,2023-06-06,5929
1608,華榮,13,0,13,元富-台南,2023-06-06,5929
1301,台塑,13,1,12,元富-台南,2023-06-06,5929
2630,亞航,17,7,10,元富-台南,2023-06-06,5929
5512,力麒,10,0,10,元富-台南,2023-06-06,5929
6139,亞翔,10,0,10,元富-台南,2023-06-06,5929
6147,頎邦,10,0,10,元富-台南,2023-06-06,5929
8105,凌巨,16,6,10,元富-台南,2023-06-06,5929
1471,首利,10,1,9,元富-台南,2023-06-06,5929
6116,彩晶,14,5,9,元富-台南,2023-06-06,5929
1319,東陽,8,0,8,元富-台南,2023-06-06,5929
1101,台泥,12,4,8,元富-台南,2023-06-06,5929
1762,中化生,8,0,8,元富-台南,2023-06-06,5929
00713,元大台灣高息低波,7,0,7,元富-台南,2023-06-06,5929
6143,振曜,14,7,7,元富-台南,2023-06-06,5929
2014,中鴻,8,1,7,元富-台南,2023-06-06,5929
2913,農林,7,0,7,元富-台南,2023-06-06,5929
3363,上詮,7,0,7,元富-台南,2023-06-06,5929
6770,力積電,7,0,7,元富-台南,2023-06-06,5929
2461,光群雷,15,9,6,元富-台南,2023-06-06,5929
5864,致和證,8,2,6,元富-台南,2023-06-06,5929
6112,邁達特,5,0,5,元富-台南,2023-06-06,5929
5285,界霖,5,0,5,元富-台南,2023-06-06,5929
1340,勝悅-KY,5,0,5,元富-台南,2023-06-06,5929
00673R,期元大S＆P原油反1,5,0,5,元富-台南,2023-06-06,5929
1605,華新,5,0,5,元富-台南,2023-06-06,5929
1711,永光,5,0,5,元富-台南,2023-06-06,5929
2337,旺宏,5,0,5,元富-台南,2023-06-06,5929
2388,威盛,7,2,5,元富-台南,2023-06-06,5929
2432,倚天酷��-創,5,0,5,元富-台南,2023-06-06,5929
00715L,期街口布蘭特正2,55,0,55,元富-台南,2023-06-07,5929
3058,立德,54,19,35,元富-台南,2023-06-07,5929
2897,王道銀行,30,0,30,元富-台南,2023-06-07,5929
6016,康和證,25,0,25,元富-台南,2023-06-07,5929
2331,精英,25,1,24,元富-台南,2023-06-07,5929
3149,正達,20,0,20,元富-台南,2023-06-07,5929
1514,亞力,27,9,18,元富-台南,2023-06-07,5929
1504,東元,76,59,17,元富-台南,2023-06-07,5929
2731,雄獅,19,2,17,元富-台南,2023-06-07,5929
3252,海灣,15,0,15,元富-台南,2023-06-07,5929
00882,中信中國高股息,13,0,13,元富-台南,2023-06-07,5929
00712,復華富時不動產,13,0,13,元富-台南,2023-06-07,5929
2461,光群雷,15,3,12,元富-台南,2023-06-07,5929
6143,振曜,12,0,12,元富-台南,2023-06-07,5929
2618,長榮航,17,6,11,元富-台南,2023-06-07,5929
8111,立��,11,0,11,元富-台南,2023-06-07,5929
2610,華航,13,3,10,元富-台南,2023-06-07,5929
2836,高雄銀,10,0,10,元富-台南,2023-06-07,5929
3047,訊舟,10,0,10,元富-台南,2023-06-07,5929
3260,威剛,12,2,10,元富-台南,2023-06-07,5929
5328,華容,10,0,10,元富-台南,2023-06-07,5929
6248,沛波,10,0,10,元富-台南,2023-06-07,5929
1711,永光,9,0,9,元富-台南,2023-06-07,5929
2313,華通,9,0,9,元富-台南,2023-06-07,5929
2812,台中銀,10,1,9,元富-台南,2023-06-07,5929
6219,富旺,10,1,9,元富-台南,2023-06-07,5929
6282,康舒,19,10,9,元富-台南,2023-06-07,5929
1731,美吾華,8,0,8,元富-台南,2023-06-07,5929
2228,劍麟,8,0,8,元富-台南,2023-06-07,5929
2634,漢翔,14,6,8,元富-台南,2023-06-07,5929
2801,彰銀,8,0,8,元富-台南,2023-06-07,5929
4967,十銓,10,2,8,元富-台南,2023-06-07,5929
8071,能率網通,8,0,8,元富-台南,2023-06-07,5929
1710,東聯,13,5,8,元富-台南,2023-06-07,5929
00878,國泰永續高股息,8,1,7,元富-台南,2023-06-07,5929
3532,台勝科,10,3,7,元富-台南,2023-06-07,5929
6243,迅杰,7,0,7,元富-台南,2023-06-07,5929
2603,長榮,7,0,7,元富-台南,2023-06-07,5929
1101,台泥,6,0,6,元富-台南,2023-06-07,5929
2337,旺宏,6,0,6,元富-台南,2023-06-07,5929
3673,TPK-KY,6,0,6,元富-台南,2023-06-07,5929
6112,邁達特,8,2,6,元富-台南,2023-06-07,5929
6125,廣運,8,2,6,元富-台南,2023-06-07,5929
2347,聯強,5,0,5,元富-台南,2023-06-07,5929
2886,兆豐金,5,0,5,元富-台南,2023-06-07,5929
00673R,期元大S＆P原油反1,5,0,5,元富-台南,2023-06-07,5929
1717,長興,5,0,5,元富-台南,2023-06-07,5929
2413,環科,5,0,5,元富-台南,2023-06-07,5929
2427,三商電,5,0,5,元富-台南,2023-06-07,5929
2492,華新科,5,0,5,元富-台南,2023-06-07,5929
00688L,國泰20年美債正2,110,0,110,元富-台南,2023-06-08,5929
1444,力麗,61,4,57,元富-台南,2023-06-08,5929
2634,漢翔,92,38,54,元富-台南,2023-06-08,5929
2352,佳世達,50,2,48,元富-台南,2023-06-08,5929
6248,沛波,40,0,40,元富-台南,2023-06-08,5929
3058,立德,40,3,37,元富-台南,2023-06-08,5929
6015,宏遠證,30,0,30,元富-台南,2023-06-08,5929
00679B,元大美債20年,27,0,27,元富-台南,2023-06-08,5929
2337,旺宏,23,0,23,元富-台南,2023-06-08,5929
00764B,群益25年美債,22,0,22,元富-台南,2023-06-08,5929
2023,燁輝,20,0,20,元富-台南,2023-06-08,5929
1504,東元,40,21,19,元富-台南,2023-06-08,5929
1605,華新,20,1,19,元富-台南,2023-06-08,5929
2834,臺企銀,20,2,18,元富-台南,2023-06-08,5929
2409,友達,24,8,16,元富-台南,2023-06-08,5929
00773B,中信優先金融債,15,0,15,元富-台南,2023-06-08,5929
00878,國泰永續高股息,20,7,13,元富-台南,2023-06-08,5929
2330,台積電,21,8,13,元富-台南,2023-06-08,5929
00720B,元大投資級公司債,13,0,13,元富-台南,2023-06-08,5929
6285,啟��,13,0,13,元富-台南,2023-06-08,5929
8478,東哥遊艇,15,2,13,元富-台南,2023-06-08,5929
2457,飛宏,12,0,12,元富-台南,2023-06-08,5929
2390,云辰,13,2,11,元富-台南,2023-06-08,5929
4967,十銓,12,1,11,元富-台南,2023-06-08,5929
1104,環泥,11,0,11,元富-台南,2023-06-08,5929
6789,采鈺,25,15,10,元富-台南,2023-06-08,5929
1514,亞力,14,4,10,元富-台南,2023-06-08,5929
2883,凱基金,12,2,10,元富-台南,2023-06-08,5929
2882,國泰金,9,0,9,元富-台南,2023-06-08,5929
2609,陽明,16,7,9,元富-台南,2023-06-08,5929
3680,家登,10,1,9,元富-台南,2023-06-08,5929
3346,麗清,9,0,9,元富-台南,2023-06-08,5929
8076,伍豐,9,0,9,元富-台南,2023-06-08,5929
0056,元大高股息,9,1,8,元富-台南,2023-06-08,5929
00632R,元大台灣50反1,8,0,8,元富-台南,2023-06-08,5929
2362,藍天,8,0,8,元富-台南,2023-06-08,5929
3322,建舜電,8,0,8,元富-台南,2023-06-08,5929
5864,致和證,15,7,8,元富-台南,2023-06-08,5929
3037,欣興,25,18,7,元富-台南,2023-06-08,5929
1101,台泥,7,0,7,元富-台南,2023-06-08,5929
00915,凱基優選高股息30,7,0,7,元富-台南,2023-06-08,5929
1762,中化生,7,0,7,元富-台南,2023-06-08,5929
2338,光罩,7,0,7,元富-台南,2023-06-08,5929
6188,廣明,7,1,6,元富-台南,2023-06-08,5929
2535,達欣工,6,0,6,元富-台南,2023-06-08,5929
00893,國泰智能電動車,6,0,6,元富-台南,2023-06-08,5929
1810,和成,6,0,6,元富-台南,2023-06-08,5929
1903,士紙,6,0,6,元富-台南,2023-06-08,5929
2388,威盛,6,0,6,元富-台南,2023-06-08,5929
2888,新光金,6,0,6,元富-台南,2023-06-08,5929
2845,遠東銀,130,0,130,元富-台南,2023-06-09,5929
2329,華泰,78,13,65,元富-台南,2023-06-09,5929
00878,國泰永續高股息,35,7,28,元富-台南,2023-06-09,5929
2888,新光金,35,12,23,元富-台南,2023-06-09,5929
2892,第一金,22,0,22,元富-台南,2023-06-09,5929
00919,群益台灣精選高息,22,0,22,元富-台南,2023-06-09,5929
1108,幸福,20,0,20,元富-台南,2023-06-09,5929
2323,中環,31,13,18,元富-台南,2023-06-09,5929
6541,泰福-KY,17,0,17,元富-台南,2023-06-09,5929
4581,光隆精密-KY,16,0,16,元富-台南,2023-06-09,5929
2801,彰銀,15,0,15,元富-台南,2023-06-09,5929
1609,大亞,56,42,14,元富-台南,2023-06-09,5929
6016,康和證,14,0,14,元富-台南,2023-06-09,5929
8234,新漢,20,6,14,元富-台南,2023-06-09,5929
00715L,期街口布蘭特正2,13,0,13,元富-台南,2023-06-09,5929
2482,連宇,17,5,12,元富-台南,2023-06-09,5929
6443,元晶,11,0,11,元富-台南,2023-06-09,5929
00632R,元大台灣50反1,11,0,11,元富-台南,2023-06-09,5929
2883,凱基金,10,0,10,元富-台南,2023-06-09,5929
2371,大同,21,11,10,元富-台南,2023-06-09,5929
2201,裕隆,10,0,10,元富-台南,2023-06-09,5929
00665L,富邦�琤肭磪囓�2,10,0,10,元富-台南,2023-06-09,5929
00637L,元大滬深300正2,47,37,10,元富-台南,2023-06-09,5929
2705,六福,10,0,10,元富-台南,2023-06-09,5929
3058,立德,45,35,10,元富-台南,2023-06-09,5929
4919,新唐,10,0,10,元富-台南,2023-06-09,5929
5512,力麒,10,0,10,元富-台南,2023-06-09,5929
0056,元大高股息,19,10,9,元富-台南,2023-06-09,5929
6143,振曜,9,0,9,元富-台南,2023-06-09,5929
2301,光寶科,14,6,8,元富-台南,2023-06-09,5929
3380,明泰,9,1,8,元富-台南,2023-06-09,5929
6116,彩晶,15,7,8,元富-台南,2023-06-09,5929
9907,統一實,9,1,8,元富-台南,2023-06-09,5929
2731,雄獅,13,5,8,元富-台南,2023-06-09,5929
1504,東元,43,36,7,元富-台南,2023-06-09,5929
3680,家登,25,18,7,元富-台南,2023-06-09,5929
6176,瑞儀,7,0,7,元富-台南,2023-06-09,5929
6285,啟��,8,1,7,元富-台南,2023-06-09,5929
6257,矽格,6,0,6,元富-台南,2023-06-09,5929
1560,中砂,10,4,6,元富-台南,2023-06-09,5929
2337,旺宏,6,0,6,元富-台南,2023-06-09,5929
2906,高林,6,0,6,元富-台南,2023-06-09,5929
5703,亞都,6,0,6,元富-台南,2023-06-09,5929
9103,美德醫療-DR,6,0,6,元富-台南,2023-06-09,5929
00713,元大台灣高息低波,10,5,5,元富-台南,2023-06-09,5929
1612,宏泰,5,0,5,元富-台南,2023-06-09,5929
1789,神隆,5,0,5,元富-台南,2023-06-09,5929
2399,映泰,12,7,5,元富-台南,2023-06-09,5929
2413,環科,5,0,5,元富-台南,2023-06-09,5929
2540,愛山林,5,0,5,元富-台南,2023-06-09,5929
2618,長榮航,102,7,95,元富-台南,2023-06-12,5929
2610,華航,98,35,63,元富-台南,2023-06-12,5929
00715L,期街口布蘭特正2,60,0,60,元富-台南,2023-06-12,5929
5009,榮剛,47,1,46,元富-台南,2023-06-12,5929
2887,台新金,50,7,43,元富-台南,2023-06-12,5929
3058,立德,42,11,31,元富-台南,2023-06-12,5929
1609,大亞,35,5,30,元富-台南,2023-06-12,5929
00916,國泰全球品牌50,30,0,30,元富-台南,2023-06-12,5929
2356,英業達,28,2,26,元富-台南,2023-06-12,5929
8110,華東,25,0,25,元富-台南,2023-06-12,5929
2883,凱基金,26,2,24,元富-台南,2023-06-12,5929
2883B,凱基金乙特,24,0,24,元富-台南,2023-06-12,5929
4114,健喬,22,0,22,元富-台南,2023-06-12,5929
00893,國泰智能電動車,27,6,21,元富-台南,2023-06-12,5929
6125,廣運,22,1,21,元富-台南,2023-06-12,5929
00830,國泰費城半導體,20,0,20,元富-台南,2023-06-12,5929
1802,台玻,20,0,20,元富-台南,2023-06-12,5929
2365,昆盈,20,0,20,元富-台南,2023-06-12,5929
5512,力麒,40,20,20,元富-台南,2023-06-12,5929
3682,亞太電,21,2,19,元富-台南,2023-06-12,5929
6139,亞翔,17,0,17,元富-台南,2023-06-12,5929
6111,大宇資,30,15,15,元富-台南,2023-06-12,5929
6257,矽格,15,0,15,元富-台南,2023-06-12,5929
2382,廣達,19,5,14,元富-台南,2023-06-12,5929
4138,曜亞,14,0,14,元富-台南,2023-06-12,5929
00929,復華台灣科技優息,13,1,12,元富-台南,2023-06-12,5929
6148,驊宏資,13,1,12,元富-台南,2023-06-12,5929
6443,元晶,11,0,11,元富-台南,2023-06-12,5929
3231,緯創,15,4,11,元富-台南,2023-06-12,5929
3481,群創,15,4,11,元富-台南,2023-06-12,5929
3260,威剛,12,1,11,元富-台南,2023-06-12,5929
00764B,群益25年美債,10,0,10,元富-台南,2023-06-12,5929
00642U,期元大S＆P石油,10,0,10,元富-台南,2023-06-12,5929
2515,中工,10,0,10,元富-台南,2023-06-12,5929
3380,明泰,10,0,10,元富-台南,2023-06-12,5929
8478,東哥遊艇,16,6,10,元富-台南,2023-06-12,5929
6606,建德工業,10,0,10,元富-台南,2023-06-12,5929
3680,家登,41,31,10,元富-台南,2023-06-12,5929
2801,彰銀,9,0,9,元富-台南,2023-06-12,5929
2888,新光金,252,243,9,元富-台南,2023-06-12,5929
3702A,大聯大甲特,9,0,9,元富-台南,2023-06-12,5929
8222,寶一,9,0,9,元富-台南,2023-06-12,5929
9941A,裕融甲特,9,0,9,元富-台南,2023-06-12,5929
1584,精剛,10,2,8,元富-台南,2023-06-12,5929
2388,威盛,8,0,8,元富-台南,2023-06-12,5929
2634,漢翔,10,2,8,元富-台南,2023-06-12,5929
9945,潤泰新,10,2,8,元富-台南,2023-06-12,5929
1618,合機,7,0,7,元富-台南,2023-06-12,5929
2358,廷鑫,7,0,7,元富-台南,2023-06-12,5929
4581,光隆精密-KY,7,0,7,元富-台南,2023-06-12,5929
00715L,期街口布蘭特正2,98,0,98,元富-台南,2023-06-13,5929
2301,光寶科,78,3,75,元富-台南,2023-06-13,5929
2312,金寶,121,46,75,元富-台南,2023-06-13,5929
00878,國泰永續高股息,84,20,64,元富-台南,2023-06-13,5929
00642U,期元大S＆P石油,32,0,32,元富-台南,2023-06-13,5929
1609,大亞,34,2,32,元富-台南,2023-06-13,5929
2328,廣宇,30,0,30,元富-台南,2023-06-13,5929
2882,國泰金,25,1,24,元富-台南,2023-06-13,5929
00885,富邦越南,35,11,24,元富-台南,2023-06-13,5929
00919,群益台灣精選高息,22,0,22,元富-台南,2023-06-13,5929
4138,曜亞,21,0,21,元富-台南,2023-06-13,5929
3058,立德,29,8,21,元富-台南,2023-06-13,5929
2897,王道銀行,20,0,20,元富-台南,2023-06-13,5929
5512,力麒,40,20,20,元富-台南,2023-06-13,5929
3682,亞太電,20,0,20,元富-台南,2023-06-13,5929
2453,凌群,20,1,19,元富-台南,2023-06-13,5929
4968,立積,17,1,16,元富-台南,2023-06-13,5929
1785,光洋科,17,3,14,元富-台南,2023-06-13,5929
1795,美時,14,0,14,元富-台南,2023-06-13,5929
5483,中美晶,14,0,14,元富-台南,2023-06-13,5929
6187,萬潤,16,3,13,元富-台南,2023-06-13,5929
1504,東元,14,2,12,元富-台南,2023-06-13,5929
2705,六福,14,2,12,元富-台南,2023-06-13,5929
2883,凱基金,36,24,12,元富-台南,2023-06-13,5929
8076,伍豐,15,3,12,元富-台南,2023-06-13,5929
3260,威剛,11,0,11,元富-台南,2023-06-13,5929
2371,大同,12,1,11,元富-台南,2023-06-13,5929
00882,中信中國高股息,10,0,10,元富-台南,2023-06-13,5929
00905,FT臺灣Smart,10,0,10,元富-台南,2023-06-13,5929
1409,新纖,10,0,10,元富-台南,2023-06-13,5929
1467,南緯,10,0,10,元富-台南,2023-06-13,5929
2481,強茂,10,0,10,元富-台南,2023-06-13,5929
3049,精金,10,0,10,元富-台南,2023-06-13,5929
4944,兆遠,10,0,10,元富-台南,2023-06-13,5929
6532,瑞耘,12,2,10,元富-台南,2023-06-13,5929
2614,東森,9,0,9,元富-台南,2023-06-13,5929
4533,協易機,115,106,9,元富-台南,2023-06-13,5929
3454,晶睿,8,0,8,元富-台南,2023-06-13,5929
2027,大成鋼,9,2,7,元富-台南,2023-06-13,5929
2340,台亞,7,0,7,元富-台南,2023-06-13,5929
2353,宏��,12,5,7,元富-台南,2023-06-13,5929
3017,奇鋐,14,7,7,元富-台南,2023-06-13,5929
6590,普鴻,6,0,6,元富-台南,2023-06-13,5929
8222,寶一,7,1,6,元富-台南,2023-06-13,5929
8358,金居,8,2,6,元富-台南,2023-06-13,5929
1227,佳格,5,0,5,元富-台南,2023-06-13,5929
00924,復華S＆P500成長,5,0,5,元富-台南,2023-06-13,5929
00676R,富邦臺灣加權反1,5,0,5,元富-台南,2023-06-13,5929
1718,中纖,5,0,5,元富-台南,2023-06-13,5929
2485,兆赫,5,0,5,元富-台南,2023-06-13,5929
01003T,兆豐新光R1,120,0,120,元富-台南,2023-06-14,5929
2882,國泰金,75,0,75,元富-台南,2023-06-14,5929
3481,群創,41,0,41,元富-台南,2023-06-14,5929
2312,金寶,41,1,40,元富-台南,2023-06-14,5929
2801,彰銀,40,2,38,元富-台南,2023-06-14,5929
00878,國泰永續高股息,48,23,25,元富-台南,2023-06-14,5929
2317,鴻海,29,7,22,元富-台南,2023-06-14,5929
00712,復華富時不動產,32,10,22,元富-台南,2023-06-14,5929
2356,英業達,55,34,21,元富-台南,2023-06-14,5929
2023,燁輝,20,0,20,元富-台南,2023-06-14,5929
2540,愛山林,20,0,20,元富-台南,2023-06-14,5929
2881,富邦金,19,0,19,元富-台南,2023-06-14,5929
4533,協易機,32,16,16,元富-台南,2023-06-14,5929
00665L,富邦�琤肭磪囓�2,20,5,15,元富-台南,2023-06-14,5929
6182,合晶,18,3,15,元富-台南,2023-06-14,5929
00679B,元大美債20年,14,0,14,元富-台南,2023-06-14,5929
00919,群益台灣精選高息,15,1,14,元富-台南,2023-06-14,5929
3356,奇偶,19,5,14,元富-台南,2023-06-14,5929
5425,台半,15,1,14,元富-台南,2023-06-14,5929
2887,台新金,14,2,12,元富-台南,2023-06-14,5929
00676R,富邦臺灣加權反1,11,0,11,元富-台南,2023-06-14,5929
1609,大亞,34,23,11,元富-台南,2023-06-14,5929
1907,永豐餘,11,0,11,元富-台南,2023-06-14,5929
00650L,復華香港正2,10,0,10,元富-台南,2023-06-14,5929
00905,FT臺灣Smart,10,0,10,元富-台南,2023-06-14,5929
1802,台玻,10,0,10,元富-台南,2023-06-14,5929
2881A,富邦特,10,0,10,元富-台南,2023-06-14,5929
3031,佰鴻,10,0,10,元富-台南,2023-06-14,5929
3308,聯德,11,1,10,元富-台南,2023-06-14,5929
5864,致和證,10,0,10,元富-台南,2023-06-14,5929
6245,立端,10,0,10,元富-台南,2023-06-14,5929
1503,士電,9,0,9,元富-台南,2023-06-14,5929
9907,統一實,9,0,9,元富-台南,2023-06-14,5929
6187,萬潤,8,0,8,元富-台南,2023-06-14,5929
1513,中興電,8,0,8,元富-台南,2023-06-14,5929
2208,台船,14,6,8,元富-台南,2023-06-14,5929
1795,美時,7,0,7,元富-台南,2023-06-14,5929
3128,昇銳,7,0,7,元富-台南,2023-06-14,5929
5443,均豪,10,3,7,元富-台南,2023-06-14,5929
8070,長華*,7,0,7,元富-台南,2023-06-14,5929
1540,喬福,9,3,6,元富-台南,2023-06-14,5929
1734,杏輝,6,0,6,元富-台南,2023-06-14,5929
2504,國產,6,0,6,元富-台南,2023-06-14,5929
5015,華祺,6,0,6,元富-台南,2023-06-14,5929
6122,擎邦,13,7,6,元富-台南,2023-06-14,5929
3014,聯陽,6,0,6,元富-台南,2023-06-14,5929
00916,國泰全球品牌50,5,0,5,元富-台南,2023-06-14,5929
00633L,富邦上証正2,5,0,5,元富-台南,2023-06-14,5929
1539,巨庭,5,0,5,元富-台南,2023-06-14,5929
1733,五鼎,5,0,5,元富-台南,2023-06-14,5929
00712,復華富時不動產,308,11,297,元富-台南,2023-06-15,5929
2888,新光金,179,30,149,元富-台南,2023-06-15,5929
1609,大亞,125,20,105,元富-台南,2023-06-15,5929
00919,群益台灣精選高息,57,0,57,元富-台南,2023-06-15,5929
00885,富邦越南,42,0,42,元富-台南,2023-06-15,5929
2618,長榮航,125,93,32,元富-台南,2023-06-15,5929
00830,國泰費城半導體,30,1,29,元富-台南,2023-06-15,5929
2313,華通,29,0,29,元富-台南,2023-06-15,5929
2834,臺企銀,22,0,22,元富-台南,2023-06-15,5929
2883,凱基金,27,6,21,元富-台南,2023-06-15,5929
2882,國泰金,21,0,21,元富-台南,2023-06-15,5929
3682,亞太電,21,0,21,元富-台南,2023-06-15,5929
3058,立德,23,2,21,元富-台南,2023-06-15,5929
00715L,期街口布蘭特正2,20,0,20,元富-台南,2023-06-15,5929
2102,泰豐,20,0,20,元富-台南,2023-06-15,5929
3141,晶宏,19,0,19,元富-台南,2023-06-15,5929
9925,新保,17,0,17,元富-台南,2023-06-15,5929
1409,新纖,15,0,15,元富-台南,2023-06-15,5929
2352,佳世達,14,1,13,元富-台南,2023-06-15,5929
2892,第一金,13,1,12,元富-台南,2023-06-15,5929
00692,富邦公司治理,11,0,11,元富-台南,2023-06-15,5929
1504,東元,20,9,11,元富-台南,2023-06-15,5929
1815,富喬,13,2,11,元富-台南,2023-06-15,5929
2328,廣宇,11,0,11,元富-台南,2023-06-15,5929
2453,凌群,14,3,11,元富-台南,2023-06-15,5929
2540,愛山林,11,0,11,元富-台南,2023-06-15,5929
3356,奇偶,33,22,11,元富-台南,2023-06-15,5929
6143,振曜,13,2,11,元富-台南,2023-06-15,5929
00929,復華台灣科技優息,10,0,10,元富-台南,2023-06-15,5929
3532,台勝科,10,0,10,元富-台南,2023-06-15,5929
2812,台中銀,10,0,10,元富-台南,2023-06-15,5929
2890,永豐金,10,0,10,元富-台南,2023-06-15,5929
6015,宏遠證,10,0,10,元富-台南,2023-06-15,5929
3576,聯合再生,11,1,10,元富-台南,2023-06-15,5929
2308,台達電,10,1,9,元富-台南,2023-06-15,5929
2401,凌陽,22,13,9,元富-台南,2023-06-15,5929
5425,台半,9,0,9,元富-台南,2023-06-15,5929
6016,康和證,9,0,9,元富-台南,2023-06-15,5929
3231,緯創,17,8,9,元富-台南,2023-06-15,5929
2399,映泰,21,13,8,元富-台南,2023-06-15,5929
2801,彰銀,10,2,8,元富-台南,2023-06-15,5929
4950,牧東,8,0,8,元富-台南,2023-06-15,5929
6523,達爾膚,12,5,7,元富-台南,2023-06-15,5929
8050,廣積,7,0,7,元富-台南,2023-06-15,5929
3033,威健,8,1,7,元富-台南,2023-06-15,5929
3680,家登,17,11,6,元富-台南,2023-06-15,5929
00857B,永豐20年美公債,6,0,6,元富-台南,2023-06-15,5929
4533,協易機,7,1,6,元富-台南,2023-06-15,5929
6187,萬潤,6,0,6,元富-台南,2023-06-15,5929
6285,啟��,6,0,6,元富-台南,2023-06-15,5929
9919,康那香,101,1,100,元富-台南,2023-06-16,5929
2610,華航,177,112,65,元富-台南,2023-06-16,5929
2618,長榮航,81,19,62,元富-台南,2023-06-16,5929
3706,神達,121,66,55,元富-台南,2023-06-16,5929
1710,東聯,53,2,51,元富-台南,2023-06-16,5929
2883,凱基金,46,0,46,元富-台南,2023-06-16,5929
2301,光寶科,44,8,36,元富-台南,2023-06-16,5929
2331,精英,33,2,31,元富-台南,2023-06-16,5929
00919,群益台灣精選高息,40,10,30,元富-台南,2023-06-16,5929
00683L,期元大美元指正2,30,0,30,元富-台南,2023-06-16,5929
4510,高鋒,30,0,30,元富-台南,2023-06-16,5929
5347,世界,30,0,30,元富-台南,2023-06-16,5929
2356,英業達,66,37,29,元富-台南,2023-06-16,5929
2886,兆豐金,27,0,27,元富-台南,2023-06-16,5929
1605,華新,46,22,24,元富-台南,2023-06-16,5929
2330,台積電,61,42,19,元富-台南,2023-06-16,5929
6143,振曜,21,3,18,元富-台南,2023-06-16,5929
8110,華東,43,25,18,元富-台南,2023-06-16,5929
2405,輔信,21,4,17,元富-台南,2023-06-16,5929
3024,憶聲,19,2,17,元富-台南,2023-06-16,5929
0056,元大高股息,15,0,15,元富-台南,2023-06-16,5929
3652,精聯,15,0,15,元富-台南,2023-06-16,5929
3022,威強電,19,5,14,元富-台南,2023-06-16,5929
6770,力積電,15,2,13,元富-台南,2023-06-16,5929
6205,詮欣,13,1,12,元富-台南,2023-06-16,5929
1301,台塑,11,0,11,元富-台南,2023-06-16,5929
1611,中電,13,2,11,元富-台南,2023-06-16,5929
2392,正崴,11,0,11,元富-台南,2023-06-16,5929
2495,普安,11,0,11,元富-台南,2023-06-16,5929
00882,中信中國高股息,10,0,10,元富-台南,2023-06-16,5929
2633,台灣高鐵,10,0,10,元富-台南,2023-06-16,5929
3032,偉訓,10,0,10,元富-台南,2023-06-16,5929
3058,立德,27,17,10,元富-台南,2023-06-16,5929
3093,港建*,10,0,10,元富-台南,2023-06-16,5929
3305,昇貿,10,0,10,元富-台南,2023-06-16,5929
4128,中天,10,0,10,元富-台南,2023-06-16,5929
5425,台半,11,1,10,元富-台南,2023-06-16,5929
2313,華通,9,0,9,元富-台南,2023-06-16,5929
1514,亞力,14,5,9,元富-台南,2023-06-16,5929
2359,所羅門,10,2,8,元富-台南,2023-06-16,5929
1815,富喬,10,2,8,元富-台南,2023-06-16,5929
2454,聯發科,8,0,8,元富-台南,2023-06-16,5929
2401,凌陽,18,10,8,元富-台南,2023-06-16,5929
2545,皇翔,8,0,8,元富-台南,2023-06-16,5929
8088,品安,10,2,8,元富-台南,2023-06-16,5929
1795,美時,7,0,7,元富-台南,2023-06-16,5929
2376,技嘉,12,5,7,元富-台南,2023-06-16,5929
2538,基泰,7,0,7,元富-台南,2023-06-16,5929
5009,榮剛,7,0,7,元富-台南,2023-06-16,5929
6244,茂迪,7,0,7,元富-台南,2023-06-16,5929
00712,復華富時不動產,303,3,300,元富-台南,2023-06-19,5929
2888,新光金,107,0,107,元富-台南,2023-06-19,5929
2323,中環,70,2,68,元富-台南,2023-06-19,5929
2023,燁輝,90,30,60,元富-台南,2023-06-19,5929
5009,榮剛,74,14,60,元富-台南,2023-06-19,5929
2312,金寶,210,154,56,元富-台南,2023-06-19,5929
9919,康那香,97,50,47,元富-台南,2023-06-19,5929
3264,欣銓,39,4,35,元富-台南,2023-06-19,5929
5512,力麒,30,0,30,元富-台南,2023-06-19,5929
1710,東聯,27,0,27,元富-台南,2023-06-19,5929
2353,宏��,23,1,22,元富-台南,2023-06-19,5929
3576,聯合再生,22,0,22,元富-台南,2023-06-19,5929
1444,力麗,20,0,20,元富-台南,2023-06-19,5929
2324,仁寶,19,2,17,元富-台南,2023-06-19,5929
2883,凱基金,18,2,16,元富-台南,2023-06-19,5929
6116,彩晶,31,15,16,元富-台南,2023-06-19,5929
1605,華新,45,29,16,元富-台南,2023-06-19,5929
1905,華紙,21,6,15,元富-台南,2023-06-19,5929
3252,海灣,15,0,15,元富-台南,2023-06-19,5929
4306,炎洲,15,0,15,元富-台南,2023-06-19,5929
4538,大詠城,15,0,15,元富-台南,2023-06-19,5929
8996,高力,16,4,12,元富-台南,2023-06-19,5929
2545,皇翔,12,0,12,元富-台南,2023-06-19,5929
6188,廣明,12,0,12,元富-台南,2023-06-19,5929
2504,國產,11,0,11,元富-台南,2023-06-19,5929
3071,協禧,11,0,11,元富-台南,2023-06-19,5929
4541,晟田,11,0,11,元富-台南,2023-06-19,5929
6770,力積電,10,0,10,元富-台南,2023-06-19,5929
00665L,富邦�琤肭磪囓�2,10,0,10,元富-台南,2023-06-19,5929
00650L,復華香港正2,10,0,10,元富-台南,2023-06-19,5929
2417,圓剛,10,0,10,元富-台南,2023-06-19,5929
2836,高雄銀,10,0,10,元富-台南,2023-06-19,5929
2027,大成鋼,13,3,10,元富-台南,2023-06-19,5929
2891,中信金,10,1,9,元富-台南,2023-06-19,5929
1609,大亞,18,9,9,元富-台南,2023-06-19,5929
1460,宏遠,8,0,8,元富-台南,2023-06-19,5929
1504,東元,34,26,8,元富-台南,2023-06-19,5929
1611,中電,8,0,8,元富-台南,2023-06-19,5929
3013,晟銘電,12,4,8,元富-台南,2023-06-19,5929
1528,恩德,22,15,7,元富-台南,2023-06-19,5929
2609,陽明,7,0,7,元富-台南,2023-06-19,5929
4129,聯合,7,0,7,元富-台南,2023-06-19,5929
5864,致和證,7,0,7,元富-台南,2023-06-19,5929
00772B,中信高評級公司債,10,4,6,元富-台南,2023-06-19,5929
00632R,元大台灣50反1,6,0,6,元富-台南,2023-06-19,5929
3022,威強電,6,0,6,元富-台南,2023-06-19,5929
3260,威剛,8,2,6,元富-台南,2023-06-19,5929
2421,建準,9,3,6,元富-台南,2023-06-19,5929
2610,華航,95,90,5,元富-台南,2023-06-19,5929
2801,彰銀,5,0,5,元富-台南,2023-06-19,5929
1210,大成,201,1,200,元富-台南,2023-06-20,5929
5009,榮剛,77,0,77,元富-台南,2023-06-20,5929
2468,華經,71,0,71,元富-台南,2023-06-20,5929
2634,漢翔,111,49,62,元富-台南,2023-06-20,5929
3481,群創,119,58,61,元富-台南,2023-06-20,5929
00680L,元大美債20正2,52,0,52,元富-台南,2023-06-20,5929
00688L,國泰20年美債正2,50,0,50,元富-台南,2023-06-20,5929
2888,新光金,44,1,43,元富-台南,2023-06-20,5929
8222,寶一,56,14,42,元富-台南,2023-06-20,5929
2504,國產,43,2,41,元富-台南,2023-06-20,5929
9919,康那香,30,0,30,元富-台南,2023-06-20,5929
00921,兆豐龍頭等權重,24,0,24,元富-台南,2023-06-20,5929
4175,杏一,21,0,21,元富-台南,2023-06-20,5929
1444,力麗,20,0,20,元富-台南,2023-06-20,5929
3038,全台,20,0,20,元富-台南,2023-06-20,5929
5011,久陽,20,0,20,元富-台南,2023-06-20,5929
3260,威剛,18,0,18,元富-台南,2023-06-20,5929
3680,家登,21,3,18,元富-台南,2023-06-20,5929
4904,遠傳,18,0,18,元富-台南,2023-06-20,5929
2402,毅嘉,22,5,17,元富-台南,2023-06-20,5929
2618,長榮航,20,3,17,元富-台南,2023-06-20,5929
6290,良維,18,1,17,元富-台南,2023-06-20,5929
2332,友訊,15,0,15,元富-台南,2023-06-20,5929
2337,旺宏,15,0,15,元富-台南,2023-06-20,5929
3236,千如,15,0,15,元富-台南,2023-06-20,5929
3025,星通,19,6,13,元富-台南,2023-06-20,5929
1612,宏泰,14,2,12,元富-台南,2023-06-20,5929
6469,大樹,11,0,11,元富-台南,2023-06-20,5929
00665L,富邦�琤肭磪囓�2,10,0,10,元富-台南,2023-06-20,5929
00633L,富邦上証正2,10,0,10,元富-台南,2023-06-20,5929
1434,福懋,10,0,10,元富-台南,2023-06-20,5929
2023,燁輝,20,10,10,元富-台南,2023-06-20,5929
2367,燿華,10,0,10,元富-台南,2023-06-20,5929
8110,華東,10,0,10,元富-台南,2023-06-20,5929
2409,友達,15,6,9,元富-台南,2023-06-20,5929
1319,東陽,10,1,9,元富-台南,2023-06-20,5929
1446,宏和,9,0,9,元富-台南,2023-06-20,5929
2201,裕隆,9,0,9,元富-台南,2023-06-20,5929
2303,聯電,12,3,9,元富-台南,2023-06-20,5929
6116,彩晶,9,0,9,元富-台南,2023-06-20,5929
8358,金居,18,9,9,元富-台南,2023-06-20,5929
2382,廣達,12,3,9,元富-台南,2023-06-20,5929
1528,恩德,39,31,8,元富-台南,2023-06-20,5929
3419,譁裕,10,2,8,元富-台南,2023-06-20,5929
3029,零壹,7,0,7,元富-台南,2023-06-20,5929
00632R,元大台灣50反1,12,5,7,元富-台南,2023-06-20,5929
1734,杏輝,15,8,7,元富-台南,2023-06-20,5929
3058,立德,8,1,7,元富-台南,2023-06-20,5929
3078,僑威,11,4,7,元富-台南,2023-06-20,5929
3088,艾訊,7,0,7,元富-台南,2023-06-20,5929
1210,大成,201,0,201,元富-台南,2023-06-21,5929
1609,大亞,149,60,89,元富-台南,2023-06-21,5929
6248,沛波,58,0,58,元富-台南,2023-06-21,5929
1905,華紙,57,10,47,元富-台南,2023-06-21,5929
2609,陽明,42,1,41,元富-台南,2023-06-21,5929
1447,力鵬,40,0,40,元富-台南,2023-06-21,5929
8112,至上,37,0,37,元富-台南,2023-06-21,5929
3088,艾訊,36,0,36,元富-台南,2023-06-21,5929
6275,元山,50,15,35,元富-台南,2023-06-21,5929
1446,宏和,35,9,26,元富-台南,2023-06-21,5929
00665L,富邦�琤肭磪囓�2,40,15,25,元富-台南,2023-06-21,5929
2323,中環,25,1,24,元富-台南,2023-06-21,5929
2705,六福,30,7,23,元富-台南,2023-06-21,5929
2317,鴻海,33,12,21,元富-台南,2023-06-21,5929
1762,中化生,20,0,20,元富-台南,2023-06-21,5929
5381,合正,20,0,20,元富-台南,2023-06-21,5929
5905,南仁湖,20,0,20,元富-台南,2023-06-21,5929
9919,康那香,21,1,20,元富-台南,2023-06-21,5929
2634,漢翔,72,58,14,元富-台南,2023-06-21,5929
6290,良維,13,1,12,元富-台南,2023-06-21,5929
2615,萬海,13,1,12,元富-台南,2023-06-21,5929
2736,富野,22,10,12,元富-台南,2023-06-21,5929
3013,晟銘電,14,2,12,元富-台南,2023-06-21,5929
00882,中信中國高股息,13,1,12,元富-台南,2023-06-21,5929
2504,國產,16,5,11,元富-台南,2023-06-21,5929
6550,北極星藥業-KY,11,0,11,元富-台南,2023-06-21,5929
1605,華新,14,3,11,元富-台南,2023-06-21,5929
2354,鴻準,11,0,11,元富-台南,2023-06-21,5929
3380,明泰,11,0,11,元富-台南,2023-06-21,5929
00650L,復華香港正2,10,0,10,元富-台南,2023-06-21,5929
2426,鼎元,10,0,10,元富-台南,2023-06-21,5929
4128,中天,10,0,10,元富-台南,2023-06-21,5929
9945,潤泰新,10,0,10,元富-台南,2023-06-21,5929
2603,長榮,9,0,9,元富-台南,2023-06-21,5929
1589,永冠-KY,10,1,9,元富-台南,2023-06-21,5929
5309,系統電,11,2,9,元富-台南,2023-06-21,5929
6282,康舒,13,4,9,元富-台南,2023-06-21,5929
5880,合庫金,8,0,8,元富-台南,2023-06-21,5929
1103,嘉泥,8,0,8,元富-台南,2023-06-21,5929
2365,昆盈,8,0,8,元富-台南,2023-06-21,5929
2402,毅嘉,8,0,8,元富-台南,2023-06-21,5929
2801,彰銀,8,0,8,元富-台南,2023-06-21,5929
2834,臺企銀,9,1,8,元富-台南,2023-06-21,5929
3413,京鼎,8,0,8,元富-台南,2023-06-21,5929
3564,其陽,8,0,8,元富-台南,2023-06-21,5929
2883,凱基金,7,0,7,元富-台南,2023-06-21,5929
2363,矽統,7,0,7,元富-台南,2023-06-21,5929
2405,輔信,11,4,7,元富-台南,2023-06-21,5929
2428,興勤,7,0,7,元富-台南,2023-06-21,5929
3006,晶豪科,8,1,7,元富-台南,2023-06-21,5929
2888,新光金,234,1,233,元富-台南,2023-06-26,5929
3481,群創,256,24,232,元富-台南,2023-06-26,5929
1210,大成,100,0,100,元富-台南,2023-06-26,5929
00715L,期街口布蘭特正2,81,1,80,元富-台南,2023-06-26,5929
3715,定穎投控,53,2,51,元富-台南,2023-06-26,5929
2504,國產,43,0,43,元富-台南,2023-06-26,5929
1303,南亞,40,0,40,元富-台南,2023-06-26,5929
5512,力麒,40,0,40,元富-台南,2023-06-26,5929
6125,廣運,53,18,35,元富-台南,2023-06-26,5929
2801,彰銀,33,0,33,元富-台南,2023-06-26,5929
2376,技嘉,30,2,28,元富-台南,2023-06-26,5929
4510,高鋒,25,0,25,元富-台南,2023-06-26,5929
1504,東元,22,0,22,元富-台南,2023-06-26,5929
3044,健鼎,21,0,21,元富-台南,2023-06-26,5929
6248,沛波,80,60,20,元富-台南,2023-06-26,5929
8110,華東,20,1,19,元富-台南,2023-06-26,5929
2382,廣達,22,4,18,元富-台南,2023-06-26,5929
2634,漢翔,20,4,16,元富-台南,2023-06-26,5929
00679B,元大美債20年,15,0,15,元富-台南,2023-06-26,5929
2371,大同,15,2,13,元富-台南,2023-06-26,5929
1605,華新,12,0,12,元富-台南,2023-06-26,5929
5425,台半,12,0,12,元富-台南,2023-06-26,5929
6143,振曜,12,1,11,元富-台南,2023-06-26,5929
00902,中信電池及儲能,11,0,11,元富-台南,2023-06-26,5929
00665L,富邦�琤肭磪囓�2,30,19,11,元富-台南,2023-06-26,5929
2308,台達電,10,0,10,元富-台南,2023-06-26,5929
00637L,元大滬深300正2,15,5,10,元富-台南,2023-06-26,5929
1304,台聚,10,0,10,元富-台南,2023-06-26,5929
2208,台船,10,0,10,元富-台南,2023-06-26,5929
2605,新興,12,2,10,元富-台南,2023-06-26,5929
2883,凱基金,10,0,10,元富-台南,2023-06-26,5929
2913,農林,10,0,10,元富-台南,2023-06-26,5929
3703,欣陸,10,0,10,元富-台南,2023-06-26,5929
2027,大成鋼,10,0,10,元富-台南,2023-06-26,5929
3289,宜特,9,0,9,元富-台南,2023-06-26,5929
3710,連展投控,9,0,9,元富-台南,2023-06-26,5929
4543,萬在,10,1,9,元富-台南,2023-06-26,5929
2330,台積電,9,0,9,元富-台南,2023-06-26,5929
1731,美吾華,11,3,8,元富-台南,2023-06-26,5929
2481,強茂,8,0,8,元富-台南,2023-06-26,5929
2312,金寶,8,0,8,元富-台南,2023-06-26,5929
3078,僑威,9,2,7,元富-台南,2023-06-26,5929
3032,偉訓,7,0,7,元富-台南,2023-06-26,5929
4916,事欣科,7,0,7,元富-台南,2023-06-26,5929
6147,頎邦,7,0,7,元富-台南,2023-06-26,5929
2317,鴻海,23,17,6,元富-台南,2023-06-26,5929
3056,富華新,7,1,6,元富-台南,2023-06-26,5929
00882,中信中國高股息,6,0,6,元富-台南,2023-06-26,5929
00893,國泰智能電動車,7,1,6,元富-台南,2023-06-26,5929
1522,堤維西,6,0,6,元富-台南,2023-06-26,5929
1210,大成,500,1,499,元富-台南,2023-06-27,5929
2323,中環,229,60,169,元富-台南,2023-06-27,5929
6248,沛波,150,0,150,元富-台南,2023-06-27,5929
2303,聯電,107,1,106,元富-台南,2023-06-27,5929
2409,友達,76,1,75,元富-台南,2023-06-27,5929
3682,亞太電,64,0,64,元富-台南,2023-06-27,5929
3058,立德,64,4,60,元富-台南,2023-06-27,5929
3211,順達,50,0,50,元富-台南,2023-06-27,5929
1446,宏和,47,0,47,元富-台南,2023-06-27,5929
2618,長榮航,61,18,43,元富-台南,2023-06-27,5929
2888,新光金,35,0,35,元富-台南,2023-06-27,5929
3680,家登,38,5,33,元富-台南,2023-06-27,5929
2883,凱基金,31,0,31,元富-台南,2023-06-27,5929
6125,廣運,30,1,29,元富-台南,2023-06-27,5929
2344,華邦電,31,6,25,元富-台南,2023-06-27,5929
1101,台泥,22,0,22,元富-台南,2023-06-27,5929
2610,華航,66,44,22,元富-台南,2023-06-27,5929
2504,國產,33,12,21,元富-台南,2023-06-27,5929
5512,力麒,20,0,20,元富-台南,2023-06-27,5929
1734,杏輝,31,12,19,元富-台南,2023-06-27,5929
3481,群創,22,5,17,元富-台南,2023-06-27,5929
1907,永豐餘,17,1,16,元富-台南,2023-06-27,5929
8034,榮群,16,0,16,元富-台南,2023-06-27,5929
6788,華景電,17,2,15,元富-台南,2023-06-27,5929
0056,元大高股息,16,3,13,元富-台南,2023-06-27,5929
3706,神達,16,3,13,元富-台南,2023-06-27,5929
6116,彩晶,12,0,12,元富-台南,2023-06-27,5929
9907,統一實,12,0,12,元富-台南,2023-06-27,5929
00706L,期元大S＆P日圓正2,11,0,11,元富-台南,2023-06-27,5929
2328,廣宇,11,0,11,元富-台南,2023-06-27,5929
3055,蔚華科,12,1,11,元富-台南,2023-06-27,5929
2884,玉山金,10,0,10,元富-台南,2023-06-27,5929
00753L,中信中國50正2,10,0,10,元富-台南,2023-06-27,5929
1447,力鵬,10,0,10,元富-台南,2023-06-27,5929
3041,揚智,10,0,10,元富-台南,2023-06-27,5929
3093,港建*,10,0,10,元富-台南,2023-06-27,5929
3324,雙鴻,10,0,10,元富-台南,2023-06-27,5929
3703,欣陸,10,0,10,元富-台南,2023-06-27,5929
4123,晟德,10,0,10,元富-台南,2023-06-27,5929
6005,群益證,10,0,10,元富-台南,2023-06-27,5929
8110,華東,10,0,10,元富-台南,2023-06-27,5929
00655L,國泰中國A50正2,9,0,9,元富-台南,2023-06-27,5929
5425,台半,9,0,9,元富-台南,2023-06-27,5929
6245,立端,10,1,9,元富-台南,2023-06-27,5929
3032,偉訓,10,2,8,元富-台南,2023-06-27,5929
8222,寶一,8,0,8,元富-台南,2023-06-27,5929
1786,科妍,8,0,8,元富-台南,2023-06-27,5929
3038,全台,30,22,8,元富-台南,2023-06-27,5929
00687B,國泰20年美債,7,0,7,元富-台南,2023-06-27,5929
2482,連宇,13,6,7,元富-台南,2023-06-27,5929
1210,大成,110,0,110,元富-台南,2023-06-28,5929
6125,廣運,64,0,64,元富-台南,2023-06-28,5929
00715L,期街口布蘭特正2,56,0,56,元富-台南,2023-06-28,5929
3356,奇偶,140,91,49,元富-台南,2023-06-28,5929
2634,漢翔,34,2,32,元富-台南,2023-06-28,5929
1446,宏和,28,0,28,元富-台南,2023-06-28,5929
1609,大亞,29,2,27,元富-台南,2023-06-28,5929
3038,全台,42,18,24,元富-台南,2023-06-28,5929
5009,榮剛,43,21,22,元富-台南,2023-06-28,5929
1513,中興電,35,14,21,元富-台南,2023-06-28,5929
2408,南亞科,20,0,20,元富-台南,2023-06-28,5929
00923,群益台ESG低碳50,20,0,20,元富-台南,2023-06-28,5929
5381,合正,19,0,19,元富-台南,2023-06-28,5929
00665L,富邦�琤肭磪囓�2,19,3,16,元富-台南,2023-06-28,5929
2883,凱基金,16,1,15,元富-台南,2023-06-28,5929
3481,群創,44,32,12,元富-台南,2023-06-28,5929
3231,緯創,17,5,12,元富-台南,2023-06-28,5929
3022,威強電,11,0,11,元富-台南,2023-06-28,5929
1101,台泥,11,0,11,元富-台南,2023-06-28,5929
6187,萬潤,12,2,10,元富-台南,2023-06-28,5929
2884,玉山金,10,0,10,元富-台南,2023-06-28,5929
1531,高林股,10,0,10,元富-台南,2023-06-28,5929
3055,蔚華科,10,0,10,元富-台南,2023-06-28,5929
3447,展達,10,0,10,元富-台南,2023-06-28,5929
4106,雃博,10,0,10,元富-台南,2023-06-28,5929
4142,國光生,10,0,10,元富-台南,2023-06-28,5929
9105,泰金寶-DR,10,0,10,元富-台南,2023-06-28,5929
9950,萬國通,10,0,10,元富-台南,2023-06-28,5929
3665,貿聯-KY,9,0,9,元富-台南,2023-06-28,5929
3714,富采,9,0,9,元富-台南,2023-06-28,5929
2409,友達,11,3,8,元富-台南,2023-06-28,5929
5425,台半,7,0,7,元富-台南,2023-06-28,5929
00919,群益台灣精選高息,7,0,7,元富-台南,2023-06-28,5929
8110,華東,7,0,7,元富-台南,2023-06-28,5929
2317,鴻海,12,5,7,元富-台南,2023-06-28,5929
3260,威剛,11,4,7,元富-台南,2023-06-28,5929
1217,愛之味,6,0,6,元富-台南,2023-06-28,5929
00882,中信中國高股息,6,0,6,元富-台南,2023-06-28,5929
4916,事欣科,8,2,6,元富-台南,2023-06-28,5929
5388,中磊,13,7,6,元富-台南,2023-06-28,5929
6282,康舒,6,0,6,元富-台南,2023-06-28,5929
8450,霹靂,6,0,6,元富-台南,2023-06-28,5929
2313,華通,6,1,5,元富-台南,2023-06-28,5929
1444,力麗,13,8,5,元富-台南,2023-06-28,5929
2356,英業達,9,4,5,元富-台南,2023-06-28,5929
2388,威盛,5,0,5,元富-台南,2023-06-28,5929
2427,三商電,25,20,5,元富-台南,2023-06-28,5929
2605,新興,5,0,5,元富-台南,2023-06-28,5929
2645,長榮航太,5,0,5,元富-台南,2023-06-28,5929
2801,彰銀,5,0,5,元富-台南,2023-06-28,5929
2312,金寶,151,0,151,元富-台南,2023-06-29,5929
4414,如興,100,3,97,元富-台南,2023-06-29,5929
3682,亞太電,58,0,58,元富-台南,2023-06-29,5929
2888,新光金,54,0,54,元富-台南,2023-06-29,5929
2618,長榮航,57,6,51,元富-台南,2023-06-29,5929
2610,華航,52,5,47,元富-台南,2023-06-29,5929
6125,廣運,41,1,40,元富-台南,2023-06-29,5929
3058,立德,33,3,30,元富-台南,2023-06-29,5929
5512,力麒,30,0,30,元富-台南,2023-06-29,5929
2603,長榮,39,12,27,元富-台南,2023-06-29,5929
1446,宏和,26,0,26,元富-台南,2023-06-29,5929
00665L,富邦�琤肭磪囓�2,25,0,25,元富-台南,2023-06-29,5929
2368,金像電,24,0,24,元富-台南,2023-06-29,5929
6160,欣技,24,0,24,元富-台南,2023-06-29,5929
2419,仲琦,35,12,23,元富-台南,2023-06-29,5929
5388,中磊,28,5,23,元富-台南,2023-06-29,5929
5426,振發,28,5,23,元富-台南,2023-06-29,5929
2609,陽明,21,0,21,元富-台南,2023-06-29,5929
1584,精剛,20,0,20,元富-台南,2023-06-29,5929
8215,明基材,20,0,20,元富-台南,2023-06-29,5929
2634,漢翔,27,10,17,元富-台南,2023-06-29,5929
00882,中信中國高股息,16,0,16,元富-台南,2023-06-29,5929
2867,三商壽,16,0,16,元富-台南,2023-06-29,5929
2462,良得電,15,0,15,元富-台南,2023-06-29,5929
4157,太景*-KY,25,10,15,元富-台南,2023-06-29,5929
2303,聯電,21,7,14,元富-台南,2023-06-29,5929
2317,鴻海,13,0,13,元富-台南,2023-06-29,5929
2353,宏��,13,0,13,元富-台南,2023-06-29,5929
2515,中工,13,0,13,元富-台南,2023-06-29,5929
1605,華新,25,12,13,元富-台南,2023-06-29,5929
00715L,期街口布蘭特正2,17,5,12,元富-台南,2023-06-29,5929
5015,華祺,12,0,12,元富-台南,2023-06-29,5929
1905,華紙,20,9,11,元富-台南,2023-06-29,5929
2409,友達,11,0,11,元富-台南,2023-06-29,5929
4968,立積,12,2,10,元富-台南,2023-06-29,5929
1434,福懋,10,0,10,元富-台南,2023-06-29,5929
2337,旺宏,10,0,10,元富-台南,2023-06-29,5929
3356,奇偶,25,15,10,元富-台南,2023-06-29,5929
3447,展達,10,0,10,元富-台南,2023-06-29,5929
3481,群創,26,16,10,元富-台南,2023-06-29,5929
5309,系統電,10,0,10,元富-台南,2023-06-29,5929
3322,建舜電,10,1,9,元富-台南,2023-06-29,5929
6835,圓裕,9,0,9,元富-台南,2023-06-29,5929
8222,寶一,14,5,9,元富-台南,2023-06-29,5929
00878,國泰永續高股息,9,1,8,元富-台南,2023-06-29,5929
3711,日月光投控,8,0,8,元富-台南,2023-06-29,5929
3005,神基,8,0,8,元富-台南,2023-06-29,5929
6469,大樹,8,0,8,元富-台南,2023-06-29,5929
2540,愛山林,7,0,7,元富-台南,2023-06-29,5929
2911,麗嬰房,7,0,7,元富-台南,2023-06-29,5929
00688L,國泰20年美債正2,118,0,118,元富-台南,2023-06-30,5929
00680L,元大美債20正2,102,0,102,元富-台南,2023-06-30,5929
6139,亞翔,70,10,60,元富-台南,2023-06-30,5929
9925,新保,60,0,60,元富-台南,2023-06-30,5929
4543,萬在,60,1,59,元富-台南,2023-06-30,5929
3356,奇偶,69,18,51,元富-台南,2023-06-30,5929
4953,緯軟,50,0,50,元富-台南,2023-06-30,5929
3481,群創,52,2,50,元富-台南,2023-06-30,5929
2609,陽明,72,26,46,元富-台南,2023-06-30,5929
2427,三商電,42,6,36,元富-台南,2023-06-30,5929
2344,華邦電,47,15,32,元富-台南,2023-06-30,5929
1217,愛之味,40,15,25,元富-台南,2023-06-30,5929
3038,全台,30,6,24,元富-台南,2023-06-30,5929
1504,東元,20,0,20,元富-台南,2023-06-30,5929
00882,中信中國高股息,20,0,20,元富-台南,2023-06-30,5929
4414,如興,20,0,20,元富-台南,2023-06-30,5929
2317,鴻海,21,5,16,元富-台南,2023-06-30,5929
6153,嘉聯益,16,1,15,元富-台南,2023-06-30,5929
3479,安勤,14,0,14,元富-台南,2023-06-30,5929
1528,恩德,13,0,13,元富-台南,2023-06-30,5929
4157,太景*-KY,24,11,13,元富-台南,2023-06-30,5929
2419,仲琦,17,5,12,元富-台南,2023-06-30,5929
2610,華航,19,8,11,元富-台南,2023-06-30,5929
1710,東聯,10,0,10,元富-台南,2023-06-30,5929
1785,光洋科,10,0,10,元富-台南,2023-06-30,5929
2481,強茂,10,0,10,元富-台南,2023-06-30,5929
2867,三商壽,10,0,10,元富-台南,2023-06-30,5929
3231,緯創,24,14,10,元富-台南,2023-06-30,5929
2880,華南金,10,0,10,元富-台南,2023-06-30,5929
00679B,元大美債20年,9,0,9,元富-台南,2023-06-30,5929
3022,威強電,9,0,9,元富-台南,2023-06-30,5929
2353,宏��,9,1,8,元富-台南,2023-06-30,5929
1762,中化生,8,0,8,元富-台南,2023-06-30,5929
6806,森崴能源,10,2,8,元富-台南,2023-06-30,5929
2603,長榮,32,24,8,元富-台南,2023-06-30,5929
2820,華票,7,0,7,元富-台南,2023-06-30,5929
5512,力麒,17,10,7,元富-台南,2023-06-30,5929
8072,陞泰,6,0,6,元富-台南,2023-06-30,5929
2906,高林,6,0,6,元富-台南,2023-06-30,5929
4190,佐登-KY,6,0,6,元富-台南,2023-06-30,5929
5864,致和證,6,0,6,元富-台南,2023-06-30,5929
2892,第一金,6,0,6,元富-台南,2023-06-30,5929
3034,聯詠,7,2,5,元富-台南,2023-06-30,5929
8358,金居,7,2,5,元富-台南,2023-06-30,5929
1513,中興電,13,8,5,元富-台南,2023-06-30,5929
2409,友達,6,1,5,元富-台南,2023-06-30,5929
2851,中再保,5,0,5,元富-台南,2023-06-30,5929
3057,喬鼎,5,0,5,元富-台南,2023-06-30,5929
4153,鈺緯,5,0,5,元富-台南,2023-06-30,5929
6179,亞通,5,0,5,元富-台南,2023-06-30,5929
6282,康舒,96,18,78,元富-台南,2023-07-03,5929
3380,明泰,80,2,78,元富-台南,2023-07-03,5929
2317,鴻海,71,10,61,元富-台南,2023-07-03,5929
9925,新保,54,0,54,元富-台南,2023-07-03,5929
2610,華航,46,17,29,元富-台南,2023-07-03,5929
2634,漢翔,25,0,25,元富-台南,2023-07-03,5929
6139,亞翔,71,47,24,元富-台南,2023-07-03,5929
1795,美時,24,0,24,元富-台南,2023-07-03,5929
1609,大亞,36,13,23,元富-台南,2023-07-03,5929
2615,萬海,25,2,23,元富-台南,2023-07-03,5929
3447,展達,22,0,22,元富-台南,2023-07-03,5929
2605,新興,20,0,20,元富-台南,2023-07-03,5929
6015,宏遠證,30,10,20,元富-台南,2023-07-03,5929
3481,群創,71,52,19,元富-台南,2023-07-03,5929
6269,台郡,15,0,15,元富-台南,2023-07-03,5929
00706L,期元大S＆P日圓正2,15,0,15,元富-台南,2023-07-03,5929
4566,時碩工業,19,5,14,元富-台南,2023-07-03,5929
2882,國泰金,11,0,11,元富-台南,2023-07-03,5929
6143,振曜,12,1,11,元富-台南,2023-07-03,5929
2618,長榮航,16,5,11,元富-台南,2023-07-03,5929
8033,雷虎,11,0,11,元富-台南,2023-07-03,5929
2892,第一金,11,0,11,元富-台南,2023-07-03,5929
2337,旺宏,10,0,10,元富-台南,2023-07-03,5929
1444,力麗,10,0,10,元富-台南,2023-07-03,5929
1515,力山,10,0,10,元富-台南,2023-07-03,5929
2812,台中銀,10,0,10,元富-台南,2023-07-03,5929
2820,華票,10,0,10,元富-台南,2023-07-03,5929
2913,農林,10,0,10,元富-台南,2023-07-03,5929
3024,憶聲,10,0,10,元富-台南,2023-07-03,5929
2891,中信金,11,1,10,元富-台南,2023-07-03,5929
1514,亞力,14,5,9,元富-台南,2023-07-03,5929
3479,安勤,11,2,9,元富-台南,2023-07-03,5929
4968,立積,9,0,9,元富-台南,2023-07-03,5929
5608,四維航,12,3,9,元富-台南,2023-07-03,5929
8112,至上,9,0,9,元富-台南,2023-07-03,5929
1504,東元,10,2,8,元富-台南,2023-07-03,5929
4906,正文,12,4,8,元富-台南,2023-07-03,5929
6470,宇智,13,5,8,元富-台南,2023-07-03,5929
4973,廣穎,8,1,7,元富-台南,2023-07-03,5929
00929,復華台灣科技優息,6,0,6,元富-台南,2023-07-03,5929
1303,南亞,6,0,6,元富-台南,2023-07-03,5929
3483,力致,8,2,6,元富-台南,2023-07-03,5929
4532,瑞智,12,6,6,元富-台南,2023-07-03,5929
2801,彰銀,5,0,5,元富-台南,2023-07-03,5929
1301,台塑,5,0,5,元富-台南,2023-07-03,5929
1313,聯成,20,15,5,元富-台南,2023-07-03,5929
2104,國際中橡,5,0,5,元富-台南,2023-07-03,5929
2206,三陽工業,5,0,5,元富-台南,2023-07-03,5929
2453,凌群,5,0,5,元富-台南,2023-07-03,5929
2457,飛宏,7,2,5,元富-台南,2023-07-03,5929
2609,陽明,609,40,569,元富-台南,2023-07-04,5929
1210,大成,400,0,400,元富-台南,2023-07-04,5929
3380,明泰,237,80,157,元富-台南,2023-07-04,5929
6282,康舒,270,141,129,元富-台南,2023-07-04,5929
6269,台郡,115,0,115,元富-台南,2023-07-04,5929
3163,波若威,70,2,68,元富-台南,2023-07-04,5929
2379,瑞昱,51,1,50,元富-台南,2023-07-04,5929
5009,榮剛,51,8,43,元富-台南,2023-07-04,5929
5512,力麒,33,0,33,元富-台南,2023-07-04,5929
6806,森崴能源,34,6,28,元富-台南,2023-07-04,5929
4157,太景*-KY,27,2,25,元富-台南,2023-07-04,5929
6188,廣明,27,6,21,元富-台南,2023-07-04,5929
2356,英業達,99,78,21,元富-台南,2023-07-04,5929
2882,國泰金,17,0,17,元富-台南,2023-07-04,5929
4938,和碩,17,0,17,元富-台南,2023-07-04,5929
1795,美時,16,0,16,元富-台南,2023-07-04,5929
3058,立德,17,1,16,元富-台南,2023-07-04,5929
2340,台亞,17,1,16,元富-台南,2023-07-04,5929
2603,長榮,25,9,16,元富-台南,2023-07-04,5929
2371,大同,15,0,15,元富-台南,2023-07-04,5929
9907,統一實,15,0,15,元富-台南,2023-07-04,5929
2888,新光金,16,2,14,元富-台南,2023-07-04,5929
3078,僑威,14,1,13,元富-台南,2023-07-04,5929
1444,力麗,13,0,13,元富-台南,2023-07-04,5929
2388,威盛,21,9,12,元富-台南,2023-07-04,5929
3038,全台,16,5,11,元富-台南,2023-07-04,5929
1525,江申,10,0,10,元富-台南,2023-07-04,5929
1504,東元,11,2,9,元富-台南,2023-07-04,5929
2107,厚生,9,0,9,元富-台南,2023-07-04,5929
2482,連宇,12,3,9,元富-台南,2023-07-04,5929
8210,勤誠,8,0,8,元富-台南,2023-07-04,5929
1303,南亞,8,0,8,元富-台南,2023-07-04,5929
2399,映泰,36,28,8,元富-台南,2023-07-04,5929
2883,凱基金,7,1,6,元富-台南,2023-07-04,5929
1301,台塑,9,3,6,元富-台南,2023-07-04,5929
2731,雄獅,6,0,6,元富-台南,2023-07-04,5929
8050,廣積,10,4,6,元富-台南,2023-07-04,5929
00878,國泰永續高股息,20,14,6,元富-台南,2023-07-04,5929
1314,中石化,5,0,5,元富-台南,2023-07-04,5929
1714,和桐,5,0,5,元富-台南,2023-07-04,5929
2105,正新,5,0,5,元富-台南,2023-07-04,5929
2208,台船,5,0,5,元富-台南,2023-07-04,5929
2449,京元電子,10,5,5,元富-台南,2023-07-04,5929
2633,台灣高鐵,5,0,5,元富-台南,2023-07-04,5929
2801,彰銀,5,0,5,元富-台南,2023-07-04,5929
4906,正文,5,0,5,元富-台南,2023-07-04,5929
6112,邁達特,5,0,5,元富-台南,2023-07-04,5929
6220,岳豐,5,0,5,元富-台南,2023-07-04,5929
8938,明安,5,0,5,元富-台南,2023-07-04,5929
9934,成霖,5,0,5,元富-台南,2023-07-04,5929
1210,大成,601,0,601,元富-台南,2023-07-05,5929
2801,彰銀,245,0,245,元富-台南,2023-07-05,5929
6269,台郡,95,0,95,元富-台南,2023-07-05,5929
8358,金居,102,9,93,元富-台南,2023-07-05,5929
2379,瑞昱,66,1,65,元富-台南,2023-07-05,5929
4566,時碩工業,82,23,59,元富-台南,2023-07-05,5929
3380,明泰,87,32,55,元富-台南,2023-07-05,5929
4968,立積,53,3,50,元富-台南,2023-07-05,5929
2610,華航,59,23,36,元富-台南,2023-07-05,5929
3022,威強電,53,17,36,元富-台南,2023-07-05,5929
5347,世界,32,0,32,元富-台南,2023-07-05,5929
9907,統一實,36,5,31,元富-台南,2023-07-05,5929
2317,鴻海,27,2,25,元富-台南,2023-07-05,5929
1535,中宇,21,0,21,元富-台南,2023-07-05,5929
2929,淘帝-KY,20,0,20,元富-台南,2023-07-05,5929
6462,神盾,21,1,20,元富-台南,2023-07-05,5929
2419,仲琦,23,5,18,元富-台南,2023-07-05,5929
6125,廣運,16,0,16,元富-台南,2023-07-05,5929
2332,友訊,16,1,15,元富-台南,2023-07-05,5929
2369,菱生,20,5,15,元富-台南,2023-07-05,5929
3260,威剛,17,2,15,元富-台南,2023-07-05,5929
2312,金寶,18,4,14,元富-台南,2023-07-05,5929
1762,中化生,40,27,13,元富-台南,2023-07-05,5929
2482,連宇,17,4,13,元富-台南,2023-07-05,5929
9927,泰銘,13,0,13,元富-台南,2023-07-05,5929
2344,華邦電,14,2,12,元富-台南,2023-07-05,5929
3090,日電貿,12,0,12,元富-台南,2023-07-05,5929
2353,宏��,12,0,12,元富-台南,2023-07-05,5929
2449,京元電子,11,0,11,元富-台南,2023-07-05,5929
1434,福懋,10,0,10,元富-台南,2023-07-05,5929
1513,中興電,12,2,10,元富-台南,2023-07-05,5929
5512,力麒,10,0,10,元富-台南,2023-07-05,5929
6446,藥華藥,11,1,10,元富-台南,2023-07-05,5929
1809,中釉,11,2,9,元富-台南,2023-07-05,5929
6788,華景電,9,0,9,元富-台南,2023-07-05,5929
2399,映泰,9,1,8,元富-台南,2023-07-05,5929
3078,僑威,16,8,8,元富-台南,2023-07-05,5929
4414,如興,8,0,8,元富-台南,2023-07-05,5929
2486,一詮,11,4,7,元富-台南,2023-07-05,5929
2540,愛山林,8,1,7,元富-台南,2023-07-05,5929
3265,台星科,14,7,7,元富-台南,2023-07-05,5929
2845,遠東銀,6,0,6,元富-台南,2023-07-05,5929
00893,國泰智能電動車,6,0,6,元富-台南,2023-07-05,5929
1301,台塑,6,0,6,元富-台南,2023-07-05,5929
1504,東元,6,0,6,元富-台南,2023-07-05,5929
5609,中菲行,6,0,6,元富-台南,2023-07-05,5929
6806,森崴能源,19,13,6,元富-台南,2023-07-05,5929
8110,華東,6,0,6,元富-台南,2023-07-05,5929
3374,精材,13,8,5,元富-台南,2023-07-05,5929
00928,中信上櫃ESG30,5,0,5,元富-台南,2023-07-05,5929
1210,大成,201,0,201,元富-台南,2023-07-06,5929
00680L,元大美債20正2,114,0,114,元富-台南,2023-07-06,5929
6248,沛波,60,0,60,元富-台南,2023-07-06,5929
00688L,國泰20年美債正2,54,0,54,元富-台南,2023-07-06,5929
2379,瑞昱,49,0,49,元富-台南,2023-07-06,5929
5009,榮剛,48,0,48,元富-台南,2023-07-06,5929
00673R,期元大S＆P原油反1,43,0,43,元富-台南,2023-07-06,5929
4968,立積,41,8,33,元富-台南,2023-07-06,5929
2701,萬企,32,0,32,元富-台南,2023-07-06,5929
2883,凱基金,30,0,30,元富-台南,2023-07-06,5929
2618,長榮航,41,12,29,元富-台南,2023-07-06,5929
2330,台積電,28,0,28,元富-台南,2023-07-06,5929
2329,華泰,40,13,27,元富-台南,2023-07-06,5929
2845,遠東銀,31,5,26,元富-台南,2023-07-06,5929
00665L,富邦�琤肭磪囓�2,25,0,25,元富-台南,2023-07-06,5929
2002,中鋼,25,0,25,元富-台南,2023-07-06,5929
8215,明基材,24,2,22,元富-台南,2023-07-06,5929
3481,群創,167,145,22,元富-台南,2023-07-06,5929
2801,彰銀,20,0,20,元富-台南,2023-07-06,5929
1762,中化生,19,0,19,元富-台南,2023-07-06,5929
1904,正隆,20,2,18,元富-台南,2023-07-06,5929
6257,矽格,20,2,18,元富-台南,2023-07-06,5929
2371,大同,23,6,17,元富-台南,2023-07-06,5929
00632R,元大台灣50反1,22,6,16,元富-台南,2023-07-06,5929
4414,如興,16,0,16,元富-台南,2023-07-06,5929
1101,台泥,19,4,15,元富-台南,2023-07-06,5929
2886,兆豐金,16,1,15,元富-台南,2023-07-06,5929
00713,元大台灣高息低波,14,0,14,元富-台南,2023-07-06,5929
2888,新光金,19,5,14,元富-台南,2023-07-06,5929
2812,台中銀,17,3,14,元富-台南,2023-07-06,5929
5388,中磊,18,4,14,元富-台南,2023-07-06,5929
3058,立德,14,1,13,元富-台南,2023-07-06,5929
5876,上海商銀,13,0,13,元富-台南,2023-07-06,5929
2880,華南金,12,0,12,元富-台南,2023-07-06,5929
2603,長榮,13,1,12,元富-台南,2023-07-06,5929
00720B,元大投資級公司債,12,0,12,元富-台南,2023-07-06,5929
6168,宏齊,12,0,12,元富-台南,2023-07-06,5929
3037,欣興,17,6,11,元富-台南,2023-07-06,5929
2409,友達,18,7,11,元富-台南,2023-07-06,5929
6770,力積電,13,2,11,元富-台南,2023-07-06,5929
1308,亞聚,11,0,11,元富-台南,2023-07-06,5929
1609,大亞,27,16,11,元富-台南,2023-07-06,5929
2402,毅嘉,12,1,11,元富-台南,2023-07-06,5929
4123,晟德,13,2,11,元富-台南,2023-07-06,5929
00679B,元大美債20年,13,2,11,元富-台南,2023-07-06,5929
2887,台新金,17,6,11,元富-台南,2023-07-06,5929
6147,頎邦,10,0,10,元富-台南,2023-07-06,5929
2354,鴻準,10,0,10,元富-台南,2023-07-06,5929
00706L,期元大S＆P日圓正2,10,0,10,元富-台南,2023-07-06,5929
2425,承啟,10,0,10,元富-台南,2023-07-06,5929
3163,波若威,130,0,130,元富-台南,2023-07-07,5929
3481,群創,124,53,71,元富-台南,2023-07-07,5929
00680L,元大美債20正2,56,0,56,元富-台南,2023-07-07,5929
1609,大亞,72,25,47,元富-台南,2023-07-07,5929
5009,榮剛,42,3,39,元富-台南,2023-07-07,5929
2356,英業達,51,14,37,元富-台南,2023-07-07,5929
00687B,國泰20年美債,35,0,35,元富-台南,2023-07-07,5929
5381,合正,32,0,32,元富-台南,2023-07-07,5929
5011,久陽,30,0,30,元富-台南,2023-07-07,5929
2380,虹光,30,1,29,元富-台南,2023-07-07,5929
2888,新光金,36,8,28,元富-台南,2023-07-07,5929
1301,台塑,24,0,24,元富-台南,2023-07-07,5929
4968,立積,24,1,23,元富-台南,2023-07-07,5929
1514,亞力,23,0,23,元富-台南,2023-07-07,5929
4532,瑞智,25,3,22,元富-台南,2023-07-07,5929
2887,台新金,26,5,21,元富-台南,2023-07-07,5929
2408,南亞科,22,1,21,元富-台南,2023-07-07,5929
4916,事欣科,29,9,20,元富-台南,2023-07-07,5929
6248,沛波,20,0,20,元富-台南,2023-07-07,5929
6269,台郡,19,0,19,元富-台南,2023-07-07,5929
00673R,期元大S＆P原油反1,19,0,19,元富-台南,2023-07-07,5929
2344,華邦電,43,26,17,元富-台南,2023-07-07,5929
1409,新纖,17,0,17,元富-台南,2023-07-07,5929
4157,太景*-KY,16,0,16,元富-台南,2023-07-07,5929
00882,中信中國高股息,16,0,16,元富-台南,2023-07-07,5929
00679B,元大美債20年,14,0,14,元富-台南,2023-07-07,5929
2312,金寶,21,8,13,元富-台南,2023-07-07,5929
2482,連宇,16,3,13,元富-台南,2023-07-07,5929
2603,長榮,17,4,13,元富-台南,2023-07-07,5929
6188,廣明,13,1,12,元富-台南,2023-07-07,5929
2340,台亞,31,19,12,元富-台南,2023-07-07,5929
1303,南亞,12,0,12,元富-台南,2023-07-07,5929
2002,中鋼,13,2,11,元富-台南,2023-07-07,5929
006208,富邦台50,10,0,10,元富-台南,2023-07-07,5929
2308,台達電,10,0,10,元富-台南,2023-07-07,5929
2610,華航,12,2,10,元富-台南,2023-07-07,5929
00781B,國泰A級科技債,10,0,10,元富-台南,2023-07-07,5929
00688L,國泰20年美債正2,10,0,10,元富-台南,2023-07-07,5929
1589,永冠-KY,10,0,10,元富-台南,2023-07-07,5929
1710,東聯,10,0,10,元富-台南,2023-07-07,5929
2481,強茂,10,0,10,元富-台南,2023-07-07,5929
2801,彰銀,10,0,10,元富-台南,2023-07-07,5929
3060,銘異,10,0,10,元富-台南,2023-07-07,5929
4938,和碩,10,0,10,元富-台南,2023-07-07,5929
5225,東科-KY,10,0,10,元富-台南,2023-07-07,5929
6426,統新,10,0,10,元富-台南,2023-07-07,5929
9945,潤泰新,10,0,10,元富-台南,2023-07-07,5929
1218,泰山,9,0,9,元富-台南,2023-07-07,5929
3704,合勤控,12,3,9,元富-台南,2023-07-07,5929
8222,寶一,9,0,9,元富-台南,2023-07-07,5929
1210,大成,96,2,94,元富-台南,2023-07-10,5929
4532,瑞智,116,26,90,元富-台南,2023-07-10,5929
3163,波若威,65,0,65,元富-台南,2023-07-10,5929
00929,復華台灣科技優息,63,0,63,元富-台南,2023-07-10,5929
6282,康舒,93,44,49,元富-台南,2023-07-10,5929
3049,精金,30,0,30,元富-台南,2023-07-10,5929
00878,國泰永續高股息,28,1,27,元富-台南,2023-07-10,5929
1101,台泥,26,0,26,元富-台南,2023-07-10,5929
00919,群益台灣精選高息,24,0,24,元富-台南,2023-07-10,5929
3047,訊舟,24,1,23,元富-台南,2023-07-10,5929
3706,神達,23,0,23,元富-台南,2023-07-10,5929
00882,中信中國高股息,22,0,22,元富-台南,2023-07-10,5929
0056,元大高股息,25,3,22,元富-台南,2023-07-10,5929
2317,鴻海,22,1,21,元富-台南,2023-07-10,5929
2891,中信金,21,0,21,元富-台南,2023-07-10,5929
00665L,富邦�琤肭磪囓�2,20,0,20,元富-台南,2023-07-10,5929
1409,新纖,20,0,20,元富-台南,2023-07-10,5929
5011,久陽,20,0,20,元富-台南,2023-07-10,5929
6112,邁達特,21,1,20,元富-台南,2023-07-10,5929
3044,健鼎,20,1,19,元富-台南,2023-07-10,5929
2419,仲琦,19,3,16,元富-台南,2023-07-10,5929
6276,安鈦克,16,0,16,元富-台南,2023-07-10,5929
2886,兆豐金,15,0,15,元富-台南,2023-07-10,5929
2883,凱基金,25,11,14,元富-台南,2023-07-10,5929
1301,台塑,14,0,14,元富-台南,2023-07-10,5929
00715L,期街口布蘭特正2,20,7,13,元富-台南,2023-07-10,5929
2312,金寶,12,0,12,元富-台南,2023-07-10,5929
00713,元大台灣高息低波,11,0,11,元富-台南,2023-07-10,5929
2337,旺宏,11,0,11,元富-台南,2023-07-10,5929
2330,台積電,16,5,11,元富-台南,2023-07-10,5929
00632R,元大台灣50反1,10,0,10,元富-台南,2023-07-10,5929
00673R,期元大S＆P原油反1,10,0,10,元富-台南,2023-07-10,5929
1304,台聚,10,0,10,元富-台南,2023-07-10,5929
3105,穩懋,12,2,10,元富-台南,2023-07-10,5929
9962,有益,10,0,10,元富-台南,2023-07-10,5929
2382,廣達,16,7,9,元富-台南,2023-07-10,5929
00687B,國泰20年美債,9,0,9,元富-台南,2023-07-10,5929
1535,中宇,40,31,9,元富-台南,2023-07-10,5929
6269,台郡,9,0,9,元富-台南,2023-07-10,5929
8050,廣積,9,1,8,元富-台南,2023-07-10,5929
3362,先進光,11,3,8,元富-台南,2023-07-10,5929
4960,誠美材,8,0,8,元富-台南,2023-07-10,5929
6016,康和證,9,1,8,元富-台南,2023-07-10,5929
2425,承啟,8,0,8,元富-台南,2023-07-10,5929
2356,英業達,14,6,8,元富-台南,2023-07-10,5929
4119,旭富,7,0,7,元富-台南,2023-07-10,5929
2329,華泰,23,16,7,元富-台南,2023-07-10,5929
2371,大同,10,3,7,元富-台南,2023-07-10,5929
3024,憶聲,7,0,7,元富-台南,2023-07-10,5929
6505,台塑化,7,0,7,元富-台南,2023-07-10,5929
1609,大亞,484,66,418,元富-台南,2023-07-11,5929
00673R,期元大S＆P原油反1,110,0,110,元富-台南,2023-07-11,5929
00712,復華富時不動產,100,0,100,元富-台南,2023-07-11,5929
1762,中化生,86,0,86,元富-台南,2023-07-11,5929
2340,台亞,89,5,84,元富-台南,2023-07-11,5929
00929,復華台灣科技優息,41,0,41,元富-台南,2023-07-11,5929
2323,中環,37,1,36,元富-台南,2023-07-11,5929
5011,久陽,30,0,30,元富-台南,2023-07-11,5929
1504,東元,52,25,27,元富-台南,2023-07-11,5929
5381,合正,24,0,24,元富-台南,2023-07-11,5929
6861,睿生光電,20,0,20,元富-台南,2023-07-11,5929
0056,元大高股息,21,2,19,元富-台南,2023-07-11,5929
4934,太極,22,3,19,元富-台南,2023-07-11,5929
4116,明基醫,17,0,17,元富-台南,2023-07-11,5929
2457,飛宏,20,4,16,元富-台南,2023-07-11,5929
00679B,元大美債20年,16,0,16,元富-台南,2023-07-11,5929
1809,中釉,16,0,16,元富-台南,2023-07-11,5929
2312,金寶,16,1,15,元富-台南,2023-07-11,5929
2371,大同,16,2,14,元富-台南,2023-07-11,5929
2402,毅嘉,15,1,14,元富-台南,2023-07-11,5929
6182,合晶,16,2,14,元富-台南,2023-07-11,5929
2427,三商電,13,0,13,元富-台南,2023-07-11,5929
8105,凌巨,12,0,12,元富-台南,2023-07-11,5929
2883,凱基金,14,3,11,元富-台南,2023-07-11,5929
2337,旺宏,11,0,11,元富-台南,2023-07-11,5929
6125,廣運,11,0,11,元富-台南,2023-07-11,5929
00895,富邦未來車,10,0,10,元富-台南,2023-07-11,5929
1220,台榮,10,0,10,元富-台南,2023-07-11,5929
00715L,期街口布蘭特正2,10,0,10,元富-台南,2023-07-11,5929
2913,農林,10,0,10,元富-台南,2023-07-11,5929
3211,順達,10,0,10,元富-台南,2023-07-11,5929
3234,光環,10,0,10,元富-台南,2023-07-11,5929
3284,太普高,10,0,10,元富-台南,2023-07-11,5929
5864,致和證,10,0,10,元富-台南,2023-07-11,5929
2329,華泰,21,12,9,元富-台南,2023-07-11,5929
00885,富邦越南,10,1,9,元富-台南,2023-07-11,5929
1312,國喬,8,0,8,元富-台南,2023-07-11,5929
1618,合機,14,6,8,元富-台南,2023-07-11,5929
3260,威剛,10,2,8,元富-台南,2023-07-11,5929
5483,中美晶,9,2,7,元富-台南,2023-07-11,5929
3037,欣興,8,1,7,元富-台南,2023-07-11,5929
1785,光洋科,7,0,7,元富-台南,2023-07-11,5929
2332,友訊,7,0,7,元富-台南,2023-07-11,5929
3058,立德,21,15,6,元富-台南,2023-07-11,5929
2468,華經,6,0,6,元富-台南,2023-07-11,5929
2634,漢翔,13,7,6,元富-台南,2023-07-11,5929
3324,雙鴻,6,0,6,元富-台南,2023-07-11,5929
3666,光耀,6,0,6,元富-台南,2023-07-11,5929
4526,東台,6,0,6,元富-台南,2023-07-11,5929
9958,世紀鋼,6,0,6,元富-台南,2023-07-11,5929
00929,復華台灣科技優息,99,0,99,元富-台南,2023-07-12,5929
2356,英業達,75,33,42,元富-台南,2023-07-12,5929
5009,榮剛,41,0,41,元富-台南,2023-07-12,5929
2867,三商壽,40,0,40,元富-台南,2023-07-12,5929
3356,奇偶,30,0,30,元富-台南,2023-07-12,5929
2453,凌群,30,0,30,元富-台南,2023-07-12,5929
3022,威強電,31,1,30,元富-台南,2023-07-12,5929
2027,大成鋼,28,0,28,元富-台南,2023-07-12,5929
6125,廣運,57,30,27,元富-台南,2023-07-12,5929
8415,大國鋼,25,0,25,元富-台南,2023-07-12,5929
2328,廣宇,81,58,23,元富-台南,2023-07-12,5929
2323,中環,22,0,22,元富-台南,2023-07-12,5929
3481,群創,26,5,21,元富-台南,2023-07-12,5929
2303,聯電,21,0,21,元富-台南,2023-07-12,5929
2340,台亞,23,2,21,元富-台南,2023-07-12,5929
2515,中工,20,0,20,元富-台南,2023-07-12,5929
4114,健喬,20,0,20,元富-台南,2023-07-12,5929
9929,秋雨,20,0,20,元富-台南,2023-07-12,5929
1762,中化生,20,1,19,元富-台南,2023-07-12,5929
2301,光寶科,28,9,19,元富-台南,2023-07-12,5929
3083,網龍,18,0,18,元富-台南,2023-07-12,5929
2409,友達,28,11,17,元富-台南,2023-07-12,5929
2441,超豐,15,0,15,元富-台南,2023-07-12,5929
2834,臺企銀,20,6,14,元富-台南,2023-07-12,5929
9945,潤泰新,13,0,13,元富-台南,2023-07-12,5929
3041,揚智,12,0,12,元富-台南,2023-07-12,5929
4934,太極,11,0,11,元富-台南,2023-07-12,5929
1806,冠軍,10,0,10,元富-台南,2023-07-12,5929
2208,台船,10,0,10,元富-台南,2023-07-12,5929
2820,華票,10,0,10,元富-台南,2023-07-12,5929
3025,星通,13,3,10,元富-台南,2023-07-12,5929
4944,兆遠,10,0,10,元富-台南,2023-07-12,5929
3071,協禧,10,1,9,元富-台南,2023-07-12,5929
3052,夆典,8,0,8,元富-台南,2023-07-12,5929
3521,鴻翊,8,0,8,元富-台南,2023-07-12,5929
4157,太景*-KY,8,0,8,元富-台南,2023-07-12,5929
2883,凱基金,10,2,8,元富-台南,2023-07-12,5929
9904,寶成,7,0,7,元富-台南,2023-07-12,5929
00673R,期元大S＆P原油反1,7,0,7,元富-台南,2023-07-12,5929
2481,強茂,11,4,7,元富-台南,2023-07-12,5929
3027,盛達,10,3,7,元富-台南,2023-07-12,5929
8070,長華*,7,0,7,元富-台南,2023-07-12,5929
8087,麗升能源,7,0,7,元富-台南,2023-07-12,5929
1513,中興電,10,4,6,元富-台南,2023-07-12,5929
1795,美時,6,0,6,元富-台南,2023-07-12,5929
1809,中釉,6,0,6,元富-台南,2023-07-12,5929
2230,泰茂,6,0,6,元富-台南,2023-07-12,5929
4533,協易機,11,5,6,元富-台南,2023-07-12,5929
5512,力麒,6,0,6,元富-台南,2023-07-12,5929
8222,寶一,6,0,6,元富-台南,2023-07-12,5929
1609,大亞,103,10,93,元富-台南,2023-07-13,5929
2618,長榮航,109,41,68,元富-台南,2023-07-13,5929
2610,華航,68,5,63,元富-台南,2023-07-13,5929
2382,廣達,50,14,36,元富-台南,2023-07-13,5929
4916,事欣科,30,1,29,元富-台南,2023-07-13,5929
4934,太極,30,1,29,元富-台南,2023-07-13,5929
4714,永捷,30,2,28,元富-台南,2023-07-13,5929
6282,康舒,67,40,27,元富-台南,2023-07-13,5929
00930,永豐ESG低碳高息,26,1,25,元富-台南,2023-07-13,5929
5426,振發,21,0,21,元富-台南,2023-07-13,5929
6248,沛波,20,0,20,元富-台南,2023-07-13,5929
6139,亞翔,24,8,16,元富-台南,2023-07-13,5929
2455,全新,15,0,15,元富-台南,2023-07-13,5929
00688L,國泰20年美債正2,15,0,15,元富-台南,2023-07-13,5929
1444,力麗,14,0,14,元富-台南,2023-07-13,5929
2303,聯電,13,0,13,元富-台南,2023-07-13,5929
00715L,期街口布蘭特正2,13,0,13,元富-台南,2023-07-13,5929
2352,佳世達,28,15,13,元富-台南,2023-07-13,5929
3711,日月光投控,14,1,13,元富-台南,2023-07-13,5929
3680,家登,13,0,13,元富-台南,2023-07-13,5929
1504,東元,17,5,12,元富-台南,2023-07-13,5929
2540,愛山林,11,0,11,元富-台南,2023-07-13,5929
6138,茂達,10,0,10,元富-台南,2023-07-13,5929
00712,復華富時不動產,10,0,10,元富-台南,2023-07-13,5929
1471,首利,15,5,10,元富-台南,2023-07-13,5929
1535,中宇,10,0,10,元富-台南,2023-07-13,5929
2441,超豐,10,0,10,元富-台南,2023-07-13,5929
3005,神基,10,0,10,元富-台南,2023-07-13,5929
5512,力麒,10,0,10,元富-台南,2023-07-13,5929
6261,久元,10,0,10,元富-台南,2023-07-13,5929
6861,睿生光電,10,0,10,元富-台南,2023-07-13,5929
3583,辛耘,15,5,10,元富-台南,2023-07-13,5929
00905,FT臺灣Smart,9,0,9,元富-台南,2023-07-13,5929
2603,長榮,25,16,9,元富-台南,2023-07-13,5929
3231,緯創,25,17,8,元富-台南,2023-07-13,5929
00929,復華台灣科技優息,11,3,8,元富-台南,2023-07-13,5929
00633L,富邦上証正2,8,0,8,元富-台南,2023-07-13,5929
1605,華新,9,1,8,元富-台南,2023-07-13,5929
6547,高端疫苗,8,0,8,元富-台南,2023-07-13,5929
3521,鴻翊,7,0,7,元富-台南,2023-07-13,5929
2409,友達,25,18,7,元富-台南,2023-07-13,5929
2017,官田鋼,7,0,7,元富-台南,2023-07-13,5929
3058,立德,9,2,7,元富-台南,2023-07-13,5929
3059,華晶科,7,0,7,元富-台南,2023-07-13,5929
6125,廣運,8,1,7,元富-台南,2023-07-13,5929
2351,順德,6,0,6,元富-台南,2023-07-13,5929
2605,新興,8,2,6,元富-台南,2023-07-13,5929
3211,順達,6,0,6,元富-台南,2023-07-13,5929
4908,前鼎,6,0,6,元富-台南,2023-07-13,5929
2402,毅嘉,6,0,6,元富-台南,2023-07-13,5929
2618,長榮航,152,55,97,元富-台南,2023-07-14,5929
2330,台積電,89,8,81,元富-台南,2023-07-14,5929
3231,緯創,200,152,48,元富-台南,2023-07-14,5929
2884,玉山金,50,4,46,元富-台南,2023-07-14,5929
2610,華航,53,8,45,元富-台南,2023-07-14,5929
2748,雲品,42,0,42,元富-台南,2023-07-14,5929
1528,恩德,33,0,33,元富-台南,2023-07-14,5929
2356,英業達,138,107,31,元富-台南,2023-07-14,5929
4714,永捷,30,0,30,元富-台南,2023-07-14,5929
3356,奇偶,27,1,26,元富-台南,2023-07-14,5929
00930,永豐ESG低碳高息,23,0,23,元富-台南,2023-07-14,5929
3380,明泰,53,32,21,元富-台南,2023-07-14,5929
2204,中華,20,0,20,元富-台南,2023-07-14,5929
6123,上奇,20,0,20,元富-台南,2023-07-14,5929
8183,精星,20,0,20,元富-台南,2023-07-14,5929
1609,大亞,40,21,19,元富-台南,2023-07-14,5929
2332,友訊,17,0,17,元富-台南,2023-07-14,5929
5009,榮剛,46,31,15,元富-台南,2023-07-14,5929
0056,元大高股息,25,12,13,元富-台南,2023-07-14,5929
1514,亞力,19,6,13,元富-台南,2023-07-14,5929
2425,承啟,14,1,13,元富-台南,2023-07-14,5929
3032,偉訓,15,2,13,元富-台南,2023-07-14,5929
3576,聯合再生,12,0,12,元富-台南,2023-07-14,5929
3508,位速,11,0,11,元富-台南,2023-07-14,5929
1217,愛之味,10,0,10,元富-台南,2023-07-14,5929
00751B,元大AAA至A公司債,10,0,10,元富-台南,2023-07-14,5929
2542,興富發,10,0,10,元富-台南,2023-07-14,5929
3546,宇峻,10,0,10,元富-台南,2023-07-14,5929
4414,如興,10,0,10,元富-台南,2023-07-14,5929
5285,界霖,10,0,10,元富-台南,2023-07-14,5929
6235,華孚,15,6,9,元富-台南,2023-07-14,5929
2641,正德,8,0,8,元富-台南,2023-07-14,5929
4108,懷特,8,0,8,元富-台南,2023-07-14,5929
4533,協易機,13,5,8,元富-台南,2023-07-14,5929
8358,金居,9,1,8,元富-台南,2023-07-14,5929
2428,興勤,7,0,7,元富-台南,2023-07-14,5929
6547,高端疫苗,7,0,7,元富-台南,2023-07-14,5929
4746,台耀,8,2,6,元富-台南,2023-07-14,5929
3060,銘異,6,0,6,元富-台南,2023-07-14,5929
6116,彩晶,6,0,6,元富-台南,2023-07-14,5929
2344,華邦電,7,2,5,元富-台南,2023-07-14,5929
3149,正達,5,0,5,元富-台南,2023-07-14,5929
3265,台星科,7,2,5,元富-台南,2023-07-14,5929
4580,捷流閥業,5,0,5,元富-台南,2023-07-14,5929
5439,高技,7,2,5,元富-台南,2023-07-14,5929
8105,凌巨,5,0,5,元富-台南,2023-07-14,5929
2352,佳世達,16,12,4,元富-台南,2023-07-14,5929
2634,漢翔,9,5,4,元富-台南,2023-07-14,5929
2903,遠百,4,0,4,元富-台南,2023-07-14,5929
3447,展達,4,0,4,元富-台南,2023-07-14,5929
00712,復華富時不動產,129,20,109,元富-台南,2023-07-17,5929
5009,榮剛,100,2,98,元富-台南,2023-07-17,5929
2609,陽明,41,4,37,元富-台南,2023-07-17,5929
1504,東元,101,65,36,元富-台南,2023-07-17,5929
00882,中信中國高股息,35,0,35,元富-台南,2023-07-17,5929
00687B,國泰20年美債,32,0,32,元富-台南,2023-07-17,5929
1444,力麗,30,0,30,元富-台南,2023-07-17,5929
00772B,中信高評級公司債,29,0,29,元富-台南,2023-07-17,5929
2328,廣宇,29,4,25,元富-台南,2023-07-17,5929
1402,遠東新,24,0,24,元富-台南,2023-07-17,5929
2371,大同,21,0,21,元富-台南,2023-07-17,5929
3715,定穎投控,20,0,20,元富-台南,2023-07-17,5929
00905,FT臺灣Smart,17,0,17,元富-台南,2023-07-17,5929
8215,明基材,26,9,17,元富-台南,2023-07-17,5929
2356,英業達,34,18,16,元富-台南,2023-07-17,5929
4532,瑞智,22,6,16,元富-台南,2023-07-17,5929
2313,華通,26,10,16,元富-台南,2023-07-17,5929
00673R,期元大S＆P原油反1,16,1,15,元富-台南,2023-07-17,5929
1467,南緯,15,0,15,元富-台南,2023-07-17,5929
8933,愛地雅,17,2,15,元富-台南,2023-07-17,5929
0056,元大高股息,41,28,13,元富-台南,2023-07-17,5929
2891,中信金,15,3,12,元富-台南,2023-07-17,5929
3234,光環,12,0,12,元富-台南,2023-07-17,5929
2324,仁寶,15,4,11,元富-台南,2023-07-17,5929
00930,永豐ESG低碳高息,10,0,10,元富-台南,2023-07-17,5929
2023,燁輝,10,0,10,元富-台南,2023-07-17,5929
3051,力特,10,0,10,元富-台南,2023-07-17,5929
4503,金雨,10,0,10,元富-台南,2023-07-17,5929
4973,廣穎,10,0,10,元富-台南,2023-07-17,5929
5607,遠雄港,11,1,10,元富-台南,2023-07-17,5929
6112,邁達特,10,0,10,元富-台南,2023-07-17,5929
6248,沛波,10,0,10,元富-台南,2023-07-17,5929
1795,美時,10,1,9,元富-台南,2023-07-17,5929
8072,陞泰,11,2,9,元富-台南,2023-07-17,5929
1784,訊聯,11,3,8,元富-台南,2023-07-17,5929
6120,達運,22,14,8,元富-台南,2023-07-17,5929
6170,統振,13,5,8,元富-台南,2023-07-17,5929
1301,台塑,7,0,7,元富-台南,2023-07-17,5929
00715L,期街口布蘭特正2,10,3,7,元富-台南,2023-07-17,5929
2402,毅嘉,11,4,7,元富-台南,2023-07-17,5929
5410,國眾,7,0,7,元富-台南,2023-07-17,5929
3374,精材,8,1,7,元富-台南,2023-07-17,5929
00858,永豐美國500大,6,0,6,元富-台南,2023-07-17,5929
1104,環泥,6,0,6,元富-台南,2023-07-17,5929
2610,華航,8,2,6,元富-台南,2023-07-17,5929
3081,聯亞,6,0,6,元富-台南,2023-07-17,5929
4746,台耀,12,6,6,元富-台南,2023-07-17,5929
6235,華孚,8,2,6,元富-台南,2023-07-17,5929
6461,益得,6,0,6,元富-台南,2023-07-17,5929
6531,愛普*,5,0,5,元富-台南,2023-07-17,5929
1608,華榮,180,0,180,元富-台南,2023-07-18,5929
6248,沛波,208,64,144,元富-台南,2023-07-18,5929
2887,台新金,100,10,90,元富-台南,2023-07-18,5929
6282,康舒,97,25,72,元富-台南,2023-07-18,5929
1708,東鹼,60,2,58,元富-台南,2023-07-18,5929
2409,友達,61,7,54,元富-台南,2023-07-18,5929
2324,仁寶,80,26,54,元富-台南,2023-07-18,5929
5009,榮剛,60,8,52,元富-台南,2023-07-18,5929
2425,承啟,53,13,40,元富-台南,2023-07-18,5929
00882,中信中國高股息,35,0,35,元富-台南,2023-07-18,5929
3706,神達,85,50,35,元富-台南,2023-07-18,5929
3231,緯創,128,93,35,元富-台南,2023-07-18,5929
00735,國泰臺韓科技,30,0,30,元富-台南,2023-07-18,5929
5347,世界,30,0,30,元富-台南,2023-07-18,5929
1514,亞力,36,6,30,元富-台南,2023-07-18,5929
2419,仲琦,37,9,28,元富-台南,2023-07-18,5929
3027,盛達,31,5,26,元富-台南,2023-07-18,5929
2312,金寶,75,51,24,元富-台南,2023-07-18,5929
2328,廣宇,26,4,22,元富-台南,2023-07-18,5929
2352,佳世達,35,13,22,元富-台南,2023-07-18,5929
3576,聯合再生,21,1,20,元富-台南,2023-07-18,5929
4114,健喬,20,0,20,元富-台南,2023-07-18,5929
4116,明基醫,20,1,19,元富-台南,2023-07-18,5929
3704,合勤控,24,6,18,元富-台南,2023-07-18,5929
8091,翔名,18,2,16,元富-台南,2023-07-18,5929
1444,力麗,30,15,15,元富-台南,2023-07-18,5929
1313,聯成,27,13,14,元富-台南,2023-07-18,5929
6207,雷科,14,0,14,元富-台南,2023-07-18,5929
1513,中興電,19,7,12,元富-台南,2023-07-18,5929
2382,廣達,27,15,12,元富-台南,2023-07-18,5929
1402,遠東新,12,0,12,元富-台南,2023-07-18,5929
6191,精成科,20,9,11,元富-台南,2023-07-18,5929
1711,永光,25,14,11,元富-台南,2023-07-18,5929
3071,協禧,14,3,11,元富-台南,2023-07-18,5929
5381,合正,11,0,11,元富-台南,2023-07-18,5929
6120,達運,20,10,10,元富-台南,2023-07-18,5929
1303,南亞,10,0,10,元富-台南,2023-07-18,5929
1467,南緯,10,0,10,元富-台南,2023-07-18,5929
2316,楠梓電,10,0,10,元富-台南,2023-07-18,5929
3234,光環,12,2,10,元富-台南,2023-07-18,5929
3545,敦泰,10,0,10,元富-台南,2023-07-18,5929
4915,致伸,10,0,10,元富-台南,2023-07-18,5929
5512,力麒,10,0,10,元富-台南,2023-07-18,5929
8027,鈦昇,10,0,10,元富-台南,2023-07-18,5929
8938,明安,10,0,10,元富-台南,2023-07-18,5929
2891,中信金,11,1,10,元富-台南,2023-07-18,5929
2401,凌陽,11,2,9,元富-台南,2023-07-18,5929
3029,零壹,9,0,9,元富-台南,2023-07-18,5929
3324,雙鴻,9,0,9,元富-台南,2023-07-18,5929
6218,豪勉,9,0,9,元富-台南,2023-07-18,5929
2618,長榮航,163,18,145,元富-台南,2023-07-19,5929
6248,沛波,142,0,142,元富-台南,2023-07-19,5929
2352,佳世達,121,16,105,元富-台南,2023-07-19,5929
5009,榮剛,204,121,83,元富-台南,2023-07-19,5929
1795,美時,54,2,52,元富-台南,2023-07-19,5929
2888,新光金,47,5,42,元富-台南,2023-07-19,5929
2312,金寶,72,32,40,元富-台南,2023-07-19,5929
2515,中工,37,0,37,元富-台南,2023-07-19,5929
6116,彩晶,36,0,36,元富-台南,2023-07-19,5929
2023,燁輝,30,0,30,元富-台南,2023-07-19,5929
00929,復華台灣科技優息,47,20,27,元富-台南,2023-07-19,5929
2883,凱基金,25,0,25,元富-台南,2023-07-19,5929
2340,台亞,22,0,22,元富-台南,2023-07-19,5929
8091,翔名,22,0,22,元富-台南,2023-07-19,5929
2317,鴻海,18,0,18,元富-台南,2023-07-19,5929
2313,華通,26,8,18,元富-台南,2023-07-19,5929
2634,漢翔,19,3,16,元富-台南,2023-07-19,5929
00683L,期元大美元指正2,15,0,15,元富-台南,2023-07-19,5929
1618,合機,15,0,15,元富-台南,2023-07-19,5929
2820,華票,15,0,15,元富-台南,2023-07-19,5929
6188,廣明,17,2,15,元富-台南,2023-07-19,5929
2353,宏��,23,8,15,元富-台南,2023-07-19,5929
2324,仁寶,33,19,14,元富-台南,2023-07-19,5929
1101,台泥,13,0,13,元富-台南,2023-07-19,5929
1522,堤維西,13,0,13,元富-台南,2023-07-19,5929
6235,華孚,23,10,13,元富-台南,2023-07-19,5929
2609,陽明,22,10,12,元富-台南,2023-07-19,5929
00632R,元大台灣50反1,12,0,12,元富-台南,2023-07-19,5929
3027,盛達,15,3,12,元富-台南,2023-07-19,5929
4566,時碩工業,14,2,12,元富-台南,2023-07-19,5929
6139,亞翔,16,5,11,元富-台南,2023-07-19,5929
00882,中信中國高股息,10,0,10,元富-台南,2023-07-19,5929
2328,廣宇,19,9,10,元富-台南,2023-07-19,5929
5426,振發,10,0,10,元富-台南,2023-07-19,5929
1609,大亞,24,15,9,元富-台南,2023-07-19,5929
2371,大同,17,8,9,元富-台南,2023-07-19,5929
2886,兆豐金,8,0,8,元富-台南,2023-07-19,5929
00753L,中信中國50正2,8,0,8,元富-台南,2023-07-19,5929
2457,飛宏,8,0,8,元富-台南,2023-07-19,5929
3055,蔚華科,14,6,8,元富-台南,2023-07-19,5929
5512,力麒,8,0,8,元富-台南,2023-07-19,5929
6753,龍德造船,15,7,8,元富-台南,2023-07-19,5929
3704,合勤控,11,3,8,元富-台南,2023-07-19,5929
4968,立積,8,1,7,元富-台南,2023-07-19,5929
1815,富喬,7,0,7,元富-台南,2023-07-19,5929
4190,佐登-KY,7,0,7,元富-台南,2023-07-19,5929
4563,百德,7,0,7,元富-台南,2023-07-19,5929
6282,康舒,21,14,7,元富-台南,2023-07-19,5929
8222,寶一,7,0,7,元富-台南,2023-07-19,5929
4938,和碩,12,6,6,元富-台南,2023-07-19,5929
1618,合機,55,0,55,元富-台南,2023-07-20,5929
2303,聯電,51,4,47,元富-台南,2023-07-20,5929
1789,神隆,68,27,41,元富-台南,2023-07-20,5929
4114,健喬,33,1,32,元富-台南,2023-07-20,5929
6182,合晶,30,0,30,元富-台南,2023-07-20,5929
2883,凱基金,33,7,26,元富-台南,2023-07-20,5929
1102,亞泥,21,1,20,元富-台南,2023-07-20,5929
2371,大同,21,1,20,元富-台南,2023-07-20,5929
2453,凌群,21,1,20,元富-台南,2023-07-20,5929
3022,威強電,20,0,20,元富-台南,2023-07-20,5929
4944,兆遠,20,0,20,元富-台南,2023-07-20,5929
6282,康舒,36,16,20,元富-台南,2023-07-20,5929
6546,正基,19,0,19,元富-台南,2023-07-20,5929
3051,力特,20,1,19,元富-台南,2023-07-20,5929
9945,潤泰新,20,1,19,元富-台南,2023-07-20,5929
1314,中石化,20,2,18,元富-台南,2023-07-20,5929
4714,永捷,26,8,18,元富-台南,2023-07-20,5929
3141,晶宏,18,1,17,元富-台南,2023-07-20,5929
00878,國泰永續高股息,34,17,17,元富-台南,2023-07-20,5929
00929,復華台灣科技優息,16,1,15,元富-台南,2023-07-20,5929
3057,喬鼎,15,0,15,元富-台南,2023-07-20,5929
1905,華紙,14,0,14,元富-台南,2023-07-20,5929
6235,華孚,18,5,13,元富-台南,2023-07-20,5929
2204,中華,12,0,12,元富-台南,2023-07-20,5929
8086,宏捷科,13,1,12,元富-台南,2023-07-20,5929
5347,世界,11,0,11,元富-台南,2023-07-20,5929
2330,台積電,10,0,10,元富-台南,2023-07-20,5929
2313,華通,11,1,10,元富-台南,2023-07-20,5929
2405,輔信,19,9,10,元富-台南,2023-07-20,5929
4106,雃博,10,0,10,元富-台南,2023-07-20,5929
4746,台耀,10,0,10,元富-台南,2023-07-20,5929
6139,亞翔,10,0,10,元富-台南,2023-07-20,5929
6150,撼訊,11,1,10,元富-台南,2023-07-20,5929
2515,中工,10,0,10,元富-台南,2023-07-20,5929
3680,家登,9,0,9,元富-台南,2023-07-20,5929
8027,鈦昇,10,1,9,元富-台南,2023-07-20,5929
2402,毅嘉,25,17,8,元富-台南,2023-07-20,5929
3704,合勤控,10,3,7,元富-台南,2023-07-20,5929
4123,晟德,17,10,7,元富-台南,2023-07-20,5929
1513,中興電,6,0,6,元富-台南,2023-07-20,5929
00713,元大台灣高息低波,6,0,6,元富-台南,2023-07-20,5929
1786,科妍,14,8,6,元富-台南,2023-07-20,5929
2337,旺宏,6,0,6,元富-台南,2023-07-20,5929
3071,協禧,6,0,6,元富-台南,2023-07-20,5929
3322,建舜電,8,2,6,元富-台南,2023-07-20,5929
4142,國光生,7,1,6,元富-台南,2023-07-20,5929
4938,和碩,8,2,6,元富-台南,2023-07-20,5929
8938,明安,6,0,6,元富-台南,2023-07-20,5929
2206,三陽工業,10,5,5,元富-台南,2023-07-20,5929
4919,新唐,10,5,5,元富-台南,2023-07-20,5929
2329,華泰,175,65,110,元富-台南,2023-07-21,5929
00680L,元大美債20正2,100,0,100,元富-台南,2023-07-21,5929
00688L,國泰20年美債正2,100,0,100,元富-台南,2023-07-21,5929
6282,康舒,64,8,56,元富-台南,2023-07-21,5929
1513,中興電,73,31,42,元富-台南,2023-07-21,5929
3231,緯創,73,32,41,元富-台南,2023-07-21,5929
6248,沛波,40,0,40,元富-台南,2023-07-21,5929
4533,協易機,37,0,37,元富-台南,2023-07-21,5929
5425,台半,27,2,25,元富-台南,2023-07-21,5929
2409,友達,44,21,23,元富-台南,2023-07-21,5929
2618,長榮航,30,9,21,元富-台南,2023-07-21,5929
2010,春源,20,0,20,元富-台南,2023-07-21,5929
3013,晟銘電,27,7,20,元富-台南,2023-07-21,5929
6462,神盾,20,0,20,元富-台南,2023-07-21,5929
8091,翔名,21,1,20,元富-台南,2023-07-21,5929
1762,中化生,18,0,18,元富-台南,2023-07-21,5929
2303,聯電,21,6,15,元富-台南,2023-07-21,5929
2382,廣達,46,31,15,元富-台南,2023-07-21,5929
3033,威健,14,0,14,元富-台南,2023-07-21,5929
00687B,國泰20年美債,13,0,13,元富-台南,2023-07-21,5929
6561,是方,13,0,13,元富-台南,2023-07-21,5929
3037,欣興,19,7,12,元富-台南,2023-07-21,5929
00751B,元大AAA至A公司債,10,0,10,元富-台南,2023-07-21,5929
2206,三陽工業,14,4,10,元富-台南,2023-07-21,5929
4967,十銓,11,1,10,元富-台南,2023-07-21,5929
00632R,元大台灣50反1,10,0,10,元富-台南,2023-07-21,5929
1540,喬福,10,0,10,元富-台南,2023-07-21,5929
2337,旺宏,10,0,10,元富-台南,2023-07-21,5929
3494,誠研,10,0,10,元富-台南,2023-07-21,5929
6123,上奇,10,0,10,元富-台南,2023-07-21,5929
8016,矽創,10,0,10,元富-台南,2023-07-21,5929
2353,宏��,32,22,10,元富-台南,2023-07-21,5929
2454,聯發科,11,2,9,元富-台南,2023-07-21,5929
6841,長佳智能,10,1,9,元富-台南,2023-07-21,5929
2388,威盛,9,0,9,元富-台南,2023-07-21,5929
4915,致伸,10,2,8,元富-台南,2023-07-21,5929
2603,長榮,10,2,8,元富-台南,2023-07-21,5929
00712,復華富時不動產,8,1,7,元富-台南,2023-07-21,5929
2812,台中銀,7,0,7,元富-台南,2023-07-21,5929
00893,國泰智能電動車,7,0,7,元富-台南,2023-07-21,5929
3022,威強電,7,0,7,元富-台南,2023-07-21,5929
6235,華孚,6,0,6,元富-台南,2023-07-21,5929
1402,遠東新,6,0,6,元富-台南,2023-07-21,5929
00679B,元大美債20年,6,0,6,元富-台南,2023-07-21,5929
1605,華新,17,11,6,元富-台南,2023-07-21,5929
2425,承啟,12,6,6,元富-台南,2023-07-21,5929
3374,精材,7,1,6,元富-台南,2023-07-21,5929
3673,TPK-KY,6,0,6,元富-台南,2023-07-21,5929
3706,神達,8,2,6,元富-台南,2023-07-21,5929
6227,茂綸,6,0,6,元富-台南,2023-07-21,5929
2409,友達,162,41,121,元富-台南,2023-07-24,5929
2461,光群雷,108,25,83,元富-台南,2023-07-24,5929
6248,沛波,50,0,50,元富-台南,2023-07-24,5929
2368,金像電,54,5,49,元富-台南,2023-07-24,5929
3481,群創,51,5,46,元富-台南,2023-07-24,5929
1104,環泥,41,2,39,元富-台南,2023-07-24,5929
1504,東元,118,84,34,元富-台南,2023-07-24,5929
2408,南亞科,30,0,30,元富-台南,2023-07-24,5929
6016,康和證,30,0,30,元富-台南,2023-07-24,5929
6269,台郡,25,0,25,元富-台南,2023-07-24,5929
2303,聯電,34,13,21,元富-台南,2023-07-24,5929
1701,中化,21,0,21,元富-台南,2023-07-24,5929
2228,劍麟,21,0,21,元富-台南,2023-07-24,5929
3682,亞太電,21,0,21,元富-台南,2023-07-24,5929
6591,動力-KY,20,0,20,元富-台南,2023-07-24,5929
1101,台泥,19,2,17,元富-台南,2023-07-24,5929
1513,中興電,46,30,16,元富-台南,2023-07-24,5929
2413,環科,16,0,16,元富-台南,2023-07-24,5929
2405,輔信,23,9,14,元富-台南,2023-07-24,5929
1609,大亞,38,25,13,元富-台南,2023-07-24,5929
1217,愛之味,15,2,13,元富-台南,2023-07-24,5929
00724B,群益投資級金融債,12,0,12,元富-台南,2023-07-24,5929
4532,瑞智,13,1,12,元富-台南,2023-07-24,5929
3419,譁裕,11,0,11,元富-台南,2023-07-24,5929
2888,新光金,11,0,11,元富-台南,2023-07-24,5929
2887,台新金,11,0,11,元富-台南,2023-07-24,5929
00673R,期元大S＆P原油反1,10,0,10,元富-台南,2023-07-24,5929
1815,富喬,10,0,10,元富-台南,2023-07-24,5929
2010,春源,10,0,10,元富-台南,2023-07-24,5929
2028,威致,10,0,10,元富-台南,2023-07-24,5929
4402,郡都開發,10,0,10,元富-台南,2023-07-24,5929
4916,事欣科,13,3,10,元富-台南,2023-07-24,5929
4526,東台,10,0,10,元富-台南,2023-07-24,5929
2610,華航,9,0,9,元富-台南,2023-07-24,5929
3689,湧德,13,4,9,元富-台南,2023-07-24,5929
2201,裕隆,8,0,8,元富-台南,2023-07-24,5929
1785,光洋科,8,0,8,元富-台南,2023-07-24,5929
5905,南仁湖,10,2,8,元富-台南,2023-07-24,5929
6472,保瑞,8,0,8,元富-台南,2023-07-24,5929
3013,晟銘電,14,7,7,元富-台南,2023-07-24,5929
00929,復華台灣科技優息,7,0,7,元富-台南,2023-07-24,5929
00687B,國泰20年美債,7,0,7,元富-台南,2023-07-24,5929
1471,首利,7,0,7,元富-台南,2023-07-24,5929
2324,仁寶,11,4,7,元富-台南,2023-07-24,5929
3607,谷崧,7,0,7,元富-台南,2023-07-24,5929
4111,濟生,7,0,7,元富-台南,2023-07-24,5929
6125,廣運,10,3,7,元富-台南,2023-07-24,5929
6712,長聖,7,0,7,元富-台南,2023-07-24,5929
8933,愛地雅,7,0,7,元富-台南,2023-07-24,5929
2618,長榮航,6,0,6,元富-台南,2023-07-24,5929
00795B,中信美國公債20年,301,0,301,元富-台南,2023-07-25,5929
1722,台肥,208,0,208,元富-台南,2023-07-25,5929
00878,國泰永續高股息,124,16,108,元富-台南,2023-07-25,5929
9925,新保,96,0,96,元富-台南,2023-07-25,5929
2610,華航,83,14,69,元富-台南,2023-07-25,5929
3515,華擎,69,1,68,元富-台南,2023-07-25,5929
4944,兆遠,65,0,65,元富-台南,2023-07-25,5929
2354,鴻準,124,65,59,元富-台南,2023-07-25,5929
1101,台泥,72,21,51,元富-台南,2023-07-25,5929
2331,精英,40,1,39,元富-台南,2023-07-25,5929
2328,廣宇,41,3,38,元富-台南,2023-07-25,5929
3289,宜特,35,0,35,元富-台南,2023-07-25,5929
2330,台積電,33,1,32,元富-台南,2023-07-25,5929
8938,明安,31,0,31,元富-台南,2023-07-25,5929
3518,柏騰,26,0,26,元富-台南,2023-07-25,5929
3680,家登,24,0,24,元富-台南,2023-07-25,5929
6223,旺矽,32,8,24,元富-台南,2023-07-25,5929
6276,安鈦克,24,1,23,元富-台南,2023-07-25,5929
2887,台新金,22,0,22,元富-台南,2023-07-25,5929
00715L,期街口布蘭特正2,20,0,20,元富-台南,2023-07-25,5929
00633L,富邦上証正2,20,0,20,元富-台南,2023-07-25,5929
2461,光群雷,28,8,20,元富-台南,2023-07-25,5929
4414,如興,20,0,20,元富-台南,2023-07-25,5929
6269,台郡,19,1,18,元富-台南,2023-07-25,5929
2353,宏��,27,9,18,元富-台南,2023-07-25,5929
5425,台半,18,0,18,元富-台南,2023-07-25,5929
2303,聯電,21,5,16,元富-台南,2023-07-25,5929
3581,博磊,17,1,16,元富-台南,2023-07-25,5929
6139,亞翔,15,0,15,元富-台南,2023-07-25,5929
2413,環科,15,1,14,元富-台南,2023-07-25,5929
2801,彰銀,15,1,14,元富-台南,2023-07-25,5929
3702,大聯大,24,10,14,元富-台南,2023-07-25,5929
2356,英業達,19,6,13,元富-台南,2023-07-25,5929
6244,茂迪,13,0,13,元富-台南,2023-07-25,5929
2382,廣達,25,13,12,元富-台南,2023-07-25,5929
00673R,期元大S＆P原油反1,12,0,12,元富-台南,2023-07-25,5929
00751B,元大AAA至A公司債,12,0,12,元富-台南,2023-07-25,5929
4967,十銓,12,1,11,元富-台南,2023-07-25,5929
2301,光寶科,14,3,11,元富-台南,2023-07-25,5929
6179,亞通,11,0,11,元富-台南,2023-07-25,5929
2464,盟立,10,0,10,元富-台南,2023-07-25,5929
00687B,國泰20年美債,10,0,10,元富-台南,2023-07-25,5929
00696B,富邦美債20年,10,0,10,元富-台南,2023-07-25,5929
6248,沛波,10,0,10,元富-台南,2023-07-25,5929
6712,長聖,10,0,10,元富-台南,2023-07-25,5929
4919,新唐,10,1,9,元富-台南,2023-07-25,5929
2457,飛宏,10,1,9,元富-台南,2023-07-25,5929
2634,漢翔,9,0,9,元富-台南,2023-07-25,5929
6278,台表科,9,0,9,元富-台南,2023-07-25,5929
1609,大亞,10,2,8,元富-台南,2023-07-25,5929
3231,緯創,320,148,172,元富-台南,2023-07-26,5929
00680L,元大美債20正2,150,0,150,元富-台南,2023-07-26,5929
00929,復華台灣科技優息,131,1,130,元富-台南,2023-07-26,5929
1504,東元,184,64,120,元富-台南,2023-07-26,5929
2354,鴻準,117,1,116,元富-台南,2023-07-26,5929
8942,森鉅,109,0,109,元富-台南,2023-07-26,5929
00712,復華富時不動產,91,0,91,元富-台南,2023-07-26,5929
6282,康舒,100,18,82,元富-台南,2023-07-26,5929
00724B,群益投資級金融債,58,0,58,元富-台南,2023-07-26,5929
2329,華泰,105,53,52,元富-台南,2023-07-26,5929
1301,台塑,50,0,50,元富-台南,2023-07-26,5929
1326,台化,50,0,50,元富-台南,2023-07-26,5929
00688L,國泰20年美債正2,50,0,50,元富-台南,2023-07-26,5929
00722B,群益投資級電信債,46,0,46,元富-台南,2023-07-26,5929
2371,大同,54,9,45,元富-台南,2023-07-26,5929
1722,台肥,35,0,35,元富-台南,2023-07-26,5929
2461,光群雷,37,2,35,元富-台南,2023-07-26,5929
00751B,元大AAA至A公司債,25,0,25,元富-台南,2023-07-26,5929
2453,凌群,25,3,22,元富-台南,2023-07-26,5929
1513,中興電,28,7,21,元富-台南,2023-07-26,5929
8096,擎亞,20,0,20,元富-台南,2023-07-26,5929
6712,長聖,19,0,19,元富-台南,2023-07-26,5929
00679B,元大美債20年,18,0,18,元富-台南,2023-07-26,5929
2359,所羅門,43,26,17,元富-台南,2023-07-26,5929
00772B,中信高評級公司債,16,0,16,元富-台南,2023-07-26,5929
1789,神隆,40,24,16,元富-台南,2023-07-26,5929
3712,永崴投控,20,4,16,元富-台南,2023-07-26,5929
6550,北極星藥業-KY,16,0,16,元富-台南,2023-07-26,5929
6139,亞翔,15,0,15,元富-台南,2023-07-26,5929
4533,協易機,33,19,14,元富-台南,2023-07-26,5929
2887,台新金,15,2,13,元富-台南,2023-07-26,5929
1905,華紙,14,1,13,元富-台南,2023-07-26,5929
00892,富邦台灣半導體,12,0,12,元富-台南,2023-07-26,5929
2317,鴻海,18,8,10,元富-台南,2023-07-26,5929
3055,蔚華科,10,0,10,元富-台南,2023-07-26,5929
5512,力麒,10,0,10,元富-台南,2023-07-26,5929
9105,泰金寶-DR,10,0,10,元富-台南,2023-07-26,5929
3029,零壹,13,4,9,元富-台南,2023-07-26,5929
6126,信音,9,0,9,元富-台南,2023-07-26,5929
6472,保瑞,9,0,9,元富-台南,2023-07-26,5929
2402,毅嘉,10,2,8,元富-台南,2023-07-26,5929
2427,三商電,11,3,8,元富-台南,2023-07-26,5929
6112,邁達特,8,0,8,元富-台南,2023-07-26,5929
6269,台郡,9,1,8,元富-台南,2023-07-26,5929
1609,大亞,17,10,7,元富-台南,2023-07-26,5929
3583,辛耘,11,4,7,元富-台南,2023-07-26,5929
4188,安克,7,0,7,元富-台南,2023-07-26,5929
2303,聯電,7,0,7,元富-台南,2023-07-26,5929
6257,矽格,6,0,6,元富-台南,2023-07-26,5929
2408,南亞科,7,1,6,元富-台南,2023-07-26,5929
2888,新光金,320,150,170,元富-台南,2023-07-27,5929
00688L,國泰20年美債正2,100,0,100,元富-台南,2023-07-27,5929
1402,遠東新,99,0,99,元富-台南,2023-07-27,5929
2495,普安,80,0,80,元富-台南,2023-07-27,5929
2382,廣達,118,50,68,元富-台南,2023-07-27,5929
2409,友達,198,134,64,元富-台南,2023-07-27,5929
1609,大亞,60,7,53,元富-台南,2023-07-27,5929
00715L,期街口布蘭特正2,50,0,50,元富-台南,2023-07-27,5929
00673R,期元大S＆P原油反1,51,2,49,元富-台南,2023-07-27,5929
2344,華邦電,57,12,45,元富-台南,2023-07-27,5929
2457,飛宏,31,1,30,元富-台南,2023-07-27,5929
00724B,群益投資級金融債,30,0,30,元富-台南,2023-07-27,5929
1504,東元,71,44,27,元富-台南,2023-07-27,5929
3035,智原,28,3,25,元富-台南,2023-07-27,5929
00633L,富邦上証正2,25,0,25,元富-台南,2023-07-27,5929
2453,凌群,29,6,23,元富-台南,2023-07-27,5929
2402,毅嘉,28,6,22,元富-台南,2023-07-27,5929
1618,合機,22,2,20,元富-台南,2023-07-27,5929
2313,華通,20,0,20,元富-台南,2023-07-27,5929
6269,台郡,16,0,16,元富-台南,2023-07-27,5929
8942,森鉅,15,0,15,元富-台南,2023-07-27,5929
5483,中美晶,14,0,14,元富-台南,2023-07-27,5929
4533,協易機,41,27,14,元富-台南,2023-07-27,5929
6188,廣明,22,9,13,元富-台南,2023-07-27,5929
2887,台新金,12,0,12,元富-台南,2023-07-27,5929
3163,波若威,13,2,11,元富-台南,2023-07-27,5929
2883,凱基金,12,1,11,元富-台南,2023-07-27,5929
3037,欣興,21,10,11,元富-台南,2023-07-27,5929
4157,太景*-KY,10,0,10,元富-台南,2023-07-27,5929
4414,如興,10,0,10,元富-台南,2023-07-27,5929
5410,國眾,13,3,10,元富-台南,2023-07-27,5929
6235,華孚,20,10,10,元富-台南,2023-07-27,5929
00679B,元大美債20年,9,0,9,元富-台南,2023-07-27,5929
6112,邁達特,10,1,9,元富-台南,2023-07-27,5929
2101,南港,8,0,8,元富-台南,2023-07-27,5929
2634,漢翔,8,0,8,元富-台南,2023-07-27,5929
3022,威強電,8,0,8,元富-台南,2023-07-27,5929
5425,台半,8,0,8,元富-台南,2023-07-27,5929
2027,大成鋼,30,22,8,元富-台南,2023-07-27,5929
00632R,元大台灣50反1,7,0,7,元富-台南,2023-07-27,5929
1722,台肥,7,0,7,元富-台南,2023-07-27,5929
2379,瑞昱,7,0,7,元富-台南,2023-07-27,5929
3680,家登,7,0,7,元富-台南,2023-07-27,5929
5443,均豪,7,0,7,元富-台南,2023-07-27,5929
6223,旺矽,7,0,7,元富-台南,2023-07-27,5929
2421,建準,11,4,7,元富-台南,2023-07-27,5929
3189,景碩,8,2,6,元富-台南,2023-07-27,5929
6213,聯茂,15,9,6,元富-台南,2023-07-27,5929
6712,長聖,6,0,6,元富-台南,2023-07-27,5929
00930,永豐ESG低碳高息,5,0,5,元富-台南,2023-07-27,5929
2369,菱生,89,2,87,元富-台南,2023-07-28,5929
2891,中信金,61,0,61,元富-台南,2023-07-28,5929
3289,宜特,53,19,34,元富-台南,2023-07-28,5929
1905,華紙,63,32,31,元富-台南,2023-07-28,5929
2618,長榮航,37,7,30,元富-台南,2023-07-28,5929
5009,榮剛,30,2,28,元富-台南,2023-07-28,5929
00679B,元大美債20年,23,0,23,元富-台南,2023-07-28,5929
1609,大亞,29,6,23,元富-台南,2023-07-28,5929
2610,華航,24,1,23,元富-台南,2023-07-28,5929
2329,華泰,100,80,20,元富-台南,2023-07-28,5929
3680,家登,27,7,20,元富-台南,2023-07-28,5929
5512,力麒,20,0,20,元富-台南,2023-07-28,5929
6248,沛波,20,0,20,元富-台南,2023-07-28,5929
00878,國泰永續高股息,33,14,19,元富-台南,2023-07-28,5929
2605,新興,19,2,17,元富-台南,2023-07-28,5929
1907,永豐餘,16,0,16,元富-台南,2023-07-28,5929
3211,順達,16,0,16,元富-台南,2023-07-28,5929
1504,東元,20,6,14,元富-台南,2023-07-28,5929
2883,凱基金,15,1,14,元富-台南,2023-07-28,5929
00720B,元大投資級公司債,12,0,12,元富-台南,2023-07-28,5929
00696B,富邦美債20年,12,0,12,元富-台南,2023-07-28,5929
2409,友達,94,82,12,元富-台南,2023-07-28,5929
2890,永豐金,12,0,12,元富-台南,2023-07-28,5929
4973,廣穎,12,0,12,元富-台南,2023-07-28,5929
5425,台半,12,0,12,元富-台南,2023-07-28,5929
2328,廣宇,11,0,11,元富-台南,2023-07-28,5929
6138,茂達,10,0,10,元富-台南,2023-07-28,5929
2882,國泰金,11,1,10,元富-台南,2023-07-28,5929
00885,富邦越南,11,1,10,元富-台南,2023-07-28,5929
1618,合機,10,0,10,元富-台南,2023-07-28,5929
5299,杰力,10,0,10,元富-台南,2023-07-28,5929
2330,台積電,10,0,10,元富-台南,2023-07-28,5929
3217,優群,10,1,9,元富-台南,2023-07-28,5929
2371,大同,10,2,8,元富-台南,2023-07-28,5929
2402,毅嘉,11,3,8,元富-台南,2023-07-28,5929
6112,邁達特,8,0,8,元富-台南,2023-07-28,5929
6190,萬泰科,12,4,8,元富-台南,2023-07-28,5929
00919,群益台灣精選高息,8,0,8,元富-台南,2023-07-28,5929
2457,飛宏,11,4,7,元富-台南,2023-07-28,5929
00751B,元大AAA至A公司債,7,0,7,元富-台南,2023-07-28,5929
2436,偉詮電,7,0,7,元富-台南,2023-07-28,5929
2889,國票金,8,1,7,元富-台南,2023-07-28,5929
3055,蔚華科,8,1,7,元富-台南,2023-07-28,5929
3702,大聯大,7,0,7,元富-台南,2023-07-28,5929
5880,合庫金,7,0,7,元富-台南,2023-07-28,5929
00857B,永豐20年美公債,6,0,6,元富-台南,2023-07-28,5929
00680L,元大美債20正2,6,0,6,元富-台南,2023-07-28,5929
1612,宏泰,7,1,6,元富-台南,2023-07-28,5929
2820,華票,6,0,6,元富-台南,2023-07-28,5929
3022,威強電,6,0,6,元富-台南,2023-07-28,5929
2301,光寶科,111,45,66,元富-台南,2023-07-31,5929
2888,新光金,237,172,65,元富-台南,2023-07-31,5929
00919,群益台灣精選高息,57,0,57,元富-台南,2023-07-31,5929
00673R,期元大S＆P原油反1,52,0,52,元富-台南,2023-07-31,5929
00753L,中信中國50正2,50,0,50,元富-台南,2023-07-31,5929
2610,華航,55,6,49,元富-台南,2023-07-31,5929
3211,順達,43,0,43,元富-台南,2023-07-31,5929
2885,元大金,41,0,41,元富-台南,2023-07-31,5929
00665L,富邦�琤肭磪囓�2,50,10,40,元富-台南,2023-07-31,5929
3481,群創,88,50,38,元富-台南,2023-07-31,5929
2329,華泰,73,37,36,元富-台南,2023-07-31,5929
2402,毅嘉,50,18,32,元富-台南,2023-07-31,5929
2409,友達,29,2,27,元富-台南,2023-07-31,5929
2002,中鋼,26,0,26,元富-台南,2023-07-31,5929
5425,台半,26,2,24,元富-台南,2023-07-31,5929
6576,逸達,22,0,22,元富-台南,2023-07-31,5929
00687B,國泰20年美債,21,0,21,元富-台南,2023-07-31,5929
2383,台光電,22,2,20,元富-台南,2023-07-31,5929
4960,誠美材,20,0,20,元富-台南,2023-07-31,5929
6123,上奇,20,0,20,元富-台南,2023-07-31,5929
2618,長榮航,31,12,19,元富-台南,2023-07-31,5929
3289,宜特,19,0,19,元富-台南,2023-07-31,5929
5009,榮剛,70,51,19,元富-台南,2023-07-31,5929
8215,明基材,20,1,19,元富-台南,2023-07-31,5929
3231,緯創,32,13,19,元富-台南,2023-07-31,5929
00679B,元大美債20年,18,0,18,元富-台南,2023-07-31,5929
2883,凱基金,51,34,17,元富-台南,2023-07-31,5929
1815,富喬,26,11,15,元富-台南,2023-07-31,5929
3339,泰谷,15,0,15,元富-台南,2023-07-31,5929
2891,中信金,56,41,15,元富-台南,2023-07-31,5929
2382,廣達,58,43,15,元富-台南,2023-07-31,5929
2328,廣宇,14,0,14,元富-台南,2023-07-31,5929
3704,合勤控,20,7,13,元富-台南,2023-07-31,5929
1905,華紙,41,28,13,元富-台南,2023-07-31,5929
6196,帆宣,15,2,13,元富-台南,2023-07-31,5929
6248,沛波,13,0,13,元富-台南,2023-07-31,5929
2317,鴻海,12,0,12,元富-台南,2023-07-31,5929
3059,華晶科,13,1,12,元富-台南,2023-07-31,5929
00878,國泰永續高股息,35,24,11,元富-台南,2023-07-31,5929
6125,廣運,16,5,11,元富-台南,2023-07-31,5929
6139,亞翔,11,0,11,元富-台南,2023-07-31,5929
00696B,富邦美債20年,10,0,10,元富-台南,2023-07-31,5929
00633L,富邦上証正2,10,0,10,元富-台南,2023-07-31,5929
2461,光群雷,12,2,10,元富-台南,2023-07-31,5929
3380,明泰,17,7,10,元富-台南,2023-07-31,5929
3531,先益,10,0,10,元富-台南,2023-07-31,5929
6190,萬泰科,18,8,10,元富-台南,2023-07-31,5929
6188,廣明,12,2,10,元富-台南,2023-07-31,5929
00712,復華富時不動產,10,0,10,元富-台南,2023-07-31,5929
1108,幸福,9,1,8,元富-台南,2023-07-31,5929
00929,復華台灣科技優息,60,1,59,元富-台南,2023-08-01,5929
3231,緯創,101,47,54,元富-台南,2023-08-01,5929
3211,順達,45,0,45,元富-台南,2023-08-01,5929
00665L,富邦�琤肭磪囓�2,55,15,40,元富-台南,2023-08-01,5929
6282,康舒,41,10,31,元富-台南,2023-08-01,5929
3558,神準,60,30,30,元富-台南,2023-08-01,5929
3339,泰谷,30,0,30,元富-台南,2023-08-01,5929
00753L,中信中國50正2,25,0,25,元富-台南,2023-08-01,5929
1905,華紙,27,2,25,元富-台南,2023-08-01,5929
4944,兆遠,25,0,25,元富-台南,2023-08-01,5929
2353,宏��,35,12,23,元富-台南,2023-08-01,5929
5009,榮剛,55,32,23,元富-台南,2023-08-01,5929
1609,大亞,21,0,21,元富-台南,2023-08-01,5929
1219,福壽,20,0,20,元富-台南,2023-08-01,5929
2867,三商壽,20,0,20,元富-台南,2023-08-01,5929
3062,建漢,20,0,20,元富-台南,2023-08-01,5929
3581,博磊,19,0,19,元富-台南,2023-08-01,5929
3264,欣銓,20,3,17,元富-台南,2023-08-01,5929
00885,富邦越南,16,0,16,元富-台南,2023-08-01,5929
2891,中信金,15,0,15,元富-台南,2023-08-01,5929
6248,沛波,15,0,15,元富-台南,2023-08-01,5929
8064,東捷,15,0,15,元富-台南,2023-08-01,5929
1504,東元,13,0,13,元富-台南,2023-08-01,5929
2312,金寶,63,50,13,元富-台南,2023-08-01,5929
2913,農林,47,35,12,元富-台南,2023-08-01,5929
3033,威健,12,0,12,元富-台南,2023-08-01,5929
8478,東哥遊艇,11,0,11,元富-台南,2023-08-01,5929
2401,凌陽,12,1,11,元富-台南,2023-08-01,5929
0061,元大寶滬深,10,0,10,元富-台南,2023-08-01,5929
00633L,富邦上証正2,10,0,10,元富-台南,2023-08-01,5929
2241,艾姆勒,10,0,10,元富-台南,2023-08-01,5929
4106,雃博,10,0,10,元富-台南,2023-08-01,5929
6191,精成科,10,0,10,元富-台南,2023-08-01,5929
3380,明泰,9,0,9,元富-台南,2023-08-01,5929
3450,聯鈞,9,0,9,元富-台南,2023-08-01,5929
3706,神達,10,2,8,元富-台南,2023-08-01,5929
1513,中興電,10,2,8,元富-台南,2023-08-01,5929
3419,譁裕,9,1,8,元富-台南,2023-08-01,5929
5425,台半,10,2,8,元富-台南,2023-08-01,5929
00882,中信中國高股息,8,1,7,元富-台南,2023-08-01,5929
1802,台玻,38,31,7,元富-台南,2023-08-01,5929
2609,陽明,9,2,7,元富-台南,2023-08-01,5929
3324,雙鴻,8,1,7,元富-台南,2023-08-01,5929
4533,協易機,10,3,7,元富-台南,2023-08-01,5929
2880,華南金,6,0,6,元富-台南,2023-08-01,5929
2301,光寶科,28,22,6,元富-台南,2023-08-01,5929
3596,智易,6,0,6,元富-台南,2023-08-01,5929
8027,鈦昇,8,2,6,元富-台南,2023-08-01,5929
2303,聯電,6,0,6,元富-台南,2023-08-01,5929
00712,復華富時不動產,6,0,6,元富-台南,2023-08-01,5929
00929,復華台灣科技優息,268,6,262,元富-台南,2023-08-02,5929
3481,群創,311,93,218,元富-台南,2023-08-02,5929
2888,新光金,190,80,110,元富-台南,2023-08-02,5929
5009,榮剛,227,151,76,元富-台南,2023-08-02,5929
00878,國泰永續高股息,86,32,54,元富-台南,2023-08-02,5929
00687B,國泰20年美債,41,0,41,元富-台南,2023-08-02,5929
2883,凱基金,32,0,32,元富-台南,2023-08-02,5929
3558,神準,62,31,31,元富-台南,2023-08-02,5929
2618,長榮航,33,3,30,元富-台南,2023-08-02,5929
00665L,富邦�琤肭磪囓�2,30,0,30,元富-台南,2023-08-02,5929
2867,三商壽,30,0,30,元富-台南,2023-08-02,5929
2891,中信金,29,0,29,元富-台南,2023-08-02,5929
2610,華航,37,10,27,元富-台南,2023-08-02,5929
00751B,元大AAA至A公司債,25,0,25,元富-台南,2023-08-02,5929
6248,沛波,23,0,23,元富-台南,2023-08-02,5929
5347,世界,23,2,21,元富-台南,2023-08-02,5929
5512,力麒,21,0,21,元富-台南,2023-08-02,5929
00696B,富邦美債20年,20,0,20,元富-台南,2023-08-02,5929
1714,和桐,20,0,20,元富-台南,2023-08-02,5929
3339,泰谷,20,0,20,元富-台南,2023-08-02,5929
3682,亞太電,21,2,19,元富-台南,2023-08-02,5929
6285,啟��,25,6,19,元富-台南,2023-08-02,5929
2382,廣達,55,38,17,元富-台南,2023-08-02,5929
3711,日月光投控,17,1,16,元富-台南,2023-08-02,5929
3231,緯創,24,8,16,元富-台南,2023-08-02,5929
00772B,中信高評級公司債,17,1,16,元富-台南,2023-08-02,5929
3346,麗清,16,0,16,元富-台南,2023-08-02,5929
4138,曜亞,15,0,15,元富-台南,2023-08-02,5929
8064,東捷,15,0,15,元富-台南,2023-08-02,5929
6531,愛普*,17,2,15,元富-台南,2023-08-02,5929
00679B,元大美債20年,14,0,14,元富-台南,2023-08-02,5929
6282,康舒,62,50,12,元富-台南,2023-08-02,5929
00923,群益台ESG低碳50,14,2,12,元富-台南,2023-08-02,5929
00688L,國泰20年美債正2,12,0,12,元富-台南,2023-08-02,5929
1789,神隆,12,0,12,元富-台南,2023-08-02,5929
2405,輔信,16,4,12,元富-台南,2023-08-02,5929
3324,雙鴻,15,3,12,元富-台南,2023-08-02,5929
6443,元晶,13,1,12,元富-台南,2023-08-02,5929
1210,大成,11,0,11,元富-台南,2023-08-02,5929
6550,北極星藥業-KY,15,4,11,元富-台南,2023-08-02,5929
00712,復華富時不動產,11,0,11,元富-台南,2023-08-02,5929
2748,雲品,11,0,11,元富-台南,2023-08-02,5929
8072,陞泰,11,0,11,元富-台南,2023-08-02,5929
3037,欣興,16,6,10,元富-台南,2023-08-02,5929
00753L,中信中國50正2,10,0,10,元富-台南,2023-08-02,5929
00722B,群益投資級電信債,10,0,10,元富-台南,2023-08-02,5929
1447,力鵬,10,0,10,元富-台南,2023-08-02,5929
1616,億泰,10,0,10,元富-台南,2023-08-02,5929
2338,光罩,10,0,10,元富-台南,2023-08-02,5929
2491,吉祥全,10,0,10,元富-台南,2023-08-02,5929
00722B,群益投資級電信債,114,0,114,元富-台南,2023-08-04,5929
1210,大成,90,0,90,元富-台南,2023-08-04,5929
2891,中信金,74,0,74,元富-台南,2023-08-04,5929
00929,復華台灣科技優息,95,27,68,元富-台南,2023-08-04,5929
00900,富邦特選高股息30,58,0,58,元富-台南,2023-08-04,5929
00679B,元大美債20年,56,2,54,元富-台南,2023-08-04,5929
1609,大亞,44,2,42,元富-台南,2023-08-04,5929
00878,國泰永續高股息,56,16,40,元富-台南,2023-08-04,5929
2344,華邦電,62,28,34,元富-台南,2023-08-04,5929
2886,兆豐金,33,0,33,元富-台南,2023-08-04,5929
5009,榮剛,30,0,30,元富-台南,2023-08-04,5929
2356,英業達,36,12,24,元富-台南,2023-08-04,5929
2388,威盛,23,0,23,元富-台南,2023-08-04,5929
00688L,國泰20年美債正2,20,0,20,元富-台南,2023-08-04,5929
2014,中鴻,30,10,20,元富-台南,2023-08-04,5929
2845,遠東銀,20,0,20,元富-台南,2023-08-04,5929
6861,睿生光電,20,0,20,元富-台南,2023-08-04,5929
00772B,中信高評級公司債,18,0,18,元富-台南,2023-08-04,5929
3231,緯創,66,48,18,元富-台南,2023-08-04,5929
00687B,國泰20年美債,22,5,17,元富-台南,2023-08-04,5929
3479,安勤,17,0,17,元富-台南,2023-08-04,5929
1605,華新,59,43,16,元富-台南,2023-08-04,5929
2618,長榮航,16,0,16,元富-台南,2023-08-04,5929
2312,金寶,66,51,15,元富-台南,2023-08-04,5929
2634,漢翔,15,0,15,元富-台南,2023-08-04,5929
3088,艾訊,14,0,14,元富-台南,2023-08-04,5929
2330,台積電,14,0,14,元富-台南,2023-08-04,5929
00751B,元大AAA至A公司債,13,0,13,元富-台南,2023-08-04,5929
6712,長聖,13,0,13,元富-台南,2023-08-04,5929
8215,明基材,16,3,13,元富-台南,2023-08-04,5929
00764B,群益25年美債,13,1,12,元富-台南,2023-08-04,5929
00712,復華富時不動產,13,1,12,元富-台南,2023-08-04,5929
00633L,富邦上証正2,10,0,10,元富-台南,2023-08-04,5929
00680L,元大美債20正2,10,0,10,元富-台南,2023-08-04,5929
00781B,國泰A級科技債,10,0,10,元富-台南,2023-08-04,5929
00773B,中信優先金融債,10,0,10,元富-台南,2023-08-04,5929
1717,長興,10,0,10,元富-台南,2023-08-04,5929
2303,聯電,12,2,10,元富-台南,2023-08-04,5929
6207,雷科,10,0,10,元富-台南,2023-08-04,5929
6285,啟��,17,7,10,元富-台南,2023-08-04,5929
8150,南茂,10,0,10,元富-台南,2023-08-04,5929
2382,廣達,86,76,10,元富-台南,2023-08-04,5929
4967,十銓,11,2,9,元富-台南,2023-08-04,5929
2913,農林,23,14,9,元富-台南,2023-08-04,5929
2352,佳世達,11,3,8,元富-台南,2023-08-04,5929
2888,新光金,109,101,8,元富-台南,2023-08-04,5929
5425,台半,8,0,8,元富-台南,2023-08-04,5929
3481,群創,12,5,7,元富-台南,2023-08-04,5929
00761B,國泰A級公司債,7,0,7,元富-台南,2023-08-04,5929
2002,中鋼,8,1,7,元富-台南,2023-08-04,5929
2352,佳世達,168,3,165,元富-台南,2023-08-07,5929
8050,廣積,102,13,89,元富-台南,2023-08-07,5929
00902,中信電池及儲能,83,0,83,元富-台南,2023-08-07,5929
5009,榮剛,233,152,81,元富-台南,2023-08-07,5929
00722B,群益投資級電信債,55,0,55,元富-台南,2023-08-07,5929
6139,亞翔,37,2,35,元富-台南,2023-08-07,5929
2618,長榮航,34,6,28,元富-台南,2023-08-07,5929
4105,東洋,28,0,28,元富-台南,2023-08-07,5929
1905,華紙,34,8,26,元富-台南,2023-08-07,5929
2409,友達,80,55,25,元富-台南,2023-08-07,5929
2356,英業達,41,16,25,元富-台南,2023-08-07,5929
00929,復華台灣科技優息,24,0,24,元富-台南,2023-08-07,5929
2913,農林,23,1,22,元富-台南,2023-08-07,5929
2380,虹光,20,0,20,元富-台南,2023-08-07,5929
3339,泰谷,20,0,20,元富-台南,2023-08-07,5929
2458,義隆,20,1,19,元富-台南,2023-08-07,5929
3088,艾訊,17,1,16,元富-台南,2023-08-07,5929
6156,松上,18,2,16,元富-台南,2023-08-07,5929
1504,東元,37,22,15,元富-台南,2023-08-07,5929
2609,陽明,18,4,14,元富-台南,2023-08-07,5929
2540,愛山林,12,0,12,元富-台南,2023-08-07,5929
2883,凱基金,12,0,12,元富-台南,2023-08-07,5929
00878,國泰永續高股息,24,13,11,元富-台南,2023-08-07,5929
1513,中興電,15,4,11,元富-台南,2023-08-07,5929
3058,立德,11,0,11,元富-台南,2023-08-07,5929
2330,台積電,11,0,11,元富-台南,2023-08-07,5929
1618,合機,10,0,10,元富-台南,2023-08-07,5929
2009,第一銅,10,0,10,元富-台南,2023-08-07,5929
2028,威致,10,0,10,元富-台南,2023-08-07,5929
2369,菱生,10,0,10,元富-台南,2023-08-07,5929
2603,長榮,10,0,10,元富-台南,2023-08-07,5929
3583,辛耘,12,3,9,元富-台南,2023-08-07,5929
1304,台聚,9,0,9,元富-台南,2023-08-07,5929
2301,光寶科,27,18,9,元富-台南,2023-08-07,5929
00720B,元大投資級公司債,8,0,8,元富-台南,2023-08-07,5929
3706,神達,24,16,8,元富-台南,2023-08-07,5929
2328,廣宇,8,1,7,元富-台南,2023-08-07,5929
2303,聯電,7,0,7,元富-台南,2023-08-07,5929
2890,永豐金,7,0,7,元富-台南,2023-08-07,5929
3027,盛達,14,7,7,元富-台南,2023-08-07,5929
6712,長聖,7,0,7,元富-台南,2023-08-07,5929
1711,永光,6,0,6,元富-台南,2023-08-07,5929
4113,聯上,6,0,6,元富-台南,2023-08-07,5929
4906,正文,6,0,6,元富-台南,2023-08-07,5929
00919,群益台灣精選高息,5,0,5,元富-台南,2023-08-07,5929
2353,宏��,5,0,5,元富-台南,2023-08-07,5929
2617,台航,5,0,5,元富-台南,2023-08-07,5929
3479,安勤,5,0,5,元富-台南,2023-08-07,5929
3581,博磊,10,5,5,元富-台南,2023-08-07,5929
3715,定穎投控,7,2,5,元富-台南,2023-08-07,5929
2888,新光金,57,13,44,元富-台南,2023-08-08,5929
6282,康舒,54,11,43,元富-台南,2023-08-08,5929
00929,復華台灣科技優息,45,5,40,元富-台南,2023-08-08,5929
2356,英業達,52,15,37,元富-台南,2023-08-08,5929
00722B,群益投資級電信債,30,0,30,元富-台南,2023-08-08,5929
6203,海韻電,22,0,22,元富-台南,2023-08-08,5929
00885,富邦越南,25,3,22,元富-台南,2023-08-08,5929
2344,華邦電,32,10,22,元富-台南,2023-08-08,5929
2701,萬企,21,0,21,元富-台南,2023-08-08,5929
4114,健喬,21,0,21,元富-台南,2023-08-08,5929
8478,東哥遊艇,21,0,21,元富-台南,2023-08-08,5929
00900,富邦特選高股息30,20,0,20,元富-台南,2023-08-08,5929
2010,春源,20,0,20,元富-台南,2023-08-08,5929
2834,臺企銀,20,1,19,元富-台南,2023-08-08,5929
9925,新保,19,0,19,元富-台南,2023-08-08,5929
1789,神隆,20,1,19,元富-台南,2023-08-08,5929
2014,中鴻,18,0,18,元富-台南,2023-08-08,5929
2883,凱基金,17,1,16,元富-台南,2023-08-08,5929
2002,中鋼,16,1,15,元富-台南,2023-08-08,5929
2897,王道銀行,15,0,15,元富-台南,2023-08-08,5929
4532,瑞智,15,0,15,元富-台南,2023-08-08,5929
9945,潤泰新,14,0,14,元富-台南,2023-08-08,5929
00923,群益台ESG低碳50,12,0,12,元富-台南,2023-08-08,5929
2890,永豐金,13,1,12,元富-台南,2023-08-08,5929
3163,波若威,22,10,12,元富-台南,2023-08-08,5929
3265,台星科,12,0,12,元富-台南,2023-08-08,5929
2017,官田鋼,11,0,11,元富-台南,2023-08-08,5929
00679B,元大美債20年,11,1,10,元富-台南,2023-08-08,5929
00931B,統一美債20年,10,0,10,元富-台南,2023-08-08,5929
1528,恩德,10,0,10,元富-台南,2023-08-08,5929
2462,良得電,10,0,10,元富-台南,2023-08-08,5929
2845,遠東銀,10,0,10,元富-台南,2023-08-08,5929
4116,明基醫,10,0,10,元富-台南,2023-08-08,5929
5512,力麒,10,0,10,元富-台南,2023-08-08,5929
6196,帆宣,10,0,10,元富-台南,2023-08-08,5929
2303,聯電,11,2,9,元富-台南,2023-08-08,5929
6188,廣明,18,9,9,元富-台南,2023-08-08,5929
2337,旺宏,10,1,9,元富-台南,2023-08-08,5929
6712,長聖,9,0,9,元富-台南,2023-08-08,5929
0056,元大高股息,8,0,8,元富-台南,2023-08-08,5929
1608,華榮,8,0,8,元富-台南,2023-08-08,5929
2388,威盛,8,0,8,元富-台南,2023-08-08,5929
2382,廣達,48,41,7,元富-台南,2023-08-08,5929
3088,艾訊,7,0,7,元富-台南,2023-08-08,5929
6245,立端,7,0,7,元富-台南,2023-08-08,5929
2368,金像電,7,1,6,元富-台南,2023-08-08,5929
2540,愛山林,6,0,6,元富-台南,2023-08-08,5929
6207,雷科,8,2,6,元富-台南,2023-08-08,5929
8050,廣積,7,1,6,元富-台南,2023-08-08,5929
2409,友達,11,6,5,元富-台南,2023-08-08,5929
2891,中信金,112,2,110,元富-台南,2023-08-09,5929
2353,宏��,104,5,99,元富-台南,2023-08-09,5929
1316,上曜,50,0,50,元富-台南,2023-08-09,5929
5009,榮剛,50,0,50,元富-台南,2023-08-09,5929
00931B,統一美債20年,47,1,46,元富-台南,2023-08-09,5929
2329,華泰,42,8,34,元富-台南,2023-08-09,5929
3356,奇偶,42,10,32,元富-台南,2023-08-09,5929
2323,中環,30,0,30,元富-台南,2023-08-09,5929
6182,合晶,27,0,27,元富-台南,2023-08-09,5929
3540,曜越,25,0,25,元富-台南,2023-08-09,5929
00900,富邦特選高股息30,24,0,24,元富-台南,2023-08-09,5929
3231,緯創,139,118,21,元富-台南,2023-08-09,5929
1210,大成,18,0,18,元富-台南,2023-08-09,5929
1605,華新,69,51,18,元富-台南,2023-08-09,5929
1513,中興電,22,4,18,元富-台南,2023-08-09,5929
2027,大成鋼,16,0,16,元富-台南,2023-08-09,5929
3712,永崴投控,15,0,15,元富-台南,2023-08-09,5929
00929,復華台灣科技優息,13,0,13,元富-台南,2023-08-09,5929
2017,官田鋼,12,0,12,元富-台南,2023-08-09,5929
2356,英業達,22,10,12,元富-台南,2023-08-09,5929
00878,國泰永續高股息,12,0,12,元富-台南,2023-08-09,5929
2609,陽明,13,3,10,元富-台南,2023-08-09,5929
00715L,期街口布蘭特正2,10,0,10,元富-台南,2023-08-09,5929
00751B,元大AAA至A公司債,11,1,10,元富-台南,2023-08-09,5929
2801,彰銀,10,0,10,元富-台南,2023-08-09,5929
4906,正文,12,2,10,元富-台南,2023-08-09,5929
6120,達運,10,0,10,元富-台南,2023-08-09,5929
2603,長榮,10,0,10,元富-台南,2023-08-09,5929
00753L,中信中國50正2,9,0,9,元富-台南,2023-08-09,5929
1609,大亞,26,17,9,元富-台南,2023-08-09,5929
3042,晶技,9,0,9,元富-台南,2023-08-09,5929
3264,欣銓,11,2,9,元富-台南,2023-08-09,5929
2344,華邦電,10,2,8,元富-台南,2023-08-09,5929
5222,全訊,8,0,8,元富-台南,2023-08-09,5929
2516,新建,10,2,8,元富-台南,2023-08-09,5929
3260,威剛,12,4,8,元富-台南,2023-08-09,5929
00923,群益台ESG低碳50,7,0,7,元富-台南,2023-08-09,5929
00919,群益台灣精選高息,7,0,7,元富-台南,2023-08-09,5929
2401,凌陽,7,0,7,元富-台南,2023-08-09,5929
6156,松上,11,4,7,元富-台南,2023-08-09,5929
2382,廣達,17,11,6,元富-台南,2023-08-09,5929
2308,台達電,6,0,6,元富-台南,2023-08-09,5929
1471,首利,6,0,6,元富-台南,2023-08-09,5929
1514,亞力,11,5,6,元富-台南,2023-08-09,5929
2009,第一銅,6,0,6,元富-台南,2023-08-09,5929
2206,三陽工業,14,8,6,元富-台南,2023-08-09,5929
3088,艾訊,7,1,6,元富-台南,2023-08-09,5929
4951,精拓科,6,0,6,元富-台南,2023-08-09,5929
6185,幃翔,6,0,6,元富-台南,2023-08-09,5929
6470,宇智,5,0,5,元富-台南,2023-08-09,5929
2888,新光金,581,350,231,元富-台南,2023-08-10,5929
2884,玉山金,109,0,109,元富-台南,2023-08-10,5929
00929,復華台灣科技優息,100,1,99,元富-台南,2023-08-10,5929
2891,中信金,81,1,80,元富-台南,2023-08-10,5929
1319,東陽,75,0,75,元富-台南,2023-08-10,5929
2886,兆豐金,61,1,60,元富-台南,2023-08-10,5929
0056,元大高股息,42,0,42,元富-台南,2023-08-10,5929
2363,矽統,81,40,41,元富-台南,2023-08-10,5929
2610,華航,46,10,36,元富-台南,2023-08-10,5929
00772B,中信高評級公司債,30,0,30,元富-台南,2023-08-10,5929
00900,富邦特選高股息30,23,0,23,元富-台南,2023-08-10,5929
1210,大成,20,0,20,元富-台南,2023-08-10,5929
1611,中電,20,0,20,元富-台南,2023-08-10,5929
2409,友達,69,50,19,元富-台南,2023-08-10,5929
3025,星通,16,0,16,元富-台南,2023-08-10,5929
8072,陞泰,16,0,16,元富-台南,2023-08-10,5929
00923,群益台ESG低碳50,16,0,16,元富-台南,2023-08-10,5929
2382,廣達,141,126,15,元富-台南,2023-08-10,5929
2352,佳世達,16,1,15,元富-台南,2023-08-10,5929
8050,廣積,13,1,12,元富-台南,2023-08-10,5929
8938,明安,12,0,12,元富-台南,2023-08-10,5929
2344,華邦電,11,0,11,元富-台南,2023-08-10,5929
00878,國泰永續高股息,12,1,11,元富-台南,2023-08-10,5929
1605,華新,25,14,11,元富-台南,2023-08-10,5929
00715L,期街口布蘭特正2,10,0,10,元富-台南,2023-08-10,5929
2380,虹光,10,0,10,元富-台南,2023-08-10,5929
2491,吉祥全,10,0,10,元富-台南,2023-08-10,5929
3041,揚智,10,0,10,元富-台南,2023-08-10,5929
6861,睿生光電,10,0,10,元富-台南,2023-08-10,5929
2002,中鋼,11,2,9,元富-台南,2023-08-10,5929
2303,聯電,20,11,9,元富-台南,2023-08-10,5929
8478,東哥遊艇,10,1,9,元富-台南,2023-08-10,5929
3581,博磊,12,3,9,元富-台南,2023-08-10,5929
6187,萬潤,11,2,9,元富-台南,2023-08-10,5929
4904,遠傳,12,4,8,元富-台南,2023-08-10,5929
6112,邁達特,8,0,8,元富-台南,2023-08-10,5929
00930,永豐ESG低碳高息,8,1,7,元富-台南,2023-08-10,5929
3078,僑威,13,6,7,元富-台南,2023-08-10,5929
4157,太景*-KY,7,0,7,元富-台南,2023-08-10,5929
00722B,群益投資級電信債,6,0,6,元富-台南,2023-08-10,5929
00761B,國泰A級公司債,6,0,6,元富-台南,2023-08-10,5929
8996,高力,7,2,5,元富-台南,2023-08-10,5929
1710,東聯,5,0,5,元富-台南,2023-08-10,5929
1785,光洋科,7,2,5,元富-台南,2023-08-10,5929
2313,華通,5,0,5,元富-台南,2023-08-10,5929
2515,中工,5,0,5,元富-台南,2023-08-10,5929
2603,長榮,5,0,5,元富-台南,2023-08-10,5929
2801,彰銀,5,0,5,元富-台南,2023-08-10,5929
3052,夆典,5,0,5,元富-台南,2023-08-10,5929
3346,麗清,5,0,5,元富-台南,2023-08-10,5929
2888,新光金,253,53,200,元富-台南,2023-08-11,5929
00929,復華台灣科技優息,117,2,115,元富-台南,2023-08-11,5929
3231,緯創,110,16,94,元富-台南,2023-08-11,5929
2867,三商壽,80,0,80,元富-台南,2023-08-11,5929
2892,第一金,55,7,48,元富-台南,2023-08-11,5929
00902,中信電池及儲能,30,0,30,元富-台南,2023-08-11,5929
2329,華泰,22,2,20,元富-台南,2023-08-11,5929
00900,富邦特選高股息30,20,0,20,元富-台南,2023-08-11,5929
2356,英業達,25,6,19,元富-台南,2023-08-11,5929
00715L,期街口布蘭特正2,39,20,19,元富-台南,2023-08-11,5929
2208,台船,16,0,16,元富-台南,2023-08-11,5929
2002,中鋼,16,2,14,元富-台南,2023-08-11,5929
2609,陽明,13,0,13,元富-台南,2023-08-11,5929
2801,彰銀,13,0,13,元富-台南,2023-08-11,5929
5328,華容,13,0,13,元富-台南,2023-08-11,5929
6125,廣運,14,2,12,元富-台南,2023-08-11,5929
8071,能率網通,12,0,12,元富-台南,2023-08-11,5929
2027,大成鋼,14,3,11,元富-台南,2023-08-11,5929
2387,精元,11,0,11,元富-台南,2023-08-11,5929
5425,台半,11,0,11,元富-台南,2023-08-11,5929
1316,上曜,10,0,10,元富-台南,2023-08-11,5929
2453,凌群,10,0,10,元富-台南,2023-08-11,5929
2540,愛山林,10,0,10,元富-台南,2023-08-11,5929
5009,榮剛,10,0,10,元富-台南,2023-08-11,5929
8222,寶一,10,0,10,元富-台南,2023-08-11,5929
00687B,國泰20年美債,9,0,9,元富-台南,2023-08-11,5929
00931B,統一美債20年,9,0,9,元富-台南,2023-08-11,5929
3264,欣銓,11,3,8,元富-台南,2023-08-11,5929
2317,鴻海,7,0,7,元富-台南,2023-08-11,5929
00722B,群益投資級電信債,7,0,7,元富-台南,2023-08-11,5929
2883,凱基金,7,0,7,元富-台南,2023-08-11,5929
2606,裕民,7,1,6,元富-台南,2023-08-11,5929
1609,大亞,20,14,6,元富-台南,2023-08-11,5929
2461,光群雷,6,0,6,元富-台南,2023-08-11,5929
2820,華票,6,0,6,元富-台南,2023-08-11,5929
3324,雙鴻,7,1,6,元富-台南,2023-08-11,5929
3325,旭品,7,1,6,元富-台南,2023-08-11,5929
4938,和碩,6,0,6,元富-台南,2023-08-11,5929
5371,中光電,6,0,6,元富-台南,2023-08-11,5929
6188,廣明,7,1,6,元富-台南,2023-08-11,5929
2303,聯電,7,1,6,元富-台南,2023-08-11,5929
3481,群創,19,14,5,元富-台南,2023-08-11,5929
1101,台泥,8,3,5,元富-台南,2023-08-11,5929
2474,可成,5,0,5,元富-台南,2023-08-11,5929
3037,欣興,5,0,5,元富-台南,2023-08-11,5929
6732,昇佳電子,5,0,5,元富-台南,2023-08-11,5929
2634,漢翔,6,1,5,元富-台南,2023-08-11,5929
3338,泰碩,5,0,5,元富-台南,2023-08-11,5929
3596,智易,5,0,5,元富-台南,2023-08-11,5929
6116,彩晶,5,0,5,元富-台南,2023-08-11,5929
2888,新光金,172,10,162,元富-台南,2023-08-14,5929
5009,榮剛,140,4,136,元富-台南,2023-08-14,5929
00902,中信電池及儲能,65,0,65,元富-台南,2023-08-14,5929
3231,緯創,68,9,59,元富-台南,2023-08-14,5929
2610,華航,60,10,50,元富-台南,2023-08-14,5929
00878,國泰永續高股息,44,3,41,元富-台南,2023-08-14,5929
00929,復華台灣科技優息,40,2,38,元富-台南,2023-08-14,5929
2330,台積電,38,0,38,元富-台南,2023-08-14,5929
0056,元大高股息,36,1,35,元富-台南,2023-08-14,5929
2883,凱基金,34,2,32,元富-台南,2023-08-14,5929
00900,富邦特選高股息30,32,0,32,元富-台南,2023-08-14,5929
1795,美時,31,0,31,元富-台南,2023-08-14,5929
2208,台船,25,0,25,元富-台南,2023-08-14,5929
3540,曜越,25,0,25,元富-台南,2023-08-14,5929
5512,力麒,25,0,25,元富-台南,2023-08-14,5929
3362,先進光,22,1,21,元富-台南,2023-08-14,5929
2324,仁寶,44,24,20,元富-台南,2023-08-14,5929
2897,王道銀行,17,0,17,元富-台南,2023-08-14,5929
2801,彰銀,16,0,16,元富-台南,2023-08-14,5929
1102,亞泥,15,0,15,元富-台南,2023-08-14,5929
2337,旺宏,15,0,15,元富-台南,2023-08-14,5929
2340,台亞,15,1,14,元富-台南,2023-08-14,5929
3078,僑威,24,10,14,元富-台南,2023-08-14,5929
2344,華邦電,13,0,13,元富-台南,2023-08-14,5929
00923,群益台ESG低碳50,13,0,13,元富-台南,2023-08-14,5929
2027,大成鋼,23,10,13,元富-台南,2023-08-14,5929
3346,麗清,12,0,12,元富-台南,2023-08-14,5929
8938,明安,10,0,10,元富-台南,2023-08-14,5929
2881,富邦金,10,0,10,元富-台南,2023-08-14,5929
1589,永冠-KY,10,0,10,元富-台南,2023-08-14,5929
2380,虹光,10,0,10,元富-台南,2023-08-14,5929
6861,睿生光電,10,0,10,元富-台南,2023-08-14,5929
3479,安勤,9,0,9,元富-台南,2023-08-14,5929
6125,廣運,12,3,9,元富-台南,2023-08-14,5929
8072,陞泰,9,0,9,元富-台南,2023-08-14,5929
00907,永豐優息存股,8,0,8,元富-台南,2023-08-14,5929
1806,冠軍,8,0,8,元富-台南,2023-08-14,5929
2323,中環,11,3,8,元富-台南,2023-08-14,5929
2368,金像電,14,6,8,元富-台南,2023-08-14,5929
2201,裕隆,7,0,7,元富-台南,2023-08-14,5929
2515,中工,7,0,7,元富-台南,2023-08-14,5929
3545,敦泰,7,0,7,元富-台南,2023-08-14,5929
006208,富邦台50,7,0,7,元富-台南,2023-08-14,5929
6282,康舒,21,15,6,元富-台南,2023-08-14,5929
2609,陽明,7,1,6,元富-台南,2023-08-14,5929
2892,第一金,11,5,6,元富-台南,2023-08-14,5929
3289,宜特,6,0,6,元富-台南,2023-08-14,5929
00882,中信中國高股息,6,0,6,元富-台南,2023-08-14,5929
2409,友達,6,0,6,元富-台南,2023-08-14,5929
2890,永豐金,6,0,6,元富-台南,2023-08-14,5929
2883,凱基金,54,2,52,元富-台南,2023-08-15,5929
2332,友訊,53,2,51,元富-台南,2023-08-15,5929
00900,富邦特選高股息30,46,2,44,元富-台南,2023-08-15,5929
00923,群益台ESG低碳50,53,16,37,元富-台南,2023-08-15,5929
9945,潤泰新,32,0,32,元富-台南,2023-08-15,5929
2892,第一金,24,0,24,元富-台南,2023-08-15,5929
1513,中興電,34,10,24,元富-台南,2023-08-15,5929
1504,東元,26,11,15,元富-台南,2023-08-15,5929
1515,力山,15,0,15,元富-台南,2023-08-15,5929
00929,復華台灣科技優息,16,2,14,元富-台南,2023-08-15,5929
00772B,中信高評級公司債,13,0,13,元富-台南,2023-08-15,5929
00679B,元大美債20年,13,0,13,元富-台南,2023-08-15,5929
2317,鴻海,14,2,12,元富-台南,2023-08-15,5929
3682,亞太電,12,0,12,元富-台南,2023-08-15,5929
1326,台化,11,0,11,元富-台南,2023-08-15,5929
00751B,元大AAA至A公司債,10,0,10,元富-台南,2023-08-15,5929
00720B,元大投資級公司債,10,0,10,元富-台南,2023-08-15,5929
00687B,國泰20年美債,10,0,10,元富-台南,2023-08-15,5929
2323,中環,11,1,10,元富-台南,2023-08-15,5929
2491,吉祥全,10,0,10,元富-台南,2023-08-15,5929
3038,全台,10,0,10,元富-台南,2023-08-15,5929
5907,大洋-KY,10,0,10,元富-台南,2023-08-15,5929
6142,友勁,10,0,10,元富-台南,2023-08-15,5929
00665L,富邦�琤肭磪囓�2,19,10,9,元富-台南,2023-08-15,5929
1217,愛之味,12,3,9,元富-台南,2023-08-15,5929
3213,茂訊,9,0,9,元富-台南,2023-08-15,5929
3289,宜特,9,0,9,元富-台南,2023-08-15,5929
00931B,統一美債20年,10,1,9,元富-台南,2023-08-15,5929
2880,華南金,8,0,8,元富-台南,2023-08-15,5929
2887,台新金,8,0,8,元富-台南,2023-08-15,5929
3231,緯創,48,40,8,元富-台南,2023-08-15,5929
2206,三陽工業,9,2,7,元富-台南,2023-08-15,5929
1216,統一,7,0,7,元富-台南,2023-08-15,5929
4714,永捷,7,0,7,元富-台南,2023-08-15,5929
6139,亞翔,8,1,7,元富-台南,2023-08-15,5929
6285,啟��,9,2,7,元富-台南,2023-08-15,5929
6770,力積電,7,0,7,元富-台南,2023-08-15,5929
00712,復華富時不動產,7,1,6,元富-台南,2023-08-15,5929
00882,中信中國高股息,6,0,6,元富-台南,2023-08-15,5929
1308,亞聚,6,0,6,元富-台南,2023-08-15,5929
2363,矽統,50,44,6,元富-台南,2023-08-15,5929
3014,聯陽,6,0,6,元富-台南,2023-08-15,5929
3088,艾訊,10,4,6,元富-台南,2023-08-15,5929
3622,洋華,9,3,6,元富-台南,2023-08-15,5929
5392,能率,6,0,6,元富-台南,2023-08-15,5929
6589,台康生技,6,0,6,元富-台南,2023-08-15,5929
1102,亞泥,5,0,5,元富-台南,2023-08-15,5929
2401,凌陽,5,0,5,元富-台南,2023-08-15,5929
2471,資通,5,0,5,元富-台南,2023-08-15,5929
2540,愛山林,10,5,5,元富-台南,2023-08-15,5929
2610,華航,317,140,177,元富-台南,2023-08-16,5929
2892,第一金,128,0,128,元富-台南,2023-08-16,5929
2332,友訊,122,18,104,元富-台南,2023-08-16,5929
00929,復華台灣科技優息,262,200,62,元富-台南,2023-08-16,5929
2356,英業達,60,8,52,元富-台南,2023-08-16,5929
2303,聯電,37,0,37,元富-台南,2023-08-16,5929
00900,富邦特選高股息30,28,0,28,元富-台南,2023-08-16,5929
2317,鴻海,29,2,27,元富-台南,2023-08-16,5929
2886,兆豐金,24,2,22,元富-台南,2023-08-16,5929
2358,廷鑫,21,0,21,元富-台南,2023-08-16,5929
00687B,國泰20年美債,21,1,20,元富-台南,2023-08-16,5929
2002,中鋼,22,2,20,元富-台南,2023-08-16,5929
2409,友達,20,0,20,元富-台南,2023-08-16,5929
9927,泰銘,20,0,20,元富-台南,2023-08-16,5929
00923,群益台ESG低碳50,19,0,19,元富-台南,2023-08-16,5929
2883,凱基金,24,6,18,元富-台南,2023-08-16,5929
2027,大成鋼,18,0,18,元富-台南,2023-08-16,5929
00878,國泰永續高股息,25,9,16,元富-台南,2023-08-16,5929
00751B,元大AAA至A公司債,15,0,15,元富-台南,2023-08-16,5929
2340,台亞,21,6,15,元富-台南,2023-08-16,5929
8926,台汽電,13,0,13,元富-台南,2023-08-16,5929
00712,復華富時不動產,14,2,12,元富-台南,2023-08-16,5929
9945,潤泰新,12,1,11,元富-台南,2023-08-16,5929
2618,長榮航,12,2,10,元富-台南,2023-08-16,5929
00706L,期元大S＆P日圓正2,10,0,10,元富-台南,2023-08-16,5929
1314,中石化,10,0,10,元富-台南,2023-08-16,5929
5880,合庫金,10,1,9,元富-台南,2023-08-16,5929
6139,亞翔,29,20,9,元富-台南,2023-08-16,5929
6188,廣明,12,3,9,元富-台南,2023-08-16,5929
5009,榮剛,11,3,8,元富-台南,2023-08-16,5929
2330,台積電,10,2,8,元富-台南,2023-08-16,5929
0050,元大台灣50,7,0,7,元富-台南,2023-08-16,5929
00722B,群益投資級電信債,7,0,7,元富-台南,2023-08-16,5929
00772B,中信高評級公司債,7,0,7,元富-台南,2023-08-16,5929
2301,光寶科,11,4,7,元富-台南,2023-08-16,5929
4105,東洋,7,0,7,元富-台南,2023-08-16,5929
00764B,群益25年美債,6,0,6,元富-台南,2023-08-16,5929
00924,復華S＆P500成長,6,0,6,元富-台南,2023-08-16,5929
3265,台星科,13,7,6,元富-台南,2023-08-16,5929
6573,虹揚-KY,6,0,6,元富-台南,2023-08-16,5929
8210,勤誠,6,0,6,元富-台南,2023-08-16,5929
00882,中信中國高股息,7,2,5,元富-台南,2023-08-16,5929
1734,杏輝,5,0,5,元富-台南,2023-08-16,5929
2887,台新金,10,5,5,元富-台南,2023-08-16,5929
8069,元太,6,1,5,元富-台南,2023-08-16,5929
3037,欣興,6,1,5,元富-台南,2023-08-16,5929
00683L,期元大美元指正2,5,0,5,元富-台南,2023-08-16,5929
1802,台玻,5,0,5,元富-台南,2023-08-16,5929
3047,訊舟,5,0,5,元富-台南,2023-08-16,5929
3211,順達,5,0,5,元富-台南,2023-08-16,5929
00931B,統一美債20年,832,0,832,元富-台南,2023-08-17,5929
2323,中環,300,1,299,元富-台南,2023-08-17,5929
00673R,期元大S＆P原油反1,100,5,95,元富-台南,2023-08-17,5929
2363,矽統,150,71,79,元富-台南,2023-08-17,5929
2618,長榮航,65,1,64,元富-台南,2023-08-17,5929
6188,廣明,75,18,57,元富-台南,2023-08-17,5929
2474,可成,57,1,56,元富-台南,2023-08-17,5929
00929,復華台灣科技優息,67,13,54,元富-台南,2023-08-17,5929
2324,仁寶,202,151,51,元富-台南,2023-08-17,5929
00923,群益台ESG低碳50,37,0,37,元富-台南,2023-08-17,5929
9945,潤泰新,36,0,36,元富-台南,2023-08-17,5929
2329,華泰,40,5,35,元富-台南,2023-08-17,5929
2880,華南金,34,0,34,元富-台南,2023-08-17,5929
3231,緯創,49,17,32,元富-台南,2023-08-17,5929
2023,燁輝,31,0,31,元富-台南,2023-08-17,5929
1326,台化,30,1,29,元富-台南,2023-08-17,5929
00687B,國泰20年美債,25,0,25,元富-台南,2023-08-17,5929
00764B,群益25年美債,25,0,25,元富-台南,2023-08-17,5929
2891,中信金,22,1,21,元富-台南,2023-08-17,5929
3682,亞太電,21,0,21,元富-台南,2023-08-17,5929
2892,第一金,20,0,20,元富-台南,2023-08-17,5929
2002,中鋼,23,4,19,元富-台南,2023-08-17,5929
1303,南亞,17,0,17,元富-台南,2023-08-17,5929
1528,恩德,16,0,16,元富-台南,2023-08-17,5929
6116,彩晶,16,0,16,元富-台南,2023-08-17,5929
2885,元大金,26,11,15,元富-台南,2023-08-17,5929
00893,國泰智能電動車,15,0,15,元富-台南,2023-08-17,5929
1815,富喬,15,0,15,元富-台南,2023-08-17,5929
5474,聰泰,12,0,12,元富-台南,2023-08-17,5929
00878,國泰永續高股息,14,2,12,元富-台南,2023-08-17,5929
5289,宜鼎,11,0,11,元富-台南,2023-08-17,5929
00772B,中信高評級公司債,10,0,10,元富-台南,2023-08-17,5929
6531,愛普*,15,5,10,元富-台南,2023-08-17,5929
00753L,中信中國50正2,10,0,10,元富-台南,2023-08-17,5929
2204,中華,10,0,10,元富-台南,2023-08-17,5929
3056,富華新,11,1,10,元富-台南,2023-08-17,5929
3221,台嘉碩,10,0,10,元富-台南,2023-08-17,5929
3260,威剛,11,1,10,元富-台南,2023-08-17,5929
2388,威盛,14,4,10,元富-台南,2023-08-17,5929
2312,金寶,15,5,10,元富-台南,2023-08-17,5929
00720B,元大投資級公司債,10,0,10,元富-台南,2023-08-17,5929
2421,建準,16,7,9,元富-台南,2023-08-17,5929
00712,復華富時不動產,8,0,8,元富-台南,2023-08-17,5929
1301,台塑,7,0,7,元富-台南,2023-08-17,5929
2330,台積電,9,3,6,元富-台南,2023-08-17,5929
6275,元山,6,0,6,元富-台南,2023-08-17,5929
2887,台新金,5,0,5,元富-台南,2023-08-17,5929
2027,大成鋼,5,0,5,元富-台南,2023-08-17,5929
2882,國泰金,5,0,5,元富-台南,2023-08-17,5929
00665L,富邦�琤肭磪囓�2,5,0,5,元富-台南,2023-08-17,5929
00929,復華台灣科技優息,76,0,76,元富-台南,2023-08-18,5929
2474,可成,60,0,60,元富-台南,2023-08-18,5929
2331,精英,54,0,54,元富-台南,2023-08-18,5929
3231,緯創,107,58,49,元富-台南,2023-08-18,5929
3715,定穎投控,279,235,44,元富-台南,2023-08-18,5929
2303,聯電,40,6,34,元富-台南,2023-08-18,5929
2382,廣達,60,29,31,元富-台南,2023-08-18,5929
00878,國泰永續高股息,29,0,29,元富-台南,2023-08-18,5929
3706,神達,36,8,28,元富-台南,2023-08-18,5929
2332,友訊,32,6,26,元富-台南,2023-08-18,5929
1504,東元,62,38,24,元富-台南,2023-08-18,5929
00882,中信中國高股息,26,3,23,元富-台南,2023-08-18,5929
2897,王道銀行,23,0,23,元富-台南,2023-08-18,5929
00885,富邦越南,23,0,23,元富-台南,2023-08-18,5929
2883,凱基金,20,0,20,元富-台南,2023-08-18,5929
2892,第一金,21,4,17,元富-台南,2023-08-18,5929
2363,矽統,115,98,17,元富-台南,2023-08-18,5929
3704,合勤控,16,0,16,元富-台南,2023-08-18,5929
3035,智原,21,5,16,元富-台南,2023-08-18,5929
6245,立端,15,0,15,元富-台南,2023-08-18,5929
2615,萬海,14,0,14,元富-台南,2023-08-18,5929
2330,台積電,12,0,12,元富-台南,2023-08-18,5929
2313,華通,12,1,11,元富-台南,2023-08-18,5929
6531,愛普*,10,0,10,元富-台南,2023-08-18,5929
8478,東哥遊艇,10,0,10,元富-台南,2023-08-18,5929
2402,毅嘉,27,17,10,元富-台南,2023-08-18,5929
3211,順達,10,0,10,元富-台南,2023-08-18,5929
3455,由田,10,0,10,元富-台南,2023-08-18,5929
6461,益得,10,0,10,元富-台南,2023-08-18,5929
00720B,元大投資級公司債,9,0,9,元富-台南,2023-08-18,5929
00923,群益台ESG低碳50,9,0,9,元富-台南,2023-08-18,5929
3163,波若威,14,5,9,元富-台南,2023-08-18,5929
2421,建準,15,7,8,元富-台南,2023-08-18,5929
3362,先進光,25,17,8,元富-台南,2023-08-18,5929
2308,台達電,10,2,8,元富-台南,2023-08-18,5929
3206,志豐,7,0,7,元富-台南,2023-08-18,5929
5512,力麒,7,0,7,元富-台南,2023-08-18,5929
6187,萬潤,7,0,7,元富-台南,2023-08-18,5929
00881,國泰台灣5G+,6,0,6,元富-台南,2023-08-18,5929
2324,仁寶,21,15,6,元富-台南,2023-08-18,5929
2515,中工,6,0,6,元富-台南,2023-08-18,5929
2606,裕民,16,10,6,元富-台南,2023-08-18,5929
5864,致和證,6,0,6,元富-台南,2023-08-18,5929
00712,復華富時不動產,6,0,6,元富-台南,2023-08-18,5929
00930,永豐ESG低碳高息,5,0,5,元富-台南,2023-08-18,5929
1326,台化,5,0,5,元富-台南,2023-08-18,5929
1734,杏輝,5,0,5,元富-台南,2023-08-18,5929
2027,大成鋼,6,1,5,元富-台南,2023-08-18,5929
2399,映泰,5,0,5,元富-台南,2023-08-18,5929
2801,彰銀,5,0,5,元富-台南,2023-08-18,5929
2610,華航,126,10,116,元富-台南,2023-08-21,5929
2025,千興,45,0,45,元富-台南,2023-08-21,5929
2474,可成,35,0,35,元富-台南,2023-08-21,5929
3682,亞太電,32,0,32,元富-台南,2023-08-21,5929
4121,優盛,31,0,31,元富-台南,2023-08-21,5929
00882,中信中國高股息,31,0,31,元富-台南,2023-08-21,5929
1467,南緯,25,0,25,元富-台南,2023-08-21,5929
00902,中信電池及儲能,20,0,20,元富-台南,2023-08-21,5929
2402,毅嘉,18,0,18,元富-台南,2023-08-21,5929
00764B,群益25年美債,16,0,16,元富-台南,2023-08-21,5929
8064,東捷,15,0,15,元富-台南,2023-08-21,5929
2886,兆豐金,14,0,14,元富-台南,2023-08-21,5929
2329,華泰,22,10,12,元富-台南,2023-08-21,5929
00772B,中信高評級公司債,12,0,12,元富-台南,2023-08-21,5929
00751B,元大AAA至A公司債,11,0,11,元富-台南,2023-08-21,5929
3037,欣興,11,0,11,元富-台南,2023-08-21,5929
00885,富邦越南,10,0,10,元富-台南,2023-08-21,5929
2344,華邦電,20,10,10,元富-台南,2023-08-21,5929
1513,中興電,25,16,9,元富-台南,2023-08-21,5929
6477,安集,8,0,8,元富-台南,2023-08-21,5929
00919,群益台灣精選高息,7,0,7,元富-台南,2023-08-21,5929
1504,東元,28,21,7,元富-台南,2023-08-21,5929
3206,志豐,8,1,7,元富-台南,2023-08-21,5929
6117,迎廣,10,3,7,元富-台南,2023-08-21,5929
00679B,元大美債20年,8,1,7,元富-台南,2023-08-21,5929
1609,大亞,7,0,7,元富-台南,2023-08-21,5929
1301,台塑,6,0,6,元富-台南,2023-08-21,5929
2303,聯電,8,2,6,元富-台南,2023-08-21,5929
1303,南亞,6,0,6,元富-台南,2023-08-21,5929
00687B,國泰20年美債,6,0,6,元富-台南,2023-08-21,5929
3043,科風,6,0,6,元富-台南,2023-08-21,5929
2388,威盛,6,0,6,元富-台南,2023-08-21,5929
00878,國泰永續高股息,6,0,6,元富-台南,2023-08-21,5929
2887,台新金,6,1,5,元富-台南,2023-08-21,5929
1316,上曜,5,0,5,元富-台南,2023-08-21,5929
1529,樂事綠能,5,0,5,元富-台南,2023-08-21,5929
2745,五福,5,0,5,元富-台南,2023-08-21,5929
3499,環天科,5,0,5,元富-台南,2023-08-21,5929
3706,神達,7,2,5,元富-台南,2023-08-21,5929
5347,世界,5,0,5,元富-台南,2023-08-21,5929
1101,台泥,10,6,4,元富-台南,2023-08-21,5929
00923,群益台ESG低碳50,4,0,4,元富-台南,2023-08-21,5929
3483,力致,9,5,4,元富-台南,2023-08-21,5929
4207,環泰,4,0,4,元富-台南,2023-08-21,5929
4906,正文,4,0,4,元富-台南,2023-08-21,5929
6139,亞翔,42,38,4,元富-台南,2023-08-21,5929
6274,台燿,4,0,4,元富-台南,2023-08-21,5929
9105,泰金寶-DR,4,0,4,元富-台南,2023-08-21,5929
9907,統一實,6,2,4,元富-台南,2023-08-21,5929
00692,富邦公司治理,4,0,4,元富-台南,2023-08-21,5929
2474,可成,120,0,120,元富-台南,2023-08-22,5929
2363,矽統,309,199,110,元富-台南,2023-08-22,5929
2324,仁寶,128,19,109,元富-台南,2023-08-22,5929
3362,先進光,42,12,30,元富-台南,2023-08-22,5929
5011,久陽,30,0,30,元富-台南,2023-08-22,5929
4121,優盛,27,0,27,元富-台南,2023-08-22,5929
2031,新光鋼,25,0,25,元富-台南,2023-08-22,5929
1609,大亞,22,1,21,元富-台南,2023-08-22,5929
2892,第一金,20,0,20,元富-台南,2023-08-22,5929
2382,廣達,123,103,20,元富-台南,2023-08-22,5929
00929,復華台灣科技優息,19,0,19,元富-台南,2023-08-22,5929
2344,華邦電,19,0,19,元富-台南,2023-08-22,5929
4114,健喬,20,2,18,元富-台南,2023-08-22,5929
2409,友達,17,0,17,元富-台南,2023-08-22,5929
2367,燿華,15,0,15,元富-台南,2023-08-22,5929
3596,智易,17,2,15,元富-台南,2023-08-22,5929
6188,廣明,26,11,15,元富-台南,2023-08-22,5929
00764B,群益25年美債,12,0,12,元富-台南,2023-08-22,5929
6125,廣運,15,4,11,元富-台南,2023-08-22,5929
2883,凱基金,10,0,10,元富-台南,2023-08-22,5929
00862B,中信投資級公司債,10,0,10,元富-台南,2023-08-22,5929
00665L,富邦�琤肭磪囓�2,10,0,10,元富-台南,2023-08-22,5929
2002,中鋼,10,0,10,元富-台南,2023-08-22,5929
2745,五福,10,0,10,元富-台南,2023-08-22,5929
3289,宜特,10,0,10,元富-台南,2023-08-22,5929
9105,泰金寶-DR,10,0,10,元富-台南,2023-08-22,5929
00687B,國泰20年美債,9,0,9,元富-台南,2023-08-22,5929
2401,凌陽,11,2,9,元富-台南,2023-08-22,5929
2457,飛宏,11,2,9,元富-台南,2023-08-22,5929
3712,永崴投控,9,0,9,元富-台南,2023-08-22,5929
2329,華泰,13,5,8,元富-台南,2023-08-22,5929
2606,裕民,13,5,8,元富-台南,2023-08-22,5929
1326,台化,8,0,8,元富-台南,2023-08-22,5929
2106,建大,8,0,8,元富-台南,2023-08-22,5929
3325,旭品,9,1,8,元富-台南,2023-08-22,5929
5340,建榮,11,3,8,元富-台南,2023-08-22,5929
8064,東捷,8,0,8,元富-台南,2023-08-22,5929
00720B,元大投資級公司債,7,0,7,元富-台南,2023-08-22,5929
00751B,元大AAA至A公司債,7,0,7,元富-台南,2023-08-22,5929
3088,艾訊,9,2,7,元富-台南,2023-08-22,5929
3211,順達,6,0,6,元富-台南,2023-08-22,5929
3689,湧德,8,2,6,元富-台南,2023-08-22,5929
00924,復華S＆P500成長,6,0,6,元富-台南,2023-08-22,5929
2402,毅嘉,6,1,5,元富-台南,2023-08-22,5929
2303,聯電,5,0,5,元富-台南,2023-08-22,5929
1471,首利,5,0,5,元富-台南,2023-08-22,5929
2408,南亞科,5,0,5,元富-台南,2023-08-22,5929
2880,華南金,5,0,5,元富-台南,2023-08-22,5929
2897,王道銀行,5,0,5,元富-台南,2023-08-22,5929
3306,鼎天,10,5,5,元富-台南,2023-08-22,5929
2367,燿華,102,8,94,元富-台南,2023-08-23,5929
2474,可成,79,0,79,元富-台南,2023-08-23,5929
2634,漢翔,114,40,74,元富-台南,2023-08-23,5929
5011,久陽,42,0,42,元富-台南,2023-08-23,5929
3013,晟銘電,55,18,37,元富-台南,2023-08-23,5929
4121,優盛,32,0,32,元富-台南,2023-08-23,5929
3682,亞太電,31,0,31,元富-台南,2023-08-23,5929
3264,欣銓,29,1,28,元富-台南,2023-08-23,5929
2618,長榮航,80,55,25,元富-台南,2023-08-23,5929
2329,華泰,24,4,20,元富-台南,2023-08-23,5929
2892,第一金,20,0,20,元富-台南,2023-08-23,5929
2485,兆赫,32,15,17,元富-台南,2023-08-23,5929
00929,復華台灣科技優息,19,2,17,元富-台南,2023-08-23,5929
6830,汎銓,15,0,15,元富-台南,2023-08-23,5929
2883,凱基金,14,0,14,元富-台南,2023-08-23,5929
2610,華航,13,0,13,元富-台南,2023-08-23,5929
6275,元山,20,9,11,元富-台南,2023-08-23,5929
8478,東哥遊艇,10,0,10,元富-台南,2023-08-23,5929
2383,台光電,10,0,10,元富-台南,2023-08-23,5929
3276,宇環,10,0,10,元富-台南,2023-08-23,5929
6560,欣普羅,10,0,10,元富-台南,2023-08-23,5929
2303,聯電,9,0,9,元富-台南,2023-08-23,5929
2449,京元電子,22,14,8,元富-台南,2023-08-23,5929
00687B,國泰20年美債,8,0,8,元富-台南,2023-08-23,5929
3289,宜特,8,0,8,元富-台南,2023-08-23,5929
3680,家登,11,3,8,元富-台南,2023-08-23,5929
2882,國泰金,7,0,7,元富-台南,2023-08-23,5929
3051,力特,7,0,7,元富-台南,2023-08-23,5929
4919,新唐,7,0,7,元富-台南,2023-08-23,5929
2330,台積電,10,3,7,元富-台南,2023-08-23,5929
00878,國泰永續高股息,8,1,7,元富-台南,2023-08-23,5929
1304,台聚,6,0,6,元富-台南,2023-08-23,5929
3163,波若威,10,4,6,元富-台南,2023-08-23,5929
2002,中鋼,7,2,5,元富-台南,2023-08-23,5929
00882,中信中國高股息,5,0,5,元富-台南,2023-08-23,5929
1467,南緯,5,0,5,元富-台南,2023-08-23,5929
3078,僑威,7,2,5,元富-台南,2023-08-23,5929
3312,弘憶股,5,0,5,元富-台南,2023-08-23,5929
5426,振發,5,0,5,元富-台南,2023-08-23,5929
3483,力致,4,0,4,元富-台南,2023-08-23,5929
2228,劍麟,4,0,4,元富-台南,2023-08-23,5929
2332,友訊,13,9,4,元富-台南,2023-08-23,5929
2344,華邦電,11,7,4,元富-台南,2023-08-23,5929
3037,欣興,4,0,4,元富-台南,2023-08-23,5929
3088,艾訊,15,11,4,元富-台南,2023-08-23,5929
3265,台星科,7,3,4,元富-台南,2023-08-23,5929
3715,定穎投控,13,9,4,元富-台南,2023-08-23,5929
4147,中裕,4,0,4,元富-台南,2023-08-23,5929
4706,大恭,4,0,4,元富-台南,2023-08-23,5929
4967,十銓,4,0,4,元富-台南,2023-08-23,5929
2363,矽統,462,209,253,元富-台南,2023-08-24,5929
00687B,國泰20年美債,200,28,172,元富-台南,2023-08-24,5929
3483,力致,98,4,94,元富-台南,2023-08-24,5929
2474,可成,60,0,60,元富-台南,2023-08-24,5929
4121,優盛,60,0,60,元富-台南,2023-08-24,5929
2883,凱基金,57,0,57,元富-台南,2023-08-24,5929
5009,榮剛,44,3,41,元富-台南,2023-08-24,5929
5011,久陽,40,0,40,元富-台南,2023-08-24,5929
1513,中興電,63,24,39,元富-台南,2023-08-24,5929
1608,華榮,30,0,30,元富-台南,2023-08-24,5929
4533,協易機,30,2,28,元富-台南,2023-08-24,5929
3682,亞太電,42,21,21,元富-台南,2023-08-24,5929
911868,同方友友-DR,20,0,20,元富-台南,2023-08-24,5929
2419,仲琦,18,5,13,元富-台南,2023-08-24,5929
8938,明安,13,0,13,元富-台南,2023-08-24,5929
6191,精成科,13,1,12,元富-台南,2023-08-24,5929
2892,第一金,12,1,11,元富-台南,2023-08-24,5929
00919,群益台灣精選高息,11,0,11,元富-台南,2023-08-24,5929
1815,富喬,10,0,10,元富-台南,2023-08-24,5929
2610,華航,51,41,10,元富-台南,2023-08-24,5929
2887,台新金,10,0,10,元富-台南,2023-08-24,5929
2913,農林,10,0,10,元富-台南,2023-08-24,5929
5348,正能量智能,10,0,10,元富-台南,2023-08-24,5929
2314,台揚,11,2,9,元富-台南,2023-08-24,5929
2317,鴻海,17,8,9,元富-台南,2023-08-24,5929
2387,精元,9,0,9,元富-台南,2023-08-24,5929
2884,玉山金,8,0,8,元富-台南,2023-08-24,5929
2891,中信金,10,2,8,元富-台南,2023-08-24,5929
2356,英業達,17,9,8,元富-台南,2023-08-24,5929
3058,立德,8,0,8,元富-台南,2023-08-24,5929
2449,京元電子,11,4,7,元富-台南,2023-08-24,5929
3206,志豐,7,0,7,元富-台南,2023-08-24,5929
2312,金寶,8,1,7,元富-台南,2023-08-24,5929
2405,輔信,7,0,7,元富-台南,2023-08-24,5929
3163,波若威,10,3,7,元富-台南,2023-08-24,5929
1304,台聚,6,0,6,元富-台南,2023-08-24,5929
2605,新興,6,0,6,元富-台南,2023-08-24,5929
4960,誠美材,8,2,6,元富-台南,2023-08-24,5929
8028,昇陽半導體,6,0,6,元富-台南,2023-08-24,5929
00712,復華富時不動產,6,0,6,元富-台南,2023-08-24,5929
3596,智易,7,2,5,元富-台南,2023-08-24,5929
3558,神準,6,1,5,元富-台南,2023-08-24,5929
1303,南亞,6,1,5,元富-台南,2023-08-24,5929
1560,中砂,5,0,5,元富-台南,2023-08-24,5929
1609,大亞,17,12,5,元富-台南,2023-08-24,5929
1806,冠軍,5,0,5,元富-台南,2023-08-24,5929
2897,王道銀行,5,0,5,元富-台南,2023-08-24,5929
3035,智原,11,6,5,元富-台南,2023-08-24,5929
3051,力特,5,0,5,元富-台南,2023-08-24,5929
4543,萬在,27,22,5,元富-台南,2023-08-24,5929
2474,可成,92,0,92,元富-台南,2023-08-25,5929
3231,緯創,67,14,53,元富-台南,2023-08-25,5929
2892,第一金,50,0,50,元富-台南,2023-08-25,5929
2405,輔信,50,0,50,元富-台南,2023-08-25,5929
5009,榮剛,40,0,40,元富-台南,2023-08-25,5929
2634,漢翔,54,16,38,元富-台南,2023-08-25,5929
00878,國泰永續高股息,34,0,34,元富-台南,2023-08-25,5929
2485,兆赫,48,14,34,元富-台南,2023-08-25,5929
00919,群益台灣精選高息,33,0,33,元富-台南,2023-08-25,5929
2382,廣達,37,5,32,元富-台南,2023-08-25,5929
3540,曜越,25,0,25,元富-台南,2023-08-25,5929
5284,jpp-KY,26,1,25,元富-台南,2023-08-25,5929
2618,長榮航,23,5,18,元富-台南,2023-08-25,5929
2353,宏��,21,3,18,元富-台南,2023-08-25,5929
0056,元大高股息,56,40,16,元富-台南,2023-08-25,5929
2884,玉山金,13,0,13,元富-台南,2023-08-25,5929
5347,世界,13,0,13,元富-台南,2023-08-25,5929
00893,國泰智能電動車,11,0,11,元富-台南,2023-08-25,5929
2356,英業達,14,3,11,元富-台南,2023-08-25,5929
2027,大成鋼,10,0,10,元富-台南,2023-08-25,5929
1722,台肥,10,0,10,元富-台南,2023-08-25,5929
2314,台揚,10,0,10,元富-台南,2023-08-25,5929
4121,優盛,10,0,10,元富-台南,2023-08-25,5929
5381,合正,10,0,10,元富-台南,2023-08-25,5929
2329,華泰,16,7,9,元富-台南,2023-08-25,5929
3583,辛耘,9,0,9,元富-台南,2023-08-25,5929
2880,華南金,7,0,7,元富-台南,2023-08-25,5929
2308,台達電,7,0,7,元富-台南,2023-08-25,5929
6187,萬潤,7,0,7,元富-台南,2023-08-25,5929
2883,凱基金,6,0,6,元富-台南,2023-08-25,5929
2301,光寶科,7,1,6,元富-台南,2023-08-25,5929
2736,富野,7,1,6,元富-台南,2023-08-25,5929
2330,台積電,6,0,6,元富-台南,2023-08-25,5929
00907,永豐優息存股,5,0,5,元富-台南,2023-08-25,5929
1609,大亞,17,12,5,元富-台南,2023-08-25,5929
2344,華邦電,5,0,5,元富-台南,2023-08-25,5929
2603,長榮,5,0,5,元富-台南,2023-08-25,5929
3706,神達,6,1,5,元富-台南,2023-08-25,5929
6125,廣運,5,0,5,元富-台南,2023-08-25,5929
6205,詮欣,5,0,5,元富-台南,2023-08-25,5929
8110,華東,5,0,5,元富-台南,2023-08-25,5929
00662,富邦NASDAQ,4,0,4,元富-台南,2023-08-25,5929
1504,東元,5,1,4,元富-台南,2023-08-25,5929
3037,欣興,8,4,4,元富-台南,2023-08-25,5929
00712,復華富時不動產,4,0,4,元富-台南,2023-08-25,5929
3062,建漢,5,1,4,元富-台南,2023-08-25,5929
3205,佰研,4,0,4,元富-台南,2023-08-25,5929
5706,鳳凰,5,1,4,元富-台南,2023-08-25,5929
8222,寶一,15,11,4,元富-台南,2023-08-25,5929
9904,寶成,4,0,4,元富-台南,2023-08-25,5929
2888,新光金,805,0,805,元富-台南,2023-08-28,5929
2474,可成,156,0,156,元富-台南,2023-08-28,5929
2610,華航,211,106,105,元富-台南,2023-08-28,5929
2303,聯電,105,28,77,元富-台南,2023-08-28,5929
4105,東洋,72,0,72,元富-台南,2023-08-28,5929
4121,優盛,60,0,60,元富-台南,2023-08-28,5929
5011,久陽,41,0,41,元富-台南,2023-08-28,5929
2329,華泰,49,11,38,元富-台南,2023-08-28,5929
2634,漢翔,53,17,36,元富-台南,2023-08-28,5929
3211,順達,36,0,36,元富-台南,2023-08-28,5929
00929,復華台灣科技優息,27,0,27,元富-台南,2023-08-28,5929
2618,長榮航,29,3,26,元富-台南,2023-08-28,5929
2388,威盛,25,0,25,元富-台南,2023-08-28,5929
2630,亞航,26,3,23,元富-台南,2023-08-28,5929
2405,輔信,21,0,21,元富-台南,2023-08-28,5929
00878,國泰永續高股息,21,2,19,元富-台南,2023-08-28,5929
2331,精英,19,5,14,元富-台南,2023-08-28,5929
6125,廣運,16,2,14,元富-台南,2023-08-28,5929
1210,大成,13,0,13,元富-台南,2023-08-28,5929
2485,兆赫,24,12,12,元富-台南,2023-08-28,5929
5351,鈺創,12,0,12,元富-台南,2023-08-28,5929
9105,泰金寶-DR,13,1,12,元富-台南,2023-08-28,5929
2382,廣達,26,15,11,元富-台南,2023-08-28,5929
2332,友訊,15,4,11,元富-台南,2023-08-28,5929
5381,合正,15,4,11,元富-台南,2023-08-28,5929
2745,五福,10,0,10,元富-台南,2023-08-28,5929
4532,瑞智,10,0,10,元富-台南,2023-08-28,5929
5225,東科-KY,10,0,10,元富-台南,2023-08-28,5929
2344,華邦電,12,3,9,元富-台南,2023-08-28,5929
1609,大亞,9,0,9,元富-台南,2023-08-28,5929
0056,元大高股息,9,0,9,元富-台南,2023-08-28,5929
3308,聯德,8,0,8,元富-台南,2023-08-28,5929
4916,事欣科,8,0,8,元富-台南,2023-08-28,5929
6116,彩晶,8,0,8,元富-台南,2023-08-28,5929
2736,富野,7,0,7,元富-台南,2023-08-28,5929
2330,台積電,6,0,6,元富-台南,2023-08-28,5929
8016,矽創,6,0,6,元富-台南,2023-08-28,5929
00712,復華富時不動產,5,0,5,元富-台南,2023-08-28,5929
4564,元翎,5,0,5,元富-台南,2023-08-28,5929
3037,欣興,5,0,5,元富-台南,2023-08-28,5929
3051,力特,7,2,5,元富-台南,2023-08-28,5929
6550,北極星藥業-KY,5,0,5,元富-台南,2023-08-28,5929
8435,鉅邁,5,0,5,元富-台南,2023-08-28,5929
3042,晶技,4,0,4,元富-台南,2023-08-28,5929
8390,金益鼎,4,0,4,元富-台南,2023-08-28,5929
2881,富邦金,5,1,4,元富-台南,2023-08-28,5929
3564,其陽,4,0,4,元富-台南,2023-08-28,5929
6156,松上,35,31,4,元富-台南,2023-08-28,5929
6207,雷科,4,0,4,元富-台南,2023-08-28,5929
2890,永豐金,5,2,3,元富-台南,2023-08-28,5929
3078,僑威,52,0,52,元富-台南,2023-08-29,5929
2474,可成,50,0,50,元富-台南,2023-08-29,5929
5011,久陽,45,0,45,元富-台南,2023-08-29,5929
4121,優盛,30,0,30,元富-台南,2023-08-29,5929
2634,漢翔,36,8,28,元富-台南,2023-08-29,5929
2330,台積電,24,1,23,元富-台南,2023-08-29,5929
2892,第一金,22,0,22,元富-台南,2023-08-29,5929
2883,凱基金,21,0,21,元富-台南,2023-08-29,5929
2610,華航,21,1,20,元富-台南,2023-08-29,5929
1304,台聚,16,0,16,元富-台南,2023-08-29,5929
2485,兆赫,22,6,16,元富-台南,2023-08-29,5929
00878,國泰永續高股息,17,2,15,元富-台南,2023-08-29,5929
2340,台亞,15,1,14,元富-台南,2023-08-29,5929
3680,家登,12,1,11,元富-台南,2023-08-29,5929
00929,復華台灣科技優息,11,0,11,元富-台南,2023-08-29,5929
2025,千興,10,0,10,元富-台南,2023-08-29,5929
2353,宏��,10,1,9,元富-台南,2023-08-29,5929
2405,輔信,9,0,9,元富-台南,2023-08-29,5929
8390,金益鼎,8,0,8,元富-台南,2023-08-29,5929
3211,順達,7,0,7,元富-台南,2023-08-29,5929
6223,旺矽,7,0,7,元富-台南,2023-08-29,5929
2402,毅嘉,21,15,6,元富-台南,2023-08-29,5929
2609,陽明,7,1,6,元富-台南,2023-08-29,5929
2816,旺旺保,6,0,6,元富-台南,2023-08-29,5929
2356,英業達,6,1,5,元富-台南,2023-08-29,5929
1467,南緯,5,0,5,元富-台南,2023-08-29,5929
2618,長榮航,6,1,5,元富-台南,2023-08-29,5929
5443,均豪,5,0,5,元富-台南,2023-08-29,5929
3481,群創,7,2,5,元富-台南,2023-08-29,5929
6469,大樹,4,0,4,元富-台南,2023-08-29,5929
1612,宏泰,4,0,4,元富-台南,2023-08-29,5929
2332,友訊,14,10,4,元富-台南,2023-08-29,5929
5465,富驊,4,0,4,元富-台南,2023-08-29,5929
6443,元晶,9,5,4,元富-台南,2023-08-29,5929
3035,智原,5,2,3,元富-台南,2023-08-29,5929
2329,華泰,28,25,3,元富-台南,2023-08-29,5929
2390,云辰,3,0,3,元富-台南,2023-08-29,5929
4915,致伸,3,0,3,元富-台南,2023-08-29,5929
6125,廣運,3,0,3,元富-台南,2023-08-29,5929
6415,矽力*-KY,3,0,3,元富-台南,2023-08-29,5929
8415,大國鋼,3,0,3,元富-台南,2023-08-29,5929
00720B,元大投資級公司債,2,0,2,元富-台南,2023-08-29,5929
3264,欣銓,3,1,2,元富-台南,2023-08-29,5929
2484,希華,2,0,2,元富-台南,2023-08-29,5929
6285,啟��,7,5,2,元富-台南,2023-08-29,5929
1301,台塑,2,0,2,元富-台南,2023-08-29,5929
1218,泰山,2,0,2,元富-台南,2023-08-29,5929
2208,台船,2,0,2,元富-台南,2023-08-29,5929
2358,廷鑫,2,0,2,元富-台南,2023-08-29,5929
2383,台光電,12,10,2,元富-台南,2023-08-29,5929
2474,可成,639,0,639,元富-台南,2023-08-30,5929
5009,榮剛,408,11,397,元富-台南,2023-08-30,5929
3481,群創,73,6,67,元富-台南,2023-08-30,5929
2540,愛山林,38,0,38,元富-台南,2023-08-30,5929
2025,千興,37,0,37,元富-台南,2023-08-30,5929
2618,長榮航,36,0,36,元富-台南,2023-08-30,5929
1608,華榮,30,0,30,元富-台南,2023-08-30,5929
1471,首利,30,3,27,元富-台南,2023-08-30,5929
5011,久陽,24,0,24,元富-台南,2023-08-30,5929
5225,東科-KY,33,10,23,元富-台南,2023-08-30,5929
2344,華邦電,30,10,20,元富-台南,2023-08-30,5929
1717,長興,20,0,20,元富-台南,2023-08-30,5929
2610,華航,20,0,20,元富-台南,2023-08-30,5929
9907,統一實,19,0,19,元富-台南,2023-08-30,5929
3325,旭品,21,3,18,元富-台南,2023-08-30,5929
8222,寶一,19,3,16,元富-台南,2023-08-30,5929
6153,嘉聯益,15,0,15,元富-台南,2023-08-30,5929
8110,華東,15,0,15,元富-台南,2023-08-30,5929
3455,由田,13,0,13,元富-台南,2023-08-30,5929
4906,正文,19,6,13,元富-台南,2023-08-30,5929
00929,復華台灣科技優息,13,3,10,元富-台南,2023-08-30,5929
00633L,富邦上証正2,10,0,10,元富-台南,2023-08-30,5929
1409,新纖,10,1,9,元富-台南,2023-08-30,5929
4707,磐亞,9,0,9,元富-台南,2023-08-30,5929
3105,穩懋,11,3,8,元富-台南,2023-08-30,5929
00919,群益台灣精選高息,7,0,7,元富-台南,2023-08-30,5929
8112,至上,7,1,6,元富-台南,2023-08-30,5929
2891,中信金,6,0,6,元富-台南,2023-08-30,5929
4979,華星光,6,0,6,元富-台南,2023-08-30,5929
6126,信音,8,2,6,元富-台南,2023-08-30,5929
2892,第一金,5,0,5,元富-台南,2023-08-30,5929
1304,台聚,5,0,5,元富-台南,2023-08-30,5929
2355,敬鵬,6,1,5,元富-台南,2023-08-30,5929
2385,群光,5,0,5,元富-台南,2023-08-30,5929
3231,緯創,17,12,5,元富-台南,2023-08-30,5929
4933,友輝,5,0,5,元富-台南,2023-08-30,5929
3081,聯亞,4,0,4,元富-台南,2023-08-30,5929
2301,光寶科,6,2,4,元富-台南,2023-08-30,5929
2324,仁寶,7,3,4,元富-台南,2023-08-30,5929
2347,聯強,4,0,4,元富-台南,2023-08-30,5929
2485,兆赫,6,2,4,元富-台南,2023-08-30,5929
3443,創意,4,0,4,元富-台南,2023-08-30,5929
5210,寶碩,4,0,4,元富-台南,2023-08-30,5929
5381,合正,4,0,4,元富-台南,2023-08-30,5929
6112,邁達特,4,0,4,元富-台南,2023-08-30,5929
8938,明安,4,0,4,元富-台南,2023-08-30,5929
1815,富喬,3,0,3,元富-台南,2023-08-30,5929
00923,群益台ESG低碳50,3,0,3,元富-台南,2023-08-30,5929
00882,中信中國高股息,3,0,3,元富-台南,2023-08-30,5929
2409,友達,11,8,3,元富-台南,2023-08-30,5929
2474,可成,495,0,495,元富-台南,2023-08-31,5929
5009,榮剛,212,2,210,元富-台南,2023-08-31,5929
2886,兆豐金,60,0,60,元富-台南,2023-08-31,5929
5225,東科-KY,38,3,35,元富-台南,2023-08-31,5929
2337,旺宏,29,0,29,元富-台南,2023-08-31,5929
2892,第一金,23,0,23,元富-台南,2023-08-31,5929
2618,長榮航,24,1,23,元富-台南,2023-08-31,5929
2834,臺企銀,21,0,21,元富-台南,2023-08-31,5929
1802,台玻,24,4,20,元富-台南,2023-08-31,5929
2883,凱基金,21,2,19,元富-台南,2023-08-31,5929
00929,復華台灣科技優息,20,2,18,元富-台南,2023-08-31,5929
2458,義隆,16,1,15,元富-台南,2023-08-31,5929
00878,國泰永續高股息,14,0,14,元富-台南,2023-08-31,5929
00923,群益台ESG低碳50,13,0,13,元富-台南,2023-08-31,5929
1301,台塑,12,0,12,元富-台南,2023-08-31,5929
3533,嘉澤,11,0,11,元富-台南,2023-08-31,5929
1815,富喬,10,0,10,元富-台南,2023-08-31,5929
3481,群創,20,10,10,元富-台南,2023-08-31,5929
1810,和成,10,0,10,元富-台南,2023-08-31,5929
2025,千興,10,0,10,元富-台南,2023-08-31,5929
2367,燿華,16,6,10,元富-台南,2023-08-31,5929
2409,友達,12,2,10,元富-台南,2023-08-31,5929
3540,曜越,10,0,10,元富-台南,2023-08-31,5929
3548,兆利,10,0,10,元富-台南,2023-08-31,5929
4943,康控-KY,10,0,10,元富-台南,2023-08-31,5929
0050,元大台灣50,10,0,10,元富-台南,2023-08-31,5929
1504,東元,9,0,9,元富-台南,2023-08-31,5929
4933,友輝,9,0,9,元富-台南,2023-08-31,5929
6213,聯茂,24,16,8,元富-台南,2023-08-31,5929
1522,堤維西,17,9,8,元富-台南,2023-08-31,5929
3583,辛耘,7,0,7,元富-台南,2023-08-31,5929
2884,玉山金,8,1,7,元富-台南,2023-08-31,5929
1605,華新,7,1,6,元富-台南,2023-08-31,5929
2324,仁寶,6,0,6,元富-台南,2023-08-31,5929
1319,東陽,15,9,6,元富-台南,2023-08-31,5929
2002,中鋼,9,3,6,元富-台南,2023-08-31,5929
3056,富華新,6,0,6,元富-台南,2023-08-31,5929
5381,合正,6,0,6,元富-台南,2023-08-31,5929
2353,宏��,6,1,5,元富-台南,2023-08-31,5929
1216,統一,5,0,5,元富-台南,2023-08-31,5929
00931B,統一美債20年,5,0,5,元富-台南,2023-08-31,5929
4906,正文,14,9,5,元富-台南,2023-08-31,5929
6126,信音,7,2,5,元富-台南,2023-08-31,5929
8064,東捷,5,0,5,元富-台南,2023-08-31,5929
6188,廣明,11,7,4,元富-台南,2023-08-31,5929
1513,中興電,4,0,4,元富-台南,2023-08-31,5929
2331,精英,4,0,4,元富-台南,2023-08-31,5929
2358,廷鑫,4,0,4,元富-台南,2023-08-31,5929
2412,中華電,4,0,4,元富-台南,2023-08-31,5929
6531,愛普*,4,0,4,元富-台南,2023-08-31,5929
2474,可成,460,0,460,元富-台南,2023-09-01,5929
00929,復華台灣科技優息,316,170,146,元富-台南,2023-09-01,5929
1210,大成,100,0,100,元富-台南,2023-09-01,5929
00932,兆豐永續高息等權,62,0,62,元富-台南,2023-09-01,5929
3231,緯創,63,3,60,元富-台南,2023-09-01,5929
00919,群益台灣精選高息,54,0,54,元富-台南,2023-09-01,5929
00878,國泰永續高股息,55,6,49,元富-台南,2023-09-01,5929
2337,旺宏,42,1,41,元富-台南,2023-09-01,5929
2515,中工,40,0,40,元富-台南,2023-09-01,5929
1608,華榮,30,0,30,元富-台南,2023-09-01,5929
2201,裕隆,31,1,30,元富-台南,2023-09-01,5929
2014,中鴻,25,1,24,元富-台南,2023-09-01,5929
6187,萬潤,22,0,22,元富-台南,2023-09-01,5929
2025,千興,20,0,20,元富-台南,2023-09-01,5929
1609,大亞,25,6,19,元富-台南,2023-09-01,5929
2457,飛宏,24,10,14,元富-台南,2023-09-01,5929
2610,華航,15,1,14,元富-台南,2023-09-01,5929
2303,聯電,13,0,13,元富-台南,2023-09-01,5929
5009,榮剛,16,3,13,元富-台南,2023-09-01,5929
2383,台光電,31,20,11,元富-台南,2023-09-01,5929
0050,元大台灣50,10,0,10,元富-台南,2023-09-01,5929
00882,中信中國高股息,10,0,10,元富-台南,2023-09-01,5929
1616,億泰,10,0,10,元富-台南,2023-09-01,5929
4967,十銓,14,4,10,元富-台南,2023-09-01,5929
2633,台灣高鐵,10,1,9,元富-台南,2023-09-01,5929
6770,力積電,9,0,9,元富-台南,2023-09-01,5929
1605,華新,10,1,9,元富-台南,2023-09-01,5929
6235,華孚,9,1,8,元富-台南,2023-09-01,5929
6531,愛普*,12,4,8,元富-台南,2023-09-01,5929
8150,南茂,10,2,8,元富-台南,2023-09-01,5929
2363,矽統,157,149,8,元富-台南,2023-09-01,5929
00923,群益台ESG低碳50,5,0,5,元富-台南,2023-09-01,5929
2301,光寶科,5,0,5,元富-台南,2023-09-01,5929
2382,廣達,10,5,5,元富-台南,2023-09-01,5929
2376,技嘉,15,10,5,元富-台南,2023-09-01,5929
00632R,元大台灣50反1,5,0,5,元富-台南,2023-09-01,5929
2399,映泰,7,2,5,元富-台南,2023-09-01,5929
3264,欣銓,5,0,5,元富-台南,2023-09-01,5929
3669,圓展,5,0,5,元富-台南,2023-09-01,5929
2312,金寶,6,2,4,元富-台南,2023-09-01,5929
2359,所羅門,4,0,4,元富-台南,2023-09-01,5929
4938,和碩,4,0,4,元富-台南,2023-09-01,5929
6122,擎邦,10,6,4,元富-台南,2023-09-01,5929
6285,啟��,5,1,4,元富-台南,2023-09-01,5929
0056,元大高股息,3,0,3,元富-台南,2023-09-01,5929
2449,京元電子,5,2,3,元富-台南,2023-09-01,5929
00687B,國泰20年美債,3,0,3,元富-台南,2023-09-01,5929
00881,國泰台灣5G+,3,0,3,元富-台南,2023-09-01,5929
1444,力麗,6,3,3,元富-台南,2023-09-01,5929
1795,美時,3,0,3,元富-台南,2023-09-01,5929
2474,可成,305,0,305,元富-台南,2023-09-04,5929
00919,群益台灣精選高息,101,13,88,元富-台南,2023-09-04,5929
2363,矽統,143,60,83,元富-台南,2023-09-04,5929
00929,復華台灣科技優息,58,1,57,元富-台南,2023-09-04,5929
2368,金像電,53,3,50,元富-台南,2023-09-04,5929
2886,兆豐金,50,0,50,元富-台南,2023-09-04,5929
1101,台泥,37,1,36,元富-台南,2023-09-04,5929
2610,華航,34,0,34,元富-台南,2023-09-04,5929
1802,台玻,38,5,33,元富-台南,2023-09-04,5929
1319,東陽,34,4,30,元富-台南,2023-09-04,5929
3059,華晶科,30,0,30,元富-台南,2023-09-04,5929
2201,裕隆,31,1,30,元富-台南,2023-09-04,5929
3537,堡達,28,0,28,元富-台南,2023-09-04,5929
2371,大同,29,3,26,元富-台南,2023-09-04,5929
00932,兆豐永續高息等權,22,0,22,元富-台南,2023-09-04,5929
5381,合正,22,0,22,元富-台南,2023-09-04,5929
2329,華泰,23,2,21,元富-台南,2023-09-04,5929
6139,亞翔,20,0,20,元富-台南,2023-09-04,5929
1609,大亞,18,0,18,元富-台南,2023-09-04,5929
2457,飛宏,16,0,16,元富-台南,2023-09-04,5929
2634,漢翔,16,1,15,元富-台南,2023-09-04,5929
4952,凌通,17,3,14,元富-台南,2023-09-04,5929
00931B,統一美債20年,13,0,13,元富-台南,2023-09-04,5929
00764B,群益25年美債,13,0,13,元富-台南,2023-09-04,5929
2323,中環,16,5,11,元富-台南,2023-09-04,5929
5347,世界,11,0,11,元富-台南,2023-09-04,5929
2358,廷鑫,10,0,10,元富-台南,2023-09-04,5929
2913,農林,10,0,10,元富-台南,2023-09-04,5929
1815,富喬,10,1,9,元富-台南,2023-09-04,5929
2328,廣宇,9,0,9,元富-台南,2023-09-04,5929
00751B,元大AAA至A公司債,8,0,8,元富-台南,2023-09-04,5929
9950,萬國通,7,0,7,元富-台南,2023-09-04,5929
2303,聯電,10,4,6,元富-台南,2023-09-04,5929
00687B,國泰20年美債,6,0,6,元富-台南,2023-09-04,5929
2331,精英,8,2,6,元富-台南,2023-09-04,5929
2401,凌陽,6,0,6,元富-台南,2023-09-04,5929
3308,聯德,6,0,6,元富-台南,2023-09-04,5929
3481,群創,17,11,6,元富-台南,2023-09-04,5929
2520,冠德,5,0,5,元富-台南,2023-09-04,5929
00930,永豐ESG低碳高息,5,0,5,元富-台南,2023-09-04,5929
00915,凱基優選高股息30,5,0,5,元富-台南,2023-09-04,5929
00857B,永豐20年美公債,5,0,5,元富-台南,2023-09-04,5929
00633L,富邦上証正2,5,0,5,元富-台南,2023-09-04,5929
1471,首利,6,1,5,元富-台南,2023-09-04,5929
2028,威致,10,5,5,元富-台南,2023-09-04,5929
2472,立隆電,5,0,5,元富-台南,2023-09-04,5929
3311,閎暉,5,0,5,元富-台南,2023-09-04,5929
3622,洋華,10,5,5,元富-台南,2023-09-04,5929
3669,圓展,5,0,5,元富-台南,2023-09-04,5929
4142,國光生,5,0,5,元富-台南,2023-09-04,5929
2474,可成,227,0,227,元富-台南,2023-09-05,5929
2010,春源,125,0,125,元富-台南,2023-09-05,5929
3211,順達,52,0,52,元富-台南,2023-09-05,5929
00929,復華台灣科技優息,46,0,46,元富-台南,2023-09-05,5929
1319,東陽,20,0,20,元富-台南,2023-09-05,5929
3379,彬台,20,0,20,元富-台南,2023-09-05,5929
4121,優盛,20,0,20,元富-台南,2023-09-05,5929
3105,穩懋,16,0,16,元富-台南,2023-09-05,5929
2449,京元電子,20,4,16,元富-台南,2023-09-05,5929
4915,致伸,16,1,15,元富-台南,2023-09-05,5929
8930,青鋼,15,0,15,元富-台南,2023-09-05,5929
00919,群益台灣精選高息,16,2,14,元富-台南,2023-09-05,5929
4714,永捷,15,1,14,元富-台南,2023-09-05,5929
2008,高興昌,13,0,13,元富-台南,2023-09-05,5929
4952,凌通,13,0,13,元富-台南,2023-09-05,5929
2801,彰銀,12,0,12,元富-台南,2023-09-05,5929
8086,宏捷科,17,5,12,元富-台南,2023-09-05,5929
1603,華電,12,0,12,元富-台南,2023-09-05,5929
2618,長榮航,14,3,11,元富-台南,2023-09-05,5929
2540,愛山林,11,0,11,元富-台南,2023-09-05,5929
00932,兆豐永續高息等權,10,0,10,元富-台南,2023-09-05,5929
1708,東鹼,10,0,10,元富-台南,2023-09-05,5929
2332,友訊,12,2,10,元富-台南,2023-09-05,5929
5347,世界,10,0,10,元富-台南,2023-09-05,5929
5465,富驊,10,0,10,元富-台南,2023-09-05,5929
2324,仁寶,18,9,9,元富-台南,2023-09-05,5929
2816,旺旺保,9,0,9,元富-台南,2023-09-05,5929
00915,凱基優選高股息30,8,0,8,元富-台南,2023-09-05,5929
2606,裕民,8,0,8,元富-台南,2023-09-05,5929
8358,金居,20,12,8,元富-台南,2023-09-05,5929
1101,台泥,10,2,8,元富-台南,2023-09-05,5929
00764B,群益25年美債,7,0,7,元富-台南,2023-09-05,5929
1102,亞泥,7,0,7,元富-台南,2023-09-05,5929
3163,波若威,8,1,7,元富-台南,2023-09-05,5929
6213,聯茂,8,1,7,元富-台南,2023-09-05,5929
2201,裕隆,11,4,7,元富-台南,2023-09-05,5929
2888,新光金,6,0,6,元富-台南,2023-09-05,5929
1268,漢來美食,6,0,6,元富-台南,2023-09-05,5929
2485,兆赫,15,9,6,元富-台南,2023-09-05,5929
3037,欣興,6,0,6,元富-台南,2023-09-05,5929
8222,寶一,7,1,6,元富-台南,2023-09-05,5929
00878,國泰永續高股息,15,9,6,元富-台南,2023-09-05,5929
00772B,中信高評級公司債,5,0,5,元富-台南,2023-09-05,5929
00931B,統一美債20年,5,0,5,元富-台南,2023-09-05,5929
00687B,國泰20年美債,5,0,5,元富-台南,2023-09-05,5929
1444,力麗,5,0,5,元富-台南,2023-09-05,5929
1714,和桐,5,0,5,元富-台南,2023-09-05,5929
2344,華邦電,32,27,5,元富-台南,2023-09-05,5929
3581,博磊,5,0,5,元富-台南,2023-09-05,5929
3669,圓展,5,0,5,元富-台南,2023-09-05,5929
2474,可成,401,0,401,元富-台南,2023-09-06,5929
3481,群創,102,6,96,元富-台南,2023-09-06,5929
00929,復華台灣科技優息,124,52,72,元富-台南,2023-09-06,5929
2888,新光金,55,0,55,元富-台南,2023-09-06,5929
2201,裕隆,40,2,38,元富-台南,2023-09-06,5929
2363,矽統,159,121,38,元富-台南,2023-09-06,5929
2010,春源,30,0,30,元富-台南,2023-09-06,5929
6282,康舒,32,4,28,元富-台南,2023-09-06,5929
2323,中環,25,0,25,元富-台南,2023-09-06,5929
2409,友達,36,12,24,元富-台南,2023-09-06,5929
00915,凱基優選高股息30,25,1,24,元富-台南,2023-09-06,5929
1101,台泥,24,0,24,元富-台南,2023-09-06,5929
9945,潤泰新,23,2,21,元富-台南,2023-09-06,5929
4114,健喬,20,0,20,元富-台南,2023-09-06,5929
4967,十銓,20,2,18,元富-台南,2023-09-06,5929
2880,華南金,17,0,17,元富-台南,2023-09-06,5929
2885,元大金,17,0,17,元富-台南,2023-09-06,5929
2816,旺旺保,28,12,16,元富-台南,2023-09-06,5929
3714,富采,16,0,16,元富-台南,2023-09-06,5929
3211,順達,16,0,16,元富-台南,2023-09-06,5929
00764B,群益25年美債,15,0,15,元富-台南,2023-09-06,5929
1802,台玻,15,0,15,元富-台南,2023-09-06,5929
8390,金益鼎,15,0,15,元富-台南,2023-09-06,5929
2886,兆豐金,14,0,14,元富-台南,2023-09-06,5929
5381,合正,18,4,14,元富-台南,2023-09-06,5929
2027,大成鋼,13,0,13,元富-台南,2023-09-06,5929
00687B,國泰20年美債,12,0,12,元富-台南,2023-09-06,5929
00932,兆豐永續高息等權,12,0,12,元富-台南,2023-09-06,5929
00919,群益台灣精選高息,21,10,11,元富-台南,2023-09-06,5929
3264,欣銓,12,1,11,元富-台南,2023-09-06,5929
4952,凌通,11,0,11,元富-台南,2023-09-06,5929
00900,富邦特選高股息30,11,1,10,元富-台南,2023-09-06,5929
00888,永豐台灣ESG,10,0,10,元富-台南,2023-09-06,5929
00921,兆豐龍頭等權重,10,0,10,元富-台南,2023-09-06,5929
2340,台亞,10,0,10,元富-台南,2023-09-06,5929
6123,上奇,10,0,10,元富-台南,2023-09-06,5929
6548,長科*,10,0,10,元富-台南,2023-09-06,5929
8086,宏捷科,14,4,10,元富-台南,2023-09-06,5929
2883,凱基金,29,20,9,元富-台南,2023-09-06,5929
2387,精元,11,2,9,元富-台南,2023-09-06,5929
8028,昇陽半導體,9,0,9,元富-台南,2023-09-06,5929
00931B,統一美債20年,10,2,8,元富-台南,2023-09-06,5929
2401,凌陽,14,6,8,元富-台南,2023-09-06,5929
4908,前鼎,11,3,8,元富-台南,2023-09-06,5929
6485,點序,8,0,8,元富-台南,2023-09-06,5929
2884,玉山金,8,0,8,元富-台南,2023-09-06,5929
2892,第一金,8,0,8,元富-台南,2023-09-06,5929
00772B,中信高評級公司債,7,0,7,元富-台南,2023-09-06,5929
2002,中鋼,7,0,7,元富-台南,2023-09-06,5929
3583,辛耘,8,1,7,元富-台南,2023-09-06,5929
2474,可成,508,0,508,元富-台南,2023-09-07,5929
4510,高鋒,51,0,51,元富-台南,2023-09-07,5929
00929,復華台灣科技優息,61,11,50,元富-台南,2023-09-07,5929
2002,中鋼,47,0,47,元富-台南,2023-09-07,5929
1319,東陽,43,2,41,元富-台南,2023-09-07,5929
2027,大成鋼,36,2,34,元富-台南,2023-09-07,5929
4533,協易機,39,7,32,元富-台南,2023-09-07,5929
4121,優盛,31,0,31,元富-台南,2023-09-07,5929
00902,中信電池及儲能,22,0,22,元富-台南,2023-09-07,5929
00932,兆豐永續高息等權,22,0,22,元富-台南,2023-09-07,5929
6164,華興,22,0,22,元富-台南,2023-09-07,5929
2323,中環,20,0,20,元富-台南,2023-09-07,5929
2880,華南金,18,0,18,元富-台南,2023-09-07,5929
00919,群益台灣精選高息,22,5,17,元富-台南,2023-09-07,5929
2888,新光金,15,0,15,元富-台南,2023-09-07,5929
5011,久陽,15,0,15,元富-台南,2023-09-07,5929
2485,兆赫,28,14,14,元富-台南,2023-09-07,5929
6223,旺矽,20,6,14,元富-台南,2023-09-07,5929
2883,凱基金,14,0,14,元富-台南,2023-09-07,5929
3481,群創,18,5,13,元富-台南,2023-09-07,5929
3211,順達,12,0,12,元富-台南,2023-09-07,5929
4908,前鼎,14,2,12,元富-台南,2023-09-07,5929
9945,潤泰新,12,0,12,元富-台南,2023-09-07,5929
1717,長興,11,0,11,元富-台南,2023-09-07,5929
1324,地球,10,0,10,元富-台南,2023-09-07,5929
6125,廣運,11,1,10,元富-台南,2023-09-07,5929
0050,元大台灣50,11,1,10,元富-台南,2023-09-07,5929
2409,友達,14,5,9,元富-台南,2023-09-07,5929
2816,旺旺保,9,0,9,元富-台南,2023-09-07,5929
3231,緯創,12,4,8,元富-台南,2023-09-07,5929
2316,楠梓電,10,2,8,元富-台南,2023-09-07,5929
3338,泰碩,12,4,8,元富-台南,2023-09-07,5929
5452,佶優,7,0,7,元富-台南,2023-09-07,5929
6426,統新,7,0,7,元富-台南,2023-09-07,5929
2330,台積電,6,0,6,元富-台南,2023-09-07,5929
00930,永豐ESG低碳高息,6,0,6,元富-台南,2023-09-07,5929
3051,力特,7,1,6,元富-台南,2023-09-07,5929
6156,松上,6,0,6,元富-台南,2023-09-07,5929
00878,國泰永續高股息,12,6,6,元富-台南,2023-09-07,5929
1513,中興電,6,1,5,元富-台南,2023-09-07,5929
1217,愛之味,5,0,5,元富-台南,2023-09-07,5929
1708,東鹼,5,0,5,元富-台南,2023-09-07,5929
2401,凌陽,6,1,5,元富-台南,2023-09-07,5929
2897,王道銀行,5,0,5,元富-台南,2023-09-07,5929
2913,農林,5,0,5,元富-台南,2023-09-07,5929
3260,威剛,10,5,5,元富-台南,2023-09-07,5929
3567,逸昌,5,0,5,元富-台南,2023-09-07,5929
2884,玉山金,4,0,4,元富-台南,2023-09-07,5929
4968,立積,4,0,4,元富-台南,2023-09-07,5929
6282,康舒,12,8,4,元富-台南,2023-09-07,5929
2474,可成,365,0,365,元富-台南,2023-09-08,5929
5009,榮剛,223,3,220,元富-台南,2023-09-08,5929
2201,裕隆,75,1,74,元富-台南,2023-09-08,5929
2329,華泰,72,3,69,元富-台南,2023-09-08,5929
00919,群益台灣精選高息,67,1,66,元富-台南,2023-09-08,5929
1201,味全,40,0,40,元富-台南,2023-09-08,5929
2323,中環,30,0,30,元富-台南,2023-09-08,5929
3231,緯創,37,9,28,元富-台南,2023-09-08,5929
5347,世界,22,0,22,元富-台南,2023-09-08,5929
3211,順達,21,0,21,元富-台南,2023-09-08,5929
1101,台泥,19,0,19,元富-台南,2023-09-08,5929
8050,廣積,22,3,19,元富-台南,2023-09-08,5929
4121,優盛,18,0,18,元富-台南,2023-09-08,5929
2618,長榮航,17,0,17,元富-台南,2023-09-08,5929
00915,凱基優選高股息30,16,0,16,元富-台南,2023-09-08,5929
6531,愛普*,20,4,16,元富-台南,2023-09-08,5929
2344,華邦電,15,0,15,元富-台南,2023-09-08,5929
5011,久陽,15,0,15,元富-台南,2023-09-08,5929
2891,中信金,15,1,14,元富-台南,2023-09-08,5929
3481,群創,14,1,13,元富-台南,2023-09-08,5929
4402,郡都開發,13,0,13,元富-台南,2023-09-08,5929
2002,中鋼,11,0,11,元富-台南,2023-09-08,5929
2834,臺企銀,11,0,11,元富-台南,2023-09-08,5929
00753L,中信中國50正2,10,0,10,元富-台南,2023-09-08,5929
2332,友訊,16,6,10,元富-台南,2023-09-08,5929
2482,連宇,10,0,10,元富-台南,2023-09-08,5929
4967,十銓,11,1,10,元富-台南,2023-09-08,5929
8112,至上,15,6,9,元富-台南,2023-09-08,5929
2880,華南金,8,0,8,元富-台南,2023-09-08,5929
2330,台積電,7,0,7,元富-台南,2023-09-08,5929
00918,大華優利高填息30,7,0,7,元富-台南,2023-09-08,5929
2457,飛宏,7,0,7,元富-台南,2023-09-08,5929
2890,永豐金,7,0,7,元富-台南,2023-09-08,5929
3715,定穎投控,17,10,7,元富-台南,2023-09-08,5929
1504,東元,7,1,6,元富-台南,2023-09-08,5929
6485,點序,6,0,6,元富-台南,2023-09-08,5929
8069,元太,7,1,6,元富-台南,2023-09-08,5929
1513,中興電,5,0,5,元富-台南,2023-09-08,5929
00902,中信電池及儲能,5,0,5,元富-台南,2023-09-08,5929
1540,喬福,5,0,5,元富-台南,2023-09-08,5929
1802,台玻,5,0,5,元富-台南,2023-09-08,5929
2208,台船,5,0,5,元富-台南,2023-09-08,5929
2331,精英,5,0,5,元富-台南,2023-09-08,5929
2630,亞航,17,12,5,元富-台南,2023-09-08,5929
2884,玉山金,5,0,5,元富-台南,2023-09-08,5929
3217,優群,5,0,5,元富-台南,2023-09-08,5929
3264,欣銓,5,0,5,元富-台南,2023-09-08,5929
4908,前鼎,6,1,5,元富-台南,2023-09-08,5929
5236,凌陽創新,5,0,5,元富-台南,2023-09-08,5929
5381,合正,5,0,5,元富-台南,2023-09-08,5929
2474,可成,467,0,467,元富-台南,2023-09-11,5929
00919,群益台灣精選高息,168,6,162,元富-台南,2023-09-11,5929
6142,友勁,100,0,100,元富-台南,2023-09-11,5929
00929,復華台灣科技優息,67,0,67,元富-台南,2023-09-11,5929
00931B,統一美債20年,60,0,60,元富-台南,2023-09-11,5929
4121,優盛,54,0,54,元富-台南,2023-09-11,5929
3481,群創,54,13,41,元富-台南,2023-09-11,5929
2883,凱基金,31,0,31,元富-台南,2023-09-11,5929
2329,華泰,36,10,26,元富-台南,2023-09-11,5929
2495,普安,25,0,25,元富-台南,2023-09-11,5929
1319,東陽,29,5,24,元富-台南,2023-09-11,5929
2201,裕隆,23,0,23,元富-台南,2023-09-11,5929
2344,華邦電,31,10,21,元富-台南,2023-09-11,5929
2834,臺企銀,20,0,20,元富-台南,2023-09-11,5929
2801,彰銀,20,0,20,元富-台南,2023-09-11,5929
4114,健喬,20,0,20,元富-台南,2023-09-11,5929
4938,和碩,20,0,20,元富-台南,2023-09-11,5929
1513,中興電,18,1,17,元富-台南,2023-09-11,5929
6282,康舒,26,9,17,元富-台南,2023-09-11,5929
2409,友達,15,3,12,元富-台南,2023-09-11,5929
6531,愛普*,12,0,12,元富-台南,2023-09-11,5929
2382,廣達,24,12,12,元富-台南,2023-09-11,5929
4402,郡都開發,11,0,11,元富-台南,2023-09-11,5929
00715L,期街口布蘭特正2,10,0,10,元富-台南,2023-09-11,5929
1515,力山,10,0,10,元富-台南,2023-09-11,5929
2701,萬企,10,0,10,元富-台南,2023-09-11,5929
4960,誠美材,10,0,10,元富-台南,2023-09-11,5929
5464,霖宏,10,0,10,元富-台南,2023-09-11,5929
9938,百和,10,0,10,元富-台南,2023-09-11,5929
3189,景碩,10,0,10,元富-台南,2023-09-11,5929
8358,金居,15,6,9,元富-台南,2023-09-11,5929
6605,帝寶,10,1,9,元富-台南,2023-09-11,5929
6271,同欣電,10,1,9,元富-台南,2023-09-11,5929
6125,廣運,10,1,9,元富-台南,2023-09-11,5929
3211,順達,9,0,9,元富-台南,2023-09-11,5929
8390,金益鼎,9,0,9,元富-台南,2023-09-11,5929
2492,華新科,11,2,9,元富-台南,2023-09-11,5929
2618,長榮航,14,6,8,元富-台南,2023-09-11,5929
00915,凱基優選高股息30,8,0,8,元富-台南,2023-09-11,5929
8033,雷虎,9,1,8,元富-台南,2023-09-11,5929
2208,台船,7,0,7,元富-台南,2023-09-11,5929
3704,合勤控,7,0,7,元富-台南,2023-09-11,5929
00772B,中信高評級公司債,6,0,6,元富-台南,2023-09-11,5929
00687B,國泰20年美債,6,0,6,元富-台南,2023-09-11,5929
2330,台積電,6,0,6,元富-台南,2023-09-11,5929
2881,富邦金,6,1,5,元富-台南,2023-09-11,5929
6770,力積電,5,0,5,元富-台南,2023-09-11,5929
1504,東元,6,1,5,元富-台南,2023-09-11,5929
00932,兆豐永續高息等權,5,0,5,元富-台南,2023-09-11,5929
1524,耿鼎,5,0,5,元富-台南,2023-09-11,5929
5009,榮剛,418,0,418,元富-台南,2023-09-12,5929
3682,亞太電,156,0,156,元富-台南,2023-09-12,5929
3213,茂訊,63,0,63,元富-台南,2023-09-12,5929
1104,環泥,50,0,50,元富-台南,2023-09-12,5929
6248,沛波,46,0,46,元富-台南,2023-09-12,5929
2002,中鋼,47,2,45,元富-台南,2023-09-12,5929
4121,優盛,41,0,41,元富-台南,2023-09-12,5929
00919,群益台灣精選高息,40,3,37,元富-台南,2023-09-12,5929
2405,輔信,30,0,30,元富-台南,2023-09-12,5929
3624,光頡,22,0,22,元富-台南,2023-09-12,5929
00929,復華台灣科技優息,21,0,21,元富-台南,2023-09-12,5929
1316,上曜,20,0,20,元富-台南,2023-09-12,5929
2618,長榮航,21,1,20,元富-台南,2023-09-12,5929
2474,可成,20,1,19,元富-台南,2023-09-12,5929
4402,郡都開發,18,0,18,元富-台南,2023-09-12,5929
6125,廣運,16,1,15,元富-台南,2023-09-12,5929
3669,圓展,15,1,14,元富-台南,2023-09-12,5929
3703,欣陸,14,0,14,元富-台南,2023-09-12,5929
2884,玉山金,13,0,13,元富-台南,2023-09-12,5929
5880,合庫金,11,0,11,元富-台南,2023-09-12,5929
8069,元太,11,0,11,元富-台南,2023-09-12,5929
1304,台聚,10,0,10,元富-台南,2023-09-12,5929
00753L,中信中國50正2,10,0,10,元富-台南,2023-09-12,5929
2610,華航,13,3,10,元富-台南,2023-09-12,5929
4744,皇將,10,0,10,元富-台南,2023-09-12,5929
8210,勤誠,10,0,10,元富-台南,2023-09-12,5929
00878,國泰永續高股息,29,20,9,元富-台南,2023-09-12,5929
5381,合正,11,2,9,元富-台南,2023-09-12,5929
2482,連宇,8,0,8,元富-台南,2023-09-12,5929
4934,太極,8,0,8,元富-台南,2023-09-12,5929
2356,英業達,7,0,7,元富-台南,2023-09-12,5929
2206,三陽工業,7,0,7,元富-台南,2023-09-12,5929
00932,兆豐永續高息等權,7,0,7,元富-台南,2023-09-12,5929
00857B,永豐20年美公債,7,0,7,元富-台南,2023-09-12,5929
2363,矽統,80,73,7,元富-台南,2023-09-12,5929
3078,僑威,17,10,7,元富-台南,2023-09-12,5929
8033,雷虎,6,0,6,元富-台南,2023-09-12,5929
0056,元大高股息,8,2,6,元富-台南,2023-09-12,5929
6182,合晶,9,4,5,元富-台南,2023-09-12,5929
6147,頎邦,8,3,5,元富-台南,2023-09-12,5929
1101,台泥,6,1,5,元富-台南,2023-09-12,5929
1467,南緯,5,0,5,元富-台南,2023-09-12,5929
00902,中信電池及儲能,5,0,5,元富-台南,2023-09-12,5929
00885,富邦越南,5,0,5,元富-台南,2023-09-12,5929
00764B,群益25年美債,5,0,5,元富-台南,2023-09-12,5929
3014,聯陽,5,0,5,元富-台南,2023-09-12,5929
4116,明基醫,5,0,5,元富-台南,2023-09-12,5929
6426,統新,5,0,5,元富-台南,2023-09-12,5929
2352,佳世達,4,0,4,元富-台南,2023-09-12,5929
00679B,元大美債20年,4,0,4,元富-台南,2023-09-12,5929
2474,可成,347,1,346,元富-台南,2023-09-13,5929
3682,亞太電,93,0,93,元富-台南,2023-09-13,5929
00929,復華台灣科技優息,67,7,60,元富-台南,2023-09-13,5929
00919,群益台灣精選高息,79,20,59,元富-台南,2023-09-13,5929
3217,優群,25,0,25,元富-台南,2023-09-13,5929
2010,春源,20,0,20,元富-台南,2023-09-13,5929
3346,麗清,21,2,19,元富-台南,2023-09-13,5929
2313,華通,16,0,16,元富-台南,2023-09-13,5929
3231,緯創,19,5,14,元富-台南,2023-09-13,5929
2457,飛宏,14,0,14,元富-台南,2023-09-13,5929
1609,大亞,13,0,13,元富-台南,2023-09-13,5929
6288,聯嘉,14,1,13,元富-台南,2023-09-13,5929
6605,帝寶,11,0,11,元富-台南,2023-09-13,5929
00715L,期街口布蘭特正2,10,0,10,元富-台南,2023-09-13,5929
9905,大華,10,0,10,元富-台南,2023-09-13,5929
5371,中光電,16,7,9,元富-台南,2023-09-13,5929
8086,宏捷科,10,1,9,元富-台南,2023-09-13,5929
4402,郡都開發,8,0,8,元富-台南,2023-09-13,5929
5222,全訊,7,0,7,元富-台南,2023-09-13,5929
6147,頎邦,7,0,7,元富-台南,2023-09-13,5929
6182,合晶,7,1,6,元富-台南,2023-09-13,5929
2801,彰銀,10,4,6,元富-台南,2023-09-13,5929
1101,台泥,22,16,6,元富-台南,2023-09-13,5929
00891,中信關鍵半導體,6,0,6,元富-台南,2023-09-13,5929
2634,漢翔,5,0,5,元富-台南,2023-09-13,5929
1467,南緯,5,0,5,元富-台南,2023-09-13,5929
2317,鴻海,5,0,5,元富-台南,2023-09-13,5929
2364,倫飛,5,0,5,元富-台南,2023-09-13,5929
2485,兆赫,5,0,5,元富-台南,2023-09-13,5929
3047,訊舟,5,0,5,元富-台南,2023-09-13,5929
3669,圓展,5,0,5,元富-台南,2023-09-13,5929
5452,佶優,5,0,5,元富-台南,2023-09-13,5929
6732,昇佳電子,5,0,5,元富-台南,2023-09-13,5929
1402,遠東新,4,0,4,元富-台南,2023-09-13,5929
6271,同欣電,4,0,4,元富-台南,2023-09-13,5929
00857B,永豐20年美公債,4,0,4,元富-台南,2023-09-13,5929
1524,耿鼎,25,21,4,元富-台南,2023-09-13,5929
2211,長榮鋼,4,0,4,元富-台南,2023-09-13,5929
2401,凌陽,5,1,4,元富-台南,2023-09-13,5929
2409,友達,4,0,4,元富-台南,2023-09-13,5929
2436,偉詮電,8,4,4,元富-台南,2023-09-13,5929
2630,亞航,7,3,4,元富-台南,2023-09-13,5929
3189,景碩,4,0,4,元富-台南,2023-09-13,5929
6187,萬潤,4,0,4,元富-台南,2023-09-13,5929
8076,伍豐,4,0,4,元富-台南,2023-09-13,5929
8358,金居,4,0,4,元富-台南,2023-09-13,5929
9136,巨騰-DR,4,0,4,元富-台南,2023-09-13,5929
9927,泰銘,5,1,4,元富-台南,2023-09-13,5929
2356,英業達,3,0,3,元富-台南,2023-09-13,5929
3481,群創,3,0,3,元富-台南,2023-09-13,5929
3682,亞太電,147,0,147,元富-台南,2023-09-14,5929
2883,凱基金,85,1,84,元富-台南,2023-09-14,5929
2363,矽統,317,249,68,元富-台南,2023-09-14,5929
2329,華泰,40,1,39,元富-台南,2023-09-14,5929
2474,可成,36,0,36,元富-台南,2023-09-14,5929
00919,群益台灣精選高息,62,27,35,元富-台南,2023-09-14,5929
00921,兆豐龍頭等權重,40,12,28,元富-台南,2023-09-14,5929
2606,裕民,21,1,20,元富-台南,2023-09-14,5929
6120,達運,25,5,20,元富-台南,2023-09-14,5929
2610,華航,20,1,19,元富-台南,2023-09-14,5929
2340,台亞,15,0,15,元富-台南,2023-09-14,5929
00878,國泰永續高股息,14,0,14,元富-台南,2023-09-14,5929
8358,金居,12,0,12,元富-台南,2023-09-14,5929
3356,奇偶,11,0,11,元富-台南,2023-09-14,5929
9907,統一實,11,0,11,元富-台南,2023-09-14,5929
00773B,中信優先金融債,10,0,10,元富-台南,2023-09-14,5929
8390,金益鼎,10,0,10,元富-台南,2023-09-14,5929
2605,新興,14,5,9,元富-台南,2023-09-14,5929
3025,星通,11,2,9,元富-台南,2023-09-14,5929
2615,萬海,10,1,9,元富-台南,2023-09-14,5929
2301,光寶科,14,6,8,元富-台南,2023-09-14,5929
3701,大眾控,8,0,8,元富-台南,2023-09-14,5929
2371,大同,15,8,7,元富-台南,2023-09-14,5929
2880,華南金,10,3,7,元富-台南,2023-09-14,5929
1522,堤維西,16,9,7,元富-台南,2023-09-14,5929
5009,榮剛,8,1,7,元富-台南,2023-09-14,5929
00902,中信電池及儲能,6,0,6,元富-台南,2023-09-14,5929
3715,定穎投控,8,2,6,元富-台南,2023-09-14,5929
00882,中信中國高股息,5,0,5,元富-台南,2023-09-14,5929
3380,明泰,5,0,5,元富-台南,2023-09-14,5929
00772B,中信高評級公司債,5,0,5,元富-台南,2023-09-14,5929
2419,仲琦,5,0,5,元富-台南,2023-09-14,5929
2427,三商電,5,0,5,元富-台南,2023-09-14,5929
4532,瑞智,5,0,5,元富-台南,2023-09-14,5929
6443,元晶,5,0,5,元富-台南,2023-09-14,5929
5289,宜鼎,5,0,5,元富-台南,2023-09-14,5929
8048,德勝,9,4,5,元富-台南,2023-09-14,5929
8088,品安,4,0,4,元富-台南,2023-09-14,5929
00713,元大台灣高息低波,5,1,4,元富-台南,2023-09-14,5929
3149,正達,4,0,4,元富-台南,2023-09-14,5929
5225,東科-KY,4,0,4,元富-台南,2023-09-14,5929
5258,虹堡,4,0,4,元富-台南,2023-09-14,5929
6792,詠業,5,1,4,元富-台南,2023-09-14,5929
8081,致新,4,0,4,元富-台南,2023-09-14,5929
2204,中華,6,3,3,元富-台南,2023-09-14,5929
00885,富邦越南,3,0,3,元富-台南,2023-09-14,5929
1533,車王電,3,0,3,元富-台南,2023-09-14,5929
2458,義隆,5,2,3,元富-台南,2023-09-14,5929
2634,漢翔,4,1,3,元富-台南,2023-09-14,5929
3666,光耀,3,0,3,元富-台南,2023-09-14,5929
2474,可成,340,0,340,元富-台南,2023-09-15,5929
2903,遠百,325,0,325,元富-台南,2023-09-15,5929
6116,彩晶,50,0,50,元富-台南,2023-09-15,5929
3682,亞太電,43,0,43,元富-台南,2023-09-15,5929
2409,友達,30,0,30,元富-台南,2023-09-15,5929
2312,金寶,30,0,30,元富-台南,2023-09-15,5929
2836,高雄銀,30,1,29,元富-台南,2023-09-15,5929
2025,千興,23,0,23,元富-台南,2023-09-15,5929
3013,晟銘電,26,3,23,元富-台南,2023-09-15,5929
2615,萬海,24,2,22,元富-台南,2023-09-15,5929
2618,長榮航,22,1,21,元富-台南,2023-09-15,5929
1104,環泥,20,0,20,元富-台南,2023-09-15,5929
4402,郡都開發,20,0,20,元富-台南,2023-09-15,5929
00919,群益台灣精選高息,29,10,19,元富-台南,2023-09-15,5929
00764B,群益25年美債,16,0,16,元富-台南,2023-09-15,5929
3163,波若威,25,10,15,元富-台南,2023-09-15,5929
4952,凌通,15,0,15,元富-台南,2023-09-15,5929
2399,映泰,15,1,14,元富-台南,2023-09-15,5929
5215,科嘉-KY,14,0,14,元富-台南,2023-09-15,5929
00687B,國泰20年美債,13,0,13,元富-台南,2023-09-15,5929
8222,寶一,14,1,13,元富-台南,2023-09-15,5929
2330,台積電,12,0,12,元富-台南,2023-09-15,5929
2002,中鋼,11,0,11,元富-台南,2023-09-15,5929
2641,正德,13,2,11,元富-台南,2023-09-15,5929
6485,點序,36,25,11,元富-台南,2023-09-15,5929
8147,正淩,11,0,11,元富-台南,2023-09-15,5929
2317,鴻海,17,6,11,元富-台南,2023-09-15,5929
1307,三芳,10,0,10,元富-台南,2023-09-15,5929
1314,中石化,10,0,10,元富-台南,2023-09-15,5929
2414,精技,10,0,10,元富-台南,2023-09-15,5929
6792,詠業,12,2,10,元富-台南,2023-09-15,5929
2838,聯邦銀,10,1,9,元富-台南,2023-09-15,5929
2880,華南金,9,0,9,元富-台南,2023-09-15,5929
2883,凱基金,10,1,9,元富-台南,2023-09-15,5929
1514,亞力,9,0,9,元富-台南,2023-09-15,5929
00857B,永豐20年美公債,9,0,9,元富-台南,2023-09-15,5929
6125,廣運,9,0,9,元富-台南,2023-09-15,5929
8016,矽創,10,1,9,元富-台南,2023-09-15,5929
9904,寶成,10,1,9,元富-台南,2023-09-15,5929
1312,國喬,9,0,9,元富-台南,2023-09-15,5929
1402,遠東新,7,0,7,元富-台南,2023-09-15,5929
3709,鑫聯大投控,7,0,7,元富-台南,2023-09-15,5929
00921,兆豐龍頭等權重,6,0,6,元富-台南,2023-09-15,5929
5371,中光電,6,0,6,元富-台南,2023-09-15,5929
00932,兆豐永續高息等權,5,0,5,元富-台南,2023-09-15,5929
2402,毅嘉,5,0,5,元富-台南,2023-09-15,5929
2427,三商電,6,1,5,元富-台南,2023-09-15,5929
2486,一詮,6,1,5,元富-台南,2023-09-15,5929
2630,亞航,19,14,5,元富-台南,2023-09-15,5929
2816,旺旺保,5,0,5,元富-台南,2023-09-15,5929
00929,復華台灣科技優息,400,21,379,元富-台南,2023-09-18,5929
2474,可成,266,5,261,元富-台南,2023-09-18,5929
1785,光洋科,180,1,179,元富-台南,2023-09-18,5929
00680L,元大美債20正2,115,0,115,元富-台南,2023-09-18,5929
00688L,國泰20年美債正2,100,0,100,元富-台南,2023-09-18,5929
2903,遠百,97,0,97,元富-台南,2023-09-18,5929
2363,矽統,143,58,85,元富-台南,2023-09-18,5929
2025,千興,60,3,57,元富-台南,2023-09-18,5929
00919,群益台灣精選高息,69,20,49,元富-台南,2023-09-18,5929
2303,聯電,42,0,42,元富-台南,2023-09-18,5929
6202,盛群,30,0,30,元富-台南,2023-09-18,5929
6806,森崴能源,31,1,30,元富-台南,2023-09-18,5929
2313,華通,42,14,28,元富-台南,2023-09-18,5929
00687B,國泰20年美債,22,0,22,元富-台南,2023-09-18,5929
00857B,永豐20年美公債,22,0,22,元富-台南,2023-09-18,5929
4714,永捷,26,5,21,元富-台南,2023-09-18,5929
00918,大華優利高填息30,20,0,20,元富-台南,2023-09-18,5929
3669,圓展,20,0,20,元富-台南,2023-09-18,5929
4114,健喬,20,0,20,元富-台南,2023-09-18,5929
00722B,群益投資級電信債,19,0,19,元富-台南,2023-09-18,5929
00878,國泰永續高股息,25,6,19,元富-台南,2023-09-18,5929
6282,康舒,20,2,18,元富-台南,2023-09-18,5929
00932,兆豐永續高息等權,18,0,18,元富-台南,2023-09-18,5929
00931B,統一美債20年,16,0,16,元富-台南,2023-09-18,5929
00679B,元大美債20年,16,0,16,元富-台南,2023-09-18,5929
8358,金居,15,0,15,元富-台南,2023-09-18,5929
00764B,群益25年美債,14,0,14,元富-台南,2023-09-18,5929
2330,台積電,14,0,14,元富-台南,2023-09-18,5929
2027,大成鋼,14,1,13,元富-台南,2023-09-18,5929
2382,廣達,14,2,12,元富-台南,2023-09-18,5929
1504,東元,11,0,11,元富-台南,2023-09-18,5929
2340,台亞,11,0,11,元富-台南,2023-09-18,5929
8028,昇陽半導體,11,0,11,元富-台南,2023-09-18,5929
00772B,中信高評級公司債,10,0,10,元富-台南,2023-09-18,5929
2402,毅嘉,11,1,10,元富-台南,2023-09-18,5929
2427,三商電,10,0,10,元富-台南,2023-09-18,5929
9904,寶成,9,0,9,元富-台南,2023-09-18,5929
2405,輔信,10,1,9,元富-台南,2023-09-18,5929
3380,明泰,10,1,9,元富-台南,2023-09-18,5929
2617,台航,8,0,8,元富-台南,2023-09-18,5929
2028,威致,7,0,7,元富-台南,2023-09-18,5929
2301,光寶科,7,1,6,元富-台南,2023-09-18,5929
1605,華新,11,5,6,元富-台南,2023-09-18,5929
2356,英業達,9,3,6,元富-台南,2023-09-18,5929
1815,富喬,11,5,6,元富-台南,2023-09-18,5929
2014,中鴻,7,1,6,元富-台南,2023-09-18,5929
2849,安泰銀,6,0,6,元富-台南,2023-09-18,5929
4707,磐亞,6,0,6,元富-台南,2023-09-18,5929
0056,元大高股息,6,1,5,元富-台南,2023-09-18,5929
00712,復華富時不動產,7,1,6,元富-台南,2023-09-18,5929
2474,可成,120,0,120,元富-台南,2023-09-19,5929
00921,兆豐龍頭等權重,110,0,110,元富-台南,2023-09-19,5929
00929,復華台灣科技優息,87,21,66,元富-台南,2023-09-19,5929
2903,遠百,33,0,33,元富-台南,2023-09-19,5929
3481,群創,28,1,27,元富-台南,2023-09-19,5929
1815,富喬,33,6,27,元富-台南,2023-09-19,5929
4961,天鈺,28,2,26,元富-台南,2023-09-19,5929
00878,國泰永續高股息,27,4,23,元富-台南,2023-09-19,5929
2313,華通,56,34,22,元富-台南,2023-09-19,5929
00919,群益台灣精選高息,21,0,21,元富-台南,2023-09-19,5929
2618,長榮航,33,12,21,元富-台南,2023-09-19,5929
4402,郡都開發,20,0,20,元富-台南,2023-09-19,5929
6472,保瑞,19,0,19,元富-台南,2023-09-19,5929
2323,中環,20,1,19,元富-台南,2023-09-19,5929
2405,輔信,23,4,19,元富-台南,2023-09-19,5929
6125,廣運,17,0,17,元富-台南,2023-09-19,5929
1609,大亞,19,2,17,元富-台南,2023-09-19,5929
6806,森崴能源,16,0,16,元富-台南,2023-09-19,5929
6485,點序,14,1,13,元富-台南,2023-09-19,5929
6901,鑽石投資,12,0,12,元富-台南,2023-09-19,5929
00932,兆豐永續高息等權,11,0,11,元富-台南,2023-09-19,5929
2312,金寶,11,0,11,元富-台南,2023-09-19,5929
2913,農林,11,0,11,元富-台南,2023-09-19,5929
8390,金益鼎,11,0,11,元富-台南,2023-09-19,5929
4979,華星光,15,4,11,元富-台南,2023-09-19,5929
2387,精元,10,0,10,元富-台南,2023-09-19,5929
3163,波若威,10,0,10,元富-台南,2023-09-19,5929
8222,寶一,13,4,9,元富-台南,2023-09-19,5929
2641,正德,12,3,9,元富-台南,2023-09-19,5929
2382,廣達,10,1,9,元富-台南,2023-09-19,5929
6187,萬潤,8,0,8,元富-台南,2023-09-19,5929
1809,中釉,12,5,7,元富-台南,2023-09-19,5929
3669,圓展,7,0,7,元富-台南,2023-09-19,5929
6182,合晶,7,0,7,元富-台南,2023-09-19,5929
2330,台積電,8,1,7,元富-台南,2023-09-19,5929
2376,技嘉,8,2,6,元富-台南,2023-09-19,5929
2633,台灣高鐵,6,0,6,元富-台南,2023-09-19,5929
2345,智邦,9,3,6,元富-台南,2023-09-19,5929
4714,永捷,6,0,6,元富-台南,2023-09-19,5929
6153,嘉聯益,10,4,6,元富-台南,2023-09-19,5929
6550,北極星藥業-KY,5,0,5,元富-台南,2023-09-19,5929
2356,英業達,11,6,5,元富-台南,2023-09-19,5929
2427,三商電,5,0,5,元富-台南,2023-09-19,5929
2849,安泰銀,5,0,5,元富-台南,2023-09-19,5929
2883,凱基金,5,0,5,元富-台南,2023-09-19,5929
3058,立德,5,0,5,元富-台南,2023-09-19,5929
3209,全科,5,0,5,元富-台南,2023-09-19,5929
3362,先進光,5,0,5,元富-台南,2023-09-19,5929
6147,頎邦,5,0,5,元富-台南,2023-09-19,5929
2609,陽明,6,2,4,元富-台南,2023-09-19,5929
2474,可成,270,0,270,元富-台南,2023-09-20,5929
00929,復華台灣科技優息,263,21,242,元富-台南,2023-09-20,5929
1584,精剛,203,0,203,元富-台南,2023-09-20,5929
00753L,中信中國50正2,100,0,100,元富-台南,2023-09-20,5929
00919,群益台灣精選高息,49,1,48,元富-台南,2023-09-20,5929
2903,遠百,45,0,45,元富-台南,2023-09-20,5929
4402,郡都開發,44,0,44,元富-台南,2023-09-20,5929
8110,華東,41,0,41,元富-台南,2023-09-20,5929
2883,凱基金,44,11,33,元富-台南,2023-09-20,5929
2610,華航,30,0,30,元富-台南,2023-09-20,5929
2303,聯電,26,1,25,元富-台南,2023-09-20,5929
3669,圓展,23,0,23,元富-台南,2023-09-20,5929
1605,華新,48,26,22,元富-台南,2023-09-20,5929
2449,京元電子,19,1,18,元富-台南,2023-09-20,5929
2363,矽統,84,70,14,元富-台南,2023-09-20,5929
2605,新興,58,44,14,元富-台南,2023-09-20,5929
2888,新光金,13,0,13,元富-台南,2023-09-20,5929
6901,鑽石投資,11,0,11,元富-台南,2023-09-20,5929
00921,兆豐龍頭等權重,11,0,11,元富-台南,2023-09-20,5929
2344,華邦電,14,3,11,元富-台南,2023-09-20,5929
1701,中化,10,0,10,元富-台南,2023-09-20,5929
2617,台航,10,0,10,元富-台南,2023-09-20,5929
8028,昇陽半導體,10,0,10,元富-台南,2023-09-20,5929
2354,鴻準,9,0,9,元富-台南,2023-09-20,5929
1589,永冠-KY,10,1,9,元富-台南,2023-09-20,5929
5348,正能量智能,9,0,9,元富-台南,2023-09-20,5929
00720B,元大投資級公司債,8,0,8,元富-台南,2023-09-20,5929
2014,中鴻,10,2,8,元富-台南,2023-09-20,5929
2405,輔信,8,0,8,元富-台南,2023-09-20,5929
8112,至上,9,1,8,元富-台南,2023-09-20,5929
00712,復華富時不動產,8,0,8,元富-台南,2023-09-20,5929
3443,創意,7,0,7,元富-台南,2023-09-20,5929
2415,錩新,7,0,7,元富-台南,2023-09-20,5929
2890,永豐金,7,0,7,元富-台南,2023-09-20,5929
5236,凌陽創新,7,0,7,元富-台南,2023-09-20,5929
2603,長榮,6,0,6,元富-台南,2023-09-20,5929
6153,嘉聯益,7,1,6,元富-台南,2023-09-20,5929
2834,臺企銀,5,0,5,元富-台南,2023-09-20,5929
2328,廣宇,5,0,5,元富-台南,2023-09-20,5929
2371,大同,5,0,5,元富-台南,2023-09-20,5929
3265,台星科,13,8,5,元富-台南,2023-09-20,5929
3715,定穎投控,9,4,5,元富-台南,2023-09-20,5929
4157,太景*-KY,5,0,5,元富-台南,2023-09-20,5929
5512,力麒,10,5,5,元富-台南,2023-09-20,5929
3037,欣興,7,2,5,元富-台南,2023-09-20,5929
1609,大亞,8,3,5,元富-台南,2023-09-20,5929
2317,鴻海,4,0,4,元富-台南,2023-09-20,5929
2352,佳世達,4,0,4,元富-台南,2023-09-20,5929
1809,中釉,4,0,4,元富-台南,2023-09-20,5929
3122,笙泉,5,1,4,元富-台南,2023-09-20,5929
2474,可成,298,0,298,元富-台南,2023-09-21,5929
2888,新光金,174,0,174,元富-台南,2023-09-21,5929
5009,榮剛,102,4,98,元富-台南,2023-09-21,5929
2332,友訊,50,0,50,元富-台南,2023-09-21,5929
2363,矽統,253,214,39,元富-台南,2023-09-21,5929
00753L,中信中國50正2,30,0,30,元富-台南,2023-09-21,5929
2330,台積電,27,2,25,元富-台南,2023-09-21,5929
00637L,元大滬深300正2,25,1,24,元富-台南,2023-09-21,5929
8210,勤誠,29,5,24,元富-台南,2023-09-21,5929
00931B,統一美債20年,22,0,22,元富-台南,2023-09-21,5929
00922,國泰台灣領袖50,21,0,21,元富-台南,2023-09-21,5929
2801,彰銀,20,0,20,元富-台南,2023-09-21,5929
2834,臺企銀,20,1,19,元富-台南,2023-09-21,5929
2379,瑞昱,17,0,17,元富-台南,2023-09-21,5929
00680L,元大美債20正2,15,0,15,元富-台南,2023-09-21,5929
00631L,元大台灣50正2,14,0,14,元富-台南,2023-09-21,5929
00878,國泰永續高股息,22,8,14,元富-台南,2023-09-21,5929
2883,凱基金,13,0,13,元富-台南,2023-09-21,5929
3037,欣興,13,0,13,元富-台南,2023-09-21,5929
00923,群益台ESG低碳50,11,0,11,元富-台南,2023-09-21,5929
00881,國泰台灣5G+,10,0,10,元富-台南,2023-09-21,5929
00902,中信電池及儲能,10,0,10,元富-台南,2023-09-21,5929
00632R,元大台灣50反1,10,0,10,元富-台南,2023-09-21,5929
2025,千興,10,0,10,元富-台南,2023-09-21,5929
2208,台船,10,0,10,元富-台南,2023-09-21,5929
4147,中裕,10,0,10,元富-台南,2023-09-21,5929
6806,森崴能源,10,0,10,元富-台南,2023-09-21,5929
2002,中鋼,11,1,10,元富-台南,2023-09-21,5929
6589,台康生技,9,0,9,元富-台南,2023-09-21,5929
00679B,元大美債20年,9,0,9,元富-台南,2023-09-21,5929
6472,保瑞,8,0,8,元富-台南,2023-09-21,5929
2892,第一金,9,2,7,元富-台南,2023-09-21,5929
2382,廣達,13,6,7,元富-台南,2023-09-21,5929
00857B,永豐20年美公債,7,0,7,元富-台南,2023-09-21,5929
2903,遠百,7,0,7,元富-台南,2023-09-21,5929
6901,鑽石投資,8,2,6,元富-台南,2023-09-21,5929
00646,元大S＆P500,6,0,6,元富-台南,2023-09-21,5929
3163,波若威,9,3,6,元富-台南,2023-09-21,5929
00722B,群益投資級電信債,6,0,6,元富-台南,2023-09-21,5929
00781B,國泰A級科技債,6,0,6,元富-台南,2023-09-21,5929
1409,新纖,6,0,6,元富-台南,2023-09-21,5929
2365,昆盈,6,0,6,元富-台南,2023-09-21,5929
2486,一詮,6,0,6,元富-台南,2023-09-21,5929
3545,敦泰,8,2,6,元富-台南,2023-09-21,5929
3580,友威科,6,0,6,元富-台南,2023-09-21,5929
00751B,元大AAA至A公司債,8,2,6,元富-台南,2023-09-21,5929
006208,富邦台50,6,0,6,元富-台南,2023-09-21,5929
2303,聯電,5,0,5,元富-台南,2023-09-21,5929
8222,寶一,5,0,5,元富-台南,2023-09-21,5929
2331,精英,5,0,5,元富-台南,2023-09-21,5929
2474,可成,238,0,238,元富-台南,2023-09-22,5929
2892,第一金,108,0,108,元富-台南,2023-09-22,5929
00712,復華富時不動產,58,0,58,元富-台南,2023-09-22,5929
00773B,中信優先金融債,55,0,55,元富-台南,2023-09-22,5929
2363,矽統,178,132,46,元富-台南,2023-09-22,5929
00764B,群益25年美債,39,0,39,元富-台南,2023-09-22,5929
2883,凱基金,38,0,38,元富-台南,2023-09-22,5929
6139,亞翔,36,1,35,元富-台南,2023-09-22,5929
00720B,元大投資級公司債,34,0,34,元富-台南,2023-09-22,5929
00919,群益台灣精選高息,31,2,29,元富-台南,2023-09-22,5929
2891,中信金,29,0,29,元富-台南,2023-09-22,5929
00857B,永豐20年美公債,28,0,28,元富-台南,2023-09-22,5929
00931B,統一美債20年,20,0,20,元富-台南,2023-09-22,5929
6213,聯茂,32,12,20,元富-台南,2023-09-22,5929
00885,富邦越南,19,0,19,元富-台南,2023-09-22,5929
1444,力麗,18,0,18,元富-台南,2023-09-22,5929
00687B,國泰20年美債,17,0,17,元富-台南,2023-09-22,5929
3615,安可,18,2,16,元富-台南,2023-09-22,5929
6125,廣運,17,1,16,元富-台南,2023-09-22,5929
2618,長榮航,17,2,15,元富-台南,2023-09-22,5929
00680L,元大美債20正2,15,0,15,元富-台南,2023-09-22,5929
0050,元大台灣50,14,0,14,元富-台南,2023-09-22,5929
2337,旺宏,12,0,12,元富-台南,2023-09-22,5929
00929,復華台灣科技優息,23,11,12,元富-台南,2023-09-22,5929
2031,新光鋼,10,0,10,元富-台南,2023-09-22,5929
2379,瑞昱,10,0,10,元富-台南,2023-09-22,5929
2330,台積電,16,6,10,元富-台南,2023-09-22,5929
1609,大亞,11,2,9,元富-台南,2023-09-22,5929
2376,技嘉,19,10,9,元富-台南,2023-09-22,5929
0056,元大高股息,14,5,9,元富-台南,2023-09-22,5929
1101,台泥,8,0,8,元富-台南,2023-09-22,5929
00772B,中信高評級公司債,9,1,8,元富-台南,2023-09-22,5929
2367,燿華,8,0,8,元富-台南,2023-09-22,5929
3682,亞太電,8,0,8,元富-台南,2023-09-22,5929
00878,國泰永續高股息,14,7,7,元富-台南,2023-09-22,5929
3260,威剛,7,0,7,元富-台南,2023-09-22,5929
4121,優盛,7,0,7,元富-台南,2023-09-22,5929
00670L,富邦NASDAQ正2,6,0,6,元富-台南,2023-09-22,5929
00740B,富邦全球投等債,6,0,6,元富-台南,2023-09-22,5929
00795B,中信美國公債20年,6,0,6,元富-台南,2023-09-22,5929
1515,力山,6,0,6,元富-台南,2023-09-22,5929
2630,亞航,6,0,6,元富-台南,2023-09-22,5929
3265,台星科,12,6,6,元富-台南,2023-09-22,5929
9103,美德醫療-DR,6,0,6,元富-台南,2023-09-22,5929
2535,達欣工,6,1,5,元富-台南,2023-09-22,5929
2538,基泰,5,0,5,元富-台南,2023-09-22,5929
00893,國泰智能電動車,5,0,5,元富-台南,2023-09-22,5929
3707,漢磊,6,1,5,元富-台南,2023-09-22,5929
00922,國泰台灣領袖50,5,0,5,元富-台南,2023-09-22,5929
00888,永豐台灣ESG,5,0,5,元富-台南,2023-09-22,5929
00919,群益台灣精選高息,106,0,106,元富-台南,2023-09-25,5929
00753L,中信中國50正2,100,0,100,元富-台南,2023-09-25,5929
1584,精剛,75,5,70,元富-台南,2023-09-25,5929
5009,榮剛,65,20,45,元富-台南,2023-09-25,5929
00929,復華台灣科技優息,45,3,42,元富-台南,2023-09-25,5929
3217,優群,40,0,40,元富-台南,2023-09-25,5929
1101,台泥,37,0,37,元富-台南,2023-09-25,5929
3682,亞太電,32,0,32,元富-台南,2023-09-25,5929
2363,矽統,145,114,31,元富-台南,2023-09-25,5929
2883,凱基金,24,0,24,元富-台南,2023-09-25,5929
2634,漢翔,22,0,22,元富-台南,2023-09-25,5929
3615,安可,20,0,20,元富-台南,2023-09-25,5929
2201,裕隆,20,0,20,元富-台南,2023-09-25,5929
6901,鑽石投資,22,4,18,元富-台南,2023-09-25,5929
3450,聯鈞,17,0,17,元富-台南,2023-09-25,5929
2610,華航,13,0,13,元富-台南,2023-09-25,5929
1504,東元,21,10,11,元富-台南,2023-09-25,5929
2367,燿華,10,0,10,元富-台南,2023-09-25,5929
2031,新光鋼,10,0,10,元富-台南,2023-09-25,5929
2371,大同,10,0,10,元富-台南,2023-09-25,5929
3033,威健,10,0,10,元富-台南,2023-09-25,5929
5880,合庫金,10,0,10,元富-台南,2023-09-25,5929
6560,欣普羅,10,0,10,元富-台南,2023-09-25,5929
00923,群益台ESG低碳50,9,0,9,元富-台南,2023-09-25,5929
6125,廣運,9,0,9,元富-台南,2023-09-25,5929
8097,常珵,9,0,9,元富-台南,2023-09-25,5929
2402,毅嘉,24,15,9,元富-台南,2023-09-25,5929
3231,緯創,13,4,9,元富-台南,2023-09-25,5929
6117,迎廣,9,1,8,元富-台南,2023-09-25,5929
00878,國泰永續高股息,18,11,7,元富-台南,2023-09-25,5929
00679B,元大美債20年,6,0,6,元富-台南,2023-09-25,5929
00633L,富邦上証正2,6,0,6,元富-台南,2023-09-25,5929
2421,建準,6,0,6,元富-台南,2023-09-25,5929
2618,長榮航,24,18,6,元富-台南,2023-09-25,5929
3059,華晶科,6,0,6,元富-台南,2023-09-25,5929
2882,國泰金,5,0,5,元富-台南,2023-09-25,5929
2382,廣達,8,3,5,元富-台南,2023-09-25,5929
00720B,元大投資級公司債,5,0,5,元富-台南,2023-09-25,5929
2002,中鋼,5,0,5,元富-台南,2023-09-25,5929
2401,凌陽,5,0,5,元富-台南,2023-09-25,5929
2493,揚博,5,0,5,元富-台南,2023-09-25,5929
2732,六角,5,0,5,元富-台南,2023-09-25,5929
3036,文曄,6,1,5,元富-台南,2023-09-25,5929
1304,台聚,4,0,4,元富-台南,2023-09-25,5929
00931B,統一美債20年,4,0,4,元富-台南,2023-09-25,5929
2313,華通,9,5,4,元富-台南,2023-09-25,5929
3363,上詮,22,18,4,元富-台南,2023-09-25,5929
4935,茂林-KY,4,0,4,元富-台南,2023-09-25,5929
6182,合晶,4,0,4,元富-台南,2023-09-25,5929
6187,萬潤,5,1,4,元富-台南,2023-09-25,5929
2474,可成,124,0,124,元富-台南,2023-09-26,5929
00929,復華台灣科技優息,106,17,89,元富-台南,2023-09-26,5929
00919,群益台灣精選高息,72,0,72,元富-台南,2023-09-26,5929
00931B,統一美債20年,35,0,35,元富-台南,2023-09-26,5929
1815,富喬,32,6,26,元富-台南,2023-09-26,5929
1301,台塑,23,0,23,元富-台南,2023-09-26,5929
2330,台積電,21,0,21,元富-台南,2023-09-26,5929
1104,環泥,21,0,21,元富-台南,2023-09-26,5929
2344,華邦電,17,0,17,元富-台南,2023-09-26,5929
00773B,中信優先金融債,15,0,15,元富-台南,2023-09-26,5929
4566,時碩工業,14,0,14,元富-台南,2023-09-26,5929
6188,廣明,15,1,14,元富-台南,2023-09-26,5929
00720B,元大投資級公司債,14,0,14,元富-台南,2023-09-26,5929
2002,中鋼,13,0,13,元富-台南,2023-09-26,5929
3615,安可,14,1,13,元富-台南,2023-09-26,5929
00905,FT臺灣Smart,11,0,11,元富-台南,2023-09-26,5929
00712,復華富時不動產,11,0,11,元富-台南,2023-09-26,5929
2031,新光鋼,11,0,11,元富-台南,2023-09-26,5929
6531,愛普*,51,40,11,元富-台南,2023-09-26,5929
8390,金益鼎,11,0,11,元富-台南,2023-09-26,5929
2884,玉山金,11,0,11,元富-台南,2023-09-26,5929
00893,國泰智能電動車,10,0,10,元富-台南,2023-09-26,5929
00932,兆豐永續高息等權,10,0,10,元富-台南,2023-09-26,5929
4114,健喬,10,0,10,元富-台南,2023-09-26,5929
4543,萬在,10,0,10,元富-台南,2023-09-26,5929
5426,振發,10,0,10,元富-台南,2023-09-26,5929
9919,康那香,10,0,10,元富-台南,2023-09-26,5929
9938,百和,10,0,10,元富-台南,2023-09-26,5929
2882,國泰金,10,0,10,元富-台南,2023-09-26,5929
00687B,國泰20年美債,10,1,9,元富-台南,2023-09-26,5929
0056,元大高股息,10,1,9,元富-台南,2023-09-26,5929
00885,富邦越南,8,0,8,元富-台南,2023-09-26,5929
00679B,元大美債20年,7,0,7,元富-台南,2023-09-26,5929
00680L,元大美債20正2,10,3,7,元富-台南,2023-09-26,5929
6550,北極星藥業-KY,6,0,6,元富-台南,2023-09-26,5929
00722B,群益投資級電信債,6,0,6,元富-台南,2023-09-26,5929
00751B,元大AAA至A公司債,6,0,6,元富-台南,2023-09-26,5929
2017,官田鋼,6,0,6,元富-台南,2023-09-26,5929
2610,華航,10,4,6,元富-台南,2023-09-26,5929
6108,競國,6,0,6,元富-台南,2023-09-26,5929
6187,萬潤,6,0,6,元富-台南,2023-09-26,5929
00772B,中信高評級公司債,5,0,5,元富-台南,2023-09-26,5929
00631L,元大台灣50正2,5,0,5,元富-台南,2023-09-26,5929
2308,台達電,5,0,5,元富-台南,2023-09-26,5929
00923,群益台ESG低碳50,5,0,5,元富-台南,2023-09-26,5929
00922,國泰台灣領袖50,5,0,5,元富-台南,2023-09-26,5929
2010,春源,5,0,5,元富-台南,2023-09-26,5929
2388,威盛,58,53,5,元富-台南,2023-09-26,5929
3324,雙鴻,8,3,5,元富-台南,2023-09-26,5929
3548,兆利,13,8,5,元富-台南,2023-09-26,5929
2474,可成,117,0,117,元富-台南,2023-09-27,5929
1584,精剛,108,1,107,元富-台南,2023-09-27,5929
00753L,中信中國50正2,200,100,100,元富-台南,2023-09-27,5929
5009,榮剛,60,1,59,元富-台南,2023-09-27,5929
00919,群益台灣精選高息,55,6,49,元富-台南,2023-09-27,5929
00929,復華台灣科技優息,44,23,21,元富-台南,2023-09-27,5929
3036,文曄,30,10,20,元富-台南,2023-09-27,5929
2002,中鋼,19,4,15,元富-台南,2023-09-27,5929
2605,新興,21,6,15,元富-台南,2023-09-27,5929
3028,增你強,15,0,15,元富-台南,2023-09-27,5929
2337,旺宏,15,1,14,元富-台南,2023-09-27,5929
2834,臺企銀,12,0,12,元富-台南,2023-09-27,5929
5347,世界,11,0,11,元富-台南,2023-09-27,5929
00632R,元大台灣50反1,10,0,10,元富-台南,2023-09-27,5929
2010,春源,10,0,10,元富-台南,2023-09-27,5929
2637,慧洋-KY,10,0,10,元富-台南,2023-09-27,5929
3265,台星科,10,0,10,元富-台南,2023-09-27,5929
3419,譁裕,10,0,10,元富-台南,2023-09-27,5929
3682,亞太電,10,0,10,元富-台南,2023-09-27,5929
6806,森崴能源,10,0,10,元富-台南,2023-09-27,5929
2614,東森,10,1,9,元富-台南,2023-09-27,5929
2882,國泰金,9,0,9,元富-台南,2023-09-27,5929
2891,中信金,9,0,9,元富-台南,2023-09-27,5929
00712,復華富時不動產,8,0,8,元富-台南,2023-09-27,5929
2303,聯電,9,2,7,元富-台南,2023-09-27,5929
8420,明揚,15,8,7,元富-台南,2023-09-27,5929
00720B,元大投資級公司債,7,0,7,元富-台南,2023-09-27,5929
2358,廷鑫,6,0,6,元富-台南,2023-09-27,5929
4147,中裕,6,0,6,元富-台南,2023-09-27,5929
4919,新唐,6,0,6,元富-台南,2023-09-27,5929
2892,第一金,5,0,5,元富-台南,2023-09-27,5929
00902,中信電池及儲能,5,0,5,元富-台南,2023-09-27,5929
2313,華通,5,0,5,元富-台南,2023-09-27,5929
2440,太空梭,5,0,5,元富-台南,2023-09-27,5929
3033,威健,5,0,5,元富-台南,2023-09-27,5929
3059,華晶科,5,0,5,元富-台南,2023-09-27,5929
3379,彬台,5,0,5,元富-台南,2023-09-27,5929
5864,致和證,5,0,5,元富-台南,2023-09-27,5929
6202,盛群,5,0,5,元富-台南,2023-09-27,5929
6203,海韻電,5,0,5,元富-台南,2023-09-27,5929
3037,欣興,4,0,4,元富-台南,2023-09-27,5929
00882,中信中國高股息,4,0,4,元富-台南,2023-09-27,5929
00891,中信關鍵半導體,4,0,4,元富-台南,2023-09-27,5929
2014,中鴻,4,0,4,元富-台南,2023-09-27,5929
2618,長榮航,15,11,4,元富-台南,2023-09-27,5929
3056,富華新,4,0,4,元富-台南,2023-09-27,5929
3704,合勤控,4,0,4,元富-台南,2023-09-27,5929
8028,昇陽半導體,5,1,4,元富-台南,2023-09-27,5929
9904,寶成,4,0,4,元富-台南,2023-09-27,5929
0056,元大高股息,4,0,4,元富-台南,2023-09-27,5929
2474,可成,233,0,233,元富-台南,2023-09-28,5929
3682,亞太電,73,0,73,元富-台南,2023-09-28,5929
2329,華泰,40,5,35,元富-台南,2023-09-28,5929
2363,矽統,93,60,33,元富-台南,2023-09-28,5929
2618,長榮航,26,1,25,元富-台南,2023-09-28,5929
00720B,元大投資級公司債,23,0,23,元富-台南,2023-09-28,5929
1515,力山,23,0,23,元富-台南,2023-09-28,5929
00712,復華富時不動產,22,0,22,元富-台南,2023-09-28,5929
2402,毅嘉,32,10,22,元富-台南,2023-09-28,5929
2610,華航,27,6,21,元富-台南,2023-09-28,5929
2031,新光鋼,21,0,21,元富-台南,2023-09-28,5929
00931B,統一美債20年,20,0,20,元富-台南,2023-09-28,5929
5225,東科-KY,20,0,20,元富-台南,2023-09-28,5929
00772B,中信高評級公司債,12,0,12,元富-台南,2023-09-28,5929
00885,富邦越南,20,8,12,元富-台南,2023-09-28,5929
00687B,國泰20年美債,12,0,12,元富-台南,2023-09-28,5929
00929,復華台灣科技優息,67,55,12,元富-台南,2023-09-28,5929
6806,森崴能源,15,3,12,元富-台南,2023-09-28,5929
2883,凱基金,11,0,11,元富-台南,2023-09-28,5929
3051,力特,11,0,11,元富-台南,2023-09-28,5929
1326,台化,10,0,10,元富-台南,2023-09-28,5929
1314,中石化,10,0,10,元富-台南,2023-09-28,5929
1504,東元,10,0,10,元富-台南,2023-09-28,5929
1809,中釉,10,0,10,元富-台南,2023-09-28,5929
3379,彬台,10,0,10,元富-台南,2023-09-28,5929
3669,圓展,13,3,10,元富-台南,2023-09-28,5929
1101,台泥,9,0,9,元富-台南,2023-09-28,5929
00850,元大臺灣ESG永續,9,0,9,元富-台南,2023-09-28,5929
2408,南亞科,12,3,9,元富-台南,2023-09-28,5929
5426,振發,11,2,9,元富-台南,2023-09-28,5929
3231,緯創,24,15,9,元富-台南,2023-09-28,5929
8050,廣積,8,1,7,元富-台南,2023-09-28,5929
2353,宏��,7,0,7,元富-台南,2023-09-28,5929
2002,中鋼,10,3,7,元富-台南,2023-09-28,5929
2344,華邦電,7,1,6,元富-台南,2023-09-28,5929
4938,和碩,6,0,6,元富-台南,2023-09-28,5929
2421,建準,9,3,6,元富-台南,2023-09-28,5929
1524,耿鼎,5,0,5,元富-台南,2023-09-28,5929
00773B,中信優先金融債,5,0,5,元富-台南,2023-09-28,5929
1444,力麗,5,0,5,元富-台南,2023-09-28,5929
00930,永豐ESG低碳高息,5,0,5,元富-台南,2023-09-28,5929
2609,陽明,7,2,5,元富-台南,2023-09-28,5929
2615,萬海,6,1,5,元富-台南,2023-09-28,5929
3088,艾訊,5,0,5,元富-台南,2023-09-28,5929
3622,洋華,5,0,5,元富-台南,2023-09-28,5929
5351,鈺創,5,0,5,元富-台南,2023-09-28,5929
8150,南茂,5,0,5,元富-台南,2023-09-28,5929
8478,東哥遊艇,5,0,5,元富-台南,2023-09-28,5929
00878,國泰永續高股息,4,0,4,元富-台南,2023-09-28,5929
2882,國泰金,10,6,4,元富-台南,2023-09-28,5929
3682,亞太電,155,0,155,元富-台南,2023-10-02,5929
2363,矽統,84,32,52,元富-台南,2023-10-02,5929
2388,威盛,146,94,52,元富-台南,2023-10-02,5929
4414,如興,50,0,50,元富-台南,2023-10-02,5929
2002,中鋼,55,7,48,元富-台南,2023-10-02,5929
2618,長榮航,47,0,47,元富-台南,2023-10-02,5929
00720B,元大投資級公司債,48,15,33,元富-台南,2023-10-02,5929
00929,復華台灣科技優息,26,0,26,元富-台南,2023-10-02,5929
2609,陽明,25,1,24,元富-台南,2023-10-02,5929
2025,千興,29,5,24,元富-台南,2023-10-02,5929
1609,大亞,31,9,22,元富-台南,2023-10-02,5929
00878,國泰永續高股息,24,3,21,元富-台南,2023-10-02,5929
2486,一詮,20,2,18,元富-台南,2023-10-02,5929
00931B,統一美債20年,17,0,17,元富-台南,2023-10-02,5929
8358,金居,21,4,17,元富-台南,2023-10-02,5929
6223,旺矽,15,0,15,元富-台南,2023-10-02,5929
6806,森崴能源,15,0,15,元富-台南,2023-10-02,5929
2337,旺宏,34,21,13,元富-台南,2023-10-02,5929
2208,台船,11,0,11,元富-台南,2023-10-02,5929
6712,長聖,11,0,11,元富-台南,2023-10-02,5929
1444,力麗,10,0,10,元富-台南,2023-10-02,5929
1528,恩德,10,0,10,元富-台南,2023-10-02,5929
1905,華紙,10,0,10,元富-台南,2023-10-02,5929
2340,台亞,10,0,10,元富-台南,2023-10-02,5929
2409,友達,10,0,10,元富-台南,2023-10-02,5929
2515,中工,10,0,10,元富-台南,2023-10-02,5929
3666,光耀,10,0,10,元富-台南,2023-10-02,5929
6138,茂達,10,0,10,元富-台南,2023-10-02,5929
00751B,元大AAA至A公司債,10,0,10,元富-台南,2023-10-02,5929
6147,頎邦,10,1,9,元富-台南,2023-10-02,5929
2332,友訊,10,1,9,元富-台南,2023-10-02,5929
6605,帝寶,8,0,8,元富-台南,2023-10-02,5929
8390,金益鼎,7,0,7,元富-台南,2023-10-02,5929
2356,英業達,19,12,7,元富-台南,2023-10-02,5929
00712,復華富時不動產,6,0,6,元富-台南,2023-10-02,5929
1611,中電,6,0,6,元富-台南,2023-10-02,5929
3481,群創,17,11,6,元富-台南,2023-10-02,5929
4542,科嶠,6,0,6,元富-台南,2023-10-02,5929
00687B,國泰20年美債,5,0,5,元富-台南,2023-10-02,5929
00881,國泰台灣5G+,5,0,5,元富-台南,2023-10-02,5929
2031,新光鋼,5,0,5,元富-台南,2023-10-02,5929
2449,京元電子,5,0,5,元富-台南,2023-10-02,5929
3230,錦明,5,0,5,元富-台南,2023-10-02,5929
3374,精材,5,0,5,元富-台南,2023-10-02,5929
6830,汎銓,5,0,5,元富-台南,2023-10-02,5929
3483,力致,6,1,5,元富-台南,2023-10-02,5929
1904,正隆,4,0,4,元富-台南,2023-10-02,5929
2892,第一金,4,0,4,元富-台南,2023-10-02,5929
00898,國泰基因免疫革命,4,0,4,元富-台南,2023-10-02,5929
2605,新興,10,6,4,元富-台南,2023-10-02,5929
00929,復華台灣科技優息,118,8,110,元富-台南,2023-10-03,5929
2903,遠百,94,0,94,元富-台南,2023-10-03,5929
2474,可成,90,0,90,元富-台南,2023-10-03,5929
00888,永豐台灣ESG,50,0,50,元富-台南,2023-10-03,5929
00680L,元大美債20正2,50,0,50,元富-台南,2023-10-03,5929
00688L,國泰20年美債正2,50,0,50,元富-台南,2023-10-03,5929
2025,千興,50,0,50,元富-台南,2023-10-03,5929
4414,如興,50,0,50,元富-台南,2023-10-03,5929
3682,亞太電,46,0,46,元富-台南,2023-10-03,5929
2409,友達,52,12,40,元富-台南,2023-10-03,5929
2363,矽統,81,46,35,元富-台南,2023-10-03,5929
5225,東科-KY,30,1,29,元富-台南,2023-10-03,5929
2605,新興,30,3,27,元富-台南,2023-10-03,5929
00712,復華富時不動產,24,0,24,元富-台南,2023-10-03,5929
00720B,元大投資級公司債,23,0,23,元富-台南,2023-10-03,5929
3264,欣銓,20,0,20,元富-台南,2023-10-03,5929
00753L,中信中國50正2,20,0,20,元富-台南,2023-10-03,5929
2002,中鋼,19,0,19,元富-台南,2023-10-03,5929
0056,元大高股息,23,4,19,元富-台南,2023-10-03,5929
2388,威盛,185,167,18,元富-台南,2023-10-03,5929
2317,鴻海,18,1,17,元富-台南,2023-10-03,5929
2427,三商電,18,1,17,元富-台南,2023-10-03,5929
1605,華新,14,0,14,元富-台南,2023-10-03,5929
00922,國泰台灣領袖50,13,0,13,元富-台南,2023-10-03,5929
3013,晟銘電,14,1,13,元富-台南,2023-10-03,5929
3163,波若威,18,5,13,元富-台南,2023-10-03,5929
2371,大同,13,1,12,元富-台南,2023-10-03,5929
1609,大亞,25,14,11,元富-台南,2023-10-03,5929
8390,金益鼎,10,0,10,元富-台南,2023-10-03,5929
00665L,富邦�琤肭磪囓�2,10,0,10,元富-台南,2023-10-03,5929
2340,台亞,10,0,10,元富-台南,2023-10-03,5929
3714,富采,10,0,10,元富-台南,2023-10-03,5929
6116,彩晶,10,0,10,元富-台南,2023-10-03,5929
8110,華東,10,0,10,元富-台南,2023-10-03,5929
00687B,國泰20年美債,9,0,9,元富-台南,2023-10-03,5929
2208,台船,11,2,9,元富-台南,2023-10-03,5929
2538,基泰,11,3,8,元富-台南,2023-10-03,5929
4944,兆遠,8,0,8,元富-台南,2023-10-03,5929
3231,緯創,22,14,8,元富-台南,2023-10-03,5929
2888,新光金,22,15,7,元富-台南,2023-10-03,5929
6472,保瑞,7,0,7,元富-台南,2023-10-03,5929
00882,中信中國高股息,7,0,7,元富-台南,2023-10-03,5929
00931B,統一美債20年,7,0,7,元富-台南,2023-10-03,5929
1612,宏泰,7,0,7,元富-台南,2023-10-03,5929
2883,凱基金,7,0,7,元富-台南,2023-10-03,5929
3014,聯陽,7,0,7,元富-台南,2023-10-03,5929
3035,智原,7,0,7,元富-台南,2023-10-03,5929
2892,第一金,6,0,6,元富-台南,2023-10-03,5929
6485,點序,6,0,6,元富-台南,2023-10-03,5929
2421,建準,9,3,6,元富-台南,2023-10-03,5929
00673R,期元大S＆P原油反1,254,0,254,元富-台南,2023-10-04,5929
5009,榮剛,101,0,101,元富-台南,2023-10-04,5929
2474,可成,100,0,100,元富-台南,2023-10-04,5929
3682,亞太電,61,0,61,元富-台南,2023-10-04,5929
2002,中鋼,62,4,58,元富-台南,2023-10-04,5929
6770,力積電,43,0,43,元富-台南,2023-10-04,5929
3481,群創,36,2,34,元富-台南,2023-10-04,5929
1608,華榮,30,0,30,元富-台南,2023-10-04,5929
00720B,元大投資級公司債,27,0,27,元富-台南,2023-10-04,5929
2886,兆豐金,26,0,26,元富-台南,2023-10-04,5929
00931B,統一美債20年,26,0,26,元富-台南,2023-10-04,5929
2330,台積電,25,0,25,元富-台南,2023-10-04,5929
00712,復華富時不動產,23,0,23,元富-台南,2023-10-04,5929
2618,長榮航,22,0,22,元富-台南,2023-10-04,5929
1104,環泥,21,0,21,元富-台南,2023-10-04,5929
4121,優盛,20,0,20,元富-台南,2023-10-04,5929
2025,千興,20,1,19,元富-台南,2023-10-04,5929
00722B,群益投資級電信債,16,0,16,元富-台南,2023-10-04,5929
0056,元大高股息,15,0,15,元富-台南,2023-10-04,5929
2317,鴻海,18,4,14,元富-台南,2023-10-04,5929
00751B,元大AAA至A公司債,15,0,15,元富-台南,2023-10-04,5929
2353,宏��,14,0,14,元富-台南,2023-10-04,5929
3094,聯傑,17,3,14,元富-台南,2023-10-04,5929
2891,中信金,13,0,13,元富-台南,2023-10-04,5929
2303,聯電,13,0,13,元富-台南,2023-10-04,5929
1101,台泥,13,0,13,元富-台南,2023-10-04,5929
1605,華新,14,1,13,元富-台南,2023-10-04,5929
00687B,國泰20年美債,13,0,13,元富-台南,2023-10-04,5929
2329,華泰,13,0,13,元富-台南,2023-10-04,5929
00922,國泰台灣領袖50,12,0,12,元富-台南,2023-10-04,5929
1301,台塑,12,0,12,元富-台南,2023-10-04,5929
1609,大亞,12,1,11,元富-台南,2023-10-04,5929
3714,富采,11,0,11,元富-台南,2023-10-04,5929
4128,中天,10,0,10,元富-台南,2023-10-04,5929
5225,東科-KY,12,2,10,元富-台南,2023-10-04,5929
5483,中美晶,10,0,10,元富-台南,2023-10-04,5929
6156,松上,10,0,10,元富-台南,2023-10-04,5929
2382,廣達,11,2,9,元富-台南,2023-10-04,5929
2892,第一金,10,2,8,元富-台南,2023-10-04,5929
00679B,元大美債20年,8,0,8,元富-台南,2023-10-04,5929
2743,山富,8,0,8,元富-台南,2023-10-04,5929
1303,南亞,8,0,8,元富-台南,2023-10-04,5929
00725B,國泰投資級公司債,7,0,7,元富-台南,2023-10-04,5929
2313,華通,10,3,7,元富-台南,2023-10-04,5929
5498,凱崴,7,0,7,元富-台南,2023-10-04,5929
6112,邁達特,9,2,7,元富-台南,2023-10-04,5929
6187,萬潤,9,2,7,元富-台南,2023-10-04,5929
1216,統一,6,0,6,元富-台南,2023-10-04,5929
8086,宏捷科,7,1,6,元富-台南,2023-10-04,5929
2605,新興,9,3,6,元富-台南,2023-10-04,5929
1210,大成,300,10,290,元富-台南,2023-10-05,5929
00637L,元大滬深300正2,100,0,100,元富-台南,2023-10-05,5929
3682,亞太電,76,0,76,元富-台南,2023-10-05,5929
6150,撼訊,39,1,38,元富-台南,2023-10-05,5929
9105,泰金寶-DR,56,21,35,元富-台南,2023-10-05,5929
00929,復華台灣科技優息,35,5,30,元富-台南,2023-10-05,5929
00712,復華富時不動產,29,0,29,元富-台南,2023-10-05,5929
3265,台星科,15,0,15,元富-台南,2023-10-05,5929
4114,健喬,14,0,14,元富-台南,2023-10-05,5929
00722B,群益投資級電信債,12,0,12,元富-台南,2023-10-05,5929
2603,長榮,11,0,11,元富-台南,2023-10-05,5929
6712,長聖,10,0,10,元富-台南,2023-10-05,5929
8277,商丞,10,0,10,元富-台南,2023-10-05,5929
9905,大華,10,0,10,元富-台南,2023-10-05,5929
00753L,中信中國50正2,9,0,9,元富-台南,2023-10-05,5929
1524,耿鼎,9,0,9,元富-台南,2023-10-05,5929
1618,合機,9,1,8,元富-台南,2023-10-05,5929
4714,永捷,8,0,8,元富-台南,2023-10-05,5929
2417,圓剛,14,6,8,元富-台南,2023-10-05,5929
2363,矽統,85,78,7,元富-台南,2023-10-05,5929
3483,力致,7,0,7,元富-台南,2023-10-05,5929
3715,定穎投控,14,7,7,元富-台南,2023-10-05,5929
2457,飛宏,11,5,6,元富-台南,2023-10-05,5929
3576,聯合再生,6,0,6,元富-台南,2023-10-05,5929
6651,全宇昕,6,0,6,元富-台南,2023-10-05,5929
3276,宇環,5,0,5,元富-台南,2023-10-05,5929
3372,典範,5,0,5,元富-台南,2023-10-05,5929
3630,新鉅科,5,0,5,元富-台南,2023-10-05,5929
9958,世紀鋼,5,0,5,元富-台南,2023-10-05,5929
2317,鴻海,5,0,5,元富-台南,2023-10-05,5929
3338,泰碩,4,0,4,元富-台南,2023-10-05,5929
2402,毅嘉,4,0,4,元富-台南,2023-10-05,5929
3014,聯陽,4,0,4,元富-台南,2023-10-05,5929
3325,旭品,7,3,4,元富-台南,2023-10-05,5929
6438,迅得,5,1,4,元富-台南,2023-10-05,5929
6442,光聖,4,0,4,元富-台南,2023-10-05,5929
6672,騰輝電子-KY,4,0,4,元富-台南,2023-10-05,5929
1101,台泥,4,0,4,元富-台南,2023-10-05,5929
3122,笙泉,11,8,3,元富-台南,2023-10-05,5929
00687B,國泰20年美債,3,0,3,元富-台南,2023-10-05,5929
1301,台塑,3,0,3,元富-台南,2023-10-05,5929
00715L,期街口布蘭特正2,3,0,3,元富-台南,2023-10-05,5929
2201,裕隆,3,0,3,元富-台南,2023-10-05,5929
2390,云辰,3,0,3,元富-台南,2023-10-05,5929
3057,喬鼎,3,0,3,元富-台南,2023-10-05,5929
3481,群創,5,2,3,元富-台南,2023-10-05,5929
6016,康和證,3,0,3,元富-台南,2023-10-05,5929
8215,明基材,4,1,3,元富-台南,2023-10-05,5929
2204,中華,3,0,3,元富-台南,2023-10-05,5929
3006,晶豪科,2,0,2,元富-台南,2023-10-05,5929
1210,大成,151,0,151,元富-台南,2023-10-06,5929
3682,亞太電,83,0,83,元富-台南,2023-10-06,5929
3231,緯創,68,5,63,元富-台南,2023-10-06,5929
2474,可成,60,0,60,元富-台南,2023-10-06,5929
2312,金寶,60,1,59,元富-台南,2023-10-06,5929
00929,復華台灣科技優息,54,0,54,元富-台南,2023-10-06,5929
2025,千興,50,0,50,元富-台南,2023-10-06,5929
5225,東科-KY,50,3,47,元富-台南,2023-10-06,5929
3325,旭品,50,7,43,元富-台南,2023-10-06,5929
00722B,群益投資級電信債,23,0,23,元富-台南,2023-10-06,5929
8271,宇瞻,19,0,19,元富-台南,2023-10-06,5929
2371,大同,16,0,16,元富-台南,2023-10-06,5929
0056,元大高股息,14,0,14,元富-台南,2023-10-06,5929
2618,長榮航,32,18,14,元富-台南,2023-10-06,5929
2363,矽統,44,32,12,元富-台南,2023-10-06,5929
00720B,元大投資級公司債,11,0,11,元富-台南,2023-10-06,5929
9933,中鼎,10,0,10,元富-台南,2023-10-06,5929
1515,力山,10,0,10,元富-台南,2023-10-06,5929
2408,南亞科,10,0,10,元富-台南,2023-10-06,5929
6191,精成科,11,1,10,元富-台南,2023-10-06,5929
2601,益航,9,0,9,元富-台南,2023-10-06,5929
3438,類比科,10,1,9,元富-台南,2023-10-06,5929
3037,欣興,9,1,8,元富-台南,2023-10-06,5929
00931B,統一美債20年,8,0,8,元富-台南,2023-10-06,5929
2344,華邦電,15,7,8,元富-台南,2023-10-06,5929
2427,三商電,34,26,8,元富-台南,2023-10-06,5929
2892,第一金,10,2,8,元富-台南,2023-10-06,5929
2929,淘帝-KY,10,2,8,元富-台南,2023-10-06,5929
3264,欣銓,7,0,7,元富-台南,2023-10-06,5929
1301,台塑,7,0,7,元富-台南,2023-10-06,5929
2388,威盛,6,0,6,元富-台南,2023-10-06,5929
2887,台新金,11,5,6,元富-台南,2023-10-06,5929
4543,萬在,6,0,6,元富-台南,2023-10-06,5929
5009,榮剛,8,2,6,元富-台南,2023-10-06,5929
00679B,元大美債20年,6,0,6,元富-台南,2023-10-06,5929
3481,群創,6,1,5,元富-台南,2023-10-06,5929
2603,長榮,6,1,5,元富-台南,2023-10-06,5929
1217,愛之味,5,0,5,元富-台南,2023-10-06,5929
00751B,元大AAA至A公司債,5,0,5,元富-台南,2023-10-06,5929
00725B,國泰投資級公司債,5,0,5,元富-台南,2023-10-06,5929
2303,聯電,5,0,5,元富-台南,2023-10-06,5929
2409,友達,5,0,5,元富-台南,2023-10-06,5929
3380,明泰,5,0,5,元富-台南,2023-10-06,5929
2884,玉山金,5,0,5,元富-台南,2023-10-06,5929
00919,群益台灣精選高息,7,3,4,元富-台南,2023-10-06,5929
8046,南電,4,0,4,元富-台南,2023-10-06,5929
2204,中華,5,1,4,元富-台南,2023-10-06,5929
2486,一詮,5,1,4,元富-台南,2023-10-06,5929
3059,華晶科,4,0,4,元富-台南,2023-10-06,5929
2301,光寶科,3,0,3,元富-台南,2023-10-06,5929
3234,光環,151,0,151,元富-台南,2023-10-11,5929
1210,大成,150,1,149,元富-台南,2023-10-11,5929
3682,亞太電,128,0,128,元富-台南,2023-10-11,5929
00637L,元大滬深300正2,100,0,100,元富-台南,2023-10-11,5929
2474,可成,100,1,99,元富-台南,2023-10-11,5929
4714,永捷,104,13,91,元富-台南,2023-10-11,5929
6806,森崴能源,48,0,48,元富-台南,2023-10-11,5929
2609,陽明,37,4,33,元富-台南,2023-10-11,5929
00680L,元大美債20正2,30,0,30,元富-台南,2023-10-11,5929
1608,華榮,30,0,30,元富-台南,2023-10-11,5929
4121,優盛,30,0,30,元富-台南,2023-10-11,5929
1722,台肥,25,0,25,元富-台南,2023-10-11,5929
8033,雷虎,23,0,23,元富-台南,2023-10-11,5929
2382,廣達,37,15,22,元富-台南,2023-10-11,5929
2618,長榮航,21,0,21,元富-台南,2023-10-11,5929
8110,華東,20,0,20,元富-台南,2023-10-11,5929
00929,復華台灣科技優息,20,1,19,元富-台南,2023-10-11,5929
2356,英業達,18,3,15,元富-台南,2023-10-11,5929
3481,群創,13,0,13,元富-台南,2023-10-11,5929
6531,愛普*,16,3,13,元富-台南,2023-10-11,5929
6285,啟��,14,2,12,元富-台南,2023-10-11,5929
1504,東元,16,5,11,元富-台南,2023-10-11,5929
5351,鈺創,11,0,11,元富-台南,2023-10-11,5929
8478,東哥遊艇,11,0,11,元富-台南,2023-10-11,5929
5225,東科-KY,13,2,11,元富-台南,2023-10-11,5929
5285,界霖,11,0,11,元富-台南,2023-10-11,5929
6120,達運,11,0,11,元富-台南,2023-10-11,5929
6257,矽格,10,0,10,元富-台南,2023-10-11,5929
6732,昇佳電子,10,0,10,元富-台南,2023-10-11,5929
2515,中工,10,0,10,元富-台南,2023-10-11,5929
3702A,大聯大甲特,10,0,10,元富-台南,2023-10-11,5929
4967,十銓,10,0,10,元富-台南,2023-10-11,5929
2108,南帝,10,0,10,元富-台南,2023-10-11,5929
3013,晟銘電,14,4,10,元富-台南,2023-10-11,5929
00715L,期街口布蘭特正2,10,1,9,元富-台南,2023-10-11,5929
2308,台達電,10,1,9,元富-台南,2023-10-11,5929
8069,元太,8,0,8,元富-台南,2023-10-11,5929
2465,麗臺,7,0,7,元富-台南,2023-10-11,5929
6123,上奇,7,0,7,元富-台南,2023-10-11,5929
00751B,元大AAA至A公司債,6,0,6,元富-台南,2023-10-11,5929
1612,宏泰,6,0,6,元富-台南,2023-10-11,5929
3706,神達,6,0,6,元富-台南,2023-10-11,5929
8390,金益鼎,6,0,6,元富-台南,2023-10-11,5929
2883,凱基金,9,3,6,元富-台南,2023-10-11,5929
1101,台泥,5,0,5,元富-台南,2023-10-11,5929
2634,漢翔,11,6,5,元富-台南,2023-10-11,5929
00782B,國泰A級公用債,5,0,5,元富-台南,2023-10-11,5929
00642U,期元大S＆P石油,5,0,5,元富-台南,2023-10-11,5929
1304,台聚,5,0,5,元富-台南,2023-10-11,5929
1446,宏和,5,0,5,元富-台南,2023-10-11,5929
1785,光洋科,123,0,123,元富-台南,2023-10-12,5929
2883,凱基金,113,3,110,元富-台南,2023-10-12,5929
3682,亞太電,104,5,99,元富-台南,2023-10-12,5929
2329,華泰,82,4,78,元富-台南,2023-10-12,5929
2474,可成,60,1,59,元富-台南,2023-10-12,5929
2903,遠百,50,1,49,元富-台南,2023-10-12,5929
00929,復華台灣科技優息,35,2,33,元富-台南,2023-10-12,5929
2025,千興,30,0,30,元富-台南,2023-10-12,5929
6005,群益證,30,0,30,元富-台南,2023-10-12,5929
2312,金寶,20,0,20,元富-台南,2023-10-12,5929
3481,群創,20,3,17,元富-台南,2023-10-12,5929
0056,元大高股息,18,2,16,元富-台南,2023-10-12,5929
4906,正文,16,0,16,元富-台南,2023-10-12,5929
00724B,群益投資級金融債,15,0,15,元富-台南,2023-10-12,5929
2427,三商電,13,1,12,元富-台南,2023-10-12,5929
9105,泰金寶-DR,12,0,12,元富-台南,2023-10-12,5929
1324,地球,10,0,10,元富-台南,2023-10-12,5929
1446,宏和,10,0,10,元富-台南,2023-10-12,5929
2305,全友,10,0,10,元富-台南,2023-10-12,5929
4121,優盛,10,0,10,元富-台南,2023-10-12,5929
2363,矽統,479,470,9,元富-台南,2023-10-12,5929
1514,亞力,9,0,9,元富-台南,2023-10-12,5929
1815,富喬,9,0,9,元富-台南,2023-10-12,5929
3704,合勤控,10,1,9,元富-台南,2023-10-12,5929
2886,兆豐金,40,31,9,元富-台南,2023-10-12,5929
2002,中鋼,13,5,8,元富-台南,2023-10-12,5929
2405,輔信,9,1,8,元富-台南,2023-10-12,5929
2610,華航,11,3,8,元富-台南,2023-10-12,5929
2382,廣達,23,16,7,元富-台南,2023-10-12,5929
2404,漢唐,7,0,7,元富-台南,2023-10-12,5929
3264,欣銓,6,0,6,元富-台南,2023-10-12,5929
2399,映泰,8,3,5,元富-台南,2023-10-12,5929
3211,順達,5,0,5,元富-台南,2023-10-12,5929
4162,智擎,5,0,5,元富-台南,2023-10-12,5929
4967,十銓,5,0,5,元富-台南,2023-10-12,5929
6192,巨路,5,0,5,元富-台南,2023-10-12,5929
6234,高僑,5,0,5,元富-台南,2023-10-12,5929
00923,群益台ESG低碳50,10,6,4,元富-台南,2023-10-12,5929
2834,臺企銀,8,4,4,元富-台南,2023-10-12,5929
00931B,統一美債20年,4,0,4,元富-台南,2023-10-12,5929
5225,東科-KY,4,0,4,元富-台南,2023-10-12,5929
6235,華孚,4,0,4,元富-台南,2023-10-12,5929
2356,英業達,5,2,3,元富-台南,2023-10-12,5929
1519,華城,3,0,3,元富-台南,2023-10-12,5929
1513,中興電,3,0,3,元富-台南,2023-10-12,5929
2206,三陽工業,4,1,3,元富-台南,2023-10-12,5929
2609,陽明,5,2,3,元富-台南,2023-10-12,5929
2801,彰銀,3,0,3,元富-台南,2023-10-12,5929
2867,三商壽,3,0,3,元富-台南,2023-10-12,5929
3483,力致,13,10,3,元富-台南,2023-10-12,5929
3078,僑威,191,9,182,元富-台南,2023-10-13,5929
1785,光洋科,114,0,114,元富-台南,2023-10-13,5929
0056,元大高股息,74,6,68,元富-台南,2023-10-13,5929
2474,可成,60,1,59,元富-台南,2023-10-13,5929
4121,優盛,57,0,57,元富-台南,2023-10-13,5929
00637L,元大滬深300正2,50,0,50,元富-台南,2023-10-13,5929
2425,承啟,55,6,49,元富-台南,2023-10-13,5929
3325,旭品,32,0,32,元富-台南,2023-10-13,5929
2427,三商電,34,3,31,元富-台南,2023-10-13,5929
2382,廣達,43,14,29,元富-台南,2023-10-13,5929
3231,緯創,40,13,27,元富-台南,2023-10-13,5929
00878,國泰永續高股息,24,1,23,元富-台南,2023-10-13,5929
6116,彩晶,20,0,20,元富-台南,2023-10-13,5929
6112,邁達特,36,17,19,元富-台南,2023-10-13,5929
00720B,元大投資級公司債,17,0,17,元富-台南,2023-10-13,5929
00687B,國泰20年美債,16,0,16,元富-台南,2023-10-13,5929
2884,玉山金,21,6,15,元富-台南,2023-10-13,5929
1815,富喬,14,0,14,元富-台南,2023-10-13,5929
2610,華航,14,0,14,元富-台南,2023-10-13,5929
00919,群益台灣精選高息,16,2,14,元富-台南,2023-10-13,5929
00722B,群益投資級電信債,13,0,13,元富-台南,2023-10-13,5929
2344,華邦電,13,1,12,元富-台南,2023-10-13,5929
1101,台泥,16,4,12,元富-台南,2023-10-13,5929
2881,富邦金,10,0,10,元富-台南,2023-10-13,5929
3033,威健,10,0,10,元富-台南,2023-10-13,5929
3013,晟銘電,10,1,9,元富-台南,2023-10-13,5929
1584,精剛,14,6,8,元富-台南,2023-10-13,5929
2376,技嘉,17,10,7,元富-台南,2023-10-13,5929
2913,農林,7,0,7,元富-台南,2023-10-13,5929
3059,華晶科,7,0,7,元富-台南,2023-10-13,5929
00680L,元大美債20正2,6,0,6,元富-台南,2023-10-13,5929
00712,復華富時不動產,6,0,6,元富-台南,2023-10-13,5929
2615,萬海,8,2,6,元富-台南,2023-10-13,5929
3481,群創,6,0,6,元富-台南,2023-10-13,5929
3702A,大聯大甲特,6,0,6,元富-台南,2023-10-13,5929
4707,磐亞,6,0,6,元富-台南,2023-10-13,5929
6168,宏齊,7,1,6,元富-台南,2023-10-13,5929
6284,佳邦,7,1,6,元富-台南,2023-10-13,5929
6223,旺矽,6,0,6,元富-台南,2023-10-13,5929
3714,富采,5,0,5,元富-台南,2023-10-13,5929
2308,台達電,5,0,5,元富-台南,2023-10-13,5929
3264,欣銓,5,0,5,元富-台南,2023-10-13,5929
1718,中纖,5,0,5,元富-台南,2023-10-13,5929
2493,揚博,5,0,5,元富-台南,2023-10-13,5929
5512,力麒,5,0,5,元富-台南,2023-10-13,5929
6212,理銘,5,0,5,元富-台南,2023-10-13,5929
6461,益得,5,0,5,元富-台南,2023-10-13,5929
2353,宏��,4,0,4,元富-台南,2023-10-13,5929
2377,微星,4,0,4,元富-台南,2023-10-13,5929
00715L,期街口布蘭特正2,5,1,4,元富-台南,2023-10-13,5929
1210,大成,200,0,200,元富-台南,2023-10-16,5929
3682,亞太電,184,0,184,元富-台南,2023-10-16,5929
2474,可成,180,0,180,元富-台南,2023-10-16,5929
1101,台泥,59,0,59,元富-台南,2023-10-16,5929
00929,復華台灣科技優息,60,3,57,元富-台南,2023-10-16,5929
6770,力積電,53,1,52,元富-台南,2023-10-16,5929
00680L,元大美債20正2,45,0,45,元富-台南,2023-10-16,5929
4121,優盛,44,0,44,元富-台南,2023-10-16,5929
2363,矽統,353,316,37,元富-台南,2023-10-16,5929
2618,長榮航,30,11,19,元富-台南,2023-10-16,5929
2610,華航,18,0,18,元富-台南,2023-10-16,5929
0056,元大高股息,17,0,17,元富-台南,2023-10-16,5929
2201,裕隆,22,5,17,元富-台南,2023-10-16,5929
6282,康舒,16,0,16,元富-台南,2023-10-16,5929
00631L,元大台灣50正2,16,0,16,元富-台南,2023-10-16,5929
6112,邁達特,18,2,16,元富-台南,2023-10-16,5929
6806,森崴能源,16,0,16,元富-台南,2023-10-16,5929
1605,華新,19,6,13,元富-台南,2023-10-16,5929
2002,中鋼,16,3,13,元富-台南,2023-10-16,5929
00922,國泰台灣領袖50,21,9,12,元富-台南,2023-10-16,5929
1905,華紙,13,1,12,元富-台南,2023-10-16,5929
00900,富邦特選高股息30,11,0,11,元富-台南,2023-10-16,5929
6419,京晨科,11,0,11,元富-台南,2023-10-16,5929
2344,華邦電,15,4,11,元富-台南,2023-10-16,5929
1217,愛之味,10,0,10,元富-台南,2023-10-16,5929
00932,兆豐永續高息等權,10,0,10,元富-台南,2023-10-16,5929
00713,元大台灣高息低波,10,0,10,元富-台南,2023-10-16,5929
00905,FT臺灣Smart,10,0,10,元富-台南,2023-10-16,5929
1589,永冠-KY,10,0,10,元富-台南,2023-10-16,5929
2405,輔信,22,12,10,元富-台南,2023-10-16,5929
2913,農林,10,0,10,元富-台南,2023-10-16,5929
00687B,國泰20年美債,9,1,8,元富-台南,2023-10-16,5929
8996,高力,9,2,7,元富-台南,2023-10-16,5929
00919,群益台灣精選高息,6,0,6,元富-台南,2023-10-16,5929
00642U,期元大S＆P石油,6,0,6,元富-台南,2023-10-16,5929
4714,永捷,16,10,6,元富-台南,2023-10-16,5929
8028,昇陽半導體,5,0,5,元富-台南,2023-10-16,5929
00921,兆豐龍頭等權重,5,0,5,元富-台南,2023-10-16,5929
1316,上曜,5,0,5,元富-台南,2023-10-16,5929
2228,劍麟,5,0,5,元富-台南,2023-10-16,5929
2369,菱生,7,2,5,元富-台南,2023-10-16,5929
2845,遠東銀,5,0,5,元富-台南,2023-10-16,5929
3025,星通,11,6,5,元富-台南,2023-10-16,5929
6285,啟��,5,0,5,元富-台南,2023-10-16,5929
8069,元太,5,0,5,元富-台南,2023-10-16,5929
2609,陽明,5,1,4,元富-台南,2023-10-16,5929
2317,鴻海,4,0,4,元富-台南,2023-10-16,5929
3558,神準,4,0,4,元富-台南,2023-10-16,5929
1539,巨庭,4,0,4,元富-台南,2023-10-16,5929
2206,三陽工業,4,0,4,元富-台南,2023-10-16,5929
3682,亞太電,201,0,201,元富-台南,2023-10-17,5929
1210,大成,120,0,120,元富-台南,2023-10-17,5929
2474,可成,110,0,110,元富-台南,2023-10-17,5929
2025,千興,70,0,70,元富-台南,2023-10-17,5929
3078,僑威,55,2,53,元富-台南,2023-10-17,5929
2633,台灣高鐵,50,0,50,元富-台南,2023-10-17,5929
1101,台泥,42,0,42,元富-台南,2023-10-17,5929
2891,中信金,40,1,39,元富-台南,2023-10-17,5929
2618,長榮航,38,4,34,元富-台南,2023-10-17,5929
0056,元大高股息,31,0,31,元富-台南,2023-10-17,5929
00720B,元大投資級公司債,30,0,30,元富-台南,2023-10-17,5929
00680L,元大美債20正2,30,0,30,元富-台南,2023-10-17,5929
4121,優盛,30,0,30,元富-台南,2023-10-17,5929
00878,國泰永續高股息,23,0,23,元富-台南,2023-10-17,5929
4114,健喬,20,0,20,元富-台南,2023-10-17,5929
00929,復華台灣科技優息,28,10,18,元富-台南,2023-10-17,5929
3483,力致,24,7,17,元富-台南,2023-10-17,5929
00687B,國泰20年美債,15,0,15,元富-台南,2023-10-17,5929
3163,波若威,17,2,15,元富-台南,2023-10-17,5929
3706,神達,17,2,15,元富-台南,2023-10-17,5929
4960,誠美材,15,0,15,元富-台南,2023-10-17,5929
5439,高技,16,2,14,元富-台南,2023-10-17,5929
00919,群益台灣精選高息,14,0,14,元富-台南,2023-10-17,5929
2634,漢翔,14,0,14,元富-台南,2023-10-17,5929
3702A,大聯大甲特,14,0,14,元富-台南,2023-10-17,5929
3715,定穎投控,15,3,12,元富-台南,2023-10-17,5929
2610,華航,15,3,12,元富-台南,2023-10-17,5929
5215,科嘉-KY,16,4,12,元富-台南,2023-10-17,5929
2371,大同,10,0,10,元富-台南,2023-10-17,5929
00921,兆豐龍頭等權重,10,0,10,元富-台南,2023-10-17,5929
2838,聯邦銀,10,0,10,元富-台南,2023-10-17,5929
2888,新光金,10,0,10,元富-台南,2023-10-17,5929
3680,家登,10,0,10,元富-台南,2023-10-17,5929
2498,宏達電,7,0,7,元富-台南,2023-10-17,5929
6261,久元,7,0,7,元富-台南,2023-10-17,5929
6485,點序,7,0,7,元富-台南,2023-10-17,5929
6806,森崴能源,7,0,7,元富-台南,2023-10-17,5929
1316,上曜,6,0,6,元富-台南,2023-10-17,5929
2606,裕民,9,3,6,元富-台南,2023-10-17,5929
8171,天宇,6,0,6,元富-台南,2023-10-17,5929
00922,國泰台灣領袖50,8,2,6,元富-台南,2023-10-17,5929
00712,復華富時不動產,6,0,6,元富-台南,2023-10-17,5929
00679B,元大美債20年,6,0,6,元富-台南,2023-10-17,5929
00713,元大台灣高息低波,5,0,5,元富-台南,2023-10-17,5929
2002,中鋼,8,3,5,元富-台南,2023-10-17,5929
00931B,統一美債20年,5,0,5,元富-台南,2023-10-17,5929
2465,麗臺,8,3,5,元富-台南,2023-10-17,5929
4908,前鼎,8,3,5,元富-台南,2023-10-17,5929
4919,新唐,5,0,5,元富-台南,2023-10-17,5929
4967,十銓,6,1,5,元富-台南,2023-10-17,5929
3682,亞太電,169,0,169,元富-台南,2023-10-18,5929
2388,威盛,170,27,143,元富-台南,2023-10-18,5929
2474,可成,120,0,120,元富-台南,2023-10-18,5929
0056,元大高股息,97,1,96,元富-台南,2023-10-18,5929
1210,大成,80,0,80,元富-台南,2023-10-18,5929
00878,國泰永續高股息,65,10,55,元富-台南,2023-10-18,5929
4121,優盛,53,0,53,元富-台南,2023-10-18,5929
4714,永捷,52,0,52,元富-台南,2023-10-18,5929
2363,矽統,80,28,52,元富-台南,2023-10-18,5929
00929,復華台灣科技優息,45,0,45,元富-台南,2023-10-18,5929
2323,中環,50,10,40,元富-台南,2023-10-18,5929
3228,金麗科,41,1,40,元富-台南,2023-10-18,5929
2425,承啟,41,3,38,元富-台南,2023-10-18,5929
00922,國泰台灣領袖50,35,0,35,元富-台南,2023-10-18,5929
2618,長榮航,40,6,34,元富-台南,2023-10-18,5929
00642U,期元大S＆P石油,25,0,25,元富-台南,2023-10-18,5929
00720B,元大投資級公司債,22,0,22,元富-台南,2023-10-18,5929
9938,百和,24,2,22,元富-台南,2023-10-18,5929
2201,裕隆,37,15,22,元富-台南,2023-10-18,5929
6282,康舒,27,6,21,元富-台南,2023-10-18,5929
1467,南緯,21,0,21,元富-台南,2023-10-18,5929
6114,久威,35,15,20,元富-台南,2023-10-18,5929
6231,系微,20,0,20,元富-台南,2023-10-18,5929
2344,華邦電,19,1,18,元富-台南,2023-10-18,5929
2605,新興,20,2,18,元富-台南,2023-10-18,5929
00751B,元大AAA至A公司債,13,0,13,元富-台南,2023-10-18,5929
00713,元大台灣高息低波,13,0,13,元富-台南,2023-10-18,5929
1802,台玻,13,0,13,元富-台南,2023-10-18,5929
2382,廣達,29,17,12,元富-台南,2023-10-18,5929
2883,凱基金,12,0,12,元富-台南,2023-10-18,5929
9105,泰金寶-DR,12,0,12,元富-台南,2023-10-18,5929
2376,技嘉,30,19,11,元富-台南,2023-10-18,5929
00900,富邦特選高股息30,11,0,11,元富-台南,2023-10-18,5929
00772B,中信高評級公司債,11,0,11,元富-台南,2023-10-18,5929
2331,精英,10,0,10,元富-台南,2023-10-18,5929
3003,健和興,10,0,10,元富-台南,2023-10-18,5929
3346,麗清,11,1,10,元富-台南,2023-10-18,5929
3706,神達,12,2,10,元富-台南,2023-10-18,5929
4147,中裕,10,0,10,元富-台南,2023-10-18,5929
4960,誠美材,10,0,10,元富-台南,2023-10-18,5929
6229,研通,10,0,10,元富-台南,2023-10-18,5929
6248,沛波,10,0,10,元富-台南,2023-10-18,5929
9962,有益,10,0,10,元富-台南,2023-10-18,5929
00722B,群益投資級電信債,9,0,9,元富-台南,2023-10-18,5929
00631L,元大台灣50正2,9,0,9,元富-台南,2023-10-18,5929
00781B,國泰A級科技債,9,0,9,元富-台南,2023-10-18,5929
00773B,中信優先金融債,8,0,8,元富-台南,2023-10-18,5929
2329,華泰,28,20,8,元富-台南,2023-10-18,5929
6547,高端疫苗,7,0,7,元富-台南,2023-10-18,5929
6138,茂達,7,0,7,元富-台南,2023-10-18,5929
2474,可成,106,0,106,元富-台南,2023-10-19,5929
3682,亞太電,53,1,52,元富-台南,2023-10-19,5929
2903,遠百,48,0,48,元富-台南,2023-10-19,5929
1101,台泥,50,5,45,元富-台南,2023-10-19,5929
00720B,元大投資級公司債,37,0,37,元富-台南,2023-10-19,5929
00722B,群益投資級電信債,23,0,23,元富-台南,2023-10-19,5929
00878,國泰永續高股息,23,0,23,元富-台南,2023-10-19,5929
0056,元大高股息,22,0,22,元富-台南,2023-10-19,5929
1504,東元,22,1,21,元富-台南,2023-10-19,5929
2009,第一銅,20,0,20,元富-台南,2023-10-19,5929
1319,東陽,27,7,20,元富-台南,2023-10-19,5929
2317,鴻海,20,1,19,元富-台南,2023-10-19,5929
2834,臺企銀,20,1,19,元富-台南,2023-10-19,5929
3041,揚智,35,16,19,元富-台南,2023-10-19,5929
00933B,國泰10Y+金融債,17,0,17,元富-台南,2023-10-19,5929
6114,久威,19,3,16,元富-台南,2023-10-19,5929
00687B,國泰20年美債,15,0,15,元富-台南,2023-10-19,5929
00751B,元大AAA至A公司債,11,0,11,元富-台南,2023-10-19,5929
00679B,元大美債20年,12,1,11,元富-台南,2023-10-19,5929
8478,東哥遊艇,11,0,11,元富-台南,2023-10-19,5929
4960,誠美材,13,2,11,元富-台南,2023-10-19,5929
2329,華泰,10,0,10,元富-台南,2023-10-19,5929
2371,大同,10,0,10,元富-台南,2023-10-19,5929
00905,FT臺灣Smart,10,0,10,元富-台南,2023-10-19,5929
00680L,元大美債20正2,10,0,10,元富-台南,2023-10-19,5929
1227,佳格,10,0,10,元富-台南,2023-10-19,5929
1409,新纖,10,0,10,元富-台南,2023-10-19,5929
2323,中環,10,0,10,元富-台南,2023-10-19,5929
2610,華航,9,0,9,元富-台南,2023-10-19,5929
00646,元大S＆P500,8,0,8,元富-台南,2023-10-19,5929
6526,達發,7,0,7,元富-台南,2023-10-19,5929
00922,國泰台灣領袖50,7,0,7,元富-台南,2023-10-19,5929
6142,友勁,7,0,7,元富-台南,2023-10-19,5929
00713,元大台灣高息低波,6,0,6,元富-台南,2023-10-19,5929
6806,森崴能源,6,0,6,元富-台南,2023-10-19,5929
00725B,國泰投資級公司債,6,0,6,元富-台南,2023-10-19,5929
00885,富邦越南,6,0,6,元富-台南,2023-10-19,5929
00670L,富邦NASDAQ正2,6,0,6,元富-台南,2023-10-19,5929
4157,太景*-KY,6,0,6,元富-台南,2023-10-19,5929
6257,矽格,6,0,6,元富-台南,2023-10-19,5929
00637L,元大滬深300正2,25,20,5,元富-台南,2023-10-19,5929
00632R,元大台灣50反1,5,0,5,元富-台南,2023-10-19,5929
00665L,富邦�琤肭磪囓�2,5,0,5,元富-台南,2023-10-19,5929
1324,地球,18,13,5,元富-台南,2023-10-19,5929
3105,穩懋,5,0,5,元富-台南,2023-10-19,5929
3265,台星科,5,0,5,元富-台南,2023-10-19,5929
3308,聯德,6,1,5,元富-台南,2023-10-19,5929
5465,富驊,5,0,5,元富-台南,2023-10-19,5929
6274,台燿,6,1,5,元富-台南,2023-10-19,5929
6285,啟��,5,0,5,元富-台南,2023-10-19,5929
3682,亞太電,164,0,164,元富-台南,2023-10-20,5929
1785,光洋科,121,6,115,元富-台南,2023-10-20,5929
2474,可成,95,0,95,元富-台南,2023-10-20,5929
00878,國泰永續高股息,54,0,54,元富-台南,2023-10-20,5929
6139,亞翔,42,0,42,元富-台南,2023-10-20,5929
0056,元大高股息,29,1,28,元富-台南,2023-10-20,5929
2888,新光金,28,0,28,元富-台南,2023-10-20,5929
00712,復華富時不動產,27,0,27,元富-台南,2023-10-20,5929
00722B,群益投資級電信債,24,0,24,元富-台南,2023-10-20,5929
00929,復華台灣科技優息,32,11,21,元富-台南,2023-10-20,5929
2329,華泰,21,1,20,元富-台南,2023-10-20,5929
6806,森崴能源,18,0,18,元富-台南,2023-10-20,5929
00922,國泰台灣領袖50,18,1,17,元富-台南,2023-10-20,5929
2885,元大金,16,0,16,元富-台南,2023-10-20,5929
2204,中華,15,0,15,元富-台南,2023-10-20,5929
6770,力積電,16,1,15,元富-台南,2023-10-20,5929
8069,元太,14,0,14,元富-台南,2023-10-20,5929
6114,久威,29,15,14,元富-台南,2023-10-20,5929
1101,台泥,18,5,13,元富-台南,2023-10-20,5929
2882,國泰金,12,0,12,元富-台南,2023-10-20,5929
2401,凌陽,14,2,12,元富-台南,2023-10-20,5929
00885,富邦越南,11,0,11,元富-台南,2023-10-20,5929
2363,矽統,27,17,10,元富-台南,2023-10-20,5929
00725B,國泰投資級公司債,10,0,10,元富-台南,2023-10-20,5929
1608,華榮,10,0,10,元富-台南,2023-10-20,5929
1789,神隆,10,0,10,元富-台南,2023-10-20,5929
2337,旺宏,10,0,10,元富-台南,2023-10-20,5929
6248,沛波,10,0,10,元富-台南,2023-10-20,5929
6568,宏觀,22,12,10,元富-台南,2023-10-20,5929
6282,康舒,13,4,9,元富-台南,2023-10-20,5929
6243,迅杰,8,0,8,元富-台南,2023-10-20,5929
3105,穩懋,7,0,7,元富-台南,2023-10-20,5929
00720B,元大投資級公司債,7,0,7,元富-台南,2023-10-20,5929
1802,台玻,7,0,7,元富-台南,2023-10-20,5929
2002,中鋼,11,4,7,元富-台南,2023-10-20,5929
2324,仁寶,6,0,6,元富-台南,2023-10-20,5929
3231,緯創,18,12,6,元富-台南,2023-10-20,5929
2880,華南金,6,0,6,元富-台南,2023-10-20,5929
6168,宏齊,7,1,6,元富-台南,2023-10-20,5929
2317,鴻海,7,1,6,元富-台南,2023-10-20,5929
2884,玉山金,5,0,5,元富-台南,2023-10-20,5929
2891,中信金,5,0,5,元富-台南,2023-10-20,5929
00679B,元大美債20年,5,0,5,元富-台南,2023-10-20,5929
00919,群益台灣精選高息,5,0,5,元富-台南,2023-10-20,5929
2634,漢翔,5,0,5,元富-台南,2023-10-20,5929
2371,大同,5,0,5,元富-台南,2023-10-20,5929
2385,群光,5,0,5,元富-台南,2023-10-20,5929
2388,威盛,167,162,5,元富-台南,2023-10-20,5929
2441,超豐,5,0,5,元富-台南,2023-10-20,5929
2883,凱基金,5,0,5,元富-台南,2023-10-20,5929
1217,愛之味,63,0,63,元富-台南,2023-10-23,5929
00712,復華富時不動產,50,0,50,元富-台南,2023-10-23,5929
1785,光洋科,45,2,43,元富-台南,2023-10-23,5929
4714,永捷,46,4,42,元富-台南,2023-10-23,5929
00720B,元大投資級公司債,37,0,37,元富-台南,2023-10-23,5929
2025,千興,30,0,30,元富-台南,2023-10-23,5929
00722B,群益投資級電信債,29,0,29,元富-台南,2023-10-23,5929
2409,友達,31,2,29,元富-台南,2023-10-23,5929
00878,國泰永續高股息,27,0,27,元富-台南,2023-10-23,5929
1723,中碳,34,8,26,元富-台南,2023-10-23,5929
00929,復華台灣科技優息,71,46,25,元富-台南,2023-10-23,5929
6770,力積電,51,28,23,元富-台南,2023-10-23,5929
2388,威盛,23,1,22,元富-台南,2023-10-23,5929
2881,富邦金,20,0,20,元富-台南,2023-10-23,5929
2401,凌陽,20,2,18,元富-台南,2023-10-23,5929
3481,群創,20,2,18,元富-台南,2023-10-23,5929
3682,亞太電,21,4,17,元富-台南,2023-10-23,5929
5439,高技,15,0,15,元富-台南,2023-10-23,5929
2331,精英,15,0,15,元富-台南,2023-10-23,5929
6142,友勁,15,0,15,元富-台南,2023-10-23,5929
2883,凱基金,13,0,13,元富-台南,2023-10-23,5929
00919,群益台灣精選高息,11,0,11,元富-台南,2023-10-23,5929
8069,元太,11,0,11,元富-台南,2023-10-23,5929
2328,廣宇,10,0,10,元富-台南,2023-10-23,5929
00680L,元大美債20正2,10,0,10,元富-台南,2023-10-23,5929
1319,東陽,31,21,10,元富-台南,2023-10-23,5929
2363,矽統,20,10,10,元富-台南,2023-10-23,5929
2369,菱生,19,9,10,元富-台南,2023-10-23,5929
8024,佑華,10,0,10,元富-台南,2023-10-23,5929
8390,金益鼎,12,2,10,元富-台南,2023-10-23,5929
6147,頎邦,11,1,10,元富-台南,2023-10-23,5929
2888,新光金,12,3,9,元富-台南,2023-10-23,5929
2882,國泰金,9,1,8,元富-台南,2023-10-23,5929
2605,新興,8,0,8,元富-台南,2023-10-23,5929
1303,南亞,8,0,8,元富-台南,2023-10-23,5929
00922,國泰台灣領袖50,7,0,7,元富-台南,2023-10-23,5929
3443,創意,7,1,6,元富-台南,2023-10-23,5929
3033,威健,6,0,6,元富-台南,2023-10-23,5929
3715,定穎投控,10,4,6,元富-台南,2023-10-23,5929
4938,和碩,6,0,6,元富-台南,2023-10-23,5929
1101,台泥,5,0,5,元富-台南,2023-10-23,5929
2330,台積電,8,3,5,元富-台南,2023-10-23,5929
1524,耿鼎,5,0,5,元富-台南,2023-10-23,5929
2104,國際中橡,7,2,5,元富-台南,2023-10-23,5929
2374,佳能,5,0,5,元富-台南,2023-10-23,5929
3036,文曄,5,0,5,元富-台南,2023-10-23,5929
3276,宇環,5,0,5,元富-台南,2023-10-23,5929
6187,萬潤,8,3,5,元富-台南,2023-10-23,5929
6570,維田,5,0,5,元富-台南,2023-10-23,5929
0056,元大高股息,12,7,5,元富-台南,2023-10-23,5929
2474,可成,120,0,120,元富-台南,2023-10-24,5929
2369,菱生,102,6,96,元富-台南,2023-10-24,5929
2515,中工,85,0,85,元富-台南,2023-10-24,5929
3682,亞太電,81,0,81,元富-台南,2023-10-24,5929
00680L,元大美債20正2,50,0,50,元富-台南,2023-10-24,5929
3272,東碩,50,0,50,元富-台南,2023-10-24,5929
00712,復華富時不動產,34,0,34,元富-台南,2023-10-24,5929
2329,華泰,31,1,30,元富-台南,2023-10-24,5929
3078,僑威,30,1,29,元富-台南,2023-10-24,5929
2303,聯電,31,6,25,元富-台南,2023-10-24,5929
2317,鴻海,37,12,25,元富-台南,2023-10-24,5929
2031,新光鋼,20,0,20,元富-台南,2023-10-24,5929
2834,臺企銀,20,0,20,元富-台南,2023-10-24,5929
3041,揚智,33,15,18,元富-台南,2023-10-24,5929
4121,優盛,17,0,17,元富-台南,2023-10-24,5929
2891,中信金,16,0,16,元富-台南,2023-10-24,5929
0056,元大高股息,15,0,15,元富-台南,2023-10-24,5929
2610,華航,14,0,14,元富-台南,2023-10-24,5929
6901,鑽石投資,10,0,10,元富-台南,2023-10-24,5929
1301,台塑,10,0,10,元富-台南,2023-10-24,5929
1324,地球,14,4,10,元富-台南,2023-10-24,5929
1512,瑞利,10,0,10,元富-台南,2023-10-24,5929
00922,國泰台灣領袖50,10,0,10,元富-台南,2023-10-24,5929
3051,力特,10,0,10,元富-台南,2023-10-24,5929
5302,太欣,10,0,10,元富-台南,2023-10-24,5929
00679B,元大美債20年,8,0,8,元富-台南,2023-10-24,5929
2002,中鋼,7,0,7,元富-台南,2023-10-24,5929
00929,復華台灣科技優息,20,13,7,元富-台南,2023-10-24,5929
6282,康舒,14,7,7,元富-台南,2023-10-24,5929
6123,上奇,6,0,6,元富-台南,2023-10-24,5929
1722,台肥,5,0,5,元富-台南,2023-10-24,5929
2493,揚博,5,0,5,元富-台南,2023-10-24,5929
3028,增你強,5,0,5,元富-台南,2023-10-24,5929
3324,雙鴻,7,2,5,元富-台南,2023-10-24,5929
5512,力麒,5,0,5,元富-台南,2023-10-24,5929
6261,久元,5,0,5,元富-台南,2023-10-24,5929
6494,九齊,11,6,5,元富-台南,2023-10-24,5929
6651,全宇昕,5,0,5,元富-台南,2023-10-24,5929
1101,台泥,4,0,4,元富-台南,2023-10-24,5929
1303,南亞,4,0,4,元富-台南,2023-10-24,5929
1568,倉佑,11,7,4,元富-台南,2023-10-24,5929
2634,漢翔,5,1,4,元富-台南,2023-10-24,5929
4173,久裕,4,0,4,元富-台南,2023-10-24,5929
6138,茂達,4,0,4,元富-台南,2023-10-24,5929
6531,愛普*,4,0,4,元富-台南,2023-10-24,5929
8390,金益鼎,4,0,4,元富-台南,2023-10-24,5929
4979,華星光,14,10,4,元富-台南,2023-10-24,5929
0055,元大MSCI金融,3,0,3,元富-台南,2023-10-24,5929
00915,凱基優選高股息30,3,0,3,元富-台南,2023-10-24,5929
1711,永光,3,0,3,元富-台南,2023-10-24,5929
5225,東科-KY,255,31,224,元富-台南,2023-10-25,5929
2427,三商電,153,1,152,元富-台南,2023-10-25,5929
3682,亞太電,84,0,84,元富-台南,2023-10-25,5929
2303,聯電,52,14,38,元富-台南,2023-10-25,5929
2801,彰銀,35,0,35,元富-台南,2023-10-25,5929
00878,國泰永續高股息,26,0,26,元富-台南,2023-10-25,5929
6282,康舒,25,2,23,元富-台南,2023-10-25,5929
9105,泰金寶-DR,39,17,22,元富-台南,2023-10-25,5929
2337,旺宏,36,20,16,元富-台南,2023-10-25,5929
5258,虹堡,17,1,16,元富-台南,2023-10-25,5929
3483,力致,17,2,15,元富-台南,2023-10-25,5929
6451,訊芯-KY,16,2,14,元富-台南,2023-10-25,5929
00929,復華台灣科技優息,13,1,12,元富-台南,2023-10-25,5929
3037,欣興,11,0,11,元富-台南,2023-10-25,5929
00688L,國泰20年美債正2,11,0,11,元富-台南,2023-10-25,5929
6438,迅得,11,0,11,元富-台南,2023-10-25,5929
1444,力麗,10,0,10,元富-台南,2023-10-25,5929
2312,金寶,20,10,10,元富-台南,2023-10-25,5929
2399,映泰,11,1,10,元富-台南,2023-10-25,5929
2886,兆豐金,9,1,8,元富-台南,2023-10-25,5929
6494,九齊,10,2,8,元富-台南,2023-10-25,5929
3014,聯陽,7,0,7,元富-台南,2023-10-25,5929
4960,誠美材,9,3,6,元富-台南,2023-10-25,5929
6116,彩晶,15,10,5,元富-台南,2023-10-25,5929
2317,鴻海,17,11,6,元富-台南,2023-10-25,5929
00891,中信關鍵半導體,5,0,5,元富-台南,2023-10-25,5929
00932,兆豐永續高息等權,5,0,5,元富-台南,2023-10-25,5929
00642U,期元大S＆P石油,5,0,5,元富-台南,2023-10-25,5929
2027,大成鋼,5,0,5,元富-台南,2023-10-25,5929
2313,華通,8,3,5,元富-台南,2023-10-25,5929
3045,台灣大,5,0,5,元富-台南,2023-10-25,5929
4915,致伸,7,2,5,元富-台南,2023-10-25,5929
6525,捷敏-KY,5,0,5,元富-台南,2023-10-25,5929
8926,台汽電,5,0,5,元富-台南,2023-10-25,5929
3088,艾訊,5,0,5,元富-台南,2023-10-25,5929
2356,英業達,5,0,5,元富-台南,2023-10-25,5929
00712,復華富時不動產,4,0,4,元富-台南,2023-10-25,5929
2419,仲琦,4,0,4,元富-台南,2023-10-25,5929
2816,旺旺保,5,1,4,元富-台南,2023-10-25,5929
4714,永捷,4,0,4,元富-台南,2023-10-25,5929
5340,建榮,4,0,4,元富-台南,2023-10-25,5929
6117,迎廣,4,0,4,元富-台南,2023-10-25,5929
3231,緯創,10,7,3,元富-台南,2023-10-25,5929
6669,緯穎,3,0,3,元富-台南,2023-10-25,5929
1301,台塑,3,0,3,元富-台南,2023-10-25,5929
0055,元大MSCI金融,3,0,3,元富-台南,2023-10-25,5929
1529,樂事綠能,3,0,3,元富-台南,2023-10-25,5929
1809,中釉,3,0,3,元富-台南,2023-10-25,5929
2352,佳世達,3,0,3,元富-台南,2023-10-25,5929
2376,技嘉,20,17,3,元富-台南,2023-10-25,5929
00929,復華台灣科技優息,85,19,66,元富-台南,2023-10-26,5929
1584,精剛,62,1,61,元富-台南,2023-10-26,5929
2344,華邦電,54,0,54,元富-台南,2023-10-26,5929
2376,技嘉,49,10,39,元富-台南,2023-10-26,5929
1785,光洋科,40,1,39,元富-台南,2023-10-26,5929
2883,凱基金,38,0,38,元富-台南,2023-10-26,5929
00878,國泰永續高股息,29,0,29,元富-台南,2023-10-26,5929
3682,亞太電,27,0,27,元富-台南,2023-10-26,5929
0056,元大高股息,33,7,26,元富-台南,2023-10-26,5929
2303,聯電,32,8,24,元富-台南,2023-10-26,5929
6603,富強鑫,20,0,20,元富-台南,2023-10-26,5929
9945,潤泰新,20,0,20,元富-台南,2023-10-26,5929
00720B,元大投資級公司債,17,0,17,元富-台南,2023-10-26,5929
1815,富喬,21,5,16,元富-台南,2023-10-26,5929
00919,群益台灣精選高息,17,3,14,元富-台南,2023-10-26,5929
00722B,群益投資級電信債,14,0,14,元富-台南,2023-10-26,5929
00885,富邦越南,13,0,13,元富-台南,2023-10-26,5929
1721,三晃,28,15,13,元富-台南,2023-10-26,5929
2884,玉山金,12,0,12,元富-台南,2023-10-26,5929
6531,愛普*,11,0,11,元富-台南,2023-10-26,5929
2330,台積電,10,0,10,元富-台南,2023-10-26,5929
00655L,國泰中國A50正2,10,0,10,元富-台南,2023-10-26,5929
00680L,元大美債20正2,10,0,10,元富-台南,2023-10-26,5929
3588,通嘉,10,0,10,元富-台南,2023-10-26,5929
4938,和碩,10,0,10,元富-台南,2023-10-26,5929
5426,振發,10,0,10,元富-台南,2023-10-26,5929
6114,久威,13,3,10,元富-台南,2023-10-26,5929
6179,亞通,10,0,10,元富-台南,2023-10-26,5929
6187,萬潤,11,1,10,元富-台南,2023-10-26,5929
1101,台泥,9,0,9,元富-台南,2023-10-26,5929
00687B,國泰20年美債,10,1,9,元富-台南,2023-10-26,5929
2369,菱生,13,4,9,元富-台南,2023-10-26,5929
2388,威盛,28,19,9,元富-台南,2023-10-26,5929
2543,皇昌,9,0,9,元富-台南,2023-10-26,5929
3041,揚智,15,6,9,元富-台南,2023-10-26,5929
2618,長榮航,8,0,8,元富-台南,2023-10-26,5929
6138,茂達,8,0,8,元富-台南,2023-10-26,5929
8110,華東,27,19,8,元富-台南,2023-10-26,5929
2882,國泰金,7,0,7,元富-台南,2023-10-26,5929
3691,碩禾,8,1,7,元富-台南,2023-10-26,5929
6216,居易,7,0,7,元富-台南,2023-10-26,5929
6282,康舒,12,5,7,元富-台南,2023-10-26,5929
1504,東元,10,4,6,元富-台南,2023-10-26,5929
2485,兆赫,58,52,6,元富-台南,2023-10-26,5929
0050,元大台灣50,6,0,6,元富-台南,2023-10-26,5929
2449,京元電子,6,1,5,元富-台南,2023-10-26,5929
00893,國泰智能電動車,5,0,5,元富-台南,2023-10-26,5929
00795B,中信美國公債20年,5,0,5,元富-台南,2023-10-26,5929
00891,中信關鍵半導體,5,0,5,元富-台南,2023-10-26,5929
00636,國泰中國A50,5,0,5,元富-台南,2023-10-26,5929
1210,大成,70,10,60,元富-台南,2023-10-27,5929
1785,光洋科,52,1,51,元富-台南,2023-10-27,5929
6139,亞翔,48,12,36,元富-台南,2023-10-27,5929
00929,復華台灣科技優息,35,3,32,元富-台南,2023-10-27,5929
00632R,元大台灣50反1,30,0,30,元富-台南,2023-10-27,5929
1316,上曜,24,0,24,元富-台南,2023-10-27,5929
1303,南亞,23,0,23,元富-台南,2023-10-27,5929
2025,千興,23,0,23,元富-台南,2023-10-27,5929
3682,亞太電,21,0,21,元富-台南,2023-10-27,5929
00919,群益台灣精選高息,21,1,20,元富-台南,2023-10-27,5929
9105,泰金寶-DR,20,0,20,元富-台南,2023-10-27,5929
2618,長榮航,39,21,18,元富-台南,2023-10-27,5929
00712,復華富時不動產,14,0,14,元富-台南,2023-10-27,5929
2317,鴻海,16,3,13,元富-台南,2023-10-27,5929
2457,飛宏,11,0,11,元富-台南,2023-10-27,5929
6187,萬潤,11,0,11,元富-台南,2023-10-27,5929
1301,台塑,11,1,10,元富-台南,2023-10-27,5929
1101,台泥,10,0,10,元富-台南,2023-10-27,5929
6282,康舒,14,4,10,元富-台南,2023-10-27,5929
00753L,中信中國50正2,10,0,10,元富-台南,2023-10-27,5929
2204,中華,10,0,10,元富-台南,2023-10-27,5929
2206,三陽工業,10,0,10,元富-台南,2023-10-27,5929
2323,中環,10,0,10,元富-台南,2023-10-27,5929
2331,精英,10,0,10,元富-台南,2023-10-27,5929
6116,彩晶,20,10,10,元富-台南,2023-10-27,5929
2324,仁寶,15,6,9,元富-台南,2023-10-27,5929
3324,雙鴻,7,0,7,元富-台南,2023-10-27,5929
5009,榮剛,12,5,7,元富-台南,2023-10-27,5929
3481,群創,7,0,7,元富-台南,2023-10-27,5929
6257,矽格,6,0,6,元富-台南,2023-10-27,5929
8358,金居,5,0,5,元富-台南,2023-10-27,5929
00679B,元大美債20年,5,0,5,元富-台南,2023-10-27,5929
3017,奇鋐,6,1,5,元富-台南,2023-10-27,5929
00885,富邦越南,5,0,5,元富-台南,2023-10-27,5929
1560,中砂,5,0,5,元富-台南,2023-10-27,5929
2337,旺宏,15,10,5,元富-台南,2023-10-27,5929
2358,廷鑫,5,0,5,元富-台南,2023-10-27,5929
3051,力特,5,0,5,元富-台南,2023-10-27,5929
3325,旭品,5,0,5,元富-台南,2023-10-27,5929
3588,通嘉,5,0,5,元富-台南,2023-10-27,5929
6160,欣技,5,0,5,元富-台南,2023-10-27,5929
3058,立德,4,0,4,元富-台南,2023-10-27,5929
2201,裕隆,4,0,4,元富-台南,2023-10-27,5929
2344,華邦電,9,5,4,元富-台南,2023-10-27,5929
2388,威盛,33,29,4,元富-台南,2023-10-27,5929
2427,三商電,4,0,4,元富-台南,2023-10-27,5929
2449,京元電子,4,0,4,元富-台南,2023-10-27,5929
6123,上奇,4,0,4,元富-台南,2023-10-27,5929
6285,啟��,4,0,4,元富-台南,2023-10-27,5929
6526,達發,5,1,4,元富-台南,2023-10-27,5929
2883,凱基金,43,0,43,元富-台南,2023-10-30,5929
00878,國泰永續高股息,35,1,34,元富-台南,2023-10-30,5929
1210,大成,30,0,30,元富-台南,2023-10-30,5929
00922,國泰台灣領袖50,30,0,30,元富-台南,2023-10-30,5929
2618,長榮航,30,1,29,元富-台南,2023-10-30,5929
2317,鴻海,36,11,25,元富-台南,2023-10-30,5929
4960,誠美材,29,7,22,元富-台南,2023-10-30,5929
2356,英業達,21,1,20,元富-台南,2023-10-30,5929
1319,東陽,21,2,19,元富-台南,2023-10-30,5929
4114,健喬,22,4,18,元富-台南,2023-10-30,5929
8110,華東,21,4,17,元富-台南,2023-10-30,5929
00712,復華富時不動產,16,0,16,元富-台南,2023-10-30,5929
2485,兆赫,17,2,15,元富-台南,2023-10-30,5929
2891,中信金,12,0,12,元富-台南,2023-10-30,5929
00720B,元大投資級公司債,12,0,12,元富-台南,2023-10-30,5929
3682,亞太電,11,0,11,元富-台南,2023-10-30,5929
1101,台泥,10,0,10,元富-台南,2023-10-30,5929
2337,旺宏,20,10,10,元富-台南,2023-10-30,5929
00885,富邦越南,10,0,10,元富-台南,2023-10-30,5929
1603,華電,10,0,10,元富-台南,2023-10-30,5929
1909,榮成,10,0,10,元富-台南,2023-10-30,5929
6168,宏齊,11,1,10,元富-台南,2023-10-30,5929
9939,宏全,10,0,10,元富-台南,2023-10-30,5929
2888,新光金,9,0,9,元富-台南,2023-10-30,5929
6125,廣運,8,0,8,元富-台南,2023-10-30,5929
2353,宏��,8,1,7,元富-台南,2023-10-30,5929
4162,智擎,12,5,7,元富-台南,2023-10-30,5929
2886,兆豐金,6,0,6,元富-台南,2023-10-30,5929
2031,新光鋼,6,0,6,元富-台南,2023-10-30,5929
00687B,國泰20年美債,6,0,6,元富-台南,2023-10-30,5929
2330,台積電,6,1,5,元富-台南,2023-10-30,5929
00929,復華台灣科技優息,11,6,5,元富-台南,2023-10-30,5929
00900,富邦特選高股息30,5,0,5,元富-台南,2023-10-30,5929
1316,上曜,5,0,5,元富-台南,2023-10-30,5929
00642U,期元大S＆P石油,5,0,5,元富-台南,2023-10-30,5929
2406,國碩,5,0,5,元富-台南,2023-10-30,5929
2801,彰銀,5,0,5,元富-台南,2023-10-30,5929
2816,旺旺保,10,5,5,元富-台南,2023-10-30,5929
4175,杏一,5,0,5,元富-台南,2023-10-30,5929
2409,友達,5,1,4,元富-台南,2023-10-30,5929
0056,元大高股息,4,0,4,元富-台南,2023-10-30,5929
6526,達發,5,1,4,元富-台南,2023-10-30,5929
00633L,富邦上証正2,4,0,4,元富-台南,2023-10-30,5929
2610,華航,4,0,4,元富-台南,2023-10-30,5929
2885,元大金,4,0,4,元富-台南,2023-10-30,5929
4130,健亞,4,0,4,元富-台南,2023-10-30,5929
4714,永捷,4,0,4,元富-台南,2023-10-30,5929
6196,帆宣,4,0,4,元富-台南,2023-10-30,5929
6231,系微,4,0,4,元富-台南,2023-10-30,5929
3715,定穎投控,7,3,4,元富-台南,2023-10-30,5929
3682,亞太電,301,162,139,元富-台南,2023-10-31,5929
1210,大成,80,0,80,元富-台南,2023-10-31,5929
4121,優盛,69,0,69,元富-台南,2023-10-31,5929
2883,凱基金,57,0,57,元富-台南,2023-10-31,5929
2329,華泰,83,33,50,元富-台南,2023-10-31,5929
1785,光洋科,55,13,42,元富-台南,2023-10-31,5929
2363,矽統,40,5,35,元富-台南,2023-10-31,5929
00919,群益台灣精選高息,24,0,24,元富-台南,2023-10-31,5929
00900,富邦特選高股息30,20,0,20,元富-台南,2023-10-31,5929
1711,永光,20,0,20,元富-台南,2023-10-31,5929
2362,藍天,20,0,20,元富-台南,2023-10-31,5929
3346,麗清,20,0,20,元富-台南,2023-10-31,5929
5225,東科-KY,20,0,20,元富-台南,2023-10-31,5929
1815,富喬,20,0,20,元富-台南,2023-10-31,5929
0056,元大高股息,15,0,15,元富-台南,2023-10-31,5929
6126,信音,15,0,15,元富-台南,2023-10-31,5929
2618,長榮航,21,7,14,元富-台南,2023-10-31,5929
00878,國泰永續高股息,23,10,13,元富-台南,2023-10-31,5929
00665L,富邦�琤肭磪囓�2,13,0,13,元富-台南,2023-10-31,5929
1305,華夏,11,0,11,元富-台南,2023-10-31,5929
2344,華邦電,11,0,11,元富-台南,2023-10-31,5929
2834,臺企銀,11,0,11,元富-台南,2023-10-31,5929
2353,宏��,10,0,10,元富-台南,2023-10-31,5929
2887,台新金,10,0,10,元富-台南,2023-10-31,5929
1314,中石化,10,0,10,元富-台南,2023-10-31,5929
2388,威盛,14,4,10,元富-台南,2023-10-31,5929
00633L,富邦上証正2,10,0,10,元富-台南,2023-10-31,5929
2233,宇隆,10,0,10,元富-台南,2023-10-31,5929
2313,華通,13,3,10,元富-台南,2023-10-31,5929
8358,金居,10,0,10,元富-台南,2023-10-31,5929
9950,萬國通,10,0,10,元富-台南,2023-10-31,5929
3231,緯創,15,5,10,元富-台南,2023-10-31,5929
2317,鴻海,20,11,9,元富-台南,2023-10-31,5929
2382,廣達,14,4,10,元富-台南,2023-10-31,5929
2324,仁寶,9,0,9,元富-台南,2023-10-31,5929
1524,耿鼎,15,6,9,元富-台南,2023-10-31,5929
1605,華新,9,0,9,元富-台南,2023-10-31,5929
2888,新光金,9,0,9,元富-台南,2023-10-31,5929
5425,台半,8,0,8,元富-台南,2023-10-31,5929
3176,基亞,8,0,8,元富-台南,2023-10-31,5929
6187,萬潤,7,0,7,元富-台南,2023-10-31,5929
6531,愛普*,13,6,7,元富-台南,2023-10-31,5929
2303,聯電,12,6,6,元富-台南,2023-10-31,5929
00888,永豐台灣ESG,6,0,6,元富-台南,2023-10-31,5929
4529,淳紳,6,0,6,元富-台南,2023-10-31,5929
6244,茂迪,8,2,6,元富-台南,2023-10-31,5929
2367,燿華,6,0,6,元富-台南,2023-10-31,5929
1513,中興電,6,1,5,元富-台南,2023-10-31,5929
2337,旺宏,10,5,5,元富-台南,2023-10-31,5929
1609,大亞,5,0,5,元富-台南,2023-10-31,5929
00878,國泰永續高股息,35,2,33,元富-台南,2023-11-01,5929
1504,東元,31,0,31,元富-台南,2023-11-01,5929
00929,復華台灣科技優息,31,3,28,元富-台南,2023-11-01,5929
1210,大成,20,0,20,元富-台南,2023-11-01,5929
6213,聯茂,20,0,20,元富-台南,2023-11-01,5929
2353,宏��,19,0,19,元富-台南,2023-11-01,5929
00885,富邦越南,18,0,18,元富-台南,2023-11-01,5929
3682,亞太電,22,4,18,元富-台南,2023-11-01,5929
00679B,元大美債20年,17,0,17,元富-台南,2023-11-01,5929
4121,優盛,16,0,16,元富-台南,2023-11-01,5929
00934,中信成長高股息,26,11,15,元富-台南,2023-11-01,5929
3213,茂訊,15,0,15,元富-台南,2023-11-01,5929
3481,群創,11,0,11,元富-台南,2023-11-01,5929
2344,華邦電,11,0,11,元富-台南,2023-11-01,5929
2337,旺宏,11,0,11,元富-台南,2023-11-01,5929
1101,台泥,10,0,10,元富-台南,2023-11-01,5929
2605,新興,14,4,10,元富-台南,2023-11-01,5929
2206,三陽工業,10,0,10,元富-台南,2023-11-01,5929
2376,技嘉,17,7,10,元富-台南,2023-11-01,5929
3325,旭品,11,1,10,元富-台南,2023-11-01,5929
6202,盛群,10,0,10,元富-台南,2023-11-01,5929
6282,康舒,16,6,10,元富-台南,2023-11-01,5929
4915,致伸,9,0,9,元富-台南,2023-11-01,5929
2637,慧洋-KY,8,0,8,元富-台南,2023-11-01,5929
3380,明泰,8,0,8,元富-台南,2023-11-01,5929
3715,定穎投控,16,8,8,元富-台南,2023-11-01,5929
5864,致和證,8,0,8,元富-台南,2023-11-01,5929
2317,鴻海,9,1,8,元富-台南,2023-11-01,5929
00687B,國泰20年美債,7,0,7,元富-台南,2023-11-01,5929
2355,敬鵬,7,0,7,元富-台南,2023-11-01,5929
3483,力致,9,3,6,元富-台南,2023-11-01,5929
00688L,國泰20年美債正2,6,0,6,元富-台南,2023-11-01,5929
3356,奇偶,6,0,6,元富-台南,2023-11-01,5929
6125,廣運,6,0,6,元富-台南,2023-11-01,5929
6770,力積電,20,14,6,元富-台南,2023-11-01,5929
8054,安國,8,2,6,元富-台南,2023-11-01,5929
00919,群益台灣精選高息,5,0,5,元富-台南,2023-11-01,5929
00665L,富邦�琤肭磪囓�2,5,0,5,元富-台南,2023-11-01,5929
00655L,國泰中國A50正2,5,0,5,元富-台南,2023-11-01,5929
00633L,富邦上証正2,5,0,5,元富-台南,2023-11-01,5929
2409,友達,5,0,5,元富-台南,2023-11-01,5929
3491,昇達科,5,0,5,元富-台南,2023-11-01,5929
6269,台郡,5,0,5,元富-台南,2023-11-01,5929
6418,詠昇,5,0,5,元富-台南,2023-11-01,5929
1301,台塑,4,0,4,元富-台南,2023-11-01,5929
1513,中興電,4,0,4,元富-台南,2023-11-01,5929
2362,藍天,4,0,4,元富-台南,2023-11-01,5929
2743,山富,4,0,4,元富-台南,2023-11-01,5929
4581,光隆精密-KY,4,0,4,元富-台南,2023-11-01,5929
5469,瀚宇博,6,2,4,元富-台南,2023-11-01,5929
00878,國泰永續高股息,25,1,24,元富-台南,2023-11-02,5929
3481,群創,27,7,20,元富-台南,2023-11-02,5929
00687B,國泰20年美債,20,1,19,元富-台南,2023-11-02,5929
2618,長榮航,30,14,16,元富-台南,2023-11-02,5929
00632R,元大台灣50反1,13,0,13,元富-台南,2023-11-02,5929
3163,波若威,14,1,13,元富-台南,2023-11-02,5929
8271,宇瞻,12,1,11,元富-台南,2023-11-02,5929
2301,光寶科,12,2,10,元富-台南,2023-11-02,5929
2641,正德,10,0,10,元富-台南,2023-11-02,5929
2838,聯邦銀,10,0,10,元富-台南,2023-11-02,5929
3276,宇環,10,0,10,元富-台南,2023-11-02,5929
6142,友勁,10,0,10,元富-台南,2023-11-02,5929
3028,增你強,9,0,9,元富-台南,2023-11-02,5929
3682,亞太電,81,72,9,元富-台南,2023-11-02,5929
00712,復華富時不動產,8,0,8,元富-台南,2023-11-02,5929
00688L,國泰20年美債正2,8,0,8,元富-台南,2023-11-02,5929
00934,中信成長高股息,7,0,7,元富-台南,2023-11-02,5929
3041,揚智,7,0,7,元富-台南,2023-11-02,5929
6223,旺矽,8,1,7,元富-台南,2023-11-02,5929
2892,第一金,6,0,6,元富-台南,2023-11-02,5929
6187,萬潤,7,1,6,元富-台南,2023-11-02,5929
00935,野村臺灣新科技50,6,0,6,元富-台南,2023-11-02,5929
00933B,國泰10Y+金融債,6,0,6,元富-台南,2023-11-02,5929
00633L,富邦上証正2,6,0,6,元富-台南,2023-11-02,5929
2201,裕隆,11,5,6,元富-台南,2023-11-02,5929
4162,智擎,11,5,6,元富-台南,2023-11-02,5929
2891,中信金,6,1,5,元富-台南,2023-11-02,5929
00680L,元大美債20正2,10,5,5,元富-台南,2023-11-02,5929
00931B,統一美債20年,5,0,5,元富-台南,2023-11-02,5929
2313,華通,6,1,5,元富-台南,2023-11-02,5929
2367,燿華,5,0,5,元富-台南,2023-11-02,5929
3019,亞光,5,0,5,元富-台南,2023-11-02,5929
3338,泰碩,9,4,5,元富-台南,2023-11-02,5929
4532,瑞智,5,0,5,元富-台南,2023-11-02,5929
6139,亞翔,7,2,5,元富-台南,2023-11-02,5929
6248,沛波,5,0,5,元富-台南,2023-11-02,5929
6189,豐藝,4,0,4,元富-台南,2023-11-02,5929
1524,耿鼎,4,0,4,元富-台南,2023-11-02,5929
2356,英業達,7,3,4,元富-台南,2023-11-02,5929
2883,凱基金,4,0,4,元富-台南,2023-11-02,5929
4581,光隆精密-KY,4,0,4,元富-台南,2023-11-02,5929
6150,撼訊,5,1,4,元富-台南,2023-11-02,5929
9958,世紀鋼,4,0,4,元富-台南,2023-11-02,5929
2884,玉山金,5,2,3,元富-台南,2023-11-02,5929
2376,技嘉,11,8,3,元富-台南,2023-11-02,5929
6488,環球晶,4,1,3,元富-台南,2023-11-02,5929
1795,美時,3,0,3,元富-台南,2023-11-02,5929
2402,毅嘉,3,0,3,元富-台南,2023-11-02,5929
2405,輔信,4,1,3,元富-台南,2023-11-02,5929
5285,界霖,3,0,3,元富-台南,2023-11-02,5929
00688L,國泰20年美債正2,575,0,575,元富-台南,2023-11-03,5929
3682,亞太電,150,0,150,元富-台南,2023-11-03,5929
5009,榮剛,115,2,113,元富-台南,2023-11-03,5929
1785,光洋科,52,1,51,元富-台南,2023-11-03,5929
00720B,元大投資級公司債,55,14,41,元富-台南,2023-11-03,5929
3231,緯創,41,1,40,元富-台南,2023-11-03,5929
00878,國泰永續高股息,43,5,38,元富-台南,2023-11-03,5929
2329,華泰,67,32,35,元富-台南,2023-11-03,5929
3213,茂訊,24,0,24,元富-台南,2023-11-03,5929
2427,三商電,24,1,23,元富-台南,2023-11-03,5929
00929,復華台灣科技優息,26,4,22,元富-台南,2023-11-03,5929
00687B,國泰20年美債,20,1,19,元富-台南,2023-11-03,5929
9910,豐泰,19,0,19,元富-台南,2023-11-03,5929
8150,南茂,18,1,17,元富-台南,2023-11-03,5929
3211,順達,12,0,12,元富-台南,2023-11-03,5929
2301,光寶科,13,1,12,元富-台南,2023-11-03,5929
2340,台亞,11,0,11,元富-台南,2023-11-03,5929
2344,華邦電,10,0,10,元富-台南,2023-11-03,5929
2337,旺宏,10,0,10,元富-台南,2023-11-03,5929
1524,耿鼎,10,2,8,元富-台南,2023-11-03,5929
6223,旺矽,10,2,8,元富-台南,2023-11-03,5929
2888,新光金,17,10,7,元富-台南,2023-11-03,5929
00931B,統一美債20年,7,0,7,元富-台南,2023-11-03,5929
6139,亞翔,14,7,7,元富-台南,2023-11-03,5929
1101,台泥,10,4,6,元富-台南,2023-11-03,5929
2382,廣達,12,6,6,元富-台南,2023-11-03,5929
2498,宏達電,15,9,6,元富-台南,2023-11-03,5929
3466,德晉,6,0,6,元富-台南,2023-11-03,5929
4417,金洲,6,0,6,元富-台南,2023-11-03,5929
6274,台燿,7,1,6,元富-台南,2023-11-03,5929
2317,鴻海,15,9,6,元富-台南,2023-11-03,5929
00788B,元大10年IG電能債,5,0,5,元富-台南,2023-11-03,5929
2353,宏��,13,8,5,元富-台南,2023-11-03,5929
2356,英業達,6,1,5,元富-台南,2023-11-03,5929
3265,台星科,5,0,5,元富-台南,2023-11-03,5929
3515,華擎,5,0,5,元富-台南,2023-11-03,5929
3588,通嘉,5,0,5,元富-台南,2023-11-03,5929
4157,太景*-KY,5,0,5,元富-台南,2023-11-03,5929
4529,淳紳,5,0,5,元富-台南,2023-11-03,5929
6138,茂達,5,0,5,元富-台南,2023-11-03,5929
9105,泰金寶-DR,25,20,5,元富-台南,2023-11-03,5929
2883,凱基金,18,13,5,元富-台南,2023-11-03,5929
2892,第一金,4,0,4,元富-台南,2023-11-03,5929
5706,鳳凰,4,0,4,元富-台南,2023-11-03,5929
8068,全達,4,0,4,元富-台南,2023-11-03,5929
2376,技嘉,10,6,4,元富-台南,2023-11-03,5929
8046,南電,4,1,3,元富-台南,2023-11-03,5929
00934,中信成長高股息,4,1,3,元富-台南,2023-11-03,5929
3055,蔚華科,4,1,3,元富-台南,2023-11-03,5929
3689,湧德,3,0,3,元富-台南,2023-11-03,5929
2363,矽統,178,65,113,元富-台南,2023-11-06,5929
2618,長榮航,144,38,106,元富-台南,2023-11-06,5929
6603,富強鑫,72,1,71,元富-台南,2023-11-06,5929
4743,合一,50,1,49,元富-台南,2023-11-06,5929
00688L,國泰20年美債正2,40,0,40,元富-台南,2023-11-06,5929
2388,威盛,101,63,38,元富-台南,2023-11-06,5929
2511,太子,32,0,32,元富-台南,2023-11-06,5929
3260,威剛,31,1,30,元富-台南,2023-11-06,5929
1584,精剛,30,0,30,元富-台南,2023-11-06,5929
00929,復華台灣科技優息,19,0,19,元富-台南,2023-11-06,5929
00934,中信成長高股息,17,0,17,元富-台南,2023-11-06,5929
2329,華泰,13,0,13,元富-台南,2023-11-06,5929
2002,中鋼,14,3,11,元富-台南,2023-11-06,5929
3265,台星科,11,0,11,元富-台南,2023-11-06,5929
00902,中信電池及儲能,10,0,10,元富-台南,2023-11-06,5929
2405,輔信,10,0,10,元富-台南,2023-11-06,5929
6606,建德工業,10,0,10,元富-台南,2023-11-06,5929
1101,台泥,9,0,9,元富-台南,2023-11-06,5929
6285,啟��,10,1,9,元富-台南,2023-11-06,5929
1721,三晃,8,0,8,元富-台南,2023-11-06,5929
2610,華航,11,3,8,元富-台南,2023-11-06,5929
3264,欣銓,10,2,8,元富-台南,2023-11-06,5929
00687B,國泰20年美債,7,0,7,元富-台南,2023-11-06,5929
00715L,期街口布蘭特正2,7,0,7,元富-台南,2023-11-06,5929
00935,野村臺灣新科技50,7,0,7,元富-台南,2023-11-06,5929
2892,第一金,7,0,7,元富-台南,2023-11-06,5929
3338,泰碩,7,0,7,元富-台南,2023-11-06,5929
2301,光寶科,6,0,6,元富-台南,2023-11-06,5929
2748,雲品,6,0,6,元富-台南,2023-11-06,5929
4943,康控-KY,6,0,6,元富-台南,2023-11-06,5929
6657,華安,6,0,6,元富-台南,2023-11-06,5929
1316,上曜,5,0,5,元富-台南,2023-11-06,5929
1217,愛之味,5,0,5,元富-台南,2023-11-06,5929
1210,大成,5,0,5,元富-台南,2023-11-06,5929
1307,三芳,5,0,5,元富-台南,2023-11-06,5929
00933B,國泰10Y+金融債,6,1,5,元富-台南,2023-11-06,5929
00931B,統一美債20年,5,0,5,元富-台南,2023-11-06,5929
00633L,富邦上証正2,5,0,5,元富-台南,2023-11-06,5929
00632R,元大台灣50反1,5,0,5,元富-台南,2023-11-06,5929
1504,東元,5,0,5,元富-台南,2023-11-06,5929
1605,華新,9,4,5,元富-台南,2023-11-06,5929
6578,達邦蛋白,5,0,5,元富-台南,2023-11-06,5929
6147,頎邦,5,1,4,元富-台南,2023-11-06,5929
3013,晟銘電,4,0,4,元富-台南,2023-11-06,5929
3038,全台,4,0,4,元富-台南,2023-11-06,5929
3176,基亞,4,0,4,元富-台南,2023-11-06,5929
4967,十銓,12,8,4,元富-台南,2023-11-06,5929
6156,松上,23,19,4,元富-台南,2023-11-06,5929
6288,聯嘉,5,1,4,元富-台南,2023-11-06,5929
9907,統一實,4,0,4,元富-台南,2023-11-06,5929
0056,元大高股息,52,0,52,元富-台南,2023-11-07,5929
2511,太子,50,0,50,元富-台南,2023-11-07,5929
2515,中工,51,2,49,元富-台南,2023-11-07,5929
2736,富野,51,5,46,元富-台南,2023-11-07,5929
00687B,國泰20年美債,35,0,35,元富-台南,2023-11-07,5929
6603,富強鑫,50,27,23,元富-台南,2023-11-07,5929
2401,凌陽,35,14,21,元富-台南,2023-11-07,5929
6901,鑽石投資,26,7,19,元富-台南,2023-11-07,5929
2743,山富,19,1,18,元富-台南,2023-11-07,5929
3715,定穎投控,18,0,18,元富-台南,2023-11-07,5929
00878,國泰永續高股息,16,0,16,元富-台南,2023-11-07,5929
2388,威盛,25,9,16,元富-台南,2023-11-07,5929
00679B,元大美債20年,14,0,14,元富-台南,2023-11-07,5929
2634,漢翔,14,0,14,元富-台南,2023-11-07,5929
3682,亞太電,14,0,14,元富-台南,2023-11-07,5929
6156,松上,19,7,12,元富-台南,2023-11-07,5929
2317,鴻海,11,0,11,元富-台南,2023-11-07,5929
8069,元太,11,0,11,元富-台南,2023-11-07,5929
00688L,國泰20年美債正2,10,0,10,元富-台南,2023-11-07,5929
2451,創見,10,0,10,元富-台南,2023-11-07,5929
2484,希華,10,0,10,元富-台南,2023-11-07,5929
4167,松瑞藥,7,0,7,元富-台南,2023-11-07,5929
00712,復華富時不動產,8,1,7,元富-台南,2023-11-07,5929
2892,第一金,6,0,6,元富-台南,2023-11-07,5929
6185,幃翔,7,1,6,元富-台南,2023-11-07,5929
1815,富喬,12,7,5,元富-台南,2023-11-07,5929
8150,南茂,5,0,5,元富-台南,2023-11-07,5929
1316,上曜,5,0,5,元富-台南,2023-11-07,5929
1314,中石化,5,0,5,元富-台南,2023-11-07,5929
2002,中鋼,5,0,5,元富-台南,2023-11-07,5929
2421,建準,5,0,5,元富-台南,2023-11-07,5929
2486,一詮,5,0,5,元富-台南,2023-11-07,5929
3017,奇鋐,5,0,5,元富-台南,2023-11-07,5929
3630,新鉅科,5,0,5,元富-台南,2023-11-07,5929
5608,四維航,8,3,5,元富-台南,2023-11-07,5929
6166,凌華,5,0,5,元富-台南,2023-11-07,5929
2352,佳世達,5,0,5,元富-台南,2023-11-07,5929
00919,群益台灣精選高息,5,1,4,元富-台南,2023-11-07,5929
2312,金寶,20,16,4,元富-台南,2023-11-07,5929
2324,仁寶,4,0,4,元富-台南,2023-11-07,5929
3380,明泰,4,0,4,元富-台南,2023-11-07,5929
3704,合勤控,4,0,4,元富-台南,2023-11-07,5929
6182,合晶,4,0,4,元富-台南,2023-11-07,5929
8478,東哥遊艇,6,2,4,元富-台南,2023-11-07,5929
2485,兆赫,3,0,3,元富-台南,2023-11-07,5929
2408,南亞科,4,1,3,元富-台南,2023-11-07,5929
2301,光寶科,4,1,3,元富-台南,2023-11-07,5929
3374,精材,3,0,3,元富-台南,2023-11-07,5929
1319,東陽,3,0,3,元富-台南,2023-11-07,5929
1795,美時,3,0,3,元富-台南,2023-11-07,5929
00795B,中信美國公債20年,100,0,100,元富-台南,2023-11-08,5929
3682,亞太電,72,10,62,元富-台南,2023-11-08,5929
3712,永崴投控,50,0,50,元富-台南,2023-11-08,5929
00936,台新永續高息中小,53,5,48,元富-台南,2023-11-08,5929
2618,長榮航,52,5,47,元富-台南,2023-11-08,5929
2363,矽統,61,16,45,元富-台南,2023-11-08,5929
2610,華航,50,5,45,元富-台南,2023-11-08,5929
6603,富強鑫,64,24,40,元富-台南,2023-11-08,5929
00919,群益台灣精選高息,39,0,39,元富-台南,2023-11-08,5929
3228,金麗科,36,1,35,元富-台南,2023-11-08,5929
3231,緯創,48,16,32,元富-台南,2023-11-08,5929
00712,復華富時不動產,32,6,26,元富-台南,2023-11-08,5929
1815,富喬,44,20,24,元富-台南,2023-11-08,5929
5347,世界,22,0,22,元富-台南,2023-11-08,5929
2515,中工,21,0,21,元富-台南,2023-11-08,5929
2484,希華,20,0,20,元富-台南,2023-11-08,5929
6933,AMAX-KY,18,2,16,元富-台南,2023-11-08,5929
1605,華新,12,0,12,元富-台南,2023-11-08,5929
3022,威強電,12,0,12,元富-台南,2023-11-08,5929
4915,致伸,10,0,10,元富-台南,2023-11-08,5929
1314,中石化,10,0,10,元富-台南,2023-11-08,5929
1437,勤益控,10,0,10,元富-台南,2023-11-08,5929
1324,地球,10,0,10,元富-台南,2023-11-08,5929
6117,迎廣,11,1,10,元富-台南,2023-11-08,5929
6290,良維,10,0,10,元富-台南,2023-11-08,5929
8240,華宏,10,0,10,元富-台南,2023-11-08,5929
2317,鴻海,12,3,9,元富-台南,2023-11-08,5929
00715L,期街口布蘭特正2,9,0,9,元富-台南,2023-11-08,5929
2324,仁寶,9,0,9,元富-台南,2023-11-08,5929
2834,臺企銀,10,1,9,元富-台南,2023-11-08,5929
6156,松上,9,0,9,元富-台南,2023-11-08,5929
2337,旺宏,13,5,8,元富-台南,2023-11-08,5929
2609,陽明,8,0,8,元富-台南,2023-11-08,5929
2031,新光鋼,7,0,7,元富-台南,2023-11-08,5929
6533,晶心科,7,0,7,元富-台南,2023-11-08,5929
00878,國泰永續高股息,10,3,7,元富-台南,2023-11-08,5929
6472,保瑞,8,2,6,元富-台南,2023-11-08,5929
1326,台化,6,0,6,元富-台南,2023-11-08,5929
1524,耿鼎,6,0,6,元富-台南,2023-11-08,5929
2358,廷鑫,6,0,6,元富-台南,2023-11-08,5929
2388,威盛,33,27,6,元富-台南,2023-11-08,5929
3013,晟銘電,25,19,6,元富-台南,2023-11-08,5929
6138,茂達,76,70,6,元富-台南,2023-11-08,5929
6443,元晶,6,0,6,元富-台南,2023-11-08,5929
00923,群益台ESG低碳50,5,0,5,元富-台南,2023-11-08,5929
3017,奇鋐,13,8,5,元富-台南,2023-11-08,5929
1789,神隆,5,0,5,元富-台南,2023-11-08,5929
3032,偉訓,7,2,5,元富-台南,2023-11-08,5929
6160,欣技,5,0,5,元富-台南,2023-11-08,5929
9938,百和,5,0,5,元富-台南,2023-11-08,5929
6603,富強鑫,112,0,112,元富-台南,2023-11-09,5929
00795B,中信美國公債20年,100,1,99,元富-台南,2023-11-09,5929
00687B,國泰20年美債,51,3,48,元富-台南,2023-11-09,5929
2352,佳世達,53,7,46,元富-台南,2023-11-09,5929
00715L,期街口布蘭特正2,41,0,41,元富-台南,2023-11-09,5929
5347,世界,34,0,34,元富-台南,2023-11-09,5929
00680L,元大美債20正2,34,5,29,元富-台南,2023-11-09,5929
1101,台泥,30,2,28,元富-台南,2023-11-09,5929
5880,合庫金,27,0,27,元富-台南,2023-11-09,5929
2329,華泰,39,13,26,元富-台南,2023-11-09,5929
2344,華邦電,20,0,20,元富-台南,2023-11-09,5929
6213,聯茂,20,0,20,元富-台南,2023-11-09,5929
2888,新光金,19,0,19,元富-台南,2023-11-09,5929
2301,光寶科,18,0,18,元富-台南,2023-11-09,5929
3260,威剛,18,4,14,元富-台南,2023-11-09,5929
6691,洋基工程,14,0,14,元富-台南,2023-11-09,5929
6805,富世達,15,1,14,元富-台南,2023-11-09,5929
00936,台新永續高息中小,23,10,13,元富-台南,2023-11-09,5929
3013,晟銘電,19,6,13,元富-台南,2023-11-09,5929
3088,艾訊,13,0,13,元富-台南,2023-11-09,5929
3704,合勤控,13,0,13,元富-台南,2023-11-09,5929
3022,威強電,12,0,12,元富-台南,2023-11-09,5929
00933B,國泰10Y+金融債,11,0,11,元富-台南,2023-11-09,5929
2353,宏��,11,0,11,元富-台南,2023-11-09,5929
1440,南紡,10,0,10,元富-台南,2023-11-09,5929
6261,久元,10,0,10,元富-台南,2023-11-09,5929
8390,金益鼎,10,0,10,元富-台南,2023-11-09,5929
3014,聯陽,9,0,9,元富-台南,2023-11-09,5929
1789,神隆,9,0,9,元富-台南,2023-11-09,5929
2511,太子,9,0,9,元富-台南,2023-11-09,5929
3028,增你強,9,0,9,元富-台南,2023-11-09,5929
3715,定穎投控,9,0,9,元富-台南,2023-11-09,5929
4128,中天,17,8,9,元富-台南,2023-11-09,5929
2880,華南金,8,0,8,元富-台南,2023-11-09,5929
00935,野村臺灣新科技50,8,0,8,元富-台南,2023-11-09,5929
5321,美而快,8,0,8,元富-台南,2023-11-09,5929
6438,迅得,9,1,8,元富-台南,2023-11-09,5929
2324,仁寶,8,1,7,元富-台南,2023-11-09,5929
3227,原相,27,20,7,元富-台南,2023-11-09,5929
3372,典範,10,3,7,元富-台南,2023-11-09,5929
3588,通嘉,7,0,7,元富-台南,2023-11-09,5929
1314,中石化,6,0,6,元富-台南,2023-11-09,5929
2515,中工,6,0,6,元富-台南,2023-11-09,5929
3105,穩懋,10,4,6,元富-台南,2023-11-09,5929
3163,波若威,6,0,6,元富-台南,2023-11-09,5929
8454,富邦媒,7,1,6,元富-台南,2023-11-09,5929
00679B,元大美債20年,5,0,5,元富-台南,2023-11-09,5929
00642U,期元大S＆P石油,5,0,5,元富-台南,2023-11-09,5929
00934,中信成長高股息,6,1,5,元富-台南,2023-11-09,5929
2308,台達電,5,0,5,元富-台南,2023-11-09,5929
00688L,國泰20年美債正2,53,0,53,元富-台南,2023-11-10,5929
6603,富強鑫,44,0,44,元富-台南,2023-11-10,5929
2883,凱基金,34,0,34,元富-台南,2023-11-10,5929
00919,群益台灣精選高息,29,0,29,元富-台南,2023-11-10,5929
00715L,期街口布蘭特正2,29,1,28,元富-台南,2023-11-10,5929
00878,國泰永續高股息,25,0,25,元富-台南,2023-11-10,5929
1789,神隆,25,0,25,元富-台南,2023-11-10,5929
2323,中環,24,1,23,元富-台南,2023-11-10,5929
00936,台新永續高息中小,22,0,22,元富-台南,2023-11-10,5929
3682,亞太電,22,0,22,元富-台南,2023-11-10,5929
2353,宏��,20,0,20,元富-台南,2023-11-10,5929
9105,泰金寶-DR,17,0,17,元富-台南,2023-11-10,5929
2888,新光金,23,8,15,元富-台南,2023-11-10,5929
3041,揚智,14,0,14,元富-台南,2023-11-10,5929
6139,亞翔,12,0,12,元富-台南,2023-11-10,5929
00687B,國泰20年美債,12,0,12,元富-台南,2023-11-10,5929
00665L,富邦�琤肭磪囓�2,16,4,12,元富-台南,2023-11-10,5929
2493,揚博,12,0,12,元富-台南,2023-11-10,5929
6187,萬潤,12,0,12,元富-台南,2023-11-10,5929
00680L,元大美債20正2,11,0,11,元富-台南,2023-11-10,5929
3088,艾訊,11,0,11,元富-台南,2023-11-10,5929
1467,南緯,10,0,10,元富-台南,2023-11-10,5929
3346,麗清,10,0,10,元富-台南,2023-11-10,5929
3702A,大聯大甲特,10,0,10,元富-台南,2023-11-10,5929
5225,東科-KY,10,0,10,元富-台南,2023-11-10,5929
5285,界霖,10,0,10,元富-台南,2023-11-10,5929
8011,台通,10,0,10,元富-台南,2023-11-10,5929
1440,南紡,10,0,10,元富-台南,2023-11-10,5929
2634,漢翔,9,0,9,元富-台南,2023-11-10,5929
6284,佳邦,10,1,9,元富-台南,2023-11-10,5929
0056,元大高股息,11,2,9,元富-台南,2023-11-10,5929
2618,長榮航,12,4,8,元富-台南,2023-11-10,5929
2421,建準,10,2,8,元富-台南,2023-11-10,5929
6443,元晶,8,0,8,元富-台南,2023-11-10,5929
2388,威盛,13,6,7,元富-台南,2023-11-10,5929
2492,華新科,7,0,7,元富-台南,2023-11-10,5929
2317,鴻海,7,1,6,元富-台南,2023-11-10,5929
00720B,元大投資級公司債,6,0,6,元富-台南,2023-11-10,5929
1524,耿鼎,6,0,6,元富-台南,2023-11-10,5929
1582,信錦,6,0,6,元富-台南,2023-11-10,5929
6166,凌華,6,0,6,元富-台南,2023-11-10,5929
2303,聯電,5,0,5,元富-台南,2023-11-10,5929
1815,富喬,5,0,5,元富-台南,2023-11-10,5929
1314,中石化,5,0,5,元富-台南,2023-11-10,5929
2314,台揚,5,0,5,元富-台南,2023-11-10,5929
2427,三商電,5,0,5,元富-台南,2023-11-10,5929
6142,友勁,5,0,5,元富-台南,2023-11-10,5929
6223,旺矽,7,2,5,元富-台南,2023-11-10,5929
6269,台郡,5,0,5,元富-台南,2023-11-10,5929
8222,寶一,6,1,5,元富-台南,2023-11-10,5929
00706L,期元大S＆P日圓正2,103,0,103,元富-台南,2023-11-13,5929
6603,富強鑫,59,0,59,元富-台南,2023-11-13,5929
3044,健鼎,61,4,57,元富-台南,2023-11-13,5929
00680L,元大美債20正2,50,0,50,元富-台南,2023-11-13,5929
2332,友訊,51,1,50,元富-台南,2023-11-13,5929
2511,太子,50,0,50,元富-台南,2023-11-13,5929
4743,合一,51,3,48,元富-台南,2023-11-13,5929
2363,矽統,68,26,42,元富-台南,2023-11-13,5929
1785,光洋科,42,1,41,元富-台南,2023-11-13,5929
6142,友勁,35,0,35,元富-台南,2023-11-13,5929
2888,新光金,32,2,30,元富-台南,2023-11-13,5929
2618,長榮航,78,50,28,元富-台南,2023-11-13,5929
4121,優盛,25,0,25,元富-台南,2023-11-13,5929
2313,華通,37,12,25,元富-台南,2023-11-13,5929
00935,野村臺灣新科技50,20,0,20,元富-台南,2023-11-13,5929
2031,新光鋼,20,0,20,元富-台南,2023-11-13,5929
4939,亞電,20,0,20,元富-台南,2023-11-13,5929
6213,聯茂,20,0,20,元富-台南,2023-11-13,5929
2610,華航,16,0,16,元富-台南,2023-11-13,5929
1316,上曜,15,0,15,元富-台南,2023-11-13,5929
2353,宏��,15,0,15,元富-台南,2023-11-13,5929
2881,富邦金,14,0,14,元富-台南,2023-11-13,5929
6185,幃翔,14,0,14,元富-台南,2023-11-13,5929
3036,文曄,12,0,12,元富-台南,2023-11-13,5929
2382,廣達,19,8,11,元富-台南,2023-11-13,5929
6282,康舒,25,14,11,元富-台南,2023-11-13,5929
2739,寒舍,11,0,11,元富-台南,2023-11-13,5929
1584,精剛,10,0,10,元富-台南,2023-11-13,5929
1909,榮成,10,0,10,元富-台南,2023-11-13,5929
2745,五福,10,0,10,元富-台南,2023-11-13,5929
3105,穩懋,10,0,10,元富-台南,2023-11-13,5929
2449,京元電子,18,9,9,元富-台南,2023-11-13,5929
00679B,元大美債20年,14,7,7,元富-台南,2023-11-13,5929
3483,力致,10,3,7,元富-台南,2023-11-13,5929
00687B,國泰20年美債,6,0,6,元富-台南,2023-11-13,5929
2603,長榮,6,0,6,元富-台南,2023-11-13,5929
00665L,富邦�琤肭磪囓�2,16,10,6,元富-台南,2023-11-13,5929
00936,台新永續高息中小,6,0,6,元富-台南,2023-11-13,5929
3545,敦泰,6,0,6,元富-台南,2023-11-13,5929
2329,華泰,9,3,6,元富-台南,2023-11-13,5929
2374,佳能,10,5,5,元富-台南,2023-11-13,5929
3081,聯亞,5,0,5,元富-台南,2023-11-13,5929
3484,崧騰,5,0,5,元富-台南,2023-11-13,5929
4173,久裕,5,0,5,元富-台南,2023-11-13,5929
4581,光隆精密-KY,5,0,5,元富-台南,2023-11-13,5929
4714,永捷,5,0,5,元富-台南,2023-11-13,5929
6613,朋億*,5,0,5,元富-台南,2023-11-13,5929
9919,康那香,5,0,5,元富-台南,2023-11-13,5929
9939,宏全,5,0,5,元富-台南,2023-11-13,5929
2408,南亞科,5,0,5,元富-台南,2023-11-13,5929
6603,富強鑫,120,0,120,元富-台南,2023-11-14,5929
3682,亞太電,107,0,107,元富-台南,2023-11-14,5929
00878,國泰永續高股息,102,9,93,元富-台南,2023-11-14,5929
2511,太子,65,0,65,元富-台南,2023-11-14,5929
3712,永崴投控,65,2,63,元富-台南,2023-11-14,5929
2363,矽統,50,8,42,元富-台南,2023-11-14,5929
6143,振曜,33,5,28,元富-台南,2023-11-14,5929
3044,健鼎,30,3,27,元富-台南,2023-11-14,5929
6282,康舒,20,0,20,元富-台南,2023-11-14,5929
6122,擎邦,40,20,20,元富-台南,2023-11-14,5929
6142,友勁,14,0,14,元富-台南,2023-11-14,5929
3231,緯創,16,3,13,元富-台南,2023-11-14,5929
00712,復華富時不動產,13,1,12,元富-台南,2023-11-14,5929
2387,精元,13,1,12,元富-台南,2023-11-14,5929
9921,巨大,12,0,12,元富-台南,2023-11-14,5929
1440,南紡,11,0,11,元富-台南,2023-11-14,5929
1515,力山,22,11,11,元富-台南,2023-11-14,5929
1608,華榮,11,0,11,元富-台南,2023-11-14,5929
00885,富邦越南,11,0,11,元富-台南,2023-11-14,5929
6446,藥華藥,11,1,10,元富-台南,2023-11-14,5929
1584,精剛,20,10,10,元富-台南,2023-11-14,5929
1609,大亞,10,0,10,元富-台南,2023-11-14,5929
2031,新光鋼,10,0,10,元富-台南,2023-11-14,5929
2338,光罩,10,0,10,元富-台南,2023-11-14,5929
2618,長榮航,66,56,10,元富-台南,2023-11-14,5929
3704,合勤控,10,0,10,元富-台南,2023-11-14,5929
4121,優盛,10,0,10,元富-台南,2023-11-14,5929
6578,達邦蛋白,10,0,10,元富-台南,2023-11-14,5929
6485,點序,9,0,9,元富-台南,2023-11-14,5929
2371,大同,8,0,8,元富-台南,2023-11-14,5929
3088,艾訊,8,0,8,元富-台南,2023-11-14,5929
6901,鑽石投資,13,5,8,元富-台南,2023-11-14,5929
2515,中工,7,0,7,元富-台南,2023-11-14,5929
2303,聯電,11,5,6,元富-台南,2023-11-14,5929
00929,復華台灣科技優息,6,0,6,元富-台南,2023-11-14,5929
1504,東元,6,0,6,元富-台南,2023-11-14,5929
00900,富邦特選高股息30,8,2,6,元富-台南,2023-11-14,5929
1217,愛之味,6,0,6,元富-台南,2023-11-14,5929
1815,富喬,6,0,6,元富-台南,2023-11-14,5929
2313,華通,9,3,6,元富-台南,2023-11-14,5929
2516,新建,6,0,6,元富-台南,2023-11-14,5929
00936,台新永續高息中小,5,0,5,元富-台南,2023-11-14,5929
2905,三商,5,0,5,元富-台南,2023-11-14,5929
3265,台星科,5,0,5,元富-台南,2023-11-14,5929
4532,瑞智,5,0,5,元富-台南,2023-11-14,5929
6104,創惟,5,0,5,元富-台南,2023-11-14,5929
6284,佳邦,8,3,5,元富-台南,2023-11-14,5929
2492,華新科,7,3,4,元富-台南,2023-11-14,5929
00687B,國泰20年美債,4,0,4,元富-台南,2023-11-14,5929
1789,神隆,4,0,4,元富-台南,2023-11-14,5929
00878,國泰永續高股息,205,30,175,元富-台南,2023-11-15,5929
1101,台泥,135,76,59,元富-台南,2023-11-15,5929
3682,亞太電,43,0,43,元富-台南,2023-11-15,5929
3680,家登,41,0,41,元富-台南,2023-11-15,5929
00929,復華台灣科技優息,41,4,37,元富-台南,2023-11-15,5929
2312,金寶,30,0,30,元富-台南,2023-11-15,5929
2387,精元,31,1,30,元富-台南,2023-11-15,5929
3712,永崴投控,23,0,23,元富-台南,2023-11-15,5929
1785,光洋科,22,0,22,元富-台南,2023-11-15,5929
2338,光罩,23,3,20,元富-台南,2023-11-15,5929
00687B,國泰20年美債,16,0,16,元富-台南,2023-11-15,5929
6142,友勁,16,0,16,元富-台南,2023-11-15,5929
6213,聯茂,16,1,15,元富-台南,2023-11-15,5929
2363,矽統,72,59,13,元富-台南,2023-11-15,5929
6122,擎邦,14,2,12,元富-台南,2023-11-15,5929
1304,台聚,13,2,11,元富-台南,2023-11-15,5929
00679B,元大美債20年,13,3,10,元富-台南,2023-11-15,5929
1515,力山,10,0,10,元富-台南,2023-11-15,5929
2516,新建,12,2,10,元富-台南,2023-11-15,5929
2607,榮運,10,0,10,元富-台南,2023-11-15,5929
4162,智擎,12,2,10,元富-台南,2023-11-15,5929
4939,亞電,10,0,10,元富-台南,2023-11-15,5929
5348,正能量智能,10,0,10,元富-台南,2023-11-15,5929
6138,茂達,12,2,10,元富-台南,2023-11-15,5929
1815,富喬,9,1,8,元富-台南,2023-11-15,5929
3234,光環,8,0,8,元富-台南,2023-11-15,5929
1609,大亞,18,11,7,元富-台南,2023-11-15,5929
3706,神達,8,1,7,元富-台南,2023-11-15,5929
4942,嘉彰,7,0,7,元富-台南,2023-11-15,5929
2605,新興,6,0,6,元富-台南,2023-11-15,5929
2634,漢翔,7,1,6,元富-台南,2023-11-15,5929
3163,波若威,6,0,6,元富-台南,2023-11-15,5929
3176,基亞,6,0,6,元富-台南,2023-11-15,5929
00662,富邦NASDAQ,5,0,5,元富-台南,2023-11-15,5929
1522,堤維西,6,1,5,元富-台南,2023-11-15,5929
2405,輔信,5,0,5,元富-台南,2023-11-15,5929
2465,麗臺,5,0,5,元富-台南,2023-11-15,5929
2493,揚博,8,3,5,元富-台南,2023-11-15,5929
3390,旭軟,5,0,5,元富-台南,2023-11-15,5929
3588,通嘉,13,8,5,元富-台南,2023-11-15,5929
00680L,元大美債20正2,4,0,4,元富-台南,2023-11-15,5929
2353,宏��,4,0,4,元富-台南,2023-11-15,5929
2498,宏達電,10,6,4,元富-台南,2023-11-15,5929
3338,泰碩,4,0,4,元富-台南,2023-11-15,5929
4533,協易機,4,0,4,元富-台南,2023-11-15,5929
5439,高技,4,0,4,元富-台南,2023-11-15,5929
3014,聯陽,5,1,4,元富-台南,2023-11-15,5929
3661,世芯-KY,3,0,3,元富-台南,2023-11-15,5929
2301,光寶科,4,1,3,元富-台南,2023-11-15,5929
00633L,富邦上証正2,3,0,3,元富-台南,2023-11-15,5929
3682,亞太電,139,0,139,元富-台南,2023-11-16,5929
2401,凌陽,70,4,66,元富-台南,2023-11-16,5929
1101,台泥,66,12,54,元富-台南,2023-11-16,5929
00680L,元大美債20正2,53,0,53,元富-台南,2023-11-16,5929
00935,野村臺灣新科技50,30,0,30,元富-台南,2023-11-16,5929
00919,群益台灣精選高息,28,1,27,元富-台南,2023-11-16,5929
6603,富強鑫,30,4,26,元富-台南,2023-11-16,5929
1409,新纖,20,0,20,元富-台南,2023-11-16,5929
2838,聯邦銀,20,0,20,元富-台南,2023-11-16,5929
2745,五福,17,0,17,元富-台南,2023-11-16,5929
2312,金寶,21,5,16,元富-台南,2023-11-16,5929
00665L,富邦�琤肭磪囓�2,20,5,15,元富-台南,2023-11-16,5929
5347,世界,12,0,12,元富-台南,2023-11-16,5929
00712,復華富時不動產,11,0,11,元富-台南,2023-11-16,5929
00715L,期街口布蘭特正2,10,0,10,元富-台南,2023-11-16,5929
1444,力麗,10,0,10,元富-台南,2023-11-16,5929
1512,瑞利,10,0,10,元富-台南,2023-11-16,5929
2352,佳世達,10,0,10,元富-台南,2023-11-16,5929
6188,廣明,10,0,10,元富-台南,2023-11-16,5929
8110,華東,10,0,10,元富-台南,2023-11-16,5929
1514,亞力,11,1,10,元富-台南,2023-11-16,5929
00878,國泰永續高股息,17,8,9,元富-台南,2023-11-16,5929
2332,友訊,11,2,9,元富-台南,2023-11-16,5929
00687B,國泰20年美債,8,0,8,元富-台南,2023-11-16,5929
3450,聯鈞,11,3,8,元富-台南,2023-11-16,5929
00931B,統一美債20年,7,0,7,元富-台南,2023-11-16,5929
1504,東元,8,1,7,元富-台南,2023-11-16,5929
2465,麗臺,7,0,7,元富-台南,2023-11-16,5929
2605,新興,7,0,7,元富-台南,2023-11-16,5929
2739,寒舍,7,0,7,元富-台南,2023-11-16,5929
6901,鑽石投資,9,2,7,元富-台南,2023-11-16,5929
2417,圓剛,15,8,7,元富-台南,2023-11-16,5929
2323,中環,7,1,6,元富-台南,2023-11-16,5929
3022,威強電,6,0,6,元富-台南,2023-11-16,5929
3702,大聯大,6,0,6,元富-台南,2023-11-16,5929
6770,力積電,7,1,6,元富-台南,2023-11-16,5929
2355,敬鵬,12,7,5,元富-台南,2023-11-16,5929
00885,富邦越南,5,0,5,元富-台南,2023-11-16,5929
00720B,元大投資級公司債,6,1,5,元富-台南,2023-11-16,5929
00632R,元大台灣50反1,5,0,5,元富-台南,2023-11-16,5929
2338,光罩,5,0,5,元富-台南,2023-11-16,5929
3712,永崴投控,5,0,5,元富-台南,2023-11-16,5929
5015,華祺,5,0,5,元富-台南,2023-11-16,5929
5314,世紀,5,0,5,元富-台南,2023-11-16,5929
6269,台郡,5,0,5,元富-台南,2023-11-16,5929
0056,元大高股息,4,0,4,元富-台南,2023-11-16,5929
2353,宏��,6,2,4,元富-台南,2023-11-16,5929
3036,文曄,4,0,4,元富-台南,2023-11-16,5929
3532,台勝科,5,1,4,元富-台南,2023-11-16,5929
5512,力麒,4,0,4,元富-台南,2023-11-16,5929
8050,廣積,150,0,150,元富-台南,2023-11-17,5929
6667,信紘科,52,13,39,元富-台南,2023-11-17,5929
6121,新普,35,0,35,元富-台南,2023-11-17,5929
2618,長榮航,213,180,33,元富-台南,2023-11-17,5929
00712,復華富時不動產,37,10,27,元富-台南,2023-11-17,5929
00715L,期街口布蘭特正2,20,0,20,元富-台南,2023-11-17,5929
2883,凱基金,23,3,20,元富-台南,2023-11-17,5929
5531,鄉林,20,0,20,元富-台南,2023-11-17,5929
6606,建德工業,20,0,20,元富-台南,2023-11-17,5929
2344,華邦電,24,5,19,元富-台南,2023-11-17,5929
3702,大聯大,17,0,17,元富-台南,2023-11-17,5929
00929,復華台灣科技優息,21,6,15,元富-台南,2023-11-17,5929
2323,中環,20,6,14,元富-台南,2023-11-17,5929
2371,大同,14,0,14,元富-台南,2023-11-17,5929
2402,毅嘉,25,11,14,元富-台南,2023-11-17,5929
6568,宏觀,16,2,14,元富-台南,2023-11-17,5929
4743,合一,14,0,14,元富-台南,2023-11-17,5929
6282,康舒,18,5,13,元富-台南,2023-11-17,5929
9950,萬國通,13,0,13,元富-台南,2023-11-17,5929
2317,鴻海,36,25,11,元富-台南,2023-11-17,5929
00936,台新永續高息中小,11,0,11,元富-台南,2023-11-17,5929
3041,揚智,12,1,11,元富-台南,2023-11-17,5929
2017,官田鋼,10,0,10,元富-台南,2023-11-17,5929
2358,廷鑫,10,0,10,元富-台南,2023-11-17,5929
2420,新巨,10,0,10,元富-台南,2023-11-17,5929
2845,遠東銀,10,0,10,元富-台南,2023-11-17,5929
5512,力麒,10,0,10,元富-台南,2023-11-17,5929
3706,神達,30,21,9,元富-台南,2023-11-17,5929
00679B,元大美債20年,9,0,9,元富-台南,2023-11-17,5929
2353,宏��,10,2,8,元富-台南,2023-11-17,5929
1514,亞力,10,3,7,元富-台南,2023-11-17,5929
00933B,國泰10Y+金融債,7,0,7,元富-台南,2023-11-17,5929
2739,寒舍,8,1,7,元富-台南,2023-11-17,5929
3260,威剛,7,0,7,元富-台南,2023-11-17,5929
00878,國泰永續高股息,8,1,7,元富-台南,2023-11-17,5929
2882,國泰金,6,0,6,元富-台南,2023-11-17,5929
4533,協易機,6,0,6,元富-台南,2023-11-17,5929
0056,元大高股息,7,2,5,元富-台南,2023-11-17,5929
2330,台積電,8,2,6,元富-台南,2023-11-17,5929
3481,群創,5,0,5,元富-台南,2023-11-17,5929
6285,啟��,5,0,5,元富-台南,2023-11-17,5929
2301,光寶科,5,0,5,元富-台南,2023-11-17,5929
00687B,國泰20年美債,5,0,5,元富-台南,2023-11-17,5929
00915,凱基優選高股息30,5,0,5,元富-台南,2023-11-17,5929
00722B,群益投資級電信債,5,0,5,元富-台南,2023-11-17,5929
00665L,富邦�琤肭磪囓�2,20,15,5,元富-台南,2023-11-17,5929
1815,富喬,12,7,5,元富-台南,2023-11-17,5929
2609,陽明,6,1,5,元富-台南,2023-11-17,5929
3036,文曄,6,1,5,元富-台南,2023-11-17,5929
3167,大量,5,0,5,元富-台南,2023-11-17,5929
3682,亞太電,502,0,502,元富-台南,2023-11-20,5929
00929,復華台灣科技優息,340,125,215,元富-台南,2023-11-20,5929
5706,鳳凰,73,2,71,元富-台南,2023-11-20,5929
2474,可成,50,1,49,元富-台南,2023-11-20,5929
3260,威剛,45,6,39,元富-台南,2023-11-20,5929
6187,萬潤,35,3,32,元富-台南,2023-11-20,5929
3338,泰碩,30,4,26,元富-台南,2023-11-20,5929
00679B,元大美債20年,24,0,24,元富-台南,2023-11-20,5929
2739,寒舍,27,5,22,元富-台南,2023-11-20,5929
2303,聯電,47,26,21,元富-台南,2023-11-20,5929
2349,錸德,21,0,21,元富-台南,2023-11-20,5929
2301,光寶科,20,0,20,元富-台南,2023-11-20,5929
00753L,中信中國50正2,20,0,20,元富-台南,2023-11-20,5929
3623,富晶通,20,0,20,元富-台南,2023-11-20,5929
2387,精元,18,0,18,元富-台南,2023-11-20,5929
00919,群益台灣精選高息,16,0,16,元富-台南,2023-11-20,5929
2883,凱基金,17,1,16,元富-台南,2023-11-20,5929
2409,友達,15,0,15,元富-台南,2023-11-20,5929
2344,華邦電,15,0,15,元富-台南,2023-11-20,5929
2610,華航,15,0,15,元富-台南,2023-11-20,5929
00631L,元大台灣50正2,14,0,14,元富-台南,2023-11-20,5929
6290,良維,13,0,13,元富-台南,2023-11-20,5929
3545,敦泰,14,1,13,元富-台南,2023-11-20,5929
2330,台積電,13,0,13,元富-台南,2023-11-20,5929
00885,富邦越南,12,0,12,元富-台南,2023-11-20,5929
8110,華東,11,0,11,元富-台南,2023-11-20,5929
3704,合勤控,11,0,11,元富-台南,2023-11-20,5929
9945,潤泰新,11,1,10,元富-台南,2023-11-20,5929
00706L,期元大S＆P日圓正2,10,0,10,元富-台南,2023-11-20,5929
2354,鴻準,11,1,10,元富-台南,2023-11-20,5929
6269,台郡,10,0,10,元富-台南,2023-11-20,5929
1449,佳和,9,0,9,元富-台南,2023-11-20,5929
2355,敬鵬,20,11,9,元富-台南,2023-11-20,5929
6213,聯茂,9,0,9,元富-台南,2023-11-20,5929
1402,遠東新,10,2,8,元富-台南,2023-11-20,5929
4714,永捷,8,0,8,元富-台南,2023-11-20,5929
6121,新普,8,0,8,元富-台南,2023-11-20,5929
3694,海華,7,0,7,元富-台南,2023-11-20,5929
6282,康舒,12,5,7,元富-台南,2023-11-20,5929
8069,元太,10,3,7,元富-台南,2023-11-20,5929
00915,凱基優選高股息30,7,0,7,元富-台南,2023-11-20,5929
2317,鴻海,7,0,7,元富-台南,2023-11-20,5929
2363,矽統,65,59,6,元富-台南,2023-11-20,5929
2543,皇昌,11,5,6,元富-台南,2023-11-20,5929
2731,雄獅,6,0,6,元富-台南,2023-11-20,5929
2882,國泰金,6,0,6,元富-台南,2023-11-20,5929
6451,訊芯-KY,6,0,6,元富-台南,2023-11-20,5929
6589,台康生技,6,0,6,元富-台南,2023-11-20,5929
2458,義隆,5,0,5,元富-台南,2023-11-20,5929
3014,聯陽,5,0,5,元富-台南,2023-11-20,5929
3682,亞太電,362,0,362,元富-台南,2023-11-21,5929
2838,聯邦銀,200,0,200,元富-台南,2023-11-21,5929
3712,永崴投控,147,0,147,元富-台南,2023-11-21,5929
2845,遠東銀,100,0,100,元富-台南,2023-11-21,5929
1101,台泥,142,46,96,元富-台南,2023-11-21,5929
2474,可成,81,0,81,元富-台南,2023-11-21,5929
00929,復華台灣科技優息,97,52,45,元富-台南,2023-11-21,5929
6125,廣運,36,3,33,元富-台南,2023-11-21,5929
6187,萬潤,33,2,31,元富-台南,2023-11-21,5929
4162,智擎,30,0,30,元富-台南,2023-11-21,5929
8021,尖點,25,0,25,元富-台南,2023-11-21,5929
2888,新光金,23,0,23,元富-台南,2023-11-21,5929
5426,振發,20,0,20,元富-台南,2023-11-21,5929
3041,揚智,23,5,18,元富-台南,2023-11-21,5929
2387,精元,17,0,17,元富-台南,2023-11-21,5929
6235,華孚,18,1,17,元富-台南,2023-11-21,5929
3036,文曄,16,0,16,元富-台南,2023-11-21,5929
6282,康舒,33,17,16,元富-台南,2023-11-21,5929
1605,華新,18,4,14,元富-台南,2023-11-21,5929
3708,上緯投控,13,0,13,元富-台南,2023-11-21,5929
00935,野村臺灣新科技50,12,0,12,元富-台南,2023-11-21,5929
00706L,期元大S＆P日圓正2,12,0,12,元富-台南,2023-11-21,5929
2337,旺宏,12,0,12,元富-台南,2023-11-21,5929
4906,正文,13,1,12,元富-台南,2023-11-21,5929
2367,燿華,20,8,12,元富-台南,2023-11-21,5929
2002,中鋼,13,2,11,元富-台南,2023-11-21,5929
2329,華泰,15,3,12,元富-台南,2023-11-21,5929
00633L,富邦上証正2,11,0,11,元富-台南,2023-11-21,5929
5512,力麒,11,0,11,元富-台南,2023-11-21,5929
2356,英業達,17,7,10,元富-台南,2023-11-21,5929
3714,富采,10,0,10,元富-台南,2023-11-21,5929
6133,金橋,10,0,10,元富-台南,2023-11-21,5929
4121,優盛,9,0,9,元富-台南,2023-11-21,5929
6143,振曜,9,0,9,元富-台南,2023-11-21,5929
8222,寶一,10,1,9,元富-台南,2023-11-21,5929
2614,東森,8,0,8,元富-台南,2023-11-21,5929
3013,晟銘電,8,0,8,元富-台南,2023-11-21,5929
3163,波若威,8,0,8,元富-台南,2023-11-21,5929
6158,禾昌,8,0,8,元富-台南,2023-11-21,5929
5292,華懋,10,3,7,元富-台南,2023-11-21,5929
5351,鈺創,14,7,7,元富-台南,2023-11-21,5929
6667,信紘科,7,0,7,元富-台南,2023-11-21,5929
2330,台積電,12,5,7,元富-台南,2023-11-21,5929
1522,堤維西,6,0,6,元富-台南,2023-11-21,5929
1611,中電,6,0,6,元富-台南,2023-11-21,5929
00934,中信成長高股息,5,0,5,元富-台南,2023-11-21,5929
00665L,富邦�琤肭磪囓�2,5,0,5,元富-台南,2023-11-21,5929
00680L,元大美債20正2,10,5,5,元富-台南,2023-11-21,5929
1307,三芳,5,0,5,元富-台南,2023-11-21,5929
2492,華新科,5,0,5,元富-台南,2023-11-21,5929
3682,亞太電,198,0,198,元富-台南,2023-11-22,5929
8068,全達,95,2,93,元富-台南,2023-11-22,5929
5347,世界,87,4,83,元富-台南,2023-11-22,5929
3231,緯創,57,6,51,元富-台南,2023-11-22,5929
00919,群益台灣精選高息,33,0,33,元富-台南,2023-11-22,5929
0056,元大高股息,32,1,31,元富-台南,2023-11-22,5929
5512,力麒,28,0,28,元富-台南,2023-11-22,5929
3041,揚智,49,21,28,元富-台南,2023-11-22,5929
00929,復華台灣科技優息,25,0,25,元富-台南,2023-11-22,5929
1609,大亞,23,0,23,元富-台南,2023-11-22,5929
8222,寶一,20,0,20,元富-台南,2023-11-22,5929
2409,友達,20,0,20,元富-台南,2023-11-22,5929
00935,野村臺灣新科技50,19,0,19,元富-台南,2023-11-22,5929
2353,宏��,20,2,18,元富-台南,2023-11-22,5929
9105,泰金寶-DR,15,0,15,元富-台南,2023-11-22,5929
9921,巨大,15,0,15,元富-台南,2023-11-22,5929
3706,神達,14,0,14,元富-台南,2023-11-22,5929
2313,華通,20,6,14,元富-台南,2023-11-22,5929
2356,英業達,15,2,13,元富-台南,2023-11-22,5929
2382,廣達,14,1,13,元富-台南,2023-11-22,5929
6526,達發,14,2,12,元富-台南,2023-11-22,5929
3380,明泰,12,0,12,元富-台南,2023-11-22,5929
1444,力麗,10,0,10,元富-台南,2023-11-22,5929
00753L,中信中國50正2,10,0,10,元富-台南,2023-11-22,5929
2913,農林,10,0,10,元富-台南,2023-11-22,5929
2317,鴻海,16,6,10,元富-台南,2023-11-22,5929
1593,祺驊,10,1,9,元富-台南,2023-11-22,5929
2388,威盛,38,29,9,元富-台南,2023-11-22,5929
6270,倍微,9,0,9,元富-台南,2023-11-22,5929
8021,尖點,9,0,9,元富-台南,2023-11-22,5929
2387,精元,8,0,8,元富-台南,2023-11-22,5929
3338,泰碩,8,0,8,元富-台南,2023-11-22,5929
6187,萬潤,8,0,8,元富-台南,2023-11-22,5929
00878,國泰永續高股息,8,0,8,元富-台南,2023-11-22,5929
2330,台積電,9,1,8,元富-台南,2023-11-22,5929
2401,凌陽,13,6,7,元富-台南,2023-11-22,5929
3265,台星科,7,0,7,元富-台南,2023-11-22,5929
2883,凱基金,14,7,7,元富-台南,2023-11-22,5929
2208,台船,6,0,6,元富-台南,2023-11-22,5929
2376,技嘉,7,2,5,元富-台南,2023-11-22,5929
2301,光寶科,5,0,5,元富-台南,2023-11-22,5929
00680L,元大美債20正2,5,0,5,元富-台南,2023-11-22,5929
2492,華新科,5,0,5,元富-台南,2023-11-22,5929
2881,富邦金,5,0,5,元富-台南,2023-11-22,5929
5274,信驊,5,0,5,元富-台南,2023-11-22,5929
5864,致和證,5,0,5,元富-台南,2023-11-22,5929
6122,擎邦,6,1,5,元富-台南,2023-11-22,5929
3264,欣銓,6,1,5,元富-台南,2023-11-22,5929
6285,啟��,5,1,4,元富-台南,2023-11-22,5929
6290,良維,4,0,4,元富-台南,2023-11-22,5929
9105,泰金寶-DR,140,15,125,元富-台南,2023-11-23,5929
3712,永崴投控,113,1,112,元富-台南,2023-11-23,5929
00929,復華台灣科技優息,127,20,107,元富-台南,2023-11-23,5929
3682,亞太電,54,2,52,元富-台南,2023-11-23,5929
6446,藥華藥,39,2,37,元富-台南,2023-11-23,5929
6579,研揚,35,0,35,元富-台南,2023-11-23,5929
00935,野村臺灣新科技50,30,0,30,元富-台南,2023-11-23,5929
8110,華東,30,0,30,元富-台南,2023-11-23,5929
2420,新巨,22,0,22,元富-台南,2023-11-23,5929
2883,凱基金,24,2,22,元富-台南,2023-11-23,5929
8069,元太,21,0,21,元富-台南,2023-11-23,5929
3481,群創,20,0,20,元富-台南,2023-11-23,5929
2423,固緯,20,0,20,元富-台南,2023-11-23,5929
2537,聯上發,30,10,20,元富-台南,2023-11-23,5929
3028,增你強,20,0,20,元富-台南,2023-11-23,5929
3265,台星科,20,0,20,元富-台南,2023-11-23,5929
3543,州巧,20,0,20,元富-台南,2023-11-23,5929
6282,康舒,77,62,15,元富-台南,2023-11-23,5929
3090,日電貿,15,0,15,元富-台南,2023-11-23,5929
00919,群益台灣精選高息,13,0,13,元富-台南,2023-11-23,5929
00715L,期街口布蘭特正2,12,0,12,元富-台南,2023-11-23,5929
3013,晟銘電,23,11,12,元富-台南,2023-11-23,5929
6187,萬潤,14,3,11,元富-台南,2023-11-23,5929
6411,晶焱,81,70,11,元富-台南,2023-11-23,5929
2812,台中銀,10,0,10,元富-台南,2023-11-23,5929
00706L,期元大S＆P日圓正2,10,0,10,元富-台南,2023-11-23,5929
2427,三商電,10,0,10,元富-台南,2023-11-23,5929
3346,麗清,10,0,10,元富-台南,2023-11-23,5929
6116,彩晶,10,0,10,元富-台南,2023-11-23,5929
8271,宇瞻,10,0,10,元富-台南,2023-11-23,5929
9945,潤泰新,10,0,10,元富-台南,2023-11-23,5929
2002,中鋼,22,12,10,元富-台南,2023-11-23,5929
2405,輔信,9,0,9,元富-台南,2023-11-23,5929
6164,華興,10,1,9,元富-台南,2023-11-23,5929
1336,台翰,8,0,8,元富-台南,2023-11-23,5929
1815,富喬,13,5,8,元富-台南,2023-11-23,5929
2388,威盛,20,12,8,元富-台南,2023-11-23,5929
4960,誠美材,8,0,8,元富-台南,2023-11-23,5929
6275,元山,14,6,8,元富-台南,2023-11-23,5929
00878,國泰永續高股息,8,0,8,元富-台南,2023-11-23,5929
2363,矽統,17,10,7,元富-台南,2023-11-23,5929
3483,力致,8,1,7,元富-台南,2023-11-23,5929
6104,創惟,12,5,7,元富-台南,2023-11-23,5929
00931B,統一美債20年,6,0,6,元富-台南,2023-11-23,5929
2344,華邦電,7,1,6,元富-台南,2023-11-23,5929
2387,精元,6,0,6,元富-台南,2023-11-23,5929
2739,寒舍,7,1,6,元富-台南,2023-11-23,5929
4128,中天,6,0,6,元富-台南,2023-11-23,5929
5521,工信,6,0,6,元富-台南,2023-11-23,5929
6112,邁達特,9,3,6,元富-台南,2023-11-23,5929
3682,亞太電,373,0,373,元富-台南,2023-11-24,5929
2867,三商壽,102,0,102,元富-台南,2023-11-24,5929
00878,國泰永續高股息,65,0,65,元富-台南,2023-11-24,5929
6541,泰福-KY,52,0,52,元富-台南,2023-11-24,5929
2618,長榮航,109,82,27,元富-台南,2023-11-24,5929
8050,廣積,27,0,27,元富-台南,2023-11-24,5929
2382,廣達,25,1,24,元富-台南,2023-11-24,5929
00655L,國泰中國A50正2,20,0,20,元富-台南,2023-11-24,5929
8110,華東,20,0,20,元富-台南,2023-11-24,5929
1336,台翰,15,0,15,元富-台南,2023-11-24,5929
2610,華航,15,0,15,元富-台南,2023-11-24,5929
3006,晶豪科,20,6,14,元富-台南,2023-11-24,5929
6527,明達醫,14,0,14,元富-台南,2023-11-24,5929
2344,華邦電,24,11,13,元富-台南,2023-11-24,5929
3706,神達,13,1,12,元富-台南,2023-11-24,5929
5351,鈺創,15,3,12,元富-台南,2023-11-24,5929
6257,矽格,12,0,12,元富-台南,2023-11-24,5929
00933B,國泰10Y+金融債,11,0,11,元富-台南,2023-11-24,5929
2353,宏��,13,3,10,元富-台南,2023-11-24,5929
00680L,元大美債20正2,10,0,10,元富-台南,2023-11-24,5929
1604,聲寶,10,0,10,元富-台南,2023-11-24,5929
1609,大亞,29,19,10,元富-台南,2023-11-24,5929
2323,中環,10,0,10,元富-台南,2023-11-24,5929
3346,麗清,10,0,10,元富-台南,2023-11-24,5929
5225,東科-KY,10,0,10,元富-台南,2023-11-24,5929
6202,盛群,11,1,10,元富-台南,2023-11-24,5929
6290,良維,10,1,9,元富-台南,2023-11-24,5929
2206,三陽工業,9,0,9,元富-台南,2023-11-24,5929
00931B,統一美債20年,8,0,8,元富-台南,2023-11-24,5929
2355,敬鵬,12,5,7,元富-台南,2023-11-24,5929
3036,文曄,8,1,7,元富-台南,2023-11-24,5929
2317,鴻海,7,1,6,元富-台南,2023-11-24,5929
2739,寒舍,7,1,6,元富-台南,2023-11-24,5929
2330,台積電,6,0,6,元富-台南,2023-11-24,5929
3105,穩懋,10,4,6,元富-台南,2023-11-24,5929
00679B,元大美債20年,6,0,6,元富-台南,2023-11-24,5929
00665L,富邦�琤肭磪囓�2,6,0,6,元富-台南,2023-11-24,5929
00687B,國泰20年美債,6,0,6,元富-台南,2023-11-24,5929
6275,元山,6,0,6,元富-台南,2023-11-24,5929
8103,瀚荃,6,0,6,元富-台南,2023-11-24,5929
00935,野村臺灣新科技50,5,0,5,元富-台南,2023-11-24,5929
2609,陽明,5,0,5,元富-台南,2023-11-24,5929
3437,榮創,7,2,5,元富-台南,2023-11-24,5929
6732,昇佳電子,5,0,5,元富-台南,2023-11-24,5929
9921,巨大,5,0,5,元富-台南,2023-11-24,5929
6523,達爾膚,6,1,5,元富-台南,2023-11-24,5929
6235,華孚,8,4,4,元富-台南,2023-11-24,5929
2465,麗臺,4,0,4,元富-台南,2023-11-24,5929
3264,欣銓,5,1,4,元富-台南,2023-11-24,5929
2401,凌陽,6,2,4,元富-台南,2023-11-24,5929
2474,可成,450,0,450,元富-台南,2023-11-27,5929
3682,亞太電,49,0,49,元富-台南,2023-11-27,5929
2401,凌陽,46,0,46,元富-台南,2023-11-27,5929
5347,世界,40,6,34,元富-台南,2023-11-27,5929
1101,台泥,40,6,34,元富-台南,2023-11-27,5929
2883,凱基金,54,22,32,元富-台南,2023-11-27,5929
1785,光洋科,27,0,27,元富-台南,2023-11-27,5929
1762,中化生,35,10,25,元富-台南,2023-11-27,5929
4114,健喬,35,13,22,元富-台南,2023-11-27,5929
2382,廣達,24,2,22,元富-台南,2023-11-27,5929
4714,永捷,23,5,18,元富-台南,2023-11-27,5929
00687B,國泰20年美債,17,0,17,元富-台南,2023-11-27,5929
6732,昇佳電子,15,0,15,元富-台南,2023-11-27,5929
8110,華東,25,10,15,元富-台南,2023-11-27,5929
9105,泰金寶-DR,15,0,15,元富-台南,2023-11-27,5929
00878,國泰永續高股息,17,3,14,元富-台南,2023-11-27,5929
00935,野村臺灣新科技50,18,4,14,元富-台南,2023-11-27,5929
3706,神達,14,0,14,元富-台南,2023-11-27,5929
00929,復華台灣科技優息,13,0,13,元富-台南,2023-11-27,5929
2618,長榮航,49,36,13,元富-台南,2023-11-27,5929
00922,國泰台灣領袖50,12,0,12,元富-台南,2023-11-27,5929
00715L,期街口布蘭特正2,11,0,11,元富-台南,2023-11-27,5929
6526,達發,11,0,11,元富-台南,2023-11-27,5929
00934,中信成長高股息,10,0,10,元富-台南,2023-11-27,5929
2605,新興,13,3,10,元富-台南,2023-11-27,5929
2867,三商壽,10,0,10,元富-台南,2023-11-27,5929
3045,台灣大,10,0,10,元富-台南,2023-11-27,5929
4743,合一,11,1,10,元富-台南,2023-11-27,5929
6122,擎邦,10,0,10,元富-台南,2023-11-27,5929
3231,緯創,12,3,9,元富-台南,2023-11-27,5929
8222,寶一,9,0,9,元富-台南,2023-11-27,5929
2610,華航,11,2,9,元富-台南,2023-11-27,5929
3006,晶豪科,11,2,9,元富-台南,2023-11-27,5929
6667,信紘科,13,5,8,元富-台南,2023-11-27,5929
00936,台新永續高息中小,9,1,8,元富-台南,2023-11-27,5929
2801,彰銀,8,0,8,元富-台南,2023-11-27,5929
3013,晟銘電,8,0,8,元富-台南,2023-11-27,5929
00679B,元大美債20年,7,0,7,元富-台南,2023-11-27,5929
00857B,永豐20年美公債,7,0,7,元富-台南,2023-11-27,5929
2614,東森,10,3,7,元富-台南,2023-11-27,5929
3714,富采,7,0,7,元富-台南,2023-11-27,5929
4106,雃博,7,0,7,元富-台南,2023-11-27,5929
6485,點序,10,3,7,元富-台南,2023-11-27,5929
00720B,元大投資級公司債,7,1,6,元富-台南,2023-11-27,5929
3228,金麗科,6,0,6,元富-台南,2023-11-27,5929
6257,矽格,6,0,6,元富-台南,2023-11-27,5929
3078,僑威,5,0,5,元富-台南,2023-11-27,5929
00665L,富邦�琤肭磪囓�2,16,11,5,元富-台南,2023-11-27,5929
1810,和成,5,0,5,元富-台南,2023-11-27,5929
3032,偉訓,6,1,5,元富-台南,2023-11-27,5929
2474,可成,390,0,390,元富-台南,2023-11-28,5929
4973,廣穎,65,11,54,元富-台南,2023-11-28,5929
4114,健喬,57,11,46,元富-台南,2023-11-28,5929
5347,世界,34,4,30,元富-台南,2023-11-28,5929
6282,康舒,25,0,25,元富-台南,2023-11-28,5929
2303,聯電,27,5,22,元富-台南,2023-11-28,5929
6122,擎邦,23,3,20,元富-台南,2023-11-28,5929
1785,光洋科,20,2,18,元富-台南,2023-11-28,5929
3481,群創,23,6,17,元富-台南,2023-11-28,5929
6143,振曜,31,14,17,元富-台南,2023-11-28,5929
9105,泰金寶-DR,17,0,17,元富-台南,2023-11-28,5929
1514,亞力,14,1,13,元富-台南,2023-11-28,5929
3231,緯創,17,5,12,元富-台南,2023-11-28,5929
3682,亞太電,12,0,12,元富-台南,2023-11-28,5929
00712,復華富時不動產,12,0,12,元富-台南,2023-11-28,5929
4157,太景*-KY,11,0,11,元富-台南,2023-11-28,5929
00753L,中信中國50正2,10,0,10,元富-台南,2023-11-28,5929
2382,廣達,15,5,10,元富-台南,2023-11-28,5929
2484,希華,10,0,10,元富-台南,2023-11-28,5929
2883,凱基金,24,15,9,元富-台南,2023-11-28,5929
9927,泰銘,9,0,9,元富-台南,2023-11-28,5929
1609,大亞,14,5,9,元富-台南,2023-11-28,5929
00929,復華台灣科技優息,38,30,8,元富-台南,2023-11-28,5929
1440,南紡,8,0,8,元富-台南,2023-11-28,5929
00882,中信中國高股息,6,0,6,元富-台南,2023-11-28,5929
6127,九豪,6,0,6,元富-台南,2023-11-28,5929
2492,華新科,13,7,6,元富-台南,2023-11-28,5929
1815,富喬,5,0,5,元富-台南,2023-11-28,5929
00935,野村臺灣新科技50,5,0,5,元富-台南,2023-11-28,5929
00673R,期元大S＆P原油反1,5,0,5,元富-台南,2023-11-28,5929
2834,臺企銀,5,0,5,元富-台南,2023-11-28,5929
6147,頎邦,6,1,5,元富-台南,2023-11-28,5929
8110,華東,5,0,5,元富-台南,2023-11-28,5929
6451,訊芯-KY,5,0,5,元富-台南,2023-11-28,5929
00919,群益台灣精選高息,4,0,4,元富-台南,2023-11-28,5929
00915,凱基優選高股息30,5,1,4,元富-台南,2023-11-28,5929
2353,宏��,6,2,4,元富-台南,2023-11-28,5929
2488,漢平,4,0,4,元富-台南,2023-11-28,5929
4968,立積,6,2,4,元富-台南,2023-11-28,5929
6187,萬潤,4,0,4,元富-台南,2023-11-28,5929
6442,光聖,4,0,4,元富-台南,2023-11-28,5929
2330,台積電,7,3,4,元富-台南,2023-11-28,5929
00720B,元大投資級公司債,3,0,3,元富-台南,2023-11-28,5929
00665L,富邦�琤肭磪囓�2,15,12,3,元富-台南,2023-11-28,5929
00632R,元大台灣50反1,3,0,3,元富-台南,2023-11-28,5929
1611,中電,3,0,3,元富-台南,2023-11-28,5929
1701,中化,15,12,3,元富-台南,2023-11-28,5929
2314,台揚,3,0,3,元富-台南,2023-11-28,5929
2352,佳世達,3,0,3,元富-台南,2023-11-28,5929
3260,威剛,3,0,3,元富-台南,2023-11-28,5929
00885,富邦越南,160,1,159,元富-台南,2023-11-29,5929
4743,合一,51,10,41,元富-台南,2023-11-29,5929
2409,友達,40,10,30,元富-台南,2023-11-29,5929
1612,宏泰,22,1,21,元富-台南,2023-11-29,5929
2610,華航,19,0,19,元富-台南,2023-11-29,5929
2401,凌陽,39,22,17,元富-台南,2023-11-29,5929
2883,凱基金,18,1,17,元富-台南,2023-11-29,5929
2888,新光金,16,0,16,元富-台南,2023-11-29,5929
2449,京元電子,15,0,15,元富-台南,2023-11-29,5929
2484,希華,15,0,15,元富-台南,2023-11-29,5929
2641,正德,19,4,15,元富-台南,2023-11-29,5929
4973,廣穎,25,10,15,元富-台南,2023-11-29,5929
5512,力麒,12,0,12,元富-台南,2023-11-29,5929
2303,聯電,12,0,12,元富-台南,2023-11-29,5929
3231,緯創,16,5,11,元富-台南,2023-11-29,5929
1604,聲寶,10,0,10,元富-台南,2023-11-29,5929
2363,矽統,15,5,10,元富-台南,2023-11-29,5929
1762,中化生,10,0,10,元富-台南,2023-11-29,5929
00680L,元大美債20正2,10,0,10,元富-台南,2023-11-29,5929
2417,圓剛,10,0,10,元富-台南,2023-11-29,5929
3209,全科,10,0,10,元富-台南,2023-11-29,5929
6494,九齊,10,0,10,元富-台南,2023-11-29,5929
00919,群益台灣精選高息,10,1,9,元富-台南,2023-11-29,5929
6173,信昌電,11,2,9,元富-台南,2023-11-29,5929
8028,昇陽半導體,9,0,9,元富-台南,2023-11-29,5929
00934,中信成長高股息,8,0,8,元富-台南,2023-11-29,5929
1616,億泰,8,0,8,元富-台南,2023-11-29,5929
3260,威剛,9,1,8,元富-台南,2023-11-29,5929
3680,家登,19,11,8,元富-台南,2023-11-29,5929
1810,和成,7,0,7,元富-台南,2023-11-29,5929
2316,楠梓電,7,0,7,元富-台南,2023-11-29,5929
3051,力特,7,0,7,元富-台南,2023-11-29,5929
3149,正達,7,0,7,元富-台南,2023-11-29,5929
00713,元大台灣高息低波,6,0,6,元富-台南,2023-11-29,5929
2454,聯發科,6,0,6,元富-台南,2023-11-29,5929
00935,野村臺灣新科技50,6,0,6,元富-台南,2023-11-29,5929
1514,亞力,7,1,6,元富-台南,2023-11-29,5929
1905,華紙,6,0,6,元富-台南,2023-11-29,5929
3617,碩天,6,0,6,元富-台南,2023-11-29,5929
4744,皇將,7,1,6,元富-台南,2023-11-29,5929
6129,普誠,6,0,6,元富-台南,2023-11-29,5929
00712,復華富時不動產,6,0,6,元富-台南,2023-11-29,5929
00882,中信中國高股息,5,0,5,元富-台南,2023-11-29,5929
6533,晶心科,5,0,5,元富-台南,2023-11-29,5929
2330,台積電,6,1,5,元富-台南,2023-11-29,5929
1609,大亞,5,0,5,元富-台南,2023-11-29,5929
2353,宏��,7,2,5,元富-台南,2023-11-29,5929
2421,建準,5,0,5,元富-台南,2023-11-29,5929
2897,王道銀行,10,5,5,元富-台南,2023-11-29,5929
4906,正文,5,0,5,元富-台南,2023-11-29,5929
3682,亞太電,171,0,171,元富-台南,2023-11-30,5929
2883,凱基金,129,9,120,元富-台南,2023-11-30,5929
9925,新保,46,0,46,元富-台南,2023-11-30,5929
2618,長榮航,42,0,42,元富-台南,2023-11-30,5929
2888,新光金,45,10,35,元富-台南,2023-11-30,5929
00934,中信成長高股息,32,0,32,元富-台南,2023-11-30,5929
00935,野村臺灣新科技50,30,0,30,元富-台南,2023-11-30,5929
3088,艾訊,30,0,30,元富-台南,2023-11-30,5929
4768,晶呈科技,29,0,29,元富-台南,2023-11-30,5929
00637L,元大滬深300正2,20,2,18,元富-台南,2023-11-30,5929
2344,華邦電,34,16,18,元富-台南,2023-11-30,5929
3231,緯創,18,2,16,元富-台南,2023-11-30,5929
2387,精元,16,0,16,元富-台南,2023-11-30,5929
1305,華夏,15,0,15,元富-台南,2023-11-30,5929
2408,南亞科,25,11,14,元富-台南,2023-11-30,5929
8112,至上,19,6,13,元富-台南,2023-11-30,5929
5347,世界,15,2,13,元富-台南,2023-11-30,5929
6143,振曜,14,2,12,元富-台南,2023-11-30,5929
2317,鴻海,11,0,11,元富-台南,2023-11-30,5929
2369,菱生,12,1,11,元富-台南,2023-11-30,5929
4114,健喬,11,0,11,元富-台南,2023-11-30,5929
2441,超豐,10,0,10,元富-台南,2023-11-30,5929
6578,達邦蛋白,10,0,10,元富-台南,2023-11-30,5929
6806,森崴能源,10,0,10,元富-台南,2023-11-30,5929
00933B,國泰10Y+金融債,9,0,9,元富-台南,2023-11-30,5929
1603,華電,9,0,9,元富-台南,2023-11-30,5929
6290,良維,11,2,9,元富-台南,2023-11-30,5929
3105,穩懋,11,2,9,元富-台南,2023-11-30,5929
2329,華泰,291,283,8,元富-台南,2023-11-30,5929
6190,萬泰科,8,0,8,元富-台南,2023-11-30,5929
2371,大同,7,0,7,元富-台南,2023-11-30,5929
2610,華航,7,0,7,元富-台南,2023-11-30,5929
5452,佶優,10,3,7,元富-台南,2023-11-30,5929
8222,寶一,7,0,7,元富-台南,2023-11-30,5929
2401,凌陽,10,4,6,元富-台南,2023-11-30,5929
3047,訊舟,8,2,6,元富-台南,2023-11-30,5929
4167,松瑞藥,6,0,6,元富-台南,2023-11-30,5929
8091,翔名,6,0,6,元富-台南,2023-11-30,5929
00882,中信中國高股息,5,0,5,元富-台南,2023-11-30,5929
1513,中興電,7,2,5,元富-台南,2023-11-30,5929
2458,義隆,5,0,5,元富-台南,2023-11-30,5929
3693,營邦,5,0,5,元富-台南,2023-11-30,5929
1215,卜蜂,5,0,5,元富-台南,2023-11-30,5929
1701,中化,5,0,5,元富-台南,2023-11-30,5929
2301,光寶科,13,8,5,元富-台南,2023-11-30,5929
2305,全友,5,0,5,元富-台南,2023-11-30,5929
2354,鴻準,5,0,5,元富-台南,2023-11-30,5929
2606,裕民,7,2,5,元富-台南,2023-11-30,5929
3045,台灣大,5,0,5,元富-台南,2023-11-30,5929
3163,波若威,6,1,5,元富-台南,2023-11-30,5929
2367,燿華,109,31,78,元富-台南,2023-12-01,5929
2888,新光金,87,10,77,元富-台南,2023-12-01,5929
1101,台泥,73,3,70,元富-台南,2023-12-01,5929
2371,大同,61,4,57,元富-台南,2023-12-01,5929
2883,凱基金,55,0,55,元富-台南,2023-12-01,5929
00885,富邦越南,43,0,43,元富-台南,2023-12-01,5929
1513,中興電,44,10,34,元富-台南,2023-12-01,5929
6806,森崴能源,34,0,34,元富-台南,2023-12-01,5929
1616,億泰,33,0,33,元富-台南,2023-12-01,5929
2481,強茂,82,50,32,元富-台南,2023-12-01,5929
2014,中鴻,30,0,30,元富-台南,2023-12-01,5929
3028,增你強,30,0,30,元富-台南,2023-12-01,5929
4973,廣穎,30,0,30,元富-台南,2023-12-01,5929
00715L,期街口布蘭特正2,22,0,22,元富-台南,2023-12-01,5929
3059,華晶科,20,0,20,元富-台南,2023-12-01,5929
3090,日電貿,20,0,20,元富-台南,2023-12-01,5929
3372,典範,20,0,20,元富-台南,2023-12-01,5929
3680,家登,21,1,20,元富-台南,2023-12-01,5929
6116,彩晶,20,0,20,元富-台南,2023-12-01,5929
2316,楠梓電,20,2,18,元富-台南,2023-12-01,5929
00919,群益台灣精選高息,18,1,17,元富-台南,2023-12-01,5929
2312,金寶,17,0,17,元富-台南,2023-12-01,5929
8227,巨有科技,16,0,16,元富-台南,2023-12-01,5929
1795,美時,19,3,16,元富-台南,2023-12-01,5929
3708,上緯投控,15,0,15,元富-台南,2023-12-01,5929
8096,擎亞,15,0,15,元富-台南,2023-12-01,5929
8261,富鼎,15,0,15,元富-台南,2023-12-01,5929
3041,揚智,29,15,14,元富-台南,2023-12-01,5929
00935,野村臺灣新科技50,13,0,13,元富-台南,2023-12-01,5929
1785,光洋科,13,0,13,元富-台南,2023-12-01,5929
2002,中鋼,12,0,12,元富-台南,2023-12-01,5929
2332,友訊,14,2,12,元富-台南,2023-12-01,5929
2606,裕民,27,15,12,元富-台南,2023-12-01,5929
00680L,元大美債20正2,10,0,10,元富-台南,2023-12-01,5929
1608,華榮,10,0,10,元富-台南,2023-12-01,5929
2402,毅嘉,15,5,10,元富-台南,2023-12-01,5929
2423,固緯,10,0,10,元富-台南,2023-12-01,5929
5475,德宏,10,0,10,元富-台南,2023-12-01,5929
6494,九齊,10,0,10,元富-台南,2023-12-01,5929
4977,眾達-KY,11,1,10,元富-台南,2023-12-01,5929
1605,華新,12,3,9,元富-台南,2023-12-01,5929
6186,新潤,9,0,9,元富-台南,2023-12-01,5929
6257,矽格,12,3,9,元富-台南,2023-12-01,5929
6191,精成科,10,2,8,元富-台南,2023-12-01,5929
4739,康普,10,2,8,元富-台南,2023-12-01,5929
2352,佳世達,12,4,8,元富-台南,2023-12-01,5929
2356,英業達,8,0,8,元富-台南,2023-12-01,5929
2498,宏達電,9,1,8,元富-台南,2023-12-01,5929
5351,鈺創,13,5,8,元富-台南,2023-12-01,5929
2462,良得電,7,0,7,元富-台南,2023-12-01,5929
3481,群創,256,108,148,元富-台南,2023-12-04,5929
1440,南紡,111,0,111,元富-台南,2023-12-04,5929
3712,永崴投控,101,0,101,元富-台南,2023-12-04,5929
6125,廣運,188,87,101,元富-台南,2023-12-04,5929
3682,亞太電,60,0,60,元富-台南,2023-12-04,5929
00715L,期街口布蘭特正2,58,0,58,元富-台南,2023-12-04,5929
6282,康舒,56,5,51,元富-台南,2023-12-04,5929
2355,敬鵬,70,19,51,元富-台南,2023-12-04,5929
1785,光洋科,113,66,47,元富-台南,2023-12-04,5929
2312,金寶,44,1,43,元富-台南,2023-12-04,5929
4164,承業醫,42,0,42,元富-台南,2023-12-04,5929
2888,新光金,41,0,41,元富-台南,2023-12-04,5929
2883,凱基金,31,4,27,元富-台南,2023-12-04,5929
6186,新潤,26,0,26,元富-台南,2023-12-04,5929
4167,松瑞藥,25,2,23,元富-台南,2023-12-04,5929
2618,長榮航,44,22,22,元富-台南,2023-12-04,5929
00713,元大台灣高息低波,22,0,22,元富-台南,2023-12-04,5929
2809,京城銀,20,0,20,元富-台南,2023-12-04,5929
3680,家登,17,1,16,元富-台南,2023-12-04,5929
8110,華東,15,0,15,元富-台南,2023-12-04,5929
9919,康那香,18,3,15,元富-台南,2023-12-04,5929
00882,中信中國高股息,16,2,14,元富-台南,2023-12-04,5929
00919,群益台灣精選高息,33,19,14,元富-台南,2023-12-04,5929
3264,欣銓,20,7,13,元富-台南,2023-12-04,5929
3483,力致,17,5,12,元富-台南,2023-12-04,5929
2801,彰銀,12,0,12,元富-台南,2023-12-04,5929
2636,台驊控股,13,1,12,元富-台南,2023-12-04,5929
00857B,永豐20年美公債,11,0,11,元富-台南,2023-12-04,5929
2401,凌陽,16,5,11,元富-台南,2023-12-04,5929
3088,艾訊,11,0,11,元富-台南,2023-12-04,5929
5608,四維航,12,1,11,元富-台南,2023-12-04,5929
3706,神達,11,1,10,元富-台南,2023-12-04,5929
1316,上曜,10,0,10,元富-台南,2023-12-04,5929
1444,力麗,10,0,10,元富-台南,2023-12-04,5929
2201,裕隆,10,0,10,元富-台南,2023-12-04,5929
5475,德宏,10,0,10,元富-台南,2023-12-04,5929
6613,朋億*,10,0,10,元富-台南,2023-12-04,5929
00935,野村臺灣新科技50,9,0,9,元富-台南,2023-12-04,5929
1568,倉佑,10,1,9,元富-台南,2023-12-04,5929
2376,技嘉,9,0,9,元富-台南,2023-12-04,5929
3051,力特,9,0,9,元富-台南,2023-12-04,5929
3228,金麗科,9,0,9,元富-台南,2023-12-04,5929
6438,迅得,12,3,9,元富-台南,2023-12-04,5929
3231,緯創,15,7,8,元富-台南,2023-12-04,5929
2340,台亞,10,2,8,元富-台南,2023-12-04,5929
2369,菱生,8,0,8,元富-台南,2023-12-04,5929
2884,玉山金,12,5,7,元富-台南,2023-12-04,5929
2603,長榮,10,3,7,元富-台南,2023-12-04,5929
6245,立端,7,0,7,元富-台南,2023-12-04,5929
2812,台中銀,7,0,7,元富-台南,2023-12-04,5929
00919,群益台灣精選高息,182,0,182,元富-台南,2023-12-05,5929
00665L,富邦�琤肭磪囓�2,114,0,114,元富-台南,2023-12-05,5929
3481,群創,130,49,81,元富-台南,2023-12-05,5929
6168,宏齊,64,0,64,元富-台南,2023-12-05,5929
3712,永崴投控,62,1,61,元富-台南,2023-12-05,5929
00937B,群益ESG投等債20,96,41,55,元富-台南,2023-12-05,5929
2353,宏��,58,4,54,元富-台南,2023-12-05,5929
2929,淘帝-KY,39,0,39,元富-台南,2023-12-05,5929
3708,上緯投控,35,0,35,元富-台南,2023-12-05,5929
5347,世界,34,0,34,元富-台南,2023-12-05,5929
1605,華新,50,17,33,元富-台南,2023-12-05,5929
00918,大華優利高填息30,31,0,31,元富-台南,2023-12-05,5929
3346,麗清,30,0,30,元富-台南,2023-12-05,5929
1514,亞力,39,10,29,元富-台南,2023-12-05,5929
2641,正德,202,174,28,元富-台南,2023-12-05,5929
3588,通嘉,28,0,28,元富-台南,2023-12-05,5929
00878,國泰永續高股息,27,0,27,元富-台南,2023-12-05,5929
00715L,期街口布蘭特正2,26,0,26,元富-台南,2023-12-05,5929
2344,華邦電,25,0,25,元富-台南,2023-12-05,5929
00934,中信成長高股息,27,3,24,元富-台南,2023-12-05,5929
00688L,國泰20年美債正2,24,0,24,元富-台南,2023-12-05,5929
1440,南紡,23,1,22,元富-台南,2023-12-05,5929
2883,凱基金,20,0,20,元富-台南,2023-12-05,5929
00929,復華台灣科技優息,31,13,18,元富-台南,2023-12-05,5929
2891,中信金,17,0,17,元富-台南,2023-12-05,5929
1504,東元,22,6,16,元富-台南,2023-12-05,5929
3576,聯合再生,16,0,16,元富-台南,2023-12-05,5929
1802,台玻,15,0,15,元富-台南,2023-12-05,5929
2867,三商壽,15,0,15,元富-台南,2023-12-05,5929
2888,新光金,14,0,14,元富-台南,2023-12-05,5929
2355,敬鵬,20,6,14,元富-台南,2023-12-05,5929
2474,可成,12,0,12,元富-台南,2023-12-05,5929
3013,晟銘電,22,10,12,元富-台南,2023-12-05,5929
2617,台航,17,6,11,元富-台南,2023-12-05,5929
3024,憶聲,11,0,11,元富-台南,2023-12-05,5929
8390,金益鼎,15,4,11,元富-台南,2023-12-05,5929
3078,僑威,10,0,10,元富-台南,2023-12-05,5929
2442,新美齊,10,0,10,元富-台南,2023-12-05,5929
3051,力特,10,0,10,元富-台南,2023-12-05,5929
4171,瑞基,10,0,10,元富-台南,2023-12-05,5929
6161,捷波,10,0,10,元富-台南,2023-12-05,5929
6446,藥華藥,10,0,10,元富-台南,2023-12-05,5929
2606,裕民,19,9,10,元富-台南,2023-12-05,5929
2201,裕隆,10,0,10,元富-台南,2023-12-05,5929
00751B,元大AAA至A公司債,9,0,9,元富-台南,2023-12-05,5929
6257,矽格,12,3,9,元富-台南,2023-12-05,5929
2515,中工,8,0,8,元富-台南,2023-12-05,5929
2610,華航,8,0,8,元富-台南,2023-12-05,5929
3710,連展投控,12,4,8,元富-台南,2023-12-05,5929
3231,緯創,11,3,8,元富-台南,2023-12-05,5929
00688L,國泰20年美債正2,540,0,540,元富-台南,2023-12-06,5929
00687B,國泰20年美債,184,3,181,元富-台南,2023-12-06,5929
00919,群益台灣精選高息,168,2,166,元富-台南,2023-12-06,5929
3712,永崴投控,152,0,152,元富-台南,2023-12-06,5929
00918,大華優利高填息30,124,3,121,元富-台南,2023-12-06,5929
2367,燿華,107,0,107,元富-台南,2023-12-06,5929
2474,可成,105,0,105,元富-台南,2023-12-06,5929
2888,新光金,109,5,104,元富-台南,2023-12-06,5929
00937B,群益ESG投等債20,98,9,89,元富-台南,2023-12-06,5929
6005,群益證,80,0,80,元富-台南,2023-12-06,5929
2883,凱基金,80,5,75,元富-台南,2023-12-06,5929
1337,再生-KY,50,0,50,元富-台南,2023-12-06,5929
2462,良得電,50,0,50,元富-台南,2023-12-06,5929
2605,新興,69,22,47,元富-台南,2023-12-06,5929
3167,大量,45,0,45,元富-台南,2023-12-06,5929
2010,春源,50,10,40,元富-台南,2023-12-06,5929
00929,復華台灣科技優息,41,8,33,元富-台南,2023-12-06,5929
4167,松瑞藥,25,1,24,元富-台南,2023-12-06,5929
1604,聲寶,20,0,20,元富-台南,2023-12-06,5929
3481,群創,20,1,19,元富-台南,2023-12-06,5929
00933B,國泰10Y+金融債,20,2,18,元富-台南,2023-12-06,5929
4951,精拓科,16,0,16,元富-台南,2023-12-06,5929
6116,彩晶,16,0,16,元富-台南,2023-12-06,5929
1616,億泰,15,1,14,元富-台南,2023-12-06,5929
2356,英業達,15,2,13,元富-台南,2023-12-06,5929
1582,信錦,15,3,12,元富-台南,2023-12-06,5929
6117,迎廣,22,10,12,元富-台南,2023-12-06,5929
00712,復華富時不動產,11,0,11,元富-台南,2023-12-06,5929
1513,中興電,27,17,10,元富-台南,2023-12-06,5929
00891,中信關鍵半導體,10,0,10,元富-台南,2023-12-06,5929
2405,輔信,10,0,10,元富-台南,2023-12-06,5929
2610,華航,10,0,10,元富-台南,2023-12-06,5929
3588,通嘉,11,1,10,元富-台南,2023-12-06,5929
6186,新潤,10,0,10,元富-台南,2023-12-06,5929
9950,萬國通,10,0,10,元富-台南,2023-12-06,5929
1529,樂事綠能,19,9,10,元富-台南,2023-12-06,5929
2884,玉山金,11,2,9,元富-台南,2023-12-06,5929
4162,智擎,9,0,9,元富-台南,2023-12-06,5929
6684,安格,10,1,9,元富-台南,2023-12-06,5929
8390,金益鼎,9,0,9,元富-台南,2023-12-06,5929
2355,敬鵬,25,16,9,元富-台南,2023-12-06,5929
2313,華通,12,4,8,元富-台南,2023-12-06,5929
6139,亞翔,8,0,8,元富-台南,2023-12-06,5929
6531,愛普*,8,0,8,元富-台南,2023-12-06,5929
8091,翔名,8,0,8,元富-台南,2023-12-06,5929
1101,台泥,8,1,7,元富-台南,2023-12-06,5929
2358,廷鑫,7,0,7,元富-台南,2023-12-06,5929
3078,僑威,7,0,7,元富-台南,2023-12-06,5929
5864,致和證,7,0,7,元富-台南,2023-12-06,5929
3003,健和興,6,0,6,元富-台南,2023-12-06,5929
2474,可成,416,0,416,元富-台南,2023-12-07,5929
00712,復華富時不動產,346,0,346,元富-台南,2023-12-07,5929
00929,復華台灣科技優息,222,0,222,元富-台南,2023-12-07,5929
00919,群益台灣精選高息,120,0,120,元富-台南,2023-12-07,5929
00665L,富邦�琤肭磪囓�2,107,3,104,元富-台南,2023-12-07,5929
00931B,統一美債20年,100,17,83,元富-台南,2023-12-07,5929
1609,大亞,96,29,67,元富-台南,2023-12-07,5929
6005,群益證,60,0,60,元富-台南,2023-12-07,5929
1605,華新,72,17,55,元富-台南,2023-12-07,5929
00632R,元大台灣50反1,40,0,40,元富-台南,2023-12-07,5929
2888,新光金,31,0,31,元富-台南,2023-12-07,5929
2312,金寶,43,13,30,元富-台南,2023-12-07,5929
00933B,國泰10Y+金融債,28,0,28,元富-台南,2023-12-07,5929
2883,凱基金,29,1,28,元富-台南,2023-12-07,5929
00857B,永豐20年美公債,25,0,25,元富-台南,2023-12-07,5929
6233,旺玖,25,0,25,元富-台南,2023-12-07,5929
8049,晶采,25,0,25,元富-台南,2023-12-07,5929
2605,新興,38,16,22,元富-台南,2023-12-07,5929
9925,新保,22,0,22,元富-台南,2023-12-07,5929
1522,堤維西,26,5,21,元富-台南,2023-12-07,5929
2303,聯電,21,0,21,元富-台南,2023-12-07,5929
8054,安國,29,8,21,元富-台南,2023-12-07,5929
2610,華航,30,10,20,元富-台南,2023-12-07,5929
5512,力麒,60,40,20,元富-台南,2023-12-07,5929
2344,華邦電,18,2,16,元富-台南,2023-12-07,5929
00687B,國泰20年美債,45,32,13,元富-台南,2023-12-07,5929
00715L,期街口布蘭特正2,13,0,13,元富-台南,2023-12-07,5929
00935,野村臺灣新科技50,12,0,12,元富-台南,2023-12-07,5929
2330,台積電,11,0,11,元富-台南,2023-12-07,5929
1444,力麗,11,0,11,元富-台南,2023-12-07,5929
2402,毅嘉,12,1,11,元富-台南,2023-12-07,5929
4744,皇將,11,0,11,元富-台南,2023-12-07,5929
6531,愛普*,11,0,11,元富-台南,2023-12-07,5929
1218,泰山,10,0,10,元富-台南,2023-12-07,5929
00915,凱基優選高股息30,10,0,10,元富-台南,2023-12-07,5929
2367,燿華,10,0,10,元富-台南,2023-12-07,5929
2399,映泰,11,1,10,元富-台南,2023-12-07,5929
2542,興富發,10,0,10,元富-台南,2023-12-07,5929
3088,艾訊,10,0,10,元富-台南,2023-12-07,5929
5284,jpp-KY,10,0,10,元富-台南,2023-12-07,5929
6112,邁達特,10,0,10,元富-台南,2023-12-07,5929
6116,彩晶,10,0,10,元富-台南,2023-12-07,5929
5222,全訊,12,2,10,元富-台南,2023-12-07,5929
00918,大華優利高填息30,12,3,9,元富-台南,2023-12-07,5929
5347,世界,15,6,9,元富-台南,2023-12-07,5929
6143,振曜,11,3,8,元富-台南,2023-12-07,5929
1402,遠東新,8,0,8,元富-台南,2023-12-07,5929
1504,東元,66,58,8,元富-台南,2023-12-07,5929
1802,台玻,8,0,8,元富-台南,2023-12-07,5929
3324,雙鴻,8,0,8,元富-台南,2023-12-07,5929
00937B,群益ESG投等債20,175,0,175,元富-台南,2023-12-08,5929
2474,可成,160,30,130,元富-台南,2023-12-08,5929
00688L,國泰20年美債正2,100,0,100,元富-台南,2023-12-08,5929
6005,群益證,100,0,100,元富-台南,2023-12-08,5929
9925,新保,70,0,70,元富-台南,2023-12-08,5929
4953,緯軟,50,0,50,元富-台南,2023-12-08,5929
2329,華泰,46,2,44,元富-台南,2023-12-08,5929
00751B,元大AAA至A公司債,33,0,33,元富-台南,2023-12-08,5929
3027,盛達,30,0,30,元富-台南,2023-12-08,5929
4720,德淵,29,0,29,元富-台南,2023-12-08,5929
00919,群益台灣精選高息,25,0,25,元富-台南,2023-12-08,5929
3041,揚智,29,6,23,元富-台南,2023-12-08,5929
00687B,國泰20年美債,26,3,23,元富-台南,2023-12-08,5929
1524,耿鼎,22,2,20,元富-台南,2023-12-08,5929
00715L,期街口布蘭特正2,20,2,18,元富-台南,2023-12-08,5929
5521,工信,20,2,18,元富-台南,2023-12-08,5929
1513,中興電,23,6,17,元富-台南,2023-12-08,5929
5439,高技,17,0,17,元富-台南,2023-12-08,5929
00931B,統一美債20年,16,0,16,元富-台南,2023-12-08,5929
3481,群創,16,0,16,元富-台南,2023-12-08,5929
00706L,期元大S＆P日圓正2,15,0,15,元富-台南,2023-12-08,5929
4951,精拓科,14,0,14,元富-台南,2023-12-08,5929
1504,東元,41,28,13,元富-台南,2023-12-08,5929
2367,燿華,21,8,13,元富-台南,2023-12-08,5929
3483,力致,13,0,13,元富-台南,2023-12-08,5929
6806,森崴能源,13,0,13,元富-台南,2023-12-08,5929
2376,技嘉,13,2,11,元富-台南,2023-12-08,5929
8110,華東,11,0,11,元富-台南,2023-12-08,5929
1529,樂事綠能,12,1,11,元富-台南,2023-12-08,5929
00891,中信關鍵半導體,10,0,10,元富-台南,2023-12-08,5929
1802,台玻,10,0,10,元富-台南,2023-12-08,5929
2010,春源,10,0,10,元富-台南,2023-12-08,5929
3088,艾訊,10,0,10,元富-台南,2023-12-08,5929
3213,茂訊,10,0,10,元富-台南,2023-12-08,5929
3390,旭軟,10,0,10,元富-台南,2023-12-08,5929
6494,九齊,10,0,10,元富-台南,2023-12-08,5929
9105,泰金寶-DR,10,0,10,元富-台南,2023-12-08,5929
2027,大成鋼,10,1,9,元富-台南,2023-12-08,5929
2312,金寶,12,3,9,元富-台南,2023-12-08,5929
2399,映泰,10,1,9,元富-台南,2023-12-08,5929
6016,康和證,9,0,9,元富-台南,2023-12-08,5929
3588,通嘉,8,0,8,元富-台南,2023-12-08,5929
6570,維田,7,0,7,元富-台南,2023-12-08,5929
6901,鑽石投資,7,0,7,元富-台南,2023-12-08,5929
2882,國泰金,6,0,6,元富-台南,2023-12-08,5929
1316,上曜,6,0,6,元富-台南,2023-12-08,5929
1721,三晃,6,0,6,元富-台南,2023-12-08,5929
1440,南紡,6,1,5,元富-台南,2023-12-08,5929
1314,中石化,5,0,5,元富-台南,2023-12-08,5929
00633L,富邦上証正2,5,0,5,元富-台南,2023-12-08,5929
00919,群益台灣精選高息,202,6,196,元富-台南,2023-12-11,5929
9925,新保,147,0,147,元富-台南,2023-12-11,5929
2474,可成,126,0,126,元富-台南,2023-12-11,5929
00937B,群益ESG投等債20,64,1,63,元富-台南,2023-12-11,5929
3704,合勤控,60,2,58,元富-台南,2023-12-11,5929
00665L,富邦�琤肭磪囓�2,53,0,53,元富-台南,2023-12-11,5929
3346,麗清,40,0,40,元富-台南,2023-12-11,5929
4720,德淵,40,0,40,元富-台南,2023-12-11,5929
2371,大同,38,14,24,元富-台南,2023-12-11,5929
2388,威盛,54,30,24,元富-台南,2023-12-11,5929
00878,國泰永續高股息,27,4,23,元富-台南,2023-12-11,5929
00929,復華台灣科技優息,25,2,23,元富-台南,2023-12-11,5929
6806,森崴能源,22,0,22,元富-台南,2023-12-11,5929
2542,興富發,20,0,20,元富-台南,2023-12-11,5929
2888,新光金,22,3,19,元富-台南,2023-12-11,5929
2913,農林,20,1,19,元富-台南,2023-12-11,5929
00882,中信中國高股息,18,0,18,元富-台南,2023-12-11,5929
4906,正文,17,0,17,元富-台南,2023-12-11,5929
8478,東哥遊艇,16,0,16,元富-台南,2023-12-11,5929
2365,昆盈,15,0,15,元富-台南,2023-12-11,5929
2609,陽明,20,5,15,元富-台南,2023-12-11,5929
8054,安國,13,1,12,元富-台南,2023-12-11,5929
6901,鑽石投資,11,0,11,元富-台南,2023-12-11,5929
3021,鴻名,10,0,10,元富-台南,2023-12-11,5929
3265,台星科,10,0,10,元富-台南,2023-12-11,5929
4171,瑞基,10,0,10,元富-台南,2023-12-11,5929
6261,久元,10,0,10,元富-台南,2023-12-11,5929
8383,千附,10,0,10,元富-台南,2023-12-11,5929
2031,新光鋼,9,0,9,元富-台南,2023-12-11,5929
2102,泰豐,10,1,9,元富-台南,2023-12-11,5929
2610,華航,29,20,9,元富-台南,2023-12-11,5929
2618,長榮航,8,0,8,元富-台南,2023-12-11,5929
2883,凱基金,8,0,8,元富-台南,2023-12-11,5929
00633L,富邦上証正2,8,0,8,元富-台南,2023-12-11,5929
2312,金寶,12,4,8,元富-台南,2023-12-11,5929
1815,富喬,7,0,7,元富-台南,2023-12-11,5929
3206,志豐,7,0,7,元富-台南,2023-12-11,5929
4543,萬在,10,3,7,元富-台南,2023-12-11,5929
4951,精拓科,7,0,7,元富-台南,2023-12-11,5929
3013,晟銘電,8,1,7,元富-台南,2023-12-11,5929
2880,華南金,6,0,6,元富-台南,2023-12-11,5929
2882,國泰金,6,0,6,元富-台南,2023-12-11,5929
1513,中興電,6,0,6,元富-台南,2023-12-11,5929
2332,友訊,6,0,6,元富-台南,2023-12-11,5929
3630,新鉅科,6,0,6,元富-台南,2023-12-11,5929
4968,立積,8,2,6,元富-台南,2023-12-11,5929
9907,統一實,6,0,6,元富-台南,2023-12-11,5929
1101,台泥,7,2,5,元富-台南,2023-12-11,5929
2002,中鋼,5,0,5,元富-台南,2023-12-11,5929
1314,中石化,5,0,5,元富-台南,2023-12-11,5929
2474,可成,120,0,120,元富-台南,2023-12-12,5929
6005,群益證,78,0,78,元富-台南,2023-12-12,5929
00919,群益台灣精選高息,63,3,60,元富-台南,2023-12-12,5929
9925,新保,55,0,55,元富-台南,2023-12-12,5929
2605,新興,60,7,53,元富-台南,2023-12-12,5929
4906,正文,69,19,50,元富-台南,2023-12-12,5929
2363,矽統,72,24,48,元富-台南,2023-12-12,5929
8011,台通,50,3,47,元富-台南,2023-12-12,5929
00688L,國泰20年美債正2,45,0,45,元富-台南,2023-12-12,5929
6156,松上,44,3,41,元富-台南,2023-12-12,5929
00932,兆豐永續高息等權,33,0,33,元富-台南,2023-12-12,5929
3481,群創,36,6,30,元富-台南,2023-12-12,5929
1529,樂事綠能,28,0,28,元富-台南,2023-12-12,5929
2891,中信金,31,3,28,元富-台南,2023-12-12,5929
2484,希華,21,1,20,元富-台南,2023-12-12,5929
2888,新光金,20,0,20,元富-台南,2023-12-12,5929
3346,麗清,20,0,20,元富-台南,2023-12-12,5929
2409,友達,22,3,19,元富-台南,2023-12-12,5929
00918,大華優利高填息30,18,0,18,元富-台南,2023-12-12,5929
2618,長榮航,39,22,17,元富-台南,2023-12-12,5929
2615,萬海,23,6,17,元富-台南,2023-12-12,5929
3325,旭品,15,0,15,元富-台南,2023-12-12,5929
00632R,元大台灣50反1,14,0,14,元富-台南,2023-12-12,5929
1504,東元,16,2,14,元富-台南,2023-12-12,5929
00687B,國泰20年美債,12,0,12,元富-台南,2023-12-12,5929
2420,新巨,12,0,12,元富-台南,2023-12-12,5929
2312,金寶,13,2,11,元富-台南,2023-12-12,5929
2542,興富發,11,0,11,元富-台南,2023-12-12,5929
6202,盛群,11,0,11,元富-台南,2023-12-12,5929
6188,廣明,10,0,10,元富-台南,2023-12-12,5929
3037,欣興,11,1,10,元富-台南,2023-12-12,5929
2329,華泰,12,2,10,元富-台南,2023-12-12,5929
2338,光罩,10,0,10,元富-台南,2023-12-12,5929
4960,誠美材,10,0,10,元富-台南,2023-12-12,5929
9105,泰金寶-DR,47,37,10,元富-台南,2023-12-12,5929
3019,亞光,12,2,10,元富-台南,2023-12-12,5929
00934,中信成長高股息,9,0,9,元富-台南,2023-12-12,5929
1609,大亞,49,40,9,元富-台南,2023-12-12,5929
3051,力特,10,1,9,元富-台南,2023-12-12,5929
4951,精拓科,9,0,9,元富-台南,2023-12-12,5929
2882,國泰金,9,0,9,元富-台南,2023-12-12,5929
2387,精元,8,0,8,元富-台南,2023-12-12,5929
2610,華航,29,21,8,元富-台南,2023-12-12,5929
8034,榮群,10,2,8,元富-台南,2023-12-12,5929
1301,台塑,7,0,7,元富-台南,2023-12-12,5929
00715L,期街口布蘭特正2,11,4,7,元富-台南,2023-12-12,5929
3380,明泰,23,16,7,元富-台南,2023-12-12,5929
6806,森崴能源,7,0,7,元富-台南,2023-12-12,5929
2881,富邦金,6,0,6,元富-台南,2023-12-12,5929
2007,燁興,6,0,6,元富-台南,2023-12-12,5929
3706,神達,151,10,141,元富-台南,2023-12-13,5929
00919,群益台灣精選高息,134,2,132,元富-台南,2023-12-13,5929
2618,長榮航,67,1,66,元富-台南,2023-12-13,5929
1785,光洋科,55,0,55,元富-台南,2023-12-13,5929
00715L,期街口布蘭特正2,52,0,52,元富-台南,2023-12-13,5929
00687B,國泰20年美債,50,0,50,元富-台南,2023-12-13,5929
6187,萬潤,81,34,47,元富-台南,2023-12-13,5929
2474,可成,40,0,40,元富-台南,2023-12-13,5929
2888,新光金,49,12,37,元富-台南,2023-12-13,5929
4951,精拓科,30,0,30,元富-台南,2023-12-13,5929
6016,康和證,28,0,28,元富-台南,2023-12-13,5929
6282,康舒,28,0,28,元富-台南,2023-12-13,5929
2605,新興,41,14,27,元富-台南,2023-12-13,5929
2511,太子,25,0,25,元富-台南,2023-12-13,5929
9105,泰金寶-DR,41,17,24,元富-台南,2023-12-13,5929
00933B,國泰10Y+金融債,24,0,24,元富-台南,2023-12-13,5929
1609,大亞,24,2,22,元富-台南,2023-12-13,5929
00915,凱基優選高股息30,20,0,20,元富-台南,2023-12-13,5929
3702A,大聯大甲特,20,0,20,元富-台南,2023-12-13,5929
6806,森崴能源,20,0,20,元富-台南,2023-12-13,5929
2891,中信金,60,43,17,元富-台南,2023-12-13,5929
2892,第一金,17,0,17,元富-台南,2023-12-13,5929
00937B,群益ESG投等債20,32,15,17,元富-台南,2023-12-13,5929
00934,中信成長高股息,15,0,15,元富-台南,2023-12-13,5929
2603,長榮,25,10,15,元富-台南,2023-12-13,5929
2376,技嘉,15,1,14,元富-台南,2023-12-13,5929
1608,華榮,13,0,13,元富-台南,2023-12-13,5929
2330,台積電,12,0,12,元富-台南,2023-12-13,5929
2419,仲琦,17,6,11,元富-台南,2023-12-13,5929
2421,建準,12,1,11,元富-台南,2023-12-13,5929
2355,敬鵬,12,1,11,元富-台南,2023-12-13,5929
00679B,元大美債20年,10,0,10,元富-台南,2023-12-13,5929
1909,榮成,10,0,10,元富-台南,2023-12-13,5929
2002,中鋼,12,2,10,元富-台南,2023-12-13,5929
4960,誠美材,10,0,10,元富-台南,2023-12-13,5929
8049,晶采,10,0,10,元富-台南,2023-12-13,5929
00882,中信中國高股息,9,0,9,元富-台南,2023-12-13,5929
4720,德淵,9,0,9,元富-台南,2023-12-13,5929
4933,友輝,11,2,9,元富-台南,2023-12-13,5929
5483,中美晶,9,1,8,元富-台南,2023-12-13,5929
3051,力特,11,3,8,元富-台南,2023-12-13,5929
4114,健喬,8,0,8,元富-台南,2023-12-13,5929
6570,維田,8,0,8,元富-台南,2023-12-13,5929
8074,鉅橡,8,0,8,元富-台南,2023-12-13,5929
2382,廣達,8,2,6,元富-台南,2023-12-13,5929
6526,達發,6,0,6,元富-台南,2023-12-13,5929
1301,台塑,6,0,6,元富-台南,2023-12-13,5929
2365,昆盈,10,4,6,元富-台南,2023-12-13,5929
3624,光頡,6,0,6,元富-台南,2023-12-13,5929
4714,永捷,7,1,6,元富-台南,2023-12-13,5929
2474,可成,108,0,108,元富-台南,2023-12-14,5929
2867,三商壽,100,0,100,元富-台南,2023-12-14,5929
2618,長榮航,66,1,65,元富-台南,2023-12-14,5929
5381,合正,50,0,50,元富-台南,2023-12-14,5929
6285,啟��,51,2,49,元富-台南,2023-12-14,5929
00919,群益台灣精選高息,61,16,45,元富-台南,2023-12-14,5929
5521,工信,45,1,44,元富-台南,2023-12-14,5929
3702A,大聯大甲特,40,0,40,元富-台南,2023-12-14,5929
00918,大華優利高填息30,35,0,35,元富-台南,2023-12-14,5929
2352,佳世達,30,0,30,元富-台南,2023-12-14,5929
1584,精剛,30,0,30,元富-台南,2023-12-14,5929
2484,希華,30,0,30,元富-台南,2023-12-14,5929
00725B,國泰投資級公司債,30,0,30,元富-台南,2023-12-14,5929
2511,太子,25,0,25,元富-台南,2023-12-14,5929
2365,昆盈,28,5,23,元富-台南,2023-12-14,5929
4138,曜亞,23,0,23,元富-台南,2023-12-14,5929
2615,萬海,22,0,22,元富-台南,2023-12-14,5929
1815,富喬,25,4,21,元富-台南,2023-12-14,5929
4951,精拓科,22,1,21,元富-台南,2023-12-14,5929
00724B,群益投資級金融債,20,0,20,元富-台南,2023-12-14,5929
4162,智擎,20,0,20,元富-台南,2023-12-14,5929
00780B,國泰A級金融債,18,0,18,元富-台南,2023-12-14,5929
3088,艾訊,22,4,18,元富-台南,2023-12-14,5929
2344,華邦電,14,0,14,元富-台南,2023-12-14,5929
2376,技嘉,15,2,13,元富-台南,2023-12-14,5929
1609,大亞,13,0,13,元富-台南,2023-12-14,5929
3081,聯亞,14,1,13,元富-台南,2023-12-14,5929
6153,嘉聯益,14,1,13,元富-台南,2023-12-14,5929
3094,聯傑,11,0,11,元富-台南,2023-12-14,5929
8112,至上,12,1,11,元富-台南,2023-12-14,5929
1536,和大,10,0,10,元富-台南,2023-12-14,5929
2354,鴻準,10,0,10,元富-台南,2023-12-14,5929
2520,冠德,10,0,10,元富-台南,2023-12-14,5929
2617,台航,10,0,10,元富-台南,2023-12-14,5929
3290,東浦,10,0,10,元富-台南,2023-12-14,5929
2371,大同,9,0,9,元富-台南,2023-12-14,5929
2888,新光金,21,12,9,元富-台南,2023-12-14,5929
1513,中興電,10,1,9,元富-台南,2023-12-14,5929
2312,金寶,9,0,9,元富-台南,2023-12-14,5929
2420,新巨,9,0,9,元富-台南,2023-12-14,5929
8049,晶采,10,1,9,元富-台南,2023-12-14,5929
8390,金益鼎,9,0,9,元富-台南,2023-12-14,5929
00632R,元大台灣50反1,8,0,8,元富-台南,2023-12-14,5929
2358,廷鑫,10,2,8,元富-台南,2023-12-14,5929
2641,正德,11,4,7,元富-台南,2023-12-14,5929
3380,明泰,9,2,7,元富-台南,2023-12-14,5929
3481,群創,7,0,7,元富-台南,2023-12-14,5929
5351,鈺創,14,7,7,元富-台南,2023-12-14,5929
6182,合晶,7,0,7,元富-台南,2023-12-14,5929
8085,福華,7,0,7,元富-台南,2023-12-14,5929
2511,太子,275,0,275,元富-台南,2023-12-15,5929
00637L,元大滬深300正2,200,0,200,元富-台南,2023-12-15,5929
2474,可成,190,0,190,元富-台南,2023-12-15,5929
00919,群益台灣精選高息,319,134,185,元富-台南,2023-12-15,5929
6668,中揚光,120,0,120,元富-台南,2023-12-15,5929
00687B,國泰20年美債,90,2,88,元富-台南,2023-12-15,5929
2891,中信金,81,1,80,元富-台南,2023-12-15,5929
00688L,國泰20年美債正2,57,0,57,元富-台南,2023-12-15,5929
8110,華東,55,0,55,元富-台南,2023-12-15,5929
00929,復華台灣科技優息,194,147,47,元富-台南,2023-12-15,5929
2363,矽統,335,288,47,元富-台南,2023-12-15,5929
1589,永冠-KY,42,1,41,元富-台南,2023-12-15,5929
9925,新保,40,0,40,元富-台南,2023-12-15,5929
00931B,統一美債20年,47,12,35,元富-台南,2023-12-15,5929
6182,合晶,36,3,33,元富-台南,2023-12-15,5929
2356,英業達,111,84,27,元富-台南,2023-12-15,5929
00934,中信成長高股息,20,0,20,元富-台南,2023-12-15,5929
4951,精拓科,20,0,20,元富-台南,2023-12-15,5929
6245,立端,20,1,19,元富-台南,2023-12-15,5929
6806,森崴能源,19,1,18,元富-台南,2023-12-15,5929
5015,華祺,18,0,18,元富-台南,2023-12-15,5929
3265,台星科,18,2,16,元富-台南,2023-12-15,5929
3706,神達,18,3,15,元富-台南,2023-12-15,5929
2401,凌陽,19,4,15,元富-台南,2023-12-15,5929
3041,揚智,15,0,15,元富-台南,2023-12-15,5929
9958,世紀鋼,15,0,15,元富-台南,2023-12-15,5929
00706L,期元大S＆P日圓正2,13,0,13,元富-台南,2023-12-15,5929
2883,凱基金,23,11,12,元富-台南,2023-12-15,5929
3036,文曄,12,1,11,元富-台南,2023-12-15,5929
3231,緯創,15,4,11,元富-台南,2023-12-15,5929
4919,新唐,10,0,10,元富-台南,2023-12-15,5929
00633L,富邦上証正2,10,0,10,元富-台南,2023-12-15,5929
00936,台新永續高息中小,10,0,10,元富-台南,2023-12-15,5929
1314,中石化,10,0,10,元富-台南,2023-12-15,5929
1444,力麗,10,0,10,元富-台南,2023-12-15,5929
2492,華新科,11,1,10,元富-台南,2023-12-15,5929
3290,東浦,11,1,10,元富-台南,2023-12-15,5929
4119,旭富,10,0,10,元富-台南,2023-12-15,5929
4138,曜亞,10,0,10,元富-台南,2023-12-15,5929
2371,大同,10,0,10,元富-台南,2023-12-15,5929
6282,康舒,14,5,9,元富-台南,2023-12-15,5929
3149,正達,8,0,8,元富-台南,2023-12-15,5929
4961,天鈺,7,0,7,元富-台南,2023-12-15,5929
1514,亞力,8,1,7,元富-台南,2023-12-15,5929
6233,旺玖,13,6,7,元富-台南,2023-12-15,5929
3006,晶豪科,16,9,7,元富-台南,2023-12-15,5929
3624,光頡,8,2,6,元富-台南,2023-12-15,5929
00857B,永豐20年美公債,7,1,6,元富-台南,2023-12-15,5929
2201,裕隆,6,0,6,元富-台南,2023-12-15,5929
2388,威盛,28,22,6,元富-台南,2023-12-15,5929
2474,可成,229,1,228,元富-台南,2023-12-18,5929
00929,復華台灣科技優息,130,2,128,元富-台南,2023-12-18,5929
2610,華航,121,19,102,元富-台南,2023-12-18,5929
00687B,國泰20年美債,64,0,64,元富-台南,2023-12-18,5929
2002,中鋼,60,4,56,元富-台南,2023-12-18,5929
00937B,群益ESG投等債20,72,18,54,元富-台南,2023-12-18,5929
00919,群益台灣精選高息,66,18,48,元富-台南,2023-12-18,5929
2353,宏��,58,17,41,元富-台南,2023-12-18,5929
00688L,國泰20年美債正2,33,0,33,元富-台南,2023-12-18,5929
00724B,群益投資級金融債,30,0,30,元富-台南,2023-12-18,5929
2023,燁輝,30,0,30,元富-台南,2023-12-18,5929
6282,康舒,28,0,28,元富-台南,2023-12-18,5929
4162,智擎,26,1,25,元富-台南,2023-12-18,5929
2014,中鴻,75,52,23,元富-台南,2023-12-18,5929
00900,富邦特選高股息30,21,0,21,元富-台南,2023-12-18,5929
00857B,永豐20年美公債,20,0,20,元富-台南,2023-12-18,5929
00856B,永豐1-3年美公債,20,0,20,元富-台南,2023-12-18,5929
00931B,統一美債20年,25,5,20,元富-台南,2023-12-18,5929
2883,凱基金,19,0,19,元富-台南,2023-12-18,5929
2027,大成鋼,28,11,17,元富-台南,2023-12-18,5929
2371,大同,16,0,16,元富-台南,2023-12-18,5929
5425,台半,16,1,15,元富-台南,2023-12-18,5929
2809,京城銀,15,0,15,元富-台南,2023-12-18,5929
00885,富邦越南,13,0,13,元富-台南,2023-12-18,5929
1907,永豐餘,13,0,13,元富-台南,2023-12-18,5929
2704,國賓,12,0,12,元富-台南,2023-12-18,5929
3346,麗清,12,0,12,元富-台南,2023-12-18,5929
2356,英業達,21,10,11,元富-台南,2023-12-18,5929
2515,中工,11,0,11,元富-台南,2023-12-18,5929
00933B,國泰10Y+金融債,16,6,10,元富-台南,2023-12-18,5929
1809,中釉,10,0,10,元富-台南,2023-12-18,5929
2358,廷鑫,10,0,10,元富-台南,2023-12-18,5929
3032,偉訓,10,0,10,元富-台南,2023-12-18,5929
3052,夆典,10,0,10,元富-台南,2023-12-18,5929
3567,逸昌,10,0,10,元富-台南,2023-12-18,5929
4543,萬在,10,0,10,元富-台南,2023-12-18,5929
5324,士開,10,0,10,元富-台南,2023-12-18,5929
6114,久威,10,0,10,元富-台南,2023-12-18,5929
6202,盛群,10,0,10,元富-台南,2023-12-18,5929
6596,寬宏藝術,10,0,10,元富-台南,2023-12-18,5929
1905,華紙,16,6,10,元富-台南,2023-12-18,5929
3004,豐達科,9,0,9,元富-台南,2023-12-18,5929
00720B,元大投資級公司債,10,2,8,元富-台南,2023-12-18,5929
9921,巨大,8,0,8,元富-台南,2023-12-18,5929
2913,農林,14,7,7,元富-台南,2023-12-18,5929
3011,今皓,6,0,6,元富-台南,2023-12-18,5929
3051,力特,6,0,6,元富-台南,2023-12-18,5929
3454,晶睿,6,0,6,元富-台南,2023-12-18,5929
5452,佶優,6,0,6,元富-台南,2023-12-18,5929
6285,啟��,22,16,6,元富-台南,2023-12-18,5929
2474,可成,143,0,143,元富-台南,2023-12-19,5929
00929,復華台灣科技優息,104,3,101,元富-台南,2023-12-19,5929
00680L,元大美債20正2,55,0,55,元富-台南,2023-12-19,5929
00687B,國泰20年美債,54,0,54,元富-台南,2023-12-19,5929
2324,仁寶,54,1,53,元富-台南,2023-12-19,5929
00931B,統一美債20年,43,0,43,元富-台南,2023-12-19,5929
4162,智擎,36,0,36,元富-台南,2023-12-19,5929
6806,森崴能源,35,0,35,元富-台南,2023-12-19,5929
00679B,元大美債20年,34,1,33,元富-台南,2023-12-19,5929
00753L,中信中國50正2,30,0,30,元富-台南,2023-12-19,5929
3362,先進光,30,0,30,元富-台南,2023-12-19,5929
5432,新門,21,0,21,元富-台南,2023-12-19,5929
2401,凌陽,20,0,20,元富-台南,2023-12-19,5929
1905,華紙,20,0,20,元富-台南,2023-12-19,5929
2344,華邦電,20,0,20,元富-台南,2023-12-19,5929
3704,合勤控,20,2,18,元富-台南,2023-12-19,5929
1907,永豐餘,15,0,15,元富-台南,2023-12-19,5929
6531,愛普*,15,0,15,元富-台南,2023-12-19,5929
2355,敬鵬,13,0,13,元富-台南,2023-12-19,5929
3712,永崴投控,13,0,13,元富-台南,2023-12-19,5929
2387,精元,11,0,11,元富-台南,2023-12-19,5929
3265,台星科,10,0,10,元富-台南,2023-12-19,5929
00853B,統一美債10年Aa-,10,0,10,元富-台南,2023-12-19,5929
1609,大亞,10,0,10,元富-台南,2023-12-19,5929
2353,宏��,36,26,10,元富-台南,2023-12-19,5929
2427,三商電,10,0,10,元富-台南,2023-12-19,5929
2610,華航,25,15,10,元富-台南,2023-12-19,5929
2809,京城銀,10,0,10,元富-台南,2023-12-19,5929
3346,麗清,10,0,10,元富-台南,2023-12-19,5929
3594,磐儀,10,0,10,元富-台南,2023-12-19,5929
4306,炎洲,10,0,10,元富-台南,2023-12-19,5929
4960,誠美材,10,0,10,元富-台南,2023-12-19,5929
00885,富邦越南,10,0,10,元富-台南,2023-12-19,5929
0056,元大高股息,12,3,9,元富-台南,2023-12-19,5929
2356,英業達,29,20,9,元富-台南,2023-12-19,5929
00933B,國泰10Y+金融債,9,0,9,元富-台南,2023-12-19,5929
2801,彰銀,9,0,9,元富-台南,2023-12-19,5929
00878,國泰永續高股息,12,3,9,元富-台南,2023-12-19,5929
2605,新興,15,7,8,元富-台南,2023-12-19,5929
6185,幃翔,8,0,8,元富-台南,2023-12-19,5929
6235,華孚,8,0,8,元富-台南,2023-12-19,5929
6143,振曜,9,2,7,元富-台南,2023-12-19,5929
3051,力特,7,0,7,元富-台南,2023-12-19,5929
2609,陽明,70,63,7,元富-台南,2023-12-19,5929
00934,中信成長高股息,6,0,6,元富-台南,2023-12-19,5929
00930,永豐ESG低碳高息,6,0,6,元富-台南,2023-12-19,5929
1514,亞力,81,75,6,元富-台南,2023-12-19,5929
2607,榮運,8,2,6,元富-台南,2023-12-19,5929
6257,矽格,7,1,6,元富-台南,2023-12-19,5929
2884,玉山金,6,0,6,元富-台南,2023-12-19,5929
00687B,國泰20年美債,61,0,61,元富-台南,2023-12-20,5929
2883,凱基金,50,0,50,元富-台南,2023-12-20,5929
00934,中信成長高股息,48,0,48,元富-台南,2023-12-20,5929
3362,先進光,35,0,35,元富-台南,2023-12-20,5929
2474,可成,33,0,33,元富-台南,2023-12-20,5929
1609,大亞,41,10,31,元富-台南,2023-12-20,5929
2356,英業達,75,44,31,元富-台南,2023-12-20,5929
5432,新門,25,0,25,元富-台南,2023-12-20,5929
2014,中鴻,37,14,23,元富-台南,2023-12-20,5929
2892,第一金,18,0,18,元富-台南,2023-12-20,5929
00933B,國泰10Y+金融債,16,0,16,元富-台南,2023-12-20,5929
2801,彰銀,15,0,15,元富-台南,2023-12-20,5929
6285,啟��,15,1,14,元富-台南,2023-12-20,5929
2007,燁興,13,0,13,元富-台南,2023-12-20,5929
5521,工信,13,1,12,元富-台南,2023-12-20,5929
2609,陽明,25,13,12,元富-台南,2023-12-20,5929
2603,長榮,13,1,12,元富-台南,2023-12-20,5929
1522,堤維西,11,0,11,元富-台南,2023-12-20,5929
2610,華航,16,5,11,元富-台南,2023-12-20,5929
2739,寒舍,11,0,11,元富-台南,2023-12-20,5929
3207,耀勝,10,0,10,元富-台南,2023-12-20,5929
4119,旭富,10,0,10,元富-台南,2023-12-20,5929
00679B,元大美債20年,14,5,9,元富-台南,2023-12-20,5929
2888,新光金,17,9,8,元富-台南,2023-12-20,5929
6576,逸達,8,0,8,元富-台南,2023-12-20,5929
2365,昆盈,7,0,7,元富-台南,2023-12-20,5929
2881,富邦金,7,0,7,元富-台南,2023-12-20,5929
00764B,群益25年美債,6,0,6,元富-台南,2023-12-20,5929
2002,中鋼,8,2,6,元富-台南,2023-12-20,5929
2344,華邦電,9,3,6,元富-台南,2023-12-20,5929
3035,智原,19,13,6,元富-台南,2023-12-20,5929
3167,大量,6,0,6,元富-台南,2023-12-20,5929
2884,玉山金,5,0,5,元富-台南,2023-12-20,5929
00633L,富邦上証正2,5,0,5,元富-台南,2023-12-20,5929
00642U,期元大S＆P石油,5,0,5,元富-台南,2023-12-20,5929
2637,慧洋-KY,5,0,5,元富-台南,2023-12-20,5929
3032,偉訓,5,0,5,元富-台南,2023-12-20,5929
3260,威剛,6,1,5,元富-台南,2023-12-20,5929
4138,曜亞,5,0,5,元富-台南,2023-12-20,5929
6005,群益證,5,0,5,元富-台南,2023-12-20,5929
5483,中美晶,5,0,5,元富-台南,2023-12-20,5929
2377,微星,8,3,5,元富-台南,2023-12-20,5929
3624,光頡,4,0,4,元富-台南,2023-12-20,5929
2345,智邦,5,1,4,元富-台南,2023-12-20,5929
3037,欣興,4,0,4,元富-台南,2023-12-20,5929
2636,台驊控股,4,0,4,元富-台南,2023-12-20,5929
2838,聯邦銀,4,0,4,元富-台南,2023-12-20,5929
2867,三商壽,4,0,4,元富-台南,2023-12-20,5929
3081,聯亞,8,4,4,元富-台南,2023-12-20,5929
3548,兆利,6,2,4,元富-台南,2023-12-20,5929
2474,可成,333,0,333,元富-台南,2023-12-21,5929
00637L,元大滬深300正2,50,0,50,元富-台南,2023-12-21,5929
2002,中鋼,52,10,42,元富-台南,2023-12-21,5929
00929,復華台灣科技優息,41,0,41,元富-台南,2023-12-21,5929
6116,彩晶,40,0,40,元富-台南,2023-12-21,5929
6182,合晶,40,0,40,元富-台南,2023-12-21,5929
2401,凌陽,38,0,38,元富-台南,2023-12-21,5929
00715L,期街口布蘭特正2,40,2,38,元富-台南,2023-12-21,5929
2303,聯電,36,0,36,元富-台南,2023-12-21,5929
2489,瑞軒,30,0,30,元富-台南,2023-12-21,5929
00934,中信成長高股息,26,1,25,元富-台南,2023-12-21,5929
00937B,群益ESG投等債20,36,11,25,元富-台南,2023-12-21,5929
2618,長榮航,31,8,23,元富-台南,2023-12-21,5929
3704,合勤控,21,0,21,元富-台南,2023-12-21,5929
1444,力麗,20,0,20,元富-台南,2023-12-21,5929
5347,世界,21,1,20,元富-台南,2023-12-21,5929
2409,友達,20,2,18,元富-台南,2023-12-21,5929
2324,仁寶,33,17,16,元富-台南,2023-12-21,5929
2365,昆盈,16,1,15,元富-台南,2023-12-21,5929
2891,中信金,12,0,12,元富-台南,2023-12-21,5929
2636,台驊控股,12,0,12,元富-台南,2023-12-21,5929
2371,大同,21,9,12,元富-台南,2023-12-21,5929
5351,鈺創,11,0,11,元富-台南,2023-12-21,5929
00753L,中信中國50正2,20,10,10,元富-台南,2023-12-21,5929
1616,億泰,10,0,10,元富-台南,2023-12-21,5929
6188,廣明,10,0,10,元富-台南,2023-12-21,5929
8222,寶一,13,3,10,元富-台南,2023-12-21,5929
9945,潤泰新,10,0,10,元富-台南,2023-12-21,5929
6129,普誠,10,0,10,元富-台南,2023-12-21,5929
3014,聯陽,9,1,8,元富-台南,2023-12-21,5929
8081,致新,8,0,8,元富-台南,2023-12-21,5929
2883,凱基金,8,0,8,元富-台南,2023-12-21,5929
2330,台積電,8,0,8,元富-台南,2023-12-21,5929
00878,國泰永續高股息,7,0,7,元富-台南,2023-12-21,5929
1309,台達化,7,0,7,元富-台南,2023-12-21,5929
3652,精聯,7,0,7,元富-台南,2023-12-21,5929
3706,神達,14,7,7,元富-台南,2023-12-21,5929
8112,至上,7,0,7,元富-台南,2023-12-21,5929
00687B,國泰20年美債,9,2,7,元富-台南,2023-12-21,5929
00932,兆豐永續高息等權,6,0,6,元富-台南,2023-12-21,5929
1584,精剛,6,0,6,元富-台南,2023-12-21,5929
1718,中纖,6,0,6,元富-台南,2023-12-21,5929
6138,茂達,8,2,6,元富-台南,2023-12-21,5929
2377,微星,5,0,5,元富-台南,2023-12-21,5929
2634,漢翔,5,0,5,元富-台南,2023-12-21,5929
3105,穩懋,5,0,5,元富-台南,2023-12-21,5929
1326,台化,5,0,5,元富-台南,2023-12-21,5929
2258,鴻華先進-創,5,0,5,元富-台南,2023-12-21,5929
2308,台達電,5,0,5,元富-台南,2023-12-21,5929
3630,新鉅科,5,0,5,元富-台南,2023-12-21,5929
2358,廷鑫,67,0,67,元富-台南,2023-12-22,5929
1608,華榮,50,0,50,元富-台南,2023-12-22,5929
2401,凌陽,60,12,48,元富-台南,2023-12-22,5929
2607,榮運,53,5,48,元富-台南,2023-12-22,5929
00637L,元大滬深300正2,50,6,44,元富-台南,2023-12-22,5929
2474,可成,40,0,40,元富-台南,2023-12-22,5929
2356,英業達,59,23,36,元富-台南,2023-12-22,5929
00680L,元大美債20正2,50,15,35,元富-台南,2023-12-22,5929
3706,神達,32,3,29,元富-台南,2023-12-22,5929
00933B,國泰10Y+金融債,24,0,24,元富-台南,2023-12-22,5929
2605,新興,24,0,24,元富-台南,2023-12-22,5929
3715,定穎投控,24,0,24,元富-台南,2023-12-22,5929
00633L,富邦上証正2,20,0,20,元富-台南,2023-12-22,5929
1785,光洋科,20,0,20,元富-台南,2023-12-22,5929
6116,彩晶,60,41,19,元富-台南,2023-12-22,5929
2352,佳世達,20,1,19,元富-台南,2023-12-22,5929
2344,華邦電,63,45,18,元富-台南,2023-12-22,5929
2323,中環,18,0,18,元富-台南,2023-12-22,5929
00687B,國泰20年美債,15,0,15,元富-台南,2023-12-22,5929
00937B,群益ESG投等債20,16,1,15,元富-台南,2023-12-22,5929
1524,耿鼎,14,0,14,元富-台南,2023-12-22,5929
2515,中工,18,4,14,元富-台南,2023-12-22,5929
6016,康和證,14,0,14,元富-台南,2023-12-22,5929
00919,群益台灣精選高息,16,2,14,元富-台南,2023-12-22,5929
2031,新光鋼,13,0,13,元富-台南,2023-12-22,5929
00720B,元大投資級公司債,12,0,12,元富-台南,2023-12-22,5929
3265,台星科,11,0,11,元富-台南,2023-12-22,5929
2014,中鴻,13,2,11,元富-台南,2023-12-22,5929
3483,力致,11,0,11,元富-台南,2023-12-22,5929
00679B,元大美債20年,10,0,10,元富-台南,2023-12-22,5929
2637,慧洋-KY,10,0,10,元富-台南,2023-12-22,5929
1604,聲寶,10,0,10,元富-台南,2023-12-22,5929
1752,南光,10,0,10,元富-台南,2023-12-22,5929
2542,興富發,10,0,10,元富-台南,2023-12-22,5929
2601,益航,10,0,10,元富-台南,2023-12-22,5929
2617,台航,10,0,10,元富-台南,2023-12-22,5929
8085,福華,10,0,10,元富-台南,2023-12-22,5929
8442,威宏-KY,10,0,10,元富-台南,2023-12-22,5929
2387,精元,9,0,9,元富-台南,2023-12-22,5929
6443,元晶,9,0,9,元富-台南,2023-12-22,5929
00878,國泰永續高股息,15,6,9,元富-台南,2023-12-22,5929
2002,中鋼,8,0,8,元富-台南,2023-12-22,5929
8222,寶一,8,0,8,元富-台南,2023-12-22,5929
6472,保瑞,7,0,7,元富-台南,2023-12-22,5929
00751B,元大AAA至A公司債,6,0,6,元富-台南,2023-12-22,5929
1447,力鵬,6,0,6,元富-台南,2023-12-22,5929
2365,昆盈,7,1,6,元富-台南,2023-12-22,5929
2543,皇昌,6,0,6,元富-台南,2023-12-22,5929
2881,富邦金,6,0,6,元富-台南,2023-12-22,5929
4119,旭富,6,0,6,元富-台南,2023-12-22,5929
00665L,富邦�琤肭磪囓�2,100,0,100,元富-台南,2023-12-25,5929
00680L,元大美債20正2,100,12,88,元富-台南,2023-12-25,5929
00919,群益台灣精選高息,67,2,65,元富-台南,2023-12-25,5929
00937B,群益ESG投等債20,64,0,64,元富-台南,2023-12-25,5929
00688L,國泰20年美債正2,50,0,50,元富-台南,2023-12-25,5929
6550,北極星藥業-KY,44,2,42,元富-台南,2023-12-25,5929
8110,華東,40,0,40,元富-台南,2023-12-25,5929
00706L,期元大S＆P日圓正2,35,0,35,元富-台南,2023-12-25,5929
00715L,期街口布蘭特正2,23,0,23,元富-台南,2023-12-25,5929
6111,大宇資,21,0,21,元富-台南,2023-12-25,5929
9105,泰金寶-DR,20,0,20,元富-台南,2023-12-25,5929
1605,華新,18,1,17,元富-台南,2023-12-25,5929
8478,東哥遊艇,16,0,16,元富-台南,2023-12-25,5929
2353,宏��,43,29,14,元富-台南,2023-12-25,5929
00929,復華台灣科技優息,14,0,14,元富-台南,2023-12-25,5929
6233,旺玖,18,5,13,元富-台南,2023-12-25,5929
2617,台航,11,0,11,元富-台南,2023-12-25,5929
6245,立端,11,0,11,元富-台南,2023-12-25,5929
1104,環泥,10,0,10,元富-台南,2023-12-25,5929
1444,力麗,10,0,10,元富-台南,2023-12-25,5929
2031,新光鋼,10,0,10,元富-台南,2023-12-25,5929
2367,燿華,10,0,10,元富-台南,2023-12-25,5929
2543,皇昌,10,0,10,元富-台南,2023-12-25,5929
3055,蔚華科,10,0,10,元富-台南,2023-12-25,5929
5512,力麒,10,0,10,元富-台南,2023-12-25,5929
8086,宏捷科,10,1,9,元富-台南,2023-12-25,5929
2331,精英,10,1,9,元富-台南,2023-12-25,5929
2506,太設,9,0,9,元富-台南,2023-12-25,5929
6158,禾昌,9,0,9,元富-台南,2023-12-25,5929
2038,海光,9,0,9,元富-台南,2023-12-25,5929
00679B,元大美債20年,11,3,8,元富-台南,2023-12-25,5929
2641,正德,10,2,8,元富-台南,2023-12-25,5929
6796,晉弘,8,0,8,元富-台南,2023-12-25,5929
9904,寶成,8,0,8,元富-台南,2023-12-25,5929
8088,品安,9,1,8,元富-台南,2023-12-25,5929
00720B,元大投資級公司債,7,0,7,元富-台南,2023-12-25,5929
2206,三陽工業,7,0,7,元富-台南,2023-12-25,5929
2365,昆盈,7,0,7,元富-台南,2023-12-25,5929
2607,榮運,7,0,7,元富-台南,2023-12-25,5929
3051,力特,7,0,7,元富-台南,2023-12-25,5929
3712,永崴投控,7,0,7,元富-台南,2023-12-25,5929
3024,憶聲,6,0,6,元富-台南,2023-12-25,5929
2892,第一金,6,0,6,元富-台南,2023-12-25,5929
2454,聯發科,5,0,5,元富-台南,2023-12-25,5929
1337,再生-KY,10,5,5,元富-台南,2023-12-25,5929
1536,和大,5,0,5,元富-台南,2023-12-25,5929
1806,冠軍,5,0,5,元富-台南,2023-12-25,5929
2014,中鴻,18,13,5,元富-台南,2023-12-25,5929
2027,大成鋼,6,1,5,元富-台南,2023-12-25,5929
2301,光寶科,8,3,5,元富-台南,2023-12-25,5929
3481,群創,207,52,155,元富-台南,2023-12-26,5929
00937B,群益ESG投等債20,70,0,70,元富-台南,2023-12-26,5929
2887,台新金,64,1,63,元富-台南,2023-12-26,5929
8110,華東,40,0,40,元富-台南,2023-12-26,5929
2618,長榮航,33,0,33,元富-台南,2023-12-26,5929
2605,新興,41,10,31,元富-台南,2023-12-26,5929
1409,新纖,30,0,30,元富-台南,2023-12-26,5929
2610,華航,33,7,26,元富-台南,2023-12-26,5929
2324,仁寶,40,16,24,元富-台南,2023-12-26,5929
2636,台驊控股,22,0,22,元富-台南,2023-12-26,5929
00919,群益台灣精選高息,25,4,21,元富-台南,2023-12-26,5929
3264,欣銓,22,2,20,元富-台南,2023-12-26,5929
1584,精剛,16,0,16,元富-台南,2023-12-26,5929
3362,先進光,16,0,16,元富-台南,2023-12-26,5929
6233,旺玖,17,1,16,元富-台南,2023-12-26,5929
2881,富邦金,15,1,14,元富-台南,2023-12-26,5929
1513,中興電,15,3,12,元富-台南,2023-12-26,5929
2388,威盛,12,1,11,元富-台南,2023-12-26,5929
00933B,國泰10Y+金融債,11,0,11,元富-台南,2023-12-26,5929
2402,毅嘉,23,12,11,元富-台南,2023-12-26,5929
1618,合機,10,0,10,元富-台南,2023-12-26,5929
00637L,元大滬深300正2,10,0,10,元富-台南,2023-12-26,5929
00724B,群益投資級金融債,10,0,10,元富-台南,2023-12-26,5929
1471,首利,10,0,10,元富-台南,2023-12-26,5929
1815,富喬,10,0,10,元富-台南,2023-12-26,5929
2355,敬鵬,10,0,10,元富-台南,2023-12-26,5929
2474,可成,10,0,10,元富-台南,2023-12-26,5929
1444,力麗,10,1,9,元富-台南,2023-12-26,5929
2465,麗臺,9,0,9,元富-台南,2023-12-26,5929
3006,晶豪科,15,7,8,元富-台南,2023-12-26,5929
6187,萬潤,10,2,8,元富-台南,2023-12-26,5929
6796,晉弘,8,0,8,元富-台南,2023-12-26,5929
2515,中工,11,3,8,元富-台南,2023-12-26,5929
2453,凌群,7,0,7,元富-台南,2023-12-26,5929
00712,復華富時不動產,6,0,6,元富-台南,2023-12-26,5929
00923,群益台ESG低碳50,6,0,6,元富-台南,2023-12-26,5929
2331,精英,7,1,6,元富-台南,2023-12-26,5929
2371,大同,11,5,6,元富-台南,2023-12-26,5929
2208,台船,5,0,5,元富-台南,2023-12-26,5929
2038,海光,11,6,5,元富-台南,2023-12-26,5929
3019,亞光,6,1,5,元富-台南,2023-12-26,5929
3024,憶聲,5,0,5,元富-台南,2023-12-26,5929
8054,安國,6,1,5,元富-台南,2023-12-26,5929
9910,豐泰,5,0,5,元富-台南,2023-12-26,5929
00929,復華台灣科技優息,7,3,4,元富-台南,2023-12-26,5929
00687B,國泰20年美債,4,0,4,元富-台南,2023-12-26,5929
00882,中信中國高股息,4,0,4,元富-台南,2023-12-26,5929
2204,中華,4,0,4,元富-台南,2023-12-26,5929
2337,旺宏,5,1,4,元富-台南,2023-12-26,5929
3032,偉訓,4,0,4,元富-台南,2023-12-26,5929
00688L,國泰20年美債正2,151,0,151,元富-台南,2023-12-27,5929
4162,智擎,140,0,140,元富-台南,2023-12-27,5929
00937B,群益ESG投等債20,151,18,133,元富-台南,2023-12-27,5929
2474,可成,90,0,90,元富-台南,2023-12-27,5929
2610,華航,69,1,68,元富-台南,2023-12-27,5929
8110,華東,41,5,36,元富-台南,2023-12-27,5929
3710,連展投控,32,0,32,元富-台南,2023-12-27,5929
2337,旺宏,54,23,31,元富-台南,2023-12-27,5929
2353,宏��,75,46,29,元富-台南,2023-12-27,5929
2618,長榮航,31,2,29,元富-台南,2023-12-27,5929
2338,光罩,26,0,26,元富-台南,2023-12-27,5929
2405,輔信,44,18,26,元富-台南,2023-12-27,5929
2025,千興,21,0,21,元富-台南,2023-12-27,5929
6684,安格,22,2,20,元富-台南,2023-12-27,5929
9105,泰金寶-DR,20,0,20,元富-台南,2023-12-27,5929
2498,宏達電,20,2,18,元富-台南,2023-12-27,5929
2888,新光金,22,5,17,元富-台南,2023-12-27,5929
00919,群益台灣精選高息,19,3,16,元富-台南,2023-12-27,5929
5432,新門,15,0,15,元富-台南,2023-12-27,5929
00933B,國泰10Y+金融債,13,0,13,元富-台南,2023-12-27,5929
6188,廣明,12,0,12,元富-台南,2023-12-27,5929
3024,憶聲,12,0,12,元富-台南,2023-12-27,5929
3548,兆利,12,0,12,元富-台南,2023-12-27,5929
8085,福華,11,0,11,元富-台南,2023-12-27,5929
6261,久元,10,0,10,元富-台南,2023-12-27,5929
00632R,元大台灣50反1,10,0,10,元富-台南,2023-12-27,5929
00712,復華富時不動產,10,0,10,元富-台南,2023-12-27,5929
1444,力麗,10,0,10,元富-台南,2023-12-27,5929
2365,昆盈,10,0,10,元富-台南,2023-12-27,5929
2374,佳能,10,0,10,元富-台南,2023-12-27,5929
5512,力麒,10,0,10,元富-台南,2023-12-27,5929
2377,微星,31,21,10,元富-台南,2023-12-27,5929
00882,中信中國高股息,11,3,8,元富-台南,2023-12-27,5929
3645,達邁,9,1,8,元富-台南,2023-12-27,5929
00931B,統一美債20年,7,0,7,元富-台南,2023-12-27,5929
3260,威剛,10,3,7,元富-台南,2023-12-27,5929
2641,正德,7,1,6,元富-台南,2023-12-27,5929
3321,同泰,6,0,6,元富-台南,2023-12-27,5929
8418,捷必勝-KY,6,0,6,元富-台南,2023-12-27,5929
2812,台中銀,5,0,5,元富-台南,2023-12-27,5929
00918,大華優利高填息30,5,0,5,元富-台南,2023-12-27,5929
00915,凱基優選高股息30,5,0,5,元富-台南,2023-12-27,5929
00633L,富邦上証正2,5,0,5,元富-台南,2023-12-27,5929
1409,新纖,5,0,5,元富-台南,2023-12-27,5929
2103,台橡,5,0,5,元富-台南,2023-12-27,5929
2504,國產,5,0,5,元富-台南,2023-12-27,5929
2636,台驊控股,5,0,5,元富-台南,2023-12-27,5929
2637,慧洋-KY,5,0,5,元富-台南,2023-12-27,5929
5302,太欣,5,0,5,元富-台南,2023-12-27,5929
8215,明基材,5,0,5,元富-台南,2023-12-27,5929
00680L,元大美債20正2,150,0,150,元富-台南,2023-12-28,5929
00688L,國泰20年美債正2,150,0,150,元富-台南,2023-12-28,5929
2303,聯電,88,23,65,元富-台南,2023-12-28,5929
2356,英業達,126,61,65,元富-台南,2023-12-28,5929
00929,復華台灣科技優息,53,0,53,元富-台南,2023-12-28,5929
00937B,群益ESG投等債20,46,3,43,元富-台南,2023-12-28,5929
2474,可成,30,0,30,元富-台南,2023-12-28,5929
00706L,期元大S＆P日圓正2,25,0,25,元富-台南,2023-12-28,5929
4951,精拓科,25,0,25,元富-台南,2023-12-28,5929
6245,立端,26,2,24,元富-台南,2023-12-28,5929
00919,群益台灣精選高息,27,5,22,元富-台南,2023-12-28,5929
2313,華通,22,1,21,元富-台南,2023-12-28,5929
2312,金寶,21,1,20,元富-台南,2023-12-28,5929
2618,長榮航,20,2,18,元富-台南,2023-12-28,5929
2025,千興,20,4,16,元富-台南,2023-12-28,5929
2405,輔信,28,12,16,元富-台南,2023-12-28,5929
2323,中環,26,11,15,元富-台南,2023-12-28,5929
4167,松瑞藥,15,0,15,元富-台南,2023-12-28,5929
8418,捷必勝-KY,14,0,14,元富-台南,2023-12-28,5929
00633L,富邦上証正2,12,0,12,元富-台南,2023-12-28,5929
00715L,期街口布蘭特正2,13,2,11,元富-台南,2023-12-28,5929
2031,新光鋼,12,1,11,元富-台南,2023-12-28,5929
2337,旺宏,11,0,11,元富-台南,2023-12-28,5929
3041,揚智,12,1,11,元富-台南,2023-12-28,5929
8096,擎亞,21,10,11,元富-台南,2023-12-28,5929
2401,凌陽,12,2,10,元富-台南,2023-12-28,5929
3265,台星科,10,0,10,元富-台南,2023-12-28,5929
5864,致和證,10,0,10,元富-台南,2023-12-28,5929
2915,潤泰全,9,0,9,元富-台南,2023-12-28,5929
4919,新唐,10,1,9,元富-台南,2023-12-28,5929
1513,中興電,18,10,8,元富-台南,2023-12-28,5929
2201,裕隆,10,2,8,元富-台南,2023-12-28,5929
2338,光罩,8,0,8,元富-台南,2023-12-28,5929
1514,亞力,46,39,7,元富-台南,2023-12-28,5929
1582,信錦,7,0,7,元富-台南,2023-12-28,5929
3049,精金,8,1,7,元富-台南,2023-12-28,5929
2506,太設,6,0,6,元富-台南,2023-12-28,5929
2849,安泰銀,6,0,6,元富-台南,2023-12-28,5929
2888,新光金,6,0,6,元富-台南,2023-12-28,5929
3483,力致,6,0,6,元富-台南,2023-12-28,5929
00687B,國泰20年美債,5,0,5,元富-台南,2023-12-28,5929
2324,仁寶,11,6,5,元富-台南,2023-12-28,5929
2009,第一銅,5,0,5,元富-台南,2023-12-28,5929
2889,國票金,5,0,5,元富-台南,2023-12-28,5929
5521,工信,5,0,5,元富-台南,2023-12-28,5929
6265,方土昶,5,0,5,元富-台南,2023-12-28,5929
8444,綠河-KY,7,2,5,元富-台南,2023-12-28,5929
9105,泰金寶-DR,25,20,5,元富-台南,2023-12-28,5929
6129,普誠,4,0,4,元富-台南,2023-12-28,5929
4979,華星光,14,10,4,元富-台南,2023-12-28,5929
2312,金寶,82,12,70,元富-台南,2023-12-29,5929
2474,可成,60,0,60,元富-台南,2023-12-29,5929
2356,英業達,78,33,45,元富-台南,2023-12-29,5929
8418,捷必勝-KY,36,0,36,元富-台南,2023-12-29,5929
2201,裕隆,32,0,32,元富-台南,2023-12-29,5929
00637L,元大滬深300正2,30,0,30,元富-台南,2023-12-29,5929
2377,微星,40,11,29,元富-台南,2023-12-29,5929
2409,友達,35,6,29,元富-台南,2023-12-29,5929
6806,森崴能源,25,0,25,元富-台南,2023-12-29,5929
00679B,元大美債20年,24,0,24,元富-台南,2023-12-29,5929
2353,宏��,58,37,21,元富-台南,2023-12-29,5929
00680L,元大美債20正2,20,0,20,元富-台南,2023-12-29,5929
00919,群益台灣精選高息,17,0,17,元富-台南,2023-12-29,5929
00715L,期街口布蘭特正2,14,1,13,元富-台南,2023-12-29,5929
00688L,國泰20年美債正2,13,0,13,元富-台南,2023-12-29,5929
2303,聯電,15,3,12,元富-台南,2023-12-29,5929
1524,耿鼎,12,0,12,元富-台南,2023-12-29,5929
2371,大同,13,1,12,元富-台南,2023-12-29,5929
2332,友訊,11,0,11,元富-台南,2023-12-29,5929
00857B,永豐20年美公債,11,0,11,元富-台南,2023-12-29,5929
3706,神達,13,2,11,元富-台南,2023-12-29,5929
2489,瑞軒,10,0,10,元富-台南,2023-12-29,5929
3707,漢磊,10,0,10,元富-台南,2023-12-29,5929
5512,力麒,10,0,10,元富-台南,2023-12-29,5929
6715,嘉基,42,32,10,元富-台南,2023-12-29,5929
8442,威宏-KY,10,0,10,元富-台南,2023-12-29,5929
2324,仁寶,21,11,10,元富-台南,2023-12-29,5929
2609,陽明,11,2,9,元富-台南,2023-12-29,5929
00934,中信成長高股息,9,0,9,元富-台南,2023-12-29,5929
1503,士電,12,3,9,元富-台南,2023-12-29,5929
2610,華航,20,11,9,元富-台南,2023-12-29,5929
3260,威剛,12,3,9,元富-台南,2023-12-29,5929
1104,環泥,9,0,9,元富-台南,2023-12-29,5929
2739,寒舍,10,2,8,元富-台南,2023-12-29,5929
00720B,元大投資級公司債,7,0,7,元富-台南,2023-12-29,5929
1514,亞力,10,3,7,元富-台南,2023-12-29,5929
2453,凌群,7,0,7,元富-台南,2023-12-29,5929
4961,天鈺,7,1,6,元富-台南,2023-12-29,5929
3006,晶豪科,22,16,6,元富-台南,2023-12-29,5929
2382,廣達,23,17,6,元富-台南,2023-12-29,5929
1513,中興電,12,6,6,元富-台南,2023-12-29,5929
6125,廣運,12,6,6,元富-台南,2023-12-29,5929
2615,萬海,6,1,5,元富-台南,2023-12-29,5929
6443,元晶,5,0,5,元富-台南,2023-12-29,5929
1301,台塑,5,0,5,元富-台南,2023-12-29,5929
1609,大亞,65,60,5,元富-台南,2023-12-29,5929
1815,富喬,5,0,5,元富-台南,2023-12-29,5929
2515,中工,5,0,5,元富-台南,2023-12-29,5929
6265,方土昶,5,0,5,元富-台南,2023-12-29,5929
8111,立��,5,0,5,元富-台南,2023-12-29,5929
3481,群創,77,7,70,元富-台南,2024-01-02,5929
3231,緯創,65,12,53,元富-台南,2024-01-02,5929
00665L,富邦�琤肭磪囓�2,50,0,50,元富-台南,2024-01-02,5929
00937B,群益ESG投等債20,43,0,43,元富-台南,2024-01-02,5929
00720B,元大投資級公司債,42,0,42,元富-台南,2024-01-02,5929
00688L,國泰20年美債正2,35,0,35,元富-台南,2024-01-02,5929
1514,亞力,44,13,31,元富-台南,2024-01-02,5929
00687B,國泰20年美債,26,0,26,元富-台南,2024-01-02,5929
2303,聯電,26,1,25,元富-台南,2024-01-02,5929
2474,可成,25,0,25,元富-台南,2024-01-02,5929
00712,復華富時不動產,22,0,22,元富-台南,2024-01-02,5929
2609,陽明,33,12,21,元富-台南,2024-01-02,5929
2313,華通,17,0,17,元富-台南,2024-01-02,5929
00929,復華台灣科技優息,52,35,17,元富-台南,2024-01-02,5929
00934,中信成長高股息,16,0,16,元富-台南,2024-01-02,5929
2025,千興,16,0,16,元富-台南,2024-01-02,5929
00795B,中信美國公債20年,15,0,15,元富-台南,2024-01-02,5929
2443,昶虹,11,0,11,元富-台南,2024-01-02,5929
3706,神達,11,0,11,元富-台南,2024-01-02,5929
3006,晶豪科,10,0,10,元富-台南,2024-01-02,5929
1907,永豐餘,10,0,10,元富-台南,2024-01-02,5929
00725B,國泰投資級公司債,10,0,10,元富-台南,2024-01-02,5929
2889,國票金,10,0,10,元富-台南,2024-01-02,5929
3234,光環,10,0,10,元富-台南,2024-01-02,5929
8110,華東,10,0,10,元富-台南,2024-01-02,5929
00918,大華優利高填息30,9,0,9,元富-台南,2024-01-02,5929
2388,威盛,10,1,9,元富-台南,2024-01-02,5929
00680L,元大美債20正2,9,0,9,元富-台南,2024-01-02,5929
00931B,統一美債20年,8,0,8,元富-台南,2024-01-02,5929
6113,亞矽,8,0,8,元富-台南,2024-01-02,5929
00878,國泰永續高股息,23,15,8,元富-台南,2024-01-02,5929
2344,華邦電,11,4,7,元富-台南,2024-01-02,5929
00751B,元大AAA至A公司債,6,0,6,元富-台南,2024-01-02,5929
00713,元大台灣高息低波,6,0,6,元富-台南,2024-01-02,5929
3264,欣銓,6,0,6,元富-台南,2024-01-02,5929
3702,大聯大,6,0,6,元富-台南,2024-01-02,5929
5425,台半,6,0,6,元富-台南,2024-01-02,5929
2636,台驊控股,5,0,5,元富-台南,2024-01-02,5929
00921,兆豐龍頭等權重,5,0,5,元富-台南,2024-01-02,5929
00882,中信中國高股息,5,0,5,元富-台南,2024-01-02,5929
00919,群益台灣精選高息,6,1,5,元富-台南,2024-01-02,5929
3162,精確,5,0,5,元富-台南,2024-01-02,5929
00633L,富邦上証正2,5,0,5,元富-台南,2024-01-02,5929
1605,華新,5,0,5,元富-台南,2024-01-02,5929
3483,力致,5,0,5,元富-台南,2024-01-02,5929
2376,技嘉,4,0,4,元富-台南,2024-01-02,5929
2881,富邦金,4,0,4,元富-台南,2024-01-02,5929
00923,群益台ESG低碳50,5,1,4,元富-台南,2024-01-02,5929
2027,大成鋼,4,0,4,元富-台南,2024-01-02,5929
2353,宏��,24,20,4,元富-台南,2024-01-02,5929
00929,復華台灣科技優息,214,0,214,元富-台南,2024-01-03,5929
2405,輔信,158,1,157,元富-台南,2024-01-03,5929
2474,可成,130,0,130,元富-台南,2024-01-03,5929
00919,群益台灣精選高息,67,2,65,元富-台南,2024-01-03,5929
0056,元大高股息,60,2,58,元富-台南,2024-01-03,5929
2883,凱基金,55,0,55,元富-台南,2024-01-03,5929
00878,國泰永續高股息,60,17,43,元富-台南,2024-01-03,5929
3481,群創,48,6,42,元富-台南,2024-01-03,5929
2303,聯電,38,0,38,元富-台南,2024-01-03,5929
2618,長榮航,42,6,36,元富-台南,2024-01-03,5929
00715L,期街口布蘭特正2,32,0,32,元富-台南,2024-01-03,5929
6245,立端,23,0,23,元富-台南,2024-01-03,5929
2025,千興,22,0,22,元富-台南,2024-01-03,5929
2486,一詮,17,2,15,元富-台南,2024-01-03,5929
2537,聯上發,20,5,15,元富-台南,2024-01-03,5929
00927,群益半導體收益,13,0,13,元富-台南,2024-01-03,5929
2610,華航,40,27,13,元富-台南,2024-01-03,5929
3178,公準,14,1,13,元富-台南,2024-01-03,5929
00937B,群益ESG投等債20,13,1,12,元富-台南,2024-01-03,5929
00922,國泰台灣領袖50,12,0,12,元富-台南,2024-01-03,5929
2324,仁寶,14,2,12,元富-台南,2024-01-03,5929
3390,旭軟,28,16,12,元富-台南,2024-01-03,5929
00923,群益台ESG低碳50,11,0,11,元富-台南,2024-01-03,5929
00881,國泰台灣5G+,11,0,11,元富-台南,2024-01-03,5929
00921,兆豐龍頭等權重,10,0,10,元富-台南,2024-01-03,5929
2609,陽明,18,8,10,元富-台南,2024-01-03,5929
0050,元大台灣50,10,1,9,元富-台南,2024-01-03,5929
2362,藍天,28,19,9,元富-台南,2024-01-03,5929
4919,新唐,10,1,9,元富-台南,2024-01-03,5929
8069,元太,9,0,9,元富-台南,2024-01-03,5929
2882,國泰金,8,0,8,元富-台南,2024-01-03,5929
00934,中信成長高股息,8,0,8,元富-台南,2024-01-03,5929
2888,新光金,11,3,8,元富-台南,2024-01-03,5929
2402,毅嘉,8,0,8,元富-台南,2024-01-03,5929
5521,工信,8,0,8,元富-台南,2024-01-03,5929
6233,旺玖,18,10,8,元富-台南,2024-01-03,5929
2330,台積電,8,1,7,元富-台南,2024-01-03,5929
1514,亞力,9,2,7,元富-台南,2024-01-03,5929
2313,華通,11,4,7,元富-台南,2024-01-03,5929
2365,昆盈,7,0,7,元富-台南,2024-01-03,5929
3711,日月光投控,7,0,7,元富-台南,2024-01-03,5929
8478,東哥遊艇,7,0,7,元富-台南,2024-01-03,5929
9934,成霖,8,1,7,元富-台南,2024-01-03,5929
1301,台塑,6,0,6,元富-台南,2024-01-03,5929
00930,永豐ESG低碳高息,6,0,6,元富-台南,2024-01-03,5929
00918,大華優利高填息30,6,0,6,元富-台南,2024-01-03,5929
2352,佳世達,8,2,6,元富-台南,2024-01-03,5929
4951,精拓科,6,0,6,元富-台南,2024-01-03,5929
6187,萬潤,6,0,6,元富-台南,2024-01-03,5929
6796,晉弘,6,0,6,元富-台南,2024-01-03,5929
2474,可成,106,0,106,元富-台南,2024-01-04,5929
00720B,元大投資級公司債,90,1,89,元富-台南,2024-01-04,5929
00929,復華台灣科技優息,77,1,76,元富-台南,2024-01-04,5929
2606,裕民,57,2,55,元富-台南,2024-01-04,5929
00712,復華富時不動產,41,0,41,元富-台南,2024-01-04,5929
3706,神達,39,0,39,元富-台南,2024-01-04,5929
3712,永崴投控,35,0,35,元富-台南,2024-01-04,5929
4967,十銓,32,0,32,元富-台南,2024-01-04,5929
1210,大成,31,0,31,元富-台南,2024-01-04,5929
00688L,國泰20年美債正2,30,0,30,元富-台南,2024-01-04,5929
3038,全台,30,0,30,元富-台南,2024-01-04,5929
3231,緯創,37,12,25,元富-台南,2024-01-04,5929
2303,聯電,24,0,24,元富-台南,2024-01-04,5929
2025,千興,20,0,20,元富-台南,2024-01-04,5929
2641,正德,21,1,20,元富-台南,2024-01-04,5929
2206,三陽工業,20,1,19,元富-台南,2024-01-04,5929
00662,富邦NASDAQ,16,0,16,元富-台南,2024-01-04,5929
2609,陽明,103,88,15,元富-台南,2024-01-04,5929
2323,中環,20,5,15,元富-台南,2024-01-04,5929
2486,一詮,16,2,14,元富-台南,2024-01-04,5929
4973,廣穎,19,5,14,元富-台南,2024-01-04,5929
00878,國泰永續高股息,12,0,12,元富-台南,2024-01-04,5929
2009,第一銅,13,1,12,元富-台南,2024-01-04,5929
2204,中華,11,0,11,元富-台南,2024-01-04,5929
2329,華泰,11,0,11,元富-台南,2024-01-04,5929
2344,華邦電,17,6,11,元富-台南,2024-01-04,5929
2610,華航,22,11,11,元富-台南,2024-01-04,5929
00937B,群益ESG投等債20,20,10,10,元富-台南,2024-01-04,5929
1605,華新,13,3,10,元富-台南,2024-01-04,5929
2891,中信金,10,0,10,元富-台南,2024-01-04,5929
6282,康舒,10,0,10,元富-台南,2024-01-04,5929
8049,晶采,10,0,10,元富-台南,2024-01-04,5929
8110,華東,10,0,10,元富-台南,2024-01-04,5929
8478,東哥遊艇,8,0,8,元富-台南,2024-01-04,5929
1514,亞力,48,40,8,元富-台南,2024-01-04,5929
3390,旭軟,14,6,8,元富-台南,2024-01-04,5929
9105,泰金寶-DR,8,0,8,元富-台南,2024-01-04,5929
2362,藍天,7,0,7,元富-台南,2024-01-04,5929
4961,天鈺,7,0,7,元富-台南,2024-01-04,5929
00882,中信中國高股息,7,0,7,元富-台南,2024-01-04,5929
2408,南亞科,7,0,7,元富-台南,2024-01-04,5929
2443,昶虹,7,0,7,元富-台南,2024-01-04,5929
8011,台通,7,0,7,元富-台南,2024-01-04,5929
00933B,國泰10Y+金融債,6,0,6,元富-台南,2024-01-04,5929
2376,技嘉,7,1,6,元富-台南,2024-01-04,5929
3058,立德,6,0,6,元富-台南,2024-01-04,5929
3481,群創,10,4,6,元富-台南,2024-01-04,5929
3260,威剛,6,1,5,元富-台南,2024-01-04,5929
00680L,元大美債20正2,5,0,5,元富-台南,2024-01-04,5929
00881,國泰台灣5G+,5,0,5,元富-台南,2024-01-04,5929
00929,復華台灣科技優息,112,0,112,元富-台南,2024-01-05,5929
2474,可成,104,0,104,元富-台南,2024-01-05,5929
2618,長榮航,47,0,47,元富-台南,2024-01-05,5929
00919,群益台灣精選高息,45,0,45,元富-台南,2024-01-05,5929
00751B,元大AAA至A公司債,44,0,44,元富-台南,2024-01-05,5929
00937B,群益ESG投等債20,44,0,44,元富-台南,2024-01-05,5929
2353,宏��,33,4,29,元富-台南,2024-01-05,5929
6684,安格,28,0,28,元富-台南,2024-01-05,5929
2344,華邦電,25,2,23,元富-台南,2024-01-05,5929
00927,群益半導體收益,20,0,20,元富-台南,2024-01-05,5929
1609,大亞,20,0,20,元富-台南,2024-01-05,5929
1708,東鹼,22,2,20,元富-台南,2024-01-05,5929
1721,三晃,21,1,20,元富-台南,2024-01-05,5929
2329,華泰,22,3,19,元富-台南,2024-01-05,5929
8096,擎亞,27,8,19,元富-台南,2024-01-05,5929
4743,合一,15,0,15,元富-台南,2024-01-05,5929
6290,良維,15,0,15,元富-台南,2024-01-05,5929
2303,聯電,28,14,14,元富-台南,2024-01-05,5929
00933B,國泰10Y+金融債,13,0,13,元富-台南,2024-01-05,5929
2633,台灣高鐵,15,3,12,元富-台南,2024-01-05,5929
00681R,元大美債20反1,10,0,10,元富-台南,2024-01-05,5929
00636,國泰中國A50,10,0,10,元富-台南,2024-01-05,5929
00921,兆豐龍頭等權重,10,0,10,元富-台南,2024-01-05,5929
2356,英業達,96,86,10,元富-台南,2024-01-05,5929
9951,皇田,10,0,10,元富-台南,2024-01-05,5929
1732,毛寶,9,0,9,元富-台南,2024-01-05,5929
2355,敬鵬,10,2,8,元富-台南,2024-01-05,5929
4973,廣穎,10,2,8,元富-台南,2024-01-05,5929
3231,緯創,8,0,8,元富-台南,2024-01-05,5929
00931B,統一美債20年,7,0,7,元富-台南,2024-01-05,5929
1504,東元,8,2,6,元富-台南,2024-01-05,5929
2498,宏達電,6,0,6,元富-台南,2024-01-05,5929
3013,晟銘電,6,0,6,元富-台南,2024-01-05,5929
4979,華星光,38,32,6,元富-台南,2024-01-05,5929
3711,日月光投控,6,0,6,元富-台南,2024-01-05,5929
6770,力積電,22,16,6,元富-台南,2024-01-05,5929
2888,新光金,7,2,5,元富-台南,2024-01-05,5929
5425,台半,6,1,5,元富-台南,2024-01-05,5929
00881,國泰台灣5G+,5,0,5,元富-台南,2024-01-05,5929
2337,旺宏,5,0,5,元富-台南,2024-01-05,5929
2748,雲品,5,0,5,元富-台南,2024-01-05,5929
3149,正達,5,0,5,元富-台南,2024-01-05,5929
3213,茂訊,6,1,5,元富-台南,2024-01-05,5929
6530,創威,5,0,5,元富-台南,2024-01-05,5929
9912,偉聯,5,0,5,元富-台南,2024-01-05,5929
2489,瑞軒,6,1,5,元富-台南,2024-01-05,5929
2330,台積電,4,0,4,元富-台南,2024-01-05,5929
4906,正文,4,0,4,元富-台南,2024-01-05,5929
00934,中信成長高股息,4,0,4,元富-台南,2024-01-05,5929
00662,富邦NASDAQ,4,0,4,元富-台南,2024-01-05,5929
1326,台化,170,0,170,元富-台南,2024-01-08,5929
2867,三商壽,100,0,100,元富-台南,2024-01-08,5929
00929,復華台灣科技優息,75,1,74,元富-台南,2024-01-08,5929
2353,宏��,108,68,40,元富-台南,2024-01-08,5929
8418,捷必勝-KY,36,0,36,元富-台南,2024-01-08,5929
2634,漢翔,36,1,35,元富-台南,2024-01-08,5929
00720B,元大投資級公司債,32,0,32,元富-台南,2024-01-08,5929
6770,力積電,32,1,31,元富-台南,2024-01-08,5929
00919,群益台灣精選高息,30,0,30,元富-台南,2024-01-08,5929
8033,雷虎,28,0,28,元富-台南,2024-01-08,5929
00679B,元大美債20年,23,0,23,元富-台南,2024-01-08,5929
00882,中信中國高股息,21,0,21,元富-台南,2024-01-08,5929
0056,元大高股息,20,0,20,元富-台南,2024-01-08,5929
2344,華邦電,25,5,20,元富-台南,2024-01-08,5929
00665L,富邦�琤肭磪囓�2,20,0,20,元富-台南,2024-01-08,5929
5432,新門,21,1,20,元富-台南,2024-01-08,5929
2207,和泰車,18,0,18,元富-台南,2024-01-08,5929
2313,華通,16,0,16,元富-台南,2024-01-08,5929
8011,台通,20,4,16,元富-台南,2024-01-08,5929
1514,亞力,15,0,15,元富-台南,2024-01-08,5929
1701,中化,15,0,15,元富-台南,2024-01-08,5929
00712,復華富時不動產,14,1,13,元富-台南,2024-01-08,5929
00687B,國泰20年美債,14,1,13,元富-台南,2024-01-08,5929
2324,仁寶,18,5,13,元富-台南,2024-01-08,5929
00725B,國泰投資級公司債,11,0,11,元富-台南,2024-01-08,5929
00715L,期街口布蘭特正2,11,0,11,元富-台南,2024-01-08,5929
2387,精元,11,0,11,元富-台南,2024-01-08,5929
2486,一詮,14,3,11,元富-台南,2024-01-08,5929
1609,大亞,11,1,10,元富-台南,2024-01-08,5929
2537,聯上發,10,0,10,元富-台南,2024-01-08,5929
6233,旺玖,11,1,10,元富-台南,2024-01-08,5929
6261,久元,10,0,10,元富-台南,2024-01-08,5929
00937B,群益ESG投等債20,8,0,8,元富-台南,2024-01-08,5929
3380,明泰,8,0,8,元富-台南,2024-01-08,5929
5225,東科-KY,8,0,8,元富-台南,2024-01-08,5929
2388,威盛,31,24,7,元富-台南,2024-01-08,5929
4128,中天,7,0,7,元富-台南,2024-01-08,5929
5452,佶優,7,0,7,元富-台南,2024-01-08,5929
3481,群創,103,96,7,元富-台南,2024-01-08,5929
00770,國泰北美科技,6,0,6,元富-台南,2024-01-08,5929
00795B,中信美國公債20年,6,0,6,元富-台南,2024-01-08,5929
1528,恩德,6,0,6,元富-台南,2024-01-08,5929
4746,台耀,8,2,6,元富-台南,2024-01-08,5929
2329,華泰,6,0,6,元富-台南,2024-01-08,5929
5425,台半,5,0,5,元富-台南,2024-01-08,5929
00681R,元大美債20反1,5,0,5,元富-台南,2024-01-08,5929
1309,台達化,5,0,5,元富-台南,2024-01-08,5929
2365,昆盈,5,0,5,元富-台南,2024-01-08,5929
3036,文曄,5,0,5,元富-台南,2024-01-08,5929
6111,大宇資,5,0,5,元富-台南,2024-01-08,5929
00919,群益台灣精選高息,96,3,93,元富-台南,2024-01-09,5929
00680L,元大美債20正2,71,0,71,元富-台南,2024-01-09,5929
00929,復華台灣科技優息,68,0,68,元富-台南,2024-01-09,5929
00770,國泰北美科技,56,0,56,元富-台南,2024-01-09,5929
2610,華航,42,0,42,元富-台南,2024-01-09,5929
00715L,期街口布蘭特正2,40,1,39,元富-台南,2024-01-09,5929
2609,陽明,53,17,36,元富-台南,2024-01-09,5929
2474,可成,29,0,29,元富-台南,2024-01-09,5929
2025,千興,26,0,26,元富-台南,2024-01-09,5929
3481,群創,106,81,25,元富-台南,2024-01-09,5929
00725B,國泰投資級公司債,25,0,25,元富-台南,2024-01-09,5929
8110,華東,25,0,25,元富-台南,2024-01-09,5929
00688L,國泰20年美債正2,24,0,24,元富-台南,2024-01-09,5929
00882,中信中國高股息,22,0,22,元富-台南,2024-01-09,5929
2356,英業達,67,46,21,元富-台南,2024-01-09,5929
4735,豪展,22,1,21,元富-台南,2024-01-09,5929
2915,潤泰全,20,0,20,元富-台南,2024-01-09,5929
8091,翔名,20,0,20,元富-台南,2024-01-09,5929
8111,立��,21,1,20,元富-台南,2024-01-09,5929
2618,長榮航,45,28,17,元富-台南,2024-01-09,5929
8033,雷虎,17,0,17,元富-台南,2024-01-09,5929
2344,華邦電,15,0,15,元富-台南,2024-01-09,5929
2308,台達電,13,0,13,元富-台南,2024-01-09,5929
3483,力致,13,0,13,元富-台南,2024-01-09,5929
3078,僑威,11,0,11,元富-台南,2024-01-09,5929
1609,大亞,11,0,11,元富-台南,2024-01-09,5929
2881,富邦金,10,0,10,元富-台南,2024-01-09,5929
1514,亞力,35,25,10,元富-台南,2024-01-09,5929
3706,神達,11,1,10,元富-台南,2024-01-09,5929
5009,榮剛,10,0,10,元富-台南,2024-01-09,5929
2605,新興,10,2,8,元富-台南,2024-01-09,5929
2748,雲品,9,1,8,元富-台南,2024-01-09,5929
4157,太景*-KY,8,0,8,元富-台南,2024-01-09,5929
6143,振曜,9,2,7,元富-台南,2024-01-09,5929
0056,元大高股息,7,0,7,元富-台南,2024-01-09,5929
2603,長榮,15,8,7,元富-台南,2024-01-09,5929
2303,聯電,14,7,7,元富-台南,2024-01-09,5929
2834,臺企銀,7,0,7,元富-台南,2024-01-09,5929
00921,兆豐龍頭等權重,6,0,6,元富-台南,2024-01-09,5929
00927,群益半導體收益,6,0,6,元富-台南,2024-01-09,5929
00918,大華優利高填息30,8,2,6,元富-台南,2024-01-09,5929
1582,信錦,6,0,6,元富-台南,2024-01-09,5929
9907,統一實,6,0,6,元富-台南,2024-01-09,5929
2615,萬海,7,2,5,元富-台南,2024-01-09,5929
4919,新唐,6,1,5,元富-台南,2024-01-09,5929
2382,廣達,5,0,5,元富-台南,2024-01-09,5929
2337,旺宏,5,0,5,元富-台南,2024-01-09,5929
2889,國票金,5,0,5,元富-台南,2024-01-09,5929
3032,偉訓,6,1,5,元富-台南,2024-01-09,5929
3162,精確,5,0,5,元富-台南,2024-01-09,5929
5009,榮剛,102,0,102,元富-台南,2024-01-10,5929
3706,神達,99,18,81,元富-台南,2024-01-10,5929
2474,可成,80,0,80,元富-台南,2024-01-10,5929
00919,群益台灣精選高息,57,0,57,元富-台南,2024-01-10,5929
1326,台化,52,0,52,元富-台南,2024-01-10,5929
2025,千興,38,0,38,元富-台南,2024-01-10,5929
3588,通嘉,35,3,32,元富-台南,2024-01-10,5929
6282,康舒,33,5,28,元富-台南,2024-01-10,5929
00929,復華台灣科技優息,28,2,26,元富-台南,2024-01-10,5929
2889,國票金,25,0,25,元富-台南,2024-01-10,5929
3055,蔚華科,23,1,22,元富-台南,2024-01-10,5929
6245,立端,22,0,22,元富-台南,2024-01-10,5929
2329,華泰,27,6,21,元富-台南,2024-01-10,5929
00680L,元大美債20正2,20,0,20,元富-台南,2024-01-10,5929
4735,豪展,19,0,19,元富-台南,2024-01-10,5929
3481,群創,42,24,18,元富-台南,2024-01-10,5929
3265,台星科,16,0,16,元富-台南,2024-01-10,5929
3293,鈊象,17,3,14,元富-台南,2024-01-10,5929
3041,揚智,12,0,12,元富-台南,2024-01-10,5929
00878,國泰永續高股息,12,0,12,元富-台南,2024-01-10,5929
1608,華榮,11,0,11,元富-台南,2024-01-10,5929
3346,麗清,11,0,11,元富-台南,2024-01-10,5929
00882,中信中國高股息,10,0,10,元富-台南,2024-01-10,5929
6770,力積電,10,0,10,元富-台南,2024-01-10,5929
2312,金寶,10,0,10,元富-台南,2024-01-10,5929
3078,僑威,10,0,10,元富-台南,2024-01-10,5929
8069,元太,15,5,10,元富-台南,2024-01-10,5929
2362,藍天,10,1,9,元富-台南,2024-01-10,5929
00937B,群益ESG投等債20,11,2,9,元富-台南,2024-01-10,5929
3702A,大聯大甲特,9,0,9,元富-台南,2024-01-10,5929
3714,富采,10,1,9,元富-台南,2024-01-10,5929
6472,保瑞,8,0,8,元富-台南,2024-01-10,5929
00633L,富邦上証正2,8,0,8,元富-台南,2024-01-10,5929
2344,華邦電,20,12,8,元富-台南,2024-01-10,5929
2371,大同,20,12,8,元富-台南,2024-01-10,5929
4956,光鋐,13,5,8,元富-台南,2024-01-10,5929
5483,中美晶,7,0,7,元富-台南,2024-01-10,5929
00933B,國泰10Y+金融債,7,0,7,元富-台南,2024-01-10,5929
6143,振曜,10,3,7,元富-台南,2024-01-10,5929
3022,威強電,6,0,6,元富-台南,2024-01-10,5929
2301,光寶科,6,0,6,元富-台南,2024-01-10,5929
2605,新興,6,0,6,元富-台南,2024-01-10,5929
8011,台通,8,2,6,元富-台南,2024-01-10,5929
1815,富喬,5,0,5,元富-台南,2024-01-10,5929
1467,南緯,5,0,5,元富-台南,2024-01-10,5929
2027,大成鋼,5,0,5,元富-台南,2024-01-10,5929
2465,麗臺,5,0,5,元富-台南,2024-01-10,5929
2888,新光金,5,0,5,元富-台南,2024-01-10,5929
3380,明泰,5,0,5,元富-台南,2024-01-10,5929
4584,君帆,5,0,5,元富-台南,2024-01-10,5929
5009,榮剛,399,3,396,元富-台南,2024-01-11,5929
2610,華航,83,1,82,元富-台南,2024-01-11,5929
00929,復華台灣科技優息,68,0,68,元富-台南,2024-01-11,5929
2329,華泰,57,5,52,元富-台南,2024-01-11,5929
00919,群益台灣精選高息,48,0,48,元富-台南,2024-01-11,5929
00680L,元大美債20正2,30,0,30,元富-台南,2024-01-11,5929
2609,陽明,37,11,26,元富-台南,2024-01-11,5929
4956,光鋐,30,4,26,元富-台南,2024-01-11,5929
4735,豪展,25,0,25,元富-台南,2024-01-11,5929
00770,國泰北美科技,20,0,20,元富-台南,2024-01-11,5929
1785,光洋科,20,0,20,元富-台南,2024-01-11,5929
2025,千興,20,0,20,元富-台南,2024-01-11,5929
3702A,大聯大甲特,20,0,20,元富-台南,2024-01-11,5929
4714,永捷,20,0,20,元富-台南,2024-01-11,5929
2891,中信金,22,2,20,元富-台南,2024-01-11,5929
3712,永崴投控,27,8,19,元富-台南,2024-01-11,5929
2344,華邦電,15,0,15,元富-台南,2024-01-11,5929
8096,擎亞,17,2,15,元富-台南,2024-01-11,5929
0056,元大高股息,17,2,15,元富-台南,2024-01-11,5929
6116,彩晶,60,47,13,元富-台南,2024-01-11,5929
2301,光寶科,12,0,12,元富-台南,2024-01-11,5929
1603,華電,12,0,12,元富-台南,2024-01-11,5929
2449,京元電子,11,0,11,元富-台南,2024-01-11,5929
2371,大同,11,0,11,元富-台南,2024-01-11,5929
6245,立端,15,4,11,元富-台南,2024-01-11,5929
1471,首利,10,0,10,元富-台南,2024-01-11,5929
00933B,國泰10Y+金融債,10,0,10,元富-台南,2024-01-11,5929
6163,華電網,10,0,10,元富-台南,2024-01-11,5929
6261,久元,10,0,10,元富-台南,2024-01-11,5929
3055,蔚華科,11,2,9,元富-台南,2024-01-11,5929
00937B,群益ESG投等債20,8,0,8,元富-台南,2024-01-11,5929
1301,台塑,8,0,8,元富-台南,2024-01-11,5929
00665L,富邦�琤肭磪囓�2,10,2,8,元富-台南,2024-01-11,5929
6120,達運,12,4,8,元富-台南,2024-01-11,5929
00927,群益半導體收益,7,0,7,元富-台南,2024-01-11,5929
2002,中鋼,7,0,7,元富-台南,2024-01-11,5929
3479,安勤,7,0,7,元富-台南,2024-01-11,5929
00715L,期街口布蘭特正2,7,1,6,元富-台南,2024-01-11,5929
6217,中探針,6,0,6,元富-台南,2024-01-11,5929
6806,森崴能源,6,0,6,元富-台南,2024-01-11,5929
1503,士電,6,1,5,元富-台南,2024-01-11,5929
3049,精金,5,0,5,元富-台南,2024-01-11,5929
3324,雙鴻,5,0,5,元富-台南,2024-01-11,5929
3481,群創,77,72,5,元富-台南,2024-01-11,5929
4162,智擎,6,1,5,元富-台南,2024-01-11,5929
9951,皇田,5,0,5,元富-台南,2024-01-11,5929
1519,華城,17,13,4,元富-台南,2024-01-11,5929
1303,南亞,4,0,4,元富-台南,2024-01-11,5929
2014,中鴻,6,2,4,元富-台南,2024-01-11,5929
2427,三商電,4,0,4,元富-台南,2024-01-11,5929
4162,智擎,120,5,115,元富-台南,2024-01-12,5929
00929,復華台灣科技優息,102,6,96,元富-台南,2024-01-12,5929
00795B,中信美國公債20年,60,0,60,元富-台南,2024-01-12,5929
5009,榮剛,50,0,50,元富-台南,2024-01-12,5929
2356,英業達,70,21,49,元富-台南,2024-01-12,5929
3055,蔚華科,40,0,40,元富-台南,2024-01-12,5929
2025,千興,36,0,36,元富-台南,2024-01-12,5929
4735,豪展,35,0,35,元富-台南,2024-01-12,5929
2353,宏��,42,8,34,元富-台南,2024-01-12,5929
5258,虹堡,31,1,30,元富-台南,2024-01-12,5929
2618,長榮航,42,15,27,元富-台南,2024-01-12,5929
2634,漢翔,30,4,26,元富-台南,2024-01-12,5929
5347,世界,25,0,25,元富-台南,2024-01-12,5929
00688L,國泰20年美債正2,24,0,24,元富-台南,2024-01-12,5929
8096,擎亞,29,5,24,元富-台南,2024-01-12,5929
2371,大同,24,2,22,元富-台南,2024-01-12,5929
1608,華榮,20,0,20,元富-台南,2024-01-12,5929
9105,泰金寶-DR,20,0,20,元富-台南,2024-01-12,5929
00927,群益半導體收益,20,0,20,元富-台南,2024-01-12,5929
2883,凱基金,19,0,19,元富-台南,2024-01-12,5929
0056,元大高股息,18,0,18,元富-台南,2024-01-12,5929
2897,王道銀行,15,0,15,元富-台南,2024-01-12,5929
3276,宇環,14,0,14,元富-台南,2024-01-12,5929
2474,可成,12,0,12,元富-台南,2024-01-12,5929
2355,敬鵬,12,0,12,元富-台南,2024-01-12,5929
00882,中信中國高股息,11,0,11,元富-台南,2024-01-12,5929
6233,旺玖,13,2,11,元富-台南,2024-01-12,5929
2449,京元電子,11,0,11,元富-台南,2024-01-12,5929
00673R,期元大S＆P原油反1,10,0,10,元富-台南,2024-01-12,5929
1535,中宇,10,0,10,元富-台南,2024-01-12,5929
2409,友達,10,0,10,元富-台南,2024-01-12,5929
2889,國票金,10,0,10,元富-台南,2024-01-12,5929
6163,華電網,10,0,10,元富-台南,2024-01-12,5929
00878,國泰永續高股息,10,0,10,元富-台南,2024-01-12,5929
00637L,元大滬深300正2,9,0,9,元富-台南,2024-01-12,5929
8176,智捷,9,0,9,元富-台南,2024-01-12,5929
3049,精金,8,0,8,元富-台南,2024-01-12,5929
6462,神盾,12,4,8,元富-台南,2024-01-12,5929
2388,威盛,7,0,7,元富-台南,2024-01-12,5929
3707,漢磊,7,0,7,元富-台南,2024-01-12,5929
8150,南茂,8,1,7,元富-台南,2024-01-12,5929
5880,合庫金,6,0,6,元富-台南,2024-01-12,5929
1303,南亞,6,0,6,元富-台南,2024-01-12,5929
00631L,元大台灣50正2,6,0,6,元富-台南,2024-01-12,5929
2344,華邦電,7,1,6,元富-台南,2024-01-12,5929
2605,新興,9,3,6,元富-台南,2024-01-12,5929
3032,偉訓,7,1,6,元富-台南,2024-01-12,5929
4529,淳紳,6,0,6,元富-台南,2024-01-12,5929
00712,復華富時不動產,6,0,6,元富-台南,2024-01-12,5929
00636,國泰中國A50,5,0,5,元富-台南,2024-01-12,5929
2511,太子,85,0,85,元富-台南,2024-01-15,5929
4561,健椿,59,0,59,元富-台南,2024-01-15,5929
2474,可成,60,2,58,元富-台南,2024-01-15,5929
00637L,元大滬深300正2,50,0,50,元富-台南,2024-01-15,5929
3231,緯創,82,38,44,元富-台南,2024-01-15,5929
00881,國泰台灣5G+,43,0,43,元富-台南,2024-01-15,5929
0056,元大高股息,44,2,42,元富-台南,2024-01-15,5929
8426,紅木-KY,39,0,39,元富-台南,2024-01-15,5929
8942,森鉅,27,0,27,元富-台南,2024-01-15,5929
00929,復華台灣科技優息,33,8,25,元富-台南,2024-01-15,5929
2834,臺企銀,25,0,25,元富-台南,2024-01-15,5929
4735,豪展,25,0,25,元富-台南,2024-01-15,5929
2610,華航,26,2,24,元富-台南,2024-01-15,5929
3055,蔚華科,20,0,20,元富-台南,2024-01-15,5929
2356,英業達,41,24,17,元富-台南,2024-01-15,5929
00930,永豐ESG低碳高息,16,0,16,元富-台南,2024-01-15,5929
00712,復華富時不動產,15,0,15,元富-台南,2024-01-15,5929
5519,隆大,15,0,15,元富-台南,2024-01-15,5929
2486,一詮,29,15,14,元富-台南,2024-01-15,5929
2618,長榮航,44,31,13,元富-台南,2024-01-15,5929
2888,新光金,11,0,11,元富-台南,2024-01-15,5929
2324,仁寶,11,0,11,元富-台南,2024-01-15,5929
00725B,國泰投資級公司債,10,0,10,元富-台南,2024-01-15,5929
2451,創見,10,0,10,元富-台南,2024-01-15,5929
3189,景碩,10,0,10,元富-台南,2024-01-15,5929
6276,安鈦克,10,0,10,元富-台南,2024-01-15,5929
00927,群益半導體收益,10,2,8,元富-台南,2024-01-15,5929
00904,新光臺灣半導體30,8,0,8,元富-台南,2024-01-15,5929
3702A,大聯大甲特,8,0,8,元富-台南,2024-01-15,5929
6192,巨路,8,0,8,元富-台南,2024-01-15,5929
1529,樂事綠能,16,8,8,元富-台南,2024-01-15,5929
00878,國泰永續高股息,8,1,7,元富-台南,2024-01-15,5929
2634,漢翔,9,2,7,元富-台南,2024-01-15,5929
00933B,國泰10Y+金融債,6,0,6,元富-台南,2024-01-15,5929
8110,華東,11,5,6,元富-台南,2024-01-15,5929
2883,凱基金,6,0,6,元富-台南,2024-01-15,5929
2745,五福,5,0,5,元富-台南,2024-01-15,5929
1514,亞力,16,11,5,元富-台南,2024-01-15,5929
2038,海光,5,0,5,元富-台南,2024-01-15,5929
2208,台船,5,0,5,元富-台南,2024-01-15,5929
2327,國巨,5,0,5,元富-台南,2024-01-15,5929
3051,力特,5,0,5,元富-台南,2024-01-15,5929
6140,訊達,5,0,5,元富-台南,2024-01-15,5929
8096,擎亞,15,10,5,元富-台南,2024-01-15,5929
3017,奇鋐,4,0,4,元富-台南,2024-01-15,5929
1605,華新,5,1,4,元富-台南,2024-01-15,5929
1101,台泥,4,0,4,元富-台南,2024-01-15,5929
1524,耿鼎,4,0,4,元富-台南,2024-01-15,5929
1784,訊聯,4,0,4,元富-台南,2024-01-15,5929
3707,漢磊,4,0,4,元富-台南,2024-01-15,5929
00688L,國泰20年美債正2,1092,0,1092,元富-台南,2024-01-16,5929
2511,太子,640,0,640,元富-台南,2024-01-16,5929
6005,群益證,102,0,102,元富-台南,2024-01-16,5929
0056,元大高股息,99,17,82,元富-台南,2024-01-16,5929
2883,凱基金,74,0,74,元富-台南,2024-01-16,5929
00878,國泰永續高股息,69,5,64,元富-台南,2024-01-16,5929
00680L,元大美債20正2,50,0,50,元富-台南,2024-01-16,5929
2474,可成,46,2,44,元富-台南,2024-01-16,5929
5009,榮剛,43,0,43,元富-台南,2024-01-16,5929
2329,華泰,56,14,42,元富-台南,2024-01-16,5929
2423,固緯,40,0,40,元富-台南,2024-01-16,5929
00929,復華台灣科技優息,51,11,40,元富-台南,2024-01-16,5929
2025,千興,35,0,35,元富-台南,2024-01-16,5929
6770,力積電,30,0,30,元富-台南,2024-01-16,5929
8426,紅木-KY,29,0,29,元富-台南,2024-01-16,5929
00930,永豐ESG低碳高息,28,0,28,元富-台南,2024-01-16,5929
2486,一詮,21,0,21,元富-台南,2024-01-16,5929
4121,優盛,20,0,20,元富-台南,2024-01-16,5929
3149,正達,17,0,17,元富-台南,2024-01-16,5929
4413,飛寶企業,17,0,17,元富-台南,2024-01-16,5929
00637L,元大滬深300正2,16,0,16,元富-台南,2024-01-16,5929
2888,新光金,16,0,16,元富-台南,2024-01-16,5929
6245,立端,37,22,15,元富-台南,2024-01-16,5929
2618,長榮航,15,0,15,元富-台南,2024-01-16,5929
2344,華邦電,13,0,13,元富-台南,2024-01-16,5929
3702A,大聯大甲特,13,0,13,元富-台南,2024-01-16,5929
00679B,元大美債20年,13,1,12,元富-台南,2024-01-16,5929
1784,訊聯,12,0,12,元富-台南,2024-01-16,5929
2477,美隆電,12,0,12,元富-台南,2024-01-16,5929
8926,台汽電,12,0,12,元富-台南,2024-01-16,5929
2603,長榮,12,0,12,元富-台南,2024-01-16,5929
2356,英業達,11,0,11,元富-台南,2024-01-16,5929
2913,農林,11,0,11,元富-台南,2024-01-16,5929
8096,擎亞,37,26,11,元富-台南,2024-01-16,5929
2332,友訊,10,0,10,元富-台南,2024-01-16,5929
2543,皇昌,10,0,10,元富-台南,2024-01-16,5929
2353,宏��,21,11,10,元富-台南,2024-01-16,5929
1301,台塑,11,2,9,元富-台南,2024-01-16,5929
2313,華通,27,18,9,元富-台南,2024-01-16,5929
4162,智擎,9,0,9,元富-台南,2024-01-16,5929
4735,豪展,9,0,9,元富-台南,2024-01-16,5929
1303,南亞,8,0,8,元富-台南,2024-01-16,5929
2337,旺宏,8,0,8,元富-台南,2024-01-16,5929
6116,彩晶,28,20,8,元富-台南,2024-01-16,5929
2892,第一金,7,0,7,元富-台南,2024-01-16,5929
00918,大華優利高填息30,7,0,7,元富-台南,2024-01-16,5929
1503,士電,7,0,7,元富-台南,2024-01-16,5929
1605,華新,7,0,7,元富-台南,2024-01-16,5929
6117,迎廣,10,3,7,元富-台南,2024-01-16,5929
8440,綠電,7,0,7,元富-台南,2024-01-16,5929
5009,榮剛,302,0,302,元富-台南,2024-01-17,5929
2474,可成,270,0,270,元富-台南,2024-01-17,5929
2511,太子,201,0,201,元富-台南,2024-01-17,5929
00929,復華台灣科技優息,195,11,184,元富-台南,2024-01-17,5929
4121,優盛,156,0,156,元富-台南,2024-01-17,5929
00688L,國泰20年美債正2,163,20,143,元富-台南,2024-01-17,5929
2025,千興,136,3,133,元富-台南,2024-01-17,5929
3025,星通,67,1,66,元富-台南,2024-01-17,5929
6005,群益證,51,0,51,元富-台南,2024-01-17,5929
3702A,大聯大甲特,50,0,50,元富-台南,2024-01-17,5929
2883,凱基金,116,70,46,元富-台南,2024-01-17,5929
2344,華邦電,54,10,44,元富-台南,2024-01-17,5929
00919,群益台灣精選高息,87,47,40,元富-台南,2024-01-17,5929
0056,元大高股息,42,2,40,元富-台南,2024-01-17,5929
2409,友達,40,1,39,元富-台南,2024-01-17,5929
00882,中信中國高股息,36,0,36,元富-台南,2024-01-17,5929
2356,英業達,38,2,36,元富-台南,2024-01-17,5929
2303,聯電,41,8,33,元富-台南,2024-01-17,5929
2888,新光金,29,0,29,元富-台南,2024-01-17,5929
3712,永崴投控,26,0,26,元富-台南,2024-01-17,5929
2615,萬海,23,0,23,元富-台南,2024-01-17,5929
1104,環泥,20,0,20,元富-台南,2024-01-17,5929
2371,大同,18,0,18,元富-台南,2024-01-17,5929
4735,豪展,18,0,18,元富-台南,2024-01-17,5929
6770,力積電,18,0,18,元富-台南,2024-01-17,5929
3231,緯創,32,14,18,元富-台南,2024-01-17,5929
2201,裕隆,17,0,17,元富-台南,2024-01-17,5929
00878,國泰永續高股息,34,17,17,元富-台南,2024-01-17,5929
2892,第一金,16,0,16,元富-台南,2024-01-17,5929
00665L,富邦�琤肭磪囓�2,16,0,16,元富-台南,2024-01-17,5929
2313,華通,26,10,16,元富-台南,2024-01-17,5929
8034,榮群,16,0,16,元富-台南,2024-01-17,5929
2887,台新金,15,0,15,元富-台南,2024-01-17,5929
6224,聚鼎,14,0,14,元富-台南,2024-01-17,5929
3059,華晶科,13,0,13,元富-台南,2024-01-17,5929
00927,群益半導體收益,13,0,13,元富-台南,2024-01-17,5929
00937B,群益ESG投等債20,12,0,12,元富-台南,2024-01-17,5929
1784,訊聯,12,0,12,元富-台南,2024-01-17,5929
2880,華南金,11,0,11,元富-台南,2024-01-17,5929
1609,大亞,13,2,11,元富-台南,2024-01-17,5929
9951,皇田,11,0,11,元富-台南,2024-01-17,5929
1101,台泥,10,0,10,元富-台南,2024-01-17,5929
1504,東元,10,0,10,元富-台南,2024-01-17,5929
2618,長榮航,10,0,10,元富-台南,2024-01-17,5929
5432,新門,10,0,10,元富-台南,2024-01-17,5929
8092,建暐,10,0,10,元富-台南,2024-01-17,5929
9911,櫻花,10,0,10,元富-台南,2024-01-17,5929
6472,保瑞,15,6,9,元富-台南,2024-01-17,5929
3044,健鼎,9,1,8,元富-台南,2024-01-17,5929
2882,國泰金,8,0,8,元富-台南,2024-01-17,5929
2474,可成,228,0,228,元富-台南,2024-01-18,5929
2511,太子,220,1,219,元富-台南,2024-01-18,5929
2867,三商壽,100,0,100,元富-台南,2024-01-18,5929
2025,千興,79,2,77,元富-台南,2024-01-18,5929
5009,榮剛,44,0,44,元富-台南,2024-01-18,5929
00919,群益台灣精選高息,46,5,41,元富-台南,2024-01-18,5929
00937B,群益ESG投等債20,44,11,33,元富-台南,2024-01-18,5929
00882,中信中國高股息,27,0,27,元富-台南,2024-01-18,5929
00929,復華台灣科技優息,38,12,26,元富-台南,2024-01-18,5929
2362,藍天,23,4,19,元富-台南,2024-01-18,5929
2382,廣達,19,1,18,元富-台南,2024-01-18,5929
1504,東元,25,8,17,元富-台南,2024-01-18,5929
4188,安克,16,2,14,元富-台南,2024-01-18,5929
00713,元大台灣高息低波,12,0,12,元富-台南,2024-01-18,5929
1514,亞力,20,8,12,元富-台南,2024-01-18,5929
2324,仁寶,13,1,12,元富-台南,2024-01-18,5929
2886,兆豐金,11,0,11,元富-台南,2024-01-18,5929
00878,國泰永續高股息,11,1,10,元富-台南,2024-01-18,5929
1449,佳和,10,0,10,元富-台南,2024-01-18,5929
1909,榮成,10,0,10,元富-台南,2024-01-18,5929
3055,蔚華科,10,0,10,元富-台南,2024-01-18,5929
3483,力致,10,0,10,元富-台南,2024-01-18,5929
3714,富采,10,0,10,元富-台南,2024-01-18,5929
4114,健喬,10,0,10,元富-台南,2024-01-18,5929
6005,群益證,10,0,10,元富-台南,2024-01-18,5929
8096,擎亞,24,14,10,元富-台南,2024-01-18,5929
3231,緯創,60,52,8,元富-台南,2024-01-18,5929
3163,波若威,8,0,8,元富-台南,2024-01-18,5929
4543,萬在,8,0,8,元富-台南,2024-01-18,5929
4735,豪展,8,0,8,元富-台南,2024-01-18,5929
5512,力麒,10,2,8,元富-台南,2024-01-18,5929
00933B,國泰10Y+金融債,8,1,7,元富-台南,2024-01-18,5929
2610,華航,12,5,7,元富-台南,2024-01-18,5929
1802,台玻,7,1,6,元富-台南,2024-01-18,5929
00712,復華富時不動產,6,0,6,元富-台南,2024-01-18,5929
00637L,元大滬深300正2,6,0,6,元富-台南,2024-01-18,5929
1301,台塑,7,1,6,元富-台南,2024-01-18,5929
2887,台新金,6,0,6,元富-台南,2024-01-18,5929
2882,國泰金,5,0,5,元富-台南,2024-01-18,5929
00922,國泰台灣領袖50,5,0,5,元富-台南,2024-01-18,5929
1528,恩德,14,9,5,元富-台南,2024-01-18,5929
2891,中信金,5,0,5,元富-台南,2024-01-18,5929
3013,晟銘電,5,0,5,元富-台南,2024-01-18,5929
3083,網龍,5,0,5,元富-台南,2024-01-18,5929
3287,廣寰科,19,14,5,元富-台南,2024-01-18,5929
3702A,大聯大甲特,5,0,5,元富-台南,2024-01-18,5929
4147,中裕,5,0,5,元富-台南,2024-01-18,5929
4561,健椿,5,0,5,元富-台南,2024-01-18,5929
4979,華星光,5,0,5,元富-台南,2024-01-18,5929
6288,聯嘉,5,0,5,元富-台南,2024-01-18,5929
2882,國泰金,105,0,105,元富-台南,2024-01-19,5929
00857B,永豐20年美公債,88,0,88,元富-台南,2024-01-19,5929
2025,千興,65,1,64,元富-台南,2024-01-19,5929
00637L,元大滬深300正2,50,5,45,元富-台南,2024-01-19,5929
4735,豪展,42,0,42,元富-台南,2024-01-19,5929
2002,中鋼,47,12,35,元富-台南,2024-01-19,5929
3287,廣寰科,40,5,35,元富-台南,2024-01-19,5929
2474,可成,35,0,35,元富-台南,2024-01-19,5929
1609,大亞,38,4,34,元富-台南,2024-01-19,5929
1608,華榮,31,0,31,元富-台南,2024-01-19,5929
2371,大同,40,11,29,元富-台南,2024-01-19,5929
1303,南亞,24,0,24,元富-台南,2024-01-19,5929
2511,太子,24,0,24,元富-台南,2024-01-19,5929
1301,台塑,22,0,22,元富-台南,2024-01-19,5929
2303,聯電,41,20,21,元富-台南,2024-01-19,5929
2354,鴻準,20,0,20,元富-台南,2024-01-19,5929
00937B,群益ESG投等債20,19,0,19,元富-台南,2024-01-19,5929
00919,群益台灣精選高息,20,3,17,元富-台南,2024-01-19,5929
00687B,國泰20年美債,16,0,16,元富-台南,2024-01-19,5929
2353,宏��,18,3,15,元富-台南,2024-01-19,5929
00929,復華台灣科技優息,21,6,15,元富-台南,2024-01-19,5929
00795B,中信美國公債20年,14,0,14,元富-台南,2024-01-19,5929
5009,榮剛,14,0,14,元富-台南,2024-01-19,5929
8096,擎亞,17,4,13,元富-台南,2024-01-19,5929
00931B,統一美債20年,12,0,12,元富-台南,2024-01-19,5929
2888,新光金,12,0,12,元富-台南,2024-01-19,5929
00725B,國泰投資級公司債,12,0,12,元富-台南,2024-01-19,5929
00679B,元大美債20年,15,4,11,元富-台南,2024-01-19,5929
00751B,元大AAA至A公司債,12,1,11,元富-台南,2024-01-19,5929
5222,全訊,11,0,11,元富-台南,2024-01-19,5929
2886,兆豐金,11,0,11,元富-台南,2024-01-19,5929
1101,台泥,10,0,10,元富-台南,2024-01-19,5929
00633L,富邦上証正2,10,0,10,元富-台南,2024-01-19,5929
2347,聯強,13,3,10,元富-台南,2024-01-19,5929
2515,中工,20,10,10,元富-台南,2024-01-19,5929
2812,台中銀,10,0,10,元富-台南,2024-01-19,5929
3024,憶聲,10,0,10,元富-台南,2024-01-19,5929
3055,蔚華科,16,6,10,元富-台南,2024-01-19,5929
8215,明基材,10,0,10,元富-台南,2024-01-19,5929
2618,長榮航,31,22,9,元富-台南,2024-01-19,5929
2883,凱基金,9,0,9,元富-台南,2024-01-19,5929
3265,台星科,27,18,9,元富-台南,2024-01-19,5929
2401,凌陽,10,2,8,元富-台南,2024-01-19,5929
2603,長榮,14,6,8,元富-台南,2024-01-19,5929
3013,晟銘電,9,1,8,元富-台南,2024-01-19,5929
00720B,元大投資級公司債,7,0,7,元富-台南,2024-01-19,5929
2324,仁寶,8,1,7,元富-台南,2024-01-19,5929
00680L,元大美債20正2,7,0,7,元富-台南,2024-01-19,5929
3715,定穎投控,7,0,7,元富-台南,2024-01-19,5929
1326,台化,6,0,6,元富-台南,2024-01-19,5929
00937B,群益ESG投等債20,264,0,264,元富-台南,2024-01-22,5929
2474,可成,130,0,130,元富-台南,2024-01-22,5929
5009,榮剛,100,0,100,元富-台南,2024-01-22,5929
1609,大亞,93,12,81,元富-台南,2024-01-22,5929
2313,華通,58,5,53,元富-台南,2024-01-22,5929
00680L,元大美債20正2,50,0,50,元富-台南,2024-01-22,5929
3702A,大聯大甲特,50,0,50,元富-台南,2024-01-22,5929
2025,千興,49,2,47,元富-台南,2024-01-22,5929
00882,中信中國高股息,35,2,33,元富-台南,2024-01-22,5929
2633,台灣高鐵,30,0,30,元富-台南,2024-01-22,5929
3339,泰谷,20,0,20,元富-台南,2024-01-22,5929
4960,誠美材,15,0,15,元富-台南,2024-01-22,5929
3479,安勤,14,0,14,元富-台南,2024-01-22,5929
00687B,國泰20年美債,13,0,13,元富-台南,2024-01-22,5929
2316,楠梓電,12,0,12,元富-台南,2024-01-22,5929
3055,蔚華科,16,4,12,元富-台南,2024-01-22,5929
3260,威剛,11,0,11,元富-台南,2024-01-22,5929
2329,華泰,30,19,11,元富-台南,2024-01-22,5929
5483,中美晶,11,0,11,元富-台南,2024-01-22,5929
2618,長榮航,23,12,11,元富-台南,2024-01-22,5929
3481,群創,106,95,11,元富-台南,2024-01-22,5929
2353,宏��,19,9,10,元富-台南,2024-01-22,5929
3189,景碩,10,0,10,元富-台南,2024-01-22,5929
00665L,富邦�琤肭磪囓�2,10,0,10,元富-台南,2024-01-22,5929
00913,兆豐台灣晶圓製造,10,0,10,元富-台南,2024-01-22,5929
4128,中天,12,2,10,元富-台南,2024-01-22,5929
6116,彩晶,10,0,10,元富-台南,2024-01-22,5929
9911,櫻花,10,0,10,元富-台南,2024-01-22,5929
9927,泰銘,10,0,10,元富-台南,2024-01-22,5929
1514,亞力,22,12,10,元富-台南,2024-01-22,5929
3025,星通,40,31,9,元富-台南,2024-01-22,5929
1907,永豐餘,10,1,9,元富-台南,2024-01-22,5929
3437,榮創,12,3,9,元富-台南,2024-01-22,5929
2511,太子,8,0,8,元富-台南,2024-01-22,5929
5347,世界,9,1,8,元富-台南,2024-01-22,5929
8027,鈦昇,9,1,8,元富-台南,2024-01-22,5929
2886,兆豐金,8,0,8,元富-台南,2024-01-22,5929
2887,台新金,7,0,7,元富-台南,2024-01-22,5929
6616,特昇-KY,7,0,7,元富-台南,2024-01-22,5929
8996,高力,17,10,7,元富-台南,2024-01-22,5929
8054,安國,10,3,7,元富-台南,2024-01-22,5929
00929,復華台灣科技優息,9,3,6,元富-台南,2024-01-22,5929
6274,台燿,8,2,6,元富-台南,2024-01-22,5929
6684,安格,7,1,6,元富-台南,2024-01-22,5929
5880,合庫金,6,0,6,元富-台南,2024-01-22,5929
00712,復華富時不動產,6,0,6,元富-台南,2024-01-22,5929
1101,台泥,5,0,5,元富-台南,2024-01-22,5929
00934,中信成長高股息,5,0,5,元富-台南,2024-01-22,5929
1608,華榮,5,0,5,元富-台南,2024-01-22,5929
2324,仁寶,11,6,5,元富-台南,2024-01-22,5929
2511,太子,270,3,267,元富-台南,2024-01-23,5929
2353,宏��,82,4,78,元富-台南,2024-01-23,5929
2618,長榮航,77,16,61,元富-台南,2024-01-23,5929
8936,國統,53,4,49,元富-台南,2024-01-23,5929
00751B,元大AAA至A公司債,31,0,31,元富-台南,2024-01-23,5929
3025,星通,37,6,31,元富-台南,2024-01-23,5929
00673R,期元大S＆P原油反1,22,0,22,元富-台南,2024-01-23,5929
2610,華航,22,0,22,元富-台南,2024-01-23,5929
00679B,元大美債20年,18,0,18,元富-台南,2024-01-23,5929
3231,緯創,41,23,18,元富-台南,2024-01-23,5929
00937B,群益ESG投等債20,17,0,17,元富-台南,2024-01-23,5929
2449,京元電子,16,0,16,元富-台南,2024-01-23,5929
3265,台星科,30,15,15,元富-台南,2024-01-23,5929
00882,中信中國高股息,14,0,14,元富-台南,2024-01-23,5929
8034,榮群,17,3,14,元富-台南,2024-01-23,5929
3522,御嵿,13,0,13,元富-台南,2024-01-23,5929
2461,光群雷,11,0,11,元富-台南,2024-01-23,5929
00687B,國泰20年美債,10,0,10,元富-台南,2024-01-23,5929
6239,力成,13,3,10,元富-台南,2024-01-23,5929
00680L,元大美債20正2,10,0,10,元富-台南,2024-01-23,5929
3024,憶聲,10,0,10,元富-台南,2024-01-23,5929
2344,華邦電,19,11,8,元富-台南,2024-01-23,5929
6111,大宇資,18,10,8,元富-台南,2024-01-23,5929
3006,晶豪科,10,2,8,元富-台南,2024-01-23,5929
3293,鈊象,8,1,7,元富-台南,2024-01-23,5929
2421,建準,13,6,7,元富-台南,2024-01-23,5929
00933B,國泰10Y+金融債,6,0,6,元富-台南,2024-01-23,5929
2886,兆豐金,8,2,6,元富-台南,2024-01-23,5929
3217,優群,6,0,6,元富-台南,2024-01-23,5929
5371,中光電,6,0,6,元富-台南,2024-01-23,5929
2883,凱基金,13,7,6,元富-台南,2024-01-23,5929
1301,台塑,5,0,5,元富-台南,2024-01-23,5929
00633L,富邦上証正2,5,0,5,元富-台南,2024-01-23,5929
00782B,國泰A級公用債,5,0,5,元富-台南,2024-01-23,5929
1528,恩德,5,0,5,元富-台南,2024-01-23,5929
2377,微星,6,1,5,元富-台南,2024-01-23,5929
2388,威盛,5,0,5,元富-台南,2024-01-23,5929
3339,泰谷,5,0,5,元富-台南,2024-01-23,5929
3706,神達,8,3,5,元富-台南,2024-01-23,5929
4714,永捷,12,7,5,元富-台南,2024-01-23,5929
6153,嘉聯益,5,0,5,元富-台南,2024-01-23,5929
6224,聚鼎,5,0,5,元富-台南,2024-01-23,5929
9907,統一實,5,0,5,元富-台南,2024-01-23,5929
9911,櫻花,5,0,5,元富-台南,2024-01-23,5929
9951,皇田,5,0,5,元富-台南,2024-01-23,5929
2892,第一金,4,0,4,元富-台南,2024-01-23,5929
8454,富邦媒,4,0,4,元富-台南,2024-01-23,5929
3483,力致,6,2,4,元富-台南,2024-01-23,5929
3588,通嘉,4,0,4,元富-台南,2024-01-23,5929
6117,迎廣,4,0,4,元富-台南,2024-01-23,5929
00933B,國泰10Y+金融債,201,0,201,元富-台南,2024-01-24,5929
2025,千興,131,10,121,元富-台南,2024-01-24,5929
2511,太子,98,3,95,元富-台南,2024-01-24,5929
6789,采鈺,54,4,50,元富-台南,2024-01-24,5929
00753L,中信中國50正2,40,0,40,元富-台南,2024-01-24,5929
00882,中信中國高股息,35,0,35,元富-台南,2024-01-24,5929
00937B,群益ESG投等債20,34,0,34,元富-台南,2024-01-24,5929
00679B,元大美債20年,30,0,30,元富-台南,2024-01-24,5929
00927,群益半導體收益,30,0,30,元富-台南,2024-01-24,5929
1319,東陽,32,2,30,元富-台南,2024-01-24,5929
2369,菱生,35,7,28,元富-台南,2024-01-24,5929
00633L,富邦上証正2,24,0,24,元富-台南,2024-01-24,5929
2344,華邦電,35,11,24,元富-台南,2024-01-24,5929
3260,威剛,27,5,22,元富-台南,2024-01-24,5929
6548,長科*,22,0,22,元富-台南,2024-01-24,5929
1309,台達化,20,0,20,元富-台南,2024-01-24,5929
00929,復華台灣科技優息,29,9,20,元富-台南,2024-01-24,5929
3055,蔚華科,37,18,19,元富-台南,2024-01-24,5929
6261,久元,15,0,15,元富-台南,2024-01-24,5929
4714,永捷,12,0,12,元富-台南,2024-01-24,5929
2353,宏��,31,21,10,元富-台南,2024-01-24,5929
00725B,國泰投資級公司債,10,0,10,元富-台南,2024-01-24,5929
2610,華航,10,0,10,元富-台南,2024-01-24,5929
2838,聯邦銀,10,0,10,元富-台南,2024-01-24,5929
4909,新復興,11,1,10,元富-台南,2024-01-24,5929
6189,豐藝,10,0,10,元富-台南,2024-01-24,5929
6442,光聖,10,0,10,元富-台南,2024-01-24,5929
3588,通嘉,9,0,9,元富-台南,2024-01-24,5929
2421,建準,13,5,8,元富-台南,2024-01-24,5929
3149,正達,10,2,8,元富-台南,2024-01-24,5929
3712,永崴投控,10,2,8,元富-台南,2024-01-24,5929
6196,帆宣,7,0,7,元富-台南,2024-01-24,5929
3443,創意,7,0,7,元富-台南,2024-01-24,5929
00795B,中信美國公債20年,6,0,6,元富-台南,2024-01-24,5929
5230,雷笛克光學,6,0,6,元富-台南,2024-01-24,5929
3231,緯創,15,10,5,元富-台南,2024-01-24,5929
2886,兆豐金,5,0,5,元富-台南,2024-01-24,5929
2338,光罩,5,0,5,元富-台南,2024-01-24,5929
3048,益登,5,0,5,元富-台南,2024-01-24,5929
3512,皇龍,5,0,5,元富-台南,2024-01-24,5929
8027,鈦昇,7,2,5,元富-台南,2024-01-24,5929
8105,凌巨,5,0,5,元富-台南,2024-01-24,5929
00687B,國泰20年美債,4,0,4,元富-台南,2024-01-24,5929
2408,南亞科,4,0,4,元富-台南,2024-01-24,5929
00922,國泰台灣領袖50,5,1,4,元富-台南,2024-01-24,5929
1521,大億,4,0,4,元富-台南,2024-01-24,5929
2409,友達,6,2,4,元富-台南,2024-01-24,5929
5009,榮剛,5,1,4,元富-台南,2024-01-24,5929
5234,達興材料,7,3,4,元富-台南,2024-01-24,5929
6016,康和證,4,0,4,元富-台南,2024-01-24,5929
2356,英業達,82,34,48,元富-台南,2024-01-25,5929
00687B,國泰20年美債,37,0,37,元富-台南,2024-01-25,5929
2025,千興,36,0,36,元富-台南,2024-01-25,5929
00937B,群益ESG投等債20,30,0,30,元富-台南,2024-01-25,5929
00882,中信中國高股息,30,0,30,元富-台南,2024-01-25,5929
5347,世界,30,1,29,元富-台南,2024-01-25,5929
00680L,元大美債20正2,25,0,25,元富-台南,2024-01-25,5929
2344,華邦電,25,1,24,元富-台南,2024-01-25,5929
00637L,元大滬深300正2,20,0,20,元富-台南,2024-01-25,5929
00633L,富邦上証正2,19,0,19,元富-台南,2024-01-25,5929
8096,擎亞,32,14,18,元富-台南,2024-01-25,5929
2308,台達電,15,0,15,元富-台南,2024-01-25,5929
2801,彰銀,12,0,12,元富-台南,2024-01-25,5929
2337,旺宏,11,0,11,元富-台南,2024-01-25,5929
2610,華航,11,0,11,元富-台南,2024-01-25,5929
9911,櫻花,11,0,11,元富-台南,2024-01-25,5929
00933B,國泰10Y+金融債,11,0,11,元富-台南,2024-01-25,5929
6129,普誠,10,0,10,元富-台南,2024-01-25,5929
0061,元大寶滬深,10,0,10,元富-台南,2024-01-25,5929
2301,光寶科,10,0,10,元富-台南,2024-01-25,5929
2371,大同,10,0,10,元富-台南,2024-01-25,5929
2457,飛宏,10,0,10,元富-台南,2024-01-25,5929
2465,麗臺,10,0,10,元富-台南,2024-01-25,5929
3055,蔚華科,33,23,10,元富-台南,2024-01-25,5929
3149,正達,10,0,10,元富-台南,2024-01-25,5929
3354,律勝,10,0,10,元富-台南,2024-01-25,5929
3531,先益,10,0,10,元富-台南,2024-01-25,5929
8110,華東,55,46,9,元富-台南,2024-01-25,5929
00857B,永豐20年美公債,8,0,8,元富-台南,2024-01-25,5929
3522,御嵿,8,0,8,元富-台南,2024-01-25,5929
6113,亞矽,17,9,8,元富-台南,2024-01-25,5929
00929,復華台灣科技優息,11,4,7,元富-台南,2024-01-25,5929
3032,偉訓,7,0,7,元富-台南,2024-01-25,5929
5426,振發,16,9,7,元富-台南,2024-01-25,5929
5483,中美晶,7,0,7,元富-台南,2024-01-25,5929
6224,聚鼎,7,0,7,元富-台南,2024-01-25,5929
2353,宏��,35,28,7,元富-台南,2024-01-25,5929
00795B,中信美國公債20年,6,0,6,元富-台南,2024-01-25,5929
00688L,國泰20年美債正2,6,0,6,元富-台南,2024-01-25,5929
00679B,元大美債20年,6,0,6,元富-台南,2024-01-25,5929
1101,台泥,5,0,5,元富-台南,2024-01-25,5929
2376,技嘉,18,13,5,元富-台南,2024-01-25,5929
00904,新光臺灣半導體30,6,1,5,元富-台南,2024-01-25,5929
00934,中信成長高股息,5,0,5,元富-台南,2024-01-25,5929
1309,台達化,5,0,5,元富-台南,2024-01-25,5929
1513,中興電,5,0,5,元富-台南,2024-01-25,5929
2365,昆盈,8,3,5,元富-台南,2024-01-25,5929
3308,聯德,5,0,5,元富-台南,2024-01-25,5929
3339,泰谷,5,0,5,元富-台南,2024-01-25,5929
3706,神達,9,4,5,元富-台南,2024-01-25,5929
2025,千興,128,0,128,元富-台南,2024-01-26,5929
3024,憶聲,74,6,68,元富-台南,2024-01-26,5929
00637L,元大滬深300正2,61,0,61,元富-台南,2024-01-26,5929
2303,聯電,59,4,55,元富-台南,2024-01-26,5929
4414,如興,55,0,55,元富-台南,2024-01-26,5929
00632R,元大台灣50反1,50,0,50,元富-台南,2024-01-26,5929
2511,太子,50,0,50,元富-台南,2024-01-26,5929
2344,華邦電,42,5,37,元富-台南,2024-01-26,5929
00919,群益台灣精選高息,32,1,31,元富-台南,2024-01-26,5929
00687B,國泰20年美債,29,1,28,元富-台南,2024-01-26,5929
2356,英業達,35,9,26,元富-台南,2024-01-26,5929
4162,智擎,33,10,23,元富-台南,2024-01-26,5929
5284,jpp-KY,21,0,21,元富-台南,2024-01-26,5929
1326,台化,20,0,20,元富-台南,2024-01-26,5929
00795B,中信美國公債20年,20,0,20,元富-台南,2024-01-26,5929
00673R,期元大S＆P原油反1,20,0,20,元富-台南,2024-01-26,5929
00927,群益半導體收益,20,0,20,元富-台南,2024-01-26,5929
3055,蔚華科,20,0,20,元富-台南,2024-01-26,5929
00937B,群益ESG投等債20,17,0,17,元富-台南,2024-01-26,5929
2353,宏��,17,1,16,元富-台南,2024-01-26,5929
00679B,元大美債20年,16,0,16,元富-台南,2024-01-26,5929
3231,緯創,54,39,15,元富-台南,2024-01-26,5929
2382,廣達,15,1,14,元富-台南,2024-01-26,5929
2365,昆盈,20,6,14,元富-台南,2024-01-26,5929
2891,中信金,21,8,13,元富-台南,2024-01-26,5929
00933B,國泰10Y+金融債,12,0,12,元富-台南,2024-01-26,5929
2618,長榮航,26,14,12,元富-台南,2024-01-26,5929
3035,智原,14,3,11,元富-台南,2024-01-26,5929
2324,仁寶,11,0,11,元富-台南,2024-01-26,5929
3032,偉訓,11,0,11,元富-台南,2024-01-26,5929
1316,上曜,16,6,10,元富-台南,2024-01-26,5929
3712,永崴投控,11,1,10,元富-台南,2024-01-26,5929
00929,復華台灣科技優息,21,11,10,元富-台南,2024-01-26,5929
3694,海華,18,9,9,元富-台南,2024-01-26,5929
3005,神基,19,12,7,元富-台南,2024-01-26,5929
00918,大華優利高填息30,7,0,7,元富-台南,2024-01-26,5929
2377,微星,7,0,7,元富-台南,2024-01-26,5929
4413,飛寶企業,7,0,7,元富-台南,2024-01-26,5929
2330,台積電,25,18,7,元富-台南,2024-01-26,5929
1514,亞力,6,0,6,元富-台南,2024-01-26,5929
1609,大亞,6,0,6,元富-台南,2024-01-26,5929
5351,鈺創,6,0,6,元富-台南,2024-01-26,5929
6613,朋億*,6,0,6,元富-台南,2024-01-26,5929
0056,元大高股息,6,0,6,元富-台南,2024-01-26,5929
00753L,中信中國50正2,5,0,5,元富-台南,2024-01-26,5929
00930,永豐ESG低碳高息,5,0,5,元富-台南,2024-01-26,5929
1603,華電,5,0,5,元富-台南,2024-01-26,5929
2461,光群雷,5,0,5,元富-台南,2024-01-26,5929
3162,精確,5,0,5,元富-台南,2024-01-26,5929
5490,同亨,5,0,5,元富-台南,2024-01-26,5929
2501,國建,400,1,399,元富-台南,2024-01-29,5929
2025,千興,120,8,112,元富-台南,2024-01-29,5929
00673R,期元大S＆P原油反1,41,0,41,元富-台南,2024-01-29,5929
00919,群益台灣精選高息,40,2,38,元富-台南,2024-01-29,5929
2610,華航,48,15,33,元富-台南,2024-01-29,5929
2356,英業達,35,5,30,元富-台南,2024-01-29,5929
1609,大亞,40,10,30,元富-台南,2024-01-29,5929
3481,群創,101,78,23,元富-台南,2024-01-29,5929
2409,友達,23,0,23,元富-台南,2024-01-29,5929
00752,中信中國50,20,0,20,元富-台南,2024-01-29,5929
2337,旺宏,19,0,19,元富-台南,2024-01-29,5929
2618,長榮航,47,30,17,元富-台南,2024-01-29,5929
2891,中信金,15,0,15,元富-台南,2024-01-29,5929
5864,致和證,15,0,15,元富-台南,2024-01-29,5929
3339,泰谷,11,0,11,元富-台南,2024-01-29,5929
3455,由田,11,0,11,元富-台南,2024-01-29,5929
00633L,富邦上証正2,10,0,10,元富-台南,2024-01-29,5929
00632R,元大台灣50反1,10,0,10,元富-台南,2024-01-29,5929
2812,台中銀,10,0,10,元富-台南,2024-01-29,5929
2836,高雄銀,40,30,10,元富-台南,2024-01-29,5929
9945,潤泰新,10,0,10,元富-台南,2024-01-29,5929
2605,新興,10,1,9,元富-台南,2024-01-29,5929
5383,金利,9,0,9,元富-台南,2024-01-29,5929
2303,聯電,11,3,8,元富-台南,2024-01-29,5929
3701,大眾控,8,0,8,元富-台南,2024-01-29,5929
6113,亞矽,11,3,8,元富-台南,2024-01-29,5929
0056,元大高股息,8,1,7,元富-台南,2024-01-29,5929
2017,官田鋼,7,0,7,元富-台南,2024-01-29,5929
4909,新復興,7,0,7,元富-台南,2024-01-29,5929
6550,北極星藥業-KY,7,0,7,元富-台南,2024-01-29,5929
3483,力致,6,0,6,元富-台南,2024-01-29,5929
9105,泰金寶-DR,6,0,6,元富-台南,2024-01-29,5929
8040,九暘,6,0,6,元富-台南,2024-01-29,5929
00929,復華台灣科技優息,9,3,6,元富-台南,2024-01-29,5929
8069,元太,6,1,5,元富-台南,2024-01-29,5929
2329,華泰,6,1,5,元富-台南,2024-01-29,5929
00753L,中信中國50正2,5,0,5,元富-台南,2024-01-29,5929
00857B,永豐20年美公債,5,0,5,元富-台南,2024-01-29,5929
00643,群益深証中小,5,0,5,元富-台南,2024-01-29,5929
2365,昆盈,5,0,5,元富-台南,2024-01-29,5929
2465,麗臺,5,0,5,元富-台南,2024-01-29,5929
2880,華南金,5,0,5,元富-台南,2024-01-29,5929
3048,益登,5,0,5,元富-台南,2024-01-29,5929
3066,李洲,5,0,5,元富-台南,2024-01-29,5929
8071,能率網通,5,0,5,元富-台南,2024-01-29,5929
8085,福華,10,5,5,元富-台南,2024-01-29,5929
8215,明基材,5,0,5,元富-台南,2024-01-29,5929
8110,華東,5,1,4,元富-台南,2024-01-29,5929
2330,台積電,10,6,4,元富-台南,2024-01-29,5929
3189,景碩,5,1,4,元富-台南,2024-01-29,5929
2501,國建,150,0,150,元富-台南,2024-01-30,5929
00933B,國泰10Y+金融債,126,0,126,元富-台南,2024-01-30,5929
2025,千興,103,25,78,元富-台南,2024-01-30,5929
3712,永崴投控,51,0,51,元富-台南,2024-01-30,5929
4414,如興,45,0,45,元富-台南,2024-01-30,5929
3481,群創,118,73,45,元富-台南,2024-01-30,5929
2353,宏��,52,10,42,元富-台南,2024-01-30,5929
00680L,元大美債20正2,40,0,40,元富-台南,2024-01-30,5929
00753L,中信中國50正2,40,0,40,元富-台南,2024-01-30,5929
3483,力致,60,22,38,元富-台南,2024-01-30,5929
2323,中環,30,0,30,元富-台南,2024-01-30,5929
2883,凱基金,25,0,25,元富-台南,2024-01-30,5929
2369,菱生,23,1,22,元富-台南,2024-01-30,5929
3715,定穎投控,24,2,22,元富-台南,2024-01-30,5929
4121,優盛,20,0,20,元富-台南,2024-01-30,5929
5258,虹堡,20,0,20,元富-台南,2024-01-30,5929
2344,華邦電,33,14,19,元富-台南,2024-01-30,5929
5381,合正,18,0,18,元富-台南,2024-01-30,5929
00795B,中信美國公債20年,16,0,16,元富-台南,2024-01-30,5929
2897,王道銀行,15,0,15,元富-台南,2024-01-30,5929
2382,廣達,17,6,11,元富-台南,2024-01-30,5929
00715L,期街口布蘭特正2,11,0,11,元富-台南,2024-01-30,5929
8064,東捷,12,1,11,元富-台南,2024-01-30,5929
2812,台中銀,10,0,10,元富-台南,2024-01-30,5929
00922,國泰台灣領袖50,10,0,10,元富-台南,2024-01-30,5929
00688L,國泰20年美債正2,10,0,10,元富-台南,2024-01-30,5929
00633L,富邦上証正2,10,0,10,元富-台南,2024-01-30,5929
2618,長榮航,21,11,10,元富-台南,2024-01-30,5929
2838,聯邦銀,10,0,10,元富-台南,2024-01-30,5929
2337,旺宏,8,0,8,元富-台南,2024-01-30,5929
4979,華星光,8,0,8,元富-台南,2024-01-30,5929
2610,華航,7,0,7,元富-台南,2024-01-30,5929
6113,亞矽,9,2,7,元富-台南,2024-01-30,5929
8054,安國,10,3,7,元富-台南,2024-01-30,5929
2609,陽明,6,0,6,元富-台南,2024-01-30,5929
2887,台新金,6,0,6,元富-台南,2024-01-30,5929
4908,前鼎,12,6,6,元富-台南,2024-01-30,5929
6182,合晶,6,0,6,元富-台南,2024-01-30,5929
1904,正隆,5,0,5,元富-台南,2024-01-30,5929
00850,元大臺灣ESG永續,5,0,5,元富-台南,2024-01-30,5929
00632R,元大台灣50反1,5,0,5,元富-台南,2024-01-30,5929
1722,台肥,6,1,5,元富-台南,2024-01-30,5929
2352,佳世達,5,0,5,元富-台南,2024-01-30,5929
2474,可成,5,0,5,元富-台南,2024-01-30,5929
2548,華固,5,0,5,元富-台南,2024-01-30,5929
2880,華南金,5,0,5,元富-台南,2024-01-30,5929
3048,益登,5,0,5,元富-台南,2024-01-30,5929
3455,由田,5,0,5,元富-台南,2024-01-30,5929
3711,日月光投控,5,0,5,元富-台南,2024-01-30,5929
4915,致伸,5,0,5,元富-台南,2024-01-30,5929
2610,華航,662,0,662,元富-台南,2024-01-31,5929
00680L,元大美債20正2,140,0,140,元富-台南,2024-01-31,5929
1609,大亞,106,1,105,元富-台南,2024-01-31,5929
2511,太子,100,0,100,元富-台南,2024-01-31,5929
2025,千興,50,0,50,元富-台南,2024-01-31,5929
2356,英業達,29,5,24,元富-台南,2024-01-31,5929
2323,中環,24,0,24,元富-台南,2024-01-31,5929
2382,廣達,24,1,23,元富-台南,2024-01-31,5929
00919,群益台灣精選高息,23,1,22,元富-台南,2024-01-31,5929
1503,士電,22,1,21,元富-台南,2024-01-31,5929
00687B,國泰20年美債,20,0,20,元富-台南,2024-01-31,5929
3231,緯創,31,13,18,元富-台南,2024-01-31,5929
8936,國統,25,9,16,元富-台南,2024-01-31,5929
4128,中天,12,0,12,元富-台南,2024-01-31,5929
8059,凱碩,20,8,12,元富-台南,2024-01-31,5929
2353,宏��,13,2,11,元富-台南,2024-01-31,5929
00688L,國泰20年美債正2,11,0,11,元富-台南,2024-01-31,5929
2303,聯電,11,0,11,元富-台南,2024-01-31,5929
8478,東哥遊艇,11,0,11,元富-台南,2024-01-31,5929
00927,群益半導體收益,10,0,10,元富-台南,2024-01-31,5929
00706L,期元大S＆P日圓正2,10,0,10,元富-台南,2024-01-31,5929
00923,群益台ESG低碳50,10,0,10,元富-台南,2024-01-31,5929
2838,聯邦銀,10,0,10,元富-台南,2024-01-31,5929
3360,尚立,10,1,9,元富-台南,2024-01-31,5929
2313,華通,9,1,8,元富-台南,2024-01-31,5929
5347,世界,8,1,7,元富-台南,2024-01-31,5929
00931B,統一美債20年,6,0,6,元富-台南,2024-01-31,5929
2408,南亞科,6,0,6,元富-台南,2024-01-31,5929
3189,景碩,7,1,6,元富-台南,2024-01-31,5929
5009,榮剛,6,0,6,元富-台南,2024-01-31,5929
6122,擎邦,6,0,6,元富-台南,2024-01-31,5929
8064,東捷,10,4,6,元富-台南,2024-01-31,5929
2801,彰銀,5,0,5,元富-台南,2024-01-31,5929
2609,陽明,7,2,5,元富-台南,2024-01-31,5929
00770,國泰北美科技,5,0,5,元富-台南,2024-01-31,5929
00632R,元大台灣50反1,5,0,5,元富-台南,2024-01-31,5929
00673R,期元大S＆P原油反1,5,0,5,元富-台南,2024-01-31,5929
2387,精元,5,0,5,元富-台南,2024-01-31,5929
5299,杰力,5,0,5,元富-台南,2024-01-31,5929
6213,聯茂,5,0,5,元富-台南,2024-01-31,5929
9919,康那香,6,1,5,元富-台南,2024-01-31,5929
2308,台達電,4,0,4,元富-台南,2024-01-31,5929
2376,技嘉,6,2,4,元富-台南,2024-01-31,5929
00935,野村臺灣新科技50,4,0,4,元富-台南,2024-01-31,5929
00679B,元大美債20年,4,0,4,元富-台南,2024-01-31,5929
00795B,中信美國公債20年,5,1,4,元富-台南,2024-01-31,5929
2472,立隆電,4,0,4,元富-台南,2024-01-31,5929
6113,亞矽,5,1,4,元富-台南,2024-01-31,5929
00712,復華富時不動產,3,0,3,元富-台南,2024-01-31,5929
2892,第一金,3,0,3,元富-台南,2024-01-31,5929
6125,廣運,247,0,247,元富-台南,2024-02-01,5929
00680L,元大美債20正2,250,65,185,元富-台南,2024-02-01,5929
2025,千興,107,2,105,元富-台南,2024-02-01,5929
2511,太子,100,0,100,元富-台南,2024-02-01,5929
00878,國泰永續高股息,88,5,83,元富-台南,2024-02-01,5929
5383,金利,50,6,44,元富-台南,2024-02-01,5929
2812,台中銀,46,4,42,元富-台南,2024-02-01,5929
2303,聯電,31,0,31,元富-台南,2024-02-01,5929
3024,憶聲,32,2,30,元富-台南,2024-02-01,5929
3354,律勝,27,0,27,元富-台南,2024-02-01,5929
00715L,期街口布蘭特正2,21,0,21,元富-台南,2024-02-01,5929
8936,國統,24,3,21,元富-台南,2024-02-01,5929
2313,華通,25,5,20,元富-台南,2024-02-01,5929
6143,振曜,17,1,16,元富-台南,2024-02-01,5929
2409,友達,15,0,15,元富-台南,2024-02-01,5929
00923,群益台ESG低碳50,15,0,15,元富-台南,2024-02-01,5929
1795,美時,15,1,14,元富-台南,2024-02-01,5929
2618,長榮航,13,2,11,元富-台南,2024-02-01,5929
00712,復華富時不動產,10,0,10,元富-台南,2024-02-01,5929
6465,威潤,10,0,10,元富-台南,2024-02-01,5929
00751B,元大AAA至A公司債,10,1,9,元富-台南,2024-02-01,5929
2498,宏達電,10,1,9,元富-台南,2024-02-01,5929
2449,京元電子,8,0,8,元富-台南,2024-02-01,5929
6179,亞通,10,2,8,元富-台南,2024-02-01,5929
2454,聯發科,7,0,7,元富-台南,2024-02-01,5929
2337,旺宏,7,0,7,元富-台南,2024-02-01,5929
3035,智原,8,1,7,元富-台南,2024-02-01,5929
6265,方土昶,15,8,7,元富-台南,2024-02-01,5929
9933,中鼎,7,0,7,元富-台南,2024-02-01,5929
00919,群益台灣精選高息,18,12,6,元富-台南,2024-02-01,5929
6231,系微,6,0,6,元富-台南,2024-02-01,5929
3231,緯創,8,2,6,元富-台南,2024-02-01,5929
6152,百一,9,3,6,元富-台南,2024-02-01,5929
8234,新漢,7,1,6,元富-台南,2024-02-01,5929
9958,世紀鋼,6,0,6,元富-台南,2024-02-01,5929
2356,英業達,9,4,5,元富-台南,2024-02-01,5929
2880,華南金,5,0,5,元富-台南,2024-02-01,5929
00643,群益深証中小,5,0,5,元富-台南,2024-02-01,5929
2332,友訊,5,0,5,元富-台南,2024-02-01,5929
2367,燿華,5,0,5,元富-台南,2024-02-01,5929
3372,典範,5,0,5,元富-台南,2024-02-01,5929
5521,工信,5,0,5,元富-台南,2024-02-01,5929
1216,統一,5,1,4,元富-台南,2024-02-01,5929
1540,喬福,4,0,4,元富-台南,2024-02-01,5929
2344,華邦電,16,12,4,元富-台南,2024-02-01,5929
2369,菱生,4,0,4,元富-台南,2024-02-01,5929
3022,威強電,4,0,4,元富-台南,2024-02-01,5929
3548,兆利,5,1,4,元富-台南,2024-02-01,5929
4119,旭富,4,0,4,元富-台南,2024-02-01,5929
4121,優盛,4,0,4,元富-台南,2024-02-01,5929
2025,千興,499,97,402,元富-台南,2024-02-02,5929
5009,榮剛,151,0,151,元富-台南,2024-02-02,5929
5383,金利,173,40,133,元富-台南,2024-02-02,5929
00937B,群益ESG投等債20,68,15,53,元富-台南,2024-02-02,5929
2501,國建,50,0,50,元富-台南,2024-02-02,5929
2511,太子,50,0,50,元富-台南,2024-02-02,5929
3024,憶聲,46,0,46,元富-台南,2024-02-02,5929
00712,復華富時不動產,33,0,33,元富-台南,2024-02-02,5929
1785,光洋科,31,0,31,元富-台南,2024-02-02,5929
3535,晶彩科,36,5,31,元富-台南,2024-02-02,5929
00706L,期元大S＆P日圓正2,30,0,30,元富-台南,2024-02-02,5929
3712,永崴投控,30,0,30,元富-台南,2024-02-02,5929
00715L,期街口布蘭特正2,27,0,27,元富-台南,2024-02-02,5929
3006,晶豪科,25,0,25,元富-台南,2024-02-02,5929
2369,菱生,28,3,25,元富-台南,2024-02-02,5929
00680L,元大美債20正2,41,18,23,元富-台南,2024-02-02,5929
00933B,國泰10Y+金融債,23,0,23,元富-台南,2024-02-02,5929
2603,長榮,34,12,22,元富-台南,2024-02-02,5929
2809,京城銀,20,0,20,元富-台南,2024-02-02,5929
1609,大亞,29,10,19,元富-台南,2024-02-02,5929
2330,台積電,19,2,17,元富-台南,2024-02-02,5929
00919,群益台灣精選高息,19,2,17,元富-台南,2024-02-02,5929
3058,立德,17,0,17,元富-台南,2024-02-02,5929
6016,康和證,17,0,17,元富-台南,2024-02-02,5929
6233,旺玖,26,9,17,元富-台南,2024-02-02,5929
2344,華邦電,17,0,17,元富-台南,2024-02-02,5929
1514,亞力,31,15,16,元富-台南,2024-02-02,5929
00929,復華台灣科技優息,28,12,16,元富-台南,2024-02-02,5929
3346,麗清,15,0,15,元富-台南,2024-02-02,5929
2465,麗臺,15,2,13,元富-台南,2024-02-02,5929
00878,國泰永續高股息,16,3,13,元富-台南,2024-02-02,5929
2204,中華,13,0,13,元富-台南,2024-02-02,5929
00882,中信中國高股息,12,0,12,元富-台南,2024-02-02,5929
3071,協禧,12,0,12,元富-台南,2024-02-02,5929
8111,立��,12,0,12,元富-台南,2024-02-02,5929
2329,華泰,20,9,11,元富-台南,2024-02-02,5929
4968,立積,13,2,11,元富-台南,2024-02-02,5929
2618,長榮航,11,0,11,元富-台南,2024-02-02,5929
5284,jpp-KY,11,0,11,元富-台南,2024-02-02,5929
9802,鈺齊-KY,11,0,11,元富-台南,2024-02-02,5929
2382,廣達,15,4,11,元富-台南,2024-02-02,5929
2303,聯電,26,16,10,元富-台南,2024-02-02,5929
2419,仲琦,10,0,10,元富-台南,2024-02-02,5929
2748,雲品,10,0,10,元富-台南,2024-02-02,5929
2880,華南金,10,0,10,元富-台南,2024-02-02,5929
3041,揚智,21,11,10,元富-台南,2024-02-02,5929
5512,力麒,10,0,10,元富-台南,2024-02-02,5929
3050,鈺德,10,1,9,元富-台南,2024-02-02,5929
2371,大同,10,2,8,元富-台南,2024-02-02,5929
8478,東哥遊艇,8,0,8,元富-台南,2024-02-02,5929
2025,千興,525,40,485,元富-台南,2024-02-05,5929
00688L,國泰20年美債正2,251,0,251,元富-台南,2024-02-05,5929
5009,榮剛,161,5,156,元富-台南,2024-02-05,5929
5383,金利,165,10,155,元富-台南,2024-02-05,5929
2511,太子,150,0,150,元富-台南,2024-02-05,5929
00937B,群益ESG投等債20,114,5,109,元富-台南,2024-02-05,5929
00918,大華優利高填息30,104,4,100,元富-台南,2024-02-05,5929
00712,復華富時不動產,73,6,67,元富-台南,2024-02-05,5929
2485,兆赫,51,1,50,元富-台南,2024-02-05,5929
00715L,期街口布蘭特正2,49,0,49,元富-台南,2024-02-05,5929
1301,台塑,31,0,31,元富-台南,2024-02-05,5929
4121,優盛,30,0,30,元富-台南,2024-02-05,5929
00929,復華台灣科技優息,42,12,30,元富-台南,2024-02-05,5929
00933B,國泰10Y+金融債,29,3,26,元富-台南,2024-02-05,5929
1528,恩德,36,12,24,元富-台南,2024-02-05,5929
00878,國泰永續高股息,24,1,23,元富-台南,2024-02-05,5929
2880,華南金,22,0,22,元富-台南,2024-02-05,5929
3036,文曄,26,7,19,元富-台南,2024-02-05,5929
2884,玉山金,16,0,16,元富-台南,2024-02-05,5929
2474,可成,15,0,15,元富-台南,2024-02-05,5929
2501,國建,20,5,15,元富-台南,2024-02-05,5929
1907,永豐餘,14,0,14,元富-台南,2024-02-05,5929
00857B,永豐20年美公債,14,0,14,元富-台南,2024-02-05,5929
1513,中興電,15,1,14,元富-台南,2024-02-05,5929
3483,力致,23,10,13,元富-台南,2024-02-05,5929
2419,仲琦,12,0,12,元富-台南,2024-02-05,5929
6233,旺玖,15,3,12,元富-台南,2024-02-05,5929
1609,大亞,11,0,11,元富-台南,2024-02-05,5929
2812,台中銀,10,0,10,元富-台南,2024-02-05,5929
1314,中石化,11,1,10,元富-台南,2024-02-05,5929
2356,英業達,32,23,9,元富-台南,2024-02-05,5929
00687B,國泰20年美債,10,2,8,元富-台南,2024-02-05,5929
00919,群益台灣精選高息,7,0,7,元富-台南,2024-02-05,5929
2002,中鋼,7,0,7,元富-台南,2024-02-05,5929
4157,太景*-KY,8,1,7,元富-台南,2024-02-05,5929
6531,愛普*,7,0,7,元富-台南,2024-02-05,5929
6462,神盾,7,0,7,元富-台南,2024-02-05,5929
2330,台積電,15,9,6,元富-台南,2024-02-05,5929
5880,合庫金,6,0,6,元富-台南,2024-02-05,5929
00836B,永豐10年A公司債,6,0,6,元富-台南,2024-02-05,5929
1503,士電,6,0,6,元富-台南,2024-02-05,5929
1605,華新,6,0,6,元富-台南,2024-02-05,5929
2344,華邦電,7,1,6,元富-台南,2024-02-05,5929
3037,欣興,6,0,6,元富-台南,2024-02-05,5929
3346,麗清,6,0,6,元富-台南,2024-02-05,5929
6431,光麗-KY,6,0,6,元富-台南,2024-02-05,5929
3231,緯創,37,31,6,元富-台南,2024-02-05,5929
8086,宏捷科,6,1,5,元富-台南,2024-02-05,5929
3443,創意,7,2,5,元富-台南,2024-02-05,5929
00706L,期元大S＆P日圓正2,5,0,5,元富-台南,2024-02-05,5929
2610,華航,267,10,257,元富-台南,2024-02-15,5929
5383,金利,194,34,160,元富-台南,2024-02-15,5929
00937B,群益ESG投等債20,142,0,142,元富-台南,2024-02-15,5929
00725B,國泰投資級公司債,100,0,100,元富-台南,2024-02-15,5929
00712,復華富時不動產,66,4,62,元富-台南,2024-02-15,5929
2344,華邦電,65,10,55,元富-台南,2024-02-15,5929
2511,太子,51,0,51,元富-台南,2024-02-15,5929
2356,英業達,131,86,45,元富-台南,2024-02-15,5929
3481,群創,75,31,44,元富-台南,2024-02-15,5929
00671R,富邦NASDAQ反1,40,0,40,元富-台南,2024-02-15,5929
00720B,元大投資級公司債,42,3,39,元富-台南,2024-02-15,5929
00857B,永豐20年美公債,38,0,38,元富-台南,2024-02-15,5929
2618,長榮航,52,16,36,元富-台南,2024-02-15,5929
3712,永崴投控,37,1,36,元富-台南,2024-02-15,5929
6245,立端,36,1,35,元富-台南,2024-02-15,5929
3693,營邦,31,0,31,元富-台南,2024-02-15,5929
6179,亞通,30,0,30,元富-台南,2024-02-15,5929
00679B,元大美債20年,27,0,27,元富-台南,2024-02-15,5929
00673R,期元大S＆P原油反1,26,0,26,元富-台南,2024-02-15,5929
00882,中信中國高股息,27,2,25,元富-台南,2024-02-15,5929
00633L,富邦上証正2,26,1,25,元富-台南,2024-02-15,5929
2888,新光金,23,0,23,元富-台南,2024-02-15,5929
00688L,國泰20年美債正2,23,0,23,元富-台南,2024-02-15,5929
00919,群益台灣精選高息,24,2,22,元富-台南,2024-02-15,5929
00687B,國泰20年美債,21,0,21,元富-台南,2024-02-15,5929
5225,東科-KY,20,0,20,元富-台南,2024-02-15,5929
2409,友達,20,0,20,元富-台南,2024-02-15,5929
00931B,統一美債20年,18,0,18,元富-台南,2024-02-15,5929
1514,亞力,23,7,16,元富-台南,2024-02-15,5929
5457,宣德,16,1,15,元富-台南,2024-02-15,5929
00632R,元大台灣50反1,13,0,13,元富-台南,2024-02-15,5929
9933,中鼎,13,0,13,元富-台南,2024-02-15,5929
4714,永捷,24,12,12,元富-台南,2024-02-15,5929
9939,宏全,12,0,12,元富-台南,2024-02-15,5929
3064,泰偉,11,0,11,元富-台南,2024-02-15,5929
3607,谷崧,11,0,11,元富-台南,2024-02-15,5929
00878,國泰永續高股息,24,13,11,元富-台南,2024-02-15,5929
00795B,中信美國公債20年,10,0,10,元富-台南,2024-02-15,5929
00896,中信綠能及電動車,10,0,10,元富-台南,2024-02-15,5929
3706,神達,14,4,10,元富-台南,2024-02-15,5929
00676R,富邦臺灣加權反1,10,0,10,元富-台南,2024-02-15,5929
2809,京城銀,10,0,10,元富-台南,2024-02-15,5929
2834,臺企銀,10,0,10,元富-台南,2024-02-15,5929
3522,御嵿,10,0,10,元富-台南,2024-02-15,5929
5328,華容,10,0,10,元富-台南,2024-02-15,5929
2408,南亞科,10,0,10,元富-台南,2024-02-15,5929
1513,中興電,11,2,9,元富-台南,2024-02-15,5929
00722B,群益投資級電信債,9,0,9,元富-台南,2024-02-15,5929
2515,中工,21,12,9,元富-台南,2024-02-15,5929
3163,波若威,10,1,9,元富-台南,2024-02-15,5929
2888,新光金,163,8,155,元富-台南,2024-02-16,5929
2511,太子,150,0,150,元富-台南,2024-02-16,5929
00673R,期元大S＆P原油反1,116,0,116,元富-台南,2024-02-16,5929
00680L,元大美債20正2,107,0,107,元富-台南,2024-02-16,5929
00795B,中信美國公債20年,98,0,98,元富-台南,2024-02-16,5929
9945,潤泰新,70,0,70,元富-台南,2024-02-16,5929
8070,長華*,70,1,69,元富-台南,2024-02-16,5929
00937B,群益ESG投等債20,65,0,65,元富-台南,2024-02-16,5929
3483,力致,61,14,47,元富-台南,2024-02-16,5929
00857B,永豐20年美公債,47,0,47,元富-台南,2024-02-16,5929
5383,金利,81,37,44,元富-台南,2024-02-16,5929
6415,矽力*-KY,42,0,42,元富-台南,2024-02-16,5929
00688L,國泰20年美債正2,40,0,40,元富-台南,2024-02-16,5929
00720B,元大投資級公司債,48,10,38,元富-台南,2024-02-16,5929
2356,英業達,57,20,37,元富-台南,2024-02-16,5929
2371,大同,36,0,36,元富-台南,2024-02-16,5929
1101,台泥,34,0,34,元富-台南,2024-02-16,5929
2353,宏��,496,468,28,元富-台南,2024-02-16,5929
2382,廣達,32,6,26,元富-台南,2024-02-16,5929
2365,昆盈,137,111,26,元富-台南,2024-02-16,5929
00919,群益台灣精選高息,27,4,23,元富-台南,2024-02-16,5929
00687B,國泰20年美債,22,0,22,元富-台南,2024-02-16,5929
00878,國泰永續高股息,29,7,22,元富-台南,2024-02-16,5929
5347,世界,22,1,21,元富-台南,2024-02-16,5929
6246,臺龍,20,0,20,元富-台南,2024-02-16,5929
8996,高力,22,4,18,元富-台南,2024-02-16,5929
3712,永崴投控,19,2,17,元富-台南,2024-02-16,5929
00933B,國泰10Y+金融債,16,0,16,元富-台南,2024-02-16,5929
2409,友達,16,0,16,元富-台南,2024-02-16,5929
00931B,統一美債20年,15,0,15,元富-台南,2024-02-16,5929
1503,士電,24,9,15,元富-台南,2024-02-16,5929
5512,力麒,25,10,15,元富-台南,2024-02-16,5929
3178,公準,16,1,15,元富-台南,2024-02-16,5929
2330,台積電,21,7,14,元富-台南,2024-02-16,5929
00679B,元大美債20年,13,0,13,元富-台南,2024-02-16,5929
00891,中信關鍵半導體,12,0,12,元富-台南,2024-02-16,5929
5351,鈺創,13,2,11,元富-台南,2024-02-16,5929
2408,南亞科,12,1,11,元富-台南,2024-02-16,5929
6182,合晶,10,0,10,元富-台南,2024-02-16,5929
00706L,期元大S＆P日圓正2,10,0,10,元富-台南,2024-02-16,5929
2025,千興,10,0,10,元富-台南,2024-02-16,5929
2423,固緯,10,0,10,元富-台南,2024-02-16,5929
3321,同泰,10,0,10,元富-台南,2024-02-16,5929
3522,御嵿,20,10,10,元富-台南,2024-02-16,5929
1609,大亞,35,26,9,元富-台南,2024-02-16,5929
00882,中信中國高股息,16,8,8,元富-台南,2024-02-16,5929
4413,飛寶企業,8,0,8,元富-台南,2024-02-16,5929
8271,宇瞻,7,0,7,元富-台南,2024-02-16,5929
2515,中工,7,0,7,元富-台南,2024-02-16,5929
3032,偉訓,8,1,7,元富-台南,2024-02-16,5929
2353,宏��,194,33,161,元富-台南,2024-02-19,5929
00687B,國泰20年美債,84,0,84,元富-台南,2024-02-19,5929
00878,國泰永續高股息,77,3,74,元富-台南,2024-02-19,5929
1785,光洋科,62,0,62,元富-台南,2024-02-19,5929
00712,復華富時不動產,59,0,59,元富-台南,2024-02-19,5929
2365,昆盈,76,20,56,元富-台南,2024-02-19,5929
2883,凱基金,54,0,54,元富-台南,2024-02-19,5929
00937B,群益ESG投等債20,59,10,49,元富-台南,2024-02-19,5929
5383,金利,52,6,46,元富-台南,2024-02-19,5929
00933B,國泰10Y+金融債,46,0,46,元富-台南,2024-02-19,5929
2369,菱生,80,46,34,元富-台南,2024-02-19,5929
1513,中興電,49,18,31,元富-台南,2024-02-19,5929
2618,長榮航,28,0,28,元富-台南,2024-02-19,5929
00919,群益台灣精選高息,27,0,27,元富-台南,2024-02-19,5929
1609,大亞,40,16,24,元富-台南,2024-02-19,5929
3483,力致,25,2,23,元富-台南,2024-02-19,5929
2481,強茂,20,0,20,元富-台南,2024-02-19,5929
3321,同泰,20,0,20,元富-台南,2024-02-19,5929
8096,擎亞,20,1,19,元富-台南,2024-02-19,5929
3558,神準,20,1,19,元富-台南,2024-02-19,5929
8110,華東,42,26,16,元富-台南,2024-02-19,5929
2329,華泰,49,33,16,元富-台南,2024-02-19,5929
2489,瑞軒,14,0,14,元富-台南,2024-02-19,5929
2501,國建,15,2,13,元富-台南,2024-02-19,5929
2906,高林,15,4,11,元富-台南,2024-02-19,5929
3693,營邦,9,0,9,元富-台南,2024-02-19,5929
2330,台積電,10,0,10,元富-台南,2024-02-19,5929
2449,京元電子,10,1,9,元富-台南,2024-02-19,5929
3189,景碩,9,0,9,元富-台南,2024-02-19,5929
2356,英業達,41,32,9,元富-台南,2024-02-19,5929
00679B,元大美債20年,8,0,8,元富-台南,2024-02-19,5929
3260,威剛,9,1,8,元富-台南,2024-02-19,5929
2382,廣達,13,5,8,元富-台南,2024-02-19,5929
00752,中信中國50,8,0,8,元富-台南,2024-02-19,5929
3402,漢科,11,3,8,元富-台南,2024-02-19,5929
2428,興勤,7,0,7,元富-台南,2024-02-19,5929
2882,國泰金,10,3,7,元富-台南,2024-02-19,5929
2303,聯電,8,1,7,元富-台南,2024-02-19,5929
2355,敬鵬,15,8,7,元富-台南,2024-02-19,5929
5426,振發,13,6,7,元富-台南,2024-02-19,5929
6472,保瑞,8,1,7,元富-台南,2024-02-19,5929
00929,復華台灣科技優息,28,22,6,元富-台南,2024-02-19,5929
2886,兆豐金,7,1,6,元富-台南,2024-02-19,5929
9904,寶成,6,0,6,元富-台南,2024-02-19,5929
2317,鴻海,7,1,6,元富-台南,2024-02-19,5929
2515,中工,40,34,6,元富-台南,2024-02-19,5929
00680L,元大美債20正2,6,0,6,元富-台南,2024-02-19,5929
00720B,元大投資級公司債,6,0,6,元富-台南,2024-02-19,5929
1336,台翰,6,0,6,元富-台南,2024-02-19,5929
2465,麗臺,6,0,6,元富-台南,2024-02-19,5929
8110,華東,176,56,120,元富-台南,2024-02-20,5929
8435,鉅邁,99,0,99,元富-台南,2024-02-20,5929
8426,紅木-KY,73,0,73,元富-台南,2024-02-20,5929
00937B,群益ESG投等債20,68,6,62,元富-台南,2024-02-20,5929
00712,復華富時不動產,51,0,51,元富-台南,2024-02-20,5929
5383,金利,57,9,48,元富-台南,2024-02-20,5929
2618,長榮航,43,11,32,元富-台南,2024-02-20,5929
00680L,元大美債20正2,31,0,31,元富-台南,2024-02-20,5929
1717,長興,30,1,29,元富-台南,2024-02-20,5929
2371,大同,28,0,28,元富-台南,2024-02-20,5929
2489,瑞軒,35,9,26,元富-台南,2024-02-20,5929
2601,益航,20,0,20,元富-台南,2024-02-20,5929
6415,矽力*-KY,20,0,20,元富-台南,2024-02-20,5929
00687B,國泰20年美債,19,0,19,元富-台南,2024-02-20,5929
2845,遠東銀,20,1,19,元富-台南,2024-02-20,5929
3706,神達,18,0,18,元富-台南,2024-02-20,5929
6667,信紘科,17,0,17,元富-台南,2024-02-20,5929
00931B,統一美債20年,16,0,16,元富-台南,2024-02-20,5929
3032,偉訓,16,1,15,元富-台南,2024-02-20,5929
8111,立��,15,0,15,元富-台南,2024-02-20,5929
00688L,國泰20年美債正2,20,6,14,元富-台南,2024-02-20,5929
1513,中興電,45,32,13,元富-台南,2024-02-20,5929
00724B,群益投資級金融債,13,0,13,元富-台南,2024-02-20,5929
1784,訊聯,11,0,11,元富-台南,2024-02-20,5929
2401,凌陽,11,0,11,元富-台南,2024-02-20,5929
4960,誠美材,11,0,11,元富-台南,2024-02-20,5929
2492,華新科,11,1,10,元富-台南,2024-02-20,5929
3558,神準,10,0,10,元富-台南,2024-02-20,5929
00673R,期元大S＆P原油反1,10,0,10,元富-台南,2024-02-20,5929
00665L,富邦�琤肭磪囓�2,10,0,10,元富-台南,2024-02-20,5929
00882,中信中國高股息,21,11,10,元富-台南,2024-02-20,5929
5324,士開,10,0,10,元富-台南,2024-02-20,5929
00919,群益台灣精選高息,22,12,10,元富-台南,2024-02-20,5929
2906,高林,9,0,9,元富-台南,2024-02-20,5929
2330,台積電,10,1,9,元富-台南,2024-02-20,5929
1618,合機,10,2,8,元富-台南,2024-02-20,5929
2362,藍天,8,0,8,元富-台南,2024-02-20,5929
2465,麗臺,11,3,8,元富-台南,2024-02-20,5929
2867,三商壽,8,0,8,元富-台南,2024-02-20,5929
3024,憶聲,11,3,8,元富-台南,2024-02-20,5929
5202,力新,8,0,8,元富-台南,2024-02-20,5929
6126,信音,10,2,8,元富-台南,2024-02-20,5929
2344,華邦電,26,18,8,元富-台南,2024-02-20,5929
3231,緯創,26,19,7,元富-台南,2024-02-20,5929
3035,智原,14,7,7,元富-台南,2024-02-20,5929
2312,金寶,7,0,7,元富-台南,2024-02-20,5929
8936,國統,10,3,7,元富-台南,2024-02-20,5929
00795B,中信美國公債20年,6,0,6,元富-台南,2024-02-20,5929
1909,榮成,12,6,6,元富-台南,2024-02-20,5929
2374,佳能,6,0,6,元富-台南,2024-02-20,5929
2511,太子,180,0,180,元富-台南,2024-02-21,5929
00878,國泰永續高股息,128,30,98,元富-台南,2024-02-21,5929
1529,樂事綠能,70,0,70,元富-台南,2024-02-21,5929
2323,中環,70,0,70,元富-台南,2024-02-21,5929
1513,中興電,68,28,40,元富-台南,2024-02-21,5929
2401,凌陽,40,1,39,元富-台南,2024-02-21,5929
2369,菱生,33,0,33,元富-台南,2024-02-21,5929
00937B,群益ESG投等債20,34,3,31,元富-台南,2024-02-21,5929
2303,聯電,26,6,20,元富-台南,2024-02-21,5929
3313,斐成,18,0,18,元富-台南,2024-02-21,5929
5383,金利,19,1,18,元富-台南,2024-02-21,5929
3231,緯創,20,5,15,元富-台南,2024-02-21,5929
1506,正道,15,0,15,元富-台南,2024-02-21,5929
3058,立德,16,1,15,元富-台南,2024-02-21,5929
00687B,國泰20年美債,14,0,14,元富-台南,2024-02-21,5929
2492,華新科,15,1,14,元富-台南,2024-02-21,5929
2489,瑞軒,17,4,13,元富-台南,2024-02-21,5929
1314,中石化,13,0,13,元富-台南,2024-02-21,5929
2353,宏��,12,0,12,元富-台南,2024-02-21,5929
3035,智原,26,14,12,元富-台南,2024-02-21,5929
2609,陽明,18,6,12,元富-台南,2024-02-21,5929
3481,群創,22,11,11,元富-台南,2024-02-21,5929
00857B,永豐20年美公債,10,0,10,元富-台南,2024-02-21,5929
00636,國泰中國A50,10,0,10,元富-台南,2024-02-21,5929
2486,一詮,10,0,10,元富-台南,2024-02-21,5929
5483,中美晶,10,0,10,元富-台南,2024-02-21,5929
6116,彩晶,10,0,10,元富-台南,2024-02-21,5929
8426,紅木-KY,10,0,10,元富-台南,2024-02-21,5929
2887,台新金,10,1,9,元富-台南,2024-02-21,5929
6282,康舒,14,5,9,元富-台南,2024-02-21,5929
2317,鴻海,10,1,9,元富-台南,2024-02-21,5929
3024,憶聲,12,3,9,元富-台南,2024-02-21,5929
3038,全台,9,0,9,元富-台南,2024-02-21,5929
5426,振發,13,4,9,元富-台南,2024-02-21,5929
3363,上詮,10,2,8,元富-台南,2024-02-21,5929
2382,廣達,9,2,7,元富-台南,2024-02-21,5929
00933B,國泰10Y+金融債,9,2,7,元富-台南,2024-02-21,5929
1336,台翰,7,0,7,元富-台南,2024-02-21,5929
6443,元晶,7,0,7,元富-台南,2024-02-21,5929
8936,國統,9,2,7,元富-台南,2024-02-21,5929
00712,復華富時不動產,7,0,7,元富-台南,2024-02-21,5929
2880,華南金,9,3,6,元富-台南,2024-02-21,5929
3581,博磊,6,0,6,元富-台南,2024-02-21,5929
4968,立積,7,1,6,元富-台南,2024-02-21,5929
2882,國泰金,5,0,5,元富-台南,2024-02-21,5929
2376,技嘉,13,8,5,元富-台南,2024-02-21,5929
00679B,元大美債20年,5,0,5,元富-台南,2024-02-21,5929
00633L,富邦上証正2,5,0,5,元富-台南,2024-02-21,5929
1305,華夏,5,0,5,元富-台南,2024-02-21,5929
2888,新光金,5,0,5,元富-台南,2024-02-21,5929
5383,金利,138,11,127,元富-台南,2024-02-22,5929
00753L,中信中國50正2,100,0,100,元富-台南,2024-02-22,5929
2511,太子,100,0,100,元富-台南,2024-02-22,5929
9904,寶成,100,0,100,元富-台南,2024-02-22,5929
00712,復華富時不動產,91,0,91,元富-台南,2024-02-22,5929
2354,鴻準,65,0,65,元富-台南,2024-02-22,5929
3231,緯創,64,6,58,元富-台南,2024-02-22,5929
2356,英業達,63,11,52,元富-台南,2024-02-22,5929
9919,康那香,52,0,52,元富-台南,2024-02-22,5929
00655L,國泰中國A50正2,41,0,41,元富-台南,2024-02-22,5929
1513,中興電,46,12,34,元富-台南,2024-02-22,5929
1529,樂事綠能,30,0,30,元富-台南,2024-02-22,5929
8040,九暘,30,0,30,元富-台南,2024-02-22,5929
2317,鴻海,32,2,30,元富-台南,2024-02-22,5929
00857B,永豐20年美公債,28,0,28,元富-台南,2024-02-22,5929
3234,光環,30,5,25,元富-台南,2024-02-22,5929
2809,京城銀,24,0,24,元富-台南,2024-02-22,5929
00937B,群益ESG投等債20,57,34,23,元富-台南,2024-02-22,5929
00688L,國泰20年美債正2,23,0,23,元富-台南,2024-02-22,5929
1416,廣豐,20,0,20,元富-台南,2024-02-22,5929
2450,神腦,20,0,20,元富-台南,2024-02-22,5929
2641,正德,20,0,20,元富-台南,2024-02-22,5929
5498,凱崴,17,0,17,元富-台南,2024-02-22,5929
2618,長榮航,17,1,16,元富-台南,2024-02-22,5929
9105,泰金寶-DR,15,0,15,元富-台南,2024-02-22,5929
3035,智原,34,19,15,元富-台南,2024-02-22,5929
00679B,元大美債20年,13,0,13,元富-台南,2024-02-22,5929
3032,偉訓,13,0,13,元富-台南,2024-02-22,5929
2376,技嘉,19,7,12,元富-台南,2024-02-22,5929
2312,金寶,13,1,12,元富-台南,2024-02-22,5929
6668,中揚光,15,3,12,元富-台南,2024-02-22,5929
2329,華泰,26,14,12,元富-台南,2024-02-22,5929
5381,合正,17,6,11,元富-台南,2024-02-22,5929
6202,盛群,11,0,11,元富-台南,2024-02-22,5929
00687B,國泰20年美債,10,0,10,元富-台南,2024-02-22,5929
1316,上曜,11,1,10,元富-台南,2024-02-22,5929
2324,仁寶,12,2,10,元富-台南,2024-02-22,5929
2887,台新金,10,0,10,元富-台南,2024-02-22,5929
2887F,台新戊特二,10,0,10,元富-台南,2024-02-22,5929
2888,新光金,10,0,10,元富-台南,2024-02-22,5929
4114,健喬,10,0,10,元富-台南,2024-02-22,5929
4951,精拓科,10,0,10,元富-台南,2024-02-22,5929
8930,青鋼,10,0,10,元富-台南,2024-02-22,5929
3013,晟銘電,21,11,10,元富-台南,2024-02-22,5929
1609,大亞,18,8,10,元富-台南,2024-02-22,5929
2002,中鋼,9,0,9,元富-台南,2024-02-22,5929
3374,精材,9,0,9,元富-台南,2024-02-22,5929
00933B,國泰10Y+金融債,10,2,8,元富-台南,2024-02-22,5929
2353,宏��,15,7,8,元富-台南,2024-02-22,5929
6530,創威,8,0,8,元富-台南,2024-02-22,5929
00893,國泰智能電動車,270,18,252,元富-台南,2024-02-23,5929
2303,聯電,185,8,177,元富-台南,2024-02-23,5929
2474,可成,175,0,175,元富-台南,2024-02-23,5929
5383,金利,133,9,124,元富-台南,2024-02-23,5929
00757,統一FANG+,100,0,100,元富-台南,2024-02-23,5929
2511,太子,100,0,100,元富-台南,2024-02-23,5929
2618,長榮航,62,12,50,元富-台南,2024-02-23,5929
2356,英業達,75,27,48,元富-台南,2024-02-23,5929
00919,群益台灣精選高息,45,2,43,元富-台南,2024-02-23,5929
2906,高林,43,0,43,元富-台南,2024-02-23,5929
6282,康舒,42,0,42,元富-台南,2024-02-23,5929
5009,榮剛,50,11,39,元富-台南,2024-02-23,5929
00633L,富邦上証正2,30,0,30,元富-台南,2024-02-23,5929
2313,華通,150,121,29,元富-台南,2024-02-23,5929
00679B,元大美債20年,27,0,27,元富-台南,2024-02-23,5929
8040,九暘,31,4,27,元富-台南,2024-02-23,5929
00937B,群益ESG投等債20,23,0,23,元富-台南,2024-02-23,5929
6113,亞矽,23,0,23,元富-台南,2024-02-23,5929
00891,中信關鍵半導體,21,0,21,元富-台南,2024-02-23,5929
1524,耿鼎,22,1,21,元富-台南,2024-02-23,5929
00687B,國泰20年美債,20,0,20,元富-台南,2024-02-23,5929
3543,州巧,19,0,19,元富-台南,2024-02-23,5929
8222,寶一,16,0,16,元富-台南,2024-02-23,5929
00896,中信綠能及電動車,15,0,15,元富-台南,2024-02-23,5929
3041,揚智,23,8,15,元富-台南,2024-02-23,5929
5531,鄉林,15,0,15,元富-台南,2024-02-23,5929
00933B,國泰10Y+金融債,14,0,14,元富-台南,2024-02-23,5929
2353,宏��,14,1,13,元富-台南,2024-02-23,5929
6147,頎邦,20,7,13,元富-台南,2024-02-23,5929
2867,三商壽,12,0,12,元富-台南,2024-02-23,5929
00751B,元大AAA至A公司債,11,0,11,元富-台南,2024-02-23,5929
1605,華新,12,1,11,元富-台南,2024-02-23,5929
00671R,富邦NASDAQ反1,10,0,10,元富-台南,2024-02-23,5929
1444,力麗,10,0,10,元富-台南,2024-02-23,5929
2115,六暉-KY,10,0,10,元富-台南,2024-02-23,5929
3520,華盈,16,6,10,元富-台南,2024-02-23,5929
3581,博磊,10,0,10,元富-台南,2024-02-23,5929
3705,永信,10,0,10,元富-台南,2024-02-23,5929
4906,正文,10,0,10,元富-台南,2024-02-23,5929
6115,鎰勝,10,0,10,元富-台南,2024-02-23,5929
6799,來頡,10,0,10,元富-台南,2024-02-23,5929
3712,永崴投控,11,2,9,元富-台南,2024-02-23,5929
6257,矽格,15,6,9,元富-台南,2024-02-23,5929
2323,中環,10,1,9,元富-台南,2024-02-23,5929
8271,宇瞻,10,1,9,元富-台南,2024-02-23,5929
3360,尚立,9,1,8,元富-台南,2024-02-23,5929
3025,星通,14,6,8,元富-台南,2024-02-23,5929
3706,神達,15,7,8,元富-台南,2024-02-23,5929
2421,建準,8,0,8,元富-台南,2024-02-23,5929
3032,偉訓,32,25,7,元富-台南,2024-02-23,5929
5383,金利,302,6,296,元富-台南,2024-02-26,5929
00680L,元大美債20正2,210,1,209,元富-台南,2024-02-26,5929
5009,榮剛,101,0,101,元富-台南,2024-02-26,5929
2474,可成,100,0,100,元富-台南,2024-02-26,5929
00878,國泰永續高股息,91,23,68,元富-台南,2024-02-26,5929
00937B,群益ESG投等債20,60,0,60,元富-台南,2024-02-26,5929
2511,太子,50,0,50,元富-台南,2024-02-26,5929
2618,長榮航,65,17,48,元富-台南,2024-02-26,5929
2365,昆盈,26,0,26,元富-台南,2024-02-26,5929
3712,永崴投控,33,7,26,元富-台南,2024-02-26,5929
3708,上緯投控,42,22,20,元富-台南,2024-02-26,5929
2489,瑞軒,19,0,19,元富-台南,2024-02-26,5929
1809,中釉,21,4,17,元富-台南,2024-02-26,5929
2313,華通,21,5,16,元富-台南,2024-02-26,5929
3481,群創,15,0,15,元富-台南,2024-02-26,5929
6461,益得,15,0,15,元富-台南,2024-02-26,5929
2892,第一金,15,1,14,元富-台南,2024-02-26,5929
2609,陽明,15,2,13,元富-台南,2024-02-26,5929
3052,夆典,13,0,13,元富-台南,2024-02-26,5929
3707,漢磊,16,4,12,元富-台南,2024-02-26,5929
6163,華電網,20,8,12,元富-台南,2024-02-26,5929
1710,東聯,11,0,11,元富-台南,2024-02-26,5929
1784,訊聯,10,0,10,元富-台南,2024-02-26,5929
2358,廷鑫,10,0,10,元富-台南,2024-02-26,5929
2431,聯昌,10,0,10,元富-台南,2024-02-26,5929
2887F,台新戊特二,10,0,10,元富-台南,2024-02-26,5929
3689,湧德,14,4,10,元富-台南,2024-02-26,5929
4513,福裕,10,0,10,元富-台南,2024-02-26,5929
4960,誠美材,10,0,10,元富-台南,2024-02-26,5929
8171,天宇,10,0,10,元富-台南,2024-02-26,5929
9105,泰金寶-DR,10,0,10,元富-台南,2024-02-26,5929
2345,智邦,9,0,9,元富-台南,2024-02-26,5929
4542,科嶠,9,0,9,元富-台南,2024-02-26,5929
4714,永捷,10,1,9,元富-台南,2024-02-26,5929
3360,尚立,10,1,9,元富-台南,2024-02-26,5929
5452,佶優,10,1,9,元富-台南,2024-02-26,5929
2303,聯電,14,6,8,元富-台南,2024-02-26,5929
00857B,永豐20年美公債,10,2,8,元富-台南,2024-02-26,5929
1314,中石化,8,0,8,元富-台南,2024-02-26,5929
4953,緯軟,8,0,8,元富-台南,2024-02-26,5929
5469,瀚宇博,8,0,8,元富-台南,2024-02-26,5929
6462,神盾,12,4,8,元富-台南,2024-02-26,5929
2385,群光,8,0,8,元富-台南,2024-02-26,5929
6712,長聖,8,0,8,元富-台南,2024-02-26,5929
2376,技嘉,13,5,8,元富-台南,2024-02-26,5929
2329,華泰,28,21,7,元富-台南,2024-02-26,5929
1609,大亞,34,28,6,元富-台南,2024-02-26,5929
00905,FT臺灣Smart,6,0,6,元富-台南,2024-02-26,5929
1503,士電,39,33,6,元富-台南,2024-02-26,5929
2617,台航,6,0,6,元富-台南,2024-02-26,5929
2474,可成,155,0,155,元富-台南,2024-02-27,5929
5351,鈺創,152,1,151,元富-台南,2024-02-27,5929
2511,太子,150,0,150,元富-台南,2024-02-27,5929
00753L,中信中國50正2,100,0,100,元富-台南,2024-02-27,5929
00878,國泰永續高股息,87,10,77,元富-台南,2024-02-27,5929
00680L,元大美債20正2,65,0,65,元富-台南,2024-02-27,5929
1609,大亞,63,1,62,元富-台南,2024-02-27,5929
00937B,群益ESG投等債20,57,0,57,元富-台南,2024-02-27,5929
2618,長榮航,52,10,42,元富-台南,2024-02-27,5929
2329,華泰,64,22,42,元富-台南,2024-02-27,5929
00919,群益台灣精選高息,94,54,40,元富-台南,2024-02-27,5929
4121,優盛,34,0,34,元富-台南,2024-02-27,5929
3312,弘憶股,33,1,32,元富-台南,2024-02-27,5929
2330,台積電,29,4,25,元富-台南,2024-02-27,5929
00673R,期元大S＆P原油反1,20,0,20,元富-台南,2024-02-27,5929
1444,力麗,20,0,20,元富-台南,2024-02-27,5929
2332,友訊,21,1,20,元富-台南,2024-02-27,5929
4513,福裕,30,10,20,元富-台南,2024-02-27,5929
1514,亞力,35,16,19,元富-台南,2024-02-27,5929
2358,廷鑫,18,0,18,元富-台南,2024-02-27,5929
1524,耿鼎,30,14,16,元富-台南,2024-02-27,5929
5531,鄉林,15,0,15,元富-台南,2024-02-27,5929
5383,金利,47,33,14,元富-台南,2024-02-27,5929
3037,欣興,20,7,13,元富-台南,2024-02-27,5929
6257,矽格,14,1,13,元富-台南,2024-02-27,5929
9105,泰金寶-DR,14,1,13,元富-台南,2024-02-27,5929
3706,神達,14,2,12,元富-台南,2024-02-27,5929
6143,振曜,13,1,12,元富-台南,2024-02-27,5929
2481,強茂,12,0,12,元富-台南,2024-02-27,5929
2027,大成鋼,11,0,11,元富-台南,2024-02-27,5929
3231,緯創,20,9,11,元富-台南,2024-02-27,5929
1815,富喬,11,0,11,元富-台南,2024-02-27,5929
1303,南亞,10,0,10,元富-台南,2024-02-27,5929
00687B,國泰20年美債,10,0,10,元富-台南,2024-02-27,5929
00930,永豐ESG低碳高息,10,0,10,元富-台南,2024-02-27,5929
00633L,富邦上証正2,10,0,10,元富-台南,2024-02-27,5929
1529,樂事綠能,11,1,10,元富-台南,2024-02-27,5929
2387,精元,10,0,10,元富-台南,2024-02-27,5929
2637,慧洋-KY,10,0,10,元富-台南,2024-02-27,5929
3032,偉訓,17,7,10,元富-台南,2024-02-27,5929
3543,州巧,10,0,10,元富-台南,2024-02-27,5929
5432,新門,10,0,10,元富-台南,2024-02-27,5929
6196,帆宣,15,5,10,元富-台南,2024-02-27,5929
6829,千附精密,10,0,10,元富-台南,2024-02-27,5929
6667,信紘科,10,0,10,元富-台南,2024-02-27,5929
2428,興勤,9,0,9,元富-台南,2024-02-27,5929
2382,廣達,13,4,9,元富-台南,2024-02-27,5929
1717,長興,11,2,9,元富-台南,2024-02-27,5929
2012,春雨,8,0,8,元富-台南,2024-02-27,5929
8222,寶一,8,0,8,元富-台南,2024-02-27,5929
2511,太子,550,0,550,元富-台南,2024-02-29,5929
2474,可成,125,0,125,元富-台南,2024-02-29,5929
00929,復華台灣科技優息,91,7,84,元富-台南,2024-02-29,5929
00680L,元大美債20正2,79,0,79,元富-台南,2024-02-29,5929
3483,力致,76,7,69,元富-台南,2024-02-29,5929
2352,佳世達,61,0,61,元富-台南,2024-02-29,5929
3231,緯創,64,8,56,元富-台南,2024-02-29,5929
00919,群益台灣精選高息,53,2,51,元富-台南,2024-02-29,5929
3211,順達,52,1,51,元富-台南,2024-02-29,5929
1444,力麗,50,0,50,元富-台南,2024-02-29,5929
2405,輔信,54,7,47,元富-台南,2024-02-29,5929
00687B,國泰20年美債,41,0,41,元富-台南,2024-02-29,5929
5383,金利,104,65,39,元富-台南,2024-02-29,5929
8040,九暘,30,0,30,元富-台南,2024-02-29,5929
3588,通嘉,31,6,25,元富-台南,2024-02-29,5929
2002,中鋼,25,1,24,元富-台南,2024-02-29,5929
4121,優盛,22,0,22,元富-台南,2024-02-29,5929
00878,國泰永續高股息,22,1,21,元富-台南,2024-02-29,5929
3712,永崴投控,23,2,21,元富-台南,2024-02-29,5929
2618,長榮航,20,0,20,元富-台南,2024-02-29,5929
2465,麗臺,20,1,19,元富-台南,2024-02-29,5929
8110,華東,38,20,18,元富-台南,2024-02-29,5929
6016,康和證,17,0,17,元富-台南,2024-02-29,5929
2353,宏��,15,1,14,元富-台南,2024-02-29,5929
00937B,群益ESG投等債20,17,4,13,元富-台南,2024-02-29,5929
2457,飛宏,13,1,12,元富-台南,2024-02-29,5929
3711,日月光投控,11,1,10,元富-台南,2024-02-29,5929
2324,仁寶,10,0,10,元富-台南,2024-02-29,5929
3390,旭軟,16,6,10,元富-台南,2024-02-29,5929
4534,慶騰,10,0,10,元富-台南,2024-02-29,5929
9105,泰金寶-DR,14,4,10,元富-台南,2024-02-29,5929
1342,八貫,10,1,9,元富-台南,2024-02-29,5929
2543,皇昌,9,0,9,元富-台南,2024-02-29,5929
3083,網龍,9,0,9,元富-台南,2024-02-29,5929
9927,泰銘,9,0,9,元富-台南,2024-02-29,5929
2603,長榮,16,8,8,元富-台南,2024-02-29,5929
1784,訊聯,8,0,8,元富-台南,2024-02-29,5929
2358,廷鑫,8,0,8,元富-台南,2024-02-29,5929
4904,遠傳,8,0,8,元富-台南,2024-02-29,5929
2330,台積電,7,0,7,元富-台南,2024-02-29,5929
2492,華新科,8,1,7,元富-台南,2024-02-29,5929
2606,裕民,11,4,7,元富-台南,2024-02-29,5929
3376,新日興,7,0,7,元富-台南,2024-02-29,5929
4968,立積,7,0,7,元富-台南,2024-02-29,5929
8011,台通,7,0,7,元富-台南,2024-02-29,5929
00918,大華優利高填息30,6,0,6,元富-台南,2024-02-29,5929
00712,復華富時不動產,6,0,6,元富-台南,2024-02-29,5929
1785,光洋科,6,0,6,元富-台南,2024-02-29,5929
2303,聯電,7,1,6,元富-台南,2024-02-29,5929
8027,鈦昇,6,0,6,元富-台南,2024-02-29,5929
00919,群益台灣精選高息,417,1,416,元富-台南,2024-03-01,5929
00937B,群益ESG投等債20,123,0,123,元富-台南,2024-03-01,5929
2474,可成,113,0,113,元富-台南,2024-03-01,5929
00680L,元大美債20正2,147,70,77,元富-台南,2024-03-01,5929
5383,金利,122,61,61,元富-台南,2024-03-01,5929
8996,高力,39,0,39,元富-台南,2024-03-01,5929
6245,立端,46,11,35,元富-台南,2024-03-01,5929
8426,紅木-KY,35,0,35,元富-台南,2024-03-01,5929
2313,華通,26,0,26,元富-台南,2024-03-01,5929
9105,泰金寶-DR,26,0,26,元富-台南,2024-03-01,5929
2511,太子,25,0,25,元富-台南,2024-03-01,5929
1727,中華化,24,0,24,元富-台南,2024-03-01,5929
2906,高林,21,0,21,元富-台南,2024-03-01,5929
4951,精拓科,21,0,21,元富-台南,2024-03-01,5929
9904,寶成,21,0,21,元富-台南,2024-03-01,5929
3047,訊舟,20,0,20,元富-台南,2024-03-01,5929
1605,華新,20,0,20,元富-台南,2024-03-01,5929
2468,華經,20,0,20,元富-台南,2024-03-01,5929
2495,普安,50,30,20,元富-台南,2024-03-01,5929
6196,帆宣,20,1,19,元富-台南,2024-03-01,5929
3032,偉訓,20,2,18,元富-台南,2024-03-01,5929
1514,亞力,39,23,16,元富-台南,2024-03-01,5929
5452,佶優,23,7,16,元富-台南,2024-03-01,5929
2546,根基,14,0,14,元富-台南,2024-03-01,5929
1603,華電,13,0,13,元富-台南,2024-03-01,5929
3083,網龍,13,0,13,元富-台南,2024-03-01,5929
5493,三聯,13,0,13,元富-台南,2024-03-01,5929
3390,旭軟,20,8,12,元富-台南,2024-03-01,5929
2337,旺宏,12,0,12,元富-台南,2024-03-01,5929
2358,廷鑫,12,0,12,元富-台南,2024-03-01,5929
1402,遠東新,11,0,11,元富-台南,2024-03-01,5929
1529,樂事綠能,11,0,11,元富-台南,2024-03-01,5929
2887,台新金,11,0,11,元富-台南,2024-03-01,5929
3029,零壹,20,9,11,元富-台南,2024-03-01,5929
4128,中天,11,0,11,元富-台南,2024-03-01,5929
6116,彩晶,11,0,11,元富-台南,2024-03-01,5929
1217,愛之味,10,0,10,元富-台南,2024-03-01,5929
2537,聯上發,10,0,10,元富-台南,2024-03-01,5929
2883,凱基金,13,3,10,元富-台南,2024-03-01,5929
4526,東台,10,0,10,元富-台南,2024-03-01,5929
5512,力麒,10,0,10,元富-台南,2024-03-01,5929
4909,新復興,23,14,9,元富-台南,2024-03-01,5929
8105,凌巨,10,1,9,元富-台南,2024-03-01,5929
4121,優盛,8,0,8,元富-台南,2024-03-01,5929
6126,信音,8,0,8,元富-台南,2024-03-01,5929
2387,精元,7,0,7,元富-台南,2024-03-01,5929
2615,萬海,7,0,7,元富-台南,2024-03-01,5929
3581,博磊,7,0,7,元富-台南,2024-03-01,5929
6829,千附精密,11,4,7,元富-台南,2024-03-01,5929
3360,尚立,17,10,7,元富-台南,2024-03-01,5929
2511,太子,200,0,200,元富-台南,2024-03-04,5929
00937B,群益ESG投等債20,182,1,181,元富-台南,2024-03-04,5929
00919,群益台灣精選高息,162,25,137,元富-台南,2024-03-04,5929
00632R,元大台灣50反1,105,0,105,元富-台南,2024-03-04,5929
2409,友達,104,5,99,元富-台南,2024-03-04,5929
2474,可成,99,0,99,元富-台南,2024-03-04,5929
4121,優盛,52,0,52,元富-台南,2024-03-04,5929
00665L,富邦�琤肭磪囓�2,45,0,45,元富-台南,2024-03-04,5929
5383,金利,75,34,41,元富-台南,2024-03-04,5929
2836,高雄銀,40,0,40,元富-台南,2024-03-04,5929
3231,緯創,55,17,38,元富-台南,2024-03-04,5929
6116,彩晶,37,1,36,元富-台南,2024-03-04,5929
2485,兆赫,40,5,35,元富-台南,2024-03-04,5929
2609,陽明,35,1,34,元富-台南,2024-03-04,5929
8936,國統,37,5,32,元富-台南,2024-03-04,5929
5483,中美晶,30,0,30,元富-台南,2024-03-04,5929
2344,華邦電,30,3,27,元富-台南,2024-03-04,5929
2408,南亞科,28,1,27,元富-台南,2024-03-04,5929
2495,普安,30,5,25,元富-台南,2024-03-04,5929
4513,福裕,22,0,22,元富-台南,2024-03-04,5929
9904,寶成,20,0,20,元富-台南,2024-03-04,5929
4175,杏一,19,0,19,元富-台南,2024-03-04,5929
00687B,國泰20年美債,18,0,18,元富-台南,2024-03-04,5929
3374,精材,18,0,18,元富-台南,2024-03-04,5929
6163,華電網,22,4,18,元富-台南,2024-03-04,5929
1314,中石化,17,0,17,元富-台南,2024-03-04,5929
3041,揚智,32,15,17,元富-台南,2024-03-04,5929
00918,大華優利高填息30,17,1,16,元富-台南,2024-03-04,5929
2002,中鋼,21,6,15,元富-台南,2024-03-04,5929
3005,神基,17,2,15,元富-台南,2024-03-04,5929
00905,FT臺灣Smart,14,0,14,元富-台南,2024-03-04,5929
3013,晟銘電,13,0,13,元富-台南,2024-03-04,5929
2892,第一金,16,3,13,元富-台南,2024-03-04,5929
3083,網龍,13,1,12,元富-台南,2024-03-04,5929
3694,海華,33,21,12,元富-台南,2024-03-04,5929
6223,旺矽,11,0,11,元富-台南,2024-03-04,5929
8105,凌巨,11,0,11,元富-台南,2024-03-04,5929
3032,偉訓,10,0,10,元富-台南,2024-03-04,5929
2492,華新科,10,0,10,元富-台南,2024-03-04,5929
1721,三晃,10,0,10,元富-台南,2024-03-04,5929
2006,東和鋼鐵,10,0,10,元富-台南,2024-03-04,5929
2618,長榮航,10,0,10,元富-台南,2024-03-04,5929
2812,台中銀,10,0,10,元富-台南,2024-03-04,5929
2891,中信金,10,0,10,元富-台南,2024-03-04,5929
4973,廣穎,10,0,10,元富-台南,2024-03-04,5929
5201,凱衛,10,0,10,元富-台南,2024-03-04,5929
5210,寶碩,10,0,10,元富-台南,2024-03-04,5929
5864,致和證,10,0,10,元富-台南,2024-03-04,5929
6182,合晶,10,0,10,元富-台南,2024-03-04,5929
4951,精拓科,9,0,9,元富-台南,2024-03-04,5929
00937B,群益ESG投等債20,312,51,261,元富-台南,2024-03-05,5929
2474,可成,183,0,183,元富-台南,2024-03-05,5929
1609,大亞,117,2,115,元富-台南,2024-03-05,5929
00915,凱基優選高股息30,48,1,47,元富-台南,2024-03-05,5929
5439,高技,51,4,47,元富-台南,2024-03-05,5929
8070,長華*,50,3,47,元富-台南,2024-03-05,5929
2603,長榮,46,1,45,元富-台南,2024-03-05,5929
4903,聯光通,42,0,42,元富-台南,2024-03-05,5929
5383,金利,56,14,42,元富-台南,2024-03-05,5929
00919,群益台灣精選高息,69,31,38,元富-台南,2024-03-05,5929
2317,鴻海,115,78,37,元富-台南,2024-03-05,5929
00918,大華優利高填息30,33,0,33,元富-台南,2024-03-05,5929
2371,大同,47,14,33,元富-台南,2024-03-05,5929
4942,嘉彰,33,0,33,元富-台南,2024-03-05,5929
3015,全漢,27,0,27,元富-台南,2024-03-05,5929
4121,優盛,28,1,27,元富-台南,2024-03-05,5929
2367,燿華,67,46,21,元富-台南,2024-03-05,5929
00896,中信綠能及電動車,20,0,20,元富-台南,2024-03-05,5929
00680L,元大美債20正2,21,3,18,元富-台南,2024-03-05,5929
3372,典範,20,2,18,元富-台南,2024-03-05,5929
3006,晶豪科,18,1,17,元富-台南,2024-03-05,5929
3481,群創,35,19,16,元富-台南,2024-03-05,5929
6150,撼訊,17,2,15,元富-台南,2024-03-05,5929
2353,宏��,14,0,14,元富-台南,2024-03-05,5929
3312,弘憶股,18,4,14,元富-台南,2024-03-05,5929
2324,仁寶,25,11,14,元富-台南,2024-03-05,5929
3374,精材,13,0,13,元富-台南,2024-03-05,5929
2492,華新科,13,1,12,元富-台南,2024-03-05,5929
6806,森崴能源,17,5,12,元富-台南,2024-03-05,5929
6245,立端,11,0,11,元富-台南,2024-03-05,5929
00665L,富邦�琤肭磪囓�2,11,0,11,元富-台南,2024-03-05,5929
3581,博磊,16,5,11,元富-台南,2024-03-05,5929
4906,正文,16,5,11,元富-台南,2024-03-05,5929
5465,富驊,11,0,11,元富-台南,2024-03-05,5929
2637,慧洋-KY,10,0,10,元富-台南,2024-03-05,5929
9921,巨大,10,0,10,元富-台南,2024-03-05,5929
2457,飛宏,10,0,10,元富-台南,2024-03-05,5929
2891,中信金,10,0,10,元富-台南,2024-03-05,5929
6116,彩晶,10,0,10,元富-台南,2024-03-05,5929
2880,華南金,9,0,9,元富-台南,2024-03-05,5929
6138,茂達,9,0,9,元富-台南,2024-03-05,5929
1513,中興電,19,10,9,元富-台南,2024-03-05,5929
2002,中鋼,9,0,9,元富-台南,2024-03-05,5929
2408,南亞科,9,0,9,元富-台南,2024-03-05,5929
8011,台通,13,4,9,元富-台南,2024-03-05,5929
1909,榮成,8,0,8,元富-台南,2024-03-05,5929
8222,寶一,8,0,8,元富-台南,2024-03-05,5929
2347,聯強,8,0,8,元富-台南,2024-03-05,5929
1234,黑松,7,0,7,元富-台南,2024-03-05,5929
2409,友達,7,0,7,元富-台南,2024-03-05,5929
2474,可成,244,0,244,元富-台南,2024-03-06,5929
2511,太子,200,4,196,元富-台南,2024-03-06,5929
5383,金利,76,12,64,元富-台南,2024-03-06,5929
2002,中鋼,62,5,57,元富-台南,2024-03-06,5929
1608,華榮,53,1,52,元富-台南,2024-03-06,5929
2633,台灣高鐵,50,0,50,元富-台南,2024-03-06,5929
2317,鴻海,50,5,45,元富-台南,2024-03-06,5929
2618,長榮航,44,1,43,元富-台南,2024-03-06,5929
00918,大華優利高填息30,33,0,33,元富-台南,2024-03-06,5929
1785,光洋科,32,0,32,元富-台南,2024-03-06,5929
00680L,元大美債20正2,42,10,32,元富-台南,2024-03-06,5929
00919,群益台灣精選高息,52,21,31,元富-台南,2024-03-06,5929
00937B,群益ESG投等債20,37,10,27,元富-台南,2024-03-06,5929
5452,佶優,33,9,24,元富-台南,2024-03-06,5929
1301,台塑,21,0,21,元富-台南,2024-03-06,5929
2516,新建,21,0,21,元富-台南,2024-03-06,5929
9904,寶成,21,0,21,元富-台南,2024-03-06,5929
2329,華泰,24,4,20,元富-台南,2024-03-06,5929
2409,友達,22,2,20,元富-台南,2024-03-06,5929
00688L,國泰20年美債正2,112,92,20,元富-台南,2024-03-06,5929
5521,工信,22,2,20,元富-台南,2024-03-06,5929
00905,FT臺灣Smart,20,2,18,元富-台南,2024-03-06,5929
2324,仁寶,18,0,18,元富-台南,2024-03-06,5929
6196,帆宣,20,2,18,元富-台南,2024-03-06,5929
2610,華航,16,1,15,元富-台南,2024-03-06,5929
6163,華電網,42,27,15,元富-台南,2024-03-06,5929
5483,中美晶,15,0,15,元富-台南,2024-03-06,5929
1471,首利,18,5,13,元富-台南,2024-03-06,5929
2888,新光金,22,9,13,元富-台南,2024-03-06,5929
6770,力積電,14,1,13,元富-台南,2024-03-06,5929
8926,台汽電,12,0,12,元富-台南,2024-03-06,5929
1815,富喬,41,29,12,元富-台南,2024-03-06,5929
6472,保瑞,11,0,11,元富-台南,2024-03-06,5929
5493,三聯,12,1,11,元富-台南,2024-03-06,5929
6191,精成科,11,0,11,元富-台南,2024-03-06,5929
1101,台泥,11,1,10,元富-台南,2024-03-06,5929
00632R,元大台灣50反1,10,0,10,元富-台南,2024-03-06,5929
2344,華邦電,10,0,10,元富-台南,2024-03-06,5929
2867,三商壽,10,0,10,元富-台南,2024-03-06,5929
6235,華孚,10,0,10,元富-台南,2024-03-06,5929
6589,台康生技,10,0,10,元富-台南,2024-03-06,5929
6223,旺矽,11,1,10,元富-台南,2024-03-06,5929
8011,台通,14,5,9,元富-台南,2024-03-06,5929
2012,春雨,9,0,9,元富-台南,2024-03-06,5929
3010,華立,9,0,9,元富-台南,2024-03-06,5929
3024,憶聲,20,11,9,元富-台南,2024-03-06,5929
3325,旭品,15,6,9,元富-台南,2024-03-06,5929
3231,緯創,12,4,8,元富-台南,2024-03-06,5929
2451,創見,8,0,8,元富-台南,2024-03-06,5929
6161,捷波,9,1,8,元富-台南,2024-03-06,5929
2511,太子,150,0,150,元富-台南,2024-03-07,5929
00937B,群益ESG投等債20,122,0,122,元富-台南,2024-03-07,5929
2474,可成,77,1,76,元富-台南,2024-03-07,5929
3169,亞信,58,3,55,元富-台南,2024-03-07,5929
8110,華東,172,117,55,元富-台南,2024-03-07,5929
2618,長榮航,65,15,50,元富-台南,2024-03-07,5929
2881,富邦金,40,0,40,元富-台南,2024-03-07,5929
00680L,元大美債20正2,50,10,40,元富-台南,2024-03-07,5929
2328,廣宇,40,0,40,元富-台南,2024-03-07,5929
00919,群益台灣精選高息,59,21,38,元富-台南,2024-03-07,5929
00918,大華優利高填息30,37,0,37,元富-台南,2024-03-07,5929
2836,高雄銀,40,3,37,元富-台南,2024-03-07,5929
3032,偉訓,35,2,33,元富-台南,2024-03-07,5929
2367,燿華,64,32,32,元富-台南,2024-03-07,5929
00857B,永豐20年美公債,36,5,31,元富-台南,2024-03-07,5929
3015,全漢,30,0,30,元富-台南,2024-03-07,5929
5383,金利,84,55,29,元富-台南,2024-03-07,5929
2884,玉山金,25,0,25,元富-台南,2024-03-07,5929
5483,中美晶,41,16,25,元富-台南,2024-03-07,5929
1815,富喬,85,61,24,元富-台南,2024-03-07,5929
3481,群創,23,1,22,元富-台南,2024-03-07,5929
2337,旺宏,20,0,20,元富-台南,2024-03-07,5929
00915,凱基優選高股息30,24,5,19,元富-台南,2024-03-07,5929
3078,僑威,18,1,17,元富-台南,2024-03-07,5929
1310,台苯,17,0,17,元富-台南,2024-03-07,5929
5425,台半,19,3,16,元富-台南,2024-03-07,5929
1416,廣豐,20,5,15,元富-台南,2024-03-07,5929
2356,英業達,24,9,15,元富-台南,2024-03-07,5929
2606,裕民,15,0,15,元富-台南,2024-03-07,5929
2363,矽統,14,0,14,元富-台南,2024-03-07,5929
2324,仁寶,16,2,14,元富-台南,2024-03-07,5929
2371,大同,22,9,13,元富-台南,2024-03-07,5929
00632R,元大台灣50反1,12,0,12,元富-台南,2024-03-07,5929
2457,飛宏,22,10,12,元富-台南,2024-03-07,5929
2515,中工,17,5,12,元富-台南,2024-03-07,5929
2368,金像電,12,1,11,元富-台南,2024-03-07,5929
1773,勝一,11,0,11,元富-台南,2024-03-07,5929
2421,建準,17,6,11,元富-台南,2024-03-07,5929
2516,新建,11,0,11,元富-台南,2024-03-07,5929
6179,亞通,12,1,11,元富-台南,2024-03-07,5929
2888,新光金,11,0,11,元富-台南,2024-03-07,5929
3346,麗清,20,10,10,元富-台南,2024-03-07,5929
4175,杏一,10,0,10,元富-台南,2024-03-07,5929
8222,寶一,10,0,10,元富-台南,2024-03-07,5929
9921,巨大,10,0,10,元富-台南,2024-03-07,5929
00927,群益半導體收益,10,0,10,元富-台南,2024-03-07,5929
6274,台燿,14,5,9,元富-台南,2024-03-07,5929
6233,旺玖,9,0,9,元富-台南,2024-03-07,5929
4953,緯軟,10,2,8,元富-台南,2024-03-07,5929
2382,廣達,12,4,8,元富-台南,2024-03-07,5929
4121,優盛,297,1,296,元富-台南,2024-03-08,5929
2511,太子,200,0,200,元富-台南,2024-03-08,5929
2474,可成,156,0,156,元富-台南,2024-03-08,5929
3231,緯創,164,23,141,元富-台南,2024-03-08,5929
3481,群創,126,2,124,元富-台南,2024-03-08,5929
00655L,國泰中國A50正2,90,0,90,元富-台南,2024-03-08,5929
5383,金利,101,35,66,元富-台南,2024-03-08,5929
00632R,元大台灣50反1,124,70,54,元富-台南,2024-03-08,5929
00937B,群益ESG投等債20,55,5,50,元富-台南,2024-03-08,5929
2609,陽明,51,10,41,元富-台南,2024-03-08,5929
3015,全漢,35,2,33,元富-台南,2024-03-08,5929
2317,鴻海,34,3,31,元富-台南,2024-03-08,5929
6667,信紘科,31,1,30,元富-台南,2024-03-08,5929
2457,飛宏,50,21,29,元富-台南,2024-03-08,5929
6143,振曜,26,0,26,元富-台南,2024-03-08,5929
6182,合晶,30,4,26,元富-台南,2024-03-08,5929
1785,光洋科,31,7,24,元富-台南,2024-03-08,5929
2845,遠東銀,21,0,21,元富-台南,2024-03-08,5929
2542,興富發,20,0,20,元富-台南,2024-03-08,5929
00929,復華台灣科技優息,64,43,21,元富-台南,2024-03-08,5929
2888,新光金,22,1,21,元富-台南,2024-03-08,5929
1815,富喬,21,2,19,元富-台南,2024-03-08,5929
6282,康舒,42,23,19,元富-台南,2024-03-08,5929
6443,元晶,17,0,17,元富-台南,2024-03-08,5929
3005,神基,17,1,16,元富-台南,2024-03-08,5929
00919,群益台灣精選高息,43,27,16,元富-台南,2024-03-08,5929
1314,中石化,15,0,15,元富-台南,2024-03-08,5929
2344,華邦電,36,22,14,元富-台南,2024-03-08,5929
5512,力麒,20,6,14,元富-台南,2024-03-08,5929
8105,凌巨,16,2,14,元富-台南,2024-03-08,5929
00712,復華富時不動產,13,0,13,元富-台南,2024-03-08,5929
5498,凱崴,15,2,13,元富-台南,2024-03-08,5929
8926,台汽電,13,0,13,元富-台南,2024-03-08,5929
2388,威盛,36,24,12,元富-台南,2024-03-08,5929
3052,夆典,12,0,12,元富-台南,2024-03-08,5929
3540,曜越,14,2,12,元富-台南,2024-03-08,5929
2345,智邦,13,2,11,元富-台南,2024-03-08,5929
2601,益航,11,0,11,元富-台南,2024-03-08,5929
5432,新門,11,0,11,元富-台南,2024-03-08,5929
5488,松普,11,0,11,元富-台南,2024-03-08,5929
00904,新光臺灣半導體30,10,0,10,元富-台南,2024-03-08,5929
00896,中信綠能及電動車,10,0,10,元富-台南,2024-03-08,5929
1524,耿鼎,10,0,10,元富-台南,2024-03-08,5929
2365,昆盈,24,14,10,元富-台南,2024-03-08,5929
5328,華容,10,0,10,元富-台南,2024-03-08,5929
6179,亞通,10,0,10,元富-台南,2024-03-08,5929
6191,精成科,13,3,10,元富-台南,2024-03-08,5929
2301,光寶科,14,5,9,元富-台南,2024-03-08,5929
2371,大同,11,2,9,元富-台南,2024-03-08,5929
5426,振發,10,1,9,元富-台南,2024-03-08,5929
00688L,國泰20年美債正2,104,0,104,元富-台南,2024-03-11,5929
00937B,群益ESG投等債20,96,2,94,元富-台南,2024-03-11,5929
6933,AMAX-KY,77,0,77,元富-台南,2024-03-11,5929
2618,長榮航,62,0,62,元富-台南,2024-03-11,5929
2303,聯電,82,24,58,元富-台南,2024-03-11,5929
2610,華航,73,21,52,元富-台南,2024-03-11,5929
00632R,元大台灣50反1,201,150,51,元富-台南,2024-03-11,5929
2025,千興,50,0,50,元富-台南,2024-03-11,5929
8070,長華*,45,0,45,元富-台南,2024-03-11,5929
2474,可成,38,1,37,元富-台南,2024-03-11,5929
1455,集盛,36,0,36,元富-台南,2024-03-11,5929
2317,鴻海,64,30,34,元富-台南,2024-03-11,5929
2603,長榮,40,9,31,元富-台南,2024-03-11,5929
4768,晶呈科技,30,0,30,元富-台南,2024-03-11,5929
2609,陽明,27,1,26,元富-台南,2024-03-11,5929
8933,愛地雅,25,0,25,元富-台南,2024-03-11,5929
5469,瀚宇博,23,0,23,元富-台南,2024-03-11,5929
3663,鑫科,25,3,22,元富-台南,2024-03-11,5929
1815,富喬,21,0,21,元富-台南,2024-03-11,5929
2344,華邦電,32,13,19,元富-台南,2024-03-11,5929
4121,優盛,20,1,19,元富-台南,2024-03-11,5929
5383,金利,44,25,19,元富-台南,2024-03-11,5929
00933B,國泰10Y+金融債,18,0,18,元富-台南,2024-03-11,5929
1301,台塑,17,0,17,元富-台南,2024-03-11,5929
3264,欣銓,15,2,13,元富-台南,2024-03-11,5929
1101,台泥,12,0,12,元富-台南,2024-03-11,5929
3360,尚立,11,0,11,元富-台南,2024-03-11,5929
1609,大亞,10,0,10,元富-台南,2024-03-11,5929
3022,威強電,10,0,10,元富-台南,2024-03-11,5929
1326,台化,10,0,10,元富-台南,2024-03-11,5929
2009,第一銅,10,0,10,元富-台南,2024-03-11,5929
3354,律勝,10,0,10,元富-台南,2024-03-11,5929
4513,福裕,20,10,10,元富-台南,2024-03-11,5929
8936,國統,11,1,10,元富-台南,2024-03-11,5929
2330,台積電,18,8,10,元富-台南,2024-03-11,5929
6016,康和證,8,0,8,元富-台南,2024-03-11,5929
3402,漢科,8,0,8,元富-台南,2024-03-11,5929
3481,群創,51,44,7,元富-台南,2024-03-11,5929
1314,中石化,7,0,7,元富-台南,2024-03-11,5929
3576,聯合再生,7,0,7,元富-台南,2024-03-11,5929
8996,高力,7,0,7,元富-台南,2024-03-11,5929
2382,廣達,18,11,7,元富-台南,2024-03-11,5929
4906,正文,6,0,6,元富-台南,2024-03-11,5929
00751B,元大AAA至A公司債,6,0,6,元富-台南,2024-03-11,5929
1305,華夏,6,0,6,元富-台南,2024-03-11,5929
2417,圓剛,9,3,6,元富-台南,2024-03-11,5929
4951,精拓科,6,0,6,元富-台南,2024-03-11,5929
5483,中美晶,17,11,6,元富-台南,2024-03-11,5929
00934,中信成長高股息,6,0,6,元富-台南,2024-03-11,5929
6143,振曜,7,2,5,元富-台南,2024-03-11,5929
3231,緯創,222,35,187,元富-台南,2024-03-12,5929
4121,優盛,159,0,159,元富-台南,2024-03-12,5929
00688L,國泰20年美債正2,100,0,100,元富-台南,2024-03-12,5929
2474,可成,85,6,79,元富-台南,2024-03-12,5929
2344,華邦電,62,10,52,元富-台南,2024-03-12,5929
5483,中美晶,45,5,40,元富-台南,2024-03-12,5929
1785,光洋科,36,0,36,元富-台南,2024-03-12,5929
2371,大同,41,10,31,元富-台南,2024-03-12,5929
2838,聯邦銀,30,0,30,元富-台南,2024-03-12,5929
4157,太景*-KY,30,0,30,元富-台南,2024-03-12,5929
00937B,群益ESG投等債20,32,5,27,元富-台南,2024-03-12,5929
00687B,國泰20年美債,65,40,25,元富-台南,2024-03-12,5929
2347,聯強,23,0,23,元富-台南,2024-03-12,5929
2330,台積電,25,2,23,元富-台南,2024-03-12,5929
2891,中信金,22,0,22,元富-台南,2024-03-12,5929
00919,群益台灣精選高息,30,10,20,元富-台南,2024-03-12,5929
00706L,期元大S＆P日圓正2,20,0,20,元富-台南,2024-03-12,5929
00902,中信電池及儲能,20,0,20,元富-台南,2024-03-12,5929
5530,龍巖,20,0,20,元富-台南,2024-03-12,5929
8936,國統,29,11,18,元富-台南,2024-03-12,5929
1514,亞力,23,7,16,元富-台南,2024-03-12,5929
1815,富喬,51,35,16,元富-台南,2024-03-12,5929
3481,群創,27,11,16,元富-台南,2024-03-12,5929
00891,中信關鍵半導體,12,0,12,元富-台南,2024-03-12,5929
2888,新光金,12,0,12,元富-台南,2024-03-12,5929
5015,華祺,11,0,11,元富-台南,2024-03-12,5929
4968,立積,10,0,10,元富-台南,2024-03-12,5929
00918,大華優利高填息30,10,0,10,元富-台南,2024-03-12,5929
1312,國喬,10,0,10,元富-台南,2024-03-12,5929
3189,景碩,10,0,10,元富-台南,2024-03-12,5929
4971,IET-KY,10,0,10,元富-台南,2024-03-12,5929
6142,友勁,10,0,10,元富-台南,2024-03-12,5929
8933,愛地雅,15,5,10,元富-台南,2024-03-12,5929
2352,佳世達,9,0,9,元富-台南,2024-03-12,5929
00715L,期街口布蘭特正2,11,2,9,元富-台南,2024-03-12,5929
3402,漢科,9,0,9,元富-台南,2024-03-12,5929
3540,曜越,11,2,9,元富-台南,2024-03-12,5929
5478,智冠,9,0,9,元富-台南,2024-03-12,5929
8070,長華*,9,0,9,元富-台南,2024-03-12,5929
6192,巨路,8,0,8,元富-台南,2024-03-12,5929
2345,智邦,9,2,7,元富-台南,2024-03-12,5929
2301,光寶科,8,1,7,元富-台南,2024-03-12,5929
4714,永捷,7,0,7,元富-台南,2024-03-12,5929
5493,三聯,7,0,7,元富-台南,2024-03-12,5929
8927,北基,6,0,6,元富-台南,2024-03-12,5929
2801,彰銀,10,5,5,元富-台南,2024-03-12,5929
2883,凱基金,65,60,5,元富-台南,2024-03-12,5929
00633L,富邦上証正2,5,0,5,元富-台南,2024-03-12,5929
2312,金寶,5,0,5,元富-台南,2024-03-12,5929
2337,旺宏,5,0,5,元富-台南,2024-03-12,5929
6125,廣運,324,4,320,元富-台南,2024-03-13,5929
4121,優盛,116,0,116,元富-台南,2024-03-13,5929
1609,大亞,123,8,115,元富-台南,2024-03-13,5929
00688L,國泰20年美債正2,100,0,100,元富-台南,2024-03-13,5929
3234,光環,95,2,93,元富-台南,2024-03-13,5929
00919,群益台灣精選高息,123,50,73,元富-台南,2024-03-13,5929
2888,新光金,86,23,63,元富-台南,2024-03-13,5929
2474,可成,60,1,59,元富-台南,2024-03-13,5929
1815,富喬,51,0,51,元富-台南,2024-03-13,5929
3078,僑威,40,0,40,元富-台南,2024-03-13,5929
2881,富邦金,41,3,38,元富-台南,2024-03-13,5929
2303,聯電,66,30,36,元富-台南,2024-03-13,5929
2317,鴻海,254,220,34,元富-台南,2024-03-13,5929
2426,鼎元,33,0,33,元富-台南,2024-03-13,5929
2838,聯邦銀,30,0,30,元富-台南,2024-03-13,5929
00937B,群益ESG投等債20,45,17,28,元富-台南,2024-03-13,5929
1455,集盛,30,3,27,元富-台南,2024-03-13,5929
2344,華邦電,35,11,24,元富-台南,2024-03-13,5929
00687B,國泰20年美債,51,28,23,元富-台南,2024-03-13,5929
1712,興農,22,0,22,元富-台南,2024-03-13,5929
2337,旺宏,21,0,21,元富-台南,2024-03-13,5929
2612,中航,21,0,21,元富-台南,2024-03-13,5929
6531,愛普*,20,2,18,元富-台南,2024-03-13,5929
2354,鴻準,53,35,18,元富-台南,2024-03-13,5929
00679B,元大美債20年,17,0,17,元富-台南,2024-03-13,5929
6282,康舒,16,0,16,元富-台南,2024-03-13,5929
8112,至上,17,1,16,元富-台南,2024-03-13,5929
1301,台塑,15,0,15,元富-台南,2024-03-13,5929
9105,泰金寶-DR,15,0,15,元富-台南,2024-03-13,5929
3715,定穎投控,17,4,13,元富-台南,2024-03-13,5929
3013,晟銘電,12,0,12,元富-台南,2024-03-13,5929
5383,金利,31,20,11,元富-台南,2024-03-13,5929
6026,福邦證,11,0,11,元富-台南,2024-03-13,5929
0050,元大台灣50,11,0,11,元富-台南,2024-03-13,5929
1308,亞聚,11,0,11,元富-台南,2024-03-13,5929
2887,台新金,13,2,11,元富-台南,2024-03-13,5929
00918,大華優利高填息30,11,1,10,元富-台南,2024-03-13,5929
2609,陽明,11,1,10,元富-台南,2024-03-13,5929
2002,中鋼,16,6,10,元富-台南,2024-03-13,5929
00637L,元大滬深300正2,10,0,10,元富-台南,2024-03-13,5929
1909,榮成,10,0,10,元富-台南,2024-03-13,5929
2387,精元,10,0,10,元富-台南,2024-03-13,5929
2464,盟立,10,0,10,元富-台南,2024-03-13,5929
2836,高雄銀,10,0,10,元富-台南,2024-03-13,5929
3494,誠研,10,0,10,元富-台南,2024-03-13,5929
3521,鴻翊,10,0,10,元富-台南,2024-03-13,5929
3663,鑫科,10,0,10,元富-台南,2024-03-13,5929
4971,IET-KY,10,0,10,元富-台南,2024-03-13,5929
6233,旺玖,10,0,10,元富-台南,2024-03-13,5929
3308,聯德,11,2,9,元富-台南,2024-03-13,5929
2317,鴻海,278,77,201,元富-台南,2024-03-14,5929
2618,長榮航,133,23,110,元富-台南,2024-03-14,5929
2845,遠東銀,72,4,68,元富-台南,2024-03-14,5929
00665L,富邦�琤肭磪囓�2,50,0,50,元富-台南,2024-03-14,5929
1815,富喬,30,2,28,元富-台南,2024-03-14,5929
00680L,元大美債20正2,24,0,24,元富-台南,2024-03-14,5929
2474,可成,23,0,23,元富-台南,2024-03-14,5929
00673R,期元大S＆P原油反1,22,0,22,元富-台南,2024-03-14,5929
2889,國票金,24,2,22,元富-台南,2024-03-14,5929
2609,陽明,24,3,21,元富-台南,2024-03-14,5929
2836,高雄銀,21,0,21,元富-台南,2024-03-14,5929
3231,緯創,40,19,21,元富-台南,2024-03-14,5929
2838,聯邦銀,20,0,20,元富-台南,2024-03-14,5929
3702,大聯大,21,1,20,元富-台南,2024-03-14,5929
5381,合正,20,0,20,元富-台南,2024-03-14,5929
3588,通嘉,19,0,19,元富-台南,2024-03-14,5929
00878,國泰永續高股息,26,8,18,元富-台南,2024-03-14,5929
2383,台光電,20,3,17,元富-台南,2024-03-14,5929
2885,元大金,17,1,16,元富-台南,2024-03-14,5929
6152,百一,12,0,12,元富-台南,2024-03-14,5929
4142,國光生,11,0,11,元富-台南,2024-03-14,5929
1101,台泥,12,1,11,元富-台南,2024-03-14,5929
2009,第一銅,10,0,10,元富-台南,2024-03-14,5929
2913,農林,10,0,10,元富-台南,2024-03-14,5929
9105,泰金寶-DR,10,0,10,元富-台南,2024-03-14,5929
1314,中石化,10,1,9,元富-台南,2024-03-14,5929
2834,臺企銀,20,12,8,元富-台南,2024-03-14,5929
00633L,富邦上証正2,8,0,8,元富-台南,2024-03-14,5929
4121,優盛,8,0,8,元富-台南,2024-03-14,5929
9907,統一實,8,0,8,元富-台南,2024-03-14,5929
2376,技嘉,10,3,7,元富-台南,2024-03-14,5929
2353,宏��,8,1,7,元富-台南,2024-03-14,5929
3402,漢科,7,0,7,元富-台南,2024-03-14,5929
3581,博磊,8,1,7,元富-台南,2024-03-14,5929
6217,中探針,7,0,7,元富-台南,2024-03-14,5929
3264,欣銓,8,1,7,元富-台南,2024-03-14,5929
2637,慧洋-KY,6,0,6,元富-台南,2024-03-14,5929
00795B,中信美國公債20年,6,0,6,元富-台南,2024-03-14,5929
1305,華夏,6,0,6,元富-台南,2024-03-14,5929
1471,首利,6,0,6,元富-台南,2024-03-14,5929
2421,建準,6,0,6,元富-台南,2024-03-14,5929
4916,事欣科,6,0,6,元富-台南,2024-03-14,5929
9958,世紀鋼,6,0,6,元富-台南,2024-03-14,5929
00679B,元大美債20年,5,0,5,元富-台南,2024-03-14,5929
3163,波若威,8,3,5,元富-台南,2024-03-14,5929
2345,智邦,5,0,5,元富-台南,2024-03-14,5929
2488,漢平,5,0,5,元富-台南,2024-03-14,5929
2727,王品,5,0,5,元富-台南,2024-03-14,5929
3032,偉訓,5,0,5,元富-台南,2024-03-14,5929
3234,光環,7,2,5,元富-台南,2024-03-14,5929
4121,優盛,139,0,139,元富-台南,2024-03-15,5929
00937B,群益ESG投等債20,131,0,131,元富-台南,2024-03-15,5929
2474,可成,130,6,124,元富-台南,2024-03-15,5929
2641,正德,120,0,120,元富-台南,2024-03-15,5929
2834,臺企銀,108,33,75,元富-台南,2024-03-15,5929
2618,長榮航,80,12,68,元富-台南,2024-03-15,5929
2330,台積電,56,4,52,元富-台南,2024-03-15,5929
2888,新光金,59,10,49,元富-台南,2024-03-15,5929
00919,群益台灣精選高息,128,85,43,元富-台南,2024-03-15,5929
2881,富邦金,40,0,40,元富-台南,2024-03-15,5929
4714,永捷,34,0,34,元富-台南,2024-03-15,5929
6806,森崴能源,34,1,33,元富-台南,2024-03-15,5929
2845,遠東銀,29,0,29,元富-台南,2024-03-15,5929
1210,大成,25,0,25,元富-台南,2024-03-15,5929
2603,長榮,28,4,24,元富-台南,2024-03-15,5929
2371,大同,22,0,22,元富-台南,2024-03-15,5929
00650L,復華香港正2,21,0,21,元富-台南,2024-03-15,5929
2344,華邦電,30,9,21,元富-台南,2024-03-15,5929
2867,三商壽,21,0,21,元富-台南,2024-03-15,5929
2206,三陽工業,20,0,20,元富-台南,2024-03-15,5929
1513,中興電,37,17,20,元富-台南,2024-03-15,5929
00679B,元大美債20年,17,0,17,元富-台南,2024-03-15,5929
00915,凱基優選高股息30,17,0,17,元富-台南,2024-03-15,5929
3052,夆典,17,0,17,元富-台南,2024-03-15,5929
6016,康和證,15,0,15,元富-台南,2024-03-15,5929
00687B,國泰20年美債,14,0,14,元富-台南,2024-03-15,5929
00918,大華優利高填息30,15,1,14,元富-台南,2024-03-15,5929
00712,復華富時不動產,14,0,14,元富-台南,2024-03-15,5929
2471,資通,13,0,13,元富-台南,2024-03-15,5929
8933,愛地雅,13,0,13,元富-台南,2024-03-15,5929
00680L,元大美債20正2,12,0,12,元富-台南,2024-03-15,5929
4417,金洲,12,0,12,元富-台南,2024-03-15,5929
2610,華航,11,0,11,元富-台南,2024-03-15,5929
3689,湧德,16,5,11,元富-台南,2024-03-15,5929
3714,富采,10,0,10,元富-台南,2024-03-15,5929
2002,中鋼,10,0,10,元富-台南,2024-03-15,5929
1314,中石化,10,0,10,元富-台南,2024-03-15,5929
5243,乙盛-KY,10,0,10,元富-台南,2024-03-15,5929
6125,廣運,12,2,10,元富-台南,2024-03-15,5929
2301,光寶科,9,0,9,元富-台南,2024-03-15,5929
1438,三地開發,10,1,9,元富-台南,2024-03-15,5929
1303,南亞,8,0,8,元富-台南,2024-03-15,5929
1616,億泰,8,0,8,元富-台南,2024-03-15,5929
2367,燿華,10,2,8,元富-台南,2024-03-15,5929
2498,宏達電,8,0,8,元富-台南,2024-03-15,5929
2501,國建,9,1,8,元富-台南,2024-03-15,5929
2303,聯電,13,5,8,元富-台南,2024-03-15,5929
6143,振曜,7,0,7,元富-台南,2024-03-15,5929
00931B,統一美債20年,7,0,7,元富-台南,2024-03-15,5929
1806,冠軍,7,0,7,元富-台南,2024-03-15,5929
2610,華航,413,4,409,元富-台南,2024-03-18,5929
2474,可成,163,0,163,元富-台南,2024-03-18,5929
00919,群益台灣精選高息,131,0,131,元富-台南,2024-03-18,5929
00937B,群益ESG投等債20,105,5,100,元富-台南,2024-03-18,5929
2317,鴻海,168,82,86,元富-台南,2024-03-18,5929
00679B,元大美債20年,84,0,84,元富-台南,2024-03-18,5929
00857B,永豐20年美公債,52,0,52,元富-台南,2024-03-18,5929
1466,聚隆,50,0,50,元富-台南,2024-03-18,5929
2356,英業達,55,11,44,元富-台南,2024-03-18,5929
4121,優盛,39,0,39,元富-台南,2024-03-18,5929
2834,臺企銀,37,15,22,元富-台南,2024-03-18,5929
00680L,元大美債20正2,22,0,22,元富-台南,2024-03-18,5929
5425,台半,22,0,22,元富-台南,2024-03-18,5929
2303,聯電,25,4,21,元富-台南,2024-03-18,5929
6596,寬宏藝術,21,0,21,元富-台南,2024-03-18,5929
4714,永捷,20,0,20,元富-台南,2024-03-18,5929
2330,台積電,24,4,20,元富-台南,2024-03-18,5929
1101,台泥,21,2,19,元富-台南,2024-03-18,5929
00720B,元大投資級公司債,19,0,19,元富-台南,2024-03-18,5929
2408,南亞科,21,3,18,元富-台南,2024-03-18,5929
2836,高雄銀,20,2,18,元富-台南,2024-03-18,5929
3712,永崴投控,20,2,18,元富-台南,2024-03-18,5929
00751B,元大AAA至A公司債,17,0,17,元富-台南,2024-03-18,5929
2889,國票金,22,5,17,元富-台南,2024-03-18,5929
00697B,元大美債7-10,15,0,15,元富-台南,2024-03-18,5929
6016,康和證,15,0,15,元富-台南,2024-03-18,5929
6126,信音,28,13,15,元富-台南,2024-03-18,5929
00891,中信關鍵半導體,12,0,12,元富-台南,2024-03-18,5929
2511,太子,17,5,12,元富-台南,2024-03-18,5929
2618,長榮航,20,8,12,元富-台南,2024-03-18,5929
00929,復華台灣科技優息,22,10,12,元富-台南,2024-03-18,5929
2382,廣達,21,10,11,元富-台南,2024-03-18,5929
8112,至上,50,39,11,元富-台南,2024-03-18,5929
00687B,國泰20年美債,11,0,11,元富-台南,2024-03-18,5929
2002,中鋼,13,2,11,元富-台南,2024-03-18,5929
5383,金利,18,7,11,元富-台南,2024-03-18,5929
1402,遠東新,11,1,10,元富-台南,2024-03-18,5929
2401,凌陽,10,0,10,元富-台南,2024-03-18,5929
1108,幸福,10,0,10,元富-台南,2024-03-18,5929
2329,華泰,25,15,10,元富-台南,2024-03-18,5929
3041,揚智,10,0,10,元富-台南,2024-03-18,5929
4513,福裕,10,0,10,元富-台南,2024-03-18,5929
6275,元山,14,4,10,元富-台南,2024-03-18,5929
6438,迅得,11,1,10,元富-台南,2024-03-18,5929
2880,華南金,10,1,9,元富-台南,2024-03-18,5929
6143,振曜,12,3,9,元富-台南,2024-03-18,5929
1609,大亞,14,6,8,元富-台南,2024-03-18,5929
2729,瓦城,8,0,8,元富-台南,2024-03-18,5929
6278,台表科,8,1,7,元富-台南,2024-03-18,5929
2884,玉山金,51,45,6,元富-台南,2024-03-18,5929
8473,山林水,189,0,189,元富-台南,2024-03-19,5929
4121,優盛,155,0,155,元富-台南,2024-03-19,5929
3231,緯創,163,26,137,元富-台南,2024-03-19,5929
2474,可成,104,0,104,元富-台南,2024-03-19,5929
8070,長華*,50,0,50,元富-台南,2024-03-19,5929
1609,大亞,48,5,43,元富-台南,2024-03-19,5929
3481,群創,40,0,40,元富-台南,2024-03-19,5929
1101,台泥,41,1,40,元富-台南,2024-03-19,5929
00919,群益台灣精選高息,117,80,37,元富-台南,2024-03-19,5929
00929,復華台灣科技優息,99,64,35,元富-台南,2024-03-19,5929
2323,中環,28,1,27,元富-台南,2024-03-19,5929
00680L,元大美債20正2,26,0,26,元富-台南,2024-03-19,5929
3059,華晶科,26,0,26,元富-台南,2024-03-19,5929
00857B,永豐20年美公債,25,0,25,元富-台南,2024-03-19,5929
2356,英業達,43,19,24,元富-台南,2024-03-19,5929
2888,新光金,22,0,22,元富-台南,2024-03-19,5929
2301,光寶科,36,15,21,元富-台南,2024-03-19,5929
2897,王道銀行,20,0,20,元富-台南,2024-03-19,5929
6292,迅德,21,2,19,元富-台南,2024-03-19,5929
2329,華泰,21,4,17,元富-台南,2024-03-19,5929
1301,台塑,22,6,16,元富-台南,2024-03-19,5929
2002,中鋼,21,5,16,元富-台南,2024-03-19,5929
2317,鴻海,39,24,15,元富-台南,2024-03-19,5929
00720B,元大投資級公司債,15,0,15,元富-台南,2024-03-19,5929
00751B,元大AAA至A公司債,13,0,13,元富-台南,2024-03-19,5929
6196,帆宣,13,0,13,元富-台南,2024-03-19,5929
00915,凱基優選高股息30,12,0,12,元富-台南,2024-03-19,5929
2704,國賓,12,0,12,元富-台南,2024-03-19,5929
8936,國統,22,11,11,元富-台南,2024-03-19,5929
2460,建通,11,0,11,元富-台南,2024-03-19,5929
3167,大量,11,0,11,元富-台南,2024-03-19,5929
3583,辛耘,14,4,10,元富-台南,2024-03-19,5929
00679B,元大美債20年,10,0,10,元富-台南,2024-03-19,5929
3661,世芯-KY,13,3,10,元富-台南,2024-03-19,5929
2464,盟立,37,27,10,元富-台南,2024-03-19,5929
00706L,期元大S＆P日圓正2,10,0,10,元富-台南,2024-03-19,5929
1784,訊聯,13,3,10,元富-台南,2024-03-19,5929
2344,華邦電,20,10,10,元富-台南,2024-03-19,5929
2845,遠東銀,10,0,10,元富-台南,2024-03-19,5929
2913,農林,10,0,10,元富-台南,2024-03-19,5929
2890,永豐金,10,0,10,元富-台南,2024-03-19,5929
1806,冠軍,9,0,9,元富-台南,2024-03-19,5929
1907,永豐餘,9,0,9,元富-台南,2024-03-19,5929
2352,佳世達,10,1,9,元富-台南,2024-03-19,5929
2885,元大金,14,5,9,元富-台南,2024-03-19,5929
4162,智擎,10,1,9,元富-台南,2024-03-19,5929
4956,光鋐,9,0,9,元富-台南,2024-03-19,5929
8011,台通,18,9,9,元富-台南,2024-03-19,5929
2886,兆豐金,13,5,8,元富-台南,2024-03-19,5929
5371,中光電,8,0,8,元富-台南,2024-03-19,5929
2845,遠東銀,183,5,178,元富-台南,2024-03-20,5929
2618,長榮航,168,2,166,元富-台南,2024-03-20,5929
2486,一詮,153,6,147,元富-台南,2024-03-20,5929
4121,優盛,146,0,146,元富-台南,2024-03-20,5929
00939,統一台灣高息動能,204,66,138,元富-台南,2024-03-20,5929
2474,可成,130,0,130,元富-台南,2024-03-20,5929
2323,中環,104,8,96,元富-台南,2024-03-20,5929
2301,光寶科,115,31,84,元富-台南,2024-03-20,5929
2891,中信金,110,43,67,元富-台南,2024-03-20,5929
2353,宏��,57,6,51,元富-台南,2024-03-20,5929
00919,群益台灣精選高息,86,36,50,元富-台南,2024-03-20,5929
2633,台灣高鐵,50,0,50,元富-台南,2024-03-20,5929
1473,台南,46,0,46,元富-台南,2024-03-20,5929
1301,台塑,30,1,29,元富-台南,2024-03-20,5929
00930,永豐ESG低碳高息,28,0,28,元富-台南,2024-03-20,5929
00680L,元大美債20正2,23,0,23,元富-台南,2024-03-20,5929
2812,台中銀,22,1,21,元富-台南,2024-03-20,5929
2404,漢唐,21,0,21,元富-台南,2024-03-20,5929
2356,英業達,33,13,20,元富-台南,2024-03-20,5929
6121,新普,18,1,17,元富-台南,2024-03-20,5929
6806,森崴能源,16,1,15,元富-台南,2024-03-20,5929
2897,王道銀行,15,0,15,元富-台南,2024-03-20,5929
3711,日月光投控,17,2,15,元富-台南,2024-03-20,5929
2317,鴻海,156,141,15,元富-台南,2024-03-20,5929
3005,神基,26,13,13,元富-台南,2024-03-20,5929
2884,玉山金,20,8,12,元富-台南,2024-03-20,5929
2801,彰銀,12,0,12,元富-台南,2024-03-20,5929
00679B,元大美債20年,12,0,12,元富-台南,2024-03-20,5929
3231,緯創,31,19,12,元富-台南,2024-03-20,5929
4526,東台,12,0,12,元富-台南,2024-03-20,5929
6196,帆宣,12,0,12,元富-台南,2024-03-20,5929
1609,大亞,21,10,11,元富-台南,2024-03-20,5929
2313,華通,11,1,10,元富-台南,2024-03-20,5929
2331,精英,10,0,10,元富-台南,2024-03-20,5929
3019,亞光,10,0,10,元富-台南,2024-03-20,5929
6525,捷敏-KY,10,0,10,元富-台南,2024-03-20,5929
8043,蜜望實,10,0,10,元富-台南,2024-03-20,5929
2542,興富發,10,1,9,元富-台南,2024-03-20,5929
2312,金寶,10,1,9,元富-台南,2024-03-20,5929
4938,和碩,17,8,9,元富-台南,2024-03-20,5929
3147,大綜,8,0,8,元富-台南,2024-03-20,5929
3704,合勤控,8,0,8,元富-台南,2024-03-20,5929
3264,欣銓,10,2,8,元富-台南,2024-03-20,5929
1101,台泥,18,10,8,元富-台南,2024-03-20,5929
2408,南亞科,8,0,8,元富-台南,2024-03-20,5929
2367,燿華,7,0,7,元富-台南,2024-03-20,5929
8112,至上,49,42,7,元富-台南,2024-03-20,5929
2834,臺企銀,9,2,7,元富-台南,2024-03-20,5929
2382,廣達,12,5,7,元富-台南,2024-03-20,5929
6147,頎邦,9,3,6,元富-台南,2024-03-20,5929
4121,優盛,424,0,424,元富-台南,2024-03-21,5929
00939,統一台灣高息動能,231,24,207,元富-台南,2024-03-21,5929
00688L,國泰20年美債正2,101,0,101,元富-台南,2024-03-21,5929
8473,山林水,91,1,90,元富-台南,2024-03-21,5929
1513,中興電,119,36,83,元富-台南,2024-03-21,5929
00919,群益台灣精選高息,86,10,76,元富-台南,2024-03-21,5929
00680L,元大美債20正2,70,0,70,元富-台南,2024-03-21,5929
2867,三商壽,50,0,50,元富-台南,2024-03-21,5929
2618,長榮航,40,2,38,元富-台南,2024-03-21,5929
2330,台積電,57,21,36,元富-台南,2024-03-21,5929
4513,福裕,30,1,29,元富-台南,2024-03-21,5929
1444,力麗,27,0,27,元富-台南,2024-03-21,5929
1609,大亞,36,12,24,元富-台南,2024-03-21,5929
3005,神基,29,7,22,元富-台南,2024-03-21,5929
6770,力積電,20,0,20,元富-台南,2024-03-21,5929
2337,旺宏,20,2,18,元富-台南,2024-03-21,5929
00720B,元大投資級公司債,17,0,17,元富-台南,2024-03-21,5929
00751B,元大AAA至A公司債,17,0,17,元富-台南,2024-03-21,5929
00857B,永豐20年美公債,15,0,15,元富-台南,2024-03-21,5929
5383,金利,25,10,15,元富-台南,2024-03-21,5929
4938,和碩,17,4,13,元富-台南,2024-03-21,5929
6285,啟��,13,1,12,元富-台南,2024-03-21,5929
2405,輔信,33,21,12,元富-台南,2024-03-21,5929
1301,台塑,11,0,11,元富-台南,2024-03-21,5929
2451,創見,10,0,10,元富-台南,2024-03-21,5929
3041,揚智,30,20,10,元富-台南,2024-03-21,5929
3078,僑威,10,0,10,元富-台南,2024-03-21,5929
3663,鑫科,10,0,10,元富-台南,2024-03-21,5929
4956,光鋐,10,0,10,元富-台南,2024-03-21,5929
6191,精成科,32,22,10,元富-台南,2024-03-21,5929
00687B,國泰20年美債,9,0,9,元富-台南,2024-03-21,5929
2892,第一金,10,2,8,元富-台南,2024-03-21,5929
2834,臺企銀,10,2,8,元富-台南,2024-03-21,5929
2009,第一銅,8,0,8,元富-台南,2024-03-21,5929
8043,蜜望實,8,0,8,元富-台南,2024-03-21,5929
2376,技嘉,7,1,6,元富-台南,2024-03-21,5929
00930,永豐ESG低碳高息,6,0,6,元富-台南,2024-03-21,5929
2338,光罩,6,0,6,元富-台南,2024-03-21,5929
2610,華航,6,0,6,元富-台南,2024-03-21,5929
6176,瑞儀,6,0,6,元富-台南,2024-03-21,5929
6266,泰詠,6,0,6,元富-台南,2024-03-21,5929
6257,矽格,8,2,6,元富-台南,2024-03-21,5929
2603,長榮,22,17,5,元富-台南,2024-03-21,5929
1473,台南,5,0,5,元富-台南,2024-03-21,5929
1535,中宇,5,0,5,元富-台南,2024-03-21,5929
2417,圓剛,5,0,5,元富-台南,2024-03-21,5929
2468,華經,5,0,5,元富-台南,2024-03-21,5929
4108,懷特,5,0,5,元富-台南,2024-03-21,5929
6026,福邦證,5,0,5,元富-台南,2024-03-21,5929
6127,九豪,5,0,5,元富-台南,2024-03-21,5929
3231,緯創,274,11,263,元富-台南,2024-03-22,5929
2317,鴻海,464,236,228,元富-台南,2024-03-22,5929
2353,宏��,210,77,133,元富-台南,2024-03-22,5929
1473,台南,80,0,80,元富-台南,2024-03-22,5929
4121,優盛,63,0,63,元富-台南,2024-03-22,5929
00939,統一台灣高息動能,93,35,58,元富-台南,2024-03-22,5929
2367,燿華,61,4,57,元富-台南,2024-03-22,5929
00637L,元大滬深300正2,55,0,55,元富-台南,2024-03-22,5929
2888,新光金,58,16,42,元富-台南,2024-03-22,5929
2349,錸德,30,0,30,元富-台南,2024-03-22,5929
2344,華邦電,37,12,25,元富-台南,2024-03-22,5929
1605,華新,23,1,22,元富-台南,2024-03-22,5929
2371,大同,25,3,22,元富-台南,2024-03-22,5929
2883,凱基金,35,14,21,元富-台南,2024-03-22,5929
6163,華電網,39,19,20,元富-台南,2024-03-22,5929
2867,三商壽,20,0,20,元富-台南,2024-03-22,5929
00673R,期元大S＆P原油反1,20,1,19,元富-台南,2024-03-22,5929
3663,鑫科,20,1,19,元富-台南,2024-03-22,5929
2834,臺企銀,15,0,15,元富-台南,2024-03-22,5929
3581,博磊,23,9,14,元富-台南,2024-03-22,5929
3706,神達,21,8,13,元富-台南,2024-03-22,5929
6196,帆宣,15,2,13,元富-台南,2024-03-22,5929
6292,迅德,13,0,13,元富-台南,2024-03-22,5929
1785,光洋科,19,8,11,元富-台南,2024-03-22,5929
1301,台塑,11,0,11,元富-台南,2024-03-22,5929
00937B,群益ESG投等債20,26,16,10,元富-台南,2024-03-22,5929
00680L,元大美債20正2,10,0,10,元富-台南,2024-03-22,5929
1444,力麗,20,10,10,元富-台南,2024-03-22,5929
1815,富喬,10,0,10,元富-台南,2024-03-22,5929
3264,欣銓,13,3,10,元富-台南,2024-03-22,5929
3712,永崴投控,10,0,10,元富-台南,2024-03-22,5929
6005,群益證,10,0,10,元富-台南,2024-03-22,5929
6129,普誠,11,1,10,元富-台南,2024-03-22,5929
2903,遠百,10,1,9,元富-台南,2024-03-22,5929
1314,中石化,12,3,9,元富-台南,2024-03-22,5929
1504,東元,11,3,8,元富-台南,2024-03-22,5929
6278,台表科,8,0,8,元富-台南,2024-03-22,5929
2006,東和鋼鐵,7,0,7,元富-台南,2024-03-22,5929
2486,一詮,18,11,7,元富-台南,2024-03-22,5929
3689,湧德,10,3,7,元富-台南,2024-03-22,5929
2891,中信金,8,1,7,元富-台南,2024-03-22,5929
00753L,中信中國50正2,6,0,6,元富-台南,2024-03-22,5929
4967,十銓,6,0,6,元富-台南,2024-03-22,5929
6176,瑞儀,9,3,6,元富-台南,2024-03-22,5929
0050,元大台灣50,6,0,6,元富-台南,2024-03-22,5929
2474,可成,6,0,6,元富-台南,2024-03-22,5929
2376,技嘉,20,15,5,元富-台南,2024-03-22,5929
2548,華固,5,0,5,元富-台南,2024-03-22,5929
3033,威健,7,2,5,元富-台南,2024-03-22,5929
1503,士電,31,26,5,元富-台南,2024-03-22,5929
00937B,群益ESG投等債20,946,6,940,元富-台南,2024-03-25,5929
00680L,元大美債20正2,501,5,496,元富-台南,2024-03-25,5929
2405,輔信,180,0,180,元富-台南,2024-03-25,5929
5222,全訊,169,9,160,元富-台南,2024-03-25,5929
2903,遠百,107,1,106,元富-台南,2024-03-25,5929
8070,長華*,95,0,95,元富-台南,2024-03-25,5929
2356,英業達,135,64,71,元富-台南,2024-03-25,5929
2486,一詮,83,19,64,元富-台南,2024-03-25,5929
1473,台南,55,0,55,元富-台南,2024-03-25,5929
00939,統一台灣高息動能,50,3,47,元富-台南,2024-03-25,5929
1314,中石化,66,20,46,元富-台南,2024-03-25,5929
00919,群益台灣精選高息,54,12,42,元富-台南,2024-03-25,5929
2337,旺宏,33,0,33,元富-台南,2024-03-25,5929
2834,臺企銀,38,7,31,元富-台南,2024-03-25,5929
00857B,永豐20年美公債,30,0,30,元富-台南,2024-03-25,5929
2303,聯電,29,3,26,元富-台南,2024-03-25,5929
3483,力致,26,3,23,元富-台南,2024-03-25,5929
2367,燿華,38,17,21,元富-台南,2024-03-25,5929
3050,鈺德,20,0,20,元富-台南,2024-03-25,5929
3607,谷崧,20,0,20,元富-台南,2024-03-25,5929
8040,九暘,18,0,18,元富-台南,2024-03-25,5929
00929,復華台灣科技優息,16,0,16,元富-台南,2024-03-25,5929
1815,富喬,17,1,16,元富-台南,2024-03-25,5929
3663,鑫科,15,0,15,元富-台南,2024-03-25,5929
2820,華票,15,0,15,元富-台南,2024-03-25,5929
3202,樺晟,15,0,15,元富-台南,2024-03-25,5929
6005,群益證,20,5,15,元富-台南,2024-03-25,5929
3312,弘憶股,17,4,13,元富-台南,2024-03-25,5929
2474,可成,14,2,12,元富-台南,2024-03-25,5929
6182,合晶,12,0,12,元富-台南,2024-03-25,5929
00941,中信上游半導體,215,203,12,元富-台南,2024-03-25,5929
2881,富邦金,10,0,10,元富-台南,2024-03-25,5929
1909,榮成,10,0,10,元富-台南,2024-03-25,5929
2501,國建,10,0,10,元富-台南,2024-03-25,5929
2606,裕民,10,0,10,元富-台南,2024-03-25,5929
2809,京城銀,10,0,10,元富-台南,2024-03-25,5929
3706,神達,17,7,10,元富-台南,2024-03-25,5929
1603,華電,9,0,9,元富-台南,2024-03-25,5929
1612,宏泰,9,0,9,元富-台南,2024-03-25,5929
3481,群創,41,33,8,元富-台南,2024-03-25,5929
1449,佳和,8,0,8,元富-台南,2024-03-25,5929
2301,光寶科,9,1,8,元富-台南,2024-03-25,5929
2365,昆盈,8,0,8,元富-台南,2024-03-25,5929
2537,聯上發,10,2,8,元富-台南,2024-03-25,5929
3710,連展投控,8,0,8,元富-台南,2024-03-25,5929
2891,中信金,11,4,7,元富-台南,2024-03-25,5929
5439,高技,10,3,7,元富-台南,2024-03-25,5929
1504,東元,11,4,7,元富-台南,2024-03-25,5929
2504,國產,23,16,7,元富-台南,2024-03-25,5929
6143,振曜,7,0,7,元富-台南,2024-03-25,5929
2867,三商壽,228,0,228,元富-台南,2024-03-26,5929
1513,中興電,158,72,86,元富-台南,2024-03-26,5929
00637L,元大滬深300正2,70,0,70,元富-台南,2024-03-26,5929
2344,華邦電,64,11,53,元富-台南,2024-03-26,5929
2025,千興,50,0,50,元富-台南,2024-03-26,5929
00937B,群益ESG投等債20,172,133,39,元富-台南,2024-03-26,5929
2328,廣宇,30,0,30,元富-台南,2024-03-26,5929
1611,中電,30,0,30,元富-台南,2024-03-26,5929
5864,致和證,28,0,28,元富-台南,2024-03-26,5929
00919,群益台灣精選高息,50,23,27,元富-台南,2024-03-26,5929
2367,燿華,42,16,26,元富-台南,2024-03-26,5929
2537,聯上發,50,25,25,元富-台南,2024-03-26,5929
5324,士開,25,0,25,元富-台南,2024-03-26,5929
3706,神達,26,3,23,元富-台南,2024-03-26,5929
00680L,元大美債20正2,22,0,22,元富-台南,2024-03-26,5929
8933,愛地雅,21,0,21,元富-台南,2024-03-26,5929
00665L,富邦�琤肭磪囓�2,20,0,20,元富-台南,2024-03-26,5929
1304,台聚,20,0,20,元富-台南,2024-03-26,5929
2356,英業達,50,31,19,元富-台南,2024-03-26,5929
2486,一詮,23,4,19,元富-台南,2024-03-26,5929
00939,統一台灣高息動能,48,30,18,元富-台南,2024-03-26,5929
8040,九暘,18,0,18,元富-台南,2024-03-26,5929
2609,陽明,21,5,16,元富-台南,2024-03-26,5929
2371,大同,54,39,15,元富-台南,2024-03-26,5929
00633L,富邦上証正2,13,0,13,元富-台南,2024-03-26,5929
00715L,期街口布蘭特正2,13,0,13,元富-台南,2024-03-26,5929
1522,堤維西,11,0,11,元富-台南,2024-03-26,5929
2406,國碩,11,0,11,元富-台南,2024-03-26,5929
4526,東台,20,9,11,元富-台南,2024-03-26,5929
00697B,元大美債7-10,10,0,10,元富-台南,2024-03-26,5929
1597,直得,11,1,10,元富-台南,2024-03-26,5929
2387,精元,10,0,10,元富-台南,2024-03-26,5929
2820,華票,10,0,10,元富-台南,2024-03-26,5929
3522,御嵿,10,0,10,元富-台南,2024-03-26,5929
5608,四維航,10,0,10,元富-台南,2024-03-26,5929
6005,群益證,10,0,10,元富-台南,2024-03-26,5929
8011,台通,10,0,10,元富-台南,2024-03-26,5929
3059,華晶科,9,0,9,元富-台南,2024-03-26,5929
2618,長榮航,8,0,8,元富-台南,2024-03-26,5929
6242,立康,8,0,8,元富-台南,2024-03-26,5929
2428,興勤,10,2,8,元富-台南,2024-03-26,5929
6143,振曜,7,0,7,元富-台南,2024-03-26,5929
1514,亞力,47,40,7,元富-台南,2024-03-26,5929
00891,中信關鍵半導體,13,7,6,元富-台南,2024-03-26,5929
4979,華星光,11,5,6,元富-台南,2024-03-26,5929
1449,佳和,6,0,6,元富-台南,2024-03-26,5929
3669,圓展,23,17,6,元富-台南,2024-03-26,5929
6233,旺玖,6,0,6,元富-台南,2024-03-26,5929
6266,泰詠,6,0,6,元富-台南,2024-03-26,5929
8027,鈦昇,6,0,6,元富-台南,2024-03-26,5929
2317,鴻海,466,73,393,元富-台南,2024-03-27,5929
2888,新光金,110,0,110,元富-台南,2024-03-27,5929
00909,國泰數位支付服務,52,0,52,元富-台南,2024-03-27,5929
1101,台泥,40,0,40,元富-台南,2024-03-27,5929
6292,迅德,37,0,37,元富-台南,2024-03-27,5929
2303,聯電,44,16,28,元富-台南,2024-03-27,5929
00937B,群益ESG投等債20,25,0,25,元富-台南,2024-03-27,5929
00915,凱基優選高股息30,23,0,23,元富-台南,2024-03-27,5929
1513,中興電,37,19,18,元富-台南,2024-03-27,5929
1616,億泰,21,3,18,元富-台南,2024-03-27,5929
5324,士開,18,0,18,元富-台南,2024-03-27,5929
2301,光寶科,22,5,17,元富-台南,2024-03-27,5929
3715,定穎投控,23,6,17,元富-台南,2024-03-27,5929
00941,中信上游半導體,17,0,17,元富-台南,2024-03-27,5929
00939,統一台灣高息動能,19,3,16,元富-台南,2024-03-27,5929
4714,永捷,16,2,14,元富-台南,2024-03-27,5929
3481,群創,24,11,13,元富-台南,2024-03-27,5929
4979,華星光,13,0,13,元富-台南,2024-03-27,5929
8092,建暐,13,0,13,元富-台南,2024-03-27,5929
6215,和椿,15,3,12,元富-台南,2024-03-27,5929
2353,宏��,15,3,12,元富-台南,2024-03-27,5929
2883,凱基金,127,115,12,元富-台南,2024-03-27,5929
9941,裕融,11,0,11,元富-台南,2024-03-27,5929
2464,盟立,24,13,11,元富-台南,2024-03-27,5929
5880,合庫金,10,0,10,元富-台南,2024-03-27,5929
2486,一詮,22,12,10,元富-台南,2024-03-27,5929
00933B,國泰10Y+金融債,10,0,10,元富-台南,2024-03-27,5929
1529,樂事綠能,10,0,10,元富-台南,2024-03-27,5929
3312,弘憶股,12,2,10,元富-台南,2024-03-27,5929
3712,永崴投控,10,0,10,元富-台南,2024-03-27,5929
4142,國光生,10,0,10,元富-台南,2024-03-27,5929
5864,致和證,10,0,10,元富-台南,2024-03-27,5929
9802,鈺齊-KY,10,0,10,元富-台南,2024-03-27,5929
3706,神達,33,24,9,元富-台南,2024-03-27,5929
00687B,國泰20年美債,9,0,9,元富-台南,2024-03-27,5929
1524,耿鼎,11,2,9,元富-台南,2024-03-27,5929
2610,華航,12,3,9,元富-台南,2024-03-27,5929
5464,霖宏,9,0,9,元富-台南,2024-03-27,5929
6176,瑞儀,10,1,9,元富-台南,2024-03-27,5929
6143,振曜,8,0,8,元富-台南,2024-03-27,5929
1808,潤隆,15,7,8,元富-台南,2024-03-27,5929
2105,正新,8,0,8,元富-台南,2024-03-27,5929
2208,台船,8,0,8,元富-台南,2024-03-27,5929
8040,九暘,11,3,8,元富-台南,2024-03-27,5929
2409,友達,7,0,7,元富-台南,2024-03-27,5929
6712,長聖,7,0,7,元富-台南,2024-03-27,5929
2382,廣達,9,2,7,元富-台南,2024-03-27,5929
6770,力積電,7,0,7,元富-台南,2024-03-27,5929
00918,大華優利高填息30,6,0,6,元富-台南,2024-03-27,5929
4576,大銀微系統,7,1,6,元富-台南,2024-03-27,5929
2883,凱基金,115,29,86,元富-台南,2024-03-28,5929
00937B,群益ESG投等債20,71,1,70,元富-台南,2024-03-28,5929
6929,佑全,64,1,63,元富-台南,2024-03-28,5929
2412,中華電,120,60,60,元富-台南,2024-03-28,5929
00929,復華台灣科技優息,64,5,59,元富-台南,2024-03-28,5929
8033,雷虎,59,7,52,元富-台南,2024-03-28,5929
2881,富邦金,41,0,41,元富-台南,2024-03-28,5929
2371,大同,78,39,39,元富-台南,2024-03-28,5929
2301,光寶科,39,0,39,元富-台南,2024-03-28,5929
2337,旺宏,41,5,36,元富-台南,2024-03-28,5929
00882,中信中國高股息,35,0,35,元富-台南,2024-03-28,5929
2329,華泰,35,2,33,元富-台南,2024-03-28,5929
2303,聯電,44,12,32,元富-台南,2024-03-28,5929
00919,群益台灣精選高息,46,14,32,元富-台南,2024-03-28,5929
6282,康舒,26,0,26,元富-台南,2024-03-28,5929
00679B,元大美債20年,24,0,24,元富-台南,2024-03-28,5929
1473,台南,20,0,20,元富-台南,2024-03-28,5929
2354,鴻準,36,17,19,元富-台南,2024-03-28,5929
2330,台積電,18,0,18,元富-台南,2024-03-28,5929
2801,彰銀,17,0,17,元富-台南,2024-03-28,5929
3231,緯創,20,6,14,元富-台南,2024-03-28,5929
00939,統一台灣高息動能,17,3,14,元富-台南,2024-03-28,5929
3013,晟銘電,22,8,14,元富-台南,2024-03-28,5929
5272,笙科,14,0,14,元富-台南,2024-03-28,5929
6143,振曜,14,2,12,元富-台南,2024-03-28,5929
3481,群創,15,3,12,元富-台南,2024-03-28,5929
1603,華電,18,7,11,元富-台南,2024-03-28,5929
2401,凌陽,14,4,10,元富-台南,2024-03-28,5929
1444,力麗,10,0,10,元富-台南,2024-03-28,5929
2352,佳世達,15,5,10,元富-台南,2024-03-28,5929
2501,國建,10,0,10,元富-台南,2024-03-28,5929
2812,台中銀,10,0,10,元富-台南,2024-03-28,5929
2913,農林,10,0,10,元富-台南,2024-03-28,5929
3002,歐格,10,0,10,元富-台南,2024-03-28,5929
3714,富采,10,0,10,元富-台南,2024-03-28,5929
4526,東台,22,12,10,元富-台南,2024-03-28,5929
2887,台新金,10,1,9,元富-台南,2024-03-28,5929
8110,華東,90,81,9,元富-台南,2024-03-28,5929
3706,神達,14,5,9,元富-台南,2024-03-28,5929
6242,立康,8,0,8,元富-台南,2024-03-28,5929
8916,光隆,8,0,8,元富-台南,2024-03-28,5929
3005,神基,13,5,8,元富-台南,2024-03-28,5929
1314,中石化,9,2,7,元富-台南,2024-03-28,5929
1616,億泰,9,2,7,元富-台南,2024-03-28,5929
5864,致和證,7,0,7,元富-台南,2024-03-28,5929
8011,台通,7,0,7,元富-台南,2024-03-28,5929
9904,寶成,10,3,7,元富-台南,2024-03-28,5929
00687B,國泰20年美債,6,0,6,元富-台南,2024-03-28,5929
3060,銘異,6,0,6,元富-台南,2024-03-28,5929
4714,永捷,16,10,6,元富-台南,2024-03-28,5929
2464,盟立,103,1,102,元富-台南,2024-03-29,5929
00680L,元大美債20正2,100,7,93,元富-台南,2024-03-29,5929
6929,佑全,77,0,77,元富-台南,2024-03-29,5929
3706,神達,75,12,63,元富-台南,2024-03-29,5929
4526,東台,94,44,50,元富-台南,2024-03-29,5929
2371,大同,61,12,49,元富-台南,2024-03-29,5929
00937B,群益ESG投等債20,43,0,43,元富-台南,2024-03-29,5929
1609,大亞,54,20,34,元富-台南,2024-03-29,5929
2886,兆豐金,27,1,26,元富-台南,2024-03-29,5929
1524,耿鼎,29,6,23,元富-台南,2024-03-29,5929
5432,新門,21,0,21,元富-台南,2024-03-29,5929
2834,臺企銀,24,3,21,元富-台南,2024-03-29,5929
1101,台泥,21,4,17,元富-台南,2024-03-29,5929
1815,富喬,44,27,17,元富-台南,2024-03-29,5929
3481,群創,20,4,16,元富-台南,2024-03-29,5929
6126,信音,18,2,16,元富-台南,2024-03-29,5929
5309,系統電,14,0,14,元富-台南,2024-03-29,5929
3005,神基,15,1,14,元富-台南,2024-03-29,5929
1603,華電,18,6,12,元富-台南,2024-03-29,5929
2486,一詮,32,20,12,元富-台南,2024-03-29,5929
1301,台塑,10,0,10,元富-台南,2024-03-29,5929
1444,力麗,10,0,10,元富-台南,2024-03-29,5929
2367,燿華,21,11,10,元富-台南,2024-03-29,5929
3346,麗清,10,0,10,元富-台南,2024-03-29,5929
3712,永崴投控,10,0,10,元富-台南,2024-03-29,5929
6292,迅德,10,0,10,元富-台南,2024-03-29,5929
6416,瑞祺電通,11,1,10,元富-台南,2024-03-29,5929
8105,凌巨,10,0,10,元富-台南,2024-03-29,5929
8271,宇瞻,10,0,10,元富-台南,2024-03-29,5929
2328,廣宇,11,2,9,元富-台南,2024-03-29,5929
00882,中信中國高股息,10,1,9,元富-台南,2024-03-29,5929
1316,上曜,12,3,9,元富-台南,2024-03-29,5929
2383,台光電,10,1,9,元富-台南,2024-03-29,5929
2421,建準,14,5,9,元富-台南,2024-03-29,5929
3062,建漢,9,0,9,元富-台南,2024-03-29,5929
5864,致和證,9,0,9,元富-台南,2024-03-29,5929
1618,合機,9,0,9,元富-台南,2024-03-29,5929
1726,永記,7,0,7,元富-台南,2024-03-29,5929
2392,正崴,15,8,7,元富-台南,2024-03-29,5929
00712,復華富時不動產,6,0,6,元富-台南,2024-03-29,5929
1796,金穎生技,6,0,6,元富-台南,2024-03-29,5929
2324,仁寶,13,7,6,元富-台南,2024-03-29,5929
2528,皇普,6,0,6,元富-台南,2024-03-29,5929
3704,合勤控,6,0,6,元富-台南,2024-03-29,5929
8054,安國,11,5,6,元富-台南,2024-03-29,5929
5515,建國,6,0,6,元富-台南,2024-03-29,5929
00857B,永豐20年美公債,5,0,5,元富-台南,2024-03-29,5929
00633L,富邦上証正2,5,0,5,元富-台南,2024-03-29,5929
1808,潤隆,5,0,5,元富-台南,2024-03-29,5929
2488,漢平,5,0,5,元富-台南,2024-03-29,5929
00940,元大台灣價值高息,503,147,356,元富-台南,2024-04-01,5929
2317,鴻海,407,108,299,元富-台南,2024-04-01,5929
6806,森崴能源,103,4,99,元富-台南,2024-04-01,5929
6189,豐藝,78,11,67,元富-台南,2024-04-01,5929
2356,英業達,80,31,49,元富-台南,2024-04-01,5929
2834,臺企銀,40,0,40,元富-台南,2024-04-01,5929
1815,富喬,46,7,39,元富-台南,2024-04-01,5929
5864,致和證,49,13,36,元富-台南,2024-04-01,5929
1612,宏泰,30,1,29,元富-台南,2024-04-01,5929
2891,中信金,35,9,26,元富-台南,2024-04-01,5929
1609,大亞,28,4,24,元富-台南,2024-04-01,5929
3231,緯創,35,11,24,元富-台南,2024-04-01,5929
2634,漢翔,28,5,23,元富-台南,2024-04-01,5929
1603,華電,22,0,22,元富-台南,2024-04-01,5929
2630,亞航,22,0,22,元富-台南,2024-04-01,5929
3312,弘憶股,28,7,21,元富-台南,2024-04-01,5929
2354,鴻準,25,5,20,元富-台南,2024-04-01,5929
00939,統一台灣高息動能,22,3,19,元富-台南,2024-04-01,5929
00929,復華台灣科技優息,18,0,18,元富-台南,2024-04-01,5929
4938,和碩,17,0,17,元富-台南,2024-04-01,5929
3711,日月光投控,15,0,15,元富-台南,2024-04-01,5929
6196,帆宣,15,0,15,元富-台南,2024-04-01,5929
8040,九暘,20,7,13,元富-台南,2024-04-01,5929
9934,成霖,19,6,13,元富-台南,2024-04-01,5929
912000,晨訊科-DR,12,0,12,元富-台南,2024-04-01,5929
0055,元大MSCI金融,10,0,10,元富-台南,2024-04-01,5929
00633L,富邦上証正2,10,0,10,元富-台南,2024-04-01,5929
2472,立隆電,11,1,10,元富-台南,2024-04-01,5929
8390,金益鼎,10,0,10,元富-台南,2024-04-01,5929
4746,台耀,10,0,10,元富-台南,2024-04-01,5929
0056,元大高股息,9,1,8,元富-台南,2024-04-01,5929
00937B,群益ESG投等債20,9,0,9,元富-台南,2024-04-01,5929
3013,晟銘電,15,7,8,元富-台南,2024-04-01,5929
2303,聯電,10,2,8,元富-台南,2024-04-01,5929
5483,中美晶,9,2,7,元富-台南,2024-04-01,5929
3090,日電貿,8,1,7,元富-台南,2024-04-01,5929
00904,新光臺灣半導體30,6,0,6,元富-台南,2024-04-01,5929
2009,第一銅,30,24,6,元富-台南,2024-04-01,5929
3551,世禾,6,0,6,元富-台南,2024-04-01,5929
6117,迎廣,6,0,6,元富-台南,2024-04-01,5929
6182,合晶,6,0,6,元富-台南,2024-04-01,5929
6491,晶碩,6,0,6,元富-台南,2024-04-01,5929
6187,萬潤,5,0,5,元富-台南,2024-04-01,5929
2603,長榮,5,0,5,元富-台南,2024-04-01,5929
2330,台積電,5,0,5,元富-台南,2024-04-01,5929
00715L,期街口布蘭特正2,5,0,5,元富-台南,2024-04-01,5929
2801,彰銀,5,0,5,元富-台南,2024-04-01,5929
2820,華票,5,0,5,元富-台南,2024-04-01,5929
3024,憶聲,5,0,5,元富-台南,2024-04-01,5929
6153,嘉聯益,5,0,5,元富-台南,2024-04-01,5929
1104,環泥,501,0,501,元富-台南,2024-04-02,5929
2618,長榮航,144,2,142,元富-台南,2024-04-02,5929
00940,元大台灣價值高息,169,38,131,元富-台南,2024-04-02,5929
00688L,國泰20年美債正2,101,0,101,元富-台南,2024-04-02,5929
6806,森崴能源,65,0,65,元富-台南,2024-04-02,5929
1473,台南,55,0,55,元富-台南,2024-04-02,5929
3663,鑫科,55,0,55,元富-台南,2024-04-02,5929
00680L,元大美債20正2,49,0,49,元富-台南,2024-04-02,5929
2883,凱基金,54,10,44,元富-台南,2024-04-02,5929
00937B,群益ESG投等債20,36,1,35,元富-台南,2024-04-02,5929
1612,宏泰,32,0,32,元富-台南,2024-04-02,5929
8040,九暘,32,0,32,元富-台南,2024-04-02,5929
1609,大亞,31,0,31,元富-台南,2024-04-02,5929
2891,中信金,30,0,30,元富-台南,2024-04-02,5929
2344,華邦電,39,10,29,元富-台南,2024-04-02,5929
6929,佑全,28,0,28,元富-台南,2024-04-02,5929
1717,長興,26,2,24,元富-台南,2024-04-02,5929
2882,國泰金,23,0,23,元富-台南,2024-04-02,5929
2845,遠東銀,20,0,20,元富-台南,2024-04-02,5929
2421,建準,19,0,19,元富-台南,2024-04-02,5929
2834,臺企銀,19,0,19,元富-台南,2024-04-02,5929
00891,中信關鍵半導體,20,3,17,元富-台南,2024-04-02,5929
6143,振曜,17,1,16,元富-台南,2024-04-02,5929
00679B,元大美債20年,19,4,15,元富-台南,2024-04-02,5929
6189,豐藝,17,4,13,元富-台南,2024-04-02,5929
3689,湧德,13,1,12,元富-台南,2024-04-02,5929
9921,巨大,12,0,12,元富-台南,2024-04-02,5929
1616,億泰,12,0,12,元富-台南,2024-04-02,5929
2515,中工,43,32,11,元富-台南,2024-04-02,5929
8092,建暐,11,0,11,元富-台南,2024-04-02,5929
6120,達運,20,10,10,元富-台南,2024-04-02,5929
6122,擎邦,10,0,10,元富-台南,2024-04-02,5929
1314,中石化,10,1,9,元富-台南,2024-04-02,5929
1603,華電,12,3,9,元富-台南,2024-04-02,5929
00857B,永豐20年美公債,8,0,8,元富-台南,2024-04-02,5929
00722B,群益投資級電信債,7,0,7,元富-台南,2024-04-02,5929
4967,十銓,12,5,7,元富-台南,2024-04-02,5929
4938,和碩,10,3,7,元富-台南,2024-04-02,5929
2356,英業達,37,30,7,元富-台南,2024-04-02,5929
2330,台積電,19,12,7,元富-台南,2024-04-02,5929
00931B,統一美債20年,6,0,6,元富-台南,2024-04-02,5929
3017,奇鋐,6,0,6,元富-台南,2024-04-02,5929
00632R,元大台灣50反1,6,0,6,元富-台南,2024-04-02,5929
1504,東元,8,2,6,元富-台南,2024-04-02,5929
1815,富喬,7,1,6,元富-台南,2024-04-02,5929
2354,鴻準,7,1,6,元富-台南,2024-04-02,5929
5386,青雲,9,3,6,元富-台南,2024-04-02,5929
8028,昇陽半導體,7,1,6,元富-台南,2024-04-02,5929
2492,華新科,11,5,6,元富-台南,2024-04-02,5929
5347,世界,5,0,5,元富-台南,2024-04-02,5929
1210,大成,293,0,293,元富-台南,2024-04-03,5929
2317,鴻海,517,306,211,元富-台南,2024-04-03,5929
1104,環泥,190,1,189,元富-台南,2024-04-03,5929
00937B,群益ESG投等債20,183,6,177,元富-台南,2024-04-03,5929
00940,元大台灣價值高息,157,1,156,元富-台南,2024-04-03,5929
00772B,中信高評級公司債,100,0,100,元富-台南,2024-04-03,5929
00929,復華台灣科技優息,84,10,74,元富-台南,2024-04-03,5929
00680L,元大美債20正2,123,50,73,元富-台南,2024-04-03,5929
00857B,永豐20年美公債,68,0,68,元富-台南,2024-04-03,5929
2618,長榮航,58,0,58,元富-台南,2024-04-03,5929
8040,九暘,50,0,50,元富-台南,2024-04-03,5929
3481,群創,61,13,48,元富-台南,2024-04-03,5929
1473,台南,45,0,45,元富-台南,2024-04-03,5929
5864,致和證,45,0,45,元富-台南,2024-04-03,5929
2486,一詮,96,53,43,元富-台南,2024-04-03,5929
00733,富邦臺灣中小,39,0,39,元富-台南,2024-04-03,5929
1609,大亞,52,21,31,元富-台南,2024-04-03,5929
2489,瑞軒,30,0,30,元富-台南,2024-04-03,5929
3016,嘉晶,30,0,30,元富-台南,2024-04-03,5929
2301,光寶科,25,2,23,元富-台南,2024-04-03,5929
6929,佑全,21,0,21,元富-台南,2024-04-03,5929
2603,長榮,21,0,21,元富-台南,2024-04-03,5929
3078,僑威,20,0,20,元富-台南,2024-04-03,5929
2883,凱基金,21,3,18,元富-台南,2024-04-03,5929
2002,中鋼,31,13,18,元富-台南,2024-04-03,5929
6282,康舒,18,0,18,元富-台南,2024-04-03,5929
3535,晶彩科,20,3,17,元富-台南,2024-04-03,5929
00919,群益台灣精選高息,20,3,17,元富-台南,2024-04-03,5929
2845,遠東銀,18,4,14,元富-台南,2024-04-03,5929
5383,金利,25,11,14,元富-台南,2024-04-03,5929
00941,中信上游半導體,13,0,13,元富-台南,2024-04-03,5929
00725B,國泰投資級公司債,12,0,12,元富-台南,2024-04-03,5929
6189,豐藝,26,14,12,元富-台南,2024-04-03,5929
2801,彰銀,12,1,11,元富-台南,2024-04-03,5929
3090,日電貿,11,0,11,元富-台南,2024-04-03,5929
3702,大聯大,12,1,11,元富-台南,2024-04-03,5929
6806,森崴能源,13,2,11,元富-台南,2024-04-03,5929
1402,遠東新,11,0,11,元富-台南,2024-04-03,5929
2492,華新科,10,0,10,元富-台南,2024-04-03,5929
00665L,富邦�琤肭磪囓�2,10,0,10,元富-台南,2024-04-03,5929
1582,信錦,10,0,10,元富-台南,2024-04-03,5929
2460,建通,10,0,10,元富-台南,2024-04-03,5929
2820,華票,10,0,10,元富-台南,2024-04-03,5929
00720B,元大投資級公司債,9,0,9,元富-台南,2024-04-03,5929
00679B,元大美債20年,9,0,9,元富-台南,2024-04-03,5929
2303,聯電,9,0,9,元富-台南,2024-04-03,5929
2888,新光金,8,0,8,元富-台南,2024-04-03,5929
1815,富喬,10,2,8,元富-台南,2024-04-03,5929
2405,輔信,8,0,8,元富-台南,2024-04-03,5929
8064,東捷,21,13,8,元富-台南,2024-04-03,5929
00940,元大台灣價值高息,182,4,178,元富-台南,2024-04-08,5929
00929,復華台灣科技優息,179,2,177,元富-台南,2024-04-08,5929
1210,大成,127,0,127,元富-台南,2024-04-08,5929
2618,長榮航,101,0,101,元富-台南,2024-04-08,5929
2887,台新金,100,0,100,元富-台南,2024-04-08,5929
00637L,元大滬深300正2,100,0,100,元富-台南,2024-04-08,5929
00878,國泰永續高股息,99,0,99,元富-台南,2024-04-08,5929
3339,泰谷,70,0,70,元富-台南,2024-04-08,5929
00688L,國泰20年美債正2,61,1,60,元富-台南,2024-04-08,5929
0056,元大高股息,53,0,53,元富-台南,2024-04-08,5929
00919,群益台灣精選高息,50,0,50,元富-台南,2024-04-08,5929
3231,緯創,54,14,40,元富-台南,2024-04-08,5929
2458,義隆,40,1,39,元富-台南,2024-04-08,5929
2371,大同,44,6,38,元富-台南,2024-04-08,5929
1806,冠軍,33,0,33,元富-台南,2024-04-08,5929
2356,英業達,41,14,27,元富-台南,2024-04-08,5929
3663,鑫科,25,0,25,元富-台南,2024-04-08,5929
00937B,群益ESG投等債20,23,0,23,元富-台南,2024-04-08,5929
2382,廣達,29,10,19,元富-台南,2024-04-08,5929
4513,福裕,20,2,18,元富-台南,2024-04-08,5929
00679B,元大美債20年,18,1,17,元富-台南,2024-04-08,5929
2344,華邦電,20,3,17,元富-台南,2024-04-08,5929
3010,華立,23,9,14,元富-台南,2024-04-08,5929
6163,華電網,20,6,14,元富-台南,2024-04-08,5929
2324,仁寶,13,0,13,元富-台南,2024-04-08,5929
00687B,國泰20年美債,13,0,13,元富-台南,2024-04-08,5929
3050,鈺德,12,0,12,元富-台南,2024-04-08,5929
1504,東元,11,0,11,元富-台南,2024-04-08,5929
2010,春源,11,0,11,元富-台南,2024-04-08,5929
8358,金居,12,1,11,元富-台南,2024-04-08,5929
5434,崇越,11,1,10,元富-台南,2024-04-08,5929
1473,台南,10,0,10,元富-台南,2024-04-08,5929
3322,建舜電,10,0,10,元富-台南,2024-04-08,5929
3673,TPK-KY,10,0,10,元富-台南,2024-04-08,5929
5443,均豪,15,5,10,元富-台南,2024-04-08,5929
8105,凌巨,10,0,10,元富-台南,2024-04-08,5929
911868,同方友友-DR,10,0,10,元富-台南,2024-04-08,5929
912000,晨訊科-DR,10,0,10,元富-台南,2024-04-08,5929
00931B,統一美債20年,9,0,9,元富-台南,2024-04-08,5929
6668,中揚光,9,0,9,元富-台南,2024-04-08,5929
8027,鈦昇,9,0,9,元富-台南,2024-04-08,5929
00933B,國泰10Y+金融債,9,1,8,元富-台南,2024-04-08,5929
6789,采鈺,8,0,8,元富-台南,2024-04-08,5929
00795B,中信美國公債20年,8,0,8,元富-台南,2024-04-08,5929
6233,旺玖,8,0,8,元富-台南,2024-04-08,5929
00722B,群益投資級電信債,8,0,8,元富-台南,2024-04-08,5929
2328,廣宇,7,0,7,元富-台南,2024-04-08,5929
00857B,永豐20年美公債,7,0,7,元富-台南,2024-04-08,5929
3711,日月光投控,7,0,7,元富-台南,2024-04-08,5929
6443,元晶,8,1,7,元富-台南,2024-04-08,5929
1210,大成,380,0,380,元富-台南,2024-04-09,5929
00632R,元大台灣50反1,301,0,301,元富-台南,2024-04-09,5929
2317,鴻海,336,226,110,元富-台南,2024-04-09,5929
00929,復華台灣科技優息,62,5,57,元富-台南,2024-04-09,5929
2356,英業達,58,7,51,元富-台南,2024-04-09,5929
4973,廣穎,50,0,50,元富-台南,2024-04-09,5929
9105,泰金寶-DR,50,0,50,元富-台南,2024-04-09,5929
3231,緯創,59,13,46,元富-台南,2024-04-09,5929
8358,金居,57,21,36,元富-台南,2024-04-09,5929
912000,晨訊科-DR,29,0,29,元富-台南,2024-04-09,5929
2371,大同,39,13,26,元富-台南,2024-04-09,5929
6806,森崴能源,22,1,21,元富-台南,2024-04-09,5929
2474,可成,20,0,20,元富-台南,2024-04-09,5929
2834,臺企銀,20,0,20,元富-台南,2024-04-09,5929
6026,福邦證,20,0,20,元富-台南,2024-04-09,5929
2855,統一證,20,1,19,元富-台南,2024-04-09,5929
2382,廣達,24,10,14,元富-台南,2024-04-09,5929
00941,中信上游半導體,14,0,14,元富-台南,2024-04-09,5929
2618,長榮航,36,22,14,元富-台南,2024-04-09,5929
2615,萬海,13,0,13,元富-台南,2024-04-09,5929
00937B,群益ESG投等債20,14,1,13,元富-台南,2024-04-09,5929
2014,中鴻,20,8,12,元富-台南,2024-04-09,5929
6005,群益證,14,2,12,元富-台南,2024-04-09,5929
6234,高僑,19,7,12,元富-台南,2024-04-09,5929
6753,龍德造船,11,0,11,元富-台南,2024-04-09,5929
00652,富邦印度,10,0,10,元富-台南,2024-04-09,5929
00857B,永豐20年美公債,10,0,10,元富-台南,2024-04-09,5929
1326,台化,10,0,10,元富-台南,2024-04-09,5929
2547,日勝生,10,0,10,元富-台南,2024-04-09,5929
3028,增你強,10,0,10,元富-台南,2024-04-09,5929
5864,致和證,10,0,10,元富-台南,2024-04-09,5929
6120,達運,20,10,10,元富-台南,2024-04-09,5929
00680L,元大美債20正2,9,0,9,元富-台南,2024-04-09,5929
1101,台泥,9,1,8,元富-台南,2024-04-09,5929
1785,光洋科,11,3,8,元富-台南,2024-04-09,5929
2891,中信金,10,2,8,元富-台南,2024-04-09,5929
3217,優群,8,0,8,元富-台南,2024-04-09,5929
8027,鈦昇,8,0,8,元富-台南,2024-04-09,5929
2010,春源,10,3,7,元富-台南,2024-04-09,5929
2363,矽統,37,30,7,元富-台南,2024-04-09,5929
3010,華立,14,7,7,元富-台南,2024-04-09,5929
3052,夆典,7,0,7,元富-台南,2024-04-09,5929
8088,品安,9,2,7,元富-台南,2024-04-09,5929
00733,富邦臺灣中小,8,2,6,元富-台南,2024-04-09,5929
1806,冠軍,6,0,6,元富-台南,2024-04-09,5929
2337,旺宏,6,0,6,元富-台南,2024-04-09,5929
2387,精元,6,0,6,元富-台南,2024-04-09,5929
5230,雷笛克光學,6,0,6,元富-台南,2024-04-09,5929
6239,力成,6,0,6,元富-台南,2024-04-09,5929
2020,美亞,5,0,5,元富-台南,2024-04-09,5929
2888,新光金,120,7,113,元富-台南,2024-04-10,5929
1101,台泥,115,10,105,元富-台南,2024-04-10,5929
1104,環泥,100,0,100,元富-台南,2024-04-10,5929
2317,鴻海,126,37,89,元富-台南,2024-04-10,5929
1473,台南,43,0,43,元富-台南,2024-04-10,5929
2855,統一證,45,2,43,元富-台南,2024-04-10,5929
00909,國泰數位支付服務,38,0,38,元富-台南,2024-04-10,5929
1444,力麗,35,0,35,元富-台南,2024-04-10,5929
2329,華泰,120,86,34,元富-台南,2024-04-10,5929
00940,元大台灣價值高息,43,10,33,元富-台南,2024-04-10,5929
2027,大成鋼,33,1,32,元富-台南,2024-04-10,5929
1612,宏泰,32,3,29,元富-台南,2024-04-10,5929
3481,群創,44,17,27,元富-台南,2024-04-10,5929
2514,龍邦,29,4,25,元富-台南,2024-04-10,5929
2867,三商壽,22,0,22,元富-台南,2024-04-10,5929
6143,振曜,22,1,21,元富-台南,2024-04-10,5929
6245,立端,22,2,20,元富-台南,2024-04-10,5929
6443,元晶,20,0,20,元富-台南,2024-04-10,5929
2486,一詮,21,2,19,元富-台南,2024-04-10,5929
4513,福裕,40,21,19,元富-台南,2024-04-10,5929
3231,緯創,24,6,18,元富-台南,2024-04-10,5929
2515,中工,22,4,18,元富-台南,2024-04-10,5929
1514,亞力,39,24,15,元富-台南,2024-04-10,5929
3024,憶聲,15,0,15,元富-台南,2024-04-10,5929
8426,紅木-KY,15,0,15,元富-台南,2024-04-10,5929
2316,楠梓電,17,2,15,元富-台南,2024-04-10,5929
6016,康和證,14,0,14,元富-台南,2024-04-10,5929
6789,采鈺,15,1,14,元富-台南,2024-04-10,5929
00937B,群益ESG投等債20,14,0,14,元富-台南,2024-04-10,5929
00918,大華優利高填息30,13,0,13,元富-台南,2024-04-10,5929
6213,聯茂,19,6,13,元富-台南,2024-04-10,5929
6929,佑全,13,0,13,元富-台南,2024-04-10,5929
1513,中興電,24,12,12,元富-台南,2024-04-10,5929
8027,鈦昇,12,0,12,元富-台南,2024-04-10,5929
2464,盟立,27,15,12,元富-台南,2024-04-10,5929
9942,茂順,12,0,12,元富-台南,2024-04-10,5929
3576,聯合再生,20,8,12,元富-台南,2024-04-10,5929
9941,裕融,11,0,11,元富-台南,2024-04-10,5929
2367,燿華,17,6,11,元富-台南,2024-04-10,5929
2421,建準,13,2,11,元富-台南,2024-04-10,5929
5498,凱崴,11,0,11,元富-台南,2024-04-10,5929
2342,茂矽,11,0,11,元富-台南,2024-04-10,5929
1609,大亞,28,18,10,元富-台南,2024-04-10,5929
1314,中石化,10,0,10,元富-台南,2024-04-10,5929
2017,官田鋼,10,0,10,元富-台南,2024-04-10,5929
2328,廣宇,11,1,10,元富-台南,2024-04-10,5929
2535,達欣工,10,0,10,元富-台南,2024-04-10,5929
3002,歐格,10,0,10,元富-台南,2024-04-10,5929
3221,台嘉碩,10,0,10,元富-台南,2024-04-10,5929
3437,榮創,10,0,10,元富-台南,2024-04-10,5929
00937B,群益ESG投等債20,109,0,109,元富-台南,2024-04-11,5929
2610,華航,108,32,76,元富-台南,2024-04-11,5929
00637L,元大滬深300正2,70,1,69,元富-台南,2024-04-11,5929
2303,聯電,60,6,54,元富-台南,2024-04-11,5929
3481,群創,54,0,54,元富-台南,2024-04-11,5929
00688L,國泰20年美債正2,52,0,52,元富-台南,2024-04-11,5929
1101,台泥,50,0,50,元富-台南,2024-04-11,5929
6548,長科*,50,2,48,元富-台南,2024-04-11,5929
2009,第一銅,45,0,45,元富-台南,2024-04-11,5929
00712,復華富時不動產,40,0,40,元富-台南,2024-04-11,5929
6806,森崴能源,38,1,37,元富-台南,2024-04-11,5929
00940,元大台灣價值高息,53,21,32,元富-台南,2024-04-11,5929
8040,九暘,30,0,30,元富-台南,2024-04-11,5929
2882,國泰金,25,1,24,元富-台南,2024-04-11,5929
3231,緯創,33,10,23,元富-台南,2024-04-11,5929
1314,中石化,27,5,22,元富-台南,2024-04-11,5929
00857B,永豐20年美公債,20,0,20,元富-台南,2024-04-11,5929
1907,永豐餘,20,0,20,元富-台南,2024-04-11,5929
2329,華泰,45,25,20,元富-台南,2024-04-11,5929
00679B,元大美債20年,17,1,16,元富-台南,2024-04-11,5929
3056,富華新,28,12,16,元富-台南,2024-04-11,5929
8926,台汽電,16,0,16,元富-台南,2024-04-11,5929
2401,凌陽,15,0,15,元富-台南,2024-04-11,5929
3686,達能,15,0,15,元富-台南,2024-04-11,5929
1445,大宇,14,0,14,元富-台南,2024-04-11,5929
6469,大樹,13,0,13,元富-台南,2024-04-11,5929
8426,紅木-KY,13,0,13,元富-台南,2024-04-11,5929
0056,元大高股息,13,0,13,元富-台南,2024-04-11,5929
00720B,元大投資級公司債,15,2,13,元富-台南,2024-04-11,5929
2208,台船,12,0,12,元富-台南,2024-04-11,5929
9958,世紀鋼,12,0,12,元富-台南,2024-04-11,5929
2344,華邦電,21,10,11,元富-台南,2024-04-11,5929
00751B,元大AAA至A公司債,11,0,11,元富-台南,2024-04-11,5929
1522,堤維西,11,0,11,元富-台南,2024-04-11,5929
2609,陽明,12,1,11,元富-台南,2024-04-11,5929
3050,鈺德,11,0,11,元富-台南,2024-04-11,5929
1503,士電,16,6,10,元富-台南,2024-04-11,5929
1104,環泥,10,0,10,元富-台南,2024-04-11,5929
00680L,元大美債20正2,10,0,10,元富-台南,2024-04-11,5929
1310,台苯,10,0,10,元富-台南,2024-04-11,5929
1909,榮成,10,0,10,元富-台南,2024-04-11,5929
2349,錸德,10,0,10,元富-台南,2024-04-11,5929
2492,華新科,10,0,10,元富-台南,2024-04-11,5929
4175,杏一,10,0,10,元富-台南,2024-04-11,5929
5272,笙科,10,0,10,元富-台南,2024-04-11,5929
5328,華容,10,0,10,元富-台南,2024-04-11,5929
5432,新門,10,0,10,元富-台南,2024-04-11,5929
9105,泰金寶-DR,10,0,10,元富-台南,2024-04-11,5929
00929,復華台灣科技優息,9,0,9,元富-台南,2024-04-11,5929
3419,譁裕,9,0,9,元富-台南,2024-04-11,5929
8936,國統,145,1,144,元富-台南,2024-04-12,5929
2547,日勝生,60,0,60,元富-台南,2024-04-12,5929
00688L,國泰20年美債正2,51,0,51,元富-台南,2024-04-12,5929
4513,福裕,60,10,50,元富-台南,2024-04-12,5929
6189,豐藝,58,10,48,元富-台南,2024-04-12,5929
2883,凱基金,45,4,41,元富-台南,2024-04-12,5929
00929,復華台灣科技優息,50,9,41,元富-台南,2024-04-12,5929
2363,矽統,61,29,32,元富-台南,2024-04-12,5929
2009,第一銅,44,14,30,元富-台南,2024-04-12,5929
9939,宏全,30,1,29,元富-台南,2024-04-12,5929
1506,正道,25,0,25,元富-台南,2024-04-12,5929
00680L,元大美債20正2,53,30,23,元富-台南,2024-04-12,5929
00687B,國泰20年美債,22,0,22,元富-台南,2024-04-12,5929
4967,十銓,23,2,21,元富-台南,2024-04-12,5929
00937B,群益ESG投等債20,33,12,21,元富-台南,2024-04-12,5929
4114,健喬,20,0,20,元富-台南,2024-04-12,5929
9950,萬國通,20,0,20,元富-台南,2024-04-12,5929
2882,國泰金,20,1,19,元富-台南,2024-04-12,5929
1473,台南,19,0,19,元富-台南,2024-04-12,5929
2382,廣達,32,15,17,元富-台南,2024-04-12,5929
5381,合正,16,0,16,元富-台南,2024-04-12,5929
6170,統振,15,0,15,元富-台南,2024-04-12,5929
9904,寶成,15,0,15,元富-台南,2024-04-12,5929
00878,國泰永續高股息,14,0,14,元富-台南,2024-04-12,5929
2888,新光金,16,3,13,元富-台南,2024-04-12,5929
2834,臺企銀,13,0,13,元富-台南,2024-04-12,5929
2354,鴻準,13,1,12,元富-台南,2024-04-12,5929
1217,愛之味,11,0,11,元富-台南,2024-04-12,5929
2506,太設,11,0,11,元富-台南,2024-04-12,5929
8926,台汽電,11,0,11,元富-台南,2024-04-12,5929
3260,威剛,15,5,10,元富-台南,2024-04-12,5929
1101,台泥,10,0,10,元富-台南,2024-04-12,5929
00715L,期街口布蘭特正2,10,0,10,元富-台南,2024-04-12,5929
2201,裕隆,10,0,10,元富-台南,2024-04-12,5929
2476,鉅祥,11,1,10,元富-台南,2024-04-12,5929
2809,京城銀,10,0,10,元富-台南,2024-04-12,5929
3024,憶聲,10,0,10,元富-台南,2024-04-12,5929
6191,精成科,10,0,10,元富-台南,2024-04-12,5929
6237,驊訊,10,0,10,元富-台南,2024-04-12,5929
2329,華泰,13,3,10,元富-台南,2024-04-12,5929
2317,鴻海,19,10,9,元富-台南,2024-04-12,5929
2353,宏��,28,19,9,元富-台南,2024-04-12,5929
2344,華邦電,41,32,9,元富-台南,2024-04-12,5929
6117,迎廣,9,0,9,元富-台南,2024-04-12,5929
00940,元大台灣價值高息,31,22,9,元富-台南,2024-04-12,5929
00933B,國泰10Y+金融債,8,0,8,元富-台南,2024-04-12,5929
2472,立隆電,8,0,8,元富-台南,2024-04-12,5929
6806,森崴能源,17,9,8,元富-台南,2024-04-12,5929
4938,和碩,7,0,7,元富-台南,2024-04-12,5929
2634,漢翔,10,3,7,元富-台南,2024-04-12,5929
2867,三商壽,398,14,384,元富-台南,2024-04-15,5929
00941,中信上游半導體,166,0,166,元富-台南,2024-04-15,5929
5324,士開,100,1,99,元富-台南,2024-04-15,5929
1513,中興電,112,34,78,元富-台南,2024-04-15,5929
00929,復華台灣科技優息,99,23,76,元富-台南,2024-04-15,5929
1101,台泥,76,12,64,元富-台南,2024-04-15,5929
3712,永崴投控,67,6,61,元富-台南,2024-04-15,5929
2486,一詮,41,0,41,元富-台南,2024-04-15,5929
3312,弘憶股,30,1,29,元富-台南,2024-04-15,5929
5864,致和證,29,0,29,元富-台南,2024-04-15,5929
2010,春源,25,0,25,元富-台南,2024-04-15,5929
0056,元大高股息,25,0,25,元富-台南,2024-04-15,5929
2883,凱基金,43,20,23,元富-台南,2024-04-15,5929
2371,大同,78,55,23,元富-台南,2024-04-15,5929
2330,台積電,23,2,21,元富-台南,2024-04-15,5929
00680L,元大美債20正2,20,0,20,元富-台南,2024-04-15,5929
1473,台南,20,0,20,元富-台南,2024-04-15,5929
8040,九暘,20,0,20,元富-台南,2024-04-15,5929
3715,定穎投控,20,1,19,元富-台南,2024-04-15,5929
1504,東元,40,23,17,元富-台南,2024-04-15,5929
00720B,元大投資級公司債,20,3,17,元富-台南,2024-04-15,5929
4175,杏一,16,0,16,元富-台南,2024-04-15,5929
2882,國泰金,17,2,15,元富-台南,2024-04-15,5929
00882,中信中國高股息,15,0,15,元富-台南,2024-04-15,5929
2704,國賓,14,0,14,元富-台南,2024-04-15,5929
8996,高力,13,0,13,元富-台南,2024-04-15,5929
1608,華榮,22,10,12,元富-台南,2024-04-15,5929
2476,鉅祥,12,0,12,元富-台南,2024-04-15,5929
6469,大樹,12,0,12,元富-台南,2024-04-15,5929
00937B,群益ESG投等債20,17,5,12,元富-台南,2024-04-15,5929
2402,毅嘉,12,1,11,元富-台南,2024-04-15,5929
8936,國統,12,1,11,元富-台南,2024-04-15,5929
1506,正道,10,0,10,元富-台南,2024-04-15,5929
2610,華航,25,15,10,元富-台南,2024-04-15,5929
3033,威健,15,5,10,元富-台南,2024-04-15,5929
4142,國光生,10,0,10,元富-台南,2024-04-15,5929
5309,系統電,10,0,10,元富-台南,2024-04-15,5929
5609,中菲行,10,0,10,元富-台南,2024-04-15,5929
6806,森崴能源,10,0,10,元富-台南,2024-04-15,5929
3481,群創,12,2,10,元富-台南,2024-04-15,5929
2303,聯電,13,4,9,元富-台南,2024-04-15,5929
1618,合機,27,18,9,元富-台南,2024-04-15,5929
1806,冠軍,9,0,9,元富-台南,2024-04-15,5929
2506,太設,9,0,9,元富-台南,2024-04-15,5929
5465,富驊,9,0,9,元富-台南,2024-04-15,5929
2634,漢翔,100,91,9,元富-台南,2024-04-15,5929
00936,台新永續高息中小,8,0,8,元富-台南,2024-04-15,5929
2353,宏��,10,2,8,元富-台南,2024-04-15,5929
00919,群益台灣精選高息,9,1,8,元富-台南,2024-04-15,5929
2880,華南金,8,1,7,元富-台南,2024-04-15,5929
00929,復華台灣科技優息,176,12,164,元富-台南,2024-04-16,5929
1101,台泥,124,10,114,元富-台南,2024-04-16,5929
2867,三商壽,136,29,107,元富-台南,2024-04-16,5929
2474,可成,98,0,98,元富-台南,2024-04-16,5929
1609,大亞,227,139,88,元富-台南,2024-04-16,5929
6111,大宇資,87,0,87,元富-台南,2024-04-16,5929
2883,凱基金,85,2,83,元富-台南,2024-04-16,5929
2353,宏��,77,3,74,元富-台南,2024-04-16,5929
2344,華邦電,83,24,59,元富-台南,2024-04-16,5929
9105,泰金寶-DR,50,0,50,元富-台南,2024-04-16,5929
00933B,國泰10Y+金融債,45,0,45,元富-台南,2024-04-16,5929
3231,緯創,43,0,43,元富-台南,2024-04-16,5929
1473,台南,40,0,40,元富-台南,2024-04-16,5929
00919,群益台灣精選高息,52,13,39,元富-台南,2024-04-16,5929
2514,龍邦,59,20,39,元富-台南,2024-04-16,5929
2888,新光金,47,10,37,元富-台南,2024-04-16,5929
00878,國泰永續高股息,45,13,32,元富-台南,2024-04-16,5929
1104,環泥,31,0,31,元富-台南,2024-04-16,5929
0056,元大高股息,36,6,30,元富-台南,2024-04-16,5929
1314,中石化,28,0,28,元富-台南,2024-04-16,5929
00939,統一台灣高息動能,27,0,27,元富-台南,2024-04-16,5929
00720B,元大投資級公司債,27,0,27,元富-台南,2024-04-16,5929
1319,東陽,31,5,26,元富-台南,2024-04-16,5929
2405,輔信,25,0,25,元富-台南,2024-04-16,5929
2610,華航,49,25,24,元富-台南,2024-04-16,5929
2367,燿華,41,18,23,元富-台南,2024-04-16,5929
2897,王道銀行,20,0,20,元富-台南,2024-04-16,5929
3312,弘憶股,25,5,20,元富-台南,2024-04-16,5929
3041,揚智,20,0,20,元富-台南,2024-04-16,5929
1618,合機,29,10,19,元富-台南,2024-04-16,5929
8926,台汽電,19,1,18,元富-台南,2024-04-16,5929
00751B,元大AAA至A公司債,16,0,16,元富-台南,2024-04-16,5929
6806,森崴能源,20,4,16,元富-台南,2024-04-16,5929
5864,致和證,16,0,16,元富-台南,2024-04-16,5929
3715,定穎投控,15,0,15,元富-台南,2024-04-16,5929
2371,大同,32,17,15,元富-台南,2024-04-16,5929
00857B,永豐20年美公債,14,0,14,元富-台南,2024-04-16,5929
3490,單井,24,10,14,元富-台南,2024-04-16,5929
6477,安集,13,0,13,元富-台南,2024-04-16,5929
2476,鉅祥,13,0,13,元富-台南,2024-04-16,5929
4402,郡都開發,13,0,13,元富-台南,2024-04-16,5929
8091,翔名,13,0,13,元富-台南,2024-04-16,5929
00680L,元大美債20正2,12,0,12,元富-台南,2024-04-16,5929
2515,中工,14,2,12,元富-台南,2024-04-16,5929
6929,佑全,12,0,12,元富-台南,2024-04-16,5929
3663,鑫科,11,0,11,元富-台南,2024-04-16,5929
4979,華星光,11,0,11,元富-台南,2024-04-16,5929
00712,復華富時不動產,10,0,10,元富-台南,2024-04-16,5929
2329,華泰,11,1,10,元富-台南,2024-04-16,5929
4533,協易機,11,1,10,元富-台南,2024-04-16,5929
2317,鴻海,359,29,330,元富-台南,2024-04-17,5929
2867,三商壽,149,25,124,元富-台南,2024-04-17,5929
00680L,元大美債20正2,75,0,75,元富-台南,2024-04-17,5929
00937B,群益ESG投等債20,70,0,70,元富-台南,2024-04-17,5929
2610,華航,219,162,57,元富-台南,2024-04-17,5929
2412,中華電,51,0,51,元富-台南,2024-04-17,5929
00929,復華台灣科技優息,48,1,47,元富-台南,2024-04-17,5929
6142,友勁,40,0,40,元富-台南,2024-04-17,5929
2344,華邦電,41,2,39,元富-台南,2024-04-17,5929
3490,單井,59,24,35,元富-台南,2024-04-17,5929
1473,台南,33,0,33,元富-台南,2024-04-17,5929
3706,神達,37,5,32,元富-台南,2024-04-17,5929
0056,元大高股息,31,1,30,元富-台南,2024-04-17,5929
2332,友訊,31,1,30,元富-台南,2024-04-17,5929
9914,美利達,28,0,28,元富-台南,2024-04-17,5929
5383,金利,25,0,25,元富-台南,2024-04-17,5929
5864,致和證,24,0,24,元富-台南,2024-04-17,5929
6111,大宇資,26,2,24,元富-台南,2024-04-17,5929
00687B,國泰20年美債,23,0,23,元富-台南,2024-04-17,5929
2303,聯電,24,1,23,元富-台南,2024-04-17,5929
3576,聯合再生,22,0,22,元富-台南,2024-04-17,5929
2486,一詮,45,23,22,元富-台南,2024-04-17,5929
00720B,元大投資級公司債,22,0,22,元富-台南,2024-04-17,5929
1802,台玻,21,0,21,元富-台南,2024-04-17,5929
5324,士開,21,0,21,元富-台南,2024-04-17,5929
00939,統一台灣高息動能,20,0,20,元富-台南,2024-04-17,5929
1101,台泥,23,5,18,元富-台南,2024-04-17,5929
4919,新唐,18,0,18,元富-台南,2024-04-17,5929
1504,東元,62,45,17,元富-台南,2024-04-17,5929
00712,復華富時不動產,17,0,17,元富-台南,2024-04-17,5929
3545,敦泰,16,0,16,元富-台南,2024-04-17,5929
2897,王道銀行,16,0,16,元富-台南,2024-04-17,5929
6770,力積電,16,0,16,元富-台南,2024-04-17,5929
00751B,元大AAA至A公司債,15,0,15,元富-台南,2024-04-17,5929
2353,宏��,23,8,15,元富-台南,2024-04-17,5929
2408,南亞科,14,0,14,元富-台南,2024-04-17,5929
3005,神基,15,2,13,元富-台南,2024-04-17,5929
00679B,元大美債20年,12,0,12,元富-台南,2024-04-17,5929
4938,和碩,10,0,10,元富-台南,2024-04-17,5929
1506,正道,10,0,10,元富-台南,2024-04-17,5929
1604,聲寶,10,0,10,元富-台南,2024-04-17,5929
3015,全漢,10,0,10,元富-台南,2024-04-17,5929
4543,萬在,10,0,10,元富-台南,2024-04-17,5929
2548,華固,9,0,9,元富-台南,2024-04-17,5929
5347,世界,10,1,9,元富-台南,2024-04-17,5929
6188,廣明,8,0,8,元富-台南,2024-04-17,5929
3231,緯創,23,16,7,元富-台南,2024-04-17,5929
00725B,國泰投資級公司債,7,0,7,元富-台南,2024-04-17,5929
00931B,統一美債20年,7,0,7,元富-台南,2024-04-17,5929
2002,中鋼,7,0,7,元富-台南,2024-04-17,5929
6111,大宇資,86,0,86,元富-台南,2024-04-18,5929
2002,中鋼,61,3,58,元富-台南,2024-04-18,5929
2353,宏��,56,5,51,元富-台南,2024-04-18,5929
2330,台積電,47,2,45,元富-台南,2024-04-18,5929
2301,光寶科,46,3,43,元富-台南,2024-04-18,5929
00937B,群益ESG投等債20,42,0,42,元富-台南,2024-04-18,5929
2486,一詮,41,1,40,元富-台南,2024-04-18,5929
3346,麗清,40,0,40,元富-台南,2024-04-18,5929
2867,三商壽,96,57,39,元富-台南,2024-04-18,5929
2371,大同,60,22,38,元富-台南,2024-04-18,5929
1474,弘裕,30,0,30,元富-台南,2024-04-18,5929
3024,憶聲,30,0,30,元富-台南,2024-04-18,5929
6142,友勁,27,0,27,元富-台南,2024-04-18,5929
1605,華新,49,24,25,元富-台南,2024-04-18,5929
3231,緯創,42,17,25,元富-台南,2024-04-18,5929
2329,華泰,25,2,23,元富-台南,2024-04-18,5929
2344,華邦電,33,10,23,元富-台南,2024-04-18,5929
00929,復華台灣科技優息,33,11,22,元富-台南,2024-04-18,5929
0056,元大高股息,22,1,21,元富-台南,2024-04-18,5929
2332,友訊,20,0,20,元富-台南,2024-04-18,5929
00919,群益台灣精選高息,17,0,17,元富-台南,2024-04-18,5929
00940,元大台灣價值高息,26,10,16,元富-台南,2024-04-18,5929
8349,�矬�,16,0,16,元富-台南,2024-04-18,5929
00720B,元大投資級公司債,15,1,14,元富-台南,2024-04-18,5929
1529,樂事綠能,16,3,13,元富-台南,2024-04-18,5929
6202,盛群,12,0,12,元富-台南,2024-04-18,5929
6505,台塑化,11,0,11,元富-台南,2024-04-18,5929
8040,九暘,11,0,11,元富-台南,2024-04-18,5929
3715,定穎投控,32,22,10,元富-台南,2024-04-18,5929
6462,神盾,11,1,10,元富-台南,2024-04-18,5929
1718,中纖,12,2,10,元富-台南,2024-04-18,5929
2369,菱生,10,0,10,元富-台南,2024-04-18,5929
2504,國產,11,1,10,元富-台南,2024-04-18,5929
3703,欣陸,11,1,10,元富-台南,2024-04-18,5929
00878,國泰永續高股息,13,4,9,元富-台南,2024-04-18,5929
3663,鑫科,10,1,9,元富-台南,2024-04-18,5929
1513,中興電,25,16,9,元富-台南,2024-04-18,5929
00941,中信上游半導體,8,0,8,元富-台南,2024-04-18,5929
5511,德昌,10,2,8,元富-台南,2024-04-18,5929
2374,佳能,17,10,7,元富-台南,2024-04-18,5929
9933,中鼎,7,0,7,元富-台南,2024-04-18,5929
2362,藍天,7,0,7,元富-台南,2024-04-18,5929
3189,景碩,7,0,7,元富-台南,2024-04-18,5929
3481,群創,15,8,7,元富-台南,2024-04-18,5929
3490,單井,10,3,7,元富-台南,2024-04-18,5929
2367,燿華,8,2,6,元富-台南,2024-04-18,5929
3005,神基,6,0,6,元富-台南,2024-04-18,5929
6770,力積電,6,0,6,元富-台南,2024-04-18,5929
6274,台燿,6,0,6,元富-台南,2024-04-18,5929
00885,富邦越南,6,0,6,元富-台南,2024-04-18,5929
2027,大成鋼,958,0,958,元富-台南,2024-04-19,5929
00929,復華台灣科技優息,329,11,318,元富-台南,2024-04-19,5929
2303,聯電,155,1,154,元富-台南,2024-04-19,5929
2515,中工,232,96,136,元富-台南,2024-04-19,5929
2330,台積電,111,13,98,元富-台南,2024-04-19,5929
2332,友訊,97,2,95,元富-台南,2024-04-19,5929
3663,鑫科,98,3,95,元富-台南,2024-04-19,5929
1609,大亞,162,75,87,元富-台南,2024-04-19,5929
00939,統一台灣高息動能,64,0,64,元富-台南,2024-04-19,5929
2888,新光金,54,1,53,元富-台南,2024-04-19,5929
3490,單井,67,17,50,元富-台南,2024-04-19,5929
0056,元大高股息,44,2,42,元富-台南,2024-04-19,5929
00937B,群益ESG投等債20,37,3,34,元富-台南,2024-04-19,5929
1473,台南,33,0,33,元富-台南,2024-04-19,5929
00896,中信綠能及電動車,30,0,30,元富-台南,2024-04-19,5929
5011,久陽,30,0,30,元富-台南,2024-04-19,5929
8054,安國,33,4,29,元富-台南,2024-04-19,5929
2889,國票金,30,2,28,元富-台南,2024-04-19,5929
00878,國泰永續高股息,43,17,26,元富-台南,2024-04-19,5929
6142,友勁,23,0,23,元富-台南,2024-04-19,5929
00919,群益台灣精選高息,34,12,22,元富-台南,2024-04-19,5929
3710,連展投控,22,0,22,元富-台南,2024-04-19,5929
1802,台玻,23,2,21,元富-台南,2024-04-19,5929
5512,力麒,105,85,20,元富-台南,2024-04-19,5929
9105,泰金寶-DR,20,0,20,元富-台南,2024-04-19,5929
3576,聯合再生,26,6,20,元富-台南,2024-04-19,5929
1603,華電,29,9,20,元富-台南,2024-04-19,5929
2883,凱基金,22,3,19,元富-台南,2024-04-19,5929
2002,中鋼,17,0,17,元富-台南,2024-04-19,5929
5347,世界,17,1,16,元富-台南,2024-04-19,5929
2511,太子,16,0,16,元富-台南,2024-04-19,5929
00882,中信中國高股息,15,0,15,元富-台南,2024-04-19,5929
2457,飛宏,21,6,15,元富-台南,2024-04-19,5929
4938,和碩,14,0,14,元富-台南,2024-04-19,5929
2882,國泰金,14,0,14,元富-台南,2024-04-19,5929
1605,華新,14,1,13,元富-台南,2024-04-19,5929
00680L,元大美債20正2,20,7,13,元富-台南,2024-04-19,5929
2514,龍邦,13,0,13,元富-台南,2024-04-19,5929
3356,奇偶,13,0,13,元富-台南,2024-04-19,5929
00941,中信上游半導體,13,0,13,元富-台南,2024-04-19,5929
2801,彰銀,12,0,12,元富-台南,2024-04-19,5929
1316,上曜,12,0,12,元富-台南,2024-04-19,5929
1444,力麗,12,0,12,元富-台南,2024-04-19,5929
2362,藍天,12,0,12,元富-台南,2024-04-19,5929
2374,佳能,13,1,12,元富-台南,2024-04-19,5929
4960,誠美材,11,0,11,元富-台南,2024-04-19,5929
2610,華航,61,50,11,元富-台南,2024-04-19,5929
1474,弘裕,11,0,11,元富-台南,2024-04-19,5929
1612,宏泰,22,11,11,元富-台南,2024-04-19,5929
2834,臺企銀,11,0,11,元富-台南,2024-04-19,5929
00929,復華台灣科技優息,155,3,152,元富-台南,2024-04-22,5929
00919,群益台灣精選高息,84,0,84,元富-台南,2024-04-22,5929
4513,福裕,80,0,80,元富-台南,2024-04-22,5929
8936,國統,80,1,79,元富-台南,2024-04-22,5929
00940,元大台灣價值高息,90,19,71,元富-台南,2024-04-22,5929
1609,大亞,92,27,65,元富-台南,2024-04-22,5929
2344,華邦電,68,6,62,元富-台南,2024-04-22,5929
5512,力麒,74,18,56,元富-台南,2024-04-22,5929
00937B,群益ESG投等債20,63,8,55,元富-台南,2024-04-22,5929
2009,第一銅,66,12,54,元富-台南,2024-04-22,5929
2329,華泰,57,4,53,元富-台南,2024-04-22,5929
2515,中工,83,32,51,元富-台南,2024-04-22,5929
2371,大同,129,78,51,元富-台南,2024-04-22,5929
00720B,元大投資級公司債,41,0,41,元富-台南,2024-04-22,5929
3663,鑫科,35,0,35,元富-台南,2024-04-22,5929
3481,群創,50,20,30,元富-台南,2024-04-22,5929
3312,弘憶股,29,0,29,元富-台南,2024-04-22,5929
4714,永捷,26,1,25,元富-台南,2024-04-22,5929
1618,合機,26,4,22,元富-台南,2024-04-22,5929
5230,雷笛克光學,20,0,20,元富-台南,2024-04-22,5929
8040,九暘,20,0,20,元富-台南,2024-04-22,5929
9946,三發地產,20,0,20,元富-台南,2024-04-22,5929
3715,定穎投控,20,1,19,元富-台南,2024-04-22,5929
2101,南港,23,4,19,元富-台南,2024-04-22,5929
3264,欣銓,17,0,17,元富-台南,2024-04-22,5929
00878,國泰永續高股息,17,1,16,元富-台南,2024-04-22,5929
6111,大宇資,15,0,15,元富-台南,2024-04-22,5929
1806,冠軍,15,0,15,元富-台南,2024-04-22,5929
8926,台汽電,17,3,14,元富-台南,2024-04-22,5929
3231,緯創,19,5,14,元富-台南,2024-04-22,5929
2501,國建,32,18,14,元富-台南,2024-04-22,5929
3041,揚智,13,0,13,元富-台南,2024-04-22,5929
5009,榮剛,24,12,12,元富-台南,2024-04-22,5929
2367,燿華,16,4,12,元富-台南,2024-04-22,5929
3703,欣陸,24,12,12,元富-台南,2024-04-22,5929
3490,單井,11,0,11,元富-台南,2024-04-22,5929
9941,裕融,10,0,10,元富-台南,2024-04-22,5929
00915,凱基優選高股息30,10,0,10,元富-台南,2024-04-22,5929
00632R,元大台灣50反1,10,0,10,元富-台南,2024-04-22,5929
2337,旺宏,10,0,10,元富-台南,2024-04-22,5929
2405,輔信,10,0,10,元富-台南,2024-04-22,5929
4402,郡都開發,10,0,10,元富-台南,2024-04-22,5929
6142,友勁,10,0,10,元富-台南,2024-04-22,5929
1603,華電,12,3,9,元富-台南,2024-04-22,5929
4127,天良,9,0,9,元富-台南,2024-04-22,5929
1608,華榮,12,3,9,元富-台南,2024-04-22,5929
1473,台南,8,0,8,元富-台南,2024-04-22,5929
2427,三商電,18,10,8,元富-台南,2024-04-22,5929
3483,力致,8,0,8,元富-台南,2024-04-22,5929
3622,洋華,16,9,7,元富-台南,2024-04-22,5929
2511,太子,419,0,419,元富-台南,2024-04-23,5929
2408,南亞科,271,0,271,元富-台南,2024-04-23,5929
2303,聯電,130,1,129,元富-台南,2024-04-23,5929
3481,群創,112,37,75,元富-台南,2024-04-23,5929
2515,中工,63,21,42,元富-台南,2024-04-23,5929
00940,元大台灣價值高息,39,5,34,元富-台南,2024-04-23,5929
00929,復華台灣科技優息,43,11,32,元富-台南,2024-04-23,5929
1617,榮星,29,3,26,元富-台南,2024-04-23,5929
00919,群益台灣精選高息,27,2,25,元富-台南,2024-04-23,5929
6142,友勁,24,0,24,元富-台南,2024-04-23,5929
2206,三陽工業,38,14,24,元富-台南,2024-04-23,5929
6282,康舒,23,0,23,元富-台南,2024-04-23,5929
1473,台南,22,0,22,元富-台南,2024-04-23,5929
00687B,國泰20年美債,21,0,21,元富-台南,2024-04-23,5929
1529,樂事綠能,20,0,20,元富-台南,2024-04-23,5929
4513,福裕,20,0,20,元富-台南,2024-04-23,5929
5432,新門,30,10,20,元富-台南,2024-04-23,5929
2371,大同,160,141,19,元富-台南,2024-04-23,5929
3006,晶豪科,21,2,19,元富-台南,2024-04-23,5929
0056,元大高股息,15,0,15,元富-台南,2024-04-23,5929
1440,南紡,24,9,15,元富-台南,2024-04-23,5929
6111,大宇資,15,0,15,元富-台南,2024-04-23,5929
5512,力麒,22,8,14,元富-台南,2024-04-23,5929
00939,統一台灣高息動能,12,0,12,元富-台南,2024-04-23,5929
1905,華紙,11,0,11,元富-台南,2024-04-23,5929
5011,久陽,11,0,11,元富-台南,2024-04-23,5929
1806,冠軍,10,0,10,元富-台南,2024-04-23,5929
4557,永新-KY,10,0,10,元富-台南,2024-04-23,5929
6275,元山,10,0,10,元富-台南,2024-04-23,5929
6125,廣運,17,7,10,元富-台南,2024-04-23,5929
1785,光洋科,9,0,9,元富-台南,2024-04-23,5929
2882,國泰金,10,2,8,元富-台南,2024-04-23,5929
1513,中興電,27,20,7,元富-台南,2024-04-23,5929
1101,台泥,11,4,7,元富-台南,2024-04-23,5929
3059,華晶科,11,4,7,元富-台南,2024-04-23,5929
6578,達邦蛋白,9,2,7,元富-台南,2024-04-23,5929
5009,榮剛,6,0,6,元富-台南,2024-04-23,5929
1612,宏泰,8,2,6,元富-台南,2024-04-23,5929
2344,華邦電,17,11,6,元富-台南,2024-04-23,5929
00878,國泰永續高股息,6,0,6,元富-台南,2024-04-23,5929
3231,緯創,16,11,5,元富-台南,2024-04-23,5929
1616,億泰,7,2,5,元富-台南,2024-04-23,5929
1712,興農,5,0,5,元富-台南,2024-04-23,5929
2342,茂矽,5,0,5,元富-台南,2024-04-23,5929
2885,元大金,5,0,5,元富-台南,2024-04-23,5929
4127,天良,5,0,5,元富-台南,2024-04-23,5929
4526,東台,6,1,5,元富-台南,2024-04-23,5929
8069,元太,5,0,5,元富-台南,2024-04-23,5929
8423,保綠-KY,5,0,5,元富-台南,2024-04-23,5929
8112,至上,10,5,5,元富-台南,2024-04-23,5929
3481,群創,213,25,188,元富-台南,2024-04-24,5929
2511,太子,181,1,180,元富-台南,2024-04-24,5929
00937B,群益ESG投等債20,118,0,118,元富-台南,2024-04-24,5929
5383,金利,49,0,49,元富-台南,2024-04-24,5929
1316,上曜,33,0,33,元富-台南,2024-04-24,5929
1806,冠軍,32,0,32,元富-台南,2024-04-24,5929
00929,復華台灣科技優息,52,21,31,元富-台南,2024-04-24,5929
6548,長科*,20,0,20,元富-台南,2024-04-24,5929
9103,美德醫療-DR,20,0,20,元富-台南,2024-04-24,5929
8092,建暐,16,0,16,元富-台南,2024-04-24,5929
6016,康和證,15,0,15,元富-台南,2024-04-24,5929
8070,長華*,18,3,15,元富-台南,2024-04-24,5929
00940,元大台灣價值高息,36,22,14,元富-台南,2024-04-24,5929
4714,永捷,14,0,14,元富-台南,2024-04-24,5929
1314,中石化,14,1,13,元富-台南,2024-04-24,5929
2027,大成鋼,17,4,13,元富-台南,2024-04-24,5929
00751B,元大AAA至A公司債,12,0,12,元富-台南,2024-04-24,5929
3339,泰谷,12,0,12,元富-台南,2024-04-24,5929
6125,廣運,37,25,12,元富-台南,2024-04-24,5929
00857B,永豐20年美公債,11,0,11,元富-台南,2024-04-24,5929
2409,友達,21,10,11,元富-台南,2024-04-24,5929
2515,中工,23,12,11,元富-台南,2024-04-24,5929
00720B,元大投資級公司債,10,0,10,元富-台南,2024-04-24,5929
2886,兆豐金,50,40,10,元富-台南,2024-04-24,5929
6147,頎邦,10,0,10,元富-台南,2024-04-24,5929
9941,裕融,10,0,10,元富-台南,2024-04-24,5929
1702,南僑,10,0,10,元富-台南,2024-04-24,5929
2461,光群雷,10,0,10,元富-台南,2024-04-24,5929
3490,單井,16,6,10,元富-台南,2024-04-24,5929
6111,大宇資,10,0,10,元富-台南,2024-04-24,5929
6667,信紘科,11,1,10,元富-台南,2024-04-24,5929
2101,南港,10,1,9,元富-台南,2024-04-24,5929
5531,鄉林,9,0,9,元富-台南,2024-04-24,5929
2504,國產,9,0,9,元富-台南,2024-04-24,5929
1608,華榮,17,9,8,元富-台南,2024-04-24,5929
5706,鳳凰,10,2,8,元富-台南,2024-04-24,5929
8064,東捷,9,1,8,元富-台南,2024-04-24,5929
8033,雷虎,9,1,8,元富-台南,2024-04-24,5929
5864,致和證,11,4,7,元富-台南,2024-04-24,5929
8011,台通,9,2,7,元富-台南,2024-04-24,5929
3702,大聯大,6,0,6,元富-台南,2024-04-24,5929
1503,士電,8,2,6,元富-台南,2024-04-24,5929
2354,鴻準,34,28,6,元富-台南,2024-04-24,5929
2365,昆盈,6,0,6,元富-台南,2024-04-24,5929
5324,士開,6,0,6,元富-台南,2024-04-24,5929
3711,日月光投控,8,3,5,元富-台南,2024-04-24,5929
00909,國泰數位支付服務,5,0,5,元富-台南,2024-04-24,5929
00752,中信中國50,5,0,5,元富-台南,2024-04-24,5929
1455,集盛,5,0,5,元富-台南,2024-04-24,5929
2208,台船,5,0,5,元富-台南,2024-04-24,5929
6548,長科*,80,2,78,元富-台南,2024-04-25,5929
1440,南紡,143,72,71,元富-台南,2024-04-25,5929
00940,元大台灣價值高息,47,0,47,元富-台南,2024-04-25,5929
2610,華航,164,117,47,元富-台南,2024-04-25,5929
2882,國泰金,40,0,40,元富-台南,2024-04-25,5929
6197,佳必琪,38,0,38,元富-台南,2024-04-25,5929
2891,中信金,32,0,32,元富-台南,2024-04-25,5929
8040,九暘,30,0,30,元富-台南,2024-04-25,5929
00929,復華台灣科技優息,30,7,23,元富-台南,2024-04-25,5929
1701,中化,20,0,20,元富-台南,2024-04-25,5929
3356,奇偶,20,2,18,元富-台南,2024-04-25,5929
3024,憶聲,18,1,17,元富-台南,2024-04-25,5929
2845,遠東銀,17,0,17,元富-台南,2024-04-25,5929
2354,鴻準,19,2,17,元富-台南,2024-04-25,5929
2317,鴻海,132,116,16,元富-台南,2024-04-25,5929
2511,太子,16,0,16,元富-台南,2024-04-25,5929
2618,長榮航,36,20,16,元富-台南,2024-04-25,5929
2363,矽統,17,2,15,元富-台南,2024-04-25,5929
2417,圓剛,15,0,15,元富-台南,2024-04-25,5929
3312,弘憶股,20,5,15,元富-台南,2024-04-25,5929
3325,旭品,15,0,15,元富-台南,2024-04-25,5929
4532,瑞智,15,0,15,元富-台南,2024-04-25,5929
00878,國泰永續高股息,13,0,13,元富-台南,2024-04-25,5929
2885,元大金,11,0,11,元富-台南,2024-04-25,5929
2913,農林,11,0,11,元富-台南,2024-04-25,5929
2201,裕隆,10,0,10,元富-台南,2024-04-25,5929
1473,台南,10,0,10,元富-台南,2024-04-25,5929
2836,高雄銀,10,0,10,元富-台南,2024-04-25,5929
3234,光環,12,2,10,元富-台南,2024-04-25,5929
4958,臻鼎-KY,10,0,10,元富-台南,2024-04-25,5929
2330,台積電,13,3,10,元富-台南,2024-04-25,5929
9933,中鼎,10,1,9,元富-台南,2024-04-25,5929
0056,元大高股息,9,0,9,元富-台南,2024-04-25,5929
00857B,永豐20年美公債,8,0,8,元富-台南,2024-04-25,5929
2634,漢翔,10,2,8,元富-台南,2024-04-25,5929
4714,永捷,9,1,8,元富-台南,2024-04-25,5929
4938,和碩,8,0,8,元富-台南,2024-04-25,5929
5009,榮剛,11,3,8,元富-台南,2024-04-25,5929
3035,智原,17,10,7,元富-台南,2024-04-25,5929
8234,新漢,7,0,7,元富-台南,2024-04-25,5929
6224,聚鼎,7,0,7,元富-台南,2024-04-25,5929
3715,定穎投控,10,3,7,元富-台南,2024-04-25,5929
00937B,群益ESG投等債20,7,0,7,元富-台南,2024-04-25,5929
2886,兆豐金,6,0,6,元富-台南,2024-04-25,5929
00720B,元大投資級公司債,6,0,6,元富-台南,2024-04-25,5929
1609,大亞,20,14,6,元富-台南,2024-04-25,5929
00687B,國泰20年美債,6,0,6,元富-台南,2024-04-25,5929
1301,台塑,6,0,6,元富-台南,2024-04-25,5929
1608,華榮,6,0,6,元富-台南,2024-04-25,5929
00751B,元大AAA至A公司債,6,0,6,元富-台南,2024-04-25,5929
00655L,國泰中國A50正2,225,0,225,元富-台南,2024-04-26,5929
5432,新門,31,0,31,元富-台南,2024-04-26,5929
00937B,群益ESG投等債20,30,0,30,元富-台南,2024-04-26,5929
2867,三商壽,31,2,29,元富-台南,2024-04-26,5929
8054,安國,33,4,29,元富-台南,2024-04-26,5929
3714,富采,27,0,27,元富-台南,2024-04-26,5929
3312,弘憶股,33,10,23,元富-台南,2024-04-26,5929
1440,南紡,39,16,23,元富-台南,2024-04-26,5929
00687B,國泰20年美債,22,0,22,元富-台南,2024-04-26,5929
3059,華晶科,22,0,22,元富-台南,2024-04-26,5929
2834,臺企銀,21,0,21,元富-台南,2024-04-26,5929
2892,第一金,22,1,21,元富-台南,2024-04-26,5929
1806,冠軍,31,10,21,元富-台南,2024-04-26,5929
3576,聯合再生,21,0,21,元富-台南,2024-04-26,5929
4956,光鋐,21,0,21,元富-台南,2024-04-26,5929
00706L,期元大S＆P日圓正2,20,0,20,元富-台南,2024-04-26,5929
1314,中石化,19,0,19,元富-台南,2024-04-26,5929
3706,神達,19,1,18,元富-台南,2024-04-26,5929
00940,元大台灣價值高息,27,9,18,元富-台南,2024-04-26,5929
2891,中信金,20,2,18,元富-台南,2024-04-26,5929
2371,大同,71,54,17,元富-台南,2024-04-26,5929
1618,合機,28,11,17,元富-台南,2024-04-26,5929
5383,金利,33,17,16,元富-台南,2024-04-26,5929
3363,上詮,17,3,14,元富-台南,2024-04-26,5929
3686,達能,15,1,14,元富-台南,2024-04-26,5929
00919,群益台灣精選高息,14,1,13,元富-台南,2024-04-26,5929
8926,台汽電,12,0,12,元富-台南,2024-04-26,5929
2344,華邦電,14,3,11,元富-台南,2024-04-26,5929
1301,台塑,10,0,10,元富-台南,2024-04-26,5929
1605,華新,11,1,10,元富-台南,2024-04-26,5929
6163,華電網,10,0,10,元富-台南,2024-04-26,5929
8038,長園科,10,0,10,元富-台南,2024-04-26,5929
8442,威宏-KY,10,0,10,元富-台南,2024-04-26,5929
3711,日月光投控,9,0,9,元富-台南,2024-04-26,5929
1617,榮星,9,0,9,元富-台南,2024-04-26,5929
3712,永崴投控,9,0,9,元富-台南,2024-04-26,5929
2382,廣達,12,3,9,元富-台南,2024-04-26,5929
2515,中工,46,38,8,元富-台南,2024-04-26,5929
3380,明泰,11,3,8,元富-台南,2024-04-26,5929
00878,國泰永續高股息,13,5,8,元富-台南,2024-04-26,5929
00751B,元大AAA至A公司債,7,0,7,元富-台南,2024-04-26,5929
2464,盟立,17,10,7,元富-台南,2024-04-26,5929
2506,太設,8,1,7,元富-台南,2024-04-26,5929
2881,富邦金,17,11,6,元富-台南,2024-04-26,5929
1452,宏益,6,0,6,元富-台南,2024-04-26,5929
3703,欣陸,10,4,6,元富-台南,2024-04-26,5929
3707,漢磊,6,0,6,元富-台南,2024-04-26,5929
00931B,統一美債20年,6,0,6,元富-台南,2024-04-26,5929
1101,台泥,5,0,5,元富-台南,2024-04-26,5929
5512,力麒,13,8,5,元富-台南,2024-04-26,5929
00706L,期元大S＆P日圓正2,130,0,130,元富-台南,2024-04-29,5929
2888,新光金,123,18,105,元富-台南,2024-04-29,5929
3481,群創,113,13,100,元富-台南,2024-04-29,5929
2618,長榮航,117,20,97,元富-台南,2024-04-29,5929
2317,鴻海,120,26,94,元富-台南,2024-04-29,5929
1101,台泥,50,3,47,元富-台南,2024-04-29,5929
3211,順達,44,0,44,元富-台南,2024-04-29,5929
4127,天良,35,0,35,元富-台南,2024-04-29,5929
2515,中工,50,20,30,元富-台南,2024-04-29,5929
3024,憶聲,25,0,25,元富-台南,2024-04-29,5929
3059,華晶科,21,0,21,元富-台南,2024-04-29,5929
1617,榮星,19,0,19,元富-台南,2024-04-29,5929
6117,迎廣,16,0,16,元富-台南,2024-04-29,5929
2323,中環,21,6,15,元富-台南,2024-04-29,5929
1718,中纖,15,0,15,元富-台南,2024-04-29,5929
2313,華通,15,0,15,元富-台南,2024-04-29,5929
3264,欣銓,17,3,14,元富-台南,2024-04-29,5929
8027,鈦昇,14,0,14,元富-台南,2024-04-29,5929
2371,大同,33,19,14,元富-台南,2024-04-29,5929
3231,緯創,19,6,13,元富-台南,2024-04-29,5929
2201,裕隆,12,0,12,元富-台南,2024-04-29,5929
2505,國揚,37,25,12,元富-台南,2024-04-29,5929
4533,協易機,13,1,12,元富-台南,2024-04-29,5929
8163,達方,12,0,12,元富-台南,2024-04-29,5929
2409,友達,12,0,12,元富-台南,2024-04-29,5929
6275,元山,11,0,11,元富-台南,2024-04-29,5929
8069,元太,11,0,11,元富-台南,2024-04-29,5929
00753L,中信中國50正2,10,0,10,元富-台南,2024-04-29,5929
1473,台南,10,0,10,元富-台南,2024-04-29,5929
1612,宏泰,10,0,10,元富-台南,2024-04-29,5929
1714,和桐,10,0,10,元富-台南,2024-04-29,5929
2897,王道銀行,10,0,10,元富-台南,2024-04-29,5929
4746,台耀,10,0,10,元富-台南,2024-04-29,5929
6125,廣運,13,3,10,元富-台南,2024-04-29,5929
6182,合晶,10,0,10,元富-台南,2024-04-29,5929
8040,九暘,10,0,10,元富-台南,2024-04-29,5929
6143,振曜,16,7,9,元富-台南,2024-04-29,5929
2834,臺企銀,10,2,8,元富-台南,2024-04-29,5929
4306,炎洲,10,2,8,元富-台南,2024-04-29,5929
2101,南港,28,20,8,元富-台南,2024-04-29,5929
6533,晶心科,7,0,7,元富-台南,2024-04-29,5929
00941,中信上游半導體,7,0,7,元富-台南,2024-04-29,5929
3006,晶豪科,10,3,7,元富-台南,2024-04-29,5929
3325,旭品,7,0,7,元富-台南,2024-04-29,5929
5009,榮剛,10,3,7,元富-台南,2024-04-29,5929
2880,華南金,10,3,7,元富-台南,2024-04-29,5929
00919,群益台灣精選高息,7,0,7,元富-台南,2024-04-29,5929
2102,泰豐,6,0,6,元富-台南,2024-04-29,5929
2486,一詮,55,49,6,元富-台南,2024-04-29,5929
2889,國票金,7,1,6,元富-台南,2024-04-29,5929
00937B,群益ESG投等債20,159,0,159,元富-台南,2024-04-30,5929
1314,中石化,79,8,71,元富-台南,2024-04-30,5929
4526,東台,55,8,47,元富-台南,2024-04-30,5929
2618,長榮航,102,60,42,元富-台南,2024-04-30,5929
2515,中工,108,67,41,元富-台南,2024-04-30,5929
2888,新光金,39,1,38,元富-台南,2024-04-30,5929
2312,金寶,34,0,34,元富-台南,2024-04-30,5929
2501,國建,45,12,33,元富-台南,2024-04-30,5929
2408,南亞科,31,2,29,元富-台南,2024-04-30,5929
00712,復華富時不動產,21,0,21,元富-台南,2024-04-30,5929
1723,中碳,20,0,20,元富-台南,2024-04-30,5929
3490,單井,20,0,20,元富-台南,2024-04-30,5929
5871,中租-KY,20,0,20,元富-台南,2024-04-30,5929
6706,惠特,18,0,18,元富-台南,2024-04-30,5929
2801,彰銀,18,1,17,元富-台南,2024-04-30,5929
4402,郡都開發,17,0,17,元富-台南,2024-04-30,5929
00929,復華台灣科技優息,17,0,17,元富-台南,2024-04-30,5929
2402,毅嘉,15,0,15,元富-台南,2024-04-30,5929
5009,榮剛,17,2,15,元富-台南,2024-04-30,5929
5512,力麒,16,1,15,元富-台南,2024-04-30,5929
2330,台積電,43,30,13,元富-台南,2024-04-30,5929
3006,晶豪科,14,2,12,元富-台南,2024-04-30,5929
2355,敬鵬,13,2,11,元富-台南,2024-04-30,5929
9941,裕融,10,0,10,元富-台南,2024-04-30,5929
00885,富邦越南,10,0,10,元富-台南,2024-04-30,5929
00882,中信中國高股息,10,0,10,元富-台南,2024-04-30,5929
1473,台南,10,0,10,元富-台南,2024-04-30,5929
1536,和大,10,0,10,元富-台南,2024-04-30,5929
1718,中纖,10,0,10,元富-台南,2024-04-30,5929
5328,華容,10,0,10,元富-台南,2024-04-30,5929
8069,元太,10,0,10,元富-台南,2024-04-30,5929
1316,上曜,24,15,9,元富-台南,2024-04-30,5929
2363,矽統,34,25,9,元富-台南,2024-04-30,5929
00940,元大台灣價值高息,10,1,9,元富-台南,2024-04-30,5929
2009,第一銅,14,5,9,元富-台南,2024-04-30,5929
3078,僑威,10,1,9,元富-台南,2024-04-30,5929
5531,鄉林,13,4,9,元富-台南,2024-04-30,5929
6248,沛波,9,0,9,元富-台南,2024-04-30,5929
00919,群益台灣精選高息,9,0,9,元富-台南,2024-04-30,5929
00878,國泰永續高股息,9,0,9,元富-台南,2024-04-30,5929
6143,振曜,10,2,8,元富-台南,2024-04-30,5929
2880,華南金,8,0,8,元富-台南,2024-04-30,5929
2630,亞航,8,0,8,元富-台南,2024-04-30,5929
2206,三陽工業,10,2,8,元富-台南,2024-04-30,5929
3703,欣陸,8,0,8,元富-台南,2024-04-30,5929
2506,太設,6,0,6,元富-台南,2024-04-30,5929
1609,大亞,96,90,6,元富-台南,2024-04-30,5929
1227,佳格,6,0,6,元富-台南,2024-04-30,5929
00933B,國泰10Y+金融債,6,0,6,元富-台南,2024-04-30,5929
1605,華新,6,0,6,元富-台南,2024-04-30,5929
2371,大同,115,29,86,元富-台南,2024-05-02,5929
00878,國泰永續高股息,91,6,85,元富-台南,2024-05-02,5929
2515,中工,71,8,63,元富-台南,2024-05-02,5929
2609,陽明,58,7,51,元富-台南,2024-05-02,5929
2401,凌陽,41,0,41,元富-台南,2024-05-02,5929
00937B,群益ESG投等債20,46,11,35,元富-台南,2024-05-02,5929
00940,元大台灣價值高息,35,0,35,元富-台南,2024-05-02,5929
2633,台灣高鐵,30,0,30,元富-台南,2024-05-02,5929
00929,復華台灣科技優息,29,0,29,元富-台南,2024-05-02,5929
3481,群創,98,69,29,元富-台南,2024-05-02,5929
2888,新光金,55,27,28,元富-台南,2024-05-02,5929
2883,凱基金,28,0,28,元富-台南,2024-05-02,5929
6419,京晨科,25,0,25,元富-台南,2024-05-02,5929
1474,弘裕,23,0,23,元富-台南,2024-05-02,5929
2027,大成鋼,21,0,21,元富-台南,2024-05-02,5929
2617,台航,20,0,20,元富-台南,2024-05-02,5929
4716,大立,20,0,20,元富-台南,2024-05-02,5929
00919,群益台灣精選高息,18,1,17,元富-台南,2024-05-02,5929
1609,大亞,48,31,17,元富-台南,2024-05-02,5929
1504,東元,30,14,16,元富-台南,2024-05-02,5929
2330,台積電,15,1,14,元富-台南,2024-05-02,5929
3211,順達,14,0,14,元富-台南,2024-05-02,5929
2881,富邦金,13,0,13,元富-台南,2024-05-02,5929
1513,中興電,13,2,11,元富-台南,2024-05-02,5929
2323,中環,11,0,11,元富-台南,2024-05-02,5929
2308,台達電,11,0,11,元富-台南,2024-05-02,5929
1305,華夏,11,0,11,元富-台南,2024-05-02,5929
2337,旺宏,21,10,11,元富-台南,2024-05-02,5929
3711,日月光投控,11,0,11,元富-台南,2024-05-02,5929
4127,天良,11,0,11,元富-台南,2024-05-02,5929
2451,創見,10,0,10,元富-台南,2024-05-02,5929
3338,泰碩,11,1,10,元富-台南,2024-05-02,5929
6233,旺玖,10,0,10,元富-台南,2024-05-02,5929
6275,元山,10,0,10,元富-台南,2024-05-02,5929
6706,惠特,9,0,9,元富-台南,2024-05-02,5929
2537,聯上發,31,22,9,元富-台南,2024-05-02,5929
2611,志信,17,8,9,元富-台南,2024-05-02,5929
2317,鴻海,35,27,8,元富-台南,2024-05-02,5929
5469,瀚宇博,8,0,8,元富-台南,2024-05-02,5929
6112,邁達特,9,1,8,元富-台南,2024-05-02,5929
8064,東捷,10,2,8,元富-台南,2024-05-02,5929
2363,矽統,11,3,8,元富-台南,2024-05-02,5929
3024,憶聲,8,1,7,元富-台南,2024-05-02,5929
3483,力致,7,0,7,元富-台南,2024-05-02,5929
00933B,國泰10Y+金融債,7,0,7,元富-台南,2024-05-02,5929
6239,力成,7,1,6,元富-台南,2024-05-02,5929
1535,中宇,6,0,6,元富-台南,2024-05-02,5929
2303,聯電,7,1,6,元富-台南,2024-05-02,5929
2614,東森,6,0,6,元富-台南,2024-05-02,5929
3363,上詮,6,0,6,元富-台南,2024-05-02,5929
3059,華晶科,141,0,141,元富-台南,2024-05-03,5929
00937B,群益ESG投等債20,105,1,104,元富-台南,2024-05-03,5929
00715L,期街口布蘭特正2,100,0,100,元富-台南,2024-05-03,5929
1316,上曜,52,14,38,元富-台南,2024-05-03,5929
2609,陽明,39,7,32,元富-台南,2024-05-03,5929
1101,台泥,31,0,31,元富-台南,2024-05-03,5929
2344,華邦電,30,0,30,元富-台南,2024-05-03,5929
2408,南亞科,31,1,30,元富-台南,2024-05-03,5929
6770,力積電,34,6,28,元富-台南,2024-05-03,5929
2317,鴻海,37,11,26,元富-台南,2024-05-03,5929
8040,九暘,25,0,25,元富-台南,2024-05-03,5929
3706,神達,20,0,20,元富-台南,2024-05-03,5929
00878,國泰永續高股息,22,3,19,元富-台南,2024-05-03,5929
6163,華電網,20,1,19,元富-台南,2024-05-03,5929
2486,一詮,20,2,18,元富-台南,2024-05-03,5929
6120,達運,18,0,18,元富-台南,2024-05-03,5929
2913,農林,20,3,17,元富-台南,2024-05-03,5929
5512,力麒,31,14,17,元富-台南,2024-05-03,5929
1104,環泥,16,0,16,元富-台南,2024-05-03,5929
2611,志信,17,1,16,元富-台南,2024-05-03,5929
1474,弘裕,15,0,15,元富-台南,2024-05-03,5929
5531,鄉林,21,6,15,元富-台南,2024-05-03,5929
6706,惠特,15,0,15,元富-台南,2024-05-03,5929
1609,大亞,46,32,14,元富-台南,2024-05-03,5929
8096,擎亞,41,27,14,元富-台南,2024-05-03,5929
3231,緯創,15,2,13,元富-台南,2024-05-03,5929
00939,統一台灣高息動能,20,7,13,元富-台南,2024-05-03,5929
00940,元大台灣價值高息,19,6,13,元富-台南,2024-05-03,5929
2376,技嘉,15,2,13,元富-台南,2024-05-03,5929
6419,京晨科,13,0,13,元富-台南,2024-05-03,5929
9941,裕融,12,0,12,元富-台南,2024-05-03,5929
1608,華榮,13,1,12,元富-台南,2024-05-03,5929
2889,國票金,20,8,12,元富-台南,2024-05-03,5929
2504,國產,11,0,11,元富-台南,2024-05-03,5929
2888,新光金,93,83,10,元富-台南,2024-05-03,5929
1514,亞力,14,4,10,元富-台南,2024-05-03,5929
2014,中鴻,10,0,10,元富-台南,2024-05-03,5929
2356,英業達,11,1,10,元富-台南,2024-05-03,5929
3236,千如,10,0,10,元富-台南,2024-05-03,5929
4167,松瑞藥,10,0,10,元富-台南,2024-05-03,5929
5301,寶得利,10,0,10,元富-台南,2024-05-03,5929
9105,泰金寶-DR,10,0,10,元富-台南,2024-05-03,5929
6282,康舒,9,0,9,元富-台南,2024-05-03,5929
2316,楠梓電,9,0,9,元富-台南,2024-05-03,5929
1617,榮星,9,1,8,元富-台南,2024-05-03,5929
2880,華南金,8,0,8,元富-台南,2024-05-03,5929
5383,金利,8,0,8,元富-台南,2024-05-03,5929
0056,元大高股息,8,1,7,元富-台南,2024-05-03,5929
00929,復華台灣科技優息,8,0,8,元富-台南,2024-05-03,5929
6125,廣運,11,4,7,元富-台南,2024-05-03,5929
00680L,元大美債20正2,855,34,821,元富-台南,2024-05-06,5929
00937B,群益ESG投等債20,148,0,148,元富-台南,2024-05-06,5929
2371,大同,84,5,79,元富-台南,2024-05-06,5929
2486,一詮,60,8,52,元富-台南,2024-05-06,5929
2610,華航,69,22,47,元富-台南,2024-05-06,5929
0050,元大台灣50,40,0,40,元富-台南,2024-05-06,5929
00929,復華台灣科技優息,40,7,33,元富-台南,2024-05-06,5929
5512,力麒,28,2,26,元富-台南,2024-05-06,5929
3231,緯創,28,3,25,元富-台南,2024-05-06,5929
2506,太設,25,0,25,元富-台南,2024-05-06,5929
6668,中揚光,25,0,25,元富-台南,2024-05-06,5929
6770,力積電,33,11,22,元富-台南,2024-05-06,5929
2888,新光金,123,102,21,元富-台南,2024-05-06,5929
2618,長榮航,44,23,21,元富-台南,2024-05-06,5929
2511,太子,20,0,20,元富-台南,2024-05-06,5929
5432,新門,20,0,20,元富-台南,2024-05-06,5929
2101,南港,30,11,19,元富-台南,2024-05-06,5929
2501,國建,73,55,18,元富-台南,2024-05-06,5929
1617,榮星,18,0,18,元富-台南,2024-05-06,5929
5015,華祺,18,0,18,元富-台南,2024-05-06,5929
2313,華通,16,0,16,元富-台南,2024-05-06,5929
2548,華固,16,1,15,元富-台南,2024-05-06,5929
6189,豐藝,36,21,15,元富-台南,2024-05-06,5929
2547,日勝生,15,0,15,元富-台南,2024-05-06,5929
2449,京元電子,19,6,13,元富-台南,2024-05-06,5929
8163,達方,13,0,13,元富-台南,2024-05-06,5929
00882,中信中國高股息,11,0,11,元富-台南,2024-05-06,5929
2834,臺企銀,15,4,11,元富-台南,2024-05-06,5929
6215,和椿,14,3,11,元富-台南,2024-05-06,5929
2913,農林,16,5,11,元富-台南,2024-05-06,5929
2880,華南金,15,5,10,元富-台南,2024-05-06,5929
00715L,期街口布蘭特正2,10,0,10,元富-台南,2024-05-06,5929
2888A,新光金甲特,10,0,10,元富-台南,2024-05-06,5929
3027,盛達,10,0,10,元富-台南,2024-05-06,5929
4958,臻鼎-KY,10,0,10,元富-台南,2024-05-06,5929
5201,凱衛,10,0,10,元富-台南,2024-05-06,5929
3661,世芯-KY,9,0,9,元富-台南,2024-05-06,5929
1314,中石化,12,3,9,元富-台南,2024-05-06,5929
1449,佳和,8,0,8,元富-台南,2024-05-06,5929
3260,威剛,15,7,8,元富-台南,2024-05-06,5929
4714,永捷,10,3,7,元富-台南,2024-05-06,5929
1609,大亞,61,55,6,元富-台南,2024-05-06,5929
2355,敬鵬,6,0,6,元富-台南,2024-05-06,5929
2617,台航,7,1,6,元富-台南,2024-05-06,5929
3024,憶聲,6,0,6,元富-台南,2024-05-06,5929
4160,訊聯基因,6,0,6,元富-台南,2024-05-06,5929
5351,鈺創,6,0,6,元富-台南,2024-05-06,5929
6706,惠特,6,0,6,元富-台南,2024-05-06,5929
9946,三發地產,6,0,6,元富-台南,2024-05-06,5929
00891,中信關鍵半導體,6,1,5,元富-台南,2024-05-06,5929
00937B,群益ESG投等債20,327,0,327,元富-台南,2024-05-07,5929
2486,一詮,140,14,126,元富-台南,2024-05-07,5929
00878,國泰永續高股息,82,0,82,元富-台南,2024-05-07,5929
1605,華新,70,11,59,元富-台南,2024-05-07,5929
3211,順達,42,0,42,元富-台南,2024-05-07,5929
2618,長榮航,44,8,36,元富-台南,2024-05-07,5929
00940,元大台灣價值高息,33,0,33,元富-台南,2024-05-07,5929
4160,訊聯基因,31,0,31,元富-台南,2024-05-07,5929
1104,環泥,31,2,29,元富-台南,2024-05-07,5929
3325,旭品,26,0,26,元富-台南,2024-05-07,5929
1440,南紡,27,2,25,元富-台南,2024-05-07,5929
1806,冠軍,24,0,24,元富-台南,2024-05-07,5929
3624,光頡,20,0,20,元富-台南,2024-05-07,5929
5864,致和證,20,0,20,元富-台南,2024-05-07,5929
3714,富采,20,1,19,元富-台南,2024-05-07,5929
00929,復華台灣科技優息,31,13,18,元富-台南,2024-05-07,5929
1617,榮星,18,1,17,元富-台南,2024-05-07,5929
2867,三商壽,15,0,15,元富-台南,2024-05-07,5929
2317,鴻海,130,117,13,元富-台南,2024-05-07,5929
1316,上曜,13,0,13,元富-台南,2024-05-07,5929
3033,威健,17,4,13,元富-台南,2024-05-07,5929
5383,金利,17,4,13,元富-台南,2024-05-07,5929
6706,惠特,13,0,13,元富-台南,2024-05-07,5929
3013,晟銘電,21,9,12,元富-台南,2024-05-07,5929
2883,凱基金,13,2,11,元富-台南,2024-05-07,5929
1714,和桐,10,0,10,元富-台南,2024-05-07,5929
2913,農林,10,0,10,元富-台南,2024-05-07,5929
3708,上緯投控,11,1,10,元富-台南,2024-05-07,5929
2603,長榮,11,2,9,元富-台南,2024-05-07,5929
3545,敦泰,10,1,9,元富-台南,2024-05-07,5929
0056,元大高股息,11,2,9,元富-台南,2024-05-07,5929
2401,凌陽,8,0,8,元富-台南,2024-05-07,5929
2504,國產,16,8,8,元富-台南,2024-05-07,5929
6770,力積電,8,0,8,元富-台南,2024-05-07,5929
8222,寶一,8,0,8,元富-台南,2024-05-07,5929
3006,晶豪科,11,4,7,元富-台南,2024-05-07,5929
8936,國統,9,2,7,元富-台南,2024-05-07,5929
2354,鴻準,8,2,6,元富-台南,2024-05-07,5929
2506,太設,6,0,6,元富-台南,2024-05-07,5929
9945,潤泰新,28,22,6,元富-台南,2024-05-07,5929
00945B,凱基美國非投等債,5,0,5,元富-台南,2024-05-07,5929
1702,南僑,5,0,5,元富-台南,2024-05-07,5929
2387,精元,5,0,5,元富-台南,2024-05-07,5929
2464,盟立,9,4,5,元富-台南,2024-05-07,5929
3052,夆典,5,0,5,元富-台南,2024-05-07,5929
3527,聚積,5,0,5,元富-台南,2024-05-07,5929
4207,環泰,5,0,5,元富-台南,2024-05-07,5929
6111,大宇資,5,0,5,元富-台南,2024-05-07,5929
6118,建達,5,0,5,元富-台南,2024-05-07,5929
2101,南港,17,12,5,元富-台南,2024-05-07,5929
00632R,元大台灣50反1,200,0,200,元富-台南,2024-05-08,5929
00937B,群益ESG投等債20,132,1,131,元富-台南,2024-05-08,5929
00940,元大台灣價值高息,84,10,74,元富-台南,2024-05-08,5929
3036,文曄,101,33,68,元富-台南,2024-05-08,5929
00942B,台新美A公司債20+,55,0,55,元富-台南,2024-05-08,5929
5383,金利,48,0,48,元富-台南,2024-05-08,5929
2201,裕隆,45,4,41,元富-台南,2024-05-08,5929
5608,四維航,34,2,32,元富-台南,2024-05-08,5929
3231,緯創,33,3,30,元富-台南,2024-05-08,5929
9105,泰金寶-DR,30,0,30,元富-台南,2024-05-08,5929
2515,中工,36,10,26,元富-台南,2024-05-08,5929
2303,聯電,26,2,24,元富-台南,2024-05-08,5929
1314,中石化,23,0,23,元富-台南,2024-05-08,5929
6282,康舒,24,2,22,元富-台南,2024-05-08,5929
1609,大亞,33,11,22,元富-台南,2024-05-08,5929
2887,台新金,20,1,19,元富-台南,2024-05-08,5929
4973,廣穎,30,11,19,元富-台南,2024-05-08,5929
2101,南港,18,0,18,元富-台南,2024-05-08,5929
5864,致和證,21,3,18,元富-台南,2024-05-08,5929
2501,國建,35,18,17,元富-台南,2024-05-08,5929
9945,潤泰新,16,0,16,元富-台南,2024-05-08,5929
2641,正德,18,2,16,元富-台南,2024-05-08,5929
6015,宏遠證,16,0,16,元富-台南,2024-05-08,5929
2845,遠東銀,15,0,15,元富-台南,2024-05-08,5929
5871,中租-KY,15,0,15,元富-台南,2024-05-08,5929
00919,群益台灣精選高息,14,0,14,元富-台南,2024-05-08,5929
2464,盟立,14,0,14,元富-台南,2024-05-08,5929
2634,漢翔,35,22,13,元富-台南,2024-05-08,5929
2618,長榮航,30,17,13,元富-台南,2024-05-08,5929
2851,中再保,13,0,13,元富-台南,2024-05-08,5929
2883,凱基金,13,0,13,元富-台南,2024-05-08,5929
3663,鑫科,13,0,13,元富-台南,2024-05-08,5929
3624,光頡,20,8,12,元富-台南,2024-05-08,5929
00929,復華台灣科技優息,30,18,12,元富-台南,2024-05-08,5929
2603,長榮,12,1,11,元富-台南,2024-05-08,5929
1504,東元,13,2,11,元富-台南,2024-05-08,5929
1514,亞力,17,6,11,元富-台南,2024-05-08,5929
1806,冠軍,20,9,11,元富-台南,2024-05-08,5929
2605,新興,18,8,10,元富-台南,2024-05-08,5929
00932,兆豐永續高息等權,10,0,10,元富-台南,2024-05-08,5929
2010,春源,10,0,10,元富-台南,2024-05-08,5929
2365,昆盈,10,1,9,元富-台南,2024-05-08,5929
2867,三商壽,9,0,9,元富-台南,2024-05-08,5929
1529,樂事綠能,8,0,8,元富-台南,2024-05-08,5929
2363,矽統,34,26,8,元富-台南,2024-05-08,5929
1795,美時,7,0,7,元富-台南,2024-05-08,5929
1316,上曜,7,0,7,元富-台南,2024-05-08,5929
6185,幃翔,7,0,7,元富-台南,2024-05-08,5929
6215,和椿,20,13,7,元富-台南,2024-05-08,5929
8096,擎亞,15,8,7,元富-台南,2024-05-08,5929
00946,群益科技高息成長,341,24,317,元富-台南,2024-05-09,5929
00937B,群益ESG投等債20,135,1,134,元富-台南,2024-05-09,5929
00940,元大台灣價值高息,117,0,117,元富-台南,2024-05-09,5929
2888,新光金,180,103,77,元富-台南,2024-05-09,5929
2610,華航,68,5,63,元富-台南,2024-05-09,5929
00878,國泰永續高股息,55,10,45,元富-台南,2024-05-09,5929
2618,長榮航,78,43,35,元富-台南,2024-05-09,5929
00929,復華台灣科技優息,32,0,32,元富-台南,2024-05-09,5929
4754,國碳科,30,0,30,元富-台南,2024-05-09,5929
3211,順達,28,0,28,元富-台南,2024-05-09,5929
6207,雷科,26,0,26,元富-台南,2024-05-09,5929
2354,鴻準,25,0,25,元富-台南,2024-05-09,5929
3312,弘憶股,42,17,25,元富-台南,2024-05-09,5929
2883,凱基金,23,0,23,元富-台南,2024-05-09,5929
6770,力積電,20,0,20,元富-台南,2024-05-09,5929
1314,中石化,19,0,19,元富-台南,2024-05-09,5929
5512,力麒,21,2,19,元富-台南,2024-05-09,5929
5871,中租-KY,18,2,16,元富-台南,2024-05-09,5929
3013,晟銘電,20,4,16,元富-台南,2024-05-09,5929
3481,群創,17,3,14,元富-台南,2024-05-09,5929
5383,金利,26,12,14,元富-台南,2024-05-09,5929
2330,台積電,25,11,14,元富-台南,2024-05-09,5929
00931B,統一美債20年,13,0,13,元富-台南,2024-05-09,5929
3041,揚智,16,3,13,元富-台南,2024-05-09,5929
00882,中信中國高股息,12,0,12,元富-台南,2024-05-09,5929
00635U,期元大S＆P黃金,12,0,12,元富-台南,2024-05-09,5929
00932,兆豐永續高息等權,12,0,12,元富-台南,2024-05-09,5929
1615,大山,25,13,12,元富-台南,2024-05-09,5929
2367,燿華,26,14,12,元富-台南,2024-05-09,5929
4160,訊聯基因,12,0,12,元富-台南,2024-05-09,5929
5009,榮剛,13,1,12,元富-台南,2024-05-09,5929
2889,國票金,18,6,12,元富-台南,2024-05-09,5929
00934,中信成長高股息,11,0,11,元富-台南,2024-05-09,5929
00679B,元大美債20年,11,0,11,元富-台南,2024-05-09,5929
2303,聯電,11,0,11,元富-台南,2024-05-09,5929
2409,友達,11,0,11,元富-台南,2024-05-09,5929
6187,萬潤,10,0,10,元富-台南,2024-05-09,5929
1504,東元,10,0,10,元富-台南,2024-05-09,5929
00753L,中信中國50正2,10,0,10,元富-台南,2024-05-09,5929
1304,台聚,10,0,10,元富-台南,2024-05-09,5929
1731,美吾華,10,0,10,元富-台南,2024-05-09,5929
2887,台新金,10,0,10,元富-台南,2024-05-09,5929
4532,瑞智,10,0,10,元富-台南,2024-05-09,5929
5425,台半,10,0,10,元富-台南,2024-05-09,5929
6212,理銘,10,0,10,元富-台南,2024-05-09,5929
9941,裕融,10,0,10,元富-台南,2024-05-09,5929
1514,亞力,9,1,8,元富-台南,2024-05-09,5929
5206,坤悅,8,0,8,元富-台南,2024-05-09,5929
6270,倍微,8,0,8,元富-台南,2024-05-09,5929
2329,華泰,9,2,7,元富-台南,2024-05-09,5929
00946,群益科技高息成長,1905,10,1895,元富-台南,2024-05-10,5929
1708,東鹼,194,1,193,元富-台南,2024-05-10,5929
2882,國泰金,224,111,113,元富-台南,2024-05-10,5929
00937B,群益ESG投等債20,99,3,96,元富-台南,2024-05-10,5929
3706,神達,93,12,81,元富-台南,2024-05-10,5929
00929,復華台灣科技優息,71,9,62,元富-台南,2024-05-10,5929
00932,兆豐永續高息等權,54,0,54,元富-台南,2024-05-10,5929
00696B,富邦美債20年,50,0,50,元富-台南,2024-05-10,5929
00878,國泰永續高股息,52,12,40,元富-台南,2024-05-10,5929
00919,群益台灣精選高息,36,1,35,元富-台南,2024-05-10,5929
2313,華通,36,1,35,元富-台南,2024-05-10,5929
3710,連展投控,30,0,30,元富-台南,2024-05-10,5929
2371,大同,31,2,29,元富-台南,2024-05-10,5929
00933B,國泰10Y+金融債,30,2,28,元富-台南,2024-05-10,5929
2501,國建,18,0,18,元富-台南,2024-05-10,5929
2408,南亞科,16,0,16,元富-台南,2024-05-10,5929
3036,文曄,17,1,16,元富-台南,2024-05-10,5929
2356,英業達,30,15,15,元富-台南,2024-05-10,5929
2834,臺企銀,15,0,15,元富-台南,2024-05-10,5929
8163,達方,15,0,15,元富-台南,2024-05-10,5929
9939,宏全,20,5,15,元富-台南,2024-05-10,5929
00940,元大台灣價值高息,17,3,14,元富-台南,2024-05-10,5929
6929,佑全,14,0,14,元富-台南,2024-05-10,5929
1707,葡萄王,13,1,12,元富-台南,2024-05-10,5929
8112,至上,12,1,11,元富-台南,2024-05-10,5929
3042,晶技,11,0,11,元富-台南,2024-05-10,5929
6147,頎邦,12,1,11,元富-台南,2024-05-10,5929
8150,南茂,11,0,11,元富-台南,2024-05-10,5929
2338,光罩,10,0,10,元富-台南,2024-05-10,5929
4142,國光生,10,0,10,元富-台南,2024-05-10,5929
6742,澤米,10,0,10,元富-台南,2024-05-10,5929
8131,福懋科,10,0,10,元富-台南,2024-05-10,5929
1316,上曜,8,0,8,元富-台南,2024-05-10,5929
8936,國統,7,0,7,元富-台南,2024-05-10,5929
1513,中興電,7,0,7,元富-台南,2024-05-10,5929
2230,泰茂,7,0,7,元富-台南,2024-05-10,5929
3013,晟銘電,28,21,7,元富-台南,2024-05-10,5929
3376,新日興,9,2,7,元富-台南,2024-05-10,5929
2409,友達,6,0,6,元富-台南,2024-05-10,5929
4949,有成精密,6,0,6,元富-台南,2024-05-10,5929
6443,元晶,7,1,6,元富-台南,2024-05-10,5929
00939,統一台灣高息動能,5,0,5,元富-台南,2024-05-10,5929
3047,訊舟,5,0,5,元富-台南,2024-05-10,5929
1504,東元,5,0,5,元富-台南,2024-05-10,5929
2611,志信,22,17,5,元富-台南,2024-05-10,5929
2891,中信金,25,20,5,元富-台南,2024-05-10,5929
3402,漢科,5,0,5,元富-台南,2024-05-10,5929
3715,定穎投控,5,0,5,元富-台南,2024-05-10,5929
4707,磐亞,5,0,5,元富-台南,2024-05-10,5929
5515,建國,5,0,5,元富-台南,2024-05-10,5929
3059,華晶科,172,3,169,元富-台南,2024-05-13,5929
00937B,群益ESG投等債20,162,0,162,元富-台南,2024-05-13,5929
2888,新光金,147,10,137,元富-台南,2024-05-13,5929
4960,誠美材,110,20,90,元富-台南,2024-05-13,5929
2618,長榮航,88,7,81,元富-台南,2024-05-13,5929
00929,復華台灣科技優息,99,23,76,元富-台南,2024-05-13,5929
2330,台積電,77,15,62,元富-台南,2024-05-13,5929
1785,光洋科,51,5,46,元富-台南,2024-05-13,5929
4562,穎漢,44,1,43,元富-台南,2024-05-13,5929
1104,環泥,37,0,37,元富-台南,2024-05-13,5929
4949,有成精密,28,0,28,元富-台南,2024-05-13,5929
2834,臺企銀,23,1,22,元富-台南,2024-05-13,5929
2634,漢翔,53,33,20,元富-台南,2024-05-13,5929
2349,錸德,20,0,20,元富-台南,2024-05-13,5929
3211,順達,20,0,20,元富-台南,2024-05-13,5929
3702A,大聯大甲特,20,0,20,元富-台南,2024-05-13,5929
5432,新門,20,0,20,元富-台南,2024-05-13,5929
4532,瑞智,16,0,16,元富-台南,2024-05-13,5929
2371,大同,49,34,15,元富-台南,2024-05-13,5929
2609,陽明,58,43,15,元富-台南,2024-05-13,5929
2317,鴻海,175,161,14,元富-台南,2024-05-13,5929
2611,志信,33,20,13,元富-台南,2024-05-13,5929
2883,凱基金,18,5,13,元富-台南,2024-05-13,5929
1314,中石化,12,0,12,元富-台南,2024-05-13,5929
00687B,國泰20年美債,11,0,11,元富-台南,2024-05-13,5929
00715L,期街口布蘭特正2,11,0,11,元富-台南,2024-05-13,5929
2867,三商壽,22,11,11,元富-台南,2024-05-13,5929
5521,工信,11,0,11,元富-台南,2024-05-13,5929
6706,惠特,11,0,11,元富-台南,2024-05-13,5929
2603,長榮,25,14,11,元富-台南,2024-05-13,5929
3231,緯創,13,2,11,元富-台南,2024-05-13,5929
00857B,永豐20年美公債,10,0,10,元富-台南,2024-05-13,5929
00936,台新永續高息中小,10,0,10,元富-台南,2024-05-13,5929
1905,華紙,10,0,10,元富-台南,2024-05-13,5929
3430,奇鈦科,10,0,10,元富-台南,2024-05-13,5929
4526,東台,10,0,10,元富-台南,2024-05-13,5929
4952,凌通,10,0,10,元富-台南,2024-05-13,5929
8163,達方,10,0,10,元富-台南,2024-05-13,5929
9946,三發地產,10,0,10,元富-台南,2024-05-13,5929
2486,一詮,39,30,9,元富-台南,2024-05-13,5929
2892,第一金,9,0,9,元富-台南,2024-05-13,5929
2891,中信金,10,1,9,元富-台南,2024-05-13,5929
1618,合機,9,0,9,元富-台南,2024-05-13,5929
6929,佑全,9,0,9,元富-台南,2024-05-13,5929
00931B,統一美債20年,8,0,8,元富-台南,2024-05-13,5929
1304,台聚,8,0,8,元富-台南,2024-05-13,5929
6170,統振,8,0,8,元富-台南,2024-05-13,5929
2636,台驊控股,21,14,7,元富-台南,2024-05-13,5929
2406,國碩,17,10,7,元富-台南,2024-05-13,5929
00918,大華優利高填息30,9,3,6,元富-台南,2024-05-13,5929
2317,鴻海,438,9,429,元富-台南,2024-05-14,5929
00937B,群益ESG投等債20,72,2,70,元富-台南,2024-05-14,5929
2606,裕民,52,3,49,元富-台南,2024-05-14,5929
6770,力積電,38,3,35,元富-台南,2024-05-14,5929
2353,宏��,76,42,34,元富-台南,2024-05-14,5929
00929,復華台灣科技優息,35,3,32,元富-台南,2024-05-14,5929
3702A,大聯大甲特,30,0,30,元富-台南,2024-05-14,5929
3231,緯創,27,3,24,元富-台南,2024-05-14,5929
00878,國泰永續高股息,31,6,25,元富-台南,2024-05-14,5929
3686,達能,21,0,21,元富-台南,2024-05-14,5929
2613,中櫃,21,1,20,元富-台南,2024-05-14,5929
4949,有成精密,20,0,20,元富-台南,2024-05-14,5929
2501,國建,50,32,18,元富-台南,2024-05-14,5929
2801,彰銀,16,0,16,元富-台南,2024-05-14,5929
1522,堤維西,18,3,15,元富-台南,2024-05-14,5929
9945,潤泰新,39,24,15,元富-台南,2024-05-14,5929
5230,雷笛克光學,14,0,14,元富-台南,2024-05-14,5929
00665L,富邦�琤肭磪囓�2,19,5,14,元富-台南,2024-05-14,5929
1609,大亞,19,6,13,元富-台南,2024-05-14,5929
2515,中工,14,1,13,元富-台南,2024-05-14,5929
2371,大同,19,7,12,元富-台南,2024-05-14,5929
1101,台泥,11,0,11,元富-台南,2024-05-14,5929
5371,中光電,11,0,11,元富-台南,2024-05-14,5929
3211,順達,10,0,10,元富-台南,2024-05-14,5929
1720,生達,10,0,10,元富-台南,2024-05-14,5929
1316,上曜,11,2,9,元富-台南,2024-05-14,5929
3679,新至陞,9,0,9,元富-台南,2024-05-14,5929
5521,工信,9,0,9,元富-台南,2024-05-14,5929
2851,中再保,8,0,8,元富-台南,2024-05-14,5929
3312,弘憶股,8,0,8,元富-台南,2024-05-14,5929
6446,藥華藥,9,1,8,元富-台南,2024-05-14,5929
2615,萬海,38,30,8,元富-台南,2024-05-14,5929
5425,台半,7,0,7,元富-台南,2024-05-14,5929
2330,台積電,13,6,7,元富-台南,2024-05-14,5929
3036,文曄,7,0,7,元富-台南,2024-05-14,5929
3703,欣陸,7,0,7,元富-台南,2024-05-14,5929
4526,東台,7,0,7,元富-台南,2024-05-14,5929
6125,廣運,12,5,7,元富-台南,2024-05-14,5929
6288,聯嘉,7,0,7,元富-台南,2024-05-14,5929
2363,矽統,28,21,7,元富-台南,2024-05-14,5929
00679B,元大美債20年,7,0,7,元富-台南,2024-05-14,5929
2891,中信金,6,0,6,元富-台南,2024-05-14,5929
1615,大山,6,0,6,元富-台南,2024-05-14,5929
2355,敬鵬,6,0,6,元富-台南,2024-05-14,5929
3663,鑫科,6,0,6,元富-台南,2024-05-14,5929
4903,聯光通,7,1,6,元富-台南,2024-05-14,5929
6546,正基,9,3,6,元富-台南,2024-05-14,5929
8426,紅木-KY,6,0,6,元富-台南,2024-05-14,5929
2401,凌陽,11,5,6,元富-台南,2024-05-14,5929
00712,復華富時不動產,5,0,5,元富-台南,2024-05-14,5929
2317,鴻海,312,114,198,元富-台南,2024-05-15,5929
00937B,群益ESG投等債20,165,0,165,元富-台南,2024-05-15,5929
2882,國泰金,112,32,80,元富-台南,2024-05-15,5929
2618,長榮航,64,0,64,元富-台南,2024-05-15,5929
2356,英業達,63,8,55,元富-台南,2024-05-15,5929
4960,誠美材,51,10,41,元富-台南,2024-05-15,5929
4973,廣穎,46,5,41,元富-台南,2024-05-15,5929
3047,訊舟,47,11,36,元富-台南,2024-05-15,5929
1909,榮成,33,0,33,元富-台南,2024-05-15,5929
2363,矽統,41,9,32,元富-台南,2024-05-15,5929
2617,台航,30,0,30,元富-台南,2024-05-15,5929
6443,元晶,30,0,30,元富-台南,2024-05-15,5929
4542,科嶠,30,1,29,元富-台南,2024-05-15,5929
00761B,國泰A級公司債,27,0,27,元富-台南,2024-05-15,5929
2344,華邦電,21,0,21,元富-台南,2024-05-15,5929
3380,明泰,20,0,20,元富-台南,2024-05-15,5929
9946,三發地產,20,0,20,元富-台南,2024-05-15,5929
4532,瑞智,17,0,17,元富-台南,2024-05-15,5929
00688L,國泰20年美債正2,15,0,15,元富-台南,2024-05-15,5929
1473,台南,15,0,15,元富-台南,2024-05-15,5929
2464,盟立,15,1,14,元富-台南,2024-05-15,5929
4716,大立,14,0,14,元富-台南,2024-05-15,5929
3706,神達,18,5,13,元富-台南,2024-05-15,5929
5512,力麒,15,3,12,元富-台南,2024-05-15,5929
00919,群益台灣精選高息,36,25,11,元富-台南,2024-05-15,5929
2401,凌陽,11,0,11,元富-台南,2024-05-15,5929
5864,致和證,11,0,11,元富-台南,2024-05-15,5929
2486,一詮,58,48,10,元富-台南,2024-05-15,5929
2603,長榮,35,25,10,元富-台南,2024-05-15,5929
1217,愛之味,10,0,10,元富-台南,2024-05-15,5929
3041,揚智,10,0,10,元富-台南,2024-05-15,5929
3078,僑威,10,0,10,元富-台南,2024-05-15,5929
3557,嘉威,10,0,10,元富-台南,2024-05-15,5929
6116,彩晶,10,0,10,元富-台南,2024-05-15,5929
6806,森崴能源,10,1,9,元富-台南,2024-05-15,5929
2606,裕民,13,4,9,元富-台南,2024-05-15,5929
3033,威健,9,0,9,元富-台南,2024-05-15,5929
5493,三聯,9,0,9,元富-台南,2024-05-15,5929
6111,大宇資,8,0,8,元富-台南,2024-05-15,5929
2371,大同,13,5,8,元富-台南,2024-05-15,5929
6706,惠特,8,0,8,元富-台南,2024-05-15,5929
00679B,元大美債20年,12,5,7,元富-台南,2024-05-15,5929
1316,上曜,7,0,7,元富-台南,2024-05-15,5929
2449,京元電子,7,1,6,元富-台南,2024-05-15,5929
00932,兆豐永續高息等權,6,0,6,元富-台南,2024-05-15,5929
2201,裕隆,6,0,6,元富-台南,2024-05-15,5929
2388,威盛,6,0,6,元富-台南,2024-05-15,5929
4533,協易機,6,0,6,元富-台南,2024-05-15,5929
00905,FT臺灣Smart,5,0,5,元富-台南,2024-05-15,5929
00712,復華富時不動產,5,0,5,元富-台南,2024-05-15,5929
00680L,元大美債20正2,820,19,801,元富-台南,2024-05-16,5929
00937B,群益ESG投等債20,577,16,561,元富-台南,2024-05-16,5929
8936,國統,80,1,79,元富-台南,2024-05-16,5929
2356,英業達,50,9,41,元富-台南,2024-05-16,5929
2353,宏��,37,3,34,元富-台南,2024-05-16,5929
2382,廣達,35,5,30,元富-台南,2024-05-16,5929
00632R,元大台灣50反1,30,0,30,元富-台南,2024-05-16,5929
1473,台南,30,0,30,元富-台南,2024-05-16,5929
3231,緯創,26,3,23,元富-台南,2024-05-16,5929
2834,臺企銀,24,3,21,元富-台南,2024-05-16,5929
2101,南港,29,8,21,元富-台南,2024-05-16,5929
5009,榮剛,21,0,21,元富-台南,2024-05-16,5929
00933B,國泰10Y+金融債,20,0,20,元富-台南,2024-05-16,5929
5392,能率,25,5,20,元富-台南,2024-05-16,5929
2408,南亞科,18,0,18,元富-台南,2024-05-16,5929
2359,所羅門,21,3,18,元富-台南,2024-05-16,5929
3706,神達,17,0,17,元富-台南,2024-05-16,5929
3024,憶聲,17,0,17,元富-台南,2024-05-16,5929
3712,永崴投控,15,0,15,元富-台南,2024-05-16,5929
6191,精成科,15,0,15,元富-台南,2024-05-16,5929
5383,金利,18,4,14,元富-台南,2024-05-16,5929
6117,迎廣,14,0,14,元富-台南,2024-05-16,5929
2363,矽統,46,33,13,元富-台南,2024-05-16,5929
6667,信紘科,12,0,12,元富-台南,2024-05-16,5929
3163,波若威,12,1,11,元富-台南,2024-05-16,5929
2405,輔信,11,0,11,元富-台南,2024-05-16,5929
5864,致和證,13,2,11,元富-台南,2024-05-16,5929
00753L,中信中國50正2,10,0,10,元富-台南,2024-05-16,5929
2374,佳能,15,5,10,元富-台南,2024-05-16,5929
3027,盛達,11,1,10,元富-台南,2024-05-16,5929
3363,上詮,19,9,10,元富-台南,2024-05-16,5929
3372,典範,10,0,10,元富-台南,2024-05-16,5929
5512,力麒,10,0,10,元富-台南,2024-05-16,5929
2882,國泰金,58,48,10,元富-台南,2024-05-16,5929
1455,集盛,10,1,9,元富-台南,2024-05-16,5929
3356,奇偶,12,3,9,元富-台南,2024-05-16,5929
2329,華泰,9,1,8,元富-台南,2024-05-16,5929
2371,大同,12,4,8,元富-台南,2024-05-16,5929
6005,群益證,10,2,8,元富-台南,2024-05-16,5929
2886,兆豐金,8,1,7,元富-台南,2024-05-16,5929
1718,中纖,8,1,7,元富-台南,2024-05-16,5929
2702,華園,7,0,7,元富-台南,2024-05-16,5929
00633L,富邦上証正2,6,0,6,元富-台南,2024-05-16,5929
2354,鴻準,11,5,6,元富-台南,2024-05-16,5929
3483,力致,8,2,6,元富-台南,2024-05-16,5929
3707,漢磊,6,0,6,元富-台南,2024-05-16,5929
5469,瀚宇博,6,0,6,元富-台南,2024-05-16,5929
5609,中菲行,6,0,6,元富-台南,2024-05-16,5929
8069,元太,6,0,6,元富-台南,2024-05-16,5929
00929,復華台灣科技優息,28,22,6,元富-台南,2024-05-16,5929
00929,復華台灣科技優息,88,3,85,元富-台南,2024-05-17,5929
3490,單井,70,16,54,元富-台南,2024-05-17,5929
2353,宏��,59,8,51,元富-台南,2024-05-17,5929
6189,豐藝,59,11,48,元富-台南,2024-05-17,5929
1104,環泥,40,0,40,元富-台南,2024-05-17,5929
2606,裕民,35,0,35,元富-台南,2024-05-17,5929
2888,新光金,41,10,31,元富-台南,2024-05-17,5929
2317,鴻海,43,13,30,元富-台南,2024-05-17,5929
8071,能率網通,30,0,30,元富-台南,2024-05-17,5929
00878,國泰永續高股息,36,7,29,元富-台南,2024-05-17,5929
1785,光洋科,26,0,26,元富-台南,2024-05-17,5929
3059,華晶科,25,0,25,元富-台南,2024-05-17,5929
1815,富喬,25,0,25,元富-台南,2024-05-17,5929
2801,彰銀,24,0,24,元富-台南,2024-05-17,5929
8040,九暘,20,0,20,元富-台南,2024-05-17,5929
1473,台南,20,1,19,元富-台南,2024-05-17,5929
2603,長榮,37,18,19,元富-台南,2024-05-17,5929
00665L,富邦�琤肭磪囓�2,23,5,18,元富-台南,2024-05-17,5929
1101,台泥,31,15,16,元富-台南,2024-05-17,5929
2344,華邦電,16,1,15,元富-台南,2024-05-17,5929
2312,金寶,20,6,14,元富-台南,2024-05-17,5929
00937B,群益ESG投等債20,28,14,14,元富-台南,2024-05-17,5929
3231,緯創,16,3,13,元富-台南,2024-05-17,5929
2356,英業達,15,2,13,元富-台南,2024-05-17,5929
5392,能率,23,11,12,元富-台南,2024-05-17,5929
1109,信大,12,0,12,元富-台南,2024-05-17,5929
6257,矽格,22,11,11,元富-台南,2024-05-17,5929
8271,宇瞻,21,10,11,元富-台南,2024-05-17,5929
2615,萬海,13,3,10,元富-台南,2024-05-17,5929
2609,陽明,34,24,10,元富-台南,2024-05-17,5929
1314,中石化,10,0,10,元富-台南,2024-05-17,5929
00680L,元大美債20正2,10,0,10,元富-台南,2024-05-17,5929
2489,瑞軒,30,20,10,元富-台南,2024-05-17,5929
3024,憶聲,10,1,9,元富-台南,2024-05-17,5929
3230,錦明,9,0,9,元富-台南,2024-05-17,5929
00919,群益台灣精選高息,15,6,9,元富-台南,2024-05-17,5929
2374,佳能,40,32,8,元富-台南,2024-05-17,5929
2543,皇昌,8,0,8,元富-台南,2024-05-17,5929
2641,正德,8,0,8,元富-台南,2024-05-17,5929
4942,嘉彰,8,0,8,元富-台南,2024-05-17,5929
8936,國統,28,20,8,元富-台南,2024-05-17,5929
1316,上曜,7,0,7,元富-台南,2024-05-17,5929
3481,群創,7,0,7,元富-台南,2024-05-17,5929
9946,三發地產,8,1,7,元富-台南,2024-05-17,5929
2330,台積電,39,32,7,元富-台南,2024-05-17,5929
00940,元大台灣價值高息,8,2,6,元富-台南,2024-05-17,5929
2101,南港,17,11,6,元富-台南,2024-05-17,5929
2324,仁寶,6,0,6,元富-台南,2024-05-17,5929
3213,茂訊,6,0,6,元富-台南,2024-05-17,5929
3450,聯鈞,11,5,6,元富-台南,2024-05-17,5929
2888,新光金,155,6,149,元富-台南,2024-05-20,5929
2618,長榮航,102,6,96,元富-台南,2024-05-20,5929
2867,三商壽,111,15,96,元富-台南,2024-05-20,5929
00940,元大台灣價值高息,91,7,84,元富-台南,2024-05-20,5929
6188,廣明,79,5,74,元富-台南,2024-05-20,5929
00929,復華台灣科技優息,65,17,48,元富-台南,2024-05-20,5929
1605,華新,59,11,48,元富-台南,2024-05-20,5929
2610,華航,111,68,43,元富-台南,2024-05-20,5929
2501,國建,34,0,34,元富-台南,2024-05-20,5929
1473,台南,32,0,32,元富-台南,2024-05-20,5929
3211,順達,32,0,32,元富-台南,2024-05-20,5929
4160,訊聯基因,30,0,30,元富-台南,2024-05-20,5929
00679B,元大美債20年,28,1,27,元富-台南,2024-05-20,5929
00878,國泰永續高股息,36,10,26,元富-台南,2024-05-20,5929
3231,緯創,25,2,23,元富-台南,2024-05-20,5929
2382,廣達,25,2,23,元富-台南,2024-05-20,5929
8936,國統,22,2,20,元富-台南,2024-05-20,5929
00633L,富邦上証正2,20,0,20,元富-台南,2024-05-20,5929
2889,國票金,18,0,18,元富-台南,2024-05-20,5929
3047,訊舟,127,109,18,元富-台南,2024-05-20,5929
3663,鑫科,17,0,17,元富-台南,2024-05-20,5929
2362,藍天,20,5,15,元富-台南,2024-05-20,5929
2611,志信,18,3,15,元富-台南,2024-05-20,5929
3312,弘憶股,16,1,15,元富-台南,2024-05-20,5929
4532,瑞智,15,0,15,元富-台南,2024-05-20,5929
4973,廣穎,19,5,14,元富-台南,2024-05-20,5929
6265,方土昶,14,0,14,元富-台南,2024-05-20,5929
2464,盟立,15,2,13,元富-台南,2024-05-20,5929
00937B,群益ESG投等債20,23,10,13,元富-台南,2024-05-20,5929
00680L,元大美債20正2,12,0,12,元富-台南,2024-05-20,5929
2330,台積電,16,4,12,元富-台南,2024-05-20,5929
3006,晶豪科,11,0,11,元富-台南,2024-05-20,5929
3596,智易,11,0,11,元富-台南,2024-05-20,5929
4168,醣聯,11,0,11,元富-台南,2024-05-20,5929
6278,台表科,10,0,10,元富-台南,2024-05-20,5929
00896,中信綠能及電動車,10,0,10,元富-台南,2024-05-20,5929
2515,中工,10,0,10,元富-台南,2024-05-20,5929
4958,臻鼎-KY,10,0,10,元富-台南,2024-05-20,5929
5425,台半,10,0,10,元富-台南,2024-05-20,5929
6117,迎廣,10,0,10,元富-台南,2024-05-20,5929
912000,晨訊科-DR,10,0,10,元富-台南,2024-05-20,5929
9946,三發地產,10,0,10,元富-台南,2024-05-20,5929
00919,群益台灣精選高息,14,4,10,元富-台南,2024-05-20,5929
8150,南茂,11,1,10,元富-台南,2024-05-20,5929
2881,富邦金,19,10,9,元富-台南,2024-05-20,5929
1314,中石化,10,1,9,元富-台南,2024-05-20,5929
5009,榮剛,10,2,8,元富-台南,2024-05-20,5929
2374,佳能,19,11,8,元富-台南,2024-05-20,5929
1795,美時,8,0,8,元富-台南,2024-05-20,5929
00751B,元大AAA至A公司債,8,0,8,元富-台南,2024-05-20,5929
2888,新光金,137,6,131,元富-台南,2024-05-21,5929
2354,鴻準,120,26,94,元富-台南,2024-05-21,5929
1101,台泥,89,1,88,元富-台南,2024-05-21,5929
00878,國泰永續高股息,85,14,71,元富-台南,2024-05-21,5929
6188,廣明,65,14,51,元富-台南,2024-05-21,5929
2409,友達,48,0,48,元富-台南,2024-05-21,5929
2618,長榮航,63,16,47,元富-台南,2024-05-21,5929
6706,惠特,39,0,39,元富-台南,2024-05-21,5929
2834,臺企銀,32,0,32,元富-台南,2024-05-21,5929
2883,凱基金,33,2,31,元富-台南,2024-05-21,5929
1473,台南,30,0,30,元富-台南,2024-05-21,5929
8040,九暘,30,0,30,元富-台南,2024-05-21,5929
2501,國建,30,2,28,元富-台南,2024-05-21,5929
00937B,群益ESG投等債20,30,2,28,元富-台南,2024-05-21,5929
2609,陽明,26,0,26,元富-台南,2024-05-21,5929
5383,金利,24,0,24,元富-台南,2024-05-21,5929
00940,元大台灣價值高息,33,11,22,元富-台南,2024-05-21,5929
1608,華榮,22,0,22,元富-台南,2024-05-21,5929
00941,中信上游半導體,22,0,22,元富-台南,2024-05-21,5929
6770,力積電,20,0,20,元富-台南,2024-05-21,5929
3312,弘憶股,20,1,19,元富-台南,2024-05-21,5929
2330,台積電,22,7,15,元富-台南,2024-05-21,5929
2371,大同,16,1,15,元富-台南,2024-05-21,5929
2317,鴻海,16,2,14,元富-台南,2024-05-21,5929
2610,華航,90,77,13,元富-台南,2024-05-21,5929
00929,復華台灣科技優息,23,11,12,元富-台南,2024-05-21,5929
8936,國統,13,1,12,元富-台南,2024-05-21,5929
8358,金居,13,1,12,元富-台南,2024-05-21,5929
00944,野村趨勢動能高息,11,0,11,元富-台南,2024-05-21,5929
2465,麗臺,11,0,11,元富-台南,2024-05-21,5929
3036,文曄,11,0,11,元富-台南,2024-05-21,5929
2367,燿華,34,23,11,元富-台南,2024-05-21,5929
00679B,元大美債20年,10,0,10,元富-台南,2024-05-21,5929
2355,敬鵬,10,0,10,元富-台南,2024-05-21,5929
3481,群創,13,3,10,元富-台南,2024-05-21,5929
3712,永崴投控,10,0,10,元富-台南,2024-05-21,5929
2363,矽統,11,2,9,元富-台南,2024-05-21,5929
2406,國碩,11,2,9,元富-台南,2024-05-21,5929
2489,瑞軒,17,8,9,元富-台南,2024-05-21,5929
3033,威健,14,5,9,元富-台南,2024-05-21,5929
5443,均豪,9,0,9,元富-台南,2024-05-21,5929
6153,嘉聯益,12,3,9,元富-台南,2024-05-21,5929
3702,大聯大,9,1,8,元富-台南,2024-05-21,5929
2611,志信,8,0,8,元富-台南,2024-05-21,5929
2812,台中銀,7,0,7,元富-台南,2024-05-21,5929
1326,台化,7,0,7,元富-台南,2024-05-21,5929
2891,中信金,13,6,7,元富-台南,2024-05-21,5929
2634,漢翔,47,40,7,元富-台南,2024-05-21,5929
3520,華盈,7,0,7,元富-台南,2024-05-21,5929
4903,聯光通,7,0,7,元富-台南,2024-05-21,5929
3481,群創,136,33,103,元富-台南,2024-05-22,5929
2317,鴻海,107,24,83,元富-台南,2024-05-22,5929
2486,一詮,59,1,58,元富-台南,2024-05-22,5929
2897A,王道銀甲特,54,0,54,元富-台南,2024-05-22,5929
2516,新建,44,0,44,元富-台南,2024-05-22,5929
00937B,群益ESG投等債20,41,1,40,元富-台南,2024-05-22,5929
3036,文曄,37,0,37,元富-台南,2024-05-22,5929
2634,漢翔,40,6,34,元富-台南,2024-05-22,5929
6282,康舒,30,0,30,元富-台南,2024-05-22,5929
1909,榮成,26,0,26,元富-台南,2024-05-22,5929
6182,合晶,26,0,26,元富-台南,2024-05-22,5929
2867,三商壽,28,3,25,元富-台南,2024-05-22,5929
2449,京元電子,22,0,22,元富-台南,2024-05-22,5929
1473,台南,20,0,20,元富-台南,2024-05-22,5929
2354,鴻準,26,6,20,元富-台南,2024-05-22,5929
2610,華航,85,66,19,元富-台南,2024-05-22,5929
2515,中工,18,0,18,元富-台南,2024-05-22,5929
2618,長榮航,43,25,18,元富-台南,2024-05-22,5929
2371,大同,17,0,17,元富-台南,2024-05-22,5929
2002,中鋼,17,1,16,元富-台南,2024-05-22,5929
2891,中信金,15,0,15,元富-台南,2024-05-22,5929
2504,國產,16,2,14,元富-台南,2024-05-22,5929
1605,華新,16,2,14,元富-台南,2024-05-22,5929
5392,能率,50,37,13,元富-台南,2024-05-22,5929
1618,合機,12,0,12,元富-台南,2024-05-22,5929
00715L,期街口布蘭特正2,11,0,11,元富-台南,2024-05-22,5929
3060,銘異,17,6,11,元富-台南,2024-05-22,5929
4543,萬在,14,3,11,元富-台南,2024-05-22,5929
4714,永捷,13,2,11,元富-台南,2024-05-22,5929
6213,聯茂,19,8,11,元富-台南,2024-05-22,5929
8442,威宏-KY,11,0,11,元富-台南,2024-05-22,5929
5880,合庫金,10,0,10,元富-台南,2024-05-22,5929
00905,FT臺灣Smart,10,0,10,元富-台南,2024-05-22,5929
2337,旺宏,20,10,10,元富-台南,2024-05-22,5929
6806,森崴能源,10,0,10,元富-台南,2024-05-22,5929
3163,波若威,14,4,10,元富-台南,2024-05-22,5929
2206,三陽工業,17,8,9,元富-台南,2024-05-22,5929
3013,晟銘電,22,13,9,元富-台南,2024-05-22,5929
00933B,國泰10Y+金融債,9,0,9,元富-台南,2024-05-22,5929
8110,華東,12,3,9,元富-台南,2024-05-22,5929
2330,台積電,35,27,8,元富-台南,2024-05-22,5929
2367,燿華,26,18,8,元富-台南,2024-05-22,5929
2613,中櫃,8,0,8,元富-台南,2024-05-22,5929
2374,佳能,9,1,8,元富-台南,2024-05-22,5929
6257,矽格,7,0,7,元富-台南,2024-05-22,5929
6125,廣運,24,17,7,元富-台南,2024-05-22,5929
1303,南亞,9,3,6,元富-台南,2024-05-22,5929
5383,金利,7,1,6,元富-台南,2024-05-22,5929
1752,南光,8,2,6,元富-台南,2024-05-22,5929
4111,濟生,6,0,6,元富-台南,2024-05-22,5929
3481,群創,441,156,285,元富-台南,2024-05-23,5929
3163,波若威,240,9,231,元富-台南,2024-05-23,5929
4979,華星光,109,15,94,元富-台南,2024-05-23,5929
4960,誠美材,80,0,80,元富-台南,2024-05-23,5929
2324,仁寶,80,3,77,元富-台南,2024-05-23,5929
00937B,群益ESG投等債20,52,0,52,元富-台南,2024-05-23,5929
6147,頎邦,49,0,49,元富-台南,2024-05-23,5929
2888,新光金,51,4,47,元富-台南,2024-05-23,5929
2501,國建,52,21,31,元富-台南,2024-05-23,5929
2009,第一銅,35,6,29,元富-台南,2024-05-23,5929
2867,三商壽,28,0,28,元富-台南,2024-05-23,5929
8936,國統,25,1,24,元富-台南,2024-05-23,5929
3706,神達,23,2,21,元富-台南,2024-05-23,5929
6806,森崴能源,21,0,21,元富-台南,2024-05-23,5929
1101,台泥,20,0,20,元富-台南,2024-05-23,5929
1104,環泥,20,0,20,元富-台南,2024-05-23,5929
1473,台南,20,0,20,元富-台南,2024-05-23,5929
2002,中鋼,20,2,18,元富-台南,2024-05-23,5929
2356,英業達,23,6,17,元富-台南,2024-05-23,5929
6573,虹揚-KY,15,0,15,元富-台南,2024-05-23,5929
1314,中石化,14,0,14,元富-台南,2024-05-23,5929
8426,紅木-KY,14,0,14,元富-台南,2024-05-23,5929
2353,宏��,97,83,14,元富-台南,2024-05-23,5929
1795,美時,14,1,13,元富-台南,2024-05-23,5929
1909,榮成,13,0,13,元富-台南,2024-05-23,5929
2363,矽統,19,6,13,元富-台南,2024-05-23,5929
2409,友達,23,10,13,元富-台南,2024-05-23,5929
5521,工信,13,0,13,元富-台南,2024-05-23,5929
2882,國泰金,13,0,13,元富-台南,2024-05-23,5929
3312,弘憶股,40,28,12,元富-台南,2024-05-23,5929
00933B,國泰10Y+金融債,12,0,12,元富-台南,2024-05-23,5929
1474,弘裕,15,3,12,元富-台南,2024-05-23,5929
6116,彩晶,12,0,12,元富-台南,2024-05-23,5929
5880,合庫金,12,0,12,元富-台南,2024-05-23,5929
2101,南港,12,0,12,元富-台南,2024-05-23,5929
1609,大亞,29,18,11,元富-台南,2024-05-23,5929
00715L,期街口布蘭特正2,11,0,11,元富-台南,2024-05-23,5929
1608,華榮,13,2,11,元富-台南,2024-05-23,5929
2504,國產,11,0,11,元富-台南,2024-05-23,5929
4111,濟生,11,0,11,元富-台南,2024-05-23,5929
6278,台表科,11,0,11,元富-台南,2024-05-23,5929
2359,所羅門,52,41,11,元富-台南,2024-05-23,5929
1536,和大,12,2,10,元富-台南,2024-05-23,5929
2457,飛宏,10,0,10,元富-台南,2024-05-23,5929
3264,欣銓,10,0,10,元富-台南,2024-05-23,5929
4562,穎漢,10,0,10,元富-台南,2024-05-23,5929
8163,達方,10,0,10,元富-台南,2024-05-23,5929
8442,威宏-KY,10,0,10,元富-台南,2024-05-23,5929
9946,三發地產,20,10,10,元富-台南,2024-05-23,5929
5392,能率,16,8,8,元富-台南,2024-05-23,5929
6188,廣明,203,9,194,元富-台南,2024-05-24,5929
4979,華星光,76,6,70,元富-台南,2024-05-24,5929
00937B,群益ESG投等債20,65,0,65,元富-台南,2024-05-24,5929
1314,中石化,58,3,55,元富-台南,2024-05-24,5929
2354,鴻準,58,30,28,元富-台南,2024-05-24,5929
3260,威剛,38,10,28,元富-台南,2024-05-24,5929
2897,王道銀行,27,0,27,元富-台南,2024-05-24,5929
8936,國統,23,0,23,元富-台南,2024-05-24,5929
2303,聯電,29,7,22,元富-台南,2024-05-24,5929
1104,環泥,21,0,21,元富-台南,2024-05-24,5929
3380,明泰,24,4,20,元富-台南,2024-05-24,5929
2353,宏��,80,61,19,元富-台南,2024-05-24,5929
1609,大亞,21,4,17,元富-台南,2024-05-24,5929
1810,和成,18,2,16,元富-台南,2024-05-24,5929
00706L,期元大S＆P日圓正2,14,0,14,元富-台南,2024-05-24,5929
1316,上曜,14,0,14,元富-台南,2024-05-24,5929
00712,復華富時不動產,13,0,13,元富-台南,2024-05-24,5929
00945B,凱基美國非投等債,12,0,12,元富-台南,2024-05-24,5929
6147,頎邦,12,1,11,元富-台南,2024-05-24,5929
6213,聯茂,11,0,11,元富-台南,2024-05-24,5929
00753L,中信中國50正2,10,0,10,元富-台南,2024-05-24,5929
1604,聲寶,10,0,10,元富-台南,2024-05-24,5929
4128,中天,10,0,10,元富-台南,2024-05-24,5929
6191,精成科,10,0,10,元富-台南,2024-05-24,5929
6278,台表科,10,0,10,元富-台南,2024-05-24,5929
6423,億而得-創,10,0,10,元富-台南,2024-05-24,5929
2891,中信金,21,12,9,元富-台南,2024-05-24,5929
1516,川飛,10,1,9,元富-台南,2024-05-24,5929
3071,協禧,9,0,9,元富-台南,2024-05-24,5929
3202,樺晟,9,0,9,元富-台南,2024-05-24,5929
00679B,元大美債20年,9,0,9,元富-台南,2024-05-24,5929
2486,一詮,39,30,9,元富-台南,2024-05-24,5929
00933B,國泰10Y+金融債,8,0,8,元富-台南,2024-05-24,5929
00680L,元大美債20正2,22,14,8,元富-台南,2024-05-24,5929
2002,中鋼,10,2,8,元富-台南,2024-05-24,5929
3059,華晶科,8,0,8,元富-台南,2024-05-24,5929
5443,均豪,11,3,8,元富-台南,2024-05-24,5929
8222,寶一,8,0,8,元富-台南,2024-05-24,5929
00665L,富邦�琤肭磪囓�2,7,0,7,元富-台南,2024-05-24,5929
1808,潤隆,7,0,7,元富-台南,2024-05-24,5929
2241,艾姆勒,8,1,7,元富-台南,2024-05-24,5929
6282,康舒,6,0,6,元富-台南,2024-05-24,5929
4160,訊聯基因,6,0,6,元富-台南,2024-05-24,5929
4903,聯光通,7,1,6,元富-台南,2024-05-24,5929
2392,正崴,8,2,6,元富-台南,2024-05-24,5929
2883,凱基金,12,7,5,元富-台南,2024-05-24,5929
1101,台泥,5,0,5,元富-台南,2024-05-24,5929
2313,華通,5,0,5,元富-台南,2024-05-24,5929
00909,國泰數位支付服務,5,0,5,元富-台南,2024-05-24,5929
00940,元大台灣價值高息,16,11,5,元富-台南,2024-05-24,5929
3481,群創,262,43,219,元富-台南,2024-05-27,5929
2377,微星,104,12,92,元富-台南,2024-05-27,5929
4160,訊聯基因,51,0,51,元富-台南,2024-05-27,5929
3047,訊舟,86,37,49,元富-台南,2024-05-27,5929
2882,國泰金,40,1,39,元富-台南,2024-05-27,5929
1815,富喬,46,7,39,元富-台南,2024-05-27,5929
3033,威健,43,5,38,元富-台南,2024-05-27,5929
2610,華航,26,4,22,元富-台南,2024-05-27,5929
8358,金居,21,0,21,元富-台南,2024-05-27,5929
6120,達運,25,4,21,元富-台南,2024-05-27,5929
2313,華通,21,1,20,元富-台南,2024-05-27,5929
1608,華榮,20,0,20,元富-台南,2024-05-27,5929
3712,永崴投控,21,1,20,元富-台南,2024-05-27,5929
1326,台化,17,0,17,元富-台南,2024-05-27,5929
5498,凱崴,24,8,16,元富-台南,2024-05-27,5929
6270,倍微,16,0,16,元富-台南,2024-05-27,5929
2897,王道銀行,15,0,15,元富-台南,2024-05-27,5929
1514,亞力,15,1,14,元富-台南,2024-05-27,5929
6194,育富,15,1,14,元富-台南,2024-05-27,5929
2392,正崴,17,4,13,元富-台南,2024-05-27,5929
2884,玉山金,14,2,12,元富-台南,2024-05-27,5929
6116,彩晶,11,0,11,元富-台南,2024-05-27,5929
6443,元晶,11,0,11,元富-台南,2024-05-27,5929
1444,力麗,10,0,10,元富-台南,2024-05-27,5929
1473,台南,10,0,10,元富-台南,2024-05-27,5929
1714,和桐,10,0,10,元富-台南,2024-05-27,5929
2314,台揚,10,0,10,元富-台南,2024-05-27,5929
2002,中鋼,9,0,9,元富-台南,2024-05-27,5929
2312,金寶,10,1,9,元富-台南,2024-05-27,5929
3234,光環,11,2,9,元富-台南,2024-05-27,5929
1718,中纖,8,0,8,元富-台南,2024-05-27,5929
2736,富野,8,0,8,元富-台南,2024-05-27,5929
00713,元大台灣高息低波,7,0,7,元富-台南,2024-05-27,5929
2891,中信金,13,6,7,元富-台南,2024-05-27,5929
2317,鴻海,136,129,7,元富-台南,2024-05-27,5929
4545,銘鈺,7,0,7,元富-台南,2024-05-27,5929
4967,十銓,10,3,7,元富-台南,2024-05-27,5929
6125,廣運,26,19,7,元富-台南,2024-05-27,5929
6209,今國光,7,0,7,元富-台南,2024-05-27,5929
2812,台中銀,6,0,6,元富-台南,2024-05-27,5929
1809,中釉,6,0,6,元富-台南,2024-05-27,5929
2417,圓剛,8,2,6,元富-台南,2024-05-27,5929
3060,銘異,9,3,6,元富-台南,2024-05-27,5929
6269,台郡,6,0,6,元富-台南,2024-05-27,5929
1340,勝悅-KY,6,0,6,元富-台南,2024-05-27,5929
6188,廣明,23,17,6,元富-台南,2024-05-27,5929
2801,彰銀,5,0,5,元富-台南,2024-05-27,5929
2352,佳世達,7,2,5,元富-台南,2024-05-27,5929
00918,大華優利高填息30,5,0,5,元富-台南,2024-05-27,5929
3055,蔚華科,5,0,5,元富-台南,2024-05-27,5929
2353,宏��,91,18,73,元富-台南,2024-05-28,5929
6275,元山,73,3,70,元富-台南,2024-05-28,5929
00937B,群益ESG投等債20,62,2,60,元富-台南,2024-05-28,5929
2349,錸德,54,1,53,元富-台南,2024-05-28,5929
2354,鴻準,111,60,51,元富-台南,2024-05-28,5929
3481,群創,41,8,33,元富-台南,2024-05-28,5929
2323,中環,48,16,32,元富-台南,2024-05-28,5929
1444,力麗,30,0,30,元富-台南,2024-05-28,5929
2340,台亞,34,7,27,元富-台南,2024-05-28,5929
6245,立端,26,0,26,元富-台南,2024-05-28,5929
2609,陽明,30,6,24,元富-台南,2024-05-28,5929
2617,台航,24,1,23,元富-台南,2024-05-28,5929
6770,力積電,21,0,21,元富-台南,2024-05-28,5929
9105,泰金寶-DR,21,0,21,元富-台南,2024-05-28,5929
00632R,元大台灣50反1,20,0,20,元富-台南,2024-05-28,5929
2486,一詮,29,10,19,元富-台南,2024-05-28,5929
2417,圓剛,20,3,17,元富-台南,2024-05-28,5929
2301,光寶科,22,6,16,元富-台南,2024-05-28,5929
2303,聯電,24,8,16,元富-台南,2024-05-28,5929
3231,緯創,42,26,16,元富-台南,2024-05-28,5929
2330,台積電,17,2,15,元富-台南,2024-05-28,5929
1473,台南,15,0,15,元富-台南,2024-05-28,5929
3033,威健,16,1,15,元富-台南,2024-05-28,5929
6806,森崴能源,15,0,15,元富-台南,2024-05-28,5929
2891,中信金,17,4,13,元富-台南,2024-05-28,5929
2634,漢翔,13,0,13,元富-台南,2024-05-28,5929
3712,永崴投控,32,19,13,元富-台南,2024-05-28,5929
8064,東捷,39,26,13,元富-台南,2024-05-28,5929
2382,廣達,17,5,12,元富-台南,2024-05-28,5929
2406,國碩,12,0,12,元富-台南,2024-05-28,5929
00946,群益科技高息成長,11,0,11,元富-台南,2024-05-28,5929
2603,長榮,23,12,11,元富-台南,2024-05-28,5929
6530,創威,11,0,11,元富-台南,2024-05-28,5929
2915,潤泰全,12,1,11,元富-台南,2024-05-28,5929
8271,宇瞻,11,1,10,元富-台南,2024-05-28,5929
00857B,永豐20年美公債,10,0,10,元富-台南,2024-05-28,5929
2365,昆盈,10,0,10,元富-台南,2024-05-28,5929
2367,燿華,16,6,10,元富-台南,2024-05-28,5929
3581,博磊,10,0,10,元富-台南,2024-05-28,5929
4973,廣穎,10,0,10,元富-台南,2024-05-28,5929
2613,中櫃,11,1,10,元富-台南,2024-05-28,5929
2363,矽統,20,11,9,元富-台南,2024-05-28,5929
00679B,元大美債20年,11,2,9,元富-台南,2024-05-28,5929
2371,大同,12,3,9,元富-台南,2024-05-28,5929
3005,神基,9,1,8,元富-台南,2024-05-28,5929
3036,文曄,9,1,8,元富-台南,2024-05-28,5929
3711,日月光投控,10,2,8,元富-台南,2024-05-28,5929
1504,東元,7,0,7,元富-台南,2024-05-28,5929
2481,強茂,8,1,7,元富-台南,2024-05-28,5929
8104,錸寶,7,1,6,元富-台南,2024-05-28,5929
3227,原相,112,6,106,元富-台南,2024-05-29,5929
00937B,群益ESG投等債20,68,5,63,元富-台南,2024-05-29,5929
2883,凱基金,57,0,57,元富-台南,2024-05-29,5929
2412,中華電,50,0,50,元富-台南,2024-05-29,5929
3380,明泰,62,23,39,元富-台南,2024-05-29,5929
3047,訊舟,107,71,36,元富-台南,2024-05-29,5929
1473,台南,35,0,35,元富-台南,2024-05-29,5929
2317,鴻海,45,12,33,元富-台南,2024-05-29,5929
00679B,元大美債20年,30,0,30,元富-台南,2024-05-29,5929
5301,寶得利,30,0,30,元富-台南,2024-05-29,5929
00940,元大台灣價值高息,30,3,27,元富-台南,2024-05-29,5929
2344,華邦電,22,0,22,元富-台南,2024-05-29,5929
3558,神準,22,0,22,元富-台南,2024-05-29,5929
2353,宏��,79,58,21,元富-台南,2024-05-29,5929
00946,群益科技高息成長,21,1,20,元富-台南,2024-05-29,5929
00753L,中信中國50正2,20,0,20,元富-台南,2024-05-29,5929
00878,國泰永續高股息,21,1,20,元富-台南,2024-05-29,5929
3033,威健,18,0,18,元富-台南,2024-05-29,5929
3481,群創,18,0,18,元富-台南,2024-05-29,5929
6275,元山,24,6,18,元富-台南,2024-05-29,5929
2486,一詮,21,3,18,元富-台南,2024-05-29,5929
00933B,國泰10Y+金融債,17,0,17,元富-台南,2024-05-29,5929
2365,昆盈,36,19,17,元富-台南,2024-05-29,5929
2002,中鋼,16,0,16,元富-台南,2024-05-29,5929
8011,台通,17,1,16,元富-台南,2024-05-29,5929
8069,元太,17,2,15,元富-台南,2024-05-29,5929
2605,新興,26,12,14,元富-台南,2024-05-29,5929
2891,中信金,16,3,13,元富-台南,2024-05-29,5929
2609,陽明,36,23,13,元富-台南,2024-05-29,5929
2436,偉詮電,19,6,13,元富-台南,2024-05-29,5929
2618,長榮航,16,3,13,元富-台南,2024-05-29,5929
4716,大立,13,0,13,元富-台南,2024-05-29,5929
2409,友達,12,0,12,元富-台南,2024-05-29,5929
3702,大聯大,11,0,11,元富-台南,2024-05-29,5929
2867,三商壽,16,5,11,元富-台南,2024-05-29,5929
5009,榮剛,11,0,11,元富-台南,2024-05-29,5929
6139,亞翔,11,0,11,元富-台南,2024-05-29,5929
1609,大亞,34,24,10,元富-台南,2024-05-29,5929
1616,億泰,11,1,10,元富-台南,2024-05-29,5929
2606,裕民,13,3,10,元富-台南,2024-05-29,5929
3036,文曄,10,0,10,元富-台南,2024-05-29,5929
4581,光隆精密-KY,10,0,10,元富-台南,2024-05-29,5929
4908,前鼎,10,0,10,元富-台南,2024-05-29,5929
6742,澤米,10,0,10,元富-台南,2024-05-29,5929
2801,彰銀,16,7,9,元富-台南,2024-05-29,5929
2888,新光金,311,302,9,元富-台南,2024-05-29,5929
1303,南亞,8,0,8,元富-台南,2024-05-29,5929
00712,復華富時不動產,8,0,8,元富-台南,2024-05-29,5929
2324,仁寶,8,0,8,元富-台南,2024-05-29,5929
3535,晶彩科,8,0,8,元富-台南,2024-05-29,5929
2891,中信金,67,2,65,元富-台南,2024-05-30,5929
1608,華榮,60,2,58,元富-台南,2024-05-30,5929
2356,英業達,61,4,57,元富-台南,2024-05-30,5929
1316,上曜,54,1,53,元富-台南,2024-05-30,5929
2344,華邦電,59,9,50,元富-台南,2024-05-30,5929
2354,鴻準,73,26,47,元富-台南,2024-05-30,5929
2371,大同,47,3,44,元富-台南,2024-05-30,5929
00929,復華台灣科技優息,35,0,35,元富-台南,2024-05-30,5929
6290,良維,40,6,34,元富-台南,2024-05-30,5929
3481,群創,33,0,33,元富-台南,2024-05-30,5929
2317,鴻海,37,7,30,元富-台南,2024-05-30,5929
00680L,元大美債20正2,30,0,30,元富-台南,2024-05-30,5929
2353,宏��,48,19,29,元富-台南,2024-05-30,5929
3687,歐買尬,30,1,29,元富-台南,2024-05-30,5929
2363,矽統,40,12,28,元富-台南,2024-05-30,5929
00687B,國泰20年美債,27,0,27,元富-台南,2024-05-30,5929
2883,凱基金,29,2,27,元富-台南,2024-05-30,5929
3380,明泰,23,0,23,元富-台南,2024-05-30,5929
00940,元大台灣價值高息,56,35,21,元富-台南,2024-05-30,5929
2489,瑞軒,36,15,21,元富-台南,2024-05-30,5929
2374,佳能,26,6,20,元富-台南,2024-05-30,5929
3078,僑威,20,0,20,元富-台南,2024-05-30,5929
3321,同泰,21,1,20,元富-台南,2024-05-30,5929
1473,台南,21,1,20,元富-台南,2024-05-30,5929
2889,國票金,23,5,18,元富-台南,2024-05-30,5929
6269,台郡,17,0,17,元富-台南,2024-05-30,5929
2002,中鋼,17,0,17,元富-台南,2024-05-30,5929
2610,華航,27,11,16,元富-台南,2024-05-30,5929
2405,輔信,26,10,16,元富-台南,2024-05-30,5929
2365,昆盈,21,6,15,元富-台南,2024-05-30,5929
00878,國泰永續高股息,22,7,15,元富-台南,2024-05-30,5929
00919,群益台灣精選高息,16,2,14,元富-台南,2024-05-30,5929
2382,廣達,21,8,13,元富-台南,2024-05-30,5929
1303,南亞,18,6,12,元富-台南,2024-05-30,5929
2425,承啟,16,4,12,元富-台南,2024-05-30,5929
2615,萬海,14,2,12,元富-台南,2024-05-30,5929
6285,啟��,13,1,12,元富-台南,2024-05-30,5929
2892,第一金,12,0,12,元富-台南,2024-05-30,5929
2634,漢翔,17,6,11,元富-台南,2024-05-30,5929
2027,大成鋼,11,0,11,元富-台南,2024-05-30,5929
3402,漢科,11,0,11,元富-台南,2024-05-30,5929
4908,前鼎,11,0,11,元富-台南,2024-05-30,5929
00932,兆豐永續高息等權,10,0,10,元富-台南,2024-05-30,5929
1504,東元,44,34,10,元富-台南,2024-05-30,5929
2614,東森,10,0,10,元富-台南,2024-05-30,5929
2801,彰銀,10,1,9,元富-台南,2024-05-30,5929
2312,金寶,10,1,9,元富-台南,2024-05-30,5929
6929,佑全,9,0,9,元富-台南,2024-05-30,5929
2884,玉山金,9,0,9,元富-台南,2024-05-30,5929
00937B,群益ESG投等債20,12,4,8,元富-台南,2024-05-30,5929
00940,元大台灣價值高息,148,0,148,元富-台南,2024-05-31,5929
2317,鴻海,71,12,59,元富-台南,2024-05-31,5929
00929,復華台灣科技優息,60,1,59,元富-台南,2024-05-31,5929
1605,華新,60,5,55,元富-台南,2024-05-31,5929
2609,陽明,89,38,51,元富-台南,2024-05-31,5929
4951,精拓科,45,1,44,元富-台南,2024-05-31,5929
1504,東元,60,19,41,元富-台南,2024-05-31,5929
8271,宇瞻,30,0,30,元富-台南,2024-05-31,5929
2382,廣達,36,7,29,元富-台南,2024-05-31,5929
2492,華新科,30,1,29,元富-台南,2024-05-31,5929
2641,正德,35,6,29,元富-台南,2024-05-31,5929
1785,光洋科,25,1,24,元富-台南,2024-05-31,5929
2330,台積電,24,2,22,元富-台南,2024-05-31,5929
2889,國票金,21,0,21,元富-台南,2024-05-31,5929
6278,台表科,21,0,21,元富-台南,2024-05-31,5929
6290,良維,20,2,18,元富-台南,2024-05-31,5929
2401,凌陽,41,26,15,元富-台南,2024-05-31,5929
1584,精剛,15,0,15,元富-台南,2024-05-31,5929
2101,南港,19,4,15,元富-台南,2024-05-31,5929
2409,友達,13,0,13,元富-台南,2024-05-31,5929
2867,三商壽,30,17,13,元富-台南,2024-05-31,5929
4973,廣穎,13,0,13,元富-台南,2024-05-31,5929
2328,廣宇,13,1,12,元富-台南,2024-05-31,5929
3231,緯創,15,4,11,元富-台南,2024-05-31,5929
3227,原相,11,0,11,元富-台南,2024-05-31,5929
2538,基泰,12,1,11,元富-台南,2024-05-31,5929
00830,國泰費城半導體,10,0,10,元富-台南,2024-05-31,5929
1603,華電,10,0,10,元富-台南,2024-05-31,5929
2371,大同,10,0,10,元富-台南,2024-05-31,5929
4958,臻鼎-KY,10,0,10,元富-台南,2024-05-31,5929
6188,廣明,20,10,10,元富-台南,2024-05-31,5929
2608,嘉里大榮,10,1,9,元富-台南,2024-05-31,5929
3047,訊舟,53,44,9,元富-台南,2024-05-31,5929
3535,晶彩科,9,0,9,元富-台南,2024-05-31,5929
4306,炎洲,9,0,9,元富-台南,2024-05-31,5929
6140,訊達,9,0,9,元富-台南,2024-05-31,5929
00878,國泰永續高股息,9,1,8,元富-台南,2024-05-31,5929
6531,愛普*,9,1,8,元富-台南,2024-05-31,5929
4908,前鼎,8,0,8,元富-台南,2024-05-31,5929
6419,京晨科,10,2,8,元富-台南,2024-05-31,5929
2002,中鋼,7,0,7,元富-台南,2024-05-31,5929
1102,亞泥,7,0,7,元富-台南,2024-05-31,5929
2354,鴻準,39,32,7,元富-台南,2024-05-31,5929
2303,聯電,7,1,6,元富-台南,2024-05-31,5929
3712,永崴投控,6,0,6,元富-台南,2024-05-31,5929
2356,英業達,8,2,6,元富-台南,2024-05-31,5929
2603,長榮,65,59,6,元富-台南,2024-05-31,5929
00905,FT臺灣Smart,6,0,6,元富-台南,2024-05-31,5929
00692,富邦公司治理,6,0,6,元富-台南,2024-05-31,5929
1506,正道,7,1,6,元富-台南,2024-05-31,5929
2897A,王道銀甲特,450,0,450,元富-台南,2024-06-03,5929
00940,元大台灣價值高息,252,13,239,元富-台南,2024-06-03,5929
2330,台積電,112,13,99,元富-台南,2024-06-03,5929
4111,濟生,47,2,45,元富-台南,2024-06-03,5929
4960,誠美材,43,5,38,元富-台南,2024-06-03,5929
3625,西勝,30,0,30,元富-台南,2024-06-03,5929
00919,群益台灣精選高息,29,0,29,元富-台南,2024-06-03,5929
2313,華通,24,0,24,元富-台南,2024-06-03,5929
2303,聯電,24,1,23,元富-台南,2024-06-03,5929
00929,復華台灣科技優息,23,2,21,元富-台南,2024-06-03,5929
8271,宇瞻,21,0,21,元富-台南,2024-06-03,5929
2812,台中銀,21,0,21,元富-台南,2024-06-03,5929
1303,南亞,19,0,19,元富-台南,2024-06-03,5929
00679B,元大美債20年,18,0,18,元富-台南,2024-06-03,5929
2353,宏��,21,4,17,元富-台南,2024-06-03,5929
00946,群益科技高息成長,17,0,17,元富-台南,2024-06-03,5929
4951,精拓科,17,0,17,元富-台南,2024-06-03,5929
00937B,群益ESG投等債20,19,4,15,元富-台南,2024-06-03,5929
2889,國票金,15,0,15,元富-台南,2024-06-03,5929
2547,日勝生,15,1,14,元富-台南,2024-06-03,5929
2402,毅嘉,17,4,13,元富-台南,2024-06-03,5929
1506,正道,11,0,11,元富-台南,2024-06-03,5929
4533,協易機,20,9,11,元富-台南,2024-06-03,5929
5432,新門,12,1,11,元富-台南,2024-06-03,5929
2615,萬海,38,27,11,元富-台南,2024-06-03,5929
00740B,富邦全球投等債,10,0,10,元富-台南,2024-06-03,5929
1909,榮成,10,0,10,元富-台南,2024-06-03,5929
2002,中鋼,12,2,10,元富-台南,2024-06-03,5929
4513,福裕,11,1,10,元富-台南,2024-06-03,5929
6278,台表科,10,0,10,元富-台南,2024-06-03,5929
6770,力積電,10,0,10,元富-台南,2024-06-03,5929
2354,鴻準,15,5,10,元富-台南,2024-06-03,5929
00918,大華優利高填息30,9,0,9,元富-台南,2024-06-03,5929
6188,廣明,32,23,9,元富-台南,2024-06-03,5929
2880,華南金,9,0,9,元富-台南,2024-06-03,5929
00751B,元大AAA至A公司債,10,1,9,元富-台南,2024-06-03,5929
2204,中華,11,2,9,元富-台南,2024-06-03,5929
2610,華航,28,19,9,元富-台南,2024-06-03,5929
2867,三商壽,10,1,9,元富-台南,2024-06-03,5929
2324,仁寶,13,5,8,元富-台南,2024-06-03,5929
2605,新興,8,0,8,元富-台南,2024-06-03,5929
6163,華電網,25,17,8,元富-台南,2024-06-03,5929
6929,佑全,8,0,8,元富-台南,2024-06-03,5929
5347,世界,9,2,7,元富-台南,2024-06-03,5929
1301,台塑,7,0,7,元富-台南,2024-06-03,5929
1101,台泥,7,0,7,元富-台南,2024-06-03,5929
3013,晟銘電,15,8,7,元富-台南,2024-06-03,5929
1587,吉茂,7,0,7,元富-台南,2024-06-03,5929
2201,裕隆,7,0,7,元富-台南,2024-06-03,5929
2356,英業達,13,7,6,元富-台南,2024-06-03,5929
2888,新光金,829,608,221,元富-台南,2024-06-04,5929
3481,群創,212,0,212,元富-台南,2024-06-04,5929
00919,群益台灣精選高息,137,0,137,元富-台南,2024-06-04,5929
00940,元大台灣價值高息,133,4,129,元富-台南,2024-06-04,5929
00929,復華台灣科技優息,85,10,75,元富-台南,2024-06-04,5929
1605,華新,61,0,61,元富-台南,2024-06-04,5929
8027,鈦昇,38,0,38,元富-台南,2024-06-04,5929
2344,華邦電,43,6,37,元富-台南,2024-06-04,5929
2801,彰銀,31,0,31,元富-台南,2024-06-04,5929
2312,金寶,60,30,30,元富-台南,2024-06-04,5929
2618,長榮航,31,3,28,元富-台南,2024-06-04,5929
3374,精材,25,0,25,元富-台南,2024-06-04,5929
2889,國票金,25,0,25,元富-台南,2024-06-04,5929
00878,國泰永續高股息,25,0,25,元富-台南,2024-06-04,5929
2367,燿華,26,3,23,元富-台南,2024-06-04,5929
2324,仁寶,22,1,21,元富-台南,2024-06-04,5929
3032,偉訓,21,0,21,元富-台南,2024-06-04,5929
2881,富邦金,20,0,20,元富-台南,2024-06-04,5929
6806,森崴能源,20,2,18,元富-台南,2024-06-04,5929
8096,擎亞,20,2,18,元富-台南,2024-06-04,5929
1303,南亞,17,0,17,元富-台南,2024-06-04,5929
4906,正文,22,5,17,元富-台南,2024-06-04,5929
3490,單井,23,7,16,元富-台南,2024-06-04,5929
2615,萬海,17,2,15,元富-台南,2024-06-04,5929
2027,大成鋼,15,0,15,元富-台南,2024-06-04,5929
1314,中石化,15,0,15,元富-台南,2024-06-04,5929
4534,慶騰,16,2,14,元富-台南,2024-06-04,5929
3163,波若威,12,0,12,元富-台南,2024-06-04,5929
6139,亞翔,12,0,12,元富-台南,2024-06-04,5929
6125,廣運,36,24,12,元富-台南,2024-06-04,5929
00918,大華優利高填息30,11,0,11,元富-台南,2024-06-04,5929
5371,中光電,15,4,11,元富-台南,2024-06-04,5929
2867,三商壽,11,0,11,元富-台南,2024-06-04,5929
3231,緯創,14,3,11,元富-台南,2024-06-04,5929
3260,威剛,12,2,10,元富-台南,2024-06-04,5929
3285,微端,10,0,10,元富-台南,2024-06-04,5929
3380,明泰,10,0,10,元富-台南,2024-06-04,5929
3625,西勝,10,0,10,元富-台南,2024-06-04,5929
4557,永新-KY,10,0,10,元富-台南,2024-06-04,5929
5522,遠雄,9,0,9,元富-台南,2024-06-04,5929
2317,鴻海,36,27,9,元富-台南,2024-06-04,5929
2313,華通,8,0,8,元富-台南,2024-06-04,5929
2880,華南金,8,0,8,元富-台南,2024-06-04,5929
2009,第一銅,8,0,8,元富-台南,2024-06-04,5929
2204,中華,12,4,8,元富-台南,2024-06-04,5929
3047,訊舟,51,43,8,元富-台南,2024-06-04,5929
4155,訊映,8,0,8,元富-台南,2024-06-04,5929
6505,台塑化,7,0,7,元富-台南,2024-06-04,5929
2362,藍天,9,2,7,元富-台南,2024-06-04,5929
2515,中工,26,19,7,元富-台南,2024-06-04,5929
00936,台新永續高息中小,120,0,120,元富-台南,2024-06-05,5929
5009,榮剛,120,0,120,元富-台南,2024-06-05,5929
2317,鴻海,134,23,111,元富-台南,2024-06-05,5929
00715L,期街口布蘭特正2,86,10,76,元富-台南,2024-06-05,5929
00929,復華台灣科技優息,57,1,56,元富-台南,2024-06-05,5929
8277,商丞,47,0,47,元富-台南,2024-06-05,5929
00918,大華優利高填息30,40,0,40,元富-台南,2024-06-05,5929
2354,鴻準,41,3,38,元富-台南,2024-06-05,5929
2636,台驊控股,30,2,28,元富-台南,2024-06-05,5929
3033,威健,34,8,26,元富-台南,2024-06-05,5929
3048,益登,32,6,26,元富-台南,2024-06-05,5929
3083,網龍,25,1,24,元富-台南,2024-06-05,5929
3402,漢科,24,0,24,元富-台南,2024-06-05,5929
00878,國泰永續高股息,26,2,24,元富-台南,2024-06-05,5929
2353,宏��,26,4,22,元富-台南,2024-06-05,5929
3380,明泰,26,4,22,元富-台南,2024-06-05,5929
3687,歐買尬,20,0,20,元富-台南,2024-06-05,5929
3490,單井,23,3,20,元富-台南,2024-06-05,5929
1303,南亞,16,0,16,元富-台南,2024-06-05,5929
2303,聯電,17,1,16,元富-台南,2024-06-05,5929
3013,晟銘電,18,3,15,元富-台南,2024-06-05,5929
3032,偉訓,15,0,15,元富-台南,2024-06-05,5929
3202,樺晟,17,2,15,元富-台南,2024-06-05,5929
3714,富采,15,0,15,元富-台南,2024-06-05,5929
5371,中光電,14,0,14,元富-台南,2024-06-05,5929
5533,皇鼎,14,0,14,元富-台南,2024-06-05,5929
6163,華電網,18,4,14,元富-台南,2024-06-05,5929
6579,研揚,14,0,14,元富-台南,2024-06-05,5929
4906,正文,15,1,14,元富-台南,2024-06-05,5929
2374,佳能,13,1,12,元富-台南,2024-06-05,5929
2404,漢唐,11,0,11,元富-台南,2024-06-05,5929
00919,群益台灣精選高息,24,13,11,元富-台南,2024-06-05,5929
00940,元大台灣價值高息,21,10,11,元富-台南,2024-06-05,5929
2417,圓剛,13,2,11,元富-台南,2024-06-05,5929
3041,揚智,10,0,10,元富-台南,2024-06-05,5929
4967,十銓,17,8,9,元富-台南,2024-06-05,5929
2867,三商壽,11,1,10,元富-台南,2024-06-05,5929
2365,昆盈,11,2,9,元富-台南,2024-06-05,5929
00751B,元大AAA至A公司債,10,1,9,元富-台南,2024-06-05,5929
2515,中工,10,1,9,元富-台南,2024-06-05,5929
3312,弘憶股,24,15,9,元富-台南,2024-06-05,5929
2330,台積電,14,5,9,元富-台南,2024-06-05,5929
2401,凌陽,8,0,8,元富-台南,2024-06-05,5929
00942B,台新美A公司債20+,8,0,8,元富-台南,2024-06-05,5929
2888,新光金,144,137,7,元富-台南,2024-06-05,5929
4111,濟生,7,0,7,元富-台南,2024-06-05,5929
3231,緯創,8,1,7,元富-台南,2024-06-05,5929
3014,聯陽,6,0,6,元富-台南,2024-06-05,5929
2427,三商電,9,3,6,元富-台南,2024-06-05,5929
2537,聯上發,6,0,6,元富-台南,2024-06-05,5929
5009,榮剛,151,0,151,元富-台南,2024-06-06,5929
3712,永崴投控,95,0,95,元富-台南,2024-06-06,5929
4960,誠美材,80,0,80,元富-台南,2024-06-06,5929
2002,中鋼,72,9,63,元富-台南,2024-06-06,5929
00936,台新永續高息中小,53,0,53,元富-台南,2024-06-06,5929
00919,群益台灣精選高息,53,1,52,元富-台南,2024-06-06,5929
2610,華航,80,30,50,元富-台南,2024-06-06,5929
00918,大華優利高填息30,47,0,47,元富-台南,2024-06-06,5929
00632R,元大台灣50反1,71,35,36,元富-台南,2024-06-06,5929
1815,富喬,43,11,32,元富-台南,2024-06-06,5929
1506,正道,30,0,30,元富-台南,2024-06-06,5929
2349,錸德,30,0,30,元富-台南,2024-06-06,5929
3374,精材,29,1,28,元富-台南,2024-06-06,5929
2367,燿華,46,20,26,元富-台南,2024-06-06,5929
00929,復華台灣科技優息,27,3,24,元富-台南,2024-06-06,5929
2354,鴻準,33,11,22,元富-台南,2024-06-06,5929
00946,群益科技高息成長,30,10,20,元富-台南,2024-06-06,5929
5880,合庫金,20,0,20,元富-台南,2024-06-06,5929
1303,南亞,20,0,20,元富-台南,2024-06-06,5929
8040,九暘,25,7,18,元富-台南,2024-06-06,5929
5371,中光電,19,3,16,元富-台南,2024-06-06,5929
3032,偉訓,15,0,15,元富-台南,2024-06-06,5929
2427,三商電,24,10,14,元富-台南,2024-06-06,5929
2609,陽明,77,63,14,元富-台南,2024-06-06,5929
2887,台新金,13,0,13,元富-台南,2024-06-06,5929
00715L,期街口布蘭特正2,30,18,12,元富-台南,2024-06-06,5929
1714,和桐,12,0,12,元富-台南,2024-06-06,5929
5609,中菲行,12,0,12,元富-台南,2024-06-06,5929
5347,世界,18,6,12,元富-台南,2024-06-06,5929
00933B,國泰10Y+金融債,11,0,11,元富-台南,2024-06-06,5929
2027,大成鋼,11,0,11,元富-台南,2024-06-06,5929
3078,僑威,11,0,11,元富-台南,2024-06-06,5929
6505,台塑化,11,0,11,元富-台南,2024-06-06,5929
1440,南紡,10,0,10,元富-台南,2024-06-06,5929
1604,聲寶,10,0,10,元富-台南,2024-06-06,5929
2109,華豐,10,0,10,元富-台南,2024-06-06,5929
2495,普安,10,0,10,元富-台南,2024-06-06,5929
3260,威剛,10,0,10,元富-台南,2024-06-06,5929
5014,建錩,10,0,10,元富-台南,2024-06-06,5929
5512,力麒,10,0,10,元富-台南,2024-06-06,5929
8064,東捷,10,0,10,元富-台南,2024-06-06,5929
00942B,台新美A公司債20+,10,1,9,元富-台南,2024-06-06,5929
2328,廣宇,13,4,9,元富-台南,2024-06-06,5929
4951,精拓科,9,0,9,元富-台南,2024-06-06,5929
6125,廣運,10,1,9,元富-台南,2024-06-06,5929
2413,環科,8,0,8,元富-台南,2024-06-06,5929
8926,台汽電,8,0,8,元富-台南,2024-06-06,5929
2801,彰銀,10,3,7,元富-台南,2024-06-06,5929
3231,緯創,10,3,7,元富-台南,2024-06-06,5929
1515,力山,7,0,7,元富-台南,2024-06-06,5929
2888,新光金,763,127,636,元富-台南,2024-06-07,5929
00688L,國泰20年美債正2,200,0,200,元富-台南,2024-06-07,5929
3481,群創,121,12,109,元富-台南,2024-06-07,5929
1609,大亞,85,15,70,元富-台南,2024-06-07,5929
2511,太子,70,4,66,元富-台南,2024-06-07,5929
2897A,王道銀甲特,57,0,57,元富-台南,2024-06-07,5929
2883,凱基金,184,134,50,元富-台南,2024-06-07,5929
00929,復華台灣科技優息,39,0,39,元富-台南,2024-06-07,5929
2882,國泰金,45,9,36,元富-台南,2024-06-07,5929
6005,群益證,34,0,34,元富-台南,2024-06-07,5929
2615,萬海,36,10,26,元富-台南,2024-06-07,5929
3227,原相,22,0,22,元富-台南,2024-06-07,5929
8163,達方,21,0,21,元富-台南,2024-06-07,5929
5864,致和證,23,2,21,元富-台南,2024-06-07,5929
3036,文曄,20,0,20,元富-台南,2024-06-07,5929
00687B,國泰20年美債,21,2,19,元富-台南,2024-06-07,5929
2353,宏��,21,2,19,元富-台南,2024-06-07,5929
9105,泰金寶-DR,23,4,19,元富-台南,2024-06-07,5929
00936,台新永續高息中小,27,9,18,元富-台南,2024-06-07,5929
2312,金寶,36,20,16,元富-台南,2024-06-07,5929
3231,緯創,21,6,15,元富-台南,2024-06-07,5929
3264,欣銓,15,0,15,元富-台南,2024-06-07,5929
00753L,中信中國50正2,15,0,15,元富-台南,2024-06-07,5929
6929,佑全,14,0,14,元富-台南,2024-06-07,5929
2382,廣達,14,0,14,元富-台南,2024-06-07,5929
00919,群益台灣精選高息,17,4,13,元富-台南,2024-06-07,5929
5533,皇鼎,13,0,13,元富-台南,2024-06-07,5929
2376,技嘉,14,1,13,元富-台南,2024-06-07,5929
6143,振曜,16,4,12,元富-台南,2024-06-07,5929
2330,台積電,20,8,12,元富-台南,2024-06-07,5929
2331,精英,11,0,11,元富-台南,2024-06-07,5929
3048,益登,11,0,11,元富-台南,2024-06-07,5929
3576,聯合再生,11,0,11,元富-台南,2024-06-07,5929
2356,英業達,16,6,10,元富-台南,2024-06-07,5929
1618,合機,17,7,10,元富-台南,2024-06-07,5929
2415,錩新,10,0,10,元富-台南,2024-06-07,5929
4526,東台,11,1,10,元富-台南,2024-06-07,5929
4766,南寶,10,0,10,元富-台南,2024-06-07,5929
3016,嘉晶,11,1,10,元富-台南,2024-06-07,5929
2834,臺企銀,13,3,10,元富-台南,2024-06-07,5929
2634,漢翔,10,1,9,元富-台南,2024-06-07,5929
3706,神達,9,0,9,元富-台南,2024-06-07,5929
8489,三貝德,9,0,9,元富-台南,2024-06-07,5929
1795,美時,9,0,9,元富-台南,2024-06-07,5929
00918,大華優利高填息30,8,0,8,元富-台南,2024-06-07,5929
00942B,台新美A公司債20+,7,0,7,元富-台南,2024-06-07,5929
1319,東陽,7,0,7,元富-台南,2024-06-07,5929
1326,台化,7,0,7,元富-台南,2024-06-07,5929
2630,亞航,8,1,7,元富-台南,2024-06-07,5929
3128,昇銳,7,0,7,元富-台南,2024-06-07,5929
00919,群益台灣精選高息,148,0,148,元富-台南,2024-06-11,5929
4545,銘鈺,126,0,126,元富-台南,2024-06-11,5929
00680L,元大美債20正2,111,0,111,元富-台南,2024-06-11,5929
2609,陽明,124,40,84,元富-台南,2024-06-11,5929
00937B,群益ESG投等債20,49,0,49,元富-台南,2024-06-11,5929
3047,訊舟,76,34,42,元富-台南,2024-06-11,5929
4951,精拓科,38,0,38,元富-台南,2024-06-11,5929
00936,台新永續高息中小,45,10,35,元富-台南,2024-06-11,5929
2812,台中銀,31,0,31,元富-台南,2024-06-11,5929
2367,燿華,36,6,30,元富-台南,2024-06-11,5929
3163,波若威,25,0,25,元富-台南,2024-06-11,5929
00882,中信中國高股息,23,0,23,元富-台南,2024-06-11,5929
3231,緯創,25,3,22,元富-台南,2024-06-11,5929
2603,長榮,81,59,22,元富-台南,2024-06-11,5929
2515,中工,23,2,21,元富-台南,2024-06-11,5929
2834,臺企銀,21,0,21,元富-台南,2024-06-11,5929
3687,歐買尬,20,0,20,元富-台南,2024-06-11,5929
4111,濟生,19,0,19,元富-台南,2024-06-11,5929
8040,九暘,19,0,19,元富-台南,2024-06-11,5929
00878,國泰永續高股息,34,16,18,元富-台南,2024-06-11,5929
1815,富喬,17,0,17,元富-台南,2024-06-11,5929
3481,群創,19,2,17,元富-台南,2024-06-11,5929
9946,三發地產,17,0,17,元富-台南,2024-06-11,5929
2390,云辰,16,0,16,元富-台南,2024-06-11,5929
3260,威剛,16,0,16,元富-台南,2024-06-11,5929
00933B,國泰10Y+金融債,15,0,15,元富-台南,2024-06-11,5929
1732,毛寶,25,10,15,元富-台南,2024-06-11,5929
2206,三陽工業,15,0,15,元富-台南,2024-06-11,5929
8936,國統,14,0,14,元富-台南,2024-06-11,5929
2330,台積電,27,13,14,元富-台南,2024-06-11,5929
00942B,台新美A公司債20+,14,0,14,元富-台南,2024-06-11,5929
2611,志信,16,3,13,元富-台南,2024-06-11,5929
8011,台通,16,3,13,元富-台南,2024-06-11,5929
00679B,元大美債20年,19,6,13,元富-台南,2024-06-11,5929
2002,中鋼,13,1,12,元富-台南,2024-06-11,5929
1301,台塑,11,0,11,元富-台南,2024-06-11,5929
2301,光寶科,11,0,11,元富-台南,2024-06-11,5929
2743,山富,11,0,11,元富-台南,2024-06-11,5929
4967,十銓,28,17,11,元富-台南,2024-06-11,5929
00687B,國泰20年美債,11,0,11,元富-台南,2024-06-11,5929
5880,合庫金,11,0,11,元富-台南,2024-06-11,5929
2887,台新金,10,0,10,元富-台南,2024-06-11,5929
00918,大華優利高填息30,10,0,10,元富-台南,2024-06-11,5929
00753L,中信中國50正2,10,0,10,元富-台南,2024-06-11,5929
1314,中石化,10,0,10,元富-台南,2024-06-11,5929
1604,聲寶,10,0,10,元富-台南,2024-06-11,5929
5340,建榮,10,0,10,元富-台南,2024-06-11,5929
5432,新門,10,0,10,元富-台南,2024-06-11,5929
2356,英業達,12,3,9,元富-台南,2024-06-11,5929
2353,宏��,13,4,9,元富-台南,2024-06-11,5929
2897,王道銀行,350,0,350,元富-台南,2024-06-12,5929
00929,復華台灣科技優息,157,3,154,元富-台南,2024-06-12,5929
3481,群創,153,0,153,元富-台南,2024-06-12,5929
2317,鴻海,237,133,104,元富-台南,2024-06-12,5929
00680L,元大美債20正2,102,0,102,元富-台南,2024-06-12,5929
00940,元大台灣價值高息,124,30,94,元富-台南,2024-06-12,5929
00632R,元大台灣50反1,53,0,53,元富-台南,2024-06-12,5929
2889,國票金,70,22,48,元富-台南,2024-06-12,5929
3712,永崴投控,45,0,45,元富-台南,2024-06-12,5929
00712,復華富時不動產,44,0,44,元富-台南,2024-06-12,5929
4532,瑞智,40,0,40,元富-台南,2024-06-12,5929
5009,榮剛,40,0,40,元富-台南,2024-06-12,5929
2883,凱基金,277,240,37,元富-台南,2024-06-12,5929
2812,台中銀,37,0,37,元富-台南,2024-06-12,5929
2867,三商壽,37,1,36,元富-台南,2024-06-12,5929
2610,華航,52,17,35,元富-台南,2024-06-12,5929
2002,中鋼,32,1,31,元富-台南,2024-06-12,5929
2609,陽明,62,31,31,元富-台南,2024-06-12,5929
2605,新興,26,1,25,元富-台南,2024-06-12,5929
1570,力肯,22,0,22,元富-台南,2024-06-12,5929
2881,富邦金,22,0,22,元富-台南,2024-06-12,5929
2489,瑞軒,56,35,21,元富-台南,2024-06-12,5929
2017,官田鋼,20,0,20,元富-台南,2024-06-12,5929
3622,洋華,24,4,20,元富-台南,2024-06-12,5929
5533,皇鼎,20,0,20,元富-台南,2024-06-12,5929
00936,台新永續高息中小,19,2,17,元富-台南,2024-06-12,5929
3663,鑫科,16,0,16,元富-台南,2024-06-12,5929
1609,大亞,16,1,15,元富-台南,2024-06-12,5929
2354,鴻準,24,9,15,元富-台南,2024-06-12,5929
00918,大華優利高填息30,15,0,15,元富-台南,2024-06-12,5929
2427,三商電,18,3,15,元富-台南,2024-06-12,5929
3437,榮創,15,0,15,元富-台南,2024-06-12,5929
0056,元大高股息,14,0,14,元富-台南,2024-06-12,5929
00942B,台新美A公司債20+,12,0,12,元富-台南,2024-06-12,5929
5443,均豪,12,0,12,元富-台南,2024-06-12,5929
2636,台驊控股,11,0,11,元富-台南,2024-06-12,5929
2352,佳世達,11,0,11,元富-台南,2024-06-12,5929
2891,中信金,11,0,11,元富-台南,2024-06-12,5929
4545,銘鈺,22,11,11,元富-台南,2024-06-12,5929
8442,威宏-KY,11,0,11,元富-台南,2024-06-12,5929
8028,昇陽半導體,16,5,11,元富-台南,2024-06-12,5929
2353,宏��,17,7,10,元富-台南,2024-06-12,5929
00715L,期街口布蘭特正2,10,0,10,元富-台南,2024-06-12,5929
1440,南紡,10,0,10,元富-台南,2024-06-12,5929
2049,上銀,10,0,10,元富-台南,2024-06-12,5929
3002,歐格,10,0,10,元富-台南,2024-06-12,5929
4121,優盛,10,0,10,元富-台南,2024-06-12,5929
4557,永新-KY,10,0,10,元富-台南,2024-06-12,5929
5364,力麗店,10,0,10,元富-台南,2024-06-12,5929
6016,康和證,10,0,10,元富-台南,2024-06-12,5929
2888,新光金,125,14,111,元富-台南,2024-06-13,5929
00947,台新臺灣IC設計,100,0,100,元富-台南,2024-06-13,5929
00632R,元大台灣50反1,50,0,50,元富-台南,2024-06-13,5929
00942B,台新美A公司債20+,37,0,37,元富-台南,2024-06-13,5929
1513,中興電,47,10,37,元富-台南,2024-06-13,5929
2609,陽明,99,70,29,元富-台南,2024-06-13,5929
00751B,元大AAA至A公司債,28,1,27,元富-台南,2024-06-13,5929
2897,王道銀行,25,0,25,元富-台南,2024-06-13,5929
2610,華航,25,2,23,元富-台南,2024-06-13,5929
2002,中鋼,22,1,21,元富-台南,2024-06-13,5929
00948B,中信優息投資級債,36,15,21,元富-台南,2024-06-13,5929
3490,單井,29,9,20,元富-台南,2024-06-13,5929
2867,三商壽,20,1,19,元富-台南,2024-06-13,5929
4958,臻鼎-KY,22,3,19,元富-台南,2024-06-13,5929
4121,優盛,18,0,18,元富-台南,2024-06-13,5929
2365,昆盈,19,2,17,元富-台南,2024-06-13,5929
1101,台泥,21,5,16,元富-台南,2024-06-13,5929
3622,洋華,25,9,16,元富-台南,2024-06-13,5929
3481,群創,30,15,15,元富-台南,2024-06-13,5929
4566,時碩工業,16,3,13,元富-台南,2024-06-13,5929
2897A,王道銀甲特,13,0,13,元富-台南,2024-06-13,5929
00713,元大台灣高息低波,12,0,12,元富-台南,2024-06-13,5929
4532,瑞智,12,0,12,元富-台南,2024-06-13,5929
2354,鴻準,16,5,11,元富-台南,2024-06-13,5929
2312,金寶,13,3,10,元富-台南,2024-06-13,5929
2542,興富發,9,0,9,元富-台南,2024-06-13,5929
2367,燿華,13,4,9,元富-台南,2024-06-13,5929
00878,國泰永續高股息,11,2,9,元富-台南,2024-06-13,5929
6488,環球晶,9,0,9,元富-台南,2024-06-13,5929
2316,楠梓電,10,1,9,元富-台南,2024-06-13,5929
00918,大華優利高填息30,11,2,9,元富-台南,2024-06-13,5929
3231,緯創,16,7,9,元富-台南,2024-06-13,5929
2353,宏��,18,9,9,元富-台南,2024-06-13,5929
6290,良維,8,0,8,元富-台南,2024-06-13,5929
2208,台船,9,1,8,元富-台南,2024-06-13,5929
2498,宏達電,8,0,8,元富-台南,2024-06-13,5929
3535,晶彩科,9,1,8,元富-台南,2024-06-13,5929
5225,東科-KY,7,0,7,元富-台南,2024-06-13,5929
1301,台塑,7,0,7,元富-台南,2024-06-13,5929
1460,宏遠,7,0,7,元富-台南,2024-06-13,5929
3312,弘憶股,10,3,7,元富-台南,2024-06-13,5929
5512,力麒,8,1,7,元富-台南,2024-06-13,5929
1473,台南,7,0,7,元富-台南,2024-06-13,5929
4967,十銓,19,13,6,元富-台南,2024-06-13,5929
2615,萬海,25,19,6,元富-台南,2024-06-13,5929
2618,長榮航,13,7,6,元富-台南,2024-06-13,5929
2603,長榮,27,22,5,元富-台南,2024-06-13,5929
00753L,中信中國50正2,5,0,5,元富-台南,2024-06-13,5929
1447,力鵬,15,10,5,元富-台南,2024-06-13,5929
1563,巧新,5,0,5,元富-台南,2024-06-13,5929
2897A,王道銀甲特,340,0,340,元富-台南,2024-06-14,5929
2897,王道銀行,300,5,295,元富-台南,2024-06-14,5929
2330,台積電,86,7,79,元富-台南,2024-06-14,5929
4545,銘鈺,60,0,60,元富-台南,2024-06-14,5929
00942B,台新美A公司債20+,56,3,53,元富-台南,2024-06-14,5929
4121,優盛,51,0,51,元富-台南,2024-06-14,5929
00936,台新永續高息中小,53,3,50,元富-台南,2024-06-14,5929
2905,三商,40,0,40,元富-台南,2024-06-14,5929
3712,永崴投控,41,1,40,元富-台南,2024-06-14,5929
2609,陽明,112,72,40,元富-台南,2024-06-14,5929
00929,復華台灣科技優息,90,52,38,元富-台南,2024-06-14,5929
3048,益登,41,4,37,元富-台南,2024-06-14,5929
2317,鴻海,112,78,34,元富-台南,2024-06-14,5929
00918,大華優利高填息30,25,0,25,元富-台南,2024-06-14,5929
3663,鑫科,25,0,25,元富-台南,2024-06-14,5929
2618,長榮航,23,0,23,元富-台南,2024-06-14,5929
00757,統一FANG+,22,0,22,元富-台南,2024-06-14,5929
2303,聯電,22,1,21,元富-台南,2024-06-14,5929
2017,官田鋼,20,0,20,元富-台南,2024-06-14,5929
1314,中石化,20,1,19,元富-台南,2024-06-14,5929
2002,中鋼,19,1,18,元富-台南,2024-06-14,5929
3481,群創,22,4,18,元富-台南,2024-06-14,5929
2367,燿華,25,8,17,元富-台南,2024-06-14,5929
4951,精拓科,17,0,17,元富-台南,2024-06-14,5929
2611,志信,47,31,16,元富-台南,2024-06-14,5929
2365,昆盈,14,1,13,元富-台南,2024-06-14,5929
3402,漢科,13,0,13,元富-台南,2024-06-14,5929
2636,台驊控股,12,0,12,元富-台南,2024-06-14,5929
3022,威強電,12,0,12,元富-台南,2024-06-14,5929
2427,三商電,21,10,11,元富-台南,2024-06-14,5929
00948B,中信優息投資級債,12,1,11,元富-台南,2024-06-14,5929
8163,達方,11,0,11,元富-台南,2024-06-14,5929
00882,中信中國高股息,10,0,10,元富-台南,2024-06-14,5929
1528,恩德,10,0,10,元富-台南,2024-06-14,5929
2344,華邦電,20,10,10,元富-台南,2024-06-14,5929
2489,瑞軒,10,0,10,元富-台南,2024-06-14,5929
3078,僑威,10,0,10,元富-台南,2024-06-14,5929
5426,振發,10,0,10,元富-台南,2024-06-14,5929
6525,捷敏-KY,10,0,10,元富-台南,2024-06-14,5929
8040,九暘,10,0,10,元富-台南,2024-06-14,5929
8088,品安,10,0,10,元富-台南,2024-06-14,5929
8442,威宏-KY,10,0,10,元富-台南,2024-06-14,5929
1301,台塑,11,1,10,元富-台南,2024-06-14,5929
3202,樺晟,10,1,9,元富-台南,2024-06-14,5929
4533,協易機,9,0,9,元富-台南,2024-06-14,5929
6189,豐藝,9,0,9,元富-台南,2024-06-14,5929
5864,致和證,8,0,8,元富-台南,2024-06-14,5929
2801,彰銀,10,3,7,元富-台南,2024-06-14,5929
4967,十銓,13,6,7,元富-台南,2024-06-14,5929
8112,至上,7,0,7,元富-台南,2024-06-14,5929
2897A,王道銀甲特,522,0,522,元富-台南,2024-06-17,5929
2888,新光金,163,1,162,元富-台南,2024-06-17,5929
2897,王道銀行,125,0,125,元富-台南,2024-06-17,5929
3481,群創,157,45,112,元富-台南,2024-06-17,5929
2486,一詮,81,1,80,元富-台南,2024-06-17,5929
2367,燿華,76,0,76,元富-台南,2024-06-17,5929
00918,大華優利高填息30,61,0,61,元富-台南,2024-06-17,5929
1532,勤美,47,0,47,元富-台南,2024-06-17,5929
00929,復華台灣科技優息,95,48,47,元富-台南,2024-06-17,5929
2867,三商壽,45,0,45,元富-台南,2024-06-17,5929
00946,群益科技高息成長,43,0,43,元富-台南,2024-06-17,5929
4545,銘鈺,40,0,40,元富-台南,2024-06-17,5929
00936,台新永續高息中小,56,18,38,元富-台南,2024-06-17,5929
00631L,元大台灣50正2,35,0,35,元富-台南,2024-06-17,5929
2615,萬海,73,40,33,元富-台南,2024-06-17,5929
4960,誠美材,25,0,25,元富-台南,2024-06-17,5929
00937B,群益ESG投等債20,27,6,21,元富-台南,2024-06-17,5929
2609,陽明,50,30,20,元富-台南,2024-06-17,5929
00930,永豐ESG低碳高息,20,0,20,元富-台南,2024-06-17,5929
5009,榮剛,20,0,20,元富-台南,2024-06-17,5929
2354,鴻準,30,10,20,元富-台南,2024-06-17,5929
00947,台新臺灣IC設計,17,0,17,元富-台南,2024-06-17,5929
00948B,中信優息投資級債,22,5,17,元富-台南,2024-06-17,5929
1609,大亞,45,30,15,元富-台南,2024-06-17,5929
2312,金寶,24,10,14,元富-台南,2024-06-17,5929
3622,洋華,16,2,14,元富-台南,2024-06-17,5929
4566,時碩工業,15,1,14,元富-台南,2024-06-17,5929
1467,南緯,13,0,13,元富-台南,2024-06-17,5929
6788,華景電,12,0,12,元富-台南,2024-06-17,5929
00687B,國泰20年美債,12,1,11,元富-台南,2024-06-17,5929
00878,國泰永續高股息,11,0,11,元富-台南,2024-06-17,5929
3013,晟銘電,11,0,11,元富-台南,2024-06-17,5929
2327,國巨,12,1,11,元富-台南,2024-06-17,5929
1905,華紙,10,0,10,元富-台南,2024-06-17,5929
3213,茂訊,10,0,10,元富-台南,2024-06-17,5929
00942B,台新美A公司債20+,10,0,10,元富-台南,2024-06-17,5929
4714,永捷,10,0,10,元富-台南,2024-06-17,5929
2382,廣達,11,2,9,元富-台南,2024-06-17,5929
3047,訊舟,11,2,9,元富-台南,2024-06-17,5929
3689,湧德,9,0,9,元富-台南,2024-06-17,5929
1514,亞力,26,17,9,元富-台南,2024-06-17,5929
1503,士電,14,6,8,元富-台南,2024-06-17,5929
3706,神達,10,2,8,元富-台南,2024-06-17,5929
1473,台南,13,5,8,元富-台南,2024-06-17,5929
00712,復華富時不動產,8,1,7,元富-台南,2024-06-17,5929
6442,光聖,7,0,7,元富-台南,2024-06-17,5929
3312,弘憶股,9,2,7,元富-台南,2024-06-17,5929
2331,精英,6,0,6,元富-台南,2024-06-17,5929
1587,吉茂,9,3,6,元富-台南,2024-06-17,5929
1616,億泰,6,0,6,元富-台南,2024-06-17,5929
00919,群益台灣精選高息,143,15,128,元富-台南,2024-06-18,5929
00929,復華台灣科技優息,107,3,104,元富-台南,2024-06-18,5929
1802,台玻,82,17,65,元富-台南,2024-06-18,5929
9105,泰金寶-DR,58,6,52,元富-台南,2024-06-18,5929
00632R,元大台灣50反1,61,10,51,元富-台南,2024-06-18,5929
1504,東元,45,1,44,元富-台南,2024-06-18,5929
2515,中工,42,0,42,元富-台南,2024-06-18,5929
2206,三陽工業,50,10,40,元富-台南,2024-06-18,5929
2303,聯電,40,7,33,元富-台南,2024-06-18,5929
00947,台新臺灣IC設計,32,0,32,元富-台南,2024-06-18,5929
1815,富喬,31,1,30,元富-台南,2024-06-18,5929
6770,力積電,31,4,27,元富-台南,2024-06-18,5929
00936,台新永續高息中小,28,3,25,元富-台南,2024-06-18,5929
2317,鴻海,27,5,22,元富-台南,2024-06-18,5929
1409,新纖,20,0,20,元富-台南,2024-06-18,5929
2103,台橡,20,0,20,元富-台南,2024-06-18,5929
5533,皇鼎,20,0,20,元富-台南,2024-06-18,5929
3213,茂訊,18,0,18,元富-台南,2024-06-18,5929
3481,群創,52,35,17,元富-台南,2024-06-18,5929
00937B,群益ESG投等債20,19,2,17,元富-台南,2024-06-18,5929
00713,元大台灣高息低波,17,0,17,元富-台南,2024-06-18,5929
2025,千興,16,0,16,元富-台南,2024-06-18,5929
2106,建大,15,0,15,元富-台南,2024-06-18,5929
2605,新興,17,2,15,元富-台南,2024-06-18,5929
6116,彩晶,15,0,15,元富-台南,2024-06-18,5929
9103,美德醫療-DR,15,0,15,元富-台南,2024-06-18,5929
00921,兆豐龍頭等權重,15,0,15,元富-台南,2024-06-18,5929
1301,台塑,14,0,14,元富-台南,2024-06-18,5929
6125,廣運,14,1,13,元富-台南,2024-06-18,5929
1303,南亞,12,0,12,元富-台南,2024-06-18,5929
5392,能率,11,0,11,元富-台南,2024-06-18,5929
6147,頎邦,11,0,11,元富-台南,2024-06-18,5929
00942B,台新美A公司債20+,10,0,10,元富-台南,2024-06-18,5929
2027,大成鋼,10,0,10,元富-台南,2024-06-18,5929
00939,統一台灣高息動能,10,0,10,元富-台南,2024-06-18,5929
1440,南紡,10,0,10,元富-台南,2024-06-18,5929
1605,華新,10,0,10,元富-台南,2024-06-18,5929
2353,宏��,13,3,10,元富-台南,2024-06-18,5929
3285,微端,10,0,10,元富-台南,2024-06-18,5929
3628,盈正,10,0,10,元富-台南,2024-06-18,5929
1444,力麗,10,0,10,元富-台南,2024-06-18,5929
2492,華新科,10,0,10,元富-台南,2024-06-18,5929
2324,仁寶,10,1,9,元富-台南,2024-06-18,5929
1609,大亞,23,15,8,元富-台南,2024-06-18,5929
3047,訊舟,14,6,8,元富-台南,2024-06-18,5929
3419,譁裕,8,0,8,元富-台南,2024-06-18,5929
3535,晶彩科,10,2,8,元富-台南,2024-06-18,5929
6166,凌華,9,1,8,元富-台南,2024-06-18,5929
6278,台表科,8,0,8,元富-台南,2024-06-18,5929
2615,萬海,24,17,7,元富-台南,2024-06-18,5929
00632R,元大台灣50反1,253,0,253,元富-台南,2024-06-19,5929
00937B,群益ESG投等債20,169,7,162,元富-台南,2024-06-19,5929
00712,復華富時不動產,146,0,146,元富-台南,2024-06-19,5929
2610,華航,155,26,129,元富-台南,2024-06-19,5929
00929,復華台灣科技優息,113,14,99,元富-台南,2024-06-19,5929
5443,均豪,99,5,94,元富-台南,2024-06-19,5929
1605,華新,63,1,62,元富-台南,2024-06-19,5929
6188,廣明,64,4,60,元富-台南,2024-06-19,5929
8064,東捷,53,15,38,元富-台南,2024-06-19,5929
6152,百一,37,1,36,元富-台南,2024-06-19,5929
2312,金寶,100,65,35,元富-台南,2024-06-19,5929
3013,晟銘電,35,3,32,元富-台南,2024-06-19,5929
3481,群創,37,12,25,元富-台南,2024-06-19,5929
2337,旺宏,30,6,24,元富-台南,2024-06-19,5929
2367,燿華,24,0,24,元富-台南,2024-06-19,5929
1609,大亞,27,5,22,元富-台南,2024-06-19,5929
2303,聯電,25,4,21,元富-台南,2024-06-19,5929
2101,南港,20,0,20,元富-台南,2024-06-19,5929
4121,優盛,20,0,20,元富-台南,2024-06-19,5929
4951,精拓科,20,0,20,元富-台南,2024-06-19,5929
5533,皇鼎,20,0,20,元富-台南,2024-06-19,5929
2501,國建,20,1,19,元富-台南,2024-06-19,5929
5243,乙盛-KY,18,0,18,元富-台南,2024-06-19,5929
3062,建漢,27,11,16,元富-台南,2024-06-19,5929
1785,光洋科,32,16,16,元富-台南,2024-06-19,5929
6282,康舒,37,21,16,元富-台南,2024-06-19,5929
1611,中電,16,0,16,元富-台南,2024-06-19,5929
00687B,國泰20年美債,16,1,15,元富-台南,2024-06-19,5929
3712,永崴投控,15,1,14,元富-台南,2024-06-19,5929
6117,迎廣,13,0,13,元富-台南,2024-06-19,5929
4958,臻鼎-KY,19,6,13,元富-台南,2024-06-19,5929
00905,FT臺灣Smart,12,0,12,元富-台南,2024-06-19,5929
6116,彩晶,12,0,12,元富-台南,2024-06-19,5929
00946,群益科技高息成長,11,0,11,元富-台南,2024-06-19,5929
2331,精英,11,0,11,元富-台南,2024-06-19,5929
2371,大同,58,47,11,元富-台南,2024-06-19,5929
2867,三商壽,11,0,11,元富-台南,2024-06-19,5929
00939,統一台灣高息動能,15,5,10,元富-台南,2024-06-19,5929
1504,東元,10,0,10,元富-台南,2024-06-19,5929
3167,大量,10,0,10,元富-台南,2024-06-19,5929
3687,歐買尬,10,0,10,元富-台南,2024-06-19,5929
6261,久元,10,0,10,元富-台南,2024-06-19,5929
6112,邁達特,13,3,10,元富-台南,2024-06-19,5929
2377,微星,11,1,10,元富-台南,2024-06-19,5929
00936,台新永續高息中小,28,19,9,元富-台南,2024-06-19,5929
2891,中信金,10,1,9,元富-台南,2024-06-19,5929
2324,仁寶,9,0,9,元富-台南,2024-06-19,5929
2355,敬鵬,9,0,9,元富-台南,2024-06-19,5929
6147,頎邦,10,2,8,元富-台南,2024-06-19,5929
6472,保瑞,8,0,8,元富-台南,2024-06-19,5929
00937B,群益ESG投等債20,178,0,178,元富-台南,2024-06-20,5929
00919,群益台灣精選高息,76,4,72,元富-台南,2024-06-20,5929
00936,台新永續高息中小,60,0,60,元富-台南,2024-06-20,5929
1605,華新,73,14,59,元富-台南,2024-06-20,5929
00929,復華台灣科技優息,68,18,50,元富-台南,2024-06-20,5929
4157,太景*-KY,39,0,39,元富-台南,2024-06-20,5929
2353,宏��,40,5,35,元富-台南,2024-06-20,5929
2330,台積電,54,23,31,元富-台南,2024-06-20,5929
2883,凱基金,31,3,28,元富-台南,2024-06-20,5929
1301,台塑,29,3,26,元富-台南,2024-06-20,5929
2609,陽明,47,21,26,元富-台南,2024-06-20,5929
2406,國碩,24,0,24,元富-台南,2024-06-20,5929
5533,皇鼎,24,0,24,元富-台南,2024-06-20,5929
3033,威健,23,1,22,元富-台南,2024-06-20,5929
00946,群益科技高息成長,20,0,20,元富-台南,2024-06-20,5929
2501,國建,20,0,20,元富-台南,2024-06-20,5929
2101,南港,20,1,19,元富-台南,2024-06-20,5929
2340,台亞,20,2,18,元富-台南,2024-06-20,5929
2365,昆盈,33,16,17,元富-台南,2024-06-20,5929
1609,大亞,16,0,16,元富-台南,2024-06-20,5929
4958,臻鼎-KY,17,1,16,元富-台南,2024-06-20,5929
00700,富邦�琤肭磪�,15,0,15,元富-台南,2024-06-20,5929
1319,東陽,13,0,13,元富-台南,2024-06-20,5929
2303,聯電,29,16,13,元富-台南,2024-06-20,5929
00712,復華富時不動產,13,0,13,元富-台南,2024-06-20,5929
00665L,富邦�琤肭磪囓�2,12,0,12,元富-台南,2024-06-20,5929
00932,兆豐永續高息等權,12,0,12,元富-台南,2024-06-20,5929
00918,大華優利高填息30,12,0,12,元富-台南,2024-06-20,5929
2323,中環,11,0,11,元富-台南,2024-06-20,5929
8050,廣積,11,0,11,元富-台南,2024-06-20,5929
00947,台新臺灣IC設計,10,0,10,元富-台南,2024-06-20,5929
1795,美時,10,0,10,元富-台南,2024-06-20,5929
00920,富邦ESG綠色電力,10,0,10,元富-台南,2024-06-20,5929
1608,華榮,10,0,10,元富-台南,2024-06-20,5929
2025,千興,10,0,10,元富-台南,2024-06-20,5929
2316,楠梓電,13,3,10,元富-台南,2024-06-20,5929
3047,訊舟,54,44,10,元富-台南,2024-06-20,5929
3312,弘憶股,10,0,10,元富-台南,2024-06-20,5929
6244,茂迪,10,0,10,元富-台南,2024-06-20,5929
8277,商丞,10,0,10,元富-台南,2024-06-20,5929
00882,中信中國高股息,10,0,10,元富-台南,2024-06-20,5929
2615,萬海,24,15,9,元富-台南,2024-06-20,5929
4951,精拓科,9,0,9,元富-台南,2024-06-20,5929
6152,百一,12,3,9,元富-台南,2024-06-20,5929
00679B,元大美債20年,9,0,9,元富-台南,2024-06-20,5929
4306,炎洲,8,0,8,元富-台南,2024-06-20,5929
8096,擎亞,11,3,8,元富-台南,2024-06-20,5929
1316,上曜,7,0,7,元富-台南,2024-06-20,5929
1802,台玻,7,0,7,元富-台南,2024-06-20,5929
2637,慧洋-KY,7,0,7,元富-台南,2024-06-20,5929
8011,台通,642,6,636,元富-台南,2024-06-21,5929
2897A,王道銀甲特,300,0,300,元富-台南,2024-06-21,5929
2317,鴻海,298,11,287,元富-台南,2024-06-21,5929
00937B,群益ESG投等債20,84,0,84,元富-台南,2024-06-21,5929
2002,中鋼,91,7,84,元富-台南,2024-06-21,5929
00919,群益台灣精選高息,76,13,63,元富-台南,2024-06-21,5929
6188,廣明,53,0,53,元富-台南,2024-06-21,5929
00936,台新永續高息中小,57,5,52,元富-台南,2024-06-21,5929
00929,復華台灣科技優息,72,21,51,元富-台南,2024-06-21,5929
2392,正崴,56,13,43,元富-台南,2024-06-21,5929
2515,中工,40,5,35,元富-台南,2024-06-21,5929
2313,華通,37,5,32,元富-台南,2024-06-21,5929
6770,力積電,30,2,28,元富-台南,2024-06-21,5929
00948B,中信優息投資級債,23,0,23,元富-台南,2024-06-21,5929
00942B,台新美A公司債20+,22,0,22,元富-台南,2024-06-21,5929
2356,英業達,23,2,21,元富-台南,2024-06-21,5929
00706L,期元大S＆P日圓正2,20,0,20,元富-台南,2024-06-21,5929
2892,第一金,20,0,20,元富-台南,2024-06-21,5929
3312,弘憶股,30,10,20,元富-台南,2024-06-21,5929
3437,榮創,20,0,20,元富-台南,2024-06-21,5929
3035,智原,19,0,19,元富-台南,2024-06-21,5929
2354,鴻準,24,6,18,元富-台南,2024-06-21,5929
2504,國產,17,0,17,元富-台南,2024-06-21,5929
5533,皇鼎,16,0,16,元富-台南,2024-06-21,5929
6239,力成,17,1,16,元富-台南,2024-06-21,5929
2382,廣達,23,7,16,元富-台南,2024-06-21,5929
00713,元大台灣高息低波,14,0,14,元富-台南,2024-06-21,5929
3481,群創,212,199,13,元富-台南,2024-06-21,5929
00885,富邦越南,13,0,13,元富-台南,2024-06-21,5929
1301,台塑,13,0,13,元富-台南,2024-06-21,5929
2498,宏達電,26,13,13,元富-台南,2024-06-21,5929
2101,南港,12,0,12,元富-台南,2024-06-21,5929
6182,合晶,12,0,12,元富-台南,2024-06-21,5929
3163,波若威,10,0,10,元富-台南,2024-06-21,5929
00637L,元大滬深300正2,10,0,10,元富-台南,2024-06-21,5929
1304,台聚,11,1,10,元富-台南,2024-06-21,5929
2367,燿華,10,0,10,元富-台南,2024-06-21,5929
2501,國建,10,0,10,元富-台南,2024-06-21,5929
2897,王道銀行,10,0,10,元富-台南,2024-06-21,5929
3588,通嘉,10,0,10,元富-台南,2024-06-21,5929
3625,西勝,10,0,10,元富-台南,2024-06-21,5929
4726,永昕,10,0,10,元富-台南,2024-06-21,5929
8271,宇瞻,10,0,10,元富-台南,2024-06-21,5929
1309,台達化,10,0,10,元富-台南,2024-06-21,5929
2801,彰銀,10,1,9,元富-台南,2024-06-21,5929
2603,長榮,34,25,9,元富-台南,2024-06-21,5929
4566,時碩工業,9,0,9,元富-台南,2024-06-21,5929
4956,光鋐,10,1,9,元富-台南,2024-06-21,5929
1312,國喬,10,1,9,元富-台南,2024-06-21,5929
2023,燁輝,8,0,8,元富-台南,2024-06-21,5929
00937B,群益ESG投等債20,154,1,153,元富-台南,2024-06-24,5929
00637L,元大滬深300正2,150,0,150,元富-台南,2024-06-24,5929
2101,南港,100,0,100,元富-台南,2024-06-24,5929
1785,光洋科,123,32,91,元富-台南,2024-06-24,5929
3481,群創,335,252,83,元富-台南,2024-06-24,5929
00919,群益台灣精選高息,82,1,81,元富-台南,2024-06-24,5929
2618,長榮航,72,2,70,元富-台南,2024-06-24,5929
00929,復華台灣科技優息,97,35,62,元富-台南,2024-06-24,5929
2501,國建,50,0,50,元富-台南,2024-06-24,5929
00725B,國泰投資級公司債,41,0,41,元富-台南,2024-06-24,5929
2025,千興,35,0,35,元富-台南,2024-06-24,5929
4934,太極,31,0,31,元富-台南,2024-06-24,5929
00632R,元大台灣50反1,30,0,30,元富-台南,2024-06-24,5929
4545,銘鈺,30,1,29,元富-台南,2024-06-24,5929
2812,台中銀,28,0,28,元富-台南,2024-06-24,5929
2344,華邦電,31,6,25,元富-台南,2024-06-24,5929
2330,台積電,32,11,21,元富-台南,2024-06-24,5929
3047,訊舟,103,82,21,元富-台南,2024-06-24,5929
5864,致和證,22,1,21,元富-台南,2024-06-24,5929
6147,頎邦,20,0,20,元富-台南,2024-06-24,5929
1504,東元,20,0,20,元富-台南,2024-06-24,5929
2615,萬海,53,36,17,元富-台南,2024-06-24,5929
2352,佳世達,16,0,16,元富-台南,2024-06-24,5929
2888,新光金,14,0,14,元富-台南,2024-06-24,5929
2881,富邦金,20,6,14,元富-台南,2024-06-24,5929
2610,華航,21,7,14,元富-台南,2024-06-24,5929
00948B,中信優息投資級債,13,0,13,元富-台南,2024-06-24,5929
1309,台達化,19,6,13,元富-台南,2024-06-24,5929
2382,廣達,24,11,13,元富-台南,2024-06-24,5929
2367,燿華,14,2,12,元富-台南,2024-06-24,5929
2387,精元,12,0,12,元富-台南,2024-06-24,5929
00878,國泰永續高股息,12,0,12,元富-台南,2024-06-24,5929
2365,昆盈,11,0,11,元富-台南,2024-06-24,5929
2369,菱生,11,0,11,元富-台南,2024-06-24,5929
8105,凌巨,14,3,11,元富-台南,2024-06-24,5929
00687B,國泰20年美債,10,0,10,元富-台南,2024-06-24,5929
2498,宏達電,12,2,10,元富-台南,2024-06-24,5929
2897,王道銀行,10,0,10,元富-台南,2024-06-24,5929
3706,神達,11,1,10,元富-台南,2024-06-24,5929
4566,時碩工業,10,0,10,元富-台南,2024-06-24,5929
8076,伍豐,13,3,10,元富-台南,2024-06-24,5929
6443,元晶,9,0,9,元富-台南,2024-06-24,5929
9941,裕融,11,2,9,元富-台南,2024-06-24,5929
00891,中信關鍵半導體,8,0,8,元富-台南,2024-06-24,5929
6449,鈺邦,8,0,8,元富-台南,2024-06-24,5929
00936,台新永續高息中小,7,0,7,元富-台南,2024-06-24,5929
2492,華新科,11,4,7,元富-台南,2024-06-24,5929
2327,國巨,11,4,7,元富-台南,2024-06-24,5929
1319,東陽,9,2,7,元富-台南,2024-06-24,5929
2002,中鋼,7,0,7,元富-台南,2024-06-24,5929
2618,長榮航,58,4,54,元富-台南,2024-06-25,5929
00929,復華台灣科技優息,53,0,53,元富-台南,2024-06-25,5929
1815,富喬,39,0,39,元富-台南,2024-06-25,5929
2317,鴻海,66,29,37,元富-台南,2024-06-25,5929
00878,國泰永續高股息,27,0,27,元富-台南,2024-06-25,5929
3663,鑫科,28,3,25,元富-台南,2024-06-25,5929
2101,南港,24,0,24,元富-台南,2024-06-25,5929
6202,盛群,20,0,20,元富-台南,2024-06-25,5929
2303,聯電,21,3,18,元富-台南,2024-06-25,5929
4915,致伸,17,0,17,元富-台南,2024-06-25,5929
1909,榮成,16,0,16,元富-台南,2024-06-25,5929
4934,太極,16,0,16,元富-台南,2024-06-25,5929
2406,國碩,21,7,14,元富-台南,2024-06-25,5929
0056,元大高股息,13,0,13,元富-台南,2024-06-25,5929
3231,緯創,14,1,13,元富-台南,2024-06-25,5929
5452,佶優,22,10,12,元富-台南,2024-06-25,5929
2489,瑞軒,12,1,11,元富-台南,2024-06-25,5929
6261,久元,12,1,11,元富-台南,2024-06-25,5929
6770,力積電,31,20,11,元富-台南,2024-06-25,5929
2330,台積電,29,19,10,元富-台南,2024-06-25,5929
3062,建漢,22,12,10,元富-台南,2024-06-25,5929
00933B,國泰10Y+金融債,10,0,10,元富-台南,2024-06-25,5929
1597,直得,10,0,10,元富-台南,2024-06-25,5929
2344,華邦電,10,0,10,元富-台南,2024-06-25,5929
2891,中信金,10,0,10,元富-台南,2024-06-25,5929
3712,永崴投控,12,2,10,元富-台南,2024-06-25,5929
4566,時碩工業,10,0,10,元富-台南,2024-06-25,5929
6284,佳邦,10,0,10,元富-台南,2024-06-25,5929
6546,正基,10,0,10,元富-台南,2024-06-25,5929
8076,伍豐,10,0,10,元富-台南,2024-06-25,5929
3037,欣興,9,0,9,元富-台南,2024-06-25,5929
2610,華航,19,11,8,元富-台南,2024-06-25,5929
3289,宜特,10,2,8,元富-台南,2024-06-25,5929
2002,中鋼,8,1,7,元富-台南,2024-06-25,5929
2464,盟立,22,15,7,元富-台南,2024-06-25,5929
4760,勤凱,7,0,7,元富-台南,2024-06-25,5929
9105,泰金寶-DR,7,1,6,元富-台南,2024-06-25,5929
2454,聯發科,6,1,5,元富-台南,2024-06-25,5929
1301,台塑,5,0,5,元富-台南,2024-06-25,5929
8936,國統,5,0,5,元富-台南,2024-06-25,5929
8016,矽創,5,0,5,元富-台南,2024-06-25,5929
2365,昆盈,5,0,5,元富-台南,2024-06-25,5929
00946,群益科技高息成長,5,0,5,元富-台南,2024-06-25,5929
00948B,中信優息投資級債,5,0,5,元富-台南,2024-06-25,5929
1473,台南,10,5,5,元富-台南,2024-06-25,5929
2367,燿華,7,2,5,元富-台南,2024-06-25,5929
2376,技嘉,6,1,5,元富-台南,2024-06-25,5929
2405,輔信,5,0,5,元富-台南,2024-06-25,5929
2436,偉詮電,5,0,5,元富-台南,2024-06-25,5929
2498,宏達電,6,1,5,元富-台南,2024-06-25,5929
1785,光洋科,78,13,65,元富-台南,2024-06-26,5929
00936,台新永續高息中小,60,0,60,元富-台南,2024-06-26,5929
1584,精剛,50,0,50,元富-台南,2024-06-26,5929
2344,華邦電,50,0,50,元富-台南,2024-06-26,5929
00725B,國泰投資級公司債,40,0,40,元富-台南,2024-06-26,5929
00940,元大台灣價值高息,50,12,38,元富-台南,2024-06-26,5929
3687,歐買尬,31,0,31,元富-台南,2024-06-26,5929
6284,佳邦,30,0,30,元富-台南,2024-06-26,5929
2603,長榮,31,2,29,元富-台南,2024-06-26,5929
5015,華祺,28,0,28,元富-台南,2024-06-26,5929
3231,緯創,29,4,25,元富-台南,2024-06-26,5929
2884,玉山金,20,0,20,元富-台南,2024-06-26,5929
2025,千興,20,0,20,元富-台南,2024-06-26,5929
3372,典範,21,1,20,元富-台南,2024-06-26,5929
5864,致和證,20,0,20,元富-台南,2024-06-26,5929
2002,中鋼,21,2,19,元富-台南,2024-06-26,5929
1808,潤隆,18,0,18,元富-台南,2024-06-26,5929
3062,建漢,20,5,15,元富-台南,2024-06-26,5929
2891,中信金,15,0,15,元富-台南,2024-06-26,5929
2897,王道銀行,15,0,15,元富-台南,2024-06-26,5929
2516,新建,15,1,14,元富-台南,2024-06-26,5929
3006,晶豪科,16,2,14,元富-台南,2024-06-26,5929
2409,友達,16,3,13,元富-台南,2024-06-26,5929
2609,陽明,37,25,12,元富-台南,2024-06-26,5929
2615,萬海,16,4,12,元富-台南,2024-06-26,5929
2882,國泰金,12,0,12,元富-台南,2024-06-26,5929
6462,神盾,12,0,12,元富-台南,2024-06-26,5929
9105,泰金寶-DR,11,0,11,元富-台南,2024-06-26,5929
2377,微星,10,0,10,元富-台南,2024-06-26,5929
2404,漢唐,10,0,10,元富-台南,2024-06-26,5929
2515,中工,12,2,10,元富-台南,2024-06-26,5929
6261,久元,10,0,10,元富-台南,2024-06-26,5929
3521,鴻翊,8,0,8,元富-台南,2024-06-26,5929
00878,國泰永續高股息,7,0,7,元富-台南,2024-06-26,5929
2455,全新,8,1,7,元富-台南,2024-06-26,5929
2353,宏��,8,1,7,元富-台南,2024-06-26,5929
2402,毅嘉,7,0,7,元富-台南,2024-06-26,5929
3293,鈊象,16,9,7,元富-台南,2024-06-26,5929
2887,台新金,7,1,6,元富-台南,2024-06-26,5929
00687B,國泰20年美債,11,5,6,元富-台南,2024-06-26,5929
3413,京鼎,6,0,6,元富-台南,2024-06-26,5929
1815,富喬,6,0,6,元富-台南,2024-06-26,5929
2312,金寶,6,0,6,元富-台南,2024-06-26,5929
2371,大同,66,60,6,元富-台南,2024-06-26,5929
2464,盟立,26,20,6,元富-台南,2024-06-26,5929
2489,瑞軒,6,0,6,元富-台南,2024-06-26,5929
2867,三商壽,6,0,6,元富-台南,2024-06-26,5929
8011,台通,7,2,5,元富-台南,2024-06-26,5929
1326,台化,5,0,5,元富-台南,2024-06-26,5929
2401,凌陽,5,0,5,元富-台南,2024-06-26,5929
3481,群創,175,13,162,元富-台南,2024-06-27,5929
2889,國票金,100,0,100,元富-台南,2024-06-27,5929
2101,南港,84,6,78,元富-台南,2024-06-27,5929
00929,復華台灣科技優息,64,0,64,元富-台南,2024-06-27,5929
5521,工信,50,0,50,元富-台南,2024-06-27,5929
3047,訊舟,148,102,46,元富-台南,2024-06-27,5929
00687B,國泰20年美債,41,0,41,元富-台南,2024-06-27,5929
2406,國碩,41,0,41,元富-台南,2024-06-27,5929
9946,三發地產,32,0,32,元富-台南,2024-06-27,5929
6443,元晶,50,20,30,元富-台南,2024-06-27,5929
1611,中電,27,0,27,元富-台南,2024-06-27,5929
3285,微端,25,2,23,元富-台南,2024-06-27,5929
2609,陽明,39,17,22,元富-台南,2024-06-27,5929
3622,洋華,27,5,22,元富-台南,2024-06-27,5929
1584,精剛,22,1,21,元富-台南,2024-06-27,5929
1808,潤隆,20,0,20,元富-台南,2024-06-27,5929
8176,智捷,20,0,20,元富-台南,2024-06-27,5929
9912,偉聯,20,0,20,元富-台南,2024-06-27,5929
5443,均豪,29,10,19,元富-台南,2024-06-27,5929
3167,大量,18,0,18,元富-台南,2024-06-27,5929
2353,宏��,24,7,17,元富-台南,2024-06-27,5929
00946,群益科技高息成長,16,0,16,元富-台南,2024-06-27,5929
00948B,中信優息投資級債,16,0,16,元富-台南,2024-06-27,5929
3712,永崴投控,21,5,16,元富-台南,2024-06-27,5929
3024,憶聲,15,0,15,元富-台南,2024-06-27,5929
2885,元大金,14,0,14,元富-台南,2024-06-27,5929
2323,中環,40,26,14,元富-台南,2024-06-27,5929
2352,佳世達,12,0,12,元富-台南,2024-06-27,5929
2365,昆盈,15,3,12,元富-台南,2024-06-27,5929
3303,岱稜,12,0,12,元富-台南,2024-06-27,5929
4167,松瑞藥,26,14,12,元富-台南,2024-06-27,5929
6175,立敦,14,2,12,元富-台南,2024-06-27,5929
00919,群益台灣精選高息,13,1,12,元富-台南,2024-06-27,5929
00936,台新永續高息中小,11,0,11,元富-台南,2024-06-27,5929
2884,玉山金,11,0,11,元富-台南,2024-06-27,5929
2467,志聖,21,10,11,元富-台南,2024-06-27,5929
8105,凌巨,11,0,11,元富-台南,2024-06-27,5929
2317,鴻海,20,9,11,元富-台南,2024-06-27,5929
00632R,元大台灣50反1,10,0,10,元富-台南,2024-06-27,5929
1440,南紡,10,0,10,元富-台南,2024-06-27,5929
1781,合世,10,0,10,元富-台南,2024-06-27,5929
2331,精英,10,0,10,元富-台南,2024-06-27,5929
2367,燿華,16,6,10,元富-台南,2024-06-27,5929
2412,中華電,10,0,10,元富-台南,2024-06-27,5929
2457,飛宏,10,0,10,元富-台南,2024-06-27,5929
5364,力麗店,10,0,10,元富-台南,2024-06-27,5929
5864,致和證,10,0,10,元富-台南,2024-06-27,5929
8091,翔名,10,0,10,元富-台南,2024-06-27,5929
2888,新光金,11,1,10,元富-台南,2024-06-27,5929
2409,友達,11,2,9,元富-台南,2024-06-27,5929
00637L,元大滬深300正2,150,0,150,元富-台南,2024-06-28,5929
2353,宏��,73,3,70,元富-台南,2024-06-28,5929
2610,華航,44,1,43,元富-台南,2024-06-28,5929
2883,凱基金,45,5,40,元富-台南,2024-06-28,5929
2801,彰銀,45,5,40,元富-台南,2024-06-28,5929
2323,中環,41,1,40,元富-台南,2024-06-28,5929
2031,新光鋼,32,0,32,元富-台南,2024-06-28,5929
3481,群創,37,8,29,元富-台南,2024-06-28,5929
00937B,群益ESG投等債20,45,21,24,元富-台南,2024-06-28,5929
6248,沛波,24,0,24,元富-台南,2024-06-28,5929
2618,長榮航,87,64,23,元富-台南,2024-06-28,5929
00942B,台新美A公司債20+,22,0,22,元富-台南,2024-06-28,5929
3090,日電貿,20,0,20,元富-台南,2024-06-28,5929
2312,金寶,26,6,20,元富-台南,2024-06-28,5929
2609,陽明,48,28,20,元富-台南,2024-06-28,5929
8240,華宏,20,0,20,元富-台南,2024-06-28,5929
2330,台積電,20,2,18,元富-台南,2024-06-28,5929
2354,鴻準,23,5,18,元富-台南,2024-06-28,5929
00948B,中信優息投資級債,18,0,18,元富-台南,2024-06-28,5929
2324,仁寶,21,3,18,元富-台南,2024-06-28,5929
6147,頎邦,17,0,17,元富-台南,2024-06-28,5929
6443,元晶,18,1,17,元富-台南,2024-06-28,5929
6550,北極星藥業-KY,17,0,17,元富-台南,2024-06-28,5929
1806,冠軍,25,10,15,元富-台南,2024-06-28,5929
1785,光洋科,45,31,14,元富-台南,2024-06-28,5929
1504,東元,13,0,13,元富-台南,2024-06-28,5929
3535,晶彩科,14,1,13,元富-台南,2024-06-28,5929
2303,聯電,15,3,12,元富-台南,2024-06-28,5929
1808,潤隆,12,0,12,元富-台南,2024-06-28,5929
2101,南港,11,0,11,元富-台南,2024-06-28,5929
3576,聯合再生,28,18,10,元富-台南,2024-06-28,5929
00929,復華台灣科技優息,10,0,10,元富-台南,2024-06-28,5929
00864B,中信美國公債0-1,10,0,10,元富-台南,2024-06-28,5929
2371,大同,10,0,10,元富-台南,2024-06-28,5929
2450,神腦,10,0,10,元富-台南,2024-06-28,5929
2606,裕民,10,0,10,元富-台南,2024-06-28,5929
2611,志信,10,0,10,元富-台南,2024-06-28,5929
3057,喬鼎,10,0,10,元富-台南,2024-06-28,5929
3434,哲固,10,0,10,元富-台南,2024-06-28,5929
6182,合晶,10,0,10,元富-台南,2024-06-28,5929
6202,盛群,10,0,10,元富-台南,2024-06-28,5929
8076,伍豐,10,0,10,元富-台南,2024-06-28,5929
8112,至上,15,5,10,元富-台南,2024-06-28,5929
6806,森崴能源,10,0,10,元富-台南,2024-06-28,5929
00936,台新永續高息中小,9,0,9,元富-台南,2024-06-28,5929
2376,技嘉,10,1,9,元富-台南,2024-06-28,5929
1815,富喬,10,1,9,元富-台南,2024-06-28,5929
2002,中鋼,13,4,9,元富-台南,2024-06-28,5929
3024,憶聲,11,2,9,元富-台南,2024-06-28,5929
5484,慧友,10,1,9,元富-台南,2024-06-28,5929
2349,錸德,600,33,567,元富-台南,2024-07-01,5929
00937B,群益ESG投等債20,108,0,108,元富-台南,2024-07-01,5929
1584,精剛,80,0,80,元富-台南,2024-07-01,5929
1101,台泥,73,2,71,元富-台南,2024-07-01,5929
2365,昆盈,90,29,61,元富-台南,2024-07-01,5929
2489,瑞軒,54,0,54,元富-台南,2024-07-01,5929
2618,長榮航,110,60,50,元富-台南,2024-07-01,5929
00687B,國泰20年美債,47,1,46,元富-台南,2024-07-01,5929
00942B,台新美A公司債20+,44,0,44,元富-台南,2024-07-01,5929
2883,凱基金,46,4,42,元富-台南,2024-07-01,5929
2363,矽統,41,0,41,元富-台南,2024-07-01,5929
2313,華通,41,2,39,元富-台南,2024-07-01,5929
0056,元大高股息,39,0,39,元富-台南,2024-07-01,5929
1608,華榮,43,6,37,元富-台南,2024-07-01,5929
5484,慧友,36,0,36,元富-台南,2024-07-01,5929
6126,信音,30,1,29,元富-台南,2024-07-01,5929
1609,大亞,45,17,28,元富-台南,2024-07-01,5929
6207,雷科,31,3,28,元富-台南,2024-07-01,5929
2615,萬海,44,19,25,元富-台南,2024-07-01,5929
4109,加捷生醫,25,0,25,元富-台南,2024-07-01,5929
2374,佳能,24,0,24,元富-台南,2024-07-01,5929
6806,森崴能源,32,8,24,元富-台南,2024-07-01,5929
2897A,王道銀甲特,22,0,22,元富-台南,2024-07-01,5929
00936,台新永續高息中小,21,0,21,元富-台南,2024-07-01,5929
6706,惠特,20,0,20,元富-台南,2024-07-01,5929
00946,群益科技高息成長,19,0,19,元富-台南,2024-07-01,5929
3048,益登,26,7,19,元富-台南,2024-07-01,5929
6189,豐藝,24,7,17,元富-台南,2024-07-01,5929
3481,群創,27,10,17,元富-台南,2024-07-01,5929
6248,沛波,17,0,17,元富-台南,2024-07-01,5929
8096,擎亞,18,2,16,元富-台南,2024-07-01,5929
2330,台積電,18,2,16,元富-台南,2024-07-01,5929
2486,一詮,15,1,14,元富-台南,2024-07-01,5929
00929,復華台灣科技優息,25,11,14,元富-台南,2024-07-01,5929
00933B,國泰10Y+金融債,13,0,13,元富-台南,2024-07-01,5929
2352,佳世達,13,0,13,元富-台南,2024-07-01,5929
3296,勝德,13,0,13,元富-台南,2024-07-01,5929
00679B,元大美債20年,12,0,12,元富-台南,2024-07-01,5929
00948B,中信優息投資級債,11,0,11,元富-台南,2024-07-01,5929
1806,冠軍,10,0,10,元富-台南,2024-07-01,5929
2201,裕隆,10,0,10,元富-台南,2024-07-01,5929
2329,華泰,11,1,10,元富-台南,2024-07-01,5929
2450,神腦,10,0,10,元富-台南,2024-07-01,5929
4545,銘鈺,10,0,10,元富-台南,2024-07-01,5929
6127,九豪,18,8,10,元富-台南,2024-07-01,5929
6188,廣明,12,2,10,元富-台南,2024-07-01,5929
6472,保瑞,11,2,9,元富-台南,2024-07-01,5929
6143,振曜,8,0,8,元富-台南,2024-07-01,5929
2317,鴻海,42,34,8,元富-台南,2024-07-01,5929
4157,太景*-KY,8,0,8,元富-台南,2024-07-01,5929
00934,中信成長高股息,151,0,151,元富-台南,2024-07-02,5929
2888,新光金,151,64,87,元富-台南,2024-07-02,5929
00942B,台新美A公司債20+,77,0,77,元富-台南,2024-07-02,5929
5364,力麗店,70,0,70,元富-台南,2024-07-02,5929
00679B,元大美債20年,64,0,64,元富-台南,2024-07-02,5929
2897A,王道銀甲特,58,0,58,元富-台南,2024-07-02,5929
00927,群益半導體收益,56,0,56,元富-台南,2024-07-02,5929
2349,錸德,86,30,56,元富-台南,2024-07-02,5929
2317,鴻海,56,10,46,元富-台南,2024-07-02,5929
3622,洋華,47,3,44,元富-台南,2024-07-02,5929
2303,聯電,51,10,41,元富-台南,2024-07-02,5929
1504,東元,41,0,41,元富-台南,2024-07-02,5929
00937B,群益ESG投等債20,39,0,39,元富-台南,2024-07-02,5929
00929,復華台灣科技優息,186,151,35,元富-台南,2024-07-02,5929
6443,元晶,90,57,33,元富-台南,2024-07-02,5929
1608,華榮,30,0,30,元富-台南,2024-07-02,5929
00948B,中信優息投資級債,28,0,28,元富-台南,2024-07-02,5929
00680L,元大美債20正2,25,0,25,元富-台南,2024-07-02,5929
2883,凱基金,25,0,25,元富-台南,2024-07-02,5929
6770,力積電,45,20,25,元富-台南,2024-07-02,5929
1609,大亞,32,7,25,元富-台南,2024-07-02,5929
1806,冠軍,22,2,20,元富-台南,2024-07-02,5929
2834,臺企銀,20,0,20,元富-台南,2024-07-02,5929
3062,建漢,22,3,19,元富-台南,2024-07-02,5929
2002,中鋼,20,2,18,元富-台南,2024-07-02,5929
1303,南亞,18,0,18,元富-台南,2024-07-02,5929
2330,台積電,18,1,17,元富-台南,2024-07-02,5929
4720,德淵,20,3,17,元富-台南,2024-07-02,5929
0056,元大高股息,17,0,17,元富-台南,2024-07-02,5929
3711,日月光投控,16,0,16,元富-台南,2024-07-02,5929
2615,萬海,21,7,14,元富-台南,2024-07-02,5929
6806,森崴能源,30,17,13,元富-台南,2024-07-02,5929
00687B,國泰20年美債,12,0,12,元富-台南,2024-07-02,5929
2027,大成鋼,12,0,12,元富-台南,2024-07-02,5929
2374,佳能,12,0,12,元富-台南,2024-07-02,5929
00891,中信關鍵半導體,11,0,11,元富-台南,2024-07-02,5929
1301,台塑,11,0,11,元富-台南,2024-07-02,5929
1316,上曜,11,0,11,元富-台南,2024-07-02,5929
2328,廣宇,11,0,11,元富-台南,2024-07-02,5929
2449,京元電子,12,1,11,元富-台南,2024-07-02,5929
00947,台新臺灣IC設計,10,0,10,元富-台南,2024-07-02,5929
2404,漢唐,10,0,10,元富-台南,2024-07-02,5929
2023,燁輝,10,0,10,元富-台南,2024-07-02,5929
2618,長榮航,17,7,10,元富-台南,2024-07-02,5929
2820,華票,10,0,10,元富-台南,2024-07-02,5929
4545,銘鈺,10,0,10,元富-台南,2024-07-02,5929
3680,家登,10,0,10,元富-台南,2024-07-02,5929
3580,友威科,10,1,9,元富-台南,2024-07-02,5929
00882,中信中國高股息,10,1,9,元富-台南,2024-07-02,5929
6127,九豪,13,4,9,元富-台南,2024-07-02,5929
00688L,國泰20年美債正2,100,0,100,元富-台南,2024-07-03,5929
1808,潤隆,65,0,65,元富-台南,2024-07-03,5929
00929,復華台灣科技優息,74,16,58,元富-台南,2024-07-03,5929
6514,芮特-KY,50,0,50,元富-台南,2024-07-03,5929
6443,元晶,71,22,49,元富-台南,2024-07-03,5929
6806,森崴能源,50,1,49,元富-台南,2024-07-03,5929
3576,聯合再生,55,8,47,元富-台南,2024-07-03,5929
3441,聯一光,40,0,40,元富-台南,2024-07-03,5929
3047,訊舟,127,92,35,元富-台南,2024-07-03,5929
00934,中信成長高股息,35,0,35,元富-台南,2024-07-03,5929
3563,牧德,30,0,30,元富-台南,2024-07-03,5929
1609,大亞,24,0,24,元富-台南,2024-07-03,5929
6207,雷科,27,3,24,元富-台南,2024-07-03,5929
1802,台玻,21,0,21,元富-台南,2024-07-03,5929
5364,力麗店,20,0,20,元富-台南,2024-07-03,5929
6261,久元,20,0,20,元富-台南,2024-07-03,5929
5347,世界,16,0,16,元富-台南,2024-07-03,5929
6706,惠特,16,0,16,元富-台南,2024-07-03,5929
3686,達能,17,2,15,元富-台南,2024-07-03,5929
00936,台新永續高息中小,15,0,15,元富-台南,2024-07-03,5929
6438,迅得,15,0,15,元富-台南,2024-07-03,5929
9103,美德醫療-DR,15,0,15,元富-台南,2024-07-03,5929
3663,鑫科,15,1,14,元富-台南,2024-07-03,5929
2330,台積電,20,7,13,元富-台南,2024-07-03,5929
2489,瑞軒,13,0,13,元富-台南,2024-07-03,5929
8027,鈦昇,14,1,13,元富-台南,2024-07-03,5929
9955,佳龍,13,0,13,元富-台南,2024-07-03,5929
00680L,元大美債20正2,12,0,12,元富-台南,2024-07-03,5929
8076,伍豐,12,0,12,元富-台南,2024-07-03,5929
8016,矽創,12,1,11,元富-台南,2024-07-03,5929
00679B,元大美債20年,11,0,11,元富-台南,2024-07-03,5929
2892,第一金,10,0,10,元富-台南,2024-07-03,5929
00687B,國泰20年美債,10,0,10,元富-台南,2024-07-03,5929
3005,神基,11,1,10,元富-台南,2024-07-03,5929
2492,華新科,11,1,10,元富-台南,2024-07-03,5929
00928,中信上櫃ESG30,10,0,10,元富-台南,2024-07-03,5929
2208,台船,10,0,10,元富-台南,2024-07-03,5929
3294,英濟,10,0,10,元富-台南,2024-07-03,5929
5014,建錩,10,0,10,元富-台南,2024-07-03,5929
6140,訊達,12,2,10,元富-台南,2024-07-03,5929
6284,佳邦,41,31,10,元富-台南,2024-07-03,5929
9946,三發地產,10,0,10,元富-台南,2024-07-03,5929
2317,鴻海,21,12,9,元富-台南,2024-07-03,5929
1536,和大,9,0,9,元富-台南,2024-07-03,5929
3673,TPK-KY,12,3,9,元富-台南,2024-07-03,5929
3481,群創,14,5,9,元富-台南,2024-07-03,5929
2340,台亞,8,0,8,元富-台南,2024-07-03,5929
2406,國碩,28,20,8,元富-台南,2024-07-03,5929
2429,銘旺科,8,0,8,元富-台南,2024-07-03,5929
6187,萬潤,9,1,8,元富-台南,2024-07-03,5929
2610,華航,173,0,173,元富-台南,2024-07-04,5929
2412,中華電,140,0,140,元富-台南,2024-07-04,5929
00632R,元大台灣50反1,100,0,100,元富-台南,2024-07-04,5929
2356,英業達,101,7,94,元富-台南,2024-07-04,5929
00934,中信成長高股息,80,0,80,元富-台南,2024-07-04,5929
3047,訊舟,86,23,63,元富-台南,2024-07-04,5929
2417,圓剛,55,3,52,元富-台南,2024-07-04,5929
2330,台積電,76,31,45,元富-台南,2024-07-04,5929
1808,潤隆,45,0,45,元富-台南,2024-07-04,5929
00937B,群益ESG投等債20,49,5,44,元富-台南,2024-07-04,5929
2609,陽明,54,14,40,元富-台南,2024-07-04,5929
00712,復華富時不動產,40,0,40,元富-台南,2024-07-04,5929
6182,合晶,42,8,34,元富-台南,2024-07-04,5929
2472,立隆電,36,3,33,元富-台南,2024-07-04,5929
8163,達方,31,0,31,元富-台南,2024-07-04,5929
00918,大華優利高填息30,28,1,27,元富-台南,2024-07-04,5929
2883,凱基金,39,14,25,元富-台南,2024-07-04,5929
1513,中興電,62,39,23,元富-台南,2024-07-04,5929
3663,鑫科,24,1,23,元富-台南,2024-07-04,5929
1409,新纖,30,10,20,元富-台南,2024-07-04,5929
1806,冠軍,22,2,20,元富-台南,2024-07-04,5929
2344,華邦電,34,14,20,元富-台南,2024-07-04,5929
2374,佳能,20,0,20,元富-台南,2024-07-04,5929
3167,大量,20,0,20,元富-台南,2024-07-04,5929
2606,裕民,19,1,18,元富-台南,2024-07-04,5929
6143,振曜,20,4,16,元富-台南,2024-07-04,5929
8930,青鋼,16,0,16,元富-台南,2024-07-04,5929
5364,力麗店,15,0,15,元富-台南,2024-07-04,5929
6147,頎邦,15,1,14,元富-台南,2024-07-04,5929
1815,富喬,34,20,14,元富-台南,2024-07-04,5929
3062,建漢,17,5,12,元富-台南,2024-07-04,5929
3202,樺晟,12,0,12,元富-台南,2024-07-04,5929
1504,東元,11,0,11,元富-台南,2024-07-04,5929
6806,森崴能源,19,8,11,元富-台南,2024-07-04,5929
2025,千興,10,0,10,元富-台南,2024-07-04,5929
2106,建大,10,0,10,元富-台南,2024-07-04,5929
2451,創見,10,0,10,元富-台南,2024-07-04,5929
2482,連宇,14,4,10,元富-台南,2024-07-04,5929
2820,華票,10,0,10,元富-台南,2024-07-04,5929
3006,晶豪科,15,5,10,元富-台南,2024-07-04,5929
3021,鴻名,10,0,10,元富-台南,2024-07-04,5929
6187,萬潤,10,0,10,元富-台南,2024-07-04,5929
2618,長榮航,69,59,10,元富-台南,2024-07-04,5929
2889,國票金,10,0,10,元富-台南,2024-07-04,5929
5347,世界,10,1,9,元富-台南,2024-07-04,5929
00687B,國泰20年美債,9,0,9,元富-台南,2024-07-04,5929
1303,南亞,10,1,9,元富-台南,2024-07-04,5929
2481,強茂,13,4,9,元富-台南,2024-07-04,5929
6127,九豪,18,9,9,元富-台南,2024-07-04,5929
1310,台苯,8,0,8,元富-台南,2024-07-04,5929
3708,上緯投控,205,7,198,元富-台南,2024-07-05,5929
2610,華航,148,10,138,元富-台南,2024-07-05,5929
1609,大亞,143,20,123,元富-台南,2024-07-05,5929
00947,台新臺灣IC設計,99,0,99,元富-台南,2024-07-05,5929
4167,松瑞藥,100,5,95,元富-台南,2024-07-05,5929
2025,千興,59,0,59,元富-台南,2024-07-05,5929
00937B,群益ESG投等債20,100,43,57,元富-台南,2024-07-05,5929
00934,中信成長高股息,60,4,56,元富-台南,2024-07-05,5929
2618,長榮航,60,11,49,元富-台南,2024-07-05,5929
3450,聯鈞,50,5,45,元富-台南,2024-07-05,5929
00929,復華台灣科技優息,70,31,39,元富-台南,2024-07-05,5929
2615,萬海,75,36,39,元富-台南,2024-07-05,5929
3048,益登,47,9,38,元富-台南,2024-07-05,5929
00949,復華日本龍頭,30,0,30,元富-台南,2024-07-05,5929
2609,陽明,35,6,29,元富-台南,2024-07-05,5929
4714,永捷,25,0,25,元富-台南,2024-07-05,5929
2367,燿華,33,11,22,元富-台南,2024-07-05,5929
2365,昆盈,39,17,22,元富-台南,2024-07-05,5929
2349,錸德,21,0,21,元富-台南,2024-07-05,5929
3576,聯合再生,23,2,21,元富-台南,2024-07-05,5929
2889,國票金,18,0,18,元富-台南,2024-07-05,5929
6443,元晶,46,29,17,元富-台南,2024-07-05,5929
4908,前鼎,35,19,16,元富-台南,2024-07-05,5929
3296,勝德,15,0,15,元富-台南,2024-07-05,5929
5364,力麗店,15,0,15,元富-台南,2024-07-05,5929
2317,鴻海,21,7,14,元富-台南,2024-07-05,5929
1303,南亞,14,0,14,元富-台南,2024-07-05,5929
00905,FT臺灣Smart,14,0,14,元富-台南,2024-07-05,5929
2606,裕民,14,0,14,元富-台南,2024-07-05,5929
2603,長榮,19,6,13,元富-台南,2024-07-05,5929
6438,迅得,18,5,13,元富-台南,2024-07-05,5929
3002,歐格,12,0,12,元富-台南,2024-07-05,5929
2417,圓剛,21,9,12,元富-台南,2024-07-05,5929
6187,萬潤,15,4,11,元富-台南,2024-07-05,5929
6706,惠特,13,2,11,元富-台南,2024-07-05,5929
2467,志聖,19,9,10,元富-台南,2024-07-05,5929
2482,連宇,12,2,10,元富-台南,2024-07-05,5929
6190,萬泰科,10,0,10,元富-台南,2024-07-05,5929
2428,興勤,9,0,9,元富-台南,2024-07-05,5929
3323,加百裕,10,1,9,元富-台南,2024-07-05,5929
4526,東台,9,0,9,元富-台南,2024-07-05,5929
1102,亞泥,8,0,8,元富-台南,2024-07-05,5929
1336,台翰,8,0,8,元富-台南,2024-07-05,5929
3313,斐成,8,0,8,元富-台南,2024-07-05,5929
3402,漢科,8,0,8,元富-台南,2024-07-05,5929
4545,銘鈺,30,22,8,元富-台南,2024-07-05,5929
6115,鎰勝,8,0,8,元富-台南,2024-07-05,5929
6207,雷科,11,3,8,元富-台南,2024-07-05,5929
6806,森崴能源,12,4,8,元富-台南,2024-07-05,5929
2884,玉山金,10,3,7,元富-台南,2024-07-05,5929
2883,凱基金,205,16,189,元富-台南,2024-07-08,5929
3006,晶豪科,124,11,113,元富-台南,2024-07-08,5929
00929,復華台灣科技優息,144,59,85,元富-台南,2024-07-08,5929
2610,華航,150,72,78,元富-台南,2024-07-08,5929
5009,榮剛,72,0,72,元富-台南,2024-07-08,5929
00934,中信成長高股息,62,0,62,元富-台南,2024-07-08,5929
2618,長榮航,62,3,59,元富-台南,2024-07-08,5929
5364,力麗店,50,0,50,元富-台南,2024-07-08,5929
1536,和大,62,17,45,元富-台南,2024-07-08,5929
1785,光洋科,68,26,42,元富-台南,2024-07-08,5929
2365,昆盈,56,16,40,元富-台南,2024-07-08,5929
2374,佳能,56,20,36,元富-台南,2024-07-08,5929
2354,鴻準,41,6,35,元富-台南,2024-07-08,5929
5324,士開,30,0,30,元富-台南,2024-07-08,5929
4121,優盛,29,0,29,元富-台南,2024-07-08,5929
2417,圓剛,24,0,24,元富-台南,2024-07-08,5929
1409,新纖,32,8,24,元富-台南,2024-07-08,5929
00735,國泰臺韓科技,22,0,22,元富-台南,2024-07-08,5929
2344,華邦電,22,0,22,元富-台南,2024-07-08,5929
4545,銘鈺,23,1,22,元富-台南,2024-07-08,5929
9802,鈺齊-KY,22,0,22,元富-台南,2024-07-08,5929
2301,光寶科,21,0,21,元富-台南,2024-07-08,5929
2471,資通,20,0,20,元富-台南,2024-07-08,5929
2820,華票,20,0,20,元富-台南,2024-07-08,5929
6806,森崴能源,22,2,20,元富-台南,2024-07-08,5929
2867,三商壽,20,2,18,元富-台南,2024-07-08,5929
2888,新光金,18,1,17,元富-台南,2024-07-08,5929
3033,威健,25,8,17,元富-台南,2024-07-08,5929
3048,益登,25,8,17,元富-台南,2024-07-08,5929
2464,盟立,44,28,16,元富-台南,2024-07-08,5929
5512,力麒,16,0,16,元富-台南,2024-07-08,5929
5608,四維航,16,0,16,元富-台南,2024-07-08,5929
6136,富爾特,17,1,16,元富-台南,2024-07-08,5929
6215,和椿,29,13,16,元富-台南,2024-07-08,5929
2427,三商電,33,18,15,元富-台南,2024-07-08,5929
2453,凌群,16,1,15,元富-台南,2024-07-08,5929
2889,國票金,15,0,15,元富-台南,2024-07-08,5929
3490,單井,25,10,15,元富-台南,2024-07-08,5929
6706,惠特,15,0,15,元富-台南,2024-07-08,5929
2486,一詮,25,11,14,元富-台南,2024-07-08,5929
5452,佶優,27,13,14,元富-台南,2024-07-08,5929
9904,寶成,14,0,14,元富-台南,2024-07-08,5929
6213,聯茂,13,0,13,元富-台南,2024-07-08,5929
1711,永光,19,6,13,元富-台南,2024-07-08,5929
9958,世紀鋼,12,0,12,元富-台南,2024-07-08,5929
1101,台泥,20,8,12,元富-台南,2024-07-08,5929
3047,訊舟,26,14,12,元富-台南,2024-07-08,5929
3062,建漢,27,15,12,元富-台南,2024-07-08,5929
4155,訊映,12,0,12,元富-台南,2024-07-08,5929
1337,再生-KY,16,5,11,元富-台南,2024-07-08,5929
2353,宏��,124,1,123,元富-台南,2024-07-09,5929
4960,誠美材,113,4,109,元富-台南,2024-07-09,5929
4121,優盛,104,0,104,元富-台南,2024-07-09,5929
00950B,凱基A級公司債,71,0,71,元富-台南,2024-07-09,5929
2883,凱基金,175,104,71,元富-台南,2024-07-09,5929
9802,鈺齊-KY,68,0,68,元富-台南,2024-07-09,5929
2609,陽明,53,1,52,元富-台南,2024-07-09,5929
5225,東科-KY,43,0,43,元富-台南,2024-07-09,5929
3006,晶豪科,28,1,27,元富-台南,2024-07-09,5929
2388,威盛,36,10,26,元富-台南,2024-07-09,5929
9105,泰金寶-DR,27,2,25,元富-台南,2024-07-09,5929
1440,南紡,22,0,22,元富-台南,2024-07-09,5929
2392,正崴,54,33,21,元富-台南,2024-07-09,5929
00929,復華台灣科技優息,27,7,20,元富-台南,2024-07-09,5929
2610,華航,20,0,20,元富-台南,2024-07-09,5929
1785,光洋科,56,37,19,元富-台南,2024-07-09,5929
2404,漢唐,19,0,19,元富-台南,2024-07-09,5929
2330,台積電,34,15,19,元富-台南,2024-07-09,5929
8930,青鋼,16,0,16,元富-台南,2024-07-09,5929
3167,大量,15,0,15,元富-台南,2024-07-09,5929
6603,富強鑫,37,22,15,元富-台南,2024-07-09,5929
6667,信紘科,15,0,15,元富-台南,2024-07-09,5929
1536,和大,55,40,15,元富-台南,2024-07-09,5929
00712,復華富時不動產,14,0,14,元富-台南,2024-07-09,5929
6213,聯茂,13,0,13,元富-台南,2024-07-09,5929
4995,晶達,19,6,13,元富-台南,2024-07-09,5929
1101,台泥,13,1,12,元富-台南,2024-07-09,5929
2312,金寶,47,35,12,元富-台南,2024-07-09,5929
3673,TPK-KY,17,5,12,元富-台南,2024-07-09,5929
8064,東捷,17,5,12,元富-台南,2024-07-09,5929
6215,和椿,18,6,12,元富-台南,2024-07-09,5929
8105,凌巨,18,6,12,元富-台南,2024-07-09,5929
1528,恩德,12,0,12,元富-台南,2024-07-09,5929
00934,中信成長高股息,11,0,11,元富-台南,2024-07-09,5929
2615,萬海,14,3,11,元富-台南,2024-07-09,5929
2455,全新,12,1,11,元富-台南,2024-07-09,5929
5512,力麒,11,0,11,元富-台南,2024-07-09,5929
6143,振曜,17,6,11,元富-台南,2024-07-09,5929
00933B,國泰10Y+金融債,10,0,10,元富-台南,2024-07-09,5929
00725B,國泰投資級公司債,10,0,10,元富-台南,2024-07-09,5929
1721,三晃,10,0,10,元富-台南,2024-07-09,5929
3014,聯陽,10,0,10,元富-台南,2024-07-09,5929
5014,建錩,10,0,10,元富-台南,2024-07-09,5929
5351,鈺創,10,0,10,元富-台南,2024-07-09,5929
5364,力麗店,10,0,10,元富-台南,2024-07-09,5929
9907,統一實,10,0,10,元富-台南,2024-07-09,5929
4908,前鼎,10,0,10,元富-台南,2024-07-09,5929
2387,精元,10,1,9,元富-台南,2024-07-09,5929
3710,連展投控,23,14,9,元富-台南,2024-07-09,5929
2344,華邦電,9,0,9,元富-台南,2024-07-09,5929
1504,東元,130,0,130,元富-台南,2024-07-10,5929
00929,復華台灣科技優息,138,14,124,元富-台南,2024-07-10,5929
2353,宏��,74,14,60,元富-台南,2024-07-10,5929
2344,華邦電,51,6,45,元富-台南,2024-07-10,5929
2367,燿華,41,4,37,元富-台南,2024-07-10,5929
00632R,元大台灣50反1,35,0,35,元富-台南,2024-07-10,5929
00934,中信成長高股息,24,0,24,元富-台南,2024-07-10,5929
6806,森崴能源,59,36,23,元富-台南,2024-07-10,5929
1336,台翰,21,0,21,元富-台南,2024-07-10,5929
00937B,群益ESG投等債20,25,5,20,元富-台南,2024-07-10,5929
5381,合正,20,0,20,元富-台南,2024-07-10,5929
6126,信音,21,1,20,元富-台南,2024-07-10,5929
1303,南亞,14,0,14,元富-台南,2024-07-10,5929
8271,宇瞻,14,0,14,元富-台南,2024-07-10,5929
00905,FT臺灣Smart,13,0,13,元富-台南,2024-07-10,5929
3303,岱稜,13,0,13,元富-台南,2024-07-10,5929
9904,寶成,13,0,13,元富-台南,2024-07-10,5929
2886,兆豐金,12,0,12,元富-台南,2024-07-10,5929
2421,建準,11,0,11,元富-台南,2024-07-10,5929
2312,金寶,36,25,11,元富-台南,2024-07-10,5929
2453,凌群,11,0,11,元富-台南,2024-07-10,5929
3593,力銘,11,0,11,元富-台南,2024-07-10,5929
00936,台新永續高息中小,10,0,10,元富-台南,2024-07-10,5929
00946,群益科技高息成長,10,0,10,元富-台南,2024-07-10,5929
2449,京元電子,13,3,10,元富-台南,2024-07-10,5929
2481,強茂,10,0,10,元富-台南,2024-07-10,5929
3290,東浦,10,0,10,元富-台南,2024-07-10,5929
5364,力麗店,10,0,10,元富-台南,2024-07-10,5929
5432,新門,10,0,10,元富-台南,2024-07-10,5929
6115,鎰勝,10,0,10,元富-台南,2024-07-10,5929
8088,品安,10,0,10,元富-台南,2024-07-10,5929
2603,長榮,10,0,10,元富-台南,2024-07-10,5929
6770,力積電,31,23,8,元富-台南,2024-07-10,5929
3712,永崴投控,27,19,8,元富-台南,2024-07-10,5929
00679B,元大美債20年,8,0,8,元富-台南,2024-07-10,5929
1474,弘裕,8,0,8,元富-台南,2024-07-10,5929
00713,元大台灣高息低波,8,0,8,元富-台南,2024-07-10,5929
00878,國泰永續高股息,22,15,7,元富-台南,2024-07-10,5929
2002,中鋼,11,4,7,元富-台南,2024-07-10,5929
1231,聯華食,7,0,7,元富-台南,2024-07-10,5929
2820,華票,7,0,7,元富-台南,2024-07-10,5929
4968,立積,8,1,7,元富-台南,2024-07-10,5929
5475,德宏,8,1,7,元富-台南,2024-07-10,5929
1569,濱川,6,0,6,元富-台南,2024-07-10,5929
1909,榮成,6,0,6,元富-台南,2024-07-10,5929
3019,亞光,6,0,6,元富-台南,2024-07-10,5929
3710,連展投控,6,0,6,元富-台南,2024-07-10,5929
6235,華孚,12,6,6,元富-台南,2024-07-10,5929
6477,安集,9,3,6,元富-台南,2024-07-10,5929
3680,家登,7,1,6,元富-台南,2024-07-10,5929
2888,新光金,193,30,163,元富-台南,2024-07-11,5929
5009,榮剛,83,0,83,元富-台南,2024-07-11,5929
3481,群創,76,9,67,元富-台南,2024-07-11,5929
00937B,群益ESG投等債20,64,0,64,元富-台南,2024-07-11,5929
2313,華通,106,56,50,元富-台南,2024-07-11,5929
2836,高雄銀,45,0,45,元富-台南,2024-07-11,5929
4121,優盛,37,2,35,元富-台南,2024-07-11,5929
5225,東科-KY,35,0,35,元富-台南,2024-07-11,5929
3211,順達,31,0,31,元富-台南,2024-07-11,5929
2834,臺企銀,26,0,26,元富-台南,2024-07-11,5929
3576,聯合再生,28,2,26,元富-台南,2024-07-11,5929
2610,華航,168,143,25,元富-台南,2024-07-11,5929
4951,精拓科,23,0,23,元富-台南,2024-07-11,5929
2371,大同,65,43,22,元富-台南,2024-07-11,5929
8358,金居,24,2,22,元富-台南,2024-07-11,5929
1101,台泥,23,2,21,元富-台南,2024-07-11,5929
1504,東元,21,0,21,元富-台南,2024-07-11,5929
3591,艾笛森,20,0,20,元富-台南,2024-07-11,5929
1795,美時,19,0,19,元富-台南,2024-07-11,5929
2356,英業達,58,39,19,元富-台南,2024-07-11,5929
3306,鼎天,19,2,17,元富-台南,2024-07-11,5929
2354,鴻準,32,16,16,元富-台南,2024-07-11,5929
3707,漢磊,20,4,16,元富-台南,2024-07-11,5929
5426,振發,18,2,16,元富-台南,2024-07-11,5929
1609,大亞,25,9,16,元富-台南,2024-07-11,5929
1314,中石化,16,1,15,元富-台南,2024-07-11,5929
4714,永捷,17,2,15,元富-台南,2024-07-11,5929
6263,普萊德,15,0,15,元富-台南,2024-07-11,5929
6901,鑽石投資,15,0,15,元富-台南,2024-07-11,5929
3050,鈺德,17,3,14,元富-台南,2024-07-11,5929
3490,單井,15,1,14,元富-台南,2024-07-11,5929
00936,台新永續高息中小,13,0,13,元富-台南,2024-07-11,5929
5905,南仁湖,13,0,13,元富-台南,2024-07-11,5929
8046,南電,16,3,13,元富-台南,2024-07-11,5929
2464,盟立,35,24,11,元富-台南,2024-07-11,5929
006208,富邦台50,10,0,10,元富-台南,2024-07-11,5929
2355,敬鵬,10,0,10,元富-台南,2024-07-11,5929
2392,正崴,22,12,10,元富-台南,2024-07-11,5929
00632R,元大台灣50反1,10,0,10,元富-台南,2024-07-11,5929
1618,合機,10,0,10,元富-台南,2024-07-11,5929
1714,和桐,10,0,10,元富-台南,2024-07-11,5929
1802,台玻,10,0,10,元富-台南,2024-07-11,5929
2031,新光鋼,10,0,10,元富-台南,2024-07-11,5929
2208,台船,10,0,10,元富-台南,2024-07-11,5929
6179,亞通,10,0,10,元富-台南,2024-07-11,5929
9910,豐泰,10,0,10,元富-台南,2024-07-11,5929
1785,光洋科,46,37,9,元富-台南,2024-07-11,5929
8064,東捷,12,3,9,元富-台南,2024-07-11,5929
6117,迎廣,12,3,9,元富-台南,2024-07-11,5929
2633,台灣高鐵,10,1,9,元富-台南,2024-07-11,5929
2515,中工,201,6,195,元富-台南,2024-07-12,5929
2610,華航,131,14,117,元富-台南,2024-07-12,5929
00929,復華台灣科技優息,89,2,87,元富-台南,2024-07-12,5929
00927,群益半導體收益,84,3,81,元富-台南,2024-07-12,5929
00934,中信成長高股息,79,0,79,元富-台南,2024-07-12,5929
00680L,元大美債20正2,80,10,70,元富-台南,2024-07-12,5929
2312,金寶,134,64,70,元富-台南,2024-07-12,5929
2317,鴻海,62,8,54,元富-台南,2024-07-12,5929
2618,長榮航,54,1,53,元富-台南,2024-07-12,5929
5009,榮剛,50,0,50,元富-台南,2024-07-12,5929
4532,瑞智,42,0,42,元富-台南,2024-07-12,5929
4960,誠美材,75,35,40,元富-台南,2024-07-12,5929
00665L,富邦�琤肭磪囓�2,30,0,30,元富-台南,2024-07-12,5929
1104,環泥,30,0,30,元富-台南,2024-07-12,5929
2883,凱基金,133,103,30,元富-台南,2024-07-12,5929
2404,漢唐,29,0,29,元富-台南,2024-07-12,5929
00919,群益台灣精選高息,57,30,27,元富-台南,2024-07-12,5929
00946,群益科技高息成長,23,0,23,元富-台南,2024-07-12,5929
4951,精拓科,22,0,22,元富-台南,2024-07-12,5929
00936,台新永續高息中小,20,0,20,元富-台南,2024-07-12,5929
2109,華豐,20,0,20,元富-台南,2024-07-12,5929
2838,聯邦銀,20,0,20,元富-台南,2024-07-12,5929
3490,單井,25,6,19,元富-台南,2024-07-12,5929
00891,中信關鍵半導體,19,1,18,元富-台南,2024-07-12,5929
2891,中信金,33,16,17,元富-台南,2024-07-12,5929
0056,元大高股息,26,10,16,元富-台南,2024-07-12,5929
00942B,台新美A公司債20+,18,2,16,元富-台南,2024-07-12,5929
9927,泰銘,16,0,16,元富-台南,2024-07-12,5929
00881,國泰台灣5G+,15,0,15,元富-台南,2024-07-12,5929
2408,南亞科,15,0,15,元富-台南,2024-07-12,5929
3437,榮創,15,0,15,元富-台南,2024-07-12,5929
1316,上曜,44,30,14,元富-台南,2024-07-12,5929
3593,力銘,15,1,14,元富-台南,2024-07-12,5929
6667,信紘科,13,0,13,元富-台南,2024-07-12,5929
2609,陽明,16,3,13,元富-台南,2024-07-12,5929
6274,台燿,12,0,12,元富-台南,2024-07-12,5929
00935,野村臺灣新科技50,12,0,12,元富-台南,2024-07-12,5929
6257,矽格,12,0,12,元富-台南,2024-07-12,5929
3312,弘憶股,12,0,12,元富-台南,2024-07-12,5929
3707,漢磊,15,3,12,元富-台南,2024-07-12,5929
3708,上緯投控,12,1,11,元富-台南,2024-07-12,5929
5225,東科-KY,11,0,11,元富-台南,2024-07-12,5929
3711,日月光投控,10,0,10,元富-台南,2024-07-12,5929
1785,光洋科,23,13,10,元富-台南,2024-07-12,5929
3047,訊舟,10,0,10,元富-台南,2024-07-12,5929
00679B,元大美債20年,10,0,10,元富-台南,2024-07-12,5929
1303,南亞,11,1,10,元富-台南,2024-07-12,5929
2427,三商電,10,0,10,元富-台南,2024-07-12,5929
3167,大量,10,0,10,元富-台南,2024-07-12,5929
2353,宏��,25,15,10,元富-台南,2024-07-12,5929
2610,華航,789,150,639,元富-台南,2024-07-15,5929
00882,中信中國高股息,170,2,168,元富-台南,2024-07-15,5929
5009,榮剛,150,1,149,元富-台南,2024-07-15,5929
00680L,元大美債20正2,141,0,141,元富-台南,2024-07-15,5929
2891,中信金,112,11,101,元富-台南,2024-07-15,5929
2883,凱基金,123,30,93,元富-台南,2024-07-15,5929
2888,新光金,97,7,90,元富-台南,2024-07-15,5929
2618,長榮航,70,0,70,元富-台南,2024-07-15,5929
4960,誠美材,100,31,69,元富-台南,2024-07-15,5929
00940,元大台灣價值高息,96,50,46,元富-台南,2024-07-15,5929
2367,燿華,52,6,46,元富-台南,2024-07-15,5929
00934,中信成長高股息,42,0,42,元富-台南,2024-07-15,5929
2363,矽統,41,1,40,元富-台南,2024-07-15,5929
6290,良維,42,4,38,元富-台南,2024-07-15,5929
9955,佳龍,36,0,36,元富-台南,2024-07-15,5929
2542,興富發,55,23,32,元富-台南,2024-07-15,5929
2885,元大金,30,0,30,元富-台南,2024-07-15,5929
2344,華邦電,32,3,29,元富-台南,2024-07-15,5929
4532,瑞智,27,0,27,元富-台南,2024-07-15,5929
2915,潤泰全,25,0,25,元富-台南,2024-07-15,5929
6179,亞通,27,2,25,元富-台南,2024-07-15,5929
6901,鑽石投資,25,0,25,元富-台南,2024-07-15,5929
00725B,國泰投資級公司債,23,0,23,元富-台南,2024-07-15,5929
00949,復華日本龍頭,22,0,22,元富-台南,2024-07-15,5929
1608,華榮,27,6,21,元富-台南,2024-07-15,5929
5225,東科-KY,21,1,20,元富-台南,2024-07-15,5929
9946,三發地產,20,0,20,元富-台南,2024-07-15,5929
00929,復華台灣科技優息,60,42,18,元富-台南,2024-07-15,5929
2368,金像電,20,3,17,元富-台南,2024-07-15,5929
00919,群益台灣精選高息,18,2,16,元富-台南,2024-07-15,5929
6275,元山,15,0,15,元富-台南,2024-07-15,5929
2489,瑞軒,57,42,15,元富-台南,2024-07-15,5929
2345,智邦,14,0,14,元富-台南,2024-07-15,5929
2353,宏��,17,3,14,元富-台南,2024-07-15,5929
1597,直得,21,8,13,元富-台南,2024-07-15,5929
0056,元大高股息,13,0,13,元富-台南,2024-07-15,5929
5880,合庫金,13,0,13,元富-台南,2024-07-15,5929
2365,昆盈,22,10,12,元富-台南,2024-07-15,5929
00942B,台新美A公司債20+,13,1,12,元富-台南,2024-07-15,5929
3189,景碩,15,3,12,元富-台南,2024-07-15,5929
3363,上詮,12,1,11,元富-台南,2024-07-15,5929
2371,大同,11,0,11,元富-台南,2024-07-15,5929
6245,立端,10,0,10,元富-台南,2024-07-15,5929
1721,三晃,55,45,10,元富-台南,2024-07-15,5929
00673R,期元大S＆P原油反1,10,0,10,元富-台南,2024-07-15,5929
00665L,富邦�琤肭磪囓�2,10,0,10,元富-台南,2024-07-15,5929
6261,久元,10,0,10,元富-台南,2024-07-15,5929
2801,彰銀,10,0,10,元富-台南,2024-07-15,5929
3712,永崴投控,16,7,9,元富-台南,2024-07-15,5929
2615,萬海,70,61,9,元富-台南,2024-07-15,5929
1513,中興電,137,6,131,元富-台南,2024-07-16,5929
00937B,群益ESG投等債20,96,25,71,元富-台南,2024-07-16,5929
2610,華航,79,9,70,元富-台南,2024-07-16,5929
00942B,台新美A公司債20+,65,0,65,元富-台南,2024-07-16,5929
1503,士電,66,3,63,元富-台南,2024-07-16,5929
3706,神達,72,17,55,元富-台南,2024-07-16,5929
3481,群創,55,2,53,元富-台南,2024-07-16,5929
2313,華通,54,1,53,元富-台南,2024-07-16,5929
2888,新光金,90,41,49,元富-台南,2024-07-16,5929
00940,元大台灣價值高息,73,27,46,元富-台南,2024-07-16,5929
5009,榮剛,45,2,43,元富-台南,2024-07-16,5929
2317,鴻海,54,13,41,元富-台南,2024-07-16,5929
4532,瑞智,41,0,41,元富-台南,2024-07-16,5929
3441,聯一光,60,20,40,元富-台南,2024-07-16,5929
4958,臻鼎-KY,40,2,38,元富-台南,2024-07-16,5929
00919,群益台灣精選高息,34,0,34,元富-台南,2024-07-16,5929
5225,東科-KY,33,1,32,元富-台南,2024-07-16,5929
00680L,元大美債20正2,250,220,30,元富-台南,2024-07-16,5929
2867,三商壽,29,1,28,元富-台南,2024-07-16,5929
2356,英業達,29,1,28,元富-台南,2024-07-16,5929
4121,優盛,22,0,22,元富-台南,2024-07-16,5929
00929,復華台灣科技優息,28,8,20,元富-台南,2024-07-16,5929
2601,益航,20,0,20,元富-台南,2024-07-16,5929
4566,時碩工業,32,13,19,元富-台南,2024-07-16,5929
1101,台泥,20,1,19,元富-台南,2024-07-16,5929
1609,大亞,33,14,19,元富-台南,2024-07-16,5929
0056,元大高股息,19,0,19,元富-台南,2024-07-16,5929
00949,復華日本龍頭,17,0,17,元富-台南,2024-07-16,5929
6182,合晶,17,0,17,元富-台南,2024-07-16,5929
3338,泰碩,17,2,15,元富-台南,2024-07-16,5929
00945B,凱基美國非投等債,15,0,15,元富-台南,2024-07-16,5929
2633,台灣高鐵,15,0,15,元富-台南,2024-07-16,5929
8383,千附,15,0,15,元富-台南,2024-07-16,5929
2891,中信金,15,0,15,元富-台南,2024-07-16,5929
2401,凌陽,23,9,14,元富-台南,2024-07-16,5929
3312,弘憶股,13,0,13,元富-台南,2024-07-16,5929
4109,加捷生醫,13,0,13,元富-台南,2024-07-16,5929
8105,凌巨,25,12,13,元富-台南,2024-07-16,5929
9105,泰金寶-DR,17,4,13,元富-台南,2024-07-16,5929
2528,皇普,14,2,12,元富-台南,2024-07-16,5929
00905,FT臺灣Smart,16,5,11,元富-台南,2024-07-16,5929
6438,迅得,11,0,11,元富-台南,2024-07-16,5929
2812,台中銀,10,0,10,元富-台南,2024-07-16,5929
8076,伍豐,10,0,10,元富-台南,2024-07-16,5929
6770,力積電,10,0,10,元富-台南,2024-07-16,5929
00637L,元大滬深300正2,10,0,10,元富-台南,2024-07-16,5929
00665L,富邦�琤肭磪囓�2,10,0,10,元富-台南,2024-07-16,5929
1326,台化,10,0,10,元富-台南,2024-07-16,5929
1444,力麗,10,0,10,元富-台南,2024-07-16,5929
1464,得力,10,0,10,元富-台南,2024-07-16,5929
00680L,元大美債20正2,400,24,376,元富-台南,2024-07-17,5929
2515,中工,217,0,217,元富-台南,2024-07-17,5929
3294,英濟,135,0,135,元富-台南,2024-07-17,5929
00937B,群益ESG投等債20,109,3,106,元富-台南,2024-07-17,5929
00929,復華台灣科技優息,102,0,102,元富-台南,2024-07-17,5929
2312,金寶,107,12,95,元富-台南,2024-07-17,5929
00942B,台新美A公司債20+,70,1,69,元富-台南,2024-07-17,5929
1609,大亞,185,123,62,元富-台南,2024-07-17,5929
5469,瀚宇博,60,0,60,元富-台南,2024-07-17,5929
2883,凱基金,120,63,57,元富-台南,2024-07-17,5929
9914,美利達,30,0,30,元富-台南,2024-07-17,5929
3231,緯創,29,2,27,元富-台南,2024-07-17,5929
3047,訊舟,27,0,27,元富-台南,2024-07-17,5929
1584,精剛,25,0,25,元富-台南,2024-07-17,5929
2537,聯上發,36,12,24,元富-台南,2024-07-17,5929
2867,三商壽,36,13,23,元富-台南,2024-07-17,5929
5521,工信,23,0,23,元富-台南,2024-07-17,5929
6284,佳邦,23,0,23,元富-台南,2024-07-17,5929
4532,瑞智,22,0,22,元富-台南,2024-07-17,5929
2330,台積電,36,15,21,元富-台南,2024-07-17,5929
00919,群益台灣精選高息,22,1,21,元富-台南,2024-07-17,5929
1618,合機,20,0,20,元富-台南,2024-07-17,5929
00905,FT臺灣Smart,19,0,19,元富-台南,2024-07-17,5929
0056,元大高股息,17,0,17,元富-台南,2024-07-17,5929
00697B,元大美債7-10,15,0,15,元富-台南,2024-07-17,5929
1464,得力,15,0,15,元富-台南,2024-07-17,5929
8936,國統,22,7,15,元富-台南,2024-07-17,5929
2408,南亞科,16,2,14,元富-台南,2024-07-17,5929
3022,威強電,13,0,13,元富-台南,2024-07-17,5929
8105,凌巨,20,7,13,元富-台南,2024-07-17,5929
2376,技嘉,16,4,12,元富-台南,2024-07-17,5929
2548,華固,12,0,12,元富-台南,2024-07-17,5929
3338,泰碩,12,0,12,元富-台南,2024-07-17,5929
2449,京元電子,10,0,10,元富-台南,2024-07-17,5929
2344,華邦電,11,1,10,元富-台南,2024-07-17,5929
2354,鴻準,13,3,10,元富-台南,2024-07-17,5929
3049,精金,10,0,10,元富-台南,2024-07-17,5929
8938,明安,10,0,10,元富-台南,2024-07-17,5929
2317,鴻海,13,4,9,元富-台南,2024-07-17,5929
2382,廣達,11,2,9,元富-台南,2024-07-17,5929
00927,群益半導體收益,11,2,9,元富-台南,2024-07-17,5929
1806,冠軍,9,0,9,元富-台南,2024-07-17,5929
2402,毅嘉,34,25,9,元富-台南,2024-07-17,5929
2615,萬海,11,2,9,元富-台南,2024-07-17,5929
2301,光寶科,8,0,8,元富-台南,2024-07-17,5929
1409,新纖,20,12,8,元富-台南,2024-07-17,5929
1701,中化,8,0,8,元富-台南,2024-07-17,5929
1721,三晃,51,43,8,元富-台南,2024-07-17,5929
2834,臺企銀,8,0,8,元富-台南,2024-07-17,5929
4956,光鋐,8,0,8,元富-台南,2024-07-17,5929
2888,新光金,66,4,62,元富-台南,2024-07-18,5929
3481,群創,171,120,51,元富-台南,2024-07-18,5929
2101,南港,50,0,50,元富-台南,2024-07-18,5929
00929,復華台灣科技優息,80,31,49,元富-台南,2024-07-18,5929
2317,鴻海,109,63,46,元富-台南,2024-07-18,5929
00632R,元大台灣50反1,45,0,45,元富-台南,2024-07-18,5929
2891,中信金,44,0,44,元富-台南,2024-07-18,5929
00927,群益半導體收益,49,13,36,元富-台南,2024-07-18,5929
6806,森崴能源,36,2,34,元富-台南,2024-07-18,5929
3706,神達,35,1,34,元富-台南,2024-07-18,5929
2356,英業達,36,3,33,元富-台南,2024-07-18,5929
2367,燿華,37,4,33,元富-台南,2024-07-18,5929
2330,台積電,36,3,33,元富-台南,2024-07-18,5929
00878,國泰永續高股息,31,0,31,元富-台南,2024-07-18,5929
2353,宏��,54,24,30,元富-台南,2024-07-18,5929
8105,凌巨,34,7,27,元富-台南,2024-07-18,5929
1504,東元,25,0,25,元富-台南,2024-07-18,5929
2303,聯電,23,0,23,元富-台南,2024-07-18,5929
6290,良維,23,1,22,元富-台南,2024-07-18,5929
2603,長榮,38,16,22,元富-台南,2024-07-18,5929
0056,元大高股息,23,1,22,元富-台南,2024-07-18,5929
2007,燁興,20,0,20,元富-台南,2024-07-18,5929
2331,精英,20,0,20,元富-台南,2024-07-18,5929
3490,單井,20,0,20,元富-台南,2024-07-18,5929
5225,東科-KY,20,0,20,元富-台南,2024-07-18,5929
1618,合機,19,0,19,元富-台南,2024-07-18,5929
2344,華邦電,39,20,19,元富-台南,2024-07-18,5929
00919,群益台灣精選高息,59,40,19,元富-台南,2024-07-18,5929
00905,FT臺灣Smart,18,0,18,元富-台南,2024-07-18,5929
3712,永崴投控,16,0,16,元富-台南,2024-07-18,5929
6692,進能服,15,0,15,元富-台南,2024-07-18,5929
00936,台新永續高息中小,15,0,15,元富-台南,2024-07-18,5929
1316,上曜,27,14,13,元富-台南,2024-07-18,5929
2365,昆盈,27,14,13,元富-台南,2024-07-18,5929
6155,鈞寶,13,0,13,元富-台南,2024-07-18,5929
3231,緯創,14,1,13,元富-台南,2024-07-18,5929
1402,遠東新,12,0,12,元富-台南,2024-07-18,5929
00949,復華日本龍頭,12,0,12,元富-台南,2024-07-18,5929
2515,中工,12,0,12,元富-台南,2024-07-18,5929
2610,華航,13,1,12,元富-台南,2024-07-18,5929
3037,欣興,19,8,11,元富-台南,2024-07-18,5929
2634,漢翔,27,16,11,元富-台南,2024-07-18,5929
8011,台通,18,7,11,元富-台南,2024-07-18,5929
00931B,統一美債20年,10,0,10,元富-台南,2024-07-18,5929
1409,新纖,10,0,10,元富-台南,2024-07-18,5929
2323,中環,10,0,10,元富-台南,2024-07-18,5929
2537,聯上發,10,0,10,元富-台南,2024-07-18,5929
2606,裕民,10,0,10,元富-台南,2024-07-18,5929
5284,jpp-KY,10,0,10,元富-台南,2024-07-18,5929
5432,新門,10,0,10,元富-台南,2024-07-18,5929
2888,新光金,329,10,319,元富-台南,2024-07-19,5929
2883,凱基金,249,11,238,元富-台南,2024-07-19,5929
00680L,元大美債20正2,120,0,120,元富-台南,2024-07-19,5929
4916,事欣科,81,6,75,元富-台南,2024-07-19,5929
00929,復華台灣科技優息,72,2,70,元富-台南,2024-07-19,5929
2867,三商壽,74,8,66,元富-台南,2024-07-19,5929
2515,中工,51,0,51,元富-台南,2024-07-19,5929
00927,群益半導體收益,47,0,47,元富-台南,2024-07-19,5929
5225,東科-KY,40,0,40,元富-台南,2024-07-19,5929
00713,元大台灣高息低波,43,4,39,元富-台南,2024-07-19,5929
6806,森崴能源,74,36,38,元富-台南,2024-07-19,5929
00919,群益台灣精選高息,42,8,34,元富-台南,2024-07-19,5929
00936,台新永續高息中小,31,0,31,元富-台南,2024-07-19,5929
0056,元大高股息,30,0,30,元富-台南,2024-07-19,5929
00753L,中信中國50正2,30,0,30,元富-台南,2024-07-19,5929
4532,瑞智,30,0,30,元富-台南,2024-07-19,5929
6005,群益證,30,0,30,元富-台南,2024-07-19,5929
00934,中信成長高股息,33,5,28,元富-台南,2024-07-19,5929
9802,鈺齊-KY,25,0,25,元富-台南,2024-07-19,5929
9105,泰金寶-DR,24,2,22,元富-台南,2024-07-19,5929
00933B,國泰10Y+金融債,20,0,20,元富-台南,2024-07-19,5929
5432,新門,20,0,20,元富-台南,2024-07-19,5929
00878,國泰永續高股息,24,5,19,元富-台南,2024-07-19,5929
00939,統一台灣高息動能,19,0,19,元富-台南,2024-07-19,5929
2344,華邦電,23,6,17,元富-台南,2024-07-19,5929
1101,台泥,20,4,16,元富-台南,2024-07-19,5929
1314,中石化,17,1,16,元富-台南,2024-07-19,5929
2489,瑞軒,16,1,15,元富-台南,2024-07-19,5929
2537,聯上發,17,3,14,元富-台南,2024-07-19,5929
8105,凌巨,21,7,14,元富-台南,2024-07-19,5929
2610,華航,13,0,13,元富-台南,2024-07-19,5929
2408,南亞科,13,0,13,元富-台南,2024-07-19,5929
8222,寶一,13,0,13,元富-台南,2024-07-19,5929
2474,可成,16,3,13,元富-台南,2024-07-19,5929
2371,大同,23,11,12,元富-台南,2024-07-19,5929
2897,王道銀行,12,0,12,元富-台南,2024-07-19,5929
3607,谷崧,12,0,12,元富-台南,2024-07-19,5929
6147,頎邦,11,0,11,元富-台南,2024-07-19,5929
3189,景碩,11,0,11,元富-台南,2024-07-19,5929
3037,欣興,17,6,11,元富-台南,2024-07-19,5929
2885,元大金,11,0,11,元富-台南,2024-07-19,5929
2376,技嘉,13,3,10,元富-台南,2024-07-19,5929
00945B,凱基美國非投等債,10,0,10,元富-台南,2024-07-19,5929
1326,台化,10,0,10,元富-台南,2024-07-19,5929
1516,川飛,10,0,10,元富-台南,2024-07-19,5929
1714,和桐,10,0,10,元富-台南,2024-07-19,5929
1721,三晃,70,60,10,元富-台南,2024-07-19,5929
1909,榮成,10,0,10,元富-台南,2024-07-19,5929
2331,精英,10,0,10,元富-台南,2024-07-19,5929
2401,凌陽,10,0,10,元富-台南,2024-07-19,5929
00632R,元大台灣50反1,200,5,195,元富-台南,2024-07-22,5929
5009,榮剛,173,0,173,元富-台南,2024-07-22,5929
3481,群創,229,78,151,元富-台南,2024-07-22,5929
00929,復華台灣科技優息,102,3,99,元富-台南,2024-07-22,5929
5512,力麒,89,2,87,元富-台南,2024-07-22,5929
2883,凱基金,114,31,83,元富-台南,2024-07-22,5929
5011,久陽,80,0,80,元富-台南,2024-07-22,5929
00934,中信成長高股息,66,0,66,元富-台南,2024-07-22,5929
00688L,國泰20年美債正2,50,0,50,元富-台南,2024-07-22,5929
2303,聯電,53,10,43,元富-台南,2024-07-22,5929
8473,山林水,44,2,42,元富-台南,2024-07-22,5929
2888,新光金,52,13,39,元富-台南,2024-07-22,5929
00946,群益科技高息成長,34,0,34,元富-台南,2024-07-22,5929
1609,大亞,57,27,30,元富-台南,2024-07-22,5929
6248,沛波,28,0,28,元富-台南,2024-07-22,5929
6806,森崴能源,65,37,28,元富-台南,2024-07-22,5929
3706,神達,30,3,27,元富-台南,2024-07-22,5929
5225,東科-KY,26,0,26,元富-台南,2024-07-22,5929
1808,潤隆,25,0,25,元富-台南,2024-07-22,5929
2897,王道銀行,25,0,25,元富-台南,2024-07-22,5929
00939,統一台灣高息動能,23,0,23,元富-台南,2024-07-22,5929
2867,三商壽,22,0,22,元富-台南,2024-07-22,5929
2330,台積電,56,35,21,元富-台南,2024-07-22,5929
2344,華邦電,31,10,21,元富-台南,2024-07-22,5929
6147,頎邦,21,0,21,元富-台南,2024-07-22,5929
2453,凌群,20,0,20,元富-台南,2024-07-22,5929
1314,中石化,19,0,19,元富-台南,2024-07-22,5929
2834,臺企銀,18,1,17,元富-台南,2024-07-22,5929
2103,台橡,17,0,17,元富-台南,2024-07-22,5929
00940,元大台灣價值高息,80,64,16,元富-台南,2024-07-22,5929
0056,元大高股息,18,4,14,元富-台南,2024-07-22,5929
4743,合一,34,20,14,元富-台南,2024-07-22,5929
2891,中信金,45,32,13,元富-台南,2024-07-22,5929
4303,信立,13,0,13,元富-台南,2024-07-22,5929
00918,大華優利高填息30,13,0,13,元富-台南,2024-07-22,5929
3231,緯創,14,1,13,元富-台南,2024-07-22,5929
6929,佑全,12,0,12,元富-台南,2024-07-22,5929
2359,所羅門,19,8,11,元富-台南,2024-07-22,5929
00927,群益半導體收益,11,0,11,元富-台南,2024-07-22,5929
2356,英業達,15,4,11,元富-台南,2024-07-22,5929
6667,信紘科,10,0,10,元富-台南,2024-07-22,5929
1464,得力,10,0,10,元富-台南,2024-07-22,5929
2399,映泰,12,2,10,元富-台南,2024-07-22,5929
2614,東森,10,0,10,元富-台南,2024-07-22,5929
2820,華票,10,0,10,元富-台南,2024-07-22,5929
3234,光環,10,0,10,元富-台南,2024-07-22,5929
3419,譁裕,10,0,10,元富-台南,2024-07-22,5929
4162,智擎,10,0,10,元富-台南,2024-07-22,5929
6640,均華,10,0,10,元富-台南,2024-07-22,5929
6692,進能服,10,0,10,元富-台南,2024-07-22,5929
00929,復華台灣科技優息,106,5,101,元富-台南,2024-07-23,5929
00937B,群益ESG投等債20,71,0,71,元富-台南,2024-07-23,5929
00891,中信關鍵半導體,54,1,53,元富-台南,2024-07-23,5929
6806,森崴能源,68,19,49,元富-台南,2024-07-23,5929
2812,台中銀,48,0,48,元富-台南,2024-07-23,5929
00940,元大台灣價值高息,60,13,47,元富-台南,2024-07-23,5929
3481,群創,92,57,35,元富-台南,2024-07-23,5929
1609,大亞,44,13,31,元富-台南,2024-07-23,5929
1605,華新,30,1,29,元富-台南,2024-07-23,5929
00919,群益台灣精選高息,30,1,29,元富-台南,2024-07-23,5929
2365,昆盈,126,101,25,元富-台南,2024-07-23,5929
5432,新門,20,0,20,元富-台南,2024-07-23,5929
1440,南紡,20,0,20,元富-台南,2024-07-23,5929
4958,臻鼎-KY,20,0,20,元富-台南,2024-07-23,5929
4532,瑞智,18,0,18,元富-台南,2024-07-23,5929
3290,東浦,17,0,17,元富-台南,2024-07-23,5929
3313,斐成,17,0,17,元富-台南,2024-07-23,5929
00946,群益科技高息成長,16,0,16,元富-台南,2024-07-23,5929
00646,元大S＆P500,13,0,13,元富-台南,2024-07-23,5929
2317,鴻海,36,25,11,元富-台南,2024-07-23,5929
00687B,國泰20年美債,10,0,10,元富-台南,2024-07-23,5929
00680L,元大美債20正2,10,0,10,元富-台南,2024-07-23,5929
2029,盛餘,10,0,10,元富-台南,2024-07-23,5929
2377,微星,10,0,10,元富-台南,2024-07-23,5929
3265,台星科,10,0,10,元富-台南,2024-07-23,5929
5905,南仁湖,10,0,10,元富-台南,2024-07-23,5929
0056,元大高股息,10,1,9,元富-台南,2024-07-23,5929
3264,欣銓,9,0,9,元富-台南,2024-07-23,5929
6578,達邦蛋白,10,1,9,元富-台南,2024-07-23,5929
8478,東哥遊艇,9,0,9,元富-台南,2024-07-23,5929
3402,漢科,9,1,8,元富-台南,2024-07-23,5929
3710,連展投控,10,2,8,元富-台南,2024-07-23,5929
2204,中華,7,0,7,元富-台南,2024-07-23,5929
2867,三商壽,7,0,7,元富-台南,2024-07-23,5929
4903,聯光通,7,0,7,元富-台南,2024-07-23,5929
6147,頎邦,7,0,7,元富-台南,2024-07-23,5929
6187,萬潤,7,0,7,元富-台南,2024-07-23,5929
1216,統一,7,0,7,元富-台南,2024-07-23,5929
2312,金寶,8,2,6,元富-台南,2024-07-23,5929
00878,國泰永續高股息,6,0,6,元富-台南,2024-07-23,5929
2408,南亞科,7,1,6,元富-台南,2024-07-23,5929
3231,緯創,10,4,6,元富-台南,2024-07-23,5929
8374,羅昇,6,1,5,元富-台南,2024-07-23,5929
1536,和大,5,0,5,元富-台南,2024-07-23,5929
2409,友達,5,0,5,元富-台南,2024-07-23,5929
2419,仲琦,5,0,5,元富-台南,2024-07-23,5929
3163,波若威,6,1,5,元富-台南,2024-07-23,5929
912000,晨訊科-DR,5,0,5,元富-台南,2024-07-23,5929
9907,統一實,5,0,5,元富-台南,2024-07-23,5929
00679B,元大美債20年,4,0,4,元富-台南,2024-07-23,5929
00929,復華台灣科技優息,187,7,180,元富-台南,2024-07-26,5929
1314,中石化,167,0,167,元富-台南,2024-07-26,5929
2884,玉山金,170,4,166,元富-台南,2024-07-26,5929
00937B,群益ESG投等債20,156,8,148,元富-台南,2024-07-26,5929
2897,王道銀行,100,0,100,元富-台南,2024-07-26,5929
00948B,中信優息投資級債,80,0,80,元富-台南,2024-07-26,5929
00946,群益科技高息成長,59,0,59,元富-台南,2024-07-26,5929
4157,太景*-KY,57,0,57,元富-台南,2024-07-26,5929
2609,陽明,56,0,56,元富-台南,2024-07-26,5929
00947,台新臺灣IC設計,52,0,52,元富-台南,2024-07-26,5929
00878,國泰永續高股息,55,5,50,元富-台南,2024-07-26,5929
2330,台積電,96,47,49,元富-台南,2024-07-26,5929
2303,聯電,41,1,40,元富-台南,2024-07-26,5929
0056,元大高股息,42,2,40,元富-台南,2024-07-26,5929
00949,復華日本龍頭,36,1,35,元富-台南,2024-07-26,5929
2317,鴻海,50,20,30,元富-台南,2024-07-26,5929
2836,高雄銀,30,0,30,元富-台南,2024-07-26,5929
00919,群益台灣精選高息,30,1,29,元富-台南,2024-07-26,5929
00951,台新日本半導體,32,6,26,元富-台南,2024-07-26,5929
00940,元大台灣價值高息,52,27,25,元富-台南,2024-07-26,5929
8091,翔名,23,0,23,元富-台南,2024-07-26,5929
2888,新光金,79,56,23,元富-台南,2024-07-26,5929
00712,復華富時不動產,22,0,22,元富-台南,2024-07-26,5929
1512,瑞利,20,0,20,元富-台南,2024-07-26,5929
2344,華邦電,23,3,20,元富-台南,2024-07-26,5929
5225,東科-KY,20,0,20,元富-台南,2024-07-26,5929
4915,致伸,18,0,18,元富-台南,2024-07-26,5929
2382,廣達,20,2,18,元富-台南,2024-07-26,5929
00933B,國泰10Y+金融債,103,86,17,元富-台南,2024-07-26,5929
00927,群益半導體收益,16,0,16,元富-台南,2024-07-26,5929
2103,台橡,15,0,15,元富-台南,2024-07-26,5929
3062,建漢,15,0,15,元富-台南,2024-07-26,5929
1789,神隆,14,0,14,元富-台南,2024-07-26,5929
2002,中鋼,16,3,13,元富-台南,2024-07-26,5929
5011,久陽,13,0,13,元富-台南,2024-07-26,5929
6806,森崴能源,39,26,13,元富-台南,2024-07-26,5929
00687B,國泰20年美債,12,0,12,元富-台南,2024-07-26,5929
8926,台汽電,15,3,12,元富-台南,2024-07-26,5929
8935,邦泰,12,0,12,元富-台南,2024-07-26,5929
8054,安國,17,5,12,元富-台南,2024-07-26,5929
3706,神達,11,0,11,元富-台南,2024-07-26,5929
00939,統一台灣高息動能,11,0,11,元富-台南,2024-07-26,5929
1102,亞泥,11,0,11,元富-台南,2024-07-26,5929
2537,聯上發,11,0,11,元富-台南,2024-07-26,5929
00751B,元大AAA至A公司債,11,0,11,元富-台南,2024-07-26,5929
00941,中信上游半導體,11,0,11,元富-台南,2024-07-26,5929
2834,臺企銀,11,1,10,元富-台南,2024-07-26,5929
00675L,富邦臺灣加權正2,10,0,10,元富-台南,2024-07-26,5929
1503,士電,13,3,10,元富-台南,2024-07-26,5929
2453,凌群,10,0,10,元富-台南,2024-07-26,5929
1210,大成,350,0,350,元富-台南,2024-07-29,5929
5512,力麒,205,1,204,元富-台南,2024-07-29,5929
00706L,期元大S＆P日圓正2,100,0,100,元富-台南,2024-07-29,5929
00933B,國泰10Y+金融債,90,1,89,元富-台南,2024-07-29,5929
00929,復華台灣科技優息,75,13,62,元富-台南,2024-07-29,5929
2303,聯電,62,8,54,元富-台南,2024-07-29,5929
5011,久陽,54,0,54,元富-台南,2024-07-29,5929
2883,凱基金,47,1,46,元富-台南,2024-07-29,5929
9945,潤泰新,87,45,42,元富-台南,2024-07-29,5929
2867,三商壽,41,2,39,元富-台南,2024-07-29,5929
0056,元大高股息,36,3,33,元富-台南,2024-07-29,5929
1808,潤隆,30,0,30,元富-台南,2024-07-29,5929
00878,國泰永續高股息,23,1,22,元富-台南,2024-07-29,5929
3062,建漢,21,1,20,元富-台南,2024-07-29,5929
4157,太景*-KY,18,0,18,元富-台南,2024-07-29,5929
6806,森崴能源,38,22,16,元富-台南,2024-07-29,5929
00942B,台新美A公司債20+,15,0,15,元富-台南,2024-07-29,5929
3325,旭品,15,0,15,元富-台南,2024-07-29,5929
5432,新門,24,9,15,元富-台南,2024-07-29,5929
00946,群益科技高息成長,14,0,14,元富-台南,2024-07-29,5929
2356,英業達,15,2,13,元富-台南,2024-07-29,5929
2312,金寶,16,4,12,元富-台南,2024-07-29,5929
2344,華邦電,22,10,12,元富-台南,2024-07-29,5929
8936,國統,32,20,12,元富-台南,2024-07-29,5929
2330,台積電,25,13,12,元富-台南,2024-07-29,5929
00940,元大台灣價值高息,22,11,11,元富-台南,2024-07-29,5929
00919,群益台灣精選高息,16,5,11,元富-台南,2024-07-29,5929
3231,緯創,11,1,10,元富-台南,2024-07-29,5929
1721,三晃,10,0,10,元富-台南,2024-07-29,5929
2387,精元,10,0,10,元富-台南,2024-07-29,5929
3437,榮創,10,0,10,元富-台南,2024-07-29,5929
3715,定穎投控,10,0,10,元富-台南,2024-07-29,5929
6282,康舒,12,2,10,元富-台南,2024-07-29,5929
00927,群益半導體收益,10,0,10,元富-台南,2024-07-29,5929
00948B,中信優息投資級債,10,1,9,元富-台南,2024-07-29,5929
4956,光鋐,10,1,9,元富-台南,2024-07-29,5929
6901,鑽石投資,10,1,9,元富-台南,2024-07-29,5929
3711,日月光投控,47,38,9,元富-台南,2024-07-29,5929
1609,大亞,61,53,8,元富-台南,2024-07-29,5929
3290,東浦,8,0,8,元富-台南,2024-07-29,5929
6217,中探針,8,0,8,元富-台南,2024-07-29,5929
2884,玉山金,8,0,8,元富-台南,2024-07-29,5929
00918,大華優利高填息30,7,0,7,元富-台南,2024-07-29,5929
2365,昆盈,35,28,7,元富-台南,2024-07-29,5929
2353,宏��,7,1,6,元富-台南,2024-07-29,5929
2367,燿華,12,6,6,元富-台南,2024-07-29,5929
2453,凌群,6,0,6,元富-台南,2024-07-29,5929
3047,訊舟,6,0,6,元富-台南,2024-07-29,5929
3450,聯鈞,8,2,6,元富-台南,2024-07-29,5929
6257,矽格,6,0,6,元富-台南,2024-07-29,5929
00946,群益科技高息成長,165,0,165,元富-台南,2024-07-30,5929
2489,瑞軒,136,8,128,元富-台南,2024-07-30,5929
5009,榮剛,102,1,101,元富-台南,2024-07-30,5929
8473,山林水,80,1,79,元富-台南,2024-07-30,5929
2867,三商壽,56,0,56,元富-台南,2024-07-30,5929
00940,元大台灣價值高息,65,13,52,元富-台南,2024-07-30,5929
1210,大成,50,0,50,元富-台南,2024-07-30,5929
00929,復華台灣科技優息,66,20,46,元富-台南,2024-07-30,5929
2365,昆盈,96,52,44,元富-台南,2024-07-30,5929
00937B,群益ESG投等債20,52,8,44,元富-台南,2024-07-30,5929
00878,國泰永續高股息,44,3,41,元富-台南,2024-07-30,5929
2891,中信金,43,5,38,元富-台南,2024-07-30,5929
2344,華邦電,32,0,32,元富-台南,2024-07-30,5929
00680L,元大美債20正2,30,0,30,元富-台南,2024-07-30,5929
6182,合晶,30,0,30,元富-台南,2024-07-30,5929
2634,漢翔,30,5,25,元富-台南,2024-07-30,5929
5011,久陽,25,0,25,元富-台南,2024-07-30,5929
2303,聯電,27,4,23,元富-台南,2024-07-30,5929
6005,群益證,21,0,21,元富-台南,2024-07-30,5929
2897,王道銀行,20,0,20,元富-台南,2024-07-30,5929
6282,康舒,22,2,20,元富-台南,2024-07-30,5929
1815,富喬,24,5,19,元富-台南,2024-07-30,5929
4402,郡都開發,18,0,18,元富-台南,2024-07-30,5929
2855,統一證,16,0,16,元富-台南,2024-07-30,5929
2356,英業達,16,1,15,元富-台南,2024-07-30,5929
00936,台新永續高息中小,15,0,15,元富-台南,2024-07-30,5929
2330,台積電,14,1,13,元富-台南,2024-07-30,5929
00927,群益半導體收益,14,2,12,元富-台南,2024-07-30,5929
00919,群益台灣精選高息,16,4,12,元富-台南,2024-07-30,5929
5225,東科-KY,11,0,11,元富-台南,2024-07-30,5929
1303,南亞,10,0,10,元富-台南,2024-07-30,5929
1504,東元,10,0,10,元富-台南,2024-07-30,5929
3520,華盈,10,0,10,元富-台南,2024-07-30,5929
4938,和碩,10,0,10,元富-台南,2024-07-30,5929
5903,全家,10,0,10,元富-台南,2024-07-30,5929
2349,錸德,24,14,10,元富-台南,2024-07-30,5929
2382,廣達,17,8,9,元富-台南,2024-07-30,5929
2884,玉山金,12,4,8,元富-台南,2024-07-30,5929
6257,矽格,8,0,8,元富-台南,2024-07-30,5929
2883,凱基金,100,92,8,元富-台南,2024-07-30,5929
3062,建漢,10,3,7,元富-台南,2024-07-30,5929
4306,炎洲,10,3,7,元富-台南,2024-07-30,5929
2337,旺宏,21,14,7,元富-台南,2024-07-30,5929
3443,創意,6,0,6,元富-台南,2024-07-30,5929
1609,大亞,19,13,6,元富-台南,2024-07-30,5929
2885,元大金,6,0,6,元富-台南,2024-07-30,5929
1308,亞聚,6,0,6,元富-台南,2024-07-30,5929
2387,精元,6,0,6,元富-台南,2024-07-30,5929
2464,盟立,16,10,6,元富-台南,2024-07-30,5929
3264,欣銓,6,0,6,元富-台南,2024-07-30,5929
2317,鴻海,182,36,146,元富-台南,2024-07-31,5929
00929,復華台灣科技優息,172,27,145,元富-台南,2024-07-31,5929
00687B,國泰20年美債,62,2,60,元富-台南,2024-07-31,5929
3715,定穎投控,43,2,41,元富-台南,2024-07-31,5929
3481,群創,77,51,26,元富-台南,2024-07-31,5929
3105,穩懋,25,0,25,元富-台南,2024-07-31,5929
4958,臻鼎-KY,25,1,24,元富-台南,2024-07-31,5929
2354,鴻準,23,1,22,元富-台南,2024-07-31,5929
1711,永光,25,3,22,元富-台南,2024-07-31,5929
2867,三商壽,22,0,22,元富-台南,2024-07-31,5929
2344,華邦電,21,0,21,元富-台南,2024-07-31,5929
2408,南亞科,24,3,21,元富-台南,2024-07-31,5929
1338,廣華-KY,20,0,20,元富-台南,2024-07-31,5929
4113,聯上,20,0,20,元富-台南,2024-07-31,5929
00919,群益台灣精選高息,19,0,19,元富-台南,2024-07-31,5929
5443,均豪,31,13,18,元富-台南,2024-07-31,5929
00937B,群益ESG投等債20,15,0,15,元富-台南,2024-07-31,5929
3711,日月光投控,14,0,14,元富-台南,2024-07-31,5929
1795,美時,12,0,12,元富-台南,2024-07-31,5929
2303,聯電,16,4,12,元富-台南,2024-07-31,5929
2349,錸德,30,18,12,元富-台南,2024-07-31,5929
00720B,元大投資級公司債,11,0,11,元富-台南,2024-07-31,5929
00770,國泰北美科技,11,0,11,元富-台南,2024-07-31,5929
3535,晶彩科,12,1,11,元富-台南,2024-07-31,5929
4128,中天,11,0,11,元富-台南,2024-07-31,5929
8028,昇陽半導體,16,5,11,元富-台南,2024-07-31,5929
2455,全新,10,0,10,元富-台南,2024-07-31,5929
1326,台化,10,0,10,元富-台南,2024-07-31,5929
2451,創見,10,0,10,元富-台南,2024-07-31,5929
6278,台表科,10,0,10,元富-台南,2024-07-31,5929
2888,新光金,38,29,9,元富-台南,2024-07-31,5929
3374,精材,15,6,9,元富-台南,2024-07-31,5929
2204,中華,8,0,8,元富-台南,2024-07-31,5929
3024,憶聲,10,2,8,元富-台南,2024-07-31,5929
8478,東哥遊艇,8,0,8,元富-台南,2024-07-31,5929
00679B,元大美債20年,7,0,7,元富-台南,2024-07-31,5929
6806,森崴能源,12,5,7,元富-台南,2024-07-31,5929
00934,中信成長高股息,7,0,7,元富-台南,2024-07-31,5929
3546,宇峻,7,0,7,元富-台南,2024-07-31,5929
5512,力麒,13,6,7,元富-台南,2024-07-31,5929
00878,國泰永續高股息,7,1,6,元富-台南,2024-07-31,5929
2382,廣達,13,7,6,元富-台南,2024-07-31,5929
2409,友達,7,1,6,元富-台南,2024-07-31,5929
3490,單井,6,0,6,元富-台南,2024-07-31,5929
2356,英業達,10,5,5,元富-台南,2024-07-31,5929
00632R,元大台灣50反1,5,0,5,元富-台南,2024-07-31,5929
1708,東鹼,5,0,5,元富-台南,2024-07-31,5929
2106,建大,5,0,5,元富-台南,2024-07-31,5929
6126,信音,5,0,5,元富-台南,2024-07-31,5929
6201,亞弘電,5,0,5,元富-台南,2024-07-31,5929
00688L,國泰20年美債正2,200,0,200,元富-台南,2024-08-01,5929
00632R,元大台灣50反1,200,20,180,元富-台南,2024-08-01,5929
00680L,元大美債20正2,193,15,178,元富-台南,2024-08-01,5929
00795B,中信美國公債20年,92,2,90,元富-台南,2024-08-01,5929
2883,凱基金,101,25,76,元富-台南,2024-08-01,5929
00687B,國泰20年美債,46,1,45,元富-台南,2024-08-01,5929
00937B,群益ESG投等債20,46,3,43,元富-台南,2024-08-01,5929
00878,國泰永續高股息,28,0,28,元富-台南,2024-08-01,5929
00919,群益台灣精選高息,24,0,24,元富-台南,2024-08-01,5929
00679B,元大美債20年,24,0,24,元富-台南,2024-08-01,5929
2374,佳能,23,0,23,元富-台南,2024-08-01,5929
0056,元大高股息,22,0,22,元富-台南,2024-08-01,5929
1711,永光,20,0,20,元富-台南,2024-08-01,5929
6770,力積電,20,1,19,元富-台南,2024-08-01,5929
00927,群益半導體收益,18,3,15,元富-台南,2024-08-01,5929
2610,華航,15,0,15,元富-台南,2024-08-01,5929
5011,久陽,15,0,15,元富-台南,2024-08-01,5929
3498,陽程,14,0,14,元富-台南,2024-08-01,5929
2349,錸德,19,7,12,元富-台南,2024-08-01,5929
3041,揚智,12,0,12,元富-台南,2024-08-01,5929
00881,國泰台灣5G+,11,0,11,元富-台南,2024-08-01,5929
00891,中信關鍵半導體,11,0,11,元富-台南,2024-08-01,5929
2388,威盛,42,31,11,元富-台南,2024-08-01,5929
1513,中興電,11,1,10,元富-台南,2024-08-01,5929
2486,一詮,10,0,10,元富-台南,2024-08-01,5929
00893,國泰智能電動車,10,0,10,元富-台南,2024-08-01,5929
00665L,富邦�琤肭磪囓�2,10,0,10,元富-台南,2024-08-01,5929
2371,大同,10,0,10,元富-台南,2024-08-01,5929
1584,精剛,10,0,10,元富-台南,2024-08-01,5929
00929,復華台灣科技優息,23,13,10,元富-台南,2024-08-01,5929
2317,鴻海,69,60,9,元富-台南,2024-08-01,5929
8043,蜜望實,9,0,9,元富-台南,2024-08-01,5929
00923,群益台ESG低碳50,8,0,8,元富-台南,2024-08-01,5929
6239,力成,7,0,7,元富-台南,2024-08-01,5929
3535,晶彩科,62,55,7,元富-台南,2024-08-01,5929
3293,鈊象,6,0,6,元富-台南,2024-08-01,5929
1216,統一,7,1,6,元富-台南,2024-08-01,5929
00934,中信成長高股息,6,0,6,元富-台南,2024-08-01,5929
3024,憶聲,10,4,6,元富-台南,2024-08-01,5929
6150,撼訊,6,0,6,元富-台南,2024-08-01,5929
6182,合晶,6,0,6,元富-台南,2024-08-01,5929
3481,群創,37,31,6,元富-台南,2024-08-01,5929
00712,復華富時不動產,5,0,5,元富-台南,2024-08-01,5929
006208,富邦台50,5,0,5,元富-台南,2024-08-01,5929
1785,光洋科,28,23,5,元富-台南,2024-08-01,5929
00706L,期元大S＆P日圓正2,5,0,5,元富-台南,2024-08-01,5929
00715L,期街口布蘭特正2,6,1,5,元富-台南,2024-08-01,5929
1714,和桐,5,0,5,元富-台南,2024-08-01,5929
4303,信立,5,0,5,元富-台南,2024-08-01,5929
5364,力麗店,5,0,5,元富-台南,2024-08-01,5929
2610,華航,1017,0,1017,元富-台南,2024-08-02,5929
00688L,國泰20年美債正2,404,0,404,元富-台南,2024-08-02,5929
00712,復華富時不動產,246,0,246,元富-台南,2024-08-02,5929
00687B,國泰20年美債,171,5,166,元富-台南,2024-08-02,5929
00929,復華台灣科技優息,97,11,86,元富-台南,2024-08-02,5929
2888,新光金,101,18,83,元富-台南,2024-08-02,5929
00878,國泰永續高股息,76,0,76,元富-台南,2024-08-02,5929
3481,群創,78,18,60,元富-台南,2024-08-02,5929
2408,南亞科,59,0,59,元富-台南,2024-08-02,5929
2101,南港,51,0,51,元富-台南,2024-08-02,5929
00946,群益科技高息成長,50,0,50,元富-台南,2024-08-02,5929
2330,台積電,58,11,47,元富-台南,2024-08-02,5929
5009,榮剛,52,15,37,元富-台南,2024-08-02,5929
2313,華通,36,1,35,元富-台南,2024-08-02,5929
2618,長榮航,35,0,35,元富-台南,2024-08-02,5929
00881,國泰台灣5G+,34,0,34,元富-台南,2024-08-02,5929
2388,威盛,33,0,33,元富-台南,2024-08-02,5929
00949,復華日本龍頭,32,0,32,元富-台南,2024-08-02,5929
2338,光罩,30,0,30,元富-台南,2024-08-02,5929
2365,昆盈,37,10,27,元富-台南,2024-08-02,5929
3037,欣興,26,2,24,元富-台南,2024-08-02,5929
00934,中信成長高股息,23,0,23,元富-台南,2024-08-02,5929
1303,南亞,23,0,23,元富-台南,2024-08-02,5929
2834,臺企銀,23,0,23,元富-台南,2024-08-02,5929
2382,廣達,25,3,22,元富-台南,2024-08-02,5929
4402,郡都開發,20,0,20,元富-台南,2024-08-02,5929
9945,潤泰新,18,0,18,元富-台南,2024-08-02,5929
1597,直得,18,1,17,元富-台南,2024-08-02,5929
0056,元大高股息,16,0,16,元富-台南,2024-08-02,5929
2301,光寶科,23,8,15,元富-台南,2024-08-02,5929
2520,冠德,15,0,15,元富-台南,2024-08-02,5929
2883,凱基金,76,61,15,元富-台南,2024-08-02,5929
2884,玉山金,15,0,15,元富-台南,2024-08-02,5929
4714,永捷,15,0,15,元富-台南,2024-08-02,5929
00941,中信上游半導體,14,0,14,元富-台南,2024-08-02,5929
00927,群益半導體收益,13,0,13,元富-台南,2024-08-02,5929
2371,大同,12,0,12,元富-台南,2024-08-02,5929
0050,元大台灣50,12,0,12,元富-台南,2024-08-02,5929
1605,華新,17,5,12,元富-台南,2024-08-02,5929
3711,日月光投控,11,0,11,元富-台南,2024-08-02,5929
3231,緯創,11,0,11,元富-台南,2024-08-02,5929
1301,台塑,11,0,11,元富-台南,2024-08-02,5929
6257,矽格,10,0,10,元富-台南,2024-08-02,5929
6139,亞翔,10,0,10,元富-台南,2024-08-02,5929
1805,寶徠,10,0,10,元富-台南,2024-08-02,5929
2855,統一證,10,0,10,元富-台南,2024-08-02,5929
00915,凱基優選高股息30,12,2,10,元富-台南,2024-08-02,5929
2363,矽統,10,1,9,元富-台南,2024-08-02,5929
006208,富邦台50,14,5,9,元富-台南,2024-08-02,5929
00675L,富邦臺灣加權正2,8,0,8,元富-台南,2024-08-02,5929
2897,王道銀行,515,0,515,元富-台南,2024-08-05,5929
5009,榮剛,345,0,345,元富-台南,2024-08-05,5929
00929,復華台灣科技優息,296,33,263,元富-台南,2024-08-05,5929
2332,友訊,203,10,193,元富-台南,2024-08-05,5929
00940,元大台灣價值高息,174,18,156,元富-台南,2024-08-05,5929
1584,精剛,126,4,122,元富-台南,2024-08-05,5929
00878,國泰永續高股息,121,24,97,元富-台南,2024-08-05,5929
2317,鴻海,124,28,96,元富-台南,2024-08-05,5929
1314,中石化,96,1,95,元富-台南,2024-08-05,5929
2017,官田鋼,90,0,90,元富-台南,2024-08-05,5929
6248,沛波,72,0,72,元富-台南,2024-08-05,5929
1303,南亞,58,0,58,元富-台南,2024-08-05,5929
2409,友達,98,41,57,元富-台南,2024-08-05,5929
00919,群益台灣精選高息,108,57,51,元富-台南,2024-08-05,5929
3481,群創,253,203,50,元富-台南,2024-08-05,5929
00679B,元大美債20年,105,55,50,元富-台南,2024-08-05,5929
1409,新纖,50,0,50,元富-台南,2024-08-05,5929
2485,兆赫,50,0,50,元富-台南,2024-08-05,5929
5364,力麗店,50,0,50,元富-台南,2024-08-05,5929
2801,彰銀,47,5,42,元富-台南,2024-08-05,5929
0056,元大高股息,49,7,42,元富-台南,2024-08-05,5929
2002,中鋼,62,22,40,元富-台南,2024-08-05,5929
00934,中信成長高股息,39,0,39,元富-台南,2024-08-05,5929
2834,臺企銀,42,3,39,元富-台南,2024-08-05,5929
00936,台新永續高息中小,38,3,35,元富-台南,2024-08-05,5929
00946,群益科技高息成長,33,0,33,元富-台南,2024-08-05,5929
2330,台積電,82,50,32,元富-台南,2024-08-05,5929
2891,中信金,29,0,29,元富-台南,2024-08-05,5929
00927,群益半導體收益,31,3,28,元富-台南,2024-08-05,5929
00949,復華日本龍頭,27,2,25,元富-台南,2024-08-05,5929
5011,久陽,25,0,25,元富-台南,2024-08-05,5929
2353,宏��,28,3,25,元富-台南,2024-08-05,5929
6005,群益證,21,0,21,元富-台南,2024-08-05,5929
4142,國光生,21,0,21,元富-台南,2024-08-05,5929
2106,建大,20,0,20,元富-台南,2024-08-05,5929
3622,洋華,20,0,20,元富-台南,2024-08-05,5929
6263,普萊德,20,0,20,元富-台南,2024-08-05,5929
2884,玉山金,21,2,19,元富-台南,2024-08-05,5929
2313,華通,19,0,19,元富-台南,2024-08-05,5929
00942B,台新美A公司債20+,23,5,18,元富-台南,2024-08-05,5929
2880,華南金,16,0,16,元富-台南,2024-08-05,5929
2885,元大金,16,0,16,元富-台南,2024-08-05,5929
00900,富邦特選高股息30,22,6,16,元富-台南,2024-08-05,5929
4402,郡都開發,16,0,16,元富-台南,2024-08-05,5929
6215,和椿,16,1,15,元富-台南,2024-08-05,5929
00675L,富邦臺灣加權正2,18,4,14,元富-台南,2024-08-05,5929
1540,喬福,22,8,14,元富-台南,2024-08-05,5929
2855,統一證,28,14,14,元富-台南,2024-08-05,5929
2882,國泰金,16,2,14,元富-台南,2024-08-05,5929
00713,元大台灣高息低波,14,0,14,元富-台南,2024-08-05,5929
6116,彩晶,422,4,418,元富-台南,2024-08-06,5929
00712,復華富時不動產,92,0,92,元富-台南,2024-08-06,5929
6142,友勁,70,0,70,元富-台南,2024-08-06,5929
00940,元大台灣價值高息,98,32,66,元富-台南,2024-08-06,5929
5364,力麗店,70,15,55,元富-台南,2024-08-06,5929
2485,兆赫,50,0,50,元富-台南,2024-08-06,5929
2887,台新金,48,0,48,元富-台南,2024-08-06,5929
0050,元大台灣50,43,2,41,元富-台南,2024-08-06,5929
0056,元大高股息,36,0,36,元富-台南,2024-08-06,5929
00934,中信成長高股息,34,0,34,元富-台南,2024-08-06,5929
00946,群益科技高息成長,33,0,33,元富-台南,2024-08-06,5929
2409,友達,35,2,33,元富-台南,2024-08-06,5929
00665L,富邦�琤肭磪囓�2,33,1,32,元富-台南,2024-08-06,5929
2017,官田鋼,31,0,31,元富-台南,2024-08-06,5929
2897A,王道銀甲特,30,0,30,元富-台南,2024-08-06,5929
2317,鴻海,180,154,26,元富-台南,2024-08-06,5929
2801,彰銀,21,0,21,元富-台南,2024-08-06,5929
00641R,富邦日本反1,50,30,20,元富-台南,2024-08-06,5929
2886,兆豐金,19,0,19,元富-台南,2024-08-06,5929
6188,廣明,20,1,19,元富-台南,2024-08-06,5929
2352,佳世達,21,2,19,元富-台南,2024-08-06,5929
2349,錸德,26,10,16,元富-台南,2024-08-06,5929
2323,中環,15,0,15,元富-台南,2024-08-06,5929
2889,國票金,15,0,15,元富-台南,2024-08-06,5929
3356,奇偶,13,0,13,元富-台南,2024-08-06,5929
6248,沛波,13,0,13,元富-台南,2024-08-06,5929
2834,臺企銀,24,11,13,元富-台南,2024-08-06,5929
1442,名軒,11,0,11,元富-台南,2024-08-06,5929
1721,三晃,11,0,11,元富-台南,2024-08-06,5929
2332,友訊,13,2,11,元富-台南,2024-08-06,5929
3167,大量,11,0,11,元富-台南,2024-08-06,5929
00936,台新永續高息中小,20,10,10,元富-台南,2024-08-06,5929
2356,英業達,11,1,10,元富-台南,2024-08-06,5929
2406,國碩,10,0,10,元富-台南,2024-08-06,5929
2610,華航,10,0,10,元富-台南,2024-08-06,5929
4171,瑞基,10,0,10,元富-台南,2024-08-06,5929
4402,郡都開發,10,0,10,元富-台南,2024-08-06,5929
4960,誠美材,10,0,10,元富-台南,2024-08-06,5929
6239,力成,10,0,10,元富-台南,2024-08-06,5929
6257,矽格,10,0,10,元富-台南,2024-08-06,5929
9802,鈺齊-KY,10,0,10,元富-台南,2024-08-06,5929
00918,大華優利高填息30,9,0,9,元富-台南,2024-08-06,5929
2031,新光鋼,10,1,9,元富-台南,2024-08-06,5929
2489,瑞軒,20,11,9,元富-台南,2024-08-06,5929
5469,瀚宇博,10,1,9,元富-台南,2024-08-06,5929
2891,中信金,10,2,8,元富-台南,2024-08-06,5929
3576,聯合再生,8,0,8,元富-台南,2024-08-06,5929
00919,群益台灣精選高息,14,6,8,元富-台南,2024-08-06,5929
2337,旺宏,10,3,7,元富-台南,2024-08-06,5929
2401,凌陽,7,0,7,元富-台南,2024-08-06,5929
00680L,元大美債20正2,253,7,246,元富-台南,2024-08-07,5929
00679B,元大美債20年,158,5,153,元富-台南,2024-08-07,5929
2312,金寶,105,1,104,元富-台南,2024-08-07,5929
00948B,中信優息投資級債,106,9,97,元富-台南,2024-08-07,5929
3481,群創,146,71,75,元富-台南,2024-08-07,5929
9921,巨大,55,0,55,元富-台南,2024-08-07,5929
00919,群益台灣精選高息,50,0,50,元富-台南,2024-08-07,5929
00878,國泰永續高股息,51,2,49,元富-台南,2024-08-07,5929
00687B,國泰20年美債,34,2,32,元富-台南,2024-08-07,5929
00715L,期街口布蘭特正2,31,0,31,元富-台南,2024-08-07,5929
1319,東陽,30,0,30,元富-台南,2024-08-07,5929
2801,彰銀,29,0,29,元富-台南,2024-08-07,5929
2515,中工,27,1,26,元富-台南,2024-08-07,5929
2317,鴻海,52,26,26,元富-台南,2024-08-07,5929
00947,台新臺灣IC設計,21,0,21,元富-台南,2024-08-07,5929
3037,欣興,25,4,21,元富-台南,2024-08-07,5929
0056,元大高股息,23,2,21,元富-台南,2024-08-07,5929
2371,大同,23,2,21,元富-台南,2024-08-07,5929
00641R,富邦日本反1,20,0,20,元富-台南,2024-08-07,5929
3041,揚智,20,0,20,元富-台南,2024-08-07,5929
9946,三發地產,60,40,20,元富-台南,2024-08-07,5929
00720B,元大投資級公司債,20,1,19,元富-台南,2024-08-07,5929
2324,仁寶,20,1,19,元富-台南,2024-08-07,5929
00830,國泰費城半導體,21,3,18,元富-台南,2024-08-07,5929
00937B,群益ESG投等債20,44,26,18,元富-台南,2024-08-07,5929
00795B,中信美國公債20年,30,13,17,元富-台南,2024-08-07,5929
2618,長榮航,21,4,17,元富-台南,2024-08-07,5929
8210,勤誠,16,0,16,元富-台南,2024-08-07,5929
2353,宏��,21,6,15,元富-台南,2024-08-07,5929
6213,聯茂,20,5,15,元富-台南,2024-08-07,5929
00931B,統一美債20年,20,7,13,元富-台南,2024-08-07,5929
2363,矽統,12,0,12,元富-台南,2024-08-07,5929
2002,中鋼,14,2,12,元富-台南,2024-08-07,5929
6770,力積電,12,1,11,元富-台南,2024-08-07,5929
00757,統一FANG+,10,0,10,元富-台南,2024-08-07,5929
00881,國泰台灣5G+,11,1,10,元富-台南,2024-08-07,5929
1709,和益,12,2,10,元富-台南,2024-08-07,5929
2101,南港,10,0,10,元富-台南,2024-08-07,5929
3450,聯鈞,11,1,10,元富-台南,2024-08-07,5929
6163,華電網,10,0,10,元富-台南,2024-08-07,5929
2834,臺企銀,9,0,9,元富-台南,2024-08-07,5929
3312,弘憶股,10,1,9,元富-台南,2024-08-07,5929
6257,矽格,10,1,9,元富-台南,2024-08-07,5929
2338,光罩,9,0,9,元富-台南,2024-08-07,5929
00915,凱基優選高股息30,8,0,8,元富-台南,2024-08-07,5929
1402,遠東新,8,0,8,元富-台南,2024-08-07,5929
6282,康舒,10,2,8,元富-台南,2024-08-07,5929
00946,群益科技高息成長,7,0,7,元富-台南,2024-08-07,5929
2845,遠東銀,7,0,7,元富-台南,2024-08-07,5929
00939,統一台灣高息動能,7,0,7,元富-台南,2024-08-07,5929
2897A,王道銀甲特,300,0,300,元富-台南,2024-08-08,5929
00937B,群益ESG投等債20,135,3,132,元富-台南,2024-08-08,5929
5009,榮剛,100,0,100,元富-台南,2024-08-08,5929
2867,三商壽,98,0,98,元富-台南,2024-08-08,5929
00679B,元大美債20年,84,3,81,元富-台南,2024-08-08,5929
2317,鴻海,82,34,48,元富-台南,2024-08-08,5929
2891,中信金,55,12,43,元富-台南,2024-08-08,5929
4951,精拓科,34,0,34,元富-台南,2024-08-08,5929
2615,萬海,54,21,33,元富-台南,2024-08-08,5929
2609,陽明,34,2,32,元富-台南,2024-08-08,5929
3047,訊舟,95,65,30,元富-台南,2024-08-08,5929
2330,台積電,31,1,30,元富-台南,2024-08-08,5929
00631L,元大台灣50正2,39,10,29,元富-台南,2024-08-08,5929
2886,兆豐金,29,1,28,元富-台南,2024-08-08,5929
2892,第一金,28,0,28,元富-台南,2024-08-08,5929
00948B,中信優息投資級債,27,0,27,元富-台南,2024-08-08,5929
00900,富邦特選高股息30,25,1,24,元富-台南,2024-08-08,5929
00881,國泰台灣5G+,29,5,24,元富-台南,2024-08-08,5929
2329,華泰,26,5,21,元富-台南,2024-08-08,5929
4562,穎漢,26,5,21,元富-台南,2024-08-08,5929
00712,復華富時不動產,20,0,20,元富-台南,2024-08-08,5929
00632R,元大台灣50反1,20,0,20,元富-台南,2024-08-08,5929
2888,新光金,20,0,20,元富-台南,2024-08-08,5929
1338,廣華-KY,19,0,19,元富-台南,2024-08-08,5929
00680L,元大美債20正2,18,0,18,元富-台南,2024-08-08,5929
00929,復華台灣科技優息,28,12,16,元富-台南,2024-08-08,5929
00940,元大台灣價值高息,24,8,16,元富-台南,2024-08-08,5929
00919,群益台灣精選高息,21,5,16,元富-台南,2024-08-08,5929
2883,凱基金,50,35,15,元富-台南,2024-08-08,5929
4510,高鋒,30,15,15,元富-台南,2024-08-08,5929
5469,瀚宇博,15,0,15,元富-台南,2024-08-08,5929
2303,聯電,17,3,14,元富-台南,2024-08-08,5929
2313,華通,26,12,14,元富-台南,2024-08-08,5929
3032,偉訓,14,0,14,元富-台南,2024-08-08,5929
2801,彰銀,12,0,12,元富-台南,2024-08-08,5929
2405,輔信,12,0,12,元富-台南,2024-08-08,5929
2349,錸德,15,4,11,元富-台南,2024-08-08,5929
2834,臺企銀,11,0,11,元富-台南,2024-08-08,5929
00684R,期元大美元指反1,10,0,10,元富-台南,2024-08-08,5929
1326,台化,10,0,10,元富-台南,2024-08-08,5929
2409,友達,11,1,10,元富-台南,2024-08-08,5929
8183,精星,10,0,10,元富-台南,2024-08-08,5929
1609,大亞,36,27,9,元富-台南,2024-08-08,5929
4958,臻鼎-KY,10,1,9,元富-台南,2024-08-08,5929
2489,瑞軒,26,18,8,元富-台南,2024-08-08,5929
2537,聯上發,8,0,8,元富-台南,2024-08-08,5929
2610,華航,8,0,8,元富-台南,2024-08-08,5929
2633,台灣高鐵,8,0,8,元富-台南,2024-08-08,5929
0050,元大台灣50,7,0,7,元富-台南,2024-08-08,5929
0056,元大高股息,7,0,7,元富-台南,2024-08-08,5929
2897A,王道銀甲特,573,0,573,元富-台南,2024-08-09,5929
00687B,國泰20年美債,82,3,79,元富-台南,2024-08-09,5929
2889,國票金,70,8,62,元富-台南,2024-08-09,5929
2891,中信金,55,5,50,元富-台南,2024-08-09,5929
00679B,元大美債20年,46,1,45,元富-台南,2024-08-09,5929
00948B,中信優息投資級債,44,0,44,元富-台南,2024-08-09,5929
2892,第一金,53,10,43,元富-台南,2024-08-09,5929
00881,國泰台灣5G+,38,0,38,元富-台南,2024-08-09,5929
00929,復華台灣科技優息,48,18,30,元富-台南,2024-08-09,5929
2353,宏��,25,2,23,元富-台南,2024-08-09,5929
2349,錸德,26,6,20,元富-台南,2024-08-09,5929
2330,台積電,32,14,18,元富-台南,2024-08-09,5929
4951,精拓科,18,0,18,元富-台南,2024-08-09,5929
00940,元大台灣價值高息,32,15,17,元富-台南,2024-08-09,5929
00900,富邦特選高股息30,15,0,15,元富-台南,2024-08-09,5929
2365,昆盈,33,18,15,元富-台南,2024-08-09,5929
4979,華星光,15,1,14,元富-台南,2024-08-09,5929
2486,一詮,15,2,13,元富-台南,2024-08-09,5929
00937B,群益ESG投等債20,78,65,13,元富-台南,2024-08-09,5929
00915,凱基優選高股息30,12,0,12,元富-台南,2024-08-09,5929
6125,廣運,12,0,12,元富-台南,2024-08-09,5929
2886,兆豐金,12,1,11,元富-台南,2024-08-09,5929
2834,臺企銀,11,0,11,元富-台南,2024-08-09,5929
3312,弘憶股,11,0,11,元富-台南,2024-08-09,5929
00706L,期元大S＆P日圓正2,10,0,10,元富-台南,2024-08-09,5929
2101,南港,10,0,10,元富-台南,2024-08-09,5929
3260,威剛,12,2,10,元富-台南,2024-08-09,5929
3715,定穎投控,14,4,10,元富-台南,2024-08-09,5929
4958,臻鼎-KY,20,10,10,元富-台南,2024-08-09,5929
6901,鑽石投資,10,0,10,元富-台南,2024-08-09,5929
2515,中工,9,0,9,元富-台南,2024-08-09,5929
00882,中信中國高股息,10,1,9,元富-台南,2024-08-09,5929
00919,群益台灣精選高息,17,8,9,元富-台南,2024-08-09,5929
5443,均豪,10,2,8,元富-台南,2024-08-09,5929
2881,富邦金,10,3,7,元富-台南,2024-08-09,5929
00857B,永豐20年美公債,7,0,7,元富-台南,2024-08-09,5929
2362,藍天,7,0,7,元富-台南,2024-08-09,5929
4510,高鋒,7,0,7,元富-台南,2024-08-09,5929
4562,穎漢,11,4,7,元富-台南,2024-08-09,5929
6233,旺玖,11,4,7,元富-台南,2024-08-09,5929
6770,力積電,7,0,7,元富-台南,2024-08-09,5929
2363,矽統,14,7,7,元富-台南,2024-08-09,5929
2603,長榮,8,1,7,元富-台南,2024-08-09,5929
00905,FT臺灣Smart,7,1,6,元富-台南,2024-08-09,5929
00850,元大臺灣ESG永續,6,0,6,元富-台南,2024-08-09,5929
1608,華榮,11,5,6,元富-台南,2024-08-09,5929
3265,台星科,6,0,6,元富-台南,2024-08-09,5929
8374,羅昇,8,2,6,元富-台南,2024-08-09,5929
4174,浩鼎,7,1,6,元富-台南,2024-08-09,5929
4114,健喬,5,0,5,元富-台南,2024-08-09,5929
00632R,元大台灣50反1,265,0,265,元富-台南,2024-08-12,5929
2883,凱基金,169,4,165,元富-台南,2024-08-12,5929
2312,金寶,101,4,97,元富-台南,2024-08-12,5929
00687B,國泰20年美債,104,10,94,元富-台南,2024-08-12,5929
1815,富喬,76,2,74,元富-台南,2024-08-12,5929
3481,群創,69,11,58,元富-台南,2024-08-12,5929
00680L,元大美債20正2,55,0,55,元富-台南,2024-08-12,5929
2061,風青,52,1,51,元富-台南,2024-08-12,5929
1522,堤維西,40,1,39,元富-台南,2024-08-12,5929
00679B,元大美債20年,39,1,38,元富-台南,2024-08-12,5929
2891,中信金,33,0,33,元富-台南,2024-08-12,5929
1338,廣華-KY,31,0,31,元富-台南,2024-08-12,5929
00891,中信關鍵半導體,20,0,20,元富-台南,2024-08-12,5929
8936,國統,18,1,17,元富-台南,2024-08-12,5929
2303,聯電,32,15,17,元富-台南,2024-08-12,5929
00878,國泰永續高股息,19,3,16,元富-台南,2024-08-12,5929
2356,英業達,16,0,16,元富-台南,2024-08-12,5929
3032,偉訓,16,0,16,元富-台南,2024-08-12,5929
4128,中天,16,0,16,元富-台南,2024-08-12,5929
4303,信立,15,1,14,元富-台南,2024-08-12,5929
0056,元大高股息,14,0,14,元富-台南,2024-08-12,5929
5225,東科-KY,12,0,12,元富-台南,2024-08-12,5929
2882,國泰金,13,2,11,元富-台南,2024-08-12,5929
00934,中信成長高股息,11,1,10,元富-台南,2024-08-12,5929
00641R,富邦日本反1,10,0,10,元富-台南,2024-08-12,5929
1909,榮成,10,0,10,元富-台南,2024-08-12,5929
2409,友達,11,1,10,元富-台南,2024-08-12,5929
3047,訊舟,23,13,10,元富-台南,2024-08-12,5929
00936,台新永續高息中小,10,0,10,元富-台南,2024-08-12,5929
2834,臺企銀,10,0,10,元富-台南,2024-08-12,5929
1609,大亞,31,22,9,元富-台南,2024-08-12,5929
2392,正崴,10,1,9,元富-台南,2024-08-12,5929
4562,穎漢,20,11,9,元富-台南,2024-08-12,5929
6282,康舒,12,3,9,元富-台南,2024-08-12,5929
00881,國泰台灣5G+,9,1,8,元富-台南,2024-08-12,5929
2618,長榮航,12,4,8,元富-台南,2024-08-12,5929
1597,直得,14,6,8,元富-台南,2024-08-12,5929
1460,宏遠,7,0,7,元富-台南,2024-08-12,5929
5443,均豪,11,4,7,元富-台南,2024-08-12,5929
4513,福裕,7,0,7,元富-台南,2024-08-12,5929
8011,台通,6,0,6,元富-台南,2024-08-12,5929
00948B,中信優息投資級債,10,4,6,元富-台南,2024-08-12,5929
3663,鑫科,13,7,6,元富-台南,2024-08-12,5929
1513,中興電,9,3,6,元富-台南,2024-08-12,5929
00795B,中信美國公債20年,5,0,5,元富-台南,2024-08-12,5929
1301,台塑,5,0,5,元富-台南,2024-08-12,5929
1307,三芳,5,0,5,元富-台南,2024-08-12,5929
4540,全球傳動,6,1,5,元富-台南,2024-08-12,5929
6156,松上,5,0,5,元富-台南,2024-08-12,5929
2359,所羅門,12,8,4,元富-台南,2024-08-12,5929
2867,三商壽,120,2,118,元富-台南,2024-08-13,5929
2883,凱基金,160,45,115,元富-台南,2024-08-13,5929
3712,永崴投控,91,1,90,元富-台南,2024-08-13,5929
00680L,元大美債20正2,60,0,60,元富-台南,2024-08-13,5929
2886,兆豐金,57,0,57,元富-台南,2024-08-13,5929
3706,神達,51,1,50,元富-台南,2024-08-13,5929
2880,華南金,51,2,49,元富-台南,2024-08-13,5929
00937B,群益ESG投等債20,50,4,46,元富-台南,2024-08-13,5929
00948B,中信優息投資級債,45,1,44,元富-台南,2024-08-13,5929
2002,中鋼,32,2,30,元富-台南,2024-08-13,5929
8040,九暘,30,1,29,元富-台南,2024-08-13,5929
00687B,國泰20年美債,28,0,28,元富-台南,2024-08-13,5929
00934,中信成長高股息,24,0,24,元富-台南,2024-08-13,5929
00882,中信中國高股息,20,0,20,元富-台南,2024-08-13,5929
3372,典範,20,0,20,元富-台南,2024-08-13,5929
2365,昆盈,30,14,16,元富-台南,2024-08-13,5929
00881,國泰台灣5G+,16,0,16,元富-台南,2024-08-13,5929
2371,大同,16,0,16,元富-台南,2024-08-13,5929
2615,萬海,17,3,14,元富-台南,2024-08-13,5929
0056,元大高股息,12,0,12,元富-台南,2024-08-13,5929
3481,群創,14,2,12,元富-台南,2024-08-13,5929
00878,國泰永續高股息,12,0,12,元富-台南,2024-08-13,5929
2355,敬鵬,12,0,12,元富-台南,2024-08-13,5929
3037,欣興,18,6,12,元富-台南,2024-08-13,5929
3673,TPK-KY,11,0,11,元富-台南,2024-08-13,5929
5481,新華,11,0,11,元富-台南,2024-08-13,5929
1301,台塑,10,0,10,元富-台南,2024-08-13,5929
00712,復華富時不動產,10,0,10,元富-台南,2024-08-13,5929
1338,廣華-KY,10,0,10,元富-台南,2024-08-13,5929
6156,松上,18,8,10,元富-台南,2024-08-13,5929
00725B,國泰投資級公司債,9,0,9,元富-台南,2024-08-13,5929
2609,陽明,22,13,9,元富-台南,2024-08-13,5929
3167,大量,10,1,9,元富-台南,2024-08-13,5929
6706,惠特,10,1,9,元富-台南,2024-08-13,5929
4563,百德,11,2,9,元富-台南,2024-08-13,5929
00900,富邦特選高股息30,12,4,8,元富-台南,2024-08-13,5929
1784,訊聯,8,0,8,元富-台南,2024-08-13,5929
2049,上銀,11,3,8,元富-台南,2024-08-13,5929
3357,臺慶科,8,0,8,元富-台南,2024-08-13,5929
1513,中興電,31,24,7,元富-台南,2024-08-13,5929
8027,鈦昇,7,0,7,元富-台南,2024-08-13,5929
2603,長榮,9,2,7,元富-台南,2024-08-13,5929
6285,啟��,7,0,7,元富-台南,2024-08-13,5929
6505,台塑化,9,3,6,元富-台南,2024-08-13,5929
2401,凌陽,6,0,6,元富-台南,2024-08-13,5929
00951,台新日本半導體,6,0,6,元富-台南,2024-08-13,5929
1519,華城,7,1,6,元富-台南,2024-08-13,5929
1312,國喬,6,0,6,元富-台南,2024-08-13,5929
2354,鴻準,15,9,6,元富-台南,2024-08-13,5929
2489,瑞軒,15,9,6,元富-台南,2024-08-13,5929
00688L,國泰20年美債正2,424,0,424,元富-台南,2024-08-14,5929
00687B,國泰20年美債,91,0,91,元富-台南,2024-08-14,5929
8040,九暘,80,0,80,元富-台南,2024-08-14,5929
2353,宏��,55,0,55,元富-台南,2024-08-14,5929
3356,奇偶,39,6,33,元富-台南,2024-08-14,5929
3481,群創,42,14,28,元富-台南,2024-08-14,5929
1101,台泥,22,1,21,元富-台南,2024-08-14,5929
00680L,元大美債20正2,21,0,21,元富-台南,2024-08-14,5929
2363,矽統,34,14,20,元富-台南,2024-08-14,5929
2615,萬海,24,5,19,元富-台南,2024-08-14,5929
3673,TPK-KY,19,0,19,元富-台南,2024-08-14,5929
00937B,群益ESG投等債20,21,5,16,元富-台南,2024-08-14,5929
2609,陽明,15,0,15,元富-台南,2024-08-14,5929
00900,富邦特選高股息30,15,0,15,元富-台南,2024-08-14,5929
00878,國泰永續高股息,22,8,14,元富-台南,2024-08-14,5929
2349,錸德,12,0,12,元富-台南,2024-08-14,5929
2002,中鋼,15,3,12,元富-台南,2024-08-14,5929
2049,上銀,10,0,10,元富-台南,2024-08-14,5929
00918,大華優利高填息30,10,0,10,元富-台南,2024-08-14,5929
2385,群光,10,0,10,元富-台南,2024-08-14,5929
00720B,元大投資級公司債,10,0,10,元富-台南,2024-08-14,5929
1338,廣華-KY,10,0,10,元富-台南,2024-08-14,5929
2421,建準,10,0,10,元富-台南,2024-08-14,5929
3576,聯合再生,12,2,10,元富-台南,2024-08-14,5929
5014,建錩,10,0,10,元富-台南,2024-08-14,5929
5871,中租-KY,10,0,10,元富-台南,2024-08-14,5929
6261,久元,10,0,10,元富-台南,2024-08-14,5929
8110,華東,10,0,10,元富-台南,2024-08-14,5929
1806,冠軍,10,0,10,元富-台南,2024-08-14,5929
2313,華通,12,3,9,元富-台南,2024-08-14,5929
00929,復華台灣科技優息,13,4,9,元富-台南,2024-08-14,5929
2356,英業達,9,1,8,元富-台南,2024-08-14,5929
6156,松上,8,0,8,元富-台南,2024-08-14,5929
3489,森寶,7,0,7,元富-台南,2024-08-14,5929
8050,廣積,7,0,7,元富-台南,2024-08-14,5929
2324,仁寶,8,1,7,元富-台南,2024-08-14,5929
6806,森崴能源,11,4,7,元富-台南,2024-08-14,5929
1301,台塑,6,0,6,元富-台南,2024-08-14,5929
6706,惠特,6,0,6,元富-台南,2024-08-14,5929
8043,蜜望實,9,3,6,元富-台南,2024-08-14,5929
2603,長榮,8,2,6,元富-台南,2024-08-14,5929
00948B,中信優息投資級債,6,0,6,元富-台南,2024-08-14,5929
4303,信立,6,0,6,元富-台南,2024-08-14,5929
1519,華城,7,2,5,元富-台南,2024-08-14,5929
2881,富邦金,10,5,5,元富-台南,2024-08-14,5929
00942B,台新美A公司債20+,5,0,5,元富-台南,2024-08-14,5929
00665L,富邦�琤肭磪囓�2,5,0,5,元富-台南,2024-08-14,5929
1708,東鹼,7,2,5,元富-台南,2024-08-14,5929
2023,燁輝,5,0,5,元富-台南,2024-08-14,5929
2387,精元,5,0,5,元富-台南,2024-08-14,5929
00688L,國泰20年美債正2,404,0,404,元富-台南,2024-08-15,5929
2317,鴻海,136,11,125,元富-台南,2024-08-15,5929
00687B,國泰20年美債,107,1,106,元富-台南,2024-08-15,5929
2303,聯電,212,109,103,元富-台南,2024-08-15,5929
2618,長榮航,79,10,69,元富-台南,2024-08-15,5929
1101,台泥,61,5,56,元富-台南,2024-08-15,5929
4562,穎漢,77,21,56,元富-台南,2024-08-15,5929
2886,兆豐金,54,0,54,元富-台南,2024-08-15,5929
00900,富邦特選高股息30,58,11,47,元富-台南,2024-08-15,5929
00878,國泰永續高股息,47,2,45,元富-台南,2024-08-15,5929
00948B,中信優息投資級債,44,0,44,元富-台南,2024-08-15,5929
2883,凱基金,30,1,29,元富-台南,2024-08-15,5929
2313,華通,24,0,24,元富-台南,2024-08-15,5929
00881,國泰台灣5G+,25,2,23,元富-台南,2024-08-15,5929
2801,彰銀,24,2,22,元富-台南,2024-08-15,5929
3455,由田,24,2,22,元富-台南,2024-08-15,5929
00936,台新永續高息中小,21,0,21,元富-台南,2024-08-15,5929
00929,復華台灣科技優息,24,5,19,元富-台南,2024-08-15,5929
00930,永豐ESG低碳高息,18,0,18,元富-台南,2024-08-15,5929
8936,國統,15,0,15,元富-台南,2024-08-15,5929
1303,南亞,15,0,15,元富-台南,2024-08-15,5929
8374,羅昇,24,9,15,元富-台南,2024-08-15,5929
4951,精拓科,13,0,13,元富-台南,2024-08-15,5929
9904,寶成,14,1,13,元富-台南,2024-08-15,5929
2330,台積電,27,15,12,元富-台南,2024-08-15,5929
00934,中信成長高股息,12,0,12,元富-台南,2024-08-15,5929
4402,郡都開發,11,0,11,元富-台南,2024-08-15,5929
1503,士電,11,0,11,元富-台南,2024-08-15,5929
00795B,中信美國公債20年,10,0,10,元富-台南,2024-08-15,5929
00673R,期元大S＆P原油反1,10,0,10,元富-台南,2024-08-15,5929
00641R,富邦日本反1,10,0,10,元富-台南,2024-08-15,5929
1416,廣豐,10,0,10,元富-台南,2024-08-15,5929
1731,美吾華,10,0,10,元富-台南,2024-08-15,5929
4306,炎洲,10,0,10,元富-台南,2024-08-15,5929
6261,久元,10,0,10,元富-台南,2024-08-15,5929
1609,大亞,9,0,9,元富-台南,2024-08-15,5929
8021,尖點,9,0,9,元富-台南,2024-08-15,5929
00712,復華富時不動產,8,0,8,元富-台南,2024-08-15,5929
2208,台船,8,0,8,元富-台南,2024-08-15,5929
2014,中鴻,7,0,7,元富-台南,2024-08-15,5929
2363,矽統,7,0,7,元富-台南,2024-08-15,5929
2892,第一金,6,0,6,元富-台南,2024-08-15,5929
0056,元大高股息,7,1,6,元富-台南,2024-08-15,5929
8050,廣積,9,3,6,元富-台南,2024-08-15,5929
00679B,元大美債20年,6,0,6,元富-台南,2024-08-15,5929
8299,群聯,6,1,5,元富-台南,2024-08-15,5929
00905,FT臺灣Smart,5,0,5,元富-台南,2024-08-15,5929
00643,群益深証中小,5,0,5,元富-台南,2024-08-15,5929
00751B,元大AAA至A公司債,5,0,5,元富-台南,2024-08-15,5929
2504,國產,7,2,5,元富-台南,2024-08-15,5929
00632R,元大台灣50反1,302,0,302,元富-台南,2024-08-16,5929
1449,佳和,206,0,206,元富-台南,2024-08-16,5929
2618,長榮航,71,2,69,元富-台南,2024-08-16,5929
2610,華航,58,0,58,元富-台南,2024-08-16,5929
2888,新光金,120,66,54,元富-台南,2024-08-16,5929
3576,聯合再生,38,0,38,元富-台南,2024-08-16,5929
2101,南港,38,3,35,元富-台南,2024-08-16,5929
6457,紘康,34,2,32,元富-台南,2024-08-16,5929
6770,力積電,30,0,30,元富-台南,2024-08-16,5929
00687B,國泰20年美債,34,4,30,元富-台南,2024-08-16,5929
3689,湧德,29,2,27,元富-台南,2024-08-16,5929
3712,永崴投控,29,2,27,元富-台南,2024-08-16,5929
2002,中鋼,28,4,24,元富-台南,2024-08-16,5929
00795B,中信美國公債20年,21,0,21,元富-台南,2024-08-16,5929
00945B,凱基美國非投等債,13,0,13,元富-台南,2024-08-16,5929
4566,時碩工業,18,6,12,元富-台南,2024-08-16,5929
1785,光洋科,27,15,12,元富-台南,2024-08-16,5929
00857B,永豐20年美公債,11,0,11,元富-台南,2024-08-16,5929
2337,旺宏,11,0,11,元富-台南,2024-08-16,5929
3105,穩懋,11,0,11,元富-台南,2024-08-16,5929
3520,華盈,13,2,11,元富-台南,2024-08-16,5929
00933B,國泰10Y+金融債,10,0,10,元富-台南,2024-08-16,5929
2834,臺企銀,10,0,10,元富-台南,2024-08-16,5929
2007,燁興,10,0,10,元富-台南,2024-08-16,5929
2301,光寶科,20,10,10,元富-台南,2024-08-16,5929
2906,高林,10,0,10,元富-台南,2024-08-16,5929
6239,力成,10,0,10,元富-台南,2024-08-16,5929
2615,萬海,30,20,10,元富-台南,2024-08-16,5929
2029,盛餘,9,0,9,元富-台南,2024-08-16,5929
2464,盟立,37,28,9,元富-台南,2024-08-16,5929
3260,威剛,10,1,9,元富-台南,2024-08-16,5929
4526,東台,10,1,9,元富-台南,2024-08-16,5929
00878,國泰永續高股息,24,15,9,元富-台南,2024-08-16,5929
4906,正文,11,2,9,元富-台南,2024-08-16,5929
1609,大亞,16,8,8,元富-台南,2024-08-16,5929
1784,訊聯,8,0,8,元富-台南,2024-08-16,5929
2356,英業達,9,1,8,元富-台南,2024-08-16,5929
2208,台船,7,0,7,元富-台南,2024-08-16,5929
5225,東科-KY,7,0,7,元富-台南,2024-08-16,5929
6446,藥華藥,7,1,6,元富-台南,2024-08-16,5929
00936,台新永續高息中小,6,0,6,元富-台南,2024-08-16,5929
00950B,凱基A級公司債,5,0,5,元富-台南,2024-08-16,5929
2020,美亞,5,0,5,元富-台南,2024-08-16,5929
2062,橋椿,9,4,5,元富-台南,2024-08-16,5929
2323,中環,11,6,5,元富-台南,2024-08-16,5929
2427,三商電,5,0,5,元富-台南,2024-08-16,5929
3706,神達,6,1,5,元富-台南,2024-08-16,5929
8076,伍豐,5,0,5,元富-台南,2024-08-16,5929
2349,錸德,5,0,5,元富-台南,2024-08-16,5929
2401,凌陽,6,2,4,元富-台南,2024-08-16,5929
1449,佳和,294,0,294,元富-台南,2024-08-19,5929
2317,鴻海,229,16,213,元富-台南,2024-08-19,5929
00931B,統一美債20年,212,0,212,元富-台南,2024-08-19,5929
2867,三商壽,101,0,101,元富-台南,2024-08-19,5929
6770,力積電,63,0,63,元富-台南,2024-08-19,5929
2354,鴻準,53,7,46,元富-台南,2024-08-19,5929
00937B,群益ESG投等債20,40,0,40,元富-台南,2024-08-19,5929
2618,長榮航,41,1,40,元富-台南,2024-08-19,5929
2359,所羅門,46,12,34,元富-台南,2024-08-19,5929
2363,矽統,32,1,31,元富-台南,2024-08-19,5929
00687B,國泰20年美債,29,0,29,元富-台南,2024-08-19,5929
2101,南港,24,0,24,元富-台南,2024-08-19,5929
00795B,中信美國公債20年,20,0,20,元富-台南,2024-08-19,5929
2731,雄獅,20,0,20,元富-台南,2024-08-19,5929
3227,原相,19,0,19,元富-台南,2024-08-19,5929
1609,大亞,40,23,17,元富-台南,2024-08-19,5929
00878,國泰永續高股息,28,11,17,元富-台南,2024-08-19,5929
2883,凱基金,79,65,14,元富-台南,2024-08-19,5929
3047,訊舟,74,61,13,元富-台南,2024-08-19,5929
9904,寶成,23,10,13,元富-台南,2024-08-19,5929
4526,東台,12,0,12,元富-台南,2024-08-19,5929
2801,彰銀,10,0,10,元富-台南,2024-08-19,5929
00933B,國泰10Y+金融債,10,0,10,元富-台南,2024-08-19,5929
00712,復華富時不動產,10,0,10,元富-台南,2024-08-19,5929
00633L,富邦上証正2,10,0,10,元富-台南,2024-08-19,5929
00688L,國泰20年美債正2,10,0,10,元富-台南,2024-08-19,5929
2402,毅嘉,10,0,10,元富-台南,2024-08-19,5929
2636,台驊控股,11,1,10,元富-台南,2024-08-19,5929
6706,惠特,12,2,10,元富-台南,2024-08-19,5929
8927,北基,10,0,10,元富-台南,2024-08-19,5929
8936,國統,15,5,10,元富-台南,2024-08-19,5929
00665L,富邦�琤肭磪囓�2,8,0,8,元富-台南,2024-08-19,5929
1338,廣華-KY,10,2,8,元富-台南,2024-08-19,5929
3450,聯鈞,11,3,8,元富-台南,2024-08-19,5929
00919,群益台灣精選高息,10,2,8,元富-台南,2024-08-19,5929
3048,益登,7,0,7,元富-台南,2024-08-19,5929
2886,兆豐金,7,0,7,元富-台南,2024-08-19,5929
5225,東科-KY,7,0,7,元富-台南,2024-08-19,5929
6188,廣明,14,8,6,元富-台南,2024-08-19,5929
00929,復華台灣科技優息,8,2,6,元富-台南,2024-08-19,5929
2812,台中銀,10,4,6,元富-台南,2024-08-19,5929
2610,華航,6,0,6,元富-台南,2024-08-19,5929
2892,第一金,5,0,5,元富-台南,2024-08-19,5929
2382,廣達,7,2,5,元富-台南,2024-08-19,5929
00949,復華日本龍頭,5,0,5,元富-台南,2024-08-19,5929
00900,富邦特選高股息30,15,10,5,元富-台南,2024-08-19,5929
3231,緯創,7,2,5,元富-台南,2024-08-19,5929
00950B,凱基A級公司債,5,0,5,元富-台南,2024-08-19,5929
1440,南紡,5,0,5,元富-台南,2024-08-19,5929
2009,第一銅,5,0,5,元富-台南,2024-08-19,5929
00688L,國泰20年美債正2,190,0,190,元富-台南,2024-08-20,5929
2883,凱基金,114,16,98,元富-台南,2024-08-20,5929
00706L,期元大S＆P日圓正2,45,0,45,元富-台南,2024-08-20,5929
00715L,期街口布蘭特正2,39,0,39,元富-台南,2024-08-20,5929
8374,羅昇,34,1,33,元富-台南,2024-08-20,5929
00937B,群益ESG投等債20,31,0,31,元富-台南,2024-08-20,5929
1319,東陽,30,0,30,元富-台南,2024-08-20,5929
2867,三商壽,30,0,30,元富-台南,2024-08-20,5929
4113,聯上,26,0,26,元富-台南,2024-08-20,5929
00687B,國泰20年美債,36,12,24,元富-台南,2024-08-20,5929
8040,九暘,22,0,22,元富-台南,2024-08-20,5929
2002,中鋼,24,3,21,元富-台南,2024-08-20,5929
1314,中石化,18,0,18,元富-台南,2024-08-20,5929
4402,郡都開發,17,1,16,元富-台南,2024-08-20,5929
2101,南港,15,0,15,元富-台南,2024-08-20,5929
2891,中信金,16,1,15,元富-台南,2024-08-20,5929
5484,慧友,15,0,15,元富-台南,2024-08-20,5929
3047,訊舟,52,38,14,元富-台南,2024-08-20,5929
00680L,元大美債20正2,13,0,13,元富-台南,2024-08-20,5929
1303,南亞,12,1,11,元富-台南,2024-08-20,5929
1584,精剛,23,13,10,元富-台南,2024-08-20,5929
1513,中興電,12,2,10,元富-台南,2024-08-20,5929
2359,所羅門,11,2,9,元富-台南,2024-08-20,5929
4157,太景*-KY,9,0,9,元富-台南,2024-08-20,5929
9945,潤泰新,11,2,9,元富-台南,2024-08-20,5929
3708,上緯投控,10,2,8,元富-台南,2024-08-20,5929
2464,盟立,27,19,8,元富-台南,2024-08-20,5929
2615,萬海,10,2,8,元富-台南,2024-08-20,5929
5905,南仁湖,11,3,8,元富-台南,2024-08-20,5929
00679B,元大美債20年,7,0,7,元富-台南,2024-08-20,5929
2881,富邦金,9,2,7,元富-台南,2024-08-20,5929
3455,由田,9,2,7,元富-台南,2024-08-20,5929
2323,中環,6,0,6,元富-台南,2024-08-20,5929
00955,中信日本商社,6,0,6,元富-台南,2024-08-20,5929
2070,精湛,8,2,6,元富-台南,2024-08-20,5929
2489,瑞軒,7,1,6,元富-台南,2024-08-20,5929
2845,遠東銀,6,0,6,元富-台南,2024-08-20,5929
00878,國泰永續高股息,10,5,5,元富-台南,2024-08-20,5929
2356,英業達,6,1,5,元富-台南,2024-08-20,5929
4540,全球傳動,5,0,5,元富-台南,2024-08-20,5929
00905,FT臺灣Smart,5,0,5,元富-台南,2024-08-20,5929
5864,致和證,5,0,5,元富-台南,2024-08-20,5929
6788,華景電,5,0,5,元富-台南,2024-08-20,5929
5474,聰泰,4,0,4,元富-台南,2024-08-20,5929
2012,春雨,4,0,4,元富-台南,2024-08-20,5929
2367,燿華,4,0,4,元富-台南,2024-08-20,5929
2405,輔信,5,1,4,元富-台南,2024-08-20,5929
2472,立隆電,4,0,4,元富-台南,2024-08-20,5929
2528,皇普,4,0,4,元富-台南,2024-08-20,5929
2887,台新金,4,0,4,元富-台南,2024-08-20,5929
2891,中信金,218,20,198,元富-台南,2024-08-21,5929
2317,鴻海,174,2,172,元富-台南,2024-08-21,5929
2618,長榮航,102,0,102,元富-台南,2024-08-21,5929
00680L,元大美債20正2,150,50,100,元富-台南,2024-08-21,5929
5905,南仁湖,50,3,47,元富-台南,2024-08-21,5929
2610,華航,46,0,46,元富-台南,2024-08-21,5929
3712,永崴投控,49,6,43,元富-台南,2024-08-21,5929
00937B,群益ESG投等債20,34,2,32,元富-台南,2024-08-21,5929
1338,廣華-KY,30,0,30,元富-台南,2024-08-21,5929
1608,華榮,30,0,30,元富-台南,2024-08-21,5929
1584,精剛,32,5,27,元富-台南,2024-08-21,5929
3711,日月光投控,23,0,23,元富-台南,2024-08-21,5929
2492,華新科,21,0,21,元富-台南,2024-08-21,5929
00688L,國泰20年美債正2,20,0,20,元富-台南,2024-08-21,5929
6285,啟��,20,0,20,元富-台南,2024-08-21,5929
6770,力積電,20,1,19,元富-台南,2024-08-21,5929
00919,群益台灣精選高息,20,1,19,元富-台南,2024-08-21,5929
2834,臺企銀,17,1,16,元富-台南,2024-08-21,5929
8110,華東,15,0,15,元富-台南,2024-08-21,5929
2330,台積電,15,0,15,元富-台南,2024-08-21,5929
00715L,期街口布蘭特正2,14,0,14,元富-台南,2024-08-21,5929
2313,華通,13,0,13,元富-台南,2024-08-21,5929
6156,松上,22,9,13,元富-台南,2024-08-21,5929
3686,達能,12,0,12,元富-台南,2024-08-21,5929
00878,國泰永續高股息,12,0,12,元富-台南,2024-08-21,5929
5484,慧友,12,1,11,元富-台南,2024-08-21,5929
9136,巨騰-DR,12,1,11,元富-台南,2024-08-21,5929
6869,雲豹能源,31,21,10,元富-台南,2024-08-21,5929
2101,南港,10,0,10,元富-台南,2024-08-21,5929
2367,燿華,14,4,10,元富-台南,2024-08-21,5929
2405,輔信,10,0,10,元富-台南,2024-08-21,5929
3596,智易,10,0,10,元富-台南,2024-08-21,5929
00631L,元大台灣50正2,8,0,8,元富-台南,2024-08-21,5929
3163,波若威,11,3,8,元富-台南,2024-08-21,5929
3437,榮創,8,0,8,元富-台南,2024-08-21,5929
6282,康舒,8,0,8,元富-台南,2024-08-21,5929
9105,泰金寶-DR,10,2,8,元富-台南,2024-08-21,5929
2609,陽明,13,5,8,元富-台南,2024-08-21,5929
00929,復華台灣科技優息,11,3,8,元富-台南,2024-08-21,5929
00679B,元大美債20年,14,7,7,元富-台南,2024-08-21,5929
2359,所羅門,8,1,7,元富-台南,2024-08-21,5929
00940,元大台灣價值高息,7,0,7,元富-台南,2024-08-21,5929
1711,永光,17,10,7,元富-台南,2024-08-21,5929
3028,增你強,7,0,7,元富-台南,2024-08-21,5929
9955,佳龍,34,27,7,元富-台南,2024-08-21,5929
3535,晶彩科,31,25,6,元富-台南,2024-08-21,5929
00915,凱基優選高股息30,6,0,6,元富-台南,2024-08-21,5929
2892,第一金,6,0,6,元富-台南,2024-08-21,5929
3037,欣興,11,5,6,元富-台南,2024-08-21,5929
2374,佳能,6,0,6,元富-台南,2024-08-21,5929
00942B,台新美A公司債20+,321,0,321,元富-台南,2024-08-22,5929
00937B,群益ESG投等債20,322,2,320,元富-台南,2024-08-22,5929
2891,中信金,210,56,154,元富-台南,2024-08-22,5929
00940,元大台灣價值高息,52,1,51,元富-台南,2024-08-22,5929
2867,三商壽,41,0,41,元富-台南,2024-08-22,5929
1785,光洋科,37,8,29,元富-台南,2024-08-22,5929
3712,永崴投控,26,0,26,元富-台南,2024-08-22,5929
5225,東科-KY,23,0,23,元富-台南,2024-08-22,5929
8390,金益鼎,15,0,15,元富-台南,2024-08-22,5929
8040,九暘,14,0,14,元富-台南,2024-08-22,5929
00878,國泰永續高股息,13,0,13,元富-台南,2024-08-22,5929
4113,聯上,17,5,12,元富-台南,2024-08-22,5929
5425,台半,13,1,12,元富-台南,2024-08-22,5929
6457,紘康,12,0,12,元富-台南,2024-08-22,5929
3013,晟銘電,11,0,11,元富-台南,2024-08-22,5929
4714,永捷,15,4,11,元富-台南,2024-08-22,5929
1210,大成,10,0,10,元富-台南,2024-08-22,5929
1338,廣華-KY,10,0,10,元富-台南,2024-08-22,5929
2070,精湛,10,0,10,元富-台南,2024-08-22,5929
3047,訊舟,28,19,9,元富-台南,2024-08-22,5929
2883,凱基金,25,16,9,元富-台南,2024-08-22,5929
5484,慧友,9,0,9,元富-台南,2024-08-22,5929
6706,惠特,10,1,9,元富-台南,2024-08-22,5929
1519,華城,8,0,8,元富-台南,2024-08-22,5929
2344,華邦電,19,11,8,元富-台南,2024-08-22,5929
3689,湧德,10,2,8,元富-台南,2024-08-22,5929
5284,jpp-KY,8,0,8,元富-台南,2024-08-22,5929
5876,上海商銀,8,0,8,元富-台南,2024-08-22,5929
00929,復華台灣科技優息,10,3,7,元富-台南,2024-08-22,5929
2382,廣達,8,1,7,元富-台南,2024-08-22,5929
8936,國統,7,0,7,元富-台南,2024-08-22,5929
2359,所羅門,8,1,7,元富-台南,2024-08-22,5929
2313,華通,7,0,7,元富-台南,2024-08-22,5929
3686,達能,7,0,7,元富-台南,2024-08-22,5929
4402,郡都開發,7,0,7,元富-台南,2024-08-22,5929
6257,矽格,7,0,7,元富-台南,2024-08-22,5929
00679B,元大美債20年,6,0,6,元富-台南,2024-08-22,5929
2497,怡利電,6,0,6,元富-台南,2024-08-22,5929
3490,單井,9,3,6,元富-台南,2024-08-22,5929
2002,中鋼,6,0,6,元富-台南,2024-08-22,5929
00919,群益台灣精選高息,6,0,6,元富-台南,2024-08-22,5929
0056,元大高股息,5,0,5,元富-台南,2024-08-22,5929
00900,富邦特選高股息30,5,0,5,元富-台南,2024-08-22,5929
00688L,國泰20年美債正2,5,0,5,元富-台南,2024-08-22,5929
1326,台化,5,0,5,元富-台南,2024-08-22,5929
3022,威強電,5,0,5,元富-台南,2024-08-22,5929
3379,彬台,5,0,5,元富-台南,2024-08-22,5929
6215,和椿,5,0,5,元富-台南,2024-08-22,5929
6609,瀧澤科,5,0,5,元富-台南,2024-08-22,5929
8027,鈦昇,5,0,5,元富-台南,2024-08-22,5929
1711,永光,119,71,48,元富-台南,2024-08-23,5929
00632R,元大台灣50反1,46,0,46,元富-台南,2024-08-23,5929
2301,光寶科,46,1,45,元富-台南,2024-08-23,5929
00687B,國泰20年美債,42,0,42,元富-台南,2024-08-23,5929
00936,台新永續高息中小,42,0,42,元富-台南,2024-08-23,5929
5521,工信,40,0,40,元富-台南,2024-08-23,5929
6182,合晶,31,0,31,元富-台南,2024-08-23,5929
2330,台積電,38,11,27,元富-台南,2024-08-23,5929
1314,中石化,34,11,23,元富-台南,2024-08-23,5929
2897A,王道銀甲特,20,0,20,元富-台南,2024-08-23,5929
2363,矽統,26,7,19,元富-台南,2024-08-23,5929
1338,廣華-KY,15,0,15,元富-台南,2024-08-23,5929
2349,錸德,22,10,12,元富-台南,2024-08-23,5929
3213,茂訊,12,0,12,元富-台南,2024-08-23,5929
4113,聯上,12,0,12,元富-台南,2024-08-23,5929
2885,元大金,11,0,11,元富-台南,2024-08-23,5929
8033,雷虎,11,0,11,元富-台南,2024-08-23,5929
2337,旺宏,22,11,11,元富-台南,2024-08-23,5929
00940,元大台灣價值高息,11,1,10,元富-台南,2024-08-23,5929
00688L,國泰20年美債正2,10,0,10,元富-台南,2024-08-23,5929
00927,群益半導體收益,10,0,10,元富-台南,2024-08-23,5929
6261,久元,10,0,10,元富-台南,2024-08-23,5929
6143,振曜,18,8,10,元富-台南,2024-08-23,5929
00919,群益台灣精選高息,11,2,9,元富-台南,2024-08-23,5929
00878,國泰永續高股息,9,0,9,元富-台南,2024-08-23,5929
1513,中興電,10,2,8,元富-台南,2024-08-23,5929
6116,彩晶,8,0,8,元富-台南,2024-08-23,5929
9958,世紀鋼,12,4,8,元富-台南,2024-08-23,5929
1808,潤隆,7,0,7,元富-台南,2024-08-23,5929
4729,熒茂,7,0,7,元富-台南,2024-08-23,5929
1309,台達化,6,0,6,元富-台南,2024-08-23,5929
5284,jpp-KY,6,0,6,元富-台南,2024-08-23,5929
5309,系統電,8,2,6,元富-台南,2024-08-23,5929
8096,擎亞,7,1,6,元富-台南,2024-08-23,5929
00929,復華台灣科技優息,28,23,5,元富-台南,2024-08-23,5929
00948B,中信優息投資級債,5,0,5,元富-台南,2024-08-23,5929
1708,東鹼,5,0,5,元富-台南,2024-08-23,5929
2062,橋椿,10,5,5,元富-台南,2024-08-23,5929
3028,增你強,5,0,5,元富-台南,2024-08-23,5929
4563,百德,4,0,4,元富-台南,2024-08-23,5929
00942B,台新美A公司債20+,4,0,4,元富-台南,2024-08-23,5929
1303,南亞,6,2,4,元富-台南,2024-08-23,5929
2615,萬海,19,15,4,元富-台南,2024-08-23,5929
2633,台灣高鐵,4,0,4,元富-台南,2024-08-23,5929
3032,偉訓,4,0,4,元富-台南,2024-08-23,5929
3715,定穎投控,4,0,4,元富-台南,2024-08-23,5929
4402,郡都開發,4,0,4,元富-台南,2024-08-23,5929
6215,和椿,9,5,4,元富-台南,2024-08-23,5929
2352,佳世達,6,2,4,元富-台南,2024-08-23,5929
2354,鴻準,4,0,4,元富-台南,2024-08-23,5929
2888,新光金,531,352,179,元富-台南,2024-08-26,5929
2409,友達,165,85,80,元富-台南,2024-08-26,5929
2618,長榮航,70,0,70,元富-台南,2024-08-26,5929
00715L,期街口布蘭特正2,50,12,38,元富-台南,2024-08-26,5929
00940,元大台灣價值高息,34,0,34,元富-台南,2024-08-26,5929
00948B,中信優息投資級債,30,0,30,元富-台南,2024-08-26,5929
5905,南仁湖,29,1,28,元富-台南,2024-08-26,5929
00915,凱基優選高股息30,25,0,25,元富-台南,2024-08-26,5929
1338,廣華-KY,25,0,25,元富-台南,2024-08-26,5929
00680L,元大美債20正2,24,0,24,元富-台南,2024-08-26,5929
2891,中信金,23,0,23,元富-台南,2024-08-26,5929
2331,精英,22,0,22,元富-台南,2024-08-26,5929
6706,惠特,26,4,22,元富-台南,2024-08-26,5929
00946,群益科技高息成長,20,0,20,元富-台南,2024-08-26,5929
3013,晟銘電,21,1,20,元富-台南,2024-08-26,5929
5443,均豪,34,16,18,元富-台南,2024-08-26,5929
1609,大亞,19,1,18,元富-台南,2024-08-26,5929
2340,台亞,17,0,17,元富-台南,2024-08-26,5929
00688L,國泰20年美債正2,15,0,15,元富-台南,2024-08-26,5929
4174,浩鼎,15,1,14,元富-台南,2024-08-26,5929
6156,松上,24,10,14,元富-台南,2024-08-26,5929
2330,台積電,28,14,14,元富-台南,2024-08-26,5929
9958,世紀鋼,17,4,13,元富-台南,2024-08-26,5929
00929,復華台灣科技優息,18,5,13,元富-台南,2024-08-26,5929
2402,毅嘉,27,15,12,元富-台南,2024-08-26,5929
3711,日月光投控,12,1,11,元富-台南,2024-08-26,5929
4545,銘鈺,11,0,11,元富-台南,2024-08-26,5929
5880,合庫金,11,0,11,元富-台南,2024-08-26,5929
3661,世芯-KY,10,0,10,元富-台南,2024-08-26,5929
1615,大山,10,0,10,元富-台南,2024-08-26,5929
6261,久元,20,10,10,元富-台南,2024-08-26,5929
00937B,群益ESG投等債20,11,2,9,元富-台南,2024-08-26,5929
3615,安可,12,3,9,元富-台南,2024-08-26,5929
3686,達能,11,2,9,元富-台南,2024-08-26,5929
4113,聯上,8,0,8,元富-台南,2024-08-26,5929
5225,東科-KY,10,2,8,元富-台南,2024-08-26,5929
3189,景碩,7,0,7,元富-台南,2024-08-26,5929
2376,技嘉,16,9,7,元富-台南,2024-08-26,5929
00927,群益半導體收益,7,0,7,元富-台南,2024-08-26,5929
5306,桂盟,11,4,7,元富-台南,2024-08-26,5929
1711,永光,59,53,6,元富-台南,2024-08-26,5929
1513,中興電,6,0,6,元富-台南,2024-08-26,5929
00687B,國泰20年美債,6,0,6,元富-台南,2024-08-26,5929
2344,華邦電,6,0,6,元富-台南,2024-08-26,5929
2317,鴻海,19,13,6,元富-台南,2024-08-26,5929
2419,仲琦,6,0,6,元富-台南,2024-08-26,5929
3313,斐成,6,0,6,元富-台南,2024-08-26,5929
3455,由田,6,0,6,元富-台南,2024-08-26,5929
5425,台半,6,0,6,元富-台南,2024-08-26,5929
2363,矽統,6,0,6,元富-台南,2024-08-26,5929
2883,凱基金,96,0,96,元富-台南,2024-08-27,5929
3481,群創,96,12,84,元富-台南,2024-08-27,5929
2891,中信金,51,7,44,元富-台南,2024-08-27,5929
2609,陽明,34,0,34,元富-台南,2024-08-27,5929
2354,鴻準,30,0,30,元富-台南,2024-08-27,5929
3036A,文曄甲特,30,0,30,元富-台南,2024-08-27,5929
4113,聯上,26,0,26,元富-台南,2024-08-27,5929
2892,第一金,25,0,25,元富-台南,2024-08-27,5929
2317,鴻海,27,3,24,元富-台南,2024-08-27,5929
2330,台積電,22,0,22,元富-台南,2024-08-27,5929
2834,臺企銀,20,0,20,元富-台南,2024-08-27,5929
2845,遠東銀,19,1,18,元富-台南,2024-08-27,5929
2542,興富發,17,0,17,元富-台南,2024-08-27,5929
00942B,台新美A公司債20+,15,0,15,元富-台南,2024-08-27,5929
1314,中石化,25,10,15,元富-台南,2024-08-27,5929
1718,中纖,15,0,15,元富-台南,2024-08-27,5929
3550,聯穎,16,1,15,元富-台南,2024-08-27,5929
5876,上海商銀,15,0,15,元富-台南,2024-08-27,5929
2303,聯電,13,0,13,元富-台南,2024-08-27,5929
5905,南仁湖,13,0,13,元富-台南,2024-08-27,5929
5880,合庫金,13,1,12,元富-台南,2024-08-27,5929
1711,永光,72,60,12,元富-台南,2024-08-27,5929
00929,復華台灣科技優息,25,13,12,元富-台南,2024-08-27,5929
00919,群益台灣精選高息,12,1,11,元富-台南,2024-08-27,5929
00940,元大台灣價值高息,21,10,11,元富-台南,2024-08-27,5929
00680L,元大美債20正2,10,0,10,元富-台南,2024-08-27,5929
00688L,國泰20年美債正2,10,0,10,元富-台南,2024-08-27,5929
2027,大成鋼,10,0,10,元富-台南,2024-08-27,5929
2515,中工,10,0,10,元富-台南,2024-08-27,5929
2540,愛山林,10,0,10,元富-台南,2024-08-27,5929
4540,全球傳動,15,6,9,元富-台南,2024-08-27,5929
00939,統一台灣高息動能,9,0,9,元富-台南,2024-08-27,5929
2382,廣達,10,4,6,元富-台南,2024-08-27,5929
0056,元大高股息,6,0,6,元富-台南,2024-08-27,5929
00687B,國泰20年美債,6,0,6,元富-台南,2024-08-27,5929
2353,宏��,6,0,6,元富-台南,2024-08-27,5929
00896,中信綠能及電動車,6,0,6,元富-台南,2024-08-27,5929
5475,德宏,6,0,6,元富-台南,2024-08-27,5929
6116,彩晶,6,0,6,元富-台南,2024-08-27,5929
6156,松上,17,11,6,元富-台南,2024-08-27,5929
00878,國泰永續高股息,11,5,6,元富-台南,2024-08-27,5929
00936,台新永續高息中小,5,0,5,元富-台南,2024-08-27,5929
00951,台新日本半導體,5,0,5,元富-台南,2024-08-27,5929
1722,台肥,5,0,5,元富-台南,2024-08-27,5929
00927,群益半導體收益,5,0,5,元富-台南,2024-08-27,5929
1338,廣華-KY,5,0,5,元富-台南,2024-08-27,5929
2312,金寶,7,2,5,元富-台南,2024-08-27,5929
2337,旺宏,5,0,5,元富-台南,2024-08-27,5929
2340,台亞,5,0,5,元富-台南,2024-08-27,5929
3437,榮創,5,0,5,元富-台南,2024-08-27,5929
5512,力麒,100,0,100,元富-台南,2024-08-28,5929
2330,台積電,55,6,49,元富-台南,2024-08-28,5929
2892,第一金,46,0,46,元富-台南,2024-08-28,5929
2891,中信金,45,1,44,元富-台南,2024-08-28,5929
1711,永光,56,22,34,元富-台南,2024-08-28,5929
00959B,大華投等美債15Y+,32,0,32,元富-台南,2024-08-28,5929
2834,臺企銀,30,0,30,元富-台南,2024-08-28,5929
4714,永捷,32,2,30,元富-台南,2024-08-28,5929
4562,穎漢,26,3,23,元富-台南,2024-08-28,5929
1303,南亞,22,0,22,元富-台南,2024-08-28,5929
2887,台新金,24,4,20,元富-台南,2024-08-28,5929
5905,南仁湖,19,1,18,元富-台南,2024-08-28,5929
1609,大亞,15,0,15,元富-台南,2024-08-28,5929
00688L,國泰20年美債正2,15,0,15,元富-台南,2024-08-28,5929
5371,中光電,15,0,15,元富-台南,2024-08-28,5929
8111,立��,20,8,12,元富-台南,2024-08-28,5929
1314,中石化,11,0,11,元富-台南,2024-08-28,5929
2537,聯上發,10,0,10,元富-台南,2024-08-28,5929
00706L,期元大S＆P日圓正2,10,0,10,元富-台南,2024-08-28,5929
2371,大同,10,0,10,元富-台南,2024-08-28,5929
8927,北基,10,0,10,元富-台南,2024-08-28,5929
3481,群創,36,27,9,元富-台南,2024-08-28,5929
2845,遠東銀,8,0,8,元富-台南,2024-08-28,5929
3522,御嵿,6,0,6,元富-台南,2024-08-28,5929
00929,復華台灣科技優息,16,10,6,元富-台南,2024-08-28,5929
1727,中華化,6,0,6,元富-台南,2024-08-28,5929
2489,瑞軒,6,0,6,元富-台南,2024-08-28,5929
8039,台虹,8,2,6,元富-台南,2024-08-28,5929
2365,昆盈,5,0,5,元富-台南,2024-08-28,5929
6548,長科*,5,0,5,元富-台南,2024-08-28,5929
6117,迎廣,5,0,5,元富-台南,2024-08-28,5929
00950B,凱基A級公司債,5,0,5,元富-台南,2024-08-28,5929
00953B,群益優選非投等債,5,0,5,元富-台南,2024-08-28,5929
00680L,元大美債20正2,5,0,5,元富-台南,2024-08-28,5929
1338,廣華-KY,5,0,5,元富-台南,2024-08-28,5929
5876,上海商銀,5,0,5,元富-台南,2024-08-28,5929
6215,和椿,5,0,5,元富-台南,2024-08-28,5929
9105,泰金寶-DR,5,0,5,元富-台南,2024-08-28,5929
3413,京鼎,5,0,5,元富-台南,2024-08-28,5929
2609,陽明,6,1,5,元富-台南,2024-08-28,5929
5225,東科-KY,5,0,5,元富-台南,2024-08-28,5929
2511,太子,4,0,4,元富-台南,2024-08-28,5929
3010,華立,5,1,4,元富-台南,2024-08-28,5929
8064,東捷,8,4,4,元富-台南,2024-08-28,5929
1597,直得,12,8,4,元富-台南,2024-08-28,5929
3059,華晶科,4,0,4,元富-台南,2024-08-28,5929
3673,TPK-KY,4,0,4,元富-台南,2024-08-28,5929
4543,萬在,4,0,4,元富-台南,2024-08-28,5929
4555,氣立,5,1,4,元富-台南,2024-08-28,5929
6196,帆宣,4,0,4,元富-台南,2024-08-28,5929
00937B,群益ESG投等債20,122,0,122,元富-台南,2024-08-29,5929
00929,復華台灣科技優息,61,2,59,元富-台南,2024-08-29,5929
00687B,國泰20年美債,50,0,50,元富-台南,2024-08-29,5929
2845,遠東銀,49,0,49,元富-台南,2024-08-29,5929
3481,群創,35,1,34,元富-台南,2024-08-29,5929
1314,中石化,32,1,31,元富-台南,2024-08-29,5929
00919,群益台灣精選高息,35,5,30,元富-台南,2024-08-29,5929
2887,台新金,25,0,25,元富-台南,2024-08-29,5929
4510,高鋒,39,16,23,元富-台南,2024-08-29,5929
2330,台積電,23,0,23,元富-台南,2024-08-29,5929
00688L,國泰20年美債正2,20,0,20,元富-台南,2024-08-29,5929
3036A,文曄甲特,20,0,20,元富-台南,2024-08-29,5929
00878,國泰永續高股息,25,6,19,元富-台南,2024-08-29,5929
6603,富強鑫,18,0,18,元富-台南,2024-08-29,5929
1721,三晃,20,3,17,元富-台南,2024-08-29,5929
3231,緯創,17,0,17,元富-台南,2024-08-29,5929
2891,中信金,39,25,14,元富-台南,2024-08-29,5929
5443,均豪,22,8,14,元富-台南,2024-08-29,5929
3550,聯穎,17,3,14,元富-台南,2024-08-29,5929
6457,紘康,13,0,13,元富-台南,2024-08-29,5929
00942B,台新美A公司債20+,12,0,12,元富-台南,2024-08-29,5929
5876,上海商銀,12,0,12,元富-台南,2024-08-29,5929
00679B,元大美債20年,11,0,11,元富-台南,2024-08-29,5929
00680L,元大美債20正2,10,0,10,元富-台南,2024-08-29,5929
00959B,大華投等美債15Y+,10,0,10,元富-台南,2024-08-29,5929
3490,單井,12,2,10,元富-台南,2024-08-29,5929
4174,浩鼎,28,20,8,元富-台南,2024-08-29,5929
00936,台新永續高息中小,7,0,7,元富-台南,2024-08-29,5929
3234,光環,7,0,7,元富-台南,2024-08-29,5929
3455,由田,7,0,7,元富-台南,2024-08-29,5929
4714,永捷,7,0,7,元富-台南,2024-08-29,5929
2382,廣達,8,2,6,元富-台南,2024-08-29,5929
1303,南亞,5,0,5,元富-台南,2024-08-29,5929
2062,橋椿,6,1,5,元富-台南,2024-08-29,5929
3149,正達,6,1,5,元富-台南,2024-08-29,5929
1236,宏亞,5,0,5,元富-台南,2024-08-29,5929
1527,鑽全,5,0,5,元富-台南,2024-08-29,5929
3037,欣興,15,10,5,元富-台南,2024-08-29,5929
2618,長榮航,30,25,5,元富-台南,2024-08-29,5929
5905,南仁湖,6,2,4,元富-台南,2024-08-29,5929
1725,元禎,5,1,4,元富-台南,2024-08-29,5929
2392,正崴,25,21,4,元富-台南,2024-08-29,5929
3265,台星科,4,0,4,元富-台南,2024-08-29,5929
4543,萬在,4,0,4,元富-台南,2024-08-29,5929
4566,時碩工業,7,3,4,元富-台南,2024-08-29,5929
5283,禾聯碩,4,0,4,元富-台南,2024-08-29,5929
6016,康和證,5,1,4,元富-台南,2024-08-29,5929
9946,三發地產,4,0,4,元富-台南,2024-08-29,5929
4555,氣立,6,3,3,元富-台南,2024-08-29,5929
1609,大亞,3,0,3,元富-台南,2024-08-29,5929
00937B,群益ESG投等債20,88,0,88,元富-台南,2024-08-30,5929
1711,永光,95,39,56,元富-台南,2024-08-30,5929
3015,全漢,45,4,41,元富-台南,2024-08-30,5929
2888,新光金,76,40,36,元富-台南,2024-08-30,5929
2388,威盛,31,0,31,元富-台南,2024-08-30,5929
00948B,中信優息投資級債,25,0,25,元富-台南,2024-08-30,5929
00878,國泰永續高股息,30,6,24,元富-台南,2024-08-30,5929
00687B,國泰20年美債,18,0,18,元富-台南,2024-08-30,5929
2382,廣達,17,0,17,元富-台南,2024-08-30,5929
2892,第一金,16,0,16,元富-台南,2024-08-30,5929
00688L,國泰20年美債正2,15,0,15,元富-台南,2024-08-30,5929
2607,榮運,15,0,15,元富-台南,2024-08-30,5929
6603,富強鑫,12,0,12,元富-台南,2024-08-30,5929
1301,台塑,11,0,11,元富-台南,2024-08-30,5929
00673R,期元大S＆P原油反1,10,0,10,元富-台南,2024-08-30,5929
00680L,元大美債20正2,10,0,10,元富-台南,2024-08-30,5929
2323,中環,10,0,10,元富-台南,2024-08-30,5929
3303,岱稜,10,0,10,元富-台南,2024-08-30,5929
4538,大詠城,10,0,10,元富-台南,2024-08-30,5929
5876,上海商銀,15,5,10,元富-台南,2024-08-30,5929
4526,東台,27,18,9,元富-台南,2024-08-30,5929
5225,東科-KY,11,2,9,元富-台南,2024-08-30,5929
8104,錸寶,9,0,9,元富-台南,2024-08-30,5929
00919,群益台灣精選高息,8,0,8,元富-台南,2024-08-30,5929
6546,正基,8,0,8,元富-台南,2024-08-30,5929
3264,欣銓,8,0,8,元富-台南,2024-08-30,5929
2367,燿華,24,17,7,元富-台南,2024-08-30,5929
3167,大量,8,1,7,元富-台南,2024-08-30,5929
5905,南仁湖,7,0,7,元富-台南,2024-08-30,5929
1528,恩德,12,5,7,元富-台南,2024-08-30,5929
2887,台新金,6,0,6,元富-台南,2024-08-30,5929
3605,宏致,11,5,6,元富-台南,2024-08-30,5929
8438,昶昕,6,0,6,元富-台南,2024-08-30,5929
1519,華城,5,0,5,元富-台南,2024-08-30,5929
1338,廣華-KY,5,0,5,元富-台南,2024-08-30,5929
2062,橋椿,5,0,5,元富-台南,2024-08-30,5929
2409,友達,8,3,5,元富-台南,2024-08-30,5929
3049,精金,5,0,5,元富-台南,2024-08-30,5929
3050,鈺德,5,0,5,元富-台南,2024-08-30,5929
4543,萬在,8,3,5,元富-台南,2024-08-30,5929
5234,達興材料,5,0,5,元富-台南,2024-08-30,5929
6218,豪勉,5,0,5,元富-台南,2024-08-30,5929
6788,華景電,5,0,5,元富-台南,2024-08-30,5929
8150,南茂,5,0,5,元富-台南,2024-08-30,5929
4906,正文,8,4,4,元富-台南,2024-08-30,5929
00679B,元大美債20年,4,0,4,元富-台南,2024-08-30,5929
2353,宏��,4,0,4,元富-台南,2024-08-30,5929
3580,友威科,4,0,4,元富-台南,2024-08-30,5929
2308,台達電,4,0,4,元富-台南,2024-08-30,5929
2363,矽統,4,0,4,元富-台南,2024-08-30,5929
00940,元大台灣價值高息,122,1,121,元富-台南,2024-09-02,5929
00929,復華台灣科技優息,80,3,77,元富-台南,2024-09-02,5929
00878,國泰永續高股息,77,2,75,元富-台南,2024-09-02,5929
00665L,富邦�琤肭磪囓�2,70,0,70,元富-台南,2024-09-02,5929
00688L,國泰20年美債正2,60,0,60,元富-台南,2024-09-02,5929
00937B,群益ESG投等債20,59,0,59,元富-台南,2024-09-02,5929
00715L,期街口布蘭特正2,58,0,58,元富-台南,2024-09-02,5929
00706L,期元大S＆P日圓正2,50,0,50,元富-台南,2024-09-02,5929
2313,華通,46,3,43,元富-台南,2024-09-02,5929
1440,南紡,35,0,35,元富-台南,2024-09-02,5929
00680L,元大美債20正2,34,0,34,元富-台南,2024-09-02,5929
0056,元大高股息,34,1,33,元富-台南,2024-09-02,5929
6187,萬潤,38,5,33,元富-台南,2024-09-02,5929
3437,榮創,34,5,29,元富-台南,2024-09-02,5929
1314,中石化,26,1,25,元富-台南,2024-09-02,5929
4174,浩鼎,28,4,24,元富-台南,2024-09-02,5929
2603,長榮,23,1,22,元富-台南,2024-09-02,5929
6806,森崴能源,24,2,22,元富-台南,2024-09-02,5929
1711,永光,42,21,21,元富-台南,2024-09-02,5929
3260,威剛,21,0,21,元富-台南,2024-09-02,5929
00687B,國泰20年美債,20,0,20,元富-台南,2024-09-02,5929
3481,群創,27,8,19,元富-台南,2024-09-02,5929
00948B,中信優息投資級債,19,0,19,元富-台南,2024-09-02,5929
00919,群益台灣精選高息,18,0,18,元富-台南,2024-09-02,5929
3290,東浦,18,2,16,元富-台南,2024-09-02,5929
00942B,台新美A公司債20+,15,0,15,元富-台南,2024-09-02,5929
2618,長榮航,15,1,14,元富-台南,2024-09-02,5929
3580,友威科,14,0,14,元富-台南,2024-09-02,5929
5905,南仁湖,12,0,12,元富-台南,2024-09-02,5929
6215,和椿,14,2,12,元富-台南,2024-09-02,5929
1513,中興電,18,7,11,元富-台南,2024-09-02,5929
2420,新巨,10,0,10,元富-台南,2024-09-02,5929
5225,東科-KY,10,0,10,元富-台南,2024-09-02,5929
6739,竹陞科技,10,0,10,元富-台南,2024-09-02,5929
2208,台船,9,0,9,元富-台南,2024-09-02,5929
4538,大詠城,9,0,9,元富-台南,2024-09-02,5929
8182,加高,9,0,9,元富-台南,2024-09-02,5929
5603,陸海,8,0,8,元富-台南,2024-09-02,5929
00632R,元大台灣50反1,7,0,7,元富-台南,2024-09-02,5929
00857B,永豐20年美公債,7,0,7,元富-台南,2024-09-02,5929
1618,合機,7,0,7,元富-台南,2024-09-02,5929
3062,建漢,8,1,7,元富-台南,2024-09-02,5929
3294,英濟,7,0,7,元富-台南,2024-09-02,5929
8105,凌巨,17,10,7,元富-台南,2024-09-02,5929
3149,正達,15,9,6,元富-台南,2024-09-02,5929
3231,緯創,7,1,6,元富-台南,2024-09-02,5929
6548,長科*,6,0,6,元富-台南,2024-09-02,5929
2330,台積電,6,0,6,元富-台南,2024-09-02,5929
2353,宏��,5,0,5,元富-台南,2024-09-02,5929
00918,大華優利高填息30,5,0,5,元富-台南,2024-09-02,5929
3036A,文曄甲特,100,0,100,元富-台南,2024-09-03,5929
1808,潤隆,76,0,76,元富-台南,2024-09-03,5929
00919,群益台灣精選高息,55,7,48,元富-台南,2024-09-03,5929
00937B,群益ESG投等債20,44,0,44,元富-台南,2024-09-03,5929
00688L,國泰20年美債正2,42,0,42,元富-台南,2024-09-03,5929
2017,官田鋼,38,0,38,元富-台南,2024-09-03,5929
8096,擎亞,34,0,34,元富-台南,2024-09-03,5929
00706L,期元大S＆P日圓正2,30,0,30,元富-台南,2024-09-03,5929
00929,復華台灣科技優息,36,6,30,元富-台南,2024-09-03,5929
00948B,中信優息投資級債,30,4,26,元富-台南,2024-09-03,5929
1597,直得,23,2,21,元富-台南,2024-09-03,5929
3437,榮創,23,3,20,元富-台南,2024-09-03,5929
5469,瀚宇博,20,0,20,元富-台南,2024-09-03,5929
2610,華航,18,1,17,元富-台南,2024-09-03,5929
4714,永捷,27,10,17,元富-台南,2024-09-03,5929
00687B,國泰20年美債,16,0,16,元富-台南,2024-09-03,5929
1609,大亞,16,1,15,元富-台南,2024-09-03,5929
1314,中石化,13,0,13,元富-台南,2024-09-03,5929
1326,台化,12,0,12,元富-台南,2024-09-03,5929
00918,大華優利高填息30,12,0,12,元富-台南,2024-09-03,5929
2537,聯上發,11,0,11,元富-台南,2024-09-03,5929
2324,仁寶,10,0,10,元富-台南,2024-09-03,5929
00665L,富邦�琤肭磪囓�2,10,0,10,元富-台南,2024-09-03,5929
00724B,群益投資級金融債,10,0,10,元富-台南,2024-09-03,5929
1338,廣華-KY,10,0,10,元富-台南,2024-09-03,5929
1447,力鵬,10,0,10,元富-台南,2024-09-03,5929
2353,宏��,10,0,10,元富-台南,2024-09-03,5929
2369,菱生,10,0,10,元富-台南,2024-09-03,5929
2449,京元電子,15,5,10,元富-台南,2024-09-03,5929
2897A,王道銀甲特,10,0,10,元富-台南,2024-09-03,5929
5371,中光電,10,0,10,元富-台南,2024-09-03,5929
6226,光鼎,10,0,10,元富-台南,2024-09-03,5929
6215,和椿,19,9,10,元富-台南,2024-09-03,5929
00878,國泰永續高股息,10,0,10,元富-台南,2024-09-03,5929
00915,凱基優選高股息30,15,6,9,元富-台南,2024-09-03,5929
2002,中鋼,9,0,9,元富-台南,2024-09-03,5929
4958,臻鼎-KY,12,3,9,元富-台南,2024-09-03,5929
6457,紘康,11,2,9,元富-台南,2024-09-03,5929
8076,伍豐,12,3,9,元富-台南,2024-09-03,5929
2301,光寶科,9,1,8,元富-台南,2024-09-03,5929
2365,昆盈,25,17,8,元富-台南,2024-09-03,5929
2542,興富發,8,0,8,元富-台南,2024-09-03,5929
4540,全球傳動,8,0,8,元富-台南,2024-09-03,5929
2330,台積電,7,0,7,元富-台南,2024-09-03,5929
2892,第一金,7,0,7,元富-台南,2024-09-03,5929
2882,國泰金,7,0,7,元富-台南,2024-09-03,5929
3260,威剛,8,1,7,元富-台南,2024-09-03,5929
3290,東浦,7,0,7,元富-台南,2024-09-03,5929
3231,緯創,11,5,6,元富-台南,2024-09-03,5929
00921,兆豐龍頭等權重,6,0,6,元富-台南,2024-09-03,5929
00929,復華台灣科技優息,126,7,119,元富-台南,2024-09-04,5929
1449,佳和,105,0,105,元富-台南,2024-09-04,5929
00688L,國泰20年美債正2,90,0,90,元富-台南,2024-09-04,5929
00878,國泰永續高股息,79,1,78,元富-台南,2024-09-04,5929
2002,中鋼,80,3,77,元富-台南,2024-09-04,5929
2101,南港,70,0,70,元富-台南,2024-09-04,5929
00919,群益台灣精選高息,62,2,60,元富-台南,2024-09-04,5929
0056,元大高股息,52,1,51,元富-台南,2024-09-04,5929
2891,中信金,41,1,40,元富-台南,2024-09-04,5929
00713,元大台灣高息低波,40,0,40,元富-台南,2024-09-04,5929
00945B,凱基美國非投等債,40,0,40,元富-台南,2024-09-04,5929
1314,中石化,35,0,35,元富-台南,2024-09-04,5929
1104,環泥,34,0,34,元富-台南,2024-09-04,5929
2330,台積電,40,9,31,元富-台南,2024-09-04,5929
1101,台泥,32,1,31,元富-台南,2024-09-04,5929
2369,菱生,30,0,30,元富-台南,2024-09-04,5929
3481,群創,43,14,29,元富-台南,2024-09-04,5929
00715L,期街口布蘭特正2,28,0,28,元富-台南,2024-09-04,5929
00918,大華優利高填息30,28,0,28,元富-台南,2024-09-04,5929
2610,華航,27,0,27,元富-台南,2024-09-04,5929
0050,元大台灣50,26,0,26,元富-台南,2024-09-04,5929
8091,翔名,26,0,26,元富-台南,2024-09-04,5929
2408,南亞科,28,2,26,元富-台南,2024-09-04,5929
2313,華通,50,25,25,元富-台南,2024-09-04,5929
00946,群益科技高息成長,24,0,24,元富-台南,2024-09-04,5929
2392,正崴,27,4,23,元富-台南,2024-09-04,5929
00937B,群益ESG投等債20,31,9,22,元富-台南,2024-09-04,5929
00915,凱基優選高股息30,22,0,22,元富-台南,2024-09-04,5929
1303,南亞,22,1,21,元富-台南,2024-09-04,5929
00680L,元大美債20正2,20,0,20,元富-台南,2024-09-04,5929
2017,官田鋼,20,0,20,元富-台南,2024-09-04,5929
8442,威宏-KY,20,0,20,元富-台南,2024-09-04,5929
2382,廣達,22,2,20,元富-台南,2024-09-04,5929
2880,華南金,19,0,19,元富-台南,2024-09-04,5929
00927,群益半導體收益,24,5,19,元富-台南,2024-09-04,5929
00930,永豐ESG低碳高息,17,0,17,元富-台南,2024-09-04,5929
006208,富邦台50,15,0,15,元富-台南,2024-09-04,5929
1735,日勝化,21,6,15,元富-台南,2024-09-04,5929
4510,高鋒,27,15,12,元富-台南,2024-09-04,5929
1447,力鵬,11,0,11,元富-台南,2024-09-04,5929
3231,緯創,11,0,11,元富-台南,2024-09-04,5929
00942B,台新美A公司債20+,10,0,10,元富-台南,2024-09-04,5929
00954,中信日本半導體,10,0,10,元富-台南,2024-09-04,5929
2106,建大,10,0,10,元富-台南,2024-09-04,5929
2633,台灣高鐵,10,0,10,元富-台南,2024-09-04,5929
2836,高雄銀,10,0,10,元富-台南,2024-09-04,5929
2344,華邦電,30,21,9,元富-台南,2024-09-04,5929
2897,王道銀行,9,0,9,元富-台南,2024-09-04,5929
5905,南仁湖,12,3,9,元富-台南,2024-09-04,5929
8927,北基,9,0,9,元富-台南,2024-09-04,5929
2867,三商壽,107,0,107,元富-台南,2024-09-05,5929
00706L,期元大S＆P日圓正2,100,0,100,元富-台南,2024-09-05,5929
3036A,文曄甲特,57,0,57,元富-台南,2024-09-05,5929
2605,新興,43,0,43,元富-台南,2024-09-05,5929
00878,國泰永續高股息,42,0,42,元富-台南,2024-09-05,5929
4906,正文,32,0,32,元富-台南,2024-09-05,5929
2897A,王道銀甲特,30,0,30,元富-台南,2024-09-05,5929
00919,群益台灣精選高息,25,0,25,元富-台南,2024-09-05,5929
00687B,國泰20年美債,27,4,23,元富-台南,2024-09-05,5929
2317,鴻海,34,12,22,元富-台南,2024-09-05,5929
00715L,期街口布蘭特正2,21,0,21,元富-台南,2024-09-05,5929
00947,台新臺灣IC設計,20,0,20,元富-台南,2024-09-05,5929
00940,元大台灣價值高息,20,0,20,元富-台南,2024-09-05,5929
00945B,凱基美國非投等債,20,0,20,元富-台南,2024-09-05,5929
00918,大華優利高填息30,19,0,19,元富-台南,2024-09-05,5929
2344,華邦電,31,12,19,元富-台南,2024-09-05,5929
00929,復華台灣科技優息,18,0,18,元富-台南,2024-09-05,5929
00951,台新日本半導體,16,0,16,元富-台南,2024-09-05,5929
00680L,元大美債20正2,15,0,15,元富-台南,2024-09-05,5929
5905,南仁湖,18,3,15,元富-台南,2024-09-05,5929
00944,野村趨勢動能高息,12,0,12,元富-台南,2024-09-05,5929
6213,聯茂,14,2,12,元富-台南,2024-09-05,5929
2002,中鋼,11,0,11,元富-台南,2024-09-05,5929
00679B,元大美債20年,12,1,11,元富-台南,2024-09-05,5929
5371,中光電,11,0,11,元富-台南,2024-09-05,5929
8374,羅昇,23,12,11,元富-台南,2024-09-05,5929
1785,光洋科,12,2,10,元富-台南,2024-09-05,5929
00948B,中信優息投資級債,10,0,10,元富-台南,2024-09-05,5929
2615,萬海,20,10,10,元富-台南,2024-09-05,5929
0056,元大高股息,9,0,9,元富-台南,2024-09-05,5929
2337,旺宏,21,12,9,元富-台南,2024-09-05,5929
00952,凱基台灣AI50,8,0,8,元富-台南,2024-09-05,5929
2408,南亞科,8,0,8,元富-台南,2024-09-05,5929
6457,紘康,11,4,7,元富-台南,2024-09-05,5929
3443,創意,7,0,7,元富-台南,2024-09-05,5929
2330,台積電,9,2,7,元富-台南,2024-09-05,5929
3037,欣興,6,0,6,元富-台南,2024-09-05,5929
6742,澤米,6,0,6,元富-台南,2024-09-05,5929
00927,群益半導體收益,6,0,6,元富-台南,2024-09-05,5929
00632R,元大台灣50反1,6,0,6,元富-台南,2024-09-05,5929
00953B,群益優選非投等債,6,0,6,元富-台南,2024-09-05,5929
3312,弘憶股,6,0,6,元富-台南,2024-09-05,5929
2367,燿華,5,0,5,元富-台南,2024-09-05,5929
2402,毅嘉,5,0,5,元富-台南,2024-09-05,5929
00712,復華富時不動產,5,0,5,元富-台南,2024-09-05,5929
00915,凱基優選高股息30,6,1,5,元富-台南,2024-09-05,5929
3231,緯創,8,3,5,元富-台南,2024-09-05,5929
6187,萬潤,6,1,5,元富-台南,2024-09-05,5929
8027,鈦昇,6,1,5,元富-台南,2024-09-05,5929
00665L,富邦�琤肭磪囓�2,5,0,5,元富-台南,2024-09-05,5929
2883,凱基金,260,122,138,元富-台南,2024-09-06,5929
00687B,國泰20年美債,128,0,128,元富-台南,2024-09-06,5929
1217,愛之味,50,0,50,元富-台南,2024-09-06,5929
00679B,元大美債20年,51,7,44,元富-台南,2024-09-06,5929
00937B,群益ESG投等債20,42,6,36,元富-台南,2024-09-06,5929
1104,環泥,30,0,30,元富-台南,2024-09-06,5929
00948B,中信優息投資級債,25,0,25,元富-台南,2024-09-06,5929
3706,神達,25,0,25,元富-台南,2024-09-06,5929
00929,復華台灣科技優息,24,0,24,元富-台南,2024-09-06,5929
00945B,凱基美國非投等債,17,0,17,元富-台南,2024-09-06,5929
1609,大亞,17,1,16,元富-台南,2024-09-06,5929
2888,新光金,21,8,13,元富-台南,2024-09-06,5929
1711,永光,108,95,13,元富-台南,2024-09-06,5929
4707,磐亞,12,0,12,元富-台南,2024-09-06,5929
6457,紘康,13,1,12,元富-台南,2024-09-06,5929
2002,中鋼,13,2,11,元富-台南,2024-09-06,5929
00919,群益台灣精選高息,12,1,11,元富-台南,2024-09-06,5929
00878,國泰永續高股息,14,4,10,元富-台南,2024-09-06,5929
2017,官田鋼,10,0,10,元富-台南,2024-09-06,5929
2371,大同,10,0,10,元富-台南,2024-09-06,5929
5340,建榮,10,0,10,元富-台南,2024-09-06,5929
1541,錩泰,10,1,9,元富-台南,2024-09-06,5929
6606,建德工業,9,0,9,元富-台南,2024-09-06,5929
1314,中石化,8,0,8,元富-台南,2024-09-06,5929
00688L,國泰20年美債正2,8,0,8,元富-台南,2024-09-06,5929
2495,普安,8,0,8,元富-台南,2024-09-06,5929
5443,均豪,16,8,8,元富-台南,2024-09-06,5929
4513,福裕,8,1,7,元富-台南,2024-09-06,5929
6290,良維,8,1,7,元富-台南,2024-09-06,5929
2303,聯電,10,3,7,元富-台南,2024-09-06,5929
2426,鼎元,7,0,7,元富-台南,2024-09-06,5929
00940,元大台灣價值高息,22,15,7,元富-台南,2024-09-06,5929
8027,鈦昇,7,1,6,元富-台南,2024-09-06,5929
00946,群益科技高息成長,8,2,6,元富-台南,2024-09-06,5929
2615,萬海,26,20,6,元富-台南,2024-09-06,5929
3583,辛耘,7,1,6,元富-台南,2024-09-06,5929
2317,鴻海,25,20,5,元富-台南,2024-09-06,5929
3490,單井,5,0,5,元富-台南,2024-09-06,5929
5225,東科-KY,5,0,5,元富-台南,2024-09-06,5929
5426,振發,5,0,5,元富-台南,2024-09-06,5929
6133,金橋,5,0,5,元富-台南,2024-09-06,5929
6156,松上,10,5,5,元富-台南,2024-09-06,5929
6405,悅城,7,2,5,元富-台南,2024-09-06,5929
1409,新纖,5,0,5,元富-台南,2024-09-06,5929
3017,奇鋐,4,0,4,元富-台南,2024-09-06,5929
1503,士電,4,0,4,元富-台南,2024-09-06,5929
00949,復華日本龍頭,4,0,4,元富-台南,2024-09-06,5929
1785,光洋科,13,9,4,元富-台南,2024-09-06,5929
4566,時碩工業,7,3,4,元富-台南,2024-09-06,5929
6163,華電網,5,1,4,元富-台南,2024-09-06,5929
3036A,文曄甲特,100,0,100,元富-台南,2024-09-09,5929
2017,官田鋼,85,0,85,元富-台南,2024-09-09,5929
2883,凱基金,102,29,73,元富-台南,2024-09-09,5929
00951,台新日本半導體,63,10,53,元富-台南,2024-09-09,5929
2409,友達,52,0,52,元富-台南,2024-09-09,5929
00712,復華富時不動產,50,0,50,元富-台南,2024-09-09,5929
2897A,王道銀甲特,50,0,50,元富-台南,2024-09-09,5929
00919,群益台灣精選高息,43,0,43,元富-台南,2024-09-09,5929
00715L,期街口布蘭特正2,41,0,41,元富-台南,2024-09-09,5929
2891,中信金,39,0,39,元富-台南,2024-09-09,5929
1104,環泥,39,0,39,元富-台南,2024-09-09,5929
00915,凱基優選高股息30,33,0,33,元富-台南,2024-09-09,5929
2486,一詮,33,0,33,元富-台南,2024-09-09,5929
2892,第一金,32,0,32,元富-台南,2024-09-09,5929
00878,國泰永續高股息,31,3,28,元富-台南,2024-09-09,5929
1539,巨庭,33,5,28,元富-台南,2024-09-09,5929
00687B,國泰20年美債,44,21,23,元富-台南,2024-09-09,5929
2882,國泰金,22,0,22,元富-台南,2024-09-09,5929
00950B,凱基A級公司債,20,0,20,元富-台南,2024-09-09,5929
5905,南仁湖,22,3,19,元富-台南,2024-09-09,5929
8374,羅昇,21,4,17,元富-台南,2024-09-09,5929
2002,中鋼,23,7,16,元富-台南,2024-09-09,5929
00940,元大台灣價值高息,27,11,16,元富-台南,2024-09-09,5929
2382,廣達,17,2,15,元富-台南,2024-09-09,5929
2317,鴻海,30,17,13,元富-台南,2024-09-09,5929
4714,永捷,15,2,13,元富-台南,2024-09-09,5929
4956,光鋐,12,0,12,元富-台南,2024-09-09,5929
00941,中信上游半導體,11,0,11,元富-台南,2024-09-09,5929
3312,弘憶股,11,0,11,元富-台南,2024-09-09,5929
1316,上曜,13,2,11,元富-台南,2024-09-09,5929
2618,長榮航,11,0,11,元富-台南,2024-09-09,5929
2330,台積電,11,0,11,元富-台南,2024-09-09,5929
00688L,國泰20年美債正2,10,0,10,元富-台南,2024-09-09,5929
2439,美律,10,0,10,元富-台南,2024-09-09,5929
5011,久陽,10,0,10,元富-台南,2024-09-09,5929
8091,翔名,10,0,10,元富-台南,2024-09-09,5929
00900,富邦特選高股息30,15,6,9,元富-台南,2024-09-09,5929
2303,聯電,10,1,9,元富-台南,2024-09-09,5929
6603,富強鑫,10,1,9,元富-台南,2024-09-09,5929
0056,元大高股息,9,0,9,元富-台南,2024-09-09,5929
00679B,元大美債20年,9,1,8,元富-台南,2024-09-09,5929
5880,合庫金,8,0,8,元富-台南,2024-09-09,5929
2881,富邦金,8,0,8,元富-台南,2024-09-09,5929
00675L,富邦臺灣加權正2,7,0,7,元富-台南,2024-09-09,5929
00947,台新臺灣IC設計,7,0,7,元富-台南,2024-09-09,5929
00918,大華優利高填息30,7,0,7,元富-台南,2024-09-09,5929
1711,永光,15,8,7,元富-台南,2024-09-09,5929
3437,榮創,8,1,7,元富-台南,2024-09-09,5929
00927,群益半導體收益,10,4,6,元富-台南,2024-09-09,5929
2029,盛餘,6,0,6,元富-台南,2024-09-09,5929
2486,一詮,133,0,133,元富-台南,2024-09-10,5929
00687B,國泰20年美債,107,0,107,元富-台南,2024-09-10,5929
1522,堤維西,60,0,60,元富-台南,2024-09-10,5929
2897A,王道銀甲特,58,0,58,元富-台南,2024-09-10,5929
2883,凱基金,56,0,56,元富-台南,2024-09-10,5929
1449,佳和,50,0,50,元富-台南,2024-09-10,5929
2317,鴻海,64,16,48,元富-台南,2024-09-10,5929
00929,復華台灣科技優息,43,0,43,元富-台南,2024-09-10,5929
00688L,國泰20年美債正2,42,0,42,元富-台南,2024-09-10,5929
00720B,元大投資級公司債,41,0,41,元富-台南,2024-09-10,5929
1609,大亞,37,1,36,元富-台南,2024-09-10,5929
00919,群益台灣精選高息,33,0,33,元富-台南,2024-09-10,5929
2382,廣達,36,5,31,元富-台南,2024-09-10,5929
00945B,凱基美國非投等債,30,0,30,元富-台南,2024-09-10,5929
00934,中信成長高股息,28,2,26,元富-台南,2024-09-10,5929
2313,華通,33,8,25,元富-台南,2024-09-10,5929
00878,國泰永續高股息,26,1,25,元富-台南,2024-09-10,5929
9945,潤泰新,24,0,24,元富-台南,2024-09-10,5929
0056,元大高股息,23,0,23,元富-台南,2024-09-10,5929
1815,富喬,21,0,21,元富-台南,2024-09-10,5929
2337,旺宏,19,0,19,元富-台南,2024-09-10,5929
00918,大華優利高填息30,17,0,17,元富-台南,2024-09-10,5929
6698,旭暉應材,17,0,17,元富-台南,2024-09-10,5929
6290,良維,18,1,17,元富-台南,2024-09-10,5929
00948B,中信優息投資級債,20,5,15,元富-台南,2024-09-10,5929
00950B,凱基A級公司債,15,0,15,元富-台南,2024-09-10,5929
2017,官田鋼,15,0,15,元富-台南,2024-09-10,5929
8076,伍豐,16,5,11,元富-台南,2024-09-10,5929
8249,菱光,14,3,11,元富-台南,2024-09-10,5929
5371,中光電,10,0,10,元富-台南,2024-09-10,5929
2601,益航,10,0,10,元富-台南,2024-09-10,5929
00632R,元大台灣50反1,10,0,10,元富-台南,2024-09-10,5929
00896,中信綠能及電動車,10,0,10,元富-台南,2024-09-10,5929
2356,英業達,12,2,10,元富-台南,2024-09-10,5929
4402,郡都開發,10,0,10,元富-台南,2024-09-10,5929
6148,驊宏資,10,0,10,元富-台南,2024-09-10,5929
6603,富強鑫,10,0,10,元富-台南,2024-09-10,5929
5340,建榮,12,3,9,元富-台南,2024-09-10,5929
00927,群益半導體收益,8,0,8,元富-台南,2024-09-10,5929
6177,達麗,8,0,8,元富-台南,2024-09-10,5929
9938,百和,8,0,8,元富-台南,2024-09-10,5929
0050,元大台灣50,10,3,7,元富-台南,2024-09-10,5929
00946,群益科技高息成長,7,0,7,元富-台南,2024-09-10,5929
00937B,群益ESG投等債20,13,6,7,元富-台南,2024-09-10,5929
6215,和椿,17,10,7,元富-台南,2024-09-10,5929
8111,立��,7,0,7,元富-台南,2024-09-10,5929
8927,北基,7,0,7,元富-台南,2024-09-10,5929
1605,華新,7,0,7,元富-台南,2024-09-10,5929
1301,台塑,6,0,6,元富-台南,2024-09-10,5929
2891,中信金,11,5,6,元富-台南,2024-09-10,5929
2883,凱基金,115,0,115,元富-台南,2024-09-11,5929
00688L,國泰20年美債正2,98,0,98,元富-台南,2024-09-11,5929
00687B,國泰20年美債,83,10,73,元富-台南,2024-09-11,5929
2897A,王道銀甲特,55,0,55,元富-台南,2024-09-11,5929
00929,復華台灣科技優息,52,2,50,元富-台南,2024-09-11,5929
3481,群創,52,6,46,元富-台南,2024-09-11,5929
1522,堤維西,45,0,45,元富-台南,2024-09-11,5929
9802,鈺齊-KY,35,0,35,元富-台南,2024-09-11,5929
8040,九暘,34,0,34,元富-台南,2024-09-11,5929
00919,群益台灣精選高息,39,8,31,元富-台南,2024-09-11,5929
2101,南港,30,0,30,元富-台南,2024-09-11,5929
2017,官田鋼,28,0,28,元富-台南,2024-09-11,5929
2542,興富發,26,0,26,元富-台南,2024-09-11,5929
5011,久陽,25,0,25,元富-台南,2024-09-11,5929
00945B,凱基美國非投等債,20,0,20,元富-台南,2024-09-11,5929
4113,聯上,20,0,20,元富-台南,2024-09-11,5929
00878,國泰永續高股息,21,1,20,元富-台南,2024-09-11,5929
2891,中信金,17,2,15,元富-台南,2024-09-11,5929
00715L,期街口布蘭特正2,14,0,14,元富-台南,2024-09-11,5929
00915,凱基優選高股息30,14,0,14,元富-台南,2024-09-11,5929
00940,元大台灣價值高息,13,0,13,元富-台南,2024-09-11,5929
3707,漢磊,15,3,12,元富-台南,2024-09-11,5929
2885,元大金,11,0,11,元富-台南,2024-09-11,5929
00921,兆豐龍頭等權重,11,0,11,元富-台南,2024-09-11,5929
00936,台新永續高息中小,10,0,10,元富-台南,2024-09-11,5929
1215,卜蜂,10,0,10,元富-台南,2024-09-11,5929
6278,台表科,10,0,10,元富-台南,2024-09-11,5929
8047,星雲,10,0,10,元富-台南,2024-09-11,5929
4908,前鼎,13,4,9,元富-台南,2024-09-11,5929
2362,藍天,9,0,9,元富-台南,2024-09-11,5929
3356,奇偶,10,2,8,元富-台南,2024-09-11,5929
6257,矽格,8,0,8,元富-台南,2024-09-11,5929
8011,台通,7,0,7,元富-台南,2024-09-11,5929
8027,鈦昇,7,0,7,元富-台南,2024-09-11,5929
2382,廣達,10,3,7,元富-台南,2024-09-11,5929
4157,太景*-KY,7,0,7,元富-台南,2024-09-11,5929
6177,達麗,7,0,7,元富-台南,2024-09-11,5929
0056,元大高股息,7,0,7,元富-台南,2024-09-11,5929
2363,矽統,8,2,6,元富-台南,2024-09-11,5929
1536,和大,6,0,6,元富-台南,2024-09-11,5929
4566,時碩工業,6,0,6,元富-台南,2024-09-11,5929
5905,南仁湖,7,1,6,元富-台南,2024-09-11,5929
6290,良維,8,3,5,元富-台南,2024-09-11,5929
2303,聯電,6,1,5,元富-台南,2024-09-11,5929
00918,大華優利高填息30,5,0,5,元富-台南,2024-09-11,5929
00957B,兆豐US優選投等債,5,0,5,元富-台南,2024-09-11,5929
2812,台中銀,5,0,5,元富-台南,2024-09-11,5929
1795,美時,5,0,5,元富-台南,2024-09-11,5929
1708,東鹼,5,0,5,元富-台南,2024-09-11,5929
2010,春源,5,0,5,元富-台南,2024-09-11,5929
00632R,元大台灣50反1,220,0,220,元富-台南,2024-09-12,5929
2486,一詮,119,8,111,元富-台南,2024-09-12,5929
00948B,中信優息投資級債,108,0,108,元富-台南,2024-09-12,5929
00706L,期元大S＆P日圓正2,69,0,69,元富-台南,2024-09-12,5929
2883,凱基金,60,5,55,元富-台南,2024-09-12,5929
6152,百一,53,4,49,元富-台南,2024-09-12,5929
2610,華航,40,0,40,元富-台南,2024-09-12,5929
2897A,王道銀甲特,40,0,40,元富-台南,2024-09-12,5929
00688L,國泰20年美債正2,178,150,28,元富-台南,2024-09-12,5929
2888,新光金,92,65,27,元富-台南,2024-09-12,5929
00915,凱基優選高股息30,23,0,23,元富-台南,2024-09-12,5929
3481,群創,30,9,21,元富-台南,2024-09-12,5929
1440,南紡,20,0,20,元富-台南,2024-09-12,5929
2845,遠東銀,16,0,16,元富-台南,2024-09-12,5929
1806,冠軍,15,0,15,元富-台南,2024-09-12,5929
2007,燁興,15,0,15,元富-台南,2024-09-12,5929
3290,東浦,14,0,14,元富-台南,2024-09-12,5929
6457,紘康,13,0,13,元富-台南,2024-09-12,5929
8040,九暘,12,0,12,元富-台南,2024-09-12,5929
6278,台表科,11,0,11,元富-台南,2024-09-12,5929
4950,牧東,10,0,10,元富-台南,2024-09-12,5929
6151,晉倫,10,0,10,元富-台南,2024-09-12,5929
8401,白紗科,10,0,10,元富-台南,2024-09-12,5929
8927,北基,10,0,10,元富-台南,2024-09-12,5929
00878,國泰永續高股息,13,3,10,元富-台南,2024-09-12,5929
2365,昆盈,12,3,9,元富-台南,2024-09-12,5929
00713,元大台灣高息低波,9,0,9,元富-台南,2024-09-12,5929
4958,臻鼎-KY,10,1,9,元富-台南,2024-09-12,5929
8064,東捷,9,0,9,元富-台南,2024-09-12,5929
1711,永光,67,59,8,元富-台南,2024-09-12,5929
2605,新興,8,0,8,元富-台南,2024-09-12,5929
00679B,元大美債20年,7,0,7,元富-台南,2024-09-12,5929
2891,中信金,19,13,6,元富-台南,2024-09-12,5929
00946,群益科技高息成長,6,0,6,元富-台南,2024-09-12,5929
00957B,兆豐US優選投等債,5,0,5,元富-台南,2024-09-12,5929
1735,日勝化,5,0,5,元富-台南,2024-09-12,5929
2537,聯上發,5,0,5,元富-台南,2024-09-12,5929
4306,炎洲,5,0,5,元富-台南,2024-09-12,5929
5460,同協,5,0,5,元富-台南,2024-09-12,5929
6016,康和證,5,0,5,元富-台南,2024-09-12,5929
6560,欣普羅,5,0,5,元富-台南,2024-09-12,5929
4763,材料-KY,6,2,4,元富-台南,2024-09-12,5929
2376,技嘉,5,1,4,元富-台南,2024-09-12,5929
3413,京鼎,6,2,4,元富-台南,2024-09-12,5929
3527,聚積,4,0,4,元富-台南,2024-09-12,5929
4538,大詠城,4,0,4,元富-台南,2024-09-12,5929
6223,旺矽,5,1,4,元富-台南,2024-09-12,5929
6446,藥華藥,6,3,3,元富-台南,2024-09-12,5929
00921,兆豐龍頭等權重,3,0,3,元富-台南,2024-09-12,5929
1460,宏遠,3,0,3,元富-台南,2024-09-12,5929
00688L,國泰20年美債正2,200,50,150,元富-台南,2024-09-13,5929
00687B,國泰20年美債,84,0,84,元富-台南,2024-09-13,5929
4979,華星光,80,6,74,元富-台南,2024-09-13,5929
00878,國泰永續高股息,46,3,43,元富-台南,2024-09-13,5929
00929,復華台灣科技優息,37,1,36,元富-台南,2024-09-13,5929
2897A,王道銀甲特,31,0,31,元富-台南,2024-09-13,5929
2845,遠東銀,27,0,27,元富-台南,2024-09-13,5929
2317,鴻海,27,5,22,元富-台南,2024-09-13,5929
8110,華東,20,0,20,元富-台南,2024-09-13,5929
00919,群益台灣精選高息,19,0,19,元富-台南,2024-09-13,5929
4510,高鋒,21,4,17,元富-台南,2024-09-13,5929
4908,前鼎,20,3,17,元富-台南,2024-09-13,5929
2891,中信金,18,2,16,元富-台南,2024-09-13,5929
2101,南港,15,0,15,元富-台南,2024-09-13,5929
5371,中光電,20,5,15,元富-台南,2024-09-13,5929
1304,台聚,14,0,14,元富-台南,2024-09-13,5929
00918,大華優利高填息30,12,0,12,元富-台南,2024-09-13,5929
1101,台泥,11,0,11,元富-台南,2024-09-13,5929
00706L,期元大S＆P日圓正2,10,0,10,元富-台南,2024-09-13,5929
2344,華邦電,10,0,10,元富-台南,2024-09-13,5929
2363,矽統,16,6,10,元富-台南,2024-09-13,5929
2610,華航,10,0,10,元富-台南,2024-09-13,5929
8046,南電,10,0,10,元富-台南,2024-09-13,5929
2883,凱基金,12,3,9,元富-台南,2024-09-13,5929
8064,東捷,10,2,8,元富-台南,2024-09-13,5929
2303,聯電,8,0,8,元富-台南,2024-09-13,5929
3058,立德,8,0,8,元富-台南,2024-09-13,5929
6152,百一,9,1,8,元富-台南,2024-09-13,5929
6290,良維,12,4,8,元富-台南,2024-09-13,5929
3706,神達,13,6,7,元富-台南,2024-09-13,5929
1309,台達化,9,2,7,元富-台南,2024-09-13,5929
8070,長華*,11,4,7,元富-台南,2024-09-13,5929
8071,能率網通,7,0,7,元富-台南,2024-09-13,5929
3661,世芯-KY,8,2,6,元富-台南,2024-09-13,5929
2313,華通,9,3,6,元富-台南,2024-09-13,5929
4974,亞泰,6,0,6,元富-台南,2024-09-13,5929
6531,愛普*,6,1,5,元富-台南,2024-09-13,5929
00909,國泰數位支付服務,5,0,5,元富-台南,2024-09-13,5929
2801,彰銀,5,0,5,元富-台南,2024-09-13,5929
3484,崧騰,6,1,5,元富-台南,2024-09-13,5929
3669,圓展,5,0,5,元富-台南,2024-09-13,5929
4174,浩鼎,5,0,5,元富-台南,2024-09-13,5929
4569,六方科-KY,5,0,5,元富-台南,2024-09-13,5929
6742,澤米,5,0,5,元富-台南,2024-09-13,5929
8112,至上,5,0,5,元富-台南,2024-09-13,5929
2383,台光電,4,0,4,元富-台南,2024-09-13,5929
8086,宏捷科,4,0,4,元富-台南,2024-09-13,5929
2316,楠梓電,4,0,4,元富-台南,2024-09-13,5929
2376,技嘉,5,1,4,元富-台南,2024-09-13,5929
3338,泰碩,7,3,4,元富-台南,2024-09-13,5929
3702A,大聯大甲特,222,0,222,元富-台南,2024-09-16,5929
2891,中信金,93,0,93,元富-台南,2024-09-16,5929
00919,群益台灣精選高息,71,0,71,元富-台南,2024-09-16,5929
3036A,文曄甲特,68,0,68,元富-台南,2024-09-16,5929
00687B,國泰20年美債,51,0,51,元富-台南,2024-09-16,5929
00954,中信日本半導體,50,0,50,元富-台南,2024-09-16,5929
00951,台新日本半導體,50,5,45,元富-台南,2024-09-16,5929
2486,一詮,42,1,41,元富-台南,2024-09-16,5929
8104,錸寶,36,0,36,元富-台南,2024-09-16,5929
2897A,王道銀甲特,38,3,35,元富-台南,2024-09-16,5929
00945B,凱基美國非投等債,32,0,32,元富-台南,2024-09-16,5929
00948B,中信優息投資級債,30,0,30,元富-台南,2024-09-16,5929
00918,大華優利高填息30,29,0,29,元富-台南,2024-09-16,5929
00680L,元大美債20正2,27,0,27,元富-台南,2024-09-16,5929
6290,良維,28,3,25,元富-台南,2024-09-16,5929
1605,華新,22,1,21,元富-台南,2024-09-16,5929
3687,歐買尬,20,0,20,元富-台南,2024-09-16,5929
1101,台泥,18,0,18,元富-台南,2024-09-16,5929
00937B,群益ESG投等債20,18,1,17,元富-台南,2024-09-16,5929
00632R,元大台灣50反1,16,0,16,元富-台南,2024-09-16,5929
1815,富喬,15,0,15,元富-台南,2024-09-16,5929
2353,宏��,15,0,15,元富-台南,2024-09-16,5929
00679B,元大美債20年,16,3,13,元富-台南,2024-09-16,5929
4903,聯光通,15,2,13,元富-台南,2024-09-16,5929
00946,群益科技高息成長,12,0,12,元富-台南,2024-09-16,5929
4561,健椿,15,3,12,元富-台南,2024-09-16,5929
8032,光菱,14,2,12,元富-台南,2024-09-16,5929
3450,聯鈞,11,0,11,元富-台南,2024-09-16,5929
00900,富邦特選高股息30,10,0,10,元富-台南,2024-09-16,5929
2610,華航,12,2,10,元富-台南,2024-09-16,5929
6246,臺龍,10,0,10,元富-台南,2024-09-16,5929
2349,錸德,10,1,9,元富-台南,2024-09-16,5929
2388,威盛,10,1,9,元富-台南,2024-09-16,5929
4908,前鼎,9,0,9,元富-台南,2024-09-16,5929
2317,鴻海,44,35,9,元富-台南,2024-09-16,5929
1220,台榮,10,2,8,元富-台南,2024-09-16,5929
3576,聯合再生,8,0,8,元富-台南,2024-09-16,5929
6218,豪勉,8,0,8,元富-台南,2024-09-16,5929
1301,台塑,7,0,7,元富-台南,2024-09-16,5929
2374,佳能,10,3,7,元富-台南,2024-09-16,5929
2618,長榮航,10,3,7,元富-台南,2024-09-16,5929
4934,太極,7,0,7,元富-台南,2024-09-16,5929
00929,復華台灣科技優息,13,6,7,元富-台南,2024-09-16,5929
00939,統一台灣高息動能,6,0,6,元富-台南,2024-09-16,5929
1540,喬福,8,2,6,元富-台南,2024-09-16,5929
2492,華新科,6,0,6,元富-台南,2024-09-16,5929
8064,東捷,6,0,6,元富-台南,2024-09-16,5929
00878,國泰永續高股息,6,1,5,元富-台南,2024-09-16,5929
2405,輔信,5,0,5,元富-台南,2024-09-16,5929
2614,東森,5,0,5,元富-台南,2024-09-16,5929
00929,復華台灣科技優息,144,1,143,元富-台南,2024-09-18,5929
2344,華邦電,71,1,70,元富-台南,2024-09-18,5929
2867,三商壽,66,2,64,元富-台南,2024-09-18,5929
2486,一詮,57,3,54,元富-台南,2024-09-18,5929
00950B,凱基A級公司債,53,0,53,元富-台南,2024-09-18,5929
2897A,王道銀甲特,50,0,50,元富-台南,2024-09-18,5929
00918,大華優利高填息30,48,1,47,元富-台南,2024-09-18,5929
00687B,國泰20年美債,46,2,44,元富-台南,2024-09-18,5929
1513,中興電,43,2,41,元富-台南,2024-09-18,5929
8277,商丞,40,0,40,元富-台南,2024-09-18,5929
00940,元大台灣價值高息,59,20,39,元富-台南,2024-09-18,5929
2313,華通,39,2,37,元富-台南,2024-09-18,5929
00919,群益台灣精選高息,31,0,31,元富-台南,2024-09-18,5929
2408,南亞科,26,0,26,元富-台南,2024-09-18,5929
8110,華東,26,0,26,元富-台南,2024-09-18,5929
3036A,文曄甲特,22,0,22,元富-台南,2024-09-18,5929
6213,聯茂,23,3,20,元富-台南,2024-09-18,5929
6419,京晨科,19,0,19,元富-台南,2024-09-18,5929
6788,華景電,19,0,19,元富-台南,2024-09-18,5929
00713,元大台灣高息低波,23,5,18,元富-台南,2024-09-18,5929
1514,亞力,23,6,17,元富-台南,2024-09-18,5929
00915,凱基優選高股息30,17,0,17,元富-台南,2024-09-18,5929
2303,聯電,20,5,15,元富-台南,2024-09-18,5929
6290,良維,15,1,14,元富-台南,2024-09-18,5929
00921,兆豐龍頭等權重,14,0,14,元富-台南,2024-09-18,5929
6284,佳邦,14,0,14,元富-台南,2024-09-18,5929
3413,京鼎,12,0,12,元富-台南,2024-09-18,5929
3550,聯穎,14,3,11,元富-台南,2024-09-18,5929
3481,群創,15,4,11,元富-台南,2024-09-18,5929
00934,中信成長高股息,11,0,11,元富-台南,2024-09-18,5929
1522,堤維西,11,0,11,元富-台南,2024-09-18,5929
4958,臻鼎-KY,11,0,11,元富-台南,2024-09-18,5929
00706L,期元大S＆P日圓正2,10,0,10,元富-台南,2024-09-18,5929
2349,錸德,28,18,10,元富-台南,2024-09-18,5929
2882,國泰金,10,0,10,元富-台南,2024-09-18,5929
5871,中租-KY,10,0,10,元富-台南,2024-09-18,5929
8104,錸寶,10,0,10,元富-台南,2024-09-18,5929
2887,台新金,11,1,10,元富-台南,2024-09-18,5929
00948B,中信優息投資級債,9,0,9,元富-台南,2024-09-18,5929
8032,光菱,10,1,9,元富-台南,2024-09-18,5929
8249,菱光,11,2,9,元富-台南,2024-09-18,5929
2233,宇隆,8,0,8,元富-台南,2024-09-18,5929
2345,智邦,8,0,8,元富-台南,2024-09-18,5929
5306,桂盟,8,0,8,元富-台南,2024-09-18,5929
3047,訊舟,7,0,7,元富-台南,2024-09-18,5929
00679B,元大美債20年,12,5,7,元富-台南,2024-09-18,5929
1721,三晃,8,1,7,元富-台南,2024-09-18,5929
1731,美吾華,7,0,7,元富-台南,2024-09-18,5929
3711,日月光投控,6,0,6,元富-台南,2024-09-18,5929
00878,國泰永續高股息,18,12,6,元富-台南,2024-09-18,5929
2897A,王道銀甲特,90,0,90,元富-台南,2024-09-19,5929
00706L,期元大S＆P日圓正2,75,5,70,元富-台南,2024-09-19,5929
00687B,國泰20年美債,58,0,58,元富-台南,2024-09-19,5929
3702A,大聯大甲特,47,0,47,元富-台南,2024-09-19,5929
00919,群益台灣精選高息,33,3,30,元富-台南,2024-09-19,5929
6290,良維,33,2,31,元富-台南,2024-09-19,5929
2486,一詮,30,1,29,元富-台南,2024-09-19,5929
6138,茂達,30,1,29,元富-台南,2024-09-19,5929
00950B,凱基A級公司債,25,0,25,元富-台南,2024-09-19,5929
6788,華景電,22,0,22,元富-台南,2024-09-19,5929
6457,紘康,21,0,21,元富-台南,2024-09-19,5929
00929,復華台灣科技優息,36,15,21,元富-台南,2024-09-19,5929
00937B,群益ESG投等債20,40,20,20,元富-台南,2024-09-19,5929
3231,緯創,20,1,19,元富-台南,2024-09-19,5929
1338,廣華-KY,19,0,19,元富-台南,2024-09-19,5929
8070,長華*,27,9,18,元富-台南,2024-09-19,5929
00942B,台新美A公司債20+,15,0,15,元富-台南,2024-09-19,5929
00725B,國泰投資級公司債,15,0,15,元富-台南,2024-09-19,5929
00632R,元大台灣50反1,15,0,15,元富-台南,2024-09-19,5929
00915,凱基優選高股息30,14,0,14,元富-台南,2024-09-19,5929
8112,至上,15,1,14,元富-台南,2024-09-19,5929
4157,太景*-KY,13,0,13,元富-台南,2024-09-19,5929
2892,第一金,13,0,13,元富-台南,2024-09-19,5929
1711,永光,55,44,11,元富-台南,2024-09-19,5929
00679B,元大美債20年,10,0,10,元富-台南,2024-09-19,5929
00676R,富邦臺灣加權反1,10,0,10,元富-台南,2024-09-19,5929
00958B,永豐ESG銀行債15,10,0,10,元富-台南,2024-09-19,5929
2371,大同,10,0,10,元富-台南,2024-09-19,5929
2608,嘉里大榮,10,0,10,元富-台南,2024-09-19,5929
1522,堤維西,10,1,9,元富-台南,2024-09-19,5929
1609,大亞,11,3,8,元富-台南,2024-09-19,5929
00946,群益科技高息成長,8,0,8,元富-台南,2024-09-19,5929
6156,松上,13,5,8,元富-台南,2024-09-19,5929
6284,佳邦,8,0,8,元富-台南,2024-09-19,5929
8028,昇陽半導體,10,3,7,元富-台南,2024-09-19,5929
6275,元山,7,0,7,元富-台南,2024-09-19,5929
5905,南仁湖,7,1,6,元富-台南,2024-09-19,5929
2317,鴻海,19,13,6,元富-台南,2024-09-19,5929
2889,國票金,6,0,6,元富-台南,2024-09-19,5929
4716,大立,10,4,6,元富-台南,2024-09-19,5929
6116,彩晶,6,0,6,元富-台南,2024-09-19,5929
6285,啟��,7,1,6,元富-台南,2024-09-19,5929
6742,澤米,5,0,5,元富-台南,2024-09-19,5929
1467,南緯,5,0,5,元富-台南,2024-09-19,5929
2399,映泰,12,7,5,元富-台南,2024-09-19,5929
4162,智擎,5,0,5,元富-台南,2024-09-19,5929
6016,康和證,5,0,5,元富-台南,2024-09-19,5929
2867,三商壽,12,8,4,元富-台南,2024-09-19,5929
2420,新巨,5,1,4,元富-台南,2024-09-19,5929
3284,太普高,4,0,4,元富-台南,2024-09-19,5929
00919,群益台灣精選高息,175,4,171,元富-台南,2024-09-20,5929
2897A,王道銀甲特,140,0,140,元富-台南,2024-09-20,5929
00680L,元大美債20正2,126,0,126,元富-台南,2024-09-20,5929
00688L,國泰20年美債正2,103,0,103,元富-台南,2024-09-20,5929
2891,中信金,118,34,84,元富-台南,2024-09-20,5929
2101,南港,70,0,70,元富-台南,2024-09-20,5929
2618,長榮航,75,28,47,元富-台南,2024-09-20,5929
00687B,國泰20年美債,43,2,41,元富-台南,2024-09-20,5929
2883,凱基金,47,15,32,元富-台南,2024-09-20,5929
3702A,大聯大甲特,30,0,30,元富-台南,2024-09-20,5929
00958B,永豐ESG銀行債15,30,1,29,元富-台南,2024-09-20,5929
4908,前鼎,32,5,27,元富-台南,2024-09-20,5929
6138,茂達,31,7,24,元富-台南,2024-09-20,5929
4958,臻鼎-KY,32,10,22,元富-台南,2024-09-20,5929
2303,聯電,22,1,21,元富-台南,2024-09-20,5929
2801,彰銀,21,0,21,元富-台南,2024-09-20,5929
00942B,台新美A公司債20+,20,0,20,元富-台南,2024-09-20,5929
2464,盟立,45,25,20,元富-台南,2024-09-20,5929
3687,歐買尬,20,0,20,元富-台南,2024-09-20,5929
6148,驊宏資,20,0,20,元富-台南,2024-09-20,5929
1609,大亞,20,1,19,元富-台南,2024-09-20,5929
6609,瀧澤科,36,18,18,元富-台南,2024-09-20,5929
2609,陽明,21,5,16,元富-台南,2024-09-20,5929
00725B,國泰投資級公司債,15,0,15,元富-台南,2024-09-20,5929
2542,興富發,15,1,14,元富-台南,2024-09-20,5929
00937B,群益ESG投等債20,18,5,13,元富-台南,2024-09-20,5929
8047,星雲,13,0,13,元富-台南,2024-09-20,5929
1326,台化,13,1,12,元富-台南,2024-09-20,5929
3049,精金,13,1,12,元富-台南,2024-09-20,5929
3623,富晶通,15,3,12,元富-台南,2024-09-20,5929
6177,達麗,12,0,12,元富-台南,2024-09-20,5929
3047,訊舟,11,0,11,元富-台南,2024-09-20,5929
2520,冠德,12,1,11,元富-台南,2024-09-20,5929
3230,錦明,14,3,11,元富-台南,2024-09-20,5929
4939,亞電,13,2,11,元富-台南,2024-09-20,5929
1316,上曜,10,0,10,元富-台南,2024-09-20,5929
1440,南紡,10,0,10,元富-台南,2024-09-20,5929
2106,建大,10,0,10,元富-台南,2024-09-20,5929
2374,佳能,10,0,10,元富-台南,2024-09-20,5929
3265,台星科,10,0,10,元富-台南,2024-09-20,5929
3437,榮創,10,0,10,元富-台南,2024-09-20,5929
4113,聯上,10,0,10,元富-台南,2024-09-20,5929
4128,中天,10,0,10,元富-台南,2024-09-20,5929
5469,瀚宇博,10,0,10,元富-台南,2024-09-20,5929
5905,南仁湖,15,5,10,元富-台南,2024-09-20,5929
2027,大成鋼,9,0,9,元富-台南,2024-09-20,5929
4510,高鋒,10,1,9,元富-台南,2024-09-20,5929
3312,弘憶股,10,2,8,元富-台南,2024-09-20,5929
1721,三晃,15,7,8,元富-台南,2024-09-20,5929
2062,橋椿,8,0,8,元富-台南,2024-09-20,5929
2897A,王道銀甲特,246,0,246,元富-台南,2024-09-23,5929
1326,台化,72,0,72,元富-台南,2024-09-23,5929
00706L,期元大S＆P日圓正2,70,5,65,元富-台南,2024-09-23,5929
00919,群益台灣精選高息,66,12,54,元富-台南,2024-09-23,5929
3481,群創,63,10,53,元富-台南,2024-09-23,5929
8070,長華*,68,17,51,元富-台南,2024-09-23,5929
6290,良維,37,6,31,元富-台南,2024-09-23,5929
00671R,富邦NASDAQ反1,30,0,30,元富-台南,2024-09-23,5929
2351,順德,30,0,30,元富-台南,2024-09-23,5929
2605,新興,27,0,27,元富-台南,2024-09-23,5929
00948B,中信優息投資級債,25,0,25,元富-台南,2024-09-23,5929
8043,蜜望實,25,0,25,元富-台南,2024-09-23,5929
00680L,元大美債20正2,22,0,22,元富-台南,2024-09-23,5929
2374,佳能,21,0,21,元富-台南,2024-09-23,5929
00632R,元大台灣50反1,20,0,20,元富-台南,2024-09-23,5929
8110,華東,20,0,20,元富-台南,2024-09-23,5929
9907,統一實,20,0,20,元富-台南,2024-09-23,5929
9946,三發地產,20,0,20,元富-台南,2024-09-23,5929
3213,茂訊,19,0,19,元富-台南,2024-09-23,5929
00715L,期街口布蘭特正2,20,3,17,元富-台南,2024-09-23,5929
00937B,群益ESG投等債20,16,0,16,元富-台南,2024-09-23,5929
00929,復華台灣科技優息,17,1,16,元富-台南,2024-09-23,5929
00942B,台新美A公司債20+,15,0,15,元富-台南,2024-09-23,5929
1776,展宇,15,0,15,元富-台南,2024-09-23,5929
2349,錸德,17,2,15,元富-台南,2024-09-23,5929
3049,精金,16,1,15,元富-台南,2024-09-23,5929
4174,浩鼎,15,0,15,元富-台南,2024-09-23,5929
6727,亞泰金屬,15,0,15,元富-台南,2024-09-23,5929
2228,劍麟,16,2,14,元富-台南,2024-09-23,5929
00878,國泰永續高股息,14,0,14,元富-台南,2024-09-23,5929
1314,中石化,15,3,12,元富-台南,2024-09-23,5929
00687B,國泰20年美債,13,1,12,元富-台南,2024-09-23,5929
4510,高鋒,11,0,11,元富-台南,2024-09-23,5929
2353,宏��,10,0,10,元富-台南,2024-09-23,5929
00738U,期元大道瓊白銀,10,0,10,元富-台南,2024-09-23,5929
1784,訊聯,10,0,10,元富-台南,2024-09-23,5929
2399,映泰,18,8,10,元富-台南,2024-09-23,5929
4526,東台,10,0,10,元富-台南,2024-09-23,5929
5314,世紀,10,0,10,元富-台南,2024-09-23,5929
6116,彩晶,10,0,10,元富-台南,2024-09-23,5929
2356,英業達,10,0,10,元富-台南,2024-09-23,5929
6742,澤米,9,0,9,元富-台南,2024-09-23,5929
6706,惠特,11,2,9,元富-台南,2024-09-23,5929
4562,穎漢,15,6,9,元富-台南,2024-09-23,5929
1721,三晃,24,15,9,元富-台南,2024-09-23,5929
2464,盟立,9,1,8,元富-台南,2024-09-23,5929
6138,茂達,41,34,7,元富-台南,2024-09-23,5929
6446,藥華藥,7,0,7,元富-台南,2024-09-23,5929
00679B,元大美債20年,7,0,7,元富-台南,2024-09-23,5929
00795B,中信美國公債20年,7,0,7,元富-台南,2024-09-23,5929
2801,彰銀,244,59,185,元富-台南,2024-09-24,5929
8070,長華*,66,8,58,元富-台南,2024-09-24,5929
3149,正達,75,33,42,元富-台南,2024-09-24,5929
2313,華通,32,2,30,元富-台南,2024-09-24,5929
5011,久陽,30,0,30,元富-台南,2024-09-24,5929
2486,一詮,40,10,30,元富-台南,2024-09-24,5929
3481,群創,30,2,28,元富-台南,2024-09-24,5929
00680L,元大美債20正2,25,0,25,元富-台南,2024-09-24,5929
2542,興富發,25,0,25,元富-台南,2024-09-24,5929
00633L,富邦上証正2,20,0,20,元富-台南,2024-09-24,5929
3617,碩天,20,0,20,元富-台南,2024-09-24,5929
2610,華航,16,0,16,元富-台南,2024-09-24,5929
00929,復華台灣科技優息,17,2,15,元富-台南,2024-09-24,5929
3265,台星科,15,0,15,元富-台南,2024-09-24,5929
2609,陽明,38,23,15,元富-台南,2024-09-24,5929
1609,大亞,14,0,14,元富-台南,2024-09-24,5929
3081,聯亞,15,2,13,元富-台南,2024-09-24,5929
4174,浩鼎,11,0,11,元富-台南,2024-09-24,5929
2330,台積電,27,17,10,元富-台南,2024-09-24,5929
00900,富邦特選高股息30,10,0,10,元富-台南,2024-09-24,5929
1338,廣華-KY,10,0,10,元富-台南,2024-09-24,5929
1905,華紙,10,0,10,元富-台南,2024-09-24,5929
2399,映泰,16,6,10,元富-台南,2024-09-24,5929
3312,弘憶股,10,0,10,元富-台南,2024-09-24,5929
6148,驊宏資,10,0,10,元富-台南,2024-09-24,5929
00960,野村全球航運龍頭,10,1,9,元富-台南,2024-09-24,5929
3715,定穎投控,17,8,9,元富-台南,2024-09-24,5929
6290,良維,33,25,8,元富-台南,2024-09-24,5929
3066,李洲,8,0,8,元富-台南,2024-09-24,5929
3550,聯穎,10,2,8,元富-台南,2024-09-24,5929
6257,矽格,14,6,8,元富-台南,2024-09-24,5929
00937B,群益ESG投等債20,7,0,7,元富-台南,2024-09-24,5929
3290,東浦,7,0,7,元富-台南,2024-09-24,5929
4306,炎洲,7,0,7,元富-台南,2024-09-24,5929
8076,伍豐,10,3,7,元富-台南,2024-09-24,5929
8933,愛地雅,7,0,7,元富-台南,2024-09-24,5929
4979,華星光,8,2,6,元富-台南,2024-09-24,5929
1316,上曜,6,0,6,元富-台南,2024-09-24,5929
3543,州巧,6,0,6,元富-台南,2024-09-24,5929
3687,歐買尬,6,0,6,元富-台南,2024-09-24,5929
5314,世紀,6,0,6,元富-台南,2024-09-24,5929
8420,明揚,6,0,6,元富-台南,2024-09-24,5929
00919,群益台灣精選高息,6,1,5,元富-台南,2024-09-24,5929
00725B,國泰投資級公司債,5,0,5,元富-台南,2024-09-24,5929
00927,群益半導體收益,5,0,5,元富-台南,2024-09-24,5929
1539,巨庭,9,4,5,元富-台南,2024-09-24,5929
1725,元禎,5,0,5,元富-台南,2024-09-24,5929
2387,精元,5,0,5,元富-台南,2024-09-24,5929
3213,茂訊,5,0,5,元富-台南,2024-09-24,5929
4513,福裕,5,0,5,元富-台南,2024-09-24,5929
2888,新光金,70,21,49,元富-台南,2024-09-25,5929
2329,華泰,30,0,30,元富-台南,2024-09-25,5929
1608,華榮,30,0,30,元富-台南,2024-09-25,5929
6138,茂達,72,44,28,元富-台南,2024-09-25,5929
1808,潤隆,27,1,26,元富-台南,2024-09-25,5929
6844,諾貝兒,26,0,26,元富-台南,2024-09-25,5929
2101,南港,25,0,25,元富-台南,2024-09-25,5929
00715L,期街口布蘭特正2,21,1,20,元富-台南,2024-09-25,5929
2363,矽統,49,30,19,元富-台南,2024-09-25,5929
3430,奇鈦科,20,1,19,元富-台南,2024-09-25,5929
2618,長榮航,20,2,18,元富-台南,2024-09-25,5929
4903,聯光通,21,6,15,元富-台南,2024-09-25,5929
6257,矽格,22,7,15,元富-台南,2024-09-25,5929
00948B,中信優息投資級債,14,0,14,元富-台南,2024-09-25,5929
8249,菱光,21,7,14,元富-台南,2024-09-25,5929
00929,復華台灣科技優息,31,19,12,元富-台南,2024-09-25,5929
3481,群創,18,7,11,元富-台南,2024-09-25,5929
9958,世紀鋼,10,0,10,元富-台南,2024-09-25,5929
2371,大同,10,0,10,元富-台南,2024-09-25,5929
2439,美律,12,2,10,元富-台南,2024-09-25,5929
2610,華航,10,0,10,元富-台南,2024-09-25,5929
6116,彩晶,10,0,10,元富-台南,2024-09-25,5929
6806,森崴能源,12,2,10,元富-台南,2024-09-25,5929
5434,崇越,10,0,10,元富-台南,2024-09-25,5929
3260,威剛,10,1,9,元富-台南,2024-09-25,5929
1785,光洋科,14,5,9,元富-台南,2024-09-25,5929
00687B,國泰20年美債,19,11,8,元富-台南,2024-09-25,5929
2345,智邦,16,8,8,元富-台南,2024-09-25,5929
3550,聯穎,14,6,8,元富-台南,2024-09-25,5929
3712,永崴投控,10,2,8,元富-台南,2024-09-25,5929
2328,廣宇,10,2,8,元富-台南,2024-09-25,5929
2388,威盛,7,0,7,元富-台南,2024-09-25,5929
00945B,凱基美國非投等債,8,1,7,元富-台南,2024-09-25,5929
2354,鴻準,11,4,7,元富-台南,2024-09-25,5929
3149,正達,22,15,7,元富-台南,2024-09-25,5929
4566,時碩工業,13,6,7,元富-台南,2024-09-25,5929
1711,永光,32,26,6,元富-台南,2024-09-25,5929
8086,宏捷科,9,3,6,元富-台南,2024-09-25,5929
8111,立��,16,10,6,元富-台南,2024-09-25,5929
2449,京元電子,8,3,5,元富-台南,2024-09-25,5929
6151,晉倫,5,0,5,元富-台南,2024-09-25,5929
4576,大銀微系統,6,1,5,元富-台南,2024-09-25,5929
00633L,富邦上証正2,5,0,5,元富-台南,2024-09-25,5929
1314,中石化,5,0,5,元富-台南,2024-09-25,5929
2520,冠德,5,0,5,元富-台南,2024-09-25,5929
2630,亞航,5,0,5,元富-台南,2024-09-25,5929
3189,景碩,6,1,5,元富-台南,2024-09-25,5929
3285,微端,5,0,5,元富-台南,2024-09-25,5929
6438,迅得,8,3,5,元富-台南,2024-09-25,5929
1539,巨庭,7,3,4,元富-台南,2024-09-25,5929
00946,群益科技高息成長,107,10,97,元富-台南,2024-09-26,5929
00948B,中信優息投資級債,88,6,82,元富-台南,2024-09-26,5929
8039,台虹,46,0,46,元富-台南,2024-09-26,5929
00687B,國泰20年美債,46,7,39,元富-台南,2024-09-26,5929
2888,新光金,125,87,38,元富-台南,2024-09-26,5929
00960,野村全球航運龍頭,50,13,37,元富-台南,2024-09-26,5929
00942B,台新美A公司債20+,37,4,33,元富-台南,2024-09-26,5929
3338,泰碩,28,2,26,元富-台南,2024-09-26,5929
1540,喬福,30,4,26,元富-台南,2024-09-26,5929
4174,浩鼎,24,0,24,元富-台南,2024-09-26,5929
2312,金寶,28,5,23,元富-台南,2024-09-26,5929
3455,由田,21,0,21,元富-台南,2024-09-26,5929
00680L,元大美債20正2,21,0,21,元富-台南,2024-09-26,5929
2408,南亞科,33,13,20,元富-台南,2024-09-26,5929
3702A,大聯大甲特,20,0,20,元富-台南,2024-09-26,5929
2486,一詮,49,30,19,元富-台南,2024-09-26,5929
5236,凌陽創新,18,0,18,元富-台南,2024-09-26,5929
00725B,國泰投資級公司債,17,0,17,元富-台南,2024-09-26,5929
00715L,期街口布蘭特正2,17,1,16,元富-台南,2024-09-26,5929
6505,台塑化,16,0,16,元富-台南,2024-09-26,5929
4958,臻鼎-KY,18,3,15,元富-台南,2024-09-26,5929
1808,潤隆,14,0,14,元富-台南,2024-09-26,5929
2313,華通,15,1,14,元富-台南,2024-09-26,5929
3715,定穎投控,14,2,12,元富-台南,2024-09-26,5929
8374,羅昇,14,2,12,元富-台南,2024-09-26,5929
6844,諾貝兒,12,0,12,元富-台南,2024-09-26,5929
3231,緯創,14,2,12,元富-台南,2024-09-26,5929
3019,亞光,16,4,12,元富-台南,2024-09-26,5929
2354,鴻準,13,3,10,元富-台南,2024-09-26,5929
3402,漢科,10,0,10,元富-台南,2024-09-26,5929
8091,翔名,11,1,10,元富-台南,2024-09-26,5929
3149,正達,26,17,9,元富-台南,2024-09-26,5929
4931,新盛力,9,0,9,元富-台南,2024-09-26,5929
8011,台通,9,0,9,元富-台南,2024-09-26,5929
1711,永光,16,8,8,元富-台南,2024-09-26,5929
2367,燿華,13,5,8,元富-台南,2024-09-26,5929
3062,建漢,20,12,8,元富-台南,2024-09-26,5929
3094,聯傑,10,2,8,元富-台南,2024-09-26,5929
2002,中鋼,10,3,7,元富-台南,2024-09-26,5929
2316,楠梓電,7,0,7,元富-台南,2024-09-26,5929
2345,智邦,12,5,7,元富-台南,2024-09-26,5929
4908,前鼎,28,21,7,元富-台南,2024-09-26,5929
2615,萬海,22,15,7,元富-台南,2024-09-26,5929
3413,京鼎,7,0,7,元富-台南,2024-09-26,5929
6290,良維,7,1,6,元富-台南,2024-09-26,5929
2731,雄獅,6,0,6,元富-台南,2024-09-26,5929
6104,創惟,6,0,6,元富-台南,2024-09-26,5929
6285,啟��,6,0,6,元富-台南,2024-09-26,5929
8111,立��,16,10,6,元富-台南,2024-09-26,5929
00679B,元大美債20年,6,0,6,元富-台南,2024-09-26,5929
00687B,國泰20年美債,118,10,108,元富-台南,2024-09-27,5929
00918,大華優利高填息30,101,1,100,元富-台南,2024-09-27,5929
2312,金寶,100,1,99,元富-台南,2024-09-27,5929
1608,華榮,90,0,90,元富-台南,2024-09-27,5929
00948B,中信優息投資級債,45,0,45,元富-台南,2024-09-27,5929
00753L,中信中國50正2,100,55,45,元富-台南,2024-09-27,5929
3363,上詮,55,11,44,元富-台南,2024-09-27,5929
00715L,期街口布蘭特正2,33,0,33,元富-台南,2024-09-27,5929
2891,中信金,32,10,22,元富-台南,2024-09-27,5929
3265,台星科,21,0,21,元富-台南,2024-09-27,5929
00638R,元大滬深300反1,20,0,20,元富-台南,2024-09-27,5929
1584,精剛,20,0,20,元富-台南,2024-09-27,5929
2408,南亞科,37,17,20,元富-台南,2024-09-27,5929
6116,彩晶,27,7,20,元富-台南,2024-09-27,5929
1101,台泥,33,14,19,元富-台南,2024-09-27,5929
3576,聯合再生,18,0,18,元富-台南,2024-09-27,5929
00937B,群益ESG投等債20,28,11,17,元富-台南,2024-09-27,5929
2388,威盛,16,0,16,元富-台南,2024-09-27,5929
2913,農林,20,4,16,元富-台南,2024-09-27,5929
4716,大立,16,0,16,元富-台南,2024-09-27,5929
00725B,國泰投資級公司債,15,0,15,元富-台南,2024-09-27,5929
00882,中信中國高股息,28,15,13,元富-台南,2024-09-27,5929
00942B,台新美A公司債20+,15,2,13,元富-台南,2024-09-27,5929
6844,諾貝兒,13,0,13,元富-台南,2024-09-27,5929
00933B,國泰10Y+金融債,12,0,12,元富-台南,2024-09-27,5929
6202,盛群,14,2,12,元富-台南,2024-09-27,5929
8076,伍豐,16,4,12,元富-台南,2024-09-27,5929
2888,新光金,25,14,11,元富-台南,2024-09-27,5929
6152,百一,11,0,11,元富-台南,2024-09-27,5929
2477,美隆電,10,0,10,元富-台南,2024-09-27,5929
2486,一詮,24,14,10,元富-台南,2024-09-27,5929
4513,福裕,10,0,10,元富-台南,2024-09-27,5929
00637L,元大滬深300正2,10,1,9,元富-台南,2024-09-27,5929
1785,光洋科,18,10,8,元富-台南,2024-09-27,5929
1304,台聚,13,5,8,元富-台南,2024-09-27,5929
2603,長榮,12,4,8,元富-台南,2024-09-27,5929
00679B,元大美債20年,7,0,7,元富-台南,2024-09-27,5929
00665L,富邦�琤肭磪囓�2,34,27,7,元富-台南,2024-09-27,5929
1539,巨庭,12,5,7,元富-台南,2024-09-27,5929
2399,映泰,8,1,7,元富-台南,2024-09-27,5929
3058,立德,7,0,7,元富-台南,2024-09-27,5929
3605,宏致,7,0,7,元富-台南,2024-09-27,5929
2882,國泰金,9,2,7,元富-台南,2024-09-27,5929
3163,波若威,19,13,6,元富-台南,2024-09-27,5929
2027,大成鋼,8,2,6,元富-台南,2024-09-27,5929
3019,亞光,10,4,6,元富-台南,2024-09-27,5929
4707,磐亞,6,0,6,元富-台南,2024-09-27,5929
5905,南仁湖,6,0,6,元富-台南,2024-09-27,5929
6109,亞元,6,0,6,元富-台南,2024-09-27,5929
3715,定穎投控,12,6,6,元富-台南,2024-09-27,5929
00680L,元大美債20正2,250,0,250,元富-台南,2024-09-30,5929
00753L,中信中國50正2,300,105,195,元富-台南,2024-09-30,5929
00929,復華台灣科技優息,57,5,52,元富-台南,2024-09-30,5929
6152,百一,43,4,39,元富-台南,2024-09-30,5929
00946,群益科技高息成長,31,0,31,元富-台南,2024-09-30,5929
2337,旺宏,50,20,30,元富-台南,2024-09-30,5929
00715L,期街口布蘭特正2,40,12,28,元富-台南,2024-09-30,5929
00940,元大台灣價值高息,29,1,28,元富-台南,2024-09-30,5929
00948B,中信優息投資級債,27,0,27,元富-台南,2024-09-30,5929
2481,強茂,23,0,23,元富-台南,2024-09-30,5929
00878,國泰永續高股息,24,1,23,元富-台南,2024-09-30,5929
8076,伍豐,22,0,22,元富-台南,2024-09-30,5929
2303,聯電,21,0,21,元富-台南,2024-09-30,5929
00633L,富邦上証正2,20,0,20,元富-台南,2024-09-30,5929
00725B,國泰投資級公司債,17,0,17,元富-台南,2024-09-30,5929
00918,大華優利高填息30,16,0,16,元富-台南,2024-09-30,5929
8110,華東,16,0,16,元富-台南,2024-09-30,5929
2641,正德,16,1,15,元富-台南,2024-09-30,5929
1301,台塑,18,4,14,元富-台南,2024-09-30,5929
2363,矽統,48,34,14,元富-台南,2024-09-30,5929
2615,萬海,19,6,13,元富-台南,2024-09-30,5929
8027,鈦昇,13,0,13,元富-台南,2024-09-30,5929
2010,春源,12,0,12,元富-台南,2024-09-30,5929
00706L,期元大S＆P日圓正2,18,7,11,元富-台南,2024-09-30,5929
1584,精剛,11,0,11,元富-台南,2024-09-30,5929
2353,宏��,11,0,11,元富-台南,2024-09-30,5929
8249,菱光,11,0,11,元富-台南,2024-09-30,5929
2313,華通,12,1,11,元富-台南,2024-09-30,5929
2317,鴻海,18,8,10,元富-台南,2024-09-30,5929
2382,廣達,11,1,10,元富-台南,2024-09-30,5929
8091,翔名,10,0,10,元富-台南,2024-09-30,5929
2023,燁輝,10,0,10,元富-台南,2024-09-30,5929
6753,龍德造船,10,0,10,元富-台南,2024-09-30,5929
4716,大立,10,1,9,元富-台南,2024-09-30,5929
2408,南亞科,10,1,9,元富-台南,2024-09-30,5929
00679B,元大美債20年,8,0,8,元富-台南,2024-09-30,5929
2201,裕隆,8,0,8,元富-台南,2024-09-30,5929
00934,中信成長高股息,7,0,7,元富-台南,2024-09-30,5929
2605,新興,19,12,7,元富-台南,2024-09-30,5929
6156,松上,17,10,7,元富-台南,2024-09-30,5929
9958,世紀鋼,9,2,7,元富-台南,2024-09-30,5929
2002,中鋼,17,11,6,元富-台南,2024-09-30,5929
2228,劍麟,6,0,6,元富-台南,2024-09-30,5929
00650L,復華香港正2,6,0,6,元富-台南,2024-09-30,5929
2349,錸德,6,0,6,元富-台南,2024-09-30,5929
3356,奇偶,6,0,6,元富-台南,2024-09-30,5929
4566,時碩工業,6,0,6,元富-台南,2024-09-30,5929
6215,和椿,6,0,6,元富-台南,2024-09-30,5929
00772B,中信高評級公司債,6,0,6,元富-台南,2024-09-30,5929
5880,合庫金,6,0,6,元富-台南,2024-09-30,5929
00753L,中信中國50正2,60,11,49,元富-台南,2024-10-01,5929
00929,復華台灣科技優息,48,7,41,元富-台南,2024-10-01,5929
3481,群創,39,4,35,元富-台南,2024-10-01,5929
00940,元大台灣價值高息,38,4,34,元富-台南,2024-10-01,5929
0056,元大高股息,30,0,30,元富-台南,2024-10-01,5929
6285,啟��,28,0,28,元富-台南,2024-10-01,5929
00725B,國泰投資級公司債,26,0,26,元富-台南,2024-10-01,5929
8076,伍豐,22,0,22,元富-台南,2024-10-01,5929
6263,普萊德,21,0,21,元富-台南,2024-10-01,5929
6869,雲豹能源,21,0,21,元富-台南,2024-10-01,5929
00878,國泰永續高股息,18,1,17,元富-台南,2024-10-01,5929
00954,中信日本半導體,16,0,16,元富-台南,2024-10-01,5929
00946,群益科技高息成長,16,0,16,元富-台南,2024-10-01,5929
2801,彰銀,16,0,16,元富-台南,2024-10-01,5929
8027,鈦昇,15,0,15,元富-台南,2024-10-01,5929
00665L,富邦�琤肭磪囓�2,30,15,15,元富-台南,2024-10-01,5929
2070,精湛,25,10,15,元富-台南,2024-10-01,5929
2106,建大,15,0,15,元富-台南,2024-10-01,5929
2641,正德,15,0,15,元富-台南,2024-10-01,5929
2344,華邦電,14,0,14,元富-台南,2024-10-01,5929
2367,燿華,13,0,13,元富-台南,2024-10-01,5929
9946,三發地產,12,0,12,元富-台南,2024-10-01,5929
1609,大亞,12,0,12,元富-台南,2024-10-01,5929
1785,光洋科,20,9,11,元富-台南,2024-10-01,5929
2883,凱基金,16,5,11,元富-台南,2024-10-01,5929
2201,裕隆,10,0,10,元富-台南,2024-10-01,5929
2303,聯電,10,0,10,元富-台南,2024-10-01,5929
2316,楠梓電,13,3,10,元富-台南,2024-10-01,5929
9907,統一實,12,2,10,元富-台南,2024-10-01,5929
2317,鴻海,29,20,9,元富-台南,2024-10-01,5929
6457,紘康,16,7,9,元富-台南,2024-10-01,5929
2009,第一銅,11,2,9,元富-台南,2024-10-01,5929
2486,一詮,10,2,8,元富-台南,2024-10-01,5929
1101,台泥,10,2,8,元富-台南,2024-10-01,5929
2609,陽明,37,30,7,元富-台南,2024-10-01,5929
6742,澤米,8,1,7,元富-台南,2024-10-01,5929
6844,諾貝兒,7,0,7,元富-台南,2024-10-01,5929
6290,良維,8,2,6,元富-台南,2024-10-01,5929
1309,台達化,6,0,6,元富-台南,2024-10-01,5929
3265,台星科,6,0,6,元富-台南,2024-10-01,5929
6138,茂達,7,1,6,元富-台南,2024-10-01,5929
6770,力積電,7,1,6,元富-台南,2024-10-01,5929
8927,北基,6,0,6,元富-台南,2024-10-01,5929
2353,宏��,8,3,5,元富-台南,2024-10-01,5929
4968,立積,5,0,5,元富-台南,2024-10-01,5929
3105,穩懋,10,5,5,元富-台南,2024-10-01,5929
2597,潤弘,5,0,5,元富-台南,2024-10-01,5929
00650L,復華香港正2,5,0,5,元富-台南,2024-10-01,5929
00688L,國泰20年美債正2,5,0,5,元富-台南,2024-10-01,5929
00637L,元大滬深300正2,5,0,5,元富-台南,2024-10-01,5929
2317,鴻海,216,53,163,元富-台南,2024-10-04,5929
2101,南港,120,0,120,元富-台南,2024-10-04,5929
2618,長榮航,109,3,106,元富-台南,2024-10-04,5929
00753L,中信中國50正2,168,65,103,元富-台南,2024-10-04,5929
00680L,元大美債20正2,91,0,91,元富-台南,2024-10-04,5929
2801,彰銀,89,0,89,元富-台南,2024-10-04,5929
2892,第一金,61,0,61,元富-台南,2024-10-04,5929
00929,復華台灣科技優息,81,23,58,元富-台南,2024-10-04,5929
2609,陽明,56,6,50,元富-台南,2024-10-04,5929
00919,群益台灣精選高息,55,7,48,元富-台南,2024-10-04,5929
00940,元大台灣價值高息,45,0,45,元富-台南,2024-10-04,5929
8070,長華*,45,6,39,元富-台南,2024-10-04,5929
00687B,國泰20年美債,37,0,37,元富-台南,2024-10-04,5929
3715,定穎投控,37,1,36,元富-台南,2024-10-04,5929
2070,精湛,33,0,33,元富-台南,2024-10-04,5929
6844,諾貝兒,32,0,32,元富-台南,2024-10-04,5929
3312,弘憶股,28,0,28,元富-台南,2024-10-04,5929
00918,大華優利高填息30,27,0,27,元富-台南,2024-10-04,5929
2353,宏��,25,2,23,元富-台南,2024-10-04,5929
2603,長榮,22,1,21,元富-台南,2024-10-04,5929
2303,聯電,21,0,21,元富-台南,2024-10-04,5929
4174,浩鼎,21,0,21,元富-台南,2024-10-04,5929
2615,萬海,23,2,21,元富-台南,2024-10-04,5929
00638R,元大滬深300反1,20,0,20,元富-台南,2024-10-04,5929
2845,遠東銀,18,0,18,元富-台南,2024-10-04,5929
00878,國泰永續高股息,17,1,16,元富-台南,2024-10-04,5929
8936,國統,16,0,16,元富-台南,2024-10-04,5929
2363,矽統,17,4,13,元富-台南,2024-10-04,5929
00688L,國泰20年美債正2,13,0,13,元富-台南,2024-10-04,5929
8076,伍豐,13,0,13,元富-台南,2024-10-04,5929
00960,野村全球航運龍頭,12,0,12,元富-台南,2024-10-04,5929
0056,元大高股息,13,1,12,元富-台南,2024-10-04,5929
2610,華航,11,1,10,元富-台南,2024-10-04,5929
00633L,富邦上証正2,10,0,10,元富-台南,2024-10-04,5929
1108,幸福,10,0,10,元富-台南,2024-10-04,5929
2382,廣達,13,3,10,元富-台南,2024-10-04,5929
2633,台灣高鐵,10,0,10,元富-台南,2024-10-04,5929
00946,群益科技高息成長,8,0,8,元富-台南,2024-10-04,5929
2891,中信金,12,5,7,元富-台南,2024-10-04,5929
6290,良維,9,2,7,元富-台南,2024-10-04,5929
2887,台新金,7,0,7,元富-台南,2024-10-04,5929
6182,合晶,7,0,7,元富-台南,2024-10-04,5929
4303,信立,20,13,7,元富-台南,2024-10-04,5929
2371,大同,16,10,6,元富-台南,2024-10-04,5929
2439,美律,6,0,6,元富-台南,2024-10-04,5929
3048,益登,6,0,6,元富-台南,2024-10-04,5929
9946,三發地產,6,0,6,元富-台南,2024-10-04,5929
3293,鈊象,7,2,5,元富-台南,2024-10-04,5929
00907,永豐優息存股,5,0,5,元富-台南,2024-10-04,5929
6742,澤米,5,0,5,元富-台南,2024-10-04,5929
2801,彰銀,304,88,216,元富-台南,2024-10-07,5929
00725B,國泰投資級公司債,50,0,50,元富-台南,2024-10-07,5929
1314,中石化,49,1,48,元富-台南,2024-10-07,5929
2615,萬海,55,9,46,元富-台南,2024-10-07,5929
0056,元大高股息,46,0,46,元富-台南,2024-10-07,5929
00680L,元大美債20正2,45,0,45,元富-台南,2024-10-07,5929
1785,光洋科,58,14,44,元富-台南,2024-10-07,5929
3049,精金,59,15,44,元富-台南,2024-10-07,5929
2618,長榮航,40,0,40,元富-台南,2024-10-07,5929
00922,國泰台灣領袖50,40,0,40,元富-台南,2024-10-07,5929
00955,中信日本商社,40,0,40,元富-台南,2024-10-07,5929
00687B,國泰20年美債,32,1,31,元富-台南,2024-10-07,5929
00929,復華台灣科技優息,31,2,29,元富-台南,2024-10-07,5929
2845,遠東銀,26,0,26,元富-台南,2024-10-07,5929
2911,麗嬰房,20,0,20,元富-台南,2024-10-07,5929
00927,群益半導體收益,20,3,17,元富-台南,2024-10-07,5929
2633,台灣高鐵,15,0,15,元富-台南,2024-10-07,5929
00878,國泰永續高股息,15,0,15,元富-台南,2024-10-07,5929
3481,群創,30,16,14,元富-台南,2024-10-07,5929
1227,佳格,14,0,14,元富-台南,2024-10-07,5929
6457,紘康,17,3,14,元富-台南,2024-10-07,5929
00633L,富邦上証正2,13,0,13,元富-台南,2024-10-07,5929
2408,南亞科,15,2,13,元富-台南,2024-10-07,5929
3591,艾笛森,35,22,13,元富-台南,2024-10-07,5929
8039,台虹,11,0,11,元富-台南,2024-10-07,5929
2603,長榮,12,1,11,元富-台南,2024-10-07,5929
8150,南茂,10,0,10,元富-台南,2024-10-07,5929
00751B,元大AAA至A公司債,10,0,10,元富-台南,2024-10-07,5929
2501,國建,10,0,10,元富-台南,2024-10-07,5929
4523,永彰,10,0,10,元富-台南,2024-10-07,5929
6126,信音,10,0,10,元富-台南,2024-10-07,5929
6425,易發,10,0,10,元富-台南,2024-10-07,5929
00900,富邦特選高股息30,10,0,10,元富-台南,2024-10-07,5929
2883,凱基金,57,48,9,元富-台南,2024-10-07,5929
0061,元大寶滬深,24,15,9,元富-台南,2024-10-07,5929
3033,威健,10,1,9,元富-台南,2024-10-07,5929
5443,均豪,11,2,9,元富-台南,2024-10-07,5929
8111,立��,27,19,8,元富-台南,2024-10-07,5929
00688L,國泰20年美債正2,8,0,8,元富-台南,2024-10-07,5929
3013,晟銘電,8,0,8,元富-台南,2024-10-07,5929
6844,諾貝兒,8,0,8,元富-台南,2024-10-07,5929
2313,華通,7,0,7,元富-台南,2024-10-07,5929
3025,星通,14,7,7,元富-台南,2024-10-07,5929
2515,中工,8,1,7,元富-台南,2024-10-07,5929
3105,穩懋,6,0,6,元富-台南,2024-10-07,5929
6257,矽格,6,0,6,元富-台南,2024-10-07,5929
3374,精材,6,1,5,元富-台南,2024-10-07,5929
3537,堡達,5,0,5,元富-台南,2024-10-07,5929
4763,材料-KY,5,0,5,元富-台南,2024-10-07,5929
6016,康和證,5,0,5,元富-台南,2024-10-07,5929
00753L,中信中國50正2,1054,13,1041,元富-台南,2024-10-08,5929
00929,復華台灣科技優息,85,2,83,元富-台南,2024-10-08,5929
2888,新光金,81,9,72,元富-台南,2024-10-08,5929
2501,國建,60,0,60,元富-台南,2024-10-08,5929
2801,彰銀,54,0,54,元富-台南,2024-10-08,5929
00940,元大台灣價值高息,47,0,47,元富-台南,2024-10-08,5929
3591,艾笛森,49,3,46,元富-台南,2024-10-08,5929
00918,大華優利高填息30,33,0,33,元富-台南,2024-10-08,5929
3481,群創,30,1,29,元富-台南,2024-10-08,5929
3025,星通,32,4,28,元富-台南,2024-10-08,5929
0056,元大高股息,27,0,27,元富-台南,2024-10-08,5929
6290,良維,27,2,25,元富-台南,2024-10-08,5929
00878,國泰永續高股息,25,0,25,元富-台南,2024-10-08,5929
00922,國泰台灣領袖50,24,0,24,元富-台南,2024-10-08,5929
00712,復華富時不動產,23,0,23,元富-台南,2024-10-08,5929
2883,凱基金,23,0,23,元富-台南,2024-10-08,5929
3062,建漢,21,0,21,元富-台南,2024-10-08,5929
3163,波若威,21,0,21,元富-台南,2024-10-08,5929
4523,永彰,20,0,20,元富-台南,2024-10-08,5929
00919,群益台灣精選高息,21,1,20,元富-台南,2024-10-08,5929
00887,永豐中國科技50大,259,240,19,元富-台南,2024-10-08,5929
00680L,元大美債20正2,22,5,17,元富-台南,2024-10-08,5929
3430,奇鈦科,18,2,16,元富-台南,2024-10-08,5929
2344,華邦電,22,10,12,元富-台南,2024-10-08,5929
00882,中信中國高股息,23,13,10,元富-台南,2024-10-08,5929
3231,緯創,14,4,10,元富-台南,2024-10-08,5929
00639,富邦深100,10,0,10,元富-台南,2024-10-08,5929
1718,中纖,10,0,10,元富-台南,2024-10-08,5929
2535,達欣工,10,0,10,元富-台南,2024-10-08,5929
2610,華航,10,0,10,元富-台南,2024-10-08,5929
4906,正文,10,0,10,元富-台南,2024-10-08,5929
2399,映泰,13,4,9,元富-台南,2024-10-08,5929
2436,偉詮電,39,30,9,元富-台南,2024-10-08,5929
2633,台灣高鐵,8,0,8,元富-台南,2024-10-08,5929
3264,欣銓,10,2,8,元富-台南,2024-10-08,5929
8927,北基,8,0,8,元富-台南,2024-10-08,5929
2330,台積電,12,5,7,元富-台南,2024-10-08,5929
00915,凱基優選高股息30,7,0,7,元富-台南,2024-10-08,5929
6257,矽格,8,1,7,元富-台南,2024-10-08,5929
1314,中石化,7,0,7,元富-台南,2024-10-08,5929
2887,台新金,7,0,7,元富-台南,2024-10-08,5929
5009,榮剛,7,0,7,元富-台南,2024-10-08,5929
5876,上海商銀,7,0,7,元富-台南,2024-10-08,5929
00636,國泰中國A50,6,0,6,元富-台南,2024-10-08,5929
1303,南亞,6,0,6,元富-台南,2024-10-08,5929
2029,盛餘,6,0,6,元富-台南,2024-10-08,5929
2409,友達,6,0,6,元富-台南,2024-10-08,5929
6207,雷科,13,7,6,元富-台南,2024-10-08,5929
00713,元大台灣高息低波,5,0,5,元富-台南,2024-10-08,5929
00948B,中信優息投資級債,12,7,5,元富-台南,2024-10-08,5929
00882,中信中國高股息,106,13,93,元富-台南,2024-10-09,5929
2618,長榮航,66,1,65,元富-台南,2024-10-09,5929
00637L,元大滬深300正2,64,0,64,元富-台南,2024-10-09,5929
2892,第一金,55,0,55,元富-台南,2024-10-09,5929
00955,中信日本商社,40,0,40,元富-台南,2024-10-09,5929
2486,一詮,47,7,40,元富-台南,2024-10-09,5929
3062,建漢,37,0,37,元富-台南,2024-10-09,5929
4545,銘鈺,30,0,30,元富-台南,2024-10-09,5929
2363,矽統,202,175,27,元富-台南,2024-10-09,5929
3048,益登,36,10,26,元富-台南,2024-10-09,5929
2303,聯電,32,6,26,元富-台南,2024-10-09,5929
00933B,國泰10Y+金融債,25,0,25,元富-台南,2024-10-09,5929
2883,凱基金,26,2,24,元富-台南,2024-10-09,5929
00712,復華富時不動產,23,0,23,元富-台南,2024-10-09,5929
3481,群創,23,0,23,元富-台南,2024-10-09,5929
8076,伍豐,27,7,20,元富-台南,2024-10-09,5929
1714,和桐,20,0,20,元富-台南,2024-10-09,5929
0056,元大高股息,12,0,12,元富-台南,2024-10-09,5929
00715L,期街口布蘭特正2,13,1,12,元富-台南,2024-10-09,5929
2367,燿華,15,3,12,元富-台南,2024-10-09,5929
2801,彰銀,12,0,12,元富-台南,2024-10-09,5929
3209,全科,14,2,12,元富-台南,2024-10-09,5929
3583,辛耘,14,2,12,元富-台南,2024-10-09,5929
2010,春源,11,0,11,元富-台南,2024-10-09,5929
2489,瑞軒,14,3,11,元富-台南,2024-10-09,5929
00948B,中信優息投資級債,10,0,10,元富-台南,2024-10-09,5929
2439,美律,10,0,10,元富-台南,2024-10-09,5929
3013,晟銘電,15,5,10,元富-台南,2024-10-09,5929
6770,力積電,10,0,10,元富-台南,2024-10-09,5929
5347,世界,10,0,10,元富-台南,2024-10-09,5929
2537,聯上發,9,0,9,元富-台南,2024-10-09,5929
00679B,元大美債20年,9,0,9,元富-台南,2024-10-09,5929
00725B,國泰投資級公司債,9,0,9,元富-台南,2024-10-09,5929
2070,精湛,10,1,9,元富-台南,2024-10-09,5929
2371,大同,10,1,9,元富-台南,2024-10-09,5929
6152,百一,9,0,9,元富-台南,2024-10-09,5929
2002,中鋼,12,3,9,元富-台南,2024-10-09,5929
3605,宏致,14,6,8,元富-台南,2024-10-09,5929
6742,澤米,11,3,8,元富-台南,2024-10-09,5929
2313,華通,13,6,7,元富-台南,2024-10-09,5929
2399,映泰,31,24,7,元富-台南,2024-10-09,5929
2009,第一銅,10,3,7,元富-台南,2024-10-09,5929
2316,楠梓電,10,3,7,元富-台南,2024-10-09,5929
6530,創威,9,2,7,元富-台南,2024-10-09,5929
2891,中信金,7,1,6,元富-台南,2024-10-09,5929
2609,陽明,12,6,6,元富-台南,2024-10-09,5929
1314,中石化,26,20,6,元富-台南,2024-10-09,5929
8112,至上,6,0,6,元富-台南,2024-10-09,5929
1231,聯華食,5,0,5,元富-台南,2024-10-09,5929
1513,中興電,7,2,5,元富-台南,2024-10-09,5929
2317,鴻海,252,118,134,元富-台南,2024-10-11,5929
1584,精剛,55,0,55,元富-台南,2024-10-11,5929
00922,國泰台灣領袖50,47,1,46,元富-台南,2024-10-11,5929
00637L,元大滬深300正2,43,2,41,元富-台南,2024-10-11,5929
00680L,元大美債20正2,41,0,41,元富-台南,2024-10-11,5929
2330,台積電,77,42,35,元富-台南,2024-10-11,5929
8076,伍豐,35,0,35,元富-台南,2024-10-11,5929
00937B,群益ESG投等債20,34,0,34,元富-台南,2024-10-11,5929
00688L,國泰20年美債正2,21,0,21,元富-台南,2024-10-11,5929
00687B,國泰20年美債,22,1,21,元富-台南,2024-10-11,5929
2324,仁寶,20,0,20,元富-台南,2024-10-11,5929
2495,普安,20,0,20,元富-台南,2024-10-11,5929
2388,威盛,22,3,19,元富-台南,2024-10-11,5929
3041,揚智,21,2,19,元富-台南,2024-10-11,5929
1609,大亞,17,0,17,元富-台南,2024-10-11,5929
2070,精湛,20,4,16,元富-台南,2024-10-11,5929
5251,天鉞電,15,0,15,元富-台南,2024-10-11,5929
6457,紘康,58,43,15,元富-台南,2024-10-11,5929
3450,聯鈞,22,10,12,元富-台南,2024-10-11,5929
8070,長華*,14,2,12,元富-台南,2024-10-11,5929
2498,宏達電,12,1,11,元富-台南,2024-10-11,5929
00753L,中信中國50正2,14,3,11,元富-台南,2024-10-11,5929
2618,長榮航,11,0,11,元富-台南,2024-10-11,5929
8927,北基,11,0,11,元富-台南,2024-10-11,5929
00905,FT臺灣Smart,10,0,10,元富-台南,2024-10-11,5929
4908,前鼎,11,1,10,元富-台南,2024-10-11,5929
6167,久正,10,0,10,元富-台南,2024-10-11,5929
6248,沛波,10,0,10,元富-台南,2024-10-11,5929
8027,鈦昇,10,0,10,元富-台南,2024-10-11,5929
9946,三發地產,10,0,10,元富-台南,2024-10-11,5929
00679B,元大美債20年,9,0,9,元富-台南,2024-10-11,5929
2887,台新金,11,2,9,元富-台南,2024-10-11,5929
5371,中光電,11,3,8,元富-台南,2024-10-11,5929
3303,岱稜,8,0,8,元富-台南,2024-10-11,5929
4979,華星光,7,0,7,元富-台南,2024-10-11,5929
00643,群益深証中小,7,0,7,元富-台南,2024-10-11,5929
1314,中石化,12,5,7,元富-台南,2024-10-11,5929
2323,中環,7,0,7,元富-台南,2024-10-11,5929
2107,厚生,6,0,6,元富-台南,2024-10-11,5929
2329,華泰,6,0,6,元富-台南,2024-10-11,5929
6869,雲豹能源,6,0,6,元富-台南,2024-10-11,5929
8111,立��,15,9,6,元富-台南,2024-10-11,5929
00915,凱基優選高股息30,6,0,6,元富-台南,2024-10-11,5929
1785,光洋科,28,23,5,元富-台南,2024-10-11,5929
1301,台塑,5,0,5,元富-台南,2024-10-11,5929
00900,富邦特選高股息30,5,0,5,元富-台南,2024-10-11,5929
00636,國泰中國A50,5,0,5,元富-台南,2024-10-11,5929
3037,欣興,6,1,5,元富-台南,2024-10-11,5929
3060,銘異,10,5,5,元富-台南,2024-10-11,5929
5457,宣德,5,0,5,元富-台南,2024-10-11,5929
00633L,富邦上証正2,51,0,51,元富-台南,2024-10-14,5929
2312,金寶,72,21,51,元富-台南,2024-10-14,5929
3041,揚智,50,0,50,元富-台南,2024-10-14,5929
6138,茂達,51,2,49,元富-台南,2024-10-14,5929
00680L,元大美債20正2,38,0,38,元富-台南,2024-10-14,5929
5009,榮剛,33,0,33,元富-台南,2024-10-14,5929
2845,遠東銀,31,0,31,元富-台南,2024-10-14,5929
00937B,群益ESG投等債20,30,0,30,元富-台南,2024-10-14,5929
3498,陽程,46,18,28,元富-台南,2024-10-14,5929
00687B,國泰20年美債,27,0,27,元富-台南,2024-10-14,5929
0056,元大高股息,26,0,26,元富-台南,2024-10-14,5929
2363,矽統,37,12,25,元富-台南,2024-10-14,5929
00688L,國泰20年美債正2,34,10,24,元富-台南,2024-10-14,5929
5864,致和證,21,0,21,元富-台南,2024-10-14,5929
1316,上曜,20,0,20,元富-台南,2024-10-14,5929
3022,威強電,20,0,20,元富-台南,2024-10-14,5929
3380,明泰,18,0,18,元富-台南,2024-10-14,5929
2317,鴻海,26,11,15,元富-台南,2024-10-14,5929
2887,台新金,13,1,12,元富-台南,2024-10-14,5929
3163,波若威,17,6,11,元富-台南,2024-10-14,5929
00715L,期街口布蘭特正2,11,0,11,元富-台南,2024-10-14,5929
2388,威盛,19,8,11,元富-台南,2024-10-14,5929
6742,澤米,11,0,11,元富-台南,2024-10-14,5929
3324,雙鴻,10,0,10,元富-台南,2024-10-14,5929
00635U,期元大S＆P黃金,10,0,10,元富-台南,2024-10-14,5929
1595,川寶,13,3,10,元富-台南,2024-10-14,5929
2371,大同,10,0,10,元富-台南,2024-10-14,5929
00960,野村全球航運龍頭,14,5,9,元富-台南,2024-10-14,5929
2354,鴻準,9,0,9,元富-台南,2024-10-14,5929
6224,聚鼎,9,0,9,元富-台南,2024-10-14,5929
9945,潤泰新,9,0,9,元富-台南,2024-10-14,5929
5225,東科-KY,8,0,8,元富-台南,2024-10-14,5929
00679B,元大美債20年,9,1,8,元富-台南,2024-10-14,5929
2606,裕民,8,0,8,元富-台南,2024-10-14,5929
6196,帆宣,10,2,8,元富-台南,2024-10-14,5929
6844,諾貝兒,8,0,8,元富-台南,2024-10-14,5929
6290,良維,8,1,7,元富-台南,2024-10-14,5929
00945B,凱基美國非投等債,7,0,7,元富-台南,2024-10-14,5929
4956,光鋐,24,17,7,元富-台南,2024-10-14,5929
00713,元大台灣高息低波,6,0,6,元富-台南,2024-10-14,5929
00922,國泰台灣領袖50,6,0,6,元富-台南,2024-10-14,5929
2330,台積電,12,6,6,元富-台南,2024-10-14,5929
1709,和益,6,0,6,元富-台南,2024-10-14,5929
2426,鼎元,6,0,6,元富-台南,2024-10-14,5929
3413,京鼎,6,0,6,元富-台南,2024-10-14,5929
6425,易發,10,4,6,元富-台南,2024-10-14,5929
2535,達欣工,6,0,6,元富-台南,2024-10-14,5929
2615,萬海,41,36,5,元富-台南,2024-10-14,5929
00942B,台新美A公司債20+,5,0,5,元富-台南,2024-10-14,5929
6187,萬潤,8,3,5,元富-台南,2024-10-14,5929
2317,鴻海,317,190,127,元富-台南,2024-10-15,5929
2101,南港,71,0,71,元富-台南,2024-10-15,5929
2312,金寶,63,1,62,元富-台南,2024-10-15,5929
00687B,國泰20年美債,55,0,55,元富-台南,2024-10-15,5929
00715L,期街口布蘭特正2,43,0,43,元富-台南,2024-10-15,5929
5225,東科-KY,33,0,33,元富-台南,2024-10-15,5929
00919,群益台灣精選高息,33,4,29,元富-台南,2024-10-15,5929
1316,上曜,22,0,22,元富-台南,2024-10-15,5929
00948B,中信優息投資級債,16,0,16,元富-台南,2024-10-15,5929
2486,一詮,51,35,16,元富-台南,2024-10-15,5929
00725B,國泰投資級公司債,15,0,15,元富-台南,2024-10-15,5929
5864,致和證,15,0,15,元富-台南,2024-10-15,5929
00887,永豐中國科技50大,15,1,14,元富-台南,2024-10-15,5929
2371,大同,13,0,13,元富-台南,2024-10-15,5929
3163,波若威,24,11,13,元富-台南,2024-10-15,5929
1609,大亞,12,0,12,元富-台南,2024-10-15,5929
4919,新唐,12,0,12,元富-台南,2024-10-15,5929
2467,志聖,12,1,11,元富-台南,2024-10-15,5929
00665L,富邦�琤肭磪囓�2,36,25,11,元富-台南,2024-10-15,5929
3149,正達,27,17,10,元富-台南,2024-10-15,5929
1815,富喬,10,0,10,元富-台南,2024-10-15,5929
2401,凌陽,10,0,10,元富-台南,2024-10-15,5929
00960,野村全球航運龍頭,11,1,10,元富-台南,2024-10-15,5929
4707,磐亞,10,0,10,元富-台南,2024-10-15,5929
5905,南仁湖,10,0,10,元富-台南,2024-10-15,5929
6126,信音,11,1,10,元富-台南,2024-10-15,5929
6658,聯策,10,0,10,元富-台南,2024-10-15,5929
2892,第一金,10,2,8,元富-台南,2024-10-15,5929
00632R,元大台灣50反1,8,0,8,元富-台南,2024-10-15,5929
4956,光鋐,19,11,8,元富-台南,2024-10-15,5929
5432,新門,8,0,8,元富-台南,2024-10-15,5929
4977,眾達-KY,18,10,8,元富-台南,2024-10-15,5929
3013,晟銘電,17,10,7,元富-台南,2024-10-15,5929
00915,凱基優選高股息30,7,0,7,元富-台南,2024-10-15,5929
2241,艾姆勒,8,1,7,元富-台南,2024-10-15,5929
3029,零壹,7,0,7,元富-台南,2024-10-15,5929
2887,台新金,13,6,7,元富-台南,2024-10-15,5929
3481,群創,15,8,7,元富-台南,2024-10-15,5929
2867,三商壽,6,0,6,元富-台南,2024-10-15,5929
3073,天方能源,6,0,6,元富-台南,2024-10-15,5929
3498,陽程,16,10,6,元富-台南,2024-10-15,5929
4935,茂林-KY,6,0,6,元富-台南,2024-10-15,5929
5452,佶優,11,5,6,元富-台南,2024-10-15,5929
5443,均豪,7,2,5,元富-台南,2024-10-15,5929
6706,惠特,23,18,5,元富-台南,2024-10-15,5929
2421,建準,7,2,5,元富-台南,2024-10-15,5929
8929,富堡,5,0,5,元富-台南,2024-10-15,5929
9958,世紀鋼,5,0,5,元富-台南,2024-10-15,5929
00937B,群益ESG投等債20,6,2,4,元富-台南,2024-10-15,5929
1539,巨庭,7,3,4,元富-台南,2024-10-15,5929
5009,榮剛,260,0,260,元富-台南,2024-10-16,5929
00922,國泰台灣領袖50,82,5,77,元富-台南,2024-10-16,5929
00665L,富邦�琤肭磪囓�2,61,0,61,元富-台南,2024-10-16,5929
006208,富邦台50,59,2,57,元富-台南,2024-10-16,5929
1467,南緯,49,0,49,元富-台南,2024-10-16,5929
0056,元大高股息,35,0,35,元富-台南,2024-10-16,5929
00687B,國泰20年美債,31,3,28,元富-台南,2024-10-16,5929
2313,華通,40,13,27,元富-台南,2024-10-16,5929
00680L,元大美債20正2,46,20,26,元富-台南,2024-10-16,5929
00945B,凱基美國非投等債,26,0,26,元富-台南,2024-10-16,5929
2330,台積電,34,10,24,元富-台南,2024-10-16,5929
1446,宏和,24,0,24,元富-台南,2024-10-16,5929
6844,諾貝兒,21,0,21,元富-台南,2024-10-16,5929
2412,中華電,20,0,20,元富-台南,2024-10-16,5929
2402,毅嘉,20,0,20,元富-台南,2024-10-16,5929
4958,臻鼎-KY,20,0,20,元富-台南,2024-10-16,5929
00918,大華優利高填息30,18,0,18,元富-台南,2024-10-16,5929
3450,聯鈞,25,8,17,元富-台南,2024-10-16,5929
3481,群創,36,21,15,元富-台南,2024-10-16,5929
1314,中石化,15,2,13,元富-台南,2024-10-16,5929
3017,奇鋐,11,0,11,元富-台南,2024-10-16,5929
1609,大亞,11,0,11,元富-台南,2024-10-16,5929
2344,華邦電,11,0,11,元富-台南,2024-10-16,5929
2371,大同,11,0,11,元富-台南,2024-10-16,5929
2881,富邦金,10,0,10,元富-台南,2024-10-16,5929
00688L,國泰20年美債正2,10,0,10,元富-台南,2024-10-16,5929
00650L,復華香港正2,10,0,10,元富-台南,2024-10-16,5929
1802,台玻,10,0,10,元富-台南,2024-10-16,5929
6015,宏遠證,10,0,10,元富-台南,2024-10-16,5929
8076,伍豐,10,0,10,元富-台南,2024-10-16,5929
2049,上銀,10,0,10,元富-台南,2024-10-16,5929
5347,世界,9,0,9,元富-台南,2024-10-16,5929
00929,復華台灣科技優息,13,5,8,元富-台南,2024-10-16,5929
00887,永豐中國科技50大,21,14,7,元富-台南,2024-10-16,5929
00927,群益半導體收益,11,4,7,元富-台南,2024-10-16,5929
2363,矽統,22,15,7,元富-台南,2024-10-16,5929
6274,台燿,8,1,7,元富-台南,2024-10-16,5929
2812,台中銀,6,0,6,元富-台南,2024-10-16,5929
2201,裕隆,6,0,6,元富-台南,2024-10-16,5929
5876,上海商銀,6,0,6,元富-台南,2024-10-16,5929
6142,友勁,6,0,6,元富-台南,2024-10-16,5929
2421,建準,12,6,6,元富-台南,2024-10-16,5929
6290,良維,9,4,5,元富-台南,2024-10-16,5929
8064,東捷,6,1,5,元富-台南,2024-10-16,5929
00949,復華日本龍頭,5,0,5,元富-台南,2024-10-16,5929
00954,中信日本半導體,5,0,5,元富-台南,2024-10-16,5929
2439,美律,5,0,5,元富-台南,2024-10-16,5929
4716,大立,8,3,5,元富-台南,2024-10-16,5929
6156,松上,20,15,5,元富-台南,2024-10-16,5929
9958,世紀鋼,5,0,5,元富-台南,2024-10-16,5929
00688L,國泰20年美債正2,256,0,256,元富-台南,2024-10-17,5929
00937B,群益ESG投等債20,187,14,173,元富-台南,2024-10-17,5929
2303,聯電,112,0,112,元富-台南,2024-10-17,5929
5011,久陽,72,0,72,元富-台南,2024-10-17,5929
00722B,群益投資級電信債,69,0,69,元富-台南,2024-10-17,5929
0056,元大高股息,63,21,42,元富-台南,2024-10-17,5929
00680L,元大美債20正2,51,10,41,元富-台南,2024-10-17,5929
00922,國泰台灣領袖50,57,20,37,元富-台南,2024-10-17,5929
00912,中信臺灣智慧50,35,0,35,元富-台南,2024-10-17,5929
3062,建漢,112,90,22,元富-台南,2024-10-17,5929
2605,新興,26,5,21,元富-台南,2024-10-17,5929
2867,三商壽,21,0,21,元富-台南,2024-10-17,5929
00929,復華台灣科技優息,22,2,20,元富-台南,2024-10-17,5929
1314,中石化,37,17,20,元富-台南,2024-10-17,5929
6126,信音,20,0,20,元富-台南,2024-10-17,5929
3036A,文曄甲特,18,0,18,元富-台南,2024-10-17,5929
6844,諾貝兒,18,0,18,元富-台南,2024-10-17,5929
00753L,中信中國50正2,17,1,16,元富-台南,2024-10-17,5929
00725B,國泰投資級公司債,15,0,15,元富-台南,2024-10-17,5929
6742,澤米,15,0,15,元富-台南,2024-10-17,5929
6134,萬旭,16,2,14,元富-台南,2024-10-17,5929
2388,威盛,12,0,12,元富-台南,2024-10-17,5929
6405,悅城,11,0,11,元富-台南,2024-10-17,5929
3149,正達,16,5,11,元富-台南,2024-10-17,5929
6290,良維,10,0,10,元富-台南,2024-10-17,5929
00636,國泰中國A50,10,0,10,元富-台南,2024-10-17,5929
3576,聯合再生,10,0,10,元富-台南,2024-10-17,5929
5521,工信,10,0,10,元富-台南,2024-10-17,5929
5905,南仁湖,10,0,10,元富-台南,2024-10-17,5929
6182,合晶,9,0,9,元富-台南,2024-10-17,5929
1721,三晃,8,0,8,元富-台南,2024-10-17,5929
3209,全科,11,3,8,元富-台南,2024-10-17,5929
00687B,國泰20年美債,7,0,7,元富-台南,2024-10-17,5929
3710,連展投控,8,1,7,元富-台南,2024-10-17,5929
4958,臻鼎-KY,6,0,6,元富-台南,2024-10-17,5929
8070,長華*,6,0,6,元富-台南,2024-10-17,5929
2891,中信金,7,2,5,元富-台南,2024-10-17,5929
2399,映泰,20,15,5,元富-台南,2024-10-17,5929
00927,群益半導體收益,5,0,5,元富-台南,2024-10-17,5929
00643,群益深証中小,5,0,5,元富-台南,2024-10-17,5929
0061,元大寶滬深,5,0,5,元富-台南,2024-10-17,5929
2301,光寶科,5,0,5,元富-台南,2024-10-17,5929
3033,威健,5,0,5,元富-台南,2024-10-17,5929
3041,揚智,5,0,5,元富-台南,2024-10-17,5929
3591,艾笛森,8,3,5,元富-台南,2024-10-17,5929
6215,和椿,11,6,5,元富-台南,2024-10-17,5929
2892,第一金,4,0,4,元富-台南,2024-10-17,5929
6274,台燿,8,4,4,元富-台南,2024-10-17,5929
00713,元大台灣高息低波,6,2,4,元富-台南,2024-10-17,5929
00882,中信中國高股息,5,1,4,元富-台南,2024-10-17,5929
00937B,群益ESG投等債20,333,2,331,元富-台南,2024-10-18,5929
5011,久陽,68,0,68,元富-台南,2024-10-18,5929
00945B,凱基美國非投等債,50,0,50,元富-台南,2024-10-18,5929
5364,力麗店,50,0,50,元富-台南,2024-10-18,5929
2313,華通,48,0,48,元富-台南,2024-10-18,5929
2303,聯電,49,2,47,元富-台南,2024-10-18,5929
00948B,中信優息投資級債,45,0,45,元富-台南,2024-10-18,5929
00665L,富邦�琤肭磪囓�2,85,45,40,元富-台南,2024-10-18,5929
2486,一詮,40,3,37,元富-台南,2024-10-18,5929
00687B,國泰20年美債,32,0,32,元富-台南,2024-10-18,5929
00715L,期街口布蘭特正2,31,0,31,元富-台南,2024-10-18,5929
00722B,群益投資級電信債,30,0,30,元富-台南,2024-10-18,5929
2317,鴻海,40,11,29,元富-台南,2024-10-18,5929
00680L,元大美債20正2,37,10,27,元富-台南,2024-10-18,5929
6134,萬旭,26,3,23,元富-台南,2024-10-18,5929
2449,京元電子,25,3,22,元富-台南,2024-10-18,5929
00636,國泰中國A50,21,0,21,元富-台南,2024-10-18,5929
2312,金寶,78,57,21,元富-台南,2024-10-18,5929
00918,大華優利高填息30,20,0,20,元富-台南,2024-10-18,5929
00952,凱基台灣AI50,20,1,19,元富-台南,2024-10-18,5929
2367,燿華,24,5,19,元富-台南,2024-10-18,5929
2388,威盛,20,1,19,元富-台南,2024-10-18,5929
6658,聯策,18,0,18,元富-台南,2024-10-18,5929
6156,松上,27,11,16,元富-台南,2024-10-18,5929
1785,光洋科,31,16,15,元富-台南,2024-10-18,5929
00633L,富邦上証正2,15,0,15,元富-台南,2024-10-18,5929
2374,佳能,15,0,15,元富-台南,2024-10-18,5929
5347,世界,15,1,14,元富-台南,2024-10-18,5929
00888,永豐台灣ESG,13,0,13,元富-台南,2024-10-18,5929
2634,漢翔,13,0,13,元富-台南,2024-10-18,5929
3581,博磊,15,2,13,元富-台南,2024-10-18,5929
6290,良維,13,0,13,元富-台南,2024-10-18,5929
00688L,國泰20年美債正2,21,10,11,元富-台南,2024-10-18,5929
3710,連展投控,11,0,11,元富-台南,2024-10-18,5929
8111,立��,11,0,11,元富-台南,2024-10-18,5929
00887,永豐中國科技50大,11,0,11,元富-台南,2024-10-18,5929
00929,復華台灣科技優息,11,1,10,元富-台南,2024-10-18,5929
00922,國泰台灣領袖50,26,16,10,元富-台南,2024-10-18,5929
00949,復華日本龍頭,10,0,10,元富-台南,2024-10-18,5929
5864,致和證,10,0,10,元富-台南,2024-10-18,5929
3450,聯鈞,15,6,9,元富-台南,2024-10-18,5929
00878,國泰永續高股息,12,2,10,元富-台南,2024-10-18,5929
4566,時碩工業,22,13,9,元富-台南,2024-10-18,5929
6642,富致,9,0,9,元富-台南,2024-10-18,5929
00919,群益台灣精選高息,9,0,9,元富-台南,2024-10-18,5929
8927,北基,8,0,8,元富-台南,2024-10-18,5929
2421,建準,12,4,8,元富-台南,2024-10-18,5929
3209,全科,26,18,8,元富-台南,2024-10-18,5929
1616,億泰,7,0,7,元富-台南,2024-10-18,5929
2405,輔信,7,0,7,元富-台南,2024-10-18,5929
00937B,群益ESG投等債20,357,0,357,元富-台南,2024-10-21,5929
00895,富邦未來車,60,1,59,元富-台南,2024-10-21,5929
00929,復華台灣科技優息,67,11,56,元富-台南,2024-10-21,5929
00715L,期街口布蘭特正2,48,0,48,元富-台南,2024-10-21,5929
00948B,中信優息投資級債,57,10,47,元富-台南,2024-10-21,5929
5011,久陽,44,0,44,元富-台南,2024-10-21,5929
00636,國泰中國A50,40,0,40,元富-台南,2024-10-21,5929
00719B,元大美債1-3,30,0,30,元富-台南,2024-10-21,5929
1444,力麗,30,0,30,元富-台南,2024-10-21,5929
4545,銘鈺,30,0,30,元富-台南,2024-10-21,5929
5876,上海商銀,27,0,27,元富-台南,2024-10-21,5929
2882,國泰金,23,0,23,元富-台南,2024-10-21,5929
6290,良維,22,2,20,元富-台南,2024-10-21,5929
2891,中信金,26,5,21,元富-台南,2024-10-21,5929
5364,力麗店,20,0,20,元富-台南,2024-10-21,5929
6442,光聖,21,2,19,元富-台南,2024-10-21,5929
2312,金寶,19,2,17,元富-台南,2024-10-21,5929
00687B,國泰20年美債,17,0,17,元富-台南,2024-10-21,5929
1409,新纖,14,0,14,元富-台南,2024-10-21,5929
2881,富邦金,14,1,13,元富-台南,2024-10-21,5929
4979,華星光,12,0,12,元富-台南,2024-10-21,5929
6457,紘康,36,24,12,元富-台南,2024-10-21,5929
00725B,國泰投資級公司債,10,0,10,元富-台南,2024-10-21,5929
3441,聯一光,10,0,10,元富-台南,2024-10-21,5929
4402,郡都開發,10,0,10,元富-台南,2024-10-21,5929
6535,順藥,10,0,10,元富-台南,2024-10-21,5929
00949,復華日本龍頭,10,1,9,元富-台南,2024-10-21,5929
2409,友達,9,0,9,元富-台南,2024-10-21,5929
0050,元大台灣50,9,1,8,元富-台南,2024-10-21,5929
1314,中石化,8,0,8,元富-台南,2024-10-21,5929
00931B,統一美債20年,8,0,8,元富-台南,2024-10-21,5929
1711,永光,19,11,8,元富-台南,2024-10-21,5929
3013,晟銘電,17,9,8,元富-台南,2024-10-21,5929
00633L,富邦上証正2,7,0,7,元富-台南,2024-10-21,5929
5452,佶優,9,2,7,元富-台南,2024-10-21,5929
6770,力積電,7,0,7,元富-台南,2024-10-21,5929
6533,晶心科,9,2,7,元富-台南,2024-10-21,5929
3231,緯創,10,4,6,元富-台南,2024-10-21,5929
00905,FT臺灣Smart,6,0,6,元富-台南,2024-10-21,5929
00665L,富邦�琤肭磪囓�2,6,0,6,元富-台南,2024-10-21,5929
1721,三晃,11,5,6,元富-台南,2024-10-21,5929
2634,漢翔,6,0,6,元富-台南,2024-10-21,5929
2845,遠東銀,6,0,6,元富-台南,2024-10-21,5929
2330,台積電,9,4,5,元富-台南,2024-10-21,5929
2812,台中銀,5,0,5,元富-台南,2024-10-21,5929
1301,台塑,5,0,5,元富-台南,2024-10-21,5929
3481,群創,11,6,5,元富-台南,2024-10-21,5929
00740B,富邦全球投等債,5,0,5,元富-台南,2024-10-21,5929
4971,IET-KY,6,1,5,元富-台南,2024-10-21,5929
8155,博智,5,0,5,元富-台南,2024-10-21,5929
00937B,群益ESG投等債20,375,0,375,元富-台南,2024-10-22,5929
00680L,元大美債20正2,209,60,149,元富-台南,2024-10-22,5929
2317,鴻海,119,20,99,元富-台南,2024-10-22,5929
00679B,元大美債20年,90,0,90,元富-台南,2024-10-22,5929
00948B,中信優息投資級債,66,0,66,元富-台南,2024-10-22,5929
2303,聯電,41,0,41,元富-台南,2024-10-22,5929
00687B,國泰20年美債,65,30,35,元富-台南,2024-10-22,5929
00950B,凱基A級公司債,32,0,32,元富-台南,2024-10-22,5929
00751B,元大AAA至A公司債,28,0,28,元富-台南,2024-10-22,5929
1101,台泥,25,0,25,元富-台南,2024-10-22,5929
00942B,台新美A公司債20+,24,1,23,元富-台南,2024-10-22,5929
6658,聯策,22,1,21,元富-台南,2024-10-22,5929
00706L,期元大S＆P日圓正2,20,0,20,元富-台南,2024-10-22,5929
00959B,大華投等美債15Y+,20,0,20,元富-台南,2024-10-22,5929
3441,聯一光,30,10,20,元富-台南,2024-10-22,5929
5364,力麗店,20,0,20,元富-台南,2024-10-22,5929
3615,安可,31,12,19,元富-台南,2024-10-22,5929
00933B,國泰10Y+金融債,20,1,19,元富-台南,2024-10-22,5929
00905,FT臺灣Smart,18,0,18,元富-台南,2024-10-22,5929
2867,三商壽,16,0,16,元富-台南,2024-10-22,5929
0061,元大寶滬深,15,0,15,元富-台南,2024-10-22,5929
2363,矽統,48,33,15,元富-台南,2024-10-22,5929
1303,南亞,12,0,12,元富-台南,2024-10-22,5929
2614,東森,12,0,12,元富-台南,2024-10-22,5929
8421,旭源,12,0,12,元富-台南,2024-10-22,5929
00949,復華日本龍頭,11,0,11,元富-台南,2024-10-22,5929
2204,中華,11,0,11,元富-台南,2024-10-22,5929
1314,中石化,10,0,10,元富-台南,2024-10-22,5929
2070,精湛,11,1,10,元富-台南,2024-10-22,5929
3691,碩禾,10,0,10,元富-台南,2024-10-22,5929
5309,系統電,10,0,10,元富-台南,2024-10-22,5929
6015,宏遠證,10,0,10,元富-台南,2024-10-22,5929
1301,台塑,24,15,9,元富-台南,2024-10-22,5929
00931B,統一美債20年,9,0,9,元富-台南,2024-10-22,5929
00725B,國泰投資級公司債,9,0,9,元富-台南,2024-10-22,5929
2330,台積電,15,6,9,元富-台南,2024-10-22,5929
00772B,中信高評級公司債,9,0,9,元富-台南,2024-10-22,5929
2388,威盛,14,6,8,元富-台南,2024-10-22,5929
4533,協易機,11,3,8,元富-台南,2024-10-22,5929
4934,太極,8,0,8,元富-台南,2024-10-22,5929
8021,尖點,10,2,8,元富-台南,2024-10-22,5929
1522,堤維西,7,0,7,元富-台南,2024-10-22,5929
3581,博磊,7,0,7,元富-台南,2024-10-22,5929
2449,京元電子,9,2,7,元富-台南,2024-10-22,5929
3162,精確,8,2,6,元富-台南,2024-10-22,5929
6156,松上,16,10,6,元富-台南,2024-10-22,5929
6603,富強鑫,6,0,6,元富-台南,2024-10-22,5929
9958,世紀鋼,6,0,6,元富-台南,2024-10-22,5929
00878,國泰永續高股息,8,2,6,元富-台南,2024-10-22,5929
2891,中信金,7,1,6,元富-台南,2024-10-22,5929
00680L,元大美債20正2,211,110,101,元富-台南,2024-10-23,5929
2486,一詮,85,20,65,元富-台南,2024-10-23,5929
2887,台新金,52,0,52,元富-台南,2024-10-23,5929
00687B,國泰20年美債,33,1,32,元富-台南,2024-10-23,5929
5011,久陽,29,0,29,元富-台南,2024-10-23,5929
00948B,中信優息投資級債,27,0,27,元富-台南,2024-10-23,5929
3481,群創,53,28,25,元富-台南,2024-10-23,5929
5876,上海商銀,23,0,23,元富-台南,2024-10-23,5929
4545,銘鈺,23,0,23,元富-台南,2024-10-23,5929
00712,復華富時不動產,22,0,22,元富-台南,2024-10-23,5929
00950B,凱基A級公司債,20,0,20,元富-台南,2024-10-23,5929
3490,單井,22,2,20,元富-台南,2024-10-23,5929
00929,復華台灣科技優息,19,0,19,元富-台南,2024-10-23,5929
1314,中石化,18,0,18,元富-台南,2024-10-23,5929
2303,聯電,21,3,18,元富-台南,2024-10-23,5929
2845,遠東銀,15,0,15,元富-台南,2024-10-23,5929
6770,力積電,15,0,15,元富-台南,2024-10-23,5929
00679B,元大美債20年,13,0,13,元富-台南,2024-10-23,5929
6862,三集瑞-KY,13,1,12,元富-台南,2024-10-23,5929
0056,元大高股息,11,0,11,元富-台南,2024-10-23,5929
6442,光聖,11,0,11,元富-台南,2024-10-23,5929
2820,華票,10,0,10,元富-台南,2024-10-23,5929
3372,典範,13,3,10,元富-台南,2024-10-23,5929
5364,力麗店,10,0,10,元富-台南,2024-10-23,5929
8011,台通,10,0,10,元富-台南,2024-10-23,5929
2892,第一金,9,0,9,元富-台南,2024-10-23,5929
6457,紘康,14,5,9,元富-台南,2024-10-23,5929
2313,華通,9,1,8,元富-台南,2024-10-23,5929
5425,台半,10,3,7,元富-台南,2024-10-23,5929
2399,映泰,11,4,7,元富-台南,2024-10-23,5929
00922,國泰台灣領袖50,6,0,6,元富-台南,2024-10-23,5929
2363,矽統,31,25,6,元富-台南,2024-10-23,5929
2881,富邦金,6,0,6,元富-台南,2024-10-23,5929
2884,玉山金,6,0,6,元富-台南,2024-10-23,5929
5347,世界,8,2,6,元富-台南,2024-10-23,5929
5386,青雲,6,0,6,元富-台南,2024-10-23,5929
6405,悅城,10,4,6,元富-台南,2024-10-23,5929
2882,國泰金,6,0,6,元富-台南,2024-10-23,5929
6104,創惟,8,2,6,元富-台南,2024-10-23,5929
2535,達欣工,5,0,5,元富-台南,2024-10-23,5929
1101,台泥,10,5,5,元富-台南,2024-10-23,5929
2314,台揚,6,1,5,元富-台南,2024-10-23,5929
00633L,富邦上証正2,5,0,5,元富-台南,2024-10-23,5929
006208,富邦台50,5,0,5,元富-台南,2024-10-23,5929
2345,智邦,4,0,4,元富-台南,2024-10-23,5929
2354,鴻準,6,2,4,元富-台南,2024-10-23,5929
3015,全漢,4,0,4,元富-台南,2024-10-23,5929
6530,創威,5,1,4,元富-台南,2024-10-23,5929
9906,欣巴巴,4,0,4,元富-台南,2024-10-23,5929
00919,群益台灣精選高息,12,9,3,元富-台南,2024-10-23,5929
2317,鴻海,176,6,170,元富-台南,2024-10-24,5929
3055,蔚華科,56,0,56,元富-台南,2024-10-24,5929
2486,一詮,66,29,37,元富-台南,2024-10-24,5929
00940,元大台灣價值高息,47,13,34,元富-台南,2024-10-24,5929
2303,聯電,33,3,30,元富-台南,2024-10-24,5929
2609,陽明,48,20,28,元富-台南,2024-10-24,5929
0056,元大高股息,33,7,26,元富-台南,2024-10-24,5929
00938,凱基優選30,22,0,22,元富-台南,2024-10-24,5929
2405,輔信,43,21,22,元富-台南,2024-10-24,5929
3702A,大聯大甲特,22,0,22,元富-台南,2024-10-24,5929
2388,威盛,24,3,21,元富-台南,2024-10-24,5929
3687,歐買尬,22,1,21,元富-台南,2024-10-24,5929
2313,華通,20,0,20,元富-台南,2024-10-24,5929
6535,順藥,20,0,20,元富-台南,2024-10-24,5929
00687B,國泰20年美債,18,0,18,元富-台南,2024-10-24,5929
1528,恩德,35,18,17,元富-台南,2024-10-24,5929
00878,國泰永續高股息,18,3,15,元富-台南,2024-10-24,5929
2615,萬海,36,22,14,元富-台南,2024-10-24,5929
4716,大立,16,2,14,元富-台南,2024-10-24,5929
6609,瀧澤科,21,7,14,元富-台南,2024-10-24,5929
2382,廣達,19,5,14,元富-台南,2024-10-24,5929
00960,野村全球航運龍頭,13,0,13,元富-台南,2024-10-24,5929
2892,第一金,12,0,12,元富-台南,2024-10-24,5929
2891,中信金,17,5,12,元富-台南,2024-10-24,5929
1460,宏遠,12,0,12,元富-台南,2024-10-24,5929
00881,國泰台灣5G+,12,1,11,元富-台南,2024-10-24,5929
5425,台半,13,2,11,元富-台南,2024-10-24,5929
00929,復華台灣科技優息,12,1,11,元富-台南,2024-10-24,5929
6138,茂達,11,0,11,元富-台南,2024-10-24,5929
00712,復華富時不動產,10,0,10,元富-台南,2024-10-24,5929
00719B,元大美債1-3,10,0,10,元富-台南,2024-10-24,5929
3450,聯鈞,16,6,10,元富-台南,2024-10-24,5929
8936,國統,10,0,10,元富-台南,2024-10-24,5929
00933B,國泰10Y+金融債,10,0,10,元富-台南,2024-10-24,5929
00637L,元大滬深300正2,10,0,10,元富-台南,2024-10-24,5929
00948B,中信優息投資級債,10,0,10,元富-台南,2024-10-24,5929
3036A,文曄甲特,10,0,10,元富-台南,2024-10-24,5929
3691,碩禾,10,0,10,元富-台南,2024-10-24,5929
5011,久陽,10,0,10,元富-台南,2024-10-24,5929
00919,群益台灣精選高息,14,4,10,元富-台南,2024-10-24,5929
3037,欣興,17,7,10,元富-台南,2024-10-24,5929
00922,國泰台灣領袖50,9,0,9,元富-台南,2024-10-24,5929
00918,大華優利高填息30,10,1,9,元富-台南,2024-10-24,5929
2399,映泰,9,1,8,元富-台南,2024-10-24,5929
8421,旭源,8,0,8,元富-台南,2024-10-24,5929
2330,台積電,9,2,7,元富-台南,2024-10-24,5929
6117,迎廣,7,0,7,元富-台南,2024-10-24,5929
2887,台新金,7,0,7,元富-台南,2024-10-24,5929
5443,均豪,7,0,7,元富-台南,2024-10-24,5929
00937B,群益ESG投等債20,6,0,6,元富-台南,2024-10-24,5929
3036A,文曄甲特,70,0,70,元富-台南,2024-10-25,5929
00937B,群益ESG投等債20,60,0,60,元富-台南,2024-10-25,5929
00680L,元大美債20正2,50,0,50,元富-台南,2024-10-25,5929
3710,連展投控,44,0,44,元富-台南,2024-10-25,5929
3231,緯創,52,28,24,元富-台南,2024-10-25,5929
6182,合晶,17,0,17,元富-台南,2024-10-25,5929
1314,中石化,16,0,16,元富-台南,2024-10-25,5929
2495,普安,26,10,16,元富-台南,2024-10-25,5929
2891,中信金,13,0,13,元富-台南,2024-10-25,5929
00887,永豐中國科技50大,12,0,12,元富-台南,2024-10-25,5929
2405,輔信,17,5,12,元富-台南,2024-10-25,5929
6142,友勁,14,2,12,元富-台南,2024-10-25,5929
3037,欣興,13,2,11,元富-台南,2024-10-25,5929
6535,順藥,10,0,10,元富-台南,2024-10-25,5929
00943,兆豐電子高息等權,10,0,10,元富-台南,2024-10-25,5929
2106,建大,10,0,10,元富-台南,2024-10-25,5929
2323,中環,10,0,10,元富-台南,2024-10-25,5929
2883,凱基金,10,1,9,元富-台南,2024-10-25,5929
3481,群創,18,9,9,元富-台南,2024-10-25,5929
2464,盟立,10,1,9,元富-台南,2024-10-25,5929
2527,宏璟,9,0,9,元富-台南,2024-10-25,5929
0056,元大高股息,9,0,9,元富-台南,2024-10-25,5929
00753L,中信中國50正2,8,0,8,元富-台南,2024-10-25,5929
2365,昆盈,9,1,8,元富-台南,2024-10-25,5929
3551,世禾,13,5,8,元富-台南,2024-10-25,5929
8374,羅昇,8,0,8,元富-台南,2024-10-25,5929
00919,群益台灣精選高息,9,1,8,元富-台南,2024-10-25,5929
0050,元大台灣50,6,0,6,元富-台南,2024-10-25,5929
2344,華邦電,26,20,6,元富-台南,2024-10-25,5929
8027,鈦昇,6,0,6,元富-台南,2024-10-25,5929
00715L,期街口布蘭特正2,6,0,6,元富-台南,2024-10-25,5929
2313,華通,11,5,6,元富-台南,2024-10-25,5929
3360,尚立,7,1,6,元富-台南,2024-10-25,5929
4527,方土霖,6,0,6,元富-台南,2024-10-25,5929
6770,力積電,6,0,6,元富-台南,2024-10-25,5929
00918,大華優利高填息30,5,0,5,元富-台南,2024-10-25,5929
00757,統一FANG+,5,0,5,元富-台南,2024-10-25,5929
00665L,富邦�琤肭磪囓�2,45,40,5,元富-台南,2024-10-25,5929
1524,耿鼎,6,1,5,元富-台南,2024-10-25,5929
2887,台新金,6,1,5,元富-台南,2024-10-25,5929
3289,宜特,5,0,5,元富-台南,2024-10-25,5929
3714,富采,10,5,5,元富-台南,2024-10-25,5929
5011,久陽,5,0,5,元富-台南,2024-10-25,5929
5864,致和證,5,0,5,元富-台南,2024-10-25,5929
6488,環球晶,5,0,5,元富-台南,2024-10-25,5929
5284,jpp-KY,8,3,5,元富-台南,2024-10-25,5929
6509,聚和,5,0,5,元富-台南,2024-10-25,5929
9945,潤泰新,5,0,5,元富-台南,2024-10-25,5929
2363,矽統,11,7,4,元富-台南,2024-10-25,5929
4743,合一,4,0,4,元富-台南,2024-10-25,5929
2317,鴻海,383,23,360,元富-台南,2024-10-28,5929
1785,光洋科,100,11,89,元富-台南,2024-10-28,5929
00712,復華富時不動產,81,0,81,元富-台南,2024-10-28,5929
3027,盛達,51,0,51,元富-台南,2024-10-28,5929
5011,久陽,46,0,46,元富-台南,2024-10-28,5929
2303,聯電,50,5,45,元富-台南,2024-10-28,5929
3481,群創,58,21,37,元富-台南,2024-10-28,5929
2867,三商壽,35,0,35,元富-台南,2024-10-28,5929
00942B,台新美A公司債20+,30,0,30,元富-台南,2024-10-28,5929
3036A,文曄甲特,30,0,30,元富-台南,2024-10-28,5929
5864,致和證,25,0,25,元富-台南,2024-10-28,5929
00937B,群益ESG投等債20,28,4,24,元富-台南,2024-10-28,5929
00959B,大華投等美債15Y+,22,0,22,元富-台南,2024-10-28,5929
00679B,元大美債20年,20,0,20,元富-台南,2024-10-28,5929
1316,上曜,20,0,20,元富-台南,2024-10-28,5929
00948B,中信優息投資級債,20,0,20,元富-台南,2024-10-28,5929
3490,單井,22,2,20,元富-台南,2024-10-28,5929
4958,臻鼎-KY,20,0,20,元富-台南,2024-10-28,5929
2486,一詮,41,22,19,元富-台南,2024-10-28,5929
2313,華通,20,1,19,元富-台南,2024-10-28,5929
00687B,國泰20年美債,19,1,18,元富-台南,2024-10-28,5929
2354,鴻準,21,4,17,元富-台南,2024-10-28,5929
3615,安可,17,0,17,元富-台南,2024-10-28,5929
00929,復華台灣科技優息,20,3,17,元富-台南,2024-10-28,5929
8039,台虹,15,0,15,元富-台南,2024-10-28,5929
00919,群益台灣精選高息,14,1,13,元富-台南,2024-10-28,5929
00715L,期街口布蘭特正2,13,0,13,元富-台南,2024-10-28,5929
5386,青雲,13,0,13,元富-台南,2024-10-28,5929
2330,台積電,16,3,13,元富-台南,2024-10-28,5929
00933B,國泰10Y+金融債,11,0,11,元富-台南,2024-10-28,5929
2103,台橡,11,0,11,元富-台南,2024-10-28,5929
2609,陽明,25,14,11,元富-台南,2024-10-28,5929
6530,創威,12,1,11,元富-台南,2024-10-28,5929
8111,立��,21,10,11,元富-台南,2024-10-28,5929
2027,大成鋼,10,0,10,元富-台南,2024-10-28,5929
2615,萬海,31,21,10,元富-台南,2024-10-28,5929
2630,亞航,10,0,10,元富-台南,2024-10-28,5929
4545,銘鈺,10,0,10,元富-台南,2024-10-28,5929
6126,信音,10,0,10,元富-台南,2024-10-28,5929
6215,和椿,11,1,10,元富-台南,2024-10-28,5929
6535,順藥,10,0,10,元富-台南,2024-10-28,5929
8076,伍豐,10,0,10,元富-台南,2024-10-28,5929
8107,大億金茂,11,1,10,元富-台南,2024-10-28,5929
8110,華東,10,0,10,元富-台南,2024-10-28,5929
6134,萬旭,16,7,9,元富-台南,2024-10-28,5929
00939,統一台灣高息動能,10,2,8,元富-台南,2024-10-28,5929
2070,精湛,8,0,8,元富-台南,2024-10-28,5929
3037,欣興,7,0,7,元富-台南,2024-10-28,5929
2345,智邦,8,1,7,元富-台南,2024-10-28,5929
2374,佳能,7,0,7,元富-台南,2024-10-28,5929
2317,鴻海,289,23,266,元富-台南,2024-10-29,5929
4545,銘鈺,120,1,119,元富-台南,2024-10-29,5929
5011,久陽,115,0,115,元富-台南,2024-10-29,5929
2303,聯電,86,4,82,元富-台南,2024-10-29,5929
00665L,富邦�琤肭磪囓�2,90,10,80,元富-台南,2024-10-29,5929
00680L,元大美債20正2,181,108,73,元富-台南,2024-10-29,5929
1785,光洋科,62,9,53,元富-台南,2024-10-29,5929
6282,康舒,47,0,47,元富-台南,2024-10-29,5929
0056,元大高股息,47,0,47,元富-台南,2024-10-29,5929
00929,復華台灣科技優息,54,15,39,元富-台南,2024-10-29,5929
00940,元大台灣價值高息,39,4,35,元富-台南,2024-10-29,5929
00919,群益台灣精選高息,47,12,35,元富-台南,2024-10-29,5929
00878,國泰永續高股息,30,0,30,元富-台南,2024-10-29,5929
2363,矽統,41,19,22,元富-台南,2024-10-29,5929
006208,富邦台50,22,0,22,元富-台南,2024-10-29,5929
00712,復華富時不動產,21,0,21,元富-台南,2024-10-29,5929
3036A,文曄甲特,20,0,20,元富-台南,2024-10-29,5929
3490,單井,23,3,20,元富-台南,2024-10-29,5929
2646,星宇航空,23,5,18,元富-台南,2024-10-29,5929
00687B,國泰20年美債,33,17,16,元富-台南,2024-10-29,5929
00715L,期街口布蘭特正2,16,0,16,元富-台南,2024-10-29,5929
2615,萬海,30,14,16,元富-台南,2024-10-29,5929
8183,精星,18,2,16,元富-台南,2024-10-29,5929
8936,國統,15,0,15,元富-台南,2024-10-29,5929
1314,中石化,15,0,15,元富-台南,2024-10-29,5929
5864,致和證,15,0,15,元富-台南,2024-10-29,5929
8091,翔名,13,0,13,元富-台南,2024-10-29,5929
2489,瑞軒,12,0,12,元富-台南,2024-10-29,5929
2883,凱基金,15,3,12,元富-台南,2024-10-29,5929
00635U,期元大S＆P黃金,12,0,12,元富-台南,2024-10-29,5929
2884,玉山金,11,0,11,元富-台南,2024-10-29,5929
00679B,元大美債20年,11,0,11,元富-台南,2024-10-29,5929
00938,凱基優選30,11,0,11,元富-台南,2024-10-29,5929
2371,大同,10,0,10,元富-台南,2024-10-29,5929
2633,台灣高鐵,10,0,10,元富-台南,2024-10-29,5929
3702A,大聯大甲特,10,0,10,元富-台南,2024-10-29,5929
6126,信音,10,0,10,元富-台南,2024-10-29,5929
6239,力成,18,8,10,元富-台南,2024-10-29,5929
8076,伍豐,10,0,10,元富-台南,2024-10-29,5929
00927,群益半導體收益,9,0,9,元富-台南,2024-10-29,5929
6290,良維,9,0,9,元富-台南,2024-10-29,5929
2312,金寶,21,12,9,元富-台南,2024-10-29,5929
3450,聯鈞,14,5,9,元富-台南,2024-10-29,5929
6156,松上,12,3,9,元富-台南,2024-10-29,5929
1795,美時,8,0,8,元富-台南,2024-10-29,5929
1449,佳和,8,0,8,元富-台南,2024-10-29,5929
2345,智邦,8,0,8,元富-台南,2024-10-29,5929
2405,輔信,8,0,8,元富-台南,2024-10-29,5929
3481,群創,10,2,8,元富-台南,2024-10-29,5929
1101,台泥,10,3,7,元富-台南,2024-10-29,5929
2867,三商壽,90,0,90,元富-台南,2024-10-30,5929
00940,元大台灣價值高息,34,0,34,元富-台南,2024-10-30,5929
5371,中光電,30,1,29,元富-台南,2024-10-30,5929
6109,亞元,25,2,23,元富-台南,2024-10-30,5929
3687,歐買尬,22,0,22,元富-台南,2024-10-30,5929
1528,恩德,30,9,21,元富-台南,2024-10-30,5929
0056,元大高股息,18,0,18,元富-台南,2024-10-30,5929
5438,東友,17,0,17,元富-台南,2024-10-30,5929
00919,群益台灣精選高息,16,0,16,元富-台南,2024-10-30,5929
3481,群創,80,64,16,元富-台南,2024-10-30,5929
00959B,大華投等美債15Y+,15,0,15,元富-台南,2024-10-30,5929
6257,矽格,14,1,13,元富-台南,2024-10-30,5929
1605,華新,15,2,13,元富-台南,2024-10-30,5929
8390,金益鼎,13,0,13,元富-台南,2024-10-30,5929
2303,聯電,20,8,12,元富-台南,2024-10-30,5929
2025,千興,12,0,12,元富-台南,2024-10-30,5929
2027,大成鋼,12,0,12,元富-台南,2024-10-30,5929
6284,佳邦,12,1,11,元富-台南,2024-10-30,5929
6138,茂達,11,0,11,元富-台南,2024-10-30,5929
2439,美律,10,0,10,元富-台南,2024-10-30,5929
5309,系統電,10,0,10,元富-台南,2024-10-30,5929
8044,網家,13,3,10,元富-台南,2024-10-30,5929
00687B,國泰20年美債,10,2,8,元富-台南,2024-10-30,5929
2313,華通,28,20,8,元富-台南,2024-10-30,5929
2477,美隆電,19,11,8,元富-台南,2024-10-30,5929
2605,新興,11,4,7,元富-台南,2024-10-30,5929
5347,世界,13,7,6,元富-台南,2024-10-30,5929
00922,國泰台灣領袖50,6,0,6,元富-台南,2024-10-30,5929
00946,群益科技高息成長,6,0,6,元富-台南,2024-10-30,5929
4919,新唐,16,10,6,元富-台南,2024-10-30,5929
1314,中石化,5,0,5,元富-台南,2024-10-30,5929
2486,一詮,28,23,5,元富-台南,2024-10-30,5929
2449,京元電子,5,0,5,元富-台南,2024-10-30,5929
00955,中信日本商社,5,0,5,元富-台南,2024-10-30,5929
00637L,元大滬深300正2,5,0,5,元富-台南,2024-10-30,5929
1795,美時,5,0,5,元富-台南,2024-10-30,5929
2329,華泰,6,1,5,元富-台南,2024-10-30,5929
2387,精元,5,0,5,元富-台南,2024-10-30,5929
2887,台新金,5,0,5,元富-台南,2024-10-30,5929
3552,同致,5,0,5,元富-台南,2024-10-30,5929
4938,和碩,5,0,5,元富-台南,2024-10-30,5929
6241,易通展,5,0,5,元富-台南,2024-10-30,5929
6546,正基,5,0,5,元富-台南,2024-10-30,5929
00679B,元大美債20年,4,0,4,元富-台南,2024-10-30,5929
3231,緯創,4,0,4,元富-台南,2024-10-30,5929
0050,元大台灣50,5,1,4,元富-台南,2024-10-30,5929
8091,翔名,4,0,4,元富-台南,2024-10-30,5929
00958B,永豐ESG銀行債15,4,0,4,元富-台南,2024-10-30,5929
2070,精湛,4,0,4,元富-台南,2024-10-30,5929
2337,旺宏,4,0,4,元富-台南,2024-10-30,5929
2303,聯電,126,6,120,元富-台南,2024-11-01,5929
1785,光洋科,80,13,67,元富-台南,2024-11-01,5929
00919,群益台灣精選高息,57,0,57,元富-台南,2024-11-01,5929
2317,鴻海,31,4,27,元富-台南,2024-11-01,5929
2891,中信金,29,3,26,元富-台南,2024-11-01,5929
0056,元大高股息,29,7,22,元富-台南,2024-11-01,5929
00929,復華台灣科技優息,25,6,19,元富-台南,2024-11-01,5929
00937B,群益ESG投等債20,18,0,18,元富-台南,2024-11-01,5929
2330,台積電,19,1,18,元富-台南,2024-11-01,5929
5347,世界,19,2,17,元富-台南,2024-11-01,5929
2618,長榮航,17,1,16,元富-台南,2024-11-01,5929
5443,均豪,16,0,16,元富-台南,2024-11-01,5929
00688L,國泰20年美債正2,15,0,15,元富-台南,2024-11-01,5929
00725B,國泰投資級公司債,15,0,15,元富-台南,2024-11-01,5929
00918,大華優利高填息30,15,0,15,元富-台南,2024-11-01,5929
00878,國泰永續高股息,14,1,13,元富-台南,2024-11-01,5929
2646,星宇航空,17,4,13,元富-台南,2024-11-01,5929
2890,永豐金,11,0,11,元富-台南,2024-11-01,5929
00720B,元大投資級公司債,10,0,10,元富-台南,2024-11-01,5929
00949,復華日本龍頭,10,0,10,元富-台南,2024-11-01,5929
1316,上曜,10,0,10,元富-台南,2024-11-01,5929
3036A,文曄甲特,10,0,10,元富-台南,2024-11-01,5929
5880,合庫金,10,0,10,元富-台南,2024-11-01,5929
3490,單井,25,16,9,元富-台南,2024-11-01,5929
2801,彰銀,7,0,7,元富-台南,2024-11-01,5929
2328,廣宇,9,3,6,元富-台南,2024-11-01,5929
2402,毅嘉,6,0,6,元富-台南,2024-11-01,5929
3557,嘉威,6,0,6,元富-台南,2024-11-01,5929
5876,上海商銀,6,0,6,元富-台南,2024-11-01,5929
00830,國泰費城半導體,5,0,5,元富-台南,2024-11-01,5929
2369,菱生,5,0,5,元富-台南,2024-11-01,5929
2405,輔信,5,0,5,元富-台南,2024-11-01,5929
3163,波若威,5,0,5,元富-台南,2024-11-01,5929
3714,富采,5,0,5,元富-台南,2024-11-01,5929
5202,力新,5,0,5,元富-台南,2024-11-01,5929
6535,順藥,15,10,5,元富-台南,2024-11-01,5929
8112,至上,6,1,5,元富-台南,2024-11-01,5929
6274,台燿,10,5,5,元富-台南,2024-11-01,5929
0050,元大台灣50,4,0,4,元富-台南,2024-11-01,5929
6290,良維,4,0,4,元富-台南,2024-11-01,5929
00941,中信上游半導體,4,0,4,元富-台南,2024-11-01,5929
1721,三晃,6,2,4,元富-台南,2024-11-01,5929
2301,光寶科,4,0,4,元富-台南,2024-11-01,5929
2887,台新金,6,2,4,元富-台南,2024-11-01,5929
6156,松上,23,19,4,元富-台南,2024-11-01,5929
1609,大亞,5,1,4,元富-台南,2024-11-01,5929
1101,台泥,3,0,3,元富-台南,2024-11-01,5929
2886,兆豐金,3,0,3,元富-台南,2024-11-01,5929
8069,元太,3,0,3,元富-台南,2024-11-01,5929
00881,國泰台灣5G+,3,0,3,元富-台南,2024-11-01,5929
1785,光洋科,114,4,110,元富-台南,2024-11-04,5929
1584,精剛,60,0,60,元富-台南,2024-11-04,5929
00878,國泰永續高股息,55,0,55,元富-台南,2024-11-04,5929
2408,南亞科,53,3,50,元富-台南,2024-11-04,5929
00687B,國泰20年美債,34,0,34,元富-台南,2024-11-04,5929
5225,東科-KY,30,1,29,元富-台南,2024-11-04,5929
2495,普安,26,0,26,元富-台南,2024-11-04,5929
00937B,群益ESG投等債20,45,25,20,元富-台南,2024-11-04,5929
2431,聯昌,80,62,18,元富-台南,2024-11-04,5929
2609,陽明,86,68,18,元富-台南,2024-11-04,5929
4903,聯光通,31,14,17,元富-台南,2024-11-04,5929
00919,群益台灣精選高息,23,8,15,元富-台南,2024-11-04,5929
00943,兆豐電子高息等權,12,0,12,元富-台南,2024-11-04,5929
1314,中石化,12,0,12,元富-台南,2024-11-04,5929
2486,一詮,18,6,12,元富-台南,2024-11-04,5929
5876,上海商銀,12,0,12,元富-台南,2024-11-04,5929
1815,富喬,13,1,12,元富-台南,2024-11-04,5929
2897,王道銀行,11,0,11,元富-台南,2024-11-04,5929
00679B,元大美債20年,14,4,10,元富-台南,2024-11-04,5929
00948B,中信優息投資級債,10,0,10,元富-台南,2024-11-04,5929
2392,正崴,13,3,10,元富-台南,2024-11-04,5929
3581,博磊,13,3,10,元富-台南,2024-11-04,5929
4513,福裕,10,0,10,元富-台南,2024-11-04,5929
3481,群創,20,10,10,元富-台南,2024-11-04,5929
2313,華通,10,1,9,元富-台南,2024-11-04,5929
2615,萬海,20,12,8,元富-台南,2024-11-04,5929
4967,十銓,8,0,8,元富-台南,2024-11-04,5929
6182,合晶,8,0,8,元富-台南,2024-11-04,5929
6457,紘康,9,1,8,元富-台南,2024-11-04,5929
2884,玉山金,10,3,7,元富-台南,2024-11-04,5929
6187,萬潤,9,2,7,元富-台南,2024-11-04,5929
00960,野村全球航運龍頭,7,0,7,元富-台南,2024-11-04,5929
1569,濱川,7,0,7,元富-台南,2024-11-04,5929
2349,錸德,7,0,7,元富-台南,2024-11-04,5929
5347,世界,20,13,7,元富-台南,2024-11-04,5929
6919,康霈*,7,0,7,元富-台南,2024-11-04,5929
1808,潤隆,39,32,7,元富-台南,2024-11-04,5929
1795,美時,6,0,6,元富-台南,2024-11-04,5929
2603,長榮,10,4,6,元富-台南,2024-11-04,5929
5011,久陽,6,0,6,元富-台南,2024-11-04,5929
6109,亞元,6,0,6,元富-台南,2024-11-04,5929
6901,鑽石投資,6,0,6,元富-台南,2024-11-04,5929
8107,大億金茂,6,0,6,元富-台南,2024-11-04,5929
8155,博智,6,0,6,元富-台南,2024-11-04,5929
2106,建大,5,0,5,元富-台南,2024-11-04,5929
2345,智邦,5,0,5,元富-台南,2024-11-04,5929
2493,揚博,6,1,5,元富-台南,2024-11-04,5929
2535,達欣工,5,0,5,元富-台南,2024-11-04,5929
3290,東浦,5,0,5,元富-台南,2024-11-04,5929
5340,建榮,5,0,5,元富-台南,2024-11-04,5929
2328,廣宇,103,7,96,元富-台南,2024-11-05,5929
3231,緯創,101,44,57,元富-台南,2024-11-05,5929
5011,久陽,50,0,50,元富-台南,2024-11-05,5929
3036A,文曄甲特,40,0,40,元富-台南,2024-11-05,5929
2303,聯電,45,8,37,元富-台南,2024-11-05,5929
2646,星宇航空,35,0,35,元富-台南,2024-11-05,5929
2354,鴻準,66,33,33,元富-台南,2024-11-05,5929
00922,國泰台灣領袖50,20,0,20,元富-台南,2024-11-05,5929
00929,復華台灣科技優息,38,20,18,元富-台南,2024-11-05,5929
3711,日月光投控,16,0,16,元富-台南,2024-11-05,5929
6134,萬旭,15,2,13,元富-台南,2024-11-05,5929
00712,復華富時不動產,11,0,11,元富-台南,2024-11-05,5929
1595,川寶,12,1,11,元富-台南,2024-11-05,5929
0061,元大寶滬深,10,0,10,元富-台南,2024-11-05,5929
2371,大同,10,0,10,元富-台南,2024-11-05,5929
3430,奇鈦科,9,0,9,元富-台南,2024-11-05,5929
4430,耀億,9,0,9,元富-台南,2024-11-05,5929
00878,國泰永續高股息,15,7,8,元富-台南,2024-11-05,5929
3455,由田,9,1,8,元富-台南,2024-11-05,5929
8064,東捷,8,1,7,元富-台南,2024-11-05,5929
00891,中信關鍵半導體,12,5,7,元富-台南,2024-11-05,5929
2017,官田鋼,7,0,7,元富-台南,2024-11-05,5929
2022,聚亨,7,0,7,元富-台南,2024-11-05,5929
2363,矽統,15,8,7,元富-台南,2024-11-05,5929
4903,聯光通,25,18,7,元富-台南,2024-11-05,5929
5388,中磊,7,0,7,元富-台南,2024-11-05,5929
3149,正達,12,6,6,元富-台南,2024-11-05,5929
5225,東科-KY,6,0,6,元富-台南,2024-11-05,5929
5474,聰泰,7,1,6,元富-台南,2024-11-05,5929
5876,上海商銀,6,0,6,元富-台南,2024-11-05,5929
6609,瀧澤科,7,1,6,元富-台南,2024-11-05,5929
2228,劍麟,5,0,5,元富-台南,2024-11-05,5929
2881,富邦金,6,1,5,元富-台南,2024-11-05,5929
2535,達欣工,5,0,5,元富-台南,2024-11-05,5929
2845,遠東銀,5,0,5,元富-台南,2024-11-05,5929
3715,定穎投控,5,0,5,元富-台南,2024-11-05,5929
5460,同協,5,0,5,元富-台南,2024-11-05,5929
6109,亞元,5,0,5,元富-台南,2024-11-05,5929
6163,華電網,5,0,5,元富-台南,2024-11-05,5929
6271,同欣電,5,0,5,元富-台南,2024-11-05,5929
6919,康霈*,5,0,5,元富-台南,2024-11-05,5929
3289,宜特,6,1,5,元富-台南,2024-11-05,5929
00946,群益科技高息成長,4,0,4,元富-台南,2024-11-05,5929
00830,國泰費城半導體,4,0,4,元富-台南,2024-11-05,5929
2070,精湛,9,5,4,元富-台南,2024-11-05,5929
2387,精元,4,0,4,元富-台南,2024-11-05,5929
3049,精金,8,4,4,元富-台南,2024-11-05,5929
00937B,群益ESG投等債20,7,4,3,元富-台南,2024-11-05,5929
6187,萬潤,5,2,3,元富-台南,2024-11-05,5929
00770,國泰北美科技,3,0,3,元富-台南,2024-11-05,5929
00680L,元大美債20正2,211,60,151,元富-台南,2024-11-06,5929
00665L,富邦�琤肭磪囓�2,80,0,80,元富-台南,2024-11-06,5929
5011,久陽,51,1,50,元富-台南,2024-11-06,5929
00687B,國泰20年美債,58,10,48,元富-台南,2024-11-06,5929
00915,凱基優選高股息30,47,0,47,元富-台南,2024-11-06,5929
00679B,元大美債20年,45,2,43,元富-台南,2024-11-06,5929
00878,國泰永續高股息,41,5,36,元富-台南,2024-11-06,5929
2408,南亞科,23,0,23,元富-台南,2024-11-06,5929
00720B,元大投資級公司債,22,0,22,元富-台南,2024-11-06,5929
2609,陽明,34,13,21,元富-台南,2024-11-06,5929
2303,聯電,23,3,20,元富-台南,2024-11-06,5929
9907,統一實,20,0,20,元富-台南,2024-11-06,5929
1540,喬福,19,0,19,元富-台南,2024-11-06,5929
3441,聯一光,20,1,19,元富-台南,2024-11-06,5929
1524,耿鼎,15,0,15,元富-台南,2024-11-06,5929
2613,中櫃,15,1,14,元富-台南,2024-11-06,5929
2330,台積電,23,11,12,元富-台南,2024-11-06,5929
2887,台新金,12,0,12,元富-台南,2024-11-06,5929
2313,華通,12,0,12,元富-台南,2024-11-06,5929
1584,精剛,12,1,11,元富-台南,2024-11-06,5929
1595,川寶,14,3,11,元富-台南,2024-11-06,5929
2884,玉山金,10,0,10,元富-台南,2024-11-06,5929
2027,大成鋼,10,0,10,元富-台南,2024-11-06,5929
00922,國泰台灣領袖50,10,0,10,元富-台南,2024-11-06,5929
00844B,新光15年IG金融債,10,0,10,元富-台南,2024-11-06,5929
0061,元大寶滬深,10,0,10,元富-台南,2024-11-06,5929
00712,復華富時不動產,10,0,10,元富-台南,2024-11-06,5929
00953B,群益優選非投等債,10,0,10,元富-台南,2024-11-06,5929
3264,欣銓,10,0,10,元富-台南,2024-11-06,5929
3490,單井,10,0,10,元富-台南,2024-11-06,5929
5388,中磊,10,0,10,元富-台南,2024-11-06,5929
6457,紘康,13,3,10,元富-台南,2024-11-06,5929
6667,信紘科,10,0,10,元富-台南,2024-11-06,5929
8064,東捷,10,0,10,元富-台南,2024-11-06,5929
1711,永光,9,0,9,元富-台南,2024-11-06,5929
00688L,國泰20年美債正2,9,0,9,元富-台南,2024-11-06,5929
2891,中信金,11,3,8,元富-台南,2024-11-06,5929
1609,大亞,8,0,8,元富-台南,2024-11-06,5929
2354,鴻準,70,62,8,元富-台南,2024-11-06,5929
2603,長榮,8,0,8,元富-台南,2024-11-06,5929
2646,星宇航空,15,7,8,元富-台南,2024-11-06,5929
8927,北基,8,0,8,元富-台南,2024-11-06,5929
6488,環球晶,7,0,7,元富-台南,2024-11-06,5929
6016,康和證,7,0,7,元富-台南,2024-11-06,5929
8150,南茂,7,0,7,元富-台南,2024-11-06,5929
8374,羅昇,10,3,7,元富-台南,2024-11-06,5929
00937B,群益ESG投等債20,6,0,6,元富-台南,2024-11-06,5929
00895,富邦未來車,6,0,6,元富-台南,2024-11-06,5929
1326,台化,7,1,6,元富-台南,2024-11-06,5929
2406,國碩,6,0,6,元富-台南,2024-11-06,5929
5225,東科-KY,142,0,142,元富-台南,2024-11-07,5929
2328,廣宇,132,13,119,元富-台南,2024-11-07,5929
3706,神達,126,18,108,元富-台南,2024-11-07,5929
5011,久陽,100,0,100,元富-台南,2024-11-07,5929
9105,泰金寶-DR,46,12,34,元富-台南,2024-11-07,5929
00680L,元大美債20正2,33,0,33,元富-台南,2024-11-07,5929
2324,仁寶,46,25,21,元富-台南,2024-11-07,5929
2891,中信金,25,5,20,元富-台南,2024-11-07,5929
3354,律勝,20,0,20,元富-台南,2024-11-07,5929
1316,上曜,22,3,19,元富-台南,2024-11-07,5929
8044,網家,18,1,17,元富-台南,2024-11-07,5929
4533,協易機,15,0,15,元富-台南,2024-11-07,5929
2633,台灣高鐵,13,0,13,元富-台南,2024-11-07,5929
2014,中鴻,17,5,12,元富-台南,2024-11-07,5929
2363,矽統,15,3,12,元富-台南,2024-11-07,5929
5483,中美晶,10,0,10,元富-台南,2024-11-07,5929
4968,立積,10,0,10,元富-台南,2024-11-07,5929
1595,川寶,10,0,10,元富-台南,2024-11-07,5929
3712,永崴投控,10,0,10,元富-台南,2024-11-07,5929
6405,悅城,10,0,10,元富-台南,2024-11-07,5929
2408,南亞科,10,1,9,元富-台南,2024-11-07,5929
3189,景碩,10,1,9,元富-台南,2024-11-07,5929
2609,陽明,35,27,8,元富-台南,2024-11-07,5929
00712,復華富時不動產,11,3,8,元富-台南,2024-11-07,5929
1101,台泥,8,0,8,元富-台南,2024-11-07,5929
1313,聯成,8,0,8,元富-台南,2024-11-07,5929
6142,友勁,8,0,8,元富-台南,2024-11-07,5929
2365,昆盈,9,2,7,元富-台南,2024-11-07,5929
2371,大同,7,0,7,元富-台南,2024-11-07,5929
9958,世紀鋼,9,2,7,元富-台南,2024-11-07,5929
00878,國泰永續高股息,9,2,7,元富-台南,2024-11-07,5929
5243,乙盛-KY,8,2,6,元富-台南,2024-11-07,5929
2347,聯強,6,0,6,元富-台南,2024-11-07,5929
1795,美時,6,0,6,元富-台南,2024-11-07,5929
2314,台揚,10,4,6,元富-台南,2024-11-07,5929
8112,至上,6,0,6,元富-台南,2024-11-07,5929
3017,奇鋐,5,0,5,元富-台南,2024-11-07,5929
00900,富邦特選高股息30,5,0,5,元富-台南,2024-11-07,5929
1528,恩德,5,0,5,元富-台南,2024-11-07,5929
00688L,國泰20年美債正2,5,0,5,元富-台南,2024-11-07,5929
00753L,中信中國50正2,5,0,5,元富-台南,2024-11-07,5929
1449,佳和,6,1,5,元富-台南,2024-11-07,5929
2883,凱基金,31,26,5,元富-台南,2024-11-07,5929
3047,訊舟,8,3,5,元富-台南,2024-11-07,5929
6134,萬旭,7,2,5,元富-台南,2024-11-07,5929
8033,雷虎,7,2,5,元富-台南,2024-11-07,5929
8047,星雲,5,0,5,元富-台南,2024-11-07,5929
8070,長華*,6,1,5,元富-台南,2024-11-07,5929
8929,富堡,5,0,5,元富-台南,2024-11-07,5929
9933,中鼎,5,0,5,元富-台南,2024-11-07,5929
00680L,元大美債20正2,285,0,285,元富-台南,2024-11-08,5929
3231,緯創,162,45,117,元富-台南,2024-11-08,5929
5011,久陽,76,0,76,元富-台南,2024-11-08,5929
3374,精材,58,4,54,元富-台南,2024-11-08,5929
00878,國泰永續高股息,44,0,44,元富-台南,2024-11-08,5929
2356,英業達,39,9,30,元富-台南,2024-11-08,5929
6182,合晶,25,1,24,元富-台南,2024-11-08,5929
2439,美律,23,0,23,元富-台南,2024-11-08,5929
3149,正達,28,7,21,元富-台南,2024-11-08,5929
0056,元大高股息,22,1,21,元富-台南,2024-11-08,5929
3056,富華新,21,0,21,元富-台南,2024-11-08,5929
3441,聯一光,20,0,20,元富-台南,2024-11-08,5929
3062,建漢,38,20,18,元富-台南,2024-11-08,5929
00929,復華台灣科技優息,21,3,18,元富-台南,2024-11-08,5929
2392,正崴,30,13,17,元富-台南,2024-11-08,5929
3714,富采,20,5,15,元富-台南,2024-11-08,5929
5876,上海商銀,15,0,15,元富-台南,2024-11-08,5929
1314,中石化,13,0,13,元富-台南,2024-11-08,5929
3481,群創,14,2,12,元富-台南,2024-11-08,5929
3014,聯陽,11,0,11,元富-台南,2024-11-08,5929
2388,威盛,14,4,10,元富-台南,2024-11-08,5929
1595,川寶,10,0,10,元富-台南,2024-11-08,5929
2017,官田鋼,10,0,10,元富-台南,2024-11-08,5929
8936,國統,10,0,10,元富-台南,2024-11-08,5929
9921,巨大,10,0,10,元富-台南,2024-11-08,5929
6290,良維,10,0,10,元富-台南,2024-11-08,5929
2330,台積電,19,10,9,元富-台南,2024-11-08,5929
3037,欣興,17,8,9,元富-台南,2024-11-08,5929
2891,中信金,13,5,8,元富-台南,2024-11-08,5929
00937B,群益ESG投等債20,7,0,7,元富-台南,2024-11-08,5929
2314,台揚,14,7,7,元富-台南,2024-11-08,5929
4569,六方科-KY,7,0,7,元富-台南,2024-11-08,5929
8927,北基,7,0,7,元富-台南,2024-11-08,5929
9105,泰金寶-DR,30,23,7,元富-台南,2024-11-08,5929
00881,國泰台灣5G+,6,0,6,元富-台南,2024-11-08,5929
1815,富喬,6,0,6,元富-台南,2024-11-08,5929
2890,永豐金,6,0,6,元富-台南,2024-11-08,5929
00753L,中信中國50正2,6,0,6,元富-台南,2024-11-08,5929
2353,宏��,6,0,6,元富-台南,2024-11-08,5929
2436,偉詮電,6,0,6,元富-台南,2024-11-08,5929
2889,國票金,6,0,6,元富-台南,2024-11-08,5929
3013,晟銘電,9,3,6,元富-台南,2024-11-08,5929
6658,聯策,6,0,6,元富-台南,2024-11-08,5929
2313,華通,8,2,6,元富-台南,2024-11-08,5929
1303,南亞,6,0,6,元富-台南,2024-11-08,5929
2387,精元,5,0,5,元富-台南,2024-11-08,5929
2303,聯電,6,1,5,元富-台南,2024-11-08,5929
2646,星宇航空,5,0,5,元富-台南,2024-11-08,5929
5508,永信建,5,0,5,元富-台南,2024-11-08,5929
00895,富邦未來車,5,0,5,元富-台南,2024-11-08,5929
1584,精剛,105,0,105,元富-台南,2024-11-11,5929
2303,聯電,44,1,43,元富-台南,2024-11-11,5929
8076,伍豐,40,0,40,元富-台南,2024-11-11,5929
2609,陽明,52,24,28,元富-台南,2024-11-11,5929
00929,復華台灣科技優息,28,0,28,元富-台南,2024-11-11,5929
3056,富華新,31,5,26,元富-台南,2024-11-11,5929
00878,國泰永續高股息,24,0,24,元富-台南,2024-11-11,5929
1449,佳和,38,14,24,元富-台南,2024-11-11,5929
00665L,富邦�琤肭磪囓�2,30,10,20,元富-台南,2024-11-11,5929
3687,歐買尬,40,20,20,元富-台南,2024-11-11,5929
2615,萬海,31,12,19,元富-台南,2024-11-11,5929
6290,良維,21,4,17,元富-台南,2024-11-11,5929
3481,群創,29,13,16,元富-台南,2024-11-11,5929
6182,合晶,16,0,16,元富-台南,2024-11-11,5929
6248,沛波,15,0,15,元富-台南,2024-11-11,5929
8936,國統,15,0,15,元富-台南,2024-11-11,5929
3303,岱稜,16,2,14,元富-台南,2024-11-11,5929
1605,華新,25,12,13,元富-台南,2024-11-11,5929
2888,新光金,15,2,13,元富-台南,2024-11-11,5929
1795,美時,12,0,12,元富-台南,2024-11-11,5929
00680L,元大美債20正2,10,0,10,元富-台南,2024-11-11,5929
2392,正崴,19,9,10,元富-台南,2024-11-11,5929
4114,健喬,10,0,10,元富-台南,2024-11-11,5929
6535,順藥,10,0,10,元富-台南,2024-11-11,5929
2399,映泰,10,0,10,元富-台南,2024-11-11,5929
2646,星宇航空,18,8,10,元富-台南,2024-11-11,5929
006208,富邦台50,10,0,10,元富-台南,2024-11-11,5929
4916,事欣科,9,0,9,元富-台南,2024-11-11,5929
2382,廣達,8,1,7,元富-台南,2024-11-11,5929
2887,台新金,7,0,7,元富-台南,2024-11-11,5929
2520,冠德,12,5,7,元富-台南,2024-11-11,5929
3710,連展投控,7,0,7,元富-台南,2024-11-11,5929
6147,頎邦,7,0,7,元富-台南,2024-11-11,5929
00916,國泰全球品牌50,6,0,6,元富-台南,2024-11-11,5929
3019,亞光,6,0,6,元富-台南,2024-11-11,5929
3576,聯合再生,6,0,6,元富-台南,2024-11-11,5929
6191,精成科,6,0,6,元富-台南,2024-11-11,5929
6269,台郡,6,0,6,元富-台南,2024-11-11,5929
8390,金益鼎,6,0,6,元富-台南,2024-11-11,5929
3037,欣興,7,1,6,元富-台南,2024-11-11,5929
2891,中信金,11,6,5,元富-台南,2024-11-11,5929
1444,力麗,5,0,5,元富-台南,2024-11-11,5929
8091,翔名,8,3,5,元富-台南,2024-11-11,5929
2010,春源,5,0,5,元富-台南,2024-11-11,5929
2344,華邦電,5,0,5,元富-台南,2024-11-11,5929
3022,威強電,5,0,5,元富-台南,2024-11-11,5929
3219,倚強科,5,0,5,元富-台南,2024-11-11,5929
5457,宣德,5,0,5,元富-台南,2024-11-11,5929
5864,致和證,5,0,5,元富-台南,2024-11-11,5929
6152,百一,5,0,5,元富-台南,2024-11-11,5929
00878,國泰永續高股息,106,1,105,元富-台南,2024-11-12,5929
1584,精剛,79,0,79,元富-台南,2024-11-12,5929
2883,凱基金,51,0,51,元富-台南,2024-11-12,5929
3036A,文曄甲特,50,0,50,元富-台南,2024-11-12,5929
2845,遠東銀,50,10,40,元富-台南,2024-11-12,5929
2317,鴻海,38,2,36,元富-台南,2024-11-12,5929
2615,萬海,73,42,31,元富-台南,2024-11-12,5929
2897,王道銀行,30,0,30,元富-台南,2024-11-12,5929
8076,伍豐,30,0,30,元富-台南,2024-11-12,5929
5871,中租-KY,29,0,29,元富-台南,2024-11-12,5929
0056,元大高股息,26,0,26,元富-台南,2024-11-12,5929
2356,英業達,38,12,26,元富-台南,2024-11-12,5929
6443,元晶,25,3,22,元富-台南,2024-11-12,5929
2892,第一金,21,0,21,元富-台南,2024-11-12,5929
3062,建漢,49,28,21,元富-台南,2024-11-12,5929
2441,超豐,20,0,20,元富-台南,2024-11-12,5929
3481,群創,21,1,20,元富-台南,2024-11-12,5929
00918,大華優利高填息30,15,0,15,元富-台南,2024-11-12,5929
2010,春源,15,0,15,元富-台南,2024-11-12,5929
3490,單井,15,0,15,元富-台南,2024-11-12,5929
006208,富邦台50,15,1,14,元富-台南,2024-11-12,5929
2344,華邦電,15,2,13,元富-台南,2024-11-12,5929
2609,陽明,76,64,12,元富-台南,2024-11-12,5929
6121,新普,12,0,12,元富-台南,2024-11-12,5929
6187,萬潤,15,3,12,元富-台南,2024-11-12,5929
5009,榮剛,12,1,11,元富-台南,2024-11-12,5929
00715L,期街口布蘭特正2,10,0,10,元富-台南,2024-11-12,5929
2633,台灣高鐵,10,0,10,元富-台南,2024-11-12,5929
6862,三集瑞-KY,10,0,10,元富-台南,2024-11-12,5929
00891,中信關鍵半導體,9,0,9,元富-台南,2024-11-12,5929
2646,星宇航空,10,1,9,元富-台南,2024-11-12,5929
5258,虹堡,9,0,9,元富-台南,2024-11-12,5929
6153,嘉聯益,10,1,9,元富-台南,2024-11-12,5929
00713,元大台灣高息低波,9,0,9,元富-台南,2024-11-12,5929
2887,台新金,8,0,8,元富-台南,2024-11-12,5929
2382,廣達,13,4,9,元富-台南,2024-11-12,5929
2345,智邦,8,0,8,元富-台南,2024-11-12,5929
8936,國統,8,0,8,元富-台南,2024-11-12,5929
00922,國泰台灣領袖50,8,0,8,元富-台南,2024-11-12,5929
1604,聲寶,7,0,7,元富-台南,2024-11-12,5929
2444,兆勁,7,0,7,元富-台南,2024-11-12,5929
3686,達能,7,0,7,元富-台南,2024-11-12,5929
4157,太景*-KY,7,0,7,元富-台南,2024-11-12,5929
6282,康舒,11,4,7,元富-台南,2024-11-12,5929
0050,元大台灣50,7,0,7,元富-台南,2024-11-12,5929
2882,國泰金,7,1,6,元富-台南,2024-11-12,5929
2002,中鋼,6,0,6,元富-台南,2024-11-12,5929
2204,中華,6,0,6,元富-台南,2024-11-12,5929
2408,南亞科,6,0,6,元富-台南,2024-11-12,5929
5014,建錩,6,0,6,元富-台南,2024-11-12,5929
00878,國泰永續高股息,94,1,93,元富-台南,2024-11-13,5929
1584,精剛,90,1,89,元富-台南,2024-11-13,5929
2887,台新金,52,1,51,元富-台南,2024-11-13,5929
2609,陽明,56,19,37,元富-台南,2024-11-13,5929
00753L,中信中國50正2,31,0,31,元富-台南,2024-11-13,5929
00680L,元大美債20正2,30,0,30,元富-台南,2024-11-13,5929
2883,凱基金,29,0,29,元富-台南,2024-11-13,5929
2892,第一金,25,0,25,元富-台南,2024-11-13,5929
5225,東科-KY,24,0,24,元富-台南,2024-11-13,5929
2387,精元,20,1,19,元富-台南,2024-11-13,5929
2891,中信金,19,2,17,元富-台南,2024-11-13,5929
00940,元大台灣價值高息,21,5,16,元富-台南,2024-11-13,5929
1104,環泥,16,0,16,元富-台南,2024-11-13,5929
2328,廣宇,17,1,16,元富-台南,2024-11-13,5929
2408,南亞科,15,1,14,元富-台南,2024-11-13,5929
0056,元大高股息,15,1,14,元富-台南,2024-11-13,5929
00915,凱基優選高股息30,13,0,13,元富-台南,2024-11-13,5929
2834,臺企銀,14,1,13,元富-台南,2024-11-13,5929
2382,廣達,20,7,13,元富-台南,2024-11-13,5929
8011,台通,24,12,12,元富-台南,2024-11-13,5929
3702A,大聯大甲特,11,0,11,元富-台南,2024-11-13,5929
6288,聯嘉,12,1,11,元富-台南,2024-11-13,5929
3714,富采,10,0,10,元富-台南,2024-11-13,5929
2330,台積電,14,5,9,元富-台南,2024-11-13,5929
5243,乙盛-KY,12,3,9,元富-台南,2024-11-13,5929
2409,友達,10,2,8,元富-台南,2024-11-13,5929
3706,神達,63,55,8,元富-台南,2024-11-13,5929
3481,群創,11,3,8,元富-台南,2024-11-13,5929
6290,良維,8,0,8,元富-台南,2024-11-13,5929
8240,華宏,9,1,8,元富-台南,2024-11-13,5929
1785,光洋科,16,9,7,元富-台南,2024-11-13,5929
00712,復華富時不動產,9,2,7,元富-台南,2024-11-13,5929
2464,盟立,10,3,7,元富-台南,2024-11-13,5929
4157,太景*-KY,7,0,7,元富-台南,2024-11-13,5929
006208,富邦台50,7,0,7,元富-台南,2024-11-13,5929
00919,群益台灣精選高息,10,4,6,元富-台南,2024-11-13,5929
6443,元晶,6,0,6,元富-台南,2024-11-13,5929
2010,春源,6,0,6,元富-台南,2024-11-13,5929
2027,大成鋼,6,0,6,元富-台南,2024-11-13,5929
2402,毅嘉,6,0,6,元富-台南,2024-11-13,5929
2605,新興,12,6,6,元富-台南,2024-11-13,5929
6691,洋基工程,6,0,6,元富-台南,2024-11-13,5929
8942,森鉅,6,0,6,元富-台南,2024-11-13,5929
9925,新保,6,0,6,元富-台南,2024-11-13,5929
8086,宏捷科,5,0,5,元富-台南,2024-11-13,5929
2882,國泰金,5,0,5,元富-台南,2024-11-13,5929
00943,兆豐電子高息等權,5,0,5,元富-台南,2024-11-13,5929
00949,復華日本龍頭,5,0,5,元富-台南,2024-11-13,5929
1524,耿鼎,9,4,5,元富-台南,2024-11-13,5929
2493,揚博,5,0,5,元富-台南,2024-11-13,5929
1584,精剛,182,0,182,元富-台南,2024-11-14,5929
00878,國泰永續高股息,253,147,106,元富-台南,2024-11-14,5929
0056,元大高股息,73,2,71,元富-台南,2024-11-14,5929
00929,復華台灣科技優息,56,0,56,元富-台南,2024-11-14,5929
2884,玉山金,45,1,44,元富-台南,2024-11-14,5929
2328,廣宇,36,0,36,元富-台南,2024-11-14,5929
2883,凱基金,54,20,34,元富-台南,2024-11-14,5929
2646,星宇航空,30,2,28,元富-台南,2024-11-14,5929
00927,群益半導體收益,26,0,26,元富-台南,2024-11-14,5929
1314,中石化,25,0,25,元富-台南,2024-11-14,5929
00932,兆豐永續高息等權,25,0,25,元富-台南,2024-11-14,5929
00942B,台新美A公司債20+,22,0,22,元富-台南,2024-11-14,5929
2392,正崴,34,12,22,元富-台南,2024-11-14,5929
2303,聯電,21,0,21,元富-台南,2024-11-14,5929
00725B,國泰投資級公司債,20,0,20,元富-台南,2024-11-14,5929
4938,和碩,17,0,17,元富-台南,2024-11-14,5929
1104,環泥,15,0,15,元富-台南,2024-11-14,5929
5011,久陽,15,0,15,元富-台南,2024-11-14,5929
1815,富喬,19,5,14,元富-台南,2024-11-14,5929
2634,漢翔,13,0,13,元富-台南,2024-11-14,5929
2101,南港,13,1,12,元富-台南,2024-11-14,5929
2882,國泰金,12,0,12,元富-台南,2024-11-14,5929
2317,鴻海,16,4,12,元富-台南,2024-11-14,5929
00943,兆豐電子高息等權,11,0,11,元富-台南,2024-11-14,5929
1301,台塑,11,0,11,元富-台南,2024-11-14,5929
006208,富邦台50,11,0,11,元富-台南,2024-11-14,5929
2834,臺企銀,10,0,10,元富-台南,2024-11-14,5929
4157,太景*-KY,10,0,10,元富-台南,2024-11-14,5929
6182,合晶,10,0,10,元富-台南,2024-11-14,5929
8478,東哥遊艇,10,0,10,元富-台南,2024-11-14,5929
00946,群益科技高息成長,9,0,9,元富-台南,2024-11-14,5929
3490,單井,10,2,8,元富-台南,2024-11-14,5929
3062,建漢,75,67,8,元富-台南,2024-11-14,5929
2312,金寶,9,1,8,元富-台南,2024-11-14,5929
3048,益登,8,0,8,元富-台南,2024-11-14,5929
3306,鼎天,8,0,8,元富-台南,2024-11-14,5929
6753,龍德造船,8,0,8,元富-台南,2024-11-14,5929
2330,台積電,10,2,8,元富-台南,2024-11-14,5929
3481,群創,8,1,7,元富-台南,2024-11-14,5929
00939,統一台灣高息動能,6,0,6,元富-台南,2024-11-14,5929
5871,中租-KY,6,0,6,元富-台南,2024-11-14,5929
00941,中信上游半導體,6,0,6,元富-台南,2024-11-14,5929
2376,技嘉,9,3,6,元富-台南,2024-11-14,5929
2537,聯上發,6,0,6,元富-台南,2024-11-14,5929
3661,世芯-KY,10,4,6,元富-台南,2024-11-14,5929
4162,智擎,6,0,6,元富-台南,2024-11-14,5929
4931,新盛力,18,12,6,元富-台南,2024-11-14,5929
2892,第一金,5,0,5,元富-台南,2024-11-14,5929
2401,凌陽,5,0,5,元富-台南,2024-11-14,5929
1449,佳和,10,5,5,元富-台南,2024-11-14,5929
00680L,元大美債20正2,360,50,310,元富-台南,2024-11-15,5929
1319,東陽,140,0,140,元富-台南,2024-11-15,5929
00932,兆豐永續高息等權,134,0,134,元富-台南,2024-11-15,5929
2317,鴻海,50,15,35,元富-台南,2024-11-15,5929
2382,廣達,39,4,35,元富-台南,2024-11-15,5929
5285,界霖,26,0,26,元富-台南,2024-11-15,5929
2340,台亞,21,0,21,元富-台南,2024-11-15,5929
2431,聯昌,21,0,21,元富-台南,2024-11-15,5929
3706,神達,78,60,18,元富-台南,2024-11-15,5929
2535,達欣工,17,0,17,元富-台南,2024-11-15,5929
00713,元大台灣高息低波,16,0,16,元富-台南,2024-11-15,5929
5011,久陽,16,0,16,元富-台南,2024-11-15,5929
3003,健和興,15,0,15,元富-台南,2024-11-15,5929
6147,頎邦,15,0,15,元富-台南,2024-11-15,5929
1101,台泥,20,6,14,元富-台南,2024-11-15,5929
4157,太景*-KY,13,0,13,元富-台南,2024-11-15,5929
2887,台新金,11,0,11,元富-台南,2024-11-15,5929
1609,大亞,10,0,10,元富-台南,2024-11-15,5929
2867,三商壽,10,0,10,元富-台南,2024-11-15,5929
3490,單井,13,3,10,元富-台南,2024-11-15,5929
6263,普萊德,10,0,10,元富-台南,2024-11-15,5929
6505,台塑化,10,0,10,元富-台南,2024-11-15,5929
5880,合庫金,11,1,10,元富-台南,2024-11-15,5929
2201,裕隆,9,0,9,元富-台南,2024-11-15,5929
2330,台積電,9,0,9,元富-台南,2024-11-15,5929
2834,臺企銀,9,1,8,元富-台南,2024-11-15,5929
2449,京元電子,7,0,7,元富-台南,2024-11-15,5929
1795,美時,8,1,7,元富-台南,2024-11-15,5929
2303,聯電,21,14,7,元富-台南,2024-11-15,5929
3293,鈊象,6,0,6,元富-台南,2024-11-15,5929
1301,台塑,6,0,6,元富-台南,2024-11-15,5929
6151,晉倫,6,0,6,元富-台南,2024-11-15,5929
6182,合晶,8,2,6,元富-台南,2024-11-15,5929
8261,富鼎,5,0,5,元富-台南,2024-11-15,5929
2474,可成,5,0,5,元富-台南,2024-11-15,5929
3052,夆典,5,0,5,元富-台南,2024-11-15,5929
3450,聯鈞,6,1,5,元富-台南,2024-11-15,5929
00946,群益科技高息成長,4,0,4,元富-台南,2024-11-15,5929
2070,精湛,4,0,4,元富-台南,2024-11-15,5929
2392,正崴,13,9,4,元富-台南,2024-11-15,5929
3048,益登,4,0,4,元富-台南,2024-11-15,5929
3234,光環,4,0,4,元富-台南,2024-11-15,5929
6156,松上,12,8,4,元富-台南,2024-11-15,5929
00646,元大S＆P500,4,0,4,元富-台南,2024-11-15,5929
6285,啟��,3,0,3,元富-台南,2024-11-15,5929
2929,淘帝-KY,4,1,3,元富-台南,2024-11-15,5929
00937B,群益ESG投等債20,3,0,3,元富-台南,2024-11-15,5929
3013,晟銘電,4,1,3,元富-台南,2024-11-15,5929
2233,宇隆,4,1,3,元富-台南,2024-11-15,5929
1216,統一,3,0,3,元富-台南,2024-11-15,5929
1584,精剛,113,0,113,元富-台南,2024-11-18,5929
00878,國泰永續高股息,107,10,97,元富-台南,2024-11-18,5929
00937B,群益ESG投等債20,75,0,75,元富-台南,2024-11-18,5929
5225,東科-KY,33,0,33,元富-台南,2024-11-18,5929
5011,久陽,31,0,31,元富-台南,2024-11-18,5929
2328,廣宇,30,0,30,元富-台南,2024-11-18,5929
0056,元大高股息,22,0,22,元富-台南,2024-11-18,5929
2303,聯電,36,15,21,元富-台南,2024-11-18,5929
2603,長榮,19,2,17,元富-台南,2024-11-18,5929
2887,台新金,15,0,15,元富-台南,2024-11-18,5929
2330,台積電,14,0,14,元富-台南,2024-11-18,5929
00731,復華富時高息低波,12,0,12,元富-台南,2024-11-18,5929
1326,台化,13,1,12,元富-台南,2024-11-18,5929
2610,華航,14,2,12,元富-台南,2024-11-18,5929
2353,宏��,13,2,11,元富-台南,2024-11-18,5929
3024,憶聲,11,0,11,元富-台南,2024-11-18,5929
6261,久元,11,0,11,元富-台南,2024-11-18,5929
6187,萬潤,10,0,10,元富-台南,2024-11-18,5929
2354,鴻準,29,19,10,元富-台南,2024-11-18,5929
2535,達欣工,10,0,10,元富-台南,2024-11-18,5929
2020,美亞,10,0,10,元富-台南,2024-11-18,5929
2312,金寶,21,11,10,元富-台南,2024-11-18,5929
4174,浩鼎,10,0,10,元富-台南,2024-11-18,5929
6245,立端,10,0,10,元富-台南,2024-11-18,5929
8240,華宏,10,0,10,元富-台南,2024-11-18,5929
006208,富邦台50,10,0,10,元富-台南,2024-11-18,5929
3062,建漢,17,7,10,元富-台南,2024-11-18,5929
2376,技嘉,11,2,9,元富-台南,2024-11-18,5929
2722,夏都,13,4,9,元富-台南,2024-11-18,5929
6147,頎邦,10,1,9,元富-台南,2024-11-18,5929
2317,鴻海,15,6,9,元富-台南,2024-11-18,5929
00946,群益科技高息成長,8,0,8,元富-台南,2024-11-18,5929
3689,湧德,9,1,8,元富-台南,2024-11-18,5929
00891,中信關鍵半導體,7,0,7,元富-台南,2024-11-18,5929
00712,復華富時不動產,7,0,7,元富-台南,2024-11-18,5929
2106,建大,7,0,7,元富-台南,2024-11-18,5929
6263,普萊德,7,0,7,元富-台南,2024-11-18,5929
6284,佳邦,7,0,7,元富-台南,2024-11-18,5929
00930,永豐ESG低碳高息,6,0,6,元富-台南,2024-11-18,5929
2070,精湛,6,0,6,元富-台南,2024-11-18,5929
2367,燿華,6,0,6,元富-台南,2024-11-18,5929
9105,泰金寶-DR,16,10,6,元富-台南,2024-11-18,5929
1785,光洋科,6,0,6,元富-台南,2024-11-18,5929
2382,廣達,7,1,6,元富-台南,2024-11-18,5929
3231,緯創,8,3,5,元富-台南,2024-11-18,5929
4303,信立,6,1,5,元富-台南,2024-11-18,5929
4763,材料-KY,5,0,5,元富-台南,2024-11-18,5929
2104,國際中橡,5,0,5,元富-台南,2024-11-18,5929
2356,英業達,8,3,5,元富-台南,2024-11-18,5929
2605,新興,11,6,5,元富-台南,2024-11-18,5929
3013,晟銘電,61,1,60,元富-台南,2024-11-19,5929
3036A,文曄甲特,50,0,50,元富-台南,2024-11-19,5929
00878,國泰永續高股息,51,1,50,元富-台南,2024-11-19,5929
00919,群益台灣精選高息,36,0,36,元富-台南,2024-11-19,5929
2486,一詮,38,8,30,元富-台南,2024-11-19,5929
2349,錸德,15,0,15,元富-台南,2024-11-19,5929
1216,統一,13,0,13,元富-台南,2024-11-19,5929
00713,元大台灣高息低波,12,0,12,元富-台南,2024-11-19,5929
1785,光洋科,15,3,12,元富-台南,2024-11-19,5929
4113,聯上,11,0,11,元富-台南,2024-11-19,5929
3450,聯鈞,14,3,11,元富-台南,2024-11-19,5929
00665L,富邦�琤肭磪囓�2,10,0,10,元富-台南,2024-11-19,5929
1595,川寶,10,0,10,元富-台南,2024-11-19,5929
4162,智擎,10,0,10,元富-台南,2024-11-19,5929
6016,康和證,10,0,10,元富-台南,2024-11-19,5929
00633L,富邦上証正2,9,0,9,元富-台南,2024-11-19,5929
00930,永豐ESG低碳高息,9,0,9,元富-台南,2024-11-19,5929
00929,復華台灣科技優息,20,11,9,元富-台南,2024-11-19,5929
2363,矽統,9,1,8,元富-台南,2024-11-19,5929
2431,聯昌,10,2,8,元富-台南,2024-11-19,5929
00887,永豐中國科技50大,7,0,7,元富-台南,2024-11-19,5929
2317,鴻海,9,2,7,元富-台南,2024-11-19,5929
2382,廣達,10,4,6,元富-台南,2024-11-19,5929
3017,奇鋐,7,1,6,元富-台南,2024-11-19,5929
2374,佳能,6,0,6,元富-台南,2024-11-19,5929
3481,群創,21,15,6,元富-台南,2024-11-19,5929
3711,日月光投控,10,4,6,元富-台南,2024-11-19,5929
6578,達邦蛋白,6,0,6,元富-台南,2024-11-19,5929
00891,中信關鍵半導體,5,0,5,元富-台南,2024-11-19,5929
1609,大亞,5,0,5,元富-台南,2024-11-19,5929
2356,英業達,8,3,5,元富-台南,2024-11-19,5929
3024,憶聲,5,0,5,元富-台南,2024-11-19,5929
9105,泰金寶-DR,10,5,5,元富-台南,2024-11-19,5929
1795,美時,6,1,5,元富-台南,2024-11-19,5929
0056,元大高股息,5,1,4,元富-台南,2024-11-19,5929
2884,玉山金,4,0,4,元富-台南,2024-11-19,5929
2308,台達電,4,0,4,元富-台南,2024-11-19,5929
00637L,元大滬深300正2,4,0,4,元富-台南,2024-11-19,5929
00830,國泰費城半導體,4,0,4,元富-台南,2024-11-19,5929
1532,勤美,4,0,4,元富-台南,2024-11-19,5929
2406,國碩,4,0,4,元富-台南,2024-11-19,5929
2748,雲品,4,0,4,元富-台南,2024-11-19,5929
5225,東科-KY,4,0,4,元富-台南,2024-11-19,5929
8261,富鼎,4,0,4,元富-台南,2024-11-19,5929
00918,大華優利高填息30,3,0,3,元富-台南,2024-11-19,5929
3033,威健,3,0,3,元富-台南,2024-11-19,5929
3090,日電貿,3,0,3,元富-台南,2024-11-19,5929
3290,東浦,3,0,3,元富-台南,2024-11-19,5929
3338,泰碩,7,4,3,元富-台南,2024-11-19,5929
4174,浩鼎,3,0,3,元富-台南,2024-11-19,5929
1584,精剛,72,0,72,元富-台南,2024-11-20,5929
3706,神達,136,73,63,元富-台南,2024-11-20,5929
00646,元大S＆P500,49,0,49,元富-台南,2024-11-20,5929
00950B,凱基A級公司債,35,0,35,元富-台南,2024-11-20,5929
2615,萬海,122,88,34,元富-台南,2024-11-20,5929
3481,群創,28,2,26,元富-台南,2024-11-20,5929
2603,長榮,25,2,23,元富-台南,2024-11-20,5929
2330,台積電,21,0,21,元富-台南,2024-11-20,5929
2317,鴻海,30,11,19,元富-台南,2024-11-20,5929
6182,合晶,17,0,17,元富-台南,2024-11-20,5929
5876,上海商銀,15,0,15,元富-台南,2024-11-20,5929
8429,金麗-KY,15,1,14,元富-台南,2024-11-20,5929
00878,國泰永續高股息,12,0,12,元富-台南,2024-11-20,5929
6535,順藥,10,0,10,元富-台南,2024-11-20,5929
1718,中纖,10,0,10,元富-台南,2024-11-20,5929
2385,群光,10,0,10,元富-台南,2024-11-20,5929
2882,國泰金,10,0,10,元富-台南,2024-11-20,5929
2887,台新金,11,1,10,元富-台南,2024-11-20,5929
6202,盛群,10,0,10,元富-台南,2024-11-20,5929
00919,群益台灣精選高息,11,1,10,元富-台南,2024-11-20,5929
3450,聯鈞,12,4,8,元富-台南,2024-11-20,5929
6263,普萊德,7,0,7,元富-台南,2024-11-20,5929
9933,中鼎,7,0,7,元富-台南,2024-11-20,5929
2356,英業達,6,0,6,元富-台南,2024-11-20,5929
2486,一詮,7,1,6,元富-台南,2024-11-20,5929
3594,磐儀,6,0,6,元富-台南,2024-11-20,5929
006208,富邦台50,5,0,5,元富-台南,2024-11-20,5929
1519,華城,5,0,5,元富-台南,2024-11-20,5929
0050,元大台灣50,5,0,5,元富-台南,2024-11-20,5929
00688L,國泰20年美債正2,5,0,5,元富-台南,2024-11-20,5929
00895,富邦未來車,5,0,5,元富-台南,2024-11-20,5929
2303,聯電,12,7,5,元富-台南,2024-11-20,5929
4931,新盛力,6,1,5,元富-台南,2024-11-20,5929
5284,jpp-KY,5,0,5,元富-台南,2024-11-20,5929
5351,鈺創,5,0,5,元富-台南,2024-11-20,5929
00927,群益半導體收益,4,0,4,元富-台南,2024-11-20,5929
2312,金寶,4,0,4,元富-台南,2024-11-20,5929
2413,環科,4,0,4,元富-台南,2024-11-20,5929
2634,漢翔,4,0,4,元富-台南,2024-11-20,5929
5347,世界,4,0,4,元富-台南,2024-11-20,5929
6187,萬潤,14,10,4,元富-台南,2024-11-20,5929
00915,凱基優選高股息30,4,0,4,元富-台南,2024-11-20,5929
1301,台塑,4,0,4,元富-台南,2024-11-20,5929
3005,神基,4,0,4,元富-台南,2024-11-20,5929
1532,勤美,4,1,3,元富-台南,2024-11-20,5929
8027,鈦昇,3,0,3,元富-台南,2024-11-20,5929
1449,佳和,3,0,3,元富-台南,2024-11-20,5929
1605,華新,3,0,3,元富-台南,2024-11-20,5929
2025,千興,3,0,3,元富-台南,2024-11-20,5929
2329,華泰,6,3,3,元富-台南,2024-11-20,5929
2027,大成鋼,93,3,90,元富-台南,2024-11-21,5929
00929,復華台灣科技優息,33,0,33,元富-台南,2024-11-21,5929
00878,國泰永續高股息,27,0,27,元富-台南,2024-11-21,5929
2204,中華,30,6,24,元富-台南,2024-11-21,5929
3013,晟銘電,24,0,24,元富-台南,2024-11-21,5929
5876,上海商銀,24,0,24,元富-台南,2024-11-21,5929
2354,鴻準,40,20,20,元富-台南,2024-11-21,5929
2330,台積電,20,0,20,元富-台南,2024-11-21,5929
2882,國泰金,18,0,18,元富-台南,2024-11-21,5929
1808,潤隆,17,0,17,元富-台南,2024-11-21,5929
00937B,群益ESG投等債20,16,0,16,元富-台南,2024-11-21,5929
2890,永豐金,16,0,16,元富-台南,2024-11-21,5929
1785,光洋科,25,10,15,元富-台南,2024-11-21,5929
2303,聯電,14,0,14,元富-台南,2024-11-21,5929
2317,鴻海,22,8,14,元富-台南,2024-11-21,5929
006208,富邦台50,12,0,12,元富-台南,2024-11-21,5929
1595,川寶,10,0,10,元富-台南,2024-11-21,5929
6016,康和證,10,0,10,元富-台南,2024-11-21,5929
3711,日月光投控,11,1,10,元富-台南,2024-11-21,5929
2356,英業達,25,16,9,元富-台南,2024-11-21,5929
0056,元大高股息,9,0,9,元富-台南,2024-11-21,5929
1795,美時,10,1,9,元富-台南,2024-11-21,5929
2646,星宇航空,9,0,9,元富-台南,2024-11-21,5929
8478,東哥遊艇,9,0,9,元富-台南,2024-11-21,5929
00940,元大台灣價值高息,9,1,8,元富-台南,2024-11-21,5929
2613,中櫃,23,16,7,元富-台南,2024-11-21,5929
2474,可成,7,0,7,元富-台南,2024-11-21,5929
2388,威盛,8,2,6,元富-台南,2024-11-21,5929
2413,環科,6,0,6,元富-台南,2024-11-21,5929
1909,榮成,5,0,5,元富-台南,2024-11-21,5929
3036,文曄,6,1,5,元富-台南,2024-11-21,5929
3260,威剛,5,0,5,元富-台南,2024-11-21,5929
3702A,大聯大甲特,5,0,5,元富-台南,2024-11-21,5929
8240,華宏,8,4,4,元富-台南,2024-11-21,5929
2881,富邦金,4,0,4,元富-台南,2024-11-21,5929
2308,台達電,4,1,3,元富-台南,2024-11-21,5929
00646,元大S＆P500,3,0,3,元富-台南,2024-11-21,5929
00830,國泰費城半導體,3,0,3,元富-台南,2024-11-21,5929
8069,元太,3,0,3,元富-台南,2024-11-21,5929
00927,群益半導體收益,3,0,3,元富-台南,2024-11-21,5929
00664R,國泰臺灣加權反1,3,0,3,元富-台南,2024-11-21,5929
2106,建大,3,0,3,元富-台南,2024-11-21,5929
2444,兆勁,3,0,3,元富-台南,2024-11-21,5929
3661,世芯-KY,5,2,3,元富-台南,2024-11-21,5929
8047,星雲,3,0,3,元富-台南,2024-11-21,5929
1301,台塑,3,0,3,元富-台南,2024-11-21,5929
0050,元大台灣50,2,0,2,元富-台南,2024-11-21,5929
3581,博磊,2,0,2,元富-台南,2024-11-21,5929
2605,新興,7,5,2,元富-台南,2024-11-21,5929
00713,元大台灣高息低波,2,0,2,元富-台南,2024-11-21,5929
2027,大成鋼,129,1,128,元富-台南,2024-11-22,5929
1785,光洋科,96,0,96,元富-台南,2024-11-22,5929
2303,聯電,33,0,33,元富-台南,2024-11-22,5929
2413,環科,26,0,26,元富-台南,2024-11-22,5929
00878,國泰永續高股息,25,0,25,元富-台南,2024-11-22,5929
9105,泰金寶-DR,29,8,21,元富-台南,2024-11-22,5929
2603,長榮,13,0,13,元富-台南,2024-11-22,5929
00919,群益台灣精選高息,15,2,13,元富-台南,2024-11-22,5929
2867,三商壽,12,0,12,元富-台南,2024-11-22,5929
2367,燿華,17,6,11,元富-台南,2024-11-22,5929
00953B,群益優選非投等債,10,0,10,元富-台南,2024-11-22,5929
00947,台新臺灣IC設計,10,0,10,元富-台南,2024-11-22,5929
00665L,富邦�琤肭磪囓�2,10,0,10,元富-台南,2024-11-22,5929
1595,川寶,10,0,10,元富-台南,2024-11-22,5929
8040,九暘,10,0,10,元富-台南,2024-11-22,5929
5876,上海商銀,9,0,9,元富-台南,2024-11-22,5929
3576,聯合再生,9,0,9,元富-台南,2024-11-22,5929
6156,松上,20,11,9,元富-台南,2024-11-22,5929
3290,東浦,16,8,8,元富-台南,2024-11-22,5929
00915,凱基優選高股息30,7,0,7,元富-台南,2024-11-22,5929
00633L,富邦上証正2,7,0,7,元富-台南,2024-11-22,5929
3209,全科,7,0,7,元富-台南,2024-11-22,5929
00679B,元大美債20年,7,0,7,元富-台南,2024-11-22,5929
1815,富喬,31,24,7,元富-台南,2024-11-22,5929
3706,神達,30,24,6,元富-台南,2024-11-22,5929
00720B,元大投資級公司債,6,0,6,元富-台南,2024-11-22,5929
00712,復華富時不動產,10,5,5,元富-台南,2024-11-22,5929
2547,日勝生,5,0,5,元富-台南,2024-11-22,5929
2609,陽明,67,62,5,元富-台南,2024-11-22,5929
1313,聯成,5,0,5,元富-台南,2024-11-22,5929
1626,艾美特-KY,5,0,5,元富-台南,2024-11-22,5929
2883,凱基金,15,10,5,元富-台南,2024-11-22,5929
4174,浩鼎,5,0,5,元富-台南,2024-11-22,5929
6264,富裔,5,0,5,元富-台南,2024-11-22,5929
8163,達方,6,1,5,元富-台南,2024-11-22,5929
3712,永崴投控,14,9,5,元富-台南,2024-11-22,5929
2379,瑞昱,4,0,4,元富-台南,2024-11-22,5929
00637L,元大滬深300正2,4,0,4,元富-台南,2024-11-22,5929
2881,富邦金,5,1,4,元富-台南,2024-11-22,5929
4729,熒茂,7,3,4,元富-台南,2024-11-22,5929
5351,鈺創,4,0,4,元富-台南,2024-11-22,5929
1301,台塑,4,0,4,元富-台南,2024-11-22,5929
3711,日月光投控,5,2,3,元富-台南,2024-11-22,5929
0056,元大高股息,3,0,3,元富-台南,2024-11-22,5929
2474,可成,3,0,3,元富-台南,2024-11-22,5929
3450,聯鈞,8,5,3,元富-台南,2024-11-22,5929
3017,奇鋐,3,0,3,元富-台南,2024-11-22,5929
00937B,群益ESG投等債20,3,0,3,元富-台南,2024-11-22,5929
2031,新光鋼,3,0,3,元富-台南,2024-11-22,5929
2353,宏��,3,0,3,元富-台南,2024-11-22,5929
1785,光洋科,255,1,254,元富-台南,2024-11-25,5929
00646,元大S＆P500,122,0,122,元富-台南,2024-11-25,5929
2891,中信金,94,1,93,元富-台南,2024-11-25,5929
3481,群創,88,6,82,元富-台南,2024-11-25,5929
2618,長榮航,82,0,82,元富-台南,2024-11-25,5929
2354,鴻準,81,30,51,元富-台南,2024-11-25,5929
8429,金麗-KY,51,0,51,元富-台南,2024-11-25,5929
00937B,群益ESG投等債20,50,0,50,元富-台南,2024-11-25,5929
1815,富喬,66,20,46,元富-台南,2024-11-25,5929
8040,九暘,41,0,41,元富-台南,2024-11-25,5929
2312,金寶,76,39,37,元富-台南,2024-11-25,5929
00719B,元大美債1-3,32,0,32,元富-台南,2024-11-25,5929
1809,中釉,49,19,30,元富-台南,2024-11-25,5929
2486,一詮,33,6,27,元富-台南,2024-11-25,5929
2371,大同,23,0,23,元富-台南,2024-11-25,5929
00665L,富邦�琤肭磪囓�2,20,0,20,元富-台南,2024-11-25,5929
3149,正達,20,0,20,元富-台南,2024-11-25,5929
00930,永豐ESG低碳高息,19,0,19,元富-台南,2024-11-25,5929
2722,夏都,21,4,17,元富-台南,2024-11-25,5929
00895,富邦未來車,15,0,15,元富-台南,2024-11-25,5929
5876,上海商銀,13,0,13,元富-台南,2024-11-25,5929
00887,永豐中國科技50大,15,2,13,元富-台南,2024-11-25,5929
2303,聯電,12,0,12,元富-台南,2024-11-25,5929
00905,FT臺灣Smart,12,0,12,元富-台南,2024-11-25,5929
4729,熒茂,11,0,11,元富-台南,2024-11-25,5929
6139,亞翔,12,1,11,元富-台南,2024-11-25,5929
1303,南亞,10,0,10,元富-台南,2024-11-25,5929
2328,廣宇,10,0,10,元富-台南,2024-11-25,5929
00919,群益台灣精選高息,10,0,10,元富-台南,2024-11-25,5929
1618,合機,10,1,9,元富-台南,2024-11-25,5929
2332,友訊,11,2,9,元富-台南,2024-11-25,5929
2543,皇昌,9,0,9,元富-台南,2024-11-25,5929
2603,長榮,9,1,8,元富-台南,2024-11-25,5929
2892,第一金,8,0,8,元富-台南,2024-11-25,5929
2718,全心投控,8,0,8,元富-台南,2024-11-25,5929
2615,萬海,22,15,7,元富-台南,2024-11-25,5929
00878,國泰永續高股息,7,0,7,元富-台南,2024-11-25,5929
4174,浩鼎,7,0,7,元富-台南,2024-11-25,5929
006208,富邦台50,7,0,7,元富-台南,2024-11-25,5929
2330,台積電,13,6,7,元富-台南,2024-11-25,5929
1101,台泥,7,1,6,元富-台南,2024-11-25,5929
3576,聯合再生,6,0,6,元富-台南,2024-11-25,5929
6862,三集瑞-KY,6,0,6,元富-台南,2024-11-25,5929
2504,國產,5,0,5,元富-台南,2024-11-25,5929
2646,星宇航空,5,0,5,元富-台南,2024-11-25,5929
3710,連展投控,8,3,5,元富-台南,2024-11-25,5929
5508,永信建,5,0,5,元富-台南,2024-11-25,5929
6187,萬潤,6,1,5,元富-台南,2024-11-25,5929
2314,台揚,5,0,5,元富-台南,2024-11-25,5929
3374,精材,4,0,4,元富-台南,2024-11-25,5929
2486,一詮,56,0,56,元富-台南,2024-11-26,5929
2317,鴻海,55,1,54,元富-台南,2024-11-26,5929
3515,華擎,37,0,37,元富-台南,2024-11-26,5929
6412,群電,36,0,36,元富-台南,2024-11-26,5929
9105,泰金寶-DR,40,4,36,元富-台南,2024-11-26,5929
2845,遠東銀,35,0,35,元富-台南,2024-11-26,5929
00680L,元大美債20正2,50,20,30,元富-台南,2024-11-26,5929
3036A,文曄甲特,30,0,30,元富-台南,2024-11-26,5929
00918,大華優利高填息30,21,0,21,元富-台南,2024-11-26,5929
3062,建漢,25,10,15,元富-台南,2024-11-26,5929
00740B,富邦全球投等債,14,0,14,元富-台南,2024-11-26,5929
1319,東陽,25,11,14,元富-台南,2024-11-26,5929
6457,紘康,14,0,14,元富-台南,2024-11-26,5929
2330,台積電,13,0,13,元富-台南,2024-11-26,5929
5309,系統電,19,6,13,元富-台南,2024-11-26,5929
2887,台新金,13,0,13,元富-台南,2024-11-26,5929
1101,台泥,25,13,12,元富-台南,2024-11-26,5929
2312,金寶,32,20,12,元富-台南,2024-11-26,5929
4157,太景*-KY,12,1,11,元富-台南,2024-11-26,5929
00665L,富邦�琤肭磪囓�2,10,0,10,元富-台南,2024-11-26,5929
2883,凱基金,10,0,10,元富-台南,2024-11-26,5929
006208,富邦台50,10,0,10,元富-台南,2024-11-26,5929
00919,群益台灣精選高息,9,0,9,元富-台南,2024-11-26,5929
2020,美亞,9,0,9,元富-台南,2024-11-26,5929
2371,大同,10,1,9,元富-台南,2024-11-26,5929
6282,康舒,23,14,9,元富-台南,2024-11-26,5929
2426,鼎元,14,6,8,元富-台南,2024-11-26,5929
6215,和椿,11,3,8,元富-台南,2024-11-26,5929
3231,緯創,10,3,7,元富-台南,2024-11-26,5929
3706,神達,40,33,7,元富-台南,2024-11-26,5929
4111,濟生,6,0,6,元富-台南,2024-11-26,5929
4931,新盛力,6,0,6,元富-台南,2024-11-26,5929
5876,上海商銀,6,0,6,元富-台南,2024-11-26,5929
1609,大亞,8,2,6,元富-台南,2024-11-26,5929
3443,創意,6,1,5,元富-台南,2024-11-26,5929
6706,惠特,5,0,5,元富-台南,2024-11-26,5929
00887,永豐中國科技50大,5,0,5,元富-台南,2024-11-26,5929
00909,國泰數位支付服務,5,0,5,元富-台南,2024-11-26,5929
00907,永豐優息存股,5,0,5,元富-台南,2024-11-26,5929
2328,廣宇,5,0,5,元富-台南,2024-11-26,5929
2332,友訊,7,2,5,元富-台南,2024-11-26,5929
2417,圓剛,5,0,5,元富-台南,2024-11-26,5929
3450,聯鈞,10,5,5,元富-台南,2024-11-26,5929
4956,光鋐,8,3,5,元富-台南,2024-11-26,5929
8072,陞泰,5,0,5,元富-台南,2024-11-26,5929
8415,大國鋼,5,0,5,元富-台南,2024-11-26,5929
3661,世芯-KY,5,1,4,元富-台南,2024-11-26,5929
2449,京元電子,5,1,4,元富-台南,2024-11-26,5929
2382,廣達,7,3,4,元富-台南,2024-11-26,5929
2049,上銀,4,0,4,元富-台南,2024-11-26,5929
1584,精剛,282,0,282,元富-台南,2024-11-27,5929
2027,大成鋼,217,2,215,元富-台南,2024-11-27,5929
0056,元大高股息,65,0,65,元富-台南,2024-11-27,5929
00878,國泰永續高股息,63,2,61,元富-台南,2024-11-27,5929
00919,群益台灣精選高息,58,0,58,元富-台南,2024-11-27,5929
2303,聯電,49,1,48,元富-台南,2024-11-27,5929
2883,凱基金,38,0,38,元富-台南,2024-11-27,5929
3231,緯創,35,3,32,元富-台南,2024-11-27,5929
00940,元大台灣價值高息,25,0,25,元富-台南,2024-11-27,5929
00918,大華優利高填息30,22,0,22,元富-台南,2024-11-27,5929
2426,鼎元,22,1,21,元富-台南,2024-11-27,5929
2317,鴻海,47,26,21,元富-台南,2024-11-27,5929
2891,中信金,20,0,20,元富-台南,2024-11-27,5929
2867,三商壽,20,0,20,元富-台南,2024-11-27,5929
2330,台積電,19,0,19,元富-台南,2024-11-27,5929
1319,東陽,27,9,18,元富-台南,2024-11-27,5929
2887,台新金,18,0,18,元富-台南,2024-11-27,5929
3481,群創,17,0,17,元富-台南,2024-11-27,5929
2332,友訊,33,17,16,元富-台南,2024-11-27,5929
2633,台灣高鐵,16,0,16,元富-台南,2024-11-27,5929
4931,新盛力,16,0,16,元富-台南,2024-11-27,5929
2392,正崴,24,9,15,元富-台南,2024-11-27,5929
00915,凱基優選高股息30,15,0,15,元富-台南,2024-11-27,5929
1409,新纖,14,0,14,元富-台南,2024-11-27,5929
6187,萬潤,16,3,13,元富-台南,2024-11-27,5929
00922,國泰台灣領袖50,13,0,13,元富-台南,2024-11-27,5929
1795,美時,13,0,13,元富-台南,2024-11-27,5929
2367,燿華,12,0,12,元富-台南,2024-11-27,5929
3711,日月光投控,13,1,12,元富-台南,2024-11-27,5929
006208,富邦台50,12,0,12,元富-台南,2024-11-27,5929
9921,巨大,11,0,11,元富-台南,2024-11-27,5929
2444,兆勁,10,0,10,元富-台南,2024-11-27,5929
3707,漢磊,10,0,10,元富-台南,2024-11-27,5929
00927,群益半導體收益,9,0,9,元富-台南,2024-11-27,5929
2464,盟立,13,4,9,元富-台南,2024-11-27,5929
3037,欣興,10,2,8,元富-台南,2024-11-27,5929
00891,中信關鍵半導體,8,0,8,元富-台南,2024-11-27,5929
8478,東哥遊艇,8,0,8,元富-台南,2024-11-27,5929
2354,鴻準,12,5,7,元富-台南,2024-11-27,5929
00946,群益科技高息成長,7,0,7,元富-台南,2024-11-27,5929
2382,廣達,10,4,6,元富-台南,2024-11-27,5929
2449,京元電子,6,0,6,元富-台南,2024-11-27,5929
1609,大亞,7,1,6,元富-台南,2024-11-27,5929
2385,群光,6,0,6,元富-台南,2024-11-27,5929
2388,威盛,7,1,6,元富-台南,2024-11-27,5929
3323,加百裕,12,6,6,元富-台南,2024-11-27,5929
3702,大聯大,6,0,6,元富-台南,2024-11-27,5929
2603,長榮,17,11,6,元富-台南,2024-11-27,5929
8163,達方,6,1,5,元富-台南,2024-11-27,5929
5309,系統電,11,6,5,元富-台南,2024-11-27,5929
00646,元大S＆P500,160,0,160,元富-台南,2024-11-28,5929
00680L,元大美債20正2,140,10,130,元富-台南,2024-11-28,5929
1584,精剛,125,0,125,元富-台南,2024-11-28,5929
00878,國泰永續高股息,41,0,41,元富-台南,2024-11-28,5929
00919,群益台灣精選高息,40,0,40,元富-台南,2024-11-28,5929
0056,元大高股息,36,0,36,元富-台南,2024-11-28,5929
6742,澤米,30,0,30,元富-台南,2024-11-28,5929
1605,華新,34,5,29,元富-台南,2024-11-28,5929
3062,建漢,68,39,29,元富-台南,2024-11-28,5929
3481,群創,30,5,25,元富-台南,2024-11-28,5929
1802,台玻,22,1,21,元富-台南,2024-11-28,5929
2409,友達,21,0,21,元富-台南,2024-11-28,5929
2897,王道銀行,30,10,20,元富-台南,2024-11-28,5929
3043,科風,18,0,18,元富-台南,2024-11-28,5929
4510,高鋒,38,23,15,元富-台南,2024-11-28,5929
00940,元大台灣價值高息,15,1,14,元富-台南,2024-11-28,5929
2439,美律,13,0,13,元富-台南,2024-11-28,5929
3231,緯創,22,11,11,元富-台南,2024-11-28,5929
00909,國泰數位支付服務,10,0,10,元富-台南,2024-11-28,5929
00946,群益科技高息成長,10,0,10,元富-台南,2024-11-28,5929
1785,光洋科,10,0,10,元富-台南,2024-11-28,5929
2020,美亞,10,0,10,元富-台南,2024-11-28,5929
3257,虹冠電,10,0,10,元富-台南,2024-11-28,5929
8110,華東,10,0,10,元富-台南,2024-11-28,5929
00927,群益半導體收益,9,0,9,元富-台南,2024-11-28,5929
2317,鴻海,11,1,10,元富-台南,2024-11-28,5929
3711,日月光投控,9,0,9,元富-台南,2024-11-28,5929
2884,玉山金,10,1,9,元富-台南,2024-11-28,5929
00915,凱基優選高股息30,8,0,8,元富-台南,2024-11-28,5929
00922,國泰台灣領袖50,8,0,8,元富-台南,2024-11-28,5929
8163,達方,13,5,8,元富-台南,2024-11-28,5929
9105,泰金寶-DR,8,0,8,元富-台南,2024-11-28,5929
8240,華宏,8,0,8,元富-台南,2024-11-28,5929
00687B,國泰20年美債,9,1,8,元富-台南,2024-11-28,5929
2344,華邦電,8,1,7,元富-台南,2024-11-28,5929
3450,聯鈞,12,5,7,元富-台南,2024-11-28,5929
8011,台通,6,0,6,元富-台南,2024-11-28,5929
3706,神達,45,39,6,元富-台南,2024-11-28,5929
1303,南亞,6,0,6,元富-台南,2024-11-28,5929
2332,友訊,18,12,6,元富-台南,2024-11-28,5929
3057,喬鼎,6,0,6,元富-台南,2024-11-28,5929
8032,光菱,6,0,6,元富-台南,2024-11-28,5929
1301,台塑,12,6,6,元富-台南,2024-11-28,5929
2303,聯電,9,4,5,元富-台南,2024-11-28,5929
1733,五鼎,5,0,5,元富-台南,2024-11-28,5929
1735,日勝化,5,0,5,元富-台南,2024-11-28,5929
1909,榮成,5,0,5,元富-台南,2024-11-28,5929
2108,南帝,5,0,5,元富-台南,2024-11-28,5929
2388,威盛,5,0,5,元富-台南,2024-11-28,5929
5483,中美晶,5,0,5,元富-台南,2024-11-28,5929
3481,群創,226,4,222,元富-台南,2024-11-29,5929
1584,精剛,100,0,100,元富-台南,2024-11-29,5929
2891,中信金,83,0,83,元富-台南,2024-11-29,5929
3027,盛達,35,0,35,元富-台南,2024-11-29,5929
2887,台新金,34,0,34,元富-台南,2024-11-29,5929
2449,京元電子,37,6,31,元富-台南,2024-11-29,5929
6016,康和證,30,0,30,元富-台南,2024-11-29,5929
2609,陽明,33,3,30,元富-台南,2024-11-29,5929
00878,國泰永續高股息,24,0,24,元富-台南,2024-11-29,5929
3706,神達,92,71,21,元富-台南,2024-11-29,5929
00665L,富邦�琤肭磪囓�2,65,45,20,元富-台南,2024-11-29,5929
3003,健和興,20,1,19,元富-台南,2024-11-29,5929
2603,長榮,19,3,16,元富-台南,2024-11-29,5929
00929,復華台灣科技優息,17,2,15,元富-台南,2024-11-29,5929
2330,台積電,14,1,13,元富-台南,2024-11-29,5929
2882,國泰金,13,0,13,元富-台南,2024-11-29,5929
00953B,群益優選非投等債,13,0,13,元富-台南,2024-11-29,5929
5876,上海商銀,13,0,13,元富-台南,2024-11-29,5929
00915,凱基優選高股息30,12,0,12,元富-台南,2024-11-29,5929
00919,群益台灣精選高息,18,6,12,元富-台南,2024-11-29,5929
2303,聯電,21,10,11,元富-台南,2024-11-29,5929
0056,元大高股息,11,0,11,元富-台南,2024-11-29,5929
3714,富采,8,0,8,元富-台南,2024-11-29,5929
006208,富邦台50,6,0,6,元富-台南,2024-11-29,5929
6187,萬潤,7,1,6,元富-台南,2024-11-29,5929
3265,台星科,6,0,6,元富-台南,2024-11-29,5929
3580,友威科,6,0,6,元富-台南,2024-11-29,5929
6257,矽格,6,0,6,元富-台南,2024-11-29,5929
6770,力積電,6,0,6,元富-台南,2024-11-29,5929
1301,台塑,7,1,6,元富-台南,2024-11-29,5929
2317,鴻海,12,7,5,元富-台南,2024-11-29,5929
1402,遠東新,5,0,5,元富-台南,2024-11-29,5929
2845,遠東銀,5,0,5,元富-台南,2024-11-29,5929
3490,單井,5,0,5,元富-台南,2024-11-29,5929
3231,緯創,5,1,4,元富-台南,2024-11-29,5929
2354,鴻準,13,8,5,元富-台南,2024-11-29,5929
4714,永捷,4,0,4,元富-台南,2024-11-29,5929
2890,永豐金,3,0,3,元富-台南,2024-11-29,5929
8069,元太,3,0,3,元富-台南,2024-11-29,5929
2408,南亞科,3,0,3,元富-台南,2024-11-29,5929
1303,南亞,3,0,3,元富-台南,2024-11-29,5929
00927,群益半導體收益,5,2,3,元富-台南,2024-11-29,5929
3213,茂訊,3,0,3,元富-台南,2024-11-29,5929
5251,天鉞電,3,0,3,元富-台南,2024-11-29,5929
8033,雷虎,5,2,3,元富-台南,2024-11-29,5929
2204,中華,3,0,3,元富-台南,2024-11-29,5929
2002,中鋼,7,4,3,元富-台南,2024-11-29,5929
00713,元大台灣高息低波,4,2,2,元富-台南,2024-11-29,5929
2834,臺企銀,2,0,2,元富-台南,2024-11-29,5929
00631L,元大台灣50正2,2,0,2,元富-台南,2024-11-29,5929
2377,微星,50,1,49,元富-台南,2024-12-02,5929
6558,興能高,39,9,30,元富-台南,2024-12-02,5929
5244,弘凱,22,1,21,元富-台南,2024-12-02,5929
3027,盛達,22,3,19,元富-台南,2024-12-02,5929
6126,信音,19,0,19,元富-台南,2024-12-02,5929
6182,合晶,16,0,16,元富-台南,2024-12-02,5929
1101,台泥,16,0,16,元富-台南,2024-12-02,5929
3374,精材,15,0,15,元富-台南,2024-12-02,5929
4306,炎洲,15,0,15,元富-台南,2024-12-02,5929
2312,金寶,27,13,14,元富-台南,2024-12-02,5929
1795,美時,13,0,13,元富-台南,2024-12-02,5929
00915,凱基優選高股息30,14,2,12,元富-台南,2024-12-02,5929
6257,矽格,12,0,12,元富-台南,2024-12-02,5929
4162,智擎,11,0,11,元富-台南,2024-12-02,5929
3715,定穎投控,10,0,10,元富-台南,2024-12-02,5929
2834,臺企銀,20,10,10,元富-台南,2024-12-02,5929
1702,南僑,10,0,10,元富-台南,2024-12-02,5929
2444,兆勁,10,0,10,元富-台南,2024-12-02,5929
00909,國泰數位支付服務,10,1,9,元富-台南,2024-12-02,5929
3024,憶聲,10,1,9,元富-台南,2024-12-02,5929
4157,太景*-KY,9,0,9,元富-台南,2024-12-02,5929
1304,台聚,10,2,8,元富-台南,2024-12-02,5929
2317,鴻海,12,4,8,元富-台南,2024-12-02,5929
1522,堤維西,8,1,7,元富-台南,2024-12-02,5929
5876,上海商銀,13,6,7,元富-台南,2024-12-02,5929
6175,立敦,7,0,7,元富-台南,2024-12-02,5929
1808,潤隆,6,0,6,元富-台南,2024-12-02,5929
00941,中信上游半導體,5,0,5,元富-台南,2024-12-02,5929
00665L,富邦�琤肭磪囓�2,15,10,5,元富-台南,2024-12-02,5929
00965,元大航太防衛科技,5,0,5,元富-台南,2024-12-02,5929
1217,愛之味,5,0,5,元富-台南,2024-12-02,5929
1314,中石化,5,0,5,元富-台南,2024-12-02,5929
2337,旺宏,6,1,5,元富-台南,2024-12-02,5929
3052,夆典,5,0,5,元富-台南,2024-12-02,5929
4510,高鋒,7,2,5,元富-台南,2024-12-02,5929
4916,事欣科,5,0,5,元富-台南,2024-12-02,5929
8072,陞泰,5,0,5,元富-台南,2024-12-02,5929
9933,中鼎,5,0,5,元富-台南,2024-12-02,5929
4968,立積,5,0,5,元富-台南,2024-12-02,5929
5328,華容,29,25,4,元富-台南,2024-12-02,5929
3481,群創,25,21,4,元富-台南,2024-12-02,5929
6472,保瑞,4,0,4,元富-台南,2024-12-02,5929
8028,昇陽半導體,4,0,4,元富-台南,2024-12-02,5929
2375,凱美,8,4,4,元富-台南,2024-12-02,5929
5388,中磊,5,1,4,元富-台南,2024-12-02,5929
00905,FT臺灣Smart,4,0,4,元富-台南,2024-12-02,5929
2330,台積電,13,10,3,元富-台南,2024-12-02,5929
6187,萬潤,4,1,3,元富-台南,2024-12-02,5929
5309,系統電,10,7,3,元富-台南,2024-12-02,5929
2014,中鴻,4,1,3,元富-台南,2024-12-02,5929
00680L,元大美債20正2,130,10,120,元富-台南,2024-12-03,5929
3036A,文曄甲特,61,0,61,元富-台南,2024-12-03,5929
2329,華泰,60,0,60,元富-台南,2024-12-03,5929
00878,國泰永續高股息,45,0,45,元富-台南,2024-12-03,5929
00687B,國泰20年美債,45,6,39,元富-台南,2024-12-03,5929
00919,群益台灣精選高息,53,16,37,元富-台南,2024-12-03,5929
6182,合晶,30,1,29,元富-台南,2024-12-03,5929
2344,華邦電,29,0,29,元富-台南,2024-12-03,5929
00915,凱基優選高股息30,28,0,28,元富-台南,2024-12-03,5929
0056,元大高股息,23,0,23,元富-台南,2024-12-03,5929
2363,矽統,25,4,21,元富-台南,2024-12-03,5929
2388,威盛,17,1,16,元富-台南,2024-12-03,5929
2312,金寶,30,16,14,元富-台南,2024-12-03,5929
3265,台星科,13,0,13,元富-台南,2024-12-03,5929
8040,九暘,13,0,13,元富-台南,2024-12-03,5929
2646,星宇航空,15,3,12,元富-台南,2024-12-03,5929
4743,合一,12,0,12,元富-台南,2024-12-03,5929
00918,大華優利高填息30,11,0,11,元富-台南,2024-12-03,5929
1609,大亞,10,0,10,元富-台南,2024-12-03,5929
6257,矽格,10,0,10,元富-台南,2024-12-03,5929
2020,美亞,10,0,10,元富-台南,2024-12-03,5929
2392,正崴,16,6,10,元富-台南,2024-12-03,5929
2444,兆勁,10,0,10,元富-台南,2024-12-03,5929
6472,保瑞,10,0,10,元富-台南,2024-12-03,5929
1316,上曜,10,1,9,元富-台南,2024-12-03,5929
3580,友威科,9,0,9,元富-台南,2024-12-03,5929
4991,環宇-KY,10,1,9,元富-台南,2024-12-03,5929
2888,新光金,20,12,8,元富-台南,2024-12-03,5929
4119,旭富,8,0,8,元富-台南,2024-12-03,5929
6962,ITH-KY,7,0,7,元富-台南,2024-12-03,5929
1795,美時,6,0,6,元富-台南,2024-12-03,5929
2891,中信金,11,5,6,元富-台南,2024-12-03,5929
00713,元大台灣高息低波,5,0,5,元富-台南,2024-12-03,5929
2458,義隆,5,0,5,元富-台南,2024-12-03,5929
3213,茂訊,6,1,5,元富-台南,2024-12-03,5929
00633L,富邦上証正2,5,0,5,元富-台南,2024-12-03,5929
2353,宏��,5,0,5,元富-台南,2024-12-03,5929
3024,憶聲,6,1,5,元富-台南,2024-12-03,5929
3052,夆典,5,0,5,元富-台南,2024-12-03,5929
3702,大聯大,5,0,5,元富-台南,2024-12-03,5929
4127,天良,5,0,5,元富-台南,2024-12-03,5929
4746,台耀,5,0,5,元富-台南,2024-12-03,5929
2812,台中銀,5,0,5,元富-台南,2024-12-03,5929
3711,日月光投控,12,7,5,元富-台南,2024-12-03,5929
3037,欣興,4,0,4,元富-台南,2024-12-03,5929
1536,和大,5,1,4,元富-台南,2024-12-03,5929
4931,新盛力,4,0,4,元富-台南,2024-12-03,5929
00670L,富邦NASDAQ正2,3,0,3,元富-台南,2024-12-03,5929
3013,晟銘電,5,2,3,元富-台南,2024-12-03,5929
3029,零壹,3,0,3,元富-台南,2024-12-03,5929
2610,華航,75,5,70,元富-台南,2024-12-04,5929
2883,凱基金,95,25,70,元富-台南,2024-12-04,5929
1210,大成,64,0,64,元富-台南,2024-12-04,5929
00953B,群益優選非投等債,60,0,60,元富-台南,2024-12-04,5929
1785,光洋科,61,1,60,元富-台南,2024-12-04,5929
00950B,凱基A級公司債,50,0,50,元富-台南,2024-12-04,5929
00919,群益台灣精選高息,50,1,49,元富-台南,2024-12-04,5929
6126,信音,46,0,46,元富-台南,2024-12-04,5929
00680L,元大美債20正2,40,0,40,元富-台南,2024-12-04,5929
3323,加百裕,41,14,27,元富-台南,2024-12-04,5929
2845,遠東銀,25,3,22,元富-台南,2024-12-04,5929
3706,神達,49,28,21,元富-台南,2024-12-04,5929
2646,星宇航空,21,4,17,元富-台南,2024-12-04,5929
2312,金寶,41,26,15,元富-台南,2024-12-04,5929
00915,凱基優選高股息30,19,5,14,元富-台南,2024-12-04,5929
2486,一詮,17,4,13,元富-台南,2024-12-04,5929
00878,國泰永續高股息,14,2,12,元富-台南,2024-12-04,5929
8121,越峰,12,0,12,元富-台南,2024-12-04,5929
2408,南亞科,10,0,10,元富-台南,2024-12-04,5929
2504,國產,11,1,10,元富-台南,2024-12-04,5929
3036,文曄,10,0,10,元富-台南,2024-12-04,5929
3306,鼎天,10,0,10,元富-台南,2024-12-04,5929
6509,聚和,10,0,10,元富-台南,2024-12-04,5929
2204,中華,10,1,9,元富-台南,2024-12-04,5929
2887,台新金,9,0,9,元富-台南,2024-12-04,5929
3712,永崴投控,12,3,9,元富-台南,2024-12-04,5929
3036A,文曄甲特,9,0,9,元富-台南,2024-12-04,5929
2891,中信金,9,1,8,元富-台南,2024-12-04,5929
6215,和椿,8,0,8,元富-台南,2024-12-04,5929
3213,茂訊,8,0,8,元富-台南,2024-12-04,5929
2349,錸德,9,1,8,元富-台南,2024-12-04,5929
00918,大華優利高填息30,7,0,7,元富-台南,2024-12-04,5929
00679B,元大美債20年,6,0,6,元富-台南,2024-12-04,5929
3551,世禾,6,0,6,元富-台南,2024-12-04,5929
8111,立��,6,0,6,元富-台南,2024-12-04,5929
5864,致和證,6,0,6,元富-台南,2024-12-04,5929
6257,矽格,6,1,5,元富-台南,2024-12-04,5929
6117,迎廣,6,1,5,元富-台南,2024-12-04,5929
1303,南亞,5,0,5,元富-台南,2024-12-04,5929
1451,年興,5,0,5,元富-台南,2024-12-04,5929
2882,國泰金,5,0,5,元富-台南,2024-12-04,5929
2913,農林,5,0,5,元富-台南,2024-12-04,5929
3580,友威科,5,0,5,元富-台南,2024-12-04,5929
4127,天良,5,0,5,元富-台南,2024-12-04,5929
4746,台耀,5,0,5,元富-台南,2024-12-04,5929
5907,大洋-KY,5,0,5,元富-台南,2024-12-04,5929
6457,紘康,5,0,5,元富-台南,2024-12-04,5929
8176,智捷,10,5,5,元富-台南,2024-12-04,5929
4743,合一,5,1,4,元富-台南,2024-12-04,5929
2474,可成,4,0,4,元富-台南,2024-12-04,5929
4162,智擎,101,0,101,元富-台南,2024-12-05,5929
6257,矽格,47,0,47,元富-台南,2024-12-05,5929
5225,東科-KY,45,0,45,元富-台南,2024-12-05,5929
1815,富喬,75,38,37,元富-台南,2024-12-05,5929
1210,大成,36,0,36,元富-台南,2024-12-05,5929
1785,光洋科,39,6,33,元富-台南,2024-12-05,5929
2303,聯電,29,0,29,元富-台南,2024-12-05,5929
00953B,群益優選非投等債,27,0,27,元富-台南,2024-12-05,5929
2371,大同,26,5,21,元富-台南,2024-12-05,5929
2421,建準,20,0,20,元富-台南,2024-12-05,5929
6175,立敦,22,3,19,元富-台南,2024-12-05,5929
00926,凱基全球菁英55,17,0,17,元富-台南,2024-12-05,5929
3040,遠見,21,4,17,元富-台南,2024-12-05,5929
00918,大華優利高填息30,14,0,14,元富-台南,2024-12-05,5929
6558,興能高,24,10,14,元富-台南,2024-12-05,5929
3090,日電貿,42,28,14,元富-台南,2024-12-05,5929
00919,群益台灣精選高息,14,0,14,元富-台南,2024-12-05,5929
3481,群創,20,7,13,元富-台南,2024-12-05,5929
1303,南亞,12,1,11,元富-台南,2024-12-05,5929
4716,大立,11,0,11,元富-台南,2024-12-05,5929
2883,凱基金,43,33,10,元富-台南,2024-12-05,5929
2444,兆勁,10,0,10,元富-台南,2024-12-05,5929
2504,國產,10,0,10,元富-台南,2024-12-05,5929
3024,憶聲,10,0,10,元富-台南,2024-12-05,5929
3062,建漢,31,21,10,元富-台南,2024-12-05,5929
9105,泰金寶-DR,10,0,10,元富-台南,2024-12-05,5929
3450,聯鈞,11,2,9,元富-台南,2024-12-05,5929
9945,潤泰新,9,0,9,元富-台南,2024-12-05,5929
00715L,期街口布蘭特正2,9,0,9,元富-台南,2024-12-05,5929
6757,台灣虎航,7,0,7,元富-台南,2024-12-05,5929
6457,紘康,7,0,7,元富-台南,2024-12-05,5929
2458,義隆,10,3,7,元富-台南,2024-12-05,5929
2603,長榮,6,0,6,元富-台南,2024-12-05,5929
6117,迎廣,7,1,6,元富-台南,2024-12-05,5929
2449,京元電子,8,2,6,元富-台南,2024-12-05,5929
00948B,中信優息投資級債,6,0,6,元富-台南,2024-12-05,5929
3490,單井,6,0,6,元富-台南,2024-12-05,5929
8374,羅昇,6,0,6,元富-台南,2024-12-05,5929
00922,國泰台灣領袖50,9,3,6,元富-台南,2024-12-05,5929
2330,台積電,12,7,5,元富-台南,2024-12-05,5929
3213,茂訊,6,1,5,元富-台南,2024-12-05,5929
1305,華夏,5,0,5,元富-台南,2024-12-05,5929
1762,中化生,5,0,5,元富-台南,2024-12-05,5929
2025,千興,5,0,5,元富-台南,2024-12-05,5929
2337,旺宏,10,5,5,元富-台南,2024-12-05,5929
2344,華邦電,5,0,5,元富-台南,2024-12-05,5929
3003,健和興,5,0,5,元富-台南,2024-12-05,5929
3580,友威科,6,1,5,元富-台南,2024-12-05,5929
4968,立積,6,1,5,元富-台南,2024-12-05,5929
5340,建榮,5,0,5,元富-台南,2024-12-05,5929
1785,光洋科,103,25,78,元富-台南,2024-12-06,5929
6257,矽格,40,1,39,元富-台南,2024-12-06,5929
4174,浩鼎,38,1,37,元富-台南,2024-12-06,5929
8429,金麗-KY,53,16,37,元富-台南,2024-12-06,5929
4162,智擎,31,0,31,元富-台南,2024-12-06,5929
3706,神達,105,78,27,元富-台南,2024-12-06,5929
2354,鴻準,53,29,24,元富-台南,2024-12-06,5929
2610,華航,21,0,21,元富-台南,2024-12-06,5929
00919,群益台灣精選高息,20,0,20,元富-台南,2024-12-06,5929
3040,遠見,22,4,18,元富-台南,2024-12-06,5929
1907,永豐餘,17,0,17,元富-台南,2024-12-06,5929
6215,和椿,14,0,14,元富-台南,2024-12-06,5929
2303,聯電,19,5,14,元富-台南,2024-12-06,5929
3056,富華新,14,1,13,元富-台南,2024-12-06,5929
3265,台星科,14,1,13,元富-台南,2024-12-06,5929
00962,台新AI優息動能,11,0,11,元富-台南,2024-12-06,5929
4743,合一,12,1,11,元富-台南,2024-12-06,5929
2887,台新金,10,0,10,元富-台南,2024-12-06,5929
3090,日電貿,16,6,10,元富-台南,2024-12-06,5929
6104,創惟,10,0,10,元富-台南,2024-12-06,5929
6141,柏承,13,3,10,元富-台南,2024-12-06,5929
8069,元太,11,2,9,元富-台南,2024-12-06,5929
00670L,富邦NASDAQ正2,7,0,7,元富-台南,2024-12-06,5929
00918,大華優利高填息30,6,0,6,元富-台南,2024-12-06,5929
1815,富喬,13,7,6,元富-台南,2024-12-06,5929
2025,千興,6,0,6,元富-台南,2024-12-06,5929
2328,廣宇,6,0,6,元富-台南,2024-12-06,5929
3236,千如,6,0,6,元富-台南,2024-12-06,5929
3323,加百裕,12,6,6,元富-台南,2024-12-06,5929
3380,明泰,7,1,6,元富-台南,2024-12-06,5929
6426,統新,7,1,6,元富-台南,2024-12-06,5929
8111,立��,23,17,6,元富-台南,2024-12-06,5929
4931,新盛力,8,2,6,元富-台南,2024-12-06,5929
0056,元大高股息,6,0,6,元富-台南,2024-12-06,5929
00679B,元大美債20年,5,0,5,元富-台南,2024-12-06,5929
3593,力銘,5,0,5,元富-台南,2024-12-06,5929
6806,森崴能源,5,0,5,元富-台南,2024-12-06,5929
6830,汎銓,10,5,5,元富-台南,2024-12-06,5929
2204,中華,4,0,4,元富-台南,2024-12-06,5929
2406,國碩,4,0,4,元富-台南,2024-12-06,5929
4919,新唐,7,3,4,元富-台南,2024-12-06,5929
6197,佳必琪,3,0,3,元富-台南,2024-12-06,5929
2408,南亞科,3,0,3,元富-台南,2024-12-06,5929
2892,第一金,4,1,3,元富-台南,2024-12-06,5929
6472,保瑞,3,0,3,元富-台南,2024-12-06,5929
2330,台積電,8,5,3,元富-台南,2024-12-06,5929
1519,華城,3,0,3,元富-台南,2024-12-06,5929
00687B,國泰20年美債,6,3,3,元富-台南,2024-12-06,5929
00953B,群益優選非投等債,3,0,3,元富-台南,2024-12-06,5929
2461,光群雷,3,0,3,元富-台南,2024-12-06,5929
2883,凱基金,110,4,106,元富-台南,2024-12-09,5929
1584,精剛,86,0,86,元富-台南,2024-12-09,5929
00715L,期街口布蘭特正2,67,1,66,元富-台南,2024-12-09,5929
6282,康舒,57,0,57,元富-台南,2024-12-09,5929
8104,錸寶,30,0,30,元富-台南,2024-12-09,5929
00919,群益台灣精選高息,26,5,21,元富-台南,2024-12-09,5929
2471,資通,31,11,20,元富-台南,2024-12-09,5929
6558,興能高,20,0,20,元富-台南,2024-12-09,5929
5225,東科-KY,18,0,18,元富-台南,2024-12-09,5929
2303,聯電,16,0,16,元富-台南,2024-12-09,5929
6139,亞翔,16,0,16,元富-台南,2024-12-09,5929
2337,旺宏,15,0,15,元富-台南,2024-12-09,5929
2317,鴻海,16,2,14,元富-台南,2024-12-09,5929
2449,京元電子,14,1,13,元富-台南,2024-12-09,5929
0056,元大高股息,13,0,13,元富-台南,2024-12-09,5929
2354,鴻準,38,25,13,元富-台南,2024-12-09,5929
00915,凱基優選高股息30,13,0,13,元富-台南,2024-12-09,5929
1907,永豐餘,13,0,13,元富-台南,2024-12-09,5929
00878,國泰永續高股息,19,6,13,元富-台南,2024-12-09,5929
00962,台新AI優息動能,12,0,12,元富-台南,2024-12-09,5929
00895,富邦未來車,11,0,11,元富-台南,2024-12-09,5929
2375,凱美,11,0,11,元富-台南,2024-12-09,5929
3062,建漢,17,6,11,元富-台南,2024-12-09,5929
6505,台塑化,11,0,11,元富-台南,2024-12-09,5929
2399,映泰,14,4,10,元富-台南,2024-12-09,5929
6770,力積電,10,0,10,元富-台南,2024-12-09,5929
2419,仲琦,10,0,10,元富-台南,2024-12-09,5929
3024,憶聲,14,4,10,元富-台南,2024-12-09,5929
3029,零壹,25,15,10,元富-台南,2024-12-09,5929
3211,順達,9,1,8,元富-台南,2024-12-09,5929
4968,立積,9,1,8,元富-台南,2024-12-09,5929
3711,日月光投控,8,0,8,元富-台南,2024-12-09,5929
2070,精湛,7,0,7,元富-台南,2024-12-09,5929
6117,迎廣,6,0,6,元富-台南,2024-12-09,5929
2892,第一金,10,4,6,元富-台南,2024-12-09,5929
6187,萬潤,6,0,6,元富-台南,2024-12-09,5929
1402,遠東新,10,4,6,元富-台南,2024-12-09,5929
2323,中環,6,0,6,元富-台南,2024-12-09,5929
3380,明泰,6,0,6,元富-台南,2024-12-09,5929
8261,富鼎,6,0,6,元富-台南,2024-12-09,5929
2382,廣達,9,3,6,元富-台南,2024-12-09,5929
2330,台積電,7,2,5,元富-台南,2024-12-09,5929
2881,富邦金,5,0,5,元富-台南,2024-12-09,5929
00679B,元大美債20年,5,0,5,元富-台南,2024-12-09,5929
1522,堤維西,5,0,5,元富-台南,2024-12-09,5929
1809,中釉,5,0,5,元富-台南,2024-12-09,5929
2408,南亞科,4,0,4,元富-台南,2024-12-09,5929
3037,欣興,4,0,4,元富-台南,2024-12-09,5929
2374,佳能,5,1,4,元富-台南,2024-12-09,5929
00900,富邦特選高股息30,4,0,4,元富-台南,2024-12-09,5929
1785,光洋科,59,8,51,元富-台南,2024-12-10,5929
3706,神達,114,75,39,元富-台南,2024-12-10,5929
1449,佳和,26,0,26,元富-台南,2024-12-10,5929
00665L,富邦�琤肭磪囓�2,35,10,25,元富-台南,2024-12-10,5929
3481,群創,24,3,21,元富-台南,2024-12-10,5929
00918,大華優利高填息30,20,1,19,元富-台南,2024-12-10,5929
00679B,元大美債20年,18,0,18,元富-台南,2024-12-10,5929
2375,凱美,18,0,18,元富-台南,2024-12-10,5929
6182,合晶,16,0,16,元富-台南,2024-12-10,5929
6215,和椿,18,4,14,元富-台南,2024-12-10,5929
2609,陽明,40,27,13,元富-台南,2024-12-10,5929
00878,國泰永續高股息,13,3,10,元富-台南,2024-12-10,5929
2317,鴻海,19,9,10,元富-台南,2024-12-10,5929
00713,元大台灣高息低波,12,2,10,元富-台南,2024-12-10,5929
2201,裕隆,10,0,10,元富-台南,2024-12-10,5929
1319,東陽,10,0,10,元富-台南,2024-12-10,5929
2020,美亞,10,0,10,元富-台南,2024-12-10,5929
3010,華立,10,0,10,元富-台南,2024-12-10,5929
8110,華東,10,0,10,元富-台南,2024-12-10,5929
0056,元大高股息,9,0,9,元富-台南,2024-12-10,5929
1795,美時,9,0,9,元富-台南,2024-12-10,5929
2303,聯電,11,2,9,元富-台南,2024-12-10,5929
00887,永豐中國科技50大,10,1,9,元富-台南,2024-12-10,5929
3040,遠見,18,9,9,元富-台南,2024-12-10,5929
3323,加百裕,14,5,9,元富-台南,2024-12-10,5929
2330,台積電,11,3,8,元富-台南,2024-12-10,5929
2382,廣達,8,0,8,元富-台南,2024-12-10,5929
1907,永豐餘,8,0,8,元富-台南,2024-12-10,5929
1815,富喬,21,14,7,元富-台南,2024-12-10,5929
00909,國泰數位支付服務,7,0,7,元富-台南,2024-12-10,5929
1301,台塑,7,1,6,元富-台南,2024-12-10,5929
2354,鴻準,16,10,6,元富-台南,2024-12-10,5929
2353,宏��,6,0,6,元富-台南,2024-12-10,5929
2356,英業達,6,0,6,元富-台南,2024-12-10,5929
2371,大同,11,5,6,元富-台南,2024-12-10,5929
5244,弘凱,9,3,6,元富-台南,2024-12-10,5929
5907,大洋-KY,12,6,6,元富-台南,2024-12-10,5929
00633L,富邦上証正2,5,0,5,元富-台南,2024-12-10,5929
00891,中信關鍵半導體,5,0,5,元富-台南,2024-12-10,5929
00946,群益科技高息成長,5,0,5,元富-台南,2024-12-10,5929
00953B,群益優選非投等債,5,0,5,元富-台南,2024-12-10,5929
1605,華新,42,37,5,元富-台南,2024-12-10,5929
1612,宏泰,5,0,5,元富-台南,2024-12-10,5929
1734,杏輝,5,0,5,元富-台南,2024-12-10,5929
2455,全新,6,1,5,元富-台南,2024-12-10,5929
3714,富采,5,0,5,元富-台南,2024-12-10,5929
6603,富強鑫,5,0,5,元富-台南,2024-12-10,5929
00922,國泰台灣領袖50,4,0,4,元富-台南,2024-12-10,5929
3265,台星科,4,0,4,元富-台南,2024-12-10,5929
3715,定穎投控,4,0,4,元富-台南,2024-12-10,5929
2312,金寶,71,7,64,元富-台南,2024-12-11,5929
2618,長榮航,55,11,44,元富-台南,2024-12-11,5929
00915,凱基優選高股息30,44,0,44,元富-台南,2024-12-11,5929
00878,國泰永續高股息,34,2,32,元富-台南,2024-12-11,5929
00918,大華優利高填息30,27,0,27,元富-台南,2024-12-11,5929
0056,元大高股息,27,0,27,元富-台南,2024-12-11,5929
00919,群益台灣精選高息,50,24,26,元富-台南,2024-12-11,5929
2609,陽明,43,20,23,元富-台南,2024-12-11,5929
2610,華航,39,17,22,元富-台南,2024-12-11,5929
2489,瑞軒,20,0,20,元富-台南,2024-12-11,5929
00687B,國泰20年美債,25,8,17,元富-台南,2024-12-11,5929
6187,萬潤,16,3,13,元富-台南,2024-12-11,5929
2603,長榮,14,1,13,元富-台南,2024-12-11,5929
2317,鴻海,30,17,13,元富-台南,2024-12-11,5929
1449,佳和,12,0,12,元富-台南,2024-12-11,5929
1907,永豐餘,12,0,12,元富-台南,2024-12-11,5929
00713,元大台灣高息低波,12,0,12,元富-台南,2024-12-11,5929
2031,新光鋼,11,0,11,元富-台南,2024-12-11,5929
2615,萬海,19,8,11,元富-台南,2024-12-11,5929
00937B,群益ESG投等債20,11,0,11,元富-台南,2024-12-11,5929
00940,元大台灣價值高息,12,2,10,元富-台南,2024-12-11,5929
00665L,富邦�琤肭磪囓�2,10,0,10,元富-台南,2024-12-11,5929
2605,新興,12,2,10,元富-台南,2024-12-11,5929
6605,帝寶,10,0,10,元富-台南,2024-12-11,5929
6770,力積電,10,0,10,元富-台南,2024-12-11,5929
2371,大同,15,6,9,元富-台南,2024-12-11,5929
2845,遠東銀,9,0,9,元富-台南,2024-12-11,5929
3228,金麗科,10,1,9,元富-台南,2024-12-11,5929
3521,鴻翊,9,0,9,元富-台南,2024-12-11,5929
4960,誠美材,10,1,9,元富-台南,2024-12-11,5929
6558,興能高,9,0,9,元富-台南,2024-12-11,5929
2382,廣達,9,0,9,元富-台南,2024-12-11,5929
3231,緯創,8,0,8,元富-台南,2024-12-11,5929
8429,金麗-KY,7,0,7,元富-台南,2024-12-11,5929
00922,國泰台灣領袖50,7,0,7,元富-台南,2024-12-11,5929
2535,達欣工,6,0,6,元富-台南,2024-12-11,5929
4743,合一,6,0,6,元富-台南,2024-12-11,5929
8011,台通,7,1,6,元富-台南,2024-12-11,5929
00905,FT臺灣Smart,11,5,6,元富-台南,2024-12-11,5929
2002,中鋼,6,0,6,元富-台南,2024-12-11,5929
2025,千興,6,0,6,元富-台南,2024-12-11,5929
2388,威盛,6,0,6,元富-台南,2024-12-11,5929
6806,森崴能源,5,0,5,元富-台南,2024-12-11,5929
1438,三地開發,5,0,5,元富-台南,2024-12-11,5929
6442,光聖,12,7,5,元富-台南,2024-12-11,5929
006208,富邦台50,6,1,5,元富-台南,2024-12-11,5929
6139,亞翔,4,0,4,元富-台南,2024-12-11,5929
2402,毅嘉,4,0,4,元富-台南,2024-12-11,5929
2070,精湛,4,0,4,元富-台南,2024-12-11,5929
2363,矽統,4,0,4,元富-台南,2024-12-11,5929
00688L,國泰20年美債正2,100,0,100,元富-台南,2024-12-12,5929
00948B,中信優息投資級債,51,0,51,元富-台南,2024-12-12,5929
00950B,凱基A級公司債,50,0,50,元富-台南,2024-12-12,5929
00959B,大華投等美債15Y+,50,0,50,元富-台南,2024-12-12,5929
8040,九暘,72,26,46,元富-台南,2024-12-12,5929
00887,永豐中國科技50大,40,0,40,元富-台南,2024-12-12,5929
5225,東科-KY,32,0,32,元富-台南,2024-12-12,5929
2025,千興,30,0,30,元富-台南,2024-12-12,5929
2061,風青,30,0,30,元富-台南,2024-12-12,5929
4909,新復興,30,1,29,元富-台南,2024-12-12,5929
2618,長榮航,34,6,28,元富-台南,2024-12-12,5929
00918,大華優利高填息30,28,0,28,元富-台南,2024-12-12,5929
2486,一詮,33,6,27,元富-台南,2024-12-12,5929
2328,廣宇,20,7,13,元富-台南,2024-12-12,5929
3430,奇鈦科,13,1,12,元富-台南,2024-12-12,5929
1815,富喬,15,4,11,元富-台南,2024-12-12,5929
00857B,永豐20年美公債,10,0,10,元富-台南,2024-12-12,5929
1597,直得,10,0,10,元富-台南,2024-12-12,5929
2458,義隆,10,0,10,元富-台南,2024-12-12,5929
6147,頎邦,10,0,10,元富-台南,2024-12-12,5929
2609,陽明,25,16,9,元富-台南,2024-12-12,5929
2337,旺宏,11,2,9,元富-台南,2024-12-12,5929
00679B,元大美債20年,8,0,8,元富-台南,2024-12-12,5929
8069,元太,8,0,8,元富-台南,2024-12-12,5929
3265,台星科,8,0,8,元富-台南,2024-12-12,5929
5432,新門,8,0,8,元富-台南,2024-12-12,5929
2317,鴻海,14,6,8,元富-台南,2024-12-12,5929
2002,中鋼,6,0,6,元富-台南,2024-12-12,5929
2399,映泰,6,0,6,元富-台南,2024-12-12,5929
3498,陽程,6,0,6,元富-台南,2024-12-12,5929
4977,眾達-KY,7,1,6,元富-台南,2024-12-12,5929
00919,群益台灣精選高息,5,0,5,元富-台南,2024-12-12,5929
4919,新唐,5,0,5,元富-台南,2024-12-12,5929
2834,臺企銀,5,0,5,元富-台南,2024-12-12,5929
2313,華通,35,30,5,元富-台南,2024-12-12,5929
1303,南亞,5,0,5,元富-台南,2024-12-12,5929
2605,新興,5,0,5,元富-台南,2024-12-12,5929
3714,富采,5,0,5,元富-台南,2024-12-12,5929
3715,定穎投控,6,1,5,元富-台南,2024-12-12,5929
4303,信立,5,0,5,元富-台南,2024-12-12,5929
6457,紘康,5,0,5,元富-台南,2024-12-12,5929
6509,聚和,5,0,5,元富-台南,2024-12-12,5929
00687B,國泰20年美債,5,0,5,元富-台南,2024-12-12,5929
0056,元大高股息,4,0,4,元富-台南,2024-12-12,5929
4953,緯軟,7,3,4,元富-台南,2024-12-12,5929
2027,大成鋼,4,0,4,元富-台南,2024-12-12,5929
2062,橋椿,4,0,4,元富-台南,2024-12-12,5929
3024,憶聲,4,0,4,元富-台南,2024-12-12,5929
6139,亞翔,5,1,4,元富-台南,2024-12-12,5929
6603,富強鑫,4,0,4,元富-台南,2024-12-12,5929
2025,千興,76,0,76,元富-台南,2024-12-13,5929
2883,凱基金,65,0,65,元富-台南,2024-12-13,5929
2618,長榮航,64,13,51,元富-台南,2024-12-13,5929
00948B,中信優息投資級債,50,0,50,元富-台南,2024-12-13,5929
00950B,凱基A級公司債,50,0,50,元富-台南,2024-12-13,5929
2610,華航,40,1,39,元富-台南,2024-12-13,5929
1584,精剛,31,0,31,元富-台南,2024-12-13,5929
00680L,元大美債20正2,30,0,30,元富-台南,2024-12-13,5929
2328,廣宇,35,5,30,元富-台南,2024-12-13,5929
00919,群益台灣精選高息,30,0,30,元富-台南,2024-12-13,5929
3040,遠見,29,3,26,元富-台南,2024-12-13,5929
2303,聯電,31,6,25,元富-台南,2024-12-13,5929
00665L,富邦�琤肭磪囓�2,35,10,25,元富-台南,2024-12-13,5929
4931,新盛力,26,2,24,元富-台南,2024-12-13,5929
2504,國產,22,0,22,元富-台南,2024-12-13,5929
00679B,元大美債20年,22,0,22,元富-台南,2024-12-13,5929
3059,華晶科,31,10,21,元富-台南,2024-12-13,5929
00918,大華優利高填息30,21,0,21,元富-台南,2024-12-13,5929
00937B,群益ESG投等債20,20,0,20,元富-台南,2024-12-13,5929
8104,錸寶,20,0,20,元富-台南,2024-12-13,5929
00713,元大台灣高息低波,18,0,18,元富-台南,2024-12-13,5929
3714,富采,18,0,18,元富-台南,2024-12-13,5929
0056,元大高股息,26,8,18,元富-台南,2024-12-13,5929
2634,漢翔,17,0,17,元富-台南,2024-12-13,5929
3062,建漢,26,10,16,元富-台南,2024-12-13,5929
2354,鴻準,15,0,15,元富-台南,2024-12-13,5929
6224,聚鼎,15,0,15,元富-台南,2024-12-13,5929
00878,國泰永續高股息,16,2,14,元富-台南,2024-12-13,5929
2356,英業達,12,0,12,元富-台南,2024-12-13,5929
6108,競國,13,2,11,元富-台南,2024-12-13,5929
6191,精成科,10,0,10,元富-台南,2024-12-13,5929
5371,中光電,10,0,10,元富-台南,2024-12-13,5929
1532,勤美,10,0,10,元富-台南,2024-12-13,5929
1907,永豐餘,10,0,10,元富-台南,2024-12-13,5929
2103,台橡,10,0,10,元富-台南,2024-12-13,5929
2387,精元,10,0,10,元富-台南,2024-12-13,5929
4906,正文,10,0,10,元富-台南,2024-12-13,5929
6126,信音,10,0,10,元富-台南,2024-12-13,5929
6141,柏承,10,0,10,元富-台南,2024-12-13,5929
6770,力積電,10,1,9,元富-台南,2024-12-13,5929
2371,大同,11,2,9,元富-台南,2024-12-13,5929
00757,統一FANG+,8,0,8,元富-台南,2024-12-13,5929
3234,光環,9,1,8,元富-台南,2024-12-13,5929
2353,宏��,9,1,8,元富-台南,2024-12-13,5929
3231,緯創,10,2,8,元富-台南,2024-12-13,5929
2834,臺企銀,7,0,7,元富-台南,2024-12-13,5929
2382,廣達,9,2,7,元富-台南,2024-12-13,5929
00772B,中信高評級公司債,7,0,7,元富-台南,2024-12-13,5929
2388,威盛,7,0,7,元富-台南,2024-12-13,5929
3122,笙泉,52,45,7,元富-台南,2024-12-13,5929
00918,大華優利高填息30,60,0,60,元富-台南,2024-12-16,5929
2618,長榮航,49,0,49,元富-台南,2024-12-16,5929
3706,神達,93,46,47,元富-台南,2024-12-16,5929
2885,元大金,50,3,47,元富-台南,2024-12-16,5929
1584,精剛,60,17,43,元富-台南,2024-12-16,5929
2610,華航,46,4,42,元富-台南,2024-12-16,5929
4909,新復興,32,0,32,元富-台南,2024-12-16,5929
00680L,元大美債20正2,30,0,30,元富-台南,2024-12-16,5929
00937B,群益ESG投等債20,28,0,28,元富-台南,2024-12-16,5929
00940,元大台灣價值高息,26,0,26,元富-台南,2024-12-16,5929
00687B,國泰20年美債,29,5,24,元富-台南,2024-12-16,5929
0056,元大高股息,34,12,22,元富-台南,2024-12-16,5929
8091,翔名,22,0,22,元富-台南,2024-12-16,5929
2317,鴻海,31,10,21,元富-台南,2024-12-16,5929
00900,富邦特選高股息30,23,3,20,元富-台南,2024-12-16,5929
1104,環泥,20,0,20,元富-台南,2024-12-16,5929
2867,三商壽,20,0,20,元富-台南,2024-12-16,5929
3062,建漢,29,9,20,元富-台南,2024-12-16,5929
8076,伍豐,20,0,20,元富-台南,2024-12-16,5929
2609,陽明,21,5,16,元富-台南,2024-12-16,5929
00967B,元大優息美債,15,0,15,元富-台南,2024-12-16,5929
1785,光洋科,17,3,14,元富-台南,2024-12-16,5929
00948B,中信優息投資級債,21,7,14,元富-台南,2024-12-16,5929
4968,立積,13,1,12,元富-台南,2024-12-16,5929
2375,凱美,17,5,12,元富-台南,2024-12-16,5929
00878,國泰永續高股息,17,5,12,元富-台南,2024-12-16,5929
00679B,元大美債20年,11,0,11,元富-台南,2024-12-16,5929
2027,大成鋼,11,0,11,元富-台南,2024-12-16,5929
2103,台橡,11,0,11,元富-台南,2024-12-16,5929
6191,精成科,10,0,10,元富-台南,2024-12-16,5929
00945B,凱基美國非投等債,10,0,10,元富-台南,2024-12-16,5929
00740B,富邦全球投等債,9,0,9,元富-台南,2024-12-16,5929
3040,遠見,21,12,9,元富-台南,2024-12-16,5929
3380,明泰,9,0,9,元富-台南,2024-12-16,5929
3450,聯鈞,13,5,8,元富-台南,2024-12-16,5929
00751B,元大AAA至A公司債,7,0,7,元富-台南,2024-12-16,5929
00946,群益科技高息成長,7,0,7,元富-台南,2024-12-16,5929
8104,錸寶,10,3,7,元富-台南,2024-12-16,5929
3231,緯創,16,9,7,元富-台南,2024-12-16,5929
6462,神盾,8,1,7,元富-台南,2024-12-16,5929
2891,中信金,11,4,7,元富-台南,2024-12-16,5929
00922,國泰台灣領袖50,6,0,6,元富-台南,2024-12-16,5929
2402,毅嘉,6,0,6,元富-台南,2024-12-16,5929
6546,正基,6,0,6,元富-台南,2024-12-16,5929
6770,力積電,7,1,6,元富-台南,2024-12-16,5929
8069,元太,9,3,6,元富-台南,2024-12-16,5929
6187,萬潤,6,0,6,元富-台南,2024-12-16,5929
2354,鴻準,8,3,5,元富-台南,2024-12-16,5929
2382,廣達,10,5,5,元富-台南,2024-12-16,5929
2408,南亞科,7,2,5,元富-台南,2024-12-16,5929
00688L,國泰20年美債正2,100,0,100,元富-台南,2024-12-17,5929
2002,中鋼,102,5,97,元富-台南,2024-12-17,5929
00953B,群益優選非投等債,100,11,89,元富-台南,2024-12-17,5929
2344,華邦電,67,4,63,元富-台南,2024-12-17,5929
6116,彩晶,51,0,51,元富-台南,2024-12-17,5929
00919,群益台灣精選高息,66,28,38,元富-台南,2024-12-17,5929
0056,元大高股息,40,5,35,元富-台南,2024-12-17,5929
00713,元大台灣高息低波,27,0,27,元富-台南,2024-12-17,5929
2883,凱基金,50,27,23,元富-台南,2024-12-17,5929
00915,凱基優選高股息30,23,0,23,元富-台南,2024-12-17,5929
00918,大華優利高填息30,22,0,22,元富-台南,2024-12-17,5929
2882,國泰金,21,0,21,元富-台南,2024-12-17,5929
00687B,國泰20年美債,21,0,21,元富-台南,2024-12-17,5929
1907,永豐餘,20,0,20,元富-台南,2024-12-17,5929
4510,高鋒,35,17,18,元富-台南,2024-12-17,5929
9921,巨大,17,0,17,元富-台南,2024-12-17,5929
1301,台塑,14,0,14,元富-台南,2024-12-17,5929
3265,台星科,15,1,14,元富-台南,2024-12-17,5929
3711,日月光投控,13,1,12,元富-台南,2024-12-17,5929
00720B,元大投資級公司債,11,0,11,元富-台南,2024-12-17,5929
2201,裕隆,10,0,10,元富-台南,2024-12-17,5929
4113,聯上,10,0,10,元富-台南,2024-12-17,5929
2615,萬海,20,10,10,元富-台南,2024-12-17,5929
3040,遠見,9,0,9,元富-台南,2024-12-17,5929
6215,和椿,26,17,9,元富-台南,2024-12-17,5929
2354,鴻準,10,2,8,元富-台南,2024-12-17,5929
6282,康舒,10,2,8,元富-台南,2024-12-17,5929
5880,合庫金,7,0,7,元富-台南,2024-12-17,5929
8121,越峰,7,0,7,元富-台南,2024-12-17,5929
2801,彰銀,6,0,6,元富-台南,2024-12-17,5929
2887,台新金,6,0,6,元富-台南,2024-12-17,5929
1409,新纖,6,0,6,元富-台南,2024-12-17,5929
00887,永豐中國科技50大,5,0,5,元富-台南,2024-12-17,5929
00948B,中信優息投資級債,5,0,5,元富-台南,2024-12-17,5929
1217,愛之味,5,0,5,元富-台南,2024-12-17,5929
2603,長榮,5,0,5,元富-台南,2024-12-17,5929
2812,台中銀,5,0,5,元富-台南,2024-12-17,5929
3313,斐成,5,0,5,元富-台南,2024-12-17,5929
4162,智擎,5,0,5,元富-台南,2024-12-17,5929
4956,光鋐,5,0,5,元富-台南,2024-12-17,5929
6016,康和證,5,0,5,元富-台南,2024-12-17,5929
8097,常珵,5,0,5,元富-台南,2024-12-17,5929
8429,金麗-KY,5,0,5,元富-台南,2024-12-17,5929
912000,晨訊科-DR,5,0,5,元富-台南,2024-12-17,5929
2834,臺企銀,21,16,5,元富-台南,2024-12-17,5929
5871,中租-KY,5,1,4,元富-台南,2024-12-17,5929
1101,台泥,4,0,4,元富-台南,2024-12-17,5929
2464,盟立,4,0,4,元富-台南,2024-12-17,5929
5864,致和證,4,0,4,元富-台南,2024-12-17,5929
6109,亞元,4,0,4,元富-台南,2024-12-17,5929
6116,彩晶,451,2,449,元富-台南,2024-12-18,5929
00953B,群益優選非投等債,191,0,191,元富-台南,2024-12-18,5929
8249,菱光,145,6,139,元富-台南,2024-12-18,5929
00725B,國泰投資級公司債,47,0,47,元富-台南,2024-12-18,5929
1101,台泥,40,0,40,元富-台南,2024-12-18,5929
00687B,國泰20年美債,27,0,27,元富-台南,2024-12-18,5929
4931,新盛力,26,3,23,元富-台南,2024-12-18,5929
2303,聯電,30,9,21,元富-台南,2024-12-18,5929
2317,鴻海,26,5,21,元富-台南,2024-12-18,5929
2312,金寶,21,0,21,元富-台南,2024-12-18,5929
00967B,元大優息美債,20,0,20,元富-台南,2024-12-18,5929
2867,三商壽,20,0,20,元富-台南,2024-12-18,5929
00918,大華優利高填息30,20,1,19,元富-台南,2024-12-18,5929
5484,慧友,20,2,18,元富-台南,2024-12-18,5929
6962,ITH-KY,18,2,16,元富-台南,2024-12-18,5929
00948B,中信優息投資級債,15,0,15,元富-台南,2024-12-18,5929
2444,兆勁,15,0,15,元富-台南,2024-12-18,5929
2637,慧洋-KY,15,0,15,元富-台南,2024-12-18,5929
4563,百德,19,4,15,元富-台南,2024-12-18,5929
2845,遠東銀,14,0,14,元富-台南,2024-12-18,5929
00713,元大台灣高息低波,14,0,14,元富-台南,2024-12-18,5929
2354,鴻準,16,3,13,元富-台南,2024-12-18,5929
2897,王道銀行,12,0,12,元富-台南,2024-12-18,5929
2610,華航,17,6,11,元富-台南,2024-12-18,5929
5864,致和證,11,0,11,元富-台南,2024-12-18,5929
1303,南亞,10,0,10,元富-台南,2024-12-18,5929
5340,建榮,10,0,10,元富-台南,2024-12-18,5929
8234,新漢,10,0,10,元富-台南,2024-12-18,5929
4566,時碩工業,10,1,9,元富-台南,2024-12-18,5929
5371,中光電,13,4,9,元富-台南,2024-12-18,5929
3450,聯鈞,22,13,9,元富-台南,2024-12-18,5929
3231,緯創,11,4,7,元富-台南,2024-12-18,5929
3010,華立,7,0,7,元富-台南,2024-12-18,5929
4157,太景*-KY,7,0,7,元富-台南,2024-12-18,5929
2886,兆豐金,6,0,6,元富-台南,2024-12-18,5929
6215,和椿,13,7,6,元富-台南,2024-12-18,5929
00679B,元大美債20年,6,0,6,元富-台南,2024-12-18,5929
1309,台達化,6,0,6,元富-台南,2024-12-18,5929
1815,富喬,20,14,6,元富-台南,2024-12-18,5929
2890,永豐金,5,0,5,元富-台南,2024-12-18,5929
8374,羅昇,5,0,5,元富-台南,2024-12-18,5929
2836,高雄銀,5,0,5,元富-台南,2024-12-18,5929
2913,農林,5,0,5,元富-台南,2024-12-18,5929
4540,全球傳動,12,7,5,元富-台南,2024-12-18,5929
5392,能率,5,0,5,元富-台南,2024-12-18,5929
00878,國泰永續高股息,5,0,5,元富-台南,2024-12-18,5929
00712,復華富時不動產,4,0,4,元富-台南,2024-12-18,5929
2382,廣達,5,1,4,元富-台南,2024-12-18,5929
2520,冠德,4,0,4,元富-台南,2024-12-18,5929
3551,世禾,4,0,4,元富-台南,2024-12-18,5929
3481,群創,235,40,195,元富-台南,2024-12-19,5929
00919,群益台灣精選高息,105,2,103,元富-台南,2024-12-19,5929
00688L,國泰20年美債正2,102,0,102,元富-台南,2024-12-19,5929
00918,大華優利高填息30,94,0,94,元富-台南,2024-12-19,5929
00680L,元大美債20正2,90,0,90,元富-台南,2024-12-19,5929
00712,復華富時不動產,78,0,78,元富-台南,2024-12-19,5929
00687B,國泰20年美債,75,0,75,元富-台南,2024-12-19,5929
2312,金寶,81,23,58,元富-台南,2024-12-19,5929
1785,光洋科,51,2,49,元富-台南,2024-12-19,5929
2337,旺宏,51,2,49,元富-台南,2024-12-19,5929
3040,遠見,38,2,36,元富-台南,2024-12-19,5929
8429,金麗-KY,33,1,32,元富-台南,2024-12-19,5929
2317,鴻海,42,11,31,元富-台南,2024-12-19,5929
00878,國泰永續高股息,28,0,28,元富-台南,2024-12-19,5929
2344,華邦電,24,0,24,元富-台南,2024-12-19,5929
2881,富邦金,22,1,21,元富-台南,2024-12-19,5929
00948B,中信優息投資級債,20,0,20,元富-台南,2024-12-19,5929
6446,藥華藥,18,1,17,元富-台南,2024-12-19,5929
00950B,凱基A級公司債,16,0,16,元富-台南,2024-12-19,5929
4157,太景*-KY,16,0,16,元富-台南,2024-12-19,5929
4571,鈞興-KY,21,5,16,元富-台南,2024-12-19,5929
2891,中信金,17,1,16,元富-台南,2024-12-19,5929
2887,台新金,15,0,15,元富-台南,2024-12-19,5929
2369,菱生,15,0,15,元富-台南,2024-12-19,5929
2882,國泰金,14,0,14,元富-台南,2024-12-19,5929
1815,富喬,15,1,14,元富-台南,2024-12-19,5929
2002,中鋼,17,3,14,元富-台南,2024-12-19,5929
2609,陽明,27,14,13,元富-台南,2024-12-19,5929
2330,台積電,32,20,12,元富-台南,2024-12-19,5929
2892,第一金,11,0,11,元富-台南,2024-12-19,5929
00922,國泰台灣領袖50,11,0,11,元富-台南,2024-12-19,5929
00953B,群益優選非投等債,11,0,11,元富-台南,2024-12-19,5929
00650L,復華香港正2,10,0,10,元富-台南,2024-12-19,5929
1104,環泥,10,0,10,元富-台南,2024-12-19,5929
1314,中石化,10,0,10,元富-台南,2024-12-19,5929
2409,友達,10,0,10,元富-台南,2024-12-19,5929
8249,菱光,10,0,10,元富-台南,2024-12-19,5929
0056,元大高股息,10,0,10,元富-台南,2024-12-19,5929
5474,聰泰,10,1,9,元富-台南,2024-12-19,5929
00942B,台新美A公司債20+,8,0,8,元富-台南,2024-12-19,5929
00857B,永豐20年美公債,8,0,8,元富-台南,2024-12-19,5929
6770,力積電,9,1,8,元富-台南,2024-12-19,5929
2027,大成鋼,7,0,7,元富-台南,2024-12-19,5929
006208,富邦台50,7,0,7,元富-台南,2024-12-19,5929
2633,台灣高鐵,7,0,7,元富-台南,2024-12-19,5929
3211,順達,7,0,7,元富-台南,2024-12-19,5929
6109,亞元,7,0,7,元富-台南,2024-12-19,5929
6209,今國光,18,11,7,元富-台南,2024-12-19,5929
2417,圓剛,16,9,7,元富-台南,2024-12-19,5929
00720B,元大投資級公司債,6,0,6,元富-台南,2024-12-19,5929
