Ticker,Name,buy,sell,diff,Branch,Date,Branch_Code
1101,台泥,995,0,995,台中銀-員林,2023-01-03,6114
00665L,富邦�琤肭磪囓�2,550,100,450,台中銀-員林,2023-01-03,6114
4171,瑞基,72,13,59,台中銀-員林,2023-01-03,6114
1536,和大,23,0,23,台中銀-員林,2023-01-03,6114
2317,鴻海,33,14,19,台中銀-員林,2023-01-03,6114
5202,力新,17,0,17,台中銀-員林,2023-01-03,6114
2609,陽明,16,1,15,台中銀-員林,2023-01-03,6114
2603,長榮,20,7,13,台中銀-員林,2023-01-03,6114
00669R,國泰美國道瓊反1,13,0,13,台中銀-員林,2023-01-03,6114
4121,優盛,11,0,11,台中銀-員林,2023-01-03,6114
6770,力積電,12,1,11,台中銀-員林,2023-01-03,6114
6806,森崴能源,18,7,11,台中銀-員林,2023-01-03,6114
1605,華新,38,28,10,台中銀-員林,2023-01-03,6114
2331,精英,10,0,10,台中銀-員林,2023-01-03,6114
2731,雄獅,11,1,10,台中銀-員林,2023-01-03,6114
6175,立敦,10,0,10,台中銀-員林,2023-01-03,6114
2882,國泰金,13,4,9,台中銀-員林,2023-01-03,6114
2614,東森,10,1,9,台中銀-員林,2023-01-03,6114
2615,萬海,9,1,8,台中銀-員林,2023-01-03,6114
1519,華城,18,11,7,台中銀-員林,2023-01-03,6114
4161,聿新科,8,1,7,台中銀-員林,2023-01-03,6114
1342,八貫,6,0,6,台中銀-員林,2023-01-03,6114
1319,東陽,6,0,6,台中銀-員林,2023-01-03,6114
00885,富邦越南,6,0,6,台中銀-員林,2023-01-03,6114
2027,大成鋼,6,0,6,台中銀-員林,2023-01-03,6114
2486,一詮,6,0,6,台中銀-員林,2023-01-03,6114
8996,高力,9,3,6,台中銀-員林,2023-01-03,6114
00720B,元大投資級公司債,5,0,5,台中銀-員林,2023-01-03,6114
2023,燁輝,5,0,5,台中銀-員林,2023-01-03,6114
2409,友達,5,0,5,台中銀-員林,2023-01-03,6114
2484,希華,6,1,5,台中銀-員林,2023-01-03,6114
3687,歐買尬,16,11,5,台中銀-員林,2023-01-03,6114
4563,百德,5,0,5,台中銀-員林,2023-01-03,6114
6180,橘子,7,2,5,台中銀-員林,2023-01-03,6114
6443,元晶,16,12,4,台中銀-員林,2023-01-03,6114
1707,葡萄王,4,0,4,台中銀-員林,2023-01-03,6114
3481,群創,4,0,4,台中銀-員林,2023-01-03,6114
1314,中石化,4,1,3,台中銀-員林,2023-01-03,6114
1760,寶齡富錦,6,3,3,台中銀-員林,2023-01-03,6114
3479,安勤,7,4,3,台中銀-員林,2023-01-03,6114
3710,連展投控,3,0,3,台中銀-員林,2023-01-03,6114
5483,中美晶,3,0,3,台中銀-員林,2023-01-03,6114
6116,彩晶,3,0,3,台中銀-員林,2023-01-03,6114
6139,亞翔,3,0,3,台中銀-員林,2023-01-03,6114
8086,宏捷科,3,0,3,台中銀-員林,2023-01-03,6114
8234,新漢,3,0,3,台中銀-員林,2023-01-03,6114
8261,富鼎,3,0,3,台中銀-員林,2023-01-03,6114
8440,綠電,4,1,3,台中銀-員林,2023-01-03,6114
5880,合庫金,2,0,2,台中銀-員林,2023-01-03,6114
6118,建達,8,6,2,台中銀-員林,2023-01-03,6114
00665L,富邦�琤肭磪囓�2,899,723,176,台中銀-員林,2023-01-04,6114
00715L,期街口布蘭特正2,46,2,44,台中銀-員林,2023-01-04,6114
00680L,元大美債20正2,40,0,40,台中銀-員林,2023-01-04,6114
2605,新興,23,0,23,台中銀-員林,2023-01-04,6114
1444,力麗,30,10,20,台中銀-員林,2023-01-04,6114
1701,中化,26,8,18,台中銀-員林,2023-01-04,6114
1618,合機,20,3,17,台中銀-員林,2023-01-04,6114
1752,南光,23,6,17,台中銀-員林,2023-01-04,6114
00673R,期元大S＆P原油反1,17,1,16,台中銀-員林,2023-01-04,6114
2009,第一銅,16,0,16,台中銀-員林,2023-01-04,6114
00895,富邦未來車,13,0,13,台中銀-員林,2023-01-04,6114
1101,台泥,11,0,11,台中銀-員林,2023-01-04,6114
6235,華孚,48,37,11,台中銀-員林,2023-01-04,6114
2884,玉山金,13,3,10,台中銀-員林,2023-01-04,6114
00648R,元大S＆P500反1,10,0,10,台中銀-員林,2023-01-04,6114
00666R,富邦�琤肭磪齯�1,10,0,10,台中銀-員林,2023-01-04,6114
00713,元大台灣高息低波,10,0,10,台中銀-員林,2023-01-04,6114
00830,國泰費城半導體,10,0,10,台中銀-員林,2023-01-04,6114
3711,日月光投控,10,0,10,台中銀-員林,2023-01-04,6114
5202,力新,10,0,10,台中銀-員林,2023-01-04,6114
1760,寶齡富錦,9,0,9,台中銀-員林,2023-01-04,6114
1529,樂事綠能,16,8,8,台中銀-員林,2023-01-04,6114
1417,嘉裕,37,29,8,台中銀-員林,2023-01-04,6114
2465,麗臺,25,17,8,台中銀-員林,2023-01-04,6114
4743,合一,13,5,8,台中銀-員林,2023-01-04,6114
6806,森崴能源,11,3,8,台中銀-員林,2023-01-04,6114
00893,國泰智能電動車,7,0,7,台中銀-員林,2023-01-04,6114
2357,華碩,7,0,7,台中銀-員林,2023-01-04,6114
2368,金像電,7,0,7,台中銀-員林,2023-01-04,6114
2014,中鴻,7,0,7,台中銀-員林,2023-01-04,6114
4934,太極,6,0,6,台中銀-員林,2023-01-04,6114
6177,達麗,6,0,6,台中銀-員林,2023-01-04,6114
00671R,富邦NASDAQ反1,5,0,5,台中銀-員林,2023-01-04,6114
00676R,富邦臺灣加權反1,5,0,5,台中銀-員林,2023-01-04,6114
1795,美時,12,7,5,台中銀-員林,2023-01-04,6114
2303,聯電,6,1,5,台中銀-員林,2023-01-04,6114
2601,益航,5,0,5,台中銀-員林,2023-01-04,6114
2609,陽明,5,0,5,台中銀-員林,2023-01-04,6114
4763,材料-KY,6,1,5,台中銀-員林,2023-01-04,6114
8070,長華*,5,0,5,台中銀-員林,2023-01-04,6114
8222,寶一,5,0,5,台中銀-員林,2023-01-04,6114
9958,世紀鋼,6,1,5,台中銀-員林,2023-01-04,6114
00772B,中信高評級公司債,4,0,4,台中銀-員林,2023-01-04,6114
00669R,國泰美國道瓊反1,4,0,4,台中銀-員林,2023-01-04,6114
00664R,國泰臺灣加權反1,4,0,4,台中銀-員林,2023-01-04,6114
1609,大亞,15,11,4,台中銀-員林,2023-01-04,6114
3006,晶豪科,4,0,4,台中銀-員林,2023-01-04,6114
3481,群創,4,0,4,台中銀-員林,2023-01-04,6114
8478,東哥遊艇,5,1,4,台中銀-員林,2023-01-04,6114
0056,元大高股息,3,0,3,台中銀-員林,2023-01-04,6114
00715L,期街口布蘭特正2,93,21,72,台中銀-員林,2023-01-05,6114
00885,富邦越南,35,11,24,台中銀-員林,2023-01-05,6114
6274,台燿,33,12,21,台中銀-員林,2023-01-05,6114
1529,樂事綠能,75,58,17,台中銀-員林,2023-01-05,6114
3443,創意,29,13,16,台中銀-員林,2023-01-05,6114
6177,達麗,15,0,15,台中銀-員林,2023-01-05,6114
1101,台泥,18,4,14,台中銀-員林,2023-01-05,6114
2317,鴻海,11,0,11,台中銀-員林,2023-01-05,6114
00720B,元大投資級公司債,10,0,10,台中銀-員林,2023-01-05,6114
00642U,期元大S＆P石油,10,0,10,台中銀-員林,2023-01-05,6114
00751B,元大AAA至A公司債,10,0,10,台中銀-員林,2023-01-05,6114
00725B,國泰投資級公司債,10,0,10,台中銀-員林,2023-01-05,6114
00679B,元大美債20年,10,0,10,台中銀-員林,2023-01-05,6114
1503,士電,10,0,10,台中銀-員林,2023-01-05,6114
00795B,中信美國公債20年,10,0,10,台中銀-員林,2023-01-05,6114
00772B,中信高評級公司債,10,0,10,台中銀-員林,2023-01-05,6114
1584,精剛,10,0,10,台中銀-員林,2023-01-05,6114
1789,神隆,10,0,10,台中銀-員林,2023-01-05,6114
2515,中工,10,0,10,台中銀-員林,2023-01-05,6114
3356,奇偶,12,2,10,台中銀-員林,2023-01-05,6114
1519,華城,54,45,9,台中銀-員林,2023-01-05,6114
00882,中信中國高股息,10,1,9,台中銀-員林,2023-01-05,6114
2603,長榮,8,0,8,台中銀-員林,2023-01-05,6114
3037,欣興,8,0,8,台中銀-員林,2023-01-05,6114
2009,第一銅,7,0,7,台中銀-員林,2023-01-05,6114
1795,美時,11,5,6,台中銀-員林,2023-01-05,6114
00706L,期元大S＆P日圓正2,6,0,6,台中銀-員林,2023-01-05,6114
2615,萬海,11,5,6,台中銀-員林,2023-01-05,6114
3019,亞光,6,0,6,台中銀-員林,2023-01-05,6114
3508,位速,6,0,6,台中銀-員林,2023-01-05,6114
6550,北極星藥業-KY,6,0,6,台中銀-員林,2023-01-05,6114
4114,健喬,17,12,5,台中銀-員林,2023-01-05,6114
2027,大成鋼,5,0,5,台中銀-員林,2023-01-05,6114
2313,華通,6,1,5,台中銀-員林,2023-01-05,6114
2352,佳世達,5,0,5,台中銀-員林,2023-01-05,6114
3027,盛達,11,6,5,台中銀-員林,2023-01-05,6114
3362,先進光,5,0,5,台中銀-員林,2023-01-05,6114
4128,中天,5,0,5,台中銀-員林,2023-01-05,6114
4979,華星光,5,0,5,台中銀-員林,2023-01-05,6114
6139,亞翔,5,0,5,台中銀-員林,2023-01-05,6114
6266,泰詠,5,0,5,台中銀-員林,2023-01-05,6114
6290,良維,5,0,5,台中銀-員林,2023-01-05,6114
0056,元大高股息,5,0,5,台中銀-員林,2023-01-05,6114
2915,潤泰全,7,3,4,台中銀-員林,2023-01-05,6114
3707,漢磊,4,0,4,台中銀-員林,2023-01-05,6114
4977,眾達-KY,4,0,4,台中銀-員林,2023-01-05,6114
5353,台林,5,1,4,台中銀-員林,2023-01-05,6114
6153,嘉聯益,4,0,4,台中銀-員林,2023-01-05,6114
8028,昇陽半導體,4,0,4,台中銀-員林,2023-01-05,6114
8033,雷虎,7,3,4,台中銀-員林,2023-01-05,6114
00665L,富邦�琤肭磪囓�2,950,450,500,台中銀-員林,2023-01-06,6114
00706L,期元大S＆P日圓正2,54,0,54,台中銀-員林,2023-01-06,6114
1752,南光,60,22,38,台中銀-員林,2023-01-06,6114
00680L,元大美債20正2,25,0,25,台中銀-員林,2023-01-06,6114
2201,裕隆,33,14,19,台中銀-員林,2023-01-06,6114
2465,麗臺,19,1,18,台中銀-員林,2023-01-06,6114
3711,日月光投控,17,0,17,台中銀-員林,2023-01-06,6114
006208,富邦台50,15,0,15,台中銀-員林,2023-01-06,6114
00720B,元大投資級公司債,13,0,13,台中銀-員林,2023-01-06,6114
2317,鴻海,11,0,11,台中銀-員林,2023-01-06,6114
00892,富邦台灣半導體,10,0,10,台中銀-員林,2023-01-06,6114
1618,合機,10,0,10,台中銀-員林,2023-01-06,6114
2359,所羅門,16,6,10,台中銀-員林,2023-01-06,6114
6285,啟��,10,0,10,台中銀-員林,2023-01-06,6114
3293,鈊象,9,0,9,台中銀-員林,2023-01-06,6114
00679B,元大美債20年,8,0,8,台中銀-員林,2023-01-06,6114
2867,三商壽,8,0,8,台中銀-員林,2023-01-06,6114
6177,達麗,7,0,7,台中銀-員林,2023-01-06,6114
1605,華新,30,23,7,台中銀-員林,2023-01-06,6114
2308,台達電,6,0,6,台中銀-員林,2023-01-06,6114
2603,長榮,7,1,6,台中銀-員林,2023-01-06,6114
6282,康舒,6,0,6,台中銀-員林,2023-01-06,6114
6550,北極星藥業-KY,6,1,5,台中銀-員林,2023-01-06,6114
00673R,期元大S＆P原油反1,5,0,5,台中銀-員林,2023-01-06,6114
00712,復華富時不動產,5,0,5,台中銀-員林,2023-01-06,6114
00632R,元大台灣50反1,5,0,5,台中銀-員林,2023-01-06,6114
00640L,富邦日本正2,5,0,5,台中銀-員林,2023-01-06,6114
1536,和大,5,0,5,台中銀-員林,2023-01-06,6114
1701,中化,9,4,5,台中銀-員林,2023-01-06,6114
3664,安瑞-KY,5,0,5,台中銀-員林,2023-01-06,6114
4974,亞泰,5,0,5,台中銀-員林,2023-01-06,6114
6215,和椿,7,2,5,台中銀-員林,2023-01-06,6114
6441,廣錠,5,0,5,台中銀-員林,2023-01-06,6114
00772B,中信高評級公司債,4,0,4,台中銀-員林,2023-01-06,6114
1720,生達,4,0,4,台中銀-員林,2023-01-06,6114
3189,景碩,6,2,4,台中銀-員林,2023-01-06,6114
4167,松瑞藥,5,1,4,台中銀-員林,2023-01-06,6114
5425,台半,4,0,4,台中銀-員林,2023-01-06,6114
6456,GIS-KY,4,0,4,台中銀-員林,2023-01-06,6114
1504,東元,3,0,3,台中銀-員林,2023-01-06,6114
1503,士電,8,5,3,台中銀-員林,2023-01-06,6114
00882,中信中國高股息,3,0,3,台中銀-員林,2023-01-06,6114
2412,中華電,3,0,3,台中銀-員林,2023-01-06,6114
2472,立隆電,6,3,3,台中銀-員林,2023-01-06,6114
2481,強茂,6,3,3,台中銀-員林,2023-01-06,6114
3022,威強電,3,0,3,台中銀-員林,2023-01-06,6114
4943,康控-KY,3,0,3,台中銀-員林,2023-01-06,6114
6269,台郡,3,0,3,台中銀-員林,2023-01-06,6114
6411,晶焱,3,0,3,台中銀-員林,2023-01-06,6114
6689,伊雲谷,4,1,3,台中銀-員林,2023-01-06,6114
00665L,富邦�琤肭磪囓�2,819,327,492,台中銀-員林,2023-01-09,6114
2027,大成鋼,80,7,73,台中銀-員林,2023-01-09,6114
1584,精剛,70,1,69,台中銀-員林,2023-01-09,6114
00664R,國泰臺灣加權反1,103,35,68,台中銀-員林,2023-01-09,6114
2867,三商壽,65,0,65,台中銀-員林,2023-01-09,6114
00680L,元大美債20正2,53,0,53,台中銀-員林,2023-01-09,6114
8069,元太,37,3,34,台中銀-員林,2023-01-09,6114
1605,華新,90,68,22,台中銀-員林,2023-01-09,6114
2354,鴻準,20,0,20,台中銀-員林,2023-01-09,6114
3189,景碩,22,2,20,台中銀-員林,2023-01-09,6114
6589,台康生技,20,0,20,台中銀-員林,2023-01-09,6114
00900,富邦特選高股息30,20,1,19,台中銀-員林,2023-01-09,6114
3481,群創,22,3,19,台中銀-員林,2023-01-09,6114
6153,嘉聯益,14,0,14,台中銀-員林,2023-01-09,6114
8367,建新國際,13,0,13,台中銀-員林,2023-01-09,6114
00715L,期街口布蘭特正2,11,0,11,台中銀-員林,2023-01-09,6114
1752,南光,13,2,11,台中銀-員林,2023-01-09,6114
6770,力積電,25,14,11,台中銀-員林,2023-01-09,6114
00892,富邦台灣半導體,10,0,10,台中銀-員林,2023-01-09,6114
00751B,元大AAA至A公司債,10,0,10,台中銀-員林,2023-01-09,6114
1618,合機,10,0,10,台中銀-員林,2023-01-09,6114
3591,艾笛森,10,0,10,台中銀-員林,2023-01-09,6114
6177,達麗,10,0,10,台中銀-員林,2023-01-09,6114
00713,元大台灣高息低波,10,0,10,台中銀-員林,2023-01-09,6114
00885,富邦越南,26,17,9,台中銀-員林,2023-01-09,6114
2328,廣宇,9,0,9,台中銀-員林,2023-01-09,6114
2359,所羅門,30,21,9,台中銀-員林,2023-01-09,6114
2367,燿華,10,1,9,台中銀-員林,2023-01-09,6114
2482,連宇,9,0,9,台中銀-員林,2023-01-09,6114
3272,東碩,9,0,9,台中銀-員林,2023-01-09,6114
2481,強茂,10,2,8,台中銀-員林,2023-01-09,6114
2485,兆赫,8,0,8,台中銀-員林,2023-01-09,6114
6781,AES-KY,7,0,7,台中銀-員林,2023-01-09,6114
6533,晶心科,7,1,6,台中銀-員林,2023-01-09,6114
00895,富邦未來車,8,2,6,台中銀-員林,2023-01-09,6114
1513,中興電,11,5,6,台中銀-員林,2023-01-09,6114
1609,大亞,6,0,6,台中銀-員林,2023-01-09,6114
8110,華東,6,0,6,台中銀-員林,2023-01-09,6114
5351,鈺創,5,0,5,台中銀-員林,2023-01-09,6114
00679B,元大美債20年,7,2,5,台中銀-員林,2023-01-09,6114
00852L,國泰美國道瓊正2,6,1,5,台中銀-員林,2023-01-09,6114
2637,慧洋-KY,5,0,5,台中銀-員林,2023-01-09,6114
2748,雲品,5,0,5,台中銀-員林,2023-01-09,6114
5704,老爺知,5,0,5,台中銀-員林,2023-01-09,6114
5880,合庫金,10,5,5,台中銀-員林,2023-01-09,6114
9955,佳龍,7,2,5,台中銀-員林,2023-01-09,6114
2356,英業達,5,0,5,台中銀-員林,2023-01-09,6114
2317,鴻海,7,2,5,台中銀-員林,2023-01-09,6114
00770,國泰北美科技,4,0,4,台中銀-員林,2023-01-09,6114
1519,華城,5,1,4,台中銀-員林,2023-01-09,6114
3231,緯創,52,0,52,台中銀-員林,2023-01-10,6114
00632R,元大台灣50反1,50,0,50,台中銀-員林,2023-01-10,6114
00895,富邦未來車,40,0,40,台中銀-員林,2023-01-10,6114
2367,燿華,30,0,30,台中銀-員林,2023-01-10,6114
3714,富采,30,3,27,台中銀-員林,2023-01-10,6114
3481,群創,31,9,22,台中銀-員林,2023-01-10,6114
2610,華航,20,3,17,台中銀-員林,2023-01-10,6114
2468,華經,16,0,16,台中銀-員林,2023-01-10,6114
4171,瑞基,22,9,13,台中銀-員林,2023-01-10,6114
1752,南光,41,29,12,台中銀-員林,2023-01-10,6114
00640L,富邦日本正2,11,0,11,台中銀-員林,2023-01-10,6114
00720B,元大投資級公司債,11,0,11,台中銀-員林,2023-01-10,6114
3356,奇偶,12,1,11,台中銀-員林,2023-01-10,6114
00753L,中信中國50正2,10,0,10,台中銀-員林,2023-01-10,6114
00637L,元大滬深300正2,10,0,10,台中銀-員林,2023-01-10,6114
1708,東鹼,11,1,10,台中銀-員林,2023-01-10,6114
1721,三晃,10,0,10,台中銀-員林,2023-01-10,6114
2357,華碩,10,0,10,台中銀-員林,2023-01-10,6114
5014,建錩,10,0,10,台中銀-員林,2023-01-10,6114
1795,美時,15,7,8,台中銀-員林,2023-01-10,6114
2609,陽明,8,0,8,台中銀-員林,2023-01-10,6114
6177,達麗,8,0,8,台中銀-員林,2023-01-10,6114
2338,光罩,7,0,7,台中銀-員林,2023-01-10,6114
6550,北極星藥業-KY,10,3,7,台中銀-員林,2023-01-10,6114
2704,國賓,6,0,6,台中銀-員林,2023-01-10,6114
5608,四維航,6,0,6,台中銀-員林,2023-01-10,6114
6139,亞翔,6,0,6,台中銀-員林,2023-01-10,6114
2498,宏達電,7,2,5,台中銀-員林,2023-01-10,6114
2317,鴻海,5,0,5,台中銀-員林,2023-01-10,6114
00669R,國泰美國道瓊反1,5,0,5,台中銀-員林,2023-01-10,6114
00673R,期元大S＆P原油反1,17,12,5,台中銀-員林,2023-01-10,6114
00881,國泰台灣5G+,10,5,5,台中銀-員林,2023-01-10,6114
1618,合機,8,3,5,台中銀-員林,2023-01-10,6114
1701,中化,21,16,5,台中銀-員林,2023-01-10,6114
1736,喬山,5,0,5,台中銀-員林,2023-01-10,6114
2034,允強,5,0,5,台中銀-員林,2023-01-10,6114
2354,鴻準,5,0,5,台中銀-員林,2023-01-10,6114
2449,京元電子,5,0,5,台中銀-員林,2023-01-10,6114
2884,玉山金,5,0,5,台中銀-員林,2023-01-10,6114
3264,欣銓,5,0,5,台中銀-員林,2023-01-10,6114
3624,光頡,5,0,5,台中銀-員林,2023-01-10,6114
4958,臻鼎-KY,5,0,5,台中銀-員林,2023-01-10,6114
5425,台半,14,9,5,台中銀-員林,2023-01-10,6114
6747,亨泰光,5,0,5,台中銀-員林,2023-01-10,6114
6781,AES-KY,5,0,5,台中銀-員林,2023-01-10,6114
2615,萬海,9,4,5,台中銀-員林,2023-01-10,6114
4128,中天,5,0,5,台中銀-員林,2023-01-10,6114
00900,富邦特選高股息30,4,0,4,台中銀-員林,2023-01-10,6114
2014,中鴻,4,0,4,台中銀-員林,2023-01-10,6114
2027,大成鋼,6,2,4,台中銀-員林,2023-01-10,6114
2867,三商壽,70,0,70,台中銀-員林,2023-01-11,6114
2633,台灣高鐵,50,1,49,台中銀-員林,2023-01-11,6114
3231,緯創,40,3,37,台中銀-員林,2023-01-11,6114
9933,中鼎,36,0,36,台中銀-員林,2023-01-11,6114
00878,國泰永續高股息,37,3,34,台中銀-員林,2023-01-11,6114
2359,所羅門,41,11,30,台中銀-員林,2023-01-11,6114
2371,大同,30,1,29,台中銀-員林,2023-01-11,6114
2610,華航,35,7,28,台中銀-員林,2023-01-11,6114
1618,合機,21,1,20,台中銀-員林,2023-01-11,6114
5251,天鉞電,20,0,20,台中銀-員林,2023-01-11,6114
6806,森崴能源,18,1,17,台中銀-員林,2023-01-11,6114
1605,華新,17,2,15,台中銀-員林,2023-01-11,6114
2888,新光金,15,0,15,台中銀-員林,2023-01-11,6114
6139,亞翔,15,0,15,台中銀-員林,2023-01-11,6114
5871,中租-KY,14,1,13,台中銀-員林,2023-01-11,6114
1513,中興電,17,4,13,台中銀-員林,2023-01-11,6114
4904,遠傳,12,0,12,台中銀-員林,2023-01-11,6114
1795,美時,22,11,11,台中銀-員林,2023-01-11,6114
00679B,元大美債20年,11,0,11,台中銀-員林,2023-01-11,6114
2884,玉山金,11,0,11,台中銀-員林,2023-01-11,6114
2482,連宇,11,0,11,台中銀-員林,2023-01-11,6114
00695B,富邦美債7-10,10,0,10,台中銀-員林,2023-01-11,6114
2413,環科,10,0,10,台中銀-員林,2023-01-11,6114
4102,永日,10,0,10,台中銀-員林,2023-01-11,6114
5536,聖暉*,10,0,10,台中銀-員林,2023-01-11,6114
6625,必應,10,0,10,台中銀-員林,2023-01-11,6114
2436,偉詮電,10,1,9,台中銀-員林,2023-01-11,6114
2834,臺企銀,10,2,8,台中銀-員林,2023-01-11,6114
6175,立敦,8,0,8,台中銀-員林,2023-01-11,6114
00905,FT臺灣Smart,7,0,7,台中銀-員林,2023-01-11,6114
1808,潤隆,7,0,7,台中銀-員林,2023-01-11,6114
3591,艾笛森,7,0,7,台中銀-員林,2023-01-11,6114
3704,合勤控,19,12,7,台中銀-員林,2023-01-11,6114
00640L,富邦日本正2,6,0,6,台中銀-員林,2023-01-11,6114
2634,漢翔,6,0,6,台中銀-員林,2023-01-11,6114
3027,盛達,12,6,6,台中銀-員林,2023-01-11,6114
5011,久陽,6,0,6,台中銀-員林,2023-01-11,6114
6188,廣明,6,0,6,台中銀-員林,2023-01-11,6114
8049,晶采,6,0,6,台中銀-員林,2023-01-11,6114
8341,日友,6,0,6,台中銀-員林,2023-01-11,6114
00895,富邦未來車,5,0,5,台中銀-員林,2023-01-11,6114
1227,佳格,5,0,5,台中銀-員林,2023-01-11,6114
00751B,元大AAA至A公司債,5,0,5,台中銀-員林,2023-01-11,6114
2201,裕隆,5,0,5,台中銀-員林,2023-01-11,6114
2534,宏盛,5,0,5,台中銀-員林,2023-01-11,6114
2880,華南金,5,0,5,台中銀-員林,2023-01-11,6114
2881,富邦金,5,0,5,台中銀-員林,2023-01-11,6114
2887,台新金,5,0,5,台中銀-員林,2023-01-11,6114
2897,王道銀行,5,0,5,台中銀-員林,2023-01-11,6114
5880,合庫金,5,0,5,台中銀-員林,2023-01-11,6114
00679B,元大美債20年,115,2,113,台中銀-員林,2023-01-12,6114
1584,精剛,88,14,74,台中銀-員林,2023-01-12,6114
2834,臺企銀,40,0,40,台中銀-員林,2023-01-12,6114
2867,三商壽,30,0,30,台中銀-員林,2023-01-12,6114
2889,國票金,28,5,23,台中銀-員林,2023-01-12,6114
1517,利奇,21,0,21,台中銀-員林,2023-01-12,6114
4938,和碩,20,0,20,台中銀-員林,2023-01-12,6114
1608,華榮,17,1,16,台中銀-員林,2023-01-12,6114
2515,中工,16,0,16,台中銀-員林,2023-01-12,6114
00882,中信中國高股息,16,1,15,台中銀-員林,2023-01-12,6114
4974,亞泰,21,7,14,台中銀-員林,2023-01-12,6114
00878,國泰永續高股息,13,0,13,台中銀-員林,2023-01-12,6114
1605,華新,82,69,13,台中銀-員林,2023-01-12,6114
2317,鴻海,16,4,12,台中銀-員林,2023-01-12,6114
2358,廷鑫,33,21,12,台中銀-員林,2023-01-12,6114
2436,偉詮電,14,2,12,台中銀-員林,2023-01-12,6114
2009,第一銅,33,21,12,台中銀-員林,2023-01-12,6114
2633,台灣高鐵,12,0,12,台中銀-員林,2023-01-12,6114
00694B,富邦美債1-3,10,0,10,台中銀-員林,2023-01-12,6114
00753L,中信中國50正2,10,0,10,台中銀-員林,2023-01-12,6114
2014,中鴻,14,4,10,台中銀-員林,2023-01-12,6114
3297,杭特,10,0,10,台中銀-員林,2023-01-12,6114
4113,聯上,10,0,10,台中銀-員林,2023-01-12,6114
1795,美時,23,14,9,台中銀-員林,2023-01-12,6114
6245,立端,13,4,9,台中銀-員林,2023-01-12,6114
00893,國泰智能電動車,20,11,9,台中銀-員林,2023-01-12,6114
3037,欣興,8,0,8,台中銀-員林,2023-01-12,6114
3704,合勤控,10,2,8,台中銀-員林,2023-01-12,6114
5880,合庫金,7,0,7,台中銀-員林,2023-01-12,6114
6139,亞翔,10,3,7,台中銀-員林,2023-01-12,6114
1701,中化,6,0,6,台中銀-員林,2023-01-12,6114
2338,光罩,6,0,6,台中銀-員林,2023-01-12,6114
2388,威盛,7,1,6,台中銀-員林,2023-01-12,6114
2408,南亞科,10,4,6,台中銀-員林,2023-01-12,6114
00669R,國泰美國道瓊反1,5,0,5,台中銀-員林,2023-01-12,6114
2880,華南金,5,0,5,台中銀-員林,2023-01-12,6114
3516,亞帝歐,5,0,5,台中銀-員林,2023-01-12,6114
4128,中天,6,1,5,台中銀-員林,2023-01-12,6114
4167,松瑞藥,5,0,5,台中銀-員林,2023-01-12,6114
4931,新盛力,7,2,5,台中銀-員林,2023-01-12,6114
6188,廣明,5,0,5,台中銀-員林,2023-01-12,6114
6446,藥華藥,5,0,5,台中銀-員林,2023-01-12,6114
8044,網家,5,0,5,台中銀-員林,2023-01-12,6114
2308,台達電,5,0,5,台中銀-員林,2023-01-12,6114
6415,矽力*-KY,4,0,4,台中銀-員林,2023-01-12,6114
1529,樂事綠能,4,0,4,台中銀-員林,2023-01-12,6114
1721,三晃,4,0,4,台中銀-員林,2023-01-12,6114
2344,華邦電,5,1,4,台中銀-員林,2023-01-12,6114
5011,久陽,4,0,4,台中銀-員林,2023-01-12,6114
6282,康舒,10,6,4,台中銀-員林,2023-01-12,6114
00882,中信中國高股息,103,0,103,台中銀-員林,2023-01-13,6114
00632R,元大台灣50反1,56,0,56,台中銀-員林,2023-01-13,6114
3481,群創,65,24,41,台中銀-員林,2023-01-13,6114
2886,兆豐金,30,0,30,台中銀-員林,2023-01-13,6114
2009,第一銅,33,9,24,台中銀-員林,2023-01-13,6114
00673R,期元大S＆P原油反1,20,0,20,台中銀-員林,2023-01-13,6114
2436,偉詮電,20,5,15,台中銀-員林,2023-01-13,6114
6147,頎邦,14,0,14,台中銀-員林,2023-01-13,6114
3714,富采,21,10,11,台中銀-員林,2023-01-13,6114
2317,鴻海,10,0,10,台中銀-員林,2023-01-13,6114
6770,力積電,10,0,10,台中銀-員林,2023-01-13,6114
2337,旺宏,10,0,10,台中銀-員林,2023-01-13,6114
2354,鴻準,20,10,10,台中銀-員林,2023-01-13,6114
2482,連宇,10,0,10,台中銀-員林,2023-01-13,6114
4938,和碩,10,0,10,台中銀-員林,2023-01-13,6114
8081,致新,9,0,9,台中銀-員林,2023-01-13,6114
2889,國票金,37,30,7,台中銀-員林,2023-01-13,6114
6139,亞翔,7,0,7,台中銀-員林,2023-01-13,6114
2328,廣宇,6,0,6,台中銀-員林,2023-01-13,6114
5351,鈺創,19,14,5,台中銀-員林,2023-01-13,6114
1529,樂事綠能,5,0,5,台中銀-員林,2023-01-13,6114
1517,利奇,5,0,5,台中銀-員林,2023-01-13,6114
1718,中纖,5,0,5,台中銀-員林,2023-01-13,6114
1732,毛寶,5,0,5,台中銀-員林,2023-01-13,6114
2308,台達電,5,0,5,台中銀-員林,2023-01-13,6114
2359,所羅門,5,0,5,台中銀-員林,2023-01-13,6114
2885,元大金,5,0,5,台中銀-員林,2023-01-13,6114
3703,欣陸,5,0,5,台中銀-員林,2023-01-13,6114
4747,強生,5,0,5,台中銀-員林,2023-01-13,6114
6111,大宇資,5,0,5,台中銀-員林,2023-01-13,6114
6266,泰詠,5,0,5,台中銀-員林,2023-01-13,6114
6245,立端,7,2,5,台中銀-員林,2023-01-13,6114
2399,映泰,4,0,4,台中銀-員林,2023-01-13,6114
2851,中再保,4,0,4,台中銀-員林,2023-01-13,6114
3704,合勤控,4,0,4,台中銀-員林,2023-01-13,6114
6535,順藥,4,0,4,台中銀-員林,2023-01-13,6114
8028,昇陽半導體,17,13,4,台中銀-員林,2023-01-13,6114
2881,富邦金,4,0,4,台中銀-員林,2023-01-13,6114
2897,王道銀行,4,0,4,台中銀-員林,2023-01-13,6114
00683L,期元大美元指正2,3,0,3,台中銀-員林,2023-01-13,6114
00878,國泰永續高股息,3,0,3,台中銀-員林,2023-01-13,6114
1608,華榮,3,0,3,台中銀-員林,2023-01-13,6114
2380,虹光,3,0,3,台中銀-員林,2023-01-13,6114
3027,盛達,3,0,3,台中銀-員林,2023-01-13,6114
5347,世界,5,2,3,台中銀-員林,2023-01-13,6114
8942,森鉅,3,0,3,台中銀-員林,2023-01-13,6114
9945,潤泰新,3,0,3,台中銀-員林,2023-01-13,6114
00772B,中信高評級公司債,3,0,3,台中銀-員林,2023-01-13,6114
3443,創意,7,5,2,台中銀-員林,2023-01-13,6114
3008,大立光,2,0,2,台中銀-員林,2023-01-13,6114
00885,富邦越南,36,0,36,台中銀-員林,2023-01-16,6114
2889,國票金,52,22,30,台中銀-員林,2023-01-16,6114
2886,兆豐金,36,11,25,台中銀-員林,2023-01-16,6114
6770,力積電,45,22,23,台中銀-員林,2023-01-16,6114
2611,志信,20,0,20,台中銀-員林,2023-01-16,6114
00673R,期元大S＆P原油反1,15,0,15,台中銀-員林,2023-01-16,6114
2358,廷鑫,15,0,15,台中銀-員林,2023-01-16,6114
2317,鴻海,14,0,14,台中銀-員林,2023-01-16,6114
2610,華航,21,10,11,台中銀-員林,2023-01-16,6114
6120,達運,11,0,11,台中銀-員林,2023-01-16,6114
00679B,元大美債20年,11,0,11,台中銀-員林,2023-01-16,6114
2609,陽明,11,1,10,台中銀-員林,2023-01-16,6114
1701,中化,14,4,10,台中銀-員林,2023-01-16,6114
1227,佳格,10,0,10,台中銀-員林,2023-01-16,6114
4147,中裕,10,0,10,台中銀-員林,2023-01-16,6114
6139,亞翔,10,0,10,台中銀-員林,2023-01-16,6114
6282,康舒,10,0,10,台中銀-員林,2023-01-16,6114
9904,寶成,10,0,10,台中銀-員林,2023-01-16,6114
2009,第一銅,21,12,9,台中銀-員林,2023-01-16,6114
4938,和碩,14,6,8,台中銀-員林,2023-01-16,6114
4746,台耀,7,0,7,台中銀-員林,2023-01-16,6114
2030,彰源,7,0,7,台中銀-員林,2023-01-16,6114
2352,佳世達,7,0,7,台中銀-員林,2023-01-16,6114
2038,海光,5,0,5,台中銀-員林,2023-01-16,6114
3521,鴻翊,5,0,5,台中銀-員林,2023-01-16,6114
5014,建錩,5,0,5,台中銀-員林,2023-01-16,6114
6266,泰詠,5,0,5,台中銀-員林,2023-01-16,6114
8367,建新國際,5,0,5,台中銀-員林,2023-01-16,6114
00878,國泰永續高股息,14,10,4,台中銀-員林,2023-01-16,6114
00772B,中信高評級公司債,4,0,4,台中銀-員林,2023-01-16,6114
00905,FT臺灣Smart,4,0,4,台中銀-員林,2023-01-16,6114
2028,威致,4,0,4,台中銀-員林,2023-01-16,6114
2882,國泰金,4,0,4,台中銀-員林,2023-01-16,6114
3231,緯創,5,1,4,台中銀-員林,2023-01-16,6114
6189,豐藝,4,0,4,台中銀-員林,2023-01-16,6114
6689,伊雲谷,4,0,4,台中銀-員林,2023-01-16,6114
5263,智崴,4,1,3,台中銀-員林,2023-01-16,6114
1752,南光,5,2,3,台中銀-員林,2023-01-16,6114
2605,新興,3,0,3,台中銀-員林,2023-01-16,6114
5009,榮剛,7,4,3,台中銀-員林,2023-01-16,6114
5243,乙盛-KY,3,0,3,台中銀-員林,2023-01-16,6114
6223,旺矽,3,0,3,台中銀-員林,2023-01-16,6114
8044,網家,7,4,3,台中銀-員林,2023-01-16,6114
8234,新漢,3,0,3,台中銀-員林,2023-01-16,6114
9938,百和,3,0,3,台中銀-員林,2023-01-16,6114
0056,元大高股息,9,6,3,台中銀-員林,2023-01-16,6114
1101,台泥,24,22,2,台中銀-員林,2023-01-16,6114
4961,天鈺,4,2,2,台中銀-員林,2023-01-16,6114
00713,元大台灣高息低波,49,47,2,台中銀-員林,2023-01-16,6114
0061,元大寶滬深,2,0,2,台中銀-員林,2023-01-16,6114
00665L,富邦�琤肭磪囓�2,980,0,980,台中銀-員林,2023-01-17,6114
2303,聯電,205,13,192,台中銀-員林,2023-01-17,6114
2027,大成鋼,110,0,110,台中銀-員林,2023-01-17,6114
00881,國泰台灣5G+,100,0,100,台中銀-員林,2023-01-17,6114
2886,兆豐金,36,0,36,台中銀-員林,2023-01-17,6114
00632R,元大台灣50反1,31,0,31,台中銀-員林,2023-01-17,6114
2610,華航,25,2,23,台中銀-員林,2023-01-17,6114
6770,力積電,22,0,22,台中銀-員林,2023-01-17,6114
2486,一詮,20,0,20,台中銀-員林,2023-01-17,6114
5425,台半,24,4,20,台中銀-員林,2023-01-17,6114
5871,中租-KY,20,3,17,台中銀-員林,2023-01-17,6114
2317,鴻海,17,0,17,台中銀-員林,2023-01-17,6114
3051,力特,15,0,15,台中銀-員林,2023-01-17,6114
3264,欣銓,15,0,15,台中銀-員林,2023-01-17,6114
4532,瑞智,15,0,15,台中銀-員林,2023-01-17,6114
9933,中鼎,15,0,15,台中銀-員林,2023-01-17,6114
1522,堤維西,10,0,10,台中銀-員林,2023-01-17,6114
2406,國碩,10,0,10,台中銀-員林,2023-01-17,6114
2641,正德,10,0,10,台中銀-員林,2023-01-17,6114
2834,臺企銀,10,0,10,台中銀-員林,2023-01-17,6114
2884,玉山金,10,0,10,台中銀-員林,2023-01-17,6114
2889,國票金,30,20,10,台中銀-員林,2023-01-17,6114
4102,永日,10,0,10,台中銀-員林,2023-01-17,6114
00878,國泰永續高股息,20,12,8,台中銀-員林,2023-01-17,6114
9955,佳龍,14,6,8,台中銀-員林,2023-01-17,6114
2108,南帝,7,0,7,台中銀-員林,2023-01-17,6114
3035,智原,6,0,6,台中銀-員林,2023-01-17,6114
4979,華星光,10,4,6,台中銀-員林,2023-01-17,6114
3037,欣興,5,0,5,台中銀-員林,2023-01-17,6114
00893,國泰智能電動車,5,0,5,台中銀-員林,2023-01-17,6114
00900,富邦特選高股息30,5,0,5,台中銀-員林,2023-01-17,6114
3624,光頡,5,0,5,台中銀-員林,2023-01-17,6114
5469,瀚宇博,5,0,5,台中銀-員林,2023-01-17,6114
2498,宏達電,7,2,5,台中銀-員林,2023-01-17,6114
00905,FT臺灣Smart,4,0,4,台中銀-員林,2023-01-17,6114
0050,元大台灣50,4,0,4,台中銀-員林,2023-01-17,6114
2611,志信,5,1,4,台中銀-員林,2023-01-17,6114
4919,新唐,5,1,4,台中銀-員林,2023-01-17,6114
6741,91APP*-KY,5,1,4,台中銀-員林,2023-01-17,6114
00772B,中信高評級公司債,3,0,3,台中銀-員林,2023-01-17,6114
1519,華城,6,3,3,台中銀-員林,2023-01-17,6114
1605,華新,16,13,3,台中銀-員林,2023-01-17,6114
2338,光罩,3,0,3,台中銀-員林,2023-01-17,6114
2609,陽明,4,1,3,台中銀-員林,2023-01-17,6114
3162,精確,3,0,3,台中銀-員林,2023-01-17,6114
3231,緯創,3,0,3,台中銀-員林,2023-01-17,6114
6446,藥華藥,3,0,3,台中銀-員林,2023-01-17,6114
6667,信紘科,3,0,3,台中銀-員林,2023-01-17,6114
8038,長園科,3,0,3,台中銀-員林,2023-01-17,6114
5263,智崴,3,0,3,台中銀-員林,2023-01-17,6114
00632R,元大台灣50反1,139,0,139,台中銀-員林,2023-01-30,6114
00706L,期元大S＆P日圓正2,60,0,60,台中銀-員林,2023-01-30,6114
1513,中興電,47,7,40,台中銀-員林,2023-01-30,6114
2317,鴻海,34,0,34,台中銀-員林,2023-01-30,6114
2354,鴻準,40,7,33,台中銀-員林,2023-01-30,6114
3264,欣銓,52,21,31,台中銀-員林,2023-01-30,6114
00772B,中信高評級公司債,30,0,30,台中銀-員林,2023-01-30,6114
2886,兆豐金,22,0,22,台中銀-員林,2023-01-30,6114
2867,三商壽,20,0,20,台中銀-員林,2023-01-30,6114
4432,銘旺實,20,0,20,台中銀-員林,2023-01-30,6114
2609,陽明,18,0,18,台中銀-員林,2023-01-30,6114
8033,雷虎,18,0,18,台中銀-員林,2023-01-30,6114
6245,立端,16,0,16,台中銀-員林,2023-01-30,6114
5351,鈺創,17,2,15,台中銀-員林,2023-01-30,6114
00679B,元大美債20年,14,0,14,台中銀-員林,2023-01-30,6114
00720B,元大投資級公司債,11,0,11,台中銀-員林,2023-01-30,6114
5536,聖暉*,11,0,11,台中銀-員林,2023-01-30,6114
1515,力山,10,0,10,台中銀-員林,2023-01-30,6114
2851,中再保,10,0,10,台中銀-員林,2023-01-30,6114
3047,訊舟,10,0,10,台中銀-員林,2023-01-30,6114
3521,鴻翊,10,0,10,台中銀-員林,2023-01-30,6114
4106,雃博,10,0,10,台中銀-員林,2023-01-30,6114
4147,中裕,10,0,10,台中銀-員林,2023-01-30,6114
6806,森崴能源,10,0,10,台中銀-員林,2023-01-30,6114
8222,寶一,10,0,10,台中銀-員林,2023-01-30,6114
3682,亞太電,10,1,9,台中銀-員林,2023-01-30,6114
3624,光頡,10,2,8,台中銀-員林,2023-01-30,6114
3596,智易,7,0,7,台中銀-員林,2023-01-30,6114
4532,瑞智,7,0,7,台中銀-員林,2023-01-30,6114
9945,潤泰新,8,1,7,台中銀-員林,2023-01-30,6114
00891,中信關鍵半導體,8,1,7,台中銀-員林,2023-01-30,6114
2308,台達電,7,2,5,台中銀-員林,2023-01-30,6114
5880,合庫金,14,9,5,台中銀-員林,2023-01-30,6114
2912,統一超,5,0,5,台中銀-員林,2023-01-30,6114
00673R,期元大S＆P原油反1,6,1,5,台中銀-員林,2023-01-30,6114
00895,富邦未來車,5,0,5,台中銀-員林,2023-01-30,6114
00905,FT臺灣Smart,5,0,5,台中銀-員林,2023-01-30,6114
3049,精金,5,0,5,台中銀-員林,2023-01-30,6114
3059,華晶科,5,0,5,台中銀-員林,2023-01-30,6114
4534,慶騰,5,0,5,台中銀-員林,2023-01-30,6114
4583,台灣精銳,5,0,5,台中銀-員林,2023-01-30,6114
1210,大成,4,0,4,台中銀-員林,2023-01-30,6114
2206,三陽工業,4,0,4,台中銀-員林,2023-01-30,6114
2412,中華電,4,0,4,台中銀-員林,2023-01-30,6114
2472,立隆電,4,0,4,台中銀-員林,2023-01-30,6114
2915,潤泰全,4,0,4,台中銀-員林,2023-01-30,6114
3552,同致,4,0,4,台中銀-員林,2023-01-30,6114
6182,合晶,9,5,4,台中銀-員林,2023-01-30,6114
6274,台燿,4,0,4,台中銀-員林,2023-01-30,6114
8049,晶采,4,0,4,台中銀-員林,2023-01-30,6114
2208,台船,180,0,180,台中銀-員林,2023-01-31,6114
00665L,富邦�琤肭磪囓�2,75,0,75,台中銀-員林,2023-01-31,6114
2834,臺企銀,66,0,66,台中銀-員林,2023-01-31,6114
2412,中華電,57,0,57,台中銀-員林,2023-01-31,6114
00715L,期街口布蘭特正2,55,3,52,台中銀-員林,2023-01-31,6114
2027,大成鋼,39,0,39,台中銀-員林,2023-01-31,6114
3027,盛達,43,5,38,台中銀-員林,2023-01-31,6114
00905,FT臺灣Smart,34,0,34,台中銀-員林,2023-01-31,6114
00830,國泰費城半導體,30,0,30,台中銀-員林,2023-01-31,6114
2317,鴻海,64,38,26,台中銀-員林,2023-01-31,6114
8358,金居,25,1,24,台中銀-員林,2023-01-31,6114
4746,台耀,21,0,21,台中銀-員林,2023-01-31,6114
1219,福壽,20,0,20,台中銀-員林,2023-01-31,6114
1312,國喬,20,0,20,台中銀-員林,2023-01-31,6114
2014,中鴻,26,6,20,台中銀-員林,2023-01-31,6114
2388,威盛,30,11,19,台中銀-員林,2023-01-31,6114
00878,國泰永續高股息,23,5,18,台中銀-員林,2023-01-31,6114
5880,合庫金,21,4,17,台中銀-員林,2023-01-31,6114
00753L,中信中國50正2,17,0,17,台中銀-員林,2023-01-31,6114
2486,一詮,16,0,16,台中銀-員林,2023-01-31,6114
2892,第一金,13,0,13,台中銀-員林,2023-01-31,6114
2201,裕隆,54,42,12,台中銀-員林,2023-01-31,6114
3081,聯亞,12,0,12,台中銀-員林,2023-01-31,6114
2444,兆勁,11,0,11,台中銀-員林,2023-01-31,6114
2886,兆豐金,11,0,11,台中銀-員林,2023-01-31,6114
6550,北極星藥業-KY,15,5,10,台中銀-員林,2023-01-31,6114
00896,中信綠能及電動車,10,0,10,台中銀-員林,2023-01-31,6114
00895,富邦未來車,10,0,10,台中銀-員林,2023-01-31,6114
1714,和桐,10,0,10,台中銀-員林,2023-01-31,6114
2338,光罩,12,2,10,台中銀-員林,2023-01-31,6114
2912,統一超,10,0,10,台中銀-員林,2023-01-31,6114
3264,欣銓,10,0,10,台中銀-員林,2023-01-31,6114
2330,台積電,15,6,9,台中銀-員林,2023-01-31,6114
4171,瑞基,8,0,8,台中銀-員林,2023-01-31,6114
6150,撼訊,15,7,8,台中銀-員林,2023-01-31,6114
8478,東哥遊艇,7,0,7,台中銀-員林,2023-01-31,6114
1734,杏輝,6,0,6,台中銀-員林,2023-01-31,6114
2002,中鋼,9,3,6,台中銀-員林,2023-01-31,6114
2634,漢翔,6,0,6,台中銀-員林,2023-01-31,6114
3049,精金,6,0,6,台中銀-員林,2023-01-31,6114
00679B,元大美債20年,5,0,5,台中銀-員林,2023-01-31,6114
00720B,元大投資級公司債,5,0,5,台中銀-員林,2023-01-31,6114
2328,廣宇,6,1,5,台中銀-員林,2023-01-31,6114
2406,國碩,5,0,5,台中銀-員林,2023-01-31,6114
3078,僑威,5,0,5,台中銀-員林,2023-01-31,6114
3552,同致,6,1,5,台中銀-員林,2023-01-31,6114
6182,合晶,5,0,5,台中銀-員林,2023-01-31,6114
2324,仁寶,5,0,5,台中銀-員林,2023-01-31,6114
2615,萬海,4,0,4,台中銀-員林,2023-01-31,6114
00885,富邦越南,5,1,4,台中銀-員林,2023-01-31,6114
00885,富邦越南,61,0,61,台中銀-員林,2023-02-01,6114
2834,臺企銀,60,2,58,台中銀-員林,2023-02-01,6114
00905,FT臺灣Smart,52,0,52,台中銀-員林,2023-02-01,6114
5009,榮剛,69,21,48,台中銀-員林,2023-02-01,6114
2014,中鴻,44,0,44,台中銀-員林,2023-02-01,6114
3290,東浦,40,0,40,台中銀-員林,2023-02-01,6114
1810,和成,36,3,33,台中銀-員林,2023-02-01,6114
8033,雷虎,37,8,29,台中銀-員林,2023-02-01,6114
2889,國票金,35,7,28,台中銀-員林,2023-02-01,6114
2027,大成鋼,32,6,26,台中銀-員林,2023-02-01,6114
2313,華通,27,1,26,台中銀-員林,2023-02-01,6114
6182,合晶,30,4,26,台中銀-員林,2023-02-01,6114
5014,建錩,19,0,19,台中銀-員林,2023-02-01,6114
3704,合勤控,27,11,16,台中銀-員林,2023-02-01,6114
0056,元大高股息,17,1,16,台中銀-員林,2023-02-01,6114
8114,振樺電,15,0,15,台中銀-員林,2023-02-01,6114
5425,台半,30,16,14,台中銀-員林,2023-02-01,6114
2633,台灣高鐵,14,1,13,台中銀-員林,2023-02-01,6114
3356,奇偶,15,2,13,台中銀-員林,2023-02-01,6114
2409,友達,23,11,12,台中銀-員林,2023-02-01,6114
1709,和益,11,0,11,台中銀-員林,2023-02-01,6114
3376,新日興,10,0,10,台中銀-員林,2023-02-01,6114
2498,宏達電,13,3,10,台中銀-員林,2023-02-01,6114
1219,福壽,10,0,10,台中銀-員林,2023-02-01,6114
00900,富邦特選高股息30,10,0,10,台中銀-員林,2023-02-01,6114
2104,國際中橡,10,0,10,台中銀-員林,2023-02-01,6114
3047,訊舟,10,0,10,台中銀-員林,2023-02-01,6114
4147,中裕,10,0,10,台中銀-員林,2023-02-01,6114
4919,新唐,19,9,10,台中銀-員林,2023-02-01,6114
5536,聖暉*,15,5,10,台中銀-員林,2023-02-01,6114
2201,裕隆,23,13,10,台中銀-員林,2023-02-01,6114
1522,堤維西,10,1,9,台中銀-員林,2023-02-01,6114
2611,志信,10,1,9,台中銀-員林,2023-02-01,6114
2009,第一銅,72,64,8,台中銀-員林,2023-02-01,6114
9962,有益,8,0,8,台中銀-員林,2023-02-01,6114
3305,昇貿,13,6,7,台中銀-員林,2023-02-01,6114
1313,聯成,7,0,7,台中銀-員林,2023-02-01,6114
00637L,元大滬深300正2,7,0,7,台中銀-員林,2023-02-01,6114
1101,台泥,8,1,7,台中銀-員林,2023-02-01,6114
1524,耿鼎,7,0,7,台中銀-員林,2023-02-01,6114
2495,普安,7,0,7,台中銀-員林,2023-02-01,6114
2929,淘帝-KY,7,0,7,台中銀-員林,2023-02-01,6114
3027,盛達,7,0,7,台中銀-員林,2023-02-01,6114
6741,91APP*-KY,8,1,7,台中銀-員林,2023-02-01,6114
8109,博大,7,0,7,台中銀-員林,2023-02-01,6114
2330,台積電,10,4,6,台中銀-員林,2023-02-01,6114
00891,中信關鍵半導體,6,0,6,台中銀-員林,2023-02-01,6114
00713,元大台灣高息低波,6,0,6,台中銀-員林,2023-02-01,6114
2305,全友,6,0,6,台中銀-員林,2023-02-01,6114
3362,先進光,6,0,6,台中銀-員林,2023-02-01,6114
6129,普誠,110,29,81,台中銀-員林,2023-02-02,6114
00715L,期街口布蘭特正2,81,0,81,台中銀-員林,2023-02-02,6114
3481,群創,74,0,74,台中銀-員林,2023-02-02,6114
6770,力積電,75,23,52,台中銀-員林,2023-02-02,6114
00664R,國泰臺灣加權反1,50,0,50,台中銀-員林,2023-02-02,6114
4746,台耀,50,0,50,台中銀-員林,2023-02-02,6114
00882,中信中國高股息,50,1,49,台中銀-員林,2023-02-02,6114
00632R,元大台灣50反1,45,2,43,台中銀-員林,2023-02-02,6114
2618,長榮航,126,85,41,台中銀-員林,2023-02-02,6114
2834,臺企銀,37,0,37,台中銀-員林,2023-02-02,6114
00830,國泰費城半導體,30,0,30,台中銀-員林,2023-02-02,6114
2317,鴻海,32,5,27,台中銀-員林,2023-02-02,6114
2492,華新科,24,1,23,台中銀-員林,2023-02-02,6114
00642U,期元大S＆P石油,20,0,20,台中銀-員林,2023-02-02,6114
00895,富邦未來車,20,0,20,台中銀-員林,2023-02-02,6114
5011,久陽,20,0,20,台中銀-員林,2023-02-02,6114
2105,正新,20,1,19,台中銀-員林,2023-02-02,6114
2358,廷鑫,20,2,18,台中銀-員林,2023-02-02,6114
3062,建漢,17,0,17,台中銀-員林,2023-02-02,6114
2419,仲琦,16,0,16,台中銀-員林,2023-02-02,6114
1605,華新,38,22,16,台中銀-員林,2023-02-02,6114
00885,富邦越南,15,1,14,台中銀-員林,2023-02-02,6114
2014,中鴻,17,3,14,台中銀-員林,2023-02-02,6114
2027,大成鋼,17,3,14,台中銀-員林,2023-02-02,6114
2363,矽統,14,0,14,台中銀-員林,2023-02-02,6114
6546,正基,14,0,14,台中銀-員林,2023-02-02,6114
6237,驊訊,14,1,13,台中銀-員林,2023-02-02,6114
3162,精確,12,0,12,台中銀-員林,2023-02-02,6114
5009,榮剛,12,0,12,台中銀-員林,2023-02-02,6114
3049,精金,11,0,11,台中銀-員林,2023-02-02,6114
2633,台灣高鐵,10,0,10,台中銀-員林,2023-02-02,6114
1786,科妍,10,0,10,台中銀-員林,2023-02-02,6114
2855,統一證,10,0,10,台中銀-員林,2023-02-02,6114
6188,廣明,10,0,10,台中銀-員林,2023-02-02,6114
2603,長榮,15,5,10,台中銀-員林,2023-02-02,6114
1101,台泥,14,5,9,台中銀-員林,2023-02-02,6114
2355,敬鵬,9,0,9,台中銀-員林,2023-02-02,6114
2465,麗臺,14,5,9,台中銀-員林,2023-02-02,6114
3041,揚智,10,1,9,台中銀-員林,2023-02-02,6114
5468,凱鈺,8,0,8,台中銀-員林,2023-02-02,6114
6274,台燿,10,2,8,台中銀-員林,2023-02-02,6114
1524,耿鼎,11,4,7,台中銀-員林,2023-02-02,6114
2601,益航,7,0,7,台中銀-員林,2023-02-02,6114
3122,笙泉,7,0,7,台中銀-員林,2023-02-02,6114
6598,ABC-KY,7,0,7,台中銀-員林,2023-02-02,6114
6806,森崴能源,7,0,7,台中銀-員林,2023-02-02,6114
2883,凱基金,16,10,6,台中銀-員林,2023-02-02,6114
2338,光罩,6,0,6,台中銀-員林,2023-02-02,6114
6015,宏遠證,6,0,6,台中銀-員林,2023-02-02,6114
8222,寶一,6,0,6,台中銀-員林,2023-02-02,6114
00633L,富邦上証正2,70,0,70,台中銀-員林,2023-02-03,6114
00665L,富邦�琤肭磪囓�2,995,930,65,台中銀-員林,2023-02-03,6114
00632R,元大台灣50反1,60,0,60,台中銀-員林,2023-02-03,6114
00753L,中信中國50正2,46,2,44,台中銀-員林,2023-02-03,6114
2834,臺企銀,38,0,38,台中銀-員林,2023-02-03,6114
2014,中鴻,35,2,33,台中銀-員林,2023-02-03,6114
4707,磐亞,33,0,33,台中銀-員林,2023-02-03,6114
0056,元大高股息,34,5,29,台中銀-員林,2023-02-03,6114
6282,康舒,35,9,26,台中銀-員林,2023-02-03,6114
2201,裕隆,31,7,24,台中銀-員林,2023-02-03,6114
2482,連宇,30,7,23,台中銀-員林,2023-02-03,6114
00637L,元大滬深300正2,22,1,21,台中銀-員林,2023-02-03,6114
1809,中釉,20,0,20,台中銀-員林,2023-02-03,6114
8933,愛地雅,20,0,20,台中銀-員林,2023-02-03,6114
00715L,期街口布蘭特正2,18,0,18,台中銀-員林,2023-02-03,6114
2409,友達,18,0,18,台中銀-員林,2023-02-03,6114
4747,強生,17,0,17,台中銀-員林,2023-02-03,6114
00713,元大台灣高息低波,15,0,15,台中銀-員林,2023-02-03,6114
00679B,元大美債20年,15,0,15,台中銀-員林,2023-02-03,6114
1785,光洋科,17,2,15,台中銀-員林,2023-02-03,6114
2388,威盛,91,78,13,台中銀-員林,2023-02-03,6114
3141,晶宏,13,0,13,台中銀-員林,2023-02-03,6114
2891,中信金,12,0,12,台中銀-員林,2023-02-03,6114
1609,大亞,22,10,12,台中銀-員林,2023-02-03,6114
2345,智邦,12,0,12,台中銀-員林,2023-02-03,6114
5009,榮剛,14,2,12,台中銀-員林,2023-02-03,6114
9945,潤泰新,13,1,12,台中銀-員林,2023-02-03,6114
2881,富邦金,11,0,11,台中銀-員林,2023-02-03,6114
2367,燿華,10,0,10,台中銀-員林,2023-02-03,6114
2402,毅嘉,10,0,10,台中銀-員林,2023-02-03,6114
3044,健鼎,10,0,10,台中銀-員林,2023-02-03,6114
3060,銘異,10,0,10,台中銀-員林,2023-02-03,6114
3708,上緯投控,10,0,10,台中銀-員林,2023-02-03,6114
5536,聖暉*,10,0,10,台中銀-員林,2023-02-03,6114
6546,正基,11,1,10,台中銀-員林,2023-02-03,6114
3264,欣銓,10,1,9,台中銀-員林,2023-02-03,6114
5425,台半,10,1,9,台中銀-員林,2023-02-03,6114
6609,瀧澤科,9,0,9,台中銀-員林,2023-02-03,6114
1309,台達化,8,0,8,台中銀-員林,2023-02-03,6114
00642U,期元大S＆P石油,8,0,8,台中銀-員林,2023-02-03,6114
2002,中鋼,8,0,8,台中銀-員林,2023-02-03,6114
2377,微星,8,0,8,台中銀-員林,2023-02-03,6114
4804,大略-KY,8,0,8,台中銀-員林,2023-02-03,6114
2303,聯電,9,2,7,台中銀-員林,2023-02-03,6114
00720B,元大投資級公司債,7,0,7,台中銀-員林,2023-02-03,6114
2419,仲琦,7,0,7,台中銀-員林,2023-02-03,6114
5388,中磊,7,0,7,台中銀-員林,2023-02-03,6114
6689,伊雲谷,7,0,7,台中銀-員林,2023-02-03,6114
8069,元太,11,4,7,台中銀-員林,2023-02-03,6114
2498,宏達電,24,18,6,台中銀-員林,2023-02-03,6114
1101,台泥,312,0,312,台中銀-員林,2023-02-06,6114
2303,聯電,202,9,193,台中銀-員林,2023-02-06,6114
00715L,期街口布蘭特正2,66,0,66,台中銀-員林,2023-02-06,6114
6235,華孚,72,15,57,台中銀-員林,2023-02-06,6114
00882,中信中國高股息,56,0,56,台中銀-員林,2023-02-06,6114
2834,臺企銀,56,0,56,台中銀-員林,2023-02-06,6114
2355,敬鵬,47,0,47,台中銀-員林,2023-02-06,6114
00878,國泰永續高股息,48,8,40,台中銀-員林,2023-02-06,6114
6770,力積電,44,5,39,台中銀-員林,2023-02-06,6114
00679B,元大美債20年,35,0,35,台中銀-員林,2023-02-06,6114
3047,訊舟,30,0,30,台中銀-員林,2023-02-06,6114
2610,華航,30,6,24,台中銀-員林,2023-02-06,6114
6244,茂迪,24,0,24,台中銀-員林,2023-02-06,6114
00753L,中信中國50正2,21,1,20,台中銀-員林,2023-02-06,6114
2458,義隆,21,1,20,台中銀-員林,2023-02-06,6114
00637L,元大滬深300正2,19,0,19,台中銀-員林,2023-02-06,6114
00885,富邦越南,16,0,16,台中銀-員林,2023-02-06,6114
3037,欣興,16,0,16,台中銀-員林,2023-02-06,6114
00632R,元大台灣50反1,50,35,15,台中銀-員林,2023-02-06,6114
2014,中鴻,15,1,14,台中銀-員林,2023-02-06,6114
4979,華星光,12,0,12,台中銀-員林,2023-02-06,6114
1513,中興電,12,1,11,台中銀-員林,2023-02-06,6114
5871,中租-KY,11,0,11,台中銀-員林,2023-02-06,6114
3006,晶豪科,10,0,10,台中銀-員林,2023-02-06,6114
3545,敦泰,10,0,10,台中銀-員林,2023-02-06,6114
3652,精聯,10,0,10,台中銀-員林,2023-02-06,6114
5468,凱鈺,10,0,10,台中銀-員林,2023-02-06,6114
8358,金居,10,0,10,台中銀-員林,2023-02-06,6114
9955,佳龍,10,0,10,台中銀-員林,2023-02-06,6114
2330,台積電,10,0,10,台中銀-員林,2023-02-06,6114
00900,富邦特選高股息30,9,0,9,台中銀-員林,2023-02-06,6114
2609,陽明,11,2,9,台中銀-員林,2023-02-06,6114
1760,寶齡富錦,27,18,9,台中銀-員林,2023-02-06,6114
1522,堤維西,10,1,9,台中銀-員林,2023-02-06,6114
6472,保瑞,12,3,9,台中銀-員林,2023-02-06,6114
2633,台灣高鐵,8,0,8,台中銀-員林,2023-02-06,6114
2882,國泰金,9,1,8,台中銀-員林,2023-02-06,6114
0056,元大高股息,11,3,8,台中銀-員林,2023-02-06,6114
3704,合勤控,8,1,7,台中銀-員林,2023-02-06,6114
6245,立端,12,5,7,台中銀-員林,2023-02-06,6114
8046,南電,9,2,7,台中銀-員林,2023-02-06,6114
2002,中鋼,6,0,6,台中銀-員林,2023-02-06,6114
4804,大略-KY,6,0,6,台中銀-員林,2023-02-06,6114
5243,乙盛-KY,10,4,6,台中銀-員林,2023-02-06,6114
6556,勝品,6,0,6,台中銀-員林,2023-02-06,6114
2352,佳世達,5,0,5,台中銀-員林,2023-02-06,6114
2027,大成鋼,5,0,5,台中銀-員林,2023-02-06,6114
1532,勤美,5,0,5,台中銀-員林,2023-02-06,6114
1605,華新,34,29,5,台中銀-員林,2023-02-06,6114
1810,和成,5,0,5,台中銀-員林,2023-02-06,6114
1752,南光,54,1,53,台中銀-員林,2023-02-07,6114
1304,台聚,40,0,40,台中銀-員林,2023-02-07,6114
2034,允強,40,5,35,台中銀-員林,2023-02-07,6114
3062,建漢,32,1,31,台中銀-員林,2023-02-07,6114
4147,中裕,25,0,25,台中銀-員林,2023-02-07,6114
6770,力積電,21,0,21,台中銀-員林,2023-02-07,6114
2317,鴻海,21,1,20,台中銀-員林,2023-02-07,6114
5351,鈺創,21,2,19,台中銀-員林,2023-02-07,6114
00679B,元大美債20年,18,0,18,台中銀-員林,2023-02-07,6114
2736,富野,15,0,15,台中銀-員林,2023-02-07,6114
2610,華航,17,3,14,台中銀-員林,2023-02-07,6114
1721,三晃,13,0,13,台中銀-員林,2023-02-07,6114
1605,華新,23,11,12,台中銀-員林,2023-02-07,6114
6188,廣明,12,0,12,台中銀-員林,2023-02-07,6114
6202,盛群,19,7,12,台中銀-員林,2023-02-07,6114
2618,長榮航,13,2,11,台中銀-員林,2023-02-07,6114
8131,福懋科,11,0,11,台中銀-員林,2023-02-07,6114
00878,國泰永續高股息,10,0,10,台中銀-員林,2023-02-07,6114
1314,中石化,10,0,10,台中銀-員林,2023-02-07,6114
1417,嘉裕,40,30,10,台中銀-員林,2023-02-07,6114
2380,虹光,10,0,10,台中銀-員林,2023-02-07,6114
2413,環科,10,0,10,台中銀-員林,2023-02-07,6114
8076,伍豐,10,0,10,台中銀-員林,2023-02-07,6114
0056,元大高股息,10,0,10,台中銀-員林,2023-02-07,6114
00715L,期街口布蘭特正2,12,3,9,台中銀-員林,2023-02-07,6114
1786,科妍,9,0,9,台中銀-員林,2023-02-07,6114
2027,大成鋼,10,1,9,台中銀-員林,2023-02-07,6114
2302,麗正,10,2,8,台中銀-員林,2023-02-07,6114
3081,聯亞,8,0,8,台中銀-員林,2023-02-07,6114
1513,中興電,7,0,7,台中銀-員林,2023-02-07,6114
2498,宏達電,32,25,7,台中銀-員林,2023-02-07,6114
6120,達運,7,0,7,台中銀-員林,2023-02-07,6114
6177,達麗,7,0,7,台中銀-員林,2023-02-07,6114
8341,日友,8,1,7,台中銀-員林,2023-02-07,6114
2884,玉山金,6,0,6,台中銀-員林,2023-02-07,6114
3037,欣興,6,1,5,台中銀-員林,2023-02-07,6114
1342,八貫,5,0,5,台中銀-員林,2023-02-07,6114
00680L,元大美債20正2,5,0,5,台中銀-員林,2023-02-07,6114
1701,中化,6,1,5,台中銀-員林,2023-02-07,6114
2368,金像電,6,1,5,台中銀-員林,2023-02-07,6114
2392,正崴,5,0,5,台中銀-員林,2023-02-07,6114
2449,京元電子,5,0,5,台中銀-員林,2023-02-07,6114
2462,良得電,5,0,5,台中銀-員林,2023-02-07,6114
2474,可成,5,0,5,台中銀-員林,2023-02-07,6114
2614,東森,5,0,5,台中銀-員林,2023-02-07,6114
3265,台星科,5,0,5,台中銀-員林,2023-02-07,6114
3289,宜特,6,1,5,台中銀-員林,2023-02-07,6114
4167,松瑞藥,5,0,5,台中銀-員林,2023-02-07,6114
6123,上奇,5,0,5,台中銀-員林,2023-02-07,6114
6205,詮欣,5,0,5,台中銀-員林,2023-02-07,6114
2027,大成鋼,88,0,88,台中銀-員林,2023-02-08,6114
2014,中鴻,61,5,56,台中銀-員林,2023-02-08,6114
00632R,元大台灣50反1,40,0,40,台中銀-員林,2023-02-08,6114
3264,欣銓,35,0,35,台中銀-員林,2023-02-08,6114
2834,臺企銀,34,1,33,台中銀-員林,2023-02-08,6114
00665L,富邦�琤肭磪囓�2,580,550,30,台中銀-員林,2023-02-08,6114
1529,樂事綠能,20,0,20,台中銀-員林,2023-02-08,6114
00679B,元大美債20年,18,0,18,台中銀-員林,2023-02-08,6114
2367,燿華,21,4,17,台中銀-員林,2023-02-08,6114
00878,國泰永續高股息,19,2,17,台中銀-員林,2023-02-08,6114
00680L,元大美債20正2,15,0,15,台中銀-員林,2023-02-08,6114
2364,倫飛,19,4,15,台中銀-員林,2023-02-08,6114
2419,仲琦,15,0,15,台中銀-員林,2023-02-08,6114
3622,洋華,15,0,15,台中銀-員林,2023-02-08,6114
1101,台泥,16,2,14,台中銀-員林,2023-02-08,6114
6509,聚和,14,0,14,台中銀-員林,2023-02-08,6114
4128,中天,22,9,13,台中銀-員林,2023-02-08,6114
2201,裕隆,18,6,12,台中銀-員林,2023-02-08,6114
8016,矽創,17,5,12,台中銀-員林,2023-02-08,6114
2425,承啟,28,17,11,台中銀-員林,2023-02-08,6114
3479,安勤,11,0,11,台中銀-員林,2023-02-08,6114
5011,久陽,11,0,11,台中銀-員林,2023-02-08,6114
00720B,元大投資級公司債,10,0,10,台中銀-員林,2023-02-08,6114
00896,中信綠能及電動車,10,0,10,台中銀-員林,2023-02-08,6114
2489,瑞軒,10,0,10,台中銀-員林,2023-02-08,6114
2880,華南金,10,0,10,台中銀-員林,2023-02-08,6114
3260,威剛,10,0,10,台中銀-員林,2023-02-08,6114
4157,太景*-KY,10,0,10,台中銀-員林,2023-02-08,6114
4938,和碩,10,0,10,台中銀-員林,2023-02-08,6114
6153,嘉聯益,10,0,10,台中銀-員林,2023-02-08,6114
2105,正新,9,0,9,台中銀-員林,2023-02-08,6114
2883,凱基金,9,0,9,台中銀-員林,2023-02-08,6114
00885,富邦越南,8,0,8,台中銀-員林,2023-02-08,6114
2402,毅嘉,11,3,8,台中銀-員林,2023-02-08,6114
3441,聯一光,8,0,8,台中銀-員林,2023-02-08,6114
5425,台半,9,1,8,台中銀-員林,2023-02-08,6114
6472,保瑞,13,5,8,台中銀-員林,2023-02-08,6114
6531,愛普*,17,9,8,台中銀-員林,2023-02-08,6114
00882,中信中國高股息,7,0,7,台中銀-員林,2023-02-08,6114
1609,大亞,10,3,7,台中銀-員林,2023-02-08,6114
3290,東浦,7,0,7,台中銀-員林,2023-02-08,6114
4163,鐿鈦,7,0,7,台中銀-員林,2023-02-08,6114
4763,材料-KY,13,6,7,台中銀-員林,2023-02-08,6114
8171,天宇,8,2,6,台中銀-員林,2023-02-08,6114
1319,東陽,6,0,6,台中銀-員林,2023-02-08,6114
2618,長榮航,9,3,6,台中銀-員林,2023-02-08,6114
2882,國泰金,6,0,6,台中銀-員林,2023-02-08,6114
2884,玉山金,6,0,6,台中銀-員林,2023-02-08,6114
1210,大成,6,0,6,台中銀-員林,2023-02-08,6114
8097,常珵,5,0,5,台中銀-員林,2023-02-08,6114
00665L,富邦�琤肭磪囓�2,650,150,500,台中銀-員林,2023-02-09,6114
1513,中興電,49,4,45,台中銀-員林,2023-02-09,6114
2607,榮運,44,5,39,台中銀-員林,2023-02-09,6114
2014,中鴻,38,0,38,台中銀-員林,2023-02-09,6114
3481,群創,54,22,32,台中銀-員林,2023-02-09,6114
2027,大成鋼,25,0,25,台中銀-員林,2023-02-09,6114
6546,正基,28,3,25,台中銀-員林,2023-02-09,6114
2344,華邦電,54,34,20,台中銀-員林,2023-02-09,6114
6125,廣運,20,0,20,台中銀-員林,2023-02-09,6114
6282,康舒,63,44,19,台中銀-員林,2023-02-09,6114
6770,力積電,19,0,19,台中銀-員林,2023-02-09,6114
2731,雄獅,21,2,19,台中銀-員林,2023-02-09,6114
00878,國泰永續高股息,16,1,15,台中銀-員林,2023-02-09,6114
6235,華孚,81,69,12,台中銀-員林,2023-02-09,6114
00679B,元大美債20年,11,0,11,台中銀-員林,2023-02-09,6114
3209,全科,11,0,11,台中銀-員林,2023-02-09,6114
4931,新盛力,70,59,11,台中銀-員林,2023-02-09,6114
00851,台新全球AI,10,0,10,台中銀-員林,2023-02-09,6114
00762,元大全球AI,10,0,10,台中銀-員林,2023-02-09,6114
2201,裕隆,13,3,10,台中銀-員林,2023-02-09,6114
2881,富邦金,10,0,10,台中銀-員林,2023-02-09,6114
3044,健鼎,10,0,10,台中銀-員林,2023-02-09,6114
5202,力新,10,0,10,台中銀-員林,2023-02-09,6114
8105,凌巨,10,0,10,台中銀-員林,2023-02-09,6114
0050,元大台灣50,10,0,10,台中銀-員林,2023-02-09,6114
00712,復華富時不動產,9,0,9,台中銀-員林,2023-02-09,6114
00680L,元大美債20正2,9,0,9,台中銀-員林,2023-02-09,6114
3264,欣銓,9,0,9,台中銀-員林,2023-02-09,6114
1760,寶齡富錦,9,1,8,台中銀-員林,2023-02-09,6114
2206,三陽工業,8,0,8,台中銀-員林,2023-02-09,6114
1101,台泥,10,3,7,台中銀-員林,2023-02-09,6114
3704,合勤控,7,0,7,台中銀-員林,2023-02-09,6114
8104,錸寶,7,0,7,台中銀-員林,2023-02-09,6114
3035,智原,7,0,7,台中銀-員林,2023-02-09,6114
1342,八貫,13,7,6,台中銀-員林,2023-02-09,6114
00905,FT臺灣Smart,6,0,6,台中銀-員林,2023-02-09,6114
2313,華通,7,1,6,台中銀-員林,2023-02-09,6114
2388,威盛,33,27,6,台中銀-員林,2023-02-09,6114
2401,凌陽,6,0,6,台中銀-員林,2023-02-09,6114
2613,中櫃,6,0,6,台中銀-員林,2023-02-09,6114
00858,永豐美國500大,5,0,5,台中銀-員林,2023-02-09,6114
2059,川湖,5,0,5,台中銀-員林,2023-02-09,6114
2103,台橡,5,0,5,台中銀-員林,2023-02-09,6114
2497,怡利電,6,1,5,台中銀-員林,2023-02-09,6114
2610,華航,5,0,5,台中銀-員林,2023-02-09,6114
2736,富野,5,0,5,台中銀-員林,2023-02-09,6114
3071,協禧,5,0,5,台中銀-員林,2023-02-09,6114
3483,力致,5,0,5,台中銀-員林,2023-02-09,6114
3576,聯合再生,5,0,5,台中銀-員林,2023-02-09,6114
4747,強生,7,2,5,台中銀-員林,2023-02-09,6114
00665L,富邦�琤肭磪囓�2,1000,589,411,台中銀-員林,2023-02-10,6114
00878,國泰永續高股息,117,1,116,台中銀-員林,2023-02-10,6114
4931,新盛力,79,22,57,台中銀-員林,2023-02-10,6114
4979,華星光,67,14,53,台中銀-員林,2023-02-10,6114
2014,中鴻,42,0,42,台中銀-員林,2023-02-10,6114
1605,華新,42,8,34,台中銀-員林,2023-02-10,6114
4541,晟田,26,1,25,台中銀-員林,2023-02-10,6114
2498,宏達電,56,32,24,台中銀-員林,2023-02-10,6114
3622,洋華,22,0,22,台中銀-員林,2023-02-10,6114
2453,凌群,28,6,22,台中銀-員林,2023-02-10,6114
2605,新興,23,2,21,台中銀-員林,2023-02-10,6114
2889,國票金,31,11,20,台中銀-員林,2023-02-10,6114
4746,台耀,20,0,20,台中銀-員林,2023-02-10,6114
3013,晟銘電,19,0,19,台中銀-員林,2023-02-10,6114
2618,長榮航,17,0,17,台中銀-員林,2023-02-10,6114
0056,元大高股息,16,0,16,台中銀-員林,2023-02-10,6114
1342,八貫,49,33,16,台中銀-員林,2023-02-10,6114
2881,富邦金,15,0,15,台中銀-員林,2023-02-10,6114
3479,安勤,14,0,14,台中銀-員林,2023-02-10,6114
5009,榮剛,17,3,14,台中銀-員林,2023-02-10,6114
5425,台半,16,2,14,台中銀-員林,2023-02-10,6114
3624,光頡,21,8,13,台中銀-員林,2023-02-10,6114
6245,立端,13,0,13,台中銀-員林,2023-02-10,6114
6770,力積電,14,1,13,台中銀-員林,2023-02-10,6114
8478,東哥遊艇,13,0,13,台中銀-員林,2023-02-10,6114
2367,燿華,12,0,12,台中銀-員林,2023-02-10,6114
6712,長聖,12,0,12,台中銀-員林,2023-02-10,6114
00679B,元大美債20年,11,0,11,台中銀-員林,2023-02-10,6114
00632R,元大台灣50反1,11,0,11,台中銀-員林,2023-02-10,6114
2601,益航,11,0,11,台中銀-員林,2023-02-10,6114
4934,太極,11,0,11,台中銀-員林,2023-02-10,6114
6285,啟��,10,0,10,台中銀-員林,2023-02-10,6114
2472,立隆電,10,0,10,台中銀-員林,2023-02-10,6114
00753L,中信中國50正2,10,0,10,台中銀-員林,2023-02-10,6114
2034,允強,11,1,10,台中銀-員林,2023-02-10,6114
2105,正新,10,0,10,台中銀-員林,2023-02-10,6114
2359,所羅門,10,0,10,台中銀-員林,2023-02-10,6114
3141,晶宏,10,0,10,台中銀-員林,2023-02-10,6114
6177,達麗,10,0,10,台中銀-員林,2023-02-10,6114
1760,寶齡富錦,12,3,9,台中銀-員林,2023-02-10,6114
2495,普安,9,0,9,台中銀-員林,2023-02-10,6114
2634,漢翔,39,30,9,台中銀-員林,2023-02-10,6114
2609,陽明,11,3,8,台中銀-員林,2023-02-10,6114
2425,承啟,8,0,8,台中銀-員林,2023-02-10,6114
3441,聯一光,8,0,8,台中銀-員林,2023-02-10,6114
1810,和成,9,2,7,台中銀-員林,2023-02-10,6114
2030,彰源,7,0,7,台中銀-員林,2023-02-10,6114
1795,美時,28,22,6,台中銀-員林,2023-02-10,6114
2405,輔信,10,4,6,台中銀-員林,2023-02-10,6114
5258,虹堡,6,0,6,台中銀-員林,2023-02-10,6114
2834,臺企銀,700,135,565,台中銀-員林,2023-02-13,6114
6770,力積電,61,4,57,台中銀-員林,2023-02-13,6114
8234,新漢,72,22,50,台中銀-員林,2023-02-13,6114
8033,雷虎,50,14,36,台中銀-員林,2023-02-13,6114
6266,泰詠,36,1,35,台中銀-員林,2023-02-13,6114
2610,華航,32,1,31,台中銀-員林,2023-02-13,6114
00895,富邦未來車,30,0,30,台中銀-員林,2023-02-13,6114
1795,美時,38,12,26,台中銀-員林,2023-02-13,6114
00665L,富邦�琤肭磪囓�2,910,886,24,台中銀-員林,2023-02-13,6114
00679B,元大美債20年,21,0,21,台中銀-員林,2023-02-13,6114
00830,國泰費城半導體,20,0,20,台中銀-員林,2023-02-13,6114
2371,大同,20,0,20,台中銀-員林,2023-02-13,6114
3479,安勤,20,0,20,台中銀-員林,2023-02-13,6114
3037,欣興,18,2,16,台中銀-員林,2023-02-13,6114
1540,喬福,15,0,15,台中銀-員林,2023-02-13,6114
1618,合機,15,0,15,台中銀-員林,2023-02-13,6114
1720,生達,13,0,13,台中銀-員林,2023-02-13,6114
4114,健喬,24,11,13,台中銀-員林,2023-02-13,6114
1513,中興電,16,4,12,台中銀-員林,2023-02-13,6114
1319,東陽,11,0,11,台中銀-員林,2023-02-13,6114
8227,巨有科技,12,1,11,台中銀-員林,2023-02-13,6114
00680L,元大美債20正2,10,0,10,台中銀-員林,2023-02-13,6114
2611,志信,10,0,10,台中銀-員林,2023-02-13,6114
2888,新光金,10,0,10,台中銀-員林,2023-02-13,6114
3622,洋華,10,0,10,台中銀-員林,2023-02-13,6114
8046,南電,12,3,9,台中銀-員林,2023-02-13,6114
3661,世芯-KY,11,2,9,台中銀-員林,2023-02-13,6114
2105,正新,10,1,9,台中銀-員林,2023-02-13,6114
2498,宏達電,15,6,9,台中銀-員林,2023-02-13,6114
5608,四維航,12,3,9,台中銀-員林,2023-02-13,6114
2634,漢翔,29,21,8,台中銀-員林,2023-02-13,6114
3138,耀登,10,2,8,台中銀-員林,2023-02-13,6114
2603,長榮,13,5,8,台中銀-員林,2023-02-13,6114
0056,元大高股息,21,14,7,台中銀-員林,2023-02-13,6114
3189,景碩,7,0,7,台中銀-員林,2023-02-13,6114
4931,新盛力,52,45,7,台中銀-員林,2023-02-13,6114
2115,六暉-KY,6,0,6,台中銀-員林,2023-02-13,6114
2633,台灣高鐵,6,0,6,台中銀-員林,2023-02-13,6114
3027,盛達,9,3,6,台中銀-員林,2023-02-13,6114
3617,碩天,8,2,6,台中銀-員林,2023-02-13,6114
6441,廣錠,6,0,6,台中銀-員林,2023-02-13,6114
6235,華孚,8,3,5,台中銀-員林,2023-02-13,6114
00882,中信中國高股息,5,0,5,台中銀-員林,2023-02-13,6114
1736,喬山,5,0,5,台中銀-員林,2023-02-13,6114
1810,和成,5,0,5,台中銀-員林,2023-02-13,6114
2355,敬鵬,5,0,5,台中銀-員林,2023-02-13,6114
2368,金像電,7,2,5,台中銀-員林,2023-02-13,6114
3013,晟銘電,6,1,5,台中銀-員林,2023-02-13,6114
3094,聯傑,5,0,5,台中銀-員林,2023-02-13,6114
3705,永信,5,0,5,台中銀-員林,2023-02-13,6114
3704,合勤控,111,1,110,台中銀-員林,2023-02-14,6114
2834,臺企銀,110,2,108,台中銀-員林,2023-02-14,6114
00720B,元大投資級公司債,64,0,64,台中銀-員林,2023-02-14,6114
00895,富邦未來車,60,0,60,台中銀-員林,2023-02-14,6114
2618,長榮航,44,4,40,台中銀-員林,2023-02-14,6114
00632R,元大台灣50反1,33,1,32,台中銀-員林,2023-02-14,6114
6589,台康生技,30,0,30,台中銀-員林,2023-02-14,6114
1605,華新,61,31,30,台中銀-員林,2023-02-14,6114
9945,潤泰新,26,1,25,台中銀-員林,2023-02-14,6114
2027,大成鋼,21,0,21,台中銀-員林,2023-02-14,6114
6290,良維,28,7,21,台中銀-員林,2023-02-14,6114
1513,中興電,21,3,18,台中銀-員林,2023-02-14,6114
2609,陽明,31,13,18,台中銀-員林,2023-02-14,6114
3661,世芯-KY,19,2,17,台中銀-員林,2023-02-14,6114
1540,喬福,15,0,15,台中銀-員林,2023-02-14,6114
00891,中信關鍵半導體,15,0,15,台中銀-員林,2023-02-14,6114
5425,台半,14,0,14,台中銀-員林,2023-02-14,6114
8478,東哥遊艇,15,1,14,台中銀-員林,2023-02-14,6114
2425,承啟,40,27,13,台中銀-員林,2023-02-14,6114
6142,友勁,13,0,13,台中銀-員林,2023-02-14,6114
00885,富邦越南,11,0,11,台中銀-員林,2023-02-14,6114
5351,鈺創,11,0,11,台中銀-員林,2023-02-14,6114
00679B,元大美債20年,10,0,10,台中銀-員林,2023-02-14,6114
1319,東陽,10,0,10,台中銀-員林,2023-02-14,6114
2492,華新科,10,0,10,台中銀-員林,2023-02-14,6114
8171,天宇,10,0,10,台中銀-員林,2023-02-14,6114
2453,凌群,25,16,9,台中銀-員林,2023-02-14,6114
2495,普安,8,0,8,台中銀-員林,2023-02-14,6114
4961,天鈺,11,3,8,台中銀-員林,2023-02-14,6114
8048,德勝,8,0,8,台中銀-員林,2023-02-14,6114
2009,第一銅,8,1,7,台中銀-員林,2023-02-14,6114
6796,晉弘,12,5,7,台中銀-員林,2023-02-14,6114
6104,創惟,13,6,7,台中銀-員林,2023-02-14,6114
2330,台積電,11,4,7,台中銀-員林,2023-02-14,6114
1709,和益,6,0,6,台中銀-員林,2023-02-14,6114
3141,晶宏,11,5,6,台中銀-員林,2023-02-14,6114
3479,安勤,11,5,6,台中銀-員林,2023-02-14,6114
3705,永信,6,0,6,台中銀-員林,2023-02-14,6114
4979,華星光,9,3,6,台中銀-員林,2023-02-14,6114
6235,華孚,11,5,6,台中銀-員林,2023-02-14,6114
8069,元太,9,3,6,台中銀-員林,2023-02-14,6114
2344,華邦電,6,0,6,台中銀-員林,2023-02-14,6114
8046,南電,5,0,5,台中銀-員林,2023-02-14,6114
1532,勤美,5,0,5,台中銀-員林,2023-02-14,6114
00673R,期元大S＆P原油反1,5,0,5,台中銀-員林,2023-02-14,6114
00637L,元大滬深300正2,5,0,5,台中銀-員林,2023-02-14,6114
4503,金雨,10,5,5,台中銀-員林,2023-02-14,6114
6282,康舒,5,0,5,台中銀-員林,2023-02-14,6114
8016,矽創,5,0,5,台中銀-員林,2023-02-14,6114
8210,勤誠,6,1,5,台中銀-員林,2023-02-14,6114
00885,富邦越南,204,0,204,台中銀-員林,2023-02-15,6114
00878,國泰永續高股息,191,13,178,台中銀-員林,2023-02-15,6114
2027,大成鋼,56,0,56,台中銀-員林,2023-02-15,6114
00673R,期元大S＆P原油反1,40,0,40,台中銀-員林,2023-02-15,6114
2834,臺企銀,35,0,35,台中銀-員林,2023-02-15,6114
1519,華城,30,0,30,台中銀-員林,2023-02-15,6114
1513,中興電,58,28,30,台中銀-員林,2023-02-15,6114
00751B,元大AAA至A公司債,28,0,28,台中銀-員林,2023-02-15,6114
00900,富邦特選高股息30,28,4,24,台中銀-員林,2023-02-15,6114
2880,華南金,22,0,22,台中銀-員林,2023-02-15,6114
6605,帝寶,23,2,21,台中銀-員林,2023-02-15,6114
2440,太空梭,20,0,20,台中銀-員林,2023-02-15,6114
6016,康和證,20,0,20,台中銀-員林,2023-02-15,6114
2471,資通,34,15,19,台中銀-員林,2023-02-15,6114
2498,宏達電,47,30,17,台中銀-員林,2023-02-15,6114
6770,力積電,17,0,17,台中銀-員林,2023-02-15,6114
2748,雲品,18,2,16,台中銀-員林,2023-02-15,6114
00753L,中信中國50正2,15,0,15,台中銀-員林,2023-02-15,6114
2618,長榮航,19,4,15,台中銀-員林,2023-02-15,6114
4931,新盛力,16,1,15,台中銀-員林,2023-02-15,6114
2330,台積電,16,2,14,台中銀-員林,2023-02-15,6114
00665L,富邦�琤肭磪囓�2,914,900,14,台中銀-員林,2023-02-15,6114
5347,世界,16,3,13,台中銀-員林,2023-02-15,6114
6104,創惟,13,1,12,台中銀-員林,2023-02-15,6114
2484,希華,14,2,12,台中銀-員林,2023-02-15,6114
8171,天宇,21,9,12,台中銀-員林,2023-02-15,6114
2889,國票金,13,1,12,台中銀-員林,2023-02-15,6114
2882,國泰金,11,0,11,台中銀-員林,2023-02-15,6114
1558,伸興,11,0,11,台中銀-員林,2023-02-15,6114
2425,承啟,11,0,11,台中銀-員林,2023-02-15,6114
1218,泰山,10,0,10,台中銀-員林,2023-02-15,6114
1540,喬福,10,0,10,台中銀-員林,2023-02-15,6114
1605,華新,39,29,10,台中銀-員林,2023-02-15,6114
2472,立隆電,13,3,10,台中銀-員林,2023-02-15,6114
3362,先進光,10,0,10,台中銀-員林,2023-02-15,6114
6153,嘉聯益,10,0,10,台中銀-員林,2023-02-15,6114
8105,凌巨,10,0,10,台中銀-員林,2023-02-15,6114
2892,第一金,10,1,9,台中銀-員林,2023-02-15,6114
1432,大魯閣,9,0,9,台中銀-員林,2023-02-15,6114
2754,亞洲藏壽司,12,3,9,台中銀-員林,2023-02-15,6114
9103,美德醫療-DR,9,0,9,台中銀-員林,2023-02-15,6114
6188,廣明,8,0,8,台中銀-員林,2023-02-15,6114
1529,樂事綠能,8,1,7,台中銀-員林,2023-02-15,6114
2883B,凱基金乙特,7,0,7,台中銀-員林,2023-02-15,6114
2883,凱基金,7,1,6,台中銀-員林,2023-02-15,6114
6235,華孚,26,20,6,台中銀-員林,2023-02-15,6114
00664R,國泰臺灣加權反1,6,0,6,台中銀-員林,2023-02-15,6114
3078,僑威,10,4,6,台中銀-員林,2023-02-15,6114
00713,元大台灣高息低波,5,0,5,台中銀-員林,2023-02-15,6114
0056,元大高股息,6,1,5,台中銀-員林,2023-02-15,6114
00878,國泰永續高股息,120,0,120,台中銀-員林,2023-02-16,6114
6282,康舒,112,2,110,台中銀-員林,2023-02-16,6114
3704,合勤控,104,6,98,台中銀-員林,2023-02-16,6114
2425,承啟,107,19,88,台中銀-員林,2023-02-16,6114
2834,臺企銀,103,16,87,台中銀-員林,2023-02-16,6114
1503,士電,69,4,65,台中銀-員林,2023-02-16,6114
6116,彩晶,54,5,49,台中銀-員林,2023-02-16,6114
00900,富邦特選高股息30,39,0,39,台中銀-員林,2023-02-16,6114
5905,南仁湖,35,1,34,台中銀-員林,2023-02-16,6114
2031,新光鋼,30,0,30,台中銀-員林,2023-02-16,6114
2607,榮運,30,0,30,台中銀-員林,2023-02-16,6114
2457,飛宏,32,3,29,台中銀-員林,2023-02-16,6114
00679B,元大美債20年,22,0,22,台中銀-員林,2023-02-16,6114
1609,大亞,25,3,22,台中銀-員林,2023-02-16,6114
5706,鳳凰,26,5,21,台中銀-員林,2023-02-16,6114
5202,力新,16,0,16,台中銀-員林,2023-02-16,6114
2736,富野,22,7,15,台中銀-員林,2023-02-16,6114
2415,錩新,15,0,15,台中銀-員林,2023-02-16,6114
2504,國產,15,0,15,台中銀-員林,2023-02-16,6114
6104,創惟,18,3,15,台中銀-員林,2023-02-16,6114
00772B,中信高評級公司債,13,0,13,台中銀-員林,2023-02-16,6114
6477,安集,16,3,13,台中銀-員林,2023-02-16,6114
3437,榮創,12,0,12,台中銀-員林,2023-02-16,6114
2367,燿華,11,0,11,台中銀-員林,2023-02-16,6114
00695B,富邦美債7-10,10,0,10,台中銀-員林,2023-02-16,6114
2106,建大,12,2,10,台中銀-員林,2023-02-16,6114
2465,麗臺,10,0,10,台中銀-員林,2023-02-16,6114
2601,益航,10,0,10,台中銀-員林,2023-02-16,6114
2492,華新科,17,8,9,台中銀-員林,2023-02-16,6114
00715L,期街口布蘭特正2,15,7,8,台中銀-員林,2023-02-16,6114
2337,旺宏,8,0,8,台中銀-員林,2023-02-16,6114
2351,順德,11,3,8,台中銀-員林,2023-02-16,6114
5351,鈺創,13,5,8,台中銀-員林,2023-02-16,6114
5608,四維航,10,2,8,台中銀-員林,2023-02-16,6114
00720B,元大投資級公司債,7,0,7,台中銀-員林,2023-02-16,6114
1218,泰山,7,0,7,台中銀-員林,2023-02-16,6114
00799B,國泰A級醫療債,7,0,7,台中銀-員林,2023-02-16,6114
00891,中信關鍵半導體,7,0,7,台中銀-員林,2023-02-16,6114
2022,聚亨,7,0,7,台中銀-員林,2023-02-16,6114
1611,中電,10,4,6,台中銀-員林,2023-02-16,6114
2609,陽明,7,1,6,台中銀-員林,2023-02-16,6114
6443,元晶,14,8,6,台中銀-員林,2023-02-16,6114
8234,新漢,6,0,6,台中銀-員林,2023-02-16,6114
4967,十銓,8,3,5,台中銀-員林,2023-02-16,6114
2027,大成鋼,5,0,5,台中銀-員林,2023-02-16,6114
2881,富邦金,5,0,5,台中銀-員林,2023-02-16,6114
1540,喬福,5,0,5,台中銀-員林,2023-02-16,6114
1701,中化,5,0,5,台中銀-員林,2023-02-16,6114
1717,長興,5,0,5,台中銀-員林,2023-02-16,6114
2313,華通,9,4,5,台中銀-員林,2023-02-16,6114
00665L,富邦�琤肭磪囓�2,880,0,880,台中銀-員林,2023-02-17,6114
2610,華航,78,41,37,台中銀-員林,2023-02-17,6114
2867,三商壽,35,0,35,台中銀-員林,2023-02-17,6114
00830,國泰費城半導體,30,0,30,台中銀-員林,2023-02-17,6114
00679B,元大美債20年,25,0,25,台中銀-員林,2023-02-17,6114
00753L,中信中國50正2,25,0,25,台中銀-員林,2023-02-17,6114
1519,華城,25,0,25,台中銀-員林,2023-02-17,6114
6187,萬潤,29,5,24,台中銀-員林,2023-02-17,6114
2618,長榮航,79,57,22,台中銀-員林,2023-02-17,6114
2884,玉山金,20,0,20,台中銀-員林,2023-02-17,6114
2731,雄獅,23,5,18,台中銀-員林,2023-02-17,6114
3022,威強電,26,8,18,台中銀-員林,2023-02-17,6114
3545,敦泰,22,4,18,台中銀-員林,2023-02-17,6114
4979,華星光,22,5,17,台中銀-員林,2023-02-17,6114
2201,裕隆,17,1,16,台中銀-員林,2023-02-17,6114
9103,美德醫療-DR,16,0,16,台中銀-員林,2023-02-17,6114
2812,台中銀,15,0,15,台中銀-員林,2023-02-17,6114
3027,盛達,15,2,13,台中銀-員林,2023-02-17,6114
8069,元太,15,2,13,台中銀-員林,2023-02-17,6114
9910,豐泰,13,0,13,台中銀-員林,2023-02-17,6114
2609,陽明,20,8,12,台中銀-員林,2023-02-17,6114
3078,僑威,23,11,12,台中銀-員林,2023-02-17,6114
00632R,元大台灣50反1,11,0,11,台中銀-員林,2023-02-17,6114
3062,建漢,16,5,11,台中銀-員林,2023-02-17,6114
6285,啟��,11,0,11,台中銀-員林,2023-02-17,6114
8227,巨有科技,16,5,11,台中銀-員林,2023-02-17,6114
0056,元大高股息,12,1,11,台中銀-員林,2023-02-17,6114
00680L,元大美債20正2,10,0,10,台中銀-員林,2023-02-17,6114
00637L,元大滬深300正2,10,0,10,台中銀-員林,2023-02-17,6114
2453,凌群,10,0,10,台中銀-員林,2023-02-17,6114
3711,日月光投控,10,0,10,台中銀-員林,2023-02-17,6114
5011,久陽,10,0,10,台中銀-員林,2023-02-17,6114
3162,精確,10,0,10,台中銀-員林,2023-02-17,6114
2484,希華,13,4,9,台中銀-員林,2023-02-17,6114
6770,力積電,10,1,9,台中銀-員林,2023-02-17,6114
2601,益航,7,0,7,台中銀-員林,2023-02-17,6114
3105,穩懋,9,2,7,台中銀-員林,2023-02-17,6114
006208,富邦台50,6,0,6,台中銀-員林,2023-02-17,6114
00900,富邦特選高股息30,6,0,6,台中銀-員林,2023-02-17,6114
1219,福壽,6,0,6,台中銀-員林,2023-02-17,6114
2705,六福,12,6,6,台中銀-員林,2023-02-17,6114
2330,台積電,8,2,6,台中銀-員林,2023-02-17,6114
2471,資通,10,5,5,台中銀-員林,2023-02-17,6114
6550,北極星藥業-KY,5,0,5,台中銀-員林,2023-02-17,6114
00673R,期元大S＆P原油反1,5,0,5,台中銀-員林,2023-02-17,6114
1326,台化,5,0,5,台中銀-員林,2023-02-17,6114
1536,和大,5,0,5,台中銀-員林,2023-02-17,6114
1584,精剛,5,0,5,台中銀-員林,2023-02-17,6114
2369,菱生,5,0,5,台中銀-員林,2023-02-17,6114
2616,山隆,5,0,5,台中銀-員林,2023-02-17,6114
00878,國泰永續高股息,781,10,771,台中銀-員林,2023-02-20,6114
00665L,富邦�琤肭磪囓�2,1054,998,56,台中銀-員林,2023-02-20,6114
2610,華航,91,38,53,台中銀-員林,2023-02-20,6114
2328,廣宇,66,23,43,台中銀-員林,2023-02-20,6114
00670L,富邦NASDAQ正2,40,0,40,台中銀-員林,2023-02-20,6114
6016,康和證,40,0,40,台中銀-員林,2023-02-20,6114
3224,三顧,34,0,34,台中銀-員林,2023-02-20,6114
9935,慶豐富,32,0,32,台中銀-員林,2023-02-20,6114
2031,新光鋼,31,0,31,台中銀-員林,2023-02-20,6114
2457,飛宏,40,10,30,台中銀-員林,2023-02-20,6114
2323,中環,30,0,30,台中銀-員林,2023-02-20,6114
2425,承啟,41,13,28,台中銀-員林,2023-02-20,6114
1503,士電,77,50,27,台中銀-員林,2023-02-20,6114
00679B,元大美債20年,26,0,26,台中銀-員林,2023-02-20,6114
3037,欣興,28,4,24,台中銀-員林,2023-02-20,6114
2884,玉山金,25,1,24,台中銀-員林,2023-02-20,6114
3027,盛達,26,3,23,台中銀-員林,2023-02-20,6114
4526,東台,21,0,21,台中銀-員林,2023-02-20,6114
4979,華星光,36,17,19,台中銀-員林,2023-02-20,6114
6741,91APP*-KY,21,2,19,台中銀-員林,2023-02-20,6114
3022,威強電,24,8,16,台中銀-員林,2023-02-20,6114
2305,全友,15,0,15,台中銀-員林,2023-02-20,6114
00637L,元大滬深300正2,14,0,14,台中銀-員林,2023-02-20,6114
1513,中興電,25,12,13,台中銀-員林,2023-02-20,6114
00772B,中信高評級公司債,13,0,13,台中銀-員林,2023-02-20,6114
0056,元大高股息,14,2,12,台中銀-員林,2023-02-20,6114
6104,創惟,18,6,12,台中銀-員林,2023-02-20,6114
6531,愛普*,22,11,11,台中銀-員林,2023-02-20,6114
2867,三商壽,11,0,11,台中銀-員林,2023-02-20,6114
3617,碩天,11,0,11,台中銀-員林,2023-02-20,6114
00673R,期元大S＆P原油反1,10,0,10,台中銀-員林,2023-02-20,6114
00753L,中信中國50正2,15,5,10,台中銀-員林,2023-02-20,6114
00888,永豐台灣ESG,10,0,10,台中銀-員林,2023-02-20,6114
1340,勝悅-KY,10,0,10,台中銀-員林,2023-02-20,6114
1734,杏輝,10,0,10,台中銀-員林,2023-02-20,6114
3665,貿聯-KY,10,0,10,台中銀-員林,2023-02-20,6114
3714,富采,10,0,10,台中銀-員林,2023-02-20,6114
4538,大詠城,10,0,10,台中銀-員林,2023-02-20,6114
2359,所羅門,9,0,9,台中銀-員林,2023-02-20,6114
2450,神腦,10,1,9,台中銀-員林,2023-02-20,6114
4743,合一,21,12,9,台中銀-員林,2023-02-20,6114
4934,太極,11,2,9,台中銀-員林,2023-02-20,6114
4157,太景*-KY,9,1,8,台中銀-員林,2023-02-20,6114
2889,國票金,20,13,7,台中銀-員林,2023-02-20,6114
2367,燿華,9,2,7,台中銀-員林,2023-02-20,6114
3049,精金,7,0,7,台中銀-員林,2023-02-20,6114
4961,天鈺,17,11,6,台中銀-員林,2023-02-20,6114
1319,東陽,6,0,6,台中銀-員林,2023-02-20,6114
00902,中信電池及儲能,6,0,6,台中銀-員林,2023-02-20,6114
3051,力特,6,0,6,台中銀-員林,2023-02-20,6114
00878,國泰永續高股息,124,1,123,台中銀-員林,2023-02-21,6114
3027,盛達,86,18,68,台中銀-員林,2023-02-21,6114
2618,長榮航,63,4,59,台中銀-員林,2023-02-21,6114
2884,玉山金,164,109,55,台中銀-員林,2023-02-21,6114
6288,聯嘉,60,12,48,台中銀-員林,2023-02-21,6114
2610,華航,123,78,45,台中銀-員林,2023-02-21,6114
3594,磐儀,44,3,41,台中銀-員林,2023-02-21,6114
1519,華城,52,11,41,台中銀-員林,2023-02-21,6114
6285,啟��,30,0,30,台中銀-員林,2023-02-21,6114
3481,群創,263,237,26,台中銀-員林,2023-02-21,6114
5452,佶優,26,0,26,台中銀-員林,2023-02-21,6114
2883,凱基金,25,0,25,台中銀-員林,2023-02-21,6114
00715L,期街口布蘭特正2,25,0,25,台中銀-員林,2023-02-21,6114
1319,東陽,20,0,20,台中銀-員林,2023-02-21,6114
00632R,元大台灣50反1,20,0,20,台中銀-員林,2023-02-21,6114
6142,友勁,20,0,20,台中銀-員林,2023-02-21,6114
3078,僑威,32,13,19,台中銀-員林,2023-02-21,6114
1609,大亞,22,5,17,台中銀-員林,2023-02-21,6114
2409,友達,17,1,16,台中銀-員林,2023-02-21,6114
2027,大成鋼,16,0,16,台中銀-員林,2023-02-21,6114
2314,台揚,17,1,16,台中銀-員林,2023-02-21,6114
8227,巨有科技,21,5,16,台中銀-員林,2023-02-21,6114
2882,國泰金,16,0,16,台中銀-員林,2023-02-21,6114
00753L,中信中國50正2,15,0,15,台中銀-員林,2023-02-21,6114
2834,臺企銀,15,0,15,台中銀-員林,2023-02-21,6114
8105,凌巨,14,0,14,台中銀-員林,2023-02-21,6114
1503,士電,12,0,12,台中銀-員林,2023-02-21,6114
2354,鴻準,12,0,12,台中銀-員林,2023-02-21,6114
2484,希華,12,0,12,台中銀-員林,2023-02-21,6114
1709,和益,11,0,11,台中銀-員林,2023-02-21,6114
2352,佳世達,11,0,11,台中銀-員林,2023-02-21,6114
2498,宏達電,26,15,11,台中銀-員林,2023-02-21,6114
2812,台中銀,15,4,11,台中銀-員林,2023-02-21,6114
2867,三商壽,11,0,11,台中銀-員林,2023-02-21,6114
8936,國統,28,17,11,台中銀-員林,2023-02-21,6114
00725B,國泰投資級公司債,10,0,10,台中銀-員林,2023-02-21,6114
1528,恩德,10,0,10,台中銀-員林,2023-02-21,6114
2359,所羅門,10,0,10,台中銀-員林,2023-02-21,6114
2425,承啟,33,23,10,台中銀-員林,2023-02-21,6114
2440,太空梭,10,0,10,台中銀-員林,2023-02-21,6114
3714,富采,10,0,10,台中銀-員林,2023-02-21,6114
5258,虹堡,27,17,10,台中銀-員林,2023-02-21,6114
9802,鈺齊-KY,10,0,10,台中銀-員林,2023-02-21,6114
3704,合勤控,20,10,10,台中銀-員林,2023-02-21,6114
2486,一詮,10,1,9,台中銀-員林,2023-02-21,6114
4931,新盛力,29,20,9,台中銀-員林,2023-02-21,6114
1795,美時,13,4,9,台中銀-員林,2023-02-21,6114
00679B,元大美債20年,9,0,9,台中銀-員林,2023-02-21,6114
2367,燿華,8,0,8,台中銀-員林,2023-02-21,6114
3037,欣興,8,0,8,台中銀-員林,2023-02-21,6114
00665L,富邦�琤肭磪囓�2,1114,150,964,台中銀-員林,2023-02-22,6114
2884,玉山金,62,0,62,台中銀-員林,2023-02-22,6114
6770,力積電,46,2,44,台中銀-員林,2023-02-22,6114
2618,長榮航,48,5,43,台中銀-員林,2023-02-22,6114
2609,陽明,39,8,31,台中銀-員林,2023-02-22,6114
2409,友達,40,14,26,台中銀-員林,2023-02-22,6114
00715L,期街口布蘭特正2,21,0,21,台中銀-員林,2023-02-22,6114
2888,新光金,21,0,21,台中銀-員林,2023-02-22,6114
1762,中化生,20,0,20,台中銀-員林,2023-02-22,6114
5905,南仁湖,20,0,20,台中銀-員林,2023-02-22,6114
8033,雷虎,53,33,20,台中銀-員林,2023-02-22,6114
3481,群創,269,249,20,台中銀-員林,2023-02-22,6114
3094,聯傑,22,3,19,台中銀-員林,2023-02-22,6114
4979,華星光,18,0,18,台中銀-員林,2023-02-22,6114
5512,力麒,17,0,17,台中銀-員林,2023-02-22,6114
00687B,國泰20年美債,17,0,17,台中銀-員林,2023-02-22,6114
8249,菱光,17,0,17,台中銀-員林,2023-02-22,6114
00885,富邦越南,18,2,16,台中銀-員林,2023-02-22,6114
00753L,中信中國50正2,16,1,15,台中銀-員林,2023-02-22,6114
2882,國泰金,15,1,14,台中銀-員林,2023-02-22,6114
1342,八貫,37,23,14,台中銀-員林,2023-02-22,6114
1810,和成,28,15,13,台中銀-員林,2023-02-22,6114
3661,世芯-KY,14,2,12,台中銀-員林,2023-02-22,6114
2705,六福,11,0,11,台中銀-員林,2023-02-22,6114
3093,港建*,11,0,11,台中銀-員林,2023-02-22,6114
4906,正文,11,0,11,台中銀-員林,2023-02-22,6114
00888,永豐台灣ESG,10,0,10,台中銀-員林,2023-02-22,6114
1319,東陽,10,0,10,台中銀-員林,2023-02-22,6114
00882,中信中國高股息,10,0,10,台中銀-員林,2023-02-22,6114
00780B,國泰A級金融債,10,0,10,台中銀-員林,2023-02-22,6114
6285,啟��,10,0,10,台中銀-員林,2023-02-22,6114
8114,振樺電,10,0,10,台中銀-員林,2023-02-22,6114
9103,美德醫療-DR,10,0,10,台中銀-員林,2023-02-22,6114
3035,智原,16,6,10,台中銀-員林,2023-02-22,6114
6283,淳安,21,12,9,台中銀-員林,2023-02-22,6114
2425,承啟,27,19,8,台中銀-員林,2023-02-22,6114
8358,金居,9,1,8,台中銀-員林,2023-02-22,6114
4931,新盛力,12,4,8,台中銀-員林,2023-02-22,6114
2201,裕隆,9,2,7,台中銀-員林,2023-02-22,6114
1605,華新,14,7,7,台中銀-員林,2023-02-22,6114
2498,宏達電,11,4,7,台中銀-員林,2023-02-22,6114
3037,欣興,10,3,7,台中銀-員林,2023-02-22,6114
6441,廣錠,7,0,7,台中銀-員林,2023-02-22,6114
2330,台積電,6,0,6,台中銀-員林,2023-02-22,6114
0056,元大高股息,12,6,6,台中銀-員林,2023-02-22,6114
3034,聯詠,6,0,6,台中銀-員林,2023-02-22,6114
00679B,元大美債20年,6,0,6,台中銀-員林,2023-02-22,6114
00900,富邦特選高股息30,6,0,6,台中銀-員林,2023-02-22,6114
1609,大亞,8,2,6,台中銀-員林,2023-02-22,6114
3071,協禧,6,0,6,台中銀-員林,2023-02-22,6114
00882,中信中國高股息,942,0,942,台中銀-員林,2023-02-23,6114
00715L,期街口布蘭特正2,137,5,132,台中銀-員林,2023-02-23,6114
2834,臺企銀,102,19,83,台中銀-員林,2023-02-23,6114
5009,榮剛,91,10,81,台中銀-員林,2023-02-23,6114
1513,中興電,82,21,61,台中銀-員林,2023-02-23,6114
5512,力麒,166,111,55,台中銀-員林,2023-02-23,6114
2637,慧洋-KY,54,2,52,台中銀-員林,2023-02-23,6114
2609,陽明,64,14,50,台中銀-員林,2023-02-23,6114
00895,富邦未來車,50,0,50,台中銀-員林,2023-02-23,6114
3058,立德,40,1,39,台中銀-員林,2023-02-23,6114
4743,合一,45,10,35,台中銀-員林,2023-02-23,6114
00642U,期元大S＆P石油,28,0,28,台中銀-員林,2023-02-23,6114
2303,聯電,42,16,26,台中銀-員林,2023-02-23,6114
2610,華航,26,2,24,台中銀-員林,2023-02-23,6114
3481,群創,296,273,23,台中銀-員林,2023-02-23,6114
2888,新光金,21,0,21,台中銀-員林,2023-02-23,6114
8289,泰藝,25,4,21,台中銀-員林,2023-02-23,6114
00885,富邦越南,25,5,20,台中銀-員林,2023-02-23,6114
1810,和成,22,2,20,台中銀-員林,2023-02-23,6114
4729,熒茂,20,0,20,台中銀-員林,2023-02-23,6114
3594,磐儀,19,0,19,台中銀-員林,2023-02-23,6114
6235,華孚,28,10,18,台中銀-員林,2023-02-23,6114
5439,高技,16,0,16,台中銀-員林,2023-02-23,6114
2801,彰銀,15,0,15,台中銀-員林,2023-02-23,6114
2889,國票金,14,0,14,台中銀-員林,2023-02-23,6114
6104,創惟,13,0,13,台中銀-員林,2023-02-23,6114
2465,麗臺,13,1,12,台中銀-員林,2023-02-23,6114
2471,資通,15,3,12,台中銀-員林,2023-02-23,6114
2498,宏達電,23,11,12,台中銀-員林,2023-02-23,6114
00894,中信小資高價30,12,0,12,台中銀-員林,2023-02-23,6114
1503,士電,25,14,11,台中銀-員林,2023-02-23,6114
2634,漢翔,11,0,11,台中銀-員林,2023-02-23,6114
3027,盛達,14,3,11,台中銀-員林,2023-02-23,6114
6282,康舒,12,1,11,台中銀-員林,2023-02-23,6114
3035,智原,24,13,11,台中銀-員林,2023-02-23,6114
1434,福懋,10,0,10,台中銀-員林,2023-02-23,6114
2371,大同,10,0,10,台中銀-員林,2023-02-23,6114
2440,太空梭,10,0,10,台中銀-員林,2023-02-23,6114
2485,兆赫,10,0,10,台中銀-員林,2023-02-23,6114
2640,大車隊,10,0,10,台中銀-員林,2023-02-23,6114
3596,智易,10,0,10,台中銀-員林,2023-02-23,6114
4726,永昕,10,0,10,台中銀-員林,2023-02-23,6114
6126,信音,10,0,10,台中銀-員林,2023-02-23,6114
6148,驊宏資,10,0,10,台中銀-員林,2023-02-23,6114
8171,天宇,10,0,10,台中銀-員林,2023-02-23,6114
9955,佳龍,10,0,10,台中銀-員林,2023-02-23,6114
6570,維田,11,1,10,台中銀-員林,2023-02-23,6114
3088,艾訊,16,6,10,台中銀-員林,2023-02-23,6114
00632R,元大台灣50反1,9,0,9,台中銀-員林,2023-02-23,6114
4968,立積,12,3,9,台中銀-員林,2023-02-23,6114
5512,力麒,471,156,315,台中銀-員林,2023-02-24,6114
2317,鴻海,224,0,224,台中銀-員林,2023-02-24,6114
2312,金寶,201,0,201,台中銀-員林,2023-02-24,6114
2834,臺企銀,111,1,110,台中銀-員林,2023-02-24,6114
00633L,富邦上証正2,70,0,70,台中銀-員林,2023-02-24,6114
2618,長榮航,55,0,55,台中銀-員林,2023-02-24,6114
2425,承啟,68,18,50,台中銀-員林,2023-02-24,6114
4967,十銓,50,0,50,台中銀-員林,2023-02-24,6114
2882,國泰金,38,0,38,台中銀-員林,2023-02-24,6114
00878,國泰永續高股息,39,1,38,台中銀-員林,2023-02-24,6114
4433,興采,40,5,35,台中銀-員林,2023-02-24,6114
6026,福邦證,32,0,32,台中銀-員林,2023-02-24,6114
00773B,中信優先金融債,30,0,30,台中銀-員林,2023-02-24,6114
6016,康和證,30,0,30,台中銀-員林,2023-02-24,6114
2734,易飛網,23,0,23,台中銀-員林,2023-02-24,6114
00637L,元大滬深300正2,22,0,22,台中銀-員林,2023-02-24,6114
2303,聯電,33,12,21,台中銀-員林,2023-02-24,6114
2641,正德,37,17,20,台中銀-員林,2023-02-24,6114
6535,順藥,20,0,20,台中銀-員林,2023-02-24,6114
2014,中鴻,16,0,16,台中銀-員林,2023-02-24,6114
2409,友達,26,10,16,台中銀-員林,2023-02-24,6114
4743,合一,21,7,14,台中銀-員林,2023-02-24,6114
1560,中砂,13,0,13,台中銀-員林,2023-02-24,6114
2484,希華,18,5,13,台中銀-員林,2023-02-24,6114
9902,台火,13,0,13,台中銀-員林,2023-02-24,6114
5315,光聯,12,0,12,台中銀-員林,2023-02-24,6114
6770,力積電,32,20,12,台中銀-員林,2023-02-24,6114
2022,聚亨,11,0,11,台中銀-員林,2023-02-24,6114
2305,全友,11,0,11,台中銀-員林,2023-02-24,6114
00712,復華富時不動產,10,0,10,台中銀-員林,2023-02-24,6114
1528,恩德,10,0,10,台中銀-員林,2023-02-24,6114
1558,伸興,10,0,10,台中銀-員林,2023-02-24,6114
2007,燁興,10,0,10,台中銀-員林,2023-02-24,6114
2105,正新,10,0,10,台中銀-員林,2023-02-24,6114
3374,精材,10,0,10,台中銀-員林,2023-02-24,6114
3419,譁裕,10,0,10,台中銀-員林,2023-02-24,6114
2883,凱基金,11,1,10,台中銀-員林,2023-02-24,6114
2002,中鋼,9,0,9,台中銀-員林,2023-02-24,6114
6612,奈米醫材,14,5,9,台中銀-員林,2023-02-24,6114
3661,世芯-KY,12,3,9,台中銀-員林,2023-02-24,6114
6282,康舒,10,2,8,台中銀-員林,2023-02-24,6114
8069,元太,20,12,8,台中銀-員林,2023-02-24,6114
2399,映泰,13,6,7,台中銀-員林,2023-02-24,6114
4989,榮科,7,0,7,台中銀-員林,2023-02-24,6114
6531,愛普*,20,14,6,台中銀-員林,2023-02-24,6114
00885,富邦越南,6,0,6,台中銀-員林,2023-02-24,6114
2208,台船,7,1,6,台中銀-員林,2023-02-24,6114
2474,可成,6,0,6,台中銀-員林,2023-02-24,6114
3673,TPK-KY,6,0,6,台中銀-員林,2023-02-24,6114
4137,麗豐-KY,6,0,6,台中銀-員林,2023-02-24,6114
2312,金寶,302,15,287,台中銀-員林,2023-03-01,6114
00665L,富邦�琤肭磪囓�2,998,880,118,台中銀-員林,2023-03-01,6114
1101,台泥,116,19,97,台中銀-員林,2023-03-01,6114
00878,國泰永續高股息,96,6,90,台中銀-員林,2023-03-01,6114
2888,新光金,54,0,54,台中銀-員林,2023-03-01,6114
1815,富喬,34,0,34,台中銀-員林,2023-03-01,6114
3044,健鼎,32,0,32,台中銀-員林,2023-03-01,6114
2440,太空梭,30,0,30,台中銀-員林,2023-03-01,6114
3209,全科,26,0,26,台中銀-員林,2023-03-01,6114
6706,惠特,26,0,26,台中銀-員林,2023-03-01,6114
1210,大成,28,3,25,台中銀-員林,2023-03-01,6114
2014,中鴻,30,6,24,台中銀-員林,2023-03-01,6114
1532,勤美,33,10,23,台中銀-員林,2023-03-01,6114
1319,東陽,23,0,23,台中銀-員林,2023-03-01,6114
2002,中鋼,20,0,20,台中銀-員林,2023-03-01,6114
00895,富邦未來車,20,0,20,台中銀-員林,2023-03-01,6114
00852L,國泰美國道瓊正2,20,0,20,台中銀-員林,2023-03-01,6114
5464,霖宏,25,5,20,台中銀-員林,2023-03-01,6114
2605,新興,41,21,20,台中銀-員林,2023-03-01,6114
6770,力積電,20,2,18,台中銀-員林,2023-03-01,6114
2201,裕隆,18,3,15,台中銀-員林,2023-03-01,6114
2453,凌群,15,0,15,台中銀-員林,2023-03-01,6114
00679B,元大美債20年,13,0,13,台中銀-員林,2023-03-01,6114
2359,所羅門,13,0,13,台中銀-員林,2023-03-01,6114
3016,嘉晶,13,1,12,台中銀-員林,2023-03-01,6114
8016,矽創,16,4,12,台中銀-員林,2023-03-01,6114
8289,泰藝,17,5,12,台中銀-員林,2023-03-01,6114
4746,台耀,11,0,11,台中銀-員林,2023-03-01,6114
6598,ABC-KY,11,0,11,台中銀-員林,2023-03-01,6114
8097,常珵,11,0,11,台中銀-員林,2023-03-01,6114
2885,元大金,10,0,10,台中銀-員林,2023-03-01,6114
00651R,復華香港反1,10,0,10,台中銀-員林,2023-03-01,6114
2611,志信,10,0,10,台中銀-員林,2023-03-01,6114
2880,華南金,10,0,10,台中銀-員林,2023-03-01,6114
8050,廣積,10,0,10,台中銀-員林,2023-03-01,6114
8171,天宇,11,1,10,台中銀-員林,2023-03-01,6114
8358,金居,10,0,10,台中銀-員林,2023-03-01,6114
8420,明揚,10,0,10,台中銀-員林,2023-03-01,6114
2883,凱基金,9,0,9,台中銀-員林,2023-03-01,6114
00772B,中信高評級公司債,9,0,9,台中銀-員林,2023-03-01,6114
00712,復華富時不動產,9,0,9,台中銀-員林,2023-03-01,6114
2889,國票金,20,11,9,台中銀-員林,2023-03-01,6114
6768,志強-KY,9,0,9,台中銀-員林,2023-03-01,6114
00720B,元大投資級公司債,9,0,9,台中銀-員林,2023-03-01,6114
3362,先進光,16,8,8,台中銀-員林,2023-03-01,6114
6026,福邦證,8,0,8,台中銀-員林,2023-03-01,6114
6841,長佳智能,10,2,8,台中銀-員林,2023-03-01,6114
8131,福懋科,8,0,8,台中銀-員林,2023-03-01,6114
2344,華邦電,8,0,8,台中銀-員林,2023-03-01,6114
3481,群創,7,0,7,台中銀-員林,2023-03-01,6114
2834,臺企銀,123,0,123,台中銀-員林,2023-03-02,6114
1101,台泥,105,0,105,台中銀-員林,2023-03-02,6114
2610,華航,51,1,50,台中銀-員林,2023-03-02,6114
4707,磐亞,39,0,39,台中銀-員林,2023-03-02,6114
1605,華新,94,58,36,台中銀-員林,2023-03-02,6114
2440,太空梭,30,0,30,台中銀-員林,2023-03-02,6114
2618,長榮航,33,9,24,台中銀-員林,2023-03-02,6114
2419,仲琦,133,110,23,台中銀-員林,2023-03-02,6114
2002,中鋼,23,1,22,台中銀-員林,2023-03-02,6114
6796,晉弘,21,0,21,台中銀-員林,2023-03-02,6114
0056,元大高股息,20,0,20,台中銀-員林,2023-03-02,6114
2457,飛宏,23,5,18,台中銀-員林,2023-03-02,6114
4967,十銓,26,8,18,台中銀-員林,2023-03-02,6114
1762,中化生,20,3,17,台中銀-員林,2023-03-02,6114
2812,台中銀,28,11,17,台中銀-員林,2023-03-02,6114
8097,常珵,20,3,17,台中銀-員林,2023-03-02,6114
6443,元晶,18,2,16,台中銀-員林,2023-03-02,6114
2886,兆豐金,16,1,15,台中銀-員林,2023-03-02,6114
5464,霖宏,15,0,15,台中銀-員林,2023-03-02,6114
3209,全科,20,6,14,台中銀-員林,2023-03-02,6114
2359,所羅門,66,53,13,台中銀-員林,2023-03-02,6114
2388,威盛,18,5,13,台中銀-員林,2023-03-02,6114
2892,第一金,13,0,13,台中銀-員林,2023-03-02,6114
3027,盛達,30,18,12,台中銀-員林,2023-03-02,6114
3207,耀勝,32,20,12,台中銀-員林,2023-03-02,6114
5452,佶優,51,39,12,台中銀-員林,2023-03-02,6114
2880,華南金,11,0,11,台中銀-員林,2023-03-02,6114
2498,宏達電,14,4,10,台中銀-員林,2023-03-02,6114
1102,亞泥,10,0,10,台中銀-員林,2023-03-02,6114
00665L,富邦�琤肭磪囓�2,410,400,10,台中銀-員林,2023-03-02,6114
1444,力麗,10,0,10,台中銀-員林,2023-03-02,6114
1447,力鵬,10,0,10,台中銀-員林,2023-03-02,6114
1515,力山,10,0,10,台中銀-員林,2023-03-02,6114
2704,國賓,11,1,10,台中銀-員林,2023-03-02,6114
2409,友達,12,3,9,台中銀-員林,2023-03-02,6114
3265,台星科,10,1,9,台中銀-員林,2023-03-02,6114
3380,明泰,10,1,9,台中銀-員林,2023-03-02,6114
4102,永日,11,2,9,台中銀-員林,2023-03-02,6114
00712,復華富時不動產,8,0,8,台中銀-員林,2023-03-02,6114
4142,國光生,10,2,8,台中銀-員林,2023-03-02,6114
00679B,元大美債20年,11,3,8,台中銀-員林,2023-03-02,6114
2884,玉山金,8,0,8,台中銀-員林,2023-03-02,6114
2371,大同,10,3,7,台中銀-員林,2023-03-02,6114
2337,旺宏,7,0,7,台中銀-員林,2023-03-02,6114
5425,台半,7,0,7,台中銀-員林,2023-03-02,6114
2482,連宇,7,0,7,台中銀-員林,2023-03-02,6114
2888,新光金,6,0,6,台中銀-員林,2023-03-02,6114
3594,磐儀,9,3,6,台中銀-員林,2023-03-02,6114
3652,精聯,6,0,6,台中銀-員林,2023-03-02,6114
2454,聯發科,12,7,5,台中銀-員林,2023-03-02,6114
2834,臺企銀,174,5,169,台中銀-員林,2023-03-03,6114
2845,遠東銀,103,0,103,台中銀-員林,2023-03-03,6114
00633L,富邦上証正2,70,0,70,台中銀-員林,2023-03-03,6114
1609,大亞,50,1,49,台中銀-員林,2023-03-03,6114
5009,榮剛,41,1,40,台中銀-員林,2023-03-03,6114
2449,京元電子,48,12,36,台中銀-員林,2023-03-03,6114
5351,鈺創,35,2,33,台中銀-員林,2023-03-03,6114
1584,精剛,32,0,32,台中銀-員林,2023-03-03,6114
2618,長榮航,28,0,28,台中銀-員林,2023-03-03,6114
3037,欣興,27,6,21,台中銀-員林,2023-03-03,6114
1810,和成,22,2,20,台中銀-員林,2023-03-03,6114
8227,巨有科技,31,11,20,台中銀-員林,2023-03-03,6114
3264,欣銓,20,1,19,台中銀-員林,2023-03-03,6114
6290,良維,20,1,19,台中銀-員林,2023-03-03,6114
2022,聚亨,18,0,18,台中銀-員林,2023-03-03,6114
6288,聯嘉,28,10,18,台中銀-員林,2023-03-03,6114
00680L,元大美債20正2,16,0,16,台中銀-員林,2023-03-03,6114
2409,友達,34,19,15,台中銀-員林,2023-03-03,6114
00673R,期元大S＆P原油反1,15,0,15,台中銀-員林,2023-03-03,6114
2369,菱生,15,0,15,台中銀-員林,2023-03-03,6114
2228,劍麟,16,3,13,台中銀-員林,2023-03-03,6114
6245,立端,13,0,13,台中銀-員林,2023-03-03,6114
2371,大同,12,0,12,台中銀-員林,2023-03-03,6114
5512,力麒,13,1,12,台中銀-員林,2023-03-03,6114
6443,元晶,12,0,12,台中銀-員林,2023-03-03,6114
2801,彰銀,11,0,11,台中銀-員林,2023-03-03,6114
1605,華新,97,87,10,台中銀-員林,2023-03-03,6114
2498,宏達電,12,2,10,台中銀-員林,2023-03-03,6114
1319,東陽,10,0,10,台中銀-員林,2023-03-03,6114
00919,群益台灣精選高息,10,0,10,台中銀-員林,2023-03-03,6114
2014,中鴻,10,0,10,台中銀-員林,2023-03-03,6114
3652,精聯,10,0,10,台中銀-員林,2023-03-03,6114
8131,福懋科,10,0,10,台中銀-員林,2023-03-03,6114
8938,明安,10,0,10,台中銀-員林,2023-03-03,6114
00679B,元大美債20年,9,0,9,台中銀-員林,2023-03-03,6114
4142,國光生,10,1,9,台中銀-員林,2023-03-03,6114
6517,保勝光學,9,0,9,台中銀-員林,2023-03-03,6114
8033,雷虎,12,3,9,台中銀-員林,2023-03-03,6114
2701,萬企,10,2,8,台中銀-員林,2023-03-03,6114
2736,富野,8,0,8,台中銀-員林,2023-03-03,6114
2886,兆豐金,8,0,8,台中銀-員林,2023-03-03,6114
6129,普誠,10,2,8,台中銀-員林,2023-03-03,6114
6207,雷科,8,0,8,台中銀-員林,2023-03-03,6114
6616,特昇-KY,8,0,8,台中銀-員林,2023-03-03,6114
1513,中興電,12,4,8,台中銀-員林,2023-03-03,6114
00772B,中信高評級公司債,7,0,7,台中銀-員林,2023-03-03,6114
9945,潤泰新,8,2,6,台中銀-員林,2023-03-03,6114
1101,台泥,6,0,6,台中銀-員林,2023-03-03,6114
00882,中信中國高股息,8,2,6,台中銀-員林,2023-03-03,6114
1708,東鹼,14,8,6,台中銀-員林,2023-03-03,6114
2312,金寶,604,50,554,台中銀-員林,2023-03-06,6114
2371,大同,101,6,95,台中銀-員林,2023-03-06,6114
6282,康舒,195,101,94,台中銀-員林,2023-03-06,6114
2027,大成鋼,102,30,72,台中銀-員林,2023-03-06,6114
2618,長榮航,68,0,68,台中銀-員林,2023-03-06,6114
5512,力麒,59,1,58,台中銀-員林,2023-03-06,6114
2888,新光金,58,0,58,台中銀-員林,2023-03-06,6114
3013,晟銘電,50,1,49,台中銀-員林,2023-03-06,6114
00680L,元大美債20正2,45,0,45,台中銀-員林,2023-03-06,6114
2303,聯電,51,10,41,台中銀-員林,2023-03-06,6114
8072,陞泰,40,0,40,台中銀-員林,2023-03-06,6114
4123,晟德,39,2,37,台中銀-員林,2023-03-06,6114
2609,陽明,69,34,35,台中銀-員林,2023-03-06,6114
2457,飛宏,41,8,33,台中銀-員林,2023-03-06,6114
2453,凌群,32,0,32,台中銀-員林,2023-03-06,6114
2344,華邦電,51,19,32,台中銀-員林,2023-03-06,6114
3548,兆利,26,0,26,台中銀-員林,2023-03-06,6114
2388,威盛,32,8,24,台中銀-員林,2023-03-06,6114
2633,台灣高鐵,24,0,24,台中銀-員林,2023-03-06,6114
00773B,中信優先金融債,20,0,20,台中銀-員林,2023-03-06,6114
1752,南光,20,0,20,台中銀-員林,2023-03-06,6114
00900,富邦特選高股息30,21,1,20,台中銀-員林,2023-03-06,6114
00915,凱基優選高股息30,18,0,18,台中銀-員林,2023-03-06,6114
00897,富邦基因免疫生技,18,0,18,台中銀-員林,2023-03-06,6114
1760,寶齡富錦,20,3,17,台中銀-員林,2023-03-06,6114
00720B,元大投資級公司債,16,0,16,台中銀-員林,2023-03-06,6114
3027,盛達,23,8,15,台中銀-員林,2023-03-06,6114
3029,零壹,30,15,15,台中銀-員林,2023-03-06,6114
6016,康和證,15,0,15,台中銀-員林,2023-03-06,6114
006208,富邦台50,20,5,15,台中銀-員林,2023-03-06,6114
00632R,元大台灣50反1,14,0,14,台中銀-員林,2023-03-06,6114
2801,彰銀,16,2,14,台中銀-員林,2023-03-06,6114
1517,利奇,13,0,13,台中銀-員林,2023-03-06,6114
6140,訊達,13,0,13,台中銀-員林,2023-03-06,6114
8033,雷虎,28,15,13,台中銀-員林,2023-03-06,6114
3454,晶睿,22,10,12,台中銀-員林,2023-03-06,6114
2603,長榮,13,1,12,台中銀-員林,2023-03-06,6114
6245,立端,18,6,12,台中銀-員林,2023-03-06,6114
00878,國泰永續高股息,53,42,11,台中銀-員林,2023-03-06,6114
1605,華新,18,7,11,台中銀-員林,2023-03-06,6114
1101,台泥,11,0,11,台中銀-員林,2023-03-06,6114
1584,精剛,11,0,11,台中銀-員林,2023-03-06,6114
1721,三晃,11,0,11,台中銀-員林,2023-03-06,6114
5211,蒙恬,11,0,11,台中銀-員林,2023-03-06,6114
8289,泰藝,26,15,11,台中銀-員林,2023-03-06,6114
1471,首利,11,0,11,台中銀-員林,2023-03-06,6114
3264,欣銓,15,5,10,台中銀-員林,2023-03-06,6114
00895,富邦未來車,10,0,10,台中銀-員林,2023-03-06,6114
2022,聚亨,10,0,10,台中銀-員林,2023-03-06,6114
2615,萬海,11,1,10,台中銀-員林,2023-03-06,6114
2312,金寶,500,40,460,台中銀-員林,2023-03-07,6114
2371,大同,180,0,180,台中銀-員林,2023-03-07,6114
5512,力麒,100,0,100,台中銀-員林,2023-03-07,6114
00632R,元大台灣50反1,48,0,48,台中銀-員林,2023-03-07,6114
3019,亞光,46,4,42,台中銀-員林,2023-03-07,6114
5425,台半,67,25,42,台中銀-員林,2023-03-07,6114
3016,嘉晶,31,0,31,台中銀-員林,2023-03-07,6114
5521,工信,30,0,30,台中銀-員林,2023-03-07,6114
1609,大亞,41,11,30,台中銀-員林,2023-03-07,6114
3260,威剛,30,2,28,台中銀-員林,2023-03-07,6114
1519,華城,45,18,27,台中銀-員林,2023-03-07,6114
00673R,期元大S＆P原油反1,26,0,26,台中銀-員林,2023-03-07,6114
2486,一詮,33,10,23,台中銀-員林,2023-03-07,6114
00679B,元大美債20年,22,0,22,台中銀-員林,2023-03-07,6114
1319,東陽,20,0,20,台中銀-員林,2023-03-07,6114
6589,台康生技,20,0,20,台中銀-員林,2023-03-07,6114
8936,國統,20,0,20,台中銀-員林,2023-03-07,6114
00712,復華富時不動產,18,0,18,台中銀-員林,2023-03-07,6114
2359,所羅門,44,26,18,台中銀-員林,2023-03-07,6114
3714,富采,17,0,17,台中銀-員林,2023-03-07,6114
6547,高端疫苗,16,0,16,台中銀-員林,2023-03-07,6114
3162,精確,20,5,15,台中銀-員林,2023-03-07,6114
2457,飛宏,42,29,13,台中銀-員林,2023-03-07,6114
2344,華邦電,22,10,12,台中銀-員林,2023-03-07,6114
6188,廣明,13,1,12,台中銀-員林,2023-03-07,6114
2308,台達電,32,21,11,台中銀-員林,2023-03-07,6114
2002,中鋼,20,9,11,台中銀-員林,2023-03-07,6114
2208,台船,13,2,11,台中銀-員林,2023-03-07,6114
6706,惠特,11,0,11,台中銀-員林,2023-03-07,6114
8038,長園科,11,0,11,台中銀-員林,2023-03-07,6114
3707,漢磊,10,0,10,台中銀-員林,2023-03-07,6114
00830,國泰費城半導體,10,0,10,台中銀-員林,2023-03-07,6114
2855,統一證,10,0,10,台中銀-員林,2023-03-07,6114
4989,榮科,10,0,10,台中銀-員林,2023-03-07,6114
5258,虹堡,11,1,10,台中銀-員林,2023-03-07,6114
6142,友勁,10,0,10,台中銀-員林,2023-03-07,6114
3093,港建*,10,1,9,台中銀-員林,2023-03-07,6114
5211,蒙恬,10,1,9,台中銀-員林,2023-03-07,6114
5285,界霖,10,1,9,台中銀-員林,2023-03-07,6114
6859,伯特光,10,1,9,台中銀-員林,2023-03-07,6114
3552,同致,9,0,9,台中銀-員林,2023-03-07,6114
1101,台泥,8,0,8,台中銀-員林,2023-03-07,6114
1524,耿鼎,16,8,8,台中銀-員林,2023-03-07,6114
2206,三陽工業,8,0,8,台中銀-員林,2023-03-07,6114
4979,華星光,10,2,8,台中銀-員林,2023-03-07,6114
1701,中化,6,0,6,台中銀-員林,2023-03-07,6114
2542,興富發,6,0,6,台中銀-員林,2023-03-07,6114
2618,長榮航,6,0,6,台中銀-員林,2023-03-07,6114
2633,台灣高鐵,7,1,6,台中銀-員林,2023-03-07,6114
2734,易飛網,6,0,6,台中銀-員林,2023-03-07,6114
00665L,富邦�琤肭磪囓�2,920,499,421,台中銀-員林,2023-03-08,6114
2027,大成鋼,122,20,102,台中銀-員林,2023-03-08,6114
2634,漢翔,80,19,61,台中銀-員林,2023-03-08,6114
00753L,中信中國50正2,51,0,51,台中銀-員林,2023-03-08,6114
2412,中華電,50,0,50,台中銀-員林,2023-03-08,6114
6190,萬泰科,33,1,32,台中銀-員林,2023-03-08,6114
00637L,元大滬深300正2,31,0,31,台中銀-員林,2023-03-08,6114
00633L,富邦上証正2,30,0,30,台中銀-員林,2023-03-08,6114
6235,華孚,51,21,30,台中銀-員林,2023-03-08,6114
2014,中鴻,27,0,27,台中銀-員林,2023-03-08,6114
00673R,期元大S＆P原油反1,25,1,24,台中銀-員林,2023-03-08,6114
5009,榮剛,27,6,21,台中銀-員林,2023-03-08,6114
2538,基泰,20,0,20,台中銀-員林,2023-03-08,6114
3711,日月光投控,20,0,20,台中銀-員林,2023-03-08,6114
00712,復華富時不動產,20,0,20,台中銀-員林,2023-03-08,6114
2201,裕隆,20,1,19,台中銀-員林,2023-03-08,6114
2359,所羅門,44,25,19,台中銀-員林,2023-03-08,6114
2371,大同,20,1,19,台中銀-員林,2023-03-08,6114
00878,國泰永續高股息,17,1,16,台中銀-員林,2023-03-08,6114
1701,中化,16,0,16,台中銀-員林,2023-03-08,6114
4960,誠美材,16,0,16,台中銀-員林,2023-03-08,6114
6547,高端疫苗,14,0,14,台中銀-員林,2023-03-08,6114
00713,元大台灣高息低波,12,0,12,台中銀-員林,2023-03-08,6114
2484,希華,14,3,11,台中銀-員林,2023-03-08,6114
3323,加百裕,11,0,11,台中銀-員林,2023-03-08,6114
00715L,期街口布蘭特正2,10,0,10,台中銀-員林,2023-03-08,6114
3594,磐儀,10,0,10,台中銀-員林,2023-03-08,6114
4137,麗豐-KY,10,0,10,台中銀-員林,2023-03-08,6114
6177,達麗,10,0,10,台中銀-員林,2023-03-08,6114
6231,系微,15,5,10,台中銀-員林,2023-03-08,6114
2610,華航,9,0,9,台中銀-員林,2023-03-08,6114
6841,長佳智能,10,1,9,台中銀-員林,2023-03-08,6114
6125,廣運,20,11,9,台中銀-員林,2023-03-08,6114
6859,伯特光,9,0,9,台中銀-員林,2023-03-08,6114
1513,中興電,32,24,8,台中銀-員林,2023-03-08,6114
1102,亞泥,14,6,8,台中銀-員林,2023-03-08,6114
1605,華新,42,34,8,台中銀-員林,2023-03-08,6114
3071,協禧,8,0,8,台中銀-員林,2023-03-08,6114
3454,晶睿,8,0,8,台中銀-員林,2023-03-08,6114
1440,南紡,7,0,7,台中銀-員林,2023-03-08,6114
2472,立隆電,14,7,7,台中銀-員林,2023-03-08,6114
2498,宏達電,13,6,7,台中銀-員林,2023-03-08,6114
3206,志豐,7,0,7,台中銀-員林,2023-03-08,6114
3624,光頡,17,10,7,台中銀-員林,2023-03-08,6114
8111,立��,13,6,7,台中銀-員林,2023-03-08,6114
3374,精材,12,5,7,台中銀-員林,2023-03-08,6114
00900,富邦特選高股息30,8,2,6,台中銀-員林,2023-03-08,6114
1616,億泰,6,0,6,台中銀-員林,2023-03-08,6114
2002,中鋼,6,0,6,台中銀-員林,2023-03-08,6114
2331,精英,6,0,6,台中銀-員林,2023-03-08,6114
00878,國泰永續高股息,241,2,239,台中銀-員林,2023-03-09,6114
6706,惠特,204,2,202,台中銀-員林,2023-03-09,6114
2317,鴻海,142,1,141,台中銀-員林,2023-03-09,6114
3481,群創,148,9,139,台中銀-員林,2023-03-09,6114
2409,友達,146,15,131,台中銀-員林,2023-03-09,6114
3046,建��,61,7,54,台中銀-員林,2023-03-09,6114
2457,飛宏,70,29,41,台中銀-員林,2023-03-09,6114
1714,和桐,40,0,40,台中銀-員林,2023-03-09,6114
6116,彩晶,40,0,40,台中銀-員林,2023-03-09,6114
8222,寶一,47,14,33,台中銀-員林,2023-03-09,6114
3491,昇達科,34,2,32,台中銀-員林,2023-03-09,6114
1515,力山,30,0,30,台中銀-員林,2023-03-09,6114
2538,基泰,29,0,29,台中銀-員林,2023-03-09,6114
6290,良維,25,1,24,台中銀-員林,2023-03-09,6114
2471,資通,28,4,24,台中銀-員林,2023-03-09,6114
00923,群益台ESG低碳50,23,0,23,台中銀-員林,2023-03-09,6114
3362,先進光,34,13,21,台中銀-員林,2023-03-09,6114
1752,南光,20,0,20,台中銀-員林,2023-03-09,6114
3019,亞光,25,6,19,台中銀-員林,2023-03-09,6114
3264,欣銓,18,0,18,台中銀-員林,2023-03-09,6114
6235,華孚,20,2,18,台中銀-員林,2023-03-09,6114
00715L,期街口布蘭特正2,17,0,17,台中銀-員林,2023-03-09,6114
8227,巨有科技,17,0,17,台中銀-員林,2023-03-09,6114
9955,佳龍,20,5,15,台中銀-員林,2023-03-09,6114
3708,上緯投控,14,0,14,台中銀-員林,2023-03-09,6114
5512,力麒,14,0,14,台中銀-員林,2023-03-09,6114
2368,金像電,26,13,13,台中銀-員林,2023-03-09,6114
2888,新光金,12,0,12,台中銀-員林,2023-03-09,6114
1101,台泥,16,5,11,台中銀-員林,2023-03-09,6114
1513,中興電,22,11,11,台中銀-員林,2023-03-09,6114
2375,凱美,12,1,11,台中銀-員林,2023-03-09,6114
6546,正基,15,4,11,台中銀-員林,2023-03-09,6114
00902,中信電池及儲能,10,0,10,台中銀-員林,2023-03-09,6114
3037,欣興,15,5,10,台中銀-員林,2023-03-09,6114
1605,華新,24,14,10,台中銀-員林,2023-03-09,6114
1517,利奇,10,0,10,台中銀-員林,2023-03-09,6114
1709,和益,10,0,10,台中銀-員林,2023-03-09,6114
2031,新光鋼,10,0,10,台中銀-員林,2023-03-09,6114
2880,華南金,10,0,10,台中銀-員林,2023-03-09,6114
3049,精金,10,0,10,台中銀-員林,2023-03-09,6114
3712,永崴投控,12,2,10,台中銀-員林,2023-03-09,6114
6548,長科*,11,1,10,台中銀-員林,2023-03-09,6114
00712,復華富時不動產,9,0,9,台中銀-員林,2023-03-09,6114
3706,神達,9,0,9,台中銀-員林,2023-03-09,6114
4931,新盛力,17,8,9,台中銀-員林,2023-03-09,6114
2610,華航,26,17,9,台中銀-員林,2023-03-09,6114
00720B,元大投資級公司債,8,0,8,台中銀-員林,2023-03-09,6114
1528,恩德,8,0,8,台中銀-員林,2023-03-09,6114
4566,時碩工業,8,0,8,台中銀-員林,2023-03-09,6114
2430,燦坤,7,0,7,台中銀-員林,2023-03-09,6114
1101,台泥,214,0,214,台中銀-員林,2023-03-10,6114
00878,國泰永續高股息,108,6,102,台中銀-員林,2023-03-10,6114
00641R,富邦日本反1,100,0,100,台中銀-員林,2023-03-10,6114
2834,臺企銀,79,0,79,台中銀-員林,2023-03-10,6114
2609,陽明,264,195,69,台中銀-員林,2023-03-10,6114
2413,環科,71,13,58,台中銀-員林,2023-03-10,6114
6016,康和證,57,0,57,台中銀-員林,2023-03-10,6114
00665L,富邦�琤肭磪囓�2,56,0,56,台中銀-員林,2023-03-10,6114
2014,中鴻,55,5,50,台中銀-員林,2023-03-10,6114
2888,新光金,50,0,50,台中銀-員林,2023-03-10,6114
2610,華航,63,14,49,台中銀-員林,2023-03-10,6114
6706,惠特,50,1,49,台中銀-員林,2023-03-10,6114
4960,誠美材,44,0,44,台中銀-員林,2023-03-10,6114
2331,精英,50,7,43,台中銀-員林,2023-03-10,6114
00753L,中信中國50正2,41,0,41,台中銀-員林,2023-03-10,6114
912000,晨訊科-DR,40,0,40,台中銀-員林,2023-03-10,6114
00712,復華富時不動產,43,5,38,台中銀-員林,2023-03-10,6114
6180,橘子,35,0,35,台中銀-員林,2023-03-10,6114
4931,新盛力,44,9,35,台中銀-員林,2023-03-10,6114
4746,台耀,34,0,34,台中銀-員林,2023-03-10,6114
3162,精確,32,1,31,台中銀-員林,2023-03-10,6114
2603,長榮,71,40,31,台中銀-員林,2023-03-10,6114
2344,華邦電,33,3,30,台中銀-員林,2023-03-10,6114
2605,新興,32,3,29,台中銀-員林,2023-03-10,6114
2409,友達,31,3,28,台中銀-員林,2023-03-10,6114
2883,凱基金,32,4,28,台中銀-員林,2023-03-10,6114
1605,華新,33,6,27,台中銀-員林,2023-03-10,6114
00882,中信中國高股息,27,0,27,台中銀-員林,2023-03-10,6114
00923,群益台ESG低碳50,26,0,26,台中銀-員林,2023-03-10,6114
00713,元大台灣高息低波,29,4,25,台中銀-員林,2023-03-10,6114
1532,勤美,20,0,20,台中銀-員林,2023-03-10,6114
1752,南光,20,0,20,台中銀-員林,2023-03-10,6114
2618,長榮航,27,7,20,台中銀-員林,2023-03-10,6114
2402,毅嘉,22,3,19,台中銀-員林,2023-03-10,6114
2633,台灣高鐵,20,1,19,台中銀-員林,2023-03-10,6114
3712,永崴投控,40,22,18,台中銀-員林,2023-03-10,6114
2881,富邦金,18,0,18,台中銀-員林,2023-03-10,6114
00715L,期街口布蘭特正2,17,0,17,台中銀-員林,2023-03-10,6114
2009,第一銅,17,0,17,台中銀-員林,2023-03-10,6114
2731,雄獅,18,1,17,台中銀-員林,2023-03-10,6114
6443,元晶,20,4,16,台中銀-員林,2023-03-10,6114
1795,美時,30,14,16,台中銀-員林,2023-03-10,6114
2641,正德,21,6,15,台中銀-員林,2023-03-10,6114
2812,台中銀,26,11,15,台中銀-員林,2023-03-10,6114
4114,健喬,19,4,15,台中銀-員林,2023-03-10,6114
8933,愛地雅,15,0,15,台中銀-員林,2023-03-10,6114
8069,元太,17,2,15,台中銀-員林,2023-03-10,6114
00902,中信電池及儲能,14,0,14,台中銀-員林,2023-03-10,6114
1907,永豐餘,13,0,13,台中銀-員林,2023-03-10,6114
5258,虹堡,18,5,13,台中銀-員林,2023-03-10,6114
1101,台泥,307,1,306,台中銀-員林,2023-03-13,6114
2834,臺企銀,166,7,159,台中銀-員林,2023-03-13,6114
00632R,元大台灣50反1,163,9,154,台中銀-員林,2023-03-13,6114
00878,國泰永續高股息,135,46,89,台中銀-員林,2023-03-13,6114
00679B,元大美債20年,71,5,66,台中銀-員林,2023-03-13,6114
3046,建��,75,17,58,台中銀-員林,2023-03-13,6114
2440,太空梭,50,0,50,台中銀-員林,2023-03-13,6114
00712,復華富時不動產,48,5,43,台中銀-員林,2023-03-13,6114
00671R,富邦NASDAQ反1,40,0,40,台中銀-員林,2023-03-13,6114
2359,所羅門,64,24,40,台中銀-員林,2023-03-13,6114
4960,誠美材,40,0,40,台中銀-員林,2023-03-13,6114
1515,力山,30,0,30,台中銀-員林,2023-03-13,6114
2409,友達,27,0,27,台中銀-員林,2023-03-13,6114
6024,群益期,25,0,25,台中銀-員林,2023-03-13,6114
2609,陽明,52,28,24,台中銀-員林,2023-03-13,6114
2888,新光金,22,0,22,台中銀-員林,2023-03-13,6114
8054,安國,22,0,22,台中銀-員林,2023-03-13,6114
1762,中化生,23,2,21,台中銀-員林,2023-03-13,6114
3013,晟銘電,20,0,20,台中銀-員林,2023-03-13,6114
5706,鳳凰,20,0,20,台中銀-員林,2023-03-13,6114
6285,啟��,20,0,20,台中銀-員林,2023-03-13,6114
6535,順藥,20,0,20,台中銀-員林,2023-03-13,6114
6235,華孚,60,41,19,台中銀-員林,2023-03-13,6114
2883,凱基金,20,3,17,台中銀-員林,2023-03-13,6114
3419,譁裕,17,0,17,台中銀-員林,2023-03-13,6114
1319,東陽,23,7,16,台中銀-員林,2023-03-13,6114
00664R,國泰臺灣加權反1,20,5,15,台中銀-員林,2023-03-13,6114
00669R,國泰美國道瓊反1,15,0,15,台中銀-員林,2023-03-13,6114
00648R,元大S＆P500反1,15,0,15,台中銀-員林,2023-03-13,6114
00713,元大台灣高息低波,14,0,14,台中銀-員林,2023-03-13,6114
2331,精英,15,1,14,台中銀-員林,2023-03-13,6114
1810,和成,13,1,12,台中銀-員林,2023-03-13,6114
2890,永豐金,12,0,12,台中銀-員林,2023-03-13,6114
00720B,元大投資級公司債,12,0,12,台中銀-員林,2023-03-13,6114
1907,永豐餘,11,0,11,台中銀-員林,2023-03-13,6114
3035,智原,13,2,11,台中銀-員林,2023-03-13,6114
2201,裕隆,19,8,11,台中銀-員林,2023-03-13,6114
5425,台半,14,3,11,台中銀-員林,2023-03-13,6114
00638R,元大滬深300反1,10,0,10,台中銀-員林,2023-03-13,6114
00651R,復華香港反1,10,0,10,台中銀-員林,2023-03-13,6114
00923,群益台ESG低碳50,10,0,10,台中銀-員林,2023-03-13,6114
00753L,中信中國50正2,20,10,10,台中銀-員林,2023-03-13,6114
1558,伸興,10,0,10,台中銀-員林,2023-03-13,6114
2351,順德,11,1,10,台中銀-員林,2023-03-13,6114
2355,敬鵬,10,0,10,台中銀-員林,2023-03-13,6114
2884,玉山金,11,1,10,台中銀-員林,2023-03-13,6114
5388,中磊,10,0,10,台中銀-員林,2023-03-13,6114
3441,聯一光,14,5,9,台中銀-員林,2023-03-13,6114
00751B,元大AAA至A公司債,8,0,8,台中銀-員林,2023-03-13,6114
1517,利奇,8,0,8,台中銀-員林,2023-03-13,6114
2303,聯電,431,5,426,台中銀-員林,2023-03-14,6114
2834,臺企銀,239,21,218,台中銀-員林,2023-03-14,6114
00878,國泰永續高股息,215,2,213,台中銀-員林,2023-03-14,6114
2618,長榮航,125,12,113,台中銀-員林,2023-03-14,6114
2425,承啟,87,3,84,台中銀-員林,2023-03-14,6114
6024,群益期,54,1,53,台中銀-員林,2023-03-14,6114
2412,中華電,50,0,50,台中銀-員林,2023-03-14,6114
2888,新光金,49,4,45,台中銀-員林,2023-03-14,6114
00715L,期街口布蘭特正2,48,5,43,台中銀-員林,2023-03-14,6114
2883,凱基金,41,3,38,台中銀-員林,2023-03-14,6114
4960,誠美材,38,0,38,台中銀-員林,2023-03-14,6114
2515,中工,56,21,35,台中銀-員林,2023-03-14,6114
4746,台耀,67,35,32,台中銀-員林,2023-03-14,6114
2399,映泰,30,0,30,台中銀-員林,2023-03-14,6114
3362,先進光,30,0,30,台中銀-員林,2023-03-14,6114
00642U,期元大S＆P石油,29,0,29,台中銀-員林,2023-03-14,6114
5512,力麒,33,5,28,台中銀-員林,2023-03-14,6114
8069,元太,35,7,28,台中銀-員林,2023-03-14,6114
2495,普安,45,20,25,台中銀-員林,2023-03-14,6114
2486,一詮,36,12,24,台中銀-員林,2023-03-14,6114
2637,慧洋-KY,29,7,22,台中銀-員林,2023-03-14,6114
2453,凌群,68,47,21,台中銀-員林,2023-03-14,6114
2034,允強,20,0,20,台中銀-員林,2023-03-14,6114
6016,康和證,20,0,20,台中銀-員林,2023-03-14,6114
6472,保瑞,20,0,20,台中銀-員林,2023-03-14,6114
00882,中信中國高股息,19,0,19,台中銀-員林,2023-03-14,6114
2882,國泰金,18,0,18,台中銀-員林,2023-03-14,6114
2610,華航,21,4,17,台中銀-員林,2023-03-14,6114
00902,中信電池及儲能,16,0,16,台中銀-員林,2023-03-14,6114
6531,愛普*,18,2,16,台中銀-員林,2023-03-14,6114
00885,富邦越南,15,0,15,台中銀-員林,2023-03-14,6114
3703,欣陸,15,0,15,台中銀-員林,2023-03-14,6114
2812,台中銀,71,57,14,台中銀-員林,2023-03-14,6114
1736,喬山,13,0,13,台中銀-員林,2023-03-14,6114
8933,愛地雅,17,4,13,台中銀-員林,2023-03-14,6114
9941,裕融,13,0,13,台中銀-員林,2023-03-14,6114
2891,中信金,12,0,12,台中銀-員林,2023-03-14,6114
5905,南仁湖,12,0,12,台中銀-員林,2023-03-14,6114
2615,萬海,24,12,12,台中銀-員林,2023-03-14,6114
00637L,元大滬深300正2,11,0,11,台中銀-員林,2023-03-14,6114
2614,東森,11,0,11,台中銀-員林,2023-03-14,6114
6005,群益證,11,0,11,台中銀-員林,2023-03-14,6114
6177,達麗,11,0,11,台中銀-員林,2023-03-14,6114
6244,茂迪,17,6,11,台中銀-員林,2023-03-14,6114
00713,元大台灣高息低波,11,0,11,台中銀-員林,2023-03-14,6114
00669R,國泰美國道瓊反1,10,0,10,台中銀-員林,2023-03-14,6114
2440,太空梭,10,0,10,台中銀-員林,2023-03-14,6114
3024,憶聲,10,0,10,台中銀-員林,2023-03-14,6114
1762,中化生,14,5,9,台中銀-員林,2023-03-14,6114
2736,富野,8,0,8,台中銀-員林,2023-03-14,6114
2888,新光金,138,2,136,台中銀-員林,2023-03-15,6114
00878,國泰永續高股息,138,6,132,台中銀-員林,2023-03-15,6114
00715L,期街口布蘭特正2,104,0,104,台中銀-員林,2023-03-15,6114
4931,新盛力,71,17,54,台中銀-員林,2023-03-15,6114
2812,台中銀,53,0,53,台中銀-員林,2023-03-15,6114
1504,東元,52,2,50,台中銀-員林,2023-03-15,6114
3264,欣銓,43,0,43,台中銀-員林,2023-03-15,6114
00885,富邦越南,42,0,42,台中銀-員林,2023-03-15,6114
00632R,元大台灣50反1,45,4,41,台中銀-員林,2023-03-15,6114
2614,東森,40,0,40,台中銀-員林,2023-03-15,6114
00642U,期元大S＆P石油,40,0,40,台中銀-員林,2023-03-15,6114
00907,永豐優息存股,34,0,34,台中銀-員林,2023-03-15,6114
2027,大成鋼,32,0,32,台中銀-員林,2023-03-15,6114
2609,陽明,79,47,32,台中銀-員林,2023-03-15,6114
2440,太空梭,30,0,30,台中銀-員林,2023-03-15,6114
2462,良得電,30,0,30,台中銀-員林,2023-03-15,6114
8938,明安,30,0,30,台中銀-員林,2023-03-15,6114
2457,飛宏,35,7,28,台中銀-員林,2023-03-15,6114
3531,先益,28,0,28,台中銀-員林,2023-03-15,6114
2603,長榮,115,89,26,台中銀-員林,2023-03-15,6114
2615,萬海,30,7,23,台中銀-員林,2023-03-15,6114
6188,廣明,23,0,23,台中銀-員林,2023-03-15,6114
00712,復華富時不動產,34,14,20,台中銀-員林,2023-03-15,6114
2302,麗正,20,0,20,台中銀-員林,2023-03-15,6114
2915,潤泰全,17,1,16,台中銀-員林,2023-03-15,6114
2889,國票金,28,12,16,台中銀-員林,2023-03-15,6114
4989,榮科,16,0,16,台中銀-員林,2023-03-15,6114
3491,昇達科,16,1,15,台中銀-員林,2023-03-15,6114
6806,森崴能源,15,0,15,台中銀-員林,2023-03-15,6114
00679B,元大美債20年,14,0,14,台中銀-員林,2023-03-15,6114
2409,友達,14,0,14,台中銀-員林,2023-03-15,6114
9945,潤泰新,13,0,13,台中銀-員林,2023-03-15,6114
2883,凱基金,15,2,13,台中銀-員林,2023-03-15,6114
3046,建��,15,2,13,台中銀-員林,2023-03-15,6114
9904,寶成,13,0,13,台中銀-員林,2023-03-15,6114
6244,茂迪,21,9,12,台中銀-員林,2023-03-15,6114
00637L,元大滬深300正2,11,0,11,台中銀-員林,2023-03-15,6114
2453,凌群,14,3,11,台中銀-員林,2023-03-15,6114
2882,國泰金,11,0,11,台中銀-員林,2023-03-15,6114
3362,先進光,11,0,11,台中銀-員林,2023-03-15,6114
4904,遠傳,12,1,11,台中銀-員林,2023-03-15,6114
6116,彩晶,11,0,11,台中銀-員林,2023-03-15,6114
00671R,富邦NASDAQ反1,10,0,10,台中銀-員林,2023-03-15,6114
00680L,元大美債20正2,10,0,10,台中銀-員林,2023-03-15,6114
00895,富邦未來車,10,0,10,台中銀-員林,2023-03-15,6114
2009,第一銅,11,1,10,台中銀-員林,2023-03-15,6114
3703,欣陸,10,0,10,台中銀-員林,2023-03-15,6114
4190,佐登-KY,10,0,10,台中銀-員林,2023-03-15,6114
4938,和碩,10,0,10,台中銀-員林,2023-03-15,6114
8033,雷虎,10,0,10,台中銀-員林,2023-03-15,6114
1101,台泥,311,1,310,台中銀-員林,2023-03-16,6114
2834,臺企銀,322,29,293,台中銀-員林,2023-03-16,6114
1611,中電,245,62,183,台中銀-員林,2023-03-16,6114
1605,華新,77,1,76,台中銀-員林,2023-03-16,6114
2888,新光金,68,0,68,台中銀-員林,2023-03-16,6114
8050,廣積,57,0,57,台中銀-員林,2023-03-16,6114
00632R,元大台灣50反1,60,5,55,台中銀-員林,2023-03-16,6114
00878,國泰永續高股息,110,60,50,台中銀-員林,2023-03-16,6114
3264,欣銓,48,0,48,台中銀-員林,2023-03-16,6114
2497,怡利電,50,3,47,台中銀-員林,2023-03-16,6114
2883,凱基金,41,0,41,台中銀-員林,2023-03-16,6114
2027,大成鋼,39,4,35,台中銀-員林,2023-03-16,6114
5425,台半,32,0,32,台中銀-員林,2023-03-16,6114
2328,廣宇,30,0,30,台中銀-員林,2023-03-16,6114
2486,一詮,31,2,29,台中銀-員林,2023-03-16,6114
2812,台中銀,27,0,27,台中銀-員林,2023-03-16,6114
00669R,國泰美國道瓊反1,25,0,25,台中銀-員林,2023-03-16,6114
2345,智邦,25,0,25,台中銀-員林,2023-03-16,6114
2351,順德,25,0,25,台中銀-員林,2023-03-16,6114
2614,東森,25,0,25,台中銀-員林,2023-03-16,6114
3306,鼎天,27,2,25,台中銀-員林,2023-03-16,6114
3027,盛達,30,6,24,台中銀-員林,2023-03-16,6114
2105,正新,21,0,21,台中銀-員林,2023-03-16,6114
00642U,期元大S＆P石油,21,0,21,台中銀-員林,2023-03-16,6114
6016,康和證,20,0,20,台中銀-員林,2023-03-16,6114
9103,美德醫療-DR,20,0,20,台中銀-員林,2023-03-16,6114
9907,統一實,20,0,20,台中銀-員林,2023-03-16,6114
00713,元大台灣高息低波,19,1,18,台中銀-員林,2023-03-16,6114
6443,元晶,24,7,17,台中銀-員林,2023-03-16,6114
2884,玉山金,17,0,17,台中銀-員林,2023-03-16,6114
2889,國票金,18,2,16,台中銀-員林,2023-03-16,6114
6244,茂迪,23,9,14,台中銀-員林,2023-03-16,6114
4989,榮科,13,0,13,台中銀-員林,2023-03-16,6114
6285,啟��,13,0,13,台中銀-員林,2023-03-16,6114
6668,中揚光,13,0,13,台中銀-員林,2023-03-16,6114
2881,富邦金,13,0,13,台中銀-員林,2023-03-16,6114
2892,第一金,12,0,12,台中銀-員林,2023-03-16,6114
00902,中信電池及儲能,12,0,12,台中銀-員林,2023-03-16,6114
1736,喬山,12,0,12,台中銀-員林,2023-03-16,6114
2897,王道銀行,11,0,11,台中銀-員林,2023-03-16,6114
2882,國泰金,10,0,10,台中銀-員林,2023-03-16,6114
5905,南仁湖,10,0,10,台中銀-員林,2023-03-16,6114
1515,力山,10,0,10,台中銀-員林,2023-03-16,6114
2017,官田鋼,10,0,10,台中銀-員林,2023-03-16,6114
2323,中環,10,0,10,台中銀-員林,2023-03-16,6114
2421,建準,20,10,10,台中銀-員林,2023-03-16,6114
3024,憶聲,10,0,10,台中銀-員林,2023-03-16,6114
3049,精金,10,0,10,台中銀-員林,2023-03-16,6114
4952,凌通,10,0,10,台中銀-員林,2023-03-16,6114
2603,長榮,30,20,10,台中銀-員林,2023-03-16,6114
2303,聯電,216,13,203,台中銀-員林,2023-03-17,6114
4952,凌通,141,0,141,台中銀-員林,2023-03-17,6114
6244,茂迪,170,69,101,台中銀-員林,2023-03-17,6114
1513,中興電,102,3,99,台中銀-員林,2023-03-17,6114
2834,臺企銀,97,8,89,台中銀-員林,2023-03-17,6114
00632R,元大台灣50反1,88,0,88,台中銀-員林,2023-03-17,6114
2453,凌群,90,2,88,台中銀-員林,2023-03-17,6114
00878,國泰永續高股息,106,25,81,台中銀-員林,2023-03-17,6114
2425,承啟,65,0,65,台中銀-員林,2023-03-17,6114
3481,群創,43,6,37,台中銀-員林,2023-03-17,6114
2610,華航,45,10,35,台中銀-員林,2023-03-17,6114
4164,承業醫,35,0,35,台中銀-員林,2023-03-17,6114
2412,中華電,30,0,30,台中銀-員林,2023-03-17,6114
2888,新光金,33,5,28,台中銀-員林,2023-03-17,6114
2409,友達,26,1,25,台中銀-員林,2023-03-17,6114
3141,晶宏,21,0,21,台中銀-員林,2023-03-17,6114
00669R,國泰美國道瓊反1,20,0,20,台中銀-員林,2023-03-17,6114
2462,良得電,20,0,20,台中銀-員林,2023-03-17,6114
2538,基泰,20,0,20,台中銀-員林,2023-03-17,6114
6125,廣運,18,0,18,台中銀-員林,2023-03-17,6114
2883,凱基金,18,2,16,台中銀-員林,2023-03-17,6114
5483,中美晶,20,6,14,台中銀-員林,2023-03-17,6114
2002,中鋼,22,9,13,台中銀-員林,2023-03-17,6114
2027,大成鋼,14,1,13,台中銀-員林,2023-03-17,6114
00680L,元大美債20正2,12,0,12,台中銀-員林,2023-03-17,6114
00713,元大台灣高息低波,11,0,11,台中銀-員林,2023-03-17,6114
2359,所羅門,23,12,11,台中銀-員林,2023-03-17,6114
6235,華孚,44,33,11,台中銀-員林,2023-03-17,6114
6282,康舒,14,3,11,台中銀-員林,2023-03-17,6114
1216,統一,10,0,10,台中銀-員林,2023-03-17,6114
00642U,期元大S＆P石油,10,0,10,台中銀-員林,2023-03-17,6114
00720B,元大投資級公司債,10,0,10,台中銀-員林,2023-03-17,6114
1532,勤美,19,9,10,台中銀-員林,2023-03-17,6114
2106,建大,10,0,10,台中銀-員林,2023-03-17,6114
2362,藍天,10,0,10,台中銀-員林,2023-03-17,6114
2374,佳能,10,0,10,台中銀-員林,2023-03-17,6114
3264,欣銓,10,0,10,台中銀-員林,2023-03-17,6114
4175,杏一,10,0,10,台中銀-員林,2023-03-17,6114
6806,森崴能源,10,0,10,台中銀-員林,2023-03-17,6114
8454,富邦媒,10,0,10,台中銀-員林,2023-03-17,6114
9105,泰金寶-DR,10,0,10,台中銀-員林,2023-03-17,6114
6531,愛普*,25,15,10,台中銀-員林,2023-03-17,6114
00882,中信中國高股息,10,0,10,台中銀-員林,2023-03-17,6114
8069,元太,11,2,9,台中銀-員林,2023-03-17,6114
8171,天宇,10,1,9,台中銀-員林,2023-03-17,6114
00715L,期街口布蘭特正2,38,30,8,台中銀-員林,2023-03-17,6114
2881,富邦金,8,0,8,台中銀-員林,2023-03-17,6114
3128,昇銳,8,0,8,台中銀-員林,2023-03-17,6114
6182,合晶,8,0,8,台中銀-員林,2023-03-17,6114
2891,中信金,7,0,7,台中銀-員林,2023-03-17,6114
00893,國泰智能電動車,100,0,100,台中銀-員林,2023-03-20,6114
00715L,期街口布蘭特正2,88,0,88,台中銀-員林,2023-03-20,6114
6244,茂迪,128,52,76,台中銀-員林,2023-03-20,6114
00753L,中信中國50正2,50,0,50,台中銀-員林,2023-03-20,6114
2888,新光金,49,0,49,台中銀-員林,2023-03-20,6114
00878,國泰永續高股息,46,1,45,台中銀-員林,2023-03-20,6114
3576,聯合再生,90,47,43,台中銀-員林,2023-03-20,6114
00905,FT臺灣Smart,40,0,40,台中銀-員林,2023-03-20,6114
5388,中磊,33,1,32,台中銀-員林,2023-03-20,6114
00642U,期元大S＆P石油,31,0,31,台中銀-員林,2023-03-20,6114
00641R,富邦日本反1,30,0,30,台中銀-員林,2023-03-20,6114
8111,立��,30,0,30,台中銀-員林,2023-03-20,6114
00632R,元大台灣50反1,30,3,27,台中銀-員林,2023-03-20,6114
2609,陽明,27,1,26,台中銀-員林,2023-03-20,6114
3162,精確,25,0,25,台中銀-員林,2023-03-20,6114
00665L,富邦�琤肭磪囓�2,23,0,23,台中銀-員林,2023-03-20,6114
2486,一詮,20,1,19,台中銀-員林,2023-03-20,6114
4147,中裕,19,0,19,台中銀-員林,2023-03-20,6114
2482,連宇,43,25,18,台中銀-員林,2023-03-20,6114
3046,建��,24,7,17,台中銀-員林,2023-03-20,6114
00882,中信中國高股息,17,0,17,台中銀-員林,2023-03-20,6114
3029,零壹,30,13,17,台中銀-員林,2023-03-20,6114
00679B,元大美債20年,30,13,17,台中銀-員林,2023-03-20,6114
00637L,元大滬深300正2,16,0,16,台中銀-員林,2023-03-20,6114
5706,鳳凰,21,5,16,台中銀-員林,2023-03-20,6114
1605,華新,54,39,15,台中銀-員林,2023-03-20,6114
1304,台聚,14,0,14,台中銀-員林,2023-03-20,6114
5512,力麒,113,100,13,台中銀-員林,2023-03-20,6114
2880,華南金,14,3,11,台中銀-員林,2023-03-20,6114
00725B,國泰投資級公司債,10,0,10,台中銀-員林,2023-03-20,6114
00720B,元大投資級公司債,10,0,10,台中銀-員林,2023-03-20,6114
2495,普安,10,0,10,台中銀-員林,2023-03-20,6114
3622,洋華,10,0,10,台中銀-員林,2023-03-20,6114
00772B,中信高評級公司債,10,0,10,台中銀-員林,2023-03-20,6114
2471,資通,55,46,9,台中銀-員林,2023-03-20,6114
2406,國碩,41,33,8,台中銀-員林,2023-03-20,6114
2472,立隆電,10,2,8,台中銀-員林,2023-03-20,6114
2812,台中銀,12,4,8,台中銀-員林,2023-03-20,6114
3441,聯一光,8,0,8,台中銀-員林,2023-03-20,6114
8210,勤誠,19,11,8,台中銀-員林,2023-03-20,6114
2103,台橡,7,0,7,台中銀-員林,2023-03-20,6114
2342,茂矽,7,0,7,台中銀-員林,2023-03-20,6114
2402,毅嘉,7,0,7,台中銀-員林,2023-03-20,6114
4934,太極,13,6,7,台中銀-員林,2023-03-20,6114
8234,新漢,7,0,7,台中銀-員林,2023-03-20,6114
2834,臺企銀,14,8,6,台中銀-員林,2023-03-20,6114
1712,興農,6,0,6,台中銀-員林,2023-03-20,6114
3264,欣銓,8,2,6,台中銀-員林,2023-03-20,6114
9945,潤泰新,6,1,5,台中銀-員林,2023-03-20,6114
00885,富邦越南,6,1,5,台中銀-員林,2023-03-20,6114
2014,中鴻,60,0,60,台中銀-員林,2023-03-21,6114
6244,茂迪,121,78,43,台中銀-員林,2023-03-21,6114
1605,華新,64,21,43,台中銀-員林,2023-03-21,6114
6770,力積電,36,0,36,台中銀-員林,2023-03-21,6114
3231,緯創,31,10,21,台中銀-員林,2023-03-21,6114
4977,眾達-KY,20,0,20,台中銀-員林,2023-03-21,6114
2302,麗正,50,30,20,台中銀-員林,2023-03-21,6114
6148,驊宏資,20,0,20,台中銀-員林,2023-03-21,6114
6188,廣明,50,31,19,台中銀-員林,2023-03-21,6114
2453,凌群,96,79,17,台中銀-員林,2023-03-21,6114
2883,凱基金,17,0,17,台中銀-員林,2023-03-21,6114
6116,彩晶,16,0,16,台中銀-員林,2023-03-21,6114
8111,立��,16,0,16,台中銀-員林,2023-03-21,6114
00632R,元大台灣50反1,15,0,15,台中銀-員林,2023-03-21,6114
00885,富邦越南,15,0,15,台中銀-員林,2023-03-21,6114
2106,建大,15,0,15,台中銀-員林,2023-03-21,6114
2440,太空梭,15,0,15,台中銀-員林,2023-03-21,6114
2371,大同,14,0,14,台中銀-員林,2023-03-21,6114
2605,新興,15,1,14,台中銀-員林,2023-03-21,6114
4976,佳凌,22,8,14,台中銀-員林,2023-03-21,6114
6593,台灣銘板,15,1,14,台中銀-員林,2023-03-21,6114
8358,金居,13,0,13,台中銀-員林,2023-03-21,6114
2345,智邦,20,8,12,台中銀-員林,2023-03-21,6114
3545,敦泰,24,13,11,台中銀-員林,2023-03-21,6114
2399,映泰,11,0,11,台中銀-員林,2023-03-21,6114
2634,漢翔,24,14,10,台中銀-員林,2023-03-21,6114
2034,允強,10,0,10,台中銀-員林,2023-03-21,6114
2369,菱生,10,0,10,台中銀-員林,2023-03-21,6114
3011,今皓,10,0,10,台中銀-員林,2023-03-21,6114
3624,光頡,18,8,10,台中銀-員林,2023-03-21,6114
6548,長科*,10,0,10,台中銀-員林,2023-03-21,6114
00878,國泰永續高股息,15,6,9,台中銀-員林,2023-03-21,6114
1802,台玻,11,2,9,台中銀-員林,2023-03-21,6114
2303,聯電,9,0,9,台中銀-員林,2023-03-21,6114
3533,嘉澤,9,0,9,台中銀-員林,2023-03-21,6114
6485,點序,9,0,9,台中銀-員林,2023-03-21,6114
00712,復華富時不動產,8,0,8,台中銀-員林,2023-03-21,6114
2891,中信金,8,0,8,台中銀-員林,2023-03-21,6114
2454,聯發科,8,0,8,台中銀-員林,2023-03-21,6114
00680L,元大美債20正2,10,2,8,台中銀-員林,2023-03-21,6114
2601,益航,8,0,8,台中銀-員林,2023-03-21,6114
4934,太極,21,13,8,台中銀-員林,2023-03-21,6114
2884,玉山金,7,0,7,台中銀-員林,2023-03-21,6114
3272,東碩,7,0,7,台中銀-員林,2023-03-21,6114
3443,創意,13,6,7,台中銀-員林,2023-03-21,6114
6669,緯穎,7,1,6,台中銀-員林,2023-03-21,6114
2615,萬海,6,0,6,台中銀-員林,2023-03-21,6114
00642U,期元大S＆P石油,6,0,6,台中銀-員林,2023-03-21,6114
1314,中石化,6,0,6,台中銀-員林,2023-03-21,6114
1603,華電,7,1,6,台中銀-員林,2023-03-21,6114
2891,中信金,286,0,286,台中銀-員林,2023-03-22,6114
2884,玉山金,251,2,249,台中銀-員林,2023-03-22,6114
2344,華邦電,85,0,85,台中銀-員林,2023-03-22,6114
00632R,元大台灣50反1,79,0,79,台中銀-員林,2023-03-22,6114
2409,友達,56,0,56,台中銀-員林,2023-03-22,6114
4746,台耀,46,0,46,台中銀-員林,2023-03-22,6114
6024,群益期,43,1,42,台中銀-員林,2023-03-22,6114
00895,富邦未來車,40,0,40,台中銀-員林,2023-03-22,6114
2457,飛宏,67,27,40,台中銀-員林,2023-03-22,6114
2402,毅嘉,42,7,35,台中銀-員林,2023-03-22,6114
00751B,元大AAA至A公司債,31,0,31,台中銀-員林,2023-03-22,6114
00795B,中信美國公債20年,30,0,30,台中銀-員林,2023-03-22,6114
2462,良得電,27,0,27,台中銀-員林,2023-03-22,6114
3231,緯創,120,94,26,台中銀-員林,2023-03-22,6114
3047,訊舟,41,15,26,台中銀-員林,2023-03-22,6114
00669R,國泰美國道瓊反1,25,0,25,台中銀-員林,2023-03-22,6114
6235,華孚,31,10,21,台中銀-員林,2023-03-22,6114
2645,長榮航太,20,0,20,台中銀-員林,2023-03-22,6114
00680L,元大美債20正2,19,0,19,台中銀-員林,2023-03-22,6114
00679B,元大美債20年,18,0,18,台中銀-員林,2023-03-22,6114
2482,連宇,52,34,18,台中銀-員林,2023-03-22,6114
3059,華晶科,37,19,18,台中銀-員林,2023-03-22,6114
3058,立德,17,0,17,台中銀-員林,2023-03-22,6114
00631L,元大台灣50正2,13,0,13,台中銀-員林,2023-03-22,6114
2014,中鴻,19,6,13,台中銀-員林,2023-03-22,6114
3013,晟銘電,18,6,12,台中銀-員林,2023-03-22,6114
3264,欣銓,12,0,12,台中銀-員林,2023-03-22,6114
3703,欣陸,11,0,11,台中銀-員林,2023-03-22,6114
3714,富采,22,11,11,台中銀-員林,2023-03-22,6114
4721,美琪瑪,11,0,11,台中銀-員林,2023-03-22,6114
00664R,國泰臺灣加權反1,10,0,10,台中銀-員林,2023-03-22,6114
2438,翔耀,10,0,10,台中銀-員林,2023-03-22,6114
2495,普安,10,0,10,台中銀-員林,2023-03-22,6114
2836,高雄銀,10,0,10,台中銀-員林,2023-03-22,6114
2915,潤泰全,10,0,10,台中銀-員林,2023-03-22,6114
3419,譁裕,19,9,10,台中銀-員林,2023-03-22,6114
5381,合正,10,0,10,台中銀-員林,2023-03-22,6114
6139,亞翔,10,0,10,台中銀-員林,2023-03-22,6114
6140,訊達,20,10,10,台中銀-員林,2023-03-22,6114
2323,中環,10,0,10,台中銀-員林,2023-03-22,6114
3481,群創,15,6,9,台中銀-員林,2023-03-22,6114
3715,定穎投控,10,1,9,台中銀-員林,2023-03-22,6114
4934,太極,19,10,9,台中銀-員林,2023-03-22,6114
6443,元晶,16,7,9,台中銀-員林,2023-03-22,6114
00712,復華富時不動產,8,0,8,台中銀-員林,2023-03-22,6114
3576,聯合再生,20,12,8,台中銀-員林,2023-03-22,6114
3682,亞太電,8,0,8,台中銀-員林,2023-03-22,6114
6122,擎邦,8,0,8,台中銀-員林,2023-03-22,6114
00885,富邦越南,7,0,7,台中銀-員林,2023-03-22,6114
6111,大宇資,7,0,7,台中銀-員林,2023-03-22,6114
00882,中信中國高股息,940,0,940,台中銀-員林,2023-03-23,6114
00753L,中信中國50正2,400,30,370,台中銀-員林,2023-03-23,6114
6288,聯嘉,74,5,69,台中銀-員林,2023-03-23,6114
2204,中華,94,43,51,台中銀-員林,2023-03-23,6114
3231,緯創,119,80,39,台中銀-員林,2023-03-23,6114
2303,聯電,32,2,30,台中銀-員林,2023-03-23,6114
3483,力致,30,1,29,台中銀-員林,2023-03-23,6114
3481,群創,33,5,28,台中銀-員林,2023-03-23,6114
2880,華南金,27,0,27,台中銀-員林,2023-03-23,6114
3479,安勤,30,3,27,台中銀-員林,2023-03-23,6114
1504,東元,26,4,22,台中銀-員林,2023-03-23,6114
00632R,元大台灣50反1,22,0,22,台中銀-員林,2023-03-23,6114
3545,敦泰,21,0,21,台中銀-員林,2023-03-23,6114
2834,臺企銀,42,22,20,台中銀-員林,2023-03-23,6114
3491,昇達科,21,1,20,台中銀-員林,2023-03-23,6114
6443,元晶,22,2,20,台中銀-員林,2023-03-23,6114
00885,富邦越南,17,0,17,台中銀-員林,2023-03-23,6114
6024,群益期,17,0,17,台中銀-員林,2023-03-23,6114
3322,建舜電,19,6,13,台中銀-員林,2023-03-23,6114
3710,連展投控,13,0,13,台中銀-員林,2023-03-23,6114
00713,元大台灣高息低波,16,3,13,台中銀-員林,2023-03-23,6114
1598,岱宇,12,0,12,台中銀-員林,2023-03-23,6114
2601,益航,12,0,12,台中銀-員林,2023-03-23,6114
2409,友達,11,0,11,台中銀-員林,2023-03-23,6114
3221,台嘉碩,10,0,10,台中銀-員林,2023-03-23,6114
3552,同致,10,0,10,台中銀-員林,2023-03-23,6114
006208,富邦台50,11,1,10,台中銀-員林,2023-03-23,6114
2002,中鋼,10,1,9,台中銀-員林,2023-03-23,6114
00878,國泰永續高股息,22,14,8,台中銀-員林,2023-03-23,6114
2603,長榮,9,1,8,台中銀-員林,2023-03-23,6114
2419,仲琦,8,0,8,台中銀-員林,2023-03-23,6114
2498,宏達電,10,2,8,台中銀-員林,2023-03-23,6114
2515,中工,8,0,8,台中銀-員林,2023-03-23,6114
5452,佶優,8,0,8,台中銀-員林,2023-03-23,6114
2371,大同,7,0,7,台中銀-員林,2023-03-23,6114
4934,太極,10,3,7,台中銀-員林,2023-03-23,6114
2014,中鴻,6,0,6,台中銀-員林,2023-03-23,6114
2481,強茂,7,1,6,台中銀-員林,2023-03-23,6114
3033,威健,6,0,6,台中銀-員林,2023-03-23,6114
3035,智原,11,5,6,台中銀-員林,2023-03-23,6114
3413,京鼎,6,0,6,台中銀-員林,2023-03-23,6114
6863,永道-KY,7,1,6,台中銀-員林,2023-03-23,6114
6874,倍力,6,0,6,台中銀-員林,2023-03-23,6114
2637,慧洋-KY,9,4,5,台中銀-員林,2023-03-23,6114
1227,佳格,5,0,5,台中銀-員林,2023-03-23,6114
00679B,元大美債20年,7,2,5,台中銀-員林,2023-03-23,6114
1532,勤美,5,0,5,台中銀-員林,2023-03-23,6114
1603,華電,5,0,5,台中銀-員林,2023-03-23,6114
2101,南港,5,0,5,台中銀-員林,2023-03-23,6114
2201,裕隆,8,3,5,台中銀-員林,2023-03-23,6114
2312,金寶,400,0,400,台中銀-員林,2023-03-24,6114
00665L,富邦�琤肭磪囓�2,400,4,396,台中銀-員林,2023-03-24,6114
00715L,期街口布蘭特正2,228,27,201,台中銀-員林,2023-03-24,6114
2371,大同,107,0,107,台中銀-員林,2023-03-24,6114
5381,合正,60,0,60,台中銀-員林,2023-03-24,6114
2388,威盛,52,10,42,台中銀-員林,2023-03-24,6114
8234,新漢,57,17,40,台中銀-員林,2023-03-24,6114
4147,中裕,47,11,36,台中銀-員林,2023-03-24,6114
2834,臺企銀,33,1,32,台中銀-員林,2023-03-24,6114
00751B,元大AAA至A公司債,31,0,31,台中銀-員林,2023-03-24,6114
00830,國泰費城半導體,30,2,28,台中銀-員林,2023-03-24,6114
8091,翔名,25,0,25,台中銀-員林,2023-03-24,6114
2618,長榮航,23,0,23,台中銀-員林,2023-03-24,6114
4967,十銓,23,1,22,台中銀-員林,2023-03-24,6114
3033,威健,20,0,20,台中銀-員林,2023-03-24,6114
00632R,元大台灣50反1,20,0,20,台中銀-員林,2023-03-24,6114
3499,環天科,70,50,20,台中銀-員林,2023-03-24,6114
3710,連展投控,20,0,20,台中銀-員林,2023-03-24,6114
6125,廣運,20,0,20,台中銀-員林,2023-03-24,6114
6443,元晶,20,0,20,台中銀-員林,2023-03-24,6114
00680L,元大美債20正2,20,2,18,台中銀-員林,2023-03-24,6114
3050,鈺德,18,0,18,台中銀-員林,2023-03-24,6114
8033,雷虎,19,1,18,台中銀-員林,2023-03-24,6114
2402,毅嘉,51,33,18,台中銀-員林,2023-03-24,6114
00679B,元大美債20年,18,0,18,台中銀-員林,2023-03-24,6114
4953,緯軟,21,4,17,台中銀-員林,2023-03-24,6114
5222,全訊,17,0,17,台中銀-員林,2023-03-24,6114
6160,欣技,16,0,16,台中銀-員林,2023-03-24,6114
2105,正新,19,3,16,台中銀-員林,2023-03-24,6114
2462,良得電,16,1,15,台中銀-員林,2023-03-24,6114
6140,訊達,15,0,15,台中銀-員林,2023-03-24,6114
2609,陽明,15,1,14,台中銀-員林,2023-03-24,6114
2634,漢翔,18,5,13,台中銀-員林,2023-03-24,6114
3306,鼎天,12,0,12,台中銀-員林,2023-03-24,6114
00712,復華富時不動產,13,2,11,台中銀-員林,2023-03-24,6114
2486,一詮,11,0,11,台中銀-員林,2023-03-24,6114
2891,中信金,11,0,11,台中銀-員林,2023-03-24,6114
3019,亞光,11,0,11,台中銀-員林,2023-03-24,6114
4950,牧東,11,0,11,台中銀-員林,2023-03-24,6114
6841,長佳智能,12,1,11,台中銀-員林,2023-03-24,6114
00773B,中信優先金融債,10,0,10,台中銀-員林,2023-03-24,6114
2427,三商電,10,0,10,台中銀-員林,2023-03-24,6114
6719,力智,10,0,10,台中銀-員林,2023-03-24,6114
1504,東元,34,24,10,台中銀-員林,2023-03-24,6114
2472,立隆電,11,2,9,台中銀-員林,2023-03-24,6114
4989,榮科,10,1,9,台中銀-員林,2023-03-24,6114
3715,定穎投控,11,3,8,台中銀-員林,2023-03-24,6114
8926,台汽電,8,0,8,台中銀-員林,2023-03-24,6114
3682,亞太電,7,0,7,台中銀-員林,2023-03-24,6114
6257,矽格,9,2,7,台中銀-員林,2023-03-24,6114
2371,大同,110,0,110,台中銀-員林,2023-03-27,6114
2312,金寶,100,1,99,台中銀-員林,2023-03-27,6114
6244,茂迪,93,31,62,台中銀-員林,2023-03-27,6114
4934,太極,55,3,52,台中銀-員林,2023-03-27,6114
6288,聯嘉,85,36,49,台中銀-員林,2023-03-27,6114
3035,智原,42,7,35,台中銀-員林,2023-03-27,6114
2634,漢翔,61,29,32,台中銀-員林,2023-03-27,6114
5381,合正,31,0,31,台中銀-員林,2023-03-27,6114
2462,良得電,27,0,27,台中銀-員林,2023-03-27,6114
4971,IET-KY,27,0,27,台中銀-員林,2023-03-27,6114
3625,西勝,26,0,26,台中銀-員林,2023-03-27,6114
6152,百一,26,0,26,台中銀-員林,2023-03-27,6114
3231,緯創,89,63,26,台中銀-員林,2023-03-27,6114
2472,立隆電,27,2,25,台中銀-員林,2023-03-27,6114
00882,中信中國高股息,21,0,21,台中銀-員林,2023-03-27,6114
2211,長榮鋼,20,0,20,台中銀-員林,2023-03-27,6114
3162,精確,21,1,20,台中銀-員林,2023-03-27,6114
3374,精材,20,0,20,台中銀-員林,2023-03-27,6114
2002,中鋼,20,1,19,台中銀-員林,2023-03-27,6114
2314,台揚,18,0,18,台中銀-員林,2023-03-27,6114
1810,和成,24,7,17,台中銀-員林,2023-03-27,6114
2388,威盛,21,5,16,台中銀-員林,2023-03-27,6114
1584,精剛,19,4,15,台中銀-員林,2023-03-27,6114
2317,鴻海,15,0,15,台中銀-員林,2023-03-27,6114
6770,力積電,13,0,13,台中銀-員林,2023-03-27,6114
4989,榮科,13,0,13,台中銀-員林,2023-03-27,6114
8222,寶一,15,3,12,台中銀-員林,2023-03-27,6114
00772B,中信高評級公司債,12,0,12,台中銀-員林,2023-03-27,6114
3105,穩懋,20,8,12,台中銀-員林,2023-03-27,6114
00712,復華富時不動產,11,0,11,台中銀-員林,2023-03-27,6114
00753L,中信中國50正2,11,0,11,台中銀-員林,2023-03-27,6114
8064,東捷,10,0,10,台中銀-員林,2023-03-27,6114
1301,台塑,10,0,10,台中銀-員林,2023-03-27,6114
1453,大將,10,0,10,台中銀-員林,2023-03-27,6114
2323,中環,10,0,10,台中銀-員林,2023-03-27,6114
3011,今皓,10,0,10,台中銀-員林,2023-03-27,6114
3046,建��,10,0,10,台中銀-員林,2023-03-27,6114
3093,港建*,11,1,10,台中銀-員林,2023-03-27,6114
5289,宜鼎,11,1,10,台中銀-員林,2023-03-27,6114
6161,捷波,11,1,10,台中銀-員林,2023-03-27,6114
6261,久元,10,0,10,台中銀-員林,2023-03-27,6114
6569,醫揚,10,0,10,台中銀-員林,2023-03-27,6114
6756,威鋒電子,10,0,10,台中銀-員林,2023-03-27,6114
8150,南茂,10,0,10,台中銀-員林,2023-03-27,6114
1762,中化生,10,1,9,台中銀-員林,2023-03-27,6114
3715,定穎投控,10,1,9,台中銀-員林,2023-03-27,6114
6163,華電網,9,0,9,台中銀-員林,2023-03-27,6114
2302,麗正,10,2,8,台中銀-員林,2023-03-27,6114
2495,普安,10,2,8,台中銀-員林,2023-03-27,6114
3481,群創,11,3,8,台中銀-員林,2023-03-27,6114
1101,台泥,305,5,300,台中銀-員林,2023-03-28,6114
2312,金寶,100,0,100,台中銀-員林,2023-03-28,6114
1216,統一,78,0,78,台中銀-員林,2023-03-28,6114
1762,中化生,69,0,69,台中銀-員林,2023-03-28,6114
2610,華航,54,3,51,台中銀-員林,2023-03-28,6114
00679B,元大美債20年,48,0,48,台中銀-員林,2023-03-28,6114
1605,華新,77,34,43,台中銀-員林,2023-03-28,6114
2609,陽明,43,4,39,台中銀-員林,2023-03-28,6114
2342,茂矽,45,11,34,台中銀-員林,2023-03-28,6114
00751B,元大AAA至A公司債,32,0,32,台中銀-員林,2023-03-28,6114
00694B,富邦美債1-3,30,0,30,台中銀-員林,2023-03-28,6114
1584,精剛,60,32,28,台中銀-員林,2023-03-28,6114
2303,聯電,29,2,27,台中銀-員林,2023-03-28,6114
3035,智原,33,8,25,台中銀-員林,2023-03-28,6114
00878,國泰永續高股息,23,0,23,台中銀-員林,2023-03-28,6114
4967,十銓,48,25,23,台中銀-員林,2023-03-28,6114
2421,建準,22,0,22,台中銀-員林,2023-03-28,6114
00664R,國泰臺灣加權反1,20,0,20,台中銀-員林,2023-03-28,6114
00671R,富邦NASDAQ反1,20,0,20,台中銀-員林,2023-03-28,6114
3630,新鉅科,20,0,20,台中銀-員林,2023-03-28,6114
2601,益航,19,0,19,台中銀-員林,2023-03-28,6114
00895,富邦未來車,20,2,18,台中銀-員林,2023-03-28,6114
2371,大同,18,0,18,台中銀-員林,2023-03-28,6114
6140,訊達,20,2,18,台中銀-員林,2023-03-28,6114
2388,威盛,24,7,17,台中銀-員林,2023-03-28,6114
3011,今皓,17,0,17,台中銀-員林,2023-03-28,6114
4989,榮科,17,0,17,台中銀-員林,2023-03-28,6114
3046,建��,16,0,16,台中銀-員林,2023-03-28,6114
2888,新光金,18,4,14,台中銀-員林,2023-03-28,6114
1907,永豐餘,13,0,13,台中銀-員林,2023-03-28,6114
2314,台揚,12,0,12,台中銀-員林,2023-03-28,6114
2345,智邦,31,19,12,台中銀-員林,2023-03-28,6114
2731,雄獅,12,0,12,台中銀-員林,2023-03-28,6114
00902,中信電池及儲能,11,0,11,台中銀-員林,2023-03-28,6114
4971,IET-KY,11,0,11,台中銀-員林,2023-03-28,6114
5483,中美晶,10,0,10,台中銀-員林,2023-03-28,6114
00674R,期元大S＆P黃金反1,10,0,10,台中銀-員林,2023-03-28,6114
00673R,期元大S＆P原油反1,10,0,10,台中銀-員林,2023-03-28,6114
00893,國泰智能電動車,10,0,10,台中銀-員林,2023-03-28,6114
2201,裕隆,12,2,10,台中銀-員林,2023-03-28,6114
2376,技嘉,10,0,10,台中銀-員林,2023-03-28,6114
2486,一詮,10,0,10,台中銀-員林,2023-03-28,6114
8210,勤誠,12,2,10,台中銀-員林,2023-03-28,6114
6245,立端,10,0,10,台中銀-員林,2023-03-28,6114
1708,東鹼,10,1,9,台中銀-員林,2023-03-28,6114
6446,藥華藥,11,2,9,台中銀-員林,2023-03-28,6114
1319,東陽,8,0,8,台中銀-員林,2023-03-28,6114
2882,國泰金,10,2,8,台中銀-員林,2023-03-28,6114
3022,威強電,8,0,8,台中銀-員林,2023-03-28,6114
3625,西勝,8,0,8,台中銀-員林,2023-03-28,6114
00673R,期元大S＆P原油反1,300,0,300,台中銀-員林,2023-03-29,6114
2312,金寶,200,0,200,台中銀-員林,2023-03-29,6114
2812,台中銀,111,27,84,台中銀-員林,2023-03-29,6114
3231,緯創,78,5,73,台中銀-員林,2023-03-29,6114
00772B,中信高評級公司債,68,0,68,台中銀-員林,2023-03-29,6114
2303,聯電,37,3,34,台中銀-員林,2023-03-29,6114
1762,中化生,33,0,33,台中銀-員林,2023-03-29,6114
00725B,國泰投資級公司債,30,0,30,台中銀-員林,2023-03-29,6114
4746,台耀,30,0,30,台中銀-員林,2023-03-29,6114
5450,南良,28,0,28,台中銀-員林,2023-03-29,6114
2428,興勤,26,0,26,台中銀-員林,2023-03-29,6114
1584,精剛,31,5,26,台中銀-員林,2023-03-29,6114
6531,愛普*,22,1,21,台中銀-員林,2023-03-29,6114
00895,富邦未來車,20,0,20,台中銀-員林,2023-03-29,6114
00893,國泰智能電動車,20,0,20,台中銀-員林,2023-03-29,6114
2440,太空梭,20,0,20,台中銀-員林,2023-03-29,6114
2891,中信金,20,0,20,台中銀-員林,2023-03-29,6114
4726,永昕,20,0,20,台中銀-員林,2023-03-29,6114
1504,東元,27,11,16,台中銀-員林,2023-03-29,6114
00632R,元大台灣50反1,15,0,15,台中銀-員林,2023-03-29,6114
4526,東台,15,0,15,台中銀-員林,2023-03-29,6114
6188,廣明,20,5,15,台中銀-員林,2023-03-29,6114
8050,廣積,15,0,15,台中銀-員林,2023-03-29,6114
00679B,元大美債20年,13,0,13,台中銀-員林,2023-03-29,6114
3682,亞太電,13,0,13,台中銀-員林,2023-03-29,6114
1605,華新,31,19,12,台中銀-員林,2023-03-29,6114
2204,中華,12,0,12,台中銀-員林,2023-03-29,6114
2330,台積電,13,1,12,台中銀-員林,2023-03-29,6114
4147,中裕,12,0,12,台中銀-員林,2023-03-29,6114
2376,技嘉,11,0,11,台中銀-員林,2023-03-29,6114
00669R,國泰美國道瓊反1,10,0,10,台中銀-員林,2023-03-29,6114
3374,精材,10,0,10,台中銀-員林,2023-03-29,6114
8076,伍豐,10,0,10,台中銀-員林,2023-03-29,6114
8222,寶一,10,0,10,台中銀-員林,2023-03-29,6114
1104,環泥,10,0,10,台中銀-員林,2023-03-29,6114
2359,所羅門,12,3,9,台中銀-員林,2023-03-29,6114
3035,智原,10,2,8,台中銀-員林,2023-03-29,6114
3338,泰碩,14,6,8,台中銀-員林,2023-03-29,6114
1609,大亞,16,8,8,台中銀-員林,2023-03-29,6114
2481,強茂,10,2,8,台中銀-員林,2023-03-29,6114
2867,三商壽,8,0,8,台中銀-員林,2023-03-29,6114
6770,力積電,8,0,8,台中銀-員林,2023-03-29,6114
1712,興農,7,0,7,台中銀-員林,2023-03-29,6114
6111,大宇資,9,2,7,台中銀-員林,2023-03-29,6114
8234,新漢,8,1,7,台中銀-員林,2023-03-29,6114
2302,麗正,7,1,6,台中銀-員林,2023-03-29,6114
2344,華邦電,6,0,6,台中銀-員林,2023-03-29,6114
2409,友達,6,0,6,台中銀-員林,2023-03-29,6114
3022,威強電,6,0,6,台中銀-員林,2023-03-29,6114
5706,鳳凰,6,0,6,台中銀-員林,2023-03-29,6114
00715L,期街口布蘭特正2,220,18,202,台中銀-員林,2023-03-30,6114
3576,聯合再生,103,1,102,台中銀-員林,2023-03-30,6114
00650L,復華香港正2,90,0,90,台中銀-員林,2023-03-30,6114
3260,威剛,62,2,60,台中銀-員林,2023-03-30,6114
1618,合機,46,0,46,台中銀-員林,2023-03-30,6114
00895,富邦未來車,30,0,30,台中銀-員林,2023-03-30,6114
6188,廣明,24,1,23,台中銀-員林,2023-03-30,6114
2889,國票金,24,3,21,台中銀-員林,2023-03-30,6114
2345,智邦,20,0,20,台中銀-員林,2023-03-30,6114
3027,盛達,20,0,20,台中銀-員林,2023-03-30,6114
4967,十銓,20,0,20,台中銀-員林,2023-03-30,6114
2376,技嘉,20,2,18,台中銀-員林,2023-03-30,6114
2884,玉山金,18,0,18,台中銀-員林,2023-03-30,6114
5871,中租-KY,17,0,17,台中銀-員林,2023-03-30,6114
2753,八方雲集,16,0,16,台中銀-員林,2023-03-30,6114
5309,系統電,23,7,16,台中銀-員林,2023-03-30,6114
8299,群聯,16,0,16,台中銀-員林,2023-03-30,6114
3022,威強電,14,0,14,台中銀-員林,2023-03-30,6114
00882,中信中國高股息,13,0,13,台中銀-員林,2023-03-30,6114
00632R,元大台灣50反1,13,0,13,台中銀-員林,2023-03-30,6114
2882,國泰金,33,20,13,台中銀-員林,2023-03-30,6114
5425,台半,17,4,13,台中銀-員林,2023-03-30,6114
2609,陽明,33,20,13,台中銀-員林,2023-03-30,6114
5452,佶優,12,0,12,台中銀-員林,2023-03-30,6114
6770,力積電,12,0,12,台中銀-員林,2023-03-30,6114
2891,中信金,11,0,11,台中銀-員林,2023-03-30,6114
1603,華電,10,0,10,台中銀-員林,2023-03-30,6114
2489,瑞軒,10,0,10,台中銀-員林,2023-03-30,6114
2881,富邦金,10,0,10,台中銀-員林,2023-03-30,6114
3481,群創,12,2,10,台中銀-員林,2023-03-30,6114
4726,永昕,10,0,10,台中銀-員林,2023-03-30,6114
5475,德宏,10,0,10,台中銀-員林,2023-03-30,6114
8131,福懋科,10,0,10,台中銀-員林,2023-03-30,6114
1504,東元,61,52,9,台中銀-員林,2023-03-30,6114
2440,太空梭,10,1,9,台中銀-員林,2023-03-30,6114
3049,精金,9,0,9,台中銀-員林,2023-03-30,6114
00679B,元大美債20年,9,1,8,台中銀-員林,2023-03-30,6114
1453,大將,9,1,8,台中銀-員林,2023-03-30,6114
6133,金橋,9,2,7,台中銀-員林,2023-03-30,6114
2883,凱基金,6,0,6,台中銀-員林,2023-03-30,6114
3661,世芯-KY,7,1,6,台中銀-員林,2023-03-30,6114
6472,保瑞,8,2,6,台中銀-員林,2023-03-30,6114
1589,永冠-KY,12,6,6,台中銀-員林,2023-03-30,6114
1326,台化,6,0,6,台中銀-員林,2023-03-30,6114
3047,訊舟,6,0,6,台中銀-員林,2023-03-30,6114
4989,榮科,6,0,6,台中銀-員林,2023-03-30,6114
6282,康舒,7,1,6,台中銀-員林,2023-03-30,6114
6441,廣錠,6,0,6,台中銀-員林,2023-03-30,6114
6485,點序,11,5,6,台中銀-員林,2023-03-30,6114
1101,台泥,5,0,5,台中銀-員林,2023-03-30,6114
00673R,期元大S＆P原油反1,202,0,202,台中銀-員林,2023-03-31,6114
1605,華新,192,14,178,台中銀-員林,2023-03-31,6114
2105,正新,29,0,29,台中銀-員林,2023-03-31,6114
1618,合機,21,0,21,台中銀-員林,2023-03-31,6114
2890,永豐金,21,0,21,台中銀-員林,2023-03-31,6114
00895,富邦未來車,20,0,20,台中銀-員林,2023-03-31,6114
3088,艾訊,18,0,18,台中銀-員林,2023-03-31,6114
2867,三商壽,17,0,17,台中銀-員林,2023-03-31,6114
2302,麗正,28,12,16,台中銀-員林,2023-03-31,6114
2884,玉山金,20,5,15,台中銀-員林,2023-03-31,6114
5381,合正,15,0,15,台中銀-員林,2023-03-31,6114
2889,國票金,29,15,14,台中銀-員林,2023-03-31,6114
00900,富邦特選高股息30,13,0,13,台中銀-員林,2023-03-31,6114
00632R,元大台灣50反1,12,0,12,台中銀-員林,2023-03-31,6114
2897,王道銀行,11,0,11,台中銀-員林,2023-03-31,6114
3027,盛達,11,0,11,台中銀-員林,2023-03-31,6114
4147,中裕,18,7,11,台中銀-員林,2023-03-31,6114
00669R,國泰美國道瓊反1,10,0,10,台中銀-員林,2023-03-31,6114
2354,鴻準,10,0,10,台中銀-員林,2023-03-31,6114
2495,普安,10,0,10,台中銀-員林,2023-03-31,6114
3006,晶豪科,14,4,10,台中銀-員林,2023-03-31,6114
3162,精確,10,0,10,台中銀-員林,2023-03-31,6114
3711,日月光投控,21,11,10,台中銀-員林,2023-03-31,6114
3715,定穎投控,10,0,10,台中銀-員林,2023-03-31,6114
4207,環泰,10,0,10,台中銀-員林,2023-03-31,6114
8028,昇陽半導體,15,5,10,台中銀-員林,2023-03-31,6114
2303,聯電,10,1,9,台中銀-員林,2023-03-31,6114
00893,國泰智能電動車,20,11,9,台中銀-員林,2023-03-31,6114
6288,聯嘉,16,7,9,台中銀-員林,2023-03-31,6114
3022,威強電,8,0,8,台中銀-員林,2023-03-31,6114
6443,元晶,10,2,8,台中銀-員林,2023-03-31,6114
1513,中興電,15,8,7,台中銀-員林,2023-03-31,6114
5871,中租-KY,7,0,7,台中銀-員林,2023-03-31,6114
2402,毅嘉,7,0,7,台中銀-員林,2023-03-31,6114
3294,英濟,7,0,7,台中銀-員林,2023-03-31,6114
4743,合一,7,0,7,台中銀-員林,2023-03-31,6114
8299,群聯,7,0,7,台中銀-員林,2023-03-31,6114
5351,鈺創,14,7,7,台中銀-員林,2023-03-31,6114
6180,橘子,6,0,6,台中銀-員林,2023-03-31,6114
00751B,元大AAA至A公司債,6,0,6,台中銀-員林,2023-03-31,6114
2753,八方雲集,6,0,6,台中銀-員林,2023-03-31,6114
4950,牧東,20,14,6,台中銀-員林,2023-03-31,6114
5706,鳳凰,6,0,6,台中銀-員林,2023-03-31,6114
6472,保瑞,5,0,5,台中銀-員林,2023-03-31,6114
3540,曜越,25,20,5,台中銀-員林,2023-03-31,6114
1806,冠軍,5,0,5,台中銀-員林,2023-03-31,6114
3202,樺晟,5,0,5,台中銀-員林,2023-03-31,6114
3322,建舜電,5,0,5,台中銀-員林,2023-03-31,6114
5243,乙盛-KY,5,0,5,台中銀-員林,2023-03-31,6114
6175,立敦,5,0,5,台中銀-員林,2023-03-31,6114
2495,普安,52,0,52,台中銀-員林,2023-04-06,6114
6770,力積電,44,2,42,台中銀-員林,2023-04-06,6114
00673R,期元大S＆P原油反1,42,0,42,台中銀-員林,2023-04-06,6114
2027,大成鋼,41,0,41,台中銀-員林,2023-04-06,6114
6548,長科*,42,13,29,台中銀-員林,2023-04-06,6114
2453,凌群,26,0,26,台中銀-員林,2023-04-06,6114
2457,飛宏,34,8,26,台中銀-員林,2023-04-06,6114
00902,中信電池及儲能,20,0,20,台中銀-員林,2023-04-06,6114
00665L,富邦�琤肭磪囓�2,23,3,20,台中銀-員林,2023-04-06,6114
2371,大同,20,0,20,台中銀-員林,2023-04-06,6114
2034,允強,15,0,15,台中銀-員林,2023-04-06,6114
3374,精材,15,0,15,台中銀-員林,2023-04-06,6114
4147,中裕,15,0,15,台中銀-員林,2023-04-06,6114
3093,港建*,13,0,13,台中銀-員林,2023-04-06,6114
5309,系統電,20,7,13,台中銀-員林,2023-04-06,6114
1609,大亞,32,19,13,台中銀-員林,2023-04-06,6114
1810,和成,27,15,12,台中銀-員林,2023-04-06,6114
00907,永豐優息存股,11,0,11,台中銀-員林,2023-04-06,6114
2609,陽明,13,2,11,台中銀-員林,2023-04-06,6114
2014,中鴻,10,0,10,台中銀-員林,2023-04-06,6114
2017,官田鋼,10,0,10,台中銀-員林,2023-04-06,6114
2106,建大,10,0,10,台中銀-員林,2023-04-06,6114
2402,毅嘉,12,2,10,台中銀-員林,2023-04-06,6114
2462,良得電,10,0,10,台中銀-員林,2023-04-06,6114
2486,一詮,11,1,10,台中銀-員林,2023-04-06,6114
2889,國票金,10,0,10,台中銀-員林,2023-04-06,6114
3162,精確,10,0,10,台中銀-員林,2023-04-06,6114
3430,奇鈦科,13,3,10,台中銀-員林,2023-04-06,6114
4904,遠傳,10,0,10,台中銀-員林,2023-04-06,6114
7402,邑錡,10,0,10,台中銀-員林,2023-04-06,6114
3025,星通,15,6,9,台中銀-員林,2023-04-06,6114
3441,聯一光,8,0,8,台中銀-員林,2023-04-06,6114
9933,中鼎,8,0,8,台中銀-員林,2023-04-06,6114
6643,M31,16,9,7,台中銀-員林,2023-04-06,6114
2208,台船,8,1,7,台中銀-員林,2023-04-06,6114
2427,三商電,7,0,7,台中銀-員林,2023-04-06,6114
2615,萬海,7,0,7,台中銀-員林,2023-04-06,6114
2344,華邦電,11,5,6,台中銀-員林,2023-04-06,6114
2601,益航,6,0,6,台中銀-員林,2023-04-06,6114
5475,德宏,6,0,6,台中銀-員林,2023-04-06,6114
8916,光隆,6,0,6,台中銀-員林,2023-04-06,6114
2355,敬鵬,6,0,6,台中銀-員林,2023-04-06,6114
00671R,富邦NASDAQ反1,5,0,5,台中銀-員林,2023-04-06,6114
2368,金像電,8,3,5,台中銀-員林,2023-04-06,6114
2408,南亞科,6,1,5,台中銀-員林,2023-04-06,6114
2820,華票,5,0,5,台中銀-員林,2023-04-06,6114
3022,威強電,5,0,5,台中銀-員林,2023-04-06,6114
3362,先進光,10,5,5,台中銀-員林,2023-04-06,6114
4743,合一,17,12,5,台中銀-員林,2023-04-06,6114
4927,泰鼎-KY,5,0,5,台中銀-員林,2023-04-06,6114
00665L,富邦�琤肭磪囓�2,189,0,189,台中銀-員林,2023-04-07,6114
6235,華孚,243,83,160,台中銀-員林,2023-04-07,6114
4931,新盛力,73,0,73,台中銀-員林,2023-04-07,6114
2867,三商壽,69,0,69,台中銀-員林,2023-04-07,6114
2027,大成鋼,52,0,52,台中銀-員林,2023-04-07,6114
1504,東元,64,14,50,台中銀-員林,2023-04-07,6114
3046,建��,40,1,39,台中銀-員林,2023-04-07,6114
00673R,期元大S＆P原油反1,34,0,34,台中銀-員林,2023-04-07,6114
4967,十銓,40,6,34,台中銀-員林,2023-04-07,6114
6443,元晶,26,0,26,台中銀-員林,2023-04-07,6114
1513,中興電,36,14,22,台中銀-員林,2023-04-07,6114
00712,復華富時不動產,27,5,22,台中銀-員林,2023-04-07,6114
00679B,元大美債20年,22,1,21,台中銀-員林,2023-04-07,6114
2440,太空梭,20,0,20,台中銀-員林,2023-04-07,6114
2462,良得電,20,0,20,台中銀-員林,2023-04-07,6114
2208,台船,26,7,19,台中銀-員林,2023-04-07,6114
00885,富邦越南,18,0,18,台中銀-員林,2023-04-07,6114
3479,安勤,15,0,15,台中銀-員林,2023-04-07,6114
1101,台泥,15,0,15,台中銀-員林,2023-04-07,6114
1795,美時,23,9,14,台中銀-員林,2023-04-07,6114
00772B,中信高評級公司債,13,0,13,台中銀-員林,2023-04-07,6114
2498,宏達電,26,13,13,台中銀-員林,2023-04-07,6114
5347,世界,13,0,13,台中銀-員林,2023-04-07,6114
3050,鈺德,12,0,12,台中銀-員林,2023-04-07,6114
4142,國光生,10,0,10,台中銀-員林,2023-04-07,6114
8415,大國鋼,10,0,10,台中銀-員林,2023-04-07,6114
8916,光隆,10,0,10,台中銀-員林,2023-04-07,6114
8112,至上,10,0,10,台中銀-員林,2023-04-07,6114
00878,國泰永續高股息,9,0,9,台中銀-員林,2023-04-07,6114
3162,精確,10,1,9,台中銀-員林,2023-04-07,6114
3264,欣銓,9,0,9,台中銀-員林,2023-04-07,6114
3693,營邦,9,1,8,台中銀-員林,2023-04-07,6114
6753,龍德造船,10,3,7,台中銀-員林,2023-04-07,6114
1519,華城,13,6,7,台中銀-員林,2023-04-07,6114
00751B,元大AAA至A公司債,7,0,7,台中銀-員林,2023-04-07,6114
2002,中鋼,7,0,7,台中銀-員林,2023-04-07,6114
2885,元大金,7,0,7,台中銀-員林,2023-04-07,6114
00720B,元大投資級公司債,6,0,6,台中銀-員林,2023-04-07,6114
00725B,國泰投資級公司債,6,0,6,台中銀-員林,2023-04-07,6114
2351,順德,6,0,6,台中銀-員林,2023-04-07,6114
2605,新興,6,0,6,台中銀-員林,2023-04-07,6114
2884,玉山金,6,0,6,台中銀-員林,2023-04-07,6114
6197,佳必琪,5,0,5,台中銀-員林,2023-04-07,6114
00680L,元大美債20正2,5,0,5,台中銀-員林,2023-04-07,6114
00760B,復華新興企業債,5,0,5,台中銀-員林,2023-04-07,6114
00902,中信電池及儲能,5,0,5,台中銀-員林,2023-04-07,6114
1529,樂事綠能,5,0,5,台中銀-員林,2023-04-07,6114
1808,潤隆,5,0,5,台中銀-員林,2023-04-07,6114
2889,國票金,5,0,5,台中銀-員林,2023-04-07,6114
3711,日月光投控,5,0,5,台中銀-員林,2023-04-07,6114
3162,精確,95,14,81,台中銀-員林,2023-04-10,6114
2438,翔耀,70,1,69,台中銀-員林,2023-04-10,6114
2345,智邦,51,0,51,台中銀-員林,2023-04-10,6114
2634,漢翔,65,14,51,台中銀-員林,2023-04-10,6114
3494,誠研,50,0,50,台中銀-員林,2023-04-10,6114
5309,系統電,40,0,40,台中銀-員林,2023-04-10,6114
2206,三陽工業,53,15,38,台中銀-員林,2023-04-10,6114
8936,國統,36,2,34,台中銀-員林,2023-04-10,6114
2462,良得電,30,0,30,台中銀-員林,2023-04-10,6114
4153,鈺緯,30,5,25,台中銀-員林,2023-04-10,6114
6770,力積電,21,0,21,台中銀-員林,2023-04-10,6114
1618,合機,20,0,20,台中銀-員林,2023-04-10,6114
1503,士電,21,4,17,台中銀-員林,2023-04-10,6114
4147,中裕,17,1,16,台中銀-員林,2023-04-10,6114
00673R,期元大S＆P原油反1,15,1,14,台中銀-員林,2023-04-10,6114
1810,和成,30,16,14,台中銀-員林,2023-04-10,6114
4931,新盛力,14,0,14,台中銀-員林,2023-04-10,6114
1529,樂事綠能,13,0,13,台中銀-員林,2023-04-10,6114
00712,復華富時不動產,12,0,12,台中銀-員林,2023-04-10,6114
4968,立積,21,11,10,台中銀-員林,2023-04-10,6114
00919,群益台灣精選高息,10,0,10,台中銀-員林,2023-04-10,6114
2302,麗正,20,10,10,台中銀-員林,2023-04-10,6114
6143,振曜,10,0,10,台中銀-員林,2023-04-10,6114
8415,大國鋼,10,0,10,台中銀-員林,2023-04-10,6114
5011,久陽,10,0,10,台中銀-員林,2023-04-10,6114
9942,茂順,9,0,9,台中銀-員林,2023-04-10,6114
2329,華泰,10,1,9,台中銀-員林,2023-04-10,6114
3703,欣陸,10,1,9,台中銀-員林,2023-04-10,6114
8033,雷虎,9,0,9,台中銀-員林,2023-04-10,6114
00888,永豐台灣ESG,8,0,8,台中銀-員林,2023-04-10,6114
6285,啟��,8,0,8,台中銀-員林,2023-04-10,6114
00902,中信電池及儲能,10,2,8,台中銀-員林,2023-04-10,6114
2484,希華,8,0,8,台中銀-員林,2023-04-10,6114
2609,陽明,50,42,8,台中銀-員林,2023-04-10,6114
5388,中磊,8,0,8,台中銀-員林,2023-04-10,6114
3545,敦泰,8,1,7,台中銀-員林,2023-04-10,6114
4915,致伸,6,0,6,台中銀-員林,2023-04-10,6114
3015,全漢,5,0,5,台中銀-員林,2023-04-10,6114
00680L,元大美債20正2,5,0,5,台中銀-員林,2023-04-10,6114
1301,台塑,10,5,5,台中銀-員林,2023-04-10,6114
2369,菱生,5,0,5,台中銀-員林,2023-04-10,6114
2375,凱美,5,0,5,台中銀-員林,2023-04-10,6114
2601,益航,6,1,5,台中銀-員林,2023-04-10,6114
3005,神基,5,0,5,台中銀-員林,2023-04-10,6114
3022,威強電,6,1,5,台中銀-員林,2023-04-10,6114
4114,健喬,30,25,5,台中銀-員林,2023-04-10,6114
4526,東台,5,0,5,台中銀-員林,2023-04-10,6114
4924,欣厚-KY,5,0,5,台中銀-員林,2023-04-10,6114
5381,合正,5,0,5,台中銀-員林,2023-04-10,6114
5534,長虹,5,0,5,台中銀-員林,2023-04-10,6114
00673R,期元大S＆P原油反1,213,11,202,台中銀-員林,2023-04-11,6114
5309,系統電,83,2,81,台中銀-員林,2023-04-11,6114
2206,三陽工業,218,152,66,台中銀-員林,2023-04-11,6114
3494,誠研,50,0,50,台中銀-員林,2023-04-11,6114
6188,廣明,50,13,37,台中銀-員林,2023-04-11,6114
00888,永豐台灣ESG,33,3,30,台中銀-員林,2023-04-11,6114
3432,台端,33,5,28,台中銀-員林,2023-04-11,6114
2328,廣宇,25,0,25,台中銀-員林,2023-04-11,6114
3046,建��,31,7,24,台中銀-員林,2023-04-11,6114
2425,承啟,24,1,23,台中銀-員林,2023-04-11,6114
2208,台船,29,7,22,台中銀-員林,2023-04-11,6114
00712,復華富時不動產,20,0,20,台中銀-員林,2023-04-11,6114
2399,映泰,20,0,20,台中銀-員林,2023-04-11,6114
4934,太極,20,0,20,台中銀-員林,2023-04-11,6114
1513,中興電,51,31,20,台中銀-員林,2023-04-11,6114
5381,合正,20,0,20,台中銀-員林,2023-04-11,6114
2882,國泰金,20,2,18,台中銀-員林,2023-04-11,6114
00679B,元大美債20年,17,0,17,台中銀-員林,2023-04-11,6114
00715L,期街口布蘭特正2,17,1,16,台中銀-員林,2023-04-11,6114
3338,泰碩,16,0,16,台中銀-員林,2023-04-11,6114
00896,中信綠能及電動車,15,0,15,台中銀-員林,2023-04-11,6114
2890,永豐金,15,0,15,台中銀-員林,2023-04-11,6114
6245,立端,16,1,15,台中銀-員林,2023-04-11,6114
00882,中信中國高股息,13,1,12,台中銀-員林,2023-04-11,6114
3710,連展投控,12,0,12,台中銀-員林,2023-04-11,6114
4989,榮科,12,0,12,台中銀-員林,2023-04-11,6114
8050,廣積,12,0,12,台中銀-員林,2023-04-11,6114
1519,華城,26,14,12,台中銀-員林,2023-04-11,6114
00753L,中信中國50正2,11,0,11,台中銀-員林,2023-04-11,6114
3027,盛達,11,0,11,台中銀-員林,2023-04-11,6114
6244,茂迪,11,0,11,台中銀-員林,2023-04-11,6114
00891,中信關鍵半導體,15,5,10,台中銀-員林,2023-04-11,6114
00632R,元大台灣50反1,10,0,10,台中銀-員林,2023-04-11,6114
1584,精剛,12,2,10,台中銀-員林,2023-04-11,6114
2413,環科,21,11,10,台中銀-員林,2023-04-11,6114
2534,宏盛,10,0,10,台中銀-員林,2023-04-11,6114
6015,宏遠證,10,0,10,台中銀-員林,2023-04-11,6114
6127,九豪,10,0,10,台中銀-員林,2023-04-11,6114
6167,久正,10,0,10,台中銀-員林,2023-04-11,6114
8088,品安,17,7,10,台中銀-員林,2023-04-11,6114
2881,富邦金,9,0,9,台中銀-員林,2023-04-11,6114
6209,今國光,11,2,9,台中銀-員林,2023-04-11,6114
3006,晶豪科,26,17,9,台中銀-員林,2023-04-11,6114
2834,臺企銀,11,3,8,台中銀-員林,2023-04-11,6114
3147,大綜,8,0,8,台中銀-員林,2023-04-11,6114
6283,淳安,10,2,8,台中銀-員林,2023-04-11,6114
1605,華新,10,3,7,台中銀-員林,2023-04-11,6114
2105,正新,17,10,7,台中銀-員林,2023-04-11,6114
3011,今皓,7,0,7,台中銀-員林,2023-04-11,6114
6578,達邦蛋白,7,0,7,台中銀-員林,2023-04-11,6114
00878,國泰永續高股息,307,35,272,台中銀-員林,2023-04-12,6114
1609,大亞,126,25,101,台中銀-員林,2023-04-12,6114
2312,金寶,100,0,100,台中銀-員林,2023-04-12,6114
1611,中電,101,2,99,台中銀-員林,2023-04-12,6114
2425,承啟,69,0,69,台中銀-員林,2023-04-12,6114
2515,中工,129,72,57,台中銀-員林,2023-04-12,6114
3494,誠研,50,0,50,台中銀-員林,2023-04-12,6114
6244,茂迪,72,25,47,台中銀-員林,2023-04-12,6114
1504,東元,63,19,44,台中銀-員林,2023-04-12,6114
2399,映泰,40,0,40,台中銀-員林,2023-04-12,6114
00665L,富邦�琤肭磪囓�2,36,0,36,台中銀-員林,2023-04-12,6114
8088,品安,47,14,33,台中銀-員林,2023-04-12,6114
1762,中化生,30,0,30,台中銀-員林,2023-04-12,6114
6218,豪勉,27,0,27,台中銀-員林,2023-04-12,6114
3027,盛達,38,15,23,台中銀-員林,2023-04-12,6114
2440,太空梭,30,10,20,台中銀-員林,2023-04-12,6114
2880,華南金,20,0,20,台中銀-員林,2023-04-12,6114
3325,旭品,20,0,20,台中銀-員林,2023-04-12,6114
5488,松普,20,1,19,台中銀-員林,2023-04-12,6114
2618,長榮航,17,0,17,台中銀-員林,2023-04-12,6114
3013,晟銘電,20,3,17,台中銀-員林,2023-04-12,6114
00919,群益台灣精選高息,15,0,15,台中銀-員林,2023-04-12,6114
4927,泰鼎-KY,15,0,15,台中銀-員林,2023-04-12,6114
4967,十銓,22,7,15,台中銀-員林,2023-04-12,6114
6160,欣技,17,2,15,台中銀-員林,2023-04-12,6114
00679B,元大美債20年,14,0,14,台中銀-員林,2023-04-12,6114
2233,宇隆,25,12,13,台中銀-員林,2023-04-12,6114
8222,寶一,20,7,13,台中銀-員林,2023-04-12,6114
2834,臺企銀,12,0,12,台中銀-員林,2023-04-12,6114
1109,信大,11,0,11,台中銀-員林,2023-04-12,6114
00712,復華富時不動產,11,0,11,台中銀-員林,2023-04-12,6114
2889,國票金,11,0,11,台中銀-員林,2023-04-12,6114
4541,晟田,12,1,11,台中銀-員林,2023-04-12,6114
2886,兆豐金,10,0,10,台中銀-員林,2023-04-12,6114
00902,中信電池及儲能,10,0,10,台中銀-員林,2023-04-12,6114
1108,幸福,10,0,10,台中銀-員林,2023-04-12,6114
2836,高雄銀,10,0,10,台中銀-員林,2023-04-12,6114
2867,三商壽,10,0,10,台中銀-員林,2023-04-12,6114
2890,永豐金,20,10,10,台中銀-員林,2023-04-12,6114
3162,精確,16,6,10,台中銀-員林,2023-04-12,6114
3622,洋華,10,0,10,台中銀-員林,2023-04-12,6114
8064,東捷,10,0,10,台中銀-員林,2023-04-12,6114
8086,宏捷科,11,1,10,台中銀-員林,2023-04-12,6114
8033,雷虎,9,0,9,台中銀-員林,2023-04-12,6114
5425,台半,10,1,9,台中銀-員林,2023-04-12,6114
1584,精剛,46,37,9,台中銀-員林,2023-04-12,6114
8476,台境*,9,0,9,台中銀-員林,2023-04-12,6114
1342,八貫,8,0,8,台中銀-員林,2023-04-12,6114
2413,環科,14,6,8,台中銀-員林,2023-04-12,6114
6806,森崴能源,17,9,8,台中銀-員林,2023-04-12,6114
00680L,元大美債20正2,202,0,202,台中銀-員林,2023-04-13,6114
1605,華新,125,14,111,台中銀-員林,2023-04-13,6114
1609,大亞,105,17,88,台中銀-員林,2023-04-13,6114
00712,復華富時不動產,67,0,67,台中銀-員林,2023-04-13,6114
4123,晟德,60,0,60,台中銀-員林,2023-04-13,6114
00892,富邦台灣半導體,51,0,51,台中銀-員林,2023-04-13,6114
1611,中電,50,0,50,台中銀-員林,2023-04-13,6114
1503,士電,59,11,48,台中銀-員林,2023-04-13,6114
3231,緯創,93,52,41,台中銀-員林,2023-04-13,6114
00679B,元大美債20年,34,0,34,台中銀-員林,2023-04-13,6114
1514,亞力,114,81,33,台中銀-員林,2023-04-13,6114
8927,北基,30,0,30,台中銀-員林,2023-04-13,6114
9962,有益,31,4,27,台中銀-員林,2023-04-13,6114
5222,全訊,46,21,25,台中銀-員林,2023-04-13,6114
2002,中鋼,27,2,25,台中銀-員林,2023-04-13,6114
8033,雷虎,23,0,23,台中銀-員林,2023-04-13,6114
5009,榮剛,65,43,22,台中銀-員林,2023-04-13,6114
1504,東元,77,56,21,台中銀-員林,2023-04-13,6114
00671R,富邦NASDAQ反1,20,0,20,台中銀-員林,2023-04-13,6114
6188,廣明,30,10,20,台中銀-員林,2023-04-13,6114
0056,元大高股息,17,0,17,台中銀-員林,2023-04-13,6114
00881,國泰台灣5G+,17,0,17,台中銀-員林,2023-04-13,6114
5512,力麒,22,5,17,台中銀-員林,2023-04-13,6114
6163,華電網,33,17,16,台中銀-員林,2023-04-13,6114
2049,上銀,16,0,16,台中銀-員林,2023-04-13,6114
5351,鈺創,17,1,16,台中銀-員林,2023-04-13,6114
2882,國泰金,15,0,15,台中銀-員林,2023-04-13,6114
6235,華孚,63,48,15,台中銀-員林,2023-04-13,6114
2442,新美齊,14,0,14,台中銀-員林,2023-04-13,6114
2027,大成鋼,18,5,13,台中銀-員林,2023-04-13,6114
00720B,元大投資級公司債,13,0,13,台中銀-員林,2023-04-13,6114
6122,擎邦,15,3,12,台中銀-員林,2023-04-13,6114
00753L,中信中國50正2,37,26,11,台中銀-員林,2023-04-13,6114
00665L,富邦�琤肭磪囓�2,11,0,11,台中銀-員林,2023-04-13,6114
00673R,期元大S＆P原油反1,11,0,11,台中銀-員林,2023-04-13,6114
3046,建��,12,1,11,台中銀-員林,2023-04-13,6114
3508,位速,11,0,11,台中銀-員林,2023-04-13,6114
4147,中裕,24,13,11,台中銀-員林,2023-04-13,6114
4934,太極,11,0,11,台中銀-員林,2023-04-13,6114
6791,虎門科技,11,0,11,台中銀-員林,2023-04-13,6114
00669R,國泰美國道瓊反1,10,0,10,台中銀-員林,2023-04-13,6114
2344,華邦電,21,11,10,台中銀-員林,2023-04-13,6114
3078,僑威,12,2,10,台中銀-員林,2023-04-13,6114
4207,環泰,10,0,10,台中銀-員林,2023-04-13,6114
4927,泰鼎-KY,10,0,10,台中銀-員林,2023-04-13,6114
5388,中磊,11,1,10,台中銀-員林,2023-04-13,6114
6706,惠特,10,0,10,台中銀-員林,2023-04-13,6114
8076,伍豐,10,0,10,台中銀-員林,2023-04-13,6114
5706,鳳凰,21,11,10,台中銀-員林,2023-04-13,6114
1524,耿鼎,9,0,9,台中銀-員林,2023-04-13,6114
00637L,元大滬深300正2,200,5,195,台中銀-員林,2023-04-14,6114
2312,金寶,100,0,100,台中銀-員林,2023-04-14,6114
2515,中工,131,45,86,台中銀-員林,2023-04-14,6114
2328,廣宇,152,70,82,台中銀-員林,2023-04-14,6114
2867,三商壽,82,1,81,台中銀-員林,2023-04-14,6114
6235,華孚,116,41,75,台中銀-員林,2023-04-14,6114
00679B,元大美債20年,73,0,73,台中銀-員林,2023-04-14,6114
00712,復華富時不動產,68,0,68,台中銀-員林,2023-04-14,6114
2425,承啟,107,65,42,台中銀-員林,2023-04-14,6114
2834,臺企銀,36,0,36,台中銀-員林,2023-04-14,6114
5309,系統電,39,3,36,台中銀-員林,2023-04-14,6114
00632R,元大台灣50反1,34,0,34,台中銀-員林,2023-04-14,6114
2402,毅嘉,40,9,31,台中銀-員林,2023-04-14,6114
1584,精剛,87,57,30,台中銀-員林,2023-04-14,6114
00720B,元大投資級公司債,27,0,27,台中銀-員林,2023-04-14,6114
6234,高僑,25,0,25,台中銀-員林,2023-04-14,6114
1611,中電,28,3,25,台中銀-員林,2023-04-14,6114
00772B,中信高評級公司債,24,0,24,台中銀-員林,2023-04-14,6114
4934,太極,22,0,22,台中銀-員林,2023-04-14,6114
6152,百一,26,4,22,台中銀-員林,2023-04-14,6114
2457,飛宏,86,64,22,台中銀-員林,2023-04-14,6114
3051,力特,21,0,21,台中銀-員林,2023-04-14,6114
6182,合晶,20,0,20,台中銀-員林,2023-04-14,6114
00664R,國泰臺灣加權反1,20,0,20,台中銀-員林,2023-04-14,6114
3706,神達,20,0,20,台中銀-員林,2023-04-14,6114
4123,晟德,20,0,20,台中銀-員林,2023-04-14,6114
4526,東台,20,0,20,台中銀-員林,2023-04-14,6114
8050,廣積,20,0,20,台中銀-員林,2023-04-14,6114
8933,愛地雅,20,0,20,台中銀-員林,2023-04-14,6114
5381,合正,18,0,18,台中銀-員林,2023-04-14,6114
6770,力積電,18,0,18,台中銀-員林,2023-04-14,6114
6188,廣明,17,0,17,台中銀-員林,2023-04-14,6114
00671R,富邦NASDAQ反1,15,0,15,台中銀-員林,2023-04-14,6114
1314,中石化,13,0,13,台中銀-員林,2023-04-14,6114
8104,錸寶,16,3,13,台中銀-員林,2023-04-14,6114
2308,台達電,19,6,13,台中銀-員林,2023-04-14,6114
1310,台苯,12,0,12,台中銀-員林,2023-04-14,6114
1785,光洋科,15,3,12,台中銀-員林,2023-04-14,6114
2014,中鴻,12,1,11,台中銀-員林,2023-04-14,6114
2208,台船,110,99,11,台中銀-員林,2023-04-14,6114
0056,元大高股息,11,0,11,台中銀-員林,2023-04-14,6114
00669R,國泰美國道瓊反1,10,0,10,台中銀-員林,2023-04-14,6114
2482,連宇,10,0,10,台中銀-員林,2023-04-14,6114
3441,聯一光,10,0,10,台中銀-員林,2023-04-14,6114
3625,西勝,10,0,10,台中銀-員林,2023-04-14,6114
3682,亞太電,10,0,10,台中銀-員林,2023-04-14,6114
4541,晟田,11,1,10,台中銀-員林,2023-04-14,6114
6016,康和證,10,0,10,台中銀-員林,2023-04-14,6114
6179,亞通,10,0,10,台中銀-員林,2023-04-14,6114
6244,茂迪,11,1,10,台中銀-員林,2023-04-14,6114
00680L,元大美債20正2,172,4,168,台中銀-員林,2023-04-17,6114
4123,晟德,178,78,100,台中銀-員林,2023-04-17,6114
2413,環科,88,11,77,台中銀-員林,2023-04-17,6114
3481,群創,104,29,75,台中銀-員林,2023-04-17,6114
2889,國票金,74,0,74,台中銀-員林,2023-04-17,6114
2425,承啟,66,0,66,台中銀-員林,2023-04-17,6114
5009,榮剛,75,18,57,台中銀-員林,2023-04-17,6114
2634,漢翔,84,32,52,台中銀-員林,2023-04-17,6114
5381,合正,50,0,50,台中銀-員林,2023-04-17,6114
6706,惠特,50,0,50,台中銀-員林,2023-04-17,6114
1605,華新,52,7,45,台中銀-員林,2023-04-17,6114
3050,鈺德,40,0,40,台中銀-員林,2023-04-17,6114
3372,典範,40,0,40,台中銀-員林,2023-04-17,6114
1810,和成,34,0,34,台中銀-員林,2023-04-17,6114
00679B,元大美債20年,32,0,32,台中銀-員林,2023-04-17,6114
2618,長榮航,33,2,31,台中銀-員林,2023-04-17,6114
8121,越峰,39,10,29,台中銀-員林,2023-04-17,6114
2812,台中銀,50,21,29,台中銀-員林,2023-04-17,6114
5706,鳳凰,29,1,28,台中銀-員林,2023-04-17,6114
6234,高僑,36,8,28,台中銀-員林,2023-04-17,6114
00712,復華富時不動產,29,2,27,台中銀-員林,2023-04-17,6114
1789,神隆,27,0,27,台中銀-員林,2023-04-17,6114
2105,正新,28,1,27,台中銀-員林,2023-04-17,6114
2867,三商壽,31,4,27,台中銀-員林,2023-04-17,6114
1504,東元,36,10,26,台中銀-員林,2023-04-17,6114
4164,承業醫,25,0,25,台中銀-員林,2023-04-17,6114
5309,系統電,26,2,24,台中銀-員林,2023-04-17,6114
2748,雲品,22,0,22,台中銀-員林,2023-04-17,6114
3058,立德,20,0,20,台中銀-員林,2023-04-17,6114
3379,彬台,20,0,20,台中銀-員林,2023-04-17,6114
3032,偉訓,18,0,18,台中銀-員林,2023-04-17,6114
4931,新盛力,20,2,18,台中銀-員林,2023-04-17,6114
1809,中釉,18,3,15,台中銀-員林,2023-04-17,6114
6443,元晶,15,0,15,台中銀-員林,2023-04-17,6114
2409,友達,15,1,14,台中銀-員林,2023-04-17,6114
2412,中華電,14,0,14,台中銀-員林,2023-04-17,6114
3013,晟銘電,20,6,14,台中銀-員林,2023-04-17,6114
2739,寒舍,13,0,13,台中銀-員林,2023-04-17,6114
00878,國泰永續高股息,14,1,13,台中銀-員林,2023-04-17,6114
1342,八貫,13,1,12,台中銀-員林,2023-04-17,6114
2208,台船,67,55,12,台中銀-員林,2023-04-17,6114
8033,雷虎,64,52,12,台中銀-員林,2023-04-17,6114
4541,晟田,17,6,11,台中銀-員林,2023-04-17,6114
6129,普誠,15,4,11,台中銀-員林,2023-04-17,6114
1513,中興電,20,10,10,台中銀-員林,2023-04-17,6114
2359,所羅門,107,97,10,台中銀-員林,2023-04-17,6114
2722,夏都,10,0,10,台中銀-員林,2023-04-17,6114
2834,臺企銀,10,0,10,台中銀-員林,2023-04-17,6114
3390,旭軟,10,0,10,台中銀-員林,2023-04-17,6114
3441,聯一光,20,10,10,台中銀-員林,2023-04-17,6114
4123,晟德,287,86,201,台中銀-員林,2023-04-18,6114
1444,力麗,110,10,100,台中銀-員林,2023-04-18,6114
2208,台船,87,27,60,台中銀-員林,2023-04-18,6114
2515,中工,68,8,60,台中銀-員林,2023-04-18,6114
1605,華新,64,8,56,台中銀-員林,2023-04-18,6114
2453,凌群,59,6,53,台中銀-員林,2023-04-18,6114
2601,益航,53,1,52,台中銀-員林,2023-04-18,6114
00679B,元大美債20年,49,0,49,台中銀-員林,2023-04-18,6114
2634,漢翔,139,92,47,台中銀-員林,2023-04-18,6114
3231,緯創,65,21,44,台中銀-員林,2023-04-18,6114
00712,復華富時不動產,39,0,39,台中銀-員林,2023-04-18,6114
4207,環泰,35,0,35,台中銀-員林,2023-04-18,6114
1529,樂事綠能,59,25,34,台中銀-員林,2023-04-18,6114
2471,資通,35,2,33,台中銀-員林,2023-04-18,6114
5309,系統電,35,4,31,台中銀-員林,2023-04-18,6114
3481,群創,32,2,30,台中銀-員林,2023-04-18,6114
00772B,中信高評級公司債,30,0,30,台中銀-員林,2023-04-18,6114
2472,立隆電,32,3,29,台中銀-員林,2023-04-18,6114
3078,僑威,38,9,29,台中銀-員林,2023-04-18,6114
5512,力麒,26,0,26,台中銀-員林,2023-04-18,6114
1809,中釉,107,86,21,台中銀-員林,2023-04-18,6114
3038,全台,20,0,20,台中銀-員林,2023-04-18,6114
6148,驊宏資,23,3,20,台中銀-員林,2023-04-18,6114
3712,永崴投控,20,0,20,台中銀-員林,2023-04-18,6114
2027,大成鋼,20,1,19,台中銀-員林,2023-04-18,6114
2889,國票金,19,0,19,台中銀-員林,2023-04-18,6114
6140,訊達,19,0,19,台中銀-員林,2023-04-18,6114
3501,維熹,20,2,18,台中銀-員林,2023-04-18,6114
6235,華孚,43,26,17,台中銀-員林,2023-04-18,6114
5009,榮剛,102,85,17,台中銀-員林,2023-04-18,6114
00878,國泰永續高股息,28,11,17,台中銀-員林,2023-04-18,6114
6142,友勁,20,4,16,台中銀-員林,2023-04-18,6114
9904,寶成,16,0,16,台中銀-員林,2023-04-18,6114
3025,星通,16,1,15,台中銀-員林,2023-04-18,6114
3372,典範,15,0,15,台中銀-員林,2023-04-18,6114
2454,聯發科,15,0,15,台中銀-員林,2023-04-18,6114
1762,中化生,12,0,12,台中銀-員林,2023-04-18,6114
5284,jpp-KY,19,7,12,台中銀-員林,2023-04-18,6114
00673R,期元大S＆P原油反1,16,5,11,台中銀-員林,2023-04-18,6114
4147,中裕,24,13,11,台中銀-員林,2023-04-18,6114
0056,元大高股息,12,1,11,台中銀-員林,2023-04-18,6114
00713,元大台灣高息低波,10,0,10,台中銀-員林,2023-04-18,6114
00687B,國泰20年美債,10,0,10,台中銀-員林,2023-04-18,6114
6415,矽力*-KY,10,0,10,台中銀-員林,2023-04-18,6114
1708,東鹼,10,0,10,台中銀-員林,2023-04-18,6114
4114,健喬,11,1,10,台中銀-員林,2023-04-18,6114
6160,欣技,20,10,10,台中銀-員林,2023-04-18,6114
3037,欣興,10,0,10,台中銀-員林,2023-04-18,6114
2401,凌陽,12,3,9,台中銀-員林,2023-04-18,6114
00720B,元大投資級公司債,9,0,9,台中銀-員林,2023-04-18,6114
3029,零壹,205,2,203,台中銀-員林,2023-04-19,6114
3481,群創,126,11,115,台中銀-員林,2023-04-19,6114
2303,聯電,102,0,102,台中銀-員林,2023-04-19,6114
2342,茂矽,102,1,101,台中銀-員林,2023-04-19,6114
8068,全達,101,0,101,台中銀-員林,2023-04-19,6114
2409,友達,60,7,53,台中銀-員林,2023-04-19,6114
00637L,元大滬深300正2,50,0,50,台中銀-員林,2023-04-19,6114
2888,新光金,50,0,50,台中銀-員林,2023-04-19,6114
4164,承業醫,62,22,40,台中銀-員林,2023-04-19,6114
3058,立德,33,1,32,台中銀-員林,2023-04-19,6114
2406,國碩,31,0,31,台中銀-員林,2023-04-19,6114
2601,益航,31,2,29,台中銀-員林,2023-04-19,6114
6234,高僑,32,3,29,台中銀-員林,2023-04-19,6114
00712,復華富時不動產,29,0,29,台中銀-員林,2023-04-19,6114
1810,和成,47,20,27,台中銀-員林,2023-04-19,6114
00679B,元大美債20年,22,0,22,台中銀-員林,2023-04-19,6114
6142,友勁,22,1,21,台中銀-員林,2023-04-19,6114
2609,陽明,20,0,20,台中銀-員林,2023-04-19,6114
2208,台船,28,9,19,台中銀-員林,2023-04-19,6114
6606,建德工業,18,0,18,台中銀-員林,2023-04-19,6114
2515,中工,20,4,16,台中銀-員林,2023-04-19,6114
4123,晟德,198,182,16,台中銀-員林,2023-04-19,6114
5388,中磊,16,0,16,台中銀-員林,2023-04-19,6114
1809,中釉,15,0,15,台中銀-員林,2023-04-19,6114
3005,神基,30,16,14,台中銀-員林,2023-04-19,6114
8358,金居,14,1,13,台中銀-員林,2023-04-19,6114
2889,國票金,12,0,12,台中銀-員林,2023-04-19,6114
6477,安集,33,21,12,台中銀-員林,2023-04-19,6114
2425,承啟,11,0,11,台中銀-員林,2023-04-19,6114
6160,欣技,14,3,11,台中銀-員林,2023-04-19,6114
6840,東研信超,11,0,11,台中銀-員林,2023-04-19,6114
5880,合庫金,11,0,11,台中銀-員林,2023-04-19,6114
00753L,中信中國50正2,10,0,10,台中銀-員林,2023-04-19,6114
3264,欣銓,10,0,10,台中銀-員林,2023-04-19,6114
4977,眾達-KY,10,0,10,台中銀-員林,2023-04-19,6114
6188,廣明,21,11,10,台中銀-員林,2023-04-19,6114
00665L,富邦�琤肭磪囓�2,9,0,9,台中銀-員林,2023-04-19,6114
1609,大亞,15,6,9,台中銀-員林,2023-04-19,6114
2337,旺宏,9,0,9,台中銀-員林,2023-04-19,6114
3056,富華新,10,1,9,台中銀-員林,2023-04-19,6114
6177,達麗,9,0,9,台中銀-員林,2023-04-19,6114
6182,合晶,9,0,9,台中銀-員林,2023-04-19,6114
2886,兆豐金,10,1,9,台中銀-員林,2023-04-19,6114
6125,廣運,14,6,8,台中銀-員林,2023-04-19,6114
0056,元大高股息,10,2,8,台中銀-員林,2023-04-19,6114
1586,和勤,8,0,8,台中銀-員林,2023-04-19,6114
2495,普安,19,11,8,台中銀-員林,2023-04-19,6114
3022,威強電,9,1,8,台中銀-員林,2023-04-19,6114
2330,台積電,8,0,8,台中銀-員林,2023-04-19,6114
8033,雷虎,28,20,8,台中銀-員林,2023-04-19,6114
2312,金寶,603,0,603,台中銀-員林,2023-04-20,6114
2484,希華,205,0,205,台中銀-員林,2023-04-20,6114
6244,茂迪,290,178,112,台中銀-員林,2023-04-20,6114
1909,榮成,105,10,95,台中銀-員林,2023-04-20,6114
2303,聯電,88,6,82,台中銀-員林,2023-04-20,6114
4121,優盛,77,1,76,台中銀-員林,2023-04-20,6114
6282,康舒,177,102,75,台中銀-員林,2023-04-20,6114
1605,華新,73,2,71,台中銀-員林,2023-04-20,6114
2017,官田鋼,57,0,57,台中銀-員林,2023-04-20,6114
00637L,元大滬深300正2,50,0,50,台中銀-員林,2023-04-20,6114
3231,緯創,46,4,42,台中銀-員林,2023-04-20,6114
6443,元晶,37,3,34,台中銀-員林,2023-04-20,6114
00665L,富邦�琤肭磪囓�2,30,0,30,台中銀-員林,2023-04-20,6114
4102,永日,30,0,30,台中銀-員林,2023-04-20,6114
00878,國泰永續高股息,30,1,29,台中銀-員林,2023-04-20,6114
8091,翔名,28,0,28,台中銀-員林,2023-04-20,6114
6235,華孚,42,17,25,台中銀-員林,2023-04-20,6114
4147,中裕,29,4,25,台中銀-員林,2023-04-20,6114
1810,和成,39,16,23,台中銀-員林,2023-04-20,6114
1471,首利,25,3,22,台中銀-員林,2023-04-20,6114
2409,友達,21,0,21,台中銀-員林,2023-04-20,6114
3078,僑威,40,20,20,台中銀-員林,2023-04-20,6114
6142,友勁,20,0,20,台中銀-員林,2023-04-20,6114
2812,台中銀,25,6,19,台中銀-員林,2023-04-20,6114
4114,健喬,21,3,18,台中銀-員林,2023-04-20,6114
5227,立凱-KY,18,0,18,台中銀-員林,2023-04-20,6114
3374,精材,17,0,17,台中銀-員林,2023-04-20,6114
6606,建德工業,17,0,17,台中銀-員林,2023-04-20,6114
2618,長榮航,15,0,15,台中銀-員林,2023-04-20,6114
2887,台新金,20,5,15,台中銀-員林,2023-04-20,6114
5388,中磊,15,0,15,台中銀-員林,2023-04-20,6114
6125,廣運,15,0,15,台中銀-員林,2023-04-20,6114
00715L,期街口布蘭特正2,16,2,14,台中銀-員林,2023-04-20,6114
2314,台揚,20,6,14,台中銀-員林,2023-04-20,6114
2834,臺企銀,13,0,13,台中銀-員林,2023-04-20,6114
6143,振曜,13,0,13,台中銀-員林,2023-04-20,6114
8033,雷虎,33,21,12,台中銀-員林,2023-04-20,6114
0056,元大高股息,12,0,12,台中銀-員林,2023-04-20,6114
2457,飛宏,13,1,12,台中銀-員林,2023-04-20,6114
5880,合庫金,12,0,12,台中銀-員林,2023-04-20,6114
2454,聯發科,12,1,11,台中銀-員林,2023-04-20,6114
2027,大成鋼,12,1,11,台中銀-員林,2023-04-20,6114
00724B,群益投資級金融債,10,0,10,台中銀-員林,2023-04-20,6114
1815,富喬,10,0,10,台中銀-員林,2023-04-20,6114
2440,太空梭,10,0,10,台中銀-員林,2023-04-20,6114
2462,良得電,10,0,10,台中銀-員林,2023-04-20,6114
2801,彰銀,10,0,10,台中銀-員林,2023-04-20,6114
4157,太景*-KY,10,0,10,台中銀-員林,2023-04-20,6114
4707,磐亞,10,0,10,台中銀-員林,2023-04-20,6114
2324,仁寶,10,1,9,台中銀-員林,2023-04-20,6114
4123,晟德,776,276,500,台中銀-員林,2023-04-21,6114
00680L,元大美債20正2,186,0,186,台中銀-員林,2023-04-21,6114
2913,農林,186,2,184,台中銀-員林,2023-04-21,6114
1609,大亞,92,9,83,台中銀-員林,2023-04-21,6114
00715L,期街口布蘭特正2,82,0,82,台中銀-員林,2023-04-21,6114
4931,新盛力,80,3,77,台中銀-員林,2023-04-21,6114
5381,合正,75,0,75,台中銀-員林,2023-04-21,6114
2312,金寶,52,0,52,台中銀-員林,2023-04-21,6114
6285,啟��,53,4,49,台中銀-員林,2023-04-21,6114
00679B,元大美債20年,51,4,47,台中銀-員林,2023-04-21,6114
00751B,元大AAA至A公司債,40,0,40,台中銀-員林,2023-04-21,6114
3481,群創,58,22,36,台中銀-員林,2023-04-21,6114
00753L,中信中國50正2,35,0,35,台中銀-員林,2023-04-21,6114
00665L,富邦�琤肭磪囓�2,34,0,34,台中銀-員林,2023-04-21,6114
6156,松上,25,0,25,台中銀-員林,2023-04-21,6114
2027,大成鋼,35,12,23,台中銀-員林,2023-04-21,6114
6163,華電網,28,5,23,台中銀-員林,2023-04-21,6114
6229,研通,22,0,22,台中銀-員林,2023-04-21,6114
00885,富邦越南,21,0,21,台中銀-員林,2023-04-21,6114
00878,國泰永續高股息,17,1,16,台中銀-員林,2023-04-21,6114
9958,世紀鋼,16,0,16,台中銀-員林,2023-04-21,6114
0056,元大高股息,17,2,15,台中銀-員林,2023-04-21,6114
1717,長興,16,1,15,台中銀-員林,2023-04-21,6114
6120,達運,15,0,15,台中銀-員林,2023-04-21,6114
8933,愛地雅,15,0,15,台中銀-員林,2023-04-21,6114
2812,台中銀,15,1,14,台中銀-員林,2023-04-21,6114
5880,合庫金,14,0,14,台中銀-員林,2023-04-21,6114
00720B,元大投資級公司債,13,0,13,台中銀-員林,2023-04-21,6114
2351,順德,13,0,13,台中銀-員林,2023-04-21,6114
2888,新光金,13,0,13,台中銀-員林,2023-04-21,6114
4743,合一,15,2,13,台中銀-員林,2023-04-21,6114
1909,榮成,21,8,13,台中銀-員林,2023-04-21,6114
1522,堤維西,12,0,12,台中銀-員林,2023-04-21,6114
5309,系統電,17,5,12,台中銀-員林,2023-04-21,6114
5512,力麒,14,2,12,台中銀-員林,2023-04-21,6114
6167,久正,12,0,12,台中銀-員林,2023-04-21,6114
1809,中釉,13,2,11,台中銀-員林,2023-04-21,6114
3071,協禧,22,12,10,台中銀-員林,2023-04-21,6114
00881,國泰台灣5G+,10,0,10,台中銀-員林,2023-04-21,6114
1471,首利,10,0,10,台中銀-員林,2023-04-21,6114
1711,永光,10,0,10,台中銀-員林,2023-04-21,6114
1720,生達,10,0,10,台中銀-員林,2023-04-21,6114
2349,錸德,10,0,10,台中銀-員林,2023-04-21,6114
2413,環科,15,5,10,台中銀-員林,2023-04-21,6114
2462,良得電,10,0,10,台中銀-員林,2023-04-21,6114
6133,金橋,10,0,10,台中銀-員林,2023-04-21,6114
6160,欣技,10,0,10,台中銀-員林,2023-04-21,6114
00923,群益台ESG低碳50,9,0,9,台中銀-員林,2023-04-21,6114
3205,佰研,9,0,9,台中銀-員林,2023-04-21,6114
3441,聯一光,9,0,9,台中銀-員林,2023-04-21,6114
00637L,元大滬深300正2,205,5,200,台中銀-員林,2023-04-24,6114
6271,同欣電,107,5,102,台中銀-員林,2023-04-24,6114
1904,正隆,68,2,66,台中銀-員林,2023-04-24,6114
00715L,期街口布蘭特正2,56,0,56,台中銀-員林,2023-04-24,6114
00687B,國泰20年美債,51,0,51,台中銀-員林,2023-04-24,6114
2634,漢翔,77,28,49,台中銀-員林,2023-04-24,6114
2303,聯電,39,6,33,台中銀-員林,2023-04-24,6114
4102,永日,33,0,33,台中銀-員林,2023-04-24,6114
00753L,中信中國50正2,24,0,24,台中銀-員林,2023-04-24,6114
2208,台船,24,0,24,台中銀-員林,2023-04-24,6114
4741,泓瀚,22,1,21,台中銀-員林,2023-04-24,6114
3058,立德,21,0,21,台中銀-員林,2023-04-24,6114
3029,零壹,21,1,20,台中銀-員林,2023-04-24,6114
3567,逸昌,16,0,16,台中銀-員林,2023-04-24,6114
6244,茂迪,19,3,16,台中銀-員林,2023-04-24,6114
1905,華紙,42,29,13,台中銀-員林,2023-04-24,6114
2002,中鋼,12,0,12,台中銀-員林,2023-04-24,6114
5512,力麒,12,0,12,台中銀-員林,2023-04-24,6114
00853B,統一美債10年Aa-,11,0,11,台中銀-員林,2023-04-24,6114
1907,永豐餘,21,10,11,台中銀-員林,2023-04-24,6114
2498,宏達電,20,9,11,台中銀-員林,2023-04-24,6114
00665L,富邦�琤肭磪囓�2,10,0,10,台中銀-員林,2023-04-24,6114
00720B,元大投資級公司債,10,0,10,台中銀-員林,2023-04-24,6114
3046,建��,11,1,10,台中銀-員林,2023-04-24,6114
6167,久正,11,1,10,台中銀-員林,2023-04-24,6114
6234,高僑,22,12,10,台中銀-員林,2023-04-24,6114
6517,保勝光學,10,0,10,台中銀-員林,2023-04-24,6114
00885,富邦越南,9,0,9,台中銀-員林,2023-04-24,6114
2453,凌群,51,42,9,台中銀-員林,2023-04-24,6114
2313,華通,11,3,8,台中銀-員林,2023-04-24,6114
1810,和成,8,0,8,台中銀-員林,2023-04-24,6114
3118,進階,8,0,8,台中銀-員林,2023-04-24,6114
3390,旭軟,8,0,8,台中銀-員林,2023-04-24,6114
6133,金橋,8,0,8,台中銀-員林,2023-04-24,6114
6160,欣技,8,0,8,台中銀-員林,2023-04-24,6114
2324,仁寶,7,0,7,台中銀-員林,2023-04-24,6114
2603,長榮,7,0,7,台中銀-員林,2023-04-24,6114
6153,嘉聯益,7,0,7,台中銀-員林,2023-04-24,6114
8088,品安,11,4,7,台中銀-員林,2023-04-24,6114
9938,百和,7,0,7,台中銀-員林,2023-04-24,6114
1310,台苯,10,4,6,台中銀-員林,2023-04-24,6114
00902,中信電池及儲能,6,0,6,台中銀-員林,2023-04-24,6114
00772B,中信高評級公司債,6,0,6,台中銀-員林,2023-04-24,6114
2515,中工,20,14,6,台中銀-員林,2023-04-24,6114
3027,盛達,7,1,6,台中銀-員林,2023-04-24,6114
3682,亞太電,6,0,6,台中銀-員林,2023-04-24,6114
8097,常珵,6,0,6,台中銀-員林,2023-04-24,6114
2027,大成鋼,5,0,5,台中銀-員林,2023-04-24,6114
2031,新光鋼,7,2,5,台中銀-員林,2023-04-24,6114
2492,華新科,5,0,5,台中銀-員林,2023-04-24,6114
2609,陽明,116,1,115,台中銀-員林,2023-04-25,6114
6244,茂迪,98,3,95,台中銀-員林,2023-04-25,6114
1310,台苯,111,23,88,台中銀-員林,2023-04-25,6114
00753L,中信中國50正2,82,0,82,台中銀-員林,2023-04-25,6114
00671R,富邦NASDAQ反1,70,0,70,台中銀-員林,2023-04-25,6114
00878,國泰永續高股息,94,36,58,台中銀-員林,2023-04-25,6114
00665L,富邦�琤肭磪囓�2,51,0,51,台中銀-員林,2023-04-25,6114
8210,勤誠,42,2,40,台中銀-員林,2023-04-25,6114
00637L,元大滬深300正2,40,0,40,台中銀-員林,2023-04-25,6114
2409,友達,32,0,32,台中銀-員林,2023-04-25,6114
4566,時碩工業,49,17,32,台中銀-員林,2023-04-25,6114
00902,中信電池及儲能,29,0,29,台中銀-員林,2023-04-25,6114
1101,台泥,28,2,26,台中銀-員林,2023-04-25,6114
00632R,元大台灣50反1,30,5,25,台中銀-員林,2023-04-25,6114
6269,台郡,28,3,25,台中銀-員林,2023-04-25,6114
0056,元大高股息,25,1,24,台中銀-員林,2023-04-25,6114
1611,中電,25,3,22,台中銀-員林,2023-04-25,6114
2915,潤泰全,22,0,22,台中銀-員林,2023-04-25,6114
3567,逸昌,21,0,21,台中銀-員林,2023-04-25,6114
5309,系統電,21,0,21,台中銀-員林,2023-04-25,6114
2002,中鋼,23,3,20,台中銀-員林,2023-04-25,6114
2208,台船,26,6,20,台中銀-員林,2023-04-25,6114
6188,廣明,20,0,20,台中銀-員林,2023-04-25,6114
00900,富邦特選高股息30,19,0,19,台中銀-員林,2023-04-25,6114
1907,永豐餘,23,4,19,台中銀-員林,2023-04-25,6114
00881,國泰台灣5G+,18,0,18,台中銀-員林,2023-04-25,6114
2610,華航,15,0,15,台中銀-員林,2023-04-25,6114
00712,復華富時不動產,14,0,14,台中銀-員林,2023-04-25,6114
2313,華通,13,0,13,台中銀-員林,2023-04-25,6114
3443,創意,18,5,13,台中銀-員林,2023-04-25,6114
0050,元大台灣50,12,0,12,台中銀-員林,2023-04-25,6114
00923,群益台ESG低碳50,12,0,12,台中銀-員林,2023-04-25,6114
1584,精剛,12,0,12,台中銀-員林,2023-04-25,6114
3046,建��,18,7,11,台中銀-員林,2023-04-25,6114
00772B,中信高評級公司債,11,1,10,台中銀-員林,2023-04-25,6114
1815,富喬,10,0,10,台中銀-員林,2023-04-25,6114
2017,官田鋼,10,0,10,台中銀-員林,2023-04-25,6114
2371,大同,10,0,10,台中銀-員林,2023-04-25,6114
2450,神腦,10,0,10,台中銀-員林,2023-04-25,6114
3029,零壹,10,0,10,台中銀-員林,2023-04-25,6114
4927,泰鼎-KY,10,0,10,台中銀-員林,2023-04-25,6114
6015,宏遠證,10,0,10,台中銀-員林,2023-04-25,6114
6125,廣運,10,0,10,台中銀-員林,2023-04-25,6114
6603,富強鑫,10,0,10,台中銀-員林,2023-04-25,6114
8054,安國,10,0,10,台中銀-員林,2023-04-25,6114
2303,聯電,19,9,10,台中銀-員林,2023-04-25,6114
8070,長華*,9,0,9,台中銀-員林,2023-04-25,6114
00773B,中信優先金融債,10,1,9,台中銀-員林,2023-04-25,6114
1711,永光,12,3,9,台中銀-員林,2023-04-25,6114
1727,中華化,9,0,9,台中銀-員林,2023-04-25,6114
00680L,元大美債20正2,202,0,202,台中銀-員林,2023-04-26,6114
00715L,期街口布蘭特正2,121,1,120,台中銀-員林,2023-04-26,6114
00896,中信綠能及電動車,50,0,50,台中銀-員林,2023-04-26,6114
00712,復華富時不動產,41,0,41,台中銀-員林,2023-04-26,6114
2610,華航,35,0,35,台中銀-員林,2023-04-26,6114
1907,永豐餘,45,13,32,台中銀-員林,2023-04-26,6114
4526,東台,25,0,25,台中銀-員林,2023-04-26,6114
2609,陽明,29,6,23,台中銀-員林,2023-04-26,6114
6874,倍力,34,13,21,台中銀-員林,2023-04-26,6114
2313,華通,21,0,21,台中銀-員林,2023-04-26,6114
00671R,富邦NASDAQ反1,20,0,20,台中銀-員林,2023-04-26,6114
00637L,元大滬深300正2,20,0,20,台中銀-員林,2023-04-26,6114
2603,長榮,16,0,16,台中銀-員林,2023-04-26,6114
1717,長興,15,0,15,台中銀-員林,2023-04-26,6114
1721,三晃,21,6,15,台中銀-員林,2023-04-26,6114
2634,漢翔,70,55,15,台中銀-員林,2023-04-26,6114
4564,元翎,15,0,15,台中銀-員林,2023-04-26,6114
8210,勤誠,15,0,15,台中銀-員林,2023-04-26,6114
4961,天鈺,13,0,13,台中銀-員林,2023-04-26,6114
1904,正隆,24,11,13,台中銀-員林,2023-04-26,6114
1503,士電,40,28,12,台中銀-員林,2023-04-26,6114
00687B,國泰20年美債,11,0,11,台中銀-員林,2023-04-26,6114
0056,元大高股息,11,0,11,台中銀-員林,2023-04-26,6114
2337,旺宏,10,0,10,台中銀-員林,2023-04-26,6114
00773B,中信優先金融債,10,0,10,台中銀-員林,2023-04-26,6114
1802,台玻,10,0,10,台中銀-員林,2023-04-26,6114
3049,精金,10,0,10,台中銀-員林,2023-04-26,6114
4147,中裕,10,0,10,台中銀-員林,2023-04-26,6114
3035,智原,11,3,8,台中銀-員林,2023-04-26,6114
3317,尼克森,8,0,8,台中銀-員林,2023-04-26,6114
3481,群創,10,2,8,台中銀-員林,2023-04-26,6114
4541,晟田,8,0,8,台中銀-員林,2023-04-26,6114
4968,立積,20,12,8,台中銀-員林,2023-04-26,6114
00900,富邦特選高股息30,7,0,7,台中銀-員林,2023-04-26,6114
2002,中鋼,7,0,7,台中銀-員林,2023-04-26,6114
2344,華邦電,8,1,7,台中銀-員林,2023-04-26,6114
4114,健喬,7,0,7,台中銀-員林,2023-04-26,6114
2618,長榮航,7,1,6,台中銀-員林,2023-04-26,6114
5457,宣德,6,0,6,台中銀-員林,2023-04-26,6114
8121,越峰,6,0,6,台中銀-員林,2023-04-26,6114
6179,亞通,6,1,5,台中銀-員林,2023-04-26,6114
1604,聲寶,5,0,5,台中銀-員林,2023-04-26,6114
2208,台船,6,1,5,台中銀-員林,2023-04-26,6114
2328,廣宇,5,0,5,台中銀-員林,2023-04-26,6114
2484,希華,5,0,5,台中銀-員林,2023-04-26,6114
2888,新光金,5,0,5,台中銀-員林,2023-04-26,6114
3138,耀登,5,0,5,台中銀-員林,2023-04-26,6114
5347,世界,5,0,5,台中銀-員林,2023-04-26,6114
8069,元太,11,6,5,台中銀-員林,2023-04-26,6114
0050,元大台灣50,5,0,5,台中銀-員林,2023-04-26,6114
00632R,元大台灣50反1,100,5,95,台中銀-員林,2023-04-27,6114
1611,中電,87,0,87,台中銀-員林,2023-04-27,6114
00715L,期街口布蘭特正2,79,0,79,台中銀-員林,2023-04-27,6114
2801,彰銀,64,0,64,台中銀-員林,2023-04-27,6114
00664R,國泰臺灣加權反1,60,0,60,台中銀-員林,2023-04-27,6114
00687B,國泰20年美債,42,0,42,台中銀-員林,2023-04-27,6114
1609,大亞,41,0,41,台中銀-員林,2023-04-27,6114
2208,台船,34,4,30,台中銀-員林,2023-04-27,6114
3071,協禧,28,3,25,台中銀-員林,2023-04-27,6114
6257,矽格,22,0,22,台中銀-員林,2023-04-27,6114
1802,台玻,21,0,21,台中銀-員林,2023-04-27,6114
00772B,中信高評級公司債,20,0,20,台中銀-員林,2023-04-27,6114
3046,建��,20,0,20,台中銀-員林,2023-04-27,6114
2913,農林,21,2,19,台中銀-員林,2023-04-27,6114
4741,泓瀚,22,3,19,台中銀-員林,2023-04-27,6114
1710,東聯,18,2,16,台中銀-員林,2023-04-27,6114
00642U,期元大S＆P石油,15,0,15,台中銀-員林,2023-04-27,6114
5211,蒙恬,16,2,14,台中銀-員林,2023-04-27,6114
2105,正新,14,1,13,台中銀-員林,2023-04-27,6114
2002,中鋼,15,3,12,台中銀-員林,2023-04-27,6114
2609,陽明,12,0,12,台中銀-員林,2023-04-27,6114
4968,立積,13,2,11,台中銀-員林,2023-04-27,6114
1618,合機,10,0,10,台中銀-員林,2023-04-27,6114
3118,進階,10,0,10,台中銀-員林,2023-04-27,6114
4916,事欣科,12,2,10,台中銀-員林,2023-04-27,6114
6015,宏遠證,10,0,10,台中銀-員林,2023-04-27,6114
6111,大宇資,10,0,10,台中銀-員林,2023-04-27,6114
7402,邑錡,10,0,10,台中銀-員林,2023-04-27,6114
1605,華新,11,2,9,台中銀-員林,2023-04-27,6114
1310,台苯,23,15,8,台中銀-員林,2023-04-27,6114
4572,駐龍,12,4,8,台中銀-員林,2023-04-27,6114
6134,萬旭,8,0,8,台中銀-員林,2023-04-27,6114
00878,國泰永續高股息,9,2,7,台中銀-員林,2023-04-27,6114
6443,元晶,7,0,7,台中銀-員林,2023-04-27,6114
0056,元大高股息,7,1,6,台中銀-員林,2023-04-27,6114
2317,鴻海,6,0,6,台中銀-員林,2023-04-27,6114
00665L,富邦�琤肭磪囓�2,6,0,6,台中銀-員林,2023-04-27,6114
1720,生達,10,4,6,台中銀-員林,2023-04-27,6114
2314,台揚,6,0,6,台中銀-員林,2023-04-27,6114
6508,惠光,6,0,6,台中銀-員林,2023-04-27,6114
2330,台積電,9,3,6,台中銀-員林,2023-04-27,6114
1905,華紙,19,14,5,台中銀-員林,2023-04-27,6114
00712,復華富時不動產,5,0,5,台中銀-員林,2023-04-27,6114
1416,廣豐,5,0,5,台中銀-員林,2023-04-27,6114
1342,八貫,5,0,5,台中銀-員林,2023-04-27,6114
2328,廣宇,5,0,5,台中銀-員林,2023-04-27,6114
2889,國票金,5,0,5,台中銀-員林,2023-04-27,6114
3015,全漢,5,0,5,台中銀-員林,2023-04-27,6114
3432,台端,5,0,5,台中銀-員林,2023-04-27,6114
5876,上海商銀,5,0,5,台中銀-員林,2023-04-27,6114
8222,寶一,99,21,78,台中銀-員林,2023-04-28,6114
2409,友達,77,4,73,台中銀-員林,2023-04-28,6114
2880,華南金,61,0,61,台中銀-員林,2023-04-28,6114
2208,台船,46,3,43,台中銀-員林,2023-04-28,6114
2303,聯電,37,1,36,台中銀-員林,2023-04-28,6114
3071,協禧,35,0,35,台中銀-員林,2023-04-28,6114
6163,華電網,49,14,35,台中銀-員林,2023-04-28,6114
00664R,國泰臺灣加權反1,30,0,30,台中銀-員林,2023-04-28,6114
2344,華邦電,32,6,26,台中銀-員林,2023-04-28,6114
3481,群創,32,7,25,台中銀-員林,2023-04-28,6114
6167,久正,21,0,21,台中銀-員林,2023-04-28,6114
00632R,元大台灣50反1,20,0,20,台中銀-員林,2023-04-28,6114
5309,系統電,20,0,20,台中銀-員林,2023-04-28,6114
6142,友勁,20,0,20,台中銀-員林,2023-04-28,6114
2634,漢翔,72,53,19,台中銀-員林,2023-04-28,6114
6282,康舒,25,6,19,台中銀-員林,2023-04-28,6114
4967,十銓,16,0,16,台中銀-員林,2023-04-28,6114
00715L,期街口布蘭特正2,16,1,15,台中銀-員林,2023-04-28,6114
5009,榮剛,28,13,15,台中銀-員林,2023-04-28,6114
2022,聚亨,19,5,14,台中銀-員林,2023-04-28,6114
1711,永光,24,11,13,台中銀-員林,2023-04-28,6114
6266,泰詠,13,0,13,台中銀-員林,2023-04-28,6114
8033,雷虎,13,0,13,台中銀-員林,2023-04-28,6114
1905,華紙,23,10,13,台中銀-員林,2023-04-28,6114
1717,長興,12,0,12,台中銀-員林,2023-04-28,6114
2630,亞航,12,0,12,台中銀-員林,2023-04-28,6114
00924,復華S＆P500成長,15,4,11,台中銀-員林,2023-04-28,6114
00679B,元大美債20年,11,0,11,台中銀-員林,2023-04-28,6114
3363,上詮,15,4,11,台中銀-員林,2023-04-28,6114
3545,敦泰,11,0,11,台中銀-員林,2023-04-28,6114
2007,燁興,10,0,10,台中銀-員林,2023-04-28,6114
2312,金寶,10,0,10,台中銀-員林,2023-04-28,6114
5211,蒙恬,10,0,10,台中銀-員林,2023-04-28,6114
6015,宏遠證,10,0,10,台中銀-員林,2023-04-28,6114
6016,康和證,10,0,10,台中銀-員林,2023-04-28,6114
00885,富邦越南,9,0,9,台中銀-員林,2023-04-28,6114
1776,展宇,11,2,9,台中銀-員林,2023-04-28,6114
00780B,國泰A級金融債,8,0,8,台中銀-員林,2023-04-28,6114
1712,興農,8,0,8,台中銀-員林,2023-04-28,6114
2601,益航,10,2,8,台中銀-員林,2023-04-28,6114
2610,華航,9,1,8,台中銀-員林,2023-04-28,6114
6443,元晶,8,0,8,台中銀-員林,2023-04-28,6114
1720,生達,17,9,8,台中銀-員林,2023-04-28,6114
4743,合一,13,6,7,台中銀-員林,2023-04-28,6114
00680L,元大美債20正2,6,0,6,台中銀-員林,2023-04-28,6114
2498,宏達電,8,2,6,台中銀-員林,2023-04-28,6114
4138,曜亞,6,0,6,台中銀-員林,2023-04-28,6114
6218,豪勉,6,0,6,台中銀-員林,2023-04-28,6114
1310,台苯,8,2,6,台中銀-員林,2023-04-28,6114
4572,駐龍,13,8,5,台中銀-員林,2023-04-28,6114
2371,大同,201,8,193,台中銀-員林,2023-05-02,6114
8085,福華,121,1,120,台中銀-員林,2023-05-02,6114
2609,陽明,124,9,115,台中銀-員林,2023-05-02,6114
2014,中鴻,87,0,87,台中銀-員林,2023-05-02,6114
2889,國票金,45,0,45,台中銀-員林,2023-05-02,6114
4111,濟生,41,1,40,台中銀-員林,2023-05-02,6114
00751B,元大AAA至A公司債,35,0,35,台中銀-員林,2023-05-02,6114
00878,國泰永續高股息,44,11,33,台中銀-員林,2023-05-02,6114
2359,所羅門,31,1,30,台中銀-員林,2023-05-02,6114
5009,榮剛,47,22,25,台中銀-員林,2023-05-02,6114
3011,今皓,25,0,25,台中銀-員林,2023-05-02,6114
4102,永日,25,0,25,台中銀-員林,2023-05-02,6114
2913,農林,39,15,24,台中銀-員林,2023-05-02,6114
4114,健喬,28,5,23,台中銀-員林,2023-05-02,6114
2331,精英,23,1,22,台中銀-員林,2023-05-02,6114
3005,神基,16,1,15,台中銀-員林,2023-05-02,6114
6535,順藥,15,0,15,台中銀-員林,2023-05-02,6114
6177,達麗,14,0,14,台中銀-員林,2023-05-02,6114
6470,宇智,14,0,14,台中銀-員林,2023-05-02,6114
3038,全台,12,0,12,台中銀-員林,2023-05-02,6114
4541,晟田,28,16,12,台中銀-員林,2023-05-02,6114
6129,普誠,12,0,12,台中銀-員林,2023-05-02,6114
00753L,中信中國50正2,21,10,11,台中銀-員林,2023-05-02,6114
8403,盛弘,11,0,11,台中銀-員林,2023-05-02,6114
0056,元大高股息,10,0,10,台中銀-員林,2023-05-02,6114
00725B,國泰投資級公司債,10,0,10,台中銀-員林,2023-05-02,6114
00919,群益台灣精選高息,10,0,10,台中銀-員林,2023-05-02,6114
2305,全友,10,0,10,台中銀-員林,2023-05-02,6114
2515,中工,15,5,10,台中銀-員林,2023-05-02,6114
3058,立德,11,1,10,台中銀-員林,2023-05-02,6114
4104,佳醫,10,0,10,台中銀-員林,2023-05-02,6114
6111,大宇資,16,6,10,台中銀-員林,2023-05-02,6114
6156,松上,10,0,10,台中銀-員林,2023-05-02,6114
6185,幃翔,10,0,10,台中銀-員林,2023-05-02,6114
6517,保勝光學,10,0,10,台中銀-員林,2023-05-02,6114
8050,廣積,10,0,10,台中銀-員林,2023-05-02,6114
5222,全訊,13,3,10,台中銀-員林,2023-05-02,6114
2603,長榮,15,5,10,台中銀-員林,2023-05-02,6114
1210,大成,9,0,9,台中銀-員林,2023-05-02,6114
4581,光隆精密-KY,8,0,8,台中銀-員林,2023-05-02,6114
1810,和成,7,0,7,台中銀-員林,2023-05-02,6114
2344,華邦電,15,8,7,台中銀-員林,2023-05-02,6114
2615,萬海,10,3,7,台中銀-員林,2023-05-02,6114
6269,台郡,7,0,7,台中銀-員林,2023-05-02,6114
8183,精星,7,0,7,台中銀-員林,2023-05-02,6114
3017,奇鋐,6,0,6,台中銀-員林,2023-05-02,6114
00679B,元大美債20年,6,0,6,台中銀-員林,2023-05-02,6114
1784,訊聯,11,5,6,台中銀-員林,2023-05-02,6114
2368,金像電,7,1,6,台中銀-員林,2023-05-02,6114
3532,台勝科,10,4,6,台中銀-員林,2023-05-02,6114
00882,中信中國高股息,168,0,168,台中銀-員林,2023-05-03,6114
00715L,期街口布蘭特正2,161,0,161,台中銀-員林,2023-05-03,6114
00772B,中信高評級公司債,149,0,149,台中銀-員林,2023-05-03,6114
2610,華航,80,13,67,台中銀-員林,2023-05-03,6114
00712,復華富時不動產,65,0,65,台中銀-員林,2023-05-03,6114
3481,群創,67,4,63,台中銀-員林,2023-05-03,6114
1711,永光,59,0,59,台中銀-員林,2023-05-03,6114
2603,長榮,51,6,45,台中銀-員林,2023-05-03,6114
00642U,期元大S＆P石油,41,0,41,台中銀-員林,2023-05-03,6114
1905,華紙,71,31,40,台中銀-員林,2023-05-03,6114
00665L,富邦�琤肭磪囓�2,36,0,36,台中銀-員林,2023-05-03,6114
1310,台苯,40,5,35,台中銀-員林,2023-05-03,6114
2913,農林,74,42,32,台中銀-員林,2023-05-03,6114
00878,國泰永續高股息,27,1,26,台中銀-員林,2023-05-03,6114
3038,全台,27,2,25,台中銀-員林,2023-05-03,6114
3231,緯創,30,5,25,台中銀-員林,2023-05-03,6114
6282,康舒,27,5,22,台中銀-員林,2023-05-03,6114
00753L,中信中國50正2,21,0,21,台中銀-員林,2023-05-03,6114
6288,聯嘉,27,6,21,台中銀-員林,2023-05-03,6114
2359,所羅門,20,0,20,台中銀-員林,2023-05-03,6114
1504,東元,28,9,19,台中銀-員林,2023-05-03,6114
1514,亞力,30,12,18,台中銀-員林,2023-05-03,6114
3479,安勤,17,1,16,台中銀-員林,2023-05-03,6114
6156,松上,16,0,16,台中銀-員林,2023-05-03,6114
3419,譁裕,76,62,14,台中銀-員林,2023-05-03,6114
1519,華城,42,29,13,台中銀-員林,2023-05-03,6114
2471,資通,31,18,13,台中銀-員林,2023-05-03,6114
4979,華星光,18,5,13,台中銀-員林,2023-05-03,6114
1210,大成,11,0,11,台中銀-員林,2023-05-03,6114
8069,元太,15,5,10,台中銀-員林,2023-05-03,6114
2480,敦陽科,10,0,10,台中銀-員林,2023-05-03,6114
2615,萬海,10,0,10,台中銀-員林,2023-05-03,6114
2706,第一店,10,0,10,台中銀-員林,2023-05-03,6114
2801,彰銀,10,0,10,台中銀-員林,2023-05-03,6114
2897,王道銀行,10,0,10,台中銀-員林,2023-05-03,6114
3029,零壹,10,0,10,台中銀-員林,2023-05-03,6114
4906,正文,10,0,10,台中銀-員林,2023-05-03,6114
5488,松普,10,0,10,台中銀-員林,2023-05-03,6114
6206,飛捷,10,0,10,台中銀-員林,2023-05-03,6114
6589,台康生技,10,0,10,台中銀-員林,2023-05-03,6114
6167,久正,30,21,9,台中銀-員林,2023-05-03,6114
6829,千附精密,10,1,9,台中銀-員林,2023-05-03,6114
5222,全訊,45,36,9,台中銀-員林,2023-05-03,6114
2317,鴻海,11,3,8,台中銀-員林,2023-05-03,6114
6669,緯穎,7,0,7,台中銀-員林,2023-05-03,6114
2457,飛宏,19,12,7,台中銀-員林,2023-05-03,6114
3454,晶睿,8,1,7,台中銀-員林,2023-05-03,6114
4722,國精化,9,2,7,台中銀-員林,2023-05-03,6114
4746,台耀,18,11,7,台中銀-員林,2023-05-03,6114
6116,彩晶,7,0,7,台中銀-員林,2023-05-03,6114
2890,永豐金,90,0,90,台中銀-員林,2023-05-04,6114
00715L,期街口布蘭特正2,80,2,78,台中銀-員林,2023-05-04,6114
00642U,期元大S＆P石油,74,0,74,台中銀-員林,2023-05-04,6114
6024,群益期,51,0,51,台中銀-員林,2023-05-04,6114
6167,久正,67,19,48,台中銀-員林,2023-05-04,6114
1217,愛之味,41,0,41,台中銀-員林,2023-05-04,6114
1711,永光,52,13,39,台中銀-員林,2023-05-04,6114
2915,潤泰全,38,0,38,台中銀-員林,2023-05-04,6114
3029,零壹,127,103,24,台中銀-員林,2023-05-04,6114
6188,廣明,26,2,24,台中銀-員林,2023-05-04,6114
2208,台船,23,0,23,台中銀-員林,2023-05-04,6114
1904,正隆,31,8,23,台中銀-員林,2023-05-04,6114
1717,長興,22,0,22,台中銀-員林,2023-05-04,6114
2022,聚亨,25,3,22,台中銀-員林,2023-05-04,6114
4915,致伸,30,10,20,台中銀-員林,2023-05-04,6114
2634,漢翔,27,7,20,台中銀-員林,2023-05-04,6114
2614,東森,18,0,18,台中銀-員林,2023-05-04,6114
3276,宇環,17,0,17,台中銀-員林,2023-05-04,6114
00712,復華富時不動產,17,1,16,台中銀-員林,2023-05-04,6114
3062,建漢,15,0,15,台中銀-員林,2023-05-04,6114
3712,永崴投控,24,9,15,台中銀-員林,2023-05-04,6114
1609,大亞,87,72,15,台中銀-員林,2023-05-04,6114
2002,中鋼,13,1,12,台中銀-員林,2023-05-04,6114
1905,華紙,32,20,12,台中銀-員林,2023-05-04,6114
4108,懷特,12,0,12,台中銀-員林,2023-05-04,6114
1618,合機,11,0,11,台中銀-員林,2023-05-04,6114
1762,中化生,11,0,11,台中銀-員林,2023-05-04,6114
4111,濟生,11,0,11,台中銀-員林,2023-05-04,6114
4746,台耀,48,37,11,台中銀-員林,2023-05-04,6114
2359,所羅門,10,0,10,台中銀-員林,2023-05-04,6114
2706,第一店,10,0,10,台中銀-員林,2023-05-04,6114
2897,王道銀行,10,0,10,台中銀-員林,2023-05-04,6114
3419,譁裕,11,1,10,台中銀-員林,2023-05-04,6114
4104,佳醫,10,0,10,台中銀-員林,2023-05-04,6114
6234,高僑,20,10,10,台中銀-員林,2023-05-04,6114
6477,安集,17,7,10,台中銀-員林,2023-05-04,6114
8155,博智,11,1,10,台中銀-員林,2023-05-04,6114
2489,瑞軒,14,5,9,台中銀-員林,2023-05-04,6114
2615,萬海,9,0,9,台中銀-員林,2023-05-04,6114
4566,時碩工業,17,8,9,台中銀-員林,2023-05-04,6114
4744,皇將,10,1,9,台中銀-員林,2023-05-04,6114
4919,新唐,9,0,9,台中銀-員林,2023-05-04,6114
5498,凱崴,9,0,9,台中銀-員林,2023-05-04,6114
6129,普誠,9,0,9,台中銀-員林,2023-05-04,6114
6282,康舒,11,2,9,台中銀-員林,2023-05-04,6114
8076,伍豐,9,0,9,台中銀-員林,2023-05-04,6114
2609,陽明,8,0,8,台中銀-員林,2023-05-04,6114
6111,大宇資,23,15,8,台中銀-員林,2023-05-04,6114
6125,廣運,8,0,8,台中銀-員林,2023-05-04,6114
8072,陞泰,8,0,8,台中銀-員林,2023-05-04,6114
00715L,期街口布蘭特正2,183,0,183,台中銀-員林,2023-05-05,6114
1609,大亞,120,27,93,台中銀-員林,2023-05-05,6114
2353,宏��,85,0,85,台中銀-員林,2023-05-05,6114
2031,新光鋼,60,0,60,台中銀-員林,2023-05-05,6114
6282,康舒,33,2,31,台中銀-員林,2023-05-05,6114
3029,零壹,30,0,30,台中銀-員林,2023-05-05,6114
00878,國泰永續高股息,31,2,29,台中銀-員林,2023-05-05,6114
1905,華紙,57,32,25,台中銀-員林,2023-05-05,6114
5438,東友,25,0,25,台中銀-員林,2023-05-05,6114
1907,永豐餘,23,1,22,台中銀-員林,2023-05-05,6114
00642U,期元大S＆P石油,21,0,21,台中銀-員林,2023-05-05,6114
1904,正隆,27,6,21,台中銀-員林,2023-05-05,6114
1618,合機,20,0,20,台中銀-員林,2023-05-05,6114
1776,展宇,20,0,20,台中銀-員林,2023-05-05,6114
1709,和益,18,0,18,台中銀-員林,2023-05-05,6114
3078,僑威,19,1,18,台中銀-員林,2023-05-05,6114
6443,元晶,30,12,18,台中銀-員林,2023-05-05,6114
00712,復華富時不動產,18,0,18,台中銀-員林,2023-05-05,6114
6234,高僑,41,24,17,台中銀-員林,2023-05-05,6114
8215,明基材,16,0,16,台中銀-員林,2023-05-05,6114
2801,彰銀,15,0,15,台中銀-員林,2023-05-05,6114
4164,承業醫,17,2,15,台中銀-員林,2023-05-05,6114
3209,全科,14,0,14,台中銀-員林,2023-05-05,6114
6669,緯穎,17,4,13,台中銀-員林,2023-05-05,6114
6535,順藥,12,0,12,台中銀-員林,2023-05-05,6114
00885,富邦越南,11,0,11,台中銀-員林,2023-05-05,6114
2609,陽明,11,0,11,台中銀-員林,2023-05-05,6114
00720B,元大投資級公司債,10,0,10,台中銀-員林,2023-05-05,6114
00664R,國泰臺灣加權反1,10,0,10,台中銀-員林,2023-05-05,6114
1783,和康生,12,2,10,台中銀-員林,2023-05-05,6114
1809,中釉,10,0,10,台中銀-員林,2023-05-05,6114
3545,敦泰,12,2,10,台中銀-員林,2023-05-05,6114
00679B,元大美債20年,9,1,8,台中銀-員林,2023-05-05,6114
3017,奇鋐,11,3,8,台中銀-員林,2023-05-05,6114
2206,三陽工業,56,48,8,台中銀-員林,2023-05-05,6114
2630,亞航,9,1,8,台中銀-員林,2023-05-05,6114
3006,晶豪科,8,0,8,台中銀-員林,2023-05-05,6114
3479,安勤,14,6,8,台中銀-員林,2023-05-05,6114
00690,兆豐藍籌30,7,0,7,台中銀-員林,2023-05-05,6114
2105,正新,7,0,7,台中銀-員林,2023-05-05,6114
3058,立德,10,3,7,台中銀-員林,2023-05-05,6114
6416,瑞祺電通,7,0,7,台中銀-員林,2023-05-05,6114
2615,萬海,6,0,6,台中銀-員林,2023-05-05,6114
8222,寶一,10,4,6,台中銀-員林,2023-05-05,6114
2484,希華,5,0,5,台中銀-員林,2023-05-05,6114
1342,八貫,5,0,5,台中銀-員林,2023-05-05,6114
00924,復華S＆P500成長,5,0,5,台中銀-員林,2023-05-05,6114
00905,FT臺灣Smart,5,0,5,台中銀-員林,2023-05-05,6114
00632R,元大台灣50反1,5,0,5,台中銀-員林,2023-05-05,6114
1717,長興,5,0,5,台中銀-員林,2023-05-05,6114
8085,福華,366,5,361,台中銀-員林,2023-05-08,6114
8358,金居,64,0,64,台中銀-員林,2023-05-08,6114
1605,華新,68,11,57,台中銀-員林,2023-05-08,6114
00878,國泰永續高股息,71,27,44,台中銀-員林,2023-05-08,6114
2468,華經,45,3,42,台中銀-員林,2023-05-08,6114
2440,太空梭,40,0,40,台中銀-員林,2023-05-08,6114
1504,東元,60,20,40,台中銀-員林,2023-05-08,6114
2371,大同,62,26,36,台中銀-員林,2023-05-08,6114
1611,中電,39,4,35,台中銀-員林,2023-05-08,6114
5381,合正,35,0,35,台中銀-員林,2023-05-08,6114
2883,凱基金,37,5,32,台中銀-員林,2023-05-08,6114
3481,群創,32,0,32,台中銀-員林,2023-05-08,6114
3711,日月光投控,30,1,29,台中銀-員林,2023-05-08,6114
1618,合機,30,1,29,台中銀-員林,2023-05-08,6114
3545,敦泰,26,1,25,台中銀-員林,2023-05-08,6114
3038,全台,33,10,23,台中銀-員林,2023-05-08,6114
4114,健喬,26,3,23,台中銀-員林,2023-05-08,6114
2888,新光金,30,10,20,台中銀-員林,2023-05-08,6114
00631L,元大台灣50正2,16,0,16,台中銀-員林,2023-05-08,6114
3576,聯合再生,16,1,15,台中銀-員林,2023-05-08,6114
1702,南僑,15,0,15,台中銀-員林,2023-05-08,6114
1734,杏輝,15,0,15,台中銀-員林,2023-05-08,6114
2880,華南金,14,0,14,台中銀-員林,2023-05-08,6114
6173,信昌電,13,0,13,台中銀-員林,2023-05-08,6114
1529,樂事綠能,13,1,12,台中銀-員林,2023-05-08,6114
6125,廣運,12,0,12,台中銀-員林,2023-05-08,6114
6790,永豐實,12,0,12,台中銀-員林,2023-05-08,6114
8011,台通,12,0,12,台中銀-員林,2023-05-08,6114
2359,所羅門,12,1,11,台中銀-員林,2023-05-08,6114
1514,亞力,46,35,11,台中銀-員林,2023-05-08,6114
00720B,元大投資級公司債,11,0,11,台中銀-員林,2023-05-08,6114
2344,華邦電,11,0,11,台中銀-員林,2023-05-08,6114
4138,曜亞,10,0,10,台中銀-員林,2023-05-08,6114
00671R,富邦NASDAQ反1,10,0,10,台中銀-員林,2023-05-08,6114
00680L,元大美債20正2,10,0,10,台中銀-員林,2023-05-08,6114
1709,和益,10,0,10,台中銀-員林,2023-05-08,6114
2106,建大,10,0,10,台中銀-員林,2023-05-08,6114
3049,精金,10,0,10,台中銀-員林,2023-05-08,6114
3264,欣銓,10,0,10,台中銀-員林,2023-05-08,6114
3450,聯鈞,10,0,10,台中銀-員林,2023-05-08,6114
5438,東友,10,0,10,台中銀-員林,2023-05-08,6114
5439,高技,10,0,10,台中銀-員林,2023-05-08,6114
6443,元晶,13,3,10,台中銀-員林,2023-05-08,6114
8091,翔名,11,1,10,台中銀-員林,2023-05-08,6114
1708,東鹼,8,0,8,台中銀-員林,2023-05-08,6114
8033,雷虎,23,15,8,台中銀-員林,2023-05-08,6114
3231,緯創,9,1,8,台中銀-員林,2023-05-08,6114
2314,台揚,8,0,8,台中銀-員林,2023-05-08,6114
3687,歐買尬,15,7,8,台中銀-員林,2023-05-08,6114
4726,永昕,8,0,8,台中銀-員林,2023-05-08,6114
00878,國泰永續高股息,137,1,136,台中銀-員林,2023-05-09,6114
2609,陽明,108,0,108,台中銀-員林,2023-05-09,6114
2480,敦陽科,96,0,96,台中銀-員林,2023-05-09,6114
3046,建��,99,20,79,台中銀-員林,2023-05-09,6114
3714,富采,62,0,62,台中銀-員林,2023-05-09,6114
6443,元晶,68,8,60,台中銀-員林,2023-05-09,6114
6244,茂迪,56,5,51,台中銀-員林,2023-05-09,6114
2884,玉山金,50,1,49,台中銀-員林,2023-05-09,6114
6179,亞通,56,7,49,台中銀-員林,2023-05-09,6114
2425,承啟,47,0,47,台中銀-員林,2023-05-09,6114
4121,優盛,44,0,44,台中銀-員林,2023-05-09,6114
2634,漢翔,46,10,36,台中銀-員林,2023-05-09,6114
2421,建準,90,58,32,台中銀-員林,2023-05-09,6114
2881,富邦金,31,0,31,台中銀-員林,2023-05-09,6114
4564,元翎,30,0,30,台中銀-員林,2023-05-09,6114
6024,群益期,29,0,29,台中銀-員林,2023-05-09,6114
1618,合機,30,2,28,台中銀-員林,2023-05-09,6114
2331,精英,79,51,28,台中銀-員林,2023-05-09,6114
1101,台泥,22,2,20,台中銀-員林,2023-05-09,6114
6167,久正,29,9,20,台中銀-員林,2023-05-09,6114
00751B,元大AAA至A公司債,19,0,19,台中銀-員林,2023-05-09,6114
00720B,元大投資級公司債,19,0,19,台中銀-員林,2023-05-09,6114
00679B,元大美債20年,18,0,18,台中銀-員林,2023-05-09,6114
3276,宇環,17,0,17,台中銀-員林,2023-05-09,6114
1310,台苯,16,0,16,台中銀-員林,2023-05-09,6114
3708,上緯投控,16,1,15,台中銀-員林,2023-05-09,6114
4919,新唐,17,2,15,台中銀-員林,2023-05-09,6114
6112,邁達特,55,40,15,台中銀-員林,2023-05-09,6114
3071,協禧,17,3,14,台中銀-員林,2023-05-09,6114
8403,盛弘,15,1,14,台中銀-員林,2023-05-09,6114
3712,永崴投控,13,0,13,台中銀-員林,2023-05-09,6114
1904,正隆,23,10,13,台中銀-員林,2023-05-09,6114
00687B,國泰20年美債,12,0,12,台中銀-員林,2023-05-09,6114
1709,和益,12,0,12,台中銀-員林,2023-05-09,6114
1708,東鹼,16,5,11,台中銀-員林,2023-05-09,6114
00712,復華富時不動產,11,0,11,台中銀-員林,2023-05-09,6114
2633,台灣高鐵,11,0,11,台中銀-員林,2023-05-09,6114
2913,農林,16,5,11,台中銀-員林,2023-05-09,6114
4147,中裕,10,0,10,台中銀-員林,2023-05-09,6114
1810,和成,10,0,10,台中銀-員林,2023-05-09,6114
2302,麗正,10,0,10,台中銀-員林,2023-05-09,6114
2349,錸德,10,0,10,台中銀-員林,2023-05-09,6114
2382,廣達,11,1,10,台中銀-員林,2023-05-09,6114
2915,潤泰全,12,2,10,台中銀-員林,2023-05-09,6114
3005,神基,16,6,10,台中銀-員林,2023-05-09,6114
3051,力特,10,0,10,台中銀-員林,2023-05-09,6114
5356,協益,10,0,10,台中銀-員林,2023-05-09,6114
6288,聯嘉,18,8,10,台中銀-員林,2023-05-09,6114
6290,良維,10,0,10,台中銀-員林,2023-05-09,6114
9945,潤泰新,10,0,10,台中銀-員林,2023-05-09,6114
2312,金寶,200,0,200,台中銀-員林,2023-05-10,6114
00878,國泰永續高股息,139,0,139,台中銀-員林,2023-05-10,6114
00637L,元大滬深300正2,124,10,114,台中銀-員林,2023-05-10,6114
2331,精英,75,0,75,台中銀-員林,2023-05-10,6114
00665L,富邦�琤肭磪囓�2,66,0,66,台中銀-員林,2023-05-10,6114
00753L,中信中國50正2,60,0,60,台中銀-員林,2023-05-10,6114
00687B,國泰20年美債,60,0,60,台中銀-員林,2023-05-10,6114
3714,富采,52,0,52,台中銀-員林,2023-05-10,6114
2425,承啟,36,0,36,台中銀-員林,2023-05-10,6114
2457,飛宏,91,60,31,台中銀-員林,2023-05-10,6114
2888,新光金,26,0,26,台中銀-員林,2023-05-10,6114
00674R,期元大S＆P黃金反1,23,0,23,台中銀-員林,2023-05-10,6114
2630,亞航,22,2,20,台中銀-員林,2023-05-10,6114
6235,華孚,23,4,19,台中銀-員林,2023-05-10,6114
6282,康舒,21,2,19,台中銀-員林,2023-05-10,6114
1611,中電,18,0,18,台中銀-員林,2023-05-10,6114
2208,台船,16,0,16,台中銀-員林,2023-05-10,6114
1314,中石化,15,0,15,台中銀-員林,2023-05-10,6114
2337,旺宏,15,0,15,台中銀-員林,2023-05-10,6114
4967,十銓,16,1,15,台中銀-員林,2023-05-10,6114
6806,森崴能源,23,8,15,台中銀-員林,2023-05-10,6114
8091,翔名,13,0,13,台中銀-員林,2023-05-10,6114
00632R,元大台灣50反1,12,1,11,台中銀-員林,2023-05-10,6114
2633,台灣高鐵,11,0,11,台中銀-員林,2023-05-10,6114
3027,盛達,14,3,11,台中銀-員林,2023-05-10,6114
4979,華星光,18,8,10,台中銀-員林,2023-05-10,6114
1718,中纖,10,0,10,台中銀-員林,2023-05-10,6114
1810,和成,10,0,10,台中銀-員林,2023-05-10,6114
2881,富邦金,10,0,10,台中銀-員林,2023-05-10,6114
3062,建漢,10,0,10,台中銀-員林,2023-05-10,6114
3646,艾恩特,10,0,10,台中銀-員林,2023-05-10,6114
4707,磐亞,10,0,10,台中銀-員林,2023-05-10,6114
5864,致和證,10,0,10,台中銀-員林,2023-05-10,6114
6245,立端,11,1,10,台中銀-員林,2023-05-10,6114
8933,愛地雅,10,0,10,台中銀-員林,2023-05-10,6114
3022,威強電,9,0,9,台中銀-員林,2023-05-10,6114
2913,農林,11,2,9,台中銀-員林,2023-05-10,6114
3058,立德,23,15,8,台中銀-員林,2023-05-10,6114
2729,瓦城,8,0,8,台中銀-員林,2023-05-10,6114
4739,康普,9,1,8,台中銀-員林,2023-05-10,6114
2497,怡利電,9,2,7,台中銀-員林,2023-05-10,6114
6024,群益期,7,0,7,台中銀-員林,2023-05-10,6114
6669,緯穎,6,0,6,台中銀-員林,2023-05-10,6114
2355,敬鵬,6,0,6,台中銀-員林,2023-05-10,6114
00713,元大台灣高息低波,6,0,6,台中銀-員林,2023-05-10,6114
6415,矽力*-KY,6,0,6,台中銀-員林,2023-05-10,6114
00897,富邦基因免疫生技,6,0,6,台中銀-員林,2023-05-10,6114
2352,佳世達,8,2,6,台中銀-員林,2023-05-10,6114
2402,毅嘉,6,0,6,台中銀-員林,2023-05-10,6114
6689,伊雲谷,7,1,6,台中銀-員林,2023-05-10,6114
2312,金寶,200,0,200,台中銀-員林,2023-05-11,6114
00725B,國泰投資級公司債,100,0,100,台中銀-員林,2023-05-11,6114
00724B,群益投資級金融債,100,0,100,台中銀-員林,2023-05-11,6114
2610,華航,94,6,88,台中銀-員林,2023-05-11,6114
6122,擎邦,69,6,63,台中銀-員林,2023-05-11,6114
4121,優盛,57,0,57,台中銀-員林,2023-05-11,6114
3714,富采,50,0,50,台中銀-員林,2023-05-11,6114
4744,皇將,75,28,47,台中銀-員林,2023-05-11,6114
00878,國泰永續高股息,36,0,36,台中銀-員林,2023-05-11,6114
1609,大亞,93,58,35,台中銀-員林,2023-05-11,6114
4967,十銓,29,0,29,台中銀-員林,2023-05-11,6114
5381,合正,31,3,28,台中銀-員林,2023-05-11,6114
3346,麗清,23,0,23,台中銀-員林,2023-05-11,6114
3481,群創,25,2,23,台中銀-員林,2023-05-11,6114
1618,合機,20,0,20,台中銀-員林,2023-05-11,6114
2897,王道銀行,20,0,20,台中銀-員林,2023-05-11,6114
6245,立端,20,0,20,台中銀-員林,2023-05-11,6114
1101,台泥,16,0,16,台中銀-員林,2023-05-11,6114
6138,茂達,20,4,16,台中銀-員林,2023-05-11,6114
1605,華新,17,2,15,台中銀-員林,2023-05-11,6114
2834,臺企銀,20,5,15,台中銀-員林,2023-05-11,6114
3162,精確,14,0,14,台中銀-員林,2023-05-11,6114
4147,中裕,14,0,14,台中銀-員林,2023-05-11,6114
2337,旺宏,13,0,13,台中銀-員林,2023-05-11,6114
2880,華南金,13,0,13,台中銀-員林,2023-05-11,6114
1795,美時,35,22,13,台中銀-員林,2023-05-11,6114
3071,協禧,12,0,12,台中銀-員林,2023-05-11,6114
2201,裕隆,15,3,12,台中銀-員林,2023-05-11,6114
2402,毅嘉,14,2,12,台中銀-員林,2023-05-11,6114
5457,宣德,11,0,11,台中銀-員林,2023-05-11,6114
2002,中鋼,11,1,10,台中銀-員林,2023-05-11,6114
1310,台苯,10,0,10,台中銀-員林,2023-05-11,6114
00632R,元大台灣50反1,60,50,10,台中銀-員林,2023-05-11,6114
1717,長興,10,0,10,台中銀-員林,2023-05-11,6114
1802,台玻,10,0,10,台中銀-員林,2023-05-11,6114
3027,盛達,13,3,10,台中銀-員林,2023-05-11,6114
6234,高僑,34,24,10,台中銀-員林,2023-05-11,6114
9934,成霖,10,0,10,台中銀-員林,2023-05-11,6114
2313,華通,10,1,9,台中銀-員林,2023-05-11,6114
4958,臻鼎-KY,9,0,9,台中銀-員林,2023-05-11,6114
6160,欣技,10,2,8,台中銀-員林,2023-05-11,6114
8097,常珵,18,10,8,台中銀-員林,2023-05-11,6114
6806,森崴能源,8,1,7,台中銀-員林,2023-05-11,6114
6179,亞通,7,0,7,台中銀-員林,2023-05-11,6114
00900,富邦特選高股息30,7,0,7,台中銀-員林,2023-05-11,6114
4114,健喬,8,1,7,台中銀-員林,2023-05-11,6114
8033,雷虎,22,15,7,台中銀-員林,2023-05-11,6114
3576,聯合再生,6,0,6,台中銀-員林,2023-05-11,6114
1517,利奇,6,0,6,台中銀-員林,2023-05-11,6114
1522,堤維西,6,0,6,台中銀-員林,2023-05-11,6114
2425,承啟,320,0,320,台中銀-員林,2023-05-12,6114
00882,中信中國高股息,171,1,170,台中銀-員林,2023-05-12,6114
2312,金寶,100,0,100,台中銀-員林,2023-05-12,6114
3071,協禧,86,21,65,台中銀-員林,2023-05-12,6114
2371,大同,132,78,54,台中銀-員林,2023-05-12,6114
1905,華紙,46,8,38,台中銀-員林,2023-05-12,6114
6188,廣明,32,0,32,台中銀-員林,2023-05-12,6114
2409,友達,30,0,30,台中銀-員林,2023-05-12,6114
2888,新光金,23,0,23,台中銀-員林,2023-05-12,6114
8933,愛地雅,33,11,22,台中銀-員林,2023-05-12,6114
00632R,元大台灣50反1,20,0,20,台中銀-員林,2023-05-12,6114
00713,元大台灣高息低波,17,0,17,台中銀-員林,2023-05-12,6114
2022,聚亨,17,0,17,台中銀-員林,2023-05-12,6114
2883,凱基金,16,1,15,台中銀-員林,2023-05-12,6114
2317,鴻海,17,3,14,台中銀-員林,2023-05-12,6114
3058,立德,20,6,14,台中銀-員林,2023-05-12,6114
6177,達麗,13,0,13,台中銀-員林,2023-05-12,6114
6689,伊雲谷,22,9,13,台中銀-員林,2023-05-12,6114
00878,國泰永續高股息,38,26,12,台中銀-員林,2023-05-12,6114
1904,正隆,12,0,12,台中銀-員林,2023-05-12,6114
4743,合一,16,5,11,台中銀-員林,2023-05-12,6114
4142,國光生,10,0,10,台中銀-員林,2023-05-12,6114
00753L,中信中國50正2,10,0,10,台中銀-員林,2023-05-12,6114
1717,長興,10,0,10,台中銀-員林,2023-05-12,6114
4564,元翎,10,0,10,台中銀-員林,2023-05-12,6114
4979,華星光,12,2,10,台中銀-員林,2023-05-12,6114
5381,合正,10,0,10,台中銀-員林,2023-05-12,6114
5475,德宏,10,0,10,台中銀-員林,2023-05-12,6114
6243,迅杰,10,0,10,台中銀-員林,2023-05-12,6114
8415,大國鋼,10,0,10,台中銀-員林,2023-05-12,6114
1326,台化,9,0,9,台中銀-員林,2023-05-12,6114
6122,擎邦,12,3,9,台中銀-員林,2023-05-12,6114
6160,欣技,11,3,8,台中銀-員林,2023-05-12,6114
6285,啟��,15,7,8,台中銀-員林,2023-05-12,6114
4163,鐿鈦,7,0,7,台中銀-員林,2023-05-12,6114
6625,必應,22,15,7,台中銀-員林,2023-05-12,6114
9945,潤泰新,7,0,7,台中銀-員林,2023-05-12,6114
1718,中纖,6,0,6,台中銀-員林,2023-05-12,6114
1909,榮成,6,0,6,台中銀-員林,2023-05-12,6114
2495,普安,6,0,6,台中銀-員林,2023-05-12,6114
2880,華南金,6,0,6,台中銀-員林,2023-05-12,6114
3576,聯合再生,6,0,6,台中銀-員林,2023-05-12,6114
3710,連展投控,6,0,6,台中銀-員林,2023-05-12,6114
4401,東隆興,6,0,6,台中銀-員林,2023-05-12,6114
6282,康舒,7,1,6,台中銀-員林,2023-05-12,6114
1101,台泥,6,0,6,台中銀-員林,2023-05-12,6114
2002,中鋼,8,3,5,台中銀-員林,2023-05-12,6114
2753,八方雲集,8,3,5,台中銀-員林,2023-05-12,6114
1796,金穎生技,5,0,5,台中銀-員林,2023-05-12,6114
2337,旺宏,5,0,5,台中銀-員林,2023-05-12,6114
00882,中信中國高股息,663,1,662,台中銀-員林,2023-05-15,6114
4123,晟德,313,0,313,台中銀-員林,2023-05-15,6114
2609,陽明,208,6,202,台中銀-員林,2023-05-15,6114
2331,精英,167,58,109,台中銀-員林,2023-05-15,6114
4306,炎洲,65,0,65,台中銀-員林,2023-05-15,6114
00632R,元大台灣50反1,56,0,56,台中銀-員林,2023-05-15,6114
00715L,期街口布蘭特正2,56,0,56,台中銀-員林,2023-05-15,6114
3419,譁裕,50,0,50,台中銀-員林,2023-05-15,6114
1519,華城,49,4,45,台中銀-員林,2023-05-15,6114
3710,連展投控,31,0,31,台中銀-員林,2023-05-15,6114
3046,建��,85,55,30,台中銀-員林,2023-05-15,6114
00642U,期元大S＆P石油,23,0,23,台中銀-員林,2023-05-15,6114
00724B,群益投資級金融債,21,0,21,台中銀-員林,2023-05-15,6114
2883,凱基金,21,0,21,台中銀-員林,2023-05-15,6114
6122,擎邦,22,1,21,台中銀-員林,2023-05-15,6114
00720B,元大投資級公司債,18,0,18,台中銀-員林,2023-05-15,6114
5871,中租-KY,16,0,16,台中銀-員林,2023-05-15,6114
1909,榮成,16,0,16,台中銀-員林,2023-05-15,6114
00687B,國泰20年美債,15,0,15,台中銀-員林,2023-05-15,6114
1201,味全,15,0,15,台中銀-員林,2023-05-15,6114
1618,合機,15,0,15,台中銀-員林,2023-05-15,6114
2027,大成鋼,15,0,15,台中銀-員林,2023-05-15,6114
2344,華邦電,15,0,15,台中銀-員林,2023-05-15,6114
3712,永崴投控,15,0,15,台中銀-員林,2023-05-15,6114
3105,穩懋,14,1,13,台中銀-員林,2023-05-15,6114
3479,安勤,12,0,12,台中銀-員林,2023-05-15,6114
2482,連宇,12,0,12,台中銀-員林,2023-05-15,6114
2515,中工,12,0,12,台中銀-員林,2023-05-15,6114
4114,健喬,12,0,12,台中銀-員林,2023-05-15,6114
0056,元大高股息,15,4,11,台中銀-員林,2023-05-15,6114
6112,邁達特,18,7,11,台中銀-員林,2023-05-15,6114
1101,台泥,10,0,10,台中銀-員林,2023-05-15,6114
1308,亞聚,10,0,10,台中銀-員林,2023-05-15,6114
00780B,國泰A級金融債,10,0,10,台中銀-員林,2023-05-15,6114
00751B,元大AAA至A公司債,10,0,10,台中銀-員林,2023-05-15,6114
00725B,國泰投資級公司債,10,0,10,台中銀-員林,2023-05-15,6114
2462,良得電,10,0,10,台中銀-員林,2023-05-15,6114
2887,台新金,10,0,10,台中銀-員林,2023-05-15,6114
4908,前鼎,10,0,10,台中銀-員林,2023-05-15,6114
8996,高力,10,0,10,台中銀-員林,2023-05-15,6114
9955,佳龍,10,0,10,台中銀-員林,2023-05-15,6114
00680L,元大美債20正2,9,0,9,台中銀-員林,2023-05-15,6114
00713,元大台灣高息低波,8,0,8,台中銀-員林,2023-05-15,6114
2891,中信金,10,2,8,台中銀-員林,2023-05-15,6114
4961,天鈺,14,6,8,台中銀-員林,2023-05-15,6114
6417,韋僑,8,0,8,台中銀-員林,2023-05-15,6114
2382,廣達,10,2,8,台中銀-員林,2023-05-15,6114
3071,協禧,8,1,7,台中銀-員林,2023-05-15,6114
6712,長聖,8,1,7,台中銀-員林,2023-05-15,6114
6472,保瑞,9,2,7,台中銀-員林,2023-05-15,6114
00680L,元大美債20正2,207,0,207,台中銀-員林,2023-05-16,6114
00715L,期街口布蘭特正2,128,22,106,台中銀-員林,2023-05-16,6114
2609,陽明,104,7,97,台中銀-員林,2023-05-16,6114
2884,玉山金,78,2,76,台中銀-員林,2023-05-16,6114
9103,美德醫療-DR,70,0,70,台中銀-員林,2023-05-16,6114
3224,三顧,56,15,41,台中銀-員林,2023-05-16,6114
00720B,元大投資級公司債,23,0,23,台中銀-員林,2023-05-16,6114
1609,大亞,26,4,22,台中銀-員林,2023-05-16,6114
2317,鴻海,20,0,20,台中銀-員林,2023-05-16,6114
3011,今皓,20,0,20,台中銀-員林,2023-05-16,6114
5531,鄉林,20,0,20,台中銀-員林,2023-05-16,6114
00712,復華富時不動產,19,0,19,台中銀-員林,2023-05-16,6114
2457,飛宏,30,12,18,台中銀-員林,2023-05-16,6114
6415,矽力*-KY,18,0,18,台中銀-員林,2023-05-16,6114
00751B,元大AAA至A公司債,18,0,18,台中銀-員林,2023-05-16,6114
00632R,元大台灣50反1,14,0,14,台中銀-員林,2023-05-16,6114
1905,華紙,21,7,14,台中銀-員林,2023-05-16,6114
1605,華新,14,1,13,台中銀-員林,2023-05-16,6114
2491,吉祥全,13,0,13,台中銀-員林,2023-05-16,6114
00772B,中信高評級公司債,13,0,13,台中銀-員林,2023-05-16,6114
4968,立積,13,2,11,台中銀-員林,2023-05-16,6114
00896,中信綠能及電動車,10,0,10,台中銀-員林,2023-05-16,6114
00891,中信關鍵半導體,10,0,10,台中銀-員林,2023-05-16,6114
1810,和成,10,0,10,台中銀-員林,2023-05-16,6114
2349,錸德,10,0,10,台中銀-員林,2023-05-16,6114
2462,良得電,10,0,10,台中銀-員林,2023-05-16,6114
3710,連展投控,10,0,10,台中銀-員林,2023-05-16,6114
3231,緯創,44,34,10,台中銀-員林,2023-05-16,6114
1210,大成,10,1,9,台中銀-員林,2023-05-16,6114
00701,國泰股利精選30,9,0,9,台中銀-員林,2023-05-16,6114
2634,漢翔,61,52,9,台中銀-員林,2023-05-16,6114
4744,皇將,9,0,9,台中銀-員林,2023-05-16,6114
1517,利奇,12,4,8,台中銀-員林,2023-05-16,6114
2630,亞航,11,3,8,台中銀-員林,2023-05-16,6114
3071,協禧,8,0,8,台中銀-員林,2023-05-16,6114
2208,台船,47,40,7,台中銀-員林,2023-05-16,6114
3202,樺晟,27,20,7,台中銀-員林,2023-05-16,6114
3008,大立光,7,0,7,台中銀-員林,2023-05-16,6114
4967,十銓,10,4,6,台中銀-員林,2023-05-16,6114
8038,長園科,6,0,6,台中銀-員林,2023-05-16,6114
8940,新天地,6,0,6,台中銀-員林,2023-05-16,6114
00687B,國泰20年美債,5,0,5,台中銀-員林,2023-05-16,6114
2736,富野,26,21,5,台中銀-員林,2023-05-16,6114
6147,頎邦,5,0,5,台中銀-員林,2023-05-16,6114
00725B,國泰投資級公司債,5,0,5,台中銀-員林,2023-05-16,6114
1752,南光,5,0,5,台中銀-員林,2023-05-16,6114
4163,鐿鈦,5,0,5,台中銀-員林,2023-05-16,6114
5371,中光電,5,0,5,台中銀-員林,2023-05-16,6114
6243,迅杰,5,0,5,台中銀-員林,2023-05-16,6114
6245,立端,6,1,5,台中銀-員林,2023-05-16,6114
00637L,元大滬深300正2,175,0,175,台中銀-員林,2023-05-17,6114
3673,TPK-KY,104,2,102,台中銀-員林,2023-05-17,6114
00632R,元大台灣50反1,87,0,87,台中銀-員林,2023-05-17,6114
6245,立端,89,3,86,台中銀-員林,2023-05-17,6114
2489,瑞軒,55,0,55,台中銀-員林,2023-05-17,6114
2603,長榮,53,0,53,台中銀-員林,2023-05-17,6114
6220,岳豐,50,0,50,台中銀-員林,2023-05-17,6114
00878,國泰永續高股息,50,5,45,台中銀-員林,2023-05-17,6114
00687B,國泰20年美債,30,0,30,台中銀-員林,2023-05-17,6114
5222,全訊,31,4,27,台中銀-員林,2023-05-17,6114
00715L,期街口布蘭特正2,28,2,26,台中銀-員林,2023-05-17,6114
2491,吉祥全,26,2,24,台中銀-員林,2023-05-17,6114
3078,僑威,25,2,23,台中銀-員林,2023-05-17,6114
1810,和成,21,0,21,台中銀-員林,2023-05-17,6114
9955,佳龍,20,0,20,台中銀-員林,2023-05-17,6114
0056,元大高股息,26,10,16,台中銀-員林,2023-05-17,6114
00751B,元大AAA至A公司債,15,0,15,台中銀-員林,2023-05-17,6114
00720B,元大投資級公司債,14,0,14,台中銀-員林,2023-05-17,6114
1519,華城,20,6,14,台中銀-員林,2023-05-17,6114
3715,定穎投控,14,0,14,台中銀-員林,2023-05-17,6114
1608,華榮,13,0,13,台中銀-員林,2023-05-17,6114
2317,鴻海,14,2,12,台中銀-員林,2023-05-17,6114
00679B,元大美債20年,62,50,12,台中銀-員林,2023-05-17,6114
6223,旺矽,15,3,12,台中銀-員林,2023-05-17,6114
2359,所羅門,11,0,11,台中銀-員林,2023-05-17,6114
2402,毅嘉,22,11,11,台中銀-員林,2023-05-17,6114
2425,承啟,61,50,11,台中銀-員林,2023-05-17,6114
6535,順藥,11,0,11,台中銀-員林,2023-05-17,6114
00753L,中信中國50正2,10,0,10,台中銀-員林,2023-05-17,6114
1612,宏泰,22,12,10,台中銀-員林,2023-05-17,6114
2364,倫飛,10,0,10,台中銀-員林,2023-05-17,6114
2913,農林,10,0,10,台中銀-員林,2023-05-17,6114
3011,今皓,10,0,10,台中銀-員林,2023-05-17,6114
3149,正達,10,0,10,台中銀-員林,2023-05-17,6114
5211,蒙恬,10,0,10,台中銀-員林,2023-05-17,6114
2472,立隆電,10,2,8,台中銀-員林,2023-05-17,6114
00772B,中信高評級公司債,7,0,7,台中銀-員林,2023-05-17,6114
1605,華新,7,0,7,台中銀-員林,2023-05-17,6114
00712,復華富時不動產,6,0,6,台中銀-員林,2023-05-17,6114
6285,啟��,13,7,6,台中銀-員林,2023-05-17,6114
00882,中信中國高股息,6,0,6,台中銀-員林,2023-05-17,6114
00725B,國泰投資級公司債,6,0,6,台中銀-員林,2023-05-17,6114
00680L,元大美債20正2,6,0,6,台中銀-員林,2023-05-17,6114
1727,中華化,60,54,6,台中銀-員林,2023-05-17,6114
2615,萬海,6,0,6,台中銀-員林,2023-05-17,6114
6593,台灣銘板,10,4,6,台中銀-員林,2023-05-17,6114
6179,亞通,6,1,5,台中銀-員林,2023-05-17,6114
1783,和康生,6,1,5,台中銀-員林,2023-05-17,6114
2340,台亞,5,0,5,台中銀-員林,2023-05-17,6114
2405,輔信,5,0,5,台中銀-員林,2023-05-17,6114
00706L,期元大S＆P日圓正2,502,0,502,台中銀-員林,2023-05-18,6114
00882,中信中國高股息,168,2,166,台中銀-員林,2023-05-18,6114
00665L,富邦�琤肭磪囓�2,138,78,60,台中銀-員林,2023-05-18,6114
00720B,元大投資級公司債,59,0,59,台中銀-員林,2023-05-18,6114
00722B,群益投資級電信債,57,0,57,台中銀-員林,2023-05-18,6114
00637L,元大滬深300正2,50,0,50,台中銀-員林,2023-05-18,6114
6415,矽力*-KY,37,4,33,台中銀-員林,2023-05-18,6114
6024,群益期,32,0,32,台中銀-員林,2023-05-18,6114
2014,中鴻,30,0,30,台中銀-員林,2023-05-18,6114
8222,寶一,40,13,27,台中銀-員林,2023-05-18,6114
5258,虹堡,33,11,22,台中銀-員林,2023-05-18,6114
00753L,中信中國50正2,21,0,21,台中銀-員林,2023-05-18,6114
5425,台半,19,0,19,台中銀-員林,2023-05-18,6114
2801,彰銀,20,1,19,台中銀-員林,2023-05-18,6114
1529,樂事綠能,20,3,17,台中銀-員林,2023-05-18,6114
3406,玉晶光,20,5,15,台中銀-員林,2023-05-18,6114
00673R,期元大S＆P原油反1,14,0,14,台中銀-員林,2023-05-18,6114
2380,虹光,15,1,14,台中銀-員林,2023-05-18,6114
2457,飛宏,26,12,14,台中銀-員林,2023-05-18,6114
6535,順藥,15,1,14,台中銀-員林,2023-05-18,6114
2481,強茂,13,0,13,台中銀-員林,2023-05-18,6114
2359,所羅門,11,0,11,台中銀-員林,2023-05-18,6114
00902,中信電池及儲能,10,0,10,台中銀-員林,2023-05-18,6114
1617,榮星,10,0,10,台中銀-員林,2023-05-18,6114
2340,台亞,10,0,10,台中銀-員林,2023-05-18,6114
2349,錸德,10,0,10,台中銀-員林,2023-05-18,6114
2534,宏盛,10,0,10,台中銀-員林,2023-05-18,6114
3419,譁裕,10,0,10,台中銀-員林,2023-05-18,6114
3484,崧騰,10,0,10,台中銀-員林,2023-05-18,6114
4426,利勤,10,0,10,台中銀-員林,2023-05-18,6114
9945,潤泰新,10,0,10,台中銀-員林,2023-05-18,6114
9955,佳龍,10,0,10,台中銀-員林,2023-05-18,6114
1904,正隆,20,11,9,台中銀-員林,2023-05-18,6114
3704,合勤控,30,21,9,台中銀-員林,2023-05-18,6114
1605,華新,12,4,8,台中銀-員林,2023-05-18,6114
2323,中環,10,2,8,台中銀-員林,2023-05-18,6114
2486,一詮,8,0,8,台中銀-員林,2023-05-18,6114
2402,毅嘉,7,0,7,台中銀-員林,2023-05-18,6114
6112,邁達特,35,28,7,台中銀-員林,2023-05-18,6114
8050,廣積,7,0,7,台中銀-員林,2023-05-18,6114
8097,常珵,7,0,7,台中銀-員林,2023-05-18,6114
3207,耀勝,15,8,7,台中銀-員林,2023-05-18,6114
3481,群創,8,1,7,台中銀-員林,2023-05-18,6114
00687B,國泰20年美債,7,0,7,台中銀-員林,2023-05-18,6114
1314,中石化,6,0,6,台中銀-員林,2023-05-18,6114
1608,華榮,6,0,6,台中銀-員林,2023-05-18,6114
1810,和成,7,1,6,台中銀-員林,2023-05-18,6114
2421,建準,10,4,6,台中銀-員林,2023-05-18,6114
4543,萬在,6,0,6,台中銀-員林,2023-05-18,6114
4968,立積,9,3,6,台中銀-員林,2023-05-18,6114
00882,中信中國高股息,664,2,662,台中銀-員林,2023-05-19,6114
00772B,中信高評級公司債,152,0,152,台中銀-員林,2023-05-19,6114
00665L,富邦�琤肭磪囓�2,130,3,127,台中銀-員林,2023-05-19,6114
00753L,中信中國50正2,81,2,79,台中銀-員林,2023-05-19,6114
2331,精英,67,0,67,台中銀-員林,2023-05-19,6114
3058,立德,62,2,60,台中銀-員林,2023-05-19,6114
00637L,元大滬深300正2,54,0,54,台中銀-員林,2023-05-19,6114
00687B,國泰20年美債,33,0,33,台中銀-員林,2023-05-19,6114
1605,華新,51,20,31,台中銀-員林,2023-05-19,6114
5009,榮剛,30,0,30,台中銀-員林,2023-05-19,6114
2371,大同,46,17,29,台中銀-員林,2023-05-19,6114
2453,凌群,28,6,22,台中銀-員林,2023-05-19,6114
1219,福壽,21,0,21,台中銀-員林,2023-05-19,6114
2491,吉祥全,21,0,21,台中銀-員林,2023-05-19,6114
4123,晟德,20,0,20,台中銀-員林,2023-05-19,6114
4908,前鼎,20,0,20,台中銀-員林,2023-05-19,6114
5309,系統電,20,0,20,台中銀-員林,2023-05-19,6114
1504,東元,47,28,19,台中銀-員林,2023-05-19,6114
00751B,元大AAA至A公司債,19,0,19,台中銀-員林,2023-05-19,6114
2471,資通,29,12,17,台中銀-員林,2023-05-19,6114
6024,群益期,17,0,17,台中銀-員林,2023-05-19,6114
00690,兆豐藍籌30,16,0,16,台中銀-員林,2023-05-19,6114
6741,91APP*-KY,15,0,15,台中銀-員林,2023-05-19,6114
2705,六福,15,0,15,台中銀-員林,2023-05-19,6114
3703,欣陸,14,0,14,台中銀-員林,2023-05-19,6114
2206,三陽工業,29,16,13,台中銀-員林,2023-05-19,6114
2457,飛宏,35,22,13,台中銀-員林,2023-05-19,6114
00795B,中信美國公債20年,12,0,12,台中銀-員林,2023-05-19,6114
2736,富野,14,2,12,台中銀-員林,2023-05-19,6114
5371,中光電,12,0,12,台中銀-員林,2023-05-19,6114
3481,群創,12,1,11,台中銀-員林,2023-05-19,6114
6245,立端,13,2,11,台中銀-員林,2023-05-19,6114
00679B,元大美債20年,36,26,10,台中銀-員林,2023-05-19,6114
00720B,元大投資級公司債,12,2,10,台中銀-員林,2023-05-19,6114
1503,士電,50,40,10,台中銀-員林,2023-05-19,6114
2104,國際中橡,10,0,10,台中銀-員林,2023-05-19,6114
2436,偉詮電,15,5,10,台中銀-員林,2023-05-19,6114
6229,研通,10,0,10,台中銀-員林,2023-05-19,6114
6160,欣技,15,6,9,台中銀-員林,2023-05-19,6114
2610,華航,82,73,9,台中銀-員林,2023-05-19,6114
00725B,國泰投資級公司債,8,0,8,台中銀-員林,2023-05-19,6114
1314,中石化,8,0,8,台中銀-員林,2023-05-19,6114
6288,聯嘉,25,17,8,台中銀-員林,2023-05-19,6114
1618,合機,7,0,7,台中銀-員林,2023-05-19,6114
3710,連展投控,7,0,7,台中銀-員林,2023-05-19,6114
5706,鳳凰,15,9,6,台中銀-員林,2023-05-19,6114
1598,岱宇,6,0,6,台中銀-員林,2023-05-19,6114
2605,新興,6,0,6,台中銀-員林,2023-05-19,6114
5222,全訊,13,7,6,台中銀-員林,2023-05-19,6114
6112,邁達特,29,23,6,台中銀-員林,2023-05-19,6114
00923,群益台ESG低碳50,45,0,45,台中銀-員林,2023-05-22,6114
00715L,期街口布蘭特正2,40,0,40,台中銀-員林,2023-05-22,6114
1717,長興,40,0,40,台中銀-員林,2023-05-22,6114
00687B,國泰20年美債,37,0,37,台中銀-員林,2023-05-22,6114
00679B,元大美債20年,34,1,33,台中銀-員林,2023-05-22,6114
1810,和成,40,9,31,台中銀-員林,2023-05-22,6114
1605,華新,32,2,30,台中銀-員林,2023-05-22,6114
1591,駿吉-KY,30,0,30,台中銀-員林,2023-05-22,6114
2609,陽明,32,2,30,台中銀-員林,2023-05-22,6114
2498,宏達電,30,4,26,台中銀-員林,2023-05-22,6114
1608,華榮,43,23,20,台中銀-員林,2023-05-22,6114
2303,聯電,19,0,19,台中銀-員林,2023-05-22,6114
00795B,中信美國公債20年,18,0,18,台中銀-員林,2023-05-22,6114
2634,漢翔,28,10,18,台中銀-員林,2023-05-22,6114
1447,力鵬,16,0,16,台中銀-員林,2023-05-22,6114
4306,炎洲,15,0,15,台中銀-員林,2023-05-22,6114
1519,華城,25,13,12,台中銀-員林,2023-05-22,6114
00753L,中信中國50正2,11,0,11,台中銀-員林,2023-05-22,6114
2438,翔耀,11,0,11,台中銀-員林,2023-05-22,6114
00772B,中信高評級公司債,12,1,11,台中銀-員林,2023-05-22,6114
2323,中環,10,0,10,台中銀-員林,2023-05-22,6114
00720B,元大投資級公司債,10,0,10,台中銀-員林,2023-05-22,6114
00706L,期元大S＆P日圓正2,10,0,10,台中銀-員林,2023-05-22,6114
2603,長榮,12,4,8,台中銀-員林,2023-05-22,6114
00893,國泰智能電動車,13,5,8,台中銀-員林,2023-05-22,6114
00680L,元大美債20正2,8,0,8,台中銀-員林,2023-05-22,6114
6269,台郡,8,0,8,台中銀-員林,2023-05-22,6114
6770,力積電,13,5,8,台中銀-員林,2023-05-22,6114
6461,益得,7,0,7,台中銀-員林,2023-05-22,6114
2352,佳世達,7,0,7,台中銀-員林,2023-05-22,6114
00751B,元大AAA至A公司債,6,0,6,台中銀-員林,2023-05-22,6114
00690,兆豐藍籌30,6,0,6,台中銀-員林,2023-05-22,6114
3661,世芯-KY,11,5,6,台中銀-員林,2023-05-22,6114
1455,集盛,6,0,6,台中銀-員林,2023-05-22,6114
2468,華經,6,0,6,台中銀-員林,2023-05-22,6114
3501,維熹,6,0,6,台中銀-員林,2023-05-22,6114
4440,宜新實業,6,0,6,台中銀-員林,2023-05-22,6114
6245,立端,6,0,6,台中銀-員林,2023-05-22,6114
5425,台半,11,5,6,台中銀-員林,2023-05-22,6114
2368,金像電,11,5,6,台中銀-員林,2023-05-22,6114
3443,創意,8,3,5,台中銀-員林,2023-05-22,6114
2867,三商壽,5,0,5,台中銀-員林,2023-05-22,6114
1727,中華化,24,19,5,台中銀-員林,2023-05-22,6114
1802,台玻,5,0,5,台中銀-員林,2023-05-22,6114
2420,新巨,5,0,5,台中銀-員林,2023-05-22,6114
2453,凌群,8,3,5,台中銀-員林,2023-05-22,6114
3026,禾伸堂,5,0,5,台中銀-員林,2023-05-22,6114
3037,欣興,19,14,5,台中銀-員林,2023-05-22,6114
3624,光頡,5,0,5,台中銀-員林,2023-05-22,6114
4128,中天,5,0,5,台中銀-員林,2023-05-22,6114
00706L,期元大S＆P日圓正2,1328,0,1328,台中銀-員林,2023-05-23,6114
2609,陽明,107,1,106,台中銀-員林,2023-05-23,6114
2409,友達,52,1,51,台中銀-員林,2023-05-23,6114
3037,欣興,60,12,48,台中銀-員林,2023-05-23,6114
1605,華新,33,1,32,台中銀-員林,2023-05-23,6114
3022,威強電,33,3,30,台中銀-員林,2023-05-23,6114
00637L,元大滬深300正2,25,0,25,台中銀-員林,2023-05-23,6114
2399,映泰,25,0,25,台中銀-員林,2023-05-23,6114
2634,漢翔,47,22,25,台中銀-員林,2023-05-23,6114
1905,華紙,41,17,24,台中銀-員林,2023-05-23,6114
00687B,國泰20年美債,20,0,20,台中銀-員林,2023-05-23,6114
2483,百容,20,0,20,台中銀-員林,2023-05-23,6114
6806,森崴能源,25,5,20,台中銀-員林,2023-05-23,6114
2371,大同,26,7,19,台中銀-員林,2023-05-23,6114
2201,裕隆,27,9,18,台中銀-員林,2023-05-23,6114
00882,中信中國高股息,17,0,17,台中銀-員林,2023-05-23,6114
2208,台船,17,0,17,台中銀-員林,2023-05-23,6114
3481,群創,29,13,16,台中銀-員林,2023-05-23,6114
5425,台半,18,3,15,台中銀-員林,2023-05-23,6114
1727,中華化,33,19,14,台中銀-員林,2023-05-23,6114
3673,TPK-KY,14,0,14,台中銀-員林,2023-05-23,6114
1519,華城,27,14,13,台中銀-員林,2023-05-23,6114
00795B,中信美國公債20年,12,0,12,台中銀-員林,2023-05-23,6114
1802,台玻,12,0,12,台中銀-員林,2023-05-23,6114
4916,事欣科,12,0,12,台中銀-員林,2023-05-23,6114
00679B,元大美債20年,11,1,10,台中銀-員林,2023-05-23,6114
2034,允強,10,0,10,台中銀-員林,2023-05-23,6114
2367,燿華,10,0,10,台中銀-員林,2023-05-23,6114
2801,彰銀,10,0,10,台中銀-員林,2023-05-23,6114
2834,臺企銀,10,0,10,台中銀-員林,2023-05-23,6114
4543,萬在,10,0,10,台中銀-員林,2023-05-23,6114
5398,慕康生醫,10,0,10,台中銀-員林,2023-05-23,6114
6741,91APP*-KY,10,0,10,台中銀-員林,2023-05-23,6114
1760,寶齡富錦,10,0,10,台中銀-員林,2023-05-23,6114
1455,集盛,9,0,9,台中銀-員林,2023-05-23,6114
1609,大亞,13,4,9,台中銀-員林,2023-05-23,6114
0056,元大高股息,10,1,9,台中銀-員林,2023-05-23,6114
1529,樂事綠能,10,2,8,台中銀-員林,2023-05-23,6114
2388,威盛,9,1,8,台中銀-員林,2023-05-23,6114
5531,鄉林,18,10,8,台中銀-員林,2023-05-23,6114
8097,常珵,8,0,8,台中銀-員林,2023-05-23,6114
3025,星通,11,4,7,台中銀-員林,2023-05-23,6114
2317,鴻海,6,0,6,台中銀-員林,2023-05-23,6114
6446,藥華藥,7,1,6,台中銀-員林,2023-05-23,6114
2313,華通,7,1,6,台中銀-員林,2023-05-23,6114
2913,農林,6,0,6,台中銀-員林,2023-05-23,6114
5484,慧友,6,0,6,台中銀-員林,2023-05-23,6114
2328,廣宇,5,0,5,台中銀-員林,2023-05-23,6114
2406,國碩,5,0,5,台中銀-員林,2023-05-23,6114
2420,新巨,5,0,5,台中銀-員林,2023-05-23,6114
00751B,元大AAA至A公司債,305,0,305,台中銀-員林,2023-05-24,6114
00720B,元大投資級公司債,79,0,79,台中銀-員林,2023-05-24,6114
00665L,富邦�琤肭磪囓�2,75,0,75,台中銀-員林,2023-05-24,6114
00712,復華富時不動產,53,0,53,台中銀-員林,2023-05-24,6114
00753L,中信中國50正2,51,0,51,台中銀-員林,2023-05-24,6114
00878,國泰永續高股息,55,12,43,台中銀-員林,2023-05-24,6114
2834,臺企銀,43,0,43,台中銀-員林,2023-05-24,6114
1904,正隆,35,0,35,台中銀-員林,2023-05-24,6114
00632R,元大台灣50反1,33,5,28,台中銀-員林,2023-05-24,6114
3231,緯創,49,24,25,台中銀-員林,2023-05-24,6114
00687B,國泰20年美債,25,0,25,台中銀-員林,2023-05-24,6114
2801,彰銀,25,0,25,台中銀-員林,2023-05-24,6114
5309,系統電,25,0,25,台中銀-員林,2023-05-24,6114
3591,艾笛森,26,2,24,台中銀-員林,2023-05-24,6114
3037,欣興,31,9,22,台中銀-員林,2023-05-24,6114
5243,乙盛-KY,32,10,22,台中銀-員林,2023-05-24,6114
1618,合機,21,0,21,台中銀-員林,2023-05-24,6114
2634,漢翔,46,25,21,台中銀-員林,2023-05-24,6114
6202,盛群,21,0,21,台中銀-員林,2023-05-24,6114
00928,中信上櫃ESG30,20,0,20,台中銀-員林,2023-05-24,6114
6148,驊宏資,23,3,20,台中銀-員林,2023-05-24,6114
5258,虹堡,31,11,20,台中銀-員林,2023-05-24,6114
3038,全台,23,4,19,台中銀-員林,2023-05-24,6114
2442,新美齊,19,0,19,台中銀-員林,2023-05-24,6114
2314,台揚,17,0,17,台中銀-員林,2023-05-24,6114
8996,高力,18,2,16,台中銀-員林,2023-05-24,6114
2610,華航,77,62,15,台中銀-員林,2023-05-24,6114
3207,耀勝,15,0,15,台中銀-員林,2023-05-24,6114
5871,中租-KY,14,0,14,台中銀-員林,2023-05-24,6114
1504,東元,17,4,13,台中銀-員林,2023-05-24,6114
2633,台灣高鐵,13,0,13,台中銀-員林,2023-05-24,6114
8222,寶一,21,8,13,台中銀-員林,2023-05-24,6114
00882,中信中國高股息,22,9,13,台中銀-員林,2023-05-24,6114
6288,聯嘉,16,4,12,台中銀-員林,2023-05-24,6114
8076,伍豐,14,2,12,台中銀-員林,2023-05-24,6114
8121,越峰,11,0,11,台中銀-員林,2023-05-24,6114
2103,台橡,10,0,10,台中銀-員林,2023-05-24,6114
2337,旺宏,10,0,10,台中銀-員林,2023-05-24,6114
2349,錸德,10,0,10,台中銀-員林,2023-05-24,6114
2438,翔耀,12,2,10,台中銀-員林,2023-05-24,6114
1101,台泥,9,0,9,台中銀-員林,2023-05-24,6114
00713,元大台灣高息低波,10,1,9,台中銀-員林,2023-05-24,6114
2367,燿華,10,1,9,台中銀-員林,2023-05-24,6114
2609,陽明,10,1,9,台中銀-員林,2023-05-24,6114
2630,亞航,21,12,9,台中銀-員林,2023-05-24,6114
6122,擎邦,10,1,9,台中銀-員林,2023-05-24,6114
2495,普安,8,0,8,台中銀-員林,2023-05-24,6114
2888,新光金,9,1,8,台中銀-員林,2023-05-24,6114
3712,永崴投控,8,0,8,台中銀-員林,2023-05-24,6114
6121,新普,8,0,8,台中銀-員林,2023-05-24,6114
00706L,期元大S＆P日圓正2,1210,0,1210,台中銀-員林,2023-05-25,6114
2834,臺企銀,130,0,130,台中銀-員林,2023-05-25,6114
2371,大同,110,39,71,台中銀-員林,2023-05-25,6114
00882,中信中國高股息,62,1,61,台中銀-員林,2023-05-25,6114
00753L,中信中國50正2,55,0,55,台中銀-員林,2023-05-25,6114
2618,長榮航,74,27,47,台中銀-員林,2023-05-25,6114
00665L,富邦�琤肭磪囓�2,39,0,39,台中銀-員林,2023-05-25,6114
1608,華榮,46,11,35,台中銀-員林,2023-05-25,6114
2888,新光金,30,0,30,台中銀-員林,2023-05-25,6114
4564,元翎,34,5,29,台中銀-員林,2023-05-25,6114
00637L,元大滬深300正2,77,50,27,台中銀-員林,2023-05-25,6114
3058,立德,24,0,24,台中銀-員林,2023-05-25,6114
2323,中環,27,4,23,台中銀-員林,2023-05-25,6114
6245,立端,20,0,20,台中銀-員林,2023-05-25,6114
3419,譁裕,29,10,19,台中銀-員林,2023-05-25,6114
2812,台中銀,19,1,18,台中銀-員林,2023-05-25,6114
00679B,元大美債20年,17,0,17,台中銀-員林,2023-05-25,6114
2206,三陽工業,24,7,17,台中銀-員林,2023-05-25,6114
2630,亞航,32,16,16,台中銀-員林,2023-05-25,6114
00795B,中信美國公債20年,15,0,15,台中銀-員林,2023-05-25,6114
2887,台新金,16,1,15,台中銀-員林,2023-05-25,6114
5876,上海商銀,15,0,15,台中銀-員林,2023-05-25,6114
00878,國泰永續高股息,16,1,15,台中銀-員林,2023-05-25,6114
2633,台灣高鐵,14,0,14,台中銀-員林,2023-05-25,6114
00712,復華富時不動產,13,0,13,台中銀-員林,2023-05-25,6114
00680L,元大美債20正2,13,0,13,台中銀-員林,2023-05-25,6114
6535,順藥,30,17,13,台中銀-員林,2023-05-25,6114
2002,中鋼,12,0,12,台中銀-員林,2023-05-25,6114
2753,八方雲集,12,0,12,台中銀-員林,2023-05-25,6114
00928,中信上櫃ESG30,11,0,11,台中銀-員林,2023-05-25,6114
3545,敦泰,11,0,11,台中銀-員林,2023-05-25,6114
2492,華新科,11,0,11,台中銀-員林,2023-05-25,6114
2603,長榮,11,1,10,台中銀-員林,2023-05-25,6114
00751B,元大AAA至A公司債,10,0,10,台中銀-員林,2023-05-25,6114
6415,矽力*-KY,11,1,10,台中銀-員林,2023-05-25,6114
00673R,期元大S＆P原油反1,10,0,10,台中銀-員林,2023-05-25,6114
3022,威強電,10,0,10,台中銀-員林,2023-05-25,6114
3042,晶技,10,0,10,台中銀-員林,2023-05-25,6114
3163,波若威,10,0,10,台中銀-員林,2023-05-25,6114
1503,士電,9,1,8,台中銀-員林,2023-05-25,6114
2014,中鴻,10,2,8,台中銀-員林,2023-05-25,6114
2409,友達,10,2,8,台中銀-員林,2023-05-25,6114
2882,國泰金,8,0,8,台中銀-員林,2023-05-25,6114
3481,群創,11,3,8,台中銀-員林,2023-05-25,6114
1513,中興電,12,5,7,台中銀-員林,2023-05-25,6114
00687B,國泰20年美債,7,0,7,台中銀-員林,2023-05-25,6114
1905,華紙,8,1,7,台中銀-員林,2023-05-25,6114
2402,毅嘉,14,7,7,台中銀-員林,2023-05-25,6114
3441,聯一光,7,0,7,台中銀-員林,2023-05-25,6114
3444,利機,7,0,7,台中銀-員林,2023-05-25,6114
2883,凱基金,211,0,211,台中銀-員林,2023-05-26,6114
2489,瑞軒,156,10,146,台中銀-員林,2023-05-26,6114
8358,金居,111,0,111,台中銀-員林,2023-05-26,6114
2609,陽明,105,16,89,台中銀-員林,2023-05-26,6114
00632R,元大台灣50反1,67,8,59,台中銀-員林,2023-05-26,6114
6712,長聖,58,0,58,台中銀-員林,2023-05-26,6114
2371,大同,67,16,51,台中銀-員林,2023-05-26,6114
2031,新光鋼,50,0,50,台中銀-員林,2023-05-26,6114
2421,建準,61,18,43,台中銀-員林,2023-05-26,6114
00712,復華富時不動產,36,0,36,台中銀-員林,2023-05-26,6114
5243,乙盛-KY,34,0,34,台中銀-員林,2023-05-26,6114
00882,中信中國高股息,34,1,33,台中銀-員林,2023-05-26,6114
2630,亞航,45,14,31,台中銀-員林,2023-05-26,6114
4102,永日,30,0,30,台中銀-員林,2023-05-26,6114
5475,德宏,30,0,30,台中銀-員林,2023-05-26,6114
00715L,期街口布蘭特正2,26,0,26,台中銀-員林,2023-05-26,6114
00637L,元大滬深300正2,25,0,25,台中銀-員林,2023-05-26,6114
3481,群創,24,1,23,台中銀-員林,2023-05-26,6114
6116,彩晶,22,0,22,台中銀-員林,2023-05-26,6114
1609,大亞,21,0,21,台中銀-員林,2023-05-26,6114
00679B,元大美債20年,21,1,20,台中銀-員林,2023-05-26,6114
2454,聯發科,18,1,17,台中銀-員林,2023-05-26,6114
2208,台船,18,2,16,台中銀-員林,2023-05-26,6114
6282,康舒,17,2,15,台中銀-員林,2023-05-26,6114
1608,華榮,18,3,15,台中銀-員林,2023-05-26,6114
3646,艾恩特,15,1,14,台中銀-員林,2023-05-26,6114
8933,愛地雅,13,0,13,台中銀-員林,2023-05-26,6114
1605,華新,18,5,13,台中銀-員林,2023-05-26,6114
2615,萬海,13,0,13,台中銀-員林,2023-05-26,6114
2409,友達,12,1,11,台中銀-員林,2023-05-26,6114
00680L,元大美債20正2,11,0,11,台中銀-員林,2023-05-26,6114
9945,潤泰新,12,1,11,台中銀-員林,2023-05-26,6114
2736,富野,18,8,10,台中銀-員林,2023-05-26,6114
00673R,期元大S＆P原油反1,20,10,10,台中銀-員林,2023-05-26,6114
00753L,中信中國50正2,10,0,10,台中銀-員林,2023-05-26,6114
1314,中石化,10,0,10,台中銀-員林,2023-05-26,6114
1701,中化,10,0,10,台中銀-員林,2023-05-26,6114
1785,光洋科,11,1,10,台中銀-員林,2023-05-26,6114
2367,燿華,10,0,10,台中銀-員林,2023-05-26,6114
4114,健喬,10,0,10,台中銀-員林,2023-05-26,6114
6233,旺玖,20,10,10,台中銀-員林,2023-05-26,6114
6244,茂迪,10,0,10,台中銀-員林,2023-05-26,6114
8038,長園科,10,0,10,台中銀-員林,2023-05-26,6114
8076,伍豐,10,0,10,台中銀-員林,2023-05-26,6114
8215,明基材,10,0,10,台中銀-員林,2023-05-26,6114
2002,中鋼,9,0,9,台中銀-員林,2023-05-26,6114
6531,愛普*,13,4,9,台中銀-員林,2023-05-26,6114
2338,光罩,10,1,9,台中銀-員林,2023-05-26,6114
2472,立隆電,9,0,9,台中銀-員林,2023-05-26,6114
2491,吉祥全,8,0,8,台中銀-員林,2023-05-26,6114
00706L,期元大S＆P日圓正2,410,0,410,台中銀-員林,2023-05-29,6114
2331,精英,200,2,198,台中銀-員林,2023-05-29,6114
2888,新光金,194,11,183,台中銀-員林,2023-05-29,6114
00687B,國泰20年美債,57,0,57,台中銀-員林,2023-05-29,6114
2618,長榮航,128,82,46,台中銀-員林,2023-05-29,6114
00679B,元大美債20年,43,0,43,台中銀-員林,2023-05-29,6114
1609,大亞,41,0,41,台中銀-員林,2023-05-29,6114
00632R,元大台灣50反1,40,0,40,台中銀-員林,2023-05-29,6114
6535,順藥,37,2,35,台中銀-員林,2023-05-29,6114
2436,偉詮電,32,0,32,台中銀-員林,2023-05-29,6114
8046,南電,35,4,31,台中銀-員林,2023-05-29,6114
1618,合機,30,0,30,台中銀-員林,2023-05-29,6114
2913,農林,30,0,30,台中銀-員林,2023-05-29,6114
3037,欣興,36,10,26,台中銀-員林,2023-05-29,6114
8996,高力,30,4,26,台中銀-員林,2023-05-29,6114
6288,聯嘉,26,3,23,台中銀-員林,2023-05-29,6114
4564,元翎,29,8,21,台中銀-員林,2023-05-29,6114
00637L,元大滬深300正2,19,0,19,台中銀-員林,2023-05-29,6114
00882,中信中國高股息,18,0,18,台中銀-員林,2023-05-29,6114
1608,華榮,98,81,17,台中銀-員林,2023-05-29,6114
00665L,富邦�琤肭磪囓�2,16,0,16,台中銀-員林,2023-05-29,6114
1783,和康生,15,0,15,台中銀-員林,2023-05-29,6114
6470,宇智,15,0,15,台中銀-員林,2023-05-29,6114
2454,聯發科,23,9,14,台中銀-員林,2023-05-29,6114
3005,神基,15,1,14,台中銀-員林,2023-05-29,6114
3050,鈺德,14,0,14,台中銀-員林,2023-05-29,6114
00642U,期元大S＆P石油,13,0,13,台中銀-員林,2023-05-29,6114
2323,中環,25,12,13,台中銀-員林,2023-05-29,6114
2449,京元電子,29,17,12,台中銀-員林,2023-05-29,6114
1605,華新,23,11,12,台中銀-員林,2023-05-29,6114
2362,藍天,11,0,11,台中銀-員林,2023-05-29,6114
2457,飛宏,27,16,11,台中銀-員林,2023-05-29,6114
2491,吉祥全,13,2,11,台中銀-員林,2023-05-29,6114
3231,緯創,54,44,10,台中銀-員林,2023-05-29,6114
1503,士電,11,1,10,台中銀-員林,2023-05-29,6114
1909,榮成,10,0,10,台中銀-員林,2023-05-29,6114
2419,仲琦,10,0,10,台中銀-員林,2023-05-29,6114
3062,建漢,10,0,10,台中銀-員林,2023-05-29,6114
4123,晟德,10,0,10,台中銀-員林,2023-05-29,6114
4744,皇將,10,0,10,台中銀-員林,2023-05-29,6114
4908,前鼎,10,0,10,台中銀-員林,2023-05-29,6114
1810,和成,8,0,8,台中銀-員林,2023-05-29,6114
8069,元太,9,1,8,台中銀-員林,2023-05-29,6114
2303,聯電,42,35,7,台中銀-員林,2023-05-29,6114
3025,星通,10,4,6,台中銀-員林,2023-05-29,6114
5009,榮剛,7,1,6,台中銀-員林,2023-05-29,6114
6190,萬泰科,13,7,6,台中銀-員林,2023-05-29,6114
6821,聯寶,6,0,6,台中銀-員林,2023-05-29,6114
0056,元大高股息,35,30,5,台中銀-員林,2023-05-29,6114
1314,中石化,5,0,5,台中銀-員林,2023-05-29,6114
2425,承啟,162,2,160,台中銀-員林,2023-05-30,6114
2356,英業達,134,25,109,台中銀-員林,2023-05-30,6114
2618,長榮航,284,210,74,台中銀-員林,2023-05-30,6114
00632R,元大台灣50反1,71,1,70,台中銀-員林,2023-05-30,6114
2610,華航,164,109,55,台中銀-員林,2023-05-30,6114
3260,威剛,53,2,51,台中銀-員林,2023-05-30,6114
1609,大亞,55,5,50,台中銀-員林,2023-05-30,6114
00882,中信中國高股息,49,0,49,台中銀-員林,2023-05-30,6114
6531,愛普*,42,4,38,台中銀-員林,2023-05-30,6114
00878,國泰永續高股息,47,20,27,台中銀-員林,2023-05-30,6114
6188,廣明,57,32,25,台中銀-員林,2023-05-30,6114
00715L,期街口布蘭特正2,25,0,25,台中銀-員林,2023-05-30,6114
6136,富爾特,25,0,25,台中銀-員林,2023-05-30,6114
1605,華新,23,0,23,台中銀-員林,2023-05-30,6114
5706,鳳凰,22,0,22,台中銀-員林,2023-05-30,6114
5608,四維航,21,0,21,台中銀-員林,2023-05-30,6114
3406,玉晶光,24,3,21,台中銀-員林,2023-05-30,6114
1618,合機,20,0,20,台中銀-員林,2023-05-30,6114
1909,榮成,20,0,20,台中銀-員林,2023-05-30,6114
6156,松上,20,0,20,台中銀-員林,2023-05-30,6114
2324,仁寶,24,4,20,台中銀-員林,2023-05-30,6114
2882,國泰金,19,0,19,台中銀-員林,2023-05-30,6114
00642U,期元大S＆P石油,17,0,17,台中銀-員林,2023-05-30,6114
3078,僑威,27,10,17,台中銀-員林,2023-05-30,6114
3013,晟銘電,43,27,16,台中銀-員林,2023-05-30,6114
2615,萬海,14,0,14,台中銀-員林,2023-05-30,6114
2002,中鋼,13,0,13,台中銀-員林,2023-05-30,6114
5465,富驊,17,4,13,台中銀-員林,2023-05-30,6114
2317,鴻海,50,37,13,台中銀-員林,2023-05-30,6114
00680L,元大美債20正2,12,0,12,台中銀-員林,2023-05-30,6114
1809,中釉,12,0,12,台中銀-員林,2023-05-30,6114
2883,凱基金,12,0,12,台中銀-員林,2023-05-30,6114
5880,合庫金,12,0,12,台中銀-員林,2023-05-30,6114
2382,廣達,17,6,11,台中銀-員林,2023-05-30,6114
3704,合勤控,12,1,11,台中銀-員林,2023-05-30,6114
5351,鈺創,16,5,11,台中銀-員林,2023-05-30,6114
8215,明基材,11,0,11,台中銀-員林,2023-05-30,6114
00753L,中信中國50正2,10,0,10,台中銀-員林,2023-05-30,6114
00687B,國泰20年美債,10,0,10,台中銀-員林,2023-05-30,6114
2377,微星,10,0,10,台中銀-員林,2023-05-30,6114
4543,萬在,10,0,10,台中銀-員林,2023-05-30,6114
5234,達興材料,10,0,10,台中銀-員林,2023-05-30,6114
5475,德宏,10,0,10,台中銀-員林,2023-05-30,6114
6111,大宇資,23,13,10,台中銀-員林,2023-05-30,6114
9925,新保,10,0,10,台中銀-員林,2023-05-30,6114
1785,光洋科,9,0,9,台中銀-員林,2023-05-30,6114
3032,偉訓,9,0,9,台中銀-員林,2023-05-30,6114
3625,西勝,10,1,9,台中銀-員林,2023-05-30,6114
00720B,元大投資級公司債,8,0,8,台中銀-員林,2023-05-30,6114
3540,曜越,11,3,8,台中銀-員林,2023-05-30,6114
00671R,富邦NASDAQ反1,400,0,400,台中銀-員林,2023-05-31,6114
00715L,期街口布蘭特正2,237,0,237,台中銀-員林,2023-05-31,6114
2331,精英,211,7,204,台中銀-員林,2023-05-31,6114
2371,大同,710,604,106,台中銀-員林,2023-05-31,6114
00637L,元大滬深300正2,104,0,104,台中銀-員林,2023-05-31,6114
00642U,期元大S＆P石油,62,0,62,台中銀-員林,2023-05-31,6114
3231,緯創,65,8,57,台中銀-員林,2023-05-31,6114
8358,金居,53,3,50,台中銀-員林,2023-05-31,6114
3071,協禧,47,0,47,台中銀-員林,2023-05-31,6114
00712,復華富時不動產,48,2,46,台中銀-員林,2023-05-31,6114
2461,光群雷,40,0,40,台中銀-員林,2023-05-31,6114
00882,中信中國高股息,27,3,24,台中銀-員林,2023-05-31,6114
6741,91APP*-KY,21,0,21,台中銀-員林,2023-05-31,6114
0056,元大高股息,23,3,20,台中銀-員林,2023-05-31,6114
6104,創惟,20,0,20,台中銀-員林,2023-05-31,6114
6546,正基,23,4,19,台中銀-員林,2023-05-31,6114
00878,國泰永續高股息,27,9,18,台中銀-員林,2023-05-31,6114
2206,三陽工業,49,33,16,台中銀-員林,2023-05-31,6114
3706,神達,28,12,16,台中銀-員林,2023-05-31,6114
2482,連宇,13,0,13,台中銀-員林,2023-05-31,6114
6271,同欣電,16,3,13,台中銀-員林,2023-05-31,6114
1314,中石化,12,0,12,台中銀-員林,2023-05-31,6114
3362,先進光,13,1,12,台中銀-員林,2023-05-31,6114
2201,裕隆,33,21,12,台中銀-員林,2023-05-31,6114
1101,台泥,12,1,11,台中銀-員林,2023-05-31,6114
00753L,中信中國50正2,10,0,10,台中銀-員林,2023-05-31,6114
3011,今皓,10,0,10,台中銀-員林,2023-05-31,6114
6176,瑞儀,10,0,10,台中銀-員林,2023-05-31,6114
6190,萬泰科,10,0,10,台中銀-員林,2023-05-31,6114
2736,富野,11,1,10,台中銀-員林,2023-05-31,6114
2603,長榮,10,1,9,台中銀-員林,2023-05-31,6114
5871,中租-KY,9,0,9,台中銀-員林,2023-05-31,6114
2105,正新,10,1,9,台中銀-員林,2023-05-31,6114
2421,建準,9,0,9,台中銀-員林,2023-05-31,6114
2453,凌群,9,0,9,台中銀-員林,2023-05-31,6114
2615,萬海,9,0,9,台中銀-員林,2023-05-31,6114
3437,榮創,10,1,9,台中銀-員林,2023-05-31,6114
6147,頎邦,9,0,9,台中銀-員林,2023-05-31,6114
3443,創意,11,3,8,台中銀-員林,2023-05-31,6114
2340,台亞,8,0,8,台中銀-員林,2023-05-31,6114
6443,元晶,10,2,8,台中銀-員林,2023-05-31,6114
3027,盛達,7,0,7,台中銀-員林,2023-05-31,6114
3673,TPK-KY,7,0,7,台中銀-員林,2023-05-31,6114
4543,萬在,18,11,7,台中銀-員林,2023-05-31,6114
6269,台郡,11,4,7,台中銀-員林,2023-05-31,6114
00751B,元大AAA至A公司債,6,0,6,台中銀-員林,2023-05-31,6114
1590,亞德客-KY,6,0,6,台中銀-員林,2023-05-31,6114
2451,創見,6,0,6,台中銀-員林,2023-05-31,6114
2609,陽明,6,0,6,台中銀-員林,2023-05-31,6114
3025,星通,7,1,6,台中銀-員林,2023-05-31,6114
1101,台泥,416,2,414,台中銀-員林,2023-06-01,6114
00715L,期街口布蘭特正2,146,0,146,台中銀-員林,2023-06-01,6114
3059,華晶科,108,35,73,台中銀-員林,2023-06-01,6114
6229,研通,60,0,60,台中銀-員林,2023-06-01,6114
2323,中環,58,11,47,台中銀-員林,2023-06-01,6114
1584,精剛,54,8,46,台中銀-員林,2023-06-01,6114
3207,耀勝,41,0,41,台中銀-員林,2023-06-01,6114
3362,先進光,71,31,40,台中銀-員林,2023-06-01,6114
3380,明泰,35,2,33,台中銀-員林,2023-06-01,6114
6188,廣明,72,40,32,台中銀-員林,2023-06-01,6114
8046,南電,31,0,31,台中銀-員林,2023-06-01,6114
00642U,期元大S＆P石油,34,4,30,台中銀-員林,2023-06-01,6114
6161,捷波,30,0,30,台中銀-員林,2023-06-01,6114
2324,仁寶,29,1,28,台中銀-員林,2023-06-01,6114
2388,威盛,25,5,20,台中銀-員林,2023-06-01,6114
2328,廣宇,37,18,19,台中銀-員林,2023-06-01,6114
6535,順藥,19,0,19,台中銀-員林,2023-06-01,6114
8222,寶一,24,5,19,台中銀-員林,2023-06-01,6114
3363,上詮,20,3,17,台中銀-員林,2023-06-01,6114
6134,萬旭,17,0,17,台中銀-員林,2023-06-01,6114
6741,91APP*-KY,17,0,17,台中銀-員林,2023-06-01,6114
2327,國巨,16,0,16,台中銀-員林,2023-06-01,6114
6190,萬泰科,48,32,16,台中銀-員林,2023-06-01,6114
3481,群創,20,5,15,台中銀-員林,2023-06-01,6114
6841,長佳智能,30,15,15,台中銀-員林,2023-06-01,6114
3252,海灣,15,1,14,台中銀-員林,2023-06-01,6114
3038,全台,21,8,13,台中銀-員林,2023-06-01,6114
5388,中磊,13,0,13,台中銀-員林,2023-06-01,6114
6288,聯嘉,13,0,13,台中銀-員林,2023-06-01,6114
2491,吉祥全,13,1,12,台中銀-員林,2023-06-01,6114
1906,寶隆,11,0,11,台中銀-員林,2023-06-01,6114
3260,威剛,11,0,11,台中銀-員林,2023-06-01,6114
2882,國泰金,11,1,10,台中銀-員林,2023-06-01,6114
2356,英業達,10,0,10,台中銀-員林,2023-06-01,6114
2451,創見,10,0,10,台中銀-員林,2023-06-01,6114
3479,安勤,15,5,10,台中銀-員林,2023-06-01,6114
6111,大宇資,14,4,10,台中銀-員林,2023-06-01,6114
2618,長榮航,96,86,10,台中銀-員林,2023-06-01,6114
2734,易飛網,9,0,9,台中銀-員林,2023-06-01,6114
2892,第一金,9,0,9,台中銀-員林,2023-06-01,6114
6625,必應,13,4,9,台中銀-員林,2023-06-01,6114
8930,青鋼,9,0,9,台中銀-員林,2023-06-01,6114
00878,國泰永續高股息,10,2,8,台中銀-員林,2023-06-01,6114
2610,華航,85,77,8,台中銀-員林,2023-06-01,6114
2349,錸德,10,2,8,台中銀-員林,2023-06-01,6114
3022,威強電,9,1,8,台中銀-員林,2023-06-01,6114
6104,創惟,8,0,8,台中銀-員林,2023-06-01,6114
2371,大同,102,94,8,台中銀-員林,2023-06-01,6114
00882,中信中國高股息,7,0,7,台中銀-員林,2023-06-01,6114
00885,富邦越南,7,0,7,台中銀-員林,2023-06-01,6114
00882,中信中國高股息,180,7,173,台中銀-員林,2023-06-02,6114
2371,大同,148,32,116,台中銀-員林,2023-06-02,6114
00680L,元大美債20正2,102,0,102,台中銀-員林,2023-06-02,6114
2812,台中銀,86,5,81,台中銀-員林,2023-06-02,6114
8476,台境*,64,0,64,台中銀-員林,2023-06-02,6114
2489,瑞軒,123,61,62,台中銀-員林,2023-06-02,6114
6288,聯嘉,63,5,58,台中銀-員林,2023-06-02,6114
2323,中環,105,60,45,台中銀-員林,2023-06-02,6114
6806,森崴能源,46,5,41,台中銀-員林,2023-06-02,6114
00632R,元大台灣50反1,32,0,32,台中銀-員林,2023-06-02,6114
2356,英業達,39,8,31,台中銀-員林,2023-06-02,6114
8277,商丞,35,4,31,台中銀-員林,2023-06-02,6114
00642U,期元大S＆P石油,30,0,30,台中銀-員林,2023-06-02,6114
6167,久正,31,1,30,台中銀-員林,2023-06-02,6114
1905,華紙,78,49,29,台中銀-員林,2023-06-02,6114
3444,利機,44,15,29,台中銀-員林,2023-06-02,6114
2444,兆勁,27,0,27,台中銀-員林,2023-06-02,6114
1513,中興電,36,9,27,台中銀-員林,2023-06-02,6114
1504,東元,31,6,25,台中銀-員林,2023-06-02,6114
2610,華航,159,135,24,台中銀-員林,2023-06-02,6114
1591,駿吉-KY,20,0,20,台中銀-員林,2023-06-02,6114
2354,鴻準,21,1,20,台中銀-員林,2023-06-02,6114
3706,神達,36,16,20,台中銀-員林,2023-06-02,6114
00751B,元大AAA至A公司債,18,0,18,台中銀-員林,2023-06-02,6114
2332,友訊,18,0,18,台中銀-員林,2023-06-02,6114
8046,南電,30,12,18,台中銀-員林,2023-06-02,6114
1733,五鼎,17,0,17,台中銀-員林,2023-06-02,6114
4979,華星光,32,15,17,台中銀-員林,2023-06-02,6114
3661,世芯-KY,16,0,16,台中銀-員林,2023-06-02,6114
00679B,元大美債20年,16,0,16,台中銀-員林,2023-06-02,6114
1314,中石化,16,0,16,台中銀-員林,2023-06-02,6114
3231,緯創,165,150,15,台中銀-員林,2023-06-02,6114
3443,創意,21,6,15,台中銀-員林,2023-06-02,6114
2421,建準,17,2,15,台中銀-員林,2023-06-02,6114
2468,華經,15,0,15,台中銀-員林,2023-06-02,6114
3499,環天科,15,0,15,台中銀-員林,2023-06-02,6114
4564,元翎,29,15,14,台中銀-員林,2023-06-02,6114
2201,裕隆,16,2,14,台中銀-員林,2023-06-02,6114
00712,復華富時不動產,15,1,14,台中銀-員林,2023-06-02,6114
2915,潤泰全,13,0,13,台中銀-員林,2023-06-02,6114
5309,系統電,15,2,13,台中銀-員林,2023-06-02,6114
4128,中天,12,0,12,台中銀-員林,2023-06-02,6114
6415,矽力*-KY,11,0,11,台中銀-員林,2023-06-02,6114
2034,允強,11,0,11,台中銀-員林,2023-06-02,6114
2614,東森,11,0,11,台中銀-員林,2023-06-02,6114
2883,凱基金,12,1,11,台中銀-員林,2023-06-02,6114
6143,振曜,11,0,11,台中銀-員林,2023-06-02,6114
2881,富邦金,10,0,10,台中銀-員林,2023-06-02,6114
00919,群益台灣精選高息,10,0,10,台中銀-員林,2023-06-02,6114
1906,寶隆,10,0,10,台中銀-員林,2023-06-02,6114
00706L,期元大S＆P日圓正2,452,0,452,台中銀-員林,2023-06-05,6114
2515,中工,216,34,182,台中銀-員林,2023-06-05,6114
6161,捷波,87,0,87,台中銀-員林,2023-06-05,6114
2353,宏��,97,12,85,台中銀-員林,2023-06-05,6114
00679B,元大美債20年,84,1,83,台中銀-員林,2023-06-05,6114
5498,凱崴,70,0,70,台中銀-員林,2023-06-05,6114
00673R,期元大S＆P原油反1,57,0,57,台中銀-員林,2023-06-05,6114
1733,五鼎,46,0,46,台中銀-員林,2023-06-05,6114
2753,八方雲集,41,5,36,台中銀-員林,2023-06-05,6114
2498,宏達電,51,16,35,台中銀-員林,2023-06-05,6114
2637,慧洋-KY,35,0,35,台中銀-員林,2023-06-05,6114
2206,三陽工業,54,23,31,台中銀-員林,2023-06-05,6114
3706,神達,31,1,30,台中銀-員林,2023-06-05,6114
5243,乙盛-KY,30,0,30,台中銀-員林,2023-06-05,6114
00712,復華富時不動產,28,2,26,台中銀-員林,2023-06-05,6114
2323,中環,33,8,25,台中銀-員林,2023-06-05,6114
2603,長榮,23,0,23,台中銀-員林,2023-06-05,6114
9945,潤泰新,24,1,23,台中銀-員林,2023-06-05,6114
2344,華邦電,29,6,23,台中銀-員林,2023-06-05,6114
00919,群益台灣精選高息,21,0,21,台中銀-員林,2023-06-05,6114
1802,台玻,21,0,21,台中銀-員林,2023-06-05,6114
8446,華研,21,0,21,台中銀-員林,2023-06-05,6114
3406,玉晶光,25,7,18,台中銀-員林,2023-06-05,6114
1529,樂事綠能,24,7,17,台中銀-員林,2023-06-05,6114
1314,中石化,21,5,16,台中銀-員林,2023-06-05,6114
4979,華星光,39,23,16,台中銀-員林,2023-06-05,6114
1608,華榮,24,8,16,台中銀-員林,2023-06-05,6114
6282,康舒,35,20,15,台中銀-員林,2023-06-05,6114
3289,宜特,15,0,15,台中銀-員林,2023-06-05,6114
3046,建��,17,3,14,台中銀-員林,2023-06-05,6114
00878,國泰永續高股息,15,2,13,台中銀-員林,2023-06-05,6114
1514,亞力,60,47,13,台中銀-員林,2023-06-05,6114
6188,廣明,17,4,13,台中銀-員林,2023-06-05,6114
00882,中信中國高股息,12,0,12,台中銀-員林,2023-06-05,6114
2449,京元電子,11,1,10,台中銀-員林,2023-06-05,6114
1742,台蠟,10,0,10,台中銀-員林,2023-06-05,6114
1806,冠軍,10,0,10,台中銀-員林,2023-06-05,6114
1906,寶隆,10,0,10,台中銀-員林,2023-06-05,6114
2440,太空梭,10,0,10,台中銀-員林,2023-06-05,6114
3257,虹冠電,10,0,10,台中銀-員林,2023-06-05,6114
6155,鈞寶,10,0,10,台中銀-員林,2023-06-05,6114
6741,91APP*-KY,10,0,10,台中銀-員林,2023-06-05,6114
3071,協禧,17,8,9,台中銀-員林,2023-06-05,6114
2324,仁寶,11,2,9,台中銀-員林,2023-06-05,6114
3031,佰鴻,9,0,9,台中銀-員林,2023-06-05,6114
3564,其陽,12,3,9,台中銀-員林,2023-06-05,6114
6160,欣技,9,0,9,台中銀-員林,2023-06-05,6114
6770,力積電,10,1,9,台中銀-員林,2023-06-05,6114
8171,天宇,10,1,9,台中銀-員林,2023-06-05,6114
8183,精星,9,0,9,台中銀-員林,2023-06-05,6114
2371,大同,202,0,202,台中銀-員林,2023-06-06,6114
1609,大亞,152,52,100,台中銀-員林,2023-06-06,6114
2206,三陽工業,157,86,71,台中銀-員林,2023-06-06,6114
00664R,國泰臺灣加權反1,50,0,50,台中銀-員林,2023-06-06,6114
1528,恩德,60,11,49,台中銀-員林,2023-06-06,6114
1608,華榮,46,3,43,台中銀-員林,2023-06-06,6114
2014,中鴻,37,0,37,台中銀-員林,2023-06-06,6114
00927,群益半導體收益,32,0,32,台中銀-員林,2023-06-06,6114
00715L,期街口布蘭特正2,30,0,30,台中銀-員林,2023-06-06,6114
00679B,元大美債20年,27,0,27,台中銀-員林,2023-06-06,6114
00919,群益台灣精選高息,25,0,25,台中銀-員林,2023-06-06,6114
6531,愛普*,31,7,24,台中銀-員林,2023-06-06,6114
2399,映泰,33,10,23,台中銀-員林,2023-06-06,6114
6125,廣運,53,30,23,台中銀-員林,2023-06-06,6114
6288,聯嘉,21,0,21,台中銀-員林,2023-06-06,6114
8043,蜜望實,20,0,20,台中銀-員林,2023-06-06,6114
2748,雲品,22,2,20,台中銀-員林,2023-06-06,6114
5457,宣德,18,0,18,台中銀-員林,2023-06-06,6114
3260,威剛,16,0,16,台中銀-員林,2023-06-06,6114
1742,台蠟,16,0,16,台中銀-員林,2023-06-06,6114
2427,三商電,16,0,16,台中銀-員林,2023-06-06,6114
3058,立德,28,13,15,台中銀-員林,2023-06-06,6114
4153,鈺緯,15,0,15,台中銀-員林,2023-06-06,6114
6248,沛波,15,0,15,台中銀-員林,2023-06-06,6114
8028,昇陽半導體,18,4,14,台中銀-員林,2023-06-06,6114
4977,眾達-KY,13,0,13,台中銀-員林,2023-06-06,6114
6163,華電網,13,0,13,台中銀-員林,2023-06-06,6114
2489,瑞軒,11,0,11,台中銀-員林,2023-06-06,6114
8222,寶一,19,8,11,台中銀-員林,2023-06-06,6114
2634,漢翔,16,5,11,台中銀-員林,2023-06-06,6114
1504,東元,12,1,11,台中銀-員林,2023-06-06,6114
3231,緯創,96,86,10,台中銀-員林,2023-06-06,6114
00632R,元大台灣50反1,10,0,10,台中銀-員林,2023-06-06,6114
00642U,期元大S＆P石油,36,26,10,台中銀-員林,2023-06-06,6114
2736,富野,10,0,10,台中銀-員林,2023-06-06,6114
3022,威強電,10,0,10,台中銀-員林,2023-06-06,6114
3047,訊舟,18,8,10,台中銀-員林,2023-06-06,6114
3059,華晶科,10,0,10,台中銀-員林,2023-06-06,6114
3252,海灣,16,6,10,台中銀-員林,2023-06-06,6114
6290,良維,18,8,10,台中銀-員林,2023-06-06,6114
8271,宇瞻,10,0,10,台中銀-員林,2023-06-06,6114
2498,宏達電,14,4,10,台中銀-員林,2023-06-06,6114
1815,富喬,10,0,10,台中銀-員林,2023-06-06,6114
3037,欣興,10,1,9,台中銀-員林,2023-06-06,6114
00921,兆豐龍頭等權重,9,0,9,台中銀-員林,2023-06-06,6114
2482,連宇,9,0,9,台中銀-員林,2023-06-06,6114
8097,常珵,10,1,9,台中銀-員林,2023-06-06,6114
8105,凌巨,10,1,9,台中銀-員林,2023-06-06,6114
2892,第一金,10,1,9,台中銀-員林,2023-06-06,6114
3038,全台,10,2,8,台中銀-員林,2023-06-06,6114
2603,長榮,106,6,100,台中銀-員林,2023-06-07,6114
2618,長榮航,109,26,83,台中銀-員林,2023-06-07,6114
2888,新光金,96,29,67,台中銀-員林,2023-06-07,6114
2891,中信金,66,0,66,台中銀-員林,2023-06-07,6114
2323,中環,63,8,55,台中銀-員林,2023-06-07,6114
2610,華航,55,4,51,台中銀-員林,2023-06-07,6114
020031,統一IC設計臺灣N,50,0,50,台中銀-員林,2023-06-07,6114
6270,倍微,53,4,49,台中銀-員林,2023-06-07,6114
6125,廣運,66,24,42,台中銀-員林,2023-06-07,6114
00632R,元大台灣50反1,36,0,36,台中銀-員林,2023-06-07,6114
4564,元翎,33,0,33,台中銀-員林,2023-06-07,6114
8926,台汽電,30,0,30,台中銀-員林,2023-06-07,6114
3499,環天科,28,0,28,台中銀-員林,2023-06-07,6114
2706,第一店,26,0,26,台中銀-員林,2023-06-07,6114
8033,雷虎,33,8,25,台中銀-員林,2023-06-07,6114
8403,盛弘,51,30,21,台中銀-員林,2023-06-07,6114
3714,富采,30,9,21,台中銀-員林,2023-06-07,6114
1605,華新,29,11,18,台中銀-員林,2023-06-07,6114
2065,世豐,18,0,18,台中銀-員林,2023-06-07,6114
2515,中工,104,86,18,台中銀-員林,2023-06-07,6114
1591,駿吉-KY,17,0,17,台中銀-員林,2023-06-07,6114
2609,陽明,18,1,17,台中銀-員林,2023-06-07,6114
8105,凌巨,17,0,17,台中銀-員林,2023-06-07,6114
6282,康舒,18,1,17,台中銀-員林,2023-06-07,6114
1519,華城,27,12,15,台中銀-員林,2023-06-07,6114
2367,燿華,15,0,15,台中銀-員林,2023-06-07,6114
4533,協易機,19,4,15,台中銀-員林,2023-06-07,6114
1785,光洋科,14,0,14,台中銀-員林,2023-06-07,6114
2461,光群雷,14,0,14,台中銀-員林,2023-06-07,6114
00715L,期街口布蘭特正2,12,0,12,台中銀-員林,2023-06-07,6114
2353,宏��,12,0,12,台中銀-員林,2023-06-07,6114
2516,新建,12,0,12,台中銀-員林,2023-06-07,6114
3032,偉訓,11,0,11,台中銀-員林,2023-06-07,6114
3630,新鉅科,15,4,11,台中銀-員林,2023-06-07,6114
4915,致伸,11,0,11,台中銀-員林,2023-06-07,6114
4973,廣穎,11,0,11,台中銀-員林,2023-06-07,6114
3711,日月光投控,13,2,11,台中銀-員林,2023-06-07,6114
1101,台泥,11,0,11,台中銀-員林,2023-06-07,6114
00852L,國泰美國道瓊正2,10,0,10,台中銀-員林,2023-06-07,6114
1733,五鼎,10,0,10,台中銀-員林,2023-06-07,6114
2014,中鴻,10,0,10,台中銀-員林,2023-06-07,6114
6122,擎邦,10,0,10,台中銀-員林,2023-06-07,6114
6156,松上,10,0,10,台中銀-員林,2023-06-07,6114
6261,久元,10,0,10,台中銀-員林,2023-06-07,6114
6290,良維,10,0,10,台中銀-員林,2023-06-07,6114
1218,泰山,9,0,9,台中銀-員林,2023-06-07,6114
1734,杏輝,10,1,9,台中銀-員林,2023-06-07,6114
6672,騰輝電子-KY,9,0,9,台中銀-員林,2023-06-07,6114
8905,裕國,13,4,9,台中銀-員林,2023-06-07,6114
6782,視陽,9,0,9,台中銀-員林,2023-06-07,6114
00706L,期元大S＆P日圓正2,112,0,112,台中銀-員林,2023-06-08,6114
2888,新光金,89,2,87,台中銀-員林,2023-06-08,6114
6244,茂迪,83,2,81,台中銀-員林,2023-06-08,6114
00919,群益台灣精選高息,64,0,64,台中銀-員林,2023-06-08,6114
6139,亞翔,65,11,54,台中銀-員林,2023-06-08,6114
00712,復華富時不動產,56,12,44,台中銀-員林,2023-06-08,6114
00679B,元大美債20年,40,0,40,台中銀-員林,2023-06-08,6114
3038,全台,33,0,33,台中銀-員林,2023-06-08,6114
8926,台汽電,31,0,31,台中銀-員林,2023-06-08,6114
8131,福懋科,30,0,30,台中銀-員林,2023-06-08,6114
2337,旺宏,29,1,28,台中銀-員林,2023-06-08,6114
6285,啟��,29,2,27,台中銀-員林,2023-06-08,6114
1612,宏泰,26,0,26,台中銀-員林,2023-06-08,6114
2753,八方雲集,25,0,25,台中銀-員林,2023-06-08,6114
6535,順藥,22,0,22,台中銀-員林,2023-06-08,6114
00720B,元大投資級公司債,22,0,22,台中銀-員林,2023-06-08,6114
9955,佳龍,20,0,20,台中銀-員林,2023-06-08,6114
1522,堤維西,21,2,19,台中銀-員林,2023-06-08,6114
3037,欣興,28,9,19,台中銀-員林,2023-06-08,6114
6538,倉和,18,0,18,台中銀-員林,2023-06-08,6114
00878,國泰永續高股息,80,63,17,台中銀-員林,2023-06-08,6114
00751B,元大AAA至A公司債,17,0,17,台中銀-員林,2023-06-08,6114
1514,亞力,16,0,16,台中銀-員林,2023-06-08,6114
2881,富邦金,15,0,15,台中銀-員林,2023-06-08,6114
00673R,期元大S＆P原油反1,15,0,15,台中銀-員林,2023-06-08,6114
00680L,元大美債20正2,15,0,15,台中銀-員林,2023-06-08,6114
2457,飛宏,21,6,15,台中銀-員林,2023-06-08,6114
6147,頎邦,15,0,15,台中銀-員林,2023-06-08,6114
3346,麗清,14,0,14,台中銀-員林,2023-06-08,6114
4915,致伸,14,0,14,台中銀-員林,2023-06-08,6114
2614,東森,14,0,14,台中銀-員林,2023-06-08,6114
6101,寬魚國際,16,2,14,台中銀-員林,2023-06-08,6114
4979,華星光,22,8,14,台中銀-員林,2023-06-08,6114
1605,華新,41,28,13,台中銀-員林,2023-06-08,6114
1101,台泥,13,0,13,台中銀-員林,2023-06-08,6114
2388,威盛,22,9,13,台中銀-員林,2023-06-08,6114
3047,訊舟,14,1,13,台中銀-員林,2023-06-08,6114
00753L,中信中國50正2,12,0,12,台中銀-員林,2023-06-08,6114
2489,瑞軒,12,0,12,台中銀-員林,2023-06-08,6114
6245,立端,12,0,12,台中銀-員林,2023-06-08,6114
2347,聯強,11,0,11,台中銀-員林,2023-06-08,6114
00687B,國泰20年美債,11,0,11,台中銀-員林,2023-06-08,6114
00722B,群益投資級電信債,11,0,11,台中銀-員林,2023-06-08,6114
00773B,中信優先金融債,11,0,11,台中銀-員林,2023-06-08,6114
1528,恩德,11,0,11,台中銀-員林,2023-06-08,6114
2328,廣宇,11,0,11,台中銀-員林,2023-06-08,6114
2399,映泰,11,0,11,台中銀-員林,2023-06-08,6114
3437,榮創,11,0,11,台中銀-員林,2023-06-08,6114
5475,德宏,11,0,11,台中銀-員林,2023-06-08,6114
00857B,永豐20年美公債,10,0,10,台中銀-員林,2023-06-08,6114
2331,精英,207,10,197,台中銀-員林,2023-06-09,6114
2888,新光金,81,1,80,台中銀-員林,2023-06-09,6114
00715L,期街口布蘭特正2,65,0,65,台中銀-員林,2023-06-09,6114
2031,新光鋼,41,0,41,台中銀-員林,2023-06-09,6114
2367,燿華,35,0,35,台中銀-員林,2023-06-09,6114
6446,藥華藥,32,0,32,台中銀-員林,2023-06-09,6114
2329,華泰,32,1,31,台中銀-員林,2023-06-09,6114
2753,八方雲集,56,26,30,台中銀-員林,2023-06-09,6114
6147,頎邦,27,0,27,台中銀-員林,2023-06-09,6114
2399,映泰,28,8,20,台中銀-員林,2023-06-09,6114
6592,和潤企業,21,1,20,台中銀-員林,2023-06-09,6114
3013,晟銘電,23,4,19,台中銀-員林,2023-06-09,6114
00919,群益台灣精選高息,17,0,17,台中銀-員林,2023-06-09,6114
2337,旺宏,17,0,17,台中銀-員林,2023-06-09,6114
3236,千如,18,1,17,台中銀-員林,2023-06-09,6114
6538,倉和,17,0,17,台中銀-員林,2023-06-09,6114
6517,保勝光學,17,1,16,台中銀-員林,2023-06-09,6114
00929,復華台灣科技優息,15,0,15,台中銀-員林,2023-06-09,6114
2460,建通,15,0,15,台中銀-員林,2023-06-09,6114
3712,永崴投控,15,0,15,台中銀-員林,2023-06-09,6114
5443,均豪,16,1,15,台中銀-員林,2023-06-09,6114
2731,雄獅,22,7,15,台中銀-員林,2023-06-09,6114
00751B,元大AAA至A公司債,14,0,14,台中銀-員林,2023-06-09,6114
2356,英業達,53,40,13,台中銀-員林,2023-06-09,6114
1810,和成,13,0,13,台中銀-員林,2023-06-09,6114
3583,辛耘,17,4,13,台中銀-員林,2023-06-09,6114
2457,飛宏,16,4,12,台中銀-員林,2023-06-09,6114
2377,微星,12,0,12,台中銀-員林,2023-06-09,6114
4915,致伸,37,25,12,台中銀-員林,2023-06-09,6114
1504,東元,26,14,12,台中銀-員林,2023-06-09,6114
2883,凱基金,11,0,11,台中銀-員林,2023-06-09,6114
00679B,元大美債20年,12,1,11,台中銀-員林,2023-06-09,6114
4743,合一,14,3,11,台中銀-員林,2023-06-09,6114
020028,元大特選電動車N,10,0,10,台中銀-員林,2023-06-09,6114
1809,中釉,10,0,10,台中銀-員林,2023-06-09,6114
2419,仲琦,10,0,10,台中銀-員林,2023-06-09,6114
2458,義隆,10,0,10,台中銀-員林,2023-06-09,6114
3479,安勤,10,0,10,台中銀-員林,2023-06-09,6114
5299,杰力,10,0,10,台中銀-員林,2023-06-09,6114
5371,中光電,10,0,10,台中銀-員林,2023-06-09,6114
6015,宏遠證,10,0,10,台中銀-員林,2023-06-09,6114
6111,大宇資,10,0,10,台中銀-員林,2023-06-09,6114
6596,寬宏藝術,12,2,10,台中銀-員林,2023-06-09,6114
2881,富邦金,10,1,9,台中銀-員林,2023-06-09,6114
1514,亞力,11,2,9,台中銀-員林,2023-06-09,6114
3380,明泰,10,1,9,台中銀-員林,2023-06-09,6114
00680L,元大美債20正2,8,0,8,台中銀-員林,2023-06-09,6114
1432,大魯閣,8,0,8,台中銀-員林,2023-06-09,6114
5465,富驊,15,7,8,台中銀-員林,2023-06-09,6114
8131,福懋科,8,0,8,台中銀-員林,2023-06-09,6114
00927,群益半導體收益,1000,2,998,台中銀-員林,2023-06-12,6114
2340,台亞,170,8,162,台中銀-員林,2023-06-12,6114
6152,百一,100,0,100,台中銀-員林,2023-06-12,6114
00919,群益台灣精選高息,75,5,70,台中銀-員林,2023-06-12,6114
00715L,期街口布蘭特正2,67,0,67,台中銀-員林,2023-06-12,6114
00712,復華富時不動產,66,4,62,台中銀-員林,2023-06-12,6114
6446,藥華藥,50,0,50,台中銀-員林,2023-06-12,6114
2031,新光鋼,45,0,45,台中銀-員林,2023-06-12,6114
00929,復華台灣科技優息,43,0,43,台中銀-員林,2023-06-12,6114
2888,新光金,130,87,43,台中銀-員林,2023-06-12,6114
2881,富邦金,40,0,40,台中銀-員林,2023-06-12,6114
00642U,期元大S＆P石油,36,0,36,台中銀-員林,2023-06-12,6114
3032,偉訓,43,12,31,台中銀-員林,2023-06-12,6114
2014,中鴻,28,0,28,台中銀-員林,2023-06-12,6114
2634,漢翔,31,4,27,台中銀-員林,2023-06-12,6114
2388,威盛,55,28,27,台中銀-員林,2023-06-12,6114
6531,愛普*,28,1,27,台中銀-員林,2023-06-12,6114
6136,富爾特,26,0,26,台中銀-員林,2023-06-12,6114
2882,國泰金,23,0,23,台中銀-員林,2023-06-12,6114
2884,玉山金,24,1,23,台中銀-員林,2023-06-12,6114
8234,新漢,33,10,23,台中銀-員林,2023-06-12,6114
2609,陽明,22,0,22,台中銀-員林,2023-06-12,6114
1605,華新,19,0,19,台中銀-員林,2023-06-12,6114
8222,寶一,21,2,19,台中銀-員林,2023-06-12,6114
2457,飛宏,20,2,18,台中銀-員林,2023-06-12,6114
2618,長榮航,78,60,18,台中銀-員林,2023-06-12,6114
8926,台汽電,19,2,17,台中銀-員林,2023-06-12,6114
6122,擎邦,22,6,16,台中銀-員林,2023-06-12,6114
3481,群創,19,3,16,台中銀-員林,2023-06-12,6114
1101,台泥,18,3,15,台中銀-員林,2023-06-12,6114
1608,華榮,15,0,15,台中銀-員林,2023-06-12,6114
6279,胡連,17,2,15,台中銀-員林,2023-06-12,6114
2442,新美齊,15,0,15,台中銀-員林,2023-06-12,6114
5227,立凱-KY,15,0,15,台中銀-員林,2023-06-12,6114
2208,台船,13,0,13,台中銀-員林,2023-06-12,6114
2367,燿華,13,0,13,台中銀-員林,2023-06-12,6114
3231,緯創,33,20,13,台中銀-員林,2023-06-12,6114
2883,凱基金,13,1,12,台中銀-員林,2023-06-12,6114
00882,中信中國高股息,13,1,12,台中銀-員林,2023-06-12,6114
3078,僑威,18,6,12,台中銀-員林,2023-06-12,6114
2352,佳世達,12,0,12,台中銀-員林,2023-06-12,6114
2206,三陽工業,42,30,12,台中銀-員林,2023-06-12,6114
2468,華經,12,0,12,台中銀-員林,2023-06-12,6114
3162,精確,17,5,12,台中銀-員林,2023-06-12,6114
6789,采鈺,20,10,10,台中銀-員林,2023-06-12,6114
2308,台達電,11,1,10,台中銀-員林,2023-06-12,6114
00921,兆豐龍頭等權重,10,0,10,台中銀-員林,2023-06-12,6114
2399,映泰,10,0,10,台中銀-員林,2023-06-12,6114
2538,基泰,10,0,10,台中銀-員林,2023-06-12,6114
2889,國票金,10,0,10,台中銀-員林,2023-06-12,6114
2888,新光金,320,54,266,台中銀-員林,2023-06-13,6114
00715L,期街口布蘭特正2,208,2,206,台中銀-員林,2023-06-13,6114
3652,精聯,81,1,80,台中銀-員林,2023-06-13,6114
3481,群創,68,1,67,台中銀-員林,2023-06-13,6114
2331,精英,61,7,54,台中銀-員林,2023-06-13,6114
2425,承啟,51,1,50,台中銀-員林,2023-06-13,6114
1504,東元,50,5,45,台中銀-員林,2023-06-13,6114
00919,群益台灣精選高息,40,0,40,台中銀-員林,2023-06-13,6114
2353,宏��,35,1,34,台中銀-員林,2023-06-13,6114
2883,凱基金,29,0,29,台中銀-員林,2023-06-13,6114
00642U,期元大S＆P石油,29,0,29,台中銀-員林,2023-06-13,6114
00632R,元大台灣50反1,36,10,26,台中銀-員林,2023-06-13,6114
4533,協易機,28,2,26,台中銀-員林,2023-06-13,6114
8046,南電,26,0,26,台中銀-員林,2023-06-13,6114
6288,聯嘉,45,20,25,台中銀-員林,2023-06-13,6114
2515,中工,24,1,23,台中銀-員林,2023-06-13,6114
2601,益航,26,4,22,台中銀-員林,2023-06-13,6114
8358,金居,22,1,21,台中銀-員林,2023-06-13,6114
2376,技嘉,25,5,20,台中銀-員林,2023-06-13,6114
2610,華航,37,17,20,台中銀-員林,2023-06-13,6114
8926,台汽電,20,0,20,台中銀-員林,2023-06-13,6114
0056,元大高股息,28,8,20,台中銀-員林,2023-06-13,6114
2882,國泰金,21,4,17,台中銀-員林,2023-06-13,6114
1503,士電,17,1,16,台中銀-員林,2023-06-13,6114
2383,台光電,17,2,15,台中銀-員林,2023-06-13,6114
3576,聯合再生,15,2,13,台中銀-員林,2023-06-13,6114
2382,廣達,25,12,13,台中銀-員林,2023-06-13,6114
00927,群益半導體收益,12,0,12,台中銀-員林,2023-06-13,6114
2208,台船,14,2,12,台中銀-員林,2023-06-13,6114
5475,德宏,15,3,12,台中銀-員林,2023-06-13,6114
6122,擎邦,14,2,12,台中銀-員林,2023-06-13,6114
8234,新漢,12,0,12,台中銀-員林,2023-06-13,6114
4968,立積,12,1,11,台中銀-員林,2023-06-13,6114
2453,凌群,16,5,11,台中銀-員林,2023-06-13,6114
1513,中興電,10,0,10,台中銀-員林,2023-06-13,6114
2736,富野,10,0,10,台中銀-員林,2023-06-13,6114
2880,華南金,10,0,10,台中銀-員林,2023-06-13,6114
3434,哲固,10,0,10,台中銀-員林,2023-06-13,6114
4102,永日,10,0,10,台中銀-員林,2023-06-13,6114
4906,正文,10,0,10,台中銀-員林,2023-06-13,6114
6134,萬旭,10,0,10,台中銀-員林,2023-06-13,6114
6269,台郡,10,0,10,台中銀-員林,2023-06-13,6114
6015,宏遠證,10,1,9,台中銀-員林,2023-06-13,6114
8420,明揚,15,6,9,台中銀-員林,2023-06-13,6114
1609,大亞,26,17,9,台中銀-員林,2023-06-13,6114
6538,倉和,8,0,8,台中銀-員林,2023-06-13,6114
3231,緯創,12,5,7,台中銀-員林,2023-06-13,6114
00680L,元大美債20正2,7,0,7,台中銀-員林,2023-06-13,6114
1605,華新,7,0,7,台中銀-員林,2023-06-13,6114
2323,中環,8,1,7,台中銀-員林,2023-06-13,6114
1504,東元,233,0,233,台中銀-員林,2023-06-14,6114
00852L,國泰美國道瓊正2,50,0,50,台中銀-員林,2023-06-14,6114
3260,威剛,53,4,49,台中銀-員林,2023-06-14,6114
2497,怡利電,46,1,45,台中銀-員林,2023-06-14,6114
8076,伍豐,62,19,43,台中銀-員林,2023-06-14,6114
00642U,期元大S＆P石油,42,0,42,台中銀-員林,2023-06-14,6114
6188,廣明,57,16,41,台中銀-員林,2023-06-14,6114
2356,英業達,375,339,36,台中銀-員林,2023-06-14,6114
00919,群益台灣精選高息,30,0,30,台中銀-員林,2023-06-14,6114
4543,萬在,29,0,29,台中銀-員林,2023-06-14,6114
2376,技嘉,33,6,27,台中銀-員林,2023-06-14,6114
2884,玉山金,31,5,26,台中銀-員林,2023-06-14,6114
3058,立德,28,4,24,台中銀-員林,2023-06-14,6114
1312,國喬,21,0,21,台中銀-員林,2023-06-14,6114
1337,再生-KY,20,0,20,台中銀-員林,2023-06-14,6114
2206,三陽工業,27,7,20,台中銀-員林,2023-06-14,6114
2457,飛宏,32,12,20,台中銀-員林,2023-06-14,6114
2882,國泰金,28,8,20,台中銀-員林,2023-06-14,6114
6538,倉和,18,0,18,台中銀-員林,2023-06-14,6114
3419,譁裕,20,3,17,台中銀-員林,2023-06-14,6114
1503,士電,16,1,15,台中銀-員林,2023-06-14,6114
00712,復華富時不動產,14,0,14,台中銀-員林,2023-06-14,6114
00720B,元大投資級公司債,13,0,13,台中銀-員林,2023-06-14,6114
1727,中華化,13,0,13,台中銀-員林,2023-06-14,6114
3545,敦泰,14,1,13,台中銀-員林,2023-06-14,6114
2228,劍麟,12,0,12,台中銀-員林,2023-06-14,6114
5425,台半,24,12,12,台中銀-員林,2023-06-14,6114
6472,保瑞,11,0,11,台中銀-員林,2023-06-14,6114
3583,辛耘,26,15,11,台中銀-員林,2023-06-14,6114
1608,華榮,11,0,11,台中銀-員林,2023-06-14,6114
2722,夏都,11,0,11,台中銀-員林,2023-06-14,6114
6122,擎邦,29,18,11,台中銀-員林,2023-06-14,6114
00679B,元大美債20年,10,0,10,台中銀-員林,2023-06-14,6114
00751B,元大AAA至A公司債,10,0,10,台中銀-員林,2023-06-14,6114
1517,利奇,10,0,10,台中銀-員林,2023-06-14,6114
1528,恩德,20,10,10,台中銀-員林,2023-06-14,6114
1540,喬福,10,0,10,台中銀-員林,2023-06-14,6114
1701,中化,10,0,10,台中銀-員林,2023-06-14,6114
2367,燿華,11,1,10,台中銀-員林,2023-06-14,6114
2489,瑞軒,10,0,10,台中銀-員林,2023-06-14,6114
4933,友輝,10,0,10,台中銀-員林,2023-06-14,6114
5864,致和證,10,0,10,台中銀-員林,2023-06-14,6114
8107,大億金茂,10,0,10,台中銀-員林,2023-06-14,6114
8931,大汽電,10,0,10,台中銀-員林,2023-06-14,6114
3515,華擎,12,3,9,台中銀-員林,2023-06-14,6114
2449,京元電子,15,6,9,台中銀-員林,2023-06-14,6114
1806,冠軍,16,7,9,台中銀-員林,2023-06-14,6114
2705,六福,11,3,8,台中銀-員林,2023-06-14,6114
3003,健和興,9,1,8,台中銀-員林,2023-06-14,6114
3078,僑威,20,12,8,台中銀-員林,2023-06-14,6114
00706L,期元大S＆P日圓正2,1600,0,1600,台中銀-員林,2023-06-15,6114
4743,合一,154,5,149,台中銀-員林,2023-06-15,6114
2371,大同,124,33,91,台中銀-員林,2023-06-15,6114
2618,長榮航,155,83,72,台中銀-員林,2023-06-15,6114
2888,新光金,61,0,61,台中銀-員林,2023-06-15,6114
6446,藥華藥,60,0,60,台中銀-員林,2023-06-15,6114
2401,凌陽,63,11,52,台中銀-員林,2023-06-15,6114
3147,大綜,56,4,52,台中銀-員林,2023-06-15,6114
8076,伍豐,93,43,50,台中銀-員林,2023-06-15,6114
3706,神達,108,63,45,台中銀-員林,2023-06-15,6114
00715L,期街口布蘭特正2,49,8,41,台中銀-員林,2023-06-15,6114
2801,彰銀,38,1,37,台中銀-員林,2023-06-15,6114
6285,啟��,35,0,35,台中銀-員林,2023-06-15,6114
3078,僑威,51,19,32,台中銀-員林,2023-06-15,6114
4190,佐登-KY,31,1,30,台中銀-員林,2023-06-15,6114
2497,怡利電,30,0,30,台中銀-員林,2023-06-15,6114
3038,全台,40,10,30,台中銀-員林,2023-06-15,6114
1802,台玻,31,5,26,台中銀-員林,2023-06-15,6114
3260,威剛,26,1,25,台中銀-員林,2023-06-15,6114
2457,飛宏,25,3,22,台中銀-員林,2023-06-15,6114
4510,高鋒,27,6,21,台中銀-員林,2023-06-15,6114
4128,中天,26,6,20,台中銀-員林,2023-06-15,6114
9919,康那香,20,0,20,台中銀-員林,2023-06-15,6114
00919,群益台灣精選高息,21,3,18,台中銀-員林,2023-06-15,6114
3055,蔚華科,32,14,18,台中銀-員林,2023-06-15,6114
2883,凱基金,19,2,17,台中銀-員林,2023-06-15,6114
0056,元大高股息,23,7,16,台中銀-員林,2023-06-15,6114
1608,華榮,21,6,15,台中銀-員林,2023-06-15,6114
3163,波若威,16,1,15,台中銀-員林,2023-06-15,6114
1522,堤維西,19,5,14,台中銀-員林,2023-06-15,6114
00929,復華台灣科技優息,14,0,14,台中銀-員林,2023-06-15,6114
3033,威健,15,2,13,台中銀-員林,2023-06-15,6114
3504,揚明光,13,0,13,台中銀-員林,2023-06-15,6114
2421,建準,16,3,13,台中銀-員林,2023-06-15,6114
2382,廣達,21,8,13,台中銀-員林,2023-06-15,6114
2230,泰茂,12,0,12,台中銀-員林,2023-06-15,6114
2630,亞航,15,3,12,台中銀-員林,2023-06-15,6114
3231,緯創,53,42,11,台中銀-員林,2023-06-15,6114
3005,神基,11,0,11,台中銀-員林,2023-06-15,6114
1609,大亞,36,26,10,台中銀-員林,2023-06-15,6114
00680L,元大美債20正2,10,0,10,台中銀-員林,2023-06-15,6114
1603,華電,10,0,10,台中銀-員林,2023-06-15,6114
2302,麗正,10,0,10,台中銀-員林,2023-06-15,6114
2332,友訊,10,0,10,台中銀-員林,2023-06-15,6114
3374,精材,11,1,10,台中銀-員林,2023-06-15,6114
4142,國光生,10,0,10,台中銀-員林,2023-06-15,6114
4564,元翎,10,0,10,台中銀-員林,2023-06-15,6114
5498,凱崴,10,0,10,台中銀-員林,2023-06-15,6114
2455,全新,12,3,9,台中銀-員林,2023-06-15,6114
1326,台化,9,0,9,台中銀-員林,2023-06-15,6114
2888,新光金,293,0,293,台中銀-員林,2023-06-16,6114
2356,英業達,295,63,232,台中銀-員林,2023-06-16,6114
00679B,元大美債20年,111,3,108,台中銀-員林,2023-06-16,6114
2618,長榮航,131,35,96,台中銀-員林,2023-06-16,6114
3706,神達,132,41,91,台中銀-員林,2023-06-16,6114
2206,三陽工業,72,5,67,台中銀-員林,2023-06-16,6114
3032,偉訓,64,0,64,台中銀-員林,2023-06-16,6114
3006,晶豪科,62,4,58,台中銀-員林,2023-06-16,6114
00919,群益台灣精選高息,64,10,54,台中銀-員林,2023-06-16,6114
6770,力積電,51,7,44,台中銀-員林,2023-06-16,6114
2308,台達電,44,0,44,台中銀-員林,2023-06-16,6114
3481,群創,72,38,34,台中銀-員林,2023-06-16,6114
2883,凱基金,34,0,34,台中銀-員林,2023-06-16,6114
2030,彰源,30,1,29,台中銀-員林,2023-06-16,6114
5512,力麒,28,0,28,台中銀-員林,2023-06-16,6114
6446,藥華藥,30,3,27,台中銀-員林,2023-06-16,6114
2915,潤泰全,26,0,26,台中銀-員林,2023-06-16,6114
2454,聯發科,26,0,26,台中銀-員林,2023-06-16,6114
2449,京元電子,25,0,25,台中銀-員林,2023-06-16,6114
6288,聯嘉,25,0,25,台中銀-員林,2023-06-16,6114
1519,華城,43,18,25,台中銀-員林,2023-06-16,6114
1605,華新,70,46,24,台中銀-員林,2023-06-16,6114
8926,台汽電,23,0,23,台中銀-員林,2023-06-16,6114
1471,首利,21,0,21,台中銀-員林,2023-06-16,6114
5905,南仁湖,20,0,20,台中銀-員林,2023-06-16,6114
2359,所羅門,27,7,20,台中銀-員林,2023-06-16,6114
3022,威強電,20,0,20,台中銀-員林,2023-06-16,6114
2371,大同,70,51,19,台中銀-員林,2023-06-16,6114
2301,光寶科,21,2,19,台中銀-員林,2023-06-16,6114
8050,廣積,19,0,19,台中銀-員林,2023-06-16,6114
8069,元太,18,0,18,台中銀-員林,2023-06-16,6114
4977,眾達-KY,19,2,17,台中銀-員林,2023-06-16,6114
8028,昇陽半導體,33,17,16,台中銀-員林,2023-06-16,6114
2201,裕隆,18,2,16,台中銀-員林,2023-06-16,6114
1522,堤維西,16,1,15,台中銀-員林,2023-06-16,6114
6188,廣明,26,13,13,台中銀-員林,2023-06-16,6114
2347,聯強,12,0,12,台中銀-員林,2023-06-16,6114
3419,譁裕,11,0,11,台中銀-員林,2023-06-16,6114
6248,沛波,11,0,11,台中銀-員林,2023-06-16,6114
6223,旺矽,11,0,11,台中銀-員林,2023-06-16,6114
2017,官田鋼,10,0,10,台中銀-員林,2023-06-16,6114
2461,光群雷,10,0,10,台中銀-員林,2023-06-16,6114
2476,鉅祥,10,0,10,台中銀-員林,2023-06-16,6114
3024,憶聲,13,3,10,台中銀-員林,2023-06-16,6114
3027,盛達,14,4,10,台中銀-員林,2023-06-16,6114
3686,達能,10,0,10,台中銀-員林,2023-06-16,6114
6167,久正,10,0,10,台中銀-員林,2023-06-16,6114
6538,倉和,11,1,10,台中銀-員林,2023-06-16,6114
2382,廣達,19,10,9,台中銀-員林,2023-06-16,6114
1218,泰山,11,2,9,台中銀-員林,2023-06-16,6114
00706L,期元大S＆P日圓正2,1536,0,1536,台中銀-員林,2023-06-19,6114
2337,旺宏,1007,13,994,台中銀-員林,2023-06-19,6114
2027,大成鋼,60,0,60,台中銀-員林,2023-06-19,6114
2104,國際中橡,46,3,43,台中銀-員林,2023-06-19,6114
2353,宏��,42,1,41,台中銀-員林,2023-06-19,6114
2834,臺企銀,40,1,39,台中銀-員林,2023-06-19,6114
8046,南電,35,0,35,台中銀-員林,2023-06-19,6114
1519,華城,47,12,35,台中銀-員林,2023-06-19,6114
3325,旭品,34,0,34,台中銀-員林,2023-06-19,6114
1609,大亞,59,26,33,台中銀-員林,2023-06-19,6114
8926,台汽電,30,0,30,台中銀-員林,2023-06-19,6114
1312,國喬,27,0,27,台中銀-員林,2023-06-19,6114
6114,久威,25,0,25,台中銀-員林,2023-06-19,6114
1314,中石化,23,0,23,台中銀-員林,2023-06-19,6114
1513,中興電,61,38,23,台中銀-員林,2023-06-19,6114
3213,茂訊,27,5,22,台中銀-員林,2023-06-19,6114
4190,佐登-KY,22,0,22,台中銀-員林,2023-06-19,6114
00885,富邦越南,24,5,19,台中銀-員林,2023-06-19,6114
2356,英業達,40,21,19,台中銀-員林,2023-06-19,6114
2468,華經,23,6,17,台中銀-員林,2023-06-19,6114
3372,典範,20,3,17,台中銀-員林,2023-06-19,6114
6120,達運,31,14,17,台中銀-員林,2023-06-19,6114
6282,康舒,49,32,17,台中銀-員林,2023-06-19,6114
2454,聯發科,21,4,17,台中銀-員林,2023-06-19,6114
4915,致伸,20,5,15,台中銀-員林,2023-06-19,6114
6188,廣明,16,1,15,台中銀-員林,2023-06-19,6114
2705,六福,18,4,14,台中銀-員林,2023-06-19,6114
6285,啟��,14,1,13,台中銀-員林,2023-06-19,6114
2324,仁寶,15,4,11,台中銀-員林,2023-06-19,6114
2495,普安,11,0,11,台中銀-員林,2023-06-19,6114
5426,振發,11,0,11,台中銀-員林,2023-06-19,6114
1522,堤維西,17,6,11,台中銀-員林,2023-06-19,6114
1785,光洋科,10,0,10,台中銀-員林,2023-06-19,6114
00645,富邦日本,10,0,10,台中銀-員林,2023-06-19,6114
2883,凱基金,11,1,10,台中銀-員林,2023-06-19,6114
3416,融程電,10,0,10,台中銀-員林,2023-06-19,6114
4207,環泰,10,0,10,台中銀-員林,2023-06-19,6114
8097,常珵,10,0,10,台中銀-員林,2023-06-19,6114
8110,華東,10,0,10,台中銀-員林,2023-06-19,6114
8277,商丞,20,10,10,台中銀-員林,2023-06-19,6114
0056,元大高股息,13,4,9,台中銀-員林,2023-06-19,6114
1471,首利,16,7,9,台中銀-員林,2023-06-19,6114
2323,中環,11,2,9,台中銀-員林,2023-06-19,6114
2332,友訊,9,0,9,台中銀-員林,2023-06-19,6114
6275,元山,9,0,9,台中銀-員林,2023-06-19,6114
2388,威盛,12,4,8,台中銀-員林,2023-06-19,6114
00919,群益台灣精選高息,8,0,8,台中銀-員林,2023-06-19,6114
00687B,國泰20年美債,10,2,8,台中銀-員林,2023-06-19,6114
2399,映泰,12,4,8,台中銀-員林,2023-06-19,6114
4989,榮科,8,0,8,台中銀-員林,2023-06-19,6114
00706L,期元大S＆P日圓正2,94,0,94,台中銀-員林,2023-06-20,6114
8358,金居,100,6,94,台中銀-員林,2023-06-20,6114
2634,漢翔,187,94,93,台中銀-員林,2023-06-20,6114
3481,群創,86,14,72,台中銀-員林,2023-06-20,6114
2356,英業達,85,16,69,台中銀-員林,2023-06-20,6114
6271,同欣電,61,0,61,台中銀-員林,2023-06-20,6114
2618,長榮航,70,31,39,台中銀-員林,2023-06-20,6114
00673R,期元大S＆P原油反1,30,0,30,台中銀-員林,2023-06-20,6114
2206,三陽工業,34,4,30,台中銀-員林,2023-06-20,6114
1909,榮成,30,2,28,台中銀-員林,2023-06-20,6114
5426,振發,30,2,28,台中銀-員林,2023-06-20,6114
3260,威剛,55,28,27,台中銀-員林,2023-06-20,6114
1312,國喬,23,0,23,台中銀-員林,2023-06-20,6114
3682,亞太電,23,0,23,台中銀-員林,2023-06-20,6114
1605,華新,22,0,22,台中銀-員林,2023-06-20,6114
00680L,元大美債20正2,20,0,20,台中銀-員林,2023-06-20,6114
2427,三商電,20,0,20,台中銀-員林,2023-06-20,6114
6244,茂迪,27,7,20,台中銀-員林,2023-06-20,6114
2409,友達,120,101,19,台中銀-員林,2023-06-20,6114
2401,凌陽,23,4,19,台中銀-員林,2023-06-20,6114
3325,旭品,43,25,18,台中銀-員林,2023-06-20,6114
6290,良維,42,24,18,台中銀-員林,2023-06-20,6114
8222,寶一,19,2,17,台中銀-員林,2023-06-20,6114
2388,威盛,19,3,16,台中銀-員林,2023-06-20,6114
8076,伍豐,27,12,15,台中銀-員林,2023-06-20,6114
00882,中信中國高股息,15,0,15,台中銀-員林,2023-06-20,6114
00878,國泰永續高股息,52,38,14,台中銀-員林,2023-06-20,6114
4934,太極,19,5,14,台中銀-員林,2023-06-20,6114
1513,中興電,30,16,14,台中銀-員林,2023-06-20,6114
3362,先進光,15,3,12,台中銀-員林,2023-06-20,6114
4979,華星光,31,19,12,台中銀-員林,2023-06-20,6114
00919,群益台灣精選高息,12,1,11,台中銀-員林,2023-06-20,6114
6148,驊宏資,11,0,11,台中銀-員林,2023-06-20,6114
1449,佳和,10,0,10,台中銀-員林,2023-06-20,6114
00688L,國泰20年美債正2,10,0,10,台中銀-員林,2023-06-20,6114
2030,彰源,10,0,10,台中銀-員林,2023-06-20,6114
2107,厚生,10,0,10,台中銀-員林,2023-06-20,6114
2637,慧洋-KY,10,0,10,台中銀-員林,2023-06-20,6114
5425,台半,11,1,10,台中銀-員林,2023-06-20,6114
6167,久正,10,0,10,台中銀-員林,2023-06-20,6114
6446,藥華藥,10,0,10,台中銀-員林,2023-06-20,6114
00679B,元大美債20年,9,0,9,台中銀-員林,2023-06-20,6114
1539,巨庭,9,0,9,台中銀-員林,2023-06-20,6114
4915,致伸,10,1,9,台中銀-員林,2023-06-20,6114
6288,聯嘉,9,0,9,台中銀-員林,2023-06-20,6114
2359,所羅門,8,0,8,台中銀-員林,2023-06-20,6114
5512,力麒,8,0,8,台中銀-員林,2023-06-20,6114
2867,三商壽,7,0,7,台中銀-員林,2023-06-20,6114
3019,亞光,7,0,7,台中銀-員林,2023-06-20,6114
3058,立德,7,0,7,台中銀-員林,2023-06-20,6114
3481,群創,300,43,257,台中銀-員林,2023-06-21,6114
3706,神達,264,7,257,台中銀-員林,2023-06-21,6114
2834,臺企銀,200,0,200,台中銀-員林,2023-06-21,6114
00679B,元大美債20年,102,1,101,台中銀-員林,2023-06-21,6114
2371,大同,335,253,82,台中銀-員林,2023-06-21,6114
1609,大亞,54,4,50,台中銀-員林,2023-06-21,6114
00673R,期元大S＆P原油反1,32,0,32,台中銀-員林,2023-06-21,6114
1810,和成,34,3,31,台中銀-員林,2023-06-21,6114
8358,金居,66,37,29,台中銀-員林,2023-06-21,6114
2323,中環,58,34,24,台中銀-員林,2023-06-21,6114
2367,燿華,20,0,20,台中銀-員林,2023-06-21,6114
3260,威剛,30,10,20,台中銀-員林,2023-06-21,6114
2027,大成鋼,21,2,19,台中銀-員林,2023-06-21,6114
2867,三商壽,20,1,19,台中銀-員林,2023-06-21,6114
2356,英業達,52,34,18,台中銀-員林,2023-06-21,6114
6282,康舒,45,28,17,台中銀-員林,2023-06-21,6114
2425,承啟,16,0,16,台中銀-員林,2023-06-21,6114
2230,泰茂,16,1,15,台中銀-員林,2023-06-21,6114
2705,六福,30,15,15,台中銀-員林,2023-06-21,6114
6112,邁達特,17,3,14,台中銀-員林,2023-06-21,6114
00882,中信中國高股息,22,8,14,台中銀-員林,2023-06-21,6114
1907,永豐餘,17,5,12,台中銀-員林,2023-06-21,6114
6741,91APP*-KY,12,0,12,台中銀-員林,2023-06-21,6114
8092,建暐,12,0,12,台中銀-員林,2023-06-21,6114
6290,良維,16,4,12,台中銀-員林,2023-06-21,6114
2312,金寶,11,0,11,台中銀-員林,2023-06-21,6114
00665L,富邦�琤肭磪囓�2,11,0,11,台中銀-員林,2023-06-21,6114
3029,零壹,11,0,11,台中銀-員林,2023-06-21,6114
4543,萬在,16,5,11,台中銀-員林,2023-06-21,6114
1301,台塑,10,0,10,台中銀-員林,2023-06-21,6114
00900,富邦特選高股息30,10,0,10,台中銀-員林,2023-06-21,6114
2377,微星,10,0,10,台中銀-員林,2023-06-21,6114
2536,宏普,10,0,10,台中銀-員林,2023-06-21,6114
2882,國泰金,10,0,10,台中銀-員林,2023-06-21,6114
3042,晶技,10,0,10,台中銀-員林,2023-06-21,6114
3413,京鼎,10,0,10,台中銀-員林,2023-06-21,6114
3581,博磊,10,0,10,台中銀-員林,2023-06-21,6114
4960,誠美材,11,1,10,台中銀-員林,2023-06-21,6114
6214,精誠,10,0,10,台中銀-員林,2023-06-21,6114
6438,迅得,10,0,10,台中銀-員林,2023-06-21,6114
8930,青鋼,10,0,10,台中銀-員林,2023-06-21,6114
6111,大宇資,14,6,8,台中銀-員林,2023-06-21,6114
5251,天鉞電,8,0,8,台中銀-員林,2023-06-21,6114
2618,長榮航,61,53,8,台中銀-員林,2023-06-21,6114
6733,博晟生醫,7,0,7,台中銀-員林,2023-06-21,6114
00753L,中信中國50正2,16,9,7,台中銀-員林,2023-06-21,6114
2601,益航,8,1,7,台中銀-員林,2023-06-21,6114
4147,中裕,6,0,6,台中銀-員林,2023-06-21,6114
00919,群益台灣精選高息,6,0,6,台中銀-員林,2023-06-21,6114
1218,泰山,18,12,6,台中銀-員林,2023-06-21,6114
00706L,期元大S＆P日圓正2,926,0,926,台中銀-員林,2023-06-26,6114
2323,中環,227,36,191,台中銀-員林,2023-06-26,6114
2610,華航,145,13,132,台中銀-員林,2023-06-26,6114
2834,臺企銀,121,0,121,台中銀-員林,2023-06-26,6114
00712,復華富時不動產,109,1,108,台中銀-員林,2023-06-26,6114
3032,偉訓,86,10,76,台中銀-員林,2023-06-26,6114
00665L,富邦�琤肭磪囓�2,75,0,75,台中銀-員林,2023-06-26,6114
2409,友達,72,0,72,台中銀-員林,2023-06-26,6114
2371,大同,241,176,65,台中銀-員林,2023-06-26,6114
3481,群創,114,52,62,台中銀-員林,2023-06-26,6114
00715L,期街口布蘭特正2,60,4,56,台中銀-員林,2023-06-26,6114
4961,天鈺,50,0,50,台中銀-員林,2023-06-26,6114
2427,三商電,77,30,47,台中銀-員林,2023-06-26,6114
2867,三商壽,48,2,46,台中銀-員林,2023-06-26,6114
3306,鼎天,43,0,43,台中銀-員林,2023-06-26,6114
1733,五鼎,40,0,40,台中銀-員林,2023-06-26,6114
6271,同欣電,40,0,40,台中銀-員林,2023-06-26,6114
6282,康舒,43,3,40,台中銀-員林,2023-06-26,6114
2388,威盛,41,3,38,台中銀-員林,2023-06-26,6114
00642U,期元大S＆P石油,46,10,36,台中銀-員林,2023-06-26,6114
3706,神達,67,35,32,台中銀-員林,2023-06-26,6114
2201,裕隆,34,3,31,台中銀-員林,2023-06-26,6114
5309,系統電,26,0,26,台中銀-員林,2023-06-26,6114
2442,新美齊,25,0,25,台中銀-員林,2023-06-26,6114
2324,仁寶,26,2,24,台中銀-員林,2023-06-26,6114
8069,元太,26,3,23,台中銀-員林,2023-06-26,6114
6485,點序,23,0,23,台中銀-員林,2023-06-26,6114
1609,大亞,23,2,21,台中銀-員林,2023-06-26,6114
2634,漢翔,35,14,21,台中銀-員林,2023-06-26,6114
2892,第一金,20,0,20,台中銀-員林,2023-06-26,6114
2748,雲品,20,0,20,台中銀-員林,2023-06-26,6114
2303,聯電,20,1,19,台中銀-員林,2023-06-26,6114
2913,農林,35,16,19,台中銀-員林,2023-06-26,6114
3078,僑威,41,23,18,台中銀-員林,2023-06-26,6114
00919,群益台灣精選高息,17,0,17,台中銀-員林,2023-06-26,6114
2457,飛宏,19,2,17,台中銀-員林,2023-06-26,6114
1522,堤維西,22,5,17,台中銀-員林,2023-06-26,6114
2609,陽明,18,1,17,台中銀-員林,2023-06-26,6114
1605,華新,16,0,16,台中銀-員林,2023-06-26,6114
2208,台船,16,0,16,台中銀-員林,2023-06-26,6114
6217,中探針,29,13,16,台中銀-員林,2023-06-26,6114
00751B,元大AAA至A公司債,15,0,15,台中銀-員林,2023-06-26,6114
1301,台塑,14,0,14,台中銀-員林,2023-06-26,6114
2498,宏達電,18,4,14,台中銀-員林,2023-06-26,6114
6220,岳豐,13,0,13,台中銀-員林,2023-06-26,6114
3049,精金,12,0,12,台中銀-員林,2023-06-26,6114
5498,凱崴,12,0,12,台中銀-員林,2023-06-26,6114
00882,中信中國高股息,12,1,11,台中銀-員林,2023-06-26,6114
1785,光洋科,12,2,10,台中銀-員林,2023-06-26,6114
2302,麗正,10,0,10,台中銀-員林,2023-06-26,6114
2618,長榮航,199,92,107,台中銀-員林,2023-06-27,6114
2610,華航,154,62,92,台中銀-員林,2023-06-27,6114
6116,彩晶,65,1,64,台中銀-員林,2023-06-27,6114
3481,群創,69,9,60,台中銀-員林,2023-06-27,6114
2409,友達,58,3,55,台中銀-員林,2023-06-27,6114
2303,聯電,46,7,39,台中銀-員林,2023-06-27,6114
1471,首利,71,34,37,台中銀-員林,2023-06-27,6114
3032,偉訓,44,8,36,台中銀-員林,2023-06-27,6114
3325,旭品,37,1,36,台中銀-員林,2023-06-27,6114
2834,臺企銀,31,0,31,台中銀-員林,2023-06-27,6114
6024,群益期,36,6,30,台中銀-員林,2023-06-27,6114
2457,飛宏,36,6,30,台中銀-員林,2023-06-27,6114
2356,英業達,32,4,28,台中銀-員林,2023-06-27,6114
0056,元大高股息,28,0,28,台中銀-員林,2023-06-27,6114
2027,大成鋼,34,11,23,台中銀-員林,2023-06-27,6114
3231,緯創,38,15,23,台中銀-員林,2023-06-27,6114
1605,華新,35,13,22,台中銀-員林,2023-06-27,6114
1608,華榮,35,13,22,台中銀-員林,2023-06-27,6114
2208,台船,21,0,21,台中銀-員林,2023-06-27,6114
2323,中環,62,41,21,台中銀-員林,2023-06-27,6114
2892,第一金,20,0,20,台中銀-員林,2023-06-27,6114
2442,新美齊,19,0,19,台中銀-員林,2023-06-27,6114
5905,南仁湖,20,1,19,台中銀-員林,2023-06-27,6114
1444,力麗,18,0,18,台中銀-員林,2023-06-27,6114
1907,永豐餘,21,4,17,台中銀-員林,2023-06-27,6114
8358,金居,16,1,15,台中銀-員林,2023-06-27,6114
1909,榮成,15,0,15,台中銀-員林,2023-06-27,6114
3356,奇偶,21,6,15,台中銀-員林,2023-06-27,6114
2329,華泰,13,0,13,台中銀-員林,2023-06-27,6114
2472,立隆電,13,0,13,台中銀-員林,2023-06-27,6114
2736,富野,73,60,13,台中銀-員林,2023-06-27,6114
3078,僑威,18,5,13,台中銀-員林,2023-06-27,6114
1514,亞力,33,21,12,台中銀-員林,2023-06-27,6114
2017,官田鋼,12,0,12,台中銀-員林,2023-06-27,6114
4533,協易機,12,0,12,台中銀-員林,2023-06-27,6114
1301,台塑,15,4,11,台中銀-員林,2023-06-27,6114
1529,樂事綠能,24,13,11,台中銀-員林,2023-06-27,6114
2412,中華電,11,0,11,台中銀-員林,2023-06-27,6114
00720B,元大投資級公司債,10,0,10,台中銀-員林,2023-06-27,6114
00751B,元大AAA至A公司債,10,0,10,台中銀-員林,2023-06-27,6114
00706L,期元大S＆P日圓正2,10,0,10,台中銀-員林,2023-06-27,6114
2399,映泰,10,0,10,台中銀-員林,2023-06-27,6114
3548,兆利,10,0,10,台中銀-員林,2023-06-27,6114
3710,連展投控,10,0,10,台中銀-員林,2023-06-27,6114
4207,環泰,10,0,10,台中銀-員林,2023-06-27,6114
5383,金利,10,0,10,台中銀-員林,2023-06-27,6114
6288,聯嘉,12,2,10,台中銀-員林,2023-06-27,6114
1762,中化生,11,2,9,台中銀-員林,2023-06-27,6114
6124,業強,9,0,9,台中銀-員林,2023-06-27,6114
6168,宏齊,9,0,9,台中銀-員林,2023-06-27,6114
2834,臺企銀,500,53,447,台中銀-員林,2023-06-28,6114
00715L,期街口布蘭特正2,229,3,226,台中銀-員林,2023-06-28,6114
2603,長榮,207,61,146,台中銀-員林,2023-06-28,6114
00642U,期元大S＆P石油,74,0,74,台中銀-員林,2023-06-28,6114
2332,友訊,72,3,69,台中銀-員林,2023-06-28,6114
1514,亞力,62,3,59,台中銀-員林,2023-06-28,6114
3374,精材,52,1,51,台中銀-員林,2023-06-28,6114
00712,復華富時不動產,47,0,47,台中銀-員林,2023-06-28,6114
2883,凱基金,41,0,41,台中銀-員林,2023-06-28,6114
1504,東元,40,2,38,台中銀-員林,2023-06-28,6114
2323,中環,91,55,36,台中銀-員林,2023-06-28,6114
3356,奇偶,56,22,34,台中銀-員林,2023-06-28,6114
3078,僑威,38,7,31,台中銀-員林,2023-06-28,6114
6182,合晶,41,11,30,台中銀-員林,2023-06-28,6114
1605,華新,75,46,29,台中銀-員林,2023-06-28,6114
3481,群創,40,14,26,台中銀-員林,2023-06-28,6114
2009,第一銅,25,0,25,台中銀-員林,2023-06-28,6114
1513,中興電,34,11,23,台中銀-員林,2023-06-28,6114
00929,復華台灣科技優息,22,1,21,台中銀-員林,2023-06-28,6114
4120,友華,21,1,20,台中銀-員林,2023-06-28,6114
6770,力積電,22,3,19,台中銀-員林,2023-06-28,6114
1519,華城,48,29,19,台中銀-員林,2023-06-28,6114
4533,協易機,20,3,17,台中銀-員林,2023-06-28,6114
8076,伍豐,18,1,17,台中銀-員林,2023-06-28,6114
2303,聯電,16,0,16,台中銀-員林,2023-06-28,6114
2383,台光電,16,1,15,台中銀-員林,2023-06-28,6114
2889,國票金,15,0,15,台中銀-員林,2023-06-28,6114
1101,台泥,14,0,14,台中銀-員林,2023-06-28,6114
2337,旺宏,14,0,14,台中銀-員林,2023-06-28,6114
2427,三商電,16,2,14,台中銀-員林,2023-06-28,6114
1503,士電,15,2,13,台中銀-員林,2023-06-28,6114
6125,廣運,14,1,13,台中銀-員林,2023-06-28,6114
2010,春源,16,4,12,台中銀-員林,2023-06-28,6114
3592,瑞鼎,12,1,11,台中銀-員林,2023-06-28,6114
3715,定穎投控,11,0,11,台中銀-員林,2023-06-28,6114
6188,廣明,86,75,11,台中銀-員林,2023-06-28,6114
1308,亞聚,10,0,10,台中銀-員林,2023-06-28,6114
2426,鼎元,10,0,10,台中銀-員林,2023-06-28,6114
2449,京元電子,15,5,10,台中銀-員林,2023-06-28,6114
2601,益航,10,0,10,台中銀-員林,2023-06-28,6114
2634,漢翔,15,5,10,台中銀-員林,2023-06-28,6114
3040,遠見,10,0,10,台中銀-員林,2023-06-28,6114
3518,柏騰,12,2,10,台中銀-員林,2023-06-28,6114
6024,群益期,10,0,10,台中銀-員林,2023-06-28,6114
6275,元山,10,0,10,台中銀-員林,2023-06-28,6114
8092,建暐,10,0,10,台中銀-員林,2023-06-28,6114
1734,杏輝,9,0,9,台中銀-員林,2023-06-28,6114
5225,東科-KY,9,0,9,台中銀-員林,2023-06-28,6114
6111,大宇資,27,18,9,台中銀-員林,2023-06-28,6114
2609,陽明,218,210,8,台中銀-員林,2023-06-28,6114
2603,長榮,1022,451,571,台中銀-員林,2023-06-29,6114
2371,大同,234,47,187,台中銀-員林,2023-06-29,6114
4414,如興,102,2,100,台中銀-員林,2023-06-29,6114
1605,華新,68,3,65,台中銀-員林,2023-06-29,6114
2027,大成鋼,56,0,56,台中銀-員林,2023-06-29,6114
00665L,富邦�琤肭磪囓�2,75,20,55,台中銀-員林,2023-06-29,6114
1101,台泥,45,1,44,台中銀-員林,2023-06-29,6114
2838,聯邦銀,40,0,40,台中銀-員林,2023-06-29,6114
2542,興富發,36,0,36,台中銀-員林,2023-06-29,6114
2303,聯電,30,0,30,台中銀-員林,2023-06-29,6114
6470,宇智,50,20,30,台中銀-員林,2023-06-29,6114
4915,致伸,38,10,28,台中銀-員林,2023-06-29,6114
2610,華航,28,5,23,台中銀-員林,2023-06-29,6114
2882,國泰金,21,0,21,台中銀-員林,2023-06-29,6114
2353,宏��,29,8,21,台中銀-員林,2023-06-29,6114
00929,復華台灣科技優息,19,0,19,台中銀-員林,2023-06-29,6114
2888,新光金,17,0,17,台中銀-員林,2023-06-29,6114
2412,中華電,17,0,17,台中銀-員林,2023-06-29,6114
2609,陽明,137,121,16,台中銀-員林,2023-06-29,6114
2419,仲琦,18,4,14,台中銀-員林,2023-06-29,6114
2374,佳能,14,0,14,台中銀-員林,2023-06-29,6114
2201,裕隆,14,1,13,台中銀-員林,2023-06-29,6114
4906,正文,32,20,12,台中銀-員林,2023-06-29,6114
4967,十銓,36,25,11,台中銀-員林,2023-06-29,6114
2885,元大金,12,1,11,台中銀-員林,2023-06-29,6114
3481,群創,116,105,11,台中銀-員林,2023-06-29,6114
1444,力麗,10,0,10,台中銀-員林,2023-06-29,6114
00706L,期元大S＆P日圓正2,10,0,10,台中銀-員林,2023-06-29,6114
4121,優盛,13,3,10,台中銀-員林,2023-06-29,6114
6285,啟��,13,3,10,台中銀-員林,2023-06-29,6114
8033,雷虎,10,0,10,台中銀-員林,2023-06-29,6114
2106,建大,9,0,9,台中銀-員林,2023-06-29,6114
3591,艾笛森,10,1,9,台中銀-員林,2023-06-29,6114
2614,東森,8,0,8,台中銀-員林,2023-06-29,6114
00788B,元大10年IG電能債,8,0,8,台中銀-員林,2023-06-29,6114
00787B,元大10年IG醫療債,8,0,8,台中銀-員林,2023-06-29,6114
00786B,元大10年IG銀行債,8,0,8,台中銀-員林,2023-06-29,6114
2601,益航,10,2,8,台中銀-員林,2023-06-29,6114
3056,富華新,8,0,8,台中銀-員林,2023-06-29,6114
5426,振發,12,4,8,台中銀-員林,2023-06-29,6114
2376,技嘉,11,3,8,台中銀-員林,2023-06-29,6114
4106,雃博,13,6,7,台中銀-員林,2023-06-29,6114
2010,春源,8,1,7,台中銀-員林,2023-06-29,6114
4164,承業醫,13,6,7,台中銀-員林,2023-06-29,6114
6592,和潤企業,7,0,7,台中銀-員林,2023-06-29,6114
0056,元大高股息,9,2,7,台中銀-員林,2023-06-29,6114
2314,台揚,6,0,6,台中銀-員林,2023-06-29,6114
2491,吉祥全,6,0,6,台中銀-員林,2023-06-29,6114
6531,愛普*,6,0,6,台中銀-員林,2023-06-29,6114
9941,裕融,6,0,6,台中銀-員林,2023-06-29,6114
00706L,期元大S＆P日圓正2,200,0,200,台中銀-員林,2023-06-30,6114
1513,中興電,113,63,50,台中銀-員林,2023-06-30,6114
00680L,元大美債20正2,45,0,45,台中銀-員林,2023-06-30,6114
2609,陽明,55,22,33,台中銀-員林,2023-06-30,6114
4121,優盛,32,0,32,台中銀-員林,2023-06-30,6114
3260,威剛,33,2,31,台中銀-員林,2023-06-30,6114
6285,啟��,38,7,31,台中銀-員林,2023-06-30,6114
1519,華城,30,4,26,台中銀-員林,2023-06-30,6114
2610,華航,34,8,26,台中銀-員林,2023-06-30,6114
6153,嘉聯益,56,30,26,台中銀-員林,2023-06-30,6114
00878,國泰永續高股息,26,0,26,台中銀-員林,2023-06-30,6114
2882,國泰金,24,0,24,台中銀-員林,2023-06-30,6114
2618,長榮航,55,31,24,台中銀-員林,2023-06-30,6114
2353,宏��,23,0,23,台中銀-員林,2023-06-30,6114
00795B,中信美國公債20年,17,0,17,台中銀-員林,2023-06-30,6114
2883,凱基金,23,7,16,台中銀-員林,2023-06-30,6114
2888,新光金,17,2,15,台中銀-員林,2023-06-30,6114
3665,貿聯-KY,16,2,14,台中銀-員林,2023-06-30,6114
2344,華邦電,14,0,14,台中銀-員林,2023-06-30,6114
2399,映泰,13,0,13,台中銀-員林,2023-06-30,6114
6470,宇智,55,43,12,台中銀-員林,2023-06-30,6114
2014,中鴻,12,0,12,台中銀-員林,2023-06-30,6114
2382,廣達,44,33,11,台中銀-員林,2023-06-30,6114
00687B,國泰20年美債,11,0,11,台中銀-員林,2023-06-30,6114
00696B,富邦美債20年,11,0,11,台中銀-員林,2023-06-30,6114
00688L,國泰20年美債正2,10,0,10,台中銀-員林,2023-06-30,6114
00673R,期元大S＆P原油反1,10,0,10,台中銀-員林,2023-06-30,6114
1528,恩德,10,0,10,台中銀-員林,2023-06-30,6114
2201,裕隆,10,0,10,台中銀-員林,2023-06-30,6114
3548,兆利,10,0,10,台中銀-員林,2023-06-30,6114
3706,神達,10,0,10,台中銀-員林,2023-06-30,6114
4994,傳奇,10,0,10,台中銀-員林,2023-06-30,6114
5381,合正,10,0,10,台中銀-員林,2023-06-30,6114
6125,廣運,17,7,10,台中銀-員林,2023-06-30,6114
6185,幃翔,10,0,10,台中銀-員林,2023-06-30,6114
8092,建暐,10,0,10,台中銀-員林,2023-06-30,6114
1101,台泥,12,3,9,台中銀-員林,2023-06-30,6114
3703,欣陸,9,0,9,台中銀-員林,2023-06-30,6114
4563,百德,10,1,9,台中銀-員林,2023-06-30,6114
8131,福懋科,9,0,9,台中銀-員林,2023-06-30,6114
4175,杏一,12,3,9,台中銀-員林,2023-06-30,6114
1605,華新,17,9,8,台中銀-員林,2023-06-30,6114
2892,第一金,8,0,8,台中銀-員林,2023-06-30,6114
3545,敦泰,8,0,8,台中銀-員林,2023-06-30,6114
4414,如興,18,10,8,台中銀-員林,2023-06-30,6114
4768,晶呈科技,8,1,7,台中銀-員林,2023-06-30,6114
1219,福壽,7,0,7,台中銀-員林,2023-06-30,6114
2615,萬海,13,7,6,台中銀-員林,2023-06-30,6114
1734,杏輝,6,0,6,台中銀-員林,2023-06-30,6114
2515,中工,6,0,6,台中銀-員林,2023-06-30,6114
2609,陽明,784,588,196,台中銀-員林,2023-07-03,6114
2371,大同,259,129,130,台中銀-員林,2023-07-03,6114
1710,東聯,70,0,70,台中銀-員林,2023-07-03,6114
00712,復華富時不動產,37,0,37,台中銀-員林,2023-07-03,6114
3038,全台,63,26,37,台中銀-員林,2023-07-03,6114
2883,凱基金,36,1,35,台中銀-員林,2023-07-03,6114
2419,仲琦,35,2,33,台中銀-員林,2023-07-03,6114
3231,緯創,65,34,31,台中銀-員林,2023-07-03,6114
2701,萬企,30,0,30,台中銀-員林,2023-07-03,6114
1513,中興電,51,28,23,台中銀-員林,2023-07-03,6114
00673R,期元大S＆P原油反1,22,0,22,台中銀-員林,2023-07-03,6114
1312,國喬,21,0,21,台中銀-員林,2023-07-03,6114
5475,德宏,20,0,20,台中銀-員林,2023-07-03,6114
2409,友達,16,0,16,台中銀-員林,2023-07-03,6114
6188,廣明,24,9,15,台中銀-員林,2023-07-03,6114
2345,智邦,16,1,15,台中銀-員林,2023-07-03,6114
2359,所羅門,16,1,15,台中銀-員林,2023-07-03,6114
2405,輔信,16,1,15,台中銀-員林,2023-07-03,6114
2889,國票金,15,0,15,台中銀-員林,2023-07-03,6114
6288,聯嘉,17,2,15,台中銀-員林,2023-07-03,6114
2356,英業達,21,9,12,台中銀-員林,2023-07-03,6114
3545,敦泰,12,0,12,台中銀-員林,2023-07-03,6114
4121,優盛,18,6,12,台中銀-員林,2023-07-03,6114
1609,大亞,15,3,12,台中銀-員林,2023-07-03,6114
2105,正新,11,0,11,台中銀-員林,2023-07-03,6114
2444,兆勁,12,1,11,台中銀-員林,2023-07-03,6114
3481,群創,28,17,11,台中銀-員林,2023-07-03,6114
3694,海華,11,0,11,台中銀-員林,2023-07-03,6114
6220,岳豐,11,0,11,台中銀-員林,2023-07-03,6114
2303,聯電,18,7,11,台中銀-員林,2023-07-03,6114
8092,建暐,10,0,10,台中銀-員林,2023-07-03,6114
2603,長榮,41,31,10,台中銀-員林,2023-07-03,6114
2312,金寶,10,1,9,台中銀-員林,2023-07-03,6114
2637,慧洋-KY,10,1,9,台中銀-員林,2023-07-03,6114
1795,美時,14,5,9,台中銀-員林,2023-07-03,6114
4906,正文,33,25,8,台中銀-員林,2023-07-03,6114
00895,富邦未來車,8,0,8,台中銀-員林,2023-07-03,6114
1217,愛之味,10,2,8,台中銀-員林,2023-07-03,6114
3149,正達,8,0,8,台中銀-員林,2023-07-03,6114
6741,91APP*-KY,8,0,8,台中銀-員林,2023-07-03,6114
8033,雷虎,8,0,8,台中銀-員林,2023-07-03,6114
2412,中華電,8,0,8,台中銀-員林,2023-07-03,6114
3380,明泰,13,6,7,台中銀-員林,2023-07-03,6114
00929,復華台灣科技優息,8,1,7,台中銀-員林,2023-07-03,6114
2027,大成鋼,7,0,7,台中銀-員林,2023-07-03,6114
2353,宏��,10,3,7,台中銀-員林,2023-07-03,6114
3037,欣興,9,2,7,台中銀-員林,2023-07-03,6114
4147,中裕,7,0,7,台中銀-員林,2023-07-03,6114
6182,合晶,10,3,7,台中銀-員林,2023-07-03,6114
3025,星通,18,11,7,台中銀-員林,2023-07-03,6114
00882,中信中國高股息,820,0,820,台中銀-員林,2023-07-04,6114
6271,同欣電,101,0,101,台中銀-員林,2023-07-04,6114
1905,華紙,117,51,66,台中銀-員林,2023-07-04,6114
2515,中工,57,2,55,台中銀-員林,2023-07-04,6114
4543,萬在,70,16,54,台中銀-員林,2023-07-04,6114
3078,僑威,68,17,51,台中銀-員林,2023-07-04,6114
5302,太欣,50,0,50,台中銀-員林,2023-07-04,6114
5905,南仁湖,47,1,46,台中銀-員林,2023-07-04,6114
3037,欣興,41,1,40,台中銀-員林,2023-07-04,6114
9105,泰金寶-DR,40,0,40,台中銀-員林,2023-07-04,6114
2401,凌陽,42,3,39,台中銀-員林,2023-07-04,6114
2421,建準,33,5,28,台中銀-員林,2023-07-04,6114
2618,長榮航,27,1,26,台中銀-員林,2023-07-04,6114
2812,台中銀,28,2,26,台中銀-員林,2023-07-04,6114
6188,廣明,43,18,25,台中銀-員林,2023-07-04,6114
2634,漢翔,31,7,24,台中銀-員林,2023-07-04,6114
3706,神達,71,47,24,台中銀-員林,2023-07-04,6114
2317,鴻海,30,8,22,台中銀-員林,2023-07-04,6114
4915,致伸,22,0,22,台中銀-員林,2023-07-04,6114
4155,訊映,22,0,22,台中銀-員林,2023-07-04,6114
8210,勤誠,26,5,21,台中銀-員林,2023-07-04,6114
1591,駿吉-KY,21,0,21,台中銀-員林,2023-07-04,6114
1605,華新,23,2,21,台中銀-員林,2023-07-04,6114
020034,元大IC設計N,20,0,20,台中銀-員林,2023-07-04,6114
1609,大亞,27,7,20,台中銀-員林,2023-07-04,6114
2882,國泰金,20,0,20,台中銀-員林,2023-07-04,6114
2883,凱基金,21,2,19,台中銀-員林,2023-07-04,6114
6470,宇智,42,26,16,台中銀-員林,2023-07-04,6114
00888,永豐台灣ESG,16,0,16,台中銀-員林,2023-07-04,6114
6112,邁達特,18,2,16,台中銀-員林,2023-07-04,6114
2641,正德,15,0,15,台中銀-員林,2023-07-04,6114
3013,晟銘電,19,6,13,台中銀-員林,2023-07-04,6114
2495,普安,17,4,13,台中銀-員林,2023-07-04,6114
2888,新光金,18,5,13,台中銀-員林,2023-07-04,6114
2472,立隆電,12,0,12,台中銀-員林,2023-07-04,6114
2427,三商電,30,18,12,台中銀-員林,2023-07-04,6114
2610,華航,27,15,12,台中銀-員林,2023-07-04,6114
1522,堤維西,12,1,11,台中銀-員林,2023-07-04,6114
3209,全科,11,0,11,台中銀-員林,2023-07-04,6114
6122,擎邦,11,0,11,台中銀-員林,2023-07-04,6114
6485,點序,12,1,11,台中銀-員林,2023-07-04,6114
2067,嘉鋼,10,0,10,台中銀-員林,2023-07-04,6114
2412,中華電,10,0,10,台中銀-員林,2023-07-04,6114
2892,第一金,10,0,10,台中銀-員林,2023-07-04,6114
3325,旭品,10,0,10,台中銀-員林,2023-07-04,6114
3665,貿聯-KY,13,3,10,台中銀-員林,2023-07-04,6114
5309,系統電,10,0,10,台中銀-員林,2023-07-04,6114
6214,精誠,10,0,10,台中銀-員林,2023-07-04,6114
6538,倉和,11,1,10,台中銀-員林,2023-07-04,6114
6596,寬宏藝術,10,0,10,台中銀-員林,2023-07-04,6114
2610,華航,144,5,139,台中銀-員林,2023-07-05,6114
1609,大亞,160,36,124,台中銀-員林,2023-07-05,6114
2618,長榮航,169,53,116,台中銀-員林,2023-07-05,6114
00665L,富邦�琤肭磪囓�2,75,0,75,台中銀-員林,2023-07-05,6114
2356,英業達,73,7,66,台中銀-員林,2023-07-05,6114
00673R,期元大S＆P原油反1,64,0,64,台中銀-員林,2023-07-05,6114
6288,聯嘉,61,0,61,台中銀-員林,2023-07-05,6114
8069,元太,62,2,60,台中銀-員林,2023-07-05,6114
2427,三商電,95,44,51,台中銀-員林,2023-07-05,6114
1504,東元,49,1,48,台中銀-員林,2023-07-05,6114
6167,久正,40,0,40,台中銀-員林,2023-07-05,6114
3078,僑威,84,49,35,台中銀-員林,2023-07-05,6114
2609,陽明,159,124,35,台中銀-員林,2023-07-05,6114
4566,時碩工業,38,5,33,台中銀-員林,2023-07-05,6114
2888,新光金,46,14,32,台中銀-員林,2023-07-05,6114
5243,乙盛-KY,46,14,32,台中銀-員林,2023-07-05,6114
8933,愛地雅,31,0,31,台中銀-員林,2023-07-05,6114
00753L,中信中國50正2,30,0,30,台中銀-員林,2023-07-05,6114
1514,亞力,36,6,30,台中銀-員林,2023-07-05,6114
2401,凌陽,31,3,28,台中銀-員林,2023-07-05,6114
4414,如興,46,22,24,台中銀-員林,2023-07-05,6114
3706,神達,91,68,23,台中銀-員林,2023-07-05,6114
1584,精剛,42,20,22,台中銀-員林,2023-07-05,6114
3260,威剛,30,9,21,台中銀-員林,2023-07-05,6114
2881,富邦金,21,0,21,台中銀-員林,2023-07-05,6114
1503,士電,20,0,20,台中銀-員林,2023-07-05,6114
1591,駿吉-KY,20,0,20,台中銀-員林,2023-07-05,6114
00927,群益半導體收益,19,0,19,台中銀-員林,2023-07-05,6114
4533,協易機,19,0,19,台中銀-員林,2023-07-05,6114
0056,元大高股息,33,15,18,台中銀-員林,2023-07-05,6114
1608,華榮,18,0,18,台中銀-員林,2023-07-05,6114
2376,技嘉,33,16,17,台中銀-員林,2023-07-05,6114
3481,群創,18,1,17,台中銀-員林,2023-07-05,6114
2317,鴻海,23,6,17,台中銀-員林,2023-07-05,6114
5347,世界,16,0,16,台中銀-員林,2023-07-05,6114
2382,廣達,19,3,16,台中銀-員林,2023-07-05,6114
2303,聯電,17,2,15,台中銀-員林,2023-07-05,6114
2880,華南金,14,0,14,台中銀-員林,2023-07-05,6114
2405,輔信,18,4,14,台中銀-員林,2023-07-05,6114
5425,台半,13,0,13,台中銀-員林,2023-07-05,6114
00712,復華富時不動產,12,0,12,台中銀-員林,2023-07-05,6114
00722B,群益投資級電信債,12,0,12,台中銀-員林,2023-07-05,6114
3363,上詮,34,22,12,台中銀-員林,2023-07-05,6114
4934,太極,27,16,11,台中銀-員林,2023-07-05,6114
6282,康舒,44,33,11,台中銀-員林,2023-07-05,6114
00882,中信中國高股息,11,0,11,台中銀-員林,2023-07-05,6114
6187,萬潤,12,1,11,台中銀-員林,2023-07-05,6114
1513,中興電,43,32,11,台中銀-員林,2023-07-05,6114
2883,凱基金,18,7,11,台中銀-員林,2023-07-05,6114
5426,振發,10,0,10,台中銀-員林,2023-07-05,6114
2371,大同,296,14,282,台中銀-員林,2023-07-06,6114
2883,凱基金,86,0,86,台中銀-員林,2023-07-06,6114
00680L,元大美債20正2,73,0,73,台中銀-員林,2023-07-06,6114
00688L,國泰20年美債正2,61,0,61,台中銀-員林,2023-07-06,6114
2812,台中銀,56,0,56,台中銀-員林,2023-07-06,6114
2027,大成鋼,50,6,44,台中銀-員林,2023-07-06,6114
00665L,富邦�琤肭磪囓�2,42,0,42,台中銀-員林,2023-07-06,6114
5512,力麒,42,0,42,台中銀-員林,2023-07-06,6114
2329,華泰,76,37,39,台中銀-員林,2023-07-06,6114
6285,啟��,53,15,38,台中銀-員林,2023-07-06,6114
00673R,期元大S＆P原油反1,36,0,36,台中銀-員林,2023-07-06,6114
8215,明基材,53,17,36,台中銀-員林,2023-07-06,6114
1101,台泥,34,0,34,台中銀-員林,2023-07-06,6114
1802,台玻,33,1,32,台中銀-員林,2023-07-06,6114
1471,首利,33,4,29,台中銀-員林,2023-07-06,6114
6116,彩晶,28,0,28,台中銀-員林,2023-07-06,6114
2634,漢翔,30,4,26,台中銀-員林,2023-07-06,6114
3481,群創,72,47,25,台中銀-員林,2023-07-06,6114
00753L,中信中國50正2,34,10,24,台中銀-員林,2023-07-06,6114
6282,康舒,51,28,23,台中銀-員林,2023-07-06,6114
6770,力積電,22,1,21,台中銀-員林,2023-07-06,6114
4906,正文,25,4,21,台中銀-員林,2023-07-06,6114
00751B,元大AAA至A公司債,20,0,20,台中銀-員林,2023-07-06,6114
1216,統一,20,0,20,台中銀-員林,2023-07-06,6114
3018,隆銘綠能,20,0,20,台中銀-員林,2023-07-06,6114
6117,迎廣,32,13,19,台中銀-員林,2023-07-06,6114
2330,台積電,19,0,19,台中銀-員林,2023-07-06,6114
5880,合庫金,18,0,18,台中銀-員林,2023-07-06,6114
4563,百德,20,2,18,台中銀-員林,2023-07-06,6114
6112,邁達特,21,3,18,台中銀-員林,2023-07-06,6114
3013,晟銘電,37,19,18,台中銀-員林,2023-07-06,6114
00919,群益台灣精選高息,17,0,17,台中銀-員林,2023-07-06,6114
00929,復華台灣科技優息,17,0,17,台中銀-員林,2023-07-06,6114
2457,飛宏,20,3,17,台中銀-員林,2023-07-06,6114
6167,久正,17,0,17,台中銀-員林,2023-07-06,6114
6188,廣明,24,7,17,台中銀-員林,2023-07-06,6114
00878,國泰永續高股息,29,12,17,台中銀-員林,2023-07-06,6114
2030,彰源,17,1,16,台中銀-員林,2023-07-06,6114
2356,英業達,41,25,16,台中銀-員林,2023-07-06,6114
2892,第一金,15,0,15,台中銀-員林,2023-07-06,6114
2303,聯電,15,0,15,台中銀-員林,2023-07-06,6114
3260,威剛,15,0,15,台中銀-員林,2023-07-06,6114
4414,如興,15,0,15,台中銀-員林,2023-07-06,6114
4746,台耀,40,25,15,台中銀-員林,2023-07-06,6114
2208,台船,15,2,13,台中銀-員林,2023-07-06,6114
2603,長榮,17,4,13,台中銀-員林,2023-07-06,6114
1210,大成,12,0,12,台中銀-員林,2023-07-06,6114
2618,長榮航,29,17,12,台中銀-員林,2023-07-06,6114
2915,潤泰全,13,1,12,台中銀-員林,2023-07-06,6114
2890,永豐金,11,0,11,台中銀-員林,2023-07-06,6114
3701,大眾控,292,88,204,台中銀-員林,2023-07-07,6114
2515,中工,150,3,147,台中銀-員林,2023-07-07,6114
00673R,期元大S＆P原油反1,100,20,80,台中銀-員林,2023-07-07,6114
00680L,元大美債20正2,61,0,61,台中銀-員林,2023-07-07,6114
1301,台塑,53,0,53,台中銀-員林,2023-07-07,6114
5302,太欣,50,0,50,台中銀-員林,2023-07-07,6114
00688L,國泰20年美債正2,40,0,40,台中銀-員林,2023-07-07,6114
00878,國泰永續高股息,52,14,38,台中銀-員林,2023-07-07,6114
3374,精材,37,0,37,台中銀-員林,2023-07-07,6114
3260,威剛,35,0,35,台中銀-員林,2023-07-07,6114
00679B,元大美債20年,33,0,33,台中銀-員林,2023-07-07,6114
2495,普安,30,0,30,台中銀-員林,2023-07-07,6114
1605,華新,27,1,26,台中銀-員林,2023-07-07,6114
6770,力積電,24,0,24,台中銀-員林,2023-07-07,6114
00927,群益半導體收益,23,0,23,台中銀-員林,2023-07-07,6114
2801,彰銀,24,1,23,台中銀-員林,2023-07-07,6114
2881,富邦金,23,0,23,台中銀-員林,2023-07-07,6114
00753L,中信中國50正2,22,0,22,台中銀-員林,2023-07-07,6114
4168,醣聯,20,0,20,台中銀-員林,2023-07-07,6114
6271,同欣電,20,1,19,台中銀-員林,2023-07-07,6114
9945,潤泰新,23,4,19,台中銀-員林,2023-07-07,6114
1815,富喬,20,1,19,台中銀-員林,2023-07-07,6114
2883,凱基金,20,1,19,台中銀-員林,2023-07-07,6114
2356,英業達,27,9,18,台中銀-員林,2023-07-07,6114
00720B,元大投資級公司債,18,0,18,台中銀-員林,2023-07-07,6114
00687B,國泰20年美債,18,0,18,台中銀-員林,2023-07-07,6114
4746,台耀,36,18,18,台中銀-員林,2023-07-07,6114
8222,寶一,18,0,18,台中銀-員林,2023-07-07,6114
2442,新美齊,17,0,17,台中銀-員林,2023-07-07,6114
3025,星通,28,11,17,台中銀-員林,2023-07-07,6114
00665L,富邦�琤肭磪囓�2,21,6,15,台中銀-員林,2023-07-07,6114
2399,映泰,15,1,14,台中銀-員林,2023-07-07,6114
3078,僑威,30,16,14,台中銀-員林,2023-07-07,6114
1514,亞力,17,4,13,台中銀-員林,2023-07-07,6114
4207,環泰,13,0,13,台中銀-員林,2023-07-07,6114
1471,首利,20,7,13,台中銀-員林,2023-07-07,6114
2344,華邦電,12,0,12,台中銀-員林,2023-07-07,6114
2880,華南金,12,1,11,台中銀-員林,2023-07-07,6114
8048,德勝,39,28,11,台中銀-員林,2023-07-07,6114
8210,勤誠,17,6,11,台中銀-員林,2023-07-07,6114
00896,中信綠能及電動車,11,0,11,台中銀-員林,2023-07-07,6114
2409,友達,13,2,11,台中銀-員林,2023-07-07,6114
3017,奇鋐,15,5,10,台中銀-員林,2023-07-07,6114
00733,富邦臺灣中小,10,0,10,台中銀-員林,2023-07-07,6114
2601,益航,10,0,10,台中銀-員林,2023-07-07,6114
4564,元翎,10,0,10,台中銀-員林,2023-07-07,6114
6124,業強,10,0,10,台中銀-員林,2023-07-07,6114
6290,良維,10,0,10,台中銀-員林,2023-07-07,6114
8076,伍豐,10,0,10,台中銀-員林,2023-07-07,6114
8092,建暐,10,0,10,台中銀-員林,2023-07-07,6114
3078,僑威,91,2,89,台中銀-員林,2023-07-10,6114
3450,聯鈞,60,0,60,台中銀-員林,2023-07-10,6114
2609,陽明,98,39,59,台中銀-員林,2023-07-10,6114
6120,達運,51,8,43,台中銀-員林,2023-07-10,6114
00680L,元大美債20正2,31,0,31,台中銀-員林,2023-07-10,6114
00929,復華台灣科技優息,28,0,28,台中銀-員林,2023-07-10,6114
00679B,元大美債20年,30,2,28,台中銀-員林,2023-07-10,6114
00882,中信中國高股息,25,0,25,台中銀-員林,2023-07-10,6114
00688L,國泰20年美債正2,25,0,25,台中銀-員林,2023-07-10,6114
2399,映泰,22,0,22,台中銀-員林,2023-07-10,6114
2603,長榮,38,18,20,台中銀-員林,2023-07-10,6114
1815,富喬,20,0,20,台中銀-員林,2023-07-10,6114
2313,華通,21,1,20,台中銀-員林,2023-07-10,6114
4123,晟德,18,0,18,台中銀-員林,2023-07-10,6114
2615,萬海,23,6,17,台中銀-員林,2023-07-10,6114
2317,鴻海,17,0,17,台中銀-員林,2023-07-10,6114
2634,漢翔,18,2,16,台中銀-員林,2023-07-10,6114
00712,復華富時不動產,15,0,15,台中銀-員林,2023-07-10,6114
4533,協易機,19,5,14,台中銀-員林,2023-07-10,6114
1101,台泥,14,0,14,台中銀-員林,2023-07-10,6114
1504,東元,15,2,13,台中銀-員林,2023-07-10,6114
4566,時碩工業,13,0,13,台中銀-員林,2023-07-10,6114
2489,瑞軒,12,0,12,台中銀-員林,2023-07-10,6114
3018,隆銘綠能,12,0,12,台中銀-員林,2023-07-10,6114
6274,台燿,32,20,12,台中銀-員林,2023-07-10,6114
2883,凱基金,22,11,11,台中銀-員林,2023-07-10,6114
2356,英業達,12,1,11,台中銀-員林,2023-07-10,6114
3033,威健,11,0,11,台中銀-員林,2023-07-10,6114
3071,協禧,11,0,11,台中銀-員林,2023-07-10,6114
2404,漢唐,10,0,10,台中銀-員林,2023-07-10,6114
2457,飛宏,16,6,10,台中銀-員林,2023-07-10,6114
3022,威強電,11,1,10,台中銀-員林,2023-07-10,6114
3325,旭品,10,0,10,台中銀-員林,2023-07-10,6114
3481,群創,13,3,10,台中銀-員林,2023-07-10,6114
3491,昇達科,10,0,10,台中銀-員林,2023-07-10,6114
5701,劍湖山,10,0,10,台中銀-員林,2023-07-10,6114
6191,精成科,10,0,10,台中銀-員林,2023-07-10,6114
6206,飛捷,10,0,10,台中銀-員林,2023-07-10,6114
8070,長華*,10,0,10,台中銀-員林,2023-07-10,6114
8092,建暐,10,0,10,台中銀-員林,2023-07-10,6114
1301,台塑,9,0,9,台中銀-員林,2023-07-10,6114
2383,台光電,12,3,9,台中銀-員林,2023-07-10,6114
2034,允強,9,0,9,台中銀-員林,2023-07-10,6114
3027,盛達,9,0,9,台中銀-員林,2023-07-10,6114
4908,前鼎,12,3,9,台中銀-員林,2023-07-10,6114
8131,福懋科,9,0,9,台中銀-員林,2023-07-10,6114
1609,大亞,54,45,9,台中銀-員林,2023-07-10,6114
6282,康舒,17,9,8,台中銀-員林,2023-07-10,6114
3630,新鉅科,8,0,8,台中銀-員林,2023-07-10,6114
5475,德宏,8,0,8,台中銀-員林,2023-07-10,6114
2067,嘉鋼,52,0,52,台中銀-員林,2023-07-11,6114
2323,中環,41,6,35,台中銀-員林,2023-07-11,6114
4916,事欣科,39,4,35,台中銀-員林,2023-07-11,6114
3325,旭品,56,24,32,台中銀-員林,2023-07-11,6114
4532,瑞智,72,42,30,台中銀-員林,2023-07-11,6114
00673R,期元大S＆P原油反1,22,0,22,台中銀-員林,2023-07-11,6114
00929,復華台灣科技優息,25,4,21,台中銀-員林,2023-07-11,6114
2027,大成鋼,22,1,21,台中銀-員林,2023-07-11,6114
6216,居易,20,0,20,台中銀-員林,2023-07-11,6114
00882,中信中國高股息,23,4,19,台中銀-員林,2023-07-11,6114
2609,陽明,20,3,17,台中銀-員林,2023-07-11,6114
2883,凱基金,16,0,16,台中銀-員林,2023-07-11,6114
3025,星通,37,22,15,台中銀-員林,2023-07-11,6114
3207,耀勝,15,0,15,台中銀-員林,2023-07-11,6114
4919,新唐,15,0,15,台中銀-員林,2023-07-11,6114
5498,凱崴,15,0,15,台中銀-員林,2023-07-11,6114
6245,立端,15,1,14,台中銀-員林,2023-07-11,6114
6288,聯嘉,23,10,13,台中銀-員林,2023-07-11,6114
1528,恩德,13,2,11,台中銀-員林,2023-07-11,6114
2468,華經,13,2,11,台中銀-員林,2023-07-11,6114
5309,系統電,11,0,11,台中銀-員林,2023-07-11,6114
5381,合正,11,0,11,台中銀-員林,2023-07-11,6114
00632R,元大台灣50反1,10,0,10,台中銀-員林,2023-07-11,6114
3548,兆利,10,0,10,台中銀-員林,2023-07-11,6114
3714,富采,10,0,10,台中銀-員林,2023-07-11,6114
4414,如興,12,2,10,台中銀-員林,2023-07-11,6114
4510,高鋒,10,0,10,台中銀-員林,2023-07-11,6114
4563,百德,10,0,10,台中銀-員林,2023-07-11,6114
4973,廣穎,10,0,10,台中銀-員林,2023-07-11,6114
6477,安集,10,0,10,台中銀-員林,2023-07-11,6114
3661,世芯-KY,9,0,9,台中銀-員林,2023-07-11,6114
6770,力積電,11,2,9,台中銀-員林,2023-07-11,6114
8024,佑華,9,0,9,台中銀-員林,2023-07-11,6114
2303,聯電,10,2,8,台中銀-員林,2023-07-11,6114
2409,友達,27,19,8,台中銀-員林,2023-07-11,6114
1736,喬山,7,0,7,台中銀-員林,2023-07-11,6114
2425,承啟,7,0,7,台中銀-員林,2023-07-11,6114
2601,益航,10,3,7,台中銀-員林,2023-07-11,6114
5392,能率,7,0,7,台中銀-員林,2023-07-11,6114
6271,同欣電,7,0,7,台中銀-員林,2023-07-11,6114
6625,必應,8,1,7,台中銀-員林,2023-07-11,6114
3265,台星科,6,0,6,台中銀-員林,2023-07-11,6114
1605,華新,6,0,6,台中銀-員林,2023-07-11,6114
00679B,元大美債20年,6,0,6,台中銀-員林,2023-07-11,6114
00687B,國泰20年美債,6,0,6,台中銀-員林,2023-07-11,6114
5475,德宏,6,0,6,台中銀-員林,2023-07-11,6114
3008,大立光,6,0,6,台中銀-員林,2023-07-11,6114
3374,精材,5,0,5,台中銀-員林,2023-07-11,6114
00896,中信綠能及電動車,5,0,5,台中銀-員林,2023-07-11,6114
1540,喬福,5,0,5,台中銀-員林,2023-07-11,6114
00720B,元大投資級公司債,282,0,282,台中銀-員林,2023-07-12,6114
8358,金居,163,9,154,台中銀-員林,2023-07-12,6114
6285,啟��,146,1,145,台中銀-員林,2023-07-12,6114
2303,聯電,70,0,70,台中銀-員林,2023-07-12,6114
00673R,期元大S＆P原油反1,55,0,55,台中銀-員林,2023-07-12,6114
6188,廣明,61,15,46,台中銀-員林,2023-07-12,6114
2845,遠東銀,32,0,32,台中銀-員林,2023-07-12,6114
00929,復華台灣科技優息,30,0,30,台中銀-員林,2023-07-12,6114
3062,建漢,30,0,30,台中銀-員林,2023-07-12,6114
2609,陽明,43,16,27,台中銀-員林,2023-07-12,6114
00905,FT臺灣Smart,23,0,23,台中銀-員林,2023-07-12,6114
2883,凱基金,34,12,22,台中銀-員林,2023-07-12,6114
2753,八方雲集,21,0,21,台中銀-員林,2023-07-12,6114
3032,偉訓,30,10,20,台中銀-員林,2023-07-12,6114
00882,中信中國高股息,19,0,19,台中銀-員林,2023-07-12,6114
6161,捷波,19,0,19,台中銀-員林,2023-07-12,6114
1608,華榮,20,2,18,台中銀-員林,2023-07-12,6114
3596,智易,18,1,17,台中銀-員林,2023-07-12,6114
8070,長華*,16,0,16,台中銀-員林,2023-07-12,6114
1314,中石化,15,0,15,台中銀-員林,2023-07-12,6114
00712,復華富時不動產,14,0,14,台中銀-員林,2023-07-12,6114
5439,高技,23,10,13,台中銀-員林,2023-07-12,6114
3027,盛達,13,0,13,台中銀-員林,2023-07-12,6114
0056,元大高股息,28,16,12,台中銀-員林,2023-07-12,6114
2614,東森,12,0,12,台中銀-員林,2023-07-12,6114
3583,辛耘,23,11,12,台中銀-員林,2023-07-12,6114
6282,康舒,22,10,12,台中銀-員林,2023-07-12,6114
1618,合機,15,4,11,台中銀-員林,2023-07-12,6114
1799,易威,11,0,11,台中銀-員林,2023-07-12,6114
1101,台泥,10,0,10,台中銀-員林,2023-07-12,6114
3018,隆銘綠能,10,0,10,台中銀-員林,2023-07-12,6114
2345,智邦,10,0,10,台中銀-員林,2023-07-12,6114
00764B,群益25年美債,10,0,10,台中銀-員林,2023-07-12,6114
00632R,元大台灣50反1,10,0,10,台中銀-員林,2023-07-12,6114
00679B,元大美債20年,10,0,10,台中銀-員林,2023-07-12,6114
1471,首利,12,2,10,台中銀-員林,2023-07-12,6114
2634,漢翔,15,5,10,台中銀-員林,2023-07-12,6114
3714,富采,10,0,10,台中銀-員林,2023-07-12,6114
6112,邁達特,11,1,10,台中銀-員林,2023-07-12,6114
6217,中探針,11,1,10,台中銀-員林,2023-07-12,6114
1513,中興電,21,11,10,台中銀-員林,2023-07-12,6114
6274,台燿,34,25,9,台中銀-員林,2023-07-12,6114
8926,台汽電,10,1,9,台中銀-員林,2023-07-12,6114
2399,映泰,37,28,9,台中銀-員林,2023-07-12,6114
2014,中鴻,10,1,9,台中銀-員林,2023-07-12,6114
2427,三商電,10,1,9,台中銀-員林,2023-07-12,6114
2481,強茂,12,3,9,台中銀-員林,2023-07-12,6114
3058,立德,8,0,8,台中銀-員林,2023-07-12,6114
4979,華星光,9,1,8,台中銀-員林,2023-07-12,6114
6443,元晶,8,0,8,台中銀-員林,2023-07-12,6114
3059,華晶科,206,0,206,台中銀-員林,2023-07-13,6114
2206,三陽工業,91,8,83,台中銀-員林,2023-07-13,6114
2610,華航,119,49,70,台中銀-員林,2023-07-13,6114
2618,長榮航,83,22,61,台中銀-員林,2023-07-13,6114
4533,協易機,92,33,59,台中銀-員林,2023-07-13,6114
1504,東元,63,11,52,台中銀-員林,2023-07-13,6114
6282,康舒,93,50,43,台中銀-員林,2023-07-13,6114
00905,FT臺灣Smart,61,20,41,台中銀-員林,2023-07-13,6114
1514,亞力,44,3,41,台中銀-員林,2023-07-13,6114
00712,復華富時不動產,67,27,40,台中銀-員林,2023-07-13,6114
2427,三商電,42,3,39,台中銀-員林,2023-07-13,6114
6689,伊雲谷,33,0,33,台中銀-員林,2023-07-13,6114
1591,駿吉-KY,30,0,30,台中銀-員林,2023-07-13,6114
6148,驊宏資,30,0,30,台中銀-員林,2023-07-13,6114
2371,大同,114,85,29,台中銀-員林,2023-07-13,6114
8070,長華*,28,0,28,台中銀-員林,2023-07-13,6114
2482,連宇,27,0,27,台中銀-員林,2023-07-13,6114
00673R,期元大S＆P原油反1,27,2,25,台中銀-員林,2023-07-13,6114
2208,台船,24,0,24,台中銀-員林,2023-07-13,6114
5483,中美晶,56,34,22,台中銀-員林,2023-07-13,6114
00632R,元大台灣50反1,29,7,22,台中銀-員林,2023-07-13,6114
3231,緯創,46,25,21,台中銀-員林,2023-07-13,6114
5439,高技,28,8,20,台中銀-員林,2023-07-13,6114
4543,萬在,20,1,19,台中銀-員林,2023-07-13,6114
2609,陽明,35,17,18,台中銀-員林,2023-07-13,6114
2401,凌陽,20,2,18,台中銀-員林,2023-07-13,6114
2303,聯電,17,1,16,台中銀-員林,2023-07-13,6114
6412,群電,16,0,16,台中銀-員林,2023-07-13,6114
2881,富邦金,15,0,15,台中銀-員林,2023-07-13,6114
2345,智邦,14,0,14,台中銀-員林,2023-07-13,6114
1337,再生-KY,14,0,14,台中銀-員林,2023-07-13,6114
6161,捷波,30,16,14,台中銀-員林,2023-07-13,6114
2330,台積電,16,3,13,台中銀-員林,2023-07-13,6114
4768,晶呈科技,13,0,13,台中銀-員林,2023-07-13,6114
00679B,元大美債20年,13,0,13,台中銀-員林,2023-07-13,6114
00930,永豐ESG低碳高息,12,0,12,台中銀-員林,2023-07-13,6114
00878,國泰永續高股息,84,73,11,台中銀-員林,2023-07-13,6114
3362,先進光,33,22,11,台中銀-員林,2023-07-13,6114
2889,國票金,11,0,11,台中銀-員林,2023-07-13,6114
6290,良維,11,0,11,台中銀-員林,2023-07-13,6114
6477,安集,21,10,11,台中銀-員林,2023-07-13,6114
3702,大聯大,11,0,11,台中銀-員林,2023-07-13,6114
2454,聯發科,10,0,10,台中銀-員林,2023-07-13,6114
006208,富邦台50,10,0,10,台中銀-員林,2023-07-13,6114
00675L,富邦臺灣加權正2,10,0,10,台中銀-員林,2023-07-13,6114
00687B,國泰20年美債,10,0,10,台中銀-員林,2023-07-13,6114
1319,東陽,10,0,10,台中銀-員林,2023-07-13,6114
1799,易威,10,0,10,台中銀-員林,2023-07-13,6114
2390,云辰,10,0,10,台中銀-員林,2023-07-13,6114
6122,擎邦,35,25,10,台中銀-員林,2023-07-13,6114
2371,大同,247,66,181,台中銀-員林,2023-07-14,6114
1513,中興電,129,34,95,台中銀-員林,2023-07-14,6114
2609,陽明,91,10,81,台中銀-員林,2023-07-14,6114
3362,先進光,84,16,68,台中銀-員林,2023-07-14,6114
00929,復華台灣科技優息,59,3,56,台中銀-員林,2023-07-14,6114
2027,大成鋼,42,1,41,台中銀-員林,2023-07-14,6114
1471,首利,41,10,31,台中銀-員林,2023-07-14,6114
3231,緯創,40,10,30,台中銀-員林,2023-07-14,6114
1337,再生-KY,30,0,30,台中銀-員林,2023-07-14,6114
2421,建準,43,20,23,台中銀-員林,2023-07-14,6114
6190,萬泰科,49,27,22,台中銀-員林,2023-07-14,6114
00632R,元大台灣50反1,20,0,20,台中銀-員林,2023-07-14,6114
2208,台船,20,0,20,台中銀-員林,2023-07-14,6114
3052,夆典,20,0,20,台中銀-員林,2023-07-14,6114
8201,無敵,20,0,20,台中銀-員林,2023-07-14,6114
2618,長榮航,76,57,19,台中銀-員林,2023-07-14,6114
3013,晟銘電,18,0,18,台中銀-員林,2023-07-14,6114
00673R,期元大S＆P原油反1,20,2,18,台中銀-員林,2023-07-14,6114
2406,國碩,20,4,16,台中銀-員林,2023-07-14,6114
2419,仲琦,24,10,14,台中銀-員林,2023-07-14,6114
00679B,元大美債20年,13,0,13,台中銀-員林,2023-07-14,6114
2030,彰源,13,0,13,台中銀-員林,2023-07-14,6114
6217,中探針,30,17,13,台中銀-員林,2023-07-14,6114
1802,台玻,12,0,12,台中銀-員林,2023-07-14,6114
2324,仁寶,13,1,12,台中銀-員林,2023-07-14,6114
6472,保瑞,14,2,12,台中銀-員林,2023-07-14,6114
2397,友通,14,3,11,台中銀-員林,2023-07-14,6114
2614,東森,11,0,11,台中銀-員林,2023-07-14,6114
6161,捷波,28,17,11,台中銀-員林,2023-07-14,6114
5483,中美晶,24,13,11,台中銀-員林,2023-07-14,6114
00722B,群益投資級電信債,10,0,10,台中銀-員林,2023-07-14,6114
3499,環天科,10,0,10,台中銀-員林,2023-07-14,6114
3714,富采,10,0,10,台中銀-員林,2023-07-14,6114
8147,正淩,10,0,10,台中銀-員林,2023-07-14,6114
00893,國泰智能電動車,11,1,10,台中銀-員林,2023-07-14,6114
4938,和碩,10,1,9,台中銀-員林,2023-07-14,6114
00882,中信中國高股息,15,7,8,台中銀-員林,2023-07-14,6114
1101,台泥,8,0,8,台中銀-員林,2023-07-14,6114
1503,士電,31,23,8,台中銀-員林,2023-07-14,6114
1522,堤維西,9,1,8,台中銀-員林,2023-07-14,6114
3022,威強電,9,1,8,台中銀-員林,2023-07-14,6114
3540,曜越,9,1,8,台中銀-員林,2023-07-14,6114
2610,華航,114,106,8,台中銀-員林,2023-07-14,6114
2352,佳世達,13,5,8,台中銀-員林,2023-07-14,6114
2376,技嘉,27,20,7,台中銀-員林,2023-07-14,6114
3032,偉訓,17,10,7,台中銀-員林,2023-07-14,6114
3673,TPK-KY,7,0,7,台中銀-員林,2023-07-14,6114
6179,亞通,12,6,6,台中銀-員林,2023-07-14,6114
3704,合勤控,17,11,6,台中銀-員林,2023-07-14,6114
00930,永豐ESG低碳高息,6,0,6,台中銀-員林,2023-07-14,6114
2313,華通,209,20,189,台中銀-員林,2023-07-17,6114
4533,協易機,96,16,80,台中銀-員林,2023-07-17,6114
00720B,元大投資級公司債,76,0,76,台中銀-員林,2023-07-17,6114
00722B,群益投資級電信債,54,0,54,台中銀-員林,2023-07-17,6114
00878,國泰永續高股息,115,64,51,台中銀-員林,2023-07-17,6114
2356,英業達,77,26,51,台中銀-員林,2023-07-17,6114
2515,中工,50,0,50,台中銀-員林,2023-07-17,6114
2427,三商電,51,7,44,台中銀-員林,2023-07-17,6114
3231,緯創,46,8,38,台中銀-員林,2023-07-17,6114
00929,復華台灣科技優息,33,0,33,台中銀-員林,2023-07-17,6114
2312,金寶,42,14,28,台中銀-員林,2023-07-17,6114
3380,明泰,41,13,28,台中銀-員林,2023-07-17,6114
00679B,元大美債20年,27,0,27,台中銀-員林,2023-07-17,6114
2882,國泰金,40,17,23,台中銀-員林,2023-07-17,6114
3046,建��,23,1,22,台中銀-員林,2023-07-17,6114
1471,首利,23,3,20,台中銀-員林,2023-07-17,6114
4543,萬在,20,0,20,台中銀-員林,2023-07-17,6114
1802,台玻,20,1,19,台中銀-員林,2023-07-17,6114
00673R,期元大S＆P原油反1,43,25,18,台中銀-員林,2023-07-17,6114
6179,亞通,22,4,18,台中銀-員林,2023-07-17,6114
2889,國票金,17,0,17,台中銀-員林,2023-07-17,6114
2419,仲琦,21,5,16,台中銀-員林,2023-07-17,6114
00753L,中信中國50正2,15,0,15,台中銀-員林,2023-07-17,6114
1809,中釉,15,0,15,台中銀-員林,2023-07-17,6114
6206,飛捷,15,0,15,台中銀-員林,2023-07-17,6114
1711,永光,17,3,14,台中銀-員林,2023-07-17,6114
6414,樺漢,22,8,14,台中銀-員林,2023-07-17,6114
6235,華孚,15,1,14,台中銀-員林,2023-07-17,6114
2329,華泰,28,14,14,台中銀-員林,2023-07-17,6114
00927,群益半導體收益,12,0,12,台中銀-員林,2023-07-17,6114
3005,神基,18,6,12,台中銀-員林,2023-07-17,6114
4994,傳奇,12,0,12,台中銀-員林,2023-07-17,6114
6244,茂迪,25,13,12,台中銀-員林,2023-07-17,6114
2355,敬鵬,14,2,12,台中銀-員林,2023-07-17,6114
3665,貿聯-KY,11,0,11,台中銀-員林,2023-07-17,6114
1308,亞聚,10,0,10,台中銀-員林,2023-07-17,6114
1734,杏輝,10,0,10,台中銀-員林,2023-07-17,6114
2204,中華,10,0,10,台中銀-員林,2023-07-17,6114
3325,旭品,10,0,10,台中銀-員林,2023-07-17,6114
3419,譁裕,10,0,10,台中銀-員林,2023-07-17,6114
5328,華容,20,10,10,台中銀-員林,2023-07-17,6114
6243,迅杰,11,1,10,台中銀-員林,2023-07-17,6114
3704,合勤控,15,5,10,台中銀-員林,2023-07-17,6114
2352,佳世達,15,5,10,台中銀-員林,2023-07-17,6114
1609,大亞,52,43,9,台中銀-員林,2023-07-17,6114
00919,群益台灣精選高息,9,0,9,台中銀-員林,2023-07-17,6114
6223,旺矽,11,2,9,台中銀-員林,2023-07-17,6114
2401,凌陽,11,2,9,台中銀-員林,2023-07-17,6114
2890,永豐金,16,8,8,台中銀-員林,2023-07-17,6114
2618,長榮航,35,27,8,台中銀-員林,2023-07-17,6114
3706,神達,338,216,122,台中銀-員林,2023-07-18,6114
3380,明泰,121,2,119,台中銀-員林,2023-07-18,6114
2331,精英,118,3,115,台中銀-員林,2023-07-18,6114
4938,和碩,122,10,112,台中銀-員林,2023-07-18,6114
2419,仲琦,130,19,111,台中銀-員林,2023-07-18,6114
00882,中信中國高股息,114,11,103,台中銀-員林,2023-07-18,6114
2324,仁寶,124,23,101,台中銀-員林,2023-07-18,6114
00929,復華台灣科技優息,85,0,85,台中銀-員林,2023-07-18,6114
3059,華晶科,82,1,81,台中銀-員林,2023-07-18,6114
3013,晟銘電,82,5,77,台中銀-員林,2023-07-18,6114
2353,宏��,88,33,55,台中銀-員林,2023-07-18,6114
2399,映泰,111,63,48,台中銀-員林,2023-07-18,6114
2609,陽明,78,32,46,台中銀-員林,2023-07-18,6114
2352,佳世達,81,36,45,台中銀-員林,2023-07-18,6114
020030,統一智慧電動車N,40,0,40,台中銀-員林,2023-07-18,6114
2313,華通,46,6,40,台中銀-員林,2023-07-18,6114
2340,台亞,45,7,38,台中銀-員林,2023-07-18,6114
2472,立隆電,39,2,37,台中銀-員林,2023-07-18,6114
2337,旺宏,32,0,32,台中銀-員林,2023-07-18,6114
6271,同欣電,31,0,31,台中銀-員林,2023-07-18,6114
1905,華紙,28,2,26,台中銀-員林,2023-07-18,6114
2330,台積電,25,1,24,台中銀-員林,2023-07-18,6114
2812,台中銀,41,17,24,台中銀-員林,2023-07-18,6114
00679B,元大美債20年,24,0,24,台中銀-員林,2023-07-18,6114
1514,亞力,44,21,23,台中銀-員林,2023-07-18,6114
2515,中工,23,0,23,台中銀-員林,2023-07-18,6114
3362,先進光,87,64,23,台中銀-員林,2023-07-18,6114
2881,富邦金,23,2,21,台中銀-員林,2023-07-18,6114
1591,駿吉-KY,20,0,20,台中銀-員林,2023-07-18,6114
2374,佳能,40,20,20,台中銀-員林,2023-07-18,6114
4714,永捷,22,2,20,台中銀-員林,2023-07-18,6114
2801,彰銀,20,0,20,台中銀-員林,2023-07-18,6114
8936,國統,21,2,19,台中銀-員林,2023-07-18,6114
2356,英業達,303,285,18,台中銀-員林,2023-07-18,6114
00720B,元大投資級公司債,18,0,18,台中銀-員林,2023-07-18,6114
2610,華航,33,16,17,台中銀-員林,2023-07-18,6114
6841,長佳智能,21,4,17,台中銀-員林,2023-07-18,6114
6188,廣明,46,30,16,台中銀-員林,2023-07-18,6114
2634,漢翔,36,20,16,台中銀-員林,2023-07-18,6114
3060,銘異,17,1,16,台中銀-員林,2023-07-18,6114
8050,廣積,20,5,15,台中銀-員林,2023-07-18,6114
3305,昇貿,22,7,15,台中銀-員林,2023-07-18,6114
3356,奇偶,21,6,15,台中銀-員林,2023-07-18,6114
6741,91APP*-KY,14,0,14,台中銀-員林,2023-07-18,6114
2323,中環,17,3,14,台中銀-員林,2023-07-18,6114
6179,亞通,15,1,14,台中銀-員林,2023-07-18,6114
6276,安鈦克,17,3,14,台中銀-員林,2023-07-18,6114
3583,辛耘,28,15,13,台中銀-員林,2023-07-18,6114
3078,僑威,37,24,13,台中銀-員林,2023-07-18,6114
00715L,期街口布蘭特正2,13,0,13,台中銀-員林,2023-07-18,6114
3059,華晶科,223,0,223,台中銀-員林,2023-07-19,6114
3481,群創,116,5,111,台中銀-員林,2023-07-19,6114
3706,神達,430,328,102,台中銀-員林,2023-07-19,6114
4938,和碩,162,77,85,台中銀-員林,2023-07-19,6114
00882,中信中國高股息,77,0,77,台中銀-員林,2023-07-19,6114
3305,昇貿,68,8,60,台中銀-員林,2023-07-19,6114
2303,聯電,59,2,57,台中銀-員林,2023-07-19,6114
2634,漢翔,63,10,53,台中銀-員林,2023-07-19,6114
00637L,元大滬深300正2,200,150,50,台中銀-員林,2023-07-19,6114
2812,台中銀,48,0,48,台中銀-員林,2023-07-19,6114
2353,宏��,71,23,48,台中銀-員林,2023-07-19,6114
2324,仁寶,143,99,44,台中銀-員林,2023-07-19,6114
3149,正達,43,0,43,台中銀-員林,2023-07-19,6114
00753L,中信中國50正2,44,7,37,台中銀-員林,2023-07-19,6114
3071,協禧,41,5,36,台中銀-員林,2023-07-19,6114
00929,復華台灣科技優息,36,2,34,台中銀-員林,2023-07-19,6114
6546,正基,40,6,34,台中銀-員林,2023-07-19,6114
2618,長榮航,47,14,33,台中銀-員林,2023-07-19,6114
2801,彰銀,33,1,32,台中銀-員林,2023-07-19,6114
1618,合機,31,1,30,台中銀-員林,2023-07-19,6114
3078,僑威,53,24,29,台中銀-員林,2023-07-19,6114
2313,華通,33,4,29,台中銀-員林,2023-07-19,6114
3231,緯創,33,7,26,台中銀-員林,2023-07-19,6114
1337,再生-KY,25,0,25,台中銀-員林,2023-07-19,6114
2888,新光金,36,14,22,台中銀-員林,2023-07-19,6114
3037,欣興,37,15,22,台中銀-員林,2023-07-19,6114
3049,精金,21,0,21,台中銀-員林,2023-07-19,6114
6120,達運,22,1,21,台中銀-員林,2023-07-19,6114
2312,金寶,94,74,20,台中銀-員林,2023-07-19,6114
00722B,群益投資級電信債,20,0,20,台中銀-員林,2023-07-19,6114
8358,金居,20,0,20,台中銀-員林,2023-07-19,6114
9105,泰金寶-DR,20,0,20,台中銀-員林,2023-07-19,6114
6116,彩晶,20,1,19,台中銀-員林,2023-07-19,6114
5388,中磊,18,0,18,台中銀-員林,2023-07-19,6114
6182,合晶,17,0,17,台中銀-員林,2023-07-19,6114
00679B,元大美債20年,16,0,16,台中銀-員林,2023-07-19,6114
00665L,富邦�琤肭磪囓�2,16,0,16,台中銀-員林,2023-07-19,6114
8201,無敵,16,0,16,台中銀-員林,2023-07-19,6114
1504,東元,17,2,15,台中銀-員林,2023-07-19,6114
2472,立隆電,15,0,15,台中銀-員林,2023-07-19,6114
2609,陽明,29,14,15,台中銀-員林,2023-07-19,6114
3024,憶聲,15,1,14,台中銀-員林,2023-07-19,6114
4147,中裕,16,2,14,台中銀-員林,2023-07-19,6114
0056,元大高股息,38,25,13,台中銀-員林,2023-07-19,6114
1513,中興電,13,0,13,台中銀-員林,2023-07-19,6114
6535,順藥,11,0,11,台中銀-員林,2023-07-19,6114
3038,全台,11,0,11,台中銀-員林,2023-07-19,6114
1909,榮成,10,0,10,台中銀-員林,2023-07-19,6114
00896,中信綠能及電動車,20,10,10,台中銀-員林,2023-07-19,6114
5340,建榮,12,2,10,台中銀-員林,2023-07-19,6114
00687B,國泰20年美債,200,2,198,台中銀-員林,2023-07-20,6114
4123,晟德,116,1,115,台中銀-員林,2023-07-20,6114
2812,台中銀,86,0,86,台中銀-員林,2023-07-20,6114
2206,三陽工業,117,63,54,台中銀-員林,2023-07-20,6114
3059,華晶科,47,0,47,台中銀-員林,2023-07-20,6114
1618,合機,43,3,40,台中銀-員林,2023-07-20,6114
00929,復華台灣科技優息,34,0,34,台中銀-員林,2023-07-20,6114
6657,華安,32,0,32,台中銀-員林,2023-07-20,6114
8403,盛弘,31,0,31,台中銀-員林,2023-07-20,6114
2610,華航,65,38,27,台中銀-員林,2023-07-20,6114
00722B,群益投資級電信債,26,0,26,台中銀-員林,2023-07-20,6114
1809,中釉,26,0,26,台中銀-員林,2023-07-20,6114
2303,聯電,34,8,26,台中銀-員林,2023-07-20,6114
2337,旺宏,21,0,21,台中銀-員林,2023-07-20,6114
00679B,元大美債20年,21,0,21,台中銀-員林,2023-07-20,6114
8210,勤誠,24,4,20,台中銀-員林,2023-07-20,6114
2313,華通,23,3,20,台中銀-員林,2023-07-20,6114
2442,新美齊,20,0,20,台中銀-員林,2023-07-20,6114
5475,德宏,20,0,20,台中銀-員林,2023-07-20,6114
3071,協禧,26,8,18,台中銀-員林,2023-07-20,6114
3231,緯創,29,12,17,台中銀-員林,2023-07-20,6114
6139,亞翔,15,0,15,台中銀-員林,2023-07-20,6114
1102,亞泥,14,0,14,台中銀-員林,2023-07-20,6114
6188,廣明,18,4,14,台中銀-員林,2023-07-20,6114
4726,永昕,44,31,13,台中銀-員林,2023-07-20,6114
4916,事欣科,13,0,13,台中銀-員林,2023-07-20,6114
6770,力積電,20,8,12,台中銀-員林,2023-07-20,6114
1513,中興電,12,0,12,台中銀-員林,2023-07-20,6114
6153,嘉聯益,11,0,11,台中銀-員林,2023-07-20,6114
6523,達爾膚,10,0,10,台中銀-員林,2023-07-20,6114
2069,運錩,10,0,10,台中銀-員林,2023-07-20,6114
2748,雲品,10,0,10,台中銀-員林,2023-07-20,6114
3379,彬台,10,0,10,台中銀-員林,2023-07-20,6114
3499,環天科,10,0,10,台中銀-員林,2023-07-20,6114
5608,四維航,10,0,10,台中銀-員林,2023-07-20,6114
6125,廣運,10,0,10,台中銀-員林,2023-07-20,6114
6167,久正,10,0,10,台中銀-員林,2023-07-20,6114
6275,元山,10,0,10,台中銀-員林,2023-07-20,6114
8092,建暐,10,0,10,台中銀-員林,2023-07-20,6114
8940,新天地,10,0,10,台中銀-員林,2023-07-20,6114
3264,欣銓,11,1,10,台中銀-員林,2023-07-20,6114
3706,神達,17,8,9,台中銀-員林,2023-07-20,6114
6788,華景電,21,12,9,台中銀-員林,2023-07-20,6114
2454,聯發科,8,0,8,台中銀-員林,2023-07-20,6114
00712,復華富時不動產,8,0,8,台中銀-員林,2023-07-20,6114
1301,台塑,7,0,7,台中銀-員林,2023-07-20,6114
00715L,期街口布蘭特正2,15,8,7,台中銀-員林,2023-07-20,6114
6584,南俊國際,7,0,7,台中銀-員林,2023-07-20,6114
1709,和益,6,0,6,台中銀-員林,2023-07-20,6114
2034,允強,8,2,6,台中銀-員林,2023-07-20,6114
2206,三陽工業,110,17,93,台中銀-員林,2023-07-21,6114
2610,華航,113,27,86,台中銀-員林,2023-07-21,6114
6271,同欣電,71,0,71,台中銀-員林,2023-07-21,6114
2634,漢翔,61,2,59,台中銀-員林,2023-07-21,6114
1513,中興電,70,30,40,台中銀-員林,2023-07-21,6114
4123,晟德,36,0,36,台中銀-員林,2023-07-21,6114
4973,廣穎,31,0,31,台中銀-員林,2023-07-21,6114
3059,華晶科,28,0,28,台中銀-員林,2023-07-21,6114
2317,鴻海,25,0,25,台中銀-員林,2023-07-21,6114
2603,長榮,31,7,24,台中銀-員林,2023-07-21,6114
00722B,群益投資級電信債,24,0,24,台中銀-員林,2023-07-21,6114
00679B,元大美債20年,21,0,21,台中銀-員林,2023-07-21,6114
3450,聯鈞,21,0,21,台中銀-員林,2023-07-21,6114
2323,中環,21,1,20,台中銀-員林,2023-07-21,6114
3055,蔚華科,21,1,20,台中銀-員林,2023-07-21,6114
00929,復華台灣科技優息,18,0,18,台中銀-員林,2023-07-21,6114
2344,華邦電,19,1,18,台中銀-員林,2023-07-21,6114
4768,晶呈科技,17,0,17,台中銀-員林,2023-07-21,6114
6282,康舒,27,10,17,台中銀-員林,2023-07-21,6114
1101,台泥,16,0,16,台中銀-員林,2023-07-21,6114
00680L,元大美債20正2,16,0,16,台中銀-員林,2023-07-21,6114
3037,欣興,27,11,16,台中銀-員林,2023-07-21,6114
00720B,元大投資級公司債,15,0,15,台中銀-員林,2023-07-21,6114
2405,輔信,22,7,15,台中銀-員林,2023-07-21,6114
2515,中工,15,0,15,台中銀-員林,2023-07-21,6114
3141,晶宏,16,1,15,台中銀-員林,2023-07-21,6114
2491,吉祥全,19,5,14,台中銀-員林,2023-07-21,6114
2301,光寶科,41,27,14,台中銀-員林,2023-07-21,6114
00930,永豐ESG低碳高息,13,0,13,台中銀-員林,2023-07-21,6114
00712,復華富時不動產,20,7,13,台中銀-員林,2023-07-21,6114
2472,立隆電,19,6,13,台中銀-員林,2023-07-21,6114
6770,力積電,21,8,13,台中銀-員林,2023-07-21,6114
6187,萬潤,15,2,13,台中銀-員林,2023-07-21,6114
1618,合機,12,0,12,台中銀-員林,2023-07-21,6114
1434,福懋,11,0,11,台中銀-員林,2023-07-21,6114
1789,神隆,12,1,11,台中銀-員林,2023-07-21,6114
2609,陽明,23,12,11,台中銀-員林,2023-07-21,6114
5484,慧友,11,0,11,台中銀-員林,2023-07-21,6114
6113,亞矽,11,0,11,台中銀-員林,2023-07-21,6114
6531,愛普*,10,0,10,台中銀-員林,2023-07-21,6114
00772B,中信高評級公司債,10,0,10,台中銀-員林,2023-07-21,6114
00688L,國泰20年美債正2,10,0,10,台中銀-員林,2023-07-21,6114
1905,華紙,17,7,10,台中銀-員林,2023-07-21,6114
2385,群光,10,0,10,台中銀-員林,2023-07-21,6114
2458,義隆,10,0,10,台中銀-員林,2023-07-21,6114
3325,旭品,10,0,10,台中銀-員林,2023-07-21,6114
8092,建暐,10,0,10,台中銀-員林,2023-07-21,6114
8403,盛弘,10,0,10,台中銀-員林,2023-07-21,6114
00642U,期元大S＆P石油,10,1,9,台中銀-員林,2023-07-21,6114
00919,群益台灣精選高息,12,3,9,台中銀-員林,2023-07-21,6114
3059,華晶科,200,0,200,台中銀-員林,2023-07-24,6114
2887,台新金,122,5,117,台中銀-員林,2023-07-24,6114
00706L,期元大S＆P日圓正2,110,0,110,台中銀-員林,2023-07-24,6114
3362,先進光,56,4,52,台中銀-員林,2023-07-24,6114
6188,廣明,67,17,50,台中銀-員林,2023-07-24,6114
2323,中環,62,18,44,台中銀-員林,2023-07-24,6114
1304,台聚,40,0,40,台中銀-員林,2023-07-24,6114
2409,友達,38,5,33,台中銀-員林,2023-07-24,6114
6538,倉和,33,0,33,台中銀-員林,2023-07-24,6114
6153,嘉聯益,33,2,31,台中銀-員林,2023-07-24,6114
8103,瀚荃,31,1,30,台中銀-員林,2023-07-24,6114
2421,建準,42,14,28,台中銀-員林,2023-07-24,6114
2472,立隆電,26,0,26,台中銀-員林,2023-07-24,6114
2356,英業達,39,14,25,台中銀-員林,2023-07-24,6114
3548,兆利,25,0,25,台中銀-員林,2023-07-24,6114
6152,百一,25,0,25,台中銀-員林,2023-07-24,6114
8176,智捷,25,0,25,台中銀-員林,2023-07-24,6114
6125,廣運,42,18,24,台中銀-員林,2023-07-24,6114
3481,群創,37,14,23,台中銀-員林,2023-07-24,6114
00665L,富邦�琤肭磪囓�2,22,0,22,台中銀-員林,2023-07-24,6114
1471,首利,30,8,22,台中銀-員林,2023-07-24,6114
2208,台船,22,0,22,台中銀-員林,2023-07-24,6114
5483,中美晶,20,0,20,台中銀-員林,2023-07-24,6114
2461,光群雷,26,6,20,台中銀-員林,2023-07-24,6114
2601,益航,20,0,20,台中銀-員林,2023-07-24,6114
2610,華航,31,11,20,台中銀-員林,2023-07-24,6114
3035,智原,31,11,20,台中銀-員林,2023-07-24,6114
2337,旺宏,20,1,19,台中銀-員林,2023-07-24,6114
2614,東森,20,3,17,台中銀-員林,2023-07-24,6114
6187,萬潤,16,0,16,台中銀-員林,2023-07-24,6114
3338,泰碩,41,26,15,台中銀-員林,2023-07-24,6114
00753L,中信中國50正2,15,0,15,台中銀-員林,2023-07-24,6114
00632R,元大台灣50反1,15,0,15,台中銀-員林,2023-07-24,6114
4768,晶呈科技,15,0,15,台中銀-員林,2023-07-24,6114
2027,大成鋼,14,0,14,台中銀-員林,2023-07-24,6114
2317,鴻海,14,0,14,台中銀-員林,2023-07-24,6114
2303,聯電,18,4,14,台中銀-員林,2023-07-24,6114
00720B,元大投資級公司債,13,0,13,台中銀-員林,2023-07-24,6114
00687B,國泰20年美債,13,0,13,台中銀-員林,2023-07-24,6114
2481,強茂,14,1,13,台中銀-員林,2023-07-24,6114
2442,新美齊,12,0,12,台中銀-員林,2023-07-24,6114
5381,合正,12,0,12,台中銀-員林,2023-07-24,6114
6235,華孚,17,6,11,台中銀-員林,2023-07-24,6114
2105,正新,11,0,11,台中銀-員林,2023-07-24,6114
6456,GIS-KY,11,0,11,台中銀-員林,2023-07-24,6114
1102,亞泥,11,0,11,台中銀-員林,2023-07-24,6114
2413,環科,10,0,10,台中銀-員林,2023-07-24,6114
2427,三商電,10,0,10,台中銀-員林,2023-07-24,6114
5512,力麒,10,0,10,台中銀-員林,2023-07-24,6114
9105,泰金寶-DR,10,0,10,台中銀-員林,2023-07-24,6114
2331,精英,216,0,216,台中銀-員林,2023-07-25,6114
3059,華晶科,778,686,92,台中銀-員林,2023-07-25,6114
00632R,元大台灣50反1,65,0,65,台中銀-員林,2023-07-25,6114
2618,長榮航,67,15,52,台中銀-員林,2023-07-25,6114
00652,富邦印度,50,0,50,台中銀-員林,2023-07-25,6114
6538,倉和,47,0,47,台中銀-員林,2023-07-25,6114
2382,廣達,95,50,45,台中銀-員林,2023-07-25,6114
00929,復華台灣科技優息,48,7,41,台中銀-員林,2023-07-25,6114
2421,建準,74,34,40,台中銀-員林,2023-07-25,6114
00642U,期元大S＆P石油,40,3,37,台中銀-員林,2023-07-25,6114
2472,立隆電,38,1,37,台中銀-員林,2023-07-25,6114
2312,金寶,54,22,32,台中銀-員林,2023-07-25,6114
2884,玉山金,32,0,32,台中銀-員林,2023-07-25,6114
1309,台達化,30,0,30,台中銀-員林,2023-07-25,6114
4116,明基醫,31,1,30,台中銀-員林,2023-07-25,6114
2329,華泰,42,13,29,台中銀-員林,2023-07-25,6114
00850,元大臺灣ESG永續,27,0,27,台中銀-員林,2023-07-25,6114
2357,華碩,30,4,26,台中銀-員林,2023-07-25,6114
3032,偉訓,27,2,25,台中銀-員林,2023-07-25,6114
3287,廣寰科,25,0,25,台中銀-員林,2023-07-25,6114
3706,神達,27,3,24,台中銀-員林,2023-07-25,6114
00878,國泰永續高股息,49,26,23,台中銀-員林,2023-07-25,6114
00673R,期元大S＆P原油反1,21,0,21,台中銀-員林,2023-07-25,6114
4979,華星光,20,0,20,台中銀-員林,2023-07-25,6114
1809,中釉,20,0,20,台中銀-員林,2023-07-25,6114
2614,東森,20,0,20,台中銀-員林,2023-07-25,6114
2405,輔信,31,12,19,台中銀-員林,2023-07-25,6114
1815,富喬,41,23,18,台中銀-員林,2023-07-25,6114
3013,晟銘電,37,19,18,台中銀-員林,2023-07-25,6114
2887,台新金,37,20,17,台中銀-員林,2023-07-25,6114
2610,華航,22,6,16,台中銀-員林,2023-07-25,6114
6125,廣運,47,31,16,台中銀-員林,2023-07-25,6114
2388,威盛,15,0,15,台中銀-員林,2023-07-25,6114
3231,緯創,23,9,14,台中銀-員林,2023-07-25,6114
6167,久正,14,0,14,台中銀-員林,2023-07-25,6114
5425,台半,13,0,13,台中銀-員林,2023-07-25,6114
6191,精成科,22,9,13,台中銀-員林,2023-07-25,6114
3532,台勝科,12,0,12,台中銀-員林,2023-07-25,6114
3694,海華,12,0,12,台中銀-員林,2023-07-25,6114
3689,湧德,12,1,11,台中銀-員林,2023-07-25,6114
1514,亞力,19,8,11,台中銀-員林,2023-07-25,6114
2014,中鴻,11,0,11,台中銀-員林,2023-07-25,6114
2313,華通,13,2,11,台中銀-員林,2023-07-25,6114
6104,創惟,11,0,11,台中銀-員林,2023-07-25,6114
00680L,元大美債20正2,10,0,10,台中銀-員林,2023-07-25,6114
00757,統一FANG+,10,0,10,台中銀-員林,2023-07-25,6114
00706L,期元大S＆P日圓正2,10,0,10,台中銀-員林,2023-07-25,6114
2328,廣宇,13,3,10,台中銀-員林,2023-07-25,6114
2457,飛宏,10,0,10,台中銀-員林,2023-07-25,6114
2890,永豐金,10,0,10,台中銀-員林,2023-07-25,6114
6271,同欣電,200,12,188,台中銀-員林,2023-07-26,6114
2420,新巨,185,0,185,台中銀-員林,2023-07-26,6114
2405,輔信,82,20,62,台中銀-員林,2023-07-26,6114
6158,禾昌,60,0,60,台中銀-員林,2023-07-26,6114
2329,華泰,142,95,47,台中銀-員林,2023-07-26,6114
00929,復華台灣科技優息,44,0,44,台中銀-員林,2023-07-26,6114
8403,盛弘,42,0,42,台中銀-員林,2023-07-26,6114
1504,東元,55,17,38,台中銀-員林,2023-07-26,6114
2337,旺宏,51,16,35,台中銀-員林,2023-07-26,6114
6117,迎廣,36,3,33,台中銀-員林,2023-07-26,6114
2634,漢翔,32,0,32,台中銀-員林,2023-07-26,6114
1609,大亞,28,2,26,台中銀-員林,2023-07-26,6114
00679B,元大美債20年,26,0,26,台中銀-員林,2023-07-26,6114
6125,廣運,42,18,24,台中銀-員林,2023-07-26,6114
2399,映泰,22,0,22,台中銀-員林,2023-07-26,6114
2357,華碩,34,13,21,台中銀-員林,2023-07-26,6114
00632R,元大台灣50反1,20,0,20,台中銀-員林,2023-07-26,6114
6274,台燿,36,17,19,台中銀-員林,2023-07-26,6114
6747,亨泰光,19,0,19,台中銀-員林,2023-07-26,6114
6531,愛普*,21,2,19,台中銀-員林,2023-07-26,6114
00882,中信中國高股息,25,8,17,台中銀-員林,2023-07-26,6114
4989,榮科,17,1,16,台中銀-員林,2023-07-26,6114
8390,金益鼎,33,20,13,台中銀-員林,2023-07-26,6114
2371,大同,24,12,12,台中銀-員林,2023-07-26,6114
6861,睿生光電,12,0,12,台中銀-員林,2023-07-26,6114
2313,華通,12,0,12,台中銀-員林,2023-07-26,6114
4543,萬在,12,0,12,台中銀-員林,2023-07-26,6114
6126,信音,13,1,12,台中銀-員林,2023-07-26,6114
2002,中鋼,11,0,11,台中銀-員林,2023-07-26,6114
4153,鈺緯,11,0,11,台中銀-員林,2023-07-26,6114
4162,智擎,11,0,11,台中銀-員林,2023-07-26,6114
5347,世界,11,0,11,台中銀-員林,2023-07-26,6114
6213,聯茂,31,20,11,台中銀-員林,2023-07-26,6114
3450,聯鈞,11,0,11,台中銀-員林,2023-07-26,6114
8358,金居,44,33,11,台中銀-員林,2023-07-26,6114
6472,保瑞,12,2,10,台中銀-員林,2023-07-26,6114
6188,廣明,34,24,10,台中銀-員林,2023-07-26,6114
2303,聯電,11,1,10,台中銀-員林,2023-07-26,6114
3363,上詮,10,0,10,台中銀-員林,2023-07-26,6114
00673R,期元大S＆P原油反1,10,0,10,台中銀-員林,2023-07-26,6114
2014,中鴻,10,0,10,台中銀-員林,2023-07-26,6114
6770,力積電,10,0,10,台中銀-員林,2023-07-26,6114
9105,泰金寶-DR,10,1,9,台中銀-員林,2023-07-26,6114
3362,先進光,15,7,8,台中銀-員林,2023-07-26,6114
6112,邁達特,42,35,7,台中銀-員林,2023-07-26,6114
3706,神達,8,1,7,台中銀-員林,2023-07-26,6114
00680L,元大美債20正2,7,0,7,台中銀-員林,2023-07-26,6114
00690,兆豐藍籌30,7,0,7,台中銀-員林,2023-07-26,6114
00688L,國泰20年美債正2,7,0,7,台中銀-員林,2023-07-26,6114
00927,群益半導體收益,7,0,7,台中銀-員林,2023-07-26,6114
3481,群創,260,97,163,台中銀-員林,2023-07-27,6114
2369,菱生,105,7,98,台中銀-員林,2023-07-27,6114
3265,台星科,101,4,97,台中銀-員林,2023-07-27,6114
2409,友達,384,308,76,台中銀-員林,2023-07-27,6114
2498,宏達電,73,4,69,台中銀-員林,2023-07-27,6114
2027,大成鋼,68,5,63,台中銀-員林,2023-07-27,6114
00679B,元大美債20年,54,0,54,台中銀-員林,2023-07-27,6114
2618,長榮航,55,10,45,台中銀-員林,2023-07-27,6114
6158,禾昌,39,1,38,台中銀-員林,2023-07-27,6114
4123,晟德,30,0,30,台中銀-員林,2023-07-27,6114
2331,精英,186,157,29,台中銀-員林,2023-07-27,6114
1522,堤維西,36,8,28,台中銀-員林,2023-07-27,6114
2887,台新金,27,0,27,台中銀-員林,2023-07-27,6114
2913,農林,33,7,26,台中銀-員林,2023-07-27,6114
2609,陽明,30,5,25,台中銀-員林,2023-07-27,6114
6188,廣明,41,17,24,台中銀-員林,2023-07-27,6114
2634,漢翔,30,6,24,台中銀-員林,2023-07-27,6114
3024,憶聲,21,0,21,台中銀-員林,2023-07-27,6114
3051,力特,20,0,20,台中銀-員林,2023-07-27,6114
8111,立��,20,0,20,台中銀-員林,2023-07-27,6114
00670L,富邦NASDAQ正2,19,0,19,台中銀-員林,2023-07-27,6114
00878,國泰永續高股息,35,16,19,台中銀-員林,2023-07-27,6114
00673R,期元大S＆P原油反1,28,10,18,台中銀-員林,2023-07-27,6114
3038,全台,26,8,18,台中銀-員林,2023-07-27,6114
00929,復華台灣科技優息,21,3,18,台中銀-員林,2023-07-27,6114
2340,台亞,21,4,17,台中銀-員林,2023-07-27,6114
2357,華碩,16,0,16,台中銀-員林,2023-07-27,6114
2471,資通,18,2,16,台中銀-員林,2023-07-27,6114
2468,華經,16,1,15,台中銀-員林,2023-07-27,6114
1905,華紙,38,23,15,台中銀-員林,2023-07-27,6114
5425,台半,15,1,14,台中銀-員林,2023-07-27,6114
2312,金寶,18,5,13,台中銀-員林,2023-07-27,6114
2884,玉山金,14,2,12,台中銀-員林,2023-07-27,6114
00720B,元大投資級公司債,12,0,12,台中銀-員林,2023-07-27,6114
1471,首利,14,2,12,台中銀-員林,2023-07-27,6114
00687B,國泰20年美債,11,0,11,台中銀-員林,2023-07-27,6114
00722B,群益投資級電信債,11,0,11,台中銀-員林,2023-07-27,6114
6116,彩晶,15,4,11,台中銀-員林,2023-07-27,6114
6282,康舒,60,49,11,台中銀-員林,2023-07-27,6114
3037,欣興,20,9,11,台中銀-員林,2023-07-27,6114
1727,中華化,10,0,10,台中銀-員林,2023-07-27,6114
00676R,富邦臺灣加權反1,10,0,10,台中銀-員林,2023-07-27,6114
00921,兆豐龍頭等權重,10,0,10,台中銀-員林,2023-07-27,6114
3715,定穎投控,10,0,10,台中銀-員林,2023-07-27,6114
6161,捷波,14,4,10,台中銀-員林,2023-07-27,6114
6165,浪凡,10,0,10,台中銀-員林,2023-07-27,6114
6167,久正,10,0,10,台中銀-員林,2023-07-27,6114
6485,點序,10,0,10,台中銀-員林,2023-07-27,6114
2480,敦陽科,15,5,10,台中銀-員林,2023-07-27,6114
1217,愛之味,10,0,10,台中銀-員林,2023-07-27,6114
1905,華紙,414,148,266,台中銀-員林,2023-07-28,6114
2515,中工,201,0,201,台中銀-員林,2023-07-28,6114
00688L,國泰20年美債正2,107,0,107,台中銀-員林,2023-07-28,6114
00680L,元大美債20正2,103,0,103,台中銀-員林,2023-07-28,6114
2913,農林,137,39,98,台中銀-員林,2023-07-28,6114
1522,堤維西,71,1,70,台中銀-員林,2023-07-28,6114
00679B,元大美債20年,69,1,68,台中銀-員林,2023-07-28,6114
00687B,國泰20年美債,55,0,55,台中銀-員林,2023-07-28,6114
2610,華航,74,32,42,台中銀-員林,2023-07-28,6114
3290,東浦,40,0,40,台中銀-員林,2023-07-28,6114
2323,中環,43,7,36,台中銀-員林,2023-07-28,6114
3078,僑威,50,14,36,台中銀-員林,2023-07-28,6114
2890,永豐金,32,0,32,台中銀-員林,2023-07-28,6114
4931,新盛力,31,0,31,台中銀-員林,2023-07-28,6114
3231,緯創,78,50,28,台中銀-員林,2023-07-28,6114
6535,順藥,31,5,26,台中銀-員林,2023-07-28,6114
2027,大成鋼,36,12,24,台中銀-員林,2023-07-28,6114
1618,合機,25,1,24,台中銀-員林,2023-07-28,6114
00795B,中信美國公債20年,23,0,23,台中銀-員林,2023-07-28,6114
2034,允強,23,0,23,台中銀-員林,2023-07-28,6114
1904,正隆,24,2,22,台中銀-員林,2023-07-28,6114
1702,南僑,21,0,21,台中銀-員林,2023-07-28,6114
1802,台玻,110,90,20,台中銀-員林,2023-07-28,6114
2886,兆豐金,21,1,20,台中銀-員林,2023-07-28,6114
6015,宏遠證,20,0,20,台中銀-員林,2023-07-28,6114
6538,倉和,19,1,18,台中銀-員林,2023-07-28,6114
8201,無敵,18,0,18,台中銀-員林,2023-07-28,6114
00929,復華台灣科技優息,18,1,17,台中銀-員林,2023-07-28,6114
6213,聯茂,22,5,17,台中銀-員林,2023-07-28,6114
5425,台半,17,0,17,台中銀-員林,2023-07-28,6114
8390,金益鼎,35,18,17,台中銀-員林,2023-07-28,6114
2419,仲琦,21,5,16,台中銀-員林,2023-07-28,6114
6190,萬泰科,25,9,16,台中銀-員林,2023-07-28,6114
00764B,群益25年美債,16,0,16,台中銀-員林,2023-07-28,6114
1319,東陽,22,7,15,台中銀-員林,2023-07-28,6114
3055,蔚華科,22,7,15,台中銀-員林,2023-07-28,6114
3548,兆利,13,0,13,台中銀-員林,2023-07-28,6114
3289,宜特,16,3,13,台中銀-員林,2023-07-28,6114
00720B,元大投資級公司債,12,0,12,台中銀-員林,2023-07-28,6114
1591,駿吉-KY,12,0,12,台中銀-員林,2023-07-28,6114
2356,英業達,22,10,12,台中銀-員林,2023-07-28,6114
6231,系微,16,4,12,台中銀-員林,2023-07-28,6114
6245,立端,11,0,11,台中銀-員林,2023-07-28,6114
2612,中航,13,2,11,台中銀-員林,2023-07-28,6114
1710,東聯,12,1,11,台中銀-員林,2023-07-28,6114
2014,中鴻,12,1,11,台中銀-員林,2023-07-28,6114
2352,佳世達,11,0,11,台中銀-員林,2023-07-28,6114
3013,晟銘電,19,8,11,台中銀-員林,2023-07-28,6114
2002,中鋼,10,0,10,台中銀-員林,2023-07-28,6114
3711,日月光投控,16,6,10,台中銀-員林,2023-07-28,6114
6770,力積電,1077,1,1076,台中銀-員林,2023-07-31,6114
00706L,期元大S＆P日圓正2,530,0,530,台中銀-員林,2023-07-31,6114
00673R,期元大S＆P原油反1,411,0,411,台中銀-員林,2023-07-31,6114
2331,精英,184,0,184,台中銀-員林,2023-07-31,6114
00929,復華台灣科技優息,78,5,73,台中銀-員林,2023-07-31,6114
2913,農林,71,7,64,台中銀-員林,2023-07-31,6114
6274,台燿,75,21,54,台中銀-員林,2023-07-31,6114
2457,飛宏,75,24,51,台中銀-員林,2023-07-31,6114
3325,旭品,71,27,44,台中銀-員林,2023-07-31,6114
6158,禾昌,48,5,43,台中銀-員林,2023-07-31,6114
2481,強茂,43,1,42,台中銀-員林,2023-07-31,6114
2881,富邦金,42,0,42,台中銀-員林,2023-07-31,6114
3591,艾笛森,39,0,39,台中銀-員林,2023-07-31,6114
2371,大同,43,7,36,台中銀-員林,2023-07-31,6114
2888,新光金,71,35,36,台中銀-員林,2023-07-31,6114
2357,華碩,31,1,30,台中銀-員林,2023-07-31,6114
9927,泰銘,54,26,28,台中銀-員林,2023-07-31,6114
2329,華泰,79,52,27,台中銀-員林,2023-07-31,6114
4908,前鼎,31,4,27,台中銀-員林,2023-07-31,6114
2845,遠東銀,26,0,26,台中銀-員林,2023-07-31,6114
3013,晟銘電,36,11,25,台中銀-員林,2023-07-31,6114
00679B,元大美債20年,25,0,25,台中銀-員林,2023-07-31,6114
2609,陽明,24,3,21,台中銀-員林,2023-07-31,6114
2308,台達電,51,30,21,台中銀-員林,2023-07-31,6114
00675L,富邦臺灣加權正2,20,0,20,台中銀-員林,2023-07-31,6114
2401,凌陽,20,0,20,台中銀-員林,2023-07-31,6114
8403,盛弘,20,0,20,台中銀-員林,2023-07-31,6114
5340,建榮,26,8,18,台中銀-員林,2023-07-31,6114
2303,聯電,17,0,17,台中銀-員林,2023-07-31,6114
6269,台郡,23,6,17,台中銀-員林,2023-07-31,6114
3025,星通,20,3,17,台中銀-員林,2023-07-31,6114
1903,士紙,18,1,17,台中銀-員林,2023-07-31,6114
2618,長榮航,26,10,16,台中銀-員林,2023-07-31,6114
2834,臺企銀,17,1,16,台中銀-員林,2023-07-31,6114
6188,廣明,25,9,16,台中銀-員林,2023-07-31,6114
6532,瑞耘,16,0,16,台中銀-員林,2023-07-31,6114
2002,中鋼,16,0,16,台中銀-員林,2023-07-31,6114
1102,亞泥,15,0,15,台中銀-員林,2023-07-31,6114
4960,誠美材,15,0,15,台中銀-員林,2023-07-31,6114
3362,先進光,16,2,14,台中銀-員林,2023-07-31,6114
00680L,元大美債20正2,13,0,13,台中銀-員林,2023-07-31,6114
3264,欣銓,19,7,12,台中銀-員林,2023-07-31,6114
6285,啟��,45,34,11,台中銀-員林,2023-07-31,6114
3260,威剛,11,0,11,台中銀-員林,2023-07-31,6114
2453,凌群,11,0,11,台中銀-員林,2023-07-31,6114
2611,志信,11,0,11,台中銀-員林,2023-07-31,6114
3339,泰谷,12,1,11,台中銀-員林,2023-07-31,6114
6111,大宇資,11,0,11,台中銀-員林,2023-07-31,6114
2610,華航,13,3,10,台中銀-員林,2023-07-31,6114
1313,聯成,10,0,10,台中銀-員林,2023-07-31,6114
6770,力積電,761,2,759,台中銀-員林,2023-08-01,6114
00706L,期元大S＆P日圓正2,608,0,608,台中銀-員林,2023-08-01,6114
2425,承啟,105,0,105,台中銀-員林,2023-08-01,6114
00680L,元大美債20正2,102,0,102,台中銀-員林,2023-08-01,6114
2363,矽統,81,2,79,台中銀-員林,2023-08-01,6114
2891,中信金,68,0,68,台中銀-員林,2023-08-01,6114
4707,磐亞,60,1,59,台中銀-員林,2023-08-01,6114
00673R,期元大S＆P原油反1,75,20,55,台中銀-員林,2023-08-01,6114
1905,華紙,54,3,51,台中銀-員林,2023-08-01,6114
3049,精金,50,0,50,台中銀-員林,2023-08-01,6114
2913,農林,126,79,47,台中銀-員林,2023-08-01,6114
1471,首利,41,0,41,台中銀-員林,2023-08-01,6114
00878,國泰永續高股息,82,47,35,台中銀-員林,2023-08-01,6114
00642U,期元大S＆P石油,32,0,32,台中銀-員林,2023-08-01,6114
2834,臺企銀,30,2,28,台中銀-員林,2023-08-01,6114
6538,倉和,35,9,26,台中銀-員林,2023-08-01,6114
6150,撼訊,24,1,23,台中銀-員林,2023-08-01,6114
6282,康舒,33,12,21,台中銀-員林,2023-08-01,6114
00924,復華S＆P500成長,20,0,20,台中銀-員林,2023-08-01,6114
2405,輔信,20,0,20,台中銀-員林,2023-08-01,6114
3531,先益,20,0,20,台中銀-員林,2023-08-01,6114
00679B,元大美債20年,21,2,19,台中銀-員林,2023-08-01,6114
3105,穩懋,22,3,19,台中銀-員林,2023-08-01,6114
2313,華通,24,5,19,台中銀-員林,2023-08-01,6114
00929,復華台灣科技優息,19,1,18,台中銀-員林,2023-08-01,6114
3033,威健,17,0,17,台中銀-員林,2023-08-01,6114
3062,建漢,16,0,16,台中銀-員林,2023-08-01,6114
2881,富邦金,21,7,14,台中銀-員林,2023-08-01,6114
3029,零壹,15,2,13,台中銀-員林,2023-08-01,6114
3217,優群,14,1,13,台中銀-員林,2023-08-01,6114
3704,合勤控,26,13,13,台中銀-員林,2023-08-01,6114
2344,華邦電,22,10,12,台中銀-員林,2023-08-01,6114
00687B,國泰20年美債,12,0,12,台中銀-員林,2023-08-01,6114
00753L,中信中國50正2,12,0,12,台中銀-員林,2023-08-01,6114
2345,智邦,11,0,11,台中銀-員林,2023-08-01,6114
2542,興富發,11,0,11,台中銀-員林,2023-08-01,6114
2637,慧洋-KY,12,1,11,台中銀-員林,2023-08-01,6114
5328,華容,11,0,11,台中銀-員林,2023-08-01,6114
00757,統一FANG+,10,0,10,台中銀-員林,2023-08-01,6114
1522,堤維西,10,0,10,台中銀-員林,2023-08-01,6114
2023,燁輝,10,0,10,台中銀-員林,2023-08-01,6114
2401,凌陽,10,0,10,台中銀-員林,2023-08-01,6114
3041,揚智,10,0,10,台中銀-員林,2023-08-01,6114
3390,旭軟,10,0,10,台中銀-員林,2023-08-01,6114
5388,中磊,40,30,10,台中銀-員林,2023-08-01,6114
8131,福懋科,10,0,10,台中銀-員林,2023-08-01,6114
8409,商之器,10,0,10,台中銀-員林,2023-08-01,6114
9945,潤泰新,10,0,10,台中銀-員林,2023-08-01,6114
1313,聯成,10,1,9,台中銀-員林,2023-08-01,6114
6235,華孚,10,1,9,台中銀-員林,2023-08-01,6114
6770,力積電,239,1,238,台中銀-員林,2023-08-02,6114
00706L,期元大S＆P日圓正2,210,0,210,台中銀-員林,2023-08-02,6114
3481,群創,194,24,170,台中銀-員林,2023-08-02,6114
00680L,元大美債20正2,74,0,74,台中銀-員林,2023-08-02,6114
00679B,元大美債20年,73,0,73,台中銀-員林,2023-08-02,6114
2014,中鴻,109,48,61,台中銀-員林,2023-08-02,6114
00712,復華富時不動產,54,0,54,台中銀-員林,2023-08-02,6114
2363,矽統,52,0,52,台中銀-員林,2023-08-02,6114
2301,光寶科,57,9,48,台中銀-員林,2023-08-02,6114
4707,磐亞,41,0,41,台中銀-員林,2023-08-02,6114
1609,大亞,121,81,40,台中銀-員林,2023-08-02,6114
3379,彬台,40,0,40,台中銀-員林,2023-08-02,6114
1785,光洋科,43,4,39,台中銀-員林,2023-08-02,6114
1907,永豐餘,43,5,38,台中銀-員林,2023-08-02,6114
00929,復華台灣科技優息,38,1,37,台中銀-員林,2023-08-02,6114
2834,臺企銀,37,0,37,台中銀-員林,2023-08-02,6114
4979,華星光,40,3,37,台中銀-員林,2023-08-02,6114
00885,富邦越南,43,10,33,台中銀-員林,2023-08-02,6114
1314,中石化,45,12,33,台中銀-員林,2023-08-02,6114
6285,啟��,39,6,33,台中銀-員林,2023-08-02,6114
00900,富邦特選高股息30,50,19,31,台中銀-員林,2023-08-02,6114
2883,凱基金,31,0,31,台中銀-員林,2023-08-02,6114
4931,新盛力,30,0,30,台中銀-員林,2023-08-02,6114
00923,群益台ESG低碳50,30,2,28,台中銀-員林,2023-08-02,6114
00687B,國泰20年美債,27,1,26,台中銀-員林,2023-08-02,6114
2356,英業達,52,27,25,台中銀-員林,2023-08-02,6114
6282,康舒,49,24,25,台中銀-員林,2023-08-02,6114
2886,兆豐金,26,2,24,台中銀-員林,2023-08-02,6114
2002,中鋼,24,0,24,台中銀-員林,2023-08-02,6114
2312,金寶,24,1,23,台中銀-員林,2023-08-02,6114
2882,國泰金,25,3,22,台中銀-員林,2023-08-02,6114
1709,和益,22,0,22,台中銀-員林,2023-08-02,6114
5425,台半,23,1,22,台中銀-員林,2023-08-02,6114
3231,緯創,30,8,22,台中銀-員林,2023-08-02,6114
3325,旭品,110,89,21,台中銀-員林,2023-08-02,6114
6188,廣明,63,42,21,台中銀-員林,2023-08-02,6114
911868,同方友友-DR,21,0,21,台中銀-員林,2023-08-02,6114
6538,倉和,20,0,20,台中銀-員林,2023-08-02,6114
8131,福懋科,20,0,20,台中銀-員林,2023-08-02,6114
2888,新光金,28,10,18,台中銀-員林,2023-08-02,6114
1742,台蠟,17,1,16,台中銀-員林,2023-08-02,6114
4142,國光生,16,0,16,台中銀-員林,2023-08-02,6114
8358,金居,24,8,16,台中銀-員林,2023-08-02,6114
3037,欣興,29,13,16,台中銀-員林,2023-08-02,6114
00688L,國泰20年美債正2,15,0,15,台中銀-員林,2023-08-02,6114
2323,中環,15,0,15,台中銀-員林,2023-08-02,6114
2382,廣達,77,62,15,台中銀-員林,2023-08-02,6114
2402,毅嘉,35,21,14,台中銀-員林,2023-08-02,6114
2881,富邦金,16,2,14,台中銀-員林,2023-08-02,6114
3078,僑威,32,18,14,台中銀-員林,2023-08-02,6114
00680L,元大美債20正2,115,0,115,台中銀-員林,2023-08-04,6114
00679B,元大美債20年,98,0,98,台中銀-員林,2023-08-04,6114
00687B,國泰20年美債,69,0,69,台中銀-員林,2023-08-04,6114
2891,中信金,61,0,61,台中銀-員林,2023-08-04,6114
00688L,國泰20年美債正2,70,14,56,台中銀-員林,2023-08-04,6114
6285,啟��,42,2,40,台中銀-員林,2023-08-04,6114
2401,凌陽,39,0,39,台中銀-員林,2023-08-04,6114
3231,緯創,90,51,39,台中銀-員林,2023-08-04,6114
8096,擎亞,36,0,36,台中銀-員林,2023-08-04,6114
00795B,中信美國公債20年,30,0,30,台中銀-員林,2023-08-04,6114
00929,復華台灣科技優息,42,12,30,台中銀-員林,2023-08-04,6114
2009,第一銅,24,0,24,台中銀-員林,2023-08-04,6114
2344,華邦電,27,3,24,台中銀-員林,2023-08-04,6114
1785,光洋科,23,0,23,台中銀-員林,2023-08-04,6114
2457,飛宏,22,0,22,台中銀-員林,2023-08-04,6114
00900,富邦特選高股息30,22,1,21,台中銀-員林,2023-08-04,6114
00772B,中信高評級公司債,21,0,21,台中銀-員林,2023-08-04,6114
2329,華泰,28,8,20,台中銀-員林,2023-08-04,6114
00706L,期元大S＆P日圓正2,20,0,20,台中銀-員林,2023-08-04,6114
8215,明基材,20,1,19,台中銀-員林,2023-08-04,6114
00720B,元大投資級公司債,19,0,19,台中銀-員林,2023-08-04,6114
2458,義隆,21,3,18,台中銀-員林,2023-08-04,6114
2405,輔信,17,0,17,台中銀-員林,2023-08-04,6114
00696B,富邦美債20年,16,0,16,台中銀-員林,2023-08-04,6114
4128,中天,16,0,16,台中銀-員林,2023-08-04,6114
00923,群益台ESG低碳50,17,2,15,台中銀-員林,2023-08-04,6114
8440,綠電,40,25,15,台中銀-員林,2023-08-04,6114
3306,鼎天,15,1,14,台中銀-員林,2023-08-04,6114
3325,旭品,32,18,14,台中銀-員林,2023-08-04,6114
0050,元大台灣50,12,0,12,台中銀-員林,2023-08-04,6114
1210,大成,13,1,12,台中銀-員林,2023-08-04,6114
1734,杏輝,12,0,12,台中銀-員林,2023-08-04,6114
2388,威盛,17,5,12,台中銀-員林,2023-08-04,6114
3071,協禧,11,0,11,台中銀-員林,2023-08-04,6114
2884,玉山金,14,3,11,台中銀-員林,2023-08-04,6114
2812,台中銀,12,1,11,台中銀-員林,2023-08-04,6114
6538,倉和,11,0,11,台中銀-員林,2023-08-04,6114
3706,神達,16,6,10,台中銀-員林,2023-08-04,6114
3715,定穎投控,10,0,10,台中銀-員林,2023-08-04,6114
6158,禾昌,10,0,10,台中銀-員林,2023-08-04,6114
6770,力積電,11,1,10,台中銀-員林,2023-08-04,6114
9955,佳龍,10,1,9,台中銀-員林,2023-08-04,6114
00642U,期元大S＆P石油,16,7,9,台中銀-員林,2023-08-04,6114
2201,裕隆,11,2,9,台中銀-員林,2023-08-04,6114
6125,廣運,17,8,9,台中銀-員林,2023-08-04,6114
8016,矽創,10,1,9,台中銀-員林,2023-08-04,6114
2359,所羅門,8,0,8,台中銀-員林,2023-08-04,6114
2464,盟立,8,0,8,台中銀-員林,2023-08-04,6114
1907,永豐餘,8,0,8,台中銀-員林,2023-08-04,6114
2610,華航,9,2,7,台中銀-員林,2023-08-04,6114
2614,東森,462,0,462,台中銀-員林,2023-08-07,6114
2913,農林,146,30,116,台中銀-員林,2023-08-07,6114
2618,長榮航,81,17,64,台中銀-員林,2023-08-07,6114
2891,中信金,52,5,47,台中銀-員林,2023-08-07,6114
2464,盟立,47,0,47,台中銀-員林,2023-08-07,6114
2440,太空梭,40,0,40,台中銀-員林,2023-08-07,6114
00929,復華台灣科技優息,49,11,38,台中銀-員林,2023-08-07,6114
2359,所羅門,34,0,34,台中銀-員林,2023-08-07,6114
1785,光洋科,30,1,29,台中銀-員林,2023-08-07,6114
2472,立隆電,29,1,28,台中銀-員林,2023-08-07,6114
00679B,元大美債20年,30,5,25,台中銀-員林,2023-08-07,6114
00795B,中信美國公債20年,25,0,25,台中銀-員林,2023-08-07,6114
2317,鴻海,26,1,25,台中銀-員林,2023-08-07,6114
00673R,期元大S＆P原油反1,24,0,24,台中銀-員林,2023-08-07,6114
6274,台燿,63,40,23,台中銀-員林,2023-08-07,6114
2337,旺宏,22,0,22,台中銀-員林,2023-08-07,6114
3481,群創,22,1,21,台中銀-員林,2023-08-07,6114
00923,群益台ESG低碳50,20,0,20,台中銀-員林,2023-08-07,6114
8086,宏捷科,20,0,20,台中銀-員林,2023-08-07,6114
1907,永豐餘,21,2,19,台中銀-員林,2023-08-07,6114
6125,廣運,48,31,17,台中銀-員林,2023-08-07,6114
1905,華紙,46,30,16,台中銀-員林,2023-08-07,6114
2409,友達,30,14,16,台中銀-員林,2023-08-07,6114
2603,長榮,18,2,16,台中銀-員林,2023-08-07,6114
3046,建��,31,16,15,台中銀-員林,2023-08-07,6114
6477,安集,15,0,15,台中銀-員林,2023-08-07,6114
9955,佳龍,25,11,14,台中銀-員林,2023-08-07,6114
5388,中磊,32,18,14,台中銀-員林,2023-08-07,6114
3581,博磊,14,0,14,台中銀-員林,2023-08-07,6114
8390,金益鼎,17,4,13,台中銀-員林,2023-08-07,6114
00687B,國泰20年美債,13,1,12,台中銀-員林,2023-08-07,6114
00882,中信中國高股息,10,0,10,台中銀-員林,2023-08-07,6114
00931B,統一美債20年,10,0,10,台中銀-員林,2023-08-07,6114
2208,台船,10,0,10,台中銀-員林,2023-08-07,6114
2352,佳世達,21,11,10,台中銀-員林,2023-08-07,6114
2367,燿華,10,0,10,台中銀-員林,2023-08-07,6114
3013,晟銘電,26,16,10,台中銀-員林,2023-08-07,6114
8016,矽創,12,2,10,台中銀-員林,2023-08-07,6114
8131,福懋科,10,0,10,台中銀-員林,2023-08-07,6114
8476,台境*,10,0,10,台中銀-員林,2023-08-07,6114
00878,國泰永續高股息,39,31,8,台中銀-員林,2023-08-07,6114
00751B,元大AAA至A公司債,9,1,8,台中銀-員林,2023-08-07,6114
8215,明基材,8,0,8,台中銀-員林,2023-08-07,6114
2449,京元電子,22,14,8,台中銀-員林,2023-08-07,6114
3715,定穎投控,22,15,7,台中銀-員林,2023-08-07,6114
2303,聯電,8,1,7,台中銀-員林,2023-08-07,6114
6285,啟��,8,1,7,台中銀-員林,2023-08-07,6114
6443,元晶,13,6,7,台中銀-員林,2023-08-07,6114
8050,廣積,11,4,7,台中銀-員林,2023-08-07,6114
1102,亞泥,7,0,7,台中銀-員林,2023-08-07,6114
00706L,期元大S＆P日圓正2,820,0,820,台中銀-員林,2023-08-08,6114
2359,所羅門,100,2,98,台中銀-員林,2023-08-08,6114
2371,大同,87,20,67,台中銀-員林,2023-08-08,6114
2913,農林,130,69,61,台中銀-員林,2023-08-08,6114
00929,復華台灣科技優息,57,1,56,台中銀-員林,2023-08-08,6114
6015,宏遠證,50,0,50,台中銀-員林,2023-08-08,6114
00900,富邦特選高股息30,50,0,50,台中銀-員林,2023-08-08,6114
5864,致和證,50,2,48,台中銀-員林,2023-08-08,6114
1802,台玻,58,11,47,台中銀-員林,2023-08-08,6114
1217,愛之味,43,0,43,台中銀-員林,2023-08-08,6114
2409,友達,41,0,41,台中銀-員林,2023-08-08,6114
00665L,富邦�琤肭磪囓�2,40,0,40,台中銀-員林,2023-08-08,6114
1227,佳格,40,0,40,台中銀-員林,2023-08-08,6114
3231,緯創,132,101,31,台中銀-員林,2023-08-08,6114
3706,神達,37,6,31,台中銀-員林,2023-08-08,6114
00878,國泰永續高股息,39,10,29,台中銀-員林,2023-08-08,6114
00923,群益台ESG低碳50,27,0,27,台中銀-員林,2023-08-08,6114
2105,正新,25,0,25,台中銀-員林,2023-08-08,6114
2883,凱基金,24,0,24,台中銀-員林,2023-08-08,6114
00931B,統一美債20年,24,2,22,台中銀-員林,2023-08-08,6114
2812,台中銀,22,0,22,台中銀-員林,2023-08-08,6114
3306,鼎天,27,5,22,台中銀-員林,2023-08-08,6114
8201,無敵,22,0,22,台中銀-員林,2023-08-08,6114
3325,旭品,50,30,20,台中銀-員林,2023-08-08,6114
3027,盛達,19,0,19,台中銀-員林,2023-08-08,6114
2317,鴻海,19,1,18,台中銀-員林,2023-08-08,6114
3362,先進光,20,2,18,台中銀-員林,2023-08-08,6114
00687B,國泰20年美債,17,0,17,台中銀-員林,2023-08-08,6114
1618,合機,20,4,16,台中銀-員林,2023-08-08,6114
3481,群創,37,21,16,台中銀-員林,2023-08-08,6114
4989,榮科,16,0,16,台中銀-員林,2023-08-08,6114
0050,元大台灣50,16,0,16,台中銀-員林,2023-08-08,6114
2014,中鴻,15,0,15,台中銀-員林,2023-08-08,6114
2610,華航,19,6,13,台中銀-員林,2023-08-08,6114
2449,京元電子,24,11,13,台中銀-員林,2023-08-08,6114
00882,中信中國高股息,15,3,12,台中銀-員林,2023-08-08,6114
2376,技嘉,29,17,12,台中銀-員林,2023-08-08,6114
00772B,中信高評級公司債,12,0,12,台中銀-員林,2023-08-08,6114
1504,東元,11,0,11,台中銀-員林,2023-08-08,6114
6188,廣明,25,14,11,台中銀-員林,2023-08-08,6114
4931,新盛力,11,0,11,台中銀-員林,2023-08-08,6114
8027,鈦昇,12,1,11,台中銀-員林,2023-08-08,6114
2344,華邦電,11,0,11,台中銀-員林,2023-08-08,6114
00773B,中信優先金融債,10,0,10,台中銀-員林,2023-08-08,6114
1409,新纖,10,0,10,台中銀-員林,2023-08-08,6114
1709,和益,10,0,10,台中銀-員林,2023-08-08,6114
2453,凌群,11,1,10,台中銀-員林,2023-08-08,6114
2884,玉山金,10,0,10,台中銀-員林,2023-08-08,6114
3707,漢磊,10,0,10,台中銀-員林,2023-08-08,6114
4532,瑞智,14,4,10,台中銀-員林,2023-08-08,6114
00929,復華台灣科技優息,134,6,128,台中銀-員林,2023-08-09,6114
00706L,期元大S＆P日圓正2,126,0,126,台中銀-員林,2023-08-09,6114
00878,國泰永續高股息,80,3,77,台中銀-員林,2023-08-09,6114
4906,正文,87,10,77,台中銀-員林,2023-08-09,6114
2363,矽統,82,16,66,台中銀-員林,2023-08-09,6114
1402,遠東新,60,1,59,台中銀-員林,2023-08-09,6114
00900,富邦特選高股息30,50,0,50,台中銀-員林,2023-08-09,6114
00664R,國泰臺灣加權反1,50,0,50,台中銀-員林,2023-08-09,6114
2890,永豐金,42,0,42,台中銀-員林,2023-08-09,6114
3038,全台,38,0,38,台中銀-員林,2023-08-09,6114
6706,惠特,34,0,34,台中銀-員林,2023-08-09,6114
2382,廣達,57,25,32,台中銀-員林,2023-08-09,6114
1618,合機,30,0,30,台中銀-員林,2023-08-09,6114
1609,大亞,44,17,27,台中銀-員林,2023-08-09,6114
3325,旭品,28,5,23,台中銀-員林,2023-08-09,6114
2892,第一金,20,0,20,台中銀-員林,2023-08-09,6114
8930,青鋼,20,0,20,台中銀-員林,2023-08-09,6114
3231,緯創,68,48,20,台中銀-員林,2023-08-09,6114
4533,協易機,15,0,15,台中銀-員林,2023-08-09,6114
2329,華泰,22,8,14,台中銀-員林,2023-08-09,6114
2002,中鋼,13,0,13,台中銀-員林,2023-08-09,6114
2344,華邦電,13,0,13,台中銀-員林,2023-08-09,6114
2801,彰銀,13,0,13,台中銀-員林,2023-08-09,6114
2472,立隆電,13,1,12,台中銀-員林,2023-08-09,6114
2461,光群雷,14,2,12,台中銀-員林,2023-08-09,6114
3481,群創,15,3,12,台中銀-員林,2023-08-09,6114
6120,達運,12,0,12,台中銀-員林,2023-08-09,6114
6470,宇智,12,0,12,台中銀-員林,2023-08-09,6114
5469,瀚宇博,14,3,11,台中銀-員林,2023-08-09,6114
1603,華電,21,10,11,台中銀-員林,2023-08-09,6114
8390,金益鼎,10,0,10,台中銀-員林,2023-08-09,6114
00632R,元大台灣50反1,10,0,10,台中銀-員林,2023-08-09,6114
2302,麗正,10,0,10,台中銀-員林,2023-08-09,6114
4306,炎洲,10,0,10,台中銀-員林,2023-08-09,6114
6185,幃翔,10,0,10,台中銀-員林,2023-08-09,6114
6560,欣普羅,10,0,10,台中銀-員林,2023-08-09,6114
2743,山富,10,0,10,台中銀-員林,2023-08-09,6114
00923,群益台ESG低碳50,9,0,9,台中銀-員林,2023-08-09,6114
1612,宏泰,9,0,9,台中銀-員林,2023-08-09,6114
2515,中工,9,0,9,台中銀-員林,2023-08-09,6114
3706,神達,16,8,8,台中銀-員林,2023-08-09,6114
2913,農林,122,114,8,台中銀-員林,2023-08-09,6114
4746,台耀,10,2,8,台中銀-員林,2023-08-09,6114
6112,邁達特,12,4,8,台中銀-員林,2023-08-09,6114
3017,奇鋐,48,40,8,台中銀-員林,2023-08-09,6114
3583,辛耘,20,13,7,台中銀-員林,2023-08-09,6114
2308,台達電,7,0,7,台中銀-員林,2023-08-09,6114
1514,亞力,10,3,7,台中銀-員林,2023-08-09,6114
2103,台橡,7,0,7,台中銀-員林,2023-08-09,6114
2481,強茂,7,0,7,台中銀-員林,2023-08-09,6114
00706L,期元大S＆P日圓正2,469,0,469,台中銀-員林,2023-08-10,6114
00929,復華台灣科技優息,138,0,138,台中銀-員林,2023-08-10,6114
3481,群創,129,2,127,台中銀-員林,2023-08-10,6114
2888,新光金,96,16,80,台中銀-員林,2023-08-10,6114
3673,TPK-KY,57,0,57,台中銀-員林,2023-08-10,6114
2610,華航,72,16,56,台中銀-員林,2023-08-10,6114
00878,國泰永續高股息,64,13,51,台中銀-員林,2023-08-10,6114
2409,友達,57,10,47,台中銀-員林,2023-08-10,6114
2206,三陽工業,61,16,45,台中銀-員林,2023-08-10,6114
00900,富邦特選高股息30,43,0,43,台中銀-員林,2023-08-10,6114
6282,康舒,43,3,40,台中銀-員林,2023-08-10,6114
3379,彬台,40,0,40,台中銀-員林,2023-08-10,6114
3231,緯創,60,27,33,台中銀-員林,2023-08-10,6114
00673R,期元大S＆P原油反1,33,4,29,台中銀-員林,2023-08-10,6114
2382,廣達,39,15,24,台中銀-員林,2023-08-10,6114
6841,長佳智能,25,1,24,台中銀-員林,2023-08-10,6114
2618,長榮航,41,19,22,台中銀-員林,2023-08-10,6114
1618,合機,22,0,22,台中銀-員林,2023-08-10,6114
1802,台玻,30,9,21,台中銀-員林,2023-08-10,6114
6153,嘉聯益,21,0,21,台中銀-員林,2023-08-10,6114
6188,廣明,28,7,21,台中銀-員林,2023-08-10,6114
5864,致和證,20,0,20,台中銀-員林,2023-08-10,6114
6148,驊宏資,21,1,20,台中銀-員林,2023-08-10,6114
6535,順藥,17,0,17,台中銀-員林,2023-08-10,6114
0056,元大高股息,27,10,17,台中銀-員林,2023-08-10,6114
3078,僑威,24,8,16,台中銀-員林,2023-08-10,6114
5452,佶優,36,20,16,台中銀-員林,2023-08-10,6114
6191,精成科,18,3,15,台中銀-員林,2023-08-10,6114
2208,台船,25,11,14,台中銀-員林,2023-08-10,6114
3163,波若威,25,11,14,台中銀-員林,2023-08-10,6114
3032,偉訓,16,2,14,台中銀-員林,2023-08-10,6114
3357,臺慶科,14,0,14,台中銀-員林,2023-08-10,6114
0050,元大台灣50,13,0,13,台中銀-員林,2023-08-10,6114
3037,欣興,16,3,13,台中銀-員林,2023-08-10,6114
8926,台汽電,13,0,13,台中銀-員林,2023-08-10,6114
2376,技嘉,25,13,12,台中銀-員林,2023-08-10,6114
1708,東鹼,11,0,11,台中銀-員林,2023-08-10,6114
1785,光洋科,26,15,11,台中銀-員林,2023-08-10,6114
2337,旺宏,11,0,11,台中銀-員林,2023-08-10,6114
2465,麗臺,11,0,11,台中銀-員林,2023-08-10,6114
3049,精金,11,0,11,台中銀-員林,2023-08-10,6114
3362,先進光,17,6,11,台中銀-員林,2023-08-10,6114
3548,兆利,14,3,11,台中銀-員林,2023-08-10,6114
00931B,統一美債20年,10,0,10,台中銀-員林,2023-08-10,6114
1216,統一,10,0,10,台中銀-員林,2023-08-10,6114
00642U,期元大S＆P石油,10,0,10,台中銀-員林,2023-08-10,6114
00665L,富邦�琤肭磪囓�2,10,0,10,台中銀-員林,2023-08-10,6114
00885,富邦越南,10,0,10,台中銀-員林,2023-08-10,6114
4951,精拓科,10,0,10,台中銀-員林,2023-08-10,6114
6026,福邦證,10,0,10,台中銀-員林,2023-08-10,6114
00706L,期元大S＆P日圓正2,1430,0,1430,台中銀-員林,2023-08-11,6114
00664R,國泰臺灣加權反1,152,0,152,台中銀-員林,2023-08-11,6114
2317,鴻海,108,0,108,台中銀-員林,2023-08-11,6114
00687B,國泰20年美債,64,0,64,台中銀-員林,2023-08-11,6114
2363,矽統,88,26,62,台中銀-員林,2023-08-11,6114
00722B,群益投資級電信債,56,0,56,台中銀-員林,2023-08-11,6114
2882,國泰金,51,0,51,台中銀-員林,2023-08-11,6114
00680L,元大美債20正2,45,0,45,台中銀-員林,2023-08-11,6114
00795B,中信美國公債20年,39,0,39,台中銀-員林,2023-08-11,6114
00931B,統一美債20年,33,0,33,台中銀-員林,2023-08-11,6114
2618,長榮航,49,18,31,台中銀-員林,2023-08-11,6114
8112,至上,46,15,31,台中銀-員林,2023-08-11,6114
00671R,富邦NASDAQ反1,30,0,30,台中銀-員林,2023-08-11,6114
2634,漢翔,44,18,26,台中銀-員林,2023-08-11,6114
00882,中信中國高股息,26,2,24,台中銀-員林,2023-08-11,6114
2305,全友,21,0,21,台中銀-員林,2023-08-11,6114
00632R,元大台灣50反1,20,0,20,台中銀-員林,2023-08-11,6114
1618,合機,20,0,20,台中銀-員林,2023-08-11,6114
2609,陽明,22,2,20,台中銀-員林,2023-08-11,6114
6788,華景電,20,0,20,台中銀-員林,2023-08-11,6114
2002,中鋼,18,0,18,台中銀-員林,2023-08-11,6114
2206,三陽工業,18,2,16,台中銀-員林,2023-08-11,6114
8069,元太,18,2,16,台中銀-員林,2023-08-11,6114
00751B,元大AAA至A公司債,15,0,15,台中銀-員林,2023-08-11,6114
2356,英業達,25,10,15,台中銀-員林,2023-08-11,6114
6446,藥華藥,19,5,14,台中銀-員林,2023-08-11,6114
1909,榮成,12,0,12,台中銀-員林,2023-08-11,6114
1504,東元,13,1,12,台中銀-員林,2023-08-11,6114
2022,聚亨,12,0,12,台中銀-員林,2023-08-11,6114
2888,新光金,22,10,12,台中銀-員林,2023-08-11,6114
6770,力積電,18,8,10,台中銀-員林,2023-08-11,6114
00885,富邦越南,12,2,10,台中銀-員林,2023-08-11,6114
2357,華碩,10,0,10,台中銀-員林,2023-08-11,6114
2455,全新,10,0,10,台中銀-員林,2023-08-11,6114
2538,基泰,10,0,10,台中銀-員林,2023-08-11,6114
2601,益航,10,0,10,台中銀-員林,2023-08-11,6114
3372,典範,10,0,10,台中銀-員林,2023-08-11,6114
3374,精材,10,0,10,台中銀-員林,2023-08-11,6114
5608,四維航,10,0,10,台中銀-員林,2023-08-11,6114
6158,禾昌,10,0,10,台中銀-員林,2023-08-11,6114
8933,愛地雅,10,0,10,台中銀-員林,2023-08-11,6114
6153,嘉聯益,9,0,9,台中銀-員林,2023-08-11,6114
2014,中鴻,11,2,9,台中銀-員林,2023-08-11,6114
2753,八方雲集,12,3,9,台中銀-員林,2023-08-11,6114
6116,彩晶,9,0,9,台中銀-員林,2023-08-11,6114
6245,立端,9,0,9,台中銀-員林,2023-08-11,6114
6690,安�硌穈T,9,0,9,台中銀-員林,2023-08-11,6114
8446,華研,10,1,9,台中銀-員林,2023-08-11,6114
3706,神達,15,6,9,台中銀-員林,2023-08-11,6114
00900,富邦特選高股息30,8,0,8,台中銀-員林,2023-08-11,6114
00931B,統一美債20年,207,6,201,台中銀-員林,2023-08-14,6114
00900,富邦特選高股息30,104,2,102,台中銀-員林,2023-08-14,6114
1718,中纖,100,0,100,台中銀-員林,2023-08-14,6114
00923,群益台ESG低碳50,81,0,81,台中銀-員林,2023-08-14,6114
00878,國泰永續高股息,81,2,79,台中銀-員林,2023-08-14,6114
00929,復華台灣科技優息,79,2,77,台中銀-員林,2023-08-14,6114
00753L,中信中國50正2,62,0,62,台中銀-員林,2023-08-14,6114
4123,晟德,66,4,62,台中銀-員林,2023-08-14,6114
2618,長榮航,60,1,59,台中銀-員林,2023-08-14,6114
2883,凱基金,57,0,57,台中銀-員林,2023-08-14,6114
00680L,元大美債20正2,50,0,50,台中銀-員林,2023-08-14,6114
00688L,國泰20年美債正2,45,0,45,台中銀-員林,2023-08-14,6114
2610,華航,51,7,44,台中銀-員林,2023-08-14,6114
1802,台玻,46,3,43,台中銀-員林,2023-08-14,6114
2486,一詮,39,0,39,台中銀-員林,2023-08-14,6114
00665L,富邦�琤肭磪囓�2,35,0,35,台中銀-員林,2023-08-14,6114
6446,藥華藥,34,0,34,台中銀-員林,2023-08-14,6114
2812,台中銀,32,1,31,台中銀-員林,2023-08-14,6114
8358,金居,31,0,31,台中銀-員林,2023-08-14,6114
8033,雷虎,30,0,30,台中銀-員林,2023-08-14,6114
6005,群益證,27,0,27,台中銀-員林,2023-08-14,6114
2609,陽明,25,0,25,台中銀-員林,2023-08-14,6114
2014,中鴻,22,0,22,台中銀-員林,2023-08-14,6114
2888,新光金,41,20,21,台中銀-員林,2023-08-14,6114
2031,新光鋼,21,0,21,台中銀-員林,2023-08-14,6114
00706L,期元大S＆P日圓正2,20,0,20,台中銀-員林,2023-08-14,6114
8261,富鼎,30,10,20,台中銀-員林,2023-08-14,6114
00907,永豐優息存股,19,0,19,台中銀-員林,2023-08-14,6114
2891,中信金,17,0,17,台中銀-員林,2023-08-14,6114
2495,普安,17,0,17,台中銀-員林,2023-08-14,6114
2344,華邦電,16,0,16,台中銀-員林,2023-08-14,6114
6547,高端疫苗,17,1,16,台中銀-員林,2023-08-14,6114
8069,元太,17,1,16,台中銀-員林,2023-08-14,6114
2897,王道銀行,15,0,15,台中銀-員林,2023-08-14,6114
6530,創威,15,0,15,台中銀-員林,2023-08-14,6114
3231,緯創,98,84,14,台中銀-員林,2023-08-14,6114
3189,景碩,14,0,14,台中銀-員林,2023-08-14,6114
2801,彰銀,13,0,13,台中銀-員林,2023-08-14,6114
00772B,中信高評級公司債,13,0,13,台中銀-員林,2023-08-14,6114
00919,群益台灣精選高息,13,0,13,台中銀-員林,2023-08-14,6114
5871,中租-KY,18,5,13,台中銀-員林,2023-08-14,6114
3325,旭品,13,1,12,台中銀-員林,2023-08-14,6114
6245,立端,11,0,11,台中銀-員林,2023-08-14,6114
1795,美時,41,30,11,台中銀-員林,2023-08-14,6114
2009,第一銅,12,1,11,台中銀-員林,2023-08-14,6114
2388,威盛,27,16,11,台中銀-員林,2023-08-14,6114
2885,元大金,11,0,11,台中銀-員林,2023-08-14,6114
2890,永豐金,11,0,11,台中銀-員林,2023-08-14,6114
2615,萬海,10,0,10,台中銀-員林,2023-08-14,6114
3049,精金,10,0,10,台中銀-員林,2023-08-14,6114
00706L,期元大S＆P日圓正2,815,0,815,台中銀-員林,2023-08-15,6114
6770,力積電,203,0,203,台中銀-員林,2023-08-15,6114
4123,晟德,138,0,138,台中銀-員林,2023-08-15,6114
00929,復華台灣科技優息,125,1,124,台中銀-員林,2023-08-15,6114
00900,富邦特選高股息30,113,5,108,台中銀-員林,2023-08-15,6114
0050,元大台灣50,56,0,56,台中銀-員林,2023-08-15,6114
00923,群益台ESG低碳50,43,0,43,台中銀-員林,2023-08-15,6114
00878,國泰永續高股息,54,12,42,台中銀-員林,2023-08-15,6114
3231,緯創,58,24,34,台中銀-員林,2023-08-15,6114
3567,逸昌,32,3,29,台中銀-員林,2023-08-15,6114
2618,長榮航,33,6,27,台中銀-員林,2023-08-15,6114
2329,華泰,27,2,25,台中銀-員林,2023-08-15,6114
00795B,中信美國公債20年,21,0,21,台中銀-員林,2023-08-15,6114
2609,陽明,23,3,20,台中銀-員林,2023-08-15,6114
00891,中信關鍵半導體,20,0,20,台中銀-員林,2023-08-15,6114
1591,駿吉-KY,20,0,20,台中銀-員林,2023-08-15,6114
6432,今展科,20,0,20,台中銀-員林,2023-08-15,6114
2883,凱基金,17,0,17,台中銀-員林,2023-08-15,6114
2002,中鋼,15,0,15,台中銀-員林,2023-08-15,6114
2897,王道銀行,15,0,15,台中銀-員林,2023-08-15,6114
9935,慶豐富,14,0,14,台中銀-員林,2023-08-15,6114
00882,中信中國高股息,13,0,13,台中銀-員林,2023-08-15,6114
00680L,元大美債20正2,13,0,13,台中銀-員林,2023-08-15,6114
2472,立隆電,13,0,13,台中銀-員林,2023-08-15,6114
2542,興富發,12,0,12,台中銀-員林,2023-08-15,6114
00907,永豐優息存股,12,0,12,台中銀-員林,2023-08-15,6114
00632R,元大台灣50反1,12,0,12,台中銀-員林,2023-08-15,6114
1802,台玻,17,5,12,台中銀-員林,2023-08-15,6114
8050,廣積,13,1,12,台中銀-員林,2023-08-15,6114
8358,金居,14,2,12,台中銀-員林,2023-08-15,6114
2481,強茂,11,0,11,台中銀-員林,2023-08-15,6114
00679B,元大美債20年,14,3,11,台中銀-員林,2023-08-15,6114
2317,鴻海,17,7,10,台中銀-員林,2023-08-15,6114
2891,中信金,10,0,10,台中銀-員林,2023-08-15,6114
00665L,富邦�琤肭磪囓�2,10,0,10,台中銀-員林,2023-08-15,6114
2105,正新,12,2,10,台中銀-員林,2023-08-15,6114
2356,英業達,132,122,10,台中銀-員林,2023-08-15,6114
2892,第一金,10,0,10,台中銀-員林,2023-08-15,6114
6125,廣運,24,14,10,台中銀-員林,2023-08-15,6114
2812,台中銀,10,0,10,台中銀-員林,2023-08-15,6114
00687B,國泰20年美債,9,0,9,台中銀-員林,2023-08-15,6114
00753L,中信中國50正2,11,3,8,台中銀-員林,2023-08-15,6114
3363,上詮,10,2,8,台中銀-員林,2023-08-15,6114
5009,榮剛,8,0,8,台中銀-員林,2023-08-15,6114
5210,寶碩,8,0,8,台中銀-員林,2023-08-15,6114
00751B,元大AAA至A公司債,7,0,7,台中銀-員林,2023-08-15,6114
1785,光洋科,7,0,7,台中銀-員林,2023-08-15,6114
2884,玉山金,17,10,7,台中銀-員林,2023-08-15,6114
2880,華南金,7,0,7,台中銀-員林,2023-08-15,6114
2834,臺企銀,10,4,6,台中銀-員林,2023-08-15,6114
6770,力積電,303,2,301,台中銀-員林,2023-08-16,6114
00931B,統一美債20年,270,0,270,台中銀-員林,2023-08-16,6114
6271,同欣電,120,0,120,台中銀-員林,2023-08-16,6114
2329,華泰,143,40,103,台中銀-員林,2023-08-16,6114
2025,千興,100,0,100,台中銀-員林,2023-08-16,6114
4707,磐亞,100,0,100,台中銀-員林,2023-08-16,6114
00929,復華台灣科技優息,88,19,69,台中銀-員林,2023-08-16,6114
00680L,元大美債20正2,58,0,58,台中銀-員林,2023-08-16,6114
2031,新光鋼,52,2,50,台中銀-員林,2023-08-16,6114
2303,聯電,49,0,49,台中銀-員林,2023-08-16,6114
00878,國泰永續高股息,51,4,47,台中銀-員林,2023-08-16,6114
2812,台中銀,44,1,43,台中銀-員林,2023-08-16,6114
2885,元大金,40,0,40,台中銀-員林,2023-08-16,6114
00900,富邦特選高股息30,44,5,39,台中銀-員林,2023-08-16,6114
6231,系微,37,0,37,台中銀-員林,2023-08-16,6114
2332,友訊,42,8,34,台中銀-員林,2023-08-16,6114
2834,臺企銀,32,0,32,台中銀-員林,2023-08-16,6114
8027,鈦昇,30,1,29,台中銀-員林,2023-08-16,6114
0050,元大台灣50,28,1,27,台中銀-員林,2023-08-16,6114
8358,金居,77,51,26,台中銀-員林,2023-08-16,6114
2002,中鋼,25,0,25,台中銀-員林,2023-08-16,6114
3548,兆利,30,5,25,台中銀-員林,2023-08-16,6114
00753L,中信中國50正2,23,0,23,台中銀-員林,2023-08-16,6114
5371,中光電,21,0,21,台中銀-員林,2023-08-16,6114
6446,藥華藥,56,35,21,台中銀-員林,2023-08-16,6114
00712,復華富時不動產,20,0,20,台中銀-員林,2023-08-16,6114
00923,群益台ESG低碳50,25,6,19,台中銀-員林,2023-08-16,6114
2883,凱基金,23,5,18,台中銀-員林,2023-08-16,6114
1326,台化,17,0,17,台中銀-員林,2023-08-16,6114
8069,元太,17,0,17,台中銀-員林,2023-08-16,6114
2324,仁寶,78,62,16,台中銀-員林,2023-08-16,6114
00687B,國泰20年美債,13,0,13,台中銀-員林,2023-08-16,6114
2440,太空梭,13,0,13,台中銀-員林,2023-08-16,6114
2618,長榮航,17,4,13,台中銀-員林,2023-08-16,6114
3338,泰碩,13,0,13,台中銀-員林,2023-08-16,6114
1101,台泥,12,0,12,台中銀-員林,2023-08-16,6114
2356,英業達,33,21,12,台中銀-員林,2023-08-16,6114
2891,中信金,13,2,11,台中銀-員林,2023-08-16,6114
2453,凌群,11,0,11,台中銀-員林,2023-08-16,6114
6535,順藥,11,0,11,台中銀-員林,2023-08-16,6114
2317,鴻海,13,2,11,台中銀-員林,2023-08-16,6114
00706L,期元大S＆P日圓正2,10,0,10,台中銀-員林,2023-08-16,6114
00665L,富邦�琤肭磪囓�2,15,5,10,台中銀-員林,2023-08-16,6114
1795,美時,13,3,10,台中銀-員林,2023-08-16,6114
2634,漢翔,10,0,10,台中銀-員林,2023-08-16,6114
4414,如興,20,10,10,台中銀-員林,2023-08-16,6114
8016,矽創,10,0,10,台中銀-員林,2023-08-16,6114
8201,無敵,10,0,10,台中銀-員林,2023-08-16,6114
912000,晨訊科-DR,10,0,10,台中銀-員林,2023-08-16,6114
2881,富邦金,10,1,9,台中銀-員林,2023-08-16,6114
00706L,期元大S＆P日圓正2,810,0,810,台中銀-員林,2023-08-17,6114
00772B,中信高評級公司債,199,0,199,台中銀-員林,2023-08-17,6114
00680L,元大美債20正2,127,0,127,台中銀-員林,2023-08-17,6114
2363,矽統,130,28,102,台中銀-員林,2023-08-17,6114
2885,元大金,100,1,99,台中銀-員林,2023-08-17,6114
2324,仁寶,262,178,84,台中銀-員林,2023-08-17,6114
6446,藥華藥,108,25,83,台中銀-員林,2023-08-17,6114
2353,宏��,121,41,80,台中銀-員林,2023-08-17,6114
00712,復華富時不動產,65,5,60,台中銀-員林,2023-08-17,6114
2472,立隆電,56,0,56,台中銀-員林,2023-08-17,6114
00687B,國泰20年美債,41,3,38,台中銀-員林,2023-08-17,6114
2002,中鋼,36,0,36,台中銀-員林,2023-08-17,6114
3231,緯創,140,104,36,台中銀-員林,2023-08-17,6114
1802,台玻,39,5,34,台中銀-員林,2023-08-17,6114
00679B,元大美債20年,32,0,32,台中銀-員林,2023-08-17,6114
00641R,富邦日本反1,30,0,30,台中銀-員林,2023-08-17,6114
3511,矽瑪,30,0,30,台中銀-員林,2023-08-17,6114
00688L,國泰20年美債正2,27,0,27,台中銀-員林,2023-08-17,6114
00751B,元大AAA至A公司債,27,0,27,台中銀-員林,2023-08-17,6114
00923,群益台ESG低碳50,25,0,25,台中銀-員林,2023-08-17,6114
2449,京元電子,22,2,20,台中銀-員林,2023-08-17,6114
00669R,國泰美國道瓊反1,20,0,20,台中銀-員林,2023-08-17,6114
00900,富邦特選高股息30,19,0,19,台中銀-員林,2023-08-17,6114
2409,友達,23,4,19,台中銀-員林,2023-08-17,6114
2897,王道銀行,19,0,19,台中銀-員林,2023-08-17,6114
2329,華泰,63,45,18,台中銀-員林,2023-08-17,6114
2880,華南金,19,3,16,台中銀-員林,2023-08-17,6114
6770,力積電,28,12,16,台中銀-員林,2023-08-17,6114
1605,華新,21,5,16,台中銀-員林,2023-08-17,6114
5210,寶碩,16,0,16,台中銀-員林,2023-08-17,6114
00929,復華台灣科技優息,46,31,15,台中銀-員林,2023-08-17,6114
1314,中石化,15,0,15,台中銀-員林,2023-08-17,6114
2359,所羅門,18,3,15,台中銀-員林,2023-08-17,6114
6248,沛波,15,0,15,台中銀-員林,2023-08-17,6114
6269,台郡,15,0,15,台中銀-員林,2023-08-17,6114
8050,廣積,30,16,14,台中銀-員林,2023-08-17,6114
00795B,中信美國公債20年,14,0,14,台中銀-員林,2023-08-17,6114
2303,聯電,112,98,14,台中銀-員林,2023-08-17,6114
5371,中光電,12,0,12,台中銀-員林,2023-08-17,6114
2301,光寶科,17,5,12,台中銀-員林,2023-08-17,6114
00753L,中信中國50正2,21,10,11,台中銀-員林,2023-08-17,6114
1101,台泥,16,5,11,台中銀-員林,2023-08-17,6114
00882,中信中國高股息,10,0,10,台中銀-員林,2023-08-17,6114
00664R,國泰臺灣加權反1,10,0,10,台中銀-員林,2023-08-17,6114
2231,為升,10,0,10,台中銀-員林,2023-08-17,6114
3013,晟銘電,19,9,10,台中銀-員林,2023-08-17,6114
3622,洋華,13,3,10,台中銀-員林,2023-08-17,6114
4942,嘉彰,10,0,10,台中銀-員林,2023-08-17,6114
5483,中美晶,11,1,10,台中銀-員林,2023-08-17,6114
6161,捷波,10,0,10,台中銀-員林,2023-08-17,6114
1101,台泥,517,0,517,台中銀-員林,2023-08-18,6114
00929,復華台灣科技優息,158,0,158,台中銀-員林,2023-08-18,6114
2312,金寶,121,0,121,台中銀-員林,2023-08-18,6114
3231,緯創,179,86,93,台中銀-員林,2023-08-18,6114
4533,協易機,69,6,63,台中銀-員林,2023-08-18,6114
2363,矽統,167,119,48,台中銀-員林,2023-08-18,6114
00712,復華富時不動產,55,7,48,台中銀-員林,2023-08-18,6114
3049,精金,45,0,45,台中銀-員林,2023-08-18,6114
2355,敬鵬,48,4,44,台中銀-員林,2023-08-18,6114
00753L,中信中國50正2,43,0,43,台中銀-員林,2023-08-18,6114
2356,英業達,50,8,42,台中銀-員林,2023-08-18,6114
3325,旭品,43,4,39,台中銀-員林,2023-08-18,6114
2812,台中銀,39,6,33,台中銀-員林,2023-08-18,6114
2885,元大金,32,0,32,台中銀-員林,2023-08-18,6114
00665L,富邦�琤肭磪囓�2,30,0,30,台中銀-員林,2023-08-18,6114
6446,藥華藥,40,10,30,台中銀-員林,2023-08-18,6114
6191,精成科,30,1,29,台中銀-員林,2023-08-18,6114
2449,京元電子,27,3,24,台中銀-員林,2023-08-18,6114
6188,廣明,48,24,24,台中銀-員林,2023-08-18,6114
3362,先進光,62,39,23,台中銀-員林,2023-08-18,6114
3056,富華新,21,0,21,台中銀-員林,2023-08-18,6114
1319,東陽,22,2,20,台中銀-員林,2023-08-18,6114
00885,富邦越南,29,9,20,台中銀-員林,2023-08-18,6114
00632R,元大台灣50反1,20,0,20,台中銀-員林,2023-08-18,6114
3264,欣銓,20,0,20,台中銀-員林,2023-08-18,6114
1471,首利,29,10,19,台中銀-員林,2023-08-18,6114
3051,力特,38,19,19,台中銀-員林,2023-08-18,6114
2440,太空梭,40,22,18,台中銀-員林,2023-08-18,6114
2324,仁寶,52,35,17,台中銀-員林,2023-08-18,6114
00673R,期元大S＆P原油反1,20,3,17,台中銀-員林,2023-08-18,6114
1513,中興電,22,5,17,台中銀-員林,2023-08-18,6114
2368,金像電,49,33,16,台中銀-員林,2023-08-18,6114
2913,農林,16,0,16,台中銀-員林,2023-08-18,6114
2472,立隆電,15,0,15,台中銀-員林,2023-08-18,6114
00679B,元大美債20年,14,0,14,台中銀-員林,2023-08-18,6114
3704,合勤控,14,0,14,台中銀-員林,2023-08-18,6114
6535,順藥,14,1,13,台中銀-員林,2023-08-18,6114
8112,至上,13,0,13,台中銀-員林,2023-08-18,6114
9904,寶成,13,0,13,台中銀-員林,2023-08-18,6114
2329,華泰,111,98,13,台中銀-員林,2023-08-18,6114
8210,勤誠,35,22,13,台中銀-員林,2023-08-18,6114
00878,國泰永續高股息,23,10,13,台中銀-員林,2023-08-18,6114
2027,大成鋼,14,2,12,台中銀-員林,2023-08-18,6114
00687B,國泰20年美債,11,0,11,台中銀-員林,2023-08-18,6114
2313,華通,11,0,11,台中銀-員林,2023-08-18,6114
5340,建榮,11,0,11,台中銀-員林,2023-08-18,6114
00680L,元大美債20正2,10,0,10,台中銀-員林,2023-08-18,6114
1789,神隆,10,0,10,台中銀-員林,2023-08-18,6114
2495,普安,16,6,10,台中銀-員林,2023-08-18,6114
5347,世界,15,5,10,台中銀-員林,2023-08-18,6114
00878,國泰永續高股息,63,8,55,台中銀-員林,2023-08-21,6114
2324,仁寶,59,11,48,台中銀-員林,2023-08-21,6114
2618,長榮航,37,2,35,台中銀-員林,2023-08-21,6114
00680L,元大美債20正2,34,2,32,台中銀-員林,2023-08-21,6114
2440,太空梭,30,0,30,台中銀-員林,2023-08-21,6114
2885,元大金,26,0,26,台中銀-員林,2023-08-21,6114
6446,藥華藥,31,7,24,台中銀-員林,2023-08-21,6114
00753L,中信中國50正2,30,7,23,台中銀-員林,2023-08-21,6114
2610,華航,28,6,22,台中銀-員林,2023-08-21,6114
00687B,國泰20年美債,21,0,21,台中銀-員林,2023-08-21,6114
2330,台積電,21,0,21,台中銀-員林,2023-08-21,6114
00882,中信中國高股息,20,0,20,台中銀-員林,2023-08-21,6114
00679B,元大美債20年,17,0,17,台中銀-員林,2023-08-21,6114
3706,神達,18,1,17,台中銀-員林,2023-08-21,6114
00665L,富邦�琤肭磪囓�2,25,10,15,台中銀-員林,2023-08-21,6114
2834,臺企銀,15,0,15,台中銀-員林,2023-08-21,6114
1227,佳格,14,0,14,台中銀-員林,2023-08-21,6114
2301,光寶科,20,6,14,台中銀-員林,2023-08-21,6114
2641,正德,14,1,13,台中銀-員林,2023-08-21,6114
00688L,國泰20年美債正2,11,0,11,台中銀-員林,2023-08-21,6114
9904,寶成,11,0,11,台中銀-員林,2023-08-21,6114
00722B,群益投資級電信債,10,0,10,台中銀-員林,2023-08-21,6114
6470,宇智,10,0,10,台中銀-員林,2023-08-21,6114
9950,萬國通,10,0,10,台中銀-員林,2023-08-21,6114
2332,友訊,32,22,10,台中銀-員林,2023-08-21,6114
2603,長榮,12,3,9,台中銀-員林,2023-08-21,6114
2883,凱基金,8,0,8,台中銀-員林,2023-08-21,6114
00720B,元大投資級公司債,8,0,8,台中銀-員林,2023-08-21,6114
3234,光環,8,0,8,台中銀-員林,2023-08-21,6114
5608,四維航,16,8,8,台中銀-員林,2023-08-21,6114
6188,廣明,10,2,8,台中銀-員林,2023-08-21,6114
2356,英業達,16,8,8,台中銀-員林,2023-08-21,6114
00931B,統一美債20年,7,0,7,台中銀-員林,2023-08-21,6114
2014,中鴻,7,0,7,台中銀-員林,2023-08-21,6114
3363,上詮,9,2,7,台中銀-員林,2023-08-21,6114
2382,廣達,11,4,7,台中銀-員林,2023-08-21,6114
3056,富華新,11,5,6,台中銀-員林,2023-08-21,6114
00900,富邦特選高股息30,7,1,6,台中銀-員林,2023-08-21,6114
2206,三陽工業,6,0,6,台中銀-員林,2023-08-21,6114
3362,先進光,16,10,6,台中銀-員林,2023-08-21,6114
1513,中興電,7,1,6,台中銀-員林,2023-08-21,6114
2891,中信金,7,1,6,台中銀-員林,2023-08-21,6114
00772B,中信高評級公司債,6,0,6,台中銀-員林,2023-08-21,6114
2892,第一金,5,0,5,台中銀-員林,2023-08-21,6114
1452,宏益,5,0,5,台中銀-員林,2023-08-21,6114
00632R,元大台灣50反1,20,15,5,台中銀-員林,2023-08-21,6114
2880,華南金,5,0,5,台中銀-員林,2023-08-21,6114
6505,台塑化,5,0,5,台中銀-員林,2023-08-21,6114
6585,鼎基,5,0,5,台中銀-員林,2023-08-21,6114
8109,博大,9,4,5,台中銀-員林,2023-08-21,6114
2363,矽統,391,89,302,台中銀-員林,2023-08-22,6114
00637L,元大滬深300正2,105,0,105,台中銀-員林,2023-08-22,6114
2889,國票金,80,0,80,台中銀-員林,2023-08-22,6114
2328,廣宇,54,0,54,台中銀-員林,2023-08-22,6114
1471,首利,75,25,50,台中銀-員林,2023-08-22,6114
00712,復華富時不動產,39,0,39,台中銀-員林,2023-08-22,6114
2610,華航,40,7,33,台中銀-員林,2023-08-22,6114
00665L,富邦�琤肭磪囓�2,35,5,30,台中銀-員林,2023-08-22,6114
00900,富邦特選高股息30,27,0,27,台中銀-員林,2023-08-22,6114
00929,復華台灣科技優息,42,18,24,台中銀-員林,2023-08-22,6114
00931B,統一美債20年,22,0,22,台中銀-員林,2023-08-22,6114
00671R,富邦NASDAQ反1,20,0,20,台中銀-員林,2023-08-22,6114
3264,欣銓,20,1,19,台中銀-員林,2023-08-22,6114
2472,立隆電,18,0,18,台中銀-員林,2023-08-22,6114
3564,其陽,17,0,17,台中銀-員林,2023-08-22,6114
2409,友達,16,0,16,台中銀-員林,2023-08-22,6114
2440,太空梭,30,14,16,台中銀-員林,2023-08-22,6114
6125,廣運,36,22,14,台中銀-員林,2023-08-22,6114
00751B,元大AAA至A公司債,14,0,14,台中銀-員林,2023-08-22,6114
4934,太極,18,4,14,台中銀-員林,2023-08-22,6114
2812,台中銀,15,1,14,台中銀-員林,2023-08-22,6114
1101,台泥,13,0,13,台中銀-員林,2023-08-22,6114
00679B,元大美債20年,13,0,13,台中銀-員林,2023-08-22,6114
2002,中鋼,13,0,13,台中銀-員林,2023-08-22,6114
2421,建準,39,26,13,台中銀-員林,2023-08-22,6114
5452,佶優,14,1,13,台中銀-員林,2023-08-22,6114
00753L,中信中國50正2,12,0,12,台中銀-員林,2023-08-22,6114
2301,光寶科,21,9,12,台中銀-員林,2023-08-22,6114
3078,僑威,14,3,11,台中銀-員林,2023-08-22,6114
2486,一詮,11,0,11,台中銀-員林,2023-08-22,6114
3689,湧德,14,3,11,台中銀-員林,2023-08-22,6114
8050,廣積,19,8,11,台中銀-員林,2023-08-22,6114
3362,先進光,17,6,11,台中銀-員林,2023-08-22,6114
2481,強茂,10,0,10,台中銀-員林,2023-08-22,6114
5371,中光電,10,0,10,台中銀-員林,2023-08-22,6114
6026,福邦證,10,0,10,台中銀-員林,2023-08-22,6114
2883,凱基金,10,1,9,台中銀-員林,2023-08-22,6114
6285,啟��,14,5,9,台中銀-員林,2023-08-22,6114
1558,伸興,9,0,9,台中銀-員林,2023-08-22,6114
2881,富邦金,8,0,8,台中銀-員林,2023-08-22,6114
3163,波若威,19,11,8,台中銀-員林,2023-08-22,6114
00882,中信中國高股息,7,0,7,台中銀-員林,2023-08-22,6114
2539,櫻花建,7,0,7,台中銀-員林,2023-08-22,6114
1513,中興電,13,6,7,台中銀-員林,2023-08-22,6114
1612,宏泰,7,0,7,台中銀-員林,2023-08-22,6114
3706,神達,10,3,7,台中銀-員林,2023-08-22,6114
2034,允強,6,0,6,台中銀-員林,2023-08-22,6114
2401,凌陽,7,1,6,台中銀-員林,2023-08-22,6114
2498,宏達電,9,3,6,台中銀-員林,2023-08-22,6114
3712,永崴投控,6,0,6,台中銀-員林,2023-08-22,6114
2618,長榮航,104,25,79,台中銀-員林,2023-08-23,6114
3013,晟銘電,184,125,59,台中銀-員林,2023-08-23,6114
00637L,元大滬深300正2,50,1,49,台中銀-員林,2023-08-23,6114
2891,中信金,42,1,41,台中銀-員林,2023-08-23,6114
5452,佶優,56,21,35,台中銀-員林,2023-08-23,6114
3051,力特,54,21,33,台中銀-員林,2023-08-23,6114
4123,晟德,27,0,27,台中銀-員林,2023-08-23,6114
6117,迎廣,59,32,27,台中銀-員林,2023-08-23,6114
00632R,元大台灣50反1,24,0,24,台中銀-員林,2023-08-23,6114
2610,華航,26,3,23,台中銀-員林,2023-08-23,6114
2449,京元電子,42,19,23,台中銀-員林,2023-08-23,6114
8034,榮群,22,0,22,台中銀-員林,2023-08-23,6114
2031,新光鋼,21,0,21,台中銀-員林,2023-08-23,6114
2425,承啟,86,65,21,台中銀-員林,2023-08-23,6114
3711,日月光投控,21,1,20,台中銀-員林,2023-08-23,6114
9919,康那香,20,3,17,台中銀-員林,2023-08-23,6114
2539,櫻花建,16,0,16,台中銀-員林,2023-08-23,6114
3325,旭品,58,42,16,台中銀-員林,2023-08-23,6114
00919,群益台灣精選高息,20,5,15,台中銀-員林,2023-08-23,6114
9945,潤泰新,15,0,15,台中銀-員林,2023-08-23,6114
2641,正德,14,0,14,台中銀-員林,2023-08-23,6114
4147,中裕,22,9,13,台中銀-員林,2023-08-23,6114
6120,達運,13,0,13,台中銀-員林,2023-08-23,6114
8201,無敵,13,0,13,台中銀-員林,2023-08-23,6114
00712,復華富時不動產,27,15,12,台中銀-員林,2023-08-23,6114
2812,台中銀,12,0,12,台中銀-員林,2023-08-23,6114
2303,聯電,13,2,11,台中銀-員林,2023-08-23,6114
2014,中鴻,10,0,10,台中銀-員林,2023-08-23,6114
2453,凌群,10,0,10,台中銀-員林,2023-08-23,6114
3056,富華新,10,0,10,台中銀-員林,2023-08-23,6114
3490,單井,10,0,10,台中銀-員林,2023-08-23,6114
3675,德微,10,0,10,台中銀-員林,2023-08-23,6114
6235,華孚,17,7,10,台中銀-員林,2023-08-23,6114
1471,首利,33,23,10,台中銀-員林,2023-08-23,6114
3583,辛耘,9,0,9,台中銀-員林,2023-08-23,6114
00772B,中信高評級公司債,11,2,9,台中銀-員林,2023-08-23,6114
2880,華南金,9,0,9,台中銀-員林,2023-08-23,6114
00687B,國泰20年美債,9,0,9,台中銀-員林,2023-08-23,6114
2405,輔信,10,1,9,台中銀-員林,2023-08-23,6114
6257,矽格,11,2,9,台中銀-員林,2023-08-23,6114
2332,友訊,43,35,8,台中銀-員林,2023-08-23,6114
2329,華泰,27,20,7,台中銀-員林,2023-08-23,6114
6167,久正,9,2,7,台中銀-員林,2023-08-23,6114
6191,精成科,7,0,7,台中銀-員林,2023-08-23,6114
2357,華碩,7,1,6,台中銀-員林,2023-08-23,6114
5371,中光電,6,0,6,台中銀-員林,2023-08-23,6114
3035,智原,9,3,6,台中銀-員林,2023-08-23,6114
1409,新纖,6,0,6,台中銀-員林,2023-08-23,6114
5009,榮剛,6,0,6,台中銀-員林,2023-08-23,6114
8222,寶一,14,8,6,台中銀-員林,2023-08-23,6114
2425,承啟,106,3,103,台中銀-員林,2023-08-24,6114
3231,緯創,253,151,102,台中銀-員林,2023-08-24,6114
00929,復華台灣科技優息,83,16,67,台中銀-員林,2023-08-24,6114
2363,矽統,383,327,56,台中銀-員林,2023-08-24,6114
4123,晟德,41,5,36,台中銀-員林,2023-08-24,6114
00632R,元大台灣50反1,30,0,30,台中銀-員林,2023-08-24,6114
00919,群益台灣精選高息,30,4,26,台中銀-員林,2023-08-24,6114
1471,首利,32,6,26,台中銀-員林,2023-08-24,6114
00671R,富邦NASDAQ反1,25,0,25,台中銀-員林,2023-08-24,6114
2002,中鋼,24,1,23,台中銀-員林,2023-08-24,6114
2359,所羅門,29,6,23,台中銀-員林,2023-08-24,6114
3264,欣銓,23,3,20,台中銀-員林,2023-08-24,6114
2388,威盛,24,5,19,台中銀-員林,2023-08-24,6114
6168,宏齊,21,3,18,台中銀-員林,2023-08-24,6114
6191,精成科,26,8,18,台中銀-員林,2023-08-24,6114
2419,仲琦,21,4,17,台中銀-員林,2023-08-24,6114
2884,玉山金,17,0,17,台中銀-員林,2023-08-24,6114
3706,神達,55,39,16,台中銀-員林,2023-08-24,6114
00751B,元大AAA至A公司債,31,15,16,台中銀-員林,2023-08-24,6114
3094,聯傑,15,0,15,台中銀-員林,2023-08-24,6114
3206,志豐,15,0,15,台中銀-員林,2023-08-24,6114
6163,華電網,15,0,15,台中銀-員林,2023-08-24,6114
2883,凱基金,16,2,14,台中銀-員林,2023-08-24,6114
2405,輔信,15,2,13,台中銀-員林,2023-08-24,6114
8112,至上,12,0,12,台中銀-員林,2023-08-24,6114
2329,華泰,46,35,11,台中銀-員林,2023-08-24,6114
2601,益航,16,5,11,台中銀-員林,2023-08-24,6114
3567,逸昌,13,2,11,台中銀-員林,2023-08-24,6114
3596,智易,13,2,11,台中銀-員林,2023-08-24,6114
00882,中信中國高股息,15,5,10,台中銀-員林,2023-08-24,6114
6285,啟��,18,8,10,台中銀-員林,2023-08-24,6114
4532,瑞智,10,0,10,台中銀-員林,2023-08-24,6114
2303,聯電,14,4,10,台中銀-員林,2023-08-24,6114
1907,永豐餘,10,2,8,台中銀-員林,2023-08-24,6114
2331,精英,15,7,8,台中銀-員林,2023-08-24,6114
2356,英業達,48,41,7,台中銀-員林,2023-08-24,6114
1301,台塑,7,0,7,台中銀-員林,2023-08-24,6114
2645,長榮航太,10,3,7,台中銀-員林,2023-08-24,6114
2609,陽明,7,0,7,台中銀-員林,2023-08-24,6114
2880,華南金,6,0,6,台中銀-員林,2023-08-24,6114
1319,東陽,8,2,6,台中銀-員林,2023-08-24,6114
2618,長榮航,10,4,6,台中銀-員林,2023-08-24,6114
3035,智原,9,4,5,台中銀-員林,2023-08-24,6114
00715L,期街口布蘭特正2,7,2,5,台中銀-員林,2023-08-24,6114
1528,恩德,5,0,5,台中銀-員林,2023-08-24,6114
2633,台灣高鐵,6,1,5,台中銀-員林,2023-08-24,6114
2637,慧洋-KY,5,0,5,台中銀-員林,2023-08-24,6114
2886,兆豐金,5,0,5,台中銀-員林,2023-08-24,6114
2603,長榮,6,1,5,台中銀-員林,2023-08-24,6114
1101,台泥,5,1,4,台中銀-員林,2023-08-24,6114
00878,國泰永續高股息,251,10,241,台中銀-員林,2023-08-25,6114
3231,緯創,160,28,132,台中銀-員林,2023-08-25,6114
2610,華航,86,15,71,台中銀-員林,2023-08-25,6114
00929,復華台灣科技優息,77,18,59,台中銀-員林,2023-08-25,6114
9945,潤泰新,70,16,54,台中銀-員林,2023-08-25,6114
4906,正文,58,9,49,台中銀-員林,2023-08-25,6114
00753L,中信中國50正2,32,0,32,台中銀-員林,2023-08-25,6114
2634,漢翔,46,14,32,台中銀-員林,2023-08-25,6114
2736,富野,32,4,28,台中銀-員林,2023-08-25,6114
4931,新盛力,29,1,28,台中銀-員林,2023-08-25,6114
2303,聯電,28,3,25,台中銀-員林,2023-08-25,6114
2330,台積電,22,0,22,台中銀-員林,2023-08-25,6114
2382,廣達,44,23,21,台中銀-員林,2023-08-25,6114
8201,無敵,20,0,20,台中銀-員林,2023-08-25,6114
00919,群益台灣精選高息,19,0,19,台中銀-員林,2023-08-25,6114
6168,宏齊,24,6,18,台中銀-員林,2023-08-25,6114
2440,太空梭,30,12,18,台中銀-員林,2023-08-25,6114
2356,英業達,48,30,18,台中銀-員林,2023-08-25,6114
2301,光寶科,22,6,16,台中銀-員林,2023-08-25,6114
2485,兆赫,37,23,14,台中銀-員林,2023-08-25,6114
2618,長榮航,24,10,14,台中銀-員林,2023-08-25,6114
1504,東元,13,0,13,台中銀-員林,2023-08-25,6114
2329,華泰,16,3,13,台中銀-員林,2023-08-25,6114
00907,永豐優息存股,12,0,12,台中銀-員林,2023-08-25,6114
3071,協禧,15,3,12,台中銀-員林,2023-08-25,6114
3060,銘異,11,0,11,台中銀-員林,2023-08-25,6114
3715,定穎投控,20,9,11,台中銀-員林,2023-08-25,6114
5512,力麒,11,0,11,台中銀-員林,2023-08-25,6114
1722,台肥,10,0,10,台中銀-員林,2023-08-25,6114
2641,正德,10,0,10,台中銀-員林,2023-08-25,6114
5371,中光電,10,0,10,台中銀-員林,2023-08-25,6114
8222,寶一,80,71,9,台中銀-員林,2023-08-25,6114
2913,農林,10,1,9,台中銀-員林,2023-08-25,6114
3234,光環,9,0,9,台中銀-員林,2023-08-25,6114
3419,譁裕,10,2,8,台中銀-員林,2023-08-25,6114
8112,至上,8,0,8,台中銀-員林,2023-08-25,6114
2834,臺企銀,8,1,7,台中銀-員林,2023-08-25,6114
6426,統新,7,0,7,台中銀-員林,2023-08-25,6114
8097,常珵,11,4,7,台中銀-員林,2023-08-25,6114
8103,瀚荃,7,0,7,台中銀-員林,2023-08-25,6114
6274,台燿,13,6,7,台中銀-員林,2023-08-25,6114
00922,國泰台灣領袖50,7,0,7,台中銀-員林,2023-08-25,6114
2882,國泰金,6,0,6,台中銀-員林,2023-08-25,6114
00923,群益台ESG低碳50,6,0,6,台中銀-員林,2023-08-25,6114
00885,富邦越南,6,0,6,台中銀-員林,2023-08-25,6114
3163,波若威,14,8,6,台中銀-員林,2023-08-25,6114
8478,東哥遊艇,6,0,6,台中銀-員林,2023-08-25,6114
3056,富華新,6,1,5,台中銀-員林,2023-08-25,6114
2368,金像電,14,9,5,台中銀-員林,2023-08-25,6114
6472,保瑞,5,0,5,台中銀-員林,2023-08-25,6114
4931,新盛力,89,0,89,台中銀-員林,2023-08-28,6114
00878,國泰永續高股息,79,1,78,台中銀-員林,2023-08-28,6114
2425,承啟,138,70,68,台中銀-員林,2023-08-28,6114
2618,長榮航,69,11,58,台中銀-員林,2023-08-28,6114
00929,復華台灣科技優息,81,37,44,台中銀-員林,2023-08-28,6114
2363,矽統,79,38,41,台中銀-員林,2023-08-28,6114
00632R,元大台灣50反1,40,0,40,台中銀-員林,2023-08-28,6114
2601,益航,30,0,30,台中銀-員林,2023-08-28,6114
3094,聯傑,34,5,29,台中銀-員林,2023-08-28,6114
4906,正文,91,65,26,台中銀-員林,2023-08-28,6114
2388,威盛,49,26,23,台中銀-員林,2023-08-28,6114
3051,力特,25,2,23,台中銀-員林,2023-08-28,6114
3548,兆利,30,8,22,台中銀-員林,2023-08-28,6114
00706L,期元大S＆P日圓正2,20,0,20,台中銀-員林,2023-08-28,6114
2007,燁興,20,0,20,台中銀-員林,2023-08-28,6114
5443,均豪,20,0,20,台中銀-員林,2023-08-28,6114
9945,潤泰新,22,2,20,台中銀-員林,2023-08-28,6114
2352,佳世達,18,0,18,台中銀-員林,2023-08-28,6114
4934,太極,20,4,16,台中銀-員林,2023-08-28,6114
00900,富邦特選高股息30,14,0,14,台中銀-員林,2023-08-28,6114
2883,凱基金,12,0,12,台中銀-員林,2023-08-28,6114
5340,建榮,13,1,12,台中銀-員林,2023-08-28,6114
8033,雷虎,16,4,12,台中銀-員林,2023-08-28,6114
2495,普安,13,2,11,台中銀-員林,2023-08-28,6114
3047,訊舟,11,0,11,台中銀-員林,2023-08-28,6114
3078,僑威,15,4,11,台中銀-員林,2023-08-28,6114
3622,洋華,11,0,11,台中銀-員林,2023-08-28,6114
3227,原相,11,1,10,台中銀-員林,2023-08-28,6114
2374,佳能,10,1,9,台中銀-員林,2023-08-28,6114
3027,盛達,8,0,8,台中銀-員林,2023-08-28,6114
3483,力致,31,23,8,台中銀-員林,2023-08-28,6114
2301,光寶科,15,9,6,台中銀-員林,2023-08-28,6114
2404,漢唐,6,0,6,台中銀-員林,2023-08-28,6114
2485,兆赫,26,20,6,台中銀-員林,2023-08-28,6114
2641,正德,7,1,6,台中銀-員林,2023-08-28,6114
2867,三商壽,6,0,6,台中銀-員林,2023-08-28,6114
4564,元翎,6,0,6,台中銀-員林,2023-08-28,6114
6245,立端,6,0,6,台中銀-員林,2023-08-28,6114
2880,華南金,6,1,5,台中銀-員林,2023-08-28,6114
2472,立隆電,6,1,5,台中銀-員林,2023-08-28,6114
2002,中鋼,6,1,5,台中銀-員林,2023-08-28,6114
1605,華新,8,3,5,台中銀-員林,2023-08-28,6114
1612,宏泰,5,0,5,台中銀-員林,2023-08-28,6114
2038,海光,5,0,5,台中銀-員林,2023-08-28,6114
2731,雄獅,5,0,5,台中銀-員林,2023-08-28,6114
3363,上詮,10,5,5,台中銀-員林,2023-08-28,6114
6134,萬旭,5,0,5,台中銀-員林,2023-08-28,6114
6167,久正,7,2,5,台中銀-員林,2023-08-28,6114
6288,聯嘉,5,0,5,台中銀-員林,2023-08-28,6114
8011,台通,5,0,5,台中銀-員林,2023-08-28,6114
2363,矽統,346,168,178,台中銀-員林,2023-08-29,6114
00878,國泰永續高股息,97,5,92,台中銀-員林,2023-08-29,6114
2425,承啟,92,3,89,台中銀-員林,2023-08-29,6114
00929,復華台灣科技優息,54,0,54,台中銀-員林,2023-08-29,6114
2880,華南金,51,0,51,台中銀-員林,2023-08-29,6114
2359,所羅門,33,0,33,台中銀-員林,2023-08-29,6114
1905,華紙,34,2,32,台中銀-員林,2023-08-29,6114
00665L,富邦�琤肭磪囓�2,65,35,30,台中銀-員林,2023-08-29,6114
2017,官田鋼,30,0,30,台中銀-員林,2023-08-29,6114
2002,中鋼,27,0,27,台中銀-員林,2023-08-29,6114
2472,立隆電,26,0,26,台中銀-員林,2023-08-29,6114
3051,力特,23,4,19,台中銀-員林,2023-08-29,6114
00673R,期元大S＆P原油反1,18,0,18,台中銀-員林,2023-08-29,6114
6188,廣明,29,12,17,台中銀-員林,2023-08-29,6114
2618,長榮航,28,11,17,台中銀-員林,2023-08-29,6114
1471,首利,24,8,16,台中銀-員林,2023-08-29,6114
3027,盛達,14,0,14,台中銀-員林,2023-08-29,6114
4934,太極,15,2,13,台中銀-員林,2023-08-29,6114
4123,晟德,12,0,12,台中銀-員林,2023-08-29,6114
00923,群益台ESG低碳50,10,0,10,台中銀-員林,2023-08-29,6114
1310,台苯,10,0,10,台中銀-員林,2023-08-29,6114
2014,中鴻,10,0,10,台中銀-員林,2023-08-29,6114
2409,友達,10,0,10,台中銀-員林,2023-08-29,6114
3311,閎暉,10,0,10,台中銀-員林,2023-08-29,6114
5309,系統電,15,5,10,台中銀-員林,2023-08-29,6114
8112,至上,10,0,10,台中銀-員林,2023-08-29,6114
3231,緯創,64,55,9,台中銀-員林,2023-08-29,6114
2332,友訊,11,2,9,台中銀-員林,2023-08-29,6114
0050,元大台灣50,10,2,8,台中銀-員林,2023-08-29,6114
3481,群創,7,0,7,台中銀-員林,2023-08-29,6114
3548,兆利,7,0,7,台中銀-員林,2023-08-29,6114
5880,合庫金,7,0,7,台中銀-員林,2023-08-29,6114
6167,久正,26,19,7,台中銀-員林,2023-08-29,6114
8034,榮群,10,3,7,台中銀-員林,2023-08-29,6114
1786,科妍,6,0,6,台中銀-員林,2023-08-29,6114
6122,擎邦,6,0,6,台中銀-員林,2023-08-29,6114
2340,台亞,6,1,5,台中銀-員林,2023-08-29,6114
3516,亞帝歐,5,0,5,台中銀-員林,2023-08-29,6114
5490,同亨,5,0,5,台中銀-員林,2023-08-29,6114
1605,華新,4,0,4,台中銀-員林,2023-08-29,6114
00919,群益台灣精選高息,5,1,4,台中銀-員林,2023-08-29,6114
2888,新光金,28,24,4,台中銀-員林,2023-08-29,6114
8222,寶一,47,43,4,台中銀-員林,2023-08-29,6114
2022,聚亨,7,3,4,台中銀-員林,2023-08-29,6114
3037,欣興,6,3,3,台中銀-員林,2023-08-29,6114
3105,穩懋,3,0,3,台中銀-員林,2023-08-29,6114
00888,永豐台灣ESG,3,0,3,台中銀-員林,2023-08-29,6114
1903,士紙,3,0,3,台中銀-員林,2023-08-29,6114
2230,泰茂,3,0,3,台中銀-員林,2023-08-29,6114
2609,陽明,3,0,3,台中銀-員林,2023-08-29,6114
2436,偉詮電,76,17,59,台中銀-員林,2023-08-30,6114
00633L,富邦上証正2,50,0,50,台中銀-員林,2023-08-30,6114
2834,臺企銀,48,1,47,台中銀-員林,2023-08-30,6114
4123,晟德,31,0,31,台中銀-員林,2023-08-30,6114
5309,系統電,25,0,25,台中銀-員林,2023-08-30,6114
2356,英業達,44,22,22,台中銀-員林,2023-08-30,6114
2201,裕隆,24,5,19,台中銀-員林,2023-08-30,6114
2610,華航,18,0,18,台中銀-員林,2023-08-30,6114
2812,台中銀,22,5,17,台中銀-員林,2023-08-30,6114
5371,中光電,36,19,17,台中銀-員林,2023-08-30,6114
00648R,元大S＆P500反1,16,0,16,台中銀-員林,2023-08-30,6114
00929,復華台灣科技優息,16,1,15,台中銀-員林,2023-08-30,6114
3481,群創,19,5,14,台中銀-員林,2023-08-30,6114
3325,旭品,34,21,13,台中銀-員林,2023-08-30,6114
2359,所羅門,25,13,12,台中銀-員林,2023-08-30,6114
8034,榮群,12,0,12,台中銀-員林,2023-08-30,6114
2376,技嘉,22,11,11,台中銀-員林,2023-08-30,6114
2302,麗正,10,0,10,台中銀-員林,2023-08-30,6114
3005,神基,10,0,10,台中銀-員林,2023-08-30,6114
5223,安力-KY,10,0,10,台中銀-員林,2023-08-30,6114
6126,信音,10,0,10,台中銀-員林,2023-08-30,6114
8201,無敵,10,0,10,台中銀-員林,2023-08-30,6114
5483,中美晶,10,1,9,台中銀-員林,2023-08-30,6114
2329,華泰,12,4,8,台中銀-員林,2023-08-30,6114
2449,京元電子,18,11,7,台中銀-員林,2023-08-30,6114
5009,榮剛,7,0,7,台中銀-員林,2023-08-30,6114
5608,四維航,9,2,7,台中銀-員林,2023-08-30,6114
6188,廣明,27,20,7,台中銀-員林,2023-08-30,6114
2618,長榮航,19,13,6,台中銀-員林,2023-08-30,6114
2886,兆豐金,6,0,6,台中銀-員林,2023-08-30,6114
2355,敬鵬,71,65,6,台中銀-員林,2023-08-30,6114
00902,中信電池及儲能,5,0,5,台中銀-員林,2023-08-30,6114
1802,台玻,7,2,5,台中銀-員林,2023-08-30,6114
2002,中鋼,10,5,5,台中銀-員林,2023-08-30,6114
2888,新光金,5,0,5,台中銀-員林,2023-08-30,6114
3693,營邦,5,0,5,台中銀-員林,2023-08-30,6114
6104,創惟,7,2,5,台中銀-員林,2023-08-30,6114
3308,聯德,6,1,5,台中銀-員林,2023-08-30,6114
020022,元大電動車N,4,0,4,台中銀-員林,2023-08-30,6114
2034,允強,5,1,4,台中銀-員林,2023-08-30,6114
2331,精英,5,1,4,台中銀-員林,2023-08-30,6114
2641,正德,6,2,4,台中銀-員林,2023-08-30,6114
3206,志豐,4,0,4,台中銀-員林,2023-08-30,6114
3491,昇達科,5,1,4,台中銀-員林,2023-08-30,6114
6515,穎崴,4,0,4,台中銀-員林,2023-08-30,6114
6753,龍德造船,4,0,4,台中銀-員林,2023-08-30,6114
8222,寶一,19,15,4,台中銀-員林,2023-08-30,6114
2368,金像電,7,3,4,台中銀-員林,2023-08-30,6114
2634,漢翔,47,43,4,台中銀-員林,2023-08-30,6114
3017,奇鋐,3,0,3,台中銀-員林,2023-08-30,6114
1101,台泥,204,0,204,台中銀-員林,2023-08-31,6114
2812,台中銀,45,0,45,台中銀-員林,2023-08-31,6114
3260,威剛,67,24,43,台中銀-員林,2023-08-31,6114
2376,技嘉,36,9,27,台中銀-員林,2023-08-31,6114
2880,華南金,26,0,26,台中銀-員林,2023-08-31,6114
6213,聯茂,33,10,23,台中銀-員林,2023-08-31,6114
00929,復華台灣科技優息,35,12,23,台中銀-員林,2023-08-31,6114
1319,東陽,22,1,21,台中銀-員林,2023-08-31,6114
2355,敬鵬,21,0,21,台中銀-員林,2023-08-31,6114
1603,華電,21,1,20,台中銀-員林,2023-08-31,6114
2489,瑞軒,20,0,20,台中銀-員林,2023-08-31,6114
2472,立隆電,18,0,18,台中銀-員林,2023-08-31,6114
3715,定穎投控,209,192,17,台中銀-員林,2023-08-31,6114
3051,力特,19,2,17,台中銀-員林,2023-08-31,6114
2323,中環,26,10,16,台中銀-員林,2023-08-31,6114
2337,旺宏,36,22,14,台中銀-員林,2023-08-31,6114
6188,廣明,20,6,14,台中銀-員林,2023-08-31,6114
2353,宏��,13,0,13,台中銀-員林,2023-08-31,6114
2425,承啟,71,59,12,台中銀-員林,2023-08-31,6114
1409,新纖,11,0,11,台中銀-員林,2023-08-31,6114
2301,光寶科,22,11,11,台中銀-員林,2023-08-31,6114
6168,宏齊,15,4,11,台中銀-員林,2023-08-31,6114
00633L,富邦上証正2,10,0,10,台中銀-員林,2023-08-31,6114
00753L,中信中國50正2,10,0,10,台中銀-員林,2023-08-31,6114
1517,利奇,10,0,10,台中銀-員林,2023-08-31,6114
2367,燿華,12,2,10,台中銀-員林,2023-08-31,6114
2495,普安,10,0,10,台中銀-員林,2023-08-31,6114
3056,富華新,10,0,10,台中銀-員林,2023-08-31,6114
5483,中美晶,10,0,10,台中銀-員林,2023-08-31,6114
3006,晶豪科,10,0,10,台中銀-員林,2023-08-31,6114
5880,合庫金,8,0,8,台中銀-員林,2023-08-31,6114
00923,群益台ESG低碳50,8,0,8,台中銀-員林,2023-08-31,6114
2313,華通,10,2,8,台中銀-員林,2023-08-31,6114
2633,台灣高鐵,10,2,8,台中銀-員林,2023-08-31,6114
2834,臺企銀,10,2,8,台中銀-員林,2023-08-31,6114
8069,元太,8,0,8,台中銀-員林,2023-08-31,6114
00878,國泰永續高股息,20,13,7,台中銀-員林,2023-08-31,6114
2324,仁寶,11,4,7,台中銀-員林,2023-08-31,6114
3548,兆利,13,6,7,台中銀-員林,2023-08-31,6114
2303,聯電,13,7,6,台中銀-員林,2023-08-31,6114
2330,台積電,8,2,6,台中銀-員林,2023-08-31,6114
2883,凱基金,6,0,6,台中銀-員林,2023-08-31,6114
2887,台新金,6,0,6,台中銀-員林,2023-08-31,6114
6163,華電網,9,3,6,台中銀-員林,2023-08-31,6114
6411,晶焱,6,0,6,台中銀-員林,2023-08-31,6114
00888,永豐台灣ESG,5,0,5,台中銀-員林,2023-08-31,6114
00648R,元大S＆P500反1,5,0,5,台中銀-員林,2023-08-31,6114
2023,燁輝,5,0,5,台中銀-員林,2023-08-31,6114
2329,華泰,18,13,5,台中銀-員林,2023-08-31,6114
2882,國泰金,5,0,5,台中銀-員林,2023-08-31,6114
1101,台泥,290,2,288,台中銀-員林,2023-09-01,6114
2369,菱生,208,19,189,台中銀-員林,2023-09-01,6114
2363,矽統,226,82,144,台中銀-員林,2023-09-01,6114
00929,復華台灣科技優息,91,1,90,台中銀-員林,2023-09-01,6114
00673R,期元大S＆P原油反1,77,2,75,台中銀-員林,2023-09-01,6114
00665L,富邦�琤肭磪囓�2,65,3,62,台中銀-員林,2023-09-01,6114
2312,金寶,52,2,50,台中銀-員林,2023-09-01,6114
2425,承啟,205,156,49,台中銀-員林,2023-09-01,6114
3231,緯創,90,45,45,台中銀-員林,2023-09-01,6114
5309,系統電,35,0,35,台中銀-員林,2023-09-01,6114
00932,兆豐永續高息等權,28,0,28,台中銀-員林,2023-09-01,6114
00919,群益台灣精選高息,26,0,26,台中銀-員林,2023-09-01,6114
5371,中光電,26,0,26,台中銀-員林,2023-09-01,6114
2344,華邦電,28,6,22,台中銀-員林,2023-09-01,6114
2610,華航,23,1,22,台中銀-員林,2023-09-01,6114
6547,高端疫苗,31,9,22,台中銀-員林,2023-09-01,6114
3532,台勝科,22,1,21,台中銀-員林,2023-09-01,6114
00878,國泰永續高股息,19,0,19,台中銀-員林,2023-09-01,6114
2302,麗正,20,1,19,台中銀-員林,2023-09-01,6114
3071,協禧,17,0,17,台中銀-員林,2023-09-01,6114
3481,群創,21,6,15,台中銀-員林,2023-09-01,6114
4906,正文,18,3,15,台中銀-員林,2023-09-01,6114
1471,首利,18,3,15,台中銀-員林,2023-09-01,6114
2329,華泰,37,23,14,台中銀-員林,2023-09-01,6114
3357,臺慶科,15,1,14,台中銀-員林,2023-09-01,6114
2421,建準,15,1,14,台中銀-員林,2023-09-01,6114
3596,智易,18,4,14,台中銀-員林,2023-09-01,6114
3576,聯合再生,16,4,12,台中銀-員林,2023-09-01,6114
2368,金像電,13,2,11,台中銀-員林,2023-09-01,6114
2929,淘帝-KY,11,0,11,台中銀-員林,2023-09-01,6114
6282,康舒,16,5,11,台中銀-員林,2023-09-01,6114
6443,元晶,14,3,11,台中銀-員林,2023-09-01,6114
00679B,元大美債20年,10,0,10,台中銀-員林,2023-09-01,6114
1616,億泰,10,0,10,台中銀-員林,2023-09-01,6114
2352,佳世達,10,0,10,台中銀-員林,2023-09-01,6114
4934,太極,21,11,10,台中銀-員林,2023-09-01,6114
5425,台半,10,0,10,台中銀-員林,2023-09-01,6114
5452,佶優,10,0,10,台中銀-員林,2023-09-01,6114
6220,岳豐,10,0,10,台中銀-員林,2023-09-01,6114
8024,佑華,10,0,10,台中銀-員林,2023-09-01,6114
4147,中裕,10,0,10,台中銀-員林,2023-09-01,6114
8050,廣積,10,1,9,台中銀-員林,2023-09-01,6114
2488,漢平,11,3,8,台中銀-員林,2023-09-01,6114
4909,新復興,9,1,8,台中銀-員林,2023-09-01,6114
6732,昇佳電子,8,0,8,台中銀-員林,2023-09-01,6114
8109,博大,7,0,7,台中銀-員林,2023-09-01,6114
2382,廣達,16,9,7,台中銀-員林,2023-09-01,6114
1513,中興電,10,4,6,台中銀-員林,2023-09-01,6114
00900,富邦特選高股息30,6,0,6,台中銀-員林,2023-09-01,6114
2323,中環,7,1,6,台中銀-員林,2023-09-01,6114
1101,台泥,105,0,105,台中銀-員林,2023-09-04,6114
2881,富邦金,105,0,105,台中銀-員林,2023-09-04,6114
3290,東浦,101,0,101,台中銀-員林,2023-09-04,6114
2634,漢翔,91,8,83,台中銀-員林,2023-09-04,6114
00919,群益台灣精選高息,70,1,69,台中銀-員林,2023-09-04,6114
2436,偉詮電,78,20,58,台中銀-員林,2023-09-04,6114
1522,堤維西,46,17,29,台中銀-員林,2023-09-04,6114
2440,太空梭,30,1,29,台中銀-員林,2023-09-04,6114
2442,新美齊,26,0,26,台中銀-員林,2023-09-04,6114
3481,群創,36,14,22,台中銀-員林,2023-09-04,6114
3532,台勝科,21,0,21,台中銀-員林,2023-09-04,6114
1444,力麗,19,0,19,台中銀-員林,2023-09-04,6114
2472,立隆電,19,1,18,台中銀-員林,2023-09-04,6114
00795B,中信美國公債20年,17,0,17,台中銀-員林,2023-09-04,6114
2610,華航,23,6,17,台中銀-員林,2023-09-04,6114
00679B,元大美債20年,19,2,17,台中銀-員林,2023-09-04,6114
00680L,元大美債20正2,16,0,16,台中銀-員林,2023-09-04,6114
1802,台玻,31,17,14,台中銀-員林,2023-09-04,6114
6213,聯茂,24,11,13,台中銀-員林,2023-09-04,6114
00885,富邦越南,12,0,12,台中銀-員林,2023-09-04,6114
2402,毅嘉,46,34,12,台中銀-員林,2023-09-04,6114
00931B,統一美債20年,11,0,11,台中銀-員林,2023-09-04,6114
00675L,富邦臺灣加權正2,10,0,10,台中銀-員林,2023-09-04,6114
2495,普安,16,6,10,台中銀-員林,2023-09-04,6114
3014,聯陽,10,1,9,台中銀-員林,2023-09-04,6114
4147,中裕,10,1,9,台中銀-員林,2023-09-04,6114
4563,百德,9,0,9,台中銀-員林,2023-09-04,6114
3715,定穎投控,75,66,9,台中銀-員林,2023-09-04,6114
2409,友達,22,14,8,台中銀-員林,2023-09-04,6114
2329,華泰,10,2,8,台中銀-員林,2023-09-04,6114
2890,永豐金,8,0,8,台中銀-員林,2023-09-04,6114
5381,合正,27,19,8,台中銀-員林,2023-09-04,6114
6266,泰詠,8,0,8,台中銀-員林,2023-09-04,6114
2301,光寶科,11,3,8,台中銀-員林,2023-09-04,6114
2356,英業達,18,11,7,台中銀-員林,2023-09-04,6114
1312,國喬,7,0,7,台中銀-員林,2023-09-04,6114
2834,臺企銀,20,13,7,台中銀-員林,2023-09-04,6114
3049,精金,7,0,7,台中銀-員林,2023-09-04,6114
2331,精英,8,1,7,台中銀-員林,2023-09-04,6114
00878,國泰永續高股息,8,2,6,台中銀-員林,2023-09-04,6114
2618,長榮航,6,0,6,台中銀-員林,2023-09-04,6114
3051,力特,8,2,6,台中銀-員林,2023-09-04,6114
2324,仁寶,12,7,5,台中銀-員林,2023-09-04,6114
1216,統一,5,0,5,台中銀-員林,2023-09-04,6114
00688L,國泰20年美債正2,5,0,5,台中銀-員林,2023-09-04,6114
1515,力山,5,0,5,台中銀-員林,2023-09-04,6114
2374,佳能,5,0,5,台中銀-員林,2023-09-04,6114
2461,光群雷,5,0,5,台中銀-員林,2023-09-04,6114
3338,泰碩,6,1,5,台中銀-員林,2023-09-04,6114
5388,中磊,5,0,5,台中銀-員林,2023-09-04,6114
1101,台泥,302,1,301,台中銀-員林,2023-09-05,6114
00929,復華台灣科技優息,132,26,106,台中銀-員林,2023-09-05,6114
6213,聯茂,68,9,59,台中銀-員林,2023-09-05,6114
2363,矽統,232,173,59,台中銀-員林,2023-09-05,6114
3545,敦泰,55,0,55,台中銀-員林,2023-09-05,6114
00919,群益台灣精選高息,56,4,52,台中銀-員林,2023-09-05,6114
00891,中信關鍵半導體,50,2,48,台中銀-員林,2023-09-05,6114
4909,新復興,43,3,40,台中銀-員林,2023-09-05,6114
2834,臺企銀,25,0,25,台中銀-員林,2023-09-05,6114
6285,啟��,26,2,24,台中銀-員林,2023-09-05,6114
3357,臺慶科,21,1,20,台中銀-員林,2023-09-05,6114
3038,全台,20,0,20,台中銀-員林,2023-09-05,6114
3481,群創,26,6,20,台中銀-員林,2023-09-05,6114
6547,高端疫苗,25,7,18,台中銀-員林,2023-09-05,6114
00633L,富邦上証正2,20,3,17,台中銀-員林,2023-09-05,6114
3679,新至陞,19,2,17,台中銀-員林,2023-09-05,6114
2634,漢翔,23,8,15,台中銀-員林,2023-09-05,6114
2402,毅嘉,37,23,14,台中銀-員林,2023-09-05,6114
3231,緯創,27,15,12,台中銀-員林,2023-09-05,6114
3715,定穎投控,32,20,12,台中銀-員林,2023-09-05,6114
2603,長榮,12,1,11,台中銀-員林,2023-09-05,6114
1303,南亞,10,0,10,台中銀-員林,2023-09-05,6114
00642U,期元大S＆P石油,10,0,10,台中銀-員林,2023-09-05,6114
00932,兆豐永續高息等權,10,0,10,台中銀-員林,2023-09-05,6114
1603,華電,10,0,10,台中銀-員林,2023-09-05,6114
2609,陽明,28,18,10,台中銀-員林,2023-09-05,6114
3044,健鼎,13,3,10,台中銀-員林,2023-09-05,6114
3265,台星科,10,0,10,台中銀-員林,2023-09-05,6114
4967,十銓,10,0,10,台中銀-員林,2023-09-05,6114
4973,廣穎,10,0,10,台中銀-員林,2023-09-05,6114
6485,點序,12,2,10,台中銀-員林,2023-09-05,6114
6282,康舒,15,6,9,台中銀-員林,2023-09-05,6114
00931B,統一美債20年,8,0,8,台中銀-員林,2023-09-05,6114
2482,連宇,8,0,8,台中銀-員林,2023-09-05,6114
00885,富邦越南,10,3,7,台中銀-員林,2023-09-05,6114
3526,凡甲,7,0,7,台中銀-員林,2023-09-05,6114
9904,寶成,7,0,7,台中銀-員林,2023-09-05,6114
00878,國泰永續高股息,19,13,6,台中銀-員林,2023-09-05,6114
2885,元大金,6,0,6,台中銀-員林,2023-09-05,6114
3078,僑威,10,4,6,台中銀-員林,2023-09-05,6114
3346,麗清,6,0,6,台中銀-員林,2023-09-05,6114
6732,昇佳電子,10,4,6,台中銀-員林,2023-09-05,6114
3363,上詮,7,1,6,台中銀-員林,2023-09-05,6114
00680L,元大美債20正2,8,3,5,台中銀-員林,2023-09-05,6114
2369,菱生,50,45,5,台中銀-員林,2023-09-05,6114
2421,建準,6,1,5,台中銀-員林,2023-09-05,6114
2542,興富發,5,0,5,台中銀-員林,2023-09-05,6114
2618,長榮航,8,3,5,台中銀-員林,2023-09-05,6114
4746,台耀,5,0,5,台中銀-員林,2023-09-05,6114
6104,創惟,5,0,5,台中銀-員林,2023-09-05,6114
1101,台泥,722,0,722,台中銀-員林,2023-09-06,6114
00929,復華台灣科技優息,405,99,306,台中銀-員林,2023-09-06,6114
00891,中信關鍵半導體,160,30,130,台中銀-員林,2023-09-06,6114
3481,群創,137,15,122,台中銀-員林,2023-09-06,6114
2312,金寶,109,0,109,台中銀-員林,2023-09-06,6114
00922,國泰台灣領袖50,102,0,102,台中銀-員林,2023-09-06,6114
00915,凱基優選高股息30,87,0,87,台中銀-員林,2023-09-06,6114
2409,友達,67,0,67,台中銀-員林,2023-09-06,6114
2303,聯電,63,2,61,台中銀-員林,2023-09-06,6114
00919,群益台灣精選高息,53,5,48,台中銀-員林,2023-09-06,6114
2888,新光金,54,6,48,台中銀-員林,2023-09-06,6114
1802,台玻,48,1,47,台中銀-員林,2023-09-06,6114
3051,力特,50,4,46,台中銀-員林,2023-09-06,6114
2401,凌陽,52,22,30,台中銀-員林,2023-09-06,6114
8109,博大,30,0,30,台中銀-員林,2023-09-06,6114
6770,力積電,25,0,25,台中銀-員林,2023-09-06,6114
5309,系統電,25,0,25,台中銀-員林,2023-09-06,6114
1603,華電,25,1,24,台中銀-員林,2023-09-06,6114
00923,群益台ESG低碳50,21,0,21,台中銀-員林,2023-09-06,6114
2002,中鋼,21,0,21,台中銀-員林,2023-09-06,6114
2358,廷鑫,20,0,20,台中銀-員林,2023-09-06,6114
4909,新復興,21,1,20,台中銀-員林,2023-09-06,6114
2891,中信金,18,0,18,台中銀-員林,2023-09-06,6114
4906,正文,28,12,16,台中銀-員林,2023-09-06,6114
2886,兆豐金,16,0,16,台中銀-員林,2023-09-06,6114
00642U,期元大S＆P石油,15,0,15,台中銀-員林,2023-09-06,6114
2405,輔信,15,0,15,台中銀-員林,2023-09-06,6114
2434,統懋,15,0,15,台中銀-員林,2023-09-06,6114
3357,臺慶科,14,0,14,台中銀-員林,2023-09-06,6114
00882,中信中國高股息,14,0,14,台中銀-員林,2023-09-06,6114
8358,金居,30,16,14,台中銀-員林,2023-09-06,6114
00918,大華優利高填息30,12,0,12,台中銀-員林,2023-09-06,6114
2601,益航,11,0,11,台中銀-員林,2023-09-06,6114
3379,彬台,11,0,11,台中銀-員林,2023-09-06,6114
3035,智原,24,13,11,台中銀-員林,2023-09-06,6114
00931B,統一美債20年,10,0,10,台中銀-員林,2023-09-06,6114
00900,富邦特選高股息30,11,1,10,台中銀-員林,2023-09-06,6114
00633L,富邦上証正2,10,0,10,台中銀-員林,2023-09-06,6114
2461,光群雷,10,0,10,台中銀-員林,2023-09-06,6114
2515,中工,10,0,10,台中銀-員林,2023-09-06,6114
3308,聯德,20,10,10,台中銀-員林,2023-09-06,6114
3362,先進光,42,32,10,台中銀-員林,2023-09-06,6114
5880,合庫金,9,0,9,台中銀-員林,2023-09-06,6114
2201,裕隆,11,2,9,台中銀-員林,2023-09-06,6114
3046,建��,10,1,9,台中銀-員林,2023-09-06,6114
6282,康舒,18,9,9,台中銀-員林,2023-09-06,6114
8935,邦泰,9,0,9,台中銀-員林,2023-09-06,6114
2801,彰銀,8,0,8,台中銀-員林,2023-09-06,6114
8016,矽創,10,2,8,台中銀-員林,2023-09-06,6114
1789,神隆,8,0,8,台中銀-員林,2023-09-06,6114
1101,台泥,255,1,254,台中銀-員林,2023-09-07,6114
3481,群創,124,3,121,台中銀-員林,2023-09-07,6114
1718,中纖,100,0,100,台中銀-員林,2023-09-07,6114
00919,群益台灣精選高息,100,1,99,台中銀-員林,2023-09-07,6114
4931,新盛力,48,0,48,台中銀-員林,2023-09-07,6114
2891,中信金,41,0,41,台中銀-員林,2023-09-07,6114
1802,台玻,33,0,33,台中銀-員林,2023-09-07,6114
6213,聯茂,31,2,29,台中銀-員林,2023-09-07,6114
2313,華通,43,15,28,台中銀-員林,2023-09-07,6114
00632R,元大台灣50反1,30,5,25,台中銀-員林,2023-09-07,6114
2409,友達,21,0,21,台中銀-員林,2023-09-07,6114
6116,彩晶,21,0,21,台中銀-員林,2023-09-07,6114
00706L,期元大S＆P日圓正2,20,0,20,台中銀-員林,2023-09-07,6114
00915,凱基優選高股息30,19,0,19,台中銀-員林,2023-09-07,6114
2601,益航,17,0,17,台中銀-員林,2023-09-07,6114
2353,宏��,16,0,16,台中銀-員林,2023-09-07,6114
00902,中信電池及儲能,15,0,15,台中銀-員林,2023-09-07,6114
00753L,中信中國50正2,35,20,15,台中銀-員林,2023-09-07,6114
3625,西勝,15,0,15,台中銀-員林,2023-09-07,6114
2492,華新科,14,1,13,台中銀-員林,2023-09-07,6114
2618,長榮航,13,0,13,台中銀-員林,2023-09-07,6114
5215,科嘉-KY,13,0,13,台中銀-員林,2023-09-07,6114
00878,國泰永續高股息,15,3,12,台中銀-員林,2023-09-07,6114
2002,中鋼,12,0,12,台中銀-員林,2023-09-07,6114
2330,台積電,13,1,12,台中銀-員林,2023-09-07,6114
2358,廷鑫,19,7,12,台中銀-員林,2023-09-07,6114
2611,志信,12,0,12,台中銀-員林,2023-09-07,6114
6120,達運,12,0,12,台中銀-員林,2023-09-07,6114
8112,至上,19,7,12,台中銀-員林,2023-09-07,6114
5381,合正,15,4,11,台中銀-員林,2023-09-07,6114
8033,雷虎,11,0,11,台中銀-員林,2023-09-07,6114
6415,矽力*-KY,12,2,10,台中銀-員林,2023-09-07,6114
5236,凌陽創新,11,1,10,台中銀-員林,2023-09-07,6114
2436,偉詮電,44,34,10,台中銀-員林,2023-09-07,6114
2834,臺企銀,10,0,10,台中銀-員林,2023-09-07,6114
3624,光頡,10,0,10,台中銀-員林,2023-09-07,6114
3706,神達,10,0,10,台中銀-員林,2023-09-07,6114
8466,美吉吉-KY,10,0,10,台中銀-員林,2023-09-07,6114
3715,定穎投控,20,10,10,台中銀-員林,2023-09-07,6114
3311,閎暉,11,2,9,台中銀-員林,2023-09-07,6114
3088,艾訊,10,1,9,台中銀-員林,2023-09-07,6114
9928,中視,9,0,9,台中銀-員林,2023-09-07,6114
1605,華新,8,0,8,台中銀-員林,2023-09-07,6114
2332,友訊,8,0,8,台中銀-員林,2023-09-07,6114
3264,欣銓,10,2,8,台中銀-員林,2023-09-07,6114
3231,緯創,10,3,7,台中銀-員林,2023-09-07,6114
2376,技嘉,9,2,7,台中銀-員林,2023-09-07,6114
00888,永豐台灣ESG,7,0,7,台中銀-員林,2023-09-07,6114
2402,毅嘉,26,19,7,台中銀-員林,2023-09-07,6114
2888,新光金,22,15,7,台中銀-員林,2023-09-07,6114
1101,台泥,407,0,407,台中銀-員林,2023-09-08,6114
00931B,統一美債20年,202,0,202,台中銀-員林,2023-09-08,6114
00918,大華優利高填息30,82,0,82,台中銀-員林,2023-09-08,6114
00753L,中信中國50正2,78,0,78,台中銀-員林,2023-09-08,6114
00929,復華台灣科技優息,79,9,70,台中銀-員林,2023-09-08,6114
2436,偉詮電,77,13,64,台中銀-員林,2023-09-08,6114
00919,群益台灣精選高息,39,0,39,台中銀-員林,2023-09-08,6114
1909,榮成,30,0,30,台中銀-員林,2023-09-08,6114
9105,泰金寶-DR,30,0,30,台中銀-員林,2023-09-08,6114
6271,同欣電,28,0,28,台中銀-員林,2023-09-08,6114
2618,長榮航,52,25,27,台中銀-員林,2023-09-08,6114
1802,台玻,25,2,23,台中銀-員林,2023-09-08,6114
00679B,元大美債20年,22,0,22,台中銀-員林,2023-09-08,6114
2440,太空梭,20,0,20,台中銀-員林,2023-09-08,6114
3047,訊舟,20,0,20,台中銀-員林,2023-09-08,6114
6015,宏遠證,20,0,20,台中銀-員林,2023-09-08,6114
00915,凱基優選高股息30,19,0,19,台中銀-員林,2023-09-08,6114
2399,映泰,20,1,19,台中銀-員林,2023-09-08,6114
00878,國泰永續高股息,22,4,18,台中銀-員林,2023-09-08,6114
00665L,富邦�琤肭磪囓�2,18,0,18,台中銀-員林,2023-09-08,6114
2014,中鴻,16,0,16,台中銀-員林,2023-09-08,6114
3035,智原,33,17,16,台中銀-員林,2023-09-08,6114
2356,英業達,18,3,15,台中銀-員林,2023-09-08,6114
8050,廣積,26,11,15,台中銀-員林,2023-09-08,6114
6446,藥華藥,12,0,12,台中銀-員林,2023-09-08,6114
2402,毅嘉,25,13,12,台中銀-員林,2023-09-08,6114
2002,中鋼,13,2,11,台中銀-員林,2023-09-08,6114
6274,台燿,13,2,11,台中銀-員林,2023-09-08,6114
1603,華電,11,0,11,台中銀-員林,2023-09-08,6114
6411,晶焱,10,0,10,台中銀-員林,2023-09-08,6114
8086,宏捷科,11,1,10,台中銀-員林,2023-09-08,6114
00923,群益台ESG低碳50,10,0,10,台中銀-員林,2023-09-08,6114
00633L,富邦上証正2,10,0,10,台中銀-員林,2023-09-08,6114
2017,官田鋼,10,0,10,台中銀-員林,2023-09-08,6114
2201,裕隆,10,0,10,台中銀-員林,2023-09-08,6114
2409,友達,10,0,10,台中銀-員林,2023-09-08,6114
3013,晟銘電,11,1,10,台中銀-員林,2023-09-08,6114
3078,僑威,13,3,10,台中銀-員林,2023-09-08,6114
6243,迅杰,10,0,10,台中銀-員林,2023-09-08,6114
2330,台積電,9,0,9,台中銀-員林,2023-09-08,6114
0056,元大高股息,10,2,8,台中銀-員林,2023-09-08,6114
3545,敦泰,8,0,8,台中銀-員林,2023-09-08,6114
6547,高端疫苗,8,0,8,台中銀-員林,2023-09-08,6114
8466,美吉吉-KY,8,0,8,台中銀-員林,2023-09-08,6114
6188,廣明,8,1,7,台中銀-員林,2023-09-08,6114
3483,力致,9,2,7,台中銀-員林,2023-09-08,6114
5608,四維航,8,1,7,台中銀-員林,2023-09-08,6114
2376,技嘉,40,34,6,台中銀-員林,2023-09-08,6114
3062,建漢,6,0,6,台中銀-員林,2023-09-08,6114
4916,事欣科,15,9,6,台中銀-員林,2023-09-08,6114
00919,群益台灣精選高息,153,11,142,台中銀-員林,2023-09-11,6114
6770,力積電,130,6,124,台中銀-員林,2023-09-11,6114
00878,國泰永續高股息,132,19,113,台中銀-員林,2023-09-11,6114
2312,金寶,78,0,78,台中銀-員林,2023-09-11,6114
00665L,富邦�琤肭磪囓�2,50,3,47,台中銀-員林,2023-09-11,6114
2634,漢翔,81,36,45,台中銀-員林,2023-09-11,6114
2376,技嘉,219,178,41,台中銀-員林,2023-09-11,6114
3357,臺慶科,34,0,34,台中銀-員林,2023-09-11,6114
1605,華新,33,1,32,台中銀-員林,2023-09-11,6114
6026,福邦證,30,0,30,台中銀-員林,2023-09-11,6114
1618,合機,41,12,29,台中銀-員林,2023-09-11,6114
3163,波若威,28,2,26,台中銀-員林,2023-09-11,6114
00929,復華台灣科技優息,78,53,25,台中銀-員林,2023-09-11,6114
2892,第一金,23,0,23,台中銀-員林,2023-09-11,6114
2888,新光金,30,8,22,台中銀-員林,2023-09-11,6114
5371,中光電,22,1,21,台中銀-員林,2023-09-11,6114
00715L,期街口布蘭特正2,20,0,20,台中銀-員林,2023-09-11,6114
2106,建大,20,0,20,台中銀-員林,2023-09-11,6114
1802,台玻,21,2,19,台中銀-員林,2023-09-11,6114
6209,今國光,19,0,19,台中銀-員林,2023-09-11,6114
3231,緯創,48,30,18,台中銀-員林,2023-09-11,6114
6125,廣運,18,0,18,台中銀-員林,2023-09-11,6114
6535,順藥,18,0,18,台中銀-員林,2023-09-11,6114
00902,中信電池及儲能,17,0,17,台中銀-員林,2023-09-11,6114
00932,兆豐永續高息等權,14,0,14,台中銀-員林,2023-09-11,6114
2382,廣達,24,10,14,台中銀-員林,2023-09-11,6114
00882,中信中國高股息,14,0,14,台中銀-員林,2023-09-11,6114
1522,堤維西,29,15,14,台中銀-員林,2023-09-11,6114
0056,元大高股息,15,2,13,台中銀-員林,2023-09-11,6114
00931B,統一美債20年,12,0,12,台中銀-員林,2023-09-11,6114
1314,中石化,13,1,12,台中銀-員林,2023-09-11,6114
2313,華通,20,8,12,台中銀-員林,2023-09-11,6114
8926,台汽電,12,0,12,台中銀-員林,2023-09-11,6114
00915,凱基優選高股息30,11,0,11,台中銀-員林,2023-09-11,6114
2887,台新金,10,0,10,台中銀-員林,2023-09-11,6114
4564,元翎,10,0,10,台中銀-員林,2023-09-11,6114
2367,燿華,10,0,10,台中銀-員林,2023-09-11,6114
2388,威盛,15,5,10,台中銀-員林,2023-09-11,6114
2476,鉅祥,22,12,10,台中銀-員林,2023-09-11,6114
3049,精金,10,0,10,台中銀-員林,2023-09-11,6114
3217,優群,10,0,10,台中銀-員林,2023-09-11,6114
4147,中裕,10,0,10,台中銀-員林,2023-09-11,6114
3051,力特,10,0,10,台中銀-員林,2023-09-11,6114
3419,譁裕,9,0,9,台中銀-員林,2023-09-11,6114
6191,精成科,9,0,9,台中銀-員林,2023-09-11,6114
00772B,中信高評級公司債,8,0,8,台中銀-員林,2023-09-11,6114
2314,台揚,10,2,8,台中銀-員林,2023-09-11,6114
3078,僑威,14,6,8,台中銀-員林,2023-09-11,6114
3481,群創,13,6,7,台中銀-員林,2023-09-11,6114
00751B,元大AAA至A公司債,7,0,7,台中銀-員林,2023-09-11,6114
2812,台中銀,102,20,82,台中銀-員林,2023-09-12,6114
2313,華通,75,19,56,台中銀-員林,2023-09-12,6114
2363,矽統,147,113,34,台中銀-員林,2023-09-12,6114
2374,佳能,35,2,33,台中銀-員林,2023-09-12,6114
3260,威剛,45,14,31,台中銀-員林,2023-09-12,6114
4529,淳紳,30,0,30,台中銀-員林,2023-09-12,6114
5381,合正,32,3,29,台中銀-員林,2023-09-12,6114
2312,金寶,23,1,22,台中銀-員林,2023-09-12,6114
2486,一詮,22,0,22,台中銀-員林,2023-09-12,6114
2208,台船,21,0,21,台中銀-員林,2023-09-12,6114
00715L,期街口布蘭特正2,20,0,20,台中銀-員林,2023-09-12,6114
2618,長榮航,33,13,20,台中銀-員林,2023-09-12,6114
3481,群創,19,1,18,台中銀-員林,2023-09-12,6114
00929,復華台灣科技優息,39,23,16,台中銀-員林,2023-09-12,6114
3047,訊舟,16,2,14,台中銀-員林,2023-09-12,6114
3078,僑威,22,9,13,台中銀-員林,2023-09-12,6114
2476,鉅祥,23,10,13,台中銀-員林,2023-09-12,6114
6120,達運,16,3,13,台中銀-員林,2023-09-12,6114
1517,利奇,13,1,12,台中銀-員林,2023-09-12,6114
2460,建通,12,0,12,台中銀-員林,2023-09-12,6114
6188,廣明,27,15,12,台中銀-員林,2023-09-12,6114
2630,亞航,31,20,11,台中銀-員林,2023-09-12,6114
2409,友達,12,1,11,台中銀-員林,2023-09-12,6114
2457,飛宏,11,0,11,台中銀-員林,2023-09-12,6114
2314,台揚,10,0,10,台中銀-員林,2023-09-12,6114
2609,陽明,11,1,10,台中銀-員林,2023-09-12,6114
3622,洋華,10,0,10,台中銀-員林,2023-09-12,6114
4706,大恭,10,0,10,台中銀-員林,2023-09-12,6114
6792,詠業,11,1,10,台中銀-員林,2023-09-12,6114
8092,建暐,10,0,10,台中銀-員林,2023-09-12,6114
3264,欣銓,20,10,10,台中銀-員林,2023-09-12,6114
00878,國泰永續高股息,9,0,9,台中銀-員林,2023-09-12,6114
1504,東元,9,0,9,台中銀-員林,2023-09-12,6114
3234,光環,10,1,9,台中銀-員林,2023-09-12,6114
6770,力積電,19,10,9,台中銀-員林,2023-09-12,6114
2002,中鋼,8,0,8,台中銀-員林,2023-09-12,6114
4561,健椿,8,0,8,台中銀-員林,2023-09-12,6114
8341,日友,8,0,8,台中銀-員林,2023-09-12,6114
2356,英業達,31,24,7,台中銀-員林,2023-09-12,6114
6116,彩晶,7,0,7,台中銀-員林,2023-09-12,6114
3042,晶技,7,0,7,台中銀-員林,2023-09-12,6114
1609,大亞,6,0,6,台中銀-員林,2023-09-12,6114
1909,榮成,6,0,6,台中銀-員林,2023-09-12,6114
2495,普安,6,0,6,台中銀-員林,2023-09-12,6114
4909,新復興,6,0,6,台中銀-員林,2023-09-12,6114
8050,廣積,11,5,6,台中銀-員林,2023-09-12,6114
8926,台汽電,5,0,5,台中銀-員林,2023-09-12,6114
1305,華夏,5,0,5,台中銀-員林,2023-09-12,6114
1301,台塑,5,0,5,台中銀-員林,2023-09-12,6114
00642U,期元大S＆P石油,5,0,5,台中銀-員林,2023-09-12,6114
00929,復華台灣科技優息,195,11,184,台中銀-員林,2023-09-13,6114
00919,群益台灣精選高息,100,0,100,台中銀-員林,2023-09-13,6114
3682,亞太電,100,0,100,台中銀-員林,2023-09-13,6114
00878,國泰永續高股息,63,1,62,台中銀-員林,2023-09-13,6114
3450,聯鈞,59,0,59,台中銀-員林,2023-09-13,6114
2363,矽統,116,58,58,台中銀-員林,2023-09-13,6114
2312,金寶,52,2,50,台中銀-員林,2023-09-13,6114
00753L,中信中國50正2,52,8,44,台中銀-員林,2023-09-13,6114
1471,首利,49,5,44,台中銀-員林,2023-09-13,6114
00665L,富邦�琤肭磪囓�2,45,5,40,台中銀-員林,2023-09-13,6114
2355,敬鵬,37,7,30,台中銀-員林,2023-09-13,6114
2374,佳能,49,21,28,台中銀-員林,2023-09-13,6114
2025,千興,32,5,27,台中銀-員林,2023-09-13,6114
1517,利奇,30,5,25,台中銀-員林,2023-09-13,6114
2492,華新科,23,0,23,台中銀-員林,2023-09-13,6114
1524,耿鼎,92,71,21,台中銀-員林,2023-09-13,6114
2610,華航,27,9,18,台中銀-員林,2023-09-13,6114
3322,建舜電,32,16,16,台中銀-員林,2023-09-13,6114
00902,中信電池及儲能,16,0,16,台中銀-員林,2023-09-13,6114
2303,聯電,16,2,14,台中銀-員林,2023-09-13,6114
00900,富邦特選高股息30,14,0,14,台中銀-員林,2023-09-13,6114
00673R,期元大S＆P原油反1,12,0,12,台中銀-員林,2023-09-13,6114
1568,倉佑,16,4,12,台中銀-員林,2023-09-13,6114
2313,華通,29,17,12,台中銀-員林,2023-09-13,6114
2332,友訊,14,2,12,台中銀-員林,2023-09-13,6114
8086,宏捷科,11,0,11,台中銀-員林,2023-09-13,6114
00921,兆豐龍頭等權重,10,0,10,台中銀-員林,2023-09-13,6114
00706L,期元大S＆P日圓正2,10,0,10,台中銀-員林,2023-09-13,6114
00642U,期元大S＆P石油,10,0,10,台中銀-員林,2023-09-13,6114
2014,中鴻,10,0,10,台中銀-員林,2023-09-13,6114
2353,宏��,17,7,10,台中銀-員林,2023-09-13,6114
3051,力特,11,1,10,台中銀-員林,2023-09-13,6114
3231,緯創,22,12,10,台中銀-員林,2023-09-13,6114
2208,台船,11,2,9,台中銀-員林,2023-09-13,6114
2356,英業達,31,22,9,台中銀-員林,2023-09-13,6114
2634,漢翔,9,0,9,台中銀-員林,2023-09-13,6114
3029,零壹,9,0,9,台中銀-員林,2023-09-13,6114
6770,力積電,14,5,9,台中銀-員林,2023-09-13,6114
2834,臺企銀,8,0,8,台中銀-員林,2023-09-13,6114
4919,新唐,14,6,8,台中銀-員林,2023-09-13,6114
6125,廣運,12,4,8,台中銀-員林,2023-09-13,6114
00918,大華優利高填息30,7,0,7,台中銀-員林,2023-09-13,6114
2618,長榮航,7,0,7,台中銀-員林,2023-09-13,6114
00632R,元大台灣50反1,13,7,6,台中銀-員林,2023-09-13,6114
2402,毅嘉,7,1,6,台中銀-員林,2023-09-13,6114
5009,榮剛,6,0,6,台中銀-員林,2023-09-13,6114
00915,凱基優選高股息30,5,0,5,台中銀-員林,2023-09-13,6114
2461,光群雷,5,0,5,台中銀-員林,2023-09-13,6114
2838,聯邦銀,5,0,5,台中銀-員林,2023-09-13,6114
3024,憶聲,5,0,5,台中銀-員林,2023-09-13,6114
00929,復華台灣科技優息,324,5,319,台中銀-員林,2023-09-14,6114
00919,群益台灣精選高息,314,0,314,台中銀-員林,2023-09-14,6114
3380,明泰,92,0,92,台中銀-員林,2023-09-14,6114
00632R,元大台灣50反1,85,0,85,台中銀-員林,2023-09-14,6114
1471,首利,50,0,50,台中銀-員林,2023-09-14,6114
2634,漢翔,62,19,43,台中銀-員林,2023-09-14,6114
9938,百和,33,0,33,台中銀-員林,2023-09-14,6114
1522,堤維西,176,146,30,台中銀-員林,2023-09-14,6114
00720B,元大投資級公司債,30,0,30,台中銀-員林,2023-09-14,6114
00753L,中信中國50正2,32,2,30,台中銀-員林,2023-09-14,6114
5371,中光電,36,8,28,台中銀-員林,2023-09-14,6114
2371,大同,24,3,21,台中銀-員林,2023-09-14,6114
2405,輔信,20,0,20,台中銀-員林,2023-09-14,6114
3545,敦泰,27,10,17,台中銀-員林,2023-09-14,6114
8109,博大,19,2,17,台中銀-員林,2023-09-14,6114
00885,富邦越南,35,20,15,台中銀-員林,2023-09-14,6114
2356,英業達,29,14,15,台中銀-員林,2023-09-14,6114
2883,凱基金,16,1,15,台中銀-員林,2023-09-14,6114
00918,大華優利高填息30,14,0,14,台中銀-員林,2023-09-14,6114
2402,毅嘉,19,5,14,台中銀-員林,2023-09-14,6114
00932,兆豐永續高息等權,12,0,12,台中銀-員林,2023-09-14,6114
3005,神基,12,1,11,台中銀-員林,2023-09-14,6114
6116,彩晶,11,0,11,台中銀-員林,2023-09-14,6114
00712,復華富時不動產,10,0,10,台中銀-員林,2023-09-14,6114
00665L,富邦�琤肭磪囓�2,10,0,10,台中銀-員林,2023-09-14,6114
00648R,元大S＆P500反1,10,0,10,台中銀-員林,2023-09-14,6114
00642U,期元大S＆P石油,10,0,10,台中銀-員林,2023-09-14,6114
1528,恩德,10,0,10,台中銀-員林,2023-09-14,6114
2515,中工,10,0,10,台中銀-員林,2023-09-14,6114
3624,光頡,10,0,10,台中銀-員林,2023-09-14,6114
4739,康普,10,0,10,台中銀-員林,2023-09-14,6114
00931B,統一美債20年,10,0,10,台中銀-員林,2023-09-14,6114
1536,和大,9,0,9,台中銀-員林,2023-09-14,6114
2472,立隆電,9,0,9,台中銀-員林,2023-09-14,6114
2204,中華,11,2,9,台中銀-員林,2023-09-14,6114
1314,中石化,10,2,8,台中銀-員林,2023-09-14,6114
5465,富驊,8,0,8,台中銀-員林,2023-09-14,6114
3013,晟銘電,11,3,8,台中銀-員林,2023-09-14,6114
2323,中環,10,3,7,台中銀-員林,2023-09-14,6114
2880,華南金,10,3,7,台中銀-員林,2023-09-14,6114
5347,世界,12,5,7,台中銀-員林,2023-09-14,6114
3264,欣銓,6,0,6,台中銀-員林,2023-09-14,6114
1301,台塑,6,0,6,台中銀-員林,2023-09-14,6114
2034,允強,6,0,6,台中銀-員林,2023-09-14,6114
2538,基泰,12,6,6,台中銀-員林,2023-09-14,6114
1612,宏泰,5,0,5,台中銀-員林,2023-09-14,6114
2301,光寶科,8,3,5,台中銀-員林,2023-09-14,6114
2485,兆赫,10,5,5,台中銀-員林,2023-09-14,6114
3122,笙泉,5,0,5,台中銀-員林,2023-09-14,6114
3202,樺晟,5,0,5,台中銀-員林,2023-09-14,6114
2838,聯邦銀,200,0,200,台中銀-員林,2023-09-15,6114
2486,一詮,201,40,161,台中銀-員林,2023-09-15,6114
2888,新光金,74,10,64,台中銀-員林,2023-09-15,6114
00919,群益台灣精選高息,94,40,54,台中銀-員林,2023-09-15,6114
8068,全達,30,0,30,台中銀-員林,2023-09-15,6114
00712,復華富時不動產,27,0,27,台中銀-員林,2023-09-15,6114
2633,台灣高鐵,30,4,26,台中銀-員林,2023-09-15,6114
5371,中光電,35,12,23,台中銀-員林,2023-09-15,6114
00932,兆豐永續高息等權,22,0,22,台中銀-員林,2023-09-15,6114
00680L,元大美債20正2,22,0,22,台中銀-員林,2023-09-15,6114
2891,中信金,24,3,21,台中銀-員林,2023-09-15,6114
00751B,元大AAA至A公司債,21,0,21,台中銀-員林,2023-09-15,6114
3260,威剛,22,2,20,台中銀-員林,2023-09-15,6114
00675L,富邦臺灣加權正2,20,0,20,台中銀-員林,2023-09-15,6114
00637L,元大滬深300正2,20,0,20,台中銀-員林,2023-09-15,6114
2440,太空梭,20,1,19,台中銀-員林,2023-09-15,6114
2812,台中銀,51,32,19,台中銀-員林,2023-09-15,6114
2002,中鋼,19,1,18,台中銀-員林,2023-09-15,6114
2618,長榮航,18,0,18,台中銀-員林,2023-09-15,6114
00885,富邦越南,17,1,16,台中銀-員林,2023-09-15,6114
00632R,元大台灣50反1,15,0,15,台中銀-員林,2023-09-15,6114
6191,精成科,16,2,14,台中銀-員林,2023-09-15,6114
3035,智原,31,17,14,台中銀-員林,2023-09-15,6114
2634,漢翔,37,23,14,台中銀-員林,2023-09-15,6114
3363,上詮,36,22,14,台中銀-員林,2023-09-15,6114
1471,首利,13,0,13,台中銀-員林,2023-09-15,6114
00673R,期元大S＆P原油反1,12,0,12,台中銀-員林,2023-09-15,6114
2332,友訊,12,0,12,台中銀-員林,2023-09-15,6114
2355,敬鵬,13,1,12,台中銀-員林,2023-09-15,6114
3058,立德,14,2,12,台中銀-員林,2023-09-15,6114
2615,萬海,13,2,11,台中銀-員林,2023-09-15,6114
2374,佳能,11,0,11,台中銀-員林,2023-09-15,6114
2476,鉅祥,11,0,11,台中銀-員林,2023-09-15,6114
2601,益航,61,50,11,台中銀-員林,2023-09-15,6114
6156,松上,11,0,11,台中銀-員林,2023-09-15,6114
00706L,期元大S＆P日圓正2,10,0,10,台中銀-員林,2023-09-15,6114
2881,富邦金,10,0,10,台中銀-員林,2023-09-15,6114
2915,潤泰全,10,0,10,台中銀-員林,2023-09-15,6114
3217,優群,10,0,10,台中銀-員林,2023-09-15,6114
4533,協易機,11,1,10,台中銀-員林,2023-09-15,6114
4977,眾達-KY,32,22,10,台中銀-員林,2023-09-15,6114
6547,高端疫苗,10,0,10,台中銀-員林,2023-09-15,6114
8054,安國,9,0,9,台中銀-員林,2023-09-15,6114
5465,富驊,29,20,9,台中銀-員林,2023-09-15,6114
1568,倉佑,10,2,8,台中銀-員林,2023-09-15,6114
2316,楠梓電,10,2,8,台中銀-員林,2023-09-15,6114
2317,鴻海,10,2,8,台中銀-員林,2023-09-15,6114
5381,合正,8,0,8,台中銀-員林,2023-09-15,6114
3163,波若威,74,66,8,台中銀-員林,2023-09-15,6114
3704,合勤控,9,1,8,台中銀-員林,2023-09-15,6114
00929,復華台灣科技優息,302,80,222,台中銀-員林,2023-09-18,6114
2376,技嘉,90,18,72,台中銀-員林,2023-09-18,6114
00919,群益台灣精選高息,131,66,65,台中銀-員林,2023-09-18,6114
2812,台中銀,58,6,52,台中銀-員林,2023-09-18,6114
00896,中信綠能及電動車,50,0,50,台中銀-員林,2023-09-18,6114
00665L,富邦�琤肭磪囓�2,60,10,50,台中銀-員林,2023-09-18,6114
00679B,元大美債20年,39,0,39,台中銀-員林,2023-09-18,6114
00680L,元大美債20正2,37,0,37,台中銀-員林,2023-09-18,6114
00751B,元大AAA至A公司債,30,0,30,台中銀-員林,2023-09-18,6114
00907,永豐優息存股,28,0,28,台中銀-員林,2023-09-18,6114
2330,台積電,26,0,26,台中銀-員林,2023-09-18,6114
00795B,中信美國公債20年,25,0,25,台中銀-員林,2023-09-18,6114
00688L,國泰20年美債正2,25,0,25,台中銀-員林,2023-09-18,6114
00931B,統一美債20年,24,0,24,台中銀-員林,2023-09-18,6114
2337,旺宏,27,4,23,台中銀-員林,2023-09-18,6114
3276,宇環,21,0,21,台中銀-員林,2023-09-18,6114
2492,華新科,20,0,20,台中銀-員林,2023-09-18,6114
2363,矽統,213,194,19,台中銀-員林,2023-09-18,6114
3051,力特,17,1,16,台中銀-員林,2023-09-18,6114
6770,力積電,15,0,15,台中銀-員林,2023-09-18,6114
2324,仁寶,14,0,14,台中銀-員林,2023-09-18,6114
6182,合晶,15,1,14,台中銀-員林,2023-09-18,6114
00753L,中信中國50正2,40,27,13,台中銀-員林,2023-09-18,6114
3325,旭品,12,0,12,台中銀-員林,2023-09-18,6114
2353,宏��,14,3,11,台中銀-員林,2023-09-18,6114
00885,富邦越南,11,0,11,台中銀-員林,2023-09-18,6114
2356,英業達,14,3,11,台中銀-員林,2023-09-18,6114
2606,裕民,11,0,11,台中銀-員林,2023-09-18,6114
2888,新光金,11,0,11,台中銀-員林,2023-09-18,6114
3715,定穎投控,60,49,11,台中銀-員林,2023-09-18,6114
00713,元大台灣高息低波,11,1,10,台中銀-員林,2023-09-18,6114
3706,神達,10,0,10,台中銀-員林,2023-09-18,6114
2882,國泰金,10,0,10,台中銀-員林,2023-09-18,6114
3046,建��,11,1,10,台中銀-員林,2023-09-18,6114
3483,力致,16,6,10,台中銀-員林,2023-09-18,6114
4960,誠美材,10,0,10,台中銀-員林,2023-09-18,6114
8210,勤誠,11,1,10,台中銀-員林,2023-09-18,6114
2382,廣達,12,3,9,台中銀-員林,2023-09-18,6114
2308,台達電,8,0,8,台中銀-員林,2023-09-18,6114
3264,欣銓,8,0,8,台中銀-員林,2023-09-18,6114
00687B,國泰20年美債,8,0,8,台中銀-員林,2023-09-18,6114
3617,碩天,8,0,8,台中銀-員林,2023-09-18,6114
3363,上詮,16,9,7,台中銀-員林,2023-09-18,6114
2472,立隆電,7,0,7,台中銀-員林,2023-09-18,6114
2609,陽明,14,7,7,台中銀-員林,2023-09-18,6114
8358,金居,12,5,7,台中銀-員林,2023-09-18,6114
6669,緯穎,7,0,7,台中銀-員林,2023-09-18,6114
2417,圓剛,9,3,6,台中銀-員林,2023-09-18,6114
00878,國泰永續高股息,23,17,6,台中銀-員林,2023-09-18,6114
3014,聯陽,7,1,6,台中銀-員林,2023-09-18,6114
00929,復華台灣科技優息,168,25,143,台中銀-員林,2023-09-19,6114
2371,大同,142,17,125,台中銀-員林,2023-09-19,6114
00919,群益台灣精選高息,94,8,86,台中銀-員林,2023-09-19,6114
00921,兆豐龍頭等權重,71,0,71,台中銀-員林,2023-09-19,6114
2363,矽統,117,68,49,台中銀-員林,2023-09-19,6114
00665L,富邦�琤肭磪囓�2,45,5,40,台中銀-員林,2023-09-19,6114
2354,鴻準,46,6,40,台中銀-員林,2023-09-19,6114
3622,洋華,40,0,40,台中銀-員林,2023-09-19,6114
00764B,群益25年美債,32,0,32,台中銀-員林,2023-09-19,6114
2332,友訊,36,5,31,台中銀-員林,2023-09-19,6114
4977,眾達-KY,27,1,26,台中銀-員林,2023-09-19,6114
00932,兆豐永續高息等權,23,0,23,台中銀-員林,2023-09-19,6114
00753L,中信中國50正2,25,5,20,台中銀-員林,2023-09-19,6114
2603,長榮,17,2,15,台中銀-員林,2023-09-19,6114
2634,漢翔,16,1,15,台中銀-員林,2023-09-19,6114
2618,長榮航,15,0,15,台中銀-員林,2023-09-19,6114
00902,中信電池及儲能,14,0,14,台中銀-員林,2023-09-19,6114
2337,旺宏,14,1,13,台中銀-員林,2023-09-19,6114
2355,敬鵬,17,5,12,台中銀-員林,2023-09-19,6114
00882,中信中國高股息,11,0,11,台中銀-員林,2023-09-19,6114
6271,同欣電,11,0,11,台中銀-員林,2023-09-19,6114
2201,裕隆,13,2,11,台中銀-員林,2023-09-19,6114
4746,台耀,21,10,11,台中銀-員林,2023-09-19,6114
8109,博大,11,0,11,台中銀-員林,2023-09-19,6114
00878,國泰永續高股息,30,20,10,台中銀-員林,2023-09-19,6114
4979,華星光,33,23,10,台中銀-員林,2023-09-19,6114
2204,中華,10,0,10,台中銀-員林,2023-09-19,6114
2340,台亞,10,0,10,台中銀-員林,2023-09-19,6114
2845,遠東銀,10,0,10,台中銀-員林,2023-09-19,6114
3296,勝德,10,0,10,台中銀-員林,2023-09-19,6114
6120,達運,10,0,10,台中銀-員林,2023-09-19,6114
3260,威剛,15,5,10,台中銀-員林,2023-09-19,6114
2427,三商電,9,0,9,台中銀-員林,2023-09-19,6114
3531,先益,9,0,9,台中銀-員林,2023-09-19,6114
6026,福邦證,9,0,9,台中銀-員林,2023-09-19,6114
6517,保勝光學,9,0,9,台中銀-員林,2023-09-19,6114
2330,台積電,10,1,9,台中銀-員林,2023-09-19,6114
1339,昭輝,8,0,8,台中銀-員林,2023-09-19,6114
2344,華邦電,14,6,8,台中銀-員林,2023-09-19,6114
2353,宏��,8,0,8,台中銀-員林,2023-09-19,6114
3357,臺慶科,8,0,8,台中銀-員林,2023-09-19,6114
6269,台郡,8,0,8,台中銀-員林,2023-09-19,6114
3362,先進光,8,0,8,台中銀-員林,2023-09-19,6114
2425,承啟,7,0,7,台中銀-員林,2023-09-19,6114
2462,良得電,8,1,7,台中銀-員林,2023-09-19,6114
2006,東和鋼鐵,7,0,7,台中銀-員林,2023-09-19,6114
1101,台泥,7,0,7,台中銀-員林,2023-09-19,6114
3005,神基,31,25,6,台中銀-員林,2023-09-19,6114
2014,中鴻,10,4,6,台中銀-員林,2023-09-19,6114
2356,英業達,20,14,6,台中銀-員林,2023-09-19,6114
1101,台泥,883,0,883,台中銀-員林,2023-09-20,6114
2367,燿華,233,18,215,台中銀-員林,2023-09-20,6114
00929,復華台灣科技優息,173,39,134,台中銀-員林,2023-09-20,6114
3715,定穎投控,133,62,71,台中銀-員林,2023-09-20,6114
2313,華通,130,68,62,台中銀-員林,2023-09-20,6114
2363,矽統,73,20,53,台中銀-員林,2023-09-20,6114
2888,新光金,50,0,50,台中銀-員林,2023-09-20,6114
1316,上曜,40,9,31,台中銀-員林,2023-09-20,6114
00753L,中信中國50正2,30,0,30,台中銀-員林,2023-09-20,6114
2618,長榮航,32,4,28,台中銀-員林,2023-09-20,6114
00921,兆豐龍頭等權重,28,0,28,台中銀-員林,2023-09-20,6114
00679B,元大美債20年,26,0,26,台中銀-員林,2023-09-20,6114
00665L,富邦�琤肭磪囓�2,20,0,20,台中銀-員林,2023-09-20,6114
2881,富邦金,17,0,17,台中銀-員林,2023-09-20,6114
2031,新光鋼,15,0,15,台中銀-員林,2023-09-20,6114
4977,眾達-KY,14,0,14,台中銀-員林,2023-09-20,6114
6770,力積電,14,0,14,台中銀-員林,2023-09-20,6114
2883,凱基金,13,0,13,台中銀-員林,2023-09-20,6114
1795,美時,13,1,12,台中銀-員林,2023-09-20,6114
2610,華航,12,0,12,台中銀-員林,2023-09-20,6114
2356,英業達,34,23,11,台中銀-員林,2023-09-20,6114
2891,中信金,11,0,11,台中銀-員林,2023-09-20,6114
3046,建��,11,0,11,台中銀-員林,2023-09-20,6114
6257,矽格,26,15,11,台中銀-員林,2023-09-20,6114
9938,百和,11,0,11,台中銀-員林,2023-09-20,6114
4944,兆遠,11,1,10,台中銀-員林,2023-09-20,6114
5347,世界,10,0,10,台中銀-員林,2023-09-20,6114
00919,群益台灣精選高息,39,29,10,台中銀-員林,2023-09-20,6114
1504,東元,17,8,9,台中銀-員林,2023-09-20,6114
3005,神基,20,11,9,台中銀-員林,2023-09-20,6114
3042,晶技,9,0,9,台中銀-員林,2023-09-20,6114
2355,敬鵬,28,19,9,台中銀-員林,2023-09-20,6114
2330,台積電,9,0,9,台中銀-員林,2023-09-20,6114
0056,元大高股息,9,0,9,台中銀-員林,2023-09-20,6114
1605,華新,14,6,8,台中銀-員林,2023-09-20,6114
2027,大成鋼,9,1,8,台中銀-員林,2023-09-20,6114
2353,宏��,11,3,8,台中銀-員林,2023-09-20,6114
2614,東森,8,0,8,台中銀-員林,2023-09-20,6114
3325,旭品,13,5,8,台中銀-員林,2023-09-20,6114
5225,東科-KY,15,7,8,台中銀-員林,2023-09-20,6114
6669,緯穎,8,0,8,台中銀-員林,2023-09-20,6114
3481,群創,11,4,7,台中銀-員林,2023-09-20,6114
2303,聯電,8,1,7,台中銀-員林,2023-09-20,6114
6282,康舒,9,3,6,台中銀-員林,2023-09-20,6114
2882,國泰金,6,0,6,台中銀-員林,2023-09-20,6114
00932,兆豐永續高息等權,6,0,6,台中銀-員林,2023-09-20,6114
3032,偉訓,7,1,6,台中銀-員林,2023-09-20,6114
3043,科風,13,7,6,台中銀-員林,2023-09-20,6114
3338,泰碩,6,0,6,台中銀-員林,2023-09-20,6114
6811,宏�硌穈T,6,0,6,台中銀-員林,2023-09-20,6114
1101,台泥,351,0,351,台中銀-員林,2023-09-21,6114
00929,復華台灣科技優息,283,34,249,台中銀-員林,2023-09-21,6114
00919,群益台灣精選高息,101,1,100,台中銀-員林,2023-09-21,6114
1584,精剛,59,10,49,台中銀-員林,2023-09-21,6114
2002,中鋼,48,0,48,台中銀-員林,2023-09-21,6114
3615,安可,45,0,45,台中銀-員林,2023-09-21,6114
2883,凱基金,32,0,32,台中銀-員林,2023-09-21,6114
00753L,中信中國50正2,29,0,29,台中銀-員林,2023-09-21,6114
2618,長榮航,25,0,25,台中銀-員林,2023-09-21,6114
00665L,富邦�琤肭磪囓�2,20,0,20,台中銀-員林,2023-09-21,6114
1618,合機,20,0,20,台中銀-員林,2023-09-21,6114
2472,立隆電,21,1,20,台中銀-員林,2023-09-21,6114
00878,國泰永續高股息,21,1,20,台中銀-員林,2023-09-21,6114
2330,台積電,16,0,16,台中銀-員林,2023-09-21,6114
3035,智原,30,14,16,台中銀-員林,2023-09-21,6114
2201,裕隆,17,2,15,台中銀-員林,2023-09-21,6114
0056,元大高股息,15,0,15,台中銀-員林,2023-09-21,6114
00902,中信電池及儲能,15,0,15,台中銀-員林,2023-09-21,6114
5880,合庫金,15,1,14,台中銀-員林,2023-09-21,6114
2891,中信金,14,0,14,台中銀-員林,2023-09-21,6114
2355,敬鵬,13,0,13,台中銀-員林,2023-09-21,6114
2367,燿華,21,9,12,台中銀-員林,2023-09-21,6114
2834,臺企銀,11,0,11,台中銀-員林,2023-09-21,6114
1471,首利,11,0,11,台中銀-員林,2023-09-21,6114
2888,新光金,11,0,11,台中銀-員林,2023-09-21,6114
6156,松上,11,0,11,台中銀-員林,2023-09-21,6114
00679B,元大美債20年,10,0,10,台中銀-員林,2023-09-21,6114
1216,統一,10,0,10,台中銀-員林,2023-09-21,6114
00642U,期元大S＆P石油,10,0,10,台中銀-員林,2023-09-21,6114
1409,新纖,10,0,10,台中銀-員林,2023-09-21,6114
2915,潤泰全,10,0,10,台中銀-員林,2023-09-21,6114
3711,日月光投控,10,0,10,台中銀-員林,2023-09-21,6114
00687B,國泰20年美債,9,0,9,台中銀-員林,2023-09-21,6114
3707,漢磊,14,5,9,台中銀-員林,2023-09-21,6114
00932,兆豐永續高息等權,8,0,8,台中銀-員林,2023-09-21,6114
2409,友達,9,1,8,台中銀-員林,2023-09-21,6114
1795,美時,12,5,7,台中銀-員林,2023-09-21,6114
2317,鴻海,7,0,7,台中銀-員林,2023-09-21,6114
2434,統懋,7,0,7,台中銀-員林,2023-09-21,6114
3357,臺慶科,7,0,7,台中銀-員林,2023-09-21,6114
2884,玉山金,7,1,6,台中銀-員林,2023-09-21,6114
1513,中興電,6,0,6,台中銀-員林,2023-09-21,6114
3265,台星科,9,3,6,台中銀-員林,2023-09-21,6114
3406,玉晶光,7,1,6,台中銀-員林,2023-09-21,6114
8299,群聯,6,0,6,台中銀-員林,2023-09-21,6114
2492,華新科,8,2,6,台中銀-員林,2023-09-21,6114
2882,國泰金,5,0,5,台中銀-員林,2023-09-21,6114
6284,佳邦,6,1,5,台中銀-員林,2023-09-21,6114
00724B,群益投資級金融債,5,0,5,台中銀-員林,2023-09-21,6114
00751B,元大AAA至A公司債,5,0,5,台中銀-員林,2023-09-21,6114
1101,台泥,658,0,658,台中銀-員林,2023-09-22,6114
00931B,統一美債20年,301,0,301,台中銀-員林,2023-09-22,6114
00772B,中信高評級公司債,192,0,192,台中銀-員林,2023-09-22,6114
00919,群益台灣精選高息,148,0,148,台中銀-員林,2023-09-22,6114
3715,定穎投控,122,29,93,台中銀-員林,2023-09-22,6114
00679B,元大美債20年,58,0,58,台中銀-員林,2023-09-22,6114
00751B,元大AAA至A公司債,43,0,43,台中銀-員林,2023-09-22,6114
2363,矽統,90,50,40,台中銀-員林,2023-09-22,6114
00687B,國泰20年美債,38,0,38,台中銀-員林,2023-09-22,6114
00680L,元大美債20正2,30,0,30,台中銀-員林,2023-09-22,6114
3265,台星科,55,26,29,台中銀-員林,2023-09-22,6114
00795B,中信美國公債20年,26,1,25,台中銀-員林,2023-09-22,6114
00715L,期街口布蘭特正2,25,1,24,台中銀-員林,2023-09-22,6114
00688L,國泰20年美債正2,22,0,22,台中銀-員林,2023-09-22,6114
2417,圓剛,26,4,22,台中銀-員林,2023-09-22,6114
2881,富邦金,22,0,22,台中銀-員林,2023-09-22,6114
3322,建舜電,24,3,21,台中銀-員林,2023-09-22,6114
2486,一詮,39,19,20,台中銀-員林,2023-09-22,6114
00712,復華富時不動產,19,0,19,台中銀-員林,2023-09-22,6114
00929,復華台灣科技優息,124,105,19,台中銀-員林,2023-09-22,6114
00885,富邦越南,14,0,14,台中銀-員林,2023-09-22,6114
0050,元大台灣50,12,0,12,台中銀-員林,2023-09-22,6114
1605,華新,15,3,12,台中銀-員林,2023-09-22,6114
2618,長榮航,13,1,12,台中銀-員林,2023-09-22,6114
8210,勤誠,11,0,11,台中銀-員林,2023-09-22,6114
2883,凱基金,10,0,10,台中銀-員林,2023-09-22,6114
1471,首利,10,0,10,台中銀-員林,2023-09-22,6114
2449,京元電子,25,15,10,台中銀-員林,2023-09-22,6114
2542,興富發,10,0,10,台中銀-員林,2023-09-22,6114
6150,撼訊,10,0,10,台中銀-員林,2023-09-22,6114
2303,聯電,9,0,9,台中銀-員林,2023-09-22,6114
2354,鴻準,11,2,9,台中銀-員林,2023-09-22,6114
3338,泰碩,11,2,9,台中銀-員林,2023-09-22,6114
2630,亞航,15,7,8,台中銀-員林,2023-09-22,6114
3548,兆利,16,8,8,台中銀-員林,2023-09-22,6114
00696B,富邦美債20年,8,0,8,台中銀-員林,2023-09-22,6114
2603,長榮,8,0,8,台中銀-員林,2023-09-22,6114
5403,中菲,8,0,8,台中銀-員林,2023-09-22,6114
00720B,元大投資級公司債,7,0,7,台中銀-員林,2023-09-22,6114
3231,緯創,26,20,6,台中銀-員林,2023-09-22,6114
00932,兆豐永續高息等權,6,0,6,台中銀-員林,2023-09-22,6114
2472,立隆電,6,0,6,台中銀-員林,2023-09-22,6114
2891,中信金,6,0,6,台中銀-員林,2023-09-22,6114
3037,欣興,6,0,6,台中銀-員林,2023-09-22,6114
5347,世界,6,0,6,台中銀-員林,2023-09-22,6114
6446,藥華藥,6,0,6,台中銀-員林,2023-09-22,6114
3450,聯鈞,21,16,5,台中銀-員林,2023-09-22,6114
2002,中鋼,5,0,5,台中銀-員林,2023-09-22,6114
1442,名軒,5,0,5,台中銀-員林,2023-09-22,6114
2009,第一銅,5,0,5,台中銀-員林,2023-09-22,6114
1101,台泥,654,0,654,台中銀-員林,2023-09-25,6114
00929,復華台灣科技優息,240,112,128,台中銀-員林,2023-09-25,6114
1584,精剛,77,3,74,台中銀-員林,2023-09-25,6114
2516,新建,52,0,52,台中銀-員林,2023-09-25,6114
3003,健和興,50,0,50,台中銀-員林,2023-09-25,6114
3036,文曄,52,3,49,台中銀-員林,2023-09-25,6114
1815,富喬,40,7,33,台中銀-員林,2023-09-25,6114
00712,復華富時不動產,33,0,33,台中銀-員林,2023-09-25,6114
8097,常珵,69,36,33,台中銀-員林,2023-09-25,6114
2363,矽統,80,52,28,台中銀-員林,2023-09-25,6114
2376,技嘉,33,9,24,台中銀-員林,2023-09-25,6114
00888,永豐台灣ESG,23,0,23,台中銀-員林,2023-09-25,6114
00679B,元大美債20年,19,0,19,台中銀-員林,2023-09-25,6114
00680L,元大美債20正2,15,0,15,台中銀-員林,2023-09-25,6114
2312,金寶,15,0,15,台中銀-員林,2023-09-25,6114
3715,定穎投控,39,24,15,台中銀-員林,2023-09-25,6114
00753L,中信中國50正2,14,0,14,台中銀-員林,2023-09-25,6114
6770,力積電,17,4,13,台中銀-員林,2023-09-25,6114
00673R,期元大S＆P原油反1,12,0,12,台中銀-員林,2023-09-25,6114
9938,百和,12,0,12,台中銀-員林,2023-09-25,6114
3035,智原,18,7,11,台中銀-員林,2023-09-25,6114
00795B,中信美國公債20年,11,0,11,台中銀-員林,2023-09-25,6114
2440,太空梭,10,0,10,台中銀-員林,2023-09-25,6114
00878,國泰永續高股息,12,3,9,台中銀-員林,2023-09-25,6114
6245,立端,9,0,9,台中銀-員林,2023-09-25,6114
00932,兆豐永續高息等權,9,1,8,台中銀-員林,2023-09-25,6114
1522,堤維西,15,7,8,台中銀-員林,2023-09-25,6114
4977,眾達-KY,8,0,8,台中銀-員林,2023-09-25,6114
00902,中信電池及儲能,7,0,7,台中銀-員林,2023-09-25,6114
2313,華通,11,4,7,台中銀-員林,2023-09-25,6114
2409,友達,7,0,7,台中銀-員林,2023-09-25,6114
2867,三商壽,7,0,7,台中銀-員林,2023-09-25,6114
2915,潤泰全,7,0,7,台中銀-員林,2023-09-25,6114
4908,前鼎,7,0,7,台中銀-員林,2023-09-25,6114
6446,藥華藥,11,4,7,台中銀-員林,2023-09-25,6114
00907,永豐優息存股,11,5,6,台中銀-員林,2023-09-25,6114
3264,欣銓,6,0,6,台中銀-員林,2023-09-25,6114
8436,大江,6,0,6,台中銀-員林,2023-09-25,6114
3706,神達,8,3,5,台中銀-員林,2023-09-25,6114
2812,台中銀,5,0,5,台中銀-員林,2023-09-25,6114
00632R,元大台灣50反1,5,0,5,台中銀-員林,2023-09-25,6114
2515,中工,7,2,5,台中銀-員林,2023-09-25,6114
3052,夆典,5,0,5,台中銀-員林,2023-09-25,6114
4123,晟德,5,0,5,台中銀-員林,2023-09-25,6114
4945,陞達科技,5,0,5,台中銀-員林,2023-09-25,6114
6182,合晶,5,0,5,台中銀-員林,2023-09-25,6114
9928,中視,5,0,5,台中銀-員林,2023-09-25,6114
6290,良維,17,12,5,台中銀-員林,2023-09-25,6114
3450,聯鈞,22,18,4,台中銀-員林,2023-09-25,6114
1504,東元,14,10,4,台中銀-員林,2023-09-25,6114
00929,復華台灣科技優息,265,33,232,台中銀-員林,2023-09-26,6114
00919,群益台灣精選高息,54,1,53,台中銀-員林,2023-09-26,6114
00679B,元大美債20年,44,0,44,台中銀-員林,2023-09-26,6114
00665L,富邦�琤肭磪囓�2,45,5,40,台中銀-員林,2023-09-26,6114
1522,堤維西,51,17,34,台中銀-員林,2023-09-26,6114
00926,凱基全球菁英55,30,0,30,台中銀-員林,2023-09-26,6114
2888,新光金,40,10,30,台中銀-員林,2023-09-26,6114
8105,凌巨,30,0,30,台中銀-員林,2023-09-26,6114
8097,常珵,29,0,29,台中銀-員林,2023-09-26,6114
2618,長榮航,33,4,29,台中銀-員林,2023-09-26,6114
00885,富邦越南,47,20,27,台中銀-員林,2023-09-26,6114
3481,群創,28,2,26,台中銀-員林,2023-09-26,6114
2486,一詮,29,3,26,台中銀-員林,2023-09-26,6114
00896,中信綠能及電動車,25,0,25,台中銀-員林,2023-09-26,6114
00680L,元大美債20正2,40,15,25,台中銀-員林,2023-09-26,6114
3715,定穎投控,69,45,24,台中銀-員林,2023-09-26,6114
2208,台船,22,0,22,台中銀-員林,2023-09-26,6114
00688L,國泰20年美債正2,20,0,20,台中銀-員林,2023-09-26,6114
1316,上曜,20,0,20,台中銀-員林,2023-09-26,6114
2472,立隆電,20,0,20,台中銀-員林,2023-09-26,6114
1815,富喬,24,4,20,台中銀-員林,2023-09-26,6114
2102,泰豐,20,1,19,台中銀-員林,2023-09-26,6114
3338,泰碩,24,5,19,台中銀-員林,2023-09-26,6114
00712,復華富時不動產,22,4,18,台中銀-員林,2023-09-26,6114
2634,漢翔,27,10,17,台中銀-員林,2023-09-26,6114
3441,聯一光,16,0,16,台中銀-員林,2023-09-26,6114
00878,國泰永續高股息,16,0,16,台中銀-員林,2023-09-26,6114
2303,聯電,16,0,16,台中銀-員林,2023-09-26,6114
00932,兆豐永續高息等權,15,0,15,台中銀-員林,2023-09-26,6114
2440,太空梭,20,5,15,台中銀-員林,2023-09-26,6114
5371,中光電,15,0,15,台中銀-員林,2023-09-26,6114
00751B,元大AAA至A公司債,14,0,14,台中銀-員林,2023-09-26,6114
1524,耿鼎,45,32,13,台中銀-員林,2023-09-26,6114
3548,兆利,23,10,13,台中銀-員林,2023-09-26,6114
00795B,中信美國公債20年,12,0,12,台中銀-員林,2023-09-26,6114
1326,台化,12,0,12,台中銀-員林,2023-09-26,6114
2603,長榮,13,1,12,台中銀-員林,2023-09-26,6114
3122,笙泉,15,3,12,台中銀-員林,2023-09-26,6114
3706,神達,18,6,12,台中銀-員林,2023-09-26,6114
6245,立端,12,0,12,台中銀-員林,2023-09-26,6114
1603,華電,12,1,11,台中銀-員林,2023-09-26,6114
2867,三商壽,11,0,11,台中銀-員林,2023-09-26,6114
5469,瀚宇博,11,0,11,台中銀-員林,2023-09-26,6114
00931B,統一美債20年,10,0,10,台中銀-員林,2023-09-26,6114
00687B,國泰20年美債,10,0,10,台中銀-員林,2023-09-26,6114
2317,鴻海,10,0,10,台中銀-員林,2023-09-26,6114
1471,首利,12,2,10,台中銀-員林,2023-09-26,6114
2313,華通,13,3,10,台中銀-員林,2023-09-26,6114
6120,達運,10,0,10,台中銀-員林,2023-09-26,6114
8016,矽創,10,0,10,台中銀-員林,2023-09-26,6114
00929,復華台灣科技優息,153,58,95,台中銀-員林,2023-09-27,6114
00896,中信綠能及電動車,41,0,41,台中銀-員林,2023-09-27,6114
00764B,群益25年美債,33,0,33,台中銀-員林,2023-09-27,6114
00712,復華富時不動產,27,0,27,台中銀-員林,2023-09-27,6114
2355,敬鵬,23,0,23,台中銀-員林,2023-09-27,6114
3362,先進光,22,5,17,台中銀-員林,2023-09-27,6114
2303,聯電,18,2,16,台中銀-員林,2023-09-27,6114
3622,洋華,15,0,15,台中銀-員林,2023-09-27,6114
8034,榮群,17,2,15,台中銀-員林,2023-09-27,6114
2344,華邦電,17,3,14,台中銀-員林,2023-09-27,6114
6271,同欣電,16,2,14,台中銀-員林,2023-09-27,6114
5371,中光電,15,2,13,台中銀-員林,2023-09-27,6114
00932,兆豐永續高息等權,13,0,13,台中銀-員林,2023-09-27,6114
2516,新建,12,0,12,台中銀-員林,2023-09-27,6114
3051,力特,37,26,11,台中銀-員林,2023-09-27,6114
00919,群益台灣精選高息,11,0,11,台中銀-員林,2023-09-27,6114
1802,台玻,11,0,11,台中銀-員林,2023-09-27,6114
4533,協易機,11,0,11,台中銀-員林,2023-09-27,6114
4977,眾達-KY,11,0,11,台中銀-員林,2023-09-27,6114
1608,華榮,10,0,10,台中銀-員林,2023-09-27,6114
1316,上曜,10,0,10,台中銀-員林,2023-09-27,6114
8926,台汽電,10,0,10,台中銀-員林,2023-09-27,6114
2542,興富發,9,0,9,台中銀-員林,2023-09-27,6114
2812,台中銀,9,0,9,台中銀-員林,2023-09-27,6114
1314,中石化,8,0,8,台中銀-員林,2023-09-27,6114
1326,台化,8,0,8,台中銀-員林,2023-09-27,6114
2002,中鋼,10,3,7,台中銀-員林,2023-09-27,6114
2634,漢翔,8,1,7,台中銀-員林,2023-09-27,6114
4908,前鼎,35,28,7,台中銀-員林,2023-09-27,6114
5388,中磊,7,0,7,台中銀-員林,2023-09-27,6114
8112,至上,7,0,7,台中銀-員林,2023-09-27,6114
1605,華新,6,0,6,台中銀-員林,2023-09-27,6114
1442,名軒,6,0,6,台中銀-員林,2023-09-27,6114
1504,東元,6,0,6,台中銀-員林,2023-09-27,6114
3149,正達,6,0,6,台中銀-員林,2023-09-27,6114
6275,元山,6,0,6,台中銀-員林,2023-09-27,6114
8097,常珵,6,0,6,台中銀-員林,2023-09-27,6114
00882,中信中國高股息,5,0,5,台中銀-員林,2023-09-27,6114
00753L,中信中國50正2,5,0,5,台中銀-員林,2023-09-27,6114
2034,允強,5,0,5,台中銀-員林,2023-09-27,6114
3122,笙泉,8,3,5,台中銀-員林,2023-09-27,6114
2883,凱基金,5,0,5,台中銀-員林,2023-09-27,6114
2449,京元電子,12,8,4,台中銀-員林,2023-09-27,6114
2308,台達電,4,0,4,台中銀-員林,2023-09-27,6114
2027,大成鋼,6,2,4,台中銀-員林,2023-09-27,6114
1435,中福,4,0,4,台中銀-員林,2023-09-27,6114
1449,佳和,4,0,4,台中銀-員林,2023-09-27,6114
2014,中鴻,4,0,4,台中銀-員林,2023-09-27,6114
6770,力積電,5,1,4,台中銀-員林,2023-09-27,6114
7402,邑錡,4,0,4,台中銀-員林,2023-09-27,6114
1802,台玻,218,2,216,台中銀-員林,2023-09-28,6114
00772B,中信高評級公司債,141,0,141,台中銀-員林,2023-09-28,6114
00712,復華富時不動產,91,0,91,台中銀-員林,2023-09-28,6114
00892,富邦台灣半導體,67,0,67,台中銀-員林,2023-09-28,6114
2363,矽統,79,27,52,台中銀-員林,2023-09-28,6114
2409,友達,51,0,51,台中銀-員林,2023-09-28,6114
3005,神基,49,1,48,台中銀-員林,2023-09-28,6114
00665L,富邦�琤肭磪囓�2,25,0,25,台中銀-員林,2023-09-28,6114
00929,復華台灣科技優息,23,0,23,台中銀-員林,2023-09-28,6114
3481,群創,25,2,23,台中銀-員林,2023-09-28,6114
00679B,元大美債20年,22,1,21,台中銀-員林,2023-09-28,6114
2610,華航,20,0,20,台中銀-員林,2023-09-28,6114
1409,新纖,20,0,20,台中銀-員林,2023-09-28,6114
2002,中鋼,22,4,18,台中銀-員林,2023-09-28,6114
00687B,國泰20年美債,18,0,18,台中銀-員林,2023-09-28,6114
2538,基泰,17,0,17,台中銀-員林,2023-09-28,6114
00673R,期元大S＆P原油反1,26,10,16,台中銀-員林,2023-09-28,6114
1815,富喬,13,0,13,台中銀-員林,2023-09-28,6114
2356,英業達,27,15,12,台中銀-員林,2023-09-28,6114
3362,先進光,16,4,12,台中銀-員林,2023-09-28,6114
00637L,元大滬深300正2,10,0,10,台中銀-員林,2023-09-28,6114
2367,燿華,10,0,10,台中銀-員林,2023-09-28,6114
5465,富驊,36,26,10,台中銀-員林,2023-09-28,6114
8938,明安,11,2,9,台中銀-員林,2023-09-28,6114
2344,華邦電,10,1,9,台中銀-員林,2023-09-28,6114
2317,鴻海,15,7,8,台中銀-員林,2023-09-28,6114
1467,南緯,8,0,8,台中銀-員林,2023-09-28,6114
1905,華紙,9,1,8,台中銀-員林,2023-09-28,6114
00795B,中信美國公債20年,8,0,8,台中銀-員林,2023-09-28,6114
6213,聯茂,7,0,7,台中銀-員林,2023-09-28,6114
2408,南亞科,7,0,7,台中銀-員林,2023-09-28,6114
00632R,元大台灣50反1,10,3,7,台中銀-員林,2023-09-28,6114
00715L,期街口布蘭特正2,7,0,7,台中銀-員林,2023-09-28,6114
6282,康舒,13,6,7,台中銀-員林,2023-09-28,6114
00919,群益台灣精選高息,7,1,6,台中銀-員林,2023-09-28,6114
2313,華通,16,10,6,台中銀-員林,2023-09-28,6114
2316,楠梓電,23,17,6,台中銀-員林,2023-09-28,6114
3037,欣興,5,0,5,台中銀-員林,2023-09-28,6114
00931B,統一美債20年,5,0,5,台中銀-員林,2023-09-28,6114
00751B,元大AAA至A公司債,5,0,5,台中銀-員林,2023-09-28,6114
9945,潤泰新,5,0,5,台中銀-員林,2023-09-28,6114
1612,宏泰,5,0,5,台中銀-員林,2023-09-28,6114
2867,三商壽,5,0,5,台中銀-員林,2023-09-28,6114
3006,晶豪科,6,1,5,台中銀-員林,2023-09-28,6114
4934,太極,5,0,5,台中銀-員林,2023-09-28,6114
6257,矽格,5,0,5,台中銀-員林,2023-09-28,6114
6732,昇佳電子,5,0,5,台中銀-員林,2023-09-28,6114
9938,百和,8,3,5,台中銀-員林,2023-09-28,6114
2376,技嘉,20,16,4,台中銀-員林,2023-09-28,6114
2324,仁寶,4,0,4,台中銀-員林,2023-09-28,6114
8088,品安,101,0,101,台中銀-員林,2023-10-02,6114
2618,長榮航,77,0,77,台中銀-員林,2023-10-02,6114
2402,毅嘉,71,5,66,台中銀-員林,2023-10-02,6114
2201,裕隆,56,4,52,台中銀-員林,2023-10-02,6114
00751B,元大AAA至A公司債,46,0,46,台中銀-員林,2023-10-02,6114
2368,金像電,33,5,28,台中銀-員林,2023-10-02,6114
2409,友達,28,1,27,台中銀-員林,2023-10-02,6114
1618,合機,25,2,23,台中銀-員林,2023-10-02,6114
2367,燿華,24,2,22,台中銀-員林,2023-10-02,6114
2301,光寶科,28,9,19,台中銀-員林,2023-10-02,6114
2888,新光金,17,1,16,台中銀-員林,2023-10-02,6114
6741,91APP*-KY,15,0,15,台中銀-員林,2023-10-02,6114
2382,廣達,35,22,13,台中銀-員林,2023-10-02,6114
00687B,國泰20年美債,13,0,13,台中銀-員林,2023-10-02,6114
2014,中鴻,13,0,13,台中銀-員林,2023-10-02,6114
2208,台船,13,0,13,台中銀-員林,2023-10-02,6114
2405,輔信,18,5,13,台中銀-員林,2023-10-02,6114
00772B,中信高評級公司債,14,2,12,台中銀-員林,2023-10-02,6114
3325,旭品,17,5,12,台中銀-員林,2023-10-02,6114
2317,鴻海,11,0,11,台中銀-員林,2023-10-02,6114
2457,飛宏,11,0,11,台中銀-員林,2023-10-02,6114
2025,千興,10,0,10,台中銀-員林,2023-10-02,6114
00919,群益台灣精選高息,19,9,10,台中銀-員林,2023-10-02,6114
00720B,元大投資級公司債,10,0,10,台中銀-員林,2023-10-02,6114
2891,中信金,10,0,10,台中銀-員林,2023-10-02,6114
00679B,元大美債20年,10,0,10,台中銀-員林,2023-10-02,6114
6188,廣明,12,2,10,台中銀-員林,2023-10-02,6114
3306,鼎天,10,1,9,台中銀-員林,2023-10-02,6114
3531,先益,9,0,9,台中銀-員林,2023-10-02,6114
1560,中砂,12,4,8,台中銀-員林,2023-10-02,6114
00888,永豐台灣ESG,8,0,8,台中銀-員林,2023-10-02,6114
3454,晶睿,7,0,7,台中銀-員林,2023-10-02,6114
3709,鑫聯大投控,8,1,7,台中銀-員林,2023-10-02,6114
2884,玉山金,7,0,7,台中銀-員林,2023-10-02,6114
3481,群創,11,5,6,台中銀-員林,2023-10-02,6114
00632R,元大台灣50反1,10,4,6,台中銀-員林,2023-10-02,6114
00680L,元大美債20正2,6,0,6,台中銀-員林,2023-10-02,6114
1326,台化,6,0,6,台中銀-員林,2023-10-02,6114
2816,旺旺保,6,0,6,台中銀-員林,2023-10-02,6114
5608,四維航,6,0,6,台中銀-員林,2023-10-02,6114
6271,同欣電,8,2,6,台中銀-員林,2023-10-02,6114
6570,維田,6,0,6,台中銀-員林,2023-10-02,6114
6901,鑽石投資,6,0,6,台中銀-員林,2023-10-02,6114
00724B,群益投資級金融債,5,0,5,台中銀-員林,2023-10-02,6114
2885,元大金,5,0,5,台中銀-員林,2023-10-02,6114
1301,台塑,5,0,5,台中銀-員林,2023-10-02,6114
00688L,國泰20年美債正2,5,0,5,台中銀-員林,2023-10-02,6114
1304,台聚,5,0,5,台中銀-員林,2023-10-02,6114
2356,英業達,27,22,5,台中銀-員林,2023-10-02,6114
4563,百德,5,0,5,台中銀-員林,2023-10-02,6114
00712,復華富時不動產,60,0,60,台中銀-員林,2023-10-03,6114
3325,旭品,139,92,47,台中銀-員林,2023-10-03,6114
2313,華通,40,4,36,台中銀-員林,2023-10-03,6114
1609,大亞,42,7,35,台中銀-員林,2023-10-03,6114
00665L,富邦�琤肭磪囓�2,29,0,29,台中銀-員林,2023-10-03,6114
2363,矽統,62,33,29,台中銀-員林,2023-10-03,6114
2002,中鋼,27,0,27,台中銀-員林,2023-10-03,6114
1618,合機,26,0,26,台中銀-員林,2023-10-03,6114
00929,復華台灣科技優息,29,6,23,台中銀-員林,2023-10-03,6114
3481,群創,42,20,22,台中銀-員林,2023-10-03,6114
00637L,元大滬深300正2,20,0,20,台中銀-員林,2023-10-03,6114
00715L,期街口布蘭特正2,20,0,20,台中銀-員林,2023-10-03,6114
00753L,中信中國50正2,25,5,20,台中銀-員林,2023-10-03,6114
2417,圓剛,44,24,20,台中銀-員林,2023-10-03,6114
2440,太空梭,20,0,20,台中銀-員林,2023-10-03,6114
2867,三商壽,20,0,20,台中銀-員林,2023-10-03,6114
3702,大聯大,21,1,20,台中銀-員林,2023-10-03,6114
00751B,元大AAA至A公司債,18,0,18,台中銀-員林,2023-10-03,6114
6235,華孚,22,4,18,台中銀-員林,2023-10-03,6114
4977,眾達-KY,26,8,18,台中銀-員林,2023-10-03,6114
2883,凱基金,17,0,17,台中銀-員林,2023-10-03,6114
2031,新光鋼,17,0,17,台中銀-員林,2023-10-03,6114
2888,新光金,17,1,16,台中銀-員林,2023-10-03,6114
00720B,元大投資級公司債,16,0,16,台中銀-員林,2023-10-03,6114
00922,國泰台灣領袖50,15,0,15,台中銀-員林,2023-10-03,6114
2402,毅嘉,18,3,15,台中銀-員林,2023-10-03,6114
5371,中光電,15,0,15,台中銀-員林,2023-10-03,6114
6770,力積電,20,5,15,台中銀-員林,2023-10-03,6114
3013,晟銘電,28,13,15,台中銀-員林,2023-10-03,6114
1605,華新,18,4,14,台中銀-員林,2023-10-03,6114
6285,啟��,14,0,14,台中銀-員林,2023-10-03,6114
2329,華泰,34,21,13,台中銀-員林,2023-10-03,6114
3163,波若威,61,48,13,台中銀-員林,2023-10-03,6114
2891,中信金,12,0,12,台中銀-員林,2023-10-03,6114
1514,亞力,65,53,12,台中銀-員林,2023-10-03,6114
3231,緯創,56,44,12,台中銀-員林,2023-10-03,6114
00676R,富邦臺灣加權反1,12,0,12,台中銀-員林,2023-10-03,6114
2405,輔信,12,0,12,台中銀-員林,2023-10-03,6114
00722B,群益投資級電信債,11,0,11,台中銀-員林,2023-10-03,6114
2367,燿華,12,1,11,台中銀-員林,2023-10-03,6114
2421,建準,14,3,11,台中銀-員林,2023-10-03,6114
2516,新建,11,0,11,台中銀-員林,2023-10-03,6114
3548,兆利,20,9,11,台中銀-員林,2023-10-03,6114
00724B,群益投資級金融債,10,0,10,台中銀-員林,2023-10-03,6114
00888,永豐台灣ESG,10,0,10,台中銀-員林,2023-10-03,6114
00688L,國泰20年美債正2,10,0,10,台中銀-員林,2023-10-03,6114
2462,良得電,10,0,10,台中銀-員林,2023-10-03,6114
2889,國票金,10,0,10,台中銀-員林,2023-10-03,6114
3296,勝德,10,0,10,台中銀-員林,2023-10-03,6114
6026,福邦證,10,0,10,台中銀-員林,2023-10-03,6114
00931B,統一美債20年,306,0,306,台中銀-員林,2023-10-04,6114
1101,台泥,302,0,302,台中銀-員林,2023-10-04,6114
00929,復華台灣科技優息,198,16,182,台中銀-員林,2023-10-04,6114
00751B,元大AAA至A公司債,161,0,161,台中銀-員林,2023-10-04,6114
2884,玉山金,115,0,115,台中銀-員林,2023-10-04,6114
2002,中鋼,75,0,75,台中銀-員林,2023-10-04,6114
00712,復華富時不動產,78,3,75,台中銀-員林,2023-10-04,6114
0056,元大高股息,68,1,67,台中銀-員林,2023-10-04,6114
00919,群益台灣精選高息,67,0,67,台中銀-員林,2023-10-04,6114
00722B,群益投資級電信債,46,0,46,台中銀-員林,2023-10-04,6114
00720B,元大投資級公司債,42,0,42,台中銀-員林,2023-10-04,6114
6213,聯茂,40,0,40,台中銀-員林,2023-10-04,6114
1605,華新,38,1,37,台中銀-員林,2023-10-04,6114
1560,中砂,35,1,34,台中銀-員林,2023-10-04,6114
2618,長榮航,33,2,31,台中銀-員林,2023-10-04,6114
2402,毅嘉,30,0,30,台中銀-員林,2023-10-04,6114
1229,聯華,29,0,29,台中銀-員林,2023-10-04,6114
2888,新光金,26,0,26,台中銀-員林,2023-10-04,6114
2409,友達,25,2,23,台中銀-員林,2023-10-04,6114
00680L,元大美債20正2,23,0,23,台中銀-員林,2023-10-04,6114
00679B,元大美債20年,23,1,22,台中銀-員林,2023-10-04,6114
1802,台玻,21,0,21,台中銀-員林,2023-10-04,6114
8068,全達,20,0,20,台中銀-員林,2023-10-04,6114
3362,先進光,19,0,19,台中銀-員林,2023-10-04,6114
2376,技嘉,23,6,17,台中銀-員林,2023-10-04,6114
00673R,期元大S＆P原油反1,15,0,15,台中銀-員林,2023-10-04,6114
1503,士電,17,2,15,台中銀-員林,2023-10-04,6114
3481,群創,17,2,15,台中銀-員林,2023-10-04,6114
8109,博大,14,0,14,台中銀-員林,2023-10-04,6114
00687B,國泰20年美債,14,0,14,台中銀-員林,2023-10-04,6114
4931,新盛力,14,0,14,台中銀-員林,2023-10-04,6114
1326,台化,13,0,13,台中銀-員林,2023-10-04,6114
6288,聯嘉,21,8,13,台中銀-員林,2023-10-04,6114
6451,訊芯-KY,17,4,13,台中銀-員林,2023-10-04,6114
8086,宏捷科,16,3,13,台中銀-員林,2023-10-04,6114
00878,國泰永續高股息,15,3,12,台中銀-員林,2023-10-04,6114
1815,富喬,13,1,12,台中銀-員林,2023-10-04,6114
00922,國泰台灣領袖50,11,0,11,台中銀-員林,2023-10-04,6114
5258,虹堡,11,0,11,台中銀-員林,2023-10-04,6114
2330,台積電,11,0,11,台中銀-員林,2023-10-04,6114
2427,三商電,12,1,11,台中銀-員林,2023-10-04,6114
6188,廣明,11,0,11,台中銀-員林,2023-10-04,6114
00688L,國泰20年美債正2,10,0,10,台中銀-員林,2023-10-04,6114
1314,中石化,10,0,10,台中銀-員林,2023-10-04,6114
2440,太空梭,10,0,10,台中銀-員林,2023-10-04,6114
2892,第一金,10,0,10,台中銀-員林,2023-10-04,6114
3706,神達,17,7,10,台中銀-員林,2023-10-04,6114
4945,陞達科技,10,0,10,台中銀-員林,2023-10-04,6114
6026,福邦證,10,0,10,台中銀-員林,2023-10-04,6114
6168,宏齊,10,0,10,台中銀-員林,2023-10-04,6114
2891,中信金,101,0,101,台中銀-員林,2023-10-05,6114
00712,復華富時不動產,97,0,97,台中銀-員林,2023-10-05,6114
2329,華泰,62,2,60,台中銀-員林,2023-10-05,6114
2409,友達,48,0,48,台中銀-員林,2023-10-05,6114
3005,神基,45,5,40,台中銀-員林,2023-10-05,6114
1603,華電,44,20,24,台中銀-員林,2023-10-05,6114
00888,永豐台灣ESG,20,0,20,台中銀-員林,2023-10-05,6114
2014,中鴻,22,2,20,台中銀-員林,2023-10-05,6114
5371,中光電,20,0,20,台中銀-員林,2023-10-05,6114
6288,聯嘉,29,9,20,台中銀-員林,2023-10-05,6114
2486,一詮,52,33,19,台中銀-員林,2023-10-05,6114
00632R,元大台灣50反1,22,6,16,台中銀-員林,2023-10-05,6114
3322,建舜電,16,0,16,台中銀-員林,2023-10-05,6114
8271,宇瞻,14,0,14,台中銀-員林,2023-10-05,6114
00715L,期街口布蘭特正2,12,0,12,台中銀-員林,2023-10-05,6114
1612,宏泰,13,1,12,台中銀-員林,2023-10-05,6114
2610,華航,20,8,12,台中銀-員林,2023-10-05,6114
8109,博大,12,0,12,台中銀-員林,2023-10-05,6114
3037,欣興,13,2,11,台中銀-員林,2023-10-05,6114
00931B,統一美債20年,11,0,11,台中銀-員林,2023-10-05,6114
5465,富驊,22,11,11,台中銀-員林,2023-10-05,6114
5880,合庫金,11,0,11,台中銀-員林,2023-10-05,6114
1101,台泥,16,5,11,台中銀-員林,2023-10-05,6114
00882,中信中國高股息,10,0,10,台中銀-員林,2023-10-05,6114
1517,利奇,10,0,10,台中銀-員林,2023-10-05,6114
00753L,中信中國50正2,10,0,10,台中銀-員林,2023-10-05,6114
00720B,元大投資級公司債,10,0,10,台中銀-員林,2023-10-05,6114
1802,台玻,10,0,10,台中銀-員林,2023-10-05,6114
2106,建大,10,0,10,台中銀-員林,2023-10-05,6114
2441,超豐,10,0,10,台中銀-員林,2023-10-05,6114
4967,十銓,11,1,10,台中銀-員林,2023-10-05,6114
6156,松上,14,4,10,台中銀-員林,2023-10-05,6114
00878,國泰永續高股息,10,1,9,台中銀-員林,2023-10-05,6114
1522,堤維西,19,10,9,台中銀-員林,2023-10-05,6114
3032,偉訓,17,8,9,台中銀-員林,2023-10-05,6114
9919,康那香,15,6,9,台中銀-員林,2023-10-05,6114
00919,群益台灣精選高息,8,0,8,台中銀-員林,2023-10-05,6114
3548,兆利,18,10,8,台中銀-員林,2023-10-05,6114
2376,技嘉,13,5,8,台中銀-員林,2023-10-05,6114
3122,笙泉,8,1,7,台中銀-員林,2023-10-05,6114
3715,定穎投控,34,27,7,台中銀-員林,2023-10-05,6114
00673R,期元大S＆P原油反1,20,14,6,台中銀-員林,2023-10-05,6114
2201,裕隆,6,0,6,台中銀-員林,2023-10-05,6114
2867,三商壽,6,0,6,台中銀-員林,2023-10-05,6114
6282,康舒,11,5,6,台中銀-員林,2023-10-05,6114
2883,凱基金,5,0,5,台中銀-員林,2023-10-05,6114
1301,台塑,5,0,5,台中銀-員林,2023-10-05,6114
2356,英業達,10,5,5,台中銀-員林,2023-10-05,6114
2425,承啟,5,0,5,台中銀-員林,2023-10-05,6114
2880,華南金,5,0,5,台中銀-員林,2023-10-05,6114
2409,友達,82,1,81,台中銀-員林,2023-10-06,6114
0056,元大高股息,63,3,60,台中銀-員林,2023-10-06,6114
00712,復華富時不動產,54,0,54,台中銀-員林,2023-10-06,6114
00929,復華台灣科技優息,54,1,53,台中銀-員林,2023-10-06,6114
6191,精成科,34,0,34,台中銀-員林,2023-10-06,6114
2618,長榮航,27,0,27,台中銀-員林,2023-10-06,6114
2442,新美齊,24,1,23,台中銀-員林,2023-10-06,6114
6451,訊芯-KY,23,2,21,台中銀-員林,2023-10-06,6114
1909,榮成,20,0,20,台中銀-員林,2023-10-06,6114
2637,慧洋-KY,20,0,20,台中銀-員林,2023-10-06,6114
1612,宏泰,18,2,16,台中銀-員林,2023-10-06,6114
2313,華通,21,6,15,台中銀-員林,2023-10-06,6114
2363,矽統,59,45,14,台中銀-員林,2023-10-06,6114
00715L,期街口布蘭特正2,14,0,14,台中銀-員林,2023-10-06,6114
6189,豐藝,166,152,14,台中銀-員林,2023-10-06,6114
4931,新盛力,13,0,13,台中銀-員林,2023-10-06,6114
1519,華城,12,0,12,台中銀-員林,2023-10-06,6114
2329,華泰,22,11,11,台中銀-員林,2023-10-06,6114
2634,漢翔,11,0,11,台中銀-員林,2023-10-06,6114
00919,群益台灣精選高息,11,0,11,台中銀-員林,2023-10-06,6114
2365,昆盈,11,0,11,台中銀-員林,2023-10-06,6114
2468,華經,18,7,11,台中銀-員林,2023-10-06,6114
2486,一詮,37,26,11,台中銀-員林,2023-10-06,6114
00680L,元大美債20正2,10,0,10,台中銀-員林,2023-10-06,6114
2601,益航,10,0,10,台中銀-員林,2023-10-06,6114
00720B,元大投資級公司債,9,0,9,台中銀-員林,2023-10-06,6114
2610,華航,9,0,9,台中銀-員林,2023-10-06,6114
3548,兆利,16,7,9,台中銀-員林,2023-10-06,6114
8093,保銳,10,1,9,台中銀-員林,2023-10-06,6114
8271,宇瞻,9,0,9,台中銀-員林,2023-10-06,6114
2458,義隆,8,0,8,台中銀-員林,2023-10-06,6114
6592,和潤企業,8,0,8,台中銀-員林,2023-10-06,6114
2374,佳能,7,0,7,台中銀-員林,2023-10-06,6114
2617,台航,7,0,7,台中銀-員林,2023-10-06,6114
00679B,元大美債20年,7,0,7,台中銀-員林,2023-10-06,6114
2883,凱基金,7,0,7,台中銀-員林,2023-10-06,6114
1316,上曜,9,3,6,台中銀-員林,2023-10-06,6114
2349,錸德,6,0,6,台中銀-員林,2023-10-06,6114
5457,宣德,7,1,6,台中銀-員林,2023-10-06,6114
6188,廣明,6,0,6,台中銀-員林,2023-10-06,6114
2301,光寶科,7,1,6,台中銀-員林,2023-10-06,6114
3481,群創,5,0,5,台中銀-員林,2023-10-06,6114
00922,國泰台灣領袖50,5,0,5,台中銀-員林,2023-10-06,6114
2371,大同,5,0,5,台中銀-員林,2023-10-06,6114
00687B,國泰20年美債,5,0,5,台中銀-員林,2023-10-06,6114
00676R,富邦臺灣加權反1,5,0,5,台中銀-員林,2023-10-06,6114
00675L,富邦臺灣加權正2,5,0,5,台中銀-員林,2023-10-06,6114
00895,富邦未來車,5,0,5,台中銀-員林,2023-10-06,6114
00885,富邦越南,5,0,5,台中銀-員林,2023-10-06,6114
1514,亞力,32,27,5,台中銀-員林,2023-10-06,6114
5876,上海商銀,87,0,87,台中銀-員林,2023-10-11,6114
3231,緯創,94,7,87,台中銀-員林,2023-10-11,6114
4931,新盛力,66,0,66,台中銀-員林,2023-10-11,6114
0056,元大高股息,52,10,42,台中銀-員林,2023-10-11,6114
4944,兆遠,40,0,40,台中銀-員林,2023-10-11,6114
00715L,期街口布蘭特正2,39,1,38,台中銀-員林,2023-10-11,6114
2486,一詮,41,4,37,台中銀-員林,2023-10-11,6114
3379,彬台,30,0,30,台中銀-員林,2023-10-11,6114
00919,群益台灣精選高息,31,2,29,台中銀-員林,2023-10-11,6114
2034,允強,24,0,24,台中銀-員林,2023-10-11,6114
3049,精金,24,0,24,台中銀-員林,2023-10-11,6114
1618,合機,21,0,21,台中銀-員林,2023-10-11,6114
00792B,群益A級公司債,20,0,20,台中銀-員林,2023-10-11,6114
00931B,統一美債20年,20,0,20,台中銀-員林,2023-10-11,6114
1909,榮成,20,0,20,台中銀-員林,2023-10-11,6114
2031,新光鋼,20,0,20,台中銀-員林,2023-10-11,6114
00929,復華台灣科技優息,54,35,19,台中銀-員林,2023-10-11,6114
2618,長榮航,22,4,18,台中銀-員林,2023-10-11,6114
00632R,元大台灣50反1,16,0,16,台中銀-員林,2023-10-11,6114
3548,兆利,20,4,16,台中銀-員林,2023-10-11,6114
8109,博大,15,0,15,台中銀-員林,2023-10-11,6114
00680L,元大美債20正2,16,1,15,台中銀-員林,2023-10-11,6114
3583,辛耘,15,0,15,台中銀-員林,2023-10-11,6114
6276,安鈦克,15,1,14,台中銀-員林,2023-10-11,6114
2601,益航,14,0,14,台中銀-員林,2023-10-11,6114
3481,群創,20,6,14,台中銀-員林,2023-10-11,6114
3013,晟銘電,29,16,13,台中銀-員林,2023-10-11,6114
2609,陽明,14,1,13,台中銀-員林,2023-10-11,6114
3325,旭品,20,7,13,台中銀-員林,2023-10-11,6114
8033,雷虎,15,2,13,台中銀-員林,2023-10-11,6114
2201,裕隆,13,0,13,台中銀-員林,2023-10-11,6114
1314,中石化,12,0,12,台中銀-員林,2023-10-11,6114
2419,仲琦,12,0,12,台中銀-員林,2023-10-11,6114
6120,達運,12,0,12,台中銀-員林,2023-10-11,6114
6530,創威,13,1,12,台中銀-員林,2023-10-11,6114
00674R,期元大S＆P黃金反1,11,0,11,台中銀-員林,2023-10-11,6114
1612,宏泰,16,5,11,台中銀-員林,2023-10-11,6114
3149,正達,11,0,11,台中銀-員林,2023-10-11,6114
3362,先進光,11,0,11,台中銀-員林,2023-10-11,6114
1307,三芳,10,0,10,台中銀-員林,2023-10-11,6114
1589,永冠-KY,10,0,10,台中銀-員林,2023-10-11,6114
3051,力特,53,43,10,台中銀-員林,2023-10-11,6114
3207,耀勝,10,0,10,台中銀-員林,2023-10-11,6114
2603,長榮,10,1,9,台中銀-員林,2023-10-11,6114
2356,英業達,26,17,9,台中銀-員林,2023-10-11,6114
3715,定穎投控,21,12,9,台中銀-員林,2023-10-11,6114
8933,愛地雅,9,0,9,台中銀-員林,2023-10-11,6114
2301,光寶科,17,9,8,台中銀-員林,2023-10-11,6114
1529,樂事綠能,15,7,8,台中銀-員林,2023-10-11,6114
2408,南亞科,12,4,8,台中銀-員林,2023-10-11,6114
00720B,元大投資級公司債,114,0,114,台中銀-員林,2023-10-12,6114
00680L,元大美債20正2,107,0,107,台中銀-員林,2023-10-12,6114
00632R,元大台灣50反1,62,0,62,台中銀-員林,2023-10-12,6114
00929,復華台灣科技優息,167,112,55,台中銀-員林,2023-10-12,6114
3013,晟銘電,62,12,50,台中銀-員林,2023-10-12,6114
00671R,富邦NASDAQ反1,50,0,50,台中銀-員林,2023-10-12,6114
2363,矽統,101,58,43,台中銀-員林,2023-10-12,6114
3374,精材,36,1,35,台中銀-員林,2023-10-12,6114
0056,元大高股息,58,25,33,台中銀-員林,2023-10-12,6114
2313,華通,65,34,31,台中銀-員林,2023-10-12,6114
1591,駿吉-KY,30,0,30,台中銀-員林,2023-10-12,6114
00751B,元大AAA至A公司債,21,0,21,台中銀-員林,2023-10-12,6114
2883,凱基金,22,1,21,台中銀-員林,2023-10-12,6114
00792B,群益A級公司債,20,0,20,台中銀-員林,2023-10-12,6114
2374,佳能,18,0,18,台中銀-員林,2023-10-12,6114
3325,旭品,32,15,17,台中銀-員林,2023-10-12,6114
2356,英業達,27,13,14,台中銀-員林,2023-10-12,6114
2204,中華,15,1,14,台中銀-員林,2023-10-12,6114
00919,群益台灣精選高息,13,0,13,台中銀-員林,2023-10-12,6114
1227,佳格,13,0,13,台中銀-員林,2023-10-12,6114
2399,映泰,12,0,12,台中銀-員林,2023-10-12,6114
00900,富邦特選高股息30,10,0,10,台中銀-員林,2023-10-12,6114
1815,富喬,10,0,10,台中銀-員林,2023-10-12,6114
2201,裕隆,19,9,10,台中銀-員林,2023-10-12,6114
3005,神基,15,5,10,台中銀-員林,2023-10-12,6114
3306,鼎天,10,0,10,台中銀-員林,2023-10-12,6114
2812,台中銀,13,4,9,台中銀-員林,2023-10-12,6114
2324,仁寶,10,1,9,台中銀-員林,2023-10-12,6114
4938,和碩,10,1,9,台中銀-員林,2023-10-12,6114
6505,台塑化,9,0,9,台中銀-員林,2023-10-12,6114
1522,堤維西,11,3,8,台中銀-員林,2023-10-12,6114
2211,長榮鋼,8,0,8,台中銀-員林,2023-10-12,6114
2468,華經,11,3,8,台中銀-員林,2023-10-12,6114
6245,立端,8,0,8,台中銀-員林,2023-10-12,6114
00795B,中信美國公債20年,7,0,7,台中銀-員林,2023-10-12,6114
2376,技嘉,17,10,7,台中銀-員林,2023-10-12,6114
3032,偉訓,13,6,7,台中銀-員林,2023-10-12,6114
2352,佳世達,7,1,6,台中銀-員林,2023-10-12,6114
2486,一詮,32,26,6,台中銀-員林,2023-10-12,6114
2034,允強,6,0,6,台中銀-員林,2023-10-12,6114
3450,聯鈞,9,3,6,台中銀-員林,2023-10-12,6114
00679B,元大美債20年,5,0,5,台中銀-員林,2023-10-12,6114
2208,台船,8,3,5,台中銀-員林,2023-10-12,6114
3014,聯陽,6,1,5,台中銀-員林,2023-10-12,6114
3026,禾伸堂,5,0,5,台中銀-員林,2023-10-12,6114
3035,智原,12,7,5,台中銀-員林,2023-10-12,6114
6491,晶碩,5,0,5,台中銀-員林,2023-10-12,6114
8114,振樺電,10,5,5,台中銀-員林,2023-10-12,6114
9105,泰金寶-DR,5,0,5,台中銀-員林,2023-10-12,6114
2364,倫飛,6,1,5,台中銀-員林,2023-10-12,6114
00680L,元大美債20正2,123,0,123,台中銀-員林,2023-10-13,6114
00665L,富邦�琤肭磪囓�2,95,0,95,台中銀-員林,2023-10-13,6114
2363,矽統,234,193,41,台中銀-員林,2023-10-13,6114
3231,緯創,49,9,40,台中銀-員林,2023-10-13,6114
2618,長榮航,34,0,34,台中銀-員林,2023-10-13,6114
1603,華電,53,22,31,台中銀-員林,2023-10-13,6114
5347,世界,39,11,28,台中銀-員林,2023-10-13,6114
1316,上曜,27,0,27,台中銀-員林,2023-10-13,6114
4908,前鼎,35,8,27,台中銀-員林,2023-10-13,6114
2301,光寶科,24,3,21,台中銀-員林,2023-10-13,6114
00706L,期元大S＆P日圓正2,20,0,20,台中銀-員林,2023-10-13,6114
6188,廣明,20,0,20,台中銀-員林,2023-10-13,6114
3202,樺晟,19,0,19,台中銀-員林,2023-10-13,6114
00919,群益台灣精選高息,18,0,18,台中銀-員林,2023-10-13,6114
2353,宏��,40,22,18,台中銀-員林,2023-10-13,6114
4931,新盛力,17,0,17,台中銀-員林,2023-10-13,6114
00687B,國泰20年美債,16,0,16,台中銀-員林,2023-10-13,6114
00888,永豐台灣ESG,15,0,15,台中銀-員林,2023-10-13,6114
2382,廣達,37,24,13,台中銀-員林,2023-10-13,6114
3583,辛耘,12,0,12,台中銀-員林,2023-10-13,6114
2014,中鴻,12,0,12,台中銀-員林,2023-10-13,6114
9938,百和,22,10,12,台中銀-員林,2023-10-13,6114
00751B,元大AAA至A公司債,11,0,11,台中銀-員林,2023-10-13,6114
4979,華星光,34,23,11,台中銀-員林,2023-10-13,6114
6282,康舒,11,0,11,台中銀-員林,2023-10-13,6114
3481,群創,11,1,10,台中銀-員林,2023-10-13,6114
00720B,元大投資級公司債,10,0,10,台中銀-員林,2023-10-13,6114
00637L,元大滬深300正2,10,0,10,台中銀-員林,2023-10-13,6114
00688L,國泰20年美債正2,10,0,10,台中銀-員林,2023-10-13,6114
2323,中環,10,0,10,台中銀-員林,2023-10-13,6114
4541,晟田,10,0,10,台中銀-員林,2023-10-13,6114
4977,眾達-KY,10,0,10,台中銀-員林,2023-10-13,6114
5876,上海商銀,10,0,10,台中銀-員林,2023-10-13,6114
8050,廣積,11,1,10,台中銀-員林,2023-10-13,6114
8467,波力-KY,10,0,10,台中銀-員林,2023-10-13,6114
2834,臺企銀,10,1,9,台中銀-員林,2023-10-13,6114
00795B,中信美國公債20年,9,0,9,台中銀-員林,2023-10-13,6114
3679,新至陞,9,0,9,台中銀-員林,2023-10-13,6114
1609,大亞,9,0,9,台中銀-員林,2023-10-13,6114
2883,凱基金,10,2,8,台中銀-員林,2023-10-13,6114
1442,名軒,8,0,8,台中銀-員林,2023-10-13,6114
2607,榮運,9,1,8,台中銀-員林,2023-10-13,6114
3163,波若威,23,15,8,台中銀-員林,2023-10-13,6114
3189,景碩,8,0,8,台中銀-員林,2023-10-13,6114
3035,智原,13,5,8,台中銀-員林,2023-10-13,6114
3715,定穎投控,39,32,7,台中銀-員林,2023-10-13,6114
2017,官田鋼,7,0,7,台中銀-員林,2023-10-13,6114
5225,東科-KY,8,1,7,台中銀-員林,2023-10-13,6114
6505,台塑化,7,0,7,台中銀-員林,2023-10-13,6114
6213,聯茂,7,0,7,台中銀-員林,2023-10-13,6114
00929,復華台灣科技優息,142,1,141,台中銀-員林,2023-10-16,6114
0056,元大高股息,104,0,104,台中銀-員林,2023-10-16,6114
2363,矽統,265,208,57,台中銀-員林,2023-10-16,6114
00712,復華富時不動產,57,5,52,台中銀-員林,2023-10-16,6114
00673R,期元大S＆P原油反1,43,0,43,台中銀-員林,2023-10-16,6114
00680L,元大美債20正2,40,0,40,台中銀-員林,2023-10-16,6114
4931,新盛力,43,4,39,台中銀-員林,2023-10-16,6114
2312,金寶,50,12,38,台中銀-員林,2023-10-16,6114
2618,長榮航,40,3,37,台中銀-員林,2023-10-16,6114
2344,華邦電,38,2,36,台中銀-員林,2023-10-16,6114
00720B,元大投資級公司債,31,0,31,台中銀-員林,2023-10-16,6114
4908,前鼎,108,78,30,台中銀-員林,2023-10-16,6114
3481,群創,26,0,26,台中銀-員林,2023-10-16,6114
6285,啟��,22,1,21,台中銀-員林,2023-10-16,6114
00665L,富邦�琤肭磪囓�2,20,0,20,台中銀-員林,2023-10-16,6114
00753L,中信中國50正2,20,0,20,台中銀-員林,2023-10-16,6114
2017,官田鋼,20,0,20,台中銀-員林,2023-10-16,6114
2440,太空梭,30,10,20,台中銀-員林,2023-10-16,6114
2634,漢翔,20,0,20,台中銀-員林,2023-10-16,6114
2201,裕隆,36,17,19,台中銀-員林,2023-10-16,6114
00687B,國泰20年美債,19,1,18,台中銀-員林,2023-10-16,6114
2515,中工,111,93,18,台中銀-員林,2023-10-16,6114
2516,新建,17,0,17,台中銀-員林,2023-10-16,6114
6276,安鈦克,18,1,17,台中銀-員林,2023-10-16,6114
1905,華紙,28,13,15,台中銀-員林,2023-10-16,6114
00922,國泰台灣領袖50,13,0,13,台中銀-員林,2023-10-16,6114
9938,百和,15,2,13,台中銀-員林,2023-10-16,6114
2486,一詮,23,11,12,台中銀-員林,2023-10-16,6114
1605,華新,11,0,11,台中銀-員林,2023-10-16,6114
5439,高技,16,5,11,台中銀-員林,2023-10-16,6114
6120,達運,11,0,11,台中銀-員林,2023-10-16,6114
8201,無敵,11,0,11,台中銀-員林,2023-10-16,6114
00888,永豐台灣ESG,11,0,11,台中銀-員林,2023-10-16,6114
2601,益航,10,0,10,台中銀-員林,2023-10-16,6114
3213,茂訊,10,0,10,台中銀-員林,2023-10-16,6114
6547,高端疫苗,10,0,10,台中銀-員林,2023-10-16,6114
1609,大亞,9,0,9,台中銀-員林,2023-10-16,6114
00878,國泰永續高股息,11,2,9,台中銀-員林,2023-10-16,6114
2031,新光鋼,8,0,8,台中銀-員林,2023-10-16,6114
2241,艾姆勒,8,0,8,台中銀-員林,2023-10-16,6114
2421,建準,10,2,8,台中銀-員林,2023-10-16,6114
3051,力特,10,2,8,台中銀-員林,2023-10-16,6114
4977,眾達-KY,12,4,8,台中銀-員林,2023-10-16,6114
2453,凌群,8,1,7,台中銀-員林,2023-10-16,6114
8112,至上,7,0,7,台中銀-員林,2023-10-16,6114
2472,立隆電,7,0,7,台中銀-員林,2023-10-16,6114
2204,中華,7,1,6,台中銀-員林,2023-10-16,6114
3715,定穎投控,10,4,6,台中銀-員林,2023-10-16,6114
6531,愛普*,9,3,6,台中銀-員林,2023-10-16,6114
1795,美時,6,0,6,台中銀-員林,2023-10-16,6114
0056,元大高股息,64,10,54,台中銀-員林,2023-10-17,6114
2363,矽統,465,414,51,台中銀-員林,2023-10-17,6114
2610,華航,38,0,38,台中銀-員林,2023-10-17,6114
00720B,元大投資級公司債,27,1,26,台中銀-員林,2023-10-17,6114
3231,緯創,61,36,25,台中銀-員林,2023-10-17,6114
00642U,期元大S＆P石油,24,0,24,台中銀-員林,2023-10-17,6114
3481,群創,24,0,24,台中銀-員林,2023-10-17,6114
6237,驊訊,23,0,23,台中銀-員林,2023-10-17,6114
00706L,期元大S＆P日圓正2,20,0,20,台中銀-員林,2023-10-17,6114
00687B,國泰20年美債,20,0,20,台中銀-員林,2023-10-17,6114
00671R,富邦NASDAQ反1,20,0,20,台中銀-員林,2023-10-17,6114
1316,上曜,18,0,18,台中銀-員林,2023-10-17,6114
5371,中光電,15,0,15,台中銀-員林,2023-10-17,6114
1609,大亞,14,0,14,台中銀-員林,2023-10-17,6114
2352,佳世達,14,0,14,台中銀-員林,2023-10-17,6114
2883,凱基金,12,0,12,台中銀-員林,2023-10-17,6114
3704,合勤控,15,3,12,台中銀-員林,2023-10-17,6114
00878,國泰永續高股息,13,1,12,台中銀-員林,2023-10-17,6114
00751B,元大AAA至A公司債,12,1,11,台中銀-員林,2023-10-17,6114
2543,皇昌,18,7,11,台中銀-員林,2023-10-17,6114
2449,京元電子,13,2,11,台中銀-員林,2023-10-17,6114
00665L,富邦�琤肭磪囓�2,10,0,10,台中銀-員林,2023-10-17,6114
2204,中華,10,0,10,台中銀-員林,2023-10-17,6114
2356,英業達,30,20,10,台中銀-員林,2023-10-17,6114
5608,四維航,10,0,10,台中銀-員林,2023-10-17,6114
6235,華孚,10,0,10,台中銀-員林,2023-10-17,6114
6274,台燿,11,1,10,台中銀-員林,2023-10-17,6114
9938,百和,10,0,10,台中銀-員林,2023-10-17,6114
2834,臺企銀,10,0,10,台中銀-員林,2023-10-17,6114
00679B,元大美債20年,9,0,9,台中銀-員林,2023-10-17,6114
5469,瀚宇博,10,1,9,台中銀-員林,2023-10-17,6114
00888,永豐台灣ESG,8,0,8,台中銀-員林,2023-10-17,6114
3362,先進光,9,1,8,台中銀-員林,2023-10-17,6114
4736,泰博,8,0,8,台中銀-員林,2023-10-17,6114
6213,聯茂,8,0,8,台中銀-員林,2023-10-17,6114
00715L,期街口布蘭特正2,20,13,7,台中銀-員林,2023-10-17,6114
00900,富邦特選高股息30,7,0,7,台中銀-員林,2023-10-17,6114
2486,一詮,12,5,7,台中銀-員林,2023-10-17,6114
2409,友達,6,0,6,台中銀-員林,2023-10-17,6114
4714,永捷,5,0,5,台中銀-員林,2023-10-17,6114
3037,欣興,6,1,5,台中銀-員林,2023-10-17,6114
00907,永豐優息存股,5,0,5,台中銀-員林,2023-10-17,6114
00897,富邦基因免疫生技,5,0,5,台中銀-員林,2023-10-17,6114
00680L,元大美債20正2,7,2,5,台中銀-員林,2023-10-17,6114
1618,合機,5,0,5,台中銀-員林,2023-10-17,6114
2436,偉詮電,5,0,5,台中銀-員林,2023-10-17,6114
2537,聯上發,5,0,5,台中銀-員林,2023-10-17,6114
2618,長榮航,26,21,5,台中銀-員林,2023-10-17,6114
3051,力特,5,0,5,台中銀-員林,2023-10-17,6114
3207,耀勝,5,0,5,台中銀-員林,2023-10-17,6114
1101,台泥,1818,0,1818,台中銀-員林,2023-10-18,6114
00680L,元大美債20正2,653,0,653,台中銀-員林,2023-10-18,6114
0056,元大高股息,131,2,129,台中銀-員林,2023-10-18,6114
00671R,富邦NASDAQ反1,102,0,102,台中銀-員林,2023-10-18,6114
00687B,國泰20年美債,80,0,80,台中銀-員林,2023-10-18,6114
00929,復華台灣科技優息,78,14,64,台中銀-員林,2023-10-18,6114
00878,國泰永續高股息,71,9,62,台中銀-員林,2023-10-18,6114
2486,一詮,61,11,50,台中銀-員林,2023-10-18,6114
2618,長榮航,42,2,40,台中銀-員林,2023-10-18,6114
00715L,期街口布蘭特正2,36,0,36,台中銀-員林,2023-10-18,6114
00922,國泰台灣領袖50,35,0,35,台中銀-員林,2023-10-18,6114
1605,華新,25,1,24,台中銀-員林,2023-10-18,6114
2440,太空梭,24,0,24,台中銀-員林,2023-10-18,6114
3041,揚智,21,0,21,台中銀-員林,2023-10-18,6114
1799,易威,20,0,20,台中銀-員林,2023-10-18,6114
8068,全達,20,0,20,台中銀-員林,2023-10-18,6114
1316,上曜,20,3,17,台中銀-員林,2023-10-18,6114
1815,富喬,18,1,17,台中銀-員林,2023-10-18,6114
1909,榮成,17,0,17,台中銀-員林,2023-10-18,6114
3481,群創,18,3,15,台中銀-員林,2023-10-18,6114
2352,佳世達,19,4,15,台中銀-員林,2023-10-18,6114
2634,漢翔,15,0,15,台中銀-員林,2023-10-18,6114
4126,太醫,15,0,15,台中銀-員林,2023-10-18,6114
1471,首利,14,0,14,台中銀-員林,2023-10-18,6114
2344,華邦電,14,1,13,台中銀-員林,2023-10-18,6114
2472,立隆電,23,10,13,台中銀-員林,2023-10-18,6114
4908,前鼎,28,15,13,台中銀-員林,2023-10-18,6114
00919,群益台灣精選高息,13,1,12,台中銀-員林,2023-10-18,6114
1584,精剛,10,0,10,台中銀-員林,2023-10-18,6114
00665L,富邦�琤肭磪囓�2,10,0,10,台中銀-員林,2023-10-18,6114
2611,志信,10,0,10,台中銀-員林,2023-10-18,6114
2731,雄獅,10,0,10,台中銀-員林,2023-10-18,6114
2836,高雄銀,10,0,10,台中銀-員林,2023-10-18,6114
5009,榮剛,10,0,10,台中銀-員林,2023-10-18,6114
2002,中鋼,11,1,10,台中銀-員林,2023-10-18,6114
2313,華通,19,10,9,台中銀-員林,2023-10-18,6114
2417,圓剛,10,1,9,台中銀-員林,2023-10-18,6114
3042,晶技,9,0,9,台中銀-員林,2023-10-18,6114
3588,通嘉,25,16,9,台中銀-員林,2023-10-18,6114
2382,廣達,27,18,9,台中銀-員林,2023-10-18,6114
1618,合機,8,0,8,台中銀-員林,2023-10-18,6114
2034,允強,8,0,8,台中銀-員林,2023-10-18,6114
3037,欣興,12,4,8,台中銀-員林,2023-10-18,6114
2027,大成鋼,7,0,7,台中銀-員林,2023-10-18,6114
2364,倫飛,21,14,7,台中銀-員林,2023-10-18,6114
2465,麗臺,7,0,7,台中銀-員林,2023-10-18,6114
6213,聯茂,7,0,7,台中銀-員林,2023-10-18,6114
8048,德勝,15,8,7,台中銀-員林,2023-10-18,6114
8358,金居,12,5,7,台中銀-員林,2023-10-18,6114
3548,兆利,46,39,7,台中銀-員林,2023-10-18,6114
1101,台泥,166,0,166,台中銀-員林,2023-10-19,6114
00687B,國泰20年美債,126,0,126,台中銀-員林,2023-10-19,6114
00878,國泰永續高股息,97,10,87,台中銀-員林,2023-10-19,6114
00933B,國泰10Y+金融債,85,0,85,台中銀-員林,2023-10-19,6114
0056,元大高股息,88,8,80,台中銀-員林,2023-10-19,6114
00665L,富邦�琤肭磪囓�2,55,0,55,台中銀-員林,2023-10-19,6114
00680L,元大美債20正2,39,0,39,台中銀-員林,2023-10-19,6114
1618,合機,46,10,36,台中銀-員林,2023-10-19,6114
2331,精英,35,0,35,台中銀-員林,2023-10-19,6114
2317,鴻海,31,0,31,台中銀-員林,2023-10-19,6114
00688L,國泰20年美債正2,30,0,30,台中銀-員林,2023-10-19,6114
2014,中鴻,30,0,30,台中銀-員林,2023-10-19,6114
00751B,元大AAA至A公司債,26,0,26,台中銀-員林,2023-10-19,6114
00712,復華富時不動產,23,0,23,台中銀-員林,2023-10-19,6114
2834,臺企銀,22,0,22,台中銀-員林,2023-10-19,6114
3041,揚智,31,10,21,台中銀-員林,2023-10-19,6114
00713,元大台灣高息低波,20,0,20,台中銀-員林,2023-10-19,6114
1324,地球,21,4,17,台中銀-員林,2023-10-19,6114
1524,耿鼎,22,6,16,台中銀-員林,2023-10-19,6114
00929,復華台灣科技優息,17,1,16,台中銀-員林,2023-10-19,6114
00673R,期元大S＆P原油反1,15,0,15,台中銀-員林,2023-10-19,6114
6129,普誠,21,6,15,台中銀-員林,2023-10-19,6114
00922,國泰台灣領袖50,14,0,14,台中銀-員林,2023-10-19,6114
2204,中華,15,1,14,台中銀-員林,2023-10-19,6114
00679B,元大美債20年,12,0,12,台中銀-員林,2023-10-19,6114
2880,華南金,12,0,12,台中銀-員林,2023-10-19,6114
1612,宏泰,12,0,12,台中銀-員林,2023-10-19,6114
00753L,中信中國50正2,11,0,11,台中銀-員林,2023-10-19,6114
3051,力特,11,0,11,台中銀-員林,2023-10-19,6114
3037,欣興,12,1,11,台中銀-員林,2023-10-19,6114
00905,FT臺灣Smart,10,0,10,台中銀-員林,2023-10-19,6114
1304,台聚,10,0,10,台中銀-員林,2023-10-19,6114
9950,萬國通,10,0,10,台中銀-員林,2023-10-19,6114
2356,英業達,31,22,9,台中銀-員林,2023-10-19,6114
00632R,元大台灣50反1,20,11,9,台中銀-員林,2023-10-19,6114
2609,陽明,10,1,9,台中銀-員林,2023-10-19,6114
2233,宇隆,11,2,9,台中銀-員林,2023-10-19,6114
6901,鑽石投資,9,0,9,台中銀-員林,2023-10-19,6114
00919,群益台灣精選高息,8,0,8,台中銀-員林,2023-10-19,6114
2034,允強,8,0,8,台中銀-員林,2023-10-19,6114
2369,菱生,12,4,8,台中銀-員林,2023-10-19,6114
6451,訊芯-KY,13,5,8,台中銀-員林,2023-10-19,6114
3481,群創,7,0,7,台中銀-員林,2023-10-19,6114
1305,華夏,10,3,7,台中銀-員林,2023-10-19,6114
3016,嘉晶,7,0,7,台中銀-員林,2023-10-19,6114
2002,中鋼,9,2,7,台中銀-員林,2023-10-19,6114
00902,中信電池及儲能,6,0,6,台中銀-員林,2023-10-19,6114
2884,玉山金,6,0,6,台中銀-員林,2023-10-19,6114
00642U,期元大S＆P石油,8,2,6,台中銀-員林,2023-10-19,6114
3548,兆利,16,10,6,台中銀-員林,2023-10-19,6114
2888,新光金,107,0,107,台中銀-員林,2023-10-20,6114
00632R,元大台灣50反1,104,0,104,台中銀-員林,2023-10-20,6114
00929,復華台灣科技優息,88,16,72,台中銀-員林,2023-10-20,6114
2801,彰銀,40,0,40,台中銀-員林,2023-10-20,6114
2425,承啟,35,0,35,台中銀-員林,2023-10-20,6114
3041,揚智,35,0,35,台中銀-員林,2023-10-20,6114
00919,群益台灣精選高息,33,1,32,台中銀-員林,2023-10-20,6114
1802,台玻,31,0,31,台中銀-員林,2023-10-20,6114
00712,復華富時不動產,30,0,30,台中銀-員林,2023-10-20,6114
2440,太空梭,40,10,30,台中銀-員林,2023-10-20,6114
00878,國泰永續高股息,31,2,29,台中銀-員林,2023-10-20,6114
00687B,國泰20年美債,29,0,29,台中銀-員林,2023-10-20,6114
2204,中華,29,1,28,台中銀-員林,2023-10-20,6114
6419,京晨科,27,0,27,台中銀-員林,2023-10-20,6114
2883,凱基金,26,1,25,台中銀-員林,2023-10-20,6114
0056,元大高股息,27,3,24,台中銀-員林,2023-10-20,6114
6231,系微,34,11,23,台中銀-員林,2023-10-20,6114
2409,友達,23,1,22,台中銀-員林,2023-10-20,6114
2331,精英,21,0,21,台中銀-員林,2023-10-20,6114
2401,凌陽,83,62,21,台中銀-員林,2023-10-20,6114
3372,典範,21,0,21,台中銀-員林,2023-10-20,6114
6148,驊宏資,20,0,20,台中銀-員林,2023-10-20,6114
2002,中鋼,19,1,18,台中銀-員林,2023-10-20,6114
2363,矽統,24,9,15,台中銀-員林,2023-10-20,6114
00679B,元大美債20年,14,0,14,台中銀-員林,2023-10-20,6114
2885,元大金,14,0,14,台中銀-員林,2023-10-20,6114
2201,裕隆,15,3,12,台中銀-員林,2023-10-20,6114
6901,鑽石投資,12,0,12,台中銀-員林,2023-10-20,6114
2834,臺企銀,15,3,12,台中銀-員林,2023-10-20,6114
00933B,國泰10Y+金融債,11,0,11,台中銀-員林,2023-10-20,6114
1324,地球,14,3,11,台中銀-員林,2023-10-20,6114
2034,允強,11,0,11,台中銀-員林,2023-10-20,6114
8176,智捷,13,2,11,台中銀-員林,2023-10-20,6114
2610,華航,10,0,10,台中銀-員林,2023-10-20,6114
00676R,富邦臺灣加權反1,10,0,10,台中銀-員林,2023-10-20,6114
1608,華榮,10,0,10,台中銀-員林,2023-10-20,6114
2317,鴻海,13,3,10,台中銀-員林,2023-10-20,6114
2388,威盛,27,17,10,台中銀-員林,2023-10-20,6114
3622,洋華,10,0,10,台中銀-員林,2023-10-20,6114
4977,眾達-KY,10,0,10,台中銀-員林,2023-10-20,6114
6245,立端,10,0,10,台中銀-員林,2023-10-20,6114
6276,安鈦克,15,5,10,台中銀-員林,2023-10-20,6114
3583,辛耘,10,0,10,台中銀-員林,2023-10-20,6114
4908,前鼎,20,11,9,台中銀-員林,2023-10-20,6114
00931B,統一美債20年,9,0,9,台中銀-員林,2023-10-20,6114
2812,台中銀,16,7,9,台中銀-員林,2023-10-20,6114
6485,點序,10,1,9,台中銀-員林,2023-10-20,6114
00634R,富邦上証反1,8,0,8,台中銀-員林,2023-10-20,6114
4743,合一,14,6,8,台中銀-員林,2023-10-20,6114
5309,系統電,8,0,8,台中銀-員林,2023-10-20,6114
00687B,國泰20年美債,160,0,160,台中銀-員林,2023-10-23,6114
2317,鴻海,107,5,102,台中銀-員林,2023-10-23,6114
00712,復華富時不動產,81,0,81,台中銀-員林,2023-10-23,6114
00929,復華台灣科技優息,120,40,80,台中銀-員林,2023-10-23,6114
00715L,期街口布蘭特正2,62,0,62,台中銀-員林,2023-10-23,6114
5534,長虹,50,0,50,台中銀-員林,2023-10-23,6114
2409,友達,41,1,40,台中銀-員林,2023-10-23,6114
00878,國泰永續高股息,53,14,39,台中銀-員林,2023-10-23,6114
00679B,元大美債20年,25,0,25,台中銀-員林,2023-10-23,6114
6901,鑽石投資,21,0,21,台中銀-員林,2023-10-23,6114
00720B,元大投資級公司債,20,0,20,台中銀-員林,2023-10-23,6114
1316,上曜,20,0,20,台中銀-員林,2023-10-23,6114
1536,和大,20,0,20,台中銀-員林,2023-10-23,6114
5203,訊連,20,0,20,台中銀-員林,2023-10-23,6114
3260,威剛,18,0,18,台中銀-員林,2023-10-23,6114
6237,驊訊,21,5,16,台中銀-員林,2023-10-23,6114
2885,元大金,15,0,15,台中銀-員林,2023-10-23,6114
3481,群創,15,0,15,台中銀-員林,2023-10-23,6114
3032,偉訓,16,2,14,台中銀-員林,2023-10-23,6114
1324,地球,14,2,12,台中銀-員林,2023-10-23,6114
1609,大亞,14,2,12,台中銀-員林,2023-10-23,6114
2405,輔信,11,0,11,台中銀-員林,2023-10-23,6114
3711,日月光投控,10,0,10,台中銀-員林,2023-10-23,6114
4542,科嶠,11,1,10,台中銀-員林,2023-10-23,6114
5608,四維航,10,0,10,台中銀-員林,2023-10-23,6114
2208,台船,10,1,9,台中銀-員林,2023-10-23,6114
2390,云辰,10,1,9,台中銀-員林,2023-10-23,6114
4162,智擎,10,1,9,台中銀-員林,2023-10-23,6114
1799,易威,8,0,8,台中銀-員林,2023-10-23,6114
2468,華經,11,3,8,台中銀-員林,2023-10-23,6114
00751B,元大AAA至A公司債,8,0,8,台中銀-員林,2023-10-23,6114
1524,耿鼎,7,0,7,台中銀-員林,2023-10-23,6114
1727,中華化,8,1,7,台中銀-員林,2023-10-23,6114
3051,力特,17,11,6,台中銀-員林,2023-10-23,6114
2330,台積電,8,1,7,台中銀-員林,2023-10-23,6114
0056,元大高股息,18,12,6,台中銀-員林,2023-10-23,6114
2402,毅嘉,25,19,6,台中銀-員林,2023-10-23,6114
6770,力積電,6,0,6,台中銀-員林,2023-10-23,6114
00633L,富邦上証正2,5,0,5,台中銀-員林,2023-10-23,6114
00926,凱基全球菁英55,5,0,5,台中銀-員林,2023-10-23,6114
1711,永光,15,10,5,台中銀-員林,2023-10-23,6114
3264,欣銓,5,0,5,台中銀-員林,2023-10-23,6114
3583,辛耘,5,0,5,台中銀-員林,2023-10-23,6114
6139,亞翔,15,10,5,台中銀-員林,2023-10-23,6114
6530,創威,7,2,5,台中銀-員林,2023-10-23,6114
2354,鴻準,4,0,4,台中銀-員林,2023-10-23,6114
3122,笙泉,14,10,4,台中銀-員林,2023-10-23,6114
5880,合庫金,4,0,4,台中銀-員林,2023-10-23,6114
8210,勤誠,8,4,4,台中銀-員林,2023-10-23,6114
5348,正能量智能,4,0,4,台中銀-員林,2023-10-23,6114
00687B,國泰20年美債,132,0,132,台中銀-員林,2023-10-24,6114
2409,友達,86,2,84,台中銀-員林,2023-10-24,6114
00637L,元大滬深300正2,50,3,47,台中銀-員林,2023-10-24,6114
006208,富邦台50,46,0,46,台中銀-員林,2023-10-24,6114
2317,鴻海,72,30,42,台中銀-員林,2023-10-24,6114
2303,聯電,58,24,34,台中銀-員林,2023-10-24,6114
2618,長榮航,38,5,33,台中銀-員林,2023-10-24,6114
00712,復華富時不動產,28,0,28,台中銀-員林,2023-10-24,6114
3591,艾笛森,23,2,21,台中銀-員林,2023-10-24,6114
4162,智擎,29,8,21,台中銀-員林,2023-10-24,6114
3706,神達,20,1,19,台中銀-員林,2023-10-24,6114
2369,菱生,64,45,19,台中銀-員林,2023-10-24,6114
2367,燿華,21,3,18,台中銀-員林,2023-10-24,6114
00688L,國泰20年美債正2,17,0,17,台中銀-員林,2023-10-24,6114
2314,台揚,15,0,15,台中銀-員林,2023-10-24,6114
6770,力積電,15,0,15,台中銀-員林,2023-10-24,6114
1101,台泥,14,0,14,台中銀-員林,2023-10-24,6114
3264,欣銓,15,1,14,台中銀-員林,2023-10-24,6114
3481,群創,14,0,14,台中銀-員林,2023-10-24,6114
2002,中鋼,12,0,12,台中銀-員林,2023-10-24,6114
4743,合一,17,5,12,台中銀-員林,2023-10-24,6114
00679B,元大美債20年,12,0,12,台中銀-員林,2023-10-24,6114
1305,華夏,10,0,10,台中銀-員林,2023-10-24,6114
00795B,中信美國公債20年,10,0,10,台中銀-員林,2023-10-24,6114
00665L,富邦�琤肭磪囓�2,10,0,10,台中銀-員林,2023-10-24,6114
1711,永光,22,12,10,台中銀-員林,2023-10-24,6114
3013,晟銘電,10,0,10,台中銀-員林,2023-10-24,6114
3711,日月光投控,10,0,10,台中銀-員林,2023-10-24,6114
6113,亞矽,10,0,10,台中銀-員林,2023-10-24,6114
6150,撼訊,15,5,10,台中銀-員林,2023-10-24,6114
8277,商丞,10,0,10,台中銀-員林,2023-10-24,6114
2880,華南金,9,0,9,台中銀-員林,2023-10-24,6114
1799,易威,9,0,9,台中銀-員林,2023-10-24,6114
2486,一詮,10,1,9,台中銀-員林,2023-10-24,6114
6168,宏齊,27,19,8,台中銀-員林,2023-10-24,6114
00642U,期元大S＆P石油,7,0,7,台中銀-員林,2023-10-24,6114
00753L,中信中國50正2,10,3,7,台中銀-員林,2023-10-24,6114
1815,富喬,15,8,7,台中銀-員林,2023-10-24,6114
4712,福格創新,7,0,7,台中銀-員林,2023-10-24,6114
2462,良得電,9,2,7,台中銀-員林,2023-10-24,6114
00919,群益台灣精選高息,9,3,6,台中銀-員林,2023-10-24,6114
3715,定穎投控,18,12,6,台中銀-員林,2023-10-24,6114
2441,超豐,6,0,6,台中銀-員林,2023-10-24,6114
2801,彰銀,6,0,6,台中銀-員林,2023-10-24,6114
3563,牧德,6,0,6,台中銀-員林,2023-10-24,6114
2884,玉山金,6,0,6,台中銀-員林,2023-10-24,6114
1909,榮成,5,0,5,台中銀-員林,2023-10-24,6114
2405,輔信,10,5,5,台中銀-員林,2023-10-24,6114
2425,承啟,5,0,5,台中銀-員林,2023-10-24,6114
2455,全新,5,0,5,台中銀-員林,2023-10-24,6114
00720B,元大投資級公司債,79,0,79,台中銀-員林,2023-10-25,6114
2317,鴻海,74,6,68,台中銀-員林,2023-10-25,6114
3041,揚智,73,12,61,台中銀-員林,2023-10-25,6114
8110,華東,66,9,57,台中銀-員林,2023-10-25,6114
00687B,國泰20年美債,39,0,39,台中銀-員林,2023-10-25,6114
3025,星通,95,72,23,台中銀-員林,2023-10-25,6114
3035,智原,23,1,22,台中銀-員林,2023-10-25,6114
2409,友達,90,68,22,台中銀-員林,2023-10-25,6114
0056,元大高股息,24,3,21,台中銀-員林,2023-10-25,6114
9105,泰金寶-DR,21,0,21,台中銀-員林,2023-10-25,6114
1301,台塑,20,0,20,台中銀-員林,2023-10-25,6114
3545,敦泰,30,11,19,台中銀-員林,2023-10-25,6114
6290,良維,20,1,19,台中銀-員林,2023-10-25,6114
2337,旺宏,23,6,17,台中銀-員林,2023-10-25,6114
1324,地球,28,13,15,台中銀-員林,2023-10-25,6114
3481,群創,21,6,15,台中銀-員林,2023-10-25,6114
1568,倉佑,23,9,14,台中銀-員林,2023-10-25,6114
6283,淳安,15,1,14,台中銀-員林,2023-10-25,6114
2436,偉詮電,14,1,13,台中銀-員林,2023-10-25,6114
00878,國泰永續高股息,13,0,13,台中銀-員林,2023-10-25,6114
6231,系微,14,1,13,台中銀-員林,2023-10-25,6114
2323,中環,11,0,11,台中銀-員林,2023-10-25,6114
2453,凌群,20,9,11,台中銀-員林,2023-10-25,6114
2462,良得電,18,7,11,台中銀-員林,2023-10-25,6114
3693,營邦,15,4,11,台中銀-員林,2023-10-25,6114
4536,拓凱,11,0,11,台中銀-員林,2023-10-25,6114
2610,華航,11,1,10,台中銀-員林,2023-10-25,6114
2208,台船,10,0,10,台中銀-員林,2023-10-25,6114
00900,富邦特選高股息30,10,0,10,台中銀-員林,2023-10-25,6114
6788,華景電,10,0,10,台中銀-員林,2023-10-25,6114
1314,中石化,10,1,9,台中銀-員林,2023-10-25,6114
3260,威剛,8,0,8,台中銀-員林,2023-10-25,6114
1101,台泥,8,0,8,台中銀-員林,2023-10-25,6114
1799,易威,8,0,8,台中銀-員林,2023-10-25,6114
1905,華紙,10,2,8,台中銀-員林,2023-10-25,6114
2405,輔信,16,8,8,台中銀-員林,2023-10-25,6114
3002,歐格,8,0,8,台中銀-員林,2023-10-25,6114
00919,群益台灣精選高息,17,10,7,台中銀-員林,2023-10-25,6114
6282,康舒,8,1,7,台中銀-員林,2023-10-25,6114
3372,典範,7,0,7,台中銀-員林,2023-10-25,6114
1524,耿鼎,63,56,7,台中銀-員林,2023-10-25,6114
2492,華新科,14,7,7,台中銀-員林,2023-10-25,6114
6284,佳邦,8,1,7,台中銀-員林,2023-10-25,6114
5469,瀚宇博,10,3,7,台中銀-員林,2023-10-25,6114
00929,復華台灣科技優息,10,3,7,台中銀-員林,2023-10-25,6114
1514,亞力,8,1,7,台中銀-員林,2023-10-25,6114
00712,復華富時不動產,6,0,6,台中銀-員林,2023-10-25,6114
00902,中信電池及儲能,9,3,6,台中銀-員林,2023-10-25,6114
1504,東元,6,0,6,台中銀-員林,2023-10-25,6114
2344,華邦電,11,5,6,台中銀-員林,2023-10-25,6114
00680L,元大美債20正2,203,0,203,台中銀-員林,2023-10-26,6114
00687B,國泰20年美債,191,0,191,台中銀-員林,2023-10-26,6114
00720B,元大投資級公司債,90,0,90,台中銀-員林,2023-10-26,6114
00929,復華台灣科技優息,76,1,75,台中銀-員林,2023-10-26,6114
00688L,國泰20年美債正2,65,12,53,台中銀-員林,2023-10-26,6114
2303,聯電,63,13,50,台中銀-員林,2023-10-26,6114
00712,復華富時不動產,45,1,44,台中銀-員林,2023-10-26,6114
00919,群益台灣精選高息,42,0,42,台中銀-員林,2023-10-26,6114
00665L,富邦�琤肭磪囓�2,30,0,30,台中銀-員林,2023-10-26,6114
2883,凱基金,42,15,27,台中銀-員林,2023-10-26,6114
00878,國泰永續高股息,27,0,27,台中銀-員林,2023-10-26,6114
1721,三晃,50,24,26,台中銀-員林,2023-10-26,6114
2440,太空梭,25,0,25,台中銀-員林,2023-10-26,6114
6117,迎廣,29,4,25,台中銀-員林,2023-10-26,6114
9105,泰金寶-DR,25,0,25,台中銀-員林,2023-10-26,6114
00751B,元大AAA至A公司債,20,0,20,台中銀-員林,2023-10-26,6114
2002,中鋼,19,0,19,台中銀-員林,2023-10-26,6114
0056,元大高股息,20,1,19,台中銀-員林,2023-10-26,6114
00885,富邦越南,17,0,17,台中銀-員林,2023-10-26,6114
2887,台新金,17,0,17,台中銀-員林,2023-10-26,6114
6770,力積電,19,2,17,台中銀-員林,2023-10-26,6114
00679B,元大美債20年,17,0,17,台中銀-員林,2023-10-26,6114
00673R,期元大S＆P原油反1,15,0,15,台中銀-員林,2023-10-26,6114
2344,華邦電,23,8,15,台中銀-員林,2023-10-26,6114
2457,飛宏,15,0,15,台中銀-員林,2023-10-26,6114
00795B,中信美國公債20年,13,0,13,台中銀-員林,2023-10-26,6114
3710,連展投控,13,0,13,台中銀-員林,2023-10-26,6114
2363,矽統,18,6,12,台中銀-員林,2023-10-26,6114
00637L,元大滬深300正2,10,0,10,台中銀-員林,2023-10-26,6114
1314,中石化,10,0,10,台中銀-員林,2023-10-26,6114
2449,京元電子,23,13,10,台中銀-員林,2023-10-26,6114
2882,國泰金,10,0,10,台中銀-員林,2023-10-26,6114
8176,智捷,10,0,10,台中銀-員林,2023-10-26,6114
6133,金橋,10,0,10,台中銀-員林,2023-10-26,6114
1503,士電,9,0,9,台中銀-員林,2023-10-26,6114
2405,輔信,18,9,9,台中銀-員林,2023-10-26,6114
5225,東科-KY,9,0,9,台中銀-員林,2023-10-26,6114
2498,宏達電,13,5,8,台中銀-員林,2023-10-26,6114
2313,華通,8,0,8,台中銀-員林,2023-10-26,6114
2337,旺宏,8,0,8,台中銀-員林,2023-10-26,6114
3715,定穎投控,17,10,7,台中銀-員林,2023-10-26,6114
1305,華夏,7,0,7,台中銀-員林,2023-10-26,6114
1711,永光,11,4,7,台中銀-員林,2023-10-26,6114
4958,臻鼎-KY,7,0,7,台中銀-員林,2023-10-26,6114
6684,安格,37,30,7,台中銀-員林,2023-10-26,6114
2317,鴻海,7,1,6,台中銀-員林,2023-10-26,6114
00772B,中信高評級公司債,6,0,6,台中銀-員林,2023-10-26,6114
6216,居易,17,11,6,台中銀-員林,2023-10-26,6114
3037,欣興,8,2,6,台中銀-員林,2023-10-26,6114
2458,義隆,6,0,6,台中銀-員林,2023-10-26,6114
00720B,元大投資級公司債,100,0,100,台中銀-員林,2023-10-27,6114
2867,三商壽,100,0,100,台中銀-員林,2023-10-27,6114
00688L,國泰20年美債正2,78,0,78,台中銀-員林,2023-10-27,6114
00680L,元大美債20正2,40,0,40,台中銀-員林,2023-10-27,6114
2317,鴻海,43,5,38,台中銀-員林,2023-10-27,6114
4743,合一,47,11,36,台中銀-員林,2023-10-27,6114
00712,復華富時不動產,33,0,33,台中銀-員林,2023-10-27,6114
4908,前鼎,40,8,32,台中銀-員林,2023-10-27,6114
2363,矽統,35,5,30,台中銀-員林,2023-10-27,6114
00919,群益台灣精選高息,29,0,29,台中銀-員林,2023-10-27,6114
2344,華邦電,26,1,25,台中銀-員林,2023-10-27,6114
2002,中鋼,21,1,20,台中銀-員林,2023-10-27,6114
00891,中信關鍵半導體,20,0,20,台中銀-員林,2023-10-27,6114
00885,富邦越南,19,0,19,台中銀-員林,2023-10-27,6114
3231,緯創,35,17,18,台中銀-員林,2023-10-27,6114
3548,兆利,27,9,18,台中銀-員林,2023-10-27,6114
00929,復華台灣科技優息,45,27,18,台中銀-員林,2023-10-27,6114
2388,威盛,25,9,16,台中銀-員林,2023-10-27,6114
00687B,國泰20年美債,15,0,15,台中銀-員林,2023-10-27,6114
3176,基亞,14,0,14,台中銀-員林,2023-10-27,6114
00922,國泰台灣領袖50,14,0,14,台中銀-員林,2023-10-27,6114
0056,元大高股息,18,6,12,台中銀-員林,2023-10-27,6114
00673R,期元大S＆P原油反1,11,0,11,台中銀-員林,2023-10-27,6114
00642U,期元大S＆P石油,11,0,11,台中銀-員林,2023-10-27,6114
8358,金居,13,2,11,台中銀-員林,2023-10-27,6114
2481,強茂,10,0,10,台中銀-員林,2023-10-27,6114
3290,東浦,10,0,10,台中銀-員林,2023-10-27,6114
4105,東洋,10,0,10,台中銀-員林,2023-10-27,6114
6485,點序,10,0,10,台中銀-員林,2023-10-27,6114
6547,高端疫苗,10,0,10,台中銀-員林,2023-10-27,6114
2329,華泰,10,1,9,台中銀-員林,2023-10-27,6114
3679,新至陞,9,0,9,台中銀-員林,2023-10-27,6114
2883,凱基金,8,0,8,台中銀-員林,2023-10-27,6114
3078,僑威,16,8,8,台中銀-員林,2023-10-27,6114
3530,晶相光,8,0,8,台中銀-員林,2023-10-27,6114
2889,國票金,7,0,7,台中銀-員林,2023-10-27,6114
3051,力特,8,1,7,台中銀-員林,2023-10-27,6114
6530,創威,7,0,7,台中銀-員林,2023-10-27,6114
3704,合勤控,12,5,7,台中銀-員林,2023-10-27,6114
2476,鉅祥,8,2,6,台中銀-員林,2023-10-27,6114
3324,雙鴻,5,0,5,台中銀-員林,2023-10-27,6114
1216,統一,5,0,5,台中銀-員林,2023-10-27,6114
1612,宏泰,5,0,5,台中銀-員林,2023-10-27,6114
2034,允強,5,0,5,台中銀-員林,2023-10-27,6114
2353,宏��,5,0,5,台中銀-員林,2023-10-27,6114
2427,三商電,5,0,5,台中銀-員林,2023-10-27,6114
2460,建通,6,1,5,台中銀-員林,2023-10-27,6114
3357,臺慶科,5,0,5,台中銀-員林,2023-10-27,6114
3588,通嘉,5,0,5,台中銀-員林,2023-10-27,6114
4114,健喬,5,0,5,台中銀-員林,2023-10-27,6114
2485,兆赫,140,46,94,台中銀-員林,2023-10-30,6114
00878,國泰永續高股息,57,0,57,台中銀-員林,2023-10-30,6114
2303,聯電,53,0,53,台中銀-員林,2023-10-30,6114
3094,聯傑,41,9,32,台中銀-員林,2023-10-30,6114
2371,大同,30,1,29,台中銀-員林,2023-10-30,6114
2885,元大金,25,0,25,台中銀-員林,2023-10-30,6114
6216,居易,29,5,24,台中銀-員林,2023-10-30,6114
2618,長榮航,23,0,23,台中銀-員林,2023-10-30,6114
6492,生華科,27,4,23,台中銀-員林,2023-10-30,6114
00679B,元大美債20年,22,0,22,台中銀-員林,2023-10-30,6114
2363,矽統,24,3,21,台中銀-員林,2023-10-30,6114
1815,富喬,25,5,20,台中銀-員林,2023-10-30,6114
2356,英業達,25,7,18,台中銀-員林,2023-10-30,6114
2883,凱基金,23,7,16,台中銀-員林,2023-10-30,6114
00882,中信中國高股息,15,0,15,台中銀-員林,2023-10-30,6114
3679,新至陞,15,0,15,台中銀-員林,2023-10-30,6114
6189,豐藝,15,0,15,台中銀-員林,2023-10-30,6114
2891,中信金,14,0,14,台中銀-員林,2023-10-30,6114
00919,群益台灣精選高息,13,0,13,台中銀-員林,2023-10-30,6114
00885,富邦越南,12,0,12,台中銀-員林,2023-10-30,6114
6438,迅得,11,0,11,台中銀-員林,2023-10-30,6114
6477,安集,11,0,11,台中銀-員林,2023-10-30,6114
8054,安國,16,5,11,台中銀-員林,2023-10-30,6114
00753L,中信中國50正2,10,0,10,台中銀-員林,2023-10-30,6114
2440,太空梭,10,0,10,台中銀-員林,2023-10-30,6114
2611,志信,10,0,10,台中銀-員林,2023-10-30,6114
3669,圓展,11,1,10,台中銀-員林,2023-10-30,6114
3711,日月光投控,10,0,10,台中銀-員林,2023-10-30,6114
00712,復華富時不動產,13,4,9,台中銀-員林,2023-10-30,6114
6117,迎廣,16,7,9,台中銀-員林,2023-10-30,6114
6283,淳安,9,0,9,台中銀-員林,2023-10-30,6114
6443,元晶,13,4,9,台中銀-員林,2023-10-30,6114
3545,敦泰,15,7,8,台中銀-員林,2023-10-30,6114
00929,復華台灣科技優息,13,6,7,台中銀-員林,2023-10-30,6114
00715L,期街口布蘭特正2,7,0,7,台中銀-員林,2023-10-30,6114
3122,笙泉,14,7,7,台中銀-員林,2023-10-30,6114
3706,神達,7,0,7,台中銀-員林,2023-10-30,6114
1795,美時,6,0,6,台中銀-員林,2023-10-30,6114
00933B,國泰10Y+金融債,6,0,6,台中銀-員林,2023-10-30,6114
00931B,統一美債20年,6,0,6,台中銀-員林,2023-10-30,6114
2340,台亞,6,0,6,台中銀-員林,2023-10-30,6114
2887,台新金,6,0,6,台中銀-員林,2023-10-30,6114
6770,力積電,6,0,6,台中銀-員林,2023-10-30,6114
00795B,中信美國公債20年,5,0,5,台中銀-員林,2023-10-30,6114
2353,宏��,30,25,5,台中銀-員林,2023-10-30,6114
2610,華航,7,2,5,台中銀-員林,2023-10-30,6114
2892,第一金,5,0,5,台中銀-員林,2023-10-30,6114
3033,威健,5,0,5,台中銀-員林,2023-10-30,6114
3357,臺慶科,5,0,5,台中銀-員林,2023-10-30,6114
5347,世界,5,0,5,台中銀-員林,2023-10-30,6114
00712,復華富時不動產,69,1,68,台中銀-員林,2023-10-31,6114
00919,群益台灣精選高息,67,0,67,台中銀-員林,2023-10-31,6114
00665L,富邦�琤肭磪囓�2,60,0,60,台中銀-員林,2023-10-31,6114
1802,台玻,52,5,47,台中銀-員林,2023-10-31,6114
0056,元大高股息,46,0,46,台中銀-員林,2023-10-31,6114
00878,國泰永續高股息,45,0,45,台中銀-員林,2023-10-31,6114
2371,大同,44,1,43,台中銀-員林,2023-10-31,6114
2380,虹光,40,0,40,台中銀-員林,2023-10-31,6114
00751B,元大AAA至A公司債,35,0,35,台中銀-員林,2023-10-31,6114
2913,農林,35,0,35,台中銀-員林,2023-10-31,6114
00687B,國泰20年美債,30,0,30,台中銀-員林,2023-10-31,6114
00929,復華台灣科技優息,25,4,21,台中銀-員林,2023-10-31,6114
00680L,元大美債20正2,20,0,20,台中銀-員林,2023-10-31,6114
9945,潤泰新,20,0,20,台中銀-員林,2023-10-31,6114
00632R,元大台灣50反1,29,10,19,台中銀-員林,2023-10-31,6114
2363,矽統,28,10,18,台中銀-員林,2023-10-31,6114
2382,廣達,35,18,17,台中銀-員林,2023-10-31,6114
00922,國泰台灣領袖50,16,0,16,台中銀-員林,2023-10-31,6114
2303,聯電,16,2,14,台中銀-員林,2023-10-31,6114
3032,偉訓,19,5,14,台中銀-員林,2023-10-31,6114
00642U,期元大S＆P石油,13,0,13,台中銀-員林,2023-10-31,6114
3380,明泰,13,0,13,台中銀-員林,2023-10-31,6114
2313,華通,21,8,13,台中銀-員林,2023-10-31,6114
2301,光寶科,41,29,12,台中銀-員林,2023-10-31,6114
2353,宏��,18,6,12,台中銀-員林,2023-10-31,6114
2618,長榮航,16,4,12,台中銀-員林,2023-10-31,6114
5403,中菲,11,0,11,台中銀-員林,2023-10-31,6114
6492,生華科,16,5,11,台中銀-員林,2023-10-31,6114
3231,緯創,27,17,10,台中銀-員林,2023-10-31,6114
3260,威剛,12,2,10,台中銀-員林,2023-10-31,6114
6235,華孚,12,2,10,台中銀-員林,2023-10-31,6114
6477,安集,10,0,10,台中銀-員林,2023-10-31,6114
6788,華景電,10,0,10,台中銀-員林,2023-10-31,6114
2330,台積電,10,0,10,台中銀-員林,2023-10-31,6114
2352,佳世達,14,5,9,台中銀-員林,2023-10-31,6114
1301,台塑,10,1,9,台中銀-員林,2023-10-31,6114
3545,敦泰,15,6,9,台中銀-員林,2023-10-31,6114
6139,亞翔,12,3,9,台中銀-員林,2023-10-31,6114
2492,華新科,13,5,8,台中銀-員林,2023-10-31,6114
6153,嘉聯益,8,0,8,台中銀-員林,2023-10-31,6114
6213,聯茂,8,0,8,台中銀-員林,2023-10-31,6114
6443,元晶,23,15,8,台中銀-員林,2023-10-31,6114
6570,維田,8,0,8,台中銀-員林,2023-10-31,6114
00885,富邦越南,7,0,7,台中銀-員林,2023-10-31,6114
1609,大亞,7,1,6,台中銀-員林,2023-10-31,6114
00932,兆豐永續高息等權,6,0,6,台中銀-員林,2023-10-31,6114
00679B,元大美債20年,6,0,6,台中銀-員林,2023-10-31,6114
2388,威盛,16,10,6,台中銀-員林,2023-10-31,6114
2495,普安,6,0,6,台中銀-員林,2023-10-31,6114
3041,揚智,8,2,6,台中銀-員林,2023-10-31,6114
00706L,期元大S＆P日圓正2,100,0,100,台中銀-員林,2023-11-01,6114
00878,國泰永續高股息,44,0,44,台中銀-員林,2023-11-01,6114
6492,生華科,44,1,43,台中銀-員林,2023-11-01,6114
00720B,元大投資級公司債,41,0,41,台中銀-員林,2023-11-01,6114
00687B,國泰20年美債,40,0,40,台中銀-員林,2023-11-01,6114
3715,定穎投控,99,62,37,台中銀-員林,2023-11-01,6114
00929,復華台灣科技優息,41,4,37,台中銀-員林,2023-11-01,6114
6285,啟��,35,1,34,台中銀-員林,2023-11-01,6114
2314,台揚,31,0,31,台中銀-員林,2023-11-01,6114
2401,凌陽,30,1,29,台中銀-員林,2023-11-01,6114
6191,精成科,28,3,25,台中銀-員林,2023-11-01,6114
00753L,中信中國50正2,21,0,21,台中銀-員林,2023-11-01,6114
1815,富喬,53,34,19,台中銀-員林,2023-11-01,6114
4915,致伸,19,0,19,台中銀-員林,2023-11-01,6114
00934,中信成長高股息,17,0,17,台中銀-員林,2023-11-01,6114
1314,中石化,19,4,15,台中銀-員林,2023-11-01,6114
2634,漢翔,15,0,15,台中銀-員林,2023-11-01,6114
3176,基亞,15,0,15,台中銀-員林,2023-11-01,6114
8176,智捷,15,0,15,台中銀-員林,2023-11-01,6114
3679,新至陞,14,0,14,台中銀-員林,2023-11-01,6114
3338,泰碩,15,1,14,台中銀-員林,2023-11-01,6114
0056,元大高股息,14,1,13,台中銀-員林,2023-11-01,6114
1605,華新,13,0,13,台中銀-員林,2023-11-01,6114
3035,智原,13,0,13,台中銀-員林,2023-11-01,6114
9919,康那香,13,0,13,台中銀-員林,2023-11-01,6114
3532,台勝科,11,0,11,台中銀-員林,2023-11-01,6114
4526,東台,13,2,11,台中銀-員林,2023-11-01,6114
00665L,富邦�琤肭磪囓�2,10,0,10,台中銀-員林,2023-11-01,6114
1305,華夏,10,0,10,台中銀-員林,2023-11-01,6114
2017,官田鋼,10,0,10,台中銀-員林,2023-11-01,6114
9105,泰金寶-DR,10,0,10,台中銀-員林,2023-11-01,6114
1760,寶齡富錦,11,2,9,台中銀-員林,2023-11-01,6114
2313,華通,9,1,8,台中銀-員林,2023-11-01,6114
3450,聯鈞,10,2,8,台中銀-員林,2023-11-01,6114
3702,大聯大,10,2,8,台中銀-員林,2023-11-01,6114
2883,凱基金,7,0,7,台中銀-員林,2023-11-01,6114
2457,飛宏,7,0,7,台中銀-員林,2023-11-01,6114
1101,台泥,8,1,7,台中銀-員林,2023-11-01,6114
00642U,期元大S＆P石油,7,0,7,台中銀-員林,2023-11-01,6114
00715L,期街口布蘭特正2,7,0,7,台中銀-員林,2023-11-01,6114
1618,合機,8,1,7,台中銀-員林,2023-11-01,6114
1721,三晃,14,7,7,台中銀-員林,2023-11-01,6114
3025,星通,7,0,7,台中銀-員林,2023-11-01,6114
2308,台達電,6,0,6,台中銀-員林,2023-11-01,6114
00907,永豐優息存股,6,0,6,台中銀-員林,2023-11-01,6114
2409,友達,6,0,6,台中銀-員林,2023-11-01,6114
2601,益航,6,0,6,台中銀-員林,2023-11-01,6114
3357,臺慶科,6,0,6,台中銀-員林,2023-11-01,6114
5388,中磊,6,0,6,台中銀-員林,2023-11-01,6114
6245,立端,6,0,6,台中銀-員林,2023-11-01,6114
00632R,元大台灣50反1,96,26,70,台中銀-員林,2023-11-02,6114
00751B,元大AAA至A公司債,63,0,63,台中銀-員林,2023-11-02,6114
00671R,富邦NASDAQ反1,60,0,60,台中銀-員林,2023-11-02,6114
2317,鴻海,55,3,52,台中銀-員林,2023-11-02,6114
2812,台中銀,50,2,48,台中銀-員林,2023-11-02,6114
00885,富邦越南,44,0,44,台中銀-員林,2023-11-02,6114
00642U,期元大S＆P石油,29,0,29,台中銀-員林,2023-11-02,6114
2313,華通,43,15,28,台中銀-員林,2023-11-02,6114
00673R,期元大S＆P原油反1,20,0,20,台中銀-員林,2023-11-02,6114
00934,中信成長高股息,18,0,18,台中銀-員林,2023-11-02,6114
5521,工信,66,50,16,台中銀-員林,2023-11-02,6114
2485,兆赫,16,1,15,台中銀-員林,2023-11-02,6114
3715,定穎投控,34,19,15,台中銀-員林,2023-11-02,6114
8054,安國,22,8,14,台中銀-員林,2023-11-02,6114
00679B,元大美債20年,11,0,11,台中銀-員林,2023-11-02,6114
3672,康聯訊,15,4,11,台中銀-員林,2023-11-02,6114
5289,宜鼎,11,0,11,台中銀-員林,2023-11-02,6114
2515,中工,10,0,10,台中銀-員林,2023-11-02,6114
3202,樺晟,10,0,10,台中銀-員林,2023-11-02,6114
4188,安克,10,0,10,台中銀-員林,2023-11-02,6114
5309,系統電,10,0,10,台中銀-員林,2023-11-02,6114
8110,華東,11,1,10,台中銀-員林,2023-11-02,6114
2834,臺企銀,12,2,10,台中銀-員林,2023-11-02,6114
9938,百和,10,0,10,台中銀-員林,2023-11-02,6114
1605,華新,6,0,6,台中銀-員林,2023-11-02,6114
2489,瑞軒,6,0,6,台中銀-員林,2023-11-02,6114
9958,世紀鋼,6,0,6,台中銀-員林,2023-11-02,6114
3548,兆利,50,44,6,台中銀-員林,2023-11-02,6114
00935,野村臺灣新科技50,5,0,5,台中銀-員林,2023-11-02,6114
1717,長興,6,1,5,台中銀-員林,2023-11-02,6114
2402,毅嘉,5,0,5,台中銀-員林,2023-11-02,6114
2888,新光金,5,0,5,台中銀-員林,2023-11-02,6114
3516,亞帝歐,5,0,5,台中銀-員林,2023-11-02,6114
4712,福格創新,5,0,5,台中銀-員林,2023-11-02,6114
5388,中磊,10,5,5,台中銀-員林,2023-11-02,6114
6150,撼訊,12,7,5,台中銀-員林,2023-11-02,6114
6202,盛群,5,0,5,台中銀-員林,2023-11-02,6114
2465,麗臺,6,1,5,台中銀-員林,2023-11-02,6114
00688L,國泰20年美債正2,4,0,4,台中銀-員林,2023-11-02,6114
2382,廣達,6,2,4,台中銀-員林,2023-11-02,6114
2002,中鋼,4,1,3,台中銀-員林,2023-11-02,6114
2449,京元電子,13,10,3,台中銀-員林,2023-11-02,6114
2609,陽明,3,0,3,台中銀-員林,2023-11-02,6114
3094,聯傑,3,0,3,台中銀-員林,2023-11-02,6114
3122,笙泉,8,5,3,台中銀-員林,2023-11-02,6114
3230,錦明,3,0,3,台中銀-員林,2023-11-02,6114
3357,臺慶科,3,0,3,台中銀-員林,2023-11-02,6114
3376,新日興,9,6,3,台中銀-員林,2023-11-02,6114
3450,聯鈞,10,7,3,台中銀-員林,2023-11-02,6114
3596,智易,8,5,3,台中銀-員林,2023-11-02,6114
2614,東森,100,1,99,台中銀-員林,2023-11-03,6114
2812,台中銀,100,1,99,台中銀-員林,2023-11-03,6114
2492,華新科,90,8,82,台中銀-員林,2023-11-03,6114
8163,達方,77,9,68,台中銀-員林,2023-11-03,6114
6220,岳豐,50,0,50,台中銀-員林,2023-11-03,6114
00642U,期元大S＆P石油,25,0,25,台中銀-員林,2023-11-03,6114
00934,中信成長高股息,22,0,22,台中銀-員林,2023-11-03,6114
2458,義隆,21,0,21,台中銀-員林,2023-11-03,6114
2317,鴻海,25,4,21,台中銀-員林,2023-11-03,6114
00905,FT臺灣Smart,20,0,20,台中銀-員林,2023-11-03,6114
6492,生華科,23,3,20,台中銀-員林,2023-11-03,6114
4967,十銓,31,16,15,台中銀-員林,2023-11-03,6114
2421,建準,13,0,13,台中銀-員林,2023-11-03,6114
2610,華航,32,19,13,台中銀-員林,2023-11-03,6114
6284,佳邦,21,8,13,台中銀-員林,2023-11-03,6114
2353,宏��,34,22,12,台中銀-員林,2023-11-03,6114
00688L,國泰20年美債正2,12,0,12,台中銀-員林,2023-11-03,6114
5355,佳總,12,0,12,台中銀-員林,2023-11-03,6114
2755,揚秦,12,0,12,台中銀-員林,2023-11-03,6114
1301,台塑,10,0,10,台中銀-員林,2023-11-03,6114
2034,允強,10,0,10,台中銀-員林,2023-11-03,6114
2748,雲品,10,0,10,台中銀-員林,2023-11-03,6114
2002,中鋼,10,1,9,台中銀-員林,2023-11-03,6114
3231,緯創,14,6,8,台中銀-員林,2023-11-03,6114
2201,裕隆,8,0,8,台中銀-員林,2023-11-03,6114
4977,眾達-KY,10,2,8,台中銀-員林,2023-11-03,6114
3035,智原,29,22,7,台中銀-員林,2023-11-03,6114
2376,技嘉,11,4,7,台中銀-員林,2023-11-03,6114
9921,巨大,7,0,7,台中銀-員林,2023-11-03,6114
8150,南茂,11,5,6,台中銀-員林,2023-11-03,6114
2444,兆勁,6,0,6,台中銀-員林,2023-11-03,6114
3014,聯陽,6,0,6,台中銀-員林,2023-11-03,6114
1612,宏泰,5,0,5,台中銀-員林,2023-11-03,6114
2014,中鴻,5,0,5,台中銀-員林,2023-11-03,6114
3703,欣陸,5,0,5,台中銀-員林,2023-11-03,6114
8227,巨有科技,5,0,5,台中銀-員林,2023-11-03,6114
2472,立隆電,5,0,5,台中銀-員林,2023-11-03,6114
00878,國泰永續高股息,6,1,5,台中銀-員林,2023-11-03,6114
8046,南電,4,0,4,台中銀-員林,2023-11-03,6114
4162,智擎,10,6,4,台中銀-員林,2023-11-03,6114
00720B,元大投資級公司債,4,0,4,台中銀-員林,2023-11-03,6114
00885,富邦越南,4,0,4,台中銀-員林,2023-11-03,6114
00632R,元大台灣50反1,7,3,4,台中銀-員林,2023-11-03,6114
1568,倉佑,6,2,4,台中銀-員林,2023-11-03,6114
2024,志聯,4,0,4,台中銀-員林,2023-11-03,6114
2337,旺宏,6,2,4,台中銀-員林,2023-11-03,6114
2352,佳世達,4,0,4,台中銀-員林,2023-11-03,6114
2485,兆赫,4,0,4,台中銀-員林,2023-11-03,6114
2905,三商,5,1,4,台中銀-員林,2023-11-03,6114
3094,聯傑,11,7,4,台中銀-員林,2023-11-03,6114
6770,力積電,113,20,93,台中銀-員林,2023-11-06,6114
2363,矽統,159,66,93,台中銀-員林,2023-11-06,6114
2905,三商,60,1,59,台中銀-員林,2023-11-06,6114
00680L,元大美債20正2,40,4,36,台中銀-員林,2023-11-06,6114
2634,漢翔,37,2,35,台中銀-員林,2023-11-06,6114
2390,云辰,28,0,28,台中銀-員林,2023-11-06,6114
3702,大聯大,27,0,27,台中銀-員林,2023-11-06,6114
00712,復華富時不動產,28,3,25,台中銀-員林,2023-11-06,6114
1721,三晃,27,2,25,台中銀-員林,2023-11-06,6114
2486,一詮,43,21,22,台中銀-員林,2023-11-06,6114
00933B,國泰10Y+金融債,22,0,22,台中銀-員林,2023-11-06,6114
2409,友達,21,1,20,台中銀-員林,2023-11-06,6114
2439,美律,26,7,19,台中銀-員林,2023-11-06,6114
00885,富邦越南,22,4,18,台中銀-員林,2023-11-06,6114
2002,中鋼,22,6,16,台中銀-員林,2023-11-06,6114
00934,中信成長高股息,16,0,16,台中銀-員林,2023-11-06,6114
4123,晟德,15,0,15,台中銀-員林,2023-11-06,6114
2313,華通,20,6,14,台中銀-員林,2023-11-06,6114
00632R,元大台灣50反1,19,6,13,台中銀-員林,2023-11-06,6114
1717,長興,12,0,12,台中銀-員林,2023-11-06,6114
1785,光洋科,17,5,12,台中銀-員林,2023-11-06,6114
00882,中信中國高股息,14,4,10,台中銀-員林,2023-11-06,6114
00907,永豐優息存股,10,0,10,台中銀-員林,2023-11-06,6114
6118,建達,11,1,10,台中銀-員林,2023-11-06,6114
6220,岳豐,10,0,10,台中銀-員林,2023-11-06,6114
6603,富強鑫,10,0,10,台中銀-員林,2023-11-06,6114
2380,虹光,9,0,9,台中銀-員林,2023-11-06,6114
2425,承啟,13,4,9,台中銀-員林,2023-11-06,6114
2467,志聖,9,0,9,台中銀-員林,2023-11-06,6114
3362,先進光,17,8,9,台中銀-員林,2023-11-06,6114
6257,矽格,10,1,9,台中銀-員林,2023-11-06,6114
00687B,國泰20年美債,7,0,7,台中銀-員林,2023-11-06,6114
2801,彰銀,17,10,7,台中銀-員林,2023-11-06,6114
3264,欣銓,18,11,7,台中銀-員林,2023-11-06,6114
00720B,元大投資級公司債,6,0,6,台中銀-員林,2023-11-06,6114
2495,普安,6,0,6,台中銀-員林,2023-11-06,6114
2736,富野,6,0,6,台中銀-員林,2023-11-06,6114
6874,倍力,6,0,6,台中銀-員林,2023-11-06,6114
1219,福壽,5,0,5,台中銀-員林,2023-11-06,6114
1612,宏泰,5,0,5,台中銀-員林,2023-11-06,6114
2385,群光,6,1,5,台中銀-員林,2023-11-06,6114
2402,毅嘉,6,1,5,台中銀-員林,2023-11-06,6114
2453,凌群,45,40,5,台中銀-員林,2023-11-06,6114
3046,建��,10,5,5,台中銀-員林,2023-11-06,6114
3339,泰谷,6,1,5,台中銀-員林,2023-11-06,6114
3689,湧德,6,1,5,台中銀-員林,2023-11-06,6114
4402,郡都開發,5,0,5,台中銀-員林,2023-11-06,6114
4533,協易機,8,3,5,台中銀-員林,2023-11-06,6114
4931,新盛力,5,0,5,台中銀-員林,2023-11-06,6114
1909,榮成,4,0,4,台中銀-員林,2023-11-06,6114
2472,立隆電,120,1,119,台中銀-員林,2023-11-07,6114
00671R,富邦NASDAQ反1,105,0,105,台中銀-員林,2023-11-07,6114
00688L,國泰20年美債正2,72,0,72,台中銀-員林,2023-11-07,6114
2371,大同,60,3,57,台中銀-員林,2023-11-07,6114
2634,漢翔,40,0,40,台中銀-員林,2023-11-07,6114
6901,鑽石投資,38,1,37,台中銀-員林,2023-11-07,6114
2408,南亞科,30,0,30,台中銀-員林,2023-11-07,6114
9105,泰金寶-DR,40,11,29,台中銀-員林,2023-11-07,6114
2409,友達,23,0,23,台中銀-員林,2023-11-07,6114
3545,敦泰,41,18,23,台中銀-員林,2023-11-07,6114
4162,智擎,32,9,23,台中銀-員林,2023-11-07,6114
1815,富喬,64,42,22,台中銀-員林,2023-11-07,6114
1324,地球,22,2,20,台中銀-員林,2023-11-07,6114
6284,佳邦,32,13,19,台中銀-員林,2023-11-07,6114
8109,博大,18,0,18,台中銀-員林,2023-11-07,6114
00878,國泰永續高股息,16,2,14,台中銀-員林,2023-11-07,6114
8176,智捷,14,0,14,台中銀-員林,2023-11-07,6114
2401,凌陽,19,6,13,台中銀-員林,2023-11-07,6114
3357,臺慶科,12,0,12,台中銀-員林,2023-11-07,6114
2618,長榮航,13,2,11,台中銀-員林,2023-11-07,6114
3679,新至陞,11,0,11,台中銀-員林,2023-11-07,6114
00676R,富邦臺灣加權反1,10,0,10,台中銀-員林,2023-11-07,6114
00648R,元大S＆P500反1,10,0,10,台中銀-員林,2023-11-07,6114
00642U,期元大S＆P石油,10,0,10,台中銀-員林,2023-11-07,6114
00687B,國泰20年美債,10,0,10,台中銀-員林,2023-11-07,6114
2880,華南金,10,0,10,台中銀-員林,2023-11-07,6114
3516,亞帝歐,10,0,10,台中銀-員林,2023-11-07,6114
5215,科嘉-KY,10,0,10,台中銀-員林,2023-11-07,6114
6547,高端疫苗,10,0,10,台中銀-員林,2023-11-07,6114
8110,華東,12,2,10,台中銀-員林,2023-11-07,6114
2610,華航,9,0,9,台中銀-員林,2023-11-07,6114
2889,國票金,9,0,9,台中銀-員林,2023-11-07,6114
2388,威盛,27,19,8,台中銀-員林,2023-11-07,6114
2002,中鋼,9,1,8,台中銀-員林,2023-11-07,6114
2515,中工,12,4,8,台中銀-員林,2023-11-07,6114
2317,鴻海,8,1,7,台中銀-員林,2023-11-07,6114
00712,復華富時不動產,8,1,7,台中銀-員林,2023-11-07,6114
6282,康舒,7,0,7,台中銀-員林,2023-11-07,6114
4712,福格創新,7,0,7,台中銀-員林,2023-11-07,6114
1220,台榮,6,0,6,台中銀-員林,2023-11-07,6114
2485,兆赫,6,0,6,台中銀-員林,2023-11-07,6114
2743,山富,14,8,6,台中銀-員林,2023-11-07,6114
1781,合世,5,0,5,台中銀-員林,2023-11-07,6114
1909,榮成,5,0,5,台中銀-員林,2023-11-07,6114
2034,允強,5,0,5,台中銀-員林,2023-11-07,6114
2722,夏都,5,0,5,台中銀-員林,2023-11-07,6114
2745,五福,5,0,5,台中銀-員林,2023-11-07,6114
3682,亞太電,5,0,5,台中銀-員林,2023-11-07,6114
6589,台康生技,15,10,5,台中銀-員林,2023-11-07,6114
4108,懷特,5,0,5,台中銀-員林,2023-11-07,6114
00936,台新永續高息中小,106,0,106,台中銀-員林,2023-11-08,6114
00688L,國泰20年美債正2,55,2,53,台中銀-員林,2023-11-08,6114
00679B,元大美債20年,35,0,35,台中銀-員林,2023-11-08,6114
2371,大同,30,2,28,台中銀-員林,2023-11-08,6114
2421,建準,35,7,28,台中銀-員林,2023-11-08,6114
00671R,富邦NASDAQ反1,30,3,27,台中銀-員林,2023-11-08,6114
2618,長榮航,30,4,26,台中銀-員林,2023-11-08,6114
3032,偉訓,25,0,25,台中銀-員林,2023-11-08,6114
3217,優群,39,15,24,台中銀-員林,2023-11-08,6114
8150,南茂,24,0,24,台中銀-員林,2023-11-08,6114
2399,映泰,20,2,18,台中銀-員林,2023-11-08,6114
00715L,期街口布蘭特正2,22,6,16,台中銀-員林,2023-11-08,6114
00934,中信成長高股息,14,0,14,台中銀-員林,2023-11-08,6114
3043,科風,14,0,14,台中銀-員林,2023-11-08,6114
3260,威剛,14,2,12,台中銀-員林,2023-11-08,6114
2344,華邦電,11,0,11,台中銀-員林,2023-11-08,6114
3588,通嘉,22,11,11,台中銀-員林,2023-11-08,6114
6125,廣運,15,4,11,台中銀-員林,2023-11-08,6114
00885,富邦越南,10,0,10,台中銀-員林,2023-11-08,6114
00676R,富邦臺灣加權反1,10,0,10,台中銀-員林,2023-11-08,6114
1605,華新,10,0,10,台中銀-員林,2023-11-08,6114
1717,長興,10,0,10,台中銀-員林,2023-11-08,6114
1789,神隆,16,6,10,台中銀-員林,2023-11-08,6114
3308,聯德,10,0,10,台中銀-員林,2023-11-08,6114
3406,玉晶光,10,0,10,台中銀-員林,2023-11-08,6114
4977,眾達-KY,10,0,10,台中銀-員林,2023-11-08,6114
2313,華通,13,4,9,台中銀-員林,2023-11-08,6114
1524,耿鼎,17,8,9,台中銀-員林,2023-11-08,6114
00933B,國泰10Y+金融債,9,0,9,台中銀-員林,2023-11-08,6114
00642U,期元大S＆P石油,9,0,9,台中銀-員林,2023-11-08,6114
1568,倉佑,11,2,9,台中銀-員林,2023-11-08,6114
2353,宏��,15,6,9,台中銀-員林,2023-11-08,6114
3013,晟銘電,17,8,9,台中銀-員林,2023-11-08,6114
6120,達運,10,1,9,台中銀-員林,2023-11-08,6114
2002,中鋼,9,1,8,台中銀-員林,2023-11-08,6114
2460,建通,8,0,8,台中銀-員林,2023-11-08,6114
2867,三商壽,8,0,8,台中銀-員林,2023-11-08,6114
6283,淳安,8,0,8,台中銀-員林,2023-11-08,6114
3693,營邦,16,9,7,台中銀-員林,2023-11-08,6114
00632R,元大台灣50反1,7,0,7,台中銀-員林,2023-11-08,6114
2472,立隆電,7,0,7,台中銀-員林,2023-11-08,6114
6117,迎廣,8,1,7,台中銀-員林,2023-11-08,6114
6202,盛群,9,2,7,台中銀-員林,2023-11-08,6114
2609,陽明,6,0,6,台中銀-員林,2023-11-08,6114
00687B,國泰20年美債,6,1,5,台中銀-員林,2023-11-08,6114
1449,佳和,5,0,5,台中銀-員林,2023-11-08,6114
2034,允強,5,0,5,台中銀-員林,2023-11-08,6114
2328,廣宇,5,0,5,台中銀-員林,2023-11-08,6114
2451,創見,5,0,5,台中銀-員林,2023-11-08,6114
2739,寒舍,5,0,5,台中銀-員林,2023-11-08,6114
00632R,元大台灣50反1,205,0,205,台中銀-員林,2023-11-09,6114
2867,三商壽,100,0,100,台中銀-員林,2023-11-09,6114
5230,雷笛克光學,35,0,35,台中銀-員林,2023-11-09,6114
00919,群益台灣精選高息,33,0,33,台中銀-員林,2023-11-09,6114
1101,台泥,32,0,32,台中銀-員林,2023-11-09,6114
6125,廣運,35,3,32,台中銀-員林,2023-11-09,6114
00706L,期元大S＆P日圓正2,30,0,30,台中銀-員林,2023-11-09,6114
8163,達方,50,20,30,台中銀-員林,2023-11-09,6114
3036,文曄,31,5,26,台中銀-員林,2023-11-09,6114
6523,達爾膚,27,2,25,台中銀-員林,2023-11-09,6114
2451,創見,25,0,25,台中銀-員林,2023-11-09,6114
00878,國泰永續高股息,27,3,24,台中銀-員林,2023-11-09,6114
3622,洋華,23,0,23,台中銀-員林,2023-11-09,6114
4164,承業醫,23,0,23,台中銀-員林,2023-11-09,6114
2002,中鋼,22,0,22,台中銀-員林,2023-11-09,6114
8111,立��,20,0,20,台中銀-員林,2023-11-09,6114
3014,聯陽,22,5,17,台中銀-員林,2023-11-09,6114
00795B,中信美國公債20年,18,1,17,台中銀-員林,2023-11-09,6114
3357,臺慶科,17,0,17,台中銀-員林,2023-11-09,6114
00642U,期元大S＆P石油,15,0,15,台中銀-員林,2023-11-09,6114
3041,揚智,14,0,14,台中銀-員林,2023-11-09,6114
2329,華泰,28,15,13,台中銀-員林,2023-11-09,6114
1799,易威,13,0,13,台中銀-員林,2023-11-09,6114
5347,世界,13,0,13,台中銀-員林,2023-11-09,6114
2363,矽統,271,258,13,台中銀-員林,2023-11-09,6114
00679B,元大美債20年,12,0,12,台中銀-員林,2023-11-09,6114
00712,復華富時不動產,12,0,12,台中銀-員林,2023-11-09,6114
1522,堤維西,21,9,12,台中銀-員林,2023-11-09,6114
2034,允強,11,0,11,台中銀-員林,2023-11-09,6114
2250,IKKA-KY,11,0,11,台中銀-員林,2023-11-09,6114
6285,啟��,11,1,10,台中銀-員林,2023-11-09,6114
00720B,元大投資級公司債,10,0,10,台中銀-員林,2023-11-09,6114
6120,達運,10,0,10,台中銀-員林,2023-11-09,6114
00715L,期街口布蘭特正2,14,5,9,台中銀-員林,2023-11-09,6114
2607,榮運,10,1,9,台中銀-員林,2023-11-09,6114
2211,長榮鋼,8,0,8,台中銀-員林,2023-11-09,6114
2338,光罩,10,2,8,台中銀-員林,2023-11-09,6114
9105,泰金寶-DR,7,0,7,台中銀-員林,2023-11-09,6114
2472,立隆電,12,5,7,台中銀-員林,2023-11-09,6114
3531,先益,7,0,7,台中銀-員林,2023-11-09,6114
4533,協易機,11,4,7,台中銀-員林,2023-11-09,6114
6277,宏正,7,0,7,台中銀-員林,2023-11-09,6114
3704,合勤控,7,0,7,台中銀-員林,2023-11-09,6114
00929,復華台灣科技優息,6,0,6,台中銀-員林,2023-11-09,6114
2801,彰銀,6,0,6,台中銀-員林,2023-11-09,6114
2605,新興,6,0,6,台中銀-員林,2023-11-09,6114
00680L,元大美債20正2,8,2,6,台中銀-員林,2023-11-09,6114
1449,佳和,11,5,6,台中銀-員林,2023-11-09,6114
1815,富喬,14,8,6,台中銀-員林,2023-11-09,6114
2498,宏達電,6,0,6,台中銀-員林,2023-11-09,6114
00665L,富邦�琤肭磪囓�2,90,0,90,台中銀-員林,2023-11-10,6114
00680L,元大美債20正2,46,2,44,台中銀-員林,2023-11-10,6114
00936,台新永續高息中小,44,0,44,台中銀-員林,2023-11-10,6114
00933B,國泰10Y+金融債,40,0,40,台中銀-員林,2023-11-10,6114
00720B,元大投資級公司債,51,11,40,台中銀-員林,2023-11-10,6114
6117,迎廣,42,6,36,台中銀-員林,2023-11-10,6114
00687B,國泰20年美債,35,0,35,台中銀-員林,2023-11-10,6114
6122,擎邦,39,4,35,台中銀-員林,2023-11-10,6114
8940,新天地,38,4,34,台中銀-員林,2023-11-10,6114
00878,國泰永續高股息,27,1,26,台中銀-員林,2023-11-10,6114
2516,新建,24,0,24,台中銀-員林,2023-11-10,6114
4162,智擎,30,6,24,台中銀-員林,2023-11-10,6114
2305,全友,38,14,24,台中銀-員林,2023-11-10,6114
3545,敦泰,22,1,21,台中銀-員林,2023-11-10,6114
00679B,元大美債20年,20,0,20,台中銀-員林,2023-11-10,6114
4128,中天,42,22,20,台中銀-員林,2023-11-10,6114
5230,雷笛克光學,20,0,20,台中銀-員林,2023-11-10,6114
00772B,中信高評級公司債,19,0,19,台中銀-員林,2023-11-10,6114
1802,台玻,20,1,19,台中銀-員林,2023-11-10,6114
6284,佳邦,20,2,18,台中銀-員林,2023-11-10,6114
00919,群益台灣精選高息,18,1,17,台中銀-員林,2023-11-10,6114
2201,裕隆,17,0,17,台中銀-員林,2023-11-10,6114
00934,中信成長高股息,16,0,16,台中銀-員林,2023-11-10,6114
1618,合機,21,6,15,台中銀-員林,2023-11-10,6114
2371,大同,20,6,14,台中銀-員林,2023-11-10,6114
1314,中石化,13,0,13,台中銀-員林,2023-11-10,6114
8112,至上,12,0,12,台中銀-員林,2023-11-10,6114
6116,彩晶,14,2,12,台中銀-員林,2023-11-10,6114
6770,力積電,12,0,12,台中銀-員林,2023-11-10,6114
2331,精英,11,0,11,台中銀-員林,2023-11-10,6114
3189,景碩,12,1,11,台中銀-員林,2023-11-10,6114
2353,宏��,20,10,10,台中銀-員林,2023-11-10,6114
00891,中信關鍵半導體,10,0,10,台中銀-員林,2023-11-10,6114
1515,力山,17,7,10,台中銀-員林,2023-11-10,6114
2880,華南金,10,0,10,台中銀-員林,2023-11-10,6114
3171,炎洲流通,10,0,10,台中銀-員林,2023-11-10,6114
5210,寶碩,15,5,10,台中銀-員林,2023-11-10,6114
6276,安鈦克,15,5,10,台中銀-員林,2023-11-10,6114
00751B,元大AAA至A公司債,10,0,10,台中銀-員林,2023-11-10,6114
3041,揚智,115,106,9,台中銀-員林,2023-11-10,6114
6547,高端疫苗,9,0,9,台中銀-員林,2023-11-10,6114
8277,商丞,9,0,9,台中銀-員林,2023-11-10,6114
2017,官田鋼,10,2,8,台中銀-員林,2023-11-10,6114
6472,保瑞,10,2,8,台中銀-員林,2023-11-10,6114
6901,鑽石投資,14,7,7,台中銀-員林,2023-11-10,6114
2388,威盛,8,1,7,台中銀-員林,2023-11-10,6114
2421,建準,8,1,7,台中銀-員林,2023-11-10,6114
4129,聯合,31,24,7,台中銀-員林,2023-11-10,6114
4167,松瑞藥,7,0,7,台中銀-員林,2023-11-10,6114
6570,維田,9,2,7,台中銀-員林,2023-11-10,6114
2369,菱生,85,37,48,台中銀-員林,2023-11-13,6114
00885,富邦越南,57,10,47,台中銀-員林,2023-11-13,6114
4123,晟德,50,10,40,台中銀-員林,2023-11-13,6114
00795B,中信美國公債20年,35,0,35,台中銀-員林,2023-11-13,6114
2467,志聖,31,0,31,台中銀-員林,2023-11-13,6114
00687B,國泰20年美債,33,4,29,台中銀-員林,2023-11-13,6114
3036,文曄,27,0,27,台中銀-員林,2023-11-13,6114
6901,鑽石投資,27,0,27,台中銀-員林,2023-11-13,6114
8054,安國,27,0,27,台中銀-員林,2023-11-13,6114
2618,長榮航,23,1,22,台中銀-員林,2023-11-13,6114
1101,台泥,21,0,21,台中銀-員林,2023-11-13,6114
2303,聯電,47,26,21,台中銀-員林,2023-11-13,6114
2382,廣達,28,7,21,台中銀-員林,2023-11-13,6114
1608,華榮,20,0,20,台中銀-員林,2023-11-13,6114
6185,幃翔,20,0,20,台中銀-員林,2023-11-13,6114
2610,華航,19,0,19,台中銀-員林,2023-11-13,6114
6282,康舒,32,16,16,台中銀-員林,2023-11-13,6114
6770,力積電,21,5,16,台中銀-員林,2023-11-13,6114
2204,中華,15,0,15,台中銀-員林,2023-11-13,6114
2453,凌群,20,5,15,台中銀-員林,2023-11-13,6114
2362,藍天,20,7,13,台中銀-員林,2023-11-13,6114
6446,藥華藥,13,1,12,台中銀-員林,2023-11-13,6114
00933B,國泰10Y+金融債,12,0,12,台中銀-員林,2023-11-13,6114
2451,創見,12,0,12,台中銀-員林,2023-11-13,6114
6189,豐藝,37,25,12,台中銀-員林,2023-11-13,6114
2516,新建,11,0,11,台中銀-員林,2023-11-13,6114
00679B,元大美債20年,10,0,10,台中銀-員林,2023-11-13,6114
3176,基亞,10,0,10,台中銀-員林,2023-11-13,6114
4129,聯合,12,2,10,台中銀-員林,2023-11-13,6114
00772B,中信高評級公司債,10,1,9,台中銀-員林,2023-11-13,6114
3702,大聯大,10,1,9,台中銀-員林,2023-11-13,6114
1104,環泥,8,0,8,台中銀-員林,2023-11-13,6114
2211,長榮鋼,8,0,8,台中銀-員林,2023-11-13,6114
6128,上福,8,0,8,台中銀-員林,2023-11-13,6114
3043,科風,7,0,7,台中銀-員林,2023-11-13,6114
8996,高力,10,3,7,台中銀-員林,2023-11-13,6114
2317,鴻海,8,2,6,台中銀-員林,2023-11-13,6114
00878,國泰永續高股息,6,0,6,台中銀-員林,2023-11-13,6114
2002,中鋼,6,0,6,台中銀-員林,2023-11-13,6114
5871,中租-KY,6,0,6,台中銀-員林,2023-11-13,6114
9941,裕融,6,0,6,台中銀-員林,2023-11-13,6114
2488,漢平,6,0,6,台中銀-員林,2023-11-13,6114
5355,佳總,6,0,6,台中銀-員林,2023-11-13,6114
9945,潤泰新,6,0,6,台中銀-員林,2023-11-13,6114
00751B,元大AAA至A公司債,6,0,6,台中銀-員林,2023-11-13,6114
2486,一詮,5,0,5,台中銀-員林,2023-11-13,6114
00688L,國泰20年美債正2,5,0,5,台中銀-員林,2023-11-13,6114
1442,名軒,5,0,5,台中銀-員林,2023-11-13,6114
1504,東元,5,0,5,台中銀-員林,2023-11-13,6114
2331,精英,20,15,5,台中銀-員林,2023-11-13,6114
2363,矽統,127,42,85,台中銀-員林,2023-11-14,6114
1522,堤維西,108,28,80,台中銀-員林,2023-11-14,6114
2313,華通,59,6,53,台中銀-員林,2023-11-14,6114
2329,華泰,88,35,53,台中銀-員林,2023-11-14,6114
6116,彩晶,51,0,51,台中銀-員林,2023-11-14,6114
2417,圓剛,50,8,42,台中銀-員林,2023-11-14,6114
1504,東元,34,0,34,台中銀-員林,2023-11-14,6114
6806,森崴能源,30,0,30,台中銀-員林,2023-11-14,6114
1515,力山,61,31,30,台中銀-員林,2023-11-14,6114
3231,緯創,61,36,25,台中銀-員林,2023-11-14,6114
00679B,元大美債20年,25,1,24,台中銀-員林,2023-11-14,6114
2884,玉山金,24,0,24,台中銀-員林,2023-11-14,6114
2367,燿華,23,0,23,台中銀-員林,2023-11-14,6114
3325,旭品,23,0,23,台中銀-員林,2023-11-14,6114
3324,雙鴻,20,0,20,台中銀-員林,2023-11-14,6114
00733,富邦臺灣中小,16,0,16,台中銀-員林,2023-11-14,6114
3006,晶豪科,18,4,14,台中銀-員林,2023-11-14,6114
8034,榮群,14,0,14,台中銀-員林,2023-11-14,6114
00712,復華富時不動產,12,0,12,台中銀-員林,2023-11-14,6114
6245,立端,11,0,11,台中銀-員林,2023-11-14,6114
00632R,元大台灣50反1,10,0,10,台中銀-員林,2023-11-14,6114
3669,圓展,10,0,10,台中銀-員林,2023-11-14,6114
4766,南寶,12,2,10,台中銀-員林,2023-11-14,6114
6449,鈺邦,10,0,10,台中銀-員林,2023-11-14,6114
2427,三商電,10,1,9,台中銀-員林,2023-11-14,6114
00885,富邦越南,9,0,9,台中銀-員林,2023-11-14,6114
2031,新光鋼,9,0,9,台中銀-員林,2023-11-14,6114
2834,臺企銀,9,1,8,台中銀-員林,2023-11-14,6114
2211,長榮鋼,8,0,8,台中銀-員林,2023-11-14,6114
3209,全科,8,0,8,台中銀-員林,2023-11-14,6114
6282,康舒,24,17,7,台中銀-員林,2023-11-14,6114
2356,英業達,8,1,7,台中銀-員林,2023-11-14,6114
4950,牧東,7,0,7,台中銀-員林,2023-11-14,6114
6901,鑽石投資,8,2,6,台中銀-員林,2023-11-14,6114
2492,華新科,7,1,6,台中銀-員林,2023-11-14,6114
00671R,富邦NASDAQ反1,6,0,6,台中銀-員林,2023-11-14,6114
2201,裕隆,6,0,6,台中銀-員林,2023-11-14,6114
3306,鼎天,16,10,6,台中銀-員林,2023-11-14,6114
8436,大江,6,0,6,台中銀-員林,2023-11-14,6114
2451,創見,6,1,5,台中銀-員林,2023-11-14,6114
3264,欣銓,5,0,5,台中銀-員林,2023-11-14,6114
5287,數字,5,0,5,台中銀-員林,2023-11-14,6114
00895,富邦未來車,5,0,5,台中銀-員林,2023-11-14,6114
00687B,國泰20年美債,5,0,5,台中銀-員林,2023-11-14,6114
1316,上曜,5,0,5,台中銀-員林,2023-11-14,6114
1528,恩德,5,0,5,台中銀-員林,2023-11-14,6114
2002,中鋼,5,0,5,台中銀-員林,2023-11-14,6114
2439,美律,5,0,5,台中銀-員林,2023-11-14,6114
2606,裕民,5,0,5,台中銀-員林,2023-11-14,6114
2634,漢翔,75,70,5,台中銀-員林,2023-11-14,6114
00929,復華台灣科技優息,67,6,61,台中銀-員林,2023-11-15,6114
00878,國泰永續高股息,61,1,60,台中銀-員林,2023-11-15,6114
1101,台泥,649,602,47,台中銀-員林,2023-11-15,6114
2462,良得電,82,36,46,台中銀-員林,2023-11-15,6114
00900,富邦特選高股息30,26,5,21,台中銀-員林,2023-11-15,6114
9945,潤泰新,25,4,21,台中銀-員林,2023-11-15,6114
2516,新建,19,0,19,台中銀-員林,2023-11-15,6114
2353,宏��,32,13,19,台中銀-員林,2023-11-15,6114
2449,京元電子,21,2,19,台中銀-員林,2023-11-15,6114
5215,科嘉-KY,19,0,19,台中銀-員林,2023-11-15,6114
2399,映泰,18,1,17,台中銀-員林,2023-11-15,6114
3357,臺慶科,16,0,16,台中銀-員林,2023-11-15,6114
6189,豐藝,16,1,15,台中銀-員林,2023-11-15,6114
00671R,富邦NASDAQ反1,20,6,14,台中銀-員林,2023-11-15,6114
6284,佳邦,23,10,13,台中銀-員林,2023-11-15,6114
6901,鑽石投資,18,5,13,台中銀-員林,2023-11-15,6114
2374,佳能,12,0,12,台中銀-員林,2023-11-15,6114
6109,亞元,14,2,12,台中銀-員林,2023-11-15,6114
6274,台燿,16,5,11,台中銀-員林,2023-11-15,6114
2402,毅嘉,31,20,11,台中銀-員林,2023-11-15,6114
5608,四維航,11,0,11,台中銀-員林,2023-11-15,6114
1598,岱宇,10,0,10,台中銀-員林,2023-11-15,6114
2601,益航,10,0,10,台中銀-員林,2023-11-15,6114
3049,精金,10,0,10,台中銀-員林,2023-11-15,6114
4806,桂田文創,10,0,10,台中銀-員林,2023-11-15,6114
4979,華星光,11,1,10,台中銀-員林,2023-11-15,6114
6142,友勁,10,0,10,台中銀-員林,2023-11-15,6114
6150,撼訊,16,6,10,台中銀-員林,2023-11-15,6114
3376,新日興,10,0,10,台中銀-員林,2023-11-15,6114
5309,系統電,10,0,10,台中銀-員林,2023-11-15,6114
2323,中環,10,1,9,台中銀-員林,2023-11-15,6114
4128,中天,9,0,9,台中銀-員林,2023-11-15,6114
00933B,國泰10Y+金融債,8,0,8,台中銀-員林,2023-11-15,6114
2461,光群雷,18,10,8,台中銀-員林,2023-11-15,6114
6456,GIS-KY,9,1,8,台中銀-員林,2023-11-15,6114
8034,榮群,10,2,8,台中銀-員林,2023-11-15,6114
2465,麗臺,14,6,8,台中銀-員林,2023-11-15,6114
00931B,統一美債20年,7,0,7,台中銀-員林,2023-11-15,6114
00893,國泰智能電動車,10,3,7,台中銀-員林,2023-11-15,6114
2324,仁寶,7,0,7,台中銀-員林,2023-11-15,6114
2451,創見,7,0,7,台中銀-員林,2023-11-15,6114
2743,山富,6,0,6,台中銀-員林,2023-11-15,6114
6446,藥華藥,8,2,6,台中銀-員林,2023-11-15,6114
2317,鴻海,10,5,5,台中銀-員林,2023-11-15,6114
2610,華航,9,4,5,台中銀-員林,2023-11-15,6114
00648R,元大S＆P500反1,5,0,5,台中銀-員林,2023-11-15,6114
1102,亞泥,5,0,5,台中銀-員林,2023-11-15,6114
1229,聯華,5,0,5,台中銀-員林,2023-11-15,6114
2354,鴻準,5,0,5,台中銀-員林,2023-11-15,6114
2365,昆盈,5,0,5,台中銀-員林,2023-11-15,6114
00688L,國泰20年美債正2,107,0,107,台中銀-員林,2023-11-16,6114
3006,晶豪科,106,6,100,台中銀-員林,2023-11-16,6114
2371,大同,77,13,64,台中銀-員林,2023-11-16,6114
00712,復華富時不動產,55,3,52,台中銀-員林,2023-11-16,6114
00632R,元大台灣50反1,50,0,50,台中銀-員林,2023-11-16,6114
00878,國泰永續高股息,52,3,49,台中銀-員林,2023-11-16,6114
3669,圓展,44,2,42,台中銀-員林,2023-11-16,6114
1316,上曜,35,0,35,台中銀-員林,2023-11-16,6114
3041,揚智,48,13,35,台中銀-員林,2023-11-16,6114
2880,華南金,33,0,33,台中銀-員林,2023-11-16,6114
00687B,國泰20年美債,31,0,31,台中銀-員林,2023-11-16,6114
2884,玉山金,30,3,27,台中銀-員林,2023-11-16,6114
2369,菱生,28,2,26,台中銀-員林,2023-11-16,6114
2363,矽統,52,30,22,台中銀-員林,2023-11-16,6114
1609,大亞,20,1,19,台中銀-員林,2023-11-16,6114
2516,新建,21,2,19,台中銀-員林,2023-11-16,6114
2344,華邦電,36,18,18,台中銀-員林,2023-11-16,6114
6282,康舒,17,1,16,台中銀-員林,2023-11-16,6114
00720B,元大投資級公司債,15,0,15,台中銀-員林,2023-11-16,6114
5525,順天,15,0,15,台中銀-員林,2023-11-16,6114
00680L,元大美債20正2,14,0,14,台中銀-員林,2023-11-16,6114
00633L,富邦上証正2,14,0,14,台中銀-員林,2023-11-16,6114
4766,南寶,13,0,13,台中銀-員林,2023-11-16,6114
2313,華通,15,3,12,台中銀-員林,2023-11-16,6114
1460,宏遠,11,0,11,台中銀-員林,2023-11-16,6114
00676R,富邦臺灣加權反1,10,0,10,台中銀-員林,2023-11-16,6114
00919,群益台灣精選高息,10,0,10,台中銀-員林,2023-11-16,6114
1307,三芳,10,0,10,台中銀-員林,2023-11-16,6114
1515,力山,129,119,10,台中銀-員林,2023-11-16,6114
5425,台半,10,0,10,台中銀-員林,2023-11-16,6114
2317,鴻海,10,1,9,台中銀-員林,2023-11-16,6114
3516,亞帝歐,9,0,9,台中銀-員林,2023-11-16,6114
2353,宏��,14,6,8,台中銀-員林,2023-11-16,6114
2352,佳世達,9,1,8,台中銀-員林,2023-11-16,6114
2027,大成鋼,11,3,8,台中銀-員林,2023-11-16,6114
2201,裕隆,10,2,8,台中銀-員林,2023-11-16,6114
2736,富野,11,3,8,台中銀-員林,2023-11-16,6114
6243,迅杰,10,2,8,台中銀-員林,2023-11-16,6114
4770,上品,7,0,7,台中銀-員林,2023-11-16,6114
1504,東元,7,0,7,台中銀-員林,2023-11-16,6114
3209,全科,7,0,7,台中銀-員林,2023-11-16,6114
2382,廣達,11,5,6,台中銀-員林,2023-11-16,6114
00900,富邦特選高股息30,6,0,6,台中銀-員林,2023-11-16,6114
2609,陽明,6,0,6,台中銀-員林,2023-11-16,6114
1522,堤維西,10,4,6,台中銀-員林,2023-11-16,6114
2303,聯電,6,0,6,台中銀-員林,2023-11-16,6114
2425,承啟,6,0,6,台中銀-員林,2023-11-16,6114
2816,旺旺保,6,0,6,台中銀-員林,2023-11-16,6114
5236,凌陽創新,6,0,6,台中銀-員林,2023-11-16,6114
5439,高技,7,1,6,台中銀-員林,2023-11-16,6114
00665L,富邦�琤肭磪囓�2,110,5,105,台中銀-員林,2023-11-17,6114
6104,創惟,100,2,98,台中銀-員林,2023-11-17,6114
3041,揚智,103,60,43,台中銀-員林,2023-11-17,6114
2425,承啟,42,0,42,台中銀-員林,2023-11-17,6114
00642U,期元大S＆P石油,36,0,36,台中銀-員林,2023-11-17,6114
2371,大同,33,1,32,台中銀-員林,2023-11-17,6114
2405,輔信,62,30,32,台中銀-員林,2023-11-17,6114
1316,上曜,40,10,30,台中銀-員林,2023-11-17,6114
00753L,中信中國50正2,25,0,25,台中銀-員林,2023-11-17,6114
2353,宏��,23,0,23,台中銀-員林,2023-11-17,6114
2017,官田鋼,20,0,20,台中銀-員林,2023-11-17,6114
3479,安勤,18,0,18,台中銀-員林,2023-11-17,6114
6235,華孚,27,9,18,台中銀-員林,2023-11-17,6114
2884,玉山金,23,6,17,台中銀-員林,2023-11-17,6114
2743,山富,41,25,16,台中銀-員林,2023-11-17,6114
5880,合庫金,16,0,16,台中銀-員林,2023-11-17,6114
00673R,期元大S＆P原油反1,15,0,15,台中銀-員林,2023-11-17,6114
00715L,期街口布蘭特正2,37,23,14,台中銀-員林,2023-11-17,6114
00688L,國泰20年美債正2,14,0,14,台中銀-員林,2023-11-17,6114
5521,工信,13,0,13,台中銀-員林,2023-11-17,6114
2609,陽明,12,0,12,台中銀-員林,2023-11-17,6114
2610,華航,102,91,11,台中銀-員林,2023-11-17,6114
00885,富邦越南,12,1,11,台中銀-員林,2023-11-17,6114
00637L,元大滬深300正2,10,0,10,台中銀-員林,2023-11-17,6114
1802,台玻,10,0,10,台中銀-員林,2023-11-17,6114
3372,典範,11,1,10,台中銀-員林,2023-11-17,6114
8936,國統,38,28,10,台中銀-員林,2023-11-17,6114
00712,復華富時不動產,9,0,9,台中銀-員林,2023-11-17,6114
3701,大眾控,19,10,9,台中銀-員林,2023-11-17,6114
4979,華星光,15,6,9,台中銀-員林,2023-11-17,6114
6284,佳邦,14,5,9,台中銀-員林,2023-11-17,6114
3260,威剛,10,2,8,台中銀-員林,2023-11-17,6114
6589,台康生技,29,21,8,台中銀-員林,2023-11-17,6114
5009,榮剛,10,2,8,台中銀-員林,2023-11-17,6114
1799,易威,7,0,7,台中銀-員林,2023-11-17,6114
6901,鑽石投資,8,1,7,台中銀-員林,2023-11-17,6114
0056,元大高股息,6,0,6,台中銀-員林,2023-11-17,6114
1815,富喬,13,7,6,台中銀-員林,2023-11-17,6114
2369,菱生,9,3,6,台中銀-員林,2023-11-17,6114
2399,映泰,6,0,6,台中銀-員林,2023-11-17,6114
2476,鉅祥,9,3,6,台中銀-員林,2023-11-17,6114
2605,新興,6,0,6,台中銀-員林,2023-11-17,6114
4414,如興,6,0,6,台中銀-員林,2023-11-17,6114
4927,泰鼎-KY,6,0,6,台中銀-員林,2023-11-17,6114
6153,嘉聯益,8,2,6,台中銀-員林,2023-11-17,6114
5706,鳳凰,17,11,6,台中銀-員林,2023-11-17,6114
00882,中信中國高股息,5,0,5,台中銀-員林,2023-11-17,6114
2376,技嘉,11,6,5,台中銀-員林,2023-11-17,6114
00878,國泰永續高股息,14,9,5,台中銀-員林,2023-11-17,6114
1307,三芳,5,0,5,台中銀-員林,2023-11-17,6114
2313,華通,246,55,191,台中銀-員林,2023-11-20,6114
1582,信錦,129,5,124,台中銀-員林,2023-11-20,6114
2425,承啟,108,0,108,台中銀-員林,2023-11-20,6114
2401,凌陽,129,24,105,台中銀-員林,2023-11-20,6114
1440,南紡,70,3,67,台中銀-員林,2023-11-20,6114
00632R,元大台灣50反1,60,0,60,台中銀-員林,2023-11-20,6114
00679B,元大美債20年,43,0,43,台中銀-員林,2023-11-20,6114
1802,台玻,40,0,40,台中銀-員林,2023-11-20,6114
2105,正新,39,1,38,台中銀-員林,2023-11-20,6114
1316,上曜,35,2,33,台中銀-員林,2023-11-20,6114
2618,長榮航,107,75,32,台中銀-員林,2023-11-20,6114
2206,三陽工業,30,0,30,台中銀-員林,2023-11-20,6114
3051,力特,29,0,29,台中銀-員林,2023-11-20,6114
00929,復華台灣科技優息,38,10,28,台中銀-員林,2023-11-20,6114
00673R,期元大S＆P原油反1,25,0,25,台中銀-員林,2023-11-20,6114
2610,華航,22,1,21,台中銀-員林,2023-11-20,6114
5465,富驊,21,1,20,台中銀-員林,2023-11-20,6114
2812,台中銀,25,8,17,台中銀-員林,2023-11-20,6114
6213,聯茂,16,0,16,台中銀-員林,2023-11-20,6114
1449,佳和,16,0,16,台中銀-員林,2023-11-20,6114
00680L,元大美債20正2,15,0,15,台中銀-員林,2023-11-20,6114
2736,富野,16,1,15,台中銀-員林,2023-11-20,6114
00720B,元大投資級公司債,12,0,12,台中銀-員林,2023-11-20,6114
2476,鉅祥,12,0,12,台中銀-員林,2023-11-20,6114
2409,友達,12,0,12,台中銀-員林,2023-11-20,6114
2607,榮運,12,0,12,台中銀-員林,2023-11-20,6114
00712,復華富時不動產,11,0,11,台中銀-員林,2023-11-20,6114
2342,茂矽,13,2,11,台中銀-員林,2023-11-20,6114
3078,僑威,12,1,11,台中銀-員林,2023-11-20,6114
6547,高端疫苗,11,0,11,台中銀-員林,2023-11-20,6114
00772B,中信高評級公司債,10,0,10,台中銀-員林,2023-11-20,6114
00935,野村臺灣新科技50,11,1,10,台中銀-員林,2023-11-20,6114
2034,允強,10,0,10,台中銀-員林,2023-11-20,6114
6173,信昌電,10,0,10,台中銀-員林,2023-11-20,6114
6284,佳邦,15,6,9,台中銀-員林,2023-11-20,6114
00919,群益台灣精選高息,10,1,9,台中銀-員林,2023-11-20,6114
6127,九豪,13,4,9,台中銀-員林,2023-11-20,6114
6153,嘉聯益,9,0,9,台中銀-員林,2023-11-20,6114
6237,驊訊,35,26,9,台中銀-員林,2023-11-20,6114
2356,英業達,43,34,9,台中銀-員林,2023-11-20,6114
4973,廣穎,8,0,8,台中銀-員林,2023-11-20,6114
00687B,國泰20年美債,7,0,7,台中銀-員林,2023-11-20,6114
5236,凌陽創新,11,4,7,台中銀-員林,2023-11-20,6114
8034,榮群,12,5,7,台中銀-員林,2023-11-20,6114
1522,堤維西,6,0,6,台中銀-員林,2023-11-20,6114
3169,亞信,7,1,6,台中銀-員林,2023-11-20,6114
00795B,中信美國公債20年,5,0,5,台中銀-員林,2023-11-20,6114
00882,中信中國高股息,5,0,5,台中銀-員林,2023-11-20,6114
3376,新日興,5,0,5,台中銀-員林,2023-11-20,6114
2355,敬鵬,241,236,5,台中銀-員林,2023-11-20,6114
2329,華泰,230,20,210,台中銀-員林,2023-11-21,6114
00632R,元大台灣50反1,100,0,100,台中銀-員林,2023-11-21,6114
2367,燿華,56,5,51,台中銀-員林,2023-11-21,6114
5521,工信,68,21,47,台中銀-員林,2023-11-21,6114
5351,鈺創,70,23,47,台中銀-員林,2023-11-21,6114
2316,楠梓電,29,2,27,台中銀-員林,2023-11-21,6114
00688L,國泰20年美債正2,36,10,26,台中銀-員林,2023-11-21,6114
3141,晶宏,26,0,26,台中銀-員林,2023-11-21,6114
00712,復華富時不動產,23,0,23,台中銀-員林,2023-11-21,6114
2543,皇昌,27,5,22,台中銀-員林,2023-11-21,6114
2409,友達,21,0,21,台中銀-員林,2023-11-21,6114
2634,漢翔,21,0,21,台中銀-員林,2023-11-21,6114
6161,捷波,20,0,20,台中銀-員林,2023-11-21,6114
00676R,富邦臺灣加權反1,20,0,20,台中銀-員林,2023-11-21,6114
2867,三商壽,20,0,20,台中銀-員林,2023-11-21,6114
6285,啟��,25,5,20,台中銀-員林,2023-11-21,6114
2618,長榮航,56,40,16,台中銀-員林,2023-11-21,6114
3051,力特,16,0,16,台中銀-員林,2023-11-21,6114
5230,雷笛克光學,16,0,16,台中銀-員林,2023-11-21,6114
2356,英業達,52,37,15,台中銀-員林,2023-11-21,6114
8227,巨有科技,16,1,15,台中銀-員林,2023-11-21,6114
2301,光寶科,19,5,14,台中銀-員林,2023-11-21,6114
6191,精成科,16,3,13,台中銀-員林,2023-11-21,6114
3189,景碩,20,8,12,台中銀-員林,2023-11-21,6114
3324,雙鴻,12,0,12,台中銀-員林,2023-11-21,6114
1522,堤維西,11,0,11,台中銀-員林,2023-11-21,6114
2449,京元電子,11,0,11,台中銀-員林,2023-11-21,6114
2888,新光金,11,0,11,台中銀-員林,2023-11-21,6114
3047,訊舟,44,33,11,台中銀-員林,2023-11-21,6114
3703,欣陸,11,0,11,台中銀-員林,2023-11-21,6114
8111,立��,11,0,11,台中銀-員林,2023-11-21,6114
8936,國統,15,5,10,台中銀-員林,2023-11-21,6114
00885,富邦越南,10,0,10,台中銀-員林,2023-11-21,6114
1316,上曜,10,0,10,台中銀-員林,2023-11-21,6114
3230,錦明,10,0,10,台中銀-員林,2023-11-21,6114
6288,聯嘉,10,0,10,台中銀-員林,2023-11-21,6114
8426,紅木-KY,10,0,10,台中銀-員林,2023-11-21,6114
00753L,中信中國50正2,30,21,9,台中銀-員林,2023-11-21,6114
6117,迎廣,10,1,9,台中銀-員林,2023-11-21,6114
00679B,元大美債20年,9,0,9,台中銀-員林,2023-11-21,6114
6282,康舒,17,8,9,台中銀-員林,2023-11-21,6114
2472,立隆電,12,4,8,台中銀-員林,2023-11-21,6114
3059,華晶科,15,7,8,台中銀-員林,2023-11-21,6114
1449,佳和,18,11,7,台中銀-員林,2023-11-21,6114
2516,新建,12,5,7,台中銀-員林,2023-11-21,6114
3325,旭品,19,12,7,台中銀-員林,2023-11-21,6114
5215,科嘉-KY,7,0,7,台中銀-員林,2023-11-21,6114
5386,青雲,11,4,7,台中銀-員林,2023-11-21,6114
6158,禾昌,7,0,7,台中銀-員林,2023-11-21,6114
1504,東元,10,3,7,台中銀-員林,2023-11-21,6114
2353,宏��,151,35,116,台中銀-員林,2023-11-22,6114
00665L,富邦�琤肭磪囓�2,73,0,73,台中銀-員林,2023-11-22,6114
3481,群創,74,5,69,台中銀-員林,2023-11-22,6114
2371,大同,65,0,65,台中銀-員林,2023-11-22,6114
3231,緯創,60,9,51,台中銀-員林,2023-11-22,6114
00864B,中信美國公債0-1,50,0,50,台中銀-員林,2023-11-22,6114
2838,聯邦銀,50,0,50,台中銀-員林,2023-11-22,6114
3047,訊舟,63,13,50,台中銀-員林,2023-11-22,6114
00878,國泰永續高股息,47,0,47,台中銀-員林,2023-11-22,6114
3041,揚智,83,40,43,台中銀-員林,2023-11-22,6114
2618,長榮航,39,10,29,台中銀-員林,2023-11-22,6114
6104,創惟,40,11,29,台中銀-員林,2023-11-22,6114
2301,光寶科,28,1,27,台中銀-員林,2023-11-22,6114
2543,皇昌,27,0,27,台中銀-員林,2023-11-22,6114
00679B,元大美債20年,26,0,26,台中銀-員林,2023-11-22,6114
1785,光洋科,26,2,24,台中銀-員林,2023-11-22,6114
2014,中鴻,22,0,22,台中銀-員林,2023-11-22,6114
00919,群益台灣精選高息,21,0,21,台中銀-員林,2023-11-22,6114
1734,杏輝,20,0,20,台中銀-員林,2023-11-22,6114
2440,太空梭,20,0,20,台中銀-員林,2023-11-22,6114
3325,旭品,64,44,20,台中銀-員林,2023-11-22,6114
6282,康舒,97,79,18,台中銀-員林,2023-11-22,6114
5351,鈺創,23,6,17,台中銀-員林,2023-11-22,6114
2609,陽明,17,0,17,台中銀-員林,2023-11-22,6114
5344,立衛,18,1,17,台中銀-員林,2023-11-22,6114
00712,復華富時不動產,16,0,16,台中銀-員林,2023-11-22,6114
4128,中天,16,0,16,台中銀-員林,2023-11-22,6114
1449,佳和,18,3,15,台中銀-員林,2023-11-22,6114
5521,工信,15,0,15,台中銀-員林,2023-11-22,6114
2421,建準,14,0,14,台中銀-員林,2023-11-22,6114
00687B,國泰20年美債,14,0,14,台中銀-員林,2023-11-22,6114
2409,友達,21,7,14,台中銀-員林,2023-11-22,6114
6579,研揚,15,2,13,台中銀-員林,2023-11-22,6114
1447,力鵬,12,0,12,台中銀-員林,2023-11-22,6114
3260,威剛,12,0,12,台中銀-員林,2023-11-22,6114
2356,英業達,23,12,11,台中銀-員林,2023-11-22,6114
3147,大綜,19,8,11,台中銀-員林,2023-11-22,6114
6233,旺玖,11,1,10,台中銀-員林,2023-11-22,6114
5465,富驊,10,0,10,台中銀-員林,2023-11-22,6114
00676R,富邦臺灣加權反1,10,0,10,台中銀-員林,2023-11-22,6114
2834,臺企銀,10,0,10,台中銀-員林,2023-11-22,6114
3682,亞太電,10,0,10,台中銀-員林,2023-11-22,6114
4927,泰鼎-KY,10,0,10,台中銀-員林,2023-11-22,6114
6547,高端疫苗,10,0,10,台中銀-員林,2023-11-22,6114
6568,宏觀,12,2,10,台中銀-員林,2023-11-22,6114
6789,采鈺,9,0,9,台中銀-員林,2023-11-22,6114
3701,大眾控,15,7,8,台中銀-員林,2023-11-22,6114
3530,晶相光,11,3,8,台中銀-員林,2023-11-22,6114
00882,中信中國高股息,7,0,7,台中銀-員林,2023-11-22,6114
2355,敬鵬,29,22,7,台中銀-員林,2023-11-22,6114
9105,泰金寶-DR,200,41,159,台中銀-員林,2023-11-23,6114
3380,明泰,103,2,101,台中銀-員林,2023-11-23,6114
2425,承啟,88,5,83,台中銀-員林,2023-11-23,6114
00878,國泰永續高股息,62,6,56,台中銀-員林,2023-11-23,6114
2516,新建,56,1,55,台中銀-員林,2023-11-23,6114
2880,華南金,53,0,53,台中銀-員林,2023-11-23,6114
2031,新光鋼,50,0,50,台中銀-員林,2023-11-23,6114
00864B,中信美國公債0-1,40,0,40,台中銀-員林,2023-11-23,6114
2486,一詮,30,0,30,台中銀-員林,2023-11-23,6114
2543,皇昌,29,0,29,台中銀-員林,2023-11-23,6114
00919,群益台灣精選高息,27,0,27,台中銀-員林,2023-11-23,6114
3374,精材,35,9,26,台中銀-員林,2023-11-23,6114
1524,耿鼎,26,2,24,台中銀-員林,2023-11-23,6114
00934,中信成長高股息,22,0,22,台中銀-員林,2023-11-23,6114
3402,漢科,37,15,22,台中銀-員林,2023-11-23,6114
3122,笙泉,41,20,21,台中銀-員林,2023-11-23,6114
1605,華新,35,15,20,台中銀-員林,2023-11-23,6114
3454,晶睿,25,6,19,台中銀-員林,2023-11-23,6114
3715,定穎投控,57,40,17,台中銀-員林,2023-11-23,6114
2014,中鴻,16,0,16,台中銀-員林,2023-11-23,6114
00680L,元大美債20正2,15,0,15,台中銀-員林,2023-11-23,6114
3703,欣陸,16,1,15,台中銀-員林,2023-11-23,6114
1449,佳和,25,11,14,台中銀-員林,2023-11-23,6114
2002,中鋼,15,1,14,台中銀-員林,2023-11-23,6114
2399,映泰,14,0,14,台中銀-員林,2023-11-23,6114
6204,艾華,14,0,14,台中銀-員林,2023-11-23,6114
6282,康舒,95,81,14,台中銀-員林,2023-11-23,6114
1513,中興電,17,3,14,台中銀-員林,2023-11-23,6114
8086,宏捷科,14,2,12,台中銀-員林,2023-11-23,6114
5609,中菲行,12,0,12,台中銀-員林,2023-11-23,6114
6411,晶焱,22,10,12,台中銀-員林,2023-11-23,6114
2419,仲琦,11,0,11,台中銀-員林,2023-11-23,6114
6182,合晶,11,0,11,台中銀-員林,2023-11-23,6114
6139,亞翔,25,14,11,台中銀-員林,2023-11-23,6114
1316,上曜,10,0,10,台中銀-員林,2023-11-23,6114
1447,力鵬,10,0,10,台中銀-員林,2023-11-23,6114
2439,美律,12,2,10,台中銀-員林,2023-11-23,6114
3169,亞信,13,3,10,台中銀-員林,2023-11-23,6114
8089,康全電訊,11,1,10,台中銀-員林,2023-11-23,6114
8426,紅木-KY,10,0,10,台中銀-員林,2023-11-23,6114
8936,國統,10,0,10,台中銀-員林,2023-11-23,6114
3141,晶宏,11,1,10,台中銀-員林,2023-11-23,6114
00632R,元大台灣50反1,9,0,9,台中銀-員林,2023-11-23,6114
3035,智原,11,2,9,台中銀-員林,2023-11-23,6114
3231,緯創,23,15,8,台中銀-員林,2023-11-23,6114
5512,力麒,11,3,8,台中銀-員林,2023-11-23,6114
1721,三晃,12,4,8,台中銀-員林,2023-11-23,6114
2356,英業達,11,3,8,台中銀-員林,2023-11-23,6114
2891,中信金,10,2,8,台中銀-員林,2023-11-23,6114
0056,元大高股息,11,3,8,台中銀-員林,2023-11-23,6114
2371,大同,408,4,404,台中銀-員林,2023-11-24,6114
00680L,元大美債20正2,46,0,46,台中銀-員林,2023-11-24,6114
2353,宏��,99,53,46,台中銀-員林,2023-11-24,6114
1605,華新,49,10,39,台中銀-員林,2023-11-24,6114
2618,長榮航,51,16,35,台中銀-員林,2023-11-24,6114
1609,大亞,31,0,31,台中銀-員林,2023-11-24,6114
6005,群益證,30,0,30,台中銀-員林,2023-11-24,6114
6271,同欣電,31,1,30,台中銀-員林,2023-11-24,6114
1101,台泥,227,200,27,台中銀-員林,2023-11-24,6114
3576,聯合再生,26,0,26,台中銀-員林,2023-11-24,6114
3027,盛達,25,0,25,台中銀-員林,2023-11-24,6114
3454,晶睿,22,0,22,台中銀-員林,2023-11-24,6114
5871,中租-KY,22,0,22,台中銀-員林,2023-11-24,6114
00688L,國泰20年美債正2,20,0,20,台中銀-員林,2023-11-24,6114
2888,新光金,20,0,20,台中銀-員林,2023-11-24,6114
2492,華新科,29,11,18,台中銀-員林,2023-11-24,6114
6125,廣運,26,8,18,台中銀-員林,2023-11-24,6114
2031,新光鋼,17,0,17,台中銀-員林,2023-11-24,6114
2009,第一銅,16,0,16,台中銀-員林,2023-11-24,6114
1809,中釉,17,1,16,台中銀-員林,2023-11-24,6114
2316,楠梓電,15,1,14,台中銀-員林,2023-11-24,6114
00878,國泰永續高股息,14,1,13,台中銀-員林,2023-11-24,6114
6129,普誠,13,0,13,台中銀-員林,2023-11-24,6114
00715L,期街口布蘭特正2,16,4,12,台中銀-員林,2023-11-24,6114
2352,佳世達,12,1,11,台中銀-員林,2023-11-24,6114
5351,鈺創,21,10,11,台中銀-員林,2023-11-24,6114
6161,捷波,11,0,11,台中銀-員林,2023-11-24,6114
9955,佳龍,11,0,11,台中銀-員林,2023-11-24,6114
2736,富野,11,1,10,台中銀-員林,2023-11-24,6114
00753L,中信中國50正2,10,0,10,台中銀-員林,2023-11-24,6114
00665L,富邦�琤肭磪囓�2,10,0,10,台中銀-員林,2023-11-24,6114
1603,華電,10,0,10,台中銀-員林,2023-11-24,6114
2838,聯邦銀,10,0,10,台中銀-員林,2023-11-24,6114
3703,欣陸,10,0,10,台中銀-員林,2023-11-24,6114
5425,台半,10,0,10,台中銀-員林,2023-11-24,6114
00679B,元大美債20年,9,0,9,台中銀-員林,2023-11-24,6114
2382,廣達,18,9,9,台中銀-員林,2023-11-24,6114
2609,陽明,10,1,9,台中銀-員林,2023-11-24,6114
6284,佳邦,14,6,8,台中銀-員林,2023-11-24,6114
1616,億泰,10,2,8,台中銀-員林,2023-11-24,6114
2105,正新,8,0,8,台中銀-員林,2023-11-24,6114
3152,璟德,8,0,8,台中銀-員林,2023-11-24,6114
6204,艾華,8,0,8,台中銀-員林,2023-11-24,6114
6806,森崴能源,14,6,8,台中銀-員林,2023-11-24,6114
6235,華孚,9,2,7,台中銀-員林,2023-11-24,6114
3672,康聯訊,7,0,7,台中銀-員林,2023-11-24,6114
6104,創惟,15,8,7,台中銀-員林,2023-11-24,6114
6191,精成科,7,0,7,台中銀-員林,2023-11-24,6114
6197,佳必琪,8,1,7,台中銀-員林,2023-11-24,6114
2455,全新,8,2,6,台中銀-員林,2023-11-24,6114
2634,漢翔,142,0,142,台中銀-員林,2023-11-27,6114
2883,凱基金,473,354,119,台中銀-員林,2023-11-27,6114
2867,三商壽,100,0,100,台中銀-員林,2023-11-27,6114
2329,華泰,90,6,84,台中銀-員林,2023-11-27,6114
00665L,富邦�琤肭磪囓�2,75,0,75,台中銀-員林,2023-11-27,6114
1701,中化,69,0,69,台中銀-員林,2023-11-27,6114
2543,皇昌,54,0,54,台中銀-員林,2023-11-27,6114
00720B,元大投資級公司債,50,0,50,台中銀-員林,2023-11-27,6114
2303,聯電,54,5,49,台中銀-員林,2023-11-27,6114
2812,台中銀,51,5,46,台中銀-員林,2023-11-27,6114
8054,安國,39,4,35,台中銀-員林,2023-11-27,6114
00753L,中信中國50正2,30,0,30,台中銀-員林,2023-11-27,6114
00936,台新永續高息中小,30,0,30,台中銀-員林,2023-11-27,6114
00679B,元大美債20年,26,0,26,台中銀-員林,2023-11-27,6114
3231,緯創,38,13,25,台中銀-員林,2023-11-27,6114
5469,瀚宇博,22,0,22,台中銀-員林,2023-11-27,6114
6284,佳邦,23,2,21,台中銀-員林,2023-11-27,6114
00637L,元大滬深300正2,20,0,20,台中銀-員林,2023-11-27,6114
00919,群益台灣精選高息,20,0,20,台中銀-員林,2023-11-27,6114
2363,矽統,24,5,19,台中銀-員林,2023-11-27,6114
2356,英業達,22,4,18,台中銀-員林,2023-11-27,6114
3437,榮創,29,11,18,台中銀-員林,2023-11-27,6114
2382,廣達,30,13,17,台中銀-員林,2023-11-27,6114
00930,永豐ESG低碳高息,16,0,16,台中銀-員林,2023-11-27,6114
00934,中信成長高股息,15,0,15,台中銀-員林,2023-11-27,6114
1815,富喬,20,5,15,台中銀-員林,2023-11-27,6114
1720,生達,16,2,14,台中銀-員林,2023-11-27,6114
4968,立積,28,14,14,台中銀-員林,2023-11-27,6114
00878,國泰永續高股息,12,0,12,台中銀-員林,2023-11-27,6114
1101,台泥,14,3,11,台中銀-員林,2023-11-27,6114
2405,輔信,25,14,11,台中銀-員林,2023-11-27,6114
4973,廣穎,11,0,11,台中銀-員林,2023-11-27,6114
2009,第一銅,10,0,10,台中銀-員林,2023-11-27,6114
2367,燿華,10,0,10,台中銀-員林,2023-11-27,6114
2605,新興,10,0,10,台中銀-員林,2023-11-27,6114
6104,創惟,17,7,10,台中銀-員林,2023-11-27,6114
6125,廣運,15,6,9,台中銀-員林,2023-11-27,6114
00715L,期街口布蘭特正2,14,5,9,台中銀-員林,2023-11-27,6114
9941,裕融,10,1,9,台中銀-員林,2023-11-27,6114
1760,寶齡富錦,12,3,9,台中銀-員林,2023-11-27,6114
6127,九豪,9,1,8,台中銀-員林,2023-11-27,6114
00885,富邦越南,10,2,8,台中銀-員林,2023-11-27,6114
3056,富華新,8,0,8,台中銀-員林,2023-11-27,6114
3266,昇陽,8,0,8,台中銀-員林,2023-11-27,6114
8086,宏捷科,13,5,8,台中銀-員林,2023-11-27,6114
2383,台光電,7,0,7,台中銀-員林,2023-11-27,6114
3419,譁裕,7,0,7,台中銀-員林,2023-11-27,6114
8936,國統,7,0,7,台中銀-員林,2023-11-27,6114
3105,穩懋,6,0,6,台中銀-員林,2023-11-27,6114
3260,威剛,6,0,6,台中銀-員林,2023-11-27,6114
2371,大同,215,0,215,台中銀-員林,2023-11-28,6114
2337,旺宏,62,0,62,台中銀-員林,2023-11-28,6114
00712,復華富時不動產,57,1,56,台中銀-員林,2023-11-28,6114
4114,健喬,47,2,45,台中銀-員林,2023-11-28,6114
5347,世界,25,0,25,台中銀-員林,2023-11-28,6114
3231,緯創,28,5,23,台中銀-員林,2023-11-28,6114
1513,中興電,32,10,22,台中銀-員林,2023-11-28,6114
00637L,元大滬深300正2,20,0,20,台中銀-員林,2023-11-28,6114
00753L,中信中國50正2,35,15,20,台中銀-員林,2023-11-28,6114
00922,國泰台灣領袖50,20,1,19,台中銀-員林,2023-11-28,6114
2303,聯電,26,9,17,台中銀-員林,2023-11-28,6114
00665L,富邦�琤肭磪囓�2,15,0,15,台中銀-員林,2023-11-28,6114
6708,天擎,15,1,14,台中銀-員林,2023-11-28,6114
0056,元大高股息,22,8,14,台中銀-員林,2023-11-28,6114
3679,新至陞,14,1,13,台中銀-員林,2023-11-28,6114
3169,亞信,12,0,12,台中銀-員林,2023-11-28,6114
2002,中鋼,16,5,11,台中銀-員林,2023-11-28,6114
00715L,期街口布蘭特正2,19,8,11,台中銀-員林,2023-11-28,6114
4401,東隆興,12,1,11,台中銀-員林,2023-11-28,6114
3005,神基,20,10,10,台中銀-員林,2023-11-28,6114
3325,旭品,20,10,10,台中銀-員林,2023-11-28,6114
3494,誠研,10,0,10,台中銀-員林,2023-11-28,6114
6615,慧智,10,0,10,台中銀-員林,2023-11-28,6114
2606,裕民,10,1,9,台中銀-員林,2023-11-28,6114
3437,榮創,31,22,9,台中銀-員林,2023-11-28,6114
8072,陞泰,9,0,9,台中銀-員林,2023-11-28,6114
6492,生華科,10,1,9,台中銀-員林,2023-11-28,6114
2383,台光電,9,1,8,台中銀-員林,2023-11-28,6114
2359,所羅門,8,0,8,台中銀-員林,2023-11-28,6114
2543,皇昌,8,0,8,台中銀-員林,2023-11-28,6114
6284,佳邦,8,0,8,台中銀-員林,2023-11-28,6114
2382,廣達,11,3,8,台中銀-員林,2023-11-28,6114
5351,鈺創,22,14,8,台中銀-員林,2023-11-28,6114
1720,生達,7,0,7,台中銀-員林,2023-11-28,6114
9921,巨大,7,1,6,台中銀-員林,2023-11-28,6114
1325,恆大,6,0,6,台中銀-員林,2023-11-28,6114
1449,佳和,42,36,6,台中銀-員林,2023-11-28,6114
2439,美律,7,1,6,台中銀-員林,2023-11-28,6114
2641,正德,11,5,6,台中銀-員林,2023-11-28,6114
3147,大綜,8,2,6,台中銀-員林,2023-11-28,6114
00676R,富邦臺灣加權反1,5,0,5,台中銀-員林,2023-11-28,6114
1732,毛寶,7,2,5,台中銀-員林,2023-11-28,6114
1905,華紙,6,1,5,台中銀-員林,2023-11-28,6114
2363,矽統,16,11,5,台中銀-員林,2023-11-28,6114
2516,新建,5,0,5,台中銀-員林,2023-11-28,6114
3373,熱映,6,1,5,台中銀-員林,2023-11-28,6114
3444,利機,5,0,5,台中銀-員林,2023-11-28,6114
4714,永捷,5,0,5,台中銀-員林,2023-11-28,6114
6197,佳必琪,5,0,5,台中銀-員林,2023-11-28,6114
8936,國統,16,11,5,台中銀-員林,2023-11-28,6114
2845,遠東銀,820,0,820,台中銀-員林,2023-11-29,6114
1101,台泥,212,6,206,台中銀-員林,2023-11-29,6114
3005,神基,96,4,92,台中銀-員林,2023-11-29,6114
00665L,富邦�琤肭磪囓�2,85,0,85,台中銀-員林,2023-11-29,6114
00900,富邦特選高股息30,110,26,84,台中銀-員林,2023-11-29,6114
4306,炎洲,80,0,80,台中銀-員林,2023-11-29,6114
2337,旺宏,60,0,60,台中銀-員林,2023-11-29,6114
00687B,國泰20年美債,56,0,56,台中銀-員林,2023-11-29,6114
1316,上曜,52,0,52,台中銀-員林,2023-11-29,6114
00882,中信中國高股息,45,0,45,台中銀-員林,2023-11-29,6114
5475,德宏,39,0,39,台中銀-員林,2023-11-29,6114
1609,大亞,32,1,31,台中銀-員林,2023-11-29,6114
2883,凱基金,48,17,31,台中銀-員林,2023-11-29,6114
2816,旺旺保,30,0,30,台中銀-員林,2023-11-29,6114
3374,精材,30,1,29,台中銀-員林,2023-11-29,6114
3679,新至陞,27,1,26,台中銀-員林,2023-11-29,6114
6530,創威,23,0,23,台中銀-員林,2023-11-29,6114
00712,復華富時不動產,22,0,22,台中銀-員林,2023-11-29,6114
2449,京元電子,21,0,21,台中銀-員林,2023-11-29,6114
2618,長榮航,27,8,19,台中銀-員林,2023-11-29,6114
3372,典範,20,2,18,台中銀-員林,2023-11-29,6114
2105,正新,16,0,16,台中銀-員林,2023-11-29,6114
2329,華泰,61,45,16,台中銀-員林,2023-11-29,6114
6708,天擎,15,0,15,台中銀-員林,2023-11-29,6114
1449,佳和,25,11,14,台中銀-員林,2023-11-29,6114
5608,四維航,21,7,14,台中銀-員林,2023-11-29,6114
00931B,統一美債20年,18,5,13,台中銀-員林,2023-11-29,6114
3706,神達,13,0,13,台中銀-員林,2023-11-29,6114
2356,英業達,16,4,12,台中銀-員林,2023-11-29,6114
00688L,國泰20年美債正2,12,0,12,台中銀-員林,2023-11-29,6114
2377,微星,16,4,12,台中銀-員林,2023-11-29,6114
4106,雃博,12,0,12,台中銀-員林,2023-11-29,6114
6591,動力-KY,12,0,12,台中銀-員林,2023-11-29,6114
2401,凌陽,23,12,11,台中銀-員林,2023-11-29,6114
3624,光頡,15,4,11,台中銀-員林,2023-11-29,6114
6127,九豪,13,2,11,台中銀-員林,2023-11-29,6114
00753L,中信中國50正2,55,45,10,台中銀-員林,2023-11-29,6114
1603,華電,10,0,10,台中銀-員林,2023-11-29,6114
2369,菱生,23,13,10,台中銀-員林,2023-11-29,6114
2610,華航,11,1,10,台中銀-員林,2023-11-29,6114
2812,台中銀,10,0,10,台中銀-員林,2023-11-29,6114
2066,世德,9,0,9,台中銀-員林,2023-11-29,6114
6603,富強鑫,8,0,8,台中銀-員林,2023-11-29,6114
8054,安國,17,9,8,台中銀-員林,2023-11-29,6114
3141,晶宏,7,0,7,台中銀-員林,2023-11-29,6114
6122,擎邦,7,0,7,台中銀-員林,2023-11-29,6114
8261,富鼎,7,0,7,台中銀-員林,2023-11-29,6114
1605,華新,10,3,7,台中銀-員林,2023-11-29,6114
00679B,元大美債20年,7,1,6,台中銀-員林,2023-11-29,6114
00934,中信成長高股息,6,0,6,台中銀-員林,2023-11-29,6114
00679B,元大美債20年,126,0,126,台中銀-員林,2023-11-30,6114
4306,炎洲,50,0,50,台中銀-員林,2023-11-30,6114
2353,宏��,55,16,39,台中銀-員林,2023-11-30,6114
2425,承啟,55,21,34,台中銀-員林,2023-11-30,6114
2618,長榮航,35,2,33,台中銀-員林,2023-11-30,6114
3043,科風,32,0,32,台中銀-員林,2023-11-30,6114
00673R,期元大S＆P原油反1,31,0,31,台中銀-員林,2023-11-30,6114
2337,旺宏,30,2,28,台中銀-員林,2023-11-30,6114
2066,世德,30,3,27,台中銀-員林,2023-11-30,6114
1449,佳和,30,5,25,台中銀-員林,2023-11-30,6114
4961,天鈺,29,5,24,台中銀-員林,2023-11-30,6114
3231,緯創,38,16,22,台中銀-員林,2023-11-30,6114
5328,華容,25,5,20,台中銀-員林,2023-11-30,6114
3078,僑威,20,1,19,台中銀-員林,2023-11-30,6114
6175,立敦,18,0,18,台中銀-員林,2023-11-30,6114
6271,同欣電,18,2,16,台中銀-員林,2023-11-30,6114
2371,大同,15,0,15,台中銀-員林,2023-11-30,6114
3325,旭品,15,0,15,台中銀-員林,2023-11-30,6114
00882,中信中國高股息,14,0,14,台中銀-員林,2023-11-30,6114
2014,中鴻,15,1,14,台中銀-員林,2023-11-30,6114
6127,九豪,17,3,14,台中銀-員林,2023-11-30,6114
3090,日電貿,14,0,14,台中銀-員林,2023-11-30,6114
1616,億泰,11,0,11,台中銀-員林,2023-11-30,6114
2417,圓剛,12,1,11,台中銀-員林,2023-11-30,6114
4766,南寶,14,3,11,台中銀-員林,2023-11-30,6114
3530,晶相光,12,1,11,台中銀-員林,2023-11-30,6114
1809,中釉,10,0,10,台中銀-員林,2023-11-30,6114
2206,三陽工業,10,0,10,台中銀-員林,2023-11-30,6114
2845,遠東銀,10,0,10,台中銀-員林,2023-11-30,6114
3679,新至陞,10,0,10,台中銀-員林,2023-11-30,6114
4968,立積,10,0,10,台中銀-員林,2023-11-30,6114
6177,達麗,10,0,10,台中銀-員林,2023-11-30,6114
6191,精成科,28,18,10,台中銀-員林,2023-11-30,6114
9802,鈺齊-KY,10,0,10,台中銀-員林,2023-11-30,6114
9919,康那香,16,6,10,台中銀-員林,2023-11-30,6114
9955,佳龍,10,0,10,台中銀-員林,2023-11-30,6114
8096,擎亞,10,0,10,台中銀-員林,2023-11-30,6114
3147,大綜,10,1,9,台中銀-員林,2023-11-30,6114
2465,麗臺,11,2,9,台中銀-員林,2023-11-30,6114
4503,金雨,10,1,9,台中銀-員林,2023-11-30,6114
3122,笙泉,28,20,8,台中銀-員林,2023-11-30,6114
3545,敦泰,11,3,8,台中銀-員林,2023-11-30,6114
2105,正新,8,0,8,台中銀-員林,2023-11-30,6114
2329,華泰,116,108,8,台中銀-員林,2023-11-30,6114
2344,華邦電,19,12,7,台中銀-員林,2023-11-30,6114
6485,點序,9,2,7,台中銀-員林,2023-11-30,6114
00680L,元大美債20正2,6,0,6,台中銀-員林,2023-11-30,6114
2492,華新科,13,7,6,台中銀-員林,2023-11-30,6114
2303,聯電,8,2,6,台中銀-員林,2023-11-30,6114
2355,敬鵬,6,0,6,台中銀-員林,2023-11-30,6114
1101,台泥,414,0,414,台中銀-員林,2023-12-01,6114
3483,力致,102,2,100,台中銀-員林,2023-12-01,6114
8358,金居,100,1,99,台中銀-員林,2023-12-01,6114
2371,大同,107,16,91,台中銀-員林,2023-12-01,6114
00680L,元大美債20正2,63,0,63,台中銀-員林,2023-12-01,6114
00919,群益台灣精選高息,101,47,54,台中銀-員林,2023-12-01,6114
2353,宏��,65,13,52,台中銀-員林,2023-12-01,6114
2618,長榮航,41,0,41,台中銀-員林,2023-12-01,6114
3704,合勤控,40,0,40,台中銀-員林,2023-12-01,6114
1605,華新,38,0,38,台中銀-員林,2023-12-01,6114
2606,裕民,46,8,38,台中銀-員林,2023-12-01,6114
1528,恩德,30,0,30,台中銀-員林,2023-12-01,6114
8404,百和興業-KY,30,2,28,台中銀-員林,2023-12-01,6114
2355,敬鵬,93,67,26,台中銀-員林,2023-12-01,6114
3437,榮創,48,24,24,台中銀-員林,2023-12-01,6114
3043,科風,25,2,23,台中銀-員林,2023-12-01,6114
2641,正德,26,4,22,台中銀-員林,2023-12-01,6114
6233,旺玖,26,4,22,台中銀-員林,2023-12-01,6114
00915,凱基優選高股息30,21,0,21,台中銀-員林,2023-12-01,6114
2472,立隆電,25,6,19,台中銀-員林,2023-12-01,6114
6770,力積電,20,1,19,台中銀-員林,2023-12-01,6114
8109,博大,19,1,18,台中銀-員林,2023-12-01,6114
2317,鴻海,20,3,17,台中銀-員林,2023-12-01,6114
2337,旺宏,17,0,17,台中銀-員林,2023-12-01,6114
3363,上詮,22,6,16,台中銀-員林,2023-12-01,6114
2332,友訊,16,1,15,台中銀-員林,2023-12-01,6114
6237,驊訊,19,4,15,台中銀-員林,2023-12-01,6114
2812,台中銀,16,2,14,台中銀-員林,2023-12-01,6114
4121,優盛,15,1,14,台中銀-員林,2023-12-01,6114
5351,鈺創,18,4,14,台中銀-員林,2023-12-01,6114
1504,東元,14,1,13,台中銀-員林,2023-12-01,6114
2886,兆豐金,15,2,13,台中銀-員林,2023-12-01,6114
4533,協易機,22,9,13,台中銀-員林,2023-12-01,6114
6257,矽格,16,3,13,台中銀-員林,2023-12-01,6114
4566,時碩工業,13,1,12,台中銀-員林,2023-12-01,6114
6191,精成科,17,5,12,台中銀-員林,2023-12-01,6114
2313,華通,45,33,12,台中銀-員林,2023-12-01,6114
00687B,國泰20年美債,11,0,11,台中銀-員林,2023-12-01,6114
1701,中化,12,1,11,台中銀-員林,2023-12-01,6114
2344,華邦電,16,5,11,台中銀-員林,2023-12-01,6114
6446,藥華藥,11,0,11,台中銀-員林,2023-12-01,6114
00878,國泰永續高股息,10,0,10,台中銀-員林,2023-12-01,6114
9921,巨大,10,0,10,台中銀-員林,2023-12-01,6114
00885,富邦越南,10,0,10,台中銀-員林,2023-12-01,6114
00665L,富邦�琤肭磪囓�2,10,0,10,台中銀-員林,2023-12-01,6114
1616,億泰,15,5,10,台中銀-員林,2023-12-01,6114
2367,燿華,28,18,10,台中銀-員林,2023-12-01,6114
2476,鉅祥,23,13,10,台中銀-員林,2023-12-01,6114
3202,樺晟,10,0,10,台中銀-員林,2023-12-01,6114
3479,安勤,10,0,10,台中銀-員林,2023-12-01,6114
1101,台泥,415,0,415,台中銀-員林,2023-12-04,6114
2641,正德,192,8,184,台中銀-員林,2023-12-04,6114
00715L,期街口布蘭特正2,103,0,103,台中銀-員林,2023-12-04,6114
2883,凱基金,113,18,95,台中銀-員林,2023-12-04,6114
3005,神基,98,5,93,台中銀-員林,2023-12-04,6114
00712,復華富時不動產,70,7,63,台中銀-員林,2023-12-04,6114
3380,明泰,50,0,50,台中銀-員林,2023-12-04,6114
2615,萬海,46,2,44,台中銀-員林,2023-12-04,6114
2371,大同,50,7,43,台中銀-員林,2023-12-04,6114
00679B,元大美債20年,53,12,41,台中銀-員林,2023-12-04,6114
4306,炎洲,60,20,40,台中銀-員林,2023-12-04,6114
2472,立隆電,35,3,32,台中銀-員林,2023-12-04,6114
4167,松瑞藥,35,4,31,台中銀-員林,2023-12-04,6114
6005,群益證,30,0,30,台中銀-員林,2023-12-04,6114
3013,晟銘電,54,25,29,台中銀-員林,2023-12-04,6114
2355,敬鵬,110,81,29,台中銀-員林,2023-12-04,6114
8936,國統,29,1,28,台中銀-員林,2023-12-04,6114
1809,中釉,28,1,27,台中銀-員林,2023-12-04,6114
5328,華容,45,20,25,台中銀-員林,2023-12-04,6114
2610,華航,39,15,24,台中銀-員林,2023-12-04,6114
3679,新至陞,26,2,24,台中銀-員林,2023-12-04,6114
1504,東元,28,5,23,台中銀-員林,2023-12-04,6114
3363,上詮,26,4,22,台中銀-員林,2023-12-04,6114
1460,宏遠,21,0,21,台中銀-員林,2023-12-04,6114
1711,永光,21,0,21,台中銀-員林,2023-12-04,6114
3437,榮創,22,1,21,台中銀-員林,2023-12-04,6114
00687B,國泰20年美債,20,0,20,台中銀-員林,2023-12-04,6114
2106,建大,20,0,20,台中銀-員林,2023-12-04,6114
2313,華通,34,14,20,台中銀-員林,2023-12-04,6114
1513,中興電,43,23,20,台中銀-員林,2023-12-04,6114
1605,華新,120,103,17,台中銀-員林,2023-12-04,6114
2891,中信金,17,0,17,台中銀-員林,2023-12-04,6114
2367,燿華,47,31,16,台中銀-員林,2023-12-04,6114
2476,鉅祥,16,0,16,台中銀-員林,2023-12-04,6114
2618,長榮航,28,12,16,台中銀-員林,2023-12-04,6114
1560,中砂,16,1,15,台中銀-員林,2023-12-04,6114
2066,世德,15,0,15,台中銀-員林,2023-12-04,6114
2468,華經,20,5,15,台中銀-員林,2023-12-04,6114
8092,建暐,20,5,15,台中銀-員林,2023-12-04,6114
3231,緯創,21,8,13,台中銀-員林,2023-12-04,6114
3264,欣銓,18,5,13,台中銀-員林,2023-12-04,6114
00857B,永豐20年美公債,12,0,12,台中銀-員林,2023-12-04,6114
00934,中信成長高股息,12,0,12,台中銀-員林,2023-12-04,6114
00922,國泰台灣領袖50,11,0,11,台中銀-員林,2023-12-04,6114
3706,神達,16,5,11,台中銀-員林,2023-12-04,6114
00753L,中信中國50正2,33,22,11,台中銀-員林,2023-12-04,6114
4973,廣穎,11,0,11,台中銀-員林,2023-12-04,6114
00642U,期元大S＆P石油,10,0,10,台中銀-員林,2023-12-04,6114
00675L,富邦臺灣加權正2,10,0,10,台中銀-員林,2023-12-04,6114
00673R,期元大S＆P原油反1,10,0,10,台中銀-員林,2023-12-04,6114
3481,群創,391,58,333,台中銀-員林,2023-12-05,6114
2371,大同,260,8,252,台中銀-員林,2023-12-05,6114
00919,群益台灣精選高息,90,4,86,台中銀-員林,2023-12-05,6114
2329,華泰,294,218,76,台中銀-員林,2023-12-05,6114
00937B,群益ESG投等債20,74,0,74,台中銀-員林,2023-12-05,6114
00679B,元大美債20年,72,1,71,台中銀-員林,2023-12-05,6114
00929,復華台灣科技優息,92,21,71,台中銀-員林,2023-12-05,6114
6005,群益證,60,0,60,台中銀-員林,2023-12-05,6114
2425,承啟,50,0,50,台中銀-員林,2023-12-05,6114
2641,正德,64,14,50,台中銀-員林,2023-12-05,6114
2617,台航,58,18,40,台中銀-員林,2023-12-05,6114
00918,大華優利高填息30,37,0,37,台中銀-員林,2023-12-05,6114
2601,益航,43,8,35,台中銀-員林,2023-12-05,6114
1513,中興電,97,63,34,台中銀-員林,2023-12-05,6114
2634,漢翔,31,0,31,台中銀-員林,2023-12-05,6114
2609,陽明,43,16,27,台中銀-員林,2023-12-05,6114
2618,長榮航,27,0,27,台中銀-員林,2023-12-05,6114
1514,亞力,48,23,25,台中銀-員林,2023-12-05,6114
2610,華航,25,0,25,台中銀-員林,2023-12-05,6114
00715L,期街口布蘭特正2,24,0,24,台中銀-員林,2023-12-05,6114
3231,緯創,35,11,24,台中銀-員林,2023-12-05,6114
5309,系統電,22,0,22,台中銀-員林,2023-12-05,6114
6127,九豪,22,0,22,台中銀-員林,2023-12-05,6114
3679,新至陞,20,0,20,台中銀-員林,2023-12-05,6114
3707,漢磊,21,1,20,台中銀-員林,2023-12-05,6114
2353,宏��,47,28,19,台中銀-員林,2023-12-05,6114
8109,博大,20,1,19,台中銀-員林,2023-12-05,6114
00882,中信中國高股息,19,0,19,台中銀-員林,2023-12-05,6114
00934,中信成長高股息,18,0,18,台中銀-員林,2023-12-05,6114
6288,聯嘉,21,3,18,台中銀-員林,2023-12-05,6114
1504,東元,17,0,17,台中銀-員林,2023-12-05,6114
1616,億泰,21,4,17,台中銀-員林,2023-12-05,6114
1815,富喬,16,0,16,台中銀-員林,2023-12-05,6114
3406,玉晶光,15,0,15,台中銀-員林,2023-12-05,6114
2363,矽統,61,47,14,台中銀-員林,2023-12-05,6114
2409,友達,14,0,14,台中銀-員林,2023-12-05,6114
00933B,國泰10Y+金融債,14,0,14,台中銀-員林,2023-12-05,6114
1609,大亞,14,0,14,台中銀-員林,2023-12-05,6114
00687B,國泰20年美債,14,1,13,台中銀-員林,2023-12-05,6114
2467,志聖,15,2,13,台中銀-員林,2023-12-05,6114
2612,中航,21,8,13,台中銀-員林,2023-12-05,6114
5347,世界,14,2,12,台中銀-員林,2023-12-05,6114
2891,中信金,12,0,12,台中銀-員林,2023-12-05,6114
00915,凱基優選高股息30,12,0,12,台中銀-員林,2023-12-05,6114
00680L,元大美債20正2,11,0,11,台中銀-員林,2023-12-05,6114
00753L,中信中國50正2,11,0,11,台中銀-員林,2023-12-05,6114
3260,威剛,11,0,11,台中銀-員林,2023-12-05,6114
2344,華邦電,14,3,11,台中銀-員林,2023-12-05,6114
1605,華新,12,2,10,台中銀-員林,2023-12-05,6114
1608,華榮,10,0,10,台中銀-員林,2023-12-05,6114
00937B,群益ESG投等債20,197,10,187,台中銀-員林,2023-12-06,6114
3481,群創,130,0,130,台中銀-員林,2023-12-06,6114
1529,樂事綠能,146,17,129,台中銀-員林,2023-12-06,6114
00919,群益台灣精選高息,105,14,91,台中銀-員林,2023-12-06,6114
2329,華泰,124,45,79,台中銀-員林,2023-12-06,6114
2543,皇昌,71,0,71,台中銀-員林,2023-12-06,6114
2605,新興,144,73,71,台中銀-員林,2023-12-06,6114
00679B,元大美債20年,55,1,54,台中銀-員林,2023-12-06,6114
5210,寶碩,43,0,43,台中銀-員林,2023-12-06,6114
00687B,國泰20年美債,40,0,40,台中銀-員林,2023-12-06,6114
00715L,期街口布蘭特正2,38,0,38,台中銀-員林,2023-12-06,6114
2419,仲琦,75,41,34,台中銀-員林,2023-12-06,6114
00753L,中信中國50正2,32,0,32,台中銀-員林,2023-12-06,6114
00907,永豐優息存股,30,0,30,台中銀-員林,2023-12-06,6114
6168,宏齊,30,0,30,台中銀-員林,2023-12-06,6114
2461,光群雷,28,0,28,台中銀-員林,2023-12-06,6114
1513,中興電,63,35,28,台中銀-員林,2023-12-06,6114
1616,億泰,28,2,26,台中銀-員林,2023-12-06,6114
00712,復華富時不動產,35,11,24,台中銀-員林,2023-12-06,6114
8926,台汽電,23,0,23,台中銀-員林,2023-12-06,6114
5534,長虹,21,0,21,台中銀-員林,2023-12-06,6114
5353,台林,20,0,20,台中銀-員林,2023-12-06,6114
00936,台新永續高息中小,17,0,17,台中銀-員林,2023-12-06,6114
2888,新光金,17,0,17,台中銀-員林,2023-12-06,6114
2634,漢翔,16,0,16,台中銀-員林,2023-12-06,6114
5521,工信,28,12,16,台中銀-員林,2023-12-06,6114
6122,擎邦,16,0,16,台中銀-員林,2023-12-06,6114
5864,致和證,15,0,15,台中銀-員林,2023-12-06,6114
00929,復華台灣科技優息,34,19,15,台中銀-員林,2023-12-06,6114
2612,中航,28,14,14,台中銀-員林,2023-12-06,6114
6271,同欣電,15,2,13,台中銀-員林,2023-12-06,6114
5215,科嘉-KY,13,0,13,台中銀-員林,2023-12-06,6114
1455,集盛,13,0,13,台中銀-員林,2023-12-06,6114
1506,正道,12,0,12,台中銀-員林,2023-12-06,6114
3260,威剛,32,20,12,台中銀-員林,2023-12-06,6114
4121,優盛,12,0,12,台中銀-員林,2023-12-06,6114
5371,中光電,12,0,12,台中銀-員林,2023-12-06,6114
00935,野村臺灣新科技50,11,0,11,台中銀-員林,2023-12-06,6114
2889,國票金,11,0,11,台中銀-員林,2023-12-06,6114
4561,健椿,21,10,11,台中銀-員林,2023-12-06,6114
00665L,富邦�琤肭磪囓�2,20,10,10,台中銀-員林,2023-12-06,6114
1515,力山,13,3,10,台中銀-員林,2023-12-06,6114
1560,中砂,10,0,10,台中銀-員林,2023-12-06,6114
3059,華晶科,10,0,10,台中銀-員林,2023-12-06,6114
6112,邁達特,25,15,10,台中銀-員林,2023-12-06,6114
00642U,期元大S＆P石油,10,1,9,台中銀-員林,2023-12-06,6114
1316,上曜,11,2,9,台中銀-員林,2023-12-06,6114
1701,中化,10,1,9,台中銀-員林,2023-12-06,6114
2409,友達,9,0,9,台中銀-員林,2023-12-06,6114
6143,振曜,11,2,9,台中銀-員林,2023-12-06,6114
00637L,元大滬深300正2,351,100,251,台中銀-員林,2023-12-07,6114
00688L,國泰20年美債正2,179,10,169,台中銀-員林,2023-12-07,6114
00937B,群益ESG投等債20,162,4,158,台中銀-員林,2023-12-07,6114
00715L,期街口布蘭特正2,149,5,144,台中銀-員林,2023-12-07,6114
3062,建漢,91,5,86,台中銀-員林,2023-12-07,6114
00919,群益台灣精選高息,82,0,82,台中銀-員林,2023-12-07,6114
1618,合機,68,10,58,台中銀-員林,2023-12-07,6114
5521,工信,56,2,54,台中銀-員林,2023-12-07,6114
2425,承啟,58,9,49,台中銀-員林,2023-12-07,6114
6222,上揚,36,1,35,台中銀-員林,2023-12-07,6114
4967,十銓,33,0,33,台中銀-員林,2023-12-07,6114
1513,中興電,46,16,30,台中銀-員林,2023-12-07,6114
2337,旺宏,30,0,30,台中銀-員林,2023-12-07,6114
00929,復華台灣科技優息,36,10,26,台中銀-員林,2023-12-07,6114
00712,復華富時不動產,41,15,26,台中銀-員林,2023-12-07,6114
2303,聯電,26,4,22,台中銀-員林,2023-12-07,6114
00687B,國泰20年美債,39,18,21,台中銀-員林,2023-12-07,6114
00665L,富邦�琤肭磪囓�2,20,0,20,台中銀-員林,2023-12-07,6114
00857B,永豐20年美公債,20,0,20,台中銀-員林,2023-12-07,6114
6770,力積電,22,2,20,台中銀-員林,2023-12-07,6114
2472,立隆電,25,7,18,台中銀-員林,2023-12-07,6114
2399,映泰,123,107,16,台中銀-員林,2023-12-07,6114
6233,旺玖,23,7,16,台中銀-員林,2023-12-07,6114
1522,堤維西,36,21,15,台中銀-員林,2023-12-07,6114
2353,宏��,30,15,15,台中銀-員林,2023-12-07,6114
2516,新建,15,0,15,台中銀-員林,2023-12-07,6114
4968,立積,20,5,15,台中銀-員林,2023-12-07,6114
2886,兆豐金,14,0,14,台中銀-員林,2023-12-07,6114
00882,中信中國高股息,14,0,14,台中銀-員林,2023-12-07,6114
3715,定穎投控,17,3,14,台中銀-員林,2023-12-07,6114
8097,常珵,14,0,14,台中銀-員林,2023-12-07,6114
2312,金寶,19,6,13,台中銀-員林,2023-12-07,6114
2888,新光金,14,1,13,台中銀-員林,2023-12-07,6114
2367,燿華,39,27,12,台中銀-員林,2023-12-07,6114
3679,新至陞,13,1,12,台中銀-員林,2023-12-07,6114
2363,矽統,16,5,11,台中銀-員林,2023-12-07,6114
2492,華新科,11,0,11,台中銀-員林,2023-12-07,6114
4561,健椿,22,11,11,台中銀-員林,2023-12-07,6114
6874,倍力,11,0,11,台中銀-員林,2023-12-07,6114
3260,威剛,13,2,11,台中銀-員林,2023-12-07,6114
2034,允強,10,0,10,台中銀-員林,2023-12-07,6114
8926,台汽電,10,0,10,台中銀-員林,2023-12-07,6114
2009,第一銅,10,0,10,台中銀-員林,2023-12-07,6114
2461,光群雷,10,0,10,台中銀-員林,2023-12-07,6114
2891,中信金,12,2,10,台中銀-員林,2023-12-07,6114
3530,晶相光,10,0,10,台中銀-員林,2023-12-07,6114
5302,太欣,10,0,10,台中銀-員林,2023-12-07,6114
8155,博智,12,2,10,台中銀-員林,2023-12-07,6114
9955,佳龍,10,0,10,台中銀-員林,2023-12-07,6114
3041,揚智,22,12,10,台中銀-員林,2023-12-07,6114
2605,新興,270,57,213,台中銀-員林,2023-12-08,6114
2337,旺宏,332,140,192,台中銀-員林,2023-12-08,6114
00929,復華台灣科技優息,203,74,129,台中銀-員林,2023-12-08,6114
2371,大同,186,66,120,台中銀-員林,2023-12-08,6114
00931B,統一美債20年,103,5,98,台中銀-員林,2023-12-08,6114
1524,耿鼎,85,24,61,台中銀-員林,2023-12-08,6114
2618,長榮航,117,56,61,台中銀-員林,2023-12-08,6114
00919,群益台灣精選高息,57,5,52,台中銀-員林,2023-12-08,6114
6024,群益期,57,6,51,台中銀-員林,2023-12-08,6114
00864B,中信美國公債0-1,40,0,40,台中銀-員林,2023-12-08,6114
00720B,元大投資級公司債,45,11,34,台中銀-員林,2023-12-08,6114
3231,緯創,61,28,33,台中銀-員林,2023-12-08,6114
00878,國泰永續高股息,33,2,31,台中銀-員林,2023-12-08,6114
00688L,國泰20年美債正2,30,0,30,台中銀-員林,2023-12-08,6114
2425,承啟,52,24,28,台中銀-員林,2023-12-08,6114
3078,僑威,42,17,25,台中銀-員林,2023-12-08,6114
00650L,復華香港正2,25,0,25,台中銀-員林,2023-12-08,6114
00933B,國泰10Y+金融債,25,0,25,台中銀-員林,2023-12-08,6114
00687B,國泰20年美債,24,0,24,台中銀-員林,2023-12-08,6114
3390,旭軟,23,0,23,台中銀-員林,2023-12-08,6114
6443,元晶,23,1,22,台中銀-員林,2023-12-08,6114
00857B,永豐20年美公債,20,0,20,台中銀-員林,2023-12-08,6114
5351,鈺創,32,13,19,台中銀-員林,2023-12-08,6114
6271,同欣電,26,7,19,台中銀-員林,2023-12-08,6114
1608,華榮,20,4,16,台中銀-員林,2023-12-08,6114
8112,至上,33,18,15,台中銀-員林,2023-12-08,6114
00772B,中信高評級公司債,14,0,14,台中銀-員林,2023-12-08,6114
2313,華通,20,6,14,台中銀-員林,2023-12-08,6114
2375,凱美,14,0,14,台中銀-員林,2023-12-08,6114
2428,興勤,16,2,14,台中銀-員林,2023-12-08,6114
2882,國泰金,13,0,13,台中銀-員林,2023-12-08,6114
1514,亞力,374,361,13,台中銀-員林,2023-12-08,6114
6799,來頡,20,8,12,台中銀-員林,2023-12-08,6114
2105,正新,11,0,11,台中銀-員林,2023-12-08,6114
00937B,群益ESG投等債20,30,20,10,台中銀-員林,2023-12-08,6114
00830,國泰費城半導體,10,0,10,台中銀-員林,2023-12-08,6114
2462,良得電,10,0,10,台中銀-員林,2023-12-08,6114
4121,優盛,10,0,10,台中銀-員林,2023-12-08,6114
6577,勁豐,10,0,10,台中銀-員林,2023-12-08,6114
8109,博大,10,0,10,台中銀-員林,2023-12-08,6114
6274,台燿,10,0,10,台中銀-員林,2023-12-08,6114
1504,東元,10,0,10,台中銀-員林,2023-12-08,6114
00918,大華優利高填息30,9,0,9,台中銀-員林,2023-12-08,6114
00712,復華富時不動產,12,4,8,台中銀-員林,2023-12-08,6114
1605,華新,8,0,8,台中銀-員林,2023-12-08,6114
1815,富喬,9,1,8,台中銀-員林,2023-12-08,6114
6111,大宇資,7,0,7,台中銀-員林,2023-12-08,6114
00882,中信中國高股息,7,0,7,台中銀-員林,2023-12-08,6114
2312,金寶,6,0,6,台中銀-員林,2023-12-08,6114
2458,義隆,6,0,6,台中銀-員林,2023-12-08,6114
00688L,國泰20年美債正2,685,0,685,台中銀-員林,2023-12-11,6114
00929,復華台灣科技優息,153,17,136,台中銀-員林,2023-12-11,6114
2834,臺企銀,220,126,94,台中銀-員林,2023-12-11,6114
1101,台泥,100,10,90,台中銀-員林,2023-12-11,6114
2801,彰銀,140,50,90,台中銀-員林,2023-12-11,6114
00919,群益台灣精選高息,77,13,64,台中銀-員林,2023-12-11,6114
4306,炎洲,60,0,60,台中銀-員林,2023-12-11,6114
00918,大華優利高填息30,55,3,52,台中銀-員林,2023-12-11,6114
00637L,元大滬深300正2,101,50,51,台中銀-員林,2023-12-11,6114
2516,新建,45,5,40,台中銀-員林,2023-12-11,6114
00878,國泰永續高股息,104,64,40,台中銀-員林,2023-12-11,6114
1524,耿鼎,673,638,35,台中銀-員林,2023-12-11,6114
00937B,群益ESG投等債20,35,0,35,台中銀-員林,2023-12-11,6114
2618,長榮航,28,0,28,台中銀-員林,2023-12-11,6114
4906,正文,26,0,26,台中銀-員林,2023-12-11,6114
6235,華孚,27,1,26,台中銀-員林,2023-12-11,6114
2888,新光金,26,2,24,台中銀-員林,2023-12-11,6114
2883,凱基金,22,0,22,台中銀-員林,2023-12-11,6114
3437,榮創,27,5,22,台中銀-員林,2023-12-11,6114
00753L,中信中國50正2,24,3,21,台中銀-員林,2023-12-11,6114
4967,十銓,45,24,21,台中銀-員林,2023-12-11,6114
00665L,富邦�琤肭磪囓�2,20,0,20,台中銀-員林,2023-12-11,6114
1515,力山,21,3,18,台中銀-員林,2023-12-11,6114
00679B,元大美債20年,18,2,16,台中銀-員林,2023-12-11,6114
9919,康那香,16,0,16,台中銀-員林,2023-12-11,6114
5511,德昌,15,0,15,台中銀-員林,2023-12-11,6114
9105,泰金寶-DR,14,0,14,台中銀-員林,2023-12-11,6114
6290,良維,13,0,13,台中銀-員林,2023-12-11,6114
3530,晶相光,12,0,12,台中銀-員林,2023-12-11,6114
6288,聯嘉,12,0,12,台中銀-員林,2023-12-11,6114
1905,華紙,15,3,12,台中銀-員林,2023-12-11,6114
3213,茂訊,12,1,11,台中銀-員林,2023-12-11,6114
5608,四維航,14,3,11,台中銀-員林,2023-12-11,6114
9941,裕融,11,0,11,台中銀-員林,2023-12-11,6114
1325,恆大,11,0,11,台中銀-員林,2023-12-11,6114
2388,威盛,36,26,10,台中銀-員林,2023-12-11,6114
00857B,永豐20年美公債,10,0,10,台中銀-員林,2023-12-11,6114
1440,南紡,10,0,10,台中銀-員林,2023-12-11,6114
2349,錸德,10,0,10,台中銀-員林,2023-12-11,6114
2358,廷鑫,10,0,10,台中銀-員林,2023-12-11,6114
6104,創惟,10,0,10,台中銀-員林,2023-12-11,6114
1316,上曜,9,0,9,台中銀-員林,2023-12-11,6114
3535,晶彩科,10,1,9,台中銀-員林,2023-12-11,6114
5871,中租-KY,8,0,8,台中銀-員林,2023-12-11,6114
1326,台化,7,0,7,台中銀-員林,2023-12-11,6114
2355,敬鵬,16,9,7,台中銀-員林,2023-12-11,6114
3028,增你強,12,5,7,台中銀-員林,2023-12-11,6114
4401,東隆興,17,10,7,台中銀-員林,2023-12-11,6114
4744,皇將,8,1,7,台中銀-員林,2023-12-11,6114
6222,上揚,7,0,7,台中銀-員林,2023-12-11,6114
00919,群益台灣精選高息,324,0,324,台中銀-員林,2023-12-12,6114
00882,中信中國高股息,200,0,200,台中銀-員林,2023-12-12,6114
00706L,期元大S＆P日圓正2,130,0,130,台中銀-員林,2023-12-12,6114
8112,至上,149,41,108,台中銀-員林,2023-12-12,6114
1101,台泥,105,0,105,台中銀-員林,2023-12-12,6114
00931B,統一美債20年,90,0,90,台中銀-員林,2023-12-12,6114
00688L,國泰20年美債正2,69,20,49,台中銀-員林,2023-12-12,6114
00878,國泰永續高股息,61,24,37,台中銀-員林,2023-12-12,6114
00857B,永豐20年美公債,35,0,35,台中銀-員林,2023-12-12,6114
2425,承啟,65,31,34,台中銀-員林,2023-12-12,6114
2443,昶虹,32,0,32,台中銀-員林,2023-12-12,6114
1608,華榮,41,12,29,台中銀-員林,2023-12-12,6114
2392,正崴,40,12,28,台中銀-員林,2023-12-12,6114
5864,致和證,23,0,23,台中銀-員林,2023-12-12,6114
6282,康舒,28,5,23,台中銀-員林,2023-12-12,6114
6122,擎邦,25,4,21,台中銀-員林,2023-12-12,6114
6182,合晶,33,13,20,台中銀-員林,2023-12-12,6114
3090,日電貿,20,0,20,台中銀-員林,2023-12-12,6114
00680L,元大美債20正2,20,0,20,台中銀-員林,2023-12-12,6114
2609,陽明,22,2,20,台中銀-員林,2023-12-12,6114
4164,承業醫,20,0,20,台中銀-員林,2023-12-12,6114
2371,大同,65,45,20,台中銀-員林,2023-12-12,6114
2888,新光金,26,8,18,台中銀-員林,2023-12-12,6114
2002,中鋼,18,0,18,台中銀-員林,2023-12-12,6114
3715,定穎投控,19,1,18,台中銀-員林,2023-12-12,6114
2612,中航,14,0,14,台中銀-員林,2023-12-12,6114
3338,泰碩,22,8,14,台中銀-員林,2023-12-12,6114
3596,智易,14,0,14,台中銀-員林,2023-12-12,6114
3231,緯創,18,5,13,台中銀-員林,2023-12-12,6114
2409,友達,13,0,13,台中銀-員林,2023-12-12,6114
2344,華邦電,13,0,13,台中銀-員林,2023-12-12,6114
00679B,元大美債20年,13,0,13,台中銀-員林,2023-12-12,6114
2317,鴻海,12,0,12,台中銀-員林,2023-12-12,6114
4401,東隆興,16,4,12,台中銀-員林,2023-12-12,6114
2492,華新科,12,1,11,台中銀-員林,2023-12-12,6114
1616,億泰,10,0,10,台中銀-員林,2023-12-12,6114
2014,中鴻,10,0,10,台中銀-員林,2023-12-12,6114
2323,中環,10,0,10,台中銀-員林,2023-12-12,6114
3209,全科,10,0,10,台中銀-員林,2023-12-12,6114
4552,力達-KY,10,0,10,台中銀-員林,2023-12-12,6114
5523,豐謙,10,0,10,台中銀-員林,2023-12-12,6114
2376,技嘉,32,22,10,台中銀-員林,2023-12-12,6114
2834,臺企銀,9,0,9,台中銀-員林,2023-12-12,6114
00715L,期街口布蘭特正2,15,6,9,台中銀-員林,2023-12-12,6114
1504,東元,9,0,9,台中銀-員林,2023-12-12,6114
3438,類比科,10,1,9,台中銀-員林,2023-12-12,6114
3268,海德威,10,1,9,台中銀-員林,2023-12-12,6114
6284,佳邦,11,3,8,台中銀-員林,2023-12-12,6114
00687B,國泰20年美債,8,0,8,台中銀-員林,2023-12-12,6114
2313,華通,30,22,8,台中銀-員林,2023-12-12,6114
00900,富邦特選高股息30,1000,0,1000,台中銀-員林,2023-12-13,6114
2888,新光金,414,160,254,台中銀-員林,2023-12-13,6114
00715L,期街口布蘭特正2,215,13,202,台中銀-員林,2023-12-13,6114
2801,彰銀,110,5,105,台中銀-員林,2023-12-13,6114
2371,大同,100,1,99,台中銀-員林,2023-12-13,6114
2867,三商壽,82,10,72,台中銀-員林,2023-12-13,6114
2105,正新,68,0,68,台中銀-員林,2023-12-13,6114
2603,長榮,79,12,67,台中銀-員林,2023-12-13,6114
00688L,國泰20年美債正2,60,0,60,台中銀-員林,2023-12-13,6114
00919,群益台灣精選高息,69,10,59,台中銀-員林,2023-12-13,6114
00882,中信中國高股息,55,0,55,台中銀-員林,2023-12-13,6114
00632R,元大台灣50反1,53,4,49,台中銀-員林,2023-12-13,6114
00712,復華富時不動產,42,8,34,台中銀-員林,2023-12-13,6114
4933,友輝,34,3,31,台中銀-員林,2023-12-13,6114
2449,京元電子,30,1,29,台中銀-員林,2023-12-13,6114
2002,中鋼,27,0,27,台中銀-員林,2023-12-13,6114
00885,富邦越南,31,5,26,台中銀-員林,2023-12-13,6114
1609,大亞,27,2,25,台中銀-員林,2023-12-13,6114
3481,群創,27,4,23,台中銀-員林,2023-12-13,6114
2387,精元,37,14,23,台中銀-員林,2023-12-13,6114
2618,長榮航,28,6,22,台中銀-員林,2023-12-13,6114
00753L,中信中國50正2,21,0,21,台中銀-員林,2023-12-13,6114
00706L,期元大S＆P日圓正2,20,0,20,台中銀-員林,2023-12-13,6114
2443,昶虹,18,0,18,台中銀-員林,2023-12-13,6114
6547,高端疫苗,18,0,18,台中銀-員林,2023-12-13,6114
2882,國泰金,17,0,17,台中銀-員林,2023-12-13,6114
00642U,期元大S＆P石油,17,0,17,台中銀-員林,2023-12-13,6114
3499,環天科,16,0,16,台中銀-員林,2023-12-13,6114
4915,致伸,16,0,16,台中銀-員林,2023-12-13,6114
3363,上詮,16,0,16,台中銀-員林,2023-12-13,6114
3694,海華,67,51,16,台中銀-員林,2023-12-13,6114
00857B,永豐20年美公債,15,0,15,台中銀-員林,2023-12-13,6114
00650L,復華香港正2,15,0,15,台中銀-員林,2023-12-13,6114
3287,廣寰科,18,3,15,台中銀-員林,2023-12-13,6114
2472,立隆電,24,10,14,台中銀-員林,2023-12-13,6114
00937B,群益ESG投等債20,14,0,14,台中銀-員林,2023-12-13,6114
6122,擎邦,15,1,14,台中銀-員林,2023-12-13,6114
5426,振發,16,3,13,台中銀-員林,2023-12-13,6114
2515,中工,18,6,12,台中銀-員林,2023-12-13,6114
1615,大山,13,1,12,台中銀-員林,2023-12-13,6114
8109,博大,12,0,12,台中銀-員林,2023-12-13,6114
00934,中信成長高股息,11,0,11,台中銀-員林,2023-12-13,6114
2633,台灣高鐵,20,9,11,台中銀-員林,2023-12-13,6114
3013,晟銘電,11,0,11,台中銀-員林,2023-12-13,6114
2609,陽明,14,3,11,台中銀-員林,2023-12-13,6114
00676R,富邦臺灣加權反1,10,0,10,台中銀-員林,2023-12-13,6114
00915,凱基優選高股息30,10,0,10,台中銀-員林,2023-12-13,6114
2363,矽統,27,17,10,台中銀-員林,2023-12-13,6114
2440,太空梭,10,0,10,台中銀-員林,2023-12-13,6114
2889,國票金,10,0,10,台中銀-員林,2023-12-13,6114
3703,欣陸,355,0,355,台中銀-員林,2023-12-14,6114
00929,復華台灣科技優息,264,74,190,台中銀-員林,2023-12-14,6114
00688L,國泰20年美債正2,140,0,140,台中銀-員林,2023-12-14,6114
00637L,元大滬深300正2,240,100,140,台中銀-員林,2023-12-14,6114
3231,緯創,125,24,101,台中銀-員林,2023-12-14,6114
00679B,元大美債20年,112,28,84,台中銀-員林,2023-12-14,6114
6147,頎邦,73,12,61,台中銀-員林,2023-12-14,6114
00931B,統一美債20年,63,4,59,台中銀-員林,2023-12-14,6114
3362,先進光,70,14,56,台中銀-員林,2023-12-14,6114
3017,奇鋐,51,2,49,台中銀-員林,2023-12-14,6114
00919,群益台灣精選高息,74,43,31,台中銀-員林,2023-12-14,6114
2801,彰銀,31,1,30,台中銀-員林,2023-12-14,6114
2365,昆盈,44,14,30,台中銀-員林,2023-12-14,6114
00680L,元大美債20正2,32,3,29,台中銀-員林,2023-12-14,6114
2516,新建,29,5,24,台中銀-員林,2023-12-14,6114
1314,中石化,24,0,24,台中銀-員林,2023-12-14,6114
2329,華泰,26,3,23,台中銀-員林,2023-12-14,6114
00687B,國泰20年美債,40,17,23,台中銀-員林,2023-12-14,6114
2603,長榮,22,0,22,台中銀-員林,2023-12-14,6114
1612,宏泰,20,0,20,台中銀-員林,2023-12-14,6114
2371,大同,20,0,20,台中銀-員林,2023-12-14,6114
2377,微星,21,1,20,台中銀-員林,2023-12-14,6114
8011,台通,22,2,20,台中銀-員林,2023-12-14,6114
3715,定穎投控,23,4,19,台中銀-員林,2023-12-14,6114
2481,強茂,20,1,19,台中銀-員林,2023-12-14,6114
8069,元太,21,2,19,台中銀-員林,2023-12-14,6114
3481,群創,40,22,18,台中銀-員林,2023-12-14,6114
8096,擎亞,21,3,18,台中銀-員林,2023-12-14,6114
6231,系微,29,12,17,台中銀-員林,2023-12-14,6114
1514,亞力,19,2,17,台中銀-員林,2023-12-14,6114
3390,旭軟,23,7,16,台中銀-員林,2023-12-14,6114
4915,致伸,16,0,16,台中銀-員林,2023-12-14,6114
8936,國統,18,3,15,台中銀-員林,2023-12-14,6114
3704,合勤控,16,1,15,台中銀-員林,2023-12-14,6114
6191,精成科,15,0,15,台中銀-員林,2023-12-14,6114
3622,洋華,14,0,14,台中銀-員林,2023-12-14,6114
2486,一詮,14,0,14,台中銀-員林,2023-12-14,6114
00918,大華優利高填息30,19,6,13,台中銀-員林,2023-12-14,6114
00934,中信成長高股息,13,0,13,台中銀-員林,2023-12-14,6114
2618,長榮航,15,2,13,台中銀-員林,2023-12-14,6114
4401,東隆興,13,0,13,台中銀-員林,2023-12-14,6114
00885,富邦越南,12,0,12,台中銀-員林,2023-12-14,6114
1316,上曜,12,0,12,台中銀-員林,2023-12-14,6114
4171,瑞基,12,0,12,台中銀-員林,2023-12-14,6114
3694,海華,15,4,11,台中銀-員林,2023-12-14,6114
2455,全新,11,0,11,台中銀-員林,2023-12-14,6114
2609,陽明,11,0,11,台中銀-員林,2023-12-14,6114
8046,南電,10,0,10,台中銀-員林,2023-12-14,6114
00675L,富邦臺灣加權正2,10,0,10,台中銀-員林,2023-12-14,6114
00933B,國泰10Y+金融債,10,0,10,台中銀-員林,2023-12-14,6114
00632R,元大台灣50反1,160,55,105,台中銀-員林,2023-12-15,6114
00882,中信中國高股息,99,9,90,台中銀-員林,2023-12-15,6114
1536,和大,88,0,88,台中銀-員林,2023-12-15,6114
00929,復華台灣科技優息,154,70,84,台中銀-員林,2023-12-15,6114
2331,精英,74,1,73,台中銀-員林,2023-12-15,6114
2363,矽統,202,132,70,台中銀-員林,2023-12-15,6114
00637L,元大滬深300正2,60,0,60,台中銀-員林,2023-12-15,6114
00688L,國泰20年美債正2,49,2,47,台中銀-員林,2023-12-15,6114
2356,英業達,288,246,42,台中銀-員林,2023-12-15,6114
1316,上曜,40,0,40,台中銀-員林,2023-12-15,6114
3231,緯創,52,15,37,台中銀-員林,2023-12-15,6114
2481,強茂,57,21,36,台中銀-員林,2023-12-15,6114
3362,先進光,47,13,34,台中銀-員林,2023-12-15,6114
00918,大華優利高填息30,34,1,33,台中銀-員林,2023-12-15,6114
3372,典範,30,0,30,台中銀-員林,2023-12-15,6114
2492,華新科,31,1,30,台中銀-員林,2023-12-15,6114
2605,新興,33,4,29,台中銀-員林,2023-12-15,6114
00713,元大台灣高息低波,29,0,29,台中銀-員林,2023-12-15,6114
1584,精剛,50,23,27,台中銀-員林,2023-12-15,6114
6153,嘉聯益,25,3,22,台中銀-員林,2023-12-15,6114
2634,漢翔,22,1,21,台中銀-員林,2023-12-15,6114
00673R,期元大S＆P原油反1,20,0,20,台中銀-員林,2023-12-15,6114
6233,旺玖,51,31,20,台中銀-員林,2023-12-15,6114
00931B,統一美債20年,23,5,18,台中銀-員林,2023-12-15,6114
00885,富邦越南,18,0,18,台中銀-員林,2023-12-15,6114
2723,美食-KY,16,0,16,台中銀-員林,2023-12-15,6114
2812,台中銀,18,2,16,台中銀-員林,2023-12-15,6114
00679B,元大美債20年,16,1,15,台中銀-員林,2023-12-15,6114
00751B,元大AAA至A公司債,18,3,15,台中銀-員林,2023-12-15,6114
00933B,國泰10Y+金融債,15,1,14,台中銀-員林,2023-12-15,6114
5236,凌陽創新,13,0,13,台中銀-員林,2023-12-15,6114
00888,永豐台灣ESG,13,0,13,台中銀-員林,2023-12-15,6114
3265,台星科,14,2,12,台中銀-員林,2023-12-15,6114
8096,擎亞,26,14,12,台中銀-員林,2023-12-15,6114
00919,群益台灣精選高息,177,165,12,台中銀-員林,2023-12-15,6114
2313,華通,30,18,12,台中銀-員林,2023-12-15,6114
2425,承啟,31,20,11,台中銀-員林,2023-12-15,6114
3437,榮創,23,12,11,台中銀-員林,2023-12-15,6114
6026,福邦證,20,9,11,台中銀-員林,2023-12-15,6114
1339,昭輝,10,0,10,台中銀-員林,2023-12-15,6114
3530,晶相光,10,0,10,台中銀-員林,2023-12-15,6114
6830,汎銓,10,0,10,台中銀-員林,2023-12-15,6114
2615,萬海,10,0,10,台中銀-員林,2023-12-15,6114
2352,佳世達,9,0,9,台中銀-員林,2023-12-15,6114
1513,中興電,9,0,9,台中銀-員林,2023-12-15,6114
2302,麗正,10,1,9,台中銀-員林,2023-12-15,6114
2392,正崴,11,2,9,台中銀-員林,2023-12-15,6114
2472,立隆電,19,10,9,台中銀-員林,2023-12-15,6114
2301,光寶科,11,3,8,台中銀-員林,2023-12-15,6114
5608,四維航,8,0,8,台中銀-員林,2023-12-15,6114
00680L,元大美債20正2,143,3,140,台中銀-員林,2023-12-18,6114
00712,復華富時不動產,151,43,108,台中銀-員林,2023-12-18,6114
2337,旺宏,80,0,80,台中銀-員林,2023-12-18,6114
2027,大成鋼,56,2,54,台中銀-員林,2023-12-18,6114
00919,群益台灣精選高息,136,88,48,台中銀-員林,2023-12-18,6114
2905,三商,45,0,45,台中銀-員林,2023-12-18,6114
00751B,元大AAA至A公司債,41,1,40,台中銀-員林,2023-12-18,6114
2881,富邦金,33,0,33,台中銀-員林,2023-12-18,6114
2618,長榮航,36,5,31,台中銀-員林,2023-12-18,6114
6168,宏齊,31,1,30,台中銀-員林,2023-12-18,6114
00688L,國泰20年美債正2,29,0,29,台中銀-員林,2023-12-18,6114
00637L,元大滬深300正2,77,50,27,台中銀-員林,2023-12-18,6114
3532,台勝科,27,1,26,台中銀-員林,2023-12-18,6114
00632R,元大台灣50反1,23,0,23,台中銀-員林,2023-12-18,6114
6191,精成科,22,0,22,台中銀-員林,2023-12-18,6114
00933B,國泰10Y+金融債,23,2,21,台中銀-員林,2023-12-18,6114
2641,正德,21,0,21,台中銀-員林,2023-12-18,6114
00929,復華台灣科技優息,75,55,20,台中銀-員林,2023-12-18,6114
2301,光寶科,22,3,19,台中銀-員林,2023-12-18,6114
4147,中裕,19,0,19,台中銀-員林,2023-12-18,6114
00888,永豐台灣ESG,18,0,18,台中銀-員林,2023-12-18,6114
2913,農林,52,34,18,台中銀-員林,2023-12-18,6114
6770,力積電,19,1,18,台中銀-員林,2023-12-18,6114
00918,大華優利高填息30,17,0,17,台中銀-員林,2023-12-18,6114
1905,華紙,45,28,17,台中銀-員林,2023-12-18,6114
3481,群創,20,4,16,台中銀-員林,2023-12-18,6114
2069,運錩,20,5,15,台中銀-員林,2023-12-18,6114
8097,常珵,15,0,15,台中銀-員林,2023-12-18,6114
2356,英業達,43,30,13,台中銀-員林,2023-12-18,6114
2888,新光金,20,7,13,台中銀-員林,2023-12-18,6114
3673,TPK-KY,13,0,13,台中銀-員林,2023-12-18,6114
2492,華新科,12,0,12,台中銀-員林,2023-12-18,6114
6231,系微,13,1,12,台中銀-員林,2023-12-18,6114
1314,中石化,12,0,12,台中銀-員林,2023-12-18,6114
3712,永崴投控,12,0,12,台中銀-員林,2023-12-18,6114
5258,虹堡,12,0,12,台中銀-員林,2023-12-18,6114
1795,美時,14,3,11,台中銀-員林,2023-12-18,6114
2359,所羅門,11,0,11,台中銀-員林,2023-12-18,6114
3047,訊舟,11,0,11,台中銀-員林,2023-12-18,6114
5210,寶碩,12,1,11,台中銀-員林,2023-12-18,6114
5388,中磊,11,0,11,台中銀-員林,2023-12-18,6114
6284,佳邦,13,2,11,台中銀-員林,2023-12-18,6114
00915,凱基優選高股息30,10,0,10,台中銀-員林,2023-12-18,6114
00706L,期元大S＆P日圓正2,10,0,10,台中銀-員林,2023-12-18,6114
00650L,復華香港正2,10,0,10,台中銀-員林,2023-12-18,6114
00665L,富邦�琤肭磪囓�2,10,0,10,台中銀-員林,2023-12-18,6114
3479,安勤,10,0,10,台中銀-員林,2023-12-18,6114
4123,晟德,10,0,10,台中銀-員林,2023-12-18,6114
6167,久正,10,0,10,台中銀-員林,2023-12-18,6114
2312,金寶,10,0,10,台中銀-員林,2023-12-18,6114
2329,華泰,235,7,228,台中銀-員林,2023-12-19,6114
00706L,期元大S＆P日圓正2,200,0,200,台中銀-員林,2023-12-19,6114
2609,陽明,171,88,83,台中銀-員林,2023-12-19,6114
00665L,富邦�琤肭磪囓�2,80,0,80,台中銀-員林,2023-12-19,6114
00929,復華台灣科技優息,84,15,69,台中銀-員林,2023-12-19,6114
00720B,元大投資級公司債,72,3,69,台中銀-員林,2023-12-19,6114
2337,旺宏,61,2,59,台中銀-員林,2023-12-19,6114
2515,中工,63,15,48,台中銀-員林,2023-12-19,6114
2356,英業達,50,14,36,台中銀-員林,2023-12-19,6114
00753L,中信中國50正2,35,2,33,台中銀-員林,2023-12-19,6114
2881,富邦金,32,0,32,台中銀-員林,2023-12-19,6114
1815,富喬,33,3,30,台中銀-員林,2023-12-19,6114
00919,群益台灣精選高息,61,32,29,台中銀-員林,2023-12-19,6114
00915,凱基優選高股息30,25,0,25,台中銀-員林,2023-12-19,6114
2457,飛宏,24,0,24,台中銀-員林,2023-12-19,6114
00934,中信成長高股息,22,0,22,台中銀-員林,2023-12-19,6114
3231,緯創,50,32,18,台中銀-員林,2023-12-19,6114
2618,長榮航,20,2,18,台中銀-員林,2023-12-19,6114
00937B,群益ESG投等債20,18,1,17,台中銀-員林,2023-12-19,6114
1905,華紙,20,3,17,台中銀-員林,2023-12-19,6114
2201,裕隆,17,0,17,台中銀-員林,2023-12-19,6114
2106,建大,16,0,16,台中銀-員林,2023-12-19,6114
2492,華新科,14,0,14,台中銀-員林,2023-12-19,6114
6156,松上,14,0,14,台中銀-員林,2023-12-19,6114
6770,力積電,14,0,14,台中銀-員林,2023-12-19,6114
00688L,國泰20年美債正2,38,25,13,台中銀-員林,2023-12-19,6114
0056,元大高股息,13,0,13,台中銀-員林,2023-12-19,6114
00888,永豐台灣ESG,12,0,12,台中銀-員林,2023-12-19,6114
2022,聚亨,12,0,12,台中銀-員林,2023-12-19,6114
2449,京元電子,11,0,11,台中銀-員林,2023-12-19,6114
3515,華擎,11,0,11,台中銀-員林,2023-12-19,6114
2033,佳大,11,0,11,台中銀-員林,2023-12-19,6114
2402,毅嘉,12,2,10,台中銀-員林,2023-12-19,6114
00680L,元大美債20正2,32,22,10,台中銀-員林,2023-12-19,6114
2230,泰茂,10,0,10,台中銀-員林,2023-12-19,6114
2340,台亞,10,0,10,台中銀-員林,2023-12-19,6114
2884,玉山金,10,0,10,台中銀-員林,2023-12-19,6114
3078,僑威,10,0,10,台中銀-員林,2023-12-19,6114
6116,彩晶,10,0,10,台中銀-員林,2023-12-19,6114
5469,瀚宇博,10,1,9,台中銀-員林,2023-12-19,6114
2482,連宇,10,1,9,台中銀-員林,2023-12-19,6114
3019,亞光,10,1,9,台中銀-員林,2023-12-19,6114
3607,谷崧,11,2,9,台中銀-員林,2023-12-19,6114
5347,世界,12,3,9,台中銀-員林,2023-12-19,6114
6188,廣明,13,4,9,台中銀-員林,2023-12-19,6114
8070,長華*,9,0,9,台中銀-員林,2023-12-19,6114
00878,國泰永續高股息,13,4,9,台中銀-員林,2023-12-19,6114
00650L,復華香港正2,8,0,8,台中銀-員林,2023-12-19,6114
2610,華航,20,12,8,台中銀-員林,2023-12-19,6114
2641,正德,8,0,8,台中銀-員林,2023-12-19,6114
2801,彰銀,92,0,92,台中銀-員林,2023-12-20,6114
2883,凱基金,82,6,76,台中銀-員林,2023-12-20,6114
1605,華新,70,4,66,台中銀-員林,2023-12-20,6114
1815,富喬,82,23,59,台中銀-員林,2023-12-20,6114
2867,三商壽,60,5,55,台中銀-員林,2023-12-20,6114
00935,野村臺灣新科技50,50,0,50,台中銀-員林,2023-12-20,6114
2007,燁興,58,8,50,台中銀-員林,2023-12-20,6114
2344,華邦電,101,52,49,台中銀-員林,2023-12-20,6114
00919,群益台灣精選高息,47,1,46,台中銀-員林,2023-12-20,6114
2356,英業達,128,84,44,台中銀-員林,2023-12-20,6114
00929,復華台灣科技優息,38,1,37,台中銀-員林,2023-12-20,6114
2516,新建,40,3,37,台中銀-員林,2023-12-20,6114
5469,瀚宇博,35,0,35,台中銀-員林,2023-12-20,6114
2882,國泰金,30,0,30,台中銀-員林,2023-12-20,6114
2408,南亞科,35,5,30,台中銀-員林,2023-12-20,6114
2023,燁輝,39,9,30,台中銀-員林,2023-12-20,6114
2504,國產,30,4,26,台中銀-員林,2023-12-20,6114
2618,長榮航,26,1,25,台中銀-員林,2023-12-20,6114
00680L,元大美債20正2,29,6,23,台中銀-員林,2023-12-20,6114
2515,中工,57,36,21,台中銀-員林,2023-12-20,6114
00632R,元大台灣50反1,20,0,20,台中銀-員林,2023-12-20,6114
3704,合勤控,20,2,18,台中銀-員林,2023-12-20,6114
1905,華紙,22,7,15,台中銀-員林,2023-12-20,6114
2365,昆盈,15,0,15,台中銀-員林,2023-12-20,6114
2834,臺企銀,15,0,15,台中銀-員林,2023-12-20,6114
3479,安勤,14,0,14,台中銀-員林,2023-12-20,6114
2388,威盛,19,6,13,台中銀-員林,2023-12-20,6114
00937B,群益ESG投等債20,15,2,13,台中銀-員林,2023-12-20,6114
00720B,元大投資級公司債,12,0,12,台中銀-員林,2023-12-20,6114
2913,農林,12,0,12,台中銀-員林,2023-12-20,6114
6231,系微,18,6,12,台中銀-員林,2023-12-20,6114
2317,鴻海,25,14,11,台中銀-員林,2023-12-20,6114
4167,松瑞藥,12,1,11,台中銀-員林,2023-12-20,6114
6182,合晶,11,0,11,台中銀-員林,2023-12-20,6114
8096,擎亞,11,0,11,台中銀-員林,2023-12-20,6114
3035,智原,13,3,10,台中銀-員林,2023-12-20,6114
00830,國泰費城半導體,10,0,10,台中銀-員林,2023-12-20,6114
1616,億泰,10,0,10,台中銀-員林,2023-12-20,6114
2891,中信金,10,0,10,台中銀-員林,2023-12-20,6114
3049,精金,10,0,10,台中銀-員林,2023-12-20,6114
8085,福華,14,4,10,台中銀-員林,2023-12-20,6114
9105,泰金寶-DR,20,10,10,台中銀-員林,2023-12-20,6114
2362,藍天,10,0,10,台中銀-員林,2023-12-20,6114
1612,宏泰,11,1,10,台中銀-員林,2023-12-20,6114
2014,中鴻,19,9,10,台中銀-員林,2023-12-20,6114
1513,中興電,9,0,9,台中銀-員林,2023-12-20,6114
2313,華通,12,3,9,台中銀-員林,2023-12-20,6114
2425,承啟,11,2,9,台中銀-員林,2023-12-20,6114
00687B,國泰20年美債,10,1,9,台中銀-員林,2023-12-20,6114
2032,新鋼,11,3,8,台中銀-員林,2023-12-20,6114
00919,群益台灣精選高息,88,10,78,台中銀-員林,2023-12-21,6114
00665L,富邦�琤肭磪囓�2,70,0,70,台中銀-員林,2023-12-21,6114
00937B,群益ESG投等債20,61,8,53,台中銀-員林,2023-12-21,6114
2888,新光金,53,0,53,台中銀-員林,2023-12-21,6114
9105,泰金寶-DR,48,3,45,台中銀-員林,2023-12-21,6114
2331,精英,58,14,44,台中銀-員林,2023-12-21,6114
1314,中石化,43,0,43,台中銀-員林,2023-12-21,6114
2031,新光鋼,43,7,36,台中銀-員林,2023-12-21,6114
2353,宏��,48,12,36,台中銀-員林,2023-12-21,6114
2618,長榮航,31,0,31,台中銀-員林,2023-12-21,6114
5469,瀚宇博,30,0,30,台中銀-員林,2023-12-21,6114
00929,復華台灣科技優息,38,14,24,台中銀-員林,2023-12-21,6114
2317,鴻海,27,3,24,台中銀-員林,2023-12-21,6114
2324,仁寶,44,23,21,台中銀-員林,2023-12-21,6114
00878,國泰永續高股息,20,0,20,台中銀-員林,2023-12-21,6114
00680L,元大美債20正2,20,0,20,台中銀-員林,2023-12-21,6114
6116,彩晶,20,0,20,台中銀-員林,2023-12-21,6114
2812,台中銀,21,2,19,台中銀-員林,2023-12-21,6114
00933B,國泰10Y+金融債,28,10,18,台中銀-員林,2023-12-21,6114
00679B,元大美債20年,39,21,18,台中銀-員林,2023-12-21,6114
2337,旺宏,17,0,17,台中銀-員林,2023-12-21,6114
3704,合勤控,17,0,17,台中銀-員林,2023-12-21,6114
2515,中工,63,46,17,台中銀-員林,2023-12-21,6114
2606,裕民,22,7,15,台中銀-員林,2023-12-21,6114
00751B,元大AAA至A公司債,14,0,14,台中銀-員林,2023-12-21,6114
2201,裕隆,14,0,14,台中銀-員林,2023-12-21,6114
2303,聯電,29,15,14,台中銀-員林,2023-12-21,6114
6233,旺玖,28,14,14,台中銀-員林,2023-12-21,6114
00934,中信成長高股息,11,0,11,台中銀-員林,2023-12-21,6114
3035,智原,11,0,11,台中銀-員林,2023-12-21,6114
1455,集盛,11,0,11,台中銀-員林,2023-12-21,6114
1732,毛寶,16,5,11,台中銀-員林,2023-12-21,6114
2312,金寶,11,0,11,台中銀-員林,2023-12-21,6114
3362,先進光,20,9,11,台中銀-員林,2023-12-21,6114
00706L,期元大S＆P日圓正2,10,0,10,台中銀-員林,2023-12-21,6114
1907,永豐餘,10,0,10,台中銀-員林,2023-12-21,6114
6120,達運,10,0,10,台中銀-員林,2023-12-21,6114
1316,上曜,9,0,9,台中銀-員林,2023-12-21,6114
2634,漢翔,40,31,9,台中銀-員林,2023-12-21,6114
00896,中信綠能及電動車,8,0,8,台中銀-員林,2023-12-21,6114
6285,啟��,11,3,8,台中銀-員林,2023-12-21,6114
6547,高端疫苗,8,0,8,台中銀-員林,2023-12-21,6114
8054,安國,13,6,7,台中銀-員林,2023-12-21,6114
4402,郡都開發,8,1,7,台中銀-員林,2023-12-21,6114
00712,復華富時不動產,17,10,7,台中銀-員林,2023-12-21,6114
5425,台半,8,1,7,台中銀-員林,2023-12-21,6114
8110,華東,10,3,7,台中銀-員林,2023-12-21,6114
2356,英業達,33,26,7,台中銀-員林,2023-12-21,6114
00772B,中信高評級公司債,6,0,6,台中銀-員林,2023-12-21,6114
2365,昆盈,11,5,6,台中銀-員林,2023-12-21,6114
1101,台泥,201,1,200,台中銀-員林,2023-12-22,6114
2387,精元,104,0,104,台中銀-員林,2023-12-22,6114
2356,英業達,118,17,101,台中銀-員林,2023-12-22,6114
2506,太設,70,4,66,台中銀-員林,2023-12-22,6114
2353,宏��,75,21,54,台中銀-員林,2023-12-22,6114
00922,國泰台灣領袖50,50,0,50,台中銀-員林,2023-12-22,6114
00680L,元大美債20正2,48,10,38,台中銀-員林,2023-12-22,6114
2105,正新,38,0,38,台中銀-員林,2023-12-22,6114
00753L,中信中國50正2,58,25,33,台中銀-員林,2023-12-22,6114
2365,昆盈,31,0,31,台中銀-員林,2023-12-22,6114
1605,華新,32,2,30,台中銀-員林,2023-12-22,6114
00720B,元大投資級公司債,27,0,27,台中銀-員林,2023-12-22,6114
6276,安鈦克,27,0,27,台中銀-員林,2023-12-22,6114
00934,中信成長高股息,25,0,25,台中銀-員林,2023-12-22,6114
1815,富喬,25,0,25,台中銀-員林,2023-12-22,6114
00687B,國泰20年美債,27,3,24,台中銀-員林,2023-12-22,6114
00919,群益台灣精選高息,25,3,22,台中銀-員林,2023-12-22,6114
5009,榮剛,31,10,21,台中銀-員林,2023-12-22,6114
00665L,富邦�琤肭磪囓�2,80,60,20,台中銀-員林,2023-12-22,6114
2543,皇昌,31,11,20,台中銀-員林,2023-12-22,6114
6168,宏齊,20,0,20,台中銀-員林,2023-12-22,6114
1210,大成,17,0,17,台中銀-員林,2023-12-22,6114
2882,國泰金,17,0,17,台中銀-員林,2023-12-22,6114
3346,麗清,34,17,17,台中銀-員林,2023-12-22,6114
9910,豐泰,16,0,16,台中銀-員林,2023-12-22,6114
00929,復華台灣科技優息,16,0,16,台中銀-員林,2023-12-22,6114
00688L,國泰20年美債正2,16,0,16,台中銀-員林,2023-12-22,6114
2014,中鴻,16,1,15,台中銀-員林,2023-12-22,6114
2201,裕隆,15,0,15,台中銀-員林,2023-12-22,6114
2408,南亞科,24,11,13,台中銀-員林,2023-12-22,6114
2605,新興,13,0,13,台中銀-員林,2023-12-22,6114
8277,商丞,13,0,13,台中銀-員林,2023-12-22,6114
1316,上曜,14,3,11,台中銀-員林,2023-12-22,6114
00918,大華優利高填息30,11,0,11,台中銀-員林,2023-12-22,6114
3260,威剛,13,2,11,台中銀-員林,2023-12-22,6114
3609,三一東林,12,1,11,台中銀-員林,2023-12-22,6114
2515,中工,16,6,10,台中銀-員林,2023-12-22,6114
2801,彰銀,10,0,10,台中銀-員林,2023-12-22,6114
3357,臺慶科,30,20,10,台中銀-員林,2023-12-22,6114
4915,致伸,14,4,10,台中銀-員林,2023-12-22,6114
5355,佳總,10,0,10,台中銀-員林,2023-12-22,6114
8996,高力,10,0,10,台中銀-員林,2023-12-22,6114
1201,味全,9,0,9,台中銀-員林,2023-12-22,6114
1513,中興電,9,0,9,台中銀-員林,2023-12-22,6114
4931,新盛力,8,0,8,台中銀-員林,2023-12-22,6114
6547,高端疫苗,8,0,8,台中銀-員林,2023-12-22,6114
8112,至上,8,0,8,台中銀-員林,2023-12-22,6114
3051,力特,10,3,7,台中銀-員林,2023-12-22,6114
00885,富邦越南,6,0,6,台中銀-員林,2023-12-22,6114
6005,群益證,6,0,6,台中銀-員林,2023-12-22,6114
00919,群益台灣精選高息,77,0,77,台中銀-員林,2023-12-25,6114
00688L,國泰20年美債正2,72,0,72,台中銀-員林,2023-12-25,6114
5521,工信,63,1,62,台中銀-員林,2023-12-25,6114
9935,慶豐富,50,0,50,台中銀-員林,2023-12-25,6114
2324,仁寶,62,20,42,台中銀-員林,2023-12-25,6114
1605,華新,52,21,31,台中銀-員林,2023-12-25,6114
6550,北極星藥業-KY,36,8,28,台中銀-員林,2023-12-25,6114
00679B,元大美債20年,26,0,26,台中銀-員林,2023-12-25,6114
6140,訊達,34,9,25,台中銀-員林,2023-12-25,6114
6168,宏齊,25,0,25,台中銀-員林,2023-12-25,6114
3362,先進光,30,7,23,台中銀-員林,2023-12-25,6114
2371,大同,22,0,22,台中銀-員林,2023-12-25,6114
6290,良維,21,0,21,台中銀-員林,2023-12-25,6114
2344,華邦電,23,2,21,台中銀-員林,2023-12-25,6114
2387,精元,19,0,19,台中銀-員林,2023-12-25,6114
2405,輔信,32,15,17,台中銀-員林,2023-12-25,6114
8088,品安,63,46,17,台中銀-員林,2023-12-25,6114
2105,正新,15,0,15,台中銀-員林,2023-12-25,6114
3504,揚明光,15,0,15,台中銀-員林,2023-12-25,6114
5215,科嘉-KY,15,0,15,台中銀-員林,2023-12-25,6114
6117,迎廣,28,13,15,台中銀-員林,2023-12-25,6114
6233,旺玖,26,11,15,台中銀-員林,2023-12-25,6114
2801,彰銀,14,1,13,台中銀-員林,2023-12-25,6114
6219,富旺,13,0,13,台中銀-員林,2023-12-25,6114
3051,力特,13,1,12,台中銀-員林,2023-12-25,6114
5469,瀚宇博,12,0,12,台中銀-員林,2023-12-25,6114
3479,安勤,16,5,11,台中銀-員林,2023-12-25,6114
3704,合勤控,11,0,11,台中銀-員林,2023-12-25,6114
5210,寶碩,11,0,11,台中銀-員林,2023-12-25,6114
6191,精成科,11,0,11,台中銀-員林,2023-12-25,6114
6284,佳邦,15,4,11,台中銀-員林,2023-12-25,6114
00637L,元大滬深300正2,10,0,10,台中銀-員林,2023-12-25,6114
1609,大亞,10,0,10,台中銀-員林,2023-12-25,6114
3105,穩懋,10,0,10,台中銀-員林,2023-12-25,6114
2032,新鋼,17,8,9,台中銀-員林,2023-12-25,6114
2313,華通,10,1,9,台中銀-員林,2023-12-25,6114
4123,晟德,9,0,9,台中銀-員林,2023-12-25,6114
4931,新盛力,9,0,9,台中銀-員林,2023-12-25,6114
2023,燁輝,9,0,9,台中銀-員林,2023-12-25,6114
00751B,元大AAA至A公司債,8,0,8,台中銀-員林,2023-12-25,6114
2614,東森,8,0,8,台中銀-員林,2023-12-25,6114
5515,建國,8,0,8,台中銀-員林,2023-12-25,6114
6285,啟��,8,0,8,台中銀-員林,2023-12-25,6114
2637,慧洋-KY,8,1,7,台中銀-員林,2023-12-25,6114
00687B,國泰20年美債,8,1,7,台中銀-員林,2023-12-25,6114
5425,台半,8,1,7,台中銀-員林,2023-12-25,6114
00720B,元大投資級公司債,7,0,7,台中銀-員林,2023-12-25,6114
00680L,元大美債20正2,7,0,7,台中銀-員林,2023-12-25,6114
00715L,期街口布蘭特正2,24,17,7,台中銀-員林,2023-12-25,6114
3305,昇貿,14,7,7,台中銀-員林,2023-12-25,6114
4167,松瑞藥,151,0,151,台中銀-員林,2023-12-26,6114
00929,復華台灣科技優息,123,27,96,台中銀-員林,2023-12-26,6114
00878,國泰永續高股息,100,36,64,台中銀-員林,2023-12-26,6114
2443,昶虹,50,0,50,台中銀-員林,2023-12-26,6114
2609,陽明,111,80,31,台中銀-員林,2023-12-26,6114
00688L,國泰20年美債正2,30,0,30,台中銀-員林,2023-12-26,6114
3019,亞光,24,0,24,台中銀-員林,2023-12-26,6114
2388,威盛,21,4,17,台中銀-員林,2023-12-26,6114
2031,新光鋼,20,3,17,台中銀-員林,2023-12-26,6114
2356,英業達,43,27,16,台中銀-員林,2023-12-26,6114
2888,新光金,16,0,16,台中銀-員林,2023-12-26,6114
00632R,元大台灣50反1,13,0,13,台中銀-員林,2023-12-26,6114
00715L,期街口布蘭特正2,12,0,12,台中銀-員林,2023-12-26,6114
2201,裕隆,12,0,12,台中銀-員林,2023-12-26,6114
2610,華航,18,6,12,台中銀-員林,2023-12-26,6114
6290,良維,17,5,12,台中銀-員林,2023-12-26,6114
8936,國統,15,3,12,台中銀-員林,2023-12-26,6114
2421,建準,15,3,12,台中銀-員林,2023-12-26,6114
00919,群益台灣精選高息,11,0,11,台中銀-員林,2023-12-26,6114
6533,晶心科,12,1,11,台中銀-員林,2023-12-26,6114
2387,精元,11,0,11,台中銀-員林,2023-12-26,6114
00937B,群益ESG投等債20,19,9,10,台中銀-員林,2023-12-26,6114
00675L,富邦臺灣加權正2,10,0,10,台中銀-員林,2023-12-26,6114
00892,富邦台灣半導體,10,0,10,台中銀-員林,2023-12-26,6114
1503,士電,10,0,10,台中銀-員林,2023-12-26,6114
2867,三商壽,10,0,10,台中銀-員林,2023-12-26,6114
3479,安勤,10,0,10,台中銀-員林,2023-12-26,6114
8097,常珵,10,0,10,台中銀-員林,2023-12-26,6114
6756,威鋒電子,23,14,9,台中銀-員林,2023-12-26,6114
2382,廣達,12,4,8,台中銀-員林,2023-12-26,6114
3521,鴻翊,8,0,8,台中銀-員林,2023-12-26,6114
6116,彩晶,14,6,8,台中銀-員林,2023-12-26,6114
2014,中鴻,18,11,7,台中銀-員林,2023-12-26,6114
6482,弘煜科,7,0,7,台中銀-員林,2023-12-26,6114
911868,同方友友-DR,7,0,7,台中銀-員林,2023-12-26,6114
2601,益航,6,0,6,台中銀-員林,2023-12-26,6114
4121,優盛,6,0,6,台中銀-員林,2023-12-26,6114
4931,新盛力,6,0,6,台中銀-員林,2023-12-26,6114
8426,紅木-KY,9,3,6,台中銀-員林,2023-12-26,6114
00720B,元大投資級公司債,7,1,6,台中銀-員林,2023-12-26,6114
2377,微星,12,7,5,台中銀-員林,2023-12-26,6114
3362,先進光,7,2,5,台中銀-員林,2023-12-26,6114
00885,富邦越南,5,0,5,台中銀-員林,2023-12-26,6114
1218,泰山,5,0,5,台中銀-員林,2023-12-26,6114
2007,燁興,5,0,5,台中銀-員林,2023-12-26,6114
3128,昇銳,5,0,5,台中銀-員林,2023-12-26,6114
3545,敦泰,5,0,5,台中銀-員林,2023-12-26,6114
5009,榮剛,7,2,5,台中銀-員林,2023-12-26,6114
1513,中興電,4,0,4,台中銀-員林,2023-12-26,6114
2618,長榮航,4,0,4,台中銀-員林,2023-12-26,6114
00937B,群益ESG投等債20,98,30,68,台中銀-員林,2023-12-27,6114
1802,台玻,120,61,59,台中銀-員林,2023-12-27,6114
00632R,元大台灣50反1,45,0,45,台中銀-員林,2023-12-27,6114
3437,榮創,47,3,44,台中銀-員林,2023-12-27,6114
2365,昆盈,35,1,34,台中銀-員林,2023-12-27,6114
5426,振發,33,0,33,台中銀-員林,2023-12-27,6114
00688L,國泰20年美債正2,32,0,32,台中銀-員林,2023-12-27,6114
00687B,國泰20年美債,27,0,27,台中銀-員林,2023-12-27,6114
00922,國泰台灣領袖50,27,1,26,台中銀-員林,2023-12-27,6114
2353,宏��,122,98,24,台中銀-員林,2023-12-27,6114
3338,泰碩,25,2,23,台中銀-員林,2023-12-27,6114
00713,元大台灣高息低波,22,0,22,台中銀-員林,2023-12-27,6114
2610,華航,19,0,19,台中銀-員林,2023-12-27,6114
2023,燁輝,17,0,17,台中銀-員林,2023-12-27,6114
00751B,元大AAA至A公司債,15,0,15,台中銀-員林,2023-12-27,6114
2371,大同,14,0,14,台中銀-員林,2023-12-27,6114
6435,大中,13,0,13,台中銀-員林,2023-12-27,6114
2355,敬鵬,32,20,12,台中銀-員林,2023-12-27,6114
6116,彩晶,11,0,11,台中銀-員林,2023-12-27,6114
2812,台中銀,11,0,11,台中銀-員林,2023-12-27,6114
3362,先進光,11,1,10,台中銀-員林,2023-12-27,6114
00885,富邦越南,10,0,10,台中銀-員林,2023-12-27,6114
2347,聯強,10,0,10,台中銀-員林,2023-12-27,6114
3703,欣陸,10,0,10,台中銀-員林,2023-12-27,6114
9105,泰金寶-DR,10,0,10,台中銀-員林,2023-12-27,6114
3548,兆利,10,1,9,台中銀-員林,2023-12-27,6114
2636,台驊控股,10,1,9,台中銀-員林,2023-12-27,6114
6233,旺玖,50,41,9,台中銀-員林,2023-12-27,6114
6270,倍微,27,18,9,台中銀-員林,2023-12-27,6114
8105,凌巨,8,0,8,台中銀-員林,2023-12-27,6114
2405,輔信,31,23,8,台中銀-員林,2023-12-27,6114
1760,寶齡富錦,8,0,8,台中銀-員林,2023-12-27,6114
00753L,中信中國50正2,17,10,7,台中銀-員林,2023-12-27,6114
1701,中化,7,0,7,台中銀-員林,2023-12-27,6114
2374,佳能,12,5,7,台中銀-員林,2023-12-27,6114
8114,振樺電,8,1,7,台中銀-員林,2023-12-27,6114
3532,台勝科,21,14,7,台中銀-員林,2023-12-27,6114
8112,至上,11,4,7,台中銀-員林,2023-12-27,6114
8050,廣積,11,5,6,台中銀-員林,2023-12-27,6114
2313,華通,7,1,6,台中銀-員林,2023-12-27,6114
1210,大成,6,0,6,台中銀-員林,2023-12-27,6114
3545,敦泰,10,4,6,台中銀-員林,2023-12-27,6114
5344,立衛,6,0,6,台中銀-員林,2023-12-27,6114
6492,生華科,6,0,6,台中銀-員林,2023-12-27,6114
8936,國統,37,31,6,台中銀-員林,2023-12-27,6114
2605,新興,8,3,5,台中銀-員林,2023-12-27,6114
5425,台半,6,1,5,台中銀-員林,2023-12-27,6114
00897,富邦基因免疫生技,5,0,5,台中銀-員林,2023-12-27,6114
2323,中環,5,0,5,台中銀-員林,2023-12-27,6114
2401,凌陽,7,2,5,台中銀-員林,2023-12-27,6114
2888,新光金,154,1,153,台中銀-員林,2023-12-28,6114
00937B,群益ESG投等債20,86,0,86,台中銀-員林,2023-12-28,6114
1605,華新,52,8,44,台中銀-員林,2023-12-28,6114
00919,群益台灣精選高息,40,0,40,台中銀-員林,2023-12-28,6114
2355,敬鵬,41,1,40,台中銀-員林,2023-12-28,6114
3437,榮創,38,0,38,台中銀-員林,2023-12-28,6114
00751B,元大AAA至A公司債,27,0,27,台中銀-員林,2023-12-28,6114
00885,富邦越南,25,0,25,台中銀-員林,2023-12-28,6114
00922,國泰台灣領袖50,25,0,25,台中銀-員林,2023-12-28,6114
6186,新潤,25,0,25,台中銀-員林,2023-12-28,6114
00929,復華台灣科技優息,135,110,25,台中銀-員林,2023-12-28,6114
3338,泰碩,36,13,23,台中銀-員林,2023-12-28,6114
2618,長榮航,22,0,22,台中銀-員林,2023-12-28,6114
6104,創惟,22,0,22,台中銀-員林,2023-12-28,6114
2331,精英,60,40,20,台中銀-員林,2023-12-28,6114
5603,陸海,20,0,20,台中銀-員林,2023-12-28,6114
2324,仁寶,641,622,19,台中銀-員林,2023-12-28,6114
2609,陽明,37,19,18,台中銀-員林,2023-12-28,6114
2405,輔信,19,1,18,台中銀-員林,2023-12-28,6114
2881,富邦金,20,2,18,台中銀-員林,2023-12-28,6114
6188,廣明,35,18,17,台中銀-員林,2023-12-28,6114
1618,合機,22,5,17,台中銀-員林,2023-12-28,6114
2014,中鴻,16,0,16,台中銀-員林,2023-12-28,6114
5426,振發,15,0,15,台中銀-員林,2023-12-28,6114
6485,點序,13,0,13,台中銀-員林,2023-12-28,6114
8034,榮群,13,0,13,台中銀-員林,2023-12-28,6114
1514,亞力,35,23,12,台中銀-員林,2023-12-28,6114
3362,先進光,12,0,12,台中銀-員林,2023-12-28,6114
00752,中信中國50,11,0,11,台中銀-員林,2023-12-28,6114
00650L,復華香港正2,11,0,11,台中銀-員林,2023-12-28,6114
3178,公準,11,0,11,台中銀-員林,2023-12-28,6114
2428,興勤,17,6,11,台中銀-員林,2023-12-28,6114
3530,晶相光,10,0,10,台中銀-員林,2023-12-28,6114
4306,炎洲,10,0,10,台中銀-員林,2023-12-28,6114
5355,佳總,10,0,10,台中銀-員林,2023-12-28,6114
6770,力積電,11,1,10,台中銀-員林,2023-12-28,6114
1513,中興電,13,4,9,台中銀-員林,2023-12-28,6114
2002,中鋼,11,2,9,台中銀-員林,2023-12-28,6114
2610,華航,11,2,9,台中銀-員林,2023-12-28,6114
00700,富邦�琤肭磪�,9,0,9,台中銀-員林,2023-12-28,6114
00642U,期元大S＆P石油,9,0,9,台中銀-員林,2023-12-28,6114
2365,昆盈,13,4,9,台中銀-員林,2023-12-28,6114
9935,慶豐富,9,0,9,台中銀-員林,2023-12-28,6114
3035,智原,12,3,9,台中銀-員林,2023-12-28,6114
3376,新日興,19,12,7,台中銀-員林,2023-12-28,6114
0056,元大高股息,13,7,6,台中銀-員林,2023-12-28,6114
2603,長榮,17,11,6,台中銀-員林,2023-12-28,6114
3231,緯創,53,47,6,台中銀-員林,2023-12-28,6114
4938,和碩,7,1,6,台中銀-員林,2023-12-28,6114
1474,弘裕,6,0,6,台中銀-員林,2023-12-28,6114
2337,旺宏,256,5,251,台中銀-員林,2023-12-29,6114
2324,仁寶,284,73,211,台中銀-員林,2023-12-29,6114
00937B,群益ESG投等債20,147,0,147,台中銀-員林,2023-12-29,6114
2515,中工,166,19,147,台中銀-員林,2023-12-29,6114
00715L,期街口布蘭特正2,130,21,109,台中銀-員林,2023-12-29,6114
00712,復華富時不動產,87,0,87,台中銀-員林,2023-12-29,6114
00919,群益台灣精選高息,76,10,66,台中銀-員林,2023-12-29,6114
00680L,元大美債20正2,57,0,57,台中銀-員林,2023-12-29,6114
1605,華新,56,0,56,台中銀-員林,2023-12-29,6114
00632R,元大台灣50反1,40,0,40,台中銀-員林,2023-12-29,6114
2303,聯電,44,8,36,台中銀-員林,2023-12-29,6114
5521,工信,80,47,33,台中銀-員林,2023-12-29,6114
2486,一詮,60,28,32,台中銀-員林,2023-12-29,6114
1802,台玻,30,0,30,台中銀-員林,2023-12-29,6114
2881,富邦金,30,0,30,台中銀-員林,2023-12-29,6114
2353,宏��,108,81,27,台中銀-員林,2023-12-29,6114
2014,中鴻,26,0,26,台中銀-員林,2023-12-29,6114
1101,台泥,22,0,22,台中銀-員林,2023-12-29,6114
6186,新潤,20,0,20,台中銀-員林,2023-12-29,6114
6111,大宇資,19,0,19,台中銀-員林,2023-12-29,6114
2609,陽明,36,18,18,台中銀-員林,2023-12-29,6114
2006,東和鋼鐵,17,0,17,台中銀-員林,2023-12-29,6114
2405,輔信,34,17,17,台中銀-員林,2023-12-29,6114
00933B,國泰10Y+金融債,16,0,16,台中銀-員林,2023-12-29,6114
00650L,復華香港正2,15,0,15,台中銀-員林,2023-12-29,6114
1514,亞力,78,63,15,台中銀-員林,2023-12-29,6114
2880,華南金,20,5,15,台中銀-員林,2023-12-29,6114
6233,旺玖,14,1,13,台中銀-員林,2023-12-29,6114
1513,中興電,12,0,12,台中銀-員林,2023-12-29,6114
2610,華航,14,2,12,台中銀-員林,2023-12-29,6114
2603,長榮,11,0,11,台中銀-員林,2023-12-29,6114
00753L,中信中國50正2,24,13,11,台中銀-員林,2023-12-29,6114
2027,大成鋼,11,0,11,台中銀-員林,2023-12-29,6114
2812,台中銀,11,1,10,台中銀-員林,2023-12-29,6114
1210,大成,23,13,10,台中銀-員林,2023-12-29,6114
2031,新光鋼,10,0,10,台中銀-員林,2023-12-29,6114
2601,益航,10,0,10,台中銀-員林,2023-12-29,6114
2706,第一店,10,0,10,台中銀-員林,2023-12-29,6114
3033,威健,10,0,10,台中銀-員林,2023-12-29,6114
8097,常珵,10,0,10,台中銀-員林,2023-12-29,6114
3260,威剛,15,6,9,台中銀-員林,2023-12-29,6114
3189,景碩,10,1,9,台中銀-員林,2023-12-29,6114
00878,國泰永續高股息,9,0,9,台中銀-員林,2023-12-29,6114
5469,瀚宇博,9,0,9,台中銀-員林,2023-12-29,6114
6270,倍微,9,0,9,台中銀-員林,2023-12-29,6114
2323,中環,8,0,8,台中銀-員林,2023-12-29,6114
00637L,元大滬深300正2,7,0,7,台中銀-員林,2023-12-29,6114
00679B,元大美債20年,7,0,7,台中銀-員林,2023-12-29,6114
5210,寶碩,7,0,7,台中銀-員林,2023-12-29,6114
6187,萬潤,7,0,7,台中銀-員林,2023-12-29,6114
2371,大同,102,1,101,台中銀-員林,2024-01-02,6114
00929,復華台灣科技優息,94,1,93,台中銀-員林,2024-01-02,6114
00937B,群益ESG投等債20,81,6,75,台中銀-員林,2024-01-02,6114
00665L,富邦�琤肭磪囓�2,75,5,70,台中銀-員林,2024-01-02,6114
00919,群益台灣精選高息,73,6,67,台中銀-員林,2024-01-02,6114
2344,華邦電,69,5,64,台中銀-員林,2024-01-02,6114
3231,緯創,62,9,53,台中銀-員林,2024-01-02,6114
2641,正德,44,0,44,台中銀-員林,2024-01-02,6114
00680L,元大美債20正2,64,25,39,台中銀-員林,2024-01-02,6114
2353,宏��,164,126,38,台中銀-員林,2024-01-02,6114
00712,復華富時不動產,37,0,37,台中銀-員林,2024-01-02,6114
00688L,國泰20年美債正2,32,0,32,台中銀-員林,2024-01-02,6114
00687B,國泰20年美債,33,1,32,台中銀-員林,2024-01-02,6114
1101,台泥,27,0,27,台中銀-員林,2024-01-02,6114
00696B,富邦美債20年,26,0,26,台中銀-員林,2024-01-02,6114
00715L,期街口布蘭特正2,36,11,25,台中銀-員林,2024-01-02,6114
2356,英業達,38,15,23,台中銀-員林,2024-01-02,6114
2882,國泰金,23,0,23,台中銀-員林,2024-01-02,6114
6770,力積電,22,0,22,台中銀-員林,2024-01-02,6114
6290,良維,22,1,21,台中銀-員林,2024-01-02,6114
2609,陽明,69,48,21,台中銀-員林,2024-01-02,6114
6015,宏遠證,20,0,20,台中銀-員林,2024-01-02,6114
3047,訊舟,21,2,19,台中銀-員林,2024-01-02,6114
2352,佳世達,19,0,19,台中銀-員林,2024-01-02,6114
3189,景碩,17,0,17,台中銀-員林,2024-01-02,6114
6438,迅得,15,0,15,台中銀-員林,2024-01-02,6114
5425,台半,14,0,14,台中銀-員林,2024-01-02,6114
00636,國泰中國A50,14,0,14,台中銀-員林,2024-01-02,6114
2615,萬海,15,1,14,台中銀-員林,2024-01-02,6114
5511,德昌,14,0,14,台中銀-員林,2024-01-02,6114
00751B,元大AAA至A公司債,13,0,13,台中銀-員林,2024-01-02,6114
00772B,中信高評級公司債,13,0,13,台中銀-員林,2024-01-02,6114
2382,廣達,24,11,13,台中銀-員林,2024-01-02,6114
2449,京元電子,14,1,13,台中銀-員林,2024-01-02,6114
3588,通嘉,14,2,12,台中銀-員林,2024-01-02,6114
00934,中信成長高股息,11,0,11,台中銀-員林,2024-01-02,6114
00679B,元大美債20年,16,6,10,台中銀-員林,2024-01-02,6114
2888,新光金,10,0,10,台中銀-員林,2024-01-02,6114
4961,天鈺,10,0,10,台中銀-員林,2024-01-02,6114
00903,富邦元宇宙,10,0,10,台中銀-員林,2024-01-02,6114
2331,精英,30,20,10,台中銀-員林,2024-01-02,6114
6026,福邦證,10,0,10,台中銀-員林,2024-01-02,6114
8064,東捷,10,0,10,台中銀-員林,2024-01-02,6114
8110,華東,10,0,10,台中銀-員林,2024-01-02,6114
8933,愛地雅,10,0,10,台中銀-員林,2024-01-02,6114
9917,中保科,10,0,10,台中銀-員林,2024-01-02,6114
2915,潤泰全,10,0,10,台中銀-員林,2024-01-02,6114
2301,光寶科,10,1,9,台中銀-員林,2024-01-02,6114
2324,仁寶,44,35,9,台中銀-員林,2024-01-02,6114
2387,精元,9,0,9,台中銀-員林,2024-01-02,6114
00715L,期街口布蘭特正2,164,10,154,台中銀-員林,2024-01-03,6114
2618,長榮航,178,64,114,台中銀-員林,2024-01-03,6114
1101,台泥,108,0,108,台中銀-員林,2024-01-03,6114
00919,群益台灣精選高息,97,4,93,台中銀-員林,2024-01-03,6114
0056,元大高股息,53,2,51,台中銀-員林,2024-01-03,6114
2362,藍天,80,38,42,台中銀-員林,2024-01-03,6114
2812,台中銀,41,0,41,台中銀-員林,2024-01-03,6114
00929,復華台灣科技優息,52,15,37,台中銀-員林,2024-01-03,6114
00937B,群益ESG投等債20,33,1,32,台中銀-員林,2024-01-03,6114
2365,昆盈,29,0,29,台中銀-員林,2024-01-03,6114
3030,德律,26,0,26,台中銀-員林,2024-01-03,6114
2303,聯電,28,4,24,台中銀-員林,2024-01-03,6114
2882,國泰金,23,0,23,台中銀-員林,2024-01-03,6114
3588,通嘉,35,13,22,台中銀-員林,2024-01-03,6114
1612,宏泰,25,4,21,台中銀-員林,2024-01-03,6114
2440,太空梭,20,0,20,台中銀-員林,2024-01-03,6114
6104,創惟,20,0,20,台中銀-員林,2024-01-03,6114
6168,宏齊,20,0,20,台中銀-員林,2024-01-03,6114
8110,華東,20,0,20,台中銀-員林,2024-01-03,6114
3390,旭軟,51,31,20,台中銀-員林,2024-01-03,6114
2408,南亞科,20,2,18,台中銀-員林,2024-01-03,6114
2344,華邦電,150,133,17,台中銀-員林,2024-01-03,6114
2312,金寶,17,0,17,台中銀-員林,2024-01-03,6114
2609,陽明,64,48,16,台中銀-員林,2024-01-03,6114
3481,群創,23,7,16,台中銀-員林,2024-01-03,6114
6770,力積電,16,0,16,台中銀-員林,2024-01-03,6114
3260,威剛,15,0,15,台中銀-員林,2024-01-03,6114
1409,新纖,15,0,15,台中銀-員林,2024-01-03,6114
2105,正新,14,0,14,台中銀-員林,2024-01-03,6114
2467,志聖,17,3,14,台中銀-員林,2024-01-03,6114
4401,東隆興,14,1,13,台中銀-員林,2024-01-03,6114
6129,普誠,13,0,13,台中銀-員林,2024-01-03,6114
2352,佳世達,16,3,13,台中銀-員林,2024-01-03,6114
2472,立隆電,12,0,12,台中銀-員林,2024-01-03,6114
00934,中信成長高股息,26,14,12,台中銀-員林,2024-01-03,6114
2449,京元電子,12,0,12,台中銀-員林,2024-01-03,6114
2409,友達,13,1,12,台中銀-員林,2024-01-03,6114
2454,聯發科,12,0,12,台中銀-員林,2024-01-03,6114
00927,群益半導體收益,12,0,12,台中銀-員林,2024-01-03,6114
00881,國泰台灣5G+,11,0,11,台中銀-員林,2024-01-03,6114
1605,華新,10,0,10,台中銀-員林,2024-01-03,6114
2887,台新金,10,0,10,台中銀-員林,2024-01-03,6114
00885,富邦越南,10,0,10,台中銀-員林,2024-01-03,6114
00665L,富邦�琤肭磪囓�2,10,0,10,台中銀-員林,2024-01-03,6114
2890,永豐金,10,0,10,台中銀-員林,2024-01-03,6114
3049,精金,10,0,10,台中銀-員林,2024-01-03,6114
4167,松瑞藥,12,2,10,台中銀-員林,2024-01-03,6114
5223,安力-KY,13,3,10,台中銀-員林,2024-01-03,6114
2330,台積電,10,0,10,台中銀-員林,2024-01-03,6114
00642U,期元大S＆P石油,12,3,9,台中銀-員林,2024-01-03,6114
2371,大同,225,14,211,台中銀-員林,2024-01-04,6114
6113,亞矽,210,12,198,台中銀-員林,2024-01-04,6114
1101,台泥,145,0,145,台中銀-員林,2024-01-04,6114
2344,華邦電,125,16,109,台中銀-員林,2024-01-04,6114
00929,復華台灣科技優息,113,19,94,台中銀-員林,2024-01-04,6114
00712,復華富時不動產,92,0,92,台中銀-員林,2024-01-04,6114
00937B,群益ESG投等債20,60,6,54,台中銀-員林,2024-01-04,6114
2615,萬海,84,38,46,台中銀-員林,2024-01-04,6114
2337,旺宏,45,2,43,台中銀-員林,2024-01-04,6114
2801,彰銀,30,2,28,台中銀-員林,2024-01-04,6114
2353,宏��,134,108,26,台中銀-員林,2024-01-04,6114
2031,新光鋼,25,0,25,台中銀-員林,2024-01-04,6114
00680L,元大美債20正2,25,0,25,台中銀-員林,2024-01-04,6114
1449,佳和,22,0,22,台中銀-員林,2024-01-04,6114
3481,群創,33,12,21,台中銀-員林,2024-01-04,6114
8110,華東,20,0,20,台中銀-員林,2024-01-04,6114
8046,南電,19,0,19,台中銀-員林,2024-01-04,6114
2324,仁寶,30,11,19,台中銀-員林,2024-01-04,6114
3704,合勤控,24,5,19,台中銀-員林,2024-01-04,6114
2352,佳世達,29,12,17,台中銀-員林,2024-01-04,6114
2915,潤泰全,18,1,17,台中銀-員林,2024-01-04,6114
1514,亞力,25,10,15,台中銀-員林,2024-01-04,6114
0056,元大高股息,14,0,14,台中銀-員林,2024-01-04,6114
3687,歐買尬,14,0,14,台中銀-員林,2024-01-04,6114
2303,聯電,17,4,13,台中銀-員林,2024-01-04,6114
2609,陽明,140,127,13,台中銀-員林,2024-01-04,6114
00688L,國泰20年美債正2,13,0,13,台中銀-員林,2024-01-04,6114
8109,博大,13,0,13,台中銀-員林,2024-01-04,6114
2367,燿華,12,0,12,台中銀-員林,2024-01-04,6114
2605,新興,41,29,12,台中銀-員林,2024-01-04,6114
00934,中信成長高股息,11,0,11,台中銀-員林,2024-01-04,6114
2610,華航,14,3,11,台中銀-員林,2024-01-04,6114
2374,佳能,11,0,11,台中銀-員林,2024-01-04,6114
00632R,元大台灣50反1,10,0,10,台中銀-員林,2024-01-04,6114
1731,美吾華,10,0,10,台中銀-員林,2024-01-04,6114
2890,永豐金,10,0,10,台中銀-員林,2024-01-04,6114
4147,中裕,10,0,10,台中銀-員林,2024-01-04,6114
6179,亞通,10,0,10,台中銀-員林,2024-01-04,6114
6548,長科*,10,0,10,台中銀-員林,2024-01-04,6114
9919,康那香,19,9,10,台中銀-員林,2024-01-04,6114
2472,立隆電,10,0,10,台中銀-員林,2024-01-04,6114
00919,群益台灣精選高息,9,0,9,台中銀-員林,2024-01-04,6114
5210,寶碩,9,0,9,台中銀-員林,2024-01-04,6114
00751B,元大AAA至A公司債,8,0,8,台中銀-員林,2024-01-04,6114
00720B,元大投資級公司債,8,0,8,台中銀-員林,2024-01-04,6114
2034,允強,10,2,8,台中銀-員林,2024-01-04,6114
3362,先進光,8,0,8,台中銀-員林,2024-01-04,6114
3373,熱映,10,2,8,台中銀-員林,2024-01-04,6114
2449,京元電子,8,1,7,台中銀-員林,2024-01-04,6114
2641,正德,16,9,7,台中銀-員林,2024-01-04,6114
2344,華邦電,137,9,128,台中銀-員林,2024-01-05,6114
00715L,期街口布蘭特正2,74,5,69,台中銀-員林,2024-01-05,6114
00680L,元大美債20正2,84,17,67,台中銀-員林,2024-01-05,6114
00933B,國泰10Y+金融債,56,0,56,台中銀-員林,2024-01-05,6114
1101,台泥,56,0,56,台中銀-員林,2024-01-05,6114
00712,復華富時不動產,35,2,33,台中銀-員林,2024-01-05,6114
2618,長榮航,57,25,32,台中銀-員林,2024-01-05,6114
9945,潤泰新,21,0,21,台中銀-員林,2024-01-05,6114
2801,彰銀,20,0,20,台中銀-員林,2024-01-05,6114
2637,慧洋-KY,29,9,20,台中銀-員林,2024-01-05,6114
2353,宏��,42,23,19,台中銀-員林,2024-01-05,6114
6290,良維,19,0,19,台中銀-員林,2024-01-05,6114
6111,大宇資,18,2,16,台中銀-員林,2024-01-05,6114
00795B,中信美國公債20年,15,0,15,台中銀-員林,2024-01-05,6114
2610,華航,17,3,14,台中銀-員林,2024-01-05,6114
2356,英業達,19,6,13,台中銀-員林,2024-01-05,6114
2609,陽明,63,51,12,台中銀-員林,2024-01-05,6114
2331,精英,19,7,12,台中銀-員林,2024-01-05,6114
2472,立隆電,11,0,11,台中銀-員林,2024-01-05,6114
1732,毛寶,24,13,11,台中銀-員林,2024-01-05,6114
6237,驊訊,18,7,11,台中銀-員林,2024-01-05,6114
00679B,元大美債20年,10,0,10,台中銀-員林,2024-01-05,6114
1326,台化,10,0,10,台中銀-員林,2024-01-05,6114
2888,新光金,10,0,10,台中銀-員林,2024-01-05,6114
1815,富喬,9,0,9,台中銀-員林,2024-01-05,6114
5608,四維航,11,2,9,台中銀-員林,2024-01-05,6114
6161,捷波,34,25,9,台中銀-員林,2024-01-05,6114
6182,合晶,10,1,9,台中銀-員林,2024-01-05,6114
3037,欣興,9,0,9,台中銀-員林,2024-01-05,6114
00720B,元大投資級公司債,8,0,8,台中銀-員林,2024-01-05,6114
00751B,元大AAA至A公司債,8,0,8,台中銀-員林,2024-01-05,6114
00927,群益半導體收益,8,0,8,台中銀-員林,2024-01-05,6114
2362,藍天,19,11,8,台中銀-員林,2024-01-05,6114
5009,榮剛,8,0,8,台中銀-員林,2024-01-05,6114
00931B,統一美債20年,7,0,7,台中銀-員林,2024-01-05,6114
00637L,元大滬深300正2,7,0,7,台中銀-員林,2024-01-05,6114
00696B,富邦美債20年,7,0,7,台中銀-員林,2024-01-05,6114
8112,至上,13,6,7,台中銀-員林,2024-01-05,6114
1605,華新,10,4,6,台中銀-員林,2024-01-05,6114
1612,宏泰,6,0,6,台中銀-員林,2024-01-05,6114
2611,志信,18,12,6,台中銀-員林,2024-01-05,6114
3051,力特,5,0,5,台中銀-員林,2024-01-05,6114
2633,台灣高鐵,11,6,5,台中銀-員林,2024-01-05,6114
00922,國泰台灣領袖50,5,0,5,台中銀-員林,2024-01-05,6114
2328,廣宇,5,0,5,台中銀-員林,2024-01-05,6114
2329,華泰,5,0,5,台中銀-員林,2024-01-05,6114
2457,飛宏,7,2,5,台中銀-員林,2024-01-05,6114
3045,台灣大,5,0,5,台中銀-員林,2024-01-05,6114
5351,鈺創,4,0,4,台中銀-員林,2024-01-05,6114
2352,佳世達,12,8,4,台中銀-員林,2024-01-05,6114
00715L,期街口布蘭特正2,185,6,179,台中銀-員林,2024-01-08,6114
3231,緯創,91,10,81,台中銀-員林,2024-01-08,6114
2353,宏��,133,59,74,台中銀-員林,2024-01-08,6114
00665L,富邦�琤肭磪囓�2,70,0,70,台中銀-員林,2024-01-08,6114
00753L,中信中國50正2,55,8,47,台中銀-員林,2024-01-08,6114
00687B,國泰20年美債,45,0,45,台中銀-員林,2024-01-08,6114
2331,精英,80,38,42,台中銀-員林,2024-01-08,6114
5521,工信,140,106,34,台中銀-員林,2024-01-08,6114
00696B,富邦美債20年,29,0,29,台中銀-員林,2024-01-08,6114
00725B,國泰投資級公司債,26,0,26,台中銀-員林,2024-01-08,6114
1815,富喬,31,5,26,台中銀-員林,2024-01-08,6114
6116,彩晶,36,12,24,台中銀-員林,2024-01-08,6114
3032,偉訓,34,11,23,台中銀-員林,2024-01-08,6114
2344,華邦電,23,0,23,台中銀-員林,2024-01-08,6114
6104,創惟,21,0,21,台中銀-員林,2024-01-08,6114
6770,力積電,36,15,21,台中銀-員林,2024-01-08,6114
5469,瀚宇博,20,0,20,台中銀-員林,2024-01-08,6114
00632R,元大台灣50反1,20,0,20,台中銀-員林,2024-01-08,6114
8936,國統,47,28,19,台中銀-員林,2024-01-08,6114
2543,皇昌,25,8,17,台中銀-員林,2024-01-08,6114
00650L,復華香港正2,15,0,15,台中銀-員林,2024-01-08,6114
00679B,元大美債20年,17,3,14,台中銀-員林,2024-01-08,6114
00637L,元大滬深300正2,116,102,14,台中銀-員林,2024-01-08,6114
00712,復華富時不動產,14,0,14,台中銀-員林,2024-01-08,6114
3260,威剛,15,2,13,台中銀-員林,2024-01-08,6114
9945,潤泰新,14,1,13,台中銀-員林,2024-01-08,6114
00795B,中信美國公債20年,12,0,12,台中銀-員林,2024-01-08,6114
1612,宏泰,17,5,12,台中銀-員林,2024-01-08,6114
00752,中信中國50,10,0,10,台中銀-員林,2024-01-08,6114
3714,富采,10,0,10,台中銀-員林,2024-01-08,6114
5328,華容,10,0,10,台中銀-員林,2024-01-08,6114
6472,保瑞,9,0,9,台中銀-員林,2024-01-08,6114
00936,台新永續高息中小,8,0,8,台中銀-員林,2024-01-08,6114
00881,國泰台灣5G+,10,2,8,台中銀-員林,2024-01-08,6114
2641,正德,8,0,8,台中銀-員林,2024-01-08,6114
00720B,元大投資級公司債,7,0,7,台中銀-員林,2024-01-08,6114
00728,第一金工業30,7,0,7,台中銀-員林,2024-01-08,6114
1316,上曜,7,0,7,台中銀-員林,2024-01-08,6114
8011,台通,13,6,7,台中銀-員林,2024-01-08,6114
8046,南電,7,0,7,台中銀-員林,2024-01-08,6114
3017,奇鋐,6,0,6,台中銀-員林,2024-01-08,6114
00931B,統一美債20年,6,0,6,台中銀-員林,2024-01-08,6114
2472,立隆電,6,0,6,台中銀-員林,2024-01-08,6114
00636,國泰中國A50,6,0,6,台中銀-員林,2024-01-08,6114
2363,矽統,7,1,6,台中銀-員林,2024-01-08,6114
2388,威盛,18,12,6,台中銀-員林,2024-01-08,6114
2427,三商電,6,0,6,台中銀-員林,2024-01-08,6114
2486,一詮,18,12,6,台中銀-員林,2024-01-08,6114
4542,科嶠,7,1,6,台中銀-員林,2024-01-08,6114
5223,安力-KY,6,0,6,台中銀-員林,2024-01-08,6114
2610,華航,107,1,106,台中銀-員林,2024-01-09,6114
8096,擎亞,101,6,95,台中銀-員林,2024-01-09,6114
3481,群創,96,8,88,台中銀-員林,2024-01-09,6114
2634,漢翔,57,3,54,台中銀-員林,2024-01-09,6114
2609,陽明,175,124,51,台中銀-員林,2024-01-09,6114
2618,長榮航,41,3,38,台中銀-員林,2024-01-09,6114
00679B,元大美債20年,35,3,32,台中銀-員林,2024-01-09,6114
00715L,期街口布蘭特正2,31,0,31,台中銀-員林,2024-01-09,6114
00725B,國泰投資級公司債,29,0,29,台中銀-員林,2024-01-09,6114
2344,華邦電,42,13,29,台中銀-員林,2024-01-09,6114
2421,建準,33,6,27,台中銀-員林,2024-01-09,6114
6282,康舒,32,6,26,台中銀-員林,2024-01-09,6114
00919,群益台灣精選高息,131,107,24,台中銀-員林,2024-01-09,6114
3051,力特,26,3,23,台中銀-員林,2024-01-09,6114
2603,長榮,24,2,22,台中銀-員林,2024-01-09,6114
2324,仁寶,40,18,22,台中銀-員林,2024-01-09,6114
2356,英業達,32,11,21,台中銀-員林,2024-01-09,6114
8277,商丞,20,0,20,台中銀-員林,2024-01-09,6114
1449,佳和,22,3,19,台中銀-員林,2024-01-09,6114
2353,宏��,54,38,16,台中銀-員林,2024-01-09,6114
1810,和成,15,0,15,台中銀-員林,2024-01-09,6114
3679,新至陞,15,0,15,台中銀-員林,2024-01-09,6114
4533,協易機,15,0,15,台中銀-員林,2024-01-09,6114
4716,大立,15,0,15,台中銀-員林,2024-01-09,6114
2308,台達電,14,1,13,台中銀-員林,2024-01-09,6114
00882,中信中國高股息,13,0,13,台中銀-員林,2024-01-09,6114
6120,達運,125,112,13,台中銀-員林,2024-01-09,6114
2812,台中銀,12,0,12,台中銀-員林,2024-01-09,6114
2472,立隆電,13,1,12,台中銀-員林,2024-01-09,6114
6117,迎廣,21,9,12,台中銀-員林,2024-01-09,6114
8111,立��,22,10,12,台中銀-員林,2024-01-09,6114
1603,華電,11,0,11,台中銀-員林,2024-01-09,6114
2884,玉山金,11,0,11,台中銀-員林,2024-01-09,6114
8039,台虹,12,1,11,台中銀-員林,2024-01-09,6114
2888,新光金,10,0,10,台中銀-員林,2024-01-09,6114
00904,新光臺灣半導體30,10,0,10,台中銀-員林,2024-01-09,6114
00727B,國泰優選非投等債,10,0,10,台中銀-員林,2024-01-09,6114
1314,中石化,10,0,10,台中銀-員林,2024-01-09,6114
2030,彰源,10,0,10,台中銀-員林,2024-01-09,6114
3703,欣陸,10,0,10,台中銀-員林,2024-01-09,6114
4114,健喬,10,0,10,台中銀-員林,2024-01-09,6114
6235,華孚,10,0,10,台中銀-員林,2024-01-09,6114
5210,寶碩,11,2,9,台中銀-員林,2024-01-09,6114
00772B,中信高評級公司債,10,1,9,台中銀-員林,2024-01-09,6114
2317,鴻海,8,0,8,台中銀-員林,2024-01-09,6114
3346,麗清,8,0,8,台中銀-員林,2024-01-09,6114
1731,美吾華,8,0,8,台中銀-員林,2024-01-09,6114
1721,三晃,9,1,8,台中銀-員林,2024-01-09,6114
2457,飛宏,7,0,7,台中銀-員林,2024-01-09,6114
00728,第一金工業30,7,0,7,台中銀-員林,2024-01-09,6114
00680L,元大美債20正2,65,0,65,台中銀-員林,2024-01-10,6114
3231,緯創,75,28,47,台中銀-員林,2024-01-10,6114
00687B,國泰20年美債,47,0,47,台中銀-員林,2024-01-10,6114
00929,復華台灣科技優息,59,12,47,台中銀-員林,2024-01-10,6114
2371,大同,85,38,47,台中銀-員林,2024-01-10,6114
00688L,國泰20年美債正2,36,0,36,台中銀-員林,2024-01-10,6114
2609,陽明,83,49,34,台中銀-員林,2024-01-10,6114
8111,立��,33,2,31,台中銀-員林,2024-01-10,6114
6116,彩晶,30,0,30,台中銀-員林,2024-01-10,6114
2812,台中銀,50,22,28,台中銀-員林,2024-01-10,6114
00878,國泰永續高股息,27,0,27,台中銀-員林,2024-01-10,6114
2023,燁輝,27,0,27,台中銀-員林,2024-01-10,6114
2337,旺宏,26,0,26,台中銀-員林,2024-01-10,6114
00919,群益台灣精選高息,47,22,25,台中銀-員林,2024-01-10,6114
00725B,國泰投資級公司債,21,0,21,台中銀-員林,2024-01-10,6114
6282,康舒,31,10,21,台中銀-員林,2024-01-10,6114
00937B,群益ESG投等債20,20,0,20,台中銀-員林,2024-01-10,6114
2301,光寶科,20,0,20,台中銀-員林,2024-01-10,6114
6026,福邦證,18,0,18,台中銀-員林,2024-01-10,6114
0056,元大高股息,18,1,17,台中銀-員林,2024-01-10,6114
00933B,國泰10Y+金融債,17,0,17,台中銀-員林,2024-01-10,6114
3036,文曄,20,4,16,台中銀-員林,2024-01-10,6114
00679B,元大美債20年,16,0,16,台中銀-員林,2024-01-10,6114
00927,群益半導體收益,15,0,15,台中銀-員林,2024-01-10,6114
3583,辛耘,18,3,15,台中銀-員林,2024-01-10,6114
2356,英業達,30,16,14,台中銀-員林,2024-01-10,6114
2324,仁寶,29,15,14,台中銀-員林,2024-01-10,6114
2472,立隆電,14,0,14,台中銀-員林,2024-01-10,6114
00650L,復華香港正2,15,2,13,台中銀-員林,2024-01-10,6114
4306,炎洲,12,0,12,台中銀-員林,2024-01-10,6114
6446,藥華藥,11,0,11,台中銀-員林,2024-01-10,6114
2014,中鴻,11,0,11,台中銀-員林,2024-01-10,6114
2891,中信金,16,5,11,台中銀-員林,2024-01-10,6114
6462,神盾,13,3,10,台中銀-員林,2024-01-10,6114
00904,新光臺灣半導體30,10,0,10,台中銀-員林,2024-01-10,6114
1326,台化,10,0,10,台中銀-員林,2024-01-10,6114
2409,友達,12,2,10,台中銀-員林,2024-01-10,6114
2492,華新科,10,0,10,台中銀-員林,2024-01-10,6114
3049,精金,10,0,10,台中銀-員林,2024-01-10,6114
6117,迎廣,10,0,10,台中銀-員林,2024-01-10,6114
8087,麗升能源,10,0,10,台中銀-員林,2024-01-10,6114
2314,台揚,10,1,9,台中銀-員林,2024-01-10,6114
2312,金寶,8,0,8,台中銀-員林,2024-01-10,6114
00881,國泰台灣5G+,11,3,8,台中銀-員林,2024-01-10,6114
3588,通嘉,12,4,8,台中銀-員林,2024-01-10,6114
2317,鴻海,7,0,7,台中銀-員林,2024-01-10,6114
2634,漢翔,13,6,7,台中銀-員林,2024-01-10,6114
00896,中信綠能及電動車,7,0,7,台中銀-員林,2024-01-10,6114
00752,中信中國50,7,0,7,台中銀-員林,2024-01-10,6114
2201,裕隆,8,1,7,台中銀-員林,2024-01-10,6114
2801,彰銀,80,0,80,台中銀-員林,2024-01-11,6114
00929,復華台灣科技優息,77,4,73,台中銀-員林,2024-01-11,6114
5521,工信,102,38,64,台中銀-員林,2024-01-11,6114
2353,宏��,94,31,63,台中銀-員林,2024-01-11,6114
00632R,元大台灣50反1,50,0,50,台中銀-員林,2024-01-11,6114
4927,泰鼎-KY,40,0,40,台中銀-員林,2024-01-11,6114
1101,台泥,41,4,37,台中銀-員林,2024-01-11,6114
00715L,期街口布蘭特正2,68,31,37,台中銀-員林,2024-01-11,6114
6164,華興,37,0,37,台中銀-員林,2024-01-11,6114
00687B,國泰20年美債,32,0,32,台中銀-員林,2024-01-11,6114
2610,華航,35,3,32,台中銀-員林,2024-01-11,6114
4956,光鋐,36,6,30,台中銀-員林,2024-01-11,6114
00680L,元大美債20正2,37,10,27,台中銀-員林,2024-01-11,6114
2371,大同,61,34,27,台中銀-員林,2024-01-11,6114
6120,達運,52,25,27,台中銀-員林,2024-01-11,6114
00688L,國泰20年美債正2,26,0,26,台中銀-員林,2024-01-11,6114
8050,廣積,32,10,22,台中銀-員林,2024-01-11,6114
00919,群益台灣精選高息,22,0,22,台中銀-員林,2024-01-11,6114
00753L,中信中國50正2,18,0,18,台中銀-員林,2024-01-11,6114
6104,創惟,18,0,18,台中銀-員林,2024-01-11,6114
1316,上曜,17,0,17,台中銀-員林,2024-01-11,6114
1584,精剛,15,0,15,台中銀-員林,2024-01-11,6114
8111,立��,21,6,15,台中銀-員林,2024-01-11,6114
1514,亞力,61,47,14,台中銀-員林,2024-01-11,6114
2886,兆豐金,20,7,13,台中銀-員林,2024-01-11,6114
2543,皇昌,18,6,12,台中銀-員林,2024-01-11,6114
2915,潤泰全,12,0,12,台中銀-員林,2024-01-11,6114
1449,佳和,11,0,11,台中銀-員林,2024-01-11,6114
2303,聯電,12,1,11,台中銀-員林,2024-01-11,6114
00928,中信上櫃ESG30,12,2,10,台中銀-員林,2024-01-11,6114
00645,富邦日本,10,0,10,台中銀-員林,2024-01-11,6114
00640L,富邦日本正2,10,0,10,台中銀-員林,2024-01-11,6114
2031,新光鋼,10,0,10,台中銀-員林,2024-01-11,6114
2201,裕隆,10,0,10,台中銀-員林,2024-01-11,6114
2406,國碩,10,0,10,台中銀-員林,2024-01-11,6114
2472,立隆電,10,0,10,台中銀-員林,2024-01-11,6114
2882,國泰金,10,0,10,台中銀-員林,2024-01-11,6114
3607,谷崧,10,0,10,台中銀-員林,2024-01-11,6114
5465,富驊,10,0,10,台中銀-員林,2024-01-11,6114
9935,慶豐富,10,0,10,台中銀-員林,2024-01-11,6114
1301,台塑,8,0,8,台中銀-員林,2024-01-11,6114
00679B,元大美債20年,8,0,8,台中銀-員林,2024-01-11,6114
0050,元大台灣50,8,0,8,台中銀-員林,2024-01-11,6114
00927,群益半導體收益,8,0,8,台中銀-員林,2024-01-11,6114
2023,燁輝,8,1,7,台中銀-員林,2024-01-11,6114
2388,威盛,13,6,7,台中銀-員林,2024-01-11,6114
2344,華邦電,7,0,7,台中銀-員林,2024-01-11,6114
3390,旭軟,7,0,7,台中銀-員林,2024-01-11,6114
2454,聯發科,7,1,6,台中銀-員林,2024-01-11,6114
2014,中鴻,6,0,6,台中銀-員林,2024-01-11,6114
00687B,國泰20年美債,124,2,122,台中銀-員林,2024-01-12,6114
00929,復華台灣科技優息,87,6,81,台中銀-員林,2024-01-12,6114
3025,星通,43,1,42,台中銀-員林,2024-01-12,6114
00919,群益台灣精選高息,37,1,36,台中銀-員林,2024-01-12,6114
4909,新復興,49,15,34,台中銀-員林,2024-01-12,6114
00725B,國泰投資級公司債,34,0,34,台中銀-員林,2024-01-12,6114
00927,群益半導體收益,31,0,31,台中銀-員林,2024-01-12,6114
2609,陽明,96,65,31,台中銀-員林,2024-01-12,6114
4956,光鋐,33,6,27,台中銀-員林,2024-01-12,6114
3437,榮創,24,0,24,台中銀-員林,2024-01-12,6114
6116,彩晶,20,0,20,台中銀-員林,2024-01-12,6114
00937B,群益ESG投等債20,18,1,17,台中銀-員林,2024-01-12,6114
3078,僑威,15,0,15,台中銀-員林,2024-01-12,6114
3704,合勤控,15,0,15,台中銀-員林,2024-01-12,6114
5469,瀚宇博,14,0,14,台中銀-員林,2024-01-12,6114
3037,欣興,13,0,13,台中銀-員林,2024-01-12,6114
2303,聯電,12,0,12,台中銀-員林,2024-01-12,6114
2882,國泰金,12,0,12,台中銀-員林,2024-01-12,6114
2105,正新,13,1,12,台中銀-員林,2024-01-12,6114
2356,英業達,32,21,11,台中銀-員林,2024-01-12,6114
2449,京元電子,14,3,11,台中銀-員林,2024-01-12,6114
5426,振發,17,6,11,台中銀-員林,2024-01-12,6114
5347,世界,11,0,11,台中銀-員林,2024-01-12,6114
1609,大亞,10,0,10,台中銀-員林,2024-01-12,6114
2314,台揚,10,0,10,台中銀-員林,2024-01-12,6114
2472,立隆電,10,0,10,台中銀-員林,2024-01-12,6114
2610,華航,14,4,10,台中銀-員林,2024-01-12,6114
8150,南茂,9,0,9,台中銀-員林,2024-01-12,6114
2739,寒舍,12,3,9,台中銀-員林,2024-01-12,6114
2208,台船,20,11,9,台中銀-員林,2024-01-12,6114
2023,燁輝,8,0,8,台中銀-員林,2024-01-12,6114
00928,中信上櫃ESG30,7,0,7,台中銀-員林,2024-01-12,6114
2425,承啟,8,1,7,台中銀-員林,2024-01-12,6114
3066,李洲,9,2,7,台中銀-員林,2024-01-12,6114
4979,華星光,19,12,7,台中銀-員林,2024-01-12,6114
9919,康那香,7,0,7,台中銀-員林,2024-01-12,6114
00676R,富邦臺灣加權反1,6,0,6,台中銀-員林,2024-01-12,6114
1528,恩德,6,0,6,台中銀-員林,2024-01-12,6114
2317,鴻海,7,1,6,台中銀-員林,2024-01-12,6114
2344,華邦電,6,0,6,台中銀-員林,2024-01-12,6114
3611,鼎翰,6,0,6,台中銀-員林,2024-01-12,6114
6282,康舒,11,5,6,台中銀-員林,2024-01-12,6114
6770,力積電,9,3,6,台中銀-員林,2024-01-12,6114
0056,元大高股息,7,1,6,台中銀-員林,2024-01-12,6114
2388,威盛,23,18,5,台中銀-員林,2024-01-12,6114
00933B,國泰10Y+金融債,5,0,5,台中銀-員林,2024-01-12,6114
1101,台泥,5,0,5,台中銀-員林,2024-01-12,6114
5425,台半,5,0,5,台中銀-員林,2024-01-12,6114
00645,富邦日本,5,0,5,台中銀-員林,2024-01-12,6114
00881,國泰台灣5G+,10,5,5,台中銀-員林,2024-01-12,6114
00929,復華台灣科技優息,271,4,267,台中銀-員林,2024-01-15,6114
1101,台泥,162,2,160,台中銀-員林,2024-01-15,6114
0056,元大高股息,166,6,160,台中銀-員林,2024-01-15,6114
00715L,期街口布蘭特正2,110,15,95,台中銀-員林,2024-01-15,6114
3231,緯創,110,23,87,台中銀-員林,2024-01-15,6114
00937B,群益ESG投等債20,53,2,51,台中銀-員林,2024-01-15,6114
2801,彰銀,46,0,46,台中銀-員林,2024-01-15,6114
00687B,國泰20年美債,38,0,38,台中銀-員林,2024-01-15,6114
1514,亞力,62,28,34,台中銀-員林,2024-01-15,6114
00720B,元大投資級公司債,38,5,33,台中銀-員林,2024-01-15,6114
2609,陽明,38,6,32,台中銀-員林,2024-01-15,6114
2353,宏��,42,10,32,台中銀-員林,2024-01-15,6114
8011,台通,33,2,31,台中銀-員林,2024-01-15,6114
1609,大亞,58,31,27,台中銀-員林,2024-01-15,6114
2610,華航,120,97,23,台中銀-員林,2024-01-15,6114
1314,中石化,21,0,21,台中銀-員林,2024-01-15,6114
2356,英業達,22,2,20,台中銀-員林,2024-01-15,6114
2812,台中銀,21,7,14,台中銀-員林,2024-01-15,6114
00919,群益台灣精選高息,16,3,13,台中銀-員林,2024-01-15,6114
00933B,國泰10Y+金融債,15,3,12,台中銀-員林,2024-01-15,6114
00878,國泰永續高股息,12,0,12,台中銀-員林,2024-01-15,6114
8034,榮群,16,4,12,台中銀-員林,2024-01-15,6114
6443,元晶,16,5,11,台中銀-員林,2024-01-15,6114
8096,擎亞,12,1,11,台中銀-員林,2024-01-15,6114
2382,廣達,13,3,10,台中銀-員林,2024-01-15,6114
6150,撼訊,10,0,10,台中銀-員林,2024-01-15,6114
00927,群益半導體收益,10,0,10,台中銀-員林,2024-01-15,6114
2449,京元電子,14,5,9,台中銀-員林,2024-01-15,6114
3264,欣銓,9,0,9,台中銀-員林,2024-01-15,6114
8033,雷虎,8,0,8,台中銀-員林,2024-01-15,6114
6695,芯鼎,24,16,8,台中銀-員林,2024-01-15,6114
00733,富邦臺灣中小,7,0,7,台中銀-員林,2024-01-15,6114
00679B,元大美債20年,6,0,6,台中銀-員林,2024-01-15,6114
3017,奇鋐,7,1,6,台中銀-員林,2024-01-15,6114
00795B,中信美國公債20年,6,0,6,台中銀-員林,2024-01-15,6114
1325,恆大,6,0,6,台中銀-員林,2024-01-15,6114
1616,億泰,6,0,6,台中銀-員林,2024-01-15,6114
2543,皇昌,17,11,6,台中銀-員林,2024-01-15,6114
6113,亞矽,6,0,6,台中銀-員林,2024-01-15,6114
6179,亞通,16,10,6,台中銀-員林,2024-01-15,6114
9105,泰金寶-DR,6,0,6,台中銀-員林,2024-01-15,6114
1529,樂事綠能,15,9,6,台中銀-員林,2024-01-15,6114
00882,中信中國高股息,6,0,6,台中銀-員林,2024-01-15,6114
00930,永豐ESG低碳高息,5,0,5,台中銀-員林,2024-01-15,6114
2312,金寶,5,0,5,台中銀-員林,2024-01-15,6114
00645,富邦日本,5,0,5,台中銀-員林,2024-01-15,6114
00637L,元大滬深300正2,105,100,5,台中銀-員林,2024-01-15,6114
00752,中信中國50,5,0,5,台中銀-員林,2024-01-15,6114
00885,富邦越南,5,0,5,台中銀-員林,2024-01-15,6114
1326,台化,5,0,5,台中銀-員林,2024-01-15,6114
00929,復華台灣科技優息,365,3,362,台中銀-員林,2024-01-16,6114
1101,台泥,326,0,326,台中銀-員林,2024-01-16,6114
0056,元大高股息,122,4,118,台中銀-員林,2024-01-16,6114
00715L,期街口布蘭特正2,103,0,103,台中銀-員林,2024-01-16,6114
6120,達運,100,3,97,台中銀-員林,2024-01-16,6114
2371,大同,70,0,70,台中銀-員林,2024-01-16,6114
1582,信錦,64,0,64,台中銀-員林,2024-01-16,6114
1609,大亞,108,45,63,台中銀-員林,2024-01-16,6114
00919,群益台灣精選高息,119,68,51,台中銀-員林,2024-01-16,6114
00688L,國泰20年美債正2,46,0,46,台中銀-員林,2024-01-16,6114
00878,國泰永續高股息,43,0,43,台中銀-員林,2024-01-16,6114
00687B,國泰20年美債,32,0,32,台中銀-員林,2024-01-16,6114
1802,台玻,32,0,32,台中銀-員林,2024-01-16,6114
2374,佳能,35,4,31,台中銀-員林,2024-01-16,6114
00904,新光臺灣半導體30,30,0,30,台中銀-員林,2024-01-16,6114
6243,迅杰,39,11,28,台中銀-員林,2024-01-16,6114
3694,海華,139,112,27,台中銀-員林,2024-01-16,6114
2867,三商壽,25,0,25,台中銀-員林,2024-01-16,6114
2353,宏��,37,13,24,台中銀-員林,2024-01-16,6114
6684,安格,25,2,23,台中銀-員林,2024-01-16,6114
2317,鴻海,22,0,22,台中銀-員林,2024-01-16,6114
1326,台化,24,2,22,台中銀-員林,2024-01-16,6114
2331,精英,20,0,20,台中銀-員林,2024-01-16,6114
2442,新美齊,20,0,20,台中銀-員林,2024-01-16,6114
2329,華泰,55,36,19,台中銀-員林,2024-01-16,6114
4906,正文,27,8,19,台中銀-員林,2024-01-16,6114
3032,偉訓,18,0,18,台中銀-員林,2024-01-16,6114
5272,笙科,19,1,18,台中銀-員林,2024-01-16,6114
1301,台塑,20,2,18,台中銀-員林,2024-01-16,6114
6695,芯鼎,34,18,16,台中銀-員林,2024-01-16,6114
6770,力積電,16,0,16,台中銀-員林,2024-01-16,6114
00680L,元大美債20正2,24,10,14,台中銀-員林,2024-01-16,6114
2506,太設,15,1,14,台中銀-員林,2024-01-16,6114
3406,玉晶光,14,0,14,台中銀-員林,2024-01-16,6114
2356,英業達,13,0,13,台中銀-員林,2024-01-16,6114
5880,合庫金,13,0,13,台中銀-員林,2024-01-16,6114
2308,台達電,13,0,13,台中銀-員林,2024-01-16,6114
2610,華航,12,0,12,台中銀-員林,2024-01-16,6114
1310,台苯,12,0,12,台中銀-員林,2024-01-16,6114
2601,益航,12,0,12,台中銀-員林,2024-01-16,6114
2883,凱基金,12,0,12,台中銀-員林,2024-01-16,6114
00927,群益半導體收益,11,0,11,台中銀-員林,2024-01-16,6114
2002,中鋼,12,1,11,台中銀-員林,2024-01-16,6114
2812,台中銀,11,0,11,台中銀-員林,2024-01-16,6114
5488,松普,11,0,11,台中銀-員林,2024-01-16,6114
2882,國泰金,10,0,10,台中銀-員林,2024-01-16,6114
2881,富邦金,10,0,10,台中銀-員林,2024-01-16,6114
00896,中信綠能及電動車,10,0,10,台中銀-員林,2024-01-16,6114
00665L,富邦�琤肭磪囓�2,25,15,10,台中銀-員林,2024-01-16,6114
00936,台新永續高息中小,10,0,10,台中銀-員林,2024-01-16,6114
1101,台泥,317,4,313,台中銀-員林,2024-01-17,6114
00929,復華台灣科技優息,236,18,218,台中銀-員林,2024-01-17,6114
00919,群益台灣精選高息,129,19,110,台中銀-員林,2024-01-17,6114
00715L,期街口布蘭特正2,107,0,107,台中銀-員林,2024-01-17,6114
5521,工信,100,6,94,台中銀-員林,2024-01-17,6114
2303,聯電,91,3,88,台中銀-員林,2024-01-17,6114
0056,元大高股息,72,0,72,台中銀-員林,2024-01-17,6114
6770,力積電,81,19,62,台中銀-員林,2024-01-17,6114
2356,英業達,76,24,52,台中銀-員林,2024-01-17,6114
00882,中信中國高股息,51,1,50,台中銀-員林,2024-01-17,6114
2371,大同,43,1,42,台中銀-員林,2024-01-17,6114
4960,誠美材,36,2,34,台中銀-員林,2024-01-17,6114
6535,順藥,36,3,33,台中銀-員林,2024-01-17,6114
00878,國泰永續高股息,36,3,33,台中銀-員林,2024-01-17,6114
2618,長榮航,34,4,30,台中銀-員林,2024-01-17,6114
1802,台玻,35,4,31,台中銀-員林,2024-01-17,6114
2002,中鋼,34,4,30,台中銀-員林,2024-01-17,6114
1806,冠軍,30,0,30,台中銀-員林,2024-01-17,6114
2882,國泰金,26,0,26,台中銀-員林,2024-01-17,6114
0050,元大台灣50,26,0,26,台中銀-員林,2024-01-17,6114
00679B,元大美債20年,25,0,25,台中銀-員林,2024-01-17,6114
3481,群創,36,12,24,台中銀-員林,2024-01-17,6114
00927,群益半導體收益,23,0,23,台中銀-員林,2024-01-17,6114
3265,台星科,25,2,23,台中銀-員林,2024-01-17,6114
6120,達運,24,1,23,台中銀-員林,2024-01-17,6114
00937B,群益ESG投等債20,24,2,22,台中銀-員林,2024-01-17,6114
2344,華邦電,22,1,21,台中銀-員林,2024-01-17,6114
1605,華新,25,5,20,台中銀-員林,2024-01-17,6114
00665L,富邦�琤肭磪囓�2,20,0,20,台中銀-員林,2024-01-17,6114
2031,新光鋼,20,0,20,台中銀-員林,2024-01-17,6114
2409,友達,23,3,20,台中銀-員林,2024-01-17,6114
4927,泰鼎-KY,20,0,20,台中銀-員林,2024-01-17,6114
2353,宏��,26,7,19,台中銀-員林,2024-01-17,6114
3706,神達,20,2,18,台中銀-員林,2024-01-17,6114
1513,中興電,24,7,17,台中銀-員林,2024-01-17,6114
1609,大亞,17,0,17,台中銀-員林,2024-01-17,6114
6243,迅杰,90,74,16,台中銀-員林,2024-01-17,6114
00720B,元大投資級公司債,16,0,16,台中銀-員林,2024-01-17,6114
3354,律勝,20,4,16,台中銀-員林,2024-01-17,6114
2890,永豐金,15,0,15,台中銀-員林,2024-01-17,6114
2313,華通,20,5,15,台中銀-員林,2024-01-17,6114
1326,台化,15,0,15,台中銀-員林,2024-01-17,6114
2377,微星,15,0,15,台中銀-員林,2024-01-17,6114
2317,鴻海,19,5,14,台中銀-員林,2024-01-17,6114
2883,凱基金,13,0,13,台中銀-員林,2024-01-17,6114
2492,華新科,14,1,13,台中銀-員林,2024-01-17,6114
6789,采鈺,14,3,11,台中銀-員林,2024-01-17,6114
3105,穩懋,11,0,11,台中銀-員林,2024-01-17,6114
6005,群益證,11,0,11,台中銀-員林,2024-01-17,6114
3035,智原,14,3,11,台中銀-員林,2024-01-17,6114
2331,精英,63,0,63,台中銀-員林,2024-01-18,6114
00882,中信中國高股息,45,0,45,台中銀-員林,2024-01-18,6114
6535,順藥,49,4,45,台中銀-員林,2024-01-18,6114
6120,達運,70,30,40,台中銀-員林,2024-01-18,6114
5880,合庫金,42,3,39,台中銀-員林,2024-01-18,6114
2371,大同,54,16,38,台中銀-員林,2024-01-18,6114
6446,藥華藥,34,0,34,台中銀-員林,2024-01-18,6114
00929,復華台灣科技優息,55,23,32,台中銀-員林,2024-01-18,6114
4960,誠美材,35,3,32,台中銀-員林,2024-01-18,6114
00671R,富邦NASDAQ反1,30,0,30,台中銀-員林,2024-01-18,6114
5426,振發,433,403,30,台中銀-員林,2024-01-18,6114
00919,群益台灣精選高息,26,0,26,台中銀-員林,2024-01-18,6114
2618,長榮航,35,11,24,台中銀-員林,2024-01-18,6114
1815,富喬,22,0,22,台中銀-員林,2024-01-18,6114
3321,同泰,22,0,22,台中銀-員林,2024-01-18,6114
00632R,元大台灣50反1,20,0,20,台中銀-員林,2024-01-18,6114
2845,遠東銀,20,0,20,台中銀-員林,2024-01-18,6114
6770,力積電,22,3,19,台中銀-員林,2024-01-18,6114
8096,擎亞,23,4,19,台中銀-員林,2024-01-18,6114
6113,亞矽,18,0,18,台中銀-員林,2024-01-18,6114
4746,台耀,22,6,16,台中銀-員林,2024-01-18,6114
00687B,國泰20年美債,16,0,16,台中銀-員林,2024-01-18,6114
2486,一詮,41,26,15,台中銀-員林,2024-01-18,6114
3706,神達,20,5,15,台中銀-員林,2024-01-18,6114
3025,星通,15,1,14,台中銀-員林,2024-01-18,6114
2303,聯電,23,10,13,台中銀-員林,2024-01-18,6114
3622,洋華,17,4,13,台中銀-員林,2024-01-18,6114
2362,藍天,14,1,13,台中銀-員林,2024-01-18,6114
4956,光鋐,16,3,13,台中銀-員林,2024-01-18,6114
3149,正達,12,0,12,台中銀-員林,2024-01-18,6114
2002,中鋼,12,0,12,台中銀-員林,2024-01-18,6114
1314,中石化,12,0,12,台中銀-員林,2024-01-18,6114
8926,台汽電,12,0,12,台中銀-員林,2024-01-18,6114
9910,豐泰,11,0,11,台中銀-員林,2024-01-18,6114
00937B,群益ESG投等債20,12,1,11,台中銀-員林,2024-01-18,6114
1609,大亞,61,50,11,台中銀-員林,2024-01-18,6114
1101,台泥,10,0,10,台中銀-員林,2024-01-18,6114
1227,佳格,10,0,10,台中銀-員林,2024-01-18,6114
2105,正新,10,0,10,台中銀-員林,2024-01-18,6114
2409,友達,20,10,10,台中銀-員林,2024-01-18,6114
2344,華邦電,9,0,9,台中銀-員林,2024-01-18,6114
2753,八方雲集,9,0,9,台中銀-員林,2024-01-18,6114
9905,大華,9,0,9,台中銀-員林,2024-01-18,6114
2317,鴻海,8,0,8,台中銀-員林,2024-01-18,6114
2208,台船,12,4,8,台中銀-員林,2024-01-18,6114
00679B,元大美債20年,7,0,7,台中銀-員林,2024-01-18,6114
00637L,元大滬深300正2,258,251,7,台中銀-員林,2024-01-18,6114
4188,安克,7,0,7,台中銀-員林,2024-01-18,6114
3481,群創,61,54,7,台中銀-員林,2024-01-18,6114
00878,國泰永續高股息,9,2,7,台中銀-員林,2024-01-18,6114
00687B,國泰20年美債,145,0,145,台中銀-員林,2024-01-19,6114
5426,振發,386,282,104,台中銀-員林,2024-01-19,6114
0056,元大高股息,84,4,80,台中銀-員林,2024-01-19,6114
00688L,國泰20年美債正2,73,0,73,台中銀-員林,2024-01-19,6114
00679B,元大美債20年,65,0,65,台中銀-員林,2024-01-19,6114
00680L,元大美債20正2,62,0,62,台中銀-員林,2024-01-19,6114
00937B,群益ESG投等債20,53,0,53,台中銀-員林,2024-01-19,6114
4956,光鋐,73,28,45,台中銀-員林,2024-01-19,6114
2610,華航,32,0,32,台中銀-員林,2024-01-19,6114
2609,陽明,32,1,31,台中銀-員林,2024-01-19,6114
4909,新復興,30,0,30,台中銀-員林,2024-01-19,6114
6535,順藥,37,9,28,台中銀-員林,2024-01-19,6114
6233,旺玖,48,27,21,台中銀-員林,2024-01-19,6114
00882,中信中國高股息,21,0,21,台中銀-員林,2024-01-19,6114
00665L,富邦�琤肭磪囓�2,20,0,20,台中銀-員林,2024-01-19,6114
00725B,國泰投資級公司債,20,0,20,台中銀-員林,2024-01-19,6114
00919,群益台灣精選高息,39,19,20,台中銀-員林,2024-01-19,6114
00929,復華台灣科技優息,23,4,19,台中銀-員林,2024-01-19,6114
2002,中鋼,19,0,19,台中銀-員林,2024-01-19,6114
6770,力積電,19,0,19,台中銀-員林,2024-01-19,6114
2888,新光金,28,10,18,台中銀-員林,2024-01-19,6114
2883,凱基金,16,0,16,台中銀-員林,2024-01-19,6114
2308,台達電,14,1,13,台中銀-員林,2024-01-19,6114
00720B,元大投資級公司債,14,0,14,台中銀-員林,2024-01-19,6114
2014,中鴻,13,0,13,台中銀-員林,2024-01-19,6114
2603,長榮,14,1,13,台中銀-員林,2024-01-19,6114
6668,中揚光,14,1,13,台中銀-員林,2024-01-19,6114
6789,采鈺,16,4,12,台中銀-員林,2024-01-19,6114
00751B,元大AAA至A公司債,11,0,11,台中銀-員林,2024-01-19,6114
1815,富喬,11,0,11,台中銀-員林,2024-01-19,6114
2377,微星,13,2,11,台中銀-員林,2024-01-19,6114
2409,友達,12,1,11,台中銀-員林,2024-01-19,6114
3260,威剛,11,0,11,台中銀-員林,2024-01-19,6114
6446,藥華藥,11,0,11,台中銀-員林,2024-01-19,6114
2353,宏��,16,5,11,台中銀-員林,2024-01-19,6114
2801,彰銀,10,0,10,台中銀-員林,2024-01-19,6114
1101,台泥,60,50,10,台中銀-員林,2024-01-19,6114
1802,台玻,10,0,10,台中銀-員林,2024-01-19,6114
2461,光群雷,10,0,10,台中銀-員林,2024-01-19,6114
2867,三商壽,10,0,10,台中銀-員林,2024-01-19,6114
3607,谷崧,10,0,10,台中銀-員林,2024-01-19,6114
4167,松瑞藥,10,0,10,台中銀-員林,2024-01-19,6114
6153,嘉聯益,10,0,10,台中銀-員林,2024-01-19,6114
5483,中美晶,10,0,10,台中銀-員林,2024-01-19,6114
2104,國際中橡,9,0,9,台中銀-員林,2024-01-19,6114
2454,聯發科,8,0,8,台中銀-員林,2024-01-19,6114
00927,群益半導體收益,8,0,8,台中銀-員林,2024-01-19,6114
00632R,元大台灣50反1,8,0,8,台中銀-員林,2024-01-19,6114
1303,南亞,8,0,8,台中銀-員林,2024-01-19,6114
1314,中石化,8,0,8,台中銀-員林,2024-01-19,6114
3520,華盈,112,9,103,台中銀-員林,2024-01-22,6114
3706,神達,120,55,65,台中銀-員林,2024-01-22,6114
2883,凱基金,53,0,53,台中銀-員林,2024-01-22,6114
00882,中信中國高股息,46,0,46,台中銀-員林,2024-01-22,6114
3051,力特,55,11,44,台中銀-員林,2024-01-22,6114
2308,台達電,44,1,43,台中銀-員林,2024-01-22,6114
2353,宏��,110,69,41,台中銀-員林,2024-01-22,6114
2356,英業達,214,174,40,台中銀-員林,2024-01-22,6114
00937B,群益ESG投等債20,34,0,34,台中銀-員林,2024-01-22,6114
00919,群益台灣精選高息,31,0,31,台中銀-員林,2024-01-22,6114
00646,元大S＆P500,30,0,30,台中銀-員林,2024-01-22,6114
2618,長榮航,64,34,30,台中銀-員林,2024-01-22,6114
3050,鈺德,22,0,22,台中銀-員林,2024-01-22,6114
1795,美時,18,0,18,台中銀-員林,2024-01-22,6114
6668,中揚光,24,6,18,台中銀-員林,2024-01-22,6114
00715L,期街口布蘭特正2,26,10,16,台中銀-員林,2024-01-22,6114
2609,陽明,17,1,16,台中銀-員林,2024-01-22,6114
00665L,富邦�琤肭磪囓�2,25,10,15,台中銀-員林,2024-01-22,6114
2405,輔信,20,5,15,台中銀-員林,2024-01-22,6114
2511,太子,15,0,15,台中銀-員林,2024-01-22,6114
3227,原相,15,0,15,台中銀-員林,2024-01-22,6114
00642U,期元大S＆P石油,12,0,12,台中銀-員林,2024-01-22,6114
2603,長榮,14,3,11,台中銀-員林,2024-01-22,6114
2344,華邦電,16,5,11,台中銀-員林,2024-01-22,6114
2801,彰銀,10,0,10,台中銀-員林,2024-01-22,6114
5465,富驊,10,0,10,台中銀-員林,2024-01-22,6114
00676R,富邦臺灣加權反1,10,0,10,台中銀-員林,2024-01-22,6114
00933B,國泰10Y+金融債,10,0,10,台中銀-員林,2024-01-22,6114
00932,兆豐永續高息等權,10,0,10,台中銀-員林,2024-01-22,6114
1220,台榮,10,0,10,台中銀-員林,2024-01-22,6114
2314,台揚,10,0,10,台中銀-員林,2024-01-22,6114
2889,國票金,10,0,10,台中銀-員林,2024-01-22,6114
6275,元山,10,0,10,台中銀-員林,2024-01-22,6114
6706,惠特,10,0,10,台中銀-員林,2024-01-22,6114
2316,楠梓電,11,3,8,台中銀-員林,2024-01-22,6114
3362,先進光,8,0,8,台中銀-員林,2024-01-22,6114
2359,所羅門,9,2,7,台中銀-員林,2024-01-22,6114
6146,耕興,7,0,7,台中銀-員林,2024-01-22,6114
1101,台泥,6,0,6,台中銀-員林,2024-01-22,6114
1216,統一,6,0,6,台中銀-員林,2024-01-22,6114
3380,明泰,6,0,6,台中銀-員林,2024-01-22,6114
8096,擎亞,7,1,6,台中銀-員林,2024-01-22,6114
1301,台塑,5,0,5,台中銀-員林,2024-01-22,6114
2388,威盛,9,4,5,台中銀-員林,2024-01-22,6114
00675L,富邦臺灣加權正2,5,0,5,台中銀-員林,2024-01-22,6114
00751B,元大AAA至A公司債,5,0,5,台中銀-員林,2024-01-22,6114
1326,台化,5,0,5,台中銀-員林,2024-01-22,6114
2002,中鋼,6,1,5,台中銀-員林,2024-01-22,6114
2367,燿華,5,0,5,台中銀-員林,2024-01-22,6114
2425,承啟,5,0,5,台中銀-員林,2024-01-22,6114
2371,大同,95,2,93,台中銀-員林,2024-01-23,6114
2610,華航,71,3,68,台中銀-員林,2024-01-23,6114
2883,凱基金,63,0,63,台中銀-員林,2024-01-23,6114
2329,華泰,67,9,58,台中銀-員林,2024-01-23,6114
3520,華盈,59,1,58,台中銀-員林,2024-01-23,6114
2618,長榮航,43,1,42,台中銀-員林,2024-01-23,6114
3481,群創,96,55,41,台中銀-員林,2024-01-23,6114
8050,廣積,40,0,40,台中銀-員林,2024-01-23,6114
6684,安格,38,1,37,台中銀-員林,2024-01-23,6114
5347,世界,29,2,27,台中銀-員林,2024-01-23,6114
3380,明泰,29,2,27,台中銀-員林,2024-01-23,6114
2476,鉅祥,25,0,25,台中銀-員林,2024-01-23,6114
2376,技嘉,38,14,24,台中銀-員林,2024-01-23,6114
2845,遠東銀,23,0,23,台中銀-員林,2024-01-23,6114
00937B,群益ESG投等債20,22,0,22,台中銀-員林,2024-01-23,6114
4167,松瑞藥,21,0,21,台中銀-員林,2024-01-23,6114
6113,亞矽,26,5,21,台中銀-員林,2024-01-23,6114
00665L,富邦�琤肭磪囓�2,40,20,20,台中銀-員林,2024-01-23,6114
4743,合一,22,2,20,台中銀-員林,2024-01-23,6114
2472,立隆電,18,0,18,台中銀-員林,2024-01-23,6114
6239,力成,19,2,17,台中銀-員林,2024-01-23,6114
8096,擎亞,23,7,16,台中銀-員林,2024-01-23,6114
2449,京元電子,18,3,15,台中銀-員林,2024-01-23,6114
2913,農林,15,0,15,台中銀-員林,2024-01-23,6114
3545,敦泰,21,8,13,台中銀-員林,2024-01-23,6114
4960,誠美材,15,2,13,台中銀-員林,2024-01-23,6114
8210,勤誠,15,2,13,台中銀-員林,2024-01-23,6114
00673R,期元大S＆P原油反1,12,0,12,台中銀-員林,2024-01-23,6114
3712,永崴投控,13,1,12,台中銀-員林,2024-01-23,6114
2486,一詮,12,1,11,台中銀-員林,2024-01-23,6114
1326,台化,10,0,10,台中銀-員林,2024-01-23,6114
1449,佳和,10,0,10,台中銀-員林,2024-01-23,6114
2009,第一銅,10,0,10,台中銀-員林,2024-01-23,6114
3147,大綜,10,0,10,台中銀-員林,2024-01-23,6114
5478,智冠,10,0,10,台中銀-員林,2024-01-23,6114
8092,建暐,12,2,10,台中銀-員林,2024-01-23,6114
00919,群益台灣精選高息,11,2,9,台中銀-員林,2024-01-23,6114
1455,集盛,8,0,8,台中銀-員林,2024-01-23,6114
1513,中興電,13,5,8,台中銀-員林,2024-01-23,6114
6776,展�眥篕�,8,0,8,台中銀-員林,2024-01-23,6114
1216,統一,7,0,7,台中銀-員林,2024-01-23,6114
1609,大亞,8,1,7,台中銀-員林,2024-01-23,6114
2515,中工,7,0,7,台中銀-員林,2024-01-23,6114
3036,文曄,28,21,7,台中銀-員林,2024-01-23,6114
1582,信錦,7,0,7,台中銀-員林,2024-01-23,6114
8054,安國,7,1,6,台中銀-員林,2024-01-23,6114
2328,廣宇,6,0,6,台中銀-員林,2024-01-23,6114
3666,光耀,8,2,6,台中銀-員林,2024-01-23,6114
3679,新至陞,6,0,6,台中銀-員林,2024-01-23,6114
6446,藥華藥,6,0,6,台中銀-員林,2024-01-23,6114
4909,新復興,128,5,123,台中銀-員林,2024-01-24,6114
00688L,國泰20年美債正2,104,0,104,台中銀-員林,2024-01-24,6114
00715L,期街口布蘭特正2,101,0,101,台中銀-員林,2024-01-24,6114
00937B,群益ESG投等債20,81,0,81,台中銀-員林,2024-01-24,6114
00687B,國泰20年美債,70,0,70,台中銀-員林,2024-01-24,6114
3049,精金,77,10,67,台中銀-員林,2024-01-24,6114
00633L,富邦上証正2,66,3,63,台中銀-員林,2024-01-24,6114
4938,和碩,60,1,59,台中銀-員林,2024-01-24,6114
00882,中信中國高股息,57,0,57,台中銀-員林,2024-01-24,6114
2889,國票金,50,0,50,台中銀-員林,2024-01-24,6114
2353,宏��,48,12,36,台中銀-員林,2024-01-24,6114
2812,台中銀,40,6,34,台中銀-員林,2024-01-24,6114
2369,菱生,59,28,31,台中銀-員林,2024-01-24,6114
00646,元大S＆P500,30,0,30,台中銀-員林,2024-01-24,6114
3047,訊舟,30,1,29,台中銀-員林,2024-01-24,6114
3231,緯創,54,25,29,台中銀-員林,2024-01-24,6114
1809,中釉,40,12,28,台中銀-員林,2024-01-24,6114
00753L,中信中國50正2,35,10,25,台中銀-員林,2024-01-24,6114
00665L,富邦�琤肭磪囓�2,40,15,25,台中銀-員林,2024-01-24,6114
2301,光寶科,22,0,22,台中銀-員林,2024-01-24,6114
6116,彩晶,25,3,22,台中銀-員林,2024-01-24,6114
3504,揚明光,28,7,21,台中銀-員林,2024-01-24,6114
6770,力積電,19,0,19,台中銀-員林,2024-01-24,6114
00637L,元大滬深300正2,168,150,18,台中銀-員林,2024-01-24,6114
2371,大同,90,73,17,台中銀-員林,2024-01-24,6114
3490,單井,26,9,17,台中銀-員林,2024-01-24,6114
00680L,元大美債20正2,21,5,16,台中銀-員林,2024-01-24,6114
8096,擎亞,41,25,16,台中銀-員林,2024-01-24,6114
2376,技嘉,30,15,15,台中銀-員林,2024-01-24,6114
2867,三商壽,15,0,15,台中銀-員林,2024-01-24,6114
5443,均豪,20,5,15,台中銀-員林,2024-01-24,6114
00679B,元大美債20年,15,0,15,台中銀-員林,2024-01-24,6114
5351,鈺創,14,0,14,台中銀-員林,2024-01-24,6114
2409,友達,18,5,13,台中銀-員林,2024-01-24,6114
4402,郡都開發,13,0,13,台中銀-員林,2024-01-24,6114
2382,廣達,17,4,13,台中銀-員林,2024-01-24,6114
00900,富邦特選高股息30,12,0,12,台中銀-員林,2024-01-24,6114
2610,華航,21,10,11,台中銀-員林,2024-01-24,6114
4129,聯合,11,0,11,台中銀-員林,2024-01-24,6114
2354,鴻準,10,0,10,台中銀-員林,2024-01-24,6114
3380,明泰,13,3,10,台中銀-員林,2024-01-24,6114
3712,永崴投控,11,1,10,台中銀-員林,2024-01-24,6114
8011,台通,10,0,10,台中銀-員林,2024-01-24,6114
8076,伍豐,10,0,10,台中銀-員林,2024-01-24,6114
00751B,元大AAA至A公司債,8,0,8,台中銀-員林,2024-01-24,6114
1455,集盛,8,0,8,台中銀-員林,2024-01-24,6114
8092,建暐,8,0,8,台中銀-員林,2024-01-24,6114
2486,一詮,39,31,8,台中銀-員林,2024-01-24,6114
8050,廣積,8,1,7,台中銀-員林,2024-01-24,6114
1301,台塑,7,0,7,台中銀-員林,2024-01-24,6114
00687B,國泰20年美債,154,0,154,台中銀-員林,2024-01-25,6114
3520,華盈,98,33,65,台中銀-員林,2024-01-25,6114
00688L,國泰20年美債正2,61,0,61,台中銀-員林,2024-01-25,6114
3047,訊舟,251,200,51,台中銀-員林,2024-01-25,6114
2365,昆盈,50,0,50,台中銀-員林,2024-01-25,6114
5426,振發,53,14,39,台中銀-員林,2024-01-25,6114
2371,大同,40,5,35,台中銀-員林,2024-01-25,6114
2356,英業達,61,28,33,台中銀-員林,2024-01-25,6114
00680L,元大美債20正2,29,5,24,台中銀-員林,2024-01-25,6114
00937B,群益ESG投等債20,28,5,23,台中銀-員林,2024-01-25,6114
2409,友達,31,10,21,台中銀-員林,2024-01-25,6114
6245,立端,21,0,21,台中銀-員林,2024-01-25,6114
3498,陽程,20,0,20,台中銀-員林,2024-01-25,6114
4729,熒茂,20,0,20,台中銀-員林,2024-01-25,6114
00679B,元大美債20年,17,0,17,台中銀-員林,2024-01-25,6114
00720B,元大投資級公司債,16,0,16,台中銀-員林,2024-01-25,6114
3622,洋華,16,0,16,台中銀-員林,2024-01-25,6114
5351,鈺創,16,0,16,台中銀-員林,2024-01-25,6114
3615,安可,21,7,14,台中銀-員林,2024-01-25,6114
00931B,統一美債20年,13,0,13,台中銀-員林,2024-01-25,6114
2002,中鋼,12,0,12,台中銀-員林,2024-01-25,6114
2314,台揚,12,0,12,台中銀-員林,2024-01-25,6114
00935,野村臺灣新科技50,11,0,11,台中銀-員林,2024-01-25,6114
2915,潤泰全,11,0,11,台中銀-員林,2024-01-25,6114
00650L,復華香港正2,10,0,10,台中銀-員林,2024-01-25,6114
2472,立隆電,13,3,10,台中銀-員林,2024-01-25,6114
3017,奇鋐,11,1,10,台中銀-員林,2024-01-25,6114
3147,大綜,10,0,10,台中銀-員林,2024-01-25,6114
3260,威剛,10,0,10,台中銀-員林,2024-01-25,6114
6446,藥華藥,10,0,10,台中銀-員林,2024-01-25,6114
1815,富喬,9,0,9,台中銀-員林,2024-01-25,6114
6770,力積電,9,0,9,台中銀-員林,2024-01-25,6114
2421,建準,16,8,8,台中銀-員林,2024-01-25,6114
00915,凱基優選高股息30,8,0,8,台中銀-員林,2024-01-25,6114
4909,新復興,64,56,8,台中銀-員林,2024-01-25,6114
6113,亞矽,29,21,8,台中銀-員林,2024-01-25,6114
00878,國泰永續高股息,12,5,7,台中銀-員林,2024-01-25,6114
2467,志聖,16,9,7,台中銀-員林,2024-01-25,6114
3588,通嘉,13,6,7,台中銀-員林,2024-01-25,6114
6535,順藥,23,16,7,台中銀-員林,2024-01-25,6114
6592,和潤企業,7,0,7,台中銀-員林,2024-01-25,6114
6274,台燿,8,1,7,台中銀-員林,2024-01-25,6114
5478,智冠,16,10,6,台中銀-員林,2024-01-25,6114
2208,台船,6,0,6,台中銀-員林,2024-01-25,6114
2605,新興,6,0,6,台中銀-員林,2024-01-25,6114
4420,光明,6,0,6,台中銀-員林,2024-01-25,6114
5236,凌陽創新,6,0,6,台中銀-員林,2024-01-25,6114
5272,笙科,9,3,6,台中銀-員林,2024-01-25,6114
5439,高技,8,2,6,台中銀-員林,2024-01-25,6114
8092,建暐,6,0,6,台中銀-員林,2024-01-25,6114
00900,富邦特選高股息30,111,4,107,台中銀-員林,2024-01-26,6114
00715L,期街口布蘭特正2,100,10,90,台中銀-員林,2024-01-26,6114
00919,群益台灣精選高息,89,1,88,台中銀-員林,2024-01-26,6114
2371,大同,66,1,65,台中銀-員林,2024-01-26,6114
00687B,國泰20年美債,63,0,63,台中銀-員林,2024-01-26,6114
2618,長榮航,55,0,55,台中銀-員林,2024-01-26,6114
2353,宏��,56,17,39,台中銀-員林,2024-01-26,6114
3520,華盈,39,2,37,台中銀-員林,2024-01-26,6114
5203,訊連,23,1,22,台中銀-員林,2024-01-26,6114
00882,中信中國高股息,32,11,21,台中銀-員林,2024-01-26,6114
00929,復華台灣科技優息,23,2,21,台中銀-員林,2024-01-26,6114
00888,永豐台灣ESG,20,0,20,台中銀-員林,2024-01-26,6114
3694,海華,77,57,20,台中銀-員林,2024-01-26,6114
00680L,元大美債20正2,17,0,17,台中銀-員林,2024-01-26,6114
6270,倍微,20,3,17,台中銀-員林,2024-01-26,6114
2301,光寶科,14,0,14,台中銀-員林,2024-01-26,6114
00753L,中信中國50正2,19,6,13,台中銀-員林,2024-01-26,6114
2314,台揚,12,0,12,台中銀-員林,2024-01-26,6114
3623,富晶通,34,22,12,台中銀-員林,2024-01-26,6114
00878,國泰永續高股息,12,0,12,台中銀-員林,2024-01-26,6114
2812,台中銀,12,0,12,台中銀-員林,2024-01-26,6114
00679B,元大美債20年,11,0,11,台中銀-員林,2024-01-26,6114
2409,友達,13,2,11,台中銀-員林,2024-01-26,6114
1326,台化,10,0,10,台中銀-員林,2024-01-26,6114
1810,和成,10,0,10,台中銀-員林,2024-01-26,6114
9955,佳龍,10,0,10,台中銀-員林,2024-01-26,6114
8227,巨有科技,9,0,9,台中銀-員林,2024-01-26,6114
8027,鈦昇,9,0,9,台中銀-員林,2024-01-26,6114
2472,立隆電,10,1,9,台中銀-員林,2024-01-26,6114
3046,建��,9,0,9,台中銀-員林,2024-01-26,6114
3354,律勝,14,6,8,台中銀-員林,2024-01-26,6114
8210,勤誠,13,5,8,台中銀-員林,2024-01-26,6114
00665L,富邦�琤肭磪囓�2,18,10,8,台中銀-員林,2024-01-26,6114
3687,歐買尬,9,1,8,台中銀-員林,2024-01-26,6114
5355,佳總,8,0,8,台中銀-員林,2024-01-26,6114
6482,弘煜科,8,0,8,台中銀-員林,2024-01-26,6114
2603,長榮,7,0,7,台中銀-員林,2024-01-26,6114
8097,常珵,7,0,7,台中銀-員林,2024-01-26,6114
6462,神盾,13,6,7,台中銀-員林,2024-01-26,6114
8054,安國,13,7,6,台中銀-員林,2024-01-26,6114
2324,仁寶,8,2,6,台中銀-員林,2024-01-26,6114
00673R,期元大S＆P原油反1,16,10,6,台中銀-員林,2024-01-26,6114
3051,力特,6,0,6,台中銀-員林,2024-01-26,6114
5272,笙科,6,0,6,台中銀-員林,2024-01-26,6114
2421,建準,12,6,6,台中銀-員林,2024-01-26,6114
3231,緯創,42,37,5,台中銀-員林,2024-01-26,6114
0056,元大高股息,6,1,5,台中銀-員林,2024-01-26,6114
4909,新復興,11,6,5,台中銀-員林,2024-01-26,6114
2867,三商壽,5,0,5,台中銀-員林,2024-01-26,6114
2887,台新金,5,0,5,台中銀-員林,2024-01-26,6114
2889,國票金,750,0,750,台中銀-員林,2024-01-29,6114
8936,國統,189,2,187,台中銀-員林,2024-01-29,6114
00687B,國泰20年美債,73,3,70,台中銀-員林,2024-01-29,6114
00673R,期元大S＆P原油反1,35,0,35,台中銀-員林,2024-01-29,6114
2440,太空梭,32,0,32,台中銀-員林,2024-01-29,6114
6465,威潤,30,0,30,台中銀-員林,2024-01-29,6114
1503,士電,31,2,29,台中銀-員林,2024-01-29,6114
3490,單井,31,3,28,台中銀-員林,2024-01-29,6114
00937B,群益ESG投等債20,26,1,25,台中銀-員林,2024-01-29,6114
8096,擎亞,31,7,24,台中銀-員林,2024-01-29,6114
00936,台新永續高息中小,20,0,20,台中銀-員林,2024-01-29,6114
00929,復華台灣科技優息,17,0,17,台中銀-員林,2024-01-29,6114
00679B,元大美債20年,15,0,15,台中銀-員林,2024-01-29,6114
00637L,元大滬深300正2,28,13,15,台中銀-員林,2024-01-29,6114
00632R,元大台灣50反1,15,0,15,台中銀-員林,2024-01-29,6114
3622,洋華,17,3,14,台中銀-員林,2024-01-29,6114
2356,英業達,13,0,13,台中銀-員林,2024-01-29,6114
2344,華邦電,13,0,13,台中銀-員林,2024-01-29,6114
00933B,國泰10Y+金融債,12,0,12,台中銀-員林,2024-01-29,6114
2603,長榮,13,1,12,台中銀-員林,2024-01-29,6114
2303,聯電,13,2,11,台中銀-員林,2024-01-29,6114
8227,巨有科技,13,2,11,台中銀-員林,2024-01-29,6114
2313,華通,17,6,11,台中銀-員林,2024-01-29,6114
8044,網家,11,0,11,台中銀-員林,2024-01-29,6114
8071,能率網通,11,0,11,台中銀-員林,2024-01-29,6114
2358,廷鑫,10,0,10,台中銀-員林,2024-01-29,6114
2409,友達,10,0,10,台中銀-員林,2024-01-29,6114
2836,高雄銀,10,0,10,台中銀-員林,2024-01-29,6114
9928,中視,10,0,10,台中銀-員林,2024-01-29,6114
1309,台達化,10,0,10,台中銀-員林,2024-01-29,6114
00900,富邦特選高股息30,10,1,9,台中銀-員林,2024-01-29,6114
2337,旺宏,9,0,9,台中銀-員林,2024-01-29,6114
2404,漢唐,9,0,9,台中銀-員林,2024-01-29,6114
6282,康舒,14,6,8,台中銀-員林,2024-01-29,6114
00931B,統一美債20年,8,0,8,台中銀-員林,2024-01-29,6114
1785,光洋科,8,0,8,台中銀-員林,2024-01-29,6114
5203,訊連,8,0,8,台中銀-員林,2024-01-29,6114
6770,力積電,8,0,8,台中銀-員林,2024-01-29,6114
8046,南電,8,0,8,台中銀-員林,2024-01-29,6114
2472,立隆電,16,8,8,台中銀-員林,2024-01-29,6114
2329,華泰,30,22,8,台中銀-員林,2024-01-29,6114
3687,歐買尬,7,0,7,台中銀-員林,2024-01-29,6114
3051,力特,10,3,7,台中銀-員林,2024-01-29,6114
5521,工信,7,0,7,台中銀-員林,2024-01-29,6114
8107,大億金茂,7,0,7,台中銀-員林,2024-01-29,6114
00680L,元大美債20正2,6,0,6,台中銀-員林,2024-01-29,6114
1587,吉茂,6,0,6,台中銀-員林,2024-01-29,6114
6146,耕興,9,3,6,台中銀-員林,2024-01-29,6114
6233,旺玖,7,1,6,台中銀-員林,2024-01-29,6114
2867,三商壽,5,0,5,台中銀-員林,2024-01-29,6114
00665L,富邦�琤肭磪囓�2,80,15,65,台中銀-員林,2024-01-30,6114
00715L,期街口布蘭特正2,50,0,50,台中銀-員林,2024-01-30,6114
2356,英業達,49,20,29,台中銀-員林,2024-01-30,6114
3715,定穎投控,39,13,26,台中銀-員林,2024-01-30,6114
3051,力特,25,1,24,台中銀-員林,2024-01-30,6114
2401,凌陽,23,0,23,台中銀-員林,2024-01-30,6114
00753L,中信中國50正2,30,8,22,台中銀-員林,2024-01-30,6114
00882,中信中國高股息,21,0,21,台中銀-員林,2024-01-30,6114
00637L,元大滬深300正2,123,103,20,台中銀-員林,2024-01-30,6114
1314,中石化,20,0,20,台中銀-員林,2024-01-30,6114
3230,錦明,20,0,20,台中銀-員林,2024-01-30,6114
00687B,國泰20年美債,19,0,19,台中銀-員林,2024-01-30,6114
00720B,元大投資級公司債,20,2,18,台中銀-員林,2024-01-30,6114
3231,緯創,41,23,18,台中銀-員林,2024-01-30,6114
2409,友達,18,1,17,台中銀-員林,2024-01-30,6114
5521,工信,17,0,17,台中銀-員林,2024-01-30,6114
6770,力積電,17,0,17,台中銀-員林,2024-01-30,6114
8064,東捷,27,10,17,台中銀-員林,2024-01-30,6114
00679B,元大美債20年,12,0,12,台中銀-員林,2024-01-30,6114
3260,威剛,12,0,12,台中銀-員林,2024-01-30,6114
2610,華航,12,0,12,台中銀-員林,2024-01-30,6114
2344,華邦電,11,0,11,台中銀-員林,2024-01-30,6114
2472,立隆電,14,3,11,台中銀-員林,2024-01-30,6114
2888,新光金,11,0,11,台中銀-員林,2024-01-30,6114
2882,國泰金,10,0,10,台中銀-員林,2024-01-30,6114
1815,富喬,10,0,10,台中銀-員林,2024-01-30,6114
1909,榮成,10,0,10,台中銀-員林,2024-01-30,6114
2836,高雄銀,10,0,10,台中銀-員林,2024-01-30,6114
3545,敦泰,10,0,10,台中銀-員林,2024-01-30,6114
3576,聯合再生,10,0,10,台中銀-員林,2024-01-30,6114
3694,海華,23,13,10,台中銀-員林,2024-01-30,6114
5258,虹堡,10,0,10,台中銀-員林,2024-01-30,6114
6180,橘子,10,0,10,台中銀-員林,2024-01-30,6114
9928,中視,10,0,10,台中銀-員林,2024-01-30,6114
2404,漢唐,9,0,9,台中銀-員林,2024-01-30,6114
3265,台星科,8,0,8,台中銀-員林,2024-01-30,6114
6165,浪凡,11,3,8,台中銀-員林,2024-01-30,6114
6465,威潤,11,3,8,台中銀-員林,2024-01-30,6114
6668,中揚光,8,0,8,台中銀-員林,2024-01-30,6114
8489,三貝德,9,1,8,台中銀-員林,2024-01-30,6114
2454,聯發科,9,2,7,台中銀-員林,2024-01-30,6114
2481,強茂,7,0,7,台中銀-員林,2024-01-30,6114
5871,中租-KY,6,0,6,台中銀-員林,2024-01-30,6114
2337,旺宏,6,0,6,台中銀-員林,2024-01-30,6114
2362,藍天,6,0,6,台中銀-員林,2024-01-30,6114
3046,建��,6,0,6,台中銀-員林,2024-01-30,6114
9919,康那香,6,0,6,台中銀-員林,2024-01-30,6114
2308,台達電,6,0,6,台中銀-員林,2024-01-30,6114
00936,台新永續高息中小,5,0,5,台中銀-員林,2024-01-30,6114
00676R,富邦臺灣加權反1,5,0,5,台中銀-員林,2024-01-30,6114
2618,長榮航,65,2,63,台中銀-員林,2024-01-31,6114
2867,三商壽,51,0,51,台中銀-員林,2024-01-31,6114
00882,中信中國高股息,59,11,48,台中銀-員林,2024-01-31,6114
2387,精元,44,0,44,台中銀-員林,2024-01-31,6114
00687B,國泰20年美債,40,3,37,台中銀-員林,2024-01-31,6114
2371,大同,35,4,31,台中銀-員林,2024-01-31,6114
00688L,國泰20年美債正2,30,0,30,台中銀-員林,2024-01-31,6114
2313,華通,33,4,29,台中銀-員林,2024-01-31,6114
1101,台泥,26,0,26,台中銀-員林,2024-01-31,6114
00679B,元大美債20年,24,0,24,台中銀-員林,2024-01-31,6114
2344,華邦電,66,44,22,台中銀-員林,2024-01-31,6114
2609,陽明,53,33,20,台中銀-員林,2024-01-31,6114
3231,緯創,46,26,20,台中銀-員林,2024-01-31,6114
9105,泰金寶-DR,19,0,19,台中銀-員林,2024-01-31,6114
2812,台中銀,66,48,18,台中銀-員林,2024-01-31,6114
2356,英業達,58,40,18,台中銀-員林,2024-01-31,6114
2303,聯電,18,1,17,台中銀-員林,2024-01-31,6114
1609,大亞,17,2,15,台中銀-員林,2024-01-31,6114
2443,昶虹,15,0,15,台中銀-員林,2024-01-31,6114
3362,先進光,33,19,14,台中銀-員林,2024-01-31,6114
00712,復華富時不動產,21,7,14,台中銀-員林,2024-01-31,6114
4532,瑞智,13,0,13,台中銀-員林,2024-01-31,6114
2603,長榮,14,1,13,台中銀-員林,2024-01-31,6114
1316,上曜,31,19,12,台中銀-員林,2024-01-31,6114
2369,菱生,45,34,11,台中銀-員林,2024-01-31,6114
2465,麗臺,14,4,10,台中銀-員林,2024-01-31,6114
2440,太空梭,10,0,10,台中銀-員林,2024-01-31,6114
2915,潤泰全,10,0,10,台中銀-員林,2024-01-31,6114
9928,中視,10,0,10,台中銀-員林,2024-01-31,6114
00720B,元大投資級公司債,10,1,9,台中銀-員林,2024-01-31,6114
1560,中砂,12,4,8,台中銀-員林,2024-01-31,6114
3041,揚智,14,6,8,台中銀-員林,2024-01-31,6114
6446,藥華藥,9,1,8,台中銀-員林,2024-01-31,6114
3481,群創,13,6,7,台中銀-員林,2024-01-31,6114
2605,新興,10,3,7,台中銀-員林,2024-01-31,6114
1605,華新,6,0,6,台中銀-員林,2024-01-31,6114
3545,敦泰,17,11,6,台中銀-員林,2024-01-31,6114
3324,雙鴻,6,0,6,台中銀-員林,2024-01-31,6114
1514,亞力,26,20,6,台中銀-員林,2024-01-31,6114
5521,工信,6,0,6,台中銀-員林,2024-01-31,6114
0056,元大高股息,6,1,5,台中銀-員林,2024-01-31,6114
2455,全新,5,0,5,台中銀-員林,2024-01-31,6114
2355,敬鵬,5,0,5,台中銀-員林,2024-01-31,6114
2409,友達,7,2,5,台中銀-員林,2024-01-31,6114
2511,太子,5,0,5,台中銀-員林,2024-01-31,6114
4167,松瑞藥,15,10,5,台中銀-員林,2024-01-31,6114
5443,均豪,5,0,5,台中銀-員林,2024-01-31,6114
8121,越峰,5,0,5,台中銀-員林,2024-01-31,6114
2329,華泰,22,17,5,台中銀-員林,2024-01-31,6114
1702,南僑,5,0,5,台中銀-員林,2024-01-31,6114
2356,英業達,109,43,66,台中銀-員林,2024-02-01,6114
1101,台泥,51,1,50,台中銀-員林,2024-02-01,6114
00712,復華富時不動產,70,26,44,台中銀-員林,2024-02-01,6114
1316,上曜,36,0,36,台中銀-員林,2024-02-01,6114
00929,復華台灣科技優息,25,0,25,台中銀-員林,2024-02-01,6114
2603,長榮,37,13,24,台中銀-員林,2024-02-01,6114
2303,聯電,24,0,24,台中銀-員林,2024-02-01,6114
5236,凌陽創新,24,0,24,台中銀-員林,2024-02-01,6114
6695,芯鼎,70,46,24,台中銀-員林,2024-02-01,6114
00646,元大S＆P500,22,0,22,台中銀-員林,2024-02-01,6114
3434,哲固,22,0,22,台中銀-員林,2024-02-01,6114
3481,群創,22,0,22,台中銀-員林,2024-02-01,6114
00687B,國泰20年美債,33,13,20,台中銀-員林,2024-02-01,6114
6770,力積電,21,1,20,台中銀-員林,2024-02-01,6114
4167,松瑞藥,16,0,16,台中銀-員林,2024-02-01,6114
2409,友達,13,0,13,台中銀-員林,2024-02-01,6114
00882,中信中國高股息,19,6,13,台中銀-員林,2024-02-01,6114
6237,驊訊,16,3,13,台中銀-員林,2024-02-01,6114
00637L,元大滬深300正2,21,8,13,台中銀-員林,2024-02-01,6114
1618,合機,12,0,12,台中銀-員林,2024-02-01,6114
00665L,富邦�琤肭磪囓�2,11,0,11,台中銀-員林,2024-02-01,6114
4420,光明,11,0,11,台中銀-員林,2024-02-01,6114
5272,笙科,12,1,11,台中銀-員林,2024-02-01,6114
6116,彩晶,13,2,11,台中銀-員林,2024-02-01,6114
8011,台通,11,0,11,台中銀-員林,2024-02-01,6114
2314,台揚,10,0,10,台中銀-員林,2024-02-01,6114
00937B,群益ESG投等債20,10,0,10,台中銀-員林,2024-02-01,6114
1524,耿鼎,10,0,10,台中銀-員林,2024-02-01,6114
3287,廣寰科,10,0,10,台中銀-員林,2024-02-01,6114
3390,旭軟,10,0,10,台中銀-員林,2024-02-01,6114
3520,華盈,33,23,10,台中銀-員林,2024-02-01,6114
5511,德昌,10,0,10,台中銀-員林,2024-02-01,6114
2382,廣達,13,3,10,台中銀-員林,2024-02-01,6114
00931B,統一美債20年,9,0,9,台中銀-員林,2024-02-01,6114
3308,聯德,9,0,9,台中銀-員林,2024-02-01,6114
4174,浩鼎,9,0,9,台中銀-員林,2024-02-01,6114
1609,大亞,10,1,9,台中銀-員林,2024-02-01,6114
2486,一詮,10,2,8,台中銀-員林,2024-02-01,6114
3530,晶相光,16,8,8,台中銀-員林,2024-02-01,6114
2375,凱美,7,0,7,台中銀-員林,2024-02-01,6114
3038,全台,7,0,7,台中銀-員林,2024-02-01,6114
8092,建暐,7,0,7,台中銀-員林,2024-02-01,6114
3017,奇鋐,33,26,7,台中銀-員林,2024-02-01,6114
00751B,元大AAA至A公司債,7,1,6,台中銀-員林,2024-02-01,6114
6472,保瑞,6,0,6,台中銀-員林,2024-02-01,6114
1806,冠軍,6,0,6,台中銀-員林,2024-02-01,6114
4968,立積,7,1,6,台中銀-員林,2024-02-01,6114
8064,東捷,7,1,6,台中銀-員林,2024-02-01,6114
8121,越峰,6,0,6,台中銀-員林,2024-02-01,6114
8155,博智,6,0,6,台中銀-員林,2024-02-01,6114
00706L,期元大S＆P日圓正2,200,0,200,台中銀-員林,2024-02-02,6114
2812,台中銀,149,95,54,台中銀-員林,2024-02-02,6114
00680L,元大美債20正2,54,2,52,台中銀-員林,2024-02-02,6114
8936,國統,49,4,45,台中銀-員林,2024-02-02,6114
2891,中信金,40,0,40,台中銀-員林,2024-02-02,6114
1316,上曜,36,1,35,台中銀-員林,2024-02-02,6114
9928,中視,30,0,30,台中銀-員林,2024-02-02,6114
6770,力積電,30,1,29,台中銀-員林,2024-02-02,6114
00882,中信中國高股息,29,0,29,台中銀-員林,2024-02-02,6114
00751B,元大AAA至A公司債,28,0,28,台中銀-員林,2024-02-02,6114
2002,中鋼,27,0,27,台中銀-員林,2024-02-02,6114
2303,聯電,25,2,23,台中銀-員林,2024-02-02,6114
2603,長榮,26,3,23,台中銀-員林,2024-02-02,6114
2313,華通,50,28,22,台中銀-員林,2024-02-02,6114
00715L,期街口布蘭特正2,21,0,21,台中銀-員林,2024-02-02,6114
2440,太空梭,20,0,20,台中銀-員林,2024-02-02,6114
2377,微星,33,13,20,台中銀-員林,2024-02-02,6114
2371,大同,20,1,19,台中銀-員林,2024-02-02,6114
3483,力致,20,2,18,台中銀-員林,2024-02-02,6114
2609,陽明,15,0,15,台中銀-員林,2024-02-02,6114
2388,威盛,17,2,15,台中銀-員林,2024-02-02,6114
2443,昶虹,15,0,15,台中銀-員林,2024-02-02,6114
2610,華航,15,0,15,台中銀-員林,2024-02-02,6114
2634,漢翔,14,0,14,台中銀-員林,2024-02-02,6114
00720B,元大投資級公司債,14,0,14,台中銀-員林,2024-02-02,6114
00929,復華台灣科技優息,17,4,13,台中銀-員林,2024-02-02,6114
00733,富邦臺灣中小,13,0,13,台中銀-員林,2024-02-02,6114
1514,亞力,21,9,12,台中銀-員林,2024-02-02,6114
00936,台新永續高息中小,12,0,12,台中銀-員林,2024-02-02,6114
1815,富喬,12,0,12,台中銀-員林,2024-02-02,6114
2618,長榮航,12,0,12,台中銀-員林,2024-02-02,6114
3071,協禧,12,0,12,台中銀-員林,2024-02-02,6114
1503,士電,27,16,11,台中銀-員林,2024-02-02,6114
00919,群益台灣精選高息,11,1,10,台中銀-員林,2024-02-02,6114
1314,中石化,12,2,10,台中銀-員林,2024-02-02,6114
1810,和成,10,0,10,台中銀-員林,2024-02-02,6114
2504,國產,10,0,10,台中銀-員林,2024-02-02,6114
2816,旺旺保,10,0,10,台中銀-員林,2024-02-02,6114
2888,新光金,10,0,10,台中銀-員林,2024-02-02,6114
00712,復華富時不動產,16,6,10,台中銀-員林,2024-02-02,6114
8064,東捷,10,1,9,台中銀-員林,2024-02-02,6114
6233,旺玖,16,8,8,台中銀-員林,2024-02-02,6114
6165,浪凡,8,0,8,台中銀-員林,2024-02-02,6114
6282,康舒,11,3,8,台中銀-員林,2024-02-02,6114
8092,建暐,8,0,8,台中銀-員林,2024-02-02,6114
00637L,元大滬深300正2,20,13,7,台中銀-員林,2024-02-02,6114
00878,國泰永續高股息,15,8,7,台中銀-員林,2024-02-02,6114
2034,允強,7,0,7,台中銀-員林,2024-02-02,6114
3041,揚智,34,27,7,台中銀-員林,2024-02-02,6114
3268,海德威,15,8,7,台中銀-員林,2024-02-02,6114
00937B,群益ESG投等債20,137,12,125,台中銀-員林,2024-02-05,6114
2603,長榮,101,1,100,台中銀-員林,2024-02-05,6114
00688L,國泰20年美債正2,68,0,68,台中銀-員林,2024-02-05,6114
8936,國統,57,0,57,台中銀-員林,2024-02-05,6114
00712,復華富時不動產,65,13,52,台中銀-員林,2024-02-05,6114
00680L,元大美債20正2,54,8,46,台中銀-員林,2024-02-05,6114
00720B,元大投資級公司債,73,28,45,台中銀-員林,2024-02-05,6114
00687B,國泰20年美債,42,2,40,台中銀-員林,2024-02-05,6114
2886,兆豐金,35,0,35,台中銀-員林,2024-02-05,6114
8064,東捷,32,0,32,台中銀-員林,2024-02-05,6114
00795B,中信美國公債20年,31,0,31,台中銀-員林,2024-02-05,6114
2108,南帝,31,0,31,台中銀-員林,2024-02-05,6114
00857B,永豐20年美公債,30,0,30,台中銀-員林,2024-02-05,6114
1605,華新,24,0,24,台中銀-員林,2024-02-05,6114
2303,聯電,24,1,23,台中銀-員林,2024-02-05,6114
6285,啟��,20,1,19,台中銀-員林,2024-02-05,6114
2442,新美齊,19,0,19,台中銀-員林,2024-02-05,6114
2542,興富發,18,0,18,台中銀-員林,2024-02-05,6114
00882,中信中國高股息,18,0,18,台中銀-員林,2024-02-05,6114
3231,緯創,70,53,17,台中銀-員林,2024-02-05,6114
2382,廣達,21,4,17,台中銀-員林,2024-02-05,6114
00891,中信關鍵半導體,16,0,16,台中銀-員林,2024-02-05,6114
2409,友達,22,6,16,台中銀-員林,2024-02-05,6114
6243,迅杰,22,6,16,台中銀-員林,2024-02-05,6114
8092,建暐,16,0,16,台中銀-員林,2024-02-05,6114
2313,華通,31,17,14,台中銀-員林,2024-02-05,6114
3268,海德威,22,9,13,台中銀-員林,2024-02-05,6114
4908,前鼎,15,2,13,台中銀-員林,2024-02-05,6114
6465,威潤,14,1,13,台中銀-員林,2024-02-05,6114
00931B,統一美債20年,11,0,11,台中銀-員林,2024-02-05,6114
00918,大華優利高填息30,10,0,10,台中銀-員林,2024-02-05,6114
2022,聚亨,10,0,10,台中銀-員林,2024-02-05,6114
2601,益航,10,0,10,台中銀-員林,2024-02-05,6114
2801,彰銀,10,0,10,台中銀-員林,2024-02-05,6114
2836,高雄銀,10,0,10,台中銀-員林,2024-02-05,6114
3049,精金,10,0,10,台中銀-員林,2024-02-05,6114
3372,典範,10,0,10,台中銀-員林,2024-02-05,6114
4167,松瑞藥,10,0,10,台中銀-員林,2024-02-05,6114
4712,福格創新,10,0,10,台中銀-員林,2024-02-05,6114
6120,達運,10,0,10,台中銀-員林,2024-02-05,6114
00929,復華台灣科技優息,25,16,9,台中銀-員林,2024-02-05,6114
1316,上曜,18,9,9,台中銀-員林,2024-02-05,6114
1325,恆大,9,0,9,台中銀-員林,2024-02-05,6114
2634,漢翔,9,0,9,台中銀-員林,2024-02-05,6114
3520,華盈,10,1,9,台中銀-員林,2024-02-05,6114
4714,永捷,20,11,9,台中銀-員林,2024-02-05,6114
9919,康那香,9,0,9,台中銀-員林,2024-02-05,6114
3017,奇鋐,43,34,9,台中銀-員林,2024-02-05,6114
00679B,元大美債20年,8,0,8,台中銀-員林,2024-02-05,6114
6146,耕興,8,0,8,台中銀-員林,2024-02-05,6114
00687B,國泰20年美債,158,0,158,台中銀-員林,2024-02-15,6114
2812,台中銀,125,13,112,台中銀-員林,2024-02-15,6114
00937B,群益ESG投等債20,112,6,106,台中銀-員林,2024-02-15,6114
3010,華立,105,0,105,台中銀-員林,2024-02-15,6114
2888,新光金,101,0,101,台中銀-員林,2024-02-15,6114
6125,廣運,109,17,92,台中銀-員林,2024-02-15,6114
00712,復華富時不動產,80,0,80,台中銀-員林,2024-02-15,6114
2618,長榮航,77,7,70,台中銀-員林,2024-02-15,6114
6446,藥華藥,69,1,68,台中銀-員林,2024-02-15,6114
00680L,元大美債20正2,65,0,65,台中銀-員林,2024-02-15,6114
00688L,國泰20年美債正2,63,0,63,台中銀-員林,2024-02-15,6114
00706L,期元大S＆P日圓正2,60,0,60,台中銀-員林,2024-02-15,6114
00931B,統一美債20年,54,0,54,台中銀-員林,2024-02-15,6114
6245,立端,52,6,46,台中銀-員林,2024-02-15,6114
2610,華航,46,3,43,台中銀-員林,2024-02-15,6114
2915,潤泰全,41,0,41,台中銀-員林,2024-02-15,6114
8936,國統,30,2,28,台中銀-員林,2024-02-15,6114
00720B,元大投資級公司債,26,0,26,台中銀-員林,2024-02-15,6114
00679B,元大美債20年,25,0,25,台中銀-員林,2024-02-15,6114
00673R,期元大S＆P原油反1,25,0,25,台中銀-員林,2024-02-15,6114
3481,群創,32,9,23,台中銀-員林,2024-02-15,6114
2834,臺企銀,25,4,21,台中銀-員林,2024-02-15,6114
6111,大宇資,21,1,20,台中銀-員林,2024-02-15,6114
6182,合晶,20,0,20,台中銀-員林,2024-02-15,6114
2401,凌陽,41,25,16,台中銀-員林,2024-02-15,6114
2356,英業達,44,29,15,台中銀-員林,2024-02-15,6114
5483,中美晶,14,0,14,台中銀-員林,2024-02-15,6114
1513,中興電,11,0,11,台中銀-員林,2024-02-15,6114
9105,泰金寶-DR,16,5,11,台中銀-員林,2024-02-15,6114
3032,偉訓,15,4,11,台中銀-員林,2024-02-15,6114
6015,宏遠證,11,0,11,台中銀-員林,2024-02-15,6114
00650L,復華香港正2,10,0,10,台中銀-員林,2024-02-15,6114
00725B,國泰投資級公司債,10,0,10,台中銀-員林,2024-02-15,6114
00892,富邦台灣半導體,10,0,10,台中銀-員林,2024-02-15,6114
1218,泰山,10,0,10,台中銀-員林,2024-02-15,6114
1409,新纖,10,0,10,台中銀-員林,2024-02-15,6114
1514,亞力,19,9,10,台中銀-員林,2024-02-15,6114
2601,益航,10,0,10,台中銀-員林,2024-02-15,6114
2614,東森,10,0,10,台中銀-員林,2024-02-15,6114
5706,鳳凰,10,0,10,台中銀-員林,2024-02-15,6114
6179,亞通,14,4,10,台中銀-員林,2024-02-15,6114
6180,橘子,11,1,10,台中銀-員林,2024-02-15,6114
8210,勤誠,15,6,9,台中銀-員林,2024-02-15,6114
9904,寶成,10,1,9,台中銀-員林,2024-02-15,6114
2002,中鋼,9,0,9,台中銀-員林,2024-02-15,6114
9919,康那香,9,0,9,台中銀-員林,2024-02-15,6114
6488,環球晶,8,0,8,台中銀-員林,2024-02-15,6114
1325,恆大,8,0,8,台中銀-員林,2024-02-15,6114
2208,台船,10,2,8,台中銀-員林,2024-02-15,6114
2421,建準,16,8,8,台中銀-員林,2024-02-15,6114
00687B,國泰20年美債,115,0,115,台中銀-員林,2024-02-16,6114
2365,昆盈,123,9,114,台中銀-員林,2024-02-16,6114
2371,大同,88,0,88,台中銀-員林,2024-02-16,6114
00720B,元大投資級公司債,45,0,45,台中銀-員林,2024-02-16,6114
00795B,中信美國公債20年,43,0,43,台中銀-員林,2024-02-16,6114
00679B,元大美債20年,42,0,42,台中銀-員林,2024-02-16,6114
1815,富喬,61,28,33,台中銀-員林,2024-02-16,6114
2472,立隆電,32,0,32,台中銀-員林,2024-02-16,6114
2610,華航,33,1,32,台中銀-員林,2024-02-16,6114
2888,新光金,33,1,32,台中銀-員林,2024-02-16,6114
6446,藥華藥,30,0,30,台中銀-員林,2024-02-16,6114
1218,泰山,26,0,26,台中銀-員林,2024-02-16,6114
3481,群創,27,4,23,台中銀-員林,2024-02-16,6114
2363,矽統,34,13,21,台中銀-員林,2024-02-16,6114
2353,宏��,121,100,21,台中銀-員林,2024-02-16,6114
00712,復華富時不動產,18,0,18,台中銀-員林,2024-02-16,6114
00937B,群益ESG投等債20,18,0,18,台中銀-員林,2024-02-16,6114
2442,新美齊,18,0,18,台中銀-員林,2024-02-16,6114
2476,鉅祥,20,2,18,台中銀-員林,2024-02-16,6114
6603,富強鑫,18,0,18,台中銀-員林,2024-02-16,6114
2486,一詮,34,17,17,台中銀-員林,2024-02-16,6114
1515,力山,16,0,16,台中銀-員林,2024-02-16,6114
6770,力積電,22,6,16,台中銀-員林,2024-02-16,6114
00882,中信中國高股息,16,0,16,台中銀-員林,2024-02-16,6114
2329,華泰,55,40,15,台中銀-員林,2024-02-16,6114
00929,復華台灣科技優息,24,10,14,台中銀-員林,2024-02-16,6114
3322,建舜電,15,1,14,台中銀-員林,2024-02-16,6114
6684,安格,13,0,13,台中銀-員林,2024-02-16,6114
00688L,國泰20年美債正2,13,0,13,台中銀-員林,2024-02-16,6114
00673R,期元大S＆P原油反1,13,0,13,台中銀-員林,2024-02-16,6114
6179,亞通,14,1,13,台中銀-員林,2024-02-16,6114
00927,群益半導體收益,13,0,13,台中銀-員林,2024-02-16,6114
00680L,元大美債20正2,12,0,12,台中銀-員林,2024-02-16,6114
3260,威剛,11,0,11,台中銀-員林,2024-02-16,6114
3434,哲固,13,2,11,台中銀-員林,2024-02-16,6114
3714,富采,11,0,11,台中銀-員林,2024-02-16,6114
6231,系微,19,8,11,台中銀-員林,2024-02-16,6114
2382,廣達,44,34,10,台中銀-員林,2024-02-16,6114
00931B,統一美債20年,10,0,10,台中銀-員林,2024-02-16,6114
8011,台通,11,1,10,台中銀-員林,2024-02-16,6114
6125,廣運,27,17,10,台中銀-員林,2024-02-16,6114
1409,新纖,10,0,10,台中銀-員林,2024-02-16,6114
1514,亞力,18,8,10,台中銀-員林,2024-02-16,6114
2108,南帝,10,0,10,台中銀-員林,2024-02-16,6114
3013,晟銘電,11,1,10,台中銀-員林,2024-02-16,6114
3167,大量,10,0,10,台中銀-員林,2024-02-16,6114
6113,亞矽,13,3,10,台中銀-員林,2024-02-16,6114
6901,鑽石投資,12,2,10,台中銀-員林,2024-02-16,6114
6196,帆宣,14,4,10,台中銀-員林,2024-02-16,6114
3354,律勝,11,2,9,台中銀-員林,2024-02-16,6114
1504,東元,233,1,232,台中銀-員林,2024-02-19,6114
3437,榮創,238,41,197,台中銀-員林,2024-02-19,6114
2371,大同,204,9,195,台中銀-員林,2024-02-19,6114
2515,中工,145,10,135,台中銀-員林,2024-02-19,6114
4714,永捷,106,6,100,台中銀-員林,2024-02-19,6114
00665L,富邦�琤肭磪囓�2,55,0,55,台中銀-員林,2024-02-19,6114
00687B,國泰20年美債,68,15,53,台中銀-員林,2024-02-19,6114
00712,復華富時不動產,46,0,46,台中銀-員林,2024-02-19,6114
00937B,群益ESG投等債20,77,41,36,台中銀-員林,2024-02-19,6114
6806,森崴能源,35,4,31,台中銀-員林,2024-02-19,6114
6189,豐藝,30,2,28,台中銀-員林,2024-02-19,6114
00878,國泰永續高股息,33,5,28,台中銀-員林,2024-02-19,6114
3047,訊舟,31,4,27,台中銀-員林,2024-02-19,6114
4909,新復興,28,2,26,台中銀-員林,2024-02-19,6114
1513,中興電,29,3,26,台中銀-員林,2024-02-19,6114
2014,中鴻,24,0,24,台中銀-員林,2024-02-19,6114
00679B,元大美債20年,23,0,23,台中銀-員林,2024-02-19,6114
3038,全台,31,8,23,台中銀-員林,2024-02-19,6114
5426,振發,36,13,23,台中銀-員林,2024-02-19,6114
00929,復華台灣科技優息,65,44,21,台中銀-員林,2024-02-19,6114
1582,信錦,22,1,21,台中銀-員林,2024-02-19,6114
9904,寶成,21,0,21,台中銀-員林,2024-02-19,6114
1309,台達化,20,0,20,台中銀-員林,2024-02-19,6114
2882,國泰金,31,12,19,台中銀-員林,2024-02-19,6114
2367,燿華,18,0,18,台中銀-員林,2024-02-19,6114
3576,聯合再生,18,0,18,台中銀-員林,2024-02-19,6114
3665,貿聯-KY,18,0,18,台中銀-員林,2024-02-19,6114
8064,東捷,20,2,18,台中銀-員林,2024-02-19,6114
3504,揚明光,21,4,17,台中銀-員林,2024-02-19,6114
2369,菱生,233,216,17,台中銀-員林,2024-02-19,6114
3363,上詮,41,24,17,台中銀-員林,2024-02-19,6114
6446,藥華藥,16,0,16,台中銀-員林,2024-02-19,6114
00933B,國泰10Y+金融債,16,0,16,台中銀-員林,2024-02-19,6114
2342,茂矽,16,0,16,台中銀-員林,2024-02-19,6114
2382,廣達,20,4,16,台中銀-員林,2024-02-19,6114
00891,中信關鍵半導體,15,0,15,台中銀-員林,2024-02-19,6114
00632R,元大台灣50反1,15,0,15,台中銀-員林,2024-02-19,6114
00690,兆豐藍籌30,15,0,15,台中銀-員林,2024-02-19,6114
3322,建舜電,15,0,15,台中銀-員林,2024-02-19,6114
2329,華泰,81,67,14,台中銀-員林,2024-02-19,6114
4960,誠美材,13,0,13,台中銀-員林,2024-02-19,6114
2812,台中銀,13,0,13,台中銀-員林,2024-02-19,6114
6288,聯嘉,29,16,13,台中銀-員林,2024-02-19,6114
2303,聯電,12,0,12,台中銀-員林,2024-02-19,6114
00918,大華優利高填息30,13,1,12,台中銀-員林,2024-02-19,6114
00688L,國泰20年美債正2,12,0,12,台中銀-員林,2024-02-19,6114
2891,中信金,12,0,12,台中銀-員林,2024-02-19,6114
5871,中租-KY,11,0,11,台中銀-員林,2024-02-19,6114
00680L,元大美債20正2,11,0,11,台中銀-員林,2024-02-19,6114
3535,晶彩科,16,5,11,台中銀-員林,2024-02-19,6114
8110,華東,156,8,148,台中銀-員林,2024-02-20,6114
3221,台嘉碩,122,1,121,台中銀-員林,2024-02-20,6114
4714,永捷,287,176,111,台中銀-員林,2024-02-20,6114
00687B,國泰20年美債,94,1,93,台中銀-員林,2024-02-20,6114
6189,豐藝,98,13,85,台中銀-員林,2024-02-20,6114
2457,飛宏,85,8,77,台中銀-員林,2024-02-20,6114
00937B,群益ESG投等債20,63,0,63,台中銀-員林,2024-02-20,6114
2801,彰銀,60,0,60,台中銀-員林,2024-02-20,6114
2371,大同,51,0,51,台中銀-員林,2024-02-20,6114
00680L,元大美債20正2,41,0,41,台中銀-員林,2024-02-20,6114
3231,緯創,38,2,36,台中銀-員林,2024-02-20,6114
2609,陽明,45,10,35,台中銀-員林,2024-02-20,6114
00929,復華台灣科技優息,49,14,35,台中銀-員林,2024-02-20,6114
00882,中信中國高股息,46,15,31,台中銀-員林,2024-02-20,6114
2442,新美齊,31,0,31,台中銀-員林,2024-02-20,6114
2472,立隆電,34,3,31,台中銀-員林,2024-02-20,6114
00751B,元大AAA至A公司債,29,0,29,台中銀-員林,2024-02-20,6114
2812,台中銀,28,0,28,台中銀-員林,2024-02-20,6114
00688L,國泰20年美債正2,28,4,24,台中銀-員林,2024-02-20,6114
3481,群創,26,3,23,台中銀-員林,2024-02-20,6114
1717,長興,25,2,23,台中銀-員林,2024-02-20,6114
3450,聯鈞,26,3,23,台中銀-員林,2024-02-20,6114
8936,國統,35,12,23,台中銀-員林,2024-02-20,6114
6550,北極星藥業-KY,19,0,19,台中銀-員林,2024-02-20,6114
3041,揚智,48,29,19,台中銀-員林,2024-02-20,6114
1809,中釉,17,0,17,台中銀-員林,2024-02-20,6114
5230,雷笛克光學,17,0,17,台中銀-員林,2024-02-20,6114
2543,皇昌,29,14,15,台中銀-員林,2024-02-20,6114
3607,谷崧,16,1,15,台中銀-員林,2024-02-20,6114
1316,上曜,29,14,15,台中銀-員林,2024-02-20,6114
00878,國泰永續高股息,30,17,13,台中銀-員林,2024-02-20,6114
2329,華泰,49,36,13,台中銀-員林,2024-02-20,6114
1514,亞力,13,0,13,台中銀-員林,2024-02-20,6114
2208,台船,13,0,13,台中銀-員林,2024-02-20,6114
00679B,元大美債20年,12,0,12,台中銀-員林,2024-02-20,6114
2062,橋椿,12,0,12,台中銀-員林,2024-02-20,6114
3437,榮創,14,2,12,台中銀-員林,2024-02-20,6114
4529,淳紳,12,0,12,台中銀-員林,2024-02-20,6114
5202,力新,12,0,12,台中銀-員林,2024-02-20,6114
9938,百和,12,0,12,台中銀-員林,2024-02-20,6114
1528,恩德,11,0,11,台中銀-員林,2024-02-20,6114
2362,藍天,11,0,11,台中銀-員林,2024-02-20,6114
2855,統一證,11,0,11,台中銀-員林,2024-02-20,6114
2882,國泰金,13,2,11,台中銀-員林,2024-02-20,6114
6282,康舒,19,8,11,台中銀-員林,2024-02-20,6114
6446,藥華藥,10,0,10,台中銀-員林,2024-02-20,6114
00665L,富邦�琤肭磪囓�2,10,0,10,台中銀-員林,2024-02-20,6114
00632R,元大台灣50反1,10,0,10,台中銀-員林,2024-02-20,6114
5328,華容,10,0,10,台中銀-員林,2024-02-20,6114
6770,力積電,10,0,10,台中銀-員林,2024-02-20,6114
1101,台泥,364,0,364,台中銀-員林,2024-02-21,6114
2609,陽明,179,48,131,台中銀-員林,2024-02-21,6114
00937B,群益ESG投等債20,129,1,128,台中銀-員林,2024-02-21,6114
6282,康舒,91,3,88,台中銀-員林,2024-02-21,6114
2472,立隆電,79,0,79,台中銀-員林,2024-02-21,6114
00712,復華富時不動產,68,0,68,台中銀-員林,2024-02-21,6114
1815,富喬,67,3,64,台中銀-員林,2024-02-21,6114
8110,華東,61,6,55,台中銀-員林,2024-02-21,6114
00878,國泰永續高股息,45,1,44,台中銀-員林,2024-02-21,6114
2303,聯電,39,2,37,台中銀-員林,2024-02-21,6114
2401,凌陽,41,5,36,台中銀-員林,2024-02-21,6114
2812,台中銀,69,37,32,台中銀-員林,2024-02-21,6114
1513,中興電,48,16,32,台中銀-員林,2024-02-21,6114
2617,台航,30,2,28,台中銀-員林,2024-02-21,6114
6126,信音,34,6,28,台中銀-員林,2024-02-21,6114
00751B,元大AAA至A公司債,27,0,27,台中銀-員林,2024-02-21,6114
3535,晶彩科,21,0,21,台中銀-員林,2024-02-21,6114
1444,力麗,17,0,17,台中銀-員林,2024-02-21,6114
3712,永崴投控,25,8,17,台中銀-員林,2024-02-21,6114
4729,熒茂,17,0,17,台中銀-員林,2024-02-21,6114
3313,斐成,16,0,16,台中銀-員林,2024-02-21,6114
3481,群創,53,38,15,台中銀-員林,2024-02-21,6114
1809,中釉,15,0,15,台中銀-員林,2024-02-21,6114
2352,佳世達,16,2,14,台中銀-員林,2024-02-21,6114
8086,宏捷科,15,1,14,台中銀-員林,2024-02-21,6114
2312,金寶,15,1,14,台中銀-員林,2024-02-21,6114
5230,雷笛克光學,17,3,14,台中銀-員林,2024-02-21,6114
3372,典範,15,2,13,台中銀-員林,2024-02-21,6114
6186,新潤,13,0,13,台中銀-員林,2024-02-21,6114
00688L,國泰20年美債正2,12,0,12,台中銀-員林,2024-02-21,6114
3545,敦泰,12,0,12,台中銀-員林,2024-02-21,6114
00720B,元大投資級公司債,11,0,11,台中銀-員林,2024-02-21,6114
1517,利奇,11,0,11,台中銀-員林,2024-02-21,6114
2301,光寶科,12,1,11,台中銀-員林,2024-02-21,6114
4973,廣穎,11,0,11,台中銀-員林,2024-02-21,6114
6111,大宇資,11,0,11,台中銀-員林,2024-02-21,6114
8155,博智,11,0,11,台中銀-員林,2024-02-21,6114
9105,泰金寶-DR,11,0,11,台中銀-員林,2024-02-21,6114
5871,中租-KY,10,0,10,台中銀-員林,2024-02-21,6114
3325,旭品,11,1,10,台中銀-員林,2024-02-21,6114
00900,富邦特選高股息30,10,0,10,台中銀-員林,2024-02-21,6114
00935,野村臺灣新科技50,10,0,10,台中銀-員林,2024-02-21,6114
1218,泰山,10,0,10,台中銀-員林,2024-02-21,6114
2442,新美齊,10,0,10,台中銀-員林,2024-02-21,6114
2836,高雄銀,10,0,10,台中銀-員林,2024-02-21,6114
2883,凱基金,10,0,10,台中銀-員林,2024-02-21,6114
3057,喬鼎,10,0,10,台中銀-員林,2024-02-21,6114
3576,聯合再生,10,0,10,台中銀-員林,2024-02-21,6114
3596,智易,10,0,10,台中銀-員林,2024-02-21,6114
4535,至興,10,0,10,台中銀-員林,2024-02-21,6114
3221,台嘉碩,156,45,111,台中銀-員林,2024-02-22,6114
00937B,群益ESG投等債20,87,3,84,台中銀-員林,2024-02-22,6114
2812,台中銀,80,0,80,台中銀-員林,2024-02-22,6114
8059,凱碩,70,1,69,台中銀-員林,2024-02-22,6114
00687B,國泰20年美債,58,0,58,台中銀-員林,2024-02-22,6114
6282,康舒,56,0,56,台中銀-員林,2024-02-22,6114
3374,精材,50,0,50,台中銀-員林,2024-02-22,6114
2618,長榮航,51,5,46,台中銀-員林,2024-02-22,6114
00878,國泰永續高股息,113,68,45,台中銀-員林,2024-02-22,6114
00712,復華富時不動產,43,0,43,台中銀-員林,2024-02-22,6114
2371,大同,106,63,43,台中銀-員林,2024-02-22,6114
3025,星通,63,27,36,台中銀-員林,2024-02-22,6114
1524,耿鼎,49,14,35,台中銀-員林,2024-02-22,6114
00665L,富邦�琤肭磪囓�2,31,0,31,台中銀-員林,2024-02-22,6114
00673R,期元大S＆P原油反1,28,0,28,台中銀-員林,2024-02-22,6114
1503,士電,42,14,28,台中銀-員林,2024-02-22,6114
2312,金寶,26,2,24,台中銀-員林,2024-02-22,6114
6532,瑞耘,25,1,24,台中銀-員林,2024-02-22,6114
3231,緯創,34,13,21,台中銀-員林,2024-02-22,6114
6770,力積電,22,1,21,台中銀-員林,2024-02-22,6114
2303,聯電,23,3,20,台中銀-員林,2024-02-22,6114
00795B,中信美國公債20年,20,0,20,台中銀-員林,2024-02-22,6114
1582,信錦,20,0,20,台中銀-員林,2024-02-22,6114
2489,瑞軒,30,10,20,台中銀-員林,2024-02-22,6114
2615,萬海,21,1,20,台中銀-員林,2024-02-22,6114
3481,群創,27,8,19,台中銀-員林,2024-02-22,6114
3520,華盈,22,3,19,台中銀-員林,2024-02-22,6114
5498,凱崴,40,21,19,台中銀-員林,2024-02-22,6114
2801,彰銀,19,1,18,台中銀-員林,2024-02-22,6114
3504,揚明光,16,0,16,台中銀-員林,2024-02-22,6114
3041,揚智,23,8,15,台中銀-員林,2024-02-22,6114
8105,凌巨,13,0,13,台中銀-員林,2024-02-22,6114
3047,訊舟,19,6,13,台中銀-員林,2024-02-22,6114
3372,典範,13,0,13,台中銀-員林,2024-02-22,6114
3576,聯合再生,13,0,13,台中銀-員林,2024-02-22,6114
00931B,統一美債20年,12,0,12,台中銀-員林,2024-02-22,6114
2356,英業達,40,28,12,台中銀-員林,2024-02-22,6114
1314,中石化,12,0,12,台中銀-員林,2024-02-22,6114
3019,亞光,15,3,12,台中銀-員林,2024-02-22,6114
6186,新潤,12,0,12,台中銀-員林,2024-02-22,6114
6446,藥華藥,12,1,11,台中銀-員林,2024-02-22,6114
2344,華邦電,11,0,11,台中銀-員林,2024-02-22,6114
4960,誠美材,11,0,11,台中銀-員林,2024-02-22,6114
3548,兆利,11,1,10,台中銀-員林,2024-02-22,6114
00639,富邦深100,10,0,10,台中銀-員林,2024-02-22,6114
00632R,元大台灣50反1,10,0,10,台中銀-員林,2024-02-22,6114
2025,千興,10,0,10,台中銀-員林,2024-02-22,6114
3663,鑫科,14,4,10,台中銀-員林,2024-02-22,6114
5215,科嘉-KY,10,0,10,台中銀-員林,2024-02-22,6114
5355,佳總,10,0,10,台中銀-員林,2024-02-22,6114
00706L,期元大S＆P日圓正2,250,0,250,台中銀-員林,2024-02-23,6114
00933B,國泰10Y+金融債,161,0,161,台中銀-員林,2024-02-23,6114
1815,富喬,151,10,141,台中銀-員林,2024-02-23,6114
2353,宏��,138,2,136,台中銀-員林,2024-02-23,6114
00712,復華富時不動產,133,2,131,台中銀-員林,2024-02-23,6114
6147,頎邦,103,4,99,台中銀-員林,2024-02-23,6114
4588,玖鼎電力,81,0,81,台中銀-員林,2024-02-23,6114
00937B,群益ESG投等債20,62,1,61,台中銀-員林,2024-02-23,6114
6770,力積電,56,0,56,台中銀-員林,2024-02-23,6114
5469,瀚宇博,56,2,54,台中銀-員林,2024-02-23,6114
2609,陽明,51,4,47,台中銀-員林,2024-02-23,6114
8064,東捷,71,33,38,台中銀-員林,2024-02-23,6114
8936,國統,46,13,33,台中銀-員林,2024-02-23,6114
3535,晶彩科,38,5,33,台中銀-員林,2024-02-23,6114
3450,聯鈞,52,20,32,台中銀-員林,2024-02-23,6114
00905,FT臺灣Smart,31,0,31,台中銀-員林,2024-02-23,6114
6120,達運,30,0,30,台中銀-員林,2024-02-23,6114
6113,亞矽,30,1,29,台中銀-員林,2024-02-23,6114
2303,聯電,29,1,28,台中銀-員林,2024-02-23,6114
2543,皇昌,39,12,27,台中銀-員林,2024-02-23,6114
00679B,元大美債20年,26,0,26,台中銀-員林,2024-02-23,6114
1605,華新,27,1,26,台中銀-員林,2024-02-23,6114
1316,上曜,260,234,26,台中銀-員林,2024-02-23,6114
1536,和大,25,1,24,台中銀-員林,2024-02-23,6114
2201,裕隆,26,2,24,台中銀-員林,2024-02-23,6114
6185,幃翔,23,0,23,台中銀-員林,2024-02-23,6114
4906,正文,21,0,21,台中銀-員林,2024-02-23,6114
1528,恩德,22,2,20,台中銀-員林,2024-02-23,6114
3390,旭軟,25,5,20,台中銀-員林,2024-02-23,6114
00646,元大S＆P500,20,0,20,台中銀-員林,2024-02-23,6114
00680L,元大美債20正2,19,0,19,台中銀-員林,2024-02-23,6114
2363,矽統,19,2,17,台中銀-員林,2024-02-23,6114
2449,京元電子,30,13,17,台中銀-員林,2024-02-23,6114
2472,立隆電,37,21,16,台中銀-員林,2024-02-23,6114
1720,生達,15,0,15,台中銀-員林,2024-02-23,6114
6167,久正,53,38,15,台中銀-員林,2024-02-23,6114
00687B,國泰20年美債,16,2,14,台中銀-員林,2024-02-23,6114
2355,敬鵬,20,6,14,台中銀-員林,2024-02-23,6114
2812,台中銀,15,1,14,台中銀-員林,2024-02-23,6114
3051,力特,14,1,13,台中銀-員林,2024-02-23,6114
1618,合機,13,0,13,台中銀-員林,2024-02-23,6114
2408,南亞科,18,5,13,台中銀-員林,2024-02-23,6114
2344,華邦電,13,1,12,台中銀-員林,2024-02-23,6114
3231,緯創,38,26,12,台中銀-員林,2024-02-23,6114
3481,群創,19,8,11,台中銀-員林,2024-02-23,6114
9904,寶成,11,0,11,台中銀-員林,2024-02-23,6114
2464,盟立,11,0,11,台中銀-員林,2024-02-23,6114
3189,景碩,11,0,11,台中銀-員林,2024-02-23,6114
6141,柏承,11,0,11,台中銀-員林,2024-02-23,6114
2313,華通,123,112,11,台中銀-員林,2024-02-23,6114
00929,復華台灣科技優息,176,5,171,台中銀-員林,2024-02-26,6114
2353,宏��,96,1,95,台中銀-員林,2024-02-26,6114
4977,眾達-KY,66,3,63,台中銀-員林,2024-02-26,6114
00933B,國泰10Y+金融債,59,0,59,台中銀-員林,2024-02-26,6114
3689,湧德,58,5,53,台中銀-員林,2024-02-26,6114
2303,聯電,48,1,47,台中銀-員林,2024-02-26,6114
2355,敬鵬,58,11,47,台中銀-員林,2024-02-26,6114
2634,漢翔,42,1,41,台中銀-員林,2024-02-26,6114
2801,彰銀,40,0,40,台中銀-員林,2024-02-26,6114
5469,瀚宇博,41,1,40,台中銀-員林,2024-02-26,6114
6167,久正,40,2,38,台中銀-員林,2024-02-26,6114
2363,矽統,67,37,30,台中銀-員林,2024-02-26,6114
8050,廣積,27,0,27,台中銀-員林,2024-02-26,6114
00878,國泰永續高股息,47,20,27,台中銀-員林,2024-02-26,6114
4927,泰鼎-KY,25,0,25,台中銀-員林,2024-02-26,6114
1710,東聯,28,4,24,台中銀-員林,2024-02-26,6114
3390,旭軟,25,1,24,台中銀-員林,2024-02-26,6114
3234,光環,23,0,23,台中銀-員林,2024-02-26,6114
00687B,國泰20年美債,72,49,23,台中銀-員林,2024-02-26,6114
2630,亞航,22,0,22,台中銀-員林,2024-02-26,6114
00637L,元大滬深300正2,26,5,21,台中銀-員林,2024-02-26,6114
2405,輔信,38,17,21,台中銀-員林,2024-02-26,6114
00665L,富邦�琤肭磪囓�2,20,0,20,台中銀-員林,2024-02-26,6114
00897,富邦基因免疫生技,20,0,20,台中銀-員林,2024-02-26,6114
1447,力鵬,20,0,20,台中銀-員林,2024-02-26,6114
3163,波若威,25,5,20,台中銀-員林,2024-02-26,6114
00919,群益台灣精選高息,48,29,19,台中銀-員林,2024-02-26,6114
2002,中鋼,18,0,18,台中銀-員林,2024-02-26,6114
6465,威潤,17,0,17,台中銀-員林,2024-02-26,6114
00679B,元大美債20年,17,0,17,台中銀-員林,2024-02-26,6114
1795,美時,24,8,16,台中銀-員林,2024-02-26,6114
6120,達運,21,6,15,台中銀-員林,2024-02-26,6114
4934,太極,15,0,15,台中銀-員林,2024-02-26,6114
2495,普安,47,33,14,台中銀-員林,2024-02-26,6114
6829,千附精密,15,1,14,台中銀-員林,2024-02-26,6114
6806,森崴能源,17,4,13,台中銀-員林,2024-02-26,6114
3049,精金,13,0,13,台中銀-員林,2024-02-26,6114
3545,敦泰,16,3,13,台中銀-員林,2024-02-26,6114
8064,東捷,22,9,13,台中銀-員林,2024-02-26,6114
3481,群創,18,6,12,台中銀-員林,2024-02-26,6114
5488,松普,12,0,12,台中銀-員林,2024-02-26,6114
3312,弘憶股,31,20,11,台中銀-員林,2024-02-26,6114
3623,富晶通,12,1,11,台中銀-員林,2024-02-26,6114
00720B,元大投資級公司債,10,0,10,台中銀-員林,2024-02-26,6114
00642U,期元大S＆P石油,10,0,10,台中銀-員林,2024-02-26,6114
00753L,中信中國50正2,20,10,10,台中銀-員林,2024-02-26,6114
2905,三商,10,0,10,台中銀-員林,2024-02-26,6114
3520,華盈,10,0,10,台中銀-員林,2024-02-26,6114
4414,如興,10,0,10,台中銀-員林,2024-02-26,6114
5521,工信,10,0,10,台中銀-員林,2024-02-26,6114
00937B,群益ESG投等債20,344,0,344,台中銀-員林,2024-02-27,6114
2405,輔信,129,21,108,台中銀-員林,2024-02-27,6114
2317,鴻海,107,10,97,台中銀-員林,2024-02-27,6114
00931B,統一美債20年,88,1,87,台中銀-員林,2024-02-27,6114
00878,國泰永續高股息,77,5,72,台中銀-員林,2024-02-27,6114
3071,協禧,62,6,56,台中銀-員林,2024-02-27,6114
00687B,國泰20年美債,71,16,55,台中銀-員林,2024-02-27,6114
2888,新光金,52,0,52,台中銀-員林,2024-02-27,6114
00665L,富邦�琤肭磪囓�2,50,0,50,台中銀-員林,2024-02-27,6114
4401,東隆興,136,93,43,台中銀-員林,2024-02-27,6114
6465,威潤,33,0,33,台中銀-員林,2024-02-27,6114
6125,廣運,64,32,32,台中銀-員林,2024-02-27,6114
00933B,國泰10Y+金融債,31,2,29,台中銀-員林,2024-02-27,6114
1513,中興電,58,29,29,台中銀-員林,2024-02-27,6114
2884,玉山金,37,12,25,台中銀-員林,2024-02-27,6114
6770,力積電,31,7,24,台中銀-員林,2024-02-27,6114
2301,光寶科,27,3,24,台中銀-員林,2024-02-27,6114
1447,力鵬,23,0,23,台中銀-員林,2024-02-27,6114
1101,台泥,23,0,23,台中銀-員林,2024-02-27,6114
5490,同亨,22,0,22,台中銀-員林,2024-02-27,6114
00712,復華富時不動產,21,0,21,台中銀-員林,2024-02-27,6114
4303,信立,43,22,21,台中銀-員林,2024-02-27,6114
2615,萬海,20,0,20,台中銀-員林,2024-02-27,6114
2428,興勤,19,0,19,台中銀-員林,2024-02-27,6114
2609,陽明,24,5,19,台中銀-員林,2024-02-27,6114
8926,台汽電,31,13,18,台中銀-員林,2024-02-27,6114
00891,中信關鍵半導體,16,0,16,台中銀-員林,2024-02-27,6114
1307,三芳,20,4,16,台中銀-員林,2024-02-27,6114
2324,仁寶,27,12,15,台中銀-員林,2024-02-27,6114
2027,大成鋼,14,0,14,台中銀-員林,2024-02-27,6114
2618,長榮航,16,2,14,台中銀-員林,2024-02-27,6114
3231,緯創,20,7,13,台中銀-員林,2024-02-27,6114
3037,欣興,19,6,13,台中銀-員林,2024-02-27,6114
2371,大同,28,15,13,台中銀-員林,2024-02-27,6114
3481,群創,15,3,12,台中銀-員林,2024-02-27,6114
1314,中石化,12,0,12,台中銀-員林,2024-02-27,6114
2610,華航,12,0,12,台中銀-員林,2024-02-27,6114
2887,台新金,11,0,11,台中銀-員林,2024-02-27,6114
6126,信音,26,15,11,台中銀-員林,2024-02-27,6114
00688L,國泰20年美債正2,11,0,11,台中銀-員林,2024-02-27,6114
3706,神達,13,2,11,台中銀-員林,2024-02-27,6114
3712,永崴投控,13,2,11,台中銀-員林,2024-02-27,6114
4542,科嶠,19,8,11,台中銀-員林,2024-02-27,6114
6186,新潤,11,0,11,台中銀-員林,2024-02-27,6114
00929,復華台灣科技優息,139,129,10,台中銀-員林,2024-02-27,6114
00646,元大S＆P500,10,0,10,台中銀-員林,2024-02-27,6114
3363,上詮,67,57,10,台中銀-員林,2024-02-27,6114
6684,安格,14,4,10,台中銀-員林,2024-02-27,6114
00909,國泰數位支付服務,10,0,10,台中銀-員林,2024-02-27,6114
00706L,期元大S＆P日圓正2,10,0,10,台中銀-員林,2024-02-27,6114
00937B,群益ESG投等債20,187,0,187,台中銀-員林,2024-02-29,6114
00706L,期元大S＆P日圓正2,120,0,120,台中銀-員林,2024-02-29,6114
1316,上曜,148,47,101,台中銀-員林,2024-02-29,6114
3376,新日興,100,1,99,台中銀-員林,2024-02-29,6114
00919,群益台灣精選高息,87,22,65,台中銀-員林,2024-02-29,6114
3360,尚立,56,0,56,台中銀-員林,2024-02-29,6114
8926,台汽電,85,30,55,台中銀-員林,2024-02-29,6114
6191,精成科,52,0,52,台中銀-員林,2024-02-29,6114
6901,鑽石投資,50,0,50,台中銀-員林,2024-02-29,6114
00687B,國泰20年美債,39,1,38,台中銀-員林,2024-02-29,6114
2355,敬鵬,51,15,36,台中銀-員林,2024-02-29,6114
00679B,元大美債20年,36,2,34,台中銀-員林,2024-02-29,6114
3481,群創,33,1,32,台中銀-員林,2024-02-29,6114
1522,堤維西,122,92,30,台中銀-員林,2024-02-29,6114
6185,幃翔,30,0,30,台中銀-員林,2024-02-29,6114
6465,威潤,27,0,27,台中銀-員林,2024-02-29,6114
3231,緯創,29,4,25,台中銀-員林,2024-02-29,6114
00673R,期元大S＆P原油反1,24,0,24,台中銀-員林,2024-02-29,6114
2609,陽明,32,8,24,台中銀-員林,2024-02-29,6114
2889,國票金,23,0,23,台中銀-員林,2024-02-29,6114
1101,台泥,42,21,21,台中銀-員林,2024-02-29,6114
1815,富喬,52,32,20,台中銀-員林,2024-02-29,6114
00878,國泰永續高股息,19,1,18,台中銀-員林,2024-02-29,6114
1504,東元,24,6,18,台中銀-員林,2024-02-29,6114
00680L,元大美債20正2,22,5,17,台中銀-員林,2024-02-29,6114
2353,宏��,19,2,17,台中銀-員林,2024-02-29,6114
00712,復華富時不動產,16,0,16,台中銀-員林,2024-02-29,6114
2495,普安,15,0,15,台中銀-員林,2024-02-29,6114
5452,佶優,70,55,15,台中銀-員林,2024-02-29,6114
3005,神基,15,1,14,台中銀-員林,2024-02-29,6114
2363,矽統,30,16,14,台中銀-員林,2024-02-29,6114
2915,潤泰全,13,0,13,台中銀-員林,2024-02-29,6114
00753L,中信中國50正2,25,13,12,台中銀-員林,2024-02-29,6114
2617,台航,15,3,12,台中銀-員林,2024-02-29,6114
2634,漢翔,13,2,11,台中銀-員林,2024-02-29,6114
3450,聯鈞,16,5,11,台中銀-員林,2024-02-29,6114
4513,福裕,11,0,11,台中銀-員林,2024-02-29,6114
6104,創惟,12,1,11,台中銀-員林,2024-02-29,6114
6244,茂迪,11,0,11,台中銀-員林,2024-02-29,6114
00676R,富邦臺灣加權反1,10,0,10,台中銀-員林,2024-02-29,6114
00632R,元大台灣50反1,10,0,10,台中銀-員林,2024-02-29,6114
2605,新興,14,4,10,台中銀-員林,2024-02-29,6114
6141,柏承,15,5,10,台中銀-員林,2024-02-29,6114
00888,永豐台灣ESG,10,1,9,台中銀-員林,2024-02-29,6114
00795B,中信美國公債20年,9,0,9,台中銀-員林,2024-02-29,6114
2329,華泰,21,13,8,台中銀-員林,2024-02-29,6114
1603,華電,8,0,8,台中銀-員林,2024-02-29,6114
2208,台船,8,0,8,台中銀-員林,2024-02-29,6114
1795,美時,7,0,7,台中銀-員林,2024-02-29,6114
3535,晶彩科,7,0,7,台中銀-員林,2024-02-29,6114
1316,上曜,519,105,414,台中銀-員林,2024-03-01,6114
00919,群益台灣精選高息,284,114,170,台中銀-員林,2024-03-01,6114
2486,一詮,120,13,107,台中銀-員林,2024-03-01,6114
5388,中磊,114,10,104,台中銀-員林,2024-03-01,6114
00937B,群益ESG投等債20,81,1,80,台中銀-員林,2024-03-01,6114
6901,鑽石投資,50,0,50,台中銀-員林,2024-03-01,6114
2891,中信金,40,0,40,台中銀-員林,2024-03-01,6114
00645,富邦日本,30,0,30,台中銀-員林,2024-03-01,6114
2369,菱生,41,13,28,台中銀-員林,2024-03-01,6114
6125,廣運,75,49,26,台中銀-員林,2024-03-01,6114
4744,皇將,25,0,25,台中銀-員林,2024-03-01,6114
1609,大亞,33,8,25,台中銀-員林,2024-03-01,6114
6465,威潤,24,0,24,台中銀-員林,2024-03-01,6114
3014,聯陽,22,0,22,台中銀-員林,2024-03-01,6114
3036,文曄,30,8,22,台中銀-員林,2024-03-01,6114
2801,彰銀,22,1,21,台中銀-員林,2024-03-01,6114
2344,華邦電,22,1,21,台中銀-員林,2024-03-01,6114
6150,撼訊,23,2,21,台中銀-員林,2024-03-01,6114
00706L,期元大S＆P日圓正2,20,0,20,台中銀-員林,2024-03-01,6114
3312,弘憶股,31,12,19,台中銀-員林,2024-03-01,6114
00918,大華優利高填息30,19,0,19,台中銀-員林,2024-03-01,6114
2834,臺企銀,20,1,19,台中銀-員林,2024-03-01,6114
00720B,元大投資級公司債,18,0,18,台中銀-員林,2024-03-01,6114
3437,榮創,18,0,18,台中銀-員林,2024-03-01,6114
3679,新至陞,27,9,18,台中銀-員林,2024-03-01,6114
2303,聯電,19,2,17,台中銀-員林,2024-03-01,6114
1504,東元,17,0,17,台中銀-員林,2024-03-01,6114
00922,國泰台灣領袖50,17,0,17,台中銀-員林,2024-03-01,6114
3715,定穎投控,16,0,16,台中銀-員林,2024-03-01,6114
1326,台化,16,0,16,台中銀-員林,2024-03-01,6114
2615,萬海,16,0,16,台中銀-員林,2024-03-01,6114
00652,富邦印度,15,0,15,台中銀-員林,2024-03-01,6114
3712,永崴投控,15,0,15,台中銀-員林,2024-03-01,6114
3346,麗清,20,5,15,台中銀-員林,2024-03-01,6114
00882,中信中國高股息,14,0,14,台中銀-員林,2024-03-01,6114
00690,兆豐藍籌30,11,0,11,台中銀-員林,2024-03-01,6114
3234,光環,11,0,11,台中銀-員林,2024-03-01,6114
3706,神達,16,5,11,台中銀-員林,2024-03-01,6114
5452,佶優,20,10,10,台中銀-員林,2024-03-01,6114
2022,聚亨,10,0,10,台中銀-員林,2024-03-01,6114
6179,亞通,12,2,10,台中銀-員林,2024-03-01,6114
8085,福華,18,9,9,台中銀-員林,2024-03-01,6114
00637L,元大滬深300正2,29,20,9,台中銀-員林,2024-03-01,6114
2409,友達,9,0,9,台中銀-員林,2024-03-01,6114
1815,富喬,8,0,8,台中銀-員林,2024-03-01,6114
2405,輔信,106,98,8,台中銀-員林,2024-03-01,6114
3622,洋華,9,1,8,台中銀-員林,2024-03-01,6114
1513,中興電,28,21,7,台中銀-員林,2024-03-01,6114
2330,台積電,7,0,7,台中銀-員林,2024-03-01,6114
2634,漢翔,10,3,7,台中銀-員林,2024-03-01,6114
2371,大同,373,42,331,台中銀-員林,2024-03-04,6114
00937B,群益ESG投等債20,309,13,296,台中銀-員林,2024-03-04,6114
2892,第一金,105,0,105,台中銀-員林,2024-03-04,6114
00918,大華優利高填息30,100,0,100,台中銀-員林,2024-03-04,6114
3105,穩懋,80,0,80,台中銀-員林,2024-03-04,6114
00687B,國泰20年美債,53,0,53,台中銀-員林,2024-03-04,6114
2331,精英,45,1,44,台中銀-員林,2024-03-04,6114
6282,康舒,42,0,42,台中銀-員林,2024-03-04,6114
1609,大亞,41,1,40,台中銀-員林,2024-03-04,6114
2834,臺企銀,40,0,40,台中銀-員林,2024-03-04,6114
5388,中磊,48,9,39,台中銀-員林,2024-03-04,6114
00915,凱基優選高股息30,31,0,31,台中銀-員林,2024-03-04,6114
2888,新光金,30,0,30,台中銀-員林,2024-03-04,6114
4960,誠美材,30,0,30,台中銀-員林,2024-03-04,6114
3363,上詮,34,7,27,台中銀-員林,2024-03-04,6114
2305,全友,26,0,26,台中銀-員林,2024-03-04,6114
1815,富喬,30,5,25,台中銀-員林,2024-03-04,6114
2109,華豐,22,0,22,台中銀-員林,2024-03-04,6114
3374,精材,22,0,22,台中銀-員林,2024-03-04,6114
2002,中鋼,24,3,21,台中銀-員林,2024-03-04,6114
00632R,元大台灣50反1,21,0,21,台中銀-員林,2024-03-04,6114
00706L,期元大S＆P日圓正2,20,0,20,台中銀-員林,2024-03-04,6114
2617,台航,20,0,20,台中銀-員林,2024-03-04,6114
6901,鑽石投資,20,0,20,台中銀-員林,2024-03-04,6114
1711,永光,20,1,19,台中銀-員林,2024-03-04,6114
8936,國統,20,1,19,台中銀-員林,2024-03-04,6114
2356,英業達,21,3,18,台中銀-員林,2024-03-04,6114
3689,湧德,49,31,18,台中銀-員林,2024-03-04,6114
2329,華泰,24,6,18,台中銀-員林,2024-03-04,6114
2634,漢翔,31,14,17,台中銀-員林,2024-03-04,6114
6532,瑞耘,17,1,16,台中銀-員林,2024-03-04,6114
2457,飛宏,18,3,15,台中銀-員林,2024-03-04,6114
2537,聯上發,15,0,15,台中銀-員林,2024-03-04,6114
6186,新潤,15,0,15,台中銀-員林,2024-03-04,6114
3231,緯創,23,9,14,台中銀-員林,2024-03-04,6114
4542,科嶠,14,0,14,台中銀-員林,2024-03-04,6114
1314,中石化,13,0,13,台中銀-員林,2024-03-04,6114
5443,均豪,15,2,13,台中銀-員林,2024-03-04,6114
00878,國泰永續高股息,29,18,11,台中銀-員林,2024-03-04,6114
2301,光寶科,16,4,12,台中銀-員林,2024-03-04,6114
1513,中興電,18,7,11,台中銀-員林,2024-03-04,6114
2421,建準,14,3,11,台中銀-員林,2024-03-04,6114
3081,聯亞,12,1,11,台中銀-員林,2024-03-04,6114
3338,泰碩,11,0,11,台中銀-員林,2024-03-04,6114
6126,信音,18,7,11,台中銀-員林,2024-03-04,6114
00655L,國泰中國A50正2,10,0,10,台中銀-員林,2024-03-04,6114
1517,利奇,10,0,10,台中銀-員林,2024-03-04,6114
2312,金寶,10,0,10,台中銀-員林,2024-03-04,6114
2374,佳能,10,0,10,台中銀-員林,2024-03-04,6114
2425,承啟,11,1,10,台中銀-員林,2024-03-04,6114
00919,群益台灣精選高息,199,18,181,台中銀-員林,2024-03-05,6114
2329,華泰,168,11,157,台中銀-員林,2024-03-05,6114
4906,正文,361,292,69,台中銀-員林,2024-03-05,6114
00937B,群益ESG投等債20,64,3,61,台中銀-員林,2024-03-05,6114
00712,復華富時不動產,62,5,57,台中銀-員林,2024-03-05,6114
00915,凱基優選高股息30,56,0,56,台中銀-員林,2024-03-05,6114
6806,森崴能源,65,15,50,台中銀-員林,2024-03-05,6114
1605,華新,41,0,41,台中銀-員林,2024-03-05,6114
1409,新纖,38,0,38,台中銀-員林,2024-03-05,6114
2367,燿華,57,21,36,台中銀-員林,2024-03-05,6114
2883,凱基金,37,1,36,台中銀-員林,2024-03-05,6114
2888,新光金,35,1,34,台中銀-員林,2024-03-05,6114
00665L,富邦�琤肭磪囓�2,30,0,30,台中銀-員林,2024-03-05,6114
2405,輔信,36,10,26,台中銀-員林,2024-03-05,6114
1210,大成,29,7,22,台中銀-員林,2024-03-05,6114
00918,大華優利高填息30,22,0,22,台中銀-員林,2024-03-05,6114
2409,友達,21,0,21,台中銀-員林,2024-03-05,6114
00753L,中信中國50正2,21,0,21,台中銀-員林,2024-03-05,6114
2371,大同,99,80,19,台中銀-員林,2024-03-05,6114
2417,圓剛,24,6,18,台中銀-員林,2024-03-05,6114
2442,新美齊,16,0,16,台中銀-員林,2024-03-05,6114
2340,台亞,15,0,15,台中銀-員林,2024-03-05,6114
3234,光環,14,0,14,台中銀-員林,2024-03-05,6114
00882,中信中國高股息,13,0,13,台中銀-員林,2024-03-05,6114
00888,永豐台灣ESG,13,0,13,台中銀-員林,2024-03-05,6114
2897,王道銀行,14,1,13,台中銀-員林,2024-03-05,6114
3051,力特,13,0,13,台中銀-員林,2024-03-05,6114
3481,群創,42,29,13,台中銀-員林,2024-03-05,6114
00680L,元大美債20正2,20,8,12,台中銀-員林,2024-03-05,6114
1314,中石化,12,0,12,台中銀-員林,2024-03-05,6114
2605,新興,15,3,12,台中銀-員林,2024-03-05,6114
3213,茂訊,12,0,12,台中銀-員林,2024-03-05,6114
00935,野村臺灣新科技50,11,0,11,台中銀-員林,2024-03-05,6114
1456,怡華,11,0,11,台中銀-員林,2024-03-05,6114
1528,恩德,11,0,11,台中銀-員林,2024-03-05,6114
2324,仁寶,18,7,11,台中銀-員林,2024-03-05,6114
3027,盛達,16,5,11,台中銀-員林,2024-03-05,6114
2355,敬鵬,23,13,10,台中銀-員林,2024-03-05,6114
00639,富邦深100,10,0,10,台中銀-員林,2024-03-05,6114
1449,佳和,10,0,10,台中銀-員林,2024-03-05,6114
2105,正新,10,0,10,台中銀-員林,2024-03-05,6114
3060,銘異,10,0,10,台中銀-員林,2024-03-05,6114
3372,典範,32,22,10,台中銀-員林,2024-03-05,6114
3530,晶相光,10,0,10,台中銀-員林,2024-03-05,6114
3545,敦泰,11,1,10,台中銀-員林,2024-03-05,6114
5443,均豪,10,0,10,台中銀-員林,2024-03-05,6114
6141,柏承,10,0,10,台中銀-員林,2024-03-05,6114
6229,研通,10,0,10,台中銀-員林,2024-03-05,6114
2609,陽明,9,0,9,台中銀-員林,2024-03-05,6114
3260,威剛,9,0,9,台中銀-員林,2024-03-05,6114
1409,新纖,154,1,153,台中銀-員林,2024-03-06,6114
2367,燿華,128,26,102,台中銀-員林,2024-03-06,6114
1909,榮成,100,0,100,台中銀-員林,2024-03-06,6114
3005,神基,106,11,95,台中銀-員林,2024-03-06,6114
1316,上曜,110,33,77,台中銀-員林,2024-03-06,6114
5498,凱崴,84,22,62,台中銀-員林,2024-03-06,6114
00937B,群益ESG投等債20,127,73,54,台中銀-員林,2024-03-06,6114
6139,亞翔,51,1,50,台中銀-員林,2024-03-06,6114
2440,太空梭,41,0,41,台中銀-員林,2024-03-06,6114
3231,緯創,53,14,39,台中銀-員林,2024-03-06,6114
00915,凱基優選高股息30,42,6,36,台中銀-員林,2024-03-06,6114
3481,群創,36,2,34,台中銀-員林,2024-03-06,6114
2353,宏��,41,8,33,台中銀-員林,2024-03-06,6114
6235,華孚,33,2,31,台中銀-員林,2024-03-06,6114
00676R,富邦臺灣加權反1,30,0,30,台中銀-員林,2024-03-06,6114
2399,映泰,30,0,30,台中銀-員林,2024-03-06,6114
3516,亞帝歐,31,3,28,台中銀-員林,2024-03-06,6114
2204,中華,28,1,27,台中銀-員林,2024-03-06,6114
6770,力積電,27,1,26,台中銀-員林,2024-03-06,6114
00918,大華優利高填息30,30,6,24,台中銀-員林,2024-03-06,6114
4915,致伸,25,2,23,台中銀-員林,2024-03-06,6114
6465,威潤,23,0,23,台中銀-員林,2024-03-06,6114
2845,遠東銀,26,3,23,台中銀-員林,2024-03-06,6114
2002,中鋼,25,3,22,台中銀-員林,2024-03-06,6114
2611,志信,22,0,22,台中銀-員林,2024-03-06,6114
2812,台中銀,54,33,21,台中銀-員林,2024-03-06,6114
1471,首利,23,2,21,台中銀-員林,2024-03-06,6114
2105,正新,21,0,21,台中銀-員林,2024-03-06,6114
00900,富邦特選高股息30,20,0,20,台中銀-員林,2024-03-06,6114
2109,華豐,20,0,20,台中銀-員林,2024-03-06,6114
1702,南僑,19,0,19,台中銀-員林,2024-03-06,6114
8936,國統,27,9,18,台中銀-員林,2024-03-06,6114
2609,陽明,18,3,15,台中銀-員林,2024-03-06,6114
2615,萬海,15,0,15,台中銀-員林,2024-03-06,6114
3013,晟銘電,66,51,15,台中銀-員林,2024-03-06,6114
2834,臺企銀,15,1,14,台中銀-員林,2024-03-06,6114
2356,英業達,18,4,14,台中銀-員林,2024-03-06,6114
4726,永昕,14,0,14,台中銀-員林,2024-03-06,6114
8011,台通,22,10,12,台中銀-員林,2024-03-06,6114
6117,迎廣,21,9,12,台中銀-員林,2024-03-06,6114
00935,野村臺灣新科技50,11,0,11,台中銀-員林,2024-03-06,6114
2313,華通,22,11,11,台中銀-員林,2024-03-06,6114
1456,怡華,11,0,11,台中銀-員林,2024-03-06,6114
9907,統一實,11,0,11,台中銀-員林,2024-03-06,6114
00712,復華富時不動產,20,10,10,台中銀-員林,2024-03-06,6114
2352,佳世達,11,1,10,台中銀-員林,2024-03-06,6114
00733,富邦臺灣中小,10,0,10,台中銀-員林,2024-03-06,6114
1313,聯成,10,0,10,台中銀-員林,2024-03-06,6114
2337,旺宏,10,0,10,台中銀-員林,2024-03-06,6114
6160,欣技,10,0,10,台中銀-員林,2024-03-06,6114
1316,上曜,537,296,241,台中銀-員林,2024-03-07,6114
2425,承啟,171,0,171,台中銀-員林,2024-03-07,6114
00919,群益台灣精選高息,187,28,159,台中銀-員林,2024-03-07,6114
1815,富喬,241,142,99,台中銀-員林,2024-03-07,6114
8131,福懋科,67,0,67,台中銀-員林,2024-03-07,6114
2359,所羅門,49,0,49,台中銀-員林,2024-03-07,6114
3450,聯鈞,60,21,39,台中銀-員林,2024-03-07,6114
1785,光洋科,105,71,34,台中銀-員林,2024-03-07,6114
2355,敬鵬,41,7,34,台中銀-員林,2024-03-07,6114
1717,長興,68,37,31,台中銀-員林,2024-03-07,6114
2358,廷鑫,33,2,31,台中銀-員林,2024-03-07,6114
2401,凌陽,31,0,31,台中銀-員林,2024-03-07,6114
2637,慧洋-KY,30,0,30,台中銀-員林,2024-03-07,6114
2371,大同,71,48,23,台中銀-員林,2024-03-07,6114
2405,輔信,103,80,23,台中銀-員林,2024-03-07,6114
2002,中鋼,25,3,22,台中銀-員林,2024-03-07,6114
00933B,國泰10Y+金融債,21,0,21,台中銀-員林,2024-03-07,6114
00720B,元大投資級公司債,20,0,20,台中銀-員林,2024-03-07,6114
3213,茂訊,20,1,19,台中銀-員林,2024-03-07,6114
00937B,群益ESG投等債20,29,10,19,台中銀-員林,2024-03-07,6114
2882,國泰金,33,15,18,台中銀-員林,2024-03-07,6114
3264,欣銓,19,1,18,台中銀-員林,2024-03-07,6114
2421,建準,26,10,16,台中銀-員林,2024-03-07,6114
3346,麗清,18,2,16,台中銀-員林,2024-03-07,6114
5439,高技,22,6,16,台中銀-員林,2024-03-07,6114
8034,榮群,17,1,16,台中銀-員林,2024-03-07,6114
3005,神基,21,6,15,台中銀-員林,2024-03-07,6114
2353,宏��,48,33,15,台中銀-員林,2024-03-07,6114
8050,廣積,15,0,15,台中銀-員林,2024-03-07,6114
3694,海華,17,2,15,台中銀-員林,2024-03-07,6114
4743,合一,20,5,15,台中銀-員林,2024-03-07,6114
5521,工信,47,32,15,台中銀-員林,2024-03-07,6114
6465,威潤,15,0,15,台中銀-員林,2024-03-07,6114
8070,長華*,15,0,15,台中銀-員林,2024-03-07,6114
9907,統一實,15,0,15,台中銀-員林,2024-03-07,6114
1609,大亞,46,32,14,台中銀-員林,2024-03-07,6114
3481,群創,16,2,14,台中銀-員林,2024-03-07,6114
2208,台船,13,0,13,台中銀-員林,2024-03-07,6114
2417,圓剛,45,32,13,台中銀-員林,2024-03-07,6114
2618,長榮航,31,18,13,台中銀-員林,2024-03-07,6114
2888,新光金,13,0,13,台中銀-員林,2024-03-07,6114
1504,東元,16,4,12,台中銀-員林,2024-03-07,6114
4714,永捷,16,4,12,台中銀-員林,2024-03-07,6114
6179,亞通,13,1,12,台中銀-員林,2024-03-07,6114
6592,和潤企業,12,0,12,台中銀-員林,2024-03-07,6114
3576,聯合再生,11,0,11,台中銀-員林,2024-03-07,6114
6120,達運,11,0,11,台中銀-員林,2024-03-07,6114
6548,長科*,10,0,10,台中銀-員林,2024-03-07,6114
9910,豐泰,10,0,10,台中銀-員林,2024-03-07,6114
00725B,國泰投資級公司債,10,0,10,台中銀-員林,2024-03-07,6114
00919,群益台灣精選高息,230,52,178,台中銀-員林,2024-03-08,6114
1909,榮成,64,0,64,台中銀-員林,2024-03-08,6114
00632R,元大台灣50反1,72,15,57,台中銀-員林,2024-03-08,6114
1101,台泥,52,1,51,台中銀-員林,2024-03-08,6114
00687B,國泰20年美債,55,7,48,台中銀-員林,2024-03-08,6114
2371,大同,65,21,44,台中銀-員林,2024-03-08,6114
2891,中信金,44,3,41,台中銀-員林,2024-03-08,6114
2399,映泰,40,0,40,台中銀-員林,2024-03-08,6114
2027,大成鋼,40,3,37,台中銀-員林,2024-03-08,6114
8933,愛地雅,43,6,37,台中銀-員林,2024-03-08,6114
3264,欣銓,56,22,34,台中銀-員林,2024-03-08,6114
3374,精材,30,0,30,台中銀-員林,2024-03-08,6114
3021,鴻名,33,5,28,台中銀-員林,2024-03-08,6114
6770,力積電,46,19,27,台中銀-員林,2024-03-08,6114
00918,大華優利高填息30,64,38,26,台中銀-員林,2024-03-08,6114
00688L,國泰20年美債正2,35,10,25,台中銀-員林,2024-03-08,6114
8054,安國,27,3,24,台中銀-員林,2024-03-08,6114
5521,工信,43,19,24,台中銀-員林,2024-03-08,6114
2314,台揚,23,0,23,台中銀-員林,2024-03-08,6114
2365,昆盈,35,12,23,台中銀-員林,2024-03-08,6114
6806,森崴能源,23,0,23,台中銀-員林,2024-03-08,6114
2836,高雄銀,32,10,22,台中銀-員林,2024-03-08,6114
5386,青雲,47,25,22,台中銀-員林,2024-03-08,6114
8936,國統,31,9,22,台中銀-員林,2024-03-08,6114
6548,長科*,20,0,20,台中銀-員林,2024-03-08,6114
1409,新纖,20,0,20,台中銀-員林,2024-03-08,6114
1714,和桐,20,0,20,台中銀-員林,2024-03-08,6114
4707,磐亞,20,0,20,台中銀-員林,2024-03-08,6114
00922,國泰台灣領袖50,19,0,19,台中銀-員林,2024-03-08,6114
2409,友達,18,0,18,台中銀-員林,2024-03-08,6114
1301,台塑,18,0,18,台中銀-員林,2024-03-08,6114
1513,中興電,23,8,15,台中銀-員林,2024-03-08,6114
2611,志信,18,3,15,台中銀-員林,2024-03-08,6114
5230,雷笛克光學,15,0,15,台中銀-員林,2024-03-08,6114
5469,瀚宇博,15,0,15,台中銀-員林,2024-03-08,6114
2834,臺企銀,25,10,15,台中銀-員林,2024-03-08,6114
00679B,元大美債20年,14,0,14,台中銀-員林,2024-03-08,6114
2405,輔信,14,0,14,台中銀-員林,2024-03-08,6114
2881,富邦金,15,1,14,台中銀-員林,2024-03-08,6114
5443,均豪,14,0,14,台中銀-員林,2024-03-08,6114
8069,元太,20,7,13,台中銀-員林,2024-03-08,6114
00751B,元大AAA至A公司債,13,0,13,台中銀-員林,2024-03-08,6114
9945,潤泰新,16,3,13,台中銀-員林,2024-03-08,6114
3029,零壹,14,1,13,台中銀-員林,2024-03-08,6114
6245,立端,12,0,12,台中銀-員林,2024-03-08,6114
00933B,國泰10Y+金融債,12,0,12,台中銀-員林,2024-03-08,6114
2108,南帝,12,0,12,台中銀-員林,2024-03-08,6114
5483,中美晶,26,15,11,台中銀-員林,2024-03-08,6114
3265,台星科,18,7,11,台中銀-員林,2024-03-08,6114
4927,泰鼎-KY,11,0,11,台中銀-員林,2024-03-08,6114
00919,群益台灣精選高息,235,36,199,台中銀-員林,2024-03-11,6114
2887,台新金,100,10,90,台中銀-員林,2024-03-11,6114
00918,大華優利高填息30,79,12,67,台中銀-員林,2024-03-11,6114
2367,燿華,63,6,57,台中銀-員林,2024-03-11,6114
2425,承啟,78,26,52,台中銀-員林,2024-03-11,6114
1316,上曜,96,46,50,台中銀-員林,2024-03-11,6114
00679B,元大美債20年,36,1,35,台中銀-員林,2024-03-11,6114
8131,福懋科,28,2,26,台中銀-員林,2024-03-11,6114
3520,華盈,26,1,25,台中銀-員林,2024-03-11,6114
00687B,國泰20年美債,26,1,25,台中銀-員林,2024-03-11,6114
6547,高端疫苗,23,0,23,台中銀-員林,2024-03-11,6114
8926,台汽電,31,8,23,台中銀-員林,2024-03-11,6114
3707,漢磊,48,26,22,台中銀-員林,2024-03-11,6114
1609,大亞,29,7,22,台中銀-員林,2024-03-11,6114
00720B,元大投資級公司債,20,0,20,台中銀-員林,2024-03-11,6114
00915,凱基優選高股息30,18,0,18,台中銀-員林,2024-03-11,6114
8936,國統,31,13,18,台中銀-員林,2024-03-11,6114
5230,雷笛克光學,17,0,17,台中銀-員林,2024-03-11,6114
2344,華邦電,20,4,16,台中銀-員林,2024-03-11,6114
2002,中鋼,17,2,15,台中銀-員林,2024-03-11,6114
2867,三商壽,15,0,15,台中銀-員林,2024-03-11,6114
2465,麗臺,15,1,14,台中銀-員林,2024-03-11,6114
6235,華孚,15,1,14,台中銀-員林,2024-03-11,6114
6465,威潤,13,0,13,台中銀-員林,2024-03-11,6114
2402,毅嘉,12,0,12,台中銀-員林,2024-03-11,6114
6719,力智,12,0,12,台中銀-員林,2024-03-11,6114
2365,昆盈,14,3,11,台中銀-員林,2024-03-11,6114
3346,麗清,11,0,11,台中銀-員林,2024-03-11,6114
3622,洋華,13,2,11,台中銀-員林,2024-03-11,6114
00715L,期街口布蘭特正2,13,3,10,台中銀-員林,2024-03-11,6114
00645,富邦日本,10,0,10,台中銀-員林,2024-03-11,6114
1714,和桐,10,0,10,台中銀-員林,2024-03-11,6114
2328,廣宇,10,0,10,台中銀-員林,2024-03-11,6114
2442,新美齊,10,0,10,台中銀-員林,2024-03-11,6114
4581,光隆精密-KY,10,0,10,台中銀-員林,2024-03-11,6114
5353,台林,10,0,10,台中銀-員林,2024-03-11,6114
5478,智冠,10,0,10,台中銀-員林,2024-03-11,6114
6227,茂綸,10,0,10,台中銀-員林,2024-03-11,6114
00922,國泰台灣領袖50,10,0,10,台中銀-員林,2024-03-11,6114
6550,北極星藥業-KY,11,1,10,台中銀-員林,2024-03-11,6114
2812,台中銀,14,4,10,台中銀-員林,2024-03-11,6114
2634,漢翔,9,0,9,台中銀-員林,2024-03-11,6114
2886,兆豐金,10,1,9,台中銀-員林,2024-03-11,6114
3044,健鼎,8,0,8,台中銀-員林,2024-03-11,6114
3163,波若威,16,8,8,台中銀-員林,2024-03-11,6114
2308,台達電,8,1,7,台中銀-員林,2024-03-11,6114
2472,立隆電,7,0,7,台中銀-員林,2024-03-11,6114
2408,南亞科,7,0,7,台中銀-員林,2024-03-11,6114
2605,新興,14,7,7,台中銀-員林,2024-03-11,6114
2610,華航,8,1,7,台中銀-員林,2024-03-11,6114
00937B,群益ESG投等債20,159,7,152,台中銀-員林,2024-03-12,6114
1785,光洋科,98,0,98,台中銀-員林,2024-03-12,6114
00679B,元大美債20年,96,1,95,台中銀-員林,2024-03-12,6114
1316,上曜,105,46,59,台中銀-員林,2024-03-12,6114
2406,國碩,60,1,59,台中銀-員林,2024-03-12,6114
2371,大同,75,23,52,台中銀-員林,2024-03-12,6114
00706L,期元大S＆P日圓正2,50,0,50,台中銀-員林,2024-03-12,6114
00933B,國泰10Y+金融債,47,1,46,台中銀-員林,2024-03-12,6114
2883,凱基金,133,87,46,台中銀-員林,2024-03-12,6114
1815,富喬,43,0,43,台中銀-員林,2024-03-12,6114
00645,富邦日本,40,0,40,台中銀-員林,2024-03-12,6114
2641,正德,39,3,36,台中銀-員林,2024-03-12,6114
00632R,元大台灣50反1,30,0,30,台中銀-員林,2024-03-12,6114
2409,友達,37,7,30,台中銀-員林,2024-03-12,6114
2845,遠東銀,30,0,30,台中銀-員林,2024-03-12,6114
00891,中信關鍵半導體,29,1,28,台中銀-員林,2024-03-12,6114
3051,力特,40,12,28,台中銀-員林,2024-03-12,6114
4906,正文,31,6,25,台中銀-員林,2024-03-12,6114
6116,彩晶,25,1,24,台中銀-員林,2024-03-12,6114
5488,松普,21,0,21,台中銀-員林,2024-03-12,6114
2610,華航,22,1,21,台中銀-員林,2024-03-12,6114
00935,野村臺灣新科技50,20,0,20,台中銀-員林,2024-03-12,6114
00936,台新永續高息中小,20,0,20,台中銀-員林,2024-03-12,6114
1513,中興電,40,21,19,台中銀-員林,2024-03-12,6114
00931B,統一美債20年,20,1,19,台中銀-員林,2024-03-12,6114
1514,亞力,41,23,18,台中銀-員林,2024-03-12,6114
2892,第一金,20,2,18,台中銀-員林,2024-03-12,6114
3014,聯陽,19,1,18,台中銀-員林,2024-03-12,6114
3481,群創,23,5,18,台中銀-員林,2024-03-12,6114
6727,亞泰金屬,18,0,18,台中銀-員林,2024-03-12,6114
8064,東捷,34,16,18,台中銀-員林,2024-03-12,6114
1539,巨庭,16,0,16,台中銀-員林,2024-03-12,6114
5443,均豪,16,0,16,台中銀-員林,2024-03-12,6114
020028,元大特選電動車N,15,0,15,台中銀-員林,2024-03-12,6114
020029,元大ESG高股息N,15,0,15,台中銀-員林,2024-03-12,6114
2601,益航,16,1,15,台中銀-員林,2024-03-12,6114
2838,聯邦銀,17,2,15,台中銀-員林,2024-03-12,6114
00687B,國泰20年美債,28,14,14,台中銀-員林,2024-03-12,6114
2851,中再保,15,1,14,台中銀-員林,2024-03-12,6114
3325,旭品,27,13,14,台中銀-員林,2024-03-12,6114
2352,佳世達,13,0,13,台中銀-員林,2024-03-12,6114
2330,台積電,16,3,13,台中銀-員林,2024-03-12,6114
2408,南亞科,13,0,13,台中銀-員林,2024-03-12,6114
00918,大華優利高填息30,26,14,12,台中銀-員林,2024-03-12,6114
2645,長榮航太,12,0,12,台中銀-員林,2024-03-12,6114
8021,尖點,12,0,12,台中銀-員林,2024-03-12,6114
2383,台光電,15,3,12,台中銀-員林,2024-03-12,6114
5608,四維航,11,0,11,台中銀-員林,2024-03-12,6114
6191,精成科,11,0,11,台中銀-員林,2024-03-12,6114
9902,台火,11,0,11,台中銀-員林,2024-03-12,6114
00937B,群益ESG投等債20,172,1,171,台中銀-員林,2024-03-13,6114
5521,工信,149,30,119,台中銀-員林,2024-03-13,6114
00919,群益台灣精選高息,110,23,87,台中銀-員林,2024-03-13,6114
00712,復華富時不動產,82,0,82,台中銀-員林,2024-03-13,6114
8131,福懋科,78,0,78,台中銀-員林,2024-03-13,6114
00632R,元大台灣50反1,61,0,61,台中銀-員林,2024-03-13,6114
6770,力積電,54,1,53,台中銀-員林,2024-03-13,6114
1513,中興電,79,32,47,台中銀-員林,2024-03-13,6114
00918,大華優利高填息30,61,19,42,台中銀-員林,2024-03-13,6114
2913,農林,40,0,40,台中銀-員林,2024-03-13,6114
00679B,元大美債20年,37,0,37,台中銀-員林,2024-03-13,6114
2464,盟立,52,15,37,台中銀-員林,2024-03-13,6114
6120,達運,35,2,33,台中銀-員林,2024-03-13,6114
2344,華邦電,34,2,32,台中銀-員林,2024-03-13,6114
2354,鴻準,65,33,32,台中銀-員林,2024-03-13,6114
3450,聯鈞,41,10,31,台中銀-員林,2024-03-13,6114
00680L,元大美債20正2,29,0,29,台中銀-員林,2024-03-13,6114
1815,富喬,35,6,29,台中銀-員林,2024-03-13,6114
2365,昆盈,29,2,27,台中銀-員林,2024-03-13,6114
2442,新美齊,26,0,26,台中銀-員林,2024-03-13,6114
3231,緯創,44,21,23,台中銀-員林,2024-03-13,6114
1101,台泥,22,0,22,台中銀-員林,2024-03-13,6114
4927,泰鼎-KY,22,0,22,台中銀-員林,2024-03-13,6114
00687B,國泰20年美債,26,5,21,台中銀-員林,2024-03-13,6114
3715,定穎投控,24,3,21,台中銀-員林,2024-03-13,6114
8163,達方,20,0,20,台中銀-員林,2024-03-13,6114
00637L,元大滬深300正2,18,0,18,台中銀-員林,2024-03-13,6114
3163,波若威,29,12,17,台中銀-員林,2024-03-13,6114
3049,精金,22,6,16,台中銀-員林,2024-03-13,6114
1514,亞力,82,67,15,台中銀-員林,2024-03-13,6114
1605,華新,15,0,15,台中銀-員林,2024-03-13,6114
00891,中信關鍵半導體,15,0,15,台中銀-員林,2024-03-13,6114
8454,富邦媒,14,0,14,台中銀-員林,2024-03-13,6114
00772B,中信高評級公司債,15,1,14,台中銀-員林,2024-03-13,6114
1326,台化,15,1,14,台中銀-員林,2024-03-13,6114
2337,旺宏,14,0,14,台中銀-員林,2024-03-13,6114
2832,台產,14,0,14,台中銀-員林,2024-03-13,6114
2883,凱基金,56,42,14,台中銀-員林,2024-03-13,6114
3036,文曄,14,1,13,台中銀-員林,2024-03-13,6114
3051,力特,13,0,13,台中銀-員林,2024-03-13,6114
6117,迎廣,28,15,13,台中銀-員林,2024-03-13,6114
2204,中華,14,1,13,台中銀-員林,2024-03-13,6114
5608,四維航,12,0,12,台中銀-員林,2024-03-13,6114
2834,臺企銀,30,18,12,台中銀-員林,2024-03-13,6114
2543,皇昌,15,4,11,台中銀-員林,2024-03-13,6114
2408,南亞科,11,0,11,台中銀-員林,2024-03-13,6114
2421,建準,13,2,11,台中銀-員林,2024-03-13,6114
3362,先進光,13,2,11,台中銀-員林,2024-03-13,6114
1618,合機,51,40,11,台中銀-員林,2024-03-13,6114
2399,映泰,11,0,11,台中銀-員林,2024-03-13,6114
6269,台郡,270,1,269,台中銀-員林,2024-03-14,6114
00937B,群益ESG投等債20,245,8,237,台中銀-員林,2024-03-14,6114
00919,群益台灣精選高息,254,95,159,台中銀-員林,2024-03-14,6114
00933B,國泰10Y+金融債,103,8,95,台中銀-員林,2024-03-14,6114
2884,玉山金,83,1,82,台中銀-員林,2024-03-14,6114
00918,大華優利高填息30,80,0,80,台中銀-員林,2024-03-14,6114
2618,長榮航,77,1,76,台中銀-員林,2024-03-14,6114
00915,凱基優選高股息30,71,8,63,台中銀-員林,2024-03-14,6114
6188,廣明,62,0,62,台中銀-員林,2024-03-14,6114
1608,華榮,72,20,52,台中銀-員林,2024-03-14,6114
00673R,期元大S＆P原油反1,43,0,43,台中銀-員林,2024-03-14,6114
2353,宏��,46,6,40,台中銀-員林,2024-03-14,6114
1609,大亞,71,32,39,台中銀-員林,2024-03-14,6114
8131,福懋科,38,0,38,台中銀-員林,2024-03-14,6114
00931B,統一美債20年,34,0,34,台中銀-員林,2024-03-14,6114
8011,台通,41,10,31,台中銀-員林,2024-03-14,6114
5498,凱崴,32,2,30,台中銀-員林,2024-03-14,6114
00679B,元大美債20年,52,22,30,台中銀-員林,2024-03-14,6114
2883,凱基金,116,88,28,台中銀-員林,2024-03-14,6114
00897,富邦基因免疫生技,25,0,25,台中銀-員林,2024-03-14,6114
5347,世界,22,0,22,台中銀-員林,2024-03-14,6114
2020,美亞,25,3,22,台中銀-員林,2024-03-14,6114
6592,和潤企業,22,1,21,台中銀-員林,2024-03-14,6114
3211,順達,20,0,20,台中銀-員林,2024-03-14,6114
1513,中興電,53,33,20,台中銀-員林,2024-03-14,6114
2882,國泰金,69,50,19,台中銀-員林,2024-03-14,6114
2897,王道銀行,19,0,19,台中銀-員林,2024-03-14,6114
2834,臺企銀,29,12,17,台中銀-員林,2024-03-14,6114
1503,士電,38,22,16,台中銀-員林,2024-03-14,6114
00680L,元大美債20正2,27,11,16,台中銀-員林,2024-03-14,6114
00712,復華富時不動產,17,3,14,台中銀-員林,2024-03-14,6114
1616,億泰,20,7,13,台中銀-員林,2024-03-14,6114
2465,麗臺,14,1,13,台中銀-員林,2024-03-14,6114
00687B,國泰20年美債,12,0,12,台中銀-員林,2024-03-14,6114
2002,中鋼,13,1,12,台中銀-員林,2024-03-14,6114
00637L,元大滬深300正2,40,28,12,台中銀-員林,2024-03-14,6114
00836B,永豐10年A公司債,12,0,12,台中銀-員林,2024-03-14,6114
2408,南亞科,13,1,12,台中銀-員林,2024-03-14,6114
2356,英業達,19,7,12,台中銀-員林,2024-03-14,6114
2101,南港,11,0,11,台中銀-員林,2024-03-14,6114
3231,緯創,21,11,10,台中銀-員林,2024-03-14,6114
2337,旺宏,12,2,10,台中銀-員林,2024-03-14,6114
9945,潤泰新,11,1,10,台中銀-員林,2024-03-14,6114
2442,新美齊,10,0,10,台中銀-員林,2024-03-14,6114
2486,一詮,19,9,10,台中銀-員林,2024-03-14,6114
2601,益航,10,0,10,台中銀-員林,2024-03-14,6114
4726,永昕,10,0,10,台中銀-員林,2024-03-14,6114
6005,群益證,11,1,10,台中銀-員林,2024-03-14,6114
6185,幃翔,10,0,10,台中銀-員林,2024-03-14,6114
2891,中信金,11,2,9,台中銀-員林,2024-03-14,6114
00919,群益台灣精選高息,231,32,199,台中銀-員林,2024-03-15,6114
1210,大成,140,0,140,台中銀-員林,2024-03-15,6114
00795B,中信美國公債20年,133,5,128,台中銀-員林,2024-03-15,6114
00712,復華富時不動產,113,5,108,台中銀-員林,2024-03-15,6114
2328,廣宇,108,5,103,台中銀-員林,2024-03-15,6114
00941,中信上游半導體,72,0,72,台中銀-員林,2024-03-15,6114
00680L,元大美債20正2,73,5,68,台中銀-員林,2024-03-15,6114
00933B,國泰10Y+金融債,64,1,63,台中銀-員林,2024-03-15,6114
2371,大同,85,24,61,台中銀-員林,2024-03-15,6114
2002,中鋼,61,2,59,台中銀-員林,2024-03-15,6114
00665L,富邦�琤肭磪囓�2,50,0,50,台中銀-員林,2024-03-15,6114
2845,遠東銀,51,2,49,台中銀-員林,2024-03-15,6114
00679B,元大美債20年,59,10,49,台中銀-員林,2024-03-15,6114
6269,台郡,51,5,46,台中銀-員林,2024-03-15,6114
2836,高雄銀,48,4,44,台中銀-員林,2024-03-15,6114
2442,新美齊,38,0,38,台中銀-員林,2024-03-15,6114
3051,力特,42,5,37,台中銀-員林,2024-03-15,6114
4714,永捷,126,89,37,台中銀-員林,2024-03-15,6114
2883,凱基金,90,53,37,台中銀-員林,2024-03-15,6114
1608,華榮,49,15,34,台中銀-員林,2024-03-15,6114
2603,長榮,55,21,34,台中銀-員林,2024-03-15,6114
2618,長榮航,35,1,34,台中銀-員林,2024-03-15,6114
9105,泰金寶-DR,42,10,32,台中銀-員林,2024-03-15,6114
00706L,期元大S＆P日圓正2,30,0,30,台中銀-員林,2024-03-15,6114
00688L,國泰20年美債正2,30,0,30,台中銀-員林,2024-03-15,6114
00918,大華優利高填息30,31,2,29,台中銀-員林,2024-03-15,6114
6182,合晶,28,0,28,台中銀-員林,2024-03-15,6114
8131,福懋科,28,0,28,台中銀-員林,2024-03-15,6114
2891,中信金,33,5,28,台中銀-員林,2024-03-15,6114
2888,新光金,27,1,26,台中銀-員林,2024-03-15,6114
1503,士電,39,14,25,台中銀-員林,2024-03-15,6114
8936,國統,25,0,25,台中銀-員林,2024-03-15,6114
2834,臺企銀,109,87,22,台中銀-員林,2024-03-15,6114
2609,陽明,21,1,20,台中銀-員林,2024-03-15,6114
00655L,國泰中國A50正2,20,0,20,台中銀-員林,2024-03-15,6114
00937B,群益ESG投等債20,20,0,20,台中銀-員林,2024-03-15,6114
1802,台玻,22,3,19,台中銀-員林,2024-03-15,6114
2101,南港,19,0,19,台中銀-員林,2024-03-15,6114
4906,正文,18,0,18,台中銀-員林,2024-03-15,6114
3231,緯創,39,22,17,台中銀-員林,2024-03-15,6114
2356,英業達,24,7,17,台中銀-員林,2024-03-15,6114
00751B,元大AAA至A公司債,16,0,16,台中銀-員林,2024-03-15,6114
1909,榮成,21,5,16,台中銀-員林,2024-03-15,6114
2641,正德,16,0,16,台中銀-員林,2024-03-15,6114
2330,台積電,21,5,16,台中銀-員林,2024-03-15,6114
2636,台驊控股,15,0,15,台中銀-員林,2024-03-15,6114
3141,晶宏,15,0,15,台中銀-員林,2024-03-15,6114
3362,先進光,21,6,15,台中銀-員林,2024-03-15,6114
6015,宏遠證,15,0,15,台中銀-員林,2024-03-15,6114
00931B,統一美債20年,14,0,14,台中銀-員林,2024-03-15,6114
00941,中信上游半導體,288,0,288,台中銀-員林,2024-03-18,6114
3005,神基,110,5,105,台中銀-員林,2024-03-18,6114
00687B,國泰20年美債,82,5,77,台中銀-員林,2024-03-18,6114
2353,宏��,69,4,65,台中銀-員林,2024-03-18,6114
00706L,期元大S＆P日圓正2,63,0,63,台中銀-員林,2024-03-18,6114
4503,金雨,102,39,63,台中銀-員林,2024-03-18,6114
00688L,國泰20年美債正2,47,0,47,台中銀-員林,2024-03-18,6114
2834,臺企銀,61,15,46,台中銀-員林,2024-03-18,6114
3322,建舜電,43,8,35,台中銀-員林,2024-03-18,6114
00680L,元大美債20正2,33,0,33,台中銀-員林,2024-03-18,6114
00918,大華優利高填息30,32,2,30,台中銀-員林,2024-03-18,6114
2885,元大金,30,0,30,台中銀-員林,2024-03-18,6114
2611,志信,33,5,28,台中銀-員林,2024-03-18,6114
00937B,群益ESG投等債20,36,10,26,台中銀-員林,2024-03-18,6114
2408,南亞科,26,0,26,台中銀-員林,2024-03-18,6114
00679B,元大美債20年,29,3,26,台中銀-員林,2024-03-18,6114
6269,台郡,23,0,23,台中銀-員林,2024-03-18,6114
8109,博大,23,1,22,台中銀-員林,2024-03-18,6114
2489,瑞軒,21,0,21,台中銀-員林,2024-03-18,6114
2609,陽明,17,1,16,台中銀-員林,2024-03-18,6114
1210,大成,20,5,15,台中銀-員林,2024-03-18,6114
1326,台化,15,0,15,台中銀-員林,2024-03-18,6114
3362,先進光,18,4,14,台中銀-員林,2024-03-18,6114
2355,敬鵬,16,2,14,台中銀-員林,2024-03-18,6114
00933B,國泰10Y+金融債,13,0,13,台中銀-員林,2024-03-18,6114
2371,大同,40,28,12,台中銀-員林,2024-03-18,6114
00751B,元大AAA至A公司債,12,0,12,台中銀-員林,2024-03-18,6114
1608,華榮,32,20,12,台中銀-員林,2024-03-18,6114
2363,矽統,16,4,12,台中銀-員林,2024-03-18,6114
3014,聯陽,12,0,12,台中銀-員林,2024-03-18,6114
2888,新光金,12,0,12,台中銀-員林,2024-03-18,6114
2002,中鋼,12,0,12,台中銀-員林,2024-03-18,6114
5388,中磊,11,0,11,台中銀-員林,2024-03-18,6114
4958,臻鼎-KY,11,0,11,台中銀-員林,2024-03-18,6114
1809,中釉,11,0,11,台中銀-員林,2024-03-18,6114
2889,國票金,11,0,11,台中銀-員林,2024-03-18,6114
3622,洋華,24,13,11,台中銀-員林,2024-03-18,6114
6116,彩晶,11,0,11,台中銀-員林,2024-03-18,6114
2449,京元電子,13,2,11,台中銀-員林,2024-03-18,6114
1717,長興,10,0,10,台中銀-員林,2024-03-18,6114
1802,台玻,10,0,10,台中銀-員林,2024-03-18,6114
2115,六暉-KY,10,0,10,台中銀-員林,2024-03-18,6114
4513,福裕,10,0,10,台中銀-員林,2024-03-18,6114
4726,永昕,10,0,10,台中銀-員林,2024-03-18,6114
6015,宏遠證,10,0,10,台中銀-員林,2024-03-18,6114
6741,91APP*-KY,10,0,10,台中銀-員林,2024-03-18,6114
1220,台榮,10,0,10,台中銀-員林,2024-03-18,6114
2208,台船,11,2,9,台中銀-員林,2024-03-18,6114
5498,凱崴,10,1,9,台中銀-員林,2024-03-18,6114
1316,上曜,45,36,9,台中銀-員林,2024-03-18,6114
2603,長榮,107,13,94,台中銀-員林,2024-03-19,6114
1605,華新,80,5,75,台中銀-員林,2024-03-19,6114
2812,台中銀,73,11,62,台中銀-員林,2024-03-19,6114
2329,華泰,69,7,62,台中銀-員林,2024-03-19,6114
00688L,國泰20年美債正2,61,0,61,台中銀-員林,2024-03-19,6114
00665L,富邦�琤肭磪囓�2,75,15,60,台中銀-員林,2024-03-19,6114
00687B,國泰20年美債,47,10,37,台中銀-員林,2024-03-19,6114
1504,東元,47,10,37,台中銀-員林,2024-03-19,6114
5443,均豪,47,16,31,台中銀-員林,2024-03-19,6114
00941,中信上游半導體,29,3,26,台中銀-員林,2024-03-19,6114
2353,宏��,35,10,25,台中銀-員林,2024-03-19,6114
3312,弘憶股,32,8,24,台中銀-員林,2024-03-19,6114
00680L,元大美債20正2,24,0,24,台中銀-員林,2024-03-19,6114
00706L,期元大S＆P日圓正2,27,3,24,台中銀-員林,2024-03-19,6114
00937B,群益ESG投等債20,33,10,23,台中銀-員林,2024-03-19,6114
1711,永光,23,0,23,台中銀-員林,2024-03-19,6114
00919,群益台灣精選高息,52,30,22,台中銀-員林,2024-03-19,6114
1806,冠軍,22,0,22,台中銀-員林,2024-03-19,6114
2489,瑞軒,22,0,22,台中銀-員林,2024-03-19,6114
3322,建舜電,23,1,22,台中銀-員林,2024-03-19,6114
3005,神基,34,12,22,台中銀-員林,2024-03-19,6114
2031,新光鋼,21,1,20,台中銀-員林,2024-03-19,6114
2009,第一銅,35,16,19,台中銀-員林,2024-03-19,6114
2889,國票金,20,1,19,台中銀-員林,2024-03-19,6114
5498,凱崴,19,0,19,台中銀-員林,2024-03-19,6114
00712,復華富時不動產,23,6,17,台中銀-員林,2024-03-19,6114
1513,中興電,37,20,17,台中銀-員林,2024-03-19,6114
2834,臺企銀,17,0,17,台中銀-員林,2024-03-19,6114
2449,京元電子,20,3,17,台中銀-員林,2024-03-19,6114
00673R,期元大S＆P原油反1,16,0,16,台中銀-員林,2024-03-19,6114
4766,南寶,15,0,15,台中銀-員林,2024-03-19,6114
4938,和碩,31,17,14,台中銀-員林,2024-03-19,6114
2442,新美齊,14,0,14,台中銀-員林,2024-03-19,6114
6770,力積電,13,0,13,台中銀-員林,2024-03-19,6114
2301,光寶科,18,6,12,台中銀-員林,2024-03-19,6114
2888,新光金,14,2,12,台中銀-員林,2024-03-19,6114
1514,亞力,56,45,11,台中銀-員林,2024-03-19,6114
6290,良維,10,0,10,台中銀-員林,2024-03-19,6114
00751B,元大AAA至A公司債,12,2,10,台中銀-員林,2024-03-19,6114
2352,佳世達,11,1,10,台中銀-員林,2024-03-19,6114
2402,毅嘉,10,0,10,台中銀-員林,2024-03-19,6114
3362,先進光,10,0,10,台中銀-員林,2024-03-19,6114
6120,達運,10,0,10,台中銀-員林,2024-03-19,6114
6168,宏齊,10,0,10,台中銀-員林,2024-03-19,6114
2356,英業達,23,13,10,台中銀-員林,2024-03-19,6114
2316,楠梓電,13,4,9,台中銀-員林,2024-03-19,6114
2515,中工,20,11,9,台中銀-員林,2024-03-19,6114
6147,頎邦,9,0,9,台中銀-員林,2024-03-19,6114
5864,致和證,12,3,9,台中銀-員林,2024-03-19,6114
3014,聯陽,10,1,9,台中銀-員林,2024-03-19,6114
00939,統一台灣高息動能,1563,8,1555,台中銀-員林,2024-03-20,6114
1101,台泥,214,5,209,台中銀-員林,2024-03-20,6114
00937B,群益ESG投等債20,134,3,131,台中銀-員林,2024-03-20,6114
2888,新光金,75,0,75,台中銀-員林,2024-03-20,6114
00919,群益台灣精選高息,294,227,67,台中銀-員林,2024-03-20,6114
4938,和碩,115,50,65,台中銀-員林,2024-03-20,6114
2618,長榮航,65,6,59,台中銀-員林,2024-03-20,6114
2354,鴻準,69,12,57,台中銀-員林,2024-03-20,6114
6282,康舒,56,0,56,台中銀-員林,2024-03-20,6114
2408,南亞科,45,0,45,台中銀-員林,2024-03-20,6114
3481,群創,64,20,44,台中銀-員林,2024-03-20,6114
2027,大成鋼,40,0,40,台中銀-員林,2024-03-20,6114
2371,大同,40,0,40,台中銀-員林,2024-03-20,6114
1409,新纖,38,0,38,台中銀-員林,2024-03-20,6114
00655L,國泰中國A50正2,30,0,30,台中銀-員林,2024-03-20,6114
2356,英業達,36,8,28,台中銀-員林,2024-03-20,6114
2314,台揚,27,0,27,台中銀-員林,2024-03-20,6114
2886,兆豐金,26,1,25,台中銀-員林,2024-03-20,6114
2355,敬鵬,66,42,24,台中銀-員林,2024-03-20,6114
2883,凱基金,33,9,24,台中銀-員林,2024-03-20,6114
2313,華通,41,18,23,台中銀-員林,2024-03-20,6114
2344,華邦電,24,1,23,台中銀-員林,2024-03-20,6114
2362,藍天,23,0,23,台中銀-員林,2024-03-20,6114
4766,南寶,23,0,23,台中銀-員林,2024-03-20,6114
1514,亞力,52,29,23,台中銀-員林,2024-03-20,6114
00679B,元大美債20年,22,0,22,台中銀-員林,2024-03-20,6114
3047,訊舟,20,0,20,台中銀-員林,2024-03-20,6114
6112,邁達特,22,2,20,台中銀-員林,2024-03-20,6114
2881,富邦金,21,1,20,台中銀-員林,2024-03-20,6114
2603,長榮,40,22,18,台中銀-員林,2024-03-20,6114
3029,零壹,18,0,18,台中銀-員林,2024-03-20,6114
00673R,期元大S＆P原油反1,22,5,17,台中銀-員林,2024-03-20,6114
1326,台化,21,5,16,台中銀-員林,2024-03-20,6114
2359,所羅門,20,4,16,台中銀-員林,2024-03-20,6114
1513,中興電,46,30,16,台中銀-員林,2024-03-20,6114
2834,臺企銀,29,14,15,台中銀-員林,2024-03-20,6114
00900,富邦特選高股息30,22,7,15,台中銀-員林,2024-03-20,6114
3213,茂訊,15,0,15,台中銀-員林,2024-03-20,6114
2002,中鋼,13,0,13,台中銀-員林,2024-03-20,6114
3005,神基,26,14,12,台中銀-員林,2024-03-20,6114
00933B,國泰10Y+金融債,15,3,12,台中銀-員林,2024-03-20,6114
1815,富喬,16,4,12,台中銀-員林,2024-03-20,6114
2409,友達,12,0,12,台中銀-員林,2024-03-20,6114
1319,東陽,13,2,11,台中銀-員林,2024-03-20,6114
2208,台船,17,6,11,台中銀-員林,2024-03-20,6114
00857B,永豐20年美公債,11,0,11,台中銀-員林,2024-03-20,6114
00706L,期元大S＆P日圓正2,11,0,11,台中銀-員林,2024-03-20,6114
2023,燁輝,11,0,11,台中銀-員林,2024-03-20,6114
00633L,富邦上証正2,10,0,10,台中銀-員林,2024-03-20,6114
2534,宏盛,10,0,10,台中銀-員林,2024-03-20,6114
00937B,群益ESG投等債20,312,17,295,台中銀-員林,2024-03-21,6114
00939,統一台灣高息動能,294,37,257,台中銀-員林,2024-03-21,6114
2354,鴻準,213,20,193,台中銀-員林,2024-03-21,6114
6443,元晶,108,4,104,台中銀-員林,2024-03-21,6114
6770,力積電,107,10,97,台中銀-員林,2024-03-21,6114
2031,新光鋼,60,1,59,台中銀-員林,2024-03-21,6114
00929,復華台灣科技優息,60,8,52,台中銀-員林,2024-03-21,6114
00632R,元大台灣50反1,52,2,50,台中銀-員林,2024-03-21,6114
3694,海華,61,11,50,台中銀-員林,2024-03-21,6114
4938,和碩,76,31,45,台中銀-員林,2024-03-21,6114
2836,高雄銀,43,0,43,台中銀-員林,2024-03-21,6114
00919,群益台灣精選高息,77,44,33,台中銀-員林,2024-03-21,6114
2301,光寶科,39,13,26,台中銀-員林,2024-03-21,6114
00706L,期元大S＆P日圓正2,24,0,24,台中銀-員林,2024-03-21,6114
6197,佳必琪,24,1,23,台中銀-員林,2024-03-21,6114
1513,中興電,49,28,21,台中銀-員林,2024-03-21,6114
00637L,元大滬深300正2,20,0,20,台中銀-員林,2024-03-21,6114
00645,富邦日本,20,0,20,台中銀-員林,2024-03-21,6114
2009,第一銅,22,2,20,台中銀-員林,2024-03-21,6114
2888,新光金,22,2,20,台中銀-員林,2024-03-21,6114
3033,威健,21,1,20,台中銀-員林,2024-03-21,6114
2812,台中銀,19,0,19,台中銀-員林,2024-03-21,6114
5230,雷笛克光學,18,0,18,台中銀-員林,2024-03-21,6114
2308,台達電,43,25,18,台中銀-員林,2024-03-21,6114
00680L,元大美債20正2,17,0,17,台中銀-員林,2024-03-21,6114
00687B,國泰20年美債,17,2,15,台中銀-員林,2024-03-21,6114
9906,欣巴巴,15,0,15,台中銀-員林,2024-03-21,6114
00679B,元大美債20年,13,0,13,台中銀-員林,2024-03-21,6114
1582,信錦,13,0,13,台中銀-員林,2024-03-21,6114
2023,燁輝,15,2,13,台中銀-員林,2024-03-21,6114
3363,上詮,14,1,13,台中銀-員林,2024-03-21,6114
3372,典範,13,0,13,台中銀-員林,2024-03-21,6114
4306,炎洲,15,2,13,台中銀-員林,2024-03-21,6114
2618,長榮航,12,0,12,台中銀-員林,2024-03-21,6114
6188,廣明,131,120,11,台中銀-員林,2024-03-21,6114
3466,德晉,11,0,11,台中銀-員林,2024-03-21,6114
2609,陽明,17,7,10,台中銀-員林,2024-03-21,6114
2353,宏��,32,22,10,台中銀-員林,2024-03-21,6114
1305,華夏,10,0,10,台中銀-員林,2024-03-21,6114
5443,均豪,61,51,10,台中銀-員林,2024-03-21,6114
5608,四維航,10,0,10,台中銀-員林,2024-03-21,6114
00720B,元大投資級公司債,9,0,9,台中銀-員林,2024-03-21,6114
2486,一詮,33,24,9,台中銀-員林,2024-03-21,6114
2405,輔信,31,22,9,台中銀-員林,2024-03-21,6114
6285,啟��,15,6,9,台中銀-員林,2024-03-21,6114
00924,復華S＆P500成長,8,0,8,台中銀-員林,2024-03-21,6114
2393,億光,10,2,8,台中銀-員林,2024-03-21,6114
2834,臺企銀,9,1,8,台中銀-員林,2024-03-21,6114
3041,揚智,12,4,8,台中銀-員林,2024-03-21,6114
6191,精成科,8,0,8,台中銀-員林,2024-03-21,6114
00937B,群益ESG投等債20,575,0,575,台中銀-員林,2024-03-22,6114
2352,佳世達,212,13,199,台中銀-員林,2024-03-22,6114
00939,統一台灣高息動能,212,54,158,台中銀-員林,2024-03-22,6114
00665L,富邦�琤肭磪囓�2,110,0,110,台中銀-員林,2024-03-22,6114
00680L,元大美債20正2,102,15,87,台中銀-員林,2024-03-22,6114
00919,群益台灣精選高息,129,48,81,台中銀-員林,2024-03-22,6114
2353,宏��,108,48,60,台中銀-員林,2024-03-22,6114
00929,復華台灣科技優息,120,66,54,台中銀-員林,2024-03-22,6114
3706,神達,99,47,52,台中銀-員林,2024-03-22,6114
00753L,中信中國50正2,47,0,47,台中銀-員林,2024-03-22,6114
00885,富邦越南,55,10,45,台中銀-員林,2024-03-22,6114
00655L,國泰中國A50正2,41,0,41,台中銀-員林,2024-03-22,6114
2609,陽明,42,1,41,台中銀-員林,2024-03-22,6114
00941,中信上游半導體,36,0,36,台中銀-員林,2024-03-22,6114
2834,臺企銀,35,1,34,台中銀-員林,2024-03-22,6114
1514,亞力,91,58,33,台中銀-員林,2024-03-22,6114
00706L,期元大S＆P日圓正2,32,0,32,台中銀-員林,2024-03-22,6114
2465,麗臺,30,0,30,台中銀-員林,2024-03-22,6114
1504,東元,57,29,28,台中銀-員林,2024-03-22,6114
5439,高技,40,13,27,台中銀-員林,2024-03-22,6114
2354,鴻準,59,33,26,台中銀-員林,2024-03-22,6114
1616,億泰,40,15,25,台中銀-員林,2024-03-22,6114
2009,第一銅,25,0,25,台中銀-員林,2024-03-22,6114
2376,技嘉,55,30,25,台中銀-員林,2024-03-22,6114
2382,廣達,25,3,22,台中銀-員林,2024-03-22,6114
00915,凱基優選高股息30,23,2,21,台中銀-員林,2024-03-22,6114
2344,華邦電,29,9,20,台中銀-員林,2024-03-22,6114
2888,新光金,24,4,20,台中銀-員林,2024-03-22,6114
8112,至上,22,2,20,台中銀-員林,2024-03-22,6114
8926,台汽電,23,3,20,台中銀-員林,2024-03-22,6114
9907,統一實,20,0,20,台中銀-員林,2024-03-22,6114
2371,大同,29,10,19,台中銀-員林,2024-03-22,6114
2618,長榮航,29,11,18,台中銀-員林,2024-03-22,6114
2408,南亞科,35,19,16,台中銀-員林,2024-03-22,6114
00650L,復華香港正2,15,0,15,台中銀-員林,2024-03-22,6114
2317,鴻海,59,46,13,台中銀-員林,2024-03-22,6114
2208,台船,13,0,13,台中銀-員林,2024-03-22,6114
2882,國泰金,15,3,12,台中銀-員林,2024-03-22,6114
3264,欣銓,14,2,12,台中銀-員林,2024-03-22,6114
1513,中興電,28,16,12,台中銀-員林,2024-03-22,6114
2881,富邦金,11,0,11,台中銀-員林,2024-03-22,6114
00688L,國泰20年美債正2,11,0,11,台中銀-員林,2024-03-22,6114
3545,敦泰,11,0,11,台中銀-員林,2024-03-22,6114
5469,瀚宇博,14,3,11,台中銀-員林,2024-03-22,6114
2303,聯電,21,10,11,台中銀-員林,2024-03-22,6114
00878,國泰永續高股息,17,6,11,台中銀-員林,2024-03-22,6114
2023,燁輝,10,0,10,台中銀-員林,2024-03-22,6114
1582,信錦,10,0,10,台中銀-員林,2024-03-22,6114
2485,兆赫,12,2,10,台中銀-員林,2024-03-22,6114
2495,普安,10,0,10,台中銀-員林,2024-03-22,6114
1609,大亞,250,43,207,台中銀-員林,2024-03-25,6114
2801,彰銀,100,0,100,台中銀-員林,2024-03-25,6114
3704,合勤控,88,0,88,台中銀-員林,2024-03-25,6114
00888,永豐台灣ESG,70,0,70,台中銀-員林,2024-03-25,6114
00939,統一台灣高息動能,150,102,48,台中銀-員林,2024-03-25,6114
00687B,國泰20年美債,46,0,46,台中銀-員林,2024-03-25,6114
6770,力積電,46,0,46,台中銀-員林,2024-03-25,6114
00941,中信上游半導體,72,29,43,台中銀-員林,2024-03-25,6114
00712,復華富時不動產,41,0,41,台中銀-員林,2024-03-25,6114
2834,臺企銀,41,0,41,台中銀-員林,2024-03-25,6114
1304,台聚,40,0,40,台中銀-員林,2024-03-25,6114
00919,群益台灣精選高息,72,38,34,台中銀-員林,2024-03-25,6114
3545,敦泰,38,6,32,台中銀-員林,2024-03-25,6114
2367,燿華,44,13,31,台中銀-員林,2024-03-25,6114
1316,上曜,24,2,22,台中銀-員林,2024-03-25,6114
6538,倉和,27,5,22,台中銀-員林,2024-03-25,6114
1714,和桐,21,0,21,台中銀-員林,2024-03-25,6114
8473,山林水,26,5,21,台中銀-員林,2024-03-25,6114
00929,復華台灣科技優息,33,13,20,台中銀-員林,2024-03-25,6114
2492,華新科,19,0,19,台中銀-員林,2024-03-25,6114
1513,中興電,39,21,18,台中銀-員林,2024-03-25,6114
2359,所羅門,15,1,14,台中銀-員林,2024-03-25,6114
6125,廣運,27,14,13,台中銀-員林,2024-03-25,6114
2882,國泰金,12,0,12,台中銀-員林,2024-03-25,6114
3622,洋華,18,6,12,台中銀-員林,2024-03-25,6114
2441,超豐,11,0,11,台中銀-員林,2024-03-25,6114
3189,景碩,11,0,11,台中銀-員林,2024-03-25,6114
3005,神基,12,2,10,台中銀-員林,2024-03-25,6114
3042,晶技,10,0,10,台中銀-員林,2024-03-25,6114
2464,盟立,18,8,10,台中銀-員林,2024-03-25,6114
2457,飛宏,10,0,10,台中銀-員林,2024-03-25,6114
2855,統一證,10,0,10,台中銀-員林,2024-03-25,6114
6167,久正,10,0,10,台中銀-員林,2024-03-25,6114
8021,尖點,10,0,10,台中銀-員林,2024-03-25,6114
6284,佳邦,14,4,10,台中銀-員林,2024-03-25,6114
2376,技嘉,24,15,9,台中銀-員林,2024-03-25,6114
2363,矽統,9,0,9,台中銀-員林,2024-03-25,6114
2504,國產,9,0,9,台中銀-員林,2024-03-25,6114
6117,迎廣,10,1,9,台中銀-員林,2024-03-25,6114
6191,精成科,9,0,9,台中銀-員林,2024-03-25,6114
00931B,統一美債20年,18,10,8,台中銀-員林,2024-03-25,6114
5498,凱崴,8,0,8,台中銀-員林,2024-03-25,6114
6269,台郡,8,0,8,台中銀-員林,2024-03-25,6114
00688L,國泰20年美債正2,12,5,7,台中銀-員林,2024-03-25,6114
1409,新纖,15,8,7,台中銀-員林,2024-03-25,6114
2206,三陽工業,7,0,7,台中銀-員林,2024-03-25,6114
3022,威強電,7,0,7,台中銀-員林,2024-03-25,6114
3706,神達,9,2,7,台中銀-員林,2024-03-25,6114
2002,中鋼,6,0,6,台中銀-員林,2024-03-25,6114
2641,正德,6,0,6,台中銀-員林,2024-03-25,6114
2331,精英,262,0,262,台中銀-員林,2024-03-26,6114
00939,統一台灣高息動能,183,30,153,台中銀-員林,2024-03-26,6114
4123,晟德,167,67,100,台中銀-員林,2024-03-26,6114
00937B,群益ESG投等債20,89,1,88,台中銀-員林,2024-03-26,6114
2353,宏��,116,32,84,台中銀-員林,2024-03-26,6114
00632R,元大台灣50反1,112,30,82,台中銀-員林,2024-03-26,6114
00680L,元大美債20正2,79,0,79,台中銀-員林,2024-03-26,6114
3704,合勤控,70,0,70,台中銀-員林,2024-03-26,6114
2009,第一銅,61,1,60,台中銀-員林,2024-03-26,6114
00688L,國泰20年美債正2,45,0,45,台中銀-員林,2024-03-26,6114
2303,聯電,46,3,43,台中銀-員林,2024-03-26,6114
3362,先進光,39,0,39,台中銀-員林,2024-03-26,6114
00941,中信上游半導體,71,34,37,台中銀-員林,2024-03-26,6114
1503,士電,37,2,35,台中銀-員林,2024-03-26,6114
6179,亞通,40,5,35,台中銀-員林,2024-03-26,6114
2417,圓剛,45,11,34,台中銀-員林,2024-03-26,6114
1513,中興電,116,83,33,台中銀-員林,2024-03-26,6114
2812,台中銀,31,0,31,台中銀-員林,2024-03-26,6114
2409,友達,27,1,26,台中銀-員林,2024-03-26,6114
5236,凌陽創新,27,1,26,台中銀-員林,2024-03-26,6114
2356,英業達,86,61,25,台中銀-員林,2024-03-26,6114
3062,建漢,27,2,25,台中銀-員林,2024-03-26,6114
6125,廣運,43,18,25,台中銀-員林,2024-03-26,6114
8033,雷虎,25,0,25,台中銀-員林,2024-03-26,6114
4540,全球傳動,23,0,23,台中銀-員林,2024-03-26,6114
4523,永彰,42,21,21,台中銀-員林,2024-03-26,6114
3322,建舜電,20,0,20,台中銀-員林,2024-03-26,6114
00795B,中信美國公債20年,20,1,19,台中銀-員林,2024-03-26,6114
00929,復華台灣科技優息,42,23,19,台中銀-員林,2024-03-26,6114
2301,光寶科,20,2,18,台中銀-員林,2024-03-26,6114
1504,東元,74,57,17,台中銀-員林,2024-03-26,6114
2486,一詮,23,6,17,台中銀-員林,2024-03-26,6114
2313,華通,17,1,16,台中銀-員林,2024-03-26,6114
5498,凱崴,16,0,16,台中銀-員林,2024-03-26,6114
2344,華邦電,15,1,14,台中銀-員林,2024-03-26,6114
1517,利奇,13,0,13,台中銀-員林,2024-03-26,6114
6186,新潤,13,0,13,台中銀-員林,2024-03-26,6114
1582,信錦,12,0,12,台中銀-員林,2024-03-26,6114
3264,欣銓,14,2,12,台中銀-員林,2024-03-26,6114
5439,高技,20,8,12,台中銀-員林,2024-03-26,6114
2618,長榮航,21,10,11,台中銀-員林,2024-03-26,6114
00753L,中信中國50正2,23,12,11,台中銀-員林,2024-03-26,6114
2405,輔信,13,2,11,台中銀-員林,2024-03-26,6114
2444,兆勁,11,0,11,台中銀-員林,2024-03-26,6114
6290,良維,20,9,11,台中銀-員林,2024-03-26,6114
8437,大地-KY,11,0,11,台中銀-員林,2024-03-26,6114
2609,陽明,16,6,10,台中銀-員林,2024-03-26,6114
1514,亞力,52,42,10,台中銀-員林,2024-03-26,6114
00676R,富邦臺灣加權反1,10,0,10,台中銀-員林,2024-03-26,6114
00885,富邦越南,10,0,10,台中銀-員林,2024-03-26,6114
00706L,期元大S＆P日圓正2,271,0,271,台中銀-員林,2024-03-27,6114
2323,中環,200,2,198,台中銀-員林,2024-03-27,6114
00937B,群益ESG投等債20,129,4,125,台中銀-員林,2024-03-27,6114
5483,中美晶,62,0,62,台中銀-員林,2024-03-27,6114
4938,和碩,53,1,52,台中銀-員林,2024-03-27,6114
00919,群益台灣精選高息,191,151,40,台中銀-員林,2024-03-27,6114
1220,台榮,30,0,30,台中銀-員林,2024-03-27,6114
9105,泰金寶-DR,30,0,30,台中銀-員林,2024-03-27,6114
1513,中興電,66,40,26,台中銀-員林,2024-03-27,6114
00939,統一台灣高息動能,34,9,25,台中銀-員林,2024-03-27,6114
2353,宏��,64,39,25,台中銀-員林,2024-03-27,6114
4908,前鼎,32,8,24,台中銀-員林,2024-03-27,6114
00645,富邦日本,20,0,20,台中銀-員林,2024-03-27,6114
1727,中華化,20,0,20,台中銀-員林,2024-03-27,6114
2301,光寶科,19,0,19,台中銀-員林,2024-03-27,6114
6215,和椿,23,5,18,台中銀-員林,2024-03-27,6114
6188,廣明,20,3,17,台中銀-員林,2024-03-27,6114
2371,大同,110,93,17,台中銀-員林,2024-03-27,6114
2365,昆盈,25,9,16,台中銀-員林,2024-03-27,6114
6271,同欣電,15,0,15,台中銀-員林,2024-03-27,6114
8111,立��,15,0,15,台中銀-員林,2024-03-27,6114
2303,聯電,17,3,14,台中銀-員林,2024-03-27,6114
2337,旺宏,14,0,14,台中銀-員林,2024-03-27,6114
2367,燿華,123,109,14,台中銀-員林,2024-03-27,6114
1504,東元,18,4,14,台中銀-員林,2024-03-27,6114
3005,神基,18,4,14,台中銀-員林,2024-03-27,6114
3706,神達,42,29,13,台中銀-員林,2024-03-27,6114
6163,華電網,17,6,11,台中銀-員林,2024-03-27,6114
00712,復華富時不動產,10,0,10,台中銀-員林,2024-03-27,6114
1326,台化,10,0,10,台中銀-員林,2024-03-27,6114
1603,華電,34,24,10,台中銀-員林,2024-03-27,6114
2492,華新科,10,0,10,台中銀-員林,2024-03-27,6114
8085,福華,10,0,10,台中銀-員林,2024-03-27,6114
9938,百和,10,0,10,台中銀-員林,2024-03-27,6114
6179,亞通,22,13,9,台中銀-員林,2024-03-27,6114
2465,麗臺,13,5,8,台中銀-員林,2024-03-27,6114
2753,八方雲集,8,0,8,台中銀-員林,2024-03-27,6114
6139,亞翔,8,0,8,台中銀-員林,2024-03-27,6114
8105,凌巨,8,0,8,台中銀-員林,2024-03-27,6114
2313,華通,7,0,7,台中銀-員林,2024-03-27,6114
6488,環球晶,7,0,7,台中銀-員林,2024-03-27,6114
00900,富邦特選高股息30,10,3,7,台中銀-員林,2024-03-27,6114
1314,中石化,12,5,7,台中銀-員林,2024-03-27,6114
1608,華榮,30,23,7,台中銀-員林,2024-03-27,6114
1905,華紙,8,1,7,台中銀-員林,2024-03-27,6114
2031,新光鋼,7,0,7,台中銀-員林,2024-03-27,6114
5009,榮剛,7,0,7,台中銀-員林,2024-03-27,6114
5474,聰泰,7,0,7,台中銀-員林,2024-03-27,6114
2356,英業達,19,12,7,台中銀-員林,2024-03-27,6114
2363,矽統,6,0,6,台中銀-員林,2024-03-27,6114
1314,中石化,303,0,303,台中銀-員林,2024-03-28,6114
2312,金寶,300,5,295,台中銀-員林,2024-03-28,6114
1605,華新,182,1,181,台中銀-員林,2024-03-28,6114
2888,新光金,129,0,129,台中銀-員林,2024-03-28,6114
00939,統一台灣高息動能,69,19,50,台中銀-員林,2024-03-28,6114
1316,上曜,73,24,49,台中銀-員林,2024-03-28,6114
2609,陽明,47,3,44,台中銀-員林,2024-03-28,6114
2356,英業達,54,11,43,台中銀-員林,2024-03-28,6114
6269,台郡,58,17,41,台中銀-員林,2024-03-28,6114
5201,凱衛,39,0,39,台中銀-員林,2024-03-28,6114
2328,廣宇,46,8,38,台中銀-員林,2024-03-28,6114
6770,力積電,83,46,37,台中銀-員林,2024-03-28,6114
2883,凱基金,70,35,35,台中銀-員林,2024-03-28,6114
1618,合機,46,12,34,台中銀-員林,2024-03-28,6114
4510,高鋒,30,0,30,台中銀-員林,2024-03-28,6114
00919,群益台灣精選高息,40,12,28,台中銀-員林,2024-03-28,6114
5483,中美晶,22,0,22,台中銀-員林,2024-03-28,6114
6290,良維,29,8,21,台中銀-員林,2024-03-28,6114
2371,大同,77,56,21,台中銀-員林,2024-03-28,6114
00885,富邦越南,20,0,20,台中銀-員林,2024-03-28,6114
8255,朋程,20,1,19,台中銀-員林,2024-03-28,6114
5388,中磊,16,0,16,台中銀-員林,2024-03-28,6114
2367,燿華,29,14,15,台中銀-員林,2024-03-28,6114
1608,華榮,43,30,13,台中銀-員林,2024-03-28,6114
5515,建國,23,10,13,台中銀-員林,2024-03-28,6114
2515,中工,154,142,12,台中銀-員林,2024-03-28,6114
3622,洋華,21,9,12,台中銀-員林,2024-03-28,6114
9910,豐泰,11,0,11,台中銀-員林,2024-03-28,6114
1326,台化,11,0,11,台中銀-員林,2024-03-28,6114
00673R,期元大S＆P原油反1,10,0,10,台中銀-員林,2024-03-28,6114
1616,億泰,10,0,10,台中銀-員林,2024-03-28,6114
2401,凌陽,12,2,10,台中銀-員林,2024-03-28,6114
2633,台灣高鐵,10,0,10,台中銀-員林,2024-03-28,6114
3171,炎洲流通,12,2,10,台中銀-員林,2024-03-28,6114
3711,日月光投控,10,0,10,台中銀-員林,2024-03-28,6114
4927,泰鼎-KY,10,0,10,台中銀-員林,2024-03-28,6114
4960,誠美材,10,0,10,台中銀-員林,2024-03-28,6114
6274,台燿,17,7,10,台中銀-員林,2024-03-28,6114
6753,龍德造船,10,0,10,台中銀-員林,2024-03-28,6114
2886,兆豐金,10,0,10,台中銀-員林,2024-03-28,6114
00941,中信上游半導體,13,4,9,台中銀-員林,2024-03-28,6114
00712,復華富時不動產,15,6,9,台中銀-員林,2024-03-28,6114
2049,上銀,14,5,9,台中銀-員林,2024-03-28,6114
00753L,中信中國50正2,27,18,9,台中銀-員林,2024-03-28,6114
1723,中碳,10,1,9,台中銀-員林,2024-03-28,6114
2610,華航,12,3,9,台中銀-員林,2024-03-28,6114
8033,雷虎,27,18,9,台中銀-員林,2024-03-28,6114
8936,國統,12,3,9,台中銀-員林,2024-03-28,6114
1609,大亞,27,18,9,台中銀-員林,2024-03-28,6114
4306,炎洲,11,3,8,台中銀-員林,2024-03-28,6114
2883,凱基金,121,15,106,台中銀-員林,2024-03-29,6114
6188,廣明,102,3,99,台中銀-員林,2024-03-29,6114
3294,英濟,99,0,99,台中銀-員林,2024-03-29,6114
3704,合勤控,92,10,82,台中銀-員林,2024-03-29,6114
3013,晟銘電,125,64,61,台中銀-員林,2024-03-29,6114
3576,聯合再生,61,0,61,台中銀-員林,2024-03-29,6114
9105,泰金寶-DR,64,4,60,台中銀-員林,2024-03-29,6114
1605,華新,61,2,59,台中銀-員林,2024-03-29,6114
2820,華票,39,0,39,台中銀-員林,2024-03-29,6114
00919,群益台灣精選高息,43,5,38,台中銀-員林,2024-03-29,6114
3362,先進光,36,0,36,台中銀-員林,2024-03-29,6114
2382,廣達,100,68,32,台中銀-員林,2024-03-29,6114
6664,群翊,27,0,27,台中銀-員林,2024-03-29,6114
00680L,元大美債20正2,23,0,23,台中銀-員林,2024-03-29,6114
3062,建漢,32,11,21,台中銀-員林,2024-03-29,6114
00939,統一台灣高息動能,27,6,21,台中銀-員林,2024-03-29,6114
00665L,富邦�琤肭磪囓�2,20,0,20,台中銀-員林,2024-03-29,6114
5498,凱崴,20,0,20,台中銀-員林,2024-03-29,6114
00929,復華台灣科技優息,24,6,18,台中銀-員林,2024-03-29,6114
2317,鴻海,68,50,18,台中銀-員林,2024-03-29,6114
2301,光寶科,22,5,17,台中銀-員林,2024-03-29,6114
4306,炎洲,20,4,16,台中銀-員林,2024-03-29,6114
2324,仁寶,18,3,15,台中銀-員林,2024-03-29,6114
00941,中信上游半導體,14,0,14,台中銀-員林,2024-03-29,6114
00645,富邦日本,14,0,14,台中銀-員林,2024-03-29,6114
00687B,國泰20年美債,14,0,14,台中銀-員林,2024-03-29,6114
2314,台揚,15,1,14,台中銀-員林,2024-03-29,6114
2465,麗臺,15,1,14,台中銀-員林,2024-03-29,6114
6186,新潤,13,0,13,台中銀-員林,2024-03-29,6114
2612,中航,13,0,13,台中銀-員林,2024-03-29,6114
2329,華泰,12,0,12,台中銀-員林,2024-03-29,6114
00918,大華優利高填息30,12,1,11,台中銀-員林,2024-03-29,6114
2464,盟立,78,67,11,台中銀-員林,2024-03-29,6114
2402,毅嘉,11,0,11,台中銀-員林,2024-03-29,6114
3149,正達,11,0,11,台中銀-員林,2024-03-29,6114
3708,上緯投控,15,5,10,台中銀-員林,2024-03-29,6114
00773B,中信優先金融債,10,0,10,台中銀-員林,2024-03-29,6114
00885,富邦越南,10,0,10,台中銀-員林,2024-03-29,6114
00655L,國泰中國A50正2,10,0,10,台中銀-員林,2024-03-29,6114
2486,一詮,29,19,10,台中銀-員林,2024-03-29,6114
5512,力麒,10,0,10,台中銀-員林,2024-03-29,6114
6197,佳必琪,10,0,10,台中銀-員林,2024-03-29,6114
6244,茂迪,10,0,10,台中銀-員林,2024-03-29,6114
5388,中磊,9,0,9,台中銀-員林,2024-03-29,6114
00637L,元大滬深300正2,17,8,9,台中銀-員林,2024-03-29,6114
2358,廷鑫,9,1,8,台中銀-員林,2024-03-29,6114
3071,協禧,8,0,8,台中銀-員林,2024-03-29,6114
9955,佳龍,11,3,8,台中銀-員林,2024-03-29,6114
2408,南亞科,7,0,7,台中銀-員林,2024-03-29,6114
2888,新光金,7,0,7,台中銀-員林,2024-03-29,6114
00940,元大台灣價值高息,985,4,981,台中銀-員林,2024-04-01,6114
2354,鴻準,212,10,202,台中銀-員林,2024-04-01,6114
00773B,中信優先金融債,103,0,103,台中銀-員林,2024-04-01,6114
5512,力麒,100,0,100,台中銀-員林,2024-04-01,6114
2353,宏��,84,10,74,台中銀-員林,2024-04-01,6114
3265,台星科,61,4,57,台中銀-員林,2024-04-01,6114
00864B,中信美國公債0-1,50,0,50,台中銀-員林,2024-04-01,6114
4303,信立,59,10,49,台中銀-員林,2024-04-01,6114
3231,緯創,57,10,47,台中銀-員林,2024-04-01,6114
00939,統一台灣高息動能,53,12,41,台中銀-員林,2024-04-01,6114
1605,華新,43,3,40,台中銀-員林,2024-04-01,6114
00720B,元大投資級公司債,38,0,38,台中銀-員林,2024-04-01,6114
2891,中信金,35,2,33,台中銀-員林,2024-04-01,6114
3059,華晶科,32,3,29,台中銀-員林,2024-04-01,6114
4714,永捷,36,7,29,台中銀-員林,2024-04-01,6114
2883,凱基金,34,12,22,台中銀-員林,2024-04-01,6114
3466,德晉,22,0,22,台中銀-員林,2024-04-01,6114
4768,晶呈科技,22,0,22,台中銀-員林,2024-04-01,6114
2358,廷鑫,21,0,21,台中銀-員林,2024-04-01,6114
3362,先進光,21,1,20,台中銀-員林,2024-04-01,6114
5328,華容,20,0,20,台中銀-員林,2024-04-01,6114
3450,聯鈞,24,5,19,台中銀-員林,2024-04-01,6114
00919,群益台灣精選高息,40,22,18,台中銀-員林,2024-04-01,6114
1504,東元,29,11,18,台中銀-員林,2024-04-01,6114
6664,群翊,18,0,18,台中銀-員林,2024-04-01,6114
2524,京城,18,1,17,台中銀-員林,2024-04-01,6114
2515,中工,25,10,15,台中銀-員林,2024-04-01,6114
2881,富邦金,15,0,15,台中銀-員林,2024-04-01,6114
2636,台驊控股,14,0,14,台中銀-員林,2024-04-01,6114
3689,湧德,16,2,14,台中銀-員林,2024-04-01,6114
6207,雷科,13,1,12,台中銀-員林,2024-04-01,6114
4536,拓凱,12,0,12,台中銀-員林,2024-04-01,6114
8109,博大,22,10,12,台中銀-員林,2024-04-01,6114
2317,鴻海,19,8,11,台中銀-員林,2024-04-01,6114
2382,廣達,38,27,11,台中銀-員林,2024-04-01,6114
00679B,元大美債20年,10,0,10,台中銀-員林,2024-04-01,6114
5876,上海商銀,10,0,10,台中銀-員林,2024-04-01,6114
8110,華東,10,0,10,台中銀-員林,2024-04-01,6114
1582,信錦,9,0,9,台中銀-員林,2024-04-01,6114
9105,泰金寶-DR,20,12,8,台中銀-員林,2024-04-01,6114
00706L,期元大S＆P日圓正2,8,0,8,台中銀-員林,2024-04-01,6114
6443,元晶,11,3,8,台中銀-員林,2024-04-01,6114
8048,德勝,8,0,8,台中銀-員林,2024-04-01,6114
2603,長榮,9,2,7,台中銀-員林,2024-04-01,6114
2303,聯電,18,11,7,台中銀-員林,2024-04-01,6114
8046,南電,7,0,7,台中銀-員林,2024-04-01,6114
2331,精英,7,0,7,台中銀-員林,2024-04-01,6114
2417,圓剛,8,1,7,台中銀-員林,2024-04-01,6114
2472,立隆電,15,8,7,台中銀-員林,2024-04-01,6114
3044,健鼎,7,0,7,台中銀-員林,2024-04-01,6114
2356,英業達,233,10,223,台中銀-員林,2024-04-02,6114
6188,廣明,143,13,130,台中銀-員林,2024-04-02,6114
1605,華新,101,0,101,台中銀-員林,2024-04-02,6114
3231,緯創,122,24,98,台中銀-員林,2024-04-02,6114
00680L,元大美債20正2,94,0,94,台中銀-員林,2024-04-02,6114
00940,元大台灣價值高息,211,123,88,台中銀-員林,2024-04-02,6114
2371,大同,118,48,70,台中銀-員林,2024-04-02,6114
1513,中興電,68,9,59,台中銀-員林,2024-04-02,6114
2492,華新科,72,14,58,台中銀-員林,2024-04-02,6114
00929,復華台灣科技優息,83,26,57,台中銀-員林,2024-04-02,6114
3704,合勤控,47,0,47,台中銀-員林,2024-04-02,6114
3265,台星科,40,2,38,台中銀-員林,2024-04-02,6114
00712,復華富時不動產,40,6,34,台中銀-員林,2024-04-02,6114
00725B,國泰投資級公司債,33,0,33,台中銀-員林,2024-04-02,6114
00720B,元大投資級公司債,30,0,30,台中銀-員林,2024-04-02,6114
2527,宏璟,30,0,30,台中銀-員林,2024-04-02,6114
2889,國票金,30,1,29,台中銀-員林,2024-04-02,6114
00687B,國泰20年美債,28,0,28,台中銀-員林,2024-04-02,6114
2501,國建,27,0,27,台中銀-員林,2024-04-02,6114
00857B,永豐20年美公債,24,0,24,台中銀-員林,2024-04-02,6114
2547,日勝生,23,0,23,台中銀-員林,2024-04-02,6114
5498,凱崴,22,0,22,台中銀-員林,2024-04-02,6114
1815,富喬,21,1,20,台中銀-員林,2024-04-02,6114
6290,良維,26,6,20,台中銀-員林,2024-04-02,6114
00679B,元大美債20年,19,0,19,台中銀-員林,2024-04-02,6114
1713,國化,19,0,19,台中銀-員林,2024-04-02,6114
6016,康和證,17,0,17,台中銀-員林,2024-04-02,6114
8033,雷虎,17,0,17,台中銀-員林,2024-04-02,6114
00919,群益台灣精選高息,19,2,17,台中銀-員林,2024-04-02,6114
2634,漢翔,22,5,17,台中銀-員林,2024-04-02,6114
00933B,國泰10Y+金融債,15,0,15,台中銀-員林,2024-04-02,6114
1903,士紙,15,0,15,台中銀-員林,2024-04-02,6114
6443,元晶,15,0,15,台中銀-員林,2024-04-02,6114
00941,中信上游半導體,14,0,14,台中銀-員林,2024-04-02,6114
2524,京城,14,0,14,台中銀-員林,2024-04-02,6114
6163,華電網,14,0,14,台中銀-員林,2024-04-02,6114
1326,台化,13,0,13,台中銀-員林,2024-04-02,6114
2301,光寶科,19,7,12,台中銀-員林,2024-04-02,6114
2025,千興,12,0,12,台中銀-員林,2024-04-02,6114
2324,仁寶,13,1,12,台中銀-員林,2024-04-02,6114
2358,廷鑫,12,0,12,台中銀-員林,2024-04-02,6114
2457,飛宏,12,0,12,台中銀-員林,2024-04-02,6114
2458,義隆,12,0,12,台中銀-員林,2024-04-02,6114
5371,中光電,25,13,12,台中銀-員林,2024-04-02,6114
6153,嘉聯益,15,3,12,台中銀-員林,2024-04-02,6114
2352,佳世達,11,0,11,台中銀-員林,2024-04-02,6114
8926,台汽電,11,0,11,台中銀-員林,2024-04-02,6114
00673R,期元大S＆P原油反1,11,0,11,台中銀-員林,2024-04-02,6114
1582,信錦,11,0,11,台中銀-員林,2024-04-02,6114
2537,聯上發,15,4,11,台中銀-員林,2024-04-02,6114
00940,元大台灣價值高息,209,3,206,台中銀-員林,2024-04-03,6114
2353,宏��,181,21,160,台中銀-員林,2024-04-03,6114
2834,臺企銀,122,9,113,台中銀-員林,2024-04-03,6114
00864B,中信美國公債0-1,110,0,110,台中銀-員林,2024-04-03,6114
2486,一詮,140,46,94,台中銀-員林,2024-04-03,6114
00937B,群益ESG投等債20,68,0,68,台中銀-員林,2024-04-03,6114
2537,聯上發,71,15,56,台中銀-員林,2024-04-03,6114
00929,復華台灣科技優息,77,22,55,台中銀-員林,2024-04-03,6114
3013,晟銘電,108,56,52,台中銀-員林,2024-04-03,6114
00632R,元大台灣50反1,145,95,50,台中銀-員林,2024-04-03,6114
00665L,富邦�琤肭磪囓�2,45,0,45,台中銀-員林,2024-04-03,6114
2014,中鴻,67,22,45,台中銀-員林,2024-04-03,6114
3481,群創,48,4,44,台中銀-員林,2024-04-03,6114
2356,英業達,92,56,36,台中銀-員林,2024-04-03,6114
2888,新光金,36,0,36,台中銀-員林,2024-04-03,6114
2855,統一證,35,0,35,台中銀-員林,2024-04-03,6114
6139,亞翔,34,3,31,台中銀-員林,2024-04-03,6114
2515,中工,31,1,30,台中銀-員林,2024-04-03,6114
1618,合機,30,0,30,台中銀-員林,2024-04-03,6114
3036,文曄,30,0,30,台中銀-員林,2024-04-03,6114
2002,中鋼,31,2,29,台中銀-員林,2024-04-03,6114
1609,大亞,31,3,28,台中銀-員林,2024-04-03,6114
00679B,元大美債20年,28,0,28,台中銀-員林,2024-04-03,6114
00680L,元大美債20正2,25,0,25,台中銀-員林,2024-04-03,6114
00687B,國泰20年美債,24,0,24,台中銀-員林,2024-04-03,6114
6207,雷科,38,14,24,台中銀-員林,2024-04-03,6114
00919,群益台灣精選高息,36,13,23,台中銀-員林,2024-04-03,6114
00673R,期元大S＆P原油反1,23,0,23,台中銀-員林,2024-04-03,6114
1815,富喬,24,2,22,台中銀-員林,2024-04-03,6114
2883,凱基金,20,0,20,台中銀-員林,2024-04-03,6114
2301,光寶科,18,0,18,台中銀-員林,2024-04-03,6114
2881,富邦金,18,0,18,台中銀-員林,2024-04-03,6114
8390,金益鼎,17,0,17,台中銀-員林,2024-04-03,6114
00881,國泰台灣5G+,16,0,16,台中銀-員林,2024-04-03,6114
2449,京元電子,17,1,16,台中銀-員林,2024-04-03,6114
00655L,國泰中國A50正2,15,0,15,台中銀-員林,2024-04-03,6114
3010,華立,15,0,15,台中銀-員林,2024-04-03,6114
3706,神達,18,3,15,台中銀-員林,2024-04-03,6114
00927,群益半導體收益,14,0,14,台中銀-員林,2024-04-03,6114
1326,台化,14,0,14,台中銀-員林,2024-04-03,6114
4402,郡都開發,14,0,14,台中銀-員林,2024-04-03,6114
3545,敦泰,31,17,14,台中銀-員林,2024-04-03,6114
8054,安國,26,13,13,台中銀-員林,2024-04-03,6114
6189,豐藝,22,10,12,台中銀-員林,2024-04-03,6114
8028,昇陽半導體,12,0,12,台中銀-員林,2024-04-03,6114
2412,中華電,12,0,12,台中銀-員林,2024-04-03,6114
00941,中信上游半導體,11,0,11,台中銀-員林,2024-04-03,6114
4958,臻鼎-KY,11,0,11,台中銀-員林,2024-04-03,6114
6538,倉和,12,1,11,台中銀-員林,2024-04-03,6114
2317,鴻海,24,13,11,台中銀-員林,2024-04-03,6114
6770,力積電,201,0,201,台中銀-員林,2024-04-08,6114
2353,宏��,179,13,166,台中銀-員林,2024-04-08,6114
00940,元大台灣價值高息,109,31,78,台中銀-員林,2024-04-08,6114
00679B,元大美債20年,61,5,56,台中銀-員林,2024-04-08,6114
00687B,國泰20年美債,52,3,49,台中銀-員林,2024-04-08,6114
00929,復華台灣科技優息,50,3,47,台中銀-員林,2024-04-08,6114
00919,群益台灣精選高息,49,8,41,台中銀-員林,2024-04-08,6114
00688L,國泰20年美債正2,26,0,26,台中銀-員林,2024-04-08,6114
00941,中信上游半導體,26,0,26,台中銀-員林,2024-04-08,6114
00937B,群益ESG投等債20,26,1,25,台中銀-員林,2024-04-08,6114
2356,英業達,33,10,23,台中銀-員林,2024-04-08,6114
2618,長榮航,23,0,23,台中銀-員林,2024-04-08,6114
2371,大同,34,12,22,台中銀-員林,2024-04-08,6114
2329,華泰,53,31,22,台中銀-員林,2024-04-08,6114
8936,國統,21,1,20,台中銀-員林,2024-04-08,6114
00655L,國泰中國A50正2,20,0,20,台中銀-員林,2024-04-08,6114
1786,科妍,20,0,20,台中銀-員林,2024-04-08,6114
00680L,元大美債20正2,19,0,19,台中銀-員林,2024-04-08,6114
6016,康和證,20,2,18,台中銀-員林,2024-04-08,6114
8054,安國,18,2,16,台中銀-員林,2024-04-08,6114
00795B,中信美國公債20年,16,0,16,台中銀-員林,2024-04-08,6114
3051,力特,15,0,15,台中銀-員林,2024-04-08,6114
5465,富驊,15,0,15,台中銀-員林,2024-04-08,6114
5864,致和證,16,1,15,台中銀-員林,2024-04-08,6114
2374,佳能,39,25,14,台中銀-員林,2024-04-08,6114
2516,新建,14,0,14,台中銀-員林,2024-04-08,6114
2609,陽明,15,2,13,台中銀-員林,2024-04-08,6114
6668,中揚光,13,0,13,台中銀-員林,2024-04-08,6114
00909,國泰數位支付服務,12,0,12,台中銀-員林,2024-04-08,6114
2409,友達,13,1,12,台中銀-員林,2024-04-08,6114
5230,雷笛克光學,21,9,12,台中銀-員林,2024-04-08,6114
2515,中工,13,2,11,台中銀-員林,2024-04-08,6114
8048,德勝,11,0,11,台中銀-員林,2024-04-08,6114
6282,康舒,10,0,10,台中銀-員林,2024-04-08,6114
1326,台化,10,0,10,台中銀-員林,2024-04-08,6114
1409,新纖,10,0,10,台中銀-員林,2024-04-08,6114
2014,中鴻,10,0,10,台中銀-員林,2024-04-08,6114
2417,圓剛,10,0,10,台中銀-員林,2024-04-08,6114
2851,中再保,10,0,10,台中銀-員林,2024-04-08,6114
2888,新光金,10,0,10,台中銀-員林,2024-04-08,6114
3227,原相,10,0,10,台中銀-員林,2024-04-08,6114
6209,今國光,10,0,10,台中銀-員林,2024-04-08,6114
6261,久元,10,0,10,台中銀-員林,2024-04-08,6114
2330,台積電,11,2,9,台中銀-員林,2024-04-08,6114
00933B,國泰10Y+金融債,9,0,9,台中銀-員林,2024-04-08,6114
5324,士開,9,0,9,台中銀-員林,2024-04-08,6114
2359,所羅門,21,13,8,台中銀-員林,2024-04-08,6114
2506,太設,8,0,8,台中銀-員林,2024-04-08,6114
3715,定穎投控,13,5,8,台中銀-員林,2024-04-08,6114
2303,聯電,13,5,8,台中銀-員林,2024-04-08,6114
2344,華邦電,316,2,314,台中銀-員林,2024-04-09,6114
3231,緯創,242,50,192,台中銀-員林,2024-04-09,6114
00929,復華台灣科技優息,203,29,174,台中銀-員林,2024-04-09,6114
0056,元大高股息,82,7,75,台中銀-員林,2024-04-09,6114
5469,瀚宇博,72,0,72,台中銀-員林,2024-04-09,6114
2486,一詮,101,37,64,台中銀-員林,2024-04-09,6114
8085,福華,70,9,61,台中銀-員林,2024-04-09,6114
00940,元大台灣價值高息,64,6,58,台中銀-員林,2024-04-09,6114
6182,合晶,52,0,52,台中銀-員林,2024-04-09,6114
3466,德晉,35,4,31,台中銀-員林,2024-04-09,6114
3704,合勤控,31,0,31,台中銀-員林,2024-04-09,6114
00878,國泰永續高股息,31,2,29,台中銀-員林,2024-04-09,6114
1316,上曜,56,27,29,台中銀-員林,2024-04-09,6114
3260,威剛,31,3,28,台中銀-員林,2024-04-09,6114
00941,中信上游半導體,22,0,22,台中銀-員林,2024-04-09,6114
2009,第一銅,34,12,22,台中銀-員林,2024-04-09,6114
6425,易發,21,0,21,台中銀-員林,2024-04-09,6114
00652,富邦印度,20,0,20,台中銀-員林,2024-04-09,6114
2103,台橡,20,0,20,台中銀-員林,2024-04-09,6114
1609,大亞,84,65,19,台中銀-員林,2024-04-09,6114
1727,中華化,20,1,19,台中銀-員林,2024-04-09,6114
1815,富喬,20,2,18,台中銀-員林,2024-04-09,6114
6189,豐藝,32,16,16,台中銀-員林,2024-04-09,6114
2464,盟立,23,8,15,台中銀-員林,2024-04-09,6114
1504,東元,32,17,15,台中銀-員林,2024-04-09,6114
2313,華通,14,0,14,台中銀-員林,2024-04-09,6114
2359,所羅門,13,0,13,台中銀-員林,2024-04-09,6114
00632R,元大台灣50反1,12,0,12,台中銀-員林,2024-04-09,6114
912000,晨訊科-DR,12,0,12,台中銀-員林,2024-04-09,6114
2308,台達電,12,1,11,台中銀-員林,2024-04-09,6114
00645,富邦日本,11,0,11,台中銀-員林,2024-04-09,6114
1603,華電,40,29,11,台中銀-員林,2024-04-09,6114
2442,新美齊,11,0,11,台中銀-員林,2024-04-09,6114
2547,日勝生,11,0,11,台中銀-員林,2024-04-09,6114
3163,波若威,11,0,11,台中銀-員林,2024-04-09,6114
3360,尚立,11,0,11,台中銀-員林,2024-04-09,6114
4906,正文,11,0,11,台中銀-員林,2024-04-09,6114
6213,聯茂,13,2,11,台中銀-員林,2024-04-09,6114
2374,佳能,22,12,10,台中銀-員林,2024-04-09,6114
00877,復華中國5G,10,0,10,台中銀-員林,2024-04-09,6114
00885,富邦越南,10,0,10,台中銀-員林,2024-04-09,6114
00882,中信中國高股息,10,0,10,台中銀-員林,2024-04-09,6114
00896,中信綠能及電動車,10,0,10,台中銀-員林,2024-04-09,6114
2458,義隆,10,0,10,台中銀-員林,2024-04-09,6114
2834,臺企銀,10,0,10,台中銀-員林,2024-04-09,6114
3306,鼎天,10,0,10,台中銀-員林,2024-04-09,6114
5443,均豪,67,57,10,台中銀-員林,2024-04-09,6114
6257,矽格,10,0,10,台中銀-員林,2024-04-09,6114
2330,台積電,22,12,10,台中銀-員林,2024-04-09,6114
2601,益航,9,0,9,台中銀-員林,2024-04-09,6114
00937B,群益ESG投等債20,130,0,130,台中銀-員林,2024-04-10,6114
3704,合勤控,56,0,56,台中銀-員林,2024-04-10,6114
6244,茂迪,50,0,50,台中銀-員林,2024-04-10,6114
2634,漢翔,84,38,46,台中銀-員林,2024-04-10,6114
0056,元大高股息,50,14,36,台中銀-員林,2024-04-10,6114
6488,環球晶,35,0,35,台中銀-員林,2024-04-10,6114
5512,力麒,36,2,34,台中銀-員林,2024-04-10,6114
2363,矽統,114,82,32,台中銀-員林,2024-04-10,6114
9105,泰金寶-DR,30,0,30,台中銀-員林,2024-04-10,6114
00929,復華台灣科技優息,40,11,29,台中銀-員林,2024-04-10,6114
2537,聯上發,38,10,28,台中銀-員林,2024-04-10,6114
3231,緯創,42,17,25,台中銀-員林,2024-04-10,6114
3714,富采,25,0,25,台中銀-員林,2024-04-10,6114
6443,元晶,32,8,24,台中銀-員林,2024-04-10,6114
1536,和大,25,2,23,台中銀-員林,2024-04-10,6114
2486,一詮,48,25,23,台中銀-員林,2024-04-10,6114
4533,協易機,50,27,23,台中銀-員林,2024-04-10,6114
00712,復華富時不動產,23,2,21,台中銀-員林,2024-04-10,6114
1503,士電,22,2,20,台中銀-員林,2024-04-10,6114
00864B,中信美國公債0-1,20,0,20,台中銀-員林,2024-04-10,6114
00896,中信綠能及電動車,20,0,20,台中銀-員林,2024-04-10,6114
2367,燿華,22,2,20,台中銀-員林,2024-04-10,6114
5309,系統電,20,0,20,台中銀-員林,2024-04-10,6114
2009,第一銅,61,41,20,台中銀-員林,2024-04-10,6114
2014,中鴻,26,8,18,台中銀-員林,2024-04-10,6114
6202,盛群,24,8,16,台中銀-員林,2024-04-10,6114
00878,國泰永續高股息,15,0,15,台中銀-員林,2024-04-10,6114
5230,雷笛克光學,16,1,15,台中銀-員林,2024-04-10,6114
6125,廣運,17,2,15,台中銀-員林,2024-04-10,6114
3033,威健,15,1,14,台中銀-員林,2024-04-10,6114
2337,旺宏,15,1,14,台中銀-員林,2024-04-10,6114
2883,凱基金,17,3,14,台中銀-員林,2024-04-10,6114
3013,晟銘電,62,48,14,台中銀-員林,2024-04-10,6114
6113,亞矽,15,1,14,台中銀-員林,2024-04-10,6114
6186,新潤,13,0,13,台中銀-員林,2024-04-10,6114
3059,華晶科,37,24,13,台中銀-員林,2024-04-10,6114
2317,鴻海,40,27,13,台中銀-員林,2024-04-10,6114
00773B,中信優先金融債,12,0,12,台中銀-員林,2024-04-10,6114
2464,盟立,94,82,12,台中銀-員林,2024-04-10,6114
2605,新興,12,0,12,台中銀-員林,2024-04-10,6114
6215,和椿,19,7,12,台中銀-員林,2024-04-10,6114
4989,榮科,11,0,11,台中銀-員林,2024-04-10,6114
8064,東捷,11,0,11,台中銀-員林,2024-04-10,6114
9955,佳龍,11,0,11,台中銀-員林,2024-04-10,6114
00679B,元大美債20年,11,0,11,台中銀-員林,2024-04-10,6114
2618,長榮航,11,0,11,台中銀-員林,2024-04-10,6114
2609,陽明,10,0,10,台中銀-員林,2024-04-10,6114
2382,廣達,17,7,10,台中銀-員林,2024-04-10,6114
00877,復華中國5G,10,0,10,台中銀-員林,2024-04-10,6114
00680L,元大美債20正2,10,0,10,台中銀-員林,2024-04-10,6114
00940,元大台灣價值高息,690,8,682,台中銀-員林,2024-04-11,6114
00937B,群益ESG投等債20,292,20,272,台中銀-員林,2024-04-11,6114
3481,群創,254,0,254,台中銀-員林,2024-04-11,6114
00687B,國泰20年美債,137,0,137,台中銀-員林,2024-04-11,6114
00929,復華台灣科技優息,102,0,102,台中銀-員林,2024-04-11,6114
00752,中信中國50,67,0,67,台中銀-員林,2024-04-11,6114
5521,工信,72,6,66,台中銀-員林,2024-04-11,6114
00720B,元大投資級公司債,64,0,64,台中銀-員林,2024-04-11,6114
0056,元大高股息,64,1,63,台中銀-員林,2024-04-11,6114
8936,國統,55,0,55,台中銀-員林,2024-04-11,6114
00712,復華富時不動產,57,4,53,台中銀-員林,2024-04-11,6114
1714,和桐,50,0,50,台中銀-員林,2024-04-11,6114
2537,聯上發,69,19,50,台中銀-員林,2024-04-11,6114
00680L,元大美債20正2,48,2,46,台中銀-員林,2024-04-11,6114
00941,中信上游半導體,43,0,43,台中銀-員林,2024-04-11,6114
00679B,元大美債20年,42,1,41,台中銀-員林,2024-04-11,6114
2356,英業達,36,5,31,台中銀-員林,2024-04-11,6114
6005,群益證,29,0,29,台中銀-員林,2024-04-11,6114
2014,中鴻,28,1,27,台中銀-員林,2024-04-11,6114
5525,順天,27,0,27,台中銀-員林,2024-04-11,6114
2312,金寶,24,0,24,台中銀-員林,2024-04-11,6114
2882,國泰金,41,17,24,台中銀-員林,2024-04-11,6114
00919,群益台灣精選高息,24,1,23,台中銀-員林,2024-04-11,6114
3231,緯創,29,7,22,台中銀-員林,2024-04-11,6114
4744,皇將,20,0,20,台中銀-員林,2024-04-11,6114
6244,茂迪,20,0,20,台中銀-員林,2024-04-11,6114
1316,上曜,36,17,19,台中銀-員林,2024-04-11,6114
5309,系統電,20,1,19,台中銀-員林,2024-04-11,6114
00939,統一台灣高息動能,19,1,18,台中銀-員林,2024-04-11,6114
5230,雷笛克光學,18,0,18,台中銀-員林,2024-04-11,6114
2329,華泰,38,21,17,台中銀-員林,2024-04-11,6114
2355,敬鵬,20,3,17,台中銀-員林,2024-04-11,6114
00688L,國泰20年美債正2,17,0,17,台中銀-員林,2024-04-11,6114
00933B,國泰10Y+金融債,17,1,16,台中銀-員林,2024-04-11,6114
2834,臺企銀,16,0,16,台中銀-員林,2024-04-11,6114
6117,迎廣,26,10,16,台中銀-員林,2024-04-11,6114
3321,同泰,15,0,15,台中銀-員林,2024-04-11,6114
8033,雷虎,15,1,14,台中銀-員林,2024-04-11,6114
3033,威健,14,0,14,台中銀-員林,2024-04-11,6114
1504,東元,34,21,13,台中銀-員林,2024-04-11,6114
3059,華晶科,26,13,13,台中銀-員林,2024-04-11,6114
8011,台通,18,6,12,台中銀-員林,2024-04-11,6114
3260,威剛,12,0,12,台中銀-員林,2024-04-11,6114
6806,森崴能源,20,9,11,台中銀-員林,2024-04-11,6114
3005,神基,16,5,11,台中銀-員林,2024-04-11,6114
00665L,富邦�琤肭磪囓�2,10,0,10,台中銀-員林,2024-04-11,6114
1326,台化,10,0,10,台中銀-員林,2024-04-11,6114
2105,正新,10,0,10,台中銀-員林,2024-04-11,6114
2509,全坤建,10,0,10,台中銀-員林,2024-04-11,6114
3264,欣銓,17,7,10,台中銀-員林,2024-04-11,6114
2353,宏��,279,30,249,台中銀-員林,2024-04-12,6114
00940,元大台灣價值高息,139,35,104,台中銀-員林,2024-04-12,6114
00680L,元大美債20正2,72,0,72,台中銀-員林,2024-04-12,6114
00937B,群益ESG投等債20,80,8,72,台中銀-員林,2024-04-12,6114
2009,第一銅,96,26,70,台中銀-員林,2024-04-12,6114
2610,華航,78,14,64,台中銀-員林,2024-04-12,6114
2363,矽統,208,153,55,台中銀-員林,2024-04-12,6114
00665L,富邦�琤肭磪囓�2,50,0,50,台中銀-員林,2024-04-12,6114
1449,佳和,50,0,50,台中銀-員林,2024-04-12,6114
6182,合晶,48,0,48,台中銀-員林,2024-04-12,6114
2834,臺企銀,40,1,39,台中銀-員林,2024-04-12,6114
6282,康舒,42,4,38,台中銀-員林,2024-04-12,6114
2409,友達,37,1,36,台中銀-員林,2024-04-12,6114
00687B,國泰20年美債,39,5,34,台中銀-員林,2024-04-12,6114
2867,三商壽,45,11,34,台中銀-員林,2024-04-12,6114
2812,台中銀,33,0,33,台中銀-員林,2024-04-12,6114
3013,晟銘電,68,35,33,台中銀-員林,2024-04-12,6114
2356,英業達,41,10,31,台中銀-員林,2024-04-12,6114
00720B,元大投資級公司債,31,0,31,台中銀-員林,2024-04-12,6114
1909,榮成,30,0,30,台中銀-員林,2024-04-12,6114
00679B,元大美債20年,31,1,30,台中銀-員林,2024-04-12,6114
00929,復華台灣科技優息,36,8,28,台中銀-員林,2024-04-12,6114
2002,中鋼,29,2,27,台中銀-員林,2024-04-12,6114
2374,佳能,66,40,26,台中銀-員林,2024-04-12,6114
1785,光洋科,27,2,25,台中銀-員林,2024-04-12,6114
911868,同方友友-DR,25,0,25,台中銀-員林,2024-04-12,6114
2317,鴻海,33,8,25,台中銀-員林,2024-04-12,6114
0056,元大高股息,26,2,24,台中銀-員林,2024-04-12,6114
1326,台化,23,0,23,台中銀-員林,2024-04-12,6114
2352,佳世達,22,0,22,台中銀-員林,2024-04-12,6114
2618,長榮航,28,6,22,台中銀-員林,2024-04-12,6114
3105,穩懋,31,10,21,台中銀-員林,2024-04-12,6114
5521,工信,36,15,21,台中銀-員林,2024-04-12,6114
2340,台亞,19,0,19,台中銀-員林,2024-04-12,6114
3322,建舜電,21,2,19,台中銀-員林,2024-04-12,6114
00941,中信上游半導體,18,0,18,台中銀-員林,2024-04-12,6114
00712,復華富時不動產,22,4,18,台中銀-員林,2024-04-12,6114
00751B,元大AAA至A公司債,17,0,17,台中銀-員林,2024-04-12,6114
00795B,中信美國公債20年,16,0,16,台中銀-員林,2024-04-12,6114
5425,台半,15,0,15,台中銀-員林,2024-04-12,6114
8112,至上,35,20,15,台中銀-員林,2024-04-12,6114
00927,群益半導體收益,14,0,14,台中銀-員林,2024-04-12,6114
00688L,國泰20年美債正2,14,0,14,台中銀-員林,2024-04-12,6114
2337,旺宏,17,3,14,台中銀-員林,2024-04-12,6114
2883,凱基金,15,1,14,台中銀-員林,2024-04-12,6114
3615,安可,19,5,14,台中銀-員林,2024-04-12,6114
1310,台苯,13,0,13,台中銀-員林,2024-04-12,6114
1409,新纖,14,1,13,台中銀-員林,2024-04-12,6114
6770,力積電,13,0,13,台中銀-員林,2024-04-12,6114
8011,台通,13,0,13,台中銀-員林,2024-04-12,6114
00937B,群益ESG投等債20,449,2,447,台中銀-員林,2024-04-15,6114
00929,復華台灣科技優息,172,1,171,台中銀-員林,2024-04-15,6114
00680L,元大美債20正2,217,105,112,台中銀-員林,2024-04-15,6114
00940,元大台灣價值高息,100,1,99,台中銀-員林,2024-04-15,6114
00679B,元大美債20年,85,2,83,台中銀-員林,2024-04-15,6114
00712,復華富時不動產,87,15,72,台中銀-員林,2024-04-15,6114
2303,聯電,67,4,63,台中銀-員林,2024-04-15,6114
6438,迅得,67,4,63,台中銀-員林,2024-04-15,6114
00933B,國泰10Y+金融債,71,10,61,台中銀-員林,2024-04-15,6114
6770,力積電,59,0,59,台中銀-員林,2024-04-15,6114
1504,東元,96,59,37,台中銀-員林,2024-04-15,6114
00939,統一台灣高息動能,43,8,35,台中銀-員林,2024-04-15,6114
0056,元大高股息,35,1,34,台中銀-員林,2024-04-15,6114
1608,華榮,65,35,30,台中銀-員林,2024-04-15,6114
2399,映泰,30,0,30,台中銀-員林,2024-04-15,6114
2405,輔信,42,12,30,台中銀-員林,2024-04-15,6114
3481,群創,31,1,30,台中銀-員林,2024-04-15,6114
3025,星通,28,1,27,台中銀-員林,2024-04-15,6114
6283,淳安,32,7,25,台中銀-員林,2024-04-15,6114
3622,洋華,49,24,25,台中銀-員林,2024-04-15,6114
3362,先進光,24,0,24,台中銀-員林,2024-04-15,6114
1605,華新,48,24,24,台中銀-員林,2024-04-15,6114
2610,華航,33,10,23,台中銀-員林,2024-04-15,6114
00878,國泰永續高股息,28,6,22,台中銀-員林,2024-04-15,6114
2208,台船,23,1,22,台中銀-員林,2024-04-15,6114
2883,凱基金,25,4,21,台中銀-員林,2024-04-15,6114
5521,工信,30,9,21,台中銀-員林,2024-04-15,6114
2317,鴻海,51,30,21,台中銀-員林,2024-04-15,6114
00650L,復華香港正2,20,0,20,台中銀-員林,2024-04-15,6114
1536,和大,20,0,20,台中銀-員林,2024-04-15,6114
2440,太空梭,56,36,20,台中銀-員林,2024-04-15,6114
5381,合正,30,10,20,台中銀-員林,2024-04-15,6114
2329,華泰,22,3,19,台中銀-員林,2024-04-15,6114
2888,新光金,18,0,18,台中銀-員林,2024-04-15,6114
1609,大亞,59,41,18,台中銀-員林,2024-04-15,6114
5443,均豪,19,2,17,台中銀-員林,2024-04-15,6114
00753L,中信中國50正2,46,30,16,台中銀-員林,2024-04-15,6114
2745,五福,15,0,15,台中銀-員林,2024-04-15,6114
00665L,富邦�琤肭磪囓�2,15,0,15,台中銀-員林,2024-04-15,6114
1587,吉茂,21,7,14,台中銀-員林,2024-04-15,6114
1514,亞力,44,30,14,台中銀-員林,2024-04-15,6114
6188,廣明,14,0,14,台中銀-員林,2024-04-15,6114
00720B,元大投資級公司債,13,0,13,台中銀-員林,2024-04-15,6114
6753,龍德造船,16,3,13,台中銀-員林,2024-04-15,6114
00706L,期元大S＆P日圓正2,12,0,12,台中銀-員林,2024-04-15,6114
1808,潤隆,12,0,12,台中銀-員林,2024-04-15,6114
6229,研通,12,0,12,台中銀-員林,2024-04-15,6114
2356,英業達,11,0,11,台中銀-員林,2024-04-15,6114
1326,台化,11,0,11,台中銀-員林,2024-04-15,6114
2344,華邦電,14,3,11,台中銀-員林,2024-04-15,6114
00940,元大台灣價值高息,431,15,416,台中銀-員林,2024-04-16,6114
6770,力積電,204,3,201,台中銀-員林,2024-04-16,6114
2344,華邦電,199,13,186,台中銀-員林,2024-04-16,6114
00919,群益台灣精選高息,194,27,167,台中銀-員林,2024-04-16,6114
00929,復華台灣科技優息,174,29,145,台中銀-員林,2024-04-16,6114
2353,宏��,169,26,143,台中銀-員林,2024-04-16,6114
2323,中環,132,0,132,台中銀-員林,2024-04-16,6114
00939,統一台灣高息動能,121,5,116,台中銀-員林,2024-04-16,6114
00937B,群益ESG投等債20,93,0,93,台中銀-員林,2024-04-16,6114
3481,群創,79,1,78,台中銀-員林,2024-04-16,6114
1326,台化,65,0,65,台中銀-員林,2024-04-16,6114
0056,元大高股息,82,17,65,台中銀-員林,2024-04-16,6114
2314,台揚,54,0,54,台中銀-員林,2024-04-16,6114
2883,凱基金,55,2,53,台中銀-員林,2024-04-16,6114
00680L,元大美債20正2,51,0,51,台中銀-員林,2024-04-16,6114
9955,佳龍,51,4,47,台中銀-員林,2024-04-16,6114
6005,群益證,49,7,42,台中銀-員林,2024-04-16,6114
1210,大成,42,1,41,台中銀-員林,2024-04-16,6114
00712,復華富時不動產,40,0,40,台中銀-員林,2024-04-16,6114
1618,合機,104,64,40,台中銀-員林,2024-04-16,6114
00679B,元大美債20年,45,5,40,台中銀-員林,2024-04-16,6114
2888,新光金,39,3,36,台中銀-員林,2024-04-16,6114
2618,長榮航,37,2,35,台中銀-員林,2024-04-16,6114
5230,雷笛克光學,48,14,34,台中銀-員林,2024-04-16,6114
1609,大亞,101,69,32,台中銀-員林,2024-04-16,6114
2317,鴻海,72,40,32,台中銀-員林,2024-04-16,6114
6015,宏遠證,30,0,30,台中銀-員林,2024-04-16,6114
8277,商丞,30,0,30,台中銀-員林,2024-04-16,6114
6186,新潤,29,0,29,台中銀-員林,2024-04-16,6114
2405,輔信,38,10,28,台中銀-員林,2024-04-16,6114
1303,南亞,28,3,25,台中銀-員林,2024-04-16,6114
2208,台船,25,0,25,台中銀-員林,2024-04-16,6114
6156,松上,27,2,25,台中銀-員林,2024-04-16,6114
5608,四維航,24,0,24,台中銀-員林,2024-04-16,6114
2506,太設,23,0,23,台中銀-員林,2024-04-16,6114
6285,啟��,22,0,22,台中銀-員林,2024-04-16,6114
2457,飛宏,21,0,21,台中銀-員林,2024-04-16,6114
00941,中信上游半導體,23,2,21,台中銀-員林,2024-04-16,6114
2303,聯電,46,26,20,台中銀-員林,2024-04-16,6114
3362,先進光,51,32,19,台中銀-員林,2024-04-16,6114
2027,大成鋼,21,2,19,台中銀-員林,2024-04-16,6114
4414,如興,19,0,19,台中銀-員林,2024-04-16,6114
5371,中光電,28,10,18,台中銀-員林,2024-04-16,6114
5309,系統電,17,0,17,台中銀-員林,2024-04-16,6114
6548,長科*,18,1,17,台中銀-員林,2024-04-16,6114
2301,光寶科,21,4,17,台中銀-員林,2024-04-16,6114
2352,佳世達,16,0,16,台中銀-員林,2024-04-16,6114
2880,華南金,15,0,15,台中銀-員林,2024-04-16,6114
00655L,國泰中國A50正2,15,0,15,台中銀-員林,2024-04-16,6114
1513,中興電,52,37,15,台中銀-員林,2024-04-16,6114
00929,復華台灣科技優息,175,10,165,台中銀-員林,2024-04-17,6114
3481,群創,136,3,133,台中銀-員林,2024-04-17,6114
6770,力積電,140,10,130,台中銀-員林,2024-04-17,6114
00937B,群益ESG投等債20,99,2,97,台中銀-員林,2024-04-17,6114
2408,南亞科,57,0,57,台中銀-員林,2024-04-17,6114
6182,合晶,60,3,57,台中銀-員林,2024-04-17,6114
00712,復華富時不動產,56,0,56,台中銀-員林,2024-04-17,6114
8926,台汽電,55,3,52,台中銀-員林,2024-04-17,6114
2884,玉山金,51,2,49,台中銀-員林,2024-04-17,6114
00679B,元大美債20年,32,0,32,台中銀-員林,2024-04-17,6114
00857B,永豐20年美公債,31,0,31,台中銀-員林,2024-04-17,6114
3322,建舜電,30,0,30,台中銀-員林,2024-04-17,6114
2303,聯電,28,0,28,台中銀-員林,2024-04-17,6114
2883,凱基金,29,1,28,台中銀-員林,2024-04-17,6114
2353,宏��,27,0,27,台中銀-員林,2024-04-17,6114
00680L,元大美債20正2,25,0,25,台中銀-員林,2024-04-17,6114
2618,長榮航,28,4,24,台中銀-員林,2024-04-17,6114
6285,啟��,21,1,20,台中銀-員林,2024-04-17,6114
00933B,國泰10Y+金融債,22,3,19,台中銀-員林,2024-04-17,6114
0056,元大高股息,22,2,20,台中銀-員林,2024-04-17,6114
2409,友達,19,0,19,台中銀-員林,2024-04-17,6114
8033,雷虎,20,1,19,台中銀-員林,2024-04-17,6114
6438,迅得,23,5,18,台中銀-員林,2024-04-17,6114
2855,統一證,20,3,17,台中銀-員林,2024-04-17,6114
5607,遠雄港,16,0,16,台中銀-員林,2024-04-17,6114
1316,上曜,26,11,15,台中銀-員林,2024-04-17,6114
1616,億泰,20,6,14,台中銀-員林,2024-04-17,6114
2330,台積電,21,7,14,台中銀-員林,2024-04-17,6114
2002,中鋼,13,0,13,台中銀-員林,2024-04-17,6114
00878,國泰永續高股息,13,1,12,台中銀-員林,2024-04-17,6114
2382,廣達,17,5,12,台中銀-員林,2024-04-17,6114
2404,漢唐,12,0,12,台中銀-員林,2024-04-17,6114
00753L,中信中國50正2,26,14,12,台中銀-員林,2024-04-17,6114
2009,第一銅,43,31,12,台中銀-員林,2024-04-17,6114
2401,凌陽,24,12,12,台中銀-員林,2024-04-17,6114
2537,聯上發,17,5,12,台中銀-員林,2024-04-17,6114
8390,金益鼎,33,21,12,台中銀-員林,2024-04-17,6114
2412,中華電,10,0,10,台中銀-員林,2024-04-17,6114
5443,均豪,10,0,10,台中銀-員林,2024-04-17,6114
00909,國泰數位支付服務,11,1,10,台中銀-員林,2024-04-17,6114
00665L,富邦�琤肭磪囓�2,10,0,10,台中銀-員林,2024-04-17,6114
2889,國票金,10,0,10,台中銀-員林,2024-04-17,6114
3576,聯合再生,10,0,10,台中銀-員林,2024-04-17,6114
4426,利勤,10,0,10,台中銀-員林,2024-04-17,6114
5009,榮剛,13,3,10,台中銀-員林,2024-04-17,6114
5864,致和證,10,0,10,台中銀-員林,2024-04-17,6114
6015,宏遠證,10,0,10,台中銀-員林,2024-04-17,6114
911868,同方友友-DR,10,0,10,台中銀-員林,2024-04-17,6114
8109,博大,9,0,9,台中銀-員林,2024-04-17,6114
5880,合庫金,8,0,8,台中銀-員林,2024-04-17,6114
6770,力積電,450,0,450,台中銀-員林,2024-04-18,6114
00632R,元大台灣50反1,200,0,200,台中銀-員林,2024-04-18,6114
00929,復華台灣科技優息,143,14,129,台中銀-員林,2024-04-18,6114
2538,基泰,101,5,96,台中銀-員林,2024-04-18,6114
0056,元大高股息,84,0,84,台中銀-員林,2024-04-18,6114
00937B,群益ESG投等債20,54,0,54,台中銀-員林,2024-04-18,6114
6182,合晶,100,51,49,台中銀-員林,2024-04-18,6114
00919,群益台灣精選高息,74,28,46,台中銀-員林,2024-04-18,6114
00857B,永豐20年美公債,46,2,44,台中銀-員林,2024-04-18,6114
2371,大同,256,213,43,台中銀-員林,2024-04-18,6114
2303,聯電,42,0,42,台中銀-員林,2024-04-18,6114
1513,中興電,82,47,35,台中銀-員林,2024-04-18,6114
00940,元大台灣價值高息,35,0,35,台中銀-員林,2024-04-18,6114
1612,宏泰,51,17,34,台中銀-員林,2024-04-18,6114
2353,宏��,32,1,31,台中銀-員林,2024-04-18,6114
00941,中信上游半導體,30,0,30,台中銀-員林,2024-04-18,6114
1326,台化,30,0,30,台中銀-員林,2024-04-18,6114
3013,晟銘電,51,21,30,台中銀-員林,2024-04-18,6114
2301,光寶科,32,3,29,台中銀-員林,2024-04-18,6114
2867,三商壽,73,46,27,台中銀-員林,2024-04-18,6114
3481,群創,34,8,26,台中銀-員林,2024-04-18,6114
4401,東隆興,23,0,23,台中銀-員林,2024-04-18,6114
9933,中鼎,24,2,22,台中銀-員林,2024-04-18,6114
2374,佳能,60,39,21,台中銀-員林,2024-04-18,6114
2014,中鴻,24,5,19,台中銀-員林,2024-04-18,6114
3231,緯創,22,5,17,台中銀-員林,2024-04-18,6114
3027,盛達,18,1,17,台中銀-員林,2024-04-18,6114
2537,聯上發,17,0,17,台中銀-員林,2024-04-18,6114
2367,燿華,32,16,16,台中銀-員林,2024-04-18,6114
5515,建國,24,8,16,台中銀-員林,2024-04-18,6114
00712,復華富時不動產,16,1,15,台中銀-員林,2024-04-18,6114
2409,友達,17,2,15,台中銀-員林,2024-04-18,6114
4426,利勤,15,0,15,台中銀-員林,2024-04-18,6114
2329,華泰,22,8,14,台中銀-員林,2024-04-18,6114
1608,華榮,47,33,14,台中銀-員林,2024-04-18,6114
1316,上曜,23,11,12,台中銀-員林,2024-04-18,6114
4989,榮科,12,0,12,台中銀-員林,2024-04-18,6114
2412,中華電,11,0,11,台中銀-員林,2024-04-18,6114
1504,東元,55,45,10,台中銀-員林,2024-04-18,6114
00650L,復華香港正2,10,0,10,台中銀-員林,2024-04-18,6114
1210,大成,10,0,10,台中銀-員林,2024-04-18,6114
1339,昭輝,10,0,10,台中銀-員林,2024-04-18,6114
2061,風青,10,0,10,台中銀-員林,2024-04-18,6114
2211,長榮鋼,18,8,10,台中銀-員林,2024-04-18,6114
2406,國碩,31,21,10,台中銀-員林,2024-04-18,6114
4960,誠美材,23,13,10,台中銀-員林,2024-04-18,6114
8089,康全電訊,10,0,10,台中銀-員林,2024-04-18,6114
5381,合正,9,0,9,台中銀-員林,2024-04-18,6114
1810,和成,10,1,9,台中銀-員林,2024-04-18,6114
2337,旺宏,9,0,9,台中銀-員林,2024-04-18,6114
3481,群創,1328,8,1320,台中銀-員林,2024-04-19,6114
00940,元大台灣價值高息,318,24,294,台中銀-員林,2024-04-19,6114
00929,復華台灣科技優息,252,11,241,台中銀-員林,2024-04-19,6114
5512,力麒,161,48,113,台中銀-員林,2024-04-19,6114
2515,中工,175,65,110,台中銀-員林,2024-04-19,6114
00919,群益台灣精選高息,110,4,106,台中銀-員林,2024-04-19,6114
6244,茂迪,102,1,101,台中銀-員林,2024-04-19,6114
00878,國泰永續高股息,90,7,83,台中銀-員林,2024-04-19,6114
00937B,群益ESG投等債20,85,3,82,台中銀-員林,2024-04-19,6114
8936,國統,126,50,76,台中銀-員林,2024-04-19,6114
0056,元大高股息,79,10,69,台中銀-員林,2024-04-19,6114
6282,康舒,66,2,64,台中銀-員林,2024-04-19,6114
1326,台化,64,2,62,台中銀-員林,2024-04-19,6114
2812,台中銀,55,0,55,台中銀-員林,2024-04-19,6114
2330,台積電,68,17,51,台中銀-員林,2024-04-19,6114
1609,大亞,185,134,51,台中銀-員林,2024-04-19,6114
1608,華榮,131,84,47,台中銀-員林,2024-04-19,6114
2409,友達,48,2,46,台中銀-員林,2024-04-19,6114
2374,佳能,61,17,44,台中銀-員林,2024-04-19,6114
3051,力特,52,10,42,台中銀-員林,2024-04-19,6114
2303,聯電,46,8,38,台中銀-員林,2024-04-19,6114
00877,復華中國5G,35,0,35,台中銀-員林,2024-04-19,6114
3231,緯創,52,20,32,台中銀-員林,2024-04-19,6114
2892,第一金,32,0,32,台中銀-員林,2024-04-19,6114
2208,台船,32,0,32,台中銀-員林,2024-04-19,6114
00655L,國泰中國A50正2,32,0,32,台中銀-員林,2024-04-19,6114
1603,華電,59,27,32,台中銀-員林,2024-04-19,6114
2834,臺企銀,33,2,31,台中銀-員林,2024-04-19,6114
1612,宏泰,83,53,30,台中銀-員林,2024-04-19,6114
2002,中鋼,28,0,28,台中銀-員林,2024-04-19,6114
2382,廣達,26,1,25,台中銀-員林,2024-04-19,6114
8473,山林水,29,6,23,台中銀-員林,2024-04-19,6114
2405,輔信,35,13,22,台中銀-員林,2024-04-19,6114
6548,長科*,23,1,22,台中銀-員林,2024-04-19,6114
6005,群益證,60,39,21,台中銀-員林,2024-04-19,6114
00665L,富邦�琤肭磪囓�2,20,0,20,台中銀-員林,2024-04-19,6114
1909,榮成,20,0,20,台中銀-員林,2024-04-19,6114
2401,凌陽,20,0,20,台中銀-員林,2024-04-19,6114
2891,中信金,20,2,18,台中銀-員林,2024-04-19,6114
2317,鴻海,38,21,17,台中銀-員林,2024-04-19,6114
6285,啟��,17,0,17,台中銀-員林,2024-04-19,6114
2887,台新金,16,0,16,台中銀-員林,2024-04-19,6114
00923,群益台ESG低碳50,16,0,16,台中銀-員林,2024-04-19,6114
2897,王道銀行,16,0,16,台中銀-員林,2024-04-19,6114
4157,太景*-KY,24,8,16,台中銀-員林,2024-04-19,6114
2618,長榮航,23,7,16,台中銀-員林,2024-04-19,6114
00632R,元大台灣50反1,27,12,15,台中銀-員林,2024-04-19,6114
3056,富華新,15,0,15,台中銀-員林,2024-04-19,6114
5347,世界,15,0,15,台中銀-員林,2024-04-19,6114
2034,允強,14,0,14,台中銀-員林,2024-04-19,6114
3481,群創,779,31,748,台中銀-員林,2024-04-22,6114
00929,復華台灣科技優息,286,1,285,台中銀-員林,2024-04-22,6114
5512,力麒,196,45,151,台中銀-員林,2024-04-22,6114
00939,統一台灣高息動能,118,20,98,台中銀-員林,2024-04-22,6114
00937B,群益ESG投等債20,112,30,82,台中銀-員林,2024-04-22,6114
3703,欣陸,108,27,81,台中銀-員林,2024-04-22,6114
2371,大同,304,226,78,台中銀-員林,2024-04-22,6114
2609,陽明,84,7,77,台中銀-員林,2024-04-22,6114
00940,元大台灣價值高息,90,14,76,台中銀-員林,2024-04-22,6114
3003,健和興,67,0,67,台中銀-員林,2024-04-22,6114
2440,太空梭,60,0,60,台中銀-員林,2024-04-22,6114
3576,聯合再生,51,2,49,台中銀-員林,2024-04-22,6114
00919,群益台灣精選高息,50,12,38,台中銀-員林,2024-04-22,6114
1608,華榮,118,82,36,台中銀-員林,2024-04-22,6114
2303,聯電,40,6,34,台中銀-員林,2024-04-22,6114
2605,新興,39,7,32,台中銀-員林,2024-04-22,6114
2515,中工,74,43,31,台中銀-員林,2024-04-22,6114
3051,力特,33,2,31,台中銀-員林,2024-04-22,6114
2855,統一證,30,0,30,台中銀-員林,2024-04-22,6114
2511,太子,30,2,28,台中銀-員林,2024-04-22,6114
1727,中華化,27,1,26,台中銀-員林,2024-04-22,6114
2405,輔信,30,5,25,台中銀-員林,2024-04-22,6114
2506,太設,25,0,25,台中銀-員林,2024-04-22,6114
1609,大亞,92,67,25,台中銀-員林,2024-04-22,6114
2344,華邦電,27,3,24,台中銀-員林,2024-04-22,6114
3322,建舜電,25,1,24,台中銀-員林,2024-04-22,6114
3714,富采,25,1,24,台中銀-員林,2024-04-22,6114
2363,矽統,25,2,23,台中銀-員林,2024-04-22,6114
6538,倉和,25,2,23,台中銀-員林,2024-04-22,6114
2537,聯上發,33,12,21,台中銀-員林,2024-04-22,6114
2330,台積電,21,1,20,台中銀-員林,2024-04-22,6114
00646,元大S＆P500,23,7,16,台中銀-員林,2024-04-22,6114
2603,長榮,29,14,15,台中銀-員林,2024-04-22,6114
00877,復華中國5G,15,0,15,台中銀-員林,2024-04-22,6114
2409,友達,15,0,15,台中銀-員林,2024-04-22,6114
1617,榮星,26,12,14,台中銀-員林,2024-04-22,6114
5515,建國,19,5,14,台中銀-員林,2024-04-22,6114
00852L,國泰美國道瓊正2,13,0,13,台中銀-員林,2024-04-22,6114
2367,燿華,26,14,12,台中銀-員林,2024-04-22,6114
3362,先進光,12,0,12,台中銀-員林,2024-04-22,6114
2317,鴻海,15,3,12,台中銀-員林,2024-04-22,6114
1618,合機,22,11,11,台中銀-員林,2024-04-22,6114
0056,元大高股息,22,10,12,台中銀-員林,2024-04-22,6114
2314,台揚,11,0,11,台中銀-員林,2024-04-22,6114
2442,新美齊,11,0,11,台中銀-員林,2024-04-22,6114
3712,永崴投控,11,0,11,台中銀-員林,2024-04-22,6114
6282,康舒,14,3,11,台中銀-員林,2024-04-22,6114
9945,潤泰新,11,0,11,台中銀-員林,2024-04-22,6114
00687B,國泰20年美債,10,0,10,台中銀-員林,2024-04-22,6114
3287,廣寰科,21,11,10,台中銀-員林,2024-04-22,6114
00919,群益台灣精選高息,78,8,70,台中銀-員林,2024-04-23,6114
00940,元大台灣價值高息,54,0,54,台中銀-員林,2024-04-23,6114
2888,新光金,56,6,50,台中銀-員林,2024-04-23,6114
6191,精成科,46,0,46,台中銀-員林,2024-04-23,6114
2440,太空梭,60,19,41,台中銀-員林,2024-04-23,6114
1316,上曜,92,54,38,台中銀-員林,2024-04-23,6114
2206,三陽工業,57,20,37,台中銀-員林,2024-04-23,6114
2354,鴻準,54,20,34,台中銀-員林,2024-04-23,6114
1440,南紡,45,12,33,台中銀-員林,2024-04-23,6114
00929,復華台灣科技優息,42,9,33,台中銀-員林,2024-04-23,6114
2303,聯電,31,1,30,台中銀-員林,2024-04-23,6114
1609,大亞,108,82,26,台中銀-員林,2024-04-23,6114
6770,力積電,25,0,25,台中銀-員林,2024-04-23,6114
6139,亞翔,25,2,23,台中銀-員林,2024-04-23,6114
2439,美律,22,1,21,台中銀-員林,2024-04-23,6114
2367,燿華,19,1,18,台中銀-員林,2024-04-23,6114
2374,佳能,79,61,18,台中銀-員林,2024-04-23,6114
2034,允強,16,0,16,台中銀-員林,2024-04-23,6114
00680L,元大美債20正2,15,0,15,台中銀-員林,2024-04-23,6114
3013,晟銘電,20,6,14,台中銀-員林,2024-04-23,6114
2101,南港,14,1,13,台中銀-員林,2024-04-23,6114
2731,雄獅,20,7,13,台中銀-員林,2024-04-23,6114
6472,保瑞,13,1,12,台中銀-員林,2024-04-23,6114
1570,力肯,12,0,12,台中銀-員林,2024-04-23,6114
2337,旺宏,13,1,12,台中銀-員林,2024-04-23,6114
1618,合機,19,8,11,台中銀-員林,2024-04-23,6114
9945,潤泰新,11,0,11,台中銀-員林,2024-04-23,6114
00715L,期街口布蘭特正2,10,0,10,台中銀-員林,2024-04-23,6114
00885,富邦越南,10,0,10,台中銀-員林,2024-04-23,6114
1904,正隆,10,0,10,台中銀-員林,2024-04-23,6114
2344,華邦電,11,1,10,台中銀-員林,2024-04-23,6114
3711,日月光投控,10,0,10,台中銀-員林,2024-04-23,6114
6282,康舒,10,0,10,台中銀-員林,2024-04-23,6114
8068,全達,10,0,10,台中銀-員林,2024-04-23,6114
5521,工信,10,0,10,台中銀-員林,2024-04-23,6114
2313,華通,9,0,9,台中銀-員林,2024-04-23,6114
2606,裕民,10,1,9,台中銀-員林,2024-04-23,6114
9935,慶豐富,9,0,9,台中銀-員林,2024-04-23,6114
2542,興富發,10,1,9,台中銀-員林,2024-04-23,6114
3321,同泰,8,0,8,台中銀-員林,2024-04-23,6114
3231,緯創,11,4,7,台中銀-員林,2024-04-23,6114
3715,定穎投控,8,1,7,台中銀-員林,2024-04-23,6114
2027,大成鋼,7,0,7,台中銀-員林,2024-04-23,6114
2201,裕隆,7,0,7,台中銀-員林,2024-04-23,6114
00878,國泰永續高股息,13,6,7,台中銀-員林,2024-04-23,6114
00688L,國泰20年美債正2,6,0,6,台中銀-員林,2024-04-23,6114
1603,華電,10,4,6,台中銀-員林,2024-04-23,6114
2062,橋椿,6,0,6,台中銀-員林,2024-04-23,6114
2409,友達,9,3,6,台中銀-員林,2024-04-23,6114
2301,光寶科,6,1,5,台中銀-員林,2024-04-23,6114
3481,群創,1524,0,1524,台中銀-員林,2024-04-24,6114
2354,鴻準,142,16,126,台中銀-員林,2024-04-24,6114
2439,美律,83,2,81,台中銀-員林,2024-04-24,6114
2610,華航,104,29,75,台中銀-員林,2024-04-24,6114
2812,台中銀,55,1,54,台中銀-員林,2024-04-24,6114
3617,碩天,50,1,49,台中銀-員林,2024-04-24,6114
8092,建暐,32,0,32,台中銀-員林,2024-04-24,6114
3105,穩懋,39,8,31,台中銀-員林,2024-04-24,6114
2440,太空梭,50,20,30,台中銀-員林,2024-04-24,6114
00937B,群益ESG投等債20,35,5,30,台中銀-員林,2024-04-24,6114
3362,先進光,37,11,26,台中銀-員林,2024-04-24,6114
6770,力積電,26,1,25,台中銀-員林,2024-04-24,6114
1605,華新,28,4,24,台中銀-員林,2024-04-24,6114
2888,新光金,53,29,24,台中銀-員林,2024-04-24,6114
00878,國泰永續高股息,29,5,24,台中銀-員林,2024-04-24,6114
2105,正新,22,0,22,台中銀-員林,2024-04-24,6114
00919,群益台灣精選高息,37,15,22,台中銀-員林,2024-04-24,6114
6538,倉和,20,0,20,台中銀-員林,2024-04-24,6114
8403,盛弘,20,0,20,台中銀-員林,2024-04-24,6114
2504,國產,27,9,18,台中銀-員林,2024-04-24,6114
00936,台新永續高息中小,20,2,18,台中銀-員林,2024-04-24,6114
00680L,元大美債20正2,18,0,18,台中銀-員林,2024-04-24,6114
5706,鳳凰,17,0,17,台中銀-員林,2024-04-24,6114
00632R,元大台灣50反1,20,4,16,台中銀-員林,2024-04-24,6114
1909,榮成,16,0,16,台中銀-員林,2024-04-24,6114
3535,晶彩科,16,0,16,台中銀-員林,2024-04-24,6114
2886,兆豐金,16,0,16,台中銀-員林,2024-04-24,6114
3703,欣陸,51,37,14,台中銀-員林,2024-04-24,6114
2834,臺企銀,13,0,13,台中銀-員林,2024-04-24,6114
2313,華通,18,6,12,台中銀-員林,2024-04-24,6114
2371,大同,72,60,12,台中銀-員林,2024-04-24,6114
6139,亞翔,12,1,11,台中銀-員林,2024-04-24,6114
1904,正隆,11,0,11,台中銀-員林,2024-04-24,6114
00687B,國泰20年美債,13,3,10,台中銀-員林,2024-04-24,6114
1789,神隆,10,0,10,台中銀-員林,2024-04-24,6114
3686,達能,10,0,10,台中銀-員林,2024-04-24,6114
6217,中探針,10,0,10,台中銀-員林,2024-04-24,6114
6235,華孚,10,0,10,台中銀-員林,2024-04-24,6114
8068,全達,10,0,10,台中銀-員林,2024-04-24,6114
2890,永豐金,11,1,10,台中銀-員林,2024-04-24,6114
00720B,元大投資級公司債,9,0,9,台中銀-員林,2024-04-24,6114
2374,佳能,54,45,9,台中銀-員林,2024-04-24,6114
2421,建準,9,0,9,台中銀-員林,2024-04-24,6114
2634,漢翔,18,9,9,台中銀-員林,2024-04-24,6114
3689,湧德,9,0,9,台中銀-員林,2024-04-24,6114
8097,常珵,12,3,9,台中銀-員林,2024-04-24,6114
00679B,元大美債20年,11,3,8,台中銀-員林,2024-04-24,6114
8059,凱碩,8,0,8,台中銀-員林,2024-04-24,6114
9934,成霖,8,0,8,台中銀-員林,2024-04-24,6114
8936,國統,12,5,7,台中銀-員林,2024-04-24,6114
2017,官田鋼,150,0,150,台中銀-員林,2024-04-25,6114
2515,中工,99,44,55,台中銀-員林,2024-04-25,6114
2317,鴻海,70,28,42,台中銀-員林,2024-04-25,6114
00937B,群益ESG投等債20,43,1,42,台中銀-員林,2024-04-25,6114
00940,元大台灣價值高息,41,0,41,台中銀-員林,2024-04-25,6114
3362,先進光,31,0,31,台中銀-員林,2024-04-25,6114
6425,易發,31,2,29,台中銀-員林,2024-04-25,6114
00929,復華台灣科技優息,26,0,26,台中銀-員林,2024-04-25,6114
00919,群益台灣精選高息,27,2,25,台中銀-員林,2024-04-25,6114
5251,天鉞電,31,6,25,台中銀-員林,2024-04-25,6114
2501,國建,32,8,24,台中銀-員林,2024-04-25,6114
3491,昇達科,24,1,23,台中銀-員林,2024-04-25,6114
6139,亞翔,22,0,22,台中銀-員林,2024-04-25,6114
00673R,期元大S＆P原油反1,22,0,22,台中銀-員林,2024-04-25,6114
1722,台肥,20,0,20,台中銀-員林,2024-04-25,6114
6116,彩晶,20,0,20,台中銀-員林,2024-04-25,6114
00941,中信上游半導體,20,1,19,台中銀-員林,2024-04-25,6114
2547,日勝生,19,0,19,台中銀-員林,2024-04-25,6114
00878,國泰永續高股息,21,3,18,台中銀-員林,2024-04-25,6114
2891,中信金,17,0,17,台中銀-員林,2024-04-25,6114
00939,統一台灣高息動能,16,0,16,台中銀-員林,2024-04-25,6114
2354,鴻準,76,60,16,台中銀-員林,2024-04-25,6114
1326,台化,15,0,15,台中銀-員林,2024-04-25,6114
00679B,元大美債20年,16,1,15,台中銀-員林,2024-04-25,6114
1303,南亞,14,0,14,台中銀-員林,2024-04-25,6114
2630,亞航,14,1,13,台中銀-員林,2024-04-25,6114
3715,定穎投控,20,7,13,台中銀-員林,2024-04-25,6114
1301,台塑,12,0,12,台中銀-員林,2024-04-25,6114
2303,聯電,14,2,12,台中銀-員林,2024-04-25,6114
3013,晟銘電,38,26,12,台中銀-員林,2024-04-25,6114
4716,大立,14,2,12,台中銀-員林,2024-04-25,6114
6488,環球晶,12,0,12,台中銀-員林,2024-04-25,6114
3017,奇鋐,22,10,12,台中銀-員林,2024-04-25,6114
00931B,統一美債20年,11,0,11,台中銀-員林,2024-04-25,6114
3501,維熹,11,0,11,台中銀-員林,2024-04-25,6114
1789,神隆,10,0,10,台中銀-員林,2024-04-25,6114
2365,昆盈,10,0,10,台中銀-員林,2024-04-25,6114
3296,勝德,10,0,10,台中銀-員林,2024-04-25,6114
4303,信立,22,12,10,台中銀-員林,2024-04-25,6114
6188,廣明,18,8,10,台中銀-員林,2024-04-25,6114
6546,正基,11,1,10,台中銀-員林,2024-04-25,6114
00687B,國泰20年美債,9,0,9,台中銀-員林,2024-04-25,6114
1608,華榮,27,18,9,台中銀-員林,2024-04-25,6114
2331,精英,10,1,9,台中銀-員林,2024-04-25,6114
8092,建暐,9,0,9,台中銀-員林,2024-04-25,6114
3231,緯創,17,9,8,台中銀-員林,2024-04-25,6114
1513,中興電,15,7,8,台中銀-員林,2024-04-25,6114
3059,華晶科,10,2,8,台中銀-員林,2024-04-25,6114
5864,致和證,8,0,8,台中銀-員林,2024-04-25,6114
6282,康舒,8,0,8,台中銀-員林,2024-04-25,6114
00940,元大台灣價值高息,118,2,116,台中銀-員林,2024-04-26,6114
2486,一詮,59,11,48,台中銀-員林,2024-04-26,6114
2363,矽統,52,8,44,台中銀-員林,2024-04-26,6114
3202,樺晟,40,0,40,台中銀-員林,2024-04-26,6114
3483,力致,33,1,32,台中銀-員林,2024-04-26,6114
4155,訊映,32,0,32,台中銀-員林,2024-04-26,6114
6190,萬泰科,39,7,32,台中銀-員林,2024-04-26,6114
00687B,國泰20年美債,30,0,30,台中銀-員林,2024-04-26,6114
00929,復華台灣科技優息,30,0,30,台中銀-員林,2024-04-26,6114
1304,台聚,30,0,30,台中銀-員林,2024-04-26,6114
2511,太子,40,10,30,台中銀-員林,2024-04-26,6114
00679B,元大美債20年,30,0,30,台中銀-員林,2024-04-26,6114
2464,盟立,42,15,27,台中銀-員林,2024-04-26,6114
0056,元大高股息,30,4,26,台中銀-員林,2024-04-26,6114
2365,昆盈,20,0,20,台中銀-員林,2024-04-26,6114
2241,艾姆勒,44,26,18,台中銀-員林,2024-04-26,6114
8466,美吉吉-KY,16,0,16,台中銀-員林,2024-04-26,6114
00933B,國泰10Y+金融債,15,0,15,台中銀-員林,2024-04-26,6114
8936,國統,18,3,15,台中銀-員林,2024-04-26,6114
1503,士電,24,10,14,台中銀-員林,2024-04-26,6114
2349,錸德,14,0,14,台中銀-員林,2024-04-26,6114
3056,富華新,15,1,14,台中銀-員林,2024-04-26,6114
1609,大亞,72,59,13,台中銀-員林,2024-04-26,6114
00680L,元大美債20正2,13,0,13,台中銀-員林,2024-04-26,6114
1210,大成,12,0,12,台中銀-員林,2024-04-26,6114
4303,信立,16,4,12,台中銀-員林,2024-04-26,6114
2606,裕民,11,0,11,台中銀-員林,2024-04-26,6114
3706,神達,19,9,10,台中銀-員林,2024-04-26,6114
00772B,中信高評級公司債,10,0,10,台中銀-員林,2024-04-26,6114
2371,大同,100,90,10,台中銀-員林,2024-04-26,6114
9941,裕融,10,0,10,台中銀-員林,2024-04-26,6114
2331,精英,10,0,10,台中銀-員林,2024-04-26,6114
3128,昇銳,10,0,10,台中銀-員林,2024-04-26,6114
8926,台汽電,10,0,10,台中銀-員林,2024-04-26,6114
9103,美德醫療-DR,10,0,10,台中銀-員林,2024-04-26,6114
9919,康那香,10,0,10,台中銀-員林,2024-04-26,6114
1455,集盛,10,1,9,台中銀-員林,2024-04-26,6114
2388,威盛,15,6,9,台中銀-員林,2024-04-26,6114
2883,凱基金,9,0,9,台中銀-員林,2024-04-26,6114
6552,易華電,11,2,9,台中銀-員林,2024-04-26,6114
1612,宏泰,9,1,8,台中銀-員林,2024-04-26,6114
2421,建準,8,0,8,台中銀-員林,2024-04-26,6114
3576,聯合再生,8,0,8,台中銀-員林,2024-04-26,6114
8234,新漢,14,6,8,台中銀-員林,2024-04-26,6114
00720B,元大投資級公司債,7,0,7,台中銀-員林,2024-04-26,6114
2536,宏普,9,2,7,台中銀-員林,2024-04-26,6114
3211,順達,22,15,7,台中銀-員林,2024-04-26,6114
6264,富裔,7,0,7,台中銀-員林,2024-04-26,6114
6282,康舒,7,0,7,台中銀-員林,2024-04-26,6114
8996,高力,7,0,7,台中銀-員林,2024-04-26,6114
00706L,期元大S＆P日圓正2,527,0,527,台中銀-員林,2024-04-29,6114
1314,中石化,291,147,144,台中銀-員林,2024-04-29,6114
1103,嘉泥,105,0,105,台中銀-員林,2024-04-29,6114
2472,立隆電,98,3,95,台中銀-員林,2024-04-29,6114
2409,友達,120,49,71,台中銀-員林,2024-04-29,6114
2323,中環,79,11,68,台中銀-員林,2024-04-29,6114
1609,大亞,76,18,58,台中銀-員林,2024-04-29,6114
2610,華航,159,103,56,台中銀-員林,2024-04-29,6114
1587,吉茂,58,13,45,台中銀-員林,2024-04-29,6114
2101,南港,53,10,43,台中銀-員林,2024-04-29,6114
2354,鴻準,51,9,42,台中銀-員林,2024-04-29,6114
2363,矽統,118,77,41,台中銀-員林,2024-04-29,6114
2492,華新科,40,1,39,台中銀-員林,2024-04-29,6114
2605,新興,50,13,37,台中銀-員林,2024-04-29,6114
1101,台泥,50,14,36,台中銀-員林,2024-04-29,6114
00939,統一台灣高息動能,36,1,35,台中銀-員林,2024-04-29,6114
2515,中工,138,107,31,台中銀-員林,2024-04-29,6114
2206,三陽工業,46,17,29,台中銀-員林,2024-04-29,6114
3583,辛耘,39,11,28,台中銀-員林,2024-04-29,6114
2891,中信金,105,81,24,台中銀-員林,2024-04-29,6114
2867,三商壽,24,2,22,台中銀-員林,2024-04-29,6114
9934,成霖,25,3,22,台中銀-員林,2024-04-29,6114
2618,長榮航,120,99,21,台中銀-員林,2024-04-29,6114
00679B,元大美債20年,20,0,20,台中銀-員林,2024-04-29,6114
00665L,富邦�琤肭磪囓�2,20,0,20,台中銀-員林,2024-04-29,6114
3105,穩懋,20,0,20,台中銀-員林,2024-04-29,6114
3706,神達,20,0,20,台中銀-員林,2024-04-29,6114
3264,欣銓,20,3,17,台中銀-員林,2024-04-29,6114
00676R,富邦臺灣加權反1,15,0,15,台中銀-員林,2024-04-29,6114
3576,聯合再生,15,0,15,台中銀-員林,2024-04-29,6114
8097,常珵,15,0,15,台中銀-員林,2024-04-29,6114
8092,建暐,14,0,14,台中銀-員林,2024-04-29,6114
6189,豐藝,19,6,13,台中銀-員林,2024-04-29,6114
6770,力積電,23,10,13,台中銀-員林,2024-04-29,6114
2442,新美齊,14,2,12,台中銀-員林,2024-04-29,6114
1603,華電,12,1,11,台中銀-員林,2024-04-29,6114
6425,易發,13,2,11,台中銀-員林,2024-04-29,6114
2115,六暉-KY,10,0,10,台中銀-員林,2024-04-29,6114
2302,麗正,10,0,10,台中銀-員林,2024-04-29,6114
2365,昆盈,10,0,10,台中銀-員林,2024-04-29,6114
2402,毅嘉,10,0,10,台中銀-員林,2024-04-29,6114
6209,今國光,10,0,10,台中銀-員林,2024-04-29,6114
2102,泰豐,10,0,10,台中銀-員林,2024-04-29,6114
2486,一詮,176,167,9,台中銀-員林,2024-04-29,6114
3372,典範,9,0,9,台中銀-員林,2024-04-29,6114
6215,和椿,39,30,9,台中銀-員林,2024-04-29,6114
8466,美吉吉-KY,9,0,9,台中銀-員林,2024-04-29,6114
5230,雷笛克光學,22,14,8,台中銀-員林,2024-04-29,6114
3003,健和興,9,2,7,台中銀-員林,2024-04-29,6114
3501,維熹,7,0,7,台中銀-員林,2024-04-29,6114
2888,新光金,154,16,138,台中銀-員林,2024-04-30,6114
2618,長榮航,89,29,60,台中銀-員林,2024-04-30,6114
2610,華航,58,6,52,台中銀-員林,2024-04-30,6114
2365,昆盈,51,0,51,台中銀-員林,2024-04-30,6114
2506,太設,40,0,40,台中銀-員林,2024-04-30,6114
5531,鄉林,38,0,38,台中銀-員林,2024-04-30,6114
2486,一詮,51,14,37,台中銀-員林,2024-04-30,6114
1316,上曜,61,25,36,台中銀-員林,2024-04-30,6114
1516,川飛,35,0,35,台中銀-員林,2024-04-30,6114
1314,中石化,142,109,33,台中銀-員林,2024-04-30,6114
1304,台聚,32,0,32,台中銀-員林,2024-04-30,6114
2025,千興,30,0,30,台中銀-員林,2024-04-30,6114
2882,國泰金,31,2,29,台中銀-員林,2024-04-30,6114
2501,國建,32,5,27,台中銀-員林,2024-04-30,6114
00940,元大台灣價值高息,27,1,26,台中銀-員林,2024-04-30,6114
2605,新興,25,0,25,台中銀-員林,2024-04-30,6114
1609,大亞,30,7,23,台中銀-員林,2024-04-30,6114
2472,立隆電,23,0,23,台中銀-員林,2024-04-30,6114
2201,裕隆,23,1,22,台中銀-員林,2024-04-30,6114
2303,聯電,46,25,21,台中銀-員林,2024-04-30,6114
6278,台表科,32,12,20,台中銀-員林,2024-04-30,6114
2889,國票金,20,0,20,台中銀-員林,2024-04-30,6114
3105,穩懋,20,0,20,台中銀-員林,2024-04-30,6114
3202,樺晟,20,0,20,台中銀-員林,2024-04-30,6114
2440,太空梭,20,1,19,台中銀-員林,2024-04-30,6114
2851,中再保,19,0,19,台中銀-員林,2024-04-30,6114
8110,華東,18,0,18,台中銀-員林,2024-04-30,6114
6257,矽格,20,2,18,台中銀-員林,2024-04-30,6114
00929,復華台灣科技優息,17,0,17,台中銀-員林,2024-04-30,6114
2323,中環,20,3,17,台中銀-員林,2024-04-30,6114
6269,台郡,16,0,16,台中銀-員林,2024-04-30,6114
1504,東元,17,2,15,台中銀-員林,2024-04-30,6114
2317,鴻海,16,1,15,台中銀-員林,2024-04-30,6114
2634,漢翔,17,2,15,台中銀-員林,2024-04-30,6114
3481,群創,25,10,15,台中銀-員林,2024-04-30,6114
5356,協益,15,0,15,台中銀-員林,2024-04-30,6114
00632R,元大台灣50反1,13,0,13,台中銀-員林,2024-04-30,6114
1905,華紙,13,0,13,台中銀-員林,2024-04-30,6114
2353,宏��,31,20,11,台中銀-員林,2024-04-30,6114
1815,富喬,11,1,10,台中銀-員林,2024-04-30,6114
2483,百容,10,0,10,台中銀-員林,2024-04-30,6114
3679,新至陞,26,16,10,台中銀-員林,2024-04-30,6114
6283,淳安,10,0,10,台中銀-員林,2024-04-30,6114
9904,寶成,10,0,10,台中銀-員林,2024-04-30,6114
00679B,元大美債20年,9,0,9,台中銀-員林,2024-04-30,6114
2442,新美齊,11,2,9,台中銀-員林,2024-04-30,6114
2457,飛宏,10,1,9,台中銀-員林,2024-04-30,6114
2913,農林,17,8,9,台中銀-員林,2024-04-30,6114
8466,美吉吉-KY,9,0,9,台中銀-員林,2024-04-30,6114
00919,群益台灣精選高息,9,0,9,台中銀-員林,2024-04-30,6114
3481,群創,3118,10,3108,台中銀-員林,2024-05-02,6114
00882,中信中國高股息,159,1,158,台中銀-員林,2024-05-02,6114
2409,友達,83,21,62,台中銀-員林,2024-05-02,6114
2498,宏達電,69,10,59,台中銀-員林,2024-05-02,6114
6190,萬泰科,50,0,50,台中銀-員林,2024-05-02,6114
3501,維熹,44,3,41,台中銀-員林,2024-05-02,6114
9907,統一實,40,0,40,台中銀-員林,2024-05-02,6114
1609,大亞,48,11,37,台中銀-員林,2024-05-02,6114
9945,潤泰新,57,20,37,台中銀-員林,2024-05-02,6114
00715L,期街口布蘭特正2,29,0,29,台中銀-員林,2024-05-02,6114
6442,光聖,32,3,29,台中銀-員林,2024-05-02,6114
6257,矽格,31,3,28,台中銀-員林,2024-05-02,6114
1806,冠軍,26,0,26,台中銀-員林,2024-05-02,6114
00940,元大台灣價值高息,25,1,24,台中銀-員林,2024-05-02,6114
00878,國泰永續高股息,25,1,24,台中銀-員林,2024-05-02,6114
5009,榮剛,36,14,22,台中銀-員林,2024-05-02,6114
00937B,群益ESG投等債20,24,3,21,台中銀-員林,2024-05-02,6114
2401,凌陽,26,6,20,台中銀-員林,2024-05-02,6114
2882,國泰金,20,0,20,台中銀-員林,2024-05-02,6114
2371,大同,57,40,17,台中銀-員林,2024-05-02,6114
3715,定穎投控,26,9,17,台中銀-員林,2024-05-02,6114
00687B,國泰20年美債,16,0,16,台中銀-員林,2024-05-02,6114
1413,宏洲,16,0,16,台中銀-員林,2024-05-02,6114
5469,瀚宇博,16,0,16,台中銀-員林,2024-05-02,6114
6188,廣明,17,1,16,台中銀-員林,2024-05-02,6114
5371,中光電,19,3,16,台中銀-員林,2024-05-02,6114
2337,旺宏,16,1,15,台中銀-員林,2024-05-02,6114
8044,網家,15,0,15,台中銀-員林,2024-05-02,6114
00919,群益台灣精選高息,16,2,14,台中銀-員林,2024-05-02,6114
2329,華泰,15,1,14,台中銀-員林,2024-05-02,6114
2472,立隆電,15,1,14,台中銀-員林,2024-05-02,6114
3338,泰碩,15,1,14,台中銀-員林,2024-05-02,6114
8092,建暐,14,0,14,台中銀-員林,2024-05-02,6114
00680L,元大美債20正2,12,0,12,台中銀-員林,2024-05-02,6114
00909,國泰數位支付服務,11,0,11,台中銀-員林,2024-05-02,6114
2201,裕隆,12,1,11,台中銀-員林,2024-05-02,6114
3287,廣寰科,11,0,11,台中銀-員林,2024-05-02,6114
4994,傳奇,11,0,11,台中銀-員林,2024-05-02,6114
00673R,期元大S＆P原油反1,20,10,10,台中銀-員林,2024-05-02,6114
1616,億泰,10,0,10,台中銀-員林,2024-05-02,6114
2753,八方雲集,10,0,10,台中銀-員林,2024-05-02,6114
6202,盛群,11,1,10,台中銀-員林,2024-05-02,6114
911868,同方友友-DR,10,0,10,台中銀-員林,2024-05-02,6114
2367,燿華,12,3,9,台中銀-員林,2024-05-02,6114
4401,東隆興,10,1,9,台中銀-員林,2024-05-02,6114
5515,建國,11,2,9,台中銀-員林,2024-05-02,6114
5608,四維航,9,0,9,台中銀-員林,2024-05-02,6114
00885,富邦越南,8,0,8,台中銀-員林,2024-05-02,6114
2352,佳世達,8,0,8,台中銀-員林,2024-05-02,6114
5392,能率,8,0,8,台中銀-員林,2024-05-02,6114
6217,中探針,102,0,102,台中銀-員林,2024-05-03,6114
2472,立隆電,149,47,102,台中銀-員林,2024-05-03,6114
00632R,元大台灣50反1,100,0,100,台中銀-員林,2024-05-03,6114
00937B,群益ESG投等債20,78,0,78,台中銀-員林,2024-05-03,6114
3501,維熹,78,4,74,台中銀-員林,2024-05-03,6114
1536,和大,71,0,71,台中銀-員林,2024-05-03,6114
5512,力麒,74,3,71,台中銀-員林,2024-05-03,6114
9907,統一實,70,1,69,台中銀-員林,2024-05-03,6114
2610,華航,80,18,62,台中銀-員林,2024-05-03,6114
2542,興富發,60,4,56,台中銀-員林,2024-05-03,6114
2371,大同,69,16,53,台中銀-員林,2024-05-03,6114
4714,永捷,88,41,47,台中銀-員林,2024-05-03,6114
00940,元大台灣價值高息,80,35,45,台中銀-員林,2024-05-03,6114
8096,擎亞,76,34,42,台中銀-員林,2024-05-03,6114
1609,大亞,85,44,41,台中銀-員林,2024-05-03,6114
2883,凱基金,39,0,39,台中銀-員林,2024-05-03,6114
00665L,富邦�琤肭磪囓�2,34,0,34,台中銀-員林,2024-05-03,6114
2464,盟立,41,7,34,台中銀-員林,2024-05-03,6114
6120,達運,32,0,32,台中銀-員林,2024-05-03,6114
2547,日勝生,30,0,30,台中銀-員林,2024-05-03,6114
1514,亞力,48,22,26,台中銀-員林,2024-05-03,6114
1314,中石化,50,26,24,台中銀-員林,2024-05-03,6114
8112,至上,34,11,23,台中銀-員林,2024-05-03,6114
00752,中信中國50,22,1,21,台中銀-員林,2024-05-03,6114
00878,國泰永續高股息,25,5,20,台中銀-員林,2024-05-03,6114
2402,毅嘉,20,0,20,台中銀-員林,2024-05-03,6114
4716,大立,20,0,20,台中銀-員林,2024-05-03,6114
00687B,國泰20年美債,18,0,18,台中銀-員林,2024-05-03,6114
6175,立敦,17,0,17,台中銀-員林,2024-05-03,6114
6770,力積電,88,71,17,台中銀-員林,2024-05-03,6114
2906,高林,16,0,16,台中銀-員林,2024-05-03,6114
3706,神達,16,0,16,台中銀-員林,2024-05-03,6114
4960,誠美材,16,0,16,台中銀-員林,2024-05-03,6114
1608,華榮,27,12,15,台中銀-員林,2024-05-03,6114
2017,官田鋼,15,0,15,台中銀-員林,2024-05-03,6114
3715,定穎投控,17,3,14,台中銀-員林,2024-05-03,6114
6442,光聖,40,26,14,台中銀-員林,2024-05-03,6114
6789,采鈺,13,0,13,台中銀-員林,2024-05-03,6114
9935,慶豐富,13,0,13,台中銀-員林,2024-05-03,6114
00679B,元大美債20年,11,1,10,台中銀-員林,2024-05-03,6114
2356,英業達,12,2,10,台中銀-員林,2024-05-03,6114
00706L,期元大S＆P日圓正2,10,0,10,台中銀-員林,2024-05-03,6114
00877,復華中國5G,10,0,10,台中銀-員林,2024-05-03,6114
1445,大宇,10,0,10,台中銀-員林,2024-05-03,6114
2611,志信,16,6,10,台中銀-員林,2024-05-03,6114
2913,農林,11,1,10,台中銀-員林,2024-05-03,6114
3266,昇陽,12,2,10,台中銀-員林,2024-05-03,6114
3564,其陽,10,0,10,台中銀-員林,2024-05-03,6114
5523,豐謙,10,0,10,台中銀-員林,2024-05-03,6114
6116,彩晶,10,0,10,台中銀-員林,2024-05-03,6114
00878,國泰永續高股息,111,24,87,台中銀-員林,2024-05-06,6114
2472,立隆電,214,130,84,台中銀-員林,2024-05-06,6114
00937B,群益ESG投等債20,81,1,80,台中銀-員林,2024-05-06,6114
2515,中工,55,2,53,台中銀-員林,2024-05-06,6114
00929,復華台灣科技優息,74,30,44,台中銀-員林,2024-05-06,6114
2449,京元電子,53,11,42,台中銀-員林,2024-05-06,6114
00939,統一台灣高息動能,43,2,41,台中銀-員林,2024-05-06,6114
2363,矽統,41,7,34,台中銀-員林,2024-05-06,6114
1605,華新,31,2,29,台中銀-員林,2024-05-06,6114
00679B,元大美債20年,29,3,26,台中銀-員林,2024-05-06,6114
2913,農林,28,2,26,台中銀-員林,2024-05-06,6114
2323,中環,24,0,24,台中銀-員林,2024-05-06,6114
3466,德晉,22,1,21,台中銀-員林,2024-05-06,6114
1584,精剛,20,0,20,台中銀-員林,2024-05-06,6114
2409,友達,20,0,20,台中銀-員林,2024-05-06,6114
6248,沛波,20,0,20,台中銀-員林,2024-05-06,6114
9933,中鼎,29,11,18,台中銀-員林,2024-05-06,6114
4967,十銓,22,5,17,台中銀-員林,2024-05-06,6114
2352,佳世達,16,0,16,台中銀-員林,2024-05-06,6114
2618,長榮航,116,100,16,台中銀-員林,2024-05-06,6114
00891,中信關鍵半導體,15,0,15,台中銀-員林,2024-05-06,6114
6257,矽格,15,0,15,台中銀-員林,2024-05-06,6114
2356,英業達,20,6,14,台中銀-員林,2024-05-06,6114
2382,廣達,20,6,14,台中銀-員林,2024-05-06,6114
5210,寶碩,13,0,13,台中銀-員林,2024-05-06,6114
8092,建暐,13,0,13,台中銀-員林,2024-05-06,6114
3501,維熹,13,1,12,台中銀-員林,2024-05-06,6114
1309,台達化,12,0,12,台中銀-員林,2024-05-06,6114
3303,岱稜,12,0,12,台中銀-員林,2024-05-06,6114
1319,東陽,11,0,11,台中銀-員林,2024-05-06,6114
2442,新美齊,20,9,11,台中銀-員林,2024-05-06,6114
00795B,中信美國公債20年,10,0,10,台中銀-員林,2024-05-06,6114
2377,微星,10,0,10,台中銀-員林,2024-05-06,6114
3362,先進光,10,0,10,台中銀-員林,2024-05-06,6114
3481,群創,21,11,10,台中銀-員林,2024-05-06,6114
5230,雷笛克光學,10,0,10,台中銀-員林,2024-05-06,6114
6789,采鈺,10,0,10,台中銀-員林,2024-05-06,6114
6449,鈺邦,9,0,9,台中銀-員林,2024-05-06,6114
3583,辛耘,11,2,9,台中銀-員林,2024-05-06,6114
4303,信立,12,3,9,台中銀-員林,2024-05-06,6114
8096,擎亞,62,53,9,台中銀-員林,2024-05-06,6114
00632R,元大台灣50反1,25,17,8,台中銀-員林,2024-05-06,6114
1609,大亞,21,13,8,台中銀-員林,2024-05-06,6114
2464,盟立,14,6,8,台中銀-員林,2024-05-06,6114
8064,東捷,9,1,8,台中銀-員林,2024-05-06,6114
2365,昆盈,8,0,8,台中銀-員林,2024-05-06,6114
2349,錸德,7,0,7,台中銀-員林,2024-05-06,6114
2543,皇昌,10,3,7,台中銀-員林,2024-05-06,6114
3609,三一東林,7,0,7,台中銀-員林,2024-05-06,6114
8109,博大,7,0,7,台中銀-員林,2024-05-06,6114
3481,群創,1120,5,1115,台中銀-員林,2024-05-07,6114
00632R,元大台灣50反1,259,0,259,台中銀-員林,2024-05-07,6114
2888,新光金,142,28,114,台中銀-員林,2024-05-07,6114
00680L,元大美債20正2,50,4,46,台中銀-員林,2024-05-07,6114
00878,國泰永續高股息,49,3,46,台中銀-員林,2024-05-07,6114
00940,元大台灣價值高息,49,4,45,台中銀-員林,2024-05-07,6114
3501,維熹,40,0,40,台中銀-員林,2024-05-07,6114
6156,松上,40,0,40,台中銀-員林,2024-05-07,6114
2472,立隆電,58,19,39,台中銀-員林,2024-05-07,6114
6257,矽格,38,1,37,台中銀-員林,2024-05-07,6114
00937B,群益ESG投等債20,42,7,35,台中銀-員林,2024-05-07,6114
4916,事欣科,31,0,31,台中銀-員林,2024-05-07,6114
1457,宜進,30,0,30,台中銀-員林,2024-05-07,6114
6024,群益期,28,0,28,台中銀-員林,2024-05-07,6114
5230,雷笛克光學,32,5,27,台中銀-員林,2024-05-07,6114
2382,廣達,32,6,26,台中銀-員林,2024-05-07,6114
1326,台化,25,0,25,台中銀-員林,2024-05-07,6114
2115,六暉-KY,26,1,25,台中銀-員林,2024-05-07,6114
1609,大亞,47,23,24,台中銀-員林,2024-05-07,6114
3056,富華新,35,13,22,台中銀-員林,2024-05-07,6114
2354,鴻準,28,7,21,台中銀-員林,2024-05-07,6114
3025,星通,20,0,20,台中銀-員林,2024-05-07,6114
2610,華航,37,17,20,台中銀-員林,2024-05-07,6114
2501,國建,36,17,19,台中銀-員林,2024-05-07,6114
8092,建暐,19,0,19,台中銀-員林,2024-05-07,6114
1806,冠軍,17,0,17,台中銀-員林,2024-05-07,6114
6290,良維,19,3,16,台中銀-員林,2024-05-07,6114
1582,信錦,38,23,15,台中銀-員林,2024-05-07,6114
2002,中鋼,16,1,15,台中銀-員林,2024-05-07,6114
2017,官田鋼,15,0,15,台中銀-員林,2024-05-07,6114
2547,日勝生,15,0,15,台中銀-員林,2024-05-07,6114
2317,鴻海,50,36,14,台中銀-員林,2024-05-07,6114
00679B,元大美債20年,12,0,12,台中銀-員林,2024-05-07,6114
1587,吉茂,32,20,12,台中銀-員林,2024-05-07,6114
3189,景碩,12,0,12,台中銀-員林,2024-05-07,6114
4306,炎洲,14,3,11,台中銀-員林,2024-05-07,6114
8070,長華*,12,1,11,台中銀-員林,2024-05-07,6114
3051,力特,11,0,11,台中銀-員林,2024-05-07,6114
5443,均豪,13,2,11,台中銀-員林,2024-05-07,6114
6271,同欣電,11,0,11,台中銀-員林,2024-05-07,6114
2609,陽明,23,13,10,台中銀-員林,2024-05-07,6114
2027,大成鋼,10,0,10,台中銀-員林,2024-05-07,6114
2442,新美齊,10,0,10,台中銀-員林,2024-05-07,6114
2538,基泰,20,10,10,台中銀-員林,2024-05-07,6114
2633,台灣高鐵,10,0,10,台中銀-員林,2024-05-07,6114
3090,日電貿,10,0,10,台中銀-員林,2024-05-07,6114
5864,致和證,10,0,10,台中銀-員林,2024-05-07,6114
6141,柏承,10,0,10,台中銀-員林,2024-05-07,6114
6244,茂迪,10,0,10,台中銀-員林,2024-05-07,6114
6552,易華電,10,0,10,台中銀-員林,2024-05-07,6114
3481,群創,1112,9,1103,台中銀-員林,2024-05-08,6114
00937B,群益ESG投等債20,146,3,143,台中銀-員林,2024-05-08,6114
1612,宏泰,92,18,74,台中銀-員林,2024-05-08,6114
2618,長榮航,102,32,70,台中銀-員林,2024-05-08,6114
00929,復華台灣科技優息,82,12,70,台中銀-員林,2024-05-08,6114
2538,基泰,63,0,63,台中銀-員林,2024-05-08,6114
1536,和大,62,0,62,台中銀-員林,2024-05-08,6114
00665L,富邦�琤肭磪囓�2,50,0,50,台中銀-員林,2024-05-08,6114
00878,國泰永續高股息,48,1,47,台中銀-員林,2024-05-08,6114
2371,大同,114,67,47,台中銀-員林,2024-05-08,6114
4967,十銓,48,9,39,台中銀-員林,2024-05-08,6114
6005,群益證,35,1,34,台中銀-員林,2024-05-08,6114
00919,群益台灣精選高息,47,14,33,台中銀-員林,2024-05-08,6114
1504,東元,34,1,33,台中銀-員林,2024-05-08,6114
2374,佳能,35,5,30,台中銀-員林,2024-05-08,6114
2617,台航,45,15,30,台中銀-員林,2024-05-08,6114
6488,環球晶,30,0,30,台中銀-員林,2024-05-08,6114
2409,友達,30,2,28,台中銀-員林,2024-05-08,6114
3036,文曄,28,0,28,台中銀-員林,2024-05-08,6114
00940,元大台灣價值高息,32,4,28,台中銀-員林,2024-05-08,6114
8234,新漢,26,0,26,台中銀-員林,2024-05-08,6114
2637,慧洋-KY,31,6,25,台中銀-員林,2024-05-08,6114
3056,富華新,26,2,24,台中銀-員林,2024-05-08,6114
1514,亞力,29,5,24,台中銀-員林,2024-05-08,6114
2440,太空梭,50,27,23,台中銀-員林,2024-05-08,6114
6442,光聖,30,8,22,台中銀-員林,2024-05-08,6114
2472,立隆電,37,15,22,台中銀-員林,2024-05-08,6114
2536,宏普,20,0,20,台中銀-員林,2024-05-08,6114
3038,全台,20,0,20,台中銀-員林,2024-05-08,6114
5871,中租-KY,19,1,18,台中銀-員林,2024-05-08,6114
5521,工信,18,0,18,台中銀-員林,2024-05-08,6114
2359,所羅門,38,20,18,台中銀-員林,2024-05-08,6114
2889,國票金,16,0,16,台中銀-員林,2024-05-08,6114
00932,兆豐永續高息等權,15,0,15,台中銀-員林,2024-05-08,6114
2603,長榮,18,3,15,台中銀-員林,2024-05-08,6114
1457,宜進,14,0,14,台中銀-員林,2024-05-08,6114
6290,良維,15,1,14,台中銀-員林,2024-05-08,6114
00679B,元大美債20年,49,36,13,台中銀-員林,2024-05-08,6114
3287,廣寰科,14,1,13,台中銀-員林,2024-05-08,6114
3491,昇達科,13,0,13,台中銀-員林,2024-05-08,6114
2365,昆盈,23,10,13,台中銀-員林,2024-05-08,6114
4716,大立,12,0,12,台中銀-員林,2024-05-08,6114
5469,瀚宇博,12,0,12,台中銀-員林,2024-05-08,6114
2362,藍天,16,5,11,台中銀-員林,2024-05-08,6114
2492,華新科,11,0,11,台中銀-員林,2024-05-08,6114
4155,訊映,11,0,11,台中銀-員林,2024-05-08,6114
6207,雷科,14,3,11,台中銀-員林,2024-05-08,6114
6285,啟��,11,0,11,台中銀-員林,2024-05-08,6114
4994,傳奇,13,3,10,台中銀-員林,2024-05-08,6114
00706L,期元大S＆P日圓正2,10,0,10,台中銀-員林,2024-05-08,6114
3481,群創,1134,3,1131,台中銀-員林,2024-05-09,6114
00937B,群益ESG投等債20,123,6,117,台中銀-員林,2024-05-09,6114
00929,復華台灣科技優息,108,2,106,台中銀-員林,2024-05-09,6114
00940,元大台灣價值高息,88,3,85,台中銀-員林,2024-05-09,6114
00679B,元大美債20年,82,0,82,台中銀-員林,2024-05-09,6114
00946,群益科技高息成長,81,0,81,台中銀-員林,2024-05-09,6114
2538,基泰,63,0,63,台中銀-員林,2024-05-09,6114
6770,力積電,58,7,51,台中銀-員林,2024-05-09,6114
00878,國泰永續高股息,49,2,47,台中銀-員林,2024-05-09,6114
5443,均豪,49,2,47,台中銀-員林,2024-05-09,6114
2472,立隆電,60,16,44,台中銀-員林,2024-05-09,6114
6120,達運,50,6,44,台中銀-員林,2024-05-09,6114
1609,大亞,74,30,44,台中銀-員林,2024-05-09,6114
00932,兆豐永續高息等權,34,0,34,台中銀-員林,2024-05-09,6114
2409,友達,32,0,32,台中銀-員林,2024-05-09,6114
3056,富華新,32,0,32,台中銀-員林,2024-05-09,6114
2618,長榮航,70,39,31,台中銀-員林,2024-05-09,6114
1587,吉茂,43,12,31,台中銀-員林,2024-05-09,6114
1528,恩德,30,0,30,台中銀-員林,2024-05-09,6114
00720B,元大投資級公司債,28,0,28,台中銀-員林,2024-05-09,6114
5871,中租-KY,25,0,25,台中銀-員林,2024-05-09,6114
3047,訊舟,27,3,24,台中銀-員林,2024-05-09,6114
2449,京元電子,23,0,23,台中銀-員林,2024-05-09,6114
2486,一詮,36,13,23,台中銀-員林,2024-05-09,6114
6005,群益證,23,0,23,台中銀-員林,2024-05-09,6114
00944,野村趨勢動能高息,22,0,22,台中銀-員林,2024-05-09,6114
6197,佳必琪,22,0,22,台中銀-員林,2024-05-09,6114
2367,燿華,38,17,21,台中銀-員林,2024-05-09,6114
00942B,台新美A公司債20+,20,0,20,台中銀-員林,2024-05-09,6114
1326,台化,20,0,20,台中銀-員林,2024-05-09,6114
6244,茂迪,20,0,20,台中銀-員林,2024-05-09,6114
1605,華新,20,2,18,台中銀-員林,2024-05-09,6114
8112,至上,22,5,17,台中銀-員林,2024-05-09,6114
00687B,國泰20年美債,17,0,17,台中銀-員林,2024-05-09,6114
00680L,元大美債20正2,17,0,17,台中銀-員林,2024-05-09,6114
2536,宏普,20,3,17,台中銀-員林,2024-05-09,6114
2515,中工,25,9,16,台中銀-員林,2024-05-09,6114
2851,中再保,16,0,16,台中銀-員林,2024-05-09,6114
00936,台新永續高息中小,15,0,15,台中銀-員林,2024-05-09,6114
2329,華泰,15,0,15,台中銀-員林,2024-05-09,6114
00909,國泰數位支付服務,13,0,13,台中銀-員林,2024-05-09,6114
1708,東鹼,13,0,13,台中銀-員林,2024-05-09,6114
1210,大成,12,0,12,台中銀-員林,2024-05-09,6114
1314,中石化,25,13,12,台中銀-員林,2024-05-09,6114
4967,十銓,19,7,12,台中銀-員林,2024-05-09,6114
1101,台泥,11,0,11,台中銀-員林,2024-05-09,6114
5309,系統電,11,0,11,台中銀-員林,2024-05-09,6114
6271,同欣電,11,0,11,台中銀-員林,2024-05-09,6114
5478,智冠,12,2,10,台中銀-員林,2024-05-09,6114
00933B,國泰10Y+金融債,10,0,10,台中銀-員林,2024-05-09,6114
00632R,元大台灣50反1,242,0,242,台中銀-員林,2024-05-10,6114
00929,復華台灣科技優息,212,0,212,台中銀-員林,2024-05-10,6114
2618,長榮航,183,83,100,台中銀-員林,2024-05-10,6114
2884,玉山金,85,8,77,台中銀-員林,2024-05-10,6114
8112,至上,52,7,45,台中銀-員林,2024-05-10,6114
2313,華通,50,5,45,台中銀-員林,2024-05-10,6114
2409,友達,58,17,41,台中銀-員林,2024-05-10,6114
3013,晟銘電,104,66,38,台中銀-員林,2024-05-10,6114
2317,鴻海,44,14,30,台中銀-員林,2024-05-10,6114
8277,商丞,31,2,29,台中銀-員林,2024-05-10,6114
2880,華南金,50,21,29,台中銀-員林,2024-05-10,6114
00932,兆豐永續高息等權,26,0,26,台中銀-員林,2024-05-10,6114
2486,一詮,39,13,26,台中銀-員林,2024-05-10,6114
9935,慶豐富,26,0,26,台中銀-員林,2024-05-10,6114
2344,華邦電,25,0,25,台中銀-員林,2024-05-10,6114
2515,中工,23,1,22,台中銀-員林,2024-05-10,6114
3356,奇偶,31,10,21,台中銀-員林,2024-05-10,6114
00905,FT臺灣Smart,20,0,20,台中銀-員林,2024-05-10,6114
1314,中石化,24,4,20,台中銀-員林,2024-05-10,6114
2881,富邦金,30,10,20,台中銀-員林,2024-05-10,6114
3501,維熹,19,0,19,台中銀-員林,2024-05-10,6114
2882,國泰金,50,32,18,台中銀-員林,2024-05-10,6114
2359,所羅門,33,16,17,台中銀-員林,2024-05-10,6114
00877,復華中國5G,15,0,15,台中銀-員林,2024-05-10,6114
00939,統一台灣高息動能,17,2,15,台中銀-員林,2024-05-10,6114
3631,晟楠,13,0,13,台中銀-員林,2024-05-10,6114
2892,第一金,22,9,13,台中銀-員林,2024-05-10,6114
1609,大亞,20,8,12,台中銀-員林,2024-05-10,6114
2109,華豐,12,0,12,台中銀-員林,2024-05-10,6114
3228,金麗科,12,0,12,台中銀-員林,2024-05-10,6114
00733,富邦臺灣中小,11,0,11,台中銀-員林,2024-05-10,6114
2472,立隆電,27,16,11,台中銀-員林,2024-05-10,6114
4562,穎漢,12,1,11,台中銀-員林,2024-05-10,6114
5521,工信,11,0,11,台中銀-員林,2024-05-10,6114
6274,台燿,11,0,11,台中銀-員林,2024-05-10,6114
9958,世紀鋼,12,1,11,台中銀-員林,2024-05-10,6114
1808,潤隆,10,0,10,台中銀-員林,2024-05-10,6114
00676R,富邦臺灣加權反1,10,0,10,台中銀-員林,2024-05-10,6114
2352,佳世達,10,0,10,台中銀-員林,2024-05-10,6114
6120,達運,10,0,10,台中銀-員林,2024-05-10,6114
8033,雷虎,11,1,10,台中銀-員林,2024-05-10,6114
3056,富華新,18,9,9,台中銀-員林,2024-05-10,6114
6789,采鈺,9,0,9,台中銀-員林,2024-05-10,6114
2388,威盛,9,1,8,台中銀-員林,2024-05-10,6114
4909,新復興,8,0,8,台中銀-員林,2024-05-10,6114
00919,群益台灣精選高息,9,1,8,台中銀-員林,2024-05-10,6114
2601,益航,13,5,8,台中銀-員林,2024-05-10,6114
2605,新興,20,12,8,台中銀-員林,2024-05-10,6114
2731,雄獅,22,14,8,台中銀-員林,2024-05-10,6114
3025,星通,8,0,8,台中銀-員林,2024-05-10,6114
2891,中信金,83,2,81,台中銀-員林,2024-05-13,6114
00929,復華台灣科技優息,72,5,67,台中銀-員林,2024-05-13,6114
2888,新光金,67,2,65,台中銀-員林,2024-05-13,6114
2611,志信,69,7,62,台中銀-員林,2024-05-13,6114
00937B,群益ESG投等債20,93,36,57,台中銀-員林,2024-05-13,6114
1522,堤維西,105,48,57,台中銀-員林,2024-05-13,6114
2516,新建,57,0,57,台中銀-員林,2024-05-13,6114
9945,潤泰新,69,17,52,台中銀-員林,2024-05-13,6114
1513,中興電,47,10,37,台中銀-員林,2024-05-13,6114
00679B,元大美債20年,32,0,32,台中銀-員林,2024-05-13,6114
2617,台航,33,2,31,台中銀-員林,2024-05-13,6114
2547,日勝生,61,37,24,台中銀-員林,2024-05-13,6114
3231,緯創,25,2,23,台中銀-員林,2024-05-13,6114
6016,康和證,23,0,23,台中銀-員林,2024-05-13,6114
2534,宏盛,21,0,21,台中銀-員林,2024-05-13,6114
00909,國泰數位支付服務,21,0,21,台中銀-員林,2024-05-13,6114
1708,東鹼,22,2,20,台中銀-員林,2024-05-13,6114
2115,六暉-KY,28,8,20,台中銀-員林,2024-05-13,6114
3189,景碩,20,0,20,台中銀-員林,2024-05-13,6114
4989,榮科,19,0,19,台中銀-員林,2024-05-13,6114
2641,正德,38,21,17,台中銀-員林,2024-05-13,6114
2313,華通,15,0,15,台中銀-員林,2024-05-13,6114
2636,台驊控股,15,0,15,台中銀-員林,2024-05-13,6114
2820,華票,15,0,15,台中銀-員林,2024-05-13,6114
8110,華東,13,0,13,台中銀-員林,2024-05-13,6114
3481,群創,15,3,12,台中銀-員林,2024-05-13,6114
8033,雷虎,12,0,12,台中銀-員林,2024-05-13,6114
3005,神基,12,0,12,台中銀-員林,2024-05-13,6114
6207,雷科,16,4,12,台中銀-員林,2024-05-13,6114
5521,工信,15,4,11,台中銀-員林,2024-05-13,6114
00676R,富邦臺灣加權反1,10,0,10,台中銀-員林,2024-05-13,6114
00730,富邦臺灣優質高息,10,0,10,台中銀-員林,2024-05-13,6114
00902,中信電池及儲能,10,0,10,台中銀-員林,2024-05-13,6114
00891,中信關鍵半導體,10,0,10,台中銀-員林,2024-05-13,6114
00946,群益科技高息成長,12,2,10,台中銀-員林,2024-05-13,6114
1316,上曜,22,12,10,台中銀-員林,2024-05-13,6114
1516,川飛,10,0,10,台中銀-員林,2024-05-13,6114
3390,旭軟,10,0,10,台中銀-員林,2024-05-13,6114
6120,達運,10,0,10,台中銀-員林,2024-05-13,6114
6248,沛波,10,0,10,台中銀-員林,2024-05-13,6114
2615,萬海,41,32,9,台中銀-員林,2024-05-13,6114
1303,南亞,10,1,9,台中銀-員林,2024-05-13,6114
4155,訊映,9,0,9,台中銀-員林,2024-05-13,6114
5210,寶碩,9,0,9,台中銀-員林,2024-05-13,6114
6446,藥華藥,10,1,9,台中銀-員林,2024-05-13,6114
8097,常珵,9,0,9,台中銀-員林,2024-05-13,6114
2605,新興,43,35,8,台中銀-員林,2024-05-13,6114
3631,晟楠,8,0,8,台中銀-員林,2024-05-13,6114
4160,訊聯基因,8,0,8,台中銀-員林,2024-05-13,6114
6175,立敦,10,2,8,台中銀-員林,2024-05-13,6114
00919,群益台灣精選高息,205,16,189,台中銀-員林,2024-05-14,6114
3163,波若威,101,2,99,台中銀-員林,2024-05-14,6114
2371,大同,60,5,55,台中銀-員林,2024-05-14,6114
1722,台肥,47,0,47,台中銀-員林,2024-05-14,6114
00937B,群益ESG投等債20,51,6,45,台中銀-員林,2024-05-14,6114
1314,中石化,41,0,41,台中銀-員林,2024-05-14,6114
2615,萬海,210,175,35,台中銀-員林,2024-05-14,6114
6220,岳豐,30,0,30,台中銀-員林,2024-05-14,6114
2538,基泰,27,0,27,台中銀-員林,2024-05-14,6114
2363,矽統,53,28,25,台中銀-員林,2024-05-14,6114
00936,台新永續高息中小,25,0,25,台中銀-員林,2024-05-14,6114
2472,立隆電,33,12,21,台中銀-員林,2024-05-14,6114
00665L,富邦�琤肭磪囓�2,30,10,20,台中銀-員林,2024-05-14,6114
1536,和大,20,0,20,台中銀-員林,2024-05-14,6114
00891,中信關鍵半導體,20,2,18,台中銀-員林,2024-05-14,6114
6770,力積電,19,1,18,台中銀-員林,2024-05-14,6114
2609,陽明,300,283,17,台中銀-員林,2024-05-14,6114
2317,鴻海,43,26,17,台中銀-員林,2024-05-14,6114
2515,中工,20,3,17,台中銀-員林,2024-05-14,6114
2601,益航,18,1,17,台中銀-員林,2024-05-14,6114
00932,兆豐永續高息等權,16,0,16,台中銀-員林,2024-05-14,6114
1524,耿鼎,21,5,16,台中銀-員林,2024-05-14,6114
2342,茂矽,17,1,16,台中銀-員林,2024-05-14,6114
1598,岱宇,15,0,15,台中銀-員林,2024-05-14,6114
6116,彩晶,15,0,15,台中銀-員林,2024-05-14,6114
2534,宏盛,16,2,14,台中銀-員林,2024-05-14,6114
3038,全台,14,0,14,台中銀-員林,2024-05-14,6114
5706,鳳凰,13,0,13,台中銀-員林,2024-05-14,6114
5871,中租-KY,27,15,12,台中銀-員林,2024-05-14,6114
2014,中鴻,12,0,12,台中銀-員林,2024-05-14,6114
2731,雄獅,12,0,12,台中銀-員林,2024-05-14,6114
4160,訊聯基因,12,0,12,台中銀-員林,2024-05-14,6114
5251,天鉞電,12,0,12,台中銀-員林,2024-05-14,6114
3231,緯創,11,0,11,台中銀-員林,2024-05-14,6114
2482,連宇,25,14,11,台中銀-員林,2024-05-14,6114
3501,維熹,12,1,11,台中銀-員林,2024-05-14,6114
3576,聯合再生,11,0,11,台中銀-員林,2024-05-14,6114
3062,建漢,12,2,10,台中銀-員林,2024-05-14,6114
4106,雃博,10,0,10,台中銀-員林,2024-05-14,6114
5876,上海商銀,10,0,10,台中銀-員林,2024-05-14,6114
00878,國泰永續高股息,14,5,9,台中銀-員林,2024-05-14,6114
2038,海光,10,1,9,台中銀-員林,2024-05-14,6114
2409,友達,10,1,9,台中銀-員林,2024-05-14,6114
2637,慧洋-KY,10,1,9,台中銀-員林,2024-05-14,6114
3287,廣寰科,10,1,9,台中銀-員林,2024-05-14,6114
3631,晟楠,9,0,9,台中銀-員林,2024-05-14,6114
8473,山林水,10,1,9,台中銀-員林,2024-05-14,6114
6139,亞翔,9,1,8,台中銀-員林,2024-05-14,6114
1303,南亞,9,1,8,台中銀-員林,2024-05-14,6114
00933B,國泰10Y+金融債,8,0,8,台中銀-員林,2024-05-14,6114
3481,群創,1616,56,1560,台中銀-員林,2024-05-15,6114
00929,復華台灣科技優息,341,23,318,台中銀-員林,2024-05-15,6114
00632R,元大台灣50反1,210,0,210,台中銀-員林,2024-05-15,6114
00885,富邦越南,88,0,88,台中銀-員林,2024-05-15,6114
00680L,元大美債20正2,100,18,82,台中銀-員林,2024-05-15,6114
1522,堤維西,97,26,71,台中銀-員林,2024-05-15,6114
6770,力積電,67,0,67,台中銀-員林,2024-05-15,6114
8110,華東,72,10,62,台中銀-員林,2024-05-15,6114
2356,英業達,70,13,57,台中銀-員林,2024-05-15,6114
2027,大成鋼,52,0,52,台中銀-員林,2024-05-15,6114
3047,訊舟,98,63,35,台中銀-員林,2024-05-15,6114
3576,聯合再生,45,10,35,台中銀-員林,2024-05-15,6114
00919,群益台灣精選高息,39,5,34,台中銀-員林,2024-05-15,6114
2367,燿華,86,55,31,台中銀-員林,2024-05-15,6114
6215,和椿,59,28,31,台中銀-員林,2024-05-15,6114
00932,兆豐永續高息等權,30,0,30,台中銀-員林,2024-05-15,6114
00679B,元大美債20年,27,1,26,台中銀-員林,2024-05-15,6114
00946,群益科技高息成長,26,0,26,台中銀-員林,2024-05-15,6114
2406,國碩,27,1,26,台中銀-員林,2024-05-15,6114
2515,中工,29,3,26,台中銀-員林,2024-05-15,6114
00937B,群益ESG投等債20,71,46,25,台中銀-員林,2024-05-15,6114
00927,群益半導體收益,25,2,23,台中銀-員林,2024-05-15,6114
00676R,富邦臺灣加權反1,20,0,20,台中銀-員林,2024-05-15,6114
00665L,富邦�琤肭磪囓�2,20,0,20,台中銀-員林,2024-05-15,6114
2855,統一證,20,0,20,台中銀-員林,2024-05-15,6114
4906,正文,20,0,20,台中銀-員林,2024-05-15,6114
4716,大立,18,0,18,台中銀-員林,2024-05-15,6114
2472,立隆電,27,12,15,台中銀-員林,2024-05-15,6114
1616,億泰,15,0,15,台中銀-員林,2024-05-15,6114
8092,建暐,15,0,15,台中銀-員林,2024-05-15,6114
2323,中環,24,10,14,台中銀-員林,2024-05-15,6114
3501,維熹,25,11,14,台中銀-員林,2024-05-15,6114
2812,台中銀,16,2,14,台中銀-員林,2024-05-15,6114
2601,益航,13,0,13,台中銀-員林,2024-05-15,6114
5608,四維航,14,1,13,台中銀-員林,2024-05-15,6114
5871,中租-KY,14,2,12,台中銀-員林,2024-05-15,6114
1314,中石化,18,6,12,台中銀-員林,2024-05-15,6114
2241,艾姆勒,14,2,12,台中銀-員林,2024-05-15,6114
3050,鈺德,12,0,12,台中銀-員林,2024-05-15,6114
2605,新興,15,3,12,台中銀-員林,2024-05-15,6114
2353,宏��,50,40,10,台中銀-員林,2024-05-15,6114
00900,富邦特選高股息30,10,0,10,台中銀-員林,2024-05-15,6114
2889,國票金,10,1,9,台中銀-員林,2024-05-15,6114
3362,先進光,10,1,9,台中銀-員林,2024-05-15,6114
5392,能率,10,1,9,台中銀-員林,2024-05-15,6114
6116,彩晶,9,0,9,台中銀-員林,2024-05-15,6114
00650L,復華香港正2,8,0,8,台中銀-員林,2024-05-15,6114
1612,宏泰,14,6,8,台中銀-員林,2024-05-15,6114
3679,新至陞,8,0,8,台中銀-員林,2024-05-15,6114
9907,統一實,8,0,8,台中銀-員林,2024-05-15,6114
3481,群創,506,94,412,台中銀-員林,2024-05-16,6114
00680L,元大美債20正2,465,100,365,台中銀-員林,2024-05-16,6114
00679B,元大美債20年,102,5,97,台中銀-員林,2024-05-16,6114
00664R,國泰臺灣加權反1,89,0,89,台中銀-員林,2024-05-16,6114
2609,陽明,234,154,80,台中銀-員林,2024-05-16,6114
00795B,中信美國公債20年,60,6,54,台中銀-員林,2024-05-16,6114
00878,國泰永續高股息,67,17,50,台中銀-員林,2024-05-16,6114
2889,國票金,35,1,34,台中銀-員林,2024-05-16,6114
2356,英業達,35,1,34,台中銀-員林,2024-05-16,6114
2359,所羅門,88,55,33,台中銀-員林,2024-05-16,6114
00637L,元大滬深300正2,131,101,30,台中銀-員林,2024-05-16,6114
2753,八方雲集,27,0,27,台中銀-員林,2024-05-16,6114
6425,易發,26,1,25,台中銀-員林,2024-05-16,6114
2382,廣達,50,25,25,台中銀-員林,2024-05-16,6114
3231,緯創,27,5,22,台中銀-員林,2024-05-16,6114
00934,中信成長高股息,21,0,21,台中銀-員林,2024-05-16,6114
1312,國喬,21,0,21,台中銀-員林,2024-05-16,6114
2834,臺企銀,24,4,20,台中銀-員林,2024-05-16,6114
1326,台化,18,0,18,台中銀-員林,2024-05-16,6114
4562,穎漢,18,0,18,台中銀-員林,2024-05-16,6114
2371,大同,23,5,18,台中銀-員林,2024-05-16,6114
2882,國泰金,25,8,17,台中銀-員林,2024-05-16,6114
3363,上詮,35,18,17,台中銀-員林,2024-05-16,6114
1417,嘉裕,15,0,15,台中銀-員林,2024-05-16,6114
1447,力鵬,20,5,15,台中銀-員林,2024-05-16,6114
1524,耿鼎,15,2,13,台中銀-員林,2024-05-16,6114
2915,潤泰全,17,4,13,台中銀-員林,2024-05-16,6114
5469,瀚宇博,13,0,13,台中銀-員林,2024-05-16,6114
2314,台揚,12,0,12,台中銀-員林,2024-05-16,6114
2329,華泰,20,8,12,台中銀-員林,2024-05-16,6114
6451,訊芯-KY,18,6,12,台中銀-員林,2024-05-16,6114
00929,復華台灣科技優息,16,4,12,台中銀-員林,2024-05-16,6114
2101,南港,13,2,11,台中銀-員林,2024-05-16,6114
2476,鉅祥,13,2,11,台中銀-員林,2024-05-16,6114
2852,第一保,11,0,11,台中銀-員林,2024-05-16,6114
5521,工信,15,4,11,台中銀-員林,2024-05-16,6114
1609,大亞,14,3,11,台中銀-員林,2024-05-16,6114
00897,富邦基因免疫生技,10,0,10,台中銀-員林,2024-05-16,6114
1584,精剛,10,0,10,台中銀-員林,2024-05-16,6114
5309,系統電,10,0,10,台中銀-員林,2024-05-16,6114
5498,凱崴,10,0,10,台中銀-員林,2024-05-16,6114
1708,東鹼,13,4,9,台中銀-員林,2024-05-16,6114
3052,夆典,10,1,9,台中銀-員林,2024-05-16,6114
6005,群益證,11,2,9,台中銀-員林,2024-05-16,6114
00690,兆豐藍籌30,8,0,8,台中銀-員林,2024-05-16,6114
3312,弘憶股,8,0,8,台中銀-員林,2024-05-16,6114
4155,訊映,10,2,8,台中銀-員林,2024-05-16,6114
5351,鈺創,13,5,8,台中銀-員林,2024-05-16,6114
5871,中租-KY,8,0,8,台中銀-員林,2024-05-16,6114
2009,第一銅,24,17,7,台中銀-員林,2024-05-16,6114
3481,群創,1822,1,1821,台中銀-員林,2024-05-17,6114
2017,官田鋼,220,5,215,台中銀-員林,2024-05-17,6114
00929,復華台灣科技優息,87,2,85,台中銀-員林,2024-05-17,6114
2610,華航,147,85,62,台中銀-員林,2024-05-17,6114
00878,國泰永續高股息,60,8,52,台中銀-員林,2024-05-17,6114
2374,佳能,151,100,51,台中銀-員林,2024-05-17,6114
2618,長榮航,89,45,44,台中銀-員林,2024-05-17,6114
2317,鴻海,59,18,41,台中銀-員林,2024-05-17,6114
00937B,群益ESG投等債20,145,105,40,台中銀-員林,2024-05-17,6114
2367,燿華,128,90,38,台中銀-員林,2024-05-17,6114
00940,元大台灣價值高息,36,0,36,台中銀-員林,2024-05-17,6114
2605,新興,63,29,34,台中銀-員林,2024-05-17,6114
00680L,元大美債20正2,32,0,32,台中銀-員林,2024-05-17,6114
2356,英業達,32,4,28,台中銀-員林,2024-05-17,6114
6472,保瑞,31,3,28,台中銀-員林,2024-05-17,6114
00679B,元大美債20年,24,0,24,台中銀-員林,2024-05-17,6114
3231,緯創,30,6,24,台中銀-員林,2024-05-17,6114
2472,立隆電,28,4,24,台中銀-員林,2024-05-17,6114
2101,南港,22,0,22,台中銀-員林,2024-05-17,6114
1515,力山,21,0,21,台中銀-員林,2024-05-17,6114
5483,中美晶,20,0,20,台中銀-員林,2024-05-17,6114
00945B,凱基美國非投等債,20,0,20,台中銀-員林,2024-05-17,6114
2417,圓剛,29,9,20,台中銀-員林,2024-05-17,6114
3060,銘異,90,70,20,台中銀-員林,2024-05-17,6114
3362,先進光,20,1,19,台中銀-員林,2024-05-17,6114
1303,南亞,20,1,19,台中銀-員林,2024-05-17,6114
2312,金寶,19,0,19,台中銀-員林,2024-05-17,6114
3050,鈺德,20,1,19,台中銀-員林,2024-05-17,6114
00919,群益台灣精選高息,19,0,19,台中銀-員林,2024-05-17,6114
2641,正德,20,2,18,台中銀-員林,2024-05-17,6114
1227,佳格,17,0,17,台中銀-員林,2024-05-17,6114
2363,矽統,73,57,16,台中銀-員林,2024-05-17,6114
00706L,期元大S＆P日圓正2,15,0,15,台中銀-員林,2024-05-17,6114
1587,吉茂,27,12,15,台中銀-員林,2024-05-17,6114
1781,合世,15,0,15,台中銀-員林,2024-05-17,6114
3059,華晶科,27,12,15,台中銀-員林,2024-05-17,6114
6120,達運,15,0,15,台中銀-員林,2024-05-17,6114
2070,精湛,14,0,14,台中銀-員林,2024-05-17,6114
2352,佳世達,15,1,14,台中銀-員林,2024-05-17,6114
6265,方土昶,13,0,13,台中銀-員林,2024-05-17,6114
00635U,期元大S＆P黃金,12,0,12,台中銀-員林,2024-05-17,6114
1314,中石化,13,1,12,台中銀-員林,2024-05-17,6114
0056,元大高股息,13,3,10,台中銀-員林,2024-05-17,6114
2511,太子,13,3,10,台中銀-員林,2024-05-17,6114
3234,光環,10,0,10,台中銀-員林,2024-05-17,6114
4716,大立,10,0,10,台中銀-員林,2024-05-17,6114
4744,皇將,10,0,10,台中銀-員林,2024-05-17,6114
5469,瀚宇博,10,0,10,台中銀-員林,2024-05-17,6114
912000,晨訊科-DR,10,0,10,台中銀-員林,2024-05-17,6114
5512,力麒,10,1,9,台中銀-員林,2024-05-17,6114
3481,群創,206,8,198,台中銀-員林,2024-05-20,6114
00940,元大台灣價值高息,173,18,155,台中銀-員林,2024-05-20,6114
00929,復華台灣科技優息,154,16,138,台中銀-員林,2024-05-20,6114
2834,臺企銀,106,0,106,台中銀-員林,2024-05-20,6114
2027,大成鋼,191,98,93,台中銀-員林,2024-05-20,6114
00885,富邦越南,81,0,81,台中銀-員林,2024-05-20,6114
00680L,元大美債20正2,56,0,56,台中銀-員林,2024-05-20,6114
2317,鴻海,70,16,54,台中銀-員林,2024-05-20,6114
2363,矽統,74,22,52,台中銀-員林,2024-05-20,6114
2610,華航,75,39,36,台中銀-員林,2024-05-20,6114
2882,國泰金,39,5,34,台中銀-員林,2024-05-20,6114
00635U,期元大S＆P黃金,33,1,32,台中銀-員林,2024-05-20,6114
2359,所羅門,52,26,26,台中銀-員林,2024-05-20,6114
3686,達能,23,0,23,台中銀-員林,2024-05-20,6114
00891,中信關鍵半導體,22,0,22,台中銀-員林,2024-05-20,6114
6770,力積電,26,4,22,台中銀-員林,2024-05-20,6114
00927,群益半導體收益,20,0,20,台中銀-員林,2024-05-20,6114
3707,漢磊,20,0,20,台中銀-員林,2024-05-20,6114
9105,泰金寶-DR,20,0,20,台中銀-員林,2024-05-20,6114
6269,台郡,18,0,18,台中銀-員林,2024-05-20,6114
2618,長榮航,73,55,18,台中銀-員林,2024-05-20,6114
5392,能率,49,32,17,台中銀-員林,2024-05-20,6114
2467,志聖,15,0,15,台中銀-員林,2024-05-20,6114
1316,上曜,15,0,15,台中銀-員林,2024-05-20,6114
1539,巨庭,15,0,15,台中銀-員林,2024-05-20,6114
6125,廣運,57,42,15,台中銀-員林,2024-05-20,6114
8028,昇陽半導體,15,1,14,台中銀-員林,2024-05-20,6114
2515,中工,13,0,13,台中銀-員林,2024-05-20,6114
00934,中信成長高股息,13,0,13,台中銀-員林,2024-05-20,6114
1447,力鵬,44,31,13,台中銀-員林,2024-05-20,6114
3231,緯創,14,1,13,台中銀-員林,2024-05-20,6114
2881,富邦金,12,0,12,台中銀-員林,2024-05-20,6114
5009,榮剛,18,6,12,台中銀-員林,2024-05-20,6114
8150,南茂,12,0,12,台中銀-員林,2024-05-20,6114
2354,鴻準,11,0,11,台中銀-員林,2024-05-20,6114
1309,台達化,10,0,10,台中銀-員林,2024-05-20,6114
1446,宏和,15,5,10,台中銀-員林,2024-05-20,6114
2031,新光鋼,10,0,10,台中銀-員林,2024-05-20,6114
2472,立隆電,10,0,10,台中銀-員林,2024-05-20,6114
3052,夆典,10,0,10,台中銀-員林,2024-05-20,6114
4142,國光生,10,0,10,台中銀-員林,2024-05-20,6114
4903,聯光通,11,1,10,台中銀-員林,2024-05-20,6114
6244,茂迪,10,0,10,台中銀-員林,2024-05-20,6114
6425,易發,10,0,10,台中銀-員林,2024-05-20,6114
6579,研揚,11,1,10,台中銀-員林,2024-05-20,6114
8383,千附,10,0,10,台中銀-員林,2024-05-20,6114
8906,花王,10,0,10,台中銀-員林,2024-05-20,6114
2374,佳能,80,70,10,台中銀-員林,2024-05-20,6114
2362,藍天,29,20,9,台中銀-員林,2024-05-20,6114
3060,銘異,26,17,9,台中銀-員林,2024-05-20,6114
3481,群創,807,0,807,台中銀-員林,2024-05-21,6114
2007,燁興,132,4,128,台中銀-員林,2024-05-21,6114
2329,華泰,112,10,102,台中銀-員林,2024-05-21,6114
1605,華新,99,13,86,台中銀-員林,2024-05-21,6114
2027,大成鋼,87,4,83,台中銀-員林,2024-05-21,6114
4533,協易機,101,31,70,台中銀-員林,2024-05-21,6114
2022,聚亨,67,0,67,台中銀-員林,2024-05-21,6114
00665L,富邦�琤肭磪囓�2,60,0,60,台中銀-員林,2024-05-21,6114
2610,華航,68,14,54,台中銀-員林,2024-05-21,6114
2442,新美齊,54,0,54,台中銀-員林,2024-05-21,6114
00937B,群益ESG投等債20,55,2,53,台中銀-員林,2024-05-21,6114
2367,燿華,115,70,45,台中銀-員林,2024-05-21,6114
2374,佳能,94,52,42,台中銀-員林,2024-05-21,6114
2834,臺企銀,42,0,42,台中銀-員林,2024-05-21,6114
2891,中信金,41,0,41,台中銀-員林,2024-05-21,6114
1460,宏遠,40,0,40,台中銀-員林,2024-05-21,6114
1314,中石化,35,1,34,台中銀-員林,2024-05-21,6114
2867,三商壽,45,11,34,台中銀-員林,2024-05-21,6114
1101,台泥,33,0,33,台中銀-員林,2024-05-21,6114
2820,華票,30,0,30,台中銀-員林,2024-05-21,6114
3707,漢磊,30,0,30,台中銀-員林,2024-05-21,6114
1326,台化,29,0,29,台中銀-員林,2024-05-21,6114
00878,國泰永續高股息,29,2,27,台中銀-員林,2024-05-21,6114
2409,友達,26,0,26,台中銀-員林,2024-05-21,6114
1708,東鹼,25,0,25,台中銀-員林,2024-05-21,6114
00687B,國泰20年美債,26,1,25,台中銀-員林,2024-05-21,6114
8050,廣積,30,6,24,台中銀-員林,2024-05-21,6114
00929,復華台灣科技優息,73,50,23,台中銀-員林,2024-05-21,6114
2323,中環,23,0,23,台中銀-員林,2024-05-21,6114
2618,長榮航,46,24,22,台中銀-員林,2024-05-21,6114
2890,永豐金,23,1,22,台中銀-員林,2024-05-21,6114
5512,力麒,22,0,22,台中銀-員林,2024-05-21,6114
5475,德宏,21,0,21,台中銀-員林,2024-05-21,6114
1909,榮成,20,0,20,台中銀-員林,2024-05-21,6114
3033,威健,23,3,20,台中銀-員林,2024-05-21,6114
5392,能率,36,16,20,台中銀-員林,2024-05-21,6114
1303,南亞,19,0,19,台中銀-員林,2024-05-21,6114
2317,鴻海,24,6,18,台中銀-員林,2024-05-21,6114
00919,群益台灣精選高息,16,0,16,台中銀-員林,2024-05-21,6114
2605,新興,23,8,15,台中銀-員林,2024-05-21,6114
2888,新光金,15,0,15,台中銀-員林,2024-05-21,6114
1609,大亞,24,11,13,台中銀-員林,2024-05-21,6114
00927,群益半導體收益,13,0,13,台中銀-員林,2024-05-21,6114
2611,志信,13,0,13,台中銀-員林,2024-05-21,6114
3356,奇偶,15,2,13,台中銀-員林,2024-05-21,6114
6215,和椿,15,2,13,台中銀-員林,2024-05-21,6114
6125,廣運,57,45,12,台中銀-員林,2024-05-21,6114
2402,毅嘉,12,0,12,台中銀-員林,2024-05-21,6114
2484,希華,12,0,12,台中銀-員林,2024-05-21,6114
3189,景碩,12,0,12,台中銀-員林,2024-05-21,6114
8011,台通,104,0,104,台中銀-員林,2024-05-22,6114
2009,第一銅,139,38,101,台中銀-員林,2024-05-22,6114
00632R,元大台灣50反1,100,0,100,台中銀-員林,2024-05-22,6114
2367,燿華,81,25,56,台中銀-員林,2024-05-22,6114
3047,訊舟,49,2,47,台中銀-員林,2024-05-22,6114
2618,長榮航,75,29,46,台中銀-員林,2024-05-22,6114
6209,今國光,71,31,40,台中銀-員林,2024-05-22,6114
2483,百容,39,0,39,台中銀-員林,2024-05-22,6114
2464,盟立,66,31,35,台中銀-員林,2024-05-22,6114
2303,聯電,110,77,33,台中銀-員林,2024-05-22,6114
2002,中鋼,33,1,32,台中銀-員林,2024-05-22,6114
2241,艾姆勒,36,6,30,台中銀-員林,2024-05-22,6114
8403,盛弘,30,0,30,台中銀-員林,2024-05-22,6114
6271,同欣電,29,1,28,台中銀-員林,2024-05-22,6114
2354,鴻準,30,4,26,台中銀-員林,2024-05-22,6114
00937B,群益ESG投等債20,25,0,25,台中銀-員林,2024-05-22,6114
2359,所羅門,40,17,23,台中銀-員林,2024-05-22,6114
00665L,富邦�琤肭磪囓�2,23,0,23,台中銀-員林,2024-05-22,6114
00679B,元大美債20年,33,10,23,台中銀-員林,2024-05-22,6114
2890,永豐金,22,0,22,台中銀-員林,2024-05-22,6114
2352,佳世達,21,0,21,台中銀-員林,2024-05-22,6114
3540,曜越,23,2,21,台中銀-員林,2024-05-22,6114
00676R,富邦臺灣加權反1,20,0,20,台中銀-員林,2024-05-22,6114
2393,億光,20,0,20,台中銀-員林,2024-05-22,6114
2883B,凱基金乙特,20,0,20,台中銀-員林,2024-05-22,6114
8092,建暐,20,1,19,台中銀-員林,2024-05-22,6114
2472,立隆電,18,0,18,台中銀-員林,2024-05-22,6114
3036,文曄,17,0,17,台中銀-員林,2024-05-22,6114
1314,中石化,20,3,17,台中銀-員林,2024-05-22,6114
3013,晟銘電,68,52,16,台中銀-員林,2024-05-22,6114
3189,景碩,16,0,16,台中銀-員林,2024-05-22,6114
3260,威剛,16,0,16,台中銀-員林,2024-05-22,6114
00712,復華富時不動產,15,0,15,台中銀-員林,2024-05-22,6114
6470,宇智,15,0,15,台中銀-員林,2024-05-22,6114
8050,廣積,15,0,15,台中銀-員林,2024-05-22,6114
8064,東捷,24,9,15,台中銀-員林,2024-05-22,6114
8110,華東,17,2,15,台中銀-員林,2024-05-22,6114
1809,中釉,22,8,14,台中銀-員林,2024-05-22,6114
8071,能率網通,23,9,14,台中銀-員林,2024-05-22,6114
8112,至上,19,5,14,台中銀-員林,2024-05-22,6114
00885,富邦越南,13,0,13,台中銀-員林,2024-05-22,6114
1303,南亞,13,0,13,台中銀-員林,2024-05-22,6114
1316,上曜,12,0,12,台中銀-員林,2024-05-22,6114
00940,元大台灣價值高息,24,12,12,台中銀-員林,2024-05-22,6114
2486,一詮,28,17,11,台中銀-員林,2024-05-22,6114
2634,漢翔,11,0,11,台中銀-員林,2024-05-22,6114
00715L,期街口布蘭特正2,16,5,11,台中銀-員林,2024-05-22,6114
9105,泰金寶-DR,11,0,11,台中銀-員林,2024-05-22,6114
1605,華新,16,6,10,台中銀-員林,2024-05-22,6114
8070,長華*,10,0,10,台中銀-員林,2024-05-22,6114
1609,大亞,241,3,238,台中銀-員林,2024-05-23,6114
2331,精英,84,1,83,台中銀-員林,2024-05-23,6114
00664R,國泰臺灣加權反1,61,0,61,台中銀-員林,2024-05-23,6114
3481,群創,313,263,50,台中銀-員林,2024-05-23,6114
8105,凌巨,50,0,50,台中銀-員林,2024-05-23,6114
2520,冠德,44,1,43,台中銀-員林,2024-05-23,6114
00946,群益科技高息成長,41,3,38,台中銀-員林,2024-05-23,6114
1326,台化,37,0,37,台中銀-員林,2024-05-23,6114
00919,群益台灣精選高息,41,6,35,台中銀-員林,2024-05-23,6114
2409,友達,36,2,34,台中銀-員林,2024-05-23,6114
1303,南亞,32,0,32,台中銀-員林,2024-05-23,6114
8011,台通,32,0,32,台中銀-員林,2024-05-23,6114
00937B,群益ESG投等債20,31,0,31,台中銀-員林,2024-05-23,6114
2812,台中銀,31,0,31,台中銀-員林,2024-05-23,6114
1314,中石化,25,0,25,台中銀-員林,2024-05-23,6114
2313,華通,30,5,25,台中銀-員林,2024-05-23,6114
2324,仁寶,32,7,25,台中銀-員林,2024-05-23,6114
9935,慶豐富,25,0,25,台中銀-員林,2024-05-23,6114
2483,百容,25,1,24,台中銀-員林,2024-05-23,6114
3013,晟銘電,57,33,24,台中銀-員林,2024-05-23,6114
5251,天鉞電,36,14,22,台中銀-員林,2024-05-23,6114
2887,台新金,21,0,21,台中銀-員林,2024-05-23,6114
6770,力積電,27,6,21,台中銀-員林,2024-05-23,6114
4533,協易機,32,11,21,台中銀-員林,2024-05-23,6114
2834,臺企銀,21,0,21,台中銀-員林,2024-05-23,6114
2002,中鋼,21,1,20,台中銀-員林,2024-05-23,6114
4420,光明,20,0,20,台中銀-員林,2024-05-23,6114
4989,榮科,19,0,19,台中銀-員林,2024-05-23,6114
1605,華新,20,1,19,台中銀-員林,2024-05-23,6114
5512,力麒,19,0,19,台中銀-員林,2024-05-23,6114
2464,盟立,170,152,18,台中銀-員林,2024-05-23,6114
3056,富華新,18,0,18,台中銀-員林,2024-05-23,6114
1460,宏遠,18,0,18,台中銀-員林,2024-05-23,6114
3520,華盈,18,0,18,台中銀-員林,2024-05-23,6114
2371,大同,44,26,18,台中銀-員林,2024-05-23,6114
1536,和大,17,0,17,台中銀-員林,2024-05-23,6114
2367,燿華,48,31,17,台中銀-員林,2024-05-23,6114
2605,新興,18,1,17,台中銀-員林,2024-05-23,6114
3483,力致,30,13,17,台中銀-員林,2024-05-23,6114
2516,新建,16,0,16,台中銀-員林,2024-05-23,6114
3059,華晶科,18,2,16,台中銀-員林,2024-05-23,6114
8070,長華*,17,1,16,台中銀-員林,2024-05-23,6114
8071,能率網通,20,4,16,台中銀-員林,2024-05-23,6114
1522,堤維西,16,1,15,台中銀-員林,2024-05-23,6114
00665L,富邦�琤肭磪囓�2,25,10,15,台中銀-員林,2024-05-23,6114
00632R,元大台灣50反1,15,0,15,台中銀-員林,2024-05-23,6114
2442,新美齊,15,0,15,台中銀-員林,2024-05-23,6114
00878,國泰永續高股息,23,8,15,台中銀-員林,2024-05-23,6114
1316,上曜,16,2,14,台中銀-員林,2024-05-23,6114
00936,台新永續高息中小,14,0,14,台中銀-員林,2024-05-23,6114
00937B,群益ESG投等債20,139,1,138,台中銀-員林,2024-05-24,6114
00929,復華台灣科技優息,113,16,97,台中銀-員林,2024-05-24,6114
3450,聯鈞,101,12,89,台中銀-員林,2024-05-24,6114
2483,百容,86,1,85,台中銀-員林,2024-05-24,6114
00712,復華富時不動產,83,5,78,台中銀-員林,2024-05-24,6114
3706,神達,88,12,76,台中銀-員林,2024-05-24,6114
1303,南亞,49,0,49,台中銀-員林,2024-05-24,6114
2609,陽明,73,31,42,台中銀-員林,2024-05-24,6114
2301,光寶科,52,13,39,台中銀-員林,2024-05-24,6114
8011,台通,37,0,37,台中銀-員林,2024-05-24,6114
3338,泰碩,63,28,35,台中銀-員林,2024-05-24,6114
1101,台泥,34,0,34,台中銀-員林,2024-05-24,6114
2002,中鋼,33,0,33,台中銀-員林,2024-05-24,6114
2353,宏��,128,96,32,台中銀-員林,2024-05-24,6114
6209,今國光,35,3,32,台中銀-員林,2024-05-24,6114
6125,廣運,112,87,25,台中銀-員林,2024-05-24,6114
2891,中信金,23,0,23,台中銀-員林,2024-05-24,6114
8110,華東,24,1,23,台中銀-員林,2024-05-24,6114
2409,友達,24,1,23,台中銀-員林,2024-05-24,6114
2618,長榮航,38,16,22,台中銀-員林,2024-05-24,6114
2888,新光金,21,0,21,台中銀-員林,2024-05-24,6114
2359,所羅門,41,20,21,台中銀-員林,2024-05-24,6114
00753L,中信中國50正2,29,9,20,台中銀-員林,2024-05-24,6114
2820,華票,21,1,20,台中銀-員林,2024-05-24,6114
3060,銘異,28,11,17,台中銀-員林,2024-05-24,6114
1563,巧新,15,0,15,台中銀-員林,2024-05-24,6114
1799,易威,15,0,15,台中銀-員林,2024-05-24,6114
6706,惠特,15,0,15,台中銀-員林,2024-05-24,6114
00919,群益台灣精選高息,31,17,14,台中銀-員林,2024-05-24,6114
1314,中石化,36,22,14,台中銀-員林,2024-05-24,6114
4979,華星光,30,16,14,台中銀-員林,2024-05-24,6114
2489,瑞軒,52,39,13,台中銀-員林,2024-05-24,6114
2615,萬海,28,16,12,台中銀-員林,2024-05-24,6114
2313,華通,14,3,11,台中銀-員林,2024-05-24,6114
2308,台達電,12,1,11,台中銀-員林,2024-05-24,6114
2369,菱生,31,20,11,台中銀-員林,2024-05-24,6114
2867,三商壽,33,22,11,台中銀-員林,2024-05-24,6114
9910,豐泰,11,0,11,台中銀-員林,2024-05-24,6114
2330,台積電,10,0,10,台中銀-員林,2024-05-24,6114
00632R,元大台灣50反1,10,0,10,台中銀-員林,2024-05-24,6114
00665L,富邦�琤肭磪囓�2,10,0,10,台中銀-員林,2024-05-24,6114
00918,大華優利高填息30,10,0,10,台中銀-員林,2024-05-24,6114
1326,台化,10,0,10,台中銀-員林,2024-05-24,6114
1909,榮成,10,0,10,台中銀-員林,2024-05-24,6114
2017,官田鋼,10,0,10,台中銀-員林,2024-05-24,6114
2420,新巨,10,0,10,台中銀-員林,2024-05-24,6114
2637,慧洋-KY,10,0,10,台中銀-員林,2024-05-24,6114
2904,匯僑,10,0,10,台中銀-員林,2024-05-24,6114
3550,聯穎,10,0,10,台中銀-員林,2024-05-24,6114
6189,豐藝,10,0,10,台中銀-員林,2024-05-24,6114
3481,群創,422,66,356,台中銀-員林,2024-05-27,6114
1815,富喬,112,22,90,台中銀-員林,2024-05-27,6114
9105,泰金寶-DR,85,10,75,台中銀-員林,2024-05-27,6114
2002,中鋼,71,0,71,台中銀-員林,2024-05-27,6114
2331,精英,68,5,63,台中銀-員林,2024-05-27,6114
2889,國票金,60,0,60,台中銀-員林,2024-05-27,6114
2363,矽統,186,141,45,台中銀-員林,2024-05-27,6114
00946,群益科技高息成長,40,0,40,台中銀-員林,2024-05-27,6114
1314,中石化,40,4,36,台中銀-員林,2024-05-27,6114
00937B,群益ESG投等債20,35,2,33,台中銀-員林,2024-05-27,6114
00712,復華富時不動產,31,0,31,台中銀-員林,2024-05-27,6114
3013,晟銘電,115,86,29,台中銀-員林,2024-05-27,6114
2324,仁寶,48,19,29,台中銀-員林,2024-05-27,6114
2506,太設,28,0,28,台中銀-員林,2024-05-27,6114
3047,訊舟,32,6,26,台中銀-員林,2024-05-27,6114
3060,銘異,35,9,26,台中銀-員林,2024-05-27,6114
6160,欣技,24,0,24,台中銀-員林,2024-05-27,6114
6276,安鈦克,22,0,22,台中銀-員林,2024-05-27,6114
4420,光明,22,1,21,台中銀-員林,2024-05-27,6114
8028,昇陽半導體,45,24,21,台中銀-員林,2024-05-27,6114
6719,力智,20,0,20,台中銀-員林,2024-05-27,6114
2834,臺企銀,20,0,20,台中銀-員林,2024-05-27,6114
2009,第一銅,20,2,18,台中銀-員林,2024-05-27,6114
2352,佳世達,22,6,16,台中銀-員林,2024-05-27,6114
2438,翔耀,16,0,16,台中銀-員林,2024-05-27,6114
2495,普安,17,1,16,台中銀-員林,2024-05-27,6114
3055,蔚華科,51,35,16,台中銀-員林,2024-05-27,6114
1799,易威,15,0,15,台中銀-員林,2024-05-27,6114
1802,台玻,15,0,15,台中銀-員林,2024-05-27,6114
2367,燿華,24,9,15,台中銀-員林,2024-05-27,6114
2371,大同,26,12,14,台中銀-員林,2024-05-27,6114
1210,大成,15,1,14,台中銀-員林,2024-05-27,6114
5531,鄉林,14,0,14,台中銀-員林,2024-05-27,6114
8048,德勝,15,1,14,台中銀-員林,2024-05-27,6114
00934,中信成長高股息,23,10,13,台中銀-員林,2024-05-27,6114
4532,瑞智,13,0,13,台中銀-員林,2024-05-27,6114
6125,廣運,78,65,13,台中銀-員林,2024-05-27,6114
2812,台中銀,12,0,12,台中銀-員林,2024-05-27,6114
6005,群益證,12,0,12,台中銀-員林,2024-05-27,6114
00753L,中信中國50正2,31,20,11,台中銀-員林,2024-05-27,6114
00637L,元大滬深300正2,13,2,11,台中銀-員林,2024-05-27,6114
1326,台化,11,0,11,台中銀-員林,2024-05-27,6114
5498,凱崴,11,0,11,台中銀-員林,2024-05-27,6114
8011,台通,11,0,11,台中銀-員林,2024-05-27,6114
2890,永豐金,11,0,11,台中銀-員林,2024-05-27,6114
2454,聯發科,12,2,10,台中銀-員林,2024-05-27,6114
2633,台灣高鐵,10,0,10,台中銀-員林,2024-05-27,6114
00680L,元大美債20正2,10,0,10,台中銀-員林,2024-05-27,6114
00706L,期元大S＆P日圓正2,10,0,10,台中銀-員林,2024-05-27,6114
5864,致和證,10,0,10,台中銀-員林,2024-05-27,6114
3481,群創,415,4,411,台中銀-員林,2024-05-28,6114
00940,元大台灣價值高息,166,10,156,台中銀-員林,2024-05-28,6114
00931B,統一美債20年,101,0,101,台中銀-員林,2024-05-28,6114
2889,國票金,67,0,67,台中銀-員林,2024-05-28,6114
00937B,群益ESG投等債20,71,10,61,台中銀-員林,2024-05-28,6114
5521,工信,51,0,51,台中銀-員林,2024-05-28,6114
00664R,國泰臺灣加權反1,50,0,50,台中銀-員林,2024-05-28,6114
8064,東捷,71,26,45,台中銀-員林,2024-05-28,6114
2002,中鋼,44,2,42,台中銀-員林,2024-05-28,6114
00946,群益科技高息成長,40,0,40,台中銀-員林,2024-05-28,6114
2609,陽明,53,15,38,台中銀-員林,2024-05-28,6114
2354,鴻準,334,298,36,台中銀-員林,2024-05-28,6114
3231,緯創,79,44,35,台中銀-員林,2024-05-28,6114
2472,立隆電,36,1,35,台中銀-員林,2024-05-28,6114
2891,中信金,25,0,25,台中銀-員林,2024-05-28,6114
2603,長榮,24,2,22,台中銀-員林,2024-05-28,6114
1609,大亞,20,0,20,台中銀-員林,2024-05-28,6114
1312,國喬,20,1,19,台中銀-員林,2024-05-28,6114
5371,中光電,35,17,18,台中銀-員林,2024-05-28,6114
1303,南亞,22,5,17,台中銀-員林,2024-05-28,6114
00712,復華富時不動產,16,0,16,台中銀-員林,2024-05-28,6114
1210,大成,16,0,16,台中銀-員林,2024-05-28,6114
2369,菱生,30,14,16,台中銀-員林,2024-05-28,6114
00632R,元大台灣50反1,15,0,15,台中銀-員林,2024-05-28,6114
2401,凌陽,24,9,15,台中銀-員林,2024-05-28,6114
6284,佳邦,17,2,15,台中銀-員林,2024-05-28,6114
2313,華通,21,7,14,台中銀-員林,2024-05-28,6114
3450,聯鈞,35,22,13,台中銀-員林,2024-05-28,6114
00927,群益半導體收益,15,3,12,台中銀-員林,2024-05-28,6114
2371,大同,14,2,12,台中銀-員林,2024-05-28,6114
3631,晟楠,12,1,11,台中銀-員林,2024-05-28,6114
00687B,國泰20年美債,15,5,10,台中銀-員林,2024-05-28,6114
1326,台化,10,0,10,台中銀-員林,2024-05-28,6114
2478,大毅,10,0,10,台中銀-員林,2024-05-28,6114
2485,兆赫,10,0,10,台中銀-員林,2024-05-28,6114
3163,波若威,12,2,10,台中銀-員林,2024-05-28,6114
3360,尚立,10,0,10,台中銀-員林,2024-05-28,6114
4127,天良,12,2,10,台中銀-員林,2024-05-28,6114
8155,博智,20,10,10,台中銀-員林,2024-05-28,6114
9910,豐泰,10,0,10,台中銀-員林,2024-05-28,6114
2009,第一銅,20,10,10,台中銀-員林,2024-05-28,6114
3483,力致,15,5,10,台中銀-員林,2024-05-28,6114
3466,德晉,9,0,9,台中銀-員林,2024-05-28,6114
2330,台積電,11,2,9,台中銀-員林,2024-05-28,6114
2417,圓剛,17,8,9,台中銀-員林,2024-05-28,6114
8112,至上,9,0,9,台中銀-員林,2024-05-28,6114
8147,正淩,9,0,9,台中銀-員林,2024-05-28,6114
00679B,元大美債20年,8,0,8,台中銀-員林,2024-05-28,6114
6290,良維,8,0,8,台中銀-員林,2024-05-28,6114
2374,佳能,8,0,8,台中銀-員林,2024-05-28,6114
3481,群創,611,23,588,台中銀-員林,2024-05-29,6114
00937B,群益ESG投等債20,189,2,187,台中銀-員林,2024-05-29,6114
2867,三商壽,169,25,144,台中銀-員林,2024-05-29,6114
2882,國泰金,117,4,113,台中銀-員林,2024-05-29,6114
00632R,元大台灣50反1,100,0,100,台中銀-員林,2024-05-29,6114
2812,台中銀,106,23,83,台中銀-員林,2024-05-29,6114
00946,群益科技高息成長,96,20,76,台中銀-員林,2024-05-29,6114
00679B,元大美債20年,71,0,71,台中銀-員林,2024-05-29,6114
9105,泰金寶-DR,65,11,54,台中銀-員林,2024-05-29,6114
2409,友達,54,0,54,台中銀-員林,2024-05-29,6114
00680L,元大美債20正2,53,0,53,台中銀-員林,2024-05-29,6114
00878,國泰永續高股息,58,6,52,台中銀-員林,2024-05-29,6114
00665L,富邦�琤肭磪囓�2,45,0,45,台中銀-員林,2024-05-29,6114
1303,南亞,39,0,39,台中銀-員林,2024-05-29,6114
2353,宏��,85,47,38,台中銀-員林,2024-05-29,6114
2002,中鋼,36,0,36,台中銀-員林,2024-05-29,6114
6126,信音,64,29,35,台中銀-員林,2024-05-29,6114
3035,智原,34,4,30,台中銀-員林,2024-05-29,6114
3380,明泰,34,4,30,台中銀-員林,2024-05-29,6114
00940,元大台灣價值高息,90,61,29,台中銀-員林,2024-05-29,6114
5498,凱崴,30,1,29,台中銀-員林,2024-05-29,6114
2489,瑞軒,92,64,28,台中銀-員林,2024-05-29,6114
2609,陽明,50,24,26,台中銀-員林,2024-05-29,6114
00753L,中信中國50正2,25,0,25,台中銀-員林,2024-05-29,6114
2641,正德,30,6,24,台中銀-員林,2024-05-29,6114
00712,復華富時不動產,23,0,23,台中銀-員林,2024-05-29,6114
3047,訊舟,44,21,23,台中銀-員林,2024-05-29,6114
6189,豐藝,43,22,21,台中銀-員林,2024-05-29,6114
2891,中信金,20,0,20,台中銀-員林,2024-05-29,6114
2328,廣宇,38,18,20,台中銀-員林,2024-05-29,6114
2401,凌陽,93,74,19,台中銀-員林,2024-05-29,6114
2615,萬海,17,0,17,台中銀-員林,2024-05-29,6114
3202,樺晟,21,4,17,台中銀-員林,2024-05-29,6114
2610,華航,24,8,16,台中銀-員林,2024-05-29,6114
6156,松上,16,0,16,台中銀-員林,2024-05-29,6114
2605,新興,46,30,16,台中銀-員林,2024-05-29,6114
2883,凱基金,16,1,15,台中銀-員林,2024-05-29,6114
6770,力積電,14,1,13,台中銀-員林,2024-05-29,6114
2880,華南金,13,0,13,台中銀-員林,2024-05-29,6114
2890,永豐金,13,0,13,台中銀-員林,2024-05-29,6114
6227,茂綸,16,3,13,台中銀-員林,2024-05-29,6114
2634,漢翔,12,0,12,台中銀-員林,2024-05-29,6114
3013,晟銘電,23,11,12,台中銀-員林,2024-05-29,6114
1314,中石化,26,14,12,台中銀-員林,2024-05-29,6114
2324,仁寶,15,3,12,台中銀-員林,2024-05-29,6114
2419,仲琦,13,1,12,台中銀-員林,2024-05-29,6114
3607,谷崧,12,0,12,台中銀-員林,2024-05-29,6114
8234,新漢,14,2,12,台中銀-員林,2024-05-29,6114
00795B,中信美國公債20年,11,0,11,台中銀-員林,2024-05-29,6114
00944,野村趨勢動能高息,12,1,11,台中銀-員林,2024-05-29,6114
00937B,群益ESG投等債20,247,8,239,台中銀-員林,2024-05-30,6114
2880,華南金,233,2,231,台中銀-員林,2024-05-30,6114
2867,三商壽,105,8,97,台中銀-員林,2024-05-30,6114
2331,精英,104,24,80,台中銀-員林,2024-05-30,6114
1815,富喬,186,112,74,台中銀-員林,2024-05-30,6114
00946,群益科技高息成長,67,0,67,台中銀-員林,2024-05-30,6114
8092,建暐,65,1,64,台中銀-員林,2024-05-30,6114
00929,復華台灣科技優息,79,22,57,台中銀-員林,2024-05-30,6114
00940,元大台灣價值高息,58,2,56,台中銀-員林,2024-05-30,6114
5230,雷笛克光學,81,25,56,台中銀-員林,2024-05-30,6114
2002,中鋼,46,0,46,台中銀-員林,2024-05-30,6114
3268,海德威,42,0,42,台中銀-員林,2024-05-30,6114
00712,復華富時不動產,42,0,42,台中銀-員林,2024-05-30,6114
2313,華通,47,10,37,台中銀-員林,2024-05-30,6114
2027,大成鋼,31,0,31,台中銀-員林,2024-05-30,6114
2618,長榮航,33,3,30,台中銀-員林,2024-05-30,6114
00878,國泰永續高股息,34,5,29,台中銀-員林,2024-05-30,6114
00680L,元大美債20正2,29,0,29,台中銀-員林,2024-05-30,6114
2353,宏��,83,56,27,台中銀-員林,2024-05-30,6114
00919,群益台灣精選高息,45,19,26,台中銀-員林,2024-05-30,6114
1447,力鵬,57,35,22,台中銀-員林,2024-05-30,6114
2344,華邦電,22,0,22,台中銀-員林,2024-05-30,6114
2489,瑞軒,29,7,22,台中銀-員林,2024-05-30,6114
2885,元大金,21,0,21,台中銀-員林,2024-05-30,6114
00679B,元大美債20年,21,0,21,台中銀-員林,2024-05-30,6114
2301,光寶科,22,2,20,台中銀-員林,2024-05-30,6114
2886,兆豐金,18,0,18,台中銀-員林,2024-05-30,6114
3312,弘憶股,68,51,17,台中銀-員林,2024-05-30,6114
2472,立隆電,17,1,16,台中銀-員林,2024-05-30,6114
5512,力麒,20,4,16,台中銀-員林,2024-05-30,6114
6116,彩晶,15,0,15,台中銀-員林,2024-05-30,6114
6156,松上,15,0,15,台中銀-員林,2024-05-30,6114
3706,神達,16,2,14,台中銀-員林,2024-05-30,6114
6215,和椿,21,7,14,台中銀-員林,2024-05-30,6114
1303,南亞,19,6,13,台中銀-員林,2024-05-30,6114
1326,台化,13,0,13,台中銀-員林,2024-05-30,6114
3033,威健,26,13,13,台中銀-員林,2024-05-30,6114
4714,永捷,17,4,13,台中銀-員林,2024-05-30,6114
8109,博大,13,0,13,台中銀-員林,2024-05-30,6114
2884,玉山金,13,1,12,台中銀-員林,2024-05-30,6114
2834,臺企銀,12,0,12,台中銀-員林,2024-05-30,6114
2365,昆盈,16,4,12,台中銀-員林,2024-05-30,6114
6126,信音,20,8,12,台中銀-員林,2024-05-30,6114
2408,南亞科,12,0,12,台中銀-員林,2024-05-30,6114
2356,英業達,18,7,11,台中銀-員林,2024-05-30,6114
1605,華新,26,15,11,台中銀-員林,2024-05-30,6114
2883,凱基金,11,0,11,台中銀-員林,2024-05-30,6114
3338,泰碩,23,13,10,台中銀-員林,2024-05-30,6114
6269,台郡,10,0,10,台中銀-員林,2024-05-30,6114
00753L,中信中國50正2,16,6,10,台中銀-員林,2024-05-30,6114
2887,台新金,556,0,556,台中銀-員林,2024-05-31,6114
2609,陽明,189,27,162,台中銀-員林,2024-05-31,6114
2328,廣宇,110,12,98,台中銀-員林,2024-05-31,6114
3047,訊舟,91,11,80,台中銀-員林,2024-05-31,6114
3707,漢磊,73,1,72,台中銀-員林,2024-05-31,6114
2002,中鋼,64,1,63,台中銀-員林,2024-05-31,6114
2889,國票金,51,1,50,台中銀-員林,2024-05-31,6114
00680L,元大美債20正2,57,13,44,台中銀-員林,2024-05-31,6114
1471,首利,42,2,40,台中銀-員林,2024-05-31,6114
4534,慶騰,40,0,40,台中銀-員林,2024-05-31,6114
3231,緯創,44,5,39,台中銀-員林,2024-05-31,6114
00929,復華台灣科技優息,39,0,39,台中銀-員林,2024-05-31,6114
6285,啟��,37,0,37,台中銀-員林,2024-05-31,6114
3312,弘憶股,111,81,30,台中銀-員林,2024-05-31,6114
5521,工信,31,4,27,台中銀-員林,2024-05-31,6114
8092,建暐,31,4,27,台中銀-員林,2024-05-31,6114
3189,景碩,26,1,25,台中銀-員林,2024-05-31,6114
2317,鴻海,33,11,22,台中銀-員林,2024-05-31,6114
2409,友達,21,0,21,台中銀-員林,2024-05-31,6114
2516,新建,25,5,20,台中銀-員林,2024-05-31,6114
6743,安普新,20,0,20,台中銀-員林,2024-05-31,6114
4958,臻鼎-KY,21,2,19,台中銀-員林,2024-05-31,6114
6411,晶焱,20,1,19,台中銀-員林,2024-05-31,6114
1326,台化,18,0,18,台中銀-員林,2024-05-31,6114
2515,中工,26,8,18,台中銀-員林,2024-05-31,6114
00919,群益台灣精選高息,22,5,17,台中銀-員林,2024-05-31,6114
2363,矽統,42,25,17,台中銀-員林,2024-05-31,6114
2618,長榮航,41,24,17,台中銀-員林,2024-05-31,6114
2330,台積電,18,1,17,台中銀-員林,2024-05-31,6114
00946,群益科技高息成長,17,0,17,台中銀-員林,2024-05-31,6114
2352,佳世達,16,1,15,台中銀-員林,2024-05-31,6114
1710,東聯,15,0,15,台中銀-員林,2024-05-31,6114
2547,日勝生,15,0,15,台中銀-員林,2024-05-31,6114
8038,長園科,15,0,15,台中銀-員林,2024-05-31,6114
8070,長華*,26,11,15,台中銀-員林,2024-05-31,6114
2353,宏��,33,19,14,台中銀-員林,2024-05-31,6114
00907,永豐優息存股,14,0,14,台中銀-員林,2024-05-31,6114
1314,中石化,15,1,14,台中銀-員林,2024-05-31,6114
3033,威健,38,24,14,台中銀-員林,2024-05-31,6114
6147,頎邦,13,0,13,台中銀-員林,2024-05-31,6114
1609,大亞,13,0,13,台中銀-員林,2024-05-31,6114
2369,菱生,23,10,13,台中銀-員林,2024-05-31,6114
6770,力積電,13,0,13,台中銀-員林,2024-05-31,6114
6695,芯鼎,40,28,12,台中銀-員林,2024-05-31,6114
2427,三商電,20,9,11,台中銀-員林,2024-05-31,6114
2886,兆豐金,11,0,11,台中銀-員林,2024-05-31,6114
3492,長盛,11,0,11,台中銀-員林,2024-05-31,6114
0050,元大台灣50,10,0,10,台中銀-員林,2024-05-31,6114
1305,華夏,10,0,10,台中銀-員林,2024-05-31,6114
2417,圓剛,20,10,10,台中銀-員林,2024-05-31,6114
3481,群創,309,0,309,台中銀-員林,2024-06-03,6114
2352,佳世達,203,6,197,台中銀-員林,2024-06-03,6114
00919,群益台灣精選高息,114,2,112,台中銀-員林,2024-06-03,6114
00929,復華台灣科技優息,64,1,63,台中銀-員林,2024-06-03,6114
00946,群益科技高息成長,61,0,61,台中銀-員林,2024-06-03,6114
2354,鴻準,83,31,52,台中銀-員林,2024-06-03,6114
2027,大成鋼,50,1,49,台中銀-員林,2024-06-03,6114
2812,台中銀,58,10,48,台中銀-員林,2024-06-03,6114
2618,長榮航,46,2,44,台中銀-員林,2024-06-03,6114
1536,和大,33,0,33,台中銀-員林,2024-06-03,6114
3490,單井,36,3,33,台中銀-員林,2024-06-03,6114
00664R,國泰臺灣加權反1,28,0,28,台中銀-員林,2024-06-03,6114
2889,國票金,28,0,28,台中銀-員林,2024-06-03,6114
2353,宏��,54,28,26,台中銀-員林,2024-06-03,6114
5469,瀚宇博,26,0,26,台中銀-員林,2024-06-03,6114
6770,力積電,25,0,25,台中銀-員林,2024-06-03,6114
4566,時碩工業,28,5,23,台中銀-員林,2024-06-03,6114
4533,協易機,50,29,21,台中銀-員林,2024-06-03,6114
1474,弘裕,20,0,20,台中銀-員林,2024-06-03,6114
2109,華豐,20,0,20,台中銀-員林,2024-06-03,6114
3707,漢磊,20,0,20,台中銀-員林,2024-06-03,6114
2610,華航,22,3,19,台中銀-員林,2024-06-03,6114
3189,景碩,20,1,19,台中銀-員林,2024-06-03,6114
3679,新至陞,18,0,18,台中銀-員林,2024-06-03,6114
1303,南亞,17,0,17,台中銀-員林,2024-06-03,6114
2405,輔信,44,27,17,台中銀-員林,2024-06-03,6114
00715L,期街口布蘭特正2,21,5,16,台中銀-員林,2024-06-03,6114
1301,台塑,16,0,16,台中銀-員林,2024-06-03,6114
5876,上海商銀,15,0,15,台中銀-員林,2024-06-03,6114
9105,泰金寶-DR,20,5,15,台中銀-員林,2024-06-03,6114
2867,三商壽,38,23,15,台中銀-員林,2024-06-03,6114
1326,台化,13,0,13,台中銀-員林,2024-06-03,6114
1455,集盛,13,0,13,台中銀-員林,2024-06-03,6114
3047,訊舟,18,5,13,台中銀-員林,2024-06-03,6114
3338,泰碩,14,1,13,台中銀-員林,2024-06-03,6114
4903,聯光通,16,3,13,台中銀-員林,2024-06-03,6114
2409,友達,13,1,12,台中銀-員林,2024-06-03,6114
6188,廣明,38,26,12,台中銀-員林,2024-06-03,6114
2472,立隆電,16,4,12,台中銀-員林,2024-06-03,6114
6023,元大期,12,0,12,台中銀-員林,2024-06-03,6114
4420,光明,11,0,11,台中銀-員林,2024-06-03,6114
2605,新興,79,69,10,台中銀-員林,2024-06-03,6114
9933,中鼎,10,0,10,台中銀-員林,2024-06-03,6114
00751B,元大AAA至A公司債,10,0,10,台中銀-員林,2024-06-03,6114
00888,永豐台灣ESG,10,0,10,台中銀-員林,2024-06-03,6114
2009,第一銅,10,0,10,台中銀-員林,2024-06-03,6114
6550,北極星藥業-KY,10,0,10,台中銀-員林,2024-06-03,6114
2402,毅嘉,11,1,10,台中銀-員林,2024-06-03,6114
2317,鴻海,18,9,9,台中銀-員林,2024-06-03,6114
00918,大華優利高填息30,17,8,9,台中銀-員林,2024-06-03,6114
3481,群創,2563,87,2476,台中銀-員林,2024-06-04,6114
9907,統一實,170,0,170,台中銀-員林,2024-06-04,6114
00919,群益台灣精選高息,120,0,120,台中銀-員林,2024-06-04,6114
00715L,期街口布蘭特正2,98,2,96,台中銀-員林,2024-06-04,6114
00936,台新永續高息中小,54,0,54,台中銀-員林,2024-06-04,6114
2371,大同,58,5,53,台中銀-員林,2024-06-04,6114
2312,金寶,92,40,52,台中銀-員林,2024-06-04,6114
2317,鴻海,57,11,46,台中銀-員林,2024-06-04,6114
6125,廣運,88,45,43,台中銀-員林,2024-06-04,6114
2002,中鋼,41,0,41,台中銀-員林,2024-06-04,6114
2440,太空梭,41,0,41,台中銀-員林,2024-06-04,6114
4526,東台,41,3,38,台中銀-員林,2024-06-04,6114
2324,仁寶,43,7,36,台中銀-員林,2024-06-04,6114
2409,友達,36,0,36,台中銀-員林,2024-06-04,6114
00929,復華台灣科技優息,47,11,36,台中銀-員林,2024-06-04,6114
2363,矽統,43,10,33,台中銀-員林,2024-06-04,6114
1326,台化,31,0,31,台中銀-員林,2024-06-04,6114
2367,燿華,54,27,27,台中銀-員林,2024-06-04,6114
2439,美律,26,0,26,台中銀-員林,2024-06-04,6114
3362,先進光,28,2,26,台中銀-員林,2024-06-04,6114
1303,南亞,37,12,25,台中銀-員林,2024-06-04,6114
00878,國泰永續高股息,25,0,25,台中銀-員林,2024-06-04,6114
6215,和椿,25,3,22,台中銀-員林,2024-06-04,6114
2344,華邦電,21,0,21,台中銀-員林,2024-06-04,6114
00918,大華優利高填息30,20,0,20,台中銀-員林,2024-06-04,6114
6270,倍微,41,21,20,台中銀-員林,2024-06-04,6114
00940,元大台灣價值高息,19,0,19,台中銀-員林,2024-06-04,6114
3492,長盛,19,0,19,台中銀-員林,2024-06-04,6114
00642U,期元大S＆P石油,18,0,18,台中銀-員林,2024-06-04,6114
1815,富喬,52,36,16,台中銀-員林,2024-06-04,6114
00665L,富邦�琤肭磪囓�2,25,10,15,台中銀-員林,2024-06-04,6114
2442,新美齊,15,1,14,台中銀-員林,2024-06-04,6114
3030,德律,24,10,14,台中銀-員林,2024-06-04,6114
2464,盟立,24,11,13,台中銀-員林,2024-06-04,6114
4726,永昕,25,12,13,台中銀-員林,2024-06-04,6114
6213,聯茂,13,0,13,台中銀-員林,2024-06-04,6114
3231,緯創,12,0,12,台中銀-員林,2024-06-04,6114
1907,永豐餘,12,0,12,台中銀-員林,2024-06-04,6114
2606,裕民,12,0,12,台中銀-員林,2024-06-04,6114
3450,聯鈞,20,8,12,台中銀-員林,2024-06-04,6114
5426,振發,19,7,12,台中銀-員林,2024-06-04,6114
5880,合庫金,11,0,11,台中銀-員林,2024-06-04,6114
3035,智原,18,7,11,台中銀-員林,2024-06-04,6114
2547,日勝生,25,14,11,台中銀-員林,2024-06-04,6114
3520,華盈,38,27,11,台中銀-員林,2024-06-04,6114
2618,長榮航,13,3,10,台中銀-員林,2024-06-04,6114
2301,光寶科,10,0,10,台中銀-員林,2024-06-04,6114
00907,永豐優息存股,10,0,10,台中銀-員林,2024-06-04,6114
00753L,中信中國50正2,22,12,10,台中銀-員林,2024-06-04,6114
1314,中石化,10,0,10,台中銀-員林,2024-06-04,6114
2328,廣宇,167,10,157,台中銀-員林,2024-06-05,6114
2371,大同,115,0,115,台中銀-員林,2024-06-05,6114
6116,彩晶,110,1,109,台中銀-員林,2024-06-05,6114
2354,鴻準,122,14,108,台中銀-員林,2024-06-05,6114
1522,堤維西,106,4,102,台中銀-員林,2024-06-05,6114
00919,群益台灣精選高息,99,24,75,台中銀-員林,2024-06-05,6114
2105,正新,76,2,74,台中銀-員林,2024-06-05,6114
2547,日勝生,104,30,74,台中銀-員林,2024-06-05,6114
00715L,期街口布蘭特正2,71,5,66,台中銀-員林,2024-06-05,6114
2344,華邦電,55,0,55,台中銀-員林,2024-06-05,6114
00936,台新永續高息中小,93,39,54,台中銀-員林,2024-06-05,6114
2002,中鋼,41,0,41,台中銀-員林,2024-06-05,6114
3372,典範,40,0,40,台中銀-員林,2024-06-05,6114
3189,景碩,36,0,36,台中銀-員林,2024-06-05,6114
1802,台玻,37,2,35,台中銀-員林,2024-06-05,6114
3481,群創,33,3,30,台中銀-員林,2024-06-05,6114
00712,復華富時不動產,32,2,30,台中銀-員林,2024-06-05,6114
00918,大華優利高填息30,29,0,29,台中銀-員林,2024-06-05,6114
4726,永昕,57,28,29,台中銀-員林,2024-06-05,6114
1303,南亞,28,1,27,台中銀-員林,2024-06-05,6114
6770,力積電,30,4,26,台中銀-員林,2024-06-05,6114
00878,國泰永續高股息,25,0,25,台中銀-員林,2024-06-05,6114
2888,新光金,22,0,22,台中銀-員林,2024-06-05,6114
1808,潤隆,21,0,21,台中銀-員林,2024-06-05,6114
2439,美律,21,1,20,台中銀-員林,2024-06-05,6114
2009,第一銅,22,6,16,台中銀-員林,2024-06-05,6114
1815,富喬,146,130,16,台中銀-員林,2024-06-05,6114
00935,野村臺灣新科技50,15,0,15,台中銀-員林,2024-06-05,6114
1326,台化,15,0,15,台中銀-員林,2024-06-05,6114
3492,長盛,15,0,15,台中銀-員林,2024-06-05,6114
00933B,國泰10Y+金融債,15,1,14,台中銀-員林,2024-06-05,6114
2636,台驊控股,17,5,12,台中銀-員林,2024-06-05,6114
3312,弘憶股,12,1,11,台中銀-員林,2024-06-05,6114
00680L,元大美債20正2,11,0,11,台中銀-員林,2024-06-05,6114
2457,飛宏,13,2,11,台中銀-員林,2024-06-05,6114
2610,華航,20,9,11,台中銀-員林,2024-06-05,6114
6133,金橋,11,0,11,台中銀-員林,2024-06-05,6114
4967,十銓,16,5,11,台中銀-員林,2024-06-05,6114
2317,鴻海,37,26,11,台中銀-員林,2024-06-05,6114
2353,宏��,12,2,10,台中銀-員林,2024-06-05,6114
00942B,台新美A公司債20+,10,0,10,台中銀-員林,2024-06-05,6114
00642U,期元大S＆P石油,10,0,10,台中銀-員林,2024-06-05,6114
1785,光洋科,10,0,10,台中銀-員林,2024-06-05,6114
2442,新美齊,50,40,10,台中銀-員林,2024-06-05,6114
2495,普安,19,9,10,台中銀-員林,2024-06-05,6114
2889,國票金,10,0,10,台中銀-員林,2024-06-05,6114
3059,華晶科,10,0,10,台中銀-員林,2024-06-05,6114
4526,東台,12,2,10,台中銀-員林,2024-06-05,6114
6109,亞元,10,0,10,台中銀-員林,2024-06-05,6114
6207,雷科,10,0,10,台中銀-員林,2024-06-05,6114
2547,日勝生,131,21,110,台中銀-員林,2024-06-06,6114
5521,工信,101,4,97,台中銀-員林,2024-06-06,6114
00919,群益台灣精選高息,97,9,88,台中銀-員林,2024-06-06,6114
2609,陽明,226,170,56,台中銀-員林,2024-06-06,6114
00665L,富邦�琤肭磪囓�2,66,10,56,台中銀-員林,2024-06-06,6114
3339,泰谷,56,3,53,台中銀-員林,2024-06-06,6114
00946,群益科技高息成長,50,0,50,台中銀-員林,2024-06-06,6114
2915,潤泰全,48,8,40,台中銀-員林,2024-06-06,6114
1815,富喬,128,89,39,台中銀-員林,2024-06-06,6114
2344,華邦電,48,10,38,台中銀-員林,2024-06-06,6114
00937B,群益ESG投等債20,60,26,34,台中銀-員林,2024-06-06,6114
6188,廣明,35,2,33,台中銀-員林,2024-06-06,6114
00936,台新永續高息中小,31,0,31,台中銀-員林,2024-06-06,6114
00929,復華台灣科技優息,31,1,30,台中銀-員林,2024-06-06,6114
4533,協易機,35,11,24,台中銀-員林,2024-06-06,6114
00878,國泰永續高股息,29,6,23,台中銀-員林,2024-06-06,6114
2317,鴻海,51,29,22,台中銀-員林,2024-06-06,6114
2374,佳能,19,0,19,台中銀-員林,2024-06-06,6114
6160,欣技,19,0,19,台中銀-員林,2024-06-06,6114
3362,先進光,19,0,19,台中銀-員林,2024-06-06,6114
00632R,元大台灣50反1,25,7,18,台中銀-員林,2024-06-06,6114
2867,三商壽,33,15,18,台中銀-員林,2024-06-06,6114
00712,復華富時不動產,17,1,16,台中銀-員林,2024-06-06,6114
00753L,中信中國50正2,26,10,16,台中銀-員林,2024-06-06,6114
1447,力鵬,17,1,16,台中銀-員林,2024-06-06,6114
1314,中石化,27,12,15,台中銀-員林,2024-06-06,6114
2516,新建,15,0,15,台中銀-員林,2024-06-06,6114
2887,台新金,15,0,15,台中銀-員林,2024-06-06,6114
6270,倍微,18,3,15,台中銀-員林,2024-06-06,6114
00918,大華優利高填息30,14,0,14,台中銀-員林,2024-06-06,6114
2409,友達,26,12,14,台中銀-員林,2024-06-06,6114
2313,華通,18,5,13,台中銀-員林,2024-06-06,6114
2331,精英,32,19,13,台中銀-員林,2024-06-06,6114
8064,東捷,13,0,13,台中銀-員林,2024-06-06,6114
4961,天鈺,12,0,12,台中銀-員林,2024-06-06,6114
2634,漢翔,13,1,12,台中銀-員林,2024-06-06,6114
2890,永豐金,12,0,12,台中銀-員林,2024-06-06,6114
3489,森寶,12,0,12,台中銀-員林,2024-06-06,6114
00679B,元大美債20年,24,12,12,台中銀-員林,2024-06-06,6114
2002,中鋼,19,8,11,台中銀-員林,2024-06-06,6114
00637L,元大滬深300正2,23,12,11,台中銀-員林,2024-06-06,6114
2009,第一銅,12,1,11,台中銀-員林,2024-06-06,6114
6226,光鼎,11,0,11,台中銀-員林,2024-06-06,6114
8112,至上,14,3,11,台中銀-員林,2024-06-06,6114
5392,能率,11,0,11,台中銀-員林,2024-06-06,6114
5347,世界,37,27,10,台中銀-員林,2024-06-06,6114
6770,力積電,13,3,10,台中銀-員林,2024-06-06,6114
00939,統一台灣高息動能,10,0,10,台中銀-員林,2024-06-06,6114
2025,千興,10,0,10,台中銀-員林,2024-06-06,6114
2495,普安,11,1,10,台中銀-員林,2024-06-06,6114
3339,泰谷,64,0,64,台中銀-員林,2024-06-07,6114
00936,台新永續高息中小,61,0,61,台中銀-員林,2024-06-07,6114
2883,凱基金,67,6,61,台中銀-員林,2024-06-07,6114
1522,堤維西,84,27,57,台中銀-員林,2024-06-07,6114
00712,復華富時不動產,56,0,56,台中銀-員林,2024-06-07,6114
4566,時碩工業,61,8,53,台中銀-員林,2024-06-07,6114
00929,復華台灣科技優息,54,1,53,台中銀-員林,2024-06-07,6114
00637L,元大滬深300正2,155,105,50,台中銀-員林,2024-06-07,6114
2353,宏��,65,22,43,台中銀-員林,2024-06-07,6114
00946,群益科技高息成長,30,0,30,台中銀-員林,2024-06-07,6114
00665L,富邦�琤肭磪囓�2,30,0,30,台中銀-員林,2024-06-07,6114
1513,中興電,38,8,30,台中銀-員林,2024-06-07,6114
2537,聯上發,30,4,26,台中銀-員林,2024-06-07,6114
00650L,復華香港正2,25,0,25,台中銀-員林,2024-06-07,6114
00679B,元大美債20年,30,6,24,台中銀-員林,2024-06-07,6114
3231,緯創,27,4,23,台中銀-員林,2024-06-07,6114
2889,國票金,22,0,22,台中銀-員林,2024-06-07,6114
3285,微端,21,1,20,台中銀-員林,2024-06-07,6114
9945,潤泰新,57,41,16,台中銀-員林,2024-06-07,6114
2330,台積電,16,0,16,台中銀-員林,2024-06-07,6114
5388,中磊,16,1,15,台中銀-員林,2024-06-07,6114
6116,彩晶,14,0,14,台中銀-員林,2024-06-07,6114
2352,佳世達,13,0,13,台中銀-員林,2024-06-07,6114
2615,萬海,53,40,13,台中銀-員林,2024-06-07,6114
2025,千興,22,10,12,台中銀-員林,2024-06-07,6114
2511,太子,11,0,11,台中銀-員林,2024-06-07,6114
00632R,元大台灣50反1,10,0,10,台中銀-員林,2024-06-07,6114
00673R,期元大S＆P原油反1,10,0,10,台中銀-員林,2024-06-07,6114
2904,匯僑,10,0,10,台中銀-員林,2024-06-07,6114
3338,泰碩,15,5,10,台中銀-員林,2024-06-07,6114
9919,康那香,10,0,10,台中銀-員林,2024-06-07,6114
1301,台塑,10,0,10,台中銀-員林,2024-06-07,6114
1440,南紡,11,2,9,台中銀-員林,2024-06-07,6114
2417,圓剛,12,3,9,台中銀-員林,2024-06-07,6114
2427,三商電,14,5,9,台中銀-員林,2024-06-07,6114
3268,海德威,10,1,9,台中銀-員林,2024-06-07,6114
4123,晟德,11,2,9,台中銀-員林,2024-06-07,6114
5302,太欣,10,1,9,台中銀-員林,2024-06-07,6114
00878,國泰永續高股息,9,1,8,台中銀-員林,2024-06-07,6114
00918,大華優利高填息30,8,0,8,台中銀-員林,2024-06-07,6114
1514,亞力,12,4,8,台中銀-員林,2024-06-07,6114
3679,新至陞,8,0,8,台中銀-員林,2024-06-07,6114
2371,大同,20,12,8,台中銀-員林,2024-06-07,6114
2313,華通,16,9,7,台中銀-員林,2024-06-07,6114
6706,惠特,9,2,7,台中銀-員林,2024-06-07,6114
3036,文曄,8,2,6,台中銀-員林,2024-06-07,6114
1815,富喬,53,47,6,台中銀-員林,2024-06-07,6114
1326,台化,6,0,6,台中銀-員林,2024-06-07,6114
2328,廣宇,8,2,6,台中銀-員林,2024-06-07,6114
2344,華邦電,17,11,6,台中銀-員林,2024-06-07,6114
3481,群創,559,0,559,台中銀-員林,2024-06-11,6114
00929,復華台灣科技優息,123,0,123,台中銀-員林,2024-06-11,6114
00712,復華富時不動產,128,12,116,台中銀-員林,2024-06-11,6114
00754B,群益AAA-AA公司,85,0,85,台中銀-員林,2024-06-11,6114
2609,陽明,188,103,85,台中銀-員林,2024-06-11,6114
2547,日勝生,78,4,74,台中銀-員林,2024-06-11,6114
3202,樺晟,60,0,60,台中銀-員林,2024-06-11,6114
00761B,國泰A級公司債,58,0,58,台中銀-員林,2024-06-11,6114
00687B,國泰20年美債,58,4,54,台中銀-員林,2024-06-11,6114
8071,能率網通,51,0,51,台中銀-員林,2024-06-11,6114
00919,群益台灣精選高息,63,17,46,台中銀-員林,2024-06-11,6114
00918,大華優利高填息30,37,0,37,台中銀-員林,2024-06-11,6114
3047,訊舟,55,18,37,台中銀-員林,2024-06-11,6114
00680L,元大美債20正2,35,0,35,台中銀-員林,2024-06-11,6114
2515,中工,34,0,34,台中銀-員林,2024-06-11,6114
2888,新光金,34,0,34,台中銀-員林,2024-06-11,6114
2002,中鋼,32,1,31,台中銀-員林,2024-06-11,6114
1609,大亞,44,14,30,台中銀-員林,2024-06-11,6114
6789,采鈺,29,1,28,台中銀-員林,2024-06-11,6114
2009,第一銅,29,2,27,台中銀-員林,2024-06-11,6114
2374,佳能,46,21,25,台中銀-員林,2024-06-11,6114
1815,富喬,95,70,25,台中銀-員林,2024-06-11,6114
1608,華榮,33,11,22,台中銀-員林,2024-06-11,6114
9945,潤泰新,75,53,22,台中銀-員林,2024-06-11,6114
3706,神達,23,2,21,台中銀-員林,2024-06-11,6114
00936,台新永續高息中小,22,1,21,台中銀-員林,2024-06-11,6114
1808,潤隆,21,0,21,台中銀-員林,2024-06-11,6114
2442,新美齊,21,0,21,台中銀-員林,2024-06-11,6114
3162,精確,21,0,21,台中銀-員林,2024-06-11,6114
4726,永昕,30,9,21,台中銀-員林,2024-06-11,6114
2603,長榮,46,25,21,台中銀-員林,2024-06-11,6114
2349,錸德,20,0,20,台中銀-員林,2024-06-11,6114
2812,台中銀,19,0,19,台中銀-員林,2024-06-11,6114
1570,力肯,18,0,18,台中銀-員林,2024-06-11,6114
9105,泰金寶-DR,18,0,18,台中銀-員林,2024-06-11,6114
6188,廣明,24,6,18,台中銀-員林,2024-06-11,6114
1513,中興電,29,12,17,台中銀-員林,2024-06-11,6114
1314,中石化,16,1,15,台中銀-員林,2024-06-11,6114
2353,宏��,17,3,14,台中銀-員林,2024-06-11,6114
4906,正文,14,0,14,台中銀-員林,2024-06-11,6114
6215,和椿,25,11,14,台中銀-員林,2024-06-11,6114
2634,漢翔,13,0,13,台中銀-員林,2024-06-11,6114
3189,景碩,14,1,13,台中銀-員林,2024-06-11,6114
4155,訊映,13,0,13,台中銀-員林,2024-06-11,6114
2027,大成鋼,12,0,12,台中銀-員林,2024-06-11,6114
3535,晶彩科,12,0,12,台中銀-員林,2024-06-11,6114
4967,十銓,24,12,12,台中銀-員林,2024-06-11,6114
00713,元大台灣高息低波,12,0,12,台中銀-員林,2024-06-11,6114
2615,萬海,69,58,11,台中銀-員林,2024-06-11,6114
6139,亞翔,16,5,11,台中銀-員林,2024-06-11,6114
3481,群創,425,2,423,台中銀-員林,2024-06-12,6114
9105,泰金寶-DR,63,0,63,台中銀-員林,2024-06-12,6114
00712,復華富時不動產,45,2,43,台中銀-員林,2024-06-12,6114
00918,大華優利高填息30,46,5,41,台中銀-員林,2024-06-12,6114
2323,中環,36,0,36,台中銀-員林,2024-06-12,6114
3231,緯創,38,5,33,台中銀-員林,2024-06-12,6114
2337,旺宏,30,0,30,台中銀-員林,2024-06-12,6114
9945,潤泰新,29,1,28,台中銀-員林,2024-06-12,6114
2367,燿華,43,18,25,台中銀-員林,2024-06-12,6114
2547,日勝生,49,25,24,台中銀-員林,2024-06-12,6114
3535,晶彩科,24,0,24,台中銀-員林,2024-06-12,6114
6116,彩晶,24,0,24,台中銀-員林,2024-06-12,6114
00919,群益台灣精選高息,54,31,23,台中銀-員林,2024-06-12,6114
2867,三商壽,22,1,21,台中銀-員林,2024-06-12,6114
2312,金寶,21,1,20,台中銀-員林,2024-06-12,6114
2371,大同,34,15,19,台中銀-員林,2024-06-12,6114
2883,凱基金,33,14,19,台中銀-員林,2024-06-12,6114
2002,中鋼,18,0,18,台中銀-員林,2024-06-12,6114
00948B,中信優息投資級債,18,0,18,台中銀-員林,2024-06-12,6114
00713,元大台灣高息低波,18,0,18,台中銀-員林,2024-06-12,6114
6890,來億-KY,20,3,17,台中銀-員林,2024-06-12,6114
2353,宏��,16,0,16,台中銀-員林,2024-06-12,6114
1909,榮成,16,0,16,台中銀-員林,2024-06-12,6114
6283,淳安,16,0,16,台中銀-員林,2024-06-12,6114
2442,新美齊,35,20,15,台中銀-員林,2024-06-12,6114
1514,亞力,24,10,14,台中銀-員林,2024-06-12,6114
00882,中信中國高股息,13,0,13,台中銀-員林,2024-06-12,6114
2351,順德,14,1,13,台中銀-員林,2024-06-12,6114
1503,士電,13,1,12,台中銀-員林,2024-06-12,6114
2515,中工,13,1,12,台中銀-員林,2024-06-12,6114
2605,新興,26,15,11,台中銀-員林,2024-06-12,6114
4533,協易機,12,1,11,台中銀-員林,2024-06-12,6114
2464,盟立,15,5,10,台中銀-員林,2024-06-12,6114
00753L,中信中國50正2,15,5,10,台中銀-員林,2024-06-12,6114
00665L,富邦�琤肭磪囓�2,10,0,10,台中銀-員林,2024-06-12,6114
2601,益航,10,0,10,台中銀-員林,2024-06-12,6114
2903,遠百,10,0,10,台中銀-員林,2024-06-12,6114
3540,曜越,10,0,10,台中銀-員林,2024-06-12,6114
2324,仁寶,9,0,9,台中銀-員林,2024-06-12,6114
00937B,群益ESG投等債20,9,0,9,台中銀-員林,2024-06-12,6114
2201,裕隆,12,3,9,台中銀-員林,2024-06-12,6114
00632R,元大台灣50反1,9,0,9,台中銀-員林,2024-06-12,6114
1316,上曜,30,21,9,台中銀-員林,2024-06-12,6114
2354,鴻準,17,8,9,台中銀-員林,2024-06-12,6114
6282,康舒,9,0,9,台中銀-員林,2024-06-12,6114
8358,金居,15,6,9,台中銀-員林,2024-06-12,6114
3450,聯鈞,34,26,8,台中銀-員林,2024-06-12,6114
2356,英業達,11,3,8,台中銀-員林,2024-06-12,6114
3056,富華新,8,0,8,台中銀-員林,2024-06-12,6114
2614,東森,8,0,8,台中銀-員林,2024-06-12,6114
2371,大同,331,15,316,台中銀-員林,2024-06-13,6114
5521,工信,70,0,70,台中銀-員林,2024-06-13,6114
00664R,國泰臺灣加權反1,52,0,52,台中銀-員林,2024-06-13,6114
2609,陽明,70,21,49,台中銀-員林,2024-06-13,6114
00712,復華富時不動產,35,0,35,台中銀-員林,2024-06-13,6114
1808,潤隆,35,1,34,台中銀-員林,2024-06-13,6114
00948B,中信優息投資級債,33,0,33,台中銀-員林,2024-06-13,6114
6188,廣明,31,1,30,台中銀-員林,2024-06-13,6114
1326,台化,29,0,29,台中銀-員林,2024-06-13,6114
8147,正淩,78,51,27,台中銀-員林,2024-06-13,6114
2603,長榮,32,7,25,台中銀-員林,2024-06-13,6114
1815,富喬,44,21,23,台中銀-員林,2024-06-13,6114
2313,華通,21,0,21,台中銀-員林,2024-06-13,6114
3047,訊舟,21,1,20,台中銀-員林,2024-06-13,6114
00713,元大台灣高息低波,19,0,19,台中銀-員林,2024-06-13,6114
2365,昆盈,25,7,18,台中銀-員林,2024-06-13,6114
2002,中鋼,18,1,17,台中銀-員林,2024-06-13,6114
6290,良維,21,5,16,台中銀-員林,2024-06-13,6114
5347,世界,36,21,15,台中銀-員林,2024-06-13,6114
4533,協易機,15,0,15,台中銀-員林,2024-06-13,6114
3483,力致,14,0,14,台中銀-員林,2024-06-13,6114
4580,捷流閥業,13,0,13,台中銀-員林,2024-06-13,6114
00751B,元大AAA至A公司債,12,0,12,台中銀-員林,2024-06-13,6114
00947,台新臺灣IC設計,12,0,12,台中銀-員林,2024-06-13,6114
2427,三商電,12,0,12,台中銀-員林,2024-06-13,6114
2882,國泰金,12,0,12,台中銀-員林,2024-06-13,6114
2888,新光金,18,6,12,台中銀-員林,2024-06-13,6114
3520,華盈,12,0,12,台中銀-員林,2024-06-13,6114
2359,所羅門,30,18,12,台中銀-員林,2024-06-13,6114
1303,南亞,11,0,11,台中銀-員林,2024-06-13,6114
6213,聯茂,18,7,11,台中銀-員林,2024-06-13,6114
00688L,國泰20年美債正2,10,0,10,台中銀-員林,2024-06-13,6114
1714,和桐,10,0,10,台中銀-員林,2024-06-13,6114
6156,松上,10,0,10,台中銀-員林,2024-06-13,6114
6706,惠特,14,4,10,台中銀-員林,2024-06-13,6114
6789,采鈺,20,10,10,台中銀-員林,2024-06-13,6114
00915,凱基優選高股息30,10,0,10,台中銀-員林,2024-06-13,6114
2317,鴻海,41,31,10,台中銀-員林,2024-06-13,6114
1617,榮星,31,22,9,台中銀-員林,2024-06-13,6114
1709,和益,9,0,9,台中銀-員林,2024-06-13,6114
6125,廣運,16,7,9,台中銀-員林,2024-06-13,6114
6465,威潤,9,0,9,台中銀-員林,2024-06-13,6114
1314,中石化,9,0,9,台中銀-員林,2024-06-13,6114
00929,復華台灣科技優息,49,41,8,台中銀-員林,2024-06-13,6114
2374,佳能,15,7,8,台中銀-員林,2024-06-13,6114
00895,富邦未來車,8,0,8,台中銀-員林,2024-06-13,6114
2855,統一證,8,0,8,台中銀-員林,2024-06-13,6114
2883,凱基金,10,2,8,台中銀-員林,2024-06-13,6114
3013,晟銘電,17,9,8,台中銀-員林,2024-06-13,6114
4157,太景*-KY,8,0,8,台中銀-員林,2024-06-13,6114
00946,群益科技高息成長,104,0,104,台中銀-員林,2024-06-14,6114
4580,捷流閥業,65,5,60,台中銀-員林,2024-06-14,6114
00948B,中信優息投資級債,59,3,56,台中銀-員林,2024-06-14,6114
00632R,元大台灣50反1,53,0,53,台中銀-員林,2024-06-14,6114
2371,大同,102,50,52,台中銀-員林,2024-06-14,6114
3048,益登,133,84,49,台中銀-員林,2024-06-14,6114
4903,聯光通,48,1,47,台中銀-員林,2024-06-14,6114
3679,新至陞,37,0,37,台中銀-員林,2024-06-14,6114
2515,中工,38,3,35,台中銀-員林,2024-06-14,6114
2888,新光金,37,4,33,台中銀-員林,2024-06-14,6114
00918,大華優利高填息30,34,2,32,台中銀-員林,2024-06-14,6114
1504,東元,34,3,31,台中銀-員林,2024-06-14,6114
4157,太景*-KY,30,0,30,台中銀-員林,2024-06-14,6114
2374,佳能,31,2,29,台中銀-員林,2024-06-14,6114
2002,中鋼,38,10,28,台中銀-員林,2024-06-14,6114
6116,彩晶,33,5,28,台中銀-員林,2024-06-14,6114
00673R,期元大S＆P原油反1,25,0,25,台中銀-員林,2024-06-14,6114
00687B,國泰20年美債,37,13,24,台中銀-員林,2024-06-14,6114
2867,三商壽,23,1,22,台中銀-員林,2024-06-14,6114
00942B,台新美A公司債20+,20,0,20,台中銀-員林,2024-06-14,6114
8028,昇陽半導體,59,40,19,台中銀-員林,2024-06-14,6114
1570,力肯,25,6,19,台中銀-員林,2024-06-14,6114
6163,華電網,27,9,18,台中銀-員林,2024-06-14,6114
6216,居易,40,22,18,台中銀-員林,2024-06-14,6114
8103,瀚荃,30,12,18,台中銀-員林,2024-06-14,6114
3029,零壹,20,3,17,台中銀-員林,2024-06-14,6114
6419,京晨科,18,1,17,台中銀-員林,2024-06-14,6114
2352,佳世達,16,0,16,台中銀-員林,2024-06-14,6114
2498,宏達電,20,4,16,台中銀-員林,2024-06-14,6114
00947,台新臺灣IC設計,16,1,15,台中銀-員林,2024-06-14,6114
6191,精成科,15,0,15,台中銀-員林,2024-06-14,6114
00940,元大台灣價值高息,42,28,14,台中銀-員林,2024-06-14,6114
00936,台新永續高息中小,15,1,14,台中銀-員林,2024-06-14,6114
1611,中電,15,1,14,台中銀-員林,2024-06-14,6114
2367,燿華,15,2,13,台中銀-員林,2024-06-14,6114
2618,長榮航,29,16,13,台中銀-員林,2024-06-14,6114
1528,恩德,16,4,12,台中銀-員林,2024-06-14,6114
1617,榮星,16,4,12,台中銀-員林,2024-06-14,6114
2881,富邦金,12,0,12,台中銀-員林,2024-06-14,6114
1513,中興電,43,32,11,台中銀-員林,2024-06-14,6114
00680L,元大美債20正2,21,10,11,台中銀-員林,2024-06-14,6114
1712,興農,11,0,11,台中銀-員林,2024-06-14,6114
2486,一詮,23,12,11,台中銀-員林,2024-06-14,6114
6285,啟��,11,0,11,台中銀-員林,2024-06-14,6114
6465,威潤,11,0,11,台中銀-員林,2024-06-14,6114
8099,大世科,11,0,11,台中銀-員林,2024-06-14,6114
2812,台中銀,32,22,10,台中銀-員林,2024-06-14,6114
8163,達方,10,0,10,台中銀-員林,2024-06-14,6114
2461,光群雷,10,0,10,台中銀-員林,2024-06-14,6114
2601,益航,10,0,10,台中銀-員林,2024-06-14,6114
2812,台中銀,153,16,137,台中銀-員林,2024-06-17,6114
00936,台新永續高息中小,106,7,99,台中銀-員林,2024-06-17,6114
00937B,群益ESG投等債20,84,18,66,台中銀-員林,2024-06-17,6114
00919,群益台灣精選高息,90,24,66,台中銀-員林,2024-06-17,6114
5521,工信,54,0,54,台中銀-員林,2024-06-17,6114
2615,萬海,83,40,43,台中銀-員林,2024-06-17,6114
00940,元大台灣價值高息,46,8,38,台中銀-員林,2024-06-17,6114
00712,復華富時不動產,50,15,35,台中銀-員林,2024-06-17,6114
00929,復華台灣科技優息,38,3,35,台中銀-員林,2024-06-17,6114
2609,陽明,50,16,34,台中銀-員林,2024-06-17,6114
4580,捷流閥業,43,10,33,台中銀-員林,2024-06-17,6114
00918,大華優利高填息30,32,1,31,台中銀-員林,2024-06-17,6114
00787B,元大10年IG醫療債,30,0,30,台中銀-員林,2024-06-17,6114
00751B,元大AAA至A公司債,30,0,30,台中銀-員林,2024-06-17,6114
4420,光明,30,0,30,台中銀-員林,2024-06-17,6114
3105,穩懋,31,2,29,台中銀-員林,2024-06-17,6114
8085,福華,31,3,28,台中銀-員林,2024-06-17,6114
00948B,中信優息投資級債,27,0,27,台中銀-員林,2024-06-17,6114
00946,群益科技高息成長,26,0,26,台中銀-員林,2024-06-17,6114
1524,耿鼎,23,0,23,台中銀-員林,2024-06-17,6114
1513,中興電,31,8,23,台中銀-員林,2024-06-17,6114
1598,岱宇,21,0,21,台中銀-員林,2024-06-17,6114
5490,同亨,28,7,21,台中銀-員林,2024-06-17,6114
00706L,期元大S＆P日圓正2,20,0,20,台中銀-員林,2024-06-17,6114
00687B,國泰20年美債,21,1,20,台中銀-員林,2024-06-17,6114
2371,大同,92,73,19,台中銀-員林,2024-06-17,6114
1609,大亞,29,10,19,台中銀-員林,2024-06-17,6114
2101,南港,18,0,18,台中銀-員林,2024-06-17,6114
6789,采鈺,25,8,17,台中銀-員林,2024-06-17,6114
2355,敬鵬,23,6,17,台中銀-員林,2024-06-17,6114
8105,凌巨,21,4,17,台中銀-員林,2024-06-17,6114
1802,台玻,30,14,16,台中銀-員林,2024-06-17,6114
9933,中鼎,16,0,16,台中銀-員林,2024-06-17,6114
2312,金寶,18,2,16,台中銀-員林,2024-06-17,6114
00881,國泰台灣5G+,15,0,15,台中銀-員林,2024-06-17,6114
00637L,元大滬深300正2,27,12,15,台中銀-員林,2024-06-17,6114
00934,中信成長高股息,15,0,15,台中銀-員林,2024-06-17,6114
6189,豐藝,15,0,15,台中銀-員林,2024-06-17,6114
00942B,台新美A公司債20+,13,0,13,台中銀-員林,2024-06-17,6114
2440,太空梭,13,0,13,台中銀-員林,2024-06-17,6114
6125,廣運,14,1,13,台中銀-員林,2024-06-17,6114
5347,世界,16,4,12,台中銀-員林,2024-06-17,6114
2002,中鋼,16,4,12,台中銀-員林,2024-06-17,6114
1503,士電,13,1,12,台中銀-員林,2024-06-17,6114
00947,台新臺灣IC設計,11,0,11,台中銀-員林,2024-06-17,6114
1618,合機,49,38,11,台中銀-員林,2024-06-17,6114
3260,威剛,11,0,11,台中銀-員林,2024-06-17,6114
8454,富邦媒,11,0,11,台中銀-員林,2024-06-17,6114
2313,華通,21,11,10,台中銀-員林,2024-06-17,6114
00933B,國泰10Y+金融債,10,0,10,台中銀-員林,2024-06-17,6114
00936,台新永續高息中小,191,6,185,台中銀-員林,2024-06-18,6114
9105,泰金寶-DR,175,4,171,台中銀-員林,2024-06-18,6114
00940,元大台灣價值高息,175,7,168,台中銀-員林,2024-06-18,6114
00632R,元大台灣50反1,200,45,155,台中銀-員林,2024-06-18,6114
2426,鼎元,100,0,100,台中銀-員林,2024-06-18,6114
00673R,期元大S＆P原油反1,78,0,78,台中銀-員林,2024-06-18,6114
00664R,國泰臺灣加權反1,52,0,52,台中銀-員林,2024-06-18,6114
00929,復華台灣科技優息,82,32,50,台中銀-員林,2024-06-18,6114
1326,台化,49,1,48,台中銀-員林,2024-06-18,6114
2002,中鋼,46,1,45,台中銀-員林,2024-06-18,6114
3481,群創,131,92,39,台中銀-員林,2024-06-18,6114
8096,擎亞,51,13,38,台中銀-員林,2024-06-18,6114
6282,康舒,39,4,35,台中銀-員林,2024-06-18,6114
00948B,中信優息投資級債,33,0,33,台中銀-員林,2024-06-18,6114
0056,元大高股息,34,1,33,台中銀-員林,2024-06-18,6114
1504,東元,32,0,32,台中銀-員林,2024-06-18,6114
1301,台塑,39,7,32,台中銀-員林,2024-06-18,6114
4580,捷流閥業,31,0,31,台中銀-員林,2024-06-18,6114
2355,敬鵬,45,15,30,台中銀-員林,2024-06-18,6114
3049,精金,30,0,30,台中銀-員林,2024-06-18,6114
8028,昇陽半導體,58,31,27,台中銀-員林,2024-06-18,6114
1303,南亞,26,1,25,台中銀-員林,2024-06-18,6114
00937B,群益ESG投等債20,24,0,24,台中銀-員林,2024-06-18,6114
2609,陽明,41,17,24,台中銀-員林,2024-06-18,6114
6182,合晶,22,0,22,台中銀-員林,2024-06-18,6114
00687B,國泰20年美債,22,0,22,台中銀-員林,2024-06-18,6114
00942B,台新美A公司債20+,20,0,20,台中銀-員林,2024-06-18,6114
5490,同亨,42,22,20,台中銀-員林,2024-06-18,6114
2371,大同,49,31,18,台中銀-員林,2024-06-18,6114
3673,TPK-KY,19,1,18,台中銀-員林,2024-06-18,6114
2486,一詮,30,14,16,台中銀-員林,2024-06-18,6114
6190,萬泰科,32,16,16,台中銀-員林,2024-06-18,6114
00857B,永豐20年美公債,15,0,15,台中銀-員林,2024-06-18,6114
00680L,元大美債20正2,15,0,15,台中銀-員林,2024-06-18,6114
3013,晟銘電,20,5,15,台中銀-員林,2024-06-18,6114
2515,中工,13,0,13,台中銀-員林,2024-06-18,6114
5443,均豪,21,8,13,台中銀-員林,2024-06-18,6114
00713,元大台灣高息低波,13,1,12,台中銀-員林,2024-06-18,6114
3622,洋華,18,6,12,台中銀-員林,2024-06-18,6114
1618,合機,21,10,11,台中銀-員林,2024-06-18,6114
2402,毅嘉,13,2,11,台中銀-員林,2024-06-18,6114
5243,乙盛-KY,11,0,11,台中銀-員林,2024-06-18,6114
00941,中信上游半導體,10,0,10,台中銀-員林,2024-06-18,6114
1732,毛寶,10,0,10,台中銀-員林,2024-06-18,6114
2353,宏��,12,2,10,台中銀-員林,2024-06-18,6114
4142,國光生,10,0,10,台中銀-員林,2024-06-18,6114
8064,東捷,44,34,10,台中銀-員林,2024-06-18,6114
4967,十銓,32,23,9,台中銀-員林,2024-06-18,6114
00947,台新臺灣IC設計,9,0,9,台中銀-員林,2024-06-18,6114
6147,頎邦,8,0,8,台中銀-員林,2024-06-18,6114
3481,群創,645,19,626,台中銀-員林,2024-06-19,6114
1301,台塑,211,0,211,台中銀-員林,2024-06-19,6114
00936,台新永續高息中小,123,7,116,台中銀-員林,2024-06-19,6114
1303,南亞,115,2,113,台中銀-員林,2024-06-19,6114
00940,元大台灣價值高息,116,27,89,台中銀-員林,2024-06-19,6114
2353,宏��,76,2,74,台中銀-員林,2024-06-19,6114
9105,泰金寶-DR,67,0,67,台中銀-員林,2024-06-19,6114
5469,瀚宇博,58,0,58,台中銀-員林,2024-06-19,6114
00918,大華優利高填息30,63,12,51,台中銀-員林,2024-06-19,6114
3483,力致,50,0,50,台中銀-員林,2024-06-19,6114
2371,大同,85,36,49,台中銀-員林,2024-06-19,6114
00632R,元大台灣50反1,256,209,47,台中銀-員林,2024-06-19,6114
00688L,國泰20年美債正2,45,0,45,台中銀-員林,2024-06-19,6114
00919,群益台灣精選高息,50,8,42,台中銀-員林,2024-06-19,6114
00712,復華富時不動產,42,0,42,台中銀-員林,2024-06-19,6114
3437,榮創,43,1,42,台中銀-員林,2024-06-19,6114
00933B,國泰10Y+金融債,37,0,37,台中銀-員林,2024-06-19,6114
00947,台新臺灣IC設計,36,0,36,台中銀-員林,2024-06-19,6114
2547,日勝生,36,1,35,台中銀-員林,2024-06-19,6114
2890,永豐金,35,0,35,台中銀-員林,2024-06-19,6114
2323,中環,36,3,33,台中銀-員林,2024-06-19,6114
3679,新至陞,32,1,31,台中銀-員林,2024-06-19,6114
00751B,元大AAA至A公司債,30,0,30,台中銀-員林,2024-06-19,6114
5443,均豪,38,8,30,台中銀-員林,2024-06-19,6114
6533,晶心科,30,1,29,台中銀-員林,2024-06-19,6114
6770,力積電,43,14,29,台中銀-員林,2024-06-19,6114
3231,緯創,40,14,26,台中銀-員林,2024-06-19,6114
4580,捷流閥業,25,0,25,台中銀-員林,2024-06-19,6114
8050,廣積,25,0,25,台中銀-員林,2024-06-19,6114
1609,大亞,27,2,25,台中銀-員林,2024-06-19,6114
2349,錸德,24,0,24,台中銀-員林,2024-06-19,6114
2601,益航,20,0,20,台中銀-員林,2024-06-19,6114
3006,晶豪科,20,0,20,台中銀-員林,2024-06-19,6114
00915,凱基優選高股息30,18,0,18,台中銀-員林,2024-06-19,6114
6116,彩晶,22,4,18,台中銀-員林,2024-06-19,6114
6190,萬泰科,31,13,18,台中銀-員林,2024-06-19,6114
4526,東台,17,0,17,台中銀-員林,2024-06-19,6114
1815,富喬,59,43,16,台中銀-員林,2024-06-19,6114
1785,光洋科,50,34,16,台中銀-員林,2024-06-19,6114
3047,訊舟,16,0,16,台中銀-員林,2024-06-19,6114
00673R,期元大S＆P原油反1,20,5,15,台中銀-員林,2024-06-19,6114
2328,廣宇,20,5,15,台中銀-員林,2024-06-19,6114
6156,松上,15,0,15,台中銀-員林,2024-06-19,6114
8088,品安,15,0,15,台中銀-員林,2024-06-19,6114
4908,前鼎,17,2,15,台中銀-員林,2024-06-19,6114
2330,台積電,21,6,15,台中銀-員林,2024-06-19,6114
1314,中石化,16,2,14,台中銀-員林,2024-06-19,6114
2002,中鋼,16,2,14,台中銀-員林,2024-06-19,6114
2472,立隆電,19,5,14,台中銀-員林,2024-06-19,6114
3673,TPK-KY,17,3,14,台中銀-員林,2024-06-19,6114
00940,元大台灣價值高息,306,36,270,台中銀-員林,2024-06-20,6114
00907,永豐優息存股,242,0,242,台中銀-員林,2024-06-20,6114
5469,瀚宇博,194,7,187,台中銀-員林,2024-06-20,6114
2323,中環,179,0,179,台中銀-員林,2024-06-20,6114
6182,合晶,148,0,148,台中銀-員林,2024-06-20,6114
2354,鴻準,163,25,138,台中銀-員林,2024-06-20,6114
2409,友達,112,1,111,台中銀-員林,2024-06-20,6114
1301,台塑,97,5,92,台中銀-員林,2024-06-20,6114
4142,國光生,80,0,80,台中銀-員林,2024-06-20,6114
00936,台新永續高息中小,80,2,78,台中銀-員林,2024-06-20,6114
00712,復華富時不動產,67,0,67,台中銀-員林,2024-06-20,6114
2834,臺企銀,60,9,51,台中銀-員林,2024-06-20,6114
4938,和碩,52,3,49,台中銀-員林,2024-06-20,6114
00687B,國泰20年美債,53,10,43,台中銀-員林,2024-06-20,6114
2888,新光金,46,10,36,台中銀-員林,2024-06-20,6114
2353,宏��,33,0,33,台中銀-員林,2024-06-20,6114
2892,第一金,32,0,32,台中銀-員林,2024-06-20,6114
00937B,群益ESG投等債20,31,0,31,台中銀-員林,2024-06-20,6114
2867,三商壽,31,2,29,台中銀-員林,2024-06-20,6114
2344,華邦電,31,5,26,台中銀-員林,2024-06-20,6114
9105,泰金寶-DR,45,23,22,台中銀-員林,2024-06-20,6114
8046,南電,22,1,21,台中銀-員林,2024-06-20,6114
4164,承業醫,20,0,20,台中銀-員林,2024-06-20,6114
00680L,元大美債20正2,19,0,19,台中銀-員林,2024-06-20,6114
2812,台中銀,19,0,19,台中銀-員林,2024-06-20,6114
2317,鴻海,95,79,16,台中銀-員林,2024-06-20,6114
00948B,中信優息投資級債,16,0,16,台中銀-員林,2024-06-20,6114
1316,上曜,22,6,16,台中銀-員林,2024-06-20,6114
00673R,期元大S＆P原油反1,15,0,15,台中銀-員林,2024-06-20,6114
6227,茂綸,16,1,15,台中銀-員林,2024-06-20,6114
2330,台積電,21,6,15,台中銀-員林,2024-06-20,6114
00929,復華台灣科技優息,55,41,14,台中銀-員林,2024-06-20,6114
2417,圓剛,15,1,14,台中銀-員林,2024-06-20,6114
2002,中鋼,13,0,13,台中銀-員林,2024-06-20,6114
3264,欣銓,19,6,13,台中銀-員林,2024-06-20,6114
2382,廣達,56,43,13,台中銀-員林,2024-06-20,6114
3339,泰谷,12,0,12,台中銀-員林,2024-06-20,6114
6016,康和證,12,0,12,台中銀-員林,2024-06-20,6114
00679B,元大美債20年,11,0,11,台中銀-員林,2024-06-20,6114
3055,蔚華科,44,33,11,台中銀-員林,2024-06-20,6114
2616,山隆,10,0,10,台中銀-員林,2024-06-20,6114
00751B,元大AAA至A公司債,10,0,10,台中銀-員林,2024-06-20,6114
00665L,富邦�琤肭磪囓�2,10,0,10,台中銀-員林,2024-06-20,6114
2442,新美齊,10,0,10,台中銀-員林,2024-06-20,6114
2845,遠東銀,10,0,10,台中銀-員林,2024-06-20,6114
3570,大塚,10,0,10,台中銀-員林,2024-06-20,6114
8277,商丞,15,5,10,台中銀-員林,2024-06-20,6114
6177,達麗,25,15,10,台中銀-員林,2024-06-20,6114
2883,凱基金,10,1,9,台中銀-員林,2024-06-20,6114
3535,晶彩科,15,6,9,台中銀-員林,2024-06-20,6114
1301,台塑,619,221,398,台中銀-員林,2024-06-21,6114
00937B,群益ESG投等債20,180,0,180,台中銀-員林,2024-06-21,6114
5469,瀚宇博,162,0,162,台中銀-員林,2024-06-21,6114
2314,台揚,150,2,148,台中銀-員林,2024-06-21,6114
00929,復華台灣科技優息,131,1,130,台中銀-員林,2024-06-21,6114
00940,元大台灣價值高息,127,6,121,台中銀-員林,2024-06-21,6114
6182,合晶,118,0,118,台中銀-員林,2024-06-21,6114
00637L,元大滬深300正2,102,0,102,台中銀-員林,2024-06-21,6114
00907,永豐優息存股,106,6,100,台中銀-員林,2024-06-21,6114
6290,良維,104,4,100,台中銀-員林,2024-06-21,6114
2609,陽明,161,74,87,台中銀-員林,2024-06-21,6114
00919,群益台灣精選高息,101,15,86,台中銀-員林,2024-06-21,6114
00948B,中信優息投資級債,59,0,59,台中銀-員林,2024-06-21,6114
2440,太空梭,55,0,55,台中銀-員林,2024-06-21,6114
9105,泰金寶-DR,60,11,49,台中銀-員林,2024-06-21,6114
2317,鴻海,42,10,32,台中銀-員林,2024-06-21,6114
3047,訊舟,60,29,31,台中銀-員林,2024-06-21,6114
00936,台新永續高息中小,28,0,28,台中銀-員林,2024-06-21,6114
6125,廣運,29,3,26,台中銀-員林,2024-06-21,6114
00881,國泰台灣5G+,32,7,25,台中銀-員林,2024-06-21,6114
00878,國泰永續高股息,25,0,25,台中銀-員林,2024-06-21,6114
00918,大華優利高填息30,23,0,23,台中銀-員林,2024-06-21,6114
2382,廣達,27,5,22,台中銀-員林,2024-06-21,6114
00687B,國泰20年美債,21,0,21,台中銀-員林,2024-06-21,6114
2610,華航,35,14,21,台中銀-員林,2024-06-21,6114
3202,樺晟,20,0,20,台中銀-員林,2024-06-21,6114
00680L,元大美債20正2,19,0,19,台中銀-員林,2024-06-21,6114
00947,台新臺灣IC設計,17,0,17,台中銀-員林,2024-06-21,6114
8046,南電,17,0,17,台中銀-員林,2024-06-21,6114
6472,保瑞,18,1,17,台中銀-員林,2024-06-21,6114
4566,時碩工業,36,20,16,台中銀-員林,2024-06-21,6114
2498,宏達電,20,4,16,台中銀-員林,2024-06-21,6114
2504,國產,20,4,16,台中銀-員林,2024-06-21,6114
6560,欣普羅,16,0,16,台中銀-員林,2024-06-21,6114
00673R,期元大S＆P原油反1,15,0,15,台中銀-員林,2024-06-21,6114
4114,健喬,21,7,14,台中銀-員林,2024-06-21,6114
2316,楠梓電,268,255,13,台中銀-員林,2024-06-21,6114
6239,力成,13,0,13,台中銀-員林,2024-06-21,6114
8028,昇陽半導體,19,6,13,台中銀-員林,2024-06-21,6114
2329,華泰,31,19,12,台中銀-員林,2024-06-21,6114
3715,定穎投控,13,1,12,台中銀-員林,2024-06-21,6114
4108,懷特,12,0,12,台中銀-員林,2024-06-21,6114
6285,啟��,12,1,11,台中銀-員林,2024-06-21,6114
00753L,中信中國50正2,11,0,11,台中銀-員林,2024-06-21,6114
4153,鈺緯,11,0,11,台中銀-員林,2024-06-21,6114
4513,福裕,11,0,11,台中銀-員林,2024-06-21,6114
6548,長科*,11,0,11,台中銀-員林,2024-06-21,6114
00713,元大台灣高息低波,10,0,10,台中銀-員林,2024-06-21,6114
00712,復華富時不動產,10,0,10,台中銀-員林,2024-06-21,6114
1570,力肯,10,0,10,台中銀-員林,2024-06-21,6114
4942,嘉彰,173,3,170,台中銀-員林,2024-06-24,6114
00919,群益台灣精選高息,182,61,121,台中銀-員林,2024-06-24,6114
6182,合晶,278,163,115,台中銀-員林,2024-06-24,6114
00664R,國泰臺灣加權反1,100,0,100,台中銀-員林,2024-06-24,6114
00936,台新永續高息中小,81,0,81,台中銀-員林,2024-06-24,6114
9105,泰金寶-DR,71,0,71,台中銀-員林,2024-06-24,6114
1785,光洋科,92,39,53,台中銀-員林,2024-06-24,6114
8046,南電,51,0,51,台中銀-員林,2024-06-24,6114
00715L,期街口布蘭特正2,50,0,50,台中銀-員林,2024-06-24,6114
00679B,元大美債20年,56,6,50,台中銀-員林,2024-06-24,6114
2603,長榮,43,0,43,台中銀-員林,2024-06-24,6114
2409,友達,45,2,43,台中銀-員林,2024-06-24,6114
1326,台化,42,0,42,台中銀-員林,2024-06-24,6114
2883,凱基金,50,8,42,台中銀-員林,2024-06-24,6114
4566,時碩工業,67,30,37,台中銀-員林,2024-06-24,6114
4526,東台,43,7,36,台中銀-員林,2024-06-24,6114
3062,建漢,97,61,36,台中銀-員林,2024-06-24,6114
2353,宏��,36,1,35,台中銀-員林,2024-06-24,6114
00665L,富邦�琤肭磪囓�2,35,0,35,台中銀-員林,2024-06-24,6114
00937B,群益ESG投等債20,43,8,35,台中銀-員林,2024-06-24,6114
3290,東浦,30,0,30,台中銀-員林,2024-06-24,6114
2888,新光金,43,14,29,台中銀-員林,2024-06-24,6114
3047,訊舟,35,6,29,台中銀-員林,2024-06-24,6114
00940,元大台灣價值高息,36,9,27,台中銀-員林,2024-06-24,6114
6770,力積電,28,1,27,台中銀-員林,2024-06-24,6114
2615,萬海,273,248,25,台中銀-員林,2024-06-24,6114
2061,風青,43,18,25,台中銀-員林,2024-06-24,6114
2618,長榮航,42,17,25,台中銀-員林,2024-06-24,6114
6285,啟��,24,0,24,台中銀-員林,2024-06-24,6114
2317,鴻海,36,12,24,台中銀-員林,2024-06-24,6114
2314,台揚,23,0,23,台中銀-員林,2024-06-24,6114
6244,茂迪,23,0,23,台中銀-員林,2024-06-24,6114
2609,陽明,42,20,22,台中銀-員林,2024-06-24,6114
00946,群益科技高息成長,19,0,19,台中銀-員林,2024-06-24,6114
00687B,國泰20年美債,24,5,19,台中銀-員林,2024-06-24,6114
4967,十銓,21,3,18,台中銀-員林,2024-06-24,6114
00881,國泰台灣5G+,18,1,17,台中銀-員林,2024-06-24,6114
2352,佳世達,18,1,17,台中銀-員林,2024-06-24,6114
8028,昇陽半導體,39,23,16,台中銀-員林,2024-06-24,6114
00929,復華台灣科技優息,186,170,16,台中銀-員林,2024-06-24,6114
00878,國泰永續高股息,22,7,15,台中銀-員林,2024-06-24,6114
1319,東陽,15,0,15,台中銀-員林,2024-06-24,6114
2330,台積電,20,6,14,台中銀-員林,2024-06-24,6114
00933B,國泰10Y+金融債,14,0,14,台中銀-員林,2024-06-24,6114
2349,錸德,14,0,14,台中銀-員林,2024-06-24,6114
3231,緯創,16,3,13,台中銀-員林,2024-06-24,6114
3706,神達,13,0,13,台中銀-員林,2024-06-24,6114
1316,上曜,43,30,13,台中銀-員林,2024-06-24,6114
3265,台星科,13,0,13,台中銀-員林,2024-06-24,6114
00712,復華富時不動產,12,0,12,台中銀-員林,2024-06-24,6114
3481,群創,3063,1584,1479,台中銀-員林,2024-06-25,6114
4942,嘉彰,143,0,143,台中銀-員林,2024-06-25,6114
1301,台塑,119,0,119,台中銀-員林,2024-06-25,6114
5521,工信,120,3,117,台中銀-員林,2024-06-25,6114
2303,聯電,115,8,107,台中銀-員林,2024-06-25,6114
00929,復華台灣科技優息,103,5,98,台中銀-員林,2024-06-25,6114
6116,彩晶,94,4,90,台中銀-員林,2024-06-25,6114
2352,佳世達,103,19,84,台中銀-員林,2024-06-25,6114
2354,鴻準,106,22,84,台中銀-員林,2024-06-25,6114
2409,友達,70,5,65,台中銀-員林,2024-06-25,6114
00936,台新永續高息中小,64,0,64,台中銀-員林,2024-06-25,6114
00679B,元大美債20年,86,23,63,台中銀-員林,2024-06-25,6114
00919,群益台灣精選高息,57,21,36,台中銀-員林,2024-06-25,6114
5452,佶優,100,65,35,台中銀-員林,2024-06-25,6114
1815,富喬,60,25,35,台中銀-員林,2024-06-25,6114
9105,泰金寶-DR,68,35,33,台中銀-員林,2024-06-25,6114
6695,芯鼎,49,20,29,台中銀-員林,2024-06-25,6114
2834,臺企銀,27,4,23,台中銀-員林,2024-06-25,6114
2356,英業達,25,3,22,台中銀-員林,2024-06-25,6114
2883,凱基金,28,6,22,台中銀-員林,2024-06-25,6114
8046,南電,22,0,22,台中銀-員林,2024-06-25,6114
1326,台化,21,0,21,台中銀-員林,2024-06-25,6114
00940,元大台灣價值高息,31,11,20,台中銀-員林,2024-06-25,6114
00676R,富邦臺灣加權反1,20,0,20,台中銀-員林,2024-06-25,6114
00922,國泰台灣領袖50,20,0,20,台中銀-員林,2024-06-25,6114
4956,光鋐,20,0,20,台中銀-員林,2024-06-25,6114
6470,宇智,22,2,20,台中銀-員林,2024-06-25,6114
2002,中鋼,17,0,17,台中銀-員林,2024-06-25,6114
2812,台中銀,31,14,17,台中銀-員林,2024-06-25,6114
2891,中信金,16,0,16,台中銀-員林,2024-06-25,6114
00927,群益半導體收益,15,0,15,台中銀-員林,2024-06-25,6114
00752,中信中國50,15,0,15,台中銀-員林,2024-06-25,6114
3047,訊舟,26,11,15,台中銀-員林,2024-06-25,6114
2464,盟立,31,17,14,台中銀-員林,2024-06-25,6114
2313,華通,16,3,13,台中銀-員林,2024-06-25,6114
00878,國泰永續高股息,20,8,12,台中銀-員林,2024-06-25,6114
2009,第一銅,12,0,12,台中銀-員林,2024-06-25,6114
2031,新光鋼,12,0,12,台中銀-員林,2024-06-25,6114
2440,太空梭,22,10,12,台中銀-員林,2024-06-25,6114
00933B,國泰10Y+金融債,17,6,11,台中銀-員林,2024-06-25,6114
00881,國泰台灣5G+,11,0,11,台中銀-員林,2024-06-25,6114
2382,廣達,22,12,10,台中銀-員林,2024-06-25,6114
00725B,國泰投資級公司債,10,0,10,台中銀-員林,2024-06-25,6114
4108,懷特,10,0,10,台中銀-員林,2024-06-25,6114
4562,穎漢,15,5,10,台中銀-員林,2024-06-25,6114
6603,富強鑫,10,0,10,台中銀-員林,2024-06-25,6114
8277,商丞,10,0,10,台中銀-員林,2024-06-25,6114
4903,聯光通,9,0,9,台中銀-員林,2024-06-25,6114
6698,旭暉應材,11,2,9,台中銀-員林,2024-06-25,6114
00947,台新臺灣IC設計,8,0,8,台中銀-員林,2024-06-25,6114
3481,群創,750,59,691,台中銀-員林,2024-06-26,6114
1301,台塑,207,2,205,台中銀-員林,2024-06-26,6114
2354,鴻準,168,36,132,台中銀-員林,2024-06-26,6114
00936,台新永續高息中小,78,2,76,台中銀-員林,2024-06-26,6114
1326,台化,84,11,73,台中銀-員林,2024-06-26,6114
2425,承啟,62,0,62,台中銀-員林,2024-06-26,6114
2409,友達,58,1,57,台中銀-員林,2024-06-26,6114
00637L,元大滬深300正2,53,3,50,台中銀-員林,2024-06-26,6114
1909,榮成,42,0,42,台中銀-員林,2024-06-26,6114
3029,零壹,44,2,42,台中銀-員林,2024-06-26,6114
2812,台中銀,34,0,34,台中銀-員林,2024-06-26,6114
8926,台汽電,31,0,31,台中銀-員林,2024-06-26,6114
8046,南電,40,10,30,台中銀-員林,2024-06-26,6114
00937B,群益ESG投等債20,33,3,30,台中銀-員林,2024-06-26,6114
2609,陽明,44,16,28,台中銀-員林,2024-06-26,6114
2890,永豐金,26,0,26,台中銀-員林,2024-06-26,6114
3535,晶彩科,50,24,26,台中銀-員林,2024-06-26,6114
2882,國泰金,21,0,21,台中銀-員林,2024-06-26,6114
1303,南亞,20,0,20,台中銀-員林,2024-06-26,6114
2543,皇昌,22,2,20,台中銀-員林,2024-06-26,6114
4942,嘉彰,20,0,20,台中銀-員林,2024-06-26,6114
2002,中鋼,21,3,18,台中銀-員林,2024-06-26,6114
2891,中信金,17,0,17,台中銀-員林,2024-06-26,6114
2392,正崴,19,2,17,台中銀-員林,2024-06-26,6114
3093,港建*,17,0,17,台中銀-員林,2024-06-26,6114
00919,群益台灣精選高息,18,2,16,台中銀-員林,2024-06-26,6114
3492,長盛,15,0,15,台中銀-員林,2024-06-26,6114
2615,萬海,222,208,14,台中銀-員林,2024-06-26,6114
00632R,元大台灣50反1,15,1,14,台中銀-員林,2024-06-26,6114
1503,士電,15,1,14,台中銀-員林,2024-06-26,6114
6271,同欣電,14,0,14,台中銀-員林,2024-06-26,6114
00679B,元大美債20年,18,5,13,台中銀-員林,2024-06-26,6114
2374,佳能,15,2,13,台中銀-員林,2024-06-26,6114
00687B,國泰20年美債,14,1,13,台中銀-員林,2024-06-26,6114
1316,上曜,15,2,13,台中銀-員林,2024-06-26,6114
6116,彩晶,13,0,13,台中銀-員林,2024-06-26,6114
6505,台塑化,13,0,13,台中銀-員林,2024-06-26,6114
6770,力積電,20,7,13,台中銀-員林,2024-06-26,6114
5452,佶優,33,22,11,台中銀-員林,2024-06-26,6114
00751B,元大AAA至A公司債,10,0,10,台中銀-員林,2024-06-26,6114
00676R,富邦臺灣加權反1,10,0,10,台中銀-員林,2024-06-26,6114
00665L,富邦�琤肭磪囓�2,23,13,10,台中銀-員林,2024-06-26,6114
3715,定穎投控,11,1,10,台中銀-員林,2024-06-26,6114
6806,森崴能源,14,5,9,台中銀-員林,2024-06-26,6114
6217,中探針,22,13,9,台中銀-員林,2024-06-26,6114
9945,潤泰新,11,2,9,台中銀-員林,2024-06-26,6114
6533,晶心科,10,1,9,台中銀-員林,2024-06-26,6114
00947,台新臺灣IC設計,8,0,8,台中銀-員林,2024-06-26,6114
1101,台泥,12,4,8,台中銀-員林,2024-06-26,6114
1802,台玻,8,0,8,台中銀-員林,2024-06-26,6114
3481,群創,2136,1226,910,台中銀-員林,2024-06-27,6114
00929,復華台灣科技優息,149,0,149,台中銀-員林,2024-06-27,6114
1909,榮成,128,0,128,台中銀-員林,2024-06-27,6114
00936,台新永續高息中小,114,0,114,台中銀-員林,2024-06-27,6114
5871,中租-KY,66,4,62,台中銀-員林,2024-06-27,6114
4938,和碩,55,0,55,台中銀-員林,2024-06-27,6114
5521,工信,50,0,50,台中銀-員林,2024-06-27,6114
8046,南電,50,0,50,台中銀-員林,2024-06-27,6114
9105,泰金寶-DR,54,10,44,台中銀-員林,2024-06-27,6114
4942,嘉彰,41,0,41,台中銀-員林,2024-06-27,6114
00687B,國泰20年美債,39,1,38,台中銀-員林,2024-06-27,6114
8064,東捷,44,7,37,台中銀-員林,2024-06-27,6114
00665L,富邦�琤肭磪囓�2,35,0,35,台中銀-員林,2024-06-27,6114
5443,均豪,50,17,33,台中銀-員林,2024-06-27,6114
00937B,群益ESG投等債20,31,0,31,台中銀-員林,2024-06-27,6114
2031,新光鋼,30,0,30,台中銀-員林,2024-06-27,6114
3290,東浦,30,0,30,台中銀-員林,2024-06-27,6114
1303,南亞,28,0,28,台中銀-員林,2024-06-27,6114
1326,台化,27,0,27,台中銀-員林,2024-06-27,6114
6116,彩晶,23,0,23,台中銀-員林,2024-06-27,6114
2489,瑞軒,29,7,22,台中銀-員林,2024-06-27,6114
2885,元大金,23,1,22,台中銀-員林,2024-06-27,6114
2440,太空梭,20,0,20,台中銀-員林,2024-06-27,6114
2812,台中銀,23,3,20,台中銀-員林,2024-06-27,6114
00878,國泰永續高股息,20,1,19,台中銀-員林,2024-06-27,6114
2312,金寶,20,1,19,台中銀-員林,2024-06-27,6114
4566,時碩工業,39,21,18,台中銀-員林,2024-06-27,6114
5243,乙盛-KY,31,14,17,台中銀-員林,2024-06-27,6114
00753L,中信中國50正2,16,0,16,台中銀-員林,2024-06-27,6114
4167,松瑞藥,36,20,16,台中銀-員林,2024-06-27,6114
9904,寶成,16,0,16,台中銀-員林,2024-06-27,6114
3047,訊舟,95,80,15,台中銀-員林,2024-06-27,6114
8076,伍豐,47,32,15,台中銀-員林,2024-06-27,6114
00679B,元大美債20年,22,8,14,台中銀-員林,2024-06-27,6114
00933B,國泰10Y+金融債,14,0,14,台中銀-員林,2024-06-27,6114
00919,群益台灣精選高息,17,4,13,台中銀-員林,2024-06-27,6114
00948B,中信優息投資級債,13,0,13,台中銀-員林,2024-06-27,6114
1316,上曜,18,5,13,台中銀-員林,2024-06-27,6114
3390,旭軟,13,0,13,台中銀-員林,2024-06-27,6114
3312,弘憶股,78,65,13,台中銀-員林,2024-06-27,6114
1522,堤維西,13,1,12,台中銀-員林,2024-06-27,6114
1760,寶齡富錦,15,3,12,台中銀-員林,2024-06-27,6114
2467,志聖,12,0,12,台中銀-員林,2024-06-27,6114
3712,永崴投控,24,12,12,台中銀-員林,2024-06-27,6114
6505,台塑化,12,0,12,台中銀-員林,2024-06-27,6114
3231,緯創,18,7,11,台中銀-員林,2024-06-27,6114
3708,上緯投控,11,0,11,台中銀-員林,2024-06-27,6114
6173,信昌電,11,0,11,台中銀-員林,2024-06-27,6114
8085,福華,11,0,11,台中銀-員林,2024-06-27,6114
1605,華新,11,1,10,台中銀-員林,2024-06-27,6114
6182,合晶,574,0,574,台中銀-員林,2024-06-28,6114
00687B,國泰20年美債,47,0,47,台中銀-員林,2024-06-28,6114
00940,元大台灣價值高息,55,10,45,台中銀-員林,2024-06-28,6114
00712,復華富時不動產,44,0,44,台中銀-員林,2024-06-28,6114
1785,光洋科,75,36,39,台中銀-員林,2024-06-28,6114
2883,凱基金,34,3,31,台中銀-員林,2024-06-28,6114
3290,東浦,30,0,30,台中銀-員林,2024-06-28,6114
3576,聯合再生,54,27,27,台中銀-員林,2024-06-28,6114
0056,元大高股息,20,1,19,台中銀-員林,2024-06-28,6114
2618,長榮航,37,19,18,台中銀-員林,2024-06-28,6114
00679B,元大美債20年,17,0,17,台中銀-員林,2024-06-28,6114
2489,瑞軒,17,0,17,台中銀-員林,2024-06-28,6114
3312,弘憶股,108,92,16,台中銀-員林,2024-06-28,6114
00650L,復華香港正2,26,10,16,台中銀-員林,2024-06-28,6114
1457,宜進,16,0,16,台中銀-員林,2024-06-28,6114
2002,中鋼,14,0,14,台中銀-員林,2024-06-28,6114
2495,普安,21,7,14,台中銀-員林,2024-06-28,6114
2324,仁寶,13,0,13,台中銀-員林,2024-06-28,6114
3093,港建*,15,2,13,台中銀-員林,2024-06-28,6114
8277,商丞,13,0,13,台中銀-員林,2024-06-28,6114
2609,陽明,23,11,12,台中銀-員林,2024-06-28,6114
00919,群益台灣精選高息,15,2,13,台中銀-員林,2024-06-28,6114
2812,台中銀,12,0,12,台中銀-員林,2024-06-28,6114
2547,日勝生,12,0,12,台中銀-員林,2024-06-28,6114
3580,友威科,17,5,12,台中銀-員林,2024-06-28,6114
4167,松瑞藥,15,3,12,台中銀-員林,2024-06-28,6114
2301,光寶科,12,0,12,台中銀-員林,2024-06-28,6114
2303,聯電,11,0,11,台中銀-員林,2024-06-28,6114
5452,佶優,25,14,11,台中銀-員林,2024-06-28,6114
6244,茂迪,30,19,11,台中銀-員林,2024-06-28,6114
2337,旺宏,10,0,10,台中銀-員林,2024-06-28,6114
3048,益登,18,8,10,台中銀-員林,2024-06-28,6114
3264,欣銓,15,5,10,台中銀-員林,2024-06-28,6114
4915,致伸,10,0,10,台中銀-員林,2024-06-28,6114
6016,康和證,10,0,10,台中銀-員林,2024-06-28,6114
6156,松上,10,0,10,台中銀-員林,2024-06-28,6114
6560,欣普羅,10,0,10,台中銀-員林,2024-06-28,6114
00929,復華台灣科技優息,70,60,10,台中銀-員林,2024-06-28,6114
00937B,群益ESG投等債20,9,0,9,台中銀-員林,2024-06-28,6114
1611,中電,11,3,8,台中銀-員林,2024-06-28,6114
2352,佳世達,10,2,8,台中銀-員林,2024-06-28,6114
4113,聯上,8,0,8,台中銀-員林,2024-06-28,6114
5392,能率,33,25,8,台中銀-員林,2024-06-28,6114
9958,世紀鋼,10,3,7,台中銀-員林,2024-06-28,6114
4977,眾達-KY,7,0,7,台中銀-員林,2024-06-28,6114
6472,保瑞,8,1,7,台中銀-員林,2024-06-28,6114
2317,鴻海,15,8,7,台中銀-員林,2024-06-28,6114
1529,樂事綠能,6,0,6,台中銀-員林,2024-06-28,6114
2371,大同,6,0,6,台中銀-員林,2024-06-28,6114
3492,長盛,6,0,6,台中銀-員林,2024-06-28,6114
3481,群創,925,6,919,台中銀-員林,2024-07-01,6114
00937B,群益ESG投等債20,585,0,585,台中銀-員林,2024-07-01,6114
00929,復華台灣科技優息,245,4,241,台中銀-員林,2024-07-01,6114
6182,合晶,180,1,179,台中銀-員林,2024-07-01,6114
00948B,中信優息投資級債,165,60,105,台中銀-員林,2024-07-01,6114
2834,臺企銀,103,5,98,台中銀-員林,2024-07-01,6114
00687B,國泰20年美債,70,0,70,台中銀-員林,2024-07-01,6114
2365,昆盈,121,70,51,台中銀-員林,2024-07-01,6114
0056,元大高股息,46,1,45,台中銀-員林,2024-07-01,6114
1326,台化,43,0,43,台中銀-員林,2024-07-01,6114
2883,凱基金,44,1,43,台中銀-員林,2024-07-01,6114
00679B,元大美債20年,39,0,39,台中銀-員林,2024-07-01,6114
2464,盟立,45,9,36,台中銀-員林,2024-07-01,6114
2349,錸德,34,2,32,台中銀-員林,2024-07-01,6114
00680L,元大美債20正2,35,4,31,台中銀-員林,2024-07-01,6114
2355,敬鵬,33,3,30,台中銀-員林,2024-07-01,6114
2367,燿華,30,1,29,台中銀-員林,2024-07-01,6114
00933B,國泰10Y+金融債,29,0,29,台中銀-員林,2024-07-01,6114
00673R,期元大S＆P原油反1,24,0,24,台中銀-員林,2024-07-01,6114
2472,立隆電,25,2,23,台中銀-員林,2024-07-01,6114
2313,華通,53,31,22,台中銀-員林,2024-07-01,6114
2303,聯電,23,3,20,台中銀-員林,2024-07-01,6114
4534,慶騰,22,3,19,台中銀-員林,2024-07-01,6114
8072,陞泰,20,1,19,台中銀-員林,2024-07-01,6114
4562,穎漢,34,16,18,台中銀-員林,2024-07-01,6114
3483,力致,22,5,17,台中銀-員林,2024-07-01,6114
2439,美律,18,1,17,台中銀-員林,2024-07-01,6114
4563,百德,18,1,17,台中銀-員林,2024-07-01,6114
2027,大成鋼,16,0,16,台中銀-員林,2024-07-01,6114
2352,佳世達,20,4,16,台中銀-員林,2024-07-01,6114
2427,三商電,16,0,16,台中銀-員林,2024-07-01,6114
9910,豐泰,15,0,15,台中銀-員林,2024-07-01,6114
3264,欣銓,15,0,15,台中銀-員林,2024-07-01,6114
3679,新至陞,15,0,15,台中銀-員林,2024-07-01,6114
8104,錸寶,15,0,15,台中銀-員林,2024-07-01,6114
5009,榮剛,15,1,14,台中銀-員林,2024-07-01,6114
2409,友達,14,0,14,台中銀-員林,2024-07-01,6114
3703,欣陸,15,1,14,台中銀-員林,2024-07-01,6114
9904,寶成,15,1,14,台中銀-員林,2024-07-01,6114
00688L,國泰20年美債正2,13,0,13,台中銀-員林,2024-07-01,6114
3189,景碩,14,1,13,台中銀-員林,2024-07-01,6114
3211,順達,30,17,13,台中銀-員林,2024-07-01,6114
00751B,元大AAA至A公司債,11,0,11,台中銀-員林,2024-07-01,6114
2328,廣宇,11,0,11,台中銀-員林,2024-07-01,6114
2483,百容,12,1,11,台中銀-員林,2024-07-01,6114
2537,聯上發,11,0,11,台中銀-員林,2024-07-01,6114
3024,憶聲,23,12,11,台中銀-員林,2024-07-01,6114
2615,萬海,25,14,11,台中銀-員林,2024-07-01,6114
6290,良維,22,11,11,台中銀-員林,2024-07-01,6114
00936,台新永續高息中小,10,0,10,台中銀-員林,2024-07-01,6114
3481,群創,1169,6,1163,台中銀-員林,2024-07-02,6114
6182,合晶,443,2,441,台中銀-員林,2024-07-02,6114
2317,鴻海,200,4,196,台中銀-員林,2024-07-02,6114
00929,復華台灣科技優息,205,52,153,台中銀-員林,2024-07-02,6114
00936,台新永續高息中小,103,0,103,台中銀-員林,2024-07-02,6114
00934,中信成長高股息,93,0,93,台中銀-員林,2024-07-02,6114
1326,台化,82,4,78,台中銀-員林,2024-07-02,6114
2610,華航,131,57,74,台中銀-員林,2024-07-02,6114
0056,元大高股息,64,1,63,台中銀-員林,2024-07-02,6114
2353,宏��,64,1,63,台中銀-員林,2024-07-02,6114
00927,群益半導體收益,61,0,61,台中銀-員林,2024-07-02,6114
2303,聯電,68,15,53,台中銀-員林,2024-07-02,6114
00712,復華富時不動產,52,0,52,台中銀-員林,2024-07-02,6114
00687B,國泰20年美債,40,2,38,台中銀-員林,2024-07-02,6114
00679B,元大美債20年,33,0,33,台中銀-員林,2024-07-02,6114
2025,千興,31,0,31,台中銀-員林,2024-07-02,6114
3105,穩懋,32,4,28,台中銀-員林,2024-07-02,6114
00942B,台新美A公司債20+,27,0,27,台中銀-員林,2024-07-02,6114
3703,欣陸,27,0,27,台中銀-員林,2024-07-02,6114
2002,中鋼,27,5,22,台中銀-員林,2024-07-02,6114
1303,南亞,23,1,22,台中銀-員林,2024-07-02,6114
4561,健椿,25,4,21,台中銀-員林,2024-07-02,6114
00725B,國泰投資級公司債,20,0,20,台中銀-員林,2024-07-02,6114
00673R,期元大S＆P原油反1,20,0,20,台中銀-員林,2024-07-02,6114
2312,金寶,20,0,20,台中銀-員林,2024-07-02,6114
4123,晟德,47,28,19,台中銀-員林,2024-07-02,6114
1785,光洋科,54,38,16,台中銀-員林,2024-07-02,6114
6177,達麗,21,5,16,台中銀-員林,2024-07-02,6114
00948B,中信優息投資級債,15,0,15,台中銀-員林,2024-07-02,6114
2349,錸德,62,47,15,台中銀-員林,2024-07-02,6114
3268,海德威,15,0,15,台中銀-員林,2024-07-02,6114
3576,聯合再生,27,12,15,台中銀-員林,2024-07-02,6114
00933B,國泰10Y+金融債,14,0,14,台中銀-員林,2024-07-02,6114
2324,仁寶,14,0,14,台中銀-員林,2024-07-02,6114
2409,友達,18,4,14,台中銀-員林,2024-07-02,6114
00918,大華優利高填息30,13,0,13,台中銀-員林,2024-07-02,6114
3059,華晶科,26,13,13,台中銀-員林,2024-07-02,6114
6173,信昌電,15,2,13,台中銀-員林,2024-07-02,6114
3535,晶彩科,66,54,12,台中銀-員林,2024-07-02,6114
2609,陽明,28,16,12,台中銀-員林,2024-07-02,6114
2603,長榮,38,27,11,台中銀-員林,2024-07-02,6114
00881,國泰台灣5G+,11,0,11,台中銀-員林,2024-07-02,6114
1301,台塑,12,1,11,台中銀-員林,2024-07-02,6114
3537,堡達,18,7,11,台中銀-員林,2024-07-02,6114
5355,佳總,11,0,11,台中銀-員林,2024-07-02,6114
6271,同欣電,11,0,11,台中銀-員林,2024-07-02,6114
00878,國泰永續高股息,10,0,10,台中銀-員林,2024-07-02,6114
1457,宜進,10,0,10,台中銀-員林,2024-07-02,6114
2429,銘旺科,10,0,10,台中銀-員林,2024-07-02,6114
4580,捷流閥業,11,1,10,台中銀-員林,2024-07-02,6114
2405,輔信,229,48,181,台中銀-員林,2024-07-03,6114
00687B,國泰20年美債,72,3,69,台中銀-員林,2024-07-03,6114
3362,先進光,64,1,63,台中銀-員林,2024-07-03,6114
8046,南電,69,10,59,台中銀-員林,2024-07-03,6114
00927,群益半導體收益,55,0,55,台中銀-員林,2024-07-03,6114
2885,元大金,53,0,53,台中銀-員林,2024-07-03,6114
00937B,群益ESG投等債20,50,2,48,台中銀-員林,2024-07-03,6114
6770,力積電,53,12,41,台中銀-員林,2024-07-03,6114
00936,台新永續高息中小,39,0,39,台中銀-員林,2024-07-03,6114
2891,中信金,50,12,38,台中銀-員林,2024-07-03,6114
2363,矽統,47,10,37,台中銀-員林,2024-07-03,6114
4960,誠美材,40,4,36,台中銀-員林,2024-07-03,6114
3049,精金,35,0,35,台中銀-員林,2024-07-03,6114
00934,中信成長高股息,43,10,33,台中銀-員林,2024-07-03,6114
4534,慶騰,45,14,31,台中銀-員林,2024-07-03,6114
2367,燿華,54,24,30,台中銀-員林,2024-07-03,6114
2349,錸德,31,5,26,台中銀-員林,2024-07-03,6114
00919,群益台灣精選高息,53,28,25,台中銀-員林,2024-07-03,6114
1785,光洋科,40,17,23,台中銀-員林,2024-07-03,6114
2317,鴻海,28,5,23,台中銀-員林,2024-07-03,6114
5452,佶優,20,1,19,台中銀-員林,2024-07-03,6114
2406,國碩,25,7,18,台中銀-員林,2024-07-03,6114
3663,鑫科,21,3,18,台中銀-員林,2024-07-03,6114
5347,世界,27,10,17,台中銀-員林,2024-07-03,6114
5498,凱崴,17,0,17,台中銀-員林,2024-07-03,6114
00940,元大台灣價值高息,20,3,17,台中銀-員林,2024-07-03,6114
00680L,元大美債20正2,15,0,15,台中銀-員林,2024-07-03,6114
4915,致伸,19,4,15,台中銀-員林,2024-07-03,6114
6213,聯茂,17,2,15,台中銀-員林,2024-07-03,6114
8064,東捷,24,10,14,台中銀-員林,2024-07-03,6114
3005,神基,22,8,14,台中銀-員林,2024-07-03,6114
4580,捷流閥業,13,0,13,台中銀-員林,2024-07-03,6114
3535,晶彩科,37,24,13,台中銀-員林,2024-07-03,6114
6244,茂迪,26,13,13,台中銀-員林,2024-07-03,6114
6443,元晶,90,77,13,台中銀-員林,2024-07-03,6114
6206,飛捷,12,0,12,台中銀-員林,2024-07-03,6114
3048,益登,25,13,12,台中銀-員林,2024-07-03,6114
2303,聯電,13,1,12,台中銀-員林,2024-07-03,6114
00946,群益科技高息成長,11,0,11,台中銀-員林,2024-07-03,6114
1326,台化,11,0,11,台中銀-員林,2024-07-03,6114
2603,長榮,21,10,11,台中銀-員林,2024-07-03,6114
00949,復華日本龍頭,10,0,10,台中銀-員林,2024-07-03,6114
00893,國泰智能電動車,10,0,10,台中銀-員林,2024-07-03,6114
00673R,期元大S＆P原油反1,10,0,10,台中銀-員林,2024-07-03,6114
2440,太空梭,30,20,10,台中銀-員林,2024-07-03,6114
2534,宏盛,10,0,10,台中銀-員林,2024-07-03,6114
3027,盛達,11,1,10,台中銀-員林,2024-07-03,6114
3264,欣銓,10,0,10,台中銀-員林,2024-07-03,6114
00933B,國泰10Y+金融債,12,2,10,台中銀-員林,2024-07-03,6114
2105,正新,10,1,9,台中銀-員林,2024-07-03,6114
00937B,群益ESG投等債20,212,2,210,台中銀-員林,2024-07-04,6114
2405,輔信,162,73,89,台中銀-員林,2024-07-04,6114
2883,凱基金,100,17,83,台中銀-員林,2024-07-04,6114
1605,華新,71,0,71,台中銀-員林,2024-07-04,6114
2354,鴻準,85,15,70,台中銀-員林,2024-07-04,6114
00934,中信成長高股息,63,4,59,台中銀-員林,2024-07-04,6114
2618,長榮航,55,3,52,台中銀-員林,2024-07-04,6114
2412,中華電,49,0,49,台中銀-員林,2024-07-04,6114
00919,群益台灣精選高息,59,12,47,台中銀-員林,2024-07-04,6114
0056,元大高股息,56,11,45,台中銀-員林,2024-07-04,6114
00679B,元大美債20年,43,0,43,台中銀-員林,2024-07-04,6114
2344,華邦電,39,0,39,台中銀-員林,2024-07-04,6114
3189,景碩,37,0,37,台中銀-員林,2024-07-04,6114
2609,陽明,38,4,34,台中銀-員林,2024-07-04,6114
9105,泰金寶-DR,48,15,33,台中銀-員林,2024-07-04,6114
1815,富喬,50,20,30,台中銀-員林,2024-07-04,6114
1409,新纖,36,7,29,台中銀-員林,2024-07-04,6114
2483,百容,44,17,27,台中銀-員林,2024-07-04,6114
3312,弘憶股,87,60,27,台中銀-員林,2024-07-04,6114
2417,圓剛,35,8,27,台中銀-員林,2024-07-04,6114
3455,由田,32,8,24,台中銀-員林,2024-07-04,6114
2002,中鋼,26,3,23,台中銀-員林,2024-07-04,6114
1444,力麗,22,0,22,台中銀-員林,2024-07-04,6114
5347,世界,21,1,20,台中銀-員林,2024-07-04,6114
8383,千附,25,5,20,台中銀-員林,2024-07-04,6114
3492,長盛,24,5,19,台中銀-員林,2024-07-04,6114
00687B,國泰20年美債,46,28,18,台中銀-員林,2024-07-04,6114
6142,友勁,25,7,18,台中銀-員林,2024-07-04,6114
5202,力新,18,1,17,台中銀-員林,2024-07-04,6114
6443,元晶,38,22,16,台中銀-員林,2024-07-04,6114
2882,國泰金,19,5,14,台中銀-員林,2024-07-04,6114
2105,正新,14,0,14,台中銀-員林,2024-07-04,6114
2356,英業達,30,17,13,台中銀-員林,2024-07-04,6114
3050,鈺德,14,1,13,台中銀-員林,2024-07-04,6114
8071,能率網通,51,38,13,台中銀-員林,2024-07-04,6114
1785,光洋科,46,34,12,台中銀-員林,2024-07-04,6114
2359,所羅門,33,21,12,台中銀-員林,2024-07-04,6114
6152,百一,12,0,12,台中銀-員林,2024-07-04,6114
6532,瑞耘,16,4,12,台中銀-員林,2024-07-04,6114
2605,新興,12,1,11,台中銀-員林,2024-07-04,6114
2888,新光金,33,22,11,台中銀-員林,2024-07-04,6114
3450,聯鈞,41,31,10,台中銀-員林,2024-07-04,6114
6121,新普,10,0,10,台中銀-員林,2024-07-04,6114
00637L,元大滬深300正2,13,3,10,台中銀-員林,2024-07-04,6114
00673R,期元大S＆P原油反1,10,0,10,台中銀-員林,2024-07-04,6114
1326,台化,10,0,10,台中銀-員林,2024-07-04,6114
1445,大宇,10,0,10,台中銀-員林,2024-07-04,6114
3025,星通,14,4,10,台中銀-員林,2024-07-04,6114
3663,鑫科,27,17,10,台中銀-員林,2024-07-04,6114
4721,美琪瑪,11,1,10,台中銀-員林,2024-07-04,6114
00929,復華台灣科技優息,307,20,287,台中銀-員林,2024-07-05,6114
3706,神達,201,2,199,台中銀-員林,2024-07-05,6114
00934,中信成長高股息,117,0,117,台中銀-員林,2024-07-05,6114
00937B,群益ESG投等債20,125,15,110,台中銀-員林,2024-07-05,6114
6541,泰福-KY,110,2,108,台中銀-員林,2024-07-05,6114
00637L,元大滬深300正2,117,12,105,台中銀-員林,2024-07-05,6114
00936,台新永續高息中小,83,0,83,台中銀-員林,2024-07-05,6114
3576,聯合再生,82,17,65,台中銀-員林,2024-07-05,6114
2367,燿華,71,18,53,台中銀-員林,2024-07-05,6114
00706L,期元大S＆P日圓正2,50,0,50,台中銀-員林,2024-07-05,6114
2888,新光金,55,10,45,台中銀-員林,2024-07-05,6114
2609,陽明,46,4,42,台中銀-員林,2024-07-05,6114
00878,國泰永續高股息,45,3,42,台中銀-員林,2024-07-05,6114
9105,泰金寶-DR,43,3,40,台中銀-員林,2024-07-05,6114
00923,群益台ESG低碳50,38,0,38,台中銀-員林,2024-07-05,6114
1326,台化,33,0,33,台中銀-員林,2024-07-05,6114
1605,華新,32,0,32,台中銀-員林,2024-07-05,6114
8076,伍豐,32,3,29,台中銀-員林,2024-07-05,6114
3048,益登,46,18,28,台中銀-員林,2024-07-05,6114
5392,能率,47,20,27,台中銀-員林,2024-07-05,6114
1608,華榮,26,0,26,台中銀-員林,2024-07-05,6114
00712,復華富時不動產,23,0,23,台中銀-員林,2024-07-05,6114
4534,慶騰,23,2,21,台中銀-員林,2024-07-05,6114
6215,和椿,35,14,21,台中銀-員林,2024-07-05,6114
2349,錸德,27,6,21,台中銀-員林,2024-07-05,6114
4526,東台,21,0,21,台中銀-員林,2024-07-05,6114
8064,東捷,36,15,21,台中銀-員林,2024-07-05,6114
2615,萬海,38,17,21,台中銀-員林,2024-07-05,6114
2618,長榮航,59,38,21,台中銀-員林,2024-07-05,6114
00942B,台新美A公司債20+,20,0,20,台中銀-員林,2024-07-05,6114
1474,弘裕,20,0,20,台中銀-員林,2024-07-05,6114
2344,華邦電,21,1,20,台中銀-員林,2024-07-05,6114
2412,中華電,19,0,19,台中銀-員林,2024-07-05,6114
00909,國泰數位支付服務,17,0,17,台中銀-員林,2024-07-05,6114
2603,長榮,34,17,17,台中銀-員林,2024-07-05,6114
2392,正崴,21,5,16,台中銀-員林,2024-07-05,6114
3035,智原,19,4,15,台中銀-員林,2024-07-05,6114
2301,光寶科,15,1,14,台中銀-員林,2024-07-05,6114
2331,精英,14,0,14,台中銀-員林,2024-07-05,6114
4414,如興,20,6,14,台中銀-員林,2024-07-05,6114
0056,元大高股息,16,2,14,台中銀-員林,2024-07-05,6114
6188,廣明,29,16,13,台中銀-員林,2024-07-05,6114
1504,東元,14,1,13,台中銀-員林,2024-07-05,6114
2371,大同,18,5,13,台中銀-員林,2024-07-05,6114
4114,健喬,13,0,13,台中銀-員林,2024-07-05,6114
3047,訊舟,53,41,12,台中銀-員林,2024-07-05,6114
3483,力致,31,19,12,台中銀-員林,2024-07-05,6114
6443,元晶,36,24,12,台中銀-員林,2024-07-05,6114
5484,慧友,11,0,11,台中銀-員林,2024-07-05,6114
00927,群益半導體收益,11,0,11,台中銀-員林,2024-07-05,6114
2888,新光金,421,36,385,台中銀-員林,2024-07-08,6114
3481,群創,299,173,126,台中銀-員林,2024-07-08,6114
2354,鴻準,111,31,80,台中銀-員林,2024-07-08,6114
00934,中信成長高股息,76,0,76,台中銀-員林,2024-07-08,6114
00937B,群益ESG投等債20,96,21,75,台中銀-員林,2024-07-08,6114
1326,台化,75,0,75,台中銀-員林,2024-07-08,6114
8039,台虹,69,0,69,台中銀-員林,2024-07-08,6114
00919,群益台灣精選高息,71,5,66,台中銀-員林,2024-07-08,6114
00929,復華台灣科技優息,60,6,54,台中銀-員林,2024-07-08,6114
2610,華航,87,35,52,台中銀-員林,2024-07-08,6114
5443,均豪,103,56,47,台中銀-員林,2024-07-08,6114
00945B,凱基美國非投等債,46,0,46,台中銀-員林,2024-07-08,6114
8028,昇陽半導體,81,48,33,台中銀-員林,2024-07-08,6114
4580,捷流閥業,31,0,31,台中銀-員林,2024-07-08,6114
3535,晶彩科,42,11,31,台中銀-員林,2024-07-08,6114
6541,泰福-KY,30,0,30,台中銀-員林,2024-07-08,6114
1815,富喬,45,16,29,台中銀-員林,2024-07-08,6114
00680L,元大美債20正2,29,1,28,台中銀-員林,2024-07-08,6114
6152,百一,33,5,28,台中銀-員林,2024-07-08,6114
2353,宏��,33,9,24,台中銀-員林,2024-07-08,6114
8473,山林水,43,20,23,台中銀-員林,2024-07-08,6114
00687B,國泰20年美債,22,0,22,台中銀-員林,2024-07-08,6114
1785,光洋科,59,37,22,台中銀-員林,2024-07-08,6114
2618,長榮航,43,21,22,台中銀-員林,2024-07-08,6114
2313,華通,70,49,21,台中銀-員林,2024-07-08,6114
00665L,富邦�琤肭磪囓�2,20,0,20,台中銀-員林,2024-07-08,6114
1504,東元,20,0,20,台中銀-員林,2024-07-08,6114
5521,工信,20,0,20,台中銀-員林,2024-07-08,6114
2464,盟立,65,45,20,台中銀-員林,2024-07-08,6114
3492,長盛,20,1,19,台中銀-員林,2024-07-08,6114
3703,欣陸,20,1,19,台中銀-員林,2024-07-08,6114
00915,凱基優選高股息30,19,0,19,台中銀-員林,2024-07-08,6114
3363,上詮,18,0,18,台中銀-員林,2024-07-08,6114
6213,聯茂,18,1,17,台中銀-員林,2024-07-08,6114
2338,光罩,18,1,17,台中銀-員林,2024-07-08,6114
6126,信音,27,10,17,台中銀-員林,2024-07-08,6114
6901,鑽石投資,20,3,17,台中銀-員林,2024-07-08,6114
2344,華邦電,15,0,15,台中銀-員林,2024-07-08,6114
6133,金橋,15,0,15,台中銀-員林,2024-07-08,6114
4526,東台,21,6,15,台中銀-員林,2024-07-08,6114
3005,神基,14,0,14,台中銀-員林,2024-07-08,6114
3045,台灣大,14,0,14,台中銀-員林,2024-07-08,6114
3231,緯創,25,11,14,台中銀-員林,2024-07-08,6114
2371,大同,25,11,14,台中銀-員林,2024-07-08,6114
8374,羅昇,39,26,13,台中銀-員林,2024-07-08,6114
2615,萬海,31,19,12,台中銀-員林,2024-07-08,6114
00881,國泰台灣5G+,12,0,12,台中銀-員林,2024-07-08,6114
2421,建準,12,0,12,台中銀-員林,2024-07-08,6114
2439,美律,20,8,12,台中銀-員林,2024-07-08,6114
6505,台塑化,12,0,12,台中銀-員林,2024-07-08,6114
3481,群創,410,1,409,台中銀-員林,2024-07-09,6114
5469,瀚宇博,273,0,273,台中銀-員林,2024-07-09,6114
6182,合晶,204,1,203,台中銀-員林,2024-07-09,6114
2312,金寶,231,78,153,台中銀-員林,2024-07-09,6114
2834,臺企銀,100,0,100,台中銀-員林,2024-07-09,6114
8234,新漢,100,0,100,台中銀-員林,2024-07-09,6114
3047,訊舟,566,495,71,台中銀-員林,2024-07-09,6114
00688L,國泰20年美債正2,70,0,70,台中銀-員林,2024-07-09,6114
00919,群益台灣精選高息,76,7,69,台中銀-員林,2024-07-09,6114
00934,中信成長高股息,66,0,66,台中銀-員林,2024-07-09,6114
2618,長榮航,72,10,62,台中銀-員林,2024-07-09,6114
2353,宏��,58,5,53,台中銀-員林,2024-07-09,6114
00929,復華台灣科技優息,56,5,51,台中銀-員林,2024-07-09,6114
2506,太設,50,0,50,台中銀-員林,2024-07-09,6114
6116,彩晶,50,0,50,台中銀-員林,2024-07-09,6114
4960,誠美材,52,6,46,台中銀-員林,2024-07-09,6114
00936,台新永續高息中小,45,6,39,台中銀-員林,2024-07-09,6114
2356,英業達,46,9,37,台中銀-員林,2024-07-09,6114
3576,聯合再生,36,2,34,台中銀-員林,2024-07-09,6114
2349,錸德,49,16,33,台中銀-員林,2024-07-09,6114
8059,凱碩,34,1,33,台中銀-員林,2024-07-09,6114
8105,凌巨,39,7,32,台中銀-員林,2024-07-09,6114
2367,燿華,161,133,28,台中銀-員林,2024-07-09,6114
00632R,元大台灣50反1,30,3,27,台中銀-員林,2024-07-09,6114
0056,元大高股息,27,0,27,台中銀-員林,2024-07-09,6114
8935,邦泰,27,2,25,台中銀-員林,2024-07-09,6114
2392,正崴,76,53,23,台中銀-員林,2024-07-09,6114
6770,力積電,24,1,23,台中銀-員林,2024-07-09,6114
3149,正達,21,0,21,台中銀-員林,2024-07-09,6114
00650L,復華香港正2,22,2,20,台中銀-員林,2024-07-09,6114
1597,直得,20,0,20,台中銀-員林,2024-07-09,6114
5014,建錩,20,0,20,台中銀-員林,2024-07-09,6114
6788,華景電,20,0,20,台中銀-員林,2024-07-09,6114
2002,中鋼,19,0,19,台中銀-員林,2024-07-09,6114
3057,喬鼎,20,1,19,台中銀-員林,2024-07-09,6114
6213,聯茂,22,4,18,台中銀-員林,2024-07-09,6114
3033,威健,20,2,18,台中銀-員林,2024-07-09,6114
3050,鈺德,22,4,18,台中銀-員林,2024-07-09,6114
1612,宏泰,20,3,17,台中銀-員林,2024-07-09,6114
1326,台化,17,0,17,台中銀-員林,2024-07-09,6114
1528,恩德,25,8,17,台中銀-員林,2024-07-09,6114
3492,長盛,22,5,17,台中銀-員林,2024-07-09,6114
2105,正新,16,0,16,台中銀-員林,2024-07-09,6114
1301,台塑,15,0,15,台中銀-員林,2024-07-09,6114
2867,三商壽,17,2,15,台中銀-員林,2024-07-09,6114
00945B,凱基美國非投等債,14,0,14,台中銀-員林,2024-07-09,6114
1785,光洋科,46,32,14,台中銀-員林,2024-07-09,6114
6438,迅得,16,2,14,台中銀-員林,2024-07-09,6114
2027,大成鋼,13,0,13,台中銀-員林,2024-07-09,6114
2108,南帝,14,1,13,台中銀-員林,2024-07-09,6114
2405,輔信,142,26,116,台中銀-員林,2024-07-10,6114
6190,萬泰科,100,7,93,台中銀-員林,2024-07-10,6114
9105,泰金寶-DR,206,119,87,台中銀-員林,2024-07-10,6114
3049,精金,90,6,84,台中銀-員林,2024-07-10,6114
1326,台化,79,0,79,台中銀-員林,2024-07-10,6114
00940,元大台灣價值高息,102,24,78,台中銀-員林,2024-07-10,6114
00937B,群益ESG投等債20,60,5,55,台中銀-員林,2024-07-10,6114
00688L,國泰20年美債正2,46,0,46,台中銀-員林,2024-07-10,6114
6177,達麗,46,1,45,台中銀-員林,2024-07-10,6114
2301,光寶科,43,2,41,台中銀-員林,2024-07-10,6114
2371,大同,43,3,40,台中銀-員林,2024-07-10,6114
6182,合晶,39,0,39,台中銀-員林,2024-07-10,6114
00929,復華台灣科技優息,53,15,38,台中銀-員林,2024-07-10,6114
00679B,元大美債20年,33,2,31,台中銀-員林,2024-07-10,6114
00687B,國泰20年美債,31,1,30,台中銀-員林,2024-07-10,6114
2489,瑞軒,41,11,30,台中銀-員林,2024-07-10,6114
5309,系統電,37,8,29,台中銀-員林,2024-07-10,6114
2440,太空梭,29,0,29,台中銀-員林,2024-07-10,6114
2002,中鋼,25,0,25,台中銀-員林,2024-07-10,6114
1101,台泥,23,0,23,台中銀-員林,2024-07-10,6114
00680L,元大美債20正2,22,0,22,台中銀-員林,2024-07-10,6114
1808,潤隆,22,0,22,台中銀-員林,2024-07-10,6114
4904,遠傳,22,0,22,台中銀-員林,2024-07-10,6114
8046,南電,21,0,21,台中銀-員林,2024-07-10,6114
2303,聯電,24,3,21,台中銀-員林,2024-07-10,6114
2890,永豐金,20,0,20,台中銀-員林,2024-07-10,6114
5443,均豪,69,49,20,台中銀-員林,2024-07-10,6114
4142,國光生,20,0,20,台中銀-員林,2024-07-10,6114
6116,彩晶,20,1,19,台中銀-員林,2024-07-10,6114
3231,緯創,23,5,18,台中銀-員林,2024-07-10,6114
6806,森崴能源,32,15,17,台中銀-員林,2024-07-10,6114
2317,鴻海,32,16,16,台中銀-員林,2024-07-10,6114
00927,群益半導體收益,16,0,16,台中銀-員林,2024-07-10,6114
5426,振發,24,8,16,台中銀-員林,2024-07-10,6114
2353,宏��,47,32,15,台中銀-員林,2024-07-10,6114
2014,中鴻,15,0,15,台中銀-員林,2024-07-10,6114
6443,元晶,18,3,15,台中銀-員林,2024-07-10,6114
2406,國碩,17,3,14,台中銀-員林,2024-07-10,6114
2834,臺企銀,18,4,14,台中銀-員林,2024-07-10,6114
2891,中信金,15,1,14,台中銀-員林,2024-07-10,6114
00919,群益台灣精選高息,21,7,14,台中銀-員林,2024-07-10,6114
3094,聯傑,19,6,13,台中銀-員林,2024-07-10,6114
4562,穎漢,15,2,13,台中銀-員林,2024-07-10,6114
6213,聯茂,13,0,13,台中銀-員林,2024-07-10,6114
2537,聯上發,14,2,12,台中銀-員林,2024-07-10,6114
9910,豐泰,12,0,12,台中銀-員林,2024-07-10,6114
5876,上海商銀,11,0,11,台中銀-員林,2024-07-10,6114
00948B,中信優息投資級債,10,0,10,台中銀-員林,2024-07-10,6114
2064,晉椿,10,0,10,台中銀-員林,2024-07-10,6114
6488,環球晶,10,0,10,台中銀-員林,2024-07-10,6114
2888,新光金,318,97,221,台中銀-員林,2024-07-11,6114
9105,泰金寶-DR,167,33,134,台中銀-員林,2024-07-11,6114
2354,鴻準,112,10,102,台中銀-員林,2024-07-11,6114
2365,昆盈,126,44,82,台中銀-員林,2024-07-11,6114
00937B,群益ESG投等債20,73,2,71,台中銀-員林,2024-07-11,6114
8092,建暐,63,2,61,台中銀-員林,2024-07-11,6114
2891,中信金,48,3,45,台中銀-員林,2024-07-11,6114
00918,大華優利高填息30,45,1,44,台中銀-員林,2024-07-11,6114
5876,上海商銀,39,1,38,台中銀-員林,2024-07-11,6114
2867,三商壽,97,64,33,台中銀-員林,2024-07-11,6114
8234,新漢,31,2,29,台中銀-員林,2024-07-11,6114
2376,技嘉,28,2,26,台中銀-員林,2024-07-11,6114
2317,鴻海,42,16,26,台中銀-員林,2024-07-11,6114
1504,東元,26,2,24,台中銀-員林,2024-07-11,6114
3492,長盛,24,0,24,台中銀-員林,2024-07-11,6114
6163,華電網,27,4,23,台中銀-員林,2024-07-11,6114
8064,東捷,37,14,23,台中銀-員林,2024-07-11,6114
3312,弘憶股,63,40,23,台中銀-員林,2024-07-11,6114
3163,波若威,26,5,21,台中銀-員林,2024-07-11,6114
3285,微端,20,0,20,台中銀-員林,2024-07-11,6114
2439,美律,18,0,18,台中銀-員林,2024-07-11,6114
2353,宏��,59,41,18,台中銀-員林,2024-07-11,6114
1303,南亞,18,1,17,台中銀-員林,2024-07-11,6114
2464,盟立,56,39,17,台中銀-員林,2024-07-11,6114
3047,訊舟,76,59,17,台中銀-員林,2024-07-11,6114
00680L,元大美債20正2,16,0,16,台中銀-員林,2024-07-11,6114
2408,南亞科,16,0,16,台中銀-員林,2024-07-11,6114
6116,彩晶,19,3,16,台中銀-員林,2024-07-11,6114
8103,瀚荃,30,15,15,台中銀-員林,2024-07-11,6114
1609,大亞,17,2,15,台中銀-員林,2024-07-11,6114
3576,聯合再生,15,0,15,台中銀-員林,2024-07-11,6114
5452,佶優,59,44,15,台中銀-員林,2024-07-11,6114
1785,光洋科,26,12,14,台中銀-員林,2024-07-11,6114
00679B,元大美債20年,20,6,14,台中銀-員林,2024-07-11,6114
1612,宏泰,13,0,13,台中銀-員林,2024-07-11,6114
00933B,國泰10Y+金融債,13,0,13,台中銀-員林,2024-07-11,6114
2344,華邦電,15,2,13,台中銀-員林,2024-07-11,6114
00945B,凱基美國非投等債,14,2,12,台中銀-員林,2024-07-11,6114
2017,官田鋼,12,0,12,台中銀-員林,2024-07-11,6114
4160,訊聯基因,12,0,12,台中銀-員林,2024-07-11,6114
4526,東台,24,12,12,台中銀-員林,2024-07-11,6114
2882,國泰金,16,4,12,台中銀-員林,2024-07-11,6114
00936,台新永續高息中小,12,0,12,台中銀-員林,2024-07-11,6114
2405,輔信,37,25,12,台中銀-員林,2024-07-11,6114
6188,廣明,21,10,11,台中銀-員林,2024-07-11,6114
1314,中石化,11,0,11,台中銀-員林,2024-07-11,6114
2349,錸德,15,4,11,台中銀-員林,2024-07-11,6114
2509,全坤建,12,1,11,台中銀-員林,2024-07-11,6114
8011,台通,16,5,11,台中銀-員林,2024-07-11,6114
1301,台塑,12,2,10,台中銀-員林,2024-07-11,6114
2405,輔信,199,52,147,台中銀-員林,2024-07-12,6114
00679B,元大美債20年,142,3,139,台中銀-員林,2024-07-12,6114
2317,鴻海,141,15,126,台中銀-員林,2024-07-12,6114
1536,和大,111,11,100,台中銀-員林,2024-07-12,6114
00929,復華台灣科技優息,239,146,93,台中銀-員林,2024-07-12,6114
00919,群益台灣精選高息,165,106,59,台中銀-員林,2024-07-12,6114
00934,中信成長高股息,152,98,54,台中銀-員林,2024-07-12,6114
00935,野村臺灣新科技50,48,0,48,台中銀-員林,2024-07-12,6114
4440,宜新實業,48,0,48,台中銀-員林,2024-07-12,6114
00680L,元大美債20正2,53,6,47,台中銀-員林,2024-07-12,6114
00936,台新永續高息中小,47,0,47,台中銀-員林,2024-07-12,6114
2603,長榮,46,0,46,台中銀-員林,2024-07-12,6114
00927,群益半導體收益,45,0,45,台中銀-員林,2024-07-12,6114
3710,連展投控,38,0,38,台中銀-員林,2024-07-12,6114
3033,威健,40,4,36,台中銀-員林,2024-07-12,6114
8105,凌巨,45,10,35,台中銀-員林,2024-07-12,6114
00878,國泰永續高股息,35,2,33,台中銀-員林,2024-07-12,6114
00945B,凱基美國非投等債,35,4,31,台中銀-員林,2024-07-12,6114
3712,永崴投控,39,9,30,台中銀-員林,2024-07-12,6114
00939,統一台灣高息動能,50,21,29,台中銀-員林,2024-07-12,6114
00933B,國泰10Y+金融債,27,1,26,台中銀-員林,2024-07-12,6114
3047,訊舟,63,37,26,台中銀-員林,2024-07-12,6114
00948B,中信優息投資級債,28,5,23,台中銀-員林,2024-07-12,6114
1304,台聚,24,1,23,台中銀-員林,2024-07-12,6114
3708,上緯投控,23,1,22,台中銀-員林,2024-07-12,6114
1514,亞力,33,11,22,台中銀-員林,2024-07-12,6114
00937B,群益ESG投等債20,31,9,22,台中銀-員林,2024-07-12,6114
9945,潤泰新,56,35,21,台中銀-員林,2024-07-12,6114
00676R,富邦臺灣加權反1,20,0,20,台中銀-員林,2024-07-12,6114
2208,台船,20,0,20,台中銀-員林,2024-07-12,6114
2501,國建,20,0,20,台中銀-員林,2024-07-12,6114
4157,太景*-KY,20,0,20,台中銀-員林,2024-07-12,6114
8071,能率網通,20,0,20,台中銀-員林,2024-07-12,6114
2108,南帝,19,0,19,台中銀-員林,2024-07-12,6114
2303,聯電,21,4,17,台中銀-員林,2024-07-12,6114
2330,台積電,17,0,17,台中銀-員林,2024-07-12,6114
1316,上曜,76,60,16,台中銀-員林,2024-07-12,6114
2363,矽統,19,3,16,台中銀-員林,2024-07-12,6114
3019,亞光,36,20,16,台中銀-員林,2024-07-12,6114
3492,長盛,16,0,16,台中銀-員林,2024-07-12,6114
3706,神達,28,12,16,台中銀-員林,2024-07-12,6114
6789,采鈺,19,4,15,台中銀-員林,2024-07-12,6114
5347,世界,17,2,15,台中銀-員林,2024-07-12,6114
00673R,期元大S＆P原油反1,15,0,15,台中銀-員林,2024-07-12,6114
2886,兆豐金,15,0,15,台中銀-員林,2024-07-12,6114
8935,邦泰,15,0,15,台中銀-員林,2024-07-12,6114
00881,國泰台灣5G+,14,0,14,台中銀-員林,2024-07-12,6114
2812,台中銀,24,10,14,台中銀-員林,2024-07-12,6114
1308,亞聚,13,0,13,台中銀-員林,2024-07-12,6114
6005,群益證,12,0,12,台中銀-員林,2024-07-12,6114
6116,彩晶,254,6,248,台中銀-員林,2024-07-15,6114
00687B,國泰20年美債,127,0,127,台中銀-員林,2024-07-15,6114
00720B,元大投資級公司債,110,0,110,台中銀-員林,2024-07-15,6114
6182,合晶,80,0,80,台中銀-員林,2024-07-15,6114
2891,中信金,74,0,74,台中銀-員林,2024-07-15,6114
2845,遠東銀,60,0,60,台中銀-員林,2024-07-15,6114
2883,凱基金,60,0,60,台中銀-員林,2024-07-15,6114
2888,新光金,61,5,56,台中銀-員林,2024-07-15,6114
2312,金寶,115,58,57,台中銀-員林,2024-07-15,6114
00706L,期元大S＆P日圓正2,50,0,50,台中銀-員林,2024-07-15,6114
00934,中信成長高股息,55,6,49,台中銀-員林,2024-07-15,6114
2489,瑞軒,109,64,45,台中銀-員林,2024-07-15,6114
2867,三商壽,45,1,44,台中銀-員林,2024-07-15,6114
4960,誠美材,44,2,42,台中銀-員林,2024-07-15,6114
00929,復華台灣科技優息,51,13,38,台中銀-員林,2024-07-15,6114
3481,群創,91,54,37,台中銀-員林,2024-07-15,6114
2365,昆盈,59,22,37,台中銀-員林,2024-07-15,6114
2812,台中銀,35,0,35,台中銀-員林,2024-07-15,6114
2356,英業達,69,38,31,台中銀-員林,2024-07-15,6114
4927,泰鼎-KY,30,1,29,台中銀-員林,2024-07-15,6114
2367,燿華,35,7,28,台中銀-員林,2024-07-15,6114
1326,台化,25,0,25,台中銀-員林,2024-07-15,6114
2440,太空梭,25,0,25,台中銀-員林,2024-07-15,6114
6142,友勁,25,0,25,台中銀-員林,2024-07-15,6114
00680L,元大美債20正2,47,25,22,台中銀-員林,2024-07-15,6114
6156,松上,22,0,22,台中銀-員林,2024-07-15,6114
00907,永豐優息存股,21,0,21,台中銀-員林,2024-07-15,6114
2516,新建,20,0,20,台中銀-員林,2024-07-15,6114
2353,宏��,24,5,19,台中銀-員林,2024-07-15,6114
00751B,元大AAA至A公司債,18,0,18,台中銀-員林,2024-07-15,6114
00919,群益台灣精選高息,16,0,16,台中銀-員林,2024-07-15,6114
2337,旺宏,17,1,16,台中銀-員林,2024-07-15,6114
2405,輔信,37,21,16,台中銀-員林,2024-07-15,6114
00679B,元大美債20年,15,0,15,台中銀-員林,2024-07-15,6114
00673R,期元大S＆P原油反1,15,0,15,台中銀-員林,2024-07-15,6114
00632R,元大台灣50反1,15,0,15,台中銀-員林,2024-07-15,6114
1808,潤隆,15,0,15,台中銀-員林,2024-07-15,6114
2344,華邦電,15,0,15,台中銀-員林,2024-07-15,6114
2349,錸德,16,3,13,台中銀-員林,2024-07-15,6114
00665L,富邦�琤肭磪囓�2,12,0,12,台中銀-員林,2024-07-15,6114
3708,上緯投控,13,1,12,台中銀-員林,2024-07-15,6114
6443,元晶,14,2,12,台中銀-員林,2024-07-15,6114
3260,威剛,11,0,11,台中銀-員林,2024-07-15,6114
00927,群益半導體收益,11,0,11,台中銀-員林,2024-07-15,6114
3537,堡達,11,0,11,台中銀-員林,2024-07-15,6114
6770,力積電,11,0,11,台中銀-員林,2024-07-15,6114
8046,南電,11,0,11,台中銀-員林,2024-07-15,6114
00933B,國泰10Y+金融債,16,6,10,台中銀-員林,2024-07-15,6114
00948B,中信優息投資級債,10,0,10,台中銀-員林,2024-07-15,6114
1227,佳格,10,0,10,台中銀-員林,2024-07-15,6114
00937B,群益ESG投等債20,136,3,133,台中銀-員林,2024-07-16,6114
2405,輔信,133,23,110,台中銀-員林,2024-07-16,6114
0056,元大高股息,93,6,87,台中銀-員林,2024-07-16,6114
00936,台新永續高息中小,79,2,77,台中銀-員林,2024-07-16,6114
2610,華航,55,0,55,台中銀-員林,2024-07-16,6114
6173,信昌電,55,2,53,台中銀-員林,2024-07-16,6114
2812,台中銀,54,5,49,台中銀-員林,2024-07-16,6114
00929,復華台灣科技優息,53,7,46,台中銀-員林,2024-07-16,6114
00905,FT臺灣Smart,37,0,37,台中銀-員林,2024-07-16,6114
2888,新光金,39,4,35,台中銀-員林,2024-07-16,6114
4906,正文,47,13,34,台中銀-員林,2024-07-16,6114
1785,光洋科,41,9,32,台中銀-員林,2024-07-16,6114
00934,中信成長高股息,31,0,31,台中銀-員林,2024-07-16,6114
1540,喬福,35,5,30,台中銀-員林,2024-07-16,6114
6901,鑽石投資,30,0,30,台中銀-員林,2024-07-16,6114
00942B,台新美A公司債20+,37,7,30,台中銀-員林,2024-07-16,6114
6134,萬旭,29,0,29,台中銀-員林,2024-07-16,6114
00772B,中信高評級公司債,27,0,27,台中銀-員林,2024-07-16,6114
1303,南亞,26,0,26,台中銀-員林,2024-07-16,6114
3708,上緯投控,24,0,24,台中銀-員林,2024-07-16,6114
00930,永豐ESG低碳高息,22,0,22,台中銀-員林,2024-07-16,6114
2317,鴻海,40,20,20,台中銀-員林,2024-07-16,6114
2367,燿華,25,5,20,台中銀-員林,2024-07-16,6114
1605,華新,30,11,19,台中銀-員林,2024-07-16,6114
3047,訊舟,18,0,18,台中銀-員林,2024-07-16,6114
00878,國泰永續高股息,21,3,18,台中銀-員林,2024-07-16,6114
3483,力致,36,18,18,台中銀-員林,2024-07-16,6114
2891,中信金,17,1,16,台中銀-員林,2024-07-16,6114
6015,宏遠證,20,4,16,台中銀-員林,2024-07-16,6114
00919,群益台灣精選高息,34,18,16,台中銀-員林,2024-07-16,6114
2867,三商壽,51,37,14,台中銀-員林,2024-07-16,6114
3312,弘憶股,16,2,14,台中銀-員林,2024-07-16,6114
4168,醣聯,17,3,14,台中銀-員林,2024-07-16,6114
6695,芯鼎,20,6,14,台中銀-員林,2024-07-16,6114
00680L,元大美債20正2,13,0,13,台中銀-員林,2024-07-16,6114
00949,復華日本龍頭,13,0,13,台中銀-員林,2024-07-16,6114
00753L,中信中國50正2,17,5,12,台中銀-員林,2024-07-16,6114
3189,景碩,38,26,12,台中銀-員林,2024-07-16,6114
0050,元大台灣50,13,2,11,台中銀-員林,2024-07-16,6114
5876,上海商銀,11,0,11,台中銀-員林,2024-07-16,6114
6116,彩晶,11,0,11,台中銀-員林,2024-07-16,6114
8011,台通,17,6,11,台中銀-員林,2024-07-16,6114
1101,台泥,10,0,10,台中銀-員林,2024-07-16,6114
1434,福懋,10,0,10,台中銀-員林,2024-07-16,6114
2516,新建,10,0,10,台中銀-員林,2024-07-16,6114
2618,長榮航,10,0,10,台中銀-員林,2024-07-16,6114
5452,佶優,10,1,9,台中銀-員林,2024-07-16,6114
2002,中鋼,10,1,9,台中銀-員林,2024-07-16,6114
6462,神盾,8,0,8,台中銀-員林,2024-07-16,6114
3362,先進光,11,3,8,台中銀-員林,2024-07-16,6114
00929,復華台灣科技優息,152,0,152,台中銀-員林,2024-07-17,6114
1785,光洋科,119,16,103,台中銀-員林,2024-07-17,6114
00950B,凱基A級公司債,65,0,65,台中銀-員林,2024-07-17,6114
00936,台新永續高息中小,72,8,64,台中銀-員林,2024-07-17,6114
6182,合晶,61,0,61,台中銀-員林,2024-07-17,6114
00687B,國泰20年美債,80,29,51,台中銀-員林,2024-07-17,6114
00942B,台新美A公司債20+,50,0,50,台中銀-員林,2024-07-17,6114
6220,岳豐,49,0,49,台中銀-員林,2024-07-17,6114
2353,宏��,69,22,47,台中銀-員林,2024-07-17,6114
5011,久陽,40,0,40,台中銀-員林,2024-07-17,6114
0056,元大高股息,41,2,39,台中銀-員林,2024-07-17,6114
00927,群益半導體收益,38,0,38,台中銀-員林,2024-07-17,6114
6770,力積電,412,378,34,台中銀-員林,2024-07-17,6114
3379,彬台,32,0,32,台中銀-員林,2024-07-17,6114
00753L,中信中國50正2,31,0,31,台中銀-員林,2024-07-17,6114
2537,聯上發,43,15,28,台中銀-員林,2024-07-17,6114
6155,鈞寶,28,0,28,台中銀-員林,2024-07-17,6114
00665L,富邦�琤肭磪囓�2,24,0,24,台中銀-員林,2024-07-17,6114
00919,群益台灣精選高息,25,3,22,台中銀-員林,2024-07-17,6114
3580,友威科,23,1,22,台中銀-員林,2024-07-17,6114
4942,嘉彰,20,0,20,台中銀-員林,2024-07-17,6114
1312,國喬,21,1,20,台中銀-員林,2024-07-17,6114
00751B,元大AAA至A公司債,20,0,20,台中銀-員林,2024-07-17,6114
2354,鴻準,21,2,19,台中銀-員林,2024-07-17,6114
00725B,國泰投資級公司債,20,1,19,台中銀-員林,2024-07-17,6114
3231,緯創,20,3,17,台中銀-員林,2024-07-17,6114
2812,台中銀,18,1,17,台中銀-員林,2024-07-17,6114
8064,東捷,18,1,17,台中銀-員林,2024-07-17,6114
8105,凌巨,43,26,17,台中銀-員林,2024-07-17,6114
3673,TPK-KY,27,11,16,台中銀-員林,2024-07-17,6114
2352,佳世達,15,0,15,台中銀-員林,2024-07-17,6114
2603,長榮,16,1,15,台中銀-員林,2024-07-17,6114
2489,瑞軒,41,27,14,台中銀-員林,2024-07-17,6114
4958,臻鼎-KY,18,4,14,台中銀-員林,2024-07-17,6114
2402,毅嘉,39,26,13,台中銀-員林,2024-07-17,6114
1402,遠東新,13,0,13,台中銀-員林,2024-07-17,6114
3059,華晶科,13,0,13,台中銀-員林,2024-07-17,6114
6125,廣運,25,13,12,台中銀-員林,2024-07-17,6114
3044,健鼎,12,0,12,台中銀-員林,2024-07-17,6114
4414,如興,12,0,12,台中銀-員林,2024-07-17,6114
3535,晶彩科,12,0,12,台中銀-員林,2024-07-17,6114
2330,台積電,15,3,12,台中銀-員林,2024-07-17,6114
4580,捷流閥業,11,0,11,台中銀-員林,2024-07-17,6114
5871,中租-KY,11,0,11,台中銀-員林,2024-07-17,6114
00937B,群益ESG投等債20,53,42,11,台中銀-員林,2024-07-17,6114
3285,微端,11,0,11,台中銀-員林,2024-07-17,6114
4973,廣穎,11,0,11,台中銀-員林,2024-07-17,6114
6151,晉倫,13,2,11,台中銀-員林,2024-07-17,6114
2887,台新金,10,0,10,台中銀-員林,2024-07-17,6114
00722B,群益投資級電信債,10,0,10,台中銀-員林,2024-07-17,6114
00937B,群益ESG投等債20,197,19,178,台中銀-員林,2024-07-18,6114
2888,新光金,153,15,138,台中銀-員林,2024-07-18,6114
00929,復華台灣科技優息,181,51,130,台中銀-員林,2024-07-18,6114
1609,大亞,115,63,52,台中銀-員林,2024-07-18,6114
4960,誠美材,49,2,47,台中銀-員林,2024-07-18,6114
2356,英業達,47,4,43,台中銀-員林,2024-07-18,6114
00927,群益半導體收益,43,0,43,台中銀-員林,2024-07-18,6114
00939,統一台灣高息動能,52,11,41,台中銀-員林,2024-07-18,6114
2362,藍天,60,21,39,台中銀-員林,2024-07-18,6114
3189,景碩,49,12,37,台中銀-員林,2024-07-18,6114
1528,恩德,34,0,34,台中銀-員林,2024-07-18,6114
8105,凌巨,111,78,33,台中銀-員林,2024-07-18,6114
00936,台新永續高息中小,34,2,32,台中銀-員林,2024-07-18,6114
00948B,中信優息投資級債,27,0,27,台中銀-員林,2024-07-18,6114
6770,力積電,38,14,24,台中銀-員林,2024-07-18,6114
1301,台塑,27,4,23,台中銀-員林,2024-07-18,6114
2330,台積電,25,4,21,台中銀-員林,2024-07-18,6114
1611,中電,39,18,21,台中銀-員林,2024-07-18,6114
1721,三晃,22,1,21,台中銀-員林,2024-07-18,6114
2444,兆勁,21,0,21,台中銀-員林,2024-07-18,6114
00947,台新臺灣IC設計,20,0,20,台中銀-員林,2024-07-18,6114
2834,臺企銀,30,10,20,台中銀-員林,2024-07-18,6114
2845,遠東銀,20,0,20,台中銀-員林,2024-07-18,6114
0056,元大高股息,32,12,20,台中銀-員林,2024-07-18,6114
2891,中信金,21,2,19,台中銀-員林,2024-07-18,6114
2303,聯電,26,7,19,台中銀-員林,2024-07-18,6114
2812,台中銀,19,0,19,台中銀-員林,2024-07-18,6114
1310,台苯,19,0,19,台中銀-員林,2024-07-18,6114
2342,茂矽,19,0,19,台中銀-員林,2024-07-18,6114
00934,中信成長高股息,24,6,18,台中銀-員林,2024-07-18,6114
2609,陽明,17,1,16,台中銀-員林,2024-07-18,6114
4958,臻鼎-KY,26,10,16,台中銀-員林,2024-07-18,6114
3231,緯創,17,1,16,台中銀-員林,2024-07-18,6114
2359,所羅門,16,0,16,台中銀-員林,2024-07-18,6114
9945,潤泰新,33,17,16,台中銀-員林,2024-07-18,6114
2913,農林,18,3,15,台中銀-員林,2024-07-18,6114
2382,廣達,21,7,14,台中銀-員林,2024-07-18,6114
00878,國泰永續高股息,30,16,14,台中銀-員林,2024-07-18,6114
00864B,中信美國公債0-1,14,0,14,台中銀-員林,2024-07-18,6114
6152,百一,14,0,14,台中銀-員林,2024-07-18,6114
2634,漢翔,14,0,14,台中銀-員林,2024-07-18,6114
2449,京元電子,13,0,13,台中銀-員林,2024-07-18,6114
00911,兆豐洲際半導體,13,0,13,台中銀-員林,2024-07-18,6114
00858,永豐美國500大,12,0,12,台中銀-員林,2024-07-18,6114
1210,大成,12,0,12,台中銀-員林,2024-07-18,6114
1308,亞聚,12,0,12,台中銀-員林,2024-07-18,6114
4729,熒茂,17,5,12,台中銀-員林,2024-07-18,6114
2367,燿華,15,4,11,台中銀-員林,2024-07-18,6114
2515,中工,16,5,11,台中銀-員林,2024-07-18,6114
2365,昆盈,146,135,11,台中銀-員林,2024-07-18,6114
2888,新光金,580,48,532,台中銀-員林,2024-07-19,6114
3481,群創,529,101,428,台中銀-員林,2024-07-19,6114
2312,金寶,226,37,189,台中銀-員林,2024-07-19,6114
6182,合晶,155,0,155,台中銀-員林,2024-07-19,6114
3062,建漢,137,3,134,台中銀-員林,2024-07-19,6114
00878,國泰永續高股息,136,2,134,台中銀-員林,2024-07-19,6114
2408,南亞科,108,0,108,台中銀-員林,2024-07-19,6114
00929,復華台灣科技優息,112,11,101,台中銀-員林,2024-07-19,6114
5521,工信,100,0,100,台中銀-員林,2024-07-19,6114
00946,群益科技高息成長,98,2,96,台中銀-員林,2024-07-19,6114
6116,彩晶,82,0,82,台中銀-員林,2024-07-19,6114
00919,群益台灣精選高息,83,10,73,台中銀-員林,2024-07-19,6114
00940,元大台灣價值高息,53,1,52,台中銀-員林,2024-07-19,6114
2356,英業達,70,19,51,台中銀-員林,2024-07-19,6114
2834,臺企銀,48,0,48,台中銀-員林,2024-07-19,6114
2419,仲琦,81,35,46,台中銀-員林,2024-07-19,6114
4960,誠美材,45,4,41,台中銀-員林,2024-07-19,6114
00650L,復華香港正2,39,0,39,台中銀-員林,2024-07-19,6114
0056,元大高股息,39,1,38,台中銀-員林,2024-07-19,6114
1709,和益,53,16,37,台中銀-員林,2024-07-19,6114
2501,國建,37,0,37,台中銀-員林,2024-07-19,6114
00665L,富邦�琤肭磪囓�2,45,10,35,台中銀-員林,2024-07-19,6114
00937B,群益ESG投等債20,44,9,35,台中銀-員林,2024-07-19,6114
2845,遠東銀,34,0,34,台中銀-員林,2024-07-19,6114
8105,凌巨,74,40,34,台中銀-員林,2024-07-19,6114
2330,台積電,40,8,32,台中銀-員林,2024-07-19,6114
00905,FT臺灣Smart,31,1,30,台中銀-員林,2024-07-19,6114
00632R,元大台灣50反1,50,23,27,台中銀-員林,2024-07-19,6114
1785,光洋科,30,4,26,台中銀-員林,2024-07-19,6114
4526,東台,31,5,26,台中銀-員林,2024-07-19,6114
2457,飛宏,27,2,25,台中銀-員林,2024-07-19,6114
1326,台化,31,6,25,台中銀-員林,2024-07-19,6114
2836,高雄銀,25,0,25,台中銀-員林,2024-07-19,6114
6151,晉倫,30,5,25,台中銀-員林,2024-07-19,6114
00918,大華優利高填息30,24,0,24,台中銀-員林,2024-07-19,6114
5512,力麒,42,20,22,台中銀-員林,2024-07-19,6114
00712,復華富時不動產,22,1,21,台中銀-員林,2024-07-19,6114
00947,台新臺灣IC設計,21,0,21,台中銀-員林,2024-07-19,6114
2881,富邦金,21,2,19,台中銀-員林,2024-07-19,6114
2353,宏��,21,2,19,台中銀-員林,2024-07-19,6114
6139,亞翔,21,3,18,台中銀-員林,2024-07-19,6114
9103,美德醫療-DR,18,0,18,台中銀-員林,2024-07-19,6114
2883,凱基金,30,13,17,台中銀-員林,2024-07-19,6114
00753L,中信中國50正2,21,5,16,台中銀-員林,2024-07-19,6114
3346,麗清,16,0,16,台中銀-員林,2024-07-19,6114
2812,台中銀,26,11,15,台中銀-員林,2024-07-19,6114
00936,台新永續高息中小,15,0,15,台中銀-員林,2024-07-19,6114
2601,益航,14,0,14,台中銀-員林,2024-07-19,6114
6488,環球晶,13,0,13,台中銀-員林,2024-07-19,6114
3520,華盈,13,0,13,台中銀-員林,2024-07-19,6114
2888,新光金,631,32,599,台中銀-員林,2024-07-22,6114
00929,復華台灣科技優息,376,137,239,台中銀-員林,2024-07-22,6114
6182,合晶,210,0,210,台中銀-員林,2024-07-22,6114
2408,南亞科,117,0,117,台中銀-員林,2024-07-22,6114
4942,嘉彰,110,0,110,台中銀-員林,2024-07-22,6114
5469,瀚宇博,100,0,100,台中銀-員林,2024-07-22,6114
6411,晶焱,83,0,83,台中銀-員林,2024-07-22,6114
1316,上曜,81,3,78,台中銀-員林,2024-07-22,6114
5512,力麒,134,59,75,台中銀-員林,2024-07-22,6114
8473,山林水,94,37,57,台中銀-員林,2024-07-22,6114
00919,群益台灣精選高息,101,51,50,台中銀-員林,2024-07-22,6114
2834,臺企銀,59,10,49,台中銀-員林,2024-07-22,6114
3481,群創,107,58,49,台中銀-員林,2024-07-22,6114
6541,泰福-KY,48,0,48,台中銀-員林,2024-07-22,6114
00878,國泰永續高股息,91,47,44,台中銀-員林,2024-07-22,6114
00940,元大台灣價值高息,170,127,43,台中銀-員林,2024-07-22,6114
2442,新美齊,37,0,37,台中銀-員林,2024-07-22,6114
2002,中鋼,33,0,33,台中銀-員林,2024-07-22,6114
2425,承啟,44,11,33,台中銀-員林,2024-07-22,6114
00751B,元大AAA至A公司債,31,1,30,台中銀-員林,2024-07-22,6114
00946,群益科技高息成長,29,0,29,台中銀-員林,2024-07-22,6114
00664R,國泰臺灣加權反1,25,0,25,台中銀-員林,2024-07-22,6114
2605,新興,24,1,23,台中銀-員林,2024-07-22,6114
4128,中天,24,1,23,台中銀-員林,2024-07-22,6114
3013,晟銘電,32,10,22,台中銀-員林,2024-07-22,6114
6116,彩晶,22,0,22,台中銀-員林,2024-07-22,6114
00715L,期街口布蘭特正2,23,2,21,台中銀-員林,2024-07-22,6114
2867,三商壽,21,0,21,台中銀-員林,2024-07-22,6114
1301,台塑,21,0,21,台中銀-員林,2024-07-22,6114
3297,杭特,19,0,19,台中銀-員林,2024-07-22,6114
3673,TPK-KY,28,10,18,台中銀-員林,2024-07-22,6114
00947,台新臺灣IC設計,17,0,17,台中銀-員林,2024-07-22,6114
1611,中電,34,17,17,台中銀-員林,2024-07-22,6114
2890,永豐金,16,0,16,台中銀-員林,2024-07-22,6114
1326,台化,17,2,15,台中銀-員林,2024-07-22,6114
1605,華新,15,0,15,台中銀-員林,2024-07-22,6114
3268,海德威,15,0,15,台中銀-員林,2024-07-22,6114
6431,光麗-KY,15,0,15,台中銀-員林,2024-07-22,6114
8404,百和興業-KY,15,0,15,台中銀-員林,2024-07-22,6114
3492,長盛,14,0,14,台中銀-員林,2024-07-22,6114
00905,FT臺灣Smart,13,0,13,台中銀-員林,2024-07-22,6114
2323,中環,13,0,13,台中銀-員林,2024-07-22,6114
2855,統一證,13,0,13,台中銀-員林,2024-07-22,6114
4958,臻鼎-KY,24,11,13,台中銀-員林,2024-07-22,6114
1227,佳格,12,0,12,台中銀-員林,2024-07-22,6114
2883,凱基金,23,11,12,台中銀-員林,2024-07-22,6114
3715,定穎投控,12,0,12,台中銀-員林,2024-07-22,6114
6770,力積電,14,2,12,台中銀-員林,2024-07-22,6114
1513,中興電,12,1,11,台中銀-員林,2024-07-22,6114
2324,仁寶,11,0,11,台中銀-員林,2024-07-22,6114
3481,群創,1338,7,1331,台中銀-員林,2024-07-23,6114
00946,群益科技高息成長,1062,0,1062,台中銀-員林,2024-07-23,6114
00929,復華台灣科技優息,221,2,219,台中銀-員林,2024-07-23,6114
2408,南亞科,121,0,121,台中銀-員林,2024-07-23,6114
00680L,元大美債20正2,106,0,106,台中銀-員林,2024-07-23,6114
2017,官田鋼,80,0,80,台中銀-員林,2024-07-23,6114
00940,元大台灣價值高息,83,5,78,台中銀-員林,2024-07-23,6114
3062,建漢,76,4,72,台中銀-員林,2024-07-23,6114
5512,力麒,68,2,66,台中銀-員林,2024-07-23,6114
3056,富華新,62,2,60,台中銀-員林,2024-07-23,6114
2812,台中銀,60,2,58,台中銀-員林,2024-07-23,6114
00937B,群益ESG投等債20,54,0,54,台中銀-員林,2024-07-23,6114
4942,嘉彰,50,0,50,台中銀-員林,2024-07-23,6114
2890,永豐金,52,7,45,台中銀-員林,2024-07-23,6114
2371,大同,43,1,42,台中銀-員林,2024-07-23,6114
2409,友達,43,5,38,台中銀-員林,2024-07-23,6114
00919,群益台灣精選高息,34,0,34,台中銀-員林,2024-07-23,6114
2609,陽明,34,2,32,台中銀-員林,2024-07-23,6114
6446,藥華藥,33,1,32,台中銀-員林,2024-07-23,6114
00632R,元大台灣50反1,31,0,31,台中銀-員林,2024-07-23,6114
2312,金寶,53,23,30,台中銀-員林,2024-07-23,6114
00751B,元大AAA至A公司債,30,1,29,台中銀-員林,2024-07-23,6114
2419,仲琦,32,3,29,台中銀-員林,2024-07-23,6114
9105,泰金寶-DR,60,31,29,台中銀-員林,2024-07-23,6114
2515,中工,30,3,27,台中銀-員林,2024-07-23,6114
2489,瑞軒,26,0,26,台中銀-員林,2024-07-23,6114
8440,綠電,34,9,25,台中銀-員林,2024-07-23,6114
8374,羅昇,44,20,24,台中銀-員林,2024-07-23,6114
2349,錸德,23,0,23,台中銀-員林,2024-07-23,6114
2838,聯邦銀,23,0,23,台中銀-員林,2024-07-23,6114
00688L,國泰20年美債正2,21,0,21,台中銀-員林,2024-07-23,6114
2356,英業達,28,7,21,台中銀-員林,2024-07-23,6114
00942B,台新美A公司債20+,20,0,20,台中銀-員林,2024-07-23,6114
6156,松上,19,0,19,台中銀-員林,2024-07-23,6114
2009,第一銅,18,0,18,台中銀-員林,2024-07-23,6114
3663,鑫科,33,16,17,台中銀-員林,2024-07-23,6114
2303,聯電,28,11,17,台中銀-員林,2024-07-23,6114
3025,星通,16,0,16,台中銀-員林,2024-07-23,6114
0056,元大高股息,16,1,15,台中銀-員林,2024-07-23,6114
2038,海光,15,0,15,台中銀-員林,2024-07-23,6114
1227,佳格,14,0,14,台中銀-員林,2024-07-23,6114
00936,台新永續高息中小,16,2,14,台中銀-員林,2024-07-23,6114
2344,華邦電,15,1,14,台中銀-員林,2024-07-23,6114
00927,群益半導體收益,13,0,13,台中銀-員林,2024-07-23,6114
2406,國碩,14,1,13,台中銀-員林,2024-07-23,6114
5498,凱崴,13,0,13,台中銀-員林,2024-07-23,6114
6770,力積電,19,6,13,台中銀-員林,2024-07-23,6114
6116,彩晶,14,2,12,台中銀-員林,2024-07-23,6114
8076,伍豐,12,0,12,台中銀-員林,2024-07-23,6114
1326,台化,12,1,11,台中銀-員林,2024-07-23,6114
00929,復華台灣科技優息,230,4,226,台中銀-員林,2024-07-26,6114
2408,南亞科,207,3,204,台中銀-員林,2024-07-26,6114
00940,元大台灣價值高息,143,58,85,台中銀-員林,2024-07-26,6114
00937B,群益ESG投等債20,103,24,79,台中銀-員林,2024-07-26,6114
2303,聯電,73,1,72,台中銀-員林,2024-07-26,6114
00919,群益台灣精選高息,58,0,58,台中銀-員林,2024-07-26,6114
00632R,元大台灣50反1,54,0,54,台中銀-員林,2024-07-26,6114
00715L,期街口布蘭特正2,50,0,50,台中銀-員林,2024-07-26,6114
5469,瀚宇博,46,0,46,台中銀-員林,2024-07-26,6114
00946,群益科技高息成長,45,0,45,台中銀-員林,2024-07-26,6114
2317,鴻海,71,27,44,台中銀-員林,2024-07-26,6114
00878,國泰永續高股息,55,12,43,台中銀-員林,2024-07-26,6114
2349,錸德,40,0,40,台中銀-員林,2024-07-26,6114
2812,台中銀,44,6,38,台中銀-員林,2024-07-26,6114
0056,元大高股息,36,1,35,台中銀-員林,2024-07-26,6114
2515,中工,35,1,34,台中銀-員林,2024-07-26,6114
1303,南亞,33,1,32,台中銀-員林,2024-07-26,6114
00680L,元大美債20正2,31,0,31,台中銀-員林,2024-07-26,6114
00933B,國泰10Y+金融債,31,0,31,台中銀-員林,2024-07-26,6114
2330,台積電,24,1,23,台中銀-員林,2024-07-26,6114
2884,玉山金,22,0,22,台中銀-員林,2024-07-26,6114
006208,富邦台50,19,0,19,台中銀-員林,2024-07-26,6114
00753L,中信中國50正2,26,7,19,台中銀-員林,2024-07-26,6114
2845,遠東銀,24,5,19,台中銀-員林,2024-07-26,6114
2002,中鋼,18,0,18,台中銀-員林,2024-07-26,6114
2409,友達,18,1,17,台中銀-員林,2024-07-26,6114
2836,高雄銀,17,0,17,台中銀-員林,2024-07-26,6114
4906,正文,16,0,16,台中銀-員林,2024-07-26,6114
00665L,富邦�琤肭磪囓�2,25,10,15,台中銀-員林,2024-07-26,6114
4729,熒茂,15,0,15,台中銀-員林,2024-07-26,6114
2034,允強,14,0,14,台中銀-員林,2024-07-26,6114
00850,元大臺灣ESG永續,14,0,14,台中銀-員林,2024-07-26,6114
4532,瑞智,24,11,13,台中銀-員林,2024-07-26,6114
3711,日月光投控,12,0,12,台中銀-員林,2024-07-26,6114
00918,大華優利高填息30,11,0,11,台中銀-員林,2024-07-26,6114
1503,士電,11,0,11,台中銀-員林,2024-07-26,6114
2489,瑞軒,11,0,11,台中銀-員林,2024-07-26,6114
0050,元大台灣50,12,1,11,台中銀-員林,2024-07-26,6114
00905,FT臺灣Smart,10,0,10,台中銀-員林,2024-07-26,6114
00676R,富邦臺灣加權反1,10,0,10,台中銀-員林,2024-07-26,6114
00675L,富邦臺灣加權正2,10,0,10,台中銀-員林,2024-07-26,6114
2061,風青,11,1,10,台中銀-員林,2024-07-26,6114
2314,台揚,10,0,10,台中銀-員林,2024-07-26,6114
3167,大量,12,2,10,台中銀-員林,2024-07-26,6114
00881,國泰台灣5G+,9,0,9,台中銀-員林,2024-07-26,6114
2888,新光金,21,12,9,台中銀-員林,2024-07-26,6114
4960,誠美材,11,2,9,台中銀-員林,2024-07-26,6114
6026,福邦證,9,0,9,台中銀-員林,2024-07-26,6114
00909,國泰數位支付服務,8,0,8,台中銀-員林,2024-07-26,6114
00934,中信成長高股息,11,3,8,台中銀-員林,2024-07-26,6114
00929,復華台灣科技優息,113,0,113,台中銀-員林,2024-07-29,6114
00937B,群益ESG投等債20,94,11,83,台中銀-員林,2024-07-29,6114
00940,元大台灣價值高息,64,0,64,台中銀-員林,2024-07-29,6114
3481,群創,376,312,64,台中銀-員林,2024-07-29,6114
5469,瀚宇博,89,33,56,台中銀-員林,2024-07-29,6114
00919,群益台灣精選高息,47,1,46,台中銀-員林,2024-07-29,6114
00878,國泰永續高股息,44,0,44,台中銀-員林,2024-07-29,6114
6125,廣運,38,3,35,台中銀-員林,2024-07-29,6114
2409,友達,34,0,34,台中銀-員林,2024-07-29,6114
2363,矽統,56,24,32,台中銀-員林,2024-07-29,6114
1449,佳和,43,11,32,台中銀-員林,2024-07-29,6114
6182,合晶,40,9,31,台中銀-員林,2024-07-29,6114
2888,新光金,34,6,28,台中銀-員林,2024-07-29,6114
2371,大同,25,1,24,台中銀-員林,2024-07-29,6114
2388,威盛,23,0,23,台中銀-員林,2024-07-29,6114
00936,台新永續高息中小,23,1,22,台中銀-員林,2024-07-29,6114
00949,復華日本龍頭,22,0,22,台中銀-員林,2024-07-29,6114
2867,三商壽,21,0,21,台中銀-員林,2024-07-29,6114
3516,亞帝歐,21,0,21,台中銀-員林,2024-07-29,6114
6901,鑽石投資,21,0,21,台中銀-員林,2024-07-29,6114
0056,元大高股息,27,7,20,台中銀-員林,2024-07-29,6114
6120,達運,20,1,19,台中銀-員林,2024-07-29,6114
8105,凌巨,22,4,18,台中銀-員林,2024-07-29,6114
2367,燿華,38,21,17,台中銀-員林,2024-07-29,6114
2467,志聖,29,12,17,台中銀-員林,2024-07-29,6114
3230,錦明,15,0,15,台中銀-員林,2024-07-29,6114
00946,群益科技高息成長,17,2,15,台中銀-員林,2024-07-29,6114
00934,中信成長高股息,14,1,13,台中銀-員林,2024-07-29,6114
2317,鴻海,44,31,13,台中銀-員林,2024-07-29,6114
2891,中信金,13,0,13,台中銀-員林,2024-07-29,6114
2606,裕民,13,0,13,台中銀-員林,2024-07-29,6114
6806,森崴能源,21,8,13,台中銀-員林,2024-07-29,6114
8374,羅昇,23,10,13,台中銀-員林,2024-07-29,6114
2408,南亞科,183,170,13,台中銀-員林,2024-07-29,6114
00715L,期街口布蘭特正2,12,0,12,台中銀-員林,2024-07-29,6114
8440,綠電,12,0,12,台中銀-員林,2024-07-29,6114
2405,輔信,12,1,11,台中銀-員林,2024-07-29,6114
2537,聯上發,14,3,11,台中銀-員林,2024-07-29,6114
3189,景碩,31,20,11,台中銀-員林,2024-07-29,6114
00713,元大台灣高息低波,11,0,11,台中銀-員林,2024-07-29,6114
3293,鈊象,10,0,10,台中銀-員林,2024-07-29,6114
2002,中鋼,12,2,10,台中銀-員林,2024-07-29,6114
2412,中華電,10,0,10,台中銀-員林,2024-07-29,6114
2441,超豐,10,0,10,台中銀-員林,2024-07-29,6114
3211,順達,14,4,10,台中銀-員林,2024-07-29,6114
3710,連展投控,10,0,10,台中銀-員林,2024-07-29,6114
4401,東隆興,10,0,10,台中銀-員林,2024-07-29,6114
6117,迎廣,12,2,10,台中銀-員林,2024-07-29,6114
1229,聯華,10,0,10,台中銀-員林,2024-07-29,6114
1514,亞力,41,32,9,台中銀-員林,2024-07-29,6114
2408,南亞科,260,2,258,台中銀-員林,2024-07-30,6114
00929,復華台灣科技優息,203,14,189,台中銀-員林,2024-07-30,6114
00687B,國泰20年美債,139,11,128,台中銀-員林,2024-07-30,6114
2834,臺企銀,66,1,65,台中銀-員林,2024-07-30,6114
00940,元大台灣價值高息,97,52,45,台中銀-員林,2024-07-30,6114
2303,聯電,45,1,44,台中銀-員林,2024-07-30,6114
00715L,期街口布蘭特正2,37,0,37,台中銀-員林,2024-07-30,6114
2349,錸德,63,30,33,台中銀-員林,2024-07-30,6114
2515,中工,30,0,30,台中銀-員林,2024-07-30,6114
00878,國泰永續高股息,70,43,27,台中銀-員林,2024-07-30,6114
3189,景碩,75,49,26,台中銀-員林,2024-07-30,6114
1440,南紡,25,0,25,台中銀-員林,2024-07-30,6114
2344,華邦電,25,1,24,台中銀-員林,2024-07-30,6114
1316,上曜,24,3,21,台中銀-員林,2024-07-30,6114
3056,富華新,21,0,21,台中銀-員林,2024-07-30,6114
00665L,富邦�琤肭磪囓�2,20,0,20,台中銀-員林,2024-07-30,6114
3290,東浦,20,0,20,台中銀-員林,2024-07-30,6114
1536,和大,20,1,19,台中銀-員林,2024-07-30,6114
9105,泰金寶-DR,24,5,19,台中銀-員林,2024-07-30,6114
00909,國泰數位支付服務,17,0,17,台中銀-員林,2024-07-30,6114
0056,元大高股息,24,7,17,台中銀-員林,2024-07-30,6114
6125,廣運,26,9,17,台中銀-員林,2024-07-30,6114
2812,台中銀,16,0,16,台中銀-員林,2024-07-30,6114
1605,華新,16,0,16,台中銀-員林,2024-07-30,6114
2388,威盛,16,0,16,台中銀-員林,2024-07-30,6114
1434,福懋,15,0,15,台中銀-員林,2024-07-30,6114
00930,永豐ESG低碳高息,20,5,15,台中銀-員林,2024-07-30,6114
00936,台新永續高息中小,14,0,14,台中銀-員林,2024-07-30,6114
2891,中信金,13,0,13,台中銀-員林,2024-07-30,6114
2323,中環,12,0,12,台中銀-員林,2024-07-30,6114
4401,東隆興,10,0,10,台中銀-員林,2024-07-30,6114
4729,熒茂,10,0,10,台中銀-員林,2024-07-30,6114
1513,中興電,20,11,9,台中銀-員林,2024-07-30,6114
00918,大華優利高填息30,12,3,9,台中銀-員林,2024-07-30,6114
1522,堤維西,10,1,9,台中銀-員林,2024-07-30,6114
00637L,元大滬深300正2,12,3,9,台中銀-員林,2024-07-30,6114
4160,訊聯基因,9,0,9,台中銀-員林,2024-07-30,6114
5310,天剛,9,0,9,台中銀-員林,2024-07-30,6114
2836,高雄銀,8,0,8,台中銀-員林,2024-07-30,6114
00939,統一台灣高息動能,8,1,7,台中銀-員林,2024-07-30,6114
1301,台塑,7,0,7,台中銀-員林,2024-07-30,6114
4942,嘉彰,7,0,7,台中銀-員林,2024-07-30,6114
2486,一詮,39,32,7,台中銀-員林,2024-07-30,6114
00934,中信成長高股息,14,8,6,台中銀-員林,2024-07-30,6114
4128,中天,8,2,6,台中銀-員林,2024-07-30,6114
3230,錦明,6,0,6,台中銀-員林,2024-07-30,6114
9802,鈺齊-KY,6,0,6,台中銀-員林,2024-07-30,6114
0050,元大台灣50,7,1,6,台中銀-員林,2024-07-30,6114
00933B,國泰10Y+金融債,10,5,5,台中銀-員林,2024-07-30,6114
00650L,復華香港正2,5,0,5,台中銀-員林,2024-07-30,6114
3481,群創,781,463,318,台中銀-員林,2024-07-31,6114
3056,富華新,65,2,63,台中銀-員林,2024-07-31,6114
00929,復華台灣科技優息,54,9,45,台中銀-員林,2024-07-31,6114
1806,冠軍,36,9,27,台中銀-員林,2024-07-31,6114
00940,元大台灣價值高息,25,0,25,台中銀-員林,2024-07-31,6114
2884,玉山金,24,0,24,台中銀-員林,2024-07-31,6114
2344,華邦電,36,12,24,台中銀-員林,2024-07-31,6114
00949,復華日本龍頭,23,0,23,台中銀-員林,2024-07-31,6114
2611,志信,23,0,23,台中銀-員林,2024-07-31,6114
2457,飛宏,20,0,20,台中銀-員林,2024-07-31,6114
00679B,元大美債20年,21,2,19,台中銀-員林,2024-07-31,6114
2515,中工,20,1,19,台中銀-員林,2024-07-31,6114
6239,力成,16,0,16,台中銀-員林,2024-07-31,6114
00933B,國泰10Y+金融債,16,0,16,台中銀-員林,2024-07-31,6114
2338,光罩,15,0,15,台中銀-員林,2024-07-31,6114
4513,福裕,14,0,14,台中銀-員林,2024-07-31,6114
8028,昇陽半導體,19,5,14,台中銀-員林,2024-07-31,6114
00919,群益台灣精選高息,14,0,14,台中銀-員林,2024-07-31,6114
00687B,國泰20年美債,20,6,14,台中銀-員林,2024-07-31,6114
00946,群益科技高息成長,14,0,14,台中銀-員林,2024-07-31,6114
2204,中華,13,0,13,台中銀-員林,2024-07-31,6114
2388,威盛,14,1,13,台中銀-員林,2024-07-31,6114
2449,京元電子,12,0,12,台中銀-員林,2024-07-31,6114
2489,瑞軒,13,1,12,台中銀-員林,2024-07-31,6114
2455,全新,11,0,11,台中銀-員林,2024-07-31,6114
1514,亞力,11,1,10,台中銀-員林,2024-07-31,6114
1536,和大,11,1,10,台中銀-員林,2024-07-31,6114
1714,和桐,10,0,10,台中銀-員林,2024-07-31,6114
2887,台新金,10,0,10,台中銀-員林,2024-07-31,6114
4916,事欣科,10,0,10,台中銀-員林,2024-07-31,6114
5512,力麒,10,0,10,台中銀-員林,2024-07-31,6114
1802,台玻,10,1,9,台中銀-員林,2024-07-31,6114
2524,京城,16,7,9,台中銀-員林,2024-07-31,6114
4919,新唐,10,1,9,台中銀-員林,2024-07-31,6114
6257,矽格,9,0,9,台中銀-員林,2024-07-31,6114
00680L,元大美債20正2,11,3,8,台中銀-員林,2024-07-31,6114
3167,大量,15,7,8,台中銀-員林,2024-07-31,6114
2409,友達,9,2,7,台中銀-員林,2024-07-31,6114
00795B,中信美國公債20年,7,0,7,台中銀-員林,2024-07-31,6114
5347,世界,13,6,7,台中銀-員林,2024-07-31,6114
8046,南電,8,1,7,台中銀-員林,2024-07-31,6114
2402,毅嘉,7,0,7,台中銀-員林,2024-07-31,6114
00934,中信成長高股息,6,0,6,台中銀-員林,2024-07-31,6114
2301,光寶科,8,2,6,台中銀-員林,2024-07-31,6114
3049,精金,6,0,6,台中銀-員林,2024-07-31,6114
3285,微端,6,0,6,台中銀-員林,2024-07-31,6114
6116,彩晶,11,5,6,台中銀-員林,2024-07-31,6114
2881,富邦金,6,0,6,台中銀-員林,2024-07-31,6114
2330,台積電,6,1,5,台中銀-員林,2024-07-31,6114
4967,十銓,5,0,5,台中銀-員林,2024-07-31,6114
2409,友達,911,1,910,台中銀-員林,2024-08-01,6114
00878,國泰永續高股息,89,4,85,台中銀-員林,2024-08-01,6114
00680L,元大美債20正2,100,21,79,台中銀-員林,2024-08-01,6114
6166,凌華,61,5,56,台中銀-員林,2024-08-01,6114
6191,精成科,46,2,44,台中銀-員林,2024-08-01,6114
00687B,國泰20年美債,62,19,43,台中銀-員林,2024-08-01,6114
00712,復華富時不動產,41,1,40,台中銀-員林,2024-08-01,6114
00895,富邦未來車,39,0,39,台中銀-員林,2024-08-01,6114
2887,台新金,30,0,30,台中銀-員林,2024-08-01,6114
00637L,元大滬深300正2,39,10,29,台中銀-員林,2024-08-01,6114
2349,錸德,661,634,27,台中銀-員林,2024-08-01,6114
00949,復華日本龍頭,27,0,27,台中銀-員林,2024-08-01,6114
3679,新至陞,25,0,25,台中銀-員林,2024-08-01,6114
00937B,群益ESG投等債20,26,4,22,台中銀-員林,2024-08-01,6114
2834,臺企銀,21,0,21,台中銀-員林,2024-08-01,6114
00671R,富邦NASDAQ反1,20,0,20,台中銀-員林,2024-08-01,6114
3663,鑫科,82,65,17,台中銀-員林,2024-08-01,6114
2867,三商壽,17,0,17,台中銀-員林,2024-08-01,6114
6770,力積電,17,0,17,台中銀-員林,2024-08-01,6114
00673R,期元大S＆P原油反1,15,0,15,台中銀-員林,2024-08-01,6114
3019,亞光,37,22,15,台中銀-員林,2024-08-01,6114
8101,華冠,15,0,15,台中銀-員林,2024-08-01,6114
2486,一詮,54,40,14,台中銀-員林,2024-08-01,6114
2312,金寶,19,6,13,台中銀-員林,2024-08-01,6114
2313,華通,13,1,12,台中銀-員林,2024-08-01,6114
3228,金麗科,12,0,12,台中銀-員林,2024-08-01,6114
3489,森寶,12,0,12,台中銀-員林,2024-08-01,6114
1517,利奇,11,0,11,台中銀-員林,2024-08-01,6114
2405,輔信,19,8,11,台中銀-員林,2024-08-01,6114
2376,技嘉,12,1,11,台中銀-員林,2024-08-01,6114
2337,旺宏,36,25,11,台中銀-員林,2024-08-01,6114
8069,元太,10,0,10,台中銀-員林,2024-08-01,6114
1216,統一,9,0,9,台中銀-員林,2024-08-01,6114
00945B,凱基美國非投等債,9,0,9,台中銀-員林,2024-08-01,6114
5310,天剛,9,0,9,台中銀-員林,2024-08-01,6114
5443,均豪,16,7,9,台中銀-員林,2024-08-01,6114
6167,久正,9,0,9,台中銀-員林,2024-08-01,6114
6187,萬潤,11,2,9,台中銀-員林,2024-08-01,6114
9955,佳龍,10,1,9,台中銀-員林,2024-08-01,6114
1709,和益,13,5,8,台中銀-員林,2024-08-01,6114
4168,醣聯,8,0,8,台中銀-員林,2024-08-01,6114
6612,奈米醫材,8,0,8,台中銀-員林,2024-08-01,6114
00919,群益台灣精選高息,8,0,8,台中銀-員林,2024-08-01,6114
1210,大成,7,0,7,台中銀-員林,2024-08-01,6114
2344,華邦電,17,10,7,台中銀-員林,2024-08-01,6114
3339,泰谷,7,0,7,台中銀-員林,2024-08-01,6114
3535,晶彩科,18,11,7,台中銀-員林,2024-08-01,6114
8028,昇陽半導體,26,19,7,台中銀-員林,2024-08-01,6114
2498,宏達電,6,0,6,台中銀-員林,2024-08-01,6114
2383,台光電,6,1,5,台中銀-員林,2024-08-01,6114
2409,友達,793,2,791,台中銀-員林,2024-08-02,6114
2408,南亞科,529,0,529,台中銀-員林,2024-08-02,6114
00948B,中信優息投資級債,360,0,360,台中銀-員林,2024-08-02,6114
2888,新光金,401,77,324,台中銀-員林,2024-08-02,6114
00929,復華台灣科技優息,190,12,178,台中銀-員林,2024-08-02,6114
00919,群益台灣精選高息,134,1,133,台中銀-員林,2024-08-02,6114
00940,元大台灣價值高息,118,4,114,台中銀-員林,2024-08-02,6114
2317,鴻海,124,10,114,台中銀-員林,2024-08-02,6114
00878,國泰永續高股息,117,10,107,台中銀-員林,2024-08-02,6114
00687B,國泰20年美債,77,7,70,台中銀-員林,2024-08-02,6114
2356,英業達,62,2,60,台中銀-員林,2024-08-02,6114
2330,台積電,50,4,46,台中銀-員林,2024-08-02,6114
00937B,群益ESG投等債20,55,13,42,台中銀-員林,2024-08-02,6114
2834,臺企銀,42,1,41,台中銀-員林,2024-08-02,6114
3037,欣興,78,37,41,台中銀-員林,2024-08-02,6114
5443,均豪,42,2,40,台中銀-員林,2024-08-02,6114
5521,工信,39,0,39,台中銀-員林,2024-08-02,6114
00905,FT臺灣Smart,35,1,34,台中銀-員林,2024-08-02,6114
00923,群益台ESG低碳50,32,0,32,台中銀-員林,2024-08-02,6114
0056,元大高股息,37,5,32,台中銀-員林,2024-08-02,6114
2442,新美齊,33,3,30,台中銀-員林,2024-08-02,6114
2812,台中銀,29,0,29,台中銀-員林,2024-08-02,6114
00753L,中信中國50正2,27,0,27,台中銀-員林,2024-08-02,6114
00934,中信成長高股息,29,2,27,台中銀-員林,2024-08-02,6114
00946,群益科技高息成長,65,40,25,台中銀-員林,2024-08-02,6114
00949,復華日本龍頭,24,0,24,台中銀-員林,2024-08-02,6114
3048,益登,25,1,24,台中銀-員林,2024-08-02,6114
1326,台化,23,0,23,台中銀-員林,2024-08-02,6114
1316,上曜,52,30,22,台中銀-員林,2024-08-02,6114
2515,中工,24,2,22,台中銀-員林,2024-08-02,6114
6215,和椿,21,0,21,台中銀-員林,2024-08-02,6114
2337,旺宏,24,3,21,台中銀-員林,2024-08-02,6114
2610,華航,21,0,21,台中銀-員林,2024-08-02,6114
2313,華通,20,0,20,台中銀-員林,2024-08-02,6114
00881,國泰台灣5G+,20,0,20,台中銀-員林,2024-08-02,6114
2449,京元電子,21,2,19,台中銀-員林,2024-08-02,6114
00927,群益半導體收益,18,0,18,台中銀-員林,2024-08-02,6114
6789,采鈺,17,0,17,台中銀-員林,2024-08-02,6114
4534,慶騰,18,1,17,台中銀-員林,2024-08-02,6114
1513,中興電,32,16,16,台中銀-員林,2024-08-02,6114
2340,台亞,16,0,16,台中銀-員林,2024-08-02,6114
6116,彩晶,16,0,16,台中銀-員林,2024-08-02,6114
8033,雷虎,16,0,16,台中銀-員林,2024-08-02,6114
1301,台塑,16,0,16,台中銀-員林,2024-08-02,6114
2382,廣達,16,0,16,台中銀-員林,2024-08-02,6114
00909,國泰數位支付服務,14,0,14,台中銀-員林,2024-08-02,6114
00712,復華富時不動產,13,0,13,台中銀-員林,2024-08-02,6114
8092,建暐,13,0,13,台中銀-員林,2024-08-02,6114
3679,新至陞,13,0,13,台中銀-員林,2024-08-02,6114
0050,元大台灣50,13,0,13,台中銀-員林,2024-08-02,6114
2408,南亞科,700,16,684,台中銀-員林,2024-08-05,6114
00929,復華台灣科技優息,389,112,277,台中銀-員林,2024-08-05,6114
00940,元大台灣價值高息,301,99,202,台中銀-員林,2024-08-05,6114
00687B,國泰20年美債,201,44,157,台中銀-員林,2024-08-05,6114
00919,群益台灣精選高息,172,15,157,台中銀-員林,2024-08-05,6114
00878,國泰永續高股息,230,108,122,台中銀-員林,2024-08-05,6114
2888,新光金,270,151,119,台中銀-員林,2024-08-05,6114
00715L,期街口布蘭特正2,119,0,119,台中銀-員林,2024-08-05,6114
0056,元大高股息,115,8,107,台中銀-員林,2024-08-05,6114
00680L,元大美債20正2,160,74,86,台中銀-員林,2024-08-05,6114
2317,鴻海,108,32,76,台中銀-員林,2024-08-05,6114
2409,友達,75,1,74,台中銀-員林,2024-08-05,6114
00679B,元大美債20年,176,103,73,台中銀-員林,2024-08-05,6114
00946,群益科技高息成長,136,70,66,台中銀-員林,2024-08-05,6114
3481,群創,79,15,64,台中銀-員林,2024-08-05,6114
006208,富邦台50,69,7,62,台中銀-員林,2024-08-05,6114
2812,台中銀,80,19,61,台中銀-員林,2024-08-05,6114
00923,群益台ESG低碳50,61,0,61,台中銀-員林,2024-08-05,6114
2515,中工,55,1,54,台中銀-員林,2024-08-05,6114
2801,彰銀,46,0,46,台中銀-員林,2024-08-05,6114
4960,誠美材,41,0,41,台中銀-員林,2024-08-05,6114
00675L,富邦臺灣加權正2,40,0,40,台中銀-員林,2024-08-05,6114
3033,威健,39,0,39,台中銀-員林,2024-08-05,6114
2344,華邦電,51,13,38,台中銀-員林,2024-08-05,6114
2002,中鋼,41,7,34,台中銀-員林,2024-08-05,6114
2834,臺企銀,43,11,32,台中銀-員林,2024-08-05,6114
1326,台化,48,16,32,台中銀-員林,2024-08-05,6114
6770,力積電,37,5,32,台中銀-員林,2024-08-05,6114
3149,正達,30,0,30,台中銀-員林,2024-08-05,6114
5880,合庫金,29,0,29,台中銀-員林,2024-08-05,6114
1536,和大,30,3,27,台中銀-員林,2024-08-05,6114
00712,復華富時不動產,61,35,26,台中銀-員林,2024-08-05,6114
2330,台積電,47,20,27,台中銀-員林,2024-08-05,6114
1314,中石化,30,4,26,台中銀-員林,2024-08-05,6114
2349,錸德,131,105,26,台中銀-員林,2024-08-05,6114
1513,中興電,34,10,24,台中銀-員林,2024-08-05,6114
9105,泰金寶-DR,23,0,23,台中銀-員林,2024-08-05,6114
2301,光寶科,21,1,20,台中銀-員林,2024-08-05,6114
00933B,國泰10Y+金融債,26,6,20,台中銀-員林,2024-08-05,6114
1563,巧新,20,0,20,台中銀-員林,2024-08-05,6114
2867,三商壽,25,5,20,台中銀-員林,2024-08-05,6114
5443,均豪,19,0,19,台中銀-員林,2024-08-05,6114
2601,益航,25,6,19,台中銀-員林,2024-08-05,6114
3673,TPK-KY,20,1,19,台中銀-員林,2024-08-05,6114
8374,羅昇,29,10,19,台中銀-員林,2024-08-05,6114
00939,統一台灣高息動能,19,0,19,台中銀-員林,2024-08-05,6114
1316,上曜,19,0,19,台中銀-員林,2024-08-05,6114
00669R,國泰美國道瓊反1,18,0,18,台中銀-員林,2024-08-05,6114
00918,大華優利高填息30,26,9,17,台中銀-員林,2024-08-05,6114
00927,群益半導體收益,17,0,17,台中銀-員林,2024-08-05,6114
00632R,元大台灣50反1,314,0,314,台中銀-員林,2024-08-06,6114
00940,元大台灣價值高息,258,4,254,台中銀-員林,2024-08-06,6114
2409,友達,146,4,142,台中銀-員林,2024-08-06,6114
00929,復華台灣科技優息,111,33,78,台中銀-員林,2024-08-06,6114
3481,群創,95,25,70,台中銀-員林,2024-08-06,6114
3450,聯鈞,64,3,61,台中銀-員林,2024-08-06,6114
8104,錸寶,56,3,53,台中銀-員林,2024-08-06,6114
00919,群益台灣精選高息,61,12,49,台中銀-員林,2024-08-06,6114
2317,鴻海,154,111,43,台中銀-員林,2024-08-06,6114
2603,長榮,51,9,42,台中銀-員林,2024-08-06,6114
2472,立隆電,44,5,39,台中銀-員林,2024-08-06,6114
00937B,群益ESG投等債20,51,19,32,台中銀-員林,2024-08-06,6114
3189,景碩,69,37,32,台中銀-員林,2024-08-06,6114
3056,富華新,30,0,30,台中銀-員林,2024-08-06,6114
00671R,富邦NASDAQ反1,30,0,30,台中銀-員林,2024-08-06,6114
2025,千興,30,0,30,台中銀-員林,2024-08-06,6114
2890,永豐金,29,0,29,台中銀-員林,2024-08-06,6114
00715L,期街口布蘭特正2,25,0,25,台中銀-員林,2024-08-06,6114
3663,鑫科,63,39,24,台中銀-員林,2024-08-06,6114
00664R,國泰臺灣加權反1,23,0,23,台中銀-員林,2024-08-06,6114
00900,富邦特選高股息30,21,1,20,台中銀-員林,2024-08-06,6114
00882,中信中國高股息,20,0,20,台中銀-員林,2024-08-06,6114
00948B,中信優息投資級債,20,0,20,台中銀-員林,2024-08-06,6114
2845,遠東銀,20,0,20,台中銀-員林,2024-08-06,6114
2362,藍天,27,8,19,台中銀-員林,2024-08-06,6114
2442,新美齊,22,3,19,台中銀-員林,2024-08-06,6114
2834,臺企銀,20,1,19,台中銀-員林,2024-08-06,6114
3047,訊舟,28,9,19,台中銀-員林,2024-08-06,6114
9945,潤泰新,20,1,19,台中銀-員林,2024-08-06,6114
3013,晟銘電,21,4,17,台中銀-員林,2024-08-06,6114
3062,建漢,22,5,17,台中銀-員林,2024-08-06,6114
3312,弘憶股,23,6,17,台中銀-員林,2024-08-06,6114
2365,昆盈,26,10,16,台中銀-員林,2024-08-06,6114
4526,東台,21,5,16,台中銀-員林,2024-08-06,6114
1316,上曜,18,3,15,台中銀-員林,2024-08-06,6114
4960,誠美材,15,0,15,台中銀-員林,2024-08-06,6114
4306,炎洲,15,0,15,台中銀-員林,2024-08-06,6114
2101,南港,21,7,14,台中銀-員林,2024-08-06,6114
2886,兆豐金,23,9,14,台中銀-員林,2024-08-06,6114
3042,晶技,14,0,14,台中銀-員林,2024-08-06,6114
2352,佳世達,24,10,14,台中銀-員林,2024-08-06,6114
00881,國泰台灣5G+,30,17,13,台中銀-員林,2024-08-06,6114
3037,欣興,65,52,13,台中銀-員林,2024-08-06,6114
2542,興富發,13,0,13,台中銀-員林,2024-08-06,6114
2338,光罩,12,0,12,台中銀-員林,2024-08-06,6114
5871,中租-KY,20,9,11,台中銀-員林,2024-08-06,6114
1536,和大,13,2,11,台中銀-員林,2024-08-06,6114
2883,凱基金,10,0,10,台中銀-員林,2024-08-06,6114
00892,富邦台灣半導體,10,0,10,台中銀-員林,2024-08-06,6114
00637L,元大滬深300正2,15,5,10,台中銀-員林,2024-08-06,6114
00929,復華台灣科技優息,204,13,191,台中銀-員林,2024-08-07,6114
00632R,元大台灣50反1,209,20,189,台中銀-員林,2024-08-07,6114
00679B,元大美債20年,207,58,149,台中銀-員林,2024-08-07,6114
00751B,元大AAA至A公司債,110,23,87,台中銀-員林,2024-08-07,6114
2834,臺企銀,82,2,80,台中銀-員林,2024-08-07,6114
00878,國泰永續高股息,73,11,62,台中銀-員林,2024-08-07,6114
4510,高鋒,96,38,58,台中銀-員林,2024-08-07,6114
2409,友達,79,23,56,台中銀-員林,2024-08-07,6114
00715L,期街口布蘭特正2,72,23,49,台中銀-員林,2024-08-07,6114
2371,大同,52,7,45,台中銀-員林,2024-08-07,6114
3481,群創,68,24,44,台中銀-員林,2024-08-07,6114
6116,彩晶,50,12,38,台中銀-員林,2024-08-07,6114
2006,東和鋼鐵,35,0,35,台中銀-員林,2024-08-07,6114
6125,廣運,34,2,32,台中銀-員林,2024-08-07,6114
2609,陽明,45,14,31,台中銀-員林,2024-08-07,6114
00664R,國泰臺灣加權反1,30,0,30,台中銀-員林,2024-08-07,6114
2356,英業達,48,18,30,台中銀-員林,2024-08-07,6114
00937B,群益ESG投等債20,30,4,26,台中銀-員林,2024-08-07,6114
2845,遠東銀,46,20,26,台中銀-員林,2024-08-07,6114
2886,兆豐金,23,0,23,台中銀-員林,2024-08-07,6114
2882,國泰金,20,1,19,台中銀-員林,2024-08-07,6114
3037,欣興,23,6,17,台中銀-員林,2024-08-07,6114
1316,上曜,18,2,16,台中銀-員林,2024-08-07,6114
3520,華盈,16,0,16,台中銀-員林,2024-08-07,6114
2615,萬海,50,34,16,台中銀-員林,2024-08-07,6114
00918,大華優利高填息30,17,2,15,台中銀-員林,2024-08-07,6114
2867,三商壽,15,0,15,台中銀-員林,2024-08-07,6114
00637L,元大滬深300正2,26,11,15,台中銀-員林,2024-08-07,6114
2812,台中銀,14,0,14,台中銀-員林,2024-08-07,6114
9945,潤泰新,16,2,14,台中銀-員林,2024-08-07,6114
2382,廣達,19,6,13,台中銀-員林,2024-08-07,6114
3211,順達,13,0,13,台中銀-員林,2024-08-07,6114
2301,光寶科,28,16,12,台中銀-員林,2024-08-07,6114
2344,華邦電,32,20,12,台中銀-員林,2024-08-07,6114
3034,聯詠,11,0,11,台中銀-員林,2024-08-07,6114
00712,復華富時不動產,10,0,10,台中銀-員林,2024-08-07,6114
5481,新華,10,0,10,台中銀-員林,2024-08-07,6114
2887,台新金,11,2,9,台中銀-員林,2024-08-07,6114
1569,濱川,10,1,9,台中銀-員林,2024-08-07,6114
00934,中信成長高股息,8,0,8,台中銀-員林,2024-08-07,6114
00764B,群益25年美債,13,5,8,台中銀-員林,2024-08-07,6114
2442,新美齊,8,0,8,台中銀-員林,2024-08-07,6114
2801,彰銀,8,0,8,台中銀-員林,2024-08-07,6114
2897,王道銀行,8,0,8,台中銀-員林,2024-08-07,6114
4906,正文,9,1,8,台中銀-員林,2024-08-07,6114
6213,聯茂,8,0,8,台中銀-員林,2024-08-07,6114
6446,藥華藥,10,2,8,台中銀-員林,2024-08-07,6114
2376,技嘉,7,0,7,台中銀-員林,2024-08-07,6114
2603,長榮,11,4,7,台中銀-員林,2024-08-07,6114
2363,矽統,11,4,7,台中銀-員林,2024-08-07,6114
2888,新光金,401,13,388,台中銀-員林,2024-08-08,6114
00929,復華台灣科技優息,190,21,169,台中銀-員林,2024-08-08,6114
00679B,元大美債20年,129,31,98,台中銀-員林,2024-08-08,6114
2317,鴻海,126,40,86,台中銀-員林,2024-08-08,6114
00878,國泰永續高股息,68,0,68,台中銀-員林,2024-08-08,6114
4564,元翎,62,11,51,台中銀-員林,2024-08-08,6114
1536,和大,59,9,50,台中銀-員林,2024-08-08,6114
2834,臺企銀,46,0,46,台中銀-員林,2024-08-08,6114
2303,聯電,43,2,41,台中銀-員林,2024-08-08,6114
006208,富邦台50,35,0,35,台中銀-員林,2024-08-08,6114
1326,台化,36,4,32,台中銀-員林,2024-08-08,6114
2609,陽明,33,3,30,台中銀-員林,2024-08-08,6114
00937B,群益ESG投等債20,48,20,28,台中銀-員林,2024-08-08,6114
00940,元大台灣價值高息,38,10,28,台中銀-員林,2024-08-08,6114
2884,玉山金,30,2,28,台中銀-員林,2024-08-08,6114
2344,華邦電,29,5,24,台中銀-員林,2024-08-08,6114
00665L,富邦�琤肭磪囓�2,20,0,20,台中銀-員林,2024-08-08,6114
1522,堤維西,23,5,18,台中銀-員林,2024-08-08,6114
4909,新復興,20,3,17,台中銀-員林,2024-08-08,6114
0056,元大高股息,18,1,17,台中銀-員林,2024-08-08,6114
2615,萬海,50,34,16,台中銀-員林,2024-08-08,6114
2603,長榮,21,5,16,台中銀-員林,2024-08-08,6114
1785,光洋科,16,0,16,台中銀-員林,2024-08-08,6114
3297,杭特,16,0,16,台中銀-員林,2024-08-08,6114
00675L,富邦臺灣加權正2,15,0,15,台中銀-員林,2024-08-08,6114
4566,時碩工業,19,4,15,台中銀-員林,2024-08-08,6114
6153,嘉聯益,15,0,15,台中銀-員林,2024-08-08,6114
00919,群益台灣精選高息,15,1,14,台中銀-員林,2024-08-08,6114
5443,均豪,28,14,14,台中銀-員林,2024-08-08,6114
5484,慧友,13,0,13,台中銀-員林,2024-08-08,6114
3231,緯創,19,6,13,台中銀-員林,2024-08-08,6114
2382,廣達,19,7,12,台中銀-員林,2024-08-08,6114
1734,杏輝,12,0,12,台中銀-員林,2024-08-08,6114
2101,南港,12,0,12,台中銀-員林,2024-08-08,6114
2243,宏旭-KY,12,0,12,台中銀-員林,2024-08-08,6114
2349,錸德,25,13,12,台中銀-員林,2024-08-08,6114
2886,兆豐金,12,0,12,台中銀-員林,2024-08-08,6114
8105,凌巨,17,6,11,台中銀-員林,2024-08-08,6114
2515,中工,13,2,11,台中銀-員林,2024-08-08,6114
00918,大華優利高填息30,10,0,10,台中銀-員林,2024-08-08,6114
00946,群益科技高息成長,10,0,10,台中銀-員林,2024-08-08,6114
2891,中信金,10,0,10,台中銀-員林,2024-08-08,6114
6217,中探針,10,0,10,台中銀-員林,2024-08-08,6114
8043,蜜望實,63,53,10,台中銀-員林,2024-08-08,6114
4961,天鈺,10,0,10,台中銀-員林,2024-08-08,6114
1609,大亞,11,2,9,台中銀-員林,2024-08-08,6114
2467,志聖,9,0,9,台中銀-員林,2024-08-08,6114
3230,錦明,9,0,9,台中銀-員林,2024-08-08,6114
6612,奈米醫材,8,0,8,台中銀-員林,2024-08-08,6114
5213,亞昕,8,0,8,台中銀-員林,2024-08-08,6114
00937B,群益ESG投等債20,327,10,317,台中銀-員林,2024-08-09,6114
00679B,元大美債20年,168,0,168,台中銀-員林,2024-08-09,6114
2062,橋椿,111,3,108,台中銀-員林,2024-08-09,6114
00878,國泰永續高股息,102,13,89,台中銀-員林,2024-08-09,6114
00940,元大台灣價值高息,112,32,80,台中銀-員林,2024-08-09,6114
9935,慶豐富,50,0,50,台中銀-員林,2024-08-09,6114
3231,緯創,59,22,37,台中銀-員林,2024-08-09,6114
00664R,國泰臺灣加權反1,35,0,35,台中銀-員林,2024-08-09,6114
4174,浩鼎,36,2,34,台中銀-員林,2024-08-09,6114
2834,臺企銀,27,1,26,台中銀-員林,2024-08-09,6114
2353,宏��,26,1,25,台中銀-員林,2024-08-09,6114
00687B,國泰20年美債,45,22,23,台中銀-員林,2024-08-09,6114
2365,昆盈,106,85,21,台中銀-員林,2024-08-09,6114
2313,華通,18,0,18,台中銀-員林,2024-08-09,6114
2374,佳能,29,11,18,台中銀-員林,2024-08-09,6114
00680L,元大美債20正2,41,24,17,台中銀-員林,2024-08-09,6114
3260,威剛,16,0,16,台中銀-員林,2024-08-09,6114
2405,輔信,17,2,15,台中銀-員林,2024-08-09,6114
2009,第一銅,14,0,14,台中銀-員林,2024-08-09,6114
2887,台新金,20,6,14,台中銀-員林,2024-08-09,6114
00948B,中信優息投資級債,13,0,13,台中銀-員林,2024-08-09,6114
00688L,國泰20年美債正2,54,42,12,台中銀-員林,2024-08-09,6114
2312,金寶,39,27,12,台中銀-員林,2024-08-09,6114
2421,建準,12,0,12,台中銀-員林,2024-08-09,6114
2486,一詮,16,4,12,台中銀-員林,2024-08-09,6114
5371,中光電,13,1,12,台中銀-員林,2024-08-09,6114
6531,愛普*,17,6,11,台中銀-員林,2024-08-09,6114
6125,廣運,14,3,11,台中銀-員林,2024-08-09,6114
2801,彰銀,11,0,11,台中銀-員林,2024-08-09,6114
6167,久正,11,0,11,台中銀-員林,2024-08-09,6114
6770,力積電,12,1,11,台中銀-員林,2024-08-09,6114
3049,精金,10,0,10,台中銀-員林,2024-08-09,6114
6446,藥華藥,11,1,10,台中銀-員林,2024-08-09,6114
5443,均豪,53,44,9,台中銀-員林,2024-08-09,6114
00650L,復華香港正2,64,55,9,台中銀-員林,2024-08-09,6114
3303,岱稜,11,2,9,台中銀-員林,2024-08-09,6114
3035,智原,12,3,9,台中銀-員林,2024-08-09,6114
00919,群益台灣精選高息,8,0,8,台中銀-員林,2024-08-09,6114
2354,鴻準,10,2,8,台中銀-員林,2024-08-09,6114
3044,健鼎,10,2,8,台中銀-員林,2024-08-09,6114
3520,華盈,8,0,8,台中銀-員林,2024-08-09,6114
3714,富采,8,0,8,台中銀-員林,2024-08-09,6114
4967,十銓,13,5,8,台中銀-員林,2024-08-09,6114
5309,系統電,11,3,8,台中銀-員林,2024-08-09,6114
5905,南仁湖,8,0,8,台中銀-員林,2024-08-09,6114
6116,彩晶,8,0,8,台中銀-員林,2024-08-09,6114
00713,元大台灣高息低波,7,0,7,台中銀-員林,2024-08-09,6114
4303,信立,7,0,7,台中銀-員林,2024-08-09,6114
4555,氣立,10,3,7,台中銀-員林,2024-08-09,6114
00900,富邦特選高股息30,10,4,6,台中銀-員林,2024-08-09,6114
2888,新光金,2028,32,1996,台中銀-員林,2024-08-12,6114
00688L,國泰20年美債正2,1142,1,1141,台中銀-員林,2024-08-12,6114
00632R,元大台灣50反1,318,200,118,台中銀-員林,2024-08-12,6114
00687B,國泰20年美債,115,4,111,台中銀-員林,2024-08-12,6114
2356,英業達,104,7,97,台中銀-員林,2024-08-12,6114
00948B,中信優息投資級債,90,0,90,台中銀-員林,2024-08-12,6114
2312,金寶,132,44,88,台中銀-員林,2024-08-12,6114
00929,復華台灣科技優息,60,5,55,台中銀-員林,2024-08-12,6114
2845,遠東銀,50,0,50,台中銀-員林,2024-08-12,6114
4562,穎漢,75,26,49,台中銀-員林,2024-08-12,6114
00907,永豐優息存股,43,5,38,台中銀-員林,2024-08-12,6114
00878,國泰永續高股息,33,1,32,台中銀-員林,2024-08-12,6114
00900,富邦特選高股息30,31,0,31,台中銀-員林,2024-08-12,6114
2891,中信金,29,1,28,台中銀-員林,2024-08-12,6114
00679B,元大美債20年,35,8,27,台中銀-員林,2024-08-12,6114
00936,台新永續高息中小,27,0,27,台中銀-員林,2024-08-12,6114
2409,友達,33,8,25,台中銀-員林,2024-08-12,6114
2317,鴻海,52,31,21,台中銀-員林,2024-08-12,6114
1708,東鹼,20,0,20,台中銀-員林,2024-08-12,6114
3535,晶彩科,20,1,19,台中銀-員林,2024-08-12,6114
3581,博磊,22,3,19,台中銀-員林,2024-08-12,6114
2365,昆盈,46,28,18,台中銀-員林,2024-08-12,6114
3003,健和興,15,1,14,台中銀-員林,2024-08-12,6114
5880,合庫金,14,0,14,台中銀-員林,2024-08-12,6114
1618,合機,15,2,13,台中銀-員林,2024-08-12,6114
3013,晟銘電,16,3,13,台中銀-員林,2024-08-12,6114
00937B,群益ESG投等債20,16,4,12,台中銀-員林,2024-08-12,6114
1597,直得,14,2,12,台中銀-員林,2024-08-12,6114
2468,華經,12,0,12,台中銀-員林,2024-08-12,6114
4989,榮科,12,0,12,台中銀-員林,2024-08-12,6114
6446,藥華藥,13,1,12,台中銀-員林,2024-08-12,6114
3518,柏騰,14,3,11,台中銀-員林,2024-08-12,6114
2542,興富發,13,2,11,台中銀-員林,2024-08-12,6114
00918,大華優利高填息30,10,0,10,台中銀-員林,2024-08-12,6114
00881,國泰台灣5G+,10,0,10,台中銀-員林,2024-08-12,6114
1101,台泥,13,3,10,台中銀-員林,2024-08-12,6114
1517,利奇,10,0,10,台中銀-員林,2024-08-12,6114
2061,風青,10,0,10,台中銀-員林,2024-08-12,6114
2401,凌陽,10,0,10,台中銀-員林,2024-08-12,6114
4533,協易機,34,24,10,台中銀-員林,2024-08-12,6114
1301,台塑,12,3,9,台中銀-員林,2024-08-12,6114
2301,光寶科,10,1,9,台中銀-員林,2024-08-12,6114
00919,群益台灣精選高息,11,3,8,台中銀-員林,2024-08-12,6114
3663,鑫科,37,29,8,台中銀-員林,2024-08-12,6114
9105,泰金寶-DR,16,8,8,台中銀-員林,2024-08-12,6114
1326,台化,8,0,8,台中銀-員林,2024-08-12,6114
2881,富邦金,8,0,8,台中銀-員林,2024-08-12,6114
2354,鴻準,7,0,7,台中銀-員林,2024-08-12,6114
2506,太設,7,0,7,台中銀-員林,2024-08-12,6114
4903,聯光通,7,0,7,台中銀-員林,2024-08-12,6114
00632R,元大台灣50反1,521,0,521,台中銀-員林,2024-08-13,6114
00679B,元大美債20年,94,0,94,台中銀-員林,2024-08-13,6114
00687B,國泰20年美債,82,3,79,台中銀-員林,2024-08-13,6114
00929,復華台灣科技優息,91,16,75,台中銀-員林,2024-08-13,6114
00937B,群益ESG投等債20,62,0,62,台中銀-員林,2024-08-13,6114
2880,華南金,57,4,53,台中銀-員林,2024-08-13,6114
2313,華通,53,1,52,台中銀-員林,2024-08-13,6114
1536,和大,71,20,51,台中銀-員林,2024-08-13,6114
00948B,中信優息投資級債,51,0,51,台中銀-員林,2024-08-13,6114
00751B,元大AAA至A公司債,50,0,50,台中銀-員林,2024-08-13,6114
2426,鼎元,50,0,50,台中銀-員林,2024-08-13,6114
2886,兆豐金,38,0,38,台中銀-員林,2024-08-13,6114
2615,萬海,42,7,35,台中銀-員林,2024-08-13,6114
4540,全球傳動,35,6,29,台中銀-員林,2024-08-13,6114
00878,國泰永續高股息,38,11,27,台中銀-員林,2024-08-13,6114
1513,中興電,45,19,26,台中銀-員林,2024-08-13,6114
2801,彰銀,26,0,26,台中銀-員林,2024-08-13,6114
00919,群益台灣精選高息,28,5,23,台中銀-員林,2024-08-13,6114
3060,銘異,20,0,20,台中銀-員林,2024-08-13,6114
2374,佳能,32,12,20,台中銀-員林,2024-08-13,6114
2356,英業達,20,1,19,台中銀-員林,2024-08-13,6114
2834,臺企銀,18,0,18,台中銀-員林,2024-08-13,6114
4562,穎漢,52,36,16,台中銀-員林,2024-08-13,6114
2897,王道銀行,16,1,15,台中銀-員林,2024-08-13,6114
00712,復華富時不動產,15,0,15,台中銀-員林,2024-08-13,6114
00673R,期元大S＆P原油反1,15,0,15,台中銀-員林,2024-08-13,6114
3303,岱稜,23,8,15,台中銀-員林,2024-08-13,6114
8068,全達,15,0,15,台中銀-員林,2024-08-13,6114
00907,永豐優息存股,17,3,14,台中銀-員林,2024-08-13,6114
2317,鴻海,34,20,14,台中銀-員林,2024-08-13,6114
2609,陽明,19,7,12,台中銀-員林,2024-08-13,6114
1326,台化,12,0,12,台中銀-員林,2024-08-13,6114
2002,中鋼,12,0,12,台中銀-員林,2024-08-13,6114
4566,時碩工業,18,6,12,台中銀-員林,2024-08-13,6114
3706,神達,15,4,11,台中銀-員林,2024-08-13,6114
4107,邦特,21,10,11,台中銀-員林,2024-08-13,6114
6213,聯茂,11,0,11,台中銀-員林,2024-08-13,6114
6265,方土昶,11,0,11,台中銀-員林,2024-08-13,6114
1301,台塑,11,1,10,台中銀-員林,2024-08-13,6114
3013,晟銘電,21,11,10,台中銀-員林,2024-08-13,6114
6269,台郡,12,2,10,台中銀-員林,2024-08-13,6114
3231,緯創,17,7,10,台中銀-員林,2024-08-13,6114
00642U,期元大S＆P石油,10,0,10,台中銀-員林,2024-08-13,6114
1909,榮成,10,0,10,台中銀-員林,2024-08-13,6114
6698,旭暉應材,10,0,10,台中銀-員林,2024-08-13,6114
9955,佳龍,10,0,10,台中銀-員林,2024-08-13,6114
2208,台船,11,2,9,台中銀-員林,2024-08-13,6114
2349,錸德,18,9,9,台中銀-員林,2024-08-13,6114
1303,南亞,8,0,8,台中銀-員林,2024-08-13,6114
6446,藥華藥,10,2,8,台中銀-員林,2024-08-13,6114
3481,群創,2614,8,2606,台中銀-員林,2024-08-14,6114
00687B,國泰20年美債,112,11,101,台中銀-員林,2024-08-14,6114
1608,華榮,92,2,90,台中銀-員林,2024-08-14,6114
00937B,群益ESG投等債20,80,5,75,台中銀-員林,2024-08-14,6114
00679B,元大美債20年,79,7,72,台中銀-員林,2024-08-14,6114
00664R,國泰臺灣加權反1,50,0,50,台中銀-員林,2024-08-14,6114
00948B,中信優息投資級債,110,65,45,台中銀-員林,2024-08-14,6114
1101,台泥,49,7,42,台中銀-員林,2024-08-14,6114
8101,華冠,35,0,35,台中銀-員林,2024-08-14,6114
00936,台新永續高息中小,32,0,32,台中銀-員林,2024-08-14,6114
4566,時碩工業,44,16,28,台中銀-員林,2024-08-14,6114
00900,富邦特選高股息30,26,1,25,台中銀-員林,2024-08-14,6114
4534,慶騰,26,2,24,台中銀-員林,2024-08-14,6114
4580,捷流閥業,25,1,24,台中銀-員林,2024-08-14,6114
00878,國泰永續高股息,46,25,21,台中銀-員林,2024-08-14,6114
2890,永豐金,20,0,20,台中銀-員林,2024-08-14,6114
3149,正達,20,0,20,台中銀-員林,2024-08-14,6114
5386,青雲,22,3,19,台中銀-員林,2024-08-14,6114
2349,錸德,40,22,18,台中銀-員林,2024-08-14,6114
9105,泰金寶-DR,51,34,17,台中銀-員林,2024-08-14,6114
2402,毅嘉,16,0,16,台中銀-員林,2024-08-14,6114
5871,中租-KY,14,1,13,台中銀-員林,2024-08-14,6114
1539,巨庭,13,0,13,台中銀-員林,2024-08-14,6114
1785,光洋科,33,20,13,台中銀-員林,2024-08-14,6114
2374,佳能,21,8,13,台中銀-員林,2024-08-14,6114
4958,臻鼎-KY,12,0,12,台中銀-員林,2024-08-14,6114
2609,陽明,18,7,11,台中銀-員林,2024-08-14,6114
2417,圓剛,18,7,11,台中銀-員林,2024-08-14,6114
6224,聚鼎,21,10,11,台中銀-員林,2024-08-14,6114
2615,萬海,22,12,10,台中銀-員林,2024-08-14,6114
1597,直得,13,3,10,台中銀-員林,2024-08-14,6114
00637L,元大滬深300正2,17,7,10,台中銀-員林,2024-08-14,6114
00665L,富邦�琤肭磪囓�2,10,0,10,台中銀-員林,2024-08-14,6114
00673R,期元大S＆P原油反1,10,0,10,台中銀-員林,2024-08-14,6114
2103,台橡,10,0,10,台中銀-員林,2024-08-14,6114
2362,藍天,11,1,10,台中銀-員林,2024-08-14,6114
2801,彰銀,10,0,10,台中銀-員林,2024-08-14,6114
3264,欣銓,10,0,10,台中銀-員林,2024-08-14,6114
3406,玉晶光,10,0,10,台中銀-員林,2024-08-14,6114
4306,炎洲,10,0,10,台中銀-員林,2024-08-14,6114
6167,久正,10,0,10,台中銀-員林,2024-08-14,6114
6582,申豐,10,0,10,台中銀-員林,2024-08-14,6114
8071,能率網通,11,1,10,台中銀-員林,2024-08-14,6114
1503,士電,13,4,9,台中銀-員林,2024-08-14,6114
2401,凌陽,12,3,9,台中銀-員林,2024-08-14,6114
3202,樺晟,10,1,9,台中銀-員林,2024-08-14,6114
6269,台郡,8,0,8,台中銀-員林,2024-08-14,6114
2313,華通,10,2,8,台中銀-員林,2024-08-14,6114
4526,東台,8,1,7,台中銀-員林,2024-08-14,6114
1445,大宇,7,0,7,台中銀-員林,2024-08-14,6114
00632R,元大台灣50反1,280,42,238,台中銀-員林,2024-08-15,6114
00688L,國泰20年美債正2,207,0,207,台中銀-員林,2024-08-15,6114
00687B,國泰20年美債,197,1,196,台中銀-員林,2024-08-15,6114
00948B,中信優息投資級債,303,150,153,台中銀-員林,2024-08-15,6114
00936,台新永續高息中小,121,8,113,台中銀-員林,2024-08-15,6114
00878,國泰永續高股息,129,41,88,台中銀-員林,2024-08-15,6114
2002,中鋼,64,5,59,台中銀-員林,2024-08-15,6114
3450,聯鈞,53,4,49,台中銀-員林,2024-08-15,6114
00680L,元大美債20正2,84,45,39,台中銀-員林,2024-08-15,6114
00900,富邦特選高股息30,41,3,38,台中銀-員林,2024-08-15,6114
2812,台中銀,35,2,33,台中銀-員林,2024-08-15,6114
00853B,統一美債10年Aa-,33,0,33,台中銀-員林,2024-08-15,6114
00650L,復華香港正2,66,33,33,台中銀-員林,2024-08-15,6114
00679B,元大美債20年,90,59,31,台中銀-員林,2024-08-15,6114
4107,邦特,30,0,30,台中銀-員林,2024-08-15,6114
9105,泰金寶-DR,57,28,29,台中銀-員林,2024-08-15,6114
1316,上曜,30,6,24,台中銀-員林,2024-08-15,6114
3679,新至陞,22,0,22,台中銀-員林,2024-08-15,6114
2527,宏璟,21,0,21,台中銀-員林,2024-08-15,6114
2892,第一金,21,0,21,台中銀-員林,2024-08-15,6114
1611,中電,20,0,20,台中銀-員林,2024-08-15,6114
2368,金像電,21,1,20,台中銀-員林,2024-08-15,6114
6155,鈞寶,16,0,16,台中銀-員林,2024-08-15,6114
9945,潤泰新,18,2,16,台中銀-員林,2024-08-15,6114
00929,復華台灣科技優息,43,27,16,台中銀-員林,2024-08-15,6114
00919,群益台灣精選高息,17,1,16,台中銀-員林,2024-08-15,6114
2317,鴻海,32,17,15,台中銀-員林,2024-08-15,6114
00932,兆豐永續高息等權,13,0,13,台中銀-員林,2024-08-15,6114
2884,玉山金,13,0,13,台中銀-員林,2024-08-15,6114
3189,景碩,12,0,12,台中銀-員林,2024-08-15,6114
2399,映泰,41,30,11,台中銀-員林,2024-08-15,6114
00795B,中信美國公債20年,11,0,11,台中銀-員林,2024-08-15,6114
6285,啟��,10,0,10,台中銀-員林,2024-08-15,6114
2027,大成鋼,10,0,10,台中銀-員林,2024-08-15,6114
2206,三陽工業,10,0,10,台中銀-員林,2024-08-15,6114
2388,威盛,14,4,10,台中銀-員林,2024-08-15,6114
2401,凌陽,29,19,10,台中銀-員林,2024-08-15,6114
6768,志強-KY,10,0,10,台中銀-員林,2024-08-15,6114
2915,潤泰全,10,1,9,台中銀-員林,2024-08-15,6114
3047,訊舟,29,20,9,台中銀-員林,2024-08-15,6114
4958,臻鼎-KY,10,1,9,台中銀-員林,2024-08-15,6114
1301,台塑,8,0,8,台中銀-員林,2024-08-15,6114
5880,合庫金,8,0,8,台中銀-員林,2024-08-15,6114
1802,台玻,8,0,8,台中銀-員林,2024-08-15,6114
2030,彰源,8,0,8,台中銀-員林,2024-08-15,6114
2312,金寶,9,1,8,台中銀-員林,2024-08-15,6114
2867,三商壽,10,2,8,台中銀-員林,2024-08-15,6114
2886,兆豐金,10,2,8,台中銀-員林,2024-08-15,6114
6165,浪凡,8,0,8,台中銀-員林,2024-08-15,6114
4576,大銀微系統,10,3,7,台中銀-員林,2024-08-15,6114
00937B,群益ESG投等債20,203,0,203,台中銀-員林,2024-08-16,6114
00679B,元大美債20年,146,0,146,台中銀-員林,2024-08-16,6114
00664R,國泰臺灣加權反1,77,0,77,台中銀-員林,2024-08-16,6114
00795B,中信美國公債20年,58,0,58,台中銀-員林,2024-08-16,6114
00687B,國泰20年美債,74,23,51,台中銀-員林,2024-08-16,6114
4931,新盛力,41,0,41,台中銀-員林,2024-08-16,6114
00680L,元大美債20正2,38,0,38,台中銀-員林,2024-08-16,6114
2317,鴻海,46,15,31,台中銀-員林,2024-08-16,6114
00688L,國泰20年美債正2,26,0,26,台中銀-員林,2024-08-16,6114
3048,益登,32,11,21,台中銀-員林,2024-08-16,6114
8096,擎亞,88,68,20,台中銀-員林,2024-08-16,6114
2882,國泰金,20,2,18,台中銀-員林,2024-08-16,6114
8101,華冠,17,0,17,台中銀-員林,2024-08-16,6114
2002,中鋼,23,8,15,台中銀-員林,2024-08-16,6114
3673,TPK-KY,13,0,13,台中銀-員林,2024-08-16,6114
00878,國泰永續高股息,71,58,13,台中銀-員林,2024-08-16,6114
2886,兆豐金,12,0,12,台中銀-員林,2024-08-16,6114
1437,勤益控,12,0,12,台中銀-員林,2024-08-16,6114
9105,泰金寶-DR,24,12,12,台中銀-員林,2024-08-16,6114
2344,華邦電,12,1,11,台中銀-員林,2024-08-16,6114
00673R,期元大S＆P原油反1,10,0,10,台中銀-員林,2024-08-16,6114
5531,鄉林,10,0,10,台中銀-員林,2024-08-16,6114
6160,欣技,10,0,10,台中銀-員林,2024-08-16,6114
00900,富邦特選高股息30,10,1,9,台中銀-員林,2024-08-16,6114
00933B,國泰10Y+金融債,9,0,9,台中銀-員林,2024-08-16,6114
2353,宏��,11,2,9,台中銀-員林,2024-08-16,6114
3645,達邁,12,3,9,台中銀-員林,2024-08-16,6114
6113,亞矽,9,0,9,台中銀-員林,2024-08-16,6114
6228,全譜,9,0,9,台中銀-員林,2024-08-16,6114
4562,穎漢,36,27,9,台中銀-員林,2024-08-16,6114
2363,矽統,14,6,8,台中銀-員林,2024-08-16,6114
1514,亞力,11,3,8,台中銀-員林,2024-08-16,6114
2208,台船,10,2,8,台中銀-員林,2024-08-16,6114
6165,浪凡,8,0,8,台中銀-員林,2024-08-16,6114
1210,大成,7,0,7,台中銀-員林,2024-08-16,6114
2615,萬海,16,9,7,台中銀-員林,2024-08-16,6114
3712,永崴投控,7,0,7,台中銀-員林,2024-08-16,6114
00927,群益半導體收益,8,2,6,台中銀-員林,2024-08-16,6114
3202,樺晟,6,0,6,台中銀-員林,2024-08-16,6114
6167,久正,6,0,6,台中銀-員林,2024-08-16,6114
9103,美德醫療-DR,6,0,6,台中銀-員林,2024-08-16,6114
00936,台新永續高息中小,5,0,5,台中銀-員林,2024-08-16,6114
2457,飛宏,5,0,5,台中銀-員林,2024-08-16,6114
2489,瑞軒,18,13,5,台中銀-員林,2024-08-16,6114
2365,昆盈,24,19,5,台中銀-員林,2024-08-16,6114
00931B,統一美債20年,5,0,5,台中銀-員林,2024-08-16,6114
1307,三芳,5,0,5,台中銀-員林,2024-08-16,6114
2425,承啟,15,10,5,台中銀-員林,2024-08-16,6114
3188,鑫龍騰,5,0,5,台中銀-員林,2024-08-16,6114
5484,慧友,7,2,5,台中銀-員林,2024-08-16,6114
00687B,國泰20年美債,324,0,324,台中銀-員林,2024-08-19,6114
00937B,群益ESG投等債20,315,20,295,台中銀-員林,2024-08-19,6114
4931,新盛力,132,0,132,台中銀-員林,2024-08-19,6114
2405,輔信,134,3,131,台中銀-員林,2024-08-19,6114
00933B,國泰10Y+金融債,99,0,99,台中銀-員林,2024-08-19,6114
2609,陽明,113,18,95,台中銀-員林,2024-08-19,6114
00795B,中信美國公債20年,94,0,94,台中銀-員林,2024-08-19,6114
8064,東捷,101,26,75,台中銀-員林,2024-08-19,6114
4942,嘉彰,46,0,46,台中銀-員林,2024-08-19,6114
00632R,元大台灣50反1,33,2,31,台中銀-員林,2024-08-19,6114
00715L,期街口布蘭特正2,39,10,29,台中銀-員林,2024-08-19,6114
2002,中鋼,30,2,28,台中銀-員林,2024-08-19,6114
00680L,元大美債20正2,24,0,24,台中銀-員林,2024-08-19,6114
2464,盟立,40,16,24,台中銀-員林,2024-08-19,6114
3037,欣興,25,2,23,台中銀-員林,2024-08-19,6114
00857B,永豐20年美公債,21,0,21,台中銀-員林,2024-08-19,6114
1326,台化,21,0,21,台中銀-員林,2024-08-19,6114
3673,TPK-KY,22,1,21,台中銀-員林,2024-08-19,6114
00900,富邦特選高股息30,30,10,20,台中銀-員林,2024-08-19,6114
4927,泰鼎-KY,20,0,20,台中銀-員林,2024-08-19,6114
6120,達運,20,0,20,台中銀-員林,2024-08-19,6114
00929,復華台灣科技優息,69,51,18,台中銀-員林,2024-08-19,6114
8374,羅昇,19,3,16,台中銀-員林,2024-08-19,6114
00919,群益台灣精選高息,37,21,16,台中銀-員林,2024-08-19,6114
00936,台新永續高息中小,15,0,15,台中銀-員林,2024-08-19,6114
2070,精湛,16,1,15,台中銀-員林,2024-08-19,6114
5465,富驊,19,4,15,台中銀-員林,2024-08-19,6114
6188,廣明,21,7,14,台中銀-員林,2024-08-19,6114
2009,第一銅,15,1,14,台中銀-員林,2024-08-19,6114
2419,仲琦,14,0,14,台中銀-員林,2024-08-19,6114
2442,新美齊,14,0,14,台中銀-員林,2024-08-19,6114
1321,大洋,13,0,13,台中銀-員林,2024-08-19,6114
9904,寶成,12,0,12,台中銀-員林,2024-08-19,6114
4580,捷流閥業,12,1,11,台中銀-員林,2024-08-19,6114
6133,金橋,11,0,11,台中銀-員林,2024-08-19,6114
2603,長榮,13,2,11,台中銀-員林,2024-08-19,6114
1301,台塑,11,1,10,台中銀-員林,2024-08-19,6114
2356,英業達,14,4,10,台中銀-員林,2024-08-19,6114
2401,凌陽,70,60,10,台中銀-員林,2024-08-19,6114
3013,晟銘電,18,8,10,台中銀-員林,2024-08-19,6114
3580,友威科,10,0,10,台中銀-員林,2024-08-19,6114
00918,大華優利高填息30,10,0,10,台中銀-員林,2024-08-19,6114
00688L,國泰20年美債正2,10,1,9,台中銀-員林,2024-08-19,6114
00731,復華富時高息低波,8,0,8,台中銀-員林,2024-08-19,6114
8028,昇陽半導體,28,20,8,台中銀-員林,2024-08-19,6114
1611,中電,27,19,8,台中銀-員林,2024-08-19,6114
2881,富邦金,8,0,8,台中銀-員林,2024-08-19,6114
2359,所羅門,15,8,7,台中銀-員林,2024-08-19,6114
1445,大宇,7,0,7,台中銀-員林,2024-08-19,6114
2352,佳世達,10,3,7,台中銀-員林,2024-08-19,6114
4931,新盛力,246,0,246,台中銀-員林,2024-08-20,6114
00937B,群益ESG投等債20,206,3,203,台中銀-員林,2024-08-20,6114
00715L,期街口布蘭特正2,183,0,183,台中銀-員林,2024-08-20,6114
2344,華邦電,205,36,169,台中銀-員林,2024-08-20,6114
00687B,國泰20年美債,123,31,92,台中銀-員林,2024-08-20,6114
00940,元大台灣價值高息,90,17,73,台中銀-員林,2024-08-20,6114
00679B,元大美債20年,69,0,69,台中銀-員林,2024-08-20,6114
2520,冠德,69,2,67,台中銀-員林,2024-08-20,6114
8028,昇陽半導體,81,30,51,台中銀-員林,2024-08-20,6114
2356,英業達,52,11,41,台中銀-員林,2024-08-20,6114
00946,群益科技高息成長,40,0,40,台中銀-員林,2024-08-20,6114
00929,復華台灣科技優息,56,21,35,台中銀-員林,2024-08-20,6114
00905,FT臺灣Smart,32,1,31,台中銀-員林,2024-08-20,6114
2472,立隆電,32,1,31,台中銀-員林,2024-08-20,6114
2365,昆盈,47,23,24,台中銀-員林,2024-08-20,6114
1785,光洋科,46,23,23,台中銀-員林,2024-08-20,6114
00632R,元大台灣50反1,121,100,21,台中銀-員林,2024-08-20,6114
5202,力新,20,0,20,台中銀-員林,2024-08-20,6114
00688L,國泰20年美債正2,18,0,18,台中銀-員林,2024-08-20,6114
1536,和大,16,1,15,台中銀-員林,2024-08-20,6114
00857B,永豐20年美公債,15,0,15,台中銀-員林,2024-08-20,6114
4942,嘉彰,20,5,15,台中銀-員林,2024-08-20,6114
00795B,中信美國公債20年,15,0,15,台中銀-員林,2024-08-20,6114
1611,中電,27,14,13,台中銀-員林,2024-08-20,6114
2399,映泰,23,10,13,台中銀-員林,2024-08-20,6114
3645,達邁,14,1,13,台中銀-員林,2024-08-20,6114
1326,台化,12,0,12,台中銀-員林,2024-08-20,6114
2882,國泰金,12,0,12,台中銀-員林,2024-08-20,6114
3062,建漢,14,2,12,台中銀-員林,2024-08-20,6114
00923,群益台ESG低碳50,11,0,11,台中銀-員林,2024-08-20,6114
2368,金像電,14,3,11,台中銀-員林,2024-08-20,6114
3047,訊舟,24,13,11,台中銀-員林,2024-08-20,6114
2401,凌陽,99,88,11,台中銀-員林,2024-08-20,6114
3260,威剛,10,0,10,台中銀-員林,2024-08-20,6114
00954,中信日本半導體,10,0,10,台中銀-員林,2024-08-20,6114
00955,中信日本商社,10,0,10,台中銀-員林,2024-08-20,6114
2481,強茂,10,0,10,台中銀-員林,2024-08-20,6114
3163,波若威,12,2,10,台中銀-員林,2024-08-20,6114
3379,彬台,21,11,10,台中銀-員林,2024-08-20,6114
6290,良維,10,0,10,台中銀-員林,2024-08-20,6114
9802,鈺齊-KY,10,0,10,台中銀-員林,2024-08-20,6114
00919,群益台灣精選高息,11,2,9,台中銀-員林,2024-08-20,6114
2374,佳能,27,18,9,台中銀-員林,2024-08-20,6114
00680L,元大美債20正2,19,11,8,台中銀-員林,2024-08-20,6114
3363,上詮,14,6,8,台中銀-員林,2024-08-20,6114
3715,定穎投控,8,0,8,台中銀-員林,2024-08-20,6114
6472,保瑞,10,2,8,台中銀-員林,2024-08-20,6114
1447,力鵬,8,1,7,台中銀-員林,2024-08-20,6114
2542,興富發,10,3,7,台中銀-員林,2024-08-20,6114
6177,達麗,7,0,7,台中銀-員林,2024-08-20,6114
2891,中信金,259,0,259,台中銀-員林,2024-08-21,6114
2344,華邦電,114,1,113,台中銀-員林,2024-08-21,6114
3062,建漢,116,6,110,台中銀-員林,2024-08-21,6114
00680L,元大美債20正2,115,52,63,台中銀-員林,2024-08-21,6114
4942,嘉彰,60,2,58,台中銀-員林,2024-08-21,6114
00715L,期街口布蘭特正2,61,10,51,台中銀-員林,2024-08-21,6114
00632R,元大台灣50反1,57,8,49,台中銀-員林,2024-08-21,6114
00878,國泰永續高股息,46,6,40,台中銀-員林,2024-08-21,6114
00919,群益台灣精選高息,52,14,38,台中銀-員林,2024-08-21,6114
00946,群益科技高息成長,36,0,36,台中銀-員林,2024-08-21,6114
00665L,富邦�琤肭磪囓�2,35,0,35,台中銀-員林,2024-08-21,6114
00936,台新永續高息中小,32,0,32,台中銀-員林,2024-08-21,6114
4931,新盛力,30,0,30,台中銀-員林,2024-08-21,6114
8034,榮群,22,0,22,台中銀-員林,2024-08-21,6114
2009,第一銅,20,0,20,台中銀-員林,2024-08-21,6114
00706L,期元大S＆P日圓正2,18,0,18,台中銀-員林,2024-08-21,6114
00953B,群益優選非投等債,17,0,17,台中銀-員林,2024-08-21,6114
2376,技嘉,16,1,15,台中銀-員林,2024-08-21,6114
00954,中信日本半導體,15,0,15,台中銀-員林,2024-08-21,6114
4563,百德,23,9,14,台中銀-員林,2024-08-21,6114
00929,復華台灣科技優息,27,15,12,台中銀-員林,2024-08-21,6114
00918,大華優利高填息30,12,0,12,台中銀-員林,2024-08-21,6114
2317,鴻海,17,6,11,台中銀-員林,2024-08-21,6114
1301,台塑,11,0,11,台中銀-員林,2024-08-21,6114
2062,橋椿,11,0,11,台中銀-員林,2024-08-21,6114
6129,普誠,11,0,11,台中銀-員林,2024-08-21,6114
8109,博大,11,0,11,台中銀-員林,2024-08-21,6114
1609,大亞,32,22,10,台中銀-員林,2024-08-21,6114
8054,安國,10,0,10,台中銀-員林,2024-08-21,6114
2834,臺企銀,10,0,10,台中銀-員林,2024-08-21,6114
3189,景碩,15,5,10,台中銀-員林,2024-08-21,6114
2603,長榮,11,2,9,台中銀-員林,2024-08-21,6114
5309,系統電,12,3,9,台中銀-員林,2024-08-21,6114
5484,慧友,11,2,9,台中銀-員林,2024-08-21,6114
8440,綠電,16,8,8,台中銀-員林,2024-08-21,6114
5905,南仁湖,23,15,8,台中銀-員林,2024-08-21,6114
6570,維田,10,2,8,台中銀-員林,2024-08-21,6114
4562,穎漢,11,3,8,台中銀-員林,2024-08-21,6114
1326,台化,7,0,7,台中銀-員林,2024-08-21,6114
2408,南亞科,10,3,7,台中銀-員林,2024-08-21,6114
2472,立隆電,7,0,7,台中銀-員林,2024-08-21,6114
2890,永豐金,7,0,7,台中銀-員林,2024-08-21,6114
3686,達能,8,1,7,台中銀-員林,2024-08-21,6114
5347,世界,7,0,7,台中銀-員林,2024-08-21,6114
1584,精剛,13,6,7,台中銀-員林,2024-08-21,6114
00923,群益台ESG低碳50,6,0,6,台中銀-員林,2024-08-21,6114
00900,富邦特選高股息30,10,4,6,台中銀-員林,2024-08-21,6114
6117,迎廣,6,0,6,台中銀-員林,2024-08-21,6114
6290,良維,6,0,6,台中銀-員林,2024-08-21,6114
3035,智原,7,1,6,台中銀-員林,2024-08-21,6114
1303,南亞,102,0,102,台中銀-員林,2024-08-22,6114
2353,宏��,101,5,96,台中銀-員林,2024-08-22,6114
00687B,國泰20年美債,95,10,85,台中銀-員林,2024-08-22,6114
00946,群益科技高息成長,82,0,82,台中銀-員林,2024-08-22,6114
4931,新盛力,73,2,71,台中銀-員林,2024-08-22,6114
00680L,元大美債20正2,101,35,66,台中銀-員林,2024-08-22,6114
00929,復華台灣科技優息,57,0,57,台中銀-員林,2024-08-22,6114
00715L,期街口布蘭特正2,70,15,55,台中銀-員林,2024-08-22,6114
2349,錸德,116,62,54,台中銀-員林,2024-08-22,6114
2317,鴻海,67,15,52,台中銀-員林,2024-08-22,6114
00751B,元大AAA至A公司債,50,2,48,台中銀-員林,2024-08-22,6114
00948B,中信優息投資級債,40,0,40,台中銀-員林,2024-08-22,6114
2442,新美齊,54,20,34,台中銀-員林,2024-08-22,6114
2891,中信金,32,3,29,台中銀-員林,2024-08-22,6114
3056,富華新,28,0,28,台中銀-員林,2024-08-22,6114
2890,永豐金,34,7,27,台中銀-員林,2024-08-22,6114
8070,長華*,30,3,27,台中銀-員林,2024-08-22,6114
2408,南亞科,36,9,27,台中銀-員林,2024-08-22,6114
00795B,中信美國公債20年,26,0,26,台中銀-員林,2024-08-22,6114
2312,金寶,24,0,24,台中銀-員林,2024-08-22,6114
2881,富邦金,21,0,21,台中銀-員林,2024-08-22,6114
1522,堤維西,20,0,20,台中銀-員林,2024-08-22,6114
2303,聯電,21,1,20,台中銀-員林,2024-08-22,6114
1312,國喬,20,0,20,台中銀-員林,2024-08-22,6114
1101,台泥,20,0,20,台中銀-員林,2024-08-22,6114
8096,擎亞,82,63,19,台中銀-員林,2024-08-22,6114
4942,嘉彰,20,2,18,台中銀-員林,2024-08-22,6114
00679B,元大美債20年,17,0,17,台中銀-員林,2024-08-22,6114
1708,東鹼,31,14,17,台中銀-員林,2024-08-22,6114
00688L,國泰20年美債正2,15,0,15,台中銀-員林,2024-08-22,6114
6139,亞翔,19,4,15,台中銀-員林,2024-08-22,6114
4174,浩鼎,16,2,14,台中銀-員林,2024-08-22,6114
5484,慧友,14,1,13,台中銀-員林,2024-08-22,6114
00878,國泰永續高股息,12,0,12,台中銀-員林,2024-08-22,6114
00907,永豐優息存股,12,0,12,台中銀-員林,2024-08-22,6114
1785,光洋科,14,2,12,台中銀-員林,2024-08-22,6114
006208,富邦台50,10,0,10,台中銀-員林,2024-08-22,6114
2882,國泰金,10,0,10,台中銀-員林,2024-08-22,6114
1584,精剛,14,4,10,台中銀-員林,2024-08-22,6114
00887,永豐中國科技50大,10,0,10,台中銀-員林,2024-08-22,6114
2022,聚亨,10,0,10,台中銀-員林,2024-08-22,6114
2472,立隆電,12,2,10,台中銀-員林,2024-08-22,6114
2486,一詮,13,3,10,台中銀-員林,2024-08-22,6114
2867,三商壽,11,1,10,台中銀-員林,2024-08-22,6114
2915,潤泰全,10,0,10,台中銀-員林,2024-08-22,6114
6789,采鈺,10,0,10,台中銀-員林,2024-08-22,6114
3264,欣銓,13,4,9,台中銀-員林,2024-08-22,6114
00900,富邦特選高股息30,9,0,9,台中銀-員林,2024-08-22,6114
4562,穎漢,12,3,9,台中銀-員林,2024-08-22,6114
5871,中租-KY,11,3,8,台中銀-員林,2024-08-22,6114
00688L,國泰20年美債正2,134,0,134,台中銀-員林,2024-08-23,6114
2408,南亞科,127,6,121,台中銀-員林,2024-08-23,6114
00687B,國泰20年美債,131,20,111,台中銀-員林,2024-08-23,6114
00942B,台新美A公司債20+,95,0,95,台中銀-員林,2024-08-23,6114
2609,陽明,110,25,85,台中銀-員林,2024-08-23,6114
00900,富邦特選高股息30,59,0,59,台中銀-員林,2024-08-23,6114
6505,台塑化,54,0,54,台中銀-員林,2024-08-23,6114
1301,台塑,50,0,50,台中銀-員林,2024-08-23,6114
2409,友達,51,5,46,台中銀-員林,2024-08-23,6114
00940,元大台灣價值高息,39,1,38,台中銀-員林,2024-08-23,6114
00680L,元大美債20正2,33,0,33,台中銀-員林,2024-08-23,6114
2883,凱基金,32,0,32,台中銀-員林,2024-08-23,6114
3056,富華新,30,0,30,台中銀-員林,2024-08-23,6114
00937B,群益ESG投等債20,37,8,29,台中銀-員林,2024-08-23,6114
8096,擎亞,35,7,28,台中銀-員林,2024-08-23,6114
2891,中信金,30,6,24,台中銀-員林,2024-08-23,6114
00946,群益科技高息成長,23,0,23,台中銀-員林,2024-08-23,6114
2887,台新金,26,3,23,台中銀-員林,2024-08-23,6114
4931,新盛力,20,0,20,台中銀-員林,2024-08-23,6114
5498,凱崴,20,0,20,台中銀-員林,2024-08-23,6114
00795B,中信美國公債20年,18,0,18,台中銀-員林,2024-08-23,6114
2363,矽統,21,3,18,台中銀-員林,2024-08-23,6114
00679B,元大美債20年,18,0,18,台中銀-員林,2024-08-23,6114
1314,中石化,25,8,17,台中銀-員林,2024-08-23,6114
1326,台化,18,1,17,台中銀-員林,2024-08-23,6114
9105,泰金寶-DR,27,10,17,台中銀-員林,2024-08-23,6114
3663,鑫科,25,11,14,台中銀-員林,2024-08-23,6114
00919,群益台灣精選高息,12,0,12,台中銀-員林,2024-08-23,6114
00929,復華台灣科技優息,50,38,12,台中銀-員林,2024-08-23,6114
2497,怡利電,12,0,12,台中銀-員林,2024-08-23,6114
3362,先進光,16,4,12,台中銀-員林,2024-08-23,6114
00936,台新永續高息中小,12,0,12,台中銀-員林,2024-08-23,6114
00878,國泰永續高股息,29,18,11,台中銀-員林,2024-08-23,6114
4540,全球傳動,11,0,11,台中銀-員林,2024-08-23,6114
4903,聯光通,15,4,11,台中銀-員林,2024-08-23,6114
1453,大將,10,0,10,台中銀-員林,2024-08-23,6114
1717,長興,10,0,10,台中銀-員林,2024-08-23,6114
2498,宏達電,10,0,10,台中銀-員林,2024-08-23,6114
3038,全台,10,0,10,台中銀-員林,2024-08-23,6114
4123,晟德,10,0,10,台中銀-員林,2024-08-23,6114
00927,群益半導體收益,10,0,10,台中銀-員林,2024-08-23,6114
4707,磐亞,10,1,9,台中銀-員林,2024-08-23,6114
2382,廣達,10,1,9,台中銀-員林,2024-08-23,6114
4513,福裕,9,0,9,台中銀-員林,2024-08-23,6114
1536,和大,9,0,9,台中銀-員林,2024-08-23,6114
1711,永光,74,65,9,台中銀-員林,2024-08-23,6114
2603,長榮,10,2,8,台中銀-員林,2024-08-23,6114
2915,潤泰全,8,0,8,台中銀-員林,2024-08-23,6114
4711,永純,8,0,8,台中銀-員林,2024-08-23,6114
4907,富宇,8,0,8,台中銀-員林,2024-08-23,6114
00795B,中信美國公債20年,181,0,181,台中銀-員林,2024-08-26,6114
2331,精英,162,0,162,台中銀-員林,2024-08-26,6114
00706L,期元大S＆P日圓正2,80,6,74,台中銀-員林,2024-08-26,6114
2888,新光金,237,183,54,台中銀-員林,2024-08-26,6114
00919,群益台灣精選高息,56,6,50,台中銀-員林,2024-08-26,6114
00948B,中信優息投資級債,42,1,41,台中銀-員林,2024-08-26,6114
5443,均豪,71,35,36,台中銀-員林,2024-08-26,6114
1316,上曜,41,5,36,台中銀-員林,2024-08-26,6114
8039,台虹,31,0,31,台中銀-員林,2024-08-26,6114
00696B,富邦美債20年,30,0,30,台中銀-員林,2024-08-26,6114
3325,旭品,32,2,30,台中銀-員林,2024-08-26,6114
6158,禾昌,30,0,30,台中銀-員林,2024-08-26,6114
00664R,國泰臺灣加權反1,25,0,25,台中銀-員林,2024-08-26,6114
00929,復華台灣科技優息,30,6,24,台中銀-員林,2024-08-26,6114
00687B,國泰20年美債,29,6,23,台中銀-員林,2024-08-26,6114
00881,國泰台灣5G+,24,2,22,台中銀-員林,2024-08-26,6114
006208,富邦台50,20,0,20,台中銀-員林,2024-08-26,6114
9105,泰金寶-DR,20,0,20,台中銀-員林,2024-08-26,6114
2356,英業達,24,4,20,台中銀-員林,2024-08-26,6114
2353,宏��,76,58,18,台中銀-員林,2024-08-26,6114
00940,元大台灣價值高息,15,0,15,台中銀-員林,2024-08-26,6114
3583,辛耘,14,0,14,台中銀-員林,2024-08-26,6114
2365,昆盈,17,3,14,台中銀-員林,2024-08-26,6114
6188,廣明,15,1,14,台中銀-員林,2024-08-26,6114
2467,志聖,23,10,13,台中銀-員林,2024-08-26,6114
1445,大宇,13,0,13,台中銀-員林,2024-08-26,6114
00936,台新永續高息中小,13,0,13,台中銀-員林,2024-08-26,6114
00675L,富邦臺灣加權正2,12,0,12,台中銀-員林,2024-08-26,6114
6456,GIS-KY,12,0,12,台中銀-員林,2024-08-26,6114
6505,台塑化,11,0,11,台中銀-員林,2024-08-26,6114
00946,群益科技高息成長,10,0,10,台中銀-員林,2024-08-26,6114
00673R,期元大S＆P原油反1,10,0,10,台中銀-員林,2024-08-26,6114
1326,台化,10,0,10,台中銀-員林,2024-08-26,6114
1528,恩德,10,0,10,台中銀-員林,2024-08-26,6114
2022,聚亨,10,0,10,台中銀-員林,2024-08-26,6114
2439,美律,10,0,10,台中銀-員林,2024-08-26,6114
2534,宏盛,10,0,10,台中銀-員林,2024-08-26,6114
3290,東浦,10,0,10,台中銀-員林,2024-08-26,6114
5306,桂盟,10,0,10,台中銀-員林,2024-08-26,6114
9905,大華,10,0,10,台中銀-員林,2024-08-26,6114
8043,蜜望實,10,0,10,台中銀-員林,2024-08-26,6114
1609,大亞,11,2,9,台中銀-員林,2024-08-26,6114
2891,中信金,9,0,9,台中銀-員林,2024-08-26,6114
3312,弘憶股,10,1,9,台中銀-員林,2024-08-26,6114
2408,南亞科,12,3,9,台中銀-員林,2024-08-26,6114
2615,萬海,25,16,9,台中銀-員林,2024-08-26,6114
2915,潤泰全,28,19,9,台中銀-員林,2024-08-26,6114
3673,TPK-KY,12,3,9,台中銀-員林,2024-08-26,6114
00679B,元大美債20年,11,2,9,台中銀-員林,2024-08-26,6114
2388,威盛,11,3,8,台中銀-員林,2024-08-26,6114
3481,群創,2406,415,1991,台中銀-員林,2024-08-27,6114
00919,群益台灣精選高息,119,0,119,台中銀-員林,2024-08-27,6114
1316,上曜,119,1,118,台中銀-員林,2024-08-27,6114
2609,陽明,111,5,106,台中銀-員林,2024-08-27,6114
00712,復華富時不動產,100,1,99,台中銀-員林,2024-08-27,6114
2399,映泰,106,42,64,台中銀-員林,2024-08-27,6114
00673R,期元大S＆P原油反1,35,0,35,台中銀-員林,2024-08-27,6114
3290,東浦,35,0,35,台中銀-員林,2024-08-27,6114
6180,橘子,31,1,30,台中銀-員林,2024-08-27,6114
00688L,國泰20年美債正2,28,0,28,台中銀-員林,2024-08-27,6114
00937B,群益ESG投等債20,61,35,26,台中銀-員林,2024-08-27,6114
2891,中信金,26,2,24,台中銀-員林,2024-08-27,6114
8070,長華*,37,15,22,台中銀-員林,2024-08-27,6114
00940,元大台灣價值高息,23,2,21,台中銀-員林,2024-08-27,6114
00933B,國泰10Y+金融債,20,0,20,台中銀-員林,2024-08-27,6114
1708,東鹼,20,1,19,台中銀-員林,2024-08-27,6114
00679B,元大美債20年,18,0,18,台中銀-員林,2024-08-27,6114
6158,禾昌,18,0,18,台中銀-員林,2024-08-27,6114
1536,和大,20,2,18,台中銀-員林,2024-08-27,6114
5364,力麗店,16,0,16,台中銀-員林,2024-08-27,6114
2317,鴻海,17,1,16,台中銀-員林,2024-08-27,6114
2867,三商壽,20,5,15,台中銀-員林,2024-08-27,6114
6658,聯策,16,1,15,台中銀-員林,2024-08-27,6114
9105,泰金寶-DR,30,15,15,台中銀-員林,2024-08-27,6114
00680L,元大美債20正2,14,0,14,台中銀-員林,2024-08-27,6114
2603,長榮,13,0,13,台中銀-員林,2024-08-27,6114
2409,友達,12,0,12,台中銀-員林,2024-08-27,6114
4979,華星光,12,0,12,台中銀-員林,2024-08-27,6114
2610,華航,12,0,12,台中銀-員林,2024-08-27,6114
00929,復華台灣科技優息,13,2,11,台中銀-員林,2024-08-27,6114
2449,京元電子,10,0,10,台中銀-員林,2024-08-27,6114
00637L,元大滬深300正2,10,0,10,台中銀-員林,2024-08-27,6114
2882,國泰金,10,0,10,台中銀-員林,2024-08-27,6114
6698,旭暉應材,10,0,10,台中銀-員林,2024-08-27,6114
3339,泰谷,10,1,9,台中銀-員林,2024-08-27,6114
6548,長科*,9,0,9,台中銀-員林,2024-08-27,6114
3047,訊舟,10,2,8,台中銀-員林,2024-08-27,6114
3149,正達,7,0,7,台中銀-員林,2024-08-27,6114
2349,錸德,14,7,7,台中銀-員林,2024-08-27,6114
3034,聯詠,6,0,6,台中銀-員林,2024-08-27,6114
3703,欣陸,6,0,6,台中銀-員林,2024-08-27,6114
5905,南仁湖,6,0,6,台中銀-員林,2024-08-27,6114
8028,昇陽半導體,67,61,6,台中銀-員林,2024-08-27,6114
00878,國泰永續高股息,6,0,6,台中銀-員林,2024-08-27,6114
2382,廣達,11,6,5,台中銀-員林,2024-08-27,6114
3576,聯合再生,10,5,5,台中銀-員林,2024-08-27,6114
4161,聿新科,5,0,5,台中銀-員林,2024-08-27,6114
4510,高鋒,27,22,5,台中銀-員林,2024-08-27,6114
4960,誠美材,5,0,5,台中銀-員林,2024-08-27,6114
6228,全譜,15,10,5,台中銀-員林,2024-08-27,6114
00679B,元大美債20年,121,1,120,台中銀-員林,2024-08-28,6114
2313,華通,114,27,87,台中銀-員林,2024-08-28,6114
6180,橘子,62,0,62,台中銀-員林,2024-08-28,6114
00937B,群益ESG投等債20,54,3,51,台中銀-員林,2024-08-28,6114
00637L,元大滬深300正2,60,10,50,台中銀-員林,2024-08-28,6114
1711,永光,57,17,40,台中銀-員林,2024-08-28,6114
6143,振曜,38,2,36,台中銀-員林,2024-08-28,6114
2888,新光金,69,35,34,台中銀-員林,2024-08-28,6114
00650L,復華香港正2,26,0,26,台中銀-員林,2024-08-28,6114
8064,東捷,34,9,25,台中銀-員林,2024-08-28,6114
00687B,國泰20年美債,29,5,24,台中銀-員林,2024-08-28,6114
6158,禾昌,22,0,22,台中銀-員林,2024-08-28,6114
00929,復華台灣科技優息,22,0,22,台中銀-員林,2024-08-28,6114
1101,台泥,21,0,21,台中銀-員林,2024-08-28,6114
2892,第一金,20,0,20,台中銀-員林,2024-08-28,6114
2890,永豐金,20,0,20,台中銀-員林,2024-08-28,6114
3290,東浦,20,0,20,台中銀-員林,2024-08-28,6114
00715L,期街口布蘭特正2,22,3,19,台中銀-員林,2024-08-28,6114
5364,力麗店,17,0,17,台中銀-員林,2024-08-28,6114
6505,台塑化,17,0,17,台中銀-員林,2024-08-28,6114
2618,長榮航,27,11,16,台中銀-員林,2024-08-28,6114
2867,三商壽,16,0,16,台中銀-員林,2024-08-28,6114
6609,瀧澤科,22,7,15,台中銀-員林,2024-08-28,6114
8043,蜜望實,15,1,14,台中銀-員林,2024-08-28,6114
9105,泰金寶-DR,14,0,14,台中銀-員林,2024-08-28,6114
2392,正崴,16,4,12,台中銀-員林,2024-08-28,6114
00946,群益科技高息成長,16,5,11,台中銀-員林,2024-08-28,6114
2409,友達,22,11,11,台中銀-員林,2024-08-28,6114
5871,中租-KY,14,3,11,台中銀-員林,2024-08-28,6114
1316,上曜,13,2,11,台中銀-員林,2024-08-28,6114
00919,群益台灣精選高息,12,1,11,台中銀-員林,2024-08-28,6114
1815,富喬,10,0,10,台中銀-員林,2024-08-28,6114
2365,昆盈,17,7,10,台中銀-員林,2024-08-28,6114
6285,啟��,10,0,10,台中銀-員林,2024-08-28,6114
6603,富強鑫,10,0,10,台中銀-員林,2024-08-28,6114
6658,聯策,12,2,10,台中銀-員林,2024-08-28,6114
1617,榮星,9,0,9,台中銀-員林,2024-08-28,6114
2425,承啟,10,1,9,台中銀-員林,2024-08-28,6114
2354,鴻準,20,12,8,台中銀-員林,2024-08-28,6114
2363,矽統,9,1,8,台中銀-員林,2024-08-28,6114
2891,中信金,8,0,8,台中銀-員林,2024-08-28,6114
8034,榮群,8,0,8,台中銀-員林,2024-08-28,6114
5443,均豪,37,29,8,台中銀-員林,2024-08-28,6114
4533,協易機,13,6,7,台中銀-員林,2024-08-28,6114
00878,國泰永續高股息,11,4,7,台中銀-員林,2024-08-28,6114
2353,宏��,8,1,7,台中銀-員林,2024-08-28,6114
3035,智原,8,1,7,台中銀-員林,2024-08-28,6114
4720,德淵,7,0,7,台中銀-員林,2024-08-28,6114
8027,鈦昇,8,1,7,台中銀-員林,2024-08-28,6114
1457,宜進,7,1,6,台中銀-員林,2024-08-28,6114
3481,群創,894,41,853,台中銀-員林,2024-08-29,6114
3437,榮創,109,0,109,台中銀-員林,2024-08-29,6114
00937B,群益ESG投等債20,96,0,96,台中銀-員林,2024-08-29,6114
2812,台中銀,101,9,92,台中銀-員林,2024-08-29,6114
2891,中信金,72,0,72,台中銀-員林,2024-08-29,6114
00919,群益台灣精選高息,54,6,48,台中銀-員林,2024-08-29,6114
6451,訊芯-KY,46,1,45,台中銀-員林,2024-08-29,6114
3062,建漢,66,25,41,台中銀-員林,2024-08-29,6114
4303,信立,54,13,41,台中銀-員林,2024-08-29,6114
00715L,期街口布蘭特正2,35,0,35,台中銀-員林,2024-08-29,6114
8039,台虹,56,25,31,台中銀-員林,2024-08-29,6114
00940,元大台灣價值高息,31,2,29,台中銀-員林,2024-08-29,6114
1314,中石化,24,0,24,台中銀-員林,2024-08-29,6114
00679B,元大美債20年,19,0,19,台中銀-員林,2024-08-29,6114
6505,台塑化,17,0,17,台中銀-員林,2024-08-29,6114
2009,第一銅,16,0,16,台中銀-員林,2024-08-29,6114
00929,復華台灣科技優息,18,4,14,台中銀-員林,2024-08-29,6114
2467,志聖,19,5,14,台中銀-員林,2024-08-29,6114
2314,台揚,14,0,14,台中銀-員林,2024-08-29,6114
5443,均豪,51,37,14,台中銀-員林,2024-08-29,6114
2409,友達,25,12,13,台中銀-員林,2024-08-29,6114
2330,台積電,15,3,12,台中銀-員林,2024-08-29,6114
2376,技嘉,12,0,12,台中銀-員林,2024-08-29,6114
3149,正達,19,7,12,台中銀-員林,2024-08-29,6114
1316,上曜,16,4,12,台中銀-員林,2024-08-29,6114
00905,FT臺灣Smart,11,0,11,台中銀-員林,2024-08-29,6114
00650L,復華香港正2,11,0,11,台中銀-員林,2024-08-29,6114
8374,羅昇,52,41,11,台中銀-員林,2024-08-29,6114
1303,南亞,10,0,10,台中銀-員林,2024-08-29,6114
6117,迎廣,10,0,10,台中銀-員林,2024-08-29,6114
00706L,期元大S＆P日圓正2,10,0,10,台中銀-員林,2024-08-29,6114
4540,全球傳動,10,0,10,台中銀-員林,2024-08-29,6114
3518,柏騰,11,1,10,台中銀-員林,2024-08-29,6114
2426,鼎元,27,18,9,台中銀-員林,2024-08-29,6114
6180,橘子,9,0,9,台中銀-員林,2024-08-29,6114
2317,鴻海,15,7,8,台中銀-員林,2024-08-29,6114
00688L,國泰20年美債正2,8,0,8,台中銀-員林,2024-08-29,6114
4563,百德,16,8,8,台中銀-員林,2024-08-29,6114
00687B,國泰20年美債,10,3,7,台中銀-員林,2024-08-29,6114
4549,桓達,23,16,7,台中銀-員林,2024-08-29,6114
5439,高技,8,1,7,台中銀-員林,2024-08-29,6114
6158,禾昌,7,0,7,台中銀-員林,2024-08-29,6114
8027,鈦昇,9,2,7,台中銀-員林,2024-08-29,6114
1229,聯華,6,0,6,台中銀-員林,2024-08-29,6114
1721,三晃,11,5,6,台中銀-員林,2024-08-29,6114
2349,錸德,8,2,6,台中銀-員林,2024-08-29,6114
2457,飛宏,6,0,6,台中銀-員林,2024-08-29,6114
3686,達能,7,1,6,台中銀-員林,2024-08-29,6114
8033,雷虎,6,0,6,台中銀-員林,2024-08-29,6114
0050,元大台灣50,6,0,6,台中銀-員林,2024-08-29,6114
3481,群創,1610,50,1560,台中銀-員林,2024-08-30,6114
00929,復華台灣科技優息,139,15,124,台中銀-員林,2024-08-30,6114
00937B,群益ESG投等債20,61,0,61,台中銀-員林,2024-08-30,6114
5234,達興材料,67,6,61,台中銀-員林,2024-08-30,6114
4526,東台,150,98,52,台中銀-員林,2024-08-30,6114
00878,國泰永續高股息,48,0,48,台中銀-員林,2024-08-30,6114
6156,松上,51,4,47,台中銀-員林,2024-08-30,6114
00687B,國泰20年美債,41,0,41,台中銀-員林,2024-08-30,6114
2367,燿華,46,13,33,台中銀-員林,2024-08-30,6114
6609,瀧澤科,31,1,30,台中銀-員林,2024-08-30,6114
8049,晶采,30,0,30,台中銀-員林,2024-08-30,6114
00673R,期元大S＆P原油反1,25,0,25,台中銀-員林,2024-08-30,6114
5443,均豪,57,33,24,台中銀-員林,2024-08-30,6114
2409,友達,22,0,22,台中銀-員林,2024-08-30,6114
9945,潤泰新,23,1,22,台中銀-員林,2024-08-30,6114
00679B,元大美債20年,21,0,21,台中銀-員林,2024-08-30,6114
1727,中華化,20,0,20,台中銀-員林,2024-08-30,6114
3673,TPK-KY,26,6,20,台中銀-員林,2024-08-30,6114
2484,希華,15,0,15,台中銀-員林,2024-08-30,6114
2618,長榮航,15,2,13,台中銀-員林,2024-08-30,6114
3013,晟銘電,20,7,13,台中銀-員林,2024-08-30,6114
00959B,大華投等美債15Y+,12,0,12,台中銀-員林,2024-08-30,6114
6151,晉倫,15,3,12,台中銀-員林,2024-08-30,6114
6603,富強鑫,11,0,11,台中銀-員林,2024-08-30,6114
1785,光洋科,73,62,11,台中銀-員林,2024-08-30,6114
2204,中華,11,0,11,台中銀-員林,2024-08-30,6114
2323,中環,11,0,11,台中銀-員林,2024-08-30,6114
00942B,台新美A公司債20+,10,0,10,台中銀-員林,2024-08-30,6114
00905,FT臺灣Smart,10,0,10,台中銀-員林,2024-08-30,6114
00706L,期元大S＆P日圓正2,10,0,10,台中銀-員林,2024-08-30,6114
1314,中石化,10,0,10,台中銀-員林,2024-08-30,6114
1541,錩泰,12,2,10,台中銀-員林,2024-08-30,6114
2374,佳能,10,0,10,台中銀-員林,2024-08-30,6114
3033,威健,10,0,10,台中銀-員林,2024-08-30,6114
2408,南亞科,12,3,9,台中銀-員林,2024-08-30,6114
1711,永光,43,34,9,台中銀-員林,2024-08-30,6114
3066,李洲,10,1,9,台中銀-員林,2024-08-30,6114
8028,昇陽半導體,23,14,9,台中銀-員林,2024-08-30,6114
0050,元大台灣50,10,1,9,台中銀-員林,2024-08-30,6114
2388,威盛,8,0,8,台中銀-員林,2024-08-30,6114
2891,中信金,9,1,8,台中銀-員林,2024-08-30,6114
4979,華星光,10,2,8,台中銀-員林,2024-08-30,6114
8107,大億金茂,8,0,8,台中銀-員林,2024-08-30,6114
2402,毅嘉,7,0,7,台中銀-員林,2024-08-30,6114
2887,台新金,11,4,7,台中銀-員林,2024-08-30,6114
3293,鈊象,7,0,7,台中銀-員林,2024-08-30,6114
6442,光聖,10,3,7,台中銀-員林,2024-08-30,6114
2363,矽統,8,1,7,台中銀-員林,2024-08-30,6114
3490,單井,9,2,7,台中銀-員林,2024-08-30,6114
6168,宏齊,7,0,7,台中銀-員林,2024-08-30,6114
3481,群創,1813,6,1807,台中銀-員林,2024-09-02,6114
00715L,期街口布蘭特正2,149,0,149,台中銀-員林,2024-09-02,6114
00795B,中信美國公債20年,132,0,132,台中銀-員林,2024-09-02,6114
00632R,元大台灣50反1,110,12,98,台中銀-員林,2024-09-02,6114
00637L,元大滬深300正2,80,0,80,台中銀-員林,2024-09-02,6114
2425,承啟,89,9,80,台中銀-員林,2024-09-02,6114
00688L,國泰20年美債正2,49,0,49,台中銀-員林,2024-09-02,6114
9945,潤泰新,44,0,44,台中銀-員林,2024-09-02,6114
4526,東台,77,41,36,台中銀-員林,2024-09-02,6114
00919,群益台灣精選高息,50,16,34,台中銀-員林,2024-09-02,6114
1326,台化,33,0,33,台中銀-員林,2024-09-02,6114
2002,中鋼,32,2,30,台中銀-員林,2024-09-02,6114
1539,巨庭,25,0,25,台中銀-員林,2024-09-02,6114
2312,金寶,34,9,25,台中銀-員林,2024-09-02,6114
1303,南亞,23,0,23,台中銀-員林,2024-09-02,6114
2881,富邦金,22,2,20,台中銀-員林,2024-09-02,6114
2337,旺宏,20,0,20,台中銀-員林,2024-09-02,6114
3260,威剛,20,0,20,台中銀-員林,2024-09-02,6114
6125,廣運,20,0,20,台中銀-員林,2024-09-02,6114
6274,台燿,24,5,19,台中銀-員林,2024-09-02,6114
00680L,元大美債20正2,23,5,18,台中銀-員林,2024-09-02,6114
3025,星通,20,2,18,台中銀-員林,2024-09-02,6114
00679B,元大美債20年,19,1,18,台中銀-員林,2024-09-02,6114
8043,蜜望實,44,26,18,台中銀-員林,2024-09-02,6114
00937B,群益ESG投等債20,17,0,17,台中銀-員林,2024-09-02,6114
00650L,復華香港正2,14,0,14,台中銀-員林,2024-09-02,6114
4510,高鋒,19,5,14,台中銀-員林,2024-09-02,6114
1301,台塑,13,0,13,台中銀-員林,2024-09-02,6114
3010,華立,13,0,13,台中銀-員林,2024-09-02,6114
3437,榮創,13,1,12,台中銀-員林,2024-09-02,6114
00929,復華台灣科技優息,19,7,12,台中銀-員林,2024-09-02,6114
2344,華邦電,11,0,11,台中銀-員林,2024-09-02,6114
00905,FT臺灣Smart,11,0,11,台中銀-員林,2024-09-02,6114
1316,上曜,18,7,11,台中銀-員林,2024-09-02,6114
2405,輔信,11,0,11,台中銀-員林,2024-09-02,6114
5880,合庫金,16,5,11,台中銀-員林,2024-09-02,6114
5371,中光電,10,0,10,台中銀-員林,2024-09-02,6114
00900,富邦特選高股息30,10,0,10,台中銀-員林,2024-09-02,6114
00959B,大華投等美債15Y+,10,0,10,台中銀-員林,2024-09-02,6114
1336,台翰,10,0,10,台中銀-員林,2024-09-02,6114
2426,鼎元,15,5,10,台中銀-員林,2024-09-02,6114
3607,谷崧,10,0,10,台中銀-員林,2024-09-02,6114
4935,茂林-KY,10,0,10,台中銀-員林,2024-09-02,6114
6213,聯茂,15,5,10,台中銀-員林,2024-09-02,6114
6218,豪勉,12,2,10,台中銀-員林,2024-09-02,6114
8028,昇陽半導體,10,0,10,台中銀-員林,2024-09-02,6114
8049,晶采,10,0,10,台中銀-員林,2024-09-02,6114
8374,羅昇,50,41,9,台中銀-員林,2024-09-02,6114
8070,長華*,14,6,8,台中銀-員林,2024-09-02,6114
00946,群益科技高息成長,8,0,8,台中銀-員林,2024-09-02,6114
2349,錸德,111,2,109,台中銀-員林,2024-09-03,6114
2609,陽明,105,1,104,台中銀-員林,2024-09-03,6114
3481,群創,110,17,93,台中銀-員林,2024-09-03,6114
2891,中信金,92,1,91,台中銀-員林,2024-09-03,6114
00665L,富邦�琤肭磪囓�2,70,0,70,台中銀-員林,2024-09-03,6114
00687B,國泰20年美債,66,0,66,台中銀-員林,2024-09-03,6114
00919,群益台灣精選高息,64,0,64,台中銀-員林,2024-09-03,6114
1718,中纖,50,0,50,台中銀-員林,2024-09-03,6114
8071,能率網通,55,8,47,台中銀-員林,2024-09-03,6114
1326,台化,42,3,39,台中銀-員林,2024-09-03,6114
8240,華宏,30,0,30,台中銀-員林,2024-09-03,6114
2409,友達,29,0,29,台中銀-員林,2024-09-03,6114
00929,復華台灣科技優息,41,14,27,台中銀-員林,2024-09-03,6114
2002,中鋼,29,3,26,台中銀-員林,2024-09-03,6114
00878,國泰永續高股息,27,1,26,台中銀-員林,2024-09-03,6114
2417,圓剛,25,1,24,台中銀-員林,2024-09-03,6114
3047,訊舟,37,13,24,台中銀-員林,2024-09-03,6114
9945,潤泰新,22,0,22,台中銀-員林,2024-09-03,6114
6207,雷科,31,10,21,台中銀-員林,2024-09-03,6114
9935,慶豐富,21,0,21,台中銀-員林,2024-09-03,6114
00946,群益科技高息成長,19,1,18,台中銀-員林,2024-09-03,6114
8070,長華*,29,11,18,台中銀-員林,2024-09-03,6114
3037,欣興,14,0,14,台中銀-員林,2024-09-03,6114
00940,元大台灣價值高息,14,1,13,台中銀-員林,2024-09-03,6114
00795B,中信美國公債20年,13,0,13,台中銀-員林,2024-09-03,6114
00918,大華優利高填息30,13,0,13,台中銀-員林,2024-09-03,6114
2356,英業達,14,1,13,台中銀-員林,2024-09-03,6114
2887,台新金,13,0,13,台中銀-員林,2024-09-03,6114
6158,禾昌,16,3,13,台中銀-員林,2024-09-03,6114
2484,希華,12,0,12,台中銀-員林,2024-09-03,6114
2881,富邦金,12,0,12,台中銀-員林,2024-09-03,6114
00936,台新永續高息中小,38,26,12,台中銀-員林,2024-09-03,6114
3374,精材,12,1,11,台中銀-員林,2024-09-03,6114
00637L,元大滬深300正2,11,0,11,台中銀-員林,2024-09-03,6114
2449,京元電子,11,0,11,台中銀-員林,2024-09-03,6114
00907,永豐優息存股,10,0,10,台中銀-員林,2024-09-03,6114
00887,永豐中國科技50大,10,0,10,台中銀-員林,2024-09-03,6114
1522,堤維西,10,0,10,台中銀-員林,2024-09-03,6114
2882,國泰金,10,0,10,台中銀-員林,2024-09-03,6114
3003,健和興,10,0,10,台中銀-員林,2024-09-03,6114
3030,德律,10,0,10,台中銀-員林,2024-09-03,6114
3293,鈊象,11,1,10,台中銀-員林,2024-09-03,6114
5531,鄉林,10,0,10,台中銀-員林,2024-09-03,6114
2330,台積電,10,0,10,台中銀-員林,2024-09-03,6114
1314,中石化,9,0,9,台中銀-員林,2024-09-03,6114
4960,誠美材,9,0,9,台中銀-員林,2024-09-03,6114
6197,佳必琪,9,0,9,台中銀-員林,2024-09-03,6114
3149,正達,13,4,9,台中銀-員林,2024-09-03,6114
1101,台泥,8,0,8,台中銀-員林,2024-09-03,6114
2354,鴻準,8,0,8,台中銀-員林,2024-09-03,6114
00715L,期街口布蘭特正2,368,0,368,台中銀-員林,2024-09-04,6114
3481,群創,686,429,257,台中銀-員林,2024-09-04,6114
00929,復華台灣科技優息,194,36,158,台中銀-員林,2024-09-04,6114
00940,元大台灣價值高息,138,10,128,台中銀-員林,2024-09-04,6114
00919,群益台灣精選高息,137,15,122,台中銀-員林,2024-09-04,6114
4942,嘉彰,90,0,90,台中銀-員林,2024-09-04,6114
00878,國泰永續高股息,92,5,87,台中銀-員林,2024-09-04,6114
00918,大華優利高填息30,84,0,84,台中銀-員林,2024-09-04,6114
1326,台化,68,1,67,台中銀-員林,2024-09-04,6114
4303,信立,62,9,53,台中銀-員林,2024-09-04,6114
00946,群益科技高息成長,51,1,50,台中銀-員林,2024-09-04,6114
2891,中信金,47,0,47,台中銀-員林,2024-09-04,6114
00937B,群益ESG投等債20,57,11,46,台中銀-員林,2024-09-04,6114
1802,台玻,46,0,46,台中銀-員林,2024-09-04,6114
2382,廣達,41,0,41,台中銀-員林,2024-09-04,6114
0056,元大高股息,38,0,38,台中銀-員林,2024-09-04,6114
00795B,中信美國公債20年,37,0,37,台中銀-員林,2024-09-04,6114
00881,國泰台灣5G+,33,0,33,台中銀-員林,2024-09-04,6114
2330,台積電,32,1,31,台中銀-員林,2024-09-04,6114
3231,緯創,36,6,30,台中銀-員林,2024-09-04,6114
00923,群益台ESG低碳50,28,0,28,台中銀-員林,2024-09-04,6114
2002,中鋼,31,7,24,台中銀-員林,2024-09-04,6114
1336,台翰,24,1,23,台中銀-員林,2024-09-04,6114
9945,潤泰新,23,0,23,台中銀-員林,2024-09-04,6114
9935,慶豐富,25,3,22,台中銀-員林,2024-09-04,6114
3056,富華新,21,0,21,台中銀-員林,2024-09-04,6114
6770,力積電,24,3,21,台中銀-員林,2024-09-04,6114
2610,華航,20,1,19,台中銀-員林,2024-09-04,6114
00642U,期元大S＆P石油,18,0,18,台中銀-員林,2024-09-04,6114
2317,鴻海,42,25,17,台中銀-員林,2024-09-04,6114
6530,創威,21,4,17,台中銀-員林,2024-09-04,6114
006208,富邦台50,17,0,17,台中銀-員林,2024-09-04,6114
4909,新復興,19,3,16,台中銀-員林,2024-09-04,6114
1316,上曜,18,3,15,台中銀-員林,2024-09-04,6114
00712,復華富時不動產,15,0,15,台中銀-員林,2024-09-04,6114
2618,長榮航,17,2,15,台中銀-員林,2024-09-04,6114
1301,台塑,23,8,15,台中銀-員林,2024-09-04,6114
1303,南亞,16,3,13,台中銀-員林,2024-09-04,6114
2472,立隆電,14,1,13,台中銀-員林,2024-09-04,6114
2913,農林,12,0,12,台中銀-員林,2024-09-04,6114
00731,復華富時高息低波,12,0,12,台中銀-員林,2024-09-04,6114
4960,誠美材,14,2,12,台中銀-員林,2024-09-04,6114
5871,中租-KY,12,0,12,台中銀-員林,2024-09-04,6114
6505,台塑化,11,0,11,台中銀-員林,2024-09-04,6114
4510,高鋒,36,25,11,台中銀-員林,2024-09-04,6114
1711,永光,13,2,11,台中銀-員林,2024-09-04,6114
4534,慶騰,12,1,11,台中銀-員林,2024-09-04,6114
5465,富驊,11,0,11,台中銀-員林,2024-09-04,6114
00947,台新臺灣IC設計,11,0,11,台中銀-員林,2024-09-04,6114
2388,威盛,11,1,10,台中銀-員林,2024-09-04,6114
3481,群創,288,31,257,台中銀-員林,2024-09-05,6114
00715L,期街口布蘭特正2,132,0,132,台中銀-員林,2024-09-05,6114
8011,台通,102,3,99,台中銀-員林,2024-09-05,6114
00919,群益台灣精選高息,82,1,81,台中銀-員林,2024-09-05,6114
00687B,國泰20年美債,111,45,66,台中銀-員林,2024-09-05,6114
8021,尖點,50,0,50,台中銀-員林,2024-09-05,6114
3047,訊舟,53,6,47,台中銀-員林,2024-09-05,6114
2317,鴻海,43,10,33,台中銀-員林,2024-09-05,6114
00878,國泰永續高股息,33,2,31,台中銀-員林,2024-09-05,6114
6606,建德工業,51,21,30,台中銀-員林,2024-09-05,6114
5309,系統電,29,0,29,台中銀-員林,2024-09-05,6114
1326,台化,28,0,28,台中銀-員林,2024-09-05,6114
2498,宏達電,29,1,28,台中銀-員林,2024-09-05,6114
2497,怡利電,53,27,26,台中銀-員林,2024-09-05,6114
2408,南亞科,26,0,26,台中銀-員林,2024-09-05,6114
00952,凱基台灣AI50,24,0,24,台中銀-員林,2024-09-05,6114
00918,大華優利高填息30,24,0,24,台中銀-員林,2024-09-05,6114
00915,凱基優選高股息30,23,0,23,台中銀-員林,2024-09-05,6114
1314,中石化,24,1,23,台中銀-員林,2024-09-05,6114
4562,穎漢,29,7,22,台中銀-員林,2024-09-05,6114
2368,金像電,23,3,20,台中銀-員林,2024-09-05,6114
6451,訊芯-KY,20,1,19,台中銀-員林,2024-09-05,6114
00940,元大台灣價值高息,59,41,18,台中銀-員林,2024-09-05,6114
2486,一詮,19,1,18,台中銀-員林,2024-09-05,6114
2344,華邦電,26,10,16,台中銀-員林,2024-09-05,6114
3019,亞光,18,3,15,台中銀-員林,2024-09-05,6114
00642U,期元大S＆P石油,15,0,15,台中銀-員林,2024-09-05,6114
00632R,元大台灣50反1,15,0,15,台中銀-員林,2024-09-05,6114
2356,英業達,17,2,15,台中銀-員林,2024-09-05,6114
6116,彩晶,16,1,15,台中銀-員林,2024-09-05,6114
2402,毅嘉,15,1,14,台中銀-員林,2024-09-05,6114
00933B,國泰10Y+金融債,14,0,14,台中銀-員林,2024-09-05,6114
6505,台塑化,16,2,14,台中銀-員林,2024-09-05,6114
9105,泰金寶-DR,15,1,14,台中銀-員林,2024-09-05,6114
1101,台泥,13,0,13,台中銀-員林,2024-09-05,6114
3312,弘憶股,13,0,13,台中銀-員林,2024-09-05,6114
2371,大同,12,0,12,台中銀-員林,2024-09-05,6114
6548,長科*,12,0,12,台中銀-員林,2024-09-05,6114
00946,群益科技高息成長,11,0,11,台中銀-員林,2024-09-05,6114
00945B,凱基美國非投等債,10,0,10,台中銀-員林,2024-09-05,6114
00959B,大華投等美債15Y+,10,0,10,台中銀-員林,2024-09-05,6114
2534,宏盛,10,0,10,台中銀-員林,2024-09-05,6114
3024,憶聲,10,0,10,台中銀-員林,2024-09-05,6114
3268,海德威,10,0,10,台中銀-員林,2024-09-05,6114
4942,嘉彰,10,0,10,台中銀-員林,2024-09-05,6114
5469,瀚宇博,10,0,10,台中銀-員林,2024-09-05,6114
6218,豪勉,13,3,10,台中銀-員林,2024-09-05,6114
6743,安普新,10,0,10,台中銀-員林,2024-09-05,6114
1711,永光,42,33,9,台中銀-員林,2024-09-05,6114
2891,中信金,9,0,9,台中銀-員林,2024-09-05,6114
3481,群創,375,69,306,台中銀-員林,2024-09-06,6114
00919,群益台灣精選高息,131,16,115,台中銀-員林,2024-09-06,6114
1303,南亞,102,3,99,台中銀-員林,2024-09-06,6114
2812,台中銀,103,17,86,台中銀-員林,2024-09-06,6114
2353,宏��,84,6,78,台中銀-員林,2024-09-06,6114
00715L,期街口布蘭特正2,62,0,62,台中銀-員林,2024-09-06,6114
00720B,元大投資級公司債,60,0,60,台中銀-員林,2024-09-06,6114
1440,南紡,40,0,40,台中銀-員林,2024-09-06,6114
2891,中信金,44,4,40,台中銀-員林,2024-09-06,6114
00940,元大台灣價值高息,36,5,31,台中銀-員林,2024-09-06,6114
2371,大同,25,0,25,台中銀-員林,2024-09-06,6114
2017,官田鋼,20,0,20,台中銀-員林,2024-09-06,6114
00687B,國泰20年美債,21,2,19,台中銀-員林,2024-09-06,6114
1314,中石化,23,4,19,台中銀-員林,2024-09-06,6114
2349,錸德,27,8,19,台中銀-員林,2024-09-06,6114
2313,華通,18,2,16,台中銀-員林,2024-09-06,6114
2317,鴻海,23,7,16,台中銀-員林,2024-09-06,6114
1540,喬福,32,18,14,台中銀-員林,2024-09-06,6114
2497,怡利電,45,32,13,台中銀-員林,2024-09-06,6114
8027,鈦昇,12,0,12,台中銀-員林,2024-09-06,6114
2609,陽明,12,0,12,台中銀-員林,2024-09-06,6114
5309,系統電,12,0,12,台中銀-員林,2024-09-06,6114
8034,榮群,12,0,12,台中銀-員林,2024-09-06,6114
4566,時碩工業,12,1,11,台中銀-員林,2024-09-06,6114
00915,凱基優選高股息30,11,0,11,台中銀-員林,2024-09-06,6114
2405,輔信,13,2,11,台中銀-員林,2024-09-06,6114
4935,茂林-KY,11,0,11,台中銀-員林,2024-09-06,6114
1722,台肥,10,0,10,台中銀-員林,2024-09-06,6114
3673,TPK-KY,10,0,10,台中銀-員林,2024-09-06,6114
6804,明係,10,0,10,台中銀-員林,2024-09-06,6114
00642U,期元大S＆P石油,9,0,9,台中銀-員林,2024-09-06,6114
8111,立��,9,1,8,台中銀-員林,2024-09-06,6114
8131,福懋科,7,0,7,台中銀-員林,2024-09-06,6114
00930,永豐ESG低碳高息,6,0,6,台中銀-員林,2024-09-06,6114
00909,國泰數位支付服務,6,0,6,台中銀-員林,2024-09-06,6114
1539,巨庭,10,4,6,台中銀-員林,2024-09-06,6114
2472,立隆電,11,5,6,台中銀-員林,2024-09-06,6114
3339,泰谷,6,0,6,台中銀-員林,2024-09-06,6114
5905,南仁湖,6,0,6,台中銀-員林,2024-09-06,6114
9935,慶豐富,6,0,6,台中銀-員林,2024-09-06,6114
1313,聯成,6,0,6,台中銀-員林,2024-09-06,6114
1815,富喬,16,11,5,台中銀-員林,2024-09-06,6114
1721,三晃,5,0,5,台中銀-員林,2024-09-06,6114
2312,金寶,5,0,5,台中銀-員林,2024-09-06,6114
2834,臺企銀,5,0,5,台中銀-員林,2024-09-06,6114
3511,矽瑪,5,0,5,台中銀-員林,2024-09-06,6114
6270,倍微,5,0,5,台中銀-員林,2024-09-06,6114
6742,澤米,5,0,5,台中銀-員林,2024-09-06,6114
6901,鑽石投資,5,0,5,台中銀-員林,2024-09-06,6114
8927,北基,5,0,5,台中銀-員林,2024-09-06,6114
00929,復華台灣科技優息,206,85,121,台中銀-員林,2024-09-09,6114
3481,群創,253,146,107,台中銀-員林,2024-09-09,6114
4956,光鋐,112,11,101,台中銀-員林,2024-09-09,6114
00919,群益台灣精選高息,52,1,51,台中銀-員林,2024-09-09,6114
00878,國泰永續高股息,50,6,44,台中銀-員林,2024-09-09,6114
2317,鴻海,45,3,42,台中銀-員林,2024-09-09,6114
1326,台化,45,4,41,台中銀-員林,2024-09-09,6114
00918,大華優利高填息30,40,1,39,台中銀-員林,2024-09-09,6114
3231,緯創,38,8,30,台中銀-員林,2024-09-09,6114
2915,潤泰全,29,6,23,台中銀-員林,2024-09-09,6114
00940,元大台灣價值高息,25,2,23,台中銀-員林,2024-09-09,6114
00665L,富邦�琤肭磪囓�2,20,0,20,台中銀-員林,2024-09-09,6114
00712,復華富時不動產,20,0,20,台中銀-員林,2024-09-09,6114
2313,華通,21,2,19,台中銀-員林,2024-09-09,6114
8374,羅昇,34,17,17,台中銀-員林,2024-09-09,6114
6770,力積電,19,3,16,台中銀-員林,2024-09-09,6114
00830,國泰費城半導體,15,0,15,台中銀-員林,2024-09-09,6114
00632R,元大台灣50反1,15,0,15,台中銀-員林,2024-09-09,6114
00915,凱基優選高股息30,13,0,13,台中銀-員林,2024-09-09,6114
3066,李洲,33,20,13,台中銀-員林,2024-09-09,6114
2615,萬海,12,0,12,台中銀-員林,2024-09-09,6114
5347,世界,12,0,12,台中銀-員林,2024-09-09,6114
8927,北基,12,0,12,台中銀-員林,2024-09-09,6114
2303,聯電,11,0,11,台中銀-員林,2024-09-09,6114
00637L,元大滬深300正2,10,0,10,台中銀-員林,2024-09-09,6114
3024,憶聲,10,0,10,台中銀-員林,2024-09-09,6114
4919,新唐,10,0,10,台中銀-員林,2024-09-09,6114
5009,榮剛,10,0,10,台中銀-員林,2024-09-09,6114
6290,良維,10,0,10,台中銀-員林,2024-09-09,6114
8150,南茂,10,0,10,台中銀-員林,2024-09-09,6114
2382,廣達,10,1,9,台中銀-員林,2024-09-09,6114
2834,臺企銀,9,0,9,台中銀-員林,2024-09-09,6114
2330,台積電,11,2,9,台中銀-員林,2024-09-09,6114
0056,元大高股息,8,0,8,台中銀-員林,2024-09-09,6114
2881,富邦金,7,0,7,台中銀-員林,2024-09-09,6114
1605,華新,7,0,7,台中銀-員林,2024-09-09,6114
00921,兆豐龍頭等權重,7,0,7,台中銀-員林,2024-09-09,6114
00773B,中信優先金融債,7,0,7,台中銀-員林,2024-09-09,6114
1711,永光,16,9,7,台中銀-員林,2024-09-09,6114
2472,立隆電,14,7,7,台中銀-員林,2024-09-09,6114
2885,元大金,8,2,6,台中銀-員林,2024-09-09,6114
1536,和大,6,0,6,台中銀-員林,2024-09-09,6114
6197,佳必琪,8,2,6,台中銀-員林,2024-09-09,6114
6446,藥華藥,7,1,6,台中銀-員林,2024-09-09,6114
8043,蜜望實,7,1,6,台中銀-員林,2024-09-09,6114
6706,惠特,7,1,6,台中銀-員林,2024-09-09,6114
0050,元大台灣50,5,0,5,台中銀-員林,2024-09-09,6114
2801,彰銀,5,0,5,台中銀-員林,2024-09-09,6114
6405,悅城,8,3,5,台中銀-員林,2024-09-09,6114
00891,中信關鍵半導體,5,0,5,台中銀-員林,2024-09-09,6114
3481,群創,1048,62,986,台中銀-員林,2024-09-10,6114
2399,映泰,108,20,88,台中銀-員林,2024-09-10,6114
00919,群益台灣精選高息,64,0,64,台中銀-員林,2024-09-10,6114
1522,堤維西,78,21,57,台中銀-員林,2024-09-10,6114
00715L,期街口布蘭特正2,53,0,53,台中銀-員林,2024-09-10,6114
00929,復華台灣科技優息,44,3,41,台中銀-員林,2024-09-10,6114
2409,友達,50,10,40,台中銀-員林,2024-09-10,6114
6530,創威,55,18,37,台中銀-員林,2024-09-10,6114
2891,中信金,30,2,28,台中銀-員林,2024-09-10,6114
3149,正達,28,0,28,台中銀-員林,2024-09-10,6114
00933B,國泰10Y+金融債,27,0,27,台中銀-員林,2024-09-10,6114
8043,蜜望實,25,2,23,台中銀-員林,2024-09-10,6114
00918,大華優利高填息30,22,0,22,台中銀-員林,2024-09-10,6114
3535,晶彩科,45,24,21,台中銀-員林,2024-09-10,6114
00687B,國泰20年美債,41,21,20,台中銀-員林,2024-09-10,6114
4432,銘旺實,20,0,20,台中銀-員林,2024-09-10,6114
4526,東台,21,1,20,台中銀-員林,2024-09-10,6114
3312,弘憶股,20,1,19,台中銀-員林,2024-09-10,6114
00680L,元大美債20正2,30,13,17,台中銀-員林,2024-09-10,6114
00930,永豐ESG低碳高息,20,3,17,台中銀-員林,2024-09-10,6114
2365,昆盈,27,10,17,台中銀-員林,2024-09-10,6114
3189,景碩,22,6,16,台中銀-員林,2024-09-10,6114
2233,宇隆,15,0,15,台中銀-員林,2024-09-10,6114
3609,三一東林,20,5,15,台中銀-員林,2024-09-10,6114
3548,兆利,17,3,14,台中銀-員林,2024-09-10,6114
00940,元大台灣價值高息,14,0,14,台中銀-員林,2024-09-10,6114
1216,統一,14,1,13,台中銀-員林,2024-09-10,6114
2867,三商壽,13,0,13,台中銀-員林,2024-09-10,6114
4958,臻鼎-KY,15,2,13,台中銀-員林,2024-09-10,6114
2356,英業達,15,3,12,台中銀-員林,2024-09-10,6114
1437,勤益控,12,0,12,台中銀-員林,2024-09-10,6114
8105,凌巨,12,0,12,台中銀-員林,2024-09-10,6114
1316,上曜,11,0,11,台中銀-員林,2024-09-10,6114
2349,錸德,14,3,11,台中銀-員林,2024-09-10,6114
6117,迎廣,11,0,11,台中銀-員林,2024-09-10,6114
1301,台塑,14,4,10,台中銀-員林,2024-09-10,6114
3522,御嵿,10,0,10,台中銀-員林,2024-09-10,6114
00952,凱基台灣AI50,10,0,10,台中銀-員林,2024-09-10,6114
00946,群益科技高息成長,10,0,10,台中銀-員林,2024-09-10,6114
00881,國泰台灣5G+,10,0,10,台中銀-員林,2024-09-10,6114
1718,中纖,10,0,10,台中銀-員林,2024-09-10,6114
1806,冠軍,10,0,10,台中銀-員林,2024-09-10,6114
2031,新光鋼,10,0,10,台中銀-員林,2024-09-10,6114
2489,瑞軒,12,2,10,台中銀-員林,2024-09-10,6114
4927,泰鼎-KY,10,0,10,台中銀-員林,2024-09-10,6114
6230,尼得科超眾,12,2,10,台中銀-員林,2024-09-10,6114
6456,GIS-KY,10,0,10,台中銀-員林,2024-09-10,6114
8112,至上,10,0,10,台中銀-員林,2024-09-10,6114
1605,華新,12,3,9,台中銀-員林,2024-09-10,6114
2457,飛宏,9,0,9,台中銀-員林,2024-09-10,6114
2915,潤泰全,100,0,100,台中銀-員林,2024-09-11,6114
3535,晶彩科,102,4,98,台中銀-員林,2024-09-11,6114
00715L,期街口布蘭特正2,77,4,73,台中銀-員林,2024-09-11,6114
2867,三商壽,64,0,64,台中銀-員林,2024-09-11,6114
00795B,中信美國公債20年,184,121,63,台中銀-員林,2024-09-11,6114
00919,群益台灣精選高息,61,1,60,台中銀-員林,2024-09-11,6114
00632R,元大台灣50反1,40,0,40,台中銀-員林,2024-09-11,6114
00664R,國泰臺灣加權反1,40,0,40,台中銀-員林,2024-09-11,6114
2442,新美齊,72,33,39,台中銀-員林,2024-09-11,6114
2353,宏��,32,1,31,台中銀-員林,2024-09-11,6114
2399,映泰,45,15,30,台中銀-員林,2024-09-11,6114
3047,訊舟,31,5,26,台中銀-員林,2024-09-11,6114
2497,怡利電,60,40,20,台中銀-員林,2024-09-11,6114
2344,華邦電,19,0,19,台中銀-員林,2024-09-11,6114
6770,力積電,20,1,19,台中銀-員林,2024-09-11,6114
4566,時碩工業,20,2,18,台中銀-員林,2024-09-11,6114
4956,光鋐,20,3,17,台中銀-員林,2024-09-11,6114
00915,凱基優選高股息30,20,4,16,台中銀-員林,2024-09-11,6114
00637L,元大滬深300正2,15,0,15,台中銀-員林,2024-09-11,6114
6186,新潤,15,0,15,台中銀-員林,2024-09-11,6114
2330,台積電,14,0,14,台中銀-員林,2024-09-11,6114
00878,國泰永續高股息,13,0,13,台中銀-員林,2024-09-11,6114
4974,亞泰,24,12,12,台中銀-員林,2024-09-11,6114
6194,育富,11,0,11,台中銀-員林,2024-09-11,6114
2347,聯強,10,0,10,台中銀-員林,2024-09-11,6114
2528,皇普,10,0,10,台中銀-員林,2024-09-11,6114
4420,光明,10,0,10,台中銀-員林,2024-09-11,6114
4564,元翎,10,0,10,台中銀-員林,2024-09-11,6114
4971,IET-KY,11,1,10,台中銀-員林,2024-09-11,6114
6182,合晶,10,0,10,台中銀-員林,2024-09-11,6114
6270,倍微,10,0,10,台中銀-員林,2024-09-11,6114
6570,維田,10,0,10,台中銀-員林,2024-09-11,6114
2317,鴻海,32,22,10,台中銀-員林,2024-09-11,6114
00713,元大台灣高息低波,9,0,9,台中銀-員林,2024-09-11,6114
1539,巨庭,15,6,9,台中銀-員林,2024-09-11,6114
2401,凌陽,56,47,9,台中銀-員林,2024-09-11,6114
2913,農林,10,1,9,台中銀-員林,2024-09-11,6114
3357,臺慶科,9,0,9,台中銀-員林,2024-09-11,6114
6284,佳邦,9,0,9,台中銀-員林,2024-09-11,6114
00940,元大台灣價值高息,23,15,8,台中銀-員林,2024-09-11,6114
00931B,統一美債20年,11,3,8,台中銀-員林,2024-09-11,6114
00642U,期元大S＆P石油,8,0,8,台中銀-員林,2024-09-11,6114
00680L,元大美債20正2,28,20,8,台中銀-員林,2024-09-11,6114
2882,國泰金,8,0,8,台中銀-員林,2024-09-11,6114
3013,晟銘電,9,1,8,台中銀-員林,2024-09-11,6114
3577,泓格,9,1,8,台中銀-員林,2024-09-11,6114
8092,建暐,8,0,8,台中銀-員林,2024-09-11,6114
2891,中信金,7,0,7,台中銀-員林,2024-09-11,6114
3673,TPK-KY,9,2,7,台中銀-員林,2024-09-11,6114
00948B,中信優息投資級債,6,0,6,台中銀-員林,2024-09-11,6114
3481,群創,723,58,665,台中銀-員林,2024-09-12,6114
00632R,元大台灣50反1,525,21,504,台中銀-員林,2024-09-12,6114
2891,中信金,73,0,73,台中銀-員林,2024-09-12,6114
2363,矽統,71,0,71,台中銀-員林,2024-09-12,6114
2313,華通,61,9,52,台中銀-員林,2024-09-12,6114
6530,創威,111,61,50,台中銀-員林,2024-09-12,6114
00680L,元大美債20正2,38,0,38,台中銀-員林,2024-09-12,6114
00688L,國泰20年美債正2,32,0,32,台中銀-員林,2024-09-12,6114
6152,百一,40,19,21,台中銀-員林,2024-09-12,6114
4915,致伸,20,0,20,台中銀-員林,2024-09-12,6114
3062,建漢,24,5,19,台中銀-員林,2024-09-12,6114
4958,臻鼎-KY,22,10,12,台中銀-員林,2024-09-12,6114
2371,大同,34,23,11,台中銀-員林,2024-09-12,6114
00927,群益半導體收益,11,0,11,台中銀-員林,2024-09-12,6114
6228,全譜,12,1,11,台中銀-員林,2024-09-12,6114
00915,凱基優選高股息30,10,0,10,台中銀-員林,2024-09-12,6114
00919,群益台灣精選高息,11,1,10,台中銀-員林,2024-09-12,6114
4562,穎漢,14,4,10,台中銀-員林,2024-09-12,6114
1303,南亞,10,0,10,台中銀-員林,2024-09-12,6114
3047,訊舟,61,51,10,台中銀-員林,2024-09-12,6114
6116,彩晶,10,0,10,台中銀-員林,2024-09-12,6114
6770,力積電,10,0,10,台中銀-員林,2024-09-12,6114
9935,慶豐富,10,0,10,台中銀-員林,2024-09-12,6114
00929,復華台灣科技優息,18,10,8,台中銀-員林,2024-09-12,6114
2915,潤泰全,8,0,8,台中銀-員林,2024-09-12,6114
6186,新潤,8,0,8,台中銀-員林,2024-09-12,6114
8070,長華*,16,8,8,台中銀-員林,2024-09-12,6114
6505,台塑化,7,0,7,台中銀-員林,2024-09-12,6114
1522,堤維西,7,0,7,台中銀-員林,2024-09-12,6114
1301,台塑,10,3,7,台中銀-員林,2024-09-12,6114
3379,彬台,7,0,7,台中銀-員林,2024-09-12,6114
4729,熒茂,8,1,7,台中銀-員林,2024-09-12,6114
1326,台化,7,0,7,台中銀-員林,2024-09-12,6114
3264,欣銓,6,0,6,台中銀-員林,2024-09-12,6114
00764B,群益25年美債,5,0,5,台中銀-員林,2024-09-12,6114
00957B,兆豐US優選投等債,5,0,5,台中銀-員林,2024-09-12,6114
1569,濱川,5,0,5,台中銀-員林,2024-09-12,6114
2417,圓剛,5,0,5,台中銀-員林,2024-09-12,6114
2618,長榮航,6,1,5,台中銀-員林,2024-09-12,6114
2897,王道銀行,5,0,5,台中銀-員林,2024-09-12,6114
3202,樺晟,5,0,5,台中銀-員林,2024-09-12,6114
3339,泰谷,5,0,5,台中銀-員林,2024-09-12,6114
3455,由田,6,1,5,台中銀-員林,2024-09-12,6114
4160,訊聯基因,5,0,5,台中銀-員林,2024-09-12,6114
4580,捷流閥業,5,0,5,台中銀-員林,2024-09-12,6114
6133,金橋,16,11,5,台中銀-員林,2024-09-12,6114
8028,昇陽半導體,7,2,5,台中銀-員林,2024-09-12,6114
8933,愛地雅,5,0,5,台中銀-員林,2024-09-12,6114
9103,美德醫療-DR,5,0,5,台中銀-員林,2024-09-12,6114
9914,美利達,4,0,4,台中銀-員林,2024-09-12,6114
3481,群創,236,40,196,台中銀-員林,2024-09-13,6114
3715,定穎投控,190,1,189,台中銀-員林,2024-09-13,6114
1605,華新,70,6,64,台中銀-員林,2024-09-13,6114
2314,台揚,42,0,42,台中銀-員林,2024-09-13,6114
6530,創威,67,33,34,台中銀-員林,2024-09-13,6114
2497,怡利電,54,24,30,台中銀-員林,2024-09-13,6114
00688L,國泰20年美債正2,23,0,23,台中銀-員林,2024-09-13,6114
3312,弘憶股,22,1,21,台中銀-員林,2024-09-13,6114
00713,元大台灣高息低波,21,0,21,台中銀-員林,2024-09-13,6114
2303,聯電,20,0,20,台中銀-員林,2024-09-13,6114
00929,復華台灣科技優息,24,4,20,台中銀-員林,2024-09-13,6114
9907,統一實,20,1,19,台中銀-員林,2024-09-13,6114
00680L,元大美債20正2,15,0,15,台中銀-員林,2024-09-13,6114
8150,南茂,15,0,15,台中銀-員林,2024-09-13,6114
00919,群益台灣精選高息,20,5,15,台中銀-員林,2024-09-13,6114
6270,倍微,14,0,14,台中銀-員林,2024-09-13,6114
2408,南亞科,10,0,10,台中銀-員林,2024-09-13,6114
3013,晟銘電,10,0,10,台中銀-員林,2024-09-13,6114
1446,宏和,20,10,10,台中銀-員林,2024-09-13,6114
2812,台中銀,10,0,10,台中銀-員林,2024-09-13,6114
4551,智伸科,11,1,10,台中銀-員林,2024-09-13,6114
5438,東友,10,0,10,台中銀-員林,2024-09-13,6114
5493,三聯,10,0,10,台中銀-員林,2024-09-13,6114
1326,台化,12,3,9,台中銀-員林,2024-09-13,6114
2609,陽明,10,1,9,台中銀-員林,2024-09-13,6114
3518,柏騰,10,1,9,台中銀-員林,2024-09-13,6114
5347,世界,9,0,9,台中銀-員林,2024-09-13,6114
3363,上詮,9,0,9,台中銀-員林,2024-09-13,6114
2365,昆盈,8,0,8,台中銀-員林,2024-09-13,6114
1785,光洋科,42,34,8,台中銀-員林,2024-09-13,6114
3484,崧騰,9,1,8,台中銀-員林,2024-09-13,6114
8074,鉅橡,8,0,8,台中銀-員林,2024-09-13,6114
00679B,元大美債20年,7,0,7,台中銀-員林,2024-09-13,6114
00795B,中信美國公債20年,6,0,6,台中銀-員林,2024-09-13,6114
2891,中信金,6,0,6,台中銀-員林,2024-09-13,6114
6217,中探針,16,10,6,台中銀-員林,2024-09-13,6114
4566,時碩工業,5,0,5,台中銀-員林,2024-09-13,6114
00878,國泰永續高股息,5,0,5,台中銀-員林,2024-09-13,6114
1721,三晃,5,0,5,台中銀-員林,2024-09-13,6114
2347,聯強,5,0,5,台中銀-員林,2024-09-13,6114
3209,全科,7,2,5,台中銀-員林,2024-09-13,6114
3264,欣銓,6,1,5,台中銀-員林,2024-09-13,6114
8071,能率網通,5,0,5,台中銀-員林,2024-09-13,6114
5515,建國,5,0,5,台中銀-員林,2024-09-13,6114
00937B,群益ESG投等債20,5,1,4,台中銀-員林,2024-09-13,6114
2476,鉅祥,4,0,4,台中銀-員林,2024-09-13,6114
3032,偉訓,6,2,4,台中銀-員林,2024-09-13,6114
3037,欣興,5,1,4,台中銀-員林,2024-09-13,6114
00936,台新永續高息中小,13,10,3,台中銀-員林,2024-09-13,6114
3362,先進光,5,2,3,台中銀-員林,2024-09-13,6114
2317,鴻海,355,31,324,台中銀-員林,2024-09-16,6114
00687B,國泰20年美債,138,1,137,台中銀-員林,2024-09-16,6114
3062,建漢,124,72,52,台中銀-員林,2024-09-16,6114
2349,錸德,81,37,44,台中銀-員林,2024-09-16,6114
00945B,凱基美國非投等債,41,0,41,台中銀-員林,2024-09-16,6114
1227,佳格,35,0,35,台中銀-員林,2024-09-16,6114
00680L,元大美債20正2,27,0,27,台中銀-員林,2024-09-16,6114
4979,華星光,27,2,25,台中銀-員林,2024-09-16,6114
4510,高鋒,40,17,23,台中銀-員林,2024-09-16,6114
00948B,中信優息投資級債,23,0,23,台中銀-員林,2024-09-16,6114
00795B,中信美國公債20年,22,0,22,台中銀-員林,2024-09-16,6114
00919,群益台灣精選高息,22,1,21,台中銀-員林,2024-09-16,6114
6266,泰詠,15,0,15,台中銀-員林,2024-09-16,6114
3522,御嵿,14,0,14,台中銀-員林,2024-09-16,6114
5230,雷笛克光學,23,9,14,台中銀-員林,2024-09-16,6114
1905,華紙,14,0,14,台中銀-員林,2024-09-16,6114
1522,堤維西,13,0,13,台中銀-員林,2024-09-16,6114
3593,力銘,13,0,13,台中銀-員林,2024-09-16,6114
4513,福裕,13,1,12,台中銀-員林,2024-09-16,6114
2332,友訊,22,10,12,台中銀-員林,2024-09-16,6114
00937B,群益ESG投等債20,12,0,12,台中銀-員林,2024-09-16,6114
3021,鴻名,11,0,11,台中銀-員林,2024-09-16,6114
4526,東台,13,2,11,台中銀-員林,2024-09-16,6114
8074,鉅橡,11,0,11,台中銀-員林,2024-09-16,6114
6005,群益證,10,0,10,台中銀-員林,2024-09-16,6114
00940,元大台灣價值高息,27,18,9,台中銀-員林,2024-09-16,6114
1314,中石化,9,0,9,台中銀-員林,2024-09-16,6114
2913,農林,11,2,9,台中銀-員林,2024-09-16,6114
6530,創威,34,25,9,台中銀-員林,2024-09-16,6114
00878,國泰永續高股息,11,3,8,台中銀-員林,2024-09-16,6114
6116,彩晶,113,105,8,台中銀-員林,2024-09-16,6114
8054,安國,9,1,8,台中銀-員林,2024-09-16,6114
00929,復華台灣科技優息,8,1,7,台中銀-員林,2024-09-16,6114
00946,群益科技高息成長,7,0,7,台中銀-員林,2024-09-16,6114
00857B,永豐20年美公債,7,0,7,台中銀-員林,2024-09-16,6114
1584,精剛,10,3,7,台中銀-員林,2024-09-16,6114
3673,TPK-KY,8,1,7,台中銀-員林,2024-09-16,6114
00918,大華優利高填息30,7,1,6,台中銀-員林,2024-09-16,6114
00933B,國泰10Y+金融債,8,2,6,台中銀-員林,2024-09-16,6114
2472,立隆電,6,0,6,台中銀-員林,2024-09-16,6114
3019,亞光,6,0,6,台中銀-員林,2024-09-16,6114
3450,聯鈞,7,1,6,台中銀-員林,2024-09-16,6114
2399,映泰,14,8,6,台中銀-員林,2024-09-16,6114
2880,華南金,5,0,5,台中銀-員林,2024-09-16,6114
6609,瀧澤科,19,14,5,台中銀-員林,2024-09-16,6114
00935,野村臺灣新科技50,5,0,5,台中銀-員林,2024-09-16,6114
00915,凱基優選高股息30,5,0,5,台中銀-員林,2024-09-16,6114
00650L,復華香港正2,5,0,5,台中銀-員林,2024-09-16,6114
00642U,期元大S＆P石油,5,0,5,台中銀-員林,2024-09-16,6114
2891,中信金,5,0,5,台中銀-員林,2024-09-16,6114
3481,群創,1204,73,1131,台中銀-員林,2024-09-18,6114
8039,台虹,207,0,207,台中銀-員林,2024-09-18,6114
00929,復華台灣科技優息,108,1,107,台中銀-員林,2024-09-18,6114
00687B,國泰20年美債,120,17,103,台中銀-員林,2024-09-18,6114
00937B,群益ESG投等債20,82,0,82,台中銀-員林,2024-09-18,6114
00919,群益台灣精選高息,68,10,58,台中銀-員林,2024-09-18,6114
2426,鼎元,82,32,50,台中銀-員林,2024-09-18,6114
2887,台新金,51,5,46,台中銀-員林,2024-09-18,6114
00918,大華優利高填息30,45,1,44,台中銀-員林,2024-09-18,6114
1711,永光,78,36,42,台中銀-員林,2024-09-18,6114
5905,南仁湖,44,12,32,台中銀-員林,2024-09-18,6114
6266,泰詠,28,0,28,台中銀-員林,2024-09-18,6114
2317,鴻海,39,11,28,台中銀-員林,2024-09-18,6114
00679B,元大美債20年,35,9,26,台中銀-員林,2024-09-18,6114
2477,美隆電,22,0,22,台中銀-員林,2024-09-18,6114
00945B,凱基美國非投等債,20,0,20,台中銀-員林,2024-09-18,6114
00673R,期元大S＆P原油反1,20,0,20,台中銀-員林,2024-09-18,6114
2484,希華,20,0,20,台中銀-員林,2024-09-18,6114
8088,品安,20,0,20,台中銀-員林,2024-09-18,6114
2371,大同,21,1,20,台中銀-員林,2024-09-18,6114
2313,華通,19,0,19,台中銀-員林,2024-09-18,6114
3189,景碩,18,1,17,台中銀-員林,2024-09-18,6114
4755,三福化,17,0,17,台中銀-員林,2024-09-18,6114
2423,固緯,15,0,15,台中銀-員林,2024-09-18,6114
4958,臻鼎-KY,14,0,14,台中銀-員林,2024-09-18,6114
3019,亞光,16,2,14,台中銀-員林,2024-09-18,6114
2449,京元電子,13,0,13,台中銀-員林,2024-09-18,6114
4566,時碩工業,12,0,12,台中銀-員林,2024-09-18,6114
6116,彩晶,102,90,12,台中銀-員林,2024-09-18,6114
00713,元大台灣高息低波,11,0,11,台中銀-員林,2024-09-18,6114
00878,國泰永續高股息,13,2,11,台中銀-員林,2024-09-18,6114
1101,台泥,10,0,10,台中銀-員林,2024-09-18,6114
9105,泰金寶-DR,10,0,10,台中銀-員林,2024-09-18,6114
2340,台亞,10,0,10,台中銀-員林,2024-09-18,6114
2409,友達,10,0,10,台中銀-員林,2024-09-18,6114
2439,美律,12,2,10,台中銀-員林,2024-09-18,6114
3360,尚立,12,2,10,台中銀-員林,2024-09-18,6114
6104,創惟,10,0,10,台中銀-員林,2024-09-18,6114
8150,南茂,10,0,10,台中銀-員林,2024-09-18,6114
2374,佳能,9,0,9,台中銀-員林,2024-09-18,6114
00939,統一台灣高息動能,10,1,9,台中銀-員林,2024-09-18,6114
00882,中信中國高股息,9,0,9,台中銀-員林,2024-09-18,6114
00927,群益半導體收益,9,0,9,台中銀-員林,2024-09-18,6114
3188,鑫龍騰,10,1,9,台中銀-員林,2024-09-18,6114
0056,元大高股息,8,0,8,台中銀-員林,2024-09-18,6114
3312,弘憶股,8,0,8,台中銀-員林,2024-09-18,6114
00946,群益科技高息成長,8,0,8,台中銀-員林,2024-09-18,6114
6698,旭暉應材,21,13,8,台中銀-員林,2024-09-18,6114
2344,華邦電,13,5,8,台中銀-員林,2024-09-18,6114
3034,聯詠,7,0,7,台中銀-員林,2024-09-18,6114
3049,精金,254,36,218,台中銀-員林,2024-09-19,6114
00929,復華台灣科技優息,120,11,109,台中銀-員林,2024-09-19,6114
2399,映泰,137,38,99,台中銀-員林,2024-09-19,6114
2402,毅嘉,89,0,89,台中銀-員林,2024-09-19,6114
00679B,元大美債20年,74,14,60,台中銀-員林,2024-09-19,6114
00751B,元大AAA至A公司債,55,0,55,台中銀-員林,2024-09-19,6114
4909,新復興,65,12,53,台中銀-員林,2024-09-19,6114
4562,穎漢,50,1,49,台中銀-員林,2024-09-19,6114
00680L,元大美債20正2,101,55,46,台中銀-員林,2024-09-19,6114
2610,華航,42,1,41,台中銀-員林,2024-09-19,6114
00632R,元大台灣50反1,150,116,34,台中銀-員林,2024-09-19,6114
3167,大量,34,4,30,台中銀-員林,2024-09-19,6114
1609,大亞,33,6,27,台中銀-員林,2024-09-19,6114
1805,寶徠,25,0,25,台中銀-員林,2024-09-19,6114
6158,禾昌,25,0,25,台中銀-員林,2024-09-19,6114
6266,泰詠,25,0,25,台中銀-員林,2024-09-19,6114
2426,鼎元,23,1,22,台中銀-員林,2024-09-19,6114
00915,凱基優選高股息30,21,0,21,台中銀-員林,2024-09-19,6114
2442,新美齊,20,0,20,台中銀-員林,2024-09-19,6114
2497,怡利電,33,14,19,台中銀-員林,2024-09-19,6114
4716,大立,19,0,19,台中銀-員林,2024-09-19,6114
4513,福裕,40,22,18,台中銀-員林,2024-09-19,6114
6451,訊芯-KY,21,3,18,台中銀-員林,2024-09-19,6114
00918,大華優利高填息30,16,0,16,台中銀-員林,2024-09-19,6114
3062,建漢,32,17,15,台中銀-員林,2024-09-19,6114
2317,鴻海,13,0,13,台中銀-員林,2024-09-19,6114
5203,訊連,13,0,13,台中銀-員林,2024-09-19,6114
2201,裕隆,12,0,12,台中銀-員林,2024-09-19,6114
2408,南亞科,12,0,12,台中銀-員林,2024-09-19,6114
3581,博磊,13,1,12,台中銀-員林,2024-09-19,6114
00878,國泰永續高股息,11,0,11,台中銀-員林,2024-09-19,6114
00933B,國泰10Y+金融債,11,0,11,台中銀-員林,2024-09-19,6114
8086,宏捷科,11,0,11,台中銀-員林,2024-09-19,6114
4160,訊聯基因,10,0,10,台中銀-員林,2024-09-19,6114
00882,中信中國高股息,10,0,10,台中銀-員林,2024-09-19,6114
1101,台泥,10,0,10,台中銀-員林,2024-09-19,6114
2347,聯強,10,0,10,台中銀-員林,2024-09-19,6114
2344,華邦電,9,0,9,台中銀-員林,2024-09-19,6114
00919,群益台灣精選高息,14,5,9,台中銀-員林,2024-09-19,6114
2371,大同,25,16,9,台中銀-員林,2024-09-19,6114
2423,固緯,9,0,9,台中銀-員林,2024-09-19,6114
8064,東捷,11,2,9,台中銀-員林,2024-09-19,6114
2349,錸德,12,4,8,台中銀-員林,2024-09-19,6114
00795B,中信美國公債20年,7,0,7,台中銀-員林,2024-09-19,6114
00881,國泰台灣5G+,7,0,7,台中銀-員林,2024-09-19,6114
2891,中信金,112,105,7,台中銀-員林,2024-09-19,6114
3264,欣銓,10,3,7,台中銀-員林,2024-09-19,6114
4532,瑞智,7,0,7,台中銀-員林,2024-09-19,6114
6269,台郡,7,0,7,台中銀-員林,2024-09-19,6114
2486,一詮,8,1,7,台中銀-員林,2024-09-19,6114
2888,新光金,215,4,211,台中銀-員林,2024-09-20,6114
00632R,元大台灣50反1,155,9,146,台中銀-員林,2024-09-20,6114
00919,群益台灣精選高息,122,7,115,台中銀-員林,2024-09-20,6114
00931B,統一美債20年,111,1,110,台中銀-員林,2024-09-20,6114
2405,輔信,108,0,108,台中銀-員林,2024-09-20,6114
2399,映泰,211,121,90,台中銀-員林,2024-09-20,6114
00679B,元大美債20年,89,14,75,台中銀-員林,2024-09-20,6114
3149,正達,70,6,64,台中銀-員林,2024-09-20,6114
4526,東台,62,8,54,台中銀-員林,2024-09-20,6114
00929,復華台灣科技優息,52,0,52,台中銀-員林,2024-09-20,6114
00751B,元大AAA至A公司債,50,0,50,台中銀-員林,2024-09-20,6114
00946,群益科技高息成長,50,5,45,台中銀-員林,2024-09-20,6114
00687B,國泰20年美債,75,38,37,台中銀-員林,2024-09-20,6114
6186,新潤,32,0,32,台中銀-員林,2024-09-20,6114
00953B,群益優選非投等債,30,0,30,台中銀-員林,2024-09-20,6114
1303,南亞,30,0,30,台中銀-員林,2024-09-20,6114
00958B,永豐ESG銀行債15,29,0,29,台中銀-員林,2024-09-20,6114
3615,安可,31,5,26,台中銀-員林,2024-09-20,6114
5905,南仁湖,44,18,26,台中銀-員林,2024-09-20,6114
6266,泰詠,25,0,25,台中銀-員林,2024-09-20,6114
2610,華航,25,2,23,台中銀-員林,2024-09-20,6114
3062,建漢,104,83,21,台中銀-員林,2024-09-20,6114
00680L,元大美債20正2,23,5,18,台中銀-員林,2024-09-20,6114
1785,光洋科,28,10,18,台中銀-員林,2024-09-20,6114
4510,高鋒,32,15,17,台中銀-員林,2024-09-20,6114
2542,興富發,16,0,16,台中銀-員林,2024-09-20,6114
1227,佳格,16,0,16,台中銀-員林,2024-09-20,6114
4942,嘉彰,15,0,15,台中銀-員林,2024-09-20,6114
6158,禾昌,15,0,15,台中銀-員林,2024-09-20,6114
1301,台塑,15,0,15,台中銀-員林,2024-09-20,6114
5475,德宏,14,0,14,台中銀-員林,2024-09-20,6114
00960,野村全球航運龍頭,14,1,13,台中銀-員林,2024-09-20,6114
2915,潤泰全,19,6,13,台中銀-員林,2024-09-20,6114
3230,錦明,33,21,12,台中銀-員林,2024-09-20,6114
9105,泰金寶-DR,12,0,12,台中銀-員林,2024-09-20,6114
2431,聯昌,11,0,11,台中銀-員林,2024-09-20,6114
3188,鑫龍騰,10,0,10,台中銀-員林,2024-09-20,6114
00857B,永豐20年美公債,10,0,10,台中銀-員林,2024-09-20,6114
00664R,國泰臺灣加權反1,10,0,10,台中銀-員林,2024-09-20,6114
1326,台化,10,0,10,台中銀-員林,2024-09-20,6114
2347,聯強,11,1,10,台中銀-員林,2024-09-20,6114
2528,皇普,10,0,10,台中銀-員林,2024-09-20,6114
2820,華票,10,0,10,台中銀-員林,2024-09-20,6114
6425,易發,12,2,10,台中銀-員林,2024-09-20,6114
8155,博智,10,0,10,台中銀-員林,2024-09-20,6114
1316,上曜,13,5,8,台中銀-員林,2024-09-20,6114
3581,博磊,12,5,7,台中銀-員林,2024-09-20,6114
00915,凱基優選高股息30,7,0,7,台中銀-員林,2024-09-20,6114
1727,中華化,8,1,7,台中銀-員林,2024-09-20,6114
2313,華通,17,10,7,台中銀-員林,2024-09-20,6114
2888,新光金,1752,600,1152,台中銀-員林,2024-09-23,6114
1101,台泥,320,0,320,台中銀-員林,2024-09-23,6114
00931B,統一美債20年,104,0,104,台中銀-員林,2024-09-23,6114
00919,群益台灣精選高息,72,0,72,台中銀-員林,2024-09-23,6114
00929,復華台灣科技優息,63,0,63,台中銀-員林,2024-09-23,6114
6425,易發,56,2,54,台中銀-員林,2024-09-23,6114
00664R,國泰臺灣加權反1,50,0,50,台中銀-員林,2024-09-23,6114
3615,安可,54,10,44,台中銀-員林,2024-09-23,6114
6530,創威,38,4,34,台中銀-員林,2024-09-23,6114
00679B,元大美債20年,36,5,31,台中銀-員林,2024-09-23,6114
2243,宏旭-KY,32,6,26,台中銀-員林,2024-09-23,6114
1227,佳格,25,0,25,台中銀-員林,2024-09-23,6114
00687B,國泰20年美債,32,7,25,台中銀-員林,2024-09-23,6114
00680L,元大美債20正2,22,0,22,台中銀-員林,2024-09-23,6114
00878,國泰永續高股息,23,1,22,台中銀-員林,2024-09-23,6114
00937B,群益ESG投等債20,21,1,20,台中銀-員林,2024-09-23,6114
00953B,群益優選非投等債,20,0,20,台中銀-員林,2024-09-23,6114
1303,南亞,20,0,20,台中銀-員林,2024-09-23,6114
4526,東台,25,6,19,台中銀-員林,2024-09-23,6114
6438,迅得,22,5,17,台中銀-員林,2024-09-23,6114
2353,宏��,16,0,16,台中銀-員林,2024-09-23,6114
3013,晟銘電,60,44,16,台中銀-員林,2024-09-23,6114
00857B,永豐20年美公債,15,0,15,台中銀-員林,2024-09-23,6114
4931,新盛力,15,0,15,台中銀-員林,2024-09-23,6114
2464,盟立,23,9,14,台中銀-員林,2024-09-23,6114
3374,精材,14,0,14,台中銀-員林,2024-09-23,6114
4542,科嶠,26,13,13,台中銀-員林,2024-09-23,6114
00715L,期街口布蘭特正2,12,0,12,台中銀-員林,2024-09-23,6114
3714,富采,14,2,12,台中銀-員林,2024-09-23,6114
2495,普安,11,1,10,台中銀-員林,2024-09-23,6114
00958B,永豐ESG銀行債15,10,0,10,台中銀-員林,2024-09-23,6114
00673R,期元大S＆P原油反1,10,0,10,台中銀-員林,2024-09-23,6114
1536,和大,30,20,10,台中銀-員林,2024-09-23,6114
2528,皇普,10,0,10,台中銀-員林,2024-09-23,6114
6177,達麗,10,0,10,台中銀-員林,2024-09-23,6114
2425,承啟,16,7,9,台中銀-員林,2024-09-23,6114
2504,國產,12,3,9,台中銀-員林,2024-09-23,6114
3597,映興,8,0,8,台中銀-員林,2024-09-23,6114
3712,永崴投控,12,4,8,台中銀-員林,2024-09-23,6114
9105,泰金寶-DR,8,0,8,台中銀-員林,2024-09-23,6114
6446,藥華藥,11,4,7,台中銀-員林,2024-09-23,6114
00918,大華優利高填息30,7,0,7,台中銀-員林,2024-09-23,6114
2388,威盛,21,14,7,台中銀-員林,2024-09-23,6114
4989,榮科,8,1,7,台中銀-員林,2024-09-23,6114
1785,光洋科,16,10,6,台中銀-員林,2024-09-23,6114
6706,惠特,6,0,6,台中銀-員林,2024-09-23,6114
2062,橋椿,7,1,6,台中銀-員林,2024-09-23,6114
3062,建漢,13,7,6,台中銀-員林,2024-09-23,6114
8240,華宏,6,0,6,台中銀-員林,2024-09-23,6114
6290,良維,6,0,6,台中銀-員林,2024-09-23,6114
1101,台泥,502,2,500,台中銀-員林,2024-09-24,6114
00687B,國泰20年美債,210,0,210,台中銀-員林,2024-09-24,6114
2915,潤泰全,158,0,158,台中銀-員林,2024-09-24,6114
2399,映泰,349,200,149,台中銀-員林,2024-09-24,6114
3481,群創,122,47,75,台中銀-員林,2024-09-24,6114
00864B,中信美國公債0-1,55,0,55,台中銀-員林,2024-09-24,6114
6425,易發,58,6,52,台中銀-員林,2024-09-24,6114
00931B,統一美債20年,50,0,50,台中銀-員林,2024-09-24,6114
3363,上詮,51,5,46,台中銀-員林,2024-09-24,6114
2312,金寶,50,5,45,台中銀-員林,2024-09-24,6114
4526,東台,39,2,37,台中銀-員林,2024-09-24,6114
00680L,元大美債20正2,36,0,36,台中銀-員林,2024-09-24,6114
00929,復華台灣科技優息,56,23,33,台中銀-員林,2024-09-24,6114
2344,華邦電,34,3,31,台中銀-員林,2024-09-24,6114
3581,博磊,27,2,25,台中銀-員林,2024-09-24,6114
3550,聯穎,49,25,24,台中銀-員林,2024-09-24,6114
2609,陽明,111,88,23,台中銀-員林,2024-09-24,6114
00946,群益科技高息成長,22,0,22,台中銀-員林,2024-09-24,6114
00688L,國泰20年美債正2,18,0,18,台中銀-員林,2024-09-24,6114
00632R,元大台灣50反1,15,0,15,台中銀-員林,2024-09-24,6114
00940,元大台灣價值高息,21,6,15,台中銀-員林,2024-09-24,6114
2497,怡利電,21,7,14,台中銀-員林,2024-09-24,6114
3189,景碩,17,3,14,台中銀-員林,2024-09-24,6114
4977,眾達-KY,17,3,14,台中銀-員林,2024-09-24,6114
8028,昇陽半導體,15,1,14,台中銀-員林,2024-09-24,6114
6266,泰詠,12,0,12,台中銀-員林,2024-09-24,6114
2365,昆盈,12,1,11,台中銀-員林,2024-09-24,6114
00857B,永豐20年美公債,11,0,11,台中銀-員林,2024-09-24,6114
00930,永豐ESG低碳高息,11,0,11,台中銀-員林,2024-09-24,6114
2891,中信金,14,3,11,台中銀-員林,2024-09-24,6114
4971,IET-KY,11,0,11,台中銀-員林,2024-09-24,6114
6239,力成,11,0,11,台中銀-員林,2024-09-24,6114
00945B,凱基美國非投等債,10,0,10,台中銀-員林,2024-09-24,6114
1314,中石化,12,2,10,台中銀-員林,2024-09-24,6114
2406,國碩,10,0,10,台中銀-員林,2024-09-24,6114
3483,力致,10,0,10,台中銀-員林,2024-09-24,6114
6152,百一,10,0,10,台中銀-員林,2024-09-24,6114
6446,藥華藥,9,0,9,台中銀-員林,2024-09-24,6114
3605,宏致,9,0,9,台中銀-員林,2024-09-24,6114
00933B,國泰10Y+金融債,10,1,9,台中銀-員林,2024-09-24,6114
2606,裕民,8,0,8,台中銀-員林,2024-09-24,6114
4303,信立,8,0,8,台中銀-員林,2024-09-24,6114
4513,福裕,13,6,7,台中銀-員林,2024-09-24,6114
1336,台翰,7,0,7,台中銀-員林,2024-09-24,6114
1540,喬福,7,0,7,台中銀-員林,2024-09-24,6114
1815,富喬,7,0,7,台中銀-員林,2024-09-24,6114
2637,慧洋-KY,10,3,7,台中銀-員林,2024-09-24,6114
5905,南仁湖,23,16,7,台中銀-員林,2024-09-24,6114
8033,雷虎,16,9,7,台中銀-員林,2024-09-24,6114
9105,泰金寶-DR,7,0,7,台中銀-員林,2024-09-24,6114
00632R,元大台灣50反1,360,43,317,台中銀-員林,2024-09-25,6114
00687B,國泰20年美債,107,0,107,台中銀-員林,2024-09-25,6114
00931B,統一美債20年,104,0,104,台中銀-員林,2024-09-25,6114
2313,華通,105,9,96,台中銀-員林,2024-09-25,6114
2888,新光金,70,14,56,台中銀-員林,2024-09-25,6114
4716,大立,42,3,39,台中銀-員林,2024-09-25,6114
00679B,元大美債20年,37,0,37,台中銀-員林,2024-09-25,6114
00712,復華富時不動產,33,0,33,台中銀-員林,2024-09-25,6114
00945B,凱基美國非投等債,33,0,33,台中銀-員林,2024-09-25,6114
2610,華航,33,0,33,台中銀-員林,2024-09-25,6114
8466,美吉吉-KY,32,0,32,台中銀-員林,2024-09-25,6114
3605,宏致,39,7,32,台中銀-員林,2024-09-25,6114
2637,慧洋-KY,30,1,29,台中銀-員林,2024-09-25,6114
2889,國票金,31,3,28,台中銀-員林,2024-09-25,6114
6789,采鈺,26,0,26,台中銀-員林,2024-09-25,6114
0061,元大寶滬深,25,0,25,台中銀-員林,2024-09-25,6114
3049,精金,25,0,25,台中銀-員林,2024-09-25,6114
3550,聯穎,153,128,25,台中銀-員林,2024-09-25,6114
1584,精剛,21,1,20,台中銀-員林,2024-09-25,6114
2633,台灣高鐵,20,0,20,台中銀-員林,2024-09-25,6114
9935,慶豐富,21,2,19,台中銀-員林,2024-09-25,6114
5871,中租-KY,24,6,18,台中銀-員林,2024-09-25,6114
00857B,永豐20年美公債,17,0,17,台中銀-員林,2024-09-25,6114
00795B,中信美國公債20年,16,0,16,台中銀-員林,2024-09-25,6114
1711,永光,18,3,15,台中銀-員林,2024-09-25,6114
00960,野村全球航運龍頭,13,0,13,台中銀-員林,2024-09-25,6114
8111,立��,66,53,13,台中銀-員林,2024-09-25,6114
2609,陽明,49,37,12,台中銀-員林,2024-09-25,6114
3716,中化控股,12,0,12,台中銀-員林,2024-09-25,6114
5488,松普,12,0,12,台中銀-員林,2024-09-25,6114
8261,富鼎,17,5,12,台中銀-員林,2024-09-25,6114
6530,創威,12,1,11,台中銀-員林,2024-09-25,6114
8033,雷虎,11,0,11,台中銀-員林,2024-09-25,6114
3406,玉晶光,11,0,11,台中銀-員林,2024-09-25,6114
8027,鈦昇,15,4,11,台中銀-員林,2024-09-25,6114
00680L,元大美債20正2,10,0,10,台中銀-員林,2024-09-25,6114
5258,虹堡,10,0,10,台中銀-員林,2024-09-25,6114
6290,良維,24,14,10,台中銀-員林,2024-09-25,6114
6589,台康生技,10,0,10,台中銀-員林,2024-09-25,6114
9912,偉聯,10,0,10,台中銀-員林,2024-09-25,6114
1727,中華化,9,0,9,台中銀-員林,2024-09-25,6114
5905,南仁湖,31,22,9,台中銀-員林,2024-09-25,6114
3673,TPK-KY,10,2,8,台中銀-員林,2024-09-25,6114
1785,光洋科,8,1,7,台中銀-員林,2024-09-25,6114
2388,威盛,9,2,7,台中銀-員林,2024-09-25,6114
3312,弘憶股,7,0,7,台中銀-員林,2024-09-25,6114
6156,松上,9,2,7,台中銀-員林,2024-09-25,6114
8070,長華*,26,19,7,台中銀-員林,2024-09-25,6114
5443,均豪,6,0,6,台中銀-員林,2024-09-25,6114
00958B,永豐ESG銀行債15,6,0,6,台中銀-員林,2024-09-25,6114
3149,正達,152,11,141,台中銀-員林,2024-09-26,6114
00679B,元大美債20年,111,6,105,台中銀-員林,2024-09-26,6114
00687B,國泰20年美債,100,5,95,台中銀-員林,2024-09-26,6114
3673,TPK-KY,77,7,70,台中銀-員林,2024-09-26,6114
6188,廣明,76,16,60,台中銀-員林,2024-09-26,6114
00664R,國泰臺灣加權反1,50,0,50,台中銀-員林,2024-09-26,6114
2889,國票金,50,0,50,台中銀-員林,2024-09-26,6114
3019,亞光,68,23,45,台中銀-員林,2024-09-26,6114
5315,光聯,41,1,40,台中銀-員林,2024-09-26,6114
00673R,期元大S＆P原油反1,40,0,40,台中銀-員林,2024-09-26,6114
3663,鑫科,56,16,40,台中銀-員林,2024-09-26,6114
1611,中電,30,0,30,台中銀-員林,2024-09-26,6114
9935,慶豐富,32,3,29,台中銀-員林,2024-09-26,6114
4716,大立,59,30,29,台中銀-員林,2024-09-26,6114
00878,國泰永續高股息,34,5,29,台中銀-員林,2024-09-26,6114
00715L,期街口布蘭特正2,26,0,26,台中銀-員林,2024-09-26,6114
00960,野村全球航運龍頭,49,23,26,台中銀-員林,2024-09-26,6114
3013,晟銘電,46,22,24,台中銀-員林,2024-09-26,6114
00688L,國泰20年美債正2,30,6,24,台中銀-員林,2024-09-26,6114
00918,大華優利高填息30,23,0,23,台中銀-員林,2024-09-26,6114
2408,南亞科,24,2,22,台中銀-員林,2024-09-26,6114
4958,臻鼎-KY,29,7,22,台中銀-員林,2024-09-26,6114
2834,臺企銀,21,0,21,台中銀-員林,2024-09-26,6114
2886,兆豐金,20,0,20,台中銀-員林,2024-09-26,6114
2542,興富發,20,0,20,台中銀-員林,2024-09-26,6114
00937B,群益ESG投等債20,19,1,18,台中銀-員林,2024-09-26,6114
3062,建漢,19,1,18,台中銀-員林,2024-09-26,6114
00857B,永豐20年美公債,17,0,17,台中銀-員林,2024-09-26,6114
1540,喬福,19,2,17,台中銀-員林,2024-09-26,6114
2399,映泰,19,2,17,台中銀-員林,2024-09-26,6114
2402,毅嘉,17,1,16,台中銀-員林,2024-09-26,6114
4510,高鋒,38,22,16,台中銀-員林,2024-09-26,6114
2353,宏��,23,8,15,台中銀-員林,2024-09-26,6114
3094,聯傑,17,4,13,台中銀-員林,2024-09-26,6114
1316,上曜,13,0,13,台中銀-員林,2024-09-26,6114
6589,台康生技,12,0,12,台中銀-員林,2024-09-26,6114
2312,金寶,19,8,11,台中銀-員林,2024-09-26,6114
9105,泰金寶-DR,11,0,11,台中銀-員林,2024-09-26,6114
1808,潤隆,11,1,10,台中銀-員林,2024-09-26,6114
00653L,富邦印度正2,10,0,10,台中銀-員林,2024-09-26,6114
1802,台玻,10,0,10,台中銀-員林,2024-09-26,6114
3030,德律,10,0,10,台中銀-員林,2024-09-26,6114
5202,力新,15,5,10,台中銀-員林,2024-09-26,6114
6015,宏遠證,10,0,10,台中銀-員林,2024-09-26,6114
1294,漢田生技,9,0,9,台中銀-員林,2024-09-26,6114
4402,郡都開發,9,0,9,台中銀-員林,2024-09-26,6114
6156,松上,9,0,9,台中銀-員林,2024-09-26,6114
2887,台新金,8,0,8,台中銀-員林,2024-09-26,6114
2337,旺宏,11,3,8,台中銀-員林,2024-09-26,6114
2405,輔信,8,0,8,台中銀-員林,2024-09-26,6114
1522,堤維西,100,0,100,台中銀-員林,2024-09-27,6114
00687B,國泰20年美債,96,0,96,台中銀-員林,2024-09-27,6114
00937B,群益ESG投等債20,113,18,95,台中銀-員林,2024-09-27,6114
00688L,國泰20年美債正2,62,0,62,台中銀-員林,2024-09-27,6114
00715L,期街口布蘭特正2,53,2,51,台中銀-員林,2024-09-27,6114
00929,復華台灣科技優息,58,8,50,台中銀-員林,2024-09-27,6114
00922,國泰台灣領袖50,50,0,50,台中銀-員林,2024-09-27,6114
1310,台苯,39,0,39,台中銀-員林,2024-09-27,6114
00960,野村全球航運龍頭,36,1,35,台中銀-員林,2024-09-27,6114
5315,光聯,35,0,35,台中銀-員林,2024-09-27,6114
6530,創威,43,8,35,台中銀-員林,2024-09-27,6114
00632R,元大台灣50反1,60,30,30,台中銀-員林,2024-09-27,6114
00679B,元大美債20年,45,16,29,台中銀-員林,2024-09-27,6114
1905,華紙,30,5,25,台中銀-員林,2024-09-27,6114
2891,中信金,23,0,23,台中銀-員林,2024-09-27,6114
2313,華通,21,0,21,台中銀-員林,2024-09-27,6114
00947,台新臺灣IC設計,20,0,20,台中銀-員林,2024-09-27,6114
5469,瀚宇博,20,0,20,台中銀-員林,2024-09-27,6114
2881,富邦金,20,1,19,台中銀-員林,2024-09-27,6114
8383,千附,15,0,15,台中銀-員林,2024-09-27,6114
2371,大同,15,1,14,台中銀-員林,2024-09-27,6114
00919,群益台灣精選高息,23,10,13,台中銀-員林,2024-09-27,6114
00945B,凱基美國非投等債,12,0,12,台中銀-員林,2024-09-27,6114
2402,毅嘉,81,70,11,台中銀-員林,2024-09-27,6114
00958B,永豐ESG銀行債15,11,0,11,台中銀-員林,2024-09-27,6114
00857B,永豐20年美公債,10,0,10,台中銀-員林,2024-09-27,6114
00706L,期元大S＆P日圓正2,10,0,10,台中銀-員林,2024-09-27,6114
00942B,台新美A公司債20+,10,0,10,台中銀-員林,2024-09-27,6114
1336,台翰,10,0,10,台中銀-員林,2024-09-27,6114
6220,岳豐,10,0,10,台中銀-員林,2024-09-27,6114
8403,盛弘,10,0,10,台中銀-員林,2024-09-27,6114
8466,美吉吉-KY,11,1,10,台中銀-員林,2024-09-27,6114
4562,穎漢,13,3,10,台中銀-員林,2024-09-27,6114
3019,亞光,12,2,10,台中銀-員林,2024-09-27,6114
00642U,期元大S＆P石油,9,0,9,台中銀-員林,2024-09-27,6114
2467,志聖,12,3,9,台中銀-員林,2024-09-27,6114
4123,晟德,9,0,9,台中銀-員林,2024-09-27,6114
1609,大亞,9,0,9,台中銀-員林,2024-09-27,6114
00650L,復華香港正2,14,6,8,台中銀-員林,2024-09-27,6114
1725,元禎,8,0,8,台中銀-員林,2024-09-27,6114
2027,大成鋼,10,2,8,台中銀-員林,2024-09-27,6114
3492,長盛,8,0,8,台中銀-員林,2024-09-27,6114
6215,和椿,10,2,8,台中銀-員林,2024-09-27,6114
8937,合騏,8,0,8,台中銀-員林,2024-09-27,6114
3163,波若威,17,9,8,台中銀-員林,2024-09-27,6114
00680L,元大美債20正2,7,0,7,台中銀-員林,2024-09-27,6114
2542,興富發,7,0,7,台中銀-員林,2024-09-27,6114
6243,迅杰,17,10,7,台中銀-員林,2024-09-27,6114
2605,新興,13,6,7,台中銀-員林,2024-09-27,6114
3450,聯鈞,10,4,6,台中銀-員林,2024-09-27,6114
2888,新光金,1328,25,1303,台中銀-員林,2024-09-30,6114
2014,中鴻,349,40,309,台中銀-員林,2024-09-30,6114
2317,鴻海,111,16,95,台中銀-員林,2024-09-30,6114
00679B,元大美債20年,89,6,83,台中銀-員林,2024-09-30,6114
00687B,國泰20年美債,76,0,76,台中銀-員林,2024-09-30,6114
00919,群益台灣精選高息,84,12,72,台中銀-員林,2024-09-30,6114
00929,復華台灣科技優息,68,6,62,台中銀-員林,2024-09-30,6114
2498,宏達電,67,8,59,台中銀-員林,2024-09-30,6114
2330,台積電,53,3,50,台中銀-員林,2024-09-30,6114
00751B,元大AAA至A公司債,50,0,50,台中銀-員林,2024-09-30,6114
2889,國票金,40,0,40,台中銀-員林,2024-09-30,6114
2362,藍天,31,2,29,台中銀-員林,2024-09-30,6114
9935,慶豐富,30,5,25,台中銀-員林,2024-09-30,6114
3228,金麗科,24,0,24,台中銀-員林,2024-09-30,6114
00918,大華優利高填息30,22,0,22,台中銀-員林,2024-09-30,6114
1336,台翰,21,0,21,台中銀-員林,2024-09-30,6114
2913,農林,20,0,20,台中銀-員林,2024-09-30,6114
00940,元大台灣價值高息,19,0,19,台中銀-員林,2024-09-30,6114
00753L,中信中國50正2,30,13,17,台中銀-員林,2024-09-30,6114
6806,森崴能源,26,10,16,台中銀-員林,2024-09-30,6114
3073,天方能源,18,2,16,台中銀-員林,2024-09-30,6114
3037,欣興,15,0,15,台中銀-員林,2024-09-30,6114
2812,台中銀,15,0,15,台中銀-員林,2024-09-30,6114
2313,華通,14,0,14,台中銀-員林,2024-09-30,6114
00960,野村全球航運龍頭,16,3,13,台中銀-員林,2024-09-30,6114
8028,昇陽半導體,26,13,13,台中銀-員林,2024-09-30,6114
00922,國泰台灣領袖50,12,0,12,台中銀-員林,2024-09-30,6114
2009,第一銅,14,3,11,台中銀-員林,2024-09-30,6114
00891,中信關鍵半導體,11,0,11,台中銀-員林,2024-09-30,6114
1904,正隆,11,0,11,台中銀-員林,2024-09-30,6114
2368,金像電,12,1,11,台中銀-員林,2024-09-30,6114
2605,新興,88,77,11,台中銀-員林,2024-09-30,6114
00885,富邦越南,10,0,10,台中銀-員林,2024-09-30,6114
00931B,統一美債20年,10,0,10,台中銀-員林,2024-09-30,6114
2421,建準,10,0,10,台中銀-員林,2024-09-30,6114
6770,力積電,10,0,10,台中銀-員林,2024-09-30,6114
8150,南茂,10,0,10,台中銀-員林,2024-09-30,6114
3189,景碩,11,2,9,台中銀-員林,2024-09-30,6114
1312,國喬,9,0,9,台中銀-員林,2024-09-30,6114
1316,上曜,14,5,9,台中銀-員林,2024-09-30,6114
2641,正德,9,0,9,台中銀-員林,2024-09-30,6114
1326,台化,9,1,8,台中銀-員林,2024-09-30,6114
00932,兆豐永續高息等權,8,0,8,台中銀-員林,2024-09-30,6114
00946,群益科技高息成長,8,0,8,台中銀-員林,2024-09-30,6114
2637,慧洋-KY,45,37,8,台中銀-員林,2024-09-30,6114
8070,長華*,9,1,8,台中銀-員林,2024-09-30,6114
3550,聯穎,17,9,8,台中銀-員林,2024-09-30,6114
00953B,群益優選非投等債,7,0,7,台中銀-員林,2024-09-30,6114
1815,富喬,7,0,7,台中銀-員林,2024-09-30,6114
5608,四維航,20,13,7,台中銀-員林,2024-09-30,6114
2888,新光金,1630,59,1571,台中銀-員林,2024-10-01,6114
3037,欣興,202,0,202,台中銀-員林,2024-10-01,6114
5452,佶優,130,4,126,台中銀-員林,2024-10-01,6114
2317,鴻海,109,10,99,台中銀-員林,2024-10-01,6114
00929,復華台灣科技優息,80,5,75,台中銀-員林,2024-10-01,6114
0056,元大高股息,49,0,49,台中銀-員林,2024-10-01,6114
00706L,期元大S＆P日圓正2,50,3,47,台中銀-員林,2024-10-01,6114
2820,華票,46,0,46,台中銀-員林,2024-10-01,6114
00632R,元大台灣50反1,68,25,43,台中銀-員林,2024-10-01,6114
00922,國泰台灣領袖50,43,0,43,台中銀-員林,2024-10-01,6114
00940,元大台灣價值高息,38,0,38,台中銀-員林,2024-10-01,6114
4571,鈞興-KY,34,2,32,台中銀-員林,2024-10-01,6114
2312,金寶,32,0,32,台中銀-員林,2024-10-01,6114
3013,晟銘電,27,2,25,台中銀-員林,2024-10-01,6114
2889,國票金,21,0,21,台中銀-員林,2024-10-01,6114
2353,宏��,29,12,17,台中銀-員林,2024-10-01,6114
3481,群創,51,35,16,台中銀-員林,2024-10-01,6114
2504,國產,17,2,15,台中銀-員林,2024-10-01,6114
00687B,國泰20年美債,14,0,14,台中銀-員林,2024-10-01,6114
00878,國泰永續高股息,13,0,13,台中銀-員林,2024-10-01,6114
6163,華電網,12,0,12,台中銀-員林,2024-10-01,6114
00713,元大台灣高息低波,11,0,11,台中銀-員林,2024-10-01,6114
00885,富邦越南,10,0,10,台中銀-員林,2024-10-01,6114
00753L,中信中國50正2,16,6,10,台中銀-員林,2024-10-01,6114
00679B,元大美債20年,11,1,10,台中銀-員林,2024-10-01,6114
1536,和大,9,0,9,台中銀-員林,2024-10-01,6114
00680L,元大美債20正2,8,0,8,台中銀-員林,2024-10-01,6114
3019,亞光,10,2,8,台中銀-員林,2024-10-01,6114
006208,富邦台50,7,0,7,台中銀-員林,2024-10-01,6114
2009,第一銅,8,1,7,台中銀-員林,2024-10-01,6114
2243,宏旭-KY,11,4,7,台中銀-員林,2024-10-01,6114
3501,維熹,7,0,7,台中銀-員林,2024-10-01,6114
3673,TPK-KY,14,7,7,台中銀-員林,2024-10-01,6114
4563,百德,8,1,7,台中銀-員林,2024-10-01,6114
8097,常珵,10,3,7,台中銀-員林,2024-10-01,6114
2313,華通,8,2,6,台中銀-員林,2024-10-01,6114
3189,景碩,7,1,6,台中銀-員林,2024-10-01,6114
2363,矽統,32,26,6,台中銀-員林,2024-10-01,6114
3508,位速,6,0,6,台中銀-員林,2024-10-01,6114
3706,神達,6,0,6,台中銀-員林,2024-10-01,6114
4401,東隆興,6,0,6,台中銀-員林,2024-10-01,6114
2542,興富發,6,0,6,台中銀-員林,2024-10-01,6114
2408,南亞科,5,0,5,台中銀-員林,2024-10-01,6114
00923,群益台ESG低碳50,5,0,5,台中銀-員林,2024-10-01,6114
1326,台化,5,0,5,台中銀-員林,2024-10-01,6114
4958,臻鼎-KY,6,1,5,台中銀-員林,2024-10-01,6114
2455,全新,7,2,5,台中銀-員林,2024-10-01,6114
0061,元大寶滬深,15,10,5,台中銀-員林,2024-10-01,6114
1460,宏遠,5,0,5,台中銀-員林,2024-10-01,6114
2231,為升,7,2,5,台中銀-員林,2024-10-01,6114
3062,建漢,109,4,105,台中銀-員林,2024-10-04,6114
00919,群益台灣精選高息,133,50,83,台中銀-員林,2024-10-04,6114
00929,復華台灣科技優息,75,1,74,台中銀-員林,2024-10-04,6114
00878,國泰永續高股息,68,0,68,台中銀-員林,2024-10-04,6114
00688L,國泰20年美債正2,54,0,54,台中銀-員林,2024-10-04,6114
0056,元大高股息,52,0,52,台中銀-員林,2024-10-04,6114
00945B,凱基美國非投等債,50,2,48,台中銀-員林,2024-10-04,6114
8071,能率網通,50,5,45,台中銀-員林,2024-10-04,6114
2615,萬海,56,13,43,台中銀-員林,2024-10-04,6114
2609,陽明,53,13,40,台中銀-員林,2024-10-04,6114
2610,華航,34,2,32,台中銀-員林,2024-10-04,6114
4513,福裕,31,3,28,台中銀-員林,2024-10-04,6114
00940,元大台灣價值高息,26,0,26,台中銀-員林,2024-10-04,6114
00936,台新永續高息中小,20,0,20,台中銀-員林,2024-10-04,6114
00687B,國泰20年美債,26,6,20,台中銀-員林,2024-10-04,6114
4526,東台,20,0,20,台中銀-員林,2024-10-04,6114
1316,上曜,22,3,19,台中銀-員林,2024-10-04,6114
9935,慶豐富,22,3,19,台中銀-員林,2024-10-04,6114
2883,凱基金,30,11,19,台中銀-員林,2024-10-04,6114
2834,臺企銀,18,0,18,台中銀-員林,2024-10-04,6114
00680L,元大美債20正2,18,0,18,台中銀-員林,2024-10-04,6114
00922,國泰台灣領袖50,14,0,14,台中銀-員林,2024-10-04,6114
00960,野村全球航運龍頭,15,2,13,台中銀-員林,2024-10-04,6114
2032,新鋼,13,0,13,台中銀-員林,2024-10-04,6114
2426,鼎元,15,2,13,台中銀-員林,2024-10-04,6114
5351,鈺創,13,0,13,台中銀-員林,2024-10-04,6114
8064,東捷,18,5,13,台中銀-員林,2024-10-04,6114
2439,美律,12,0,12,台中銀-員林,2024-10-04,6114
2603,長榮,16,4,12,台中銀-員林,2024-10-04,6114
00679B,元大美債20年,12,1,11,台中銀-員林,2024-10-04,6114
3189,景碩,14,3,11,台中銀-員林,2024-10-04,6114
00918,大華優利高填息30,11,0,11,台中銀-員林,2024-10-04,6114
6156,松上,15,4,11,台中銀-員林,2024-10-04,6114
6425,易發,29,18,11,台中銀-員林,2024-10-04,6114
2618,長榮航,12,1,11,台中銀-員林,2024-10-04,6114
00706L,期元大S＆P日圓正2,10,0,10,台中銀-員林,2024-10-04,6114
1503,士電,10,0,10,台中銀-員林,2024-10-04,6114
2106,建大,10,0,10,台中銀-員林,2024-10-04,6114
2353,宏��,12,2,10,台中銀-員林,2024-10-04,6114
3708,上緯投控,10,0,10,台中銀-員林,2024-10-04,6114
1785,光洋科,11,2,9,台中銀-員林,2024-10-04,6114
2356,英業達,11,2,9,台中銀-員林,2024-10-04,6114
3715,定穎投控,10,1,9,台中銀-員林,2024-10-04,6114
5347,世界,9,0,9,台中銀-員林,2024-10-04,6114
6438,迅得,10,1,9,台中銀-員林,2024-10-04,6114
4566,時碩工業,10,1,9,台中銀-員林,2024-10-04,6114
00907,永豐優息存股,8,0,8,台中銀-員林,2024-10-04,6114
4772,台特化,8,0,8,台中銀-員林,2024-10-04,6114
5014,建錩,14,6,8,台中銀-員林,2024-10-04,6114
2308,台達電,7,0,7,台中銀-員林,2024-10-04,6114
3481,群創,144,60,84,台中銀-員林,2024-10-07,6114
3437,榮創,50,0,50,台中銀-員林,2024-10-07,6114
00665L,富邦�琤肭磪囓�2,64,22,42,台中銀-員林,2024-10-07,6114
6505,台塑化,41,1,40,台中銀-員林,2024-10-07,6114
2313,華通,45,8,37,台中銀-員林,2024-10-07,6114
00919,群益台灣精選高息,36,1,35,台中銀-員林,2024-10-07,6114
00753L,中信中國50正2,37,3,34,台中銀-員林,2024-10-07,6114
2615,萬海,41,11,30,台中銀-員林,2024-10-07,6114
006208,富邦台50,29,0,29,台中銀-員林,2024-10-07,6114
2882,國泰金,30,1,29,台中銀-員林,2024-10-07,6114
00680L,元大美債20正2,26,0,26,台中銀-員林,2024-10-07,6114
00688L,國泰20年美債正2,44,20,24,台中銀-員林,2024-10-07,6114
00706L,期元大S＆P日圓正2,23,0,23,台中銀-員林,2024-10-07,6114
3339,泰谷,23,0,23,台中銀-員林,2024-10-07,6114
1595,川寶,24,2,22,台中銀-員林,2024-10-07,6114
2356,英業達,22,1,21,台中銀-員林,2024-10-07,6114
00637L,元大滬深300正2,24,3,21,台中銀-員林,2024-10-07,6114
00639,富邦深100,20,0,20,台中銀-員林,2024-10-07,6114
2618,長榮航,31,11,20,台中銀-員林,2024-10-07,6114
3027,盛達,20,0,20,台中銀-員林,2024-10-07,6114
00655L,國泰中國A50正2,19,0,19,台中銀-員林,2024-10-07,6114
2889,國票金,20,1,19,台中銀-員林,2024-10-07,6114
4903,聯光通,33,14,19,台中銀-員林,2024-10-07,6114
4571,鈞興-KY,26,8,18,台中銀-員林,2024-10-07,6114
2439,美律,15,0,15,台中銀-員林,2024-10-07,6114
00632R,元大台灣50反1,14,0,14,台中銀-員林,2024-10-07,6114
8111,立��,30,17,13,台中銀-員林,2024-10-07,6114
00675L,富邦臺灣加權正2,13,0,13,台中銀-員林,2024-10-07,6114
2382,廣達,11,0,11,台中銀-員林,2024-10-07,6114
1727,中華化,16,5,11,台中銀-員林,2024-10-07,6114
00940,元大台灣價值高息,11,0,11,台中銀-員林,2024-10-07,6114
00679B,元大美債20年,22,12,10,台中銀-員林,2024-10-07,6114
00651R,復華香港反1,10,0,10,台中銀-員林,2024-10-07,6114
00946,群益科技高息成長,10,0,10,台中銀-員林,2024-10-07,6114
2913,農林,10,0,10,台中銀-員林,2024-10-07,6114
3706,神達,10,0,10,台中銀-員林,2024-10-07,6114
6830,汎銓,10,0,10,台中銀-員林,2024-10-07,6114
8103,瀚荃,10,0,10,台中銀-員林,2024-10-07,6114
9935,慶豐富,10,0,10,台中銀-員林,2024-10-07,6114
4513,福裕,14,5,9,台中銀-員林,2024-10-07,6114
00720B,元大投資級公司債,8,0,8,台中銀-員林,2024-10-07,6114
00636,國泰中國A50,9,1,8,台中銀-員林,2024-10-07,6114
5608,四維航,9,1,8,台中銀-員林,2024-10-07,6114
00878,國泰永續高股息,9,1,8,台中銀-員林,2024-10-07,6114
00937B,群益ESG投等債20,9,2,7,台中銀-員林,2024-10-07,6114
00887,永豐中國科技50大,20,13,7,台中銀-員林,2024-10-07,6114
0052,富邦科技,7,0,7,台中銀-員林,2024-10-07,6114
00935,野村臺灣新科技50,7,0,7,台中銀-員林,2024-10-07,6114
2009,第一銅,7,0,7,台中銀-員林,2024-10-07,6114
2486,一詮,25,18,7,台中銀-員林,2024-10-07,6114
00929,復華台灣科技優息,141,0,141,台中銀-員林,2024-10-08,6114
0056,元大高股息,99,0,99,台中銀-員林,2024-10-08,6114
2014,中鴻,96,8,88,台中銀-員林,2024-10-08,6114
00679B,元大美債20年,81,4,77,台中銀-員林,2024-10-08,6114
3481,群創,76,12,64,台中銀-員林,2024-10-08,6114
00937B,群益ESG投等債20,59,6,53,台中銀-員林,2024-10-08,6114
2425,承啟,66,14,52,台中銀-員林,2024-10-08,6114
00676R,富邦臺灣加權反1,50,0,50,台中銀-員林,2024-10-08,6114
00673R,期元大S＆P原油反1,42,0,42,台中銀-員林,2024-10-08,6114
2101,南港,39,1,38,台中銀-員林,2024-10-08,6114
3049,精金,42,12,30,台中銀-員林,2024-10-08,6114
6226,光鼎,30,0,30,台中銀-員林,2024-10-08,6114
3450,聯鈞,34,4,30,台中銀-員林,2024-10-08,6114
6134,萬旭,29,6,23,台中銀-員林,2024-10-08,6114
4979,華星光,29,7,22,台中銀-員林,2024-10-08,6114
8374,羅昇,22,0,22,台中銀-員林,2024-10-08,6114
00934,中信成長高股息,21,0,21,台中銀-員林,2024-10-08,6114
3163,波若威,44,25,19,台中銀-員林,2024-10-08,6114
1314,中石化,18,0,18,台中銀-員林,2024-10-08,6114
2399,映泰,182,164,18,台中銀-員林,2024-10-08,6114
00922,國泰台灣領袖50,17,0,17,台中銀-員林,2024-10-08,6114
1721,三晃,18,1,17,台中銀-員林,2024-10-08,6114
2033,佳大,15,0,15,台中銀-員林,2024-10-08,6114
6269,台郡,13,0,13,台中銀-員林,2024-10-08,6114
2009,第一銅,13,0,13,台中銀-員林,2024-10-08,6114
00946,群益科技高息成長,13,1,12,台中銀-員林,2024-10-08,6114
00887,永豐中國科技50大,31,19,12,台中銀-員林,2024-10-08,6114
2355,敬鵬,12,0,12,台中銀-員林,2024-10-08,6114
1444,力麗,12,0,12,台中銀-員林,2024-10-08,6114
00878,國泰永續高股息,14,3,11,台中銀-員林,2024-10-08,6114
5443,均豪,30,19,11,台中銀-員林,2024-10-08,6114
00688L,國泰20年美債正2,11,0,11,台中銀-員林,2024-10-08,6114
2867,三商壽,11,0,11,台中銀-員林,2024-10-08,6114
6405,悅城,11,0,11,台中銀-員林,2024-10-08,6114
6530,創威,21,10,11,台中銀-員林,2024-10-08,6114
6197,佳必琪,10,0,10,台中銀-員林,2024-10-08,6114
006208,富邦台50,10,0,10,台中銀-員林,2024-10-08,6114
00936,台新永續高息中小,10,0,10,台中銀-員林,2024-10-08,6114
00945B,凱基美國非投等債,10,0,10,台中銀-員林,2024-10-08,6114
00947,台新臺灣IC設計,10,0,10,台中銀-員林,2024-10-08,6114
2436,偉詮電,18,8,10,台中銀-員林,2024-10-08,6114
2382,廣達,14,5,9,台中銀-員林,2024-10-08,6114
3374,精材,11,2,9,台中銀-員林,2024-10-08,6114
5880,合庫金,8,0,8,台中銀-員林,2024-10-08,6114
2402,毅嘉,11,3,8,台中銀-員林,2024-10-08,6114
2408,南亞科,10,3,7,台中銀-員林,2024-10-08,6114
5347,世界,7,0,7,台中銀-員林,2024-10-08,6114
00655L,國泰中國A50正2,9,2,7,台中銀-員林,2024-10-08,6114
2204,中華,7,0,7,台中銀-員林,2024-10-08,6114
2634,漢翔,7,0,7,台中銀-員林,2024-10-08,6114
3481,群創,855,17,838,台中銀-員林,2024-10-09,6114
2317,鴻海,212,23,189,台中銀-員林,2024-10-09,6114
2363,矽統,252,110,142,台中銀-員林,2024-10-09,6114
3049,精金,119,7,112,台中銀-員林,2024-10-09,6114
00948B,中信優息投資級債,101,0,101,台中銀-員林,2024-10-09,6114
1314,中石化,72,21,51,台中銀-員林,2024-10-09,6114
00687B,國泰20年美債,49,15,34,台中銀-員林,2024-10-09,6114
00665L,富邦�琤肭磪囓�2,36,2,34,台中銀-員林,2024-10-09,6114
00919,群益台灣精選高息,31,0,31,台中銀-員林,2024-10-09,6114
1301,台塑,29,0,29,台中銀-員林,2024-10-09,6114
9935,慶豐富,27,0,27,台中銀-員林,2024-10-09,6114
1326,台化,25,0,25,台中銀-員林,2024-10-09,6114
3591,艾笛森,26,1,25,台中銀-員林,2024-10-09,6114
6152,百一,22,0,22,台中銀-員林,2024-10-09,6114
00637L,元大滬深300正2,47,26,21,台中銀-員林,2024-10-09,6114
2609,陽明,22,1,21,台中銀-員林,2024-10-09,6114
00688L,國泰20年美債正2,25,6,19,台中銀-員林,2024-10-09,6114
00937B,群益ESG投等債20,17,0,17,台中銀-員林,2024-10-09,6114
2486,一詮,34,17,17,台中銀-員林,2024-10-09,6114
2915,潤泰全,19,3,16,台中銀-員林,2024-10-09,6114
3013,晟銘電,36,21,15,台中銀-員林,2024-10-09,6114
6546,正基,15,0,15,台中銀-員林,2024-10-09,6114
00795B,中信美國公債20年,15,0,15,台中銀-員林,2024-10-09,6114
00679B,元大美債20年,32,18,14,台中銀-員林,2024-10-09,6114
3209,全科,27,13,14,台中銀-員林,2024-10-09,6114
00940,元大台灣價值高息,14,0,14,台中銀-員林,2024-10-09,6114
1708,東鹼,14,0,14,台中銀-員林,2024-10-09,6114
00960,野村全球航運龍頭,17,4,13,台中銀-員林,2024-10-09,6114
1316,上曜,26,13,13,台中銀-員林,2024-10-09,6114
2425,承啟,25,12,13,台中銀-員林,2024-10-09,6114
2231,為升,12,0,12,台中銀-員林,2024-10-09,6114
1718,中纖,11,0,11,台中銀-員林,2024-10-09,6114
2009,第一銅,12,1,11,台中銀-員林,2024-10-09,6114
8374,羅昇,11,0,11,台中銀-員林,2024-10-09,6114
2603,長榮,11,1,10,台中銀-員林,2024-10-09,6114
00725B,國泰投資級公司債,10,0,10,台中銀-員林,2024-10-09,6114
00945B,凱基美國非投等債,10,0,10,台中銀-員林,2024-10-09,6114
2406,國碩,10,0,10,台中銀-員林,2024-10-09,6114
2484,希華,10,0,10,台中銀-員林,2024-10-09,6114
2614,東森,10,0,10,台中銀-員林,2024-10-09,6114
4526,東台,13,3,10,台中銀-員林,2024-10-09,6114
4729,熒茂,12,2,10,台中銀-員林,2024-10-09,6114
9105,泰金寶-DR,10,0,10,台中銀-員林,2024-10-09,6114
2367,燿華,9,0,9,台中銀-員林,2024-10-09,6114
4564,元翎,9,0,9,台中銀-員林,2024-10-09,6114
2634,漢翔,9,0,9,台中銀-員林,2024-10-09,6114
2891,中信金,14,5,9,台中銀-員林,2024-10-09,6114
3048,益登,38,29,9,台中銀-員林,2024-10-09,6114
3374,精材,12,3,9,台中銀-員林,2024-10-09,6114
006205,富邦上証,8,0,8,台中銀-員林,2024-10-09,6114
3481,群創,473,30,443,台中銀-員林,2024-10-11,6114
2408,南亞科,161,5,156,台中銀-員林,2024-10-11,6114
00637L,元大滬深300正2,84,30,54,台中銀-員林,2024-10-11,6114
00687B,國泰20年美債,63,17,46,台中銀-員林,2024-10-11,6114
3437,榮創,44,1,43,台中銀-員林,2024-10-11,6114
00680L,元大美債20正2,43,0,43,台中銀-員林,2024-10-11,6114
00673R,期元大S＆P原油反1,42,0,42,台中銀-員林,2024-10-11,6114
2812,台中銀,42,0,42,台中銀-員林,2024-10-11,6114
00706L,期元大S＆P日圓正2,40,0,40,台中銀-員林,2024-10-11,6114
2883,凱基金,41,2,39,台中銀-員林,2024-10-11,6114
2344,華邦電,32,0,32,台中銀-員林,2024-10-11,6114
2801,彰銀,33,1,32,台中銀-員林,2024-10-11,6114
00679B,元大美債20年,43,11,32,台中銀-員林,2024-10-11,6114
2101,南港,33,4,29,台中銀-員林,2024-10-11,6114
2049,上銀,30,4,26,台中銀-員林,2024-10-11,6114
4927,泰鼎-KY,20,0,20,台中銀-員林,2024-10-11,6114
00642U,期元大S＆P石油,20,1,19,台中銀-員林,2024-10-11,6114
3615,安可,68,51,17,台中銀-員林,2024-10-11,6114
00940,元大台灣價值高息,17,1,16,台中銀-員林,2024-10-11,6114
2354,鴻準,16,0,16,台中銀-員林,2024-10-11,6114
3019,亞光,20,4,16,台中銀-員林,2024-10-11,6114
00919,群益台灣精選高息,19,4,15,台中銀-員林,2024-10-11,6114
1307,三芳,14,1,13,台中銀-員林,2024-10-11,6114
4979,華星光,23,11,12,台中銀-員林,2024-10-11,6114
2449,京元電子,22,10,12,台中銀-員林,2024-10-11,6114
2439,美律,12,0,12,台中銀-員林,2024-10-11,6114
1785,光洋科,27,15,12,台中銀-員林,2024-10-11,6114
6743,安普新,12,0,12,台中銀-員林,2024-10-11,6114
8404,百和興業-KY,14,2,12,台中銀-員林,2024-10-11,6114
2313,華通,17,5,12,台中銀-員林,2024-10-11,6114
2834,臺企銀,10,0,10,台中銀-員林,2024-10-11,6114
2303,聯電,10,0,10,台中銀-員林,2024-10-11,6114
00636,國泰中國A50,10,0,10,台中銀-員林,2024-10-11,6114
0061,元大寶滬深,10,0,10,台中銀-員林,2024-10-11,6114
00787B,元大10年IG醫療債,10,0,10,台中銀-員林,2024-10-11,6114
1528,恩德,10,0,10,台中銀-員林,2024-10-11,6114
2022,聚亨,10,0,10,台中銀-員林,2024-10-11,6114
2613,中櫃,10,0,10,台中銀-員林,2024-10-11,6114
3209,全科,11,2,9,台中銀-員林,2024-10-11,6114
3576,聯合再生,11,2,9,台中銀-員林,2024-10-11,6114
00713,元大台灣高息低波,8,0,8,台中銀-員林,2024-10-11,6114
2356,英業達,11,3,8,台中銀-員林,2024-10-11,6114
1336,台翰,7,0,7,台中銀-員林,2024-10-11,6114
1718,中纖,6,0,6,台中銀-員林,2024-10-11,6114
2388,威盛,9,3,6,台中銀-員林,2024-10-11,6114
00669R,國泰美國道瓊反1,6,0,6,台中銀-員林,2024-10-11,6114
00753L,中信中國50正2,9,3,6,台中銀-員林,2024-10-11,6114
00857B,永豐20年美公債,6,0,6,台中銀-員林,2024-10-11,6114
2009,第一銅,6,0,6,台中銀-員林,2024-10-11,6114
2062,橋椿,6,0,6,台中銀-員林,2024-10-11,6114
00687B,國泰20年美債,90,6,84,台中銀-員林,2024-10-14,6114
3062,建漢,105,25,80,台中銀-員林,2024-10-14,6114
00887,永豐中國科技50大,81,4,77,台中銀-員林,2024-10-14,6114
2887,台新金,76,2,74,台中銀-員林,2024-10-14,6114
00706L,期元大S＆P日圓正2,60,0,60,台中銀-員林,2024-10-14,6114
3437,榮創,50,0,50,台中銀-員林,2024-10-14,6114
00919,群益台灣精選高息,49,6,43,台中銀-員林,2024-10-14,6114
00679B,元大美債20年,52,14,38,台中銀-員林,2024-10-14,6114
8111,立��,40,7,33,台中銀-員林,2024-10-14,6114
2439,美律,30,0,30,台中銀-員林,2024-10-14,6114
1316,上曜,31,1,30,台中銀-員林,2024-10-14,6114
1595,川寶,36,8,28,台中銀-員林,2024-10-14,6114
2312,金寶,42,14,28,台中銀-員林,2024-10-14,6114
3013,晟銘電,41,13,28,台中銀-員林,2024-10-14,6114
1326,台化,26,0,26,台中銀-員林,2024-10-14,6114
00637L,元大滬深300正2,23,0,23,台中銀-員林,2024-10-14,6114
1314,中石化,22,0,22,台中銀-員林,2024-10-14,6114
2886,兆豐金,20,0,20,台中銀-員林,2024-10-14,6114
3066,李洲,20,0,20,台中銀-員林,2024-10-14,6114
00937B,群益ESG投等債20,25,5,20,台中銀-員林,2024-10-14,6114
00680L,元大美債20正2,18,0,18,台中銀-員林,2024-10-14,6114
2467,志聖,12,1,11,台中銀-員林,2024-10-14,6114
00940,元大台灣價值高息,11,0,11,台中銀-員林,2024-10-14,6114
9105,泰金寶-DR,40,29,11,台中銀-員林,2024-10-14,6114
2399,映泰,39,29,10,台中銀-員林,2024-10-14,6114
00753L,中信中國50正2,13,3,10,台中銀-員林,2024-10-14,6114
2421,建準,14,4,10,台中銀-員林,2024-10-14,6114
2610,華航,10,0,10,台中銀-員林,2024-10-14,6114
2543,皇昌,26,17,9,台中銀-員林,2024-10-14,6114
6116,彩晶,10,1,9,台中銀-員林,2024-10-14,6114
8027,鈦昇,9,0,9,台中銀-員林,2024-10-14,6114
00942B,台新美A公司債20+,8,0,8,台中銀-員林,2024-10-14,6114
6451,訊芯-KY,7,0,7,台中銀-員林,2024-10-14,6114
00690,兆豐藍籌30,7,0,7,台中銀-員林,2024-10-14,6114
00688L,國泰20年美債正2,7,0,7,台中銀-員林,2024-10-14,6114
00712,復華富時不動產,7,0,7,台中銀-員林,2024-10-14,6114
2344,華邦電,7,0,7,台中銀-員林,2024-10-14,6114
6706,惠特,7,0,7,台中銀-員林,2024-10-14,6114
4909,新復興,14,7,7,台中銀-員林,2024-10-14,6114
0056,元大高股息,14,8,6,台中銀-員林,2024-10-14,6114
3025,星通,8,2,6,台中銀-員林,2024-10-14,6114
00665L,富邦�琤肭磪囓�2,21,15,6,台中銀-員林,2024-10-14,6114
00725B,國泰投資級公司債,6,0,6,台中銀-員林,2024-10-14,6114
2303,聯電,10,4,6,台中銀-員林,2024-10-14,6114
2337,旺宏,6,0,6,台中銀-員林,2024-10-14,6114
2497,怡利電,10,4,6,台中銀-員林,2024-10-14,6114
2812,台中銀,6,0,6,台中銀-員林,2024-10-14,6114
2888,新光金,6,0,6,台中銀-員林,2024-10-14,6114
6156,松上,44,38,6,台中銀-員林,2024-10-14,6114
6770,力積電,6,0,6,台中銀-員林,2024-10-14,6114
1101,台泥,188,0,188,台中銀-員林,2024-10-15,6114
00680L,元大美債20正2,123,0,123,台中銀-員林,2024-10-15,6114
00687B,國泰20年美債,98,3,95,台中銀-員林,2024-10-15,6114
4927,泰鼎-KY,90,0,90,台中銀-員林,2024-10-15,6114
00688L,國泰20年美債正2,63,0,63,台中銀-員林,2024-10-15,6114
00715L,期街口布蘭特正2,62,0,62,台中銀-員林,2024-10-15,6114
00632R,元大台灣50反1,70,9,61,台中銀-員林,2024-10-15,6114
00961,FT臺灣永續高息,53,0,53,台中銀-員林,2024-10-15,6114
00679B,元大美債20年,45,1,44,台中銀-員林,2024-10-15,6114
00878,國泰永續高股息,78,38,40,台中銀-員林,2024-10-15,6114
00960,野村全球航運龍頭,50,10,40,台中銀-員林,2024-10-15,6114
4956,光鋐,59,23,36,台中銀-員林,2024-10-15,6114
00665L,富邦�琤肭磪囓�2,37,5,32,台中銀-員林,2024-10-15,6114
4971,IET-KY,45,13,32,台中銀-員林,2024-10-15,6114
8105,凌巨,30,0,30,台中銀-員林,2024-10-15,6114
9105,泰金寶-DR,56,26,30,台中銀-員林,2024-10-15,6114
1595,川寶,22,0,22,台中銀-員林,2024-10-15,6114
4908,前鼎,29,9,20,台中銀-員林,2024-10-15,6114
00706L,期元大S＆P日圓正2,20,0,20,台中銀-員林,2024-10-15,6114
2101,南港,20,0,20,台中銀-員林,2024-10-15,6114
4977,眾達-KY,22,6,16,台中銀-員林,2024-10-15,6114
3710,連展投控,19,3,16,台中銀-員林,2024-10-15,6114
00795B,中信美國公債20年,16,1,15,台中銀-員林,2024-10-15,6114
4729,熒茂,28,13,15,台中銀-員林,2024-10-15,6114
4979,華星光,28,13,15,台中銀-員林,2024-10-15,6114
00922,國泰台灣領袖50,14,0,14,台中銀-員林,2024-10-15,6114
5371,中光電,13,0,13,台中銀-員林,2024-10-15,6114
5443,均豪,27,14,13,台中銀-員林,2024-10-15,6114
00919,群益台灣精選高息,12,0,12,台中銀-員林,2024-10-15,6114
00915,凱基優選高股息30,11,0,11,台中銀-員林,2024-10-15,6114
1616,億泰,10,0,10,台中銀-員林,2024-10-15,6114
1718,中纖,10,0,10,台中銀-員林,2024-10-15,6114
2034,允強,10,0,10,台中銀-員林,2024-10-15,6114
2439,美律,10,0,10,台中銀-員林,2024-10-15,6114
3042,晶技,10,0,10,台中銀-員林,2024-10-15,6114
3066,李洲,10,0,10,台中銀-員林,2024-10-15,6114
00725B,國泰投資級公司債,9,0,9,台中銀-員林,2024-10-15,6114
2312,金寶,20,11,9,台中銀-員林,2024-10-15,6114
3149,正達,29,20,9,台中銀-員林,2024-10-15,6114
2105,正新,8,0,8,台中銀-員林,2024-10-15,6114
00945B,凱基美國非投等債,10,2,8,台中銀-員林,2024-10-15,6114
6789,采鈺,9,2,7,台中銀-員林,2024-10-15,6114
00753L,中信中國50正2,9,2,7,台中銀-員林,2024-10-15,6114
00882,中信中國高股息,11,4,7,台中銀-員林,2024-10-15,6114
0052,富邦科技,7,0,7,台中銀-員林,2024-10-15,6114
2009,第一銅,7,0,7,台中銀-員林,2024-10-15,6114
2426,鼎元,14,7,7,台中銀-員林,2024-10-15,6114
2753,八方雲集,7,0,7,台中銀-員林,2024-10-15,6114
6126,信音,12,5,7,台中銀-員林,2024-10-15,6114
8011,台通,9,2,7,台中銀-員林,2024-10-15,6114
2888,新光金,2575,1,2574,台中銀-員林,2024-10-16,6114
1101,台泥,203,0,203,台中銀-員林,2024-10-16,6114
00688L,國泰20年美債正2,108,0,108,台中銀-員林,2024-10-16,6114
2363,矽統,105,13,92,台中銀-員林,2024-10-16,6114
1314,中石化,177,88,89,台中銀-員林,2024-10-16,6114
2002,中鋼,58,2,56,台中銀-員林,2024-10-16,6114
2915,潤泰全,47,0,47,台中銀-員林,2024-10-16,6114
0056,元大高股息,45,0,45,台中銀-員林,2024-10-16,6114
00687B,國泰20年美債,72,33,39,台中銀-員林,2024-10-16,6114
2365,昆盈,48,12,36,台中銀-員林,2024-10-16,6114
3481,群創,87,53,34,台中銀-員林,2024-10-16,6114
3062,建漢,467,434,33,台中銀-員林,2024-10-16,6114
00887,永豐中國科技50大,35,3,32,台中銀-員林,2024-10-16,6114
2323,中環,30,0,30,台中銀-員林,2024-10-16,6114
00715L,期街口布蘭特正2,27,0,27,台中銀-員林,2024-10-16,6114
00690,兆豐藍籌30,23,0,23,台中銀-員林,2024-10-16,6114
00922,國泰台灣領袖50,23,1,22,台中銀-員林,2024-10-16,6114
2439,美律,20,0,20,台中銀-員林,2024-10-16,6114
6215,和椿,28,10,18,台中銀-員林,2024-10-16,6114
4729,熒茂,27,9,18,台中銀-員林,2024-10-16,6114
3189,景碩,18,1,17,台中銀-員林,2024-10-16,6114
00637L,元大滬深300正2,37,21,16,台中銀-員林,2024-10-16,6114
8086,宏捷科,15,0,15,台中銀-員林,2024-10-16,6114
4526,東台,23,10,13,台中銀-員林,2024-10-16,6114
2313,華通,13,0,13,台中銀-員林,2024-10-16,6114
00878,國泰永續高股息,13,1,12,台中銀-員林,2024-10-16,6114
2105,正新,12,0,12,台中銀-員林,2024-10-16,6114
6770,力積電,12,0,12,台中銀-員林,2024-10-16,6114
2344,華邦電,11,0,11,台中銀-員林,2024-10-16,6114
8071,能率網通,11,0,11,台中銀-員林,2024-10-16,6114
9910,豐泰,11,0,11,台中銀-員林,2024-10-16,6114
006208,富邦台50,11,0,11,台中銀-員林,2024-10-16,6114
00680L,元大美債20正2,10,0,10,台中銀-員林,2024-10-16,6114
00633L,富邦上証正2,10,0,10,台中銀-員林,2024-10-16,6114
1584,精剛,10,0,10,台中銀-員林,2024-10-16,6114
2022,聚亨,10,0,10,台中銀-員林,2024-10-16,6114
2338,光罩,10,0,10,台中銀-員林,2024-10-16,6114
2368,金像電,11,1,10,台中銀-員林,2024-10-16,6114
6202,盛群,10,0,10,台中銀-員林,2024-10-16,6114
4977,眾達-KY,17,8,9,台中銀-員林,2024-10-16,6114
2883,凱基金,11,2,9,台中銀-員林,2024-10-16,6114
6525,捷敏-KY,9,0,9,台中銀-員林,2024-10-16,6114
00665L,富邦�琤肭磪囓�2,8,0,8,台中銀-員林,2024-10-16,6114
4958,臻鼎-KY,8,0,8,台中銀-員林,2024-10-16,6114
6789,采鈺,9,1,8,台中銀-員林,2024-10-16,6114
9914,美利達,8,0,8,台中銀-員林,2024-10-16,6114
00895,富邦未來車,7,0,7,台中銀-員林,2024-10-16,6114
2354,鴻準,11,4,7,台中銀-員林,2024-10-16,6114
2484,希華,7,0,7,台中銀-員林,2024-10-16,6114
3030,德律,7,0,7,台中銀-員林,2024-10-16,6114
2317,鴻海,460,112,348,台中銀-員林,2024-10-17,6114
4979,華星光,63,7,56,台中銀-員林,2024-10-17,6114
1227,佳格,51,0,51,台中銀-員林,2024-10-17,6114
2312,金寶,156,114,42,台中銀-員林,2024-10-17,6114
9105,泰金寶-DR,50,9,41,台中銀-員林,2024-10-17,6114
00887,永豐中國科技50大,54,15,39,台中銀-員林,2024-10-17,6114
00637L,元大滬深300正2,37,0,37,台中銀-員林,2024-10-17,6114
00715L,期街口布蘭特正2,35,0,35,台中銀-員林,2024-10-17,6114
006208,富邦台50,32,0,32,台中銀-員林,2024-10-17,6114
2349,錸德,35,3,32,台中銀-員林,2024-10-17,6114
0056,元大高股息,30,3,27,台中銀-員林,2024-10-17,6114
2439,美律,26,0,26,台中銀-員林,2024-10-17,6114
00665L,富邦�琤肭磪囓�2,25,0,25,台中銀-員林,2024-10-17,6114
1528,恩德,105,82,23,台中銀-員林,2024-10-17,6114
00706L,期元大S＆P日圓正2,20,0,20,台中銀-員林,2024-10-17,6114
1444,力麗,20,0,20,台中銀-員林,2024-10-17,6114
6530,創威,26,7,19,台中銀-員林,2024-10-17,6114
00679B,元大美債20年,20,1,19,台中銀-員林,2024-10-17,6114
3710,連展投控,16,0,16,台中銀-員林,2024-10-17,6114
3379,彬台,17,2,15,台中銀-員林,2024-10-17,6114
00922,國泰台灣領袖50,16,2,14,台中銀-員林,2024-10-17,6114
00642U,期元大S＆P石油,13,0,13,台中銀-員林,2024-10-17,6114
6830,汎銓,13,0,13,台中銀-員林,2024-10-17,6114
1727,中華化,13,0,13,台中銀-員林,2024-10-17,6114
1785,光洋科,19,7,12,台中銀-員林,2024-10-17,6114
2543,皇昌,34,22,12,台中銀-員林,2024-10-17,6114
3014,聯陽,12,0,12,台中銀-員林,2024-10-17,6114
4526,東台,28,16,12,台中銀-員林,2024-10-17,6114
2330,台積電,13,2,11,台中銀-員林,2024-10-17,6114
3483,力致,11,0,11,台中銀-員林,2024-10-17,6114
8374,羅昇,25,14,11,台中銀-員林,2024-10-17,6114
2486,一詮,11,0,11,台中銀-員林,2024-10-17,6114
9904,寶成,16,5,11,台中銀-員林,2024-10-17,6114
2601,益航,12,2,10,台中銀-員林,2024-10-17,6114
2889,國票金,10,0,10,台中銀-員林,2024-10-17,6114
2408,南亞科,10,1,9,台中銀-員林,2024-10-17,6114
3025,星通,9,0,9,台中銀-員林,2024-10-17,6114
4908,前鼎,10,2,8,台中銀-員林,2024-10-17,6114
00905,FT臺灣Smart,7,0,7,台中銀-員林,2024-10-17,6114
2633,台灣高鐵,7,0,7,台中銀-員林,2024-10-17,6114
2303,聯電,7,0,7,台中銀-員林,2024-10-17,6114
00941,中信上游半導體,6,0,6,台中銀-員林,2024-10-17,6114
00882,中信中國高股息,6,0,6,台中銀-員林,2024-10-17,6114
3066,李洲,7,2,5,台中銀-員林,2024-10-17,6114
6706,惠特,7,2,5,台中銀-員林,2024-10-17,6114
1710,東聯,5,0,5,台中銀-員林,2024-10-17,6114
2014,中鴻,5,0,5,台中銀-員林,2024-10-17,6114
2029,盛餘,5,0,5,台中銀-員林,2024-10-17,6114
2360,致茂,5,0,5,台中銀-員林,2024-10-17,6114
2379,瑞昱,5,0,5,台中銀-員林,2024-10-17,6114
6425,易發,120,12,108,台中銀-員林,2024-10-18,6114
3047,訊舟,90,5,85,台中銀-員林,2024-10-18,6114
00680L,元大美債20正2,71,0,71,台中銀-員林,2024-10-18,6114
00632R,元大台灣50反1,66,0,66,台中銀-員林,2024-10-18,6114
00937B,群益ESG投等債20,62,0,62,台中銀-員林,2024-10-18,6114
00752,中信中國50,60,0,60,台中銀-員林,2024-10-18,6114
00679B,元大美債20年,49,0,49,台中銀-員林,2024-10-18,6114
00687B,國泰20年美債,46,4,42,台中銀-員林,2024-10-18,6114
00706L,期元大S＆P日圓正2,40,0,40,台中銀-員林,2024-10-18,6114
9105,泰金寶-DR,50,10,40,台中銀-員林,2024-10-18,6114
2426,鼎元,70,31,39,台中銀-員林,2024-10-18,6114
5347,世界,33,0,33,台中銀-員林,2024-10-18,6114
4109,加捷生醫,30,0,30,台中銀-員林,2024-10-18,6114
2303,聯電,30,0,30,台中銀-員林,2024-10-18,6114
2867,三商壽,26,0,26,台中銀-員林,2024-10-18,6114
4576,大銀微系統,31,6,25,台中銀-員林,2024-10-18,6114
4562,穎漢,56,35,21,台中銀-員林,2024-10-18,6114
3551,世禾,20,0,20,台中銀-員林,2024-10-18,6114
6405,悅城,20,0,20,台中銀-員林,2024-10-18,6114
2363,矽統,35,19,16,台中銀-員林,2024-10-18,6114
2449,京元電子,19,4,15,台中銀-員林,2024-10-18,6114
6488,環球晶,15,0,15,台中銀-員林,2024-10-18,6114
3030,德律,15,0,15,台中銀-員林,2024-10-18,6114
2344,華邦電,14,0,14,台中銀-員林,2024-10-18,6114
2429,銘旺科,14,0,14,台中銀-員林,2024-10-18,6114
1524,耿鼎,12,0,12,台中銀-員林,2024-10-18,6114
3498,陽程,12,0,12,台中銀-員林,2024-10-18,6114
6830,汎銓,17,5,12,台中銀-員林,2024-10-18,6114
00795B,中信美國公債20年,12,0,12,台中銀-員林,2024-10-18,6114
00927,群益半導體收益,12,1,11,台中銀-員林,2024-10-18,6114
2340,台亞,11,0,11,台中銀-員林,2024-10-18,6114
4967,十銓,11,0,11,台中銀-員林,2024-10-18,6114
6257,矽格,11,0,11,台中銀-員林,2024-10-18,6114
2402,毅嘉,60,50,10,台中銀-員林,2024-10-18,6114
00740B,富邦全球投等債,10,0,10,台中銀-員林,2024-10-18,6114
00942B,台新美A公司債20+,10,0,10,台中銀-員林,2024-10-18,6114
5871,中租-KY,10,0,10,台中銀-員林,2024-10-18,6114
3591,艾笛森,9,0,9,台中銀-員林,2024-10-18,6114
6451,訊芯-KY,19,10,9,台中銀-員林,2024-10-18,6114
00712,復華富時不動產,9,0,9,台中銀-員林,2024-10-18,6114
2356,英業達,24,15,9,台中銀-員林,2024-10-18,6114
3615,安可,56,47,9,台中銀-員林,2024-10-18,6114
8064,東捷,28,20,8,台中銀-員林,2024-10-18,6114
1711,永光,9,1,8,台中銀-員林,2024-10-18,6114
3037,欣興,8,1,7,台中銀-員林,2024-10-18,6114
1597,直得,9,2,7,台中銀-員林,2024-10-18,6114
8111,立��,8,1,7,台中銀-員林,2024-10-18,6114
2317,鴻海,31,24,7,台中銀-員林,2024-10-18,6114
2489,瑞軒,8,1,7,台中銀-員林,2024-10-18,6114
00922,國泰台灣領袖50,9,3,6,台中銀-員林,2024-10-18,6114
3481,群創,602,10,592,台中銀-員林,2024-10-21,6114
1536,和大,162,3,159,台中銀-員林,2024-10-21,6114
2303,聯電,122,2,120,台中銀-員林,2024-10-21,6114
1101,台泥,102,1,101,台中銀-員林,2024-10-21,6114
00715L,期街口布蘭特正2,71,0,71,台中銀-員林,2024-10-21,6114
00907,永豐優息存股,61,1,60,台中銀-員林,2024-10-21,6114
00937B,群益ESG投等債20,57,1,56,台中銀-員林,2024-10-21,6114
2883,凱基金,43,10,33,台中銀-員林,2024-10-21,6114
4931,新盛力,31,0,31,台中銀-員林,2024-10-21,6114
00945B,凱基美國非投等債,21,0,21,台中銀-員林,2024-10-21,6114
2891,中信金,25,6,19,台中銀-員林,2024-10-21,6114
9105,泰金寶-DR,20,1,19,台中銀-員林,2024-10-21,6114
00664R,國泰臺灣加權反1,18,0,18,台中銀-員林,2024-10-21,6114
00753L,中信中國50正2,22,5,17,台中銀-員林,2024-10-21,6114
00919,群益台灣精選高息,17,0,17,台中銀-員林,2024-10-21,6114
00905,FT臺灣Smart,19,3,16,台中銀-員林,2024-10-21,6114
2421,建準,18,2,16,台中銀-員林,2024-10-21,6114
00712,復華富時不動產,11,0,11,台中銀-員林,2024-10-21,6114
3702,大聯大,10,0,10,台中銀-員林,2024-10-21,6114
3675,德微,10,0,10,台中銀-員林,2024-10-21,6114
00688L,國泰20年美債正2,10,0,10,台中銀-員林,2024-10-21,6114
2312,金寶,27,17,10,台中銀-員林,2024-10-21,6114
3360,尚立,10,0,10,台中銀-員林,2024-10-21,6114
8028,昇陽半導體,11,1,10,台中銀-員林,2024-10-21,6114
1711,永光,24,14,10,台中銀-員林,2024-10-21,6114
3013,晟銘電,69,60,9,台中銀-員林,2024-10-21,6114
1303,南亞,9,0,9,台中銀-員林,2024-10-21,6114
2498,宏達電,9,0,9,台中銀-員林,2024-10-21,6114
3715,定穎投控,9,0,9,台中銀-員林,2024-10-21,6114
6505,台塑化,10,1,9,台中銀-員林,2024-10-21,6114
00725B,國泰投資級公司債,8,0,8,台中銀-員林,2024-10-21,6114
2882,國泰金,9,1,8,台中銀-員林,2024-10-21,6114
1301,台塑,8,0,8,台中銀-員林,2024-10-21,6114
1326,台化,8,0,8,台中銀-員林,2024-10-21,6114
6126,信音,13,5,8,台中銀-員林,2024-10-21,6114
00720B,元大投資級公司債,7,0,7,台中銀-員林,2024-10-21,6114
00655L,國泰中國A50正2,10,3,7,台中銀-員林,2024-10-21,6114
2603,長榮,11,4,7,台中銀-員林,2024-10-21,6114
2834,臺企銀,6,0,6,台中銀-員林,2024-10-21,6114
3048,益登,6,0,6,台中銀-員林,2024-10-21,6114
8070,長華*,6,0,6,台中銀-員林,2024-10-21,6114
00680L,元大美債20正2,6,0,6,台中銀-員林,2024-10-21,6114
0056,元大高股息,7,1,6,台中銀-員林,2024-10-21,6114
2881,富邦金,6,0,6,台中銀-員林,2024-10-21,6114
00740B,富邦全球投等債,5,0,5,台中銀-員林,2024-10-21,6114
00888,永豐台灣ESG,5,0,5,台中銀-員林,2024-10-21,6114
00706L,期元大S＆P日圓正2,5,0,5,台中銀-員林,2024-10-21,6114
00932,兆豐永續高息等權,5,0,5,台中銀-員林,2024-10-21,6114
00942B,台新美A公司債20+,5,0,5,台中銀-員林,2024-10-21,6114
3033,威健,5,0,5,台中銀-員林,2024-10-21,6114
3481,群創,417,27,390,台中銀-員林,2024-10-22,6114
00795B,中信美國公債20年,193,15,178,台中銀-員林,2024-10-22,6114
00679B,元大美債20年,156,0,156,台中銀-員林,2024-10-22,6114
00937B,群益ESG投等債20,150,4,146,台中銀-員林,2024-10-22,6114
00687B,國泰20年美債,109,0,109,台中銀-員林,2024-10-22,6114
00706L,期元大S＆P日圓正2,103,0,103,台中銀-員林,2024-10-22,6114
1101,台泥,101,1,100,台中銀-員林,2024-10-22,6114
00664R,國泰臺灣加權反1,82,0,82,台中銀-員林,2024-10-22,6114
3450,聯鈞,77,9,68,台中銀-員林,2024-10-22,6114
00688L,國泰20年美債正2,44,0,44,台中銀-員林,2024-10-22,6114
00933B,國泰10Y+金融債,39,0,39,台中銀-員林,2024-10-22,6114
5211,蒙恬,39,0,39,台中銀-員林,2024-10-22,6114
2330,台積電,37,1,36,台中銀-員林,2024-10-22,6114
00929,復華台灣科技優息,66,32,34,台中銀-員林,2024-10-22,6114
00948B,中信優息投資級債,33,0,33,台中銀-員林,2024-10-22,6114
2303,聯電,32,0,32,台中銀-員林,2024-10-22,6114
2363,矽統,41,12,29,台中銀-員林,2024-10-22,6114
00753L,中信中國50正2,33,5,28,台中銀-員林,2024-10-22,6114
3374,精材,25,0,25,台中銀-員林,2024-10-22,6114
00907,永豐優息存股,22,0,22,台中銀-員林,2024-10-22,6114
0061,元大寶滬深,20,0,20,台中銀-員林,2024-10-22,6114
6151,晉倫,25,5,20,台中銀-員林,2024-10-22,6114
00878,國泰永續高股息,20,1,19,台中銀-員林,2024-10-22,6114
00919,群益台灣精選高息,18,0,18,台中銀-員林,2024-10-22,6114
00942B,台新美A公司債20+,17,0,17,台中銀-員林,2024-10-22,6114
00887,永豐中國科技50大,16,0,16,台中銀-員林,2024-10-22,6114
1314,中石化,17,1,16,台中銀-員林,2024-10-22,6114
8933,愛地雅,15,0,15,台中銀-員林,2024-10-22,6114
3535,晶彩科,38,23,15,台中銀-員林,2024-10-22,6114
3581,博磊,27,13,14,台中銀-員林,2024-10-22,6114
5315,光聯,15,1,14,台中銀-員林,2024-10-22,6114
2399,映泰,29,15,14,台中銀-員林,2024-10-22,6114
2543,皇昌,14,1,13,台中銀-員林,2024-10-22,6114
00680L,元大美債20正2,13,0,13,台中銀-員林,2024-10-22,6114
2891,中信金,13,0,13,台中銀-員林,2024-10-22,6114
5347,世界,14,1,13,台中銀-員林,2024-10-22,6114
8027,鈦昇,19,6,13,台中銀-員林,2024-10-22,6114
4979,華星光,22,9,13,台中銀-員林,2024-10-22,6114
6742,澤米,13,1,12,台中銀-員林,2024-10-22,6114
6199,天品,12,1,11,台中銀-員林,2024-10-22,6114
00712,復華富時不動產,10,0,10,台中銀-員林,2024-10-22,6114
00945B,凱基美國非投等債,10,0,10,台中銀-員林,2024-10-22,6114
3588,通嘉,11,1,10,台中銀-員林,2024-10-22,6114
4931,新盛力,10,0,10,台中銀-員林,2024-10-22,6114
5438,東友,12,2,10,台中銀-員林,2024-10-22,6114
6532,瑞耘,13,3,10,台中銀-員林,2024-10-22,6114
8432,東生華,10,0,10,台中銀-員林,2024-10-22,6114
9802,鈺齊-KY,10,0,10,台中銀-員林,2024-10-22,6114
8404,百和興業-KY,10,1,9,台中銀-員林,2024-10-22,6114
006208,富邦台50,9,0,9,台中銀-員林,2024-10-22,6114
2464,盟立,113,4,109,台中銀-員林,2024-10-23,6114
00679B,元大美債20年,86,0,86,台中銀-員林,2024-10-23,6114
00706L,期元大S＆P日圓正2,86,0,86,台中銀-員林,2024-10-23,6114
00937B,群益ESG投等債20,86,0,86,台中銀-員林,2024-10-23,6114
00929,復華台灣科技優息,78,0,78,台中銀-員林,2024-10-23,6114
00687B,國泰20年美債,56,2,54,台中銀-員林,2024-10-23,6114
00948B,中信優息投資級債,45,1,44,台中銀-員林,2024-10-23,6114
2495,普安,38,1,37,台中銀-員林,2024-10-23,6114
00907,永豐優息存股,42,6,36,台中銀-員林,2024-10-23,6114
00938,凱基優選30,35,0,35,台中銀-員林,2024-10-23,6114
3013,晟銘電,45,14,31,台中銀-員林,2024-10-23,6114
5880,合庫金,30,0,30,台中銀-員林,2024-10-23,6114
2603,長榮,30,0,30,台中銀-員林,2024-10-23,6114
3167,大量,33,7,26,台中銀-員林,2024-10-23,6114
1711,永光,53,28,25,台中銀-員林,2024-10-23,6114
8249,菱光,25,2,23,台中銀-員林,2024-10-23,6114
00945B,凱基美國非投等債,25,2,23,台中銀-員林,2024-10-23,6114
00933B,國泰10Y+金融債,21,0,21,台中銀-員林,2024-10-23,6114
00961,FT臺灣永續高息,21,0,21,台中銀-員林,2024-10-23,6114
2303,聯電,20,0,20,台中銀-員林,2024-10-23,6114
5905,南仁湖,31,13,18,台中銀-員林,2024-10-23,6114
2312,金寶,17,0,17,台中銀-員林,2024-10-23,6114
00940,元大台灣價值高息,17,1,16,台中銀-員林,2024-10-23,6114
3031,佰鴻,21,5,16,台中銀-員林,2024-10-23,6114
6763,綠界科技*,18,2,16,台中銀-員林,2024-10-23,6114
00712,復華富時不動產,15,0,15,台中銀-員林,2024-10-23,6114
2105,正新,15,0,15,台中銀-員林,2024-10-23,6114
00946,群益科技高息成長,15,0,15,台中銀-員林,2024-10-23,6114
2431,聯昌,25,10,15,台中銀-員林,2024-10-23,6114
006208,富邦台50,15,0,15,台中銀-員林,2024-10-23,6114
0056,元大高股息,15,0,15,台中銀-員林,2024-10-23,6114
00688L,國泰20年美債正2,14,0,14,台中銀-員林,2024-10-23,6114
2542,興富發,14,0,14,台中銀-員林,2024-10-23,6114
2845,遠東銀,14,0,14,台中銀-員林,2024-10-23,6114
1326,台化,13,0,13,台中銀-員林,2024-10-23,6114
00878,國泰永續高股息,12,0,12,台中銀-員林,2024-10-23,6114
3715,定穎投控,13,1,12,台中銀-員林,2024-10-23,6114
00905,FT臺灣Smart,11,0,11,台中銀-員林,2024-10-23,6114
1409,新纖,11,0,11,台中銀-員林,2024-10-23,6114
4938,和碩,11,0,11,台中銀-員林,2024-10-23,6114
6202,盛群,11,1,10,台中銀-員林,2024-10-23,6114
1301,台塑,13,3,10,台中銀-員林,2024-10-23,6114
00891,中信關鍵半導體,10,0,10,台中銀-員林,2024-10-23,6114
2009,第一銅,10,0,10,台中銀-員林,2024-10-23,6114
3188,鑫龍騰,10,0,10,台中銀-員林,2024-10-23,6114
6120,達運,10,0,10,台中銀-員林,2024-10-23,6114
6241,易通展,11,1,10,台中銀-員林,2024-10-23,6114
6753,龍德造船,10,0,10,台中銀-員林,2024-10-23,6114
6770,力積電,10,0,10,台中銀-員林,2024-10-23,6114
8105,凌巨,12,2,10,台中銀-員林,2024-10-23,6114
2812,台中銀,504,4,500,台中銀-員林,2024-10-24,6114
2317,鴻海,414,48,366,台中銀-員林,2024-10-24,6114
3481,群創,223,7,216,台中銀-員林,2024-10-24,6114
1101,台泥,103,0,103,台中銀-員林,2024-10-24,6114
00937B,群益ESG投等債20,52,0,52,台中銀-員林,2024-10-24,6114
0056,元大高股息,46,2,44,台中銀-員林,2024-10-24,6114
1528,恩德,77,39,38,台中銀-員林,2024-10-24,6114
00929,復華台灣科技優息,43,11,32,台中銀-員林,2024-10-24,6114
2303,聯電,34,2,32,台中銀-員林,2024-10-24,6114
2426,鼎元,30,0,30,台中銀-員林,2024-10-24,6114
00706L,期元大S＆P日圓正2,26,0,26,台中銀-員林,2024-10-24,6114
2388,威盛,25,4,21,台中銀-員林,2024-10-24,6114
00637L,元大滬深300正2,21,0,21,台中銀-員林,2024-10-24,6114
3707,漢磊,21,0,21,台中銀-員林,2024-10-24,6114
00945B,凱基美國非投等債,20,0,20,台中銀-員林,2024-10-24,6114
6695,芯鼎,20,0,20,台中銀-員林,2024-10-24,6114
3374,精材,21,2,19,台中銀-員林,2024-10-24,6114
00795B,中信美國公債20年,18,0,18,台中銀-員林,2024-10-24,6114
4303,信立,22,4,18,台中銀-員林,2024-10-24,6114
00878,國泰永續高股息,18,1,17,台中銀-員林,2024-10-24,6114
4716,大立,20,3,17,台中銀-員林,2024-10-24,6114
2382,廣達,39,23,16,台中銀-員林,2024-10-24,6114
00753L,中信中國50正2,17,2,15,台中銀-員林,2024-10-24,6114
3581,博磊,54,40,14,台中銀-員林,2024-10-24,6114
8404,百和興業-KY,52,38,14,台中銀-員林,2024-10-24,6114
00887,永豐中國科技50大,13,0,13,台中銀-員林,2024-10-24,6114
00688L,國泰20年美債正2,13,0,13,台中銀-員林,2024-10-24,6114
1316,上曜,13,0,13,台中銀-員林,2024-10-24,6114
2344,華邦電,13,0,13,台中銀-員林,2024-10-24,6114
4927,泰鼎-KY,20,7,13,台中銀-員林,2024-10-24,6114
5443,均豪,17,5,12,台中銀-員林,2024-10-24,6114
2369,菱生,44,32,12,台中銀-員林,2024-10-24,6114
2542,興富發,12,0,12,台中銀-員林,2024-10-24,6114
3167,大量,14,2,12,台中銀-員林,2024-10-24,6114
3231,緯創,12,0,12,台中銀-員林,2024-10-24,6114
5880,合庫金,12,0,12,台中銀-員林,2024-10-24,6114
3680,家登,12,0,12,台中銀-員林,2024-10-24,6114
00712,復華富時不動產,11,0,11,台中銀-員林,2024-10-24,6114
1605,華新,11,0,11,台中銀-員林,2024-10-24,6114
2062,橋椿,11,0,11,台中銀-員林,2024-10-24,6114
4906,正文,11,0,11,台中銀-員林,2024-10-24,6114
8070,長華*,11,0,11,台中銀-員林,2024-10-24,6114
00907,永豐優息存股,11,0,11,台中銀-員林,2024-10-24,6114
00922,國泰台灣領袖50,10,0,10,台中銀-員林,2024-10-24,6114
2009,第一銅,10,0,10,台中銀-員林,2024-10-24,6114
2204,中華,10,0,10,台中銀-員林,2024-10-24,6114
2413,環科,12,2,10,台中銀-員林,2024-10-24,6114
2883,凱基金,10,0,10,台中銀-員林,2024-10-24,6114
2929,淘帝-KY,10,0,10,台中銀-員林,2024-10-24,6114
3689,湧德,13,3,10,台中銀-員林,2024-10-24,6114
2646,星宇航空,232,39,193,台中銀-員林,2024-10-25,6114
1101,台泥,102,0,102,台中銀-員林,2024-10-25,6114
00715L,期街口布蘭特正2,55,0,55,台中銀-員林,2024-10-25,6114
4123,晟德,56,6,50,台中銀-員林,2024-10-25,6114
2495,普安,54,11,43,台中銀-員林,2024-10-25,6114
00687B,國泰20年美債,50,10,40,台中銀-員林,2024-10-25,6114
1528,恩德,38,7,31,台中銀-員林,2024-10-25,6114
4162,智擎,30,0,30,台中銀-員林,2024-10-25,6114
00680L,元大美債20正2,27,0,27,台中銀-員林,2024-10-25,6114
00929,復華台灣科技優息,42,16,26,台中銀-員林,2024-10-25,6114
8121,越峰,25,0,25,台中銀-員林,2024-10-25,6114
00679B,元大美債20年,22,0,22,台中銀-員林,2024-10-25,6114
00688L,國泰20年美債正2,17,0,17,台中銀-員林,2024-10-25,6114
00937B,群益ESG投等債20,17,1,16,台中銀-員林,2024-10-25,6114
00959B,大華投等美債15Y+,14,0,14,台中銀-員林,2024-10-25,6114
6770,力積電,20,7,13,台中銀-員林,2024-10-25,6114
2303,聯電,14,1,13,台中銀-員林,2024-10-25,6114
2363,矽統,13,0,13,台中銀-員林,2024-10-25,6114
2436,偉詮電,13,0,13,台中銀-員林,2024-10-25,6114
2405,輔信,24,13,11,台中銀-員林,2024-10-25,6114
8927,北基,11,0,11,台中銀-員林,2024-10-25,6114
00945B,凱基美國非投等債,10,0,10,台中銀-員林,2024-10-25,6114
00961,FT臺灣永續高息,10,0,10,台中銀-員林,2024-10-25,6114
4958,臻鼎-KY,11,1,10,台中銀-員林,2024-10-25,6114
5608,四維航,10,0,10,台中銀-員林,2024-10-25,6114
2302,麗正,11,2,9,台中銀-員林,2024-10-25,6114
2388,威盛,10,1,9,台中銀-員林,2024-10-25,6114
3663,鑫科,27,18,9,台中銀-員林,2024-10-25,6114
9105,泰金寶-DR,32,23,9,台中銀-員林,2024-10-25,6114
3149,正達,19,11,8,台中銀-員林,2024-10-25,6114
00887,永豐中國科技50大,8,0,8,台中銀-員林,2024-10-25,6114
3707,漢磊,9,1,8,台中銀-員林,2024-10-25,6114
6405,悅城,10,2,8,台中銀-員林,2024-10-25,6114
2486,一詮,17,10,7,台中銀-員林,2024-10-25,6114
3037,欣興,7,0,7,台中銀-員林,2024-10-25,6114
6199,天品,7,0,7,台中銀-員林,2024-10-25,6114
0050,元大台灣50,6,0,6,台中銀-員林,2024-10-25,6114
0052,富邦科技,6,0,6,台中銀-員林,2024-10-25,6114
00960,野村全球航運龍頭,6,0,6,台中銀-員林,2024-10-25,6114
2609,陽明,12,6,6,台中銀-員林,2024-10-25,6114
4971,IET-KY,6,0,6,台中銀-員林,2024-10-25,6114
6449,鈺邦,6,0,6,台中銀-員林,2024-10-25,6114
2464,盟立,6,0,6,台中銀-員林,2024-10-25,6114
2455,全新,6,1,5,台中銀-員林,2024-10-25,6114
2439,美律,9,4,5,台中銀-員林,2024-10-25,6114
3260,威剛,5,0,5,台中銀-員林,2024-10-25,6114
2449,京元電子,5,0,5,台中銀-員林,2024-10-25,6114
00725B,國泰投資級公司債,5,0,5,台中銀-員林,2024-10-25,6114
00633L,富邦上証正2,5,0,5,台中銀-員林,2024-10-25,6114
1608,華榮,5,0,5,台中銀-員林,2024-10-25,6114
1101,台泥,485,12,473,台中銀-員林,2024-10-28,6114
2812,台中銀,250,0,250,台中銀-員林,2024-10-28,6114
3037,欣興,206,4,202,台中銀-員林,2024-10-28,6114
00715L,期街口布蘭特正2,191,0,191,台中銀-員林,2024-10-28,6114
00937B,群益ESG投等債20,85,0,85,台中銀-員林,2024-10-28,6114
00679B,元大美債20年,102,30,72,台中銀-員林,2024-10-28,6114
8071,能率網通,50,0,50,台中銀-員林,2024-10-28,6114
1609,大亞,50,0,50,台中銀-員林,2024-10-28,6114
3234,光環,46,0,46,台中銀-員林,2024-10-28,6114
3231,緯創,52,7,45,台中銀-員林,2024-10-28,6114
00665L,富邦�琤肭磪囓�2,38,0,38,台中銀-員林,2024-10-28,6114
00706L,期元大S＆P日圓正2,36,0,36,台中銀-員林,2024-10-28,6114
1528,恩德,40,11,29,台中銀-員林,2024-10-28,6114
00687B,國泰20年美債,43,14,29,台中銀-員林,2024-10-28,6114
9105,泰金寶-DR,31,5,26,台中銀-員林,2024-10-28,6114
4545,銘鈺,24,0,24,台中銀-員林,2024-10-28,6114
6156,松上,33,12,21,台中銀-員林,2024-10-28,6114
6530,創威,24,6,18,台中銀-員林,2024-10-28,6114
3019,亞光,16,0,16,台中銀-員林,2024-10-28,6114
00919,群益台灣精選高息,16,0,16,台中銀-員林,2024-10-28,6114
00945B,凱基美國非投等債,15,0,15,台中銀-員林,2024-10-28,6114
2610,華航,16,1,15,台中銀-員林,2024-10-28,6114
5347,世界,15,0,15,台中銀-員林,2024-10-28,6114
6609,瀧澤科,14,1,13,台中銀-員林,2024-10-28,6114
1303,南亞,12,0,12,台中銀-員林,2024-10-28,6114
2374,佳能,13,1,12,台中銀-員林,2024-10-28,6114
2303,聯電,11,0,11,台中銀-員林,2024-10-28,6114
00948B,中信優息投資級債,12,1,11,台中銀-員林,2024-10-28,6114
3704,合勤控,11,0,11,台中銀-員林,2024-10-28,6114
4510,高鋒,11,0,11,台中銀-員林,2024-10-28,6114
4933,友輝,11,0,11,台中銀-員林,2024-10-28,6114
6505,台塑化,11,0,11,台中銀-員林,2024-10-28,6114
3049,精金,10,0,10,台中銀-員林,2024-10-28,6114
6788,華景電,10,0,10,台中銀-員林,2024-10-28,6114
8933,愛地雅,15,5,10,台中銀-員林,2024-10-28,6114
8070,長華*,9,0,9,台中銀-員林,2024-10-28,6114
00712,復華富時不動產,9,0,9,台中銀-員林,2024-10-28,6114
2834,臺企銀,10,2,8,台中銀-員林,2024-10-28,6114
2486,一詮,18,10,8,台中銀-員林,2024-10-28,6114
00892,富邦台灣半導體,8,0,8,台中銀-員林,2024-10-28,6114
2344,華邦電,8,0,8,台中銀-員林,2024-10-28,6114
3430,奇鈦科,9,1,8,台中銀-員林,2024-10-28,6114
0056,元大高股息,7,0,7,台中銀-員林,2024-10-28,6114
00933B,國泰10Y+金融債,11,4,7,台中銀-員林,2024-10-28,6114
2426,鼎元,7,0,7,台中銀-員林,2024-10-28,6114
2883,凱基金,7,0,7,台中銀-員林,2024-10-28,6114
3522,御嵿,7,0,7,台中銀-員林,2024-10-28,6114
6109,亞元,10,3,7,台中銀-員林,2024-10-28,6114
2633,台灣高鐵,7,0,7,台中銀-員林,2024-10-28,6114
4909,新復興,6,0,6,台中銀-員林,2024-10-28,6114
00715L,期街口布蘭特正2,258,1,257,台中銀-員林,2024-10-29,6114
00937B,群益ESG投等債20,128,0,128,台中銀-員林,2024-10-29,6114
2303,聯電,123,0,123,台中銀-員林,2024-10-29,6114
1101,台泥,119,0,119,台中銀-員林,2024-10-29,6114
00919,群益台灣精選高息,116,0,116,台中銀-員林,2024-10-29,6114
00929,復華台灣科技優息,117,8,109,台中銀-員林,2024-10-29,6114
2317,鴻海,136,65,71,台中銀-員林,2024-10-29,6114
3047,訊舟,54,0,54,台中銀-員林,2024-10-29,6114
3321,同泰,50,0,50,台中銀-員林,2024-10-29,6114
00878,國泰永續高股息,48,0,48,台中銀-員林,2024-10-29,6114
006208,富邦台50,42,0,42,台中銀-員林,2024-10-29,6114
0056,元大高股息,41,5,36,台中銀-員林,2024-10-29,6114
6548,長科*,31,0,31,台中銀-員林,2024-10-29,6114
3062,建漢,37,7,30,台中銀-員林,2024-10-29,6114
9105,泰金寶-DR,44,14,30,台中銀-員林,2024-10-29,6114
00922,國泰台灣領袖50,29,0,29,台中銀-員林,2024-10-29,6114
5880,合庫金,22,0,22,台中銀-員林,2024-10-29,6114
2009,第一銅,21,0,21,台中銀-員林,2024-10-29,6114
00940,元大台灣價值高息,26,5,21,台中銀-員林,2024-10-29,6114
00955,中信日本商社,20,0,20,台中銀-員林,2024-10-29,6114
8249,菱光,27,8,19,台中銀-員林,2024-10-29,6114
2409,友達,19,1,18,台中銀-員林,2024-10-29,6114
2312,金寶,23,7,16,台中銀-員林,2024-10-29,6114
3167,大量,62,46,16,台中銀-員林,2024-10-29,6114
3189,景碩,38,23,15,台中銀-員林,2024-10-29,6114
2431,聯昌,20,5,15,台中銀-員林,2024-10-29,6114
3058,立德,15,0,15,台中銀-員林,2024-10-29,6114
2609,陽明,24,9,15,台中銀-員林,2024-10-29,6114
00927,群益半導體收益,14,0,14,台中銀-員林,2024-10-29,6114
6770,力積電,13,0,13,台中銀-員林,2024-10-29,6114
00712,復華富時不動產,13,0,13,台中銀-員林,2024-10-29,6114
3715,定穎投控,12,0,12,台中銀-員林,2024-10-29,6114
2812,台中銀,12,0,12,台中銀-員林,2024-10-29,6114
1449,佳和,47,36,11,台中銀-員林,2024-10-29,6114
2883,凱基金,11,0,11,台中銀-員林,2024-10-29,6114
2002,中鋼,11,0,11,台中銀-員林,2024-10-29,6114
4906,正文,10,0,10,台中銀-員林,2024-10-29,6114
00905,FT臺灣Smart,10,0,10,台中銀-員林,2024-10-29,6114
4440,宜新實業,10,0,10,台中銀-員林,2024-10-29,6114
4927,泰鼎-KY,10,0,10,台中銀-員林,2024-10-29,6114
4931,新盛力,10,0,10,台中銀-員林,2024-10-29,6114
6109,亞元,31,21,10,台中銀-員林,2024-10-29,6114
2374,佳能,9,0,9,台中銀-員林,2024-10-29,6114
2515,中工,9,0,9,台中銀-員林,2024-10-29,6114
3379,彬台,10,1,9,台中銀-員林,2024-10-29,6114
8092,建暐,11,2,9,台中銀-員林,2024-10-29,6114
6763,綠界科技*,10,2,8,台中銀-員林,2024-10-29,6114
00918,大華優利高填息30,8,0,8,台中銀-員林,2024-10-29,6114
00938,凱基優選30,8,0,8,台中銀-員林,2024-10-29,6114
00713,元大台灣高息低波,7,0,7,台中銀-員林,2024-10-29,6114
3481,群創,329,125,204,台中銀-員林,2024-10-30,6114
9105,泰金寶-DR,94,0,94,台中銀-員林,2024-10-30,6114
2646,星宇航空,57,4,53,台中銀-員林,2024-10-30,6114
3047,訊舟,51,4,47,台中銀-員林,2024-10-30,6114
00637L,元大滬深300正2,36,0,36,台中銀-員林,2024-10-30,6114
00679B,元大美債20年,28,0,28,台中銀-員林,2024-10-30,6114
00929,復華台灣科技優息,55,27,28,台中銀-員林,2024-10-30,6114
00715L,期街口布蘭特正2,23,0,23,台中銀-員林,2024-10-30,6114
6770,力積電,21,0,21,台中銀-員林,2024-10-30,6114
2601,益航,20,0,20,台中銀-員林,2024-10-30,6114
6548,長科*,20,0,20,台中銀-員林,2024-10-30,6114
00937B,群益ESG投等債20,20,0,20,台中銀-員林,2024-10-30,6114
5438,東友,22,3,19,台中銀-員林,2024-10-30,6114
00665L,富邦�琤肭磪囓�2,31,13,18,台中銀-員林,2024-10-30,6114
3609,三一東林,18,0,18,台中銀-員林,2024-10-30,6114
3362,先進光,16,0,16,台中銀-員林,2024-10-30,6114
6257,矽格,15,0,15,台中銀-員林,2024-10-30,6114
00712,復華富時不動產,14,0,14,台中銀-員林,2024-10-30,6114
00878,國泰永續高股息,20,6,14,台中銀-員林,2024-10-30,6114
0050,元大台灣50,13,0,13,台中銀-員林,2024-10-30,6114
00919,群益台灣精選高息,20,7,13,台中銀-員林,2024-10-30,6114
8249,菱光,15,3,12,台中銀-員林,2024-10-30,6114
00882,中信中國高股息,11,0,11,台中銀-員林,2024-10-30,6114
0056,元大高股息,14,3,11,台中銀-員林,2024-10-30,6114
00945B,凱基美國非投等債,10,0,10,台中銀-員林,2024-10-30,6114
4540,全球傳動,10,0,10,台中銀-員林,2024-10-30,6114
2317,鴻海,36,27,9,台中銀-員林,2024-10-30,6114
00655L,國泰中國A50正2,9,0,9,台中銀-員林,2024-10-30,6114
2887,台新金,9,0,9,台中銀-員林,2024-10-30,6114
2515,中工,9,0,9,台中銀-員林,2024-10-30,6114
2867,三商壽,9,0,9,台中銀-員林,2024-10-30,6114
6197,佳必琪,18,9,9,台中銀-員林,2024-10-30,6114
2382,廣達,13,4,9,台中銀-員林,2024-10-30,6114
00687B,國泰20年美債,8,0,8,台中銀-員林,2024-10-30,6114
6156,松上,18,10,8,台中銀-員林,2024-10-30,6114
00753L,中信中國50正2,20,12,8,台中銀-員林,2024-10-30,6114
3597,映興,8,0,8,台中銀-員林,2024-10-30,6114
5534,長虹,8,0,8,台中銀-員林,2024-10-30,6114
8071,能率網通,8,0,8,台中銀-員林,2024-10-30,6114
4915,致伸,7,0,7,台中銀-員林,2024-10-30,6114
1605,華新,8,1,7,台中銀-員林,2024-10-30,6114
2472,立隆電,7,0,7,台中銀-員林,2024-10-30,6114
2353,宏��,30,23,7,台中銀-員林,2024-10-30,6114
6829,千附精密,7,0,7,台中銀-員林,2024-10-30,6114
006208,富邦台50,6,0,6,台中銀-員林,2024-10-30,6114
2477,美隆電,17,11,6,台中銀-員林,2024-10-30,6114
2812,台中銀,6,0,6,台中銀-員林,2024-10-30,6114
3715,定穎投控,6,0,6,台中銀-員林,2024-10-30,6114
4545,銘鈺,6,0,6,台中銀-員林,2024-10-30,6114
00795B,中信美國公債20年,5,0,5,台中銀-員林,2024-10-30,6114
2354,鴻準,341,87,254,台中銀-員林,2024-11-01,6114
00929,復華台灣科技優息,222,10,212,台中銀-員林,2024-11-01,6114
00878,國泰永續高股息,119,0,119,台中銀-員林,2024-11-01,6114
2303,聯電,71,1,70,台中銀-員林,2024-11-01,6114
2413,環科,80,14,66,台中銀-員林,2024-11-01,6114
00688L,國泰20年美債正2,52,0,52,台中銀-員林,2024-11-01,6114
2317,鴻海,71,24,47,台中銀-員林,2024-11-01,6114
00919,群益台灣精選高息,34,5,29,台中銀-員林,2024-11-01,6114
00712,復華富時不動產,27,0,27,台中銀-員林,2024-11-01,6114
0056,元大高股息,27,0,27,台中銀-員林,2024-11-01,6114
006208,富邦台50,26,1,25,台中銀-員林,2024-11-01,6114
00945B,凱基美國非投等債,20,0,20,台中銀-員林,2024-11-01,6114
2646,星宇航空,21,1,20,台中銀-員林,2024-11-01,6114
6465,威潤,20,0,20,台中銀-員林,2024-11-01,6114
2812,台中銀,20,1,19,台中銀-員林,2024-11-01,6114
2753,八方雲集,19,0,19,台中銀-員林,2024-11-01,6114
3025,星通,22,3,19,台中銀-員林,2024-11-01,6114
4961,天鈺,15,0,15,台中銀-員林,2024-11-01,6114
3481,群創,183,168,15,台中銀-員林,2024-11-01,6114
2498,宏達電,16,3,13,台中銀-員林,2024-11-01,6114
00753L,中信中國50正2,15,2,13,台中銀-員林,2024-11-01,6114
1528,恩德,39,26,13,台中銀-員林,2024-11-01,6114
3062,建漢,16,3,13,台中銀-員林,2024-11-01,6114
00687B,國泰20年美債,22,10,12,台中銀-員林,2024-11-01,6114
2344,華邦電,23,11,12,台中銀-員林,2024-11-01,6114
1326,台化,11,0,11,台中銀-員林,2024-11-01,6114
2543,皇昌,28,17,11,台中銀-員林,2024-11-01,6114
4927,泰鼎-KY,11,0,11,台中銀-員林,2024-11-01,6114
6770,力積電,11,0,11,台中銀-員林,2024-11-01,6114
00922,國泰台灣領袖50,10,0,10,台中銀-員林,2024-11-01,6114
1563,巧新,10,0,10,台中銀-員林,2024-11-01,6114
6835,圓裕,10,0,10,台中銀-員林,2024-11-01,6114
00940,元大台灣價值高息,10,1,9,台中銀-員林,2024-11-01,6114
3324,雙鴻,8,0,8,台中銀-員林,2024-11-01,6114
00905,FT臺灣Smart,8,0,8,台中銀-員林,2024-11-01,6114
8086,宏捷科,10,2,8,台中銀-員林,2024-11-01,6114
00713,元大台灣高息低波,8,0,8,台中銀-員林,2024-11-01,6114
00830,國泰費城半導體,8,0,8,台中銀-員林,2024-11-01,6114
00930,永豐ESG低碳高息,7,0,7,台中銀-員林,2024-11-01,6114
2887,台新金,7,0,7,台中銀-員林,2024-11-01,6114
4968,立積,7,0,7,台中銀-員林,2024-11-01,6114
8070,長華*,11,4,7,台中銀-員林,2024-11-01,6114
5880,合庫金,6,0,6,台中銀-員林,2024-11-01,6114
2431,聯昌,11,5,6,台中銀-員林,2024-11-01,6114
4569,六方科-KY,6,0,6,台中銀-員林,2024-11-01,6114
2880,華南金,5,0,5,台中銀-員林,2024-11-01,6114
3711,日月光投控,6,1,5,台中銀-員林,2024-11-01,6114
1785,光洋科,6,1,5,台中銀-員林,2024-11-01,6114
6274,台燿,12,7,5,台中銀-員林,2024-11-01,6114
8936,國統,6,1,5,台中銀-員林,2024-11-01,6114
00959B,大華投等美債15Y+,470,0,470,台中銀-員林,2024-11-04,6114
00878,國泰永續高股息,160,23,137,台中銀-員林,2024-11-04,6114
00937B,群益ESG投等債20,104,0,104,台中銀-員林,2024-11-04,6114
00712,復華富時不動產,76,0,76,台中銀-員林,2024-11-04,6114
00679B,元大美債20年,68,15,53,台中銀-員林,2024-11-04,6114
3481,群創,75,30,45,台中銀-員林,2024-11-04,6114
00687B,國泰20年美債,40,0,40,台中銀-員林,2024-11-04,6114
00919,群益台灣精選高息,37,0,37,台中銀-員林,2024-11-04,6114
2354,鴻準,78,50,28,台中銀-員林,2024-11-04,6114
2609,陽明,33,7,26,台中銀-員林,2024-11-04,6114
6133,金橋,33,10,23,台中銀-員林,2024-11-04,6114
2615,萬海,64,42,22,台中銀-員林,2024-11-04,6114
00948B,中信優息投資級債,22,0,22,台中銀-員林,2024-11-04,6114
2009,第一銅,21,0,21,台中銀-員林,2024-11-04,6114
00932,兆豐永續高息等權,19,0,19,台中銀-員林,2024-11-04,6114
2409,友達,19,0,19,台中銀-員林,2024-11-04,6114
2431,聯昌,45,26,19,台中銀-員林,2024-11-04,6114
4903,聯光通,32,15,17,台中銀-員林,2024-11-04,6114
00934,中信成長高股息,16,0,16,台中銀-員林,2024-11-04,6114
00764B,群益25年美債,16,0,16,台中銀-員林,2024-11-04,6114
6770,力積電,16,0,16,台中銀-員林,2024-11-04,6114
2303,聯電,17,1,16,台中銀-員林,2024-11-04,6114
4919,新唐,18,3,15,台中銀-員林,2024-11-04,6114
1802,台玻,20,5,15,台中銀-員林,2024-11-04,6114
2228,劍麟,15,0,15,台中銀-員林,2024-11-04,6114
5443,均豪,19,6,13,台中銀-員林,2024-11-04,6114
6197,佳必琪,14,1,13,台中銀-員林,2024-11-04,6114
6465,威潤,12,0,12,台中銀-員林,2024-11-04,6114
6548,長科*,11,0,11,台中銀-員林,2024-11-04,6114
3019,亞光,23,12,11,台中銀-員林,2024-11-04,6114
00632R,元大台灣50反1,10,0,10,台中銀-員林,2024-11-04,6114
3189,景碩,10,0,10,台中銀-員林,2024-11-04,6114
00795B,中信美國公債20年,9,0,9,台中銀-員林,2024-11-04,6114
1316,上曜,14,5,9,台中銀-員林,2024-11-04,6114
2388,威盛,11,2,9,台中銀-員林,2024-11-04,6114
8249,菱光,21,12,9,台中銀-員林,2024-11-04,6114
00637L,元大滬深300正2,28,20,8,台中銀-員林,2024-11-04,6114
2337,旺宏,8,0,8,台中銀-員林,2024-11-04,6114
00751B,元大AAA至A公司債,7,0,7,台中銀-員林,2024-11-04,6114
00942B,台新美A公司債20+,7,0,7,台中銀-員林,2024-11-04,6114
4401,東隆興,7,0,7,台中銀-員林,2024-11-04,6114
6695,芯鼎,7,0,7,台中銀-員林,2024-11-04,6114
9105,泰金寶-DR,15,8,7,台中銀-員林,2024-11-04,6114
0056,元大高股息,9,2,7,台中銀-員林,2024-11-04,6114
6285,啟��,6,0,6,台中銀-員林,2024-11-04,6114
2408,南亞科,6,0,6,台中銀-員林,2024-11-04,6114
2889,國票金,6,0,6,台中銀-員林,2024-11-04,6114
5905,南仁湖,6,0,6,台中銀-員林,2024-11-04,6114
9945,潤泰新,6,0,6,台中銀-員林,2024-11-04,6114
2812,台中銀,6,1,5,台中銀-員林,2024-11-04,6114
00929,復華台灣科技優息,68,5,63,台中銀-員林,2024-11-05,6114
00679B,元大美債20年,60,5,55,台中銀-員林,2024-11-05,6114
1336,台翰,30,0,30,台中銀-員林,2024-11-05,6114
00687B,國泰20年美債,24,2,22,台中銀-員林,2024-11-05,6114
4903,聯光通,38,16,22,台中銀-員林,2024-11-05,6114
00688L,國泰20年美債正2,20,0,20,台中銀-員林,2024-11-05,6114
3615,安可,21,1,20,台中銀-員林,2024-11-05,6114
00772B,中信高評級公司債,18,0,18,台中銀-員林,2024-11-05,6114
00919,群益台灣精選高息,18,0,18,台中銀-員林,2024-11-05,6114
2351,順德,16,0,16,台中銀-員林,2024-11-05,6114
1326,台化,15,0,15,台中銀-員林,2024-11-05,6114
6197,佳必琪,17,2,15,台中銀-員林,2024-11-05,6114
00712,復華富時不動產,12,0,12,台中銀-員林,2024-11-05,6114
2834,臺企銀,12,0,12,台中銀-員林,2024-11-05,6114
4927,泰鼎-KY,12,0,12,台中銀-員林,2024-11-05,6114
2317,鴻海,29,17,12,台中銀-員林,2024-11-05,6114
3149,正達,13,2,11,台中銀-員林,2024-11-05,6114
3490,單井,15,4,11,台中銀-員林,2024-11-05,6114
6465,威潤,11,0,11,台中銀-員林,2024-11-05,6114
4915,致伸,11,0,11,台中銀-員林,2024-11-05,6114
2377,微星,11,1,10,台中銀-員林,2024-11-05,6114
3516,亞帝歐,10,0,10,台中銀-員林,2024-11-05,6114
5876,上海商銀,10,0,10,台中銀-員林,2024-11-05,6114
6283,淳安,10,0,10,台中銀-員林,2024-11-05,6114
00713,元大台灣高息低波,9,0,9,台中銀-員林,2024-11-05,6114
4967,十銓,10,1,9,台中銀-員林,2024-11-05,6114
5488,松普,11,3,8,台中銀-員林,2024-11-05,6114
8064,東捷,12,4,8,台中銀-員林,2024-11-05,6114
8261,富鼎,12,4,8,台中銀-員林,2024-11-05,6114
00937B,群益ESG投等債20,7,0,7,台中銀-員林,2024-11-05,6114
2312,金寶,14,7,7,台中銀-員林,2024-11-05,6114
3325,旭品,8,1,7,台中銀-員林,2024-11-05,6114
6235,華孚,6,0,6,台中銀-員林,2024-11-05,6114
00932,兆豐永續高息等權,6,0,6,台中銀-員林,2024-11-05,6114
3013,晟銘電,14,8,6,台中銀-員林,2024-11-05,6114
6706,惠特,6,0,6,台中銀-員林,2024-11-05,6114
6548,長科*,5,0,5,台中銀-員林,2024-11-05,6114
00751B,元大AAA至A公司債,5,0,5,台中銀-員林,2024-11-05,6114
00844B,新光15年IG金融債,5,0,5,台中銀-員林,2024-11-05,6114
2031,新光鋼,5,0,5,台中銀-員林,2024-11-05,6114
2497,怡利電,7,2,5,台中銀-員林,2024-11-05,6114
3049,精金,9,4,5,台中銀-員林,2024-11-05,6114
3092,鴻碩,5,0,5,台中銀-員林,2024-11-05,6114
3483,力致,5,0,5,台中銀-員林,2024-11-05,6114
4108,懷特,5,0,5,台中銀-員林,2024-11-05,6114
4401,東隆興,5,0,5,台中銀-員林,2024-11-05,6114
2884,玉山金,5,0,5,台中銀-員林,2024-11-05,6114
3228,金麗科,4,0,4,台中銀-員林,2024-11-05,6114
3711,日月光投控,4,0,4,台中銀-員林,2024-11-05,6114
00940,元大台灣價值高息,4,0,4,台中銀-員林,2024-11-05,6114
00946,群益科技高息成長,1000,0,1000,台中銀-員林,2024-11-06,6114
00940,元大台灣價值高息,502,1,501,台中銀-員林,2024-11-06,6114
00679B,元大美債20年,467,10,457,台中銀-員林,2024-11-06,6114
00680L,元大美債20正2,281,3,278,台中銀-員林,2024-11-06,6114
00687B,國泰20年美債,136,1,135,台中銀-員林,2024-11-06,6114
6288,聯嘉,107,2,105,台中銀-員林,2024-11-06,6114
2303,聯電,91,5,86,台中銀-員林,2024-11-06,6114
2354,鴻準,176,96,80,台中銀-員林,2024-11-06,6114
00706L,期元大S＆P日圓正2,78,0,78,台中銀-員林,2024-11-06,6114
00878,國泰永續高股息,68,8,60,台中銀-員林,2024-11-06,6114
2431,聯昌,960,905,55,台中銀-員林,2024-11-06,6114
2356,英業達,111,64,47,台中銀-員林,2024-11-06,6114
00665L,富邦�琤肭磪囓�2,68,24,44,台中銀-員林,2024-11-06,6114
3481,群創,62,31,31,台中銀-員林,2024-11-06,6114
00919,群益台灣精選高息,25,0,25,台中銀-員林,2024-11-06,6114
4561,健椿,29,6,23,台中銀-員林,2024-11-06,6114
00933B,國泰10Y+金融債,20,0,20,台中銀-員林,2024-11-06,6114
2351,順德,18,0,18,台中銀-員林,2024-11-06,6114
1336,台翰,17,0,17,台中銀-員林,2024-11-06,6114
2409,友達,15,0,15,台中銀-員林,2024-11-06,6114
2344,華邦電,14,0,14,台中銀-員林,2024-11-06,6114
4919,新唐,23,10,13,台中銀-員林,2024-11-06,6114
00675L,富邦臺灣加權正2,10,0,10,台中銀-員林,2024-11-06,6114
00958B,永豐ESG銀行債15,10,0,10,台中銀-員林,2024-11-06,6114
00959B,大華投等美債15Y+,10,0,10,台中銀-員林,2024-11-06,6114
1416,廣豐,10,0,10,台中銀-員林,2024-11-06,6114
2062,橋椿,17,7,10,台中銀-員林,2024-11-06,6114
3211,順達,10,0,10,台中銀-員林,2024-11-06,6114
3234,光環,10,0,10,台中銀-員林,2024-11-06,6114
4566,時碩工業,10,0,10,台中銀-員林,2024-11-06,6114
4935,茂林-KY,10,0,10,台中銀-員林,2024-11-06,6114
2887,台新金,10,0,10,台中銀-員林,2024-11-06,6114
00713,元大台灣高息低波,9,0,9,台中銀-員林,2024-11-06,6114
8150,南茂,9,0,9,台中銀-員林,2024-11-06,6114
2371,大同,13,4,9,台中銀-員林,2024-11-06,6114
3615,安可,12,3,9,台中銀-員林,2024-11-06,6114
4526,東台,22,13,9,台中銀-員林,2024-11-06,6114
3034,聯詠,8,0,8,台中銀-員林,2024-11-06,6114
2609,陽明,11,3,8,台中銀-員林,2024-11-06,6114
0052,富邦科技,8,0,8,台中銀-員林,2024-11-06,6114
00751B,元大AAA至A公司債,8,0,8,台中銀-員林,2024-11-06,6114
2401,凌陽,8,0,8,台中銀-員林,2024-11-06,6114
4562,穎漢,46,38,8,台中銀-員林,2024-11-06,6114
5460,同協,9,1,8,台中銀-員林,2024-11-06,6114
00795B,中信美國公債20年,7,0,7,台中銀-員林,2024-11-06,6114
2397,友通,9,2,7,台中銀-員林,2024-11-06,6114
3597,映興,7,0,7,台中銀-員林,2024-11-06,6114
6213,聯茂,7,0,7,台中銀-員林,2024-11-06,6114
5386,青雲,10,4,6,台中銀-員林,2024-11-06,6114
00900,富邦特選高股息30,6,0,6,台中銀-員林,2024-11-06,6114
5009,榮剛,167,1,166,台中銀-員林,2024-11-07,6114
9105,泰金寶-DR,184,37,147,台中銀-員林,2024-11-07,6114
00959B,大華投等美債15Y+,100,0,100,台中銀-員林,2024-11-07,6114
3047,訊舟,103,5,98,台中銀-員林,2024-11-07,6114
4979,華星光,84,5,79,台中銀-員林,2024-11-07,6114
00706L,期元大S＆P日圓正2,73,5,68,台中銀-員林,2024-11-07,6114
00878,國泰永續高股息,78,14,64,台中銀-員林,2024-11-07,6114
6821,聯寶,67,3,64,台中銀-員林,2024-11-07,6114
1536,和大,63,22,41,台中銀-員林,2024-11-07,6114
3062,建漢,71,37,34,台中銀-員林,2024-11-07,6114
00919,群益台灣精選高息,34,0,34,台中銀-員林,2024-11-07,6114
3701,大眾控,42,15,27,台中銀-員林,2024-11-07,6114
1446,宏和,31,5,26,台中銀-員林,2024-11-07,6114
2303,聯電,34,9,25,台中銀-員林,2024-11-07,6114
00712,復華富時不動產,23,0,23,台中銀-員林,2024-11-07,6114
6770,力積電,100,80,20,台中銀-員林,2024-11-07,6114
00680L,元大美債20正2,24,5,19,台中銀-員林,2024-11-07,6114
00688L,國泰20年美債正2,18,0,18,台中銀-員林,2024-11-07,6114
8064,東捷,24,6,18,台中銀-員林,2024-11-07,6114
00713,元大台灣高息低波,16,0,16,台中銀-員林,2024-11-07,6114
3450,聯鈞,18,3,15,台中銀-員林,2024-11-07,6114
00632R,元大台灣50反1,15,0,15,台中銀-員林,2024-11-07,6114
2014,中鴻,15,0,15,台中銀-員林,2024-11-07,6114
2449,京元電子,17,2,15,台中銀-員林,2024-11-07,6114
3260,威剛,28,13,15,台中銀-員林,2024-11-07,6114
4903,聯光通,26,12,14,台中銀-員林,2024-11-07,6114
6582,申豐,15,1,14,台中銀-員林,2024-11-07,6114
00687B,國泰20年美債,21,8,13,台中銀-員林,2024-11-07,6114
2603,長榮,20,9,11,台中銀-員林,2024-11-07,6114
2301,光寶科,11,0,11,台中銀-員林,2024-11-07,6114
00673R,期元大S＆P原油反1,10,0,10,台中銀-員林,2024-11-07,6114
00941,中信上游半導體,10,0,10,台中銀-員林,2024-11-07,6114
2062,橋椿,11,1,10,台中銀-員林,2024-11-07,6114
5236,凌陽創新,10,0,10,台中銀-員林,2024-11-07,6114
6202,盛群,10,0,10,台中銀-員林,2024-11-07,6114
6282,康舒,10,0,10,台中銀-員林,2024-11-07,6114
6414,樺漢,10,0,10,台中銀-員林,2024-11-07,6114
8249,菱光,12,2,10,台中銀-員林,2024-11-07,6114
00937B,群益ESG投等債20,10,0,10,台中銀-員林,2024-11-07,6114
2027,大成鋼,20,11,9,台中銀-員林,2024-11-07,6114
2344,華邦電,11,2,9,台中銀-員林,2024-11-07,6114
6116,彩晶,20,11,9,台中銀-員林,2024-11-07,6114
5386,青雲,13,4,9,台中銀-員林,2024-11-07,6114
2615,萬海,20,12,8,台中銀-員林,2024-11-07,6114
2353,宏��,37,29,8,台中銀-員林,2024-11-07,6114
5488,松普,10,2,8,台中銀-員林,2024-11-07,6114
2609,陽明,11,3,8,台中銀-員林,2024-11-07,6114
1815,富喬,29,22,7,台中銀-員林,2024-11-07,6114
2351,順德,18,11,7,台中銀-員林,2024-11-07,6114
2633,台灣高鐵,7,0,7,台中銀-員林,2024-11-07,6114
00878,國泰永續高股息,175,4,171,台中銀-員林,2024-11-08,6114
00637L,元大滬深300正2,67,9,58,台中銀-員林,2024-11-08,6114
00753L,中信中國50正2,63,6,57,台中銀-員林,2024-11-08,6114
2891,中信金,52,0,52,台中銀-員林,2024-11-08,6114
2883,凱基金,50,12,38,台中銀-員林,2024-11-08,6114
1609,大亞,33,0,33,台中銀-員林,2024-11-08,6114
2388,威盛,32,3,29,台中銀-員林,2024-11-08,6114
8096,擎亞,26,0,26,台中銀-員林,2024-11-08,6114
1528,恩德,29,5,24,台中銀-員林,2024-11-08,6114
2313,華通,40,19,21,台中銀-員林,2024-11-08,6114
5276,達輝-KY,25,4,21,台中銀-員林,2024-11-08,6114
3362,先進光,23,2,21,台中銀-員林,2024-11-08,6114
3481,群創,26,6,20,台中銀-員林,2024-11-08,6114
00953B,群益優選非投等債,20,0,20,台中銀-員林,2024-11-08,6114
1449,佳和,27,7,20,台中銀-員林,2024-11-08,6114
3013,晟銘電,19,0,19,台中銀-員林,2024-11-08,6114
1316,上曜,25,7,18,台中銀-員林,2024-11-08,6114
9105,泰金寶-DR,20,2,18,台中銀-員林,2024-11-08,6114
2351,順德,23,6,17,台中銀-員林,2024-11-08,6114
1336,台翰,16,0,16,台中銀-員林,2024-11-08,6114
2431,聯昌,27,12,15,台中銀-員林,2024-11-08,6114
00712,復華富時不動產,15,1,14,台中銀-員林,2024-11-08,6114
1314,中石化,14,0,14,台中銀-員林,2024-11-08,6114
2303,聯電,27,13,14,台中銀-員林,2024-11-08,6114
6180,橘子,13,0,13,台中銀-員林,2024-11-08,6114
3211,順達,26,14,12,台中銀-員林,2024-11-08,6114
4526,東台,14,2,12,台中銀-員林,2024-11-08,6114
6143,振曜,11,0,11,台中銀-員林,2024-11-08,6114
6548,長科*,11,0,11,台中銀-員林,2024-11-08,6114
6133,金橋,10,0,10,台中銀-員林,2024-11-08,6114
2022,聚亨,10,0,10,台中銀-員林,2024-11-08,6114
2105,正新,10,0,10,台中銀-員林,2024-11-08,6114
2301,光寶科,11,1,10,台中銀-員林,2024-11-08,6114
2302,麗正,23,13,10,台中銀-員林,2024-11-08,6114
2368,金像電,22,12,10,台中銀-員林,2024-11-08,6114
2646,星宇航空,13,4,9,台中銀-員林,2024-11-08,6114
6202,盛群,9,0,9,台中銀-員林,2024-11-08,6114
2409,友達,11,2,9,台中銀-員林,2024-11-08,6114
2497,怡利電,11,2,9,台中銀-員林,2024-11-08,6114
6152,百一,10,1,9,台中銀-員林,2024-11-08,6114
8261,富鼎,18,9,9,台中銀-員林,2024-11-08,6114
00946,群益科技高息成長,8,0,8,台中銀-員林,2024-11-08,6114
2353,宏��,52,44,8,台中銀-員林,2024-11-08,6114
1605,華新,8,0,8,台中銀-員林,2024-11-08,6114
00653L,富邦印度正2,8,0,8,台中銀-員林,2024-11-08,6114
2314,台揚,9,1,8,台中銀-員林,2024-11-08,6114
2489,瑞軒,8,0,8,台中銀-員林,2024-11-08,6114
2929,淘帝-KY,20,12,8,台中銀-員林,2024-11-08,6114
6191,精成科,8,0,8,台中銀-員林,2024-11-08,6114
8150,南茂,8,0,8,台中銀-員林,2024-11-08,6114
2354,鴻準,278,26,252,台中銀-員林,2024-11-11,6114
5243,乙盛-KY,106,10,96,台中銀-員林,2024-11-11,6114
6152,百一,61,0,61,台中銀-員林,2024-11-11,6114
00715L,期街口布蘭特正2,46,0,46,台中銀-員林,2024-11-11,6114
00665L,富邦�琤肭磪囓�2,75,30,45,台中銀-員林,2024-11-11,6114
00878,國泰永續高股息,46,4,42,台中銀-員林,2024-11-11,6114
3706,神達,62,28,34,台中銀-員林,2024-11-11,6114
3303,岱稜,35,2,33,台中銀-員林,2024-11-11,6114
3038,全台,25,0,25,台中銀-員林,2024-11-11,6114
2402,毅嘉,25,0,25,台中銀-員林,2024-11-11,6114
2834,臺企銀,45,21,24,台中銀-員林,2024-11-11,6114
1326,台化,23,0,23,台中銀-員林,2024-11-11,6114
6165,浪凡,22,0,22,台中銀-員林,2024-11-11,6114
00919,群益台灣精選高息,23,1,22,台中銀-員林,2024-11-11,6114
00937B,群益ESG投等債20,33,12,21,台中銀-員林,2024-11-11,6114
2409,友達,21,0,21,台中銀-員林,2024-11-11,6114
6821,聯寶,20,0,20,台中銀-員林,2024-11-11,6114
3062,建漢,34,15,19,台中銀-員林,2024-11-11,6114
2313,華通,22,6,16,台中銀-員林,2024-11-11,6114
4958,臻鼎-KY,24,9,15,台中銀-員林,2024-11-11,6114
00706L,期元大S＆P日圓正2,13,0,13,台中銀-員林,2024-11-11,6114
00934,中信成長高股息,12,0,12,台中銀-員林,2024-11-11,6114
2340,台亞,12,0,12,台中銀-員林,2024-11-11,6114
2419,仲琦,13,1,12,台中銀-員林,2024-11-11,6114
2812,台中銀,14,2,12,台中銀-員林,2024-11-11,6114
2615,萬海,25,13,12,台中銀-員林,2024-11-11,6114
3498,陽程,11,0,11,台中銀-員林,2024-11-11,6114
5452,佶優,11,0,11,台中銀-員林,2024-11-11,6114
1605,華新,25,15,10,台中銀-員林,2024-11-11,6114
6763,綠界科技*,54,44,10,台中銀-員林,2024-11-11,6114
2486,一詮,14,4,10,台中銀-員林,2024-11-11,6114
1449,佳和,27,17,10,台中銀-員林,2024-11-11,6114
1416,廣豐,10,0,10,台中銀-員林,2024-11-11,6114
1582,信錦,10,0,10,台中銀-員林,2024-11-11,6114
1584,精剛,10,0,10,台中銀-員林,2024-11-11,6114
3430,奇鈦科,10,0,10,台中銀-員林,2024-11-11,6114
5469,瀚宇博,10,0,10,台中銀-員林,2024-11-11,6114
5347,世界,10,1,9,台中銀-員林,2024-11-11,6114
00895,富邦未來車,9,0,9,台中銀-員林,2024-11-11,6114
00753L,中信中國50正2,12,3,9,台中銀-員林,2024-11-11,6114
2324,仁寶,10,1,9,台中銀-員林,2024-11-11,6114
2392,正崴,19,10,9,台中銀-員林,2024-11-11,6114
2646,星宇航空,8,0,8,台中銀-員林,2024-11-11,6114
3189,景碩,8,0,8,台中銀-員林,2024-11-11,6114
2009,第一銅,8,0,8,台中銀-員林,2024-11-11,6114
2444,兆勁,10,2,8,台中銀-員林,2024-11-11,6114
3162,精確,8,0,8,台中銀-員林,2024-11-11,6114
0056,元大高股息,8,0,8,台中銀-員林,2024-11-11,6114
00915,凱基優選高股息30,8,0,8,台中銀-員林,2024-11-11,6114
6191,精成科,7,0,7,台中銀-員林,2024-11-11,6114
00878,國泰永續高股息,238,0,238,台中銀-員林,2024-11-12,6114
00715L,期街口布蘭特正2,175,0,175,台中銀-員林,2024-11-12,6114
2431,聯昌,127,2,125,台中銀-員林,2024-11-12,6114
3481,群創,132,12,120,台中銀-員林,2024-11-12,6114
1608,華榮,113,0,113,台中銀-員林,2024-11-12,6114
2641,正德,106,3,103,台中銀-員林,2024-11-12,6114
2356,英業達,120,18,102,台中銀-員林,2024-11-12,6114
9935,慶豐富,76,0,76,台中銀-員林,2024-11-12,6114
2354,鴻準,156,85,71,台中銀-員林,2024-11-12,6114
00665L,富邦�琤肭磪囓�2,70,10,60,台中銀-員林,2024-11-12,6114
5871,中租-KY,78,31,47,台中銀-員林,2024-11-12,6114
2883,凱基金,49,3,46,台中銀-員林,2024-11-12,6114
2344,華邦電,39,1,38,台中銀-員林,2024-11-12,6114
00919,群益台灣精選高息,38,4,34,台中銀-員林,2024-11-12,6114
5475,德宏,34,0,34,台中銀-員林,2024-11-12,6114
5309,系統電,56,23,33,台中銀-員林,2024-11-12,6114
2353,宏��,72,39,33,台中銀-員林,2024-11-12,6114
1326,台化,28,0,28,台中銀-員林,2024-11-12,6114
6763,綠界科技*,33,6,27,台中銀-員林,2024-11-12,6114
00922,國泰台灣領袖50,27,0,27,台中銀-員林,2024-11-12,6114
00929,復華台灣科技優息,33,6,27,台中銀-員林,2024-11-12,6114
2382,廣達,40,15,25,台中銀-員林,2024-11-12,6114
1524,耿鼎,55,32,23,台中銀-員林,2024-11-12,6114
4958,臻鼎-KY,24,2,22,台中銀-員林,2024-11-12,6114
2402,毅嘉,21,0,21,台中銀-員林,2024-11-12,6114
2419,仲琦,20,0,20,台中銀-員林,2024-11-12,6114
5880,合庫金,20,0,20,台中銀-員林,2024-11-12,6114
00680L,元大美債20正2,18,0,18,台中銀-員林,2024-11-12,6114
2834,臺企銀,18,0,18,台中銀-員林,2024-11-12,6114
3189,景碩,16,0,16,台中銀-員林,2024-11-12,6114
00893,國泰智能電動車,20,5,15,台中銀-員林,2024-11-12,6114
3037,欣興,32,17,15,台中銀-員林,2024-11-12,6114
3516,亞帝歐,15,0,15,台中銀-員林,2024-11-12,6114
00713,元大台灣高息低波,14,0,14,台中銀-員林,2024-11-12,6114
00915,凱基優選高股息30,13,0,13,台中銀-員林,2024-11-12,6114
1605,華新,20,7,13,台中銀-員林,2024-11-12,6114
6133,金橋,14,2,12,台中銀-員林,2024-11-12,6114
2034,允強,12,1,11,台中銀-員林,2024-11-12,6114
6706,惠特,12,1,11,台中銀-員林,2024-11-12,6114
2328,廣宇,15,4,11,台中銀-員林,2024-11-12,6114
2889,國票金,11,0,11,台中銀-員林,2024-11-12,6114
2892,第一金,10,0,10,台中銀-員林,2024-11-12,6114
2301,光寶科,10,0,10,台中銀-員林,2024-11-12,6114
5488,松普,10,0,10,台中銀-員林,2024-11-12,6114
8043,蜜望實,10,0,10,台中銀-員林,2024-11-12,6114
9945,潤泰新,11,1,10,台中銀-員林,2024-11-12,6114
006208,富邦台50,11,1,10,台中銀-員林,2024-11-12,6114
2615,萬海,32,23,9,台中銀-員林,2024-11-12,6114
00753L,中信中國50正2,14,5,9,台中銀-員林,2024-11-12,6114
2409,友達,9,0,9,台中銀-員林,2024-11-12,6114
3481,群創,456,68,388,台中銀-員林,2024-11-13,6114
9105,泰金寶-DR,377,34,343,台中銀-員林,2024-11-13,6114
2317,鴻海,219,27,192,台中銀-員林,2024-11-13,6114
00878,國泰永續高股息,180,0,180,台中銀-員林,2024-11-13,6114
2834,臺企銀,123,0,123,台中銀-員林,2024-11-13,6114
2009,第一銅,74,0,74,台中銀-員林,2024-11-13,6114
00715L,期街口布蘭特正2,81,10,71,台中銀-員林,2024-11-13,6114
2303,聯電,58,0,58,台中銀-員林,2024-11-13,6114
2392,正崴,65,10,55,台中銀-員林,2024-11-13,6114
00933B,國泰10Y+金融債,50,0,50,台中銀-員林,2024-11-13,6114
4510,高鋒,55,5,50,台中銀-員林,2024-11-13,6114
2349,錸德,70,25,45,台中銀-員林,2024-11-13,6114
2105,正新,33,0,33,台中銀-員林,2024-11-13,6114
6438,迅得,52,19,33,台中銀-員林,2024-11-13,6114
3013,晟銘電,47,19,28,台中銀-員林,2024-11-13,6114
5488,松普,49,21,28,台中銀-員林,2024-11-13,6114
4931,新盛力,29,7,22,台中銀-員林,2024-11-13,6114
00679B,元大美債20年,22,0,22,台中銀-員林,2024-11-13,6114
2609,陽明,27,5,22,台中銀-員林,2024-11-13,6114
00673R,期元大S＆P原油反1,20,0,20,台中銀-員林,2024-11-13,6114
3015,全漢,21,1,20,台中銀-員林,2024-11-13,6114
4743,合一,20,1,19,台中銀-員林,2024-11-13,6114
1528,恩德,29,11,18,台中銀-員林,2024-11-13,6114
00712,復華富時不動產,17,0,17,台中銀-員林,2024-11-13,6114
6770,力積電,17,0,17,台中銀-員林,2024-11-13,6114
00680L,元大美債20正2,21,5,16,台中銀-員林,2024-11-13,6114
1314,中石化,16,0,16,台中銀-員林,2024-11-13,6114
2892,第一金,16,0,16,台中銀-員林,2024-11-13,6114
3490,單井,16,0,16,台中銀-員林,2024-11-13,6114
2408,南亞科,25,9,16,台中銀-員林,2024-11-13,6114
4979,華星光,25,10,15,台中銀-員林,2024-11-13,6114
1301,台塑,15,0,15,台中銀-員林,2024-11-13,6114
2605,新興,18,4,14,台中銀-員林,2024-11-13,6114
0056,元大高股息,14,0,14,台中銀-員林,2024-11-13,6114
00929,復華台灣科技優息,26,12,14,台中銀-員林,2024-11-13,6114
2449,京元電子,17,5,12,台中銀-員林,2024-11-13,6114
00919,群益台灣精選高息,14,3,11,台中銀-員林,2024-11-13,6114
1466,聚隆,11,0,11,台中銀-員林,2024-11-13,6114
2497,怡利電,12,1,11,台中銀-員林,2024-11-13,6114
2891,中信金,11,0,11,台中銀-員林,2024-11-13,6114
00753L,中信中國50正2,10,0,10,台中銀-員林,2024-11-13,6114
00844B,新光15年IG金融債,10,0,10,台中銀-員林,2024-11-13,6114
00688L,國泰20年美債正2,10,0,10,台中銀-員林,2024-11-13,6114
00943,兆豐電子高息等權,10,0,10,台中銀-員林,2024-11-13,6114
2034,允強,10,0,10,台中銀-員林,2024-11-13,6114
2388,威盛,12,2,10,台中銀-員林,2024-11-13,6114
5876,上海商銀,10,0,10,台中銀-員林,2024-11-13,6114
6901,鑽石投資,10,0,10,台中銀-員林,2024-11-13,6114
8383,千附,10,0,10,台中銀-員林,2024-11-13,6114
00937B,群益ESG投等債20,12,3,9,台中銀-員林,2024-11-13,6114
00919,群益台灣精選高息,336,0,336,台中銀-員林,2024-11-14,6114
00878,國泰永續高股息,157,0,157,台中銀-員林,2024-11-14,6114
00937B,群益ESG投等債20,140,1,139,台中銀-員林,2024-11-14,6114
00680L,元大美債20正2,126,10,116,台中銀-員林,2024-11-14,6114
3481,群創,166,58,108,台中銀-員林,2024-11-14,6114
3706,神達,177,74,103,台中銀-員林,2024-11-14,6114
2431,聯昌,108,9,99,台中銀-員林,2024-11-14,6114
6189,豐藝,71,0,71,台中銀-員林,2024-11-14,6114
00706L,期元大S＆P日圓正2,64,0,64,台中銀-員林,2024-11-14,6114
00679B,元大美債20年,66,3,63,台中銀-員林,2024-11-14,6114
5880,合庫金,54,0,54,台中銀-員林,2024-11-14,6114
00753L,中信中國50正2,51,2,49,台中銀-員林,2024-11-14,6114
1532,勤美,43,0,43,台中銀-員林,2024-11-14,6114
3015,全漢,74,34,40,台中銀-員林,2024-11-14,6114
00929,復華台灣科技優息,61,21,40,台中銀-員林,2024-11-14,6114
00932,兆豐永續高息等權,38,0,38,台中銀-員林,2024-11-14,6114
2317,鴻海,45,9,36,台中銀-員林,2024-11-14,6114
1471,首利,32,1,31,台中銀-員林,2024-11-14,6114
2009,第一銅,29,0,29,台中銀-員林,2024-11-14,6114
0056,元大高股息,27,0,27,台中銀-員林,2024-11-14,6114
3231,緯創,28,1,27,台中銀-員林,2024-11-14,6114
1326,台化,25,0,25,台中銀-員林,2024-11-14,6114
2344,華邦電,23,0,23,台中銀-員林,2024-11-14,6114
1565,精華,22,0,22,台中銀-員林,2024-11-14,6114
1316,上曜,20,0,20,台中銀-員林,2024-11-14,6114
1301,台塑,23,4,19,台中銀-員林,2024-11-14,6114
6770,力積電,23,4,19,台中銀-員林,2024-11-14,6114
8261,富鼎,32,13,19,台中銀-員林,2024-11-14,6114
2409,友達,19,1,18,台中銀-員林,2024-11-14,6114
1608,華榮,17,0,17,台中銀-員林,2024-11-14,6114
4958,臻鼎-KY,17,0,17,台中銀-員林,2024-11-14,6114
00927,群益半導體收益,15,0,15,台中銀-員林,2024-11-14,6114
5243,乙盛-KY,18,3,15,台中銀-員林,2024-11-14,6114
3622,洋華,16,1,15,台中銀-員林,2024-11-14,6114
4927,泰鼎-KY,15,0,15,台中銀-員林,2024-11-14,6114
2892,第一金,15,0,15,台中銀-員林,2024-11-14,6114
9904,寶成,23,9,14,台中銀-員林,2024-11-14,6114
2382,廣達,22,10,12,台中銀-員林,2024-11-14,6114
3019,亞光,13,1,12,台中銀-員林,2024-11-14,6114
3062,建漢,37,25,12,台中銀-員林,2024-11-14,6114
5351,鈺創,12,0,12,台中銀-員林,2024-11-14,6114
8039,台虹,11,0,11,台中銀-員林,2024-11-14,6114
3312,弘憶股,11,0,11,台中銀-員林,2024-11-14,6114
3615,安可,12,1,11,台中銀-員林,2024-11-14,6114
5493,三聯,11,0,11,台中銀-員林,2024-11-14,6114
6133,金橋,11,0,11,台中銀-員林,2024-11-14,6114
1609,大亞,11,1,10,台中銀-員林,2024-11-14,6114
5876,上海商銀,10,0,10,台中銀-員林,2024-11-14,6114
1718,中纖,10,0,10,台中銀-員林,2024-11-14,6114
2633,台灣高鐵,10,0,10,台中銀-員林,2024-11-14,6114
6182,合晶,1668,1,1667,台中銀-員林,2024-11-15,6114
2317,鴻海,136,13,123,台中銀-員林,2024-11-15,6114
00878,國泰永續高股息,117,2,115,台中銀-員林,2024-11-15,6114
6189,豐藝,80,0,80,台中銀-員林,2024-11-15,6114
1303,南亞,57,0,57,台中銀-員林,2024-11-15,6114
2382,廣達,45,7,38,台中銀-員林,2024-11-15,6114
5309,系統電,62,31,31,台中銀-員林,2024-11-15,6114
00706L,期元大S＆P日圓正2,20,0,20,台中銀-員林,2024-11-15,6114
00933B,國泰10Y+金融債,20,0,20,台中銀-員林,2024-11-15,6114
3038,全台,20,0,20,台中銀-員林,2024-11-15,6114
3231,緯創,23,5,18,台中銀-員林,2024-11-15,6114
00937B,群益ESG投等債20,15,0,15,台中銀-員林,2024-11-15,6114
2603,長榮,20,6,14,台中銀-員林,2024-11-15,6114
3202,樺晟,13,0,13,台中銀-員林,2024-11-15,6114
2324,仁寶,16,4,12,台中銀-員林,2024-11-15,6114
00665L,富邦�琤肭磪囓�2,37,25,12,台中銀-員林,2024-11-15,6114
2615,萬海,38,26,12,台中銀-員林,2024-11-15,6114
1314,中石化,11,0,11,台中銀-員林,2024-11-15,6114
1611,中電,12,1,11,台中銀-員林,2024-11-15,6114
3622,洋華,12,1,11,台中銀-員林,2024-11-15,6114
00915,凱基優選高股息30,10,0,10,台中銀-員林,2024-11-15,6114
5876,上海商銀,10,0,10,台中銀-員林,2024-11-15,6114
2356,英業達,15,5,10,台中銀-員林,2024-11-15,6114
00929,復華台灣科技優息,22,12,10,台中銀-員林,2024-11-15,6114
00885,富邦越南,9,0,9,台中銀-員林,2024-11-15,6114
1565,精華,9,0,9,台中銀-員林,2024-11-15,6114
3338,泰碩,8,0,8,台中銀-員林,2024-11-15,6114
9958,世紀鋼,10,3,7,台中銀-員林,2024-11-15,6114
2313,華通,10,3,7,台中銀-員林,2024-11-15,6114
2630,亞航,7,0,7,台中銀-員林,2024-11-15,6114
4979,華星光,11,4,7,台中銀-員林,2024-11-15,6114
8064,東捷,9,2,7,台中銀-員林,2024-11-15,6114
5880,合庫金,6,0,6,台中銀-員林,2024-11-15,6114
3022,威強電,6,0,6,台中銀-員林,2024-11-15,6114
00940,元大台灣價值高息,5,0,5,台中銀-員林,2024-11-15,6114
00942B,台新美A公司債20+,5,0,5,台中銀-員林,2024-11-15,6114
1618,合機,5,0,5,台中銀-員林,2024-11-15,6114
2301,光寶科,5,0,5,台中銀-員林,2024-11-15,6114
2601,益航,5,0,5,台中銀-員林,2024-11-15,6114
3092,鴻碩,5,0,5,台中銀-員林,2024-11-15,6114
3211,順達,6,1,5,台中銀-員林,2024-11-15,6114
4430,耀億,5,0,5,台中銀-員林,2024-11-15,6114
6152,百一,5,0,5,台中銀-員林,2024-11-15,6114
6509,聚和,5,0,5,台中銀-員林,2024-11-15,6114
00919,群益台灣精選高息,7,2,5,台中銀-員林,2024-11-15,6114
2330,台積電,7,3,4,台中銀-員林,2024-11-15,6114
00891,中信關鍵半導體,4,0,4,台中銀-員林,2024-11-15,6114
4401,東隆興,4,0,4,台中銀-員林,2024-11-15,6114
00637L,元大滬深300正2,5,1,4,台中銀-員林,2024-11-15,6114
1732,毛寶,4,0,4,台中銀-員林,2024-11-15,6114
6189,豐藝,134,0,134,台中銀-員林,2024-11-18,6114
2317,鴻海,127,6,121,台中銀-員林,2024-11-18,6114
9105,泰金寶-DR,93,3,90,台中銀-員林,2024-11-18,6114
2105,正新,102,26,76,台中銀-員林,2024-11-18,6114
00878,國泰永續高股息,85,10,75,台中銀-員林,2024-11-18,6114
00929,復華台灣科技優息,57,10,47,台中銀-員林,2024-11-18,6114
2312,金寶,60,22,38,台中銀-員林,2024-11-18,6114
1442,名軒,36,1,35,台中銀-員林,2024-11-18,6114
1618,合機,35,0,35,台中銀-員林,2024-11-18,6114
00919,群益台灣精選高息,34,1,33,台中銀-員林,2024-11-18,6114
00715L,期街口布蘭特正2,27,0,27,台中銀-員林,2024-11-18,6114
2371,大同,22,0,22,台中銀-員林,2024-11-18,6114
0056,元大高股息,24,4,20,台中銀-員林,2024-11-18,6114
00907,永豐優息存股,20,0,20,台中銀-員林,2024-11-18,6114
3622,洋華,25,5,20,台中銀-員林,2024-11-18,6114
4960,誠美材,20,0,20,台中銀-員林,2024-11-18,6114
3706,神達,122,103,19,台中銀-員林,2024-11-18,6114
00887,永豐中國科技50大,16,0,16,台中銀-員林,2024-11-18,6114
2812,台中銀,16,2,14,台中銀-員林,2024-11-18,6114
3338,泰碩,63,50,13,台中銀-員林,2024-11-18,6114
2356,英業達,20,8,12,台中銀-員林,2024-11-18,6114
8104,錸寶,18,6,12,台中銀-員林,2024-11-18,6114
2417,圓剛,11,0,11,台中銀-員林,2024-11-18,6114
3535,晶彩科,11,0,11,台中銀-員林,2024-11-18,6114
2457,飛宏,10,0,10,台中銀-員林,2024-11-18,6114
00665L,富邦�琤肭磪囓�2,18,8,10,台中銀-員林,2024-11-18,6114
00959B,大華投等美債15Y+,10,0,10,台中銀-員林,2024-11-18,6114
2034,允強,10,0,10,台中銀-員林,2024-11-18,6114
2302,麗正,10,0,10,台中銀-員林,2024-11-18,6114
3019,亞光,11,1,10,台中銀-員林,2024-11-18,6114
6257,矽格,10,0,10,台中銀-員林,2024-11-18,6114
00937B,群益ESG投等債20,11,2,9,台中銀-員林,2024-11-18,6114
1513,中興電,9,0,9,台中銀-員林,2024-11-18,6114
1815,富喬,9,0,9,台中銀-員林,2024-11-18,6114
5876,上海商銀,10,1,9,台中銀-員林,2024-11-18,6114
00891,中信關鍵半導體,8,0,8,台中銀-員林,2024-11-18,6114
2881,富邦金,7,0,7,台中銀-員林,2024-11-18,6114
2890,永豐金,10,3,7,台中銀-員林,2024-11-18,6114
6706,惠特,7,0,7,台中銀-員林,2024-11-18,6114
1471,首利,12,5,7,台中銀-員林,2024-11-18,6114
2065,世豐,7,0,7,台中銀-員林,2024-11-18,6114
2884,玉山金,7,0,7,台中銀-員林,2024-11-18,6114
3231,緯創,8,2,6,台中銀-員林,2024-11-18,6114
9958,世紀鋼,6,0,6,台中銀-員林,2024-11-18,6114
8064,東捷,6,0,6,台中銀-員林,2024-11-18,6114
1611,中電,6,0,6,台中銀-員林,2024-11-18,6114
2367,燿華,6,0,6,台中銀-員林,2024-11-18,6114
2409,友達,12,6,6,台中銀-員林,2024-11-18,6114
5443,均豪,9,3,6,台中銀-員林,2024-11-18,6114
6133,金橋,12,6,6,台中銀-員林,2024-11-18,6114
3481,群創,575,77,498,台中銀-員林,2024-11-19,6114
3062,建漢,105,2,103,台中銀-員林,2024-11-19,6114
2388,威盛,39,2,37,台中銀-員林,2024-11-19,6114
1442,名軒,37,2,35,台中銀-員林,2024-11-19,6114
2312,金寶,102,68,34,台中銀-員林,2024-11-19,6114
00878,國泰永續高股息,34,0,34,台中銀-員林,2024-11-19,6114
3706,神達,118,87,31,台中銀-員林,2024-11-19,6114
6189,豐藝,27,1,26,台中銀-員林,2024-11-19,6114
2890,永豐金,25,0,25,台中銀-員林,2024-11-19,6114
8261,富鼎,25,1,24,台中銀-員林,2024-11-19,6114
2382,廣達,27,4,23,台中銀-員林,2024-11-19,6114
1301,台塑,22,0,22,台中銀-員林,2024-11-19,6114
00637L,元大滬深300正2,21,0,21,台中銀-員林,2024-11-19,6114
1216,統一,17,0,17,台中銀-員林,2024-11-19,6114
2354,鴻準,98,84,14,台中銀-員林,2024-11-19,6114
8421,旭源,16,2,14,台中銀-員林,2024-11-19,6114
3338,泰碩,33,21,12,台中銀-員林,2024-11-19,6114
2317,鴻海,20,9,11,台中銀-員林,2024-11-19,6114
00940,元大台灣價值高息,11,0,11,台中銀-員林,2024-11-19,6114
00930,永豐ESG低碳高息,11,0,11,台中銀-員林,2024-11-19,6114
2349,錸德,41,30,11,台中銀-員林,2024-11-19,6114
2399,映泰,11,0,11,台中銀-員林,2024-11-19,6114
5876,上海商銀,10,0,10,台中銀-員林,2024-11-19,6114
8429,金麗-KY,20,10,10,台中銀-員林,2024-11-19,6114
00921,兆豐龍頭等權重,10,0,10,台中銀-員林,2024-11-19,6114
00675L,富邦臺灣加權正2,8,0,8,台中銀-員林,2024-11-19,6114
00655L,國泰中國A50正2,8,0,8,台中銀-員林,2024-11-19,6114
1471,首利,11,3,8,台中銀-員林,2024-11-19,6114
2637,慧洋-KY,8,0,8,台中銀-員林,2024-11-19,6114
6821,聯寶,12,4,8,台中銀-員林,2024-11-19,6114
3038,全台,7,0,7,台中銀-員林,2024-11-19,6114
3419,譁裕,7,0,7,台中銀-員林,2024-11-19,6114
9921,巨大,6,0,6,台中銀-員林,2024-11-19,6114
00687B,國泰20年美債,6,0,6,台中銀-員林,2024-11-19,6114
1568,倉佑,6,0,6,台中銀-員林,2024-11-19,6114
2303,聯電,8,2,6,台中銀-員林,2024-11-19,6114
3015,全漢,16,10,6,台中銀-員林,2024-11-19,6114
8466,美吉吉-KY,6,0,6,台中銀-員林,2024-11-19,6114
6462,神盾,5,0,5,台中銀-員林,2024-11-19,6114
00959B,大華投等美債15Y+,5,0,5,台中銀-員林,2024-11-19,6114
00753L,中信中國50正2,8,3,5,台中銀-員林,2024-11-19,6114
00882,中信中國高股息,5,0,5,台中銀-員林,2024-11-19,6114
2801,彰銀,5,0,5,台中銀-員林,2024-11-19,6114
4306,炎洲,5,0,5,台中銀-員林,2024-11-19,6114
6419,京晨科,5,0,5,台中銀-員林,2024-11-19,6114
8104,錸寶,9,4,5,台中銀-員林,2024-11-19,6114
9958,世紀鋼,5,0,5,台中銀-員林,2024-11-19,6114
00713,元大台灣高息低波,4,0,4,台中銀-員林,2024-11-19,6114
2884,玉山金,5,1,4,台中銀-員林,2024-11-19,6114
3017,奇鋐,5,1,4,台中銀-員林,2024-11-19,6114
3481,群創,883,52,831,台中銀-員林,2024-11-20,6114
2317,鴻海,152,16,136,台中銀-員林,2024-11-20,6114
2356,英業達,119,2,117,台中銀-員林,2024-11-20,6114
6189,豐藝,58,0,58,台中銀-員林,2024-11-20,6114
3706,神達,231,178,53,台中銀-員林,2024-11-20,6114
1569,濱川,60,8,52,台中銀-員林,2024-11-20,6114
2409,友達,43,1,42,台中銀-員林,2024-11-20,6114
2886,兆豐金,36,0,36,台中銀-員林,2024-11-20,6114
00930,永豐ESG低碳高息,35,0,35,台中銀-員林,2024-11-20,6114
5880,合庫金,34,1,33,台中銀-員林,2024-11-20,6114
2408,南亞科,31,0,31,台中銀-員林,2024-11-20,6114
5876,上海商銀,30,0,30,台中銀-員林,2024-11-20,6114
00927,群益半導體收益,26,0,26,台中銀-員林,2024-11-20,6114
8466,美吉吉-KY,22,0,22,台中銀-員林,2024-11-20,6114
5871,中租-KY,21,0,21,台中銀-員林,2024-11-20,6114
00878,國泰永續高股息,31,10,21,台中銀-員林,2024-11-20,6114
1532,勤美,20,0,20,台中銀-員林,2024-11-20,6114
1449,佳和,18,0,18,台中銀-員林,2024-11-20,6114
00953B,群益優選非投等債,15,0,15,台中銀-員林,2024-11-20,6114
2834,臺企銀,15,0,15,台中銀-員林,2024-11-20,6114
6177,達麗,16,1,15,台中銀-員林,2024-11-20,6114
3625,西勝,14,1,13,台中銀-員林,2024-11-20,6114
1471,首利,12,0,12,台中銀-員林,2024-11-20,6114
2515,中工,12,0,12,台中銀-員林,2024-11-20,6114
2603,長榮,31,19,12,台中銀-員林,2024-11-20,6114
3338,泰碩,20,9,11,台中銀-員林,2024-11-20,6114
2887,台新金,11,0,11,台中銀-員林,2024-11-20,6114
6133,金橋,13,2,11,台中銀-員林,2024-11-20,6114
0056,元大高股息,10,0,10,台中銀-員林,2024-11-20,6114
2388,威盛,16,6,10,台中銀-員林,2024-11-20,6114
00937B,群益ESG投等債20,10,0,10,台中銀-員林,2024-11-20,6114
00919,群益台灣精選高息,13,3,10,台中銀-員林,2024-11-20,6114
1598,岱宇,10,0,10,台中銀-員林,2024-11-20,6114
3019,亞光,11,1,10,台中銀-員林,2024-11-20,6114
3447,展達,15,5,10,台中銀-員林,2024-11-20,6114
4927,泰鼎-KY,10,0,10,台中銀-員林,2024-11-20,6114
2753,八方雲集,8,0,8,台中銀-員林,2024-11-20,6114
3189,景碩,8,0,8,台中銀-員林,2024-11-20,6114
3516,亞帝歐,8,0,8,台中銀-員林,2024-11-20,6114
4729,熒茂,11,3,8,台中銀-員林,2024-11-20,6114
8261,富鼎,8,0,8,台中銀-員林,2024-11-20,6114
3090,日電貿,11,4,7,台中銀-員林,2024-11-20,6114
2392,正崴,7,0,7,台中銀-員林,2024-11-20,6114
1605,華新,11,4,7,台中銀-員林,2024-11-20,6114
3323,加百裕,8,1,7,台中銀-員林,2024-11-20,6114
3363,上詮,12,5,7,台中銀-員林,2024-11-20,6114
2303,聯電,11,5,6,台中銀-員林,2024-11-20,6114
2615,萬海,61,55,6,台中銀-員林,2024-11-20,6114
3673,TPK-KY,6,0,6,台中銀-員林,2024-11-20,6114
6901,鑽石投資,6,0,6,台中銀-員林,2024-11-20,6114
6189,豐藝,100,0,100,台中銀-員林,2024-11-21,6114
2303,聯電,60,6,54,台中銀-員林,2024-11-21,6114
00878,國泰永續高股息,41,3,38,台中銀-員林,2024-11-21,6114
9105,泰金寶-DR,91,57,34,台中銀-員林,2024-11-21,6114
2330,台積電,35,3,32,台中銀-員林,2024-11-21,6114
2618,長榮航,38,8,30,台中銀-員林,2024-11-21,6114
8104,錸寶,51,27,24,台中銀-員林,2024-11-21,6114
00959B,大華投等美債15Y+,19,0,19,台中銀-員林,2024-11-21,6114
3511,矽瑪,38,23,15,台中銀-員林,2024-11-21,6114
1326,台化,14,0,14,台中銀-員林,2024-11-21,6114
2890,永豐金,15,1,14,台中銀-員林,2024-11-21,6114
0056,元大高股息,13,0,13,台中銀-員林,2024-11-21,6114
00948B,中信優息投資級債,12,0,12,台中銀-員林,2024-11-21,6114
5880,合庫金,12,0,12,台中銀-員林,2024-11-21,6114
2344,華邦電,11,0,11,台中銀-員林,2024-11-21,6114
2886,兆豐金,11,0,11,台中銀-員林,2024-11-21,6114
3019,亞光,18,7,11,台中銀-員林,2024-11-21,6114
00713,元大台灣高息低波,11,0,11,台中銀-員林,2024-11-21,6114
2317,鴻海,20,10,10,台中銀-員林,2024-11-21,6114
00673R,期元大S＆P原油反1,10,0,10,台中銀-員林,2024-11-21,6114
4949,有成精密,10,0,10,台中銀-員林,2024-11-21,6114
5876,上海商銀,21,12,9,台中銀-員林,2024-11-21,6114
8383,千附,9,0,9,台中銀-員林,2024-11-21,6114
6282,康舒,13,5,8,台中銀-員林,2024-11-21,6114
9939,宏全,8,0,8,台中銀-員林,2024-11-21,6114
00909,國泰數位支付服務,7,0,7,台中銀-員林,2024-11-21,6114
2442,新美齊,12,5,7,台中銀-員林,2024-11-21,6114
3032,偉訓,24,17,7,台中銀-員林,2024-11-21,6114
2353,宏��,31,25,6,台中銀-員林,2024-11-21,6114
3490,單井,6,0,6,台中銀-員林,2024-11-21,6114
00751B,元大AAA至A公司債,5,0,5,台中銀-員林,2024-11-21,6114
00830,國泰費城半導體,5,0,5,台中銀-員林,2024-11-21,6114
00680L,元大美債20正2,5,0,5,台中銀-員林,2024-11-21,6114
00665L,富邦�琤肭磪囓�2,5,0,5,台中銀-員林,2024-11-21,6114
2349,錸德,32,27,5,台中銀-員林,2024-11-21,6114
2457,飛宏,6,1,5,台中銀-員林,2024-11-21,6114
6548,長科*,5,0,5,台中銀-員林,2024-11-21,6114
8047,星雲,5,0,5,台中銀-員林,2024-11-21,6114
8092,建暐,5,0,5,台中銀-員林,2024-11-21,6114
8150,南茂,5,0,5,台中銀-員林,2024-11-21,6114
2354,鴻準,35,31,4,台中銀-員林,2024-11-21,6114
006208,富邦台50,4,0,4,台中銀-員林,2024-11-21,6114
2882,國泰金,5,1,4,台中銀-員林,2024-11-21,6114
2382,廣達,11,7,4,台中銀-員林,2024-11-21,6114
00919,群益台灣精選高息,4,0,4,台中銀-員林,2024-11-21,6114
00640L,富邦日本正2,4,0,4,台中銀-員林,2024-11-21,6114
2409,友達,6,2,4,台中銀-員林,2024-11-21,6114
3702,大聯大,4,0,4,台中銀-員林,2024-11-21,6114
6698,旭暉應材,4,0,4,台中銀-員林,2024-11-21,6114
2603,長榮,4,0,4,台中銀-員林,2024-11-21,6114
2408,南亞科,286,0,286,台中銀-員林,2024-11-22,6114
2431,聯昌,254,0,254,台中銀-員林,2024-11-22,6114
6189,豐藝,121,0,121,台中銀-員林,2024-11-22,6114
3047,訊舟,96,2,94,台中銀-員林,2024-11-22,6114
1442,名軒,57,0,57,台中銀-員林,2024-11-22,6114
4510,高鋒,53,0,53,台中銀-員林,2024-11-22,6114
1536,和大,35,5,30,台中銀-員林,2024-11-22,6114
2316,楠梓電,30,0,30,台中銀-員林,2024-11-22,6114
5309,系統電,95,69,26,台中銀-員林,2024-11-22,6114
00948B,中信優息投資級債,22,0,22,台中銀-員林,2024-11-22,6114
5871,中租-KY,21,0,21,台中銀-員林,2024-11-22,6114
00637L,元大滬深300正2,21,0,21,台中銀-員林,2024-11-22,6114
00706L,期元大S＆P日圓正2,20,0,20,台中銀-員林,2024-11-22,6114
2324,仁寶,20,1,19,台中銀-員林,2024-11-22,6114
00882,中信中國高股息,15,0,15,台中銀-員林,2024-11-22,6114
2606,裕民,15,1,14,台中銀-員林,2024-11-22,6114
2353,宏��,12,0,12,台中銀-員林,2024-11-22,6114
1528,恩德,14,2,12,台中銀-員林,2024-11-22,6114
3323,加百裕,31,19,12,台中銀-員林,2024-11-22,6114
5876,上海商銀,11,0,11,台中銀-員林,2024-11-22,6114
1513,中興電,11,0,11,台中銀-員林,2024-11-22,6114
2349,錸德,20,9,11,台中銀-員林,2024-11-22,6114
2409,友達,21,10,11,台中銀-員林,2024-11-22,6114
00963,中信全球高股息,10,0,10,台中銀-員林,2024-11-22,6114
00753L,中信中國50正2,14,4,10,台中銀-員林,2024-11-22,6114
2382,廣達,13,3,10,台中銀-員林,2024-11-22,6114
0050,元大台灣50,10,1,9,台中銀-員林,2024-11-22,6114
3511,矽瑪,13,4,9,台中銀-員林,2024-11-22,6114
2330,台積電,12,3,9,台中銀-員林,2024-11-22,6114
2303,聯電,9,1,8,台中銀-員林,2024-11-22,6114
2486,一詮,8,0,8,台中銀-員林,2024-11-22,6114
4729,熒茂,11,3,8,台中銀-員林,2024-11-22,6114
00909,國泰數位支付服務,7,0,7,台中銀-員林,2024-11-22,6114
2867,三商壽,7,0,7,台中銀-員林,2024-11-22,6114
00665L,富邦�琤肭磪囓�2,27,20,7,台中銀-員林,2024-11-22,6114
6156,松上,10,3,7,台中銀-員林,2024-11-22,6114
8047,星雲,7,0,7,台中銀-員林,2024-11-22,6114
8092,建暐,7,0,7,台中銀-員林,2024-11-22,6114
8261,富鼎,12,5,7,台中銀-員林,2024-11-22,6114
2317,鴻海,7,1,6,台中銀-員林,2024-11-22,6114
2605,新興,6,0,6,台中銀-員林,2024-11-22,6114
00959B,大華投等美債15Y+,6,0,6,台中銀-員林,2024-11-22,6114
1301,台塑,9,3,6,台中銀-員林,2024-11-22,6114
1326,台化,6,0,6,台中銀-員林,2024-11-22,6114
1781,合世,6,0,6,台中銀-員林,2024-11-22,6114
2204,中華,9,3,6,台中銀-員林,2024-11-22,6114
2374,佳能,6,0,6,台中銀-員林,2024-11-22,6114
2637,慧洋-KY,6,0,6,台中銀-員林,2024-11-22,6114
3037,欣興,6,0,6,台中銀-員林,2024-11-22,6114
00687B,國泰20年美債,5,0,5,台中銀-員林,2024-11-22,6114
2354,鴻準,162,69,93,台中銀-員林,2024-11-25,6114
2498,宏達電,72,4,68,台中銀-員林,2024-11-25,6114
00909,國泰數位支付服務,55,0,55,台中銀-員林,2024-11-25,6114
2409,友達,70,15,55,台中銀-員林,2024-11-25,6114
2371,大同,45,1,44,台中銀-員林,2024-11-25,6114
2618,長榮航,47,14,33,台中銀-員林,2024-11-25,6114
00637L,元大滬深300正2,30,0,30,台中銀-員林,2024-11-25,6114
2887,台新金,30,1,29,台中銀-員林,2024-11-25,6114
00930,永豐ESG低碳高息,27,0,27,台中銀-員林,2024-11-25,6114
2312,金寶,133,108,25,台中銀-員林,2024-11-25,6114
6186,新潤,25,2,23,台中銀-員林,2024-11-25,6114
2388,威盛,27,4,23,台中銀-員林,2024-11-25,6114
00953B,群益優選非投等債,16,0,16,台中銀-員林,2024-11-25,6114
4977,眾達-KY,21,5,16,台中銀-員林,2024-11-25,6114
3066,李洲,15,0,15,台中銀-員林,2024-11-25,6114
2367,燿華,28,14,14,台中銀-員林,2024-11-25,6114
9105,泰金寶-DR,179,166,13,台中銀-員林,2024-11-25,6114
2615,萬海,15,4,11,台中銀-員林,2024-11-25,6114
00878,國泰永續高股息,11,0,11,台中銀-員林,2024-11-25,6114
00960,野村全球航運龍頭,13,2,11,台中銀-員林,2024-11-25,6114
3038,全台,11,0,11,台中銀-員林,2024-11-25,6114
6629,泰金-KY,11,0,11,台中銀-員林,2024-11-25,6114
00958B,永豐ESG銀行債15,10,0,10,台中銀-員林,2024-11-25,6114
00688L,國泰20年美債正2,10,0,10,台中銀-員林,2024-11-25,6114
8068,全達,10,0,10,台中銀-員林,2024-11-25,6114
2449,京元電子,9,0,9,台中銀-員林,2024-11-25,6114
1597,直得,9,0,9,台中銀-員林,2024-11-25,6114
6189,豐藝,9,0,9,台中銀-員林,2024-11-25,6114
1442,名軒,8,0,8,台中銀-員林,2024-11-25,6114
1471,首利,11,3,8,台中銀-員林,2024-11-25,6114
1514,亞力,10,2,8,台中銀-員林,2024-11-25,6114
1563,巧新,15,7,8,台中銀-員林,2024-11-25,6114
2344,華邦電,8,0,8,台中銀-員林,2024-11-25,6114
8358,金居,10,2,8,台中銀-員林,2024-11-25,6114
00753L,中信中國50正2,7,0,7,台中銀-員林,2024-11-25,6114
5347,世界,14,7,7,台中銀-員林,2024-11-25,6114
00901,永豐智能車供應鏈,6,0,6,台中銀-員林,2024-11-25,6114
00655L,國泰中國A50正2,6,0,6,台中銀-員林,2024-11-25,6114
3162,精確,6,0,6,台中銀-員林,2024-11-25,6114
3230,錦明,7,1,6,台中銀-員林,2024-11-25,6114
5243,乙盛-KY,61,55,6,台中銀-員林,2024-11-25,6114
6288,聯嘉,7,1,6,台中銀-員林,2024-11-25,6114
6412,群電,6,0,6,台中銀-員林,2024-11-25,6114
0056,元大高股息,6,1,5,台中銀-員林,2024-11-25,6114
3163,波若威,7,2,5,台中銀-員林,2024-11-25,6114
00830,國泰費城半導體,5,0,5,台中銀-員林,2024-11-25,6114
00882,中信中國高股息,5,0,5,台中銀-員林,2024-11-25,6114
00665L,富邦�琤肭磪囓�2,5,0,5,台中銀-員林,2024-11-25,6114
2301,光寶科,6,1,5,台中銀-員林,2024-11-25,6114
2736,富野,5,0,5,台中銀-員林,2024-11-25,6114
2408,南亞科,301,0,301,台中銀-員林,2024-11-26,6114
3323,加百裕,107,15,92,台中銀-員林,2024-11-26,6114
1303,南亞,63,0,63,台中銀-員林,2024-11-26,6114
2317,鴻海,55,14,41,台中銀-員林,2024-11-26,6114
6282,康舒,30,0,30,台中銀-員林,2024-11-26,6114
1815,富喬,74,45,29,台中銀-員林,2024-11-26,6114
00715L,期街口布蘭特正2,29,0,29,台中銀-員林,2024-11-26,6114
6770,力積電,24,0,24,台中銀-員林,2024-11-26,6114
5876,上海商銀,23,0,23,台中銀-員林,2024-11-26,6114
1618,合機,27,4,23,台中銀-員林,2024-11-26,6114
2371,大同,22,0,22,台中銀-員林,2024-11-26,6114
3481,群創,51,30,21,台中銀-員林,2024-11-26,6114
2312,金寶,55,35,20,台中銀-員林,2024-11-26,6114
1442,名軒,20,0,20,台中銀-員林,2024-11-26,6114
2344,華邦電,21,4,17,台中銀-員林,2024-11-26,6114
2425,承啟,14,0,14,台中銀-員林,2024-11-26,6114
00878,國泰永續高股息,13,0,13,台中銀-員林,2024-11-26,6114
2330,台積電,14,1,13,台中銀-員林,2024-11-26,6114
00909,國泰數位支付服務,12,0,12,台中銀-員林,2024-11-26,6114
00940,元大台灣價值高息,10,0,10,台中銀-員林,2024-11-26,6114
00887,永豐中國科技50大,10,0,10,台中銀-員林,2024-11-26,6114
00907,永豐優息存股,10,0,10,台中銀-員林,2024-11-26,6114
00665L,富邦�琤肭磪囓�2,15,5,10,台中銀-員林,2024-11-26,6114
00954,中信日本半導體,10,0,10,台中銀-員林,2024-11-26,6114
1711,永光,10,0,10,台中銀-員林,2024-11-26,6114
2303,聯電,11,1,10,台中銀-員林,2024-11-26,6114
2495,普安,10,0,10,台中銀-員林,2024-11-26,6114
3706,神達,107,97,10,台中銀-員林,2024-11-26,6114
5871,中租-KY,10,0,10,台中銀-員林,2024-11-26,6114
3038,全台,35,25,10,台中銀-員林,2024-11-26,6114
2609,陽明,19,10,9,台中銀-員林,2024-11-26,6114
1218,泰山,10,1,9,台中銀-員林,2024-11-26,6114
1584,精剛,14,5,9,台中銀-員林,2024-11-26,6114
3231,緯創,24,15,9,台中銀-員林,2024-11-26,6114
2890,永豐金,8,0,8,台中銀-員林,2024-11-26,6114
2605,新興,8,0,8,台中銀-員林,2024-11-26,6114
2204,中華,15,8,7,台中銀-員林,2024-11-26,6114
3021,鴻名,9,2,7,台中銀-員林,2024-11-26,6114
4916,事欣科,8,1,7,台中銀-員林,2024-11-26,6114
006208,富邦台50,6,0,6,台中銀-員林,2024-11-26,6114
5309,系統電,70,64,6,台中銀-員林,2024-11-26,6114
1326,台化,6,0,6,台中銀-員林,2024-11-26,6114
1522,堤維西,6,0,6,台中銀-員林,2024-11-26,6114
3511,矽瑪,7,1,6,台中銀-員林,2024-11-26,6114
2365,昆盈,5,0,5,台中銀-員林,2024-11-26,6114
00959B,大華投等美債15Y+,5,0,5,台中銀-員林,2024-11-26,6114
1409,新纖,5,0,5,台中銀-員林,2024-11-26,6114
1529,樂事綠能,5,0,5,台中銀-員林,2024-11-26,6114
1563,巧新,5,0,5,台中銀-員林,2024-11-26,6114
2062,橋椿,5,0,5,台中銀-員林,2024-11-26,6114
2317,鴻海,173,2,171,台中銀-員林,2024-11-27,6114
2312,金寶,168,61,107,台中銀-員林,2024-11-27,6114
2408,南亞科,101,0,101,台中銀-員林,2024-11-27,6114
2371,大同,110,30,80,台中銀-員林,2024-11-27,6114
00878,國泰永續高股息,75,3,72,台中銀-員林,2024-11-27,6114
0056,元大高股息,67,0,67,台中銀-員林,2024-11-27,6114
00919,群益台灣精選高息,65,0,65,台中銀-員林,2024-11-27,6114
3231,緯創,62,13,49,台中銀-員林,2024-11-27,6114
9105,泰金寶-DR,62,14,48,台中銀-員林,2024-11-27,6114
3450,聯鈞,60,13,47,台中銀-員林,2024-11-27,6114
2303,聯電,42,0,42,台中銀-員林,2024-11-27,6114
3481,群創,67,30,37,台中銀-員林,2024-11-27,6114
2609,陽明,48,12,36,台中銀-員林,2024-11-27,6114
2344,華邦電,37,2,35,台中銀-員林,2024-11-27,6114
2356,英業達,34,0,34,台中銀-員林,2024-11-27,6114
00922,國泰台灣領袖50,33,0,33,台中銀-員林,2024-11-27,6114
00959B,大華投等美債15Y+,30,0,30,台中銀-員林,2024-11-27,6114
2353,宏��,29,0,29,台中銀-員林,2024-11-27,6114
00929,復華台灣科技優息,30,3,27,台中銀-員林,2024-11-27,6114
1326,台化,21,0,21,台中銀-員林,2024-11-27,6114
4933,友輝,20,0,20,台中銀-員林,2024-11-27,6114
6189,豐藝,21,1,20,台中銀-員林,2024-11-27,6114
2204,中華,16,0,16,台中銀-員林,2024-11-27,6114
00930,永豐ESG低碳高息,16,0,16,台中銀-員林,2024-11-27,6114
00943,兆豐電子高息等權,15,0,15,台中銀-員林,2024-11-27,6114
4961,天鈺,12,0,12,台中銀-員林,2024-11-27,6114
1303,南亞,12,1,11,台中銀-員林,2024-11-27,6114
3715,定穎投控,11,0,11,台中銀-員林,2024-11-27,6114
00882,中信中國高股息,10,0,10,台中銀-員林,2024-11-27,6114
3447,展達,10,0,10,台中銀-員林,2024-11-27,6114
6151,晉倫,11,1,10,台中銀-員林,2024-11-27,6114
00918,大華優利高填息30,9,0,9,台中銀-員林,2024-11-27,6114
5243,乙盛-KY,12,3,9,台中銀-員林,2024-11-27,6114
6292,迅德,9,0,9,台中銀-員林,2024-11-27,6114
4562,穎漢,31,23,8,台中銀-員林,2024-11-27,6114
1413,宏洲,8,0,8,台中銀-員林,2024-11-27,6114
2109,華豐,8,0,8,台中銀-員林,2024-11-27,6114
3706,神達,121,114,7,台中銀-員林,2024-11-27,6114
006208,富邦台50,7,0,7,台中銀-員林,2024-11-27,6114
2603,長榮,11,4,7,台中銀-員林,2024-11-27,6114
2834,臺企銀,7,0,7,台中銀-員林,2024-11-27,6114
3711,日月光投控,8,1,7,台中銀-員林,2024-11-27,6114
3211,順達,7,0,7,台中銀-員林,2024-11-27,6114
6126,信音,7,0,7,台中銀-員林,2024-11-27,6114
6770,力積電,8,1,7,台中銀-員林,2024-11-27,6114
8033,雷虎,9,2,7,台中銀-員林,2024-11-27,6114
2382,廣達,21,14,7,台中銀-員林,2024-11-27,6114
2002,中鋼,7,0,7,台中銀-員林,2024-11-27,6114
6505,台塑化,6,0,6,台中銀-員林,2024-11-27,6114
2439,美律,6,0,6,台中銀-員林,2024-11-27,6114
3481,群創,473,50,423,台中銀-員林,2024-11-28,6114
2408,南亞科,414,4,410,台中銀-員林,2024-11-28,6114
3419,譁裕,81,1,80,台中銀-員林,2024-11-28,6114
00919,群益台灣精選高息,74,0,74,台中銀-員林,2024-11-28,6114
00878,國泰永續高股息,71,1,70,台中銀-員林,2024-11-28,6114
1531,高林股,66,13,53,台中銀-員林,2024-11-28,6114
1815,富喬,100,51,49,台中銀-員林,2024-11-28,6114
2356,英業達,59,16,43,台中銀-員林,2024-11-28,6114
4510,高鋒,67,32,35,台中銀-員林,2024-11-28,6114
2409,友達,31,0,31,台中銀-員林,2024-11-28,6114
6770,力積電,35,7,28,台中銀-員林,2024-11-28,6114
2344,華邦電,27,1,26,台中銀-員林,2024-11-28,6114
00953B,群益優選非投等債,30,5,25,台中銀-員林,2024-11-28,6114
2332,友訊,37,13,24,台中銀-員林,2024-11-28,6114
9105,泰金寶-DR,42,22,20,台中銀-員林,2024-11-28,6114
2303,聯電,25,6,19,台中銀-員林,2024-11-28,6114
1301,台塑,18,0,18,台中銀-員林,2024-11-28,6114
00940,元大台灣價值高息,17,1,16,台中銀-員林,2024-11-28,6114
00930,永豐ESG低碳高息,15,0,15,台中銀-員林,2024-11-28,6114
1618,合機,16,1,15,台中銀-員林,2024-11-28,6114
8171,天宇,16,1,15,台中銀-員林,2024-11-28,6114
2070,精湛,42,27,15,台中銀-員林,2024-11-28,6114
3711,日月光投控,14,0,14,台中銀-員林,2024-11-28,6114
6695,芯鼎,15,1,14,台中銀-員林,2024-11-28,6114
2603,長榮,15,1,14,台中銀-員林,2024-11-28,6114
3323,加百裕,34,22,12,台中銀-員林,2024-11-28,6114
6175,立敦,13,1,12,台中銀-員林,2024-11-28,6114
0056,元大高股息,27,16,11,台中銀-員林,2024-11-28,6114
6706,惠特,11,0,11,台中銀-員林,2024-11-28,6114
1471,首利,10,0,10,台中銀-員林,2024-11-28,6114
1718,中纖,10,0,10,台中銀-員林,2024-11-28,6114
2349,錸德,11,1,10,台中銀-員林,2024-11-28,6114
2317,鴻海,20,10,10,台中銀-員林,2024-11-28,6114
4927,泰鼎-KY,16,7,9,台中銀-員林,2024-11-28,6114
4401,東隆興,8,0,8,台中銀-員林,2024-11-28,6114
4526,東台,9,1,8,台中銀-員林,2024-11-28,6114
3189,景碩,7,0,7,台中銀-員林,2024-11-28,6114
1304,台聚,7,0,7,台中銀-員林,2024-11-28,6114
2615,萬海,8,1,7,台中銀-員林,2024-11-28,6114
00713,元大台灣高息低波,6,0,6,台中銀-員林,2024-11-28,6114
1413,宏洲,6,0,6,台中銀-員林,2024-11-28,6114
2313,華通,6,0,6,台中銀-員林,2024-11-28,6114
3013,晟銘電,6,0,6,台中銀-員林,2024-11-28,6114
3021,鴻名,6,0,6,台中銀-員林,2024-11-28,6114
3038,全台,6,0,6,台中銀-員林,2024-11-28,6114
4147,中裕,6,0,6,台中銀-員林,2024-11-28,6114
6156,松上,6,0,6,台中銀-員林,2024-11-28,6114
00830,國泰費城半導體,5,0,5,台中銀-員林,2024-11-28,6114
00891,中信關鍵半導體,5,0,5,台中銀-員林,2024-11-28,6114
00688L,國泰20年美債正2,5,0,5,台中銀-員林,2024-11-28,6114
2408,南亞科,201,3,198,台中銀-員林,2024-11-29,6114
4927,泰鼎-KY,130,6,124,台中銀-員林,2024-11-29,6114
2812,台中銀,106,0,106,台中銀-員林,2024-11-29,6114
1536,和大,102,7,95,台中銀-員林,2024-11-29,6114
3706,神達,275,206,69,台中銀-員林,2024-11-29,6114
8171,天宇,72,11,61,台中銀-員林,2024-11-29,6114
2312,金寶,85,32,53,台中銀-員林,2024-11-29,6114
4562,穎漢,50,0,50,台中銀-員林,2024-11-29,6114
5309,系統電,66,22,44,台中銀-員林,2024-11-29,6114
1326,台化,27,0,27,台中銀-員林,2024-11-29,6114
2324,仁寶,21,1,20,台中銀-員林,2024-11-29,6114
00953B,群益優選非投等債,30,10,20,台中銀-員林,2024-11-29,6114
00687B,國泰20年美債,32,13,19,台中銀-員林,2024-11-29,6114
1301,台塑,18,0,18,台中銀-員林,2024-11-29,6114
6770,力積電,18,1,17,台中銀-員林,2024-11-29,6114
00878,國泰永續高股息,17,0,17,台中銀-員林,2024-11-29,6114
2382,廣達,15,1,14,台中銀-員林,2024-11-29,6114
2317,鴻海,19,6,13,台中銀-員林,2024-11-29,6114
00919,群益台灣精選高息,15,2,13,台中銀-員林,2024-11-29,6114
4401,東隆興,12,0,12,台中銀-員林,2024-11-29,6114
2002,中鋼,11,0,11,台中銀-員林,2024-11-29,6114
3090,日電貿,14,3,11,台中銀-員林,2024-11-29,6114
2887,台新金,10,0,10,台中銀-員林,2024-11-29,6114
1605,華新,10,1,9,台中銀-員林,2024-11-29,6114
2615,萬海,11,2,9,台中銀-員林,2024-11-29,6114
6558,興能高,18,9,9,台中銀-員林,2024-11-29,6114
9105,泰金寶-DR,48,39,9,台中銀-員林,2024-11-29,6114
0056,元大高股息,10,1,9,台中銀-員林,2024-11-29,6114
1303,南亞,9,0,9,台中銀-員林,2024-11-29,6114
00929,復華台灣科技優息,22,14,8,台中銀-員林,2024-11-29,6114
006208,富邦台50,8,0,8,台中銀-員林,2024-11-29,6114
2834,臺企銀,8,0,8,台中銀-員林,2024-11-29,6114
2344,華邦電,12,4,8,台中銀-員林,2024-11-29,6114
5347,世界,10,2,8,台中銀-員林,2024-11-29,6114
5880,合庫金,8,0,8,台中銀-員林,2024-11-29,6114
1504,東元,8,1,7,台中銀-員林,2024-11-29,6114
00679B,元大美債20年,60,53,7,台中銀-員林,2024-11-29,6114
1216,統一,6,0,6,台中銀-員林,2024-11-29,6114
00948B,中信優息投資級債,7,1,6,台中銀-員林,2024-11-29,6114
2426,鼎元,16,10,6,台中銀-員林,2024-11-29,6114
6117,迎廣,6,0,6,台中銀-員林,2024-11-29,6114
2404,漢唐,5,0,5,台中銀-員林,2024-11-29,6114
00905,FT臺灣Smart,5,0,5,台中銀-員林,2024-11-29,6114
2031,新光鋼,5,0,5,台中銀-員林,2024-11-29,6114
2455,全新,5,0,5,台中銀-員林,2024-11-29,6114
2891,中信金,5,0,5,台中銀-員林,2024-11-29,6114
3516,亞帝歐,5,0,5,台中銀-員林,2024-11-29,6114
4729,熒茂,7,2,5,台中銀-員林,2024-11-29,6114
6153,嘉聯益,5,0,5,台中銀-員林,2024-11-29,6114
2633,台灣高鐵,4,0,4,台中銀-員林,2024-11-29,6114
9105,泰金寶-DR,308,23,285,台中銀-員林,2024-12-02,6114
00953B,群益優選非投等債,160,5,155,台中銀-員林,2024-12-02,6114
2317,鴻海,61,1,60,台中銀-員林,2024-12-02,6114
2354,鴻準,81,31,50,台中銀-員林,2024-12-02,6114
1536,和大,70,24,46,台中銀-員林,2024-12-02,6114
00715L,期街口布蘭特正2,41,1,40,台中銀-員林,2024-12-02,6114
3450,聯鈞,34,5,29,台中銀-員林,2024-12-02,6114
2467,志聖,30,3,27,台中銀-員林,2024-12-02,6114
1303,南亞,25,0,25,台中銀-員林,2024-12-02,6114
00688L,國泰20年美債正2,25,0,25,台中銀-員林,2024-12-02,6114
6838,台新藥,24,0,24,台中銀-員林,2024-12-02,6114
2371,大同,30,8,22,台中銀-員林,2024-12-02,6114
3090,日電貿,21,0,21,台中銀-員林,2024-12-02,6114
1802,台玻,22,1,21,台中銀-員林,2024-12-02,6114
2408,南亞科,20,0,20,台中銀-員林,2024-12-02,6114
4123,晟德,28,9,19,台中銀-員林,2024-12-02,6114
5244,弘凱,63,45,18,台中銀-員林,2024-12-02,6114
00878,國泰永續高股息,17,0,17,台中銀-員林,2024-12-02,6114
1528,恩德,36,20,16,台中銀-員林,2024-12-02,6114
2426,鼎元,18,5,13,台中銀-員林,2024-12-02,6114
6901,鑽石投資,12,0,12,台中銀-員林,2024-12-02,6114
3673,TPK-KY,12,0,12,台中銀-員林,2024-12-02,6114
2495,普安,13,2,11,台中銀-員林,2024-12-02,6114
3062,建漢,11,0,11,台中銀-員林,2024-12-02,6114
00939,統一台灣高息動能,10,0,10,台中銀-員林,2024-12-02,6114
1785,光洋科,10,0,10,台中銀-員林,2024-12-02,6114
2031,新光鋼,10,0,10,台中銀-員林,2024-12-02,6114
2351,順德,10,0,10,台中銀-員林,2024-12-02,6114
3031,佰鴻,10,0,10,台中銀-員林,2024-12-02,6114
3379,彬台,10,0,10,台中銀-員林,2024-12-02,6114
3516,亞帝歐,10,0,10,台中銀-員林,2024-12-02,6114
4303,信立,34,24,10,台中銀-員林,2024-12-02,6114
6120,達運,10,0,10,台中銀-員林,2024-12-02,6114
00662,富邦NASDAQ,10,0,10,台中銀-員林,2024-12-02,6114
2442,新美齊,9,0,9,台中銀-員林,2024-12-02,6114
2464,盟立,20,11,9,台中銀-員林,2024-12-02,6114
2002,中鋼,8,0,8,台中銀-員林,2024-12-02,6114
3591,艾笛森,10,2,8,台中銀-員林,2024-12-02,6114
00919,群益台灣精選高息,8,0,8,台中銀-員林,2024-12-02,6114
6116,彩晶,7,0,7,台中銀-員林,2024-12-02,6114
2540,愛山林,8,1,7,台中銀-員林,2024-12-02,6114
00882,中信中國高股息,7,0,7,台中銀-員林,2024-12-02,6114
00948B,中信優息投資級債,7,0,7,台中銀-員林,2024-12-02,6114
5309,系統電,16,10,6,台中銀-員林,2024-12-02,6114
00753L,中信中國50正2,6,0,6,台中銀-員林,2024-12-02,6114
1616,億泰,6,0,6,台中銀-員林,2024-12-02,6114
3211,順達,43,37,6,台中銀-員林,2024-12-02,6114
6153,嘉聯益,6,0,6,台中銀-員林,2024-12-02,6114
00713,元大台灣高息低波,5,0,5,台中銀-員林,2024-12-02,6114
2017,官田鋼,5,0,5,台中銀-員林,2024-12-02,6114
2354,鴻準,243,18,225,台中銀-員林,2024-12-03,6114
3706,神達,201,83,118,台中銀-員林,2024-12-03,6114
2408,南亞科,101,0,101,台中銀-員林,2024-12-03,6114
00919,群益台灣精選高息,69,1,68,台中銀-員林,2024-12-03,6114
00933B,國泰10Y+金融債,62,3,59,台中銀-員林,2024-12-03,6114
00715L,期街口布蘭特正2,53,0,53,台中銀-員林,2024-12-03,6114
2317,鴻海,60,10,50,台中銀-員林,2024-12-03,6114
00905,FT臺灣Smart,35,0,35,台中銀-員林,2024-12-03,6114
1536,和大,43,19,24,台中銀-員林,2024-12-03,6114
2646,星宇航空,31,9,22,台中銀-員林,2024-12-03,6114
00632R,元大台灣50反1,20,0,20,台中銀-員林,2024-12-03,6114
1802,台玻,20,0,20,台中銀-員林,2024-12-03,6114
3694,海華,17,0,17,台中銀-員林,2024-12-03,6114
8033,雷虎,14,0,14,台中銀-員林,2024-12-03,6114
1711,永光,15,2,13,台中銀-員林,2024-12-03,6114
2034,允強,13,0,13,台中銀-員林,2024-12-03,6114
00918,大華優利高填息30,12,0,12,台中銀-員林,2024-12-03,6114
00955,中信日本商社,11,0,11,台中銀-員林,2024-12-03,6114
2344,華邦電,14,3,11,台中銀-員林,2024-12-03,6114
00921,兆豐龍頭等權重,10,0,10,台中銀-員林,2024-12-03,6114
00930,永豐ESG低碳高息,20,10,10,台中銀-員林,2024-12-03,6114
2332,友訊,10,0,10,台中銀-員林,2024-12-03,6114
4931,新盛力,12,2,10,台中銀-員林,2024-12-03,6114
6505,台塑化,10,0,10,台中銀-員林,2024-12-03,6114
2615,萬海,16,7,9,台中銀-員林,2024-12-03,6114
3338,泰碩,28,20,8,台中銀-員林,2024-12-03,6114
2405,輔信,8,0,8,台中銀-員林,2024-12-03,6114
2630,亞航,11,3,8,台中銀-員林,2024-12-03,6114
8249,菱光,10,2,8,台中銀-員林,2024-12-03,6114
3231,緯創,7,0,7,台中銀-員林,2024-12-03,6114
2204,中華,8,1,7,台中銀-員林,2024-12-03,6114
6770,力積電,12,5,7,台中銀-員林,2024-12-03,6114
00915,凱基優選高股息30,6,0,6,台中銀-員林,2024-12-03,6114
4909,新復興,12,6,6,台中銀-員林,2024-12-03,6114
5328,華容,10,4,6,台中銀-員林,2024-12-03,6114
8476,台境*,6,0,6,台中銀-員林,2024-12-03,6114
3211,順達,84,78,6,台中銀-員林,2024-12-03,6114
00713,元大台灣高息低波,6,0,6,台中銀-員林,2024-12-03,6114
00946,群益科技高息成長,5,0,5,台中銀-員林,2024-12-03,6114
1102,亞泥,5,0,5,台中銀-員林,2024-12-03,6114
1413,宏洲,5,0,5,台中銀-員林,2024-12-03,6114
2425,承啟,5,0,5,台中銀-員林,2024-12-03,6114
3710,連展投控,5,0,5,台中銀-員林,2024-12-03,6114
6509,聚和,5,0,5,台中銀-員林,2024-12-03,6114
6672,騰輝電子-KY,5,0,5,台中銀-員林,2024-12-03,6114
00662,富邦NASDAQ,4,0,4,台中銀-員林,2024-12-03,6114
2449,京元電子,5,1,4,台中銀-員林,2024-12-03,6114
2498,宏達電,6,2,4,台中銀-員林,2024-12-03,6114
3625,西勝,4,0,4,台中銀-員林,2024-12-03,6114
5871,中租-KY,4,0,4,台中銀-員林,2024-12-03,6114
00919,群益台灣精選高息,117,14,103,台中銀-員林,2024-12-04,6114
1605,華新,66,3,63,台中銀-員林,2024-12-04,6114
3450,聯鈞,66,20,46,台中銀-員林,2024-12-04,6114
1536,和大,44,0,44,台中銀-員林,2024-12-04,6114
4721,美琪瑪,40,1,39,台中銀-員林,2024-12-04,6114
4931,新盛力,37,14,23,台中銀-員林,2024-12-04,6114
00878,國泰永續高股息,22,1,21,台中銀-員林,2024-12-04,6114
2887,台新金,21,0,21,台中銀-員林,2024-12-04,6114
3609,三一東林,21,0,21,台中銀-員林,2024-12-04,6114
00945B,凱基美國非投等債,20,0,20,台中銀-員林,2024-12-04,6114
00753L,中信中國50正2,20,0,20,台中銀-員林,2024-12-04,6114
6191,精成科,20,0,20,台中銀-員林,2024-12-04,6114
3015,全漢,28,9,19,台中銀-員林,2024-12-04,6114
3591,艾笛森,20,2,18,台中銀-員林,2024-12-04,6114
00680L,元大美債20正2,17,0,17,台中銀-員林,2024-12-04,6114
00679B,元大美債20年,21,5,16,台中銀-員林,2024-12-04,6114
2303,聯電,22,6,16,台中銀-員林,2024-12-04,6114
8374,羅昇,15,0,15,台中銀-員林,2024-12-04,6114
2419,仲琦,18,5,13,台中銀-員林,2024-12-04,6114
6270,倍微,13,0,13,台中銀-員林,2024-12-04,6114
4938,和碩,12,0,12,台中銀-員林,2024-12-04,6114
2375,凱美,20,9,11,台中銀-員林,2024-12-04,6114
3380,明泰,11,0,11,台中銀-員林,2024-12-04,6114
4303,信立,35,24,11,台中銀-員林,2024-12-04,6114
00673R,期元大S＆P原油反1,10,0,10,台中銀-員林,2024-12-04,6114
1101,台泥,10,0,10,台中銀-員林,2024-12-04,6114
2025,千興,10,0,10,台中銀-員林,2024-12-04,6114
8101,華冠,10,0,10,台中銀-員林,2024-12-04,6114
4927,泰鼎-KY,17,8,9,台中銀-員林,2024-12-04,6114
8032,光菱,11,2,9,台中銀-員林,2024-12-04,6114
2312,金寶,32,24,8,台中銀-員林,2024-12-04,6114
2344,華邦電,9,1,8,台中銀-員林,2024-12-04,6114
3049,精金,8,0,8,台中銀-員林,2024-12-04,6114
4903,聯光通,10,2,8,台中銀-員林,2024-12-04,6114
00713,元大台灣高息低波,7,0,7,台中銀-員林,2024-12-04,6114
3228,金麗科,14,7,7,台中銀-員林,2024-12-04,6114
5244,弘凱,80,73,7,台中銀-員林,2024-12-04,6114
9105,泰金寶-DR,10,3,7,台中銀-員林,2024-12-04,6114
2618,長榮航,29,22,7,台中銀-員林,2024-12-04,6114
2382,廣達,7,0,7,台中銀-員林,2024-12-04,6114
1808,潤隆,7,1,6,台中銀-員林,2024-12-04,6114
00918,大華優利高填息30,6,0,6,台中銀-員林,2024-12-04,6114
00857B,永豐20年美公債,10,4,6,台中銀-員林,2024-12-04,6114
1316,上曜,6,0,6,台中銀-員林,2024-12-04,6114
1413,宏洲,6,0,6,台中銀-員林,2024-12-04,6114
00960,野村全球航運龍頭,5,0,5,台中銀-員林,2024-12-04,6114
00959B,大華投等美債15Y+,5,0,5,台中銀-員林,2024-12-04,6114
00885,富邦越南,5,0,5,台中銀-員林,2024-12-04,6114
0056,元大高股息,5,0,5,台中銀-員林,2024-12-04,6114
1301,台塑,5,0,5,台中銀-員林,2024-12-04,6114
00918,大華優利高填息30,167,0,167,台中銀-員林,2024-12-05,6114
2354,鴻準,133,52,81,台中銀-員林,2024-12-05,6114
6770,力積電,74,1,73,台中銀-員林,2024-12-05,6114
00715L,期街口布蘭特正2,53,0,53,台中銀-員林,2024-12-05,6114
2303,聯電,43,1,42,台中銀-員林,2024-12-05,6114
3323,加百裕,43,8,35,台中銀-員林,2024-12-05,6114
3090,日電貿,31,4,27,台中銀-員林,2024-12-05,6114
1536,和大,22,0,22,台中銀-員林,2024-12-05,6114
00953B,群益優選非投等債,22,0,22,台中銀-員林,2024-12-05,6114
1326,台化,21,0,21,台中銀-員林,2024-12-05,6114
1446,宏和,21,0,21,台中銀-員林,2024-12-05,6114
2349,錸德,21,0,21,台中銀-員林,2024-12-05,6114
00944,野村趨勢動能高息,20,0,20,台中銀-員林,2024-12-05,6114
00878,國泰永續高股息,31,12,19,台中銀-員林,2024-12-05,6114
2317,鴻海,24,7,17,台中銀-員林,2024-12-05,6114
2363,矽統,20,3,17,台中銀-員林,2024-12-05,6114
00665L,富邦�琤肭磪囓�2,23,7,16,台中銀-員林,2024-12-05,6114
00915,凱基優選高股息30,15,0,15,台中銀-員林,2024-12-05,6114
2375,凱美,62,47,15,台中銀-員林,2024-12-05,6114
2419,仲琦,18,3,15,台中銀-員林,2024-12-05,6114
2615,萬海,17,3,14,台中銀-員林,2024-12-05,6114
6901,鑽石投資,12,0,12,台中銀-員林,2024-12-05,6114
00753L,中信中國50正2,22,10,12,台中銀-員林,2024-12-05,6114
0056,元大高股息,14,3,11,台中銀-員林,2024-12-05,6114
2312,金寶,16,5,11,台中銀-員林,2024-12-05,6114
3043,科風,14,3,11,台中銀-員林,2024-12-05,6114
1605,華新,13,3,10,台中銀-員林,2024-12-05,6114
5328,華容,18,8,10,台中銀-員林,2024-12-05,6114
4303,信立,32,23,9,台中銀-員林,2024-12-05,6114
1721,三晃,9,0,9,台中銀-員林,2024-12-05,6114
8028,昇陽半導體,11,2,9,台中銀-員林,2024-12-05,6114
2603,長榮,9,1,8,台中銀-員林,2024-12-05,6114
6451,訊芯-KY,41,33,8,台中銀-員林,2024-12-05,6114
00960,野村全球航運龍頭,8,1,7,台中銀-員林,2024-12-05,6114
1316,上曜,12,6,6,台中銀-員林,2024-12-05,6114
2344,華邦電,7,1,6,台中銀-員林,2024-12-05,6114
2392,正崴,18,12,6,台中銀-員林,2024-12-05,6114
2426,鼎元,6,0,6,台中銀-員林,2024-12-05,6114
2477,美隆電,7,1,6,台中銀-員林,2024-12-05,6114
2497,怡利電,6,0,6,台中銀-員林,2024-12-05,6114
2809,京城銀,6,0,6,台中銀-員林,2024-12-05,6114
3163,波若威,21,15,6,台中銀-員林,2024-12-05,6114
3234,光環,6,0,6,台中銀-員林,2024-12-05,6114
3374,精材,6,0,6,台中銀-員林,2024-12-05,6114
1815,富喬,114,109,5,台中銀-員林,2024-12-05,6114
00881,國泰台灣5G+,5,0,5,台中銀-員林,2024-12-05,6114
00662,富邦NASDAQ,5,0,5,台中銀-員林,2024-12-05,6114
1514,亞力,5,0,5,台中銀-員林,2024-12-05,6114
1718,中纖,5,0,5,台中銀-員林,2024-12-05,6114
2476,鉅祥,5,0,5,台中銀-員林,2024-12-05,6114
2399,映泰,132,22,110,台中銀-員林,2024-12-06,6114
00715L,期街口布蘭特正2,114,10,104,台中銀-員林,2024-12-06,6114
2408,南亞科,70,0,70,台中銀-員林,2024-12-06,6114
1605,華新,60,17,43,台中銀-員林,2024-12-06,6114
2354,鴻準,83,46,37,台中銀-員林,2024-12-06,6114
2425,承啟,33,1,32,台中銀-員林,2024-12-06,6114
1326,台化,29,0,29,台中銀-員林,2024-12-06,6114
00918,大華優利高填息30,29,0,29,台中銀-員林,2024-12-06,6114
2312,金寶,35,8,27,台中銀-員林,2024-12-06,6114
00864B,中信美國公債0-1,25,0,25,台中銀-員林,2024-12-06,6114
006208,富邦台50,22,0,22,台中銀-員林,2024-12-06,6114
00962,台新AI優息動能,21,0,21,台中銀-員林,2024-12-06,6114
4303,信立,46,25,21,台中銀-員林,2024-12-06,6114
00942B,台新美A公司債20+,20,0,20,台中銀-員林,2024-12-06,6114
2323,中環,35,15,20,台中銀-員林,2024-12-06,6114
2888,新光金,20,0,20,台中銀-員林,2024-12-06,6114
2349,錸德,21,2,19,台中銀-員林,2024-12-06,6114
00795B,中信美國公債20年,16,0,16,台中銀-員林,2024-12-06,6114
2431,聯昌,17,2,15,台中銀-員林,2024-12-06,6114
3625,西勝,14,0,14,台中銀-員林,2024-12-06,6114
00662,富邦NASDAQ,13,0,13,台中銀-員林,2024-12-06,6114
2337,旺宏,14,2,12,台中銀-員林,2024-12-06,6114
2351,順德,11,0,11,台中銀-員林,2024-12-06,6114
1301,台塑,16,5,11,台中銀-員林,2024-12-06,6114
1815,富喬,25,15,10,台中銀-員林,2024-12-06,6114
00909,國泰數位支付服務,10,0,10,台中銀-員林,2024-12-06,6114
1536,和大,11,2,9,台中銀-員林,2024-12-06,6114
2313,華通,11,2,9,台中銀-員林,2024-12-06,6114
3317,尼克森,9,0,9,台中銀-員林,2024-12-06,6114
3450,聯鈞,11,2,9,台中銀-員林,2024-12-06,6114
3673,TPK-KY,9,0,9,台中銀-員林,2024-12-06,6114
3706,神達,141,132,9,台中銀-員林,2024-12-06,6114
1560,中砂,8,0,8,台中銀-員林,2024-12-06,6114
2324,仁寶,11,3,8,台中銀-員林,2024-12-06,6114
6284,佳邦,9,1,8,台中銀-員林,2024-12-06,6114
8403,盛弘,8,0,8,台中銀-員林,2024-12-06,6114
00953B,群益優選非投等債,7,0,7,台中銀-員林,2024-12-06,6114
2405,輔信,24,17,7,台中銀-員林,2024-12-06,6114
3202,樺晟,9,2,7,台中銀-員林,2024-12-06,6114
8261,富鼎,10,3,7,台中銀-員林,2024-12-06,6114
1584,精剛,7,1,6,台中銀-員林,2024-12-06,6114
1612,宏泰,6,0,6,台中銀-員林,2024-12-06,6114
3550,聯穎,6,0,6,台中銀-員林,2024-12-06,6114
5309,系統電,6,0,6,台中銀-員林,2024-12-06,6114
6962,ITH-KY,6,0,6,台中銀-員林,2024-12-06,6114
8086,宏捷科,7,1,6,台中銀-員林,2024-12-06,6114
8091,翔名,6,0,6,台中銀-員林,2024-12-06,6114
00965,元大航太防衛科技,5,0,5,台中銀-員林,2024-12-06,6114
2453,凌群,11,6,5,台中銀-員林,2024-12-06,6114
2457,飛宏,5,0,5,台中銀-員林,2024-12-06,6114
2812,台中銀,799,5,794,台中銀-員林,2024-12-09,6114
00715L,期街口布蘭特正2,375,0,375,台中銀-員林,2024-12-09,6114
2317,鴻海,212,19,193,台中銀-員林,2024-12-09,6114
00878,國泰永續高股息,132,2,130,台中銀-員林,2024-12-09,6114
00953B,群益優選非投等債,61,0,61,台中銀-員林,2024-12-09,6114
4979,華星光,71,10,61,台中銀-員林,2024-12-09,6114
6189,豐藝,55,0,55,台中銀-員林,2024-12-09,6114
2471,資通,52,2,50,台中銀-員林,2024-12-09,6114
2495,普安,47,0,47,台中銀-員林,2024-12-09,6114
00959B,大華投等美債15Y+,40,0,40,台中銀-員林,2024-12-09,6114
2891,中信金,40,1,39,台中銀-員林,2024-12-09,6114
6695,芯鼎,48,9,39,台中銀-員林,2024-12-09,6114
00637L,元大滬深300正2,40,10,30,台中銀-員林,2024-12-09,6114
1785,光洋科,66,36,30,台中銀-員林,2024-12-09,6114
3706,神達,105,76,29,台中銀-員林,2024-12-09,6114
4303,信立,44,20,24,台中銀-員林,2024-12-09,6114
1815,富喬,35,12,23,台中銀-員林,2024-12-09,6114
2610,華航,37,17,20,台中銀-員林,2024-12-09,6114
2605,新興,20,0,20,台中銀-員林,2024-12-09,6114
3607,谷崧,33,13,20,台中銀-員林,2024-12-09,6114
00662,富邦NASDAQ,15,0,15,台中銀-員林,2024-12-09,6114
8929,富堡,15,0,15,台中銀-員林,2024-12-09,6114
3323,加百裕,18,5,13,台中銀-員林,2024-12-09,6114
1608,華榮,12,0,12,台中銀-員林,2024-12-09,6114
8150,南茂,12,0,12,台中銀-員林,2024-12-09,6114
2615,萬海,42,31,11,台中銀-員林,2024-12-09,6114
3162,精確,11,0,11,台中銀-員林,2024-12-09,6114
1802,台玻,10,0,10,台中銀-員林,2024-12-09,6114
1532,勤美,10,0,10,台中銀-員林,2024-12-09,6114
2472,立隆電,34,24,10,台中銀-員林,2024-12-09,6114
3576,聯合再生,10,0,10,台中銀-員林,2024-12-09,6114
4503,金雨,10,0,10,台中銀-員林,2024-12-09,6114
2887,台新金,10,1,9,台中銀-員林,2024-12-09,6114
2449,京元電子,9,0,9,台中銀-員林,2024-12-09,6114
2002,中鋼,8,0,8,台中銀-員林,2024-12-09,6114
2488,漢平,8,0,8,台中銀-員林,2024-12-09,6114
2633,台灣高鐵,8,0,8,台中銀-員林,2024-12-09,6114
00926,凱基全球菁英55,7,0,7,台中銀-員林,2024-12-09,6114
3211,順達,33,26,7,台中銀-員林,2024-12-09,6114
1605,華新,11,4,7,台中銀-員林,2024-12-09,6114
3710,連展投控,7,0,7,台中銀-員林,2024-12-09,6114
6770,力積電,13,6,7,台中銀-員林,2024-12-09,6114
4971,IET-KY,7,0,7,台中銀-員林,2024-12-09,6114
0056,元大高股息,7,0,7,台中銀-員林,2024-12-09,6114
1524,耿鼎,10,3,7,台中銀-員林,2024-12-09,6114
0050,元大台灣50,7,0,7,台中銀-員林,2024-12-09,6114
3548,兆利,8,2,6,台中銀-員林,2024-12-09,6114
2520,冠德,6,0,6,台中銀-員林,2024-12-09,6114
3062,建漢,6,0,6,台中銀-員林,2024-12-09,6114
3380,明泰,6,0,6,台中銀-員林,2024-12-09,6114
00937B,群益ESG投等債20,100,0,100,台中銀-員林,2024-12-10,6114
6189,豐藝,91,0,91,台中銀-員林,2024-12-10,6114
3211,順達,85,20,65,台中銀-員林,2024-12-10,6114
4303,信立,42,0,42,台中銀-員林,2024-12-10,6114
9105,泰金寶-DR,37,0,37,台中銀-員林,2024-12-10,6114
4909,新復興,33,0,33,台中銀-員林,2024-12-10,6114
2317,鴻海,31,2,29,台中銀-員林,2024-12-10,6114
1618,合機,25,0,25,台中銀-員林,2024-12-10,6114
3706,神達,252,228,24,台中銀-員林,2024-12-10,6114
00887,永豐中國科技50大,71,48,23,台中銀-員林,2024-12-10,6114
9933,中鼎,21,0,21,台中銀-員林,2024-12-10,6114
00940,元大台灣價值高息,21,1,20,台中銀-員林,2024-12-10,6114
1303,南亞,20,0,20,台中銀-員林,2024-12-10,6114
2344,華邦電,20,0,20,台中銀-員林,2024-12-10,6114
3081,聯亞,20,0,20,台中銀-員林,2024-12-10,6114
4906,正文,20,0,20,台中銀-員林,2024-12-10,6114
2609,陽明,67,48,19,台中銀-員林,2024-12-10,6114
3481,群創,80,61,19,台中銀-員林,2024-12-10,6114
00919,群益台灣精選高息,19,1,18,台中銀-員林,2024-12-10,6114
1605,華新,26,9,17,台中銀-員林,2024-12-10,6114
0056,元大高股息,17,0,17,台中銀-員林,2024-12-10,6114
00918,大華優利高填息30,15,0,15,台中銀-員林,2024-12-10,6114
2618,長榮航,47,32,15,台中銀-員林,2024-12-10,6114
00878,國泰永續高股息,14,0,14,台中銀-員林,2024-12-10,6114
1449,佳和,19,6,13,台中銀-員林,2024-12-10,6114
6505,台塑化,13,0,13,台中銀-員林,2024-12-10,6114
3231,緯創,14,2,12,台中銀-員林,2024-12-10,6114
3694,海華,27,15,12,台中銀-員林,2024-12-10,6114
00637L,元大滬深300正2,35,23,12,台中銀-員林,2024-12-10,6114
00909,國泰數位支付服務,11,0,11,台中銀-員林,2024-12-10,6114
2891,中信金,12,1,11,台中銀-員林,2024-12-10,6114
3265,台星科,10,0,10,台中銀-員林,2024-12-10,6114
3622,洋華,11,1,10,台中銀-員林,2024-12-10,6114
6470,宇智,11,1,10,台中銀-員林,2024-12-10,6114
2646,星宇航空,10,1,9,台中銀-員林,2024-12-10,6114
00679B,元大美債20年,20,12,8,台中銀-員林,2024-12-10,6114
1815,富喬,43,35,8,台中銀-員林,2024-12-10,6114
2388,威盛,20,12,8,台中銀-員林,2024-12-10,6114
3162,精確,17,9,8,台中銀-員林,2024-12-10,6114
4123,晟德,11,3,8,台中銀-員林,2024-12-10,6114
2363,矽統,16,9,7,台中銀-員林,2024-12-10,6114
6937,天虹,8,1,7,台中銀-員林,2024-12-10,6114
1582,信錦,7,0,7,台中銀-員林,2024-12-10,6114
2442,新美齊,7,0,7,台中銀-員林,2024-12-10,6114
3038,全台,7,0,7,台中銀-員林,2024-12-10,6114
8088,品安,7,0,7,台中銀-員林,2024-12-10,6114
00882,中信中國高股息,30,24,6,台中銀-員林,2024-12-10,6114
1584,精剛,6,0,6,台中銀-員林,2024-12-10,6114
5907,大洋-KY,6,0,6,台中銀-員林,2024-12-10,6114
1216,統一,5,0,5,台中銀-員林,2024-12-10,6114
2812,台中銀,615,0,615,台中銀-員林,2024-12-11,6114
2408,南亞科,202,2,200,台中銀-員林,2024-12-11,6114
9105,泰金寶-DR,106,1,105,台中銀-員林,2024-12-11,6114
00919,群益台灣精選高息,65,0,65,台中銀-員林,2024-12-11,6114
6770,力積電,61,12,49,台中銀-員林,2024-12-11,6114
8374,羅昇,50,2,48,台中銀-員林,2024-12-11,6114
3231,緯創,47,6,41,台中銀-員林,2024-12-11,6114
00918,大華優利高填息30,38,0,38,台中銀-員林,2024-12-11,6114
00878,國泰永續高股息,34,1,33,台中銀-員林,2024-12-11,6114
2453,凌群,48,15,33,台中銀-員林,2024-12-11,6114
2303,聯電,34,3,31,台中銀-員林,2024-12-11,6114
1785,光洋科,45,14,31,台中銀-員林,2024-12-11,6114
00688L,國泰20年美債正2,30,0,30,台中銀-員林,2024-12-11,6114
2344,華邦電,28,0,28,台中銀-員林,2024-12-11,6114
2317,鴻海,30,3,27,台中銀-員林,2024-12-11,6114
2887,台新金,25,0,25,台中銀-員林,2024-12-11,6114
1326,台化,22,0,22,台中銀-員林,2024-12-11,6114
0056,元大高股息,21,1,20,台中銀-員林,2024-12-11,6114
2354,鴻準,25,6,19,台中銀-員林,2024-12-11,6114
00940,元大台灣價值高息,18,0,18,台中銀-員林,2024-12-11,6114
00887,永豐中國科技50大,16,0,16,台中銀-員林,2024-12-11,6114
2610,華航,33,17,16,台中銀-員林,2024-12-11,6114
00948B,中信優息投資級債,15,0,15,台中銀-員林,2024-12-11,6114
3234,光環,14,0,14,台中銀-員林,2024-12-11,6114
2603,長榮,24,10,14,台中銀-員林,2024-12-11,6114
2367,燿華,15,1,14,台中銀-員林,2024-12-11,6114
2002,中鋼,13,2,11,台中銀-員林,2024-12-11,6114
1446,宏和,11,0,11,台中銀-員林,2024-12-11,6114
2349,錸德,11,0,11,台中銀-員林,2024-12-11,6114
00946,群益科技高息成長,10,0,10,台中銀-員林,2024-12-11,6114
00942B,台新美A公司債20+,10,0,10,台中銀-員林,2024-12-11,6114
2038,海光,10,0,10,台中銀-員林,2024-12-11,6114
2615,萬海,12,3,9,台中銀-員林,2024-12-11,6114
3038,全台,9,0,9,台中銀-員林,2024-12-11,6114
3673,TPK-KY,9,0,9,台中銀-員林,2024-12-11,6114
2449,京元電子,8,0,8,台中銀-員林,2024-12-11,6114
2201,裕隆,10,2,8,台中銀-員林,2024-12-11,6114
8054,安國,12,4,8,台中銀-員林,2024-12-11,6114
8249,菱光,11,3,8,台中銀-員林,2024-12-11,6114
2618,長榮航,25,18,7,台中銀-員林,2024-12-11,6114
2634,漢翔,9,2,7,台中銀-員林,2024-12-11,6114
2886,兆豐金,7,0,7,台中銀-員林,2024-12-11,6114
8088,品安,7,0,7,台中銀-員林,2024-12-11,6114
00915,凱基優選高股息30,6,0,6,台中銀-員林,2024-12-11,6114
00637L,元大滬深300正2,6,0,6,台中銀-員林,2024-12-11,6114
2388,威盛,6,0,6,台中銀-員林,2024-12-11,6114
2464,盟立,10,4,6,台中銀-員林,2024-12-11,6114
2301,光寶科,7,2,5,台中銀-員林,2024-12-11,6114
6438,迅得,5,0,5,台中銀-員林,2024-12-11,6114
00900,富邦特選高股息30,5,0,5,台中銀-員林,2024-12-11,6114
00937B,群益ESG投等債20,102,0,102,台中銀-員林,2024-12-12,6114
00950B,凱基A級公司債,100,0,100,台中銀-員林,2024-12-12,6114
3047,訊舟,97,5,92,台中銀-員林,2024-12-12,6114
1446,宏和,79,0,79,台中銀-員林,2024-12-12,6114
9105,泰金寶-DR,135,58,77,台中銀-員林,2024-12-12,6114
00687B,國泰20年美債,55,0,55,台中銀-員林,2024-12-12,6114
3706,神達,104,51,53,台中銀-員林,2024-12-12,6114
00919,群益台灣精選高息,45,5,40,台中銀-員林,2024-12-12,6114
2317,鴻海,28,1,27,台中銀-員林,2024-12-12,6114
00679B,元大美債20年,38,13,25,台中銀-員林,2024-12-12,6114
1802,台玻,24,0,24,台中銀-員林,2024-12-12,6114
00680L,元大美債20正2,23,0,23,台中銀-員林,2024-12-12,6114
1326,台化,22,0,22,台中銀-員林,2024-12-12,6114
00940,元大台灣價值高息,25,4,21,台中銀-員林,2024-12-12,6114
2883,凱基金,31,12,19,台中銀-員林,2024-12-12,6114
4721,美琪瑪,20,2,18,台中銀-員林,2024-12-12,6114
2312,金寶,26,8,18,台中銀-員林,2024-12-12,6114
3694,海華,32,15,17,台中銀-員林,2024-12-12,6114
00918,大華優利高填息30,16,0,16,台中銀-員林,2024-12-12,6114
2425,承啟,16,0,16,台中銀-員林,2024-12-12,6114
2464,盟立,21,6,15,台中銀-員林,2024-12-12,6114
2881,富邦金,19,5,14,台中銀-員林,2024-12-12,6114
00942B,台新美A公司債20+,14,0,14,台中銀-員林,2024-12-12,6114
2363,矽統,13,0,13,台中銀-員林,2024-12-12,6114
1413,宏洲,12,0,12,台中銀-員林,2024-12-12,6114
2349,錸德,12,0,12,台中銀-員林,2024-12-12,6114
2472,立隆電,22,10,12,台中銀-員林,2024-12-12,6114
3149,正達,12,0,12,台中銀-員林,2024-12-12,6114
2002,中鋼,12,0,12,台中銀-員林,2024-12-12,6114
00662,富邦NASDAQ,11,0,11,台中銀-員林,2024-12-12,6114
4971,IET-KY,12,1,11,台中銀-員林,2024-12-12,6114
6465,威潤,11,0,11,台中銀-員林,2024-12-12,6114
00926,凱基全球菁英55,11,0,11,台中銀-員林,2024-12-12,6114
00924,復華S＆P500成長,10,0,10,台中銀-員林,2024-12-12,6114
00632R,元大台灣50反1,10,0,10,台中銀-員林,2024-12-12,6114
00673R,期元大S＆P原油反1,10,0,10,台中銀-員林,2024-12-12,6114
1708,東鹼,10,0,10,台中銀-員林,2024-12-12,6114
2314,台揚,10,0,10,台中銀-員林,2024-12-12,6114
3622,洋華,10,0,10,台中銀-員林,2024-12-12,6114
5452,佶優,10,0,10,台中銀-員林,2024-12-12,6114
8071,能率網通,10,0,10,台中銀-員林,2024-12-12,6114
6446,藥華藥,9,0,9,台中銀-員林,2024-12-12,6114
2465,麗臺,9,0,9,台中銀-員林,2024-12-12,6114
4510,高鋒,12,3,9,台中銀-員林,2024-12-12,6114
2615,萬海,10,2,8,台中銀-員林,2024-12-12,6114
3202,樺晟,8,0,8,台中銀-員林,2024-12-12,6114
3029,零壹,17,10,7,台中銀-員林,2024-12-12,6114
4576,大銀微系統,8,0,8,台中銀-員林,2024-12-12,6114
4903,聯光通,7,0,7,台中銀-員林,2024-12-12,6114
5465,富驊,10,3,7,台中銀-員林,2024-12-12,6114
2408,南亞科,280,10,270,台中銀-員林,2024-12-13,6114
00918,大華優利高填息30,133,0,133,台中銀-員林,2024-12-13,6114
2812,台中銀,111,0,111,台中銀-員林,2024-12-13,6114
00952,凱基台灣AI50,100,0,100,台中銀-員林,2024-12-13,6114
3481,群創,116,32,84,台中銀-員林,2024-12-13,6114
2317,鴻海,46,1,45,台中銀-員林,2024-12-13,6114
3290,東浦,40,0,40,台中銀-員林,2024-12-13,6114
2353,宏��,44,5,39,台中銀-員林,2024-12-13,6114
00679B,元大美債20年,38,1,37,台中銀-員林,2024-12-13,6114
2883,凱基金,40,4,36,台中銀-員林,2024-12-13,6114
00946,群益科技高息成長,35,0,35,台中銀-員林,2024-12-13,6114
00687B,國泰20年美債,33,0,33,台中銀-員林,2024-12-13,6114
00919,群益台灣精選高息,90,58,32,台中銀-員林,2024-12-13,6114
1532,勤美,32,0,32,台中銀-員林,2024-12-13,6114
3211,順達,45,13,32,台中銀-員林,2024-12-13,6114
3037,欣興,31,0,31,台中銀-員林,2024-12-13,6114
6194,育富,30,0,30,台中銀-員林,2024-12-13,6114
2363,矽統,31,2,29,台中銀-員林,2024-12-13,6114
00942B,台新美A公司債20+,27,0,27,台中銀-員林,2024-12-13,6114
2371,大同,26,1,25,台中銀-員林,2024-12-13,6114
00915,凱基優選高股息30,24,0,24,台中銀-員林,2024-12-13,6114
6770,力積電,27,4,23,台中銀-員林,2024-12-13,6114
3231,緯創,23,2,21,台中銀-員林,2024-12-13,6114
4909,新復興,22,1,21,台中銀-員林,2024-12-13,6114
00937B,群益ESG投等債20,21,1,20,台中銀-員林,2024-12-13,6114
00959B,大華投等美債15Y+,20,0,20,台中銀-員林,2024-12-13,6114
1326,台化,20,0,20,台中銀-員林,2024-12-13,6114
6877,鏵友益,22,2,20,台中銀-員林,2024-12-13,6114
00713,元大台灣高息低波,21,2,19,台中銀-員林,2024-12-13,6114
2002,中鋼,17,0,17,台中銀-員林,2024-12-13,6114
2034,允強,22,5,17,台中銀-員林,2024-12-13,6114
2354,鴻準,17,1,16,台中銀-員林,2024-12-13,6114
00680L,元大美債20正2,17,2,15,台中銀-員林,2024-12-13,6114
00665L,富邦�琤肭磪囓�2,23,8,15,台中銀-員林,2024-12-13,6114
1605,華新,25,10,15,台中銀-員林,2024-12-13,6114
2867,三商壽,15,0,15,台中銀-員林,2024-12-13,6114
8374,羅昇,17,2,15,台中銀-員林,2024-12-13,6114
0056,元大高股息,14,1,13,台中銀-員林,2024-12-13,6114
3013,晟銘電,15,2,13,台中銀-員林,2024-12-13,6114
8111,立��,15,2,13,台中銀-員林,2024-12-13,6114
8147,正淩,13,0,13,台中銀-員林,2024-12-13,6114
2313,華通,13,1,12,台中銀-員林,2024-12-13,6114
3694,海華,24,12,12,台中銀-員林,2024-12-13,6114
2303,聯電,37,25,12,台中銀-員林,2024-12-13,6114
2316,楠梓電,13,2,11,台中銀-員林,2024-12-13,6114
2609,陽明,56,45,11,台中銀-員林,2024-12-13,6114
3576,聯合再生,11,0,11,台中銀-員林,2024-12-13,6114
00929,復華台灣科技優息,15,5,10,台中銀-員林,2024-12-13,6114
00637L,元大滬深300正2,61,51,10,台中銀-員林,2024-12-13,6114
00950B,凱基A級公司債,10,0,10,台中銀-員林,2024-12-13,6114
00919,群益台灣精選高息,254,6,248,台中銀-員林,2024-12-16,6114
9105,泰金寶-DR,229,1,228,台中銀-員林,2024-12-16,6114
2408,南亞科,220,0,220,台中銀-員林,2024-12-16,6114
00680L,元大美債20正2,216,1,215,台中銀-員林,2024-12-16,6114
00751B,元大AAA至A公司債,92,0,92,台中銀-員林,2024-12-16,6114
00687B,國泰20年美債,104,15,89,台中銀-員林,2024-12-16,6114
00960,野村全球航運龍頭,63,2,61,台中銀-員林,2024-12-16,6114
00673R,期元大S＆P原油反1,60,0,60,台中銀-員林,2024-12-16,6114
3231,緯創,50,3,47,台中銀-員林,2024-12-16,6114
2609,陽明,46,2,44,台中銀-員林,2024-12-16,6114
00679B,元大美債20年,42,1,41,台中銀-員林,2024-12-16,6114
00940,元大台灣價值高息,43,4,39,台中銀-員林,2024-12-16,6114
9935,慶豐富,37,1,36,台中銀-員林,2024-12-16,6114
00878,國泰永續高股息,36,0,36,台中銀-員林,2024-12-16,6114
2317,鴻海,41,6,35,台中銀-員林,2024-12-16,6114
0056,元大高股息,35,0,35,台中銀-員林,2024-12-16,6114
006208,富邦台50,42,8,34,台中銀-員林,2024-12-16,6114
3062,建漢,38,4,34,台中銀-員林,2024-12-16,6114
2449,京元電子,42,12,30,台中銀-員林,2024-12-16,6114
00918,大華優利高填息30,30,1,29,台中銀-員林,2024-12-16,6114
1227,佳格,26,0,26,台中銀-員林,2024-12-16,6114
00937B,群益ESG投等債20,35,10,25,台中銀-員林,2024-12-16,6114
00637L,元大滬深300正2,25,0,25,台中銀-員林,2024-12-16,6114
00946,群益科技高息成長,23,0,23,台中銀-員林,2024-12-16,6114
00922,國泰台灣領袖50,22,0,22,台中銀-員林,2024-12-16,6114
00959B,大華投等美債15Y+,22,0,22,台中銀-員林,2024-12-16,6114
2610,華航,23,1,22,台中銀-員林,2024-12-16,6114
1326,台化,22,1,21,台中銀-員林,2024-12-16,6114
00935,野村臺灣新科技50,20,0,20,台中銀-員林,2024-12-16,6114
00900,富邦特選高股息30,20,0,20,台中銀-員林,2024-12-16,6114
2466,冠西電,20,0,20,台中銀-員林,2024-12-16,6114
3481,群創,90,70,20,台中銀-員林,2024-12-16,6114
1301,台塑,17,0,17,台中銀-員林,2024-12-16,6114
6770,力積電,15,0,15,台中銀-員林,2024-12-16,6114
2409,友達,15,0,15,台中銀-員林,2024-12-16,6114
1336,台翰,14,0,14,台中銀-員林,2024-12-16,6114
4558,寶緯,14,1,13,台中銀-員林,2024-12-16,6114
3290,東浦,12,0,12,台中銀-員林,2024-12-16,6114
2812,台中銀,15,3,12,台中銀-員林,2024-12-16,6114
4540,全球傳動,14,2,12,台中銀-員林,2024-12-16,6114
00950B,凱基A級公司債,10,0,10,台中銀-員林,2024-12-16,6114
1563,巧新,19,9,10,台中銀-員林,2024-12-16,6114
1718,中纖,10,0,10,台中銀-員林,2024-12-16,6114
2302,麗正,10,0,10,台中銀-員林,2024-12-16,6114
3622,洋華,10,0,10,台中銀-員林,2024-12-16,6114
3694,海華,50,40,10,台中銀-員林,2024-12-16,6114
6548,長科*,10,0,10,台中銀-員林,2024-12-16,6114
911868,同方友友-DR,10,0,10,台中銀-員林,2024-12-16,6114
1101,台泥,9,0,9,台中銀-員林,2024-12-16,6114
3038,全台,9,0,9,台中銀-員林,2024-12-16,6114
3481,群創,694,34,660,台中銀-員林,2024-12-17,6114
2354,鴻準,126,2,124,台中銀-員林,2024-12-17,6114
2303,聯電,135,11,124,台中銀-員林,2024-12-17,6114
00918,大華優利高填息30,124,0,124,台中銀-員林,2024-12-17,6114
2834,臺企銀,123,0,123,台中銀-員林,2024-12-17,6114
00937B,群益ESG投等債20,120,0,120,台中銀-員林,2024-12-17,6114
2883,凱基金,79,0,79,台中銀-員林,2024-12-17,6114
2417,圓剛,71,11,60,台中銀-員林,2024-12-17,6114
00915,凱基優選高股息30,57,1,56,台中銀-員林,2024-12-17,6114
00687B,國泰20年美債,48,0,48,台中銀-員林,2024-12-17,6114
8111,立��,55,15,40,台中銀-員林,2024-12-17,6114
1101,台泥,31,0,31,台中銀-員林,2024-12-17,6114
2409,友達,39,10,29,台中銀-員林,2024-12-17,6114
2062,橋椿,26,1,25,台中銀-員林,2024-12-17,6114
0056,元大高股息,25,0,25,台中銀-員林,2024-12-17,6114
2374,佳能,100,76,24,台中銀-員林,2024-12-17,6114
00922,國泰台灣領袖50,22,0,22,台中銀-員林,2024-12-17,6114
2324,仁寶,22,0,22,台中銀-員林,2024-12-17,6114
00919,群益台灣精選高息,41,19,22,台中銀-員林,2024-12-17,6114
8047,星雲,23,2,21,台中銀-員林,2024-12-17,6114
00713,元大台灣高息低波,21,0,21,台中銀-員林,2024-12-17,6114
00958B,永豐ESG銀行債15,20,0,20,台中銀-員林,2024-12-17,6114
4927,泰鼎-KY,20,0,20,台中銀-員林,2024-12-17,6114
5522,遠雄,20,0,20,台中銀-員林,2024-12-17,6114
2317,鴻海,21,2,19,台中銀-員林,2024-12-17,6114
1605,華新,21,2,19,台中銀-員林,2024-12-17,6114
5880,合庫金,18,0,18,台中銀-員林,2024-12-17,6114
2812,台中銀,17,0,17,台中銀-員林,2024-12-17,6114
2359,所羅門,31,15,16,台中銀-員林,2024-12-17,6114
2002,中鋼,17,2,15,台中銀-員林,2024-12-17,6114
00950B,凱基A級公司債,15,0,15,台中銀-員林,2024-12-17,6114
3504,揚明光,15,0,15,台中銀-員林,2024-12-17,6114
0050,元大台灣50,32,18,14,台中銀-員林,2024-12-17,6114
00688L,國泰20年美債正2,12,1,11,台中銀-員林,2024-12-17,6114
2022,聚亨,11,0,11,台中銀-員林,2024-12-17,6114
2382,廣達,12,2,10,台中銀-員林,2024-12-17,6114
00632R,元大台灣50反1,10,0,10,台中銀-員林,2024-12-17,6114
2618,長榮航,11,1,10,台中銀-員林,2024-12-17,6114
1303,南亞,10,0,10,台中銀-員林,2024-12-17,6114
00680L,元大美債20正2,10,0,10,台中銀-員林,2024-12-17,6114
00927,群益半導體收益,10,0,10,台中銀-員林,2024-12-17,6114
00757,統一FANG+,10,0,10,台中銀-員林,2024-12-17,6114
1802,台玻,10,0,10,台中銀-員林,2024-12-17,6114
1909,榮成,10,0,10,台中銀-員林,2024-12-17,6114
2302,麗正,10,0,10,台中銀-員林,2024-12-17,6114
2353,宏��,10,0,10,台中銀-員林,2024-12-17,6114
3059,華晶科,12,2,10,台中銀-員林,2024-12-17,6114
6202,盛群,10,0,10,台中銀-員林,2024-12-17,6114
00909,國泰數位支付服務,10,0,10,台中銀-員林,2024-12-17,6114
2881,富邦金,9,0,9,台中銀-員林,2024-12-17,6114
3481,群創,440,60,380,台中銀-員林,2024-12-18,6114
5871,中租-KY,140,8,132,台中銀-員林,2024-12-18,6114
2609,陽明,113,8,105,台中銀-員林,2024-12-18,6114
00918,大華優利高填息30,87,22,65,台中銀-員林,2024-12-18,6114
3450,聯鈞,67,15,52,台中銀-員林,2024-12-18,6114
2812,台中銀,37,1,36,台中銀-員林,2024-12-18,6114
1303,南亞,36,0,36,台中銀-員林,2024-12-18,6114
6770,力積電,31,0,31,台中銀-員林,2024-12-18,6114
2405,輔信,30,3,27,台中銀-員林,2024-12-18,6114
4563,百德,28,5,23,台中銀-員林,2024-12-18,6114
3029,零壹,33,11,22,台中銀-員林,2024-12-18,6114
3231,緯創,21,0,21,台中銀-員林,2024-12-18,6114
6505,台塑化,20,0,20,台中銀-員林,2024-12-18,6114
00958B,永豐ESG銀行債15,20,0,20,台中銀-員林,2024-12-18,6114
2409,友達,20,0,20,台中銀-員林,2024-12-18,6114
8249,菱光,37,17,20,台中銀-員林,2024-12-18,6114
1536,和大,19,3,16,台中銀-員林,2024-12-18,6114
2801,彰銀,16,0,16,台中銀-員林,2024-12-18,6114
9105,泰金寶-DR,278,262,16,台中銀-員林,2024-12-18,6114
3290,東浦,15,0,15,台中銀-員林,2024-12-18,6114
2354,鴻準,16,2,14,台中銀-員林,2024-12-18,6114
3041,揚智,23,10,13,台中銀-員林,2024-12-18,6114
1815,富喬,25,12,13,台中銀-員林,2024-12-18,6114
6215,和椿,16,3,13,台中銀-員林,2024-12-18,6114
5880,合庫金,10,0,10,台中銀-員林,2024-12-18,6114
3622,洋華,10,0,10,台中銀-員林,2024-12-18,6114
6116,彩晶,10,0,10,台中銀-員林,2024-12-18,6114
8110,華東,10,0,10,台中銀-員林,2024-12-18,6114
00915,凱基優選高股息30,9,0,9,台中銀-員林,2024-12-18,6114
5371,中光電,12,3,9,台中銀-員林,2024-12-18,6114
2891,中信金,9,0,9,台中銀-員林,2024-12-18,6114
00919,群益台灣精選高息,24,15,9,台中銀-員林,2024-12-18,6114
2466,冠西電,8,0,8,台中銀-員林,2024-12-18,6114
00712,復華富時不動產,11,4,7,台中銀-員林,2024-12-18,6114
6596,寬宏藝術,7,0,7,台中銀-員林,2024-12-18,6114
1301,台塑,7,0,7,台中銀-員林,2024-12-18,6114
3189,景碩,7,0,7,台中銀-員林,2024-12-18,6114
00715L,期街口布蘭特正2,7,0,7,台中銀-員林,2024-12-18,6114
6165,浪凡,7,0,7,台中銀-員林,2024-12-18,6114
2317,鴻海,7,0,7,台中銀-員林,2024-12-18,6114
2303,聯電,36,30,6,台中銀-員林,2024-12-18,6114
2610,華航,7,1,6,台中銀-員林,2024-12-18,6114
1597,直得,9,3,6,台中銀-員林,2024-12-18,6114
2356,英業達,7,1,6,台中銀-員林,2024-12-18,6114
00679B,元大美債20年,6,0,6,台中銀-員林,2024-12-18,6114
00937B,群益ESG投等債20,7,1,6,台中銀-員林,2024-12-18,6114
3504,揚明光,6,0,6,台中銀-員林,2024-12-18,6114
2618,長榮航,28,22,6,台中銀-員林,2024-12-18,6114
4571,鈞興-KY,7,1,6,台中銀-員林,2024-12-18,6114
2646,星宇航空,7,1,6,台中銀-員林,2024-12-18,6114
3481,群創,1540,80,1460,台中銀-員林,2024-12-19,6114
00706L,期元大S＆P日圓正2,1066,0,1066,台中銀-員林,2024-12-19,6114
00937B,群益ESG投等債20,148,0,148,台中銀-員林,2024-12-19,6114
00679B,元大美債20年,63,0,63,台中銀-員林,2024-12-19,6114
00687B,國泰20年美債,55,1,54,台中銀-員林,2024-12-19,6114
00919,群益台灣精選高息,69,16,53,台中銀-員林,2024-12-19,6114
00918,大華優利高填息30,54,17,37,台中銀-員林,2024-12-19,6114
1301,台塑,42,6,36,台中銀-員林,2024-12-19,6114
2233,宇隆,56,22,34,台中銀-員林,2024-12-19,6114
2317,鴻海,52,18,34,台中銀-員林,2024-12-19,6114
00958B,永豐ESG銀行債15,30,0,30,台中銀-員林,2024-12-19,6114
6147,頎邦,30,0,30,台中銀-員林,2024-12-19,6114
00680L,元大美債20正2,33,6,27,台中銀-員林,2024-12-19,6114
8111,立��,56,29,27,台中銀-員林,2024-12-19,6114
2812,台中銀,24,0,24,台中銀-員林,2024-12-19,6114
1326,台化,22,0,22,台中銀-員林,2024-12-19,6114
5522,遠雄,22,0,22,台中銀-員林,2024-12-19,6114
00712,復華富時不動產,21,0,21,台中銀-員林,2024-12-19,6114
00950B,凱基A級公司債,20,0,20,台中銀-員林,2024-12-19,6114
00970B,新光BBB投等債20,20,0,20,台中銀-員林,2024-12-19,6114
5880,合庫金,18,0,18,台中銀-員林,2024-12-19,6114
00922,國泰台灣領袖50,17,0,17,台中銀-員林,2024-12-19,6114
00795B,中信美國公債20年,14,0,14,台中銀-員林,2024-12-19,6114
2883,凱基金,16,2,14,台中銀-員林,2024-12-19,6114
2891,中信金,17,3,14,台中銀-員林,2024-12-19,6114
2618,長榮航,14,0,14,台中銀-員林,2024-12-19,6114
0050,元大台灣50,13,0,13,台中銀-員林,2024-12-19,6114
4931,新盛力,34,21,13,台中銀-員林,2024-12-19,6114
2719,燦星旅,12,0,12,台中銀-員林,2024-12-19,6114
2887,台新金,12,0,12,台中銀-員林,2024-12-19,6114
5244,弘凱,22,10,12,台中銀-員林,2024-12-19,6114
00915,凱基優選高股息30,11,0,11,台中銀-員林,2024-12-19,6114
2609,陽明,22,11,11,台中銀-員林,2024-12-19,6114
3694,海華,24,13,11,台中銀-員林,2024-12-19,6114
2303,聯電,20,9,11,台中銀-員林,2024-12-19,6114
2867,三商壽,11,1,10,台中銀-員林,2024-12-19,6114
00751B,元大AAA至A公司債,10,0,10,台中銀-員林,2024-12-19,6114
6548,長科*,10,0,10,台中銀-員林,2024-12-19,6114
6138,茂達,10,0,10,台中銀-員林,2024-12-19,6114
00930,永豐ESG低碳高息,10,0,10,台中銀-員林,2024-12-19,6114
00665L,富邦�琤肭磪囓�2,23,13,10,台中銀-員林,2024-12-19,6114
00967B,元大優息美債,10,0,10,台中銀-員林,2024-12-19,6114
00968B,元大優息投等債,10,0,10,台中銀-員林,2024-12-19,6114
1102,亞泥,10,0,10,台中銀-員林,2024-12-19,6114
6116,彩晶,10,0,10,台中銀-員林,2024-12-19,6114
8171,天宇,10,0,10,台中銀-員林,2024-12-19,6114
0056,元大高股息,9,0,9,台中銀-員林,2024-12-19,6114
00637L,元大滬深300正2,11,2,9,台中銀-員林,2024-12-19,6114
00907,永豐優息存股,9,0,9,台中銀-員林,2024-12-19,6114
3501,維熹,9,0,9,台中銀-員林,2024-12-19,6114
