Ticker,Name,buy,sell,diff,Branch,Date,Branch_Code
2610,華航,1187,24,1163,中國信託,2023-01-03,6160
0050,元大台灣50,1104,290,814,中國信託,2023-01-03,6160
2330,台積電,810,67,743,中國信託,2023-01-03,6160
2618,長榮航,607,40,567,中國信託,2023-01-03,6160
1605,華新,608,58,550,中國信託,2023-01-03,6160
0056,元大高股息,736,197,539,中國信託,2023-01-03,6160
2376,技嘉,322,67,255,中國信託,2023-01-03,6160
2002,中鋼,281,68,213,中國信託,2023-01-03,6160
00919,群益台灣精選高息,139,1,138,中國信託,2023-01-03,6160
1504,東元,124,0,124,中國信託,2023-01-03,6160
2317,鴻海,134,27,107,中國信託,2023-01-03,6160
3042,晶技,105,0,105,中國信託,2023-01-03,6160
00752,中信中國50,150,48,102,中國信託,2023-01-03,6160
00676R,富邦臺灣加權反1,100,0,100,中國信託,2023-01-03,6160
3227,原相,87,0,87,中國信託,2023-01-03,6160
2412,中華電,86,0,86,中國信託,2023-01-03,6160
00632R,元大台灣50反1,331,250,81,中國信託,2023-01-03,6160
00679B,元大美債20年,76,0,76,中國信託,2023-01-03,6160
2890,永豐金,67,1,66,中國信託,2023-01-03,6160
2892,第一金,67,1,66,中國信託,2023-01-03,6160
2409,友達,97,32,65,中國信託,2023-01-03,6160
2332,友訊,67,3,64,中國信託,2023-01-03,6160
00795B,中信美國公債20年,326,263,63,中國信託,2023-01-03,6160
00901,永豐智能車供應鏈,63,4,59,中國信託,2023-01-03,6160
8171,天宇,77,20,57,中國信託,2023-01-03,6160
9933,中鼎,61,4,57,中國信託,2023-01-03,6160
1909,榮成,58,4,54,中國信託,2023-01-03,6160
2886,兆豐金,55,3,52,中國信託,2023-01-03,6160
2385,群光,50,1,49,中國信託,2023-01-03,6160
6274,台燿,50,1,49,中國信託,2023-01-03,6160
1301,台塑,53,5,48,中國信託,2023-01-03,6160
00885,富邦越南,49,1,48,中國信託,2023-01-03,6160
8436,大江,52,6,46,中國信託,2023-01-03,6160
00894,中信小資高價30,62,18,44,中國信託,2023-01-03,6160
00882,中信中國高股息,80,36,44,中國信託,2023-01-03,6160
2395,研華,54,10,44,中國信託,2023-01-03,6160
00830,國泰費城半導體,43,0,43,中國信託,2023-01-03,6160
6173,信昌電,43,1,42,中國信託,2023-01-03,6160
6111,大宇資,97,57,40,中國信託,2023-01-03,6160
00913,兆豐台灣晶圓製造,68,30,38,中國信託,2023-01-03,6160
2887,台新金,39,1,38,中國信託,2023-01-03,6160
5876,上海商銀,38,2,36,中國信託,2023-01-03,6160
00725B,國泰投資級公司債,34,0,34,中國信託,2023-01-03,6160
00904,新光臺灣半導體30,88,55,33,中國信託,2023-01-03,6160
2880,華南金,33,0,33,中國信託,2023-01-03,6160
1440,南紡,32,0,32,中國信託,2023-01-03,6160
2884,玉山金,33,1,32,中國信託,2023-01-03,6160
1319,東陽,40,9,31,中國信託,2023-01-03,6160
1216,統一,32,1,31,中國信託,2023-01-03,6160
1810,和成,36,6,30,中國信託,2023-01-03,6160
2356,英業達,960,1,959,中國信託,2023-01-04,6160
2330,台積電,958,32,926,中國信託,2023-01-04,6160
2324,仁寶,870,54,816,中國信託,2023-01-04,6160
1605,華新,695,208,487,中國信託,2023-01-04,6160
00885,富邦越南,420,10,410,中國信託,2023-01-04,6160
1504,東元,372,2,370,中國信託,2023-01-04,6160
2606,裕民,255,19,236,中國信託,2023-01-04,6160
00752,中信中國50,261,80,181,中國信託,2023-01-04,6160
3481,群創,202,40,162,中國信託,2023-01-04,6160
2409,友達,209,59,150,中國信託,2023-01-04,6160
2753,八方雲集,132,4,128,中國信託,2023-01-04,6160
2610,華航,139,15,124,中國信託,2023-01-04,6160
4746,台耀,123,2,121,中國信託,2023-01-04,6160
2317,鴻海,133,12,121,中國信託,2023-01-04,6160
00895,富邦未來車,107,0,107,中國信託,2023-01-04,6160
2723,美食-KY,100,2,98,中國信託,2023-01-04,6160
6244,茂迪,139,42,97,中國信託,2023-01-04,6160
2301,光寶科,82,0,82,中國信託,2023-01-04,6160
0050,元大台灣50,632,559,73,中國信託,2023-01-04,6160
9933,中鼎,65,0,65,中國信託,2023-01-04,6160
2884,玉山金,78,13,65,中國信託,2023-01-04,6160
1618,合機,63,6,57,中國信託,2023-01-04,6160
3443,創意,80,24,56,中國信託,2023-01-04,6160
5876,上海商銀,55,2,53,中國信託,2023-01-04,6160
2002,中鋼,64,11,53,中國信託,2023-01-04,6160
00894,中信小資高價30,55,8,47,中國信託,2023-01-04,6160
6282,康舒,52,7,45,中國信託,2023-01-04,6160
1609,大亞,61,17,44,中國信託,2023-01-04,6160
3260,威剛,45,1,44,中國信託,2023-01-04,6160
00679B,元大美債20年,70,26,44,中國信託,2023-01-04,6160
2892,第一金,43,0,43,中國信託,2023-01-04,6160
00901,永豐智能車供應鏈,41,0,41,中國信託,2023-01-04,6160
2886,兆豐金,38,0,38,中國信託,2023-01-04,6160
00891,中信關鍵半導體,98,62,36,中國信託,2023-01-04,6160
8171,天宇,82,47,35,中國信託,2023-01-04,6160
5351,鈺創,45,11,34,中國信託,2023-01-04,6160
3661,世芯-KY,36,4,32,中國信託,2023-01-04,6160
00720B,元大投資級公司債,31,1,30,中國信託,2023-01-04,6160
6741,91APP*-KY,54,25,29,中國信託,2023-01-04,6160
00893,國泰智能電動車,30,1,29,中國信託,2023-01-04,6160
2498,宏達電,63,35,28,中國信託,2023-01-04,6160
1101,台泥,29,2,27,中國信託,2023-01-04,6160
00725B,國泰投資級公司債,26,0,26,中國信託,2023-01-04,6160
2014,中鴻,39,15,24,中國信託,2023-01-04,6160
5015,華祺,25,1,24,中國信託,2023-01-04,6160
3529,力旺,24,1,23,中國信託,2023-01-04,6160
00913,兆豐台灣晶圓製造,47,25,22,中國信託,2023-01-04,6160
1560,中砂,22,0,22,中國信託,2023-01-04,6160
1519,華城,56,34,22,中國信託,2023-01-04,6160
1301,台塑,21,0,21,中國信託,2023-01-04,6160
2330,台積電,803,323,480,中國信託,2023-01-05,6160
00753L,中信中國50正2,524,89,435,中國信託,2023-01-05,6160
2634,漢翔,256,3,253,中國信託,2023-01-05,6160
00901,永豐智能車供應鏈,166,0,166,中國信託,2023-01-05,6160
8069,元太,160,26,134,中國信託,2023-01-05,6160
1504,東元,134,4,130,中國信託,2023-01-05,6160
2867,三商壽,131,6,125,中國信託,2023-01-05,6160
3260,威剛,117,0,117,中國信託,2023-01-05,6160
1909,榮成,168,58,110,中國信託,2023-01-05,6160
00715L,期街口布蘭特正2,108,5,103,中國信託,2023-01-05,6160
2303,聯電,116,15,101,中國信託,2023-01-05,6160
4114,健喬,120,24,96,中國信託,2023-01-05,6160
2412,中華電,101,5,96,中國信託,2023-01-05,6160
00706L,期元大S＆P日圓正2,76,0,76,中國信託,2023-01-05,6160
2610,華航,107,33,74,中國信託,2023-01-05,6160
00752,中信中國50,113,42,71,中國信託,2023-01-05,6160
3454,晶睿,96,28,68,中國信託,2023-01-05,6160
00910,第一金太空衛星,118,51,67,中國信託,2023-01-05,6160
9958,世紀鋼,74,12,62,中國信託,2023-01-05,6160
9933,中鼎,62,0,62,中國信託,2023-01-05,6160
3017,奇鋐,62,2,60,中國信託,2023-01-05,6160
2449,京元電子,60,0,60,中國信託,2023-01-05,6160
2892,第一金,60,0,60,中國信託,2023-01-05,6160
9904,寶成,61,2,59,中國信託,2023-01-05,6160
8171,天宇,85,30,55,中國信託,2023-01-05,6160
5876,上海商銀,56,2,54,中國信託,2023-01-05,6160
6485,點序,50,0,50,中國信託,2023-01-05,6160
1513,中興電,136,88,48,中國信託,2023-01-05,6160
2885,元大金,52,4,48,中國信託,2023-01-05,6160
2888,新光金,71,24,47,中國信託,2023-01-05,6160
5880,合庫金,51,7,44,中國信託,2023-01-05,6160
5871,中租-KY,44,2,42,中國信託,2023-01-05,6160
1722,台肥,41,0,41,中國信託,2023-01-05,6160
00893,國泰智能電動車,107,66,41,中國信託,2023-01-05,6160
00902,中信電池及儲能,60,22,38,中國信託,2023-01-05,6160
2603,長榮,50,14,36,中國信託,2023-01-05,6160
1736,喬山,43,12,31,中國信託,2023-01-05,6160
3576,聯合再生,29,0,29,中國信託,2023-01-05,6160
2455,全新,34,6,28,中國信託,2023-01-05,6160
2454,聯發科,36,10,26,中國信託,2023-01-05,6160
6781,AES-KY,25,0,25,中國信託,2023-01-05,6160
00725B,國泰投資級公司債,23,0,23,中國信託,2023-01-05,6160
8044,網家,71,48,23,中國信託,2023-01-05,6160
00887,永豐中國科技50大,46,25,21,中國信託,2023-01-05,6160
2382,廣達,23,2,21,中國信託,2023-01-05,6160
2308,台達電,49,28,21,中國信託,2023-01-05,6160
1519,華城,151,130,21,中國信託,2023-01-05,6160
00885,富邦越南,35,15,20,中國信託,2023-01-05,6160
4113,聯上,20,0,20,中國信託,2023-01-05,6160
1529,樂事綠能,220,200,20,中國信託,2023-01-05,6160
0056,元大高股息,1049,152,897,中國信託,2023-01-06,6160
2330,台積電,408,31,377,中國信託,2023-01-06,6160
00891,中信關鍵半導體,433,80,353,中國信託,2023-01-06,6160
00864B,中信美國公債0-1,322,3,319,中國信託,2023-01-06,6160
5425,台半,335,30,305,中國信託,2023-01-06,6160
00904,新光臺灣半導體30,262,20,242,中國信託,2023-01-06,6160
00751B,元大AAA至A公司債,221,0,221,中國信託,2023-01-06,6160
00752,中信中國50,317,98,219,中國信託,2023-01-06,6160
00901,永豐智能車供應鏈,205,12,193,中國信託,2023-01-06,6160
2606,裕民,191,1,190,中國信託,2023-01-06,6160
00753L,中信中國50正2,310,128,182,中國信託,2023-01-06,6160
4938,和碩,180,0,180,中國信託,2023-01-06,6160
5608,四維航,174,0,174,中國信託,2023-01-06,6160
6176,瑞儀,132,0,132,中國信託,2023-01-06,6160
3702,大聯大,132,0,132,中國信託,2023-01-06,6160
5347,世界,179,49,130,中國信託,2023-01-06,6160
2885,元大金,123,3,120,中國信託,2023-01-06,6160
3481,群創,191,76,115,中國信託,2023-01-06,6160
2308,台達電,109,1,108,中國信託,2023-01-06,6160
2637,慧洋-KY,104,1,103,中國信託,2023-01-06,6160
00720B,元大投資級公司債,103,0,103,中國信託,2023-01-06,6160
3027,盛達,110,9,101,中國信託,2023-01-06,6160
6116,彩晶,104,13,91,中國信託,2023-01-06,6160
2882,國泰金,111,27,84,中國信託,2023-01-06,6160
2332,友訊,82,4,78,中國信託,2023-01-06,6160
2412,中華電,78,1,77,中國信託,2023-01-06,6160
4129,聯合,74,6,68,中國信託,2023-01-06,6160
1513,中興電,160,95,65,中國信託,2023-01-06,6160
00913,兆豐台灣晶圓製造,63,0,63,中國信託,2023-01-06,6160
2303,聯電,218,156,62,中國信託,2023-01-06,6160
9933,中鼎,61,0,61,中國信託,2023-01-06,6160
2347,聯強,58,0,58,中國信託,2023-01-06,6160
2317,鴻海,86,31,55,中國信託,2023-01-06,6160
2618,長榮航,57,5,52,中國信託,2023-01-06,6160
3034,聯詠,66,15,51,中國信託,2023-01-06,6160
6147,頎邦,52,1,51,中國信託,2023-01-06,6160
00773B,中信優先金融債,51,1,50,中國信託,2023-01-06,6160
00894,中信小資高價30,51,1,50,中國信託,2023-01-06,6160
5876,上海商銀,48,0,48,中國信託,2023-01-06,6160
2836,高雄銀,47,0,47,中國信託,2023-01-06,6160
2369,菱生,48,1,47,中國信託,2023-01-06,6160
4960,誠美材,46,0,46,中國信託,2023-01-06,6160
2379,瑞昱,62,16,46,中國信託,2023-01-06,6160
00900,富邦特選高股息30,51,6,45,中國信託,2023-01-06,6160
2884,玉山金,49,6,43,中國信託,2023-01-06,6160
3037,欣興,70,27,43,中國信託,2023-01-06,6160
2230,泰茂,43,2,41,中國信託,2023-01-06,6160
00669R,國泰美國道瓊反1,40,0,40,中國信託,2023-01-06,6160
00770,國泰北美科技,34,0,34,中國信託,2023-01-06,6160
5701,劍湖山,33,0,33,中國信託,2023-01-06,6160
0056,元大高股息,3878,147,3731,中國信託,2023-01-09,6160
00881,國泰台灣5G+,917,34,883,中國信託,2023-01-09,6160
00720B,元大投資級公司債,872,8,864,中國信託,2023-01-09,6160
2002,中鋼,848,69,779,中國信託,2023-01-09,6160
00878,國泰永續高股息,1201,470,731,中國信託,2023-01-09,6160
00751B,元大AAA至A公司債,655,0,655,中國信託,2023-01-09,6160
0050,元大台灣50,758,314,444,中國信託,2023-01-09,6160
5347,世界,398,30,368,中國信託,2023-01-09,6160
2606,裕民,328,11,317,中國信託,2023-01-09,6160
00904,新光臺灣半導體30,256,18,238,中國信託,2023-01-09,6160
00752,中信中國50,200,6,194,中國信託,2023-01-09,6160
2330,台積電,407,215,192,中國信託,2023-01-09,6160
00901,永豐智能車供應鏈,228,48,180,中國信託,2023-01-09,6160
00894,中信小資高價30,180,3,177,中國信託,2023-01-09,6160
2603,長榮,168,31,137,中國信託,2023-01-09,6160
1513,中興電,270,140,130,中國信託,2023-01-09,6160
3702,大聯大,131,1,130,中國信託,2023-01-09,6160
4979,華星光,132,6,126,中國信託,2023-01-09,6160
00891,中信關鍵半導體,159,35,124,中國信託,2023-01-09,6160
3037,欣興,155,39,116,中國信託,2023-01-09,6160
6176,瑞儀,118,3,115,中國信託,2023-01-09,6160
1605,華新,331,222,109,中國信託,2023-01-09,6160
2412,中華電,109,8,101,中國信託,2023-01-09,6160
2547,日勝生,100,0,100,中國信託,2023-01-09,6160
00864B,中信美國公債0-1,121,25,96,中國信託,2023-01-09,6160
00896,中信綠能及電動車,212,119,93,中國信託,2023-01-09,6160
2379,瑞昱,78,9,69,中國信託,2023-01-09,6160
00913,兆豐台灣晶圓製造,70,3,67,中國信託,2023-01-09,6160
9933,中鼎,64,0,64,中國信託,2023-01-09,6160
1909,榮成,67,5,62,中國信託,2023-01-09,6160
00917,中信特選金融,110,51,59,中國信託,2023-01-09,6160
00631L,元大台灣50正2,72,14,58,中國信託,2023-01-09,6160
3036,文曄,57,0,57,中國信託,2023-01-09,6160
3027,盛達,81,25,56,中國信託,2023-01-09,6160
6147,頎邦,53,2,51,中國信託,2023-01-09,6160
2369,菱生,47,1,46,中國信託,2023-01-09,6160
2836,高雄銀,46,0,46,中國信託,2023-01-09,6160
2367,燿華,152,106,46,中國信託,2023-01-09,6160
4960,誠美材,48,5,43,中國信託,2023-01-09,6160
00642U,期元大S＆P石油,41,0,41,中國信託,2023-01-09,6160
00764B,群益25年美債,40,0,40,中國信託,2023-01-09,6160
2610,華航,340,300,40,中國信託,2023-01-09,6160
6505,台塑化,42,4,38,中國信託,2023-01-09,6160
4919,新唐,44,8,36,中國信託,2023-01-09,6160
3714,富采,42,6,36,中國信託,2023-01-09,6160
4438,廣越,35,0,35,中國信託,2023-01-09,6160
8086,宏捷科,43,8,35,中國信託,2023-01-09,6160
6205,詮欣,34,0,34,中國信託,2023-01-09,6160
2337,旺宏,34,2,32,中國信託,2023-01-09,6160
2801,彰銀,40,10,30,中國信託,2023-01-09,6160
3714,富采,949,218,731,中國信託,2023-01-10,6160
0050,元大台灣50,946,326,620,中國信託,2023-01-10,6160
2371,大同,402,2,400,中國信託,2023-01-10,6160
00878,國泰永續高股息,480,114,366,中國信託,2023-01-10,6160
2889,國票金,272,0,272,中國信託,2023-01-10,6160
00904,新光臺灣半導體30,248,5,243,中國信託,2023-01-10,6160
00910,第一金太空衛星,235,56,179,中國信託,2023-01-10,6160
1402,遠東新,154,1,153,中國信託,2023-01-10,6160
3702,大聯大,132,0,132,中國信託,2023-01-10,6160
5340,建榮,131,0,131,中國信託,2023-01-10,6160
00901,永豐智能車供應鏈,132,2,130,中國信託,2023-01-10,6160
8358,金居,205,92,113,中國信託,2023-01-10,6160
00712,復華富時不動產,109,0,109,中國信託,2023-01-10,6160
2547,日勝生,101,0,101,中國信託,2023-01-10,6160
00752,中信中國50,121,21,100,中國信託,2023-01-10,6160
1216,統一,96,0,96,中國信託,2023-01-10,6160
3042,晶技,85,3,82,中國信託,2023-01-10,6160
2610,華航,110,29,81,中國信託,2023-01-10,6160
9933,中鼎,77,1,76,中國信託,2023-01-10,6160
00894,中信小資高價30,78,3,75,中國信託,2023-01-10,6160
2884,玉山金,82,8,74,中國信託,2023-01-10,6160
3289,宜特,90,19,71,中國信託,2023-01-10,6160
2412,中華電,74,8,66,中國信託,2023-01-10,6160
00720B,元大投資級公司債,64,1,63,中國信託,2023-01-10,6160
3036,文曄,57,0,57,中國信託,2023-01-10,6160
00917,中信特選金融,103,50,53,中國信託,2023-01-10,6160
6147,頎邦,51,0,51,中國信託,2023-01-10,6160
2836,高雄銀,48,0,48,中國信託,2023-01-10,6160
2369,菱生,47,0,47,中國信託,2023-01-10,6160
4960,誠美材,46,0,46,中國信託,2023-01-10,6160
2368,金像電,49,6,43,中國信託,2023-01-10,6160
00913,兆豐台灣晶圓製造,42,0,42,中國信託,2023-01-10,6160
00673R,期元大S＆P原油反1,40,0,40,中國信託,2023-01-10,6160
6282,康舒,35,0,35,中國信託,2023-01-10,6160
1513,中興電,54,20,34,中國信託,2023-01-10,6160
2317,鴻海,39,6,33,中國信託,2023-01-10,6160
3189,景碩,33,3,30,中國信託,2023-01-10,6160
8112,至上,29,0,29,中國信託,2023-01-10,6160
2382,廣達,27,0,27,中國信託,2023-01-10,6160
3596,智易,28,1,27,中國信託,2023-01-10,6160
2882,國泰金,38,11,27,中國信託,2023-01-10,6160
2388,威盛,48,22,26,中國信託,2023-01-10,6160
3047,訊舟,30,4,26,中國信託,2023-01-10,6160
1326,台化,24,1,23,中國信託,2023-01-10,6160
6531,愛普*,37,14,23,中國信託,2023-01-10,6160
2383,台光電,23,0,23,中國信託,2023-01-10,6160
1301,台塑,25,2,23,中國信託,2023-01-10,6160
3675,德微,24,2,22,中國信託,2023-01-10,6160
9911,櫻花,21,0,21,中國信託,2023-01-10,6160
3041,揚智,21,0,21,中國信託,2023-01-10,6160
0056,元大高股息,824,106,718,中國信託,2023-01-11,6160
2912,統一超,462,0,462,中國信託,2023-01-11,6160
00752,中信中國50,482,113,369,中國信託,2023-01-11,6160
2402,毅嘉,240,3,237,中國信託,2023-01-11,6160
2330,台積電,232,31,201,中國信託,2023-01-11,6160
00632R,元大台灣50反1,180,0,180,中國信託,2023-01-11,6160
2885,元大金,147,4,143,中國信託,2023-01-11,6160
00878,國泰永續高股息,213,81,132,中國信託,2023-01-11,6160
2888,新光金,127,12,115,中國信託,2023-01-11,6160
2412,中華電,115,0,115,中國信託,2023-01-11,6160
2603,長榮,139,25,114,中國信託,2023-01-11,6160
2547,日勝生,102,0,102,中國信託,2023-01-11,6160
9921,巨大,100,0,100,中國信託,2023-01-11,6160
2637,慧洋-KY,97,0,97,中國信託,2023-01-11,6160
3207,耀勝,247,151,96,中國信託,2023-01-11,6160
6147,頎邦,91,0,91,中國信託,2023-01-11,6160
2317,鴻海,95,4,91,中國信託,2023-01-11,6160
3479,安勤,93,3,90,中國信託,2023-01-11,6160
3290,東浦,85,0,85,中國信託,2023-01-11,6160
3594,磐儀,99,14,85,中國信託,2023-01-11,6160
1584,精剛,114,31,83,中國信託,2023-01-11,6160
00891,中信關鍵半導體,350,269,81,中國信託,2023-01-11,6160
2884,玉山金,75,0,75,中國信託,2023-01-11,6160
3045,台灣大,76,1,75,中國信託,2023-01-11,6160
2385,群光,75,2,73,中國信託,2023-01-11,6160
2376,技嘉,73,4,69,中國信託,2023-01-11,6160
00881,國泰台灣5G+,80,12,68,中國信託,2023-01-11,6160
9933,中鼎,67,0,67,中國信託,2023-01-11,6160
2301,光寶科,63,0,63,中國信託,2023-01-11,6160
00901,永豐智能車供應鏈,98,36,62,中國信託,2023-01-11,6160
1101,台泥,68,8,60,中國信託,2023-01-11,6160
3036,文曄,57,0,57,中國信託,2023-01-11,6160
1795,美時,90,33,57,中國信託,2023-01-11,6160
3702,大聯大,52,0,52,中國信託,2023-01-11,6160
00864B,中信美國公債0-1,90,39,51,中國信託,2023-01-11,6160
3027,盛達,71,21,50,中國信託,2023-01-11,6160
6609,瀧澤科,56,6,50,中國信託,2023-01-11,6160
00913,兆豐台灣晶圓製造,47,0,47,中國信託,2023-01-11,6160
4960,誠美材,47,0,47,中國信託,2023-01-11,6160
5009,榮剛,59,12,47,中國信託,2023-01-11,6160
2324,仁寶,45,2,43,中國信託,2023-01-11,6160
5701,劍湖山,41,0,41,中國信託,2023-01-11,6160
2886,兆豐金,42,3,39,中國信託,2023-01-11,6160
1229,聯華,43,3,40,中國信託,2023-01-11,6160
5880,合庫金,41,2,39,中國信託,2023-01-11,6160
00862B,中信投資級公司債,75,38,37,中國信託,2023-01-11,6160
3294,英濟,33,0,33,中國信託,2023-01-11,6160
00911,兆豐洲際半導體,37,4,33,中國信託,2023-01-11,6160
2464,盟立,33,0,33,中國信託,2023-01-11,6160
6124,業強,35,2,33,中國信託,2023-01-11,6160
0050,元大台灣50,995,115,880,中國信託,2023-01-12,6160
00715L,期街口布蘭特正2,612,1,611,中國信託,2023-01-12,6160
00912,中信臺灣智慧50,293,60,233,中國信託,2023-01-12,6160
4904,遠傳,210,0,210,中國信託,2023-01-12,6160
2884,玉山金,178,0,178,中國信託,2023-01-12,6160
00881,國泰台灣5G+,198,22,176,中國信託,2023-01-12,6160
2330,台積電,220,51,169,中國信託,2023-01-12,6160
00752,中信中國50,172,4,168,中國信託,2023-01-12,6160
00882,中信中國高股息,244,82,162,中國信託,2023-01-12,6160
2371,大同,161,3,158,中國信託,2023-01-12,6160
2301,光寶科,155,1,154,中國信託,2023-01-12,6160
00888,永豐台灣ESG,136,0,136,中國信託,2023-01-12,6160
2409,友達,160,31,129,中國信託,2023-01-12,6160
4979,華星光,140,23,117,中國信託,2023-01-12,6160
2009,第一銅,213,103,110,中國信託,2023-01-12,6160
2547,日勝生,102,0,102,中國信託,2023-01-12,6160
6515,穎崴,102,0,102,中國信託,2023-01-12,6160
00673R,期元大S＆P原油反1,105,10,95,中國信託,2023-01-12,6160
4743,合一,138,51,87,中國信託,2023-01-12,6160
1605,華新,293,206,87,中國信託,2023-01-12,6160
4919,新唐,101,17,84,中國信託,2023-01-12,6160
4770,上品,81,0,81,中國信託,2023-01-12,6160
3675,德微,89,8,81,中國信託,2023-01-12,6160
2412,中華電,77,1,76,中國信託,2023-01-12,6160
9933,中鼎,75,0,75,中國信託,2023-01-12,6160
2376,技嘉,75,5,70,中國信託,2023-01-12,6160
2610,華航,188,124,64,中國信託,2023-01-12,6160
2723,美食-KY,68,5,63,中國信託,2023-01-12,6160
2031,新光鋼,68,9,59,中國信託,2023-01-12,6160
3010,華立,57,0,57,中國信託,2023-01-12,6160
1476,儒鴻,56,0,56,中國信託,2023-01-12,6160
3045,台灣大,55,0,55,中國信託,2023-01-12,6160
2637,慧洋-KY,55,1,54,中國信託,2023-01-12,6160
00904,新光臺灣半導體30,60,9,51,中國信託,2023-01-12,6160
00907,永豐優息存股,53,3,50,中國信託,2023-01-12,6160
00674R,期元大S＆P黃金反1,48,0,48,中國信託,2023-01-12,6160
4960,誠美材,48,0,48,中國信託,2023-01-12,6160
1532,勤美,47,0,47,中國信託,2023-01-12,6160
00720B,元大投資級公司債,49,2,47,中國信託,2023-01-12,6160
6125,廣運,46,0,46,中國信託,2023-01-12,6160
2308,台達電,46,2,44,中國信託,2023-01-12,6160
2618,長榮航,63,21,42,中國信託,2023-01-12,6160
6147,頎邦,64,25,39,中國信託,2023-01-12,6160
3294,英濟,33,0,33,中國信託,2023-01-12,6160
2464,盟立,32,0,32,中國信託,2023-01-12,6160
2615,萬海,39,8,31,中國信託,2023-01-12,6160
6461,益得,29,0,29,中國信託,2023-01-12,6160
00901,永豐智能車供應鏈,59,32,27,中國信託,2023-01-12,6160
1304,台聚,31,4,27,中國信託,2023-01-12,6160
3041,揚智,27,0,27,中國信託,2023-01-12,6160
00921,兆豐龍頭等權重,5085,15,5070,中國信託,2023-01-13,6160
0050,元大台灣50,2919,118,2801,中國信託,2023-01-13,6160
00673R,期元大S＆P原油反1,265,8,257,中國信託,2023-01-13,6160
2454,聯發科,259,31,228,中國信託,2023-01-13,6160
2330,台積電,634,455,179,中國信託,2023-01-13,6160
2468,華經,240,62,178,中國信託,2023-01-13,6160
00752,中信中國50,167,1,166,中國信託,2023-01-13,6160
00904,新光臺灣半導體30,174,22,152,中國信託,2023-01-13,6160
00912,中信臺灣智慧50,329,189,140,中國信託,2023-01-13,6160
8358,金居,208,74,134,中國信託,2023-01-13,6160
2547,日勝生,102,0,102,中國信託,2023-01-13,6160
2412,中華電,100,0,100,中國信託,2023-01-13,6160
8464,億豐,97,0,97,中國信託,2023-01-13,6160
2376,技嘉,81,0,81,中國信託,2023-01-13,6160
00905,FT臺灣Smart,77,0,77,中國信託,2023-01-13,6160
00892,富邦台灣半導體,73,3,70,中國信託,2023-01-13,6160
00715L,期街口布蘭特正2,80,14,66,中國信託,2023-01-13,6160
00882,中信中國高股息,139,73,66,中國信託,2023-01-13,6160
9933,中鼎,65,0,65,中國信託,2023-01-13,6160
00751B,元大AAA至A公司債,62,0,62,中國信託,2023-01-13,6160
1101,台泥,301,242,59,中國信託,2023-01-13,6160
00894,中信小資高價30,62,4,58,中國信託,2023-01-13,6160
2610,華航,183,130,53,中國信託,2023-01-13,6160
00913,兆豐台灣晶圓製造,83,35,48,中國信託,2023-01-13,6160
3675,德微,81,35,46,中國信託,2023-01-13,6160
2014,中鴻,136,98,38,中國信託,2023-01-13,6160
2464,盟立,33,0,33,中國信託,2023-01-13,6160
3294,英濟,33,2,31,中國信託,2023-01-13,6160
00900,富邦特選高股息30,39,8,31,中國信託,2023-01-13,6160
00671R,富邦NASDAQ反1,30,0,30,中國信託,2023-01-13,6160
8114,振樺電,30,0,30,中國信託,2023-01-13,6160
2498,宏達電,69,39,30,中國信託,2023-01-13,6160
00901,永豐智能車供應鏈,65,38,27,中國信託,2023-01-13,6160
4167,松瑞藥,28,1,27,中國信託,2023-01-13,6160
5351,鈺創,35,10,25,中國信託,2023-01-13,6160
00683L,期元大美元指正2,28,3,25,中國信託,2023-01-13,6160
2867,三商壽,25,0,25,中國信託,2023-01-13,6160
00708L,期元大S＆P黃金正2,24,0,24,中國信託,2023-01-13,6160
2880,華南金,23,0,23,中國信託,2023-01-13,6160
00772B,中信高評級公司債,50,27,23,中國信託,2023-01-13,6160
00917,中信特選金融,209,187,22,中國信託,2023-01-13,6160
3015,全漢,21,0,21,中國信託,2023-01-13,6160
2457,飛宏,22,2,20,中國信託,2023-01-13,6160
00664R,國泰臺灣加權反1,20,0,20,中國信託,2023-01-13,6160
6288,聯嘉,20,0,20,中國信託,2023-01-13,6160
4763,材料-KY,79,59,20,中國信託,2023-01-13,6160
00893,國泰智能電動車,28,9,19,中國信託,2023-01-13,6160
6182,合晶,21,2,19,中國信託,2023-01-13,6160
3081,聯亞,20,1,19,中國信託,2023-01-13,6160
00679B,元大美債20年,21,4,17,中國信託,2023-01-13,6160
2303,聯電,805,123,682,中國信託,2023-01-16,6160
0050,元大台灣50,911,350,561,中國信託,2023-01-16,6160
00681R,元大美債20反1,500,0,500,中國信託,2023-01-16,6160
2891,中信金,715,295,420,中國信託,2023-01-16,6160
00673R,期元大S＆P原油反1,320,0,320,中國信託,2023-01-16,6160
8069,元太,344,47,297,中國信託,2023-01-16,6160
00891,中信關鍵半導體,374,111,263,中國信託,2023-01-16,6160
00751B,元大AAA至A公司債,216,0,216,中國信託,2023-01-16,6160
2338,光罩,239,28,211,中國信託,2023-01-16,6160
3624,光頡,203,2,201,中國信託,2023-01-16,6160
2412,中華電,201,1,200,中國信託,2023-01-16,6160
1304,台聚,200,2,198,中國信託,2023-01-16,6160
00752,中信中國50,209,25,184,中國信託,2023-01-16,6160
00720B,元大投資級公司債,120,1,119,中國信託,2023-01-16,6160
1532,勤美,115,0,115,中國信託,2023-01-16,6160
00904,新光臺灣半導體30,107,3,104,中國信託,2023-01-16,6160
00881,國泰台灣5G+,125,22,103,中國信託,2023-01-16,6160
1301,台塑,102,7,95,中國信託,2023-01-16,6160
2885,元大金,115,21,94,中國信託,2023-01-16,6160
2536,宏普,92,0,92,中國信託,2023-01-16,6160
8436,大江,89,10,79,中國信託,2023-01-16,6160
00907,永豐優息存股,79,1,78,中國信託,2023-01-16,6160
2317,鴻海,84,11,73,中國信託,2023-01-16,6160
2376,技嘉,69,3,66,中國信託,2023-01-16,6160
9933,中鼎,65,0,65,中國信託,2023-01-16,6160
1707,葡萄王,62,0,62,中國信託,2023-01-16,6160
00894,中信小資高價30,96,36,60,中國信託,2023-01-16,6160
2610,華航,96,44,52,中國信託,2023-01-16,6160
2385,群光,51,1,50,中國信託,2023-01-16,6160
5483,中美晶,50,0,50,中國信託,2023-01-16,6160
2887,台新金,81,32,49,中國信託,2023-01-16,6160
00679B,元大美債20年,60,11,49,中國信託,2023-01-16,6160
00706L,期元大S＆P日圓正2,47,0,47,中國信託,2023-01-16,6160
2603,長榮,94,54,40,中國信託,2023-01-16,6160
00913,兆豐台灣晶圓製造,35,0,35,中國信託,2023-01-16,6160
1464,得力,34,0,34,中國信託,2023-01-16,6160
2464,盟立,33,0,33,中國信託,2023-01-16,6160
00912,中信臺灣智慧50,166,134,32,中國信託,2023-01-16,6160
4746,台耀,41,9,32,中國信託,2023-01-16,6160
00901,永豐智能車供應鏈,31,0,31,中國信託,2023-01-16,6160
6782,視陽,36,6,30,中國信託,2023-01-16,6160
3078,僑威,30,1,29,中國信託,2023-01-16,6160
4109,加捷生醫,28,0,28,中國信託,2023-01-16,6160
8255,朋程,27,0,27,中國信託,2023-01-16,6160
8358,金居,76,49,27,中國信託,2023-01-16,6160
00708L,期元大S＆P黃金正2,27,0,27,中國信託,2023-01-16,6160
2618,長榮航,43,17,26,中國信託,2023-01-16,6160
4551,智伸科,26,0,26,中國信託,2023-01-16,6160
2882,國泰金,39,13,26,中國信託,2023-01-16,6160
00896,中信綠能及電動車,208,184,24,中國信託,2023-01-16,6160
00892,富邦台灣半導體,1391,16,1375,中國信託,2023-01-17,6160
2891,中信金,1310,48,1262,中國信託,2023-01-17,6160
00881,國泰台灣5G+,1038,8,1030,中國信託,2023-01-17,6160
00878,國泰永續高股息,903,109,794,中國信託,2023-01-17,6160
1102,亞泥,421,1,420,中國信託,2023-01-17,6160
00904,新光臺灣半導體30,361,0,361,中國信託,2023-01-17,6160
00682U,期元大美元指數,260,0,260,中國信託,2023-01-17,6160
2330,台積電,277,65,212,中國信託,2023-01-17,6160
2482,連宇,186,37,149,中國信託,2023-01-17,6160
00720B,元大投資級公司債,138,0,138,中國信託,2023-01-17,6160
00891,中信關鍵半導體,116,1,115,中國信託,2023-01-17,6160
00751B,元大AAA至A公司債,110,0,110,中國信託,2023-01-17,6160
00902,中信電池及儲能,109,1,108,中國信託,2023-01-17,6160
2412,中華電,104,0,104,中國信託,2023-01-17,6160
00681R,元大美債20反1,100,0,100,中國信託,2023-01-17,6160
3594,磐儀,100,0,100,中國信託,2023-01-17,6160
00917,中信特選金融,218,122,96,中國信託,2023-01-17,6160
00921,兆豐龍頭等權重,127,33,94,中國信託,2023-01-17,6160
2376,技嘉,96,3,93,中國信託,2023-01-17,6160
3027,盛達,104,12,92,中國信託,2023-01-17,6160
1101,台泥,87,4,83,中國信託,2023-01-17,6160
5347,世界,102,28,74,中國信託,2023-01-17,6160
1513,中興電,103,32,71,中國信託,2023-01-17,6160
00886,永豐美國科技,167,100,67,中國信託,2023-01-17,6160
00910,第一金太空衛星,67,0,67,中國信託,2023-01-17,6160
6205,詮欣,73,7,66,中國信託,2023-01-17,6160
00671R,富邦NASDAQ反1,60,0,60,中國信託,2023-01-17,6160
1314,中石化,59,0,59,中國信託,2023-01-17,6160
2748,雲品,68,9,59,中國信託,2023-01-17,6160
6235,華孚,58,0,58,中國信託,2023-01-17,6160
2344,華邦電,72,15,57,中國信託,2023-01-17,6160
00715L,期街口布蘭特正2,55,2,53,中國信託,2023-01-17,6160
00913,兆豐台灣晶圓製造,53,0,53,中國信託,2023-01-17,6160
2610,華航,67,15,52,中國信託,2023-01-17,6160
6531,愛普*,57,7,50,中國信託,2023-01-17,6160
00901,永豐智能車供應鏈,105,55,50,中國信託,2023-01-17,6160
2884,玉山金,53,5,48,中國信託,2023-01-17,6160
2409,友達,51,6,45,中國信託,2023-01-17,6160
2883,凱基金,55,12,43,中國信託,2023-01-17,6160
00683L,期元大美元指正2,42,1,41,中國信託,2023-01-17,6160
3702,大聯大,40,0,40,中國信託,2023-01-17,6160
2497,怡利電,40,0,40,中國信託,2023-01-17,6160
2464,盟立,34,0,34,中國信託,2023-01-17,6160
1464,得力,34,0,34,中國信託,2023-01-17,6160
6505,台塑化,32,0,32,中國信託,2023-01-17,6160
00772B,中信高評級公司債,54,22,32,中國信託,2023-01-17,6160
6213,聯茂,31,0,31,中國信託,2023-01-17,6160
5483,中美晶,32,1,31,中國信託,2023-01-17,6160
2885,元大金,40,10,30,中國信託,2023-01-17,6160
3693,營邦,159,130,29,中國信託,2023-01-17,6160
2891,中信金,1370,27,1343,中國信託,2023-01-30,6160
0050,元大台灣50,1244,108,1136,中國信託,2023-01-30,6160
00885,富邦越南,1122,127,995,中國信託,2023-01-30,6160
00921,兆豐龍頭等權重,995,5,990,中國信託,2023-01-30,6160
00904,新光臺灣半導體30,675,7,668,中國信託,2023-01-30,6160
00632R,元大台灣50反1,577,36,541,中國信託,2023-01-30,6160
2009,第一銅,355,22,333,中國信託,2023-01-30,6160
00891,中信關鍵半導體,555,228,327,中國信託,2023-01-30,6160
3708,上緯投控,204,1,203,中國信託,2023-01-30,6160
00900,富邦特選高股息30,232,39,193,中國信託,2023-01-30,6160
00881,國泰台灣5G+,214,29,185,中國信託,2023-01-30,6160
00878,國泰永續高股息,468,293,175,中國信託,2023-01-30,6160
00901,永豐智能車供應鏈,153,1,152,中國信託,2023-01-30,6160
1434,福懋,150,0,150,中國信託,2023-01-30,6160
4113,聯上,143,0,143,中國信託,2023-01-30,6160
2885,元大金,161,40,121,中國信託,2023-01-30,6160
00753L,中信中國50正2,156,47,109,中國信託,2023-01-30,6160
1786,科妍,110,2,108,中國信託,2023-01-30,6160
3041,揚智,104,0,104,中國信託,2023-01-30,6160
2317,鴻海,130,28,102,中國信託,2023-01-30,6160
2412,中華電,111,10,101,中國信託,2023-01-30,6160
4961,天鈺,111,13,98,中國信託,2023-01-30,6160
00907,永豐優息存股,123,25,98,中國信託,2023-01-30,6160
3665,貿聯-KY,100,5,95,中國信託,2023-01-30,6160
3289,宜特,130,42,88,中國信託,2023-01-30,6160
00671R,富邦NASDAQ反1,85,0,85,中國信託,2023-01-30,6160
4979,華星光,170,86,84,中國信託,2023-01-30,6160
8938,明安,80,0,80,中國信託,2023-01-30,6160
00913,兆豐台灣晶圓製造,96,20,76,中國信託,2023-01-30,6160
2409,友達,202,129,73,中國信託,2023-01-30,6160
2014,中鴻,106,35,71,中國信託,2023-01-30,6160
2809,京城銀,78,7,71,中國信託,2023-01-30,6160
2428,興勤,71,0,71,中國信託,2023-01-30,6160
2332,友訊,68,1,67,中國信託,2023-01-30,6160
5425,台半,128,62,66,中國信託,2023-01-30,6160
5258,虹堡,77,14,63,中國信託,2023-01-30,6160
4919,新唐,112,50,62,中國信託,2023-01-30,6160
8996,高力,158,97,61,中國信託,2023-01-30,6160
4958,臻鼎-KY,60,0,60,中國信託,2023-01-30,6160
8069,元太,92,33,59,中國信託,2023-01-30,6160
1314,中石化,59,1,58,中國信託,2023-01-30,6160
00637L,元大滬深300正2,70,13,57,中國信託,2023-01-30,6160
00757,統一FANG+,63,6,57,中國信託,2023-01-30,6160
4977,眾達-KY,165,109,56,中國信託,2023-01-30,6160
3624,光頡,74,18,56,中國信託,2023-01-30,6160
6830,汎銓,59,4,55,中國信託,2023-01-30,6160
2349,錸德,51,0,51,中國信託,2023-01-30,6160
3035,智原,72,22,50,中國信託,2023-01-30,6160
00910,第一金太空衛星,96,50,46,中國信託,2023-01-30,6160
2017,官田鋼,50,4,46,中國信託,2023-01-30,6160
2891,中信金,1342,729,613,中國信託,2023-01-31,6160
1609,大亞,484,34,450,中國信託,2023-01-31,6160
1605,華新,552,209,343,中國信託,2023-01-31,6160
2409,友達,347,34,313,中國信託,2023-01-31,6160
00720B,元大投資級公司債,235,5,230,中國信託,2023-01-31,6160
1101,台泥,236,8,228,中國信託,2023-01-31,6160
00751B,元大AAA至A公司債,225,0,225,中國信託,2023-01-31,6160
00905,FT臺灣Smart,226,2,224,中國信託,2023-01-31,6160
00878,國泰永續高股息,482,261,221,中國信託,2023-01-31,6160
2317,鴻海,239,38,201,中國信託,2023-01-31,6160
4977,眾達-KY,190,8,182,中國信託,2023-01-31,6160
2412,中華電,163,0,163,中國信託,2023-01-31,6160
1584,精剛,169,20,149,中國信託,2023-01-31,6160
00753L,中信中國50正2,143,13,130,中國信託,2023-01-31,6160
00913,兆豐台灣晶圓製造,156,29,127,中國信託,2023-01-31,6160
2376,技嘉,130,4,126,中國信託,2023-01-31,6160
2867,三商壽,198,78,120,中國信託,2023-01-31,6160
2481,強茂,130,12,118,中國信託,2023-01-31,6160
2330,台積電,277,159,118,中國信託,2023-01-31,6160
2888,新光金,136,23,113,中國信託,2023-01-31,6160
00885,富邦越南,104,0,104,中國信託,2023-01-31,6160
3041,揚智,103,2,101,中國信託,2023-01-31,6160
1440,南紡,100,0,100,中國信託,2023-01-31,6160
3702,大聯大,100,0,100,中國信託,2023-01-31,6160
2892,第一金,99,2,97,中國信託,2023-01-31,6160
5347,世界,111,15,96,中國信託,2023-01-31,6160
00910,第一金太空衛星,153,62,91,中國信託,2023-01-31,6160
2324,仁寶,92,2,90,中國信託,2023-01-31,6160
3481,群創,205,115,90,中國信託,2023-01-31,6160
2884,玉山金,96,7,89,中國信託,2023-01-31,6160
3714,富采,88,0,88,中國信託,2023-01-31,6160
00881,國泰台灣5G+,156,70,86,中國信託,2023-01-31,6160
2367,燿華,85,0,85,中國信託,2023-01-31,6160
1314,中石化,85,0,85,中國信託,2023-01-31,6160
2809,京城銀,78,1,77,中國信託,2023-01-31,6160
6205,詮欣,78,2,76,中國信託,2023-01-31,6160
6125,廣運,75,1,74,中國信託,2023-01-31,6160
2748,雲品,75,1,74,中國信託,2023-01-31,6160
2883B,凱基金乙特,71,0,71,中國信託,2023-01-31,6160
2017,官田鋼,71,1,70,中國信託,2023-01-31,6160
5880,合庫金,69,5,64,中國信託,2023-01-31,6160
6116,彩晶,86,25,61,中國信託,2023-01-31,6160
2492,華新科,61,1,60,中國信託,2023-01-31,6160
00921,兆豐龍頭等權重,62,2,60,中國信託,2023-01-31,6160
3037,欣興,77,20,57,中國信託,2023-01-31,6160
2383,台光電,57,2,55,中國信託,2023-01-31,6160
4190,佐登-KY,50,0,50,中國信託,2023-01-31,6160
3003,健和興,50,1,49,中國信託,2023-01-31,6160
2356,英業達,45,1,44,中國信託,2023-01-31,6160
6282,康舒,223,185,38,中國信託,2023-01-31,6160
2891,中信金,917,50,867,中國信託,2023-02-01,6160
0050,元大台灣50,1195,433,762,中國信託,2023-02-01,6160
00878,國泰永續高股息,723,74,649,中國信託,2023-02-01,6160
2353,宏��,605,5,600,中國信託,2023-02-01,6160
6282,康舒,463,62,401,中國信託,2023-02-01,6160
00921,兆豐龍頭等權重,394,9,385,中國信託,2023-02-01,6160
00900,富邦特選高股息30,666,312,354,中國信託,2023-02-01,6160
2330,台積電,747,422,325,中國信託,2023-02-01,6160
2618,長榮航,500,227,273,中國信託,2023-02-01,6160
00673R,期元大S＆P原油反1,237,0,237,中國信託,2023-02-01,6160
1101,台泥,242,19,223,中國信託,2023-02-01,6160
2201,裕隆,280,68,212,中國信託,2023-02-01,6160
00692,富邦公司治理,208,0,208,中國信託,2023-02-01,6160
4919,新唐,337,148,189,中國信託,2023-02-01,6160
00632R,元大台灣50反1,180,0,180,中國信託,2023-02-01,6160
1519,華城,203,36,167,中國信託,2023-02-01,6160
2344,華邦電,157,24,133,中國信託,2023-02-01,6160
2409,友達,250,120,130,中國信託,2023-02-01,6160
00891,中信關鍵半導體,273,145,128,中國信託,2023-02-01,6160
9933,中鼎,127,0,127,中國信託,2023-02-01,6160
2412,中華電,128,6,122,中國信託,2023-02-01,6160
1504,東元,116,4,112,中國信託,2023-02-01,6160
8028,昇陽半導體,114,3,111,中國信託,2023-02-01,6160
4979,華星光,137,32,105,中國信託,2023-02-01,6160
2449,京元電子,108,8,100,中國信託,2023-02-01,6160
2301,光寶科,80,0,80,中國信託,2023-02-01,6160
2809,京城銀,80,0,80,中國信託,2023-02-01,6160
3227,原相,78,1,77,中國信託,2023-02-01,6160
2887,台新金,106,41,65,中國信託,2023-02-01,6160
0056,元大高股息,198,136,62,中國信託,2023-02-01,6160
2889,國票金,72,12,60,中國信託,2023-02-01,6160
1717,長興,60,0,60,中國信託,2023-02-01,6160
4155,訊映,66,7,59,中國信託,2023-02-01,6160
2367,燿華,52,2,50,中國信託,2023-02-01,6160
3447,展達,50,1,49,中國信託,2023-02-01,6160
2888,新光金,54,6,48,中國信託,2023-02-01,6160
6239,力成,74,29,45,中國信託,2023-02-01,6160
6285,啟��,52,10,42,中國信託,2023-02-01,6160
4763,材料-KY,76,36,40,中國信託,2023-02-01,6160
3290,東浦,68,28,40,中國信託,2023-02-01,6160
5351,鈺創,48,8,40,中國信託,2023-02-01,6160
5425,台半,153,115,38,中國信託,2023-02-01,6160
6244,茂迪,42,4,38,中國信託,2023-02-01,6160
00679B,元大美債20年,38,0,38,中國信託,2023-02-01,6160
1584,精剛,99,62,37,中國信託,2023-02-01,6160
3231,緯創,55,18,37,中國信託,2023-02-01,6160
00907,永豐優息存股,53,17,36,中國信託,2023-02-01,6160
2615,萬海,40,4,36,中國信託,2023-02-01,6160
1722,台肥,35,0,35,中國信託,2023-02-01,6160
4903,聯光通,33,0,33,中國信託,2023-02-01,6160
00878,國泰永續高股息,3538,860,2678,中國信託,2023-02-02,6160
2344,華邦電,2131,120,2011,中國信託,2023-02-02,6160
00921,兆豐龍頭等權重,1353,161,1192,中國信託,2023-02-02,6160
00632R,元大台灣50反1,1511,330,1181,中國信託,2023-02-02,6160
006208,富邦台50,1100,56,1044,中國信託,2023-02-02,6160
0050,元大台灣50,1241,421,820,中國信託,2023-02-02,6160
00891,中信關鍵半導體,572,79,493,中國信託,2023-02-02,6160
2330,台積電,685,276,409,中國信託,2023-02-02,6160
2891,中信金,381,15,366,中國信託,2023-02-02,6160
00720B,元大投資級公司債,360,6,354,中國信託,2023-02-02,6160
1504,東元,286,3,283,中國信託,2023-02-02,6160
00682U,期元大美元指數,240,0,240,中國信託,2023-02-02,6160
4958,臻鼎-KY,240,0,240,中國信託,2023-02-02,6160
00671R,富邦NASDAQ反1,436,205,231,中國信託,2023-02-02,6160
2618,長榮航,373,159,214,中國信託,2023-02-02,6160
1101,台泥,255,42,213,中國信託,2023-02-02,6160
3081,聯亞,238,28,210,中國信託,2023-02-02,6160
00753L,中信中國50正2,388,182,206,中國信託,2023-02-02,6160
2484,希華,201,4,197,中國信託,2023-02-02,6160
00751B,元大AAA至A公司債,189,0,189,中國信託,2023-02-02,6160
2301,光寶科,182,3,179,中國信託,2023-02-02,6160
00892,富邦台灣半導體,264,96,168,中國信託,2023-02-02,6160
2368,金像電,199,42,157,中國信託,2023-02-02,6160
9933,中鼎,143,0,143,中國信託,2023-02-02,6160
00904,新光臺灣半導體30,137,3,134,中國信託,2023-02-02,6160
2408,南亞科,143,16,127,中國信託,2023-02-02,6160
00637L,元大滬深300正2,177,53,124,中國信託,2023-02-02,6160
5009,榮剛,239,120,119,中國信託,2023-02-02,6160
3624,光頡,123,5,118,中國信託,2023-02-02,6160
2049,上銀,110,0,110,中國信託,2023-02-02,6160
0056,元大高股息,162,62,100,中國信託,2023-02-02,6160
00905,FT臺灣Smart,105,5,100,中國信託,2023-02-02,6160
00910,第一金太空衛星,150,51,99,中國信託,2023-02-02,6160
2002,中鋼,158,62,96,中國信託,2023-02-02,6160
6147,頎邦,111,15,96,中國信託,2023-02-02,6160
00680L,元大美債20正2,95,0,95,中國信託,2023-02-02,6160
2882,國泰金,163,73,90,中國信託,2023-02-02,6160
6138,茂達,90,2,88,中國信託,2023-02-02,6160
2337,旺宏,101,13,88,中國信託,2023-02-02,6160
6672,騰輝電子-KY,86,1,85,中國信託,2023-02-02,6160
00885,富邦越南,81,0,81,中國信託,2023-02-02,6160
00913,兆豐台灣晶圓製造,73,0,73,中國信託,2023-02-02,6160
6443,元晶,134,64,70,中國信託,2023-02-02,6160
4961,天鈺,83,14,69,中國信託,2023-02-02,6160
00917,中信特選金融,73,4,69,中國信託,2023-02-02,6160
3702,大聯大,78,9,69,中國信託,2023-02-02,6160
1760,寶齡富錦,199,133,66,中國信託,2023-02-02,6160
2352,佳世達,64,0,64,中國信託,2023-02-02,6160
00679B,元大美債20年,59,0,59,中國信託,2023-02-02,6160
00773B,中信優先金融債,74,16,58,中國信託,2023-02-02,6160
00632R,元大台灣50反1,1100,5,1095,中國信託,2023-02-03,6160
00891,中信關鍵半導體,866,96,770,中國信託,2023-02-03,6160
0056,元大高股息,790,91,699,中國信託,2023-02-03,6160
2330,台積電,684,268,416,中國信託,2023-02-03,6160
00671R,富邦NASDAQ反1,313,0,313,中國信託,2023-02-03,6160
00900,富邦特選高股息30,298,31,267,中國信託,2023-02-03,6160
4746,台耀,208,3,205,中國信託,2023-02-03,6160
5608,四維航,210,10,200,中國信託,2023-02-03,6160
00881,國泰台灣5G+,212,12,200,中國信託,2023-02-03,6160
2337,旺宏,161,4,157,中國信託,2023-02-03,6160
00904,新光臺灣半導體30,144,0,144,中國信託,2023-02-03,6160
1504,東元,116,0,116,中國信託,2023-02-03,6160
5009,榮剛,219,108,111,中國信託,2023-02-03,6160
2891,中信金,109,5,104,中國信託,2023-02-03,6160
8049,晶采,101,0,101,中國信託,2023-02-03,6160
9933,中鼎,102,1,101,中國信託,2023-02-03,6160
2412,中華電,112,14,98,中國信託,2023-02-03,6160
1301,台塑,91,3,88,中國信託,2023-02-03,6160
2615,萬海,161,76,85,中國信託,2023-02-03,6160
2618,長榮航,143,59,84,中國信託,2023-02-03,6160
2301,光寶科,80,5,75,中國信託,2023-02-03,6160
6167,久正,75,0,75,中國信託,2023-02-03,6160
00902,中信電池及儲能,227,156,71,中國信託,2023-02-03,6160
00921,兆豐龍頭等權重,77,6,71,中國信託,2023-02-03,6160
3141,晶宏,151,86,65,中國信託,2023-02-03,6160
2409,友達,82,20,62,中國信託,2023-02-03,6160
00753L,中信中國50正2,576,519,57,中國信託,2023-02-03,6160
2103,台橡,65,9,56,中國信託,2023-02-03,6160
4164,承業醫,56,0,56,中國信託,2023-02-03,6160
00680L,元大美債20正2,75,20,55,中國信託,2023-02-03,6160
00752,中信中國50,69,17,52,中國信託,2023-02-03,6160
2834,臺企銀,65,13,52,中國信託,2023-02-03,6160
00713,元大台灣高息低波,52,0,52,中國信託,2023-02-03,6160
1795,美時,79,27,52,中國信託,2023-02-03,6160
3290,東浦,50,0,50,中國信託,2023-02-03,6160
6666,羅麗芬-KY,50,0,50,中國信託,2023-02-03,6160
2727,王品,53,4,49,中國信託,2023-02-03,6160
00637L,元大滬深300正2,45,0,45,中國信託,2023-02-03,6160
9958,世紀鋼,59,16,43,中國信託,2023-02-03,6160
2884,玉山金,50,7,43,中國信託,2023-02-03,6160
00907,永豐優息存股,80,38,42,中國信託,2023-02-03,6160
3029,零壹,42,0,42,中國信託,2023-02-03,6160
2609,陽明,63,22,41,中國信託,2023-02-03,6160
3081,聯亞,56,16,40,中國信託,2023-02-03,6160
2344,華邦電,52,15,37,中國信託,2023-02-03,6160
4743,合一,45,8,37,中國信託,2023-02-03,6160
6118,建達,136,100,36,中國信託,2023-02-03,6160
1701,中化,35,0,35,中國信託,2023-02-03,6160
5876,上海商銀,32,0,32,中國信託,2023-02-03,6160
00674R,期元大S＆P黃金反1,32,0,32,中國信託,2023-02-03,6160
00632R,元大台灣50反1,701,258,443,中國信託,2023-02-06,6160
2618,長榮航,612,193,419,中國信託,2023-02-06,6160
00917,中信特選金融,331,0,331,中國信託,2023-02-06,6160
2353,宏��,278,4,274,中國信託,2023-02-06,6160
00891,中信關鍵半導體,323,75,248,中國信託,2023-02-06,6160
00715L,期街口布蘭特正2,246,0,246,中國信託,2023-02-06,6160
00892,富邦台灣半導體,181,29,152,中國信託,2023-02-06,6160
00680L,元大美債20正2,114,0,114,中國信託,2023-02-06,6160
2412,中華電,109,1,108,中國信託,2023-02-06,6160
6446,藥華藥,105,7,98,中國信託,2023-02-06,6160
2867,三商壽,110,14,96,中國信託,2023-02-06,6160
2354,鴻準,92,2,90,中國信託,2023-02-06,6160
9933,中鼎,100,12,88,中國信託,2023-02-06,6160
00904,新光臺灣半導體30,112,26,86,中國信託,2023-02-06,6160
1799,易威,86,0,86,中國信託,2023-02-06,6160
00864B,中信美國公債0-1,109,25,84,中國信託,2023-02-06,6160
2603,長榮,119,48,71,中國信託,2023-02-06,6160
2884,玉山金,75,7,68,中國信託,2023-02-06,6160
6143,振曜,71,3,68,中國信託,2023-02-06,6160
2891,中信金,70,6,64,中國信託,2023-02-06,6160
00921,兆豐龍頭等權重,97,34,63,中國信託,2023-02-06,6160
6603,富強鑫,83,23,60,中國信託,2023-02-06,6160
4164,承業醫,65,6,59,中國信託,2023-02-06,6160
2615,萬海,61,3,58,中國信託,2023-02-06,6160
6472,保瑞,105,50,55,中國信託,2023-02-06,6160
00674R,期元大S＆P黃金反1,52,0,52,中國信託,2023-02-06,6160
3624,光頡,56,7,49,中國信託,2023-02-06,6160
5347,世界,52,5,47,中國信託,2023-02-06,6160
2836,高雄銀,45,0,45,中國信託,2023-02-06,6160
00679B,元大美債20年,44,1,43,中國信託,2023-02-06,6160
3029,零壹,42,0,42,中國信託,2023-02-06,6160
1590,亞德客-KY,42,0,42,中國信託,2023-02-06,6160
00894,中信小資高價30,45,4,41,中國信託,2023-02-06,6160
1101,台泥,44,5,39,中國信託,2023-02-06,6160
4743,合一,56,17,39,中國信託,2023-02-06,6160
2383,台光電,39,1,38,中國信託,2023-02-06,6160
2753,八方雲集,50,15,35,中國信託,2023-02-06,6160
00720B,元大投資級公司債,35,0,35,中國信託,2023-02-06,6160
4960,誠美材,49,15,34,中國信託,2023-02-06,6160
6712,長聖,34,1,33,中國信託,2023-02-06,6160
00905,FT臺灣Smart,35,2,33,中國信託,2023-02-06,6160
5876,上海商銀,32,0,32,中國信託,2023-02-06,6160
00772B,中信高評級公司債,95,63,32,中國信託,2023-02-06,6160
00773B,中信優先金融債,92,61,31,中國信託,2023-02-06,6160
9945,潤泰新,37,8,29,中國信託,2023-02-06,6160
00637L,元大滬深300正2,30,2,28,中國信託,2023-02-06,6160
00671R,富邦NASDAQ反1,31,4,27,中國信託,2023-02-06,6160
3017,奇鋐,32,7,25,中國信託,2023-02-06,6160
5880,合庫金,25,0,25,中國信託,2023-02-06,6160
00688L,國泰20年美債正2,25,0,25,中國信託,2023-02-06,6160
2409,友達,1118,67,1051,中國信託,2023-02-07,6160
2303,聯電,1035,30,1005,中國信託,2023-02-07,6160
2412,中華電,909,2,907,中國信託,2023-02-07,6160
00715L,期街口布蘭特正2,534,11,523,中國信託,2023-02-07,6160
3481,群創,531,126,405,中國信託,2023-02-07,6160
00720B,元大投資級公司債,344,6,338,中國信託,2023-02-07,6160
00878,國泰永續高股息,529,238,291,中國信託,2023-02-07,6160
00751B,元大AAA至A公司債,245,5,240,中國信託,2023-02-07,6160
00881,國泰台灣5G+,233,15,218,中國信託,2023-02-07,6160
2867,三商壽,225,28,197,中國信託,2023-02-07,6160
00921,兆豐龍頭等權重,253,62,191,中國信託,2023-02-07,6160
6235,華孚,309,131,178,中國信託,2023-02-07,6160
3624,光頡,180,8,172,中國信託,2023-02-07,6160
00692,富邦公司治理,169,11,158,中國信託,2023-02-07,6160
00728,第一金工業30,154,0,154,中國信託,2023-02-07,6160
00891,中信關鍵半導體,154,6,148,中國信託,2023-02-07,6160
3702,大聯大,138,1,137,中國信託,2023-02-07,6160
1605,華新,232,100,132,中國信託,2023-02-07,6160
1584,精剛,147,35,112,中國信託,2023-02-07,6160
2498,宏達電,159,51,108,中國信託,2023-02-07,6160
3711,日月光投控,100,0,100,中國信託,2023-02-07,6160
00896,中信綠能及電動車,285,186,99,中國信託,2023-02-07,6160
00680L,元大美債20正2,121,24,97,中國信託,2023-02-07,6160
9933,中鼎,98,2,96,中國信託,2023-02-07,6160
00904,新光臺灣半導體30,96,4,92,中國信託,2023-02-07,6160
2610,華航,120,28,92,中國信託,2023-02-07,6160
1101,台泥,93,5,88,中國信託,2023-02-07,6160
2330,台積電,112,28,84,中國信託,2023-02-07,6160
2884,玉山金,93,10,83,中國信託,2023-02-07,6160
5425,台半,111,32,79,中國信託,2023-02-07,6160
00892,富邦台灣半導體,107,34,73,中國信託,2023-02-07,6160
2014,中鴻,110,41,69,中國信託,2023-02-07,6160
4746,台耀,92,24,68,中國信託,2023-02-07,6160
00679B,元大美債20年,70,3,67,中國信託,2023-02-07,6160
3680,家登,73,6,67,中國信託,2023-02-07,6160
00900,富邦特選高股息30,79,18,61,中國信託,2023-02-07,6160
00764B,群益25年美債,60,0,60,中國信託,2023-02-07,6160
00706L,期元大S＆P日圓正2,60,0,60,中國信託,2023-02-07,6160
0056,元大高股息,117,57,60,中國信託,2023-02-07,6160
3036,文曄,59,0,59,中國信託,2023-02-07,6160
2344,華邦電,416,360,56,中國信託,2023-02-07,6160
1795,美時,253,197,56,中國信託,2023-02-07,6160
3324,雙鴻,59,4,55,中國信託,2023-02-07,6160
00780B,國泰A級金融債,54,0,54,中國信託,2023-02-07,6160
2891,中信金,63,10,53,中國信託,2023-02-07,6160
1201,味全,52,0,52,中國信託,2023-02-07,6160
00912,中信臺灣智慧50,61,10,51,中國信託,2023-02-07,6160
2354,鴻準,52,2,50,中國信託,2023-02-07,6160
6147,頎邦,49,1,48,中國信託,2023-02-07,6160
5880,合庫金,47,0,47,中國信託,2023-02-07,6160
00891,中信關鍵半導體,1992,57,1935,中國信託,2023-02-08,6160
0050,元大台灣50,1770,457,1313,中國信託,2023-02-08,6160
2412,中華電,738,0,738,中國信託,2023-02-08,6160
2382,廣達,501,1,500,中國信託,2023-02-08,6160
2409,友達,554,132,422,中國信託,2023-02-08,6160
00894,中信小資高價30,380,10,370,中國信託,2023-02-08,6160
00921,兆豐龍頭等權重,401,35,366,中國信託,2023-02-08,6160
3481,群創,639,335,304,中國信託,2023-02-08,6160
006208,富邦台50,326,67,259,中國信託,2023-02-08,6160
2890,永豐金,236,1,235,中國信託,2023-02-08,6160
2610,華航,372,154,218,中國信託,2023-02-08,6160
00632R,元大台灣50反1,242,26,216,中國信託,2023-02-08,6160
2352,佳世達,206,6,200,中國信託,2023-02-08,6160
0056,元大高股息,498,302,196,中國信託,2023-02-08,6160
5347,世界,233,52,181,中國信託,2023-02-08,6160
00753L,中信中國50正2,260,101,159,中國信託,2023-02-08,6160
3702,大聯大,156,2,154,中國信託,2023-02-08,6160
5009,榮剛,195,41,154,中國信託,2023-02-08,6160
2344,華邦電,181,33,148,中國信託,2023-02-08,6160
00728,第一金工業30,151,5,146,中國信託,2023-02-08,6160
2049,上銀,151,14,137,中國信託,2023-02-08,6160
3027,盛達,154,17,137,中國信託,2023-02-08,6160
00671R,富邦NASDAQ反1,216,84,132,中國信託,2023-02-08,6160
00751B,元大AAA至A公司債,129,0,129,中國信託,2023-02-08,6160
00690,兆豐藍籌30,130,3,127,中國信託,2023-02-08,6160
2885,元大金,131,10,121,中國信託,2023-02-08,6160
8086,宏捷科,122,3,119,中國信託,2023-02-08,6160
8046,南電,118,5,113,中國信託,2023-02-08,6160
3711,日月光投控,141,29,112,中國信託,2023-02-08,6160
4726,永昕,123,12,111,中國信託,2023-02-08,6160
2367,燿華,129,19,110,中國信託,2023-02-08,6160
2882,國泰金,128,20,108,中國信託,2023-02-08,6160
00679B,元大美債20年,106,1,105,中國信託,2023-02-08,6160
2867,三商壽,119,14,105,中國信託,2023-02-08,6160
00904,新光臺灣半導體30,93,0,93,中國信託,2023-02-08,6160
00720B,元大投資級公司債,96,3,93,中國信託,2023-02-08,6160
2884,玉山金,118,26,92,中國信託,2023-02-08,6160
00637L,元大滬深300正2,85,0,85,中國信託,2023-02-08,6160
3624,光頡,103,23,80,中國信託,2023-02-08,6160
6547,高端疫苗,80,0,80,中國信託,2023-02-08,6160
1101,台泥,92,15,77,中國信託,2023-02-08,6160
00901,永豐智能車供應鏈,75,0,75,中國信託,2023-02-08,6160
3017,奇鋐,78,6,72,中國信託,2023-02-08,6160
2002,中鋼,77,12,65,中國信託,2023-02-08,6160
6138,茂達,70,5,65,中國信託,2023-02-08,6160
6485,點序,69,4,65,中國信託,2023-02-08,6160
1201,味全,60,0,60,中國信託,2023-02-08,6160
9933,中鼎,105,46,59,中國信託,2023-02-08,6160
3105,穩懋,71,13,58,中國信託,2023-02-08,6160
00683L,期元大美元指正2,60,5,55,中國信託,2023-02-08,6160
00881,國泰台灣5G+,1109,68,1041,中國信託,2023-02-09,6160
6282,康舒,1037,166,871,中國信託,2023-02-09,6160
00891,中信關鍵半導體,562,14,548,中國信託,2023-02-09,6160
00715L,期街口布蘭特正2,875,334,541,中國信託,2023-02-09,6160
2352,佳世達,506,57,449,中國信託,2023-02-09,6160
2409,友達,548,129,419,中國信託,2023-02-09,6160
1513,中興電,475,149,326,中國信託,2023-02-09,6160
4746,台耀,322,42,280,中國信託,2023-02-09,6160
2603,長榮,320,51,269,中國信託,2023-02-09,6160
4162,智擎,193,3,190,中國信託,2023-02-09,6160
00901,永豐智能車供應鏈,183,11,172,中國信託,2023-02-09,6160
00896,中信綠能及電動車,230,63,167,中國信託,2023-02-09,6160
3481,群創,261,98,163,中國信託,2023-02-09,6160
00904,新光臺灣半導體30,176,13,163,中國信託,2023-02-09,6160
6239,力成,150,0,150,中國信託,2023-02-09,6160
2891,中信金,142,8,134,中國信託,2023-02-09,6160
3702,大聯大,134,3,131,中國信託,2023-02-09,6160
1786,科妍,130,0,130,中國信託,2023-02-09,6160
2892,第一金,124,7,117,中國信託,2023-02-09,6160
00712,復華富時不動產,109,0,109,中國信託,2023-02-09,6160
00921,兆豐龍頭等權重,118,10,108,中國信託,2023-02-09,6160
2412,中華電,111,4,107,中國信託,2023-02-09,6160
8163,達方,100,1,99,中國信託,2023-02-09,6160
2383,台光電,100,3,97,中國信託,2023-02-09,6160
9933,中鼎,101,10,91,中國信託,2023-02-09,6160
00882,中信中國高股息,99,18,81,中國信託,2023-02-09,6160
00679B,元大美債20年,78,0,78,中國信託,2023-02-09,6160
6547,高端疫苗,79,4,75,中國信託,2023-02-09,6160
00894,中信小資高價30,148,75,73,中國信託,2023-02-09,6160
4726,永昕,81,10,71,中國信託,2023-02-09,6160
00772B,中信高評級公司債,611,546,65,中國信託,2023-02-09,6160
00728,第一金工業30,65,1,64,中國信託,2023-02-09,6160
8401,白紗科,60,0,60,中國信託,2023-02-09,6160
3029,零壹,58,4,54,中國信託,2023-02-09,6160
3036,文曄,54,0,54,中國信託,2023-02-09,6160
00905,FT臺灣Smart,53,1,52,中國信託,2023-02-09,6160
2610,華航,136,86,50,中國信託,2023-02-09,6160
2444,兆勁,52,3,49,中國信託,2023-02-09,6160
00751B,元大AAA至A公司債,43,0,43,中國信託,2023-02-09,6160
1605,華新,89,47,42,中國信託,2023-02-09,6160
006208,富邦台50,54,17,37,中國信託,2023-02-09,6160
00888,永豐台灣ESG,58,21,37,中國信託,2023-02-09,6160
2369,菱生,36,0,36,中國信託,2023-02-09,6160
4960,誠美材,40,4,36,中國信託,2023-02-09,6160
00902,中信電池及儲能,37,2,35,中國信託,2023-02-09,6160
00912,中信臺灣智慧50,102,68,34,中國信託,2023-02-09,6160
00632R,元大台灣50反1,92,58,34,中國信託,2023-02-09,6160
6576,逸達,40,8,32,中國信託,2023-02-09,6160
3047,訊舟,44,12,32,中國信託,2023-02-09,6160
2457,飛宏,37,5,32,中國信託,2023-02-09,6160
0050,元大台灣50,1239,137,1102,中國信託,2023-02-10,6160
00881,國泰台灣5G+,726,45,681,中國信託,2023-02-10,6160
2344,華邦電,719,188,531,中國信託,2023-02-10,6160
2889,國票金,416,2,414,中國信託,2023-02-10,6160
00632R,元大台灣50反1,553,214,339,中國信託,2023-02-10,6160
00671R,富邦NASDAQ反1,289,5,284,中國信託,2023-02-10,6160
00878,國泰永續高股息,1253,1038,215,中國信託,2023-02-10,6160
00905,FT臺灣Smart,149,1,148,中國信託,2023-02-10,6160
00712,復華富時不動產,135,0,135,中國信託,2023-02-10,6160
00751B,元大AAA至A公司債,128,0,128,中國信託,2023-02-10,6160
3027,盛達,134,7,127,中國信託,2023-02-10,6160
4541,晟田,129,15,114,中國信託,2023-02-10,6160
2412,中華電,108,0,108,中國信託,2023-02-10,6160
9933,中鼎,103,0,103,中國信託,2023-02-10,6160
2382,廣達,106,3,103,中國信託,2023-02-10,6160
2603,長榮,131,46,85,中國信託,2023-02-10,6160
2376,技嘉,85,2,83,中國信託,2023-02-10,6160
1101,台泥,105,23,82,中國信託,2023-02-10,6160
2049,上銀,95,16,79,中國信託,2023-02-10,6160
6547,高端疫苗,84,6,78,中國信託,2023-02-10,6160
00679B,元大美債20年,68,2,66,中國信託,2023-02-10,6160
6005,群益證,65,6,59,中國信託,2023-02-10,6160
00674R,期元大S＆P黃金反1,89,30,59,中國信託,2023-02-10,6160
00690,兆豐藍籌30,59,0,59,中國信託,2023-02-10,6160
3710,連展投控,61,4,57,中國信託,2023-02-10,6160
2618,長榮航,332,277,55,中國信託,2023-02-10,6160
00917,中信特選金融,113,58,55,中國信託,2023-02-10,6160
2891,中信金,55,4,51,中國信託,2023-02-10,6160
00680L,元大美債20正2,49,0,49,中國信託,2023-02-10,6160
2610,華航,210,161,49,中國信託,2023-02-10,6160
00665L,富邦�琤肭磪囓�2,48,0,48,中國信託,2023-02-10,6160
6147,頎邦,49,1,48,中國信託,2023-02-10,6160
00728,第一金工業30,61,14,47,中國信託,2023-02-10,6160
8401,白紗科,47,0,47,中國信託,2023-02-10,6160
00910,第一金太空衛星,60,13,47,中國信託,2023-02-10,6160
3029,零壹,49,3,46,中國信託,2023-02-10,6160
1810,和成,179,133,46,中國信託,2023-02-10,6160
6770,力積電,47,2,45,中國信託,2023-02-10,6160
4960,誠美材,49,6,43,中國信託,2023-02-10,6160
2880,華南金,41,1,40,中國信託,2023-02-10,6160
5904,寶雅,41,1,40,中國信託,2023-02-10,6160
00637L,元大滬深300正2,40,0,40,中國信託,2023-02-10,6160
2634,漢翔,258,219,39,中國信託,2023-02-10,6160
00896,中信綠能及電動車,148,109,39,中國信託,2023-02-10,6160
2881,富邦金,38,1,37,中國信託,2023-02-10,6160
6712,長聖,67,32,35,中國信託,2023-02-10,6160
2453,凌群,53,19,34,中國信託,2023-02-10,6160
2637,慧洋-KY,34,0,34,中國信託,2023-02-10,6160
3037,欣興,43,10,33,中國信託,2023-02-10,6160
3105,穩懋,51,18,33,中國信託,2023-02-10,6160
00715L,期街口布蘭特正2,866,53,813,中國信託,2023-02-13,6160
0050,元大台灣50,390,82,308,中國信託,2023-02-13,6160
00881,國泰台灣5G+,300,17,283,中國信託,2023-02-13,6160
00632R,元大台灣50反1,181,30,151,中國信託,2023-02-13,6160
00751B,元大AAA至A公司債,138,5,133,中國信託,2023-02-13,6160
3017,奇鋐,133,6,127,中國信託,2023-02-13,6160
3711,日月光投控,128,2,126,中國信託,2023-02-13,6160
2412,中華電,115,1,114,中國信託,2023-02-13,6160
00921,兆豐龍頭等權重,150,39,111,中國信託,2023-02-13,6160
5222,全訊,109,6,103,中國信託,2023-02-13,6160
1786,科妍,98,0,98,中國信託,2023-02-13,6160
00679B,元大美債20年,97,0,97,中國信託,2023-02-13,6160
00728,第一金工業30,99,4,95,中國信託,2023-02-13,6160
006208,富邦台50,146,52,94,中國信託,2023-02-13,6160
2610,華航,193,101,92,中國信託,2023-02-13,6160
9933,中鼎,104,13,91,中國信託,2023-02-13,6160
2376,技嘉,90,1,89,中國信託,2023-02-13,6160
4164,承業醫,92,11,81,中國信託,2023-02-13,6160
6142,友勁,89,8,81,中國信託,2023-02-13,6160
00720B,元大投資級公司債,67,1,66,中國信託,2023-02-13,6160
00900,富邦特選高股息30,73,7,66,中國信託,2023-02-13,6160
00681R,元大美債20反1,64,0,64,中國信託,2023-02-13,6160
4977,眾達-KY,67,6,61,中國信託,2023-02-13,6160
00849B,中信EM主權債0-5,86,28,58,中國信託,2023-02-13,6160
6290,良維,110,55,55,中國信託,2023-02-13,6160
6245,立端,100,50,50,中國信託,2023-02-13,6160
6147,頎邦,50,7,43,中國信託,2023-02-13,6160
00885,富邦越南,42,1,41,中國信託,2023-02-13,6160
2547,日勝生,38,0,38,中國信託,2023-02-13,6160
3029,零壹,49,14,35,中國信託,2023-02-13,6160
00902,中信電池及儲能,59,24,35,中國信託,2023-02-13,6160
3294,英濟,33,0,33,中國信託,2023-02-13,6160
2634,漢翔,74,42,32,中國信託,2023-02-13,6160
00680L,元大美債20正2,29,0,29,中國信託,2023-02-13,6160
00912,中信臺灣智慧50,86,57,29,中國信託,2023-02-13,6160
2324,仁寶,30,3,27,中國信託,2023-02-13,6160
2887,台新金,34,7,27,中國信託,2023-02-13,6160
00637L,元大滬深300正2,30,3,27,中國信託,2023-02-13,6160
4952,凌通,27,0,27,中國信託,2023-02-13,6160
1795,美時,163,137,26,中國信託,2023-02-13,6160
00724B,群益投資級金融債,26,0,26,中國信託,2023-02-13,6160
4966,譜瑞-KY,25,0,25,中國信託,2023-02-13,6160
1591,駿吉-KY,40,15,25,中國信託,2023-02-13,6160
4550,長佳,25,0,25,中國信託,2023-02-13,6160
6288,聯嘉,25,0,25,中國信託,2023-02-13,6160
3594,磐儀,32,8,24,中國信託,2023-02-13,6160
2548,華固,23,0,23,中國信託,2023-02-13,6160
6129,普誠,23,0,23,中國信託,2023-02-13,6160
00688L,國泰20年美債正2,23,0,23,中國信託,2023-02-13,6160
2892,第一金,33,10,23,中國信託,2023-02-13,6160
00881,國泰台灣5G+,1046,7,1039,中國信託,2023-02-14,6160
00671R,富邦NASDAQ反1,912,0,912,中國信託,2023-02-14,6160
00753L,中信中國50正2,977,646,331,中國信託,2023-02-14,6160
0050,元大台灣50,338,29,309,中國信託,2023-02-14,6160
00896,中信綠能及電動車,426,149,277,中國信託,2023-02-14,6160
00715L,期街口布蘭特正2,294,28,266,中國信託,2023-02-14,6160
1584,精剛,253,11,242,中國信託,2023-02-14,6160
3481,群創,237,25,212,中國信託,2023-02-14,6160
00728,第一金工業30,198,0,198,中國信託,2023-02-14,6160
00921,兆豐龍頭等權重,321,144,177,中國信託,2023-02-14,6160
00673R,期元大S＆P原油反1,178,5,173,中國信託,2023-02-14,6160
2637,慧洋-KY,170,0,170,中國信託,2023-02-14,6160
0056,元大高股息,212,44,168,中國信託,2023-02-14,6160
2880,華南金,191,32,159,中國信託,2023-02-14,6160
00912,中信臺灣智慧50,312,158,154,中國信託,2023-02-14,6160
00894,中信小資高價30,169,22,147,中國信託,2023-02-14,6160
00632R,元大台灣50反1,291,160,131,中國信託,2023-02-14,6160
2301,光寶科,120,2,118,中國信託,2023-02-14,6160
2345,智邦,118,1,117,中國信託,2023-02-14,6160
2748,雲品,124,9,115,中國信託,2023-02-14,6160
00650L,復華香港正2,105,0,105,中國信託,2023-02-14,6160
006208,富邦台50,109,7,102,中國信託,2023-02-14,6160
2383,台光電,103,3,100,中國信託,2023-02-14,6160
9933,中鼎,104,15,89,中國信託,2023-02-14,6160
1783,和康生,88,2,86,中國信託,2023-02-14,6160
00712,復華富時不動產,81,0,81,中國信託,2023-02-14,6160
6142,友勁,88,11,77,中國信託,2023-02-14,6160
00637L,元大滬深300正2,74,0,74,中國信託,2023-02-14,6160
2887,台新金,95,22,73,中國信託,2023-02-14,6160
00720B,元大投資級公司債,73,0,73,中國信託,2023-02-14,6160
6138,茂達,72,0,72,中國信託,2023-02-14,6160
00904,新光臺灣半導體30,73,2,71,中國信託,2023-02-14,6160
00690,兆豐藍籌30,68,0,68,中國信託,2023-02-14,6160
00888,永豐台灣ESG,82,20,62,中國信託,2023-02-14,6160
2376,技嘉,83,22,61,中國信託,2023-02-14,6160
6782,視陽,61,1,60,中國信託,2023-02-14,6160
6269,台郡,54,1,53,中國信託,2023-02-14,6160
2103,台橡,50,0,50,中國信託,2023-02-14,6160
2327,國巨,54,6,48,中國信託,2023-02-14,6160
2892,第一金,48,1,47,中國信託,2023-02-14,6160
00910,第一金太空衛星,110,67,43,中國信託,2023-02-14,6160
8454,富邦媒,43,1,42,中國信託,2023-02-14,6160
2061,風青,38,0,38,中國信託,2023-02-14,6160
2453,凌群,229,192,37,中國信託,2023-02-14,6160
2618,長榮航,122,85,37,中國信託,2023-02-14,6160
8081,致新,37,1,36,中國信託,2023-02-14,6160
9945,潤泰新,38,2,36,中國信託,2023-02-14,6160
3029,零壹,48,13,35,中國信託,2023-02-14,6160
6288,聯嘉,49,14,35,中國信託,2023-02-14,6160
00902,中信電池及儲能,68,34,34,中國信託,2023-02-14,6160
00881,國泰台灣5G+,1604,50,1554,中國信託,2023-02-15,6160
3481,群創,995,189,806,中國信託,2023-02-15,6160
2344,華邦電,624,16,608,中國信託,2023-02-15,6160
00904,新光臺灣半導體30,555,47,508,中國信託,2023-02-15,6160
8358,金居,322,5,317,中國信託,2023-02-15,6160
1516,川飛,280,1,279,中國信託,2023-02-15,6160
2618,長榮航,337,82,255,中國信託,2023-02-15,6160
00912,中信臺灣智慧50,284,91,193,中國信託,2023-02-15,6160
2891,中信金,197,20,177,中國信託,2023-02-15,6160
1308,亞聚,150,0,150,中國信託,2023-02-15,6160
2727,王品,190,54,136,中國信託,2023-02-15,6160
1477,聚陽,131,1,130,中國信託,2023-02-15,6160
8171,天宇,134,11,123,中國信託,2023-02-15,6160
3624,光頡,126,6,120,中國信託,2023-02-15,6160
5425,台半,177,73,104,中國信託,2023-02-15,6160
6547,高端疫苗,106,3,103,中國信託,2023-02-15,6160
1513,中興電,454,354,100,中國信託,2023-02-15,6160
9933,中鼎,104,5,99,中國信託,2023-02-15,6160
3711,日月光投控,100,2,98,中國信託,2023-02-15,6160
2884,玉山金,101,3,98,中國信託,2023-02-15,6160
3479,安勤,121,34,87,中國信託,2023-02-15,6160
2412,中華電,112,25,87,中國信託,2023-02-15,6160
00706L,期元大S＆P日圓正2,85,0,85,中國信託,2023-02-15,6160
00902,中信電池及儲能,105,23,82,中國信託,2023-02-15,6160
6782,視陽,81,1,80,中國信託,2023-02-15,6160
00757,統一FANG+,73,0,73,中國信託,2023-02-15,6160
2376,技嘉,70,5,65,中國信託,2023-02-15,6160
00888,永豐台灣ESG,79,15,64,中國信託,2023-02-15,6160
6285,啟��,63,1,62,中國信託,2023-02-15,6160
6138,茂達,69,8,61,中國信託,2023-02-15,6160
00896,中信綠能及電動車,200,140,60,中國信託,2023-02-15,6160
5388,中磊,60,1,59,中國信託,2023-02-15,6160
9802,鈺齊-KY,56,0,56,中國信託,2023-02-15,6160
3025,星通,64,10,54,中國信託,2023-02-15,6160
3596,智易,53,0,53,中國信託,2023-02-15,6160
2103,台橡,50,2,48,中國信託,2023-02-15,6160
8299,群聯,53,5,48,中國信託,2023-02-15,6160
6517,保勝光學,58,12,46,中國信託,2023-02-15,6160
6712,長聖,51,6,45,中國信託,2023-02-15,6160
00921,兆豐龍頭等權重,58,13,45,中國信託,2023-02-15,6160
3406,玉晶光,48,5,43,中國信託,2023-02-15,6160
2471,資通,141,99,42,中國信託,2023-02-15,6160
3029,零壹,44,3,41,中國信託,2023-02-15,6160
2027,大成鋼,62,22,40,中國信託,2023-02-15,6160
2367,燿華,60,20,40,中國信託,2023-02-15,6160
3013,晟銘電,49,11,38,中國信託,2023-02-15,6160
00894,中信小資高價30,55,22,33,中國信託,2023-02-15,6160
3294,英濟,33,0,33,中國信託,2023-02-15,6160
4960,誠美材,37,4,33,中國信託,2023-02-15,6160
2883,凱基金,46,13,33,中國信託,2023-02-15,6160
2303,聯電,2022,328,1694,中國信託,2023-02-16,6160
00881,國泰台灣5G+,663,43,620,中國信託,2023-02-16,6160
2344,華邦電,621,47,574,中國信託,2023-02-16,6160
2610,華航,1048,489,559,中國信託,2023-02-16,6160
2412,中華電,591,50,541,中國信託,2023-02-16,6160
00885,富邦越南,541,21,520,中國信託,2023-02-16,6160
00921,兆豐龍頭等權重,612,95,517,中國信託,2023-02-16,6160
00632R,元大台灣50反1,806,313,493,中國信託,2023-02-16,6160
00673R,期元大S＆P原油反1,419,0,419,中國信託,2023-02-16,6160
1605,華新,978,710,268,中國信託,2023-02-16,6160
2618,長榮航,704,492,212,中國信託,2023-02-16,6160
5425,台半,236,67,169,中國信託,2023-02-16,6160
2408,南亞科,177,8,169,中國信託,2023-02-16,6160
3231,緯創,203,42,161,中國信託,2023-02-16,6160
00679B,元大美債20年,160,2,158,中國信託,2023-02-16,6160
00728,第一金工業30,147,0,147,中國信託,2023-02-16,6160
3710,連展投控,149,11,138,中國信託,2023-02-16,6160
00917,中信特選金融,197,83,114,中國信託,2023-02-16,6160
5258,虹堡,143,29,114,中國信託,2023-02-16,6160
2201,裕隆,160,46,114,中國信託,2023-02-16,6160
9933,中鼎,107,1,106,中國信託,2023-02-16,6160
9802,鈺齊-KY,104,1,103,中國信託,2023-02-16,6160
00900,富邦特選高股息30,112,9,103,中國信託,2023-02-16,6160
5347,世界,90,3,87,中國信託,2023-02-16,6160
6116,彩晶,113,33,80,中國信託,2023-02-16,6160
1519,華城,151,78,73,中國信託,2023-02-16,6160
1513,中興電,190,118,72,中國信託,2023-02-16,6160
2376,技嘉,75,6,69,中國信託,2023-02-16,6160
2884,玉山金,74,8,66,中國信託,2023-02-16,6160
00910,第一金太空衛星,112,50,62,中國信託,2023-02-16,6160
2892,第一金,64,3,61,中國信託,2023-02-16,6160
5880,合庫金,59,0,59,中國信託,2023-02-16,6160
00907,永豐優息存股,62,3,59,中國信託,2023-02-16,6160
2327,國巨,73,16,57,中國信託,2023-02-16,6160
6589,台康生技,56,0,56,中國信託,2023-02-16,6160
3443,創意,97,46,51,中國信託,2023-02-16,6160
2880,華南金,50,0,50,中國信託,2023-02-16,6160
1314,中石化,51,1,50,中國信託,2023-02-16,6160
006205,富邦上証,50,0,50,中國信託,2023-02-16,6160
2352,佳世達,50,1,49,中國信託,2023-02-16,6160
2887,台新金,71,24,47,中國信託,2023-02-16,6160
2634,漢翔,54,11,43,中國信託,2023-02-16,6160
1584,精剛,55,12,43,中國信託,2023-02-16,6160
3217,優群,44,2,42,中國信託,2023-02-16,6160
6411,晶焱,46,8,38,中國信託,2023-02-16,6160
3005,神基,38,0,38,中國信託,2023-02-16,6160
6290,良維,59,23,36,中國信託,2023-02-16,6160
00724B,群益投資級金融債,35,0,35,中國信託,2023-02-16,6160
3224,三顧,40,5,35,中國信託,2023-02-16,6160
00892,富邦台灣半導體,63,29,34,中國信託,2023-02-16,6160
2891,中信金,1035,25,1010,中國信託,2023-02-17,6160
6288,聯嘉,340,4,336,中國信託,2023-02-17,6160
2610,華航,675,356,319,中國信託,2023-02-17,6160
00751B,元大AAA至A公司債,310,0,310,中國信託,2023-02-17,6160
2727,王品,319,34,285,中國信託,2023-02-17,6160
2748,雲品,240,19,221,中國信託,2023-02-17,6160
2344,華邦電,199,25,174,中國信託,2023-02-17,6160
1513,中興電,289,115,174,中國信託,2023-02-17,6160
3711,日月光投控,169,6,163,中國信託,2023-02-17,6160
00753L,中信中國50正2,306,149,157,中國信託,2023-02-17,6160
00679B,元大美債20年,156,0,156,中國信託,2023-02-17,6160
3680,家登,154,3,151,中國信託,2023-02-17,6160
5258,虹堡,139,12,127,中國信託,2023-02-17,6160
2880,華南金,123,0,123,中國信託,2023-02-17,6160
2201,裕隆,165,44,121,中國信託,2023-02-17,6160
6143,振曜,125,17,108,中國信託,2023-02-17,6160
9933,中鼎,107,3,104,中國信託,2023-02-17,6160
00680L,元大美債20正2,102,1,101,中國信託,2023-02-17,6160
4164,承業醫,121,21,100,中國信託,2023-02-17,6160
1605,華新,279,180,99,中國信託,2023-02-17,6160
2412,中華電,92,0,92,中國信託,2023-02-17,6160
2885,元大金,90,1,89,中國信託,2023-02-17,6160
2103,台橡,84,0,84,中國信託,2023-02-17,6160
2376,技嘉,83,4,79,中國信託,2023-02-17,6160
2889,國票金,75,0,75,中國信託,2023-02-17,6160
3447,展達,69,0,69,中國信託,2023-02-17,6160
1584,精剛,117,50,67,中國信託,2023-02-17,6160
5388,中磊,65,4,61,中國信託,2023-02-17,6160
6285,啟��,63,3,60,中國信託,2023-02-17,6160
5425,台半,262,202,60,中國信託,2023-02-17,6160
1316,上曜,58,0,58,中國信託,2023-02-17,6160
3027,盛達,78,21,57,中國信託,2023-02-17,6160
2707,晶華,70,15,55,中國信託,2023-02-17,6160
00921,兆豐龍頭等權重,171,118,53,中國信託,2023-02-17,6160
2637,慧洋-KY,53,1,52,中國信託,2023-02-17,6160
00910,第一金太空衛星,56,4,52,中國信託,2023-02-17,6160
3596,智易,50,1,49,中國信託,2023-02-17,6160
00891,中信關鍵半導體,151,107,44,中國信託,2023-02-17,6160
1314,中石化,50,8,42,中國信託,2023-02-17,6160
9105,泰金寶-DR,42,0,42,中國信託,2023-02-17,6160
2330,台積電,220,178,42,中國信託,2023-02-17,6160
00637L,元大滬深300正2,81,40,41,中國信託,2023-02-17,6160
00665L,富邦�琤肭磪囓�2,41,0,41,中國信託,2023-02-17,6160
1440,南紡,40,0,40,中國信託,2023-02-17,6160
8210,勤誠,40,0,40,中國信託,2023-02-17,6160
00888,永豐台灣ESG,40,1,39,中國信託,2023-02-17,6160
6173,信昌電,38,0,38,中國信託,2023-02-17,6160
2393,億光,37,0,37,中國信託,2023-02-17,6160
00905,FT臺灣Smart,37,0,37,中國信託,2023-02-17,6160
00885,富邦越南,41,5,36,中國信託,2023-02-17,6160
00881,國泰台灣5G+,1639,15,1624,中國信託,2023-02-20,6160
2891,中信金,1052,42,1010,中國信託,2023-02-20,6160
2344,華邦電,817,56,761,中國信託,2023-02-20,6160
00896,中信綠能及電動車,712,95,617,中國信託,2023-02-20,6160
00891,中信關鍵半導體,639,22,617,中國信託,2023-02-20,6160
2881,富邦金,605,42,563,中國信託,2023-02-20,6160
2882,國泰金,565,35,530,中國信託,2023-02-20,6160
2618,長榮航,582,209,373,中國信託,2023-02-20,6160
2409,友達,338,51,287,中國信託,2023-02-20,6160
00894,中信小資高價30,317,75,242,中國信託,2023-02-20,6160
6109,亞元,227,16,211,中國信託,2023-02-20,6160
1504,東元,214,14,200,中國信託,2023-02-20,6160
2610,華航,504,308,196,中國信託,2023-02-20,6160
8927,北基,188,3,185,中國信託,2023-02-20,6160
00904,新光臺灣半導體30,171,0,171,中國信託,2023-02-20,6160
2379,瑞昱,154,4,150,中國信託,2023-02-20,6160
00728,第一金工業30,142,1,141,中國信託,2023-02-20,6160
1783,和康生,159,22,137,中國信託,2023-02-20,6160
1519,華城,208,71,137,中國信託,2023-02-20,6160
9938,百和,126,1,125,中國信託,2023-02-20,6160
4550,長佳,125,0,125,中國信託,2023-02-20,6160
4164,承業醫,147,29,118,中國信託,2023-02-20,6160
9933,中鼎,107,1,106,中國信託,2023-02-20,6160
00632R,元大台灣50反1,171,70,101,中國信託,2023-02-20,6160
00902,中信電池及儲能,195,97,98,中國信託,2023-02-20,6160
00882,中信中國高股息,135,39,96,中國信託,2023-02-20,6160
2885,元大金,144,51,93,中國信託,2023-02-20,6160
4746,台耀,108,21,87,中國信託,2023-02-20,6160
2201,裕隆,92,6,86,中國信託,2023-02-20,6160
00888,永豐台灣ESG,120,34,86,中國信託,2023-02-20,6160
2412,中華電,91,8,83,中國信託,2023-02-20,6160
2880,華南金,86,4,82,中國信託,2023-02-20,6160
2887,台新金,112,30,82,中國信託,2023-02-20,6160
2809,京城銀,75,0,75,中國信託,2023-02-20,6160
3661,世芯-KY,76,5,71,中國信託,2023-02-20,6160
3665,貿聯-KY,81,13,68,中國信託,2023-02-20,6160
6205,詮欣,95,34,61,中國信託,2023-02-20,6160
8069,元太,71,14,57,中國信託,2023-02-20,6160
2801,彰銀,60,6,54,中國信託,2023-02-20,6160
2748,雲品,132,78,54,中國信託,2023-02-20,6160
00673R,期元大S＆P原油反1,100,47,53,中國信託,2023-02-20,6160
5258,虹堡,115,63,52,中國信託,2023-02-20,6160
00631L,元大台灣50正2,50,1,49,中國信託,2023-02-20,6160
9945,潤泰新,50,2,48,中國信託,2023-02-20,6160
1529,樂事綠能,72,26,46,中國信託,2023-02-20,6160
00910,第一金太空衛星,51,6,45,中國信託,2023-02-20,6160
5425,台半,101,56,45,中國信託,2023-02-20,6160
00679B,元大美債20年,80,36,44,中國信託,2023-02-20,6160
00901,永豐智能車供應鏈,45,2,43,中國信託,2023-02-20,6160
3447,展達,44,1,43,中國信託,2023-02-20,6160
00881,國泰台灣5G+,741,6,735,中國信託,2023-02-21,6160
3017,奇鋐,702,9,693,中國信託,2023-02-21,6160
2884,玉山金,770,198,572,中國信託,2023-02-21,6160
00894,中信小資高價30,611,107,504,中國信託,2023-02-21,6160
00891,中信關鍵半導體,417,19,398,中國信託,2023-02-21,6160
00679B,元大美債20年,273,9,264,中國信託,2023-02-21,6160
2388,威盛,401,158,243,中國信託,2023-02-21,6160
6282,康舒,326,113,213,中國信託,2023-02-21,6160
1504,東元,212,5,207,中國信託,2023-02-21,6160
3231,緯創,156,5,151,中國信託,2023-02-21,6160
1308,亞聚,150,0,150,中國信託,2023-02-21,6160
00901,永豐智能車供應鏈,145,0,145,中國信託,2023-02-21,6160
00632R,元大台灣50反1,313,185,128,中國信託,2023-02-21,6160
9933,中鼎,109,0,109,中國信託,2023-02-21,6160
1513,中興電,256,148,108,中國信託,2023-02-21,6160
1101,台泥,118,14,104,中國信託,2023-02-21,6160
00701,國泰股利精選30,102,3,99,中國信託,2023-02-21,6160
5009,榮剛,99,2,97,中國信託,2023-02-21,6160
3322,建舜電,100,4,96,中國信託,2023-02-21,6160
1519,華城,169,81,88,中國信託,2023-02-21,6160
2412,中華電,89,1,88,中國信託,2023-02-21,6160
00728,第一金工業30,86,0,86,中國信託,2023-02-21,6160
00896,中信綠能及電動車,201,118,83,中國信託,2023-02-21,6160
3661,世芯-KY,91,9,82,中國信託,2023-02-21,6160
6285,啟��,107,28,79,中國信託,2023-02-21,6160
2809,京城銀,75,0,75,中國信託,2023-02-21,6160
2379,瑞昱,72,3,69,中國信託,2023-02-21,6160
8478,東哥遊艇,77,15,62,中國信託,2023-02-21,6160
2603,長榮,132,71,61,中國信託,2023-02-21,6160
00921,兆豐龍頭等權重,86,26,60,中國信託,2023-02-21,6160
2867,三商壽,58,0,58,中國信託,2023-02-21,6160
00680L,元大美債20正2,55,0,55,中國信託,2023-02-21,6160
3532,台勝科,50,0,50,中國信託,2023-02-21,6160
3447,展達,50,0,50,中國信託,2023-02-21,6160
2498,宏達電,88,38,50,中國信託,2023-02-21,6160
4550,長佳,50,0,50,中國信託,2023-02-21,6160
2409,友達,144,96,48,中國信託,2023-02-21,6160
5701,劍湖山,72,27,45,中國信託,2023-02-21,6160
00665L,富邦�琤肭磪囓�2,44,0,44,中國信託,2023-02-21,6160
4526,東台,43,0,43,中國信託,2023-02-21,6160
0056,元大高股息,85,44,41,中國信託,2023-02-21,6160
3693,營邦,57,16,41,中國信託,2023-02-21,6160
6666,羅麗芬-KY,42,2,40,中國信託,2023-02-21,6160
3711,日月光投控,40,0,40,中國信託,2023-02-21,6160
6279,胡連,43,3,40,中國信託,2023-02-21,6160
00725B,國泰投資級公司債,39,0,39,中國信託,2023-02-21,6160
3034,聯詠,42,6,36,中國信託,2023-02-21,6160
4768,晶呈科技,49,14,35,中國信託,2023-02-21,6160
3027,盛達,78,43,35,中國信託,2023-02-21,6160
3527,聚積,35,2,33,中國信託,2023-02-21,6160
2891,中信金,512,35,477,中國信託,2023-02-22,6160
00881,國泰台灣5G+,337,66,271,中國信託,2023-02-22,6160
0050,元大台灣50,433,193,240,中國信託,2023-02-22,6160
1504,東元,215,4,211,中國信託,2023-02-22,6160
2884,玉山金,204,33,171,中國信託,2023-02-22,6160
2618,長榮航,202,80,122,中國信託,2023-02-22,6160
5258,虹堡,145,31,114,中國信託,2023-02-22,6160
00921,兆豐龍頭等權重,231,121,110,中國信託,2023-02-22,6160
6732,昇佳電子,103,3,100,中國信託,2023-02-22,6160
2412,中華電,100,3,97,中國信託,2023-02-22,6160
2707,晶華,110,14,96,中國信託,2023-02-22,6160
8069,元太,160,70,90,中國信託,2023-02-22,6160
0056,元大高股息,255,167,88,中國信託,2023-02-22,6160
2421,建準,80,0,80,中國信託,2023-02-22,6160
8028,昇陽半導體,87,9,78,中國信託,2023-02-22,6160
00715L,期街口布蘭特正2,97,19,78,中國信託,2023-02-22,6160
2889,國票金,91,14,77,中國信託,2023-02-22,6160
2809,京城銀,75,0,75,中國信託,2023-02-22,6160
00712,復華富時不動產,69,0,69,中國信託,2023-02-22,6160
2303,聯電,85,16,69,中國信託,2023-02-22,6160
6290,良維,79,14,65,中國信託,2023-02-22,6160
00725B,國泰投資級公司債,53,0,53,中國信託,2023-02-22,6160
2002,中鋼,61,10,51,中國信託,2023-02-22,6160
4550,長佳,50,0,50,中國信託,2023-02-22,6160
4977,眾達-KY,87,40,47,中國信託,2023-02-22,6160
1799,易威,47,0,47,中國信託,2023-02-22,6160
2727,王品,90,45,45,中國信託,2023-02-22,6160
2230,泰茂,81,41,40,中國信託,2023-02-22,6160
00728,第一金工業30,42,2,40,中國信託,2023-02-22,6160
3714,富采,40,1,39,中國信託,2023-02-22,6160
2729,瓦城,45,6,39,中國信託,2023-02-22,6160
6288,聯嘉,44,6,38,中國信託,2023-02-22,6160
00912,中信臺灣智慧50,83,45,38,中國信託,2023-02-22,6160
5340,建榮,36,0,36,中國信託,2023-02-22,6160
1722,台肥,39,4,35,中國信託,2023-02-22,6160
1591,駿吉-KY,35,0,35,中國信託,2023-02-22,6160
1795,美時,128,94,34,中國信託,2023-02-22,6160
9933,中鼎,34,0,34,中國信託,2023-02-22,6160
8033,雷虎,64,30,34,中國信託,2023-02-22,6160
00902,中信電池及儲能,68,36,32,中國信託,2023-02-22,6160
2609,陽明,60,29,31,中國信託,2023-02-22,6160
2603,長榮,82,52,30,中國信託,2023-02-22,6160
6244,茂迪,31,2,29,中國信託,2023-02-22,6160
6205,詮欣,111,82,29,中國信託,2023-02-22,6160
3029,零壹,32,8,24,中國信託,2023-02-22,6160
6235,華孚,140,116,24,中國信託,2023-02-22,6160
6116,彩晶,28,4,24,中國信託,2023-02-22,6160
00882,中信中國高股息,38,15,23,中國信託,2023-02-22,6160
2409,友達,68,45,23,中國信託,2023-02-22,6160
2317,鴻海,34,11,23,中國信託,2023-02-22,6160
00891,中信關鍵半導體,1053,52,1001,中國信託,2023-02-23,6160
3481,群創,1439,693,746,中國信託,2023-02-23,6160
00720B,元大投資級公司債,550,0,550,中國信託,2023-02-23,6160
00881,國泰台灣5G+,561,41,520,中國信託,2023-02-23,6160
00715L,期街口布蘭特正2,608,114,494,中國信託,2023-02-23,6160
00632R,元大台灣50反1,473,6,467,中國信託,2023-02-23,6160
00896,中信綠能及電動車,500,46,454,中國信託,2023-02-23,6160
6290,良維,222,16,206,中國信託,2023-02-23,6160
2330,台積電,280,75,205,中國信託,2023-02-23,6160
00728,第一金工業30,194,1,193,中國信託,2023-02-23,6160
2707,晶華,254,63,191,中國信託,2023-02-23,6160
2303,聯電,273,112,161,中國信託,2023-02-23,6160
0050,元大台灣50,381,223,158,中國信託,2023-02-23,6160
4164,承業醫,200,44,156,中國信託,2023-02-23,6160
4919,新唐,171,23,148,中國信託,2023-02-23,6160
00712,復華富時不動產,142,0,142,中國信託,2023-02-23,6160
00912,中信臺灣智慧50,287,157,130,中國信託,2023-02-23,6160
2409,友達,153,23,130,中國信託,2023-02-23,6160
1532,勤美,127,0,127,中國信託,2023-02-23,6160
00882,中信中國高股息,128,11,117,中國信託,2023-02-23,6160
2731,雄獅,180,66,114,中國信託,2023-02-23,6160
1504,東元,104,8,96,中國信託,2023-02-23,6160
00690,兆豐藍籌30,92,1,91,中國信託,2023-02-23,6160
00921,兆豐龍頭等權重,200,116,84,中國信託,2023-02-23,6160
00888,永豐台灣ESG,171,88,83,中國信託,2023-02-23,6160
2383,台光電,80,0,80,中國信託,2023-02-23,6160
4768,晶呈科技,77,0,77,中國信託,2023-02-23,6160
2748,雲品,147,73,74,中國信託,2023-02-23,6160
2891,中信金,94,21,73,中國信託,2023-02-23,6160
00676R,富邦臺灣加權反1,66,0,66,中國信託,2023-02-23,6160
5258,虹堡,256,192,64,中國信託,2023-02-23,6160
00917,中信特選金融,278,214,64,中國信託,2023-02-23,6160
2812,台中銀,83,24,59,中國信託,2023-02-23,6160
3231,緯創,91,33,58,中國信託,2023-02-23,6160
2412,中華電,89,32,57,中國信託,2023-02-23,6160
2887,台新金,72,15,57,中國信託,2023-02-23,6160
1513,中興電,171,114,57,中國信託,2023-02-23,6160
6443,元晶,70,14,56,中國信託,2023-02-23,6160
5608,四維航,80,24,56,中國信託,2023-02-23,6160
3680,家登,53,0,53,中國信託,2023-02-23,6160
00773B,中信優先金融債,55,3,52,中國信託,2023-02-23,6160
2633,台灣高鐵,53,1,52,中國信託,2023-02-23,6160
00751B,元大AAA至A公司債,49,0,49,中國信託,2023-02-23,6160
3664,安瑞-KY,50,5,45,中國信託,2023-02-23,6160
8069,元太,54,10,44,中國信託,2023-02-23,6160
2605,新興,71,29,42,中國信託,2023-02-23,6160
2027,大成鋼,48,6,42,中國信託,2023-02-23,6160
1810,和成,55,15,40,中國信託,2023-02-23,6160
5425,台半,72,32,40,中國信託,2023-02-23,6160
2884,玉山金,112,73,39,中國信託,2023-02-23,6160
1605,華新,1642,71,1571,中國信託,2023-02-24,6160
00891,中信關鍵半導體,1202,16,1186,中國信託,2023-02-24,6160
5876,上海商銀,739,0,739,中國信託,2023-02-24,6160
00715L,期街口布蘭特正2,1198,629,569,中國信託,2023-02-24,6160
3231,緯創,574,97,477,中國信託,2023-02-24,6160
2352,佳世達,352,7,345,中國信託,2023-02-24,6160
00900,富邦特選高股息30,313,25,288,中國信託,2023-02-24,6160
0050,元大台灣50,571,351,220,中國信託,2023-02-24,6160
00921,兆豐龍頭等權重,217,35,182,中國信託,2023-02-24,6160
0056,元大高股息,258,92,166,中國信託,2023-02-24,6160
00904,新光臺灣半導體30,164,0,164,中國信託,2023-02-24,6160
5608,四維航,252,89,163,中國信託,2023-02-24,6160
00881,國泰台灣5G+,263,109,154,中國信託,2023-02-24,6160
1316,上曜,129,0,129,中國信託,2023-02-24,6160
2812,台中銀,127,2,125,中國信託,2023-02-24,6160
1532,勤美,125,2,123,中國信託,2023-02-24,6160
00912,中信臺灣智慧50,146,33,113,中國信託,2023-02-24,6160
8069,元太,182,72,110,中國信託,2023-02-24,6160
2317,鴻海,178,69,109,中國信託,2023-02-24,6160
6669,緯穎,111,6,105,中國信託,2023-02-24,6160
3346,麗清,100,0,100,中國信託,2023-02-24,6160
00637L,元大滬深300正2,100,0,100,中國信託,2023-02-24,6160
2887,台新金,113,15,98,中國信託,2023-02-24,6160
1905,華紙,101,6,95,中國信託,2023-02-24,6160
00894,中信小資高價30,167,80,87,中國信託,2023-02-24,6160
2891,中信金,101,16,85,中國信託,2023-02-24,6160
2330,台積電,209,125,84,中國信託,2023-02-24,6160
4967,十銓,101,19,82,中國信託,2023-02-24,6160
2606,裕民,146,68,78,中國信託,2023-02-24,6160
0052,富邦科技,75,0,75,中國信託,2023-02-24,6160
4526,東台,75,1,74,中國信託,2023-02-24,6160
4938,和碩,72,1,71,中國信託,2023-02-24,6160
1584,精剛,89,19,70,中國信託,2023-02-24,6160
4915,致伸,75,7,68,中國信託,2023-02-24,6160
3362,先進光,82,22,60,中國信託,2023-02-24,6160
6799,來頡,75,18,57,中國信託,2023-02-24,6160
00896,中信綠能及電動車,51,1,50,中國信託,2023-02-24,6160
2633,台灣高鐵,52,2,50,中國信託,2023-02-24,6160
00632R,元大台灣50反1,56,6,50,中國信託,2023-02-24,6160
00886,永豐美國科技,96,50,46,中國信託,2023-02-24,6160
9917,中保科,45,0,45,中國信託,2023-02-24,6160
00720B,元大投資級公司債,44,0,44,中國信託,2023-02-24,6160
6666,羅麗芬-KY,44,0,44,中國信託,2023-02-24,6160
5258,虹堡,114,71,43,中國信託,2023-02-24,6160
00665L,富邦�琤肭磪囓�2,42,0,42,中國信託,2023-02-24,6160
2399,映泰,50,8,42,中國信託,2023-02-24,6160
2834,臺企銀,45,3,42,中國信託,2023-02-24,6160
4743,合一,53,13,40,中國信託,2023-02-24,6160
2618,長榮航,57,17,40,中國信託,2023-02-24,6160
3037,欣興,146,107,39,中國信託,2023-02-24,6160
00881,國泰台灣5G+,950,40,910,中國信託,2023-03-01,6160
00894,中信小資高價30,865,22,843,中國信託,2023-03-01,6160
00891,中信關鍵半導體,782,108,674,中國信託,2023-03-01,6160
8215,明基材,393,9,384,中國信託,2023-03-01,6160
00904,新光臺灣半導體30,299,11,288,中國信託,2023-03-01,6160
2637,慧洋-KY,316,33,283,中國信託,2023-03-01,6160
2739,寒舍,232,2,230,中國信託,2023-03-01,6160
1905,華紙,228,0,228,中國信託,2023-03-01,6160
2409,友達,234,23,211,中國信託,2023-03-01,6160
2345,智邦,207,5,202,中國信託,2023-03-01,6160
00708L,期元大S＆P黃金正2,200,0,200,中國信託,2023-03-01,6160
00728,第一金工業30,264,68,196,中國信託,2023-03-01,6160
00715L,期街口布蘭特正2,734,547,187,中國信託,2023-03-01,6160
2324,仁寶,252,73,179,中國信託,2023-03-01,6160
3231,緯創,247,70,177,中國信託,2023-03-01,6160
1101,台泥,201,62,139,中國信託,2023-03-01,6160
5009,榮剛,220,83,137,中國信託,2023-03-01,6160
2301,光寶科,131,1,130,中國信託,2023-03-01,6160
1532,勤美,126,0,126,中國信託,2023-03-01,6160
2330,台積電,684,568,116,中國信託,2023-03-01,6160
00885,富邦越南,131,16,115,中國信託,2023-03-01,6160
6245,立端,124,15,109,中國信託,2023-03-01,6160
1702,南僑,102,0,102,中國信託,2023-03-01,6160
5483,中美晶,102,5,97,中國信託,2023-03-01,6160
2601,益航,238,142,96,中國信託,2023-03-01,6160
8171,天宇,106,13,93,中國信託,2023-03-01,6160
2412,中華電,89,0,89,中國信託,2023-03-01,6160
1210,大成,107,23,84,中國信託,2023-03-01,6160
4915,致伸,88,8,80,中國信託,2023-03-01,6160
2002,中鋼,103,24,79,中國信託,2023-03-01,6160
3227,原相,78,1,77,中國信託,2023-03-01,6160
2207,和泰車,77,0,77,中國信託,2023-03-01,6160
2812,台中銀,129,52,77,中國信託,2023-03-01,6160
2884,玉山金,97,21,76,中國信託,2023-03-01,6160
00888,永豐台灣ESG,102,30,72,中國信託,2023-03-01,6160
3346,麗清,73,1,72,中國信託,2023-03-01,6160
00896,中信綠能及電動車,200,129,71,中國信託,2023-03-01,6160
00901,永豐智能車供應鏈,73,4,69,中國信託,2023-03-01,6160
00666R,富邦�琤肭磪齯�1,64,0,64,中國信託,2023-03-01,6160
2618,長榮航,87,24,63,中國信託,2023-03-01,6160
5880,合庫金,65,2,63,中國信託,2023-03-01,6160
4961,天鈺,72,11,61,中國信託,2023-03-01,6160
2867,三商壽,66,6,60,中國信託,2023-03-01,6160
2332,友訊,59,4,55,中國信託,2023-03-01,6160
9933,中鼎,89,34,55,中國信託,2023-03-01,6160
4147,中裕,52,1,51,中國信託,2023-03-01,6160
2891,中信金,100,52,48,中國信託,2023-03-01,6160
9945,潤泰新,77,29,48,中國信託,2023-03-01,6160
00712,復華富時不動產,53,5,48,中國信託,2023-03-01,6160
4526,東台,40,0,40,中國信託,2023-03-01,6160
2330,台積電,619,131,488,中國信託,2023-03-02,6160
2344,華邦電,1163,690,473,中國信託,2023-03-02,6160
00881,國泰台灣5G+,392,6,386,中國信託,2023-03-02,6160
2412,中華電,390,6,384,中國信託,2023-03-02,6160
2637,慧洋-KY,424,74,350,中國信託,2023-03-02,6160
1605,華新,512,165,347,中國信託,2023-03-02,6160
00891,中信關鍵半導體,284,13,271,中國信託,2023-03-02,6160
1905,華紙,200,0,200,中國信託,2023-03-02,6160
00900,富邦特選高股息30,197,21,176,中國信託,2023-03-02,6160
00921,兆豐龍頭等權重,283,119,164,中國信託,2023-03-02,6160
00917,中信特選金融,313,154,159,中國信託,2023-03-02,6160
8215,明基材,161,3,158,中國信託,2023-03-02,6160
1609,大亞,204,46,158,中國信託,2023-03-02,6160
3231,緯創,175,25,150,中國信託,2023-03-02,6160
00679B,元大美債20年,153,4,149,中國信託,2023-03-02,6160
2301,光寶科,166,34,132,中國信託,2023-03-02,6160
00751B,元大AAA至A公司債,129,1,128,中國信託,2023-03-02,6160
9933,中鼎,129,1,128,中國信託,2023-03-02,6160
2891,中信金,139,14,125,中國信託,2023-03-02,6160
3105,穩懋,121,1,120,中國信託,2023-03-02,6160
2834,臺企銀,132,13,119,中國信託,2023-03-02,6160
00712,復華富時不動產,109,0,109,中國信託,2023-03-02,6160
2009,第一銅,101,0,101,中國信託,2023-03-02,6160
3260,威剛,100,0,100,中國信託,2023-03-02,6160
1532,勤美,100,0,100,中國信託,2023-03-02,6160
2457,飛宏,236,141,95,中國信託,2023-03-02,6160
00720B,元大投資級公司債,92,1,91,中國信託,2023-03-02,6160
2337,旺宏,92,2,90,中國信託,2023-03-02,6160
2230,泰茂,110,21,89,中國信託,2023-03-02,6160
8436,大江,86,1,85,中國信託,2023-03-02,6160
00910,第一金太空衛星,85,0,85,中國信託,2023-03-02,6160
00690,兆豐藍籌30,85,0,85,中國信託,2023-03-02,6160
2883,凱基金,89,6,83,中國信託,2023-03-02,6160
4915,致伸,105,26,79,中國信託,2023-03-02,6160
6142,友勁,81,6,75,中國信託,2023-03-02,6160
5876,上海商銀,73,0,73,中國信託,2023-03-02,6160
2002,中鋼,74,4,70,中國信託,2023-03-02,6160
00888,永豐台灣ESG,70,3,67,中國信託,2023-03-02,6160
2729,瓦城,69,4,65,中國信託,2023-03-02,6160
00680L,元大美債20正2,75,10,65,中國信託,2023-03-02,6160
2888,新光金,72,11,61,中國信託,2023-03-02,6160
00676R,富邦臺灣加權反1,60,0,60,中國信託,2023-03-02,6160
2892,第一金,67,12,55,中國信託,2023-03-02,6160
8289,泰藝,65,12,53,中國信託,2023-03-02,6160
2890,永豐金,51,2,49,中國信託,2023-03-02,6160
2605,新興,98,50,48,中國信託,2023-03-02,6160
00912,中信臺灣智慧50,100,56,44,中國信託,2023-03-02,6160
3346,麗清,58,14,44,中國信託,2023-03-02,6160
2442,新美齊,40,0,40,中國信託,2023-03-02,6160
2201,裕隆,55,18,37,中國信託,2023-03-02,6160
3481,群創,3460,1833,1627,中國信託,2023-03-03,6160
00891,中信關鍵半導體,1257,89,1168,中國信託,2023-03-03,6160
2330,台積電,724,167,557,中國信託,2023-03-03,6160
00900,富邦特選高股息30,465,51,414,中國信託,2023-03-03,6160
00896,中信綠能及電動車,271,15,256,中國信託,2023-03-03,6160
00917,中信特選金融,221,4,217,中國信託,2023-03-03,6160
00881,國泰台灣5G+,205,14,191,中國信託,2023-03-03,6160
00894,中信小資高價30,222,42,180,中國信託,2023-03-03,6160
2006,東和鋼鐵,216,42,174,中國信託,2023-03-03,6160
5258,虹堡,269,98,171,中國信託,2023-03-03,6160
00665L,富邦�琤肭磪囓�2,131,0,131,中國信託,2023-03-03,6160
00728,第一金工業30,132,2,130,中國信託,2023-03-03,6160
3105,穩懋,127,5,122,中國信託,2023-03-03,6160
4164,承業醫,156,43,113,中國信託,2023-03-03,6160
00912,中信臺灣智慧50,151,39,112,中國信託,2023-03-03,6160
1609,大亞,216,111,105,中國信託,2023-03-03,6160
6109,亞元,101,0,101,中國信託,2023-03-03,6160
6005,群益證,100,3,97,中國信託,2023-03-03,6160
2732,六角,108,12,96,中國信託,2023-03-03,6160
1605,華新,110,16,94,中國信託,2023-03-03,6160
3005,神基,114,21,93,中國信託,2023-03-03,6160
6205,詮欣,111,21,90,中國信託,2023-03-03,6160
00921,兆豐龍頭等權重,170,85,85,中國信託,2023-03-03,6160
8927,北基,103,23,80,中國信託,2023-03-03,6160
00712,復華富時不動產,77,5,72,中國信託,2023-03-03,6160
6235,華孚,156,84,72,中國信託,2023-03-03,6160
6223,旺矽,71,2,69,中國信託,2023-03-03,6160
2884,玉山金,71,8,63,中國信託,2023-03-03,6160
3702,大聯大,61,0,61,中國信託,2023-03-03,6160
5425,台半,95,36,59,中國信託,2023-03-03,6160
00918,大華優利高填息30,60,1,59,中國信託,2023-03-03,6160
2308,台達電,60,2,58,中國信託,2023-03-03,6160
00910,第一金太空衛星,90,34,56,中國信託,2023-03-03,6160
00878,國泰永續高股息,231,175,56,中國信託,2023-03-03,6160
00751B,元大AAA至A公司債,56,0,56,中國信託,2023-03-03,6160
00637L,元大滬深300正2,75,20,55,中國信託,2023-03-03,6160
2495,普安,74,20,54,中國信託,2023-03-03,6160
2845,遠東銀,51,0,51,中國信託,2023-03-03,6160
2412,中華電,86,37,49,中國信託,2023-03-03,6160
00679B,元大美債20年,51,3,48,中國信託,2023-03-03,6160
2637,慧洋-KY,67,23,44,中國信託,2023-03-03,6160
2891,中信金,70,27,43,中國信託,2023-03-03,6160
4147,中裕,43,1,42,中國信託,2023-03-03,6160
2301,光寶科,76,35,41,中國信託,2023-03-03,6160
3711,日月光投控,41,2,39,中國信託,2023-03-03,6160
00913,兆豐台灣晶圓製造,42,4,38,中國信託,2023-03-03,6160
4915,致伸,49,12,37,中國信託,2023-03-03,6160
00690,兆豐藍籌30,35,0,35,中國信託,2023-03-03,6160
5876,上海商銀,32,0,32,中國信託,2023-03-03,6160
6282,康舒,51,21,30,中國信託,2023-03-03,6160
00881,國泰台灣5G+,1232,23,1209,中國信託,2023-03-06,6160
00673R,期元大S＆P原油反1,974,0,974,中國信託,2023-03-06,6160
00894,中信小資高價30,822,15,807,中國信託,2023-03-06,6160
00891,中信關鍵半導體,809,32,777,中國信託,2023-03-06,6160
5880,合庫金,674,3,671,中國信託,2023-03-06,6160
00900,富邦特選高股息30,629,32,597,中國信託,2023-03-06,6160
00896,中信綠能及電動車,745,179,566,中國信託,2023-03-06,6160
00632R,元大台灣50反1,631,152,479,中國信託,2023-03-06,6160
0050,元大台灣50,732,387,345,中國信託,2023-03-06,6160
00728,第一金工業30,304,53,251,中國信託,2023-03-06,6160
3260,威剛,250,5,245,中國信託,2023-03-06,6160
1609,大亞,256,13,243,中國信託,2023-03-06,6160
2393,億光,215,1,214,中國信託,2023-03-06,6160
00665L,富邦�琤肭磪囓�2,200,10,190,中國信託,2023-03-06,6160
2103,台橡,155,0,155,中國信託,2023-03-06,6160
4961,天鈺,165,25,140,中國信託,2023-03-06,6160
2330,台積電,174,43,131,中國信託,2023-03-06,6160
6223,旺矽,130,2,128,中國信託,2023-03-06,6160
6147,頎邦,147,20,127,中國信託,2023-03-06,6160
4967,十銓,130,3,127,中國信託,2023-03-06,6160
00864B,中信美國公債0-1,148,27,121,中國信託,2023-03-06,6160
00901,永豐智能車供應鏈,140,20,120,中國信託,2023-03-06,6160
1514,亞力,130,16,114,中國信託,2023-03-06,6160
5243,乙盛-KY,108,1,107,中國信託,2023-03-06,6160
8069,元太,154,49,105,中國信託,2023-03-06,6160
3272,東碩,110,7,103,中國信託,2023-03-06,6160
9933,中鼎,104,2,102,中國信託,2023-03-06,6160
8046,南電,110,15,95,中國信託,2023-03-06,6160
4960,誠美材,93,1,92,中國信託,2023-03-06,6160
2412,中華電,91,3,88,中國信託,2023-03-06,6160
6284,佳邦,86,1,85,中國信託,2023-03-06,6160
3189,景碩,105,23,82,中國信託,2023-03-06,6160
2301,光寶科,87,11,76,中國信託,2023-03-06,6160
3138,耀登,79,5,74,中國信託,2023-03-06,6160
1560,中砂,105,34,71,中國信託,2023-03-06,6160
8105,凌巨,76,11,65,中國信託,2023-03-06,6160
4164,承業醫,126,70,56,中國信託,2023-03-06,6160
2344,華邦電,170,119,51,中國信託,2023-03-06,6160
2618,長榮航,68,18,50,中國信託,2023-03-06,6160
2891,中信金,71,21,50,中國信託,2023-03-06,6160
3037,欣興,92,42,50,中國信託,2023-03-06,6160
8222,寶一,93,46,47,中國信託,2023-03-06,6160
00921,兆豐龍頭等權重,155,109,46,中國信託,2023-03-06,6160
6182,合晶,51,5,46,中國信託,2023-03-06,6160
6188,廣明,47,2,45,中國信託,2023-03-06,6160
2002,中鋼,51,7,44,中國信託,2023-03-06,6160
2836,高雄銀,44,0,44,中國信託,2023-03-06,6160
2834,臺企銀,44,1,43,中國信託,2023-03-06,6160
3441,聯一光,75,32,43,中國信託,2023-03-06,6160
6231,系微,44,1,43,中國信託,2023-03-06,6160
00715L,期街口布蘭特正2,919,11,908,中國信託,2023-03-07,6160
00881,國泰台灣5G+,876,59,817,中國信託,2023-03-07,6160
2317,鴻海,572,79,493,中國信託,2023-03-07,6160
00896,中信綠能及電動車,614,142,472,中國信託,2023-03-07,6160
00632R,元大台灣50反1,449,35,414,中國信託,2023-03-07,6160
5009,榮剛,433,67,366,中國信託,2023-03-07,6160
0050,元大台灣50,638,293,345,中國信託,2023-03-07,6160
00878,國泰永續高股息,513,223,290,中國信託,2023-03-07,6160
00665L,富邦�琤肭磪囓�2,253,0,253,中國信託,2023-03-07,6160
2888,新光金,206,6,200,中國信託,2023-03-07,6160
1513,中興電,278,112,166,中國信託,2023-03-07,6160
2344,華邦電,178,19,159,中國信託,2023-03-07,6160
00921,兆豐龍頭等權重,185,30,155,中國信託,2023-03-07,6160
2105,正新,150,0,150,中國信託,2023-03-07,6160
4977,眾達-KY,183,46,137,中國信託,2023-03-07,6160
3702,大聯大,132,2,130,中國信託,2023-03-07,6160
00673R,期元大S＆P原油反1,126,0,126,中國信託,2023-03-07,6160
4129,聯合,125,0,125,中國信託,2023-03-07,6160
00894,中信小資高價30,204,86,118,中國信託,2023-03-07,6160
6188,廣明,109,2,107,中國信託,2023-03-07,6160
00910,第一金太空衛星,103,1,102,中國信託,2023-03-07,6160
6782,視陽,82,0,82,中國信託,2023-03-07,6160
9933,中鼎,87,7,80,中國信託,2023-03-07,6160
2330,台積電,129,52,77,中國信託,2023-03-07,6160
6485,點序,73,0,73,中國信託,2023-03-07,6160
00728,第一金工業30,72,1,71,中國信託,2023-03-07,6160
2412,中華電,117,46,71,中國信託,2023-03-07,6160
1503,士電,123,57,66,中國信託,2023-03-07,6160
6285,啟��,94,29,65,中國信託,2023-03-07,6160
6176,瑞儀,69,5,64,中國信託,2023-03-07,6160
2375,凱美,65,4,61,中國信託,2023-03-07,6160
00679B,元大美債20年,63,4,59,中國信託,2023-03-07,6160
6290,良維,59,3,56,中國信託,2023-03-07,6160
00712,復華富時不動產,63,8,55,中國信託,2023-03-07,6160
2603,長榮,78,28,50,中國信託,2023-03-07,6160
1609,大亞,134,84,50,中國信託,2023-03-07,6160
3036,文曄,53,4,49,中國信託,2023-03-07,6160
2303,聯電,90,44,46,中國信託,2023-03-07,6160
3022,威強電,59,14,45,中國信託,2023-03-07,6160
1326,台化,45,0,45,中國信託,2023-03-07,6160
00720B,元大投資級公司債,42,0,42,中國信託,2023-03-07,6160
4551,智伸科,43,1,42,中國信託,2023-03-07,6160
2836,高雄銀,42,0,42,中國信託,2023-03-07,6160
4960,誠美材,44,2,42,中國信託,2023-03-07,6160
6147,頎邦,45,3,42,中國信託,2023-03-07,6160
6741,91APP*-KY,43,2,41,中國信託,2023-03-07,6160
8028,昇陽半導體,40,0,40,中國信託,2023-03-07,6160
6223,旺矽,42,2,40,中國信託,2023-03-07,6160
2301,光寶科,37,0,37,中國信託,2023-03-07,6160
1536,和大,35,0,35,中國信託,2023-03-07,6160
00673R,期元大S＆P原油反1,554,10,544,中國信託,2023-03-08,6160
2610,華航,548,47,501,中國信託,2023-03-08,6160
2892,第一金,407,0,407,中國信託,2023-03-08,6160
00923,群益台ESG低碳50,679,318,361,中國信託,2023-03-08,6160
00891,中信關鍵半導體,405,47,358,中國信託,2023-03-08,6160
00637L,元大滬深300正2,386,60,326,中國信託,2023-03-08,6160
5009,榮剛,610,362,248,中國信託,2023-03-08,6160
5285,界霖,424,192,232,中國信託,2023-03-08,6160
8150,南茂,201,0,201,中國信託,2023-03-08,6160
2367,燿華,201,27,174,中國信託,2023-03-08,6160
00701,國泰股利精選30,153,1,152,中國信託,2023-03-08,6160
00901,永豐智能車供應鏈,157,13,144,中國信託,2023-03-08,6160
9933,中鼎,143,10,133,中國信託,2023-03-08,6160
1504,東元,160,30,130,中國信託,2023-03-08,6160
3702,大聯大,131,1,130,中國信託,2023-03-08,6160
6147,頎邦,144,19,125,中國信託,2023-03-08,6160
1440,南紡,112,0,112,中國信託,2023-03-08,6160
00680L,元大美債20正2,103,0,103,中國信託,2023-03-08,6160
00665L,富邦�琤肭磪囓�2,202,104,98,中國信託,2023-03-08,6160
4164,承業醫,175,81,94,中國信託,2023-03-08,6160
6205,詮欣,122,33,89,中國信託,2023-03-08,6160
2375,凱美,107,22,85,中國信託,2023-03-08,6160
00712,復華富時不動產,85,0,85,中國信託,2023-03-08,6160
00905,FT臺灣Smart,78,0,78,中國信託,2023-03-08,6160
2889,國票金,94,18,76,中國信託,2023-03-08,6160
1210,大成,76,1,75,中國信託,2023-03-08,6160
6732,昇佳電子,85,11,74,中國信託,2023-03-08,6160
8071,能率網通,74,1,73,中國信託,2023-03-08,6160
6548,長科*,80,8,72,中國信託,2023-03-08,6160
00896,中信綠能及電動車,121,49,72,中國信託,2023-03-08,6160
8069,元太,134,62,72,中國信託,2023-03-08,6160
2634,漢翔,160,90,70,中國信託,2023-03-08,6160
1560,中砂,71,2,69,中國信託,2023-03-08,6160
6129,普誠,128,60,68,中國信託,2023-03-08,6160
8028,昇陽半導體,70,4,66,中國信託,2023-03-08,6160
8111,立��,76,13,63,中國信託,2023-03-08,6160
2888,新光金,64,3,61,中國信託,2023-03-08,6160
00882,中信中國高股息,155,96,59,中國信託,2023-03-08,6160
2606,裕民,69,13,56,中國信託,2023-03-08,6160
00894,中信小資高價30,239,183,56,中國信託,2023-03-08,6160
6509,聚和,57,2,55,中國信託,2023-03-08,6160
3036,文曄,53,0,53,中國信託,2023-03-08,6160
2609,陽明,67,14,53,中國信託,2023-03-08,6160
00720B,元大投資級公司債,52,0,52,中國信託,2023-03-08,6160
2002,中鋼,64,13,51,中國信託,2023-03-08,6160
5340,建榮,54,3,51,中國信託,2023-03-08,6160
2412,中華電,86,40,46,中國信託,2023-03-08,6160
6153,嘉聯益,50,4,46,中國信託,2023-03-08,6160
00907,永豐優息存股,45,1,44,中國信託,2023-03-08,6160
2731,雄獅,51,9,42,中國信託,2023-03-08,6160
2344,華邦電,1199,87,1112,中國信託,2023-03-09,6160
2890,永豐金,897,4,893,中國信託,2023-03-09,6160
00923,群益台ESG低碳50,702,182,520,中國信託,2023-03-09,6160
2892,第一金,436,0,436,中國信託,2023-03-09,6160
2027,大成鋼,331,6,325,中國信託,2023-03-09,6160
00894,中信小資高價30,257,0,257,中國信託,2023-03-09,6160
00891,中信關鍵半導體,220,8,212,中國信託,2023-03-09,6160
2347,聯強,204,0,204,中國信託,2023-03-09,6160
2324,仁寶,203,2,201,中國信託,2023-03-09,6160
2618,長榮航,243,62,181,中國信託,2023-03-09,6160
00921,兆豐龍頭等權重,212,39,173,中國信託,2023-03-09,6160
00917,中信特選金融,164,1,163,中國信託,2023-03-09,6160
00912,中信臺灣智慧50,160,3,157,中國信託,2023-03-09,6160
00751B,元大AAA至A公司債,156,0,156,中國信託,2023-03-09,6160
2382,廣達,157,1,156,中國信託,2023-03-09,6160
3037,欣興,242,86,156,中國信託,2023-03-09,6160
2883,凱基金,162,8,154,中國信託,2023-03-09,6160
3491,昇達科,164,32,132,中國信託,2023-03-09,6160
3702,大聯大,138,20,118,中國信託,2023-03-09,6160
2376,技嘉,111,4,107,中國信託,2023-03-09,6160
2888,新光金,104,1,103,中國信託,2023-03-09,6160
9933,中鼎,99,1,98,中國信託,2023-03-09,6160
1101,台泥,114,20,94,中國信託,2023-03-09,6160
00905,FT臺灣Smart,93,2,91,中國信託,2023-03-09,6160
1210,大成,91,0,91,中國信託,2023-03-09,6160
2006,東和鋼鐵,89,0,89,中國信託,2023-03-09,6160
2634,漢翔,178,92,86,中國信託,2023-03-09,6160
0056,元大高股息,177,97,80,中國信託,2023-03-09,6160
2891,中信金,136,57,79,中國信託,2023-03-09,6160
2606,裕民,81,3,78,中國信託,2023-03-09,6160
1216,統一,77,1,76,中國信託,2023-03-09,6160
2486,一詮,277,204,73,中國信託,2023-03-09,6160
2317,鴻海,89,16,73,中國信託,2023-03-09,6160
2887,台新金,80,10,70,中國信託,2023-03-09,6160
6282,康舒,135,67,68,中國信託,2023-03-09,6160
2359,所羅門,184,117,67,中國信託,2023-03-09,6160
2885,元大金,60,0,60,中國信託,2023-03-09,6160
4915,致伸,75,17,58,中國信託,2023-03-09,6160
2409,友達,59,4,55,中國信託,2023-03-09,6160
6205,詮欣,69,14,55,中國信託,2023-03-09,6160
2610,華航,191,136,55,中國信託,2023-03-09,6160
3036,文曄,59,6,53,中國信託,2023-03-09,6160
2351,順德,71,20,51,中國信託,2023-03-09,6160
3703,欣陸,51,0,51,中國信託,2023-03-09,6160
00910,第一金太空衛星,102,51,51,中國信託,2023-03-09,6160
8112,至上,63,14,49,中國信託,2023-03-09,6160
1326,台化,49,0,49,中國信託,2023-03-09,6160
2880,華南金,48,0,48,中國信託,2023-03-09,6160
2385,群光,58,11,47,中國信託,2023-03-09,6160
2412,中華電,88,41,47,中國信託,2023-03-09,6160
00891,中信關鍵半導體,820,86,734,中國信託,2023-03-10,6160
2317,鴻海,349,35,314,中國信託,2023-03-10,6160
0056,元大高股息,854,601,253,中國信託,2023-03-10,6160
2891,中信金,265,38,227,中國信託,2023-03-10,6160
4111,濟生,200,0,200,中國信託,2023-03-10,6160
00701,國泰股利精選30,182,0,182,中國信託,2023-03-10,6160
00712,復華富時不動產,186,7,179,中國信託,2023-03-10,6160
3481,群創,206,31,175,中國信託,2023-03-10,6160
4904,遠傳,120,0,120,中國信託,2023-03-10,6160
2609,陽明,442,333,109,中國信託,2023-03-10,6160
00692,富邦公司治理,129,21,108,中國信託,2023-03-10,6160
2883,凱基金,115,11,104,中國信託,2023-03-10,6160
1303,南亞,101,2,99,中國信託,2023-03-10,6160
2739,寒舍,104,6,98,中國信託,2023-03-10,6160
9933,中鼎,102,5,97,中國信託,2023-03-10,6160
00728,第一金工業30,89,3,86,中國信託,2023-03-10,6160
2834,臺企銀,86,3,83,中國信託,2023-03-10,6160
2027,大成鋼,75,2,73,中國信託,2023-03-10,6160
4915,致伸,88,16,72,中國信託,2023-03-10,6160
00905,FT臺灣Smart,71,0,71,中國信託,2023-03-10,6160
3711,日月光投控,135,66,69,中國信託,2023-03-10,6160
00666R,富邦�琤肭磪齯�1,66,0,66,中國信託,2023-03-10,6160
1316,上曜,65,0,65,中國信託,2023-03-10,6160
2890,永豐金,65,6,59,中國信託,2023-03-10,6160
2812,台中銀,75,16,59,中國信託,2023-03-10,6160
2881,富邦金,91,32,59,中國信託,2023-03-10,6160
2887,台新金,61,7,54,中國信託,2023-03-10,6160
2412,中華電,90,38,52,中國信託,2023-03-10,6160
3591,艾笛森,57,6,51,中國信託,2023-03-10,6160
2884,玉山金,144,94,50,中國信託,2023-03-10,6160
1301,台塑,52,2,50,中國信託,2023-03-10,6160
2009,第一銅,53,6,47,中國信託,2023-03-10,6160
4979,華星光,51,5,46,中國信託,2023-03-10,6160
1584,精剛,147,107,40,中國信託,2023-03-10,6160
6147,頎邦,44,5,39,中國信託,2023-03-10,6160
00665L,富邦�琤肭磪囓�2,67,29,38,中國信託,2023-03-10,6160
6116,彩晶,47,9,38,中國信託,2023-03-10,6160
2331,精英,49,11,38,中國信託,2023-03-10,6160
2429,銘旺科,41,3,38,中國信託,2023-03-10,6160
6547,高端疫苗,51,13,38,中國信託,2023-03-10,6160
00882,中信中國高股息,201,164,37,中國信託,2023-03-10,6160
00751B,元大AAA至A公司債,36,0,36,中國信託,2023-03-10,6160
00795B,中信美國公債20年,249,213,36,中國信託,2023-03-10,6160
00894,中信小資高價30,68,32,36,中國信託,2023-03-10,6160
2308,台達電,51,15,36,中國信託,2023-03-10,6160
2471,資通,42,7,35,中國信託,2023-03-10,6160
2641,正德,59,24,35,中國信託,2023-03-10,6160
1504,東元,62,27,35,中國信託,2023-03-10,6160
00738U,期元大道瓊白銀,34,0,34,中國信託,2023-03-10,6160
00642U,期元大S＆P石油,36,2,34,中國信託,2023-03-10,6160
00891,中信關鍵半導體,1166,22,1144,中國信託,2023-03-13,6160
4164,承業醫,707,90,617,中國信託,2023-03-13,6160
00632R,元大台灣50反1,681,251,430,中國信託,2023-03-13,6160
00751B,元大AAA至A公司債,375,1,374,中國信託,2023-03-13,6160
2637,慧洋-KY,299,4,295,中國信託,2023-03-13,6160
00753L,中信中國50正2,605,341,264,中國信託,2023-03-13,6160
2330,台積電,231,49,182,中國信託,2023-03-13,6160
1762,中化生,177,12,165,中國信託,2023-03-13,6160
00712,復華富時不動產,180,16,164,中國信託,2023-03-13,6160
00764B,群益25年美債,120,0,120,中國信託,2023-03-13,6160
00715L,期街口布蘭特正2,192,76,116,中國信託,2023-03-13,6160
3591,艾笛森,106,0,106,中國信託,2023-03-13,6160
00905,FT臺灣Smart,105,1,104,中國信託,2023-03-13,6160
00772B,中信高評級公司債,116,17,99,中國信託,2023-03-13,6160
2891,中信金,133,39,94,中國信託,2023-03-13,6160
9933,中鼎,106,14,92,中國信託,2023-03-13,6160
5340,建榮,92,5,87,中國信託,2023-03-13,6160
2412,中華電,88,14,74,中國信託,2023-03-13,6160
2027,大成鋼,85,13,72,中國信託,2023-03-13,6160
00720B,元大投資級公司債,73,1,72,中國信託,2023-03-13,6160
00680L,元大美債20正2,67,5,62,中國信託,2023-03-13,6160
00795B,中信美國公債20年,282,220,62,中國信託,2023-03-13,6160
2881,富邦金,88,28,60,中國信託,2023-03-13,6160
3011,今皓,59,1,58,中國信託,2023-03-13,6160
4155,訊映,79,23,56,中國信託,2023-03-13,6160
8249,菱光,60,5,55,中國信託,2023-03-13,6160
3010,華立,54,0,54,中國信託,2023-03-13,6160
3046,建��,217,164,53,中國信託,2023-03-13,6160
2317,鴻海,79,28,51,中國信託,2023-03-13,6160
6282,康舒,74,23,51,中國信託,2023-03-13,6160
3207,耀勝,69,19,50,中國信託,2023-03-13,6160
00885,富邦越南,69,21,48,中國信託,2023-03-13,6160
2379,瑞昱,50,2,48,中國信託,2023-03-13,6160
2354,鴻準,49,3,46,中國信託,2023-03-13,6160
00901,永豐智能車供應鏈,54,12,42,中國信託,2023-03-13,6160
00728,第一金工業30,41,0,41,中國信託,2023-03-13,6160
5285,界霖,42,2,40,中國信託,2023-03-13,6160
2888,新光金,94,54,40,中國信託,2023-03-13,6160
1102,亞泥,42,2,40,中國信託,2023-03-13,6160
2457,飛宏,219,180,39,中國信託,2023-03-13,6160
2609,陽明,220,186,34,中國信託,2023-03-13,6160
1721,三晃,34,1,33,中國信託,2023-03-13,6160
00687B,國泰20年美債,33,0,33,中國信託,2023-03-13,6160
2884,玉山金,125,93,32,中國信託,2023-03-13,6160
2890,永豐金,49,17,32,中國信託,2023-03-13,6160
6147,頎邦,46,14,32,中國信託,2023-03-13,6160
2401,凌陽,35,5,30,中國信託,2023-03-13,6160
5488,松普,30,0,30,中國信託,2023-03-13,6160
00664R,國泰臺灣加權反1,30,0,30,中國信託,2023-03-13,6160
2009,第一銅,36,7,29,中國信託,2023-03-13,6160
00715L,期街口布蘭特正2,863,93,770,中國信託,2023-03-14,6160
00891,中信關鍵半導體,789,46,743,中國信託,2023-03-14,6160
00904,新光臺灣半導體30,508,16,492,中國信託,2023-03-14,6160
00895,富邦未來車,450,0,450,中國信託,2023-03-14,6160
2891,中信金,464,18,446,中國信託,2023-03-14,6160
2352,佳世達,292,5,287,中國信託,2023-03-14,6160
00637L,元大滬深300正2,270,16,254,中國信託,2023-03-14,6160
2618,長榮航,209,41,168,中國信託,2023-03-14,6160
1605,華新,264,100,164,中國信託,2023-03-14,6160
1305,華夏,164,1,163,中國信託,2023-03-14,6160
1440,南紡,155,0,155,中國信託,2023-03-14,6160
2732,六角,155,4,151,中國信託,2023-03-14,6160
2606,裕民,151,2,149,中國信託,2023-03-14,6160
2889,國票金,206,60,146,中國信託,2023-03-14,6160
00720B,元大投資級公司債,140,1,139,中國信託,2023-03-14,6160
00751B,元大AAA至A公司債,151,20,131,中國信託,2023-03-14,6160
00795B,中信美國公債20年,344,214,130,中國信託,2023-03-14,6160
2103,台橡,126,2,124,中國信託,2023-03-14,6160
2883,凱基金,114,11,103,中國信託,2023-03-14,6160
4129,聯合,108,9,99,中國信託,2023-03-14,6160
2888,新光金,121,22,99,中國信託,2023-03-14,6160
2610,華航,166,67,99,中國信託,2023-03-14,6160
9933,中鼎,101,6,95,中國信託,2023-03-14,6160
00642U,期元大S＆P石油,93,0,93,中國信託,2023-03-14,6160
2834,臺企銀,119,27,92,中國信託,2023-03-14,6160
0056,元大高股息,250,160,90,中國信託,2023-03-14,6160
00712,復華富時不動產,90,10,80,中國信託,2023-03-14,6160
00885,富邦越南,79,0,79,中國信託,2023-03-14,6160
1402,遠東新,80,4,76,中國信託,2023-03-14,6160
2457,飛宏,270,195,75,中國信託,2023-03-14,6160
1210,大成,77,5,72,中國信託,2023-03-14,6160
4147,中裕,71,1,70,中國信託,2023-03-14,6160
2376,技嘉,71,4,67,中國信託,2023-03-14,6160
2308,台達電,73,7,66,中國信託,2023-03-14,6160
1308,亞聚,66,0,66,中國信託,2023-03-14,6160
3481,群創,88,25,63,中國信託,2023-03-14,6160
2885,元大金,65,4,61,中國信託,2023-03-14,6160
2884,玉山金,87,32,55,中國信託,2023-03-14,6160
2882,國泰金,57,4,53,中國信託,2023-03-14,6160
00921,兆豐龍頭等權重,96,44,52,中國信託,2023-03-14,6160
2881,富邦金,53,1,52,中國信託,2023-03-14,6160
1215,卜蜂,51,0,51,中國信託,2023-03-14,6160
4164,承業醫,57,9,48,中國信託,2023-03-14,6160
5340,建榮,48,2,46,中國信託,2023-03-14,6160
9945,潤泰新,46,0,46,中國信託,2023-03-14,6160
00893,國泰智能電動車,46,0,46,中國信託,2023-03-14,6160
00773B,中信優先金融債,48,3,45,中國信託,2023-03-14,6160
00665L,富邦�琤肭磪囓�2,84,41,43,中國信託,2023-03-14,6160
2812,台中銀,41,3,38,中國信託,2023-03-14,6160
2615,萬海,99,61,38,中國信託,2023-03-14,6160
00891,中信關鍵半導體,1776,26,1750,中國信託,2023-03-15,6160
0050,元大台灣50,1125,315,810,中國信託,2023-03-15,6160
2890,永豐金,557,1,556,中國信託,2023-03-15,6160
6244,茂迪,484,42,442,中國信託,2023-03-15,6160
2891,中信金,437,29,408,中國信託,2023-03-15,6160
00912,中信臺灣智慧50,366,56,310,中國信託,2023-03-15,6160
2888,新光金,272,12,260,中國信託,2023-03-15,6160
1504,東元,309,57,252,中國信託,2023-03-15,6160
9933,中鼎,230,0,230,中國信託,2023-03-15,6160
00892,富邦台灣半導體,399,188,211,中國信託,2023-03-15,6160
2313,華通,217,6,211,中國信託,2023-03-15,6160
1336,台翰,189,0,189,中國信託,2023-03-15,6160
2610,華航,219,57,162,中國信託,2023-03-15,6160
2801,彰銀,145,0,145,中國信託,2023-03-15,6160
2880,華南金,135,0,135,中國信託,2023-03-15,6160
2618,長榮航,141,16,125,中國信託,2023-03-15,6160
00888,永豐台灣ESG,140,17,123,中國信託,2023-03-15,6160
2883,凱基金,128,10,118,中國信託,2023-03-15,6160
00900,富邦特選高股息30,109,6,103,中國信託,2023-03-15,6160
2352,佳世達,102,0,102,中國信託,2023-03-15,6160
6269,台郡,102,1,101,中國信託,2023-03-15,6160
3231,緯創,142,42,100,中國信託,2023-03-15,6160
2887,台新金,101,3,98,中國信託,2023-03-15,6160
5880,合庫金,91,0,91,中國信託,2023-03-15,6160
2884,玉山金,105,16,89,中國信託,2023-03-15,6160
0056,元大高股息,221,141,80,中國信託,2023-03-15,6160
2103,台橡,80,1,79,中國信託,2023-03-15,6160
2308,台達電,92,15,77,中國信託,2023-03-15,6160
2834,臺企銀,81,5,76,中國信託,2023-03-15,6160
4960,誠美材,85,10,75,中國信託,2023-03-15,6160
2412,中華電,77,2,75,中國信託,2023-03-15,6160
4938,和碩,74,0,74,中國信託,2023-03-15,6160
3024,憶聲,75,3,72,中國信託,2023-03-15,6160
00712,復華富時不動產,81,9,72,中國信託,2023-03-15,6160
5009,榮剛,77,6,71,中國信託,2023-03-15,6160
5701,劍湖山,68,0,68,中國信託,2023-03-15,6160
00921,兆豐龍頭等權重,150,87,63,中國信託,2023-03-15,6160
5876,上海商銀,62,0,62,中國信託,2023-03-15,6160
2881,富邦金,66,5,61,中國信託,2023-03-15,6160
3706,神達,59,0,59,中國信託,2023-03-15,6160
2376,技嘉,68,12,56,中國信託,2023-03-15,6160
4190,佐登-KY,55,0,55,中國信託,2023-03-15,6160
8046,南電,65,13,52,中國信託,2023-03-15,6160
6122,擎邦,67,15,52,中國信託,2023-03-15,6160
4958,臻鼎-KY,53,2,51,中國信託,2023-03-15,6160
00751B,元大AAA至A公司債,62,12,50,中國信託,2023-03-15,6160
00679B,元大美債20年,55,6,49,中國信託,2023-03-15,6160
00642U,期元大S＆P石油,49,0,49,中國信託,2023-03-15,6160
1584,精剛,117,68,49,中國信託,2023-03-15,6160
5488,松普,46,0,46,中國信託,2023-03-15,6160
00891,中信關鍵半導體,1105,64,1041,中國信託,2023-03-16,6160
2891,中信金,1086,49,1037,中國信託,2023-03-16,6160
2887,台新金,334,15,319,中國信託,2023-03-16,6160
2610,華航,360,54,306,中國信託,2023-03-16,6160
2834,臺企銀,474,171,303,中國信託,2023-03-16,6160
00904,新光臺灣半導體30,308,5,303,中國信託,2023-03-16,6160
2637,慧洋-KY,222,21,201,中國信託,2023-03-16,6160
00680L,元大美債20正2,199,15,184,中國信託,2023-03-16,6160
00912,中信臺灣智慧50,233,49,184,中國信託,2023-03-16,6160
0056,元大高股息,374,208,166,中國信託,2023-03-16,6160
00882,中信中國高股息,220,55,165,中國信託,2023-03-16,6160
5425,台半,168,18,150,中國信託,2023-03-16,6160
1305,華夏,140,0,140,中國信託,2023-03-16,6160
2103,台橡,128,0,128,中國信託,2023-03-16,6160
4164,承業醫,174,50,124,中國信託,2023-03-16,6160
2801,彰銀,124,5,119,中國信託,2023-03-16,6160
4190,佐登-KY,116,0,116,中國信託,2023-03-16,6160
1308,亞聚,125,10,115,中國信託,2023-03-16,6160
9933,中鼎,108,3,105,中國信託,2023-03-16,6160
3027,盛達,148,45,103,中國信託,2023-03-16,6160
2890,永豐金,101,5,96,中國信託,2023-03-16,6160
2881,富邦金,96,8,88,中國信託,2023-03-16,6160
00902,中信電池及儲能,100,18,82,中國信託,2023-03-16,6160
2330,台積電,270,191,79,中國信託,2023-03-16,6160
2889,國票金,99,22,77,中國信託,2023-03-16,6160
1402,遠東新,77,0,77,中國信託,2023-03-16,6160
2412,中華電,78,2,76,中國信託,2023-03-16,6160
2618,長榮航,103,28,75,中國信託,2023-03-16,6160
9938,百和,76,3,73,中國信託,2023-03-16,6160
00712,復華富時不動產,100,29,71,中國信託,2023-03-16,6160
2376,技嘉,66,2,64,中國信託,2023-03-16,6160
4536,拓凱,64,2,62,中國信託,2023-03-16,6160
00753L,中信中國50正2,306,251,55,中國信託,2023-03-16,6160
2313,華通,65,11,54,中國信託,2023-03-16,6160
1611,中電,119,65,54,中國信託,2023-03-16,6160
1477,聚陽,53,0,53,中國信託,2023-03-16,6160
3024,憶聲,53,0,53,中國信託,2023-03-16,6160
00642U,期元大S＆P石油,56,4,52,中國信託,2023-03-16,6160
00683L,期元大美元指正2,50,0,50,中國信託,2023-03-16,6160
4746,台耀,50,0,50,中國信託,2023-03-16,6160
6414,樺漢,50,0,50,中國信託,2023-03-16,6160
4987,科誠,50,0,50,中國信託,2023-03-16,6160
00692,富邦公司治理,54,5,49,中國信託,2023-03-16,6160
3711,日月光投控,46,0,46,中國信託,2023-03-16,6160
2542,興富發,52,6,46,中國信託,2023-03-16,6160
00888,永豐台灣ESG,87,45,42,中國信託,2023-03-16,6160
2603,長榮,116,75,41,中國信託,2023-03-16,6160
1584,精剛,119,81,38,中國信託,2023-03-16,6160
4129,聯合,40,2,38,中國信託,2023-03-16,6160
1101,台泥,52,15,37,中國信託,2023-03-16,6160
3481,群創,14863,92,14771,中國信託,2023-03-17,6160
00891,中信關鍵半導體,2183,57,2126,中國信託,2023-03-17,6160
2891,中信金,2105,45,2060,中國信託,2023-03-17,6160
00632R,元大台灣50反1,1183,123,1060,中國信託,2023-03-17,6160
2303,聯電,1277,373,904,中國信託,2023-03-17,6160
2834,臺企銀,916,32,884,中國信託,2023-03-17,6160
00902,中信電池及儲能,457,54,403,中國信託,2023-03-17,6160
4958,臻鼎-KY,358,4,354,中國信託,2023-03-17,6160
00881,國泰台灣5G+,405,70,335,中國信託,2023-03-17,6160
1217,愛之味,330,1,329,中國信託,2023-03-17,6160
00921,兆豐龍頭等權重,320,5,315,中國信託,2023-03-17,6160
2884,玉山金,233,6,227,中國信託,2023-03-17,6160
2880,華南金,202,0,202,中國信託,2023-03-17,6160
9945,潤泰新,192,8,184,中國信託,2023-03-17,6160
00912,中信臺灣智慧50,198,44,154,中國信託,2023-03-17,6160
00885,富邦越南,150,3,147,中國信託,2023-03-17,6160
2888,新光金,150,5,145,中國信託,2023-03-17,6160
1440,南紡,145,0,145,中國信託,2023-03-17,6160
00671R,富邦NASDAQ反1,142,0,142,中國信託,2023-03-17,6160
2889,國票金,150,18,132,中國信託,2023-03-17,6160
00728,第一金工業30,125,2,123,中國信託,2023-03-17,6160
2867,三商壽,122,4,118,中國信託,2023-03-17,6160
1799,易威,112,0,112,中國信託,2023-03-17,6160
2610,華航,122,15,107,中國信託,2023-03-17,6160
1402,遠東新,89,1,88,中國信託,2023-03-17,6160
00904,新光臺灣半導體30,88,3,85,中國信託,2023-03-17,6160
00680L,元大美債20正2,103,20,83,中國信託,2023-03-17,6160
4164,承業醫,119,38,81,中國信託,2023-03-17,6160
6205,詮欣,89,8,81,中國信託,2023-03-17,6160
00637L,元大滬深300正2,210,130,80,中國信託,2023-03-17,6160
9933,中鼎,170,90,80,中國信託,2023-03-17,6160
2412,中華電,79,2,77,中國信託,2023-03-17,6160
3078,僑威,73,2,71,中國信託,2023-03-17,6160
2376,技嘉,76,6,70,中國信託,2023-03-17,6160
5347,世界,87,20,67,中國信託,2023-03-17,6160
2887,台新金,72,12,60,中國信託,2023-03-17,6160
00907,永豐優息存股,65,5,60,中國信託,2023-03-17,6160
2883,凱基金,82,23,59,中國信託,2023-03-17,6160
2388,威盛,137,80,57,中國信託,2023-03-17,6160
4967,十銓,55,6,49,中國信託,2023-03-17,6160
00894,中信小資高價30,48,0,48,中國信託,2023-03-17,6160
00900,富邦特選高股息30,57,9,48,中國信託,2023-03-17,6160
2748,雲品,47,1,46,中國信託,2023-03-17,6160
2890,永豐金,44,0,44,中國信託,2023-03-17,6160
6443,元晶,202,160,42,中國信託,2023-03-17,6160
2482,連宇,67,27,40,中國信託,2023-03-17,6160
00917,中信特選金融,59,19,40,中國信託,2023-03-17,6160
3032,偉訓,41,1,40,中國信託,2023-03-17,6160
00753L,中信中國50正2,186,147,39,中國信託,2023-03-17,6160
6732,昇佳電子,43,5,38,中國信託,2023-03-17,6160
00892,富邦台灣半導體,1338,0,1338,中國信託,2023-03-20,6160
2303,聯電,1860,525,1335,中國信託,2023-03-20,6160
00891,中信關鍵半導體,1298,30,1268,中國信託,2023-03-20,6160
2891,中信金,1167,82,1085,中國信託,2023-03-20,6160
00715L,期街口布蘭特正2,716,73,643,中國信託,2023-03-20,6160
6443,元晶,651,200,451,中國信託,2023-03-20,6160
6274,台燿,374,18,356,中國信託,2023-03-20,6160
00673R,期元大S＆P原油反1,247,22,225,中國信託,2023-03-20,6160
2356,英業達,230,15,215,中國信託,2023-03-20,6160
00679B,元大美債20年,217,9,208,中國信託,2023-03-20,6160
2338,光罩,268,70,198,中國信託,2023-03-20,6160
00894,中信小資高價30,241,45,196,中國信託,2023-03-20,6160
00632R,元大台灣50反1,224,67,157,中國信託,2023-03-20,6160
2888,新光金,158,9,149,中國信託,2023-03-20,6160
00674R,期元大S＆P黃金反1,144,0,144,中國信託,2023-03-20,6160
00904,新光臺灣半導體30,138,2,136,中國信託,2023-03-20,6160
1513,中興電,226,96,130,中國信託,2023-03-20,6160
00923,群益台ESG低碳50,137,17,120,中國信託,2023-03-20,6160
6515,穎崴,129,11,118,中國信託,2023-03-20,6160
2317,鴻海,127,16,111,中國信託,2023-03-20,6160
2382,廣達,130,27,103,中國信託,2023-03-20,6160
2887,台新金,96,1,95,中國信託,2023-03-20,6160
9933,中鼎,97,3,94,中國信託,2023-03-20,6160
2707,晶華,100,11,89,中國信託,2023-03-20,6160
00720B,元大投資級公司債,97,10,87,中國信託,2023-03-20,6160
00912,中信臺灣智慧50,103,20,83,中國信託,2023-03-20,6160
2809,京城銀,80,0,80,中國信託,2023-03-20,6160
2412,中華電,77,0,77,中國信託,2023-03-20,6160
5388,中磊,77,4,73,中國信託,2023-03-20,6160
6147,頎邦,73,0,73,中國信託,2023-03-20,6160
2884,玉山金,101,30,71,中國信託,2023-03-20,6160
2748,雲品,90,20,70,中國信託,2023-03-20,6160
1799,易威,63,0,63,中國信託,2023-03-20,6160
4164,承業醫,62,1,61,中國信託,2023-03-20,6160
4129,聯合,62,3,59,中國信託,2023-03-20,6160
2457,飛宏,150,93,57,中國信託,2023-03-20,6160
00725B,國泰投資級公司債,57,0,57,中國信託,2023-03-20,6160
2834,臺企銀,189,135,54,中國信託,2023-03-20,6160
1605,華新,92,38,54,中國信託,2023-03-20,6160
00862B,中信投資級公司債,73,25,48,中國信託,2023-03-20,6160
2002,中鋼,58,12,46,中國信託,2023-03-20,6160
00712,復華富時不動產,76,30,46,中國信託,2023-03-20,6160
6290,良維,50,4,46,中國信託,2023-03-20,6160
3545,敦泰,62,17,45,中國信託,2023-03-20,6160
00637L,元大滬深300正2,106,61,45,中國信託,2023-03-20,6160
00913,兆豐台灣晶圓製造,105,60,45,中國信託,2023-03-20,6160
8433,弘帆,45,0,45,中國信託,2023-03-20,6160
9945,潤泰新,87,43,44,中國信託,2023-03-20,6160
2915,潤泰全,44,0,44,中國信託,2023-03-20,6160
00728,第一金工業30,42,0,42,中國信託,2023-03-20,6160
00891,中信關鍵半導體,1555,50,1505,中國信託,2023-03-21,6160
2891,中信金,1410,41,1369,中國信託,2023-03-21,6160
2885,元大金,835,8,827,中國信託,2023-03-21,6160
2883,凱基金,816,44,772,中國信託,2023-03-21,6160
2409,友達,651,25,626,中國信託,2023-03-21,6160
00881,國泰台灣5G+,634,10,624,中國信託,2023-03-21,6160
2303,聯電,683,179,504,中國信託,2023-03-21,6160
2002,中鋼,524,28,496,中國信託,2023-03-21,6160
00892,富邦台灣半導體,462,0,462,中國信託,2023-03-21,6160
2888,新光金,466,100,366,中國信託,2023-03-21,6160
00681R,元大美債20反1,327,0,327,中國信託,2023-03-21,6160
2882,國泰金,447,163,284,中國信託,2023-03-21,6160
3481,群創,331,81,250,中國信託,2023-03-21,6160
2605,新興,256,17,239,中國信託,2023-03-21,6160
00728,第一金工業30,201,0,201,中國信託,2023-03-21,6160
00921,兆豐龍頭等權重,222,35,187,中國信託,2023-03-21,6160
00720B,元大投資級公司債,172,0,172,中國信託,2023-03-21,6160
00680L,元大美債20正2,154,0,154,中國信託,2023-03-21,6160
00673R,期元大S＆P原油反1,152,0,152,中國信託,2023-03-21,6160
2884,玉山金,155,14,141,中國信託,2023-03-21,6160
2634,漢翔,153,13,140,中國信託,2023-03-21,6160
2890,永豐金,165,26,139,中國信託,2023-03-21,6160
8289,泰藝,186,60,126,中國信託,2023-03-21,6160
00894,中信小資高價30,141,16,125,中國信託,2023-03-21,6160
2457,飛宏,403,280,123,中國信託,2023-03-21,6160
2313,華通,127,6,121,中國信託,2023-03-21,6160
1216,統一,116,2,114,中國信託,2023-03-21,6160
2727,王品,132,18,114,中國信託,2023-03-21,6160
3011,今皓,116,3,113,中國信託,2023-03-21,6160
00882,中信中國高股息,125,13,112,中國信託,2023-03-21,6160
2881,富邦金,115,4,111,中國信託,2023-03-21,6160
2408,南亞科,120,10,110,中國信託,2023-03-21,6160
2472,立隆電,108,0,108,中國信託,2023-03-21,6160
2421,建準,110,5,105,中國信託,2023-03-21,6160
4904,遠傳,102,0,102,中國信託,2023-03-21,6160
9933,中鼎,98,0,98,中國信託,2023-03-21,6160
2880,華南金,103,6,97,中國信託,2023-03-21,6160
1101,台泥,98,4,94,中國信託,2023-03-21,6160
00701,國泰股利精選30,93,0,93,中國信託,2023-03-21,6160
1303,南亞,83,1,82,中國信託,2023-03-21,6160
5340,建榮,81,0,81,中國信託,2023-03-21,6160
2809,京城銀,80,0,80,中國信託,2023-03-21,6160
5425,台半,93,14,79,中國信託,2023-03-21,6160
00918,大華優利高填息30,205,126,79,中國信託,2023-03-21,6160
6223,旺矽,115,36,79,中國信託,2023-03-21,6160
2453,凌群,217,147,70,中國信託,2023-03-21,6160
2606,裕民,102,32,70,中國信託,2023-03-21,6160
6715,嘉基,73,7,66,中國信託,2023-03-21,6160
4164,承業醫,86,23,63,中國信託,2023-03-21,6160
3703,欣陸,64,2,62,中國信託,2023-03-21,6160
00891,中信關鍵半導體,3079,65,3014,中國信託,2023-03-22,6160
00881,國泰台灣5G+,2082,29,2053,中國信託,2023-03-22,6160
2344,華邦電,507,5,502,中國信託,2023-03-22,6160
2891,中信金,494,31,463,中國信託,2023-03-22,6160
00715L,期街口布蘭特正2,734,277,457,中國信託,2023-03-22,6160
00753L,中信中國50正2,679,253,426,中國信託,2023-03-22,6160
2890,永豐金,394,9,385,中國信託,2023-03-22,6160
2303,聯電,464,81,383,中國信託,2023-03-22,6160
2317,鴻海,379,41,338,中國信託,2023-03-22,6160
4164,承業醫,367,37,330,中國信託,2023-03-22,6160
2324,仁寶,342,31,311,中國信託,2023-03-22,6160
00728,第一金工業30,286,3,283,中國信託,2023-03-22,6160
00923,群益台ESG低碳50,270,29,241,中國信託,2023-03-22,6160
6288,聯嘉,236,22,214,中國信託,2023-03-22,6160
0056,元大高股息,311,102,209,中國信託,2023-03-22,6160
00896,中信綠能及電動車,295,91,204,中國信託,2023-03-22,6160
00892,富邦台灣半導體,201,2,199,中國信託,2023-03-22,6160
00894,中信小資高價30,158,7,151,中國信託,2023-03-22,6160
1513,中興電,153,13,140,中國信託,2023-03-22,6160
8069,元太,159,30,129,中國信託,2023-03-22,6160
3624,光頡,137,8,129,中國信託,2023-03-22,6160
00680L,元大美債20正2,135,7,128,中國信託,2023-03-22,6160
9933,中鼎,108,1,107,中國信託,2023-03-22,6160
3264,欣銓,106,0,106,中國信託,2023-03-22,6160
2882,國泰金,115,9,106,中國信託,2023-03-22,6160
00901,永豐智能車供應鏈,103,1,102,中國信託,2023-03-22,6160
3481,群創,154,52,102,中國信託,2023-03-22,6160
2002,中鋼,103,3,100,中國信託,2023-03-22,6160
00692,富邦公司治理,104,4,100,中國信託,2023-03-22,6160
2357,華碩,102,2,100,中國信託,2023-03-22,6160
2867,三商壽,97,0,97,中國信託,2023-03-22,6160
2313,華通,102,6,96,中國信託,2023-03-22,6160
00757,統一FANG+,129,33,96,中國信託,2023-03-22,6160
2449,京元電子,106,14,92,中國信託,2023-03-22,6160
2892,第一金,94,3,91,中國信託,2023-03-22,6160
2885,元大金,91,2,89,中國信託,2023-03-22,6160
8028,昇陽半導體,91,2,89,中國信託,2023-03-22,6160
00679B,元大美債20年,90,3,87,中國信託,2023-03-22,6160
00921,兆豐龍頭等權重,163,77,86,中國信託,2023-03-22,6160
2204,中華,126,41,85,中國信託,2023-03-22,6160
2542,興富發,84,0,84,中國信託,2023-03-22,6160
3714,富采,184,102,82,中國信託,2023-03-22,6160
2809,京城銀,82,2,80,中國信託,2023-03-22,6160
6167,久正,73,0,73,中國信託,2023-03-22,6160
00751B,元大AAA至A公司債,132,61,71,中國信託,2023-03-22,6160
2601,益航,64,0,64,中國信託,2023-03-22,6160
4129,聯合,66,2,64,中國信託,2023-03-22,6160
2345,智邦,68,5,63,中國信託,2023-03-22,6160
00913,兆豐台灣晶圓製造,112,50,62,中國信託,2023-03-22,6160
2881,富邦金,65,4,61,中國信託,2023-03-22,6160
00715L,期街口布蘭特正2,2610,279,2331,中國信託,2023-03-23,6160
2303,聯電,1556,312,1244,中國信託,2023-03-23,6160
00923,群益台ESG低碳50,838,78,760,中國信託,2023-03-23,6160
2317,鴻海,676,37,639,中國信託,2023-03-23,6160
00891,中信關鍵半導體,676,66,610,中國信託,2023-03-23,6160
00881,國泰台灣5G+,519,56,463,中國信託,2023-03-23,6160
00894,中信小資高價30,471,10,461,中國信託,2023-03-23,6160
5475,德宏,476,27,449,中國信託,2023-03-23,6160
2412,中華電,484,57,427,中國信託,2023-03-23,6160
2603,長榮,440,24,416,中國信託,2023-03-23,6160
2890,永豐金,370,5,365,中國信託,2023-03-23,6160
4164,承業醫,364,16,348,中國信託,2023-03-23,6160
3481,群創,488,200,288,中國信託,2023-03-23,6160
8028,昇陽半導體,352,67,285,中國信託,2023-03-23,6160
00896,中信綠能及電動車,298,45,253,中國信託,2023-03-23,6160
3491,昇達科,274,43,231,中國信託,2023-03-23,6160
5425,台半,261,49,212,中國信託,2023-03-23,6160
00892,富邦台灣半導體,201,0,201,中國信託,2023-03-23,6160
2002,中鋼,205,21,184,中國信託,2023-03-23,6160
2313,華通,151,6,145,中國信託,2023-03-23,6160
2618,長榮航,141,16,125,中國信託,2023-03-23,6160
00901,永豐智能車供應鏈,156,31,125,中國信託,2023-03-23,6160
00632R,元大台灣50反1,288,183,105,中國信託,2023-03-23,6160
5483,中美晶,104,3,101,中國信託,2023-03-23,6160
00877,復華中國5G,100,0,100,中國信託,2023-03-23,6160
1216,統一,101,1,100,中國信託,2023-03-23,6160
2371,大同,100,0,100,中國信託,2023-03-23,6160
9933,中鼎,102,4,98,中國信託,2023-03-23,6160
00647L,元大S＆P500正2,98,0,98,中國信託,2023-03-23,6160
00728,第一金工業30,92,0,92,中國信託,2023-03-23,6160
6517,保勝光學,100,9,91,中國信託,2023-03-23,6160
00720B,元大投資級公司債,88,0,88,中國信託,2023-03-23,6160
3162,精確,85,2,83,中國信託,2023-03-23,6160
2887,台新金,114,32,82,中國信託,2023-03-23,6160
2308,台達電,83,2,81,中國信託,2023-03-23,6160
2883,凱基金,100,20,80,中國信託,2023-03-23,6160
3025,星通,89,10,79,中國信託,2023-03-23,6160
2731,雄獅,112,34,78,中國信託,2023-03-23,6160
00882,中信中國高股息,78,6,72,中國信託,2023-03-23,6160
00712,復華富時不動產,73,2,71,中國信託,2023-03-23,6160
3029,零壹,80,11,69,中國信託,2023-03-23,6160
2535,達欣工,67,0,67,中國信託,2023-03-23,6160
3037,欣興,142,76,66,中國信託,2023-03-23,6160
6288,聯嘉,137,72,65,中國信託,2023-03-23,6160
6138,茂達,72,11,61,中國信託,2023-03-23,6160
5880,合庫金,64,2,62,中國信託,2023-03-23,6160
3703,欣陸,61,0,61,中國信託,2023-03-23,6160
6147,頎邦,61,1,60,中國信託,2023-03-23,6160
8176,智捷,60,0,60,中國信託,2023-03-23,6160
5465,富驊,59,1,58,中國信託,2023-03-23,6160
5880,合庫金,1901,37,1864,中國信託,2023-03-24,6160
00881,國泰台灣5G+,1619,38,1581,中國信託,2023-03-24,6160
00891,中信關鍵半導體,854,34,820,中國信託,2023-03-24,6160
00892,富邦台灣半導體,738,0,738,中國信託,2023-03-24,6160
00894,中信小資高價30,732,48,684,中國信託,2023-03-24,6160
006208,富邦台50,337,19,318,中國信託,2023-03-24,6160
00896,中信綠能及電動車,397,83,314,中國信託,2023-03-24,6160
0056,元大高股息,376,123,253,中國信託,2023-03-24,6160
00632R,元大台灣50反1,303,66,237,中國信託,2023-03-24,6160
00921,兆豐龍頭等權重,188,5,183,中國信託,2023-03-24,6160
2356,英業達,201,24,177,中國信託,2023-03-24,6160
5381,合正,150,2,148,中國信託,2023-03-24,6160
2327,國巨,158,12,146,中國信託,2023-03-24,6160
2542,興富發,146,1,145,中國信託,2023-03-24,6160
8069,元太,191,51,140,中國信託,2023-03-24,6160
00725B,國泰投資級公司債,103,0,103,中國信託,2023-03-24,6160
2371,大同,101,1,100,中國信託,2023-03-24,6160
8222,寶一,113,18,95,中國信託,2023-03-24,6160
9933,中鼎,99,7,92,中國信託,2023-03-24,6160
1609,大亞,167,75,92,中國信託,2023-03-24,6160
00720B,元大投資級公司債,91,0,91,中國信託,2023-03-24,6160
00901,永豐智能車供應鏈,106,16,90,中國信託,2023-03-24,6160
8028,昇陽半導體,115,32,83,中國信託,2023-03-24,6160
1760,寶齡富錦,83,3,80,中國信託,2023-03-24,6160
2412,中華電,85,9,76,中國信託,2023-03-24,6160
2204,中華,77,2,75,中國信託,2023-03-24,6160
00904,新光臺灣半導體30,76,2,74,中國信託,2023-03-24,6160
2368,金像電,91,23,68,中國信託,2023-03-24,6160
2891,中信金,88,21,67,中國信託,2023-03-24,6160
8033,雷虎,66,0,66,中國信託,2023-03-24,6160
5475,德宏,68,6,62,中國信託,2023-03-24,6160
2618,長榮航,63,2,61,中國信託,2023-03-24,6160
6415,矽力*-KY,63,3,60,中國信託,2023-03-24,6160
5009,榮剛,110,51,59,中國信託,2023-03-24,6160
2207,和泰車,59,0,59,中國信託,2023-03-24,6160
3011,今皓,66,8,58,中國信託,2023-03-24,6160
2231,為升,63,7,56,中國信託,2023-03-24,6160
3714,富采,146,91,55,中國信託,2023-03-24,6160
2392,正崴,88,34,54,中國信託,2023-03-24,6160
6515,穎崴,62,8,54,中國信託,2023-03-24,6160
3322,建舜電,102,51,51,中國信託,2023-03-24,6160
3324,雙鴻,64,14,50,中國信託,2023-03-24,6160
1702,南僑,50,0,50,中國信託,2023-03-24,6160
2883,凱基金,99,50,49,中國信託,2023-03-24,6160
00773B,中信優先金融債,60,12,48,中國信託,2023-03-24,6160
6223,旺矽,71,25,46,中國信託,2023-03-24,6160
1795,美時,65,20,45,中國信託,2023-03-24,6160
00751B,元大AAA至A公司債,45,3,42,中國信託,2023-03-24,6160
1314,中石化,42,2,40,中國信託,2023-03-24,6160
00673R,期元大S＆P原油反1,40,0,40,中國信託,2023-03-24,6160
2303,聯電,4369,275,4094,中國信託,2023-03-27,6160
00878,國泰永續高股息,2822,127,2695,中國信託,2023-03-27,6160
00891,中信關鍵半導體,1081,12,1069,中國信託,2023-03-27,6160
0056,元大高股息,941,125,816,中國信託,2023-03-27,6160
3481,群創,681,17,664,中國信託,2023-03-27,6160
6443,元晶,507,34,473,中國信託,2023-03-27,6160
00751B,元大AAA至A公司債,384,5,379,中國信託,2023-03-27,6160
2301,光寶科,502,130,372,中國信託,2023-03-27,6160
1216,統一,309,11,298,中國信託,2023-03-27,6160
2344,華邦電,341,68,273,中國信託,2023-03-27,6160
1303,南亞,194,1,193,中國信託,2023-03-27,6160
5284,jpp-KY,210,44,166,中國信託,2023-03-27,6160
1609,大亞,428,264,164,中國信託,2023-03-27,6160
00882,中信中國高股息,273,118,155,中國信託,2023-03-27,6160
00881,國泰台灣5G+,182,39,143,中國信託,2023-03-27,6160
1402,遠東新,131,1,130,中國信託,2023-03-27,6160
2317,鴻海,124,21,103,中國信託,2023-03-27,6160
2330,台積電,244,142,102,中國信託,2023-03-27,6160
9933,中鼎,99,1,98,中國信託,2023-03-27,6160
00921,兆豐龍頭等權重,147,60,87,中國信託,2023-03-27,6160
2889,國票金,82,1,81,中國信託,2023-03-27,6160
8033,雷虎,103,24,79,中國信託,2023-03-27,6160
3013,晟銘電,94,17,77,中國信託,2023-03-27,6160
1605,華新,229,153,76,中國信託,2023-03-27,6160
3037,欣興,112,37,75,中國信託,2023-03-27,6160
2352,佳世達,101,29,72,中國信託,2023-03-27,6160
2449,京元電子,108,36,72,中國信託,2023-03-27,6160
00922,國泰台灣領袖50,122,51,71,中國信託,2023-03-27,6160
2239,英利-KY,70,0,70,中國信託,2023-03-27,6160
1301,台塑,64,0,64,中國信託,2023-03-27,6160
3011,今皓,72,12,60,中國信託,2023-03-27,6160
5880,合庫金,66,6,60,中國信託,2023-03-27,6160
2332,友訊,67,8,59,中國信託,2023-03-27,6160
1305,華夏,61,2,59,中國信託,2023-03-27,6160
00637L,元大滬深300正2,58,1,57,中國信託,2023-03-27,6160
6655,科定,57,0,57,中國信託,2023-03-27,6160
3715,定穎投控,64,7,57,中國信託,2023-03-27,6160
8222,寶一,154,98,56,中國信託,2023-03-27,6160
3025,星通,109,55,54,中國信託,2023-03-27,6160
2897,王道銀行,51,0,51,中國信託,2023-03-27,6160
2634,漢翔,101,50,51,中國信託,2023-03-27,6160
6235,華孚,86,39,47,中國信託,2023-03-27,6160
4915,致伸,52,5,47,中國信託,2023-03-27,6160
6517,保勝光學,50,4,46,中國信託,2023-03-27,6160
00728,第一金工業30,48,4,44,中國信託,2023-03-27,6160
2342,茂矽,56,15,41,中國信託,2023-03-27,6160
2388,威盛,65,28,37,中國信託,2023-03-27,6160
2340,台亞,49,13,36,中國信託,2023-03-27,6160
4157,太景*-KY,36,0,36,中國信託,2023-03-27,6160
00706L,期元大S＆P日圓正2,35,0,35,中國信託,2023-03-27,6160
00715L,期街口布蘭特正2,2749,445,2304,中國信託,2023-03-28,6160
2634,漢翔,703,55,648,中國信託,2023-03-28,6160
3231,緯創,534,127,407,中國信託,2023-03-28,6160
00891,中信關鍵半導體,335,7,328,中國信託,2023-03-28,6160
2727,王品,279,22,257,中國信託,2023-03-28,6160
00680L,元大美債20正2,181,0,181,中國信託,2023-03-28,6160
00679B,元大美債20年,141,0,141,中國信託,2023-03-28,6160
00878,國泰永續高股息,447,336,111,中國信託,2023-03-28,6160
00902,中信電池及儲能,117,6,111,中國信託,2023-03-28,6160
2481,強茂,141,33,108,中國信託,2023-03-28,6160
00894,中信小資高價30,116,10,106,中國信託,2023-03-28,6160
2347,聯強,103,0,103,中國信託,2023-03-28,6160
00752,中信中國50,284,182,102,中國信託,2023-03-28,6160
00922,國泰台灣領袖50,105,4,101,中國信託,2023-03-28,6160
2357,華碩,101,1,100,中國信託,2023-03-28,6160
9933,中鼎,105,6,99,中國信託,2023-03-28,6160
6176,瑞儀,100,1,99,中國信託,2023-03-28,6160
2412,中華電,94,0,94,中國信託,2023-03-28,6160
00892,富邦台灣半導體,101,8,93,中國信託,2023-03-28,6160
2303,聯電,131,39,92,中國信託,2023-03-28,6160
1316,上曜,138,55,83,中國信託,2023-03-28,6160
1589,永冠-KY,82,1,81,中國信託,2023-03-28,6160
2633,台灣高鐵,78,1,77,中國信託,2023-03-28,6160
1591,駿吉-KY,88,12,76,中國信託,2023-03-28,6160
1524,耿鼎,85,14,71,中國信託,2023-03-28,6160
3017,奇鋐,122,57,65,中國信託,2023-03-28,6160
5309,系統電,72,10,62,中國信託,2023-03-28,6160
2883,凱基金,69,8,61,中國信託,2023-03-28,6160
00901,永豐智能車供應鏈,53,0,53,中國信託,2023-03-28,6160
5450,南良,56,5,51,中國信託,2023-03-28,6160
9942,茂順,50,0,50,中國信託,2023-03-28,6160
6517,保勝光學,51,2,49,中國信託,2023-03-28,6160
00885,富邦越南,50,2,48,中國信託,2023-03-28,6160
4915,致伸,50,3,47,中國信託,2023-03-28,6160
2732,六角,46,0,46,中國信託,2023-03-28,6160
9945,潤泰新,44,0,44,中國信託,2023-03-28,6160
2887,台新金,46,2,44,中國信託,2023-03-28,6160
00720B,元大投資級公司債,46,3,43,中國信託,2023-03-28,6160
4916,事欣科,51,9,42,中國信託,2023-03-28,6160
2890,永豐金,49,8,41,中國信託,2023-03-28,6160
1101,台泥,51,10,41,中國信託,2023-03-28,6160
2498,宏達電,47,7,40,中國信託,2023-03-28,6160
5425,台半,148,108,40,中國信託,2023-03-28,6160
1440,南紡,42,4,38,中國信託,2023-03-28,6160
00921,兆豐龍頭等權重,38,1,37,中國信託,2023-03-28,6160
3624,光頡,129,93,36,中國信託,2023-03-28,6160
3362,先進光,72,37,35,中國信託,2023-03-28,6160
8478,東哥遊艇,34,1,33,中國信託,2023-03-28,6160
6266,泰詠,33,0,33,中國信託,2023-03-28,6160
6152,百一,34,3,31,中國信託,2023-03-28,6160
2409,友達,2771,33,2738,中國信託,2023-03-29,6160
2303,聯電,2413,29,2384,中國信託,2023-03-29,6160
2352,佳世達,750,24,726,中國信託,2023-03-29,6160
1102,亞泥,516,3,513,中國信託,2023-03-29,6160
00878,國泰永續高股息,607,156,451,中國信託,2023-03-29,6160
00753L,中信中國50正2,402,100,302,中國信託,2023-03-29,6160
2727,王品,307,43,264,中國信託,2023-03-29,6160
00682U,期元大美元指數,250,0,250,中國信託,2023-03-29,6160
2408,南亞科,315,65,250,中國信託,2023-03-29,6160
2385,群光,245,0,245,中國信託,2023-03-29,6160
3702,大聯大,236,8,228,中國信託,2023-03-29,6160
3653,健策,220,2,218,中國信託,2023-03-29,6160
2308,台達電,220,2,218,中國信託,2023-03-29,6160
0050,元大台灣50,309,91,218,中國信託,2023-03-29,6160
00881,國泰台灣5G+,199,5,194,中國信託,2023-03-29,6160
1799,易威,180,6,174,中國信託,2023-03-29,6160
3324,雙鴻,286,139,147,中國信託,2023-03-29,6160
2376,技嘉,169,27,142,中國信託,2023-03-29,6160
8069,元太,152,12,140,中國信託,2023-03-29,6160
6235,華孚,177,51,126,中國信託,2023-03-29,6160
2382,廣達,107,1,106,中國信託,2023-03-29,6160
00679B,元大美債20年,97,2,95,中國信託,2023-03-29,6160
3711,日月光投控,111,19,92,中國信託,2023-03-29,6160
3169,亞信,90,0,90,中國信託,2023-03-29,6160
006208,富邦台50,156,68,88,中國信託,2023-03-29,6160
2834,臺企銀,92,6,86,中國信託,2023-03-29,6160
00921,兆豐龍頭等權重,86,4,82,中國信託,2023-03-29,6160
2497,怡利電,84,4,80,中國信託,2023-03-29,6160
2412,中華電,77,0,77,中國信託,2023-03-29,6160
2637,慧洋-KY,76,2,74,中國信託,2023-03-29,6160
9945,潤泰新,100,29,71,中國信託,2023-03-29,6160
2889,國票金,173,103,70,中國信託,2023-03-29,6160
00894,中信小資高價30,89,24,65,中國信託,2023-03-29,6160
2731,雄獅,278,214,64,中國信託,2023-03-29,6160
1301,台塑,63,1,62,中國信託,2023-03-29,6160
2006,東和鋼鐵,59,1,58,中國信託,2023-03-29,6160
1795,美時,106,49,57,中國信託,2023-03-29,6160
00715L,期街口布蘭特正2,196,142,54,中國信託,2023-03-29,6160
2606,裕民,58,7,51,中國信託,2023-03-29,6160
2426,鼎元,54,3,51,中國信託,2023-03-29,6160
00751B,元大AAA至A公司債,70,20,50,中國信託,2023-03-29,6160
1210,大成,50,0,50,中國信託,2023-03-29,6160
2428,興勤,65,16,49,中國信託,2023-03-29,6160
00891,中信關鍵半導體,350,302,48,中國信託,2023-03-29,6160
00901,永豐智能車供應鏈,50,2,48,中國信託,2023-03-29,6160
00892,富邦台灣半導體,82,35,47,中國信託,2023-03-29,6160
00885,富邦越南,49,2,47,中國信託,2023-03-29,6160
1760,寶齡富錦,111,66,45,中國信託,2023-03-29,6160
2609,陽明,51,8,43,中國信託,2023-03-29,6160
2912,統一超,40,0,40,中國信託,2023-03-29,6160
2409,友達,2020,41,1979,中國信託,2023-03-30,6160
4164,承業醫,804,23,781,中國信託,2023-03-30,6160
0050,元大台灣50,726,9,717,中國信託,2023-03-30,6160
00891,中信關鍵半導體,462,6,456,中國信託,2023-03-30,6160
2385,群光,401,0,401,中國信託,2023-03-30,6160
00894,中信小資高價30,538,175,363,中國信託,2023-03-30,6160
00715L,期街口布蘭特正2,380,65,315,中國信託,2023-03-30,6160
1762,中化生,487,192,295,中國信託,2023-03-30,6160
2317,鴻海,268,4,264,中國信託,2023-03-30,6160
00878,國泰永續高股息,351,102,249,中國信託,2023-03-30,6160
00881,國泰台灣5G+,252,11,241,中國信託,2023-03-30,6160
1101,台泥,194,4,190,中國信託,2023-03-30,6160
6185,幃翔,180,0,180,中國信託,2023-03-30,6160
2002,中鋼,172,2,170,中國信託,2023-03-30,6160
3491,昇達科,183,18,165,中國信託,2023-03-30,6160
6274,台燿,148,3,145,中國信託,2023-03-30,6160
1305,華夏,143,6,137,中國信託,2023-03-30,6160
2412,中華電,177,43,134,中國信託,2023-03-30,6160
2495,普安,130,2,128,中國信託,2023-03-30,6160
2330,台積電,177,68,109,中國信託,2023-03-30,6160
2342,茂矽,119,35,84,中國信託,2023-03-30,6160
00637L,元大滬深300正2,68,0,68,中國信託,2023-03-30,6160
1524,耿鼎,71,4,67,中國信託,2023-03-30,6160
2344,華邦電,132,66,66,中國信託,2023-03-30,6160
00752,中信中國50,152,87,65,中國信託,2023-03-30,6160
2324,仁寶,122,57,65,中國信託,2023-03-30,6160
8937,合騏,61,0,61,中國信託,2023-03-30,6160
00680L,元大美債20正2,60,0,60,中國信託,2023-03-30,6160
3025,星通,108,48,60,中國信託,2023-03-30,6160
1609,大亞,86,27,59,中國信託,2023-03-30,6160
00728,第一金工業30,62,5,57,中國信託,2023-03-30,6160
4581,光隆精密-KY,56,0,56,中國信託,2023-03-30,6160
1513,中興電,70,16,54,中國信託,2023-03-30,6160
8299,群聯,61,8,53,中國信託,2023-03-30,6160
2867,三商壽,61,10,51,中國信託,2023-03-30,6160
0056,元大高股息,178,128,50,中國信託,2023-03-30,6160
5381,合正,50,0,50,中國信託,2023-03-30,6160
5469,瀚宇博,50,1,49,中國信託,2023-03-30,6160
3693,營邦,53,4,49,中國信託,2023-03-30,6160
00885,富邦越南,57,10,47,中國信託,2023-03-30,6160
6125,廣運,46,0,46,中國信託,2023-03-30,6160
00921,兆豐龍頭等權重,51,5,46,中國信託,2023-03-30,6160
2891,中信金,70,25,45,中國信託,2023-03-30,6160
00665L,富邦�琤肭磪囓�2,59,15,44,中國信託,2023-03-30,6160
5258,虹堡,66,25,41,中國信託,2023-03-30,6160
2618,長榮航,54,14,40,中國信託,2023-03-30,6160
6133,金橋,81,43,38,中國信託,2023-03-30,6160
2887,台新金,44,6,38,中國信託,2023-03-30,6160
2382,廣達,47,10,37,中國信託,2023-03-30,6160
3481,群創,45,11,34,中國信託,2023-03-30,6160
00673R,期元大S＆P原油反1,715,23,692,中國信託,2023-03-31,6160
00753L,中信中國50正2,627,231,396,中國信託,2023-03-31,6160
00891,中信關鍵半導體,381,49,332,中國信託,2023-03-31,6160
3037,欣興,325,57,268,中國信託,2023-03-31,6160
00878,國泰永續高股息,601,348,253,中國信託,2023-03-31,6160
3702,大聯大,251,4,247,中國信託,2023-03-31,6160
2303,聯電,528,323,205,中國信託,2023-03-31,6160
00904,新光臺灣半導體30,203,0,203,中國信託,2023-03-31,6160
2376,技嘉,193,4,189,中國信託,2023-03-31,6160
3231,緯創,341,170,171,中國信託,2023-03-31,6160
1605,華新,246,76,170,中國信託,2023-03-31,6160
3290,東浦,164,8,156,中國信託,2023-03-31,6160
5465,富驊,157,1,156,中國信託,2023-03-31,6160
2330,台積電,193,46,147,中國信託,2023-03-31,6160
00921,兆豐龍頭等權重,136,1,135,中國信託,2023-03-31,6160
8050,廣積,146,16,130,中國信託,2023-03-31,6160
1101,台泥,154,24,130,中國信託,2023-03-31,6160
2603,長榮,134,6,128,中國信託,2023-03-31,6160
00720B,元大投資級公司債,134,26,108,中國信託,2023-03-31,6160
00764B,群益25年美債,105,0,105,中國信託,2023-03-31,6160
6417,韋僑,135,31,104,中國信託,2023-03-31,6160
1301,台塑,112,13,99,中國信託,2023-03-31,6160
4904,遠傳,100,7,93,中國信託,2023-03-31,6160
2337,旺宏,125,42,83,中國信託,2023-03-31,6160
2834,臺企銀,137,57,80,中國信託,2023-03-31,6160
4958,臻鼎-KY,80,1,79,中國信託,2023-03-31,6160
00881,國泰台灣5G+,89,13,76,中國信託,2023-03-31,6160
6213,聯茂,61,0,61,中國信託,2023-03-31,6160
3447,展達,63,3,60,中國信託,2023-03-31,6160
2313,華通,108,54,54,中國信託,2023-03-31,6160
1477,聚陽,51,0,51,中國信託,2023-03-31,6160
00712,復華富時不動產,51,0,51,中國信託,2023-03-31,6160
6732,昇佳電子,51,1,50,中國信託,2023-03-31,6160
3078,僑威,56,6,50,中國信託,2023-03-31,6160
2002,中鋼,51,2,49,中國信託,2023-03-31,6160
3045,台灣大,101,53,48,中國信託,2023-03-31,6160
5309,系統電,146,100,46,中國信託,2023-03-31,6160
1504,東元,100,56,44,中國信託,2023-03-31,6160
2317,鴻海,72,28,44,中國信託,2023-03-31,6160
2438,翔耀,47,3,44,中國信託,2023-03-31,6160
5009,榮剛,93,51,42,中國信託,2023-03-31,6160
9921,巨大,42,1,41,中國信託,2023-03-31,6160
2402,毅嘉,44,4,40,中國信託,2023-03-31,6160
6185,幃翔,40,0,40,中國信託,2023-03-31,6160
2342,茂矽,56,16,40,中國信託,2023-03-31,6160
1560,中砂,40,1,39,中國信託,2023-03-31,6160
00885,富邦越南,75,40,35,中國信託,2023-03-31,6160
00665L,富邦�琤肭磪囓�2,190,155,35,中國信託,2023-03-31,6160
2408,南亞科,65,32,33,中國信託,2023-03-31,6160
4164,承業醫,44,11,33,中國信託,2023-03-31,6160
2886,兆豐金,2125,26,2099,中國信託,2023-04-06,6160
00715L,期街口布蘭特正2,1409,242,1167,中國信託,2023-04-06,6160
4904,遠傳,661,0,661,中國信託,2023-04-06,6160
2002,中鋼,549,8,541,中國信託,2023-04-06,6160
4958,臻鼎-KY,421,0,421,中國信託,2023-04-06,6160
2547,日勝生,362,0,362,中國信託,2023-04-06,6160
2330,台積電,587,293,294,中國信託,2023-04-06,6160
2609,陽明,166,15,151,中國信託,2023-04-06,6160
00894,中信小資高價30,160,12,148,中國信託,2023-04-06,6160
6605,帝寶,126,3,123,中國信託,2023-04-06,6160
3702,大聯大,120,0,120,中國信託,2023-04-06,6160
00830,國泰費城半導體,117,0,117,中國信託,2023-04-06,6160
00637L,元大滬深300正2,100,2,98,中國信託,2023-04-06,6160
2449,京元電子,100,2,98,中國信託,2023-04-06,6160
2347,聯強,103,6,97,中國信託,2023-04-06,6160
00671R,富邦NASDAQ反1,100,5,95,中國信託,2023-04-06,6160
00673R,期元大S＆P原油反1,158,63,95,中國信託,2023-04-06,6160
2344,華邦電,129,39,90,中國信託,2023-04-06,6160
1101,台泥,90,2,88,中國信託,2023-04-06,6160
2301,光寶科,89,2,87,中國信託,2023-04-06,6160
2412,中華電,82,0,82,中國信託,2023-04-06,6160
3025,星通,133,52,81,中國信託,2023-04-06,6160
2481,強茂,82,1,81,中國信託,2023-04-06,6160
3227,原相,79,0,79,中國信託,2023-04-06,6160
0056,元大高股息,292,218,74,中國信託,2023-04-06,6160
00912,中信臺灣智慧50,95,23,72,中國信託,2023-04-06,6160
9933,中鼎,112,46,66,中國信託,2023-04-06,6160
1752,南光,66,1,65,中國信託,2023-04-06,6160
1760,寶齡富錦,111,47,64,中國信託,2023-04-06,6160
2342,茂矽,78,15,63,中國信託,2023-04-06,6160
00665L,富邦�琤肭磪囓�2,72,10,62,中國信託,2023-04-06,6160
6213,聯茂,62,1,61,中國信託,2023-04-06,6160
00878,國泰永續高股息,329,268,61,中國信託,2023-04-06,6160
5465,富驊,96,36,60,中國信託,2023-04-06,6160
4927,泰鼎-KY,60,0,60,中國信託,2023-04-06,6160
00893,國泰智能電動車,54,0,54,中國信託,2023-04-06,6160
6196,帆宣,55,1,54,中國信託,2023-04-06,6160
2867,三商壽,59,7,52,中國信託,2023-04-06,6160
1513,中興電,64,13,51,中國信託,2023-04-06,6160
00900,富邦特選高股息30,57,6,51,中國信託,2023-04-06,6160
00632R,元大台灣50反1,190,140,50,中國信託,2023-04-06,6160
1504,東元,80,31,49,中國信託,2023-04-06,6160
2317,鴻海,63,15,48,中國信託,2023-04-06,6160
00720B,元大投資級公司債,51,3,48,中國信託,2023-04-06,6160
1109,信大,77,31,46,中國信託,2023-04-06,6160
2834,臺企銀,75,30,45,中國信託,2023-04-06,6160
1795,美時,111,67,44,中國信託,2023-04-06,6160
00922,國泰台灣領袖50,44,0,44,中國信託,2023-04-06,6160
8069,元太,80,37,43,中國信託,2023-04-06,6160
1589,永冠-KY,47,5,42,中國信託,2023-04-06,6160
2330,台積電,551,11,540,中國信託,2023-04-07,6160
2382,廣達,471,30,441,中國信託,2023-04-07,6160
2892,第一金,400,0,400,中國信託,2023-04-07,6160
2547,日勝生,387,0,387,中國信託,2023-04-07,6160
00715L,期街口布蘭特正2,414,32,382,中國信託,2023-04-07,6160
00752,中信中國50,397,27,370,中國信託,2023-04-07,6160
00673R,期元大S＆P原油反1,319,0,319,中國信託,2023-04-07,6160
0056,元大高股息,385,69,316,中國信託,2023-04-07,6160
00912,中信臺灣智慧50,347,88,259,中國信託,2023-04-07,6160
00753L,中信中國50正2,267,25,242,中國信託,2023-04-07,6160
3702,大聯大,195,3,192,中國信託,2023-04-07,6160
00921,兆豐龍頭等權重,178,3,175,中國信託,2023-04-07,6160
1519,華城,295,126,169,中國信託,2023-04-07,6160
0050,元大台灣50,197,54,143,中國信託,2023-04-07,6160
6223,旺矽,133,0,133,中國信託,2023-04-07,6160
2303,聯電,126,2,124,中國信託,2023-04-07,6160
00917,中信特選金融,124,1,123,中國信託,2023-04-07,6160
3711,日月光投控,111,3,108,中國信託,2023-04-07,6160
2486,一詮,106,0,106,中國信託,2023-04-07,6160
9933,中鼎,106,0,106,中國信託,2023-04-07,6160
1217,愛之味,105,0,105,中國信託,2023-04-07,6160
00679B,元大美債20年,217,126,91,中國信託,2023-04-07,6160
00665L,富邦�琤肭磪囓�2,90,0,90,中國信託,2023-04-07,6160
00712,復華富時不動產,94,7,87,中國信託,2023-04-07,6160
6605,帝寶,82,2,80,中國信託,2023-04-07,6160
3481,群創,123,46,77,中國信託,2023-04-07,6160
00891,中信關鍵半導體,88,12,76,中國信託,2023-04-07,6160
1513,中興電,150,75,75,中國信託,2023-04-07,6160
2376,技嘉,77,3,74,中國信託,2023-04-07,6160
2301,光寶科,72,0,72,中國信託,2023-04-07,6160
00637L,元大滬深300正2,115,44,71,中國信託,2023-04-07,6160
2412,中華電,76,7,69,中國信託,2023-04-07,6160
2458,義隆,68,0,68,中國信託,2023-04-07,6160
3036,文曄,74,7,67,中國信託,2023-04-07,6160
2883,凱基金,98,36,62,中國信託,2023-04-07,6160
00901,永豐智能車供應鏈,66,6,60,中國信託,2023-04-07,6160
00894,中信小資高價30,101,43,58,中國信託,2023-04-07,6160
00632R,元大台灣50反1,74,16,58,中國信託,2023-04-07,6160
00913,兆豐台灣晶圓製造,82,25,57,中國信託,2023-04-07,6160
3005,神基,66,10,56,中國信託,2023-04-07,6160
6715,嘉基,54,2,52,中國信託,2023-04-07,6160
00671R,富邦NASDAQ反1,51,0,51,中國信託,2023-04-07,6160
3322,建舜電,50,0,50,中國信託,2023-04-07,6160
2882,國泰金,58,9,49,中國信託,2023-04-07,6160
2891,中信金,62,19,43,中國信託,2023-04-07,6160
6147,頎邦,43,0,43,中國信託,2023-04-07,6160
3011,今皓,81,39,42,中國信託,2023-04-07,6160
8069,元太,59,19,40,中國信託,2023-04-07,6160
5521,工信,40,0,40,中國信託,2023-04-07,6160
4137,麗豐-KY,45,7,38,中國信託,2023-04-07,6160
00715L,期街口布蘭特正2,795,73,722,中國信託,2023-04-10,6160
2330,台積電,585,31,554,中國信託,2023-04-10,6160
00891,中信關鍵半導體,538,2,536,中國信託,2023-04-10,6160
1584,精剛,507,34,473,中國信託,2023-04-10,6160
0050,元大台灣50,659,261,398,中國信託,2023-04-10,6160
2547,日勝生,390,0,390,中國信託,2023-04-10,6160
2303,聯電,363,25,338,中國信託,2023-04-10,6160
0056,元大高股息,677,343,334,中國信託,2023-04-10,6160
00751B,元大AAA至A公司債,294,0,294,中國信託,2023-04-10,6160
6138,茂達,298,31,267,中國信託,2023-04-10,6160
00921,兆豐龍頭等權重,256,0,256,中國信託,2023-04-10,6160
00720B,元大投資級公司債,229,8,221,中國信託,2023-04-10,6160
3711,日月光投控,210,1,209,中國信託,2023-04-10,6160
3231,緯創,373,168,205,中國信託,2023-04-10,6160
00892,富邦台灣半導體,199,0,199,中國信託,2023-04-10,6160
9933,中鼎,198,1,197,中國信託,2023-04-10,6160
00679B,元大美債20年,419,226,193,中國信託,2023-04-10,6160
2002,中鋼,183,3,180,中國信託,2023-04-10,6160
2408,南亞科,188,8,180,中國信託,2023-04-10,6160
00753L,中信中國50正2,185,19,166,中國信託,2023-04-10,6160
5347,世界,163,5,158,中國信託,2023-04-10,6160
2317,鴻海,174,19,155,中國信託,2023-04-10,6160
00878,國泰永續高股息,329,193,136,中國信託,2023-04-10,6160
3058,立德,153,21,132,中國信託,2023-04-10,6160
2368,金像電,132,10,122,中國信託,2023-04-10,6160
2027,大成鋼,121,9,112,中國信託,2023-04-10,6160
1316,上曜,104,0,104,中國信託,2023-04-10,6160
2344,華邦電,145,43,102,中國信託,2023-04-10,6160
00673R,期元大S＆P原油反1,166,70,96,中國信託,2023-04-10,6160
00637L,元大滬深300正2,134,45,89,中國信託,2023-04-10,6160
2454,聯發科,112,23,89,中國信託,2023-04-10,6160
2888,新光金,88,5,83,中國信託,2023-04-10,6160
2610,華航,189,107,82,中國信託,2023-04-10,6160
00728,第一金工業30,86,4,82,中國信託,2023-04-10,6160
3105,穩懋,90,9,81,中國信託,2023-04-10,6160
6125,廣運,81,0,81,中國信託,2023-04-10,6160
2352,佳世達,87,10,77,中國信託,2023-04-10,6160
6806,森崴能源,86,10,76,中國信託,2023-04-10,6160
6147,頎邦,78,3,75,中國信託,2023-04-10,6160
2412,中華電,79,5,74,中國信託,2023-04-10,6160
2301,光寶科,73,0,73,中國信託,2023-04-10,6160
00690,兆豐藍籌30,71,0,71,中國信託,2023-04-10,6160
00881,國泰台灣5G+,160,91,69,中國信託,2023-04-10,6160
3029,零壹,77,9,68,中國信託,2023-04-10,6160
1504,東元,86,19,67,中國信託,2023-04-10,6160
5009,榮剛,78,12,66,中國信託,2023-04-10,6160
1605,華新,78,14,64,中國信託,2023-04-10,6160
6605,帝寶,67,4,63,中國信託,2023-04-10,6160
00764B,群益25年美債,62,0,62,中國信託,2023-04-10,6160
3162,精確,62,3,59,中國信託,2023-04-10,6160
00878,國泰永續高股息,1977,270,1707,中國信託,2023-04-11,6160
2344,華邦電,1182,234,948,中國信託,2023-04-11,6160
00715L,期街口布蘭特正2,914,74,840,中國信託,2023-04-11,6160
00891,中信關鍵半導體,847,36,811,中國信託,2023-04-11,6160
2547,日勝生,399,6,393,中國信託,2023-04-11,6160
00881,國泰台灣5G+,270,10,260,中國信託,2023-04-11,6160
00665L,富邦�琤肭磪囓�2,241,20,221,中國信託,2023-04-11,6160
2387,精元,221,0,221,中國信託,2023-04-11,6160
00921,兆豐龍頭等權重,229,43,186,中國信託,2023-04-11,6160
2303,聯電,226,40,186,中國信託,2023-04-11,6160
00712,復華富時不動產,171,3,168,中國信託,2023-04-11,6160
00892,富邦台灣半導體,182,26,156,中國信託,2023-04-11,6160
1316,上曜,157,2,155,中國信託,2023-04-11,6160
6770,力積電,572,417,155,中國信託,2023-04-11,6160
1609,大亞,230,81,149,中國信託,2023-04-11,6160
00720B,元大投資級公司債,146,2,144,中國信託,2023-04-11,6160
00680L,元大美債20正2,138,0,138,中國信託,2023-04-11,6160
3017,奇鋐,137,5,132,中國信託,2023-04-11,6160
3702,大聯大,130,0,130,中國信託,2023-04-11,6160
00679B,元大美債20年,134,7,127,中國信託,2023-04-11,6160
00910,第一金太空衛星,125,0,125,中國信託,2023-04-11,6160
5452,佶優,120,2,118,中國信託,2023-04-11,6160
3264,欣銓,120,6,114,中國信託,2023-04-11,6160
00751B,元大AAA至A公司債,143,31,112,中國信託,2023-04-11,6160
00917,中信特選金融,110,0,110,中國信託,2023-04-11,6160
3711,日月光投控,208,102,106,中國信託,2023-04-11,6160
9933,中鼎,106,2,104,中國信託,2023-04-11,6160
00764B,群益25年美債,100,0,100,中國信託,2023-04-11,6160
3363,上詮,100,2,98,中國信託,2023-04-11,6160
00673R,期元大S＆P原油反1,101,7,94,中國信託,2023-04-11,6160
4904,遠傳,100,7,93,中國信託,2023-04-11,6160
00713,元大台灣高息低波,116,25,91,中國信託,2023-04-11,6160
5009,榮剛,123,33,90,中國信託,2023-04-11,6160
00887,永豐中國科技50大,111,31,80,中國信託,2023-04-11,6160
2891,中信金,99,21,78,中國信託,2023-04-11,6160
6125,廣運,79,2,77,中國信託,2023-04-11,6160
00894,中信小資高價30,85,9,76,中國信託,2023-04-11,6160
4147,中裕,88,12,76,中國信託,2023-04-11,6160
3260,威剛,138,73,65,中國信託,2023-04-11,6160
2428,興勤,74,12,62,中國信託,2023-04-11,6160
2408,南亞科,108,48,60,中國信託,2023-04-11,6160
2376,技嘉,62,3,59,中國信託,2023-04-11,6160
1303,南亞,62,4,58,中國信託,2023-04-11,6160
3653,健策,62,4,58,中國信託,2023-04-11,6160
6239,力成,55,1,54,中國信託,2023-04-11,6160
2388,威盛,69,18,51,中國信託,2023-04-11,6160
00671R,富邦NASDAQ反1,50,0,50,中國信託,2023-04-11,6160
6213,聯茂,51,1,50,中國信託,2023-04-11,6160
6414,樺漢,51,1,50,中國信託,2023-04-11,6160
3005,神基,60,10,50,中國信託,2023-04-11,6160
00891,中信關鍵半導體,945,26,919,中國信託,2023-04-12,6160
00715L,期街口布蘭特正2,1820,1103,717,中國信託,2023-04-12,6160
00881,國泰台灣5G+,669,35,634,中國信託,2023-04-12,6160
00900,富邦特選高股息30,420,6,414,中國信託,2023-04-12,6160
2547,日勝生,388,0,388,中國信託,2023-04-12,6160
2892,第一金,368,32,336,中國信託,2023-04-12,6160
5347,世界,332,35,297,中國信託,2023-04-12,6160
2634,漢翔,490,195,295,中國信託,2023-04-12,6160
2412,中華電,293,4,289,中國信託,2023-04-12,6160
00673R,期元大S＆P原油反1,280,5,275,中國信託,2023-04-12,6160
2515,中工,370,108,262,中國信託,2023-04-12,6160
00917,中信特選金融,233,0,233,中國信託,2023-04-12,6160
1301,台塑,206,0,206,中國信託,2023-04-12,6160
3289,宜特,204,0,204,中國信託,2023-04-12,6160
1102,亞泥,204,3,201,中國信託,2023-04-12,6160
2313,華通,213,14,199,中國信託,2023-04-12,6160
0056,元大高股息,271,82,189,中國信託,2023-04-12,6160
00892,富邦台灣半導體,184,5,179,中國信託,2023-04-12,6160
3702,大聯大,216,58,158,中國信託,2023-04-12,6160
00896,中信綠能及電動車,343,186,157,中國信託,2023-04-12,6160
6284,佳邦,151,1,150,中國信託,2023-04-12,6160
2834,臺企銀,147,22,125,中國信託,2023-04-12,6160
4979,華星光,157,33,124,中國信託,2023-04-12,6160
9921,巨大,122,3,119,中國信託,2023-04-12,6160
6605,帝寶,105,0,105,中國信託,2023-04-12,6160
2609,陽明,160,56,104,中國信託,2023-04-12,6160
5465,富驊,101,1,100,中國信託,2023-04-12,6160
00632R,元大台灣50反1,105,5,100,中國信託,2023-04-12,6160
9933,中鼎,105,6,99,中國信託,2023-04-12,6160
00712,復華富時不動產,102,6,96,中國信託,2023-04-12,6160
00878,國泰永續高股息,268,174,94,中國信託,2023-04-12,6160
8155,博智,95,3,92,中國信託,2023-04-12,6160
5309,系統電,94,7,87,中國信託,2023-04-12,6160
00921,兆豐龍頭等權重,95,8,87,中國信託,2023-04-12,6160
4147,中裕,91,9,82,中國信託,2023-04-12,6160
3162,精確,82,0,82,中國信託,2023-04-12,6160
2344,華邦電,200,121,79,中國信託,2023-04-12,6160
1605,華新,140,65,75,中國信託,2023-04-12,6160
3624,光頡,110,37,73,中國信託,2023-04-12,6160
2614,東森,79,6,73,中國信託,2023-04-12,6160
2308,台達電,74,2,72,中國信託,2023-04-12,6160
6239,力成,101,31,70,中國信託,2023-04-12,6160
3491,昇達科,82,14,68,中國信託,2023-04-12,6160
2376,技嘉,69,1,68,中國信託,2023-04-12,6160
00753L,中信中國50正2,296,231,65,中國信託,2023-04-12,6160
00728,第一金工業30,62,0,62,中國信託,2023-04-12,6160
4968,立積,92,31,61,中國信託,2023-04-12,6160
4572,駐龍,70,9,61,中國信託,2023-04-12,6160
5469,瀚宇博,61,0,61,中國信託,2023-04-12,6160
00894,中信小資高價30,57,0,57,中國信託,2023-04-12,6160
00632R,元大台灣50反1,1529,63,1466,中國信託,2023-04-13,6160
2412,中華電,501,3,498,中國信託,2023-04-13,6160
00715L,期街口布蘭特正2,1513,1020,493,中國信託,2023-04-13,6160
2547,日勝生,387,1,386,中國信託,2023-04-13,6160
00680L,元大美債20正2,369,7,362,中國信託,2023-04-13,6160
00891,中信關鍵半導體,349,32,317,中國信託,2023-04-13,6160
00881,國泰台灣5G+,290,13,277,中國信託,2023-04-13,6160
00673R,期元大S＆P原油反1,274,7,267,中國信託,2023-04-13,6160
2515,中工,545,283,262,中國信託,2023-04-13,6160
3481,群創,482,233,249,中國信託,2023-04-13,6160
1102,亞泥,215,1,214,中國信託,2023-04-13,6160
00712,復華富時不動產,193,0,193,中國信託,2023-04-13,6160
2409,友達,238,68,170,中國信託,2023-04-13,6160
8936,國統,168,7,161,中國信託,2023-04-13,6160
1314,中石化,174,19,155,中國信託,2023-04-13,6160
2634,漢翔,221,89,132,中國信託,2023-04-13,6160
3011,今皓,139,16,123,中國信託,2023-04-13,6160
3231,緯創,199,84,115,中國信託,2023-04-13,6160
1589,永冠-KY,115,4,111,中國信託,2023-04-13,6160
00923,群益台ESG低碳50,127,17,110,中國信託,2023-04-13,6160
00878,國泰永續高股息,416,314,102,中國信託,2023-04-13,6160
9802,鈺齊-KY,101,0,101,中國信託,2023-04-13,6160
2344,華邦電,135,35,100,中國信託,2023-04-13,6160
2204,中華,125,29,96,中國信託,2023-04-13,6160
3034,聯詠,95,3,92,中國信託,2023-04-13,6160
4979,華星光,199,109,90,中國信託,2023-04-13,6160
9933,中鼎,105,22,83,中國信託,2023-04-13,6160
00922,國泰台灣領袖50,84,2,82,中國信託,2023-04-13,6160
5452,佶優,80,2,78,中國信託,2023-04-13,6160
8255,朋程,75,1,74,中國信託,2023-04-13,6160
4129,聯合,73,2,71,中國信託,2023-04-13,6160
2408,南亞科,107,36,71,中國信託,2023-04-13,6160
6235,華孚,201,138,63,中國信託,2023-04-13,6160
00681R,元大美債20反1,63,0,63,中國信託,2023-04-13,6160
3712,永崴投控,61,2,59,中國信託,2023-04-13,6160
00682U,期元大美元指數,55,0,55,中國信託,2023-04-13,6160
00679B,元大美債20年,54,0,54,中國信託,2023-04-13,6160
2230,泰茂,54,1,53,中國信託,2023-04-13,6160
8028,昇陽半導體,55,4,51,中國信託,2023-04-13,6160
3004,豐達科,59,8,51,中國信託,2023-04-13,6160
00793B,群益AAA-A醫療債,50,1,49,中國信託,2023-04-13,6160
00720B,元大投資級公司債,45,0,45,中國信託,2023-04-13,6160
2883,凱基金,58,13,45,中國信託,2023-04-13,6160
6147,頎邦,45,2,43,中國信託,2023-04-13,6160
8101,華冠,43,0,43,中國信託,2023-04-13,6160
3701,大眾控,45,2,43,中國信託,2023-04-13,6160
2904,匯僑,40,0,40,中國信託,2023-04-13,6160
2836,高雄銀,39,0,39,中國信託,2023-04-13,6160
00882,中信中國高股息,46,8,38,中國信託,2023-04-13,6160
3090,日電貿,37,0,37,中國信託,2023-04-13,6160
00715L,期街口布蘭特正2,1149,32,1117,中國信託,2023-04-14,6160
2324,仁寶,843,18,825,中國信託,2023-04-14,6160
00881,國泰台灣5G+,699,20,679,中國信託,2023-04-14,6160
00632R,元大台灣50反1,764,107,657,中國信託,2023-04-14,6160
2303,聯電,551,12,539,中國信託,2023-04-14,6160
00891,中信關鍵半導體,513,6,507,中國信託,2023-04-14,6160
00680L,元大美債20正2,462,2,460,中國信託,2023-04-14,6160
00751B,元大AAA至A公司債,321,1,320,中國信託,2023-04-14,6160
00921,兆豐龍頭等權重,264,18,246,中國信託,2023-04-14,6160
00894,中信小資高價30,218,18,200,中國信託,2023-04-14,6160
3058,立德,209,15,194,中國信託,2023-04-14,6160
2412,中華電,909,731,178,中國信託,2023-04-14,6160
00878,國泰永續高股息,431,263,168,中國信託,2023-04-14,6160
00679B,元大美債20年,157,5,152,中國信託,2023-04-14,6160
2495,普安,136,4,132,中國信託,2023-04-14,6160
2208,台船,346,226,120,中國信託,2023-04-14,6160
3711,日月光投控,140,20,120,中國信託,2023-04-14,6160
00753L,中信中國50正2,157,39,118,中國信託,2023-04-14,6160
2867,三商壽,180,68,112,中國信託,2023-04-14,6160
00917,中信特選金融,110,0,110,中國信託,2023-04-14,6160
00896,中信綠能及電動車,296,187,109,中國信託,2023-04-14,6160
8222,寶一,183,74,109,中國信託,2023-04-14,6160
2408,南亞科,109,1,108,中國信託,2023-04-14,6160
9933,中鼎,107,1,106,中國信託,2023-04-14,6160
00712,復華富時不動產,109,11,98,中國信託,2023-04-14,6160
2204,中華,101,5,96,中國信託,2023-04-14,6160
5452,佶優,101,5,96,中國信託,2023-04-14,6160
3011,今皓,90,3,87,中國信託,2023-04-14,6160
2637,慧洋-KY,79,0,79,中國信託,2023-04-14,6160
00773B,中信優先金融債,128,50,78,中國信託,2023-04-14,6160
0050,元大台灣50,247,170,77,中國信託,2023-04-14,6160
6285,啟��,81,5,76,中國信託,2023-04-14,6160
2317,鴻海,146,72,74,中國信託,2023-04-14,6160
4129,聯合,77,4,73,中國信託,2023-04-14,6160
8028,昇陽半導體,76,3,73,中國信託,2023-04-14,6160
3078,僑威,86,13,73,中國信託,2023-04-14,6160
6789,采鈺,90,18,72,中國信託,2023-04-14,6160
3169,亞信,91,22,69,中國信託,2023-04-14,6160
1216,統一,84,16,68,中國信託,2023-04-14,6160
00720B,元大投資級公司債,65,0,65,中國信託,2023-04-14,6160
1303,南亞,78,13,65,中國信託,2023-04-14,6160
2409,友達,317,252,65,中國信託,2023-04-14,6160
2609,陽明,92,28,64,中國信託,2023-04-14,6160
2610,華航,120,58,62,中國信託,2023-04-14,6160
2457,飛宏,212,151,61,中國信託,2023-04-14,6160
00910,第一金太空衛星,59,0,59,中國信託,2023-04-14,6160
2634,漢翔,433,380,53,中國信託,2023-04-14,6160
2376,技嘉,59,6,53,中國信託,2023-04-14,6160
4977,眾達-KY,58,6,52,中國信託,2023-04-14,6160
4164,承業醫,56,4,52,中國信託,2023-04-14,6160
2324,仁寶,2019,12,2007,中國信託,2023-04-17,6160
2303,聯電,1377,154,1223,中國信託,2023-04-17,6160
00881,國泰台灣5G+,860,43,817,中國信託,2023-04-17,6160
00715L,期街口布蘭特正2,637,4,633,中國信託,2023-04-17,6160
2891,中信金,1040,540,500,中國信託,2023-04-17,6160
2897,王道銀行,450,2,448,中國信託,2023-04-17,6160
2867,三商壽,440,41,399,中國信託,2023-04-17,6160
00896,中信綠能及電動車,473,80,393,中國信託,2023-04-17,6160
0050,元大台灣50,400,97,303,中國信託,2023-04-17,6160
3013,晟銘電,245,34,211,中國信託,2023-04-17,6160
1312,國喬,224,14,210,中國信託,2023-04-17,6160
00720B,元大投資級公司債,208,2,206,中國信託,2023-04-17,6160
2634,漢翔,371,197,174,中國信託,2023-04-17,6160
00712,復華富時不動產,161,2,159,中國信託,2023-04-17,6160
2515,中工,208,81,127,中國信託,2023-04-17,6160
00679B,元大美債20年,126,14,112,中國信託,2023-04-17,6160
5321,美而快,107,3,104,中國信託,2023-04-17,6160
00680L,元大美債20正2,100,0,100,中國信託,2023-04-17,6160
9933,中鼎,109,9,100,中國信託,2023-04-17,6160
1305,華夏,89,0,89,中國信託,2023-04-17,6160
00901,永豐智能車供應鏈,105,17,88,中國信託,2023-04-17,6160
00690,兆豐藍籌30,85,0,85,中國信託,2023-04-17,6160
2344,華邦電,123,45,78,中國信託,2023-04-17,6160
2412,中華電,84,10,74,中國信託,2023-04-17,6160
2317,鴻海,112,41,71,中國信託,2023-04-17,6160
3164,景岳,65,1,64,中國信託,2023-04-17,6160
2885,元大金,61,0,61,中國信託,2023-04-17,6160
1444,力麗,71,11,60,中國信託,2023-04-17,6160
1605,華新,176,116,60,中國信託,2023-04-17,6160
2002,中鋼,104,45,59,中國信託,2023-04-17,6160
2748,雲品,75,16,59,中國信託,2023-04-17,6160
00885,富邦越南,67,9,58,中國信託,2023-04-17,6160
2492,華新科,73,17,56,中國信託,2023-04-17,6160
4129,聯合,53,0,53,中國信託,2023-04-17,6160
4164,承業醫,67,14,53,中國信託,2023-04-17,6160
5522,遠雄,53,0,53,中國信託,2023-04-17,6160
2610,華航,99,47,52,中國信託,2023-04-17,6160
00753L,中信中國50正2,170,118,52,中國信託,2023-04-17,6160
00673R,期元大S＆P原油反1,51,0,51,中國信託,2023-04-17,6160
8255,朋程,66,16,50,中國信託,2023-04-17,6160
00764B,群益25年美債,50,0,50,中國信託,2023-04-17,6160
2204,中華,53,4,49,中國信託,2023-04-17,6160
4746,台耀,53,4,49,中國信託,2023-04-17,6160
5222,全訊,71,25,46,中國信託,2023-04-17,6160
2385,群光,45,2,43,中國信託,2023-04-17,6160
2880,華南金,42,0,42,中國信託,2023-04-17,6160
8028,昇陽半導體,42,0,42,中國信託,2023-04-17,6160
8086,宏捷科,49,8,41,中國信託,2023-04-17,6160
5880,合庫金,41,1,40,中國信託,2023-04-17,6160
2376,技嘉,66,26,40,中國信託,2023-04-17,6160
00925,新光標普電動車,1252,0,1252,中國信託,2023-04-18,6160
00715L,期街口布蘭特正2,1366,212,1154,中國信託,2023-04-18,6160
2891,中信金,991,113,878,中國信託,2023-04-18,6160
3380,明泰,521,6,515,中國信託,2023-04-18,6160
00910,第一金太空衛星,455,100,355,中國信託,2023-04-18,6160
2002,中鋼,328,7,321,中國信託,2023-04-18,6160
00679B,元大美債20年,245,5,240,中國信託,2023-04-18,6160
0050,元大台灣50,289,59,230,中國信託,2023-04-18,6160
1605,華新,381,160,221,中國信託,2023-04-18,6160
00712,復華富時不動產,221,5,216,中國信託,2023-04-18,6160
00891,中信關鍵半導體,186,13,173,中國信託,2023-04-18,6160
00673R,期元大S＆P原油反1,171,0,171,中國信託,2023-04-18,6160
3702,大聯大,170,0,170,中國信託,2023-04-18,6160
00917,中信特選金融,165,22,143,中國信託,2023-04-18,6160
00894,中信小資高價30,140,1,139,中國信託,2023-04-18,6160
2454,聯發科,150,14,136,中國信託,2023-04-18,6160
6741,91APP*-KY,160,36,124,中國信託,2023-04-18,6160
9933,中鼎,116,5,111,中國信託,2023-04-18,6160
3058,立德,128,24,104,中國信託,2023-04-18,6160
1471,首利,177,75,102,中國信託,2023-04-18,6160
4977,眾達-KY,141,42,99,中國信託,2023-04-18,6160
00720B,元大投資級公司債,239,144,95,中國信託,2023-04-18,6160
6505,台塑化,99,5,94,中國信託,2023-04-18,6160
00893,國泰智能電動車,110,18,92,中國信託,2023-04-18,6160
00751B,元大AAA至A公司債,89,0,89,中國信託,2023-04-18,6160
5522,遠雄,86,0,86,中國信託,2023-04-18,6160
2809,京城銀,79,0,79,中國信託,2023-04-18,6160
2412,中華電,83,6,77,中國信託,2023-04-18,6160
2313,華通,84,7,77,中國信託,2023-04-18,6160
2342,茂矽,77,1,76,中國信託,2023-04-18,6160
00773B,中信優先金融債,79,4,75,中國信託,2023-04-18,6160
3362,先進光,79,4,75,中國信託,2023-04-18,6160
8105,凌巨,127,56,71,中國信託,2023-04-18,6160
3046,建��,115,45,70,中國信託,2023-04-18,6160
8033,雷虎,447,380,67,中國信託,2023-04-18,6160
2421,建準,75,12,63,中國信託,2023-04-18,6160
1529,樂事綠能,135,73,62,中國信託,2023-04-18,6160
2204,中華,59,3,56,中國信託,2023-04-18,6160
5321,美而快,54,2,52,中國信託,2023-04-18,6160
00690,兆豐藍籌30,51,0,51,中國信託,2023-04-18,6160
00896,中信綠能及電動車,92,41,51,中國信託,2023-04-18,6160
2610,華航,143,93,50,中國信託,2023-04-18,6160
3164,景岳,45,0,45,中國信託,2023-04-18,6160
2897,王道銀行,56,11,45,中國信託,2023-04-18,6160
6176,瑞儀,44,1,43,中國信託,2023-04-18,6160
3044,健鼎,43,0,43,中國信託,2023-04-18,6160
2603,長榮,82,39,43,中國信託,2023-04-18,6160
3078,僑威,47,6,41,中國信託,2023-04-18,6160
3005,神基,47,7,40,中國信託,2023-04-18,6160
6655,科定,40,1,39,中國信託,2023-04-18,6160
2891,中信金,1023,58,965,中國信託,2023-04-19,6160
2515,中工,808,48,760,中國信託,2023-04-19,6160
1216,統一,612,59,553,中國信託,2023-04-19,6160
3047,訊舟,509,13,496,中國信託,2023-04-19,6160
3481,群創,708,296,412,中國信託,2023-04-19,6160
2002,中鋼,444,96,348,中國信託,2023-04-19,6160
2330,台積電,330,41,289,中國信託,2023-04-19,6160
00712,復華富時不動產,284,5,279,中國信託,2023-04-19,6160
00891,中信關鍵半導體,276,3,273,中國信託,2023-04-19,6160
3231,緯創,544,351,193,中國信託,2023-04-19,6160
00715L,期街口布蘭特正2,196,26,170,中國信託,2023-04-19,6160
00896,中信綠能及電動車,223,55,168,中國信託,2023-04-19,6160
00910,第一金太空衛星,165,0,165,中國信託,2023-04-19,6160
00917,中信特選金融,150,1,149,中國信託,2023-04-19,6160
00882,中信中國高股息,174,61,113,中國信託,2023-04-19,6160
6138,茂達,114,4,110,中國信託,2023-04-19,6160
2303,聯電,121,12,109,中國信託,2023-04-19,6160
2890,永豐金,109,4,105,中國信託,2023-04-19,6160
2884,玉山金,129,24,105,中國信託,2023-04-19,6160
9933,中鼎,112,12,100,中國信託,2023-04-19,6160
2883,凱基金,118,20,98,中國信託,2023-04-19,6160
00701,國泰股利精選30,88,2,86,中國信託,2023-04-19,6160
2801,彰銀,86,1,85,中國信託,2023-04-19,6160
1609,大亞,153,69,84,中國信託,2023-04-19,6160
00847B,中信美國市政債,100,16,84,中國信託,2023-04-19,6160
2887,台新金,107,24,83,中國信託,2023-04-19,6160
2009,第一銅,125,46,79,中國信託,2023-04-19,6160
2412,中華電,85,7,78,中國信託,2023-04-19,6160
3305,昇貿,80,3,77,中國信託,2023-04-19,6160
2809,京城銀,79,2,77,中國信託,2023-04-19,6160
3715,定穎投控,82,6,76,中國信託,2023-04-19,6160
3673,TPK-KY,202,127,75,中國信託,2023-04-19,6160
2317,鴻海,83,9,74,中國信託,2023-04-19,6160
2356,英業達,94,24,70,中國信託,2023-04-19,6160
2204,中華,113,45,68,中國信託,2023-04-19,6160
5243,乙盛-KY,83,20,63,中國信託,2023-04-19,6160
00632R,元大台灣50反1,66,5,61,中國信託,2023-04-19,6160
4566,時碩工業,71,11,60,中國信託,2023-04-19,6160
4164,承業醫,102,42,60,中國信託,2023-04-19,6160
8431,匯鑽科,60,0,60,中國信託,2023-04-19,6160
00637L,元大滬深300正2,81,24,57,中國信託,2023-04-19,6160
2352,佳世達,55,0,55,中國信託,2023-04-19,6160
2331,精英,57,2,55,中國信託,2023-04-19,6160
2609,陽明,69,14,55,中國信託,2023-04-19,6160
2885,元大金,59,7,52,中國信託,2023-04-19,6160
8436,大江,58,7,51,中國信託,2023-04-19,6160
2881,富邦金,55,6,49,中國信託,2023-04-19,6160
5706,鳳凰,50,3,47,中國信託,2023-04-19,6160
2104,國際中橡,45,0,45,中國信託,2023-04-19,6160
00913,兆豐台灣晶圓製造,99,54,45,中國信託,2023-04-19,6160
2891,中信金,1082,23,1059,中國信託,2023-04-20,6160
3481,群創,1132,176,956,中國信託,2023-04-20,6160
2412,中華電,708,1,707,中國信託,2023-04-20,6160
00715L,期街口布蘭特正2,752,105,647,中國信託,2023-04-20,6160
00673R,期元大S＆P原油反1,1084,610,474,中國信託,2023-04-20,6160
0050,元大台灣50,376,35,341,中國信託,2023-04-20,6160
00891,中信關鍵半導體,360,23,337,中國信託,2023-04-20,6160
1216,統一,301,2,299,中國信託,2023-04-20,6160
6282,康舒,591,306,285,中國信託,2023-04-20,6160
00910,第一金太空衛星,275,0,275,中國信託,2023-04-20,6160
3045,台灣大,271,0,271,中國信託,2023-04-20,6160
00896,中信綠能及電動車,264,52,212,中國信託,2023-04-20,6160
1605,華新,250,48,202,中國信託,2023-04-20,6160
00917,中信特選金融,172,3,169,中國信託,2023-04-20,6160
3058,立德,181,16,165,中國信託,2023-04-20,6160
1316,上曜,161,1,160,中國信託,2023-04-20,6160
2204,中華,301,166,135,中國信託,2023-04-20,6160
2002,中鋼,128,3,125,中國信託,2023-04-20,6160
2352,佳世達,110,3,107,中國信託,2023-04-20,6160
00687B,國泰20年美債,106,0,106,中國信託,2023-04-20,6160
6215,和椿,93,1,92,中國信託,2023-04-20,6160
6112,邁達特,90,1,89,中國信託,2023-04-20,6160
3305,昇貿,90,2,88,中國信託,2023-04-20,6160
0056,元大高股息,107,22,85,中國信託,2023-04-20,6160
1810,和成,171,90,81,中國信託,2023-04-20,6160
2809,京城銀,80,0,80,中國信託,2023-04-20,6160
2454,聯發科,87,9,78,中國信託,2023-04-20,6160
00701,國泰股利精選30,77,1,76,中國信託,2023-04-20,6160
2330,台積電,153,82,71,中國信託,2023-04-20,6160
00925,新光標普電動車,83,15,68,中國信託,2023-04-20,6160
6799,來頡,85,16,69,中國信託,2023-04-20,6160
6477,安集,68,3,65,中國信託,2023-04-20,6160
6443,元晶,71,11,60,中國信託,2023-04-20,6160
8932,智通*,60,0,60,中國信託,2023-04-20,6160
2882,國泰金,84,27,57,中國信託,2023-04-20,6160
4961,天鈺,71,14,57,中國信託,2023-04-20,6160
1786,科妍,59,2,57,中國信託,2023-04-20,6160
6605,帝寶,53,0,53,中國信託,2023-04-20,6160
3047,訊舟,52,0,52,中國信託,2023-04-20,6160
00902,中信電池及儲能,51,0,51,中國信託,2023-04-20,6160
3711,日月光投控,65,18,47,中國信託,2023-04-20,6160
9933,中鼎,47,0,47,中國信託,2023-04-20,6160
3591,艾笛森,52,5,47,中國信託,2023-04-20,6160
6655,科定,46,0,46,中國信託,2023-04-20,6160
6244,茂迪,201,155,46,中國信託,2023-04-20,6160
3037,欣興,62,18,44,中國信託,2023-04-20,6160
2353,宏��,47,3,44,中國信託,2023-04-20,6160
2324,仁寶,48,5,43,中國信託,2023-04-20,6160
2377,微星,42,0,42,中國信託,2023-04-20,6160
2481,強茂,46,5,41,中國信託,2023-04-20,6160
2606,裕民,1011,8,1003,中國信託,2023-04-21,6160
00892,富邦台灣半導體,550,0,550,中國信託,2023-04-21,6160
5880,合庫金,461,1,460,中國信託,2023-04-21,6160
00673R,期元大S＆P原油反1,571,127,444,中國信託,2023-04-21,6160
2891,中信金,465,110,355,中國信託,2023-04-21,6160
00891,中信關鍵半導體,334,58,276,中國信託,2023-04-21,6160
6282,康舒,678,429,249,中國信託,2023-04-21,6160
3711,日月光投控,222,18,204,中國信託,2023-04-21,6160
00894,中信小資高價30,203,4,199,中國信託,2023-04-21,6160
9907,統一實,180,1,179,中國信託,2023-04-21,6160
2031,新光鋼,227,48,179,中國信託,2023-04-21,6160
2645,長榮航太,183,40,143,中國信託,2023-04-21,6160
00912,中信臺灣智慧50,525,408,117,中國信託,2023-04-21,6160
1102,亞泥,116,0,116,中國信託,2023-04-21,6160
00701,國泰股利精選30,110,0,110,中國信託,2023-04-21,6160
6469,大樹,108,0,108,中國信託,2023-04-21,6160
6605,帝寶,106,0,106,中國信託,2023-04-21,6160
0056,元大高股息,163,62,101,中國信託,2023-04-21,6160
00637L,元大滬深300正2,112,12,100,中國信託,2023-04-21,6160
2330,台積電,132,35,97,中國信託,2023-04-21,6160
1316,上曜,102,5,97,中國信託,2023-04-21,6160
00917,中信特選金融,157,62,95,中國信託,2023-04-21,6160
2368,金像電,94,3,91,中國信託,2023-04-21,6160
6284,佳邦,96,10,86,中國信託,2023-04-21,6160
4938,和碩,85,0,85,中國信託,2023-04-21,6160
2412,中華電,76,2,74,中國信託,2023-04-21,6160
00910,第一金太空衛星,70,0,70,中國信託,2023-04-21,6160
4904,遠傳,70,3,67,中國信託,2023-04-21,6160
5225,東科-KY,62,0,62,中國信託,2023-04-21,6160
2634,漢翔,186,124,62,中國信託,2023-04-21,6160
2913,農林,106,48,58,中國信託,2023-04-21,6160
3017,奇鋐,71,17,54,中國信託,2023-04-21,6160
3673,TPK-KY,58,6,52,中國信託,2023-04-21,6160
3289,宜特,54,3,51,中國信託,2023-04-21,6160
2345,智邦,51,0,51,中國信託,2023-04-21,6160
5876,上海商銀,50,0,50,中國信託,2023-04-21,6160
1809,中釉,51,1,50,中國信託,2023-04-21,6160
3217,優群,49,1,48,中國信託,2023-04-21,6160
3023,信邦,52,4,48,中國信託,2023-04-21,6160
2344,華邦電,75,31,44,中國信託,2023-04-21,6160
3027,盛達,49,7,42,中國信託,2023-04-21,6160
8069,元太,98,56,42,中國信託,2023-04-21,6160
2351,順德,44,3,41,中國信託,2023-04-21,6160
2239,英利-KY,41,0,41,中國信託,2023-04-21,6160
2812,台中銀,41,1,40,中國信託,2023-04-21,6160
8431,匯鑽科,40,0,40,中國信託,2023-04-21,6160
2618,長榮航,47,7,40,中國信託,2023-04-21,6160
6655,科定,41,2,39,中國信託,2023-04-21,6160
00669R,國泰美國道瓊反1,38,0,38,中國信託,2023-04-21,6160
2009,第一銅,36,0,36,中國信託,2023-04-21,6160
1904,正隆,850,40,810,中國信託,2023-04-24,6160
2891,中信金,625,41,584,中國信託,2023-04-24,6160
00891,中信關鍵半導體,587,24,563,中國信託,2023-04-24,6160
2634,漢翔,462,187,275,中國信託,2023-04-24,6160
00673R,期元大S＆P原油反1,395,126,269,中國信託,2023-04-24,6160
2913,農林,530,265,265,中國信託,2023-04-24,6160
00680L,元大美債20正2,264,10,254,中國信託,2023-04-24,6160
00728,第一金工業30,242,1,241,中國信託,2023-04-24,6160
2449,京元電子,202,2,200,中國信託,2023-04-24,6160
2412,中華電,174,1,173,中國信託,2023-04-24,6160
00715L,期街口布蘭特正2,160,3,157,中國信託,2023-04-24,6160
00917,中信特選金融,277,124,153,中國信託,2023-04-24,6160
00901,永豐智能車供應鏈,155,26,129,中國信託,2023-04-24,6160
2357,華碩,120,2,118,中國信託,2023-04-24,6160
2515,中工,127,9,118,中國信託,2023-04-24,6160
2352,佳世達,105,0,105,中國信託,2023-04-24,6160
2883,凱基金,119,24,95,中國信託,2023-04-24,6160
00892,富邦台灣半導體,91,0,91,中國信託,2023-04-24,6160
1503,士電,134,61,73,中國信託,2023-04-24,6160
3013,晟銘電,107,36,71,中國信託,2023-04-24,6160
8215,明基材,71,1,70,中國信託,2023-04-24,6160
00679B,元大美債20年,66,1,65,中國信託,2023-04-24,6160
1528,恩德,64,1,63,中國信託,2023-04-24,6160
2476,鉅祥,60,1,59,中國信託,2023-04-24,6160
2317,鴻海,99,43,56,中國信託,2023-04-24,6160
2888,新光金,71,15,56,中國信託,2023-04-24,6160
1101,台泥,218,162,56,中國信託,2023-04-24,6160
2031,新光鋼,141,86,55,中國信託,2023-04-24,6160
00773B,中信優先金融債,75,20,55,中國信託,2023-04-24,6160
00910,第一金太空衛星,55,0,55,中國信託,2023-04-24,6160
3479,安勤,51,0,51,中國信託,2023-04-24,6160
6138,茂達,50,0,50,中國信託,2023-04-24,6160
2324,仁寶,57,7,50,中國信託,2023-04-24,6160
6830,汎銓,51,1,50,中國信託,2023-04-24,6160
9938,百和,50,0,50,中國信託,2023-04-24,6160
2368,金像電,57,11,46,中國信託,2023-04-24,6160
1905,華紙,130,86,44,中國信託,2023-04-24,6160
2886,兆豐金,47,3,44,中國信託,2023-04-24,6160
1215,卜蜂,46,6,40,中國信託,2023-04-24,6160
2313,華通,44,5,39,中國信託,2023-04-24,6160
6655,科定,37,0,37,中國信託,2023-04-24,6160
6753,龍德造船,43,7,36,中國信託,2023-04-24,6160
00907,永豐優息存股,35,0,35,中國信託,2023-04-24,6160
2610,華航,80,46,34,中國信託,2023-04-24,6160
2882,國泰金,43,10,33,中國信託,2023-04-24,6160
1104,環泥,34,1,33,中國信託,2023-04-24,6160
5225,東科-KY,36,3,33,中國信託,2023-04-24,6160
3058,立德,85,53,32,中國信託,2023-04-24,6160
2885,元大金,34,3,31,中國信託,2023-04-24,6160
6282,康舒,170,141,29,中國信託,2023-04-24,6160
00715L,期街口布蘭特正2,1436,1,1435,中國信託,2023-04-25,6160
00673R,期元大S＆P原油反1,1082,95,987,中國信託,2023-04-25,6160
2606,裕民,409,2,407,中國信託,2023-04-25,6160
2412,中華電,404,1,403,中國信託,2023-04-25,6160
1101,台泥,455,112,343,中國信託,2023-04-25,6160
00701,國泰股利精選30,321,0,321,中國信託,2023-04-25,6160
0056,元大高股息,1578,1327,251,中國信託,2023-04-25,6160
00894,中信小資高價30,302,122,180,中國信託,2023-04-25,6160
1762,中化生,150,5,145,中國信託,2023-04-25,6160
2303,聯電,166,21,145,中國信託,2023-04-25,6160
1907,永豐餘,174,47,127,中國信託,2023-04-25,6160
00910,第一金太空衛星,123,0,123,中國信託,2023-04-25,6160
8478,東哥遊艇,137,16,121,中國信託,2023-04-25,6160
3702,大聯大,108,3,105,中國信託,2023-04-25,6160
3045,台灣大,101,0,101,中國信託,2023-04-25,6160
00664R,國泰臺灣加權反1,100,0,100,中國信託,2023-04-25,6160
3680,家登,100,2,98,中國信託,2023-04-25,6160
1904,正隆,135,57,78,中國信託,2023-04-25,6160
3576,聯合再生,89,14,75,中國信託,2023-04-25,6160
2801,彰銀,74,0,74,中國信託,2023-04-25,6160
2834,臺企銀,75,2,73,中國信託,2023-04-25,6160
2356,英業達,79,7,72,中國信託,2023-04-25,6160
2324,仁寶,81,17,64,中國信託,2023-04-25,6160
6753,龍德造船,76,17,59,中國信託,2023-04-25,6160
00637L,元大滬深300正2,119,60,59,中國信託,2023-04-25,6160
2419,仲琦,59,0,59,中國信託,2023-04-25,6160
6290,良維,65,7,58,中國信託,2023-04-25,6160
2482,連宇,110,53,57,中國信託,2023-04-25,6160
6125,廣運,58,2,56,中國信託,2023-04-25,6160
1305,華夏,55,0,55,中國信託,2023-04-25,6160
2610,華航,74,19,55,中國信託,2023-04-25,6160
2542,興富發,86,32,54,中國信託,2023-04-25,6160
00878,國泰永續高股息,970,917,53,中國信託,2023-04-25,6160
5009,榮剛,95,44,51,中國信託,2023-04-25,6160
00728,第一金工業30,62,12,50,中國信託,2023-04-25,6160
6282,康舒,224,174,50,中國信託,2023-04-25,6160
2383,台光電,50,2,48,中國信託,2023-04-25,6160
2618,長榮航,52,9,43,中國信託,2023-04-25,6160
00679B,元大美債20年,68,25,43,中國信託,2023-04-25,6160
3264,欣銓,42,0,42,中國信託,2023-04-25,6160
6477,安集,42,0,42,中國信託,2023-04-25,6160
00712,復華富時不動產,41,1,40,中國信託,2023-04-25,6160
00671R,富邦NASDAQ反1,39,0,39,中國信託,2023-04-25,6160
4958,臻鼎-KY,99,60,39,中國信託,2023-04-25,6160
00753L,中信中國50正2,267,228,39,中國信託,2023-04-25,6160
4129,聯合,70,32,38,中國信託,2023-04-25,6160
1310,台苯,230,192,38,中國信託,2023-04-25,6160
5457,宣德,37,0,37,中國信託,2023-04-25,6160
8255,朋程,44,7,37,中國信託,2023-04-25,6160
3189,景碩,36,0,36,中國信託,2023-04-25,6160
00924,復華S＆P500成長,5034,0,5034,中國信託,2023-04-26,6160
00632R,元大台灣50反1,1460,737,723,中國信託,2023-04-26,6160
006205,富邦上証,500,0,500,中國信託,2023-04-26,6160
00891,中信關鍵半導體,499,79,420,中國信託,2023-04-26,6160
2330,台積電,459,67,392,中國信託,2023-04-26,6160
00917,中信特選金融,412,20,392,中國信託,2023-04-26,6160
6223,旺矽,221,0,221,中國信託,2023-04-26,6160
00712,復華富時不動產,211,0,211,中國信託,2023-04-26,6160
00885,富邦越南,173,0,173,中國信託,2023-04-26,6160
1101,台泥,211,55,156,中國信託,2023-04-26,6160
3363,上詮,168,23,145,中國信託,2023-04-26,6160
3037,欣興,176,52,124,中國信託,2023-04-26,6160
1301,台塑,126,3,123,中國信託,2023-04-26,6160
00830,國泰費城半導體,104,0,104,中國信託,2023-04-26,6160
0056,元大高股息,468,381,87,中國信託,2023-04-26,6160
3011,今皓,85,0,85,中國信託,2023-04-26,6160
00637L,元大滬深300正2,74,1,73,中國信託,2023-04-26,6160
5371,中光電,83,20,63,中國信託,2023-04-26,6160
5425,台半,134,71,63,中國信託,2023-04-26,6160
1608,華榮,66,6,60,中國信託,2023-04-26,6160
2530,華建,60,2,58,中國信託,2023-04-26,6160
2344,華邦電,73,15,58,中國信託,2023-04-26,6160
2308,台達電,63,5,58,中國信託,2023-04-26,6160
2609,陽明,80,26,54,中國信託,2023-04-26,6160
5211,蒙恬,68,17,51,中國信託,2023-04-26,6160
3265,台星科,53,3,50,中國信託,2023-04-26,6160
2337,旺宏,73,25,48,中國信託,2023-04-26,6160
3078,僑威,58,10,48,中國信託,2023-04-26,6160
00715L,期街口布蘭特正2,315,268,47,中國信託,2023-04-26,6160
00773B,中信優先金融債,164,119,45,中國信託,2023-04-26,6160
3711,日月光投控,45,1,44,中國信託,2023-04-26,6160
6245,立端,44,0,44,中國信託,2023-04-26,6160
2454,聯發科,45,3,42,中國信託,2023-04-26,6160
2458,義隆,40,0,40,中國信託,2023-04-26,6160
00688L,國泰20年美債正2,40,0,40,中國信託,2023-04-26,6160
2324,仁寶,36,0,36,中國信託,2023-04-26,6160
2892,第一金,47,11,36,中國信託,2023-04-26,6160
2204,中華,105,70,35,中國信託,2023-04-26,6160
6438,迅得,35,0,35,中國信託,2023-04-26,6160
4147,中裕,87,54,33,中國信託,2023-04-26,6160
6655,科定,36,3,33,中國信託,2023-04-26,6160
2383,台光電,32,0,32,中國信託,2023-04-26,6160
2618,長榮航,54,22,32,中國信託,2023-04-26,6160
1907,永豐餘,56,24,32,中國信託,2023-04-26,6160
6125,廣運,30,0,30,中國信託,2023-04-26,6160
6461,益得,33,3,30,中國信託,2023-04-26,6160
9110,越南控-DR,30,0,30,中國信託,2023-04-26,6160
3058,立德,34,5,29,中國信託,2023-04-26,6160
5321,美而快,29,0,29,中國信託,2023-04-26,6160
2535,達欣工,29,0,29,中國信託,2023-04-26,6160
00632R,元大台灣50反1,2638,99,2539,中國信託,2023-04-27,6160
2634,漢翔,965,293,672,中國信託,2023-04-27,6160
00751B,元大AAA至A公司債,576,26,550,中國信託,2023-04-27,6160
2892,第一金,505,4,501,中國信託,2023-04-27,6160
00720B,元大投資級公司債,462,3,459,中國信託,2023-04-27,6160
00795B,中信美國公債20年,921,614,307,中國信託,2023-04-27,6160
5009,榮剛,314,40,274,中國信託,2023-04-27,6160
3045,台灣大,251,0,251,中國信託,2023-04-27,6160
2303,聯電,455,229,226,中國信託,2023-04-27,6160
2313,華通,174,4,170,中國信託,2023-04-27,6160
2890,永豐金,150,4,146,中國信託,2023-04-27,6160
2002,中鋼,150,9,141,中國信託,2023-04-27,6160
2330,台積電,378,243,135,中國信託,2023-04-27,6160
2383,台光電,130,2,128,中國信託,2023-04-27,6160
00712,復華富時不動產,119,2,117,中國信託,2023-04-27,6160
3004,豐達科,127,10,117,中國信託,2023-04-27,6160
1721,三晃,263,149,114,中國信託,2023-04-27,6160
1605,華新,151,38,113,中國信託,2023-04-27,6160
00674R,期元大S＆P黃金反1,112,0,112,中國信託,2023-04-27,6160
3702,大聯大,97,2,95,中國信託,2023-04-27,6160
2409,友達,105,12,93,中國信託,2023-04-27,6160
4966,譜瑞-KY,99,14,85,中國信託,2023-04-27,6160
00679B,元大美債20年,572,491,81,中國信託,2023-04-27,6160
1101,台泥,83,9,74,中國信託,2023-04-27,6160
3034,聯詠,76,3,73,中國信託,2023-04-27,6160
00772B,中信高評級公司債,85,15,70,中國信託,2023-04-27,6160
00894,中信小資高價30,74,5,69,中國信託,2023-04-27,6160
00752,中信中國50,230,163,67,中國信託,2023-04-27,6160
3624,光頡,81,15,66,中國信託,2023-04-27,6160
2530,華建,70,4,66,中國信託,2023-04-27,6160
2308,台達電,67,4,63,中國信託,2023-04-27,6160
3071,協禧,105,42,63,中國信託,2023-04-27,6160
00830,國泰費城半導體,63,5,58,中國信託,2023-04-27,6160
2412,中華電,81,25,56,中國信託,2023-04-27,6160
2883,凱基金,81,26,55,中國信託,2023-04-27,6160
00921,兆豐龍頭等權重,72,18,54,中國信託,2023-04-27,6160
2356,英業達,70,16,54,中國信託,2023-04-27,6160
3260,威剛,56,7,49,中國信託,2023-04-27,6160
00902,中信電池及儲能,90,43,47,中國信託,2023-04-27,6160
1477,聚陽,43,0,43,中國信託,2023-04-27,6160
1717,長興,48,6,42,中國信託,2023-04-27,6160
00773B,中信優先金融債,98,57,41,中國信託,2023-04-27,6160
1471,首利,52,13,39,中國信託,2023-04-27,6160
00637L,元大滬深300正2,39,0,39,中國信託,2023-04-27,6160
2344,華邦電,122,84,38,中國信託,2023-04-27,6160
2633,台灣高鐵,37,0,37,中國信託,2023-04-27,6160
2889,國票金,37,0,37,中國信託,2023-04-27,6160
2317,鴻海,35,1,34,中國信託,2023-04-27,6160
00687B,國泰20年美債,33,0,33,中國信託,2023-04-27,6160
3035,智原,60,27,33,中國信託,2023-04-27,6160
00924,復華S＆P500成長,3604,9,3595,中國信託,2023-04-28,6160
5009,榮剛,1429,197,1232,中國信託,2023-04-28,6160
2330,台積電,480,27,453,中國信託,2023-04-28,6160
00715L,期街口布蘭特正2,577,151,426,中國信託,2023-04-28,6160
0050,元大台灣50,536,129,407,中國信託,2023-04-28,6160
1101,台泥,328,10,318,中國信託,2023-04-28,6160
2409,友達,308,7,301,中國信託,2023-04-28,6160
2880,華南金,334,78,256,中國信託,2023-04-28,6160
00921,兆豐龍頭等權重,263,8,255,中國信託,2023-04-28,6160
3481,群創,326,89,237,中國信託,2023-04-28,6160
00894,中信小資高價30,222,0,222,中國信託,2023-04-28,6160
3680,家登,186,6,180,中國信託,2023-04-28,6160
00673R,期元大S＆P原油反1,320,155,165,中國信託,2023-04-28,6160
2530,華建,164,12,152,中國信託,2023-04-28,6160
2457,飛宏,248,98,150,中國信託,2023-04-28,6160
00728,第一金工業30,149,15,134,中國信託,2023-04-28,6160
3058,立德,149,16,133,中國信託,2023-04-28,6160
3289,宜特,153,22,131,中國信託,2023-04-28,6160
00917,中信特選金融,125,21,104,中國信託,2023-04-28,6160
00773B,中信優先金融債,152,53,99,中國信託,2023-04-28,6160
00751B,元大AAA至A公司債,128,30,98,中國信託,2023-04-28,6160
00764B,群益25年美債,90,0,90,中國信託,2023-04-28,6160
00680L,元大美債20正2,103,17,86,中國信託,2023-04-28,6160
00671R,富邦NASDAQ反1,84,0,84,中國信託,2023-04-28,6160
1907,永豐餘,83,1,82,中國信託,2023-04-28,6160
00720B,元大投資級公司債,157,76,81,中國信託,2023-04-28,6160
2888,新光金,81,1,80,中國信託,2023-04-28,6160
3105,穩懋,111,34,77,中國信託,2023-04-28,6160
2360,致茂,71,3,68,中國信託,2023-04-28,6160
2022,聚亨,95,27,68,中國信託,2023-04-28,6160
2412,中華電,78,11,67,中國信託,2023-04-28,6160
3661,世芯-KY,83,20,63,中國信託,2023-04-28,6160
1762,中化生,73,10,63,中國信託,2023-04-28,6160
3078,僑威,85,25,60,中國信託,2023-04-28,6160
1441,大東,59,0,59,中國信託,2023-04-28,6160
2882,國泰金,76,21,55,中國信託,2023-04-28,6160
3715,定穎投控,55,1,54,中國信託,2023-04-28,6160
4915,致伸,53,0,53,中國信託,2023-04-28,6160
3037,欣興,162,109,53,中國信託,2023-04-28,6160
8091,翔名,52,1,51,中國信託,2023-04-28,6160
6282,康舒,97,47,50,中國信託,2023-04-28,6160
8478,東哥遊艇,59,10,49,中國信託,2023-04-28,6160
2801,彰銀,50,2,48,中國信託,2023-04-28,6160
3034,聯詠,49,2,47,中國信託,2023-04-28,6160
6266,泰詠,49,4,45,中國信託,2023-04-28,6160
5371,中光電,50,6,44,中國信託,2023-04-28,6160
6269,台郡,43,4,39,中國信託,2023-04-28,6160
00679B,元大美債20年,319,283,36,中國信託,2023-04-28,6160
3260,威剛,43,7,36,中國信託,2023-04-28,6160
5880,合庫金,40,5,35,中國信託,2023-04-28,6160
00924,復華S＆P500成長,1709,13,1696,中國信託,2023-05-02,6160
00715L,期街口布蘭特正2,1173,150,1023,中國信託,2023-05-02,6160
00891,中信關鍵半導體,837,25,812,中國信託,2023-05-02,6160
2330,台積電,826,20,806,中國信託,2023-05-02,6160
00713,元大台灣高息低波,728,35,693,中國信託,2023-05-02,6160
2105,正新,491,0,491,中國信託,2023-05-02,6160
1905,華紙,576,122,454,中國信託,2023-05-02,6160
00882,中信中國高股息,503,107,396,中國信託,2023-05-02,6160
1301,台塑,310,3,307,中國信託,2023-05-02,6160
1503,士電,301,55,246,中國信託,2023-05-02,6160
3017,奇鋐,276,31,245,中國信託,2023-05-02,6160
00894,中信小資高價30,238,1,237,中國信託,2023-05-02,6160
00773B,中信優先金融債,201,6,195,中國信託,2023-05-02,6160
00921,兆豐龍頭等權重,189,15,174,中國信託,2023-05-02,6160
00673R,期元大S＆P原油反1,181,10,171,中國信託,2023-05-02,6160
00706L,期元大S＆P日圓正2,138,0,138,中國信託,2023-05-02,6160
00753L,中信中國50正2,353,217,136,中國信託,2023-05-02,6160
1907,永豐餘,149,15,134,中國信託,2023-05-02,6160
00679B,元大美債20年,377,252,125,中國信託,2023-05-02,6160
2022,聚亨,143,22,121,中國信託,2023-05-02,6160
1605,華新,134,17,117,中國信託,2023-05-02,6160
3038,全台,124,11,113,中國信託,2023-05-02,6160
3363,上詮,197,86,111,中國信託,2023-05-02,6160
2301,光寶科,132,24,108,中國信託,2023-05-02,6160
2308,台達電,89,6,83,中國信託,2023-05-02,6160
1319,東陽,82,0,82,中國信託,2023-05-02,6160
3227,原相,81,0,81,中國信託,2023-05-02,6160
00910,第一金太空衛星,76,0,76,中國信託,2023-05-02,6160
2412,中華電,76,0,76,中國信託,2023-05-02,6160
1513,中興電,220,147,73,中國信託,2023-05-02,6160
5371,中光電,78,8,70,中國信託,2023-05-02,6160
3481,群創,123,55,68,中國信託,2023-05-02,6160
00751B,元大AAA至A公司債,68,0,68,中國信託,2023-05-02,6160
6223,旺矽,76,9,67,中國信託,2023-05-02,6160
00632R,元大台灣50反1,70,10,60,中國信託,2023-05-02,6160
5209,新鼎,58,1,57,中國信託,2023-05-02,6160
2457,飛宏,101,46,55,中國信託,2023-05-02,6160
00688L,國泰20年美債正2,55,0,55,中國信託,2023-05-02,6160
1762,中化生,57,3,54,中國信託,2023-05-02,6160
2883,凱基金,94,41,53,中國信託,2023-05-02,6160
2884,玉山金,58,6,52,中國信託,2023-05-02,6160
2482,連宇,102,51,51,中國信託,2023-05-02,6160
2882,國泰金,66,16,50,中國信託,2023-05-02,6160
2890,永豐金,58,10,48,中國信託,2023-05-02,6160
1504,東元,142,94,48,中國信託,2023-05-02,6160
2603,長榮,71,24,47,中國信託,2023-05-02,6160
5439,高技,48,2,46,中國信託,2023-05-02,6160
8093,保銳,48,2,46,中國信託,2023-05-02,6160
3661,世芯-KY,58,15,43,中國信託,2023-05-02,6160
2886,兆豐金,50,7,43,中國信託,2023-05-02,6160
00900,富邦特選高股息30,3597,242,3355,中國信託,2023-05-03,6160
00673R,期元大S＆P原油反1,1631,212,1419,中國信託,2023-05-03,6160
00891,中信關鍵半導體,852,102,750,中國信託,2023-05-03,6160
2330,台積電,731,27,704,中國信託,2023-05-03,6160
00712,復華富時不動產,383,5,378,中國信託,2023-05-03,6160
2603,長榮,334,11,323,中國信託,2023-05-03,6160
1907,永豐餘,221,2,219,中國信託,2023-05-03,6160
00917,中信特選金融,235,57,178,中國信託,2023-05-03,6160
3013,晟銘電,202,25,177,中國信託,2023-05-03,6160
5876,上海商銀,158,0,158,中國信託,2023-05-03,6160
5225,東科-KY,151,0,151,中國信託,2023-05-03,6160
8155,博智,129,2,127,中國信託,2023-05-03,6160
3715,定穎投控,180,59,121,中國信託,2023-05-03,6160
2002,中鋼,116,2,114,中國信託,2023-05-03,6160
2301,光寶科,125,12,113,中國信託,2023-05-03,6160
2371,大同,108,4,104,中國信託,2023-05-03,6160
2103,台橡,101,0,101,中國信託,2023-05-03,6160
00894,中信小資高價30,99,5,94,中國信託,2023-05-03,6160
00637L,元大滬深300正2,92,0,92,中國信託,2023-05-03,6160
2468,華經,89,0,89,中國信託,2023-05-03,6160
1722,台肥,90,1,89,中國信託,2023-05-03,6160
4958,臻鼎-KY,85,0,85,中國信託,2023-05-03,6160
2206,三陽工業,111,32,79,中國信託,2023-05-03,6160
2412,中華電,76,1,75,中國信託,2023-05-03,6160
2105,正新,73,0,73,中國信託,2023-05-03,6160
1513,中興電,128,56,72,中國信託,2023-05-03,6160
3481,群創,98,30,68,中國信託,2023-05-03,6160
0056,元大高股息,274,213,61,中國信託,2023-05-03,6160
6269,台郡,62,1,61,中國信託,2023-05-03,6160
2027,大成鋼,56,0,56,中國信託,2023-05-03,6160
1101,台泥,107,51,56,中國信託,2023-05-03,6160
00706L,期元大S＆P日圓正2,55,0,55,中國信託,2023-05-03,6160
00910,第一金太空衛星,52,0,52,中國信託,2023-05-03,6160
9110,越南控-DR,102,50,52,中國信託,2023-05-03,6160
2409,友達,65,13,52,中國信託,2023-05-03,6160
1532,勤美,50,0,50,中國信託,2023-05-03,6160
6799,來頡,50,2,48,中國信託,2023-05-03,6160
9802,鈺齊-KY,47,0,47,中國信託,2023-05-03,6160
8046,南電,54,8,46,中國信託,2023-05-03,6160
4979,華星光,66,20,46,中國信託,2023-05-03,6160
6223,旺矽,44,0,44,中國信託,2023-05-03,6160
00921,兆豐龍頭等權重,47,8,39,中國信託,2023-05-03,6160
4968,立積,58,19,39,中國信託,2023-05-03,6160
00795B,中信美國公債20年,454,415,39,中國信託,2023-05-03,6160
3231,緯創,87,48,39,中國信託,2023-05-03,6160
2883,凱基金,77,39,38,中國信託,2023-05-03,6160
8097,常珵,41,3,38,中國信託,2023-05-03,6160
2536,宏普,38,0,38,中國信託,2023-05-03,6160
2609,陽明,51,16,35,中國信託,2023-05-03,6160
2880,華南金,37,3,34,中國信託,2023-05-03,6160
00900,富邦特選高股息30,3704,25,3679,中國信託,2023-05-04,6160
00673R,期元大S＆P原油反1,821,48,773,中國信託,2023-05-04,6160
2330,台積電,760,68,692,中國信託,2023-05-04,6160
2606,裕民,500,0,500,中國信託,2023-05-04,6160
00922,國泰台灣領袖50,411,7,404,中國信託,2023-05-04,6160
0056,元大高股息,397,98,299,中國信託,2023-05-04,6160
00894,中信小資高價30,261,6,255,中國信託,2023-05-04,6160
5347,世界,254,1,253,中國信託,2023-05-04,6160
00720B,元大投資級公司債,255,4,251,中國信託,2023-05-04,6160
2317,鴻海,240,3,237,中國信託,2023-05-04,6160
5876,上海商銀,233,0,233,中國信託,2023-05-04,6160
2454,聯發科,232,0,232,中國信託,2023-05-04,6160
1605,華新,214,13,201,中國信託,2023-05-04,6160
00712,復華富時不動產,200,15,185,中國信託,2023-05-04,6160
2352,佳世達,174,15,159,中國信託,2023-05-04,6160
00891,中信關鍵半導體,261,105,156,中國信託,2023-05-04,6160
00921,兆豐龍頭等權重,147,0,147,中國信託,2023-05-04,6160
2303,聯電,190,59,131,中國信託,2023-05-04,6160
2890,永豐金,135,10,125,中國信託,2023-05-04,6160
2002,中鋼,126,4,122,中國信託,2023-05-04,6160
0050,元大台灣50,322,207,115,中國信託,2023-05-04,6160
2301,光寶科,165,51,114,中國信託,2023-05-04,6160
3481,群創,133,21,112,中國信託,2023-05-04,6160
2337,旺宏,104,0,104,中國信託,2023-05-04,6160
2356,英業達,111,8,103,中國信託,2023-05-04,6160
3596,智易,100,0,100,中國信託,2023-05-04,6160
2891,中信金,209,132,77,中國信託,2023-05-04,6160
2409,友達,81,5,76,中國信託,2023-05-04,6160
9933,中鼎,79,10,69,中國信託,2023-05-04,6160
00642U,期元大S＆P石油,61,0,61,中國信託,2023-05-04,6160
3231,緯創,147,86,61,中國信託,2023-05-04,6160
1609,大亞,200,140,60,中國信託,2023-05-04,6160
3034,聯詠,60,2,58,中國信託,2023-05-04,6160
2732,六角,60,5,55,中國信託,2023-05-04,6160
3715,定穎投控,65,14,51,中國信託,2023-05-04,6160
5211,蒙恬,53,2,51,中國信託,2023-05-04,6160
3227,原相,51,0,51,中國信託,2023-05-04,6160
2383,台光電,51,1,50,中國信託,2023-05-04,6160
2883B,凱基金乙特,50,0,50,中國信託,2023-05-04,6160
00772B,中信高評級公司債,78,34,44,中國信託,2023-05-04,6160
00648R,元大S＆P500反1,40,0,40,中國信託,2023-05-04,6160
00902,中信電池及儲能,46,7,39,中國信託,2023-05-04,6160
3702,大聯大,77,38,39,中國信託,2023-05-04,6160
1513,中興電,91,53,38,中國信託,2023-05-04,6160
6223,旺矽,35,0,35,中國信託,2023-05-04,6160
5425,台半,38,5,33,中國信託,2023-05-04,6160
2105,正新,41,8,33,中國信託,2023-05-04,6160
3045,台灣大,33,0,33,中國信託,2023-05-04,6160
2609,陽明,49,17,32,中國信託,2023-05-04,6160
4121,優盛,49,17,32,中國信託,2023-05-04,6160
00881,國泰台灣5G+,1208,1,1207,中國信託,2023-05-05,6160
00900,富邦特選高股息30,750,43,707,中國信託,2023-05-05,6160
00891,中信關鍵半導體,706,7,699,中國信託,2023-05-05,6160
0056,元大高股息,1076,436,640,中國信託,2023-05-05,6160
1319,東陽,515,31,484,中國信託,2023-05-05,6160
1216,統一,331,1,330,中國信託,2023-05-05,6160
1101,台泥,299,38,261,中國信託,2023-05-05,6160
3038,全台,211,11,200,中國信託,2023-05-05,6160
2892,第一金,187,2,185,中國信託,2023-05-05,6160
1605,華新,324,141,183,中國信託,2023-05-05,6160
6589,台康生技,222,44,178,中國信託,2023-05-05,6160
6244,茂迪,234,65,169,中國信託,2023-05-05,6160
00795B,中信美國公債20年,640,489,151,中國信託,2023-05-05,6160
4129,聯合,155,16,139,中國信託,2023-05-05,6160
6274,台燿,147,12,135,中國信託,2023-05-05,6160
2330,台積電,162,29,133,中國信託,2023-05-05,6160
5347,世界,123,2,121,中國信託,2023-05-05,6160
2412,中華電,112,1,111,中國信託,2023-05-05,6160
3481,群創,161,55,106,中國信託,2023-05-05,6160
2303,聯電,126,20,106,中國信託,2023-05-05,6160
2732,六角,114,13,101,中國信託,2023-05-05,6160
00751B,元大AAA至A公司債,93,0,93,中國信託,2023-05-05,6160
2022,聚亨,103,11,92,中國信託,2023-05-05,6160
2317,鴻海,106,26,80,中國信託,2023-05-05,6160
2454,聯發科,79,2,77,中國信託,2023-05-05,6160
3324,雙鴻,98,22,76,中國信託,2023-05-05,6160
2031,新光鋼,74,0,74,中國信託,2023-05-05,6160
00642U,期元大S＆P石油,71,0,71,中國信託,2023-05-05,6160
5234,達興材料,68,1,67,中國信託,2023-05-05,6160
1529,樂事綠能,127,63,64,中國信託,2023-05-05,6160
00852L,國泰美國道瓊正2,55,0,55,中國信託,2023-05-05,6160
00728,第一金工業30,55,2,53,中國信託,2023-05-05,6160
00773B,中信優先金融債,70,19,51,中國信託,2023-05-05,6160
2609,陽明,58,7,51,中國信託,2023-05-05,6160
2883B,凱基金乙特,50,0,50,中國信託,2023-05-05,6160
6531,愛普*,51,5,46,中國信託,2023-05-05,6160
2515,中工,55,9,46,中國信託,2023-05-05,6160
00679B,元大美債20年,219,175,44,中國信託,2023-05-05,6160
1608,華榮,57,14,43,中國信託,2023-05-05,6160
2801,彰銀,44,2,42,中國信託,2023-05-05,6160
4979,華星光,46,4,42,中國信託,2023-05-05,6160
5876,上海商銀,41,0,41,中國信託,2023-05-05,6160
2352,佳世達,50,9,41,中國信託,2023-05-05,6160
2002,中鋼,41,2,39,中國信託,2023-05-05,6160
00907,永豐優息存股,53,15,38,中國信託,2023-05-05,6160
1762,中化生,41,4,37,中國信託,2023-05-05,6160
2880,華南金,38,2,36,中國信託,2023-05-05,6160
4903,聯光通,34,0,34,中國信託,2023-05-05,6160
4114,健喬,60,26,34,中國信託,2023-05-05,6160
9933,中鼎,32,0,32,中國信託,2023-05-05,6160
2887,台新金,2594,355,2239,中國信託,2023-05-08,6160
00900,富邦特選高股息30,777,5,772,中國信託,2023-05-08,6160
00891,中信關鍵半導體,535,11,524,中國信託,2023-05-08,6160
00648R,元大S＆P500反1,488,0,488,中國信託,2023-05-08,6160
2891,中信金,502,78,424,中國信託,2023-05-08,6160
8069,元太,362,30,332,中國信託,2023-05-08,6160
2002,中鋼,313,3,310,中國信託,2023-05-08,6160
00673R,期元大S＆P原油反1,311,6,305,中國信託,2023-05-08,6160
5347,世界,254,0,254,中國信託,2023-05-08,6160
3702,大聯大,229,1,228,中國信託,2023-05-08,6160
00910,第一金太空衛星,340,117,223,中國信託,2023-05-08,6160
1402,遠東新,220,12,208,中國信託,2023-05-08,6160
2344,華邦電,222,14,208,中國信託,2023-05-08,6160
00680L,元大美債20正2,222,15,207,中國信託,2023-05-08,6160
2371,大同,206,11,195,中國信託,2023-05-08,6160
2308,台達電,215,21,194,中國信託,2023-05-08,6160
1605,華新,308,124,184,中國信託,2023-05-08,6160
00924,復華S＆P500成長,199,20,179,中國信託,2023-05-08,6160
4960,誠美材,186,7,179,中國信託,2023-05-08,6160
2801,彰銀,123,0,123,中國信託,2023-05-08,6160
6173,信昌電,112,1,111,中國信託,2023-05-08,6160
6125,廣運,107,3,104,中國信託,2023-05-08,6160
5452,佶優,100,0,100,中國信託,2023-05-08,6160
2454,聯發科,100,4,96,中國信託,2023-05-08,6160
6516,勤崴國際,98,3,95,中國信託,2023-05-08,6160
2412,中華電,89,0,89,中國信託,2023-05-08,6160
6208,日揚,84,1,83,中國信託,2023-05-08,6160
3014,聯陽,92,12,80,中國信託,2023-05-08,6160
3037,欣興,220,141,79,中國信託,2023-05-08,6160
3034,聯詠,79,1,78,中國信託,2023-05-08,6160
3481,群創,84,8,76,中國信託,2023-05-08,6160
00894,中信小資高價30,197,122,75,中國信託,2023-05-08,6160
6456,GIS-KY,82,10,72,中國信託,2023-05-08,6160
2892,第一金,76,8,68,中國信託,2023-05-08,6160
5425,台半,68,0,68,中國信託,2023-05-08,6160
4129,聯合,62,0,62,中國信託,2023-05-08,6160
00921,兆豐龍頭等權重,64,5,59,中國信託,2023-05-08,6160
00896,中信綠能及電動車,221,166,55,中國信託,2023-05-08,6160
9933,中鼎,59,5,54,中國信託,2023-05-08,6160
6285,啟��,54,1,53,中國信託,2023-05-08,6160
2880,華南金,56,3,53,中國信託,2023-05-08,6160
2330,台積電,154,103,51,中國信託,2023-05-08,6160
2201,裕隆,56,8,48,中國信託,2023-05-08,6160
6147,頎邦,45,0,45,中國信託,2023-05-08,6160
00679B,元大美債20年,415,371,44,中國信託,2023-05-08,6160
00631L,元大台灣50正2,45,1,44,中國信託,2023-05-08,6160
5876,上海商銀,43,0,43,中國信託,2023-05-08,6160
1218,泰山,168,131,37,中國信託,2023-05-08,6160
3591,艾笛森,54,17,37,中國信託,2023-05-08,6160
1326,台化,37,0,37,中國信託,2023-05-08,6160
00715L,期街口布蘭特正2,1627,22,1605,中國信託,2023-05-09,6160
00752,中信中國50,629,33,596,中國信託,2023-05-09,6160
2891,中信金,438,39,399,中國信託,2023-05-09,6160
00900,富邦特選高股息30,406,21,385,中國信託,2023-05-09,6160
00918,大華優利高填息30,395,16,379,中國信託,2023-05-09,6160
3715,定穎投控,387,25,362,中國信託,2023-05-09,6160
6214,精誠,351,1,350,中國信託,2023-05-09,6160
2888,新光金,312,33,279,中國信託,2023-05-09,6160
2606,裕民,250,2,248,中國信託,2023-05-09,6160
0050,元大台灣50,352,138,214,中國信託,2023-05-09,6160
00924,復華S＆P500成長,215,3,212,中國信託,2023-05-09,6160
1605,華新,274,64,210,中國信託,2023-05-09,6160
2317,鴻海,268,61,207,中國信託,2023-05-09,6160
00636,國泰中國A50,200,0,200,中國信託,2023-05-09,6160
4960,誠美材,185,22,163,中國信託,2023-05-09,6160
6546,正基,169,7,162,中國信託,2023-05-09,6160
00687B,國泰20年美債,147,0,147,中國信託,2023-05-09,6160
00894,中信小資高價30,163,29,134,中國信託,2023-05-09,6160
3702,大聯大,132,0,132,中國信託,2023-05-09,6160
3481,群創,196,70,126,中國信託,2023-05-09,6160
6589,台康生技,131,6,125,中國信託,2023-05-09,6160
00751B,元大AAA至A公司債,122,5,117,中國信託,2023-05-09,6160
2883,凱基金,176,62,114,中國信託,2023-05-09,6160
00906,大華元宇宙科技50,107,1,106,中國信託,2023-05-09,6160
3231,緯創,173,68,105,中國信託,2023-05-09,6160
6443,元晶,225,122,103,中國信託,2023-05-09,6160
6208,日揚,102,0,102,中國信託,2023-05-09,6160
1907,永豐餘,136,38,98,中國信託,2023-05-09,6160
2352,佳世達,191,97,94,中國信託,2023-05-09,6160
2887,台新金,122,32,90,中國信託,2023-05-09,6160
00753L,中信中國50正2,86,10,76,中國信託,2023-05-09,6160
2412,中華電,76,1,75,中國信託,2023-05-09,6160
3034,聯詠,74,4,70,中國信託,2023-05-09,6160
00632R,元大台灣50反1,82,26,56,中國信託,2023-05-09,6160
00688L,國泰20年美債正2,55,0,55,中國信託,2023-05-09,6160
00701,國泰股利精選30,56,1,55,中國信託,2023-05-09,6160
3663,鑫科,50,0,50,中國信託,2023-05-09,6160
6173,信昌電,52,2,50,中國信託,2023-05-09,6160
3058,立德,111,62,49,中國信託,2023-05-09,6160
9933,中鼎,49,0,49,中國信託,2023-05-09,6160
3227,原相,48,1,47,中國信託,2023-05-09,6160
6147,頎邦,45,0,45,中國信託,2023-05-09,6160
2883B,凱基金乙特,44,0,44,中國信託,2023-05-09,6160
1513,中興電,113,70,43,中國信託,2023-05-09,6160
00887,永豐中國科技50大,62,18,44,中國信託,2023-05-09,6160
00921,兆豐龍頭等權重,53,12,41,中國信託,2023-05-09,6160
3036,文曄,55,15,40,中國信託,2023-05-09,6160
6477,安集,45,5,40,中國信託,2023-05-09,6160
1101,台泥,93,53,40,中國信託,2023-05-09,6160
00712,復華富時不動產,50,12,38,中國信託,2023-05-09,6160
00752,中信中國50,960,147,813,中國信託,2023-05-10,6160
00715L,期街口布蘭特正2,769,97,672,中國信託,2023-05-10,6160
00891,中信關鍵半導體,355,5,350,中國信託,2023-05-10,6160
1301,台塑,321,0,321,中國信託,2023-05-10,6160
5347,世界,309,0,309,中國信託,2023-05-10,6160
00665L,富邦�琤肭磪囓�2,332,51,281,中國信託,2023-05-10,6160
2002,中鋼,275,2,273,中國信託,2023-05-10,6160
00636,國泰中國A50,222,0,222,中國信託,2023-05-10,6160
4960,誠美材,186,3,183,中國信託,2023-05-10,6160
2883B,凱基金乙特,135,0,135,中國信託,2023-05-10,6160
3702,大聯大,128,0,128,中國信託,2023-05-10,6160
2330,台積電,287,160,127,中國信託,2023-05-10,6160
3711,日月光投控,125,0,125,中國信託,2023-05-10,6160
8069,元太,129,17,112,中國信託,2023-05-10,6160
2412,中華電,95,0,95,中國信託,2023-05-10,6160
3231,緯創,198,118,80,中國信託,2023-05-10,6160
00795B,中信美國公債20年,594,520,74,中國信託,2023-05-10,6160
2610,華航,199,126,73,中國信託,2023-05-10,6160
2303,聯電,78,11,67,中國信託,2023-05-10,6160
2618,長榮航,268,201,67,中國信託,2023-05-10,6160
1504,東元,124,61,63,中國信託,2023-05-10,6160
3013,晟銘電,75,15,60,中國信託,2023-05-10,6160
2356,英業達,60,0,60,中國信託,2023-05-10,6160
3010,華立,58,0,58,中國信託,2023-05-10,6160
2409,友達,59,2,57,中國信託,2023-05-10,6160
6605,帝寶,61,5,56,中國信託,2023-05-10,6160
8097,常珵,65,10,55,中國信託,2023-05-10,6160
3036,文曄,55,0,55,中國信託,2023-05-10,6160
00887,永豐中國科技50大,55,0,55,中國信託,2023-05-10,6160
2357,華碩,52,0,52,中國信託,2023-05-10,6160
5388,中磊,52,0,52,中國信託,2023-05-10,6160
2881,富邦金,51,0,51,中國信託,2023-05-10,6160
2360,致茂,50,0,50,中國信託,2023-05-10,6160
00712,復華富時不動產,50,2,48,中國信託,2023-05-10,6160
00882,中信中國高股息,59,12,47,中國信託,2023-05-10,6160
2882,國泰金,52,8,44,中國信託,2023-05-10,6160
9933,中鼎,44,0,44,中國信託,2023-05-10,6160
2313,華通,44,0,44,中國信託,2023-05-10,6160
4958,臻鼎-KY,45,1,44,中國信託,2023-05-10,6160
6147,頎邦,46,2,44,中國信託,2023-05-10,6160
3025,星通,135,92,43,中國信託,2023-05-10,6160
2317,鴻海,76,35,41,中國信託,2023-05-10,6160
6235,華孚,85,44,41,中國信託,2023-05-10,6160
00753L,中信中國50正2,360,320,40,中國信託,2023-05-10,6160
3230,錦明,40,0,40,中國信託,2023-05-10,6160
2369,菱生,39,0,39,中國信託,2023-05-10,6160
3591,艾笛森,39,0,39,中國信託,2023-05-10,6160
00687B,國泰20年美債,37,0,37,中國信託,2023-05-10,6160
00679B,元大美債20年,49,13,36,中國信託,2023-05-10,6160
5483,中美晶,50,15,35,中國信託,2023-05-10,6160
00632R,元大台灣50反1,2881,83,2798,中國信託,2023-05-11,6160
00648R,元大S＆P500反1,500,0,500,中國信託,2023-05-11,6160
4960,誠美材,189,0,189,中國信託,2023-05-11,6160
6605,帝寶,156,9,147,中國信託,2023-05-11,6160
00891,中信關鍵半導體,188,45,143,中國信託,2023-05-11,6160
2376,技嘉,149,18,131,中國信託,2023-05-11,6160
3006,晶豪科,148,36,112,中國信託,2023-05-11,6160
2610,華航,169,66,103,中國信託,2023-05-11,6160
9907,統一實,115,14,101,中國信託,2023-05-11,6160
2002,中鋼,103,4,99,中國信託,2023-05-11,6160
00885,富邦越南,110,14,96,中國信託,2023-05-11,6160
4958,臻鼎-KY,107,15,92,中國信託,2023-05-11,6160
00715L,期街口布蘭特正2,199,109,90,中國信託,2023-05-11,6160
4967,十銓,84,0,84,中國信託,2023-05-11,6160
8097,常珵,122,42,80,中國信託,2023-05-11,6160
2884,玉山金,98,20,78,中國信託,2023-05-11,6160
6285,啟��,88,10,78,中國信託,2023-05-11,6160
2412,中華電,78,1,77,中國信託,2023-05-11,6160
4164,承業醫,75,1,74,中國信託,2023-05-11,6160
00795B,中信美國公債20年,573,502,71,中國信託,2023-05-11,6160
6570,維田,79,8,71,中國信託,2023-05-11,6160
5009,榮剛,237,172,65,中國信託,2023-05-11,6160
9933,中鼎,63,0,63,中國信託,2023-05-11,6160
00900,富邦特選高股息30,77,18,59,中國信託,2023-05-11,6160
3036,文曄,56,0,56,中國信託,2023-05-11,6160
2356,英業達,62,8,54,中國信託,2023-05-11,6160
00681R,元大美債20反1,54,0,54,中國信託,2023-05-11,6160
3025,星通,75,23,52,中國信託,2023-05-11,6160
2883B,凱基金乙特,48,0,48,中國信託,2023-05-11,6160
6147,頎邦,47,0,47,中國信託,2023-05-11,6160
2885,元大金,46,1,45,中國信託,2023-05-11,6160
2886,兆豐金,53,8,45,中國信託,2023-05-11,6160
2609,陽明,55,11,44,中國信託,2023-05-11,6160
2812,台中銀,52,11,41,中國信託,2023-05-11,6160
5347,世界,42,4,38,中國信託,2023-05-11,6160
1905,華紙,51,16,35,中國信託,2023-05-11,6160
3014,聯陽,35,2,33,中國信託,2023-05-11,6160
6139,亞翔,84,51,33,中國信託,2023-05-11,6160
2464,盟立,32,0,32,中國信託,2023-05-11,6160
2892,第一金,31,0,31,中國信託,2023-05-11,6160
3294,英濟,31,0,31,中國信託,2023-05-11,6160
5225,東科-KY,30,0,30,中國信託,2023-05-11,6160
00896,中信綠能及電動車,201,171,30,中國信託,2023-05-11,6160
2489,瑞軒,53,24,29,中國信託,2023-05-11,6160
2547,日勝生,29,0,29,中國信託,2023-05-11,6160
00701,國泰股利精選30,29,0,29,中國信託,2023-05-11,6160
2359,所羅門,41,12,29,中國信託,2023-05-11,6160
3062,建漢,27,0,27,中國信託,2023-05-11,6160
2427,三商電,27,0,27,中國信託,2023-05-11,6160
3047,訊舟,27,0,27,中國信託,2023-05-11,6160
5347,世界,400,0,400,中國信託,2023-05-12,6160
2330,台積電,443,58,385,中國信託,2023-05-12,6160
4958,臻鼎-KY,352,0,352,中國信託,2023-05-12,6160
2883,凱基金,408,98,310,中國信託,2023-05-12,6160
2206,三陽工業,394,112,282,中國信託,2023-05-12,6160
00917,中信特選金融,241,3,238,中國信託,2023-05-12,6160
2888,新光金,208,2,206,中國信託,2023-05-12,6160
4960,誠美材,194,0,194,中國信託,2023-05-12,6160
8210,勤誠,140,1,139,中國信託,2023-05-12,6160
3576,聯合再生,160,23,137,中國信託,2023-05-12,6160
2303,聯電,111,4,107,中國信託,2023-05-12,6160
2317,鴻海,124,27,97,中國信託,2023-05-12,6160
00753L,中信中國50正2,137,45,92,中國信託,2023-05-12,6160
00637L,元大滬深300正2,89,3,86,中國信託,2023-05-12,6160
0056,元大高股息,143,57,86,中國信託,2023-05-12,6160
2412,中華電,85,2,83,中國信託,2023-05-12,6160
2480,敦陽科,82,3,79,中國信託,2023-05-12,6160
2618,長榮航,108,36,72,中國信託,2023-05-12,6160
00921,兆豐龍頭等權重,119,47,72,中國信託,2023-05-12,6160
00701,國泰股利精選30,70,0,70,中國信託,2023-05-12,6160
2748,雲品,75,6,69,中國信託,2023-05-12,6160
00642U,期元大S＆P石油,65,1,64,中國信託,2023-05-12,6160
4533,協易機,66,2,64,中國信託,2023-05-12,6160
6235,華孚,129,67,62,中國信託,2023-05-12,6160
3363,上詮,74,13,61,中國信託,2023-05-12,6160
4147,中裕,96,38,58,中國信託,2023-05-12,6160
6655,科定,69,12,57,中國信託,2023-05-12,6160
2376,技嘉,61,4,57,中國信託,2023-05-12,6160
2890,永豐金,60,10,50,中國信託,2023-05-12,6160
3010,華立,46,0,46,中國信託,2023-05-12,6160
6147,頎邦,46,0,46,中國信託,2023-05-12,6160
6282,康舒,78,35,43,中國信託,2023-05-12,6160
1529,樂事綠能,85,43,42,中國信託,2023-05-12,6160
2387,精元,42,1,41,中國信託,2023-05-12,6160
3025,星通,47,8,39,中國信託,2023-05-12,6160
2891,中信金,58,20,38,中國信託,2023-05-12,6160
1210,大成,50,12,38,中國信託,2023-05-12,6160
9933,中鼎,37,0,37,中國信託,2023-05-12,6160
2610,華航,76,40,36,中國信託,2023-05-12,6160
2409,友達,37,4,33,中國信託,2023-05-12,6160
4744,皇將,43,11,32,中國信託,2023-05-12,6160
2882,國泰金,38,6,32,中國信託,2023-05-12,6160
3294,英濟,32,0,32,中國信託,2023-05-12,6160
2464,盟立,32,0,32,中國信託,2023-05-12,6160
6605,帝寶,30,0,30,中國信託,2023-05-12,6160
00894,中信小資高價30,54,25,29,中國信託,2023-05-12,6160
4746,台耀,40,12,28,中國信託,2023-05-12,6160
8097,常珵,33,6,27,中國信託,2023-05-12,6160
6139,亞翔,89,65,24,中國信託,2023-05-12,6160
2547,日勝生,24,0,24,中國信託,2023-05-12,6160
2356,英業達,478,13,465,中國信託,2023-05-15,6160
00885,富邦越南,503,99,404,中國信託,2023-05-15,6160
00795B,中信美國公債20年,682,282,400,中國信託,2023-05-15,6160
5347,世界,320,1,319,中國信託,2023-05-15,6160
2633,台灣高鐵,320,21,299,中國信託,2023-05-15,6160
2412,中華電,266,0,266,中國信託,2023-05-15,6160
2888,新光金,258,10,248,中國信託,2023-05-15,6160
1605,華新,242,12,230,中國信託,2023-05-15,6160
2317,鴻海,199,12,187,中國信託,2023-05-15,6160
2303,聯電,203,33,170,中國信託,2023-05-15,6160
00751B,元大AAA至A公司債,137,2,135,中國信託,2023-05-15,6160
2371,大同,260,132,128,中國信託,2023-05-15,6160
00773B,中信優先金融債,129,2,127,中國信託,2023-05-15,6160
00772B,中信高評級公司債,160,49,111,中國信託,2023-05-15,6160
00894,中信小資高價30,123,17,106,中國信託,2023-05-15,6160
1301,台塑,103,2,101,中國信託,2023-05-15,6160
3624,光頡,100,0,100,中國信託,2023-05-15,6160
4958,臻鼎-KY,96,0,96,中國信託,2023-05-15,6160
1308,亞聚,93,0,93,中國信託,2023-05-15,6160
3363,上詮,191,103,88,中國信託,2023-05-15,6160
00906,大華元宇宙科技50,84,0,84,中國信託,2023-05-15,6160
2883,凱基金,113,29,84,中國信託,2023-05-15,6160
00680L,元大美債20正2,202,121,81,中國信託,2023-05-15,6160
00900,富邦特選高股息30,75,3,72,中國信託,2023-05-15,6160
2376,技嘉,78,6,72,中國信託,2023-05-15,6160
1303,南亞,71,3,68,中國信託,2023-05-15,6160
0056,元大高股息,234,168,66,中國信託,2023-05-15,6160
3481,群創,95,30,65,中國信託,2023-05-15,6160
00688L,國泰20年美債正2,59,0,59,中國信託,2023-05-15,6160
1101,台泥,70,13,57,中國信託,2023-05-15,6160
2383,台光電,51,0,51,中國信託,2023-05-15,6160
2464,盟立,48,0,48,中國信託,2023-05-15,6160
00720B,元大投資級公司債,53,6,47,中國信託,2023-05-15,6160
2610,華航,54,9,45,中國信託,2023-05-15,6160
6122,擎邦,104,63,41,中國信託,2023-05-15,6160
2890,永豐金,63,24,39,中國信託,2023-05-15,6160
00882,中信中國高股息,42,3,39,中國信託,2023-05-15,6160
3006,晶豪科,38,1,37,中國信託,2023-05-15,6160
9933,中鼎,35,0,35,中國信託,2023-05-15,6160
9945,潤泰新,62,28,34,中國信託,2023-05-15,6160
9110,越南控-DR,33,0,33,中國信託,2023-05-15,6160
3294,英濟,32,0,32,中國信託,2023-05-15,6160
00683L,期元大美元指正2,36,5,31,中國信託,2023-05-15,6160
00706L,期元大S＆P日圓正2,32,1,31,中國信託,2023-05-15,6160
5871,中租-KY,46,15,31,中國信託,2023-05-15,6160
5483,中美晶,30,0,30,中國信託,2023-05-15,6160
6605,帝寶,30,0,30,中國信託,2023-05-15,6160
00888,永豐台灣ESG,62,32,30,中國信託,2023-05-15,6160
6101,寬魚國際,29,0,29,中國信託,2023-05-15,6160
2885,元大金,29,1,28,中國信託,2023-05-15,6160
2888,新光金,1939,140,1799,中國信託,2023-05-16,6160
00715L,期街口布蘭特正2,1586,236,1350,中國信託,2023-05-16,6160
00753L,中信中國50正2,751,6,745,中國信託,2023-05-16,6160
2002,中鋼,544,2,542,中國信託,2023-05-16,6160
00900,富邦特選高股息30,529,3,526,中國信託,2023-05-16,6160
5347,世界,468,9,459,中國信託,2023-05-16,6160
2412,中華電,369,0,369,中國信託,2023-05-16,6160
00917,中信特選金融,306,1,305,中國信託,2023-05-16,6160
2883,凱基金,351,131,220,中國信託,2023-05-16,6160
2356,英業達,250,36,214,中國信託,2023-05-16,6160
00687B,國泰20年美債,202,0,202,中國信託,2023-05-16,6160
1752,南光,202,1,201,中國信託,2023-05-16,6160
2891,中信金,448,256,192,中國信託,2023-05-16,6160
00679B,元大美債20年,237,61,176,中國信託,2023-05-16,6160
00894,中信小資高價30,153,24,129,中國信託,2023-05-16,6160
1301,台塑,116,0,116,中國信託,2023-05-16,6160
3546,宇峻,108,0,108,中國信託,2023-05-16,6160
2371,大同,112,11,101,中國信託,2023-05-16,6160
00921,兆豐龍頭等權重,91,3,88,中國信託,2023-05-16,6160
9910,豐泰,86,4,82,中國信託,2023-05-16,6160
2330,台積電,134,56,78,中國信託,2023-05-16,6160
2206,三陽工業,123,50,73,中國信託,2023-05-16,6160
3701,大眾控,82,9,73,中國信託,2023-05-16,6160
3003,健和興,62,1,61,中國信託,2023-05-16,6160
2383,台光電,59,0,59,中國信託,2023-05-16,6160
0056,元大高股息,204,147,57,中國信託,2023-05-16,6160
8046,南電,82,26,56,中國信託,2023-05-16,6160
2460,建通,50,0,50,中國信託,2023-05-16,6160
00673R,期元大S＆P原油反1,51,9,42,中國信託,2023-05-16,6160
1308,亞聚,46,4,42,中國信託,2023-05-16,6160
00688L,國泰20年美債正2,41,0,41,中國信託,2023-05-16,6160
2610,華航,62,21,41,中國信託,2023-05-16,6160
9933,中鼎,40,0,40,中國信託,2023-05-16,6160
1529,樂事綠能,93,53,40,中國信託,2023-05-16,6160
2201,裕隆,73,33,40,中國信託,2023-05-16,6160
2303,聯電,46,7,39,中國信託,2023-05-16,6160
1605,華新,55,16,39,中國信託,2023-05-16,6160
1513,中興電,60,22,38,中國信託,2023-05-16,6160
00719B,元大美債1-3,42,4,38,中國信託,2023-05-16,6160
2464,盟立,35,0,35,中國信託,2023-05-16,6160
3231,緯創,178,143,35,中國信託,2023-05-16,6160
2308,台達電,34,0,34,中國信託,2023-05-16,6160
00906,大華元宇宙科技50,34,0,34,中國信託,2023-05-16,6160
00725B,國泰投資級公司債,34,0,34,中國信託,2023-05-16,6160
00910,第一金太空衛星,33,0,33,中國信託,2023-05-16,6160
3680,家登,33,3,30,中國信託,2023-05-16,6160
9914,美利達,30,0,30,中國信託,2023-05-16,6160
2603,長榮,34,4,30,中國信託,2023-05-16,6160
00712,復華富時不動產,29,0,29,中國信託,2023-05-16,6160
2457,飛宏,99,71,28,中國信託,2023-05-16,6160
0056,元大高股息,1437,230,1207,中國信託,2023-05-17,6160
1216,統一,1090,96,994,中國信託,2023-05-17,6160
2888,新光金,948,50,898,中國信託,2023-05-17,6160
2891,中信金,970,295,675,中國信託,2023-05-17,6160
006205,富邦上証,500,0,500,中國信託,2023-05-17,6160
00639,富邦深100,500,0,500,中國信託,2023-05-17,6160
1210,大成,385,1,384,中國信託,2023-05-17,6160
1503,士電,401,21,380,中國信託,2023-05-17,6160
00632R,元大台灣50反1,577,215,362,中國信託,2023-05-17,6160
00830,國泰費城半導體,350,3,347,中國信託,2023-05-17,6160
00921,兆豐龍頭等權重,341,12,329,中國信託,2023-05-17,6160
5347,世界,295,5,290,中國信託,2023-05-17,6160
2317,鴻海,274,6,268,中國信託,2023-05-17,6160
00907,永豐優息存股,275,13,262,中國信託,2023-05-17,6160
3481,群創,281,33,248,中國信託,2023-05-17,6160
2002,中鋼,254,9,245,中國信託,2023-05-17,6160
2603,長榮,221,4,217,中國信託,2023-05-17,6160
00636,國泰中國A50,205,0,205,中國信託,2023-05-17,6160
1752,南光,202,1,201,中國信託,2023-05-17,6160
2049,上銀,200,1,199,中國信託,2023-05-17,6160
00679B,元大美債20年,268,92,176,中國信託,2023-05-17,6160
6160,欣技,226,53,173,中國信託,2023-05-17,6160
5483,中美晶,170,0,170,中國信託,2023-05-17,6160
2883B,凱基金乙特,130,0,130,中國信託,2023-05-17,6160
2882,國泰金,158,31,127,中國信託,2023-05-17,6160
00795B,中信美國公債20年,688,566,122,中國信託,2023-05-17,6160
2886,兆豐金,137,18,119,中國信託,2023-05-17,6160
00673R,期元大S＆P原油反1,118,0,118,中國信託,2023-05-17,6160
00900,富邦特選高股息30,129,14,115,中國信託,2023-05-17,6160
4968,立積,115,9,106,中國信託,2023-05-17,6160
5340,建榮,107,2,105,中國信託,2023-05-17,6160
5009,榮剛,134,29,105,中國信託,2023-05-17,6160
00894,中信小資高價30,135,32,103,中國信託,2023-05-17,6160
2454,聯發科,108,6,102,中國信託,2023-05-17,6160
3680,家登,114,16,98,中國信託,2023-05-17,6160
8046,南電,104,10,94,中國信託,2023-05-17,6160
2371,大同,197,104,93,中國信託,2023-05-17,6160
1795,美時,141,53,88,中國信託,2023-05-17,6160
2324,仁寶,174,89,85,中國信託,2023-05-17,6160
2458,義隆,84,0,84,中國信託,2023-05-17,6160
00751B,元大AAA至A公司債,71,0,71,中國信託,2023-05-17,6160
00637L,元大滬深300正2,93,24,69,中國信託,2023-05-17,6160
3231,緯創,171,104,67,中國信託,2023-05-17,6160
3675,德微,71,7,64,中國信託,2023-05-17,6160
2880,華南金,68,7,61,中國信託,2023-05-17,6160
2206,三陽工業,99,39,60,中國信託,2023-05-17,6160
00773B,中信優先金融債,64,5,59,中國信託,2023-05-17,6160
2376,技嘉,82,25,57,中國信託,2023-05-17,6160
4746,台耀,91,37,54,中國信託,2023-05-17,6160
6185,幃翔,56,3,53,中國信託,2023-05-17,6160
00715L,期街口布蘭特正2,4408,139,4269,中國信託,2023-05-18,6160
00901,永豐智能車供應鏈,1216,7,1209,中國信託,2023-05-18,6160
2888,新光金,1277,91,1186,中國信託,2023-05-18,6160
00900,富邦特選高股息30,947,24,923,中國信託,2023-05-18,6160
0056,元大高股息,1128,314,814,中國信託,2023-05-18,6160
1101,台泥,791,13,778,中國信託,2023-05-18,6160
2891,中信金,896,202,694,中國信託,2023-05-18,6160
006208,富邦台50,772,105,667,中國信託,2023-05-18,6160
1504,東元,938,387,551,中國信託,2023-05-18,6160
00921,兆豐龍頭等權重,545,14,531,中國信託,2023-05-18,6160
4938,和碩,410,4,406,中國信託,2023-05-18,6160
00923,群益台ESG低碳50,478,73,405,中國信託,2023-05-18,6160
8426,紅木-KY,404,20,384,中國信託,2023-05-18,6160
00907,永豐優息存股,301,16,285,中國信託,2023-05-18,6160
00912,中信臺灣智慧50,275,30,245,中國信託,2023-05-18,6160
00632R,元大台灣50反1,504,260,244,中國信託,2023-05-18,6160
1102,亞泥,249,27,222,中國信託,2023-05-18,6160
1303,南亞,223,1,222,中國信託,2023-05-18,6160
0050,元大台灣50,1162,941,221,中國信託,2023-05-18,6160
1301,台塑,226,8,218,中國信託,2023-05-18,6160
2887,台新金,231,15,216,中國信託,2023-05-18,6160
00881,國泰台灣5G+,238,62,176,中國信託,2023-05-18,6160
1503,士電,290,143,147,中國信託,2023-05-18,6160
3014,聯陽,140,1,139,中國信託,2023-05-18,6160
5425,台半,145,6,139,中國信託,2023-05-18,6160
00896,中信綠能及電動車,323,185,138,中國信託,2023-05-18,6160
00885,富邦越南,165,38,127,中國信託,2023-05-18,6160
9942,茂順,125,2,123,中國信託,2023-05-18,6160
4164,承業醫,118,0,118,中國信託,2023-05-18,6160
2204,中華,175,57,118,中國信託,2023-05-18,6160
5880,合庫金,120,8,112,中國信託,2023-05-18,6160
2371,大同,140,30,110,中國信託,2023-05-18,6160
2412,中華電,118,12,106,中國信託,2023-05-18,6160
00917,中信特選金融,110,4,106,中國信託,2023-05-18,6160
5009,榮剛,126,22,104,中國信託,2023-05-18,6160
2330,台積電,285,183,102,中國信託,2023-05-18,6160
3227,原相,102,0,102,中國信託,2023-05-18,6160
2206,三陽工業,206,104,102,中國信託,2023-05-18,6160
00752,中信中國50,160,62,98,中國信託,2023-05-18,6160
5876,上海商銀,97,0,97,中國信託,2023-05-18,6160
00753L,中信中國50正2,268,173,95,中國信託,2023-05-18,6160
2886,兆豐金,109,16,93,中國信託,2023-05-18,6160
5347,世界,95,5,90,中國信託,2023-05-18,6160
2303,聯電,142,57,85,中國信託,2023-05-18,6160
00795B,中信美國公債20年,601,519,82,中國信託,2023-05-18,6160
00924,復華S＆P500成長,85,7,78,中國信託,2023-05-18,6160
2809,京城銀,77,0,77,中國信託,2023-05-18,6160
2454,聯發科,77,2,75,中國信託,2023-05-18,6160
00910,第一金太空衛星,70,0,70,中國信託,2023-05-18,6160
3481,群創,82,14,68,中國信託,2023-05-18,6160
00881,國泰台灣5G+,2907,34,2873,中國信託,2023-05-19,6160
00878,國泰永續高股息,2855,348,2507,中國信託,2023-05-19,6160
00923,群益台ESG低碳50,2083,95,1988,中國信託,2023-05-19,6160
00896,中信綠能及電動車,923,98,825,中國信託,2023-05-19,6160
006208,富邦台50,675,30,645,中國信託,2023-05-19,6160
2887,台新金,653,20,633,中國信託,2023-05-19,6160
2891,中信金,891,472,419,中國信託,2023-05-19,6160
5347,世界,415,1,414,中國信託,2023-05-19,6160
2352,佳世達,352,22,330,中國信託,2023-05-19,6160
00891,中信關鍵半導體,305,14,291,中國信託,2023-05-19,6160
1319,東陽,271,1,270,中國信託,2023-05-19,6160
2603,長榮,266,6,260,中國信託,2023-05-19,6160
2885,元大金,262,13,249,中國信託,2023-05-19,6160
8426,紅木-KY,238,14,224,中國信託,2023-05-19,6160
00917,中信特選金融,221,0,221,中國信託,2023-05-19,6160
2031,新光鋼,207,9,198,中國信託,2023-05-19,6160
2548,華固,153,0,153,中國信託,2023-05-19,6160
00885,富邦越南,177,31,146,中國信託,2023-05-19,6160
3231,緯創,306,160,146,中國信託,2023-05-19,6160
00921,兆豐龍頭等權重,139,4,135,中國信託,2023-05-19,6160
00687B,國泰20年美債,125,0,125,中國信託,2023-05-19,6160
00901,永豐智能車供應鏈,122,0,122,中國信託,2023-05-19,6160
00632R,元大台灣50反1,429,307,122,中國信託,2023-05-19,6160
00912,中信臺灣智慧50,189,71,118,中國信託,2023-05-19,6160
00900,富邦特選高股息30,168,53,115,中國信託,2023-05-19,6160
3443,創意,119,14,105,中國信託,2023-05-19,6160
2534,宏盛,105,0,105,中國信託,2023-05-19,6160
00751B,元大AAA至A公司債,103,0,103,中國信託,2023-05-19,6160
2338,光罩,106,2,104,中國信託,2023-05-19,6160
2303,聯電,175,73,102,中國信託,2023-05-19,6160
2801,彰銀,102,5,97,中國信託,2023-05-19,6160
4931,新盛力,219,122,97,中國信託,2023-05-19,6160
00910,第一金太空衛星,222,127,95,中國信託,2023-05-19,6160
2385,群光,100,5,95,中國信託,2023-05-19,6160
2332,友訊,119,28,91,中國信託,2023-05-19,6160
2317,鴻海,115,31,84,中國信託,2023-05-19,6160
3017,奇鋐,94,14,80,中國信託,2023-05-19,6160
4147,中裕,88,9,79,中國信託,2023-05-19,6160
5388,中磊,80,1,79,中國信託,2023-05-19,6160
2809,京城銀,76,3,73,中國信託,2023-05-19,6160
1316,上曜,71,0,71,中國信託,2023-05-19,6160
2886,兆豐金,94,25,69,中國信託,2023-05-19,6160
00674R,期元大S＆P黃金反1,65,0,65,中國信託,2023-05-19,6160
2412,中華電,69,4,65,中國信託,2023-05-19,6160
3444,利機,70,6,64,中國信託,2023-05-19,6160
2880,華南金,67,6,61,中國信託,2023-05-19,6160
4743,合一,76,16,60,中國信託,2023-05-19,6160
3324,雙鴻,70,10,60,中國信託,2023-05-19,6160
1101,台泥,60,3,57,中國信託,2023-05-19,6160
1727,中華化,70,14,56,中國信託,2023-05-19,6160
5347,世界,549,1,548,中國信託,2023-05-22,6160
2618,長榮航,747,238,509,中國信託,2023-05-22,6160
00878,國泰永續高股息,643,193,450,中國信託,2023-05-22,6160
00881,國泰台灣5G+,418,11,407,中國信託,2023-05-22,6160
1785,光洋科,378,7,371,中國信託,2023-05-22,6160
5371,中光電,354,1,353,中國信託,2023-05-22,6160
00923,群益台ESG低碳50,328,19,309,中國信託,2023-05-22,6160
1513,中興電,436,150,286,中國信託,2023-05-22,6160
2892,第一金,237,2,235,中國信託,2023-05-22,6160
00896,中信綠能及電動車,288,68,220,中國信託,2023-05-22,6160
5388,中磊,204,1,203,中國信託,2023-05-22,6160
0050,元大台灣50,404,213,191,中國信託,2023-05-22,6160
6147,頎邦,182,0,182,中國信託,2023-05-22,6160
00900,富邦特選高股息30,218,36,182,中國信託,2023-05-22,6160
8121,越峰,156,1,155,中國信託,2023-05-22,6160
2383,台光電,175,22,153,中國信託,2023-05-22,6160
3711,日月光投控,158,6,152,中國信託,2023-05-22,6160
00901,永豐智能車供應鏈,170,20,150,中國信託,2023-05-22,6160
5009,榮剛,204,62,142,中國信託,2023-05-22,6160
9933,中鼎,160,20,140,中國信託,2023-05-22,6160
4105,東洋,134,0,134,中國信託,2023-05-22,6160
00891,中信關鍵半導體,121,1,120,中國信託,2023-05-22,6160
0056,元大高股息,273,155,118,中國信託,2023-05-22,6160
2885,元大金,123,12,111,中國信託,2023-05-22,6160
2303,聯電,167,57,110,中國信託,2023-05-22,6160
3037,欣興,137,29,108,中國信託,2023-05-22,6160
1503,士電,186,82,104,中國信託,2023-05-22,6160
006208,富邦台50,138,39,99,中國信託,2023-05-22,6160
00679B,元大美債20年,176,79,97,中國信託,2023-05-22,6160
00921,兆豐龍頭等權重,106,10,96,中國信託,2023-05-22,6160
2412,中華電,92,2,90,中國信託,2023-05-22,6160
2809,京城銀,78,0,78,中國信託,2023-05-22,6160
00687B,國泰20年美債,77,0,77,中國信託,2023-05-22,6160
2317,鴻海,79,9,70,中國信託,2023-05-22,6160
1783,和康生,65,0,65,中國信託,2023-05-22,6160
2454,聯發科,62,1,61,中國信託,2023-05-22,6160
00637L,元大滬深300正2,57,0,57,中國信託,2023-05-22,6160
2834,臺企銀,73,17,56,中國信託,2023-05-22,6160
5904,寶雅,56,0,56,中國信託,2023-05-22,6160
8938,明安,55,1,54,中國信託,2023-05-22,6160
3045,台灣大,54,0,54,中國信託,2023-05-22,6160
3702,大聯大,54,1,53,中國信託,2023-05-22,6160
00680L,元大美債20正2,53,2,51,中國信託,2023-05-22,6160
9939,宏全,51,2,49,中國信託,2023-05-22,6160
2356,英業達,50,1,49,中國信託,2023-05-22,6160
00795B,中信美國公債20年,680,631,49,中國信託,2023-05-22,6160
6806,森崴能源,56,8,48,中國信託,2023-05-22,6160
8255,朋程,48,0,48,中國信託,2023-05-22,6160
00650L,復華香港正2,45,0,45,中國信託,2023-05-22,6160
00751B,元大AAA至A公司債,45,0,45,中國信託,2023-05-22,6160
00715L,期街口布蘭特正2,3330,77,3253,中國信託,2023-05-23,6160
1605,華新,550,121,429,中國信託,2023-05-23,6160
6147,頎邦,309,0,309,中國信託,2023-05-23,6160
1301,台塑,305,0,305,中國信託,2023-05-23,6160
5483,中美晶,294,0,294,中國信託,2023-05-23,6160
00917,中信特選金融,386,112,274,中國信託,2023-05-23,6160
2603,長榮,231,10,221,中國信託,2023-05-23,6160
2634,漢翔,285,70,215,中國信託,2023-05-23,6160
2421,建準,228,14,214,中國信託,2023-05-23,6160
8436,大江,202,2,200,中國信託,2023-05-23,6160
6182,合晶,198,1,197,中國信託,2023-05-23,6160
4904,遠傳,183,0,183,中國信託,2023-05-23,6160
2352,佳世達,197,17,180,中國信託,2023-05-23,6160
0050,元大台灣50,212,58,154,中國信託,2023-05-23,6160
2548,華固,152,0,152,中國信託,2023-05-23,6160
1710,東聯,151,1,150,中國信託,2023-05-23,6160
00896,中信綠能及電動車,155,16,139,中國信託,2023-05-23,6160
1402,遠東新,134,0,134,中國信託,2023-05-23,6160
5876,上海商銀,131,0,131,中國信託,2023-05-23,6160
00878,國泰永續高股息,322,195,127,中國信託,2023-05-23,6160
2313,華通,138,13,125,中國信託,2023-05-23,6160
1305,華夏,125,0,125,中國信託,2023-05-23,6160
6245,立端,168,50,118,中國信託,2023-05-23,6160
3231,緯創,255,145,110,中國信託,2023-05-23,6160
3673,TPK-KY,113,4,109,中國信託,2023-05-23,6160
1308,亞聚,101,0,101,中國信託,2023-05-23,6160
5009,榮剛,286,187,99,中國信託,2023-05-23,6160
1210,大成,101,2,99,中國信託,2023-05-23,6160
00687B,國泰20年美債,95,0,95,中國信託,2023-05-23,6160
2303,聯電,168,76,92,中國信託,2023-05-23,6160
2323,中環,116,27,89,中國信託,2023-05-23,6160
2731,雄獅,145,60,85,中國信託,2023-05-23,6160
3163,波若威,158,73,85,中國信託,2023-05-23,6160
00907,永豐優息存股,74,1,73,中國信託,2023-05-23,6160
2442,新美齊,106,33,73,中國信託,2023-05-23,6160
2412,中華電,73,3,70,中國信託,2023-05-23,6160
6689,伊雲谷,78,12,66,中國信託,2023-05-23,6160
6605,帝寶,66,1,65,中國信託,2023-05-23,6160
00901,永豐智能車供應鏈,70,10,60,中國信託,2023-05-23,6160
00795B,中信美國公債20年,299,244,55,中國信託,2023-05-23,6160
3675,德微,59,7,52,中國信託,2023-05-23,6160
2618,長榮航,353,303,50,中國信託,2023-05-23,6160
4958,臻鼎-KY,50,0,50,中國信託,2023-05-23,6160
3325,旭品,67,18,49,中國信託,2023-05-23,6160
00924,復華S＆P500成長,57,10,47,中國信託,2023-05-23,6160
00891,中信關鍵半導體,61,16,45,中國信託,2023-05-23,6160
3591,艾笛森,184,139,45,中國信託,2023-05-23,6160
2344,華邦電,52,8,44,中國信託,2023-05-23,6160
5258,虹堡,58,16,42,中國信託,2023-05-23,6160
5880,合庫金,71,30,41,中國信託,2023-05-23,6160
00715L,期街口布蘭特正2,5429,61,5368,中國信託,2023-05-24,6160
00928,中信上櫃ESG30,2074,156,1918,中國信託,2023-05-24,6160
2888,新光金,1189,20,1169,中國信託,2023-05-24,6160
00639,富邦深100,1000,0,1000,中國信託,2023-05-24,6160
00881,國泰台灣5G+,665,15,650,中國信託,2023-05-24,6160
00891,中信關鍵半導體,425,26,399,中國信託,2023-05-24,6160
006208,富邦台50,326,8,318,中國信託,2023-05-24,6160
00901,永豐智能車供應鏈,265,0,265,中國信託,2023-05-24,6160
00896,中信綠能及電動車,346,83,263,中國信託,2023-05-24,6160
2002,中鋼,264,12,252,中國信託,2023-05-24,6160
1101,台泥,289,40,249,中國信託,2023-05-24,6160
5347,世界,217,0,217,中國信託,2023-05-24,6160
00687B,國泰20年美債,202,5,197,中國信託,2023-05-24,6160
3045,台灣大,201,8,193,中國信託,2023-05-24,6160
3481,群創,224,35,189,中國信託,2023-05-24,6160
5512,力麒,203,17,186,中國信託,2023-05-24,6160
3548,兆利,187,4,183,中國信託,2023-05-24,6160
2618,長榮航,349,167,182,中國信託,2023-05-24,6160
2412,中華電,182,1,181,中國信託,2023-05-24,6160
2201,裕隆,170,20,150,中國信託,2023-05-24,6160
2891,中信金,166,19,147,中國信託,2023-05-24,6160
00878,國泰永續高股息,369,226,143,中國信託,2023-05-24,6160
1316,上曜,132,1,131,中國信託,2023-05-24,6160
2548,華固,123,2,121,中國信託,2023-05-24,6160
2332,友訊,150,30,120,中國信託,2023-05-24,6160
8097,常珵,115,1,114,中國信託,2023-05-24,6160
00795B,中信美國公債20年,1002,891,111,中國信託,2023-05-24,6160
00921,兆豐龍頭等權重,104,5,99,中國信託,2023-05-24,6160
00632R,元大台灣50反1,461,365,96,中國信託,2023-05-24,6160
3419,譁裕,104,13,91,中國信託,2023-05-24,6160
00665L,富邦�琤肭磪囓�2,109,20,89,中國信託,2023-05-24,6160
00751B,元大AAA至A公司債,85,0,85,中國信託,2023-05-24,6160
2883,凱基金,112,28,84,中國信託,2023-05-24,6160
2376,技嘉,108,26,82,中國信託,2023-05-24,6160
2890,永豐金,80,1,79,中國信託,2023-05-24,6160
00637L,元大滬深300正2,92,20,72,中國信託,2023-05-24,6160
2886,兆豐金,73,1,72,中國信託,2023-05-24,6160
2344,華邦電,99,33,66,中國信託,2023-05-24,6160
00680L,元大美債20正2,64,0,64,中國信託,2023-05-24,6160
00679B,元大美債20年,236,174,62,中國信託,2023-05-24,6160
2323,中環,70,12,58,中國信託,2023-05-24,6160
8091,翔名,58,1,57,中國信託,2023-05-24,6160
00633L,富邦上証正2,57,0,57,中國信託,2023-05-24,6160
3596,智易,58,2,56,中國信託,2023-05-24,6160
2354,鴻準,50,0,50,中國信託,2023-05-24,6160
2887,台新金,86,38,48,中國信託,2023-05-24,6160
2885,元大金,48,1,47,中國信託,2023-05-24,6160
3363,上詮,54,8,46,中國信託,2023-05-24,6160
2303,聯電,49,4,45,中國信託,2023-05-24,6160
2385,群光,66,21,45,中國信託,2023-05-24,6160
00715L,期街口布蘭特正2,1935,153,1782,中國信託,2023-05-25,6160
2634,漢翔,1536,46,1490,中國信託,2023-05-25,6160
2031,新光鋼,1000,75,925,中國信託,2023-05-25,6160
1605,華新,558,46,512,中國信託,2023-05-25,6160
5009,榮剛,510,14,496,中國信託,2023-05-25,6160
3711,日月光投控,454,13,441,中國信託,2023-05-25,6160
00917,中信特選金融,387,0,387,中國信託,2023-05-25,6160
1319,東陽,309,2,307,中國信託,2023-05-25,6160
6239,力成,267,1,266,中國信託,2023-05-25,6160
2618,長榮航,460,203,257,中國信託,2023-05-25,6160
2353,宏��,252,9,243,中國信託,2023-05-25,6160
1102,亞泥,240,3,237,中國信託,2023-05-25,6160
3702,大聯大,181,1,180,中國信託,2023-05-25,6160
00712,復華富時不動產,194,18,176,中國信託,2023-05-25,6160
2356,英業達,344,172,172,中國信託,2023-05-25,6160
00632R,元大台灣50反1,355,186,169,中國信託,2023-05-25,6160
00928,中信上櫃ESG30,342,175,167,中國信託,2023-05-25,6160
2888,新光金,177,13,164,中國信託,2023-05-25,6160
2376,技嘉,198,36,162,中國信託,2023-05-25,6160
00752,中信中國50,483,321,162,中國信託,2023-05-25,6160
00902,中信電池及儲能,161,7,154,中國信託,2023-05-25,6160
2454,聯發科,159,11,148,中國信託,2023-05-25,6160
5347,世界,141,0,141,中國信託,2023-05-25,6160
3045,台灣大,137,0,137,中國信託,2023-05-25,6160
1402,遠東新,120,0,120,中國信託,2023-05-25,6160
2204,中華,167,50,117,中國信託,2023-05-25,6160
00687B,國泰20年美債,116,0,116,中國信託,2023-05-25,6160
2884,玉山金,108,4,104,中國信託,2023-05-25,6160
1301,台塑,100,0,100,中國信託,2023-05-25,6160
2891,中信金,168,73,95,中國信託,2023-05-25,6160
00921,兆豐龍頭等權重,94,7,87,中國信託,2023-05-25,6160
6669,緯穎,82,0,82,中國信託,2023-05-25,6160
8097,常珵,81,1,80,中國信託,2023-05-25,6160
1101,台泥,85,7,78,中國信託,2023-05-25,6160
3596,智易,103,28,75,中國信託,2023-05-25,6160
1785,光洋科,74,3,71,中國信託,2023-05-25,6160
2883,凱基金,118,49,69,中國信託,2023-05-25,6160
2332,友訊,85,21,64,中國信託,2023-05-25,6160
2412,中華電,69,6,63,中國信託,2023-05-25,6160
1519,華城,176,113,63,中國信託,2023-05-25,6160
6235,華孚,76,15,61,中國信託,2023-05-25,6160
2881,富邦金,64,4,60,中國信託,2023-05-25,6160
00637L,元大滬深300正2,73,14,59,中國信託,2023-05-25,6160
2303,聯電,76,19,57,中國信託,2023-05-25,6160
6605,帝寶,60,6,54,中國信託,2023-05-25,6160
3034,聯詠,63,9,54,中國信託,2023-05-25,6160
2630,亞航,206,152,54,中國信託,2023-05-25,6160
6147,頎邦,62,9,53,中國信託,2023-05-25,6160
1560,中砂,63,10,53,中國信託,2023-05-25,6160
00904,新光臺灣半導體30,50,1,49,中國信託,2023-05-25,6160
00632R,元大台灣50反1,4301,645,3656,中國信託,2023-05-26,6160
2891,中信金,1047,99,948,中國信託,2023-05-26,6160
00928,中信上櫃ESG30,611,44,567,中國信託,2023-05-26,6160
00830,國泰費城半導體,940,445,495,中國信託,2023-05-26,6160
2347,聯強,465,2,463,中國信託,2023-05-26,6160
00888,永豐台灣ESG,574,162,412,中國信託,2023-05-26,6160
2383,台光電,497,89,408,中國信託,2023-05-26,6160
2880,華南金,407,6,401,中國信託,2023-05-26,6160
00712,復華富時不動產,382,1,381,中國信託,2023-05-26,6160
3231,緯創,882,547,335,中國信託,2023-05-26,6160
006208,富邦台50,349,39,310,中國信託,2023-05-26,6160
3702,大聯大,270,0,270,中國信託,2023-05-26,6160
6176,瑞儀,226,2,224,中國信託,2023-05-26,6160
4533,協易機,223,1,222,中國信託,2023-05-26,6160
00924,復華S＆P500成長,235,33,202,中國信託,2023-05-26,6160
2204,中華,221,20,201,中國信託,2023-05-26,6160
2606,裕民,225,26,199,中國信託,2023-05-26,6160
6239,力成,203,6,197,中國信託,2023-05-26,6160
3596,智易,174,5,169,中國信託,2023-05-26,6160
5347,世界,173,13,160,中國信託,2023-05-26,6160
2609,陽明,166,8,158,中國信託,2023-05-26,6160
00896,中信綠能及電動車,164,9,155,中國信託,2023-05-26,6160
1605,華新,299,155,144,中國信託,2023-05-26,6160
2883,凱基金,156,32,124,中國信託,2023-05-26,6160
2886,兆豐金,131,11,120,中國信託,2023-05-26,6160
00901,永豐智能車供應鏈,141,26,115,中國信託,2023-05-26,6160
1301,台塑,111,1,110,中國信託,2023-05-26,6160
2323,中環,228,121,107,中國信託,2023-05-26,6160
3044,健鼎,107,2,105,中國信託,2023-05-26,6160
3707,漢磊,106,1,105,中國信託,2023-05-26,6160
00728,第一金工業30,103,1,102,中國信託,2023-05-26,6160
2352,佳世達,134,33,101,中國信託,2023-05-26,6160
6605,帝寶,101,0,101,中國信託,2023-05-26,6160
2449,京元電子,200,100,100,中國信託,2023-05-26,6160
3045,台灣大,100,1,99,中國信託,2023-05-26,6160
3264,欣銓,125,27,98,中國信託,2023-05-26,6160
2301,光寶科,204,117,87,中國信託,2023-05-26,6160
00752,中信中國50,352,267,85,中國信託,2023-05-26,6160
2104,國際中橡,81,0,81,中國信託,2023-05-26,6160
1210,大成,80,2,78,中國信託,2023-05-26,6160
2412,中華電,76,1,75,中國信託,2023-05-26,6160
2002,中鋼,77,7,70,中國信託,2023-05-26,6160
2385,群光,80,11,69,中國信託,2023-05-26,6160
2454,聯發科,77,8,69,中國信託,2023-05-26,6160
3050,鈺德,65,0,65,中國信託,2023-05-26,6160
00687B,國泰20年美債,78,15,63,中國信託,2023-05-26,6160
2356,英業達,173,112,61,中國信託,2023-05-26,6160
2103,台橡,60,0,60,中國信託,2023-05-26,6160
6285,啟��,59,4,55,中國信託,2023-05-26,6160
2603,長榮,86,31,55,中國信託,2023-05-26,6160
00881,國泰台灣5G+,2730,148,2582,中國信託,2023-05-29,6160
00715L,期街口布蘭特正2,2066,87,1979,中國信託,2023-05-29,6160
006208,富邦台50,1300,13,1287,中國信託,2023-05-29,6160
2888,新光金,1072,49,1023,中國信託,2023-05-29,6160
00878,國泰永續高股息,1310,370,940,中國信託,2023-05-29,6160
00888,永豐台灣ESG,988,79,909,中國信託,2023-05-29,6160
00900,富邦特選高股息30,984,90,894,中國信託,2023-05-29,6160
2002,中鋼,582,1,581,中國信託,2023-05-29,6160
00795B,中信美國公債20年,1382,988,394,中國信託,2023-05-29,6160
5347,世界,392,20,372,中國信託,2023-05-29,6160
2332,友訊,251,16,235,中國信託,2023-05-29,6160
3481,群創,343,136,207,中國信託,2023-05-29,6160
6285,啟��,211,8,203,中國信託,2023-05-29,6160
5243,乙盛-KY,213,15,198,中國信託,2023-05-29,6160
2882,國泰金,230,42,188,中國信託,2023-05-29,6160
2603,長榮,241,57,184,中國信託,2023-05-29,6160
5483,中美晶,181,14,167,中國信託,2023-05-29,6160
3034,聯詠,179,14,165,中國信託,2023-05-29,6160
1608,華榮,225,62,163,中國信託,2023-05-29,6160
3711,日月光投控,244,112,132,中國信託,2023-05-29,6160
2455,全新,166,44,122,中國信託,2023-05-29,6160
4979,華星光,220,105,115,中國信託,2023-05-29,6160
2449,京元電子,220,106,114,中國信託,2023-05-29,6160
00632R,元大台灣50反1,249,141,108,中國信託,2023-05-29,6160
1504,東元,126,21,105,中國信託,2023-05-29,6160
2609,陽明,115,11,104,中國信託,2023-05-29,6160
00690,兆豐藍籌30,107,4,103,中國信託,2023-05-29,6160
5284,jpp-KY,114,13,101,中國信託,2023-05-29,6160
2885,元大金,103,7,96,中國信託,2023-05-29,6160
00673R,期元大S＆P原油反1,95,0,95,中國信託,2023-05-29,6160
4164,承業醫,102,8,94,中國信託,2023-05-29,6160
00928,中信上櫃ESG30,231,141,90,中國信託,2023-05-29,6160
00921,兆豐龍頭等權重,93,5,88,中國信託,2023-05-29,6160
3515,華擎,91,6,85,中國信託,2023-05-29,6160
00637L,元大滬深300正2,99,14,85,中國信託,2023-05-29,6160
2412,中華電,83,0,83,中國信託,2023-05-29,6160
3444,利機,83,0,83,中國信託,2023-05-29,6160
00650L,復華香港正2,82,0,82,中國信託,2023-05-29,6160
3141,晶宏,81,1,80,中國信託,2023-05-29,6160
2104,國際中橡,79,0,79,中國信託,2023-05-29,6160
00912,中信臺灣智慧50,71,3,68,中國信託,2023-05-29,6160
5388,中磊,67,4,63,中國信託,2023-05-29,6160
6125,廣運,95,35,60,中國信託,2023-05-29,6160
00885,富邦越南,126,67,59,中國信託,2023-05-29,6160
3526,凡甲,63,5,58,中國信託,2023-05-29,6160
00772B,中信高評級公司債,115,58,57,中國信託,2023-05-29,6160
8028,昇陽半導體,69,18,51,中國信託,2023-05-29,6160
2431,聯昌,52,1,51,中國信託,2023-05-29,6160
00751B,元大AAA至A公司債,66,17,49,中國信託,2023-05-29,6160
2324,仁寶,80,34,46,中國信託,2023-05-29,6160
2412,中華電,975,1,974,中國信託,2023-05-30,6160
1605,華新,465,15,450,中國信託,2023-05-30,6160
1216,統一,415,0,415,中國信託,2023-05-30,6160
00888,永豐台灣ESG,426,32,394,中國信託,2023-05-30,6160
00882,中信中國高股息,377,34,343,中國信託,2023-05-30,6160
006208,富邦台50,359,24,335,中國信託,2023-05-30,6160
00662,富邦NASDAQ,336,1,335,中國信託,2023-05-30,6160
00632R,元大台灣50反1,289,20,269,中國信託,2023-05-30,6160
3045,台灣大,268,2,266,中國信託,2023-05-30,6160
3702,大聯大,254,0,254,中國信託,2023-05-30,6160
2609,陽明,257,6,251,中國信託,2023-05-30,6160
3406,玉晶光,262,20,242,中國信託,2023-05-30,6160
00928,中信上櫃ESG30,261,27,234,中國信託,2023-05-30,6160
2347,聯強,221,0,221,中國信託,2023-05-30,6160
00918,大華優利高填息30,273,64,209,中國信託,2023-05-30,6160
3711,日月光投控,221,37,184,中國信託,2023-05-30,6160
00690,兆豐藍籌30,157,0,157,中國信託,2023-05-30,6160
00891,中信關鍵半導體,217,73,144,中國信託,2023-05-30,6160
6176,瑞儀,204,76,128,中國信託,2023-05-30,6160
6239,力成,201,79,122,中國信託,2023-05-30,6160
2421,建準,212,91,121,中國信託,2023-05-30,6160
2883,凱基金,142,30,112,中國信託,2023-05-30,6160
2883B,凱基金乙特,112,0,112,中國信託,2023-05-30,6160
3596,智易,101,1,100,中國信託,2023-05-30,6160
2385,群光,100,3,97,中國信託,2023-05-30,6160
6188,廣明,145,48,97,中國信託,2023-05-30,6160
5876,上海商銀,91,0,91,中國信託,2023-05-30,6160
2888,新光金,94,4,90,中國信託,2023-05-30,6160
2104,國際中橡,79,0,79,中國信託,2023-05-30,6160
5498,凱崴,92,15,77,中國信託,2023-05-30,6160
2376,技嘉,114,39,75,中國信託,2023-05-30,6160
00680L,元大美債20正2,78,3,75,中國信託,2023-05-30,6160
9933,中鼎,70,0,70,中國信託,2023-05-30,6160
00712,復華富時不動產,71,15,56,中國信託,2023-05-30,6160
00885,富邦越南,58,4,54,中國信託,2023-05-30,6160
4979,華星光,135,86,49,中國信託,2023-05-30,6160
6147,頎邦,50,2,48,中國信託,2023-05-30,6160
2548,華固,46,0,46,中國信託,2023-05-30,6160
00878,國泰永續高股息,342,299,43,中國信託,2023-05-30,6160
4564,元翎,48,6,42,中國信託,2023-05-30,6160
5388,中磊,102,61,41,中國信託,2023-05-30,6160
2002,中鋼,41,5,36,中國信託,2023-05-30,6160
5347,世界,39,3,36,中國信託,2023-05-30,6160
2329,華泰,52,18,34,中國信託,2023-05-30,6160
00665L,富邦�琤肭磪囓�2,85,51,34,中國信託,2023-05-30,6160
3704,合勤控,57,23,34,中國信託,2023-05-30,6160
3526,凡甲,34,0,34,中國信託,2023-05-30,6160
1783,和康生,33,0,33,中國信託,2023-05-30,6160
2603,長榮,54,22,32,中國信託,2023-05-30,6160
3260,威剛,39,7,32,中國信託,2023-05-30,6160
00881,國泰台灣5G+,1623,35,1588,中國信託,2023-05-31,6160
00900,富邦特選高股息30,1306,32,1274,中國信託,2023-05-31,6160
2002,中鋼,980,1,979,中國信託,2023-05-31,6160
00891,中信關鍵半導體,503,60,443,中國信託,2023-05-31,6160
2888,新光金,618,190,428,中國信託,2023-05-31,6160
006208,富邦台50,526,168,358,中國信託,2023-05-31,6160
00896,中信綠能及電動車,380,171,209,中國信託,2023-05-31,6160
6285,啟��,205,2,203,中國信託,2023-05-31,6160
2352,佳世達,197,26,171,中國信託,2023-05-31,6160
4129,聯合,178,20,158,中國信託,2023-05-31,6160
2317,鴻海,292,134,158,中國信託,2023-05-31,6160
2331,精英,159,9,150,中國信託,2023-05-31,6160
3518,柏騰,150,4,146,中國信託,2023-05-31,6160
2344,華邦電,163,18,145,中國信託,2023-05-31,6160
8028,昇陽半導體,135,0,135,中國信託,2023-05-31,6160
00888,永豐台灣ESG,179,66,113,中國信託,2023-05-31,6160
2330,台積電,154,45,109,中國信託,2023-05-31,6160
1210,大成,104,1,103,中國信託,2023-05-31,6160
8299,群聯,108,5,103,中國信託,2023-05-31,6160
00906,大華元宇宙科技50,102,0,102,中國信託,2023-05-31,6160
4979,華星光,159,63,96,中國信託,2023-05-31,6160
2883,凱基金,182,86,96,中國信託,2023-05-31,6160
5328,華容,101,8,93,中國信託,2023-05-31,6160
2412,中華電,96,8,88,中國信託,2023-05-31,6160
00901,永豐智能車供應鏈,95,8,87,中國信託,2023-05-31,6160
2371,大同,224,137,87,中國信託,2023-05-31,6160
2886,兆豐金,89,3,86,中國信託,2023-05-31,6160
3260,威剛,184,106,78,中國信託,2023-05-31,6160
1504,東元,94,19,75,中國信託,2023-05-31,6160
2884,玉山金,79,7,72,中國信託,2023-05-31,6160
2880,華南金,72,0,72,中國信託,2023-05-31,6160
00642U,期元大S＆P石油,69,0,69,中國信託,2023-05-31,6160
3444,利機,229,161,68,中國信託,2023-05-31,6160
1101,台泥,68,0,68,中國信託,2023-05-31,6160
2530,華建,74,7,67,中國信託,2023-05-31,6160
00882,中信中國高股息,250,185,65,中國信託,2023-05-31,6160
00892,富邦台灣半導體,80,15,65,中國信託,2023-05-31,6160
2455,全新,84,20,64,中國信託,2023-05-31,6160
2881,富邦金,62,3,59,中國信託,2023-05-31,6160
2882,國泰金,58,0,58,中國信託,2023-05-31,6160
3526,凡甲,56,0,56,中國信託,2023-05-31,6160
2748,雲品,95,47,48,中國信託,2023-05-31,6160
2421,建準,72,24,48,中國信託,2023-05-31,6160
4163,鐿鈦,47,2,45,中國信託,2023-05-31,6160
2887,台新金,43,0,43,中國信託,2023-05-31,6160
5880,合庫金,47,4,43,中國信託,2023-05-31,6160
2449,京元電子,59,17,42,中國信託,2023-05-31,6160
00894,中信小資高價30,43,3,40,中國信託,2023-05-31,6160
3044,健鼎,43,4,39,中國信託,2023-05-31,6160
5388,中磊,49,11,38,中國信託,2023-05-31,6160
2890,永豐金,4267,1,4266,中國信託,2023-06-01,6160
2891,中信金,3223,49,3174,中國信託,2023-06-01,6160
00900,富邦特選高股息30,920,17,903,中國信託,2023-06-01,6160
00878,國泰永續高股息,1339,467,872,中國信託,2023-06-01,6160
2618,長榮航,1695,827,868,中國信託,2023-06-01,6160
2610,華航,977,292,685,中國信託,2023-06-01,6160
1905,華紙,712,131,581,中國信託,2023-06-01,6160
2330,台積電,644,100,544,中國信託,2023-06-01,6160
1605,華新,558,23,535,中國信託,2023-06-01,6160
2609,陽明,521,12,509,中國信託,2023-06-01,6160
006208,富邦台50,606,156,450,中國信託,2023-06-01,6160
00891,中信關鍵半導體,497,67,430,中國信託,2023-06-01,6160
2603,長榮,431,65,366,中國信託,2023-06-01,6160
00881,國泰台灣5G+,358,22,336,中國信託,2023-06-01,6160
2317,鴻海,343,59,284,中國信託,2023-06-01,6160
2888,新光金,312,36,276,中國信託,2023-06-01,6160
2347,聯強,200,0,200,中國信託,2023-06-01,6160
6239,力成,200,2,198,中國信託,2023-06-01,6160
00715L,期街口布蘭特正2,268,75,193,中國信託,2023-06-01,6160
8996,高力,208,21,187,中國信託,2023-06-01,6160
00882,中信中國高股息,305,120,185,中國信託,2023-06-01,6160
00753L,中信中國50正2,263,95,168,中國信託,2023-06-01,6160
2323,中環,310,155,155,中國信託,2023-06-01,6160
2002,中鋼,144,8,136,中國信託,2023-06-01,6160
2352,佳世達,208,83,125,中國信託,2023-06-01,6160
2376,技嘉,159,41,118,中國信託,2023-06-01,6160
00795B,中信美國公債20年,1087,970,117,中國信託,2023-06-01,6160
8028,昇陽半導體,118,2,116,中國信託,2023-06-01,6160
6185,幃翔,116,4,112,中國信託,2023-06-01,6160
4958,臻鼎-KY,105,0,105,中國信託,2023-06-01,6160
2383,台光電,104,3,101,中國信託,2023-06-01,6160
2412,中華電,100,1,99,中國信託,2023-06-01,6160
9802,鈺齊-KY,100,3,97,中國信託,2023-06-01,6160
2356,英業達,128,31,97,中國信託,2023-06-01,6160
5706,鳳凰,248,155,93,中國信託,2023-06-01,6160
6282,康舒,304,213,91,中國信託,2023-06-01,6160
3293,鈊象,101,10,91,中國信託,2023-06-01,6160
2105,正新,82,2,80,中國信託,2023-06-01,6160
2732,六角,82,2,80,中國信託,2023-06-01,6160
1591,駿吉-KY,80,0,80,中國信託,2023-06-01,6160
3227,原相,78,0,78,中國信託,2023-06-01,6160
3260,威剛,96,21,75,中國信託,2023-06-01,6160
6180,橘子,92,30,62,中國信託,2023-06-01,6160
2630,亞航,205,146,59,中國信託,2023-06-01,6160
1513,中興電,145,92,53,中國信託,2023-06-01,6160
3546,宇峻,58,5,53,中國信託,2023-06-01,6160
2892,第一金,55,2,53,中國信託,2023-06-01,6160
3013,晟銘電,124,72,52,中國信託,2023-06-01,6160
00706L,期元大S＆P日圓正2,51,0,51,中國信託,2023-06-01,6160
5340,建榮,52,1,51,中國信託,2023-06-01,6160
00900,富邦特選高股息30,3151,95,3056,中國信託,2023-06-02,6160
00715L,期街口布蘭特正2,1128,210,918,中國信託,2023-06-02,6160
00888,永豐台灣ESG,848,65,783,中國信託,2023-06-02,6160
2610,華航,839,266,573,中國信託,2023-06-02,6160
2332,友訊,589,138,451,中國信託,2023-06-02,6160
2888,新光金,452,2,450,中國信託,2023-06-02,6160
3264,欣銓,502,104,398,中國信託,2023-06-02,6160
2376,技嘉,407,53,354,中國信託,2023-06-02,6160
00881,國泰台灣5G+,418,65,353,中國信託,2023-06-02,6160
1605,華新,383,36,347,中國信託,2023-06-02,6160
00690,兆豐藍籌30,340,3,337,中國信託,2023-06-02,6160
3231,緯創,640,383,257,中國信託,2023-06-02,6160
3707,漢磊,271,14,257,中國信託,2023-06-02,6160
1504,東元,344,90,254,中國信託,2023-06-02,6160
00892,富邦台灣半導體,249,1,248,中國信託,2023-06-02,6160
2303,聯電,298,71,227,中國信託,2023-06-02,6160
2317,鴻海,311,109,202,中國信託,2023-06-02,6160
00662,富邦NASDAQ,200,0,200,中國信託,2023-06-02,6160
4958,臻鼎-KY,232,35,197,中國信託,2023-06-02,6160
2382,廣達,368,176,192,中國信託,2023-06-02,6160
2330,台積電,654,471,183,中國信託,2023-06-02,6160
6274,台燿,167,10,157,中國信託,2023-06-02,6160
2356,英業達,479,328,151,中國信託,2023-06-02,6160
00924,復華S＆P500成長,181,32,149,中國信託,2023-06-02,6160
2421,建準,211,64,147,中國信託,2023-06-02,6160
1319,東陽,152,6,146,中國信託,2023-06-02,6160
2753,八方雲集,142,0,142,中國信託,2023-06-02,6160
2002,中鋼,147,20,127,中國信託,2023-06-02,6160
2408,南亞科,121,7,114,中國信託,2023-06-02,6160
1589,永冠-KY,125,15,110,中國信託,2023-06-02,6160
6414,樺漢,107,0,107,中國信託,2023-06-02,6160
00712,復華富時不動產,145,44,101,中國信託,2023-06-02,6160
00646,元大S＆P500,100,0,100,中國信託,2023-06-02,6160
2379,瑞昱,97,1,96,中國信託,2023-06-02,6160
3037,欣興,132,38,94,中國信託,2023-06-02,6160
2412,中華電,94,3,91,中國信託,2023-06-02,6160
00882,中信中國高股息,98,16,82,中國信託,2023-06-02,6160
1503,士電,122,40,82,中國信託,2023-06-02,6160
00928,中信上櫃ESG30,130,52,78,中國信託,2023-06-02,6160
3564,其陽,85,8,77,中國信託,2023-06-02,6160
00753L,中信中國50正2,132,56,76,中國信託,2023-06-02,6160
2337,旺宏,80,8,72,中國信託,2023-06-02,6160
00891,中信關鍵半導體,83,12,71,中國信託,2023-06-02,6160
00679B,元大美債20年,70,4,66,中國信託,2023-06-02,6160
3034,聯詠,65,3,62,中國信託,2023-06-02,6160
1477,聚陽,60,7,53,中國信託,2023-06-02,6160
9939,宏全,50,0,50,中國信託,2023-06-02,6160
00671R,富邦NASDAQ反1,50,0,50,中國信託,2023-06-02,6160
2329,華泰,53,3,50,中國信託,2023-06-02,6160
1303,南亞,51,2,49,中國信託,2023-06-02,6160
00715L,期街口布蘭特正2,9102,143,8959,中國信託,2023-06-05,6160
00881,國泰台灣5G+,964,309,655,中國信託,2023-06-05,6160
00888,永豐台灣ESG,637,22,615,中國信託,2023-06-05,6160
00907,永豐優息存股,628,43,585,中國信託,2023-06-05,6160
2330,台積電,583,118,465,中國信託,2023-06-05,6160
3231,緯創,664,234,430,中國信託,2023-06-05,6160
2303,聯電,397,16,381,中國信託,2023-06-05,6160
3591,艾笛森,343,18,325,中國信託,2023-06-05,6160
8046,南電,310,21,289,中國信託,2023-06-05,6160
00885,富邦越南,290,32,258,中國信託,2023-06-05,6160
00795B,中信美國公債20年,351,103,248,中國信託,2023-06-05,6160
00917,中信特選金融,246,1,245,中國信託,2023-06-05,6160
00690,兆豐藍籌30,283,42,241,中國信託,2023-06-05,6160
00896,中信綠能及電動車,347,116,231,中國信託,2023-06-05,6160
3663,鑫科,209,0,209,中國信託,2023-06-05,6160
00712,復華富時不動產,233,65,168,中國信託,2023-06-05,6160
2753,八方雲集,176,19,157,中國信託,2023-06-05,6160
00665L,富邦�琤肭磪囓�2,161,6,155,中國信託,2023-06-05,6160
1616,億泰,154,0,154,中國信託,2023-06-05,6160
8086,宏捷科,158,8,150,中國信託,2023-06-05,6160
2454,聯發科,159,16,143,中國信託,2023-06-05,6160
2882,國泰金,209,68,141,中國信託,2023-06-05,6160
00891,中信關鍵半導體,168,30,138,中國信託,2023-06-05,6160
2301,光寶科,156,24,132,中國信託,2023-06-05,6160
00673R,期元大S＆P原油反1,171,40,131,中國信託,2023-06-05,6160
00910,第一金太空衛星,125,3,122,中國信託,2023-06-05,6160
006208,富邦台50,244,124,120,中國信託,2023-06-05,6160
00679B,元大美債20年,136,17,119,中國信託,2023-06-05,6160
00912,中信臺灣智慧50,367,248,119,中國信託,2023-06-05,6160
6274,台燿,119,4,115,中國信託,2023-06-05,6160
3707,漢磊,138,27,111,中國信託,2023-06-05,6160
6282,康舒,351,241,110,中國信託,2023-06-05,6160
1301,台塑,103,0,103,中國信託,2023-06-05,6160
2332,友訊,232,130,102,中國信託,2023-06-05,6160
00674R,期元大S＆P黃金反1,100,0,100,中國信託,2023-06-05,6160
2353,宏��,135,40,95,中國信託,2023-06-05,6160
00901,永豐智能車供應鏈,95,5,90,中國信託,2023-06-05,6160
2412,中華電,87,1,86,中國信託,2023-06-05,6160
1605,華新,150,65,85,中國信託,2023-06-05,6160
2606,裕民,82,1,81,中國信託,2023-06-05,6160
2352,佳世達,106,29,77,中國信託,2023-06-05,6160
2344,華邦電,98,24,74,中國信託,2023-06-05,6160
4123,晟德,117,51,66,中國信託,2023-06-05,6160
3217,優群,77,16,61,中國信託,2023-06-05,6160
6235,華孚,151,90,61,中國信託,2023-06-05,6160
3033,威健,63,5,58,中國信託,2023-06-05,6160
2376,技嘉,101,45,56,中國信託,2023-06-05,6160
3443,創意,61,9,52,中國信託,2023-06-05,6160
2618,長榮航,242,190,52,中國信託,2023-06-05,6160
6732,昇佳電子,50,0,50,中國信託,2023-06-05,6160
00927,群益半導體收益,1480,0,1480,中國信託,2023-06-06,6160
00888,永豐台灣ESG,856,35,821,中國信託,2023-06-06,6160
00715L,期街口布蘭特正2,909,98,811,中國信託,2023-06-06,6160
2888,新光金,957,208,749,中國信託,2023-06-06,6160
00900,富邦特選高股息30,520,44,476,中國信託,2023-06-06,6160
2347,聯強,404,6,398,中國信託,2023-06-06,6160
3702,大聯大,342,0,342,中國信託,2023-06-06,6160
3231,緯創,500,177,323,中國信託,2023-06-06,6160
00712,復華富時不動產,276,39,237,中國信託,2023-06-06,6160
6176,瑞儀,212,0,212,中國信託,2023-06-06,6160
6239,力成,200,5,195,中國信託,2023-06-06,6160
2332,友訊,201,7,194,中國信託,2023-06-06,6160
00690,兆豐藍籌30,185,0,185,中國信託,2023-06-06,6160
3663,鑫科,183,1,182,中國信託,2023-06-06,6160
2515,中工,265,83,182,中國信託,2023-06-06,6160
00701,國泰股利精選30,188,10,178,中國信託,2023-06-06,6160
1504,東元,266,92,174,中國信託,2023-06-06,6160
1605,華新,213,52,161,中國信託,2023-06-06,6160
2454,聯發科,166,10,156,中國信託,2023-06-06,6160
00679B,元大美債20年,150,6,144,中國信託,2023-06-06,6160
2330,台積電,225,95,130,中國信託,2023-06-06,6160
2353,宏��,131,5,126,中國信託,2023-06-06,6160
3406,玉晶光,179,60,119,中國信託,2023-06-06,6160
2408,南亞科,137,19,118,中國信託,2023-06-06,6160
00907,永豐優息存股,152,35,117,中國信託,2023-06-06,6160
00896,中信綠能及電動車,152,44,108,中國信託,2023-06-06,6160
2385,群光,108,0,108,中國信託,2023-06-06,6160
1609,大亞,444,337,107,中國信託,2023-06-06,6160
4927,泰鼎-KY,101,8,93,中國信託,2023-06-06,6160
8028,昇陽半導體,95,9,86,中國信託,2023-06-06,6160
2382,廣達,266,183,83,中國信託,2023-06-06,6160
3596,智易,100,19,81,中國信託,2023-06-06,6160
2356,英業達,89,9,80,中國信託,2023-06-06,6160
00665L,富邦�琤肭磪囓�2,100,23,77,中國信託,2023-06-06,6160
00928,中信上櫃ESG30,76,0,76,中國信託,2023-06-06,6160
6235,華孚,106,30,76,中國信託,2023-06-06,6160
2317,鴻海,144,69,75,中國信託,2023-06-06,6160
1528,恩德,94,20,74,中國信託,2023-06-06,6160
2402,毅嘉,154,85,69,中國信託,2023-06-06,6160
3013,晟銘電,79,12,67,中國信託,2023-06-06,6160
00795B,中信美國公債20年,1261,1195,66,中國信託,2023-06-06,6160
1512,瑞利,65,0,65,中國信託,2023-06-06,6160
2882,國泰金,112,53,59,中國信託,2023-06-06,6160
2368,金像電,82,23,59,中國信託,2023-06-06,6160
3037,欣興,123,64,59,中國信託,2023-06-06,6160
2412,中華電,75,17,58,中國信託,2023-06-06,6160
2634,漢翔,73,17,56,中國信託,2023-06-06,6160
4533,協易機,80,29,51,中國信託,2023-06-06,6160
6116,彩晶,108,58,50,中國信託,2023-06-06,6160
4147,中裕,60,10,50,中國信託,2023-06-06,6160
2888,新光金,2373,423,1950,中國信託,2023-06-07,6160
00690,兆豐藍籌30,1371,56,1315,中國信託,2023-06-07,6160
2352,佳世達,1057,76,981,中國信託,2023-06-07,6160
0056,元大高股息,867,152,715,中國信託,2023-06-07,6160
00907,永豐優息存股,445,11,434,中國信託,2023-06-07,6160
00712,復華富時不動產,373,88,285,中國信託,2023-06-07,6160
00753L,中信中國50正2,412,132,280,中國信託,2023-06-07,6160
00679B,元大美債20年,278,3,275,中國信託,2023-06-07,6160
6743,安普新,273,24,249,中國信託,2023-06-07,6160
00917,中信特選金融,364,116,248,中國信託,2023-06-07,6160
00910,第一金太空衛星,243,2,241,中國信託,2023-06-07,6160
4938,和碩,251,18,233,中國信託,2023-06-07,6160
2618,長榮航,411,199,212,中國信託,2023-06-07,6160
00876,元大全球5G,200,10,190,中國信託,2023-06-07,6160
00894,中信小資高價30,191,11,180,中國信託,2023-06-07,6160
1210,大成,177,5,172,中國信託,2023-06-07,6160
6285,啟��,176,4,172,中國信託,2023-06-07,6160
00888,永豐台灣ESG,175,37,138,中國信託,2023-06-07,6160
3025,星通,182,45,137,中國信託,2023-06-07,6160
3591,艾笛森,133,16,117,中國信託,2023-06-07,6160
2382,廣達,265,152,113,中國信託,2023-06-07,6160
00728,第一金工業30,117,5,112,中國信託,2023-06-07,6160
00901,永豐智能車供應鏈,110,2,108,中國信託,2023-06-07,6160
00665L,富邦�琤肭磪囓�2,111,6,105,中國信託,2023-06-07,6160
1589,永冠-KY,106,2,104,中國信託,2023-06-07,6160
4164,承業醫,102,0,102,中國信託,2023-06-07,6160
1305,華夏,101,0,101,中國信託,2023-06-07,6160
00881,國泰台灣5G+,174,73,101,中國信託,2023-06-07,6160
1308,亞聚,100,0,100,中國信託,2023-06-07,6160
6274,台燿,138,40,98,中國信託,2023-06-07,6160
00882,中信中國高股息,97,3,94,中國信託,2023-06-07,6160
1504,東元,200,113,87,中國信託,2023-06-07,6160
2412,中華電,95,11,84,中國信託,2023-06-07,6160
3663,鑫科,80,2,78,中國信託,2023-06-07,6160
6282,康舒,211,136,75,中國信託,2023-06-07,6160
2739,寒舍,73,3,70,中國信託,2023-06-07,6160
3533,嘉澤,73,6,67,中國信託,2023-06-07,6160
2634,漢翔,144,79,65,中國信託,2023-06-07,6160
2301,光寶科,133,68,65,中國信託,2023-06-07,6160
2881,富邦金,87,23,64,中國信託,2023-06-07,6160
4739,康普,130,72,58,中國信託,2023-06-07,6160
2421,建準,114,58,56,中國信託,2023-06-07,6160
2707,晶華,68,13,55,中國信託,2023-06-07,6160
3036,文曄,53,0,53,中國信託,2023-06-07,6160
5009,榮剛,59,6,53,中國信託,2023-06-07,6160
1605,華新,99,48,51,中國信託,2023-06-07,6160
2344,華邦電,59,9,50,中國信託,2023-06-07,6160
5876,上海商銀,50,1,49,中國信託,2023-06-07,6160
00913,兆豐台灣晶圓製造,99,50,49,中國信託,2023-06-07,6160
2337,旺宏,54,5,49,中國信託,2023-06-07,6160
00715L,期街口布蘭特正2,722,39,683,中國信託,2023-06-08,6160
2002,中鋼,645,4,641,中國信託,2023-06-08,6160
2352,佳世達,1023,410,613,中國信託,2023-06-08,6160
00882,中信中國高股息,600,10,590,中國信託,2023-06-08,6160
9904,寶成,381,3,378,中國信託,2023-06-08,6160
2888,新光金,708,376,332,中國信託,2023-06-08,6160
00690,兆豐藍籌30,260,0,260,中國信託,2023-06-08,6160
00679B,元大美債20年,262,2,260,中國信託,2023-06-08,6160
00753L,中信中國50正2,417,158,259,中國信託,2023-06-08,6160
2317,鴻海,235,13,222,中國信託,2023-06-08,6160
8028,昇陽半導體,210,4,206,中國信託,2023-06-08,6160
00900,富邦特選高股息30,271,73,198,中國信託,2023-06-08,6160
2313,華通,203,5,198,中國信託,2023-06-08,6160
2883,凱基金,204,12,192,中國信託,2023-06-08,6160
2454,聯發科,197,29,168,中國信託,2023-06-08,6160
1616,億泰,170,4,166,中國信託,2023-06-08,6160
00795B,中信美國公債20年,563,401,162,中國信託,2023-06-08,6160
00725B,國泰投資級公司債,135,5,130,中國信託,2023-06-08,6160
3702,大聯大,122,0,122,中國信託,2023-06-08,6160
2618,長榮航,328,221,107,中國信託,2023-06-08,6160
5512,力麒,124,17,107,中國信託,2023-06-08,6160
2332,友訊,113,12,101,中國信託,2023-06-08,6160
3034,聯詠,106,13,93,中國信託,2023-06-08,6160
2882,國泰金,98,9,89,中國信託,2023-06-08,6160
00673R,期元大S＆P原油反1,91,3,88,中國信託,2023-06-08,6160
2412,中華電,88,1,87,中國信託,2023-06-08,6160
00892,富邦台灣半導體,86,0,86,中國信託,2023-06-08,6160
00751B,元大AAA至A公司債,85,0,85,中國信託,2023-06-08,6160
2344,華邦電,101,16,85,中國信託,2023-06-08,6160
3707,漢磊,82,1,81,中國信託,2023-06-08,6160
00720B,元大投資級公司債,79,0,79,中國信託,2023-06-08,6160
00894,中信小資高價30,94,18,76,中國信託,2023-06-08,6160
3014,聯陽,80,5,75,中國信託,2023-06-08,6160
2885,元大金,80,6,74,中國信託,2023-06-08,6160
4960,誠美材,79,6,73,中國信託,2023-06-08,6160
4207,環泰,104,31,73,中國信託,2023-06-08,6160
6605,帝寶,64,0,64,中國信託,2023-06-08,6160
1785,光洋科,63,1,62,中國信託,2023-06-08,6160
2368,金像電,94,33,61,中國信託,2023-06-08,6160
00912,中信臺灣智慧50,117,57,60,中國信託,2023-06-08,6160
00687B,國泰20年美債,60,0,60,中國信託,2023-06-08,6160
006208,富邦台50,135,76,59,中國信託,2023-06-08,6160
3036,文曄,55,0,55,中國信託,2023-06-08,6160
00712,復華富時不動產,74,21,53,中國信託,2023-06-08,6160
2356,英業達,65,13,52,中國信託,2023-06-08,6160
2633,台灣高鐵,52,0,52,中國信託,2023-06-08,6160
00665L,富邦�琤肭磪囓�2,51,0,51,中國信託,2023-06-08,6160
6147,頎邦,47,2,45,中國信託,2023-06-08,6160
1612,宏泰,169,125,44,中國信託,2023-06-08,6160
6282,康舒,79,37,42,中國信託,2023-06-08,6160
2885,元大金,1521,3,1518,中國信託,2023-06-09,6160
2317,鴻海,629,72,557,中國信託,2023-06-09,6160
00632R,元大台灣50反1,659,104,555,中國信託,2023-06-09,6160
00881,國泰台灣5G+,495,15,480,中國信託,2023-06-09,6160
6147,頎邦,349,1,348,中國信託,2023-06-09,6160
2882,國泰金,275,7,268,中國信託,2023-06-09,6160
00878,國泰永續高股息,797,530,267,中國信託,2023-06-09,6160
00753L,中信中國50正2,331,84,247,中國信託,2023-06-09,6160
00917,中信特選金融,222,1,221,中國信託,2023-06-09,6160
2383,台光電,201,3,198,中國信託,2023-06-09,6160
3035,智原,227,30,197,中國信託,2023-06-09,6160
00901,永豐智能車供應鏈,188,0,188,中國信託,2023-06-09,6160
2603,長榮,177,32,145,中國信託,2023-06-09,6160
00907,永豐優息存股,145,3,142,中國信託,2023-06-09,6160
2723,美食-KY,142,2,140,中國信託,2023-06-09,6160
00888,永豐台灣ESG,159,25,134,中國信託,2023-06-09,6160
1802,台玻,133,4,129,中國信託,2023-06-09,6160
2356,英業達,361,232,129,中國信託,2023-06-09,6160
2308,台達電,168,43,125,中國信託,2023-06-09,6160
00892,富邦台灣半導體,181,59,122,中國信託,2023-06-09,6160
2382,廣達,376,257,119,中國信託,2023-06-09,6160
00712,復華富時不動產,154,36,118,中國信託,2023-06-09,6160
8358,金居,147,33,114,中國信託,2023-06-09,6160
2454,聯發科,116,6,110,中國信託,2023-06-09,6160
00665L,富邦�琤肭磪囓�2,110,3,107,中國信託,2023-06-09,6160
5703,亞都,99,1,98,中國信託,2023-06-09,6160
2412,中華電,97,2,95,中國信託,2023-06-09,6160
2027,大成鋼,111,16,95,中國信託,2023-06-09,6160
2353,宏��,347,253,94,中國信託,2023-06-09,6160
00900,富邦特選高股息30,236,143,93,中國信託,2023-06-09,6160
2324,仁寶,140,52,88,中國信託,2023-06-09,6160
00720B,元大投資級公司債,87,0,87,中國信託,2023-06-09,6160
6605,帝寶,91,5,86,中國信託,2023-06-09,6160
1907,永豐餘,90,4,86,中國信託,2023-06-09,6160
2883,凱基金,134,53,81,中國信託,2023-06-09,6160
1605,華新,95,16,79,中國信託,2023-06-09,6160
2105,正新,81,2,79,中國信託,2023-06-09,6160
2615,萬海,88,12,76,中國信託,2023-06-09,6160
2388,威盛,90,21,69,中國信託,2023-06-09,6160
1101,台泥,84,17,67,中國信託,2023-06-09,6160
3036,文曄,66,1,65,中國信託,2023-06-09,6160
2303,聯電,136,72,64,中國信託,2023-06-09,6160
2449,京元電子,83,19,64,中國信託,2023-06-09,6160
6026,福邦證,63,0,63,中國信託,2023-06-09,6160
2368,金像電,105,43,62,中國信託,2023-06-09,6160
5880,合庫金,62,0,62,中國信託,2023-06-09,6160
00690,兆豐藍籌30,72,10,62,中國信託,2023-06-09,6160
8996,高力,73,11,62,中國信託,2023-06-09,6160
2880,華南金,70,8,62,中國信託,2023-06-09,6160
9939,宏全,60,0,60,中國信託,2023-06-09,6160
00900,富邦特選高股息30,798,28,770,中國信託,2023-06-12,6160
2890,永豐金,656,12,644,中國信託,2023-06-12,6160
006208,富邦台50,547,18,529,中國信託,2023-06-12,6160
00928,中信上櫃ESG30,411,50,361,中國信託,2023-06-12,6160
00901,永豐智能車供應鏈,340,0,340,中國信託,2023-06-12,6160
00912,中信臺灣智慧50,408,69,339,中國信託,2023-06-12,6160
00690,兆豐藍籌30,316,7,309,中國信託,2023-06-12,6160
5425,台半,364,72,292,中國信託,2023-06-12,6160
00712,復華富時不動產,319,30,289,中國信託,2023-06-12,6160
00892,富邦台灣半導體,291,12,279,中國信託,2023-06-12,6160
00632R,元大台灣50反1,292,18,274,中國信託,2023-06-12,6160
5876,上海商銀,255,0,255,中國信託,2023-06-12,6160
3035,智原,227,7,220,中國信託,2023-06-12,6160
1522,堤維西,216,5,211,中國信託,2023-06-12,6160
00881,國泰台灣5G+,244,35,209,中國信託,2023-06-12,6160
2382,廣達,330,130,200,中國信託,2023-06-12,6160
3260,威剛,184,17,167,中國信託,2023-06-12,6160
4938,和碩,159,13,146,中國信託,2023-06-12,6160
00896,中信綠能及電動車,405,267,138,中國信託,2023-06-12,6160
2454,聯發科,149,12,137,中國信託,2023-06-12,6160
1440,南紡,124,3,121,中國信託,2023-06-12,6160
6274,台燿,135,18,117,中國信託,2023-06-12,6160
6005,群益證,110,4,106,中國信託,2023-06-12,6160
2376,技嘉,183,83,100,中國信託,2023-06-12,6160
00888,永豐台灣ESG,171,75,96,中國信託,2023-06-12,6160
2887,台新金,151,57,94,中國信託,2023-06-12,6160
8069,元太,157,71,86,中國信託,2023-06-12,6160
2388,威盛,102,20,82,中國信託,2023-06-12,6160
00795B,中信美國公債20年,883,801,82,中國信託,2023-06-12,6160
6235,華孚,122,43,79,中國信託,2023-06-12,6160
6657,華安,93,14,79,中國信託,2023-06-12,6160
5009,榮剛,146,68,78,中國信託,2023-06-12,6160
00891,中信關鍵半導體,109,31,78,中國信託,2023-06-12,6160
6414,樺漢,70,0,70,中國信託,2023-06-12,6160
8114,振樺電,69,3,66,中國信託,2023-06-12,6160
4746,台耀,66,0,66,中國信託,2023-06-12,6160
6016,康和證,71,6,65,中國信託,2023-06-12,6160
2412,中華電,72,11,61,中國信託,2023-06-12,6160
1605,華新,92,33,59,中國信託,2023-06-12,6160
00720B,元大投資級公司債,59,0,59,中國信託,2023-06-12,6160
00894,中信小資高價30,84,25,59,中國信託,2023-06-12,6160
2883,凱基金,82,24,58,中國信託,2023-06-12,6160
2882,國泰金,66,12,54,中國信託,2023-06-12,6160
3707,漢磊,93,40,53,中國信託,2023-06-12,6160
00902,中信電池及儲能,54,2,52,中國信託,2023-06-12,6160
6147,頎邦,54,2,52,中國信託,2023-06-12,6160
2317,鴻海,188,136,52,中國信託,2023-06-12,6160
00862B,中信投資級公司債,55,5,50,中國信託,2023-06-12,6160
3003,健和興,56,6,50,中國信託,2023-06-12,6160
00926,凱基全球菁英55,51,1,50,中國信託,2023-06-12,6160
00900,富邦特選高股息30,1438,66,1372,中國信託,2023-06-13,6160
00901,永豐智能車供應鏈,901,21,880,中國信託,2023-06-13,6160
00671R,富邦NASDAQ反1,814,0,814,中國信託,2023-06-13,6160
3231,緯創,993,252,741,中國信託,2023-06-13,6160
00881,國泰台灣5G+,769,121,648,中國信託,2023-06-13,6160
006208,富邦台50,618,45,573,中國信託,2023-06-13,6160
3035,智原,613,75,538,中國信託,2023-06-13,6160
00632R,元大台灣50反1,612,103,509,中國信託,2023-06-13,6160
1102,亞泥,497,1,496,中國信託,2023-06-13,6160
00690,兆豐藍籌30,387,2,385,中國信託,2023-06-13,6160
00894,中信小資高價30,365,3,362,中國信託,2023-06-13,6160
00888,永豐台灣ESG,442,87,355,中國信託,2023-06-13,6160
00665L,富邦�琤肭磪囓�2,272,23,249,中國信託,2023-06-13,6160
00712,復華富時不動產,274,51,223,中國信託,2023-06-13,6160
1301,台塑,220,3,217,中國信託,2023-06-13,6160
2454,聯發科,208,21,187,中國信託,2023-06-13,6160
4938,和碩,176,9,167,中國信託,2023-06-13,6160
1303,南亞,150,5,145,中國信託,2023-06-13,6160
4979,華星光,184,41,143,中國信託,2023-06-13,6160
1402,遠東新,128,3,125,中國信託,2023-06-13,6160
00882,中信中國高股息,139,15,124,中國信託,2023-06-13,6160
1101,台泥,118,6,112,中國信託,2023-06-13,6160
00687B,國泰20年美債,134,25,109,中國信託,2023-06-13,6160
1560,中砂,136,28,108,中國信託,2023-06-13,6160
6279,胡連,113,9,104,中國信託,2023-06-13,6160
6239,力成,105,3,102,中國信託,2023-06-13,6160
1210,大成,102,3,99,中國信託,2023-06-13,6160
6005,群益證,100,1,99,中國信託,2023-06-13,6160
4533,協易機,172,74,98,中國信託,2023-06-13,6160
4129,聯合,100,3,97,中國信託,2023-06-13,6160
4968,立積,109,14,95,中國信託,2023-06-13,6160
2049,上銀,94,0,94,中國信託,2023-06-13,6160
00642U,期元大S＆P石油,93,1,92,中國信託,2023-06-13,6160
3596,智易,93,2,91,中國信託,2023-06-13,6160
3322,建舜電,86,0,86,中國信託,2023-06-13,6160
8069,元太,113,29,84,中國信託,2023-06-13,6160
9802,鈺齊-KY,84,0,84,中國信託,2023-06-13,6160
1785,光洋科,88,6,82,中國信託,2023-06-13,6160
00728,第一金工業30,82,1,81,中國信託,2023-06-13,6160
1522,堤維西,138,58,80,中國信託,2023-06-13,6160
1319,東陽,89,11,78,中國信託,2023-06-13,6160
00904,新光臺灣半導體30,78,0,78,中國信託,2023-06-13,6160
8996,高力,81,5,76,中國信託,2023-06-13,6160
3030,德律,70,1,69,中國信託,2023-06-13,6160
00877,復華中國5G,70,2,68,中國信託,2023-06-13,6160
2352,佳世達,109,46,63,中國信託,2023-06-13,6160
00679B,元大美債20年,66,3,63,中國信託,2023-06-13,6160
2889,國票金,64,1,63,中國信託,2023-06-13,6160
3034,聯詠,68,5,63,中國信託,2023-06-13,6160
2332,友訊,82,20,62,中國信託,2023-06-13,6160
3481,群創,974,52,922,中國信託,2023-06-14,6160
00752,中信中國50,886,128,758,中國信託,2023-06-14,6160
2610,華航,2493,1867,626,中國信託,2023-06-14,6160
00715L,期街口布蘭特正2,772,156,616,中國信託,2023-06-14,6160
00894,中信小資高價30,547,4,543,中國信託,2023-06-14,6160
3231,緯創,860,373,487,中國信託,2023-06-14,6160
2356,英業達,815,374,441,中國信託,2023-06-14,6160
00878,國泰永續高股息,627,288,339,中國信託,2023-06-14,6160
00928,中信上櫃ESG30,327,7,320,中國信託,2023-06-14,6160
00881,國泰台灣5G+,475,195,280,中國信託,2023-06-14,6160
00646,元大S＆P500,283,7,276,中國信託,2023-06-14,6160
2890,永豐金,254,23,231,中國信託,2023-06-14,6160
1319,東陽,236,8,228,中國信託,2023-06-14,6160
6016,康和證,221,11,210,中國信託,2023-06-14,6160
00712,復華富時不動產,246,56,190,中國信託,2023-06-14,6160
2891,中信金,210,23,187,中國信託,2023-06-14,6160
4129,聯合,172,7,165,中國信託,2023-06-14,6160
2454,聯發科,179,34,145,中國信託,2023-06-14,6160
1308,亞聚,128,3,125,中國信託,2023-06-14,6160
1305,華夏,126,2,124,中國信託,2023-06-14,6160
006208,富邦台50,137,14,123,中國信託,2023-06-14,6160
1605,華新,129,6,123,中國信託,2023-06-14,6160
2105,正新,114,5,109,中國信託,2023-06-14,6160
00679B,元大美債20年,115,10,105,中國信託,2023-06-14,6160
2383,台光電,114,11,103,中國信託,2023-06-14,6160
2883B,凱基金乙特,101,0,101,中國信託,2023-06-14,6160
00690,兆豐藍籌30,114,14,100,中國信託,2023-06-14,6160
2881,富邦金,118,19,99,中國信託,2023-06-14,6160
3346,麗清,109,12,97,中國信託,2023-06-14,6160
2548,華固,95,0,95,中國信託,2023-06-14,6160
6239,力成,87,0,87,中國信託,2023-06-14,6160
2880,華南金,85,0,85,中國信託,2023-06-14,6160
8210,勤誠,91,9,82,中國信託,2023-06-14,6160
00902,中信電池及儲能,167,88,79,中國信託,2023-06-14,6160
3711,日月光投控,104,25,79,中國信託,2023-06-14,6160
00888,永豐台灣ESG,266,189,77,中國信託,2023-06-14,6160
00680L,元大美債20正2,72,0,72,中國信託,2023-06-14,6160
2618,長榮航,850,784,66,中國信託,2023-06-14,6160
00751B,元大AAA至A公司債,80,15,65,中國信託,2023-06-14,6160
8076,伍豐,69,4,65,中國信託,2023-06-14,6160
3707,漢磊,96,31,65,中國信託,2023-06-14,6160
3037,欣興,147,84,63,中國信託,2023-06-14,6160
1609,大亞,105,43,62,中國信託,2023-06-14,6160
00901,永豐智能車供應鏈,91,30,61,中國信託,2023-06-14,6160
4979,華星光,89,29,60,中國信託,2023-06-14,6160
00912,中信臺灣智慧50,70,10,60,中國信託,2023-06-14,6160
8069,元太,63,7,56,中國信託,2023-06-14,6160
3491,昇達科,51,0,51,中國信託,2023-06-14,6160
6596,寬宏藝術,53,3,50,中國信託,2023-06-14,6160
6005,群益證,51,1,50,中國信託,2023-06-14,6160
00712,復華富時不動產,1285,18,1267,中國信託,2023-06-15,6160
3481,群創,787,128,659,中國信託,2023-06-15,6160
0056,元大高股息,843,214,629,中國信託,2023-06-15,6160
00892,富邦台灣半導體,635,84,551,中國信託,2023-06-15,6160
00901,永豐智能車供應鏈,483,25,458,中國信託,2023-06-15,6160
00752,中信中國50,554,119,435,中國信託,2023-06-15,6160
00876,元大全球5G,400,3,397,中國信託,2023-06-15,6160
2891,中信金,435,62,373,中國信託,2023-06-15,6160
00632R,元大台灣50反1,497,179,318,中國信託,2023-06-15,6160
2890,永豐金,256,11,245,中國信託,2023-06-15,6160
00900,富邦特選高股息30,276,57,219,中國信託,2023-06-15,6160
00917,中信特選金融,221,9,212,中國信託,2023-06-15,6160
00690,兆豐藍籌30,224,18,206,中國信託,2023-06-15,6160
3045,台灣大,201,1,200,中國信託,2023-06-15,6160
2883,凱基金,220,32,188,中國信託,2023-06-15,6160
6016,康和證,183,6,177,中國信託,2023-06-15,6160
00665L,富邦�琤肭磪囓�2,374,201,173,中國信託,2023-06-15,6160
2618,長榮航,1340,1174,166,中國信託,2023-06-15,6160
1522,堤維西,234,96,138,中國信託,2023-06-15,6160
00910,第一金太空衛星,123,4,119,中國信託,2023-06-15,6160
00701,國泰股利精選30,120,1,119,中國信託,2023-06-15,6160
00753L,中信中國50正2,154,45,109,中國信託,2023-06-15,6160
3231,緯創,414,316,98,中國信託,2023-06-15,6160
2412,中華電,83,0,83,中國信託,2023-06-15,6160
3356,奇偶,179,96,83,中國信託,2023-06-15,6160
3025,星通,113,37,76,中國信託,2023-06-15,6160
2401,凌陽,323,250,73,中國信託,2023-06-15,6160
00772B,中信高評級公司債,76,6,70,中國信託,2023-06-15,6160
00885,富邦越南,71,3,68,中國信託,2023-06-15,6160
1213,大飲,68,0,68,中國信託,2023-06-15,6160
2884,玉山金,90,27,63,中國信託,2023-06-15,6160
2206,三陽工業,86,23,63,中國信託,2023-06-15,6160
2360,致茂,62,1,61,中國信託,2023-06-15,6160
6005,群益證,60,0,60,中國信託,2023-06-15,6160
2356,英業達,573,516,57,中國信託,2023-06-15,6160
2376,技嘉,105,48,57,中國信託,2023-06-15,6160
2609,陽明,91,35,56,中國信託,2023-06-15,6160
2882,國泰金,62,7,55,中國信託,2023-06-15,6160
2454,聯發科,64,10,54,中國信託,2023-06-15,6160
00857B,永豐20年美公債,54,0,54,中國信託,2023-06-15,6160
2455,全新,62,8,54,中國信託,2023-06-15,6160
6279,胡連,70,16,54,中國信託,2023-06-15,6160
1785,光洋科,56,3,53,中國信託,2023-06-15,6160
3055,蔚華科,66,14,52,中國信託,2023-06-15,6160
00888,永豐台灣ESG,231,180,51,中國信託,2023-06-15,6160
2908,特力,51,0,51,中國信託,2023-06-15,6160
2867,三商壽,51,0,51,中國信託,2023-06-15,6160
2352,佳世達,110,59,51,中國信託,2023-06-15,6160
2883B,凱基金乙特,50,0,50,中國信託,2023-06-15,6160
3689,湧德,50,0,50,中國信託,2023-06-15,6160
00715L,期街口布蘭特正2,3991,839,3152,中國信託,2023-06-16,6160
00900,富邦特選高股息30,1313,19,1294,中國信託,2023-06-16,6160
2890,永豐金,864,2,862,中國信託,2023-06-16,6160
00881,國泰台灣5G+,682,48,634,中國信託,2023-06-16,6160
5876,上海商銀,627,10,617,中國信託,2023-06-16,6160
2371,大同,651,198,453,中國信託,2023-06-16,6160
2891,中信金,488,61,427,中國信託,2023-06-16,6160
2603,長榮,530,185,345,中國信託,2023-06-16,6160
1907,永豐餘,346,7,339,中國信託,2023-06-16,6160
2014,中鴻,868,641,227,中國信託,2023-06-16,6160
2454,聯發科,264,39,225,中國信託,2023-06-16,6160
00712,復華富時不動產,264,42,222,中國信託,2023-06-16,6160
5009,榮剛,315,93,222,中國信託,2023-06-16,6160
00878,國泰永續高股息,698,479,219,中國信託,2023-06-16,6160
00795B,中信美國公債20年,1201,993,208,中國信託,2023-06-16,6160
00665L,富邦�琤肭磪囓�2,192,0,192,中國信託,2023-06-16,6160
3702,大聯大,200,17,183,中國信託,2023-06-16,6160
00690,兆豐藍籌30,183,2,181,中國信託,2023-06-16,6160
00885,富邦越南,318,137,181,中國信託,2023-06-16,6160
6279,胡連,184,6,178,中國信託,2023-06-16,6160
2882,國泰金,191,15,176,中國信託,2023-06-16,6160
6016,康和證,171,0,171,中國信託,2023-06-16,6160
4938,和碩,285,119,166,中國信託,2023-06-16,6160
2324,仁寶,254,90,164,中國信託,2023-06-16,6160
3013,晟銘電,206,50,156,中國信託,2023-06-16,6160
4979,華星光,222,70,152,中國信託,2023-06-16,6160
6176,瑞儀,168,16,152,中國信託,2023-06-16,6160
00673R,期元大S＆P原油反1,150,0,150,中國信託,2023-06-16,6160
00901,永豐智能車供應鏈,143,1,142,中國信託,2023-06-16,6160
2359,所羅門,158,21,137,中國信託,2023-06-16,6160
1477,聚陽,146,14,132,中國信託,2023-06-16,6160
00892,富邦台灣半導體,132,3,129,中國信託,2023-06-16,6160
2330,台積電,231,103,128,中國信託,2023-06-16,6160
6147,頎邦,129,8,121,中國信託,2023-06-16,6160
00753L,中信中國50正2,281,169,112,中國信託,2023-06-16,6160
2409,友達,156,49,107,中國信託,2023-06-16,6160
3078,僑威,141,34,107,中國信託,2023-06-16,6160
4147,中裕,110,11,99,中國信託,2023-06-16,6160
6239,力成,104,9,95,中國信託,2023-06-16,6160
2834,臺企銀,110,16,94,中國信託,2023-06-16,6160
2204,中華,92,3,89,中國信託,2023-06-16,6160
3706,神達,206,125,81,中國信託,2023-06-16,6160
2303,聯電,191,109,82,中國信託,2023-06-16,6160
2412,中華電,83,1,82,中國信託,2023-06-16,6160
00662,富邦NASDAQ,80,0,80,中國信託,2023-06-16,6160
00637L,元大滬深300正2,118,44,74,中國信託,2023-06-16,6160
00692,富邦公司治理,68,0,68,中國信託,2023-06-16,6160
1589,永冠-KY,75,10,65,中國信託,2023-06-16,6160
5340,建榮,65,0,65,中國信託,2023-06-16,6160
8210,勤誠,80,23,57,中國信託,2023-06-16,6160
00715L,期街口布蘭特正2,3857,83,3774,中國信託,2023-06-19,6160
00752,中信中國50,1525,111,1414,中國信託,2023-06-19,6160
00900,富邦特選高股息30,759,60,699,中國信託,2023-06-19,6160
2409,友達,761,173,588,中國信託,2023-06-19,6160
2891,中信金,805,247,558,中國信託,2023-06-19,6160
6116,彩晶,457,127,330,中國信託,2023-06-19,6160
00892,富邦台灣半導體,333,4,329,中國信託,2023-06-19,6160
00673R,期元大S＆P原油反1,276,0,276,中國信託,2023-06-19,6160
00712,復華富時不動產,300,36,264,中國信託,2023-06-19,6160
2371,大同,260,27,233,中國信託,2023-06-19,6160
3481,群創,834,603,231,中國信託,2023-06-19,6160
3231,緯創,356,179,177,中國信託,2023-06-19,6160
1102,亞泥,151,2,149,中國信託,2023-06-19,6160
00901,永豐智能車供應鏈,135,0,135,中國信託,2023-06-19,6160
00881,國泰台灣5G+,296,175,121,中國信託,2023-06-19,6160
3044,健鼎,164,49,115,中國信託,2023-06-19,6160
5871,中租-KY,111,2,109,中國信託,2023-06-19,6160
2890,永豐金,110,7,103,中國信託,2023-06-19,6160
2412,中華電,97,0,97,中國信託,2023-06-19,6160
1802,台玻,155,62,93,中國信託,2023-06-19,6160
6239,力成,102,11,91,中國信託,2023-06-19,6160
00690,兆豐藍籌30,95,4,91,中國信託,2023-06-19,6160
2809,京城銀,85,0,85,中國信託,2023-06-19,6160
5009,榮剛,138,54,84,中國信託,2023-06-19,6160
5289,宜鼎,89,6,83,中國信託,2023-06-19,6160
6269,台郡,81,0,81,中國信託,2023-06-19,6160
00917,中信特選金融,136,55,81,中國信託,2023-06-19,6160
1722,台肥,78,0,78,中國信託,2023-06-19,6160
2301,光寶科,252,179,73,中國信託,2023-06-19,6160
00894,中信小資高價30,79,6,73,中國信託,2023-06-19,6160
2324,仁寶,176,105,71,中國信託,2023-06-19,6160
6016,康和證,70,0,70,中國信託,2023-06-19,6160
2436,偉詮電,80,10,70,中國信託,2023-06-19,6160
2606,裕民,69,0,69,中國信託,2023-06-19,6160
3680,家登,75,6,69,中國信託,2023-06-19,6160
3035,智原,77,12,65,中國信託,2023-06-19,6160
6123,上奇,64,0,64,中國信託,2023-06-19,6160
2002,中鋼,76,16,60,中國信託,2023-06-19,6160
6282,康舒,79,25,54,中國信託,2023-06-19,6160
4951,精拓科,52,0,52,中國信託,2023-06-19,6160
2547,日勝生,52,0,52,中國信託,2023-06-19,6160
00753L,中信中國50正2,70,19,51,中國信託,2023-06-19,6160
00665L,富邦�琤肭磪囓�2,51,0,51,中國信託,2023-06-19,6160
00680L,元大美債20正2,56,5,51,中國信託,2023-06-19,6160
3540,曜越,49,0,49,中國信託,2023-06-19,6160
4747,強生,51,4,47,中國信託,2023-06-19,6160
2312,金寶,169,122,47,中國信託,2023-06-19,6160
2887,台新金,83,38,45,中國信託,2023-06-19,6160
00706L,期元大S＆P日圓正2,46,1,45,中國信託,2023-06-19,6160
2748,雲品,80,36,44,中國信託,2023-06-19,6160
00715L,期街口布蘭特正2,2027,31,1996,中國信託,2023-06-20,6160
00830,國泰費城半導體,1002,10,992,中國信託,2023-06-20,6160
2891,中信金,780,31,749,中國信託,2023-06-20,6160
2603,長榮,531,14,517,中國信託,2023-06-20,6160
2610,華航,831,436,395,中國信託,2023-06-20,6160
00690,兆豐藍籌30,345,24,321,中國信託,2023-06-20,6160
6414,樺漢,300,0,300,中國信託,2023-06-20,6160
00891,中信關鍵半導體,304,24,280,中國信託,2023-06-20,6160
2834,臺企銀,276,11,265,中國信託,2023-06-20,6160
00712,復華富時不動產,274,24,250,中國信託,2023-06-20,6160
4938,和碩,251,19,232,中國信託,2023-06-20,6160
2618,長榮航,326,138,188,中國信託,2023-06-20,6160
2405,輔信,183,7,176,中國信託,2023-06-20,6160
00894,中信小資高價30,180,6,174,中國信託,2023-06-20,6160
00878,國泰永續高股息,600,442,158,中國信託,2023-06-20,6160
00882,中信中國高股息,206,50,156,中國信託,2023-06-20,6160
3025,星通,159,29,130,中國信託,2023-06-20,6160
2332,友訊,120,3,117,中國信託,2023-06-20,6160
2330,台積電,173,61,112,中國信託,2023-06-20,6160
00881,國泰台灣5G+,130,24,106,中國信託,2023-06-20,6160
0050,元大台灣50,124,21,103,中國信託,2023-06-20,6160
00877,復華中國5G,110,10,100,中國信託,2023-06-20,6160
2855,統一證,100,0,100,中國信託,2023-06-20,6160
1589,永冠-KY,100,3,97,中國信託,2023-06-20,6160
3481,群創,233,144,89,中國信託,2023-06-20,6160
2412,中華電,88,0,88,中國信託,2023-06-20,6160
00665L,富邦�琤肭磪囓�2,83,0,83,中國信託,2023-06-20,6160
3015,全漢,78,0,78,中國信託,2023-06-20,6160
3163,波若威,77,0,77,中國信託,2023-06-20,6160
2809,京城銀,72,0,72,中國信託,2023-06-20,6160
6217,中探針,84,17,67,中國信託,2023-06-20,6160
006208,富邦台50,71,6,65,中國信託,2023-06-20,6160
00680L,元大美債20正2,89,25,64,中國信託,2023-06-20,6160
1314,中石化,62,0,62,中國信託,2023-06-20,6160
00720B,元大投資級公司債,63,5,58,中國信託,2023-06-20,6160
00913,兆豐台灣晶圓製造,54,0,54,中國信託,2023-06-20,6160
00900,富邦特選高股息30,100,47,53,中國信託,2023-06-20,6160
2357,華碩,51,0,51,中國信託,2023-06-20,6160
1210,大成,51,3,48,中國信託,2023-06-20,6160
2883,凱基金,51,5,46,中國信託,2023-06-20,6160
2211,長榮鋼,43,0,43,中國信託,2023-06-20,6160
1524,耿鼎,44,1,43,中國信託,2023-06-20,6160
3013,晟銘電,93,52,41,中國信託,2023-06-20,6160
2530,華建,38,0,38,中國信託,2023-06-20,6160
9933,中鼎,42,4,38,中國信託,2023-06-20,6160
3207,耀勝,58,20,38,中國信託,2023-06-20,6160
2368,金像電,92,54,38,中國信託,2023-06-20,6160
2427,三商電,85,48,37,中國信託,2023-06-20,6160
1528,恩德,322,286,36,中國信託,2023-06-20,6160
2748,雲品,114,79,35,中國信託,2023-06-20,6160
00715L,期街口布蘭特正2,5398,206,5192,中國信託,2023-06-21,6160
2603,長榮,3847,48,3799,中國信託,2023-06-21,6160
3481,群創,1351,565,786,中國信託,2023-06-21,6160
2891,中信金,782,68,714,中國信託,2023-06-21,6160
2002,中鋼,639,30,609,中國信託,2023-06-21,6160
00888,永豐台灣ESG,400,90,310,中國信託,2023-06-21,6160
00894,中信小資高價30,280,29,251,中國信託,2023-06-21,6160
2609,陽明,236,43,193,中國信託,2023-06-21,6160
1905,華紙,301,138,163,中國信託,2023-06-21,6160
3231,緯創,598,442,156,中國信託,2023-06-21,6160
2884,玉山金,171,23,148,中國信託,2023-06-21,6160
2337,旺宏,151,19,132,中國信託,2023-06-21,6160
2351,順德,133,5,128,中國信託,2023-06-21,6160
00690,兆豐藍籌30,132,6,126,中國信託,2023-06-21,6160
00795B,中信美國公債20年,1037,916,121,中國信託,2023-06-21,6160
00900,富邦特選高股息30,147,37,110,中國信託,2023-06-21,6160
2610,華航,403,308,95,中國信託,2023-06-21,6160
2412,中華電,96,1,95,中國信託,2023-06-21,6160
2383,台光電,90,1,89,中國信託,2023-06-21,6160
6120,達運,193,104,89,中國信託,2023-06-21,6160
2497,怡利電,83,2,81,中國信託,2023-06-21,6160
2344,華邦電,101,22,79,中國信託,2023-06-21,6160
2809,京城銀,73,0,73,中國信託,2023-06-21,6160
2308,台達電,177,104,73,中國信託,2023-06-21,6160
00665L,富邦�琤肭磪囓�2,74,2,72,中國信託,2023-06-21,6160
00885,富邦越南,86,19,67,中國信託,2023-06-21,6160
8210,勤誠,105,40,65,中國信託,2023-06-21,6160
00673R,期元大S＆P原油反1,61,0,61,中國信託,2023-06-21,6160
3011,今皓,65,9,56,中國信託,2023-06-21,6160
2883,凱基金,55,7,48,中國信託,2023-06-21,6160
2323,中環,115,72,43,中國信託,2023-06-21,6160
3680,家登,44,2,42,中國信託,2023-06-21,6160
9933,中鼎,42,1,41,中國信託,2023-06-21,6160
4961,天鈺,43,4,39,中國信託,2023-06-21,6160
00631L,元大台灣50正2,40,2,38,中國信託,2023-06-21,6160
2880,華南金,42,6,36,中國信託,2023-06-21,6160
1303,南亞,38,2,36,中國信託,2023-06-21,6160
2454,聯發科,40,7,33,中國信託,2023-06-21,6160
4916,事欣科,177,144,33,中國信託,2023-06-21,6160
00887,永豐中國科技50大,46,14,32,中國信託,2023-06-21,6160
2406,國碩,32,0,32,中國信託,2023-06-21,6160
1504,東元,50,19,31,中國信託,2023-06-21,6160
5483,中美晶,33,3,30,中國信託,2023-06-21,6160
1213,大飲,30,0,30,中國信託,2023-06-21,6160
0056,元大高股息,117,88,29,中國信託,2023-06-21,6160
8299,群聯,29,0,29,中國信託,2023-06-21,6160
6244,茂迪,50,22,28,中國信託,2023-06-21,6160
2706,第一店,43,16,27,中國信託,2023-06-21,6160
9921,巨大,26,0,26,中國信託,2023-06-21,6160
4951,精拓科,26,0,26,中國信託,2023-06-21,6160
00878,國泰永續高股息,1281,424,857,中國信託,2023-06-26,6160
00646,元大S＆P500,691,0,691,中國信託,2023-06-26,6160
2603,長榮,515,27,488,中國信託,2023-06-26,6160
00891,中信關鍵半導體,481,25,456,中國信託,2023-06-26,6160
00881,國泰台灣5G+,299,19,280,中國信託,2023-06-26,6160
1905,華紙,525,273,252,中國信託,2023-06-26,6160
2449,京元電子,291,68,223,中國信託,2023-06-26,6160
00882,中信中國高股息,263,64,199,中國信託,2023-06-26,6160
6282,康舒,269,71,198,中國信託,2023-06-26,6160
00706L,期元大S＆P日圓正2,184,0,184,中國信託,2023-06-26,6160
6176,瑞儀,205,23,182,中國信託,2023-06-26,6160
2201,裕隆,185,3,182,中國信託,2023-06-26,6160
2308,台達電,212,40,172,中國信託,2023-06-26,6160
3231,緯創,620,451,169,中國信託,2023-06-26,6160
2371,大同,267,111,156,中國信託,2023-06-26,6160
2880,華南金,144,1,143,中國信託,2023-06-26,6160
00679B,元大美債20年,202,62,140,中國信託,2023-06-26,6160
2412,中華電,141,5,136,中國信託,2023-06-26,6160
2356,英業達,280,155,125,中國信託,2023-06-26,6160
00712,復華富時不動產,218,103,115,中國信託,2023-06-26,6160
2317,鴻海,205,94,111,中國信託,2023-06-26,6160
00885,富邦越南,146,36,110,中國信託,2023-06-26,6160
2606,裕民,104,1,103,中國信託,2023-06-26,6160
1101,台泥,123,24,99,中國信託,2023-06-26,6160
6217,中探針,123,25,98,中國信託,2023-06-26,6160
2340,台亞,239,143,96,中國信託,2023-06-26,6160
2323,中環,150,55,95,中國信託,2023-06-26,6160
2330,台積電,163,68,95,中國信託,2023-06-26,6160
8069,元太,136,42,94,中國信託,2023-06-26,6160
5880,合庫金,98,6,92,中國信託,2023-06-26,6160
1742,台蠟,79,2,77,中國信託,2023-06-26,6160
5258,虹堡,76,2,74,中國信託,2023-06-26,6160
3260,威剛,79,5,74,中國信託,2023-06-26,6160
2882,國泰金,84,11,73,中國信託,2023-06-26,6160
2883,凱基金,64,0,64,中國信託,2023-06-26,6160
1605,華新,92,29,63,中國信託,2023-06-26,6160
3289,宜特,84,27,57,中國信託,2023-06-26,6160
2886,兆豐金,132,75,57,中國信託,2023-06-26,6160
00892,富邦台灣半導體,65,12,53,中國信託,2023-06-26,6160
3034,聯詠,57,4,53,中國信託,2023-06-26,6160
6469,大樹,51,0,51,中國信託,2023-06-26,6160
2002,中鋼,59,8,51,中國信託,2023-06-26,6160
2883B,凱基金乙特,50,0,50,中國信託,2023-06-26,6160
4414,如興,60,10,50,中國信託,2023-06-26,6160
00894,中信小資高價30,118,71,47,中國信託,2023-06-26,6160
9904,寶成,52,5,47,中國信託,2023-06-26,6160
1303,南亞,46,0,46,中國信託,2023-06-26,6160
2313,華通,50,4,46,中國信託,2023-06-26,6160
3596,智易,47,1,46,中國信託,2023-06-26,6160
6239,力成,45,0,45,中國信託,2023-06-26,6160
00881,國泰台灣5G+,737,24,713,中國信託,2023-06-27,6160
2002,中鋼,532,4,528,中國信託,2023-06-27,6160
6116,彩晶,541,28,513,中國信託,2023-06-27,6160
00900,富邦特選高股息30,597,109,488,中國信託,2023-06-27,6160
5009,榮剛,276,13,263,中國信託,2023-06-27,6160
00878,國泰永續高股息,734,479,255,中國信託,2023-06-27,6160
1444,力麗,251,17,234,中國信託,2023-06-27,6160
00901,永豐智能車供應鏈,234,1,233,中國信託,2023-06-27,6160
2618,長榮航,427,197,230,中國信託,2023-06-27,6160
2303,聯電,277,71,206,中國信託,2023-06-27,6160
2313,華通,203,8,195,中國信託,2023-06-27,6160
00632R,元大台灣50反1,262,70,192,中國信託,2023-06-27,6160
2885,元大金,254,83,171,中國信託,2023-06-27,6160
3491,昇達科,152,1,151,中國信託,2023-06-27,6160
6469,大樹,150,2,148,中國信託,2023-06-27,6160
00690,兆豐藍籌30,144,0,144,中國信託,2023-06-27,6160
2474,可成,141,0,141,中國信託,2023-06-27,6160
0050,元大台灣50,204,70,134,中國信託,2023-06-27,6160
1795,美時,172,41,131,中國信託,2023-06-27,6160
1605,華新,213,89,124,中國信託,2023-06-27,6160
0056,元大高股息,355,232,123,中國信託,2023-06-27,6160
00728,第一金工業30,121,0,121,中國信託,2023-06-27,6160
00651R,復華香港反1,120,0,120,中國信託,2023-06-27,6160
8069,元太,207,88,119,中國信託,2023-06-27,6160
2603,長榮,142,26,116,中國信託,2023-06-27,6160
00910,第一金太空衛星,111,1,110,中國信託,2023-06-27,6160
2323,中環,261,161,100,中國信託,2023-06-27,6160
2105,正新,103,4,99,中國信託,2023-06-27,6160
00896,中信綠能及電動車,429,334,95,中國信託,2023-06-27,6160
1101,台泥,88,5,83,中國信託,2023-06-27,6160
9933,中鼎,82,1,81,中國信託,2023-06-27,6160
00795B,中信美國公債20年,885,804,81,中國信託,2023-06-27,6160
00715L,期街口布蘭特正2,137,63,74,中國信託,2023-06-27,6160
2886,兆豐金,82,9,73,中國信託,2023-06-27,6160
00679B,元大美債20年,90,20,70,中國信託,2023-06-27,6160
1471,首利,70,6,64,中國信託,2023-06-27,6160
1434,福懋,64,1,63,中國信託,2023-06-27,6160
1802,台玻,68,6,62,中國信託,2023-06-27,6160
1711,永光,132,74,58,中國信託,2023-06-27,6160
00886,永豐美國科技,57,0,57,中國信託,2023-06-27,6160
3078,僑威,101,45,56,中國信託,2023-06-27,6160
6197,佳必琪,62,8,54,中國信託,2023-06-27,6160
2891,中信金,61,9,52,中國信託,2023-06-27,6160
4915,致伸,53,2,51,中國信託,2023-06-27,6160
3024,憶聲,49,0,49,中國信託,2023-06-27,6160
9910,豐泰,50,1,49,中國信託,2023-06-27,6160
1210,大成,48,0,48,中國信託,2023-06-27,6160
2883B,凱基金乙特,50,5,45,中國信託,2023-06-27,6160
2427,三商電,204,160,44,中國信託,2023-06-27,6160
8261,富鼎,42,0,42,中國信託,2023-06-27,6160
00878,國泰永續高股息,1371,237,1134,中國信託,2023-06-28,6160
6116,彩晶,1021,28,993,中國信託,2023-06-28,6160
00881,國泰台灣5G+,689,7,682,中國信託,2023-06-28,6160
1605,華新,532,56,476,中國信託,2023-06-28,6160
00752,中信中國50,843,430,413,中國信託,2023-06-28,6160
00632R,元大台灣50反1,470,60,410,中國信託,2023-06-28,6160
0056,元大高股息,389,31,358,中國信託,2023-06-28,6160
0050,元大台灣50,352,18,334,中國信託,2023-06-28,6160
2634,漢翔,371,37,334,中國信託,2023-06-28,6160
2332,友訊,307,6,301,中國信託,2023-06-28,6160
00896,中信綠能及電動車,416,167,249,中國信託,2023-06-28,6160
00888,永豐台灣ESG,696,467,229,中國信託,2023-06-28,6160
00912,中信臺灣智慧50,224,32,192,中國信託,2023-06-28,6160
00900,富邦特選高股息30,266,100,166,中國信託,2023-06-28,6160
00910,第一金太空衛星,166,0,166,中國信託,2023-06-28,6160
2368,金像電,225,66,159,中國信託,2023-06-28,6160
00642U,期元大S＆P石油,144,5,139,中國信託,2023-06-28,6160
2603,長榮,341,203,138,中國信託,2023-06-28,6160
00892,富邦台灣半導體,137,0,137,中國信託,2023-06-28,6160
2880,華南金,128,0,128,中國信託,2023-06-28,6160
5388,中磊,153,27,126,中國信託,2023-06-28,6160
4746,台耀,169,53,116,中國信託,2023-06-28,6160
6239,力成,114,3,111,中國信託,2023-06-28,6160
3025,星通,162,52,110,中國信託,2023-06-28,6160
6142,友勁,137,34,103,中國信託,2023-06-28,6160
00690,兆豐藍籌30,88,0,88,中國信託,2023-06-28,6160
4147,中裕,94,19,75,中國信託,2023-06-28,6160
2371,大同,254,183,71,中國信託,2023-06-28,6160
2402,毅嘉,74,4,70,中國信託,2023-06-28,6160
00901,永豐智能車供應鏈,111,45,66,中國信託,2023-06-28,6160
3481,群創,152,88,64,中國信託,2023-06-28,6160
2888,新光金,79,16,63,中國信託,2023-06-28,6160
2330,台積電,159,96,63,中國信託,2023-06-28,6160
2303,聯電,86,26,60,中國信託,2023-06-28,6160
3682,亞太電,55,0,55,中國信託,2023-06-28,6160
2609,陽明,107,52,55,中國信託,2023-06-28,6160
4175,杏一,65,16,49,中國信託,2023-06-28,6160
4572,駐龍,51,6,45,中國信託,2023-06-28,6160
5258,虹堡,47,2,45,中國信託,2023-06-28,6160
1795,美時,95,51,44,中國信託,2023-06-28,6160
4533,協易機,49,5,44,中國信託,2023-06-28,6160
8261,富鼎,44,0,44,中國信託,2023-06-28,6160
2637,慧洋-KY,47,3,44,中國信託,2023-06-28,6160
2409,友達,55,13,42,中國信託,2023-06-28,6160
2884,玉山金,60,18,42,中國信託,2023-06-28,6160
3675,德微,53,11,42,中國信託,2023-06-28,6160
00882,中信中國高股息,45,4,41,中國信託,2023-06-28,6160
00894,中信小資高價30,102,62,40,中國信託,2023-06-28,6160
1471,首利,46,6,40,中國信託,2023-06-28,6160
6270,倍微,46,6,40,中國信託,2023-06-28,6160
00878,國泰永續高股息,2574,202,2372,中國信託,2023-06-29,6160
2603,長榮,2133,117,2016,中國信託,2023-06-29,6160
4904,遠傳,600,15,585,中國信託,2023-06-29,6160
00881,國泰台灣5G+,347,13,334,中國信託,2023-06-29,6160
00900,富邦特選高股息30,499,205,294,中國信託,2023-06-29,6160
00896,中信綠能及電動車,439,146,293,中國信託,2023-06-29,6160
2885,元大金,386,119,267,中國信託,2023-06-29,6160
2330,台積電,303,76,227,中國信託,2023-06-29,6160
3231,緯創,550,340,210,中國信託,2023-06-29,6160
5388,中磊,285,87,198,中國信託,2023-06-29,6160
2618,長榮航,251,53,198,中國信託,2023-06-29,6160
00728,第一金工業30,170,0,170,中國信託,2023-06-29,6160
2371,大同,162,9,153,中國信託,2023-06-29,6160
4938,和碩,252,111,141,中國信託,2023-06-29,6160
1904,正隆,162,25,137,中國信託,2023-06-29,6160
00715L,期街口布蘭特正2,463,345,118,中國信託,2023-06-29,6160
2881,富邦金,195,85,110,中國信託,2023-06-29,6160
3045,台灣大,110,2,108,中國信託,2023-06-29,6160
1528,恩德,135,30,105,中國信託,2023-06-29,6160
2201,裕隆,110,8,102,中國信託,2023-06-29,6160
4414,如興,199,98,101,中國信託,2023-06-29,6160
2419,仲琦,239,144,95,中國信託,2023-06-29,6160
2313,華通,84,4,80,中國信託,2023-06-29,6160
00772B,中信高評級公司債,121,47,74,中國信託,2023-06-29,6160
2301,光寶科,91,18,73,中國信託,2023-06-29,6160
2610,華航,234,164,70,中國信託,2023-06-29,6160
00882,中信中國高股息,71,4,67,中國信託,2023-06-29,6160
2317,鴻海,84,18,66,中國信託,2023-06-29,6160
4155,訊映,69,4,65,中國信託,2023-06-29,6160
1605,華新,70,9,61,中國信託,2023-06-29,6160
00712,復華富時不動產,107,50,57,中國信託,2023-06-29,6160
4164,承業醫,96,43,53,中國信託,2023-06-29,6160
3324,雙鴻,55,4,51,中國信託,2023-06-29,6160
1736,喬山,54,4,50,中國信託,2023-06-29,6160
4526,東台,65,19,46,中國信託,2023-06-29,6160
3481,群創,80,34,46,中國信託,2023-06-29,6160
2331,精英,57,11,46,中國信託,2023-06-29,6160
00752,中信中國50,45,2,43,中國信託,2023-06-29,6160
2888,新光金,54,11,43,中國信託,2023-06-29,6160
2408,南亞科,51,10,41,中國信託,2023-06-29,6160
3005,神基,51,12,39,中國信託,2023-06-29,6160
2609,陽明,130,91,39,中國信託,2023-06-29,6160
00902,中信電池及儲能,45,7,38,中國信託,2023-06-29,6160
1301,台塑,35,0,35,中國信託,2023-06-29,6160
6679,鈺太,32,0,32,中國信託,2023-06-29,6160
3218,大學光,31,1,30,中國信託,2023-06-29,6160
5701,劍湖山,28,1,27,中國信託,2023-06-29,6160
2002,中鋼,44,18,26,中國信託,2023-06-29,6160
00662,富邦NASDAQ,25,0,25,中國信託,2023-06-29,6160
3701,大眾控,29,5,24,中國信託,2023-06-29,6160
2609,陽明,2157,436,1721,中國信託,2023-06-30,6160
5347,世界,1050,2,1048,中國信託,2023-06-30,6160
4904,遠傳,601,5,596,中國信託,2023-06-30,6160
00878,國泰永續高股息,792,212,580,中國信託,2023-06-30,6160
00896,中信綠能及電動車,539,9,530,中國信託,2023-06-30,6160
00894,中信小資高價30,413,11,402,中國信託,2023-06-30,6160
00900,富邦特選高股息30,438,67,371,中國信託,2023-06-30,6160
2618,長榮航,439,187,252,中國信託,2023-06-30,6160
2352,佳世達,209,11,198,中國信託,2023-06-30,6160
2610,華航,218,53,165,中國信託,2023-06-30,6160
6182,合晶,153,1,152,中國信託,2023-06-30,6160
2881,富邦金,142,9,133,中國信託,2023-06-30,6160
2303,聯電,137,12,125,中國信託,2023-06-30,6160
2412,中華電,113,1,112,中國信託,2023-06-30,6160
00910,第一金太空衛星,162,50,112,中國信託,2023-06-30,6160
00795B,中信美國公債20年,1302,1200,102,中國信託,2023-06-30,6160
00928,中信上櫃ESG30,103,12,91,中國信託,2023-06-30,6160
8069,元太,104,13,91,中國信託,2023-06-30,6160
2883,凱基金,106,17,89,中國信託,2023-06-30,6160
00680L,元大美債20正2,85,0,85,中國信託,2023-06-30,6160
3346,麗清,78,4,74,中國信託,2023-06-30,6160
00690,兆豐藍籌30,69,0,69,中國信託,2023-06-30,6160
1402,遠東新,56,0,56,中國信託,2023-06-30,6160
00753L,中信中國50正2,82,26,56,中國信託,2023-06-30,6160
00912,中信臺灣智慧50,469,414,55,中國信託,2023-06-30,6160
4503,金雨,81,27,54,中國信託,2023-06-30,6160
4175,杏一,68,16,52,中國信託,2023-06-30,6160
3675,德微,54,4,50,中國信託,2023-06-30,6160
2356,英業達,109,60,49,中國信託,2023-06-30,6160
6515,穎崴,52,3,49,中國信託,2023-06-30,6160
00632R,元大台灣50反1,55,6,49,中國信託,2023-06-30,6160
3058,立德,76,29,47,中國信託,2023-06-30,6160
2383,台光電,49,3,46,中國信託,2023-06-30,6160
2421,建準,62,17,45,中國信託,2023-06-30,6160
6470,宇智,68,23,45,中國信託,2023-06-30,6160
00701,國泰股利精選30,46,3,43,中國信託,2023-06-30,6160
3034,聯詠,43,1,42,中國信託,2023-06-30,6160
2353,宏��,64,24,40,中國信託,2023-06-30,6160
3025,星通,110,71,39,中國信託,2023-06-30,6160
4951,精拓科,40,2,38,中國信託,2023-06-30,6160
2211,長榮鋼,50,12,38,中國信託,2023-06-30,6160
8050,廣積,102,69,33,中國信託,2023-06-30,6160
00913,兆豐台灣晶圓製造,83,50,33,中國信託,2023-06-30,6160
4129,聯合,36,4,32,中國信託,2023-06-30,6160
00673R,期元大S＆P原油反1,32,0,32,中國信託,2023-06-30,6160
6589,台康生技,33,1,32,中國信託,2023-06-30,6160
2344,華邦電,68,36,32,中國信託,2023-06-30,6160
00881,國泰台灣5G+,87,56,31,中國信託,2023-06-30,6160
2882,國泰金,31,0,31,中國信託,2023-06-30,6160
5425,台半,32,2,30,中國信託,2023-06-30,6160
2609,陽明,9376,455,8921,中國信託,2023-07-03,6160
00919,群益台灣精選高息,2004,58,1946,中國信託,2023-07-03,6160
00878,國泰永續高股息,1873,238,1635,中國信託,2023-07-03,6160
00715L,期街口布蘭特正2,1554,189,1365,中國信託,2023-07-03,6160
00881,國泰台灣5G+,1092,41,1051,中國信託,2023-07-03,6160
2330,台積電,765,24,741,中國信託,2023-07-03,6160
2618,長榮航,832,138,694,中國信託,2023-07-03,6160
1504,東元,620,24,596,中國信託,2023-07-03,6160
2881,富邦金,522,1,521,中國信託,2023-07-03,6160
2356,英業達,638,158,480,中國信託,2023-07-03,6160
00896,中信綠能及電動車,575,169,406,中國信託,2023-07-03,6160
4904,遠傳,392,1,391,中國信託,2023-07-03,6160
2352,佳世達,213,21,192,中國信託,2023-07-03,6160
2303,聯電,196,43,153,中國信託,2023-07-03,6160
2371,大同,158,7,151,中國信託,2023-07-03,6160
00655L,國泰中國A50正2,150,0,150,中國信託,2023-07-03,6160
6451,訊芯-KY,149,8,141,中國信託,2023-07-03,6160
2201,裕隆,167,33,134,中國信託,2023-07-03,6160
00690,兆豐藍籌30,132,0,132,中國信託,2023-07-03,6160
2412,中華電,130,3,127,中國信託,2023-07-03,6160
2301,光寶科,307,183,124,中國信託,2023-07-03,6160
1605,華新,216,95,121,中國信託,2023-07-03,6160
2395,研華,120,1,119,中國信託,2023-07-03,6160
006208,富邦台50,228,124,104,中國信託,2023-07-03,6160
4414,如興,112,11,101,中國信託,2023-07-03,6160
020023,元大櫃買半導體N,100,0,100,中國信託,2023-07-03,6160
3037,欣興,129,35,94,中國信託,2023-07-03,6160
00900,富邦特選高股息30,164,72,92,中國信託,2023-07-03,6160
2607,榮運,94,2,92,中國信託,2023-07-03,6160
2892,第一金,91,4,87,中國信託,2023-07-03,6160
2486,一詮,146,64,82,中國信託,2023-07-03,6160
3227,原相,79,1,78,中國信託,2023-07-03,6160
1477,聚陽,66,1,65,中國信託,2023-07-03,6160
3078,僑威,91,27,64,中國信託,2023-07-03,6160
00795B,中信美國公債20年,1443,1378,65,中國信託,2023-07-03,6160
00910,第一金太空衛星,56,0,56,中國信託,2023-07-03,6160
00673R,期元大S＆P原油反1,55,0,55,中國信託,2023-07-03,6160
5258,虹堡,80,27,53,中國信託,2023-07-03,6160
2515,中工,61,8,53,中國信託,2023-07-03,6160
3207,耀勝,87,36,51,中國信託,2023-07-03,6160
9910,豐泰,51,0,51,中國信託,2023-07-03,6160
2351,順德,51,1,50,中國信託,2023-07-03,6160
1815,富喬,50,0,50,中國信託,2023-07-03,6160
020027,元大上櫃ESG成長N,50,0,50,中國信託,2023-07-03,6160
4966,譜瑞-KY,50,0,50,中國信託,2023-07-03,6160
6589,台康生技,51,1,50,中國信託,2023-07-03,6160
5452,佶優,53,6,47,中國信託,2023-07-03,6160
4938,和碩,76,30,46,中國信託,2023-07-03,6160
5388,中磊,123,78,45,中國信託,2023-07-03,6160
3526,凡甲,46,1,45,中國信託,2023-07-03,6160
00881,國泰台灣5G+,5317,129,5188,中國信託,2023-07-04,6160
00878,國泰永續高股息,3360,586,2774,中國信託,2023-07-04,6160
2618,長榮航,2531,80,2451,中國信託,2023-07-04,6160
00919,群益台灣精選高息,1174,114,1060,中國信託,2023-07-04,6160
00900,富邦特選高股息30,1063,17,1046,中國信託,2023-07-04,6160
2892,第一金,1031,3,1028,中國信託,2023-07-04,6160
2890,永豐金,910,24,886,中國信託,2023-07-04,6160
3231,緯創,790,233,557,中國信託,2023-07-04,6160
00894,中信小資高價30,572,21,551,中國信託,2023-07-04,6160
2330,台積電,535,69,466,中國信託,2023-07-04,6160
2382,廣達,514,239,275,中國信託,2023-07-04,6160
0050,元大台灣50,251,12,239,中國信託,2023-07-04,6160
00715L,期街口布蘭特正2,314,101,213,中國信託,2023-07-04,6160
9105,泰金寶-DR,200,0,200,中國信託,2023-07-04,6160
00712,復華富時不動產,191,14,177,中國信託,2023-07-04,6160
2409,友達,182,9,173,中國信託,2023-07-04,6160
3044,健鼎,176,3,173,中國信託,2023-07-04,6160
2633,台灣高鐵,166,1,165,中國信託,2023-07-04,6160
2881,富邦金,165,1,164,中國信託,2023-07-04,6160
2515,中工,156,6,150,中國信託,2023-07-04,6160
2376,技嘉,255,106,149,中國信託,2023-07-04,6160
9933,中鼎,144,0,144,中國信託,2023-07-04,6160
2891,中信金,167,32,135,中國信託,2023-07-04,6160
00896,中信綠能及電動車,311,177,134,中國信託,2023-07-04,6160
2356,英業達,488,357,131,中國信託,2023-07-04,6160
6285,啟��,165,44,121,中國信託,2023-07-04,6160
6288,聯嘉,123,14,109,中國信託,2023-07-04,6160
2412,中華電,103,0,103,中國信託,2023-07-04,6160
4938,和碩,104,1,103,中國信託,2023-07-04,6160
2867,三商壽,113,11,102,中國信託,2023-07-04,6160
3207,耀勝,130,28,102,中國信託,2023-07-04,6160
3706,神達,186,93,93,中國信託,2023-07-04,6160
2421,建準,207,118,89,中國信託,2023-07-04,6160
00751B,元大AAA至A公司債,87,3,84,中國信託,2023-07-04,6160
2884,玉山金,86,4,82,中國信託,2023-07-04,6160
8210,勤誠,155,74,81,中國信託,2023-07-04,6160
2352,佳世達,93,12,81,中國信託,2023-07-04,6160
2883,凱基金,143,62,81,中國信託,2023-07-04,6160
2885,元大金,85,5,80,中國信託,2023-07-04,6160
6271,同欣電,75,0,75,中國信託,2023-07-04,6160
2002,中鋼,114,44,70,中國信託,2023-07-04,6160
2615,萬海,427,359,68,中國信託,2023-07-04,6160
4414,如興,72,4,68,中國信託,2023-07-04,6160
5289,宜鼎,73,7,66,中國信託,2023-07-04,6160
3078,僑威,98,32,66,中國信託,2023-07-04,6160
1101,台泥,69,5,64,中國信託,2023-07-04,6160
6282,康舒,311,248,63,中國信託,2023-07-04,6160
00901,永豐智能車供應鏈,62,0,62,中國信託,2023-07-04,6160
2812,台中銀,59,0,59,中國信託,2023-07-04,6160
1591,駿吉-KY,56,0,56,中國信託,2023-07-04,6160
2618,長榮航,2686,290,2396,中國信託,2023-07-05,6160
00881,國泰台灣5G+,830,9,821,中國信託,2023-07-05,6160
2330,台積電,580,39,541,中國信託,2023-07-05,6160
3481,群創,553,16,537,中國信託,2023-07-05,6160
2885,元大金,528,2,526,中國信託,2023-07-05,6160
2603,長榮,756,339,417,中國信託,2023-07-05,6160
00673R,期元大S＆P原油反1,415,0,415,中國信託,2023-07-05,6160
00878,國泰永續高股息,504,171,333,中國信託,2023-07-05,6160
2301,光寶科,317,78,239,中國信託,2023-07-05,6160
00901,永豐智能車供應鏈,233,0,233,中國信託,2023-07-05,6160
2204,中華,213,2,211,中國信託,2023-07-05,6160
2633,台灣高鐵,175,1,174,中國信託,2023-07-05,6160
006208,富邦台50,225,105,120,中國信託,2023-07-05,6160
2548,華固,115,0,115,中國信託,2023-07-05,6160
2412,中華電,111,0,111,中國信託,2023-07-05,6160
2881,富邦金,140,32,108,中國信託,2023-07-05,6160
2888,新光金,148,45,103,中國信託,2023-07-05,6160
00882,中信中國高股息,94,4,90,中國信託,2023-07-05,6160
00715L,期街口布蘭特正2,133,43,90,中國信託,2023-07-05,6160
1609,大亞,152,65,87,中國信託,2023-07-05,6160
00712,復華富時不動產,96,16,80,中國信託,2023-07-05,6160
2369,菱生,80,5,75,中國信託,2023-07-05,6160
3583,辛耘,94,22,72,中國信託,2023-07-05,6160
4207,環泰,76,6,70,中國信託,2023-07-05,6160
2882,國泰金,70,2,68,中國信託,2023-07-05,6160
00728,第一金工業30,67,0,67,中國信託,2023-07-05,6160
00893,國泰智能電動車,71,7,64,中國信託,2023-07-05,6160
5388,中磊,78,14,64,中國信託,2023-07-05,6160
00919,群益台灣精選高息,90,27,63,中國信託,2023-07-05,6160
1905,華紙,122,64,58,中國信託,2023-07-05,6160
2883,凱基金,68,13,55,中國信託,2023-07-05,6160
2889,國票金,53,0,53,中國信託,2023-07-05,6160
5452,佶優,53,0,53,中國信託,2023-07-05,6160
2887,台新金,65,12,53,中國信託,2023-07-05,6160
00891,中信關鍵半導體,84,32,52,中國信託,2023-07-05,6160
2303,聯電,66,14,52,中國信託,2023-07-05,6160
9802,鈺齊-KY,65,14,51,中國信託,2023-07-05,6160
1815,富喬,51,1,50,中國信託,2023-07-05,6160
2360,致茂,53,3,50,中國信託,2023-07-05,6160
5347,世界,55,6,49,中國信託,2023-07-05,6160
3105,穩懋,84,35,49,中國信託,2023-07-05,6160
6806,森崴能源,46,0,46,中國信託,2023-07-05,6160
3588,通嘉,46,0,46,中國信託,2023-07-05,6160
9933,中鼎,45,0,45,中國信託,2023-07-05,6160
2634,漢翔,79,34,45,中國信託,2023-07-05,6160
2880,華南金,50,7,43,中國信託,2023-07-05,6160
00738U,期元大道瓊白銀,43,0,43,中國信託,2023-07-05,6160
2323,中環,77,34,43,中國信託,2023-07-05,6160
00752,中信中國50,42,0,42,中國信託,2023-07-05,6160
4968,立積,99,57,42,中國信託,2023-07-05,6160
00881,國泰台灣5G+,1830,5,1825,中國信託,2023-07-06,6160
1402,遠東新,1552,0,1552,中國信託,2023-07-06,6160
00878,國泰永續高股息,921,264,657,中國信託,2023-07-06,6160
2891,中信金,619,13,606,中國信託,2023-07-06,6160
00673R,期元大S＆P原油反1,494,0,494,中國信託,2023-07-06,6160
1605,華新,527,65,462,中國信託,2023-07-06,6160
00892,富邦台灣半導體,444,10,434,中國信託,2023-07-06,6160
0056,元大高股息,1572,1152,420,中國信託,2023-07-06,6160
2890,永豐金,421,3,418,中國信託,2023-07-06,6160
1102,亞泥,374,13,361,中國信託,2023-07-06,6160
1216,統一,320,0,320,中國信託,2023-07-06,6160
2301,光寶科,670,352,318,中國信託,2023-07-06,6160
2606,裕民,310,3,307,中國信託,2023-07-06,6160
2409,友達,416,147,269,中國信託,2023-07-06,6160
2388,威盛,309,81,228,中國信託,2023-07-06,6160
1301,台塑,230,15,215,中國信託,2023-07-06,6160
3042,晶技,195,0,195,中國信託,2023-07-06,6160
3231,緯創,643,451,192,中國信託,2023-07-06,6160
2371,大同,190,19,171,中國信託,2023-07-06,6160
2883,凱基金,192,46,146,中國信託,2023-07-06,6160
1101,台泥,168,31,137,中國信託,2023-07-06,6160
2353,宏��,143,10,133,中國信託,2023-07-06,6160
00712,復華富時不動產,216,88,128,中國信託,2023-07-06,6160
00896,中信綠能及電動車,226,98,128,中國信託,2023-07-06,6160
3702,大聯大,123,1,122,中國信託,2023-07-06,6160
00679B,元大美債20年,124,3,121,中國信託,2023-07-06,6160
2887,台新金,125,27,98,中國信託,2023-07-06,6160
5234,達興材料,102,5,97,中國信託,2023-07-06,6160
1584,精剛,107,14,93,中國信託,2023-07-06,6160
00680L,元大美債20正2,93,0,93,中國信託,2023-07-06,6160
6111,大宇資,198,111,87,中國信託,2023-07-06,6160
2383,台光電,94,10,84,中國信託,2023-07-06,6160
3105,穩懋,161,80,81,中國信託,2023-07-06,6160
2368,金像電,109,36,73,中國信託,2023-07-06,6160
00772B,中信高評級公司債,107,35,72,中國信託,2023-07-06,6160
2881,富邦金,81,11,70,中國信託,2023-07-06,6160
2885,元大金,121,60,61,中國信託,2023-07-06,6160
2882,國泰金,66,6,60,中國信託,2023-07-06,6160
00720B,元大投資級公司債,62,7,55,中國信託,2023-07-06,6160
4979,華星光,179,124,55,中國信託,2023-07-06,6160
4960,誠美材,58,4,54,中國信託,2023-07-06,6160
2880,華南金,56,3,53,中國信託,2023-07-06,6160
00901,永豐智能車供應鏈,52,0,52,中國信託,2023-07-06,6160
3044,健鼎,51,1,50,中國信託,2023-07-06,6160
1815,富喬,50,0,50,中國信託,2023-07-06,6160
9933,中鼎,50,0,50,中國信託,2023-07-06,6160
5452,佶優,50,1,49,中國信託,2023-07-06,6160
6147,頎邦,50,1,49,中國信託,2023-07-06,6160
6491,晶碩,55,7,48,中國信託,2023-07-06,6160
2836,高雄銀,48,0,48,中國信託,2023-07-06,6160
00881,國泰台灣5G+,1352,13,1339,中國信託,2023-07-07,6160
0056,元大高股息,1077,511,566,中國信託,2023-07-07,6160
1102,亞泥,422,1,421,中國信託,2023-07-07,6160
1402,遠東新,409,0,409,中國信託,2023-07-07,6160
00891,中信關鍵半導體,337,7,330,中國信託,2023-07-07,6160
00651R,復華香港反1,300,0,300,中國信託,2023-07-07,6160
1301,台塑,239,0,239,中國信託,2023-07-07,6160
1710,東聯,217,1,216,中國信託,2023-07-07,6160
00679B,元大美債20年,238,22,216,中國信託,2023-07-07,6160
00896,中信綠能及電動車,185,9,176,中國信託,2023-07-07,6160
00720B,元大投資級公司債,183,11,172,中國信託,2023-07-07,6160
2891,中信金,367,200,167,中國信託,2023-07-07,6160
00901,永豐智能車供應鏈,148,18,130,中國信託,2023-07-07,6160
5234,達興材料,136,7,129,中國信託,2023-07-07,6160
00882,中信中國高股息,137,13,124,中國信託,2023-07-07,6160
3702,大聯大,119,6,113,中國信託,2023-07-07,6160
2618,長榮航,520,410,110,中國信託,2023-07-07,6160
01010T,京城樂富R1,106,0,106,中國信託,2023-07-07,6160
1101,台泥,134,36,98,中國信託,2023-07-07,6160
00772B,中信高評級公司債,127,31,96,中國信託,2023-07-07,6160
2332,友訊,108,16,92,中國信託,2023-07-07,6160
00878,國泰永續高股息,387,296,91,中國信託,2023-07-07,6160
00892,富邦台灣半導體,85,0,85,中國信託,2023-07-07,6160
2340,台亞,134,52,82,中國信託,2023-07-07,6160
2412,中華電,92,10,82,中國信託,2023-07-07,6160
2882,國泰金,81,1,80,中國信託,2023-07-07,6160
00900,富邦特選高股息30,78,3,75,中國信託,2023-07-07,6160
00680L,元大美債20正2,91,17,74,中國信託,2023-07-07,6160
00864B,中信美國公債0-1,68,0,68,中國信託,2023-07-07,6160
00673R,期元大S＆P原油反1,67,0,67,中國信託,2023-07-07,6160
2812,台中銀,81,14,67,中國信託,2023-07-07,6160
3701,大眾控,88,24,64,中國信託,2023-07-07,6160
2382,廣達,126,65,61,中國信託,2023-07-07,6160
6799,來頡,60,0,60,中國信託,2023-07-07,6160
5439,高技,68,9,59,中國信託,2023-07-07,6160
00904,新光臺灣半導體30,61,2,59,中國信託,2023-07-07,6160
3034,聯詠,63,4,59,中國信託,2023-07-07,6160
3596,智易,59,2,57,中國信託,2023-07-07,6160
6546,正基,80,23,57,中國信託,2023-07-07,6160
4960,誠美材,57,2,55,中國信託,2023-07-07,6160
9933,中鼎,53,0,53,中國信託,2023-07-07,6160
2881,富邦金,64,11,53,中國信託,2023-07-07,6160
2369,菱生,55,3,52,中國信託,2023-07-07,6160
1815,富喬,52,0,52,中國信託,2023-07-07,6160
2892,第一金,69,19,50,中國信託,2023-07-07,6160
8299,群聯,52,2,50,中國信託,2023-07-07,6160
5452,佶優,50,2,48,中國信託,2023-07-07,6160
3036,文曄,50,2,48,中國信託,2023-07-07,6160
2836,高雄銀,48,0,48,中國信託,2023-07-07,6160
1709,和益,48,0,48,中國信託,2023-07-07,6160
00881,國泰台灣5G+,1245,20,1225,中國信託,2023-07-10,6160
00878,國泰永續高股息,893,133,760,中國信託,2023-07-10,6160
00896,中信綠能及電動車,725,43,682,中國信託,2023-07-10,6160
00715L,期街口布蘭特正2,757,150,607,中國信託,2023-07-10,6160
2352,佳世達,601,2,599,中國信託,2023-07-10,6160
2301,光寶科,508,62,446,中國信託,2023-07-10,6160
00679B,元大美債20年,391,4,387,中國信託,2023-07-10,6160
00673R,期元大S＆P原油反1,382,8,374,中國信託,2023-07-10,6160
00894,中信小資高價30,257,15,242,中國信託,2023-07-10,6160
0050,元大台灣50,282,65,217,中國信託,2023-07-10,6160
8046,南電,205,1,204,中國信託,2023-07-10,6160
00901,永豐智能車供應鏈,217,14,203,中國信託,2023-07-10,6160
1215,卜蜂,200,0,200,中國信託,2023-07-10,6160
00912,中信臺灣智慧50,193,31,162,中國信託,2023-07-10,6160
1101,台泥,156,2,154,中國信託,2023-07-10,6160
2885,元大金,170,17,153,中國信託,2023-07-10,6160
2454,聯發科,164,16,148,中國信託,2023-07-10,6160
00885,富邦越南,155,17,138,中國信託,2023-07-10,6160
00712,復華富時不動產,141,10,131,中國信託,2023-07-10,6160
4532,瑞智,365,235,130,中國信託,2023-07-10,6160
00891,中信關鍵半導體,126,4,122,中國信託,2023-07-10,6160
3702,大聯大,113,0,113,中國信託,2023-07-10,6160
3707,漢磊,169,63,106,中國信託,2023-07-10,6160
2382,廣達,163,59,104,中國信託,2023-07-10,6160
3483,力致,101,0,101,中國信託,2023-07-10,6160
6239,力成,100,0,100,中國信託,2023-07-10,6160
6417,韋僑,136,37,99,中國信託,2023-07-10,6160
3325,旭品,118,20,98,中國信託,2023-07-10,6160
2412,中華電,97,0,97,中國信託,2023-07-10,6160
2303,聯電,190,95,95,中國信託,2023-07-10,6160
2610,華航,153,60,93,中國信託,2023-07-10,6160
00882,中信中國高股息,90,3,87,中國信託,2023-07-10,6160
2317,鴻海,96,12,84,中國信託,2023-07-10,6160
9933,中鼎,83,0,83,中國信託,2023-07-10,6160
00680L,元大美債20正2,80,0,80,中國信託,2023-07-10,6160
1303,南亞,80,0,80,中國信託,2023-07-10,6160
2324,仁寶,98,22,76,中國信託,2023-07-10,6160
5347,世界,77,1,76,中國信託,2023-07-10,6160
1519,華城,73,3,70,中國信託,2023-07-10,6160
6142,友勁,71,1,70,中國信託,2023-07-10,6160
00772B,中信高評級公司債,80,16,64,中國信託,2023-07-10,6160
3045,台灣大,63,0,63,中國信託,2023-07-10,6160
2883,凱基金,117,55,62,中國信託,2023-07-10,6160
2356,英業達,95,40,55,中國信託,2023-07-10,6160
2867,三商壽,57,2,55,中國信託,2023-07-10,6160
3362,先進光,274,219,55,中國信託,2023-07-10,6160
2609,陽明,173,118,55,中國信託,2023-07-10,6160
2347,聯強,54,0,54,中國信託,2023-07-10,6160
1815,富喬,53,1,52,中國信託,2023-07-10,6160
1785,光洋科,114,63,51,中國信託,2023-07-10,6160
00878,國泰永續高股息,4697,605,4092,中國信託,2023-07-11,6160
00881,國泰台灣5G+,968,136,832,中國信託,2023-07-11,6160
00632R,元大台灣50反1,934,401,533,中國信託,2023-07-11,6160
00900,富邦特選高股息30,561,104,457,中國信託,2023-07-11,6160
00673R,期元大S＆P原油反1,320,0,320,中國信託,2023-07-11,6160
4746,台耀,327,20,307,中國信託,2023-07-11,6160
0056,元大高股息,521,235,286,中國信託,2023-07-11,6160
00891,中信關鍵半導體,217,5,212,中國信託,2023-07-11,6160
6274,台燿,255,44,211,中國信託,2023-07-11,6160
1459,聯發,184,0,184,中國信託,2023-07-11,6160
6179,亞通,142,0,142,中國信託,2023-07-11,6160
4904,遠傳,114,0,114,中國信託,2023-07-11,6160
6126,信音,103,1,102,中國信託,2023-07-11,6160
00706L,期元大S＆P日圓正2,96,0,96,中國信託,2023-07-11,6160
4979,華星光,102,12,90,中國信託,2023-07-11,6160
8155,博智,112,22,90,中國信託,2023-07-11,6160
00928,中信上櫃ESG30,142,55,87,中國信託,2023-07-11,6160
2329,華泰,154,67,87,中國信託,2023-07-11,6160
3715,定穎投控,87,2,85,中國信託,2023-07-11,6160
3044,健鼎,81,0,81,中國信託,2023-07-11,6160
00753L,中信中國50正2,132,55,77,中國信託,2023-07-11,6160
3704,合勤控,97,20,77,中國信託,2023-07-11,6160
2356,英業達,294,219,75,中國信託,2023-07-11,6160
00679B,元大美債20年,77,2,75,中國信託,2023-07-11,6160
00910,第一金太空衛星,77,5,72,中國信託,2023-07-11,6160
5388,中磊,99,34,65,中國信託,2023-07-11,6160
3260,威剛,64,2,62,中國信託,2023-07-11,6160
00892,富邦台灣半導體,61,0,61,中國信託,2023-07-11,6160
8210,勤誠,73,13,60,中國信託,2023-07-11,6160
4564,元翎,58,6,52,中國信託,2023-07-11,6160
3036,文曄,52,0,52,中國信託,2023-07-11,6160
9933,中鼎,51,0,51,中國信託,2023-07-11,6160
6147,頎邦,51,0,51,中國信託,2023-07-11,6160
8046,南電,55,7,48,中國信託,2023-07-11,6160
00690,兆豐藍籌30,48,1,47,中國信託,2023-07-11,6160
1471,首利,52,6,46,中國信託,2023-07-11,6160
2368,金像電,115,71,44,中國信託,2023-07-11,6160
4934,太極,186,143,43,中國信託,2023-07-11,6160
4414,如興,53,11,42,中國信託,2023-07-11,6160
8087,麗升能源,44,2,42,中國信託,2023-07-11,6160
1604,聲寶,48,6,42,中國信託,2023-07-11,6160
00631L,元大台灣50正2,40,0,40,中國信託,2023-07-11,6160
2323,中環,193,154,39,中國信託,2023-07-11,6160
6160,欣技,40,2,38,中國信託,2023-07-11,6160
2486,一詮,150,112,38,中國信託,2023-07-11,6160
5864,致和證,37,0,37,中國信託,2023-07-11,6160
6234,高僑,51,14,37,中國信託,2023-07-11,6160
00772B,中信高評級公司債,88,51,37,中國信託,2023-07-11,6160
3017,奇鋐,67,31,36,中國信託,2023-07-11,6160
4960,誠美材,49,15,34,中國信託,2023-07-11,6160
00878,國泰永續高股息,2605,653,1952,中國信託,2023-07-12,6160
0056,元大高股息,1135,204,931,中國信託,2023-07-12,6160
00881,國泰台灣5G+,946,135,811,中國信託,2023-07-12,6160
00900,富邦特選高股息30,753,51,702,中國信託,2023-07-12,6160
00901,永豐智能車供應鏈,456,3,453,中國信託,2023-07-12,6160
00715L,期街口布蘭特正2,609,190,419,中國信託,2023-07-12,6160
6239,力成,401,1,400,中國信託,2023-07-12,6160
2881,富邦金,418,38,380,中國信託,2023-07-12,6160
5347,世界,384,7,377,中國信託,2023-07-12,6160
00673R,期元大S＆P原油反1,209,10,199,中國信託,2023-07-12,6160
3017,奇鋐,215,30,185,中國信託,2023-07-12,6160
2885,元大金,186,8,178,中國信託,2023-07-12,6160
00928,中信上櫃ESG30,344,171,173,中國信託,2023-07-12,6160
00795B,中信美國公債20年,1191,1031,160,中國信託,2023-07-12,6160
2421,建準,174,19,155,中國信託,2023-07-12,6160
2303,聯電,159,22,137,中國信託,2023-07-12,6160
6282,康舒,229,102,127,中國信託,2023-07-12,6160
00679B,元大美債20年,125,0,125,中國信託,2023-07-12,6160
9933,中鼎,112,0,112,中國信託,2023-07-12,6160
00910,第一金太空衛星,110,0,110,中國信託,2023-07-12,6160
00913,兆豐台灣晶圓製造,103,0,103,中國信託,2023-07-12,6160
9910,豐泰,101,0,101,中國信託,2023-07-12,6160
2371,大同,112,13,99,中國信託,2023-07-12,6160
2412,中華電,96,0,96,中國信託,2023-07-12,6160
3264,欣銓,165,74,91,中國信託,2023-07-12,6160
00917,中信特選金融,96,7,89,中國信託,2023-07-12,6160
6188,廣明,165,78,87,中國信託,2023-07-12,6160
3715,定穎投控,90,4,86,中國信託,2023-07-12,6160
6142,友勁,82,2,80,中國信託,2023-07-12,6160
2382,廣達,319,246,73,中國信託,2023-07-12,6160
5876,上海商銀,71,0,71,中國信託,2023-07-12,6160
2409,友達,94,27,67,中國信託,2023-07-12,6160
2610,華航,357,291,66,中國信託,2023-07-12,6160
2344,華邦電,98,33,65,中國信託,2023-07-12,6160
4746,台耀,76,13,63,中國信託,2023-07-12,6160
2301,光寶科,185,123,62,中國信託,2023-07-12,6160
4960,誠美材,61,0,61,中國信託,2023-07-12,6160
1459,聯發,61,0,61,中國信託,2023-07-12,6160
0050,元大台灣50,239,179,60,中國信託,2023-07-12,6160
00862B,中信投資級公司債,85,25,60,中國信託,2023-07-12,6160
6285,啟��,100,41,59,中國信託,2023-07-12,6160
2912,統一超,60,2,58,中國信託,2023-07-12,6160
5483,中美晶,89,31,58,中國信託,2023-07-12,6160
3131,弘塑,61,5,56,中國信託,2023-07-12,6160
3010,華立,56,0,56,中國信託,2023-07-12,6160
6126,信音,52,0,52,中國信託,2023-07-12,6160
6147,頎邦,51,0,51,中國信託,2023-07-12,6160
2385,群光,93,43,50,中國信託,2023-07-12,6160
00882,中信中國高股息,53,4,49,中國信託,2023-07-12,6160
8936,國統,47,1,46,中國信託,2023-07-12,6160
00901,永豐智能車供應鏈,2301,74,2227,中國信託,2023-07-13,6160
00878,國泰永續高股息,2917,1471,1446,中國信託,2023-07-13,6160
3481,群創,1571,148,1423,中國信託,2023-07-13,6160
5876,上海商銀,900,1,899,中國信託,2023-07-13,6160
0056,元大高股息,1344,460,884,中國信託,2023-07-13,6160
00923,群益台ESG低碳50,759,5,754,中國信託,2023-07-13,6160
2412,中華電,624,1,623,中國信託,2023-07-13,6160
00919,群益台灣精選高息,721,261,460,中國信託,2023-07-13,6160
00881,國泰台灣5G+,587,142,445,中國信託,2023-07-13,6160
00894,中信小資高價30,449,43,406,中國信託,2023-07-13,6160
00690,兆豐藍籌30,385,17,368,中國信託,2023-07-13,6160
00713,元大台灣高息低波,408,93,315,中國信託,2023-07-13,6160
00632R,元大台灣50反1,666,380,286,中國信託,2023-07-13,6160
3234,光環,271,5,266,中國信託,2023-07-13,6160
2301,光寶科,495,247,248,中國信託,2023-07-13,6160
00673R,期元大S＆P原油反1,262,22,240,中國信託,2023-07-13,6160
00928,中信上櫃ESG30,259,37,222,中國信託,2023-07-13,6160
2330,台積電,369,151,218,中國信託,2023-07-13,6160
2332,友訊,261,43,218,中國信託,2023-07-13,6160
1215,卜蜂,200,0,200,中國信託,2023-07-13,6160
3231,緯創,616,425,191,中國信託,2023-07-13,6160
2324,仁寶,308,122,186,中國信託,2023-07-13,6160
00927,群益半導體收益,228,45,183,中國信託,2023-07-13,6160
6116,彩晶,321,144,177,中國信託,2023-07-13,6160
1609,大亞,193,33,160,中國信託,2023-07-13,6160
00930,永豐ESG低碳高息,154,0,154,中國信託,2023-07-13,6160
00715L,期街口布蘭特正2,167,37,130,中國信託,2023-07-13,6160
2610,華航,300,170,130,中國信託,2023-07-13,6160
2888,新光金,168,43,125,中國信託,2023-07-13,6160
2618,長榮航,766,647,119,中國信託,2023-07-13,6160
8050,廣積,133,17,116,中國信託,2023-07-13,6160
3025,星通,204,89,115,中國信託,2023-07-13,6160
3045,台灣大,105,1,104,中國信託,2023-07-13,6160
4746,台耀,122,18,104,中國信託,2023-07-13,6160
6138,茂達,102,3,99,中國信託,2023-07-13,6160
5289,宜鼎,94,2,92,中國信託,2023-07-13,6160
2204,中華,95,6,89,中國信託,2023-07-13,6160
6669,緯穎,103,15,88,中國信託,2023-07-13,6160
2368,金像電,156,70,86,中國信託,2023-07-13,6160
00921,兆豐龍頭等權重,140,63,77,中國信託,2023-07-13,6160
3033,威健,107,31,76,中國信託,2023-07-13,6160
3217,優群,88,12,76,中國信託,2023-07-13,6160
4979,華星光,93,19,74,中國信託,2023-07-13,6160
8938,明安,90,16,74,中國信託,2023-07-13,6160
5483,中美晶,111,45,66,中國信託,2023-07-13,6160
8936,國統,86,21,65,中國信託,2023-07-13,6160
2329,華泰,135,72,63,中國信託,2023-07-13,6160
3078,僑威,72,10,62,中國信託,2023-07-13,6160
2707,晶華,64,3,61,中國信託,2023-07-13,6160
00882,中信中國高股息,79,21,58,中國信託,2023-07-13,6160
00878,國泰永續高股息,3531,1339,2192,中國信託,2023-07-14,6160
00881,國泰台灣5G+,1713,100,1613,中國信託,2023-07-14,6160
00901,永豐智能車供應鏈,773,37,736,中國信託,2023-07-14,6160
00715L,期街口布蘭特正2,901,253,648,中國信託,2023-07-14,6160
3231,緯創,748,293,455,中國信託,2023-07-14,6160
006208,富邦台50,469,20,449,中國信託,2023-07-14,6160
00927,群益半導體收益,569,216,353,中國信託,2023-07-14,6160
00690,兆豐藍籌30,353,31,322,中國信託,2023-07-14,6160
00900,富邦特選高股息30,603,292,311,中國信託,2023-07-14,6160
00891,中信關鍵半導體,259,30,229,中國信託,2023-07-14,6160
00650L,復華香港正2,200,0,200,中國信託,2023-07-14,6160
2371,大同,217,20,197,中國信託,2023-07-14,6160
1402,遠東新,201,10,191,中國信託,2023-07-14,6160
8937,合騏,170,0,170,中國信託,2023-07-14,6160
1210,大成,154,2,152,中國信託,2023-07-14,6160
00673R,期元大S＆P原油反1,153,11,142,中國信託,2023-07-14,6160
3234,光環,151,10,141,中國信託,2023-07-14,6160
00882,中信中國高股息,151,12,139,中國信託,2023-07-14,6160
2637,慧洋-KY,143,4,139,中國信託,2023-07-14,6160
2376,技嘉,296,168,128,中國信託,2023-07-14,6160
00892,富邦台灣半導體,124,4,120,中國信託,2023-07-14,6160
2329,華泰,238,128,110,中國信託,2023-07-14,6160
3006,晶豪科,108,0,108,中國信託,2023-07-14,6160
2332,友訊,116,10,106,中國信託,2023-07-14,6160
3025,星通,125,23,102,中國信託,2023-07-14,6160
5351,鈺創,98,7,91,中國信託,2023-07-14,6160
1514,亞力,98,22,76,中國信託,2023-07-14,6160
00679B,元大美債20年,88,13,75,中國信託,2023-07-14,6160
1504,東元,121,60,61,中國信託,2023-07-14,6160
00896,中信綠能及電動車,162,103,59,中國信託,2023-07-14,6160
00752,中信中國50,532,473,59,中國信託,2023-07-14,6160
00919,群益台灣精選高息,369,311,58,中國信託,2023-07-14,6160
6187,萬潤,104,47,57,中國信託,2023-07-14,6160
00712,復華富時不動產,132,76,56,中國信託,2023-07-14,6160
3704,合勤控,80,25,55,中國信託,2023-07-14,6160
2867,三商壽,59,4,55,中國信託,2023-07-14,6160
9802,鈺齊-KY,53,0,53,中國信託,2023-07-14,6160
2515,中工,53,1,52,中國信託,2023-07-14,6160
00642U,期元大S＆P石油,62,11,51,中國信託,2023-07-14,6160
3062,建漢,70,20,50,中國信託,2023-07-14,6160
9933,中鼎,48,0,48,中國信託,2023-07-14,6160
8050,廣積,103,56,47,中國信託,2023-07-14,6160
2609,陽明,94,51,43,中國信託,2023-07-14,6160
6116,彩晶,95,53,42,中國信託,2023-07-14,6160
00665L,富邦�琤肭磪囓�2,59,24,35,中國信託,2023-07-14,6160
00928,中信上櫃ESG30,149,114,35,中國信託,2023-07-14,6160
2419,仲琦,305,270,35,中國信託,2023-07-14,6160
00753L,中信中國50正2,108,75,33,中國信託,2023-07-14,6160
3131,弘塑,34,1,33,中國信託,2023-07-14,6160
1513,中興電,106,74,32,中國信託,2023-07-14,6160
00878,國泰永續高股息,2602,1198,1404,中國信託,2023-07-17,6160
00881,國泰台灣5G+,1429,49,1380,中國信託,2023-07-17,6160
0050,元大台灣50,1206,108,1098,中國信託,2023-07-17,6160
00901,永豐智能車供應鏈,686,43,643,中國信託,2023-07-17,6160
2344,華邦電,517,51,466,中國信託,2023-07-17,6160
2421,建準,548,96,452,中國信託,2023-07-17,6160
8936,國統,444,102,342,中國信託,2023-07-17,6160
00921,兆豐龍頭等權重,325,6,319,中國信託,2023-07-17,6160
00900,富邦特選高股息30,326,70,256,中國信託,2023-07-17,6160
006208,富邦台50,327,78,249,中國信託,2023-07-17,6160
2886,兆豐金,261,13,248,中國信託,2023-07-17,6160
00891,中信關鍵半導體,247,5,242,中國信託,2023-07-17,6160
00904,新光臺灣半導體30,245,4,241,中國信託,2023-07-17,6160
2603,長榮,272,55,217,中國信託,2023-07-17,6160
2332,友訊,212,17,195,中國信託,2023-07-17,6160
00882,中信中國高股息,215,31,184,中國信託,2023-07-17,6160
00690,兆豐藍籌30,177,3,174,中國信託,2023-07-17,6160
2812,台中銀,233,60,173,中國信託,2023-07-17,6160
3231,緯創,295,130,165,中國信託,2023-07-17,6160
3706,神達,159,11,148,中國信託,2023-07-17,6160
2618,長榮航,344,200,144,中國信託,2023-07-17,6160
2382,廣達,232,92,140,中國信託,2023-07-17,6160
2347,聯強,138,2,136,中國信託,2023-07-17,6160
00753L,中信中國50正2,147,13,134,中國信託,2023-07-17,6160
2515,中工,194,61,133,中國信託,2023-07-17,6160
00928,中信上櫃ESG30,140,8,132,中國信託,2023-07-17,6160
2356,英業達,280,160,120,中國信託,2023-07-17,6160
1210,大成,193,75,118,中國信託,2023-07-17,6160
2324,仁寶,423,319,104,中國信託,2023-07-17,6160
2301,光寶科,273,173,100,中國信託,2023-07-17,6160
3025,星通,138,39,99,中國信託,2023-07-17,6160
2449,京元電子,155,59,96,中國信託,2023-07-17,6160
2371,大同,113,18,95,中國信託,2023-07-17,6160
2201,裕隆,109,15,94,中國信託,2023-07-17,6160
2313,華通,197,107,90,中國信託,2023-07-17,6160
00632R,元大台灣50反1,286,205,81,中國信託,2023-07-17,6160
5347,世界,82,1,81,中國信託,2023-07-17,6160
2387,精元,79,0,79,中國信託,2023-07-17,6160
00887,永豐中國科技50大,79,0,79,中國信託,2023-07-17,6160
1504,東元,146,68,78,中國信託,2023-07-17,6160
2323,中環,104,27,77,中國信託,2023-07-17,6160
1519,華城,127,51,76,中國信託,2023-07-17,6160
3014,聯陽,111,35,76,中國信託,2023-07-17,6160
5258,虹堡,145,73,72,中國信託,2023-07-17,6160
2303,聯電,115,43,72,中國信託,2023-07-17,6160
3033,威健,81,11,70,中國信託,2023-07-17,6160
2412,中華電,67,1,66,中國信託,2023-07-17,6160
2362,藍天,69,6,63,中國信託,2023-07-17,6160
00894,中信小資高價30,74,14,60,中國信託,2023-07-17,6160
3704,合勤控,96,37,59,中國信託,2023-07-17,6160
2882,國泰金,2545,40,2505,中國信託,2023-07-18,6160
2313,華通,1533,83,1450,中國信託,2023-07-18,6160
00881,國泰台灣5G+,1444,37,1407,中國信託,2023-07-18,6160
2885,元大金,1305,30,1275,中國信託,2023-07-18,6160
2891,中信金,1181,126,1055,中國信託,2023-07-18,6160
0056,元大高股息,1965,1086,879,中國信託,2023-07-18,6160
2324,仁寶,1074,270,804,中國信託,2023-07-18,6160
00900,富邦特選高股息30,638,22,616,中國信託,2023-07-18,6160
00882,中信中國高股息,572,10,562,中國信託,2023-07-18,6160
00878,國泰永續高股息,1051,525,526,中國信託,2023-07-18,6160
00753L,中信中國50正2,825,363,462,中國信託,2023-07-18,6160
2515,中工,400,0,400,中國信託,2023-07-18,6160
00713,元大台灣高息低波,395,17,378,中國信託,2023-07-18,6160
3706,神達,801,439,362,中國信託,2023-07-18,6160
6282,康舒,848,513,335,中國信託,2023-07-18,6160
2312,金寶,581,290,291,中國信託,2023-07-18,6160
2809,京城銀,284,5,279,中國信託,2023-07-18,6160
2356,英業達,680,414,266,中國信託,2023-07-18,6160
00752,中信中國50,308,49,259,中國信託,2023-07-18,6160
1605,華新,284,31,253,中國信託,2023-07-18,6160
1402,遠東新,230,2,228,中國信託,2023-07-18,6160
5880,合庫金,228,1,227,中國信託,2023-07-18,6160
00887,永豐中國科技50大,235,16,219,中國信託,2023-07-18,6160
00894,中信小資高價30,335,140,195,中國信託,2023-07-18,6160
3078,僑威,399,209,190,中國信託,2023-07-18,6160
2352,佳世達,297,125,172,中國信託,2023-07-18,6160
00690,兆豐藍籌30,188,24,164,中國信託,2023-07-18,6160
00891,中信關鍵半導體,209,45,164,中國信託,2023-07-18,6160
3231,緯創,416,256,160,中國信託,2023-07-18,6160
4977,眾達-KY,204,52,152,中國信託,2023-07-18,6160
00901,永豐智能車供應鏈,390,242,148,中國信託,2023-07-18,6160
00928,中信上櫃ESG30,190,57,133,中國信託,2023-07-18,6160
00720B,元大投資級公司債,137,4,133,中國信託,2023-07-18,6160
5876,上海商銀,138,8,130,中國信託,2023-07-18,6160
4938,和碩,212,85,127,中國信託,2023-07-18,6160
2201,裕隆,136,32,104,中國信託,2023-07-18,6160
00679B,元大美債20年,107,7,100,中國信託,2023-07-18,6160
1409,新纖,100,1,99,中國信託,2023-07-18,6160
2449,京元電子,213,118,95,中國信託,2023-07-18,6160
2340,台亞,147,55,92,中國信託,2023-07-18,6160
2357,華碩,106,16,90,中國信託,2023-07-18,6160
4904,遠傳,88,1,87,中國信託,2023-07-18,6160
2610,華航,297,211,86,中國信託,2023-07-18,6160
00921,兆豐龍頭等權重,85,0,85,中國信託,2023-07-18,6160
4958,臻鼎-KY,86,2,84,中國信託,2023-07-18,6160
2412,中華電,84,0,84,中國信託,2023-07-18,6160
4979,華星光,115,31,84,中國信託,2023-07-18,6160
00885,富邦越南,85,7,78,中國信託,2023-07-18,6160
00712,復華富時不動產,104,30,74,中國信託,2023-07-18,6160
3694,海華,106,38,68,中國信託,2023-07-18,6160
2891,中信金,1185,340,845,中國信託,2023-07-19,6160
2885,元大金,703,26,677,中國信託,2023-07-19,6160
2515,中工,636,11,625,中國信託,2023-07-19,6160
00912,中信臺灣智慧50,542,22,520,中國信託,2023-07-19,6160
00900,富邦特選高股息30,434,45,389,中國信託,2023-07-19,6160
0056,元大高股息,807,480,327,中國信託,2023-07-19,6160
00715L,期街口布蘭特正2,394,109,285,中國信託,2023-07-19,6160
2809,京城銀,284,3,281,中國信託,2023-07-19,6160
3231,緯創,488,210,278,中國信託,2023-07-19,6160
00921,兆豐龍頭等權重,275,3,272,中國信託,2023-07-19,6160
2610,華航,446,186,260,中國信託,2023-07-19,6160
2618,長榮航,487,268,219,中國信託,2023-07-19,6160
9105,泰金寶-DR,654,441,213,中國信託,2023-07-19,6160
00928,中信上櫃ESG30,329,135,194,中國信託,2023-07-19,6160
2324,仁寶,816,624,192,中國信託,2023-07-19,6160
2201,裕隆,234,67,167,中國信託,2023-07-19,6160
3702,大聯大,156,0,156,中國信託,2023-07-19,6160
0050,元大台灣50,840,698,142,中國信託,2023-07-19,6160
00882,中信中國高股息,158,20,138,中國信託,2023-07-19,6160
3665,貿聯-KY,147,18,129,中國信託,2023-07-19,6160
1305,華夏,130,2,128,中國信託,2023-07-19,6160
4904,遠傳,122,2,120,中國信託,2023-07-19,6160
2419,仲琦,455,347,108,中國信託,2023-07-19,6160
8937,合騏,107,0,107,中國信託,2023-07-19,6160
4958,臻鼎-KY,106,3,103,中國信託,2023-07-19,6160
2014,中鴻,100,1,99,中國信託,2023-07-19,6160
3045,台灣大,103,13,90,中國信託,2023-07-19,6160
8936,國統,98,10,88,中國信託,2023-07-19,6160
00902,中信電池及儲能,144,57,87,中國信託,2023-07-19,6160
1101,台泥,156,69,87,中國信託,2023-07-19,6160
4938,和碩,176,92,84,中國信託,2023-07-19,6160
2881,富邦金,114,33,81,中國信託,2023-07-19,6160
1609,大亞,109,30,79,中國信託,2023-07-19,6160
2376,技嘉,134,57,77,中國信託,2023-07-19,6160
00901,永豐智能車供應鏈,138,62,76,中國信託,2023-07-19,6160
1785,光洋科,73,0,73,中國信託,2023-07-19,6160
2892,第一金,73,3,70,中國信託,2023-07-19,6160
2421,建準,201,137,64,中國信託,2023-07-19,6160
5483,中美晶,75,16,59,中國信託,2023-07-19,6160
2412,中華電,59,0,59,中國信託,2023-07-19,6160
00761B,國泰A級公司債,58,0,58,中國信託,2023-07-19,6160
3548,兆利,55,0,55,中國信託,2023-07-19,6160
00891,中信關鍵半導體,71,18,53,中國信託,2023-07-19,6160
2867,三商壽,62,10,52,中國信託,2023-07-19,6160
00713,元大台灣高息低波,91,40,51,中國信託,2023-07-19,6160
9933,中鼎,51,0,51,中國信託,2023-07-19,6160
2812,台中銀,56,6,50,中國信託,2023-07-19,6160
00650L,復華香港正2,50,0,50,中國信託,2023-07-19,6160
2206,三陽工業,58,8,50,中國信託,2023-07-19,6160
3526,凡甲,49,0,49,中國信託,2023-07-19,6160
00881,國泰台灣5G+,877,21,856,中國信託,2023-07-20,6160
0056,元大高股息,718,158,560,中國信託,2023-07-20,6160
2303,聯電,601,127,474,中國信託,2023-07-20,6160
2885,元大金,500,30,470,中國信託,2023-07-20,6160
4904,遠傳,361,1,360,中國信託,2023-07-20,6160
00665L,富邦�琤肭磪囓�2,351,2,349,中國信託,2023-07-20,6160
00894,中信小資高價30,292,2,290,中國信託,2023-07-20,6160
2809,京城銀,284,23,261,中國信託,2023-07-20,6160
2352,佳世達,392,140,252,中國信託,2023-07-20,6160
2324,仁寶,363,120,243,中國信託,2023-07-20,6160
2330,台積電,248,24,224,中國信託,2023-07-20,6160
00896,中信綠能及電動車,297,112,185,中國信託,2023-07-20,6160
00928,中信上櫃ESG30,182,3,179,中國信託,2023-07-20,6160
0050,元大台灣50,245,70,175,中國信託,2023-07-20,6160
3715,定穎投控,182,7,175,中國信託,2023-07-20,6160
5347,世界,391,263,128,中國信託,2023-07-20,6160
00773B,中信優先金融債,137,23,114,中國信託,2023-07-20,6160
8210,勤誠,167,55,112,中國信託,2023-07-20,6160
00921,兆豐龍頭等權重,112,3,109,中國信託,2023-07-20,6160
00917,中信特選金融,163,57,106,中國信託,2023-07-20,6160
4938,和碩,128,24,104,中國信託,2023-07-20,6160
3481,群創,128,34,94,中國信託,2023-07-20,6160
3231,緯創,266,172,94,中國信託,2023-07-20,6160
6187,萬潤,137,44,93,中國信託,2023-07-20,6160
3191,雲嘉南,92,2,90,中國信託,2023-07-20,6160
1210,大成,135,57,78,中國信託,2023-07-20,6160
2882,國泰金,105,27,78,中國信託,2023-07-20,6160
00713,元大台灣高息低波,104,27,77,中國信託,2023-07-20,6160
00690,兆豐藍籌30,89,17,72,中國信託,2023-07-20,6160
2812,台中銀,73,2,71,中國信託,2023-07-20,6160
00712,復華富時不動產,111,44,67,中國信託,2023-07-20,6160
2412,中華電,62,0,62,中國信託,2023-07-20,6160
3025,星通,160,98,62,中國信託,2023-07-20,6160
2637,慧洋-KY,61,0,61,中國信託,2023-07-20,6160
00901,永豐智能車供應鏈,78,19,59,中國信託,2023-07-20,6160
6451,訊芯-KY,61,5,56,中國信託,2023-07-20,6160
2388,威盛,83,28,55,中國信託,2023-07-20,6160
8937,合騏,54,0,54,中國信託,2023-07-20,6160
00795B,中信美國公債20年,1054,1000,54,中國信託,2023-07-20,6160
2801,彰銀,54,2,52,中國信託,2023-07-20,6160
4919,新唐,75,23,52,中國信託,2023-07-20,6160
1102,亞泥,58,7,51,中國信託,2023-07-20,6160
2892,第一金,50,0,50,中國信託,2023-07-20,6160
2912,統一超,54,6,48,中國信託,2023-07-20,6160
9933,中鼎,48,0,48,中國信託,2023-07-20,6160
2886,兆豐金,73,27,46,中國信託,2023-07-20,6160
3006,晶豪科,50,6,44,中國信託,2023-07-20,6160
1736,喬山,56,14,42,中國信託,2023-07-20,6160
3045,台灣大,40,1,39,中國信託,2023-07-20,6160
3483,力致,61,23,38,中國信託,2023-07-20,6160
00878,國泰永續高股息,7629,1129,6500,中國信託,2023-07-21,6160
2845,遠東銀,2966,37,2929,中國信託,2023-07-21,6160
3231,緯創,1582,246,1336,中國信託,2023-07-21,6160
00881,國泰台灣5G+,783,17,766,中國信託,2023-07-21,6160
2356,英業達,1052,311,741,中國信託,2023-07-21,6160
6116,彩晶,512,11,501,中國信託,2023-07-21,6160
0056,元大高股息,761,330,431,中國信託,2023-07-21,6160
2301,光寶科,559,146,413,中國信託,2023-07-21,6160
00891,中信關鍵半導體,424,14,410,中國信託,2023-07-21,6160
9105,泰金寶-DR,305,17,288,中國信託,2023-07-21,6160
1101,台泥,297,30,267,中國信託,2023-07-21,6160
00632R,元大台灣50反1,641,375,266,中國信託,2023-07-21,6160
00896,中信綠能及電動車,418,154,264,中國信託,2023-07-21,6160
1304,台聚,233,0,233,中國信託,2023-07-21,6160
2618,長榮航,266,53,213,中國信託,2023-07-21,6160
6189,豐藝,206,3,203,中國信託,2023-07-21,6160
00894,中信小資高價30,276,83,193,中國信託,2023-07-21,6160
00752,中信中國50,325,135,190,中國信託,2023-07-21,6160
2324,仁寶,239,51,188,中國信託,2023-07-21,6160
1309,台達化,180,2,178,中國信託,2023-07-21,6160
00912,中信臺灣智慧50,330,152,178,中國信託,2023-07-21,6160
1711,永光,172,8,164,中國信託,2023-07-21,6160
3044,健鼎,219,58,161,中國信託,2023-07-21,6160
2316,楠梓電,258,107,151,中國信託,2023-07-21,6160
1707,葡萄王,156,6,150,中國信託,2023-07-21,6160
3376,新日興,151,5,146,中國信託,2023-07-21,6160
6153,嘉聯益,143,0,143,中國信託,2023-07-21,6160
2329,華泰,198,60,138,中國信託,2023-07-21,6160
2610,華航,266,136,130,中國信託,2023-07-21,6160
6811,宏�硌穈T,138,9,129,中國信託,2023-07-21,6160
00662,富邦NASDAQ,126,0,126,中國信託,2023-07-21,6160
3025,星通,138,18,120,中國信託,2023-07-21,6160
00901,永豐智能車供應鏈,135,16,119,中國信託,2023-07-21,6160
00917,中信特選金融,156,38,118,中國信託,2023-07-21,6160
2382,廣達,323,208,115,中國信託,2023-07-21,6160
5608,四維航,107,4,103,中國信託,2023-07-21,6160
2731,雄獅,110,8,102,中國信託,2023-07-21,6160
2723,美食-KY,100,0,100,中國信託,2023-07-21,6160
3663,鑫科,102,2,100,中國信託,2023-07-21,6160
8150,南茂,101,4,97,中國信託,2023-07-21,6160
2303,聯電,177,83,94,中國信託,2023-07-21,6160
2534,宏盛,93,0,93,中國信託,2023-07-21,6160
5009,榮剛,96,3,93,中國信託,2023-07-21,6160
1308,亞聚,87,0,87,中國信託,2023-07-21,6160
2409,友達,127,41,86,中國信託,2023-07-21,6160
2353,宏��,147,61,86,中國信託,2023-07-21,6160
1305,華夏,84,1,83,中國信託,2023-07-21,6160
00928,中信上櫃ESG30,104,26,78,中國信託,2023-07-21,6160
6120,達運,90,14,76,中國信託,2023-07-21,6160
2388,威盛,100,27,73,中國信託,2023-07-21,6160
00878,國泰永續高股息,7142,1077,6065,中國信託,2023-07-24,6160
00881,國泰台灣5G+,1594,54,1540,中國信託,2023-07-24,6160
2885,元大金,1015,4,1011,中國信託,2023-07-24,6160
0050,元大台灣50,576,39,537,中國信託,2023-07-24,6160
2886,兆豐金,526,12,514,中國信託,2023-07-24,6160
2412,中華電,464,1,463,中國信託,2023-07-24,6160
1301,台塑,309,0,309,中國信託,2023-07-24,6160
1326,台化,300,0,300,中國信託,2023-07-24,6160
1101,台泥,286,18,268,中國信託,2023-07-24,6160
1304,台聚,250,2,248,中國信託,2023-07-24,6160
2301,光寶科,398,162,236,中國信託,2023-07-24,6160
00900,富邦特選高股息30,296,69,227,中國信託,2023-07-24,6160
2461,光群雷,343,134,209,中國信託,2023-07-24,6160
2610,華航,243,80,163,中國信託,2023-07-24,6160
1305,華夏,152,0,152,中國信託,2023-07-24,6160
3548,兆利,145,0,145,中國信託,2023-07-24,6160
2409,友達,172,45,127,中國信託,2023-07-24,6160
2354,鴻準,126,0,126,中國信託,2023-07-24,6160
3663,鑫科,129,4,125,中國信託,2023-07-24,6160
00921,兆豐龍頭等權重,142,19,123,中國信託,2023-07-24,6160
2421,建準,241,124,117,中國信託,2023-07-24,6160
2618,長榮航,265,154,111,中國信託,2023-07-24,6160
1609,大亞,279,175,104,中國信託,2023-07-24,6160
00632R,元大台灣50反1,1026,928,98,中國信託,2023-07-24,6160
00882,中信中國高股息,104,8,96,中國信託,2023-07-24,6160
3045,台灣大,106,11,95,中國信託,2023-07-24,6160
1308,亞聚,94,0,94,中國信託,2023-07-24,6160
1905,華紙,373,294,79,中國信託,2023-07-24,6160
3025,星通,91,16,75,中國信託,2023-07-24,6160
3338,泰碩,162,88,74,中國信託,2023-07-24,6160
2356,英業達,218,145,73,中國信託,2023-07-24,6160
3006,晶豪科,92,22,70,中國信託,2023-07-24,6160
5864,致和證,60,0,60,中國信託,2023-07-24,6160
00679B,元大美債20年,74,16,58,中國信託,2023-07-24,6160
2303,聯電,74,16,58,中國信託,2023-07-24,6160
2382,廣達,323,267,56,中國信託,2023-07-24,6160
1605,華新,112,56,56,中國信託,2023-07-24,6160
4207,環泰,56,1,55,中國信託,2023-07-24,6160
00902,中信電池及儲能,99,47,52,中國信託,2023-07-24,6160
00650L,復華香港正2,50,0,50,中國信託,2023-07-24,6160
9105,泰金寶-DR,57,7,50,中國信託,2023-07-24,6160
3035,智原,106,56,50,中國信託,2023-07-24,6160
9933,中鼎,49,0,49,中國信託,2023-07-24,6160
6125,廣運,97,48,49,中國信託,2023-07-24,6160
3013,晟銘電,170,121,49,中國信託,2023-07-24,6160
00910,第一金太空衛星,55,7,48,中國信託,2023-07-24,6160
2890,永豐金,47,0,47,中國信託,2023-07-24,6160
6282,康舒,80,34,46,中國信託,2023-07-24,6160
8046,南電,46,1,45,中國信託,2023-07-24,6160
2405,輔信,67,23,44,中國信託,2023-07-24,6160
00881,國泰台灣5G+,3359,172,3187,中國信託,2023-07-25,6160
2301,光寶科,2143,327,1816,中國信託,2023-07-25,6160
00715L,期街口布蘭特正2,1082,28,1054,中國信託,2023-07-25,6160
0056,元大高股息,1533,528,1005,中國信託,2023-07-25,6160
00753L,中信中國50正2,1559,576,983,中國信託,2023-07-25,6160
00752,中信中國50,865,76,789,中國信託,2023-07-25,6160
8358,金居,851,156,695,中國信託,2023-07-25,6160
00921,兆豐龍頭等權重,540,1,539,中國信託,2023-07-25,6160
00900,富邦特選高股息30,574,45,529,中國信託,2023-07-25,6160
2204,中華,501,3,498,中國信託,2023-07-25,6160
00901,永豐智能車供應鏈,423,71,352,中國信託,2023-07-25,6160
2891,中信金,808,467,341,中國信託,2023-07-25,6160
2303,聯電,322,15,307,中國信託,2023-07-25,6160
3702,大聯大,295,1,294,中國信託,2023-07-25,6160
00795B,中信美國公債20年,1310,1057,253,中國信託,2023-07-25,6160
0050,元大台灣50,683,438,245,中國信託,2023-07-25,6160
00632R,元大台灣50反1,911,667,244,中國信託,2023-07-25,6160
00830,國泰費城半導體,234,2,232,中國信託,2023-07-25,6160
00928,中信上櫃ESG30,321,116,205,中國信託,2023-07-25,6160
1101,台泥,218,21,197,中國信託,2023-07-25,6160
3711,日月光投控,204,34,170,中國信託,2023-07-25,6160
2382,廣達,405,255,150,中國信託,2023-07-25,6160
2884,玉山金,181,32,149,中國信託,2023-07-25,6160
2880,華南金,150,11,139,中國信託,2023-07-25,6160
00894,中信小資高價30,258,125,133,中國信託,2023-07-25,6160
6223,旺矽,142,10,132,中國信託,2023-07-25,6160
00912,中信臺灣智慧50,249,129,120,中國信託,2023-07-25,6160
00679B,元大美債20年,117,2,115,中國信託,2023-07-25,6160
2887,台新金,152,39,113,中國信託,2023-07-25,6160
00673R,期元大S＆P原油反1,107,0,107,中國信託,2023-07-25,6160
2881,富邦金,129,47,82,中國信託,2023-07-25,6160
2801,彰銀,83,2,81,中國信託,2023-07-25,6160
2201,裕隆,90,9,81,中國信託,2023-07-25,6160
2376,技嘉,185,106,79,中國信託,2023-07-25,6160
5483,中美晶,84,6,78,中國信託,2023-07-25,6160
5880,合庫金,84,7,77,中國信託,2023-07-25,6160
00910,第一金太空衛星,70,0,70,中國信託,2023-07-25,6160
2812,台中銀,93,25,68,中國信託,2023-07-25,6160
2368,金像電,103,39,64,中國信託,2023-07-25,6160
3071,協禧,170,107,63,中國信託,2023-07-25,6160
2330,台積電,82,20,62,中國信託,2023-07-25,6160
3231,緯創,460,398,62,中國信託,2023-07-25,6160
2412,中華電,61,2,59,中國信託,2023-07-25,6160
1795,美時,74,16,58,中國信託,2023-07-25,6160
5469,瀚宇博,68,11,57,中國信託,2023-07-25,6160
2889,國票金,61,7,54,中國信託,2023-07-25,6160
2316,楠梓電,78,26,52,中國信託,2023-07-25,6160
2353,宏��,169,117,52,中國信託,2023-07-25,6160
6138,茂達,52,1,51,中國信託,2023-07-25,6160
00712,復華富時不動產,107,56,51,中國信託,2023-07-25,6160
3231,緯創,1631,245,1386,中國信託,2023-07-26,6160
00878,國泰永續高股息,1767,648,1119,中國信託,2023-07-26,6160
00881,國泰台灣5G+,991,32,959,中國信託,2023-07-26,6160
8358,金居,1116,317,799,中國信託,2023-07-26,6160
00646,元大S＆P500,501,0,501,中國信託,2023-07-26,6160
2356,英業達,609,264,345,中國信託,2023-07-26,6160
00928,中信上櫃ESG30,376,56,320,中國信託,2023-07-26,6160
0056,元大高股息,528,239,289,中國信託,2023-07-26,6160
00662,富邦NASDAQ,251,0,251,中國信託,2023-07-26,6160
00901,永豐智能車供應鏈,269,30,239,中國信託,2023-07-26,6160
00894,中信小資高價30,193,20,173,中國信託,2023-07-26,6160
5483,中美晶,167,26,141,中國信託,2023-07-26,6160
2845,遠東銀,320,191,129,中國信託,2023-07-26,6160
6274,台燿,358,230,128,中國信託,2023-07-26,6160
00882,中信中國高股息,133,18,115,中國信託,2023-07-26,6160
4979,華星光,111,2,109,中國信託,2023-07-26,6160
1504,東元,553,448,105,中國信託,2023-07-26,6160
6488,環球晶,101,4,97,中國信託,2023-07-26,6160
3702,大聯大,92,8,84,中國信託,2023-07-26,6160
2530,華建,84,0,84,中國信託,2023-07-26,6160
2014,中鴻,88,4,84,中國信託,2023-07-26,6160
2882,國泰金,213,132,81,中國信託,2023-07-26,6160
2887,台新金,124,44,80,中國信託,2023-07-26,6160
5469,瀚宇博,125,46,79,中國信託,2023-07-26,6160
2313,華通,89,19,70,中國信託,2023-07-26,6160
00679B,元大美債20年,77,7,70,中國信託,2023-07-26,6160
00720B,元大投資級公司債,69,1,68,中國信託,2023-07-26,6160
2352,佳世達,92,26,66,中國信託,2023-07-26,6160
5347,世界,63,1,62,中國信託,2023-07-26,6160
6411,晶焱,60,0,60,中國信託,2023-07-26,6160
3706,神達,65,6,59,中國信託,2023-07-26,6160
2618,長榮航,132,74,58,中國信託,2023-07-26,6160
00712,復華富時不動產,97,40,57,中國信託,2023-07-26,6160
6282,康舒,195,138,57,中國信託,2023-07-26,6160
5371,中光電,70,14,56,中國信託,2023-07-26,6160
2449,京元電子,80,25,55,中國信託,2023-07-26,6160
2412,中華電,59,5,54,中國信託,2023-07-26,6160
3481,群創,151,100,51,中國信託,2023-07-26,6160
9933,中鼎,50,0,50,中國信託,2023-07-26,6160
8404,百和興業-KY,50,0,50,中國信託,2023-07-26,6160
00930,永豐ESG低碳高息,51,1,50,中國信託,2023-07-26,6160
6235,華孚,128,81,47,中國信託,2023-07-26,6160
00900,富邦特選高股息30,73,29,44,中國信託,2023-07-26,6160
2354,鴻準,57,13,44,中國信託,2023-07-26,6160
1471,首利,52,8,44,中國信託,2023-07-26,6160
1513,中興電,62,20,42,中國信託,2023-07-26,6160
3056,富華新,47,7,40,中國信託,2023-07-26,6160
6275,元山,67,27,40,中國信託,2023-07-26,6160
3163,波若威,115,75,40,中國信託,2023-07-26,6160
2455,全新,43,4,39,中國信託,2023-07-26,6160
0056,元大高股息,1092,221,871,中國信託,2023-07-27,6160
8358,金居,679,113,566,中國信託,2023-07-27,6160
00881,國泰台灣5G+,576,27,549,中國信託,2023-07-27,6160
00715L,期街口布蘭特正2,875,378,497,中國信託,2023-07-27,6160
2027,大成鋼,477,26,451,中國信託,2023-07-27,6160
2882,國泰金,539,129,410,中國信託,2023-07-27,6160
2888,新光金,648,331,317,中國信託,2023-07-27,6160
00878,國泰永續高股息,1858,1546,312,中國信託,2023-07-27,6160
3481,群創,957,649,308,中國信託,2023-07-27,6160
2801,彰銀,287,4,283,中國信託,2023-07-27,6160
00900,富邦特選高股息30,326,59,267,中國信託,2023-07-27,6160
00753L,中信中國50正2,474,207,267,中國信託,2023-07-27,6160
2880,華南金,240,2,238,中國信託,2023-07-27,6160
5880,合庫金,237,8,229,中國信託,2023-07-27,6160
2409,友達,679,455,224,中國信託,2023-07-27,6160
2515,中工,200,1,199,中國信託,2023-07-27,6160
2890,永豐金,205,17,188,中國信託,2023-07-27,6160
00902,中信電池及儲能,275,91,184,中國信託,2023-07-27,6160
00921,兆豐龍頭等權重,181,0,181,中國信託,2023-07-27,6160
2834,臺企銀,200,21,179,中國信託,2023-07-27,6160
2892,第一金,243,72,171,中國信託,2023-07-27,6160
2889,國票金,168,0,168,中國信託,2023-07-27,6160
2887,台新金,170,10,160,中國信託,2023-07-27,6160
2886,兆豐金,222,67,155,中國信託,2023-07-27,6160
00752,中信中國50,262,112,150,中國信託,2023-07-27,6160
2330,台積電,153,13,140,中國信託,2023-07-27,6160
3056,富華新,132,21,111,中國信託,2023-07-27,6160
3711,日月光投控,113,4,109,中國信託,2023-07-27,6160
00679B,元大美債20年,123,17,106,中國信託,2023-07-27,6160
6282,康舒,259,155,104,中國信託,2023-07-27,6160
3011,今皓,128,31,97,中國信託,2023-07-27,6160
00901,永豐智能車供應鏈,138,55,83,中國信託,2023-07-27,6160
3363,上詮,81,0,81,中國信託,2023-07-27,6160
3701,大眾控,80,0,80,中國信託,2023-07-27,6160
2412,中華電,85,6,79,中國信託,2023-07-27,6160
3545,敦泰,75,5,70,中國信託,2023-07-27,6160
2838,聯邦銀,65,0,65,中國信託,2023-07-27,6160
4533,協易機,242,179,63,中國信託,2023-07-27,6160
2812,台中銀,60,0,60,中國信託,2023-07-27,6160
2881,富邦金,120,62,58,中國信託,2023-07-27,6160
3289,宜特,76,24,52,中國信託,2023-07-27,6160
2002,中鋼,83,32,51,中國信託,2023-07-27,6160
5425,台半,54,3,51,中國信託,2023-07-27,6160
2867,三商壽,58,10,48,中國信託,2023-07-27,6160
1907,永豐餘,120,72,48,中國信託,2023-07-27,6160
00712,復華富時不動產,55,10,45,中國信託,2023-07-27,6160
00738U,期元大道瓊白銀,41,0,41,中國信託,2023-07-27,6160
2809,京城銀,40,0,40,中國信託,2023-07-27,6160
00688L,國泰20年美債正2,40,0,40,中國信託,2023-07-27,6160
00896,中信綠能及電動車,104,65,39,中國信託,2023-07-27,6160
00878,國泰永續高股息,2898,833,2065,中國信託,2023-07-28,6160
2881,富邦金,1505,90,1415,中國信託,2023-07-28,6160
00881,國泰台灣5G+,631,48,583,中國信託,2023-07-28,6160
00680L,元大美債20正2,556,7,549,中國信託,2023-07-28,6160
2303,聯電,588,62,526,中國信託,2023-07-28,6160
0056,元大高股息,827,329,498,中國信託,2023-07-28,6160
00679B,元大美債20年,486,1,485,中國信託,2023-07-28,6160
3044,健鼎,418,45,373,中國信託,2023-07-28,6160
2356,英業達,628,260,368,中國信託,2023-07-28,6160
00751B,元大AAA至A公司債,255,0,255,中國信託,2023-07-28,6160
2610,華航,377,122,255,中國信託,2023-07-28,6160
2515,中工,258,4,254,中國信託,2023-07-28,6160
1905,華紙,918,671,247,中國信託,2023-07-28,6160
00687B,國泰20年美債,242,10,232,中國信託,2023-07-28,6160
2618,長榮航,219,25,194,中國信託,2023-07-28,6160
00795B,中信美國公債20年,1158,987,171,中國信託,2023-07-28,6160
2603,長榮,300,148,152,中國信託,2023-07-28,6160
00712,復華富時不動產,201,54,147,中國信託,2023-07-28,6160
2897,王道銀行,113,0,113,中國信託,2023-07-28,6160
2383,台光電,111,4,107,中國信託,2023-07-28,6160
00894,中信小資高價30,205,100,105,中國信託,2023-07-28,6160
8464,億豐,105,0,105,中國信託,2023-07-28,6160
1815,富喬,201,96,105,中國信託,2023-07-28,6160
00719B,元大美債1-3,100,0,100,中國信託,2023-07-28,6160
2002,中鋼,99,7,92,中國信託,2023-07-28,6160
00713,元大台灣高息低波,108,16,92,中國信託,2023-07-28,6160
00690,兆豐藍籌30,92,1,91,中國信託,2023-07-28,6160
2344,華邦電,108,20,88,中國信託,2023-07-28,6160
4533,協易機,137,49,88,中國信託,2023-07-28,6160
00665L,富邦�琤肭磪囓�2,181,95,86,中國信託,2023-07-28,6160
6282,康舒,217,132,85,中國信託,2023-07-28,6160
3056,富華新,195,113,82,中國信託,2023-07-28,6160
2337,旺宏,87,7,80,中國信託,2023-07-28,6160
2412,中華電,80,3,77,中國信託,2023-07-28,6160
1319,東陽,97,21,76,中國信託,2023-07-28,6160
5425,台半,75,0,75,中國信託,2023-07-28,6160
2204,中華,74,0,74,中國信託,2023-07-28,6160
00632R,元大台灣50反1,492,425,67,中國信託,2023-07-28,6160
2454,聯發科,67,1,66,中國信託,2023-07-28,6160
00772B,中信高評級公司債,289,229,60,中國信託,2023-07-28,6160
1785,光洋科,60,1,59,中國信託,2023-07-28,6160
8210,勤誠,61,4,57,中國信託,2023-07-28,6160
2369,菱生,84,28,56,中國信託,2023-07-28,6160
2353,宏��,79,25,54,中國信託,2023-07-28,6160
1907,永豐餘,72,21,51,中國信託,2023-07-28,6160
00706L,期元大S＆P日圓正2,50,0,50,中國信託,2023-07-28,6160
2357,華碩,96,46,50,中國信託,2023-07-28,6160
2408,南亞科,98,48,50,中國信託,2023-07-28,6160
00673R,期元大S＆P原油反1,49,0,49,中國信託,2023-07-28,6160
2449,京元電子,68,19,49,中國信託,2023-07-28,6160
00881,國泰台灣5G+,1041,75,966,中國信託,2023-07-31,6160
3035,智原,728,43,685,中國信託,2023-07-31,6160
1504,東元,633,24,609,中國信託,2023-07-31,6160
2347,聯強,431,0,431,中國信託,2023-07-31,6160
6239,力成,491,92,399,中國信託,2023-07-31,6160
00894,中信小資高價30,439,150,289,中國信託,2023-07-31,6160
00676R,富邦臺灣加權反1,288,0,288,中國信託,2023-07-31,6160
00901,永豐智能車供應鏈,355,109,246,中國信託,2023-07-31,6160
6269,台郡,275,52,223,中國信託,2023-07-31,6160
00912,中信臺灣智慧50,431,223,208,中國信託,2023-07-31,6160
2357,華碩,224,53,171,中國信託,2023-07-31,6160
2301,光寶科,593,428,165,中國信託,2023-07-31,6160
00679B,元大美債20年,199,47,152,中國信託,2023-07-31,6160
2014,中鴻,202,60,142,中國信託,2023-07-31,6160
2637,慧洋-KY,117,0,117,中國信託,2023-07-31,6160
3580,友威科,121,6,115,中國信託,2023-07-31,6160
1905,華紙,572,460,112,中國信託,2023-07-31,6160
00928,中信上櫃ESG30,394,288,106,中國信託,2023-07-31,6160
00919,群益台灣精選高息,115,15,100,中國信託,2023-07-31,6160
00921,兆豐龍頭等權重,139,39,100,中國信託,2023-07-31,6160
2303,聯電,122,25,97,中國信託,2023-07-31,6160
2454,聯發科,142,46,96,中國信託,2023-07-31,6160
00917,中信特選金融,172,86,86,中國信託,2023-07-31,6160
3481,群創,147,63,84,中國信託,2023-07-31,6160
2885,元大金,84,3,81,中國信託,2023-07-31,6160
3217,優群,139,59,80,中國信託,2023-07-31,6160
00690,兆豐藍籌30,80,0,80,中國信託,2023-07-31,6160
00664R,國泰臺灣加權反1,120,40,80,中國信託,2023-07-31,6160
2002,中鋼,90,11,79,中國信託,2023-07-31,6160
3588,通嘉,81,4,77,中國信託,2023-07-31,6160
2882,國泰金,88,16,72,中國信託,2023-07-31,6160
2412,中華電,84,19,65,中國信託,2023-07-31,6160
6548,長科*,66,6,60,中國信託,2023-07-31,6160
3257,虹冠電,62,3,59,中國信託,2023-07-31,6160
2610,華航,280,223,57,中國信託,2023-07-31,6160
2884,玉山金,73,17,56,中國信託,2023-07-31,6160
00773B,中信優先金融債,185,129,56,中國信託,2023-07-31,6160
3231,緯創,574,519,55,中國信託,2023-07-31,6160
5371,中光電,55,0,55,中國信託,2023-07-31,6160
2317,鴻海,70,16,54,中國信託,2023-07-31,6160
1802,台玻,527,474,53,中國信託,2023-07-31,6160
00795B,中信美國公債20年,59,6,53,中國信託,2023-07-31,6160
3045,台灣大,53,0,53,中國信託,2023-07-31,6160
1709,和益,49,0,49,中國信託,2023-07-31,6160
2360,致茂,62,15,47,中國信託,2023-07-31,6160
8155,博智,47,0,47,中國信託,2023-07-31,6160
2324,仁寶,84,37,47,中國信託,2023-07-31,6160
00922,國泰台灣領袖50,48,2,46,中國信託,2023-07-31,6160
2356,英業達,450,404,46,中國信託,2023-07-31,6160
0050,元大台灣50,205,160,45,中國信託,2023-07-31,6160
00878,國泰永續高股息,3112,1032,2080,中國信託,2023-08-01,6160
00881,國泰台灣5G+,1524,5,1519,中國信託,2023-08-01,6160
0056,元大高股息,1827,516,1311,中國信託,2023-08-01,6160
00928,中信上櫃ESG30,859,43,816,中國信託,2023-08-01,6160
2330,台積電,574,47,527,中國信託,2023-08-01,6160
1519,華城,583,132,451,中國信託,2023-08-01,6160
2885,元大金,505,58,447,中國信託,2023-08-01,6160
00753L,中信中國50正2,705,272,433,中國信託,2023-08-01,6160
00891,中信關鍵半導體,339,29,310,中國信託,2023-08-01,6160
00912,中信臺灣智慧50,343,77,266,中國信託,2023-08-01,6160
1477,聚陽,201,0,201,中國信託,2023-08-01,6160
2301,光寶科,527,338,189,中國信託,2023-08-01,6160
0050,元大台灣50,187,5,182,中國信託,2023-08-01,6160
2474,可成,176,1,175,中國信託,2023-08-01,6160
1304,台聚,180,13,167,中國信託,2023-08-01,6160
3715,定穎投控,169,2,167,中國信託,2023-08-01,6160
3025,星通,309,192,117,中國信託,2023-08-01,6160
00901,永豐智能車供應鏈,186,76,110,中國信託,2023-08-01,6160
2357,華碩,149,41,108,中國信託,2023-08-01,6160
00679B,元大美債20年,114,7,107,中國信託,2023-08-01,6160
3023,信邦,100,0,100,中國信託,2023-08-01,6160
00795B,中信美國公債20年,633,541,92,中國信託,2023-08-01,6160
3105,穩懋,93,6,87,中國信託,2023-08-01,6160
2312,金寶,246,160,86,中國信託,2023-08-01,6160
00896,中信綠能及電動車,202,116,86,中國信託,2023-08-01,6160
3227,原相,82,0,82,中國信託,2023-08-01,6160
4572,駐龍,120,40,80,中國信託,2023-08-01,6160
00917,中信特選金融,87,9,78,中國信託,2023-08-01,6160
3044,健鼎,100,22,78,中國信託,2023-08-01,6160
00665L,富邦�琤肭磪囓�2,125,50,75,中國信託,2023-08-01,6160
00632R,元大台灣50反1,66,0,66,中國信託,2023-08-01,6160
2888,新光金,146,83,63,中國信託,2023-08-01,6160
3325,旭品,147,85,62,中國信託,2023-08-01,6160
2412,中華電,63,1,62,中國信託,2023-08-01,6160
00882,中信中國高股息,99,37,62,中國信託,2023-08-01,6160
9933,中鼎,85,25,60,中國信託,2023-08-01,6160
3058,立德,59,1,58,中國信託,2023-08-01,6160
2618,長榮航,139,81,58,中國信託,2023-08-01,6160
6285,啟��,156,101,55,中國信託,2023-08-01,6160
5876,上海商銀,55,0,55,中國信託,2023-08-01,6160
1773,勝一,54,0,54,中國信託,2023-08-01,6160
8464,億豐,51,0,51,中國信託,2023-08-01,6160
2002,中鋼,60,10,50,中國信託,2023-08-01,6160
2913,農林,179,129,50,中國信託,2023-08-01,6160
3526,凡甲,49,0,49,中國信託,2023-08-01,6160
6282,康舒,267,219,48,中國信託,2023-08-01,6160
2368,金像電,56,9,47,中國信託,2023-08-01,6160
00690,兆豐藍籌30,84,37,47,中國信託,2023-08-01,6160
2915,潤泰全,48,1,47,中國信託,2023-08-01,6160
6203,海韻電,47,1,46,中國信託,2023-08-01,6160
0056,元大高股息,2164,322,1842,中國信託,2023-08-02,6160
2313,華通,1053,9,1044,中國信託,2023-08-02,6160
00912,中信臺灣智慧50,745,85,660,中國信託,2023-08-02,6160
2882,國泰金,554,37,517,中國信託,2023-08-02,6160
00910,第一金太空衛星,482,0,482,中國信託,2023-08-02,6160
3325,旭品,582,179,403,中國信託,2023-08-02,6160
00881,國泰台灣5G+,417,46,371,中國信託,2023-08-02,6160
00646,元大S＆P500,373,3,370,中國信託,2023-08-02,6160
00894,中信小資高價30,434,72,362,中國信託,2023-08-02,6160
2883,凱基金,392,32,360,中國信託,2023-08-02,6160
2330,台積電,584,297,287,中國信託,2023-08-02,6160
00896,中信綠能及電動車,293,30,263,中國信託,2023-08-02,6160
2886,兆豐金,281,20,261,中國信託,2023-08-02,6160
00712,復華富時不動產,343,84,259,中國信託,2023-08-02,6160
006208,富邦台50,356,104,252,中國信託,2023-08-02,6160
00901,永豐智能車供應鏈,302,67,235,中國信託,2023-08-02,6160
1605,華新,677,475,202,中國信託,2023-08-02,6160
00917,中信特選金融,193,1,192,中國信託,2023-08-02,6160
2474,可成,179,5,174,中國信託,2023-08-02,6160
00753L,中信中國50正2,729,578,151,中國信託,2023-08-02,6160
3260,威剛,148,5,143,中國信託,2023-08-02,6160
00679B,元大美債20年,135,1,134,中國信託,2023-08-02,6160
00752,中信中國50,458,330,128,中國信託,2023-08-02,6160
2002,中鋼,130,6,124,中國信託,2023-08-02,6160
00888,永豐台灣ESG,154,32,122,中國信託,2023-08-02,6160
2383,台光電,147,32,115,中國信託,2023-08-02,6160
00720B,元大投資級公司債,106,2,104,中國信託,2023-08-02,6160
6732,昇佳電子,103,3,100,中國信託,2023-08-02,6160
1721,三晃,118,20,98,中國信託,2023-08-02,6160
3481,群創,166,72,94,中國信託,2023-08-02,6160
9933,中鼎,88,0,88,中國信託,2023-08-02,6160
0050,元大台灣50,375,288,87,中國信託,2023-08-02,6160
3715,定穎投控,87,3,84,中國信託,2023-08-02,6160
2014,中鴻,115,33,82,中國信託,2023-08-02,6160
00891,中信關鍵半導體,100,20,80,中國信託,2023-08-02,6160
00680L,元大美債20正2,74,0,74,中國信託,2023-08-02,6160
1905,華紙,414,341,73,中國信託,2023-08-02,6160
8937,合騏,73,0,73,中國信託,2023-08-02,6160
00751B,元大AAA至A公司債,71,0,71,中國信託,2023-08-02,6160
2634,漢翔,116,50,66,中國信託,2023-08-02,6160
2233,宇隆,66,0,66,中國信託,2023-08-02,6160
1477,聚陽,64,0,64,中國信託,2023-08-02,6160
00690,兆豐藍籌30,95,33,62,中國信託,2023-08-02,6160
2324,仁寶,139,78,61,中國信託,2023-08-02,6160
5876,上海商銀,58,0,58,中國信託,2023-08-02,6160
6188,廣明,101,46,55,中國信託,2023-08-02,6160
00773B,中信優先金融債,922,867,55,中國信託,2023-08-02,6160
00928,中信上櫃ESG30,381,326,55,中國信託,2023-08-02,6160
00687B,國泰20年美債,56,2,54,中國信託,2023-08-02,6160
3526,凡甲,51,0,51,中國信託,2023-08-02,6160
2891,中信金,8647,63,8584,中國信託,2023-08-04,6160
00632R,元大台灣50反1,3091,603,2488,中國信託,2023-08-04,6160
00896,中信綠能及電動車,654,68,586,中國信託,2023-08-04,6160
2330,台積電,680,235,445,中國信託,2023-08-04,6160
00881,國泰台灣5G+,331,49,282,中國信託,2023-08-04,6160
00687B,國泰20年美債,285,10,275,中國信託,2023-08-04,6160
00894,中信小資高價30,280,23,257,中國信託,2023-08-04,6160
3231,緯創,1211,976,235,中國信託,2023-08-04,6160
4904,遠傳,215,0,215,中國信託,2023-08-04,6160
00679B,元大美債20年,313,107,206,中國信託,2023-08-04,6160
2324,仁寶,232,31,201,中國信託,2023-08-04,6160
00720B,元大投資級公司債,186,2,184,中國信託,2023-08-04,6160
00680L,元大美債20正2,184,10,174,中國信託,2023-08-04,6160
3044,健鼎,173,8,165,中國信託,2023-08-04,6160
2002,中鋼,168,25,143,中國信託,2023-08-04,6160
5876,上海商銀,128,0,128,中國信託,2023-08-04,6160
1802,台玻,233,105,128,中國信託,2023-08-04,6160
00901,永豐智能車供應鏈,246,118,128,中國信託,2023-08-04,6160
2886,兆豐金,122,1,121,中國信託,2023-08-04,6160
00701,國泰股利精選30,121,5,116,中國信託,2023-08-04,6160
1101,台泥,127,16,111,中國信託,2023-08-04,6160
00923,群益台ESG低碳50,104,1,103,中國信託,2023-08-04,6160
2382,廣達,320,217,103,中國信託,2023-08-04,6160
3325,旭品,126,25,101,中國信託,2023-08-04,6160
00712,復華富時不動產,155,55,100,中國信託,2023-08-04,6160
00773B,中信優先金融債,571,473,98,中國信託,2023-08-04,6160
2883,凱基金,116,20,96,中國信託,2023-08-04,6160
2885,元大金,97,2,95,中國信託,2023-08-04,6160
00751B,元大AAA至A公司債,93,0,93,中國信託,2023-08-04,6160
3702,大聯大,93,0,93,中國信託,2023-08-04,6160
2892,第一金,94,4,90,中國信託,2023-08-04,6160
9933,中鼎,90,0,90,中國信託,2023-08-04,6160
8215,明基材,86,14,72,中國信託,2023-08-04,6160
2428,興勤,80,9,71,中國信託,2023-08-04,6160
2454,聯發科,75,5,70,中國信託,2023-08-04,6160
6446,藥華藥,70,3,67,中國信託,2023-08-04,6160
1216,統一,70,3,67,中國信託,2023-08-04,6160
2412,中華電,67,1,66,中國信託,2023-08-04,6160
9942,茂順,66,0,66,中國信託,2023-08-04,6160
00885,富邦越南,81,16,65,中國信託,2023-08-04,6160
2440,太空梭,82,18,64,中國信託,2023-08-04,6160
6116,彩晶,66,5,61,中國信託,2023-08-04,6160
00688L,國泰20年美債正2,61,0,61,中國信託,2023-08-04,6160
2344,華邦電,113,53,60,中國信託,2023-08-04,6160
1605,華新,190,130,60,中國信託,2023-08-04,6160
2603,長榮,168,111,57,中國信託,2023-08-04,6160
0050,元大台灣50,340,283,57,中國信託,2023-08-04,6160
00673R,期元大S＆P原油反1,74,20,54,中國信託,2023-08-04,6160
2515,中工,51,0,51,中國信託,2023-08-04,6160
2913,農林,265,217,48,中國信託,2023-08-04,6160
00715L,期街口布蘭特正2,1371,363,1008,中國信託,2023-08-07,6160
2891,中信金,958,20,938,中國信託,2023-08-07,6160
2313,華通,767,36,731,中國信託,2023-08-07,6160
2412,中華電,499,12,487,中國信託,2023-08-07,6160
00931B,統一美債20年,333,1,332,中國信託,2023-08-07,6160
00646,元大S＆P500,263,0,263,中國信託,2023-08-07,6160
2324,仁寶,283,47,236,中國信託,2023-08-07,6160
5425,台半,212,2,210,中國信託,2023-08-07,6160
8932,智通*,169,1,168,中國信託,2023-08-07,6160
00923,群益台ESG低碳50,160,4,156,中國信託,2023-08-07,6160
2356,英業達,414,270,144,中國信託,2023-08-07,6160
00751B,元大AAA至A公司債,122,4,118,中國信託,2023-08-07,6160
00902,中信電池及儲能,141,25,116,中國信託,2023-08-07,6160
2352,佳世達,188,76,112,中國信託,2023-08-07,6160
2368,金像電,121,18,103,中國信託,2023-08-07,6160
8155,博智,103,1,102,中國信託,2023-08-07,6160
00701,國泰股利精選30,99,0,99,中國信託,2023-08-07,6160
1319,東陽,101,2,99,中國信託,2023-08-07,6160
1477,聚陽,98,1,97,中國信託,2023-08-07,6160
00680L,元大美債20正2,111,18,93,中國信託,2023-08-07,6160
9933,中鼎,90,0,90,中國信託,2023-08-07,6160
5876,上海商銀,84,0,84,中國信託,2023-08-07,6160
5009,榮剛,162,85,77,中國信託,2023-08-07,6160
00665L,富邦�琤肭磪囓�2,75,0,75,中國信託,2023-08-07,6160
00720B,元大投資級公司債,85,11,74,中國信託,2023-08-07,6160
3689,湧德,105,34,71,中國信託,2023-08-07,6160
2454,聯發科,73,4,69,中國信託,2023-08-07,6160
3035,智原,87,18,69,中國信託,2023-08-07,6160
00637L,元大滬深300正2,71,2,69,中國信託,2023-08-07,6160
00901,永豐智能車供應鏈,97,35,62,中國信託,2023-08-07,6160
2913,農林,149,89,60,中國信託,2023-08-07,6160
00900,富邦特選高股息30,88,28,60,中國信託,2023-08-07,6160
00882,中信中國高股息,70,10,60,中國信託,2023-08-07,6160
5340,建榮,114,58,56,中國信託,2023-08-07,6160
6282,康舒,134,83,51,中國信託,2023-08-07,6160
9910,豐泰,51,0,51,中國信託,2023-08-07,6160
2388,威盛,181,130,51,中國信託,2023-08-07,6160
00924,復華S＆P500成長,131,80,51,中國信託,2023-08-07,6160
6505,台塑化,54,4,50,中國信託,2023-08-07,6160
1301,台塑,69,20,49,中國信託,2023-08-07,6160
00687B,國泰20年美債,45,0,45,中國信託,2023-08-07,6160
00917,中信特選金融,46,2,44,中國信託,2023-08-07,6160
3006,晶豪科,45,1,44,中國信託,2023-08-07,6160
3017,奇鋐,83,42,41,中國信託,2023-08-07,6160
00679B,元大美債20年,57,17,40,中國信託,2023-08-07,6160
00907,永豐優息存股,39,0,39,中國信託,2023-08-07,6160
00650L,復華香港正2,40,3,37,中國信託,2023-08-07,6160
6274,台燿,156,121,35,中國信託,2023-08-07,6160
2836,高雄銀,34,0,34,中國信託,2023-08-07,6160
6414,樺漢,33,0,33,中國信託,2023-08-07,6160
00878,國泰永續高股息,1067,118,949,中國信託,2023-08-08,6160
00881,國泰台灣5G+,707,0,707,中國信託,2023-08-08,6160
2412,中華電,499,4,495,中國信託,2023-08-08,6160
2912,統一超,377,1,376,中國信託,2023-08-08,6160
2316,楠梓電,362,90,272,中國信託,2023-08-08,6160
00912,中信臺灣智慧50,434,189,245,中國信託,2023-08-08,6160
00896,中信綠能及電動車,395,151,244,中國信託,2023-08-08,6160
00888,永豐台灣ESG,292,54,238,中國信託,2023-08-08,6160
00715L,期街口布蘭特正2,312,79,233,中國信託,2023-08-08,6160
00673R,期元大S＆P原油反1,219,0,219,中國信託,2023-08-08,6160
00752,中信中國50,367,162,205,中國信託,2023-08-08,6160
2890,永豐金,188,6,182,中國信託,2023-08-08,6160
2395,研華,181,0,181,中國信託,2023-08-08,6160
3702,大聯大,182,3,179,中國信託,2023-08-08,6160
00931B,統一美債20年,175,0,175,中國信託,2023-08-08,6160
00894,中信小資高價30,442,271,171,中國信託,2023-08-08,6160
2881,富邦金,164,10,154,中國信託,2023-08-08,6160
2357,華碩,167,19,148,中國信託,2023-08-08,6160
00901,永豐智能車供應鏈,192,49,143,中國信託,2023-08-08,6160
6147,頎邦,150,9,141,中國信託,2023-08-08,6160
2634,漢翔,169,37,132,中國信託,2023-08-08,6160
1301,台塑,127,0,127,中國信託,2023-08-08,6160
00928,中信上櫃ESG30,255,136,119,中國信託,2023-08-08,6160
1476,儒鴻,118,0,118,中國信託,2023-08-08,6160
8046,南電,113,2,111,中國信託,2023-08-08,6160
2002,中鋼,113,17,96,中國信託,2023-08-08,6160
9933,中鼎,90,0,90,中國信託,2023-08-08,6160
1519,華城,111,21,90,中國信託,2023-08-08,6160
1609,大亞,114,27,87,中國信託,2023-08-08,6160
00910,第一金太空衛星,70,0,70,中國信託,2023-08-08,6160
00650L,復華香港正2,100,33,67,中國信託,2023-08-08,6160
00921,兆豐龍頭等權重,91,25,66,中國信託,2023-08-08,6160
00679B,元大美債20年,87,22,65,中國信託,2023-08-08,6160
2376,技嘉,234,172,62,中國信託,2023-08-08,6160
1314,中石化,62,3,59,中國信託,2023-08-08,6160
00712,復華富時不動產,56,0,56,中國信託,2023-08-08,6160
2371,大同,68,12,56,中國信託,2023-08-08,6160
1504,東元,64,9,55,中國信託,2023-08-08,6160
2106,建大,50,0,50,中國信託,2023-08-08,6160
6188,廣明,108,60,48,中國信託,2023-08-08,6160
6669,緯穎,55,7,48,中國信託,2023-08-08,6160
4979,華星光,50,2,48,中國信託,2023-08-08,6160
00751B,元大AAA至A公司債,45,0,45,中國信託,2023-08-08,6160
4960,誠美材,48,3,45,中國信託,2023-08-08,6160
2603,長榮,69,28,41,中國信託,2023-08-08,6160
00720B,元大投資級公司債,41,1,40,中國信託,2023-08-08,6160
3257,虹冠電,51,13,38,中國信託,2023-08-08,6160
1802,台玻,85,47,38,中國信託,2023-08-08,6160
5009,榮剛,58,21,37,中國信託,2023-08-08,6160
5452,佶優,46,9,37,中國信託,2023-08-08,6160
2834,臺企銀,3027,2,3025,中國信託,2023-08-09,6160
2880,華南金,2003,4,1999,中國信託,2023-08-09,6160
2412,中華電,502,8,494,中國信託,2023-08-09,6160
00646,元大S＆P500,413,0,413,中國信託,2023-08-09,6160
3483,力致,464,115,349,中國信託,2023-08-09,6160
2886,兆豐金,331,11,320,中國信託,2023-08-09,6160
00632R,元大台灣50反1,351,63,288,中國信託,2023-08-09,6160
0056,元大高股息,422,152,270,中國信託,2023-08-09,6160
2801,彰銀,263,0,263,中國信託,2023-08-09,6160
8210,勤誠,300,84,216,中國信託,2023-08-09,6160
3017,奇鋐,264,78,186,中國信託,2023-08-09,6160
2892,第一金,232,57,175,中國信託,2023-08-09,6160
3702,大聯大,179,10,169,中國信託,2023-08-09,6160
00795B,中信美國公債20年,797,639,158,中國信託,2023-08-09,6160
2402,毅嘉,206,65,141,中國信託,2023-08-09,6160
6147,頎邦,218,83,135,中國信託,2023-08-09,6160
2883,凱基金,147,12,135,中國信託,2023-08-09,6160
3045,台灣大,108,0,108,中國信託,2023-08-09,6160
00901,永豐智能車供應鏈,139,32,107,中國信託,2023-08-09,6160
00912,中信臺灣智慧50,131,34,97,中國信託,2023-08-09,6160
0050,元大台灣50,144,51,93,中國信託,2023-08-09,6160
9933,中鼎,90,1,89,中國信託,2023-08-09,6160
2408,南亞科,89,4,85,中國信託,2023-08-09,6160
00673R,期元大S＆P原油反1,76,0,76,中國信託,2023-08-09,6160
2891,中信金,84,17,67,中國信託,2023-08-09,6160
2882,國泰金,69,4,65,中國信託,2023-08-09,6160
1476,儒鴻,74,9,65,中國信託,2023-08-09,6160
00864B,中信美國公債0-1,88,25,63,中國信託,2023-08-09,6160
2368,金像電,111,50,61,中國信託,2023-08-09,6160
6275,元山,61,1,60,中國信託,2023-08-09,6160
4906,正文,124,67,57,中國信託,2023-08-09,6160
2330,台積電,116,59,57,中國信託,2023-08-09,6160
2303,聯電,61,6,55,中國信託,2023-08-09,6160
2881,富邦金,65,10,55,中國信託,2023-08-09,6160
00917,中信特選金融,64,10,54,中國信託,2023-08-09,6160
2357,華碩,95,41,54,中國信託,2023-08-09,6160
2376,技嘉,234,181,53,中國信託,2023-08-09,6160
6026,福邦證,52,0,52,中國信託,2023-08-09,6160
00637L,元大滬深300正2,52,0,52,中國信託,2023-08-09,6160
3526,凡甲,62,10,52,中國信託,2023-08-09,6160
00680L,元大美債20正2,58,7,51,中國信託,2023-08-09,6160
2352,佳世達,157,109,48,中國信託,2023-08-09,6160
2618,長榮航,115,69,46,中國信託,2023-08-09,6160
3006,晶豪科,60,15,45,中國信託,2023-08-09,6160
00712,復華富時不動產,56,11,45,中國信託,2023-08-09,6160
00665L,富邦�琤肭磪囓�2,104,60,44,中國信託,2023-08-09,6160
2002,中鋼,70,26,44,中國信託,2023-08-09,6160
4960,誠美材,42,0,42,中國信託,2023-08-09,6160
8027,鈦昇,73,31,42,中國信託,2023-08-09,6160
1504,東元,58,17,41,中國信託,2023-08-09,6160
2884,玉山金,1849,19,1830,中國信託,2023-08-10,6160
00753L,中信中國50正2,685,90,595,中國信託,2023-08-10,6160
2317,鴻海,614,33,581,中國信託,2023-08-10,6160
2412,中華電,494,7,487,中國信託,2023-08-10,6160
00917,中信特選金融,426,28,398,中國信託,2023-08-10,6160
5009,榮剛,369,3,366,中國信託,2023-08-10,6160
3045,台灣大,338,0,338,中國信託,2023-08-10,6160
2610,華航,468,174,294,中國信託,2023-08-10,6160
00928,中信上櫃ESG30,413,126,287,中國信託,2023-08-10,6160
00715L,期街口布蘭特正2,306,24,282,中國信託,2023-08-10,6160
00912,中信臺灣智慧50,295,38,257,中國信託,2023-08-10,6160
00878,國泰永續高股息,955,702,253,中國信託,2023-08-10,6160
00646,元大S＆P500,237,0,237,中國信託,2023-08-10,6160
2352,佳世達,299,91,208,中國信託,2023-08-10,6160
0056,元大高股息,828,657,171,中國信託,2023-08-10,6160
4904,遠傳,164,0,164,中國信託,2023-08-10,6160
00901,永豐智能車供應鏈,188,35,153,中國信託,2023-08-10,6160
00676R,富邦臺灣加權反1,216,69,147,中國信託,2023-08-10,6160
6147,頎邦,158,17,141,中國信託,2023-08-10,6160
2516,新建,138,0,138,中國信託,2023-08-10,6160
00673R,期元大S＆P原油反1,150,15,135,中國信託,2023-08-10,6160
3702,大聯大,157,24,133,中國信託,2023-08-10,6160
00712,復華富時不動產,131,5,126,中國信託,2023-08-10,6160
00919,群益台灣精選高息,126,9,117,中國信託,2023-08-10,6160
2886,兆豐金,225,115,110,中國信託,2023-08-10,6160
2618,長榮航,125,31,94,中國信託,2023-08-10,6160
9933,中鼎,92,0,92,中國信託,2023-08-10,6160
3025,星通,91,2,89,中國信託,2023-08-10,6160
2206,三陽工業,111,25,86,中國信託,2023-08-10,6160
9910,豐泰,82,0,82,中國信託,2023-08-10,6160
00881,國泰台灣5G+,95,15,80,中國信託,2023-08-10,6160
3596,智易,94,17,77,中國信託,2023-08-10,6160
2449,京元電子,125,48,77,中國信託,2023-08-10,6160
2402,毅嘉,89,15,74,中國信託,2023-08-10,6160
00930,永豐ESG低碳高息,73,1,72,中國信託,2023-08-10,6160
2324,仁寶,81,10,71,中國信託,2023-08-10,6160
5258,虹堡,70,0,70,中國信託,2023-08-10,6160
00795B,中信美國公債20年,652,582,70,中國信託,2023-08-10,6160
00772B,中信高評級公司債,75,10,65,中國信託,2023-08-10,6160
00885,富邦越南,83,18,65,中國信託,2023-08-10,6160
00931B,統一美債20年,66,3,63,中國信託,2023-08-10,6160
4770,上品,62,0,62,中國信託,2023-08-10,6160
00896,中信綠能及電動車,209,149,60,中國信託,2023-08-10,6160
4533,協易機,99,42,57,中國信託,2023-08-10,6160
2476,鉅祥,56,0,56,中國信託,2023-08-10,6160
8069,元太,64,9,55,中國信託,2023-08-10,6160
00690,兆豐藍籌30,67,13,54,中國信託,2023-08-10,6160
00886,永豐美國科技,52,0,52,中國信託,2023-08-10,6160
1609,大亞,80,30,50,中國信託,2023-08-10,6160
00902,中信電池及儲能,226,177,49,中國信託,2023-08-10,6160
00928,中信上櫃ESG30,784,268,516,中國信託,2023-08-11,6160
0056,元大高股息,584,77,507,中國信託,2023-08-11,6160
2412,中華電,491,1,490,中國信託,2023-08-11,6160
2354,鴻準,404,3,401,中國信託,2023-08-11,6160
1802,台玻,436,53,383,中國信託,2023-08-11,6160
00894,中信小資高價30,428,113,315,中國信託,2023-08-11,6160
00881,國泰台灣5G+,284,5,279,中國信託,2023-08-11,6160
2881,富邦金,224,13,211,中國信託,2023-08-11,6160
2610,華航,401,193,208,中國信託,2023-08-11,6160
00885,富邦越南,223,55,168,中國信託,2023-08-11,6160
6147,頎邦,197,34,163,中國信託,2023-08-11,6160
3163,波若威,206,45,161,中國信託,2023-08-11,6160
00896,中信綠能及電動車,174,41,133,中國信託,2023-08-11,6160
00679B,元大美債20年,141,13,128,中國信託,2023-08-11,6160
2002,中鋼,125,3,122,中國信託,2023-08-11,6160
00878,國泰永續高股息,236,120,116,中國信託,2023-08-11,6160
00795B,中信美國公債20年,299,186,113,中國信託,2023-08-11,6160
1319,東陽,114,3,111,中國信託,2023-08-11,6160
00751B,元大AAA至A公司債,111,0,111,中國信託,2023-08-11,6160
3025,星通,116,11,105,中國信託,2023-08-11,6160
3044,健鼎,165,61,104,中國信託,2023-08-11,6160
6005,群益證,103,0,103,中國信託,2023-08-11,6160
6016,康和證,100,0,100,中國信託,2023-08-11,6160
9933,中鼎,94,0,94,中國信託,2023-08-11,6160
2352,佳世達,80,7,73,中國信託,2023-08-11,6160
1519,華城,93,21,72,中國信託,2023-08-11,6160
2345,智邦,72,2,70,中國信託,2023-08-11,6160
5340,建榮,123,54,69,中國信託,2023-08-11,6160
2204,中華,72,7,65,中國信託,2023-08-11,6160
2313,華通,138,73,65,中國信託,2023-08-11,6160
3715,定穎投控,100,38,62,中國信託,2023-08-11,6160
3587,閎康,64,2,62,中國信託,2023-08-11,6160
3015,全漢,59,0,59,中國信託,2023-08-11,6160
00687B,國泰20年美債,68,11,57,中國信託,2023-08-11,6160
00901,永豐智能車供應鏈,99,45,54,中國信託,2023-08-11,6160
2885,元大金,64,10,54,中國信託,2023-08-11,6160
00720B,元大投資級公司債,50,0,50,中國信託,2023-08-11,6160
2851,中再保,52,4,48,中國信託,2023-08-11,6160
2356,英業達,230,183,47,中國信託,2023-08-11,6160
3206,志豐,59,12,47,中國信託,2023-08-11,6160
2301,光寶科,59,15,44,中國信託,2023-08-11,6160
00712,復華富時不動產,57,13,44,中國信託,2023-08-11,6160
2891,中信金,90,46,44,中國信託,2023-08-11,6160
2388,威盛,133,90,43,中國信託,2023-08-11,6160
3483,力致,104,62,42,中國信託,2023-08-11,6160
3032,偉訓,43,1,42,中國信託,2023-08-11,6160
00773B,中信優先金融債,445,404,41,中國信託,2023-08-11,6160
4960,誠美材,40,0,40,中國信託,2023-08-11,6160
2382,廣達,218,179,39,中國信託,2023-08-11,6160
2505,國揚,40,1,39,中國信託,2023-08-11,6160
2382,廣達,1546,407,1139,中國信託,2023-08-14,6160
00878,國泰永續高股息,1028,163,865,中國信託,2023-08-14,6160
2412,中華電,506,0,506,中國信託,2023-08-14,6160
2330,台積電,282,20,262,中國信託,2023-08-14,6160
3715,定穎投控,243,2,241,中國信託,2023-08-14,6160
2891,中信金,312,77,235,中國信託,2023-08-14,6160
2301,光寶科,229,25,204,中國信託,2023-08-14,6160
00928,中信上櫃ESG30,254,103,151,中國信託,2023-08-14,6160
2883,凱基金,163,18,145,中國信託,2023-08-14,6160
6147,頎邦,152,13,139,中國信託,2023-08-14,6160
2548,華固,129,4,125,中國信託,2023-08-14,6160
3711,日月光投控,129,11,118,中國信託,2023-08-14,6160
4960,誠美材,113,0,113,中國信託,2023-08-14,6160
3483,力致,261,156,105,中國信託,2023-08-14,6160
6192,巨路,104,2,102,中國信託,2023-08-14,6160
3045,台灣大,102,1,101,中國信託,2023-08-14,6160
00795B,中信美國公債20年,152,55,97,中國信託,2023-08-14,6160
9933,中鼎,97,1,96,中國信託,2023-08-14,6160
0050,元大台灣50,151,70,81,中國信託,2023-08-14,6160
2887,台新金,92,11,81,中國信託,2023-08-14,6160
3231,緯創,426,348,78,中國信託,2023-08-14,6160
0056,元大高股息,312,240,72,中國信託,2023-08-14,6160
006208,富邦台50,85,18,67,中國信託,2023-08-14,6160
3163,波若威,75,9,66,中國信託,2023-08-14,6160
00665L,富邦�琤肭磪囓�2,151,86,65,中國信託,2023-08-14,6160
2890,永豐金,79,16,63,中國信託,2023-08-14,6160
2313,華通,72,9,63,中國信託,2023-08-14,6160
00917,中信特選金融,62,0,62,中國信託,2023-08-14,6160
3015,全漢,60,0,60,中國信託,2023-08-14,6160
00913,兆豐台灣晶圓製造,70,11,59,中國信託,2023-08-14,6160
2002,中鋼,64,6,58,中國信託,2023-08-14,6160
00919,群益台灣精選高息,69,13,56,中國信託,2023-08-14,6160
00751B,元大AAA至A公司債,56,0,56,中國信託,2023-08-14,6160
3010,華立,53,0,53,中國信託,2023-08-14,6160
2359,所羅門,59,6,53,中國信託,2023-08-14,6160
00887,永豐中國科技50大,87,35,52,中國信託,2023-08-14,6160
2812,台中銀,53,1,52,中國信託,2023-08-14,6160
5009,榮剛,75,25,50,中國信託,2023-08-14,6160
00712,復華富時不動產,97,48,49,中國信託,2023-08-14,6160
2610,華航,394,347,47,中國信託,2023-08-14,6160
5871,中租-KY,53,7,46,中國信託,2023-08-14,6160
4746,台耀,48,3,45,中國信託,2023-08-14,6160
5340,建榮,65,20,45,中國信託,2023-08-14,6160
5351,鈺創,46,2,44,中國信託,2023-08-14,6160
00901,永豐智能車供應鏈,92,48,44,中國信託,2023-08-14,6160
2884,玉山金,49,7,42,中國信託,2023-08-14,6160
00891,中信關鍵半導體,46,4,42,中國信託,2023-08-14,6160
6026,福邦證,41,0,41,中國信託,2023-08-14,6160
3004,豐達科,41,1,40,中國信託,2023-08-14,6160
1589,永冠-KY,50,10,40,中國信託,2023-08-14,6160
00679B,元大美債20年,1626,15,1611,中國信託,2023-08-15,6160
00900,富邦特選高股息30,1360,407,953,中國信託,2023-08-15,6160
3231,緯創,926,312,614,中國信託,2023-08-15,6160
2412,中華電,498,0,498,中國信託,2023-08-15,6160
00881,國泰台灣5G+,328,60,268,中國信託,2023-08-15,6160
00646,元大S＆P500,251,0,251,中國信託,2023-08-15,6160
2610,華航,286,107,179,中國信託,2023-08-15,6160
2317,鴻海,176,16,160,中國信託,2023-08-15,6160
6191,精成科,176,17,159,中國信託,2023-08-15,6160
00772B,中信高評級公司債,148,4,144,中國信託,2023-08-15,6160
00712,復華富時不動產,134,7,127,中國信託,2023-08-15,6160
3035,智原,252,129,123,中國信託,2023-08-15,6160
00878,國泰永續高股息,476,366,110,中國信託,2023-08-15,6160
00680L,元大美債20正2,107,1,106,中國信託,2023-08-15,6160
00931B,統一美債20年,113,12,101,中國信託,2023-08-15,6160
9933,中鼎,96,0,96,中國信託,2023-08-15,6160
2515,中工,95,0,95,中國信託,2023-08-15,6160
4746,台耀,107,16,91,中國信託,2023-08-15,6160
00720B,元大投資級公司債,82,0,82,中國信託,2023-08-15,6160
2637,慧洋-KY,81,0,81,中國信託,2023-08-15,6160
6192,巨路,81,0,81,中國信託,2023-08-15,6160
2002,中鋼,78,4,74,中國信託,2023-08-15,6160
4207,環泰,72,0,72,中國信託,2023-08-15,6160
3010,華立,72,0,72,中國信託,2023-08-15,6160
2330,台積電,83,12,71,中國信託,2023-08-15,6160
00795B,中信美國公債20年,570,500,70,中國信託,2023-08-15,6160
2892,第一金,78,10,68,中國信託,2023-08-15,6160
00901,永豐智能車供應鏈,98,30,68,中國信託,2023-08-15,6160
3015,全漢,64,1,63,中國信託,2023-08-15,6160
5340,建榮,58,2,56,中國信託,2023-08-15,6160
2884,玉山金,75,20,55,中國信託,2023-08-15,6160
00919,群益台灣精選高息,77,24,53,中國信託,2023-08-15,6160
8358,金居,75,25,50,中國信託,2023-08-15,6160
2887,台新金,53,5,48,中國信託,2023-08-15,6160
00690,兆豐藍籌30,70,28,42,中國信託,2023-08-15,6160
00752,中信中國50,195,156,39,中國信託,2023-08-15,6160
00753L,中信中國50正2,599,562,37,中國信託,2023-08-15,6160
00751B,元大AAA至A公司債,37,0,37,中國信託,2023-08-15,6160
3294,英濟,40,4,36,中國信託,2023-08-15,6160
2890,永豐金,37,1,36,中國信託,2023-08-15,6160
4960,誠美材,51,18,33,中國信託,2023-08-15,6160
3257,虹冠電,30,0,30,中國信託,2023-08-15,6160
2332,友訊,62,33,29,中國信託,2023-08-15,6160
9911,櫻花,28,0,28,中國信託,2023-08-15,6160
2881,富邦金,45,18,27,中國信託,2023-08-15,6160
4967,十銓,35,8,27,中國信託,2023-08-15,6160
2464,盟立,33,7,26,中國信託,2023-08-15,6160
1326,台化,28,2,26,中國信託,2023-08-15,6160
2014,中鴻,29,3,26,中國信託,2023-08-15,6160
00882,中信中國高股息,55,30,25,中國信託,2023-08-15,6160
0050,元大台灣50,2858,6,2852,中國信託,2023-08-16,6160
00715L,期街口布蘭特正2,1030,2,1028,中國信託,2023-08-16,6160
2891,中信金,940,74,866,中國信託,2023-08-16,6160
2412,中華電,502,6,496,中國信託,2023-08-16,6160
00752,中信中國50,495,44,451,中國信託,2023-08-16,6160
3044,健鼎,497,99,398,中國信託,2023-08-16,6160
2330,台積電,536,144,392,中國信託,2023-08-16,6160
3034,聯詠,386,3,383,中國信託,2023-08-16,6160
3363,上詮,280,21,259,中國信託,2023-08-16,6160
00712,復華富時不動產,335,113,222,中國信託,2023-08-16,6160
0056,元大高股息,399,193,206,中國信託,2023-08-16,6160
00665L,富邦�琤肭磪囓�2,173,0,173,中國信託,2023-08-16,6160
2610,華航,244,86,158,中國信託,2023-08-16,6160
00907,永豐優息存股,117,1,116,中國信託,2023-08-16,6160
2884,玉山金,128,21,107,中國信託,2023-08-16,6160
2356,英業達,403,298,105,中國信託,2023-08-16,6160
00679B,元大美債20年,122,17,105,中國信託,2023-08-16,6160
4746,台耀,116,13,103,中國信託,2023-08-16,6160
9933,中鼎,94,0,94,中國信託,2023-08-16,6160
2548,華固,83,0,83,中國信託,2023-08-16,6160
3483,力致,113,31,82,中國信託,2023-08-16,6160
1301,台塑,78,1,77,中國信託,2023-08-16,6160
6192,巨路,74,0,74,中國信託,2023-08-16,6160
3010,華立,73,0,73,中國信託,2023-08-16,6160
2337,旺宏,73,1,72,中國信託,2023-08-16,6160
2618,長榮航,143,71,72,中國信託,2023-08-16,6160
00901,永豐智能車供應鏈,88,17,71,中國信託,2023-08-16,6160
2887,台新金,100,34,66,中國信託,2023-08-16,6160
3693,營邦,83,20,63,中國信託,2023-08-16,6160
6026,福邦證,60,0,60,中國信託,2023-08-16,6160
5225,東科-KY,60,0,60,中國信託,2023-08-16,6160
4414,如興,72,13,59,中國信託,2023-08-16,6160
8210,勤誠,121,63,58,中國信託,2023-08-16,6160
00720B,元大投資級公司債,65,7,58,中國信託,2023-08-16,6160
2883,凱基金,78,24,54,中國信託,2023-08-16,6160
6505,台塑化,52,0,52,中國信託,2023-08-16,6160
2329,華泰,111,59,52,中國信託,2023-08-16,6160
00753L,中信中國50正2,596,544,52,中國信託,2023-08-16,6160
4960,誠美材,52,0,52,中國信託,2023-08-16,6160
2301,光寶科,226,175,51,中國信託,2023-08-16,6160
2317,鴻海,72,25,47,中國信託,2023-08-16,6160
00888,永豐台灣ESG,65,18,47,中國信託,2023-08-16,6160
00795B,中信美國公債20年,719,675,44,中國信託,2023-08-16,6160
4950,牧東,53,9,44,中國信託,2023-08-16,6160
3704,合勤控,44,0,44,中國信託,2023-08-16,6160
00751B,元大AAA至A公司債,42,1,41,中國信託,2023-08-16,6160
1616,億泰,41,0,41,中國信託,2023-08-16,6160
2313,華通,41,1,40,中國信託,2023-08-16,6160
6116,彩晶,39,2,37,中國信託,2023-08-16,6160
2880,華南金,39,2,37,中國信託,2023-08-16,6160
2891,中信金,1927,80,1847,中國信託,2023-08-17,6160
00715L,期街口布蘭特正2,1107,144,963,中國信託,2023-08-17,6160
0050,元大台灣50,968,230,738,中國信託,2023-08-17,6160
00900,富邦特選高股息30,596,19,577,中國信託,2023-08-17,6160
2412,中華電,525,2,523,中國信託,2023-08-17,6160
0056,元大高股息,760,247,513,中國信託,2023-08-17,6160
2449,京元電子,465,32,433,中國信託,2023-08-17,6160
4746,台耀,421,79,342,中國信託,2023-08-17,6160
6139,亞翔,342,19,323,中國信託,2023-08-17,6160
00901,永豐智能車供應鏈,248,11,237,中國信託,2023-08-17,6160
2301,光寶科,313,77,236,中國信託,2023-08-17,6160
2330,台積電,272,51,221,中國信託,2023-08-17,6160
00795B,中信美國公債20年,215,3,212,中國信託,2023-08-17,6160
00712,復華富時不動產,232,23,209,中國信託,2023-08-17,6160
3689,湧德,257,53,204,中國信託,2023-08-17,6160
00891,中信關鍵半導體,336,180,156,中國信託,2023-08-17,6160
2356,英業達,314,162,152,中國信託,2023-08-17,6160
2888,新光金,152,6,146,中國信託,2023-08-17,6160
00882,中信中國高股息,155,13,142,中國信託,2023-08-17,6160
2610,華航,253,121,132,中國信託,2023-08-17,6160
2376,技嘉,152,40,112,中國信託,2023-08-17,6160
00751B,元大AAA至A公司債,140,33,107,中國信託,2023-08-17,6160
9933,中鼎,100,0,100,中國信託,2023-08-17,6160
00687B,國泰20年美債,110,17,93,中國信託,2023-08-17,6160
3045,台灣大,102,17,85,中國信託,2023-08-17,6160
2106,建大,80,0,80,中國信託,2023-08-17,6160
2303,聯電,142,65,77,中國信託,2023-08-17,6160
3715,定穎投控,234,157,77,中國信託,2023-08-17,6160
2371,大同,110,35,75,中國信託,2023-08-17,6160
6192,巨路,75,0,75,中國信託,2023-08-17,6160
6505,台塑化,73,0,73,中國信託,2023-08-17,6160
2383,台光電,103,32,71,中國信託,2023-08-17,6160
3010,華立,73,4,69,中國信託,2023-08-17,6160
3078,僑威,123,57,66,中國信託,2023-08-17,6160
00679B,元大美債20年,83,26,57,中國信託,2023-08-17,6160
00902,中信電池及儲能,75,19,56,中國信託,2023-08-17,6160
2002,中鋼,64,12,52,中國信託,2023-08-17,6160
2505,國揚,52,0,52,中國信託,2023-08-17,6160
1314,中石化,51,0,51,中國信託,2023-08-17,6160
2889,國票金,52,5,47,中國信託,2023-08-17,6160
2883B,凱基金乙特,47,0,47,中國信託,2023-08-17,6160
00720B,元大投資級公司債,122,75,47,中國信託,2023-08-17,6160
00772B,中信高評級公司債,302,255,47,中國信託,2023-08-17,6160
8069,元太,74,27,47,中國信託,2023-08-17,6160
3711,日月光投控,73,27,46,中國信託,2023-08-17,6160
2634,漢翔,51,9,42,中國信託,2023-08-17,6160
2059,川湖,45,4,41,中國信託,2023-08-17,6160
00912,中信臺灣智慧50,112,72,40,中國信託,2023-08-17,6160
2886,兆豐金,65,25,40,中國信託,2023-08-17,6160
2312,金寶,59,21,38,中國信託,2023-08-17,6160
2891,中信金,1247,47,1200,中國信託,2023-08-18,6160
00715L,期街口布蘭特正2,1012,5,1007,中國信託,2023-08-18,6160
1326,台化,591,1,590,中國信託,2023-08-18,6160
2412,中華電,497,2,495,中國信託,2023-08-18,6160
00752,中信中國50,604,159,445,中國信託,2023-08-18,6160
00894,中信小資高價30,498,59,439,中國信託,2023-08-18,6160
0050,元大台灣50,779,377,402,中國信託,2023-08-18,6160
2610,華航,400,120,280,中國信託,2023-08-18,6160
2363,矽統,540,296,244,中國信託,2023-08-18,6160
00901,永豐智能車供應鏈,283,44,239,中國信託,2023-08-18,6160
6116,彩晶,204,0,204,中國信託,2023-08-18,6160
00928,中信上櫃ESG30,381,181,200,中國信託,2023-08-18,6160
4147,中裕,205,6,199,中國信託,2023-08-18,6160
00712,復華富時不動產,270,93,177,中國信託,2023-08-18,6160
6770,力積電,194,22,172,中國信託,2023-08-18,6160
2344,華邦電,146,2,144,中國信託,2023-08-18,6160
00912,中信臺灣智慧50,266,128,138,中國信託,2023-08-18,6160
2382,廣達,430,322,108,中國信託,2023-08-18,6160
2408,南亞科,102,3,99,中國信託,2023-08-18,6160
6239,力成,111,13,98,中國信託,2023-08-18,6160
9933,中鼎,96,0,96,中國信託,2023-08-18,6160
2330,台積電,117,23,94,中國信託,2023-08-18,6160
4979,華星光,104,15,89,中國信託,2023-08-18,6160
3706,神達,410,323,87,中國信託,2023-08-18,6160
00882,中信中國高股息,91,5,86,中國信託,2023-08-18,6160
00924,復華S＆P500成長,146,64,82,中國信託,2023-08-18,6160
2106,建大,80,2,78,中國信託,2023-08-18,6160
2462,良得電,75,0,75,中國信託,2023-08-18,6160
3163,波若威,119,46,73,中國信託,2023-08-18,6160
3010,華立,72,0,72,中國信託,2023-08-18,6160
2607,榮運,102,31,71,中國信託,2023-08-18,6160
2809,京城銀,71,0,71,中國信託,2023-08-18,6160
2618,長榮航,93,22,71,中國信託,2023-08-18,6160
2881,富邦金,73,5,68,中國信託,2023-08-18,6160
8027,鈦昇,75,7,68,中國信託,2023-08-18,6160
00679B,元大美債20年,74,9,65,中國信託,2023-08-18,6160
00885,富邦越南,88,24,64,中國信託,2023-08-18,6160
6142,友勁,62,0,62,中國信託,2023-08-18,6160
00720B,元大投資級公司債,77,18,59,中國信託,2023-08-18,6160
3056,富華新,78,20,58,中國信託,2023-08-18,6160
2027,大成鋼,185,127,58,中國信託,2023-08-18,6160
6664,群翊,55,1,54,中國信託,2023-08-18,6160
2376,技嘉,99,46,53,中國信託,2023-08-18,6160
2449,京元電子,111,58,53,中國信託,2023-08-18,6160
2409,友達,60,7,53,中國信託,2023-08-18,6160
3325,旭品,95,45,50,中國信託,2023-08-18,6160
2395,研華,50,1,49,中國信託,2023-08-18,6160
00878,國泰永續高股息,534,488,46,中國信託,2023-08-18,6160
6274,台燿,129,84,45,中國信託,2023-08-18,6160
2332,友訊,224,179,45,中國信託,2023-08-18,6160
2891,中信金,1062,139,923,中國信託,2023-08-21,6160
2412,中華電,502,1,501,中國信託,2023-08-21,6160
00720B,元大投資級公司債,485,0,485,中國信託,2023-08-21,6160
00752,中信中國50,903,466,437,中國信託,2023-08-21,6160
00795B,中信美國公債20年,394,9,385,中國信託,2023-08-21,6160
3231,緯創,487,288,199,中國信託,2023-08-21,6160
00912,中信臺灣智慧50,215,61,154,中國信託,2023-08-21,6160
00882,中信中國高股息,139,34,105,中國信託,2023-08-21,6160
3045,台灣大,104,0,104,中國信託,2023-08-21,6160
1471,首利,146,45,101,中國信託,2023-08-21,6160
9933,中鼎,100,0,100,中國信託,2023-08-21,6160
6142,友勁,93,0,93,中國信託,2023-08-21,6160
2382,廣達,297,214,83,中國信託,2023-08-21,6160
00673R,期元大S＆P原油反1,107,25,82,中國信託,2023-08-21,6160
9945,潤泰新,83,3,80,中國信託,2023-08-21,6160
2610,華航,119,43,76,中國信託,2023-08-21,6160
00679B,元大美債20年,101,29,72,中國信託,2023-08-21,6160
2809,京城銀,72,0,72,中國信託,2023-08-21,6160
3010,華立,73,1,72,中國信託,2023-08-21,6160
00917,中信特選金融,69,1,68,中國信託,2023-08-21,6160
00901,永豐智能車供應鏈,90,28,62,中國信託,2023-08-21,6160
2890,永豐金,63,1,62,中國信託,2023-08-21,6160
2886,兆豐金,53,1,52,中國信託,2023-08-21,6160
3306,鼎天,118,68,50,中國信託,2023-08-21,6160
2501,國建,50,0,50,中國信託,2023-08-21,6160
5340,建榮,66,16,50,中國信託,2023-08-21,6160
1442,名軒,50,0,50,中國信託,2023-08-21,6160
00772B,中信高評級公司債,152,104,48,中國信託,2023-08-21,6160
00931B,統一美債20年,52,7,45,中國信託,2023-08-21,6160
00886,永豐美國科技,45,0,45,中國信託,2023-08-21,6160
2885,元大金,45,1,44,中國信託,2023-08-21,6160
1314,中石化,44,0,44,中國信託,2023-08-21,6160
2376,技嘉,70,27,43,中國信託,2023-08-21,6160
3443,創意,50,7,43,中國信託,2023-08-21,6160
0050,元大台灣50,56,14,42,中國信託,2023-08-21,6160
2002,中鋼,42,0,42,中國信託,2023-08-21,6160
2317,鴻海,48,7,41,中國信託,2023-08-21,6160
5225,東科-KY,40,0,40,中國信託,2023-08-21,6160
2496,卓越,40,0,40,中國信託,2023-08-21,6160
6191,精成科,47,8,39,中國信託,2023-08-21,6160
00751B,元大AAA至A公司債,53,14,39,中國信託,2023-08-21,6160
9958,世紀鋼,41,3,38,中國信託,2023-08-21,6160
2605,新興,48,12,36,中國信託,2023-08-21,6160
2615,萬海,51,16,35,中國信託,2023-08-21,6160
6117,迎廣,74,41,33,中國信託,2023-08-21,6160
1815,富喬,30,0,30,中國信託,2023-08-21,6160
2887,台新金,31,1,30,中國信託,2023-08-21,6160
3706,神達,49,19,30,中國信託,2023-08-21,6160
5483,中美晶,32,3,29,中國信託,2023-08-21,6160
00891,中信關鍵半導體,32,4,28,中國信託,2023-08-21,6160
0056,元大高股息,1625,256,1369,中國信託,2023-08-22,6160
2891,中信金,911,18,893,中國信託,2023-08-22,6160
2412,中華電,510,1,509,中國信託,2023-08-22,6160
2890,永豐金,507,5,502,中國信託,2023-08-22,6160
2449,京元電子,332,80,252,中國信託,2023-08-22,6160
00719B,元大美債1-3,201,0,201,中國信託,2023-08-22,6160
00928,中信上櫃ESG30,214,15,199,中國信託,2023-08-22,6160
00795B,中信美國公債20年,195,21,174,中國信託,2023-08-22,6160
00881,國泰台灣5G+,163,1,162,中國信託,2023-08-22,6160
1101,台泥,136,4,132,中國信託,2023-08-22,6160
2356,英業達,259,135,124,中國信託,2023-08-22,6160
2421,建準,211,109,102,中國信託,2023-08-22,6160
9933,中鼎,102,0,102,中國信託,2023-08-22,6160
00912,中信臺灣智慧50,158,57,101,中國信託,2023-08-22,6160
00910,第一金太空衛星,108,20,88,中國信託,2023-08-22,6160
00646,元大S＆P500,88,0,88,中國信託,2023-08-22,6160
2548,華固,87,0,87,中國信託,2023-08-22,6160
2344,華邦電,97,13,84,中國信託,2023-08-22,6160
3163,波若威,171,87,84,中國信託,2023-08-22,6160
00885,富邦越南,106,24,82,中國信託,2023-08-22,6160
6285,啟��,135,55,80,中國信託,2023-08-22,6160
2892,第一金,80,0,80,中國信託,2023-08-22,6160
2809,京城銀,71,0,71,中國信託,2023-08-22,6160
00882,中信中國高股息,83,16,67,中國信託,2023-08-22,6160
6213,聯茂,86,19,67,中國信託,2023-08-22,6160
2332,友訊,190,123,67,中國信託,2023-08-22,6160
00665L,富邦�琤肭磪囓�2,112,50,62,中國信託,2023-08-22,6160
2363,矽統,545,483,62,中國信託,2023-08-22,6160
00679B,元大美債20年,110,56,54,中國信託,2023-08-22,6160
3665,貿聯-KY,54,0,54,中國信託,2023-08-22,6160
3362,先進光,62,8,54,中國信託,2023-08-22,6160
2882,國泰金,53,1,52,中國信託,2023-08-22,6160
6188,廣明,84,33,51,中國信託,2023-08-22,6160
1513,中興電,89,38,51,中國信託,2023-08-22,6160
00720B,元大投資級公司債,50,0,50,中國信託,2023-08-22,6160
9910,豐泰,58,8,50,中國信託,2023-08-22,6160
00751B,元大AAA至A公司債,50,0,50,中國信託,2023-08-22,6160
0050,元大台灣50,174,127,47,中國信託,2023-08-22,6160
8464,億豐,45,0,45,中國信託,2023-08-22,6160
00752,中信中國50,306,264,42,中國信託,2023-08-22,6160
6192,巨路,43,1,42,中國信託,2023-08-22,6160
2883,凱基金,45,4,41,中國信託,2023-08-22,6160
6418,詠昇,43,2,41,中國信託,2023-08-22,6160
00633L,富邦上証正2,40,0,40,中國信託,2023-08-22,6160
00849B,中信EM主權債0-5,87,48,39,中國信託,2023-08-22,6160
00901,永豐智能車供應鏈,59,20,39,中國信託,2023-08-22,6160
6142,友勁,38,0,38,中國信託,2023-08-22,6160
2357,華碩,52,15,37,中國信託,2023-08-22,6160
00772B,中信高評級公司債,68,32,36,中國信託,2023-08-22,6160
1326,台化,37,2,35,中國信託,2023-08-22,6160
2412,中華電,515,3,512,中國信託,2023-08-23,6160
00715L,期街口布蘭特正2,500,10,490,中國信託,2023-08-23,6160
9939,宏全,270,0,270,中國信託,2023-08-23,6160
00673R,期元大S＆P原油反1,217,20,197,中國信託,2023-08-23,6160
3045,台灣大,134,0,134,中國信託,2023-08-23,6160
00882,中信中國高股息,145,14,131,中國信託,2023-08-23,6160
2382,廣達,277,146,131,中國信託,2023-08-23,6160
2486,一詮,193,63,130,中國信託,2023-08-23,6160
00681R,元大美債20反1,108,0,108,中國信託,2023-08-23,6160
9933,中鼎,98,0,98,中國信託,2023-08-23,6160
3013,晟銘電,393,301,92,中國信託,2023-08-23,6160
00662,富邦NASDAQ,88,0,88,中國信託,2023-08-23,6160
1101,台泥,161,76,85,中國信託,2023-08-23,6160
4164,承業醫,78,0,78,中國信託,2023-08-23,6160
2353,宏��,86,9,77,中國信託,2023-08-23,6160
6275,元山,75,6,69,中國信託,2023-08-23,6160
2345,智邦,69,0,69,中國信託,2023-08-23,6160
1477,聚陽,70,3,67,中國信託,2023-08-23,6160
6026,福邦證,67,0,67,中國信託,2023-08-23,6160
2634,漢翔,225,159,66,中國信託,2023-08-23,6160
2618,長榮航,239,173,66,中國信託,2023-08-23,6160
00902,中信電池及儲能,75,12,63,中國信託,2023-08-23,6160
00881,國泰台灣5G+,76,14,62,中國信託,2023-08-23,6160
6125,廣運,117,59,58,中國信託,2023-08-23,6160
2834,臺企銀,60,5,55,中國信託,2023-08-23,6160
2421,建準,159,109,50,中國信託,2023-08-23,6160
00712,復華富時不動產,56,8,48,中國信託,2023-08-23,6160
2371,大同,51,3,48,中國信託,2023-08-23,6160
2301,光寶科,109,62,47,中國信託,2023-08-23,6160
2329,華泰,76,31,45,中國信託,2023-08-23,6160
6830,汎銓,45,1,44,中國信託,2023-08-23,6160
5222,全訊,46,3,43,中國信託,2023-08-23,6160
2816,旺旺保,50,8,42,中國信託,2023-08-23,6160
2376,技嘉,98,56,42,中國信託,2023-08-23,6160
2888,新光金,53,13,40,中國信託,2023-08-23,6160
00923,群益台ESG低碳50,51,13,38,中國信託,2023-08-23,6160
2002,中鋼,51,14,37,中國信託,2023-08-23,6160
2308,台達電,36,1,35,中國信託,2023-08-23,6160
6418,詠昇,48,16,32,中國信託,2023-08-23,6160
6167,久正,78,47,31,中國信託,2023-08-23,6160
2610,華航,344,314,30,中國信託,2023-08-23,6160
6192,巨路,30,0,30,中國信託,2023-08-23,6160
6770,力積電,37,8,29,中國信託,2023-08-23,6160
6194,育富,29,0,29,中國信託,2023-08-23,6160
9911,櫻花,29,0,29,中國信託,2023-08-23,6160
00679B,元大美債20年,44,16,28,中國信託,2023-08-23,6160
00753L,中信中國50正2,231,204,27,中國信託,2023-08-23,6160
5483,中美晶,29,2,27,中國信託,2023-08-23,6160
6290,良維,28,2,26,中國信託,2023-08-23,6160
00773B,中信優先金融債,592,566,26,中國信託,2023-08-23,6160
00881,國泰台灣5G+,1950,65,1885,中國信託,2023-08-24,6160
2409,友達,1021,11,1010,中國信託,2023-08-24,6160
2412,中華電,508,2,506,中國信託,2023-08-24,6160
00715L,期街口布蘭特正2,526,50,476,中國信託,2023-08-24,6160
00795B,中信美國公債20年,1049,628,421,中國信託,2023-08-24,6160
00719B,元大美債1-3,301,6,295,中國信託,2023-08-24,6160
00888,永豐台灣ESG,325,42,283,中國信託,2023-08-24,6160
00679B,元大美債20年,275,2,273,中國信託,2023-08-24,6160
2363,矽統,938,674,264,中國信託,2023-08-24,6160
00878,國泰永續高股息,942,682,260,中國信託,2023-08-24,6160
3231,緯創,876,666,210,中國信託,2023-08-24,6160
2382,廣達,709,501,208,中國信託,2023-08-24,6160
00772B,中信高評級公司債,216,16,200,中國信託,2023-08-24,6160
00917,中信特選金融,212,33,179,中國信託,2023-08-24,6160
00930,永豐ESG低碳高息,164,0,164,中國信託,2023-08-24,6160
2402,毅嘉,194,31,163,中國信託,2023-08-24,6160
00901,永豐智能車供應鏈,295,136,159,中國信託,2023-08-24,6160
1101,台泥,132,8,124,中國信託,2023-08-24,6160
3706,神達,168,58,110,中國信託,2023-08-24,6160
9933,中鼎,109,0,109,中國信託,2023-08-24,6160
2609,陽明,148,44,104,中國信託,2023-08-24,6160
00706L,期元大S＆P日圓正2,101,0,101,中國信託,2023-08-24,6160
2903,遠百,93,0,93,中國信託,2023-08-24,6160
2344,華邦電,114,25,89,中國信託,2023-08-24,6160
2317,鴻海,177,91,86,中國信託,2023-08-24,6160
4938,和碩,137,51,86,中國信託,2023-08-24,6160
2368,金像電,150,65,85,中國信託,2023-08-24,6160
00847B,中信美國市政債,156,74,82,中國信託,2023-08-24,6160
2419,仲琦,165,85,80,中國信託,2023-08-24,6160
3234,光環,72,3,69,中國信託,2023-08-24,6160
1476,儒鴻,71,2,69,中國信託,2023-08-24,6160
2880,華南金,69,2,67,中國信託,2023-08-24,6160
3035,智原,107,40,67,中國信託,2023-08-24,6160
2634,漢翔,295,231,64,中國信託,2023-08-24,6160
2399,映泰,87,25,62,中國信託,2023-08-24,6160
00912,中信臺灣智慧50,89,31,58,中國信託,2023-08-24,6160
8210,勤誠,81,28,53,中國信託,2023-08-24,6160
6205,詮欣,80,29,51,中國信託,2023-08-24,6160
6168,宏齊,51,0,51,中國信託,2023-08-24,6160
2356,英業達,449,400,49,中國信託,2023-08-24,6160
00882,中信中國高股息,58,9,49,中國信託,2023-08-24,6160
2884,玉山金,77,29,48,中國信託,2023-08-24,6160
3010,華立,49,1,48,中國信託,2023-08-24,6160
1477,聚陽,54,8,46,中國信託,2023-08-24,6160
2421,建準,225,179,46,中國信託,2023-08-24,6160
2352,佳世達,87,43,44,中國信託,2023-08-24,6160
3325,旭品,51,8,43,中國信託,2023-08-24,6160
2324,仁寶,204,161,43,中國信託,2023-08-24,6160
2618,長榮航,125,82,43,中國信託,2023-08-24,6160
2886,兆豐金,46,4,42,中國信託,2023-08-24,6160
2412,中華電,511,1,510,中國信託,2023-08-25,6160
00795B,中信美國公債20年,768,468,300,中國信託,2023-08-25,6160
3231,緯創,1072,845,227,中國信託,2023-08-25,6160
3045,台灣大,241,20,221,中國信託,2023-08-25,6160
00928,中信上櫃ESG30,355,151,204,中國信託,2023-08-25,6160
00830,國泰費城半導體,199,2,197,中國信託,2023-08-25,6160
2363,矽統,595,405,190,中國信託,2023-08-25,6160
00894,中信小資高價30,272,84,188,中國信託,2023-08-25,6160
9958,世紀鋼,183,16,167,中國信託,2023-08-25,6160
00662,富邦NASDAQ,172,8,164,中國信託,2023-08-25,6160
00673R,期元大S＆P原油反1,279,120,159,中國信託,2023-08-25,6160
00752,中信中國50,283,125,158,中國信託,2023-08-25,6160
6757,台灣虎航,157,1,156,中國信託,2023-08-25,6160
1477,聚陽,156,5,151,中國信託,2023-08-25,6160
4906,正文,198,77,121,中國信託,2023-08-25,6160
2516,新建,117,0,117,中國信託,2023-08-25,6160
00646,元大S＆P500,112,0,112,中國信託,2023-08-25,6160
00901,永豐智能車供應鏈,144,33,111,中國信託,2023-08-25,6160
00912,中信臺灣智慧50,116,9,107,中國信託,2023-08-25,6160
9933,中鼎,104,0,104,中國信託,2023-08-25,6160
2353,宏��,126,25,101,中國信託,2023-08-25,6160
1802,台玻,91,15,76,中國信託,2023-08-25,6160
2345,智邦,78,11,67,中國信託,2023-08-25,6160
2880,華南金,66,0,66,中國信託,2023-08-25,6160
2324,仁寶,120,57,63,中國信託,2023-08-25,6160
1101,台泥,63,0,63,中國信託,2023-08-25,6160
00893,國泰智能電動車,61,1,60,中國信託,2023-08-25,6160
2485,兆赫,152,92,60,中國信託,2023-08-25,6160
4960,誠美材,62,4,58,中國信託,2023-08-25,6160
2002,中鋼,66,12,54,中國信託,2023-08-25,6160
2610,華航,153,99,54,中國信託,2023-08-25,6160
8033,雷虎,65,12,53,中國信託,2023-08-25,6160
2618,長榮航,95,44,51,中國信託,2023-08-25,6160
2449,京元電子,173,123,50,中國信託,2023-08-25,6160
3264,欣銓,51,2,49,中國信託,2023-08-25,6160
5452,佶優,56,8,48,中國信託,2023-08-25,6160
3010,華立,50,2,48,中國信託,2023-08-25,6160
00679B,元大美債20年,47,1,46,中國信託,2023-08-25,6160
2486,一詮,67,22,45,中國信託,2023-08-25,6160
4979,華星光,70,27,43,中國信託,2023-08-25,6160
3032,偉訓,37,0,37,中國信託,2023-08-25,6160
2892,第一金,37,1,36,中國信託,2023-08-25,6160
1605,華新,43,8,35,中國信託,2023-08-25,6160
3037,欣興,59,24,35,中國信託,2023-08-25,6160
5009,榮剛,41,7,34,中國信託,2023-08-25,6160
2352,佳世達,37,3,34,中國信託,2023-08-25,6160
2301,光寶科,117,85,32,中國信託,2023-08-25,6160
00902,中信電池及儲能,47,16,31,中國信託,2023-08-25,6160
00881,國泰台灣5G+,101,70,31,中國信託,2023-08-25,6160
00706L,期元大S＆P日圓正2,29,0,29,中國信託,2023-08-25,6160
2412,中華電,497,0,497,中國信託,2023-08-28,6160
2455,全新,330,10,320,中國信託,2023-08-28,6160
2606,裕民,306,10,296,中國信託,2023-08-28,6160
4906,正文,373,93,280,中國信託,2023-08-28,6160
2890,永豐金,274,6,268,中國信託,2023-08-28,6160
2845,遠東銀,250,1,249,中國信託,2023-08-28,6160
2363,矽統,403,224,179,中國信託,2023-08-28,6160
1504,東元,169,13,156,中國信託,2023-08-28,6160
6285,啟��,169,26,143,中國信託,2023-08-28,6160
00752,中信中國50,220,94,126,中國信託,2023-08-28,6160
00902,中信電池及儲能,168,44,124,中國信託,2023-08-28,6160
00753L,中信中國50正2,511,394,117,中國信託,2023-08-28,6160
2347,聯強,109,1,108,中國信託,2023-08-28,6160
9933,中鼎,103,0,103,中國信託,2023-08-28,6160
2388,威盛,164,72,92,中國信託,2023-08-28,6160
2618,長榮航,134,44,90,中國信託,2023-08-28,6160
2634,漢翔,181,93,88,中國信託,2023-08-28,6160
1477,聚陽,112,24,88,中國信託,2023-08-28,6160
6239,力成,85,0,85,中國信託,2023-08-28,6160
2353,宏��,108,28,80,中國信託,2023-08-28,6160
2409,友達,93,15,78,中國信託,2023-08-28,6160
3548,兆利,107,35,72,中國信託,2023-08-28,6160
2449,京元電子,143,72,71,中國信託,2023-08-28,6160
00715L,期街口布蘭特正2,93,24,69,中國信託,2023-08-28,6160
2610,華航,160,91,69,中國信託,2023-08-28,6160
0056,元大高股息,214,146,68,中國信託,2023-08-28,6160
6269,台郡,65,0,65,中國信託,2023-08-28,6160
2516,新建,70,5,65,中國信託,2023-08-28,6160
00887,永豐中國科技50大,77,16,61,中國信託,2023-08-28,6160
00631L,元大台灣50正2,58,0,58,中國信託,2023-08-28,6160
6176,瑞儀,57,1,56,中國信託,2023-08-28,6160
5381,合正,93,38,55,中國信託,2023-08-28,6160
1737,臺鹽,109,55,54,中國信託,2023-08-28,6160
1102,亞泥,55,2,53,中國信託,2023-08-28,6160
2337,旺宏,65,13,52,中國信託,2023-08-28,6160
9904,寶成,51,0,51,中國信託,2023-08-28,6160
2344,華邦電,55,6,49,中國信託,2023-08-28,6160
2387,精元,48,3,45,中國信託,2023-08-28,6160
2324,仁寶,69,25,44,中國信託,2023-08-28,6160
5469,瀚宇博,46,2,44,中國信託,2023-08-28,6160
6147,頎邦,51,7,44,中國信託,2023-08-28,6160
6205,詮欣,42,0,42,中國信託,2023-08-28,6160
3042,晶技,42,0,42,中國信託,2023-08-28,6160
3702,大聯大,44,5,39,中國信託,2023-08-28,6160
3036,文曄,40,1,39,中國信託,2023-08-28,6160
6168,宏齊,38,0,38,中國信託,2023-08-28,6160
2402,毅嘉,135,99,36,中國信託,2023-08-28,6160
8150,南茂,39,3,36,中國信託,2023-08-28,6160
2385,群光,35,0,35,中國信託,2023-08-28,6160
5522,遠雄,35,0,35,中國信託,2023-08-28,6160
2882,國泰金,1100,22,1078,中國信託,2023-08-29,6160
2881,富邦金,1012,3,1009,中國信託,2023-08-29,6160
2412,中華電,527,31,496,中國信託,2023-08-29,6160
2891,中信金,531,151,380,中國信託,2023-08-29,6160
00888,永豐台灣ESG,995,622,373,中國信託,2023-08-29,6160
2324,仁寶,336,48,288,中國信託,2023-08-29,6160
00795B,中信美國公債20年,901,700,201,中國信託,2023-08-29,6160
1313,聯成,200,0,200,中國信託,2023-08-29,6160
2303,聯電,226,27,199,中國信託,2023-08-29,6160
6213,聯茂,250,74,176,中國信託,2023-08-29,6160
00752,中信中國50,276,128,148,中國信託,2023-08-29,6160
2474,可成,145,1,144,中國信託,2023-08-29,6160
4572,駐龍,139,9,130,中國信託,2023-08-29,6160
00673R,期元大S＆P原油反1,130,2,128,中國信託,2023-08-29,6160
2363,矽統,852,727,125,中國信託,2023-08-29,6160
2486,一詮,156,33,123,中國信託,2023-08-29,6160
2317,鴻海,135,42,93,中國信託,2023-08-29,6160
2377,微星,75,2,73,中國信託,2023-08-29,6160
0056,元大高股息,210,140,70,中國信託,2023-08-29,6160
2501,國建,70,1,69,中國信託,2023-08-29,6160
00701,國泰股利精選30,70,2,68,中國信託,2023-08-29,6160
6205,詮欣,65,0,65,中國信託,2023-08-29,6160
00913,兆豐台灣晶圓製造,77,12,65,中國信託,2023-08-29,6160
00864B,中信美國公債0-1,305,242,63,中國信託,2023-08-29,6160
00902,中信電池及儲能,60,5,55,中國信託,2023-08-29,6160
6443,元晶,86,33,53,中國信託,2023-08-29,6160
5371,中光電,58,8,50,中國信託,2023-08-29,6160
1471,首利,76,26,50,中國信託,2023-08-29,6160
3548,兆利,71,22,49,中國信託,2023-08-29,6160
2313,華通,48,0,48,中國信託,2023-08-29,6160
00687B,國泰20年美債,48,5,43,中國信託,2023-08-29,6160
9958,世紀鋼,80,38,42,中國信託,2023-08-29,6160
00633L,富邦上証正2,62,20,42,中國信託,2023-08-29,6160
4979,華星光,94,52,42,中國信託,2023-08-29,6160
6799,來頡,55,14,41,中國信託,2023-08-29,6160
3217,優群,54,13,41,中國信託,2023-08-29,6160
2006,東和鋼鐵,42,1,41,中國信託,2023-08-29,6160
2376,技嘉,101,61,40,中國信託,2023-08-29,6160
3045,台灣大,41,2,39,中國信託,2023-08-29,6160
2816,旺旺保,48,10,38,中國信託,2023-08-29,6160
2440,太空梭,42,6,36,中國信託,2023-08-29,6160
2458,義隆,40,5,35,中國信託,2023-08-29,6160
9911,櫻花,33,0,33,中國信託,2023-08-29,6160
9945,潤泰新,61,30,31,中國信託,2023-08-29,6160
00637L,元大滬深300正2,34,4,30,中國信託,2023-08-29,6160
2382,廣達,129,99,30,中國信託,2023-08-29,6160
2548,華固,29,0,29,中國信託,2023-08-29,6160
00928,中信上櫃ESG30,116,87,29,中國信託,2023-08-29,6160
3231,緯創,314,288,26,中國信託,2023-08-29,6160
1524,耿鼎,26,0,26,中國信託,2023-08-29,6160
00632R,元大台灣50反1,1534,50,1484,中國信託,2023-08-30,6160
0056,元大高股息,888,112,776,中國信託,2023-08-30,6160
2412,中華電,548,51,497,中國信託,2023-08-30,6160
00753L,中信中國50正2,379,88,291,中國信託,2023-08-30,6160
5425,台半,212,4,208,中國信託,2023-08-30,6160
3715,定穎投控,340,154,186,中國信託,2023-08-30,6160
0050,元大台灣50,240,70,170,中國信託,2023-08-30,6160
1402,遠東新,153,0,153,中國信託,2023-08-30,6160
2881,富邦金,161,13,148,中國信託,2023-08-30,6160
00930,永豐ESG低碳高息,139,13,126,中國信託,2023-08-30,6160
2886,兆豐金,135,10,125,中國信託,2023-08-30,6160
2344,華邦電,155,33,122,中國信託,2023-08-30,6160
2834,臺企銀,118,2,116,中國信託,2023-08-30,6160
6829,千附精密,147,39,108,中國信託,2023-08-30,6160
6143,振曜,100,0,100,中國信託,2023-08-30,6160
2891,中信金,121,24,97,中國信託,2023-08-30,6160
00913,兆豐台灣晶圓製造,117,20,97,中國信託,2023-08-30,6160
2890,永豐金,105,12,93,中國信託,2023-08-30,6160
6005,群益證,100,10,90,中國信託,2023-08-30,6160
2801,彰銀,89,0,89,中國信託,2023-08-30,6160
2610,華航,118,32,86,中國信託,2023-08-30,6160
2345,智邦,82,1,81,中國信託,2023-08-30,6160
00728,第一金工業30,80,1,79,中國信託,2023-08-30,6160
2324,仁寶,153,75,78,中國信託,2023-08-30,6160
00907,永豐優息存股,77,7,70,中國信託,2023-08-30,6160
00671R,富邦NASDAQ反1,70,0,70,中國信託,2023-08-30,6160
2887,台新金,107,43,64,中國信託,2023-08-30,6160
2027,大成鋼,63,2,61,中國信託,2023-08-30,6160
2615,萬海,68,7,61,中國信託,2023-08-30,6160
6217,中探針,61,2,59,中國信託,2023-08-30,6160
9904,寶成,58,0,58,中國信託,2023-08-30,6160
2330,台積電,191,133,58,中國信託,2023-08-30,6160
2885,元大金,64,7,57,中國信託,2023-08-30,6160
2892,第一金,55,0,55,中國信託,2023-08-30,6160
00885,富邦越南,88,34,54,中國信託,2023-08-30,6160
2368,金像電,133,81,52,中國信託,2023-08-30,6160
2401,凌陽,71,19,52,中國信託,2023-08-30,6160
2317,鴻海,68,17,51,中國信託,2023-08-30,6160
1102,亞泥,50,1,49,中國信託,2023-08-30,6160
2383,台光電,54,8,46,中國信託,2023-08-30,6160
8213,志超,45,1,44,中國信託,2023-08-30,6160
00912,中信臺灣智慧50,134,91,43,中國信託,2023-08-30,6160
00687B,國泰20年美債,43,0,43,中國信託,2023-08-30,6160
5880,合庫金,42,0,42,中國信託,2023-08-30,6160
5876,上海商銀,42,0,42,中國信託,2023-08-30,6160
1605,華新,42,6,36,中國信託,2023-08-30,6160
2301,光寶科,81,45,36,中國信託,2023-08-30,6160
00637L,元大滬深300正2,35,0,35,中國信託,2023-08-30,6160
2486,一詮,34,0,34,中國信託,2023-08-30,6160
00918,大華優利高填息30,34,0,34,中國信託,2023-08-30,6160
2890,永豐金,1083,3,1080,中國信託,2023-08-31,6160
3260,威剛,882,37,845,中國信託,2023-08-31,6160
2885,元大金,746,1,745,中國信託,2023-08-31,6160
2886,兆豐金,703,1,702,中國信託,2023-08-31,6160
2884,玉山金,562,36,526,中國信託,2023-08-31,6160
2412,中華電,512,2,510,中國信託,2023-08-31,6160
00830,國泰費城半導體,352,1,351,中國信託,2023-08-31,6160
3005,神基,277,1,276,中國信託,2023-08-31,6160
00646,元大S＆P500,270,0,270,中國信託,2023-08-31,6160
2337,旺宏,330,123,207,中國信託,2023-08-31,6160
3042,晶技,183,2,181,中國信託,2023-08-31,6160
9958,世紀鋼,187,6,181,中國信託,2023-08-31,6160
4938,和碩,156,5,151,中國信託,2023-08-31,6160
3044,健鼎,163,17,146,中國信託,2023-08-31,6160
2301,光寶科,176,56,120,中國信託,2023-08-31,6160
3045,台灣大,117,0,117,中國信託,2023-08-31,6160
3176,基亞,119,2,117,中國信託,2023-08-31,6160
3011,今皓,124,7,117,中國信託,2023-08-31,6160
2610,華航,182,73,109,中國信託,2023-08-31,6160
00679B,元大美債20年,112,5,107,中國信託,2023-08-31,6160
1402,遠東新,104,0,104,中國信託,2023-08-31,6160
00719B,元大美債1-3,103,0,103,中國信託,2023-08-31,6160
00751B,元大AAA至A公司債,102,0,102,中國信託,2023-08-31,6160
1326,台化,102,1,101,中國信託,2023-08-31,6160
00764B,群益25年美債,100,0,100,中國信託,2023-08-31,6160
8069,元太,99,1,98,中國信託,2023-08-31,6160
8358,金居,191,95,96,中國信託,2023-08-31,6160
4979,華星光,100,5,95,中國信託,2023-08-31,6160
6205,詮欣,95,8,87,中國信託,2023-08-31,6160
1471,首利,98,11,87,中國信託,2023-08-31,6160
3217,優群,158,72,86,中國信託,2023-08-31,6160
6770,力積電,89,6,83,中國信託,2023-08-31,6160
2324,仁寶,170,89,81,中國信託,2023-08-31,6160
2330,台積電,103,25,78,中國信託,2023-08-31,6160
3715,定穎投控,298,220,78,中國信託,2023-08-31,6160
1568,倉佑,71,3,68,中國信託,2023-08-31,6160
2883,凱基金,96,30,66,中國信託,2023-08-31,6160
00930,永豐ESG低碳高息,75,12,63,中國信託,2023-08-31,6160
2530,華建,62,0,62,中國信託,2023-08-31,6160
1802,台玻,250,189,61,中國信託,2023-08-31,6160
1101,台泥,61,0,61,中國信託,2023-08-31,6160
00882,中信中國高股息,63,6,57,中國信託,2023-08-31,6160
6121,新普,56,0,56,中國信託,2023-08-31,6160
5457,宣德,58,3,55,中國信託,2023-08-31,6160
6505,台塑化,53,0,53,中國信託,2023-08-31,6160
2449,京元電子,79,28,51,中國信託,2023-08-31,6160
8454,富邦媒,50,0,50,中國信託,2023-08-31,6160
9914,美利達,50,0,50,中國信託,2023-08-31,6160
3059,華晶科,53,5,48,中國信託,2023-08-31,6160
3078,僑威,130,82,48,中國信託,2023-08-31,6160
2883,凱基金,3008,12,2996,中國信託,2023-09-01,6160
2882,國泰金,1102,45,1057,中國信託,2023-09-01,6160
2344,華邦電,1113,86,1027,中國信託,2023-09-01,6160
2353,宏��,773,6,767,中國信託,2023-09-01,6160
2330,台積電,659,9,650,中國信託,2023-09-01,6160
3260,威剛,584,44,540,中國信託,2023-09-01,6160
2412,中華電,508,10,498,中國信託,2023-09-01,6160
00927,群益半導體收益,352,1,351,中國信託,2023-09-01,6160
8150,南茂,330,4,326,中國信託,2023-09-01,6160
00864B,中信美國公債0-1,447,178,269,中國信託,2023-09-01,6160
8163,達方,262,7,255,中國信託,2023-09-01,6160
3231,緯創,422,226,196,中國信託,2023-09-01,6160
00679B,元大美債20年,172,2,170,中國信託,2023-09-01,6160
00720B,元大投資級公司債,164,1,163,中國信託,2023-09-01,6160
00719B,元大美債1-3,158,0,158,中國信託,2023-09-01,6160
00881,國泰台灣5G+,154,1,153,中國信託,2023-09-01,6160
00764B,群益25年美債,150,1,149,中國信託,2023-09-01,6160
1476,儒鴻,149,1,148,中國信託,2023-09-01,6160
2363,矽統,764,644,120,中國信託,2023-09-01,6160
1213,大飲,119,0,119,中國信託,2023-09-01,6160
8938,明安,124,10,114,中國信託,2023-09-01,6160
00673R,期元大S＆P原油反1,149,38,111,中國信託,2023-09-01,6160
00751B,元大AAA至A公司債,151,40,111,中國信託,2023-09-01,6160
2485,兆赫,300,192,108,中國信託,2023-09-01,6160
00664R,國泰臺灣加權反1,100,0,100,中國信託,2023-09-01,6160
00878,國泰永續高股息,290,193,97,中國信託,2023-09-01,6160
00687B,國泰20年美債,96,2,94,中國信託,2023-09-01,6160
00646,元大S＆P500,88,0,88,中國信託,2023-09-01,6160
6205,詮欣,109,23,86,中國信託,2023-09-01,6160
3035,智原,140,61,79,中國信託,2023-09-01,6160
5876,上海商銀,80,3,77,中國信託,2023-09-01,6160
2885,元大金,81,9,72,中國信託,2023-09-01,6160
00912,中信臺灣智慧50,73,2,71,中國信託,2023-09-01,6160
3227,原相,80,10,70,中國信託,2023-09-01,6160
6274,台燿,118,49,69,中國信託,2023-09-01,6160
1815,富喬,68,1,67,中國信託,2023-09-01,6160
00917,中信特選金融,66,1,65,中國信託,2023-09-01,6160
2356,英業達,166,101,65,中國信託,2023-09-01,6160
00930,永豐ESG低碳高息,94,30,64,中國信託,2023-09-01,6160
1605,華新,120,64,56,中國信託,2023-09-01,6160
2542,興富發,46,0,46,中國信託,2023-09-01,6160
6548,長科*,46,0,46,中國信託,2023-09-01,6160
00882,中信中國高股息,91,46,45,中國信託,2023-09-01,6160
3715,定穎投控,138,98,40,中國信託,2023-09-01,6160
2486,一詮,50,12,38,中國信託,2023-09-01,6160
6192,巨路,40,3,37,中國信託,2023-09-01,6160
2609,陽明,41,6,35,中國信託,2023-09-01,6160
2402,毅嘉,494,462,32,中國信託,2023-09-01,6160
2324,仁寶,54,24,30,中國信託,2023-09-01,6160
4763,材料-KY,44,14,30,中國信託,2023-09-01,6160
00927,群益半導體收益,881,23,858,中國信託,2023-09-04,6160
8358,金居,671,22,649,中國信託,2023-09-04,6160
2330,台積電,638,39,599,中國信託,2023-09-04,6160
00930,永豐ESG低碳高息,502,19,483,中國信託,2023-09-04,6160
3548,兆利,528,58,470,中國信託,2023-09-04,6160
2412,中華電,498,78,420,中國信託,2023-09-04,6160
2201,裕隆,527,107,420,中國信託,2023-09-04,6160
2881,富邦金,387,65,322,中國信託,2023-09-04,6160
3036,文曄,312,1,311,中國信託,2023-09-04,6160
2344,華邦電,169,10,159,中國信託,2023-09-04,6160
00772B,中信高評級公司債,145,13,132,中國信託,2023-09-04,6160
2301,光寶科,174,44,130,中國信託,2023-09-04,6160
2618,長榮航,144,18,126,中國信託,2023-09-04,6160
1326,台化,126,6,120,中國信託,2023-09-04,6160
1313,聯成,129,16,113,中國信託,2023-09-04,6160
3711,日月光投控,119,8,111,中國信託,2023-09-04,6160
00881,國泰台灣5G+,173,67,106,中國信託,2023-09-04,6160
00673R,期元大S＆P原油反1,95,0,95,中國信託,2023-09-04,6160
00928,中信上櫃ESG30,140,49,91,中國信託,2023-09-04,6160
9933,中鼎,90,2,88,中國信託,2023-09-04,6160
2382,廣達,192,107,85,中國信託,2023-09-04,6160
4979,華星光,88,7,81,中國信託,2023-09-04,6160
2890,永豐金,79,5,74,中國信託,2023-09-04,6160
00931B,統一美債20年,98,25,73,中國信託,2023-09-04,6160
5381,合正,119,47,72,中國信託,2023-09-04,6160
2347,聯強,108,38,70,中國信託,2023-09-04,6160
1802,台玻,235,169,66,中國信託,2023-09-04,6160
1503,士電,67,1,66,中國信託,2023-09-04,6160
2317,鴻海,76,12,64,中國信託,2023-09-04,6160
00679B,元大美債20年,64,1,63,中國信託,2023-09-04,6160
3088,艾訊,63,1,62,中國信託,2023-09-04,6160
3665,貿聯-KY,62,0,62,中國信託,2023-09-04,6160
5213,亞昕,60,0,60,中國信託,2023-09-04,6160
00751B,元大AAA至A公司債,59,1,58,中國信託,2023-09-04,6160
3034,聯詠,61,4,57,中國信託,2023-09-04,6160
2324,仁寶,79,23,56,中國信託,2023-09-04,6160
5876,上海商銀,55,0,55,中國信託,2023-09-04,6160
1301,台塑,54,0,54,中國信託,2023-09-04,6160
00753L,中信中國50正2,282,228,54,中國信託,2023-09-04,6160
00891,中信關鍵半導體,77,24,53,中國信託,2023-09-04,6160
6116,彩晶,50,0,50,中國信託,2023-09-04,6160
6213,聯茂,72,25,47,中國信託,2023-09-04,6160
00720B,元大投資級公司債,46,0,46,中國信託,2023-09-04,6160
5009,榮剛,62,18,44,中國信託,2023-09-04,6160
2421,建準,71,28,43,中國信託,2023-09-04,6160
2331,精英,67,24,43,中國信託,2023-09-04,6160
00795B,中信美國公債20年,857,815,42,中國信託,2023-09-04,6160
00687B,國泰20年美債,42,0,42,中國信託,2023-09-04,6160
2885,元大金,42,1,41,中國信託,2023-09-04,6160
3163,波若威,103,63,40,中國信託,2023-09-04,6160
2330,台積電,599,5,594,中國信託,2023-09-05,6160
2412,中華電,501,4,497,中國信託,2023-09-05,6160
00927,群益半導體收益,510,13,497,中國信託,2023-09-05,6160
3231,緯創,526,138,388,中國信託,2023-09-05,6160
00881,國泰台灣5G+,348,7,341,中國信託,2023-09-05,6160
2615,萬海,325,11,314,中國信託,2023-09-05,6160
2603,長榮,250,40,210,中國信託,2023-09-05,6160
2906,高林,220,19,201,中國信託,2023-09-05,6160
00878,國泰永續高股息,261,66,195,中國信託,2023-09-05,6160
0056,元大高股息,318,123,195,中國信託,2023-09-05,6160
6274,台燿,311,127,184,中國信託,2023-09-05,6160
00930,永豐ESG低碳高息,176,12,164,中國信託,2023-09-05,6160
2376,技嘉,196,35,161,中國信託,2023-09-05,6160
2834,臺企銀,158,4,154,中國信託,2023-09-05,6160
2458,義隆,175,27,148,中國信託,2023-09-05,6160
1319,東陽,218,71,147,中國信託,2023-09-05,6160
9933,中鼎,141,7,134,中國信託,2023-09-05,6160
2454,聯發科,143,12,131,中國信託,2023-09-05,6160
2368,金像電,128,3,125,中國信託,2023-09-05,6160
2313,華通,157,39,118,中國信託,2023-09-05,6160
2352,佳世達,126,12,114,中國信託,2023-09-05,6160
8358,金居,200,89,111,中國信託,2023-09-05,6160
2449,京元電子,197,87,110,中國信託,2023-09-05,6160
00915,凱基優選高股息30,108,0,108,中國信託,2023-09-05,6160
5258,虹堡,142,45,97,中國信託,2023-09-05,6160
3704,合勤控,117,27,90,中國信託,2023-09-05,6160
4958,臻鼎-KY,84,0,84,中國信託,2023-09-05,6160
1477,聚陽,105,23,82,中國信託,2023-09-05,6160
00679B,元大美債20年,83,2,81,中國信託,2023-09-05,6160
3163,波若威,112,33,79,中國信託,2023-09-05,6160
2356,英業達,135,56,79,中國信託,2023-09-05,6160
00636,國泰中國A50,73,0,73,中國信託,2023-09-05,6160
6209,今國光,75,3,72,中國信託,2023-09-05,6160
9904,寶成,72,0,72,中國信託,2023-09-05,6160
5213,亞昕,70,0,70,中國信託,2023-09-05,6160
2301,光寶科,120,53,67,中國信託,2023-09-05,6160
2645,長榮航太,74,7,67,中國信託,2023-09-05,6160
2618,長榮航,159,93,66,中國信託,2023-09-05,6160
2609,陽明,71,6,65,中國信託,2023-09-05,6160
2543,皇昌,65,0,65,中國信託,2023-09-05,6160
2883B,凱基金乙特,61,0,61,中國信託,2023-09-05,6160
1503,士電,65,6,59,中國信託,2023-09-05,6160
2344,華邦電,84,28,56,中國信託,2023-09-05,6160
4979,華星光,53,1,52,中國信託,2023-09-05,6160
3016,嘉晶,50,0,50,中國信託,2023-09-05,6160
00931B,統一美債20年,47,1,46,中國信託,2023-09-05,6160
3051,力特,58,14,44,中國信託,2023-09-05,6160
6213,聯茂,160,117,43,中國信託,2023-09-05,6160
5457,宣德,52,10,42,中國信託,2023-09-05,6160
6282,康舒,72,31,41,中國信託,2023-09-05,6160
00715L,期街口布蘭特正2,1005,0,1005,中國信託,2023-09-06,6160
00927,群益半導體收益,972,18,954,中國信託,2023-09-06,6160
2313,華通,823,206,617,中國信託,2023-09-06,6160
4977,眾達-KY,621,29,592,中國信託,2023-09-06,6160
2412,中華電,498,6,492,中國信託,2023-09-06,6160
2610,華航,375,32,343,中國信託,2023-09-06,6160
00881,國泰台灣5G+,356,35,321,中國信託,2023-09-06,6160
00701,國泰股利精選30,312,0,312,中國信託,2023-09-06,6160
3036,文曄,274,0,274,中國信託,2023-09-06,6160
00772B,中信高評級公司債,237,0,237,中國信託,2023-09-06,6160
00830,國泰費城半導體,243,8,235,中國信託,2023-09-06,6160
3702,大聯大,249,74,175,中國信託,2023-09-06,6160
2889,國票金,171,0,171,中國信託,2023-09-06,6160
2891,中信金,215,45,170,中國信託,2023-09-06,6160
1301,台塑,153,0,153,中國信託,2023-09-06,6160
4904,遠傳,150,0,150,中國信託,2023-09-06,6160
00900,富邦特選高股息30,201,71,130,中國信託,2023-09-06,6160
3481,群創,155,36,119,中國信託,2023-09-06,6160
2382,廣達,238,123,115,中國信託,2023-09-06,6160
2409,友達,132,23,109,中國信託,2023-09-06,6160
2317,鴻海,128,22,106,中國信託,2023-09-06,6160
2330,台積電,116,13,103,中國信託,2023-09-06,6160
3548,兆利,203,102,101,中國信託,2023-09-06,6160
00753L,中信中國50正2,101,0,101,中國信託,2023-09-06,6160
00864B,中信美國公債0-1,100,0,100,中國信託,2023-09-06,6160
00664R,國泰臺灣加權反1,100,0,100,中國信託,2023-09-06,6160
5213,亞昕,90,0,90,中國信託,2023-09-06,6160
00751B,元大AAA至A公司債,89,0,89,中國信託,2023-09-06,6160
1477,聚陽,93,7,86,中國信託,2023-09-06,6160
9933,中鼎,92,9,83,中國信託,2023-09-06,6160
00679B,元大美債20年,88,6,82,中國信託,2023-09-06,6160
1786,科妍,82,4,78,中國信託,2023-09-06,6160
2383,台光電,133,56,77,中國信託,2023-09-06,6160
6209,今國光,70,0,70,中國信託,2023-09-06,6160
3042,晶技,150,83,67,中國信託,2023-09-06,6160
3033,威健,68,1,67,中國信託,2023-09-06,6160
3703,欣陸,78,12,66,中國信託,2023-09-06,6160
00931B,統一美債20年,70,4,66,中國信託,2023-09-06,6160
4746,台耀,81,15,66,中國信託,2023-09-06,6160
2906,高林,88,28,60,中國信託,2023-09-06,6160
1503,士電,68,9,59,中國信託,2023-09-06,6160
3035,智原,139,81,58,中國信託,2023-09-06,6160
4979,華星光,60,3,57,中國信託,2023-09-06,6160
3006,晶豪科,65,9,56,中國信託,2023-09-06,6160
2881,富邦金,55,0,55,中國信託,2023-09-06,6160
00720B,元大投資級公司債,58,3,55,中國信託,2023-09-06,6160
4968,立積,63,8,55,中國信託,2023-09-06,6160
2377,微星,56,2,54,中國信託,2023-09-06,6160
2883B,凱基金乙特,53,0,53,中國信託,2023-09-06,6160
2887,台新金,74,21,53,中國信託,2023-09-06,6160
2412,中華電,549,1,548,中國信託,2023-09-07,6160
00715L,期街口布蘭特正2,524,1,523,中國信託,2023-09-07,6160
00878,國泰永續高股息,302,19,283,中國信託,2023-09-07,6160
4967,十銓,260,11,249,中國信託,2023-09-07,6160
3014,聯陽,246,44,202,中國信託,2023-09-07,6160
3260,威剛,231,40,191,中國信託,2023-09-07,6160
00753L,中信中國50正2,281,118,163,中國信託,2023-09-07,6160
00928,中信上櫃ESG30,227,68,159,中國信託,2023-09-07,6160
00773B,中信優先金融債,911,765,146,中國信託,2023-09-07,6160
00830,國泰費城半導體,132,0,132,中國信託,2023-09-07,6160
2891,中信金,133,6,127,中國信託,2023-09-07,6160
00915,凱基優選高股息30,118,0,118,中國信託,2023-09-07,6160
2358,廷鑫,231,126,105,中國信託,2023-09-07,6160
2618,長榮航,101,3,98,中國信託,2023-09-07,6160
5213,亞昕,95,0,95,中國信託,2023-09-07,6160
3702,大聯大,144,51,93,中國信託,2023-09-07,6160
1477,聚陽,107,15,92,中國信託,2023-09-07,6160
9933,中鼎,93,3,90,中國信託,2023-09-07,6160
4533,協易機,348,263,85,中國信託,2023-09-07,6160
6147,頎邦,127,44,83,中國信託,2023-09-07,6160
00902,中信電池及儲能,103,30,73,中國信託,2023-09-07,6160
3209,全科,91,18,73,中國信託,2023-09-07,6160
3264,欣銓,98,28,70,中國信託,2023-09-07,6160
3481,群創,80,11,69,中國信託,2023-09-07,6160
2454,聯發科,74,6,68,中國信託,2023-09-07,6160
2610,華航,91,24,67,中國信託,2023-09-07,6160
00864B,中信美國公債0-1,253,190,63,中國信託,2023-09-07,6160
4938,和碩,72,12,60,中國信託,2023-09-07,6160
00881,國泰台灣5G+,58,0,58,中國信託,2023-09-07,6160
2485,兆赫,413,356,57,中國信託,2023-09-07,6160
2408,南亞科,93,36,57,中國信託,2023-09-07,6160
1503,士電,70,15,55,中國信託,2023-09-07,6160
2382,廣達,111,59,52,中國信託,2023-09-07,6160
00752,中信中國50,66,14,52,中國信託,2023-09-07,6160
4979,華星光,52,3,49,中國信託,2023-09-07,6160
00887,永豐中國科技50大,64,18,46,中國信託,2023-09-07,6160
2409,友達,51,6,45,中國信託,2023-09-07,6160
00687B,國泰20年美債,45,0,45,中國信託,2023-09-07,6160
3036,文曄,47,2,45,中國信託,2023-09-07,6160
2836,高雄銀,42,0,42,中國信託,2023-09-07,6160
00907,永豐優息存股,40,0,40,中國信託,2023-09-07,6160
6180,橘子,41,1,40,中國信託,2023-09-07,6160
00738U,期元大道瓊白銀,40,0,40,中國信託,2023-09-07,6160
5425,台半,40,1,39,中國信託,2023-09-07,6160
00673R,期元大S＆P原油反1,69,30,39,中國信託,2023-09-07,6160
2002,中鋼,39,0,39,中國信託,2023-09-07,6160
8112,至上,136,97,39,中國信託,2023-09-07,6160
5284,jpp-KY,52,14,38,中國信託,2023-09-07,6160
4960,誠美材,39,1,38,中國信託,2023-09-07,6160
6278,台表科,39,1,38,中國信託,2023-09-07,6160
2890,永豐金,1434,0,1434,中國信託,2023-09-08,6160
2412,中華電,501,3,498,中國信託,2023-09-08,6160
00673R,期元大S＆P原油反1,430,0,430,中國信託,2023-09-08,6160
2105,正新,391,10,381,中國信託,2023-09-08,6160
00701,國泰股利精選30,370,0,370,中國信託,2023-09-08,6160
00751B,元大AAA至A公司債,264,1,263,中國信託,2023-09-08,6160
2382,廣達,370,125,245,中國信託,2023-09-08,6160
00679B,元大美債20年,241,1,240,中國信託,2023-09-08,6160
5347,世界,233,0,233,中國信託,2023-09-08,6160
00752,中信中國50,266,43,223,中國信託,2023-09-08,6160
00764B,群益25年美債,201,0,201,中國信託,2023-09-08,6160
00719B,元大美債1-3,220,20,200,中國信託,2023-09-08,6160
00720B,元大投資級公司債,201,26,175,中國信託,2023-09-08,6160
8016,矽創,182,9,173,中國信託,2023-09-08,6160
00715L,期街口布蘭特正2,326,161,165,中國信託,2023-09-08,6160
00910,第一金太空衛星,119,1,118,中國信託,2023-09-08,6160
00864B,中信美國公債0-1,215,104,111,中國信託,2023-09-08,6160
3702,大聯大,140,31,109,中國信託,2023-09-08,6160
5206,坤悅,106,0,106,中國信託,2023-09-08,6160
9904,寶成,115,10,105,中國信託,2023-09-08,6160
9105,泰金寶-DR,134,36,98,中國信託,2023-09-08,6160
9933,中鼎,89,1,88,中國信託,2023-09-08,6160
2605,新興,120,40,80,中國信託,2023-09-08,6160
6176,瑞儀,96,16,80,中國信託,2023-09-08,6160
2441,超豐,73,1,72,中國信託,2023-09-08,6160
00915,凱基優選高股息30,72,1,71,中國信託,2023-09-08,6160
3044,健鼎,120,56,64,中國信託,2023-09-08,6160
00917,中信特選金融,65,3,62,中國信託,2023-09-08,6160
1503,士電,66,4,62,中國信託,2023-09-08,6160
6282,康舒,64,2,62,中國信託,2023-09-08,6160
0056,元大高股息,307,248,59,中國信託,2023-09-08,6160
3324,雙鴻,74,20,54,中國信託,2023-09-08,6160
6274,台燿,82,35,47,中國信託,2023-09-08,6160
6147,頎邦,74,28,46,中國信託,2023-09-08,6160
1504,東元,52,10,42,中國信託,2023-09-08,6160
2376,技嘉,130,88,42,中國信託,2023-09-08,6160
2836,高雄銀,41,0,41,中國信託,2023-09-08,6160
1802,台玻,56,15,41,中國信託,2023-09-08,6160
3481,群創,66,26,40,中國信託,2023-09-08,6160
2633,台灣高鐵,40,0,40,中國信託,2023-09-08,6160
6670,復盛應用,40,0,40,中國信託,2023-09-08,6160
2610,華航,85,46,39,中國信託,2023-09-08,6160
4960,誠美材,44,6,38,中國信託,2023-09-08,6160
3046,建��,122,85,37,中國信託,2023-09-08,6160
8097,常珵,37,0,37,中國信託,2023-09-08,6160
8034,榮群,64,28,36,中國信託,2023-09-08,6160
3624,光頡,35,0,35,中國信託,2023-09-08,6160
6180,橘子,35,0,35,中國信託,2023-09-08,6160
2369,菱生,35,0,35,中國信託,2023-09-08,6160
3715,定穎投控,282,248,34,中國信託,2023-09-08,6160
00878,國泰永續高股息,1182,231,951,中國信託,2023-09-11,6160
2313,華通,860,142,718,中國信託,2023-09-11,6160
2888,新光金,717,23,694,中國信託,2023-09-11,6160
00912,中信臺灣智慧50,590,40,550,中國信託,2023-09-11,6160
2412,中華電,503,6,497,中國信託,2023-09-11,6160
2303,聯電,727,338,389,中國信託,2023-09-11,6160
0050,元大台灣50,475,89,386,中國信託,2023-09-11,6160
2603,長榮,317,30,287,中國信託,2023-09-11,6160
2449,京元電子,318,41,277,中國信託,2023-09-11,6160
3702,大聯大,301,25,276,中國信託,2023-09-11,6160
00894,中信小資高價30,279,22,257,中國信託,2023-09-11,6160
2395,研華,249,4,245,中國信託,2023-09-11,6160
6505,台塑化,200,3,197,中國信託,2023-09-11,6160
00679B,元大美債20年,193,0,193,中國信託,2023-09-11,6160
2606,裕民,184,2,182,中國信託,2023-09-11,6160
3044,健鼎,229,53,176,中國信託,2023-09-11,6160
2409,友達,270,102,168,中國信託,2023-09-11,6160
1522,堤維西,193,25,168,中國信託,2023-09-11,6160
1326,台化,150,1,149,中國信託,2023-09-11,6160
4945,陞達科技,141,12,129,中國信託,2023-09-11,6160
2383,台光電,184,68,116,中國信託,2023-09-11,6160
2363,矽統,358,250,108,中國信託,2023-09-11,6160
2308,台達電,130,24,106,中國信託,2023-09-11,6160
00864B,中信美國公債0-1,262,159,103,中國信託,2023-09-11,6160
5425,台半,107,5,102,中國信託,2023-09-11,6160
2356,英業達,192,91,101,中國信託,2023-09-11,6160
00688L,國泰20年美債正2,101,0,101,中國信託,2023-09-11,6160
6257,矽格,100,3,97,中國信託,2023-09-11,6160
00881,國泰台灣5G+,93,1,92,中國信託,2023-09-11,6160
00690,兆豐藍籌30,96,4,92,中國信託,2023-09-11,6160
9933,中鼎,91,2,89,中國信託,2023-09-11,6160
00931B,統一美債20年,74,0,74,中國信託,2023-09-11,6160
00917,中信特選金融,75,2,73,中國信託,2023-09-11,6160
2610,華航,117,44,73,中國信託,2023-09-11,6160
1319,東陽,83,11,72,中國信託,2023-09-11,6160
00687B,國泰20年美債,71,0,71,中國信託,2023-09-11,6160
1504,東元,73,2,71,中國信託,2023-09-11,6160
1503,士電,68,1,67,中國信託,2023-09-11,6160
2388,威盛,98,38,60,中國信託,2023-09-11,6160
6414,樺漢,68,9,59,中國信託,2023-09-11,6160
00680L,元大美債20正2,59,0,59,中國信託,2023-09-11,6160
00915,凱基優選高股息30,60,1,59,中國信託,2023-09-11,6160
3034,聯詠,59,3,56,中國信託,2023-09-11,6160
2880,華南金,73,18,55,中國信託,2023-09-11,6160
3015,全漢,55,0,55,中國信託,2023-09-11,6160
6147,頎邦,98,43,55,中國信託,2023-09-11,6160
2543,皇昌,71,17,54,中國信託,2023-09-11,6160
00751B,元大AAA至A公司債,55,1,54,中國信託,2023-09-11,6160
3324,雙鴻,65,12,53,中國信託,2023-09-11,6160
2609,陽明,78,25,53,中國信託,2023-09-11,6160
00715L,期街口布蘭特正2,998,2,996,中國信託,2023-09-12,6160
1319,東陽,919,57,862,中國信託,2023-09-12,6160
00927,群益半導體收益,483,3,480,中國信託,2023-09-12,6160
2412,中華電,511,55,456,中國信託,2023-09-12,6160
2313,華通,587,209,378,中國信託,2023-09-12,6160
2369,菱生,352,0,352,中國信託,2023-09-12,6160
2538,基泰,323,153,170,中國信託,2023-09-12,6160
4906,正文,174,11,163,中國信託,2023-09-12,6160
00878,國泰永續高股息,384,243,141,中國信託,2023-09-12,6160
1605,華新,136,6,130,中國信託,2023-09-12,6160
00752,中信中國50,171,48,123,中國信託,2023-09-12,6160
8937,合騏,113,0,113,中國信託,2023-09-12,6160
2330,台積電,113,19,94,中國信託,2023-09-12,6160
9933,中鼎,94,0,94,中國信託,2023-09-12,6160
00864B,中信美國公債0-1,243,149,94,中國信託,2023-09-12,6160
2890,永豐金,102,11,91,中國信託,2023-09-12,6160
00679B,元大美債20年,90,0,90,中國信託,2023-09-12,6160
00701,國泰股利精選30,90,1,89,中國信託,2023-09-12,6160
2606,裕民,89,2,87,中國信託,2023-09-12,6160
3653,健策,87,0,87,中國信託,2023-09-12,6160
2376,技嘉,177,91,86,中國信託,2023-09-12,6160
3715,定穎投控,178,96,82,中國信託,2023-09-12,6160
2382,廣達,157,75,82,中國信託,2023-09-12,6160
6147,頎邦,109,41,68,中國信託,2023-09-12,6160
1503,士電,70,3,67,中國信託,2023-09-12,6160
2883,凱基金,61,2,59,中國信託,2023-09-12,6160
6120,達運,184,125,59,中國信託,2023-09-12,6160
2610,華航,185,127,58,中國信託,2023-09-12,6160
1471,首利,84,27,57,中國信託,2023-09-12,6160
3015,全漢,56,0,56,中國信託,2023-09-12,6160
7402,邑錡,56,2,54,中國信託,2023-09-12,6160
5347,世界,51,1,50,中國信託,2023-09-12,6160
00915,凱基優選高股息30,48,0,48,中國信託,2023-09-12,6160
00773B,中信優先金融債,455,408,47,中國信託,2023-09-12,6160
00687B,國泰20年美債,46,0,46,中國信託,2023-09-12,6160
4967,十銓,53,8,45,中國信託,2023-09-12,6160
2886,兆豐金,48,5,43,中國信託,2023-09-12,6160
00931B,統一美債20年,42,0,42,中國信託,2023-09-12,6160
4960,誠美材,42,0,42,中國信託,2023-09-12,6160
2887,台新金,58,17,41,中國信託,2023-09-12,6160
5483,中美晶,44,5,39,中國信託,2023-09-12,6160
2845,遠東銀,42,3,39,中國信託,2023-09-12,6160
8916,光隆,36,0,36,中國信託,2023-09-12,6160
3037,欣興,61,26,35,中國信託,2023-09-12,6160
2891,中信金,57,22,35,中國信託,2023-09-12,6160
3466,德晉,34,0,34,中國信託,2023-09-12,6160
6282,康舒,176,143,33,中國信託,2023-09-12,6160
00673R,期元大S＆P原油反1,33,0,33,中國信託,2023-09-12,6160
3702,大聯大,108,76,32,中國信託,2023-09-12,6160
2630,亞航,197,165,32,中國信託,2023-09-12,6160
2888,新光金,971,6,965,中國信託,2023-09-13,6160
2303,聯電,425,120,305,中國信託,2023-09-13,6160
2618,長榮航,374,73,301,中國信託,2023-09-13,6160
3711,日月光投控,268,19,249,中國信託,2023-09-13,6160
2313,華通,350,127,223,中國信託,2023-09-13,6160
00753L,中信中國50正2,325,162,163,中國信託,2023-09-13,6160
1605,華新,156,3,153,中國信託,2023-09-13,6160
00927,群益半導體收益,178,65,113,中國信託,2023-09-13,6160
5347,世界,115,3,112,中國信託,2023-09-13,6160
00924,復華S＆P500成長,117,13,104,中國信託,2023-09-13,6160
2352,佳世達,120,23,97,中國信託,2023-09-13,6160
2353,宏��,119,23,96,中國信託,2023-09-13,6160
9933,中鼎,92,1,91,中國信託,2023-09-13,6160
00887,永豐中國科技50大,101,12,89,中國信託,2023-09-13,6160
00878,國泰永續高股息,195,111,84,中國信託,2023-09-13,6160
2880,華南金,83,0,83,中國信託,2023-09-13,6160
00673R,期元大S＆P原油反1,82,2,80,中國信託,2023-09-13,6160
1402,遠東新,81,2,79,中國信託,2023-09-13,6160
00928,中信上櫃ESG30,330,256,74,中國信託,2023-09-13,6160
00881,國泰台灣5G+,69,1,68,中國信託,2023-09-13,6160
00864B,中信美國公債0-1,209,144,65,中國信託,2023-09-13,6160
00772B,中信高評級公司債,68,4,64,中國信託,2023-09-13,6160
00912,中信臺灣智慧50,81,21,60,中國信託,2023-09-13,6160
00882,中信中國高股息,66,7,59,中國信託,2023-09-13,6160
2376,技嘉,101,43,58,中國信託,2023-09-13,6160
2610,華航,123,67,56,中國信託,2023-09-13,6160
3015,全漢,56,0,56,中國信託,2023-09-13,6160
4768,晶呈科技,60,5,55,中國信託,2023-09-13,6160
2606,裕民,64,13,51,中國信託,2023-09-13,6160
2330,台積電,73,22,51,中國信託,2023-09-13,6160
2412,中華電,50,0,50,中國信託,2023-09-13,6160
00751B,元大AAA至A公司債,50,0,50,中國信託,2023-09-13,6160
8069,元太,54,5,49,中國信託,2023-09-13,6160
00690,兆豐藍籌30,47,0,47,中國信託,2023-09-13,6160
1503,士電,67,21,46,中國信託,2023-09-13,6160
6176,瑞儀,57,14,43,中國信託,2023-09-13,6160
00901,永豐智能車供應鏈,41,1,40,中國信託,2023-09-13,6160
2845,遠東銀,40,1,39,中國信託,2023-09-13,6160
00752,中信中國50,48,10,38,中國信託,2023-09-13,6160
2371,大同,41,3,38,中國信託,2023-09-13,6160
6288,聯嘉,53,16,37,中國信託,2023-09-13,6160
4142,國光生,38,1,37,中國信託,2023-09-13,6160
2454,聯發科,66,30,36,中國信託,2023-09-13,6160
6147,頎邦,89,53,36,中國信託,2023-09-13,6160
00687B,國泰20年美債,35,0,35,中國信託,2023-09-13,6160
3231,緯創,165,131,34,中國信託,2023-09-13,6160
1515,力山,106,71,35,中國信託,2023-09-13,6160
2464,盟立,32,0,32,中國信託,2023-09-13,6160
3163,波若威,98,66,32,中國信託,2023-09-13,6160
8937,合騏,32,0,32,中國信託,2023-09-13,6160
3682,亞太電,1499,8,1491,中國信託,2023-09-14,6160
0056,元大高股息,924,113,811,中國信託,2023-09-14,6160
00927,群益半導體收益,769,22,747,中國信託,2023-09-14,6160
00891,中信關鍵半導體,757,134,623,中國信託,2023-09-14,6160
2891,中信金,449,131,318,中國信託,2023-09-14,6160
2006,東和鋼鐵,244,2,242,中國信託,2023-09-14,6160
2408,南亞科,257,37,220,中國信託,2023-09-14,6160
00888,永豐台灣ESG,474,255,219,中國信託,2023-09-14,6160
9938,百和,218,15,203,中國信託,2023-09-14,6160
2637,慧洋-KY,228,27,201,中國信託,2023-09-14,6160
1216,統一,192,0,192,中國信託,2023-09-14,6160
3081,聯亞,209,28,181,中國信託,2023-09-14,6160
9933,中鼎,142,0,142,中國信託,2023-09-14,6160
5371,中光電,136,12,124,中國信託,2023-09-14,6160
2382,廣達,241,119,122,中國信託,2023-09-14,6160
00864B,中信美國公債0-1,341,236,105,中國信託,2023-09-14,6160
00795B,中信美國公債20年,561,457,104,中國信託,2023-09-14,6160
00830,國泰費城半導體,101,1,100,中國信託,2023-09-14,6160
00902,中信電池及儲能,99,2,97,中國信託,2023-09-14,6160
00885,富邦越南,99,3,96,中國信託,2023-09-14,6160
2610,華航,118,29,89,中國信託,2023-09-14,6160
2337,旺宏,92,7,85,中國信託,2023-09-14,6160
2881,富邦金,93,9,84,中國信託,2023-09-14,6160
2313,華通,178,96,82,中國信託,2023-09-14,6160
2303,聯電,171,100,71,中國信託,2023-09-14,6160
1815,富喬,70,0,70,中國信託,2023-09-14,6160
006208,富邦台50,67,5,62,中國信託,2023-09-14,6160
6505,台塑化,59,1,58,中國信託,2023-09-14,6160
2609,陽明,153,97,56,中國信託,2023-09-14,6160
6147,頎邦,87,32,55,中國信託,2023-09-14,6160
2324,仁寶,95,42,53,中國信託,2023-09-14,6160
2449,京元電子,59,10,49,中國信託,2023-09-14,6160
1736,喬山,49,0,49,中國信託,2023-09-14,6160
2352,佳世達,71,22,49,中國信託,2023-09-14,6160
3701,大眾控,53,7,46,中國信託,2023-09-14,6160
3034,聯詠,58,12,46,中國信託,2023-09-14,6160
4979,華星光,153,109,44,中國信託,2023-09-14,6160
2464,盟立,42,0,42,中國信託,2023-09-14,6160
1301,台塑,43,2,41,中國信託,2023-09-14,6160
00912,中信臺灣智慧50,60,20,40,中國信託,2023-09-14,6160
4142,國光生,41,1,40,中國信託,2023-09-14,6160
00738U,期元大道瓊白銀,40,0,40,中國信託,2023-09-14,6160
4561,健椿,41,1,40,中國信託,2023-09-14,6160
2363,矽統,372,334,38,中國信託,2023-09-14,6160
1522,堤維西,444,406,38,中國信託,2023-09-14,6160
4958,臻鼎-KY,42,5,37,中國信託,2023-09-14,6160
8916,光隆,36,0,36,中國信託,2023-09-14,6160
8155,博智,40,5,35,中國信託,2023-09-14,6160
3702,大聯大,118,83,35,中國信託,2023-09-14,6160
00676R,富邦臺灣加權反1,34,0,34,中國信託,2023-09-14,6160
3105,穩懋,2055,10,2045,中國信託,2023-09-15,6160
2313,華通,1856,332,1524,中國信託,2023-09-15,6160
2888,新光金,1000,15,985,中國信託,2023-09-15,6160
00891,中信關鍵半導體,817,46,771,中國信託,2023-09-15,6160
2891,中信金,595,88,507,中國信託,2023-09-15,6160
2605,新興,449,112,337,中國信託,2023-09-15,6160
00927,群益半導體收益,358,29,329,中國信託,2023-09-15,6160
1319,東陽,373,45,328,中國信託,2023-09-15,6160
3037,欣興,318,74,244,中國信託,2023-09-15,6160
00894,中信小資高價30,208,15,193,中國信託,2023-09-15,6160
1802,台玻,199,15,184,中國信託,2023-09-15,6160
2027,大成鋼,359,176,183,中國信託,2023-09-15,6160
6147,頎邦,179,1,178,中國信託,2023-09-15,6160
2884,玉山金,182,5,177,中國信託,2023-09-15,6160
00662,富邦NASDAQ,170,0,170,中國信託,2023-09-15,6160
3260,威剛,187,25,162,中國信託,2023-09-15,6160
0050,元大台灣50,203,50,153,中國信託,2023-09-15,6160
00646,元大S＆P500,150,0,150,中國信託,2023-09-15,6160
00830,國泰費城半導體,150,0,150,中國信託,2023-09-15,6160
00876,元大全球5G,150,0,150,中國信託,2023-09-15,6160
9933,中鼎,148,0,148,中國信託,2023-09-15,6160
2610,華航,125,6,119,中國信託,2023-09-15,6160
3704,合勤控,169,66,103,中國信託,2023-09-15,6160
00892,富邦台灣半導體,100,5,95,中國信託,2023-09-15,6160
00915,凱基優選高股息30,104,10,94,中國信託,2023-09-15,6160
2412,中華電,94,1,93,中國信託,2023-09-15,6160
00687B,國泰20年美債,88,0,88,中國信託,2023-09-15,6160
6120,達運,154,67,87,中國信託,2023-09-15,6160
00881,國泰台灣5G+,96,10,86,中國信託,2023-09-15,6160
00887,永豐中國科技50大,175,90,85,中國信託,2023-09-15,6160
2376,技嘉,129,45,84,中國信託,2023-09-15,6160
5009,榮剛,98,15,83,中國信託,2023-09-15,6160
00751B,元大AAA至A公司債,82,0,82,中國信託,2023-09-15,6160
00931B,統一美債20年,83,2,81,中國信託,2023-09-15,6160
3005,神基,84,4,80,中國信託,2023-09-15,6160
2641,正德,92,23,69,中國信託,2023-09-15,6160
3363,上詮,143,76,67,中國信託,2023-09-15,6160
00888,永豐台灣ESG,628,562,66,中國信託,2023-09-15,6160
3163,波若威,294,231,63,中國信託,2023-09-15,6160
00673R,期元大S＆P原油反1,71,10,61,中國信託,2023-09-15,6160
00679B,元大美債20年,68,8,60,中國信託,2023-09-15,6160
2912,統一超,57,0,57,中國信託,2023-09-15,6160
00885,富邦越南,62,7,55,中國信託,2023-09-15,6160
3032,偉訓,78,23,55,中國信託,2023-09-15,6160
6213,聯茂,56,1,55,中國信託,2023-09-15,6160
4164,承業醫,55,0,55,中國信託,2023-09-15,6160
00913,兆豐台灣晶圓製造,52,1,51,中國信託,2023-09-15,6160
00722B,群益投資級電信債,52,0,52,中國信託,2023-09-15,6160
2351,順德,53,5,48,中國信託,2023-09-15,6160
00904,新光臺灣半導體30,68,20,48,中國信託,2023-09-15,6160
2891,中信金,8847,35,8812,中國信託,2023-09-18,6160
2888,新光金,1683,124,1559,中國信託,2023-09-18,6160
00720B,元大投資級公司債,627,25,602,中國信託,2023-09-18,6160
2313,華通,886,404,482,中國信託,2023-09-18,6160
00887,永豐中國科技50大,378,52,326,中國信託,2023-09-18,6160
2105,正新,276,4,272,中國信託,2023-09-18,6160
00891,中信關鍵半導體,553,290,263,中國信託,2023-09-18,6160
00679B,元大美債20年,233,1,232,中國信託,2023-09-18,6160
00772B,中信高評級公司債,198,44,154,中國信託,2023-09-18,6160
00751B,元大AAA至A公司債,141,0,141,中國信託,2023-09-18,6160
00687B,國泰20年美債,130,0,130,中國信託,2023-09-18,6160
2609,陽明,206,95,111,中國信託,2023-09-18,6160
00912,中信臺灣智慧50,119,14,105,中國信託,2023-09-18,6160
9933,中鼎,98,0,98,中國信託,2023-09-18,6160
2412,中華電,94,0,94,中國信託,2023-09-18,6160
2363,矽統,793,705,88,中國信託,2023-09-18,6160
00881,國泰台灣5G+,87,6,81,中國信託,2023-09-18,6160
00931B,統一美債20年,99,22,77,中國信託,2023-09-18,6160
2809,京城銀,75,5,70,中國信託,2023-09-18,6160
2474,可成,70,1,69,中國信託,2023-09-18,6160
00690,兆豐藍籌30,77,9,68,中國信託,2023-09-18,6160
00795B,中信美國公債20年,376,312,64,中國信託,2023-09-18,6160
2345,智邦,75,11,64,中國信託,2023-09-18,6160
00928,中信上櫃ESG30,505,442,63,中國信託,2023-09-18,6160
2352,佳世達,64,2,62,中國信託,2023-09-18,6160
5347,世界,63,3,60,中國信託,2023-09-18,6160
3545,敦泰,171,111,60,中國信託,2023-09-18,6160
00894,中信小資高價30,78,19,59,中國信託,2023-09-18,6160
4958,臻鼎-KY,60,3,57,中國信託,2023-09-18,6160
2317,鴻海,163,110,53,中國信託,2023-09-18,6160
00923,群益台ESG低碳50,72,21,51,中國信託,2023-09-18,6160
9938,百和,51,0,51,中國信託,2023-09-18,6160
00915,凱基優選高股息30,70,23,47,中國信託,2023-09-18,6160
2351,順德,71,25,46,中國信託,2023-09-18,6160
3450,聯鈞,57,13,44,中國信託,2023-09-18,6160
2845,遠東銀,43,1,42,中國信託,2023-09-18,6160
5009,榮剛,43,2,41,中國信託,2023-09-18,6160
3276,宇環,41,4,37,中國信託,2023-09-18,6160
4142,國光生,38,2,36,中國信託,2023-09-18,6160
2887,台新金,39,6,33,中國信託,2023-09-18,6160
2890,永豐金,33,0,33,中國信託,2023-09-18,6160
8358,金居,44,12,32,中國信託,2023-09-18,6160
3264,欣銓,74,42,32,中國信託,2023-09-18,6160
3058,立德,48,16,32,中國信託,2023-09-18,6160
1514,亞力,31,0,31,中國信託,2023-09-18,6160
2464,盟立,32,1,31,中國信託,2023-09-18,6160
00900,富邦特選高股息30,67,37,30,中國信託,2023-09-18,6160
2354,鴻準,35,5,30,中國信託,2023-09-18,6160
00637L,元大滬深300正2,30,0,30,中國信託,2023-09-18,6160
00712,復華富時不動產,80,50,30,中國信託,2023-09-18,6160
2891,中信金,8741,130,8611,中國信託,2023-09-19,6160
2377,微星,604,2,602,中國信託,2023-09-19,6160
4979,華星光,714,117,597,中國信託,2023-09-19,6160
00891,中信關鍵半導體,501,9,492,中國信託,2023-09-19,6160
1101,台泥,493,9,484,中國信託,2023-09-19,6160
1216,統一,443,0,443,中國信託,2023-09-19,6160
00902,中信電池及儲能,349,2,347,中國信託,2023-09-19,6160
2612,中航,315,14,301,中國信託,2023-09-19,6160
8069,元太,315,77,238,中國信託,2023-09-19,6160
1303,南亞,231,4,227,中國信託,2023-09-19,6160
1522,堤維西,267,42,225,中國信託,2023-09-19,6160
00632R,元大台灣50反1,200,30,170,中國信託,2023-09-19,6160
00888,永豐台灣ESG,791,632,159,中國信託,2023-09-19,6160
3706,神達,202,47,155,中國信託,2023-09-19,6160
00912,中信臺灣智慧50,230,76,154,中國信託,2023-09-19,6160
2412,中華電,139,0,139,中國信託,2023-09-19,6160
2515,中工,205,75,130,中國信託,2023-09-19,6160
2618,長榮航,137,13,124,中國信託,2023-09-19,6160
00752,中信中國50,351,236,115,中國信託,2023-09-19,6160
2330,台積電,182,78,104,中國信託,2023-09-19,6160
9933,中鼎,95,1,94,中國信託,2023-09-19,6160
00887,永豐中國科技50大,118,26,92,中國信託,2023-09-19,6160
3481,群創,120,31,89,中國信託,2023-09-19,6160
2201,裕隆,115,30,85,中國信託,2023-09-19,6160
00913,兆豐台灣晶圓製造,88,7,81,中國信託,2023-09-19,6160
2809,京城銀,76,1,75,中國信託,2023-09-19,6160
2610,華航,98,27,71,中國信託,2023-09-19,6160
00881,國泰台灣5G+,94,25,69,中國信託,2023-09-19,6160
2449,京元電子,90,28,62,中國信託,2023-09-19,6160
00928,中信上櫃ESG30,432,370,62,中國信託,2023-09-19,6160
6285,啟��,120,65,55,中國信託,2023-09-19,6160
1815,富喬,76,22,54,中國信託,2023-09-19,6160
3044,健鼎,67,17,50,中國信託,2023-09-19,6160
6271,同欣電,68,18,50,中國信託,2023-09-19,6160
3702,大聯大,55,6,49,中國信託,2023-09-19,6160
2812,台中銀,50,2,48,中國信託,2023-09-19,6160
2474,可成,50,5,45,中國信託,2023-09-19,6160
1514,亞力,86,44,42,中國信託,2023-09-19,6160
00795B,中信美國公債20年,654,613,41,中國信託,2023-09-19,6160
2106,建大,40,0,40,中國信託,2023-09-19,6160
2845,遠東銀,40,0,40,中國信託,2023-09-19,6160
4142,國光生,39,0,39,中國信託,2023-09-19,6160
8155,博智,92,53,39,中國信託,2023-09-19,6160
8033,雷虎,45,6,39,中國信託,2023-09-19,6160
3037,欣興,124,87,37,中國信託,2023-09-19,6160
00631L,元大台灣50正2,37,1,36,中國信託,2023-09-19,6160
8916,光隆,35,0,35,中國信託,2023-09-19,6160
6120,達運,68,34,34,中國信託,2023-09-19,6160
6147,頎邦,33,0,33,中國信託,2023-09-19,6160
00901,永豐智能車供應鏈,90,58,32,中國信託,2023-09-19,6160
2891,中信金,8772,75,8697,中國信託,2023-09-20,6160
0056,元大高股息,638,59,579,中國信託,2023-09-20,6160
2605,新興,687,168,519,中國信託,2023-09-20,6160
2884,玉山金,514,7,507,中國信託,2023-09-20,6160
00715L,期街口布蘭特正2,513,8,505,中國信託,2023-09-20,6160
0050,元大台灣50,432,7,425,中國信託,2023-09-20,6160
2330,台積電,431,59,372,中國信託,2023-09-20,6160
00900,富邦特選高股息30,228,1,227,中國信託,2023-09-20,6160
5425,台半,201,32,169,中國信託,2023-09-20,6160
3450,聯鈞,170,22,148,中國信託,2023-09-20,6160
1722,台肥,141,1,140,中國信託,2023-09-20,6160
2641,正德,138,17,121,中國信託,2023-09-20,6160
1514,亞力,123,2,121,中國信託,2023-09-20,6160
3715,定穎投控,411,297,114,中國信託,2023-09-20,6160
00928,中信上櫃ESG30,528,423,105,中國信託,2023-09-20,6160
5213,亞昕,102,0,102,中國信託,2023-09-20,6160
00679B,元大美債20年,107,6,101,中國信託,2023-09-20,6160
9933,中鼎,95,0,95,中國信託,2023-09-20,6160
2809,京城銀,76,0,76,中國信託,2023-09-20,6160
00927,群益半導體收益,79,9,70,中國信託,2023-09-20,6160
00753L,中信中國50正2,148,79,69,中國信託,2023-09-20,6160
00881,國泰台灣5G+,66,5,61,中國信託,2023-09-20,6160
00864B,中信美國公債0-1,274,215,59,中國信託,2023-09-20,6160
00923,群益台ESG低碳50,50,0,50,中國信託,2023-09-20,6160
2408,南亞科,55,8,47,中國信託,2023-09-20,6160
00772B,中信高評級公司債,78,34,44,中國信託,2023-09-20,6160
00886,永豐美國科技,45,1,44,中國信託,2023-09-20,6160
2412,中華電,91,50,41,中國信託,2023-09-20,6160
2845,遠東銀,41,0,41,中國信託,2023-09-20,6160
00751B,元大AAA至A公司債,41,0,41,中國信託,2023-09-20,6160
5225,東科-KY,47,6,41,中國信託,2023-09-20,6160
00902,中信電池及儲能,45,5,40,中國信託,2023-09-20,6160
1314,中石化,39,1,38,中國信託,2023-09-20,6160
00680L,元大美債20正2,38,0,38,中國信託,2023-09-20,6160
4142,國光生,41,3,38,中國信託,2023-09-20,6160
2462,良得電,56,19,37,中國信託,2023-09-20,6160
00773B,中信優先金融債,467,430,37,中國信託,2023-09-20,6160
2812,台中銀,42,6,36,中國信託,2023-09-20,6160
2402,毅嘉,66,30,36,中國信託,2023-09-20,6160
1102,亞泥,36,1,35,中國信託,2023-09-20,6160
9938,百和,39,5,34,中國信託,2023-09-20,6160
00676R,富邦臺灣加權反1,34,0,34,中國信託,2023-09-20,6160
1101,台泥,39,5,34,中國信託,2023-09-20,6160
6125,廣運,30,0,30,中國信託,2023-09-20,6160
00891,中信關鍵半導體,32,3,29,中國信託,2023-09-20,6160
2618,長榮航,123,94,29,中國信託,2023-09-20,6160
3122,笙泉,50,22,28,中國信託,2023-09-20,6160
2354,鴻準,48,20,28,中國信託,2023-09-20,6160
00687B,國泰20年美債,28,1,27,中國信託,2023-09-20,6160
3051,力特,29,2,27,中國信託,2023-09-20,6160
2891,中信金,3351,18,3333,中國信託,2023-09-21,6160
0050,元大台灣50,2154,84,2070,中國信託,2023-09-21,6160
00928,中信上櫃ESG30,661,242,419,中國信託,2023-09-21,6160
2883,凱基金,361,15,346,中國信託,2023-09-21,6160
3706,神達,356,14,342,中國信託,2023-09-21,6160
00752,中信中國50,480,155,325,中國信託,2023-09-21,6160
00864B,中信美國公債0-1,401,148,253,中國信託,2023-09-21,6160
00878,國泰永續高股息,630,390,240,中國信託,2023-09-21,6160
0056,元大高股息,322,99,223,中國信託,2023-09-21,6160
00632R,元大台灣50反1,445,226,219,中國信託,2023-09-21,6160
1101,台泥,229,23,206,中國信託,2023-09-21,6160
00753L,中信中國50正2,320,159,161,中國信託,2023-09-21,6160
3702,大聯大,162,8,154,中國信託,2023-09-21,6160
2885,元大金,203,49,154,中國信託,2023-09-21,6160
3703,欣陸,144,0,144,中國信託,2023-09-21,6160
2412,中華電,142,1,141,中國信託,2023-09-21,6160
2882,國泰金,186,49,137,中國信託,2023-09-21,6160
8150,南茂,113,0,113,中國信託,2023-09-21,6160
2618,長榮航,117,14,103,中國信託,2023-09-21,6160
9933,中鼎,102,1,101,中國信託,2023-09-21,6160
3050,鈺德,100,0,100,中國信託,2023-09-21,6160
6235,華孚,123,24,99,中國信託,2023-09-21,6160
8163,達方,99,0,99,中國信託,2023-09-21,6160
00679B,元大美債20年,113,15,98,中國信託,2023-09-21,6160
1522,堤維西,125,31,94,中國信託,2023-09-21,6160
2884,玉山金,104,18,86,中國信託,2023-09-21,6160
2301,光寶科,122,41,81,中國信託,2023-09-21,6160
3005,神基,86,5,81,中國信託,2023-09-21,6160
6257,矽格,81,8,73,中國信託,2023-09-21,6160
2382,廣達,185,112,73,中國信託,2023-09-21,6160
00912,中信臺灣智慧50,148,77,71,中國信託,2023-09-21,6160
2641,正德,93,24,69,中國信託,2023-09-21,6160
6147,頎邦,70,5,65,中國信託,2023-09-21,6160
00901,永豐智能車供應鏈,80,15,65,中國信託,2023-09-21,6160
5371,中光電,75,10,65,中國信託,2023-09-21,6160
2462,良得電,77,13,64,中國信託,2023-09-21,6160
00751B,元大AAA至A公司債,64,0,64,中國信託,2023-09-21,6160
6202,盛群,64,0,64,中國信託,2023-09-21,6160
3044,健鼎,73,11,62,中國信託,2023-09-21,6160
6206,飛捷,61,0,61,中國信託,2023-09-21,6160
00902,中信電池及儲能,75,15,60,中國信託,2023-09-21,6160
4915,致伸,75,15,60,中國信託,2023-09-21,6160
3036,文曄,176,116,60,中國信託,2023-09-21,6160
00654R,富邦印度反1,60,0,60,中國信託,2023-09-21,6160
5880,合庫金,86,26,60,中國信託,2023-09-21,6160
4938,和碩,62,3,59,中國信託,2023-09-21,6160
1402,遠東新,59,0,59,中國信託,2023-09-21,6160
3711,日月光投控,58,0,58,中國信託,2023-09-21,6160
00687B,國泰20年美債,58,0,58,中國信託,2023-09-21,6160
3231,緯創,287,230,57,中國信託,2023-09-21,6160
2891,中信金,3282,45,3237,中國信託,2023-09-22,6160
0050,元大台灣50,831,176,655,中國信託,2023-09-22,6160
4147,中裕,505,0,505,中國信託,2023-09-22,6160
00795B,中信美國公債20年,1201,847,354,中國信託,2023-09-22,6160
00679B,元大美債20年,374,35,339,中國信託,2023-09-22,6160
00910,第一金太空衛星,379,55,324,中國信託,2023-09-22,6160
00632R,元大台灣50反1,450,165,285,中國信託,2023-09-22,6160
00712,復華富時不動產,236,2,234,中國信託,2023-09-22,6160
00773B,中信優先金融債,1218,1003,215,中國信託,2023-09-22,6160
00751B,元大AAA至A公司債,208,2,206,中國信託,2023-09-22,6160
00720B,元大投資級公司債,156,7,149,中國信託,2023-09-22,6160
00931B,統一美債20年,143,4,139,中國信託,2023-09-22,6160
3711,日月光投控,135,10,125,中國信託,2023-09-22,6160
2308,台達電,112,2,110,中國信託,2023-09-22,6160
00687B,國泰20年美債,139,31,108,中國信託,2023-09-22,6160
00688L,國泰20年美債正2,105,0,105,中國信託,2023-09-22,6160
00885,富邦越南,213,111,102,中國信託,2023-09-22,6160
00772B,中信高評級公司債,622,524,98,中國信託,2023-09-22,6160
9933,中鼎,99,0,99,中國信託,2023-09-22,6160
2454,聯發科,103,6,97,中國信託,2023-09-22,6160
2330,台積電,180,83,97,中國信託,2023-09-22,6160
8932,智通*,95,0,95,中國信託,2023-09-22,6160
2412,中華電,95,1,94,中國信託,2023-09-22,6160
00680L,元大美債20正2,156,73,83,中國信託,2023-09-22,6160
00912,中信臺灣智慧50,174,92,82,中國信託,2023-09-22,6160
2474,可成,80,0,80,中國信託,2023-09-22,6160
8097,常珵,78,0,78,中國信託,2023-09-22,6160
00676R,富邦臺灣加權反1,70,0,70,中國信託,2023-09-22,6160
2881,富邦金,72,2,70,中國信託,2023-09-22,6160
1101,台泥,82,14,68,中國信託,2023-09-22,6160
6120,達運,81,14,67,中國信託,2023-09-22,6160
2303,聯電,128,64,64,中國信託,2023-09-22,6160
0056,元大高股息,99,39,60,中國信託,2023-09-22,6160
2002,中鋼,56,2,54,中國信託,2023-09-22,6160
3702,大聯大,89,35,54,中國信託,2023-09-22,6160
1802,台玻,58,6,52,中國信託,2023-09-22,6160
00722B,群益投資級電信債,58,9,49,中國信託,2023-09-22,6160
00927,群益半導體收益,53,6,47,中國信託,2023-09-22,6160
2301,光寶科,80,34,46,中國信託,2023-09-22,6160
00882,中信中國高股息,79,33,46,中國信託,2023-09-22,6160
00883B,中信ESG投資級債,93,51,42,中國信託,2023-09-22,6160
2845,遠東銀,42,0,42,中國信託,2023-09-22,6160
2812,台中銀,52,10,42,中國信託,2023-09-22,6160
2883,凱基金,49,8,41,中國信託,2023-09-22,6160
2344,華邦電,46,6,40,中國信託,2023-09-22,6160
4142,國光生,39,1,38,中國信託,2023-09-22,6160
1815,富喬,60,24,36,中國信託,2023-09-22,6160
8916,光隆,36,0,36,中國信託,2023-09-22,6160
2882,國泰金,36,0,36,中國信託,2023-09-22,6160
00917,中信特選金融,65,30,35,中國信託,2023-09-22,6160
3711,日月光投控,523,4,519,中國信託,2023-09-25,6160
00753L,中信中國50正2,280,73,207,中國信託,2023-09-25,6160
1101,台泥,197,9,188,中國信託,2023-09-25,6160
00900,富邦特選高股息30,191,9,182,中國信託,2023-09-25,6160
2515,中工,194,18,176,中國信託,2023-09-25,6160
2409,友達,203,31,172,中國信託,2023-09-25,6160
00881,國泰台灣5G+,164,14,150,中國信託,2023-09-25,6160
00772B,中信高評級公司債,152,12,140,中國信託,2023-09-25,6160
00632R,元大台灣50反1,194,57,137,中國信託,2023-09-25,6160
6757,台灣虎航,125,4,121,中國信託,2023-09-25,6160
8088,品安,122,3,119,中國信託,2023-09-25,6160
00891,中信關鍵半導體,119,4,115,中國信託,2023-09-25,6160
00928,中信上櫃ESG30,309,199,110,中國信託,2023-09-25,6160
9933,中鼎,102,0,102,中國信託,2023-09-25,6160
00679B,元大美債20年,108,11,97,中國信託,2023-09-25,6160
9904,寶成,97,1,96,中國信託,2023-09-25,6160
2330,台積電,122,28,94,中國信託,2023-09-25,6160
2363,矽統,281,188,93,中國信託,2023-09-25,6160
00902,中信電池及儲能,136,45,91,中國信託,2023-09-25,6160
2412,中華電,91,0,91,中國信託,2023-09-25,6160
2645,長榮航太,103,13,90,中國信託,2023-09-25,6160
5213,亞昕,90,0,90,中國信託,2023-09-25,6160
00887,永豐中國科技50大,104,20,84,中國信託,2023-09-25,6160
2382,廣達,138,62,76,中國信託,2023-09-25,6160
2345,智邦,79,5,74,中國信託,2023-09-25,6160
00878,國泰永續高股息,143,75,68,中國信託,2023-09-25,6160
00795B,中信美國公債20年,877,813,64,中國信託,2023-09-25,6160
8046,南電,97,37,60,中國信託,2023-09-25,6160
2618,長榮航,82,24,58,中國信託,2023-09-25,6160
2371,大同,60,4,56,中國信託,2023-09-25,6160
3264,欣銓,88,33,55,中國信託,2023-09-25,6160
2353,宏��,73,19,54,中國信託,2023-09-25,6160
3702,大聯大,92,38,54,中國信託,2023-09-25,6160
8289,泰藝,56,2,54,中國信託,2023-09-25,6160
00676R,富邦臺灣加權反1,54,0,54,中國信託,2023-09-25,6160
00665L,富邦�琤肭磪囓�2,51,0,51,中國信託,2023-09-25,6160
2059,川湖,50,0,50,中國信託,2023-09-25,6160
6205,詮欣,56,14,42,中國信託,2023-09-25,6160
3059,華晶科,40,1,39,中國信託,2023-09-25,6160
2355,敬鵬,57,19,38,中國信託,2023-09-25,6160
00773B,中信優先金融債,840,803,37,中國信託,2023-09-25,6160
1504,東元,71,36,35,中國信託,2023-09-25,6160
00712,復華富時不動產,89,55,34,中國信託,2023-09-25,6160
00680L,元大美債20正2,60,27,33,中國信託,2023-09-25,6160
1464,得力,33,0,33,中國信託,2023-09-25,6160
2449,京元電子,47,15,32,中國信託,2023-09-25,6160
2376,技嘉,87,55,32,中國信託,2023-09-25,6160
6491,晶碩,35,3,32,中國信託,2023-09-25,6160
1307,三芳,30,0,30,中國信託,2023-09-25,6160
1453,大將,30,0,30,中國信託,2023-09-25,6160
2330,台積電,393,68,325,中國信託,2023-09-26,6160
1815,富喬,497,267,230,中國信託,2023-09-26,6160
00878,國泰永續高股息,279,65,214,中國信託,2023-09-26,6160
3017,奇鋐,239,54,185,中國信託,2023-09-26,6160
00900,富邦特選高股息30,240,68,172,中國信託,2023-09-26,6160
00772B,中信高評級公司債,145,6,139,中國信託,2023-09-26,6160
00679B,元大美債20年,178,49,129,中國信託,2023-09-26,6160
2412,中華電,106,0,106,中國信託,2023-09-26,6160
00751B,元大AAA至A公司債,101,0,101,中國信託,2023-09-26,6160
00632R,元大台灣50反1,110,10,100,中國信託,2023-09-26,6160
3715,定穎投控,421,327,94,中國信託,2023-09-26,6160
00687B,國泰20年美債,92,0,92,中國信託,2023-09-26,6160
00665L,富邦�琤肭磪囓�2,90,0,90,中國信託,2023-09-26,6160
3711,日月光投控,133,49,84,中國信託,2023-09-26,6160
00712,復華富時不動產,82,1,81,中國信託,2023-09-26,6160
2371,大同,81,1,80,中國信託,2023-09-26,6160
00753L,中信中國50正2,81,3,78,中國信託,2023-09-26,6160
2881,富邦金,74,1,73,中國信託,2023-09-26,6160
00923,群益台ESG低碳50,75,4,71,中國信託,2023-09-26,6160
00720B,元大投資級公司債,71,0,71,中國信託,2023-09-26,6160
2382,廣達,171,102,69,中國信託,2023-09-26,6160
00795B,中信美國公債20年,66,0,66,中國信託,2023-09-26,6160
00931B,統一美債20年,85,20,65,中國信託,2023-09-26,6160
00773B,中信優先金融債,62,0,62,中國信託,2023-09-26,6160
00680L,元大美債20正2,72,14,58,中國信託,2023-09-26,6160
8289,泰藝,56,0,56,中國信託,2023-09-26,6160
2427,三商電,62,8,54,中國信託,2023-09-26,6160
2317,鴻海,54,4,50,中國信託,2023-09-26,6160
2605,新興,52,3,49,中國信託,2023-09-26,6160
2368,金像電,66,20,46,中國信託,2023-09-26,6160
6274,台燿,73,28,45,中國信託,2023-09-26,6160
2002,中鋼,50,6,44,中國信託,2023-09-26,6160
00893,國泰智能電動車,47,4,43,中國信託,2023-09-26,6160
5371,中光電,75,33,42,中國信託,2023-09-26,6160
2542,興富發,45,6,39,中國信託,2023-09-26,6160
1503,士電,91,52,39,中國信託,2023-09-26,6160
4961,天鈺,58,21,37,中國信託,2023-09-26,6160
8097,常珵,36,0,36,中國信託,2023-09-26,6160
1802,台玻,61,25,36,中國信託,2023-09-26,6160
3702,大聯大,88,53,35,中國信託,2023-09-26,6160
1101,台泥,37,2,35,中國信託,2023-09-26,6160
1464,得力,34,0,34,中國信託,2023-09-26,6160
00738U,期元大道瓊白銀,34,0,34,中國信託,2023-09-26,6160
00701,國泰股利精選30,33,0,33,中國信託,2023-09-26,6160
2358,廷鑫,42,10,32,中國信託,2023-09-26,6160
2867,三商壽,31,0,31,中國信託,2023-09-26,6160
2474,可成,30,0,30,中國信託,2023-09-26,6160
00922,國泰台灣領袖50,35,5,30,中國信託,2023-09-26,6160
2313,華通,127,97,30,中國信託,2023-09-26,6160
2882,國泰金,33,3,30,中國信託,2023-09-26,6160
3715,定穎投控,723,351,372,中國信託,2023-09-27,6160
2515,中工,419,68,351,中國信託,2023-09-27,6160
00900,富邦特選高股息30,221,10,211,中國信託,2023-09-27,6160
0050,元大台灣50,810,617,193,中國信託,2023-09-27,6160
6782,視陽,160,0,160,中國信託,2023-09-27,6160
00712,復華富時不動產,159,48,111,中國信託,2023-09-27,6160
00891,中信關鍵半導體,103,1,102,中國信託,2023-09-27,6160
3711,日月光投控,106,13,93,中國信託,2023-09-27,6160
2412,中華電,90,2,88,中國信託,2023-09-27,6160
00751B,元大AAA至A公司債,67,0,67,中國信託,2023-09-27,6160
2301,光寶科,71,9,62,中國信託,2023-09-27,6160
3702,大聯大,69,9,60,中國信託,2023-09-27,6160
2421,建準,70,13,57,中國信託,2023-09-27,6160
8289,泰藝,58,2,56,中國信託,2023-09-27,6160
2605,新興,106,51,55,中國信託,2023-09-27,6160
2303,聯電,125,72,53,中國信託,2023-09-27,6160
1477,聚陽,50,1,49,中國信託,2023-09-27,6160
6147,頎邦,71,24,47,中國信託,2023-09-27,6160
3049,精金,42,0,42,中國信託,2023-09-27,6160
2890,永豐金,47,5,42,中國信託,2023-09-27,6160
00738U,期元大道瓊白銀,41,0,41,中國信託,2023-09-27,6160
5483,中美晶,50,10,40,中國信託,2023-09-27,6160
00679B,元大美債20年,46,6,40,中國信託,2023-09-27,6160
2891,中信金,125,85,40,中國信託,2023-09-27,6160
1524,耿鼎,52,14,38,中國信託,2023-09-27,6160
00881,國泰台灣5G+,42,5,37,中國信託,2023-09-27,6160
2884,玉山金,38,2,36,中國信託,2023-09-27,6160
5432,新門,53,17,36,中國信託,2023-09-27,6160
00720B,元大投資級公司債,37,2,35,中國信託,2023-09-27,6160
2883,凱基金,55,20,35,中國信託,2023-09-27,6160
2330,台積電,76,42,34,中國信託,2023-09-27,6160
1316,上曜,35,1,34,中國信託,2023-09-27,6160
8420,明揚,123,91,32,中國信託,2023-09-27,6160
4979,華星光,95,64,31,中國信託,2023-09-27,6160
4958,臻鼎-KY,33,3,30,中國信託,2023-09-27,6160
00753L,中信中國50正2,30,0,30,中國信託,2023-09-27,6160
4961,天鈺,51,22,29,中國信託,2023-09-27,6160
6770,力積電,30,2,28,中國信託,2023-09-27,6160
00931B,統一美債20年,31,3,28,中國信託,2023-09-27,6160
00862B,中信投資級公司債,27,0,27,中國信託,2023-09-27,6160
3189,景碩,30,3,27,中國信託,2023-09-27,6160
00772B,中信高評級公司債,28,2,26,中國信託,2023-09-27,6160
2014,中鴻,42,16,26,中國信託,2023-09-27,6160
2442,新美齊,28,2,26,中國信託,2023-09-27,6160
1618,合機,173,147,26,中國信託,2023-09-27,6160
6757,台灣虎航,30,4,26,中國信託,2023-09-27,6160
2208,台船,31,5,26,中國信託,2023-09-27,6160
2542,興富發,27,1,26,中國信託,2023-09-27,6160
1301,台塑,26,0,26,中國信託,2023-09-27,6160
1326,台化,24,0,24,中國信託,2023-09-27,6160
0056,元大高股息,854,61,793,中國信託,2023-09-28,6160
00928,中信上櫃ESG30,439,7,432,中國信託,2023-09-28,6160
00888,永豐台灣ESG,392,51,341,中國信託,2023-09-28,6160
2301,光寶科,383,55,328,中國信託,2023-09-28,6160
2888,新光金,286,15,271,中國信託,2023-09-28,6160
00632R,元大台灣50反1,278,39,239,中國信託,2023-09-28,6160
3231,緯創,324,104,220,中國信託,2023-09-28,6160
6274,台燿,241,70,171,中國信託,2023-09-28,6160
00712,復華富時不動產,176,52,124,中國信託,2023-09-28,6160
00773B,中信優先金融債,524,400,124,中國信託,2023-09-28,6160
00751B,元大AAA至A公司債,125,2,123,中國信託,2023-09-28,6160
2330,台積電,147,47,100,中國信託,2023-09-28,6160
3325,旭品,181,92,89,中國信託,2023-09-28,6160
6782,視陽,100,11,89,中國信託,2023-09-28,6160
00679B,元大美債20年,109,25,84,中國信託,2023-09-28,6160
00919,群益台灣精選高息,150,82,68,中國信託,2023-09-28,6160
2880,華南金,58,0,58,中國信託,2023-09-28,6160
5213,亞昕,57,0,57,中國信託,2023-09-28,6160
2886,兆豐金,72,18,54,中國信託,2023-09-28,6160
00881,國泰台灣5G+,53,2,51,中國信託,2023-09-28,6160
1560,中砂,99,48,51,中國信託,2023-09-28,6160
2363,矽統,294,246,48,中國信託,2023-09-28,6160
2317,鴻海,52,8,44,中國信託,2023-09-28,6160
3715,定穎投控,441,397,44,中國信託,2023-09-28,6160
00900,富邦特選高股息30,61,18,43,中國信託,2023-09-28,6160
1524,耿鼎,65,22,43,中國信託,2023-09-28,6160
00772B,中信高評級公司債,101,59,42,中國信託,2023-09-28,6160
00673R,期元大S＆P原油反1,41,0,41,中國信託,2023-09-28,6160
2882,國泰金,43,3,40,中國信託,2023-09-28,6160
2002,中鋼,100,63,37,中國信託,2023-09-28,6160
2376,技嘉,88,51,37,中國信託,2023-09-28,6160
2382,廣達,235,198,37,中國信託,2023-09-28,6160
3706,神達,70,34,36,中國信託,2023-09-28,6160
1301,台塑,36,0,36,中國信託,2023-09-28,6160
3702,大聯大,78,44,34,中國信託,2023-09-28,6160
3176,基亞,34,0,34,中國信託,2023-09-28,6160
3322,建舜電,85,54,31,中國信託,2023-09-28,6160
3290,東浦,31,0,31,中國信託,2023-09-28,6160
9904,寶成,33,3,30,中國信託,2023-09-28,6160
1477,聚陽,30,0,30,中國信託,2023-09-28,6160
2812,台中銀,30,0,30,中國信託,2023-09-28,6160
00687B,國泰20年美債,30,0,30,中國信託,2023-09-28,6160
2820,華票,29,0,29,中國信託,2023-09-28,6160
00719B,元大美債1-3,28,0,28,中國信託,2023-09-28,6160
00891,中信關鍵半導體,28,1,27,中國信託,2023-09-28,6160
3711,日月光投控,31,4,27,中國信託,2023-09-28,6160
3217,優群,30,3,27,中國信託,2023-09-28,6160
00738U,期元大道瓊白銀,27,0,27,中國信託,2023-09-28,6160
3006,晶豪科,25,0,25,中國信託,2023-09-28,6160
00795B,中信美國公債20年,29,4,25,中國信託,2023-09-28,6160
0056,元大高股息,1673,731,942,中國信託,2023-10-02,6160
2330,台積電,722,16,706,中國信託,2023-10-02,6160
2881,富邦金,550,1,549,中國信託,2023-10-02,6160
00885,富邦越南,505,3,502,中國信託,2023-10-02,6160
2606,裕民,480,19,461,中國信託,2023-10-02,6160
00892,富邦台灣半導體,251,3,248,中國信託,2023-10-02,6160
00900,富邦特選高股息30,256,11,245,中國信託,2023-10-02,6160
2356,英業達,316,114,202,中國信託,2023-10-02,6160
2884,玉山金,233,56,177,中國信託,2023-10-02,6160
00751B,元大AAA至A公司債,176,1,175,中國信託,2023-10-02,6160
00701,國泰股利精選30,181,7,174,中國信託,2023-10-02,6160
2382,廣達,381,208,173,中國信託,2023-10-02,6160
00891,中信關鍵半導體,198,29,169,中國信託,2023-10-02,6160
00772B,中信高評級公司債,137,3,134,中國信託,2023-10-02,6160
2890,永豐金,135,1,134,中國信託,2023-10-02,6160
00712,復華富時不動產,124,4,120,中國信託,2023-10-02,6160
00894,中信小資高價30,119,0,119,中國信託,2023-10-02,6160
2412,中華電,118,2,116,中國信託,2023-10-02,6160
8358,金居,112,8,104,中國信託,2023-10-02,6160
9938,百和,114,11,103,中國信託,2023-10-02,6160
00773B,中信優先金融債,504,401,103,中國信託,2023-10-02,6160
00720B,元大投資級公司債,312,210,102,中國信託,2023-10-02,6160
0050,元大台灣50,141,54,87,中國信託,2023-10-02,6160
00676R,富邦臺灣加權反1,85,0,85,中國信託,2023-10-02,6160
2845,遠東銀,84,0,84,中國信託,2023-10-02,6160
6197,佳必琪,82,2,80,中國信託,2023-10-02,6160
00923,群益台ESG低碳50,109,32,77,中國信託,2023-10-02,6160
9933,中鼎,105,28,77,中國信託,2023-10-02,6160
3227,原相,76,0,76,中國信託,2023-10-02,6160
1722,台肥,70,0,70,中國信託,2023-10-02,6160
2892,第一金,70,2,68,中國信託,2023-10-02,6160
00931B,統一美債20年,65,2,63,中國信託,2023-10-02,6160
3715,定穎投控,355,298,57,中國信託,2023-10-02,6160
00679B,元大美債20年,62,7,55,中國信託,2023-10-02,6160
5876,上海商銀,54,0,54,中國信託,2023-10-02,6160
2301,光寶科,183,132,51,中國信託,2023-10-02,6160
00687B,國泰20年美債,53,3,50,中國信託,2023-10-02,6160
6830,汎銓,50,1,49,中國信託,2023-10-02,6160
2385,群光,55,7,48,中國信託,2023-10-02,6160
00738U,期元大道瓊白銀,47,0,47,中國信託,2023-10-02,6160
1101,台泥,48,2,46,中國信託,2023-10-02,6160
2542,興富發,43,0,43,中國信託,2023-10-02,6160
2421,建準,80,38,42,中國信託,2023-10-02,6160
2329,華泰,118,76,42,中國信託,2023-10-02,6160
2887,台新金,41,1,40,中國信託,2023-10-02,6160
4173,久裕,42,2,40,中國信託,2023-10-02,6160
6205,詮欣,40,3,37,中國信託,2023-10-02,6160
2236,百達-KY,38,1,37,中國信託,2023-10-02,6160
1301,台塑,37,1,36,中國信託,2023-10-02,6160
4164,承業醫,36,0,36,中國信託,2023-10-02,6160
00715L,期街口布蘭特正2,1531,8,1523,中國信託,2023-10-03,6160
2330,台積電,681,74,607,中國信託,2023-10-03,6160
00692,富邦公司治理,506,64,442,中國信託,2023-10-03,6160
2382,廣達,465,55,410,中國信託,2023-10-03,6160
6274,台燿,445,74,371,中國信託,2023-10-03,6160
00712,復華富時不動產,351,12,339,中國信託,2023-10-03,6160
0056,元大高股息,2177,1858,319,中國信託,2023-10-03,6160
2890,永豐金,307,1,306,中國信託,2023-10-03,6160
3231,緯創,459,193,266,中國信託,2023-10-03,6160
00751B,元大AAA至A公司債,214,0,214,中國信託,2023-10-03,6160
00864B,中信美國公債0-1,154,0,154,中國信託,2023-10-03,6160
00922,國泰台灣領袖50,145,11,134,中國信託,2023-10-03,6160
00881,國泰台灣5G+,160,29,131,中國信託,2023-10-03,6160
00720B,元大投資級公司債,128,2,126,中國信託,2023-10-03,6160
2368,金像電,169,43,126,中國信託,2023-10-03,6160
2317,鴻海,168,49,119,中國信託,2023-10-03,6160
2417,圓剛,183,67,116,中國信託,2023-10-03,6160
00772B,中信高評級公司債,110,2,108,中國信託,2023-10-03,6160
9933,中鼎,104,0,104,中國信託,2023-10-03,6160
00932,兆豐永續高息等權,104,0,104,中國信託,2023-10-03,6160
00882,中信中國高股息,135,37,98,中國信託,2023-10-03,6160
2412,中華電,96,0,96,中國信託,2023-10-03,6160
2301,光寶科,99,6,93,中國信託,2023-10-03,6160
2409,友達,191,103,88,中國信託,2023-10-03,6160
3325,旭品,246,163,83,中國信託,2023-10-03,6160
00900,富邦特選高股息30,125,43,82,中國信託,2023-10-03,6160
9910,豐泰,84,3,81,中國信託,2023-10-03,6160
00753L,中信中國50正2,81,0,81,中國信託,2023-10-03,6160
3545,敦泰,80,6,74,中國信託,2023-10-03,6160
3481,群創,97,24,73,中國信託,2023-10-03,6160
2376,技嘉,124,54,70,中國信託,2023-10-03,6160
2520,冠德,70,0,70,中國信託,2023-10-03,6160
00921,兆豐龍頭等權重,105,36,69,中國信託,2023-10-03,6160
00676R,富邦臺灣加權反1,68,0,68,中國信託,2023-10-03,6160
2002,中鋼,75,7,68,中國信託,2023-10-03,6160
2303,聯電,130,64,66,中國信託,2023-10-03,6160
00700,富邦�琤肭磪�,65,0,65,中國信託,2023-10-03,6160
1522,堤維西,75,12,63,中國信託,2023-10-03,6160
00901,永豐智能車供應鏈,63,0,63,中國信託,2023-10-03,6160
6117,迎廣,160,98,62,中國信託,2023-10-03,6160
3013,晟銘電,137,76,61,中國信託,2023-10-03,6160
2428,興勤,62,1,61,中國信託,2023-10-03,6160
2888,新光金,94,35,59,中國信託,2023-10-03,6160
2891,中信金,76,17,59,中國信託,2023-10-03,6160
2883,凱基金,70,12,58,中國信託,2023-10-03,6160
9904,寶成,58,0,58,中國信託,2023-10-03,6160
1815,富喬,217,161,56,中國信託,2023-10-03,6160
00773B,中信優先金融債,54,0,54,中國信託,2023-10-03,6160
00666R,富邦�琤肭磪齯�1,53,0,53,中國信託,2023-10-03,6160
2543,皇昌,65,13,52,中國信託,2023-10-03,6160
00676R,富邦臺灣加權反1,1600,153,1447,中國信託,2023-10-04,6160
2330,台積電,889,136,753,中國信託,2023-10-04,6160
0050,元大台灣50,835,155,680,中國信託,2023-10-04,6160
00719B,元大美債1-3,431,0,431,中國信託,2023-10-04,6160
00712,復華富時不動產,405,14,391,中國信託,2023-10-04,6160
3045,台灣大,365,0,365,中國信託,2023-10-04,6160
2891,中信金,373,38,335,中國信託,2023-10-04,6160
2105,正新,301,19,282,中國信託,2023-10-04,6160
00751B,元大AAA至A公司債,287,15,272,中國信託,2023-10-04,6160
00912,中信臺灣智慧50,339,94,245,中國信託,2023-10-04,6160
2618,長榮航,327,117,210,中國信託,2023-10-04,6160
00720B,元大投資級公司債,196,3,193,中國信託,2023-10-04,6160
00923,群益台ESG低碳50,192,17,175,中國信託,2023-10-04,6160
00687B,國泰20年美債,180,8,172,中國信託,2023-10-04,6160
00772B,中信高評級公司債,161,8,153,中國信託,2023-10-04,6160
00917,中信特選金融,177,33,144,中國信託,2023-10-04,6160
6274,台燿,212,70,142,中國信託,2023-10-04,6160
00922,國泰台灣領袖50,140,2,138,中國信託,2023-10-04,6160
9910,豐泰,151,25,126,中國信託,2023-10-04,6160
2412,中華電,115,0,115,中國信託,2023-10-04,6160
2538,基泰,156,45,111,中國信託,2023-10-04,6160
9933,中鼎,107,0,107,中國信託,2023-10-04,6160
00688L,國泰20年美債正2,107,0,107,中國信託,2023-10-04,6160
00927,群益半導體收益,163,60,103,中國信託,2023-10-04,6160
2887,台新金,112,10,102,中國信託,2023-10-04,6160
00753L,中信中國50正2,177,79,98,中國信託,2023-10-04,6160
2884,玉山金,98,5,93,中國信託,2023-10-04,6160
2303,聯電,106,15,91,中國信託,2023-10-04,6160
00881,國泰台灣5G+,90,1,89,中國信託,2023-10-04,6160
3013,晟銘電,131,43,88,中國信託,2023-10-04,6160
2801,彰銀,120,45,75,中國信託,2023-10-04,6160
2002,中鋼,92,18,74,中國信託,2023-10-04,6160
3481,群創,136,64,72,中國信託,2023-10-04,6160
00904,新光臺灣半導體30,79,7,72,中國信託,2023-10-04,6160
00739,元大MSCI A股,70,0,70,中國信託,2023-10-04,6160
00632R,元大台灣50反1,125,55,70,中國信託,2023-10-04,6160
2886,兆豐金,110,43,67,中國信託,2023-10-04,6160
2888,新光金,83,17,66,中國信託,2023-10-04,6160
2301,光寶科,122,58,64,中國信託,2023-10-04,6160
00773B,中信優先金融債,864,802,62,中國信託,2023-10-04,6160
3014,聯陽,81,19,62,中國信託,2023-10-04,6160
2457,飛宏,68,7,61,中國信託,2023-10-04,6160
00701,國泰股利精選30,60,0,60,中國信託,2023-10-04,6160
2880,華南金,69,14,55,中國信託,2023-10-04,6160
8358,金居,67,12,55,中國信託,2023-10-04,6160
2486,一詮,93,39,54,中國信託,2023-10-04,6160
2204,中華,51,0,51,中國信託,2023-10-04,6160
2605,新興,74,25,49,中國信託,2023-10-04,6160
2883,凱基金,90,41,49,中國信託,2023-10-04,6160
00637L,元大滬深300正2,53,5,48,中國信託,2023-10-04,6160
00919,群益台灣精選高息,958,90,868,中國信託,2023-10-05,6160
00676R,富邦臺灣加權反1,502,0,502,中國信託,2023-10-05,6160
00715L,期街口布蘭特正2,505,5,500,中國信託,2023-10-05,6160
00679B,元大美債20年,473,19,454,中國信託,2023-10-05,6160
00719B,元大美債1-3,450,1,449,中國信託,2023-10-05,6160
00712,復華富時不動產,429,5,424,中國信託,2023-10-05,6160
00932,兆豐永續高息等權,406,4,402,中國信託,2023-10-05,6160
2382,廣達,348,84,264,中國信託,2023-10-05,6160
00910,第一金太空衛星,222,0,222,中國信託,2023-10-05,6160
00900,富邦特選高股息30,205,35,170,中國信託,2023-10-05,6160
1524,耿鼎,152,6,146,中國信託,2023-10-05,6160
5347,世界,152,9,143,中國信託,2023-10-05,6160
00753L,中信中國50正2,274,142,132,中國信託,2023-10-05,6160
5272,笙科,122,5,117,中國信託,2023-10-05,6160
9933,中鼎,113,0,113,中國信託,2023-10-05,6160
2330,台積電,122,18,104,中國信託,2023-10-05,6160
00912,中信臺灣智慧50,93,2,91,中國信託,2023-10-05,6160
0056,元大高股息,196,106,90,中國信託,2023-10-05,6160
6531,愛普*,107,20,87,中國信託,2023-10-05,6160
6147,頎邦,85,4,81,中國信託,2023-10-05,6160
00924,復華S＆P500成長,116,39,77,中國信託,2023-10-05,6160
2301,光寶科,78,13,65,中國信託,2023-10-05,6160
9802,鈺齊-KY,62,1,61,中國信託,2023-10-05,6160
6176,瑞儀,61,0,61,中國信託,2023-10-05,6160
9958,世紀鋼,67,8,59,中國信託,2023-10-05,6160
1301,台塑,60,1,59,中國信託,2023-10-05,6160
2454,聯發科,74,16,58,中國信託,2023-10-05,6160
2401,凌陽,54,1,53,中國信託,2023-10-05,6160
2376,技嘉,152,100,52,中國信託,2023-10-05,6160
2427,三商電,54,4,50,中國信託,2023-10-05,6160
00894,中信小資高價30,59,10,49,中國信託,2023-10-05,6160
9938,百和,58,12,46,中國信託,2023-10-05,6160
2313,華通,65,20,45,中國信託,2023-10-05,6160
2836,高雄銀,45,0,45,中國信託,2023-10-05,6160
6275,元山,45,0,45,中國信託,2023-10-05,6160
3548,兆利,55,12,43,中國信託,2023-10-05,6160
2204,中華,40,0,40,中國信託,2023-10-05,6160
2412,中華電,97,58,39,中國信託,2023-10-05,6160
4763,材料-KY,42,6,36,中國信託,2023-10-05,6160
9939,宏全,35,0,35,中國信託,2023-10-05,6160
6279,胡連,53,18,35,中國信託,2023-10-05,6160
0050,元大台灣50,309,276,33,中國信託,2023-10-05,6160
2002,中鋼,47,14,33,中國信託,2023-10-05,6160
00739,元大MSCI A股,33,0,33,中國信託,2023-10-05,6160
5876,上海商銀,37,6,31,中國信託,2023-10-05,6160
6416,瑞祺電通,30,0,30,中國信託,2023-10-05,6160
3715,定穎投控,311,282,29,中國信託,2023-10-05,6160
3680,家登,33,4,29,中國信託,2023-10-05,6160
2538,基泰,220,191,29,中國信託,2023-10-05,6160
1815,富喬,250,222,28,中國信託,2023-10-05,6160
3715,定穎投控,1614,527,1087,中國信託,2023-10-06,6160
00676R,富邦臺灣加權反1,851,0,851,中國信託,2023-10-06,6160
00753L,中信中國50正2,1107,730,377,中國信託,2023-10-06,6160
00715L,期街口布蘭特正2,304,6,298,中國信託,2023-10-06,6160
9105,泰金寶-DR,297,0,297,中國信託,2023-10-06,6160
00891,中信關鍵半導體,255,24,231,中國信託,2023-10-06,6160
8069,元太,221,7,214,中國信託,2023-10-06,6160
00924,復華S＆P500成長,229,71,158,中國信託,2023-10-06,6160
00712,復華富時不動產,161,6,155,中國信託,2023-10-06,6160
1815,富喬,198,65,133,中國信託,2023-10-06,6160
00922,國泰台灣領袖50,132,5,127,中國信託,2023-10-06,6160
00892,富邦台灣半導體,288,162,126,中國信託,2023-10-06,6160
9933,中鼎,109,0,109,中國信託,2023-10-06,6160
2610,華航,123,18,105,中國信託,2023-10-06,6160
0056,元大高股息,158,54,104,中國信託,2023-10-06,6160
6188,廣明,110,16,94,中國信託,2023-10-06,6160
3702,大聯大,101,8,93,中國信託,2023-10-06,6160
2412,中華電,92,0,92,中國信託,2023-10-06,6160
00902,中信電池及儲能,135,43,92,中國信託,2023-10-06,6160
2618,長榮航,107,23,84,中國信託,2023-10-06,6160
8431,匯鑽科,82,2,80,中國信託,2023-10-06,6160
00900,富邦特選高股息30,110,31,79,中國信託,2023-10-06,6160
00679B,元大美債20年,122,51,71,中國信託,2023-10-06,6160
2538,基泰,112,44,68,中國信託,2023-10-06,6160
00894,中信小資高價30,68,5,63,中國信託,2023-10-06,6160
3036,文曄,107,53,54,中國信託,2023-10-06,6160
1519,華城,85,32,53,中國信託,2023-10-06,6160
00720B,元大投資級公司債,59,6,53,中國信託,2023-10-06,6160
2368,金像電,71,20,51,中國信託,2023-10-06,6160
2351,順德,50,0,50,中國信託,2023-10-06,6160
3587,閎康,50,0,50,中國信託,2023-10-06,6160
5439,高技,65,15,50,中國信託,2023-10-06,6160
2383,台光電,71,23,48,中國信託,2023-10-06,6160
2409,友達,47,1,46,中國信託,2023-10-06,6160
2836,高雄銀,46,0,46,中國信託,2023-10-06,6160
3059,華晶科,65,20,45,中國信託,2023-10-06,6160
2486,一詮,211,167,44,中國信託,2023-10-06,6160
00700,富邦�琤肭磪�,83,39,44,中國信託,2023-10-06,6160
00921,兆豐龍頭等權重,51,8,43,中國信託,2023-10-06,6160
00901,永豐智能車供應鏈,57,16,41,中國信託,2023-10-06,6160
1324,地球,56,15,41,中國信託,2023-10-06,6160
2454,聯發科,48,8,40,中國信託,2023-10-06,6160
6220,岳豐,39,0,39,中國信託,2023-10-06,6160
00666R,富邦�琤肭磪齯�1,363,326,37,中國信託,2023-10-06,6160
6491,晶碩,41,6,35,中國信託,2023-10-06,6160
00772B,中信高評級公司債,55,20,35,中國信託,2023-10-06,6160
2330,台積電,50,16,34,中國信託,2023-10-06,6160
2468,華經,75,43,32,中國信託,2023-10-06,6160
00931B,統一美債20年,32,0,32,中國信託,2023-10-06,6160
00751B,元大AAA至A公司債,39,7,32,中國信託,2023-10-06,6160
00753L,中信中國50正2,940,295,645,中國信託,2023-10-11,6160
3231,緯創,757,203,554,中國信託,2023-10-11,6160
00632R,元大台灣50反1,520,120,400,中國信託,2023-10-11,6160
00900,富邦特選高股息30,344,44,300,中國信託,2023-10-11,6160
6104,創惟,290,7,283,中國信託,2023-10-11,6160
2603,長榮,274,35,239,中國信託,2023-10-11,6160
3680,家登,257,33,224,中國信託,2023-10-11,6160
2382,廣達,386,184,202,中國信託,2023-10-11,6160
00928,中信上櫃ESG30,396,221,175,中國信託,2023-10-11,6160
4960,誠美材,176,3,173,中國信託,2023-10-11,6160
00680L,元大美債20正2,173,2,171,中國信託,2023-10-11,6160
00881,國泰台灣5G+,253,84,169,中國信託,2023-10-11,6160
3047,訊舟,167,4,163,中國信託,2023-10-11,6160
00878,國泰永續高股息,361,206,155,中國信託,2023-10-11,6160
3715,定穎投控,461,321,140,中國信託,2023-10-11,6160
2610,華航,157,31,126,中國信託,2023-10-11,6160
9802,鈺齊-KY,117,0,117,中國信託,2023-10-11,6160
2376,技嘉,187,74,113,中國信託,2023-10-11,6160
2412,中華電,111,1,110,中國信託,2023-10-11,6160
2308,台達電,111,3,108,中國信託,2023-10-11,6160
9933,中鼎,106,0,106,中國信託,2023-10-11,6160
0050,元大台灣50,162,56,106,中國信託,2023-10-11,6160
9105,泰金寶-DR,111,10,101,中國信託,2023-10-11,6160
6147,頎邦,98,0,98,中國信託,2023-10-11,6160
00712,復華富時不動產,95,9,86,中國信託,2023-10-11,6160
00675L,富邦臺灣加權正2,90,5,85,中國信託,2023-10-11,6160
2618,長榮航,118,35,83,中國信託,2023-10-11,6160
1524,耿鼎,112,44,68,中國信託,2023-10-11,6160
00907,永豐優息存股,83,17,66,中國信託,2023-10-11,6160
00849B,中信EM主權債0-5,88,25,63,中國信託,2023-10-11,6160
2360,致茂,61,0,61,中國信託,2023-10-11,6160
3015,全漢,55,0,55,中國信託,2023-10-11,6160
00917,中信特選金融,111,57,54,中國信託,2023-10-11,6160
00894,中信小資高價30,66,13,53,中國信託,2023-10-11,6160
3663,鑫科,54,2,52,中國信託,2023-10-11,6160
00690,兆豐藍籌30,84,32,52,中國信託,2023-10-11,6160
1307,三芳,50,1,49,中國信託,2023-10-11,6160
00772B,中信高評級公司債,116,68,48,中國信託,2023-10-11,6160
3325,旭品,100,53,47,中國信託,2023-10-11,6160
2836,高雄銀,46,0,46,中國信託,2023-10-11,6160
00924,復華S＆P500成長,52,7,45,中國信託,2023-10-11,6160
00921,兆豐龍頭等權重,102,57,45,中國信託,2023-10-11,6160
2369,菱生,39,0,39,中國信託,2023-10-11,6160
3051,力特,42,4,38,中國信託,2023-10-11,6160
00922,國泰台灣領袖50,81,44,37,中國信託,2023-10-11,6160
2476,鉅祥,36,0,36,中國信託,2023-10-11,6160
6261,久元,36,0,36,中國信託,2023-10-11,6160
00715L,期街口布蘭特正2,39,4,35,中國信託,2023-10-11,6160
6530,創威,52,18,34,中國信託,2023-10-11,6160
00738U,期元大道瓊白銀,34,0,34,中國信託,2023-10-11,6160
2890,永豐金,1303,18,1285,中國信託,2023-10-12,6160
3711,日月光投控,627,34,593,中國信託,2023-10-12,6160
3231,緯創,634,181,453,中國信託,2023-10-12,6160
00679B,元大美債20年,433,36,397,中國信託,2023-10-12,6160
00719B,元大美債1-3,302,0,302,中國信託,2023-10-12,6160
2363,矽統,855,556,299,中國信託,2023-10-12,6160
2313,華通,325,47,278,中國信託,2023-10-12,6160
00921,兆豐龍頭等權重,260,1,259,中國信託,2023-10-12,6160
00900,富邦特選高股息30,254,36,218,中國信託,2023-10-12,6160
4960,誠美材,213,1,212,中國信託,2023-10-12,6160
4906,正文,218,8,210,中國信託,2023-10-12,6160
00632R,元大台灣50反1,180,5,175,中國信託,2023-10-12,6160
3047,訊舟,168,0,168,中國信託,2023-10-12,6160
00752,中信中國50,315,147,168,中國信託,2023-10-12,6160
00891,中信關鍵半導體,202,41,161,中國信託,2023-10-12,6160
00753L,中信中國50正2,500,388,112,中國信託,2023-10-12,6160
2412,中華電,111,1,110,中國信託,2023-10-12,6160
2376,技嘉,179,70,109,中國信託,2023-10-12,6160
0050,元大台灣50,180,77,103,中國信託,2023-10-12,6160
9933,中鼎,101,1,100,中國信託,2023-10-12,6160
2610,華航,123,23,100,中國信託,2023-10-12,6160
4173,久裕,92,0,92,中國信託,2023-10-12,6160
00773B,中信優先金融債,484,400,84,中國信託,2023-10-12,6160
3702,大聯大,94,12,82,中國信託,2023-10-12,6160
3481,群創,77,7,70,中國信託,2023-10-12,6160
00687B,國泰20年美債,90,22,68,中國信託,2023-10-12,6160
6274,台燿,97,36,61,中國信託,2023-10-12,6160
3010,華立,56,0,56,中國信託,2023-10-12,6160
6189,豐藝,60,5,55,中國信託,2023-10-12,6160
6223,旺矽,115,62,53,中國信託,2023-10-12,6160
3015,全漢,55,2,53,中國信託,2023-10-12,6160
6005,群益證,50,0,50,中國信託,2023-10-12,6160
6192,巨路,50,0,50,中國信託,2023-10-12,6160
6147,頎邦,48,0,48,中國信託,2023-10-12,6160
00720B,元大投資級公司債,57,10,47,中國信託,2023-10-12,6160
1799,易威,43,0,43,中國信託,2023-10-12,6160
1504,東元,47,5,42,中國信託,2023-10-12,6160
8105,凌巨,41,0,41,中國信託,2023-10-12,6160
2369,菱生,40,0,40,中國信託,2023-10-12,6160
00931B,統一美債20年,50,10,40,中國信託,2023-10-12,6160
3325,旭品,109,71,38,中國信託,2023-10-12,6160
4915,致伸,40,2,38,中國信託,2023-10-12,6160
3706,神達,69,32,37,中國信託,2023-10-12,6160
00888,永豐台灣ESG,103,67,36,中國信託,2023-10-12,6160
6261,久元,36,0,36,中國信託,2023-10-12,6160
00881,國泰台灣5G+,51,16,35,中國信託,2023-10-12,6160
3260,威剛,53,20,33,中國信託,2023-10-12,6160
00676R,富邦臺灣加權反1,34,2,32,中國信託,2023-10-12,6160
3036,文曄,49,18,31,中國信託,2023-10-12,6160
8436,大江,31,0,31,中國信託,2023-10-12,6160
00921,兆豐龍頭等權重,474,3,471,中國信託,2023-10-13,6160
0056,元大高股息,515,173,342,中國信託,2023-10-13,6160
00632R,元大台灣50反1,261,0,261,中國信託,2023-10-13,6160
1522,堤維西,260,17,243,中國信託,2023-10-13,6160
4960,誠美材,223,13,210,中國信託,2023-10-13,6160
00715L,期街口布蘭特正2,215,13,202,中國信託,2023-10-13,6160
2363,矽統,1226,1034,192,中國信託,2023-10-13,6160
00752,中信中國50,339,156,183,中國信託,2023-10-13,6160
9105,泰金寶-DR,212,29,183,中國信託,2023-10-13,6160
00680L,元大美債20正2,168,3,165,中國信託,2023-10-13,6160
3047,訊舟,163,1,162,中國信託,2023-10-13,6160
3715,定穎投控,479,349,130,中國信託,2023-10-13,6160
2610,華航,132,6,126,中國信託,2023-10-13,6160
2382,廣達,337,214,123,中國信託,2023-10-13,6160
00720B,元大投資級公司債,124,2,122,中國信託,2023-10-13,6160
2535,達欣工,130,10,120,中國信託,2023-10-13,6160
2376,技嘉,193,77,116,中國信託,2023-10-13,6160
4979,華星光,191,81,110,中國信託,2023-10-13,6160
9933,中鼎,104,1,103,中國信託,2023-10-13,6160
00679B,元大美債20年,104,2,102,中國信託,2023-10-13,6160
3483,力致,149,52,97,中國信託,2023-10-13,6160
00712,復華富時不動產,100,6,94,中國信託,2023-10-13,6160
00687B,國泰20年美債,79,0,79,中國信託,2023-10-13,6160
2301,光寶科,102,44,58,中國信託,2023-10-13,6160
00922,國泰台灣領袖50,86,29,57,中國信託,2023-10-13,6160
1504,東元,56,0,56,中國信託,2023-10-13,6160
3015,全漢,55,1,54,中國信託,2023-10-13,6160
3260,威剛,104,51,53,中國信託,2023-10-13,6160
5439,高技,72,21,51,中國信託,2023-10-13,6160
2360,致茂,51,0,51,中國信託,2023-10-13,6160
2883,凱基金,66,18,48,中國信託,2023-10-13,6160
00751B,元大AAA至A公司債,53,8,45,中國信託,2023-10-13,6160
6147,頎邦,46,1,45,中國信託,2023-10-13,6160
3491,昇達科,53,8,45,中國信託,2023-10-13,6160
00688L,國泰20年美債正2,41,0,41,中國信託,2023-10-13,6160
3228,金麗科,41,0,41,中國信託,2023-10-13,6160
00919,群益台灣精選高息,161,120,41,中國信託,2023-10-13,6160
2369,菱生,40,1,39,中國信託,2023-10-13,6160
6261,久元,37,0,37,中國信託,2023-10-13,6160
1201,味全,37,0,37,中國信託,2023-10-13,6160
00900,富邦特選高股息30,59,25,34,中國信託,2023-10-13,6160
4563,百德,33,0,33,中國信託,2023-10-13,6160
2464,盟立,33,0,33,中國信託,2023-10-13,6160
3481,群創,49,16,33,中國信託,2023-10-13,6160
2887,台新金,34,2,32,中國信託,2023-10-13,6160
6274,台燿,44,12,32,中國信託,2023-10-13,6160
6205,詮欣,46,14,32,中國信託,2023-10-13,6160
8996,高力,47,16,31,中國信託,2023-10-13,6160
1101,台泥,33,2,31,中國信託,2023-10-13,6160
00924,復華S＆P500成長,35,5,30,中國信託,2023-10-13,6160
0056,元大高股息,1017,258,759,中國信託,2023-10-16,6160
2515,中工,902,227,675,中國信託,2023-10-16,6160
00642U,期元大S＆P石油,519,5,514,中國信託,2023-10-16,6160
2615,萬海,312,1,311,中國信託,2023-10-16,6160
4979,華星光,333,25,308,中國信託,2023-10-16,6160
2618,長榮航,487,221,266,中國信託,2023-10-16,6160
00715L,期街口布蘭特正2,231,5,226,中國信託,2023-10-16,6160
00773B,中信優先金融債,239,30,209,中國信託,2023-10-16,6160
4960,誠美材,245,56,189,中國信託,2023-10-16,6160
2233,宇隆,198,10,188,中國信託,2023-10-16,6160
2610,華航,206,34,172,中國信託,2023-10-16,6160
3047,訊舟,164,0,164,中國信託,2023-10-16,6160
1314,中石化,257,98,159,中國信託,2023-10-16,6160
00772B,中信高評級公司債,155,13,142,中國信託,2023-10-16,6160
00712,復華富時不動產,166,27,139,中國信託,2023-10-16,6160
9933,中鼎,135,7,128,中國信託,2023-10-16,6160
9904,寶成,118,0,118,中國信託,2023-10-16,6160
2363,矽統,768,652,116,中國信託,2023-10-16,6160
00921,兆豐龍頭等權重,174,61,113,中國信託,2023-10-16,6160
2543,皇昌,133,22,111,中國信託,2023-10-16,6160
2376,技嘉,127,17,110,中國信託,2023-10-16,6160
8155,博智,101,0,101,中國信託,2023-10-16,6160
2723,美食-KY,100,0,100,中國信託,2023-10-16,6160
00881,國泰台灣5G+,104,5,99,中國信託,2023-10-16,6160
00722B,群益投資級電信債,103,15,88,中國信託,2023-10-16,6160
2344,華邦電,114,34,80,中國信託,2023-10-16,6160
2317,鴻海,107,34,73,中國信託,2023-10-16,6160
00900,富邦特選高股息30,79,7,72,中國信託,2023-10-16,6160
00922,國泰台灣領袖50,73,3,70,中國信託,2023-10-16,6160
9105,泰金寶-DR,95,26,69,中國信託,2023-10-16,6160
3035,智原,157,90,67,中國信託,2023-10-16,6160
3036,文曄,99,35,64,中國信託,2023-10-16,6160
00719B,元大美債1-3,60,0,60,中國信託,2023-10-16,6160
8069,元太,61,3,58,中國信託,2023-10-16,6160
5521,工信,61,3,58,中國信託,2023-10-16,6160
3008,大立光,56,2,54,中國信託,2023-10-16,6160
6510,精測,54,1,53,中國信託,2023-10-16,6160
2474,可成,51,0,51,中國信託,2023-10-16,6160
6147,頎邦,54,3,51,中國信託,2023-10-16,6160
00680L,元大美債20正2,62,12,50,中國信託,2023-10-16,6160
6579,研揚,50,0,50,中國信託,2023-10-16,6160
2204,中華,53,4,49,中國信託,2023-10-16,6160
2888,新光金,57,9,48,中國信託,2023-10-16,6160
3481,群創,72,25,47,中國信託,2023-10-16,6160
00720B,元大投資級公司債,52,12,40,中國信託,2023-10-16,6160
6261,久元,39,0,39,中國信託,2023-10-16,6160
2345,智邦,41,3,38,中國信託,2023-10-16,6160
00910,第一金太空衛星,41,6,35,中國信託,2023-10-16,6160
2201,裕隆,80,47,33,中國信託,2023-10-16,6160
00751B,元大AAA至A公司債,32,0,32,中國信託,2023-10-16,6160
2891,中信金,950,141,809,中國信託,2023-10-17,6160
00637L,元大滬深300正2,503,0,503,中國信託,2023-10-17,6160
00772B,中信高評級公司債,413,55,358,中國信託,2023-10-17,6160
00891,中信關鍵半導體,463,150,313,中國信託,2023-10-17,6160
2385,群光,262,1,261,中國信託,2023-10-17,6160
00923,群益台ESG低碳50,280,25,255,中國信託,2023-10-17,6160
00892,富邦台灣半導體,223,12,211,中國信託,2023-10-17,6160
2610,華航,206,32,174,中國信託,2023-10-17,6160
00720B,元大投資級公司債,174,0,174,中國信託,2023-10-17,6160
8426,紅木-KY,175,7,168,中國信託,2023-10-17,6160
9105,泰金寶-DR,175,14,161,中國信託,2023-10-17,6160
3047,訊舟,161,0,161,中國信託,2023-10-17,6160
00687B,國泰20年美債,130,0,130,中國信託,2023-10-17,6160
6104,創惟,192,69,123,中國信託,2023-10-17,6160
4581,光隆精密-KY,130,14,116,中國信託,2023-10-17,6160
00712,復華富時不動產,145,31,114,中國信託,2023-10-17,6160
2888,新光金,123,10,113,中國信託,2023-10-17,6160
00922,國泰台灣領袖50,116,3,113,中國信託,2023-10-17,6160
9933,中鼎,119,7,112,中國信託,2023-10-17,6160
5521,工信,114,2,112,中國信託,2023-10-17,6160
2363,矽統,1123,1011,112,中國信託,2023-10-17,6160
00679B,元大美債20年,110,2,108,中國信託,2023-10-17,6160
2618,長榮航,296,188,108,中國信託,2023-10-17,6160
2382,廣達,213,110,103,中國信託,2023-10-17,6160
2408,南亞科,110,10,100,中國信託,2023-10-17,6160
00680L,元大美債20正2,101,2,99,中國信託,2023-10-17,6160
3035,智原,166,73,93,中國信託,2023-10-17,6160
2409,友達,91,3,88,中國信託,2023-10-17,6160
3036,文曄,176,89,87,中國信託,2023-10-17,6160
00751B,元大AAA至A公司債,86,5,81,中國信託,2023-10-17,6160
6239,力成,280,201,79,中國信託,2023-10-17,6160
6139,亞翔,91,13,78,中國信託,2023-10-17,6160
2412,中華電,80,2,78,中國信託,2023-10-17,6160
00795B,中信美國公債20年,599,530,69,中國信託,2023-10-17,6160
2204,中華,61,6,55,中國信託,2023-10-17,6160
2376,技嘉,111,56,55,中國信託,2023-10-17,6160
4960,誠美材,97,44,53,中國信託,2023-10-17,6160
00931B,統一美債20年,53,0,53,中國信託,2023-10-17,6160
2360,致茂,52,2,50,中國信託,2023-10-17,6160
2301,光寶科,97,48,49,中國信託,2023-10-17,6160
3483,力致,70,24,46,中國信託,2023-10-17,6160
2885,元大金,52,6,46,中國信託,2023-10-17,6160
3078,僑威,65,19,46,中國信託,2023-10-17,6160
00901,永豐智能車供應鏈,55,10,45,中國信託,2023-10-17,6160
6147,頎邦,47,3,44,中國信託,2023-10-17,6160
2201,裕隆,62,22,40,中國信託,2023-10-17,6160
1799,易威,41,1,40,中國信託,2023-10-17,6160
6261,久元,39,0,39,中國信託,2023-10-17,6160
3122,笙泉,46,9,37,中國信託,2023-10-17,6160
00700,富邦�琤肭磪�,57,21,36,中國信託,2023-10-17,6160
0050,元大台灣50,2586,37,2549,中國信託,2023-10-18,6160
0056,元大高股息,1963,513,1450,中國信託,2023-10-18,6160
2891,中信金,917,58,859,中國信託,2023-10-18,6160
3481,群創,552,36,516,中國信託,2023-10-18,6160
00923,群益台ESG低碳50,544,28,516,中國信託,2023-10-18,6160
00637L,元大滬深300正2,499,0,499,中國信託,2023-10-18,6160
00927,群益半導體收益,443,10,433,中國信託,2023-10-18,6160
00720B,元大投資級公司債,420,3,417,中國信託,2023-10-18,6160
2618,長榮航,469,65,404,中國信託,2023-10-18,6160
6116,彩晶,311,0,311,中國信託,2023-10-18,6160
1799,易威,305,0,305,中國信託,2023-10-18,6160
00901,永豐智能車供應鏈,297,2,295,中國信託,2023-10-18,6160
00632R,元大台灣50反1,499,219,280,中國信託,2023-10-18,6160
3711,日月光投控,667,418,249,中國信託,2023-10-18,6160
00894,中信小資高價30,334,99,235,中國信託,2023-10-18,6160
2610,華航,297,64,233,中國信託,2023-10-18,6160
2330,台積電,299,68,231,中國信託,2023-10-18,6160
2606,裕民,244,20,224,中國信託,2023-10-18,6160
00922,國泰台灣領袖50,174,1,173,中國信託,2023-10-18,6160
2515,中工,206,37,169,中國信託,2023-10-18,6160
00715L,期街口布蘭特正2,179,13,166,中國信託,2023-10-18,6160
6104,創惟,156,10,146,中國信託,2023-10-18,6160
6732,昇佳電子,144,0,144,中國信託,2023-10-18,6160
1101,台泥,119,6,113,中國信託,2023-10-18,6160
00687B,國泰20年美債,112,5,107,中國信託,2023-10-18,6160
9933,中鼎,112,9,103,中國信託,2023-10-18,6160
3376,新日興,104,3,101,中國信託,2023-10-18,6160
00751B,元大AAA至A公司債,90,0,90,中國信託,2023-10-18,6160
2885,元大金,113,25,88,中國信託,2023-10-18,6160
2412,中華電,87,0,87,中國信託,2023-10-18,6160
9938,百和,128,49,79,中國信託,2023-10-18,6160
00679B,元大美債20年,100,21,79,中國信託,2023-10-18,6160
4536,拓凱,92,15,77,中國信託,2023-10-18,6160
00891,中信關鍵半導體,111,35,76,中國信託,2023-10-18,6160
2809,京城銀,72,0,72,中國信託,2023-10-18,6160
2369,菱生,150,81,69,中國信託,2023-10-18,6160
00921,兆豐龍頭等權重,71,3,68,中國信託,2023-10-18,6160
1722,台肥,67,0,67,中國信託,2023-10-18,6160
3122,笙泉,83,17,66,中國信託,2023-10-18,6160
00881,國泰台灣5G+,66,3,63,中國信託,2023-10-18,6160
2731,雄獅,62,2,60,中國信託,2023-10-18,6160
00680L,元大美債20正2,60,0,60,中國信託,2023-10-18,6160
00888,永豐台灣ESG,247,189,58,中國信託,2023-10-18,6160
00932,兆豐永續高息等權,77,20,57,中國信託,2023-10-18,6160
00849B,中信EM主權債0-5,81,26,55,中國信託,2023-10-18,6160
3346,麗清,54,1,53,中國信託,2023-10-18,6160
1723,中碳,50,0,50,中國信託,2023-10-18,6160
3483,力致,55,5,50,中國信託,2023-10-18,6160
3706,神達,60,12,48,中國信託,2023-10-18,6160
00913,兆豐台灣晶圓製造,68,21,47,中國信託,2023-10-18,6160
2891,中信金,1121,52,1069,中國信託,2023-10-19,6160
0056,元大高股息,982,360,622,中國信託,2023-10-19,6160
2886,兆豐金,615,41,574,中國信託,2023-10-19,6160
00752,中信中國50,542,35,507,中國信託,2023-10-19,6160
0050,元大台灣50,508,10,498,中國信託,2023-10-19,6160
00904,新光臺灣半導體30,447,6,441,中國信託,2023-10-19,6160
00933B,國泰10Y+金融債,370,0,370,中國信託,2023-10-19,6160
2303,聯電,540,201,339,中國信託,2023-10-19,6160
2317,鴻海,286,11,275,中國信託,2023-10-19,6160
00892,富邦台灣半導體,380,112,268,中國信託,2023-10-19,6160
00715L,期街口布蘭特正2,390,140,250,中國信託,2023-10-19,6160
00917,中信特選金融,269,27,242,中國信託,2023-10-19,6160
00902,中信電池及儲能,231,20,211,中國信託,2023-10-19,6160
00751B,元大AAA至A公司債,212,2,210,中國信託,2023-10-19,6160
00923,群益台ESG低碳50,206,18,188,中國信託,2023-10-19,6160
2412,中華電,180,0,180,中國信託,2023-10-19,6160
2515,中工,207,32,175,中國信託,2023-10-19,6160
00922,國泰台灣領袖50,173,0,173,中國信託,2023-10-19,6160
00772B,中信高評級公司債,153,20,133,中國信託,2023-10-19,6160
00679B,元大美債20年,150,30,120,中國信託,2023-10-19,6160
2888,新光金,164,44,120,中國信託,2023-10-19,6160
00687B,國泰20年美債,137,18,119,中國信託,2023-10-19,6160
2382,廣達,237,123,114,中國信託,2023-10-19,6160
00887,永豐中國科技50大,114,1,113,中國信託,2023-10-19,6160
2454,聯發科,114,7,107,中國信託,2023-10-19,6160
9933,中鼎,107,0,107,中國信託,2023-10-19,6160
2610,華航,162,63,99,中國信託,2023-10-19,6160
00720B,元大投資級公司債,339,250,89,中國信託,2023-10-19,6160
00712,復華富時不動產,141,58,83,中國信託,2023-10-19,6160
2301,光寶科,109,28,81,中國信託,2023-10-19,6160
4960,誠美材,115,35,80,中國信託,2023-10-19,6160
1101,台泥,134,55,79,中國信託,2023-10-19,6160
2363,矽統,126,49,77,中國信託,2023-10-19,6160
3702,大聯大,126,49,77,中國信託,2023-10-19,6160
00885,富邦越南,79,6,73,中國信託,2023-10-19,6160
2809,京城銀,73,7,66,中國信託,2023-10-19,6160
00915,凱基優選高股息30,67,2,65,中國信託,2023-10-19,6160
2641,正德,122,57,65,中國信託,2023-10-19,6160
4128,中天,70,7,63,中國信託,2023-10-19,6160
00665L,富邦�琤肭磪囓�2,61,0,61,中國信託,2023-10-19,6160
8937,合騏,60,0,60,中國信託,2023-10-19,6160
2330,台積電,124,66,58,中國信託,2023-10-19,6160
1799,易威,55,0,55,中國信託,2023-10-19,6160
00637L,元大滬深300正2,55,0,55,中國信託,2023-10-19,6160
00696B,富邦美債20年,55,0,55,中國信託,2023-10-19,6160
2449,京元電子,85,34,51,中國信託,2023-10-19,6160
00931B,統一美債20年,70,20,50,中國信託,2023-10-19,6160
2360,致茂,51,2,49,中國信託,2023-10-19,6160
00773B,中信優先金融債,850,806,44,中國信託,2023-10-19,6160
00690,兆豐藍籌30,97,53,44,中國信託,2023-10-19,6160
00881,國泰台灣5G+,1661,0,1661,中國信託,2023-10-20,6160
00715L,期街口布蘭特正2,1491,125,1366,中國信託,2023-10-20,6160
2891,中信金,927,14,913,中國信託,2023-10-20,6160
00891,中信關鍵半導體,929,39,890,中國信託,2023-10-20,6160
3006,晶豪科,678,10,668,中國信託,2023-10-20,6160
00892,富邦台灣半導體,541,26,515,中國信託,2023-10-20,6160
00720B,元大投資級公司債,462,1,461,中國信託,2023-10-20,6160
00928,中信上櫃ESG30,457,1,456,中國信託,2023-10-20,6160
00712,復華富時不動產,456,17,439,中國信託,2023-10-20,6160
00679B,元大美債20年,376,10,366,中國信託,2023-10-20,6160
0056,元大高股息,504,164,340,中國信託,2023-10-20,6160
00932,兆豐永續高息等權,279,25,254,中國信託,2023-10-20,6160
5009,榮剛,242,11,231,中國信託,2023-10-20,6160
00904,新光臺灣半導體30,185,0,185,中國信託,2023-10-20,6160
00894,中信小資高價30,450,282,168,中國信託,2023-10-20,6160
00912,中信臺灣智慧50,205,53,152,中國信託,2023-10-20,6160
2610,華航,187,44,143,中國信託,2023-10-20,6160
2887,台新金,148,17,131,中國信託,2023-10-20,6160
00913,兆豐台灣晶圓製造,167,35,132,中國信託,2023-10-20,6160
00888,永豐台灣ESG,456,326,130,中國信託,2023-10-20,6160
2884,玉山金,127,9,118,中國信託,2023-10-20,6160
6757,台灣虎航,119,4,115,中國信託,2023-10-20,6160
00927,群益半導體收益,108,0,108,中國信託,2023-10-20,6160
1326,台化,107,0,107,中國信託,2023-10-20,6160
9933,中鼎,108,2,106,中國信託,2023-10-20,6160
2474,可成,109,4,105,中國信託,2023-10-20,6160
8155,博智,100,3,97,中國信託,2023-10-20,6160
0050,元大台灣50,248,155,93,中國信託,2023-10-20,6160
2890,永豐金,97,9,88,中國信託,2023-10-20,6160
2301,光寶科,114,29,85,中國信託,2023-10-20,6160
00687B,國泰20年美債,87,7,80,中國信託,2023-10-20,6160
6285,啟��,84,4,80,中國信託,2023-10-20,6160
2882,國泰金,87,9,78,中國信託,2023-10-20,6160
1402,遠東新,76,1,75,中國信託,2023-10-20,6160
2801,彰銀,77,2,75,中國信託,2023-10-20,6160
2809,京城銀,74,0,74,中國信託,2023-10-20,6160
6770,力積電,91,20,71,中國信託,2023-10-20,6160
2886,兆豐金,74,4,70,中國信託,2023-10-20,6160
2324,仁寶,72,5,67,中國信託,2023-10-20,6160
00751B,元大AAA至A公司債,67,1,66,中國信託,2023-10-20,6160
2885,元大金,69,7,62,中國信託,2023-10-20,6160
00917,中信特選金融,61,1,60,中國信託,2023-10-20,6160
2615,萬海,65,7,58,中國信託,2023-10-20,6160
1101,台泥,66,9,57,中國信託,2023-10-20,6160
2880,華南金,57,1,56,中國信託,2023-10-20,6160
5608,四維航,55,0,55,中國信託,2023-10-20,6160
2027,大成鋼,54,1,53,中國信託,2023-10-20,6160
1799,易威,53,0,53,中國信託,2023-10-20,6160
2603,長榮,55,3,52,中國信託,2023-10-20,6160
2892,第一金,53,1,52,中國信託,2023-10-20,6160
00712,復華富時不動產,452,12,440,中國信託,2023-10-23,6160
0056,元大高股息,503,148,355,中國信託,2023-10-23,6160
00927,群益半導體收益,356,11,345,中國信託,2023-10-23,6160
00881,國泰台灣5G+,260,1,259,中國信託,2023-10-23,6160
00894,中信小資高價30,329,76,253,中國信託,2023-10-23,6160
3006,晶豪科,239,17,222,中國信託,2023-10-23,6160
00892,富邦台灣半導體,213,0,213,中國信託,2023-10-23,6160
3025,星通,205,23,182,中國信託,2023-10-23,6160
2356,英業達,221,52,169,中國信託,2023-10-23,6160
2891,中信金,187,21,166,中國信託,2023-10-23,6160
2317,鴻海,213,51,162,中國信託,2023-10-23,6160
00720B,元大投資級公司債,175,15,160,中國信託,2023-10-23,6160
2610,華航,158,27,131,中國信託,2023-10-23,6160
00923,群益台ESG低碳50,135,4,131,中國信託,2023-10-23,6160
2369,菱生,179,60,119,中國信託,2023-10-23,6160
9904,寶成,116,0,116,中國信託,2023-10-23,6160
00687B,國泰20年美債,107,0,107,中國信託,2023-10-23,6160
9910,豐泰,105,0,105,中國信託,2023-10-23,6160
9933,中鼎,106,5,101,中國信託,2023-10-23,6160
00922,國泰台灣領袖50,114,13,101,中國信託,2023-10-23,6160
1711,永光,142,43,99,中國信託,2023-10-23,6160
3702,大聯大,147,50,97,中國信託,2023-10-23,6160
2313,華通,107,12,95,中國信託,2023-10-23,6160
00901,永豐智能車供應鏈,111,24,87,中國信託,2023-10-23,6160
1101,台泥,82,0,82,中國信託,2023-10-23,6160
00679B,元大美債20年,88,14,74,中國信託,2023-10-23,6160
2888,新光金,70,0,70,中國信託,2023-10-23,6160
8176,智捷,72,9,63,中國信託,2023-10-23,6160
2884,玉山金,67,7,60,中國信託,2023-10-23,6160
2301,光寶科,62,8,54,中國信託,2023-10-23,6160
6589,台康生技,51,1,50,中國信託,2023-10-23,6160
3023,信邦,50,0,50,中國信託,2023-10-23,6160
2352,佳世達,52,2,50,中國信託,2023-10-23,6160
3481,群創,51,2,49,中國信託,2023-10-23,6160
2002,中鋼,53,4,49,中國信託,2023-10-23,6160
00773B,中信優先金融債,894,846,48,中國信託,2023-10-23,6160
00928,中信上櫃ESG30,398,350,48,中國信託,2023-10-23,6160
00795B,中信美國公債20年,851,803,48,中國信託,2023-10-23,6160
6285,啟��,47,0,47,中國信託,2023-10-23,6160
00910,第一金太空衛星,55,9,46,中國信託,2023-10-23,6160
9914,美利達,40,0,40,中國信託,2023-10-23,6160
1773,勝一,39,0,39,中國信託,2023-10-23,6160
8937,合騏,36,0,36,中國信託,2023-10-23,6160
2201,裕隆,52,16,36,中國信託,2023-10-23,6160
6757,台灣虎航,35,0,35,中國信託,2023-10-23,6160
2516,新建,50,16,34,中國信託,2023-10-23,6160
3264,欣銓,46,13,33,中國信託,2023-10-23,6160
6235,華孚,106,73,33,中國信託,2023-10-23,6160
2233,宇隆,35,4,31,中國信託,2023-10-23,6160
00913,兆豐台灣晶圓製造,33,3,30,中國信託,2023-10-23,6160
0050,元大台灣50,628,81,547,中國信託,2023-10-24,6160
00715L,期街口布蘭特正2,509,1,508,中國信託,2023-10-24,6160
3711,日月光投控,450,14,436,中國信託,2023-10-24,6160
00891,中信關鍵半導體,262,11,251,中國信託,2023-10-24,6160
00712,復華富時不動產,278,49,229,中國信託,2023-10-24,6160
00687B,國泰20年美債,228,14,214,中國信託,2023-10-24,6160
3122,笙泉,267,84,183,中國信託,2023-10-24,6160
00927,群益半導體收益,181,1,180,中國信託,2023-10-24,6160
9105,泰金寶-DR,330,160,170,中國信託,2023-10-24,6160
2330,台積電,178,33,145,中國信託,2023-10-24,6160
1101,台泥,125,10,115,中國信託,2023-10-24,6160
9933,中鼎,107,0,107,中國信託,2023-10-24,6160
00701,國泰股利精選30,114,7,107,中國信託,2023-10-24,6160
6443,元晶,104,4,100,中國信託,2023-10-24,6160
0056,元大高股息,175,89,86,中國信託,2023-10-24,6160
8040,九暘,95,10,85,中國信託,2023-10-24,6160
2412,中華電,87,3,84,中國信託,2023-10-24,6160
2543,皇昌,86,5,81,中國信託,2023-10-24,6160
2317,鴻海,350,273,77,中國信託,2023-10-24,6160
2474,可成,76,4,72,中國信託,2023-10-24,6160
1605,華新,107,35,72,中國信託,2023-10-24,6160
00882,中信中國高股息,72,1,71,中國信託,2023-10-24,6160
2313,華通,88,17,71,中國信託,2023-10-24,6160
3701,大眾控,86,22,64,中國信託,2023-10-24,6160
2887,台新金,75,16,59,中國信託,2023-10-24,6160
1301,台塑,56,0,56,中國信託,2023-10-24,6160
3044,健鼎,71,15,56,中國信託,2023-10-24,6160
1590,亞德客-KY,55,0,55,中國信託,2023-10-24,6160
00885,富邦越南,51,0,51,中國信託,2023-10-24,6160
00922,國泰台灣領袖50,48,0,48,中國信託,2023-10-24,6160
2369,菱生,419,373,46,中國信託,2023-10-24,6160
3706,神達,49,6,43,中國信託,2023-10-24,6160
00751B,元大AAA至A公司債,41,0,41,中國信託,2023-10-24,6160
00688L,國泰20年美債正2,41,0,41,中國信託,2023-10-24,6160
00679B,元大美債20年,46,9,37,中國信託,2023-10-24,6160
2002,中鋼,52,15,37,中國信託,2023-10-24,6160
00900,富邦特選高股息30,47,10,37,中國信託,2023-10-24,6160
1319,東陽,41,5,36,中國信託,2023-10-24,6160
00719B,元大美債1-3,36,0,36,中國信託,2023-10-24,6160
6194,育富,36,0,36,中國信託,2023-10-24,6160
2731,雄獅,42,6,36,中國信託,2023-10-24,6160
1721,三晃,158,123,35,中國信託,2023-10-24,6160
1216,統一,37,5,32,中國信託,2023-10-24,6160
5521,工信,36,4,32,中國信託,2023-10-24,6160
5272,笙科,29,0,29,中國信託,2023-10-24,6160
00932,兆豐永續高息等權,56,29,27,中國信託,2023-10-24,6160
6505,台塑化,27,0,27,中國信託,2023-10-24,6160
6830,汎銓,28,2,26,中國信託,2023-10-24,6160
3548,兆利,43,17,26,中國信託,2023-10-24,6160
4908,前鼎,97,72,25,中國信託,2023-10-24,6160
2317,鴻海,654,32,622,中國信託,2023-10-25,6160
2890,永豐金,600,2,598,中國信託,2023-10-25,6160
00712,復華富時不動產,414,20,394,中國信託,2023-10-25,6160
2515,中工,358,27,331,中國信託,2023-10-25,6160
9105,泰金寶-DR,390,70,320,中國信託,2023-10-25,6160
2330,台積電,302,52,250,中國信託,2023-10-25,6160
00924,復華S＆P500成長,219,12,207,中國信託,2023-10-25,6160
00753L,中信中國50正2,332,150,182,中國信託,2023-10-25,6160
2301,光寶科,145,0,145,中國信託,2023-10-25,6160
00928,中信上櫃ESG30,213,68,145,中國信託,2023-10-25,6160
00901,永豐智能車供應鏈,154,16,138,中國信託,2023-10-25,6160
0056,元大高股息,260,124,136,中國信託,2023-10-25,6160
00632R,元大台灣50反1,127,5,122,中國信託,2023-10-25,6160
2412,中華電,116,0,116,中國信託,2023-10-25,6160
00902,中信電池及儲能,124,9,115,中國信託,2023-10-25,6160
00917,中信特選金融,278,170,108,中國信託,2023-10-25,6160
2409,友達,125,18,107,中國信託,2023-10-25,6160
2888,新光金,156,49,107,中國信託,2023-10-25,6160
5880,合庫金,106,1,105,中國信託,2023-10-25,6160
2324,仁寶,100,1,99,中國信託,2023-10-25,6160
9933,中鼎,105,8,97,中國信託,2023-10-25,6160
1815,富喬,124,27,97,中國信託,2023-10-25,6160
2457,飛宏,101,7,94,中國信託,2023-10-25,6160
3025,星通,149,58,91,中國信託,2023-10-25,6160
00687B,國泰20年美債,113,22,91,中國信託,2023-10-25,6160
2883,凱基金,94,6,88,中國信託,2023-10-25,6160
1101,台泥,91,4,87,中國信託,2023-10-25,6160
00910,第一金太空衛星,114,32,82,中國信託,2023-10-25,6160
3231,緯創,219,140,79,中國信託,2023-10-25,6160
9802,鈺齊-KY,73,1,72,中國信託,2023-10-25,6160
2610,華航,74,3,71,中國信託,2023-10-25,6160
00679B,元大美債20年,76,8,68,中國信託,2023-10-25,6160
2454,聯發科,89,23,66,中國信託,2023-10-25,6160
2308,台達電,65,0,65,中國信託,2023-10-25,6160
2368,金像電,69,13,56,中國信託,2023-10-25,6160
6443,元晶,60,4,56,中國信託,2023-10-25,6160
00751B,元大AAA至A公司債,55,0,55,中國信託,2023-10-25,6160
1313,聯成,54,0,54,中國信託,2023-10-25,6160
1799,易威,53,0,53,中國信託,2023-10-25,6160
2605,新興,54,2,52,中國信託,2023-10-25,6160
6568,宏觀,52,0,52,中國信託,2023-10-25,6160
00887,永豐中國科技50大,125,76,49,中國信託,2023-10-25,6160
00888,永豐台灣ESG,72,24,48,中國信託,2023-10-25,6160
8110,華東,144,98,46,中國信託,2023-10-25,6160
2427,三商電,237,193,44,中國信託,2023-10-25,6160
6757,台灣虎航,47,4,43,中國信託,2023-10-25,6160
2376,技嘉,83,41,42,中國信託,2023-10-25,6160
00720B,元大投資級公司債,41,0,41,中國信託,2023-10-25,6160
00933B,國泰10Y+金融債,40,0,40,中國信託,2023-10-25,6160
6117,迎廣,62,23,39,中國信託,2023-10-25,6160
3711,日月光投控,1360,19,1341,中國信託,2023-10-26,6160
2317,鴻海,713,109,604,中國信託,2023-10-26,6160
2606,裕民,406,6,400,中國信託,2023-10-26,6160
0056,元大高股息,378,32,346,中國信託,2023-10-26,6160
00912,中信臺灣智慧50,423,98,325,中國信託,2023-10-26,6160
00712,復華富時不動產,295,13,282,中國信託,2023-10-26,6160
00881,國泰台灣5G+,277,0,277,中國信託,2023-10-26,6160
00894,中信小資高價30,281,58,223,中國信託,2023-10-26,6160
00680L,元大美債20正2,216,13,203,中國信託,2023-10-26,6160
9105,泰金寶-DR,190,0,190,中國信託,2023-10-26,6160
9933,中鼎,161,5,156,中國信託,2023-10-26,6160
00690,兆豐藍籌30,166,12,154,中國信託,2023-10-26,6160
00687B,國泰20年美債,141,14,127,中國信託,2023-10-26,6160
00888,永豐台灣ESG,201,77,124,中國信託,2023-10-26,6160
2883,凱基金,150,29,121,中國信託,2023-10-26,6160
2801,彰銀,120,0,120,中國信託,2023-10-26,6160
3037,欣興,137,19,118,中國信託,2023-10-26,6160
8069,元太,120,3,117,中國信託,2023-10-26,6160
00922,國泰台灣領袖50,137,29,108,中國信託,2023-10-26,6160
5347,世界,108,3,105,中國信託,2023-10-26,6160
3231,緯創,292,192,100,中國信託,2023-10-26,6160
00671R,富邦NASDAQ反1,140,40,100,中國信託,2023-10-26,6160
3290,東浦,113,14,99,中國信託,2023-10-26,6160
00715L,期街口布蘭特正2,101,2,99,中國信託,2023-10-26,6160
2408,南亞科,108,10,98,中國信託,2023-10-26,6160
00885,富邦越南,111,19,92,中國信託,2023-10-26,6160
00679B,元大美債20年,86,0,86,中國信託,2023-10-26,6160
00795B,中信美國公債20年,580,500,80,中國信託,2023-10-26,6160
00891,中信關鍵半導體,90,12,78,中國信託,2023-10-26,6160
00887,永豐中國科技50大,116,44,72,中國信託,2023-10-26,6160
3094,聯傑,76,5,71,中國信託,2023-10-26,6160
2610,華航,79,13,66,中國信託,2023-10-26,6160
00688L,國泰20年美債正2,66,1,65,中國信託,2023-10-26,6160
00751B,元大AAA至A公司債,71,8,63,中國信託,2023-10-26,6160
00901,永豐智能車供應鏈,120,59,61,中國信託,2023-10-26,6160
2368,金像電,77,18,59,中國信託,2023-10-26,6160
3715,定穎投控,218,165,53,中國信託,2023-10-26,6160
2884,玉山金,57,3,54,中國信託,2023-10-26,6160
2641,正德,50,0,50,中國信託,2023-10-26,6160
8028,昇陽半導體,50,0,50,中國信託,2023-10-26,6160
6770,力積電,59,10,49,中國信託,2023-10-26,6160
5521,工信,49,0,49,中國信託,2023-10-26,6160
00720B,元大投資級公司債,46,2,44,中國信託,2023-10-26,6160
2887,台新金,51,8,43,中國信託,2023-10-26,6160
00931B,統一美債20年,44,2,42,中國信託,2023-10-26,6160
8044,網家,48,8,40,中國信託,2023-10-26,6160
2402,毅嘉,64,25,39,中國信託,2023-10-26,6160
4904,遠傳,40,1,39,中國信託,2023-10-26,6160
00700,富邦�琤肭磪�,105,66,39,中國信託,2023-10-26,6160
6244,茂迪,64,26,38,中國信託,2023-10-26,6160
00885,富邦越南,636,4,632,中國信託,2023-10-27,6160
2892,第一金,337,1,336,中國信託,2023-10-27,6160
3025,星通,331,18,313,中國信託,2023-10-27,6160
00646,元大S＆P500,311,0,311,中國信託,2023-10-27,6160
00632R,元大台灣50反1,311,48,263,中國信託,2023-10-27,6160
1799,易威,238,3,235,中國信託,2023-10-27,6160
2317,鴻海,286,53,233,中國信託,2023-10-27,6160
5876,上海商銀,182,3,179,中國信託,2023-10-27,6160
9105,泰金寶-DR,185,9,176,中國信託,2023-10-27,6160
3711,日月光投控,184,20,164,中國信託,2023-10-27,6160
2344,華邦電,170,16,154,中國信託,2023-10-27,6160
3702,大聯大,153,4,149,中國信託,2023-10-27,6160
2449,京元電子,173,25,148,中國信託,2023-10-27,6160
00712,復華富時不動產,157,12,145,中國信託,2023-10-27,6160
0056,元大高股息,145,13,132,中國信託,2023-10-27,6160
4904,遠傳,127,5,122,中國信託,2023-10-27,6160
2812,台中銀,116,0,116,中國信託,2023-10-27,6160
2393,億光,115,0,115,中國信託,2023-10-27,6160
2412,中華電,123,10,113,中國信託,2023-10-27,6160
00932,兆豐永續高息等權,194,83,111,中國信託,2023-10-27,6160
8150,南茂,113,8,105,中國信託,2023-10-27,6160
5347,世界,103,3,100,中國信託,2023-10-27,6160
6271,同欣電,102,4,98,中國信託,2023-10-27,6160
3663,鑫科,100,2,98,中國信託,2023-10-27,6160
3045,台灣大,95,6,89,中國信託,2023-10-27,6160
8176,智捷,91,5,86,中國信託,2023-10-27,6160
2379,瑞昱,85,1,84,中國信託,2023-10-27,6160
2885,元大金,77,0,77,中國信託,2023-10-27,6160
00690,兆豐藍籌30,74,1,73,中國信託,2023-10-27,6160
4960,誠美材,122,50,72,中國信託,2023-10-27,6160
00637L,元大滬深300正2,58,3,55,中國信託,2023-10-27,6160
00679B,元大美債20年,72,17,55,中國信託,2023-10-27,6160
3264,欣銓,71,23,48,中國信託,2023-10-27,6160
2881,富邦金,52,5,47,中國信託,2023-10-27,6160
3231,緯創,467,421,46,中國信託,2023-10-27,6160
00891,中信關鍵半導體,64,18,46,中國信託,2023-10-27,6160
0050,元大台灣50,264,220,44,中國信託,2023-10-27,6160
00931B,統一美債20年,51,7,44,中國信託,2023-10-27,6160
2476,鉅祥,64,21,43,中國信託,2023-10-27,6160
8110,華東,89,46,43,中國信託,2023-10-27,6160
3682,亞太電,45,2,43,中國信託,2023-10-27,6160
2882,國泰金,42,5,37,中國信託,2023-10-27,6160
3290,東浦,67,31,36,中國信託,2023-10-27,6160
2610,華航,58,22,36,中國信託,2023-10-27,6160
2890,永豐金,35,3,32,中國信託,2023-10-27,6160
00930,永豐ESG低碳高息,32,0,32,中國信託,2023-10-27,6160
2002,中鋼,36,4,32,中國信託,2023-10-27,6160
3363,上詮,50,19,31,中國信託,2023-10-27,6160
6147,頎邦,29,0,29,中國信託,2023-10-27,6160
2886,兆豐金,33,6,27,中國信託,2023-10-27,6160
00929,復華台灣科技優息,1558,214,1344,中國信託,2023-10-30,6160
00930,永豐ESG低碳高息,356,1,355,中國信託,2023-10-30,6160
2317,鴻海,419,101,318,中國信託,2023-10-30,6160
3711,日月光投控,280,23,257,中國信託,2023-10-30,6160
2883,凱基金,267,55,212,中國信託,2023-10-30,6160
2324,仁寶,202,0,202,中國信託,2023-10-30,6160
2882,國泰金,193,2,191,中國信託,2023-10-30,6160
00712,復華富時不動產,183,9,174,中國信託,2023-10-30,6160
2890,永豐金,147,1,146,中國信託,2023-10-30,6160
2615,萬海,182,47,135,中國信託,2023-10-30,6160
2892,第一金,130,1,129,中國信託,2023-10-30,6160
4960,誠美材,200,72,128,中國信託,2023-10-30,6160
2880,華南金,126,0,126,中國信託,2023-10-30,6160
2885,元大金,125,0,125,中國信託,2023-10-30,6160
2887,台新金,138,15,123,中國信託,2023-10-30,6160
3037,欣興,119,2,117,中國信託,2023-10-30,6160
2801,彰銀,115,0,115,中國信託,2023-10-30,6160
2330,台積電,241,131,110,中國信託,2023-10-30,6160
2412,中華電,111,5,106,中國信託,2023-10-30,6160
5347,世界,103,0,103,中國信託,2023-10-30,6160
2886,兆豐金,114,11,103,中國信託,2023-10-30,6160
3044,健鼎,102,1,101,中國信託,2023-10-30,6160
5880,合庫金,104,3,101,中國信託,2023-10-30,6160
00795B,中信美國公債20年,526,439,87,中國信託,2023-10-30,6160
1216,統一,73,1,72,中國信託,2023-10-30,6160
2889,國票金,73,1,72,中國信託,2023-10-30,6160
5213,亞昕,72,0,72,中國信託,2023-10-30,6160
2884,玉山金,76,5,71,中國信託,2023-10-30,6160
1303,南亞,67,0,67,中國信託,2023-10-30,6160
3105,穩懋,67,5,62,中國信託,2023-10-30,6160
0056,元大高股息,104,43,61,中國信託,2023-10-30,6160
3596,智易,60,0,60,中國信託,2023-10-30,6160
00728,第一金工業30,60,1,59,中國信託,2023-10-30,6160
6492,生華科,92,34,58,中國信託,2023-10-30,6160
3231,緯創,144,87,57,中國信託,2023-10-30,6160
5876,上海商銀,54,0,54,中國信託,2023-10-30,6160
3017,奇鋐,62,9,53,中國信託,2023-10-30,6160
2881,富邦金,52,1,51,中國信託,2023-10-30,6160
00751B,元大AAA至A公司債,52,2,50,中國信託,2023-10-30,6160
3663,鑫科,50,0,50,中國信託,2023-10-30,6160
00715L,期街口布蘭特正2,51,1,50,中國信託,2023-10-30,6160
00632R,元大台灣50反1,65,17,48,中國信託,2023-10-30,6160
00679B,元大美債20年,48,1,47,中國信託,2023-10-30,6160
4979,華星光,58,14,44,中國信託,2023-10-30,6160
2891,中信金,107,65,42,中國信託,2023-10-30,6160
1760,寶齡富錦,49,7,42,中國信託,2023-10-30,6160
00701,國泰股利精選30,43,1,42,中國信託,2023-10-30,6160
1301,台塑,40,0,40,中國信託,2023-10-30,6160
00922,國泰台灣領袖50,37,0,37,中國信託,2023-10-30,6160
3045,台灣大,37,0,37,中國信託,2023-10-30,6160
2303,聯電,5240,22,5218,中國信託,2023-10-31,6160
2313,華通,846,23,823,中國信託,2023-10-31,6160
00752,中信中國50,397,47,350,中國信託,2023-10-31,6160
2027,大成鋼,301,0,301,中國信託,2023-10-31,6160
2352,佳世達,295,12,283,中國信託,2023-10-31,6160
00701,國泰股利精選30,266,1,265,中國信託,2023-10-31,6160
00930,永豐ESG低碳高息,222,1,221,中國信託,2023-10-31,6160
2357,華碩,218,2,216,中國信託,2023-10-31,6160
00928,中信上櫃ESG30,596,389,207,中國信託,2023-10-31,6160
2006,東和鋼鐵,193,5,188,中國信託,2023-10-31,6160
00795B,中信美國公債20年,1809,1633,176,中國信託,2023-10-31,6160
00773B,中信優先金融債,528,355,173,中國信託,2023-10-31,6160
2347,聯強,216,51,165,中國信託,2023-10-31,6160
00753L,中信中國50正2,287,128,159,中國信託,2023-10-31,6160
00901,永豐智能車供應鏈,179,24,155,中國信託,2023-10-31,6160
3481,群創,167,19,148,中國信託,2023-10-31,6160
2404,漢唐,145,0,145,中國信託,2023-10-31,6160
2330,台積電,213,81,132,中國信託,2023-10-31,6160
00887,永豐中國科技50大,125,7,118,中國信託,2023-10-31,6160
4979,華星光,153,47,106,中國信託,2023-10-31,6160
00690,兆豐藍籌30,153,54,99,中國信託,2023-10-31,6160
1477,聚陽,100,1,99,中國信託,2023-10-31,6160
00712,復華富時不動產,99,3,96,中國信託,2023-10-31,6160
00751B,元大AAA至A公司債,95,0,95,中國信託,2023-10-31,6160
5347,世界,93,0,93,中國信託,2023-10-31,6160
3715,定穎投控,352,262,90,中國信託,2023-10-31,6160
00902,中信電池及儲能,104,17,87,中國信託,2023-10-31,6160
00885,富邦越南,124,37,87,中國信託,2023-10-31,6160
2344,華邦電,108,26,82,中國信託,2023-10-31,6160
3033,威健,82,0,82,中國信託,2023-10-31,6160
0056,元大高股息,486,404,82,中國信託,2023-10-31,6160
2412,中華電,76,1,75,中國信託,2023-10-31,6160
2891,中信金,86,14,72,中國信託,2023-10-31,6160
1603,華電,104,41,63,中國信託,2023-10-31,6160
00922,國泰台灣領袖50,59,2,57,中國信託,2023-10-31,6160
2890,永豐金,71,16,55,中國信託,2023-10-31,6160
00680L,元大美債20正2,62,7,55,中國信託,2023-10-31,6160
00886,永豐美國科技,55,1,54,中國信託,2023-10-31,6160
2884,玉山金,55,2,53,中國信託,2023-10-31,6160
6244,茂迪,63,10,53,中國信託,2023-10-31,6160
3189,景碩,112,60,52,中國信託,2023-10-31,6160
6278,台表科,54,3,51,中國信託,2023-10-31,6160
6419,京晨科,49,0,49,中國信託,2023-10-31,6160
3596,智易,48,0,48,中國信託,2023-10-31,6160
00900,富邦特選高股息30,55,7,48,中國信託,2023-10-31,6160
8936,國統,60,13,47,中國信託,2023-10-31,6160
2406,國碩,126,79,47,中國信託,2023-10-31,6160
4746,台耀,49,4,45,中國信託,2023-10-31,6160
00720B,元大投資級公司債,45,1,44,中國信託,2023-10-31,6160
2409,友達,53,9,44,中國信託,2023-10-31,6160
00715L,期街口布蘭特正2,667,0,667,中國信託,2023-11-01,6160
2330,台積電,715,52,663,中國信託,2023-11-01,6160
3711,日月光投控,440,50,390,中國信託,2023-11-01,6160
00881,國泰台灣5G+,335,50,285,中國信託,2023-11-01,6160
3231,緯創,372,110,262,中國信託,2023-11-01,6160
00924,復華S＆P500成長,333,78,255,中國信託,2023-11-01,6160
3702,大聯大,395,144,251,中國信託,2023-11-01,6160
00728,第一金工業30,214,1,213,中國信託,2023-11-01,6160
3037,欣興,182,0,182,中國信託,2023-11-01,6160
00632R,元大台灣50反1,181,5,176,中國信託,2023-11-01,6160
4108,懷特,175,1,174,中國信託,2023-11-01,6160
00894,中信小資高價30,277,120,157,中國信託,2023-11-01,6160
2883,凱基金,150,6,144,中國信託,2023-11-01,6160
00932,兆豐永續高息等權,150,17,133,中國信託,2023-11-01,6160
3034,聯詠,142,20,122,中國信託,2023-11-01,6160
00933B,國泰10Y+金融債,160,40,120,中國信託,2023-11-01,6160
2610,華航,151,34,117,中國信託,2023-11-01,6160
00935,野村臺灣新科技50,107,0,107,中國信託,2023-11-01,6160
2377,微星,100,2,98,中國信託,2023-11-01,6160
00679B,元大美債20年,97,1,96,中國信託,2023-11-01,6160
00928,中信上櫃ESG30,273,182,91,中國信託,2023-11-01,6160
2606,裕民,83,0,83,中國信託,2023-11-01,6160
2412,中華電,86,3,83,中國信託,2023-11-01,6160
9933,中鼎,85,6,79,中國信託,2023-11-01,6160
2303,聯電,93,16,77,中國信託,2023-11-01,6160
2458,義隆,76,0,76,中國信託,2023-11-01,6160
3017,奇鋐,90,15,75,中國信託,2023-11-01,6160
00902,中信電池及儲能,75,2,73,中國信託,2023-11-01,6160
2748,雲品,74,2,72,中國信託,2023-11-01,6160
6443,元晶,76,5,71,中國信託,2023-11-01,6160
3227,原相,71,0,71,中國信託,2023-11-01,6160
00712,復華富時不動產,85,15,70,中國信託,2023-11-01,6160
2317,鴻海,79,10,69,中國信託,2023-11-01,6160
1605,華新,71,3,68,中國信託,2023-11-01,6160
3036,文曄,106,44,62,中國信託,2023-11-01,6160
00888,永豐台灣ESG,71,9,62,中國信託,2023-11-01,6160
1101,台泥,69,9,60,中國信託,2023-11-01,6160
2327,國巨,61,1,60,中國信託,2023-11-01,6160
3059,華晶科,61,2,59,中國信託,2023-11-01,6160
2353,宏��,91,33,58,中國信託,2023-11-01,6160
1504,東元,59,1,58,中國信託,2023-11-01,6160
3596,智易,76,19,57,中國信託,2023-11-01,6160
1524,耿鼎,74,19,55,中國信託,2023-11-01,6160
00720B,元大投資級公司債,55,1,54,中國信託,2023-11-01,6160
2885,元大金,54,1,53,中國信託,2023-11-01,6160
3545,敦泰,55,5,50,中國信託,2023-11-01,6160
3533,嘉澤,52,2,50,中國信託,2023-11-01,6160
3005,神基,53,4,49,中國信託,2023-11-01,6160
5213,亞昕,49,0,49,中國信託,2023-11-01,6160
2888,新光金,47,1,46,中國信託,2023-11-01,6160
2606,裕民,1838,6,1832,中國信託,2023-11-02,6160
00929,復華台灣科技優息,3015,1183,1832,中國信託,2023-11-02,6160
2439,美律,940,8,932,中國信託,2023-11-02,6160
00930,永豐ESG低碳高息,874,2,872,中國信託,2023-11-02,6160
00891,中信關鍵半導體,837,29,808,中國信託,2023-11-02,6160
2330,台積電,784,148,636,中國信託,2023-11-02,6160
00881,國泰台灣5G+,359,23,336,中國信託,2023-11-02,6160
6770,力積電,316,12,304,中國信託,2023-11-02,6160
3711,日月光投控,282,2,280,中國信託,2023-11-02,6160
8028,昇陽半導體,229,0,229,中國信託,2023-11-02,6160
00753L,中信中國50正2,422,208,214,中國信託,2023-11-02,6160
00690,兆豐藍籌30,245,33,212,中國信託,2023-11-02,6160
00830,國泰費城半導體,201,0,201,中國信託,2023-11-02,6160
00927,群益半導體收益,202,7,195,中國信託,2023-11-02,6160
2441,超豐,174,0,174,中國信託,2023-11-02,6160
00900,富邦特選高股息30,232,60,172,中國信託,2023-11-02,6160
00904,新光臺灣半導體30,168,1,167,中國信託,2023-11-02,6160
2882,國泰金,180,15,165,中國信託,2023-11-02,6160
00712,復華富時不動產,157,13,144,中國信託,2023-11-02,6160
2412,中華電,154,12,142,中國信託,2023-11-02,6160
9933,中鼎,136,0,136,中國信託,2023-11-02,6160
2329,華泰,127,13,114,中國信託,2023-11-02,6160
00910,第一金太空衛星,110,1,109,中國信託,2023-11-02,6160
3260,威剛,144,35,109,中國信託,2023-11-02,6160
2903,遠百,90,1,89,中國信託,2023-11-02,6160
3715,定穎投控,400,313,87,中國信託,2023-11-02,6160
2834,臺企銀,85,2,83,中國信託,2023-11-02,6160
6411,晶焱,80,1,79,中國信託,2023-11-02,6160
1477,聚陽,81,2,79,中國信託,2023-11-02,6160
00932,兆豐永續高息等權,102,24,78,中國信託,2023-11-02,6160
6239,力成,77,2,75,中國信託,2023-11-02,6160
2884,玉山金,76,6,70,中國信託,2023-11-02,6160
5347,世界,75,6,69,中國信託,2023-11-02,6160
3703,欣陸,75,6,69,中國信託,2023-11-02,6160
3702,大聯大,185,120,65,中國信託,2023-11-02,6160
2427,三商電,73,9,64,中國信託,2023-11-02,6160
2347,聯強,69,6,63,中國信託,2023-11-02,6160
9904,寶成,72,10,62,中國信託,2023-11-02,6160
9802,鈺齊-KY,60,0,60,中國信託,2023-11-02,6160
3663,鑫科,60,1,59,中國信託,2023-11-02,6160
2892,第一金,59,1,58,中國信託,2023-11-02,6160
00864B,中信美國公債0-1,109,53,56,中國信託,2023-11-02,6160
5880,合庫金,58,3,55,中國信託,2023-11-02,6160
2301,光寶科,87,34,53,中國信託,2023-11-02,6160
5483,中美晶,65,14,51,中國信託,2023-11-02,6160
1101,台泥,62,12,50,中國信託,2023-11-02,6160
00670L,富邦NASDAQ正2,49,0,49,中國信託,2023-11-02,6160
2812,台中銀,50,3,47,中國信託,2023-11-02,6160
2542,興富發,48,1,47,中國信託,2023-11-02,6160
2317,鴻海,79,33,46,中國信託,2023-11-02,6160
2618,長榮航,2741,647,2094,中國信託,2023-11-03,6160
00715L,期街口布蘭特正2,1131,2,1129,中國信託,2023-11-03,6160
2330,台積電,565,37,528,中國信託,2023-11-03,6160
0050,元大台灣50,435,34,401,中國信託,2023-11-03,6160
2317,鴻海,399,60,339,中國信託,2023-11-03,6160
00753L,中信中國50正2,391,119,272,中國信託,2023-11-03,6160
2363,矽統,782,515,267,中國信託,2023-11-03,6160
2356,英業達,294,37,257,中國信託,2023-11-03,6160
00900,富邦特選高股息30,276,29,247,中國信託,2023-11-03,6160
3231,緯創,269,63,206,中國信託,2023-11-03,6160
00927,群益半導體收益,185,6,179,中國信託,2023-11-03,6160
00924,復華S＆P500成長,166,6,160,中國信託,2023-11-03,6160
1815,富喬,373,224,149,中國信託,2023-11-03,6160
00679B,元大美債20年,578,436,142,中國信託,2023-11-03,6160
00690,兆豐藍籌30,173,32,141,中國信託,2023-11-03,6160
00928,中信上櫃ESG30,240,106,134,中國信託,2023-11-03,6160
00680L,元大美債20正2,211,84,127,中國信託,2023-11-03,6160
9938,百和,128,12,116,中國信託,2023-11-03,6160
00687B,國泰20年美債,130,23,107,中國信託,2023-11-03,6160
1604,聲寶,105,1,104,中國信託,2023-11-03,6160
2324,仁寶,107,16,91,中國信託,2023-11-03,6160
1524,耿鼎,148,63,85,中國信託,2023-11-03,6160
3704,合勤控,92,12,80,中國信託,2023-11-03,6160
2412,中華電,77,1,76,中國信託,2023-11-03,6160
9802,鈺齊-KY,73,0,73,中國信託,2023-11-03,6160
3006,晶豪科,88,17,71,中國信託,2023-11-03,6160
2301,光寶科,95,24,71,中國信託,2023-11-03,6160
00931B,統一美債20年,119,51,68,中國信託,2023-11-03,6160
2382,廣達,109,42,67,中國信託,2023-11-03,6160
8069,元太,63,2,61,中國信託,2023-11-03,6160
8936,國統,133,72,61,中國信託,2023-11-03,6160
4162,智擎,71,11,60,中國信託,2023-11-03,6160
3596,智易,62,3,59,中國信託,2023-11-03,6160
00919,群益台灣精選高息,128,70,58,中國信託,2023-11-03,6160
00934,中信成長高股息,263,208,55,中國信託,2023-11-03,6160
8110,華東,53,1,52,中國信託,2023-11-03,6160
3322,建舜電,108,58,50,中國信託,2023-11-03,6160
00933B,國泰10Y+金融債,65,15,50,中國信託,2023-11-03,6160
911868,同方友友-DR,50,0,50,中國信託,2023-11-03,6160
00712,復華富時不動產,102,53,49,中國信託,2023-11-03,6160
00881,國泰台灣5G+,50,1,49,中國信託,2023-11-03,6160
6285,啟��,110,69,41,中國信託,2023-11-03,6160
2888,新光金,51,11,40,中國信託,2023-11-03,6160
00795B,中信美國公債20年,43,4,39,中國信託,2023-11-03,6160
8150,南茂,61,24,37,中國信託,2023-11-03,6160
9105,泰金寶-DR,43,8,35,中國信託,2023-11-03,6160
8085,福華,36,2,34,中國信託,2023-11-03,6160
2427,三商電,39,6,33,中國信託,2023-11-03,6160
6235,華孚,74,43,31,中國信託,2023-11-03,6160
6441,廣錠,31,0,31,中國信託,2023-11-03,6160
9924,福興,2044,8,2036,中國信託,2023-11-06,6160
00864B,中信美國公債0-1,1216,148,1068,中國信託,2023-11-06,6160
00927,群益半導體收益,897,42,855,中國信託,2023-11-06,6160
00632R,元大台灣50反1,752,35,717,中國信託,2023-11-06,6160
00671R,富邦NASDAQ反1,687,0,687,中國信託,2023-11-06,6160
00900,富邦特選高股息30,565,44,521,中國信託,2023-11-06,6160
00892,富邦台灣半導體,460,45,415,中國信託,2023-11-06,6160
1101,台泥,388,9,379,中國信託,2023-11-06,6160
2885,元大金,329,10,319,中國信託,2023-11-06,6160
0056,元大高股息,465,168,297,中國信託,2023-11-06,6160
00930,永豐ESG低碳高息,300,62,238,中國信託,2023-11-06,6160
00923,群益台ESG低碳50,309,83,226,中國信託,2023-11-06,6160
3376,新日興,231,15,216,中國信託,2023-11-06,6160
00910,第一金太空衛星,319,106,213,中國信託,2023-11-06,6160
1809,中釉,213,1,212,中國信託,2023-11-06,6160
00679B,元大美債20年,160,12,148,中國信託,2023-11-06,6160
00904,新光臺灣半導體30,140,2,138,中國信託,2023-11-06,6160
00773B,中信優先金融債,826,705,121,中國信託,2023-11-06,6160
3704,合勤控,156,39,117,中國信託,2023-11-06,6160
00772B,中信高評級公司債,112,11,101,中國信託,2023-11-06,6160
6770,力積電,114,22,92,中國信託,2023-11-06,6160
2308,台達電,109,21,88,中國信託,2023-11-06,6160
6284,佳邦,89,2,87,中國信託,2023-11-06,6160
1560,中砂,113,27,86,中國信託,2023-11-06,6160
5371,中光電,102,17,85,中國信託,2023-11-06,6160
2486,一詮,162,80,82,中國信託,2023-11-06,6160
2388,威盛,371,291,80,中國信託,2023-11-06,6160
5258,虹堡,203,125,78,中國信託,2023-11-06,6160
2317,鴻海,108,33,75,中國信託,2023-11-06,6160
2476,鉅祥,75,1,74,中國信託,2023-11-06,6160
3017,奇鋐,164,91,73,中國信託,2023-11-06,6160
6603,富強鑫,88,21,67,中國信託,2023-11-06,6160
9933,中鼎,86,19,67,中國信託,2023-11-06,6160
6147,頎邦,77,12,65,中國信託,2023-11-06,6160
2301,光寶科,113,48,65,中國信託,2023-11-06,6160
2412,中華電,78,15,63,中國信託,2023-11-06,6160
1402,遠東新,59,0,59,中國信託,2023-11-06,6160
4908,前鼎,102,51,51,中國信託,2023-11-06,6160
00680L,元大美債20正2,63,15,48,中國信託,2023-11-06,6160
3013,晟銘電,55,7,48,中國信託,2023-11-06,6160
00712,復華富時不動產,90,42,48,中國信託,2023-11-06,6160
2836,高雄銀,48,1,47,中國信託,2023-11-06,6160
1721,三晃,224,178,46,中國信託,2023-11-06,6160
3030,德律,46,2,44,中國信託,2023-11-06,6160
2867,三商壽,56,13,43,中國信託,2023-11-06,6160
00720B,元大投資級公司債,41,2,39,中國信託,2023-11-06,6160
2610,華航,214,177,37,中國信託,2023-11-06,6160
2401,凌陽,51,14,37,中國信託,2023-11-06,6160
6274,台燿,59,23,36,中國信託,2023-11-06,6160
9802,鈺齊-KY,36,0,36,中國信託,2023-11-06,6160
0056,元大高股息,1420,74,1346,中國信託,2023-11-07,6160
2891,中信金,545,17,528,中國信託,2023-11-07,6160
00902,中信電池及儲能,453,42,411,中國信託,2023-11-07,6160
00892,富邦台灣半導體,452,45,407,中國信託,2023-11-07,6160
0050,元大台灣50,641,249,392,中國信託,2023-11-07,6160
2886,兆豐金,405,13,392,中國信託,2023-11-07,6160
00927,群益半導體收益,382,4,378,中國信託,2023-11-07,6160
1605,華新,348,5,343,中國信託,2023-11-07,6160
00904,新光臺灣半導體30,301,0,301,中國信託,2023-11-07,6160
9924,福興,203,2,201,中國信託,2023-11-07,6160
00910,第一金太空衛星,199,5,194,中國信託,2023-11-07,6160
4743,合一,190,19,171,中國信託,2023-11-07,6160
00753L,中信中國50正2,182,38,144,中國信託,2023-11-07,6160
2610,華航,155,15,140,中國信託,2023-11-07,6160
00690,兆豐藍籌30,239,125,114,中國信託,2023-11-07,6160
2486,一詮,117,22,95,中國信託,2023-11-07,6160
2002,中鋼,100,9,91,中國信託,2023-11-07,6160
00881,國泰台灣5G+,98,8,90,中國信託,2023-11-07,6160
00887,永豐中國科技50大,166,86,80,中國信託,2023-11-07,6160
2412,中華電,75,0,75,中國信託,2023-11-07,6160
2059,川湖,77,12,65,中國信託,2023-11-07,6160
00679B,元大美債20年,94,32,62,中國信託,2023-11-07,6160
1815,富喬,382,321,61,中國信託,2023-11-07,6160
6202,盛群,60,0,60,中國信託,2023-11-07,6160
3491,昇達科,61,2,59,中國信託,2023-11-07,6160
6443,元晶,61,2,59,中國信託,2023-11-07,6160
1319,東陽,62,3,59,中國信託,2023-11-07,6160
00632R,元大台灣50反1,58,0,58,中國信託,2023-11-07,6160
2408,南亞科,121,63,58,中國信託,2023-11-07,6160
5289,宜鼎,61,3,58,中國信託,2023-11-07,6160
00671R,富邦NASDAQ反1,56,0,56,中國信託,2023-11-07,6160
8086,宏捷科,107,53,54,中國信託,2023-11-07,6160
3017,奇鋐,60,8,52,中國信託,2023-11-07,6160
2883,凱基金,53,4,49,中國信託,2023-11-07,6160
00680L,元大美債20正2,49,0,49,中國信託,2023-11-07,6160
2836,高雄銀,49,0,49,中國信託,2023-11-07,6160
2363,矽統,428,379,49,中國信託,2023-11-07,6160
9933,中鼎,79,31,48,中國信託,2023-11-07,6160
2382,廣達,71,25,46,中國信託,2023-11-07,6160
3702,大聯大,113,71,42,中國信託,2023-11-07,6160
5521,工信,42,1,41,中國信託,2023-11-07,6160
00891,中信關鍵半導體,46,5,41,中國信託,2023-11-07,6160
3483,力致,41,3,38,中國信託,2023-11-07,6160
3481,群創,63,26,37,中國信託,2023-11-07,6160
00933B,國泰10Y+金融債,41,4,37,中國信託,2023-11-07,6160
4746,台耀,40,3,37,中國信託,2023-11-07,6160
3704,合勤控,51,15,36,中國信託,2023-11-07,6160
3030,德律,46,10,36,中國信託,2023-11-07,6160
6418,詠昇,41,5,36,中國信託,2023-11-07,6160
4162,智擎,61,26,35,中國信託,2023-11-07,6160
00892,富邦台灣半導體,1329,6,1323,中國信託,2023-11-08,6160
0056,元大高股息,1464,520,944,中國信託,2023-11-08,6160
00927,群益半導體收益,426,53,373,中國信託,2023-11-08,6160
3231,緯創,719,382,337,中國信託,2023-11-08,6160
00715L,期街口布蘭特正2,661,331,330,中國信託,2023-11-08,6160
00910,第一金太空衛星,519,209,310,中國信託,2023-11-08,6160
00904,新光臺灣半導體30,274,12,262,中國信託,2023-11-08,6160
2353,宏��,269,15,254,中國信託,2023-11-08,6160
6284,佳邦,250,46,204,中國信託,2023-11-08,6160
2317,鴻海,216,22,194,中國信託,2023-11-08,6160
00894,中信小資高價30,218,28,190,中國信託,2023-11-08,6160
3325,旭品,212,30,182,中國信託,2023-11-08,6160
00888,永豐台灣ESG,199,20,179,中國信託,2023-11-08,6160
5258,虹堡,253,75,178,中國信託,2023-11-08,6160
00864B,中信美國公債0-1,497,324,173,中國信託,2023-11-08,6160
2330,台積電,220,49,171,中國信託,2023-11-08,6160
3030,德律,136,0,136,中國信託,2023-11-08,6160
2610,華航,142,12,130,中國信託,2023-11-08,6160
5347,世界,136,9,127,中國信託,2023-11-08,6160
2376,技嘉,178,57,121,中國信託,2023-11-08,6160
3702,大聯大,123,3,120,中國信託,2023-11-08,6160
4968,立積,113,0,113,中國信託,2023-11-08,6160
00924,復華S＆P500成長,113,0,113,中國信託,2023-11-08,6160
00928,中信上櫃ESG30,266,163,103,中國信託,2023-11-08,6160
2313,華通,139,48,91,中國信託,2023-11-08,6160
3663,鑫科,90,1,89,中國信託,2023-11-08,6160
2618,長榮航,196,107,89,中國信託,2023-11-08,6160
00913,兆豐台灣晶圓製造,98,10,88,中國信託,2023-11-08,6160
00679B,元大美債20年,99,14,85,中國信託,2023-11-08,6160
00923,群益台ESG低碳50,100,18,82,中國信託,2023-11-08,6160
2548,華固,76,0,76,中國信託,2023-11-08,6160
00795B,中信美國公債20年,728,654,74,中國信託,2023-11-08,6160
6446,藥華藥,84,11,73,中國信託,2023-11-08,6160
6147,頎邦,79,8,71,中國信託,2023-11-08,6160
9933,中鼎,89,20,69,中國信託,2023-11-08,6160
2615,萬海,66,0,66,中國信託,2023-11-08,6160
8112,至上,55,1,54,中國信託,2023-11-08,6160
3548,兆利,60,9,51,中國信託,2023-11-08,6160
1532,勤美,50,0,50,中國信託,2023-11-08,6160
2520,冠德,50,0,50,中國信託,2023-11-08,6160
3376,新日興,93,44,49,中國信託,2023-11-08,6160
2836,高雄銀,49,0,49,中國信託,2023-11-08,6160
3711,日月光投控,46,0,46,中國信託,2023-11-08,6160
00902,中信電池及儲能,119,74,45,中國信託,2023-11-08,6160
00690,兆豐藍籌30,88,43,45,中國信託,2023-11-08,6160
00671R,富邦NASDAQ反1,44,0,44,中國信託,2023-11-08,6160
6117,迎廣,251,209,42,中國信託,2023-11-08,6160
3036,文曄,127,86,41,中國信託,2023-11-08,6160
4743,合一,156,116,40,中國信託,2023-11-08,6160
2457,飛宏,45,5,40,中國信託,2023-11-08,6160
0056,元大高股息,2004,176,1828,中國信託,2023-11-09,6160
3231,緯創,752,255,497,中國信託,2023-11-09,6160
00892,富邦台灣半導體,487,1,486,中國信託,2023-11-09,6160
2313,華通,478,55,423,中國信託,2023-11-09,6160
00881,國泰台灣5G+,399,6,393,中國信託,2023-11-09,6160
00900,富邦特選高股息30,333,55,278,中國信託,2023-11-09,6160
2618,長榮航,355,104,251,中國信託,2023-11-09,6160
00932,兆豐永續高息等權,190,15,175,中國信託,2023-11-09,6160
00922,國泰台灣領袖50,178,8,170,中國信託,2023-11-09,6160
00904,新光臺灣半導體30,164,14,150,中國信託,2023-11-09,6160
00864B,中信美國公債0-1,216,72,144,中國信託,2023-11-09,6160
2330,台積電,143,22,121,中國信託,2023-11-09,6160
00679B,元大美債20年,134,17,117,中國信託,2023-11-09,6160
5347,世界,114,0,114,中國信託,2023-11-09,6160
2412,中華電,100,1,99,中國信託,2023-11-09,6160
2884,玉山金,106,14,92,中國信託,2023-11-09,6160
00680L,元大美債20正2,95,11,84,中國信託,2023-11-09,6160
00927,群益半導體收益,142,62,80,中國信託,2023-11-09,6160
5880,合庫金,78,1,77,中國信託,2023-11-09,6160
6284,佳邦,112,38,74,中國信託,2023-11-09,6160
2887,台新金,81,10,71,中國信託,2023-11-09,6160
2880,華南金,70,1,69,中國信託,2023-11-09,6160
3702,大聯大,122,53,69,中國信託,2023-11-09,6160
1101,台泥,68,5,63,中國信託,2023-11-09,6160
3546,宇峻,60,0,60,中國信託,2023-11-09,6160
00688L,國泰20年美債正2,54,0,54,中國信託,2023-11-09,6160
6138,茂達,65,13,52,中國信託,2023-11-09,6160
8044,網家,51,0,51,中國信託,2023-11-09,6160
9910,豐泰,51,0,51,中國信託,2023-11-09,6160
1722,台肥,50,0,50,中國信託,2023-11-09,6160
2610,華航,140,91,49,中國信託,2023-11-09,6160
00891,中信關鍵半導體,68,20,48,中國信託,2023-11-09,6160
3041,揚智,131,87,44,中國信託,2023-11-09,6160
8112,至上,43,0,43,中國信託,2023-11-09,6160
00642U,期元大S＆P石油,44,1,43,中國信託,2023-11-09,6160
2317,鴻海,92,50,42,中國信託,2023-11-09,6160
00696B,富邦美債20年,40,0,40,中國信託,2023-11-09,6160
6147,頎邦,45,6,39,中國信託,2023-11-09,6160
1568,倉佑,44,6,38,中國信託,2023-11-09,6160
4960,誠美材,43,7,36,中國信託,2023-11-09,6160
2369,菱生,53,17,36,中國信託,2023-11-09,6160
00687B,國泰20年美債,75,41,34,中國信託,2023-11-09,6160
9933,中鼎,80,48,32,中國信託,2023-11-09,6160
3322,建舜電,35,3,32,中國信託,2023-11-09,6160
3047,訊舟,31,0,31,中國信託,2023-11-09,6160
5521,工信,51,22,29,中國信託,2023-11-09,6160
2801,彰銀,30,1,29,中國信託,2023-11-09,6160
2338,光罩,38,11,27,中國信託,2023-11-09,6160
6244,茂迪,30,3,27,中國信託,2023-11-09,6160
1560,中砂,33,7,26,中國信託,2023-11-09,6160
0056,元大高股息,1590,233,1357,中國信託,2023-11-10,6160
00892,富邦台灣半導體,766,0,766,中國信託,2023-11-10,6160
2301,光寶科,575,33,542,中國信託,2023-11-10,6160
3715,定穎投控,539,54,485,中國信託,2023-11-10,6160
0050,元大台灣50,512,164,348,中國信託,2023-11-10,6160
00881,國泰台灣5G+,316,3,313,中國信託,2023-11-10,6160
3231,緯創,531,277,254,中國信託,2023-11-10,6160
00752,中信中國50,227,20,207,中國信託,2023-11-10,6160
00921,兆豐龍頭等權重,200,2,198,中國信託,2023-11-10,6160
2723,美食-KY,171,1,170,中國信託,2023-11-10,6160
00923,群益台ESG低碳50,146,1,145,中國信託,2023-11-10,6160
6415,矽力*-KY,156,24,132,中國信託,2023-11-10,6160
2610,華航,126,4,122,中國信託,2023-11-10,6160
00701,國泰股利精選30,121,0,121,中國信託,2023-11-10,6160
2382,廣達,183,68,115,中國信託,2023-11-10,6160
2368,金像電,161,49,112,中國信託,2023-11-10,6160
00679B,元大美債20年,115,7,108,中國信託,2023-11-10,6160
2363,矽統,418,323,95,中國信託,2023-11-10,6160
2330,台積電,350,259,91,中國信託,2023-11-10,6160
6538,倉和,89,2,87,中國信託,2023-11-10,6160
00673R,期元大S＆P原油反1,100,20,80,中國信託,2023-11-10,6160
1815,富喬,91,18,73,中國信託,2023-11-10,6160
00688L,國泰20年美債正2,83,10,73,中國信託,2023-11-10,6160
9933,中鼎,82,10,72,中國信託,2023-11-10,6160
00687B,國泰20年美債,78,7,71,中國信託,2023-11-10,6160
00913,兆豐台灣晶圓製造,77,11,66,中國信託,2023-11-10,6160
2867,三商壽,71,5,66,中國信託,2023-11-10,6160
00712,復華富時不動產,73,10,63,中國信託,2023-11-10,6160
00720B,元大投資級公司債,54,1,53,中國信託,2023-11-10,6160
2497,怡利電,50,0,50,中國信託,2023-11-10,6160
2412,中華電,79,30,49,中國信託,2023-11-10,6160
00902,中信電池及儲能,56,8,48,中國信託,2023-11-10,6160
6147,頎邦,46,1,45,中國信託,2023-11-10,6160
00933B,國泰10Y+金融債,50,7,43,中國信託,2023-11-10,6160
3030,德律,43,0,43,中國信託,2023-11-10,6160
6901,鑽石投資,70,28,42,中國信託,2023-11-10,6160
9924,福興,41,0,41,中國信託,2023-11-10,6160
00927,群益半導體收益,40,0,40,中國信託,2023-11-10,6160
00751B,元大AAA至A公司債,40,0,40,中國信託,2023-11-10,6160
3325,旭品,54,15,39,中國信託,2023-11-10,6160
4746,台耀,44,6,38,中國信託,2023-11-10,6160
6117,迎廣,143,105,38,中國信託,2023-11-10,6160
2241,艾姆勒,37,0,37,中國信託,2023-11-10,6160
00852L,國泰美國道瓊正2,37,0,37,中國信託,2023-11-10,6160
2465,麗臺,37,1,36,中國信託,2023-11-10,6160
2530,華建,36,0,36,中國信託,2023-11-10,6160
00719B,元大美債1-3,31,0,31,中國信託,2023-11-10,6160
3701,大眾控,30,0,30,中國信託,2023-11-10,6160
6213,聯茂,60,30,30,中國信託,2023-11-10,6160
1515,力山,85,55,30,中國信託,2023-11-10,6160
00892,富邦台灣半導體,832,7,825,中國信託,2023-11-13,6160
006208,富邦台50,518,28,490,中國信託,2023-11-13,6160
0050,元大台灣50,766,282,484,中國信託,2023-11-13,6160
00881,國泰台灣5G+,487,50,437,中國信託,2023-11-13,6160
2353,宏��,402,2,400,中國信託,2023-11-13,6160
8110,華東,346,4,342,中國信託,2023-11-13,6160
00927,群益半導體收益,299,16,283,中國信託,2023-11-13,6160
00923,群益台ESG低碳50,308,37,271,中國信託,2023-11-13,6160
9958,世紀鋼,283,14,269,中國信託,2023-11-13,6160
00902,中信電池及儲能,261,2,259,中國信託,2023-11-13,6160
00928,中信上櫃ESG30,337,96,241,中國信託,2023-11-13,6160
00679B,元大美債20年,192,4,188,中國信託,2023-11-13,6160
6538,倉和,167,0,167,中國信託,2023-11-13,6160
2610,華航,169,17,152,中國信託,2023-11-13,6160
2618,長榮航,205,57,148,中國信託,2023-11-13,6160
3048,益登,150,3,147,中國信託,2023-11-13,6160
00900,富邦特選高股息30,146,2,144,中國信託,2023-11-13,6160
00912,中信臺灣智慧50,130,18,112,中國信託,2023-11-13,6160
00932,兆豐永續高息等權,101,3,98,中國信託,2023-11-13,6160
00795B,中信美國公債20年,600,505,95,中國信託,2023-11-13,6160
9933,中鼎,89,0,89,中國信託,2023-11-13,6160
00665L,富邦�琤肭磪囓�2,86,0,86,中國信託,2023-11-13,6160
6235,華孚,122,37,85,中國信託,2023-11-13,6160
2412,中華電,83,0,83,中國信託,2023-11-13,6160
00924,復華S＆P500成長,240,158,82,中國信託,2023-11-13,6160
00687B,國泰20年美債,90,11,79,中國信託,2023-11-13,6160
00772B,中信高評級公司債,80,6,74,中國信託,2023-11-13,6160
3715,定穎投控,90,16,74,中國信託,2023-11-13,6160
00917,中信特選金融,107,39,68,中國信託,2023-11-13,6160
1459,聯發,66,0,66,中國信託,2023-11-13,6160
4746,台耀,64,0,64,中國信託,2023-11-13,6160
2329,華泰,157,95,62,中國信託,2023-11-13,6160
9105,泰金寶-DR,61,0,61,中國信託,2023-11-13,6160
2888,新光金,84,25,59,中國信託,2023-11-13,6160
2317,鴻海,75,17,58,中國信託,2023-11-13,6160
00690,兆豐藍籌30,139,81,58,中國信託,2023-11-13,6160
2402,毅嘉,118,61,57,中國信託,2023-11-13,6160
3015,全漢,52,0,52,中國信託,2023-11-13,6160
2880,華南金,51,1,50,中國信託,2023-11-13,6160
6117,迎廣,122,72,50,中國信託,2023-11-13,6160
3032,偉訓,54,5,49,中國信託,2023-11-13,6160
5465,富驊,50,2,48,中國信託,2023-11-13,6160
2881,富邦金,54,7,47,中國信託,2023-11-13,6160
4960,誠美材,53,6,47,中國信託,2023-11-13,6160
00720B,元大投資級公司債,46,0,46,中國信託,2023-11-13,6160
3030,德律,46,0,46,中國信託,2023-11-13,6160
2543,皇昌,105,60,45,中國信託,2023-11-13,6160
5521,工信,45,0,45,中國信託,2023-11-13,6160
6147,頎邦,61,17,44,中國信託,2023-11-13,6160
6290,良維,63,24,39,中國信託,2023-11-13,6160
0056,元大高股息,4585,93,4492,中國信託,2023-11-14,6160
00929,復華台灣科技優息,1357,217,1140,中國信託,2023-11-14,6160
00715L,期街口布蘭特正2,874,11,863,中國信託,2023-11-14,6160
00900,富邦特選高股息30,706,31,675,中國信託,2023-11-14,6160
00928,中信上櫃ESG30,715,93,622,中國信託,2023-11-14,6160
2634,漢翔,455,7,448,中國信託,2023-11-14,6160
006208,富邦台50,358,49,309,中國信託,2023-11-14,6160
00864B,中信美國公債0-1,325,30,295,中國信託,2023-11-14,6160
3596,智易,290,2,288,中國信託,2023-11-14,6160
2317,鴻海,429,158,271,中國信託,2023-11-14,6160
00752,中信中國50,220,7,213,中國信託,2023-11-14,6160
3005,神基,172,22,150,中國信託,2023-11-14,6160
3715,定穎投控,176,52,124,中國信託,2023-11-14,6160
2330,台積電,195,71,124,中國信託,2023-11-14,6160
2417,圓剛,348,245,103,中國信託,2023-11-14,6160
2543,皇昌,149,46,103,中國信託,2023-11-14,6160
00753L,中信中國50正2,210,108,102,中國信託,2023-11-14,6160
00912,中信臺灣智慧50,94,1,93,中國信託,2023-11-14,6160
6799,來頡,93,2,91,中國信託,2023-11-14,6160
2610,華航,135,50,85,中國信託,2023-11-14,6160
00891,中信關鍵半導體,102,26,76,中國信託,2023-11-14,6160
2618,長榮航,116,42,74,中國信託,2023-11-14,6160
00887,永豐中國科技50大,92,22,70,中國信託,2023-11-14,6160
2603,長榮,159,89,70,中國信託,2023-11-14,6160
2313,華通,165,97,68,中國信託,2023-11-14,6160
3030,德律,65,0,65,中國信託,2023-11-14,6160
2308,台達電,65,0,65,中國信託,2023-11-14,6160
00670L,富邦NASDAQ正2,60,0,60,中國信託,2023-11-14,6160
00679B,元大美債20年,59,1,58,中國信託,2023-11-14,6160
00671R,富邦NASDAQ反1,61,5,56,中國信託,2023-11-14,6160
3006,晶豪科,72,16,56,中國信託,2023-11-14,6160
6538,倉和,53,0,53,中國信託,2023-11-14,6160
3015,全漢,53,1,52,中國信託,2023-11-14,6160
8234,新漢,52,1,51,中國信託,2023-11-14,6160
2492,華新科,54,3,51,中國信託,2023-11-14,6160
3036,文曄,103,53,50,中國信託,2023-11-14,6160
00915,凱基優選高股息30,51,1,50,中國信託,2023-11-14,6160
3515,華擎,50,0,50,中國信託,2023-11-14,6160
1504,東元,64,14,50,中國信託,2023-11-14,6160
00687B,國泰20年美債,63,13,50,中國信託,2023-11-14,6160
3704,合勤控,56,7,49,中國信託,2023-11-14,6160
00892,富邦台灣半導體,51,7,44,中國信託,2023-11-14,6160
00720B,元大投資級公司債,43,0,43,中國信託,2023-11-14,6160
2002,中鋼,48,5,43,中國信託,2023-11-14,6160
2892,第一金,43,1,42,中國信託,2023-11-14,6160
2884,玉山金,60,19,41,中國信託,2023-11-14,6160
2363,矽統,140,100,40,中國信託,2023-11-14,6160
2103,台橡,40,0,40,中國信託,2023-11-14,6160
00680L,元大美債20正2,35,0,35,中國信託,2023-11-14,6160
2464,盟立,34,0,34,中國信託,2023-11-14,6160
2882,國泰金,1004,62,942,中國信託,2023-11-15,6160
00900,富邦特選高股息30,945,156,789,中國信託,2023-11-15,6160
0050,元大台灣50,1051,504,547,中國信託,2023-11-15,6160
006208,富邦台50,475,29,446,中國信託,2023-11-15,6160
00881,國泰台灣5G+,469,48,421,中國信託,2023-11-15,6160
00864B,中信美國公債0-1,370,18,352,中國信託,2023-11-15,6160
3596,智易,305,17,288,中國信託,2023-11-15,6160
4746,台耀,297,13,284,中國信託,2023-11-15,6160
2377,微星,303,25,278,中國信託,2023-11-15,6160
00924,復華S＆P500成長,379,109,270,中國信託,2023-11-15,6160
00929,復華台灣科技優息,525,279,246,中國信託,2023-11-15,6160
00679B,元大美債20年,261,39,222,中國信託,2023-11-15,6160
00696B,富邦美債20年,204,0,204,中國信託,2023-11-15,6160
00680L,元大美債20正2,272,76,196,中國信託,2023-11-15,6160
4919,新唐,243,56,187,中國信託,2023-11-15,6160
00928,中信上櫃ESG30,234,58,176,中國信託,2023-11-15,6160
2382,廣達,291,129,162,中國信託,2023-11-15,6160
2301,光寶科,493,361,132,中國信託,2023-11-15,6160
00917,中信特選金融,120,0,120,中國信託,2023-11-15,6160
6603,富強鑫,178,63,115,中國信託,2023-11-15,6160
0056,元大高股息,535,435,100,中國信託,2023-11-15,6160
00932,兆豐永續高息等權,110,12,98,中國信託,2023-11-15,6160
9802,鈺齊-KY,90,1,89,中國信託,2023-11-15,6160
00892,富邦台灣半導體,97,9,88,中國信託,2023-11-15,6160
00720B,元大投資級公司債,108,21,87,中國信託,2023-11-15,6160
2421,建準,94,7,87,中國信託,2023-11-15,6160
1815,富喬,203,118,85,中國信託,2023-11-15,6160
00886,永豐美國科技,85,0,85,中國信託,2023-11-15,6160
00795B,中信美國公債20年,705,620,85,中國信託,2023-11-15,6160
2371,大同,100,17,83,中國信託,2023-11-15,6160
3078,僑威,86,7,79,中國信託,2023-11-15,6160
2610,華航,181,110,71,中國信託,2023-11-15,6160
00752,中信中國50,125,59,66,中國信託,2023-11-15,6160
3325,旭品,70,4,66,中國信託,2023-11-15,6160
00773B,中信優先金融債,72,8,64,中國信託,2023-11-15,6160
6113,亞矽,64,2,62,中國信託,2023-11-15,6160
00719B,元大美債1-3,62,1,61,中國信託,2023-11-15,6160
2106,建大,62,3,59,中國信託,2023-11-15,6160
3030,德律,56,0,56,中國信託,2023-11-15,6160
2618,長榮航,297,242,55,中國信託,2023-11-15,6160
00687B,國泰20年美債,56,3,53,中國信託,2023-11-15,6160
2492,華新科,55,5,50,中國信託,2023-11-15,6160
3015,全漢,53,4,49,中國信託,2023-11-15,6160
3006,晶豪科,115,66,49,中國信託,2023-11-15,6160
6274,台燿,88,40,48,中國信託,2023-11-15,6160
3305,昇貿,83,35,48,中國信託,2023-11-15,6160
00934,中信成長高股息,107,60,47,中國信託,2023-11-15,6160
8996,高力,80,34,46,中國信託,2023-11-15,6160
00690,兆豐藍籌30,164,118,46,中國信託,2023-11-15,6160
1609,大亞,47,2,45,中國信託,2023-11-15,6160
00753L,中信中國50正2,1959,444,1515,中國信託,2023-11-16,6160
00907,永豐優息存股,985,37,948,中國信託,2023-11-16,6160
00881,國泰台灣5G+,708,5,703,中國信託,2023-11-16,6160
00752,中信中國50,720,114,606,中國信託,2023-11-16,6160
00701,國泰股利精選30,546,2,544,中國信託,2023-11-16,6160
0056,元大高股息,913,381,532,中國信託,2023-11-16,6160
00713,元大台灣高息低波,498,5,493,中國信託,2023-11-16,6160
00864B,中信美國公債0-1,482,83,399,中國信託,2023-11-16,6160
00680L,元大美債20正2,298,15,283,中國信託,2023-11-16,6160
00679B,元大美債20年,277,2,275,中國信託,2023-11-16,6160
00888,永豐台灣ESG,399,147,252,中國信託,2023-11-16,6160
00932,兆豐永續高息等權,257,5,252,中國信託,2023-11-16,6160
6757,台灣虎航,213,0,213,中國信託,2023-11-16,6160
3548,兆利,254,51,203,中國信託,2023-11-16,6160
2330,台積電,280,102,178,中國信託,2023-11-16,6160
2891,中信金,393,225,168,中國信託,2023-11-16,6160
00751B,元大AAA至A公司債,161,0,161,中國信託,2023-11-16,6160
00720B,元大投資級公司債,161,0,161,中國信託,2023-11-16,6160
00924,復華S＆P500成長,172,20,152,中國信託,2023-11-16,6160
5876,上海商銀,141,1,140,中國信託,2023-11-16,6160
6235,華孚,203,69,134,中國信託,2023-11-16,6160
00894,中信小資高價30,273,164,109,中國信託,2023-11-16,6160
00928,中信上櫃ESG30,301,194,107,中國信託,2023-11-16,6160
2412,中華電,101,0,101,中國信託,2023-11-16,6160
00687B,國泰20年美債,104,3,101,中國信託,2023-11-16,6160
6531,愛普*,106,10,96,中國信託,2023-11-16,6160
2888,新光金,118,23,95,中國信託,2023-11-16,6160
1522,堤維西,96,5,91,中國信託,2023-11-16,6160
2880,華南金,94,4,90,中國信託,2023-11-16,6160
9933,中鼎,82,2,80,中國信託,2023-11-16,6160
2520,冠德,80,0,80,中國信託,2023-11-16,6160
4746,台耀,94,16,78,中國信託,2023-11-16,6160
2607,榮運,83,7,76,中國信託,2023-11-16,6160
2882,國泰金,79,10,69,中國信託,2023-11-16,6160
2329,華泰,258,188,70,中國信託,2023-11-16,6160
6488,環球晶,70,3,67,中國信託,2023-11-16,6160
00902,中信電池及儲能,76,10,66,中國信託,2023-11-16,6160
5880,合庫金,77,11,66,中國信託,2023-11-16,6160
2543,皇昌,80,15,65,中國信託,2023-11-16,6160
5512,力麒,67,3,64,中國信託,2023-11-16,6160
2748,雲品,93,32,61,中國信託,2023-11-16,6160
1319,東陽,85,24,61,中國信託,2023-11-16,6160
00719B,元大美債1-3,61,0,61,中國信託,2023-11-16,6160
00688L,國泰20年美債正2,60,0,60,中國信託,2023-11-16,6160
00700,富邦�琤肭磪�,105,45,60,中國信託,2023-11-16,6160
00795B,中信美國公債20年,695,637,58,中國信託,2023-11-16,6160
8996,高力,119,63,56,中國信託,2023-11-16,6160
00632R,元大台灣50反1,58,3,55,中國信託,2023-11-16,6160
00665L,富邦�琤肭磪囓�2,61,10,51,中國信託,2023-11-16,6160
00696B,富邦美債20年,51,0,51,中國信託,2023-11-16,6160
0056,元大高股息,1108,28,1080,中國信託,2023-11-17,6160
2317,鴻海,984,75,909,中國信託,2023-11-17,6160
00692,富邦公司治理,850,1,849,中國信託,2023-11-17,6160
2303,聯電,973,153,820,中國信託,2023-11-17,6160
00881,國泰台灣5G+,1338,626,712,中國信託,2023-11-17,6160
2891,中信金,977,494,483,中國信託,2023-11-17,6160
2412,中華電,476,34,442,中國信託,2023-11-17,6160
2301,光寶科,416,10,406,中國信託,2023-11-17,6160
00752,中信中國50,820,437,383,中國信託,2023-11-17,6160
3041,揚智,739,430,309,中國信託,2023-11-17,6160
00907,永豐優息存股,326,18,308,中國信託,2023-11-17,6160
00679B,元大美債20年,281,0,281,中國信託,2023-11-17,6160
4919,新唐,282,11,271,中國信託,2023-11-17,6160
00773B,中信優先金融債,625,402,223,中國信託,2023-11-17,6160
2634,漢翔,222,25,197,中國信託,2023-11-17,6160
2377,微星,166,4,162,中國信託,2023-11-17,6160
2610,華航,195,51,144,中國信託,2023-11-17,6160
2497,怡利電,140,1,139,中國信託,2023-11-17,6160
2883,凱基金,172,33,139,中國信託,2023-11-17,6160
2312,金寶,154,16,138,中國信託,2023-11-17,6160
00864B,中信美國公債0-1,143,11,132,中國信託,2023-11-17,6160
00923,群益台ESG低碳50,210,88,122,中國信託,2023-11-17,6160
3715,定穎投控,301,180,121,中國信託,2023-11-17,6160
00934,中信成長高股息,245,126,119,中國信託,2023-11-17,6160
2748,雲品,149,40,109,中國信託,2023-11-17,6160
00795B,中信美國公債20年,520,411,109,中國信託,2023-11-17,6160
00719B,元大美債1-3,106,2,104,中國信託,2023-11-17,6160
2352,佳世達,107,4,103,中國信託,2023-11-17,6160
3011,今皓,103,0,103,中國信託,2023-11-17,6160
2383,台光電,103,2,101,中國信託,2023-11-17,6160
1449,佳和,100,1,99,中國信託,2023-11-17,6160
6509,聚和,98,0,98,中國信託,2023-11-17,6160
00933B,國泰10Y+金融債,99,2,97,中國信託,2023-11-17,6160
00680L,元大美債20正2,102,8,94,中國信託,2023-11-17,6160
2330,台積電,127,36,91,中國信託,2023-11-17,6160
3701,大眾控,104,21,83,中國信託,2023-11-17,6160
2486,一詮,83,2,81,中國信託,2023-11-17,6160
6191,精成科,83,4,79,中國信託,2023-11-17,6160
9933,中鼎,83,6,77,中國信託,2023-11-17,6160
00642U,期元大S＆P石油,73,0,73,中國信託,2023-11-17,6160
1815,富喬,152,79,73,中國信託,2023-11-17,6160
3260,威剛,112,48,64,中國信託,2023-11-17,6160
00687B,國泰20年美債,64,1,63,中國信託,2023-11-17,6160
5434,崇越,61,0,61,中國信託,2023-11-17,6160
2313,華通,123,63,60,中國信託,2023-11-17,6160
00924,復華S＆P500成長,60,3,57,中國信託,2023-11-17,6160
2360,致茂,55,0,55,中國信託,2023-11-17,6160
00712,復華富時不動產,88,33,55,中國信託,2023-11-17,6160
00892,富邦台灣半導體,53,0,53,中國信託,2023-11-17,6160
2618,長榮航,266,213,53,中國信託,2023-11-17,6160
00715L,期街口布蘭特正2,1011,89,922,中國信託,2023-11-20,6160
00888,永豐台灣ESG,639,88,551,中國信託,2023-11-20,6160
00894,中信小資高價30,505,121,384,中國信託,2023-11-20,6160
6284,佳邦,296,8,288,中國信託,2023-11-20,6160
00795B,中信美國公債20年,783,515,268,中國信託,2023-11-20,6160
0056,元大高股息,1493,1238,255,中國信託,2023-11-20,6160
00912,中信臺灣智慧50,249,56,193,中國信託,2023-11-20,6160
00891,中信關鍵半導體,226,33,193,中國信託,2023-11-20,6160
2002,中鋼,195,16,179,中國信託,2023-11-20,6160
2313,華通,400,226,174,中國信託,2023-11-20,6160
00887,永豐中國科技50大,192,21,171,中國信託,2023-11-20,6160
2258,鴻華先進-創,131,0,131,中國信託,2023-11-20,6160
00687B,國泰20年美債,131,2,129,中國信託,2023-11-20,6160
2312,金寶,156,40,116,中國信託,2023-11-20,6160
00919,群益台灣精選高息,195,81,114,中國信託,2023-11-20,6160
00679B,元大美債20年,116,3,113,中國信託,2023-11-20,6160
2355,敬鵬,325,224,101,中國信託,2023-11-20,6160
3231,緯創,209,108,101,中國信託,2023-11-20,6160
5607,遠雄港,104,5,99,中國信託,2023-11-20,6160
5258,虹堡,121,23,98,中國信託,2023-11-20,6160
5439,高技,106,9,97,中國信託,2023-11-20,6160
2401,凌陽,157,64,93,中國信託,2023-11-20,6160
2809,京城銀,92,0,92,中國信託,2023-11-20,6160
2474,可成,101,23,78,中國信託,2023-11-20,6160
9933,中鼎,84,7,77,中國信託,2023-11-20,6160
00917,中信特選金融,170,95,75,中國信託,2023-11-20,6160
3030,德律,75,0,75,中國信託,2023-11-20,6160
2890,永豐金,85,11,74,中國信託,2023-11-20,6160
00864B,中信美國公債0-1,231,158,73,中國信託,2023-11-20,6160
5236,凌陽創新,72,3,69,中國信託,2023-11-20,6160
6274,台燿,109,41,68,中國信託,2023-11-20,6160
3702,大聯大,84,19,65,中國信託,2023-11-20,6160
5434,崇越,61,0,61,中國信託,2023-11-20,6160
2409,友達,88,27,61,中國信託,2023-11-20,6160
3701,大眾控,60,5,55,中國信託,2023-11-20,6160
2331,精英,72,21,51,中國信託,2023-11-20,6160
00933B,國泰10Y+金融債,76,27,49,中國信託,2023-11-20,6160
2449,京元電子,82,36,46,中國信託,2023-11-20,6160
00720B,元大投資級公司債,45,0,45,中國信託,2023-11-20,6160
00673R,期元大S＆P原油反1,45,0,45,中國信託,2023-11-20,6160
5347,世界,68,24,44,中國信託,2023-11-20,6160
6187,萬潤,50,7,43,中國信託,2023-11-20,6160
3078,僑威,61,19,42,中國信託,2023-11-20,6160
6116,彩晶,46,7,39,中國信託,2023-11-20,6160
1449,佳和,50,11,39,中國信託,2023-11-20,6160
3324,雙鴻,48,10,38,中國信託,2023-11-20,6160
00935,野村臺灣新科技50,37,0,37,中國信託,2023-11-20,6160
00931B,統一美債20年,47,10,37,中國信託,2023-11-20,6160
6125,廣運,83,48,35,中國信託,2023-11-20,6160
00712,復華富時不動產,46,12,34,中國信託,2023-11-20,6160
00632R,元大台灣50反1,3522,120,3402,中國信託,2023-11-21,6160
00753L,中信中國50正2,1306,122,1184,中國信託,2023-11-21,6160
00900,富邦特選高股息30,1184,163,1021,中國信託,2023-11-21,6160
00929,復華台灣科技優息,1156,458,698,中國信託,2023-11-21,6160
00891,中信關鍵半導體,482,38,444,中國信託,2023-11-21,6160
4746,台耀,468,35,433,中國信託,2023-11-21,6160
00917,中信特選金融,487,101,386,中國信託,2023-11-21,6160
2891,中信金,913,549,364,中國信託,2023-11-21,6160
00888,永豐台灣ESG,373,41,332,中國信託,2023-11-21,6160
1101,台泥,242,19,223,中國信託,2023-11-21,6160
2449,京元電子,233,24,209,中國信託,2023-11-21,6160
2618,長榮航,368,225,143,中國信託,2023-11-21,6160
00690,兆豐藍籌30,189,65,124,中國信託,2023-11-21,6160
2474,可成,121,2,119,中國信託,2023-11-21,6160
1216,統一,110,5,105,中國信託,2023-11-21,6160
2461,光群雷,101,0,101,中國信託,2023-11-21,6160
00894,中信小資高價30,196,95,101,中國信託,2023-11-21,6160
00680L,元大美債20正2,130,33,97,中國信託,2023-11-21,6160
00679B,元大美債20年,130,33,97,中國信託,2023-11-21,6160
00864B,中信美國公債0-1,210,115,95,中國信託,2023-11-21,6160
3041,揚智,467,373,94,中國信託,2023-11-21,6160
5351,鈺創,154,60,94,中國信託,2023-11-21,6160
4923,力士,97,6,91,中國信託,2023-11-21,6160
2406,國碩,90,0,90,中國信託,2023-11-21,6160
3231,緯創,498,409,89,中國信託,2023-11-21,6160
1314,中石化,100,12,88,中國信託,2023-11-21,6160
5258,虹堡,119,36,83,中國信託,2023-11-21,6160
2002,中鋼,135,52,83,中國信託,2023-11-21,6160
006208,富邦台50,117,36,81,中國信託,2023-11-21,6160
9933,中鼎,88,10,78,中國信託,2023-11-21,6160
2363,矽統,151,74,77,中國信託,2023-11-21,6160
2809,京城銀,76,0,76,中國信託,2023-11-21,6160
3025,星通,94,19,75,中國信託,2023-11-21,6160
2412,中華電,80,5,75,中國信託,2023-11-21,6160
2337,旺宏,74,2,72,中國信託,2023-11-21,6160
2352,佳世達,94,24,70,中國信託,2023-11-21,6160
2885,元大金,118,53,65,中國信託,2023-11-21,6160
6237,驊訊,100,38,62,中國信託,2023-11-21,6160
2349,錸德,61,0,61,中國信託,2023-11-21,6160
1810,和成,61,1,60,中國信託,2023-11-21,6160
2059,川湖,63,3,60,中國信託,2023-11-21,6160
3019,亞光,56,0,56,中國信託,2023-11-21,6160
00924,復華S＆P500成長,164,108,56,中國信託,2023-11-21,6160
00885,富邦越南,58,5,53,中國信託,2023-11-21,6160
2540,愛山林,54,1,53,中國信託,2023-11-21,6160
00849B,中信EM主權債0-5,77,25,52,中國信託,2023-11-21,6160
3260,威剛,80,29,51,中國信託,2023-11-21,6160
00886,永豐美國科技,52,1,51,中國信託,2023-11-21,6160
1301,台塑,73,23,50,中國信託,2023-11-21,6160
00751B,元大AAA至A公司債,50,0,50,中國信託,2023-11-21,6160
2881,富邦金,830,9,821,中國信託,2023-11-22,6160
00715L,期街口布蘭特正2,752,10,742,中國信託,2023-11-22,6160
00900,富邦特選高股息30,516,18,498,中國信託,2023-11-22,6160
00881,國泰台灣5G+,461,7,454,中國信託,2023-11-22,6160
00888,永豐台灣ESG,446,13,433,中國信託,2023-11-22,6160
00671R,富邦NASDAQ反1,320,35,285,中國信託,2023-11-22,6160
3706,神達,290,11,279,中國信託,2023-11-22,6160
00892,富邦台灣半導體,260,6,254,中國信託,2023-11-22,6160
2474,可成,254,9,245,中國信託,2023-11-22,6160
2883B,凱基金乙特,180,0,180,中國信託,2023-11-22,6160
2406,國碩,168,3,165,中國信託,2023-11-22,6160
3715,定穎投控,195,68,127,中國信託,2023-11-22,6160
2401,凌陽,138,16,122,中國信託,2023-11-22,6160
00690,兆豐藍籌30,119,1,118,中國信託,2023-11-22,6160
2356,英業達,135,21,114,中國信託,2023-11-22,6160
00907,永豐優息存股,115,1,114,中國信託,2023-11-22,6160
00696B,富邦美債20年,106,0,106,中國信託,2023-11-22,6160
2303,聯電,132,26,106,中國信託,2023-11-22,6160
2383,台光電,113,9,104,中國信託,2023-11-22,6160
0052,富邦科技,95,0,95,中國信託,2023-11-22,6160
00894,中信小資高價30,135,41,94,中國信託,2023-11-22,6160
2382,廣達,291,199,92,中國信託,2023-11-22,6160
2412,中華電,85,1,84,中國信託,2023-11-22,6160
2809,京城銀,75,2,73,中國信託,2023-11-22,6160
2516,新建,90,18,72,中國信託,2023-11-22,6160
00887,永豐中國科技50大,72,2,70,中國信託,2023-11-22,6160
3711,日月光投控,70,0,70,中國信託,2023-11-22,6160
00680L,元大美債20正2,72,3,69,中國信託,2023-11-22,6160
1101,台泥,67,2,65,中國信託,2023-11-22,6160
5434,崇越,63,0,63,中國信託,2023-11-22,6160
3231,緯創,222,159,63,中國信託,2023-11-22,6160
2352,佳世達,72,13,59,中國信託,2023-11-22,6160
2409,友達,60,3,57,中國信託,2023-11-22,6160
00751B,元大AAA至A公司債,54,0,54,中國信託,2023-11-22,6160
00720B,元大投資級公司債,54,0,54,中國信託,2023-11-22,6160
00933B,國泰10Y+金融債,52,0,52,中國信託,2023-11-22,6160
1723,中碳,50,0,50,中國信託,2023-11-22,6160
2618,長榮航,347,299,48,中國信託,2023-11-22,6160
6538,倉和,45,0,45,中國信託,2023-11-22,6160
2331,精英,42,0,42,中國信託,2023-11-22,6160
00700,富邦�琤肭磪�,58,16,42,中國信託,2023-11-22,6160
2312,金寶,51,11,40,中國信託,2023-11-22,6160
5347,世界,60,21,39,中國信託,2023-11-22,6160
00679B,元大美債20年,60,23,37,中國信託,2023-11-22,6160
6235,華孚,97,60,37,中國信託,2023-11-22,6160
1303,南亞,36,0,36,中國信託,2023-11-22,6160
006208,富邦台50,52,16,36,中國信託,2023-11-22,6160
3481,群創,43,8,35,中國信託,2023-11-22,6160
2002,中鋼,44,9,35,中國信託,2023-11-22,6160
00882,中信中國高股息,40,5,35,中國信託,2023-11-22,6160
1101,台泥,1139,9,1130,中國信託,2023-11-23,6160
1402,遠東新,898,194,704,中國信託,2023-11-23,6160
1303,南亞,520,2,518,中國信託,2023-11-23,6160
2606,裕民,509,2,507,中國信託,2023-11-23,6160
2324,仁寶,502,5,497,中國信託,2023-11-23,6160
00881,國泰台灣5G+,497,5,492,中國信託,2023-11-23,6160
2347,聯強,332,0,332,中國信託,2023-11-23,6160
00894,中信小資高價30,459,166,293,中國信託,2023-11-23,6160
00892,富邦台灣半導體,293,11,282,中國信託,2023-11-23,6160
2412,中華電,254,6,248,中國信託,2023-11-23,6160
00680L,元大美債20正2,242,5,237,中國信託,2023-11-23,6160
2903,遠百,230,0,230,中國信託,2023-11-23,6160
00917,中信特選金融,338,113,225,中國信託,2023-11-23,6160
2603,長榮,230,19,211,中國信託,2023-11-23,6160
00632R,元大台灣50反1,210,9,201,中國信託,2023-11-23,6160
5347,世界,365,172,193,中國信託,2023-11-23,6160
8054,安國,271,91,180,中國信託,2023-11-23,6160
3078,僑威,268,90,178,中國信託,2023-11-23,6160
00888,永豐台灣ESG,180,5,175,中國信託,2023-11-23,6160
2455,全新,179,25,154,中國信託,2023-11-23,6160
00912,中信臺灣智慧50,284,143,141,中國信託,2023-11-23,6160
00887,永豐中國科技50大,175,51,124,中國信託,2023-11-23,6160
2409,友達,116,3,113,中國信託,2023-11-23,6160
2312,金寶,114,5,109,中國信託,2023-11-23,6160
00688L,國泰20年美債正2,100,0,100,中國信託,2023-11-23,6160
2436,偉詮電,110,22,88,中國信託,2023-11-23,6160
2308,台達電,91,6,85,中國信託,2023-11-23,6160
2002,中鋼,91,12,79,中國信託,2023-11-23,6160
2481,強茂,80,2,78,中國信託,2023-11-23,6160
2303,聯電,112,37,75,中國信託,2023-11-23,6160
3006,晶豪科,151,76,75,中國信託,2023-11-23,6160
00936,台新永續高息中小,80,7,73,中國信託,2023-11-23,6160
6282,康舒,386,316,70,中國信託,2023-11-23,6160
2362,藍天,71,2,69,中國信託,2023-11-23,6160
0052,富邦科技,63,0,63,中國信託,2023-11-23,6160
2330,台積電,126,63,63,中國信託,2023-11-23,6160
5434,崇越,62,0,62,中國信託,2023-11-23,6160
6719,力智,75,14,61,中國信託,2023-11-23,6160
3122,笙泉,266,206,60,中國信託,2023-11-23,6160
3680,家登,71,16,55,中國信託,2023-11-23,6160
3481,群創,71,19,52,中國信託,2023-11-23,6160
3682,亞太電,50,0,50,中國信託,2023-11-23,6160
1584,精剛,53,4,49,中國信託,2023-11-23,6160
9958,世紀鋼,151,102,49,中國信託,2023-11-23,6160
2356,英業達,79,32,47,中國信託,2023-11-23,6160
3450,聯鈞,56,11,45,中國信託,2023-11-23,6160
6271,同欣電,82,38,44,中國信託,2023-11-23,6160
4968,立積,70,26,44,中國信託,2023-11-23,6160
9933,中鼎,86,42,44,中國信託,2023-11-23,6160
2886,兆豐金,48,5,43,中國信託,2023-11-23,6160
1216,統一,7618,19,7599,中國信託,2023-11-24,6160
00900,富邦特選高股息30,755,65,690,中國信託,2023-11-24,6160
00912,中信臺灣智慧50,512,12,500,中國信託,2023-11-24,6160
3706,神達,518,48,470,中國信託,2023-11-24,6160
2888,新光金,569,168,401,中國信託,2023-11-24,6160
00772B,中信高評級公司債,402,3,399,中國信託,2023-11-24,6160
2301,光寶科,403,29,374,中國信託,2023-11-24,6160
00888,永豐台灣ESG,383,21,362,中國信託,2023-11-24,6160
00887,永豐中國科技50大,278,1,277,中國信託,2023-11-24,6160
00917,中信特選金融,223,27,196,中國信託,2023-11-24,6160
00679B,元大美債20年,196,11,185,中國信託,2023-11-24,6160
00891,中信關鍵半導體,207,24,183,中國信託,2023-11-24,6160
2344,華邦電,233,66,167,中國信託,2023-11-24,6160
2303,聯電,259,102,157,中國信託,2023-11-24,6160
3596,智易,152,2,150,中國信託,2023-11-24,6160
2883,凱基金,184,35,149,中國信託,2023-11-24,6160
1513,中興電,211,99,112,中國信託,2023-11-24,6160
5469,瀚宇博,109,1,108,中國信託,2023-11-24,6160
3044,健鼎,105,0,105,中國信託,2023-11-24,6160
00688L,國泰20年美債正2,104,2,102,中國信託,2023-11-24,6160
3532,台勝科,101,0,101,中國信託,2023-11-24,6160
2605,新興,102,5,97,中國信託,2023-11-24,6160
00881,國泰台灣5G+,114,19,95,中國信託,2023-11-24,6160
00864B,中信美國公債0-1,364,273,91,中國信託,2023-11-24,6160
00901,永豐智能車供應鏈,133,44,89,中國信託,2023-11-24,6160
2313,華通,356,269,87,中國信託,2023-11-24,6160
2881,富邦金,85,0,85,中國信託,2023-11-24,6160
00701,國泰股利精選30,180,98,82,中國信託,2023-11-24,6160
2912,統一超,81,0,81,中國信託,2023-11-24,6160
2887,台新金,78,2,76,中國信託,2023-11-24,6160
6104,創惟,124,50,74,中國信託,2023-11-24,6160
00894,中信小資高價30,74,2,72,中國信託,2023-11-24,6160
2412,中華電,78,9,69,中國信託,2023-11-24,6160
9933,中鼎,85,21,64,中國信託,2023-11-24,6160
3711,日月光投控,66,3,63,中國信託,2023-11-24,6160
6191,精成科,65,3,62,中國信託,2023-11-24,6160
3030,德律,61,0,61,中國信託,2023-11-24,6160
6168,宏齊,92,32,60,中國信託,2023-11-24,6160
00892,富邦台灣半導體,59,1,58,中國信託,2023-11-24,6160
00680L,元大美債20正2,60,2,58,中國信託,2023-11-24,6160
0056,元大高股息,766,709,57,中國信託,2023-11-24,6160
1338,廣華-KY,60,3,57,中國信託,2023-11-24,6160
00720B,元大投資級公司債,56,0,56,中國信託,2023-11-24,6160
5880,合庫金,67,11,56,中國信託,2023-11-24,6160
2882,國泰金,76,20,56,中國信託,2023-11-24,6160
3260,威剛,129,75,54,中國信託,2023-11-24,6160
2330,台積電,109,57,52,中國信託,2023-11-24,6160
00696B,富邦美債20年,51,0,51,中國信託,2023-11-24,6160
9958,世紀鋼,73,26,47,中國信託,2023-11-24,6160
3437,榮創,151,104,47,中國信託,2023-11-24,6160
2457,飛宏,913,120,793,中國信託,2023-11-27,6160
1513,中興電,733,187,546,中國信託,2023-11-27,6160
00910,第一金太空衛星,419,2,417,中國信託,2023-11-27,6160
2474,可成,410,2,408,中國信託,2023-11-27,6160
00881,國泰台灣5G+,412,6,406,中國信託,2023-11-27,6160
00894,中信小資高價30,453,101,352,中國信託,2023-11-27,6160
2449,京元電子,304,7,297,中國信託,2023-11-27,6160
00936,台新永續高息中小,458,186,272,中國信託,2023-11-27,6160
00929,復華台灣科技優息,459,195,264,中國信託,2023-11-27,6160
2105,正新,263,13,250,中國信託,2023-11-27,6160
00904,新光臺灣半導體30,231,2,229,中國信託,2023-11-27,6160
00679B,元大美債20年,148,15,133,中國信託,2023-11-27,6160
00917,中信特選金融,121,1,120,中國信託,2023-11-27,6160
3260,威剛,127,11,116,中國信託,2023-11-27,6160
6757,台灣虎航,103,0,103,中國信託,2023-11-27,6160
2014,中鴻,110,8,102,中國信託,2023-11-27,6160
2103,台橡,100,1,99,中國信託,2023-11-27,6160
4931,新盛力,94,0,94,中國信託,2023-11-27,6160
00687B,國泰20年美債,88,0,88,中國信託,2023-11-27,6160
2883,凱基金,121,37,84,中國信託,2023-11-27,6160
1101,台泥,114,35,79,中國信託,2023-11-27,6160
2603,長榮,83,6,77,中國信託,2023-11-27,6160
2104,國際中橡,75,0,75,中國信託,2023-11-27,6160
6546,正基,77,2,75,中國信託,2023-11-27,6160
2382,廣達,104,32,72,中國信託,2023-11-27,6160
6235,華孚,113,46,67,中國信託,2023-11-27,6160
2891,中信金,141,74,67,中國信託,2023-11-27,6160
6485,點序,68,2,66,中國信託,2023-11-27,6160
00888,永豐台灣ESG,196,135,61,中國信託,2023-11-27,6160
2412,中華電,75,15,60,中國信託,2023-11-27,6160
4958,臻鼎-KY,59,1,58,中國信託,2023-11-27,6160
8028,昇陽半導體,55,0,55,中國信託,2023-11-27,6160
00935,野村臺灣新科技50,76,22,54,中國信託,2023-11-27,6160
3042,晶技,52,1,51,中國信託,2023-11-27,6160
00720B,元大投資級公司債,51,1,50,中國信託,2023-11-27,6160
00795B,中信美國公債20年,648,600,48,中國信託,2023-11-27,6160
00712,復華富時不動產,50,2,48,中國信託,2023-11-27,6160
4915,致伸,52,7,45,中國信託,2023-11-27,6160
00912,中信臺灣智慧50,116,71,45,中國信託,2023-11-27,6160
1514,亞力,137,94,43,中國信託,2023-11-27,6160
2548,華固,41,0,41,中國信託,2023-11-27,6160
00924,復華S＆P500成長,57,19,38,中國信託,2023-11-27,6160
2607,榮運,37,0,37,中國信託,2023-11-27,6160
00933B,國泰10Y+金融債,71,36,35,中國信託,2023-11-27,6160
8046,南電,36,1,35,中國信託,2023-11-27,6160
1464,得力,34,0,34,中國信託,2023-11-27,6160
2540,愛山林,35,1,34,中國信託,2023-11-27,6160
3711,日月光投控,40,7,33,中國信託,2023-11-27,6160
2636,台驊控股,33,0,33,中國信託,2023-11-27,6160
4121,優盛,35,4,31,中國信託,2023-11-27,6160
00900,富邦特選高股息30,3398,49,3349,中國信託,2023-11-28,6160
00892,富邦台灣半導體,610,3,607,中國信託,2023-11-28,6160
00891,中信關鍵半導體,545,126,419,中國信託,2023-11-28,6160
2301,光寶科,405,3,402,中國信託,2023-11-28,6160
2474,可成,367,2,365,中國信託,2023-11-28,6160
0056,元大高股息,567,281,286,中國信託,2023-11-28,6160
00885,富邦越南,285,0,285,中國信託,2023-11-28,6160
2412,中華電,285,4,281,中國信託,2023-11-28,6160
2377,微星,261,22,239,中國信託,2023-11-28,6160
00894,中信小資高價30,473,256,217,中國信託,2023-11-28,6160
2337,旺宏,215,3,212,中國信託,2023-11-28,6160
00896,中信綠能及電動車,210,24,186,中國信託,2023-11-28,6160
1513,中興電,285,103,182,中國信託,2023-11-28,6160
2330,台積電,276,124,152,中國信託,2023-11-28,6160
00632R,元大台灣50反1,160,10,150,中國信託,2023-11-28,6160
1101,台泥,243,99,144,中國信託,2023-11-28,6160
2542,興富發,149,6,143,中國信託,2023-11-28,6160
5347,世界,139,11,128,中國信託,2023-11-28,6160
2303,聯電,163,44,119,中國信託,2023-11-28,6160
00924,復華S＆P500成長,132,15,117,中國信託,2023-11-28,6160
2605,新興,251,144,107,中國信託,2023-11-28,6160
2312,金寶,101,0,101,中國信託,2023-11-28,6160
00927,群益半導體收益,91,7,84,中國信託,2023-11-28,6160
1532,勤美,84,2,82,中國信託,2023-11-28,6160
2520,冠德,81,0,81,中國信託,2023-11-28,6160
6278,台表科,114,34,80,中國信託,2023-11-28,6160
2104,國際中橡,77,0,77,中國信託,2023-11-28,6160
2363,矽統,121,48,73,中國信託,2023-11-28,6160
00795B,中信美國公債20年,1352,1281,71,中國信託,2023-11-28,6160
3217,優群,84,17,67,中國信託,2023-11-28,6160
1514,亞力,98,32,66,中國信託,2023-11-28,6160
2313,華通,564,501,63,中國信託,2023-11-28,6160
2105,正新,63,1,62,中國信託,2023-11-28,6160
3050,鈺德,60,0,60,中國信託,2023-11-28,6160
3035,智原,136,77,59,中國信託,2023-11-28,6160
00917,中信特選金融,82,23,59,中國信託,2023-11-28,6160
2401,凌陽,110,51,59,中國信託,2023-11-28,6160
00881,國泰台灣5G+,63,8,55,中國信託,2023-11-28,6160
2603,長榮,61,9,52,中國信託,2023-11-28,6160
00933B,國泰10Y+金融債,53,2,51,中國信託,2023-11-28,6160
2393,億光,51,0,51,中國信託,2023-11-28,6160
3024,憶聲,50,1,49,中國信託,2023-11-28,6160
00712,復華富時不動產,74,25,49,中國信託,2023-11-28,6160
00631L,元大台灣50正2,48,1,47,中國信託,2023-11-28,6160
6491,晶碩,47,1,46,中國信託,2023-11-28,6160
00932,兆豐永續高息等權,66,21,45,中國信託,2023-11-28,6160
2367,燿華,219,175,44,中國信託,2023-11-28,6160
5880,合庫金,54,10,44,中國信託,2023-11-28,6160
2404,漢唐,43,0,43,中國信託,2023-11-28,6160
6469,大樹,50,8,42,中國信託,2023-11-28,6160
00900,富邦特選高股息30,3671,1321,2350,中國信託,2023-11-29,6160
00878,國泰永續高股息,2615,580,2035,中國信託,2023-11-29,6160
00715L,期街口布蘭特正2,1015,17,998,中國信託,2023-11-29,6160
0056,元大高股息,1041,119,922,中國信託,2023-11-29,6160
2338,光罩,668,5,663,中國信託,2023-11-29,6160
00764B,群益25年美債,615,0,615,中國信託,2023-11-29,6160
00892,富邦台灣半導體,550,0,550,中國信託,2023-11-29,6160
6173,信昌電,571,30,541,中國信託,2023-11-29,6160
00904,新光臺灣半導體30,432,26,406,中國信託,2023-11-29,6160
00924,復華S＆P500成長,337,0,337,中國信託,2023-11-29,6160
00888,永豐台灣ESG,415,84,331,中國信託,2023-11-29,6160
2881,富邦金,337,8,329,中國信託,2023-11-29,6160
2337,旺宏,245,8,237,中國信託,2023-11-29,6160
2472,立隆電,226,4,222,中國信託,2023-11-29,6160
00864B,中信美國公債0-1,372,158,214,中國信託,2023-11-29,6160
2390,云辰,210,2,208,中國信託,2023-11-29,6160
2344,華邦電,543,350,193,中國信託,2023-11-29,6160
00917,中信特選金融,189,1,188,中國信託,2023-11-29,6160
00936,台新永續高息中小,198,12,186,中國信託,2023-11-29,6160
0050,元大台灣50,388,206,182,中國信託,2023-11-29,6160
2376,技嘉,244,81,163,中國信託,2023-11-29,6160
00882,中信中國高股息,165,25,140,中國信託,2023-11-29,6160
3037,欣興,165,36,129,中國信託,2023-11-29,6160
00901,永豐智能車供應鏈,294,168,126,中國信託,2023-11-29,6160
00701,國泰股利精選30,122,2,120,中國信託,2023-11-29,6160
00632R,元大台灣50反1,143,23,120,中國信託,2023-11-29,6160
5381,合正,158,39,119,中國信託,2023-11-29,6160
00927,群益半導體收益,124,14,110,中國信託,2023-11-29,6160
00720B,元大投資級公司債,108,0,108,中國信託,2023-11-29,6160
00665L,富邦�琤肭磪囓�2,162,63,99,中國信託,2023-11-29,6160
2476,鉅祥,101,3,98,中國信託,2023-11-29,6160
5347,世界,106,20,86,中國信託,2023-11-29,6160
1605,華新,87,4,83,中國信託,2023-11-29,6160
2892,第一金,98,18,80,中國信託,2023-11-29,6160
2104,國際中橡,78,0,78,中國信託,2023-11-29,6160
2375,凱美,120,42,78,中國信託,2023-11-29,6160
2412,中華電,88,11,77,中國信託,2023-11-29,6160
00637L,元大滬深300正2,74,0,74,中國信託,2023-11-29,6160
00913,兆豐台灣晶圓製造,72,0,72,中國信託,2023-11-29,6160
6603,富強鑫,69,0,69,中國信託,2023-11-29,6160
00931B,統一美債20年,70,1,69,中國信託,2023-11-29,6160
6243,迅杰,124,55,69,中國信託,2023-11-29,6160
00907,永豐優息存股,66,0,66,中國信託,2023-11-29,6160
00928,中信上櫃ESG30,165,101,64,中國信託,2023-11-29,6160
2882,國泰金,66,2,64,中國信託,2023-11-29,6160
2615,萬海,64,2,62,中國信託,2023-11-29,6160
2816,旺旺保,60,1,59,中國信託,2023-11-29,6160
00894,中信小資高價30,270,212,58,中國信託,2023-11-29,6160
2352,佳世達,69,13,56,中國信託,2023-11-29,6160
00712,復華富時不動產,72,16,56,中國信託,2023-11-29,6160
2303,聯電,19564,54,19510,中國信託,2023-11-30,6160
2324,仁寶,1866,20,1846,中國信託,2023-11-30,6160
2376,技嘉,1848,56,1792,中國信託,2023-11-30,6160
00878,國泰永續高股息,1630,154,1476,中國信託,2023-11-30,6160
00715L,期街口布蘭特正2,1711,316,1395,中國信託,2023-11-30,6160
00900,富邦特選高股息30,1201,23,1178,中國信託,2023-11-30,6160
2347,聯強,1149,21,1128,中國信託,2023-11-30,6160
00795B,中信美國公債20年,1359,801,558,中國信託,2023-11-30,6160
5425,台半,385,9,376,中國信託,2023-11-30,6160
2301,光寶科,355,15,340,中國信託,2023-11-30,6160
00927,群益半導體收益,321,2,319,中國信託,2023-11-30,6160
3045,台灣大,200,0,200,中國信託,2023-11-30,6160
00688L,國泰20年美債正2,201,5,196,中國信託,2023-11-30,6160
00930,永豐ESG低碳高息,181,1,180,中國信託,2023-11-30,6160
00679B,元大美債20年,168,17,151,中國信託,2023-11-30,6160
3711,日月光投控,144,2,142,中國信託,2023-11-30,6160
9938,百和,143,7,136,中國信託,2023-11-30,6160
00936,台新永續高息中小,196,63,133,中國信託,2023-11-30,6160
00932,兆豐永續高息等權,142,12,130,中國信託,2023-11-30,6160
00680L,元大美債20正2,134,10,124,中國信託,2023-11-30,6160
6147,頎邦,122,1,121,中國信託,2023-11-30,6160
5347,世界,134,18,116,中國信託,2023-11-30,6160
8112,至上,122,14,108,中國信託,2023-11-30,6160
3231,緯創,186,78,108,中國信託,2023-11-30,6160
00690,兆豐藍籌30,131,25,106,中國信託,2023-11-30,6160
2903,遠百,103,0,103,中國信託,2023-11-30,6160
6285,啟��,102,0,102,中國信託,2023-11-30,6160
5258,虹堡,112,11,101,中國信託,2023-11-30,6160
9904,寶成,101,2,99,中國信託,2023-11-30,6160
1582,信錦,163,66,97,中國信託,2023-11-30,6160
00933B,國泰10Y+金融債,105,11,94,中國信託,2023-11-30,6160
2329,華泰,540,449,91,中國信託,2023-11-30,6160
00687B,國泰20年美債,94,6,88,中國信託,2023-11-30,6160
00772B,中信高評級公司債,97,11,86,中國信託,2023-11-30,6160
2412,中華電,86,0,86,中國信託,2023-11-30,6160
00720B,元大投資級公司債,84,1,83,中國信託,2023-11-30,6160
00891,中信關鍵半導體,92,14,78,中國信託,2023-11-30,6160
5457,宣德,76,4,72,中國信託,2023-11-30,6160
00921,兆豐龍頭等權重,78,7,71,中國信託,2023-11-30,6160
3257,虹冠電,73,6,67,中國信託,2023-11-30,6160
2481,強茂,120,56,64,中國信託,2023-11-30,6160
00719B,元大美債1-3,63,0,63,中國信託,2023-11-30,6160
6176,瑞儀,62,0,62,中國信託,2023-11-30,6160
6719,力智,64,3,61,中國信託,2023-11-30,6160
00892,富邦台灣半導體,61,0,61,中國信託,2023-11-30,6160
1568,倉佑,60,0,60,中國信託,2023-11-30,6160
0056,元大高股息,272,213,59,中國信託,2023-11-30,6160
2355,敬鵬,61,2,59,中國信託,2023-11-30,6160
6121,新普,56,4,52,中國信託,2023-11-30,6160
6488,環球晶,55,4,51,中國信託,2023-11-30,6160
00929,復華台灣科技優息,3301,430,2871,中國信託,2023-12-01,6160
0056,元大高股息,1383,34,1349,中國信託,2023-12-01,6160
2330,台積電,554,150,404,中國信託,2023-12-01,6160
00888,永豐台灣ESG,603,209,394,中國信託,2023-12-01,6160
00892,富邦台灣半導體,275,0,275,中國信託,2023-12-01,6160
00900,富邦特選高股息30,282,39,243,中國信託,2023-12-01,6160
00881,國泰台灣5G+,234,9,225,中國信託,2023-12-01,6160
00690,兆豐藍籌30,281,73,208,中國信託,2023-12-01,6160
2492,華新科,256,56,200,中國信託,2023-12-01,6160
1815,富喬,202,5,197,中國信託,2023-12-01,6160
0050,元大台灣50,337,144,193,中國信託,2023-12-01,6160
00934,中信成長高股息,208,15,193,中國信託,2023-12-01,6160
006208,富邦台50,200,18,182,中國信託,2023-12-01,6160
6271,同欣電,267,91,176,中國信託,2023-12-01,6160
00921,兆豐龍頭等權重,169,5,164,中國信託,2023-12-01,6160
00930,永豐ESG低碳高息,151,0,151,中國信託,2023-12-01,6160
00679B,元大美債20年,149,8,141,中國信託,2023-12-01,6160
00701,國泰股利精選30,139,0,139,中國信託,2023-12-01,6160
3035,智原,226,104,122,中國信託,2023-12-01,6160
00687B,國泰20年美債,115,0,115,中國信託,2023-12-01,6160
3231,緯創,226,117,109,中國信託,2023-12-01,6160
00927,群益半導體收益,106,1,105,中國信託,2023-12-01,6160
2481,強茂,109,12,97,中國信託,2023-12-01,6160
00680L,元大美債20正2,99,2,97,中國信託,2023-12-01,6160
2641,正德,200,105,95,中國信託,2023-12-01,6160
1795,美時,168,74,94,中國信託,2023-12-01,6160
00904,新光臺灣半導體30,93,0,93,中國信託,2023-12-01,6160
1519,華城,148,58,90,中國信託,2023-12-01,6160
00688L,國泰20年美債正2,88,0,88,中國信託,2023-12-01,6160
9933,中鼎,103,16,87,中國信託,2023-12-01,6160
2888,新光金,91,9,82,中國信託,2023-12-01,6160
3675,德微,86,4,82,中國信託,2023-12-01,6160
00632R,元大台灣50反1,81,0,81,中國信託,2023-12-01,6160
2412,中華電,83,3,80,中國信託,2023-12-01,6160
2382,廣達,112,33,79,中國信託,2023-12-01,6160
3041,揚智,174,104,70,中國信託,2023-12-01,6160
2377,微星,69,2,67,中國信託,2023-12-01,6160
00902,中信電池及儲能,81,18,63,中國信託,2023-12-01,6160
1101,台泥,72,10,62,中國信託,2023-12-01,6160
8028,昇陽半導體,60,0,60,中國信託,2023-12-01,6160
2301,光寶科,63,4,59,中國信託,2023-12-01,6160
2883,凱基金,72,15,57,中國信託,2023-12-01,6160
5347,世界,97,41,56,中國信託,2023-12-01,6160
00928,中信上櫃ESG30,63,8,55,中國信託,2023-12-01,6160
2886,兆豐金,60,5,55,中國信託,2023-12-01,6160
2313,華通,252,201,51,中國信託,2023-12-01,6160
3227,原相,56,6,50,中國信託,2023-12-01,6160
3663,鑫科,50,0,50,中國信託,2023-12-01,6160
5258,虹堡,75,29,46,中國信託,2023-12-01,6160
2408,南亞科,50,5,45,中國信託,2023-12-01,6160
2330,台積電,769,58,711,中國信託,2023-12-04,6160
00751B,元大AAA至A公司債,633,31,602,中國信託,2023-12-04,6160
00706L,期元大S＆P日圓正2,300,0,300,中國信託,2023-12-04,6160
8155,博智,313,47,266,中國信託,2023-12-04,6160
2002,中鋼,329,70,259,中國信託,2023-12-04,6160
1503,士電,275,26,249,中國信託,2023-12-04,6160
2641,正德,274,47,227,中國信託,2023-12-04,6160
2367,燿華,562,350,212,中國信託,2023-12-04,6160
1815,富喬,216,8,208,中國信託,2023-12-04,6160
2382,廣達,220,25,195,中國信託,2023-12-04,6160
00912,中信臺灣智慧50,233,40,193,中國信託,2023-12-04,6160
00901,永豐智能車供應鏈,196,10,186,中國信託,2023-12-04,6160
00894,中信小資高價30,242,63,179,中國信託,2023-12-04,6160
00928,中信上櫃ESG30,202,25,177,中國信託,2023-12-04,6160
3037,欣興,166,4,162,中國信託,2023-12-04,6160
00687B,國泰20年美債,171,18,153,中國信託,2023-12-04,6160
2329,華泰,402,257,145,中國信託,2023-12-04,6160
2883,凱基金,161,35,126,中國信託,2023-12-04,6160
2312,金寶,155,29,126,中國信託,2023-12-04,6160
00642U,期元大S＆P石油,125,1,124,中國信託,2023-12-04,6160
2355,敬鵬,241,118,123,中國信託,2023-12-04,6160
9919,康那香,341,222,119,中國信託,2023-12-04,6160
00665L,富邦�琤肭磪囓�2,120,6,114,中國信託,2023-12-04,6160
3231,緯創,206,94,112,中國信託,2023-12-04,6160
00927,群益半導體收益,118,13,105,中國信託,2023-12-04,6160
5388,中磊,96,3,93,中國信託,2023-12-04,6160
00929,復華台灣科技優息,503,411,92,中國信託,2023-12-04,6160
3380,明泰,272,180,92,中國信託,2023-12-04,6160
00878,國泰永續高股息,197,113,84,中國信託,2023-12-04,6160
1101,台泥,93,10,83,中國信託,2023-12-04,6160
9933,中鼎,78,2,76,中國信託,2023-12-04,6160
00679B,元大美債20年,117,42,75,中國信託,2023-12-04,6160
00934,中信成長高股息,128,57,71,中國信託,2023-12-04,6160
00773B,中信優先金融債,471,400,71,中國信託,2023-12-04,6160
9938,百和,80,10,70,中國信託,2023-12-04,6160
1504,東元,91,21,70,中國信託,2023-12-04,6160
3017,奇鋐,122,57,65,中國信託,2023-12-04,6160
2345,智邦,68,4,64,中國信託,2023-12-04,6160
2412,中華電,75,12,63,中國信託,2023-12-04,6160
2204,中華,63,1,62,中國信託,2023-12-04,6160
2637,慧洋-KY,91,30,61,中國信託,2023-12-04,6160
6176,瑞儀,60,0,60,中國信託,2023-12-04,6160
6285,啟��,64,9,55,中國信託,2023-12-04,6160
3715,定穎投控,229,177,52,中國信託,2023-12-04,6160
00933B,國泰10Y+金融債,62,10,52,中國信託,2023-12-04,6160
4953,緯軟,59,8,51,中國信託,2023-12-04,6160
2732,六角,48,0,48,中國信託,2023-12-04,6160
2601,益航,95,47,48,中國信託,2023-12-04,6160
3042,晶技,64,17,47,中國信託,2023-12-04,6160
6235,華孚,68,21,47,中國信託,2023-12-04,6160
2303,聯電,1330,16,1314,中國信託,2023-12-05,6160
00900,富邦特選高股息30,1005,38,967,中國信託,2023-12-05,6160
00937B,群益ESG投等債20,867,137,730,中國信託,2023-12-05,6160
1102,亞泥,567,0,567,中國信託,2023-12-05,6160
2330,台積電,707,196,511,中國信託,2023-12-05,6160
00888,永豐台灣ESG,544,176,368,中國信託,2023-12-05,6160
2449,京元電子,368,15,353,中國信託,2023-12-05,6160
00690,兆豐藍籌30,338,23,315,中國信託,2023-12-05,6160
2889,國票金,300,0,300,中國信託,2023-12-05,6160
00934,中信成長高股息,335,49,286,中國信託,2023-12-05,6160
00907,永豐優息存股,305,19,286,中國信託,2023-12-05,6160
2337,旺宏,243,6,237,中國信託,2023-12-05,6160
2610,華航,236,3,233,中國信託,2023-12-05,6160
00928,中信上櫃ESG30,319,94,225,中國信託,2023-12-05,6160
1304,台聚,201,0,201,中國信託,2023-12-05,6160
00679B,元大美債20年,165,11,154,中國信託,2023-12-05,6160
2014,中鴻,156,3,153,中國信託,2023-12-05,6160
1308,亞聚,150,1,149,中國信託,2023-12-05,6160
1605,華新,159,14,145,中國信託,2023-12-05,6160
3231,緯創,193,56,137,中國信託,2023-12-05,6160
00687B,國泰20年美債,134,1,133,中國信託,2023-12-05,6160
00901,永豐智能車供應鏈,179,48,131,中國信託,2023-12-05,6160
00932,兆豐永續高息等權,139,9,130,中國信託,2023-12-05,6160
4938,和碩,121,2,119,中國信託,2023-12-05,6160
2886,兆豐金,117,0,117,中國信託,2023-12-05,6160
00878,國泰永續高股息,374,259,115,中國信託,2023-12-05,6160
00896,中信綠能及電動車,295,183,112,中國信託,2023-12-05,6160
3711,日月光投控,120,11,109,中國信託,2023-12-05,6160
00927,群益半導體收益,184,77,107,中國信託,2023-12-05,6160
6176,瑞儀,118,12,106,中國信託,2023-12-05,6160
5608,四維航,314,212,102,中國信託,2023-12-05,6160
3532,台勝科,101,2,99,中國信託,2023-12-05,6160
6197,佳必琪,102,8,94,中國信託,2023-12-05,6160
1504,東元,115,24,91,中國信託,2023-12-05,6160
2618,長榮航,120,38,82,中國信託,2023-12-05,6160
1519,華城,184,106,78,中國信託,2023-12-05,6160
2891,中信金,131,54,77,中國信託,2023-12-05,6160
9933,中鼎,80,3,77,中國信託,2023-12-05,6160
00917,中信特選金融,86,10,76,中國信託,2023-12-05,6160
00751B,元大AAA至A公司債,75,1,74,中國信託,2023-12-05,6160
2882,國泰金,78,5,73,中國信託,2023-12-05,6160
00728,第一金工業30,73,0,73,中國信託,2023-12-05,6160
2379,瑞昱,72,0,72,中國信託,2023-12-05,6160
00882,中信中國高股息,91,22,69,中國信託,2023-12-05,6160
6112,邁達特,89,23,66,中國信託,2023-12-05,6160
2301,光寶科,71,6,65,中國信託,2023-12-05,6160
00921,兆豐龍頭等權重,79,15,64,中國信託,2023-12-05,6160
6446,藥華藥,68,5,63,中國信託,2023-12-05,6160
3325,旭品,77,14,63,中國信託,2023-12-05,6160
00719B,元大美債1-3,61,0,61,中國信託,2023-12-05,6160
00900,富邦特選高股息30,1120,29,1091,中國信託,2023-12-06,6160
0056,元大高股息,1029,122,907,中國信託,2023-12-06,6160
00937B,群益ESG投等債20,1045,512,533,中國信託,2023-12-06,6160
00687B,國泰20年美債,472,9,463,中國信託,2023-12-06,6160
00907,永豐優息存股,384,0,384,中國信託,2023-12-06,6160
2605,新興,678,321,357,中國信託,2023-12-06,6160
00679B,元大美債20年,284,15,269,中國信託,2023-12-06,6160
00896,中信綠能及電動車,426,166,260,中國信託,2023-12-06,6160
00928,中信上櫃ESG30,237,36,201,中國信託,2023-12-06,6160
00680L,元大美債20正2,209,11,198,中國信託,2023-12-06,6160
3645,達邁,187,4,183,中國信託,2023-12-06,6160
00712,復華富時不動產,214,31,183,中國信託,2023-12-06,6160
5371,中光電,177,0,177,中國信託,2023-12-06,6160
4768,晶呈科技,176,12,164,中國信託,2023-12-06,6160
3583,辛耘,161,23,138,中國信託,2023-12-06,6160
2313,華通,247,109,138,中國信託,2023-12-06,6160
1504,東元,196,65,131,中國信託,2023-12-06,6160
1605,華新,143,14,129,中國信託,2023-12-06,6160
3034,聯詠,126,0,126,中國信託,2023-12-06,6160
1503,士電,225,100,125,中國信託,2023-12-06,6160
00720B,元大投資級公司債,127,5,122,中國信託,2023-12-06,6160
3702,大聯大,130,14,116,中國信託,2023-12-06,6160
00772B,中信高評級公司債,141,25,116,中國信託,2023-12-06,6160
6285,啟��,130,18,112,中國信託,2023-12-06,6160
2610,華航,118,16,102,中國信託,2023-12-06,6160
00751B,元大AAA至A公司債,100,4,96,中國信託,2023-12-06,6160
00864B,中信美國公債0-1,235,144,91,中國信託,2023-12-06,6160
2412,中華電,106,17,89,中國信託,2023-12-06,6160
00688L,國泰20年美債正2,88,0,88,中國信託,2023-12-06,6160
00933B,國泰10Y+金融債,89,5,84,中國信託,2023-12-06,6160
9904,寶成,101,19,82,中國信託,2023-12-06,6160
00932,兆豐永續高息等權,100,21,79,中國信託,2023-12-06,6160
9933,中鼎,79,0,79,中國信託,2023-12-06,6160
3481,群創,114,35,79,中國信託,2023-12-06,6160
00728,第一金工業30,77,1,76,中國信託,2023-12-06,6160
3231,緯創,133,57,76,中國信託,2023-12-06,6160
2317,鴻海,81,6,75,中國信託,2023-12-06,6160
3680,家登,80,8,72,中國信託,2023-12-06,6160
2887,台新金,73,4,69,中國信託,2023-12-06,6160
00917,中信特選金融,70,2,68,中國信託,2023-12-06,6160
3450,聯鈞,122,54,68,中國信託,2023-12-06,6160
3017,奇鋐,77,9,68,中國信託,2023-12-06,6160
2882,國泰金,66,1,65,中國信託,2023-12-06,6160
2454,聯發科,66,1,65,中國信託,2023-12-06,6160
00719B,元大美債1-3,62,0,62,中國信託,2023-12-06,6160
3443,創意,67,6,61,中國信託,2023-12-06,6160
00753L,中信中國50正2,220,161,59,中國信託,2023-12-06,6160
1319,東陽,179,120,59,中國信託,2023-12-06,6160
6147,頎邦,86,28,58,中國信託,2023-12-06,6160
6488,環球晶,55,0,55,中國信託,2023-12-06,6160
2881,富邦金,1033,10,1023,中國信託,2023-12-07,6160
00937B,群益ESG投等債20,977,303,674,中國信託,2023-12-07,6160
00680L,元大美債20正2,665,14,651,中國信託,2023-12-07,6160
2882,國泰金,1058,513,545,中國信託,2023-12-07,6160
00637L,元大滬深300正2,528,1,527,中國信託,2023-12-07,6160
0056,元大高股息,759,250,509,中國信託,2023-12-07,6160
00687B,國泰20年美債,465,28,437,中國信託,2023-12-07,6160
00900,富邦特選高股息30,523,227,296,中國信託,2023-12-07,6160
2303,聯電,426,188,238,中國信託,2023-12-07,6160
2889,國票金,224,0,224,中國信託,2023-12-07,6160
00892,富邦台灣半導體,303,87,216,中國信託,2023-12-07,6160
1477,聚陽,212,0,212,中國信託,2023-12-07,6160
00933B,國泰10Y+金融債,221,21,200,中國信託,2023-12-07,6160
00915,凱基優選高股息30,201,19,182,中國信託,2023-12-07,6160
00936,台新永續高息中小,539,364,175,中國信託,2023-12-07,6160
00669R,國泰美國道瓊反1,200,35,165,中國信託,2023-12-07,6160
1304,台聚,146,0,146,中國信託,2023-12-07,6160
2412,中華電,139,4,135,中國信託,2023-12-07,6160
2356,英業達,170,37,133,中國信託,2023-12-07,6160
00712,復華富時不動產,166,43,123,中國信託,2023-12-07,6160
2497,怡利電,120,0,120,中國信託,2023-12-07,6160
00888,永豐台灣ESG,113,1,112,中國信託,2023-12-07,6160
00882,中信中國高股息,129,28,101,中國信託,2023-12-07,6160
9105,泰金寶-DR,100,0,100,中國信託,2023-12-07,6160
3680,家登,128,31,97,中國信託,2023-12-07,6160
1795,美時,114,18,96,中國信託,2023-12-07,6160
2327,國巨,95,2,93,中國信託,2023-12-07,6160
3264,欣銓,127,35,92,中國信託,2023-12-07,6160
2408,南亞科,94,5,89,中國信託,2023-12-07,6160
2367,燿華,216,129,87,中國信託,2023-12-07,6160
9933,中鼎,80,1,79,中國信託,2023-12-07,6160
00715L,期街口布蘭特正2,79,1,78,中國信託,2023-12-07,6160
00701,國泰股利精選30,77,1,76,中國信託,2023-12-07,6160
2610,華航,132,57,75,中國信託,2023-12-07,6160
6278,台表科,77,4,73,中國信託,2023-12-07,6160
00679B,元大美債20年,183,112,71,中國信託,2023-12-07,6160
5876,上海商銀,68,0,68,中國信託,2023-12-07,6160
2376,技嘉,253,185,68,中國信託,2023-12-07,6160
4768,晶呈科技,70,5,65,中國信託,2023-12-07,6160
00795B,中信美國公債20年,590,526,64,中國信託,2023-12-07,6160
00700,富邦�琤肭磪�,73,10,63,中國信託,2023-12-07,6160
1609,大亞,123,61,62,中國信託,2023-12-07,6160
00857B,永豐20年美公債,66,5,61,中國信託,2023-12-07,6160
00632R,元大台灣50反1,71,10,61,中國信託,2023-12-07,6160
00655L,國泰中國A50正2,60,0,60,中國信託,2023-12-07,6160
00642U,期元大S＆P石油,79,24,55,中國信託,2023-12-07,6160
6139,亞翔,83,31,52,中國信託,2023-12-07,6160
00896,中信綠能及電動車,169,121,48,中國信託,2023-12-07,6160
2465,麗臺,57,9,48,中國信託,2023-12-07,6160
1513,中興電,132,88,44,中國信託,2023-12-07,6160
00929,復華台灣科技優息,1818,561,1257,中國信託,2023-12-08,6160
0056,元大高股息,1212,148,1064,中國信託,2023-12-08,6160
00900,富邦特選高股息30,1010,69,941,中國信託,2023-12-08,6160
3706,神達,866,61,805,中國信託,2023-12-08,6160
00878,國泰永續高股息,1140,389,751,中國信託,2023-12-08,6160
00891,中信關鍵半導體,644,26,618,中國信託,2023-12-08,6160
00924,復華S＆P500成長,389,1,388,中國信託,2023-12-08,6160
00687B,國泰20年美債,350,4,346,中國信託,2023-12-08,6160
00715L,期街口布蘭特正2,225,6,219,中國信託,2023-12-08,6160
00928,中信上櫃ESG30,227,34,193,中國信託,2023-12-08,6160
1319,東陽,201,16,185,中國信託,2023-12-08,6160
9945,潤泰新,164,0,164,中國信託,2023-12-08,6160
2376,技嘉,259,99,160,中國信託,2023-12-08,6160
3532,台勝科,185,27,158,中國信託,2023-12-08,6160
2605,新興,399,243,156,中國信託,2023-12-08,6160
2882,國泰金,163,8,155,中國信託,2023-12-08,6160
3491,昇達科,142,1,141,中國信託,2023-12-08,6160
00896,中信綠能及電動車,282,145,137,中國信託,2023-12-08,6160
2618,長榮航,283,162,121,中國信託,2023-12-08,6160
00894,中信小資高價30,126,29,97,中國信託,2023-12-08,6160
1529,樂事綠能,122,30,92,中國信託,2023-12-08,6160
00931B,統一美債20年,115,24,91,中國信託,2023-12-08,6160
3533,嘉澤,100,10,90,中國信託,2023-12-08,6160
2610,華航,143,54,89,中國信託,2023-12-08,6160
2609,陽明,148,60,88,中國信託,2023-12-08,6160
00679B,元大美債20年,150,64,86,中國信託,2023-12-08,6160
2481,強茂,86,1,85,中國信託,2023-12-08,6160
00882,中信中國高股息,132,49,83,中國信託,2023-12-08,6160
00751B,元大AAA至A公司債,89,6,83,中國信託,2023-12-08,6160
00934,中信成長高股息,95,16,79,中國信託,2023-12-08,6160
4938,和碩,101,22,79,中國信託,2023-12-08,6160
9933,中鼎,80,5,75,中國信託,2023-12-08,6160
4105,東洋,80,5,75,中國信託,2023-12-08,6160
00700,富邦�琤肭磪�,115,42,73,中國信託,2023-12-08,6160
00680L,元大美債20正2,83,12,71,中國信託,2023-12-08,6160
00671R,富邦NASDAQ反1,68,0,68,中國信託,2023-12-08,6160
5351,鈺創,124,56,68,中國信託,2023-12-08,6160
4967,十銓,127,61,66,中國信託,2023-12-08,6160
1304,台聚,60,0,60,中國信託,2023-12-08,6160
6205,詮欣,89,29,60,中國信託,2023-12-08,6160
6505,台塑化,57,0,57,中國信託,2023-12-08,6160
2886,兆豐金,83,27,56,中國信託,2023-12-08,6160
00913,兆豐台灣晶圓製造,62,7,55,中國信託,2023-12-08,6160
1609,大亞,88,35,53,中國信託,2023-12-08,6160
2486,一詮,51,2,49,中國信託,2023-12-08,6160
6415,矽力*-KY,53,5,48,中國信託,2023-12-08,6160
3443,創意,63,15,48,中國信託,2023-12-08,6160
00857B,永豐20年美公債,47,0,47,中國信託,2023-12-08,6160
6140,訊達,48,3,45,中國信託,2023-12-08,6160
6176,瑞儀,45,1,44,中國信託,2023-12-08,6160
00900,富邦特選高股息30,2906,25,2881,中國信託,2023-12-11,6160
0056,元大高股息,1181,337,844,中國信託,2023-12-11,6160
2303,聯電,949,241,708,中國信託,2023-12-11,6160
00892,富邦台灣半導體,608,21,587,中國信託,2023-12-11,6160
2890,永豐金,686,108,578,中國信託,2023-12-11,6160
00753L,中信中國50正2,809,271,538,中國信託,2023-12-11,6160
2881,富邦金,408,8,400,中國信託,2023-12-11,6160
00690,兆豐藍籌30,420,51,369,中國信託,2023-12-11,6160
00878,國泰永續高股息,437,79,358,中國信託,2023-12-11,6160
8936,國統,328,23,305,中國信託,2023-12-11,6160
00888,永豐台灣ESG,326,34,292,中國信託,2023-12-11,6160
00715L,期街口布蘭特正2,581,311,270,中國信託,2023-12-11,6160
5388,中磊,233,0,233,中國信託,2023-12-11,6160
00680L,元大美債20正2,239,11,228,中國信託,2023-12-11,6160
3231,緯創,267,51,216,中國信託,2023-12-11,6160
2317,鴻海,217,7,210,中國信託,2023-12-11,6160
1524,耿鼎,514,320,194,中國信託,2023-12-11,6160
1815,富喬,249,78,171,中國信託,2023-12-11,6160
00679B,元大美債20年,221,58,163,中國信託,2023-12-11,6160
00937B,群益ESG投等債20,261,109,152,中國信託,2023-12-11,6160
6284,佳邦,155,7,148,中國信託,2023-12-11,6160
00881,國泰台灣5G+,150,4,146,中國信託,2023-12-11,6160
4938,和碩,144,3,141,中國信託,2023-12-11,6160
2330,台積電,204,68,136,中國信託,2023-12-11,6160
5347,世界,147,12,135,中國信託,2023-12-11,6160
2382,廣達,169,35,134,中國信託,2023-12-11,6160
3211,順達,135,2,133,中國信託,2023-12-11,6160
2610,華航,149,20,129,中國信託,2023-12-11,6160
006208,富邦台50,145,17,128,中國信託,2023-12-11,6160
00882,中信中國高股息,184,59,125,中國信託,2023-12-11,6160
3191,雲嘉南,124,3,121,中國信託,2023-12-11,6160
00772B,中信高評級公司債,264,174,90,中國信託,2023-12-11,6160
00688L,國泰20年美債正2,87,0,87,中國信託,2023-12-11,6160
2618,長榮航,146,59,87,中國信託,2023-12-11,6160
2324,仁寶,112,27,85,中國信託,2023-12-11,6160
2412,中華電,89,5,84,中國信託,2023-12-11,6160
2449,京元電子,121,37,84,中國信託,2023-12-11,6160
3596,智易,82,0,82,中國信託,2023-12-11,6160
00932,兆豐永續高息等權,91,12,79,中國信託,2023-12-11,6160
00930,永豐ESG低碳高息,79,1,78,中國信託,2023-12-11,6160
00901,永豐智能車供應鏈,105,29,76,中國信託,2023-12-11,6160
2812,台中銀,96,21,75,中國信託,2023-12-11,6160
9933,中鼎,78,4,74,中國信託,2023-12-11,6160
2308,台達電,103,29,74,中國信託,2023-12-11,6160
1618,合機,170,96,74,中國信託,2023-12-11,6160
00931B,統一美債20年,75,2,73,中國信託,2023-12-11,6160
2313,華通,91,19,72,中國信託,2023-12-11,6160
2352,佳世達,75,3,72,中國信託,2023-12-11,6160
00913,兆豐台灣晶圓製造,88,22,66,中國信託,2023-12-11,6160
2002,中鋼,70,6,64,中國信託,2023-12-11,6160
00878,國泰永續高股息,2701,456,2245,中國信託,2023-12-12,6160
00900,富邦特選高股息30,1431,377,1054,中國信託,2023-12-12,6160
2884,玉山金,696,11,685,中國信託,2023-12-12,6160
00907,永豐優息存股,379,14,365,中國信託,2023-12-12,6160
5009,榮剛,329,22,307,中國信託,2023-12-12,6160
00720B,元大投資級公司債,297,26,271,中國信託,2023-12-12,6160
00632R,元大台灣50反1,373,113,260,中國信託,2023-12-12,6160
6285,啟��,338,116,222,中國信託,2023-12-12,6160
2014,中鴻,202,0,202,中國信託,2023-12-12,6160
00901,永豐智能車供應鏈,204,10,194,中國信託,2023-12-12,6160
5426,振發,252,58,194,中國信託,2023-12-12,6160
00715L,期街口布蘭特正2,213,28,185,中國信託,2023-12-12,6160
00680L,元大美債20正2,184,7,177,中國信託,2023-12-12,6160
2393,億光,175,0,175,中國信託,2023-12-12,6160
2609,陽明,297,138,159,中國信託,2023-12-12,6160
00904,新光臺灣半導體30,174,22,152,中國信託,2023-12-12,6160
9105,泰金寶-DR,177,25,152,中國信託,2023-12-12,6160
6546,正基,156,5,151,中國信託,2023-12-12,6160
00687B,國泰20年美債,169,22,147,中國信託,2023-12-12,6160
00894,中信小資高價30,147,0,147,中國信託,2023-12-12,6160
2610,華航,166,22,144,中國信託,2023-12-12,6160
00891,中信關鍵半導體,134,14,120,中國信託,2023-12-12,6160
3264,欣銓,129,13,116,中國信託,2023-12-12,6160
00933B,國泰10Y+金融債,108,3,105,中國信託,2023-12-12,6160
00864B,中信美國公債0-1,241,136,105,中國信託,2023-12-12,6160
6156,松上,110,7,103,中國信託,2023-12-12,6160
00857B,永豐20年美公債,93,0,93,中國信託,2023-12-12,6160
1591,駿吉-KY,132,41,91,中國信託,2023-12-12,6160
2443,昶虹,98,8,90,中國信託,2023-12-12,6160
00795B,中信美國公債20年,983,899,84,中國信託,2023-12-12,6160
9933,中鼎,85,1,84,中國信託,2023-12-12,6160
2615,萬海,299,218,81,中國信託,2023-12-12,6160
3033,威健,81,3,78,中國信託,2023-12-12,6160
2412,中華電,77,0,77,中國信託,2023-12-12,6160
00912,中信臺灣智慧50,148,71,77,中國信託,2023-12-12,6160
8201,無敵,73,1,72,中國信託,2023-12-12,6160
6284,佳邦,93,22,71,中國信託,2023-12-12,6160
5534,長虹,70,0,70,中國信託,2023-12-12,6160
00892,富邦台灣半導體,72,3,69,中國信託,2023-12-12,6160
00935,野村臺灣新科技50,86,17,69,中國信託,2023-12-12,6160
8096,擎亞,112,44,68,中國信託,2023-12-12,6160
3078,僑威,80,12,68,中國信託,2023-12-12,6160
2317,鴻海,104,39,65,中國信託,2023-12-12,6160
1618,合機,367,303,64,中國信託,2023-12-12,6160
00896,中信綠能及電動車,339,275,64,中國信託,2023-12-12,6160
3042,晶技,64,0,64,中國信託,2023-12-12,6160
3596,智易,65,2,63,中國信託,2023-12-12,6160
3211,順達,63,1,62,中國信託,2023-12-12,6160
00688L,國泰20年美債正2,84,24,60,中國信託,2023-12-12,6160
3231,緯創,81,23,58,中國信託,2023-12-12,6160
2303,聯電,1647,189,1458,中國信託,2023-12-13,6160
0056,元大高股息,1300,356,944,中國信託,2023-12-13,6160
00878,國泰永續高股息,1038,426,612,中國信託,2023-12-13,6160
00680L,元大美債20正2,601,3,598,中國信託,2023-12-13,6160
00928,中信上櫃ESG30,704,112,592,中國信託,2023-12-13,6160
3702,大聯大,540,38,502,中國信託,2023-12-13,6160
00892,富邦台灣半導體,468,2,466,中國信託,2023-12-13,6160
4938,和碩,469,30,439,中國信託,2023-12-13,6160
00900,富邦特選高股息30,645,264,381,中國信託,2023-12-13,6160
2515,中工,459,161,298,中國信託,2023-12-13,6160
2330,台積電,216,13,203,中國信託,2023-12-13,6160
00904,新光臺灣半導體30,201,0,201,中國信託,2023-12-13,6160
2610,華航,207,25,182,中國信託,2023-12-13,6160
00687B,國泰20年美債,199,20,179,中國信託,2023-12-13,6160
2324,仁寶,256,83,173,中國信託,2023-12-13,6160
2474,可成,172,0,172,中國信託,2023-12-13,6160
3231,緯創,520,354,166,中國信託,2023-12-13,6160
00650L,復華香港正2,157,0,157,中國信託,2023-12-13,6160
2884,玉山金,174,17,157,中國信託,2023-12-13,6160
2002,中鋼,472,340,132,中國信託,2023-12-13,6160
00642U,期元大S＆P石油,127,1,126,中國信託,2023-12-13,6160
00891,中信關鍵半導體,168,45,123,中國信託,2023-12-13,6160
00901,永豐智能車供應鏈,196,75,121,中國信託,2023-12-13,6160
3034,聯詠,135,16,119,中國信託,2023-12-13,6160
3191,雲嘉南,119,0,119,中國信託,2023-12-13,6160
3036,文曄,162,46,116,中國信託,2023-12-13,6160
2382,廣達,127,19,108,中國信託,2023-12-13,6160
1503,士電,111,8,103,中國信託,2023-12-13,6160
6290,良維,117,15,102,中國信託,2023-12-13,6160
3481,群創,106,7,99,中國信託,2023-12-13,6160
00937B,群益ESG投等債20,106,11,95,中國信託,2023-12-13,6160
00933B,國泰10Y+金融債,101,7,94,中國信託,2023-12-13,6160
00665L,富邦�琤肭磪囓�2,170,76,94,中國信託,2023-12-13,6160
00888,永豐台灣ESG,117,23,94,中國信託,2023-12-13,6160
3715,定穎投控,145,61,84,中國信託,2023-12-13,6160
2327,國巨,89,6,83,中國信託,2023-12-13,6160
2516,新建,98,23,75,中國信託,2023-12-13,6160
2641,正德,94,21,73,中國信託,2023-12-13,6160
8011,台通,138,70,68,中國信託,2023-12-13,6160
00712,復華富時不動產,96,32,64,中國信託,2023-12-13,6160
3005,神基,78,16,62,中國信託,2023-12-13,6160
9933,中鼎,88,28,60,中國信託,2023-12-13,6160
4572,駐龍,60,0,60,中國信託,2023-12-13,6160
6205,詮欣,59,0,59,中國信託,2023-12-13,6160
00679B,元大美債20年,89,31,58,中國信託,2023-12-13,6160
00931B,統一美債20年,90,33,57,中國信託,2023-12-13,6160
00915,凱基優選高股息30,55,1,54,中國信託,2023-12-13,6160
2501,國建,55,2,53,中國信託,2023-12-13,6160
00881,國泰台灣5G+,104,51,53,中國信託,2023-12-13,6160
3015,全漢,52,0,52,中國信託,2023-12-13,6160
2002,中鋼,4546,7,4539,中國信託,2023-12-14,6160
00881,國泰台灣5G+,3765,88,3677,中國信託,2023-12-14,6160
00878,國泰永續高股息,3994,547,3447,中國信託,2023-12-14,6160
00900,富邦特選高股息30,2402,249,2153,中國信託,2023-12-14,6160
2883,凱基金,1165,139,1026,中國信託,2023-12-14,6160
006208,富邦台50,929,18,911,中國信託,2023-12-14,6160
00715L,期街口布蘭特正2,1116,384,732,中國信託,2023-12-14,6160
00687B,國泰20年美債,698,97,601,中國信託,2023-12-14,6160
00888,永豐台灣ESG,397,62,335,中國信託,2023-12-14,6160
00891,中信關鍵半導體,345,17,328,中國信託,2023-12-14,6160
00637L,元大滬深300正2,234,0,234,中國信託,2023-12-14,6160
00753L,中信中國50正2,576,348,228,中國信託,2023-12-14,6160
00924,復華S＆P500成長,488,282,206,中國信託,2023-12-14,6160
00665L,富邦�琤肭磪囓�2,201,0,201,中國信託,2023-12-14,6160
00894,中信小資高價30,227,32,195,中國信託,2023-12-14,6160
1477,聚陽,179,1,178,中國信託,2023-12-14,6160
3264,欣銓,197,25,172,中國信託,2023-12-14,6160
2313,華通,499,372,127,中國信託,2023-12-14,6160
00931B,統一美債20年,143,16,127,中國信託,2023-12-14,6160
00921,兆豐龍頭等權重,215,104,111,中國信託,2023-12-14,6160
2610,華航,125,17,108,中國信託,2023-12-14,6160
9945,潤泰新,129,23,106,中國信託,2023-12-14,6160
2365,昆盈,207,107,100,中國信託,2023-12-14,6160
5258,虹堡,136,37,99,中國信託,2023-12-14,6160
00857B,永豐20年美公債,99,1,98,中國信託,2023-12-14,6160
00892,富邦台灣半導體,101,7,94,中國信託,2023-12-14,6160
2633,台灣高鐵,93,1,92,中國信託,2023-12-14,6160
8089,康全電訊,110,20,90,中國信託,2023-12-14,6160
00751B,元大AAA至A公司債,86,1,85,中國信託,2023-12-14,6160
00720B,元大投資級公司債,98,16,82,中國信託,2023-12-14,6160
00674R,期元大S＆P黃金反1,80,0,80,中國信託,2023-12-14,6160
2362,藍天,80,1,79,中國信託,2023-12-14,6160
3231,緯創,164,93,71,中國信託,2023-12-14,6160
3706,神達,98,32,66,中國信託,2023-12-14,6160
2801,彰銀,77,14,63,中國信託,2023-12-14,6160
3042,晶技,63,2,61,中國信託,2023-12-14,6160
00679B,元大美債20年,176,115,61,中國信託,2023-12-14,6160
00688L,國泰20年美債正2,69,10,59,中國信託,2023-12-14,6160
6113,亞矽,58,1,57,中國信託,2023-12-14,6160
5880,合庫金,76,20,56,中國信託,2023-12-14,6160
00680L,元大美債20正2,493,437,56,中國信託,2023-12-14,6160
5425,台半,150,94,56,中國信託,2023-12-14,6160
00706L,期元大S＆P日圓正2,58,5,53,中國信託,2023-12-14,6160
6235,華孚,105,53,52,中國信託,2023-12-14,6160
4938,和碩,68,17,51,中國信託,2023-12-14,6160
6275,元山,54,4,50,中國信託,2023-12-14,6160
2897,王道銀行,100,50,50,中國信託,2023-12-14,6160
5521,工信,382,333,49,中國信託,2023-12-14,6160
00901,永豐智能車供應鏈,162,114,48,中國信託,2023-12-14,6160
9958,世紀鋼,63,17,46,中國信託,2023-12-14,6160
00891,中信關鍵半導體,5040,324,4716,中國信託,2023-12-15,6160
2002,中鋼,2755,126,2629,中國信託,2023-12-15,6160
00881,國泰台灣5G+,2197,55,2142,中國信託,2023-12-15,6160
00878,國泰永續高股息,2902,1076,1826,中國信託,2023-12-15,6160
006208,富邦台50,704,17,687,中國信託,2023-12-15,6160
00900,富邦特選高股息30,788,104,684,中國信託,2023-12-15,6160
00687B,國泰20年美債,498,23,475,中國信託,2023-12-15,6160
00715L,期街口布蘭特正2,469,130,339,中國信託,2023-12-15,6160
00751B,元大AAA至A公司債,353,16,337,中國信託,2023-12-15,6160
00637L,元大滬深300正2,334,0,334,中國信託,2023-12-15,6160
00680L,元大美債20正2,541,211,330,中國信託,2023-12-15,6160
3481,群創,319,10,309,中國信託,2023-12-15,6160
2515,中工,351,64,287,中國信託,2023-12-15,6160
00928,中信上櫃ESG30,711,428,283,中國信託,2023-12-15,6160
00927,群益半導體收益,342,136,206,中國信託,2023-12-15,6160
00632R,元大台灣50反1,243,46,197,中國信託,2023-12-15,6160
2883B,凱基金乙特,190,0,190,中國信託,2023-12-15,6160
00665L,富邦�琤肭磪囓�2,205,25,180,中國信託,2023-12-15,6160
00933B,國泰10Y+金融債,244,72,172,中國信託,2023-12-15,6160
00679B,元大美債20年,255,99,156,中國信託,2023-12-15,6160
00688L,國泰20年美債正2,169,19,150,中國信託,2023-12-15,6160
2467,志聖,150,4,146,中國信託,2023-12-15,6160
5347,世界,158,27,131,中國信託,2023-12-15,6160
00857B,永豐20年美公債,119,2,117,中國信託,2023-12-15,6160
1529,樂事綠能,146,34,112,中國信託,2023-12-15,6160
2368,金像電,109,7,102,中國信託,2023-12-15,6160
2358,廷鑫,101,2,99,中國信託,2023-12-15,6160
2610,華航,129,35,94,中國信託,2023-12-15,6160
00924,復華S＆P500成長,283,190,93,中國信託,2023-12-15,6160
2354,鴻準,103,11,92,中國信託,2023-12-15,6160
2412,中華電,98,7,91,中國信託,2023-12-15,6160
00915,凱基優選高股息30,94,7,87,中國信託,2023-12-15,6160
00932,兆豐永續高息等權,85,6,79,中國信託,2023-12-15,6160
3005,神基,149,71,78,中國信託,2023-12-15,6160
00912,中信臺灣智慧50,82,5,77,中國信託,2023-12-15,6160
1210,大成,79,6,73,中國信託,2023-12-15,6160
00921,兆豐龍頭等權重,85,16,69,中國信託,2023-12-15,6160
2049,上銀,70,1,69,中國信託,2023-12-15,6160
00882,中信中國高股息,82,16,66,中國信託,2023-12-15,6160
3037,欣興,116,51,65,中國信託,2023-12-15,6160
5355,佳總,65,1,64,中國信託,2023-12-15,6160
5258,虹堡,71,8,63,中國信託,2023-12-15,6160
4909,新復興,74,12,62,中國信託,2023-12-15,6160
3665,貿聯-KY,69,11,58,中國信託,2023-12-15,6160
00923,群益台ESG低碳50,182,124,58,中國信託,2023-12-15,6160
4561,健椿,61,4,57,中國信託,2023-12-15,6160
3346,麗清,58,6,52,中國信託,2023-12-15,6160
6531,愛普*,62,10,52,中國信託,2023-12-15,6160
9105,泰金寶-DR,50,1,49,中國信託,2023-12-15,6160
1584,精剛,227,179,48,中國信託,2023-12-15,6160
00878,國泰永續高股息,1592,394,1198,中國信託,2023-12-18,6160
00680L,元大美債20正2,972,422,550,中國信託,2023-12-18,6160
1101,台泥,530,9,521,中國信託,2023-12-18,6160
00901,永豐智能車供應鏈,483,0,483,中國信託,2023-12-18,6160
2891,中信金,840,379,461,中國信託,2023-12-18,6160
00688L,國泰20年美債正2,455,155,300,中國信託,2023-12-18,6160
00687B,國泰20年美債,361,68,293,中國信託,2023-12-18,6160
3264,欣銓,319,47,272,中國信託,2023-12-18,6160
00928,中信上櫃ESG30,1403,1183,220,中國信託,2023-12-18,6160
00933B,國泰10Y+金融債,217,4,213,中國信託,2023-12-18,6160
00679B,元大美債20年,264,85,179,中國信託,2023-12-18,6160
00888,永豐台灣ESG,338,161,177,中國信託,2023-12-18,6160
00881,國泰台灣5G+,200,37,163,中國信託,2023-12-18,6160
2610,華航,208,46,162,中國信託,2023-12-18,6160
8085,福華,157,10,147,中國信託,2023-12-18,6160
2883B,凱基金乙特,140,0,140,中國信託,2023-12-18,6160
00900,富邦特選高股息30,172,49,123,中國信託,2023-12-18,6160
2356,英業達,302,180,122,中國信託,2023-12-18,6160
2201,裕隆,124,8,116,中國信託,2023-12-18,6160
5871,中租-KY,111,7,104,中國信託,2023-12-18,6160
00931B,統一美債20年,123,20,103,中國信託,2023-12-18,6160
2412,中華電,99,0,99,中國信託,2023-12-18,6160
2897,王道銀行,101,2,99,中國信託,2023-12-18,6160
3025,星通,101,2,99,中國信託,2023-12-18,6160
00728,第一金工業30,96,1,95,中國信託,2023-12-18,6160
2014,中鴻,416,325,91,中國信託,2023-12-18,6160
3587,閎康,92,2,90,中國信託,2023-12-18,6160
2324,仁寶,230,144,86,中國信託,2023-12-18,6160
00773B,中信優先金融債,134,52,82,中國信託,2023-12-18,6160
00896,中信綠能及電動車,274,195,79,中國信託,2023-12-18,6160
00912,中信臺灣智慧50,131,58,73,中國信託,2023-12-18,6160
00913,兆豐台灣晶圓製造,226,153,73,中國信託,2023-12-18,6160
1102,亞泥,68,0,68,中國信託,2023-12-18,6160
2615,萬海,272,204,68,中國信託,2023-12-18,6160
2023,燁輝,317,251,66,中國信託,2023-12-18,6160
00772B,中信高評級公司債,108,42,66,中國信託,2023-12-18,6160
2363,矽統,171,107,64,中國信託,2023-12-18,6160
6235,華孚,76,14,62,中國信託,2023-12-18,6160
00751B,元大AAA至A公司債,59,5,54,中國信託,2023-12-18,6160
2809,京城銀,53,0,53,中國信託,2023-12-18,6160
1227,佳格,50,0,50,中國信託,2023-12-18,6160
8028,昇陽半導體,50,0,50,中國信託,2023-12-18,6160
00857B,永豐20年美公債,52,3,49,中國信託,2023-12-18,6160
00690,兆豐藍籌30,50,4,46,中國信託,2023-12-18,6160
00915,凱基優選高股息30,54,9,45,中國信託,2023-12-18,6160
2912,統一超,46,1,45,中國信託,2023-12-18,6160
3211,順達,102,58,44,中國信託,2023-12-18,6160
1402,遠東新,61,17,44,中國信託,2023-12-18,6160
8464,億豐,44,0,44,中國信託,2023-12-18,6160
2027,大成鋼,75,33,42,中國信託,2023-12-18,6160
2324,仁寶,1086,72,1014,中國信託,2023-12-19,6160
00715L,期街口布蘭特正2,1109,122,987,中國信託,2023-12-19,6160
2891,中信金,855,124,731,中國信託,2023-12-19,6160
00680L,元大美債20正2,760,127,633,中國信託,2023-12-19,6160
4979,華星光,556,11,545,中國信託,2023-12-19,6160
00878,國泰永續高股息,539,95,444,中國信託,2023-12-19,6160
00687B,國泰20年美債,277,55,222,中國信託,2023-12-19,6160
00688L,國泰20年美債正2,348,145,203,中國信託,2023-12-19,6160
2610,華航,195,34,161,中國信託,2023-12-19,6160
2014,中鴻,365,210,155,中國信託,2023-12-19,6160
2505,國揚,178,64,114,中國信託,2023-12-19,6160
1213,大飲,112,0,112,中國信託,2023-12-19,6160
00900,富邦特選高股息30,170,61,109,中國信託,2023-12-19,6160
00679B,元大美債20年,182,76,106,中國信託,2023-12-19,6160
00720B,元大投資級公司債,118,16,102,中國信託,2023-12-19,6160
5371,中光電,101,13,88,中國信託,2023-12-19,6160
00932,兆豐永續高息等權,86,1,85,中國信託,2023-12-19,6160
2412,中華電,85,0,85,中國信託,2023-12-19,6160
3025,星通,83,0,83,中國信託,2023-12-19,6160
9919,康那香,86,7,79,中國信託,2023-12-19,6160
00933B,國泰10Y+金融債,86,9,77,中國信託,2023-12-19,6160
00882,中信中國高股息,79,2,77,中國信託,2023-12-19,6160
5009,榮剛,112,36,76,中國信託,2023-12-19,6160
2308,台達電,77,6,71,中國信託,2023-12-19,6160
2615,萬海,248,179,69,中國信託,2023-12-19,6160
00891,中信關鍵半導體,71,2,69,中國信託,2023-12-19,6160
00751B,元大AAA至A公司債,72,4,68,中國信託,2023-12-19,6160
2449,京元電子,78,10,68,中國信託,2023-12-19,6160
2809,京城銀,66,0,66,中國信託,2023-12-19,6160
8085,福華,106,40,66,中國信託,2023-12-19,6160
006208,富邦台50,270,206,64,中國信託,2023-12-19,6160
00864B,中信美國公債0-1,167,103,64,中國信託,2023-12-19,6160
2344,華邦電,104,40,64,中國信託,2023-12-19,6160
4167,松瑞藥,128,66,62,中國信託,2023-12-19,6160
00924,復華S＆P500成長,172,112,60,中國信託,2023-12-19,6160
2897,王道銀行,59,5,54,中國信託,2023-12-19,6160
2353,宏��,390,338,52,中國信託,2023-12-19,6160
2887,台新金,62,13,49,中國信託,2023-12-19,6160
2451,創見,52,4,48,中國信託,2023-12-19,6160
2636,台驊控股,144,101,43,中國信託,2023-12-19,6160
2002,中鋼,73,30,43,中國信託,2023-12-19,6160
4746,台耀,43,0,43,中國信託,2023-12-19,6160
00892,富邦台灣半導體,46,4,42,中國信託,2023-12-19,6160
00934,中信成長高股息,444,402,42,中國信託,2023-12-19,6160
2031,新光鋼,58,17,41,中國信託,2023-12-19,6160
8089,康全電訊,71,30,41,中國信託,2023-12-19,6160
00915,凱基優選高股息30,60,20,40,中國信託,2023-12-19,6160
2106,建大,40,0,40,中國信託,2023-12-19,6160
6244,茂迪,40,0,40,中國信託,2023-12-19,6160
2211,長榮鋼,59,19,40,中國信託,2023-12-19,6160
00715L,期街口布蘭特正2,1070,22,1048,中國信託,2023-12-20,6160
2891,中信金,931,69,862,中國信託,2023-12-20,6160
00701,國泰股利精選30,629,17,612,中國信託,2023-12-20,6160
2353,宏��,1266,713,553,中國信託,2023-12-20,6160
2515,中工,688,180,508,中國信託,2023-12-20,6160
1314,中石化,454,13,441,中國信託,2023-12-20,6160
2312,金寶,458,82,376,中國信託,2023-12-20,6160
2356,英業達,688,398,290,中國信託,2023-12-20,6160
2027,大成鋼,322,50,272,中國信託,2023-12-20,6160
00687B,國泰20年美債,210,2,208,中國信託,2023-12-20,6160
00679B,元大美債20年,246,59,187,中國信託,2023-12-20,6160
2014,中鴻,382,207,175,中國信託,2023-12-20,6160
3515,華擎,138,5,133,中國信託,2023-12-20,6160
2324,仁寶,799,682,117,中國信託,2023-12-20,6160
00881,國泰台灣5G+,174,66,108,中國信託,2023-12-20,6160
2897,王道銀行,105,1,104,中國信託,2023-12-20,6160
5371,中光電,100,4,96,中國信託,2023-12-20,6160
00894,中信小資高價30,103,8,95,中國信託,2023-12-20,6160
2412,中華電,88,3,85,中國信託,2023-12-20,6160
00907,永豐優息存股,95,11,84,中國信託,2023-12-20,6160
2387,精元,97,15,82,中國信託,2023-12-20,6160
9939,宏全,82,1,81,中國信託,2023-12-20,6160
5876,上海商銀,73,0,73,中國信託,2023-12-20,6160
00933B,國泰10Y+金融債,71,0,71,中國信託,2023-12-20,6160
6223,旺矽,71,1,70,中國信託,2023-12-20,6160
00915,凱基優選高股息30,90,21,69,中國信託,2023-12-20,6160
1513,中興電,85,17,68,中國信託,2023-12-20,6160
5534,長虹,65,0,65,中國信託,2023-12-20,6160
2337,旺宏,68,4,64,中國信託,2023-12-20,6160
1907,永豐餘,62,1,61,中國信託,2023-12-20,6160
00923,群益台ESG低碳50,89,28,61,中國信託,2023-12-20,6160
2633,台灣高鐵,61,1,60,中國信託,2023-12-20,6160
00720B,元大投資級公司債,90,33,57,中國信託,2023-12-20,6160
911868,同方友友-DR,61,4,57,中國信託,2023-12-20,6160
2368,金像電,63,6,57,中國信託,2023-12-20,6160
2357,華碩,97,41,56,中國信託,2023-12-20,6160
8089,康全電訊,85,29,56,中國信託,2023-12-20,6160
2809,京城銀,55,0,55,中國信託,2023-12-20,6160
2377,微星,134,80,54,中國信託,2023-12-20,6160
1815,富喬,169,117,52,中國信託,2023-12-20,6160
5425,台半,71,19,52,中國信託,2023-12-20,6160
4909,新復興,61,11,50,中國信託,2023-12-20,6160
2892,第一金,53,5,48,中國信託,2023-12-20,6160
2883B,凱基金乙特,47,0,47,中國信託,2023-12-20,6160
006208,富邦台50,48,3,45,中國信託,2023-12-20,6160
6005,群益證,41,0,41,中國信託,2023-12-20,6160
00632R,元大台灣50反1,51,10,41,中國信託,2023-12-20,6160
1732,毛寶,104,64,40,中國信託,2023-12-20,6160
6205,詮欣,62,26,36,中國信託,2023-12-20,6160
4904,遠傳,35,0,35,中國信託,2023-12-20,6160
00878,國泰永續高股息,3894,258,3636,中國信託,2023-12-21,6160
1314,中石化,816,12,804,中國信託,2023-12-21,6160
00881,國泰台灣5G+,831,120,711,中國信託,2023-12-21,6160
00715L,期街口布蘭特正2,721,46,675,中國信託,2023-12-21,6160
2303,聯電,710,264,446,中國信託,2023-12-21,6160
00753L,中信中國50正2,525,109,416,中國信託,2023-12-21,6160
2891,中信金,421,44,377,中國信託,2023-12-21,6160
00882,中信中國高股息,387,52,335,中國信託,2023-12-21,6160
9105,泰金寶-DR,1008,679,329,中國信託,2023-12-21,6160
2887,台新金,270,6,264,中國信託,2023-12-21,6160
00706L,期元大S＆P日圓正2,257,6,251,中國信託,2023-12-21,6160
00680L,元大美債20正2,293,48,245,中國信託,2023-12-21,6160
0050,元大台灣50,255,15,240,中國信託,2023-12-21,6160
00896,中信綠能及電動車,219,12,207,中國信託,2023-12-21,6160
2449,京元電子,238,32,206,中國信託,2023-12-21,6160
2615,萬海,335,140,195,中國信託,2023-12-21,6160
00933B,國泰10Y+金融債,162,4,158,中國信託,2023-12-21,6160
00662,富邦NASDAQ,142,0,142,中國信託,2023-12-21,6160
2368,金像電,145,8,137,中國信託,2023-12-21,6160
2331,精英,177,48,129,中國信託,2023-12-21,6160
6274,台燿,153,25,128,中國信託,2023-12-21,6160
6147,頎邦,119,0,119,中國信託,2023-12-21,6160
4909,新復興,131,17,114,中國信託,2023-12-21,6160
00910,第一金太空衛星,220,107,113,中國信託,2023-12-21,6160
2324,仁寶,1219,1111,108,中國信託,2023-12-21,6160
2357,華碩,177,71,106,中國信託,2023-12-21,6160
00688L,國泰20年美債正2,140,39,101,中國信託,2023-12-21,6160
1305,華夏,100,0,100,中國信託,2023-12-21,6160
6585,鼎基,100,0,100,中國信託,2023-12-21,6160
00687B,國泰20年美債,168,71,97,中國信託,2023-12-21,6160
3711,日月光投控,116,22,94,中國信託,2023-12-21,6160
2412,中華電,94,2,92,中國信託,2023-12-21,6160
5347,世界,96,4,92,中國信託,2023-12-21,6160
00912,中信臺灣智慧50,100,9,91,中國信託,2023-12-21,6160
2883,凱基金,95,8,87,中國信託,2023-12-21,6160
8112,至上,93,7,86,中國信託,2023-12-21,6160
3346,麗清,107,23,84,中國信託,2023-12-21,6160
00888,永豐台灣ESG,162,79,83,中國信託,2023-12-21,6160
00669R,國泰美國道瓊反1,81,0,81,中國信託,2023-12-21,6160
00692,富邦公司治理,84,6,78,中國信託,2023-12-21,6160
2014,中鴻,189,111,78,中國信託,2023-12-21,6160
5213,亞昕,81,4,77,中國信託,2023-12-21,6160
4303,信立,84,9,75,中國信託,2023-12-21,6160
00632R,元大台灣50反1,76,3,73,中國信託,2023-12-21,6160
2337,旺宏,70,4,66,中國信託,2023-12-21,6160
2031,新光鋼,76,11,65,中國信託,2023-12-21,6160
2347,聯強,64,0,64,中國信託,2023-12-21,6160
4967,十銓,66,5,61,中國信託,2023-12-21,6160
2313,華通,128,70,58,中國信託,2023-12-21,6160
2377,微星,62,7,55,中國信託,2023-12-21,6160
00878,國泰永續高股息,1158,220,938,中國信託,2023-12-22,6160
2344,華邦電,1126,195,931,中國信託,2023-12-22,6160
00687B,國泰20年美債,940,14,926,中國信託,2023-12-22,6160
2891,中信金,429,23,406,中國信託,2023-12-22,6160
00753L,中信中國50正2,592,213,379,中國信託,2023-12-22,6160
2515,中工,491,142,349,中國信託,2023-12-22,6160
00924,復華S＆P500成長,368,19,349,中國信託,2023-12-22,6160
00900,富邦特選高股息30,352,7,345,中國信託,2023-12-22,6160
00665L,富邦�琤肭磪囓�2,309,0,309,中國信託,2023-12-22,6160
2395,研華,251,0,251,中國信託,2023-12-22,6160
00913,兆豐台灣晶圓製造,242,0,242,中國信託,2023-12-22,6160
2408,南亞科,262,37,225,中國信託,2023-12-22,6160
00936,台新永續高息中小,242,49,193,中國信託,2023-12-22,6160
00933B,國泰10Y+金融債,222,35,187,中國信託,2023-12-22,6160
00932,兆豐永續高息等權,187,1,186,中國信託,2023-12-22,6160
00669R,國泰美國道瓊反1,162,0,162,中國信託,2023-12-22,6160
9105,泰金寶-DR,184,32,152,中國信託,2023-12-22,6160
00934,中信成長高股息,188,38,150,中國信託,2023-12-22,6160
1101,台泥,151,9,142,中國信託,2023-12-22,6160
00679B,元大美債20年,173,36,137,中國信託,2023-12-22,6160
00930,永豐ESG低碳高息,127,0,127,中國信託,2023-12-22,6160
00688L,國泰20年美債正2,131,9,122,中國信託,2023-12-22,6160
00720B,元大投資級公司債,126,16,110,中國信託,2023-12-22,6160
00937B,群益ESG投等債20,259,153,106,中國信託,2023-12-22,6160
6138,茂達,117,15,102,中國信託,2023-12-22,6160
00680L,元大美債20正2,347,255,92,中國信託,2023-12-22,6160
00892,富邦台灣半導體,93,5,88,中國信託,2023-12-22,6160
00751B,元大AAA至A公司債,92,7,85,中國信託,2023-12-22,6160
2412,中華電,83,0,83,中國信託,2023-12-22,6160
00738U,期元大道瓊白銀,80,0,80,中國信託,2023-12-22,6160
2353,宏��,441,362,79,中國信託,2023-12-22,6160
3023,信邦,75,0,75,中國信託,2023-12-22,6160
5289,宜鼎,76,1,75,中國信託,2023-12-22,6160
00918,大華優利高填息30,164,92,72,中國信託,2023-12-22,6160
2371,大同,71,0,71,中國信託,2023-12-22,6160
2049,上銀,67,1,66,中國信託,2023-12-22,6160
2618,長榮航,192,128,64,中國信託,2023-12-22,6160
3346,麗清,121,58,63,中國信託,2023-12-22,6160
2331,精英,73,11,62,中國信託,2023-12-22,6160
00772B,中信高評級公司債,100,38,62,中國信託,2023-12-22,6160
00917,中信特選金融,150,91,59,中國信託,2023-12-22,6160
00891,中信關鍵半導體,69,11,58,中國信託,2023-12-22,6160
6116,彩晶,85,28,57,中國信託,2023-12-22,6160
2801,彰銀,57,1,56,中國信託,2023-12-22,6160
00927,群益半導體收益,65,13,52,中國信託,2023-12-22,6160
00904,新光臺灣半導體30,68,16,52,中國信託,2023-12-22,6160
3056,富華新,56,4,52,中國信託,2023-12-22,6160
6695,芯鼎,62,11,51,中國信託,2023-12-22,6160
00923,群益台ESG低碳50,71,20,51,中國信託,2023-12-22,6160
00795B,中信美國公債20年,687,637,50,中國信託,2023-12-22,6160
00928,中信上櫃ESG30,869,98,771,中國信託,2023-12-25,6160
5371,中光電,430,0,430,中國信託,2023-12-25,6160
2356,英業達,747,348,399,中國信託,2023-12-25,6160
00924,復華S＆P500成長,434,64,370,中國信託,2023-12-25,6160
00773B,中信優先金融債,986,656,330,中國信託,2023-12-25,6160
2609,陽明,841,635,206,中國信託,2023-12-25,6160
00917,中信特選金融,233,61,172,中國信託,2023-12-25,6160
00864B,中信美國公債0-1,335,167,168,中國信託,2023-12-25,6160
00752,中信中國50,287,124,163,中國信託,2023-12-25,6160
00687B,國泰20年美債,198,36,162,中國信託,2023-12-25,6160
00715L,期街口布蘭特正2,206,78,128,中國信託,2023-12-25,6160
00892,富邦台灣半導體,126,0,126,中國信託,2023-12-25,6160
1722,台肥,124,1,123,中國信託,2023-12-25,6160
00912,中信臺灣智慧50,117,0,117,中國信託,2023-12-25,6160
00679B,元大美債20年,150,33,117,中國信託,2023-12-25,6160
00891,中信關鍵半導體,122,7,115,中國信託,2023-12-25,6160
2367,燿華,106,2,104,中國信託,2023-12-25,6160
00793B,群益AAA-A醫療債,198,95,103,中國信託,2023-12-25,6160
00904,新光臺灣半導體30,102,0,102,中國信託,2023-12-25,6160
2458,義隆,101,5,96,中國信託,2023-12-25,6160
00921,兆豐龍頭等權重,138,45,93,中國信託,2023-12-25,6160
6418,詠昇,90,0,90,中國信託,2023-12-25,6160
2412,中華電,88,0,88,中國信託,2023-12-25,6160
00772B,中信高評級公司債,102,14,88,中國信託,2023-12-25,6160
6550,北極星藥業-KY,162,75,87,中國信託,2023-12-25,6160
00933B,國泰10Y+金融債,121,36,85,中國信託,2023-12-25,6160
2353,宏��,845,767,78,中國信託,2023-12-25,6160
00753L,中信中國50正2,140,67,73,中國信託,2023-12-25,6160
00896,中信綠能及電動車,73,1,72,中國信託,2023-12-25,6160
2888,新光金,69,1,68,中國信託,2023-12-25,6160
2515,中工,233,170,63,中國信託,2023-12-25,6160
2633,台灣高鐵,62,1,61,中國信託,2023-12-25,6160
2324,仁寶,827,765,62,中國信託,2023-12-25,6160
00923,群益台ESG低碳50,71,10,61,中國信託,2023-12-25,6160
2454,聯發科,66,5,61,中國信託,2023-12-25,6160
8085,福華,74,14,60,中國信託,2023-12-25,6160
00712,復華富時不動產,94,34,60,中國信託,2023-12-25,6160
2501,國建,58,0,58,中國信託,2023-12-25,6160
1514,亞力,90,33,57,中國信託,2023-12-25,6160
6441,廣錠,56,0,56,中國信託,2023-12-25,6160
00901,永豐智能車供應鏈,103,47,56,中國信託,2023-12-25,6160
2421,建準,93,41,52,中國信託,2023-12-25,6160
2059,川湖,53,1,52,中國信託,2023-12-25,6160
00720B,元大投資級公司債,94,42,52,中國信託,2023-12-25,6160
3131,弘塑,50,0,50,中國信託,2023-12-25,6160
9105,泰金寶-DR,182,135,47,中國信託,2023-12-25,6160
6695,芯鼎,67,20,47,中國信託,2023-12-25,6160
2882,國泰金,47,2,45,中國信託,2023-12-25,6160
9933,中鼎,38,1,37,中國信託,2023-12-25,6160
3005,神基,79,43,36,中國信託,2023-12-25,6160
00878,國泰永續高股息,949,287,662,中國信託,2023-12-26,6160
3047,訊舟,563,11,552,中國信託,2023-12-26,6160
006208,富邦台50,528,10,518,中國信託,2023-12-26,6160
3706,神達,389,50,339,中國信託,2023-12-26,6160
2609,陽明,1063,758,305,中國信託,2023-12-26,6160
00900,富邦特選高股息30,305,20,285,中國信託,2023-12-26,6160
00928,中信上櫃ESG30,541,326,215,中國信託,2023-12-26,6160
00894,中信小資高價30,213,5,208,中國信託,2023-12-26,6160
2324,仁寶,709,503,206,中國信託,2023-12-26,6160
00912,中信臺灣智慧50,197,16,181,中國信託,2023-12-26,6160
00715L,期街口布蘭特正2,196,22,174,中國信託,2023-12-26,6160
9105,泰金寶-DR,458,306,152,中國信託,2023-12-26,6160
5425,台半,160,25,135,中國信託,2023-12-26,6160
0056,元大高股息,369,235,134,中國信託,2023-12-26,6160
00864B,中信美國公債0-1,190,72,118,中國信託,2023-12-26,6160
00892,富邦台灣半導體,131,14,117,中國信託,2023-12-26,6160
3231,緯創,233,118,115,中國信託,2023-12-26,6160
00904,新光臺灣半導體30,111,2,109,中國信託,2023-12-26,6160
3044,健鼎,111,16,95,中國信託,2023-12-26,6160
00687B,國泰20年美債,119,27,92,中國信託,2023-12-26,6160
00935,野村臺灣新科技50,130,39,91,中國信託,2023-12-26,6160
00918,大華優利高填息30,217,129,88,中國信託,2023-12-26,6160
8085,福華,111,26,85,中國信託,2023-12-26,6160
8183,精星,76,0,76,中國信託,2023-12-26,6160
2412,中華電,76,5,71,中國信託,2023-12-26,6160
00881,國泰台灣5G+,139,67,72,中國信託,2023-12-26,6160
2610,華航,104,40,64,中國信託,2023-12-26,6160
2443,昶虹,82,23,59,中國信託,2023-12-26,6160
00670L,富邦NASDAQ正2,59,0,59,中國信託,2023-12-26,6160
9945,潤泰新,57,0,57,中國信託,2023-12-26,6160
2344,華邦電,149,93,56,中國信託,2023-12-26,6160
00752,中信中國50,56,0,56,中國信託,2023-12-26,6160
00933B,國泰10Y+金融債,72,18,54,中國信託,2023-12-26,6160
00673R,期元大S＆P原油反1,51,0,51,中國信託,2023-12-26,6160
2634,漢翔,54,7,47,中國信託,2023-12-26,6160
2882,國泰金,46,1,45,中國信託,2023-12-26,6160
00631L,元大台灣50正2,44,0,44,中國信託,2023-12-26,6160
00632R,元大台灣50反1,44,0,44,中國信託,2023-12-26,6160
8932,智通*,58,14,44,中國信託,2023-12-26,6160
4939,亞電,45,2,43,中國信託,2023-12-26,6160
3017,奇鋐,54,14,40,中國信託,2023-12-26,6160
9933,中鼎,40,0,40,中國信託,2023-12-26,6160
00690,兆豐藍籌30,42,3,39,中國信託,2023-12-26,6160
00637L,元大滬深300正2,39,0,39,中國信託,2023-12-26,6160
00915,凱基優選高股息30,38,0,38,中國信託,2023-12-26,6160
00888,永豐台灣ESG,82,45,37,中國信託,2023-12-26,6160
2885,元大金,43,7,36,中國信託,2023-12-26,6160
8097,常珵,35,2,33,中國信託,2023-12-26,6160
2884,玉山金,43,10,33,中國信託,2023-12-26,6160
6715,嘉基,31,0,31,中國信託,2023-12-26,6160
00937B,群益ESG投等債20,1291,81,1210,中國信託,2023-12-27,6160
006208,富邦台50,907,36,871,中國信託,2023-12-27,6160
00715L,期街口布蘭特正2,805,48,757,中國信託,2023-12-27,6160
00680L,元大美債20正2,610,35,575,中國信託,2023-12-27,6160
2211,長榮鋼,546,11,535,中國信託,2023-12-27,6160
00904,新光臺灣半導體30,510,8,502,中國信託,2023-12-27,6160
00878,國泰永續高股息,945,445,500,中國信託,2023-12-27,6160
00924,復華S＆P500成長,455,3,452,中國信託,2023-12-27,6160
2303,聯電,1119,707,412,中國信託,2023-12-27,6160
9934,成霖,302,3,299,中國信託,2023-12-27,6160
00901,永豐智能車供應鏈,483,184,299,中國信託,2023-12-27,6160
00888,永豐台灣ESG,548,259,289,中國信託,2023-12-27,6160
4958,臻鼎-KY,282,2,280,中國信託,2023-12-27,6160
00900,富邦特選高股息30,305,51,254,中國信託,2023-12-27,6160
00692,富邦公司治理,250,5,245,中國信託,2023-12-27,6160
00918,大華優利高填息30,266,63,203,中國信託,2023-12-27,6160
00795B,中信美國公債20年,727,548,179,中國信託,2023-12-27,6160
6274,台燿,178,17,161,中國信託,2023-12-27,6160
00632R,元大台灣50反1,163,3,160,中國信託,2023-12-27,6160
00673R,期元大S＆P原油反1,150,0,150,中國信託,2023-12-27,6160
3481,群創,271,131,140,中國信託,2023-12-27,6160
00679B,元大美債20年,138,9,129,中國信託,2023-12-27,6160
9105,泰金寶-DR,272,152,120,中國信託,2023-12-27,6160
00928,中信上櫃ESG30,366,253,113,中國信託,2023-12-27,6160
00687B,國泰20年美債,139,27,112,中國信託,2023-12-27,6160
2515,中工,167,58,109,中國信託,2023-12-27,6160
6271,同欣電,112,6,106,中國信託,2023-12-27,6160
00886,永豐美國科技,105,0,105,中國信託,2023-12-27,6160
2405,輔信,237,136,101,中國信託,2023-12-27,6160
1532,勤美,108,8,100,中國信託,2023-12-27,6160
00936,台新永續高息中小,348,251,97,中國信託,2023-12-27,6160
6531,愛普*,114,19,95,中國信託,2023-12-27,6160
8936,國統,103,16,87,中國信託,2023-12-27,6160
00892,富邦台灣半導體,96,9,87,中國信託,2023-12-27,6160
2412,中華電,87,0,87,中國信託,2023-12-27,6160
00917,中信特選金融,133,55,78,中國信託,2023-12-27,6160
6121,新普,76,1,75,中國信託,2023-12-27,6160
00720B,元大投資級公司債,76,2,74,中國信託,2023-12-27,6160
2362,藍天,131,58,73,中國信託,2023-12-27,6160
3707,漢磊,72,4,68,中國信託,2023-12-27,6160
5347,世界,343,279,64,中國信託,2023-12-27,6160
2890,永豐金,80,16,64,中國信託,2023-12-27,6160
2409,友達,116,58,58,中國信託,2023-12-27,6160
00933B,國泰10Y+金融債,70,12,58,中國信託,2023-12-27,6160
00931B,統一美債20年,57,1,56,中國信託,2023-12-27,6160
2331,精英,76,20,56,中國信託,2023-12-27,6160
2609,陽明,651,595,56,中國信託,2023-12-27,6160
3338,泰碩,64,9,55,中國信託,2023-12-27,6160
9904,寶成,52,0,52,中國信託,2023-12-27,6160
5425,台半,72,22,50,中國信託,2023-12-27,6160
006208,富邦台50,901,4,897,中國信託,2023-12-28,6160
00878,國泰永續高股息,940,223,717,中國信託,2023-12-28,6160
00665L,富邦�琤肭磪囓�2,482,180,302,中國信託,2023-12-28,6160
00692,富邦公司治理,306,71,235,中國信託,2023-12-28,6160
2409,友達,315,90,225,中國信託,2023-12-28,6160
3264,欣銓,232,24,208,中國信託,2023-12-28,6160
9105,泰金寶-DR,240,32,208,中國信託,2023-12-28,6160
00720B,元大投資級公司債,186,5,181,中國信託,2023-12-28,6160
00752,中信中國50,180,7,173,中國信託,2023-12-28,6160
00913,兆豐台灣晶圓製造,324,156,168,中國信託,2023-12-28,6160
2356,英業達,432,267,165,中國信託,2023-12-28,6160
00687B,國泰20年美債,190,26,164,中國信託,2023-12-28,6160
2344,華邦電,386,231,155,中國信託,2023-12-28,6160
9934,成霖,151,1,150,中國信託,2023-12-28,6160
00679B,元大美債20年,159,11,148,中國信託,2023-12-28,6160
00904,新光臺灣半導體30,145,0,145,中國信託,2023-12-28,6160
00751B,元大AAA至A公司債,141,0,141,中國信託,2023-12-28,6160
3094,聯傑,130,4,126,中國信託,2023-12-28,6160
00924,復華S＆P500成長,154,38,116,中國信託,2023-12-28,6160
5351,鈺創,188,77,111,中國信託,2023-12-28,6160
3035,智原,141,34,107,中國信託,2023-12-28,6160
00928,中信上櫃ESG30,211,107,104,中國信託,2023-12-28,6160
00901,永豐智能車供應鏈,216,114,102,中國信託,2023-12-28,6160
00881,國泰台灣5G+,110,8,102,中國信託,2023-12-28,6160
2408,南亞科,127,27,100,中國信託,2023-12-28,6160
3532,台勝科,107,7,100,中國信託,2023-12-28,6160
6139,亞翔,95,18,77,中國信託,2023-12-28,6160
2204,中華,82,5,77,中國信託,2023-12-28,6160
3376,新日興,146,70,76,中國信託,2023-12-28,6160
1722,台肥,75,0,75,中國信託,2023-12-28,6160
2412,中華電,76,4,72,中國信託,2023-12-28,6160
1504,東元,116,47,69,中國信託,2023-12-28,6160
00921,兆豐龍頭等權重,82,16,66,中國信託,2023-12-28,6160
00933B,國泰10Y+金融債,58,0,58,中國信託,2023-12-28,6160
3231,緯創,132,78,54,中國信託,2023-12-28,6160
2352,佳世達,73,18,55,中國信託,2023-12-28,6160
3704,合勤控,53,0,53,中國信託,2023-12-28,6160
3005,神基,67,14,53,中國信託,2023-12-28,6160
2615,萬海,81,31,50,中國信託,2023-12-28,6160
6188,廣明,73,24,49,中國信託,2023-12-28,6160
00764B,群益25年美債,47,0,47,中國信託,2023-12-28,6160
8299,群聯,50,3,47,中國信託,2023-12-28,6160
9945,潤泰新,56,12,44,中國信託,2023-12-28,6160
2454,聯發科,48,6,42,中國信託,2023-12-28,6160
8059,凱碩,47,7,40,中國信託,2023-12-28,6160
00666R,富邦�琤肭磪齯�1,158,121,37,中國信託,2023-12-28,6160
2436,偉詮電,81,45,36,中國信託,2023-12-28,6160
00900,富邦特選高股息30,38,3,35,中國信託,2023-12-28,6160
4712,福格創新,39,5,34,中國信託,2023-12-28,6160
6233,旺玖,36,4,32,中國信託,2023-12-28,6160
2409,友達,1618,125,1493,中國信託,2023-12-29,6160
00878,國泰永續高股息,1676,401,1275,中國信託,2023-12-29,6160
00687B,國泰20年美債,964,25,939,中國信託,2023-12-29,6160
0050,元大台灣50,567,18,549,中國信託,2023-12-29,6160
00928,中信上櫃ESG30,726,253,473,中國信託,2023-12-29,6160
00751B,元大AAA至A公司債,465,1,464,中國信託,2023-12-29,6160
00888,永豐台灣ESG,373,32,341,中國信託,2023-12-29,6160
00632R,元大台灣50反1,301,10,291,中國信託,2023-12-29,6160
4938,和碩,309,111,198,中國信託,2023-12-29,6160
6121,新普,201,7,194,中國信託,2023-12-29,6160
2317,鴻海,313,139,174,中國信託,2023-12-29,6160
00795B,中信美國公債20年,768,603,165,中國信託,2023-12-29,6160
00921,兆豐龍頭等權重,236,76,160,中國信託,2023-12-29,6160
00907,永豐優息存股,151,0,151,中國信託,2023-12-29,6160
00932,兆豐永續高息等權,140,0,140,中國信託,2023-12-29,6160
00933B,國泰10Y+金融債,112,4,108,中國信託,2023-12-29,6160
2331,精英,149,45,104,中國信託,2023-12-29,6160
00720B,元大投資級公司債,103,0,103,中國信託,2023-12-29,6160
00690,兆豐藍籌30,135,33,102,中國信託,2023-12-29,6160
00773B,中信優先金融債,704,602,102,中國信託,2023-12-29,6160
00665L,富邦�琤肭磪囓�2,200,100,100,中國信託,2023-12-29,6160
00679B,元大美債20年,125,25,100,中國信託,2023-12-29,6160
2332,友訊,100,1,99,中國信託,2023-12-29,6160
6719,力智,113,21,92,中國信託,2023-12-29,6160
6271,同欣電,90,12,78,中國信託,2023-12-29,6160
9105,泰金寶-DR,127,51,76,中國信託,2023-12-29,6160
00882,中信中國高股息,78,6,72,中國信託,2023-12-29,6160
2324,仁寶,266,201,65,中國信託,2023-12-29,6160
3264,欣銓,88,27,61,中國信託,2023-12-29,6160
3532,台勝科,61,0,61,中國信託,2023-12-29,6160
00688L,國泰20年美債正2,62,1,61,中國信託,2023-12-29,6160
4909,新復興,63,4,59,中國信託,2023-12-29,6160
1519,華城,152,93,59,中國信託,2023-12-29,6160
3231,緯創,417,363,54,中國信託,2023-12-29,6160
6279,胡連,52,0,52,中國信託,2023-12-29,6160
8255,朋程,53,1,52,中國信託,2023-12-29,6160
2748,雲品,65,13,52,中國信託,2023-12-29,6160
5236,凌陽創新,52,1,51,中國信託,2023-12-29,6160
00666R,富邦�琤肭磪齯�1,50,0,50,中國信託,2023-12-29,6160
1532,勤美,46,0,46,中國信託,2023-12-29,6160
2103,台橡,44,0,44,中國信託,2023-12-29,6160
00927,群益半導體收益,59,16,43,中國信託,2023-12-29,6160
00900,富邦特選高股息30,105,64,41,中國信託,2023-12-29,6160
1808,潤隆,41,2,39,中國信託,2023-12-29,6160
00757,統一FANG+,43,4,39,中國信託,2023-12-29,6160
2412,中華電,75,40,35,中國信託,2023-12-29,6160
00752,中信中國50,37,2,35,中國信託,2023-12-29,6160
6274,台燿,39,6,33,中國信託,2023-12-29,6160
5213,亞昕,32,0,32,中國信託,2023-12-29,6160
3706,神達,168,137,31,中國信託,2023-12-29,6160
2324,仁寶,10577,306,10271,中國信託,2024-01-02,6160
9934,成霖,2021,12,2009,中國信託,2024-01-02,6160
2618,長榮航,2148,759,1389,中國信託,2024-01-02,6160
2603,長榮,1440,111,1329,中國信託,2024-01-02,6160
00633L,富邦上証正2,1000,2,998,中國信託,2024-01-02,6160
8046,南電,456,0,456,中國信託,2024-01-02,6160
2330,台積電,531,88,443,中國信託,2024-01-02,6160
1102,亞泥,362,1,361,中國信託,2024-01-02,6160
2615,萬海,438,124,314,中國信託,2024-01-02,6160
00900,富邦特選高股息30,269,5,264,中國信託,2024-01-02,6160
00902,中信電池及儲能,335,80,255,中國信託,2024-01-02,6160
00665L,富邦�琤肭磪囓�2,228,10,218,中國信託,2024-01-02,6160
00891,中信關鍵半導體,542,335,207,中國信託,2024-01-02,6160
1304,台聚,201,2,199,中國信託,2024-01-02,6160
00864B,中信美國公債0-1,300,103,197,中國信託,2024-01-02,6160
00720B,元大投資級公司債,191,1,190,中國信託,2024-01-02,6160
00690,兆豐藍籌30,246,70,176,中國信託,2024-01-02,6160
00712,復華富時不動產,302,131,171,中國信託,2024-01-02,6160
2609,陽明,674,505,169,中國信託,2024-01-02,6160
00687B,國泰20年美債,200,38,162,中國信託,2024-01-02,6160
00933B,國泰10Y+金融債,158,0,158,中國信託,2024-01-02,6160
3702,大聯大,160,11,149,中國信託,2024-01-02,6160
00878,國泰永續高股息,410,264,146,中國信託,2024-01-02,6160
00728,第一金工業30,144,1,143,中國信託,2024-01-02,6160
00936,台新永續高息中小,150,15,135,中國信託,2024-01-02,6160
2344,華邦電,236,105,131,中國信託,2024-01-02,6160
1305,華夏,125,0,125,中國信託,2024-01-02,6160
1308,亞聚,125,3,122,中國信託,2024-01-02,6160
2206,三陽工業,134,16,118,中國信託,2024-01-02,6160
6488,環球晶,106,0,106,中國信託,2024-01-02,6160
6285,啟��,114,11,103,中國信託,2024-01-02,6160
2454,聯發科,134,32,102,中國信託,2024-01-02,6160
00913,兆豐台灣晶圓製造,149,47,102,中國信託,2024-01-02,6160
00637L,元大滬深300正2,100,2,98,中國信託,2024-01-02,6160
00922,國泰台灣領袖50,103,6,97,中國信託,2024-01-02,6160
2352,佳世達,200,105,95,中國信託,2024-01-02,6160
1815,富喬,101,6,95,中國信託,2024-01-02,6160
3481,群創,122,27,95,中國信託,2024-01-02,6160
1303,南亞,95,1,94,中國信託,2024-01-02,6160
2317,鴻海,521,432,89,中國信託,2024-01-02,6160
00679B,元大美債20年,107,18,89,中國信託,2024-01-02,6160
9105,泰金寶-DR,117,33,84,中國信託,2024-01-02,6160
6197,佳必琪,81,5,76,中國信託,2024-01-02,6160
3037,欣興,74,0,74,中國信託,2024-01-02,6160
2607,榮運,82,9,73,中國信託,2024-01-02,6160
00923,群益台ESG低碳50,73,3,70,中國信託,2024-01-02,6160
00753L,中信中國50正2,485,416,69,中國信託,2024-01-02,6160
3264,欣銓,79,13,66,中國信託,2024-01-02,6160
6546,正基,67,4,63,中國信託,2024-01-02,6160
00881,國泰台灣5G+,66,5,61,中國信託,2024-01-02,6160
00891,中信關鍵半導體,1135,521,614,中國信託,2024-01-03,6160
2317,鴻海,599,46,553,中國信託,2024-01-03,6160
2330,台積電,739,277,462,中國信託,2024-01-03,6160
00878,國泰永續高股息,682,299,383,中國信託,2024-01-03,6160
00901,永豐智能車供應鏈,398,16,382,中國信託,2024-01-03,6160
2331,精英,659,281,378,中國信託,2024-01-03,6160
00720B,元大投資級公司債,291,18,273,中國信託,2024-01-03,6160
5469,瀚宇博,264,6,258,中國信託,2024-01-03,6160
2886,兆豐金,225,5,220,中國信託,2024-01-03,6160
00738U,期元大道瓊白銀,202,0,202,中國信託,2024-01-03,6160
00907,永豐優息存股,202,6,196,中國信託,2024-01-03,6160
00751B,元大AAA至A公司債,184,21,163,中國信託,2024-01-03,6160
2515,中工,225,63,162,中國信託,2024-01-03,6160
2903,遠百,150,0,150,中國信託,2024-01-03,6160
00922,國泰台灣領袖50,143,0,143,中國信託,2024-01-03,6160
00669R,國泰美國道瓊反1,135,0,135,中國信託,2024-01-03,6160
2618,長榮航,278,149,129,中國信託,2024-01-03,6160
1301,台塑,134,5,129,中國信託,2024-01-03,6160
00896,中信綠能及電動車,131,3,128,中國信託,2024-01-03,6160
00892,富邦台灣半導體,201,79,122,中國信託,2024-01-03,6160
00773B,中信優先金融債,528,415,113,中國信託,2024-01-03,6160
2889,國票金,104,0,104,中國信託,2024-01-03,6160
00913,兆豐台灣晶圓製造,102,1,101,中國信託,2024-01-03,6160
2885,元大金,94,0,94,中國信託,2024-01-03,6160
6438,迅得,94,2,92,中國信託,2024-01-03,6160
1319,東陽,92,2,90,中國信託,2024-01-03,6160
00642U,期元大S＆P石油,87,0,87,中國信託,2024-01-03,6160
00894,中信小資高價30,371,284,87,中國信託,2024-01-03,6160
00728,第一金工業30,109,27,82,中國信託,2024-01-03,6160
00932,兆豐永續高息等權,73,0,73,中國信託,2024-01-03,6160
00753L,中信中國50正2,170,97,73,中國信託,2024-01-03,6160
2382,廣達,117,45,72,中國信託,2024-01-03,6160
00923,群益台ESG低碳50,78,7,71,中國信託,2024-01-03,6160
8390,金益鼎,69,0,69,中國信託,2024-01-03,6160
00687B,國泰20年美債,87,19,68,中國信託,2024-01-03,6160
00648R,元大S＆P500反1,64,0,64,中國信託,2024-01-03,6160
2409,友達,117,56,61,中國信託,2024-01-03,6160
4953,緯軟,59,0,59,中國信託,2024-01-03,6160
2542,興富發,65,6,59,中國信託,2024-01-03,6160
2609,陽明,507,450,57,中國信託,2024-01-03,6160
00679B,元大美債20年,82,26,56,中國信託,2024-01-03,6160
00936,台新永續高息中小,178,126,52,中國信託,2024-01-03,6160
2347,聯強,92,40,52,中國信託,2024-01-03,6160
1815,富喬,61,9,52,中國信託,2024-01-03,6160
2362,藍天,243,192,51,中國信託,2024-01-03,6160
2530,華建,51,0,51,中國信託,2024-01-03,6160
2301,光寶科,53,3,50,中國信託,2024-01-03,6160
00688L,國泰20年美債正2,49,0,49,中國信託,2024-01-03,6160
00864B,中信美國公債0-1,157,110,47,中國信託,2024-01-03,6160
3035,智原,86,43,43,中國信託,2024-01-03,6160
00715L,期街口布蘭特正2,1671,15,1656,中國信託,2024-01-04,6160
00900,富邦特選高股息30,969,106,863,中國信託,2024-01-04,6160
00878,國泰永續高股息,609,131,478,中國信託,2024-01-04,6160
2105,正新,500,40,460,中國信託,2024-01-04,6160
0050,元大台灣50,453,19,434,中國信託,2024-01-04,6160
00632R,元大台灣50反1,418,35,383,中國信託,2024-01-04,6160
00894,中信小資高價30,418,40,378,中國信託,2024-01-04,6160
00891,中信關鍵半導體,454,85,369,中國信託,2024-01-04,6160
2330,台積電,566,205,361,中國信託,2024-01-04,6160
0056,元大高股息,386,77,309,中國信託,2024-01-04,6160
00901,永豐智能車供應鏈,337,56,281,中國信託,2024-01-04,6160
00753L,中信中國50正2,369,124,245,中國信託,2024-01-04,6160
00687B,國泰20年美債,250,5,245,中國信託,2024-01-04,6160
2382,廣達,253,44,209,中國信託,2024-01-04,6160
2891,中信金,255,48,207,中國信託,2024-01-04,6160
3483,力致,202,9,193,中國信託,2024-01-04,6160
00680L,元大美債20正2,283,99,184,中國信託,2024-01-04,6160
2618,長榮航,317,153,164,中國信託,2024-01-04,6160
00881,國泰台灣5G+,181,31,150,中國信託,2024-01-04,6160
00720B,元大投資級公司債,158,17,141,中國信託,2024-01-04,6160
8112,至上,133,8,125,中國信託,2024-01-04,6160
00923,群益台ESG低碳50,135,14,121,中國信託,2024-01-04,6160
00892,富邦台灣半導體,114,0,114,中國信託,2024-01-04,6160
2014,中鴻,122,8,114,中國信託,2024-01-04,6160
2367,燿華,115,3,112,中國信託,2024-01-04,6160
2377,微星,109,3,106,中國信託,2024-01-04,6160
00910,第一金太空衛星,112,10,102,中國信託,2024-01-04,6160
00650L,復華香港正2,100,0,100,中國信託,2024-01-04,6160
00795B,中信美國公債20年,424,326,98,中國信託,2024-01-04,6160
8213,志超,97,0,97,中國信託,2024-01-04,6160
3032,偉訓,124,28,96,中國信託,2024-01-04,6160
00673R,期元大S＆P原油反1,90,0,90,中國信託,2024-01-04,6160
00933B,國泰10Y+金融債,126,39,87,中國信託,2024-01-04,6160
6811,宏�硌穈T,81,0,81,中國信託,2024-01-04,6160
00679B,元大美債20年,104,26,78,中國信託,2024-01-04,6160
00917,中信特選金融,77,1,76,中國信託,2024-01-04,6160
00633L,富邦上証正2,80,4,76,中國信託,2024-01-04,6160
2412,中華電,77,5,72,中國信託,2024-01-04,6160
1504,東元,77,5,72,中國信託,2024-01-04,6160
00772B,中信高評級公司債,136,64,72,中國信託,2024-01-04,6160
6278,台表科,75,4,71,中國信託,2024-01-04,6160
2331,精英,104,38,66,中國信託,2024-01-04,6160
2530,華建,61,0,61,中國信託,2024-01-04,6160
9105,泰金寶-DR,83,23,60,中國信託,2024-01-04,6160
00922,國泰台灣領袖50,78,19,59,中國信託,2024-01-04,6160
2615,萬海,121,63,58,中國信託,2024-01-04,6160
6223,旺矽,71,15,56,中國信託,2024-01-04,6160
3078,僑威,74,19,55,中國信託,2024-01-04,6160
00864B,中信美國公債0-1,158,106,52,中國信託,2024-01-04,6160
5483,中美晶,73,24,49,中國信託,2024-01-04,6160
3481,群創,2453,330,2123,中國信託,2024-01-05,6160
00687B,國泰20年美債,590,58,532,中國信託,2024-01-05,6160
2897,王道銀行,400,7,393,中國信託,2024-01-05,6160
2618,長榮航,436,74,362,中國信託,2024-01-05,6160
2409,友達,440,108,332,中國信託,2024-01-05,6160
2324,仁寶,368,50,318,中國信託,2024-01-05,6160
4979,華星光,308,11,297,中國信託,2024-01-05,6160
2352,佳世達,325,29,296,中國信託,2024-01-05,6160
2606,裕民,340,46,294,中國信託,2024-01-05,6160
00912,中信臺灣智慧50,496,217,279,中國信託,2024-01-05,6160
2330,台積電,299,29,270,中國信託,2024-01-05,6160
4938,和碩,243,3,240,中國信託,2024-01-05,6160
00907,永豐優息存股,229,5,224,中國信託,2024-01-05,6160
5371,中光電,200,10,190,中國信託,2024-01-05,6160
00752,中信中國50,311,131,180,中國信託,2024-01-05,6160
00888,永豐台灣ESG,339,161,178,中國信託,2024-01-05,6160
1722,台肥,160,0,160,中國信託,2024-01-05,6160
2886,兆豐金,154,11,143,中國信託,2024-01-05,6160
00720B,元大投資級公司債,158,19,139,中國信託,2024-01-05,6160
00679B,元大美債20年,160,25,135,中國信託,2024-01-05,6160
00900,富邦特選高股息30,257,125,132,中國信託,2024-01-05,6160
00933B,國泰10Y+金融債,129,8,121,中國信託,2024-01-05,6160
2537,聯上發,124,4,120,中國信託,2024-01-05,6160
00864B,中信美國公債0-1,300,182,118,中國信託,2024-01-05,6160
00924,復華S＆P500成長,141,25,116,中國信託,2024-01-05,6160
2368,金像電,126,16,110,中國信託,2024-01-05,6160
00692,富邦公司治理,107,0,107,中國信託,2024-01-05,6160
00751B,元大AAA至A公司債,103,0,103,中國信託,2024-01-05,6160
2603,長榮,228,129,99,中國信託,2024-01-05,6160
2331,精英,105,8,97,中國信託,2024-01-05,6160
00688L,國泰20年美債正2,104,8,96,中國信託,2024-01-05,6160
2412,中華電,85,1,84,中國信託,2024-01-05,6160
00712,復華富時不動產,83,1,82,中國信託,2024-01-05,6160
2353,宏��,223,143,80,中國信託,2024-01-05,6160
2303,聯電,171,92,79,中國信託,2024-01-05,6160
00922,國泰台灣領袖50,76,0,76,中國信託,2024-01-05,6160
2387,精元,91,17,74,中國信託,2024-01-05,6160
2610,華航,79,15,64,中國信託,2024-01-05,6160
2301,光寶科,69,7,62,中國信託,2024-01-05,6160
2543,皇昌,74,12,62,中國信託,2024-01-05,6160
00931B,統一美債20年,68,7,61,中國信託,2024-01-05,6160
00932,兆豐永續高息等權,169,110,59,中國信託,2024-01-05,6160
2382,廣達,103,44,59,中國信託,2024-01-05,6160
2014,中鴻,58,0,58,中國信託,2024-01-05,6160
2474,可成,59,1,58,中國信託,2024-01-05,6160
2885,元大金,57,0,57,中國信託,2024-01-05,6160
00690,兆豐藍籌30,126,74,52,中國信託,2024-01-05,6160
2351,順德,54,2,52,中國信託,2024-01-05,6160
5425,台半,53,2,51,中國信託,2024-01-05,6160
3406,玉晶光,51,1,50,中國信託,2024-01-05,6160
0050,元大台灣50,1177,153,1024,中國信託,2024-01-08,6160
00864B,中信美國公債0-1,950,59,891,中國信託,2024-01-08,6160
2409,友達,542,73,469,中國信託,2024-01-08,6160
00907,永豐優息存股,428,7,421,中國信託,2024-01-08,6160
00924,復華S＆P500成長,339,15,324,中國信託,2024-01-08,6160
00891,中信關鍵半導體,337,14,323,中國信託,2024-01-08,6160
9934,成霖,318,12,306,中國信託,2024-01-08,6160
00900,富邦特選高股息30,389,93,296,中國信託,2024-01-08,6160
00901,永豐智能車供應鏈,330,35,295,中國信託,2024-01-08,6160
2890,永豐金,305,22,283,中國信託,2024-01-08,6160
1503,士電,225,31,194,中國信託,2024-01-08,6160
00665L,富邦�琤肭磪囓�2,212,50,162,中國信託,2024-01-08,6160
00934,中信成長高股息,277,120,157,中國信託,2024-01-08,6160
2353,宏��,386,229,157,中國信託,2024-01-08,6160
00935,野村臺灣新科技50,138,3,135,中國信託,2024-01-08,6160
00720B,元大投資級公司債,161,30,131,中國信託,2024-01-08,6160
2610,華航,163,37,126,中國信託,2024-01-08,6160
00679B,元大美債20年,181,59,122,中國信託,2024-01-08,6160
1402,遠東新,112,0,112,中國信託,2024-01-08,6160
2317,鴻海,114,11,103,中國信託,2024-01-08,6160
9904,寶成,100,0,100,中國信託,2024-01-08,6160
00650L,復華香港正2,100,0,100,中國信託,2024-01-08,6160
5213,亞昕,110,10,100,中國信託,2024-01-08,6160
2324,仁寶,142,42,100,中國信託,2024-01-08,6160
00753L,中信中國50正2,222,126,96,中國信託,2024-01-08,6160
3702,大聯大,92,0,92,中國信託,2024-01-08,6160
00712,復華富時不動產,108,16,92,中國信託,2024-01-08,6160
00688L,國泰20年美債正2,95,3,92,中國信託,2024-01-08,6160
00643,群益深証中小,90,0,90,中國信託,2024-01-08,6160
00752,中信中國50,241,151,90,中國信託,2024-01-08,6160
8089,康全電訊,92,5,87,中國信託,2024-01-08,6160
2886,兆豐金,109,28,81,中國信託,2024-01-08,6160
2530,華建,116,35,81,中國信託,2024-01-08,6160
00725B,國泰投資級公司債,75,0,75,中國信託,2024-01-08,6160
2454,聯發科,78,9,69,中國信託,2024-01-08,6160
2027,大成鋼,69,1,68,中國信託,2024-01-08,6160
00894,中信小資高價30,116,49,67,中國信託,2024-01-08,6160
2603,長榮,131,64,67,中國信託,2024-01-08,6160
2377,微星,75,11,64,中國信託,2024-01-08,6160
1605,華新,128,64,64,中國信託,2024-01-08,6160
4162,智擎,60,1,59,中國信託,2024-01-08,6160
2331,精英,86,27,59,中國信託,2024-01-08,6160
5347,世界,63,5,58,中國信託,2024-01-08,6160
00751B,元大AAA至A公司債,77,20,57,中國信託,2024-01-08,6160
6770,力積電,145,88,57,中國信託,2024-01-08,6160
00933B,國泰10Y+金融債,116,60,56,中國信託,2024-01-08,6160
6285,啟��,56,4,52,中國信託,2024-01-08,6160
1102,亞泥,53,1,52,中國信託,2024-01-08,6160
00888,永豐台灣ESG,106,54,52,中國信託,2024-01-08,6160
2332,友訊,51,0,51,中國信託,2024-01-08,6160
00878,國泰永續高股息,621,54,567,中國信託,2024-01-09,6160
00934,中信成長高股息,667,155,512,中國信託,2024-01-09,6160
3481,群創,839,344,495,中國信託,2024-01-09,6160
00912,中信臺灣智慧50,604,110,494,中國信託,2024-01-09,6160
00922,國泰台灣領袖50,335,6,329,中國信託,2024-01-09,6160
1319,東陽,301,6,295,中國信託,2024-01-09,6160
2887,台新金,269,3,266,中國信託,2024-01-09,6160
3025,星通,316,76,240,中國信託,2024-01-09,6160
00632R,元大台灣50反1,251,20,231,中國信託,2024-01-09,6160
2356,英業達,386,169,217,中國信託,2024-01-09,6160
00921,兆豐龍頭等權重,306,98,208,中國信託,2024-01-09,6160
2303,聯電,288,88,200,中國信託,2024-01-09,6160
00888,永豐台灣ESG,218,22,196,中國信託,2024-01-09,6160
2474,可成,199,2,197,中國信託,2024-01-09,6160
2330,台積電,312,117,195,中國信託,2024-01-09,6160
2606,裕民,204,29,175,中國信託,2024-01-09,6160
2353,宏��,368,216,152,中國信託,2024-01-09,6160
2610,華航,194,49,145,中國信託,2024-01-09,6160
00690,兆豐藍籌30,265,126,139,中國信託,2024-01-09,6160
00937B,群益ESG投等債20,144,13,131,中國信託,2024-01-09,6160
2308,台達電,131,2,129,中國信託,2024-01-09,6160
00900,富邦特選高股息30,131,7,124,中國信託,2024-01-09,6160
9939,宏全,121,2,119,中國信託,2024-01-09,6160
00680L,元大美債20正2,125,10,115,中國信託,2024-01-09,6160
2530,華建,107,0,107,中國信託,2024-01-09,6160
2618,長榮航,138,33,105,中國信託,2024-01-09,6160
00924,復華S＆P500成長,102,0,102,中國信託,2024-01-09,6160
6176,瑞儀,102,4,98,中國信託,2024-01-09,6160
5607,遠雄港,98,0,98,中國信託,2024-01-09,6160
00923,群益台ESG低碳50,169,74,95,中國信託,2024-01-09,6160
2547,日勝生,95,3,92,中國信託,2024-01-09,6160
9934,成霖,90,2,88,中國信託,2024-01-09,6160
9904,寶成,86,0,86,中國信託,2024-01-09,6160
2409,友達,136,50,86,中國信託,2024-01-09,6160
2421,建準,115,32,83,中國信託,2024-01-09,6160
3702,大聯大,85,4,81,中國信託,2024-01-09,6160
2412,中華電,78,1,77,中國信託,2024-01-09,6160
2382,廣達,139,63,76,中國信託,2024-01-09,6160
00642U,期元大S＆P石油,69,0,69,中國信託,2024-01-09,6160
00933B,國泰10Y+金融債,64,0,64,中國信託,2024-01-09,6160
1314,中石化,68,4,64,中國信託,2024-01-09,6160
2449,京元電子,64,5,59,中國信託,2024-01-09,6160
2634,漢翔,68,12,56,中國信託,2024-01-09,6160
5388,中磊,56,1,55,中國信託,2024-01-09,6160
00911,兆豐洲際半導體,178,125,53,中國信託,2024-01-09,6160
00688L,國泰20年美債正2,63,11,52,中國信託,2024-01-09,6160
5234,達興材料,50,0,50,中國信託,2024-01-09,6160
4736,泰博,50,0,50,中國信託,2024-01-09,6160
2443,昶虹,55,5,50,中國信託,2024-01-09,6160
00679B,元大美債20年,80,31,49,中國信託,2024-01-09,6160
00891,中信關鍵半導體,458,19,439,中國信託,2024-01-10,6160
00633L,富邦上証正2,400,0,400,中國信託,2024-01-10,6160
00896,中信綠能及電動車,489,131,358,中國信託,2024-01-10,6160
00888,永豐台灣ESG,434,142,292,中國信託,2024-01-10,6160
3481,群創,333,80,253,中國信託,2024-01-10,6160
00881,國泰台灣5G+,242,33,209,中國信託,2024-01-10,6160
00715L,期街口布蘭特正2,277,84,193,中國信託,2024-01-10,6160
2891,中信金,224,33,191,中國信託,2024-01-10,6160
9105,泰金寶-DR,444,257,187,中國信託,2024-01-10,6160
2356,英業達,255,81,174,中國信託,2024-01-10,6160
2610,華航,245,77,168,中國信託,2024-01-10,6160
2352,佳世達,174,12,162,中國信託,2024-01-10,6160
00933B,國泰10Y+金融債,161,9,152,中國信託,2024-01-10,6160
00922,國泰台灣領袖50,151,1,150,中國信託,2024-01-10,6160
00665L,富邦�琤肭磪囓�2,153,6,147,中國信託,2024-01-10,6160
2530,華建,147,0,147,中國信託,2024-01-10,6160
00923,群益台ESG低碳50,155,15,140,中國信託,2024-01-10,6160
00687B,國泰20年美債,139,1,138,中國信託,2024-01-10,6160
6578,達邦蛋白,133,2,131,中國信託,2024-01-10,6160
00901,永豐智能車供應鏈,144,28,116,中國信託,2024-01-10,6160
2474,可成,115,0,115,中國信託,2024-01-10,6160
00907,永豐優息存股,107,0,107,中國信託,2024-01-10,6160
9904,寶成,111,5,106,中國信託,2024-01-10,6160
1402,遠東新,101,1,100,中國信託,2024-01-10,6160
00910,第一金太空衛星,100,2,98,中國信託,2024-01-10,6160
2547,日勝生,95,0,95,中國信託,2024-01-10,6160
00679B,元大美債20年,116,29,87,中國信託,2024-01-10,6160
00892,富邦台灣半導體,89,3,86,中國信託,2024-01-10,6160
2412,中華電,86,1,85,中國信託,2024-01-10,6160
00673R,期元大S＆P原油反1,81,0,81,中國信託,2024-01-10,6160
00917,中信特選金融,106,26,80,中國信託,2024-01-10,6160
2732,六角,78,0,78,中國信託,2024-01-10,6160
2890,永豐金,72,2,70,中國信託,2024-01-10,6160
3045,台灣大,70,1,69,中國信託,2024-01-10,6160
2543,皇昌,95,29,66,中國信託,2024-01-10,6160
2324,仁寶,118,55,63,中國信託,2024-01-10,6160
2409,友達,117,56,61,中國信託,2024-01-10,6160
1802,台玻,63,3,60,中國信託,2024-01-10,6160
4938,和碩,59,0,59,中國信託,2024-01-10,6160
00632R,元大台灣50反1,60,1,59,中國信託,2024-01-10,6160
2301,光寶科,72,13,59,中國信託,2024-01-10,6160
3217,優群,58,0,58,中國信託,2024-01-10,6160
00882,中信中國高股息,68,12,56,中國信託,2024-01-10,6160
3702,大聯大,108,56,52,中國信託,2024-01-10,6160
3036,文曄,78,28,50,中國信託,2024-01-10,6160
1314,中石化,47,1,46,中國信託,2024-01-10,6160
00894,中信小資高價30,119,74,45,中國信託,2024-01-10,6160
6147,頎邦,48,4,44,中國信託,2024-01-10,6160
2303,聯電,65,21,44,中國信託,2024-01-10,6160
2603,長榮,139,97,42,中國信託,2024-01-10,6160
00891,中信關鍵半導體,475,13,462,中國信託,2024-01-11,6160
00878,國泰永續高股息,500,92,408,中國信託,2024-01-11,6160
00900,富邦特選高股息30,394,20,374,中國信託,2024-01-11,6160
00665L,富邦�琤肭磪囓�2,358,10,348,中國信託,2024-01-11,6160
2520,冠德,303,10,293,中國信託,2024-01-11,6160
00928,中信上櫃ESG30,321,65,256,中國信託,2024-01-11,6160
0050,元大台灣50,292,57,235,中國信託,2024-01-11,6160
1504,東元,176,2,174,中國信託,2024-01-11,6160
00937B,群益ESG投等債20,183,14,169,中國信託,2024-01-11,6160
2303,聯電,187,28,159,中國信託,2024-01-11,6160
2610,華航,216,61,155,中國信託,2024-01-11,6160
00751B,元大AAA至A公司債,148,0,148,中國信託,2024-01-11,6160
2353,宏��,266,124,142,中國信託,2024-01-11,6160
00687B,國泰20年美債,149,11,138,中國信託,2024-01-11,6160
3094,聯傑,135,0,135,中國信託,2024-01-11,6160
00720B,元大投資級公司債,143,11,132,中國信託,2024-01-11,6160
2352,佳世達,139,15,124,中國信託,2024-01-11,6160
2356,英業達,288,178,110,中國信託,2024-01-11,6160
9105,泰金寶-DR,103,2,101,中國信託,2024-01-11,6160
9904,寶成,101,0,101,中國信託,2024-01-11,6160
2324,仁寶,111,13,98,中國信託,2024-01-11,6160
2547,日勝生,93,0,93,中國信託,2024-01-11,6160
00864B,中信美國公債0-1,283,190,93,中國信託,2024-01-11,6160
2609,陽明,214,123,91,中國信託,2024-01-11,6160
00643,群益深証中小,91,0,91,中國信託,2024-01-11,6160
2603,長榮,111,21,90,中國信託,2024-01-11,6160
00912,中信臺灣智慧50,308,220,88,中國信託,2024-01-11,6160
3005,神基,87,2,85,中國信託,2024-01-11,6160
2890,永豐金,89,5,84,中國信託,2024-01-11,6160
00725B,國泰投資級公司債,80,4,76,中國信託,2024-01-11,6160
4956,光鋐,482,406,76,中國信託,2024-01-11,6160
00933B,國泰10Y+金融債,74,0,74,中國信託,2024-01-11,6160
2412,中華電,80,6,74,中國信託,2024-01-11,6160
4966,譜瑞-KY,90,17,73,中國信託,2024-01-11,6160
00924,復華S＆P500成長,74,2,72,中國信託,2024-01-11,6160
2329,華泰,140,76,64,中國信託,2024-01-11,6160
6282,康舒,73,12,61,中國信託,2024-01-11,6160
5426,振發,163,103,60,中國信託,2024-01-11,6160
8050,廣積,191,132,59,中國信託,2024-01-11,6160
00679B,元大美債20年,87,32,55,中國信託,2024-01-11,6160
6547,高端疫苗,65,14,51,中國信託,2024-01-11,6160
2014,中鴻,50,0,50,中國信託,2024-01-11,6160
2317,鴻海,55,6,49,中國信託,2024-01-11,6160
2347,聯強,48,0,48,中國信託,2024-01-11,6160
1795,美時,56,8,48,中國信託,2024-01-11,6160
3548,兆利,93,46,47,中國信託,2024-01-11,6160
00631L,元大台灣50正2,46,0,46,中國信託,2024-01-11,6160
00913,兆豐台灣晶圓製造,157,111,46,中國信託,2024-01-11,6160
6239,力成,57,12,45,中國信託,2024-01-11,6160
8926,台汽電,43,0,43,中國信託,2024-01-11,6160
00715L,期街口布蘭特正2,1631,33,1598,中國信託,2024-01-12,6160
00633L,富邦上証正2,500,0,500,中國信託,2024-01-12,6160
2603,長榮,278,36,242,中國信託,2024-01-12,6160
1504,東元,232,9,223,中國信託,2024-01-12,6160
00665L,富邦�琤肭磪囓�2,210,40,170,中國信託,2024-01-12,6160
2891,中信金,230,71,159,中國信託,2024-01-12,6160
00687B,國泰20年美債,161,4,157,中國信託,2024-01-12,6160
2610,華航,149,9,140,中國信託,2024-01-12,6160
3034,聯詠,141,14,127,中國信託,2024-01-12,6160
00720B,元大投資級公司債,139,14,125,中國信託,2024-01-12,6160
2888,新光金,147,30,117,中國信託,2024-01-12,6160
00751B,元大AAA至A公司債,115,1,114,中國信託,2024-01-12,6160
00680L,元大美債20正2,119,5,114,中國信託,2024-01-12,6160
2303,聯電,204,93,111,中國信託,2024-01-12,6160
00679B,元大美債20年,110,4,106,中國信託,2024-01-12,6160
2301,光寶科,109,6,103,中國信託,2024-01-12,6160
9904,寶成,100,0,100,中國信託,2024-01-12,6160
2547,日勝生,95,0,95,中國信託,2024-01-12,6160
2356,英業達,251,157,94,中國信託,2024-01-12,6160
8112,至上,110,16,94,中國信託,2024-01-12,6160
00673R,期元大S＆P原油反1,90,0,90,中國信託,2024-01-12,6160
2353,宏��,309,221,88,中國信託,2024-01-12,6160
00894,中信小資高價30,199,112,87,中國信託,2024-01-12,6160
2887,台新金,95,9,86,中國信託,2024-01-12,6160
00923,群益台ESG低碳50,89,6,83,中國信託,2024-01-12,6160
2618,長榮航,135,56,79,中國信託,2024-01-12,6160
00891,中信關鍵半導體,83,8,75,中國信託,2024-01-12,6160
00700,富邦�琤肭磪�,80,10,70,中國信託,2024-01-12,6160
0050,元大台灣50,208,143,65,中國信託,2024-01-12,6160
1528,恩德,104,40,64,中國信託,2024-01-12,6160
00933B,國泰10Y+金融債,79,16,63,中國信託,2024-01-12,6160
00632R,元大台灣50反1,67,5,62,中國信託,2024-01-12,6160
8085,福華,62,1,61,中國信託,2024-01-12,6160
2474,可成,60,0,60,中國信託,2024-01-12,6160
8096,擎亞,405,350,55,中國信託,2024-01-12,6160
9105,泰金寶-DR,195,144,51,中國信託,2024-01-12,6160
6147,頎邦,54,4,50,中國信託,2024-01-12,6160
3217,優群,49,0,49,中國信託,2024-01-12,6160
3010,華立,48,0,48,中國信託,2024-01-12,6160
6138,茂達,51,3,48,中國信託,2024-01-12,6160
00937B,群益ESG投等債20,74,30,44,中國信託,2024-01-12,6160
8926,台汽電,43,0,43,中國信託,2024-01-12,6160
6668,中揚光,49,6,43,中國信託,2024-01-12,6160
00936,台新永續高息中小,220,178,42,中國信託,2024-01-12,6160
00666R,富邦�琤肭磪齯�1,42,0,42,中國信託,2024-01-12,6160
4909,新復興,207,166,41,中國信託,2024-01-12,6160
8201,無敵,43,2,41,中國信託,2024-01-12,6160
00726B,國泰新興投等債,39,0,39,中國信託,2024-01-12,6160
5426,振發,545,508,37,中國信託,2024-01-12,6160
6695,芯鼎,118,81,37,中國信託,2024-01-12,6160
00753L,中信中國50正2,701,114,587,中國信託,2024-01-15,6160
2891,中信金,622,66,556,中國信託,2024-01-15,6160
2882,國泰金,540,22,518,中國信託,2024-01-15,6160
00912,中信臺灣智慧50,505,19,486,中國信託,2024-01-15,6160
00900,富邦特選高股息30,463,18,445,中國信託,2024-01-15,6160
00680L,元大美債20正2,383,4,379,中國信託,2024-01-15,6160
00637L,元大滬深300正2,307,0,307,中國信託,2024-01-15,6160
00878,國泰永續高股息,558,253,305,中國信託,2024-01-15,6160
4938,和碩,254,1,253,中國信託,2024-01-15,6160
2317,鴻海,256,6,250,中國信託,2024-01-15,6160
0050,元大台灣50,577,329,248,中國信託,2024-01-15,6160
1216,統一,212,1,211,中國信託,2024-01-15,6160
1560,中砂,241,53,188,中國信託,2024-01-15,6160
2609,陽明,250,74,176,中國信託,2024-01-15,6160
2347,聯強,176,1,175,中國信託,2024-01-15,6160
1504,東元,179,4,175,中國信託,2024-01-15,6160
00901,永豐智能車供應鏈,203,46,157,中國信託,2024-01-15,6160
00894,中信小資高價30,356,200,156,中國信託,2024-01-15,6160
3481,群創,177,20,157,中國信託,2024-01-15,6160
8069,元太,151,0,151,中國信託,2024-01-15,6160
00891,中信關鍵半導體,332,184,148,中國信託,2024-01-15,6160
00892,富邦台灣半導體,191,44,147,中國信託,2024-01-15,6160
2382,廣達,169,30,139,中國信託,2024-01-15,6160
2610,華航,322,189,133,中國信託,2024-01-15,6160
3231,緯創,268,137,131,中國信託,2024-01-15,6160
00751B,元大AAA至A公司債,153,31,122,中國信託,2024-01-15,6160
00720B,元大投資級公司債,134,12,122,中國信託,2024-01-15,6160
00937B,群益ESG投等債20,146,29,117,中國信託,2024-01-15,6160
2618,長榮航,170,53,117,中國信託,2024-01-15,6160
2303,聯電,184,70,114,中國信託,2024-01-15,6160
00692,富邦公司治理,112,0,112,中國信託,2024-01-15,6160
2356,英業達,191,80,111,中國信託,2024-01-15,6160
00687B,國泰20年美債,116,7,109,中國信託,2024-01-15,6160
00752,中信中國50,459,351,108,中國信託,2024-01-15,6160
2353,宏��,251,145,106,中國信託,2024-01-15,6160
2352,佳世達,109,7,102,中國信託,2024-01-15,6160
00933B,國泰10Y+金融債,116,16,100,中國信託,2024-01-15,6160
2547,日勝生,97,0,97,中國信託,2024-01-15,6160
00701,國泰股利精選30,97,2,95,中國信託,2024-01-15,6160
00641R,富邦日本反1,90,0,90,中國信託,2024-01-15,6160
00931B,統一美債20年,97,11,86,中國信託,2024-01-15,6160
00896,中信綠能及電動車,303,218,85,中國信託,2024-01-15,6160
8466,美吉吉-KY,87,9,78,中國信託,2024-01-15,6160
00679B,元大美債20年,79,3,76,中國信託,2024-01-15,6160
2603,長榮,121,45,76,中國信託,2024-01-15,6160
00881,國泰台灣5G+,102,26,76,中國信託,2024-01-15,6160
2383,台光電,78,7,71,中國信託,2024-01-15,6160
00665L,富邦�琤肭磪囓�2,190,120,70,中國信託,2024-01-15,6160
00770,國泰北美科技,77,7,70,中國信託,2024-01-15,6160
2885,元大金,72,2,70,中國信託,2024-01-15,6160
2891,中信金,1175,22,1153,中國信託,2024-01-16,6160
1504,東元,1005,3,1002,中國信託,2024-01-16,6160
0050,元大台灣50,981,253,728,中國信託,2024-01-16,6160
2606,裕民,408,27,381,中國信託,2024-01-16,6160
2330,台積電,412,49,363,中國信託,2024-01-16,6160
2002,中鋼,346,27,319,中國信託,2024-01-16,6160
00922,國泰台灣領袖50,334,45,289,中國信託,2024-01-16,6160
2887,台新金,206,4,202,中國信託,2024-01-16,6160
3665,貿聯-KY,201,0,201,中國信託,2024-01-16,6160
9105,泰金寶-DR,178,8,170,中國信託,2024-01-16,6160
2883,凱基金,185,23,162,中國信託,2024-01-16,6160
2610,華航,266,112,154,中國信託,2024-01-16,6160
00900,富邦特選高股息30,190,46,144,中國信託,2024-01-16,6160
2382,廣達,154,15,139,中國信託,2024-01-16,6160
00752,中信中國50,409,271,138,中國信託,2024-01-16,6160
2303,聯電,255,118,137,中國信託,2024-01-16,6160
2885,元大金,169,40,129,中國信託,2024-01-16,6160
2515,中工,284,155,129,中國信託,2024-01-16,6160
00932,兆豐永續高息等權,127,0,127,中國信託,2024-01-16,6160
6695,芯鼎,299,176,123,中國信託,2024-01-16,6160
00720B,元大投資級公司債,256,133,123,中國信託,2024-01-16,6160
2449,京元電子,190,67,123,中國信託,2024-01-16,6160
3045,台灣大,113,0,113,中國信託,2024-01-16,6160
00912,中信臺灣智慧50,441,330,111,中國信託,2024-01-16,6160
2352,佳世達,122,12,110,中國信託,2024-01-16,6160
00770,國泰北美科技,128,21,107,中國信託,2024-01-16,6160
2888,新光金,114,8,106,中國信託,2024-01-16,6160
8096,擎亞,559,453,106,中國信託,2024-01-16,6160
00725B,國泰投資級公司債,104,5,99,中國信託,2024-01-16,6160
2412,中華電,109,12,97,中國信託,2024-01-16,6160
3034,聯詠,121,33,88,中國信託,2024-01-16,6160
6284,佳邦,110,23,87,中國信託,2024-01-16,6160
2882,國泰金,87,3,84,中國信託,2024-01-16,6160
6643,M31,89,6,83,中國信託,2024-01-16,6160
00937B,群益ESG投等債20,91,11,80,中國信託,2024-01-16,6160
2486,一詮,315,237,78,中國信託,2024-01-16,6160
00795B,中信美國公債20年,485,409,76,中國信託,2024-01-16,6160
2732,六角,72,0,72,中國信託,2024-01-16,6160
1609,大亞,99,30,69,中國信託,2024-01-16,6160
00773B,中信優先金融債,910,840,70,中國信託,2024-01-16,6160
2890,永豐金,103,35,68,中國信託,2024-01-16,6160
00679B,元大美債20年,77,13,64,中國信託,2024-01-16,6160
3287,廣寰科,128,65,63,中國信託,2024-01-16,6160
2409,友達,135,73,62,中國信託,2024-01-16,6160
1815,富喬,72,10,62,中國信託,2024-01-16,6160
1314,中石化,74,15,59,中國信託,2024-01-16,6160
2884,玉山金,56,0,56,中國信託,2024-01-16,6160
00740B,富邦全球投等債,54,0,54,中國信託,2024-01-16,6160
2313,華通,113,60,53,中國信託,2024-01-16,6160
2867,三商壽,54,1,53,中國信託,2024-01-16,6160
2891,中信金,1827,70,1757,中國信託,2024-01-17,6160
00891,中信關鍵半導體,1016,15,1001,中國信託,2024-01-17,6160
00892,富邦台灣半導體,920,4,916,中國信託,2024-01-17,6160
00934,中信成長高股息,1024,166,858,中國信託,2024-01-17,6160
0050,元大台灣50,1052,258,794,中國信託,2024-01-17,6160
00922,國泰台灣領袖50,861,161,700,中國信託,2024-01-17,6160
00928,中信上櫃ESG30,689,51,638,中國信託,2024-01-17,6160
2882,國泰金,644,13,631,中國信託,2024-01-17,6160
2885,元大金,892,285,607,中國信託,2024-01-17,6160
00894,中信小資高價30,781,207,574,中國信託,2024-01-17,6160
00882,中信中國高股息,588,41,547,中國信託,2024-01-17,6160
00917,中信特選金融,420,30,390,中國信託,2024-01-17,6160
00900,富邦特選高股息30,429,49,380,中國信託,2024-01-17,6160
00888,永豐台灣ESG,600,257,343,中國信託,2024-01-17,6160
1210,大成,337,1,336,中國信託,2024-01-17,6160
2881,富邦金,321,2,319,中國信託,2024-01-17,6160
2303,聯電,476,178,298,中國信託,2024-01-17,6160
2330,台積電,299,21,278,中國信託,2024-01-17,6160
2301,光寶科,243,4,239,中國信託,2024-01-17,6160
00937B,群益ESG投等債20,235,5,230,中國信託,2024-01-17,6160
00679B,元大美債20年,251,23,228,中國信託,2024-01-17,6160
2208,台船,219,11,208,中國信託,2024-01-17,6160
2606,裕民,208,6,202,中國信託,2024-01-17,6160
9105,泰金寶-DR,274,80,194,中國信託,2024-01-17,6160
2615,萬海,272,85,187,中國信託,2024-01-17,6160
00720B,元大投資級公司債,178,4,174,中國信託,2024-01-17,6160
2887,台新金,164,6,158,中國信託,2024-01-17,6160
2368,金像電,159,6,153,中國信託,2024-01-17,6160
2317,鴻海,167,14,153,中國信託,2024-01-17,6160
5880,合庫金,157,7,150,中國信託,2024-01-17,6160
2610,華航,178,31,147,中國信託,2024-01-17,6160
3481,群創,759,615,144,中國信託,2024-01-17,6160
2892,第一金,144,1,143,中國信託,2024-01-17,6160
2474,可成,144,2,142,中國信託,2024-01-17,6160
2409,友達,133,14,119,中國信託,2024-01-17,6160
2884,玉山金,128,14,114,中國信託,2024-01-17,6160
3694,海華,162,51,111,中國信託,2024-01-17,6160
1304,台聚,108,3,105,中國信託,2024-01-17,6160
3354,律勝,118,13,105,中國信託,2024-01-17,6160
2883,凱基金,122,19,103,中國信託,2024-01-17,6160
3036,文曄,189,86,103,中國信託,2024-01-17,6160
2412,中華電,103,0,103,中國信託,2024-01-17,6160
6127,九豪,168,67,101,中國信託,2024-01-17,6160
2352,佳世達,112,15,97,中國信託,2024-01-17,6160
00770,國泰北美科技,92,1,91,中國信託,2024-01-17,6160
8069,元太,89,0,89,中國信託,2024-01-17,6160
00933B,國泰10Y+金融債,107,22,85,中國信託,2024-01-17,6160
2886,兆豐金,108,28,80,中國信託,2024-01-17,6160
00901,永豐智能車供應鏈,125,45,80,中國信託,2024-01-17,6160
2356,英業達,312,237,75,中國信託,2024-01-17,6160
2891,中信金,1392,167,1225,中國信託,2024-01-18,6160
00881,國泰台灣5G+,897,6,891,中國信託,2024-01-18,6160
0050,元大台灣50,661,159,502,中國信託,2024-01-18,6160
00882,中信中國高股息,384,23,361,中國信託,2024-01-18,6160
2324,仁寶,430,71,359,中國信託,2024-01-18,6160
2330,台積電,455,109,346,中國信託,2024-01-18,6160
00927,群益半導體收益,353,68,285,中國信託,2024-01-18,6160
00934,中信成長高股息,297,39,258,中國信託,2024-01-18,6160
2303,聯電,317,83,234,中國信託,2024-01-18,6160
2881,富邦金,238,5,233,中國信託,2024-01-18,6160
2368,金像電,323,152,171,中國信託,2024-01-18,6160
1402,遠東新,148,0,148,中國信託,2024-01-18,6160
00922,國泰台灣領袖50,166,22,144,中國信託,2024-01-18,6160
2883,凱基金,135,2,133,中國信託,2024-01-18,6160
2002,中鋼,117,2,115,中國信託,2024-01-18,6160
00731,復華富時高息低波,115,0,115,中國信託,2024-01-18,6160
4746,台耀,136,31,105,中國信託,2024-01-18,6160
2610,華航,201,105,96,中國信託,2024-01-18,6160
2887,台新金,111,19,92,中國信託,2024-01-18,6160
00888,永豐台灣ESG,105,16,89,中國信託,2024-01-18,6160
2412,中華電,88,2,86,中國信託,2024-01-18,6160
2732,六角,84,2,82,中國信託,2024-01-18,6160
00637L,元大滬深300正2,95,13,82,中國信託,2024-01-18,6160
00679B,元大美債20年,79,1,78,中國信託,2024-01-18,6160
2609,陽明,193,120,73,中國信託,2024-01-18,6160
2809,京城銀,75,5,70,中國信託,2024-01-18,6160
00752,中信中國50,66,0,66,中國信託,2024-01-18,6160
3287,廣寰科,299,233,66,中國信託,2024-01-18,6160
2882,國泰金,66,1,65,中國信託,2024-01-18,6160
2465,麗臺,63,0,63,中國信託,2024-01-18,6160
00692,富邦公司治理,65,2,63,中國信託,2024-01-18,6160
00756B,群益投等新興公債,61,0,61,中國信託,2024-01-18,6160
4919,新唐,66,5,61,中國信託,2024-01-18,6160
00933B,國泰10Y+金融債,64,4,60,中國信託,2024-01-18,6160
3005,神基,62,4,58,中國信託,2024-01-18,6160
5347,世界,67,10,57,中國信託,2024-01-18,6160
00712,復華富時不動產,75,18,57,中國信託,2024-01-18,6160
4960,誠美材,95,42,53,中國信託,2024-01-18,6160
2382,廣達,155,103,52,中國信託,2024-01-18,6160
2474,可成,52,1,51,中國信託,2024-01-18,6160
00923,群益台ESG低碳50,66,16,50,中國信託,2024-01-18,6160
1904,正隆,50,0,50,中國信託,2024-01-18,6160
006205,富邦上証,48,0,48,中國信託,2024-01-18,6160
2884,玉山金,51,4,47,中國信託,2024-01-18,6160
2409,友達,116,74,42,中國信託,2024-01-18,6160
6578,達邦蛋白,42,0,42,中國信託,2024-01-18,6160
00673R,期元大S＆P原油反1,40,0,40,中國信託,2024-01-18,6160
8027,鈦昇,73,34,39,中國信託,2024-01-18,6160
00885,富邦越南,36,0,36,中國信託,2024-01-18,6160
3033,威健,57,21,36,中國信託,2024-01-18,6160
00878,國泰永續高股息,2368,521,1847,中國信託,2024-01-19,6160
2891,中信金,1187,30,1157,中國信託,2024-01-19,6160
00632R,元大台灣50反1,599,97,502,中國信託,2024-01-19,6160
006208,富邦台50,560,81,479,中國信託,2024-01-19,6160
2618,長榮航,461,48,413,中國信託,2024-01-19,6160
00936,台新永續高息中小,412,11,401,中國信託,2024-01-19,6160
00901,永豐智能車供應鏈,396,17,379,中國信託,2024-01-19,6160
00715L,期街口布蘭特正2,396,61,335,中國信託,2024-01-19,6160
00894,中信小資高價30,356,91,265,中國信託,2024-01-19,6160
00687B,國泰20年美債,264,6,258,中國信託,2024-01-19,6160
9910,豐泰,310,69,241,中國信託,2024-01-19,6160
2303,聯電,310,82,228,中國信託,2024-01-19,6160
00922,國泰台灣領袖50,241,23,218,中國信託,2024-01-19,6160
3045,台灣大,214,1,213,中國信託,2024-01-19,6160
2353,宏��,621,412,209,中國信託,2024-01-19,6160
00795B,中信美國公債20年,637,433,204,中國信託,2024-01-19,6160
00882,中信中國高股息,245,44,201,中國信託,2024-01-19,6160
00679B,元大美債20年,261,67,194,中國信託,2024-01-19,6160
00772B,中信高評級公司債,209,44,165,中國信託,2024-01-19,6160
2610,華航,249,94,155,中國信託,2024-01-19,6160
6127,九豪,144,6,138,中國信託,2024-01-19,6160
4956,光鋐,369,245,124,中國信託,2024-01-19,6160
2890,永豐金,125,1,124,中國信託,2024-01-19,6160
2006,東和鋼鐵,120,0,120,中國信託,2024-01-19,6160
2324,仁寶,196,80,116,中國信託,2024-01-19,6160
2412,中華電,111,0,111,中國信託,2024-01-19,6160
2474,可成,108,0,108,中國信託,2024-01-19,6160
2204,中華,100,0,100,中國信託,2024-01-19,6160
00931B,統一美債20年,108,11,97,中國信託,2024-01-19,6160
4746,台耀,130,44,86,中國信託,2024-01-19,6160
2809,京城銀,85,0,85,中國信託,2024-01-19,6160
2885,元大金,75,0,75,中國信託,2024-01-19,6160
2886,兆豐金,74,0,74,中國信託,2024-01-19,6160
2834,臺企銀,74,1,73,中國信託,2024-01-19,6160
00688L,國泰20年美債正2,145,74,71,中國信託,2024-01-19,6160
00665L,富邦�琤肭磪囓�2,71,1,70,中國信託,2024-01-19,6160
00933B,國泰10Y+金融債,70,3,67,中國信託,2024-01-19,6160
2352,佳世達,79,12,67,中國信託,2024-01-19,6160
00680L,元大美債20正2,237,174,63,中國信託,2024-01-19,6160
2732,六角,60,0,60,中國信託,2024-01-19,6160
6578,達邦蛋白,61,2,59,中國信託,2024-01-19,6160
2002,中鋼,68,9,59,中國信託,2024-01-19,6160
00700,富邦�琤肭磪�,65,10,55,中國信託,2024-01-19,6160
1102,亞泥,54,0,54,中國信託,2024-01-19,6160
2401,凌陽,124,70,54,中國信託,2024-01-19,6160
00673R,期元大S＆P原油反1,54,0,54,中國信託,2024-01-19,6160
00924,復華S＆P500成長,59,7,52,中國信託,2024-01-19,6160
6239,力成,59,7,52,中國信託,2024-01-19,6160
3530,晶相光,71,20,51,中國信託,2024-01-19,6160
2542,興富發,82,31,51,中國信託,2024-01-19,6160
00878,國泰永續高股息,4545,403,4142,中國信託,2024-01-22,6160
00864B,中信美國公債0-1,1750,301,1449,中國信託,2024-01-22,6160
3481,群創,1640,382,1258,中國信託,2024-01-22,6160
2885,元大金,1003,21,982,中國信託,2024-01-22,6160
2891,中信金,635,106,529,中國信託,2024-01-22,6160
00934,中信成長高股息,420,44,376,中國信託,2024-01-22,6160
0056,元大高股息,499,130,369,中國信託,2024-01-22,6160
00632R,元大台灣50反1,644,303,341,中國信託,2024-01-22,6160
00901,永豐智能車供應鏈,384,49,335,中國信託,2024-01-22,6160
3231,緯創,988,666,322,中國信託,2024-01-22,6160
00753L,中信中國50正2,498,188,310,中國信託,2024-01-22,6160
00882,中信中國高股息,380,74,306,中國信託,2024-01-22,6160
2204,中華,305,1,304,中國信託,2024-01-22,6160
00911,兆豐洲際半導體,378,98,280,中國信託,2024-01-22,6160
2382,廣達,494,235,259,中國信託,2024-01-22,6160
006208,富邦台50,287,32,255,中國信託,2024-01-22,6160
00881,國泰台灣5G+,255,34,221,中國信託,2024-01-22,6160
00923,群益台ESG低碳50,214,11,203,中國信託,2024-01-22,6160
00910,第一金太空衛星,202,24,178,中國信託,2024-01-22,6160
00891,中信關鍵半導體,204,55,149,中國信託,2024-01-22,6160
00690,兆豐藍籌30,149,1,148,中國信託,2024-01-22,6160
6285,啟��,137,9,128,中國信託,2024-01-22,6160
00892,富邦台灣半導體,147,20,127,中國信託,2024-01-22,6160
00912,中信臺灣智慧50,271,151,120,中國信託,2024-01-22,6160
9939,宏全,120,1,119,中國信託,2024-01-22,6160
9904,寶成,114,0,114,中國信託,2024-01-22,6160
00701,國泰股利精選30,99,0,99,中國信託,2024-01-22,6160
00692,富邦公司治理,106,14,92,中國信託,2024-01-22,6160
3013,晟銘電,101,11,90,中國信託,2024-01-22,6160
2412,中華電,103,14,89,中國信託,2024-01-22,6160
00927,群益半導體收益,123,36,87,中國信託,2024-01-22,6160
00913,兆豐台灣晶圓製造,129,42,87,中國信託,2024-01-22,6160
4109,加捷生醫,102,21,81,中國信託,2024-01-22,6160
2603,長榮,227,149,78,中國信託,2024-01-22,6160
2809,京城銀,72,0,72,中國信託,2024-01-22,6160
00900,富邦特選高股息30,107,37,70,中國信託,2024-01-22,6160
2317,鴻海,73,7,66,中國信託,2024-01-22,6160
00679B,元大美債20年,75,10,65,中國信託,2024-01-22,6160
3287,廣寰科,187,124,63,中國信託,2024-01-22,6160
2834,臺企銀,63,0,63,中國信託,2024-01-22,6160
00665L,富邦�琤肭磪囓�2,181,121,60,中國信託,2024-01-22,6160
6213,聯茂,61,1,60,中國信託,2024-01-22,6160
00924,復華S＆P500成長,62,3,59,中國信託,2024-01-22,6160
00687B,國泰20年美債,62,5,57,中國信託,2024-01-22,6160
1815,富喬,70,17,53,中國信託,2024-01-22,6160
2301,光寶科,82,30,52,中國信託,2024-01-22,6160
8054,安國,127,76,51,中國信託,2024-01-22,6160
2887,台新金,51,0,51,中國信託,2024-01-22,6160
6134,萬旭,58,7,51,中國信託,2024-01-22,6160
6547,高端疫苗,51,0,51,中國信託,2024-01-22,6160
00680L,元大美債20正2,2075,10,2065,中國信託,2024-01-23,6160
006208,富邦台50,1142,5,1137,中國信託,2024-01-23,6160
2303,聯電,913,67,846,中國信託,2024-01-23,6160
00878,國泰永續高股息,836,149,687,中國信託,2024-01-23,6160
00715L,期街口布蘭特正2,765,227,538,中國信託,2024-01-23,6160
00900,富邦特選高股息30,533,53,480,中國信託,2024-01-23,6160
0056,元大高股息,494,69,425,中國信託,2024-01-23,6160
2049,上銀,339,0,339,中國信託,2024-01-23,6160
00637L,元大滬深300正2,333,27,306,中國信託,2024-01-23,6160
1210,大成,300,2,298,中國信託,2024-01-23,6160
00751B,元大AAA至A公司債,281,3,278,中國信託,2024-01-23,6160
00720B,元大投資級公司債,266,2,264,中國信託,2024-01-23,6160
1503,士電,237,20,217,中國信託,2024-01-23,6160
3017,奇鋐,295,79,216,中國信託,2024-01-23,6160
2382,廣達,279,69,210,中國信託,2024-01-23,6160
2204,中華,204,0,204,中國信託,2024-01-23,6160
2353,宏��,247,56,191,中國信託,2024-01-23,6160
1101,台泥,230,40,190,中國信託,2024-01-23,6160
00665L,富邦�琤肭磪囓�2,222,41,181,中國信託,2024-01-23,6160
3034,聯詠,223,57,166,中國信託,2024-01-23,6160
8996,高力,181,22,159,中國信託,2024-01-23,6160
00937B,群益ESG投等債20,185,33,152,中國信託,2024-01-23,6160
4938,和碩,147,1,146,中國信託,2024-01-23,6160
2891,中信金,143,27,116,中國信託,2024-01-23,6160
00881,國泰台灣5G+,121,9,112,中國信託,2024-01-23,6160
00882,中信中國高股息,136,30,106,中國信託,2024-01-23,6160
2383,台光電,106,4,102,中國信託,2024-01-23,6160
6578,達邦蛋白,100,0,100,中國信託,2024-01-23,6160
3380,明泰,235,140,95,中國信託,2024-01-23,6160
2618,長榮航,168,73,95,中國信託,2024-01-23,6160
8112,至上,97,3,94,中國信託,2024-01-23,6160
2449,京元電子,120,32,88,中國信託,2024-01-23,6160
00892,富邦台灣半導體,95,10,85,中國信託,2024-01-23,6160
00928,中信上櫃ESG30,105,20,85,中國信託,2024-01-23,6160
00687B,國泰20年美債,82,0,82,中國信託,2024-01-23,6160
00679B,元大美債20年,87,10,77,中國信託,2024-01-23,6160
1524,耿鼎,75,0,75,中國信託,2024-01-23,6160
2385,群光,69,3,66,中國信託,2024-01-23,6160
2609,陽明,103,42,61,中國信託,2024-01-23,6160
00636,國泰中國A50,61,0,61,中國信託,2024-01-23,6160
1504,東元,63,9,54,中國信託,2024-01-23,6160
8050,廣積,78,26,52,中國信託,2024-01-23,6160
00891,中信關鍵半導體,84,34,50,中國信託,2024-01-23,6160
3059,華晶科,72,22,50,中國信託,2024-01-23,6160
6237,驊訊,93,46,47,中國信託,2024-01-23,6160
00894,中信小資高價30,52,6,46,中國信託,2024-01-23,6160
3217,優群,48,3,45,中國信託,2024-01-23,6160
1590,亞德客-KY,42,0,42,中國信託,2024-01-23,6160
9933,中鼎,41,0,41,中國信託,2024-01-23,6160
2419,仲琦,40,0,40,中國信託,2024-01-23,6160
0050,元大台灣50,506,59,447,中國信託,2024-01-24,6160
00900,富邦特選高股息30,978,540,438,中國信託,2024-01-24,6160
00687B,國泰20年美債,440,14,426,中國信託,2024-01-24,6160
3481,群創,533,256,277,中國信託,2024-01-24,6160
2891,中信金,259,7,252,中國信託,2024-01-24,6160
1101,台泥,250,4,246,中國信託,2024-01-24,6160
00901,永豐智能車供應鏈,306,63,243,中國信託,2024-01-24,6160
006208,富邦台50,226,15,211,中國信託,2024-01-24,6160
2204,中華,213,5,208,中國信託,2024-01-24,6160
00753L,中信中國50正2,556,353,203,中國信託,2024-01-24,6160
2376,技嘉,252,50,202,中國信託,2024-01-24,6160
00894,中信小資高價30,227,35,192,中國信託,2024-01-24,6160
00878,國泰永續高股息,212,63,149,中國信託,2024-01-24,6160
00891,中信關鍵半導體,163,17,146,中國信託,2024-01-24,6160
00679B,元大美債20年,176,40,136,中國信託,2024-01-24,6160
00665L,富邦�琤肭磪囓�2,172,41,131,中國信託,2024-01-24,6160
00881,國泰台灣5G+,132,8,124,中國信託,2024-01-24,6160
00892,富邦台灣半導體,133,10,123,中國信託,2024-01-24,6160
00680L,元大美債20正2,113,0,113,中國信託,2024-01-24,6160
2356,英業達,372,261,111,中國信託,2024-01-24,6160
5434,崇越,100,3,97,中國信託,2024-01-24,6160
2412,中華電,96,0,96,中國信託,2024-01-24,6160
2313,華通,259,166,93,中國信託,2024-01-24,6160
0056,元大高股息,150,60,90,中國信託,2024-01-24,6160
2353,宏��,162,75,87,中國信託,2024-01-24,6160
8112,至上,99,14,85,中國信託,2024-01-24,6160
00888,永豐台灣ESG,208,128,80,中國信託,2024-01-24,6160
00795B,中信美國公債20年,681,602,79,中國信託,2024-01-24,6160
00692,富邦公司治理,80,5,75,中國信託,2024-01-24,6160
00933B,國泰10Y+金融債,75,1,74,中國信託,2024-01-24,6160
00902,中信電池及儲能,81,9,72,中國信託,2024-01-24,6160
00720B,元大投資級公司債,69,0,69,中國信託,2024-01-24,6160
2368,金像電,60,2,58,中國信託,2024-01-24,6160
3715,定穎投控,64,9,55,中國信託,2024-01-24,6160
2323,中環,52,0,52,中國信託,2024-01-24,6160
00696B,富邦美債20年,51,0,51,中國信託,2024-01-24,6160
00751B,元大AAA至A公司債,59,8,51,中國信託,2024-01-24,6160
3711,日月光投控,100,50,50,中國信託,2024-01-24,6160
1504,東元,53,3,50,中國信託,2024-01-24,6160
00664R,國泰臺灣加權反1,50,0,50,中國信託,2024-01-24,6160
2308,台達電,60,16,44,中國信託,2024-01-24,6160
2369,菱生,280,236,44,中國信託,2024-01-24,6160
00633L,富邦上証正2,44,0,44,中國信託,2024-01-24,6160
8059,凱碩,83,40,43,中國信託,2024-01-24,6160
00738U,期元大道瓊白銀,42,0,42,中國信託,2024-01-24,6160
6732,昇佳電子,40,0,40,中國信託,2024-01-24,6160
2884,玉山金,79,42,37,中國信託,2024-01-24,6160
3450,聯鈞,61,24,37,中國信託,2024-01-24,6160
3376,新日興,37,0,37,中國信託,2024-01-24,6160
2486,一詮,105,69,36,中國信託,2024-01-24,6160
00888,永豐台灣ESG,2549,222,2327,中國信託,2024-01-25,6160
00878,國泰永續高股息,1439,107,1332,中國信託,2024-01-25,6160
00900,富邦特選高股息30,1372,65,1307,中國信託,2024-01-25,6160
00929,復華台灣科技優息,1316,288,1028,中國信託,2024-01-25,6160
00753L,中信中國50正2,2067,1230,837,中國信託,2024-01-25,6160
00881,國泰台灣5G+,733,44,689,中國信託,2024-01-25,6160
00715L,期街口布蘭特正2,639,16,623,中國信託,2024-01-25,6160
00901,永豐智能車供應鏈,569,24,545,中國信託,2024-01-25,6160
00892,富邦台灣半導體,495,2,493,中國信託,2024-01-25,6160
006208,富邦台50,664,179,485,中國信託,2024-01-25,6160
00665L,富邦�琤肭磪囓�2,475,1,474,中國信託,2024-01-25,6160
00937B,群益ESG投等債20,430,8,422,中國信託,2024-01-25,6160
00894,中信小資高價30,424,47,377,中國信託,2024-01-25,6160
00891,中信關鍵半導體,433,77,356,中國信託,2024-01-25,6160
9105,泰金寶-DR,305,59,246,中國信託,2024-01-25,6160
1101,台泥,244,17,227,中國信託,2024-01-25,6160
2344,華邦電,233,11,222,中國信託,2024-01-25,6160
2421,建準,274,53,221,中國信託,2024-01-25,6160
00687B,國泰20年美債,237,37,200,中國信託,2024-01-25,6160
00679B,元大美債20年,202,22,180,中國信託,2024-01-25,6160
00885,富邦越南,148,1,147,中國信託,2024-01-25,6160
3294,英濟,141,0,141,中國信託,2024-01-25,6160
00910,第一金太空衛星,125,0,125,中國信託,2024-01-25,6160
00632R,元大台灣50反1,125,1,124,中國信託,2024-01-25,6160
00793B,群益AAA-A醫療債,143,25,118,中國信託,2024-01-25,6160
2352,佳世達,130,17,113,中國信託,2024-01-25,6160
2002,中鋼,122,13,109,中國信託,2024-01-25,6160
00864B,中信美國公債0-1,216,111,105,中國信託,2024-01-25,6160
00911,兆豐洲際半導體,223,128,95,中國信託,2024-01-25,6160
3055,蔚華科,109,22,87,中國信託,2024-01-25,6160
2412,中華電,85,1,84,中國信託,2024-01-25,6160
8011,台通,79,2,77,中國信託,2024-01-25,6160
6462,神盾,119,45,74,中國信託,2024-01-25,6160
2467,志聖,81,10,71,中國信託,2024-01-25,6160
8096,擎亞,486,415,71,中國信託,2024-01-25,6160
2356,英業達,297,229,68,中國信託,2024-01-25,6160
3706,神達,85,19,66,中國信託,2024-01-25,6160
00720B,元大投資級公司債,107,43,64,中國信託,2024-01-25,6160
00637L,元大滬深300正2,98,35,63,中國信託,2024-01-25,6160
2884,玉山金,62,1,61,中國信託,2024-01-25,6160
2382,廣達,118,57,61,中國信託,2024-01-25,6160
2006,東和鋼鐵,60,0,60,中國信託,2024-01-25,6160
3605,宏致,137,77,60,中國信託,2024-01-25,6160
00934,中信成長高股息,137,78,59,中國信託,2024-01-25,6160
0056,元大高股息,138,82,56,中國信託,2024-01-25,6160
8183,精星,55,0,55,中國信託,2024-01-25,6160
2486,一詮,132,77,55,中國信託,2024-01-25,6160
3211,順達,76,22,54,中國信託,2024-01-25,6160
4909,新復興,313,260,53,中國信託,2024-01-25,6160
6282,康舒,53,1,52,中國信託,2024-01-25,6160
006208,富邦台50,1414,28,1386,中國信託,2024-01-26,6160
0050,元大台灣50,1390,32,1358,中國信託,2024-01-26,6160
00715L,期街口布蘭特正2,1327,76,1251,中國信託,2024-01-26,6160
00900,富邦特選高股息30,932,364,568,中國信託,2024-01-26,6160
00922,國泰台灣領袖50,504,3,501,中國信託,2024-01-26,6160
2449,京元電子,407,13,394,中國信託,2024-01-26,6160
00901,永豐智能車供應鏈,298,43,255,中國信託,2024-01-26,6160
00687B,國泰20年美債,259,5,254,中國信託,2024-01-26,6160
2881,富邦金,321,76,245,中國信託,2024-01-26,6160
3665,貿聯-KY,236,0,236,中國信託,2024-01-26,6160
00888,永豐台灣ESG,300,65,235,中國信託,2024-01-26,6160
00882,中信中國高股息,224,14,210,中國信託,2024-01-26,6160
00891,中信關鍵半導體,191,33,158,中國信託,2024-01-26,6160
5511,德昌,155,0,155,中國信託,2024-01-26,6160
1210,大成,131,1,130,中國信託,2024-01-26,6160
00692,富邦公司治理,131,8,123,中國信託,2024-01-26,6160
3312,弘憶股,137,16,121,中國信託,2024-01-26,6160
3694,海華,258,139,119,中國信託,2024-01-26,6160
00795B,中信美國公債20年,469,361,108,中國信託,2024-01-26,6160
2204,中華,108,3,105,中國信託,2024-01-26,6160
00679B,元大美債20年,103,0,103,中國信託,2024-01-26,6160
1590,亞德客-KY,100,0,100,中國信託,2024-01-26,6160
2360,致茂,101,2,99,中國信託,2024-01-26,6160
00934,中信成長高股息,162,64,98,中國信託,2024-01-26,6160
2412,中華電,96,0,96,中國信託,2024-01-26,6160
2618,長榮航,101,16,85,中國信託,2024-01-26,6160
2365,昆盈,196,112,84,中國信託,2024-01-26,6160
00680L,元大美債20正2,80,0,80,中國信託,2024-01-26,6160
8936,國統,81,6,75,中國信託,2024-01-26,6160
3661,世芯-KY,71,5,66,中國信託,2024-01-26,6160
2324,仁寶,174,108,66,中國信託,2024-01-26,6160
1504,東元,66,0,66,中國信託,2024-01-26,6160
2520,冠德,65,3,62,中國信託,2024-01-26,6160
3005,神基,69,11,58,中國信託,2024-01-26,6160
1802,台玻,55,0,55,中國信託,2024-01-26,6160
2603,長榮,59,8,51,中國信託,2024-01-26,6160
6578,達邦蛋白,50,0,50,中國信託,2024-01-26,6160
3264,欣銓,57,8,49,中國信託,2024-01-26,6160
2377,微星,54,6,48,中國信託,2024-01-26,6160
00830,國泰費城半導體,50,8,42,中國信託,2024-01-26,6160
2543,皇昌,50,10,40,中國信託,2024-01-26,6160
9933,中鼎,38,0,38,中國信託,2024-01-26,6160
00913,兆豐台灣晶圓製造,123,86,37,中國信託,2024-01-26,6160
00911,兆豐洲際半導體,39,3,36,中國信託,2024-01-26,6160
9904,寶成,42,6,36,中國信託,2024-01-26,6160
3543,州巧,36,0,36,中國信託,2024-01-26,6160
00933B,國泰10Y+金融債,68,34,34,中國信託,2024-01-26,6160
2880,華南金,46,12,34,中國信託,2024-01-26,6160
1904,正隆,34,0,34,中國信託,2024-01-26,6160
2634,漢翔,30,3,27,中國信託,2024-01-26,6160
00888,永豐台灣ESG,2793,33,2760,中國信託,2024-01-29,6160
00688L,國泰20年美債正2,1263,0,1263,中國信託,2024-01-29,6160
00715L,期街口布蘭特正2,1163,55,1108,中國信託,2024-01-29,6160
0056,元大高股息,1043,98,945,中國信託,2024-01-29,6160
00864B,中信美國公債0-1,608,115,493,中國信託,2024-01-29,6160
00632R,元大台灣50反1,479,17,462,中國信託,2024-01-29,6160
00692,富邦公司治理,508,67,441,中國信託,2024-01-29,6160
00753L,中信中國50正2,473,132,341,中國信託,2024-01-29,6160
00900,富邦特選高股息30,355,29,326,中國信託,2024-01-29,6160
00687B,國泰20年美債,285,0,285,中國信託,2024-01-29,6160
00679B,元大美債20年,290,8,282,中國信託,2024-01-29,6160
2313,華通,331,82,249,中國信託,2024-01-29,6160
2368,金像電,254,16,238,中國信託,2024-01-29,6160
2449,京元電子,217,24,193,中國信託,2024-01-29,6160
00922,國泰台灣領袖50,218,33,185,中國信託,2024-01-29,6160
2330,台積電,270,86,184,中國信託,2024-01-29,6160
00917,中信特選金融,116,0,116,中國信託,2024-01-29,6160
00882,中信中國高股息,179,66,113,中國信託,2024-01-29,6160
00928,中信上櫃ESG30,113,0,113,中國信託,2024-01-29,6160
006208,富邦台50,131,20,111,中國信託,2024-01-29,6160
3376,新日興,154,43,111,中國信託,2024-01-29,6160
00892,富邦台灣半導體,115,12,103,中國信託,2024-01-29,6160
6425,易發,100,0,100,中國信託,2024-01-29,6160
6239,力成,102,3,99,中國信託,2024-01-29,6160
2412,中華電,95,5,90,中國信託,2024-01-29,6160
2329,華泰,119,32,87,中國信託,2024-01-29,6160
00881,國泰台灣5G+,180,94,86,中國信託,2024-01-29,6160
00764B,群益25年美債,84,0,84,中國信託,2024-01-29,6160
00933B,國泰10Y+金融債,75,0,75,中國信託,2024-01-29,6160
00901,永豐智能車供應鏈,211,142,69,中國信託,2024-01-29,6160
2610,華航,112,44,68,中國信託,2024-01-29,6160
00751B,元大AAA至A公司債,70,2,68,中國信託,2024-01-29,6160
6546,正基,97,37,60,中國信託,2024-01-29,6160
3520,華盈,56,0,56,中國信託,2024-01-29,6160
6695,芯鼎,117,63,54,中國信託,2024-01-29,6160
00795B,中信美國公債20年,746,693,53,中國信託,2024-01-29,6160
3055,蔚華科,77,26,51,中國信託,2024-01-29,6160
2812,台中銀,52,1,51,中國信託,2024-01-29,6160
3535,晶彩科,71,21,50,中國信託,2024-01-29,6160
00673R,期元大S＆P原油反1,63,17,46,中國信託,2024-01-29,6160
6138,茂達,49,6,43,中國信託,2024-01-29,6160
00696B,富邦美債20年,43,2,41,中國信託,2024-01-29,6160
00680L,元大美債20正2,47,6,41,中國信託,2024-01-29,6160
2382,廣達,92,51,41,中國信託,2024-01-29,6160
6531,愛普*,50,10,40,中國信託,2024-01-29,6160
5371,中光電,40,0,40,中國信託,2024-01-29,6160
00720B,元大投資級公司債,39,0,39,中國信託,2024-01-29,6160
1301,台塑,40,3,37,中國信託,2024-01-29,6160
3036,文曄,63,28,35,中國信託,2024-01-29,6160
8210,勤誠,56,21,35,中國信託,2024-01-29,6160
00888,永豐台灣ESG,1488,3,1485,中國信託,2024-01-30,6160
0056,元大高股息,1209,150,1059,中國信託,2024-01-30,6160
00881,國泰台灣5G+,641,54,587,中國信託,2024-01-30,6160
00680L,元大美債20正2,421,4,417,中國信託,2024-01-30,6160
00900,富邦特選高股息30,496,83,413,中國信託,2024-01-30,6160
00864B,中信美國公債0-1,508,105,403,中國信託,2024-01-30,6160
00878,國泰永續高股息,538,136,402,中國信託,2024-01-30,6160
00687B,國泰20年美債,342,2,340,中國信託,2024-01-30,6160
00632R,元大台灣50反1,315,0,315,中國信託,2024-01-30,6160
2204,中華,303,1,302,中國信託,2024-01-30,6160
2301,光寶科,302,6,296,中國信託,2024-01-30,6160
9105,泰金寶-DR,355,62,293,中國信託,2024-01-30,6160
1504,東元,283,40,243,中國信託,2024-01-30,6160
00713,元大台灣高息低波,293,71,222,中國信託,2024-01-30,6160
00892,富邦台灣半導體,418,214,204,中國信託,2024-01-30,6160
00633L,富邦上証正2,202,0,202,中國信託,2024-01-30,6160
00751B,元大AAA至A公司債,176,17,159,中國信託,2024-01-30,6160
00720B,元大投資級公司債,154,0,154,中國信託,2024-01-30,6160
2888,新光金,171,19,152,中國信託,2024-01-30,6160
1319,東陽,163,12,151,中國信託,2024-01-30,6160
00937B,群益ESG投等債20,307,166,141,中國信託,2024-01-30,6160
2317,鴻海,184,45,139,中國信託,2024-01-30,6160
00917,中信特選金融,165,40,125,中國信託,2024-01-30,6160
1314,中石化,125,7,118,中國信託,2024-01-30,6160
00679B,元大美債20年,126,14,112,中國信託,2024-01-30,6160
6239,力成,100,1,99,中國信託,2024-01-30,6160
00904,新光臺灣半導體30,96,6,90,中國信託,2024-01-30,6160
00795B,中信美國公債20年,519,430,89,中國信託,2024-01-30,6160
00921,兆豐龍頭等權重,95,6,89,中國信託,2024-01-30,6160
2369,菱生,270,182,88,中國信託,2024-01-30,6160
3231,緯創,263,178,85,中國信託,2024-01-30,6160
00934,中信成長高股息,145,61,84,中國信託,2024-01-30,6160
2379,瑞昱,86,3,83,中國信託,2024-01-30,6160
00882,中信中國高股息,131,54,77,中國信託,2024-01-30,6160
00764B,群益25年美債,78,2,76,中國信託,2024-01-30,6160
00924,復華S＆P500成長,77,3,74,中國信託,2024-01-30,6160
1101,台泥,72,2,70,中國信託,2024-01-30,6160
2609,陽明,82,16,66,中國信託,2024-01-30,6160
2603,長榮,68,5,63,中國信託,2024-01-30,6160
00931B,統一美債20年,69,6,63,中國信託,2024-01-30,6160
2412,中華電,88,27,61,中國信託,2024-01-30,6160
2882,國泰金,66,7,59,中國信託,2024-01-30,6160
2308,台達電,73,19,54,中國信託,2024-01-30,6160
00933B,國泰10Y+金融債,52,0,52,中國信託,2024-01-30,6160
3035,智原,75,23,52,中國信託,2024-01-30,6160
3694,海華,107,56,51,中國信託,2024-01-30,6160
3014,聯陽,52,1,51,中國信託,2024-01-30,6160
8431,匯鑽科,50,0,50,中國信託,2024-01-30,6160
6667,信紘科,49,1,48,中國信託,2024-01-30,6160
2313,華通,251,204,47,中國信託,2024-01-30,6160
00680L,元大美債20正2,1082,22,1060,中國信託,2024-01-31,6160
00633L,富邦上証正2,810,1,809,中國信託,2024-01-31,6160
0056,元大高股息,736,123,613,中國信託,2024-01-31,6160
2891,中信金,413,46,367,中國信託,2024-01-31,6160
00679B,元大美債20年,355,27,328,中國信託,2024-01-31,6160
6770,力積電,320,2,318,中國信託,2024-01-31,6160
00687B,國泰20年美債,335,46,289,中國信託,2024-01-31,6160
2886,兆豐金,273,34,239,中國信託,2024-01-31,6160
00690,兆豐藍籌30,226,0,226,中國信託,2024-01-31,6160
00936,台新永續高息中小,211,1,210,中國信託,2024-01-31,6160
00937B,群益ESG投等債20,279,74,205,中國信託,2024-01-31,6160
00901,永豐智能車供應鏈,213,14,199,中國信託,2024-01-31,6160
00924,復華S＆P500成長,225,58,167,中國信託,2024-01-31,6160
6274,台燿,185,26,159,中國信託,2024-01-31,6160
00888,永豐台灣ESG,168,13,155,中國信託,2024-01-31,6160
2303,聯電,185,46,139,中國信託,2024-01-31,6160
6282,康舒,154,17,137,中國信託,2024-01-31,6160
00931B,統一美債20年,130,0,130,中國信託,2024-01-31,6160
00882,中信中國高股息,147,17,130,中國信託,2024-01-31,6160
6180,橘子,157,28,129,中國信託,2024-01-31,6160
00751B,元大AAA至A公司債,127,6,121,中國信託,2024-01-31,6160
00713,元大台灣高息低波,119,4,115,中國信託,2024-01-31,6160
6547,高端疫苗,107,0,107,中國信託,2024-01-31,6160
2377,微星,101,2,99,中國信託,2024-01-31,6160
6442,光聖,122,24,98,中國信託,2024-01-31,6160
2412,中華電,90,0,90,中國信託,2024-01-31,6160
2204,中華,104,15,89,中國信託,2024-01-31,6160
1513,中興電,120,41,79,中國信託,2024-01-31,6160
00911,兆豐洲際半導體,79,4,75,中國信託,2024-01-31,6160
3014,聯陽,73,1,72,中國信託,2024-01-31,6160
6113,亞矽,267,202,65,中國信託,2024-01-31,6160
00912,中信臺灣智慧50,153,90,63,中國信託,2024-01-31,6160
2820,華票,60,0,60,中國信託,2024-01-31,6160
2329,華泰,94,37,57,中國信託,2024-01-31,6160
2408,南亞科,56,0,56,中國信託,2024-01-31,6160
6237,驊訊,106,50,56,中國信託,2024-01-31,6160
3034,聯詠,63,9,54,中國信託,2024-01-31,6160
00795B,中信美國公債20年,641,591,50,中國信託,2024-01-31,6160
00891,中信關鍵半導體,80,31,49,中國信託,2024-01-31,6160
4915,致伸,50,1,49,中國信託,2024-01-31,6160
00637L,元大滬深300正2,47,3,44,中國信託,2024-01-31,6160
2618,長榮航,64,23,41,中國信託,2024-01-31,6160
2732,六角,40,0,40,中國信託,2024-01-31,6160
3707,漢磊,40,1,39,中國信託,2024-01-31,6160
3360,尚立,355,317,38,中國信託,2024-01-31,6160
8096,擎亞,156,120,36,中國信託,2024-01-31,6160
1101,台泥,55,20,35,中國信託,2024-01-31,6160
5511,德昌,34,0,34,中國信託,2024-01-31,6160
00933B,國泰10Y+金融債,35,2,33,中國信託,2024-01-31,6160
3227,原相,33,0,33,中國信託,2024-01-31,6160
00878,國泰永續高股息,1304,571,733,中國信託,2024-02-01,6160
2330,台積電,895,171,724,中國信託,2024-02-01,6160
0056,元大高股息,692,39,653,中國信託,2024-02-01,6160
00772B,中信高評級公司債,581,94,487,中國信託,2024-02-01,6160
2885,元大金,483,2,481,中國信託,2024-02-01,6160
2409,友達,601,149,452,中國信託,2024-02-01,6160
1504,東元,359,12,347,中國信託,2024-02-01,6160
00881,國泰台灣5G+,764,422,342,中國信託,2024-02-01,6160
00713,元大台灣高息低波,269,10,259,中國信託,2024-02-01,6160
00930,永豐ESG低碳高息,251,0,251,中國信託,2024-02-01,6160
3376,新日興,263,30,233,中國信託,2024-02-01,6160
6789,采鈺,220,15,205,中國信託,2024-02-01,6160
2006,東和鋼鐵,201,13,188,中國信託,2024-02-01,6160
00932,兆豐永續高息等權,163,17,146,中國信託,2024-02-01,6160
00753L,中信中國50正2,470,326,144,中國信託,2024-02-01,6160
00712,復華富時不動產,196,55,141,中國信託,2024-02-01,6160
00937B,群益ESG投等債20,222,93,129,中國信託,2024-02-01,6160
2303,聯電,150,29,121,中國信託,2024-02-01,6160
00928,中信上櫃ESG30,124,5,119,中國信託,2024-02-01,6160
00891,中信關鍵半導體,305,196,109,中國信託,2024-02-01,6160
8085,福華,148,40,108,中國信託,2024-02-01,6160
2412,中華電,107,2,105,中國信託,2024-02-01,6160
00692,富邦公司治理,121,20,101,中國信託,2024-02-01,6160
00643,群益深証中小,99,0,99,中國信託,2024-02-01,6160
8069,元太,169,71,98,中國信託,2024-02-01,6160
00687B,國泰20年美債,163,76,87,中國信託,2024-02-01,6160
2449,京元電子,102,19,83,中國信託,2024-02-01,6160
2501,國建,79,0,79,中國信託,2024-02-01,6160
6180,橘子,107,29,78,中國信託,2024-02-01,6160
9933,中鼎,110,34,76,中國信託,2024-02-01,6160
00918,大華優利高填息30,466,390,76,中國信託,2024-02-01,6160
2884,玉山金,75,4,71,中國信託,2024-02-01,6160
00917,中信特選金融,160,90,70,中國信託,2024-02-01,6160
3017,奇鋐,150,79,71,中國信託,2024-02-01,6160
2887,台新金,69,8,61,中國信託,2024-02-01,6160
3227,原相,61,1,60,中國信託,2024-02-01,6160
2301,光寶科,59,1,58,中國信託,2024-02-01,6160
2882,國泰金,64,10,54,中國信託,2024-02-01,6160
00901,永豐智能車供應鏈,125,73,52,中國信託,2024-02-01,6160
00916,國泰全球品牌50,51,0,51,中國信託,2024-02-01,6160
6229,研通,78,27,51,中國信託,2024-02-01,6160
5880,合庫金,56,6,50,中國信託,2024-02-01,6160
3360,尚立,88,39,49,中國信託,2024-02-01,6160
1590,亞德客-KY,51,3,48,中國信託,2024-02-01,6160
2812,台中銀,214,166,48,中國信託,2024-02-01,6160
3548,兆利,102,55,47,中國信託,2024-02-01,6160
4743,合一,47,1,46,中國信託,2024-02-01,6160
00665L,富邦�琤肭磪囓�2,141,95,46,中國信託,2024-02-01,6160
3005,神基,51,5,46,中國信託,2024-02-01,6160
8936,國統,257,212,45,中國信託,2024-02-01,6160
2324,仁寶,846,32,814,中國信託,2024-02-02,6160
00864B,中信美國公債0-1,751,107,644,中國信託,2024-02-02,6160
3663,鑫科,488,8,480,中國信託,2024-02-02,6160
0050,元大台灣50,631,156,475,中國信託,2024-02-02,6160
2330,台積電,666,282,384,中國信託,2024-02-02,6160
0056,元大高股息,569,219,350,中國信託,2024-02-02,6160
2204,中華,300,5,295,中國信託,2024-02-02,6160
00933B,國泰10Y+金融債,319,37,282,中國信託,2024-02-02,6160
00937B,群益ESG投等債20,452,191,261,中國信託,2024-02-02,6160
00878,國泰永續高股息,1103,883,220,中國信託,2024-02-02,6160
2006,東和鋼鐵,213,5,208,中國信託,2024-02-02,6160
2313,華通,252,53,199,中國信託,2024-02-02,6160
00692,富邦公司治理,226,44,182,中國信託,2024-02-02,6160
2609,陽明,206,44,162,中國信託,2024-02-02,6160
2885,元大金,164,3,161,中國信託,2024-02-02,6160
2317,鴻海,162,16,146,中國信託,2024-02-02,6160
00927,群益半導體收益,204,60,144,中國信託,2024-02-02,6160
2301,光寶科,155,12,143,中國信託,2024-02-02,6160
00913,兆豐台灣晶圓製造,141,0,141,中國信託,2024-02-02,6160
00712,復華富時不動產,121,1,120,中國信託,2024-02-02,6160
00753L,中信中國50正2,196,80,116,中國信託,2024-02-02,6160
8936,國統,170,56,114,中國信託,2024-02-02,6160
00892,富邦台灣半導體,114,1,113,中國信託,2024-02-02,6160
9933,中鼎,111,0,111,中國信託,2024-02-02,6160
2412,中華電,100,3,97,中國信託,2024-02-02,6160
00850,元大臺灣ESG永續,151,60,91,中國信託,2024-02-02,6160
00679B,元大美債20年,130,40,90,中國信託,2024-02-02,6160
00930,永豐ESG低碳高息,91,1,90,中國信託,2024-02-02,6160
3596,智易,85,0,85,中國信託,2024-02-02,6160
1503,士電,111,29,82,中國信託,2024-02-02,6160
00891,中信關鍵半導體,347,273,74,中國信託,2024-02-02,6160
5876,上海商銀,73,0,73,中國信託,2024-02-02,6160
00882,中信中國高股息,76,4,72,中國信託,2024-02-02,6160
2891,中信金,84,12,72,中國信託,2024-02-02,6160
6285,啟��,72,2,70,中國信託,2024-02-02,6160
00772B,中信高評級公司債,99,29,70,中國信託,2024-02-02,6160
00910,第一金太空衛星,70,0,70,中國信託,2024-02-02,6160
2368,金像電,108,39,69,中國信託,2024-02-02,6160
00928,中信上櫃ESG30,65,0,65,中國信託,2024-02-02,6160
1101,台泥,69,8,61,中國信託,2024-02-02,6160
3017,奇鋐,93,34,59,中國信託,2024-02-02,6160
1504,東元,63,6,57,中國信託,2024-02-02,6160
2303,聯電,123,66,57,中國信託,2024-02-02,6160
00885,富邦越南,63,8,55,中國信託,2024-02-02,6160
2402,毅嘉,58,3,55,中國信託,2024-02-02,6160
2474,可成,55,0,55,中國信託,2024-02-02,6160
00904,新光臺灣半導體30,81,27,54,中國信託,2024-02-02,6160
2801,彰銀,54,0,54,中國信託,2024-02-02,6160
3325,旭品,51,0,51,中國信託,2024-02-02,6160
4938,和碩,53,2,51,中國信託,2024-02-02,6160
00896,中信綠能及電動車,632,10,622,中國信託,2024-02-05,6160
00888,永豐台灣ESG,577,5,572,中國信託,2024-02-05,6160
00928,中信上櫃ESG30,466,2,464,中國信託,2024-02-05,6160
1402,遠東新,453,0,453,中國信託,2024-02-05,6160
00679B,元大美債20年,453,37,416,中國信託,2024-02-05,6160
00878,國泰永續高股息,475,86,389,中國信託,2024-02-05,6160
2330,台積電,527,164,363,中國信託,2024-02-05,6160
00687B,國泰20年美債,412,57,355,中國信託,2024-02-05,6160
00701,國泰股利精選30,349,0,349,中國信託,2024-02-05,6160
2360,致茂,301,2,299,中國信託,2024-02-05,6160
1504,東元,289,2,287,中國信託,2024-02-05,6160
00935,野村臺灣新科技50,305,33,272,中國信託,2024-02-05,6160
00892,富邦台灣半導體,266,5,261,中國信託,2024-02-05,6160
00933B,國泰10Y+金融債,243,18,225,中國信託,2024-02-05,6160
00930,永豐ESG低碳高息,217,1,216,中國信託,2024-02-05,6160
00894,中信小資高價30,466,269,197,中國信託,2024-02-05,6160
00720B,元大投資級公司債,166,7,159,中國信託,2024-02-05,6160
2884,玉山金,166,17,149,中國信託,2024-02-05,6160
00795B,中信美國公債20年,557,410,147,中國信託,2024-02-05,6160
00927,群益半導體收益,976,844,132,中國信託,2024-02-05,6160
00882,中信中國高股息,143,15,128,中國信託,2024-02-05,6160
00712,復華富時不動產,136,14,122,中國信託,2024-02-05,6160
00772B,中信高評級公司債,142,27,115,中國信託,2024-02-05,6160
2313,華通,146,31,115,中國信託,2024-02-05,6160
9933,中鼎,111,1,110,中國信託,2024-02-05,6160
1513,中興電,128,19,109,中國信託,2024-02-05,6160
3711,日月光投控,105,1,104,中國信託,2024-02-05,6160
9904,寶成,101,0,101,中國信託,2024-02-05,6160
00848B,中信新興亞洲債,198,100,98,中國信託,2024-02-05,6160
6282,康舒,143,47,96,中國信託,2024-02-05,6160
8011,台通,112,17,95,中國信託,2024-02-05,6160
6442,光聖,113,21,92,中國信託,2024-02-05,6160
2412,中華電,96,6,90,中國信託,2024-02-05,6160
2303,聯電,143,60,83,中國信託,2024-02-05,6160
2002,中鋼,79,2,77,中國信託,2024-02-05,6160
0056,元大高股息,141,64,77,中國信託,2024-02-05,6160
00934,中信成長高股息,235,162,73,中國信託,2024-02-05,6160
00937B,群益ESG投等債20,531,459,72,中國信託,2024-02-05,6160
00688L,國泰20年美債正2,74,3,71,中國信託,2024-02-05,6160
00751B,元大AAA至A公司債,70,0,70,中國信託,2024-02-05,6160
3483,力致,120,54,66,中國信託,2024-02-05,6160
6285,啟��,66,3,63,中國信託,2024-02-05,6160
00901,永豐智能車供應鏈,129,67,62,中國信託,2024-02-05,6160
6189,豐藝,65,9,56,中國信託,2024-02-05,6160
00715L,期街口布蘭特正2,65,10,55,中國信託,2024-02-05,6160
5388,中磊,53,0,53,中國信託,2024-02-05,6160
6261,久元,53,1,52,中國信託,2024-02-05,6160
2889,國票金,71,20,51,中國信託,2024-02-05,6160
3532,台勝科,50,0,50,中國信託,2024-02-05,6160
00651R,復華香港反1,50,0,50,中國信託,2024-02-05,6160
00878,國泰永續高股息,2253,651,1602,中國信託,2024-02-15,6160
00864B,中信美國公債0-1,1470,103,1367,中國信託,2024-02-15,6160
00632R,元大台灣50反1,1780,589,1191,中國信託,2024-02-15,6160
00687B,國泰20年美債,786,24,762,中國信託,2024-02-15,6160
00929,復華台灣科技優息,1217,497,720,中國信託,2024-02-15,6160
00679B,元大美債20年,571,63,508,中國信託,2024-02-15,6160
00888,永豐台灣ESG,537,116,421,中國信託,2024-02-15,6160
00881,國泰台灣5G+,589,195,394,中國信託,2024-02-15,6160
2884,玉山金,310,7,303,中國信託,2024-02-15,6160
2356,英業達,548,252,296,中國信託,2024-02-15,6160
00934,中信成長高股息,404,127,277,中國信託,2024-02-15,6160
00751B,元大AAA至A公司債,275,0,275,中國信託,2024-02-15,6160
00795B,中信美國公債20年,650,401,249,中國信託,2024-02-15,6160
00904,新光臺灣半導體30,313,65,248,中國信託,2024-02-15,6160
2610,華航,294,47,247,中國信託,2024-02-15,6160
00712,復華富時不動產,362,123,239,中國信託,2024-02-15,6160
2885,元大金,215,8,207,中國信託,2024-02-15,6160
1402,遠東新,213,11,202,中國信託,2024-02-15,6160
00688L,國泰20年美債正2,195,0,195,中國信託,2024-02-15,6160
00933B,國泰10Y+金融債,271,78,193,中國信託,2024-02-15,6160
00912,中信臺灣智慧50,337,159,178,中國信託,2024-02-15,6160
1513,中興電,316,141,175,中國信託,2024-02-15,6160
00928,中信上櫃ESG30,276,103,173,中國信託,2024-02-15,6160
00917,中信特選金融,166,2,164,中國信託,2024-02-15,6160
3189,景碩,153,0,153,中國信託,2024-02-15,6160
00921,兆豐龍頭等權重,154,12,142,中國信託,2024-02-15,6160
00935,野村臺灣新科技50,214,74,140,中國信託,2024-02-15,6160
3680,家登,143,10,133,中國信託,2024-02-15,6160
8086,宏捷科,138,6,132,中國信託,2024-02-15,6160
2324,仁寶,147,19,128,中國信託,2024-02-15,6160
9933,中鼎,119,0,119,中國信託,2024-02-15,6160
2330,台積電,627,511,116,中國信託,2024-02-15,6160
00720B,元大投資級公司債,183,72,111,中國信託,2024-02-15,6160
00931B,統一美債20年,129,18,111,中國信託,2024-02-15,6160
3035,智原,168,57,111,中國信託,2024-02-15,6160
00772B,中信高評級公司債,437,327,110,中國信託,2024-02-15,6160
2603,長榮,153,54,99,中國信託,2024-02-15,6160
2376,技嘉,162,65,97,中國信託,2024-02-15,6160
00752,中信中國50,310,214,96,中國信託,2024-02-15,6160
00715L,期街口布蘭特正2,189,96,93,中國信託,2024-02-15,6160
00901,永豐智能車供應鏈,169,77,92,中國信託,2024-02-15,6160
3045,台灣大,91,0,91,中國信託,2024-02-15,6160
00673R,期元大S＆P原油反1,85,0,85,中國信託,2024-02-15,6160
00892,富邦台灣半導體,113,28,85,中國信託,2024-02-15,6160
6223,旺矽,87,4,83,中國信託,2024-02-15,6160
2887,台新金,88,6,82,中國信託,2024-02-15,6160
2412,中華電,92,14,78,中國信託,2024-02-15,6160
2344,華邦電,84,8,76,中國信託,2024-02-15,6160
2025,千興,94,21,73,中國信託,2024-02-15,6160
00862B,中信投資級公司債,173,100,73,中國信託,2024-02-15,6160
00922,國泰台灣領袖50,1133,486,647,中國信託,2024-02-16,6160
00687B,國泰20年美債,491,13,478,中國信託,2024-02-16,6160
2412,中華電,448,28,420,中國信託,2024-02-16,6160
00679B,元大美債20年,422,10,412,中國信託,2024-02-16,6160
1513,中興電,456,54,402,中國信託,2024-02-16,6160
00933B,國泰10Y+金融債,464,95,369,中國信託,2024-02-16,6160
2891,中信金,391,34,357,中國信託,2024-02-16,6160
00894,中信小資高價30,505,164,341,中國信託,2024-02-16,6160
00864B,中信美國公債0-1,516,202,314,中國信託,2024-02-16,6160
2353,宏��,529,216,313,中國信託,2024-02-16,6160
00795B,中信美國公債20年,685,414,271,中國信託,2024-02-16,6160
00632R,元大台灣50反1,267,8,259,中國信託,2024-02-16,6160
00720B,元大投資級公司債,251,1,250,中國信託,2024-02-16,6160
00928,中信上櫃ESG30,342,111,231,中國信託,2024-02-16,6160
00773B,中信優先金融債,952,727,225,中國信託,2024-02-16,6160
00752,中信中國50,224,17,207,中國信託,2024-02-16,6160
2449,京元電子,262,73,189,中國信託,2024-02-16,6160
00772B,中信高評級公司債,287,122,165,中國信託,2024-02-16,6160
00881,國泰台灣5G+,222,70,152,中國信託,2024-02-16,6160
00680L,元大美債20正2,183,32,151,中國信託,2024-02-16,6160
1514,亞力,176,31,145,中國信託,2024-02-16,6160
00891,中信關鍵半導體,160,23,137,中國信託,2024-02-16,6160
2637,慧洋-KY,131,2,129,中國信託,2024-02-16,6160
3587,閎康,169,45,124,中國信託,2024-02-16,6160
00712,復華富時不動產,120,2,118,中國信託,2024-02-16,6160
6282,康舒,263,146,117,中國信託,2024-02-16,6160
9933,中鼎,114,0,114,中國信託,2024-02-16,6160
2610,華航,163,52,111,中國信託,2024-02-16,6160
2368,金像電,154,43,111,中國信託,2024-02-16,6160
2303,聯電,252,146,106,中國信託,2024-02-16,6160
2356,英業達,228,127,101,中國信託,2024-02-16,6160
00931B,統一美債20年,102,1,101,中國信託,2024-02-16,6160
6805,富世達,103,4,99,中國信託,2024-02-16,6160
9105,泰金寶-DR,119,24,95,中國信託,2024-02-16,6160
2543,皇昌,124,31,93,中國信託,2024-02-16,6160
1503,士電,127,38,89,中國信託,2024-02-16,6160
1815,富喬,998,908,90,中國信託,2024-02-16,6160
00751B,元大AAA至A公司債,83,0,83,中國信託,2024-02-16,6160
6187,萬潤,135,61,74,中國信託,2024-02-16,6160
1319,東陽,99,26,73,中國信託,2024-02-16,6160
00701,國泰股利精選30,103,32,71,中國信託,2024-02-16,6160
3032,偉訓,95,26,69,中國信託,2024-02-16,6160
00715L,期街口布蘭特正2,83,14,69,中國信託,2024-02-16,6160
5347,世界,100,31,69,中國信託,2024-02-16,6160
00888,永豐台灣ESG,111,44,67,中國信託,2024-02-16,6160
00688L,國泰20年美債正2,74,9,65,中國信託,2024-02-16,6160
2330,台積電,185,121,64,中國信託,2024-02-16,6160
00913,兆豐台灣晶圓製造,102,39,63,中國信託,2024-02-16,6160
00637L,元大滬深300正2,90,28,62,中國信託,2024-02-16,6160
2515,中工,57,1,56,中國信託,2024-02-16,6160
00934,中信成長高股息,2522,123,2399,中國信託,2024-02-19,6160
00772B,中信高評級公司債,1220,175,1045,中國信託,2024-02-19,6160
2409,友達,908,55,853,中國信託,2024-02-19,6160
00715L,期街口布蘭特正2,744,11,733,中國信託,2024-02-19,6160
00795B,中信美國公債20年,1119,421,698,中國信託,2024-02-19,6160
2891,中信金,885,326,559,中國信託,2024-02-19,6160
00933B,國泰10Y+金融債,463,1,462,中國信託,2024-02-19,6160
00646,元大S＆P500,408,0,408,中國信託,2024-02-19,6160
00679B,元大美債20年,406,4,402,中國信託,2024-02-19,6160
00894,中信小資高價30,423,52,371,中國信託,2024-02-19,6160
00637L,元大滬深300正2,355,8,347,中國信託,2024-02-19,6160
6578,達邦蛋白,345,0,345,中國信託,2024-02-19,6160
00752,中信中國50,364,71,293,中國信託,2024-02-19,6160
00662,富邦NASDAQ,282,0,282,中國信託,2024-02-19,6160
00888,永豐台灣ESG,291,10,281,中國信託,2024-02-19,6160
2377,微星,268,14,254,中國信託,2024-02-19,6160
00680L,元大美債20正2,268,15,253,中國信託,2024-02-19,6160
2455,全新,328,76,252,中國信託,2024-02-19,6160
1513,中興電,311,72,239,中國信託,2024-02-19,6160
2449,京元電子,276,44,232,中國信託,2024-02-19,6160
00881,國泰台灣5G+,303,89,214,中國信託,2024-02-19,6160
00701,國泰股利精選30,205,5,200,中國信託,2024-02-19,6160
1717,長興,191,0,191,中國信託,2024-02-19,6160
2412,中華電,201,18,183,中國信託,2024-02-19,6160
1503,士電,245,87,158,中國信託,2024-02-19,6160
2408,南亞科,157,3,154,中國信託,2024-02-19,6160
8096,擎亞,300,148,152,中國信託,2024-02-19,6160
00712,復華富時不動產,161,13,148,中國信託,2024-02-19,6160
5426,振發,213,80,133,中國信託,2024-02-19,6160
2369,菱生,308,178,130,中國信託,2024-02-19,6160
8086,宏捷科,188,59,129,中國信託,2024-02-19,6160
00901,永豐智能車供應鏈,136,16,120,中國信託,2024-02-19,6160
2610,華航,135,19,116,中國信託,2024-02-19,6160
2353,宏��,254,141,113,中國信託,2024-02-19,6160
2606,裕民,112,1,111,中國信託,2024-02-19,6160
9933,中鼎,116,6,110,中國信託,2024-02-19,6160
6732,昇佳電子,107,0,107,中國信託,2024-02-19,6160
5388,中磊,118,12,106,中國信託,2024-02-19,6160
00887,永豐中國科技50大,105,0,105,中國信託,2024-02-19,6160
00633L,富邦上証正2,137,35,102,中國信託,2024-02-19,6160
6282,康舒,156,54,102,中國信託,2024-02-19,6160
00751B,元大AAA至A公司債,101,0,101,中國信託,2024-02-19,6160
2365,昆盈,858,757,101,中國信託,2024-02-19,6160
00687B,國泰20年美債,351,251,100,中國信託,2024-02-19,6160
1815,富喬,156,58,98,中國信託,2024-02-19,6160
00900,富邦特選高股息30,142,47,95,中國信託,2024-02-19,6160
3450,聯鈞,101,11,90,中國信託,2024-02-19,6160
3227,原相,90,2,88,中國信託,2024-02-19,6160
00892,富邦台灣半導體,84,1,83,中國信託,2024-02-19,6160
8103,瀚荃,83,0,83,中國信託,2024-02-19,6160
1504,東元,1231,22,1209,中國信託,2024-02-20,6160
00900,富邦特選高股息30,1042,163,879,中國信託,2024-02-20,6160
2891,中信金,929,202,727,中國信託,2024-02-20,6160
00632R,元大台灣50反1,528,20,508,中國信託,2024-02-20,6160
00680L,元大美債20正2,548,50,498,中國信託,2024-02-20,6160
00715L,期街口布蘭特正2,527,30,497,中國信託,2024-02-20,6160
00911,兆豐洲際半導體,491,23,468,中國信託,2024-02-20,6160
1402,遠東新,431,0,431,中國信託,2024-02-20,6160
00933B,國泰10Y+金融債,372,8,364,中國信託,2024-02-20,6160
2515,中工,535,174,361,中國信託,2024-02-20,6160
1210,大成,300,0,300,中國信託,2024-02-20,6160
2412,中華電,302,9,293,中國信託,2024-02-20,6160
00795B,中信美國公債20年,666,375,291,中國信託,2024-02-20,6160
00772B,中信高評級公司債,293,32,261,中國信託,2024-02-20,6160
2609,陽明,282,69,213,中國信託,2024-02-20,6160
00679B,元大美債20年,217,14,203,中國信託,2024-02-20,6160
2457,飛宏,217,26,191,中國信託,2024-02-20,6160
6290,良維,312,122,190,中國信託,2024-02-20,6160
00712,復華富時不動產,177,16,161,中國信託,2024-02-20,6160
00917,中信特選金融,198,37,161,中國信託,2024-02-20,6160
2308,台達電,153,0,153,中國信託,2024-02-20,6160
00687B,國泰20年美債,159,7,152,中國信託,2024-02-20,6160
3035,智原,158,22,136,中國信託,2024-02-20,6160
2367,燿華,207,93,114,中國信託,2024-02-20,6160
3264,欣銓,114,2,112,中國信託,2024-02-20,6160
2610,華航,151,39,112,中國信託,2024-02-20,6160
9933,中鼎,115,4,111,中國信託,2024-02-20,6160
00753L,中信中國50正2,361,252,109,中國信託,2024-02-20,6160
00882,中信中國高股息,206,101,105,中國信託,2024-02-20,6160
9904,寶成,106,2,104,中國信託,2024-02-20,6160
2547,日勝生,96,1,95,中國信託,2024-02-20,6160
4960,誠美材,142,48,94,中國信託,2024-02-20,6160
00929,復華台灣科技優息,1040,946,94,中國信託,2024-02-20,6160
3041,揚智,313,221,92,中國信託,2024-02-20,6160
1806,冠軍,161,79,82,中國信託,2024-02-20,6160
9938,百和,92,10,82,中國信託,2024-02-20,6160
6126,信音,137,62,75,中國信託,2024-02-20,6160
2809,京城銀,71,0,71,中國信託,2024-02-20,6160
2002,中鋼,86,17,69,中國信託,2024-02-20,6160
8110,華東,175,110,65,中國信託,2024-02-20,6160
1717,長興,66,1,65,中國信託,2024-02-20,6160
8163,達方,60,0,60,中國信託,2024-02-20,6160
00688L,國泰20年美債正2,69,9,60,中國信託,2024-02-20,6160
00673R,期元大S＆P原油反1,55,0,55,中國信託,2024-02-20,6160
6285,啟��,60,7,53,中國信託,2024-02-20,6160
1101,台泥,57,4,53,中國信託,2024-02-20,6160
1316,上曜,174,122,52,中國信託,2024-02-20,6160
2329,華泰,201,150,51,中國信託,2024-02-20,6160
2006,東和鋼鐵,50,0,50,中國信託,2024-02-20,6160
8131,福懋科,50,0,50,中國信託,2024-02-20,6160
2891,中信金,884,301,583,中國信託,2024-02-21,6160
9105,泰金寶-DR,647,130,517,中國信託,2024-02-21,6160
00933B,國泰10Y+金融債,449,12,437,中國信託,2024-02-21,6160
5880,合庫金,432,0,432,中國信託,2024-02-21,6160
2606,裕民,457,41,416,中國信託,2024-02-21,6160
00864B,中信美國公債0-1,507,101,406,中國信託,2024-02-21,6160
3706,神達,318,2,316,中國信託,2024-02-21,6160
00712,復華富時不動產,307,0,307,中國信託,2024-02-21,6160
3376,新日興,304,34,270,中國信託,2024-02-21,6160
00679B,元大美債20年,282,44,238,中國信託,2024-02-21,6160
00687B,國泰20年美債,234,5,229,中國信託,2024-02-21,6160
1101,台泥,270,41,229,中國信託,2024-02-21,6160
2884,玉山金,220,4,216,中國信託,2024-02-21,6160
2412,中華電,301,88,213,中國信託,2024-02-21,6160
00921,兆豐龍頭等權重,236,32,204,中國信託,2024-02-21,6160
00934,中信成長高股息,846,655,191,中國信託,2024-02-21,6160
00752,中信中國50,305,142,163,中國信託,2024-02-21,6160
00907,永豐優息存股,167,8,159,中國信託,2024-02-21,6160
00918,大華優利高填息30,211,61,150,中國信託,2024-02-21,6160
00919,群益台灣精選高息,532,387,145,中國信託,2024-02-21,6160
3006,晶豪科,158,22,136,中國信託,2024-02-21,6160
00894,中信小資高價30,221,86,135,中國信託,2024-02-21,6160
00795B,中信美國公債20年,742,616,126,中國信託,2024-02-21,6160
2610,華航,159,37,122,中國信託,2024-02-21,6160
9933,中鼎,114,1,113,中國信託,2024-02-21,6160
00892,富邦台灣半導體,108,0,108,中國信託,2024-02-21,6160
2360,致茂,114,10,104,中國信託,2024-02-21,6160
2006,東和鋼鐵,111,17,94,中國信託,2024-02-21,6160
8086,宏捷科,111,21,90,中國信託,2024-02-21,6160
1503,士電,180,93,87,中國信託,2024-02-21,6160
4968,立積,98,13,85,中國信託,2024-02-21,6160
2206,三陽工業,85,1,84,中國信託,2024-02-21,6160
00772B,中信高評級公司債,141,70,71,中國信託,2024-02-21,6160
3027,盛達,80,9,71,中國信託,2024-02-21,6160
3047,訊舟,223,152,71,中國信託,2024-02-21,6160
1476,儒鴻,72,1,71,中國信託,2024-02-21,6160
00680L,元大美債20正2,80,10,70,中國信託,2024-02-21,6160
00692,富邦公司治理,110,42,68,中國信託,2024-02-21,6160
2605,新興,92,26,66,中國信託,2024-02-21,6160
00751B,元大AAA至A公司債,63,0,63,中國信託,2024-02-21,6160
2883,凱基金,119,56,63,中國信託,2024-02-21,6160
00929,復華台灣科技優息,525,464,61,中國信託,2024-02-21,6160
4768,晶呈科技,60,0,60,中國信託,2024-02-21,6160
2303,聯電,186,128,58,中國信託,2024-02-21,6160
4743,合一,55,0,55,中國信託,2024-02-21,6160
2617,台航,157,103,54,中國信託,2024-02-21,6160
8163,達方,52,0,52,中國信託,2024-02-21,6160
2880,華南金,52,0,52,中國信託,2024-02-21,6160
00901,永豐智能車供應鏈,53,3,50,中國信託,2024-02-21,6160
2368,金像電,52,2,50,中國信託,2024-02-21,6160
00881,國泰台灣5G+,1671,154,1517,中國信託,2024-02-22,6160
00900,富邦特選高股息30,2068,677,1391,中國信託,2024-02-22,6160
00888,永豐台灣ESG,1148,67,1081,中國信託,2024-02-22,6160
9904,寶成,855,2,853,中國信託,2024-02-22,6160
1522,堤維西,841,12,829,中國信託,2024-02-22,6160
0050,元大台灣50,699,70,629,中國信託,2024-02-22,6160
2412,中華電,491,0,491,中國信託,2024-02-22,6160
00701,國泰股利精選30,453,2,451,中國信託,2024-02-22,6160
00864B,中信美國公債0-1,513,113,400,中國信託,2024-02-22,6160
00692,富邦公司治理,483,100,383,中國信託,2024-02-22,6160
2356,英業達,462,98,364,中國信託,2024-02-22,6160
00929,復華台灣科技優息,974,621,353,中國信託,2024-02-22,6160
2317,鴻海,318,6,312,中國信託,2024-02-22,6160
00934,中信成長高股息,1612,1317,295,中國信託,2024-02-22,6160
00687B,國泰20年美債,310,16,294,中國信託,2024-02-22,6160
00928,中信上櫃ESG30,322,51,271,中國信託,2024-02-22,6160
2885,元大金,271,2,269,中國信託,2024-02-22,6160
1815,富喬,550,281,269,中國信託,2024-02-22,6160
00892,富邦台灣半導體,351,84,267,中國信託,2024-02-22,6160
00933B,國泰10Y+金融債,252,7,245,中國信託,2024-02-22,6160
006208,富邦台50,341,98,243,中國信託,2024-02-22,6160
2006,東和鋼鐵,249,18,231,中國信託,2024-02-22,6160
2404,漢唐,230,0,230,中國信託,2024-02-22,6160
00896,中信綠能及電動車,235,6,229,中國信託,2024-02-22,6160
2313,華通,624,402,222,中國信託,2024-02-22,6160
00633L,富邦上証正2,320,100,220,中國信託,2024-02-22,6160
00795B,中信美國公債20年,756,537,219,中國信託,2024-02-22,6160
2610,華航,233,16,217,中國信託,2024-02-22,6160
1536,和大,191,0,191,中國信託,2024-02-22,6160
00894,中信小資高價30,579,394,185,中國信託,2024-02-22,6160
3019,亞光,192,12,180,中國信託,2024-02-22,6160
8028,昇陽半導體,182,2,180,中國信託,2024-02-22,6160
2353,宏��,248,81,167,中國信託,2024-02-22,6160
00679B,元大美債20年,187,32,155,中國信託,2024-02-22,6160
3045,台灣大,147,0,147,中國信託,2024-02-22,6160
00891,中信關鍵半導體,243,100,143,中國信託,2024-02-22,6160
2324,仁寶,165,25,140,中國信託,2024-02-22,6160
2376,技嘉,187,62,125,中國信託,2024-02-22,6160
9933,中鼎,120,2,118,中國信託,2024-02-22,6160
2329,華泰,445,329,116,中國信託,2024-02-22,6160
3231,緯創,298,184,114,中國信託,2024-02-22,6160
00712,復華富時不動產,127,22,105,中國信託,2024-02-22,6160
2881,富邦金,110,15,95,中國信託,2024-02-22,6160
5536,聖暉*,97,3,94,中國信託,2024-02-22,6160
6578,達邦蛋白,114,24,90,中國信託,2024-02-22,6160
3312,弘憶股,117,27,90,中國信託,2024-02-22,6160
00927,群益半導體收益,99,11,88,中國信託,2024-02-22,6160
3694,海華,93,7,86,中國信託,2024-02-22,6160
00752,中信中國50,148,63,85,中國信託,2024-02-22,6160
3023,信邦,80,2,78,中國信託,2024-02-22,6160
00881,國泰台灣5G+,4171,383,3788,中國信託,2024-02-23,6160
00929,復華台灣科技優息,2761,964,1797,中國信託,2024-02-23,6160
00888,永豐台灣ESG,1329,17,1312,中國信託,2024-02-23,6160
00665L,富邦�琤肭磪囓�2,1065,70,995,中國信託,2024-02-23,6160
6578,達邦蛋白,682,4,678,中國信託,2024-02-23,6160
00701,國泰股利精選30,634,6,628,中國信託,2024-02-23,6160
00900,富邦特選高股息30,875,307,568,中國信託,2024-02-23,6160
5388,中磊,546,21,525,中國信託,2024-02-23,6160
3596,智易,408,8,400,中國信託,2024-02-23,6160
00632R,元大台灣50反1,400,37,363,中國信託,2024-02-23,6160
2404,漢唐,361,14,347,中國信託,2024-02-23,6160
2412,中華電,309,4,305,中國信託,2024-02-23,6160
2324,仁寶,350,46,304,中國信託,2024-02-23,6160
4770,上品,313,9,304,中國信託,2024-02-23,6160
1712,興農,300,5,295,中國信託,2024-02-23,6160
3479,安勤,335,44,291,中國信託,2024-02-23,6160
2530,華建,251,3,248,中國信託,2024-02-23,6160
00692,富邦公司治理,444,198,246,中國信託,2024-02-23,6160
00921,兆豐龍頭等權重,289,52,237,中國信託,2024-02-23,6160
00637L,元大滬深300正2,265,34,231,中國信託,2024-02-23,6160
00907,永豐優息存股,393,175,218,中國信託,2024-02-23,6160
00795B,中信美國公債20年,837,638,199,中國信託,2024-02-23,6160
2610,華航,237,54,183,中國信託,2024-02-23,6160
00687B,國泰20年美債,199,19,180,中國信託,2024-02-23,6160
006205,富邦上証,175,1,174,中國信託,2024-02-23,6160
6290,良維,225,53,172,中國信託,2024-02-23,6160
00713,元大台灣高息低波,170,6,164,中國信託,2024-02-23,6160
4746,台耀,150,9,141,中國信託,2024-02-23,6160
00679B,元大美債20年,153,13,140,中國信託,2024-02-23,6160
3047,訊舟,150,17,133,中國信託,2024-02-23,6160
2603,長榮,222,88,134,中國信託,2024-02-23,6160
0056,元大高股息,273,140,133,中國信託,2024-02-23,6160
1504,東元,140,11,129,中國信託,2024-02-23,6160
0050,元大台灣50,1005,883,122,中國信託,2024-02-23,6160
2891,中信金,283,161,122,中國信託,2024-02-23,6160
3231,緯創,336,217,119,中國信託,2024-02-23,6160
00930,永豐ESG低碳高息,130,14,116,中國信託,2024-02-23,6160
9933,中鼎,114,0,114,中國信託,2024-02-23,6160
00901,永豐智能車供應鏈,253,142,111,中國信託,2024-02-23,6160
00752,中信中國50,245,136,109,中國信託,2024-02-23,6160
6667,信紘科,110,3,107,中國信託,2024-02-23,6160
3035,智原,116,12,104,中國信託,2024-02-23,6160
4938,和碩,117,13,104,中國信託,2024-02-23,6160
00688L,國泰20年美債正2,104,1,103,中國信託,2024-02-23,6160
2387,精元,104,2,102,中國信託,2024-02-23,6160
1101,台泥,158,59,99,中國信託,2024-02-23,6160
2313,華通,540,444,96,中國信託,2024-02-23,6160
00731,復華富時高息低波,95,1,94,中國信託,2024-02-23,6160
5347,世界,109,16,93,中國信託,2024-02-23,6160
3078,僑威,92,0,92,中國信託,2024-02-23,6160
00881,國泰台灣5G+,2810,753,2057,中國信託,2024-02-26,6160
00900,富邦特選高股息30,2323,428,1895,中國信託,2024-02-26,6160
00888,永豐台灣ESG,807,5,802,中國信託,2024-02-26,6160
00927,群益半導體收益,583,57,526,中國信託,2024-02-26,6160
00701,國泰股利精選30,517,5,512,中國信託,2024-02-26,6160
00917,中信特選金融,544,49,495,中國信託,2024-02-26,6160
00918,大華優利高填息30,556,136,420,中國信託,2024-02-26,6160
3701,大眾控,415,23,392,中國信託,2024-02-26,6160
00934,中信成長高股息,1122,788,334,中國信託,2024-02-26,6160
6578,達邦蛋白,296,1,295,中國信託,2024-02-26,6160
3260,威剛,305,13,292,中國信託,2024-02-26,6160
00894,中信小資高價30,408,118,290,中國信託,2024-02-26,6160
00692,富邦公司治理,351,61,290,中國信託,2024-02-26,6160
00928,中信上櫃ESG30,419,130,289,中國信託,2024-02-26,6160
2303,聯電,300,38,262,中國信託,2024-02-26,6160
00892,富邦台灣半導體,224,1,223,中國信託,2024-02-26,6160
00752,中信中國50,301,87,214,中國信託,2024-02-26,6160
2412,中華電,202,7,195,中國信託,2024-02-26,6160
2356,英業達,250,59,191,中國信託,2024-02-26,6160
1101,台泥,186,19,167,中國信託,2024-02-26,6160
2367,燿華,204,41,163,中國信託,2024-02-26,6160
2610,華航,178,17,161,中國信託,2024-02-26,6160
00929,復華台灣科技優息,910,761,149,中國信託,2024-02-26,6160
3481,群創,214,79,135,中國信託,2024-02-26,6160
00687B,國泰20年美債,196,77,119,中國信託,2024-02-26,6160
2892,第一金,115,5,110,中國信託,2024-02-26,6160
00885,富邦越南,118,9,109,中國信託,2024-02-26,6160
4915,致伸,118,9,109,中國信託,2024-02-26,6160
2605,新興,128,23,105,中國信託,2024-02-26,6160
8040,九暘,170,67,103,中國信託,2024-02-26,6160
00679B,元大美債20年,164,67,97,中國信託,2024-02-26,6160
6691,洋基工程,96,2,94,中國信託,2024-02-26,6160
3264,欣銓,126,32,94,中國信託,2024-02-26,6160
2404,漢唐,83,0,83,中國信託,2024-02-26,6160
00665L,富邦�琤肭磪囓�2,160,85,75,中國信託,2024-02-26,6160
6227,茂綸,109,35,74,中國信託,2024-02-26,6160
9105,泰金寶-DR,96,23,73,中國信託,2024-02-26,6160
5452,佶優,179,109,70,中國信託,2024-02-26,6160
3227,原相,99,30,69,中國信託,2024-02-26,6160
2492,華新科,69,1,68,中國信託,2024-02-26,6160
1464,得力,68,0,68,中國信託,2024-02-26,6160
2886,兆豐金,77,10,67,中國信託,2024-02-26,6160
2546,根基,66,3,63,中國信託,2024-02-26,6160
1514,亞力,227,167,60,中國信託,2024-02-26,6160
8050,廣積,74,16,58,中國信託,2024-02-26,6160
2405,輔信,172,116,56,中國信託,2024-02-26,6160
2363,矽統,132,76,56,中國信託,2024-02-26,6160
6152,百一,52,1,51,中國信託,2024-02-26,6160
1503,士電,181,130,51,中國信託,2024-02-26,6160
2530,華建,52,2,50,中國信託,2024-02-26,6160
00900,富邦特選高股息30,2345,418,1927,中國信託,2024-02-27,6160
00881,國泰台灣5G+,2839,1147,1692,中國信託,2024-02-27,6160
00888,永豐台灣ESG,1206,89,1117,中國信託,2024-02-27,6160
00701,國泰股利精選30,983,0,983,中國信託,2024-02-27,6160
00921,兆豐龍頭等權重,922,63,859,中國信託,2024-02-27,6160
00892,富邦台灣半導體,853,22,831,中國信託,2024-02-27,6160
3481,群創,693,172,521,中國信託,2024-02-27,6160
00933B,國泰10Y+金融債,465,6,459,中國信託,2024-02-27,6160
00928,中信上櫃ESG30,480,55,425,中國信託,2024-02-27,6160
6770,力積電,409,62,347,中國信託,2024-02-27,6160
00937B,群益ESG投等債20,777,451,326,中國信託,2024-02-27,6160
00934,中信成長高股息,1530,1224,306,中國信託,2024-02-27,6160
00917,中信特選金融,426,156,270,中國信託,2024-02-27,6160
0050,元大台灣50,263,31,232,中國信託,2024-02-27,6160
2457,飛宏,248,17,231,中國信託,2024-02-27,6160
00679B,元大美債20年,269,64,205,中國信託,2024-02-27,6160
00687B,國泰20年美債,323,130,193,中國信託,2024-02-27,6160
3708,上緯投控,188,0,188,中國信託,2024-02-27,6160
3036,文曄,291,103,188,中國信託,2024-02-27,6160
2363,矽統,433,265,168,中國信託,2024-02-27,6160
00632R,元大台灣50反1,185,20,165,中國信託,2024-02-27,6160
00795B,中信美國公債20年,383,222,161,中國信託,2024-02-27,6160
00712,復華富時不動產,190,31,159,中國信託,2024-02-27,6160
1513,中興電,556,399,157,中國信託,2024-02-27,6160
00692,富邦公司治理,153,0,153,中國信託,2024-02-27,6160
2610,華航,180,40,140,中國信託,2024-02-27,6160
9105,泰金寶-DR,206,82,124,中國信託,2024-02-27,6160
2204,中華,123,0,123,中國信託,2024-02-27,6160
00923,群益台ESG低碳50,449,327,122,中國信託,2024-02-27,6160
00752,中信中國50,158,42,116,中國信託,2024-02-27,6160
00907,永豐優息存股,115,2,113,中國信託,2024-02-27,6160
8096,擎亞,270,173,97,中國信託,2024-02-27,6160
2412,中華電,99,3,96,中國信託,2024-02-27,6160
2301,光寶科,148,58,90,中國信託,2024-02-27,6160
00738U,期元大道瓊白銀,90,0,90,中國信託,2024-02-27,6160
6578,達邦蛋白,86,0,86,中國信託,2024-02-27,6160
00637L,元大滬深300正2,97,12,85,中國信託,2024-02-27,6160
4503,金雨,104,22,82,中國信託,2024-02-27,6160
1815,富喬,100,18,82,中國信託,2024-02-27,6160
3312,弘憶股,118,39,79,中國信託,2024-02-27,6160
2002,中鋼,75,4,71,中國信託,2024-02-27,6160
00912,中信臺灣智慧50,147,78,69,中國信託,2024-02-27,6160
1316,上曜,282,213,69,中國信託,2024-02-27,6160
2492,華新科,70,2,68,中國信託,2024-02-27,6160
2367,燿華,78,10,68,中國信託,2024-02-27,6160
00688L,國泰20年美債正2,67,2,65,中國信託,2024-02-27,6160
1101,台泥,71,7,64,中國信託,2024-02-27,6160
0056,元大高股息,205,142,63,中國信託,2024-02-27,6160
8097,常珵,65,3,62,中國信託,2024-02-27,6160
6120,達運,61,0,61,中國信託,2024-02-27,6160
00900,富邦特選高股息30,2085,518,1567,中國信託,2024-02-29,6160
00881,國泰台灣5G+,1724,745,979,中國信託,2024-02-29,6160
00687B,國泰20年美債,961,51,910,中國信託,2024-02-29,6160
00929,復華台灣科技優息,4125,3411,714,中國信託,2024-02-29,6160
00888,永豐台灣ESG,753,105,648,中國信託,2024-02-29,6160
9105,泰金寶-DR,443,88,355,中國信託,2024-02-29,6160
3264,欣銓,304,14,290,中國信託,2024-02-29,6160
00933B,國泰10Y+金融債,289,13,276,中國信託,2024-02-29,6160
2324,仁寶,355,102,253,中國信託,2024-02-29,6160
00772B,中信高評級公司債,327,86,241,中國信託,2024-02-29,6160
00701,國泰股利精選30,343,109,234,中國信託,2024-02-29,6160
00679B,元大美債20年,229,10,219,中國信託,2024-02-29,6160
8069,元太,259,72,187,中國信託,2024-02-29,6160
2367,燿華,291,126,165,中國信託,2024-02-29,6160
2603,長榮,251,98,153,中國信託,2024-02-29,6160
00632R,元大台灣50反1,134,0,134,中國信託,2024-02-29,6160
6279,胡連,138,5,133,中國信託,2024-02-29,6160
00752,中信中國50,353,222,131,中國信託,2024-02-29,6160
00795B,中信美國公債20年,952,821,131,中國信託,2024-02-29,6160
00688L,國泰20年美債正2,121,0,121,中國信託,2024-02-29,6160
3088,艾訊,117,0,117,中國信託,2024-02-29,6160
00712,復華富時不動產,159,43,116,中國信託,2024-02-29,6160
2610,華航,165,69,96,中國信託,2024-02-29,6160
2412,中華電,96,0,96,中國信託,2024-02-29,6160
00692,富邦公司治理,224,134,90,中國信託,2024-02-29,6160
4770,上品,114,25,89,中國信託,2024-02-29,6160
2002,中鋼,108,20,88,中國信託,2024-02-29,6160
3481,群創,140,57,83,中國信託,2024-02-29,6160
00927,群益半導體收益,102,20,82,中國信託,2024-02-29,6160
2492,華新科,80,1,79,中國信託,2024-02-29,6160
2405,輔信,127,50,77,中國信託,2024-02-29,6160
00753L,中信中國50正2,138,66,72,中國信託,2024-02-29,6160
5234,達興材料,93,22,71,中國信託,2024-02-29,6160
1319,東陽,147,77,70,中國信託,2024-02-29,6160
4768,晶呈科技,71,2,69,中國信託,2024-02-29,6160
2344,華邦電,90,23,67,中國信託,2024-02-29,6160
6288,聯嘉,182,119,63,中國信託,2024-02-29,6160
00751B,元大AAA至A公司債,75,14,61,中國信託,2024-02-29,6160
006208,富邦台50,177,119,58,中國信託,2024-02-29,6160
6237,驊訊,64,8,56,中國信託,2024-02-29,6160
2888,新光金,83,27,56,中國信託,2024-02-29,6160
2329,華泰,104,53,51,中國信託,2024-02-29,6160
3231,緯創,132,81,51,中國信託,2024-02-29,6160
3376,新日興,58,7,51,中國信託,2024-02-29,6160
3390,旭軟,108,57,51,中國信託,2024-02-29,6160
1522,堤維西,264,213,51,中國信託,2024-02-29,6160
00714,群益道瓊美國地產,50,0,50,中國信託,2024-02-29,6160
2887,台新金,51,1,50,中國信託,2024-02-29,6160
2605,新興,65,16,49,中國信託,2024-02-29,6160
1514,亞力,147,100,47,中國信託,2024-02-29,6160
00900,富邦特選高股息30,2320,75,2245,中國信託,2024-03-01,6160
00934,中信成長高股息,1687,221,1466,中國信託,2024-03-01,6160
00680L,元大美債20正2,1218,35,1183,中國信託,2024-03-01,6160
00632R,元大台灣50反1,1143,0,1143,中國信託,2024-03-01,6160
00923,群益台ESG低碳50,1054,30,1024,中國信託,2024-03-01,6160
00936,台新永續高息中小,1028,5,1023,中國信託,2024-03-01,6160
00688L,國泰20年美債正2,1015,126,889,中國信託,2024-03-01,6160
00891,中信關鍵半導體,771,8,763,中國信託,2024-03-01,6160
00892,富邦台灣半導體,855,216,639,中國信託,2024-03-01,6160
00927,群益半導體收益,991,374,617,中國信託,2024-03-01,6160
00888,永豐台灣ESG,619,31,588,中國信託,2024-03-01,6160
00719B,元大美債1-3,509,1,508,中國信託,2024-03-01,6160
00881,國泰台灣5G+,1704,1200,504,中國信託,2024-03-01,6160
3481,群創,577,76,501,中國信託,2024-03-01,6160
2303,聯電,542,48,494,中國信託,2024-03-01,6160
00912,中信臺灣智慧50,488,0,488,中國信託,2024-03-01,6160
2330,台積電,560,118,442,中國信託,2024-03-01,6160
00878,國泰永續高股息,1494,1062,432,中國信託,2024-03-01,6160
00772B,中信高評級公司債,461,45,416,中國信託,2024-03-01,6160
00692,富邦公司治理,396,17,379,中國信託,2024-03-01,6160
00690,兆豐藍籌30,1027,663,364,中國信託,2024-03-01,6160
00935,野村臺灣新科技50,364,16,348,中國信託,2024-03-01,6160
00930,永豐ESG低碳高息,284,12,272,中國信託,2024-03-01,6160
006208,富邦台50,321,57,264,中國信託,2024-03-01,6160
00896,中信綠能及電動車,273,10,263,中國信託,2024-03-01,6160
1301,台塑,227,0,227,中國信託,2024-03-01,6160
3045,台灣大,225,3,222,中國信託,2024-03-01,6160
00864B,中信美國公債0-1,380,161,219,中國信託,2024-03-01,6160
3376,新日興,262,47,215,中國信託,2024-03-01,6160
00706L,期元大S＆P日圓正2,206,0,206,中國信託,2024-03-01,6160
00773B,中信優先金融債,575,401,174,中國信託,2024-03-01,6160
00701,國泰股利精選30,175,4,171,中國信託,2024-03-01,6160
9105,泰金寶-DR,225,57,168,中國信託,2024-03-01,6160
00715L,期街口布蘭特正2,165,1,164,中國信託,2024-03-01,6160
00921,兆豐龍頭等權重,324,162,162,中國信託,2024-03-01,6160
00713,元大台灣高息低波,172,10,162,中國信託,2024-03-01,6160
2201,裕隆,189,31,158,中國信託,2024-03-01,6160
3036,文曄,243,91,152,中國信託,2024-03-01,6160
3450,聯鈞,195,54,141,中國信託,2024-03-01,6160
00687B,國泰20年美債,166,25,141,中國信託,2024-03-01,6160
3702,大聯大,142,6,136,中國信託,2024-03-01,6160
6578,達邦蛋白,134,0,134,中國信託,2024-03-01,6160
00933B,國泰10Y+金融債,146,15,131,中國信託,2024-03-01,6160
2367,燿華,239,108,131,中國信託,2024-03-01,6160
2105,正新,166,37,129,中國信託,2024-03-01,6160
3231,緯創,326,198,128,中國信託,2024-03-01,6160
1316,上曜,421,301,120,中國信託,2024-03-01,6160
0050,元大台灣50,162,44,118,中國信託,2024-03-01,6160
2891,中信金,136,23,113,中國信託,2024-03-01,6160
00922,國泰台灣領袖50,112,6,106,中國信託,2024-03-01,6160
00929,復華台灣科技優息,9995,4685,5310,中國信託,2024-03-04,6160
00900,富邦特選高股息30,5153,1596,3557,中國信託,2024-03-04,6160
00692,富邦公司治理,3289,4,3285,中國信託,2024-03-04,6160
00881,國泰台灣5G+,3310,561,2749,中國信託,2024-03-04,6160
00878,國泰永續高股息,5297,3196,2101,中國信託,2024-03-04,6160
00719B,元大美債1-3,1932,0,1932,中國信託,2024-03-04,6160
00888,永豐台灣ESG,1386,141,1245,中國信託,2024-03-04,6160
2891,中信金,1521,524,997,中國信託,2024-03-04,6160
00891,中信關鍵半導體,1308,590,718,中國信託,2024-03-04,6160
00928,中信上櫃ESG30,583,48,535,中國信託,2024-03-04,6160
6147,頎邦,531,16,515,中國信託,2024-03-04,6160
00937B,群益ESG投等債20,511,19,492,中國信託,2024-03-04,6160
6176,瑞儀,495,19,476,中國信託,2024-03-04,6160
3481,群創,475,63,412,中國信託,2024-03-04,6160
00894,中信小資高價30,463,65,398,中國信託,2024-03-04,6160
00864B,中信美國公債0-1,444,56,388,中國信託,2024-03-04,6160
4958,臻鼎-KY,361,1,360,中國信託,2024-03-04,6160
00752,中信中國50,449,101,348,中國信託,2024-03-04,6160
00632R,元大台灣50反1,870,536,334,中國信託,2024-03-04,6160
00665L,富邦�琤肭磪囓�2,358,25,333,中國信託,2024-03-04,6160
6578,達邦蛋白,302,0,302,中國信託,2024-03-04,6160
006208,富邦台50,377,101,276,中國信託,2024-03-04,6160
00912,中信臺灣智慧50,437,168,269,中國信託,2024-03-04,6160
3034,聯詠,300,31,269,中國信託,2024-03-04,6160
3044,健鼎,262,15,247,中國信託,2024-03-04,6160
00715L,期街口布蘭特正2,220,1,219,中國信託,2024-03-04,6160
5347,世界,227,13,214,中國信託,2024-03-04,6160
00687B,國泰20年美債,245,53,192,中國信託,2024-03-04,6160
00773B,中信優先金融債,231,39,192,中國信託,2024-03-04,6160
5351,鈺創,208,17,191,中國信託,2024-03-04,6160
00688L,國泰20年美債正2,201,11,190,中國信託,2024-03-04,6160
006205,富邦上証,176,0,176,中國信託,2024-03-04,6160
2457,飛宏,220,57,163,中國信託,2024-03-04,6160
00795B,中信美國公債20年,806,643,163,中國信託,2024-03-04,6160
2387,精元,158,3,155,中國信託,2024-03-04,6160
3363,上詮,190,39,151,中國信託,2024-03-04,6160
1503,士電,213,66,147,中國信託,2024-03-04,6160
00932,兆豐永續高息等權,144,1,143,中國信託,2024-03-04,6160
3702,大聯大,223,84,139,中國信託,2024-03-04,6160
2105,正新,182,45,137,中國信託,2024-03-04,6160
5388,中磊,147,12,135,中國信託,2024-03-04,6160
6488,環球晶,135,1,134,中國信託,2024-03-04,6160
2330,台積電,799,675,124,中國信託,2024-03-04,6160
00701,國泰股利精選30,133,9,124,中國信託,2024-03-04,6160
00934,中信成長高股息,689,567,122,中國信託,2024-03-04,6160
00673R,期元大S＆P原油反1,125,4,121,中國信託,2024-03-04,6160
2327,國巨,106,3,103,中國信託,2024-03-04,6160
2412,中華電,108,7,101,中國信託,2024-03-04,6160
9933,中鼎,99,0,99,中國信託,2024-03-04,6160
3450,聯鈞,152,58,94,中國信託,2024-03-04,6160
00900,富邦特選高股息30,2948,89,2859,中國信託,2024-03-05,6160
00929,復華台灣科技優息,6558,3717,2841,中國信託,2024-03-05,6160
00881,國泰台灣5G+,1667,402,1265,中國信託,2024-03-05,6160
00692,富邦公司治理,1164,42,1122,中國信託,2024-03-05,6160
2324,仁寶,1007,61,946,中國信託,2024-03-05,6160
00752,中信中國50,762,19,743,中國信託,2024-03-05,6160
00934,中信成長高股息,1128,469,659,中國信託,2024-03-05,6160
4960,誠美材,611,0,611,中國信託,2024-03-05,6160
00888,永豐台灣ESG,819,232,587,中國信託,2024-03-05,6160
00892,富邦台灣半導體,674,102,572,中國信託,2024-03-05,6160
00936,台新永續高息中小,629,119,510,中國信託,2024-03-05,6160
3231,緯創,646,316,330,中國信託,2024-03-05,6160
00701,國泰股利精選30,415,159,256,中國信託,2024-03-05,6160
00912,中信臺灣智慧50,270,51,219,中國信託,2024-03-05,6160
00687B,國泰20年美債,290,76,214,中國信託,2024-03-05,6160
3045,台灣大,214,0,214,中國信託,2024-03-05,6160
00679B,元大美債20年,221,14,207,中國信託,2024-03-05,6160
00917,中信特選金融,201,1,200,中國信託,2024-03-05,6160
00923,群益台ESG低碳50,218,20,198,中國信託,2024-03-05,6160
2330,台積電,725,530,195,中國信託,2024-03-05,6160
00712,復華富時不動產,194,12,182,中國信託,2024-03-05,6160
4906,正文,407,246,161,中國信託,2024-03-05,6160
2485,兆赫,205,46,159,中國信託,2024-03-05,6160
00924,復華S＆P500成長,417,266,151,中國信託,2024-03-05,6160
2889,國票金,166,16,150,中國信託,2024-03-05,6160
00928,中信上櫃ESG30,218,70,148,中國信託,2024-03-05,6160
00878,國泰永續高股息,2519,2377,142,中國信託,2024-03-05,6160
2474,可成,141,4,137,中國信託,2024-03-05,6160
6005,群益證,134,9,125,中國信託,2024-03-05,6160
00688L,國泰20年美債正2,129,6,123,中國信託,2024-03-05,6160
6578,達邦蛋白,122,2,120,中國信託,2024-03-05,6160
1785,光洋科,115,13,102,中國信託,2024-03-05,6160
00633L,富邦上証正2,102,1,101,中國信託,2024-03-05,6160
3324,雙鴻,107,9,98,中國信託,2024-03-05,6160
6235,華孚,126,28,98,中國信託,2024-03-05,6160
00753L,中信中國50正2,235,138,97,中國信託,2024-03-05,6160
00896,中信綠能及電動車,265,171,94,中國信託,2024-03-05,6160
2603,長榮,152,60,92,中國信託,2024-03-05,6160
9933,中鼎,98,6,92,中國信託,2024-03-05,6160
00891,中信關鍵半導體,470,382,88,中國信託,2024-03-05,6160
00690,兆豐藍籌30,211,123,88,中國信託,2024-03-05,6160
00915,凱基優選高股息30,96,9,87,中國信託,2024-03-05,6160
2427,三商電,134,47,87,中國信託,2024-03-05,6160
3372,典範,210,125,85,中國信託,2024-03-05,6160
00933B,國泰10Y+金融債,125,42,83,中國信託,2024-03-05,6160
3289,宜特,99,18,81,中國信託,2024-03-05,6160
2419,仲琦,147,70,77,中國信託,2024-03-05,6160
2412,中華電,109,32,77,中國信託,2024-03-05,6160
2367,燿華,574,498,76,中國信託,2024-03-05,6160
5258,虹堡,78,7,71,中國信託,2024-03-05,6160
2845,遠東銀,2127,121,2006,中國信託,2024-03-06,6160
00752,中信中國50,1682,808,874,中國信託,2024-03-06,6160
2317,鴻海,939,107,832,中國信託,2024-03-06,6160
00692,富邦公司治理,1013,186,827,中國信託,2024-03-06,6160
4938,和碩,739,4,735,中國信託,2024-03-06,6160
2105,正新,744,39,705,中國信託,2024-03-06,6160
6143,振曜,705,33,672,中國信託,2024-03-06,6160
4960,誠美材,615,1,614,中國信託,2024-03-06,6160
00907,永豐優息存股,600,0,600,中國信託,2024-03-06,6160
00900,富邦特選高股息30,3173,2585,588,中國信託,2024-03-06,6160
00937B,群益ESG投等債20,1146,570,576,中國信託,2024-03-06,6160
00888,永豐台灣ESG,988,438,550,中國信託,2024-03-06,6160
00632R,元大台灣50反1,525,0,525,中國信託,2024-03-06,6160
3005,神基,437,50,387,中國信託,2024-03-06,6160
1504,東元,430,59,371,中國信託,2024-03-06,6160
2474,可成,299,13,286,中國信託,2024-03-06,6160
00892,富邦台灣半導體,331,47,284,中國信託,2024-03-06,6160
00878,國泰永續高股息,4134,3859,275,中國信託,2024-03-06,6160
2356,英業達,302,50,252,中國信託,2024-03-06,6160
00921,兆豐龍頭等權重,238,35,203,中國信託,2024-03-06,6160
00891,中信關鍵半導體,702,500,202,中國信託,2024-03-06,6160
00896,中信綠能及電動車,211,10,201,中國信託,2024-03-06,6160
00928,中信上櫃ESG30,200,3,197,中國信託,2024-03-06,6160
3045,台灣大,200,12,188,中國信託,2024-03-06,6160
2385,群光,190,13,177,中國信託,2024-03-06,6160
00728,第一金工業30,240,63,177,中國信託,2024-03-06,6160
00881,國泰台灣5G+,2043,1868,175,中國信託,2024-03-06,6160
00936,台新永續高息中小,777,611,166,中國信託,2024-03-06,6160
006208,富邦台50,451,290,161,中國信託,2024-03-06,6160
2610,華航,176,20,156,中國信託,2024-03-06,6160
00772B,中信高評級公司債,533,382,151,中國信託,2024-03-06,6160
1432,大魯閣,196,46,150,中國信託,2024-03-06,6160
00915,凱基優選高股息30,158,10,148,中國信託,2024-03-06,6160
00901,永豐智能車供應鏈,416,271,145,中國信託,2024-03-06,6160
00912,中信臺灣智慧50,189,49,140,中國信託,2024-03-06,6160
00913,兆豐台灣晶圓製造,137,0,137,中國信託,2024-03-06,6160
00687B,國泰20年美債,253,117,136,中國信託,2024-03-06,6160
6257,矽格,147,12,135,中國信託,2024-03-06,6160
6138,茂達,133,4,129,中國信託,2024-03-06,6160
6578,達邦蛋白,122,1,121,中國信託,2024-03-06,6160
6546,正基,146,32,114,中國信託,2024-03-06,6160
00932,兆豐永續高息等權,112,0,112,中國信託,2024-03-06,6160
1609,大亞,212,108,104,中國信託,2024-03-06,6160
00664R,國泰臺灣加權反1,98,0,98,中國信託,2024-03-06,6160
00701,國泰股利精選30,105,8,97,中國信託,2024-03-06,6160
9933,中鼎,99,2,97,中國信託,2024-03-06,6160
6163,華電網,179,83,96,中國信託,2024-03-06,6160
2412,中華電,102,12,90,中國信託,2024-03-06,6160
00665L,富邦�琤肭磪囓�2,123,35,88,中國信託,2024-03-06,6160
2367,燿華,738,652,86,中國信託,2024-03-06,6160
00900,富邦特選高股息30,9346,4838,4508,中國信託,2024-03-07,6160
00929,復華台灣科技優息,7268,4286,2982,中國信託,2024-03-07,6160
00878,國泰永續高股息,9067,6162,2905,中國信託,2024-03-07,6160
2885,元大金,2503,58,2445,中國信託,2024-03-07,6160
00888,永豐台灣ESG,2500,623,1877,中國信託,2024-03-07,6160
00692,富邦公司治理,3910,2286,1624,中國信託,2024-03-07,6160
00881,國泰台灣5G+,1830,448,1382,中國信託,2024-03-07,6160
2603,長榮,1100,125,975,中國信託,2024-03-07,6160
00690,兆豐藍籌30,1437,594,843,中國信託,2024-03-07,6160
00930,永豐ESG低碳高息,1065,223,842,中國信託,2024-03-07,6160
00892,富邦台灣半導體,2082,1274,808,中國信託,2024-03-07,6160
00701,國泰股利精選30,717,2,715,中國信託,2024-03-07,6160
4960,誠美材,624,4,620,中國信託,2024-03-07,6160
00687B,國泰20年美債,723,115,608,中國信託,2024-03-07,6160
00923,群益台ESG低碳50,968,367,601,中國信託,2024-03-07,6160
00795B,中信美國公債20年,1237,666,571,中國信託,2024-03-07,6160
2301,光寶科,534,7,527,中國信託,2024-03-07,6160
9904,寶成,500,9,491,中國信託,2024-03-07,6160
006208,富邦台50,570,109,461,中國信託,2024-03-07,6160
00665L,富邦�琤肭磪囓�2,424,19,405,中國信託,2024-03-07,6160
00632R,元大台灣50反1,413,18,395,中國信託,2024-03-07,6160
00850,元大臺灣ESG永續,431,40,391,中國信託,2024-03-07,6160
2313,華通,615,241,374,中國信託,2024-03-07,6160
00932,兆豐永續高息等權,384,13,371,中國信託,2024-03-07,6160
6770,力積電,391,45,346,中國信託,2024-03-07,6160
00936,台新永續高息中小,605,274,331,中國信託,2024-03-07,6160
00894,中信小資高價30,755,485,270,中國信託,2024-03-07,6160
00912,中信臺灣智慧50,325,63,262,中國信託,2024-03-07,6160
00901,永豐智能車供應鏈,656,400,256,中國信託,2024-03-07,6160
2404,漢唐,274,22,252,中國信託,2024-03-07,6160
3702,大聯大,251,41,210,中國信託,2024-03-07,6160
00715L,期街口布蘭特正2,218,20,198,中國信託,2024-03-07,6160
4958,臻鼎-KY,201,3,198,中國信託,2024-03-07,6160
00922,國泰台灣領袖50,209,28,181,中國信託,2024-03-07,6160
00753L,中信中國50正2,330,164,166,中國信託,2024-03-07,6160
2888,新光金,176,10,166,中國信託,2024-03-07,6160
1319,東陽,181,22,159,中國信託,2024-03-07,6160
00679B,元大美債20年,171,18,153,中國信託,2024-03-07,6160
00706L,期元大S＆P日圓正2,156,3,153,中國信託,2024-03-07,6160
00924,復華S＆P500成長,174,26,148,中國信託,2024-03-07,6160
2610,華航,202,56,146,中國信託,2024-03-07,6160
2303,聯電,567,433,134,中國信託,2024-03-07,6160
3325,旭品,192,58,134,中國信託,2024-03-07,6160
00857B,永豐20年美公債,123,4,119,中國信託,2024-03-07,6160
1504,東元,130,12,118,中國信託,2024-03-07,6160
4766,南寶,108,1,107,中國信託,2024-03-07,6160
9933,中鼎,106,0,106,中國信託,2024-03-07,6160
00915,凱基優選高股息30,126,23,103,中國信託,2024-03-07,6160
00907,永豐優息存股,106,4,102,中國信託,2024-03-07,6160
00896,中信綠能及電動車,139,37,102,中國信託,2024-03-07,6160
00929,復華台灣科技優息,13816,7229,6587,中國信託,2024-03-08,6160
00900,富邦特選高股息30,7525,3894,3631,中國信託,2024-03-08,6160
006208,富邦台50,1731,444,1287,中國信託,2024-03-08,6160
00878,國泰永續高股息,11279,10200,1079,中國信託,2024-03-08,6160
00907,永豐優息存股,1080,43,1037,中國信託,2024-03-08,6160
00934,中信成長高股息,3348,2423,925,中國信託,2024-03-08,6160
00892,富邦台灣半導體,1046,164,882,中國信託,2024-03-08,6160
00928,中信上櫃ESG30,1633,777,856,中國信託,2024-03-08,6160
00701,國泰股利精選30,999,160,839,中國信託,2024-03-08,6160
00881,國泰台灣5G+,3803,3031,772,中國信託,2024-03-08,6160
2881,富邦金,845,92,753,中國信託,2024-03-08,6160
4960,誠美材,637,14,623,中國信託,2024-03-08,6160
2301,光寶科,661,85,576,中國信託,2024-03-08,6160
00936,台新永續高息中小,1081,519,562,中國信託,2024-03-08,6160
2885,元大金,908,375,533,中國信託,2024-03-08,6160
00692,富邦公司治理,5948,5454,494,中國信託,2024-03-08,6160
00687B,國泰20年美債,431,89,342,中國信託,2024-03-08,6160
00932,兆豐永續高息等權,288,1,287,中國信託,2024-03-08,6160
2408,南亞科,262,1,261,中國信託,2024-03-08,6160
3715,定穎投控,240,13,227,中國信託,2024-03-08,6160
5522,遠雄,217,0,217,中國信託,2024-03-08,6160
00888,永豐台灣ESG,2497,2288,209,中國信託,2024-03-08,6160
6205,詮欣,226,22,204,中國信託,2024-03-08,6160
0056,元大高股息,600,408,192,中國信託,2024-03-08,6160
9105,泰金寶-DR,225,64,161,中國信託,2024-03-08,6160
2538,基泰,144,0,144,中國信託,2024-03-08,6160
00915,凱基優選高股息30,180,39,141,中國信託,2024-03-08,6160
00751B,元大AAA至A公司債,140,0,140,中國信託,2024-03-08,6160
2610,華航,179,47,132,中國信託,2024-03-08,6160
00690,兆豐藍籌30,1581,1453,128,中國信託,2024-03-08,6160
00913,兆豐台灣晶圓製造,300,174,126,中國信託,2024-03-08,6160
6016,康和證,132,8,124,中國信託,2024-03-08,6160
2412,中華電,125,6,119,中國信託,2024-03-08,6160
2618,長榮航,273,158,115,中國信託,2024-03-08,6160
8028,昇陽半導體,103,0,103,中國信託,2024-03-08,6160
2049,上銀,103,1,102,中國信託,2024-03-08,6160
2352,佳世達,106,9,97,中國信託,2024-03-08,6160
2344,華邦電,186,90,96,中國信託,2024-03-08,6160
00857B,永豐20年美公債,89,0,89,中國信託,2024-03-08,6160
9933,中鼎,96,7,89,中國信託,2024-03-08,6160
5498,凱崴,296,211,85,中國信託,2024-03-08,6160
2474,可成,100,22,78,中國信託,2024-03-08,6160
2317,鴻海,159,85,74,中國信託,2024-03-08,6160
2365,昆盈,142,71,71,中國信託,2024-03-08,6160
3231,緯創,313,241,72,中國信託,2024-03-08,6160
9902,台火,94,27,67,中國信託,2024-03-08,6160
2010,春源,65,0,65,中國信託,2024-03-08,6160
3025,星通,66,2,64,中國信託,2024-03-08,6160
1303,南亞,73,11,62,中國信託,2024-03-08,6160
1101,台泥,84,21,63,中國信託,2024-03-08,6160
00752,中信中國50,10343,2014,8329,中國信託,2024-03-11,6160
00900,富邦特選高股息30,3088,151,2937,中國信託,2024-03-11,6160
00881,國泰台灣5G+,2140,582,1558,中國信託,2024-03-11,6160
00878,國泰永續高股息,5091,3881,1210,中國信託,2024-03-11,6160
00688L,國泰20年美債正2,705,10,695,中國信託,2024-03-11,6160
4960,誠美材,629,5,624,中國信託,2024-03-11,6160
3045,台灣大,500,4,496,中國信託,2024-03-11,6160
3481,群創,710,233,477,中國信託,2024-03-11,6160
2317,鴻海,1244,775,469,中國信託,2024-03-11,6160
2881,富邦金,520,78,442,中國信託,2024-03-11,6160
00888,永豐台灣ESG,741,327,414,中國信託,2024-03-11,6160
00857B,永豐20年美公債,358,0,358,中國信託,2024-03-11,6160
0050,元大台灣50,398,95,303,中國信託,2024-03-11,6160
00891,中信關鍵半導體,319,53,266,中國信託,2024-03-11,6160
2618,長榮航,374,111,263,中國信託,2024-03-11,6160
2330,台積電,425,182,243,中國信託,2024-03-11,6160
6578,達邦蛋白,244,3,241,中國信託,2024-03-11,6160
2610,華航,272,65,207,中國信託,2024-03-11,6160
00687B,國泰20年美債,289,83,206,中國信託,2024-03-11,6160
00915,凱基優選高股息30,212,16,196,中國信託,2024-03-11,6160
00692,富邦公司治理,727,533,194,中國信託,2024-03-11,6160
2606,裕民,273,80,193,中國信託,2024-03-11,6160
00936,台新永續高息中小,195,29,166,中國信託,2024-03-11,6160
00632R,元大台灣50反1,301,138,163,中國信託,2024-03-11,6160
2615,萬海,168,5,163,中國信託,2024-03-11,6160
00706L,期元大S＆P日圓正2,154,0,154,中國信託,2024-03-11,6160
00913,兆豐台灣晶圓製造,168,25,143,中國信託,2024-03-11,6160
00933B,國泰10Y+金融債,182,47,135,中國信託,2024-03-11,6160
3231,緯創,616,495,121,中國信託,2024-03-11,6160
00679B,元大美債20年,177,59,118,中國信託,2024-03-11,6160
1460,宏遠,120,4,116,中國信託,2024-03-11,6160
00671R,富邦NASDAQ反1,120,5,115,中國信託,2024-03-11,6160
9933,中鼎,101,0,101,中國信託,2024-03-11,6160
6005,群益證,106,7,99,中國信託,2024-03-11,6160
2412,中華電,103,7,96,中國信託,2024-03-11,6160
6147,頎邦,110,15,95,中國信託,2024-03-11,6160
00720B,元大投資級公司債,105,10,95,中國信託,2024-03-11,6160
00751B,元大AAA至A公司債,103,16,87,中國信託,2024-03-11,6160
1515,力山,88,3,85,中國信託,2024-03-11,6160
00690,兆豐藍籌30,219,136,83,中國信託,2024-03-11,6160
2603,長榮,289,206,83,中國信託,2024-03-11,6160
6176,瑞儀,101,26,75,中國信託,2024-03-11,6160
2201,裕隆,82,9,73,中國信託,2024-03-11,6160
2474,可成,72,0,72,中國信託,2024-03-11,6160
3691,碩禾,79,10,69,中國信託,2024-03-11,6160
2834,臺企銀,78,10,68,中國信託,2024-03-11,6160
2358,廷鑫,70,2,68,中國信託,2024-03-11,6160
2883,凱基金,303,236,67,中國信託,2024-03-11,6160
3034,聯詠,97,30,67,中國信託,2024-03-11,6160
2371,大同,79,13,66,中國信託,2024-03-11,6160
00752,中信中國50,13805,3183,10622,中國信託,2024-03-12,6160
00929,復華台灣科技優息,10585,3698,6887,中國信託,2024-03-12,6160
00878,國泰永續高股息,6052,1964,4088,中國信託,2024-03-12,6160
00900,富邦特選高股息30,4062,1772,2290,中國信託,2024-03-12,6160
00753L,中信中國50正2,1835,300,1535,中國信託,2024-03-12,6160
00891,中信關鍵半導體,1249,40,1209,中國信託,2024-03-12,6160
00888,永豐台灣ESG,1039,118,921,中國信託,2024-03-12,6160
00923,群益台ESG低碳50,877,22,855,中國信託,2024-03-12,6160
00715L,期街口布蘭特正2,825,15,810,中國信託,2024-03-12,6160
2891,中信金,918,117,801,中國信託,2024-03-12,6160
006208,富邦台50,819,56,763,中國信託,2024-03-12,6160
00927,群益半導體收益,631,21,610,中國信託,2024-03-12,6160
00922,國泰台灣領袖50,575,10,565,中國信託,2024-03-12,6160
6147,頎邦,658,102,556,中國信託,2024-03-12,6160
2313,華通,886,344,542,中國信託,2024-03-12,6160
0056,元大高股息,652,127,525,中國信託,2024-03-12,6160
00892,富邦台灣半導體,529,27,502,中國信託,2024-03-12,6160
3045,台灣大,501,1,500,中國信託,2024-03-12,6160
00935,野村臺灣新科技50,535,48,487,中國信託,2024-03-12,6160
00632R,元大台灣50反1,626,181,445,中國信託,2024-03-12,6160
6578,達邦蛋白,341,0,341,中國信託,2024-03-12,6160
00687B,國泰20年美債,385,96,289,中國信託,2024-03-12,6160
00701,國泰股利精選30,346,59,287,中國信託,2024-03-12,6160
00904,新光臺灣半導體30,297,21,276,中國信託,2024-03-12,6160
3324,雙鴻,275,23,252,中國信託,2024-03-12,6160
2354,鴻準,321,90,231,中國信託,2024-03-12,6160
00692,富邦公司治理,585,374,211,中國信託,2024-03-12,6160
00894,中信小資高價30,246,43,203,中國信託,2024-03-12,6160
3312,弘憶股,186,12,174,中國信託,2024-03-12,6160
2317,鴻海,1287,1114,173,中國信託,2024-03-12,6160
2610,華航,205,39,166,中國信託,2024-03-12,6160
00930,永豐ESG低碳高息,234,72,162,中國信託,2024-03-12,6160
2371,大同,196,37,159,中國信託,2024-03-12,6160
00665L,富邦�琤肭磪囓�2,690,534,156,中國信託,2024-03-12,6160
00932,兆豐永續高息等權,188,32,156,中國信託,2024-03-12,6160
2474,可成,156,1,155,中國信託,2024-03-12,6160
1582,信錦,261,107,154,中國信託,2024-03-12,6160
00881,國泰台灣5G+,1966,1814,152,中國信託,2024-03-12,6160
00928,中信上櫃ESG30,323,173,150,中國信託,2024-03-12,6160
6425,易發,146,3,143,中國信託,2024-03-12,6160
00896,中信綠能及電動車,160,21,139,中國信託,2024-03-12,6160
1460,宏遠,135,5,130,中國信託,2024-03-12,6160
00857B,永豐20年美公債,143,15,128,中國信託,2024-03-12,6160
6279,胡連,128,1,127,中國信託,2024-03-12,6160
00933B,國泰10Y+金融債,175,50,125,中國信託,2024-03-12,6160
00679B,元大美債20年,215,94,121,中國信託,2024-03-12,6160
00921,兆豐龍頭等權重,165,46,119,中國信託,2024-03-12,6160
00751B,元大AAA至A公司債,124,6,118,中國信託,2024-03-12,6160
00688L,國泰20年美債正2,133,15,118,中國信託,2024-03-12,6160
2633,台灣高鐵,114,2,112,中國信託,2024-03-12,6160
00900,富邦特選高股息30,5982,2667,3315,中國信託,2024-03-13,6160
00888,永豐台灣ESG,1805,202,1603,中國信託,2024-03-13,6160
00929,復華台灣科技優息,8863,7339,1524,中國信託,2024-03-13,6160
00934,中信成長高股息,1935,450,1485,中國信託,2024-03-13,6160
00881,國泰台灣5G+,2804,1375,1429,中國信託,2024-03-13,6160
2834,臺企銀,923,25,898,中國信託,2024-03-13,6160
00907,永豐優息存股,868,27,841,中國信託,2024-03-13,6160
00701,國泰股利精選30,758,1,757,中國信託,2024-03-13,6160
00936,台新永續高息中小,657,21,636,中國信託,2024-03-13,6160
3045,台灣大,601,2,599,中國信託,2024-03-13,6160
00857B,永豐20年美公債,568,7,561,中國信託,2024-03-13,6160
00894,中信小資高價30,641,136,505,中國信託,2024-03-13,6160
2354,鴻準,2251,1752,499,中國信託,2024-03-13,6160
00687B,國泰20年美債,523,55,468,中國信託,2024-03-13,6160
00692,富邦公司治理,878,419,459,中國信託,2024-03-13,6160
00901,永豐智能車供應鏈,552,138,414,中國信託,2024-03-13,6160
00878,國泰永續高股息,6375,5961,414,中國信託,2024-03-13,6160
00891,中信關鍵半導體,574,179,395,中國信託,2024-03-13,6160
00882,中信中國高股息,622,269,353,中國信託,2024-03-13,6160
2891,中信金,1173,859,314,中國信託,2024-03-13,6160
00895,富邦未來車,300,2,298,中國信託,2024-03-13,6160
00752,中信中國50,301,12,289,中國信託,2024-03-13,6160
2609,陽明,321,44,277,中國信託,2024-03-13,6160
00650L,復華香港正2,285,15,270,中國信託,2024-03-13,6160
00910,第一金太空衛星,403,141,262,中國信託,2024-03-13,6160
2603,長榮,338,81,257,中國信託,2024-03-13,6160
00679B,元大美債20年,282,46,236,中國信託,2024-03-13,6160
2105,正新,214,0,214,中國信託,2024-03-13,6160
00912,中信臺灣智慧50,200,3,197,中國信託,2024-03-13,6160
2501,國建,190,32,158,中國信託,2024-03-13,6160
00712,復華富時不動產,180,39,141,中國信託,2024-03-13,6160
00933B,國泰10Y+金融債,169,31,138,中國信託,2024-03-13,6160
00680L,元大美債20正2,314,177,137,中國信託,2024-03-13,6160
2610,華航,186,66,120,中國信託,2024-03-13,6160
3033,威健,122,3,119,中國信託,2024-03-13,6160
1514,亞力,242,123,119,中國信託,2024-03-13,6160
9105,泰金寶-DR,165,52,113,中國信託,2024-03-13,6160
00751B,元大AAA至A公司債,130,17,113,中國信託,2024-03-13,6160
00673R,期元大S＆P原油反1,111,0,111,中國信託,2024-03-13,6160
1513,中興電,307,209,98,中國信託,2024-03-13,6160
2371,大同,139,43,96,中國信託,2024-03-13,6160
3312,弘憶股,101,10,91,中國信託,2024-03-13,6160
8096,擎亞,120,33,87,中國信託,2024-03-13,6160
5511,德昌,86,1,85,中國信託,2024-03-13,6160
00932,兆豐永續高息等權,141,56,85,中國信託,2024-03-13,6160
00922,國泰台灣領袖50,92,12,80,中國信託,2024-03-13,6160
8011,台通,377,298,79,中國信託,2024-03-13,6160
9933,中鼎,96,23,73,中國信託,2024-03-13,6160
6770,力積電,275,205,70,中國信託,2024-03-13,6160
1101,台泥,85,18,67,中國信託,2024-03-13,6160
00900,富邦特選高股息30,4186,1197,2989,中國信託,2024-03-14,6160
00692,富邦公司治理,2556,808,1748,中國信託,2024-03-14,6160
00881,國泰台灣5G+,2250,508,1742,中國信託,2024-03-14,6160
00888,永豐台灣ESG,1682,120,1562,中國信託,2024-03-14,6160
00907,永豐優息存股,1090,39,1051,中國信託,2024-03-14,6160
00665L,富邦�琤肭磪囓�2,981,1,980,中國信託,2024-03-14,6160
00701,國泰股利精選30,803,21,782,中國信託,2024-03-14,6160
2881,富邦金,633,50,583,中國信託,2024-03-14,6160
00751B,元大AAA至A公司債,736,201,535,中國信託,2024-03-14,6160
00715L,期街口布蘭特正2,495,1,494,中國信託,2024-03-14,6160
1455,集盛,473,8,465,中國信託,2024-03-14,6160
3045,台灣大,508,47,461,中國信託,2024-03-14,6160
6285,啟��,453,56,397,中國信託,2024-03-14,6160
00934,中信成長高股息,1527,1151,376,中國信託,2024-03-14,6160
3481,群創,328,16,312,中國信託,2024-03-14,6160
00687B,國泰20年美債,313,21,292,中國信託,2024-03-14,6160
00901,永豐智能車供應鏈,401,132,269,中國信託,2024-03-14,6160
00894,中信小資高價30,762,495,267,中國信託,2024-03-14,6160
1460,宏遠,232,2,230,中國信託,2024-03-14,6160
00679B,元大美債20年,279,50,229,中國信託,2024-03-14,6160
00795B,中信美國公債20年,1021,810,211,中國信託,2024-03-14,6160
3260,威剛,208,9,199,中國信託,2024-03-14,6160
00632R,元大台灣50反1,206,20,186,中國信託,2024-03-14,6160
00773B,中信優先金融債,200,15,185,中國信託,2024-03-14,6160
2892,第一金,233,52,181,中國信託,2024-03-14,6160
00915,凱基優選高股息30,258,87,171,中國信託,2024-03-14,6160
00690,兆豐藍籌30,481,310,171,中國信託,2024-03-14,6160
1316,上曜,356,189,167,中國信託,2024-03-14,6160
2889,國票金,188,38,150,中國信託,2024-03-14,6160
3056,富華新,150,1,149,中國信託,2024-03-14,6160
2603,長榮,305,158,147,中國信託,2024-03-14,6160
00688L,國泰20年美債正2,135,0,135,中國信託,2024-03-14,6160
2409,友達,169,35,134,中國信託,2024-03-14,6160
00857B,永豐20年美公債,131,1,130,中國信託,2024-03-14,6160
00752,中信中國50,192,73,119,中國信託,2024-03-14,6160
2886,兆豐金,146,40,106,中國信託,2024-03-14,6160
2412,中華電,111,10,101,中國信託,2024-03-14,6160
9933,中鼎,98,1,97,中國信託,2024-03-14,6160
2353,宏��,118,30,88,中國信託,2024-03-14,6160
6605,帝寶,88,1,87,中國信託,2024-03-14,6160
6005,群益證,124,38,86,中國信託,2024-03-14,6160
9105,泰金寶-DR,104,27,77,中國信託,2024-03-14,6160
5434,崇越,73,0,73,中國信託,2024-03-14,6160
6187,萬潤,91,20,71,中國信託,2024-03-14,6160
2610,華航,152,83,69,中國信託,2024-03-14,6160
2376,技嘉,110,42,68,中國信託,2024-03-14,6160
2356,英業達,174,111,63,中國信託,2024-03-14,6160
2885,元大金,136,73,63,中國信託,2024-03-14,6160
2888,新光金,118,56,62,中國信託,2024-03-14,6160
6182,合晶,64,3,61,中國信託,2024-03-14,6160
00929,復華台灣科技優息,8022,4440,3582,中國信託,2024-03-15,6160
00900,富邦特選高股息30,3363,92,3271,中國信託,2024-03-15,6160
2891,中信金,2915,78,2837,中國信託,2024-03-15,6160
0050,元大台灣50,1527,138,1389,中國信託,2024-03-15,6160
2882,國泰金,852,27,825,中國信託,2024-03-15,6160
00888,永豐台灣ESG,751,112,639,中國信託,2024-03-15,6160
1102,亞泥,500,6,494,中國信託,2024-03-15,6160
00687B,國泰20年美債,457,16,441,中國信託,2024-03-15,6160
3481,群創,1324,924,400,中國信託,2024-03-15,6160
00679B,元大美債20年,398,11,387,中國信託,2024-03-15,6160
2409,友達,629,259,370,中國信託,2024-03-15,6160
4958,臻鼎-KY,334,3,331,中國信託,2024-03-15,6160
00690,兆豐藍籌30,486,163,323,中國信託,2024-03-15,6160
00937B,群益ESG投等債20,686,370,316,中國信託,2024-03-15,6160
00692,富邦公司治理,408,139,269,中國信託,2024-03-15,6160
2474,可成,283,27,256,中國信託,2024-03-15,6160
1460,宏遠,253,5,248,中國信託,2024-03-15,6160
4938,和碩,250,7,243,中國信託,2024-03-15,6160
3056,富華新,240,1,239,中國信託,2024-03-15,6160
2356,英業達,389,163,226,中國信託,2024-03-15,6160
00773B,中信優先金融債,985,765,220,中國信託,2024-03-15,6160
00680L,元大美債20正2,224,15,209,中國信託,2024-03-15,6160
2610,華航,222,27,195,中國信託,2024-03-15,6160
00932,兆豐永續高息等權,221,28,193,中國信託,2024-03-15,6160
00936,台新永續高息中小,194,7,187,中國信託,2024-03-15,6160
6442,光聖,194,13,181,中國信託,2024-03-15,6160
3017,奇鋐,244,63,181,中國信託,2024-03-15,6160
2618,長榮航,224,81,143,中國信託,2024-03-15,6160
00915,凱基優選高股息30,157,21,136,中國信託,2024-03-15,6160
2330,台積電,446,311,135,中國信託,2024-03-15,6160
0056,元大高股息,756,622,134,中國信託,2024-03-15,6160
2834,臺企銀,312,178,134,中國信託,2024-03-15,6160
9933,中鼎,150,17,133,中國信託,2024-03-15,6160
1504,東元,157,26,131,中國信託,2024-03-15,6160
2903,遠百,151,25,126,中國信託,2024-03-15,6160
00857B,永豐20年美公債,117,0,117,中國信託,2024-03-15,6160
3702,大聯大,124,16,108,中國信託,2024-03-15,6160
2883,凱基金,193,91,102,中國信託,2024-03-15,6160
2845,遠東銀,105,6,99,中國信託,2024-03-15,6160
00688L,國泰20年美債正2,117,20,97,中國信託,2024-03-15,6160
1319,東陽,102,7,95,中國信託,2024-03-15,6160
00751B,元大AAA至A公司債,120,30,90,中國信託,2024-03-15,6160
00921,兆豐龍頭等權重,102,12,90,中國信託,2024-03-15,6160
6488,環球晶,83,1,82,中國信託,2024-03-15,6160
2367,燿華,168,88,80,中國信託,2024-03-15,6160
2801,彰銀,80,1,79,中國信託,2024-03-15,6160
5483,中美晶,122,44,78,中國信託,2024-03-15,6160
2002,中鋼,88,11,77,中國信託,2024-03-15,6160
2412,中華電,85,18,67,中國信託,2024-03-15,6160
2615,萬海,77,11,66,中國信託,2024-03-15,6160
00929,復華台灣科技優息,7959,2620,5339,中國信託,2024-03-18,6160
00752,中信中國50,2631,286,2345,中國信託,2024-03-18,6160
00881,國泰台灣5G+,2570,635,1935,中國信託,2024-03-18,6160
00888,永豐台灣ESG,1975,243,1732,中國信託,2024-03-18,6160
00900,富邦特選高股息30,3529,2160,1369,中國信託,2024-03-18,6160
0050,元大台灣50,1303,111,1192,中國信託,2024-03-18,6160
00892,富邦台灣半導體,1041,116,925,中國信託,2024-03-18,6160
00692,富邦公司治理,1062,154,908,中國信託,2024-03-18,6160
2891,中信金,685,74,611,中國信託,2024-03-18,6160
00878,國泰永續高股息,2959,2398,561,中國信託,2024-03-18,6160
0056,元大高股息,804,294,510,中國信託,2024-03-18,6160
00936,台新永續高息中小,502,46,456,中國信託,2024-03-18,6160
00922,國泰台灣領袖50,448,2,446,中國信託,2024-03-18,6160
00941,中信上游半導體,608,201,407,中國信託,2024-03-18,6160
2317,鴻海,867,464,403,中國信託,2024-03-18,6160
3663,鑫科,400,28,372,中國信託,2024-03-18,6160
00850,元大臺灣ESG永續,282,0,282,中國信託,2024-03-18,6160
00679B,元大美債20年,245,21,224,中國信託,2024-03-18,6160
00687B,國泰20年美債,246,30,216,中國信託,2024-03-18,6160
2105,正新,235,21,214,中國信託,2024-03-18,6160
00923,群益台ESG低碳50,229,31,198,中國信託,2024-03-18,6160
2548,華固,200,13,187,中國信託,2024-03-18,6160
1460,宏遠,161,0,161,中國信託,2024-03-18,6160
2882,國泰金,202,45,157,中國信託,2024-03-18,6160
00933B,國泰10Y+金融債,194,38,156,中國信託,2024-03-18,6160
2474,可成,154,7,147,中國信託,2024-03-18,6160
00937B,群益ESG投等債20,791,653,138,中國信託,2024-03-18,6160
2356,英業達,289,160,129,中國信託,2024-03-18,6160
2409,友達,157,29,128,中國信託,2024-03-18,6160
6770,力積電,135,14,121,中國信託,2024-03-18,6160
5009,榮剛,120,4,116,中國信託,2024-03-18,6160
2888,新光金,122,6,116,中國信託,2024-03-18,6160
00751B,元大AAA至A公司債,138,22,116,中國信託,2024-03-18,6160
2454,聯發科,136,22,114,中國信託,2024-03-18,6160
2610,華航,178,67,111,中國信託,2024-03-18,6160
00712,復華富時不動產,248,144,104,中國信託,2024-03-18,6160
2382,廣達,252,152,100,中國信託,2024-03-18,6160
00894,中信小資高價30,137,39,98,中國信託,2024-03-18,6160
6578,達邦蛋白,100,3,97,中國信託,2024-03-18,6160
9933,中鼎,100,6,94,中國信託,2024-03-18,6160
00795B,中信美國公債20年,1489,1396,93,中國信託,2024-03-18,6160
2357,華碩,102,12,90,中國信託,2024-03-18,6160
2329,華泰,147,58,89,中國信託,2024-03-18,6160
8096,擎亞,122,34,88,中國信託,2024-03-18,6160
2903,遠百,86,8,78,中國信託,2024-03-18,6160
2449,京元電子,112,37,75,中國信託,2024-03-18,6160
2884,玉山金,130,56,74,中國信託,2024-03-18,6160
00915,凱基優選高股息30,98,28,70,中國信託,2024-03-18,6160
00857B,永豐20年美公債,77,11,66,中國信託,2024-03-18,6160
2002,中鋼,79,15,64,中國信託,2024-03-18,6160
00929,復華台灣科技優息,12692,7841,4851,中國信託,2024-03-19,6160
00878,國泰永續高股息,1817,847,970,中國信託,2024-03-19,6160
1102,亞泥,903,1,902,中國信託,2024-03-19,6160
3055,蔚華科,512,11,501,中國信託,2024-03-19,6160
00687B,國泰20年美債,481,15,466,中國信託,2024-03-19,6160
9105,泰金寶-DR,424,38,386,中國信託,2024-03-19,6160
00752,中信中國50,513,211,302,中國信託,2024-03-19,6160
00901,永豐智能車供應鏈,362,68,294,中國信託,2024-03-19,6160
00891,中信關鍵半導體,450,164,286,中國信託,2024-03-19,6160
00922,國泰台灣領袖50,246,2,244,中國信託,2024-03-19,6160
3665,貿聯-KY,219,0,219,中國信託,2024-03-19,6160
2834,臺企銀,262,47,215,中國信託,2024-03-19,6160
1460,宏遠,205,0,205,中國信託,2024-03-19,6160
006208,富邦台50,418,220,198,中國信託,2024-03-19,6160
2474,可成,193,2,191,中國信託,2024-03-19,6160
00679B,元大美債20年,214,39,175,中國信託,2024-03-19,6160
00690,兆豐藍籌30,408,242,166,中國信託,2024-03-19,6160
6770,力積電,225,70,155,中國信託,2024-03-19,6160
2367,燿華,329,177,152,中國信託,2024-03-19,6160
00701,國泰股利精選30,176,29,147,中國信託,2024-03-19,6160
9933,中鼎,147,5,142,中國信託,2024-03-19,6160
00857B,永豐20年美公債,142,0,142,中國信託,2024-03-19,6160
2329,華泰,181,58,123,中國信託,2024-03-19,6160
00933B,國泰10Y+金融債,175,58,117,中國信託,2024-03-19,6160
3706,神達,421,306,115,中國信託,2024-03-19,6160
2603,長榮,335,222,113,中國信託,2024-03-19,6160
5543,桓鼎-KY,110,0,110,中國信託,2024-03-19,6160
00751B,元大AAA至A公司債,221,114,107,中國信託,2024-03-19,6160
2464,盟立,131,29,102,中國信託,2024-03-19,6160
3312,弘憶股,254,164,90,中國信託,2024-03-19,6160
00712,復華富時不動產,142,53,89,中國信託,2024-03-19,6160
0050,元大台灣50,167,80,87,中國信託,2024-03-19,6160
2610,華航,166,86,80,中國信託,2024-03-19,6160
2515,中工,174,95,79,中國信託,2024-03-19,6160
00753L,中信中國50正2,184,108,76,中國信託,2024-03-19,6160
1503,士電,195,120,75,中國信託,2024-03-19,6160
6143,振曜,75,2,73,中國信託,2024-03-19,6160
2204,中華,73,1,72,中國信託,2024-03-19,6160
1504,東元,223,153,70,中國信託,2024-03-19,6160
2376,技嘉,112,43,69,中國信託,2024-03-19,6160
1737,臺鹽,62,0,62,中國信託,2024-03-19,6160
6147,頎邦,159,98,61,中國信託,2024-03-19,6160
2412,中華電,74,17,57,中國信託,2024-03-19,6160
2308,台達電,95,38,57,中國信託,2024-03-19,6160
2303,聯電,287,230,57,中國信託,2024-03-19,6160
1101,台泥,88,31,57,中國信託,2024-03-19,6160
3056,富華新,55,1,54,中國信託,2024-03-19,6160
2809,京城銀,63,10,53,中國信託,2024-03-19,6160
3413,京鼎,57,5,52,中國信託,2024-03-19,6160
2387,精元,50,0,50,中國信託,2024-03-19,6160
00918,大華優利高填息30,3733,71,3662,中國信託,2024-03-20,6160
00900,富邦特選高股息30,2658,61,2597,中國信託,2024-03-20,6160
00929,復華台灣科技優息,3593,1039,2554,中國信託,2024-03-20,6160
2891,中信金,1149,41,1108,中國信託,2024-03-20,6160
00888,永豐台灣ESG,689,187,502,中國信託,2024-03-20,6160
00934,中信成長高股息,1137,656,481,中國信託,2024-03-20,6160
2301,光寶科,557,101,456,中國信託,2024-03-20,6160
2324,仁寶,650,239,411,中國信託,2024-03-20,6160
00894,中信小資高價30,321,3,318,中國信託,2024-03-20,6160
00795B,中信美國公債20年,928,641,287,中國信託,2024-03-20,6160
00690,兆豐藍籌30,287,4,283,中國信託,2024-03-20,6160
2356,英業達,451,194,257,中國信託,2024-03-20,6160
2603,長榮,452,214,238,中國信託,2024-03-20,6160
2474,可成,194,9,185,中國信託,2024-03-20,6160
00928,中信上櫃ESG30,476,310,166,中國信託,2024-03-20,6160
0056,元大高股息,276,112,164,中國信託,2024-03-20,6160
00912,中信臺灣智慧50,224,66,158,中國信託,2024-03-20,6160
2883,凱基金,186,32,154,中國信託,2024-03-20,6160
00752,中信中國50,177,26,151,中國信託,2024-03-20,6160
1460,宏遠,150,2,148,中國信託,2024-03-20,6160
2888,新光金,191,53,138,中國信託,2024-03-20,6160
00679B,元大美債20年,191,55,136,中國信託,2024-03-20,6160
00901,永豐智能車供應鏈,360,231,129,中國信託,2024-03-20,6160
1455,集盛,124,4,120,中國信託,2024-03-20,6160
00720B,元大投資級公司債,118,10,108,中國信託,2024-03-20,6160
00933B,國泰10Y+金融債,134,27,107,中國信託,2024-03-20,6160
00687B,國泰20年美債,162,56,106,中國信託,2024-03-20,6160
00671R,富邦NASDAQ反1,103,0,103,中國信託,2024-03-20,6160
00751B,元大AAA至A公司債,104,8,96,中國信託,2024-03-20,6160
2618,長榮航,118,25,93,中國信託,2024-03-20,6160
9933,中鼎,98,8,90,中國信託,2024-03-20,6160
00923,群益台ESG低碳50,108,23,85,中國信託,2024-03-20,6160
8096,擎亞,88,10,78,中國信託,2024-03-20,6160
6285,啟��,112,34,78,中國信託,2024-03-20,6160
00932,兆豐永續高息等權,159,87,72,中國信託,2024-03-20,6160
2412,中華電,87,16,71,中國信託,2024-03-20,6160
00877,復華中國5G,70,0,70,中國信託,2024-03-20,6160
3078,僑威,70,1,69,中國信託,2024-03-20,6160
1101,台泥,89,21,68,中國信託,2024-03-20,6160
3033,威健,68,3,65,中國信託,2024-03-20,6160
2809,京城銀,67,2,65,中國信託,2024-03-20,6160
5371,中光電,78,14,64,中國信託,2024-03-20,6160
6770,力積電,64,2,62,中國信託,2024-03-20,6160
3034,聯詠,75,13,62,中國信託,2024-03-20,6160
2367,燿華,158,96,62,中國信託,2024-03-20,6160
2352,佳世達,110,49,61,中國信託,2024-03-20,6160
1737,臺鹽,60,1,59,中國信託,2024-03-20,6160
2387,精元,57,0,57,中國信託,2024-03-20,6160
2383,台光電,63,8,55,中國信託,2024-03-20,6160
00915,凱基優選高股息30,85,32,53,中國信託,2024-03-20,6160
00929,復華台灣科技優息,9137,3374,5763,中國信託,2024-03-21,6160
00878,國泰永續高股息,6792,1100,5692,中國信託,2024-03-21,6160
00918,大華優利高填息30,5242,186,5056,中國信託,2024-03-21,6160
00881,國泰台灣5G+,2828,482,2346,中國信託,2024-03-21,6160
00692,富邦公司治理,1627,103,1524,中國信託,2024-03-21,6160
006208,富邦台50,1189,39,1150,中國信託,2024-03-21,6160
0056,元大高股息,1143,117,1026,中國信託,2024-03-21,6160
00900,富邦特選高股息30,1197,240,957,中國信託,2024-03-21,6160
00701,國泰股利精選30,966,39,927,中國信託,2024-03-21,6160
00934,中信成長高股息,1064,187,877,中國信託,2024-03-21,6160
00922,國泰台灣領袖50,850,11,839,中國信託,2024-03-21,6160
2317,鴻海,1008,241,767,中國信託,2024-03-21,6160
00907,永豐優息存股,751,22,729,中國信託,2024-03-21,6160
00753L,中信中國50正2,691,102,589,中國信託,2024-03-21,6160
00888,永豐台灣ESG,596,207,389,中國信託,2024-03-21,6160
00892,富邦台灣半導體,469,137,332,中國信託,2024-03-21,6160
00937B,群益ESG投等債20,463,140,323,中國信託,2024-03-21,6160
4306,炎洲,240,12,228,中國信託,2024-03-21,6160
2330,台積電,305,86,219,中國信託,2024-03-21,6160
00679B,元大美債20年,223,11,212,中國信託,2024-03-21,6160
00688L,國泰20年美債正2,218,6,212,中國信託,2024-03-21,6160
3481,群創,334,129,205,中國信託,2024-03-21,6160
00936,台新永續高息中小,206,7,199,中國信託,2024-03-21,6160
00928,中信上櫃ESG30,192,2,190,中國信託,2024-03-21,6160
00713,元大台灣高息低波,202,39,163,中國信託,2024-03-21,6160
1460,宏遠,155,0,155,中國信託,2024-03-21,6160
6770,力積電,139,4,135,中國信託,2024-03-21,6160
00687B,國泰20年美債,291,159,132,中國信託,2024-03-21,6160
9907,統一實,131,6,125,中國信託,2024-03-21,6160
3013,晟銘電,154,30,124,中國信託,2024-03-21,6160
00795B,中信美國公債20年,1386,1265,121,中國信託,2024-03-21,6160
1504,東元,300,190,110,中國信託,2024-03-21,6160
2368,金像電,131,33,98,中國信託,2024-03-21,6160
2382,廣達,163,70,93,中國信託,2024-03-21,6160
00720B,元大投資級公司債,92,0,92,中國信託,2024-03-21,6160
00913,兆豐台灣晶圓製造,113,22,91,中國信託,2024-03-21,6160
6257,矽格,100,10,90,中國信託,2024-03-21,6160
00850,元大臺灣ESG永續,215,129,86,中國信託,2024-03-21,6160
2367,燿華,274,191,83,中國信託,2024-03-21,6160
9933,中鼎,100,21,79,中國信託,2024-03-21,6160
2031,新光鋼,83,4,79,中國信託,2024-03-21,6160
00896,中信綠能及電動車,99,25,74,中國信託,2024-03-21,6160
00830,國泰費城半導體,92,18,74,中國信託,2024-03-21,6160
2412,中華電,80,12,68,中國信託,2024-03-21,6160
00921,兆豐龍頭等權重,2289,2223,66,中國信託,2024-03-21,6160
1101,台泥,95,29,66,中國信託,2024-03-21,6160
9939,宏全,65,0,65,中國信託,2024-03-21,6160
00676R,富邦臺灣加權反1,65,0,65,中國信託,2024-03-21,6160
00857B,永豐20年美公債,89,25,64,中國信託,2024-03-21,6160
5213,亞昕,66,2,64,中國信託,2024-03-21,6160
00900,富邦特選高股息30,4530,239,4291,中國信託,2024-03-22,6160
00881,國泰台灣5G+,2457,440,2017,中國信託,2024-03-22,6160
00692,富邦公司治理,1492,338,1154,中國信託,2024-03-22,6160
00918,大華優利高填息30,655,84,571,中國信託,2024-03-22,6160
3708,上緯投控,514,11,503,中國信託,2024-03-22,6160
2105,正新,525,27,498,中國信託,2024-03-22,6160
1460,宏遠,475,10,465,中國信託,2024-03-22,6160
00907,永豐優息存股,455,9,446,中國信託,2024-03-22,6160
0050,元大台灣50,485,40,445,中國信託,2024-03-22,6160
0056,元大高股息,885,486,399,中國信託,2024-03-22,6160
2353,宏��,628,233,395,中國信託,2024-03-22,6160
00936,台新永續高息中小,398,6,392,中國信託,2024-03-22,6160
2308,台達電,402,115,287,中國信託,2024-03-22,6160
3062,建漢,258,20,238,中國信託,2024-03-22,6160
00850,元大臺灣ESG永續,225,0,225,中國信託,2024-03-22,6160
00934,中信成長高股息,567,346,221,中國信託,2024-03-22,6160
00752,中信中國50,221,5,216,中國信託,2024-03-22,6160
2368,金像電,233,39,194,中國信託,2024-03-22,6160
2809,京城銀,205,13,192,中國信託,2024-03-22,6160
2367,燿華,683,495,188,中國信託,2024-03-22,6160
911868,同方友友-DR,187,0,187,中國信託,2024-03-22,6160
00891,中信關鍵半導體,717,537,180,中國信託,2024-03-22,6160
2317,鴻海,882,726,156,中國信託,2024-03-22,6160
1605,華新,166,42,124,中國信託,2024-03-22,6160
1722,台肥,120,0,120,中國信託,2024-03-22,6160
2323,中環,177,57,120,中國信託,2024-03-22,6160
00687B,國泰20年美債,152,36,116,中國信託,2024-03-22,6160
5439,高技,156,40,116,中國信託,2024-03-22,6160
2515,中工,127,15,112,中國信託,2024-03-22,6160
4306,炎洲,110,1,109,中國信託,2024-03-22,6160
3324,雙鴻,147,38,109,中國信託,2024-03-22,6160
01007T,兆豐國泰R2,102,0,102,中國信託,2024-03-22,6160
1101,台泥,115,15,100,中國信託,2024-03-22,6160
1314,中石化,102,2,100,中國信託,2024-03-22,6160
9933,中鼎,110,14,96,中國信託,2024-03-22,6160
2345,智邦,107,19,88,中國信託,2024-03-22,6160
2439,美律,82,3,79,中國信託,2024-03-22,6160
2885,元大金,106,28,78,中國信託,2024-03-22,6160
6188,廣明,143,65,78,中國信託,2024-03-22,6160
3706,神達,494,417,77,中國信託,2024-03-22,6160
00688L,國泰20年美債正2,83,8,75,中國信託,2024-03-22,6160
8150,南茂,77,2,75,中國信託,2024-03-22,6160
2344,華邦電,150,77,73,中國信託,2024-03-22,6160
2634,漢翔,79,6,73,中國信託,2024-03-22,6160
00901,永豐智能車供應鏈,95,23,72,中國信託,2024-03-22,6160
2412,中華電,77,8,69,中國信託,2024-03-22,6160
2449,京元電子,161,93,68,中國信託,2024-03-22,6160
9958,世紀鋼,158,91,67,中國信託,2024-03-22,6160
2408,南亞科,158,95,63,中國信託,2024-03-22,6160
3032,偉訓,61,1,60,中國信託,2024-03-22,6160
00679B,元大美債20年,4154,57,4097,中國信託,2024-03-25,6160
00900,富邦特選高股息30,1806,50,1756,中國信託,2024-03-25,6160
00881,國泰台灣5G+,1588,19,1569,中國信託,2024-03-25,6160
00907,永豐優息存股,1243,70,1173,中國信託,2024-03-25,6160
00692,富邦公司治理,907,12,895,中國信託,2024-03-25,6160
00918,大華優利高填息30,859,27,832,中國信託,2024-03-25,6160
00922,國泰台灣領袖50,587,7,580,中國信託,2024-03-25,6160
00632R,元大台灣50反1,560,28,532,中國信託,2024-03-25,6160
00892,富邦台灣半導體,405,3,402,中國信託,2024-03-25,6160
00917,中信特選金融,422,29,393,中國信託,2024-03-25,6160
00937B,群益ESG投等債20,405,73,332,中國信託,2024-03-25,6160
2101,南港,328,0,328,中國信託,2024-03-25,6160
00773B,中信優先金融債,1128,837,291,中國信託,2024-03-25,6160
00795B,中信美國公債20年,1053,765,288,中國信託,2024-03-25,6160
1460,宏遠,273,0,273,中國信託,2024-03-25,6160
2367,燿華,820,548,272,中國信託,2024-03-25,6160
1504,東元,301,54,247,中國信託,2024-03-25,6160
00935,野村臺灣新科技50,246,2,244,中國信託,2024-03-25,6160
00701,國泰股利精選30,238,1,237,中國信託,2024-03-25,6160
2892,第一金,251,17,234,中國信託,2024-03-25,6160
2356,英業達,451,243,208,中國信託,2024-03-25,6160
006208,富邦台50,621,424,197,中國信託,2024-03-25,6160
00850,元大臺灣ESG永續,193,4,189,中國信託,2024-03-25,6160
00888,永豐台灣ESG,222,57,165,中國信託,2024-03-25,6160
3059,華晶科,199,41,158,中國信託,2024-03-25,6160
8028,昇陽半導體,150,0,150,中國信託,2024-03-25,6160
9933,中鼎,150,0,150,中國信託,2024-03-25,6160
00637L,元大滬深300正2,155,9,146,中國信託,2024-03-25,6160
00933B,國泰10Y+金融債,183,38,145,中國信託,2024-03-25,6160
4306,炎洲,153,17,136,中國信託,2024-03-25,6160
9958,世紀鋼,167,34,133,中國信託,2024-03-25,6160
2834,臺企銀,129,13,116,中國信託,2024-03-25,6160
1609,大亞,558,452,106,中國信託,2024-03-25,6160
1597,直得,104,4,100,中國信託,2024-03-25,6160
3058,立德,105,7,98,中國信託,2024-03-25,6160
00706L,期元大S＆P日圓正2,102,5,97,中國信託,2024-03-25,6160
1815,富喬,115,18,97,中國信託,2024-03-25,6160
8150,南茂,100,5,95,中國信託,2024-03-25,6160
00932,兆豐永續高息等權,91,0,91,中國信託,2024-03-25,6160
00929,復華台灣科技優息,1793,1706,87,中國信託,2024-03-25,6160
2357,華碩,102,15,87,中國信託,2024-03-25,6160
9942,茂順,77,0,77,中國信託,2024-03-25,6160
00712,復華富時不動產,136,60,76,中國信託,2024-03-25,6160
2308,台達電,143,73,70,中國信託,2024-03-25,6160
2474,可成,67,0,67,中國信託,2024-03-25,6160
3706,神達,162,103,59,中國信託,2024-03-25,6160
2387,精元,62,3,59,中國信託,2024-03-25,6160
00687B,國泰20年美債,125,68,57,中國信託,2024-03-25,6160
6189,豐藝,136,82,54,中國信託,2024-03-25,6160
4960,誠美材,56,2,54,中國信託,2024-03-25,6160
00929,復華台灣科技優息,10277,3262,7015,中國信託,2024-03-26,6160
00881,國泰台灣5G+,3244,824,2420,中國信託,2024-03-26,6160
00900,富邦特選高股息30,2565,620,1945,中國信託,2024-03-26,6160
1402,遠東新,730,1,729,中國信託,2024-03-26,6160
00888,永豐台灣ESG,696,189,507,中國信託,2024-03-26,6160
1216,統一,506,0,506,中國信託,2024-03-26,6160
2884,玉山金,589,120,469,中國信託,2024-03-26,6160
00928,中信上櫃ESG30,656,210,446,中國信託,2024-03-26,6160
00637L,元大滬深300正2,451,30,421,中國信託,2024-03-26,6160
2382,廣達,462,57,405,中國信託,2024-03-26,6160
00679B,元大美債20年,456,75,381,中國信託,2024-03-26,6160
1609,大亞,710,366,344,中國信託,2024-03-26,6160
00935,野村臺灣新科技50,342,29,313,中國信託,2024-03-26,6160
00918,大華優利高填息30,396,101,295,中國信託,2024-03-26,6160
1460,宏遠,292,3,289,中國信託,2024-03-26,6160
00751B,元大AAA至A公司債,269,0,269,中國信託,2024-03-26,6160
00892,富邦台灣半導體,275,9,266,中國信託,2024-03-26,6160
00937B,群益ESG投等債20,350,119,231,中國信託,2024-03-26,6160
00701,國泰股利精選30,384,154,230,中國信託,2024-03-26,6160
00922,國泰台灣領袖50,251,33,218,中國信託,2024-03-26,6160
00850,元大臺灣ESG永續,169,10,159,中國信託,2024-03-26,6160
00690,兆豐藍籌30,434,282,152,中國信託,2024-03-26,6160
3023,信邦,151,2,149,中國信託,2024-03-26,6160
2303,聯電,177,41,136,中國信託,2024-03-26,6160
00688L,國泰20年美債正2,124,0,124,中國信託,2024-03-26,6160
6285,啟��,155,32,123,中國信託,2024-03-26,6160
00720B,元大投資級公司債,116,1,115,中國信託,2024-03-26,6160
00912,中信臺灣智慧50,246,135,111,中國信託,2024-03-26,6160
00887,永豐中國科技50大,111,0,111,中國信託,2024-03-26,6160
9933,中鼎,158,48,110,中國信託,2024-03-26,6160
1314,中石化,110,1,109,中國信託,2024-03-26,6160
3035,智原,110,8,102,中國信託,2024-03-26,6160
00921,兆豐龍頭等權重,180,80,100,中國信託,2024-03-26,6160
5434,崇越,100,4,96,中國信託,2024-03-26,6160
3548,兆利,107,12,95,中國信託,2024-03-26,6160
2101,南港,93,1,92,中國信託,2024-03-26,6160
5371,中光電,406,316,90,中國信託,2024-03-26,6160
2882,國泰金,96,10,86,中國信託,2024-03-26,6160
2867,三商壽,87,4,83,中國信託,2024-03-26,6160
00687B,國泰20年美債,119,37,82,中國信託,2024-03-26,6160
2618,長榮航,175,100,75,中國信託,2024-03-26,6160
2417,圓剛,122,51,71,中國信託,2024-03-26,6160
2609,陽明,115,51,64,中國信託,2024-03-26,6160
2610,華航,78,15,63,中國信託,2024-03-26,6160
1440,南紡,64,2,62,中國信託,2024-03-26,6160
1608,華榮,146,86,60,中國信託,2024-03-26,6160
1537,廣隆,60,0,60,中國信託,2024-03-26,6160
4979,華星光,85,27,58,中國信託,2024-03-26,6160
3036,文曄,82,24,58,中國信託,2024-03-26,6160
2359,所羅門,193,135,58,中國信託,2024-03-26,6160
00900,富邦特選高股息30,2823,374,2449,中國信託,2024-03-27,6160
00881,國泰台灣5G+,2587,341,2246,中國信託,2024-03-27,6160
00878,國泰永續高股息,3557,1724,1833,中國信託,2024-03-27,6160
00701,國泰股利精選30,1697,64,1633,中國信託,2024-03-27,6160
2634,漢翔,1677,57,1620,中國信託,2024-03-27,6160
00935,野村臺灣新科技50,1022,7,1015,中國信託,2024-03-27,6160
00929,復華台灣科技優息,4061,3133,928,中國信託,2024-03-27,6160
00922,國泰台灣領袖50,790,4,786,中國信託,2024-03-27,6160
00907,永豐優息存股,749,3,746,中國信託,2024-03-27,6160
3481,群創,823,103,720,中國信託,2024-03-27,6160
00679B,元大美債20年,499,19,480,中國信託,2024-03-27,6160
00923,群益台ESG低碳50,460,65,395,中國信託,2024-03-27,6160
2421,建準,446,64,382,中國信託,2024-03-27,6160
2515,中工,465,152,313,中國信託,2024-03-27,6160
3264,欣銓,322,17,305,中國信託,2024-03-27,6160
1460,宏遠,250,4,246,中國信託,2024-03-27,6160
2330,台積電,274,43,231,中國信託,2024-03-27,6160
00753L,中信中國50正2,296,77,219,中國信託,2024-03-27,6160
2883,凱基金,287,91,196,中國信託,2024-03-27,6160
00850,元大臺灣ESG永續,187,1,186,中國信託,2024-03-27,6160
00892,富邦台灣半導體,221,71,150,中國信託,2024-03-27,6160
3231,緯創,217,75,142,中國信託,2024-03-27,6160
00894,中信小資高價30,251,110,141,中國信託,2024-03-27,6160
00751B,元大AAA至A公司債,141,3,138,中國信託,2024-03-27,6160
00882,中信中國高股息,152,40,112,中國信託,2024-03-27,6160
2371,大同,417,315,102,中國信託,2024-03-27,6160
8069,元太,104,1,103,中國信託,2024-03-27,6160
00941,中信上游半導體,404,307,97,中國信託,2024-03-27,6160
2105,正新,98,7,91,中國信託,2024-03-27,6160
1449,佳和,90,0,90,中國信託,2024-03-27,6160
2356,英業達,142,52,90,中國信託,2024-03-27,6160
1608,華榮,333,253,80,中國信託,2024-03-27,6160
4572,駐龍,75,1,74,中國信託,2024-03-27,6160
2603,長榮,146,75,71,中國信託,2024-03-27,6160
2308,台達電,111,41,70,中國信託,2024-03-27,6160
2368,金像電,106,40,66,中國信託,2024-03-27,6160
1808,潤隆,93,30,63,中國信託,2024-03-27,6160
5213,亞昕,61,1,60,中國信託,2024-03-27,6160
2836,高雄銀,60,0,60,中國信託,2024-03-27,6160
3006,晶豪科,89,29,60,中國信託,2024-03-27,6160
00933B,國泰10Y+金融債,81,22,59,中國信託,2024-03-27,6160
3036,文曄,66,8,58,中國信託,2024-03-27,6160
6257,矽格,81,26,55,中國信託,2024-03-27,6160
4109,加捷生醫,55,0,55,中國信託,2024-03-27,6160
00752,中信中國50,68,15,53,中國信託,2024-03-27,6160
00857B,永豐20年美公債,64,11,53,中國信託,2024-03-27,6160
3535,晶彩科,51,0,51,中國信託,2024-03-27,6160
3532,台勝科,50,0,50,中國信託,2024-03-27,6160
00921,兆豐龍頭等權重,115,65,50,中國信託,2024-03-27,6160
2331,精英,55,6,49,中國信託,2024-03-27,6160
00929,復華台灣科技優息,14081,10283,3798,中國信託,2024-03-28,6160
00900,富邦特選高股息30,5139,2546,2593,中國信託,2024-03-28,6160
00878,國泰永續高股息,3910,1806,2104,中國信託,2024-03-28,6160
00918,大華優利高填息30,4349,2424,1925,中國信託,2024-03-28,6160
00701,國泰股利精選30,1357,193,1164,中國信託,2024-03-28,6160
00934,中信成長高股息,1894,955,939,中國信託,2024-03-28,6160
4958,臻鼎-KY,775,67,708,中國信託,2024-03-28,6160
00941,中信上游半導體,802,283,519,中國信託,2024-03-28,6160
3045,台灣大,500,2,498,中國信託,2024-03-28,6160
00907,永豐優息存股,505,14,491,中國信託,2024-03-28,6160
00933B,國泰10Y+金融債,420,25,395,中國信託,2024-03-28,6160
2883,凱基金,508,130,378,中國信託,2024-03-28,6160
2317,鴻海,868,504,364,中國信託,2024-03-28,6160
00713,元大台灣高息低波,424,66,358,中國信託,2024-03-28,6160
1460,宏遠,317,1,316,中國信託,2024-03-28,6160
00892,富邦台灣半導體,513,204,309,中國信託,2024-03-28,6160
00937B,群益ESG投等債20,375,80,295,中國信託,2024-03-28,6160
2382,廣達,525,253,272,中國信託,2024-03-28,6160
2368,金像電,277,5,272,中國信託,2024-03-28,6160
2354,鴻準,527,268,259,中國信託,2024-03-28,6160
00891,中信關鍵半導體,883,638,245,中國信託,2024-03-28,6160
00912,中信臺灣智慧50,272,30,242,中國信託,2024-03-28,6160
2880,華南金,239,0,239,中國信託,2024-03-28,6160
00690,兆豐藍籌30,369,149,220,中國信託,2024-03-28,6160
00894,中信小資高價30,444,231,213,中國信託,2024-03-28,6160
2101,南港,200,1,199,中國信託,2024-03-28,6160
9924,福興,198,0,198,中國信託,2024-03-28,6160
00928,中信上櫃ESG30,392,215,177,中國信託,2024-03-28,6160
00921,兆豐龍頭等權重,349,177,172,中國信託,2024-03-28,6160
3264,欣銓,241,70,171,中國信託,2024-03-28,6160
00752,中信中國50,258,91,167,中國信託,2024-03-28,6160
00923,群益台ESG低碳50,261,104,157,中國信託,2024-03-28,6160
1535,中宇,151,2,149,中國信託,2024-03-28,6160
00896,中信綠能及電動車,149,16,133,中國信託,2024-03-28,6160
2891,中信金,160,31,129,中國信託,2024-03-28,6160
00901,永豐智能車供應鏈,188,66,122,中國信託,2024-03-28,6160
00882,中信中國高股息,166,48,118,中國信託,2024-03-28,6160
2888,新光金,148,34,114,中國信託,2024-03-28,6160
00913,兆豐台灣晶圓製造,112,2,110,中國信託,2024-03-28,6160
00888,永豐台灣ESG,570,463,107,中國信託,2024-03-28,6160
2834,臺企銀,180,77,103,中國信託,2024-03-28,6160
00731,復華富時高息低波,100,2,98,中國信託,2024-03-28,6160
2515,中工,249,155,94,中國信託,2024-03-28,6160
3706,神達,215,121,94,中國信託,2024-03-28,6160
2412,中華電,108,16,92,中國信託,2024-03-28,6160
00706L,期元大S＆P日圓正2,90,0,90,中國信託,2024-03-28,6160
1316,上曜,185,100,85,中國信託,2024-03-28,6160
1815,富喬,125,45,80,中國信託,2024-03-28,6160
2330,台積電,353,277,76,中國信託,2024-03-28,6160
1504,東元,130,56,74,中國信託,2024-03-28,6160
00701,國泰股利精選30,4489,139,4350,中國信託,2024-03-29,6160
00878,國泰永續高股息,6011,2512,3499,中國信託,2024-03-29,6160
00918,大華優利高填息30,2011,222,1789,中國信託,2024-03-29,6160
4958,臻鼎-KY,1160,46,1114,中國信託,2024-03-29,6160
00881,國泰台灣5G+,2672,1780,892,中國信託,2024-03-29,6160
2884,玉山金,839,15,824,中國信託,2024-03-29,6160
00923,群益台ESG低碳50,768,141,627,中國信託,2024-03-29,6160
00900,富邦特選高股息30,1269,653,616,中國信託,2024-03-29,6160
00936,台新永續高息中小,540,14,526,中國信託,2024-03-29,6160
00888,永豐台灣ESG,426,18,408,中國信託,2024-03-29,6160
00892,富邦台灣半導體,417,26,391,中國信託,2024-03-29,6160
2317,鴻海,994,636,358,中國信託,2024-03-29,6160
0050,元大台灣50,333,58,275,中國信託,2024-03-29,6160
00932,兆豐永續高息等權,378,125,253,中國信託,2024-03-29,6160
006208,富邦台50,322,135,187,中國信託,2024-03-29,6160
00632R,元大台灣50反1,198,13,185,中國信託,2024-03-29,6160
3264,欣銓,233,53,180,中國信託,2024-03-29,6160
2486,一詮,218,76,142,中國信託,2024-03-29,6160
00921,兆豐龍頭等權重,410,272,138,中國信託,2024-03-29,6160
2382,廣達,574,444,130,中國信託,2024-03-29,6160
2888,新光金,113,5,108,中國信託,2024-03-29,6160
2880,華南金,107,6,101,中國信託,2024-03-29,6160
00930,永豐ESG低碳高息,138,39,99,中國信託,2024-03-29,6160
2371,大同,197,99,98,中國信託,2024-03-29,6160
00941,中信上游半導體,507,409,98,中國信託,2024-03-29,6160
3312,弘憶股,187,105,82,中國信託,2024-03-29,6160
3622,洋華,86,10,76,中國信託,2024-03-29,6160
5371,中光電,96,21,75,中國信託,2024-03-29,6160
9105,泰金寶-DR,92,23,69,中國信託,2024-03-29,6160
6770,力積電,80,13,67,中國信託,2024-03-29,6160
6285,啟��,72,5,67,中國信託,2024-03-29,6160
2492,華新科,78,15,63,中國信託,2024-03-29,6160
00795B,中信美國公債20年,324,263,61,中國信託,2024-03-29,6160
3032,偉訓,69,9,60,中國信託,2024-03-29,6160
00882,中信中國高股息,72,12,60,中國信託,2024-03-29,6160
6213,聯茂,93,34,59,中國信託,2024-03-29,6160
4109,加捷生醫,59,0,59,中國信託,2024-03-29,6160
1560,中砂,87,31,56,中國信託,2024-03-29,6160
2634,漢翔,66,13,53,中國信託,2024-03-29,6160
6189,豐藝,63,10,53,中國信託,2024-03-29,6160
2493,揚博,51,0,51,中國信託,2024-03-29,6160
00706L,期元大S＆P日圓正2,51,0,51,中國信託,2024-03-29,6160
4915,致伸,54,3,51,中國信託,2024-03-29,6160
2201,裕隆,51,1,50,中國信託,2024-03-29,6160
2402,毅嘉,92,42,50,中國信託,2024-03-29,6160
00850,元大臺灣ESG永續,54,4,50,中國信託,2024-03-29,6160
00679B,元大美債20年,58,9,49,中國信託,2024-03-29,6160
1402,遠東新,50,2,48,中國信託,2024-03-29,6160
9933,中鼎,53,5,48,中國信託,2024-03-29,6160
1808,潤隆,49,3,46,中國信託,2024-03-29,6160
0056,元大高股息,3253,1111,2142,中國信託,2024-04-01,6160
00881,國泰台灣5G+,1976,1029,947,中國信託,2024-04-01,6160
2891,中信金,816,29,787,中國信託,2024-04-01,6160
2330,台積電,791,106,685,中國信託,2024-04-01,6160
00900,富邦特選高股息30,793,200,593,中國信託,2024-04-01,6160
00907,永豐優息存股,570,4,566,中國信託,2024-04-01,6160
2515,中工,758,225,533,中國信託,2024-04-01,6160
00701,國泰股利精選30,512,7,505,中國信託,2024-04-01,6160
2382,廣達,571,106,465,中國信託,2024-04-01,6160
00850,元大臺灣ESG永續,394,1,393,中國信託,2024-04-01,6160
2618,長榮航,448,111,337,中國信託,2024-04-01,6160
00918,大華優利高填息30,389,65,324,中國信託,2024-04-01,6160
00901,永豐智能車供應鏈,410,105,305,中國信託,2024-04-01,6160
4958,臻鼎-KY,318,35,283,中國信託,2024-04-01,6160
2412,中華電,279,6,273,中國信託,2024-04-01,6160
1532,勤美,268,1,267,中國信託,2024-04-01,6160
9105,泰金寶-DR,259,5,254,中國信託,2024-04-01,6160
3264,欣銓,244,2,242,中國信託,2024-04-01,6160
00692,富邦公司治理,311,74,237,中國信託,2024-04-01,6160
3665,貿聯-KY,216,0,216,中國信託,2024-04-01,6160
00921,兆豐龍頭等權重,404,204,200,中國信託,2024-04-01,6160
00937B,群益ESG投等債20,309,120,189,中國信託,2024-04-01,6160
00922,國泰台灣領袖50,182,2,180,中國信託,2024-04-01,6160
00687B,國泰20年美債,197,51,146,中國信託,2024-04-01,6160
00896,中信綠能及電動車,144,3,141,中國信託,2024-04-01,6160
2301,光寶科,135,1,134,中國信託,2024-04-01,6160
2634,漢翔,158,31,127,中國信託,2024-04-01,6160
006208,富邦台50,245,118,127,中國信託,2024-04-01,6160
00679B,元大美債20年,146,20,126,中國信託,2024-04-01,6160
4938,和碩,178,56,122,中國信託,2024-04-01,6160
6239,力成,125,4,121,中國信託,2024-04-01,6160
00932,兆豐永續高息等權,119,0,119,中國信託,2024-04-01,6160
6233,旺玖,130,21,109,中國信託,2024-04-01,6160
2327,國巨,113,7,106,中國信託,2024-04-01,6160
2501,國建,187,83,104,中國信託,2024-04-01,6160
6449,鈺邦,116,16,100,中國信託,2024-04-01,6160
2387,精元,100,0,100,中國信託,2024-04-01,6160
2493,揚博,101,3,98,中國信託,2024-04-01,6160
3376,新日興,122,24,98,中國信託,2024-04-01,6160
00894,中信小資高價30,130,32,98,中國信託,2024-04-01,6160
1460,宏遠,99,10,89,中國信託,2024-04-01,6160
00665L,富邦�琤肭磪囓�2,203,115,88,中國信託,2024-04-01,6160
00888,永豐台灣ESG,191,106,85,中國信託,2024-04-01,6160
2402,毅嘉,122,40,82,中國信託,2024-04-01,6160
5443,均豪,144,65,79,中國信託,2024-04-01,6160
6213,聯茂,139,66,73,中國信託,2024-04-01,6160
00632R,元大台灣50反1,87,14,73,中國信託,2024-04-01,6160
00706L,期元大S＆P日圓正2,82,10,72,中國信託,2024-04-01,6160
3231,緯創,217,148,69,中國信託,2024-04-01,6160
00673R,期元大S＆P原油反1,67,0,67,中國信託,2024-04-01,6160
00918,大華優利高填息30,3921,117,3804,中國信託,2024-04-02,6160
00881,國泰台灣5G+,3715,311,3404,中國信託,2024-04-02,6160
00878,國泰永續高股息,2731,486,2245,中國信託,2024-04-02,6160
00904,新光臺灣半導體30,2256,94,2162,中國信託,2024-04-02,6160
00939,統一台灣高息動能,2217,137,2080,中國信託,2024-04-02,6160
00900,富邦特選高股息30,1611,41,1570,中國信託,2024-04-02,6160
00888,永豐台灣ESG,1948,453,1495,中國信託,2024-04-02,6160
00940,元大台灣價值高息,2498,1039,1459,中國信託,2024-04-02,6160
0056,元大高股息,1229,61,1168,中國信託,2024-04-02,6160
00919,群益台灣精選高息,1844,701,1143,中國信託,2024-04-02,6160
00892,富邦台灣半導體,1057,0,1057,中國信託,2024-04-02,6160
006208,富邦台50,897,24,873,中國信託,2024-04-02,6160
00665L,富邦�琤肭磪囓�2,1679,830,849,中國信託,2024-04-02,6160
00692,富邦公司治理,684,13,671,中國信託,2024-04-02,6160
00896,中信綠能及電動車,521,0,521,中國信託,2024-04-02,6160
0050,元大台灣50,546,34,512,中國信託,2024-04-02,6160
2330,台積電,582,87,495,中國信託,2024-04-02,6160
00917,中信特選金融,660,186,474,中國信託,2024-04-02,6160
00922,國泰台灣領袖50,451,16,435,中國信託,2024-04-02,6160
00679B,元大美債20年,426,22,404,中國信託,2024-04-02,6160
00923,群益台ESG低碳50,552,156,396,中國信託,2024-04-02,6160
00632R,元大台灣50反1,583,194,389,中國信託,2024-04-02,6160
00680L,元大美債20正2,391,9,382,中國信託,2024-04-02,6160
00687B,國泰20年美債,387,19,368,中國信託,2024-04-02,6160
2412,中華電,326,3,323,中國信託,2024-04-02,6160
00933B,國泰10Y+金融債,331,13,318,中國信託,2024-04-02,6160
00688L,國泰20年美債正2,304,0,304,中國信託,2024-04-02,6160
00701,國泰股利精選30,297,0,297,中國信託,2024-04-02,6160
00935,野村臺灣新科技50,560,269,291,中國信託,2024-04-02,6160
6139,亞翔,324,61,263,中國信託,2024-04-02,6160
00850,元大臺灣ESG永續,265,4,261,中國信託,2024-04-02,6160
2891,中信金,263,24,239,中國信託,2024-04-02,6160
2344,華邦電,230,2,228,中國信託,2024-04-02,6160
3264,欣銓,226,0,226,中國信託,2024-04-02,6160
3481,群創,229,18,211,中國信託,2024-04-02,6160
6122,擎邦,197,5,192,中國信託,2024-04-02,6160
00753L,中信中國50正2,332,144,188,中國信託,2024-04-02,6160
00928,中信上櫃ESG30,277,107,170,中國信託,2024-04-02,6160
2303,聯電,379,211,168,中國信託,2024-04-02,6160
2603,長榮,229,61,168,中國信託,2024-04-02,6160
3042,晶技,152,3,149,中國信託,2024-04-02,6160
1460,宏遠,150,2,148,中國信託,2024-04-02,6160
00752,中信中國50,248,104,144,中國信託,2024-04-02,6160
00751B,元大AAA至A公司債,151,10,141,中國信託,2024-04-02,6160
2515,中工,315,180,135,中國信託,2024-04-02,6160
2382,廣達,275,140,135,中國信託,2024-04-02,6160
8112,至上,154,21,133,中國信託,2024-04-02,6160
9933,中鼎,134,8,126,中國信託,2024-04-02,6160
00728,第一金工業30,212,88,124,中國信託,2024-04-02,6160
3231,緯創,228,105,123,中國信託,2024-04-02,6160
00918,大華優利高填息30,2488,603,1885,中國信託,2024-04-03,6160
00904,新光臺灣半導體30,1818,0,1818,中國信託,2024-04-03,6160
00881,國泰台灣5G+,1527,327,1200,中國信託,2024-04-03,6160
00888,永豐台灣ESG,1188,35,1153,中國信託,2024-04-03,6160
00692,富邦公司治理,1060,6,1054,中國信託,2024-04-03,6160
00900,富邦特選高股息30,1284,377,907,中國信託,2024-04-03,6160
00937B,群益ESG投等債20,897,41,856,中國信託,2024-04-03,6160
00892,富邦台灣半導體,787,0,787,中國信託,2024-04-03,6160
2891,中信金,714,19,695,中國信託,2024-04-03,6160
00939,統一台灣高息動能,2467,1797,670,中國信託,2024-04-03,6160
00679B,元大美債20年,707,43,664,中國信託,2024-04-03,6160
00896,中信綠能及電動車,571,2,569,中國信託,2024-04-03,6160
1102,亞泥,448,3,445,中國信託,2024-04-03,6160
00921,兆豐龍頭等權重,443,11,432,中國信託,2024-04-03,6160
2015,豐興,355,0,355,中國信託,2024-04-03,6160
00720B,元大投資級公司債,262,5,257,中國信託,2024-04-03,6160
00687B,國泰20年美債,315,63,252,中國信託,2024-04-03,6160
2330,台積電,647,414,233,中國信託,2024-04-03,6160
4958,臻鼎-KY,298,74,224,中國信託,2024-04-03,6160
00795B,中信美國公債20年,210,4,206,中國信託,2024-04-03,6160
00751B,元大AAA至A公司債,221,56,165,中國信託,2024-04-03,6160
2317,鴻海,383,230,153,中國信託,2024-04-03,6160
2486,一詮,486,334,152,中國信託,2024-04-03,6160
1460,宏遠,150,1,149,中國信託,2024-04-03,6160
00733,富邦臺灣中小,140,7,133,中國信託,2024-04-03,6160
00850,元大臺灣ESG永續,133,0,133,中國信託,2024-04-03,6160
2888,新光金,127,2,125,中國信託,2024-04-03,6160
1609,大亞,167,55,112,中國信託,2024-04-03,6160
2301,光寶科,148,35,113,中國信託,2024-04-03,6160
00632R,元大台灣50反1,172,60,112,中國信託,2024-04-03,6160
9105,泰金寶-DR,111,0,111,中國信託,2024-04-03,6160
00913,兆豐台灣晶圓製造,125,16,109,中國信託,2024-04-03,6160
00752,中信中國50,154,48,106,中國信託,2024-04-03,6160
2501,國建,166,61,105,中國信託,2024-04-03,6160
00885,富邦越南,111,7,104,中國信託,2024-04-03,6160
00932,兆豐永續高息等權,126,22,104,中國信託,2024-04-03,6160
6472,保瑞,110,14,96,中國信託,2024-04-03,6160
1476,儒鴻,97,1,96,中國信託,2024-04-03,6160
9933,中鼎,93,9,84,中國信託,2024-04-03,6160
2344,華邦電,126,48,78,中國信託,2024-04-03,6160
2412,中華電,89,12,77,中國信託,2024-04-03,6160
00887,永豐中國科技50大,76,1,75,中國信託,2024-04-03,6160
00731,復華富時高息低波,72,0,72,中國信託,2024-04-03,6160
2610,華航,80,9,71,中國信託,2024-04-03,6160
8096,擎亞,102,35,67,中國信託,2024-04-03,6160
00712,復華富時不動產,62,0,62,中國信託,2024-04-03,6160
00688L,國泰20年美債正2,61,0,61,中國信託,2024-04-03,6160
6670,復盛應用,60,0,60,中國信託,2024-04-03,6160
3673,TPK-KY,60,2,58,中國信託,2024-04-03,6160
5289,宜鼎,58,1,57,中國信託,2024-04-03,6160
00900,富邦特選高股息30,2655,64,2591,中國信託,2024-04-08,6160
00878,國泰永續高股息,3215,911,2304,中國信託,2024-04-08,6160
00918,大華優利高填息30,2159,20,2139,中國信託,2024-04-08,6160
00939,統一台灣高息動能,1670,471,1199,中國信託,2024-04-08,6160
00904,新光臺灣半導體30,899,63,836,中國信託,2024-04-08,6160
00888,永豐台灣ESG,1089,266,823,中國信託,2024-04-08,6160
00881,國泰台灣5G+,549,44,505,中國信託,2024-04-08,6160
00679B,元大美債20年,523,21,502,中國信託,2024-04-08,6160
2547,日勝生,486,3,483,中國信託,2024-04-08,6160
4306,炎洲,455,19,436,中國信託,2024-04-08,6160
00753L,中信中國50正2,555,231,324,中國信託,2024-04-08,6160
00701,國泰股利精選30,317,16,301,中國信託,2024-04-08,6160
00687B,國泰20年美債,397,104,293,中國信託,2024-04-08,6160
00923,群益台ESG低碳50,299,28,271,中國信託,2024-04-08,6160
00921,兆豐龍頭等權重,265,5,260,中國信託,2024-04-08,6160
00752,中信中國50,505,259,246,中國信託,2024-04-08,6160
00922,國泰台灣領袖50,251,9,242,中國信託,2024-04-08,6160
00720B,元大投資級公司債,231,43,188,中國信託,2024-04-08,6160
00930,永豐ESG低碳高息,222,39,183,中國信託,2024-04-08,6160
00934,中信成長高股息,270,95,175,中國信託,2024-04-08,6160
00892,富邦台灣半導體,232,73,159,中國信託,2024-04-08,6160
8401,白紗科,151,0,151,中國信託,2024-04-08,6160
2015,豐興,145,0,145,中國信託,2024-04-08,6160
2383,台光電,205,61,144,中國信託,2024-04-08,6160
00738U,期元大道瓊白銀,139,5,134,中國信託,2024-04-08,6160
00795B,中信美國公債20年,1032,899,133,中國信託,2024-04-08,6160
2515,中工,247,117,130,中國信託,2024-04-08,6160
2610,華航,150,24,126,中國信託,2024-04-08,6160
00690,兆豐藍籌30,216,93,123,中國信託,2024-04-08,6160
2374,佳能,207,92,115,中國信託,2024-04-08,6160
00692,富邦公司治理,144,30,114,中國信託,2024-04-08,6160
2427,三商電,116,3,113,中國信託,2024-04-08,6160
3587,閎康,116,3,113,中國信託,2024-04-08,6160
00887,永豐中國科技50大,121,11,110,中國信託,2024-04-08,6160
3033,威健,124,15,109,中國信託,2024-04-08,6160
1609,大亞,166,58,108,中國信託,2024-04-08,6160
00935,野村臺灣新科技50,116,10,106,中國信託,2024-04-08,6160
5534,長虹,103,2,101,中國信託,2024-04-08,6160
9105,泰金寶-DR,100,0,100,中國信託,2024-04-08,6160
00936,台新永續高息中小,112,12,100,中國信託,2024-04-08,6160
00850,元大臺灣ESG永續,100,1,99,中國信託,2024-04-08,6160
4967,十銓,130,30,100,中國信託,2024-04-08,6160
00933B,國泰10Y+金融債,140,47,93,中國信託,2024-04-08,6160
9933,中鼎,99,7,92,中國信託,2024-04-08,6160
2535,達欣工,96,7,89,中國信託,2024-04-08,6160
00891,中信關鍵半導體,345,259,86,中國信託,2024-04-08,6160
2412,中華電,288,203,85,中國信託,2024-04-08,6160
1213,大飲,86,1,85,中國信託,2024-04-08,6160
2888,新光金,150,69,81,中國信託,2024-04-08,6160
00671R,富邦NASDAQ反1,80,0,80,中國信託,2024-04-08,6160
00918,大華優利高填息30,3486,663,2823,中國信託,2024-04-09,6160
00881,國泰台灣5G+,2055,22,2033,中國信託,2024-04-09,6160
00692,富邦公司治理,1776,200,1576,中國信託,2024-04-09,6160
00900,富邦特選高股息30,1526,37,1489,中國信託,2024-04-09,6160
00888,永豐台灣ESG,1718,245,1473,中國信託,2024-04-09,6160
00650L,復華香港正2,1396,40,1356,中國信託,2024-04-09,6160
00878,國泰永續高股息,1834,522,1312,中國信託,2024-04-09,6160
00687B,國泰20年美債,1083,13,1070,中國信託,2024-04-09,6160
00904,新光臺灣半導體30,657,11,646,中國信託,2024-04-09,6160
1101,台泥,615,22,593,中國信託,2024-04-09,6160
006208,富邦台50,549,11,538,中國信託,2024-04-09,6160
2547,日勝生,498,1,497,中國信託,2024-04-09,6160
00896,中信綠能及電動車,482,10,472,中國信託,2024-04-09,6160
00752,中信中國50,493,24,469,中國信託,2024-04-09,6160
0050,元大台灣50,487,27,460,中國信託,2024-04-09,6160
0056,元大高股息,495,53,442,中國信託,2024-04-09,6160
2609,陽明,479,51,428,中國信託,2024-04-09,6160
2382,廣達,528,133,395,中國信託,2024-04-09,6160
00922,國泰台灣領袖50,416,30,386,中國信託,2024-04-09,6160
00935,野村臺灣新科技50,462,86,376,中國信託,2024-04-09,6160
6578,達邦蛋白,424,54,370,中國信託,2024-04-09,6160
5439,高技,374,6,368,中國信託,2024-04-09,6160
1449,佳和,353,1,352,中國信託,2024-04-09,6160
00934,中信成長高股息,407,74,333,中國信託,2024-04-09,6160
3363,上詮,340,39,301,中國信託,2024-04-09,6160
3036,文曄,255,12,243,中國信託,2024-04-09,6160
00701,國泰股利精選30,287,56,231,中國信託,2024-04-09,6160
00892,富邦台灣半導體,535,308,227,中國信託,2024-04-09,6160
4938,和碩,229,5,224,中國信託,2024-04-09,6160
3260,威剛,233,17,216,中國信託,2024-04-09,6160
00907,永豐優息存股,218,7,211,中國信託,2024-04-09,6160
00930,永豐ESG低碳高息,211,7,204,中國信託,2024-04-09,6160
1609,大亞,402,206,196,中國信託,2024-04-09,6160
00941,中信上游半導體,310,117,193,中國信託,2024-04-09,6160
1460,宏遠,193,2,191,中國信託,2024-04-09,6160
00728,第一金工業30,217,60,157,中國信託,2024-04-09,6160
00917,中信特選金融,149,1,148,中國信託,2024-04-09,6160
00850,元大臺灣ESG永續,143,6,137,中國信託,2024-04-09,6160
2610,華航,161,33,128,中國信託,2024-04-09,6160
2809,京城銀,121,3,118,中國信託,2024-04-09,6160
00921,兆豐龍頭等權重,137,31,106,中國信託,2024-04-09,6160
3702,大聯大,101,0,101,中國信託,2024-04-09,6160
4306,炎洲,108,9,99,中國信託,2024-04-09,6160
2412,中華電,98,1,97,中國信託,2024-04-09,6160
2535,達欣工,96,1,95,中國信託,2024-04-09,6160
8155,博智,90,3,87,中國信託,2024-04-09,6160
00679B,元大美債20年,147,61,86,中國信託,2024-04-09,6160
8112,至上,158,72,86,中國信託,2024-04-09,6160
5347,世界,145,65,80,中國信託,2024-04-09,6160
3691,碩禾,78,0,78,中國信託,2024-04-09,6160
00752,中信中國50,5153,1076,4077,中國信託,2024-04-10,6160
00900,富邦特選高股息30,1330,177,1153,中國信託,2024-04-10,6160
00918,大華優利高填息30,1294,185,1109,中國信託,2024-04-10,6160
00904,新光臺灣半導體30,949,2,947,中國信託,2024-04-10,6160
00939,統一台灣高息動能,1071,146,925,中國信託,2024-04-10,6160
0056,元大高股息,1403,505,898,中國信託,2024-04-10,6160
00753L,中信中國50正2,793,148,645,中國信託,2024-04-10,6160
00888,永豐台灣ESG,741,107,634,中國信託,2024-04-10,6160
2609,陽明,421,7,414,中國信託,2024-04-10,6160
2301,光寶科,410,79,331,中國信託,2024-04-10,6160
3481,群創,348,44,304,中國信託,2024-04-10,6160
3056,富華新,314,26,288,中國信託,2024-04-10,6160
00892,富邦台灣半導體,270,6,264,中國信託,2024-04-10,6160
1210,大成,294,55,239,中國信託,2024-04-10,6160
00692,富邦公司治理,376,141,235,中國信託,2024-04-10,6160
00935,野村臺灣新科技50,233,4,229,中國信託,2024-04-10,6160
3707,漢磊,251,28,223,中國信託,2024-04-10,6160
4533,協易機,335,114,221,中國信託,2024-04-10,6160
1605,華新,419,199,220,中國信託,2024-04-10,6160
6770,力積電,198,8,190,中國信託,2024-04-10,6160
5371,中光電,209,22,187,中國信託,2024-04-10,6160
2515,中工,281,103,178,中國信託,2024-04-10,6160
2645,長榮航太,185,13,172,中國信託,2024-04-10,6160
3037,欣興,191,22,169,中國信託,2024-04-10,6160
00896,中信綠能及電動車,147,0,147,中國信託,2024-04-10,6160
5347,世界,158,15,143,中國信託,2024-04-10,6160
2363,矽統,588,449,139,中國信託,2024-04-10,6160
2610,華航,164,25,139,中國信託,2024-04-10,6160
0050,元大台灣50,358,220,138,中國信託,2024-04-10,6160
1314,中石化,192,64,128,中國信託,2024-04-10,6160
8112,至上,178,53,125,中國信託,2024-04-10,6160
00701,國泰股利精選30,127,3,124,中國信託,2024-04-10,6160
00850,元大臺灣ESG永續,126,4,122,中國信託,2024-04-10,6160
2356,英業達,183,63,120,中國信託,2024-04-10,6160
8096,擎亞,348,230,118,中國信託,2024-04-10,6160
2329,華泰,196,90,106,中國信託,2024-04-10,6160
00795B,中信美國公債20年,910,808,102,中國信託,2024-04-10,6160
2883B,凱基金乙特,100,0,100,中國信託,2024-04-10,6160
00728,第一金工業30,121,25,96,中國信託,2024-04-10,6160
2014,中鴻,183,88,95,中國信託,2024-04-10,6160
2025,千興,118,26,92,中國信託,2024-04-10,6160
00679B,元大美債20年,96,5,91,中國信託,2024-04-10,6160
6016,康和證,89,4,85,中國信託,2024-04-10,6160
3289,宜特,89,6,83,中國信託,2024-04-10,6160
2412,中華電,85,3,82,中國信託,2024-04-10,6160
4958,臻鼎-KY,85,9,76,中國信託,2024-04-10,6160
00891,中信關鍵半導體,904,828,76,中國信託,2024-04-10,6160
00680L,元大美債20正2,73,0,73,中國信託,2024-04-10,6160
3702,大聯大,103,30,73,中國信託,2024-04-10,6160
6026,福邦證,82,10,72,中國信託,2024-04-10,6160
00752,中信中國50,4313,1226,3087,中國信託,2024-04-11,6160
00939,統一台灣高息動能,2212,604,1608,中國信託,2024-04-11,6160
00940,元大台灣價值高息,1765,279,1486,中國信託,2024-04-11,6160
00900,富邦特選高股息30,1890,514,1376,中國信託,2024-04-11,6160
00692,富邦公司治理,1411,125,1286,中國信託,2024-04-11,6160
2884,玉山金,1298,93,1205,中國信託,2024-04-11,6160
00850,元大臺灣ESG永續,623,0,623,中國信託,2024-04-11,6160
00888,永豐台灣ESG,630,88,542,中國信託,2024-04-11,6160
00896,中信綠能及電動車,527,0,527,中國信託,2024-04-11,6160
00712,復華富時不動產,549,43,506,中國信託,2024-04-11,6160
00665L,富邦�琤肭磪囓�2,572,71,501,中國信託,2024-04-11,6160
3036,文曄,588,88,500,中國信託,2024-04-11,6160
00687B,國泰20年美債,499,24,475,中國信託,2024-04-11,6160
2603,長榮,550,90,460,中國信託,2024-04-11,6160
3481,群創,480,69,411,中國信託,2024-04-11,6160
00701,國泰股利精選30,369,0,369,中國信託,2024-04-11,6160
5439,高技,371,2,369,中國信託,2024-04-11,6160
00934,中信成長高股息,364,27,337,中國信託,2024-04-11,6160
00679B,元大美債20年,420,86,334,中國信託,2024-04-11,6160
00690,兆豐藍籌30,314,43,271,中國信託,2024-04-11,6160
00930,永豐ESG低碳高息,277,6,271,中國信託,2024-04-11,6160
3663,鑫科,231,1,230,中國信託,2024-04-11,6160
00935,野村臺灣新科技50,229,0,229,中國信託,2024-04-11,6160
1795,美時,238,19,219,中國信託,2024-04-11,6160
00892,富邦台灣半導體,571,358,213,中國信託,2024-04-11,6160
00932,兆豐永續高息等權,204,3,201,中國信託,2024-04-11,6160
2408,南亞科,220,52,168,中國信託,2024-04-11,6160
00753L,中信中國50正2,544,377,167,中國信託,2024-04-11,6160
00933B,國泰10Y+金融債,172,6,166,中國信託,2024-04-11,6160
2888,新光金,183,20,163,中國信託,2024-04-11,6160
2515,中工,355,199,156,中國信託,2024-04-11,6160
3231,緯創,215,59,156,中國信託,2024-04-11,6160
2630,亞航,246,93,153,中國信託,2024-04-11,6160
2353,宏��,329,177,152,中國信託,2024-04-11,6160
00891,中信關鍵半導體,465,315,150,中國信託,2024-04-11,6160
2382,廣達,261,112,149,中國信託,2024-04-11,6160
00857B,永豐20年美公債,153,5,148,中國信託,2024-04-11,6160
00907,永豐優息存股,153,10,143,中國信託,2024-04-11,6160
9105,泰金寶-DR,162,20,142,中國信託,2024-04-11,6160
00904,新光臺灣半導體30,145,18,127,中國信託,2024-04-11,6160
00680L,元大美債20正2,187,60,127,中國信託,2024-04-11,6160
00912,中信臺灣智慧50,132,6,126,中國信託,2024-04-11,6160
00928,中信上櫃ESG30,231,109,122,中國信託,2024-04-11,6160
00720B,元大投資級公司債,129,14,115,中國信託,2024-04-11,6160
2520,冠德,135,22,113,中國信託,2024-04-11,6160
6189,豐藝,120,8,112,中國信託,2024-04-11,6160
2409,友達,288,180,108,中國信託,2024-04-11,6160
2371,大同,193,86,107,中國信託,2024-04-11,6160
00919,群益台灣精選高息,327,223,104,中國信託,2024-04-11,6160
00688L,國泰20年美債正2,114,10,104,中國信託,2024-04-11,6160
00752,中信中國50,4742,969,3773,中國信託,2024-04-12,6160
00650L,復華香港正2,1099,1,1098,中國信託,2024-04-12,6160
2409,友達,1038,10,1028,中國信託,2024-04-12,6160
00919,群益台灣精選高息,1115,222,893,中國信託,2024-04-12,6160
00687B,國泰20年美債,807,242,565,中國信託,2024-04-12,6160
00692,富邦公司治理,587,32,555,中國信託,2024-04-12,6160
00888,永豐台灣ESG,533,19,514,中國信託,2024-04-12,6160
2881,富邦金,451,4,447,中國信託,2024-04-12,6160
00934,中信成長高股息,428,12,416,中國信託,2024-04-12,6160
2353,宏��,717,307,410,中國信託,2024-04-12,6160
0056,元大高股息,337,41,296,中國信託,2024-04-12,6160
00720B,元大投資級公司債,295,19,276,中國信託,2024-04-12,6160
00850,元大臺灣ESG永續,270,4,266,中國信託,2024-04-12,6160
2363,矽統,1103,846,257,中國信託,2024-04-12,6160
2504,國產,261,18,243,中國信託,2024-04-12,6160
00917,中信特選金融,279,37,242,中國信託,2024-04-12,6160
3481,群創,307,77,230,中國信託,2024-04-12,6160
2637,慧洋-KY,229,13,216,中國信託,2024-04-12,6160
00690,兆豐藍籌30,221,8,213,中國信託,2024-04-12,6160
2457,飛宏,220,9,211,中國信託,2024-04-12,6160
00679B,元大美債20年,356,149,207,中國信託,2024-04-12,6160
1503,士電,301,102,199,中國信託,2024-04-12,6160
00911,兆豐洲際半導體,193,3,190,中國信託,2024-04-12,6160
00795B,中信美國公債20年,1015,827,188,中國信託,2024-04-12,6160
2610,華航,1226,1072,154,中國信託,2024-04-12,6160
5347,世界,173,22,151,中國信託,2024-04-12,6160
5425,台半,153,7,146,中國信託,2024-04-12,6160
00930,永豐ESG低碳高息,146,4,142,中國信託,2024-04-12,6160
00701,國泰股利精選30,144,2,142,中國信託,2024-04-12,6160
00933B,國泰10Y+金融債,147,7,140,中國信託,2024-04-12,6160
1532,勤美,152,17,135,中國信託,2024-04-12,6160
2356,英業達,153,23,130,中國信託,2024-04-12,6160
6213,聯茂,137,10,127,中國信託,2024-04-12,6160
8111,立��,127,2,125,中國信託,2024-04-12,6160
1513,中興電,333,217,116,中國信託,2024-04-12,6160
9933,中鼎,100,1,99,中國信託,2024-04-12,6160
00894,中信小資高價30,87,3,84,中國信託,2024-04-12,6160
00912,中信臺灣智慧50,85,4,81,中國信託,2024-04-12,6160
00751B,元大AAA至A公司債,80,1,79,中國信託,2024-04-12,6160
6863,永道-KY,78,0,78,中國信託,2024-04-12,6160
00680L,元大美債20正2,82,5,77,中國信託,2024-04-12,6160
3013,晟銘電,143,71,72,中國信託,2024-04-12,6160
3036,文曄,261,192,69,中國信託,2024-04-12,6160
8011,台通,134,67,67,中國信託,2024-04-12,6160
3515,華擎,68,2,66,中國信託,2024-04-12,6160
2506,太設,74,11,63,中國信託,2024-04-12,6160
2603,長榮,103,41,62,中國信託,2024-04-12,6160
2501,國建,96,36,60,中國信託,2024-04-12,6160
2882,國泰金,66,9,57,中國信託,2024-04-12,6160
4958,臻鼎-KY,65,9,56,中國信託,2024-04-12,6160
00752,中信中國50,4840,2271,2569,中國信託,2024-04-15,6160
00900,富邦特選高股息30,1744,214,1530,中國信託,2024-04-15,6160
00881,國泰台灣5G+,3011,1553,1458,中國信託,2024-04-15,6160
00701,國泰股利精選30,940,127,813,中國信託,2024-04-15,6160
00896,中信綠能及電動車,810,0,810,中國信託,2024-04-15,6160
00690,兆豐藍籌30,870,279,591,中國信託,2024-04-15,6160
00930,永豐ESG低碳高息,534,23,511,中國信託,2024-04-15,6160
2449,京元電子,520,15,505,中國信託,2024-04-15,6160
00901,永豐智能車供應鏈,531,44,487,中國信託,2024-04-15,6160
0056,元大高股息,612,142,470,中國信託,2024-04-15,6160
1513,中興電,678,276,402,中國信託,2024-04-15,6160
00894,中信小資高價30,487,112,375,中國信託,2024-04-15,6160
00891,中信關鍵半導體,448,94,354,中國信託,2024-04-15,6160
5009,榮剛,350,64,286,中國信託,2024-04-15,6160
00934,中信成長高股息,449,164,285,中國信託,2024-04-15,6160
00888,永豐台灣ESG,305,29,276,中國信託,2024-04-15,6160
00892,富邦台灣半導體,482,246,236,中國信託,2024-04-15,6160
00650L,復華香港正2,305,80,225,中國信託,2024-04-15,6160
00936,台新永續高息中小,222,18,204,中國信託,2024-04-15,6160
00772B,中信高評級公司債,344,164,180,中國信託,2024-04-15,6160
2543,皇昌,257,88,169,中國信託,2024-04-15,6160
2618,長榮航,221,59,162,中國信託,2024-04-15,6160
00939,統一台灣高息動能,1997,1854,143,中國信託,2024-04-15,6160
2610,華航,175,33,142,中國信託,2024-04-15,6160
1608,華榮,344,213,131,中國信託,2024-04-15,6160
00904,新光臺灣半導體30,258,137,121,中國信託,2024-04-15,6160
2331,精英,123,3,120,中國信託,2024-04-15,6160
2371,大同,745,625,120,中國信託,2024-04-15,6160
2344,華邦電,161,43,118,中國信託,2024-04-15,6160
9105,泰金寶-DR,112,0,112,中國信託,2024-04-15,6160
00687B,國泰20年美債,122,13,109,中國信託,2024-04-15,6160
3450,聯鈞,121,18,103,中國信託,2024-04-15,6160
8069,元太,102,0,102,中國信託,2024-04-15,6160
6213,聯茂,110,9,101,中國信託,2024-04-15,6160
1605,華新,438,340,98,中國信託,2024-04-15,6160
1514,亞力,382,285,97,中國信託,2024-04-15,6160
9933,中鼎,97,4,93,中國信託,2024-04-15,6160
00773B,中信優先金融債,106,12,94,中國信託,2024-04-15,6160
3036,文曄,190,100,90,中國信託,2024-04-15,6160
1612,宏泰,168,81,87,中國信託,2024-04-15,6160
00712,復華富時不動產,117,30,87,中國信託,2024-04-15,6160
00795B,中信美國公債20年,934,849,85,中國信託,2024-04-15,6160
6190,萬泰科,90,6,84,中國信託,2024-04-15,6160
1319,東陽,102,22,80,中國信託,2024-04-15,6160
00932,兆豐永續高息等權,102,24,78,中國信託,2024-04-15,6160
3712,永崴投控,98,24,74,中國信託,2024-04-15,6160
00680L,元大美債20正2,72,0,72,中國信託,2024-04-15,6160
2393,億光,70,4,66,中國信託,2024-04-15,6160
6147,頎邦,66,4,62,中國信託,2024-04-15,6160
00933B,國泰10Y+金融債,96,36,60,中國信託,2024-04-15,6160
00752,中信中國50,5294,1919,3375,中國信託,2024-04-16,6160
00900,富邦特選高股息30,3129,459,2670,中國信託,2024-04-16,6160
00930,永豐ESG低碳高息,1655,58,1597,中國信託,2024-04-16,6160
00881,國泰台灣5G+,6299,4735,1564,中國信託,2024-04-16,6160
00692,富邦公司治理,1926,481,1445,中國信託,2024-04-16,6160
00892,富邦台灣半導體,1907,796,1111,中國信託,2024-04-16,6160
00679B,元大美債20年,1027,83,944,中國信託,2024-04-16,6160
00937B,群益ESG投等債20,1138,215,923,中國信託,2024-04-16,6160
2303,聯電,937,120,817,中國信託,2024-04-16,6160
00901,永豐智能車供應鏈,871,148,723,中國信託,2024-04-16,6160
00888,永豐台灣ESG,743,77,666,中國信託,2024-04-16,6160
00928,中信上櫃ESG30,747,84,663,中國信託,2024-04-16,6160
00904,新光臺灣半導體30,580,39,541,中國信託,2024-04-16,6160
2891,中信金,548,44,504,中國信託,2024-04-16,6160
00934,中信成長高股息,1311,815,496,中國信託,2024-04-16,6160
2301,光寶科,522,62,460,中國信託,2024-04-16,6160
0056,元大高股息,786,353,433,中國信託,2024-04-16,6160
2867,三商壽,486,99,387,中國信託,2024-04-16,6160
00932,兆豐永續高息等權,333,51,282,中國信託,2024-04-16,6160
00921,兆豐龍頭等權重,548,266,282,中國信託,2024-04-16,6160
00891,中信關鍵半導體,314,72,242,中國信託,2024-04-16,6160
00917,中信特選金融,238,5,233,中國信託,2024-04-16,6160
00632R,元大台灣50反1,1214,1004,210,中國信託,2024-04-16,6160
2031,新光鋼,200,2,198,中國信託,2024-04-16,6160
9904,寶成,234,46,188,中國信託,2024-04-16,6160
2382,廣達,220,39,181,中國信託,2024-04-16,6160
2884,玉山金,240,62,178,中國信託,2024-04-16,6160
3231,緯創,329,152,177,中國信託,2024-04-16,6160
2356,英業達,307,134,173,中國信託,2024-04-16,6160
00712,復華富時不動產,194,21,173,中國信託,2024-04-16,6160
2610,華航,192,23,169,中國信託,2024-04-16,6160
2880,華南金,159,4,155,中國信託,2024-04-16,6160
00720B,元大投資級公司債,222,78,144,中國信託,2024-04-16,6160
00687B,國泰20年美債,195,52,143,中國信託,2024-04-16,6160
6282,康舒,145,8,137,中國信託,2024-04-16,6160
2912,統一超,156,19,137,中國信託,2024-04-16,6160
2618,長榮航,325,195,130,中國信託,2024-04-16,6160
2504,國產,209,83,126,中國信託,2024-04-16,6160
00862B,中信投資級公司債,260,135,125,中國信託,2024-04-16,6160
9938,百和,209,91,118,中國信託,2024-04-16,6160
00933B,國泰10Y+金融債,166,55,111,中國信託,2024-04-16,6160
3017,奇鋐,140,33,107,中國信託,2024-04-16,6160
3694,海華,106,1,105,中國信託,2024-04-16,6160
1808,潤隆,106,3,103,中國信託,2024-04-16,6160
2887,台新金,151,49,102,中國信託,2024-04-16,6160
1609,大亞,716,617,99,中國信託,2024-04-16,6160
00896,中信綠能及電動車,443,352,91,中國信託,2024-04-16,6160
00733,富邦臺灣中小,110,20,90,中國信託,2024-04-16,6160
4960,誠美材,119,30,89,中國信託,2024-04-16,6160
9933,中鼎,254,169,85,中國信託,2024-04-16,6160
00752,中信中國50,4956,1072,3884,中國信託,2024-04-17,6160
00881,國泰台灣5G+,1663,103,1560,中國信託,2024-04-17,6160
2834,臺企銀,1516,10,1506,中國信託,2024-04-17,6160
00939,統一台灣高息動能,1622,321,1301,中國信託,2024-04-17,6160
00692,富邦公司治理,1276,19,1257,中國信託,2024-04-17,6160
00937B,群益ESG投等債20,1502,531,971,中國信託,2024-04-17,6160
0050,元大台灣50,974,120,854,中國信託,2024-04-17,6160
00918,大華優利高填息30,1361,528,833,中國信託,2024-04-17,6160
00888,永豐台灣ESG,1023,252,771,中國信託,2024-04-17,6160
00900,富邦特選高股息30,1772,1052,720,中國信託,2024-04-17,6160
00650L,復華香港正2,614,0,614,中國信託,2024-04-17,6160
00896,中信綠能及電動車,897,289,608,中國信託,2024-04-17,6160
00892,富邦台灣半導體,1046,448,598,中國信託,2024-04-17,6160
0056,元大高股息,669,76,593,中國信託,2024-04-17,6160
2891,中信金,599,31,568,中國信託,2024-04-17,6160
00715L,期街口布蘭特正2,529,6,523,中國信託,2024-04-17,6160
2330,台積電,767,316,451,中國信託,2024-04-17,6160
00712,復華富時不動產,392,5,387,中國信託,2024-04-17,6160
00930,永豐ESG低碳高息,392,23,369,中國信託,2024-04-17,6160
2504,國產,390,28,362,中國信託,2024-04-17,6160
00632R,元大台灣50反1,387,34,353,中國信託,2024-04-17,6160
00934,中信成長高股息,907,587,320,中國信託,2024-04-17,6160
00772B,中信高評級公司債,300,33,267,中國信託,2024-04-17,6160
2371,大同,866,624,242,中國信託,2024-04-17,6160
00751B,元大AAA至A公司債,240,13,227,中國信託,2024-04-17,6160
006208,富邦台50,405,179,226,中國信託,2024-04-17,6160
00857B,永豐20年美公債,205,12,193,中國信託,2024-04-17,6160
2412,中華電,194,2,192,中國信託,2024-04-17,6160
3036,文曄,255,70,185,中國信託,2024-04-17,6160
00933B,國泰10Y+金融債,202,21,181,中國信託,2024-04-17,6160
00795B,中信美國公債20年,904,732,172,中國信託,2024-04-17,6160
2301,光寶科,325,156,169,中國信託,2024-04-17,6160
3708,上緯投控,164,12,152,中國信託,2024-04-17,6160
2317,鴻海,247,103,144,中國信託,2024-04-17,6160
9933,中鼎,145,3,142,中國信託,2024-04-17,6160
00720B,元大投資級公司債,137,12,125,中國信託,2024-04-17,6160
2501,國建,191,66,125,中國信託,2024-04-17,6160
8069,元太,256,143,113,中國信託,2024-04-17,6160
2610,華航,153,44,109,中國信託,2024-04-17,6160
2486,一詮,130,29,101,中國信託,2024-04-17,6160
00687B,國泰20年美債,193,92,101,中國信託,2024-04-17,6160
6414,樺漢,101,2,99,中國信託,2024-04-17,6160
00901,永豐智能車供應鏈,246,147,99,中國信託,2024-04-17,6160
5009,榮剛,234,140,94,中國信託,2024-04-17,6160
00679B,元大美債20年,153,62,91,中國信託,2024-04-17,6160
3441,聯一光,88,2,86,中國信託,2024-04-17,6160
4755,三福化,80,0,80,中國信託,2024-04-17,6160
3003,健和興,80,1,79,中國信託,2024-04-17,6160
3056,富華新,80,3,77,中國信託,2024-04-17,6160
2363,矽統,100,25,75,中國信託,2024-04-17,6160
00752,中信中國50,4456,1729,2727,中國信託,2024-04-18,6160
00900,富邦特選高股息30,2154,29,2125,中國信託,2024-04-18,6160
00881,國泰台灣5G+,1782,455,1327,中國信託,2024-04-18,6160
2457,飛宏,997,102,895,中國信託,2024-04-18,6160
2027,大成鋼,798,39,759,中國信託,2024-04-18,6160
00892,富邦台灣半導體,912,296,616,中國信託,2024-04-18,6160
2891,中信金,584,56,528,中國信託,2024-04-18,6160
00891,中信關鍵半導體,537,10,527,中國信託,2024-04-18,6160
00942B,台新美A公司債20+,1178,804,374,中國信託,2024-04-18,6160
0050,元大台灣50,654,333,321,中國信託,2024-04-18,6160
00940,元大台灣價值高息,1394,1078,316,中國信託,2024-04-18,6160
1605,華新,674,378,296,中國信託,2024-04-18,6160
00930,永豐ESG低碳高息,292,11,281,中國信託,2024-04-18,6160
0056,元大高股息,616,338,278,中國信託,2024-04-18,6160
00701,國泰股利精選30,532,288,244,中國信託,2024-04-18,6160
00753L,中信中國50正2,380,153,227,中國信託,2024-04-18,6160
2515,中工,1519,1295,224,中國信託,2024-04-18,6160
2504,國產,377,154,223,中國信託,2024-04-18,6160
3481,群創,250,28,222,中國信託,2024-04-18,6160
1615,大山,231,32,199,中國信託,2024-04-18,6160
00937B,群益ESG投等債20,403,223,180,中國信託,2024-04-18,6160
00933B,國泰10Y+金融債,180,1,179,中國信託,2024-04-18,6160
2610,華航,824,647,177,中國信託,2024-04-18,6160
2353,宏��,330,154,176,中國信託,2024-04-18,6160
00904,新光臺灣半導體30,163,0,163,中國信託,2024-04-18,6160
00795B,中信美國公債20年,837,681,156,中國信託,2024-04-18,6160
5508,永信建,158,3,155,中國信託,2024-04-18,6160
2834,臺企銀,164,15,149,中國信託,2024-04-18,6160
00632R,元大台灣50反1,380,232,148,中國信託,2024-04-18,6160
2501,國建,256,109,147,中國信託,2024-04-18,6160
00751B,元大AAA至A公司債,132,2,130,中國信託,2024-04-18,6160
2303,聯電,135,5,130,中國信託,2024-04-18,6160
00935,野村臺灣新科技50,138,9,129,中國信託,2024-04-18,6160
2548,華固,128,7,121,中國信託,2024-04-18,6160
3037,欣興,122,5,117,中國信託,2024-04-18,6160
00728,第一金工業30,144,30,114,中國信託,2024-04-18,6160
2330,台積電,394,281,113,中國信託,2024-04-18,6160
00901,永豐智能車供應鏈,465,353,112,中國信託,2024-04-18,6160
00932,兆豐永續高息等權,142,37,105,中國信託,2024-04-18,6160
00712,復華富時不動產,105,4,101,中國信託,2024-04-18,6160
3663,鑫科,100,0,100,中國信託,2024-04-18,6160
2511,太子,114,18,96,中國信託,2024-04-18,6160
1608,華榮,452,357,95,中國信託,2024-04-18,6160
2606,裕民,103,8,95,中國信託,2024-04-18,6160
00679B,元大美債20年,122,29,93,中國信託,2024-04-18,6160
5512,力麒,112,19,93,中國信託,2024-04-18,6160
3147,大綜,94,2,92,中國信託,2024-04-18,6160
2537,聯上發,144,55,89,中國信託,2024-04-18,6160
1618,合機,95,7,88,中國信託,2024-04-18,6160
2465,麗臺,133,52,81,中國信託,2024-04-18,6160
00934,中信成長高股息,3800,732,3068,中國信託,2024-04-19,6160
00900,富邦特選高股息30,4308,1812,2496,中國信託,2024-04-19,6160
2891,中信金,1673,158,1515,中國信託,2024-04-19,6160
00896,中信綠能及電動車,1382,90,1292,中國信託,2024-04-19,6160
2303,聯電,1294,169,1125,中國信託,2024-04-19,6160
00936,台新永續高息中小,1012,9,1003,中國信託,2024-04-19,6160
2353,宏��,1057,204,853,中國信託,2024-04-19,6160
2618,長榮航,867,94,773,中國信託,2024-04-19,6160
0056,元大高股息,899,214,685,中國信託,2024-04-19,6160
00701,國泰股利精選30,906,283,623,中國信託,2024-04-19,6160
00924,復華S＆P500成長,620,38,582,中國信託,2024-04-19,6160
6505,台塑化,501,1,500,中國信託,2024-04-19,6160
00918,大華優利高填息30,2523,2043,480,中國信託,2024-04-19,6160
00917,中信特選金融,533,80,453,中國信託,2024-04-19,6160
00648R,元大S＆P500反1,421,0,421,中國信託,2024-04-19,6160
2605,新興,1174,761,413,中國信託,2024-04-19,6160
1608,華榮,941,543,398,中國信託,2024-04-19,6160
5483,中美晶,400,12,388,中國信託,2024-04-19,6160
00921,兆豐龍頭等權重,875,526,349,中國信託,2024-04-19,6160
5512,力麒,657,324,333,中國信託,2024-04-19,6160
1102,亞泥,312,12,300,中國信託,2024-04-19,6160
2547,日勝生,395,105,290,中國信託,2024-04-19,6160
00715L,期街口布蘭特正2,553,270,283,中國信託,2024-04-19,6160
00650L,復華香港正2,358,78,280,中國信託,2024-04-19,6160
2888,新光金,278,24,254,中國信託,2024-04-19,6160
9933,中鼎,331,82,249,中國信託,2024-04-19,6160
5009,榮剛,386,162,224,中國信託,2024-04-19,6160
2454,聯發科,259,35,224,中國信託,2024-04-19,6160
2440,太空梭,211,1,210,中國信託,2024-04-19,6160
00923,群益台ESG低碳50,417,212,205,中國信託,2024-04-19,6160
1535,中宇,250,46,204,中國信託,2024-04-19,6160
8936,國統,473,279,194,中國信託,2024-04-19,6160
2404,漢唐,210,24,186,中國信託,2024-04-19,6160
00894,中信小資高價30,1188,1012,176,中國信託,2024-04-19,6160
2610,華航,213,38,175,中國信託,2024-04-19,6160
1618,合機,212,39,173,中國信託,2024-04-19,6160
1609,大亞,1044,885,159,中國信託,2024-04-19,6160
2608,嘉里大榮,155,18,137,中國信託,2024-04-19,6160
00733,富邦臺灣中小,150,15,135,中國信託,2024-04-19,6160
00753L,中信中國50正2,406,275,131,中國信託,2024-04-19,6160
2327,國巨,126,1,125,中國信託,2024-04-19,6160
00688L,國泰20年美債正2,165,43,122,中國信託,2024-04-19,6160
5531,鄉林,156,35,121,中國信託,2024-04-19,6160
1101,台泥,121,8,113,中國信託,2024-04-19,6160
2506,太設,191,84,107,中國信託,2024-04-19,6160
9105,泰金寶-DR,213,108,105,中國信託,2024-04-19,6160
2887,台新金,103,2,101,中國信託,2024-04-19,6160
2308,台達電,123,29,94,中國信託,2024-04-19,6160
2313,華通,191,99,92,中國信託,2024-04-19,6160
2537,聯上發,139,49,90,中國信託,2024-04-19,6160
00881,國泰台灣5G+,5167,1443,3724,中國信託,2024-04-22,6160
00900,富邦特選高股息30,3200,426,2774,中國信託,2024-04-22,6160
00934,中信成長高股息,2980,742,2238,中國信託,2024-04-22,6160
00753L,中信中國50正2,1311,208,1103,中國信託,2024-04-22,6160
2542,興富發,1029,61,968,中國信託,2024-04-22,6160
2412,中華電,885,10,875,中國信託,2024-04-22,6160
00936,台新永續高息中小,766,4,762,中國信託,2024-04-22,6160
0056,元大高股息,745,119,626,中國信託,2024-04-22,6160
00928,中信上櫃ESG30,719,99,620,中國信託,2024-04-22,6160
00932,兆豐永續高息等權,542,83,459,中國信託,2024-04-22,6160
6176,瑞儀,456,7,449,中國信託,2024-04-22,6160
5483,中美晶,436,14,422,中國信託,2024-04-22,6160
00892,富邦台灣半導體,410,0,410,中國信託,2024-04-22,6160
2618,長榮航,492,109,383,中國信託,2024-04-22,6160
5521,工信,511,129,382,中國信託,2024-04-22,6160
00692,富邦公司治理,621,271,350,中國信託,2024-04-22,6160
2330,台積電,463,126,337,中國信託,2024-04-22,6160
00896,中信綠能及電動車,343,9,334,中國信託,2024-04-22,6160
8926,台汽電,323,0,323,中國信託,2024-04-22,6160
9904,寶成,300,0,300,中國信託,2024-04-22,6160
2520,冠德,626,332,294,中國信託,2024-04-22,6160
2515,中工,1119,844,275,中國信託,2024-04-22,6160
00701,國泰股利精選30,956,685,271,中國信託,2024-04-22,6160
6196,帆宣,254,1,253,中國信託,2024-04-22,6160
2101,南港,359,107,252,中國信託,2024-04-22,6160
2356,英業達,286,39,247,中國信託,2024-04-22,6160
2404,漢唐,256,9,247,中國信託,2024-04-22,6160
00894,中信小資高價30,1161,943,218,中國信託,2024-04-22,6160
0050,元大台灣50,290,75,215,中國信託,2024-04-22,6160
2501,國建,551,343,208,中國信託,2024-04-22,6160
2303,聯電,1114,915,199,中國信託,2024-04-22,6160
2637,慧洋-KY,209,11,198,中國信託,2024-04-22,6160
00751B,元大AAA至A公司債,171,3,168,中國信託,2024-04-22,6160
00893,國泰智能電動車,169,12,157,中國信託,2024-04-22,6160
00773B,中信優先金融債,170,17,153,中國信託,2024-04-22,6160
6121,新普,156,4,152,中國信託,2024-04-22,6160
00917,中信特選金融,192,53,139,中國信託,2024-04-22,6160
00888,永豐台灣ESG,625,487,138,中國信託,2024-04-22,6160
3481,群創,246,111,135,中國信託,2024-04-22,6160
5347,世界,141,11,130,中國信託,2024-04-22,6160
2867,三商壽,142,18,124,中國信託,2024-04-22,6160
5009,榮剛,135,15,120,中國信託,2024-04-22,6160
2327,國巨,118,1,117,中國信託,2024-04-22,6160
2547,日勝生,221,105,116,中國信託,2024-04-22,6160
2885,元大金,125,10,115,中國信託,2024-04-22,6160
2368,金像電,117,4,113,中國信託,2024-04-22,6160
2371,大同,1504,1398,106,中國信託,2024-04-22,6160
6177,達麗,105,4,101,中國信託,2024-04-22,6160
2408,南亞科,121,21,100,中國信託,2024-04-22,6160
2537,聯上發,160,61,99,中國信託,2024-04-22,6160
00900,富邦特選高股息30,2774,7,2767,中國信託,2024-04-23,6160
00937B,群益ESG投等債20,1665,285,1380,中國信託,2024-04-23,6160
2618,長榮航,1679,607,1072,中國信託,2024-04-23,6160
00690,兆豐藍籌30,802,140,662,中國信託,2024-04-23,6160
0050,元大台灣50,700,114,586,中國信託,2024-04-23,6160
00892,富邦台灣半導體,523,8,515,中國信託,2024-04-23,6160
00715L,期街口布蘭特正2,521,56,465,中國信託,2024-04-23,6160
00941,中信上游半導體,282,34,248,中國信託,2024-04-23,6160
2206,三陽工業,267,52,215,中國信託,2024-04-23,6160
2412,中華電,202,2,200,中國信託,2024-04-23,6160
0056,元大高股息,327,131,196,中國信託,2024-04-23,6160
2317,鴻海,247,85,162,中國信託,2024-04-23,6160
9933,中鼎,158,7,151,中國信託,2024-04-23,6160
00896,中信綠能及電動車,142,0,142,中國信託,2024-04-23,6160
00881,國泰台灣5G+,1636,1495,141,中國信託,2024-04-23,6160
00912,中信臺灣智慧50,134,0,134,中國信託,2024-04-23,6160
00918,大華優利高填息30,202,73,129,中國信託,2024-04-23,6160
2344,華邦電,114,6,108,中國信託,2024-04-23,6160
2891,中信金,127,22,105,中國信託,2024-04-23,6160
9802,鈺齊-KY,104,0,104,中國信託,2024-04-23,6160
2368,金像電,108,14,94,中國信託,2024-04-23,6160
2002,中鋼,125,33,92,中國信託,2024-04-23,6160
00637L,元大滬深300正2,87,0,87,中國信託,2024-04-23,6160
00701,國泰股利精選30,274,188,86,中國信託,2024-04-23,6160
5534,長虹,124,41,83,中國信託,2024-04-23,6160
2881,富邦金,86,5,81,中國信託,2024-04-23,6160
1314,中石化,137,56,81,中國信託,2024-04-23,6160
3003,健和興,82,1,81,中國信託,2024-04-23,6160
00646,元大S＆P500,80,0,80,中國信託,2024-04-23,6160
8446,華研,80,0,80,中國信託,2024-04-23,6160
2467,志聖,80,5,75,中國信託,2024-04-23,6160
2520,冠德,239,167,72,中國信託,2024-04-23,6160
1316,上曜,370,307,63,中國信託,2024-04-23,6160
8213,志超,72,10,62,中國信託,2024-04-23,6160
00753L,中信中國50正2,142,85,57,中國信託,2024-04-23,6160
00933B,國泰10Y+金融債,87,31,56,中國信託,2024-04-23,6160
6505,台塑化,58,3,55,中國信託,2024-04-23,6160
3708,上緯投控,84,31,53,中國信託,2024-04-23,6160
2020,美亞,51,0,51,中國信託,2024-04-23,6160
2641,正德,54,3,51,中國信託,2024-04-23,6160
2347,聯強,62,12,50,中國信託,2024-04-23,6160
1742,台蠟,50,1,49,中國信託,2024-04-23,6160
8089,康全電訊,53,4,49,中國信託,2024-04-23,6160
00720B,元大投資級公司債,51,3,48,中國信託,2024-04-23,6160
1440,南紡,67,21,46,中國信託,2024-04-23,6160
1326,台化,45,0,45,中國信託,2024-04-23,6160
8092,建暐,58,15,43,中國信託,2024-04-23,6160
2454,聯發科,44,1,43,中國信託,2024-04-23,6160
2801,彰銀,51,9,42,中國信託,2024-04-23,6160
2887,台新金,62,21,41,中國信託,2024-04-23,6160
00881,國泰台灣5G+,3958,794,3164,中國信託,2024-04-24,6160
00900,富邦特選高股息30,1750,114,1636,中國信託,2024-04-24,6160
00892,富邦台灣半導體,2180,607,1573,中國信託,2024-04-24,6160
00940,元大台灣價值高息,1900,968,932,中國信託,2024-04-24,6160
00753L,中信中國50正2,934,149,785,中國信託,2024-04-24,6160
2206,三陽工業,886,161,725,中國信託,2024-04-24,6160
5512,力麒,700,36,664,中國信託,2024-04-24,6160
3264,欣銓,504,5,499,中國信託,2024-04-24,6160
0050,元大台灣50,678,266,412,中國信託,2024-04-24,6160
2882,國泰金,427,21,406,中國信託,2024-04-24,6160
00680L,元大美債20正2,337,8,329,中國信託,2024-04-24,6160
6143,振曜,300,7,293,中國信託,2024-04-24,6160
1101,台泥,294,3,291,中國信託,2024-04-24,6160
00632R,元大台灣50反1,355,95,260,中國信託,2024-04-24,6160
00671R,富邦NASDAQ反1,239,0,239,中國信託,2024-04-24,6160
9933,中鼎,276,51,225,中國信託,2024-04-24,6160
2618,長榮航,1597,1412,185,中國信託,2024-04-24,6160
3231,緯創,331,157,174,中國信託,2024-04-24,6160
2354,鴻準,203,38,165,中國信託,2024-04-24,6160
5522,遠雄,155,3,152,中國信託,2024-04-24,6160
9904,寶成,151,8,143,中國信託,2024-04-24,6160
2412,中華電,142,0,142,中國信託,2024-04-24,6160
5443,均豪,153,13,140,中國信託,2024-04-24,6160
2834,臺企銀,132,5,127,中國信託,2024-04-24,6160
2408,南亞科,139,14,125,中國信託,2024-04-24,6160
6274,台燿,178,69,109,中國信託,2024-04-24,6160
1504,東元,146,43,103,中國信託,2024-04-24,6160
00934,中信成長高股息,165,66,99,中國信託,2024-04-24,6160
2324,仁寶,102,13,89,中國信託,2024-04-24,6160
2006,東和鋼鐵,89,1,88,中國信託,2024-04-24,6160
6770,力積電,92,8,84,中國信託,2024-04-24,6160
5529,鉅陞,82,1,81,中國信託,2024-04-24,6160
00679B,元大美債20年,98,20,78,中國信託,2024-04-24,6160
2330,台積電,317,244,73,中國信託,2024-04-24,6160
00687B,國泰20年美債,84,13,71,中國信託,2024-04-24,6160
2838,聯邦銀,71,1,70,中國信託,2024-04-24,6160
8446,華研,70,0,70,中國信託,2024-04-24,6160
2317,鴻海,442,374,68,中國信託,2024-04-24,6160
1402,遠東新,70,2,68,中國信託,2024-04-24,6160
5508,永信建,131,64,67,中國信託,2024-04-24,6160
2812,台中銀,67,1,66,中國信託,2024-04-24,6160
1314,中石化,125,63,62,中國信託,2024-04-24,6160
2344,華邦電,76,17,59,中國信託,2024-04-24,6160
2530,華建,106,49,57,中國信託,2024-04-24,6160
2359,所羅門,58,1,57,中國信託,2024-04-24,6160
2886,兆豐金,57,1,56,中國信託,2024-04-24,6160
00715L,期街口布蘭特正2,57,1,56,中國信託,2024-04-24,6160
2409,友達,69,13,56,中國信託,2024-04-24,6160
1102,亞泥,61,6,55,中國信託,2024-04-24,6160
2884,玉山金,57,3,54,中國信託,2024-04-24,6160
00753L,中信中國50正2,817,90,727,中國信託,2024-04-25,6160
2891,中信金,653,54,599,中國信託,2024-04-25,6160
00752,中信中國50,1453,862,591,中國信託,2024-04-25,6160
2324,仁寶,667,88,579,中國信託,2024-04-25,6160
1101,台泥,489,17,472,中國信託,2024-04-25,6160
00918,大華優利高填息30,450,35,415,中國信託,2024-04-25,6160
00888,永豐台灣ESG,419,64,355,中國信託,2024-04-25,6160
2748,雲品,285,18,267,中國信託,2024-04-25,6160
00715L,期街口布蘭特正2,251,0,251,中國信託,2024-04-25,6160
00894,中信小資高價30,571,326,245,中國信託,2024-04-25,6160
2504,國產,307,76,231,中國信託,2024-04-25,6160
00932,兆豐永續高息等權,210,0,210,中國信託,2024-04-25,6160
00706L,期元大S＆P日圓正2,211,20,191,中國信託,2024-04-25,6160
3663,鑫科,190,0,190,中國信託,2024-04-25,6160
5522,遠雄,197,22,175,中國信託,2024-04-25,6160
5347,世界,416,248,168,中國信託,2024-04-25,6160
00680L,元大美債20正2,170,4,166,中國信託,2024-04-25,6160
2515,中工,667,510,157,中國信託,2024-04-25,6160
6177,達麗,139,3,136,中國信託,2024-04-25,6160
00690,兆豐藍籌30,208,80,128,中國信託,2024-04-25,6160
1535,中宇,121,0,121,中國信託,2024-04-25,6160
2618,長榮航,780,660,120,中國信託,2024-04-25,6160
00637L,元大滬深300正2,119,6,113,中國信託,2024-04-25,6160
2888,新光金,128,16,112,中國信託,2024-04-25,6160
00913,兆豐台灣晶圓製造,106,1,105,中國信託,2024-04-25,6160
2376,技嘉,119,14,105,中國信託,2024-04-25,6160
00892,富邦台灣半導體,445,344,101,中國信託,2024-04-25,6160
3702,大聯大,196,98,98,中國信託,2024-04-25,6160
3481,群創,161,65,96,中國信託,2024-04-25,6160
1440,南紡,121,36,85,中國信託,2024-04-25,6160
00679B,元大美債20年,93,9,84,中國信託,2024-04-25,6160
8069,元太,213,130,83,中國信託,2024-04-25,6160
00632R,元大台灣50反1,244,168,76,中國信託,2024-04-25,6160
4716,大立,98,23,75,中國信託,2024-04-25,6160
2412,中華電,136,62,74,中國信託,2024-04-25,6160
5251,天鉞電,116,45,71,中國信託,2024-04-25,6160
2347,聯強,91,20,71,中國信託,2024-04-25,6160
2603,長榮,93,23,70,中國信託,2024-04-25,6160
2543,皇昌,82,14,68,中國信託,2024-04-25,6160
0056,元大高股息,142,74,68,中國信託,2024-04-25,6160
00728,第一金工業30,104,38,66,中國信託,2024-04-25,6160
2362,藍天,81,16,65,中國信託,2024-04-25,6160
6207,雷科,206,144,62,中國信託,2024-04-25,6160
2867,三商壽,70,8,62,中國信託,2024-04-25,6160
00924,復華S＆P500成長,58,5,53,中國信託,2024-04-25,6160
2367,燿華,76,25,51,中國信託,2024-04-25,6160
6670,復盛應用,50,0,50,中國信託,2024-04-25,6160
2887,台新金,58,10,48,中國信託,2024-04-25,6160
5009,榮剛,116,69,47,中國信託,2024-04-25,6160
2352,佳世達,63,17,46,中國信託,2024-04-25,6160
2303,聯電,3845,89,3756,中國信託,2024-04-26,6160
00900,富邦特選高股息30,2506,197,2309,中國信託,2024-04-26,6160
00918,大華優利高填息30,1982,121,1861,中國信託,2024-04-26,6160
00753L,中信中國50正2,1795,405,1390,中國信託,2024-04-26,6160
00679B,元大美債20年,1385,65,1320,中國信託,2024-04-26,6160
00632R,元大台灣50反1,1089,0,1089,中國信託,2024-04-26,6160
00892,富邦台灣半導體,1247,345,902,中國信託,2024-04-26,6160
00936,台新永續高息中小,813,9,804,中國信託,2024-04-26,6160
00881,國泰台灣5G+,2595,1845,750,中國信託,2024-04-26,6160
00923,群益台ESG低碳50,1871,1217,654,中國信託,2024-04-26,6160
2412,中華電,537,1,536,中國信託,2024-04-26,6160
00888,永豐台灣ESG,703,187,516,中國信託,2024-04-26,6160
00752,中信中國50,428,48,380,中國信託,2024-04-26,6160
2520,冠德,395,139,256,中國信託,2024-04-26,6160
00937B,群益ESG投等債20,454,203,251,中國信託,2024-04-26,6160
00932,兆豐永續高息等權,220,10,210,中國信託,2024-04-26,6160
00692,富邦公司治理,361,154,207,中國信託,2024-04-26,6160
2105,正新,200,0,200,中國信託,2024-04-26,6160
4904,遠傳,200,1,199,中國信託,2024-04-26,6160
00907,永豐優息存股,204,12,192,中國信託,2024-04-26,6160
1216,統一,173,0,173,中國信託,2024-04-26,6160
00917,中信特選金融,190,33,157,中國信託,2024-04-26,6160
8210,勤誠,210,55,155,中國信託,2024-04-26,6160
6789,采鈺,153,0,153,中國信託,2024-04-26,6160
3481,群創,348,203,145,中國信託,2024-04-26,6160
2379,瑞昱,140,0,140,中國信託,2024-04-26,6160
6177,達麗,138,2,136,中國信託,2024-04-26,6160
3706,神達,436,310,126,中國信託,2024-04-26,6160
3042,晶技,120,0,120,中國信託,2024-04-26,6160
6526,達發,124,6,118,中國信託,2024-04-26,6160
6213,聯茂,145,31,114,中國信託,2024-04-26,6160
3036,文曄,119,5,114,中國信託,2024-04-26,6160
6207,雷科,281,171,110,中國信託,2024-04-26,6160
2206,三陽工業,138,33,105,中國信託,2024-04-26,6160
5512,力麒,130,27,103,中國信託,2024-04-26,6160
2377,微星,102,0,102,中國信託,2024-04-26,6160
00896,中信綠能及電動車,101,1,100,中國信託,2024-04-26,6160
2010,春源,100,2,98,中國信託,2024-04-26,6160
2610,華航,497,404,93,中國信託,2024-04-26,6160
2511,太子,117,27,90,中國信託,2024-04-26,6160
6197,佳必琪,107,21,86,中國信託,2024-04-26,6160
2408,南亞科,86,0,86,中國信託,2024-04-26,6160
1455,集盛,108,23,85,中國信託,2024-04-26,6160
00720B,元大投資級公司債,94,10,84,中國信託,2024-04-26,6160
3663,鑫科,82,0,82,中國信託,2024-04-26,6160
6121,新普,82,0,82,中國信託,2024-04-26,6160
00680L,元大美債20正2,81,0,81,中國信託,2024-04-26,6160
00940,元大台灣價值高息,991,913,78,中國信託,2024-04-26,6160
2002,中鋼,76,4,72,中國信託,2024-04-26,6160
2241,艾姆勒,112,42,70,中國信託,2024-04-26,6160
00918,大華優利高填息30,4211,247,3964,中國信託,2024-04-29,6160
00881,國泰台灣5G+,3021,151,2870,中國信託,2024-04-29,6160
00907,永豐優息存股,2504,9,2495,中國信託,2024-04-29,6160
00900,富邦特選高股息30,1776,32,1744,中國信託,2024-04-29,6160
00878,國泰永續高股息,2795,1103,1692,中國信託,2024-04-29,6160
2504,國產,1480,51,1429,中國信託,2024-04-29,6160
00940,元大台灣價值高息,945,301,644,中國信託,2024-04-29,6160
00701,國泰股利精選30,670,85,585,中國信託,2024-04-29,6160
00894,中信小資高價30,700,202,498,中國信託,2024-04-29,6160
00885,富邦越南,505,9,496,中國信託,2024-04-29,6160
2885,元大金,526,44,482,中國信託,2024-04-29,6160
00692,富邦公司治理,473,24,449,中國信託,2024-04-29,6160
2618,長榮航,835,417,418,中國信託,2024-04-29,6160
00939,統一台灣高息動能,532,122,410,中國信託,2024-04-29,6160
2606,裕民,404,11,393,中國信託,2024-04-29,6160
6177,達麗,385,17,368,中國信託,2024-04-29,6160
2882,國泰金,378,53,325,中國信託,2024-04-29,6160
1605,華新,335,17,318,中國信託,2024-04-29,6160
2609,陽明,757,474,283,中國信託,2024-04-29,6160
2883,凱基金,316,64,252,中國信託,2024-04-29,6160
1314,中石化,2399,2157,242,中國信託,2024-04-29,6160
5522,遠雄,247,9,238,中國信託,2024-04-29,6160
00928,中信上櫃ESG30,389,173,216,中國信託,2024-04-29,6160
1102,亞泥,235,19,216,中國信託,2024-04-29,6160
2880,華南金,230,24,206,中國信託,2024-04-29,6160
00752,中信中國50,243,41,202,中國信託,2024-04-29,6160
00896,中信綠能及電動車,225,33,192,中國信託,2024-04-29,6160
5371,中光電,190,5,185,中國信託,2024-04-29,6160
6125,廣運,219,56,163,中國信託,2024-04-29,6160
2520,冠德,391,228,163,中國信託,2024-04-29,6160
2886,兆豐金,161,25,136,中國信託,2024-04-29,6160
2603,長榮,400,266,134,中國信託,2024-04-29,6160
2881,富邦金,202,68,134,中國信託,2024-04-29,6160
00639,富邦深100,133,0,133,中國信託,2024-04-29,6160
2027,大成鋼,138,6,132,中國信託,2024-04-29,6160
00753L,中信中國50正2,240,111,129,中國信託,2024-04-29,6160
2412,中華電,137,15,122,中國信託,2024-04-29,6160
2344,華邦電,143,22,121,中國信託,2024-04-29,6160
9911,櫻花,122,2,120,中國信託,2024-04-29,6160
6712,長聖,120,0,120,中國信託,2024-04-29,6160
6269,台郡,122,4,118,中國信託,2024-04-29,6160
2637,慧洋-KY,211,97,114,中國信託,2024-04-29,6160
2323,中環,158,53,105,中國信託,2024-04-29,6160
5483,中美晶,105,3,102,中國信託,2024-04-29,6160
00674R,期元大S＆P黃金反1,100,0,100,中國信託,2024-04-29,6160
1477,聚陽,100,0,100,中國信託,2024-04-29,6160
5009,榮剛,118,22,96,中國信託,2024-04-29,6160
6425,易發,104,13,91,中國信託,2024-04-29,6160
2359,所羅門,179,100,79,中國信託,2024-04-29,6160
2515,中工,1434,1357,77,中國信託,2024-04-29,6160
00900,富邦特選高股息30,1122,49,1073,中國信託,2024-04-30,6160
9945,潤泰新,1030,39,991,中國信託,2024-04-30,6160
00918,大華優利高填息30,1036,100,936,中國信託,2024-04-30,6160
2891,中信金,1120,268,852,中國信託,2024-04-30,6160
00665L,富邦�琤肭磪囓�2,1020,212,808,中國信託,2024-04-30,6160
00907,永豐優息存股,763,1,762,中國信託,2024-04-30,6160
00934,中信成長高股息,803,166,637,中國信託,2024-04-30,6160
00888,永豐台灣ESG,837,295,542,中國信託,2024-04-30,6160
00892,富邦台灣半導體,589,67,522,中國信託,2024-04-30,6160
2105,正新,500,1,499,中國信託,2024-04-30,6160
00690,兆豐藍籌30,489,129,360,中國信託,2024-04-30,6160
00701,國泰股利精選30,454,113,341,中國信託,2024-04-30,6160
3231,緯創,361,21,340,中國信託,2024-04-30,6160
6177,達麗,401,75,326,中國信託,2024-04-30,6160
0050,元大台灣50,362,47,315,中國信託,2024-04-30,6160
2886,兆豐金,309,7,302,中國信託,2024-04-30,6160
00917,中信特選金融,400,101,299,中國信託,2024-04-30,6160
00752,中信中國50,352,72,280,中國信託,2024-04-30,6160
6187,萬潤,266,4,262,中國信託,2024-04-30,6160
2501,國建,663,435,228,中國信託,2024-04-30,6160
00921,兆豐龍頭等權重,205,1,204,中國信託,2024-04-30,6160
00881,國泰台灣5G+,751,552,199,中國信託,2024-04-30,6160
00679B,元大美債20年,209,31,178,中國信託,2024-04-30,6160
9958,世紀鋼,204,27,177,中國信託,2024-04-30,6160
6235,華孚,211,37,174,中國信託,2024-04-30,6160
00912,中信臺灣智慧50,176,3,173,中國信託,2024-04-30,6160
1440,南紡,226,61,165,中國信託,2024-04-30,6160
00715L,期街口布蘭特正2,161,1,160,中國信託,2024-04-30,6160
00719B,元大美債1-3,161,2,159,中國信託,2024-04-30,6160
6415,矽力*-KY,171,17,154,中國信託,2024-04-30,6160
6190,萬泰科,165,12,153,中國信託,2024-04-30,6160
5512,力麒,160,17,143,中國信託,2024-04-30,6160
2412,中華電,138,1,137,中國信託,2024-04-30,6160
2457,飛宏,255,120,135,中國信託,2024-04-30,6160
1718,中纖,128,0,128,中國信託,2024-04-30,6160
9911,櫻花,120,1,119,中國信託,2024-04-30,6160
3036,文曄,121,12,109,中國信託,2024-04-30,6160
6121,新普,107,0,107,中國信託,2024-04-30,6160
00637L,元大滬深300正2,161,56,105,中國信託,2024-04-30,6160
00632R,元大台灣50反1,558,454,104,中國信託,2024-04-30,6160
2408,南亞科,126,23,103,中國信託,2024-04-30,6160
2455,全新,104,4,100,中國信託,2024-04-30,6160
00639,富邦深100,100,0,100,中國信託,2024-04-30,6160
5483,中美晶,110,14,96,中國信託,2024-04-30,6160
4967,十銓,93,5,88,中國信託,2024-04-30,6160
00894,中信小資高價30,240,153,87,中國信託,2024-04-30,6160
1605,華新,90,8,82,中國信託,2024-04-30,6160
3260,威剛,84,5,79,中國信託,2024-04-30,6160
3532,台勝科,76,0,76,中國信託,2024-04-30,6160
8096,擎亞,219,146,73,中國信託,2024-04-30,6160
00940,元大台灣價值高息,3089,1626,1463,中國信託,2024-05-02,6160
00918,大華優利高填息30,1739,422,1317,中國信託,2024-05-02,6160
2834,臺企銀,1014,37,977,中國信託,2024-05-02,6160
2330,台積電,1060,354,706,中國信託,2024-05-02,6160
5876,上海商銀,934,270,664,中國信託,2024-05-02,6160
00892,富邦台灣半導體,607,3,604,中國信託,2024-05-02,6160
00701,國泰股利精選30,586,6,580,中國信託,2024-05-02,6160
00650L,復華香港正2,617,153,464,中國信託,2024-05-02,6160
00888,永豐台灣ESG,620,178,442,中國信託,2024-05-02,6160
00715L,期街口布蘭特正2,537,95,442,中國信託,2024-05-02,6160
1905,華紙,436,10,426,中國信託,2024-05-02,6160
00900,富邦特選高股息30,2128,1734,394,中國信託,2024-05-02,6160
00907,永豐優息存股,349,2,347,中國信託,2024-05-02,6160
0050,元大台灣50,415,88,327,中國信託,2024-05-02,6160
00939,統一台灣高息動能,1076,787,289,中國信託,2024-05-02,6160
1314,中石化,552,268,284,中國信託,2024-05-02,6160
5508,永信建,321,44,277,中國信託,2024-05-02,6160
2913,農林,670,418,252,中國信託,2024-05-02,6160
5512,力麒,403,153,250,中國信託,2024-05-02,6160
00901,永豐智能車供應鏈,248,0,248,中國信託,2024-05-02,6160
00912,中信臺灣智慧50,216,0,216,中國信託,2024-05-02,6160
00921,兆豐龍頭等權重,513,305,208,中國信託,2024-05-02,6160
2501,國建,894,691,203,中國信託,2024-05-02,6160
00639,富邦深100,200,0,200,中國信託,2024-05-02,6160
2618,長榮航,999,821,178,中國信託,2024-05-02,6160
00910,第一金太空衛星,175,3,172,中國信託,2024-05-02,6160
2027,大成鋼,203,32,171,中國信託,2024-05-02,6160
5009,榮剛,310,146,164,中國信託,2024-05-02,6160
2371,大同,343,196,147,中國信託,2024-05-02,6160
2515,中工,681,536,145,中國信託,2024-05-02,6160
2332,友訊,150,5,145,中國信託,2024-05-02,6160
00753L,中信中國50正2,463,324,139,中國信託,2024-05-02,6160
00913,兆豐台灣晶圓製造,173,35,138,中國信託,2024-05-02,6160
2412,中華電,134,0,134,中國信託,2024-05-02,6160
2611,志信,179,52,127,中國信託,2024-05-02,6160
2504,國產,348,228,120,中國信託,2024-05-02,6160
3481,群創,171,54,117,中國信託,2024-05-02,6160
00692,富邦公司治理,142,37,105,中國信託,2024-05-02,6160
9105,泰金寶-DR,102,0,102,中國信託,2024-05-02,6160
3512,皇龍,102,4,98,中國信託,2024-05-02,6160
00896,中信綠能及電動車,97,2,95,中國信託,2024-05-02,6160
2206,三陽工業,138,46,92,中國信託,2024-05-02,6160
2891,中信金,352,260,92,中國信託,2024-05-02,6160
2324,仁寶,171,80,91,中國信託,2024-05-02,6160
00700,富邦�琤肭磪�,122,40,82,中國信託,2024-05-02,6160
3206,志豐,81,0,81,中國信託,2024-05-02,6160
2301,光寶科,163,85,78,中國信託,2024-05-02,6160
2105,正新,82,5,77,中國信託,2024-05-02,6160
00728,第一金工業30,93,16,77,中國信託,2024-05-02,6160
6442,光聖,95,26,69,中國信託,2024-05-02,6160
00900,富邦特選高股息30,2487,1032,1455,中國信託,2024-05-03,6160
2618,長榮航,2129,1059,1070,中國信託,2024-05-03,6160
1402,遠東新,831,3,828,中國信託,2024-05-03,6160
00937B,群益ESG投等債20,644,11,633,中國信託,2024-05-03,6160
00928,中信上櫃ESG30,559,100,459,中國信託,2024-05-03,6160
2884,玉山金,463,19,444,中國信託,2024-05-03,6160
00921,兆豐龍頭等權重,466,33,433,中國信託,2024-05-03,6160
2330,台積電,495,85,410,中國信託,2024-05-03,6160
9938,百和,325,2,323,中國信託,2024-05-03,6160
00942B,台新美A公司債20+,288,0,288,中國信託,2024-05-03,6160
6456,GIS-KY,277,10,267,中國信託,2024-05-03,6160
8112,至上,308,77,231,中國信託,2024-05-03,6160
1532,勤美,238,19,219,中國信託,2024-05-03,6160
1316,上曜,724,512,212,中國信託,2024-05-03,6160
00907,永豐優息存股,214,5,209,中國信託,2024-05-03,6160
6790,永豐實,208,1,207,中國信託,2024-05-03,6160
6768,志強-KY,182,0,182,中國信託,2024-05-03,6160
6278,台表科,184,6,178,中國信託,2024-05-03,6160
3617,碩天,192,18,174,中國信託,2024-05-03,6160
00945B,凱基美國非投等債,166,0,166,中國信託,2024-05-03,6160
5508,永信建,254,91,163,中國信託,2024-05-03,6160
6207,雷科,314,154,160,中國信託,2024-05-03,6160
00646,元大S＆P500,161,0,161,中國信託,2024-05-03,6160
8938,明安,158,0,158,中國信託,2024-05-03,6160
2332,友訊,155,0,155,中國信託,2024-05-03,6160
00650L,復華香港正2,156,4,152,中國信託,2024-05-03,6160
2888,新光金,203,69,134,中國信託,2024-05-03,6160
00891,中信關鍵半導體,386,255,131,中國信託,2024-05-03,6160
2515,中工,285,156,129,中國信託,2024-05-03,6160
6024,群益期,131,7,124,中國信託,2024-05-03,6160
2105,正新,120,0,120,中國信託,2024-05-03,6160
8436,大江,121,1,120,中國信託,2024-05-03,6160
6770,力積電,264,150,114,中國信託,2024-05-03,6160
3715,定穎投控,133,27,106,中國信託,2024-05-03,6160
00637L,元大滬深300正2,131,30,101,中國信託,2024-05-03,6160
6269,台郡,134,39,95,中國信託,2024-05-03,6160
2206,三陽工業,104,10,94,中國信託,2024-05-03,6160
5521,工信,153,61,92,中國信託,2024-05-03,6160
2049,上銀,93,2,91,中國信託,2024-05-03,6160
00665L,富邦�琤肭磪囓�2,124,34,90,中國信託,2024-05-03,6160
2301,光寶科,112,23,89,中國信託,2024-05-03,6160
5536,聖暉*,86,0,86,中國信託,2024-05-03,6160
2201,裕隆,108,24,84,中國信託,2024-05-03,6160
3305,昇貿,77,0,77,中國信託,2024-05-03,6160
2542,興富發,142,66,76,中國信託,2024-05-03,6160
2204,中華,72,0,72,中國信託,2024-05-03,6160
9933,中鼎,91,22,69,中國信託,2024-05-03,6160
9945,潤泰新,152,83,69,中國信託,2024-05-03,6160
00933B,國泰10Y+金融債,73,7,66,中國信託,2024-05-03,6160
2511,太子,93,27,66,中國信託,2024-05-03,6160
00900,富邦特選高股息30,8345,91,8254,中國信託,2024-05-06,6160
00918,大華優利高填息30,4128,156,3972,中國信託,2024-05-06,6160
00881,國泰台灣5G+,3543,832,2711,中國信託,2024-05-06,6160
0056,元大高股息,1642,620,1022,中國信託,2024-05-06,6160
00701,國泰股利精選30,1173,312,861,中國信託,2024-05-06,6160
2303,聯電,1038,181,857,中國信託,2024-05-06,6160
5521,工信,771,47,724,中國信託,2024-05-06,6160
00864B,中信美國公債0-1,785,210,575,中國信託,2024-05-06,6160
00907,永豐優息存股,705,138,567,中國信託,2024-05-06,6160
1101,台泥,727,234,493,中國信託,2024-05-06,6160
00888,永豐台灣ESG,766,299,467,中國信託,2024-05-06,6160
2330,台積電,584,135,449,中國信託,2024-05-06,6160
00937B,群益ESG投等債20,481,45,436,中國信託,2024-05-06,6160
00894,中信小資高價30,593,173,420,中國信託,2024-05-06,6160
2352,佳世達,461,62,399,中國信託,2024-05-06,6160
00715L,期街口布蘭特正2,359,2,357,中國信託,2024-05-06,6160
00934,中信成長高股息,1233,884,349,中國信託,2024-05-06,6160
2393,億光,331,13,318,中國信託,2024-05-06,6160
00922,國泰台灣領袖50,331,35,296,中國信託,2024-05-06,6160
00892,富邦台灣半導體,283,3,280,中國信託,2024-05-06,6160
2006,東和鋼鐵,282,5,277,中國信託,2024-05-06,6160
2511,太子,303,80,223,中國信託,2024-05-06,6160
4142,國光生,197,2,195,中國信託,2024-05-06,6160
2348,海悅,260,76,184,中國信託,2024-05-06,6160
9933,中鼎,193,30,163,中國信託,2024-05-06,6160
2449,京元電子,398,237,161,中國信託,2024-05-06,6160
1605,華新,178,32,146,中國信託,2024-05-06,6160
00687B,國泰20年美債,173,32,141,中國信託,2024-05-06,6160
1535,中宇,140,0,140,中國信託,2024-05-06,6160
2412,中華電,131,5,126,中國信託,2024-05-06,6160
5508,永信建,197,70,127,中國信託,2024-05-06,6160
00665L,富邦�琤肭磪囓�2,170,45,125,中國信託,2024-05-06,6160
7402,邑錡,141,18,123,中國信託,2024-05-06,6160
00927,群益半導體收益,170,49,121,中國信託,2024-05-06,6160
6282,康舒,136,20,116,中國信託,2024-05-06,6160
00939,統一台灣高息動能,239,123,116,中國信託,2024-05-06,6160
5434,崇越,111,3,108,中國信託,2024-05-06,6160
9105,泰金寶-DR,112,6,106,中國信託,2024-05-06,6160
1815,富喬,134,29,105,中國信託,2024-05-06,6160
2301,光寶科,133,32,101,中國信託,2024-05-06,6160
2332,友訊,133,33,100,中國信託,2024-05-06,6160
5522,遠雄,139,41,98,中國信託,2024-05-06,6160
2367,燿華,243,153,90,中國信託,2024-05-06,6160
3042,晶技,85,8,77,中國信託,2024-05-06,6160
2338,光罩,73,0,73,中國信託,2024-05-06,6160
8210,勤誠,73,1,72,中國信託,2024-05-06,6160
6173,信昌電,84,12,72,中國信託,2024-05-06,6160
4303,信立,149,79,70,中國信託,2024-05-06,6160
00679B,元大美債20年,121,54,67,中國信託,2024-05-06,6160
2537,聯上發,179,119,60,中國信託,2024-05-06,6160
00900,富邦特選高股息30,6949,1701,5248,中國信託,2024-05-07,6160
2891,中信金,2008,353,1655,中國信託,2024-05-07,6160
00939,統一台灣高息動能,1463,527,936,中國信託,2024-05-07,6160
00888,永豐台灣ESG,1086,226,860,中國信託,2024-05-07,6160
00921,兆豐龍頭等權重,840,46,794,中國信託,2024-05-07,6160
2881,富邦金,804,18,786,中國信託,2024-05-07,6160
00752,中信中國50,765,114,651,中國信託,2024-05-07,6160
3260,威剛,751,164,587,中國信託,2024-05-07,6160
2834,臺企銀,521,6,515,中國信託,2024-05-07,6160
2885,元大金,530,64,466,中國信託,2024-05-07,6160
2615,萬海,442,29,413,中國信託,2024-05-07,6160
00934,中信成長高股息,552,197,355,中國信託,2024-05-07,6160
00881,國泰台灣5G+,1212,944,268,中國信託,2024-05-07,6160
2515,中工,494,252,242,中國信託,2024-05-07,6160
1609,大亞,330,104,226,中國信託,2024-05-07,6160
00864B,中信美國公債0-1,320,103,217,中國信託,2024-05-07,6160
6914,阜爾運通,228,17,211,中國信託,2024-05-07,6160
3596,智易,217,10,207,中國信託,2024-05-07,6160
4142,國光生,196,0,196,中國信託,2024-05-07,6160
2610,華航,226,46,180,中國信託,2024-05-07,6160
00901,永豐智能車供應鏈,418,242,176,中國信託,2024-05-07,6160
00680L,元大美債20正2,165,2,163,中國信託,2024-05-07,6160
6177,達麗,408,247,161,中國信託,2024-05-07,6160
1102,亞泥,218,77,141,中國信託,2024-05-07,6160
2317,鴻海,326,196,130,中國信託,2024-05-07,6160
2412,中華電,130,2,128,中國信託,2024-05-07,6160
00917,中信特選金融,196,71,125,中國信託,2024-05-07,6160
00928,中信上櫃ESG30,203,82,121,中國信託,2024-05-07,6160
00751B,元大AAA至A公司債,139,26,113,中國信託,2024-05-07,6160
006208,富邦台50,453,344,109,中國信託,2024-05-07,6160
6219,富旺,144,35,109,中國信託,2024-05-07,6160
2618,長榮航,241,144,97,中國信託,2024-05-07,6160
1101,台泥,158,62,96,中國信託,2024-05-07,6160
00701,國泰股利精選30,202,113,89,中國信託,2024-05-07,6160
2382,廣達,134,57,77,中國信託,2024-05-07,6160
2486,一詮,675,598,77,中國信託,2024-05-07,6160
00912,中信臺灣智慧50,199,127,72,中國信託,2024-05-07,6160
1532,勤美,259,187,72,中國信託,2024-05-07,6160
1608,華榮,109,39,70,中國信託,2024-05-07,6160
00907,永豐優息存股,103,35,68,中國信託,2024-05-07,6160
2535,達欣工,70,2,68,中國信託,2024-05-07,6160
3036,文曄,70,6,64,中國信託,2024-05-07,6160
00911,兆豐洲際半導體,67,4,63,中國信託,2024-05-07,6160
1582,信錦,100,40,60,中國信託,2024-05-07,6160
00941,中信上游半導體,127,67,60,中國信託,2024-05-07,6160
3481,群創,87,29,58,中國信託,2024-05-07,6160
00927,群益半導體收益,292,237,55,中國信託,2024-05-07,6160
6005,群益證,67,15,52,中國信託,2024-05-07,6160
2888,新光金,129,77,52,中國信託,2024-05-07,6160
1714,和桐,52,0,52,中國信託,2024-05-07,6160
00900,富邦特選高股息30,1451,415,1036,中國信託,2024-05-08,6160
0050,元大台灣50,916,151,765,中國信託,2024-05-08,6160
00939,統一台灣高息動能,1067,365,702,中國信託,2024-05-08,6160
00892,富邦台灣半導體,635,117,518,中國信託,2024-05-08,6160
2367,燿華,834,364,470,中國信託,2024-05-08,6160
2891,中信金,850,419,431,中國信託,2024-05-08,6160
00888,永豐台灣ESG,492,148,344,中國信託,2024-05-08,6160
1101,台泥,353,28,325,中國信託,2024-05-08,6160
2371,大同,435,152,283,中國信託,2024-05-08,6160
00927,群益半導體收益,377,127,250,中國信託,2024-05-08,6160
00637L,元大滬深300正2,219,0,219,中國信託,2024-05-08,6160
2324,仁寶,244,25,219,中國信託,2024-05-08,6160
4142,國光生,195,1,194,中國信託,2024-05-08,6160
1102,亞泥,205,12,193,中國信託,2024-05-08,6160
9945,潤泰新,210,42,168,中國信託,2024-05-08,6160
2393,億光,177,11,166,中國信託,2024-05-08,6160
2606,裕民,335,173,162,中國信託,2024-05-08,6160
2609,陽明,289,135,154,中國信託,2024-05-08,6160
00935,野村臺灣新科技50,161,12,149,中國信託,2024-05-08,6160
2332,友訊,147,2,145,中國信託,2024-05-08,6160
9939,宏全,143,0,143,中國信託,2024-05-08,6160
2352,佳世達,164,23,141,中國信託,2024-05-08,6160
2441,超豐,137,1,136,中國信託,2024-05-08,6160
00687B,國泰20年美債,163,35,128,中國信託,2024-05-08,6160
3037,欣興,155,29,126,中國信託,2024-05-08,6160
5871,中租-KY,138,15,123,中國信託,2024-05-08,6160
2006,東和鋼鐵,119,2,117,中國信託,2024-05-08,6160
1815,富喬,154,40,114,中國信託,2024-05-08,6160
2303,聯電,163,54,109,中國信託,2024-05-08,6160
8085,福華,118,13,105,中國信託,2024-05-08,6160
00646,元大S＆P500,102,1,101,中國信託,2024-05-08,6160
4123,晟德,101,2,99,中國信託,2024-05-08,6160
2637,慧洋-KY,240,148,92,中國信託,2024-05-08,6160
2603,長榮,157,70,87,中國信託,2024-05-08,6160
00643,群益深証中小,83,0,83,中國信託,2024-05-08,6160
00941,中信上游半導體,96,13,83,中國信託,2024-05-08,6160
2888,新光金,112,31,81,中國信託,2024-05-08,6160
9933,中鼎,94,15,79,中國信託,2024-05-08,6160
2374,佳能,134,55,79,中國信託,2024-05-08,6160
2883,凱基金,80,4,76,中國信託,2024-05-08,6160
2359,所羅門,227,151,76,中國信託,2024-05-08,6160
00928,中信上櫃ESG30,189,113,76,中國信託,2024-05-08,6160
8277,商丞,73,0,73,中國信託,2024-05-08,6160
2610,華航,122,49,73,中國信託,2024-05-08,6160
3030,德律,75,4,71,中國信託,2024-05-08,6160
00921,兆豐龍頭等權重,168,101,67,中國信託,2024-05-08,6160
1513,中興電,104,41,63,中國信託,2024-05-08,6160
00679B,元大美債20年,77,14,63,中國信託,2024-05-08,6160
1504,東元,67,8,59,中國信託,2024-05-08,6160
6173,信昌電,64,5,59,中國信託,2024-05-08,6160
00900,富邦特選高股息30,1973,495,1478,中國信託,2024-05-09,6160
00888,永豐台灣ESG,861,14,847,中國信託,2024-05-09,6160
00907,永豐優息存股,942,107,835,中國信託,2024-05-09,6160
2201,裕隆,767,124,643,中國信託,2024-05-09,6160
2412,中華電,628,0,628,中國信託,2024-05-09,6160
00632R,元大台灣50反1,556,34,522,中國信託,2024-05-09,6160
00752,中信中國50,706,227,479,中國信託,2024-05-09,6160
00923,群益台ESG低碳50,476,60,416,中國信託,2024-05-09,6160
2618,長榮航,863,501,362,中國信託,2024-05-09,6160
9945,潤泰新,356,16,340,中國信託,2024-05-09,6160
3045,台灣大,300,2,298,中國信託,2024-05-09,6160
00939,統一台灣高息動能,1383,1094,289,中國信託,2024-05-09,6160
2886,兆豐金,291,2,289,中國信託,2024-05-09,6160
5347,世界,299,84,215,中國信託,2024-05-09,6160
6538,倉和,211,8,203,中國信託,2024-05-09,6160
2610,華航,217,21,196,中國信託,2024-05-09,6160
4142,國光生,195,0,195,中國信託,2024-05-09,6160
3037,欣興,221,31,190,中國信託,2024-05-09,6160
00701,國泰股利精選30,260,76,184,中國信託,2024-05-09,6160
3036,文曄,210,43,167,中國信託,2024-05-09,6160
8112,至上,271,107,164,中國信託,2024-05-09,6160
2371,大同,406,248,158,中國信託,2024-05-09,6160
2367,燿華,474,316,158,中國信託,2024-05-09,6160
00904,新光臺灣半導體30,158,1,157,中國信託,2024-05-09,6160
1216,統一,154,1,153,中國信託,2024-05-09,6160
2504,國產,205,55,150,中國信託,2024-05-09,6160
2101,南港,147,16,131,中國信託,2024-05-09,6160
8011,台通,118,3,115,中國信託,2024-05-09,6160
00715L,期街口布蘭特正2,516,402,114,中國信託,2024-05-09,6160
2489,瑞軒,141,28,113,中國信託,2024-05-09,6160
2330,台積電,169,61,108,中國信託,2024-05-09,6160
2313,華通,254,147,107,中國信託,2024-05-09,6160
2888,新光金,252,146,106,中國信託,2024-05-09,6160
00728,第一金工業30,106,1,105,中國信託,2024-05-09,6160
2520,冠德,196,92,104,中國信託,2024-05-09,6160
3231,緯創,155,52,103,中國信託,2024-05-09,6160
00896,中信綠能及電動車,102,2,100,中國信託,2024-05-09,6160
1301,台塑,112,13,99,中國信託,2024-05-09,6160
2912,統一超,102,4,98,中國信託,2024-05-09,6160
2377,微星,101,3,98,中國信託,2024-05-09,6160
1608,華榮,174,78,96,中國信託,2024-05-09,6160
00927,群益半導體收益,225,131,94,中國信託,2024-05-09,6160
2374,佳能,128,39,89,中國信託,2024-05-09,6160
2332,友訊,89,0,89,中國信託,2024-05-09,6160
00940,元大台灣價值高息,1081,995,86,中國信託,2024-05-09,6160
9933,中鼎,91,7,84,中國信託,2024-05-09,6160
00901,永豐智能車供應鏈,229,147,82,中國信託,2024-05-09,6160
00933B,國泰10Y+金融債,137,55,82,中國信託,2024-05-09,6160
6770,力積電,88,7,81,中國信託,2024-05-09,6160
4147,中裕,80,1,79,中國信託,2024-05-09,6160
00946,群益科技高息成長,8877,58,8819,中國信託,2024-05-10,6160
00900,富邦特選高股息30,4904,158,4746,中國信託,2024-05-10,6160
00940,元大台灣價值高息,4501,301,4200,中國信託,2024-05-10,6160
00881,國泰台灣5G+,1359,92,1267,中國信託,2024-05-10,6160
2609,陽明,2708,1994,714,中國信託,2024-05-10,6160
2886,兆豐金,706,19,687,中國信託,2024-05-10,6160
006208,富邦台50,824,140,684,中國信託,2024-05-10,6160
00888,永豐台灣ESG,701,116,585,中國信託,2024-05-10,6160
4142,國光生,393,0,393,中國信託,2024-05-10,6160
00701,國泰股利精選30,529,174,355,中國信託,2024-05-10,6160
2610,華航,1131,897,234,中國信託,2024-05-10,6160
00679B,元大美債20年,235,32,203,中國信託,2024-05-10,6160
00904,新光臺灣半導體30,186,0,186,中國信託,2024-05-10,6160
2313,華通,249,82,167,中國信託,2024-05-10,6160
2330,台積電,266,100,166,中國信託,2024-05-10,6160
2606,裕民,246,102,144,中國信託,2024-05-10,6160
2412,中華電,143,2,141,中國信託,2024-05-10,6160
2201,裕隆,238,102,136,中國信託,2024-05-10,6160
2382,廣達,191,58,133,中國信託,2024-05-10,6160
3481,群創,159,29,130,中國信託,2024-05-10,6160
00752,中信中國50,280,151,129,中國信託,2024-05-10,6160
00913,兆豐台灣晶圓製造,116,3,113,中國信託,2024-05-10,6160
1736,喬山,112,11,101,中國信託,2024-05-10,6160
1314,中石化,123,22,101,中國信託,2024-05-10,6160
3362,先進光,101,2,99,中國信託,2024-05-10,6160
2637,慧洋-KY,135,41,94,中國信託,2024-05-10,6160
2520,冠德,252,159,93,中國信託,2024-05-10,6160
2359,所羅門,183,100,83,中國信託,2024-05-10,6160
1718,中纖,85,5,80,中國信託,2024-05-10,6160
00878,國泰永續高股息,2686,2609,77,中國信託,2024-05-10,6160
2323,中環,110,34,76,中國信託,2024-05-10,6160
00907,永豐優息存股,491,419,72,中國信託,2024-05-10,6160
2002,中鋼,77,5,72,中國信託,2024-05-10,6160
2421,建準,65,2,63,中國信託,2024-05-10,6160
4903,聯光通,63,1,62,中國信託,2024-05-10,6160
2731,雄獅,138,77,61,中國信託,2024-05-10,6160
2409,友達,61,3,58,中國信託,2024-05-10,6160
1815,富喬,83,28,55,中國信託,2024-05-10,6160
6173,信昌電,64,11,53,中國信託,2024-05-10,6160
00715L,期街口布蘭特正2,224,173,51,中國信託,2024-05-10,6160
3563,牧德,51,1,50,中國信託,2024-05-10,6160
00892,富邦台灣半導體,202,153,49,中國信託,2024-05-10,6160
00910,第一金太空衛星,48,0,48,中國信託,2024-05-10,6160
00665L,富邦�琤肭磪囓�2,243,195,48,中國信託,2024-05-10,6160
1504,東元,58,11,47,中國信託,2024-05-10,6160
6147,頎邦,58,15,43,中國信託,2024-05-10,6160
9958,世紀鋼,45,3,42,中國信託,2024-05-10,6160
2607,榮運,58,18,40,中國信託,2024-05-10,6160
3010,華立,41,1,40,中國信託,2024-05-10,6160
3661,世芯-KY,41,1,40,中國信託,2024-05-10,6160
00900,富邦特選高股息30,2076,40,2036,中國信託,2024-05-13,6160
00940,元大台灣價值高息,2316,325,1991,中國信託,2024-05-13,6160
00888,永豐台灣ESG,1775,324,1451,中國信託,2024-05-13,6160
00752,中信中國50,1432,114,1318,中國信託,2024-05-13,6160
00719B,元大美債1-3,878,1,877,中國信託,2024-05-13,6160
00892,富邦台灣半導體,813,1,812,中國信託,2024-05-13,6160
00881,國泰台灣5G+,1533,743,790,中國信託,2024-05-13,6160
00632R,元大台灣50反1,816,27,789,中國信託,2024-05-13,6160
00904,新光臺灣半導體30,889,129,760,中國信託,2024-05-13,6160
00864B,中信美國公債0-1,789,105,684,中國信託,2024-05-13,6160
2610,華航,1119,514,605,中國信託,2024-05-13,6160
00907,永豐優息存股,563,46,517,中國信託,2024-05-13,6160
00934,中信成長高股息,716,223,493,中國信託,2024-05-13,6160
00701,國泰股利精選30,485,6,479,中國信託,2024-05-13,6160
00901,永豐智能車供應鏈,349,11,338,中國信託,2024-05-13,6160
4961,天鈺,307,6,301,中國信託,2024-05-13,6160
3042,晶技,301,0,301,中國信託,2024-05-13,6160
2603,長榮,707,412,295,中國信託,2024-05-13,6160
2891,中信金,286,42,244,中國信託,2024-05-13,6160
1216,統一,256,30,226,中國信託,2024-05-13,6160
2317,鴻海,376,157,219,中國信託,2024-05-13,6160
2609,陽明,755,537,218,中國信託,2024-05-13,6160
00902,中信電池及儲能,193,2,191,中國信託,2024-05-13,6160
1524,耿鼎,202,35,167,中國信託,2024-05-13,6160
2615,萬海,470,305,165,中國信託,2024-05-13,6160
9945,潤泰新,198,37,161,中國信託,2024-05-13,6160
4967,十銓,202,53,149,中國信託,2024-05-13,6160
2367,燿華,348,208,140,中國信託,2024-05-13,6160
00927,群益半導體收益,836,696,140,中國信託,2024-05-13,6160
00928,中信上櫃ESG30,145,10,135,中國信託,2024-05-13,6160
2412,中華電,128,1,127,中國信託,2024-05-13,6160
2606,裕民,354,234,120,中國信託,2024-05-13,6160
00753L,中信中國50正2,310,196,114,中國信託,2024-05-13,6160
00679B,元大美債20年,134,21,113,中國信託,2024-05-13,6160
2501,國建,134,22,112,中國信託,2024-05-13,6160
2308,台達電,118,7,111,中國信託,2024-05-13,6160
00706L,期元大S＆P日圓正2,105,0,105,中國信託,2024-05-13,6160
1215,卜蜂,102,0,102,中國信託,2024-05-13,6160
2548,華固,108,8,100,中國信託,2024-05-13,6160
6414,樺漢,91,0,91,中國信託,2024-05-13,6160
00692,富邦公司治理,178,87,91,中國信託,2024-05-13,6160
00712,復華富時不動產,126,36,90,中國信託,2024-05-13,6160
1319,東陽,98,15,83,中國信託,2024-05-13,6160
3450,聯鈞,114,32,82,中國信託,2024-05-13,6160
00933B,國泰10Y+金融債,101,20,81,中國信託,2024-05-13,6160
3260,威剛,221,146,75,中國信託,2024-05-13,6160
2101,南港,74,7,67,中國信託,2024-05-13,6160
8112,至上,112,48,64,中國信託,2024-05-13,6160
00923,群益台ESG低碳50,353,291,62,中國信託,2024-05-13,6160
4915,致伸,63,1,62,中國信託,2024-05-13,6160
00940,元大台灣價值高息,19117,8995,10122,中國信託,2024-05-14,6160
00900,富邦特選高股息30,5637,1275,4362,中國信託,2024-05-14,6160
00878,國泰永續高股息,3432,990,2442,中國信託,2024-05-14,6160
00881,國泰台灣5G+,2332,56,2276,中國信託,2024-05-14,6160
00715L,期街口布蘭特正2,1338,6,1332,中國信託,2024-05-14,6160
00919,群益台灣精選高息,1683,438,1245,中國信託,2024-05-14,6160
00904,新光臺灣半導體30,1042,10,1032,中國信託,2024-05-14,6160
00692,富邦公司治理,780,16,764,中國信託,2024-05-14,6160
00927,群益半導體收益,776,224,552,中國信託,2024-05-14,6160
00934,中信成長高股息,497,25,472,中國信託,2024-05-14,6160
2105,正新,466,6,460,中國信託,2024-05-14,6160
0056,元大高股息,545,90,455,中國信託,2024-05-14,6160
00888,永豐台灣ESG,495,50,445,中國信託,2024-05-14,6160
00864B,中信美國公債0-1,446,7,439,中國信託,2024-05-14,6160
2353,宏��,617,242,375,中國信託,2024-05-14,6160
006208,富邦台50,498,140,358,中國信託,2024-05-14,6160
3481,群創,345,44,301,中國信託,2024-05-14,6160
2885,元大金,285,4,281,中國信託,2024-05-14,6160
00773B,中信優先金融債,601,331,270,中國信託,2024-05-14,6160
9945,潤泰新,281,21,260,中國信託,2024-05-14,6160
00928,中信上櫃ESG30,396,154,242,中國信託,2024-05-14,6160
2615,萬海,1203,981,222,中國信託,2024-05-14,6160
1795,美時,306,93,213,中國信託,2024-05-14,6160
00892,富邦台灣半導體,290,82,208,中國信託,2024-05-14,6160
1312,國喬,204,8,196,中國信託,2024-05-14,6160
00922,國泰台灣領袖50,211,19,192,中國信託,2024-05-14,6160
3260,威剛,223,35,188,中國信託,2024-05-14,6160
6125,廣運,251,66,185,中國信託,2024-05-14,6160
00923,群益台ESG低碳50,276,108,168,中國信託,2024-05-14,6160
00751B,元大AAA至A公司債,169,1,168,中國信託,2024-05-14,6160
2886,兆豐金,142,0,142,中國信託,2024-05-14,6160
00935,野村臺灣新科技50,217,78,139,中國信託,2024-05-14,6160
00712,復華富時不動產,154,24,130,中國信託,2024-05-14,6160
00679B,元大美債20年,157,29,128,中國信託,2024-05-14,6160
00907,永豐優息存股,133,8,125,中國信託,2024-05-14,6160
3362,先進光,122,1,121,中國信託,2024-05-14,6160
5009,榮剛,131,15,116,中國信託,2024-05-14,6160
3055,蔚華科,120,22,98,中國信託,2024-05-14,6160
2501,國建,145,54,91,中國信託,2024-05-14,6160
9912,偉聯,85,0,85,中國信託,2024-05-14,6160
6446,藥華藥,108,23,85,中國信託,2024-05-14,6160
00924,復華S＆P500成長,79,0,79,中國信託,2024-05-14,6160
4142,國光生,78,0,78,中國信託,2024-05-14,6160
2009,第一銅,93,16,77,中國信託,2024-05-14,6160
2534,宏盛,78,2,76,中國信託,2024-05-14,6160
00650L,復華香港正2,80,10,70,中國信託,2024-05-14,6160
1314,中石化,98,28,70,中國信託,2024-05-14,6160
2103,台橡,73,4,69,中國信託,2024-05-14,6160
6757,台灣虎航,70,1,69,中國信託,2024-05-14,6160
2002,中鋼,102,33,69,中國信託,2024-05-14,6160
00940,元大台灣價值高息,6769,437,6332,中國信託,2024-05-15,6160
00900,富邦特選高股息30,3028,245,2783,中國信託,2024-05-15,6160
00878,國泰永續高股息,8487,6434,2053,中國信託,2024-05-15,6160
00692,富邦公司治理,2138,274,1864,中國信託,2024-05-15,6160
00881,國泰台灣5G+,2182,410,1772,中國信託,2024-05-15,6160
00934,中信成長高股息,1315,58,1257,中國信託,2024-05-15,6160
2885,元大金,1257,37,1220,中國信託,2024-05-15,6160
2303,聯電,863,38,825,中國信託,2024-05-15,6160
00864B,中信美國公債0-1,678,300,378,中國信託,2024-05-15,6160
00679B,元大美債20年,395,20,375,中國信託,2024-05-15,6160
0050,元大台灣50,897,588,309,中國信託,2024-05-15,6160
00924,復華S＆P500成長,235,8,227,中國信託,2024-05-15,6160
00632R,元大台灣50反1,1132,913,219,中國信託,2024-05-15,6160
4938,和碩,261,49,212,中國信託,2024-05-15,6160
1504,東元,214,11,203,中國信託,2024-05-15,6160
00928,中信上櫃ESG30,284,98,186,中國信託,2024-05-15,6160
6125,廣運,214,39,175,中國信託,2024-05-15,6160
00665L,富邦�琤肭磪囓�2,175,10,165,中國信託,2024-05-15,6160
2312,金寶,232,72,160,中國信託,2024-05-15,6160
00850,元大臺灣ESG永續,161,1,160,中國信託,2024-05-15,6160
2610,華航,268,109,159,中國信託,2024-05-15,6160
8112,至上,201,53,148,中國信託,2024-05-15,6160
2501,國建,206,59,147,中國信託,2024-05-15,6160
00753L,中信中國50正2,190,47,143,中國信託,2024-05-15,6160
2542,興富發,164,23,141,中國信託,2024-05-15,6160
3260,威剛,148,24,124,中國信託,2024-05-15,6160
4967,十銓,133,14,119,中國信託,2024-05-15,6160
2356,英業達,270,152,118,中國信託,2024-05-15,6160
3030,德律,121,4,117,中國信託,2024-05-15,6160
2834,臺企銀,140,23,117,中國信託,2024-05-15,6160
2353,宏��,443,333,110,中國信託,2024-05-15,6160
2363,矽統,405,303,102,中國信託,2024-05-15,6160
00752,中信中國50,156,54,102,中國信託,2024-05-15,6160
00706L,期元大S＆P日圓正2,100,0,100,中國信託,2024-05-15,6160
2330,台積電,342,245,97,中國信託,2024-05-15,6160
8210,勤誠,116,21,95,中國信託,2024-05-15,6160
1608,華榮,197,102,95,中國信託,2024-05-15,6160
6213,聯茂,98,7,91,中國信託,2024-05-15,6160
2412,中華電,97,9,88,中國信託,2024-05-15,6160
00939,統一台灣高息動能,151,70,81,中國信託,2024-05-15,6160
2102,泰豐,80,0,80,中國信託,2024-05-15,6160
4142,國光生,79,0,79,中國信託,2024-05-15,6160
2383,台光電,91,13,78,中國信託,2024-05-15,6160
3017,奇鋐,110,37,73,中國信託,2024-05-15,6160
1312,國喬,123,51,72,中國信託,2024-05-15,6160
2613,中櫃,114,43,71,中國信託,2024-05-15,6160
2368,金像電,81,10,71,中國信託,2024-05-15,6160
2888,新光金,163,96,67,中國信託,2024-05-15,6160
00941,中信上游半導體,72,10,62,中國信託,2024-05-15,6160
00933B,國泰10Y+金融債,101,41,60,中國信託,2024-05-15,6160
2610,華航,13005,701,12304,中國信託,2024-05-16,6160
00940,元大台灣價值高息,11767,4964,6803,中國信託,2024-05-16,6160
00900,富邦特選高股息30,4684,390,4294,中國信託,2024-05-16,6160
00919,群益台灣精選高息,3780,346,3434,中國信託,2024-05-16,6160
00881,國泰台灣5G+,2683,739,1944,中國信託,2024-05-16,6160
00946,群益科技高息成長,2637,1359,1278,中國信託,2024-05-16,6160
00934,中信成長高股息,1022,286,736,中國信託,2024-05-16,6160
0050,元大台灣50,1241,567,674,中國信託,2024-05-16,6160
4960,誠美材,516,12,504,中國信託,2024-05-16,6160
00935,野村臺灣新科技50,511,50,461,中國信託,2024-05-16,6160
00864B,中信美國公債0-1,608,201,407,中國信託,2024-05-16,6160
2609,陽明,1570,1168,402,中國信託,2024-05-16,6160
00690,兆豐藍籌30,428,30,398,中國信託,2024-05-16,6160
00941,中信上游半導體,534,178,356,中國信託,2024-05-16,6160
00904,新光臺灣半導體30,349,1,348,中國信託,2024-05-16,6160
00888,永豐台灣ESG,606,286,320,中國信託,2024-05-16,6160
2332,友訊,290,1,289,中國信託,2024-05-16,6160
3056,富華新,311,65,246,中國信託,2024-05-16,6160
4562,穎漢,228,6,222,中國信託,2024-05-16,6160
2520,冠德,228,26,202,中國信託,2024-05-16,6160
00912,中信臺灣智慧50,240,49,191,中國信託,2024-05-16,6160
3037,欣興,199,11,188,中國信託,2024-05-16,6160
3312,弘憶股,190,24,166,中國信託,2024-05-16,6160
00728,第一金工業30,165,1,164,中國信託,2024-05-16,6160
00719B,元大美債1-3,153,0,153,中國信託,2024-05-16,6160
2313,華通,286,133,153,中國信託,2024-05-16,6160
00680L,元大美債20正2,194,49,145,中國信託,2024-05-16,6160
2317,鴻海,346,221,125,中國信託,2024-05-16,6160
00753L,中信中國50正2,282,161,121,中國信託,2024-05-16,6160
3450,聯鈞,133,15,118,中國信託,2024-05-16,6160
2812,台中銀,130,12,118,中國信託,2024-05-16,6160
00894,中信小資高價30,251,134,117,中國信託,2024-05-16,6160
2349,錸德,155,41,114,中國信託,2024-05-16,6160
00679B,元大美債20年,178,73,105,中國信託,2024-05-16,6160
1319,東陽,111,10,101,中國信託,2024-05-16,6160
2912,統一超,106,5,101,中國信託,2024-05-16,6160
2412,中華電,100,2,98,中國信託,2024-05-16,6160
3362,先進光,107,9,98,中國信託,2024-05-16,6160
2365,昆盈,352,258,94,中國信託,2024-05-16,6160
5608,四維航,118,25,93,中國信託,2024-05-16,6160
6142,友勁,92,1,91,中國信託,2024-05-16,6160
00924,復華S＆P500成長,92,1,91,中國信託,2024-05-16,6160
1447,力鵬,137,49,88,中國信託,2024-05-16,6160
0056,元大高股息,344,258,86,中國信託,2024-05-16,6160
00650L,復華香港正2,129,44,85,中國信託,2024-05-16,6160
2356,英業達,165,81,84,中國信託,2024-05-16,6160
2501,國建,112,30,82,中國信託,2024-05-16,6160
2359,所羅門,390,309,81,中國信託,2024-05-16,6160
8358,金居,161,84,77,中國信託,2024-05-16,6160
2905,三商,80,2,78,中國信託,2024-05-16,6160
00940,元大台灣價值高息,11788,615,11173,中國信託,2024-05-17,6160
2610,華航,9825,1109,8716,中國信託,2024-05-17,6160
00900,富邦特選高股息30,2251,83,2168,中國信託,2024-05-17,6160
00939,統一台灣高息動能,2179,51,2128,中國信託,2024-05-17,6160
0056,元大高股息,1576,247,1329,中國信託,2024-05-17,6160
00881,國泰台灣5G+,1154,29,1125,中國信託,2024-05-17,6160
2882,國泰金,1058,54,1004,中國信託,2024-05-17,6160
00632R,元大台灣50反1,1023,20,1003,中國信託,2024-05-17,6160
00946,群益科技高息成長,1025,391,634,中國信託,2024-05-17,6160
00715L,期街口布蘭特正2,632,21,611,中國信託,2024-05-17,6160
2867,三商壽,764,170,594,中國信託,2024-05-17,6160
00701,國泰股利精選30,541,11,530,中國信託,2024-05-17,6160
2609,陽明,679,212,467,中國信託,2024-05-17,6160
4960,誠美材,494,37,457,中國信託,2024-05-17,6160
1513,中興電,337,18,319,中國信託,2024-05-17,6160
1303,南亞,349,39,310,中國信託,2024-05-17,6160
2603,長榮,389,132,257,中國信託,2024-05-17,6160
2618,長榮航,578,324,254,中國信託,2024-05-17,6160
00934,中信成長高股息,259,10,249,中國信託,2024-05-17,6160
6239,力成,232,15,217,中國信託,2024-05-17,6160
00690,兆豐藍籌30,209,2,207,中國信託,2024-05-17,6160
2374,佳能,526,346,180,中國信託,2024-05-17,6160
2504,國產,238,65,173,中國信託,2024-05-17,6160
00892,富邦台灣半導體,523,357,166,中國信託,2024-05-17,6160
3059,華晶科,191,34,157,中國信託,2024-05-17,6160
00904,新光臺灣半導體30,153,0,153,中國信託,2024-05-17,6160
00751B,元大AAA至A公司債,157,5,152,中國信託,2024-05-17,6160
00888,永豐台灣ESG,263,111,152,中國信託,2024-05-17,6160
2376,技嘉,215,63,152,中國信託,2024-05-17,6160
2367,燿華,639,498,141,中國信託,2024-05-17,6160
2890,永豐金,153,13,140,中國信託,2024-05-17,6160
3481,群創,212,76,136,中國信託,2024-05-17,6160
1795,美時,154,22,132,中國信託,2024-05-17,6160
2323,中環,144,17,127,中國信託,2024-05-17,6160
2605,新興,183,60,123,中國信託,2024-05-17,6160
00679B,元大美債20年,139,17,122,中國信託,2024-05-17,6160
3231,緯創,140,32,108,中國信託,2024-05-17,6160
2537,聯上發,126,23,103,中國信託,2024-05-17,6160
2527,宏璟,106,9,97,中國信託,2024-05-17,6160
00650L,復華香港正2,100,8,92,中國信託,2024-05-17,6160
2412,中華電,92,11,81,中國信託,2024-05-17,6160
4142,國光生,77,0,77,中國信託,2024-05-17,6160
2383,台光電,113,38,75,中國信託,2024-05-17,6160
00915,凱基優選高股息30,77,3,74,中國信託,2024-05-17,6160
2915,潤泰全,88,14,74,中國信託,2024-05-17,6160
2324,仁寶,167,96,71,中國信託,2024-05-17,6160
2812,台中銀,75,4,71,中國信託,2024-05-17,6160
2731,雄獅,86,17,69,中國信託,2024-05-17,6160
1605,華新,86,19,67,中國信託,2024-05-17,6160
2349,錸德,98,31,67,中國信託,2024-05-17,6160
00940,元大台灣價值高息,8370,2293,6077,中國信託,2024-05-20,6160
00943,兆豐電子高息等權,3621,36,3585,中國信託,2024-05-20,6160
00939,統一台灣高息動能,2388,179,2209,中國信託,2024-05-20,6160
00919,群益台灣精選高息,2278,1136,1142,中國信託,2024-05-20,6160
00752,中信中國50,1413,335,1078,中國信託,2024-05-20,6160
3036,文曄,603,7,596,中國信託,2024-05-20,6160
2609,陽明,660,124,536,中國信託,2024-05-20,6160
4960,誠美材,494,7,487,中國信託,2024-05-20,6160
00665L,富邦�琤肭磪囓�2,476,15,461,中國信託,2024-05-20,6160
3037,欣興,359,13,346,中國信託,2024-05-20,6160
00921,兆豐龍頭等權重,509,196,313,中國信託,2024-05-20,6160
00892,富邦台灣半導體,483,186,297,中國信託,2024-05-20,6160
2367,燿華,779,503,276,中國信託,2024-05-20,6160
00753L,中信中國50正2,621,377,244,中國信託,2024-05-20,6160
2317,鴻海,267,65,202,中國信託,2024-05-20,6160
00637L,元大滬深300正2,200,0,200,中國信託,2024-05-20,6160
5347,世界,221,33,188,中國信託,2024-05-20,6160
00690,兆豐藍籌30,228,43,185,中國信託,2024-05-20,6160
2337,旺宏,185,15,170,中國信託,2024-05-20,6160
3703,欣陸,181,16,165,中國信託,2024-05-20,6160
2867,三商壽,493,337,156,中國信託,2024-05-20,6160
00701,國泰股利精選30,387,235,152,中國信託,2024-05-20,6160
00864B,中信美國公債0-1,265,113,152,中國信託,2024-05-20,6160
8028,昇陽半導體,219,69,150,中國信託,2024-05-20,6160
00795B,中信美國公債20年,972,826,146,中國信託,2024-05-20,6160
3209,全科,141,0,141,中國信託,2024-05-20,6160
2883,凱基金,255,114,141,中國信託,2024-05-20,6160
2731,雄獅,295,156,139,中國信託,2024-05-20,6160
00901,永豐智能車供應鏈,189,63,126,中國信託,2024-05-20,6160
00917,中信特選金融,124,1,123,中國信託,2024-05-20,6160
2371,大同,155,38,117,中國信託,2024-05-20,6160
2520,冠德,215,106,109,中國信託,2024-05-20,6160
2545,皇翔,108,3,105,中國信託,2024-05-20,6160
2905,三商,110,6,104,中國信託,2024-05-20,6160
00719B,元大美債1-3,103,0,103,中國信託,2024-05-20,6160
2506,太設,115,15,100,中國信託,2024-05-20,6160
00679B,元大美債20年,168,72,96,中國信託,2024-05-20,6160
4909,新復興,110,15,95,中國信託,2024-05-20,6160
2025,千興,122,27,95,中國信託,2024-05-20,6160
00687B,國泰20年美債,95,1,94,中國信託,2024-05-20,6160
2834,臺企銀,118,27,91,中國信託,2024-05-20,6160
2344,華邦電,99,11,88,中國信託,2024-05-20,6160
1614,三洋電,80,0,80,中國信託,2024-05-20,6160
2451,創見,80,0,80,中國信託,2024-05-20,6160
5324,士開,104,26,78,中國信託,2024-05-20,6160
2514,龍邦,90,18,72,中國信託,2024-05-20,6160
00907,永豐優息存股,81,9,72,中國信託,2024-05-20,6160
3231,緯創,112,40,72,中國信託,2024-05-20,6160
1608,華榮,237,166,71,中國信託,2024-05-20,6160
2027,大成鋼,194,124,70,中國信託,2024-05-20,6160
2303,聯電,3807,605,3202,中國信託,2024-05-21,6160
00940,元大台灣價值高息,3447,812,2635,中國信託,2024-05-21,6160
2409,友達,1552,16,1536,中國信託,2024-05-21,6160
00939,統一台灣高息動能,2005,526,1479,中國信託,2024-05-21,6160
00919,群益台灣精選高息,1194,60,1134,中國信託,2024-05-21,6160
2618,長榮航,1081,315,766,中國信託,2024-05-21,6160
00632R,元大台灣50反1,898,225,673,中國信託,2024-05-21,6160
4960,誠美材,496,16,480,中國信託,2024-05-21,6160
2883,凱基金,449,60,389,中國信託,2024-05-21,6160
2885,元大金,434,91,343,中國信託,2024-05-21,6160
00701,國泰股利精選30,496,200,296,中國信託,2024-05-21,6160
2637,慧洋-KY,287,0,287,中國信託,2024-05-21,6160
0050,元大台灣50,430,154,276,中國信託,2024-05-21,6160
00927,群益半導體收益,415,183,232,中國信託,2024-05-21,6160
00928,中信上櫃ESG30,354,144,210,中國信託,2024-05-21,6160
2886,兆豐金,217,18,199,中國信託,2024-05-21,6160
00904,新光臺灣半導體30,188,1,187,中國信託,2024-05-21,6160
2353,宏��,453,276,177,中國信託,2024-05-21,6160
5347,世界,189,23,166,中國信託,2024-05-21,6160
00892,富邦台灣半導體,256,93,163,中國信託,2024-05-21,6160
006208,富邦台50,420,263,157,中國信託,2024-05-21,6160
00894,中信小資高價30,136,0,136,中國信託,2024-05-21,6160
00795B,中信美國公債20年,965,844,121,中國信託,2024-05-21,6160
00679B,元大美債20年,137,17,120,中國信託,2024-05-21,6160
1608,華榮,231,134,97,中國信託,2024-05-21,6160
8358,金居,245,151,94,中國信託,2024-05-21,6160
6609,瀧澤科,103,12,91,中國信託,2024-05-21,6160
00921,兆豐龍頭等權重,133,47,86,中國信託,2024-05-21,6160
2312,金寶,136,56,80,中國信託,2024-05-21,6160
3231,緯創,133,54,79,中國信託,2024-05-21,6160
2317,鴻海,130,51,79,中國信託,2024-05-21,6160
00888,永豐台灣ESG,634,557,77,中國信託,2024-05-21,6160
8096,擎亞,150,77,73,中國信託,2024-05-21,6160
00932,兆豐永續高息等權,132,61,71,中國信託,2024-05-21,6160
4533,協易機,268,201,67,中國信託,2024-05-21,6160
2412,中華電,87,21,66,中國信託,2024-05-21,6160
00900,富邦特選高股息30,2709,2643,66,中國信託,2024-05-21,6160
1536,和大,68,6,62,中國信託,2024-05-21,6160
00680L,元大美債20正2,63,2,61,中國信託,2024-05-21,6160
2889,國票金,64,3,61,中國信託,2024-05-21,6160
2332,友訊,60,0,60,中國信託,2024-05-21,6160
3030,德律,82,22,60,中國信託,2024-05-21,6160
3481,群創,65,6,59,中國信託,2024-05-21,6160
00901,永豐智能車供應鏈,86,28,58,中國信託,2024-05-21,6160
2377,微星,57,0,57,中國信託,2024-05-21,6160
00913,兆豐台灣晶圓製造,55,0,55,中國信託,2024-05-21,6160
5324,士開,58,4,54,中國信託,2024-05-21,6160
00690,兆豐藍籌30,53,0,53,中國信託,2024-05-21,6160
3483,力致,105,55,50,中國信託,2024-05-21,6160
2385,群光,67,19,48,中國信託,2024-05-21,6160
00940,元大台灣價值高息,10401,354,10047,中國信託,2024-05-22,6160
00939,統一台灣高息動能,2409,124,2285,中國信託,2024-05-22,6160
00900,富邦特選高股息30,1720,65,1655,中國信託,2024-05-22,6160
3481,群創,1839,708,1131,中國信託,2024-05-22,6160
2884,玉山金,1082,44,1038,中國信託,2024-05-22,6160
00892,富邦台灣半導體,1263,267,996,中國信託,2024-05-22,6160
00935,野村臺灣新科技50,758,25,733,中國信託,2024-05-22,6160
4960,誠美材,498,5,493,中國信託,2024-05-22,6160
1815,富喬,781,356,425,中國信託,2024-05-22,6160
00946,群益科技高息成長,446,33,413,中國信託,2024-05-22,6160
00927,群益半導體收益,696,333,363,中國信託,2024-05-22,6160
00864B,中信美國公債0-1,556,201,355,中國信託,2024-05-22,6160
3711,日月光投控,363,13,350,中國信託,2024-05-22,6160
00923,群益台ESG低碳50,741,424,317,中國信託,2024-05-22,6160
00679B,元大美債20年,311,2,309,中國信託,2024-05-22,6160
00937B,群益ESG投等債20,620,349,271,中國信託,2024-05-22,6160
00728,第一金工業30,291,21,270,中國信託,2024-05-22,6160
00904,新光臺灣半導體30,412,166,246,中國信託,2024-05-22,6160
00888,永豐台灣ESG,774,534,240,中國信託,2024-05-22,6160
3665,貿聯-KY,229,4,225,中國信託,2024-05-22,6160
6269,台郡,206,17,189,中國信託,2024-05-22,6160
6274,台燿,195,14,181,中國信託,2024-05-22,6160
2609,陽明,225,49,176,中國信託,2024-05-22,6160
2618,長榮航,318,144,174,中國信託,2024-05-22,6160
2002,中鋼,184,14,170,中國信託,2024-05-22,6160
6609,瀧澤科,167,6,161,中國信託,2024-05-22,6160
00719B,元大美債1-3,156,0,156,中國信託,2024-05-22,6160
2610,華航,232,78,154,中國信託,2024-05-22,6160
2603,長榮,360,210,150,中國信託,2024-05-22,6160
3284,太普高,150,1,149,中國信託,2024-05-22,6160
00917,中信特選金融,128,1,127,中國信託,2024-05-22,6160
2352,佳世達,148,33,115,中國信託,2024-05-22,6160
00830,國泰費城半導體,112,2,110,中國信託,2024-05-22,6160
2834,臺企銀,110,3,107,中國信託,2024-05-22,6160
00753L,中信中國50正2,207,101,106,中國信託,2024-05-22,6160
00944,野村趨勢動能高息,111,6,105,中國信託,2024-05-22,6160
00665L,富邦�琤肭磪囓�2,211,106,105,中國信託,2024-05-22,6160
5347,世界,131,30,101,中國信託,2024-05-22,6160
6142,友勁,99,0,99,中國信託,2024-05-22,6160
6125,廣運,295,199,96,中國信託,2024-05-22,6160
00891,中信關鍵半導體,110,15,95,中國信託,2024-05-22,6160
00912,中信臺灣智慧50,90,0,90,中國信託,2024-05-22,6160
3013,晟銘電,381,294,87,中國信託,2024-05-22,6160
4533,協易機,249,169,80,中國信託,2024-05-22,6160
2891,中信金,332,253,79,中國信託,2024-05-22,6160
5443,均豪,95,16,79,中國信託,2024-05-22,6160
00934,中信成長高股息,171,92,79,中國信託,2024-05-22,6160
3059,華晶科,108,32,76,中國信託,2024-05-22,6160
2912,統一超,81,5,76,中國信託,2024-05-22,6160
2357,華碩,114,38,76,中國信託,2024-05-22,6160
00940,元大台灣價值高息,6826,699,6127,中國信託,2024-05-23,6160
00919,群益台灣精選高息,5916,208,5708,中國信託,2024-05-23,6160
00939,統一台灣高息動能,5320,45,5275,中國信託,2024-05-23,6160
00900,富邦特選高股息30,2651,16,2635,中國信託,2024-05-23,6160
2353,宏��,3434,914,2520,中國信託,2024-05-23,6160
00929,復華台灣科技優息,1803,785,1018,中國信託,2024-05-23,6160
00888,永豐台灣ESG,1786,773,1013,中國信託,2024-05-23,6160
00927,群益半導體收益,953,267,686,中國信託,2024-05-23,6160
2618,長榮航,864,281,583,中國信託,2024-05-23,6160
00752,中信中國50,629,152,477,中國信託,2024-05-23,6160
00892,富邦台灣半導體,749,317,432,中國信託,2024-05-23,6160
8069,元太,501,79,422,中國信託,2024-05-23,6160
0050,元大台灣50,591,228,363,中國信託,2024-05-23,6160
00943,兆豐電子高息等權,334,1,333,中國信託,2024-05-23,6160
00650L,復華香港正2,508,182,326,中國信託,2024-05-23,6160
2324,仁寶,479,172,307,中國信託,2024-05-23,6160
00864B,中信美國公債0-1,355,78,277,中國信託,2024-05-23,6160
00679B,元大美債20年,283,14,269,中國信託,2024-05-23,6160
2883,凱基金,248,10,238,中國信託,2024-05-23,6160
6274,台燿,284,46,238,中國信託,2024-05-23,6160
00904,新光臺灣半導體30,497,287,210,中國信託,2024-05-23,6160
00891,中信關鍵半導體,253,46,207,中國信託,2024-05-23,6160
2357,華碩,207,19,188,中國信託,2024-05-23,6160
00907,永豐優息存股,168,1,167,中國信託,2024-05-23,6160
2515,中工,226,64,162,中國信託,2024-05-23,6160
00690,兆豐藍籌30,183,23,160,中國信託,2024-05-23,6160
00921,兆豐龍頭等權重,214,55,159,中國信託,2024-05-23,6160
3450,聯鈞,173,20,153,中國信託,2024-05-23,6160
3231,緯創,271,121,150,中國信託,2024-05-23,6160
00720B,元大投資級公司債,159,11,148,中國信託,2024-05-23,6160
00933B,國泰10Y+金融債,253,115,138,中國信託,2024-05-23,6160
2359,所羅門,543,409,134,中國信託,2024-05-23,6160
00896,中信綠能及電動車,131,1,130,中國信託,2024-05-23,6160
00701,國泰股利精選30,128,3,125,中國信託,2024-05-23,6160
2356,英業達,161,50,111,中國信託,2024-05-23,6160
00881,國泰台灣5G+,1624,1517,107,中國信託,2024-05-23,6160
00706L,期元大S＆P日圓正2,105,5,100,中國信託,2024-05-23,6160
3362,先進光,102,5,97,中國信託,2024-05-23,6160
2603,長榮,127,39,88,中國信託,2024-05-23,6160
00918,大華優利高填息30,108,20,88,中國信託,2024-05-23,6160
6806,森崴能源,88,4,84,中國信託,2024-05-23,6160
2102,泰豐,81,1,80,中國信託,2024-05-23,6160
6125,廣運,376,300,76,中國信託,2024-05-23,6160
1504,東元,88,15,73,中國信託,2024-05-23,6160
00935,野村臺灣新科技50,340,269,71,中國信託,2024-05-23,6160
2412,中華電,84,14,70,中國信託,2024-05-23,6160
4960,誠美材,69,0,69,中國信託,2024-05-23,6160
5493,三聯,67,1,66,中國信託,2024-05-23,6160
2890,永豐金,63,0,63,中國信託,2024-05-23,6160
00894,中信小資高價30,165,103,62,中國信託,2024-05-23,6160
00940,元大台灣價值高息,12201,5062,7139,中國信託,2024-05-24,6160
00939,統一台灣高息動能,2336,374,1962,中國信託,2024-05-24,6160
00878,國泰永續高股息,2106,732,1374,中國信託,2024-05-24,6160
1815,富喬,1311,307,1004,中國信託,2024-05-24,6160
2609,陽明,831,53,778,中國信託,2024-05-24,6160
00881,國泰台灣5G+,781,30,751,中國信託,2024-05-24,6160
00900,富邦特選高股息30,3395,2729,666,中國信託,2024-05-24,6160
00919,群益台灣精選高息,1311,757,554,中國信託,2024-05-24,6160
2883,凱基金,548,30,518,中國信託,2024-05-24,6160
00888,永豐台灣ESG,570,107,463,中國信託,2024-05-24,6160
00923,群益台ESG低碳50,744,287,457,中國信託,2024-05-24,6160
00904,新光臺灣半導體30,405,1,404,中國信託,2024-05-24,6160
00632R,元大台灣50反1,306,8,298,中國信託,2024-05-24,6160
2303,聯電,513,238,275,中國信託,2024-05-24,6160
00712,復華富時不動產,255,2,253,中國信託,2024-05-24,6160
00943,兆豐電子高息等權,261,25,236,中國信託,2024-05-24,6160
00679B,元大美債20年,222,10,212,中國信託,2024-05-24,6160
3056,富華新,210,1,209,中國信託,2024-05-24,6160
00891,中信關鍵半導體,235,48,187,中國信託,2024-05-24,6160
2371,大同,311,138,173,中國信託,2024-05-24,6160
2615,萬海,214,51,163,中國信託,2024-05-24,6160
00690,兆豐藍籌30,177,17,160,中國信託,2024-05-24,6160
00671R,富邦NASDAQ反1,125,0,125,中國信託,2024-05-24,6160
9945,潤泰新,287,162,125,中國信託,2024-05-24,6160
2412,中華電,126,4,122,中國信託,2024-05-24,6160
2344,華邦電,175,55,120,中國信託,2024-05-24,6160
3545,敦泰,301,188,113,中國信託,2024-05-24,6160
00751B,元大AAA至A公司債,109,0,109,中國信託,2024-05-24,6160
2501,國建,120,11,109,中國信託,2024-05-24,6160
2610,華航,162,65,97,中國信託,2024-05-24,6160
2365,昆盈,767,670,97,中國信託,2024-05-24,6160
6679,鈺太,99,4,95,中國信託,2024-05-24,6160
5347,世界,121,29,92,中國信託,2024-05-24,6160
2392,正崴,190,103,87,中國信託,2024-05-24,6160
2506,太設,87,1,86,中國信託,2024-05-24,6160
2486,一詮,353,268,85,中國信託,2024-05-24,6160
00922,國泰台灣領袖50,129,46,83,中國信託,2024-05-24,6160
3055,蔚華科,138,56,82,中國信託,2024-05-24,6160
00665L,富邦�琤肭磪囓�2,167,90,77,中國信託,2024-05-24,6160
2603,長榮,271,195,76,中國信託,2024-05-24,6160
00946,群益科技高息成長,796,727,69,中國信託,2024-05-24,6160
1608,華榮,78,11,67,中國信託,2024-05-24,6160
00917,中信特選金融,67,0,67,中國信託,2024-05-24,6160
2884,玉山金,68,4,64,中國信託,2024-05-24,6160
2101,南港,66,4,62,中國信託,2024-05-24,6160
2301,光寶科,164,104,60,中國信託,2024-05-24,6160
3535,晶彩科,83,23,60,中國信託,2024-05-24,6160
00896,中信綠能及電動車,59,1,58,中國信託,2024-05-24,6160
6292,迅德,61,4,57,中國信託,2024-05-24,6160
2886,兆豐金,65,9,56,中國信託,2024-05-24,6160
00939,統一台灣高息動能,7980,127,7853,中國信託,2024-05-27,6160
00940,元大台灣價值高息,5286,694,4592,中國信託,2024-05-27,6160
00919,群益台灣精選高息,2922,249,2673,中國信託,2024-05-27,6160
00900,富邦特選高股息30,2500,11,2489,中國信託,2024-05-27,6160
00878,國泰永續高股息,3817,1398,2419,中國信託,2024-05-27,6160
00665L,富邦�琤肭磪囓�2,1056,84,972,中國信託,2024-05-27,6160
2609,陽明,1529,667,862,中國信託,2024-05-27,6160
2313,華通,627,25,602,中國信託,2024-05-27,6160
00892,富邦台灣半導體,1092,499,593,中國信託,2024-05-27,6160
9105,泰金寶-DR,773,283,490,中國信託,2024-05-27,6160
2412,中華電,424,3,421,中國信託,2024-05-27,6160
2886,兆豐金,327,3,324,中國信託,2024-05-27,6160
3481,群創,407,86,321,中國信託,2024-05-27,6160
00933B,國泰10Y+金融債,322,41,281,中國信託,2024-05-27,6160
00650L,復華香港正2,255,11,244,中國信託,2024-05-27,6160
6142,友勁,229,0,229,中國信託,2024-05-27,6160
00929,復華台灣科技優息,1683,1457,226,中國信託,2024-05-27,6160
2352,佳世達,228,19,209,中國信託,2024-05-27,6160
9945,潤泰新,218,11,207,中國信託,2024-05-27,6160
2371,大同,233,31,202,中國信託,2024-05-27,6160
5904,寶雅,200,1,199,中國信託,2024-05-27,6160
6125,廣運,468,270,198,中國信託,2024-05-27,6160
00753L,中信中國50正2,214,17,197,中國信託,2024-05-27,6160
2301,光寶科,937,757,180,中國信託,2024-05-27,6160
00937B,群益ESG投等債20,541,365,176,中國信託,2024-05-27,6160
2489,瑞軒,332,159,173,中國信託,2024-05-27,6160
2303,聯電,567,401,166,中國信託,2024-05-27,6160
2002,中鋼,185,21,164,中國信託,2024-05-27,6160
00712,復華富時不動產,150,15,135,中國信託,2024-05-27,6160
2363,矽統,538,406,132,中國信託,2024-05-27,6160
5483,中美晶,154,29,125,中國信託,2024-05-27,6160
6166,凌華,161,39,122,中國信託,2024-05-27,6160
00830,國泰費城半導體,121,0,121,中國信託,2024-05-27,6160
2481,強茂,123,5,118,中國信託,2024-05-27,6160
5498,凱崴,219,103,116,中國信託,2024-05-27,6160
2330,台積電,160,52,108,中國信託,2024-05-27,6160
6269,台郡,114,7,107,中國信託,2024-05-27,6160
00864B,中信美國公債0-1,309,205,104,中國信託,2024-05-27,6160
2530,華建,101,0,101,中國信託,2024-05-27,6160
00924,復華S＆P500成長,166,65,101,中國信託,2024-05-27,6160
3047,訊舟,238,137,101,中國信託,2024-05-27,6160
2368,金像電,122,25,97,中國信託,2024-05-27,6160
2025,千興,127,32,95,中國信託,2024-05-27,6160
2889,國票金,94,2,92,中國信託,2024-05-27,6160
3260,威剛,132,41,91,中國信託,2024-05-27,6160
8069,元太,101,11,90,中國信託,2024-05-27,6160
2104,國際中橡,89,0,89,中國信託,2024-05-27,6160
4938,和碩,101,13,88,中國信託,2024-05-27,6160
6177,達麗,84,4,80,中國信託,2024-05-27,6160
4958,臻鼎-KY,79,3,76,中國信託,2024-05-27,6160
00939,統一台灣高息動能,6503,83,6420,中國信託,2024-05-28,6160
2618,長榮航,2327,178,2149,中國信託,2024-05-28,6160
00715L,期街口布蘭特正2,1621,4,1617,中國信託,2024-05-28,6160
00900,富邦特選高股息30,1532,14,1518,中國信託,2024-05-28,6160
00881,國泰台灣5G+,1319,194,1125,中國信託,2024-05-28,6160
2891,中信金,961,48,913,中國信託,2024-05-28,6160
1101,台泥,889,25,864,中國信託,2024-05-28,6160
00927,群益半導體收益,1410,626,784,中國信託,2024-05-28,6160
00937B,群益ESG投等債20,588,51,537,中國信託,2024-05-28,6160
2610,華航,727,326,401,中國信託,2024-05-28,6160
2412,中華電,383,3,380,中國信託,2024-05-28,6160
00690,兆豐藍籌30,387,13,374,中國信託,2024-05-28,6160
00891,中信關鍵半導體,529,155,374,中國信託,2024-05-28,6160
1504,東元,371,10,361,中國信託,2024-05-28,6160
00907,永豐優息存股,365,4,361,中國信託,2024-05-28,6160
00894,中信小資高價30,411,78,333,中國信託,2024-05-28,6160
00888,永豐台灣ESG,448,121,327,中國信託,2024-05-28,6160
00632R,元大台灣50反1,270,9,261,中國信託,2024-05-28,6160
2888,新光金,376,117,259,中國信託,2024-05-28,6160
00650L,復華香港正2,234,27,207,中國信託,2024-05-28,6160
00679B,元大美債20年,301,95,206,中國信託,2024-05-28,6160
1582,信錦,218,14,204,中國信託,2024-05-28,6160
2102,泰豐,196,0,196,中國信託,2024-05-28,6160
00928,中信上櫃ESG30,302,112,190,中國信託,2024-05-28,6160
00896,中信綠能及電動車,179,5,174,中國信託,2024-05-28,6160
00922,國泰台灣領袖50,175,3,172,中國信託,2024-05-28,6160
2354,鴻準,616,459,157,中國信託,2024-05-28,6160
2323,中環,200,53,147,中國信託,2024-05-28,6160
2606,裕民,145,10,135,中國信託,2024-05-28,6160
00753L,中信中國50正2,248,114,134,中國信託,2024-05-28,6160
00701,國泰股利精選30,143,11,132,中國信託,2024-05-28,6160
00910,第一金太空衛星,131,0,131,中國信託,2024-05-28,6160
5347,世界,145,18,127,中國信託,2024-05-28,6160
2312,金寶,133,8,125,中國信託,2024-05-28,6160
00752,中信中國50,236,117,119,中國信託,2024-05-28,6160
2449,京元電子,114,4,110,中國信託,2024-05-28,6160
00901,永豐智能車供應鏈,130,25,105,中國信託,2024-05-28,6160
5371,中光電,179,76,103,中國信託,2024-05-28,6160
1477,聚陽,100,0,100,中國信託,2024-05-28,6160
8150,南茂,100,1,99,中國信託,2024-05-28,6160
3264,欣銓,101,3,98,中國信託,2024-05-28,6160
00712,復華富時不動產,128,33,95,中國信託,2024-05-28,6160
00795B,中信美國公債20年,981,887,94,中國信託,2024-05-28,6160
00692,富邦公司治理,184,94,90,中國信託,2024-05-28,6160
8299,群聯,98,11,87,中國信託,2024-05-28,6160
00665L,富邦�琤肭磪囓�2,127,40,87,中國信託,2024-05-28,6160
00728,第一金工業30,86,0,86,中國信託,2024-05-28,6160
00773B,中信優先金融債,858,774,84,中國信託,2024-05-28,6160
2104,國際中橡,88,4,84,中國信託,2024-05-28,6160
2464,盟立,234,152,82,中國信託,2024-05-28,6160
00939,統一台灣高息動能,6212,2113,4099,中國信託,2024-05-29,6160
2105,正新,3188,80,3108,中國信託,2024-05-29,6160
00919,群益台灣精選高息,4806,2418,2388,中國信託,2024-05-29,6160
2303,聯電,2374,155,2219,中國信託,2024-05-29,6160
2412,中華電,2073,4,2069,中國信託,2024-05-29,6160
00715L,期街口布蘭特正2,1482,23,1459,中國信託,2024-05-29,6160
00941,中信上游半導體,1137,178,959,中國信託,2024-05-29,6160
3260,威剛,917,60,857,中國信託,2024-05-29,6160
2301,光寶科,917,147,770,中國信託,2024-05-29,6160
1216,統一,525,0,525,中國信託,2024-05-29,6160
1101,台泥,475,6,469,中國信託,2024-05-29,6160
00690,兆豐藍籌30,379,0,379,中國信託,2024-05-29,6160
00900,富邦特選高股息30,753,425,328,中國信託,2024-05-29,6160
00888,永豐台灣ESG,464,138,326,中國信託,2024-05-29,6160
2605,新興,638,331,307,中國信託,2024-05-29,6160
2102,泰豐,299,0,299,中國信託,2024-05-29,6160
2377,微星,293,13,280,中國信託,2024-05-29,6160
5347,世界,300,31,269,中國信託,2024-05-29,6160
00892,富邦台灣半導體,575,309,266,中國信託,2024-05-29,6160
2332,友訊,252,1,251,中國信託,2024-05-29,6160
00904,新光臺灣半導體30,330,80,250,中國信託,2024-05-29,6160
2489,瑞軒,554,317,237,中國信託,2024-05-29,6160
0050,元大台灣50,494,263,231,中國信託,2024-05-29,6160
00917,中信特選金融,257,59,198,中國信託,2024-05-29,6160
00664R,國泰臺灣加權反1,198,2,196,中國信託,2024-05-29,6160
1714,和桐,170,0,170,中國信託,2024-05-29,6160
00687B,國泰20年美債,203,33,170,中國信託,2024-05-29,6160
2317,鴻海,480,316,164,中國信託,2024-05-29,6160
00928,中信上櫃ESG30,225,65,160,中國信託,2024-05-29,6160
00927,群益半導體收益,351,201,150,中國信託,2024-05-29,6160
00751B,元大AAA至A公司債,154,6,148,中國信託,2024-05-29,6160
00910,第一金太空衛星,147,0,147,中國信託,2024-05-29,6160
00712,復華富時不動產,156,18,138,中國信託,2024-05-29,6160
00912,中信臺灣智慧50,179,47,132,中國信託,2024-05-29,6160
2883,凱基金,133,9,124,中國信託,2024-05-29,6160
5608,四維航,172,52,120,中國信託,2024-05-29,6160
2002,中鋼,123,4,119,中國信託,2024-05-29,6160
00720B,元大投資級公司債,127,10,117,中國信託,2024-05-29,6160
00923,群益台ESG低碳50,253,152,101,中國信託,2024-05-29,6160
2880,華南金,102,1,101,中國信託,2024-05-29,6160
00752,中信中國50,326,228,98,中國信託,2024-05-29,6160
00857B,永豐20年美公債,97,2,95,中國信託,2024-05-29,6160
2354,鴻準,503,409,94,中國信託,2024-05-29,6160
00772B,中信高評級公司債,101,7,94,中國信託,2024-05-29,6160
1504,東元,98,8,90,中國信託,2024-05-29,6160
3088,艾訊,119,30,89,中國信託,2024-05-29,6160
2406,國碩,106,19,87,中國信託,2024-05-29,6160
2104,國際中橡,89,2,87,中國信託,2024-05-29,6160
4306,炎洲,94,12,82,中國信託,2024-05-29,6160
2401,凌陽,280,199,81,中國信託,2024-05-29,6160
00632R,元大台灣50反1,3909,338,3571,中國信託,2024-05-30,6160
2637,慧洋-KY,1212,15,1197,中國信託,2024-05-30,6160
00900,富邦特選高股息30,1346,153,1193,中國信託,2024-05-30,6160
00927,群益半導體收益,1310,244,1066,中國信託,2024-05-30,6160
2891,中信金,1011,244,767,中國信託,2024-05-30,6160
00715L,期街口布蘭特正2,922,287,635,中國信託,2024-05-30,6160
00679B,元大美債20年,659,36,623,中國信託,2024-05-30,6160
00892,富邦台灣半導體,612,121,491,中國信託,2024-05-30,6160
00881,國泰台灣5G+,1642,1209,433,中國信託,2024-05-30,6160
2324,仁寶,425,21,404,中國信託,2024-05-30,6160
00904,新光臺灣半導體30,357,0,357,中國信託,2024-05-30,6160
00946,群益科技高息成長,590,247,343,中國信託,2024-05-30,6160
00934,中信成長高股息,641,299,342,中國信託,2024-05-30,6160
00891,中信關鍵半導體,773,437,336,中國信託,2024-05-30,6160
1815,富喬,1094,759,335,中國信託,2024-05-30,6160
00917,中信特選金融,360,98,262,中國信託,2024-05-30,6160
2348,海悅,288,38,250,中國信託,2024-05-30,6160
2489,瑞軒,360,113,247,中國信託,2024-05-30,6160
00850,元大臺灣ESG永續,242,0,242,中國信託,2024-05-30,6160
2347,聯強,259,20,239,中國信託,2024-05-30,6160
00939,統一台灣高息動能,593,366,227,中國信託,2024-05-30,6160
00692,富邦公司治理,346,133,213,中國信託,2024-05-30,6160
00680L,元大美債20正2,168,0,168,中國信託,2024-05-30,6160
6274,台燿,190,24,166,中國信託,2024-05-30,6160
4766,南寶,160,0,160,中國信託,2024-05-30,6160
00720B,元大投資級公司債,157,1,156,中國信託,2024-05-30,6160
00701,國泰股利精選30,146,0,146,中國信託,2024-05-30,6160
00712,復華富時不動產,141,5,136,中國信託,2024-05-30,6160
00688L,國泰20年美債正2,136,0,136,中國信託,2024-05-30,6160
2880,華南金,131,1,130,中國信託,2024-05-30,6160
00687B,國泰20年美債,169,40,129,中國信託,2024-05-30,6160
2351,順德,131,2,129,中國信託,2024-05-30,6160
2515,中工,200,77,123,中國信託,2024-05-30,6160
1477,聚陽,122,3,119,中國信託,2024-05-30,6160
00894,中信小資高價30,147,29,118,中國信託,2024-05-30,6160
1802,台玻,158,46,112,中國信託,2024-05-30,6160
4533,協易機,291,183,108,中國信託,2024-05-30,6160
00751B,元大AAA至A公司債,116,11,105,中國信託,2024-05-30,6160
1785,光洋科,245,141,104,中國信託,2024-05-30,6160
2102,泰豐,97,5,92,中國信託,2024-05-30,6160
2883,凱基金,97,7,90,中國信託,2024-05-30,6160
1471,首利,100,11,89,中國信託,2024-05-30,6160
00915,凱基優選高股息30,102,17,85,中國信託,2024-05-30,6160
00933B,國泰10Y+金融債,94,10,84,中國信託,2024-05-30,6160
2412,中華電,85,3,82,中國信託,2024-05-30,6160
00901,永豐智能車供應鏈,119,38,81,中國信託,2024-05-30,6160
3231,緯創,110,30,80,中國信託,2024-05-30,6160
00928,中信上櫃ESG30,288,209,79,中國信託,2024-05-30,6160
9945,潤泰新,131,52,79,中國信託,2024-05-30,6160
5425,台半,80,2,78,中國信託,2024-05-30,6160
2002,中鋼,2120,5,2115,中國信託,2024-05-31,6160
00881,國泰台灣5G+,2539,998,1541,中國信託,2024-05-31,6160
00900,富邦特選高股息30,1511,17,1494,中國信託,2024-05-31,6160
00907,永豐優息存股,815,3,812,中國信託,2024-05-31,6160
00878,國泰永續高股息,1066,264,802,中國信託,2024-05-31,6160
00891,中信關鍵半導體,1027,395,632,中國信託,2024-05-31,6160
2891,中信金,732,124,608,中國信託,2024-05-31,6160
00894,中信小資高價30,949,440,509,中國信託,2024-05-31,6160
00892,富邦台灣半導體,502,17,485,中國信託,2024-05-31,6160
6177,達麗,412,46,366,中國信託,2024-05-31,6160
0050,元大台灣50,790,429,361,中國信託,2024-05-31,6160
00912,中信臺灣智慧50,624,279,345,中國信託,2024-05-31,6160
2610,華航,463,144,319,中國信託,2024-05-31,6160
00940,元大台灣價值高息,878,567,311,中國信託,2024-05-31,6160
2501,國建,428,130,298,中國信託,2024-05-31,6160
2332,友訊,290,0,290,中國信託,2024-05-31,6160
6125,廣運,323,51,272,中國信託,2024-05-31,6160
2105,正新,683,435,248,中國信託,2024-05-31,6160
2317,鴻海,522,278,244,中國信託,2024-05-31,6160
00922,國泰台灣領袖50,340,105,235,中國信託,2024-05-31,6160
2303,聯電,376,166,210,中國信託,2024-05-31,6160
3058,立德,232,24,208,中國信託,2024-05-31,6160
00850,元大臺灣ESG永續,221,17,204,中國信託,2024-05-31,6160
00928,中信上櫃ESG30,208,10,198,中國信託,2024-05-31,6160
3702,大聯大,185,2,183,中國信託,2024-05-31,6160
2489,瑞軒,336,168,168,中國信託,2024-05-31,6160
2515,中工,240,73,167,中國信託,2024-05-31,6160
1532,勤美,222,64,158,中國信託,2024-05-31,6160
3231,緯創,231,77,154,中國信託,2024-05-31,6160
2367,燿華,251,102,149,中國信託,2024-05-31,6160
2330,台積電,475,338,137,中國信託,2024-05-31,6160
2880,華南金,155,20,135,中國信託,2024-05-31,6160
2368,金像電,166,31,135,中國信託,2024-05-31,6160
2385,群光,131,1,130,中國信託,2024-05-31,6160
3305,昇貿,144,21,123,中國信託,2024-05-31,6160
2520,冠德,185,67,118,中國信託,2024-05-31,6160
2347,聯強,117,4,113,中國信託,2024-05-31,6160
00921,兆豐龍頭等權重,266,156,110,中國信託,2024-05-31,6160
2353,宏��,180,75,105,中國信託,2024-05-31,6160
2392,正崴,115,21,94,中國信託,2024-05-31,6160
00901,永豐智能車供應鏈,114,30,84,中國信託,2024-05-31,6160
3312,弘憶股,323,243,80,中國信託,2024-05-31,6160
2323,中環,76,4,72,中國信託,2024-05-31,6160
4123,晟德,70,4,66,中國信託,2024-05-31,6160
2362,藍天,72,7,65,中國信託,2024-05-31,6160
00713,元大台灣高息低波,78,15,63,中國信託,2024-05-31,6160
4714,永捷,60,2,58,中國信託,2024-05-31,6160
2348,海悅,92,34,58,中國信託,2024-05-31,6160
00932,兆豐永續高息等權,60,5,55,中國信託,2024-05-31,6160
1319,東陽,54,0,54,中國信託,2024-05-31,6160
00940,元大台灣價值高息,4620,505,4115,中國信託,2024-06-03,6160
2303,聯電,2886,297,2589,中國信託,2024-06-03,6160
00900,富邦特選高股息30,2698,623,2075,中國信託,2024-06-03,6160
2353,宏��,1782,101,1681,中國信託,2024-06-03,6160
2324,仁寶,1674,36,1638,中國信託,2024-06-03,6160
00927,群益半導體收益,1039,225,814,中國信託,2024-06-03,6160
5347,世界,876,105,771,中國信託,2024-06-03,6160
00907,永豐優息存股,710,2,708,中國信託,2024-06-03,6160
2330,台積電,757,127,630,中國信託,2024-06-03,6160
00692,富邦公司治理,711,117,594,中國信託,2024-06-03,6160
00888,永豐台灣ESG,763,230,533,中國信託,2024-06-03,6160
0056,元大高股息,601,78,523,中國信託,2024-06-03,6160
2317,鴻海,737,295,442,中國信託,2024-06-03,6160
00891,中信關鍵半導體,546,132,414,中國信託,2024-06-03,6160
5904,寶雅,401,0,401,中國信託,2024-06-03,6160
2313,華通,380,5,375,中國信託,2024-06-03,6160
00892,富邦台灣半導體,372,39,333,中國信託,2024-06-03,6160
00864B,中信美國公債0-1,519,195,324,中國信託,2024-06-03,6160
8112,至上,334,12,322,中國信託,2024-06-03,6160
2105,正新,360,68,292,中國信託,2024-06-03,6160
5871,中租-KY,273,1,272,中國信託,2024-06-03,6160
00679B,元大美債20年,305,35,270,中國信託,2024-06-03,6160
2347,聯強,298,36,262,中國信託,2024-06-03,6160
4958,臻鼎-KY,289,35,254,中國信託,2024-06-03,6160
00935,野村臺灣新科技50,244,2,242,中國信託,2024-06-03,6160
8070,長華*,259,18,241,中國信託,2024-06-03,6160
00923,群益台ESG低碳50,581,359,222,中國信託,2024-06-03,6160
00901,永豐智能車供應鏈,254,58,196,中國信託,2024-06-03,6160
4549,桓達,216,20,196,中國信託,2024-06-03,6160
2360,致茂,193,0,193,中國信託,2024-06-03,6160
1815,富喬,309,128,181,中國信託,2024-06-03,6160
3702,大聯大,193,13,180,中國信託,2024-06-03,6160
00720B,元大投資級公司債,172,8,164,中國信託,2024-06-03,6160
00752,中信中國50,328,164,164,中國信託,2024-06-03,6160
00928,中信上櫃ESG30,166,2,164,中國信託,2024-06-03,6160
2357,華碩,171,9,162,中國信託,2024-06-03,6160
00904,新光臺灣半導體30,161,0,161,中國信託,2024-06-03,6160
2537,聯上發,280,137,143,中國信託,2024-06-03,6160
00719B,元大美債1-3,168,30,138,中國信託,2024-06-03,6160
00941,中信上游半導體,154,21,133,中國信託,2024-06-03,6160
2312,金寶,150,21,129,中國信託,2024-06-03,6160
2515,中工,194,65,129,中國信託,2024-06-03,6160
00924,復華S＆P500成長,125,0,125,中國信託,2024-06-03,6160
9105,泰金寶-DR,138,13,125,中國信託,2024-06-03,6160
00896,中信綠能及電動車,130,9,121,中國信託,2024-06-03,6160
2412,中華電,113,2,111,中國信託,2024-06-03,6160
2633,台灣高鐵,110,2,108,中國信託,2024-06-03,6160
6278,台表科,102,0,102,中國信託,2024-06-03,6160
00939,統一台灣高息動能,137,35,102,中國信託,2024-06-03,6160
6121,新普,116,16,100,中國信託,2024-06-03,6160
2317,鴻海,1679,379,1300,中國信託,2024-06-04,6160
00904,新光臺灣半導體30,1107,5,1102,中國信託,2024-06-04,6160
00632R,元大台灣50反1,1873,1038,835,中國信託,2024-06-04,6160
2412,中華電,820,24,796,中國信託,2024-06-04,6160
00888,永豐台灣ESG,626,174,452,中國信託,2024-06-04,6160
2882,國泰金,507,71,436,中國信託,2024-06-04,6160
2330,台積電,579,161,418,中國信託,2024-06-04,6160
1605,華新,390,1,389,中國信託,2024-06-04,6160
2603,長榮,518,133,385,中國信託,2024-06-04,6160
1504,東元,478,108,370,中國信託,2024-06-04,6160
00912,中信臺灣智慧50,351,1,350,中國信託,2024-06-04,6160
00892,富邦台灣半導體,355,14,341,中國信託,2024-06-04,6160
00720B,元大投資級公司債,333,59,274,中國信託,2024-06-04,6160
3044,健鼎,253,12,241,中國信託,2024-06-04,6160
00913,兆豐台灣晶圓製造,288,65,223,中國信託,2024-06-04,6160
00894,中信小資高價30,530,307,223,中國信託,2024-06-04,6160
1582,信錦,272,51,221,中國信託,2024-06-04,6160
2206,三陽工業,224,4,220,中國信託,2024-06-04,6160
2609,陽明,656,443,213,中國信託,2024-06-04,6160
00901,永豐智能車供應鏈,348,143,205,中國信託,2024-06-04,6160
2464,盟立,251,48,203,中國信託,2024-06-04,6160
2454,聯發科,245,48,197,中國信託,2024-06-04,6160
00719B,元大美債1-3,188,0,188,中國信託,2024-06-04,6160
00752,中信中國50,246,62,184,中國信託,2024-06-04,6160
2347,聯強,167,9,158,中國信託,2024-06-04,6160
2474,可成,154,2,152,中國信託,2024-06-04,6160
2108,南帝,150,0,150,中國信託,2024-06-04,6160
1815,富喬,457,309,148,中國信託,2024-06-04,6160
00772B,中信高評級公司債,219,73,146,中國信託,2024-06-04,6160
00930,永豐ESG低碳高息,154,10,144,中國信託,2024-06-04,6160
3034,聯詠,145,14,131,中國信託,2024-06-04,6160
2888,新光金,476,353,123,中國信託,2024-06-04,6160
2327,國巨,123,2,121,中國信託,2024-06-04,6160
6789,采鈺,132,11,121,中國信託,2024-06-04,6160
2457,飛宏,126,7,119,中國信託,2024-06-04,6160
00679B,元大美債20年,214,97,117,中國信託,2024-06-04,6160
00715L,期街口布蘭特正2,117,0,117,中國信託,2024-06-04,6160
00665L,富邦�琤肭磪囓�2,114,0,114,中國信託,2024-06-04,6160
00690,兆豐藍籌30,280,167,113,中國信託,2024-06-04,6160
2312,金寶,248,138,110,中國信託,2024-06-04,6160
00728,第一金工業30,108,0,108,中國信託,2024-06-04,6160
2331,精英,579,473,106,中國信託,2024-06-04,6160
3323,加百裕,100,0,100,中國信託,2024-06-04,6160
00773B,中信優先金融債,119,20,99,中國信託,2024-06-04,6160
2356,英業達,136,38,98,中國信託,2024-06-04,6160
2392,正崴,107,15,92,中國信託,2024-06-04,6160
2352,佳世達,95,4,91,中國信託,2024-06-04,6160
5880,合庫金,100,9,91,中國信託,2024-06-04,6160
00642U,期元大S＆P石油,119,30,89,中國信託,2024-06-04,6160
2891,中信金,158,72,86,中國信託,2024-06-04,6160
00900,富邦特選高股息30,1566,11,1555,中國信託,2024-06-05,6160
00688L,國泰20年美債正2,800,2,798,中國信託,2024-06-05,6160
00937B,群益ESG投等債20,983,224,759,中國信託,2024-06-05,6160
00881,國泰台灣5G+,576,31,545,中國信託,2024-06-05,6160
00927,群益半導體收益,494,1,493,中國信託,2024-06-05,6160
00892,富邦台灣半導體,459,7,452,中國信託,2024-06-05,6160
00888,永豐台灣ESG,441,5,436,中國信託,2024-06-05,6160
00864B,中信美國公債0-1,586,153,433,中國信託,2024-06-05,6160
1504,東元,453,40,413,中國信託,2024-06-05,6160
00719B,元大美債1-3,393,0,393,中國信託,2024-06-05,6160
2330,台積電,582,240,342,中國信託,2024-06-05,6160
4938,和碩,329,10,319,中國信託,2024-06-05,6160
2474,可成,320,3,317,中國信託,2024-06-05,6160
00934,中信成長高股息,320,43,277,中國信託,2024-06-05,6160
2347,聯強,283,7,276,中國信託,2024-06-05,6160
00944,野村趨勢動能高息,362,101,261,中國信託,2024-06-05,6160
2891,中信金,314,64,250,中國信託,2024-06-05,6160
2206,三陽工業,247,0,247,中國信託,2024-06-05,6160
00932,兆豐永續高息等權,236,2,234,中國信託,2024-06-05,6160
00940,元大台灣價值高息,567,334,233,中國信託,2024-06-05,6160
00679B,元大美債20年,353,126,227,中國信託,2024-06-05,6160
00720B,元大投資級公司債,261,61,200,中國信託,2024-06-05,6160
5483,中美晶,210,21,189,中國信託,2024-06-05,6160
00901,永豐智能車供應鏈,195,25,170,中國信託,2024-06-05,6160
2605,新興,208,46,162,中國信託,2024-06-05,6160
3708,上緯投控,199,37,162,中國信託,2024-06-05,6160
2834,臺企銀,164,12,152,中國信託,2024-06-05,6160
00904,新光臺灣半導體30,308,159,149,中國信託,2024-06-05,6160
2417,圓剛,202,67,135,中國信託,2024-06-05,6160
00913,兆豐台灣晶圓製造,133,0,133,中國信託,2024-06-05,6160
00917,中信特選金融,232,102,130,中國信託,2024-06-05,6160
00943,兆豐電子高息等權,123,7,116,中國信託,2024-06-05,6160
2360,致茂,111,0,111,中國信託,2024-06-05,6160
00772B,中信高評級公司債,182,73,109,中國信託,2024-06-05,6160
1104,環泥,100,0,100,中國信託,2024-06-05,6160
00752,中信中國50,316,220,96,中國信託,2024-06-05,6160
00933B,國泰10Y+金融債,131,37,94,中國信託,2024-06-05,6160
00930,永豐ESG低碳高息,103,12,91,中國信託,2024-06-05,6160
1447,力鵬,91,1,90,中國信託,2024-06-05,6160
00701,國泰股利精選30,89,0,89,中國信託,2024-06-05,6160
0050,元大台灣50,134,46,88,中國信託,2024-06-05,6160
1605,華新,89,2,87,中國信託,2024-06-05,6160
3481,群創,107,20,87,中國信託,2024-06-05,6160
1802,台玻,103,19,84,中國信託,2024-06-05,6160
2412,中華電,85,3,82,中國信託,2024-06-05,6160
2889,國票金,101,20,81,中國信託,2024-06-05,6160
3663,鑫科,151,71,80,中國信託,2024-06-05,6160
3048,益登,230,154,76,中國信託,2024-06-05,6160
2610,華航,146,74,72,中國信託,2024-06-05,6160
2002,中鋼,81,10,71,中國信託,2024-06-05,6160
00919,群益台灣精選高息,8297,1611,6686,中國信託,2024-06-06,6160
00940,元大台灣價值高息,7592,996,6596,中國信託,2024-06-06,6160
00900,富邦特選高股息30,5981,109,5872,中國信託,2024-06-06,6160
2891,中信金,1781,294,1487,中國信託,2024-06-06,6160
00927,群益半導體收益,1380,51,1329,中國信託,2024-06-06,6160
2618,長榮航,1491,300,1191,中國信託,2024-06-06,6160
0050,元大台灣50,1092,287,805,中國信託,2024-06-06,6160
00939,統一台灣高息動能,892,114,778,中國信託,2024-06-06,6160
00930,永豐ESG低碳高息,803,28,775,中國信託,2024-06-06,6160
00892,富邦台灣半導體,1531,766,765,中國信託,2024-06-06,6160
00907,永豐優息存股,723,6,717,中國信託,2024-06-06,6160
2412,中華電,783,70,713,中國信託,2024-06-06,6160
00752,中信中國50,1139,452,687,中國信託,2024-06-06,6160
2882,國泰金,691,139,552,中國信託,2024-06-06,6160
00934,中信成長高股息,749,260,489,中國信託,2024-06-06,6160
00701,國泰股利精選30,476,5,471,中國信託,2024-06-06,6160
2881,富邦金,502,32,470,中國信託,2024-06-06,6160
2312,金寶,732,282,450,中國信託,2024-06-06,6160
00688L,國泰20年美債正2,456,13,443,中國信託,2024-06-06,6160
00888,永豐台灣ESG,1033,590,443,中國信託,2024-06-06,6160
00894,中信小資高價30,467,105,362,中國信託,2024-06-06,6160
00690,兆豐藍籌30,467,178,289,中國信託,2024-06-06,6160
2888,新光金,506,228,278,中國信託,2024-06-06,6160
2610,華航,483,224,259,中國信託,2024-06-06,6160
2382,廣達,293,40,253,中國信託,2024-06-06,6160
00937B,群益ESG投等債20,456,216,240,中國信託,2024-06-06,6160
2367,燿華,360,125,235,中國信託,2024-06-06,6160
1102,亞泥,241,7,234,中國信託,2024-06-06,6160
00850,元大臺灣ESG永續,256,24,232,中國信託,2024-06-06,6160
00679B,元大美債20年,323,112,211,中國信託,2024-06-06,6160
00944,野村趨勢動能高息,377,167,210,中國信託,2024-06-06,6160
1605,華新,220,10,210,中國信託,2024-06-06,6160
2603,長榮,325,117,208,中國信託,2024-06-06,6160
3231,緯創,250,42,208,中國信託,2024-06-06,6160
00891,中信關鍵半導體,452,257,195,中國信託,2024-06-06,6160
1522,堤維西,213,24,189,中國信託,2024-06-06,6160
3044,健鼎,187,2,185,中國信託,2024-06-06,6160
3034,聯詠,186,15,171,中國信託,2024-06-06,6160
00864B,中信美國公債0-1,381,212,169,中國信託,2024-06-06,6160
2353,宏��,212,46,166,中國信託,2024-06-06,6160
00719B,元大美債1-3,163,1,162,中國信託,2024-06-06,6160
00687B,國泰20年美債,274,113,161,中國信託,2024-06-06,6160
00904,新光臺灣半導體30,156,1,155,中國信託,2024-06-06,6160
3708,上緯投控,182,28,154,中國信託,2024-06-06,6160
6024,群益期,150,1,149,中國信託,2024-06-06,6160
00720B,元大投資級公司債,212,64,148,中國信託,2024-06-06,6160
00922,國泰台灣領袖50,156,10,146,中國信託,2024-06-06,6160
3702,大聯大,155,10,145,中國信託,2024-06-06,6160
3675,德微,159,21,138,中國信託,2024-06-06,6160
8155,博智,131,3,128,中國信託,2024-06-06,6160
00900,富邦特選高股息30,3930,330,3600,中國信託,2024-06-07,6160
2618,長榮航,4513,1013,3500,中國信託,2024-06-07,6160
00940,元大台灣價值高息,4498,2741,1757,中國信託,2024-06-07,6160
2504,國產,1009,15,994,中國信託,2024-06-07,6160
2303,聯電,1007,56,951,中國信託,2024-06-07,6160
00881,國泰台灣5G+,2104,1377,727,中國信託,2024-06-07,6160
3036,文曄,657,1,656,中國信託,2024-06-07,6160
00715L,期街口布蘭特正2,661,15,646,中國信託,2024-06-07,6160
00888,永豐台灣ESG,666,122,544,中國信託,2024-06-07,6160
2610,華航,887,374,513,中國信託,2024-06-07,6160
2412,中華電,503,0,503,中國信託,2024-06-07,6160
4938,和碩,504,22,482,中國信託,2024-06-07,6160
00894,中信小資高價30,411,0,411,中國信託,2024-06-07,6160
00701,國泰股利精選30,414,15,399,中國信託,2024-06-07,6160
3037,欣興,363,4,359,中國信託,2024-06-07,6160
00930,永豐ESG低碳高息,327,0,327,中國信託,2024-06-07,6160
00934,中信成長高股息,502,185,317,中國信託,2024-06-07,6160
5243,乙盛-KY,325,15,310,中國信託,2024-06-07,6160
6285,啟��,314,4,310,中國信託,2024-06-07,6160
00690,兆豐藍籌30,299,0,299,中國信託,2024-06-07,6160
00752,中信中國50,241,7,234,中國信託,2024-06-07,6160
2454,聯發科,241,13,228,中國信託,2024-06-07,6160
00912,中信臺灣智慧50,263,36,227,中國信託,2024-06-07,6160
2486,一詮,433,225,208,中國信託,2024-06-07,6160
2451,創見,207,7,200,中國信託,2024-06-07,6160
2367,燿華,266,79,187,中國信託,2024-06-07,6160
2101,南港,218,33,185,中國信託,2024-06-07,6160
2371,大同,213,33,180,中國信託,2024-06-07,6160
2313,華通,246,73,173,中國信託,2024-06-07,6160
00937B,群益ESG投等債20,477,305,172,中國信託,2024-06-07,6160
00891,中信關鍵半導體,269,103,166,中國信託,2024-06-07,6160
00928,中信上櫃ESG30,319,154,165,中國信託,2024-06-07,6160
00946,群益科技高息成長,188,27,161,中國信託,2024-06-07,6160
2103,台橡,162,2,160,中國信託,2024-06-07,6160
2888,新光金,544,386,158,中國信託,2024-06-07,6160
3374,精材,212,56,156,中國信託,2024-06-07,6160
3532,台勝科,158,8,150,中國信託,2024-06-07,6160
2615,萬海,634,485,149,中國信託,2024-06-07,6160
00687B,國泰20年美債,250,109,141,中國信託,2024-06-07,6160
2501,國建,411,279,132,中國信託,2024-06-07,6160
2548,華固,155,23,132,中國信託,2024-06-07,6160
6024,群益期,126,0,126,中國信託,2024-06-07,6160
00933B,國泰10Y+金融債,159,50,109,中國信託,2024-06-07,6160
5876,上海商銀,110,2,108,中國信託,2024-06-07,6160
3231,緯創,150,43,107,中國信託,2024-06-07,6160
00728,第一金工業30,99,2,97,中國信託,2024-06-07,6160
3450,聯鈞,109,15,94,中國信託,2024-06-07,6160
2885,元大金,98,6,92,中國信託,2024-06-07,6160
6689,伊雲谷,93,1,92,中國信託,2024-06-07,6160
00738U,期元大道瓊白銀,90,0,90,中國信託,2024-06-07,6160
00900,富邦特選高股息30,4822,252,4570,中國信託,2024-06-11,6160
00940,元大台灣價值高息,7251,4597,2654,中國信託,2024-06-11,6160
00715L,期街口布蘭特正2,1522,74,1448,中國信託,2024-06-11,6160
2317,鴻海,1356,298,1058,中國信託,2024-06-11,6160
00888,永豐台灣ESG,1180,229,951,中國信託,2024-06-11,6160
2412,中華電,894,2,892,中國信託,2024-06-11,6160
2885,元大金,834,0,834,中國信託,2024-06-11,6160
1802,台玻,891,83,808,中國信託,2024-06-11,6160
00892,富邦台灣半導體,1073,275,798,中國信託,2024-06-11,6160
00933B,國泰10Y+金融債,717,3,714,中國信託,2024-06-11,6160
00679B,元大美債20年,742,48,694,中國信託,2024-06-11,6160
00930,永豐ESG低碳高息,684,2,682,中國信託,2024-06-11,6160
00680L,元大美債20正2,622,10,612,中國信託,2024-06-11,6160
2618,長榮航,2077,1468,609,中國信託,2024-06-11,6160
00944,野村趨勢動能高息,594,1,593,中國信託,2024-06-11,6160
00921,兆豐龍頭等權重,740,265,475,中國信託,2024-06-11,6160
00752,中信中國50,765,340,425,中國信託,2024-06-11,6160
00932,兆豐永續高息等權,391,4,387,中國信託,2024-06-11,6160
2603,長榮,691,311,380,中國信託,2024-06-11,6160
00928,中信上櫃ESG30,446,88,358,中國信託,2024-06-11,6160
5483,中美晶,388,38,350,中國信託,2024-06-11,6160
2382,廣達,354,19,335,中國信託,2024-06-11,6160
00751B,元大AAA至A公司債,323,2,321,中國信託,2024-06-11,6160
00687B,國泰20年美債,344,74,270,中國信託,2024-06-11,6160
2882,國泰金,339,70,269,中國信託,2024-06-11,6160
1216,統一,259,2,257,中國信託,2024-06-11,6160
6770,力積電,250,19,231,中國信託,2024-06-11,6160
2332,友訊,230,0,230,中國信託,2024-06-11,6160
00907,永豐優息存股,677,447,230,中國信託,2024-06-11,6160
2474,可成,239,10,229,中國信託,2024-06-11,6160
912000,晨訊科-DR,226,6,220,中國信託,2024-06-11,6160
2101,南港,225,8,217,中國信託,2024-06-11,6160
0050,元大台灣50,906,691,215,中國信託,2024-06-11,6160
4967,十銓,347,135,212,中國信託,2024-06-11,6160
2377,微星,213,4,209,中國信託,2024-06-11,6160
3034,聯詠,213,4,209,中國信託,2024-06-11,6160
1609,大亞,244,43,201,中國信託,2024-06-11,6160
9105,泰金寶-DR,299,107,192,中國信託,2024-06-11,6160
00701,國泰股利精選30,218,31,187,中國信託,2024-06-11,6160
5347,世界,246,61,185,中國信託,2024-06-11,6160
3708,上緯投控,175,0,175,中國信託,2024-06-11,6160
2606,裕民,192,22,170,中國信託,2024-06-11,6160
2002,中鋼,179,19,160,中國信託,2024-06-11,6160
2006,東和鋼鐵,150,0,150,中國信託,2024-06-11,6160
00632R,元大台灣50反1,210,60,150,中國信託,2024-06-11,6160
00904,新光臺灣半導體30,143,0,143,中國信託,2024-06-11,6160
6176,瑞儀,206,65,141,中國信託,2024-06-11,6160
00795B,中信美國公債20年,262,131,131,中國信託,2024-06-11,6160
2376,技嘉,134,4,130,中國信託,2024-06-11,6160
1504,東元,152,24,128,中國信託,2024-06-11,6160
2891,中信金,7532,547,6985,中國信託,2024-06-12,6160
00900,富邦特選高股息30,4267,19,4248,中國信託,2024-06-12,6160
2324,仁寶,2046,8,2038,中國信託,2024-06-12,6160
00892,富邦台灣半導體,1830,181,1649,中國信託,2024-06-12,6160
00927,群益半導體收益,1736,160,1576,中國信託,2024-06-12,6160
00692,富邦公司治理,1586,120,1466,中國信託,2024-06-12,6160
00939,統一台灣高息動能,1403,234,1169,中國信託,2024-06-12,6160
4938,和碩,1170,14,1156,中國信託,2024-06-12,6160
00940,元大台灣價值高息,3161,2187,974,中國信託,2024-06-12,6160
3374,精材,845,93,752,中國信託,2024-06-12,6160
2474,可成,691,32,659,中國信託,2024-06-12,6160
00881,國泰台灣5G+,1200,554,646,中國信託,2024-06-12,6160
00930,永豐ESG低碳高息,625,30,595,中國信託,2024-06-12,6160
5347,世界,636,89,547,中國信託,2024-06-12,6160
00937B,群益ESG投等債20,574,48,526,中國信託,2024-06-12,6160
00715L,期街口布蘭特正2,481,11,470,中國信託,2024-06-12,6160
2412,中華電,462,2,460,中國信託,2024-06-12,6160
5483,中美晶,531,78,453,中國信託,2024-06-12,6160
2313,華通,516,70,446,中國信託,2024-06-12,6160
00690,兆豐藍籌30,544,104,440,中國信託,2024-06-12,6160
2105,正新,481,67,414,中國信託,2024-06-12,6160
00945B,凱基美國非投等債,401,2,399,中國信託,2024-06-12,6160
9945,潤泰新,454,62,392,中國信託,2024-06-12,6160
00701,國泰股利精選30,363,0,363,中國信託,2024-06-12,6160
2102,泰豐,322,0,322,中國信託,2024-06-12,6160
00932,兆豐永續高息等權,344,25,319,中國信託,2024-06-12,6160
2882,國泰金,408,113,295,中國信託,2024-06-12,6160
00891,中信關鍵半導體,543,255,288,中國信託,2024-06-12,6160
00688L,國泰20年美債正2,286,0,286,中國信託,2024-06-12,6160
2486,一詮,489,245,244,中國信託,2024-06-12,6160
6285,啟��,212,3,209,中國信託,2024-06-12,6160
00917,中信特選金融,260,53,207,中國信託,2024-06-12,6160
00904,新光臺灣半導體30,308,103,205,中國信託,2024-06-12,6160
6121,新普,200,1,199,中國信託,2024-06-12,6160
9904,寶成,199,0,199,中國信託,2024-06-12,6160
2367,燿華,394,211,183,中國信託,2024-06-12,6160
00712,復華富時不動產,182,9,173,中國信託,2024-06-12,6160
00752,中信中國50,546,379,167,中國信託,2024-06-12,6160
00944,野村趨勢動能高息,625,460,165,中國信託,2024-06-12,6160
3289,宜特,164,10,154,中國信託,2024-06-12,6160
6274,台燿,198,53,145,中國信託,2024-06-12,6160
3264,欣銓,150,6,144,中國信託,2024-06-12,6160
00680L,元大美債20正2,148,17,131,中國信託,2024-06-12,6160
00943,兆豐電子高息等權,206,84,122,中國信託,2024-06-12,6160
3406,玉晶光,146,30,116,中國信託,2024-06-12,6160
2867,三商壽,161,53,108,中國信託,2024-06-12,6160
912000,晨訊科-DR,109,2,107,中國信託,2024-06-12,6160
3702,大聯大,100,1,99,中國信託,2024-06-12,6160
4536,拓凱,100,1,99,中國信託,2024-06-12,6160
3596,智易,100,2,98,中國信託,2024-06-12,6160
00940,元大台灣價值高息,11184,1740,9444,中國信託,2024-06-13,6160
00715L,期街口布蘭特正2,1840,85,1755,中國信託,2024-06-13,6160
00892,富邦台灣半導體,2282,797,1485,中國信託,2024-06-13,6160
00881,國泰台灣5G+,4013,2693,1320,中國信託,2024-06-13,6160
00888,永豐台灣ESG,1271,166,1105,中國信託,2024-06-13,6160
00900,富邦特選高股息30,1208,129,1079,中國信託,2024-06-13,6160
00930,永豐ESG低碳高息,1087,10,1077,中國信託,2024-06-13,6160
2412,中華電,832,9,823,中國信託,2024-06-13,6160
00891,中信關鍵半導體,1170,429,741,中國信託,2024-06-13,6160
00939,統一台灣高息動能,846,166,680,中國信託,2024-06-13,6160
00795B,中信美國公債20年,1439,1026,413,中國信託,2024-06-13,6160
2385,群光,412,0,412,中國信託,2024-06-13,6160
00932,兆豐永續高息等權,445,48,397,中國信託,2024-06-13,6160
00941,中信上游半導體,609,247,362,中國信託,2024-06-13,6160
00912,中信臺灣智慧50,387,69,318,中國信託,2024-06-13,6160
00934,中信成長高股息,867,574,293,中國信託,2024-06-13,6160
3231,緯創,345,63,282,中國信託,2024-06-13,6160
00901,永豐智能車供應鏈,410,134,276,中國信託,2024-06-13,6160
2884,玉山金,280,14,266,中國信託,2024-06-13,6160
00928,中信上櫃ESG30,263,1,262,中國信託,2024-06-13,6160
00904,新光臺灣半導體30,211,4,207,中國信託,2024-06-13,6160
3702,大聯大,200,5,195,中國信託,2024-06-13,6160
00882,中信中國高股息,237,47,190,中國信託,2024-06-13,6160
00701,國泰股利精選30,192,4,188,中國信託,2024-06-13,6160
2606,裕民,215,42,173,中國信託,2024-06-13,6160
6451,訊芯-KY,207,44,163,中國信託,2024-06-13,6160
6176,瑞儀,150,0,150,中國信託,2024-06-13,6160
00690,兆豐藍籌30,186,38,148,中國信託,2024-06-13,6160
912000,晨訊科-DR,163,16,147,中國信託,2024-06-13,6160
2353,宏��,180,34,146,中國信託,2024-06-13,6160
2882,國泰金,162,38,124,中國信託,2024-06-13,6160
3017,奇鋐,149,36,113,中國信託,2024-06-13,6160
2404,漢唐,112,7,105,中國信託,2024-06-13,6160
8150,南茂,100,2,98,中國信託,2024-06-13,6160
5434,崇越,102,8,94,中國信託,2024-06-13,6160
2888,新光金,149,56,93,中國信託,2024-06-13,6160
2363,矽統,421,330,91,中國信託,2024-06-13,6160
1319,東陽,84,2,82,中國信託,2024-06-13,6160
1504,東元,102,22,80,中國信託,2024-06-13,6160
1617,榮星,216,142,74,中國信託,2024-06-13,6160
3033,威健,76,6,70,中國信託,2024-06-13,6160
2368,金像電,75,8,67,中國信託,2024-06-13,6160
6179,亞通,70,3,67,中國信託,2024-06-13,6160
00864B,中信美國公債0-1,272,206,66,中國信託,2024-06-13,6160
00886,永豐美國科技,65,0,65,中國信託,2024-06-13,6160
4967,十銓,206,142,64,中國信託,2024-06-13,6160
2886,兆豐金,69,5,64,中國信託,2024-06-13,6160
2603,長榮,140,76,64,中國信託,2024-06-13,6160
3047,訊舟,113,50,63,中國信託,2024-06-13,6160
4968,立積,88,25,63,中國信託,2024-06-13,6160
00940,元大台灣價值高息,15784,994,14790,中國信託,2024-06-14,6160
00900,富邦特選高股息30,1846,21,1825,中國信託,2024-06-14,6160
00937B,群益ESG投等債20,1666,246,1420,中國信託,2024-06-14,6160
00892,富邦台灣半導體,806,12,794,中國信託,2024-06-14,6160
00692,富邦公司治理,808,16,792,中國信託,2024-06-14,6160
4938,和碩,813,31,782,中國信託,2024-06-14,6160
1102,亞泥,502,2,500,中國信託,2024-06-14,6160
00701,國泰股利精選30,470,4,466,中國信託,2024-06-14,6160
00939,統一台灣高息動能,501,63,438,中國信託,2024-06-14,6160
2412,中華電,401,6,395,中國信託,2024-06-14,6160
2618,長榮航,376,11,365,中國信託,2024-06-14,6160
2353,宏��,371,40,331,中國信託,2024-06-14,6160
2615,萬海,481,188,293,中國信託,2024-06-14,6160
2330,台積電,430,147,283,中國信託,2024-06-14,6160
00948B,中信優息投資級債,485,227,258,中國信託,2024-06-14,6160
2885,元大金,244,7,237,中國信託,2024-06-14,6160
2371,大同,489,258,231,中國信託,2024-06-14,6160
3033,威健,241,15,226,中國信託,2024-06-14,6160
00922,國泰台灣領袖50,300,98,202,中國信託,2024-06-14,6160
1609,大亞,427,231,196,中國信託,2024-06-14,6160
00941,中信上游半導體,279,86,193,中國信託,2024-06-14,6160
6180,橘子,191,0,191,中國信託,2024-06-14,6160
2540,愛山林,203,13,190,中國信託,2024-06-14,6160
2392,正崴,335,146,189,中國信託,2024-06-14,6160
00928,中信上櫃ESG30,250,82,168,中國信託,2024-06-14,6160
2515,中工,435,271,164,中國信託,2024-06-14,6160
00690,兆豐藍籌30,180,16,164,中國信託,2024-06-14,6160
2609,陽明,526,378,148,中國信託,2024-06-14,6160
00850,元大臺灣ESG永續,132,0,132,中國信託,2024-06-14,6160
9105,泰金寶-DR,192,63,129,中國信託,2024-06-14,6160
2404,漢唐,129,2,127,中國信託,2024-06-14,6160
2313,華通,247,120,127,中國信託,2024-06-14,6160
2308,台達電,134,12,122,中國信託,2024-06-14,6160
00706L,期元大S＆P日圓正2,121,0,121,中國信託,2024-06-14,6160
2603,長榮,161,42,119,中國信託,2024-06-14,6160
2317,鴻海,718,601,117,中國信託,2024-06-14,6160
4979,華星光,140,25,115,中國信託,2024-06-14,6160
2002,中鋼,132,23,109,中國信託,2024-06-14,6160
3406,玉晶光,116,7,109,中國信託,2024-06-14,6160
2486,一詮,232,125,107,中國信託,2024-06-14,6160
0056,元大高股息,164,58,106,中國信託,2024-06-14,6160
2610,華航,168,64,104,中國信託,2024-06-14,6160
2613,中櫃,133,33,100,中國信託,2024-06-14,6160
00680L,元大美債20正2,246,147,99,中國信託,2024-06-14,6160
00930,永豐ESG低碳高息,96,0,96,中國信託,2024-06-14,6160
4909,新復興,102,8,94,中國信託,2024-06-14,6160
6869,雲豹能源,87,0,87,中國信託,2024-06-14,6160
00728,第一金工業30,102,17,85,中國信託,2024-06-14,6160
3105,穩懋,94,10,84,中國信託,2024-06-14,6160
6806,森崴能源,108,29,79,中國信託,2024-06-14,6160
00940,元大台灣價值高息,15678,2070,13608,中國信託,2024-06-17,6160
00900,富邦特選高股息30,3172,13,3159,中國信託,2024-06-17,6160
00939,統一台灣高息動能,3012,75,2937,中國信託,2024-06-17,6160
00931B,統一美債20年,2992,70,2922,中國信託,2024-06-17,6160
2891,中信金,1978,311,1667,中國信託,2024-06-17,6160
00888,永豐台灣ESG,1032,20,1012,中國信託,2024-06-17,6160
9904,寶成,690,41,649,中國信託,2024-06-17,6160
4938,和碩,624,3,621,中國信託,2024-06-17,6160
00930,永豐ESG低碳高息,508,1,507,中國信託,2024-06-17,6160
00932,兆豐永續高息等權,530,25,505,中國信託,2024-06-17,6160
3481,群創,768,328,440,中國信託,2024-06-17,6160
00948B,中信優息投資級債,426,13,413,中國信託,2024-06-17,6160
2382,廣達,481,78,403,中國信託,2024-06-17,6160
6147,頎邦,394,0,394,中國信託,2024-06-17,6160
2385,群光,402,12,390,中國信託,2024-06-17,6160
4958,臻鼎-KY,333,11,322,中國信託,2024-06-17,6160
00892,富邦台灣半導體,621,307,314,中國信託,2024-06-17,6160
2885,元大金,318,24,294,中國信託,2024-06-17,6160
2603,長榮,315,41,274,中國信託,2024-06-17,6160
2883,凱基金,335,66,269,中國信託,2024-06-17,6160
2615,萬海,534,301,233,中國信託,2024-06-17,6160
00687B,國泰20年美債,352,125,227,中國信託,2024-06-17,6160
00665L,富邦�琤肭磪囓�2,249,60,189,中國信託,2024-06-17,6160
2330,台積電,250,79,171,中國信託,2024-06-17,6160
2102,泰豐,166,2,164,中國信託,2024-06-17,6160
6213,聯茂,232,71,161,中國信託,2024-06-17,6160
3081,聯亞,168,17,151,中國信託,2024-06-17,6160
3035,智原,208,61,147,中國信託,2024-06-17,6160
2371,大同,545,402,143,中國信託,2024-06-17,6160
3034,聯詠,159,16,143,中國信託,2024-06-17,6160
5880,合庫金,139,5,134,中國信託,2024-06-17,6160
6535,順藥,118,5,113,中國信託,2024-06-17,6160
00927,群益半導體收益,286,179,107,中國信託,2024-06-17,6160
2345,智邦,104,0,104,中國信託,2024-06-17,6160
1616,億泰,159,56,103,中國信託,2024-06-17,6160
00772B,中信高評級公司債,140,40,100,中國信託,2024-06-17,6160
4961,天鈺,108,9,99,中國信託,2024-06-17,6160
00712,復華富時不動產,107,15,92,中國信託,2024-06-17,6160
00688L,國泰20年美債正2,147,56,91,中國信託,2024-06-17,6160
5905,南仁湖,200,109,91,中國信託,2024-06-17,6160
8255,朋程,114,24,90,中國信託,2024-06-17,6160
3289,宜特,96,12,84,中國信託,2024-06-17,6160
2412,中華電,87,3,84,中國信託,2024-06-17,6160
00864B,中信美國公債0-1,213,132,81,中國信託,2024-06-17,6160
3406,玉晶光,89,9,80,中國信託,2024-06-17,6160
00751B,元大AAA至A公司債,132,60,72,中國信託,2024-06-17,6160
1503,士電,155,83,72,中國信託,2024-06-17,6160
8046,南電,71,1,70,中國信託,2024-06-17,6160
00719B,元大美債1-3,66,0,66,中國信託,2024-06-17,6160
00753L,中信中國50正2,148,82,66,中國信託,2024-06-17,6160
00940,元大台灣價值高息,9456,1474,7982,中國信託,2024-06-18,6160
00939,統一台灣高息動能,2667,340,2327,中國信託,2024-06-18,6160
00900,富邦特選高股息30,2180,23,2157,中國信託,2024-06-18,6160
00715L,期街口布蘭特正2,1977,24,1953,中國信託,2024-06-18,6160
2891,中信金,1737,139,1598,中國信託,2024-06-18,6160
00878,國泰永續高股息,1266,184,1082,中國信託,2024-06-18,6160
00894,中信小資高價30,1036,21,1015,中國信託,2024-06-18,6160
00687B,國泰20年美債,943,36,907,中國信託,2024-06-18,6160
0050,元大台灣50,793,133,660,中國信託,2024-06-18,6160
00752,中信中國50,742,115,627,中國信託,2024-06-18,6160
00944,野村趨勢動能高息,603,67,536,中國信託,2024-06-18,6160
2603,長榮,542,15,527,中國信託,2024-06-18,6160
2885,元大金,531,35,496,中國信託,2024-06-18,6160
00930,永豐ESG低碳高息,506,14,492,中國信託,2024-06-18,6160
2344,華邦電,793,384,409,中國信託,2024-06-18,6160
00701,國泰股利精選30,427,30,397,中國信託,2024-06-18,6160
00692,富邦公司治理,415,30,385,中國信託,2024-06-18,6160
8086,宏捷科,318,14,304,中國信託,2024-06-18,6160
2353,宏��,322,18,304,中國信託,2024-06-18,6160
3379,彬台,293,0,293,中國信託,2024-06-18,6160
2408,南亞科,400,120,280,中國信託,2024-06-18,6160
2313,華通,296,22,274,中國信託,2024-06-18,6160
2317,鴻海,474,216,258,中國信託,2024-06-18,6160
00933B,國泰10Y+金融債,370,113,257,中國信託,2024-06-18,6160
911868,同方友友-DR,255,1,254,中國信託,2024-06-18,6160
00932,兆豐永續高息等權,276,31,245,中國信託,2024-06-18,6160
2834,臺企銀,300,58,242,中國信託,2024-06-18,6160
3045,台灣大,240,5,235,中國信託,2024-06-18,6160
9105,泰金寶-DR,404,186,218,中國信託,2024-06-18,6160
9904,寶成,203,11,192,中國信託,2024-06-18,6160
00751B,元大AAA至A公司債,176,25,151,中國信託,2024-06-18,6160
6285,啟��,149,4,145,中國信託,2024-06-18,6160
6176,瑞儀,194,52,142,中國信託,2024-06-18,6160
4566,時碩工業,210,70,140,中國信託,2024-06-18,6160
2351,順德,148,18,130,中國信託,2024-06-18,6160
2102,泰豐,130,0,130,中國信託,2024-06-18,6160
3035,智原,195,68,127,中國信託,2024-06-18,6160
00915,凱基優選高股息30,144,29,115,中國信託,2024-06-18,6160
6890,來億-KY,123,8,115,中國信託,2024-06-18,6160
00888,永豐台灣ESG,216,108,108,中國信託,2024-06-18,6160
2371,大同,288,184,104,中國信託,2024-06-18,6160
8358,金居,114,12,102,中國信託,2024-06-18,6160
912000,晨訊科-DR,143,44,99,中國信託,2024-06-18,6160
00934,中信成長高股息,872,772,100,中國信託,2024-06-18,6160
6683,雍智科技,103,4,99,中國信託,2024-06-18,6160
5434,崇越,100,2,98,中國信託,2024-06-18,6160
2385,群光,275,184,91,中國信託,2024-06-18,6160
00919,群益台灣精選高息,597,510,87,中國信託,2024-06-18,6160
9941,裕融,88,2,86,中國信託,2024-06-18,6160
00941,中信上游半導體,233,153,80,中國信託,2024-06-18,6160
00939,統一台灣高息動能,9580,735,8845,中國信託,2024-06-19,6160
00940,元大台灣價值高息,7972,2100,5872,中國信託,2024-06-19,6160
00891,中信關鍵半導體,3029,362,2667,中國信託,2024-06-19,6160
00919,群益台灣精選高息,3115,1105,2010,中國信託,2024-06-19,6160
00878,國泰永續高股息,1853,286,1567,中國信託,2024-06-19,6160
1815,富喬,1649,131,1518,中國信託,2024-06-19,6160
2603,長榮,1436,55,1381,中國信託,2024-06-19,6160
0050,元大台灣50,1486,649,837,中國信託,2024-06-19,6160
00715L,期街口布蘭特正2,790,31,759,中國信託,2024-06-19,6160
00948B,中信優息投資級債,959,352,607,中國信託,2024-06-19,6160
00701,國泰股利精選30,624,33,591,中國信託,2024-06-19,6160
00901,永豐智能車供應鏈,695,124,571,中國信託,2024-06-19,6160
00900,富邦特選高股息30,753,226,527,中國信託,2024-06-19,6160
00687B,國泰20年美債,481,40,441,中國信託,2024-06-19,6160
00932,兆豐永續高息等權,373,4,369,中國信託,2024-06-19,6160
00928,中信上櫃ESG30,354,1,353,中國信託,2024-06-19,6160
2344,華邦電,469,124,345,中國信託,2024-06-19,6160
2891,中信金,474,140,334,中國信託,2024-06-19,6160
00692,富邦公司治理,1625,1293,332,中國信託,2024-06-19,6160
00646,元大S＆P500,324,0,324,中國信託,2024-06-19,6160
00931B,統一美債20年,321,7,314,中國信託,2024-06-19,6160
4938,和碩,336,25,311,中國信託,2024-06-19,6160
2027,大成鋼,305,6,299,中國信託,2024-06-19,6160
8936,國統,303,6,297,中國信託,2024-06-19,6160
8085,福華,314,53,261,中國信託,2024-06-19,6160
2211,長榮鋼,236,6,230,中國信託,2024-06-19,6160
00915,凱基優選高股息30,235,6,229,中國信託,2024-06-19,6160
2365,昆盈,450,231,219,中國信託,2024-06-19,6160
2889,國票金,200,1,199,中國信託,2024-06-19,6160
6176,瑞儀,246,55,191,中國信託,2024-06-19,6160
2455,全新,215,38,177,中國信託,2024-06-19,6160
8150,南茂,154,0,154,中國信託,2024-06-19,6160
9933,中鼎,160,8,152,中國信託,2024-06-19,6160
5880,合庫金,153,3,150,中國信託,2024-06-19,6160
2102,泰豐,148,0,148,中國信託,2024-06-19,6160
2887,台新金,160,23,137,中國信託,2024-06-19,6160
6770,力積電,192,64,128,中國信託,2024-06-19,6160
2801,彰銀,117,13,104,中國信託,2024-06-19,6160
00894,中信小資高價30,265,165,100,中國信託,2024-06-19,6160
3033,威健,137,38,99,中國信託,2024-06-19,6160
2345,智邦,102,7,95,中國信託,2024-06-19,6160
00923,群益台ESG低碳50,430,339,91,中國信託,2024-06-19,6160
2376,技嘉,135,46,89,中國信託,2024-06-19,6160
2537,聯上發,108,26,82,中國信託,2024-06-19,6160
2540,愛山林,82,2,80,中國信託,2024-06-19,6160
4919,新唐,78,1,77,中國信託,2024-06-19,6160
911868,同方友友-DR,92,15,77,中國信託,2024-06-19,6160
8050,廣積,73,1,72,中國信託,2024-06-19,6160
00728,第一金工業30,71,0,71,中國信託,2024-06-19,6160
2408,南亞科,219,149,70,中國信託,2024-06-19,6160
00939,統一台灣高息動能,7506,247,7259,中國信託,2024-06-20,6160
00918,大華優利高填息30,1761,138,1623,中國信託,2024-06-20,6160
00878,國泰永續高股息,1759,355,1404,中國信託,2024-06-20,6160
00929,復華台灣科技優息,5694,4383,1311,中國信託,2024-06-20,6160
00919,群益台灣精選高息,1687,513,1174,中國信託,2024-06-20,6160
00948B,中信優息投資級債,999,16,983,中國信託,2024-06-20,6160
2885,元大金,1431,540,891,中國信託,2024-06-20,6160
00891,中信關鍵半導體,862,29,833,中國信託,2024-06-20,6160
2102,泰豐,431,0,431,中國信託,2024-06-20,6160
2886,兆豐金,404,4,400,中國信託,2024-06-20,6160
3481,群創,495,107,388,中國信託,2024-06-20,6160
00937B,群益ESG投等債20,436,64,372,中國信託,2024-06-20,6160
00772B,中信高評級公司債,353,6,347,中國信託,2024-06-20,6160
3708,上緯投控,318,0,318,中國信託,2024-06-20,6160
2603,長榮,352,37,315,中國信託,2024-06-20,6160
1216,統一,304,1,303,中國信託,2024-06-20,6160
6449,鈺邦,310,25,285,中國信託,2024-06-20,6160
00892,富邦台灣半導體,558,278,280,中國信託,2024-06-20,6160
2610,華航,319,42,277,中國信託,2024-06-20,6160
00679B,元大美債20年,373,101,272,中國信託,2024-06-20,6160
00687B,國泰20年美債,316,53,263,中國信託,2024-06-20,6160
2880,華南金,269,15,254,中國信託,2024-06-20,6160
4938,和碩,283,40,243,中國信託,2024-06-20,6160
00945B,凱基美國非投等債,241,0,241,中國信託,2024-06-20,6160
00701,國泰股利精選30,238,3,235,中國信託,2024-06-20,6160
4526,東台,504,274,230,中國信託,2024-06-20,6160
00894,中信小資高價30,355,149,206,中國信託,2024-06-20,6160
0056,元大高股息,625,427,198,中國信託,2024-06-20,6160
2801,彰銀,227,30,197,中國信託,2024-06-20,6160
00932,兆豐永續高息等權,207,13,194,中國信託,2024-06-20,6160
00752,中信中國50,367,175,192,中國信託,2024-06-20,6160
00850,元大臺灣ESG永續,190,1,189,中國信託,2024-06-20,6160
5530,龍巖,205,29,176,中國信託,2024-06-20,6160
00712,復華富時不動產,255,82,173,中國信託,2024-06-20,6160
2884,玉山金,224,57,167,中國信託,2024-06-20,6160
00922,國泰台灣領袖50,161,7,154,中國信託,2024-06-20,6160
3105,穩懋,221,71,150,中國信託,2024-06-20,6160
2327,國巨,145,1,144,中國信託,2024-06-20,6160
00921,兆豐龍頭等權重,208,67,141,中國信託,2024-06-20,6160
2618,長榮航,363,225,138,中國信託,2024-06-20,6160
5880,合庫金,155,21,134,中國信託,2024-06-20,6160
2615,萬海,365,230,135,中國信託,2024-06-20,6160
2892,第一金,169,35,134,中國信託,2024-06-20,6160
3042,晶技,133,5,128,中國信託,2024-06-20,6160
00900,富邦特選高股息30,876,752,124,中國信託,2024-06-20,6160
2308,台達電,160,37,123,中國信託,2024-06-20,6160
9904,寶成,130,9,121,中國信託,2024-06-20,6160
2537,聯上發,132,12,120,中國信託,2024-06-20,6160
00719B,元大美債1-3,113,0,113,中國信託,2024-06-20,6160
1473,台南,115,5,110,中國信託,2024-06-20,6160
00937B,群益ESG投等債20,2301,302,1999,中國信託,2024-06-21,6160
2618,長榮航,2216,478,1738,中國信託,2024-06-21,6160
00878,國泰永續高股息,1894,791,1103,中國信託,2024-06-21,6160
00918,大華優利高填息30,1036,139,897,中國信託,2024-06-21,6160
2888,新光金,991,171,820,中國信託,2024-06-21,6160
006208,富邦台50,968,251,717,中國信託,2024-06-21,6160
1473,台南,655,5,650,中國信託,2024-06-21,6160
00941,中信上游半導體,879,276,603,中國信託,2024-06-21,6160
2603,長榮,633,40,593,中國信託,2024-06-21,6160
00894,中信小資高價30,1009,530,479,中國信託,2024-06-21,6160
00929,復華台灣科技優息,3206,2818,388,中國信託,2024-06-21,6160
3231,緯創,333,91,242,中國信託,2024-06-21,6160
2615,萬海,759,537,222,中國信託,2024-06-21,6160
00891,中信關鍵半導體,308,93,215,中國信託,2024-06-21,6160
4109,加捷生醫,198,3,195,中國信託,2024-06-21,6160
2412,中華電,213,26,187,中國信託,2024-06-21,6160
3005,神基,203,19,184,中國信託,2024-06-21,6160
3702,大聯大,201,21,180,中國信託,2024-06-21,6160
2303,聯電,295,129,166,中國信託,2024-06-21,6160
0050,元大台灣50,708,544,164,中國信託,2024-06-21,6160
6217,中探針,170,7,163,中國信託,2024-06-21,6160
00933B,國泰10Y+金融債,220,65,155,中國信託,2024-06-21,6160
9904,寶成,169,16,153,中國信託,2024-06-21,6160
8150,南茂,144,11,133,中國信託,2024-06-21,6160
5347,世界,171,38,133,中國信託,2024-06-21,6160
2609,陽明,695,565,130,中國信託,2024-06-21,6160
2382,廣達,218,88,130,中國信託,2024-06-21,6160
00921,兆豐龍頭等權重,238,113,125,中國信託,2024-06-21,6160
00934,中信成長高股息,1070,954,116,中國信託,2024-06-21,6160
8086,宏捷科,106,1,105,中國信託,2024-06-21,6160
00753L,中信中國50正2,345,241,104,中國信託,2024-06-21,6160
2345,智邦,104,2,102,中國信託,2024-06-21,6160
5534,長虹,100,0,100,中國信託,2024-06-21,6160
2610,華航,268,168,100,中國信託,2024-06-21,6160
00687B,國泰20年美債,155,58,97,中國信託,2024-06-21,6160
00719B,元大美債1-3,96,0,96,中國信託,2024-06-21,6160
3406,玉晶光,106,10,96,中國信託,2024-06-21,6160
4526,東台,410,315,95,中國信託,2024-06-21,6160
00680L,元大美債20正2,133,41,92,中國信託,2024-06-21,6160
2801,彰銀,151,64,87,中國信託,2024-06-21,6160
00901,永豐智能車供應鏈,98,15,83,中國信託,2024-06-21,6160
3376,新日興,100,32,68,中國信託,2024-06-21,6160
00751B,元大AAA至A公司債,88,20,68,中國信託,2024-06-21,6160
1785,光洋科,211,149,62,中國信託,2024-06-21,6160
2102,泰豐,60,0,60,中國信託,2024-06-21,6160
1301,台塑,84,24,60,中國信託,2024-06-21,6160
00896,中信綠能及電動車,100,41,59,中國信託,2024-06-21,6160
00632R,元大台灣50反1,59,2,57,中國信託,2024-06-21,6160
4909,新復興,108,52,56,中國信託,2024-06-21,6160
2889,國票金,60,4,56,中國信託,2024-06-21,6160
00940,元大台灣價值高息,5445,2017,3428,中國信託,2024-06-24,6160
00900,富邦特選高股息30,2206,141,2065,中國信託,2024-06-24,6160
2610,華航,1928,143,1785,中國信託,2024-06-24,6160
3481,群創,2814,1756,1058,中國信託,2024-06-24,6160
2618,長榮航,895,90,805,中國信託,2024-06-24,6160
1303,南亞,737,6,731,中國信託,2024-06-24,6160
0050,元大台灣50,982,333,649,中國信託,2024-06-24,6160
5347,世界,633,5,628,中國信託,2024-06-24,6160
2615,萬海,737,212,525,中國信託,2024-06-24,6160
2609,陽明,647,144,503,中國信託,2024-06-24,6160
1522,堤維西,402,9,393,中國信託,2024-06-24,6160
00888,永豐台灣ESG,471,98,373,中國信託,2024-06-24,6160
1216,統一,439,91,348,中國信託,2024-06-24,6160
8085,福華,418,79,339,中國信託,2024-06-24,6160
00901,永豐智能車供應鏈,324,20,304,中國信託,2024-06-24,6160
2301,光寶科,317,17,300,中國信託,2024-06-24,6160
4532,瑞智,286,28,258,中國信託,2024-06-24,6160
00752,中信中國50,268,15,253,中國信託,2024-06-24,6160
6142,友勁,232,1,231,中國信託,2024-06-24,6160
0056,元大高股息,290,77,213,中國信託,2024-06-24,6160
6806,森崴能源,214,21,193,中國信託,2024-06-24,6160
00928,中信上櫃ESG30,588,396,192,中國信託,2024-06-24,6160
00894,中信小資高價30,727,538,189,中國信託,2024-06-24,6160
6164,華興,188,1,187,中國信託,2024-06-24,6160
2102,泰豐,184,0,184,中國信託,2024-06-24,6160
3062,建漢,654,496,158,中國信託,2024-06-24,6160
2603,長榮,207,91,116,中國信託,2024-06-24,6160
2489,瑞軒,119,12,107,中國信託,2024-06-24,6160
00896,中信綠能及電動車,130,24,106,中國信託,2024-06-24,6160
2501,國建,105,1,104,中國信託,2024-06-24,6160
00690,兆豐藍籌30,309,207,102,中國信託,2024-06-24,6160
2540,愛山林,101,1,100,中國信託,2024-06-24,6160
00772B,中信高評級公司債,210,113,97,中國信託,2024-06-24,6160
00712,復華富時不動產,153,60,93,中國信託,2024-06-24,6160
00882,中信中國高股息,106,15,91,中國信託,2024-06-24,6160
2883,凱基金,92,6,86,中國信託,2024-06-24,6160
1101,台泥,105,20,85,中國信託,2024-06-24,6160
6269,台郡,125,42,83,中國信託,2024-06-24,6160
2330,台積電,483,402,81,中國信託,2024-06-24,6160
9105,泰金寶-DR,160,79,81,中國信託,2024-06-24,6160
00679B,元大美債20年,112,34,78,中國信託,2024-06-24,6160
3047,訊舟,349,275,74,中國信託,2024-06-24,6160
2892,第一金,80,7,73,中國信託,2024-06-24,6160
6182,合晶,72,2,70,中國信託,2024-06-24,6160
2515,中工,124,54,70,中國信託,2024-06-24,6160
00706L,期元大S＆P日圓正2,71,2,69,中國信託,2024-06-24,6160
00911,兆豐洲際半導體,79,11,68,中國信託,2024-06-24,6160
00935,野村臺灣新科技50,90,22,68,中國信託,2024-06-24,6160
9933,中鼎,74,7,67,中國信託,2024-06-24,6160
2211,長榮鋼,104,37,67,中國信託,2024-06-24,6160
00940,元大台灣價值高息,2759,1325,1434,中國信託,2024-06-25,6160
2409,友達,1108,27,1081,中國信託,2024-06-25,6160
0050,元大台灣50,1418,521,897,中國信託,2024-06-25,6160
2618,長榮航,972,121,851,中國信託,2024-06-25,6160
00753L,中信中國50正2,792,112,680,中國信託,2024-06-25,6160
2303,聯電,639,126,513,中國信託,2024-06-25,6160
00885,富邦越南,506,9,497,中國信託,2024-06-25,6160
00900,富邦特選高股息30,937,441,496,中國信託,2024-06-25,6160
2606,裕民,501,33,468,中國信託,2024-06-25,6160
00701,國泰股利精選30,421,0,421,中國信託,2024-06-25,6160
00939,統一台灣高息動能,638,239,399,中國信託,2024-06-25,6160
2301,光寶科,410,13,397,中國信託,2024-06-25,6160
1708,東鹼,399,2,397,中國信託,2024-06-25,6160
2885,元大金,353,4,349,中國信託,2024-06-25,6160
8936,國統,304,2,302,中國信託,2024-06-25,6160
2102,泰豐,279,0,279,中國信託,2024-06-25,6160
00728,第一金工業30,278,1,277,中國信託,2024-06-25,6160
2603,長榮,375,171,204,中國信託,2024-06-25,6160
2317,鴻海,507,312,195,中國信託,2024-06-25,6160
00932,兆豐永續高息等權,232,44,188,中國信託,2024-06-25,6160
6164,華興,172,1,171,中國信託,2024-06-25,6160
5347,世界,176,11,165,中國信託,2024-06-25,6160
00945B,凱基美國非投等債,145,0,145,中國信託,2024-06-25,6160
2883,凱基金,155,10,145,中國信託,2024-06-25,6160
2345,智邦,141,1,140,中國信託,2024-06-25,6160
00632R,元大台灣50反1,243,106,137,中國信託,2024-06-25,6160
00901,永豐智能車供應鏈,178,64,114,中國信託,2024-06-25,6160
00919,群益台灣精選高息,750,640,110,中國信託,2024-06-25,6160
2313,華通,104,3,101,中國信託,2024-06-25,6160
00892,富邦台灣半導體,237,143,94,中國信託,2024-06-25,6160
00719B,元大美債1-3,91,0,91,中國信託,2024-06-25,6160
00933B,國泰10Y+金融債,93,13,80,中國信託,2024-06-25,6160
1301,台塑,178,99,79,中國信託,2024-06-25,6160
8110,華東,150,74,76,中國信託,2024-06-25,6160
9105,泰金寶-DR,152,78,74,中國信託,2024-06-25,6160
00925,新光標普電動車,72,0,72,中國信託,2024-06-25,6160
2211,長榮鋼,89,20,69,中國信託,2024-06-25,6160
1605,華新,72,3,69,中國信託,2024-06-25,6160
1815,富喬,158,90,68,中國信託,2024-06-25,6160
2610,華航,487,422,65,中國信託,2024-06-25,6160
2002,中鋼,72,7,65,中國信託,2024-06-25,6160
3044,健鼎,67,3,64,中國信託,2024-06-25,6160
3702,大聯大,109,47,62,中國信託,2024-06-25,6160
6806,森崴能源,151,89,62,中國信託,2024-06-25,6160
3711,日月光投控,74,14,60,中國信託,2024-06-25,6160
00706L,期元大S＆P日圓正2,61,1,60,中國信託,2024-06-25,6160
9933,中鼎,79,20,59,中國信託,2024-06-25,6160
00687B,國泰20年美債,117,61,56,中國信託,2024-06-25,6160
6111,大宇資,108,54,54,中國信託,2024-06-25,6160
6505,台塑化,65,14,51,中國信託,2024-06-25,6160
2352,佳世達,2064,180,1884,中國信託,2024-06-26,6160
00931B,統一美債20年,1908,96,1812,中國信託,2024-06-26,6160
00941,中信上游半導體,1042,13,1029,中國信託,2024-06-26,6160
2303,聯電,960,143,817,中國信託,2024-06-26,6160
00892,富邦台灣半導體,835,83,752,中國信託,2024-06-26,6160
3711,日月光投控,770,30,740,中國信託,2024-06-26,6160
00912,中信臺灣智慧50,781,138,643,中國信託,2024-06-26,6160
00948B,中信優息投資級債,838,230,608,中國信託,2024-06-26,6160
00752,中信中國50,1350,789,561,中國信託,2024-06-26,6160
2606,裕民,530,3,527,中國信託,2024-06-26,6160
2324,仁寶,536,19,517,中國信託,2024-06-26,6160
4532,瑞智,530,23,507,中國信託,2024-06-26,6160
3231,緯創,480,34,446,中國信託,2024-06-26,6160
0050,元大台灣50,651,292,359,中國信託,2024-06-26,6160
6509,聚和,305,1,304,中國信託,2024-06-26,6160
2385,群光,352,52,300,中國信託,2024-06-26,6160
3481,群創,601,318,283,中國信託,2024-06-26,6160
2356,英業達,275,22,253,中國信託,2024-06-26,6160
2903,遠百,240,1,239,中國信託,2024-06-26,6160
00928,中信上櫃ESG30,521,285,236,中國信託,2024-06-26,6160
2353,宏��,253,32,221,中國信託,2024-06-26,6160
6164,華興,200,3,197,中國信託,2024-06-26,6160
9105,泰金寶-DR,311,114,197,中國信託,2024-06-26,6160
2603,長榮,352,181,171,中國信託,2024-06-26,6160
2002,中鋼,150,4,146,中國信託,2024-06-26,6160
2102,泰豐,142,0,142,中國信託,2024-06-26,6160
2609,陽明,408,274,134,中國信託,2024-06-26,6160
2449,京元電子,422,289,133,中國信託,2024-06-26,6160
2317,鴻海,405,280,125,中國信託,2024-06-26,6160
00751B,元大AAA至A公司債,131,11,120,中國信託,2024-06-26,6160
00701,國泰股利精選30,119,0,119,中國信託,2024-06-26,6160
00772B,中信高評級公司債,271,155,116,中國信託,2024-06-26,6160
2409,友達,116,5,111,中國信託,2024-06-26,6160
00690,兆豐藍籌30,109,2,107,中國信託,2024-06-26,6160
00910,第一金太空衛星,105,0,105,中國信託,2024-06-26,6160
2515,中工,111,6,105,中國信託,2024-06-26,6160
00932,兆豐永續高息等權,106,3,103,中國信託,2024-06-26,6160
1210,大成,102,0,102,中國信託,2024-06-26,6160
00720B,元大投資級公司債,99,1,98,中國信託,2024-06-26,6160
8936,國統,102,4,98,中國信託,2024-06-26,6160
2537,聯上發,116,21,95,中國信託,2024-06-26,6160
3062,建漢,207,113,94,中國信託,2024-06-26,6160
2610,華航,208,114,94,中國信託,2024-06-26,6160
1314,中石化,149,63,86,中國信託,2024-06-26,6160
2888,新光金,102,16,86,中國信託,2024-06-26,6160
2301,光寶科,210,126,84,中國信託,2024-06-26,6160
8028,昇陽半導體,144,63,81,中國信託,2024-06-26,6160
5880,合庫金,86,5,81,中國信託,2024-06-26,6160
0056,元大高股息,105,25,80,中國信託,2024-06-26,6160
4526,東台,252,176,76,中國信託,2024-06-26,6160
00940,元大台灣價值高息,7125,2896,4229,中國信託,2024-06-27,6160
0050,元大台灣50,851,53,798,中國信託,2024-06-27,6160
00933B,國泰10Y+金融債,639,6,633,中國信託,2024-06-27,6160
00931B,統一美債20年,631,21,610,中國信託,2024-06-27,6160
00900,富邦特選高股息30,673,137,536,中國信託,2024-06-27,6160
3711,日月光投控,546,70,476,中國信託,2024-06-27,6160
1216,統一,513,38,475,中國信託,2024-06-27,6160
00665L,富邦�琤肭磪囓�2,468,15,453,中國信託,2024-06-27,6160
8112,至上,454,29,425,中國信託,2024-06-27,6160
00692,富邦公司治理,439,36,403,中國信託,2024-06-27,6160
2303,聯電,451,68,383,中國信託,2024-06-27,6160
00680L,元大美債20正2,376,0,376,中國信託,2024-06-27,6160
00892,富邦台灣半導體,277,7,270,中國信託,2024-06-27,6160
00679B,元大美債20年,272,18,254,中國信託,2024-06-27,6160
4532,瑞智,218,2,216,中國信託,2024-06-27,6160
00922,國泰台灣領袖50,213,2,211,中國信託,2024-06-27,6160
1815,富喬,207,38,169,中國信託,2024-06-27,6160
00921,兆豐龍頭等權重,157,4,153,中國信託,2024-06-27,6160
3035,智原,150,32,118,中國信託,2024-06-27,6160
00772B,中信高評級公司債,131,13,118,中國信託,2024-06-27,6160
6278,台表科,118,1,117,中國信託,2024-06-27,6160
2449,京元電子,173,59,114,中國信託,2024-06-27,6160
1477,聚陽,115,3,112,中國信託,2024-06-27,6160
3081,聯亞,119,10,109,中國信託,2024-06-27,6160
6509,聚和,100,0,100,中國信託,2024-06-27,6160
4915,致伸,139,40,99,中國信託,2024-06-27,6160
5483,中美晶,118,19,99,中國信託,2024-06-27,6160
00924,復華S＆P500成長,96,0,96,中國信託,2024-06-27,6160
6005,群益證,97,1,96,中國信託,2024-06-27,6160
2845,遠東銀,95,0,95,中國信託,2024-06-27,6160
00751B,元大AAA至A公司債,99,4,95,中國信託,2024-06-27,6160
911608,明輝-DR,107,13,94,中國信託,2024-06-27,6160
9105,泰金寶-DR,247,154,93,中國信託,2024-06-27,6160
3665,貿聯-KY,96,5,91,中國信託,2024-06-27,6160
2382,廣達,142,54,88,中國信託,2024-06-27,6160
2880,華南金,98,12,86,中國信託,2024-06-27,6160
00720B,元大投資級公司債,83,0,83,中國信託,2024-06-27,6160
3708,上緯投控,84,3,81,中國信託,2024-06-27,6160
912000,晨訊科-DR,187,110,77,中國信託,2024-06-27,6160
6125,廣運,104,27,77,中國信託,2024-06-27,6160
6683,雍智科技,76,1,75,中國信託,2024-06-27,6160
4576,大銀微系統,75,0,75,中國信託,2024-06-27,6160
00948B,中信優息投資級債,482,414,68,中國信託,2024-06-27,6160
5243,乙盛-KY,108,41,67,中國信託,2024-06-27,6160
6176,瑞儀,75,9,66,中國信託,2024-06-27,6160
00752,中信中國50,127,61,66,中國信託,2024-06-27,6160
6179,亞通,65,2,63,中國信託,2024-06-27,6160
00882,中信中國高股息,62,0,62,中國信託,2024-06-27,6160
1102,亞泥,60,0,60,中國信託,2024-06-27,6160
5347,世界,89,29,60,中國信託,2024-06-27,6160
00939,統一台灣高息動能,1964,83,1881,中國信託,2024-06-28,6160
00940,元大台灣價值高息,2406,607,1799,中國信託,2024-06-28,6160
00715L,期街口布蘭特正2,840,37,803,中國信託,2024-06-28,6160
00892,富邦台灣半導體,812,76,736,中國信託,2024-06-28,6160
00878,國泰永續高股息,1231,511,720,中國信託,2024-06-28,6160
2888,新光金,815,97,718,中國信託,2024-06-28,6160
00948B,中信優息投資級債,783,80,703,中國信託,2024-06-28,6160
2353,宏��,664,36,628,中國信託,2024-06-28,6160
2324,仁寶,530,11,519,中國信託,2024-06-28,6160
00752,中信中國50,447,38,409,中國信託,2024-06-28,6160
8069,元太,410,34,376,中國信託,2024-06-28,6160
1216,統一,355,1,354,中國信託,2024-06-28,6160
00881,國泰台灣5G+,921,569,352,中國信託,2024-06-28,6160
00888,永豐台灣ESG,408,65,343,中國信託,2024-06-28,6160
00687B,國泰20年美債,367,24,343,中國信託,2024-06-28,6160
3481,群創,350,47,303,中國信託,2024-06-28,6160
4958,臻鼎-KY,339,39,300,中國信託,2024-06-28,6160
00701,國泰股利精選30,366,76,290,中國信託,2024-06-28,6160
8096,擎亞,295,19,276,中國信託,2024-06-28,6160
3042,晶技,268,6,262,中國信託,2024-06-28,6160
00928,中信上櫃ESG30,487,244,243,中國信託,2024-06-28,6160
00901,永豐智能車供應鏈,277,41,236,中國信託,2024-06-28,6160
00679B,元大美債20年,245,10,235,中國信託,2024-06-28,6160
006208,富邦台50,717,485,232,中國信託,2024-06-28,6160
00922,國泰台灣領袖50,281,53,228,中國信託,2024-06-28,6160
2449,京元電子,252,41,211,中國信託,2024-06-28,6160
3576,聯合再生,414,220,194,中國信託,2024-06-28,6160
6770,力積電,189,15,174,中國信託,2024-06-28,6160
00713,元大台灣高息低波,226,61,165,中國信託,2024-06-28,6160
00690,兆豐藍籌30,159,0,159,中國信託,2024-06-28,6160
6143,振曜,154,0,154,中國信託,2024-06-28,6160
2484,希華,150,0,150,中國信託,2024-06-28,6160
5243,乙盛-KY,251,102,149,中國信託,2024-06-28,6160
2603,長榮,154,22,132,中國信託,2024-06-28,6160
00772B,中信高評級公司債,247,127,120,中國信託,2024-06-28,6160
00942B,台新美A公司債20+,4207,4090,117,中國信託,2024-06-28,6160
00712,復華富時不動產,113,0,113,中國信託,2024-06-28,6160
00773B,中信優先金融債,1176,1064,112,中國信託,2024-06-28,6160
911868,同方友友-DR,140,28,112,中國信託,2024-06-28,6160
6244,茂迪,208,100,108,中國信託,2024-06-28,6160
6213,聯茂,127,23,104,中國信託,2024-06-28,6160
00665L,富邦�琤肭磪囓�2,173,70,103,中國信託,2024-06-28,6160
00910,第一金太空衛星,106,3,103,中國信託,2024-06-28,6160
1590,亞德客-KY,103,2,101,中國信託,2024-06-28,6160
6443,元晶,214,120,94,中國信託,2024-06-28,6160
5607,遠雄港,103,11,92,中國信託,2024-06-28,6160
00932,兆豐永續高息等權,82,3,79,中國信託,2024-06-28,6160
00725B,國泰投資級公司債,76,0,76,中國信託,2024-06-28,6160
2609,陽明,137,62,75,中國信託,2024-06-28,6160
00706L,期元大S＆P日圓正2,74,0,74,中國信託,2024-06-28,6160
00940,元大台灣價值高息,6748,1175,5573,中國信託,2024-07-01,6160
00939,統一台灣高息動能,4910,276,4634,中國信託,2024-07-01,6160
2303,聯電,3737,298,3439,中國信託,2024-07-01,6160
00900,富邦特選高股息30,1135,21,1114,中國信託,2024-07-01,6160
8112,至上,884,23,861,中國信託,2024-07-01,6160
3045,台灣大,856,13,843,中國信託,2024-07-01,6160
0056,元大高股息,733,26,707,中國信託,2024-07-01,6160
2618,長榮航,872,175,697,中國信託,2024-07-01,6160
00878,國泰永續高股息,895,202,693,中國信託,2024-07-01,6160
00679B,元大美債20年,665,26,639,中國信託,2024-07-01,6160
00719B,元大美債1-3,591,1,590,中國信託,2024-07-01,6160
2412,中華電,1189,766,423,中國信託,2024-07-01,6160
00751B,元大AAA至A公司債,409,0,409,中國信託,2024-07-01,6160
1102,亞泥,414,12,402,中國信託,2024-07-01,6160
0050,元大台灣50,502,101,401,中國信託,2024-07-01,6160
00680L,元大美債20正2,438,47,391,中國信託,2024-07-01,6160
2330,台積電,490,107,383,中國信託,2024-07-01,6160
2356,英業達,409,34,375,中國信託,2024-07-01,6160
3227,原相,391,16,375,中國信託,2024-07-01,6160
00864B,中信美國公債0-1,501,145,356,中國信託,2024-07-01,6160
00944,野村趨勢動能高息,358,12,346,中國信託,2024-07-01,6160
00687B,國泰20年美債,580,276,304,中國信託,2024-07-01,6160
3231,緯創,414,114,300,中國信託,2024-07-01,6160
2317,鴻海,429,131,298,中國信託,2024-07-01,6160
00896,中信綠能及電動車,292,1,291,中國信託,2024-07-01,6160
5347,世界,394,112,282,中國信託,2024-07-01,6160
00701,國泰股利精選30,265,0,265,中國信託,2024-07-01,6160
00949,復華日本龍頭,240,2,238,中國信託,2024-07-01,6160
2606,裕民,241,15,226,中國信託,2024-07-01,6160
2382,廣達,230,6,224,中國信託,2024-07-01,6160
6770,力積電,243,22,221,中國信託,2024-07-01,6160
00892,富邦台灣半導體,214,0,214,中國信託,2024-07-01,6160
00894,中信小資高價30,552,342,210,中國信託,2024-07-01,6160
2883,凱基金,214,16,198,中國信託,2024-07-01,6160
2474,可成,181,0,181,中國信託,2024-07-01,6160
00933B,國泰10Y+金融債,211,42,169,中國信託,2024-07-01,6160
3035,智原,187,34,153,中國信託,2024-07-01,6160
9939,宏全,150,0,150,中國信託,2024-07-01,6160
00922,國泰台灣領袖50,170,22,148,中國信託,2024-07-01,6160
3105,穩懋,199,53,146,中國信託,2024-07-01,6160
3034,聯詠,160,17,143,中國信託,2024-07-01,6160
00928,中信上櫃ESG30,245,104,141,中國信託,2024-07-01,6160
2301,光寶科,246,105,141,中國信託,2024-07-01,6160
00720B,元大投資級公司債,132,4,128,中國信託,2024-07-01,6160
912000,晨訊科-DR,118,14,104,中國信託,2024-07-01,6160
6788,華景電,113,10,103,中國信託,2024-07-01,6160
2449,京元電子,206,112,94,中國信託,2024-07-01,6160
2204,中華,100,9,91,中國信託,2024-07-01,6160
2402,毅嘉,100,13,87,中國信託,2024-07-01,6160
2454,聯發科,88,4,84,中國信託,2024-07-01,6160
00940,元大台灣價值高息,7685,1344,6341,中國信託,2024-07-02,6160
00939,統一台灣高息動能,3059,77,2982,中國信託,2024-07-02,6160
00888,永豐台灣ESG,2965,85,2880,中國信託,2024-07-02,6160
00900,富邦特選高股息30,2541,495,2046,中國信託,2024-07-02,6160
2633,台灣高鐵,1600,0,1600,中國信託,2024-07-02,6160
00680L,元大美債20正2,1313,0,1313,中國信託,2024-07-02,6160
00632R,元大台灣50反1,925,5,920,中國信託,2024-07-02,6160
1216,統一,851,1,850,中國信託,2024-07-02,6160
00679B,元大美債20年,801,12,789,中國信託,2024-07-02,6160
2888,新光金,1069,446,623,中國信託,2024-07-02,6160
6176,瑞儀,649,60,589,中國信託,2024-07-02,6160
5483,中美晶,581,33,548,中國信託,2024-07-02,6160
6164,華興,510,1,509,中國信託,2024-07-02,6160
5905,南仁湖,513,11,502,中國信託,2024-07-02,6160
4123,晟德,530,47,483,中國信託,2024-07-02,6160
0050,元大台灣50,579,101,478,中國信託,2024-07-02,6160
00892,富邦台灣半導體,480,3,477,中國信託,2024-07-02,6160
8436,大江,450,1,449,中國信託,2024-07-02,6160
00928,中信上櫃ESG30,711,269,442,中國信託,2024-07-02,6160
2618,長榮航,1477,1085,392,中國信託,2024-07-02,6160
00901,永豐智能車供應鏈,422,62,360,中國信託,2024-07-02,6160
8936,國統,409,52,357,中國信託,2024-07-02,6160
2404,漢唐,310,0,310,中國信託,2024-07-02,6160
9105,泰金寶-DR,566,272,294,中國信託,2024-07-02,6160
6239,力成,300,34,266,中國信託,2024-07-02,6160
2330,台積電,535,292,243,中國信託,2024-07-02,6160
8069,元太,260,18,242,中國信託,2024-07-02,6160
2883,凱基金,230,7,223,中國信託,2024-07-02,6160
2349,錸德,388,175,213,中國信託,2024-07-02,6160
4746,台耀,221,13,208,中國信託,2024-07-02,6160
6121,新普,201,2,199,中國信託,2024-07-02,6160
0056,元大高股息,556,372,184,中國信託,2024-07-02,6160
00919,群益台灣精選高息,326,167,159,中國信託,2024-07-02,6160
3481,群創,177,27,150,中國信託,2024-07-02,6160
6179,亞通,139,0,139,中國信託,2024-07-02,6160
00795B,中信美國公債20年,738,613,125,中國信託,2024-07-02,6160
00933B,國泰10Y+金融債,124,2,122,中國信託,2024-07-02,6160
00712,復華富時不動產,154,35,119,中國信託,2024-07-02,6160
2002,中鋼,122,5,117,中國信託,2024-07-02,6160
2406,國碩,244,137,107,中國信託,2024-07-02,6160
2345,智邦,101,2,99,中國信託,2024-07-02,6160
2365,昆盈,433,335,98,中國信託,2024-07-02,6160
9907,統一實,95,0,95,中國信託,2024-07-02,6160
00688L,國泰20年美債正2,95,1,94,中國信託,2024-07-02,6160
2537,聯上發,103,13,90,中國信託,2024-07-02,6160
00751B,元大AAA至A公司債,92,2,90,中國信託,2024-07-02,6160
00922,國泰台灣領袖50,169,80,89,中國信託,2024-07-02,6160
2412,中華電,92,3,89,中國信託,2024-07-02,6160
6698,旭暉應材,102,14,88,中國信託,2024-07-02,6160
3702,大聯大,93,7,86,中國信託,2024-07-02,6160
00940,元大台灣價值高息,6011,240,5771,中國信託,2024-07-03,6160
2357,華碩,3725,54,3671,中國信託,2024-07-03,6160
2889,國票金,2301,25,2276,中國信託,2024-07-03,6160
00929,復華台灣科技優息,3584,1325,2259,中國信託,2024-07-03,6160
00878,國泰永續高股息,1424,377,1047,中國信託,2024-07-03,6160
6005,群益證,1043,93,950,中國信託,2024-07-03,6160
00939,統一台灣高息動能,858,56,802,中國信託,2024-07-03,6160
00900,富邦特選高股息30,817,36,781,中國信託,2024-07-03,6160
6269,台郡,687,15,672,中國信託,2024-07-03,6160
00888,永豐台灣ESG,671,33,638,中國信託,2024-07-03,6160
00692,富邦公司治理,624,19,605,中國信託,2024-07-03,6160
6147,頎邦,558,1,557,中國信託,2024-07-03,6160
00894,中信小資高價30,640,115,525,中國信託,2024-07-03,6160
1907,永豐餘,472,9,463,中國信託,2024-07-03,6160
00680L,元大美債20正2,421,0,421,中國信託,2024-07-03,6160
6121,新普,416,3,413,中國信託,2024-07-03,6160
0050,元大台灣50,527,114,413,中國信託,2024-07-03,6160
00701,國泰股利精選30,567,214,353,中國信託,2024-07-03,6160
00864B,中信美國公債0-1,438,115,323,中國信託,2024-07-03,6160
00942B,台新美A公司債20+,2421,2118,303,中國信託,2024-07-03,6160
2330,台積電,517,217,300,中國信託,2024-07-03,6160
9105,泰金寶-DR,653,381,272,中國信託,2024-07-03,6160
5434,崇越,264,5,259,中國信託,2024-07-03,6160
00892,富邦台灣半導體,381,131,250,中國信託,2024-07-03,6160
00688L,國泰20年美債正2,220,0,220,中國信託,2024-07-03,6160
1210,大成,202,0,202,中國信託,2024-07-03,6160
2404,漢唐,198,5,193,中國信託,2024-07-03,6160
6278,台表科,254,61,193,中國信託,2024-07-03,6160
8464,億豐,193,5,188,中國信託,2024-07-03,6160
00944,野村趨勢動能高息,453,269,184,中國信託,2024-07-03,6160
3665,貿聯-KY,157,3,154,中國信託,2024-07-03,6160
2344,華邦電,208,58,150,中國信託,2024-07-03,6160
00679B,元大美債20年,163,13,150,中國信託,2024-07-03,6160
00632R,元大台灣50反1,210,66,144,中國信託,2024-07-03,6160
00922,國泰台灣領袖50,161,20,141,中國信託,2024-07-03,6160
4542,科嶠,145,7,138,中國信託,2024-07-03,6160
1582,信錦,129,0,129,中國信託,2024-07-03,6160
2383,台光電,151,22,129,中國信託,2024-07-03,6160
2356,英業達,160,48,112,中國信託,2024-07-03,6160
6244,茂迪,237,128,109,中國信託,2024-07-03,6160
2455,全新,115,12,103,中國信託,2024-07-03,6160
5443,均豪,261,165,96,中國信託,2024-07-03,6160
6488,環球晶,100,4,96,中國信託,2024-07-03,6160
2412,中華電,95,1,94,中國信託,2024-07-03,6160
1319,東陽,95,4,91,中國信託,2024-07-03,6160
4563,百德,90,1,89,中國信託,2024-07-03,6160
2308,台達電,90,2,88,中國信託,2024-07-03,6160
2323,中環,182,95,87,中國信託,2024-07-03,6160
2449,京元電子,159,75,84,中國信託,2024-07-03,6160
2408,南亞科,161,77,84,中國信託,2024-07-03,6160
00929,復華台灣科技優息,4780,1559,3221,中國信託,2024-07-04,6160
00919,群益台灣精選高息,1042,118,924,中國信託,2024-07-04,6160
3045,台灣大,1601,935,666,中國信託,2024-07-04,6160
2855,統一證,513,1,512,中國信託,2024-07-04,6160
00701,國泰股利精選30,403,2,401,中國信託,2024-07-04,6160
00753L,中信中國50正2,490,107,383,中國信託,2024-07-04,6160
3231,緯創,444,77,367,中國信託,2024-07-04,6160
00941,中信上游半導體,405,39,366,中國信託,2024-07-04,6160
00692,富邦公司治理,540,181,359,中國信託,2024-07-04,6160
6176,瑞儀,355,11,344,中國信託,2024-07-04,6160
1102,亞泥,341,9,332,中國信託,2024-07-04,6160
00892,富邦台灣半導體,749,449,300,中國信託,2024-07-04,6160
00937B,群益ESG投等債20,335,54,281,中國信託,2024-07-04,6160
9105,泰金寶-DR,623,352,271,中國信託,2024-07-04,6160
00948B,中信優息投資級債,269,0,269,中國信託,2024-07-04,6160
1785,光洋科,448,197,251,中國信託,2024-07-04,6160
8112,至上,258,20,238,中國信託,2024-07-04,6160
2360,致茂,200,2,198,中國信託,2024-07-04,6160
3221,台嘉碩,198,0,198,中國信託,2024-07-04,6160
2881,富邦金,337,139,198,中國信託,2024-07-04,6160
00752,中信中國50,270,74,196,中國信託,2024-07-04,6160
0050,元大台灣50,688,495,193,中國信託,2024-07-04,6160
00894,中信小資高價30,246,59,187,中國信託,2024-07-04,6160
6121,新普,181,4,177,中國信託,2024-07-04,6160
2351,順德,164,0,164,中國信託,2024-07-04,6160
9958,世紀鋼,152,3,149,中國信託,2024-07-04,6160
2455,全新,209,62,147,中國信託,2024-07-04,6160
2317,鴻海,510,363,147,中國信託,2024-07-04,6160
2102,泰豐,140,0,140,中國信託,2024-07-04,6160
2312,金寶,225,89,136,中國信託,2024-07-04,6160
00918,大華優利高填息30,341,222,119,中國信託,2024-07-04,6160
1301,台塑,123,9,114,中國信託,2024-07-04,6160
00687B,國泰20年美債,137,24,113,中國信託,2024-07-04,6160
2354,鴻準,345,232,113,中國信託,2024-07-04,6160
00864B,中信美國公債0-1,213,107,106,中國信託,2024-07-04,6160
6164,華興,101,0,101,中國信託,2024-07-04,6160
3047,訊舟,300,199,101,中國信託,2024-07-04,6160
00921,兆豐龍頭等權重,108,8,100,中國信託,2024-07-04,6160
5905,南仁湖,100,1,99,中國信託,2024-07-04,6160
2883,凱基金,189,95,94,中國信託,2024-07-04,6160
8016,矽創,92,0,92,中國信託,2024-07-04,6160
00706L,期元大S＆P日圓正2,110,18,92,中國信託,2024-07-04,6160
3042,晶技,128,38,90,中國信託,2024-07-04,6160
00643,群益深証中小,88,0,88,中國信託,2024-07-04,6160
00922,國泰台灣領袖50,146,59,87,中國信託,2024-07-04,6160
2408,南亞科,137,52,85,中國信託,2024-07-04,6160
2834,臺企銀,102,17,85,中國信託,2024-07-04,6160
6643,M31,86,6,80,中國信託,2024-07-04,6160
00679B,元大美債20年,94,18,76,中國信託,2024-07-04,6160
00933B,國泰10Y+金融債,78,4,74,中國信託,2024-07-04,6160
2891,中信金,2078,832,1246,中國信託,2024-07-05,6160
2618,長榮航,1275,190,1085,中國信託,2024-07-05,6160
1216,統一,638,1,637,中國信託,2024-07-05,6160
00939,統一台灣高息動能,627,134,493,中國信託,2024-07-05,6160
1210,大成,400,1,399,中國信託,2024-07-05,6160
00912,中信臺灣智慧50,559,160,399,中國信託,2024-07-05,6160
00888,永豐台灣ESG,436,53,383,中國信託,2024-07-05,6160
8383,千附,389,8,381,中國信託,2024-07-05,6160
00892,富邦台灣半導體,575,212,363,中國信託,2024-07-05,6160
00937B,群益ESG投等債20,455,119,336,中國信託,2024-07-05,6160
2455,全新,348,25,323,中國信託,2024-07-05,6160
3227,原相,289,64,225,中國信託,2024-07-05,6160
3044,健鼎,251,34,217,中國信託,2024-07-05,6160
3481,群創,351,156,195,中國信託,2024-07-05,6160
3049,精金,196,9,187,中國信託,2024-07-05,6160
00720B,元大投資級公司債,179,0,179,中國信託,2024-07-05,6160
00701,國泰股利精選30,217,44,173,中國信託,2024-07-05,6160
6789,采鈺,190,26,164,中國信託,2024-07-05,6160
00900,富邦特選高股息30,180,19,161,中國信託,2024-07-05,6160
2102,泰豐,150,0,150,中國信託,2024-07-05,6160
00918,大華優利高填息30,224,75,149,中國信託,2024-07-05,6160
6239,力成,164,20,144,中國信託,2024-07-05,6160
2365,昆盈,274,131,143,中國信託,2024-07-05,6160
2301,光寶科,170,32,138,中國信託,2024-07-05,6160
4968,立積,195,57,138,中國信託,2024-07-05,6160
00679B,元大美債20年,149,13,136,中國信託,2024-07-05,6160
2349,錸德,138,1,137,中國信託,2024-07-05,6160
2313,華通,166,31,135,中國信託,2024-07-05,6160
1513,中興電,234,116,118,中國信託,2024-07-05,6160
00894,中信小資高價30,192,78,114,中國信託,2024-07-05,6160
6125,廣運,143,30,113,中國信託,2024-07-05,6160
00901,永豐智能車供應鏈,107,0,107,中國信託,2024-07-05,6160
2367,燿華,424,318,106,中國信託,2024-07-05,6160
00680L,元大美債20正2,107,3,104,中國信託,2024-07-05,6160
2610,華航,119,19,100,中國信託,2024-07-05,6160
2327,國巨,103,4,99,中國信託,2024-07-05,6160
3689,湧德,113,17,96,中國信託,2024-07-05,6160
00712,復華富時不動產,105,12,93,中國信託,2024-07-05,6160
2885,元大金,93,3,90,中國信託,2024-07-05,6160
4958,臻鼎-KY,94,5,89,中國信託,2024-07-05,6160
00917,中信特選金融,98,9,89,中國信託,2024-07-05,6160
3024,憶聲,92,5,87,中國信託,2024-07-05,6160
3105,穩懋,124,37,87,中國信託,2024-07-05,6160
1102,亞泥,121,35,86,中國信託,2024-07-05,6160
3188,鑫龍騰,81,0,81,中國信託,2024-07-05,6160
2404,漢唐,105,25,80,中國信託,2024-07-05,6160
1402,遠東新,80,2,78,中國信託,2024-07-05,6160
00687B,國泰20年美債,84,7,77,中國信託,2024-07-05,6160
00949,復華日本龍頭,78,6,72,中國信託,2024-07-05,6160
2890,永豐金,71,0,71,中國信託,2024-07-05,6160
2891,中信金,2378,1017,1361,中國信託,2024-07-08,6160
00892,富邦台灣半導體,1206,28,1178,中國信託,2024-07-08,6160
00940,元大台灣價值高息,1811,962,849,中國信託,2024-07-08,6160
00888,永豐台灣ESG,1159,486,673,中國信託,2024-07-08,6160
00928,中信上櫃ESG30,628,89,539,中國信託,2024-07-08,6160
00948B,中信優息投資級債,606,69,537,中國信託,2024-07-08,6160
1708,東鹼,510,3,507,中國信託,2024-07-08,6160
00941,中信上游半導體,732,226,506,中國信託,2024-07-08,6160
5905,南仁湖,480,22,458,中國信託,2024-07-08,6160
3481,群創,2245,1810,435,中國信託,2024-07-08,6160
00882,中信中國高股息,359,17,342,中國信託,2024-07-08,6160
00917,中信特選金融,310,4,306,中國信託,2024-07-08,6160
6239,力成,276,8,268,中國信託,2024-07-08,6160
6125,廣運,283,19,264,中國信託,2024-07-08,6160
1314,中石化,340,95,245,中國信託,2024-07-08,6160
4562,穎漢,415,221,194,中國信託,2024-07-08,6160
2392,正崴,236,57,179,中國信託,2024-07-08,6160
2317,鴻海,511,339,172,中國信託,2024-07-08,6160
1101,台泥,206,43,163,中國信託,2024-07-08,6160
6285,啟��,156,10,146,中國信託,2024-07-08,6160
6147,頎邦,155,16,139,中國信託,2024-07-08,6160
00932,兆豐永續高息等權,161,25,136,中國信託,2024-07-08,6160
5324,士開,135,5,130,中國信託,2024-07-08,6160
00937B,群益ESG投等債20,344,217,127,中國信託,2024-07-08,6160
00688L,國泰20年美債正2,121,0,121,中國信託,2024-07-08,6160
2344,華邦電,125,9,116,中國信託,2024-07-08,6160
2610,華航,242,127,115,中國信託,2024-07-08,6160
6152,百一,136,27,109,中國信託,2024-07-08,6160
2354,鴻準,168,61,107,中國信託,2024-07-08,6160
3045,台灣大,144,38,106,中國信託,2024-07-08,6160
2464,盟立,245,152,93,中國信託,2024-07-08,6160
6216,居易,93,0,93,中國信託,2024-07-08,6160
2365,昆盈,610,518,92,中國信託,2024-07-08,6160
00919,群益台灣精選高息,711,622,89,中國信託,2024-07-08,6160
00679B,元大美債20年,152,64,88,中國信託,2024-07-08,6160
3702,大聯大,97,12,85,中國信託,2024-07-08,6160
8358,金居,87,4,83,中國信託,2024-07-08,6160
6873,泓德能源,77,0,77,中國信託,2024-07-08,6160
3227,原相,86,11,75,中國信託,2024-07-08,6160
2886,兆豐金,87,15,72,中國信託,2024-07-08,6160
00949,復華日本龍頭,72,1,71,中國信託,2024-07-08,6160
2352,佳世達,78,11,67,中國信託,2024-07-08,6160
6005,群益證,84,21,63,中國信託,2024-07-08,6160
3019,亞光,77,14,63,中國信託,2024-07-08,6160
2454,聯發科,130,69,61,中國信託,2024-07-08,6160
2801,彰銀,62,2,60,中國信託,2024-07-08,6160
3231,緯創,132,73,59,中國信託,2024-07-08,6160
6426,統新,59,0,59,中國信託,2024-07-08,6160
2867,三商壽,80,26,54,中國信託,2024-07-08,6160
1815,富喬,111,60,51,中國信託,2024-07-08,6160
2891,中信金,2594,228,2366,中國信託,2024-07-09,6160
00892,富邦台灣半導體,2105,666,1439,中國信託,2024-07-09,6160
00888,永豐台灣ESG,1175,338,837,中國信託,2024-07-09,6160
00912,中信臺灣智慧50,1220,462,758,中國信託,2024-07-09,6160
00921,兆豐龍頭等權重,985,280,705,中國信託,2024-07-09,6160
9105,泰金寶-DR,1196,507,689,中國信託,2024-07-09,6160
2888,新光金,1162,533,629,中國信託,2024-07-09,6160
2332,友訊,602,1,601,中國信託,2024-07-09,6160
6239,力成,538,9,529,中國信託,2024-07-09,6160
00941,中信上游半導體,651,205,446,中國信託,2024-07-09,6160
1402,遠東新,454,19,435,中國信託,2024-07-09,6160
2312,金寶,1126,764,362,中國信託,2024-07-09,6160
2867,三商壽,444,85,359,中國信託,2024-07-09,6160
00690,兆豐藍籌30,615,265,350,中國信託,2024-07-09,6160
2886,兆豐金,311,6,305,中國信託,2024-07-09,6160
00918,大華優利高填息30,362,69,293,中國信託,2024-07-09,6160
00945B,凱基美國非投等債,276,0,276,中國信託,2024-07-09,6160
2618,長榮航,333,71,262,中國信託,2024-07-09,6160
3047,訊舟,773,537,236,中國信託,2024-07-09,6160
2610,華航,244,27,217,中國信託,2024-07-09,6160
2449,京元電子,334,119,215,中國信託,2024-07-09,6160
2330,台積電,469,263,206,中國信託,2024-07-09,6160
2405,輔信,356,162,194,中國信託,2024-07-09,6160
2367,燿華,757,589,168,中國信託,2024-07-09,6160
00795B,中信美國公債20年,1264,1106,158,中國信託,2024-07-09,6160
3376,新日興,164,8,156,中國信託,2024-07-09,6160
6147,頎邦,152,0,152,中國信託,2024-07-09,6160
1785,光洋科,349,198,151,中國信託,2024-07-09,6160
1605,華新,155,18,137,中國信託,2024-07-09,6160
4906,正文,185,59,126,中國信託,2024-07-09,6160
00731,復華富時高息低波,121,0,121,中國信託,2024-07-09,6160
00932,兆豐永續高息等權,127,13,114,中國信託,2024-07-09,6160
2412,中華電,127,13,114,中國信託,2024-07-09,6160
2834,臺企銀,112,1,111,中國信託,2024-07-09,6160
2368,金像電,129,30,99,中國信託,2024-07-09,6160
6546,正基,134,36,98,中國信託,2024-07-09,6160
3312,弘憶股,268,173,95,中國信託,2024-07-09,6160
5876,上海商銀,95,0,95,中國信託,2024-07-09,6160
3450,聯鈞,146,51,95,中國信託,2024-07-09,6160
00910,第一金太空衛星,94,0,94,中國信託,2024-07-09,6160
4960,誠美材,183,91,92,中國信託,2024-07-09,6160
00901,永豐智能車供應鏈,249,159,90,中國信託,2024-07-09,6160
8068,全達,85,0,85,中國信託,2024-07-09,6160
5905,南仁湖,93,12,81,中國信託,2024-07-09,6160
2353,宏��,126,46,80,中國信託,2024-07-09,6160
00665L,富邦�琤肭磪囓�2,179,102,77,中國信託,2024-07-09,6160
1447,力鵬,93,18,75,中國信託,2024-07-09,6160
2885,元大金,74,2,72,中國信託,2024-07-09,6160
3406,玉晶光,75,4,71,中國信託,2024-07-09,6160
1301,台塑,69,5,64,中國信託,2024-07-09,6160
00940,元大台灣價值高息,10094,646,9448,中國信託,2024-07-10,6160
2888,新光金,6070,1848,4222,中國信託,2024-07-10,6160
3481,群創,3533,220,3313,中國信託,2024-07-10,6160
00679B,元大美債20年,1868,28,1840,中國信託,2024-07-10,6160
00650L,復華香港正2,2326,496,1830,中國信託,2024-07-10,6160
00632R,元大台灣50反1,1101,12,1089,中國信託,2024-07-10,6160
00941,中信上游半導體,957,19,938,中國信託,2024-07-10,6160
00900,富邦特選高股息30,738,17,721,中國信託,2024-07-10,6160
3231,緯創,627,22,605,中國信託,2024-07-10,6160
00892,富邦台灣半導體,560,84,476,中國信託,2024-07-10,6160
6005,群益證,424,4,420,中國信託,2024-07-10,6160
2313,華通,923,546,377,中國信託,2024-07-10,6160
2353,宏��,431,66,365,中國信託,2024-07-10,6160
00690,兆豐藍籌30,358,41,317,中國信託,2024-07-10,6160
00921,兆豐龍頭等權重,318,7,311,中國信託,2024-07-10,6160
2455,全新,320,11,309,中國信託,2024-07-10,6160
3062,建漢,336,47,289,中國信託,2024-07-10,6160
00896,中信綠能及電動車,328,86,242,中國信託,2024-07-10,6160
2845,遠東銀,222,7,215,中國信託,2024-07-10,6160
3673,TPK-KY,229,38,191,中國信託,2024-07-10,6160
00725B,國泰投資級公司債,190,0,190,中國信託,2024-07-10,6160
2889,國票金,185,1,184,中國信託,2024-07-10,6160
3376,新日興,204,21,183,中國信託,2024-07-10,6160
2449,京元電子,244,61,183,中國信託,2024-07-10,6160
2489,瑞軒,244,69,175,中國信託,2024-07-10,6160
2412,中華電,174,0,174,中國信託,2024-07-10,6160
2867,三商壽,315,147,168,中國信託,2024-07-10,6160
6147,頎邦,180,14,166,中國信託,2024-07-10,6160
2332,友訊,157,1,156,中國信託,2024-07-10,6160
00888,永豐台灣ESG,474,325,149,中國信託,2024-07-10,6160
3264,欣銓,142,0,142,中國信託,2024-07-10,6160
2385,群光,142,0,142,中國信託,2024-07-10,6160
9958,世紀鋼,143,5,138,中國信託,2024-07-10,6160
00919,群益台灣精選高息,300,162,138,中國信託,2024-07-10,6160
00948B,中信優息投資級債,295,164,131,中國信託,2024-07-10,6160
0056,元大高股息,258,128,130,中國信託,2024-07-10,6160
3189,景碩,146,20,126,中國信託,2024-07-10,6160
2887,台新金,136,14,122,中國信託,2024-07-10,6160
6239,力成,135,15,120,中國信託,2024-07-10,6160
2618,長榮航,154,44,110,中國信託,2024-07-10,6160
00891,中信關鍵半導體,235,127,108,中國信託,2024-07-10,6160
00912,中信臺灣智慧50,287,180,107,中國信託,2024-07-10,6160
3702,大聯大,114,11,103,中國信託,2024-07-10,6160
00773B,中信優先金融債,1032,931,101,中國信託,2024-07-10,6160
2002,中鋼,107,7,100,中國信託,2024-07-10,6160
00633L,富邦上証正2,100,0,100,中國信託,2024-07-10,6160
00728,第一金工業30,161,61,100,中國信託,2024-07-10,6160
00943,兆豐電子高息等權,159,61,98,中國信託,2024-07-10,6160
1736,喬山,98,1,97,中國信託,2024-07-10,6160
2347,聯強,93,1,92,中國信託,2024-07-10,6160
00939,統一台灣高息動能,2531,241,2290,中國信託,2024-07-11,6160
00940,元大台灣價值高息,2518,434,2084,中國信託,2024-07-11,6160
2885,元大金,1591,76,1515,中國信託,2024-07-11,6160
5905,南仁湖,1535,26,1509,中國信託,2024-07-11,6160
3481,群創,2045,537,1508,中國信託,2024-07-11,6160
2356,英業達,1225,355,870,中國信託,2024-07-11,6160
00878,國泰永續高股息,1266,515,751,中國信託,2024-07-11,6160
6005,群益證,604,11,593,中國信託,2024-07-11,6160
00687B,國泰20年美債,620,46,574,中國信託,2024-07-11,6160
00918,大華優利高填息30,664,96,568,中國信託,2024-07-11,6160
00892,富邦台灣半導體,851,316,535,中國信託,2024-07-11,6160
00941,中信上游半導體,657,127,530,中國信託,2024-07-11,6160
00701,國泰股利精選30,553,67,486,中國信託,2024-07-11,6160
2867,三商壽,582,97,485,中國信託,2024-07-11,6160
4958,臻鼎-KY,534,97,437,中國信託,2024-07-11,6160
4109,加捷生醫,433,29,404,中國信託,2024-07-11,6160
00702,國泰標普低波高息,397,1,396,中國信託,2024-07-11,6160
2353,宏��,442,90,352,中國信託,2024-07-11,6160
00922,國泰台灣領袖50,357,6,351,中國信託,2024-07-11,6160
2408,南亞科,367,50,317,中國信託,2024-07-11,6160
00894,中信小資高價30,507,208,299,中國信託,2024-07-11,6160
00753L,中信中國50正2,304,14,290,中國信託,2024-07-11,6160
00632R,元大台灣50反1,471,190,281,中國信託,2024-07-11,6160
2845,遠東銀,293,16,277,中國信託,2024-07-11,6160
2332,友訊,245,12,233,中國信託,2024-07-11,6160
2317,鴻海,373,141,232,中國信託,2024-07-11,6160
3037,欣興,290,74,216,中國信託,2024-07-11,6160
00679B,元大美債20年,376,177,199,中國信託,2024-07-11,6160
3665,貿聯-KY,203,9,194,中國信託,2024-07-11,6160
2883,凱基金,351,158,193,中國信託,2024-07-11,6160
0050,元大台灣50,795,605,190,中國信託,2024-07-11,6160
00937B,群益ESG投等債20,262,75,187,中國信託,2024-07-11,6160
00680L,元大美債20正2,176,0,176,中國信託,2024-07-11,6160
6770,力積電,200,33,167,中國信託,2024-07-11,6160
2061,風青,166,2,164,中國信託,2024-07-11,6160
00692,富邦公司治理,202,44,158,中國信託,2024-07-11,6160
00752,中信中國50,348,191,157,中國信託,2024-07-11,6160
00665L,富邦�琤肭磪囓�2,226,70,156,中國信託,2024-07-11,6160
2412,中華電,152,1,151,中國信託,2024-07-11,6160
6147,頎邦,151,2,149,中國信託,2024-07-11,6160
2481,強茂,231,88,143,中國信託,2024-07-11,6160
00719B,元大美債1-3,147,7,140,中國信託,2024-07-11,6160
4716,大立,151,13,138,中國信託,2024-07-11,6160
00948B,中信優息投資級債,476,347,129,中國信託,2024-07-11,6160
00919,群益台灣精選高息,515,394,121,中國信託,2024-07-11,6160
00888,永豐台灣ESG,263,151,112,中國信託,2024-07-11,6160
00725B,國泰投資級公司債,103,0,103,中國信託,2024-07-11,6160
2548,華固,121,19,102,中國信託,2024-07-11,6160
00772B,中信高評級公司債,123,21,102,中國信託,2024-07-11,6160
00929,復華台灣科技優息,416,315,101,中國信託,2024-07-11,6160
2888,新光金,1622,257,1365,中國信託,2024-07-12,6160
1102,亞泥,1332,16,1316,中國信託,2024-07-12,6160
2801,彰銀,1007,10,997,中國信託,2024-07-12,6160
00900,富邦特選高股息30,1170,213,957,中國信託,2024-07-12,6160
00888,永豐台灣ESG,823,28,795,中國信託,2024-07-12,6160
2303,聯電,1013,288,725,中國信託,2024-07-12,6160
00948B,中信優息投資級債,719,6,713,中國信託,2024-07-12,6160
00907,永豐優息存股,687,4,683,中國信託,2024-07-12,6160
6005,群益證,514,7,507,中國信託,2024-07-12,6160
00690,兆豐藍籌30,623,126,497,中國信託,2024-07-12,6160
00940,元大台灣價值高息,887,404,483,中國信託,2024-07-12,6160
00937B,群益ESG投等債20,715,243,472,中國信託,2024-07-12,6160
3711,日月光投控,520,82,438,中國信託,2024-07-12,6160
00918,大華優利高填息30,708,305,403,中國信託,2024-07-12,6160
0056,元大高股息,522,124,398,中國信託,2024-07-12,6160
00701,國泰股利精選30,660,288,372,中國信託,2024-07-12,6160
3593,力銘,369,5,364,中國信託,2024-07-12,6160
2889,國票金,335,12,323,中國信託,2024-07-12,6160
2317,鴻海,889,568,321,中國信託,2024-07-12,6160
2312,金寶,965,653,312,中國信託,2024-07-12,6160
00912,中信臺灣智慧50,336,36,300,中國信託,2024-07-12,6160
5347,世界,369,72,297,中國信託,2024-07-12,6160
1708,東鹼,260,2,258,中國信託,2024-07-12,6160
00891,中信關鍵半導體,284,29,255,中國信託,2024-07-12,6160
2634,漢翔,251,2,249,中國信託,2024-07-12,6160
00680L,元大美債20正2,321,87,234,中國信託,2024-07-12,6160
2845,遠東銀,206,4,202,中國信託,2024-07-12,6160
00687B,國泰20年美債,353,156,197,中國信託,2024-07-12,6160
6147,頎邦,181,3,178,中國信託,2024-07-12,6160
00772B,中信高評級公司債,431,254,177,中國信託,2024-07-12,6160
2637,慧洋-KY,179,4,175,中國信託,2024-07-12,6160
2867,三商壽,1665,1492,173,中國信託,2024-07-12,6160
00901,永豐智能車供應鏈,286,115,171,中國信託,2024-07-12,6160
00733,富邦臺灣中小,160,4,156,中國信託,2024-07-12,6160
2356,英業達,286,134,152,中國信託,2024-07-12,6160
1440,南紡,146,0,146,中國信託,2024-07-12,6160
6176,瑞儀,147,5,142,中國信託,2024-07-12,6160
3264,欣銓,135,0,135,中國信託,2024-07-12,6160
1316,上曜,373,242,131,中國信託,2024-07-12,6160
8112,至上,160,33,127,中國信託,2024-07-12,6160
00932,兆豐永續高息等權,127,9,118,中國信託,2024-07-12,6160
3037,欣興,242,127,115,中國信託,2024-07-12,6160
00725B,國泰投資級公司債,112,1,111,中國信託,2024-07-12,6160
6217,中探針,115,4,111,中國信託,2024-07-12,6160
5483,中美晶,131,20,111,中國信託,2024-07-12,6160
6269,台郡,116,6,110,中國信託,2024-07-12,6160
2412,中華電,117,10,107,中國信託,2024-07-12,6160
2362,藍天,154,50,104,中國信託,2024-07-12,6160
2903,遠百,101,0,101,中國信託,2024-07-12,6160
9105,泰金寶-DR,373,281,92,中國信託,2024-07-12,6160
00940,元大台灣價值高息,7472,465,7007,中國信託,2024-07-15,6160
00939,統一台灣高息動能,2447,145,2302,中國信託,2024-07-15,6160
00900,富邦特選高股息30,1692,572,1120,中國信託,2024-07-15,6160
00941,中信上游半導體,845,51,794,中國信託,2024-07-15,6160
00949,復華日本龍頭,748,15,733,中國信託,2024-07-15,6160
2352,佳世達,555,8,547,中國信託,2024-07-15,6160
6005,群益證,533,25,508,中國信託,2024-07-15,6160
2027,大成鋼,470,5,465,中國信託,2024-07-15,6160
00912,中信臺灣智慧50,1092,639,453,中國信託,2024-07-15,6160
2332,友訊,660,220,440,中國信託,2024-07-15,6160
00894,中信小資高價30,1082,786,296,中國信託,2024-07-15,6160
2867,三商壽,326,39,287,中國信託,2024-07-15,6160
00942B,台新美A公司債20+,3128,2886,242,中國信託,2024-07-15,6160
00701,國泰股利精選30,493,254,239,中國信託,2024-07-15,6160
1504,東元,241,2,239,中國信託,2024-07-15,6160
00936,台新永續高息中小,2022,1788,234,中國信託,2024-07-15,6160
2845,遠東銀,233,1,232,中國信託,2024-07-15,6160
6142,友勁,220,0,220,中國信託,2024-07-15,6160
1477,聚陽,220,2,218,中國信託,2024-07-15,6160
00735,國泰臺韓科技,208,0,208,中國信託,2024-07-15,6160
00933B,國泰10Y+金融債,241,45,196,中國信託,2024-07-15,6160
2881,富邦金,210,16,194,中國信託,2024-07-15,6160
2637,慧洋-KY,190,2,188,中國信託,2024-07-15,6160
6462,神盾,270,87,183,中國信託,2024-07-15,6160
8112,至上,176,4,172,中國信託,2024-07-15,6160
00921,兆豐龍頭等權重,582,420,162,中國信託,2024-07-15,6160
4912,聯德控股-KY,150,0,150,中國信託,2024-07-15,6160
9945,潤泰新,193,51,142,中國信託,2024-07-15,6160
2883,凱基金,147,6,141,中國信託,2024-07-15,6160
5508,永信建,148,10,138,中國信託,2024-07-15,6160
3264,欣銓,142,6,136,中國信託,2024-07-15,6160
2889,國票金,225,92,133,中國信託,2024-07-15,6160
1608,華榮,247,120,127,中國信託,2024-07-15,6160
00679B,元大美債20年,328,205,123,中國信託,2024-07-15,6160
2347,聯強,125,3,122,中國信託,2024-07-15,6160
4958,臻鼎-KY,203,83,120,中國信託,2024-07-15,6160
2903,遠百,119,0,119,中國信託,2024-07-15,6160
1736,喬山,112,0,112,中國信託,2024-07-15,6160
2618,長榮航,611,502,109,中國信託,2024-07-15,6160
00943,兆豐電子高息等權,106,1,105,中國信託,2024-07-15,6160
2317,鴻海,243,141,102,中國信託,2024-07-15,6160
00637L,元大滬深300正2,102,3,99,中國信託,2024-07-15,6160
2464,盟立,149,52,97,中國信託,2024-07-15,6160
6757,台灣虎航,106,9,97,中國信託,2024-07-15,6160
1102,亞泥,98,7,91,中國信託,2024-07-15,6160
00932,兆豐永續高息等權,112,24,88,中國信託,2024-07-15,6160
2915,潤泰全,96,9,87,中國信託,2024-07-15,6160
1722,台肥,90,5,85,中國信託,2024-07-15,6160
2548,華固,91,7,84,中國信託,2024-07-15,6160
00753L,中信中國50正2,92,13,79,中國信託,2024-07-15,6160
00940,元大台灣價值高息,4551,1170,3381,中國信託,2024-07-16,6160
00939,統一台灣高息動能,3049,167,2882,中國信託,2024-07-16,6160
2891,中信金,1034,321,713,中國信託,2024-07-16,6160
00907,永豐優息存股,635,0,635,中國信託,2024-07-16,6160
00942B,台新美A公司債20+,1312,686,626,中國信託,2024-07-16,6160
00900,富邦特選高股息30,1514,922,592,中國信託,2024-07-16,6160
0056,元大高股息,620,38,582,中國信託,2024-07-16,6160
2439,美律,528,5,523,中國信託,2024-07-16,6160
00752,中信中國50,568,51,517,中國信託,2024-07-16,6160
2492,華新科,469,20,449,中國信託,2024-07-16,6160
5213,亞昕,351,27,324,中國信託,2024-07-16,6160
00918,大華優利高填息30,336,20,316,中國信託,2024-07-16,6160
00912,中信臺灣智慧50,621,347,274,中國信託,2024-07-16,6160
00892,富邦台灣半導體,797,526,271,中國信託,2024-07-16,6160
00932,兆豐永續高息等權,202,2,200,中國信託,2024-07-16,6160
1722,台肥,201,5,196,中國信託,2024-07-16,6160
00891,中信關鍵半導體,398,207,191,中國信託,2024-07-16,6160
4938,和碩,196,8,188,中國信託,2024-07-16,6160
8383,千附,165,6,159,中國信託,2024-07-16,6160
4912,聯德控股-KY,158,0,158,中國信託,2024-07-16,6160
2317,鴻海,444,286,158,中國信託,2024-07-16,6160
1216,統一,155,0,155,中國信託,2024-07-16,6160
2912,統一超,159,5,154,中國信託,2024-07-16,6160
00943,兆豐電子高息等權,140,0,140,中國信託,2024-07-16,6160
2353,宏��,219,86,133,中國信託,2024-07-16,6160
2610,華航,199,72,127,中國信託,2024-07-16,6160
1785,光洋科,227,106,121,中國信託,2024-07-16,6160
00733,富邦臺灣中小,134,14,120,中國信託,2024-07-16,6160
4956,光鋐,238,122,116,中國信託,2024-07-16,6160
00690,兆豐藍籌30,222,116,106,中國信託,2024-07-16,6160
6462,神盾,178,72,106,中國信託,2024-07-16,6160
00933B,國泰10Y+金融債,144,40,104,中國信託,2024-07-16,6160
00848B,中信新興亞洲債,247,143,104,中國信託,2024-07-16,6160
9939,宏全,100,0,100,中國信託,2024-07-16,6160
00864B,中信美國公債0-1,158,60,98,中國信託,2024-07-16,6160
2312,金寶,324,232,92,中國信託,2024-07-16,6160
3037,欣興,177,86,91,中國信託,2024-07-16,6160
2524,京城,93,6,87,中國信託,2024-07-16,6160
2888,新光金,554,474,80,中國信託,2024-07-16,6160
2002,中鋼,105,27,78,中國信託,2024-07-16,6160
6757,台灣虎航,110,35,75,中國信託,2024-07-16,6160
00719B,元大美債1-3,69,0,69,中國信託,2024-07-16,6160
1504,東元,80,12,68,中國信託,2024-07-16,6160
2412,中華電,86,20,66,中國信託,2024-07-16,6160
3207,耀勝,79,14,65,中國信託,2024-07-16,6160
2107,厚生,60,1,59,中國信託,2024-07-16,6160
2887,台新金,70,13,57,中國信託,2024-07-16,6160
2243,宏旭-KY,105,48,57,中國信託,2024-07-16,6160
00923,群益台ESG低碳50,265,208,57,中國信託,2024-07-16,6160
3665,貿聯-KY,60,4,56,中國信託,2024-07-16,6160
00940,元大台灣價值高息,5521,519,5002,中國信託,2024-07-17,6160
00939,統一台灣高息動能,2222,984,1238,中國信託,2024-07-17,6160
2891,中信金,992,81,911,中國信託,2024-07-17,6160
00941,中信上游半導體,923,56,867,中國信託,2024-07-17,6160
5213,亞昕,841,19,822,中國信託,2024-07-17,6160
00912,中信臺灣智慧50,769,133,636,中國信託,2024-07-17,6160
00900,富邦特選高股息30,1068,536,532,中國信託,2024-07-17,6160
00692,富邦公司治理,488,6,482,中國信託,2024-07-17,6160
2610,華航,555,164,391,中國信託,2024-07-17,6160
2330,台積電,630,266,364,中國信託,2024-07-17,6160
00937B,群益ESG投等債20,448,88,360,中國信託,2024-07-17,6160
0056,元大高股息,408,65,343,中國信託,2024-07-17,6160
1102,亞泥,344,3,341,中國信託,2024-07-17,6160
00712,復華富時不動產,465,164,301,中國信託,2024-07-17,6160
1708,東鹼,301,2,299,中國信託,2024-07-17,6160
00891,中信關鍵半導體,279,1,278,中國信託,2024-07-17,6160
00892,富邦台灣半導體,522,252,270,中國信託,2024-07-17,6160
6509,聚和,258,1,257,中國信託,2024-07-17,6160
00944,野村趨勢動能高息,941,722,219,中國信託,2024-07-17,6160
3450,聯鈞,295,76,219,中國信託,2024-07-17,6160
00706L,期元大S＆P日圓正2,220,10,210,中國信託,2024-07-17,6160
3037,欣興,358,160,198,中國信託,2024-07-17,6160
2501,國建,247,54,193,中國信託,2024-07-17,6160
1409,新纖,252,59,193,中國信託,2024-07-17,6160
2609,陽明,246,62,184,中國信託,2024-07-17,6160
3149,正達,184,2,182,中國信託,2024-07-17,6160
2912,統一超,186,4,182,中國信託,2024-07-17,6160
00888,永豐台灣ESG,221,40,181,中國信託,2024-07-17,6160
00901,永豐智能車供應鏈,319,152,167,中國信託,2024-07-17,6160
2303,聯電,196,31,165,中國信託,2024-07-17,6160
6125,廣運,174,41,133,中國信託,2024-07-17,6160
00752,中信中國50,267,139,128,中國信託,2024-07-17,6160
2312,金寶,286,164,122,中國信託,2024-07-17,6160
3049,精金,156,36,120,中國信託,2024-07-17,6160
6770,力積電,140,21,119,中國信託,2024-07-17,6160
00772B,中信高評級公司債,202,88,114,中國信託,2024-07-17,6160
0050,元大台灣50,576,463,113,中國信託,2024-07-17,6160
2618,長榮航,226,125,101,中國信託,2024-07-17,6160
8103,瀚荃,96,9,87,中國信託,2024-07-17,6160
2889,國票金,87,0,87,中國信託,2024-07-17,6160
6285,啟��,85,1,84,中國信託,2024-07-17,6160
6005,群益證,84,0,84,中國信託,2024-07-17,6160
6505,台塑化,83,1,82,中國信託,2024-07-17,6160
2412,中華電,91,9,82,中國信託,2024-07-17,6160
00728,第一金工業30,92,12,80,中國信託,2024-07-17,6160
00913,兆豐台灣晶圓製造,80,2,78,中國信託,2024-07-17,6160
1795,美時,82,6,76,中國信託,2024-07-17,6160
00922,國泰台灣領袖50,76,0,76,中國信託,2024-07-17,6160
00719B,元大美債1-3,75,0,75,中國信託,2024-07-17,6160
00933B,國泰10Y+金融債,222,148,74,中國信託,2024-07-17,6160
00940,元大台灣價值高息,16689,2993,13696,中國信託,2024-07-18,6160
0050,元大台灣50,3413,264,3149,中國信託,2024-07-18,6160
00706L,期元大S＆P日圓正2,2031,10,2021,中國信託,2024-07-18,6160
00900,富邦特選高股息30,1994,373,1621,中國信託,2024-07-18,6160
2891,中信金,1179,54,1125,中國信託,2024-07-18,6160
1102,亞泥,765,10,755,中國信託,2024-07-18,6160
00907,永豐優息存股,925,275,650,中國信託,2024-07-18,6160
2352,佳世達,802,169,633,中國信託,2024-07-18,6160
00948B,中信優息投資級債,838,348,490,中國信託,2024-07-18,6160
00888,永豐台灣ESG,642,226,416,中國信託,2024-07-18,6160
2881,富邦金,431,28,403,中國信託,2024-07-18,6160
0056,元大高股息,475,97,378,中國信託,2024-07-18,6160
00850,元大臺灣ESG永續,351,15,336,中國信託,2024-07-18,6160
00701,國泰股利精選30,576,249,327,中國信託,2024-07-18,6160
00881,國泰台灣5G+,3544,3218,326,中國信託,2024-07-18,6160
2308,台達電,308,19,289,中國信託,2024-07-18,6160
00892,富邦台灣半導體,1189,910,279,中國信託,2024-07-18,6160
00932,兆豐永續高息等權,237,0,237,中國信託,2024-07-18,6160
00939,統一台灣高息動能,2108,1878,230,中國信託,2024-07-18,6160
2537,聯上發,255,67,188,中國信託,2024-07-18,6160
2834,臺企銀,211,32,179,中國信託,2024-07-18,6160
2332,友訊,175,12,163,中國信託,2024-07-18,6160
00901,永豐智能車供應鏈,250,92,158,中國信託,2024-07-18,6160
8028,昇陽半導體,187,31,156,中國信託,2024-07-18,6160
6239,力成,194,42,152,中國信託,2024-07-18,6160
1722,台肥,142,2,140,中國信託,2024-07-18,6160
8105,凌巨,285,162,123,中國信託,2024-07-18,6160
2449,京元電子,206,95,111,中國信託,2024-07-18,6160
00725B,國泰投資級公司債,108,1,107,中國信託,2024-07-18,6160
00936,台新永續高息中小,3039,2936,103,中國信託,2024-07-18,6160
00943,兆豐電子高息等權,107,10,97,中國信託,2024-07-18,6160
00795B,中信美國公債20年,128,32,96,中國信託,2024-07-18,6160
00752,中信中國50,122,26,96,中國信託,2024-07-18,6160
1314,中石化,111,22,89,中國信託,2024-07-18,6160
3206,志豐,86,0,86,中國信託,2024-07-18,6160
2867,三商壽,189,103,86,中國信託,2024-07-18,6160
00728,第一金工業30,176,92,84,中國信託,2024-07-18,6160
00708L,期元大S＆P黃金正2,82,0,82,中國信託,2024-07-18,6160
6757,台灣虎航,80,5,75,中國信託,2024-07-18,6160
2520,冠德,142,69,73,中國信託,2024-07-18,6160
00905,FT臺灣Smart,86,15,71,中國信託,2024-07-18,6160
3481,群創,323,253,70,中國信託,2024-07-18,6160
3406,玉晶光,71,1,70,中國信託,2024-07-18,6160
3062,建漢,84,15,69,中國信託,2024-07-18,6160
00692,富邦公司治理,180,112,68,中國信託,2024-07-18,6160
2365,昆盈,544,478,66,中國信託,2024-07-18,6160
6770,力積電,70,5,65,中國信託,2024-07-18,6160
00679B,元大美債20年,217,152,65,中國信託,2024-07-18,6160
6462,神盾,99,39,60,中國信託,2024-07-18,6160
00904,新光臺灣半導體30,211,152,59,中國信託,2024-07-18,6160
00940,元大台灣價值高息,6233,1910,4323,中國信託,2024-07-19,6160
00939,統一台灣高息動能,2411,755,1656,中國信託,2024-07-19,6160
2409,友達,1483,150,1333,中國信託,2024-07-19,6160
2885,元大金,1526,437,1089,中國信託,2024-07-19,6160
2601,益航,1010,0,1010,中國信託,2024-07-19,6160
0056,元大高股息,653,160,493,中國信託,2024-07-19,6160
00692,富邦公司治理,598,155,443,中國信託,2024-07-19,6160
00632R,元大台灣50反1,591,210,381,中國信託,2024-07-19,6160
2102,泰豐,378,2,376,中國信託,2024-07-19,6160
00896,中信綠能及電動車,349,6,343,中國信託,2024-07-19,6160
2105,正新,300,0,300,中國信託,2024-07-19,6160
00900,富邦特選高股息30,458,179,279,中國信託,2024-07-19,6160
00894,中信小資高價30,391,143,248,中國信託,2024-07-19,6160
2303,聯電,483,238,245,中國信託,2024-07-19,6160
00795B,中信美國公債20年,297,89,208,中國信託,2024-07-19,6160
9907,統一實,202,0,202,中國信託,2024-07-19,6160
00665L,富邦�琤肭磪囓�2,240,50,190,中國信託,2024-07-19,6160
00913,兆豐台灣晶圓製造,185,2,183,中國信託,2024-07-19,6160
00918,大華優利高填息30,203,26,177,中國信託,2024-07-19,6160
00912,中信臺灣智慧50,635,462,173,中國信託,2024-07-19,6160
2516,新建,160,2,158,中國信託,2024-07-19,6160
00917,中信特選金融,147,0,147,中國信託,2024-07-19,6160
9904,寶成,157,26,131,中國信託,2024-07-19,6160
6016,康和證,123,0,123,中國信託,2024-07-19,6160
6021,美好證,118,1,117,中國信託,2024-07-19,6160
00928,中信上櫃ESG30,228,112,116,中國信託,2024-07-19,6160
1815,富喬,171,63,108,中國信託,2024-07-19,6160
8936,國統,161,55,106,中國信託,2024-07-19,6160
00921,兆豐龍頭等權重,113,8,105,中國信託,2024-07-19,6160
2365,昆盈,514,417,97,中國信託,2024-07-19,6160
00910,第一金太空衛星,162,72,90,中國信託,2024-07-19,6160
00901,永豐智能車供應鏈,201,113,88,中國信託,2024-07-19,6160
5347,世界,138,51,87,中國信託,2024-07-19,6160
00728,第一金工業30,93,6,87,中國信託,2024-07-19,6160
2912,統一超,85,4,81,中國信託,2024-07-19,6160
2834,臺企銀,86,5,81,中國信託,2024-07-19,6160
2324,仁寶,183,102,81,中國信託,2024-07-19,6160
00888,永豐台灣ESG,569,493,76,中國信託,2024-07-19,6160
1709,和益,105,30,75,中國信託,2024-07-19,6160
4958,臻鼎-KY,95,23,72,中國信託,2024-07-19,6160
2618,長榮航,218,148,70,中國信託,2024-07-19,6160
2809,京城銀,70,0,70,中國信託,2024-07-19,6160
2312,金寶,209,139,70,中國信託,2024-07-19,6160
00773B,中信優先金融債,887,827,60,中國信託,2024-07-19,6160
3289,宜特,60,1,59,中國信託,2024-07-19,6160
00905,FT臺灣Smart,71,12,59,中國信託,2024-07-19,6160
00650L,復華香港正2,71,13,58,中國信託,2024-07-19,6160
3450,聯鈞,75,19,56,中國信託,2024-07-19,6160
2408,南亞科,54,0,54,中國信託,2024-07-19,6160
4303,信立,153,100,53,中國信託,2024-07-19,6160
00881,國泰台灣5G+,3357,1297,2060,中國信託,2024-07-22,6160
2891,中信金,1361,69,1292,中國信託,2024-07-22,6160
00933B,國泰10Y+金融債,1098,33,1065,中國信託,2024-07-22,6160
00900,富邦特選高股息30,1669,671,998,中國信託,2024-07-22,6160
00632R,元大台灣50反1,1309,544,765,中國信託,2024-07-22,6160
0056,元大高股息,1051,401,650,中國信託,2024-07-22,6160
2303,聯電,819,214,605,中國信託,2024-07-22,6160
2102,泰豐,586,0,586,中國信託,2024-07-22,6160
3481,群創,2494,1947,547,中國信託,2024-07-22,6160
00913,兆豐台灣晶圓製造,570,54,516,中國信託,2024-07-22,6160
2409,友達,481,42,439,中國信託,2024-07-22,6160
00888,永豐台灣ESG,773,358,415,中國信託,2024-07-22,6160
2834,臺企銀,635,273,362,中國信託,2024-07-22,6160
00712,復華富時不動產,559,203,356,中國信託,2024-07-22,6160
2324,仁寶,426,71,355,中國信託,2024-07-22,6160
00701,國泰股利精選30,365,31,334,中國信託,2024-07-22,6160
00939,統一台灣高息動能,708,377,331,中國信託,2024-07-22,6160
00894,中信小資高價30,986,675,311,中國信託,2024-07-22,6160
00921,兆豐龍頭等權重,290,7,283,中國信託,2024-07-22,6160
5512,力麒,523,272,251,中國信託,2024-07-22,6160
2882,國泰金,350,104,246,中國信託,2024-07-22,6160
00932,兆豐永續高息等權,246,6,240,中國信託,2024-07-22,6160
00892,富邦台灣半導體,931,697,234,中國信託,2024-07-22,6160
00901,永豐智能車供應鏈,472,263,209,中國信託,2024-07-22,6160
2454,聯發科,241,33,208,中國信託,2024-07-22,6160
00688L,國泰20年美債正2,203,0,203,中國信託,2024-07-22,6160
00928,中信上櫃ESG30,1912,1710,202,中國信託,2024-07-22,6160
2412,中華電,403,202,201,中國信託,2024-07-22,6160
2408,南亞科,184,9,175,中國信託,2024-07-22,6160
2308,台達電,161,17,144,中國信託,2024-07-22,6160
00665L,富邦�琤肭磪囓�2,206,73,133,中國信託,2024-07-22,6160
00942B,台新美A公司債20+,1997,1883,114,中國信託,2024-07-22,6160
2377,微星,108,14,94,中國信託,2024-07-22,6160
0050,元大台灣50,452,361,91,中國信託,2024-07-22,6160
00930,永豐ESG低碳高息,103,22,81,中國信託,2024-07-22,6160
1532,勤美,81,0,81,中國信託,2024-07-22,6160
5880,合庫金,100,22,78,中國信託,2024-07-22,6160
00631L,元大台灣50正2,90,15,75,中國信託,2024-07-22,6160
2812,台中銀,99,27,72,中國信託,2024-07-22,6160
2376,技嘉,103,32,71,中國信託,2024-07-22,6160
2912,統一超,85,15,70,中國信託,2024-07-22,6160
00896,中信綠能及電動車,79,9,70,中國信託,2024-07-22,6160
5289,宜鼎,65,1,64,中國信託,2024-07-22,6160
2618,長榮航,300,236,64,中國信託,2024-07-22,6160
2867,三商壽,160,97,63,中國信託,2024-07-22,6160
5483,中美晶,124,64,60,中國信託,2024-07-22,6160
3321,同泰,60,1,59,中國信託,2024-07-22,6160
00676R,富邦臺灣加權反1,58,0,58,中國信託,2024-07-22,6160
00945B,凱基美國非投等債,59,3,56,中國信託,2024-07-22,6160
00795B,中信美國公債20年,1281,1226,55,中國信託,2024-07-22,6160
3481,群創,2257,458,1799,中國信託,2024-07-23,6160
2409,友達,1085,22,1063,中國信託,2024-07-23,6160
2888,新光金,1226,270,956,中國信託,2024-07-23,6160
00665L,富邦�琤肭磪囓�2,751,136,615,中國信託,2024-07-23,6160
3711,日月光投控,735,149,586,中國信託,2024-07-23,6160
00679B,元大美債20年,998,481,517,中國信託,2024-07-23,6160
00676R,富邦臺灣加權反1,539,28,511,中國信託,2024-07-23,6160
2102,泰豐,420,0,420,中國信託,2024-07-23,6160
00632R,元大台灣50反1,1085,666,419,中國信託,2024-07-23,6160
00719B,元大美債1-3,401,1,400,中國信託,2024-07-23,6160
00937B,群益ESG投等債20,402,23,379,中國信託,2024-07-23,6160
00933B,國泰10Y+金融債,382,15,367,中國信託,2024-07-23,6160
00687B,國泰20年美債,341,19,322,中國信託,2024-07-23,6160
8112,至上,253,8,245,中國信託,2024-07-23,6160
2486,一詮,290,52,238,中國信託,2024-07-23,6160
00773B,中信優先金融債,1259,1036,223,中國信託,2024-07-23,6160
2891,中信金,257,59,198,中國信託,2024-07-23,6160
00701,國泰股利精選30,210,15,195,中國信託,2024-07-23,6160
2303,聯電,369,197,172,中國信託,2024-07-23,6160
00887,永豐中國科技50大,168,0,168,中國信託,2024-07-23,6160
1101,台泥,221,69,152,中國信託,2024-07-23,6160
2884,玉山金,185,38,147,中國信託,2024-07-23,6160
2368,金像電,149,2,147,中國信託,2024-07-23,6160
5471,松翰,140,0,140,中國信託,2024-07-23,6160
00864B,中信美國公債0-1,255,116,139,中國信託,2024-07-23,6160
00911,兆豐洲際半導體,131,1,130,中國信託,2024-07-23,6160
6177,達麗,171,45,126,中國信託,2024-07-23,6160
2548,華固,129,4,125,中國信託,2024-07-23,6160
6125,廣運,155,30,125,中國信託,2024-07-23,6160
00680L,元大美債20正2,122,5,117,中國信託,2024-07-23,6160
2812,台中銀,114,1,113,中國信託,2024-07-23,6160
2324,仁寶,113,4,109,中國信託,2024-07-23,6160
2412,中華電,119,14,105,中國信託,2024-07-23,6160
2912,統一超,100,0,100,中國信託,2024-07-23,6160
00795B,中信美國公債20年,1376,1276,100,中國信託,2024-07-23,6160
2609,陽明,159,59,100,中國信託,2024-07-23,6160
2506,太設,101,3,98,中國信託,2024-07-23,6160
00921,兆豐龍頭等權重,99,2,97,中國信託,2024-07-23,6160
3260,威剛,105,9,96,中國信託,2024-07-23,6160
2002,中鋼,120,26,94,中國信託,2024-07-23,6160
00891,中信關鍵半導體,122,34,88,中國信託,2024-07-23,6160
2349,錸德,91,3,88,中國信託,2024-07-23,6160
1301,台塑,93,5,88,中國信託,2024-07-23,6160
2542,興富發,159,72,87,中國信託,2024-07-23,6160
00720B,元大投資級公司債,82,0,82,中國信託,2024-07-23,6160
5521,工信,89,8,81,中國信託,2024-07-23,6160
00931B,統一美債20年,80,0,80,中國信託,2024-07-23,6160
6104,創惟,75,0,75,中國信託,2024-07-23,6160
3189,景碩,197,123,74,中國信託,2024-07-23,6160
00917,中信特選金融,72,0,72,中國信託,2024-07-23,6160
3481,群創,4802,2475,2327,中國信託,2024-07-26,6160
00937B,群益ESG投等債20,961,64,897,中國信託,2024-07-26,6160
00900,富邦特選高股息30,849,176,673,中國信託,2024-07-26,6160
00679B,元大美債20年,662,85,577,中國信託,2024-07-26,6160
00940,元大台灣價值高息,944,384,560,中國信託,2024-07-26,6160
00934,中信成長高股息,625,76,549,中國信託,2024-07-26,6160
0056,元大高股息,622,105,517,中國信託,2024-07-26,6160
2618,長榮航,495,86,409,中國信託,2024-07-26,6160
00912,中信臺灣智慧50,472,63,409,中國信託,2024-07-26,6160
2382,廣達,427,25,402,中國信託,2024-07-26,6160
2412,中華電,351,10,341,中國信託,2024-07-26,6160
2344,華邦電,325,3,322,中國信託,2024-07-26,6160
00939,統一台灣高息動能,355,40,315,中國信託,2024-07-26,6160
9904,寶成,273,18,255,中國信託,2024-07-26,6160
8028,昇陽半導體,364,128,236,中國信託,2024-07-26,6160
00680L,元大美債20正2,229,5,224,中國信託,2024-07-26,6160
1101,台泥,416,202,214,中國信託,2024-07-26,6160
00891,中信關鍵半導體,245,33,212,中國信託,2024-07-26,6160
00702,國泰標普低波高息,231,23,208,中國信託,2024-07-26,6160
6191,精成科,206,0,206,中國信託,2024-07-26,6160
2303,聯電,658,453,205,中國信託,2024-07-26,6160
2601,益航,205,3,202,中國信託,2024-07-26,6160
00888,永豐台灣ESG,227,31,196,中國信託,2024-07-26,6160
00932,兆豐永續高息等權,204,10,194,中國信託,2024-07-26,6160
3014,聯陽,191,0,191,中國信託,2024-07-26,6160
00701,國泰股利精選30,189,0,189,中國信託,2024-07-26,6160
00901,永豐智能車供應鏈,255,82,173,中國信託,2024-07-26,6160
6223,旺矽,180,10,170,中國信託,2024-07-26,6160
3023,信邦,170,0,170,中國信託,2024-07-26,6160
00752,中信中國50,231,70,161,中國信託,2024-07-26,6160
00882,中信中國高股息,195,47,148,中國信託,2024-07-26,6160
5347,世界,205,57,148,中國信託,2024-07-26,6160
6488,環球晶,148,0,148,中國信託,2024-07-26,6160
2102,泰豐,137,0,137,中國信託,2024-07-26,6160
2633,台灣高鐵,137,0,137,中國信託,2024-07-26,6160
00933B,國泰10Y+金融債,155,26,129,中國信託,2024-07-26,6160
6239,力成,128,0,128,中國信託,2024-07-26,6160
2409,友達,141,13,128,中國信託,2024-07-26,6160
00913,兆豐台灣晶圓製造,141,14,127,中國信託,2024-07-26,6160
3013,晟銘電,190,76,114,中國信託,2024-07-26,6160
3030,德律,150,42,108,中國信託,2024-07-26,6160
00773B,中信優先金融債,108,6,102,中國信託,2024-07-26,6160
3189,景碩,191,91,100,中國信託,2024-07-26,6160
00725B,國泰投資級公司債,99,1,98,中國信託,2024-07-26,6160
1582,信錦,101,5,96,中國信託,2024-07-26,6160
6890,來億-KY,96,3,93,中國信託,2024-07-26,6160
00719B,元大美債1-3,92,0,92,中國信託,2024-07-26,6160
5483,中美晶,92,1,91,中國信託,2024-07-26,6160
2884,玉山金,218,131,87,中國信託,2024-07-26,6160
2002,中鋼,122,36,86,中國信託,2024-07-26,6160
00939,統一台灣高息動能,759,23,736,中國信託,2024-07-29,6160
00632R,元大台灣50反1,1012,392,620,中國信託,2024-07-29,6160
00881,國泰台灣5G+,1301,720,581,中國信託,2024-07-29,6160
0056,元大高股息,525,53,472,中國信託,2024-07-29,6160
00888,永豐台灣ESG,629,202,427,中國信託,2024-07-29,6160
00715L,期街口布蘭特正2,428,6,422,中國信託,2024-07-29,6160
00892,富邦台灣半導體,442,32,410,中國信託,2024-07-29,6160
00912,中信臺灣智慧50,561,155,406,中國信託,2024-07-29,6160
2618,長榮航,501,96,405,中國信託,2024-07-29,6160
4938,和碩,392,2,390,中國信託,2024-07-29,6160
2317,鴻海,408,56,352,中國信託,2024-07-29,6160
00764B,群益25年美債,316,1,315,中國信託,2024-07-29,6160
2458,義隆,306,0,306,中國信託,2024-07-29,6160
2601,益航,303,3,300,中國信託,2024-07-29,6160
00940,元大台灣價值高息,3158,2865,293,中國信託,2024-07-29,6160
6191,精成科,253,0,253,中國信託,2024-07-29,6160
00680L,元大美債20正2,240,20,220,中國信託,2024-07-29,6160
2313,華通,216,9,207,中國信託,2024-07-29,6160
3014,聯陽,185,0,185,中國信託,2024-07-29,6160
00901,永豐智能車供應鏈,198,15,183,中國信託,2024-07-29,6160
9945,潤泰新,277,106,171,中國信託,2024-07-29,6160
00887,永豐中國科技50大,169,2,167,中國信託,2024-07-29,6160
3481,群創,2323,2162,161,中國信託,2024-07-29,6160
00690,兆豐藍籌30,164,4,160,中國信託,2024-07-29,6160
2455,全新,154,1,153,中國信託,2024-07-29,6160
3711,日月光投控,259,106,153,中國信託,2024-07-29,6160
00932,兆豐永續高息等權,153,1,152,中國信託,2024-07-29,6160
2382,廣達,173,22,151,中國信託,2024-07-29,6160
2515,中工,159,24,135,中國信託,2024-07-29,6160
2308,台達電,212,85,127,中國信託,2024-07-29,6160
00701,國泰股利精選30,128,2,126,中國信託,2024-07-29,6160
2345,智邦,125,0,125,中國信託,2024-07-29,6160
3189,景碩,242,134,108,中國信託,2024-07-29,6160
3017,奇鋐,121,15,106,中國信託,2024-07-29,6160
00896,中信綠能及電動車,104,0,104,中國信託,2024-07-29,6160
00650L,復華香港正2,126,22,104,中國信託,2024-07-29,6160
2884,玉山金,119,16,103,中國信託,2024-07-29,6160
00679B,元大美債20年,148,46,102,中國信託,2024-07-29,6160
00688L,國泰20年美債正2,101,0,101,中國信託,2024-07-29,6160
2303,聯電,327,233,94,中國信託,2024-07-29,6160
2888,新光金,117,27,90,中國信託,2024-07-29,6160
6655,科定,93,5,88,中國信託,2024-07-29,6160
8054,安國,169,87,82,中國信託,2024-07-29,6160
3062,建漢,93,11,82,中國信託,2024-07-29,6160
2867,三商壽,153,72,81,中國信託,2024-07-29,6160
00864B,中信美國公債0-1,197,117,80,中國信託,2024-07-29,6160
00719B,元大美債1-3,84,4,80,中國信託,2024-07-29,6160
00894,中信小資高價30,181,103,78,中國信託,2024-07-29,6160
6509,聚和,70,0,70,中國信託,2024-07-29,6160
3024,憶聲,80,10,70,中國信託,2024-07-29,6160
2891,中信金,867,50,817,中國信託,2024-07-30,6160
2881,富邦金,832,38,794,中國信託,2024-07-30,6160
00632R,元大台灣50反1,512,54,458,中國信託,2024-07-30,6160
2618,長榮航,453,13,440,中國信託,2024-07-30,6160
4960,誠美材,389,1,388,中國信託,2024-07-30,6160
00950B,凱基A級公司債,376,0,376,中國信託,2024-07-30,6160
00650L,復華香港正2,376,0,376,中國信託,2024-07-30,6160
00679B,元大美債20年,468,115,353,中國信託,2024-07-30,6160
2383,台光電,322,6,316,中國信託,2024-07-30,6160
0056,元大高股息,399,139,260,中國信託,2024-07-30,6160
3374,精材,289,46,243,中國信託,2024-07-30,6160
2601,益航,233,2,231,中國信託,2024-07-30,6160
2633,台灣高鐵,200,0,200,中國信託,2024-07-30,6160
2834,臺企銀,180,14,166,中國信託,2024-07-30,6160
00901,永豐智能車供應鏈,193,31,162,中國信託,2024-07-30,6160
0050,元大台灣50,486,324,162,中國信託,2024-07-30,6160
00894,中信小資高價30,268,107,161,中國信託,2024-07-30,6160
00911,兆豐洲際半導體,190,30,160,中國信託,2024-07-30,6160
00733,富邦臺灣中小,158,0,158,中國信託,2024-07-30,6160
00933B,國泰10Y+金融債,174,19,155,中國信託,2024-07-30,6160
2317,鴻海,263,114,149,中國信託,2024-07-30,6160
00753L,中信中國50正2,168,22,146,中國信託,2024-07-30,6160
00752,中信中國50,192,46,146,中國信託,2024-07-30,6160
2105,正新,134,2,132,中國信託,2024-07-30,6160
8028,昇陽半導體,269,141,128,中國信託,2024-07-30,6160
2102,泰豐,120,0,120,中國信託,2024-07-30,6160
00701,國泰股利精選30,119,0,119,中國信託,2024-07-30,6160
2884,玉山金,141,27,114,中國信託,2024-07-30,6160
2330,台積電,287,173,114,中國信託,2024-07-30,6160
2349,錸德,633,527,106,中國信託,2024-07-30,6160
3035,智原,136,30,106,中國信託,2024-07-30,6160
2368,金像電,110,5,105,中國信託,2024-07-30,6160
5371,中光電,110,8,102,中國信託,2024-07-30,6160
3481,群創,1298,1196,102,中國信託,2024-07-30,6160
1532,勤美,121,22,99,中國信託,2024-07-30,6160
3024,憶聲,163,71,92,中國信託,2024-07-30,6160
00900,富邦特選高股息30,759,670,89,中國信託,2024-07-30,6160
3711,日月光投控,130,44,86,中國信託,2024-07-30,6160
6191,精成科,87,1,86,中國信託,2024-07-30,6160
00883B,中信ESG投資級債,181,101,80,中國信託,2024-07-30,6160
00795B,中信美國公債20年,1329,1253,76,中國信託,2024-07-30,6160
00891,中信關鍵半導體,112,39,73,中國信託,2024-07-30,6160
1504,東元,73,3,70,中國信託,2024-07-30,6160
00688L,國泰20年美債正2,76,7,69,中國信託,2024-07-30,6160
9945,潤泰新,143,74,69,中國信託,2024-07-30,6160
3105,穩懋,70,5,65,中國信託,2024-07-30,6160
2025,千興,61,0,61,中國信託,2024-07-30,6160
2812,台中銀,61,0,61,中國信託,2024-07-30,6160
00715L,期街口布蘭特正2,55,2,53,中國信託,2024-07-30,6160
5519,隆大,65,12,53,中國信託,2024-07-30,6160
00881,國泰台灣5G+,2968,1249,1719,中國信託,2024-07-31,6160
00940,元大台灣價值高息,1158,541,617,中國信託,2024-07-31,6160
00901,永豐智能車供應鏈,658,105,553,中國信託,2024-07-31,6160
3522,御嵿,528,17,511,中國信託,2024-07-31,6160
3481,群創,1551,1053,498,中國信託,2024-07-31,6160
00713,元大台灣高息低波,462,24,438,中國信託,2024-07-31,6160
00937B,群益ESG投等債20,527,95,432,中國信託,2024-07-31,6160
4960,誠美材,418,3,415,中國信託,2024-07-31,6160
2888,新光金,418,46,372,中國信託,2024-07-31,6160
00944,野村趨勢動能高息,333,11,322,中國信託,2024-07-31,6160
00888,永豐台灣ESG,1006,703,303,中國信託,2024-07-31,6160
2409,友達,268,12,256,中國信託,2024-07-31,6160
00676R,富邦臺灣加權反1,250,0,250,中國信託,2024-07-31,6160
2633,台灣高鐵,227,3,224,中國信託,2024-07-31,6160
00900,富邦特選高股息30,659,449,210,中國信託,2024-07-31,6160
00665L,富邦�琤肭磪囓�2,290,84,206,中國信託,2024-07-31,6160
00679B,元大美債20年,267,64,203,中國信託,2024-07-31,6160
3491,昇達科,194,10,184,中國信託,2024-07-31,6160
00753L,中信中國50正2,332,149,183,中國信託,2024-07-31,6160
00922,國泰台灣領袖50,278,101,177,中國信託,2024-07-31,6160
00892,富邦台灣半導體,318,153,165,中國信託,2024-07-31,6160
2834,臺企銀,179,18,161,中國信託,2024-07-31,6160
2301,光寶科,165,9,156,中國信託,2024-07-31,6160
6239,力成,159,13,146,中國信託,2024-07-31,6160
00891,中信關鍵半導體,278,142,136,中國信託,2024-07-31,6160
00948B,中信優息投資級債,711,578,133,中國信託,2024-07-31,6160
00878,國泰永續高股息,3531,3400,131,中國信託,2024-07-31,6160
2820,華票,123,0,123,中國信託,2024-07-31,6160
3037,欣興,139,19,120,中國信託,2024-07-31,6160
3702,大聯大,115,0,115,中國信託,2024-07-31,6160
6278,台表科,115,2,113,中國信託,2024-07-31,6160
2317,鴻海,301,193,108,中國信託,2024-07-31,6160
6271,同欣電,112,4,108,中國信託,2024-07-31,6160
2408,南亞科,109,3,106,中國信託,2024-07-31,6160
1560,中砂,102,2,100,中國信託,2024-07-31,6160
00687B,國泰20年美債,143,49,94,中國信託,2024-07-31,6160
00692,富邦公司治理,255,165,90,中國信託,2024-07-31,6160
2515,中工,144,58,86,中國信託,2024-07-31,6160
3583,辛耘,89,9,80,中國信託,2024-07-31,6160
00690,兆豐藍籌30,82,4,78,中國信託,2024-07-31,6160
00928,中信上櫃ESG30,719,642,77,中國信託,2024-07-31,6160
2312,金寶,133,56,77,中國信託,2024-07-31,6160
8103,瀚荃,75,2,73,中國信託,2024-07-31,6160
00949,復華日本龍頭,78,6,72,中國信託,2024-07-31,6160
2204,中華,119,48,71,中國信託,2024-07-31,6160
3047,訊舟,411,343,68,中國信託,2024-07-31,6160
8927,北基,65,1,64,中國信託,2024-07-31,6160
2609,陽明,127,65,62,中國信託,2024-07-31,6160
00772B,中信高評級公司債,133,72,61,中國信託,2024-07-31,6160
00933B,國泰10Y+金融債,74,13,61,中國信託,2024-07-31,6160
00881,國泰台灣5G+,8247,4304,3943,中國信託,2024-08-01,6160
00900,富邦特選高股息30,967,12,955,中國信託,2024-08-01,6160
6509,聚和,530,20,510,中國信託,2024-08-01,6160
00912,中信臺灣智慧50,508,20,488,中國信託,2024-08-01,6160
00951,台新日本半導體,3056,2569,487,中國信託,2024-08-01,6160
3522,御嵿,506,20,486,中國信託,2024-08-01,6160
00679B,元大美債20年,534,52,482,中國信託,2024-08-01,6160
3481,群創,1495,1050,445,中國信託,2024-08-01,6160
00692,富邦公司治理,840,462,378,中國信託,2024-08-01,6160
3227,原相,439,64,375,中國信託,2024-08-01,6160
4960,誠美材,343,12,331,中國信託,2024-08-01,6160
00687B,國泰20年美債,317,55,262,中國信託,2024-08-01,6160
2330,台積電,442,188,254,中國信託,2024-08-01,6160
00940,元大台灣價值高息,1059,834,225,中國信託,2024-08-01,6160
2449,京元電子,265,44,221,中國信託,2024-08-01,6160
00944,野村趨勢動能高息,884,679,205,中國信託,2024-08-01,6160
00941,中信上游半導體,231,44,187,中國信託,2024-08-01,6160
00901,永豐智能車供應鏈,194,14,180,中國信託,2024-08-01,6160
00637L,元大滬深300正2,174,0,174,中國信託,2024-08-01,6160
00680L,元大美債20正2,414,241,173,中國信託,2024-08-01,6160
00921,兆豐龍頭等權重,171,1,170,中國信託,2024-08-01,6160
00913,兆豐台灣晶圓製造,200,30,170,中國信託,2024-08-01,6160
00864B,中信美國公債0-1,321,152,169,中國信託,2024-08-01,6160
00752,中信中國50,224,60,164,中國信託,2024-08-01,6160
2501,國建,240,82,158,中國信託,2024-08-01,6160
00931B,統一美債20年,154,2,152,中國信託,2024-08-01,6160
00887,永豐中國科技50大,204,55,149,中國信託,2024-08-01,6160
2382,廣達,256,110,146,中國信託,2024-08-01,6160
00942B,台新美A公司債20+,1322,1191,131,中國信託,2024-08-01,6160
0056,元大高股息,200,84,116,中國信託,2024-08-01,6160
2349,錸德,537,436,101,中國信託,2024-08-01,6160
00713,元大台灣高息低波,352,255,97,中國信託,2024-08-01,6160
3231,緯創,170,76,94,中國信託,2024-08-01,6160
6274,台燿,131,38,93,中國信託,2024-08-01,6160
2204,中華,124,34,90,中國信託,2024-08-01,6160
2312,金寶,167,83,84,中國信託,2024-08-01,6160
00772B,中信高評級公司債,138,55,83,中國信託,2024-08-01,6160
00933B,國泰10Y+金融債,93,10,83,中國信託,2024-08-01,6160
00891,中信關鍵半導體,88,6,82,中國信託,2024-08-01,6160
5243,乙盛-KY,80,0,80,中國信託,2024-08-01,6160
00894,中信小資高價30,160,86,74,中國信託,2024-08-01,6160
3663,鑫科,194,123,71,中國信託,2024-08-01,6160
3535,晶彩科,219,148,71,中國信託,2024-08-01,6160
00712,復華富時不動產,113,43,70,中國信託,2024-08-01,6160
1536,和大,104,39,65,中國信託,2024-08-01,6160
2317,鴻海,230,166,64,中國信託,2024-08-01,6160
1314,中石化,95,32,63,中國信託,2024-08-01,6160
4306,炎洲,78,16,62,中國信託,2024-08-01,6160
2337,旺宏,348,287,61,中國信託,2024-08-01,6160
5443,均豪,215,156,59,中國信託,2024-08-01,6160
2891,中信金,2493,229,2264,中國信託,2024-08-02,6160
3481,群創,3840,1798,2042,中國信託,2024-08-02,6160
00912,中信臺灣智慧50,1623,215,1408,中國信託,2024-08-02,6160
0056,元大高股息,1338,135,1203,中國信託,2024-08-02,6160
00931B,統一美債20年,1245,468,777,中國信託,2024-08-02,6160
00948B,中信優息投資級債,1881,1148,733,中國信託,2024-08-02,6160
00934,中信成長高股息,1107,391,716,中國信託,2024-08-02,6160
2330,台積電,1020,390,630,中國信託,2024-08-02,6160
00939,統一台灣高息動能,1187,641,546,中國信託,2024-08-02,6160
00680L,元大美債20正2,582,65,517,中國信託,2024-08-02,6160
00679B,元大美債20年,595,89,506,中國信託,2024-08-02,6160
2409,友達,541,54,487,中國信託,2024-08-02,6160
00688L,國泰20年美債正2,472,72,400,中國信託,2024-08-02,6160
9904,寶成,413,24,389,中國信託,2024-08-02,6160
4960,誠美材,359,1,358,中國信託,2024-08-02,6160
2834,臺企銀,579,225,354,中國信託,2024-08-02,6160
2882,國泰金,361,15,346,中國信託,2024-08-02,6160
00913,兆豐台灣晶圓製造,376,85,291,中國信託,2024-08-02,6160
00901,永豐智能車供應鏈,309,20,289,中國信託,2024-08-02,6160
00701,國泰股利精選30,276,0,276,中國信託,2024-08-02,6160
3522,御嵿,284,13,271,中國信託,2024-08-02,6160
6213,聯茂,261,3,258,中國信託,2024-08-02,6160
2601,益航,254,1,253,中國信託,2024-08-02,6160
3231,緯創,422,192,230,中國信託,2024-08-02,6160
1708,東鹼,211,1,210,中國信託,2024-08-02,6160
00687B,國泰20年美債,351,148,203,中國信託,2024-08-02,6160
00921,兆豐龍頭等權重,319,117,202,中國信託,2024-08-02,6160
00924,復華S＆P500成長,188,15,173,中國信託,2024-08-02,6160
2820,華票,166,0,166,中國信託,2024-08-02,6160
00886,永豐美國科技,162,0,162,中國信託,2024-08-02,6160
2382,廣達,270,113,157,中國信託,2024-08-02,6160
00665L,富邦�琤肭磪囓�2,236,81,155,中國信託,2024-08-02,6160
2633,台灣高鐵,141,0,141,中國信託,2024-08-02,6160
2301,光寶科,311,178,133,中國信託,2024-08-02,6160
00650L,復華香港正2,131,0,131,中國信託,2024-08-02,6160
2885,元大金,129,5,124,中國信託,2024-08-02,6160
2404,漢唐,125,4,121,中國信託,2024-08-02,6160
6176,瑞儀,120,0,120,中國信託,2024-08-02,6160
00891,中信關鍵半導體,166,55,111,中國信託,2024-08-02,6160
00894,中信小資高價30,148,39,109,中國信託,2024-08-02,6160
2515,中工,141,33,108,中國信託,2024-08-02,6160
3033,威健,105,3,102,中國信託,2024-08-02,6160
00918,大華優利高填息30,161,62,99,中國信託,2024-08-02,6160
4906,正文,104,6,98,中國信託,2024-08-02,6160
1316,上曜,280,187,93,中國信託,2024-08-02,6160
00905,FT臺灣Smart,106,17,89,中國信託,2024-08-02,6160
00949,復華日本龍頭,93,6,87,中國信託,2024-08-02,6160
2867,三商壽,110,26,84,中國信託,2024-08-02,6160
6509,聚和,85,1,84,中國信託,2024-08-02,6160
00885,富邦越南,90,8,82,中國信託,2024-08-02,6160
00924,復華S＆P500成長,1710,136,1574,中國信託,2024-08-05,6160
2891,中信金,1917,452,1465,中國信託,2024-08-05,6160
00690,兆豐藍籌30,1419,144,1275,中國信託,2024-08-05,6160
00676R,富邦臺灣加權反1,1250,40,1210,中國信託,2024-08-05,6160
00632R,元大台灣50反1,2411,1240,1171,中國信託,2024-08-05,6160
2382,廣達,1135,138,997,中國信託,2024-08-05,6160
00679B,元大美債20年,1328,388,940,中國信託,2024-08-05,6160
00688L,國泰20年美債正2,976,138,838,中國信託,2024-08-05,6160
00773B,中信優先金融債,769,44,725,中國信託,2024-08-05,6160
0056,元大高股息,1132,430,702,中國信託,2024-08-05,6160
2102,泰豐,660,0,660,中國信託,2024-08-05,6160
2317,鴻海,1350,853,497,中國信託,2024-08-05,6160
3005,神基,485,24,461,中國信託,2024-08-05,6160
00680L,元大美債20正2,919,472,447,中國信託,2024-08-05,6160
3702,大聯大,459,16,443,中國信託,2024-08-05,6160
00948B,中信優息投資級債,555,132,423,中國信託,2024-08-05,6160
00949,復華日本龍頭,421,57,364,中國信託,2024-08-05,6160
00687B,國泰20年美債,704,344,360,中國信託,2024-08-05,6160
2347,聯強,623,276,347,中國信託,2024-08-05,6160
00934,中信成長高股息,1021,726,295,中國信託,2024-08-05,6160
00830,國泰費城半導體,320,45,275,中國信託,2024-08-05,6160
00892,富邦台灣半導體,424,155,269,中國信託,2024-08-05,6160
2330,台積電,1419,1162,257,中國信託,2024-08-05,6160
00911,兆豐洲際半導體,262,18,244,中國信託,2024-08-05,6160
2105,正新,254,19,235,中國信託,2024-08-05,6160
00902,中信電池及儲能,385,159,226,中國信託,2024-08-05,6160
9933,中鼎,233,8,225,中國信託,2024-08-05,6160
00753L,中信中國50正2,725,503,222,中國信託,2024-08-05,6160
4510,高鋒,502,287,215,中國信託,2024-08-05,6160
00886,永豐美國科技,172,0,172,中國信託,2024-08-05,6160
5607,遠雄港,164,0,164,中國信託,2024-08-05,6160
00772B,中信高評級公司債,285,124,161,中國信託,2024-08-05,6160
00795B,中信美國公債20年,414,259,155,中國信託,2024-08-05,6160
1503,士電,164,12,152,中國信託,2024-08-05,6160
00728,第一金工業30,142,0,142,中國信託,2024-08-05,6160
00712,復華富時不動產,244,108,136,中國信託,2024-08-05,6160
5009,榮剛,176,45,131,中國信託,2024-08-05,6160
00927,群益半導體收益,676,546,130,中國信託,2024-08-05,6160
00881,國泰台灣5G+,205,86,119,中國信託,2024-08-05,6160
00715L,期街口布蘭特正2,123,5,118,中國信託,2024-08-05,6160
2324,仁寶,182,76,106,中國信託,2024-08-05,6160
00912,中信臺灣智慧50,329,231,98,中國信託,2024-08-05,6160
00945B,凱基美國非投等債,102,6,96,中國信託,2024-08-05,6160
00918,大華優利高填息30,224,129,95,中國信託,2024-08-05,6160
2601,益航,111,16,95,中國信託,2024-08-05,6160
00885,富邦越南,112,24,88,中國信託,2024-08-05,6160
2365,昆盈,239,154,85,中國信託,2024-08-05,6160
00706L,期元大S＆P日圓正2,295,213,82,中國信託,2024-08-05,6160
2887,台新金,130,55,75,中國信託,2024-08-05,6160
00923,群益台ESG低碳50,1360,1286,74,中國信託,2024-08-05,6160
00931B,統一美債20年,1913,67,1846,中國信託,2024-08-06,6160
2801,彰銀,1701,318,1383,中國信託,2024-08-06,6160
2102,泰豐,1057,0,1057,中國信託,2024-08-06,6160
2834,臺企銀,1062,63,999,中國信託,2024-08-06,6160
00939,統一台灣高息動能,1084,106,978,中國信託,2024-08-06,6160
2882,國泰金,1037,64,973,中國信託,2024-08-06,6160
00679B,元大美債20年,1726,951,775,中國信託,2024-08-06,6160
00888,永豐台灣ESG,710,179,531,中國信託,2024-08-06,6160
00932,兆豐永續高息等權,463,76,387,中國信託,2024-08-06,6160
00891,中信關鍵半導體,766,419,347,中國信託,2024-08-06,6160
5371,中光電,301,4,297,中國信託,2024-08-06,6160
00712,復華富時不動產,326,33,293,中國信託,2024-08-06,6160
2486,一詮,434,157,277,中國信託,2024-08-06,6160
00881,國泰台灣5G+,2605,2351,254,中國信託,2024-08-06,6160
00733,富邦臺灣中小,288,44,244,中國信託,2024-08-06,6160
2317,鴻海,715,538,177,中國信託,2024-08-06,6160
2601,益航,173,5,168,中國信託,2024-08-06,6160
2610,華航,249,88,161,中國信託,2024-08-06,6160
00934,中信成長高股息,507,366,141,中國信託,2024-08-06,6160
2884,玉山金,241,99,142,中國信託,2024-08-06,6160
00676R,富邦臺灣加權反1,140,0,140,中國信託,2024-08-06,6160
2002,中鋼,230,101,129,中國信託,2024-08-06,6160
2412,中華電,136,20,116,中國信託,2024-08-06,6160
6770,力積電,207,107,100,中國信託,2024-08-06,6160
00885,富邦越南,95,0,95,中國信託,2024-08-06,6160
1216,統一,115,21,94,中國信託,2024-08-06,6160
3694,海華,91,0,91,中國信託,2024-08-06,6160
00922,國泰台灣領袖50,119,30,89,中國信託,2024-08-06,6160
5347,世界,125,38,87,中國信託,2024-08-06,6160
2886,兆豐金,140,55,85,中國信託,2024-08-06,6160
00930,永豐ESG低碳高息,101,19,82,中國信託,2024-08-06,6160
00928,中信上櫃ESG30,1079,1000,79,中國信託,2024-08-06,6160
9933,中鼎,80,5,75,中國信託,2024-08-06,6160
00795B,中信美國公債20年,1828,1756,72,中國信託,2024-08-06,6160
3062,建漢,76,5,71,中國信託,2024-08-06,6160
6147,頎邦,70,0,70,中國信託,2024-08-06,6160
2890,永豐金,114,49,65,中國信託,2024-08-06,6160
00642U,期元大S＆P石油,64,3,61,中國信託,2024-08-06,6160
2889,國票金,70,10,60,中國信託,2024-08-06,6160
6790,永豐實,59,0,59,中國信託,2024-08-06,6160
00951,台新日本半導體,466,410,56,中國信託,2024-08-06,6160
00935,野村臺灣新科技50,97,41,56,中國信託,2024-08-06,6160
2609,陽明,269,214,55,中國信託,2024-08-06,6160
2395,研華,55,1,54,中國信託,2024-08-06,6160
3702,大聯大,91,38,53,中國信託,2024-08-06,6160
00923,群益台ESG低碳50,1534,1482,52,中國信託,2024-08-06,6160
5876,上海商銀,51,0,51,中國信託,2024-08-06,6160
2337,旺宏,129,78,51,中國信託,2024-08-06,6160
1301,台塑,65,14,51,中國信託,2024-08-06,6160
2356,英業達,90,40,50,中國信託,2024-08-06,6160
00939,統一台灣高息動能,717,57,660,中國信託,2024-08-07,6160
00679B,元大美債20年,1125,472,653,中國信託,2024-08-07,6160
2889,國票金,586,36,550,中國信託,2024-08-07,6160
9945,潤泰新,367,34,333,中國信託,2024-08-07,6160
00931B,統一美債20年,1310,986,324,中國信託,2024-08-07,6160
8210,勤誠,310,6,304,中國信託,2024-08-07,6160
5871,中租-KY,302,10,292,中國信託,2024-08-07,6160
6505,台塑化,269,29,240,中國信託,2024-08-07,6160
00933B,國泰10Y+金融債,277,42,235,中國信託,2024-08-07,6160
00751B,元大AAA至A公司債,271,52,219,中國信託,2024-08-07,6160
00887,永豐中國科技50大,217,0,217,中國信託,2024-08-07,6160
3702,大聯大,285,83,202,中國信託,2024-08-07,6160
6142,友勁,200,1,199,中國信託,2024-08-07,6160
00940,元大台灣價值高息,1233,1053,180,中國信託,2024-08-07,6160
00795B,中信美國公債20年,1380,1211,169,中國信託,2024-08-07,6160
2382,廣達,221,53,168,中國信託,2024-08-07,6160
2886,兆豐金,168,3,165,中國信託,2024-08-07,6160
2609,陽明,217,72,145,中國信託,2024-08-07,6160
1101,台泥,141,8,133,中國信託,2024-08-07,6160
8054,安國,227,94,133,中國信託,2024-08-07,6160
2615,萬海,333,210,123,中國信託,2024-08-07,6160
00944,野村趨勢動能高息,340,220,120,中國信託,2024-08-07,6160
1504,東元,107,3,104,中國信託,2024-08-07,6160
00719B,元大美債1-3,114,11,103,中國信託,2024-08-07,6160
2834,臺企銀,620,522,98,中國信託,2024-08-07,6160
00902,中信電池及儲能,144,48,96,中國信託,2024-08-07,6160
3045,台灣大,118,23,95,中國信託,2024-08-07,6160
3019,亞光,193,99,94,中國信託,2024-08-07,6160
1503,士電,106,19,87,中國信託,2024-08-07,6160
2376,技嘉,132,47,85,中國信託,2024-08-07,6160
2887,台新金,88,6,82,中國信託,2024-08-07,6160
2610,華航,117,37,80,中國信託,2024-08-07,6160
00688L,國泰20年美債正2,120,45,75,中國信託,2024-08-07,6160
2387,精元,66,1,65,中國信託,2024-08-07,6160
2454,聯發科,70,10,60,中國信託,2024-08-07,6160
1722,台肥,60,0,60,中國信託,2024-08-07,6160
8932,智通*,60,2,58,中國信託,2024-08-07,6160
3653,健策,59,1,58,中國信託,2024-08-07,6160
2409,友達,78,20,58,中國信託,2024-08-07,6160
5213,亞昕,53,1,52,中國信託,2024-08-07,6160
3708,上緯投控,49,1,48,中國信託,2024-08-07,6160
2545,皇翔,72,24,48,中國信託,2024-08-07,6160
2204,中華,48,0,48,中國信託,2024-08-07,6160
2884,玉山金,85,39,46,中國信託,2024-08-07,6160
2505,國揚,44,0,44,中國信託,2024-08-07,6160
5603,陸海,43,0,43,中國信託,2024-08-07,6160
2897,王道銀行,44,1,43,中國信託,2024-08-07,6160
2464,盟立,90,48,42,中國信託,2024-08-07,6160
00773B,中信優先金融債,43,2,41,中國信託,2024-08-07,6160
2062,橋椿,51,10,41,中國信託,2024-08-07,6160
00632R,元大台灣50反1,2673,1219,1454,中國信託,2024-08-08,6160
00680L,元大美債20正2,1417,136,1281,中國信託,2024-08-08,6160
00706L,期元大S＆P日圓正2,1014,97,917,中國信託,2024-08-08,6160
00679B,元大美債20年,1100,202,898,中國信託,2024-08-08,6160
00861,元大全球未來通訊,500,0,500,中國信託,2024-08-08,6160
00715L,期街口布蘭特正2,544,55,489,中國信託,2024-08-08,6160
00795B,中信美國公債20年,1806,1366,440,中國信託,2024-08-08,6160
00928,中信上櫃ESG30,855,464,391,中國信託,2024-08-08,6160
00688L,國泰20年美債正2,388,1,387,中國信託,2024-08-08,6160
00933B,國泰10Y+金融債,557,206,351,中國信託,2024-08-08,6160
00892,富邦台灣半導體,397,46,351,中國信託,2024-08-08,6160
0050,元大台灣50,577,295,282,中國信託,2024-08-08,6160
00676R,富邦臺灣加權反1,470,190,280,中國信託,2024-08-08,6160
00751B,元大AAA至A公司債,280,31,249,中國信託,2024-08-08,6160
00934,中信成長高股息,715,467,248,中國信託,2024-08-08,6160
00773B,中信優先金融債,1118,900,218,中國信託,2024-08-08,6160
00720B,元大投資級公司債,244,34,210,中國信託,2024-08-08,6160
0056,元大高股息,250,40,210,中國信託,2024-08-08,6160
6156,松上,209,0,209,中國信託,2024-08-08,6160
00724B,群益投資級金融債,200,0,200,中國信託,2024-08-08,6160
9958,世紀鋼,176,4,172,中國信託,2024-08-08,6160
00948B,中信優息投資級債,605,452,153,中國信託,2024-08-08,6160
00921,兆豐龍頭等權重,148,1,147,中國信託,2024-08-08,6160
6457,紘康,141,0,141,中國信託,2024-08-08,6160
00687B,國泰20年美債,300,160,140,中國信託,2024-08-08,6160
00752,中信中國50,242,114,128,中國信託,2024-08-08,6160
2489,瑞軒,196,69,127,中國信託,2024-08-08,6160
2368,金像電,131,21,110,中國信託,2024-08-08,6160
2892,第一金,141,32,109,中國信託,2024-08-08,6160
8028,昇陽半導體,241,139,102,中國信託,2024-08-08,6160
3231,緯創,194,96,98,中國信託,2024-08-08,6160
00836B,永豐10年A公司債,95,0,95,中國信託,2024-08-08,6160
2543,皇昌,126,32,94,中國信託,2024-08-08,6160
4510,高鋒,423,336,87,中國信託,2024-08-08,6160
2353,宏��,187,104,83,中國信託,2024-08-08,6160
00911,兆豐洲際半導體,84,3,81,中國信託,2024-08-08,6160
00665L,富邦�琤肭磪囓�2,406,325,81,中國信託,2024-08-08,6160
2313,華通,88,22,66,中國信託,2024-08-08,6160
6147,頎邦,73,7,66,中國信託,2024-08-08,6160
2888,新光金,81,16,65,中國信託,2024-08-08,6160
00701,國泰股利精選30,179,114,65,中國信託,2024-08-08,6160
1504,東元,59,0,59,中國信託,2024-08-08,6160
00712,復華富時不動產,72,13,59,中國信託,2024-08-08,6160
2615,萬海,177,120,57,中國信託,2024-08-08,6160
5347,世界,136,82,54,中國信託,2024-08-08,6160
4729,熒茂,54,0,54,中國信託,2024-08-08,6160
6538,倉和,51,1,50,中國信託,2024-08-08,6160
2345,智邦,50,1,49,中國信託,2024-08-08,6160
2392,正崴,58,14,44,中國信託,2024-08-08,6160
6669,緯穎,50,7,43,中國信託,2024-08-08,6160
00937B,群益ESG投等債20,1064,100,964,中國信託,2024-08-09,6160
00679B,元大美債20年,1018,88,930,中國信託,2024-08-09,6160
00687B,國泰20年美債,1388,571,817,中國信託,2024-08-09,6160
2313,華通,840,38,802,中國信託,2024-08-09,6160
6156,松上,801,2,799,中國信託,2024-08-09,6160
6505,台塑化,648,13,635,中國信託,2024-08-09,6160
00888,永豐台灣ESG,1239,631,608,中國信託,2024-08-09,6160
00715L,期街口布蘭特正2,619,137,482,中國信託,2024-08-09,6160
2409,友達,539,74,465,中國信託,2024-08-09,6160
00939,統一台灣高息動能,607,144,463,中國信託,2024-08-09,6160
00752,中信中國50,465,40,425,中國信託,2024-08-09,6160
00950B,凱基A級公司債,397,0,397,中國信託,2024-08-09,6160
00931B,統一美債20年,348,9,339,中國信託,2024-08-09,6160
2542,興富發,516,216,300,中國信託,2024-08-09,6160
00753L,中信中國50正2,558,282,276,中國信託,2024-08-09,6160
00924,復華S＆P500成長,573,319,254,中國信託,2024-08-09,6160
2886,兆豐金,279,40,239,中國信託,2024-08-09,6160
00830,國泰費城半導體,323,103,220,中國信託,2024-08-09,6160
00941,中信上游半導體,296,109,187,中國信託,2024-08-09,6160
2881,富邦金,239,60,179,中國信託,2024-08-09,6160
00724B,群益投資級金融債,169,3,166,中國信託,2024-08-09,6160
00720B,元大投資級公司債,205,41,164,中國信託,2024-08-09,6160
00719B,元大美債1-3,363,208,155,中國信託,2024-08-09,6160
8210,勤誠,186,33,153,中國信託,2024-08-09,6160
00713,元大台灣高息低波,228,82,146,中國信託,2024-08-09,6160
00688L,國泰20年美債正2,193,48,145,中國信託,2024-08-09,6160
1319,東陽,126,4,122,中國信託,2024-08-09,6160
2801,彰銀,152,31,121,中國信託,2024-08-09,6160
2365,昆盈,456,339,117,中國信託,2024-08-09,6160
00836B,永豐10年A公司債,113,0,113,中國信託,2024-08-09,6160
00917,中信特選金融,111,0,111,中國信託,2024-08-09,6160
6190,萬泰科,105,1,104,中國信託,2024-08-09,6160
1532,勤美,110,6,104,中國信託,2024-08-09,6160
1514,亞力,131,27,104,中國信託,2024-08-09,6160
2530,華建,105,8,97,中國信託,2024-08-09,6160
2615,萬海,348,257,91,中國信託,2024-08-09,6160
2834,臺企銀,107,19,88,中國信託,2024-08-09,6160
4746,台耀,88,0,88,中國信託,2024-08-09,6160
2489,瑞軒,279,194,85,中國信託,2024-08-09,6160
00910,第一金太空衛星,100,16,84,中國信託,2024-08-09,6160
00632R,元大台灣50反1,2786,2709,77,中國信託,2024-08-09,6160
2610,華航,143,71,72,中國信託,2024-08-09,6160
8028,昇陽半導體,123,53,70,中國信託,2024-08-09,6160
6457,紘康,72,3,69,中國信託,2024-08-09,6160
5474,聰泰,69,4,65,中國信託,2024-08-09,6160
00650L,復華香港正2,64,0,64,中國信託,2024-08-09,6160
2362,藍天,112,51,61,中國信託,2024-08-09,6160
3045,台灣大,101,40,61,中國信託,2024-08-09,6160
00882,中信中國高股息,140,79,61,中國信託,2024-08-09,6160
1216,統一,65,9,56,中國信託,2024-08-09,6160
00939,統一台灣高息動能,2601,76,2525,中國信託,2024-08-12,6160
00719B,元大美債1-3,2189,462,1727,中國信託,2024-08-12,6160
00934,中信成長高股息,1735,398,1337,中國信託,2024-08-12,6160
2888,新光金,1506,456,1050,中國信託,2024-08-12,6160
00864B,中信美國公債0-1,610,101,509,中國信託,2024-08-12,6160
00915,凱基優選高股息30,448,9,439,中國信託,2024-08-12,6160
2609,陽明,594,173,421,中國信託,2024-08-12,6160
00632R,元大台灣50反1,1454,1062,392,中國信託,2024-08-12,6160
2891,中信金,459,83,376,中國信託,2024-08-12,6160
4960,誠美材,335,4,331,中國信託,2024-08-12,6160
6156,松上,293,6,287,中國信託,2024-08-12,6160
00892,富邦台灣半導體,984,698,286,中國信託,2024-08-12,6160
00680L,元大美債20正2,1380,1120,260,中國信託,2024-08-12,6160
2880,華南金,384,137,247,中國信託,2024-08-12,6160
00692,富邦公司治理,561,344,217,中國信託,2024-08-12,6160
00720B,元大投資級公司債,222,11,211,中國信託,2024-08-12,6160
2317,鴻海,474,265,209,中國信託,2024-08-12,6160
00724B,群益投資級金融債,200,1,199,中國信託,2024-08-12,6160
00688L,國泰20年美債正2,204,13,191,中國信託,2024-08-12,6160
2889,國票金,200,10,190,中國信託,2024-08-12,6160
3035,智原,213,32,181,中國信託,2024-08-12,6160
00937B,群益ESG投等債20,220,46,174,中國信託,2024-08-12,6160
1513,中興電,209,47,162,中國信託,2024-08-12,6160
2610,華航,215,81,134,中國信託,2024-08-12,6160
2324,仁寶,150,17,133,中國信託,2024-08-12,6160
00686R,群益臺灣加權反1,130,0,130,中國信託,2024-08-12,6160
00944,野村趨勢動能高息,125,0,125,中國信託,2024-08-12,6160
00888,永豐台灣ESG,128,4,124,中國信託,2024-08-12,6160
00882,中信中國高股息,131,9,122,中國信託,2024-08-12,6160
2383,台光電,123,3,120,中國信託,2024-08-12,6160
00665L,富邦�琤肭磪囓�2,199,80,119,中國信託,2024-08-12,6160
00894,中信小資高價30,255,142,113,中國信託,2024-08-12,6160
2345,智邦,107,2,105,中國信託,2024-08-12,6160
1101,台泥,118,15,103,中國信託,2024-08-12,6160
2395,研華,103,2,101,中國信託,2024-08-12,6160
3019,亞光,195,108,87,中國信託,2024-08-12,6160
3535,晶彩科,108,23,85,中國信託,2024-08-12,6160
0056,元大高股息,148,64,84,中國信託,2024-08-12,6160
00687B,國泰20年美債,107,25,82,中國信託,2024-08-12,6160
2312,金寶,304,223,81,中國信託,2024-08-12,6160
2885,元大金,96,15,81,中國信託,2024-08-12,6160
6147,頎邦,80,1,79,中國信託,2024-08-12,6160
1563,巧新,78,1,77,中國信託,2024-08-12,6160
4562,穎漢,296,220,76,中國信託,2024-08-12,6160
00676R,富邦臺灣加權反1,110,41,69,中國信託,2024-08-12,6160
00861,元大全球未來通訊,70,1,69,中國信託,2024-08-12,6160
6187,萬潤,80,19,61,中國信託,2024-08-12,6160
2409,友達,117,56,61,中國信託,2024-08-12,6160
2308,台達電,82,23,59,中國信託,2024-08-12,6160
2883,凱基金,75,17,58,中國信託,2024-08-12,6160
00940,元大台灣價值高息,1732,139,1593,中國信託,2024-08-13,6160
00939,統一台灣高息動能,1580,4,1576,中國信託,2024-08-13,6160
00679B,元大美債20年,818,43,775,中國信託,2024-08-13,6160
2542,興富發,809,57,752,中國信託,2024-08-13,6160
2317,鴻海,893,239,654,中國信託,2024-08-13,6160
3036,文曄,600,6,594,中國信託,2024-08-13,6160
00632R,元大台灣50反1,664,139,525,中國信託,2024-08-13,6160
00680L,元大美債20正2,445,0,445,中國信託,2024-08-13,6160
6156,松上,415,1,414,中國信託,2024-08-13,6160
2881,富邦金,420,8,412,中國信託,2024-08-13,6160
00937B,群益ESG投等債20,520,155,365,中國信託,2024-08-13,6160
2880,華南金,314,24,290,中國信託,2024-08-13,6160
00892,富邦台灣半導體,530,253,277,中國信託,2024-08-13,6160
4960,誠美材,271,0,271,中國信託,2024-08-13,6160
00724B,群益投資級金融債,270,1,269,中國信託,2024-08-13,6160
00720B,元大投資級公司債,273,9,264,中國信託,2024-08-13,6160
00928,中信上櫃ESG30,621,376,245,中國信託,2024-08-13,6160
2449,京元電子,311,76,235,中國信託,2024-08-13,6160
2834,臺企銀,223,5,218,中國信託,2024-08-13,6160
3042,晶技,218,5,213,中國信託,2024-08-13,6160
3455,由田,212,2,210,中國信託,2024-08-13,6160
2377,微星,202,5,197,中國信託,2024-08-13,6160
00918,大華優利高填息30,200,14,186,中國信託,2024-08-13,6160
00930,永豐ESG低碳高息,176,1,175,中國信託,2024-08-13,6160
2474,可成,194,23,171,中國信託,2024-08-13,6160
00922,國泰台灣領袖50,165,6,159,中國信託,2024-08-13,6160
00944,野村趨勢動能高息,158,1,157,中國信託,2024-08-13,6160
6457,紘康,144,0,144,中國信託,2024-08-13,6160
00687B,國泰20年美債,158,14,144,中國信託,2024-08-13,6160
2382,廣達,196,56,140,中國信託,2024-08-13,6160
3711,日月光投控,182,51,131,中國信託,2024-08-13,6160
00795B,中信美國公債20年,1419,1301,118,中國信託,2024-08-13,6160
2610,華航,187,73,114,中國信託,2024-08-13,6160
2885,元大金,147,34,113,中國信託,2024-08-13,6160
00942B,台新美A公司債20+,700,600,100,中國信託,2024-08-13,6160
00676R,富邦臺灣加權反1,300,200,100,中國信託,2024-08-13,6160
6173,信昌電,100,0,100,中國信託,2024-08-13,6160
00712,復華富時不動產,92,0,92,中國信託,2024-08-13,6160
2888,新光金,201,115,86,中國信託,2024-08-13,6160
00888,永豐台灣ESG,103,19,84,中國信託,2024-08-13,6160
4958,臻鼎-KY,117,34,83,中國信託,2024-08-13,6160
2891,中信金,199,119,80,中國信託,2024-08-13,6160
8383,千附,80,2,78,中國信託,2024-08-13,6160
3227,原相,169,96,73,中國信託,2024-08-13,6160
2379,瑞昱,75,3,72,中國信託,2024-08-13,6160
2615,萬海,211,139,72,中國信託,2024-08-13,6160
00894,中信小資高價30,145,74,71,中國信託,2024-08-13,6160
2884,玉山金,86,18,68,中國信託,2024-08-13,6160
00945B,凱基美國非投等債,71,3,68,中國信託,2024-08-13,6160
3013,晟銘電,270,211,59,中國信託,2024-08-13,6160
00939,統一台灣高息動能,3485,38,3447,中國信託,2024-08-14,6160
00679B,元大美債20年,1751,24,1727,中國信託,2024-08-14,6160
00719B,元大美債1-3,1307,239,1068,中國信託,2024-08-14,6160
00940,元大台灣價值高息,1299,283,1016,中國信託,2024-08-14,6160
00919,群益台灣精選高息,1461,542,919,中國信託,2024-08-14,6160
2449,京元電子,1081,291,790,中國信託,2024-08-14,6160
00632R,元大台灣50反1,998,220,778,中國信託,2024-08-14,6160
00944,野村趨勢動能高息,754,5,749,中國信託,2024-08-14,6160
00923,群益台ESG低碳50,1383,677,706,中國信託,2024-08-14,6160
0050,元大台灣50,814,122,692,中國信託,2024-08-14,6160
00692,富邦公司治理,504,13,491,中國信託,2024-08-14,6160
00922,國泰台灣領袖50,460,89,371,中國信託,2024-08-14,6160
00937B,群益ESG投等債20,524,157,367,中國信託,2024-08-14,6160
00687B,國泰20年美債,381,26,355,中國信託,2024-08-14,6160
4960,誠美材,278,26,252,中國信託,2024-08-14,6160
00912,中信臺灣智慧50,277,55,222,中國信託,2024-08-14,6160
6488,環球晶,211,2,209,中國信託,2024-08-14,6160
2365,昆盈,724,521,203,中國信託,2024-08-14,6160
2349,錸德,291,88,203,中國信託,2024-08-14,6160
3264,欣銓,200,0,200,中國信託,2024-08-14,6160
00753L,中信中國50正2,207,21,186,中國信託,2024-08-14,6160
00752,中信中國50,195,9,186,中國信託,2024-08-14,6160
6457,紘康,159,0,159,中國信託,2024-08-14,6160
00894,中信小資高價30,175,23,152,中國信託,2024-08-14,6160
00918,大華優利高填息30,174,34,140,中國信託,2024-08-14,6160
2348,海悅,131,3,128,中國信託,2024-08-14,6160
2610,華航,196,74,122,中國信託,2024-08-14,6160
00715L,期街口布蘭特正2,122,3,119,中國信託,2024-08-14,6160
00701,國泰股利精選30,130,12,118,中國信託,2024-08-14,6160
1314,中石化,112,5,107,中國信託,2024-08-14,6160
2548,華固,103,0,103,中國信託,2024-08-14,6160
9958,世紀鋼,107,7,100,中國信託,2024-08-14,6160
6173,信昌電,100,5,95,中國信託,2024-08-14,6160
00951,台新日本半導體,1709,1621,88,中國信託,2024-08-14,6160
2458,義隆,83,0,83,中國信託,2024-08-14,6160
9938,百和,80,0,80,中國信託,2024-08-14,6160
00688L,國泰20年美債正2,238,159,79,中國信託,2024-08-14,6160
3037,欣興,186,111,75,中國信託,2024-08-14,6160
8081,致新,74,0,74,中國信託,2024-08-14,6160
00882,中信中國高股息,72,2,70,中國信託,2024-08-14,6160
00892,富邦台灣半導體,437,368,69,中國信託,2024-08-14,6160
4526,東台,79,15,64,中國信託,2024-08-14,6160
6187,萬潤,118,55,63,中國信託,2024-08-14,6160
5880,合庫金,66,3,63,中國信託,2024-08-14,6160
00887,永豐中國科技50大,70,9,61,中國信託,2024-08-14,6160
2801,彰銀,55,0,55,中國信託,2024-08-14,6160
2344,華邦電,67,12,55,中國信託,2024-08-14,6160
6215,和椿,138,86,52,中國信託,2024-08-14,6160
00942B,台新美A公司債20+,751,700,51,中國信託,2024-08-14,6160
00675L,富邦臺灣加權正2,59,8,51,中國信託,2024-08-14,6160
00679B,元大美債20年,1383,58,1325,中國信託,2024-08-15,6160
00939,統一台灣高息動能,1228,40,1188,中國信託,2024-08-15,6160
00687B,國泰20年美債,885,35,850,中國信託,2024-08-15,6160
00719B,元大美債1-3,564,0,564,中國信託,2024-08-15,6160
00864B,中信美國公債0-1,500,182,318,中國信託,2024-08-15,6160
00680L,元大美債20正2,345,65,280,中國信託,2024-08-15,6160
00940,元大台灣價值高息,511,248,263,中國信託,2024-08-15,6160
4960,誠美材,250,1,249,中國信託,2024-08-15,6160
00632R,元大台灣50反1,624,388,236,中國信託,2024-08-15,6160
00923,群益台ESG低碳50,1183,964,219,中國信託,2024-08-15,6160
2376,技嘉,317,111,206,中國信託,2024-08-15,6160
2504,國產,203,16,187,中國信託,2024-08-15,6160
2834,臺企銀,180,4,176,中國信託,2024-08-15,6160
00948B,中信優息投資級債,596,449,147,中國信託,2024-08-15,6160
2610,華航,259,113,146,中國信託,2024-08-15,6160
00688L,國泰20年美債正2,266,122,144,中國信託,2024-08-15,6160
00951,台新日本半導體,1034,895,139,中國信託,2024-08-15,6160
00692,富邦公司治理,193,66,127,中國信託,2024-08-15,6160
00892,富邦台灣半導體,333,221,112,中國信託,2024-08-15,6160
2887,台新金,169,58,111,中國信託,2024-08-15,6160
00935,野村臺灣新科技50,108,1,107,中國信託,2024-08-15,6160
6457,紘康,105,0,105,中國信託,2024-08-15,6160
00888,永豐台灣ESG,105,4,101,中國信託,2024-08-15,6160
6173,信昌電,102,3,99,中國信託,2024-08-15,6160
2312,金寶,128,30,98,中國信託,2024-08-15,6160
2455,全新,107,14,93,中國信託,2024-08-15,6160
00915,凱基優選高股息30,100,13,87,中國信託,2024-08-15,6160
5905,南仁湖,227,141,86,中國信託,2024-08-15,6160
2542,興富發,129,47,82,中國信託,2024-08-15,6160
00753L,中信中國50正2,262,181,81,中國信託,2024-08-15,6160
2880,華南金,104,24,80,中國信託,2024-08-15,6160
00945B,凱基美國非投等債,77,1,76,中國信託,2024-08-15,6160
00936,台新永續高息中小,990,916,74,中國信託,2024-08-15,6160
00713,元大台灣高息低波,77,7,70,中國信託,2024-08-15,6160
5880,合庫金,70,0,70,中國信託,2024-08-15,6160
00919,群益台灣精選高息,155,88,67,中國信託,2024-08-15,6160
4571,鈞興-KY,80,15,65,中國信託,2024-08-15,6160
9907,統一實,64,1,63,中國信託,2024-08-15,6160
2890,永豐金,62,0,62,中國信託,2024-08-15,6160
2888,新光金,125,63,62,中國信託,2024-08-15,6160
6706,惠特,197,137,60,中國信託,2024-08-15,6160
2820,華票,60,0,60,中國信託,2024-08-15,6160
6177,達麗,100,47,53,中國信託,2024-08-15,6160
00928,中信上櫃ESG30,168,115,53,中國信託,2024-08-15,6160
0056,元大高股息,144,92,52,中國信託,2024-08-15,6160
2002,中鋼,70,18,52,中國信託,2024-08-15,6160
1216,統一,59,7,52,中國信託,2024-08-15,6160
2801,彰銀,51,0,51,中國信託,2024-08-15,6160
2884,玉山金,95,45,50,中國信託,2024-08-15,6160
00636,國泰中國A50,50,0,50,中國信託,2024-08-15,6160
2891,中信金,3886,137,3749,中國信託,2024-08-16,6160
00939,統一台灣高息動能,2467,78,2389,中國信託,2024-08-16,6160
00940,元大台灣價值高息,1642,306,1336,中國信託,2024-08-16,6160
00919,群益台灣精選高息,1591,450,1141,中國信託,2024-08-16,6160
00692,富邦公司治理,956,16,940,中國信託,2024-08-16,6160
00888,永豐台灣ESG,948,44,904,中國信託,2024-08-16,6160
00948B,中信優息投資級債,875,118,757,中國信託,2024-08-16,6160
0050,元大台灣50,855,111,744,中國信託,2024-08-16,6160
2834,臺企銀,704,22,682,中國信託,2024-08-16,6160
00918,大華優利高填息30,700,37,663,中國信託,2024-08-16,6160
00687B,國泰20年美債,1159,511,648,中國信託,2024-08-16,6160
2412,中華電,586,21,565,中國信託,2024-08-16,6160
00937B,群益ESG投等債20,614,133,481,中國信託,2024-08-16,6160
00901,永豐智能車供應鏈,416,10,406,中國信託,2024-08-16,6160
2888,新光金,483,96,387,中國信託,2024-08-16,6160
00922,國泰台灣領袖50,403,23,380,中國信託,2024-08-16,6160
6156,松上,372,2,370,中國信託,2024-08-16,6160
00892,富邦台灣半導體,385,60,325,中國信託,2024-08-16,6160
00923,群益台ESG低碳50,1302,998,304,中國信託,2024-08-16,6160
2883,凱基金,466,162,304,中國信託,2024-08-16,6160
00947,台新臺灣IC設計,409,143,266,中國信託,2024-08-16,6160
2618,長榮航,313,52,261,中國信託,2024-08-16,6160
00934,中信成長高股息,724,466,258,中國信託,2024-08-16,6160
4960,誠美材,247,2,245,中國信託,2024-08-16,6160
0056,元大高股息,387,150,237,中國信託,2024-08-16,6160
00713,元大台灣高息低波,236,26,210,中國信託,2024-08-16,6160
1102,亞泥,210,7,203,中國信託,2024-08-16,6160
2317,鴻海,595,405,190,中國信託,2024-08-16,6160
2347,聯強,177,1,176,中國信託,2024-08-16,6160
2542,興富發,423,255,168,中國信託,2024-08-16,6160
00928,中信上櫃ESG30,313,154,159,中國信託,2024-08-16,6160
2357,華碩,142,7,135,中國信託,2024-08-16,6160
2388,威盛,192,64,128,中國信託,2024-08-16,6160
2610,華航,161,36,125,中國信託,2024-08-16,6160
2108,南帝,115,0,115,中國信託,2024-08-16,6160
3010,華立,106,0,106,中國信託,2024-08-16,6160
6196,帆宣,100,0,100,中國信託,2024-08-16,6160
5439,高技,101,2,99,中國信託,2024-08-16,6160
3689,湧德,173,81,92,中國信託,2024-08-16,6160
4562,穎漢,213,125,88,中國信託,2024-08-16,6160
3034,聯詠,89,6,83,中國信託,2024-08-16,6160
2002,中鋼,134,53,81,中國信託,2024-08-16,6160
1785,光洋科,112,33,79,中國信託,2024-08-16,6160
2845,遠東銀,77,1,76,中國信託,2024-08-16,6160
00910,第一金太空衛星,128,53,75,中國信託,2024-08-16,6160
9914,美利達,70,0,70,中國信託,2024-08-16,6160
2455,全新,71,3,68,中國信託,2024-08-16,6160
2059,川湖,71,3,68,中國信託,2024-08-16,6160
2820,華票,66,0,66,中國信託,2024-08-16,6160
2062,橋椿,206,140,66,中國信託,2024-08-16,6160
2891,中信金,11041,107,10934,中國信託,2024-08-19,6160
00939,統一台灣高息動能,3195,45,3150,中國信託,2024-08-19,6160
00940,元大台灣價值高息,3518,407,3111,中國信託,2024-08-19,6160
00878,國泰永續高股息,2415,470,1945,中國信託,2024-08-19,6160
00946,群益科技高息成長,1840,104,1736,中國信託,2024-08-19,6160
00937B,群益ESG投等債20,989,88,901,中國信託,2024-08-19,6160
00934,中信成長高股息,1103,246,857,中國信託,2024-08-19,6160
00888,永豐台灣ESG,856,7,849,中國信託,2024-08-19,6160
00891,中信關鍵半導體,691,20,671,中國信託,2024-08-19,6160
00900,富邦特選高股息30,1407,764,643,中國信託,2024-08-19,6160
2888,新光金,902,437,465,中國信託,2024-08-19,6160
2809,京城銀,455,6,449,中國信託,2024-08-19,6160
9904,寶成,367,1,366,中國信託,2024-08-19,6160
2303,聯電,666,321,345,中國信託,2024-08-19,6160
2382,廣達,366,33,333,中國信託,2024-08-19,6160
00687B,國泰20年美債,730,411,319,中國信託,2024-08-19,6160
00715L,期街口布蘭特正2,319,2,317,中國信託,2024-08-19,6160
2820,華票,267,0,267,中國信託,2024-08-19,6160
2542,興富發,301,54,247,中國信託,2024-08-19,6160
2610,華航,251,7,244,中國信託,2024-08-19,6160
00927,群益半導體收益,221,8,213,中國信託,2024-08-19,6160
00692,富邦公司治理,218,19,199,中國信託,2024-08-19,6160
1605,華新,205,8,197,中國信託,2024-08-19,6160
9933,中鼎,208,21,187,中國信託,2024-08-19,6160
1584,精剛,212,50,162,中國信託,2024-08-19,6160
00864B,中信美國公債0-1,196,73,123,中國信託,2024-08-19,6160
6457,紘康,119,0,119,中國信託,2024-08-19,6160
3010,華立,107,3,104,中國信託,2024-08-19,6160
1718,中纖,100,0,100,中國信託,2024-08-19,6160
00881,國泰台灣5G+,1501,1408,93,中國信託,2024-08-19,6160
3047,訊舟,466,376,90,中國信託,2024-08-19,6160
2388,威盛,144,55,89,中國信託,2024-08-19,6160
3491,昇達科,104,15,89,中國信託,2024-08-19,6160
3062,建漢,145,59,86,中國信託,2024-08-19,6160
6505,台塑化,152,70,82,中國信託,2024-08-19,6160
00942B,台新美A公司債20+,1102,1021,81,中國信託,2024-08-19,6160
00910,第一金太空衛星,98,19,79,中國信託,2024-08-19,6160
00894,中信小資高價30,80,4,76,中國信託,2024-08-19,6160
00882,中信中國高股息,143,73,70,中國信託,2024-08-19,6160
00688L,國泰20年美債正2,67,2,65,中國信託,2024-08-19,6160
2243,宏旭-KY,100,35,65,中國信託,2024-08-19,6160
00720B,元大投資級公司債,80,15,65,中國信託,2024-08-19,6160
00733,富邦臺灣中小,64,0,64,中國信託,2024-08-19,6160
6279,胡連,60,1,59,中國信託,2024-08-19,6160
2359,所羅門,210,151,59,中國信託,2024-08-19,6160
5905,南仁湖,188,129,59,中國信託,2024-08-19,6160
2360,致茂,58,0,58,中國信託,2024-08-19,6160
00884B,中信低碳新興債,106,51,55,中國信託,2024-08-19,6160
1609,大亞,56,1,55,中國信託,2024-08-19,6160
3581,博磊,78,26,52,中國信託,2024-08-19,6160
2891,中信金,11850,124,11726,中國信託,2024-08-20,6160
00650L,復華香港正2,2487,10,2477,中國信託,2024-08-20,6160
00939,統一台灣高息動能,2447,30,2417,中國信託,2024-08-20,6160
00940,元大台灣價值高息,2515,396,2119,中國信託,2024-08-20,6160
2883,凱基金,2035,166,1869,中國信託,2024-08-20,6160
00946,群益科技高息成長,1638,36,1602,中國信託,2024-08-20,6160
2888,新光金,1501,419,1082,中國信託,2024-08-20,6160
00878,國泰永續高股息,1216,245,971,中國信託,2024-08-20,6160
2412,中華電,562,1,561,中國信託,2024-08-20,6160
00687B,國泰20年美債,592,99,493,中國信託,2024-08-20,6160
6505,台塑化,600,110,490,中國信託,2024-08-20,6160
2809,京城銀,467,0,467,中國信託,2024-08-20,6160
00701,國泰股利精選30,600,172,428,中國信託,2024-08-20,6160
00888,永豐台灣ESG,402,1,401,中國信託,2024-08-20,6160
00944,野村趨勢動能高息,402,17,385,中國信託,2024-08-20,6160
6156,松上,450,98,352,中國信託,2024-08-20,6160
2351,順德,364,51,313,中國信託,2024-08-20,6160
00892,富邦台灣半導體,552,264,288,中國信託,2024-08-20,6160
00934,中信成長高股息,305,23,282,中國信託,2024-08-20,6160
00752,中信中國50,273,0,273,中國信託,2024-08-20,6160
00864B,中信美國公債0-1,420,158,262,中國信託,2024-08-20,6160
6284,佳邦,284,36,248,中國信託,2024-08-20,6160
6655,科定,380,154,226,中國信託,2024-08-20,6160
00679B,元大美債20年,336,138,198,中國信託,2024-08-20,6160
9933,中鼎,208,17,191,中國信託,2024-08-20,6160
8096,擎亞,308,134,174,中國信託,2024-08-20,6160
2330,台積電,344,183,161,中國信託,2024-08-20,6160
00882,中信中國高股息,173,14,159,中國信託,2024-08-20,6160
00937B,群益ESG投等債20,295,140,155,中國信託,2024-08-20,6160
2345,智邦,152,0,152,中國信託,2024-08-20,6160
00913,兆豐台灣晶圓製造,137,0,137,中國信託,2024-08-20,6160
00642U,期元大S＆P石油,124,0,124,中國信託,2024-08-20,6160
00901,永豐智能車供應鏈,118,0,118,中國信託,2024-08-20,6160
00887,永豐中國科技50大,118,6,112,中國信託,2024-08-20,6160
2368,金像電,125,15,110,中國信託,2024-08-20,6160
2102,泰豐,110,1,109,中國信託,2024-08-20,6160
00891,中信關鍵半導體,139,31,108,中國信託,2024-08-20,6160
00688L,國泰20年美債正2,118,15,103,中國信託,2024-08-20,6160
6789,采鈺,102,0,102,中國信託,2024-08-20,6160
1504,東元,110,9,101,中國信託,2024-08-20,6160
6457,紘康,101,0,101,中國信託,2024-08-20,6160
00715L,期街口布蘭特正2,113,18,95,中國信託,2024-08-20,6160
2356,英業達,147,61,86,中國信託,2024-08-20,6160
2382,廣達,171,89,82,中國信託,2024-08-20,6160
00680L,元大美債20正2,152,72,80,中國信託,2024-08-20,6160
1584,精剛,122,43,79,中國信託,2024-08-20,6160
00933B,國泰10Y+金融債,100,21,79,中國信託,2024-08-20,6160
00665L,富邦�琤肭磪囓�2,100,22,78,中國信託,2024-08-20,6160
0051,元大中型100,108,31,77,中國信託,2024-08-20,6160
00915,凱基優選高股息30,75,1,74,中國信託,2024-08-20,6160
2891,中信金,13612,95,13517,中國信託,2024-08-21,6160
2888,新光金,4156,1296,2860,中國信託,2024-08-21,6160
00939,統一台灣高息動能,2845,28,2817,中國信託,2024-08-21,6160
00940,元大台灣價值高息,2852,175,2677,中國信託,2024-08-21,6160
00650L,復華香港正2,1771,10,1761,中國信託,2024-08-21,6160
2412,中華電,555,5,550,中國信託,2024-08-21,6160
0050,元大台灣50,832,359,473,中國信託,2024-08-21,6160
2809,京城銀,459,2,457,中國信託,2024-08-21,6160
00888,永豐台灣ESG,304,14,290,中國信託,2024-08-21,6160
00944,野村趨勢動能高息,534,270,264,中國信託,2024-08-21,6160
006208,富邦台50,603,347,256,中國信託,2024-08-21,6160
2618,長榮航,347,101,246,中國信託,2024-08-21,6160
00953B,群益優選非投等債,234,0,234,中國信託,2024-08-21,6160
1722,台肥,222,0,222,中國信託,2024-08-21,6160
9933,中鼎,205,0,205,中國信託,2024-08-21,6160
5905,南仁湖,626,438,188,中國信託,2024-08-21,6160
00679B,元大美債20年,221,42,179,中國信託,2024-08-21,6160
1101,台泥,187,18,169,中國信託,2024-08-21,6160
4542,科嶠,161,3,158,中國信託,2024-08-21,6160
00892,富邦台灣半導體,269,127,142,中國信託,2024-08-21,6160
2376,技嘉,173,37,136,中國信託,2024-08-21,6160
00934,中信成長高股息,381,249,132,中國信託,2024-08-21,6160
00687B,國泰20年美債,182,56,126,中國信託,2024-08-21,6160
00954,中信日本半導體,183,60,123,中國信託,2024-08-21,6160
2887,台新金,138,18,120,中國信託,2024-08-21,6160
6457,紘康,118,0,118,中國信託,2024-08-21,6160
2886,兆豐金,127,14,113,中國信託,2024-08-21,6160
2885,元大金,194,81,113,中國信託,2024-08-21,6160
00915,凱基優選高股息30,114,2,112,中國信託,2024-08-21,6160
00864B,中信美國公債0-1,200,90,110,中國信託,2024-08-21,6160
6284,佳邦,118,14,104,中國信託,2024-08-21,6160
5880,合庫金,105,2,103,中國信託,2024-08-21,6160
1504,東元,100,3,97,中國信託,2024-08-21,6160
6472,保瑞,102,6,96,中國信託,2024-08-21,6160
6223,旺矽,105,12,93,中國信託,2024-08-21,6160
2323,中環,107,17,90,中國信託,2024-08-21,6160
00891,中信關鍵半導體,91,6,85,中國信託,2024-08-21,6160
00937B,群益ESG投等債20,94,12,82,中國信託,2024-08-21,6160
6757,台灣虎航,143,64,79,中國信託,2024-08-21,6160
00928,中信上櫃ESG30,206,127,79,中國信託,2024-08-21,6160
00882,中信中國高股息,140,64,76,中國信託,2024-08-21,6160
00935,野村臺灣新科技50,78,4,74,中國信託,2024-08-21,6160
0056,元大高股息,105,34,71,中國信託,2024-08-21,6160
2882,國泰金,202,133,69,中國信託,2024-08-21,6160
8096,擎亞,154,86,68,中國信託,2024-08-21,6160
6462,神盾,87,23,64,中國信託,2024-08-21,6160
00632R,元大台灣50反1,129,70,59,中國信託,2024-08-21,6160
4938,和碩,106,48,58,中國信託,2024-08-21,6160
00887,永豐中國科技50大,52,0,52,中國信託,2024-08-21,6160
3518,柏騰,69,18,51,中國信託,2024-08-21,6160
2891,中信金,4930,410,4520,中國信託,2024-08-22,6160
00687B,國泰20年美債,1148,18,1130,中國信託,2024-08-22,6160
00939,統一台灣高息動能,905,37,868,中國信託,2024-08-22,6160
0050,元大台灣50,590,13,577,中國信託,2024-08-22,6160
00940,元大台灣價值高息,715,182,533,中國信託,2024-08-22,6160
00933B,國泰10Y+金融債,542,49,493,中國信託,2024-08-22,6160
2880,華南金,511,100,411,中國信託,2024-08-22,6160
00934,中信成長高股息,515,130,385,中國信託,2024-08-22,6160
2610,華航,389,9,380,中國信託,2024-08-22,6160
2801,彰銀,395,19,376,中國信託,2024-08-22,6160
00888,永豐台灣ESG,345,0,345,中國信託,2024-08-22,6160
00944,野村趨勢動能高息,344,2,342,中國信託,2024-08-22,6160
00680L,元大美債20正2,303,60,243,中國信託,2024-08-22,6160
00947,台新臺灣IC設計,584,343,241,中國信託,2024-08-22,6160
9933,中鼎,206,0,206,中國信託,2024-08-22,6160
00665L,富邦�琤肭磪囓�2,200,0,200,中國信託,2024-08-22,6160
1605,華新,203,16,187,中國信託,2024-08-22,6160
2027,大成鋼,169,0,169,中國信託,2024-08-22,6160
00954,中信日本半導體,185,17,168,中國信託,2024-08-22,6160
1101,台泥,190,23,167,中國信託,2024-08-22,6160
2834,臺企銀,165,0,165,中國信託,2024-08-22,6160
4542,科嶠,165,8,157,中國信託,2024-08-22,6160
00887,永豐中國科技50大,155,2,153,中國信託,2024-08-22,6160
2102,泰豐,130,0,130,中國信託,2024-08-22,6160
9945,潤泰新,162,37,125,中國信託,2024-08-22,6160
2330,台積電,300,180,120,中國信託,2024-08-22,6160
2349,錸德,1066,948,118,中國信託,2024-08-22,6160
1504,東元,156,41,115,中國信託,2024-08-22,6160
00891,中信關鍵半導體,107,2,105,中國信託,2024-08-22,6160
00679B,元大美債20年,148,43,105,中國信託,2024-08-22,6160
4958,臻鼎-KY,110,8,102,中國信託,2024-08-22,6160
00931B,統一美債20年,333,241,92,中國信託,2024-08-22,6160
00753L,中信中國50正2,113,22,91,中國信託,2024-08-22,6160
1326,台化,103,12,91,中國信託,2024-08-22,6160
2618,長榮航,323,239,84,中國信託,2024-08-22,6160
4533,協易機,84,2,82,中國信託,2024-08-22,6160
6457,紘康,81,1,80,中國信託,2024-08-22,6160
8069,元太,95,17,78,中國信託,2024-08-22,6160
2615,萬海,111,33,78,中國信託,2024-08-22,6160
2609,陽明,132,55,77,中國信託,2024-08-22,6160
0056,元大高股息,82,8,74,中國信託,2024-08-22,6160
00688L,國泰20年美債正2,76,5,71,中國信託,2024-08-22,6160
00882,中信中國高股息,81,13,68,中國信託,2024-08-22,6160
8099,大世科,72,8,64,中國信託,2024-08-22,6160
00951,台新日本半導體,81,17,64,中國信託,2024-08-22,6160
00945B,凱基美國非投等債,62,0,62,中國信託,2024-08-22,6160
1514,亞力,169,111,58,中國信託,2024-08-22,6160
00701,國泰股利精選30,55,0,55,中國信託,2024-08-22,6160
2890,永豐金,177,123,54,中國信託,2024-08-22,6160
6284,佳邦,52,0,52,中國信託,2024-08-22,6160
2888,新光金,3939,2307,1632,中國信託,2024-08-23,6160
00720B,元大投資級公司債,767,0,767,中國信託,2024-08-23,6160
2891,中信金,1060,318,742,中國信託,2024-08-23,6160
00687B,國泰20年美債,657,33,624,中國信託,2024-08-23,6160
00878,國泰永續高股息,1798,1236,562,中國信託,2024-08-23,6160
00934,中信成長高股息,612,61,551,中國信託,2024-08-23,6160
2412,中華電,550,11,539,中國信託,2024-08-23,6160
00944,野村趨勢動能高息,533,0,533,中國信託,2024-08-23,6160
00881,國泰台灣5G+,1093,569,524,中國信託,2024-08-23,6160
00929,復華台灣科技優息,657,149,508,中國信託,2024-08-23,6160
00892,富邦台灣半導體,479,58,421,中國信託,2024-08-23,6160
00919,群益台灣精選高息,804,385,419,中國信託,2024-08-23,6160
00888,永豐台灣ESG,393,0,393,中國信託,2024-08-23,6160
3062,建漢,427,55,372,中國信託,2024-08-23,6160
00665L,富邦�琤肭磪囓�2,320,0,320,中國信託,2024-08-23,6160
00751B,元大AAA至A公司債,291,8,283,中國信託,2024-08-23,6160
0050,元大台灣50,290,62,228,中國信託,2024-08-23,6160
9933,中鼎,208,0,208,中國信託,2024-08-23,6160
1101,台泥,206,18,188,中國信託,2024-08-23,6160
2887,台新金,300,120,180,中國信託,2024-08-23,6160
00680L,元大美債20正2,198,18,180,中國信託,2024-08-23,6160
00632R,元大台灣50反1,396,224,172,中國信託,2024-08-23,6160
00939,統一台灣高息動能,1156,988,168,中國信託,2024-08-23,6160
3167,大量,151,5,146,中國信託,2024-08-23,6160
00688L,國泰20年美債正2,253,110,143,中國信託,2024-08-23,6160
5522,遠雄,132,0,132,中國信託,2024-08-23,6160
00692,富邦公司治理,144,15,129,中國信託,2024-08-23,6160
00795B,中信美國公債20年,921,800,121,中國信託,2024-08-23,6160
6457,紘康,120,0,120,中國信託,2024-08-23,6160
2845,遠東銀,116,0,116,中國信託,2024-08-23,6160
1711,永光,446,331,115,中國信託,2024-08-23,6160
00637L,元大滬深300正2,100,0,100,中國信託,2024-08-23,6160
00936,台新永續高息中小,698,598,100,中國信託,2024-08-23,6160
6284,佳邦,100,4,96,中國信託,2024-08-23,6160
3019,亞光,177,84,93,中國信託,2024-08-23,6160
00891,中信關鍵半導體,102,9,93,中國信託,2024-08-23,6160
2454,聯發科,97,6,91,中國信託,2024-08-23,6160
2890,永豐金,83,1,82,中國信託,2024-08-23,6160
2317,鴻海,210,140,70,中國信託,2024-08-23,6160
00733,富邦臺灣中小,66,0,66,中國信託,2024-08-23,6160
00679B,元大美債20年,129,65,64,中國信託,2024-08-23,6160
00953B,群益優選非投等債,64,0,64,中國信託,2024-08-23,6160
0056,元大高股息,101,39,62,中國信託,2024-08-23,6160
00942B,台新美A公司債20+,360,300,60,中國信託,2024-08-23,6160
2337,旺宏,57,3,54,中國信託,2024-08-23,6160
6757,台灣虎航,54,0,54,中國信託,2024-08-23,6160
4513,福裕,132,80,52,中國信託,2024-08-23,6160
1503,士電,55,5,50,中國信託,2024-08-23,6160
8069,元太,51,4,47,中國信託,2024-08-23,6160
6438,迅得,46,0,46,中國信託,2024-08-23,6160
00679B,元大美債20年,2229,40,2189,中國信託,2024-08-26,6160
00940,元大台灣價值高息,2093,252,1841,中國信託,2024-08-26,6160
00939,統一台灣高息動能,1611,66,1545,中國信託,2024-08-26,6160
00907,永豐優息存股,1612,186,1426,中國信託,2024-08-26,6160
00697B,元大美債7-10,999,0,999,中國信託,2024-08-26,6160
00934,中信成長高股息,659,120,539,中國信託,2024-08-26,6160
2412,中華電,555,25,530,中國信託,2024-08-26,6160
3481,群創,614,169,445,中國信託,2024-08-26,6160
00937B,群益ESG投等債20,1006,623,383,中國信託,2024-08-26,6160
00687B,國泰20年美債,445,67,378,中國信託,2024-08-26,6160
0050,元大台灣50,513,143,370,中國信託,2024-08-26,6160
00692,富邦公司治理,340,14,326,中國信託,2024-08-26,6160
2888,新光金,4858,4539,319,中國信託,2024-08-26,6160
2885,元大金,292,69,223,中國信託,2024-08-26,6160
9933,中鼎,207,2,205,中國信託,2024-08-26,6160
00665L,富邦�琤肭磪囓�2,203,5,198,中國信託,2024-08-26,6160
2330,台積電,242,45,197,中國信託,2024-08-26,6160
1477,聚陽,163,1,162,中國信託,2024-08-26,6160
6457,紘康,146,0,146,中國信託,2024-08-26,6160
2317,鴻海,243,112,131,中國信託,2024-08-26,6160
3044,健鼎,159,29,130,中國信託,2024-08-26,6160
1513,中興電,138,11,127,中國信託,2024-08-26,6160
00753L,中信中國50正2,142,20,122,中國信託,2024-08-26,6160
2383,台光電,128,11,117,中國信託,2024-08-26,6160
5263,智崴,121,5,116,中國信託,2024-08-26,6160
6284,佳邦,119,11,108,中國信託,2024-08-26,6160
2349,錸德,315,207,108,中國信託,2024-08-26,6160
00751B,元大AAA至A公司債,107,2,105,中國信託,2024-08-26,6160
00901,永豐智能車供應鏈,108,4,104,中國信託,2024-08-26,6160
00887,永豐中國科技50大,116,12,104,中國信託,2024-08-26,6160
00706L,期元大S＆P日圓正2,118,17,101,中國信託,2024-08-26,6160
00910,第一金太空衛星,104,3,101,中國信託,2024-08-26,6160
00637L,元大滬深300正2,401,300,101,中國信託,2024-08-26,6160
9938,百和,97,0,97,中國信託,2024-08-26,6160
4563,百德,113,19,94,中國信託,2024-08-26,6160
2880,華南金,91,0,91,中國信託,2024-08-26,6160
2376,技嘉,392,302,90,中國信託,2024-08-26,6160
2890,永豐金,88,4,84,中國信託,2024-08-26,6160
4768,晶呈科技,75,0,75,中國信託,2024-08-26,6160
00913,兆豐台灣晶圓製造,73,0,73,中國信託,2024-08-26,6160
6706,惠特,76,7,69,中國信託,2024-08-26,6160
00888,永豐台灣ESG,80,14,66,中國信託,2024-08-26,6160
00948B,中信優息投資級債,272,206,66,中國信託,2024-08-26,6160
2102,泰豐,65,0,65,中國信託,2024-08-26,6160
1773,勝一,65,0,65,中國信託,2024-08-26,6160
4583,台灣精銳,65,4,61,中國信託,2024-08-26,6160
00701,國泰股利精選30,233,173,60,中國信託,2024-08-26,6160
2367,燿華,56,3,53,中國信託,2024-08-26,6160
00924,復華S＆P500成長,54,2,52,中國信託,2024-08-26,6160
8096,擎亞,154,104,50,中國信託,2024-08-26,6160
00679B,元大美債20年,2148,13,2135,中國信託,2024-08-27,6160
6505,台塑化,1501,35,1466,中國信託,2024-08-27,6160
00939,統一台灣高息動能,1504,43,1461,中國信託,2024-08-27,6160
3481,群創,1545,501,1044,中國信託,2024-08-27,6160
00697B,元大美債7-10,1024,0,1024,中國信託,2024-08-27,6160
2891,中信金,1097,74,1023,中國信託,2024-08-27,6160
00934,中信成長高股息,1064,263,801,中國信託,2024-08-27,6160
2883,凱基金,844,72,772,中國信託,2024-08-27,6160
00888,永豐台灣ESG,739,5,734,中國信託,2024-08-27,6160
2412,中華電,560,7,553,中國信託,2024-08-27,6160
00892,富邦台灣半導體,505,3,502,中國信託,2024-08-27,6160
2324,仁寶,655,156,499,中國信託,2024-08-27,6160
2603,長榮,551,95,456,中國信託,2024-08-27,6160
2888,新光金,1408,1167,241,中國信託,2024-08-27,6160
2886,兆豐金,267,33,234,中國信託,2024-08-27,6160
9933,中鼎,209,0,209,中國信託,2024-08-27,6160
00912,中信臺灣智慧50,208,1,207,中國信託,2024-08-27,6160
00687B,國泰20年美債,207,4,203,中國信託,2024-08-27,6160
1102,亞泥,215,18,197,中國信託,2024-08-27,6160
00650L,復華香港正2,200,6,194,中國信託,2024-08-27,6160
0050,元大台灣50,295,103,192,中國信託,2024-08-27,6160
00753L,中信中國50正2,151,0,151,中國信託,2024-08-27,6160
1477,聚陽,150,1,149,中國信託,2024-08-27,6160
006208,富邦台50,182,35,147,中國信託,2024-08-27,6160
8096,擎亞,366,220,146,中國信託,2024-08-27,6160
00948B,中信優息投資級債,168,28,140,中國信託,2024-08-27,6160
00900,富邦特選高股息30,483,346,137,中國信託,2024-08-27,6160
2515,中工,148,14,134,中國信託,2024-08-27,6160
6284,佳邦,135,2,133,中國信託,2024-08-27,6160
00725B,國泰投資級公司債,133,0,133,中國信託,2024-08-27,6160
00692,富邦公司治理,132,3,129,中國信託,2024-08-27,6160
2330,台積電,331,212,119,中國信託,2024-08-27,6160
6546,正基,120,6,114,中國信託,2024-08-27,6160
2867,三商壽,113,5,108,中國信託,2024-08-27,6160
6457,紘康,106,0,106,中國信託,2024-08-27,6160
00701,國泰股利精選30,132,28,104,中國信託,2024-08-27,6160
00937B,群益ESG投等債20,196,94,102,中國信託,2024-08-27,6160
3034,聯詠,151,53,98,中國信託,2024-08-27,6160
2889,國票金,99,1,98,中國信託,2024-08-27,6160
8064,東捷,248,150,98,中國信託,2024-08-27,6160
00945B,凱基美國非投等債,97,0,97,中國信託,2024-08-27,6160
2317,鴻海,158,63,95,中國信託,2024-08-27,6160
4938,和碩,85,3,82,中國信託,2024-08-27,6160
3605,宏致,79,7,72,中國信託,2024-08-27,6160
2357,華碩,83,13,70,中國信託,2024-08-27,6160
2454,聯發科,79,10,69,中國信託,2024-08-27,6160
3550,聯穎,72,3,69,中國信託,2024-08-27,6160
6757,台灣虎航,60,0,60,中國信託,2024-08-27,6160
8028,昇陽半導體,200,145,55,中國信託,2024-08-27,6160
1503,士電,59,9,50,中國信託,2024-08-27,6160
00929,復華台灣科技優息,3141,1546,1595,中國信託,2024-08-28,6160
00939,統一台灣高息動能,1541,108,1433,中國信託,2024-08-28,6160
00881,國泰台灣5G+,1621,234,1387,中國信託,2024-08-28,6160
00940,元大台灣價值高息,1930,728,1202,中國信託,2024-08-28,6160
00924,復華S＆P500成長,681,56,625,中國信託,2024-08-28,6160
2412,中華電,557,1,556,中國信託,2024-08-28,6160
3481,群創,1242,829,413,中國信託,2024-08-28,6160
0050,元大台灣50,401,32,369,中國信託,2024-08-28,6160
00888,永豐台灣ESG,615,281,334,中國信託,2024-08-28,6160
006208,富邦台50,544,214,330,中國信託,2024-08-28,6160
2313,華通,395,79,316,中國信託,2024-08-28,6160
00892,富邦台灣半導體,330,38,292,中國信託,2024-08-28,6160
00692,富邦公司治理,281,8,273,中國信託,2024-08-28,6160
00679B,元大美債20年,261,46,215,中國信託,2024-08-28,6160
1711,永光,269,58,211,中國信託,2024-08-28,6160
00687B,國泰20年美債,322,111,211,中國信託,2024-08-28,6160
6005,群益證,204,0,204,中國信託,2024-08-28,6160
00901,永豐智能車供應鏈,181,0,181,中國信託,2024-08-28,6160
2891,中信金,291,114,177,中國信託,2024-08-28,6160
00688L,國泰20年美債正2,175,4,171,中國信託,2024-08-28,6160
6457,紘康,167,0,167,中國信託,2024-08-28,6160
5443,均豪,392,235,157,中國信託,2024-08-28,6160
2402,毅嘉,225,70,155,中國信託,2024-08-28,6160
00733,富邦臺灣中小,114,0,114,中國信託,2024-08-28,6160
00912,中信臺灣智慧50,113,0,113,中國信託,2024-08-28,6160
00680L,元大美債20正2,142,30,112,中國信託,2024-08-28,6160
3363,上詮,160,50,110,中國信託,2024-08-28,6160
00720B,元大投資級公司債,107,3,104,中國信託,2024-08-28,6160
2618,長榮航,209,106,103,中國信託,2024-08-28,6160
9938,百和,94,0,94,中國信託,2024-08-28,6160
00948B,中信優息投資級債,147,56,91,中國信託,2024-08-28,6160
4542,科嶠,121,31,90,中國信託,2024-08-28,6160
1773,勝一,89,0,89,中國信託,2024-08-28,6160
00891,中信關鍵半導體,134,49,85,中國信託,2024-08-28,6160
2845,遠東銀,102,20,82,中國信託,2024-08-28,6160
3062,建漢,145,71,74,中國信託,2024-08-28,6160
8076,伍豐,174,103,71,中國信託,2024-08-28,6160
2420,新巨,70,0,70,中國信託,2024-08-28,6160
6505,台塑化,75,6,69,中國信託,2024-08-28,6160
9958,世紀鋼,147,78,69,中國信託,2024-08-28,6160
00932,兆豐永續高息等權,66,1,65,中國信託,2024-08-28,6160
3710,連展投控,73,10,63,中國信託,2024-08-28,6160
2102,泰豐,60,0,60,中國信託,2024-08-28,6160
1503,士電,58,6,52,中國信託,2024-08-28,6160
2365,昆盈,98,46,52,中國信託,2024-08-28,6160
6431,光麗-KY,56,7,49,中國信託,2024-08-28,6160
2405,輔信,80,31,49,中國信託,2024-08-28,6160
00795B,中信美國公債20年,1252,1206,46,中國信託,2024-08-28,6160
6531,愛普*,92,51,41,中國信託,2024-08-28,6160
2834,臺企銀,42,1,41,中國信託,2024-08-28,6160
3062,建漢,1610,159,1451,中國信託,2024-08-29,6160
00692,富邦公司治理,1395,0,1395,中國信託,2024-08-29,6160
3711,日月光投控,1009,112,897,中國信託,2024-08-29,6160
2891,中信金,612,36,576,中國信託,2024-08-29,6160
2412,中華電,551,11,540,中國信託,2024-08-29,6160
00632R,元大台灣50反1,637,155,482,中國信託,2024-08-29,6160
00900,富邦特選高股息30,667,248,419,中國信託,2024-08-29,6160
00946,群益科技高息成長,1017,634,383,中國信託,2024-08-29,6160
00687B,國泰20年美債,364,10,354,中國信託,2024-08-29,6160
00937B,群益ESG投等債20,358,10,348,中國信託,2024-08-29,6160
00679B,元大美債20年,371,43,328,中國信託,2024-08-29,6160
00719B,元大美債1-3,223,0,223,中國信託,2024-08-29,6160
00948B,中信優息投資級債,214,0,214,中國信託,2024-08-29,6160
3081,聯亞,198,22,176,中國信託,2024-08-29,6160
2890,永豐金,124,3,121,中國信託,2024-08-29,6160
6457,紘康,115,0,115,中國信託,2024-08-29,6160
00941,中信上游半導體,134,20,114,中國信託,2024-08-29,6160
00942B,台新美A公司債20+,478,365,113,中國信託,2024-08-29,6160
1540,喬福,344,232,112,中國信託,2024-08-29,6160
2303,聯電,217,106,111,中國信託,2024-08-29,6160
4904,遠傳,118,14,104,中國信託,2024-08-29,6160
00888,永豐台灣ESG,152,50,102,中國信託,2024-08-29,6160
2506,太設,101,0,101,中國信託,2024-08-29,6160
1560,中砂,103,6,97,中國信託,2024-08-29,6160
1727,中華化,228,136,92,中國信託,2024-08-29,6160
00901,永豐智能車供應鏈,91,5,86,中國信託,2024-08-29,6160
3491,昇達科,108,28,80,中國信託,2024-08-29,6160
1314,中石化,121,41,80,中國信託,2024-08-29,6160
8383,千附,80,1,79,中國信託,2024-08-29,6160
00733,富邦臺灣中小,92,20,72,中國信託,2024-08-29,6160
00953B,群益優選非投等債,91,20,71,中國信託,2024-08-29,6160
6546,正基,78,11,67,中國信託,2024-08-29,6160
2458,義隆,70,3,67,中國信託,2024-08-29,6160
00924,復華S＆P500成長,71,8,63,中國信託,2024-08-29,6160
00772B,中信高評級公司債,62,0,62,中國信託,2024-08-29,6160
00795B,中信美國公債20年,1262,1201,61,中國信託,2024-08-29,6160
2455,全新,84,24,60,中國信託,2024-08-29,6160
5515,建國,60,0,60,中國信託,2024-08-29,6160
00954,中信日本半導體,110,51,59,中國信託,2024-08-29,6160
8064,東捷,127,68,59,中國信託,2024-08-29,6160
8039,台虹,171,113,58,中國信託,2024-08-29,6160
6449,鈺邦,61,4,57,中國信託,2024-08-29,6160
2515,中工,107,51,56,中國信託,2024-08-29,6160
4583,台灣精銳,67,12,55,中國信託,2024-08-29,6160
00864B,中信美國公債0-1,153,100,53,中國信託,2024-08-29,6160
3260,威剛,51,0,51,中國信託,2024-08-29,6160
1503,士電,50,1,49,中國信託,2024-08-29,6160
4510,高鋒,320,272,48,中國信託,2024-08-29,6160
2314,台揚,55,8,47,中國信託,2024-08-29,6160
00887,永豐中國科技50大,47,0,47,中國信託,2024-08-29,6160
00687B,國泰20年美債,1427,31,1396,中國信託,2024-08-30,6160
00881,國泰台灣5G+,948,13,935,中國信託,2024-08-30,6160
00679B,元大美債20年,777,46,731,中國信託,2024-08-30,6160
00878,國泰永續高股息,2234,1505,729,中國信託,2024-08-30,6160
00934,中信成長高股息,833,121,712,中國信託,2024-08-30,6160
00939,統一台灣高息動能,762,77,685,中國信託,2024-08-30,6160
00940,元大台灣價值高息,764,95,669,中國信託,2024-08-30,6160
2412,中華電,602,19,583,中國信託,2024-08-30,6160
2609,陽明,634,71,563,中國信託,2024-08-30,6160
6147,頎邦,435,8,427,中國信託,2024-08-30,6160
3481,群創,461,93,368,中國信託,2024-08-30,6160
00901,永豐智能車供應鏈,351,0,351,中國信託,2024-08-30,6160
00692,富邦公司治理,344,18,326,中國信託,2024-08-30,6160
00888,永豐台灣ESG,323,1,322,中國信託,2024-08-30,6160
0050,元大台灣50,475,198,277,中國信託,2024-08-30,6160
00947,台新臺灣IC設計,336,59,277,中國信託,2024-08-30,6160
00900,富邦特選高股息30,267,2,265,中國信託,2024-08-30,6160
00680L,元大美債20正2,285,76,209,中國信託,2024-08-30,6160
2102,泰豐,195,0,195,中國信託,2024-08-30,6160
00910,第一金太空衛星,179,0,179,中國信託,2024-08-30,6160
00937B,群益ESG投等債20,192,26,166,中國信託,2024-08-30,6160
00795B,中信美國公債20年,1384,1220,164,中國信託,2024-08-30,6160
6457,紘康,158,0,158,中國信託,2024-08-30,6160
1711,永光,502,349,153,中國信託,2024-08-30,6160
6156,松上,178,30,148,中國信託,2024-08-30,6160
5871,中租-KY,145,13,132,中國信託,2024-08-30,6160
2618,長榮航,351,222,129,中國信託,2024-08-30,6160
2891,中信金,203,87,116,中國信託,2024-08-30,6160
9938,百和,114,0,114,中國信託,2024-08-30,6160
00948B,中信優息投資級債,197,87,110,中國信託,2024-08-30,6160
2330,台積電,190,81,109,中國信託,2024-08-30,6160
00701,國泰股利精選30,210,101,109,中國信託,2024-08-30,6160
1513,中興電,117,9,108,中國信託,2024-08-30,6160
00944,野村趨勢動能高息,110,2,108,中國信託,2024-08-30,6160
3024,憶聲,108,3,105,中國信託,2024-08-30,6160
4720,德淵,102,2,100,中國信託,2024-08-30,6160
2887,台新金,93,9,84,中國信託,2024-08-30,6160
2367,燿華,257,176,81,中國信託,2024-08-30,6160
6213,聯茂,448,368,80,中國信託,2024-08-30,6160
2880,華南金,99,21,78,中國信託,2024-08-30,6160
5386,青雲,95,18,77,中國信託,2024-08-30,6160
00912,中信臺灣智慧50,76,0,76,中國信託,2024-08-30,6160
5234,達興材料,92,16,76,中國信託,2024-08-30,6160
1532,勤美,80,10,70,中國信託,2024-08-30,6160
9958,世紀鋼,103,34,69,中國信託,2024-08-30,6160
00892,富邦台灣半導體,72,4,68,中國信託,2024-08-30,6160
00929,復華台灣科技優息,989,921,68,中國信託,2024-08-30,6160
1614,三洋電,60,0,60,中國信託,2024-08-30,6160
3689,湧德,73,14,59,中國信託,2024-08-30,6160
2504,國產,75,18,57,中國信託,2024-08-30,6160
00679B,元大美債20年,10082,227,9855,中國信託,2024-09-02,6160
2891,中信金,2296,129,2167,中國信託,2024-09-02,6160
1102,亞泥,1506,314,1192,中國信託,2024-09-02,6160
2356,英業達,1177,13,1164,中國信託,2024-09-02,6160
2303,聯電,1502,400,1102,中國信託,2024-09-02,6160
00939,統一台灣高息動能,999,19,980,中國信託,2024-09-02,6160
2495,普安,890,27,863,中國信託,2024-09-02,6160
2883,凱基金,876,34,842,中國信託,2024-09-02,6160
00687B,國泰20年美債,766,31,735,中國信託,2024-09-02,6160
2412,中華電,556,9,547,中國信託,2024-09-02,6160
00878,國泰永續高股息,1311,785,526,中國信託,2024-09-02,6160
2324,仁寶,551,56,495,中國信託,2024-09-02,6160
2330,台積電,545,81,464,中國信託,2024-09-02,6160
0050,元大台灣50,581,137,444,中國信託,2024-09-02,6160
6191,精成科,421,10,411,中國信託,2024-09-02,6160
006208,富邦台50,549,146,403,中國信託,2024-09-02,6160
00680L,元大美債20正2,370,0,370,中國信託,2024-09-02,6160
00882,中信中國高股息,370,13,357,中國信託,2024-09-02,6160
00937B,群益ESG投等債20,323,11,312,中國信託,2024-09-02,6160
2836,高雄銀,300,0,300,中國信託,2024-09-02,6160
6213,聯茂,367,78,289,中國信託,2024-09-02,6160
00934,中信成長高股息,378,103,275,中國信託,2024-09-02,6160
2102,泰豐,225,0,225,中國信託,2024-09-02,6160
3231,緯創,268,51,217,中國信託,2024-09-02,6160
6152,百一,228,13,215,中國信託,2024-09-02,6160
00959B,大華投等美債15Y+,254,41,213,中國信託,2024-09-02,6160
5483,中美晶,249,39,210,中國信託,2024-09-02,6160
6285,啟��,207,2,205,中國信託,2024-09-02,6160
00864B,中信美國公債0-1,316,113,203,中國信託,2024-09-02,6160
00752,中信中國50,188,0,188,中國信託,2024-09-02,6160
00719B,元大美債1-3,180,0,180,中國信託,2024-09-02,6160
3042,晶技,184,7,177,中國信託,2024-09-02,6160
6412,群電,177,2,175,中國信託,2024-09-02,6160
4510,高鋒,271,99,172,中國信託,2024-09-02,6160
9904,寶成,166,5,161,中國信託,2024-09-02,6160
6457,紘康,151,0,151,中國信託,2024-09-02,6160
3081,聯亞,231,81,150,中國信託,2024-09-02,6160
3088,艾訊,151,1,150,中國信託,2024-09-02,6160
2474,可成,181,42,139,中國信託,2024-09-02,6160
2312,金寶,157,22,135,中國信託,2024-09-02,6160
2618,長榮航,515,381,134,中國信託,2024-09-02,6160
9933,中鼎,207,73,134,中國信託,2024-09-02,6160
5434,崇越,132,8,124,中國信託,2024-09-02,6160
2603,長榮,334,212,122,中國信託,2024-09-02,6160
3027,盛達,120,0,120,中國信託,2024-09-02,6160
3044,健鼎,122,4,118,中國信託,2024-09-02,6160
1504,東元,236,118,118,中國信託,2024-09-02,6160
3491,昇達科,124,9,115,中國信託,2024-09-02,6160
00915,凱基優選高股息30,112,1,111,中國信託,2024-09-02,6160
00946,群益科技高息成長,137,27,110,中國信託,2024-09-02,6160
00936,台新永續高息中小,6807,751,6056,中國信託,2024-09-03,6160
2886,兆豐金,2610,164,2446,中國信託,2024-09-03,6160
00929,復華台灣科技優息,2677,462,2215,中國信託,2024-09-03,6160
00939,統一台灣高息動能,1962,883,1079,中國信託,2024-09-03,6160
1102,亞泥,1213,150,1063,中國信託,2024-09-03,6160
2317,鴻海,1094,103,991,中國信託,2024-09-03,6160
00934,中信成長高股息,1574,688,886,中國信託,2024-09-03,6160
00944,野村趨勢動能高息,705,32,673,中國信託,2024-09-03,6160
00937B,群益ESG投等債20,693,42,651,中國信託,2024-09-03,6160
3231,緯創,638,89,549,中國信託,2024-09-03,6160
2412,中華電,600,70,530,中國信託,2024-09-03,6160
00948B,中信優息投資級債,522,18,504,中國信託,2024-09-03,6160
2891,中信金,451,93,358,中國信託,2024-09-03,6160
00680L,元大美債20正2,340,1,339,中國信託,2024-09-03,6160
00941,中信上游半導體,329,5,324,中國信託,2024-09-03,6160
0050,元大台灣50,445,142,303,中國信託,2024-09-03,6160
00687B,國泰20年美債,267,15,252,中國信託,2024-09-03,6160
00928,中信上櫃ESG30,254,34,220,中國信託,2024-09-03,6160
8215,明基材,218,1,217,中國信託,2024-09-03,6160
2367,燿華,255,50,205,中國信託,2024-09-03,6160
9933,中鼎,203,0,203,中國信託,2024-09-03,6160
00894,中信小資高價30,256,56,200,中國信託,2024-09-03,6160
2330,台積電,460,262,198,中國信託,2024-09-03,6160
00912,中信臺灣智慧50,176,0,176,中國信託,2024-09-03,6160
6239,力成,255,88,167,中國信託,2024-09-03,6160
2328,廣宇,163,0,163,中國信託,2024-09-03,6160
00679B,元大美債20年,214,51,163,中國信託,2024-09-03,6160
2885,元大金,163,7,156,中國信託,2024-09-03,6160
00886,永豐美國科技,154,0,154,中國信託,2024-09-03,6160
3479,安勤,171,33,138,中國信託,2024-09-03,6160
3044,健鼎,153,17,136,中國信託,2024-09-03,6160
2102,泰豐,134,0,134,中國信託,2024-09-03,6160
2382,廣達,165,32,133,中國信託,2024-09-03,6160
2883,凱基金,133,2,131,中國信託,2024-09-03,6160
6191,精成科,128,0,128,中國信託,2024-09-03,6160
00910,第一金太空衛星,128,0,128,中國信託,2024-09-03,6160
3033,威健,127,5,122,中國信託,2024-09-03,6160
00901,永豐智能車供應鏈,120,0,120,中國信託,2024-09-03,6160
00915,凱基優選高股息30,128,12,116,中國信託,2024-09-03,6160
1477,聚陽,108,1,107,中國信託,2024-09-03,6160
00882,中信中國高股息,182,75,107,中國信託,2024-09-03,6160
3363,上詮,156,51,105,中國信託,2024-09-03,6160
5876,上海商銀,102,0,102,中國信託,2024-09-03,6160
1319,東陽,110,11,99,中國信託,2024-09-03,6160
2308,台達電,102,5,97,中國信託,2024-09-03,6160
6672,騰輝電子-KY,93,0,93,中國信託,2024-09-03,6160
8454,富邦媒,88,0,88,中國信託,2024-09-03,6160
6457,紘康,88,0,88,中國信託,2024-09-03,6160
6890,來億-KY,90,4,86,中國信託,2024-09-03,6160
2344,華邦電,83,2,81,中國信託,2024-09-03,6160
00936,台新永續高息中小,7400,246,7154,中國信託,2024-09-04,6160
2891,中信金,3594,106,3488,中國信託,2024-09-04,6160
2886,兆豐金,2802,220,2582,中國信託,2024-09-04,6160
2882,國泰金,1743,105,1638,中國信託,2024-09-04,6160
00915,凱基優選高股息30,901,14,887,中國信託,2024-09-04,6160
5347,世界,719,51,668,中國信託,2024-09-04,6160
2412,中華電,566,3,563,中國信託,2024-09-04,6160
0056,元大高股息,567,28,539,中國信託,2024-09-04,6160
6285,啟��,498,3,495,中國信託,2024-09-04,6160
2330,台積電,999,601,398,中國信託,2024-09-04,6160
00948B,中信優息投資級債,406,32,374,中國信託,2024-09-04,6160
6191,精成科,373,1,372,中國信託,2024-09-04,6160
6505,台塑化,411,46,365,中國信託,2024-09-04,6160
2836,高雄銀,352,0,352,中國信託,2024-09-04,6160
2102,泰豐,337,0,337,中國信託,2024-09-04,6160
2049,上銀,306,5,301,中國信託,2024-09-04,6160
1319,東陽,288,2,286,中國信託,2024-09-04,6160
00680L,元大美債20正2,414,157,257,中國信託,2024-09-04,6160
6213,聯茂,267,13,254,中國信託,2024-09-04,6160
00830,國泰費城半導體,323,72,251,中國信託,2024-09-04,6160
00933B,國泰10Y+金融債,325,86,239,中國信託,2024-09-04,6160
2368,金像電,255,27,228,中國信託,2024-09-04,6160
2303,聯電,751,529,222,中國信託,2024-09-04,6160
2883,凱基金,483,271,212,中國信託,2024-09-04,6160
2820,華票,201,0,201,中國信託,2024-09-04,6160
9933,中鼎,203,9,194,中國信託,2024-09-04,6160
6412,群電,158,0,158,中國信託,2024-09-04,6160
9904,寶成,220,74,146,中國信託,2024-09-04,6160
00706L,期元大S＆P日圓正2,141,0,141,中國信託,2024-09-04,6160
00795B,中信美國公債20年,252,115,137,中國信託,2024-09-04,6160
00715L,期街口布蘭特正2,126,10,116,中國信託,2024-09-04,6160
2402,毅嘉,136,22,114,中國信託,2024-09-04,6160
6457,紘康,113,0,113,中國信託,2024-09-04,6160
6546,正基,125,17,108,中國信託,2024-09-04,6160
5434,崇越,110,7,103,中國信託,2024-09-04,6160
2382,廣達,148,45,103,中國信託,2024-09-04,6160
1806,冠軍,102,0,102,中國信託,2024-09-04,6160
1532,勤美,94,1,93,中國信託,2024-09-04,6160
3037,欣興,134,42,92,中國信託,2024-09-04,6160
00643,群益深証中小,91,0,91,中國信託,2024-09-04,6160
00935,野村臺灣新科技50,98,7,91,中國信託,2024-09-04,6160
5876,上海商銀,95,7,88,中國信託,2024-09-04,6160
2324,仁寶,292,205,87,中國信託,2024-09-04,6160
2356,英業達,196,110,86,中國信託,2024-09-04,6160
1301,台塑,96,12,84,中國信託,2024-09-04,6160
00941,中信上游半導體,322,238,84,中國信託,2024-09-04,6160
5289,宜鼎,83,0,83,中國信託,2024-09-04,6160
2449,京元電子,181,110,71,中國信託,2024-09-04,6160
2371,大同,89,18,71,中國信託,2024-09-04,6160
2454,聯發科,87,17,70,中國信託,2024-09-04,6160
00939,統一台灣高息動能,1441,35,1406,中國信託,2024-09-05,6160
00857B,永豐20年美公債,1015,31,984,中國信託,2024-09-05,6160
2412,中華電,599,0,599,中國信託,2024-09-05,6160
2609,陽明,593,26,567,中國信託,2024-09-05,6160
5234,達興材料,518,13,505,中國信託,2024-09-05,6160
00915,凱基優選高股息30,487,6,481,中國信託,2024-09-05,6160
2882,國泰金,482,44,438,中國信託,2024-09-05,6160
00940,元大台灣價值高息,482,65,417,中國信託,2024-09-05,6160
2102,泰豐,427,15,412,中國信託,2024-09-05,6160
00752,中信中國50,435,62,373,中國信託,2024-09-05,6160
00864B,中信美國公債0-1,354,15,339,中國信託,2024-09-05,6160
00944,野村趨勢動能高息,443,110,333,中國信託,2024-09-05,6160
00928,中信上櫃ESG30,365,37,328,中國信託,2024-09-05,6160
2383,台光電,344,28,316,中國信託,2024-09-05,6160
2385,群光,312,8,304,中國信託,2024-09-05,6160
1773,勝一,300,0,300,中國信託,2024-09-05,6160
00900,富邦特選高股息30,330,60,270,中國信託,2024-09-05,6160
2886,兆豐金,285,28,257,中國信託,2024-09-05,6160
2888,新光金,552,299,253,中國信託,2024-09-05,6160
00932,兆豐永續高息等權,253,0,253,中國信託,2024-09-05,6160
00934,中信成長高股息,269,17,252,中國信託,2024-09-05,6160
00719B,元大美債1-3,250,1,249,中國信託,2024-09-05,6160
0050,元大台灣50,389,150,239,中國信託,2024-09-05,6160
0056,元大高股息,264,35,229,中國信託,2024-09-05,6160
00952,凱基台灣AI50,255,30,225,中國信託,2024-09-05,6160
9933,中鼎,204,5,199,中國信託,2024-09-05,6160
4915,致伸,225,40,185,中國信託,2024-09-05,6160
00632R,元大台灣50反1,677,507,170,中國信託,2024-09-05,6160
2409,友達,176,7,169,中國信託,2024-09-05,6160
00910,第一金太空衛星,168,10,158,中國信託,2024-09-05,6160
2317,鴻海,303,167,136,中國信託,2024-09-05,6160
2379,瑞昱,175,41,134,中國信託,2024-09-05,6160
5522,遠雄,130,1,129,中國信託,2024-09-05,6160
00795B,中信美國公債20年,1505,1393,112,中國信託,2024-09-05,6160
3711,日月光投控,113,3,110,中國信託,2024-09-05,6160
2880,華南金,110,3,107,中國信託,2024-09-05,6160
2834,臺企銀,116,13,103,中國信託,2024-09-05,6160
2377,微星,105,3,102,中國信託,2024-09-05,6160
5905,南仁湖,105,6,99,中國信託,2024-09-05,6160
6531,愛普*,105,15,90,中國信託,2024-09-05,6160
6278,台表科,106,16,90,中國信託,2024-09-05,6160
00679B,元大美債20年,197,109,88,中國信託,2024-09-05,6160
00951,台新日本半導體,1572,1484,88,中國信託,2024-09-05,6160
00953B,群益優選非投等債,106,20,86,中國信託,2024-09-05,6160
00882,中信中國高股息,85,3,82,中國信託,2024-09-05,6160
5876,上海商銀,84,4,80,中國信託,2024-09-05,6160
2454,聯發科,87,15,72,中國信託,2024-09-05,6160
00937B,群益ESG投等債20,168,100,68,中國信託,2024-09-05,6160
6457,紘康,67,0,67,中國信託,2024-09-05,6160
00941,中信上游半導體,81,14,67,中國信託,2024-09-05,6160
2618,長榮航,1259,99,1160,中國信託,2024-09-06,6160
2888,新光金,1736,599,1137,中國信託,2024-09-06,6160
2886,兆豐金,1357,425,932,中國信託,2024-09-06,6160
2303,聯電,1144,341,803,中國信託,2024-09-06,6160
00632R,元大台灣50反1,959,218,741,中國信託,2024-09-06,6160
2412,中華電,743,60,683,中國信託,2024-09-06,6160
6505,台塑化,637,14,623,中國信託,2024-09-06,6160
2324,仁寶,624,19,605,中國信託,2024-09-06,6160
00864B,中信美國公債0-1,687,165,522,中國信託,2024-09-06,6160
1338,廣華-KY,462,0,462,中國信託,2024-09-06,6160
1319,東陽,447,13,434,中國信託,2024-09-06,6160
00687B,國泰20年美債,689,266,423,中國信託,2024-09-06,6160
00719B,元大美債1-3,411,9,402,中國信託,2024-09-06,6160
2474,可成,381,13,368,中國信託,2024-09-06,6160
4938,和碩,374,13,361,中國信託,2024-09-06,6160
5483,中美晶,378,51,327,中國信託,2024-09-06,6160
6239,力成,316,22,294,中國信託,2024-09-06,6160
2610,華航,289,23,266,中國信託,2024-09-06,6160
4960,誠美材,259,0,259,中國信託,2024-09-06,6160
2809,京城銀,254,2,252,中國信託,2024-09-06,6160
2066,世德,249,0,249,中國信託,2024-09-06,6160
00936,台新永續高息中小,1165,927,238,中國信託,2024-09-06,6160
3702,大聯大,258,33,225,中國信託,2024-09-06,6160
3363,上詮,207,2,205,中國信託,2024-09-06,6160
00902,中信電池及儲能,214,11,203,中國信託,2024-09-06,6160
9933,中鼎,202,0,202,中國信託,2024-09-06,6160
2102,泰豐,158,0,158,中國信託,2024-09-06,6160
2369,菱生,150,5,145,中國信託,2024-09-06,6160
0050,元大台灣50,582,439,143,中國信託,2024-09-06,6160
8096,擎亞,158,20,138,中國信託,2024-09-06,6160
00676R,富邦臺灣加權反1,130,0,130,中國信託,2024-09-06,6160
2834,臺企銀,139,14,125,中國信託,2024-09-06,6160
00932,兆豐永續高息等權,123,4,119,中國信託,2024-09-06,6160
3044,健鼎,120,6,114,中國信託,2024-09-06,6160
2883,凱基金,167,56,111,中國信託,2024-09-06,6160
00910,第一金太空衛星,117,8,109,中國信託,2024-09-06,6160
00939,統一台灣高息動能,177,70,107,中國信託,2024-09-06,6160
2634,漢翔,101,0,101,中國信託,2024-09-06,6160
0056,元大高股息,110,16,94,中國信託,2024-09-06,6160
00891,中信關鍵半導體,94,9,85,中國信託,2024-09-06,6160
2376,技嘉,115,33,82,中國信託,2024-09-06,6160
5876,上海商銀,79,0,79,中國信託,2024-09-06,6160
00917,中信特選金融,94,16,78,中國信託,2024-09-06,6160
1102,亞泥,80,5,75,中國信託,2024-09-06,6160
00753L,中信中國50正2,97,28,69,中國信託,2024-09-06,6160
00911,兆豐洲際半導體,84,19,65,中國信託,2024-09-06,6160
00953B,群益優選非投等債,63,0,63,中國信託,2024-09-06,6160
00915,凱基優選高股息30,68,7,61,中國信託,2024-09-06,6160
6147,頎邦,59,0,59,中國信託,2024-09-06,6160
5905,南仁湖,171,114,57,中國信託,2024-09-06,6160
2888,新光金,3084,1780,1304,中國信託,2024-09-09,6160
6505,台塑化,1020,34,986,中國信託,2024-09-09,6160
00936,台新永續高息中小,1711,917,794,中國信託,2024-09-09,6160
00931B,統一美債20年,758,7,751,中國信託,2024-09-09,6160
2412,中華電,625,69,556,中國信託,2024-09-09,6160
00687B,國泰20年美債,671,121,550,中國信託,2024-09-09,6160
2603,長榮,542,60,482,中國信託,2024-09-09,6160
2891,中信金,543,86,457,中國信託,2024-09-09,6160
00888,永豐台灣ESG,453,12,441,中國信託,2024-09-09,6160
00939,統一台灣高息動能,449,11,438,中國信託,2024-09-09,6160
00953B,群益優選非投等債,403,1,402,中國信託,2024-09-09,6160
2330,台積電,473,132,341,中國信託,2024-09-09,6160
00934,中信成長高股息,409,88,321,中國信託,2024-09-09,6160
00928,中信上櫃ESG30,428,127,301,中國信託,2024-09-09,6160
00948B,中信優息投資級債,537,254,283,中國信託,2024-09-09,6160
4960,誠美材,281,0,281,中國信託,2024-09-09,6160
0056,元大高股息,300,33,267,中國信託,2024-09-09,6160
2610,華航,312,52,260,中國信託,2024-09-09,6160
00720B,元大投資級公司債,256,1,255,中國信託,2024-09-09,6160
2102,泰豐,226,0,226,中國信託,2024-09-09,6160
9933,中鼎,203,0,203,中國信託,2024-09-09,6160
2820,華票,201,0,201,中國信託,2024-09-09,6160
1477,聚陽,173,2,171,中國信託,2024-09-09,6160
2881,富邦金,198,35,163,中國信託,2024-09-09,6160
8249,菱光,214,53,161,中國信託,2024-09-09,6160
2317,鴻海,275,118,157,中國信託,2024-09-09,6160
4532,瑞智,155,1,154,中國信託,2024-09-09,6160
2303,聯電,621,468,153,中國信託,2024-09-09,6160
2369,菱生,153,0,153,中國信託,2024-09-09,6160
3481,群創,186,61,125,中國信託,2024-09-09,6160
00752,中信中國50,114,0,114,中國信託,2024-09-09,6160
00753L,中信中國50正2,104,0,104,中國信託,2024-09-09,6160
2382,廣達,124,20,104,中國信託,2024-09-09,6160
00891,中信關鍵半導體,115,12,103,中國信託,2024-09-09,6160
2834,臺企銀,113,12,101,中國信託,2024-09-09,6160
5258,虹堡,100,5,95,中國信託,2024-09-09,6160
6279,胡連,92,3,89,中國信託,2024-09-09,6160
00915,凱基優選高股息30,112,25,87,中國信託,2024-09-09,6160
00892,富邦台灣半導體,86,1,85,中國信託,2024-09-09,6160
1815,富喬,114,29,85,中國信託,2024-09-09,6160
5347,世界,179,100,79,中國信託,2024-09-09,6160
6770,力積電,83,12,71,中國信託,2024-09-09,6160
1504,東元,73,11,62,中國信託,2024-09-09,6160
00679B,元大美債20年,255,196,59,中國信託,2024-09-09,6160
3707,漢磊,63,5,58,中國信託,2024-09-09,6160
1303,南亞,59,2,57,中國信託,2024-09-09,6160
00923,群益台ESG低碳50,209,152,57,中國信託,2024-09-09,6160
3025,星通,55,1,54,中國信託,2024-09-09,6160
1444,力麗,50,0,50,中國信託,2024-09-09,6160
2002,中鋼,57,7,50,中國信託,2024-09-09,6160
00957B,兆豐US優選投等債,3354,560,2794,中國信託,2024-09-10,6160
0050,元大台灣50,1544,97,1447,中國信託,2024-09-10,6160
2412,中華電,580,7,573,中國信託,2024-09-10,6160
2388,威盛,529,18,511,中國信託,2024-09-10,6160
00928,中信上櫃ESG30,480,10,470,中國信託,2024-09-10,6160
2102,泰豐,438,1,437,中國信託,2024-09-10,6160
00688L,國泰20年美債正2,408,49,359,中國信託,2024-09-10,6160
1524,耿鼎,428,81,347,中國信託,2024-09-10,6160
00680L,元大美債20正2,384,70,314,中國信託,2024-09-10,6160
2330,台積電,466,195,271,中國信託,2024-09-10,6160
4960,誠美材,258,0,258,中國信託,2024-09-10,6160
0056,元大高股息,300,52,248,中國信託,2024-09-10,6160
2610,華航,294,57,237,中國信託,2024-09-10,6160
9933,中鼎,202,1,201,中國信託,2024-09-10,6160
2618,長榮航,355,162,193,中國信託,2024-09-10,6160
2382,廣達,222,54,168,中國信託,2024-09-10,6160
3535,晶彩科,182,21,161,中國信託,2024-09-10,6160
3702,大聯大,199,40,159,中國信託,2024-09-10,6160
2317,鴻海,328,178,150,中國信託,2024-09-10,6160
2369,菱生,152,4,148,中國信託,2024-09-10,6160
2301,光寶科,139,21,118,中國信託,2024-09-10,6160
3481,群創,192,76,116,中國信託,2024-09-10,6160
00664R,國泰臺灣加權反1,110,0,110,中國信託,2024-09-10,6160
00752,中信中國50,106,0,106,中國信託,2024-09-10,6160
00915,凱基優選高股息30,112,9,103,中國信託,2024-09-10,6160
2530,華建,258,156,102,中國信託,2024-09-10,6160
2889,國票金,115,20,95,中國信託,2024-09-10,6160
00882,中信中國高股息,98,7,91,中國信託,2024-09-10,6160
00712,復華富時不動產,104,14,90,中國信託,2024-09-10,6160
00955,中信日本商社,121,33,88,中國信託,2024-09-10,6160
00892,富邦台灣半導體,170,92,78,中國信託,2024-09-10,6160
00940,元大台灣價值高息,257,184,73,中國信託,2024-09-10,6160
8249,菱光,315,242,73,中國信託,2024-09-10,6160
3008,大立光,73,2,71,中國信託,2024-09-10,6160
6147,頎邦,70,0,70,中國信託,2024-09-10,6160
2308,台達電,87,17,70,中國信託,2024-09-10,6160
00932,兆豐永續高息等權,69,1,68,中國信託,2024-09-10,6160
3025,星通,111,43,68,中國信託,2024-09-10,6160
3708,上緯投控,69,7,62,中國信託,2024-09-10,6160
00891,中信關鍵半導體,63,2,61,中國信託,2024-09-10,6160
8112,至上,62,1,61,中國信託,2024-09-10,6160
4956,光鋐,71,11,60,中國信託,2024-09-10,6160
00956,中信日經高股息,64,5,59,中國信託,2024-09-10,6160
3047,訊舟,98,44,54,中國信託,2024-09-10,6160
6152,百一,59,5,54,中國信託,2024-09-10,6160
2337,旺宏,62,11,51,中國信託,2024-09-10,6160
00740B,富邦全球投等債,51,0,51,中國信託,2024-09-10,6160
5483,中美晶,82,31,51,中國信託,2024-09-10,6160
4904,遠傳,118,68,50,中國信託,2024-09-10,6160
2402,毅嘉,74,25,49,中國信託,2024-09-10,6160
00687B,國泰20年美債,1276,148,1128,中國信託,2024-09-11,6160
00939,統一台灣高息動能,737,38,699,中國信託,2024-09-11,6160
2412,中華電,551,3,548,中國信託,2024-09-11,6160
00948B,中信優息投資級債,519,131,388,中國信託,2024-09-11,6160
00917,中信特選金融,329,10,319,中國信託,2024-09-11,6160
00637L,元大滬深300正2,302,0,302,中國信託,2024-09-11,6160
4960,誠美材,258,0,258,中國信託,2024-09-11,6160
00888,永豐台灣ESG,260,22,238,中國信託,2024-09-11,6160
00942B,台新美A公司債20+,677,448,229,中國信託,2024-09-11,6160
2610,華航,238,19,219,中國信託,2024-09-11,6160
9933,中鼎,205,0,205,中國信託,2024-09-11,6160
00937B,群益ESG投等債20,283,90,193,中國信託,2024-09-11,6160
2228,劍麟,176,3,173,中國信託,2024-09-11,6160
00915,凱基優選高股息30,172,0,172,中國信託,2024-09-11,6160
2891,中信金,213,48,165,中國信託,2024-09-11,6160
00715L,期街口布蘭特正2,217,58,159,中國信託,2024-09-11,6160
2449,京元電子,162,6,156,中國信託,2024-09-11,6160
0056,元大高股息,170,16,154,中國信託,2024-09-11,6160
4551,智伸科,155,8,147,中國信託,2024-09-11,6160
00936,台新永續高息中小,543,405,138,中國信託,2024-09-11,6160
00712,復華富時不動產,140,3,137,中國信託,2024-09-11,6160
00941,中信上游半導體,145,19,126,中國信託,2024-09-11,6160
3481,群創,157,32,125,中國信託,2024-09-11,6160
2102,泰豐,120,0,120,中國信託,2024-09-11,6160
00665L,富邦�琤肭磪囓�2,115,0,115,中國信託,2024-09-11,6160
00953B,群益優選非投等債,114,0,114,中國信託,2024-09-11,6160
6196,帆宣,100,0,100,中國信託,2024-09-11,6160
2330,台積電,148,50,98,中國信託,2024-09-11,6160
9904,寶成,100,3,97,中國信託,2024-09-11,6160
00924,復華S＆P500成長,105,11,94,中國信託,2024-09-11,6160
2376,技嘉,97,3,94,中國信託,2024-09-11,6160
00753L,中信中國50正2,146,55,91,中國信託,2024-09-11,6160
2467,志聖,104,13,91,中國信託,2024-09-11,6160
00931B,統一美債20年,136,56,80,中國信託,2024-09-11,6160
00773B,中信優先金融債,719,645,74,中國信託,2024-09-11,6160
4950,牧東,74,3,71,中國信託,2024-09-11,6160
8028,昇陽半導體,79,11,68,中國信託,2024-09-11,6160
2303,聯電,690,623,67,中國信託,2024-09-11,6160
00934,中信成長高股息,96,32,64,中國信託,2024-09-11,6160
00945B,凱基美國非投等債,83,20,63,中國信託,2024-09-11,6160
3443,創意,60,0,60,中國信託,2024-09-11,6160
00752,中信中國50,194,139,55,中國信託,2024-09-11,6160
00891,中信關鍵半導體,62,11,51,中國信託,2024-09-11,6160
8104,錸寶,50,0,50,中國信託,2024-09-11,6160
4979,華星光,129,79,50,中國信託,2024-09-11,6160
3706,神達,48,2,46,中國信託,2024-09-11,6160
2540,愛山林,48,4,44,中國信託,2024-09-11,6160
1609,大亞,46,5,41,中國信託,2024-09-11,6160
6706,惠特,45,5,40,中國信託,2024-09-11,6160
2834,臺企銀,39,2,37,中國信託,2024-09-11,6160
00929,復華台灣科技優息,1710,589,1121,中國信託,2024-09-12,6160
00939,統一台灣高息動能,954,40,914,中國信託,2024-09-12,6160
6505,台塑化,827,3,824,中國信託,2024-09-12,6160
2618,長榮航,845,88,757,中國信託,2024-09-12,6160
2303,聯電,709,112,597,中國信託,2024-09-12,6160
006208,富邦台50,634,73,561,中國信託,2024-09-12,6160
2412,中華電,552,4,548,中國信託,2024-09-12,6160
00934,中信成長高股息,600,91,509,中國信託,2024-09-12,6160
5876,上海商銀,505,5,500,中國信託,2024-09-12,6160
2317,鴻海,581,123,458,中國信託,2024-09-12,6160
00632R,元大台灣50反1,1597,1221,376,中國信託,2024-09-12,6160
00928,中信上櫃ESG30,367,3,364,中國信託,2024-09-12,6160
00940,元大台灣價值高息,513,150,363,中國信託,2024-09-12,6160
00888,永豐台灣ESG,362,2,360,中國信託,2024-09-12,6160
2888,新光金,861,520,341,中國信託,2024-09-12,6160
4960,誠美材,285,0,285,中國信託,2024-09-12,6160
2891,中信金,403,137,266,中國信託,2024-09-12,6160
00701,國泰股利精選30,252,0,252,中國信託,2024-09-12,6160
2610,華航,257,6,251,中國信託,2024-09-12,6160
00662,富邦NASDAQ,252,2,250,中國信託,2024-09-12,6160
00923,群益台ESG低碳50,246,7,239,中國信託,2024-09-12,6160
9933,中鼎,229,25,204,中國信託,2024-09-12,6160
2102,泰豐,200,0,200,中國信託,2024-09-12,6160
00937B,群益ESG投等債20,279,79,200,中國信託,2024-09-12,6160
4526,東台,205,11,194,中國信託,2024-09-12,6160
00936,台新永續高息中小,795,607,188,中國信託,2024-09-12,6160
00892,富邦台灣半導體,186,7,179,中國信託,2024-09-12,6160
00665L,富邦�琤肭磪囓�2,171,0,171,中國信託,2024-09-12,6160
3062,建漢,177,26,151,中國信託,2024-09-12,6160
9914,美利達,150,0,150,中國信託,2024-09-12,6160
00910,第一金太空衛星,150,7,143,中國信託,2024-09-12,6160
8028,昇陽半導體,149,13,136,中國信託,2024-09-12,6160
3081,聯亞,150,22,128,中國信託,2024-09-12,6160
00688L,國泰20年美債正2,202,76,126,中國信託,2024-09-12,6160
00955,中信日本商社,143,18,125,中國信託,2024-09-12,6160
3481,群創,199,85,114,中國信託,2024-09-12,6160
2382,廣達,149,47,102,中國信託,2024-09-12,6160
00915,凱基優選高股息30,108,10,98,中國信託,2024-09-12,6160
3680,家登,96,1,95,中國信託,2024-09-12,6160
1503,士電,83,2,81,中國信託,2024-09-12,6160
1102,亞泥,139,63,76,中國信託,2024-09-12,6160
00680L,元大美債20正2,454,379,75,中國信託,2024-09-12,6160
2530,華建,185,110,75,中國信託,2024-09-12,6160
1101,台泥,77,4,73,中國信託,2024-09-12,6160
00911,兆豐洲際半導體,70,0,70,中國信託,2024-09-12,6160
6147,頎邦,64,0,64,中國信託,2024-09-12,6160
2313,華通,99,35,64,中國信託,2024-09-12,6160
00885,富邦越南,84,22,62,中國信託,2024-09-12,6160
2603,長榮,78,20,58,中國信託,2024-09-12,6160
00900,富邦特選高股息30,88,30,58,中國信託,2024-09-12,6160
2102,泰豐,852,0,852,中國信託,2024-09-13,6160
2891,中信金,707,116,591,中國信託,2024-09-13,6160
2303,聯電,730,170,560,中國信託,2024-09-13,6160
00687B,國泰20年美債,621,62,559,中國信託,2024-09-13,6160
2890,永豐金,533,0,533,中國信託,2024-09-13,6160
00936,台新永續高息中小,587,61,526,中國信託,2024-09-13,6160
2105,正新,500,10,490,中國信託,2024-09-13,6160
2892,第一金,375,1,374,中國信託,2024-09-13,6160
00679B,元大美債20年,472,99,373,中國信託,2024-09-13,6160
00931B,統一美債20年,361,0,361,中國信託,2024-09-13,6160
00715L,期街口布蘭特正2,429,78,351,中國信託,2024-09-13,6160
3702,大聯大,404,55,349,中國信託,2024-09-13,6160
00939,統一台灣高息動能,775,430,345,中國信託,2024-09-13,6160
5876,上海商銀,252,0,252,中國信託,2024-09-13,6160
6187,萬潤,304,134,170,中國信託,2024-09-13,6160
3045,台灣大,229,72,157,中國信託,2024-09-13,6160
4904,遠傳,276,122,154,中國信託,2024-09-13,6160
9933,中鼎,204,50,154,中國信託,2024-09-13,6160
1319,東陽,148,10,138,中國信託,2024-09-13,6160
2610,華航,256,132,124,中國信託,2024-09-13,6160
00888,永豐台灣ESG,142,19,123,中國信託,2024-09-13,6160
3711,日月光投控,131,9,122,中國信託,2024-09-13,6160
00688L,國泰20年美債正2,176,75,101,中國信託,2024-09-13,6160
3044,健鼎,118,17,101,中國信託,2024-09-13,6160
4526,東台,97,0,97,中國信託,2024-09-13,6160
00680L,元大美債20正2,96,9,87,中國信託,2024-09-13,6160
3231,緯創,167,80,87,中國信託,2024-09-13,6160
00915,凱基優選高股息30,94,7,87,中國信託,2024-09-13,6160
3481,群創,115,32,83,中國信託,2024-09-13,6160
6279,胡連,105,22,83,中國信託,2024-09-13,6160
00673R,期元大S＆P原油反1,83,3,80,中國信託,2024-09-13,6160
4909,新復興,217,138,79,中國信託,2024-09-13,6160
6104,創惟,131,52,79,中國信託,2024-09-13,6160
2618,長榮航,230,152,78,中國信託,2024-09-13,6160
2371,大同,139,63,76,中國信託,2024-09-13,6160
00881,國泰台灣5G+,96,25,71,中國信託,2024-09-13,6160
0056,元大高股息,92,23,69,中國信託,2024-09-13,6160
3450,聯鈞,68,3,65,中國信託,2024-09-13,6160
1540,喬福,324,259,65,中國信託,2024-09-13,6160
2365,昆盈,86,27,59,中國信託,2024-09-13,6160
1519,華城,67,11,56,中國信託,2024-09-13,6160
00665L,富邦�琤肭磪囓�2,125,70,55,中國信託,2024-09-13,6160
4510,高鋒,179,125,54,中國信託,2024-09-13,6160
4532,瑞智,55,1,54,中國信託,2024-09-13,6160
3042,晶技,56,3,53,中國信託,2024-09-13,6160
1785,光洋科,132,81,51,中國信託,2024-09-13,6160
2505,國揚,50,0,50,中國信託,2024-09-13,6160
2606,裕民,50,1,49,中國信託,2024-09-13,6160
2489,瑞軒,51,2,49,中國信託,2024-09-13,6160
6763,綠界科技*,54,10,44,中國信託,2024-09-13,6160
2883,凱基金,1532,22,1510,中國信託,2024-09-16,6160
2886,兆豐金,1255,30,1225,中國信託,2024-09-16,6160
2618,長榮航,1149,9,1140,中國信託,2024-09-16,6160
00939,統一台灣高息動能,2426,1593,833,中國信託,2024-09-16,6160
00687B,國泰20年美債,665,78,587,中國信託,2024-09-16,6160
2603,長榮,557,9,548,中國信託,2024-09-16,6160
00701,國泰股利精選30,516,0,516,中國信託,2024-09-16,6160
00945B,凱基美國非投等債,447,0,447,中國信託,2024-09-16,6160
00881,國泰台灣5G+,958,558,400,中國信託,2024-09-16,6160
2915,潤泰全,365,0,365,中國信託,2024-09-16,6160
5009,榮剛,357,1,356,中國信託,2024-09-16,6160
3711,日月光投控,397,62,335,中國信託,2024-09-16,6160
5871,中租-KY,334,7,327,中國信託,2024-09-16,6160
2809,京城銀,320,0,320,中國信託,2024-09-16,6160
9904,寶成,312,4,308,中國信託,2024-09-16,6160
6176,瑞儀,237,1,236,中國信託,2024-09-16,6160
3042,晶技,235,0,235,中國信託,2024-09-16,6160
1773,勝一,227,0,227,中國信託,2024-09-16,6160
00882,中信中國高股息,224,12,212,中國信託,2024-09-16,6160
9933,中鼎,204,2,202,中國信託,2024-09-16,6160
6142,友勁,196,0,196,中國信託,2024-09-16,6160
1326,台化,211,15,196,中國信託,2024-09-16,6160
2610,華航,222,27,195,中國信託,2024-09-16,6160
1319,東陽,239,46,193,中國信託,2024-09-16,6160
2404,漢唐,189,1,188,中國信託,2024-09-16,6160
2891,中信金,341,155,186,中國信託,2024-09-16,6160
00887,永豐中國科技50大,186,3,183,中國信託,2024-09-16,6160
6147,頎邦,182,4,178,中國信託,2024-09-16,6160
6278,台表科,162,0,162,中國信託,2024-09-16,6160
3062,建漢,413,259,154,中國信託,2024-09-16,6160
00936,台新永續高息中小,1304,1150,154,中國信託,2024-09-16,6160
2426,鼎元,205,57,148,中國信託,2024-09-16,6160
00751B,元大AAA至A公司債,146,2,144,中國信託,2024-09-16,6160
2357,華碩,135,2,133,中國信託,2024-09-16,6160
2349,錸德,499,369,130,中國信託,2024-09-16,6160
00680L,元大美債20正2,183,56,127,中國信託,2024-09-16,6160
00934,中信成長高股息,138,15,123,中國信託,2024-09-16,6160
00753L,中信中國50正2,331,210,121,中國信託,2024-09-16,6160
2455,全新,111,6,105,中國信託,2024-09-16,6160
00915,凱基優選高股息30,108,9,99,中國信託,2024-09-16,6160
00955,中信日本商社,117,25,92,中國信託,2024-09-16,6160
2228,劍麟,100,9,91,中國信託,2024-09-16,6160
00942B,台新美A公司債20+,481,395,86,中國信託,2024-09-16,6160
1307,三芳,162,76,86,中國信託,2024-09-16,6160
2382,廣達,131,45,86,中國信託,2024-09-16,6160
0056,元大高股息,107,22,85,中國信託,2024-09-16,6160
2303,聯電,129,62,67,中國信託,2024-09-16,6160
3034,聯詠,63,5,58,中國信託,2024-09-16,6160
2360,致茂,61,3,58,中國信託,2024-09-16,6160
2449,京元電子,66,9,57,中國信託,2024-09-16,6160
00937B,群益ESG投等債20,2201,129,2072,中國信託,2024-09-18,6160
00795B,中信美國公債20年,2492,739,1753,中國信託,2024-09-18,6160
00939,統一台灣高息動能,1302,188,1114,中國信託,2024-09-18,6160
00900,富邦特選高股息30,1127,84,1043,中國信託,2024-09-18,6160
00936,台新永續高息中小,1101,209,892,中國信託,2024-09-18,6160
0050,元大台灣50,1010,166,844,中國信託,2024-09-18,6160
00944,野村趨勢動能高息,1203,367,836,中國信託,2024-09-18,6160
2867,三商壽,518,32,486,中國信託,2024-09-18,6160
00878,國泰永續高股息,1223,846,377,中國信託,2024-09-18,6160
00646,元大S＆P500,371,0,371,中國信託,2024-09-18,6160
5876,上海商銀,302,3,299,中國信託,2024-09-18,6160
00888,永豐台灣ESG,288,10,278,中國信託,2024-09-18,6160
00915,凱基優選高股息30,274,19,255,中國信託,2024-09-18,6160
2515,中工,228,15,213,中國信託,2024-09-18,6160
9933,中鼎,204,1,203,中國信託,2024-09-18,6160
00892,富邦台灣半導體,303,118,185,中國信託,2024-09-18,6160
3481,群創,392,207,185,中國信託,2024-09-18,6160
0056,元大高股息,196,27,169,中國信託,2024-09-18,6160
2412,中華電,157,8,149,中國信託,2024-09-18,6160
2449,京元電子,162,32,130,中國信託,2024-09-18,6160
00706L,期元大S＆P日圓正2,132,20,112,中國信託,2024-09-18,6160
3062,建漢,275,163,112,中國信託,2024-09-18,6160
00940,元大台灣價值高息,201,106,95,中國信託,2024-09-18,6160
3042,晶技,93,0,93,中國信託,2024-09-18,6160
2610,華航,244,157,87,中國信託,2024-09-18,6160
00946,群益科技高息成長,381,300,81,中國信託,2024-09-18,6160
6104,創惟,117,37,80,中國信託,2024-09-18,6160
1711,永光,240,161,79,中國信託,2024-09-18,6160
00935,野村臺灣新科技50,72,0,72,中國信託,2024-09-18,6160
2303,聯電,296,226,70,中國信託,2024-09-18,6160
3049,精金,127,60,67,中國信託,2024-09-18,6160
00764B,群益25年美債,65,1,64,中國信託,2024-09-18,6160
2006,東和鋼鐵,62,0,62,中國信託,2024-09-18,6160
2809,京城銀,62,0,62,中國信託,2024-09-18,6160
00934,中信成長高股息,154,101,53,中國信託,2024-09-18,6160
4960,誠美材,53,1,52,中國信託,2024-09-18,6160
3036,文曄,52,1,51,中國信託,2024-09-18,6160
00928,中信上櫃ESG30,80,29,51,中國信託,2024-09-18,6160
5905,南仁湖,229,179,50,中國信託,2024-09-18,6160
00636,國泰中國A50,50,1,49,中國信託,2024-09-18,6160
6505,台塑化,48,0,48,中國信託,2024-09-18,6160
2388,威盛,63,16,47,中國信託,2024-09-18,6160
00943,兆豐電子高息等權,48,4,44,中國信託,2024-09-18,6160
3702,大聯大,52,9,43,中國信託,2024-09-18,6160
00687B,國泰20年美債,401,360,41,中國信託,2024-09-18,6160
6431,光麗-KY,40,0,40,中國信託,2024-09-18,6160
2845,遠東銀,40,2,38,中國信託,2024-09-18,6160
2889,國票金,33,0,33,中國信託,2024-09-18,6160
1710,東聯,36,3,33,中國信託,2024-09-18,6160
2454,聯發科,76,46,30,中國信託,2024-09-18,6160
00679B,元大美債20年,3895,81,3814,中國信託,2024-09-19,6160
00939,統一台灣高息動能,2750,99,2651,中國信託,2024-09-19,6160
00942B,台新美A公司債20+,1327,176,1151,中國信託,2024-09-19,6160
00936,台新永續高息中小,1443,374,1069,中國信託,2024-09-19,6160
00878,國泰永續高股息,1860,868,992,中國信託,2024-09-19,6160
00687B,國泰20年美債,1182,196,986,中國信託,2024-09-19,6160
0050,元大台灣50,1001,58,943,中國信託,2024-09-19,6160
00948B,中信優息投資級債,1127,264,863,中國信託,2024-09-19,6160
00944,野村趨勢動能高息,862,17,845,中國信託,2024-09-19,6160
00892,富邦台灣半導體,830,5,825,中國信託,2024-09-19,6160
00900,富邦特選高股息30,720,25,695,中國信託,2024-09-19,6160
0056,元大高股息,837,157,680,中國信託,2024-09-19,6160
00764B,群益25年美債,505,0,505,中國信託,2024-09-19,6160
00701,國泰股利精選30,428,0,428,中國信託,2024-09-19,6160
00692,富邦公司治理,432,6,426,中國信託,2024-09-19,6160
2313,華通,442,38,404,中國信託,2024-09-19,6160
00751B,元大AAA至A公司債,337,24,313,中國信託,2024-09-19,6160
00934,中信成長高股息,412,119,293,中國信託,2024-09-19,6160
2610,華航,271,11,260,中國信託,2024-09-19,6160
006208,富邦台50,753,506,247,中國信託,2024-09-19,6160
00957B,兆豐US優選投等債,1619,1399,220,中國信託,2024-09-19,6160
6505,台塑化,208,0,208,中國信託,2024-09-19,6160
00901,永豐智能車供應鏈,209,4,205,中國信託,2024-09-19,6160
9933,中鼎,203,0,203,中國信託,2024-09-19,6160
00915,凱基優選高股息30,211,12,199,中國信託,2024-09-19,6160
00888,永豐台灣ESG,199,15,184,中國信託,2024-09-19,6160
3580,友威科,225,46,179,中國信託,2024-09-19,6160
00733,富邦臺灣中小,177,2,175,中國信託,2024-09-19,6160
00730,富邦臺灣優質高息,167,0,167,中國信託,2024-09-19,6160
8421,旭源,164,5,159,中國信託,2024-09-19,6160
3605,宏致,168,17,151,中國信託,2024-09-19,6160
6488,環球晶,140,0,140,中國信託,2024-09-19,6160
00959B,大華投等美債15Y+,150,26,124,中國信託,2024-09-19,6160
00921,兆豐龍頭等權重,122,10,112,中國信託,2024-09-19,6160
2515,中工,116,7,109,中國信託,2024-09-19,6160
2892,第一金,109,2,107,中國信託,2024-09-19,6160
2022,聚亨,111,6,105,中國信託,2024-09-19,6160
00753L,中信中國50正2,392,291,101,中國信託,2024-09-19,6160
00902,中信電池及儲能,162,69,93,中國信託,2024-09-19,6160
3583,辛耘,140,53,87,中國信託,2024-09-19,6160
00632R,元大台灣50反1,293,206,87,中國信託,2024-09-19,6160
00706L,期元大S＆P日圓正2,84,0,84,中國信託,2024-09-19,6160
00882,中信中國高股息,179,98,81,中國信託,2024-09-19,6160
2031,新光鋼,80,0,80,中國信託,2024-09-19,6160
00773B,中信優先金融債,1299,1223,76,中國信託,2024-09-19,6160
2330,台積電,296,220,76,中國信託,2024-09-19,6160
3013,晟銘電,123,48,75,中國信託,2024-09-19,6160
2317,鴻海,106,34,72,中國信託,2024-09-19,6160
2449,京元電子,136,70,66,中國信託,2024-09-19,6160
00955,中信日本商社,151,86,65,中國信託,2024-09-19,6160
2891,中信金,3172,647,2525,中國信託,2024-09-20,6160
00679B,元大美債20年,3345,888,2457,中國信託,2024-09-20,6160
00881,國泰台灣5G+,2039,30,2009,中國信託,2024-09-20,6160
00948B,中信優息投資級債,2332,454,1878,中國信託,2024-09-20,6160
2408,南亞科,1913,41,1872,中國信託,2024-09-20,6160
00878,國泰永續高股息,1679,106,1573,中國信託,2024-09-20,6160
00940,元大台灣價值高息,2303,1109,1194,中國信託,2024-09-20,6160
00715L,期街口布蘭特正2,1139,94,1045,中國信託,2024-09-20,6160
2344,華邦電,1129,95,1034,中國信託,2024-09-20,6160
00939,統一台灣高息動能,2261,1249,1012,中國信託,2024-09-20,6160
2883,凱基金,1036,51,985,中國信託,2024-09-20,6160
2886,兆豐金,935,22,913,中國信託,2024-09-20,6160
00934,中信成長高股息,1986,1075,911,中國信託,2024-09-20,6160
00921,兆豐龍頭等權重,825,6,819,中國信託,2024-09-20,6160
2464,盟立,1076,305,771,中國信託,2024-09-20,6160
3045,台灣大,751,10,741,中國信託,2024-09-20,6160
00687B,國泰20年美債,741,161,580,中國信託,2024-09-20,6160
00936,台新永續高息中小,711,147,564,中國信託,2024-09-20,6160
2515,中工,559,27,532,中國信託,2024-09-20,6160
00892,富邦台灣半導體,411,5,406,中國信託,2024-09-20,6160
0050,元大台灣50,987,612,375,中國信託,2024-09-20,6160
2882,國泰金,647,282,365,中國信託,2024-09-20,6160
6176,瑞儀,385,60,325,中國信託,2024-09-20,6160
006208,富邦台50,710,397,313,中國信託,2024-09-20,6160
2889,國票金,292,6,286,中國信託,2024-09-20,6160
00692,富邦公司治理,270,1,269,中國信託,2024-09-20,6160
00901,永豐智能車供應鏈,270,1,269,中國信託,2024-09-20,6160
2618,長榮航,811,556,255,中國信託,2024-09-20,6160
5009,榮剛,250,1,249,中國信託,2024-09-20,6160
2379,瑞昱,248,1,247,中國信託,2024-09-20,6160
2383,台光電,258,11,247,中國信託,2024-09-20,6160
2102,泰豐,239,0,239,中國信託,2024-09-20,6160
00944,野村趨勢動能高息,234,1,233,中國信託,2024-09-20,6160
5871,中租-KY,231,3,228,中國信託,2024-09-20,6160
2303,聯電,760,533,227,中國信託,2024-09-20,6160
2610,華航,256,30,226,中國信託,2024-09-20,6160
3042,晶技,218,0,218,中國信託,2024-09-20,6160
00764B,群益25年美債,212,0,212,中國信託,2024-09-20,6160
9904,寶成,233,25,208,中國信託,2024-09-20,6160
9933,中鼎,207,0,207,中國信託,2024-09-20,6160
00907,永豐優息存股,208,5,203,中國信託,2024-09-20,6160
6239,力成,241,42,199,中國信託,2024-09-20,6160
00900,富邦特選高股息30,273,76,197,中國信託,2024-09-20,6160
00830,國泰費城半導體,228,40,188,中國信託,2024-09-20,6160
00959B,大華投等美債15Y+,219,35,184,中國信託,2024-09-20,6160
2603,長榮,215,33,182,中國信託,2024-09-20,6160
6664,群翊,173,3,170,中國信託,2024-09-20,6160
9945,潤泰新,188,32,156,中國信託,2024-09-20,6160
2455,全新,152,3,149,中國信託,2024-09-20,6160
3702,大聯大,163,15,148,中國信託,2024-09-20,6160
00939,統一台灣高息動能,3321,70,3251,中國信託,2024-09-23,6160
00944,野村趨勢動能高息,1913,98,1815,中國信託,2024-09-23,6160
2313,華通,1121,18,1103,中國信託,2024-09-23,6160
00891,中信關鍵半導體,1265,499,766,中國信託,2024-09-23,6160
00936,台新永續高息中小,902,179,723,中國信託,2024-09-23,6160
00901,永豐智能車供應鏈,543,1,542,中國信託,2024-09-23,6160
00665L,富邦�琤肭磪囓�2,517,1,516,中國信託,2024-09-23,6160
5258,虹堡,519,5,514,中國信託,2024-09-23,6160
1216,統一,511,3,508,中國信託,2024-09-23,6160
00907,永豐優息存股,448,11,437,中國信託,2024-09-23,6160
00940,元大台灣價值高息,1413,992,421,中國信託,2024-09-23,6160
00942B,台新美A公司債20+,1027,617,410,中國信託,2024-09-23,6160
00715L,期街口布蘭特正2,592,192,400,中國信託,2024-09-23,6160
2886,兆豐金,347,16,331,中國信託,2024-09-23,6160
00934,中信成長高股息,958,650,308,中國信託,2024-09-23,6160
00687B,國泰20年美債,447,161,286,中國信託,2024-09-23,6160
00719B,元大美債1-3,288,3,285,中國信託,2024-09-23,6160
2883,凱基金,344,70,274,中國信託,2024-09-23,6160
00932,兆豐永續高息等權,258,0,258,中國信託,2024-09-23,6160
2464,盟立,374,143,231,中國信託,2024-09-23,6160
00953B,群益優選非投等債,232,2,230,中國信託,2024-09-23,6160
00701,國泰股利精選30,221,1,220,中國信託,2024-09-23,6160
2882,國泰金,242,33,209,中國信託,2024-09-23,6160
00764B,群益25年美債,207,0,207,中國信託,2024-09-23,6160
9933,中鼎,206,0,206,中國信託,2024-09-23,6160
00881,國泰台灣5G+,852,651,201,中國信託,2024-09-23,6160
0050,元大台灣50,662,462,200,中國信託,2024-09-23,6160
2888,新光金,1869,1677,192,中國信託,2024-09-23,6160
00960,野村全球航運龍頭,180,0,180,中國信託,2024-09-23,6160
00632R,元大台灣50反1,169,10,159,中國信託,2024-09-23,6160
00690,兆豐藍籌30,155,0,155,中國信託,2024-09-23,6160
00921,兆豐龍頭等權重,154,1,153,中國信託,2024-09-23,6160
00679B,元大美債20年,332,189,143,中國信託,2024-09-23,6160
00937B,群益ESG投等債20,216,82,134,中國信託,2024-09-23,6160
8107,大億金茂,130,0,130,中國信託,2024-09-23,6160
3450,聯鈞,180,52,128,中國信託,2024-09-23,6160
006208,富邦台50,542,423,119,中國信託,2024-09-23,6160
5439,高技,142,24,118,中國信託,2024-09-23,6160
00633L,富邦上証正2,100,0,100,中國信託,2024-09-23,6160
2006,東和鋼鐵,101,6,95,中國信託,2024-09-23,6160
2915,潤泰全,96,1,95,中國信託,2024-09-23,6160
2412,中華電,100,6,94,中國信託,2024-09-23,6160
1101,台泥,104,10,94,中國信託,2024-09-23,6160
9904,寶成,110,17,93,中國信託,2024-09-23,6160
5009,榮剛,90,0,90,中國信託,2024-09-23,6160
5871,中租-KY,87,1,86,中國信託,2024-09-23,6160
1522,堤維西,100,20,80,中國信託,2024-09-23,6160
1524,耿鼎,128,49,79,中國信託,2024-09-23,6160
00892,富邦台灣半導體,85,8,77,中國信託,2024-09-23,6160
00930,永豐ESG低碳高息,209,133,76,中國信託,2024-09-23,6160
00939,統一台灣高息動能,3754,1523,2231,中國信託,2024-09-24,6160
00881,國泰台灣5G+,2135,615,1520,中國信託,2024-09-24,6160
00940,元大台灣價值高息,1954,922,1032,中國信託,2024-09-24,6160
00715L,期街口布蘭特正2,872,14,858,中國信託,2024-09-24,6160
006208,富邦台50,1051,318,733,中國信託,2024-09-24,6160
00882,中信中國高股息,1049,325,724,中國信託,2024-09-24,6160
00953B,群益優選非投等債,710,0,710,中國信託,2024-09-24,6160
00901,永豐智能車供應鏈,696,5,691,中國信託,2024-09-24,6160
2102,泰豐,573,0,573,中國信託,2024-09-24,6160
00936,台新永續高息中小,718,168,550,中國信託,2024-09-24,6160
00692,富邦公司治理,520,1,519,中國信託,2024-09-24,6160
0050,元大台灣50,521,85,436,中國信託,2024-09-24,6160
00891,中信關鍵半導體,467,37,430,中國信託,2024-09-24,6160
00701,國泰股利精選30,585,159,426,中國信託,2024-09-24,6160
00665L,富邦�琤肭磪囓�2,414,71,343,中國信託,2024-09-24,6160
00957B,兆豐US優選投等債,2040,1706,334,中國信託,2024-09-24,6160
00937B,群益ESG投等債20,985,663,322,中國信託,2024-09-24,6160
2891,中信金,423,109,314,中國信託,2024-09-24,6160
00690,兆豐藍籌30,263,1,262,中國信託,2024-09-24,6160
2618,長榮航,414,155,259,中國信託,2024-09-24,6160
00773B,中信優先金融債,1399,1150,249,中國信託,2024-09-24,6160
00719B,元大美債1-3,219,0,219,中國信託,2024-09-24,6160
00764B,群益25年美債,208,0,208,中國信託,2024-09-24,6160
9933,中鼎,207,0,207,中國信託,2024-09-24,6160
2609,陽明,438,256,182,中國信託,2024-09-24,6160
3141,晶宏,165,4,161,中國信託,2024-09-24,6160
6869,雲豹能源,160,11,149,中國信託,2024-09-24,6160
2886,兆豐金,162,13,149,中國信託,2024-09-24,6160
00753L,中信中國50正2,359,211,148,中國信託,2024-09-24,6160
00688L,國泰20年美債正2,151,10,141,中國信託,2024-09-24,6160
00687B,國泰20年美債,276,154,122,中國信託,2024-09-24,6160
00857B,永豐20年美公債,120,0,120,中國信託,2024-09-24,6160
2412,中華電,117,6,111,中國信託,2024-09-24,6160
2882,國泰金,138,33,105,中國信託,2024-09-24,6160
2313,華通,134,32,102,中國信託,2024-09-24,6160
00933B,國泰10Y+金融債,150,49,101,中國信託,2024-09-24,6160
2376,技嘉,105,4,101,中國信託,2024-09-24,6160
00637L,元大滬深300正2,115,17,98,中國信託,2024-09-24,6160
00733,富邦臺灣中小,134,36,98,中國信託,2024-09-24,6160
00915,凱基優選高股息30,128,33,95,中國信託,2024-09-24,6160
3013,晟銘電,378,288,90,中國信託,2024-09-24,6160
3264,欣銓,117,27,90,中國信託,2024-09-24,6160
2488,漢平,88,1,87,中國信託,2024-09-24,6160
3710,連展投控,89,2,87,中國信託,2024-09-24,6160
2382,廣達,118,36,82,中國信託,2024-09-24,6160
00945B,凱基美國非投等債,81,0,81,中國信託,2024-09-24,6160
2303,聯電,553,472,81,中國信託,2024-09-24,6160
1477,聚陽,81,3,78,中國信託,2024-09-24,6160
00954,中信日本半導體,96,19,77,中國信託,2024-09-24,6160
2455,全新,94,17,77,中國信託,2024-09-24,6160
00939,統一台灣高息動能,7006,112,6894,中國信託,2024-09-25,6160
2888,新光金,2249,194,2055,中國信託,2024-09-25,6160
2891,中信金,1636,101,1535,中國信託,2024-09-25,6160
00940,元大台灣價值高息,3112,1614,1498,中國信託,2024-09-25,6160
00930,永豐ESG低碳高息,1742,499,1243,中國信託,2024-09-25,6160
00881,國泰台灣5G+,998,41,957,中國信託,2024-09-25,6160
00888,永豐台灣ESG,1198,282,916,中國信託,2024-09-25,6160
00901,永豐智能車供應鏈,2210,1475,735,中國信託,2024-09-25,6160
0050,元大台灣50,676,97,579,中國信託,2024-09-25,6160
2449,京元電子,549,47,502,中國信託,2024-09-25,6160
3711,日月光投控,559,114,445,中國信託,2024-09-25,6160
00679B,元大美債20年,559,125,434,中國信託,2024-09-25,6160
00687B,國泰20年美債,497,88,409,中國信託,2024-09-25,6160
00696B,富邦美債20年,397,10,387,中國信託,2024-09-25,6160
00937B,群益ESG投等債20,527,148,379,中國信託,2024-09-25,6160
00944,野村趨勢動能高息,407,82,325,中國信託,2024-09-25,6160
00921,兆豐龍頭等權重,860,553,307,中國信託,2024-09-25,6160
3037,欣興,306,3,303,中國信託,2024-09-25,6160
2317,鴻海,562,274,288,中國信託,2024-09-25,6160
2401,凌陽,254,13,241,中國信託,2024-09-25,6160
00960,野村全球航運龍頭,353,135,218,中國信託,2024-09-25,6160
9933,中鼎,274,64,210,中國信託,2024-09-25,6160
2399,映泰,320,116,204,中國信託,2024-09-25,6160
2882,國泰金,259,75,184,中國信託,2024-09-25,6160
2880,華南金,251,71,180,中國信託,2024-09-25,6160
00932,兆豐永續高息等權,177,1,176,中國信託,2024-09-25,6160
2006,東和鋼鐵,198,47,151,中國信託,2024-09-25,6160
00918,大華優利高填息30,205,56,149,中國信託,2024-09-25,6160
00912,中信臺灣智慧50,324,188,136,中國信託,2024-09-25,6160
00907,永豐優息存股,165,38,127,中國信託,2024-09-25,6160
00680L,元大美債20正2,151,31,120,中國信託,2024-09-25,6160
3019,亞光,205,85,120,中國信託,2024-09-25,6160
00917,中信特選金融,120,3,117,中國信託,2024-09-25,6160
3227,原相,170,55,115,中國信託,2024-09-25,6160
00632R,元大台灣50反1,309,203,106,中國信託,2024-09-25,6160
00692,富邦公司治理,119,15,104,中國信託,2024-09-25,6160
2303,聯電,132,30,102,中國信託,2024-09-25,6160
1718,中纖,100,0,100,中國信託,2024-09-25,6160
00900,富邦特選高股息30,568,470,98,中國信託,2024-09-25,6160
00830,國泰費城半導體,108,15,93,中國信託,2024-09-25,6160
3209,全科,101,15,86,中國信託,2024-09-25,6160
3550,聯穎,491,408,83,中國信託,2024-09-25,6160
2345,智邦,80,2,78,中國信託,2024-09-25,6160
3047,訊舟,154,79,75,中國信託,2024-09-25,6160
2412,中華電,101,33,68,中國信託,2024-09-25,6160
2455,全新,134,70,64,中國信託,2024-09-25,6160
4903,聯光通,144,82,62,中國信託,2024-09-25,6160
2388,威盛,78,17,61,中國信託,2024-09-25,6160
00946,群益科技高息成長,242,182,60,中國信託,2024-09-25,6160
2308,台達電,158,99,59,中國信託,2024-09-25,6160
00939,統一台灣高息動能,4039,312,3727,中國信託,2024-09-26,6160
00881,國泰台灣5G+,1355,39,1316,中國信託,2024-09-26,6160
00940,元大台灣價值高息,2100,1086,1014,中國信託,2024-09-26,6160
2891,中信金,1030,96,934,中國信託,2024-09-26,6160
00692,富邦公司治理,575,7,568,中國信託,2024-09-26,6160
00665L,富邦�琤肭磪囓�2,559,101,458,中國信託,2024-09-26,6160
00679B,元大美債20年,592,198,394,中國信託,2024-09-26,6160
2347,聯強,304,0,304,中國信託,2024-09-26,6160
00921,兆豐龍頭等權重,273,0,273,中國信託,2024-09-26,6160
6869,雲豹能源,262,13,249,中國信託,2024-09-26,6160
1519,華城,259,43,216,中國信託,2024-09-26,6160
2330,台積電,371,164,207,中國信託,2024-09-26,6160
2886,兆豐金,209,6,203,中國信託,2024-09-26,6160
00918,大華優利高填息30,242,47,195,中國信託,2024-09-26,6160
00680L,元大美債20正2,263,69,194,中國信託,2024-09-26,6160
2102,泰豐,194,0,194,中國信託,2024-09-26,6160
00944,野村趨勢動能高息,324,131,193,中國信託,2024-09-26,6160
00942B,台新美A公司債20+,451,271,180,中國信託,2024-09-26,6160
2888,新光金,313,134,179,中國信託,2024-09-26,6160
3019,亞光,334,168,166,中國信託,2024-09-26,6160
00948B,中信優息投資級債,655,489,166,中國信託,2024-09-26,6160
00664R,國泰臺灣加權反1,160,0,160,中國信託,2024-09-26,6160
00955,中信日本商社,378,222,156,中國信託,2024-09-26,6160
2882,國泰金,178,26,152,中國信託,2024-09-26,6160
2363,矽統,199,49,150,中國信託,2024-09-26,6160
00946,群益科技高息成長,385,237,148,中國信託,2024-09-26,6160
8249,菱光,148,15,133,中國信託,2024-09-26,6160
00891,中信關鍵半導體,661,535,126,中國信託,2024-09-26,6160
00712,復華富時不動產,141,18,123,中國信託,2024-09-26,6160
8111,立��,208,92,116,中國信託,2024-09-26,6160
00701,國泰股利精選30,112,2,110,中國信託,2024-09-26,6160
3045,台灣大,107,2,105,中國信託,2024-09-26,6160
5522,遠雄,103,0,103,中國信託,2024-09-26,6160
00888,永豐台灣ESG,342,241,101,中國信託,2024-09-26,6160
2313,華通,105,16,89,中國信託,2024-09-26,6160
2412,中華電,99,13,86,中國信託,2024-09-26,6160
2327,國巨,104,22,82,中國信託,2024-09-26,6160
2613,中櫃,144,66,78,中國信託,2024-09-26,6160
1808,潤隆,92,15,77,中國信託,2024-09-26,6160
2542,興富發,87,11,76,中國信託,2024-09-26,6160
2388,威盛,147,71,76,中國信託,2024-09-26,6160
8028,昇陽半導體,115,41,74,中國信託,2024-09-26,6160
00637L,元大滬深300正2,176,102,74,中國信託,2024-09-26,6160
00706L,期元大S＆P日圓正2,79,6,73,中國信託,2024-09-26,6160
00675L,富邦臺灣加權正2,75,5,70,中國信託,2024-09-26,6160
00945B,凱基美國非投等債,67,0,67,中國信託,2024-09-26,6160
5871,中租-KY,60,0,60,中國信託,2024-09-26,6160
0056,元大高股息,153,93,60,中國信託,2024-09-26,6160
2618,長榮航,112,53,59,中國信託,2024-09-26,6160
00720B,元大投資級公司債,61,3,58,中國信託,2024-09-26,6160
00939,統一台灣高息動能,6821,153,6668,中國信託,2024-09-27,6160
00940,元大台灣價值高息,8347,4866,3481,中國信託,2024-09-27,6160
0056,元大高股息,1891,138,1753,中國信託,2024-09-27,6160
00901,永豐智能車供應鏈,976,0,976,中國信託,2024-09-27,6160
00687B,國泰20年美債,881,101,780,中國信託,2024-09-27,6160
00881,國泰台灣5G+,784,118,666,中國信託,2024-09-27,6160
00948B,中信優息投資級債,695,162,533,中國信託,2024-09-27,6160
1216,統一,541,56,485,中國信託,2024-09-27,6160
2360,致茂,469,19,450,中國信託,2024-09-27,6160
00679B,元大美債20年,496,61,435,中國信託,2024-09-27,6160
00900,富邦特選高股息30,542,143,399,中國信託,2024-09-27,6160
00932,兆豐永續高息等權,341,13,328,中國信託,2024-09-27,6160
2885,元大金,286,38,248,中國信託,2024-09-27,6160
6770,力積電,266,24,242,中國信託,2024-09-27,6160
00665L,富邦�琤肭磪囓�2,671,442,229,中國信託,2024-09-27,6160
00921,兆豐龍頭等權重,260,49,211,中國信託,2024-09-27,6160
00918,大華優利高填息30,439,238,201,中國信託,2024-09-27,6160
00942B,台新美A公司債20+,426,234,192,中國信託,2024-09-27,6160
5434,崇越,200,11,189,中國信託,2024-09-27,6160
00725B,國泰投資級公司債,186,0,186,中國信託,2024-09-27,6160
2308,台達電,184,4,180,中國信託,2024-09-27,6160
00907,永豐優息存股,188,9,179,中國信託,2024-09-27,6160
2412,中華電,181,3,178,中國信託,2024-09-27,6160
00701,國泰股利精選30,171,2,169,中國信託,2024-09-27,6160
2455,全新,222,53,169,中國信託,2024-09-27,6160
00937B,群益ESG投等債20,317,157,160,中國信託,2024-09-27,6160
2882,國泰金,153,14,139,中國信託,2024-09-27,6160
00956,中信日經高股息,124,1,123,中國信託,2024-09-27,6160
00892,富邦台灣半導體,258,139,119,中國信託,2024-09-27,6160
2520,冠德,118,2,116,中國信託,2024-09-27,6160
2881,富邦金,111,3,108,中國信託,2024-09-27,6160
1909,榮成,130,23,107,中國信託,2024-09-27,6160
5213,亞昕,150,45,105,中國信託,2024-09-27,6160
00632R,元大台灣50反1,166,65,101,中國信託,2024-09-27,6160
00929,復華台灣科技優息,589,490,99,中國信託,2024-09-27,6160
8150,南茂,254,158,96,中國信託,2024-09-27,6160
3231,緯創,111,31,80,中國信託,2024-09-27,6160
8039,台虹,141,68,73,中國信託,2024-09-27,6160
006205,富邦上証,70,0,70,中國信託,2024-09-27,6160
2027,大成鋼,86,17,69,中國信託,2024-09-27,6160
2102,泰豐,69,0,69,中國信託,2024-09-27,6160
3017,奇鋐,103,36,67,中國信託,2024-09-27,6160
2388,威盛,116,52,64,中國信託,2024-09-27,6160
00933B,國泰10Y+金融債,77,15,62,中國信託,2024-09-27,6160
3033,威健,62,5,57,中國信託,2024-09-27,6160
3580,友威科,59,3,56,中國信託,2024-09-27,6160
00857B,永豐20年美公債,54,0,54,中國信託,2024-09-27,6160
00894,中信小資高價30,568,515,53,中國信託,2024-09-27,6160
2845,遠東銀,56,5,51,中國信託,2024-09-27,6160
3081,聯亞,79,28,51,中國信託,2024-09-27,6160
00939,統一台灣高息動能,2447,1299,1148,中國信託,2024-09-30,6160
00632R,元大台灣50反1,1295,505,790,中國信託,2024-09-30,6160
00687B,國泰20年美債,602,49,553,中國信託,2024-09-30,6160
00665L,富邦�琤肭磪囓�2,966,416,550,中國信託,2024-09-30,6160
00679B,元大美債20年,552,76,476,中國信託,2024-09-30,6160
00752,中信中國50,705,294,411,中國信託,2024-09-30,6160
00764B,群益25年美債,335,0,335,中國信託,2024-09-30,6160
5876,上海商銀,333,0,333,中國信託,2024-09-30,6160
00882,中信中國高股息,709,469,240,中國信託,2024-09-30,6160
2317,鴻海,432,231,201,中國信託,2024-09-30,6160
3481,群創,648,454,194,中國信託,2024-09-30,6160
00637L,元大滬深300正2,1314,1124,190,中國信託,2024-09-30,6160
0056,元大高股息,234,50,184,中國信託,2024-09-30,6160
3044,健鼎,164,0,164,中國信託,2024-09-30,6160
00887,永豐中國科技50大,468,332,136,中國信託,2024-09-30,6160
00680L,元大美債20正2,247,112,135,中國信託,2024-09-30,6160
4904,遠傳,131,1,130,中國信託,2024-09-30,6160
00900,富邦特選高股息30,674,546,128,中國信託,2024-09-30,6160
00934,中信成長高股息,254,132,122,中國信託,2024-09-30,6160
2379,瑞昱,123,1,122,中國信託,2024-09-30,6160
00937B,群益ESG投等債20,417,296,121,中國信託,2024-09-30,6160
3045,台灣大,121,4,117,中國信託,2024-09-30,6160
00896,中信綠能及電動車,112,0,112,中國信託,2024-09-30,6160
00738U,期元大道瓊白銀,109,2,107,中國信託,2024-09-30,6160
00915,凱基優選高股息30,112,9,103,中國信託,2024-09-30,6160
00676R,富邦臺灣加權反1,100,0,100,中國信託,2024-09-30,6160
9938,百和,165,72,93,中國信託,2024-09-30,6160
3702,大聯大,92,1,91,中國信託,2024-09-30,6160
2353,宏��,86,3,83,中國信託,2024-09-30,6160
5014,建錩,102,21,81,中國信託,2024-09-30,6160
4938,和碩,85,4,81,中國信託,2024-09-30,6160
1569,濱川,103,25,78,中國信託,2024-09-30,6160
00942B,台新美A公司債20+,322,247,75,中國信託,2024-09-30,6160
00945B,凱基美國非投等債,72,0,72,中國信託,2024-09-30,6160
2313,華通,183,112,71,中國信託,2024-09-30,6160
4919,新唐,75,4,71,中國信託,2024-09-30,6160
00922,國泰台灣領袖50,72,5,67,中國信託,2024-09-30,6160
00931B,統一美債20年,68,1,67,中國信託,2024-09-30,6160
2357,華碩,67,1,66,中國信託,2024-09-30,6160
1702,南僑,65,0,65,中國信託,2024-09-30,6160
4157,太景*-KY,60,2,58,中國信託,2024-09-30,6160
2301,光寶科,67,12,55,中國信託,2024-09-30,6160
1802,台玻,167,112,55,中國信託,2024-09-30,6160
00650L,復華香港正2,72,18,54,中國信託,2024-09-30,6160
4958,臻鼎-KY,52,0,52,中國信託,2024-09-30,6160
1905,華紙,63,12,51,中國信託,2024-09-30,6160
5608,四維航,63,12,51,中國信託,2024-09-30,6160
2609,陽明,275,224,51,中國信託,2024-09-30,6160
00905,FT臺灣Smart,50,0,50,中國信託,2024-09-30,6160
4766,南寶,50,0,50,中國信託,2024-09-30,6160
0056,元大高股息,5464,28,5436,中國信託,2024-10-01,6160
00940,元大台灣價值高息,944,30,914,中國信託,2024-10-01,6160
006208,富邦台50,699,142,557,中國信託,2024-10-01,6160
2330,台積電,549,68,481,中國信託,2024-10-01,6160
00665L,富邦�琤肭磪囓�2,431,35,396,中國信託,2024-10-01,6160
0050,元大台灣50,939,584,355,中國信託,2024-10-01,6160
00944,野村趨勢動能高息,312,7,305,中國信託,2024-10-01,6160
3481,群創,362,68,294,中國信託,2024-10-01,6160
1102,亞泥,311,83,228,中國信託,2024-10-01,6160
3044,健鼎,216,4,212,中國信託,2024-10-01,6160
00923,群益台ESG低碳50,349,142,207,中國信託,2024-10-01,6160
00725B,國泰投資級公司債,205,0,205,中國信託,2024-10-01,6160
00687B,國泰20年美債,338,135,203,中國信託,2024-10-01,6160
00892,富邦台灣半導體,195,2,193,中國信託,2024-10-01,6160
00680L,元大美債20正2,255,67,188,中國信託,2024-10-01,6160
00936,台新永續高息中小,289,109,180,中國信託,2024-10-01,6160
00949,復華日本龍頭,171,6,165,中國信託,2024-10-01,6160
00795B,中信美國公債20年,1358,1222,136,中國信託,2024-10-01,6160
00688L,國泰20年美債正2,145,25,120,中國信託,2024-10-01,6160
2888,新光金,184,64,120,中國信託,2024-10-01,6160
2412,中華電,116,0,116,中國信託,2024-10-01,6160
00922,國泰台灣領袖50,116,4,112,中國信託,2024-10-01,6160
3081,聯亞,150,40,110,中國信託,2024-10-01,6160
2006,東和鋼鐵,123,15,108,中國信託,2024-10-01,6160
00753L,中信中國50正2,310,208,102,中國信託,2024-10-01,6160
00954,中信日本半導體,151,51,100,中國信託,2024-10-01,6160
5351,鈺創,109,15,94,中國信託,2024-10-01,6160
00937B,群益ESG投等債20,168,76,92,中國信託,2024-10-01,6160
5522,遠雄,98,7,91,中國信託,2024-10-01,6160
00953B,群益優選非投等債,100,12,88,中國信託,2024-10-01,6160
2102,泰豐,84,0,84,中國信託,2024-10-01,6160
6913,鴻呈,80,2,78,中國信託,2024-10-01,6160
6706,惠特,79,4,75,中國信託,2024-10-01,6160
2347,聯強,87,14,73,中國信託,2024-10-01,6160
3702,大聯大,95,26,69,中國信託,2024-10-01,6160
4760,勤凱,74,6,68,中國信託,2024-10-01,6160
8404,百和興業-KY,69,1,68,中國信託,2024-10-01,6160
4979,華星光,219,152,67,中國信託,2024-10-01,6160
2845,遠東銀,105,40,65,中國信託,2024-10-01,6160
00915,凱基優選高股息30,88,25,63,中國信託,2024-10-01,6160
00888,永豐台灣ESG,86,25,61,中國信託,2024-10-01,6160
3580,友威科,117,57,60,中國信託,2024-10-01,6160
2243,宏旭-KY,87,33,54,中國信託,2024-10-01,6160
6239,力成,80,26,54,中國信託,2024-10-01,6160
1815,富喬,142,88,54,中國信託,2024-10-01,6160
3715,定穎投控,86,32,54,中國信託,2024-10-01,6160
00700,富邦�琤肭磪�,153,103,50,中國信託,2024-10-01,6160
00955,中信日本商社,210,162,48,中國信託,2024-10-01,6160
9938,百和,67,19,48,中國信託,2024-10-01,6160
3227,原相,79,34,45,中國信託,2024-10-01,6160
00953B,群益優選非投等債,2085,0,2085,中國信託,2024-10-04,6160
00715L,期街口布蘭特正2,1944,823,1121,中國信託,2024-10-04,6160
00892,富邦台灣半導體,767,2,765,中國信託,2024-10-04,6160
00936,台新永續高息中小,913,152,761,中國信託,2024-10-04,6160
00753L,中信中國50正2,1331,628,703,中國信託,2024-10-04,6160
2330,台積電,867,189,678,中國信託,2024-10-04,6160
00680L,元大美債20正2,707,76,631,中國信託,2024-10-04,6160
0056,元大高股息,540,53,487,中國信託,2024-10-04,6160
00937B,群益ESG投等債20,614,146,468,中國信託,2024-10-04,6160
00934,中信成長高股息,467,107,360,中國信託,2024-10-04,6160
0050,元大台灣50,468,113,355,中國信託,2024-10-04,6160
2890,永豐金,338,4,334,中國信託,2024-10-04,6160
2313,華通,357,26,331,中國信託,2024-10-04,6160
00944,野村趨勢動能高息,364,43,321,中國信託,2024-10-04,6160
2609,陽明,429,128,301,中國信託,2024-10-04,6160
006208,富邦台50,297,25,272,中國信託,2024-10-04,6160
00687B,國泰20年美債,415,152,263,中國信託,2024-10-04,6160
00639,富邦深100,242,24,218,中國信託,2024-10-04,6160
2243,宏旭-KY,231,31,200,中國信託,2024-10-04,6160
00725B,國泰投資級公司債,209,11,198,中國信託,2024-10-04,6160
00948B,中信優息投資級債,294,107,187,中國信託,2024-10-04,6160
2412,中華電,167,3,164,中國信託,2024-10-04,6160
2603,長榮,282,120,162,中國信託,2024-10-04,6160
2301,光寶科,185,29,156,中國信託,2024-10-04,6160
2303,聯電,352,199,153,中國信託,2024-10-04,6160
00688L,國泰20年美債正2,153,10,143,中國信託,2024-10-04,6160
00671R,富邦NASDAQ反1,135,0,135,中國信託,2024-10-04,6160
5876,上海商銀,130,4,126,中國信託,2024-10-04,6160
8150,南茂,122,0,122,中國信託,2024-10-04,6160
2102,泰豐,116,0,116,中國信託,2024-10-04,6160
00720B,元大投資級公司債,115,6,109,中國信託,2024-10-04,6160
2377,微星,101,1,100,中國信託,2024-10-04,6160
5347,世界,219,120,99,中國信託,2024-10-04,6160
00922,國泰台灣領袖50,100,3,97,中國信託,2024-10-04,6160
00728,第一金工業30,94,0,94,中國信託,2024-10-04,6160
2610,華航,170,81,89,中國信託,2024-10-04,6160
00888,永豐台灣ESG,105,18,87,中國信託,2024-10-04,6160
2498,宏達電,350,264,86,中國信託,2024-10-04,6160
00942B,台新美A公司債20+,614,529,85,中國信託,2024-10-04,6160
8112,至上,88,5,83,中國信託,2024-10-04,6160
00795B,中信美國公債20年,234,151,83,中國信託,2024-10-04,6160
6147,頎邦,78,0,78,中國信託,2024-10-04,6160
2454,聯發科,104,26,78,中國信託,2024-10-04,6160
00915,凱基優選高股息30,89,12,77,中國信託,2024-10-04,6160
2845,遠東銀,72,0,72,中國信託,2024-10-04,6160
6257,矽格,74,2,72,中國信託,2024-10-04,6160
00666R,富邦�琤肭磪齯�1,71,0,71,中國信託,2024-10-04,6160
4563,百德,99,29,70,中國信託,2024-10-04,6160
2884,玉山金,62,1,61,中國信託,2024-10-04,6160
4903,聯光通,253,194,59,中國信託,2024-10-04,6160
00953B,群益優選非投等債,2310,0,2310,中國信託,2024-10-07,6160
00882,中信中國高股息,1689,673,1016,中國信託,2024-10-07,6160
00881,國泰台灣5G+,1068,107,961,中國信託,2024-10-07,6160
2888,新光金,1090,130,960,中國信託,2024-10-07,6160
0050,元大台灣50,1002,126,876,中國信託,2024-10-07,6160
00902,中信電池及儲能,911,78,833,中國信託,2024-10-07,6160
00888,永豐台灣ESG,816,27,789,中國信託,2024-10-07,6160
00939,統一台灣高息動能,833,240,593,中國信託,2024-10-07,6160
00892,富邦台灣半導體,486,58,428,中國信託,2024-10-07,6160
00650L,復華香港正2,493,66,427,中國信託,2024-10-07,6160
00795B,中信美國公債20年,1015,608,407,中國信託,2024-10-07,6160
00936,台新永續高息中小,584,182,402,中國信託,2024-10-07,6160
00923,群益台ESG低碳50,724,326,398,中國信託,2024-10-07,6160
00680L,元大美債20正2,558,199,359,中國信託,2024-10-07,6160
00940,元大台灣價值高息,461,112,349,中國信託,2024-10-07,6160
00688L,國泰20年美債正2,324,22,302,中國信託,2024-10-07,6160
2382,廣達,278,21,257,中國信託,2024-10-07,6160
2891,中信金,1588,1333,255,中國信託,2024-10-07,6160
00687B,國泰20年美債,453,261,192,中國信託,2024-10-07,6160
4904,遠傳,303,111,192,中國信託,2024-10-07,6160
0056,元大高股息,295,103,192,中國信託,2024-10-07,6160
00937B,群益ESG投等債20,235,48,187,中國信託,2024-10-07,6160
1314,中石化,274,114,160,中國信託,2024-10-07,6160
00942B,台新美A公司債20+,492,335,157,中國信託,2024-10-07,6160
2610,華航,170,14,156,中國信託,2024-10-07,6160
2412,中華電,145,8,137,中國信託,2024-10-07,6160
3062,建漢,201,65,136,中國信託,2024-10-07,6160
2317,鴻海,269,136,133,中國信託,2024-10-07,6160
2330,台積電,309,180,129,中國信託,2024-10-07,6160
1605,華新,128,6,122,中國信託,2024-10-07,6160
2102,泰豐,119,6,113,中國信託,2024-10-07,6160
2801,彰銀,104,0,104,中國信託,2024-10-07,6160
2903,遠百,100,0,100,中國信託,2024-10-07,6160
9910,豐泰,100,0,100,中國信託,2024-10-07,6160
00679B,元大美債20年,323,229,94,中國信託,2024-10-07,6160
2345,智邦,90,3,87,中國信託,2024-10-07,6160
8028,昇陽半導體,132,48,84,中國信託,2024-10-07,6160
00959B,大華投等美債15Y+,118,41,77,中國信託,2024-10-07,6160
00948B,中信優息投資級債,104,29,75,中國信託,2024-10-07,6160
00712,復華富時不動產,76,2,74,中國信託,2024-10-07,6160
00887,永豐中國科技50大,558,485,73,中國信託,2024-10-07,6160
00706L,期元大S＆P日圓正2,79,7,72,中國信託,2024-10-07,6160
00636,國泰中國A50,127,56,71,中國信託,2024-10-07,6160
00877,復華中國5G,82,11,71,中國信託,2024-10-07,6160
006207,復華滬深,87,17,70,中國信託,2024-10-07,6160
00945B,凱基美國非投等債,69,0,69,中國信託,2024-10-07,6160
2881,富邦金,80,12,68,中國信託,2024-10-07,6160
3430,奇鈦科,107,40,67,中國信託,2024-10-07,6160
2493,揚博,74,11,63,中國信託,2024-10-07,6160
1477,聚陽,62,0,62,中國信託,2024-10-07,6160
00953B,群益優選非投等債,2010,101,1909,中國信託,2024-10-08,6160
2881,富邦金,847,17,830,中國信託,2024-10-08,6160
2891,中信金,1157,582,575,中國信託,2024-10-08,6160
00715L,期街口布蘭特正2,541,103,438,中國信託,2024-10-08,6160
00679B,元大美債20年,503,75,428,中國信託,2024-10-08,6160
00637L,元大滬深300正2,1487,1092,395,中國信託,2024-10-08,6160
0050,元大台灣50,482,94,388,中國信託,2024-10-08,6160
0056,元大高股息,404,40,364,中國信託,2024-10-08,6160
2426,鼎元,731,389,342,中國信託,2024-10-08,6160
00680L,元大美債20正2,324,48,276,中國信託,2024-10-08,6160
00901,永豐智能車供應鏈,402,129,273,中國信託,2024-10-08,6160
2890,永豐金,256,0,256,中國信託,2024-10-08,6160
00948B,中信優息投資級債,274,32,242,中國信託,2024-10-08,6160
3234,光環,250,25,225,中國信託,2024-10-08,6160
2603,長榮,292,74,218,中國信託,2024-10-08,6160
00922,國泰台灣領袖50,220,11,209,中國信託,2024-10-08,6160
00887,永豐中國科技50大,549,345,204,中國信託,2024-10-08,6160
00687B,國泰20年美債,1413,1227,186,中國信託,2024-10-08,6160
00650L,復華香港正2,569,390,179,中國信託,2024-10-08,6160
4958,臻鼎-KY,180,1,179,中國信託,2024-10-08,6160
00936,台新永續高息中小,366,226,140,中國信託,2024-10-08,6160
3702,大聯大,168,29,139,中國信託,2024-10-08,6160
3209,全科,210,72,138,中國信託,2024-10-08,6160
2412,中華電,143,7,136,中國信託,2024-10-08,6160
2317,鴻海,405,270,135,中國信託,2024-10-08,6160
2845,遠東銀,137,8,129,中國信託,2024-10-08,6160
2399,映泰,804,679,125,中國信託,2024-10-08,6160
2610,華航,136,14,122,中國信託,2024-10-08,6160
1314,中石化,158,42,116,中國信託,2024-10-08,6160
00904,新光臺灣半導體30,137,24,113,中國信託,2024-10-08,6160
2836,高雄銀,112,0,112,中國信託,2024-10-08,6160
4904,遠傳,255,145,110,中國信託,2024-10-08,6160
3044,健鼎,113,5,108,中國信託,2024-10-08,6160
00892,富邦台灣半導體,101,0,101,中國信託,2024-10-08,6160
3583,辛耘,146,52,94,中國信託,2024-10-08,6160
3005,神基,103,17,86,中國信託,2024-10-08,6160
1504,東元,100,17,83,中國信託,2024-10-08,6160
2345,智邦,83,1,82,中國信託,2024-10-08,6160
00728,第一金工業30,77,0,77,中國信託,2024-10-08,6160
6208,日揚,69,0,69,中國信託,2024-10-08,6160
3042,晶技,74,5,69,中國信託,2024-10-08,6160
00934,中信成長高股息,68,2,66,中國信託,2024-10-08,6160
00701,國泰股利精選30,66,2,64,中國信託,2024-10-08,6160
00673R,期元大S＆P原油反1,74,10,64,中國信託,2024-10-08,6160
2360,致茂,76,12,64,中國信託,2024-10-08,6160
00712,復華富時不動產,73,11,62,中國信託,2024-10-08,6160
6152,百一,70,9,61,中國信託,2024-10-08,6160
00960,野村全球航運龍頭,68,9,59,中國信託,2024-10-08,6160
9933,中鼎,60,2,58,中國信託,2024-10-08,6160
3049,精金,198,141,57,中國信託,2024-10-08,6160
00953B,群益優選非投等債,2001,0,2001,中國信託,2024-10-09,6160
00650L,復華香港正2,1738,640,1098,中國信託,2024-10-09,6160
00923,群益台ESG低碳50,1130,176,954,中國信託,2024-10-09,6160
00888,永豐台灣ESG,724,6,718,中國信託,2024-10-09,6160
00881,國泰台灣5G+,750,77,673,中國信託,2024-10-09,6160
1402,遠東新,520,2,518,中國信託,2024-10-09,6160
00715L,期街口布蘭特正2,531,89,442,中國信託,2024-10-09,6160
00679B,元大美債20年,445,58,387,中國信託,2024-10-09,6160
00680L,元大美債20正2,382,50,332,中國信託,2024-10-09,6160
3234,光環,361,30,331,中國信託,2024-10-09,6160
0056,元大高股息,346,35,311,中國信託,2024-10-09,6160
00904,新光臺灣半導體30,344,40,304,中國信託,2024-10-09,6160
00939,統一台灣高息動能,339,35,304,中國信託,2024-10-09,6160
00927,群益半導體收益,476,176,300,中國信託,2024-10-09,6160
00687B,國泰20年美債,544,257,287,中國信託,2024-10-09,6160
00892,富邦台灣半導體,438,163,275,中國信託,2024-10-09,6160
00901,永豐智能車供應鏈,240,0,240,中國信託,2024-10-09,6160
2836,高雄銀,233,5,228,中國信託,2024-10-09,6160
2603,長榮,254,46,208,中國信託,2024-10-09,6160
00632R,元大台灣50反1,175,0,175,中國信託,2024-10-09,6160
2312,金寶,192,19,173,中國信託,2024-10-09,6160
00712,復華富時不動產,164,1,163,中國信託,2024-10-09,6160
00912,中信臺灣智慧50,188,32,156,中國信託,2024-10-09,6160
2412,中華電,148,1,147,中國信託,2024-10-09,6160
00944,野村趨勢動能高息,134,1,133,中國信託,2024-10-09,6160
2303,聯電,150,19,131,中國信託,2024-10-09,6160
3025,星通,273,147,126,中國信託,2024-10-09,6160
2399,映泰,478,352,126,中國信託,2024-10-09,6160
2363,矽統,621,502,119,中國信託,2024-10-09,6160
00942B,台新美A公司債20+,432,314,118,中國信託,2024-10-09,6160
2610,華航,125,11,114,中國信託,2024-10-09,6160
8112,至上,119,11,108,中國信託,2024-10-09,6160
00915,凱基優選高股息30,117,10,107,中國信託,2024-10-09,6160
00934,中信成長高股息,135,30,105,中國信託,2024-10-09,6160
2897,王道銀行,103,1,102,中國信託,2024-10-09,6160
3044,健鼎,102,2,100,中國信託,2024-10-09,6160
2601,益航,133,34,99,中國信託,2024-10-09,6160
3711,日月光投控,98,1,97,中國信託,2024-10-09,6160
2889,國票金,93,0,93,中國信託,2024-10-09,6160
00638R,元大滬深300反1,102,10,92,中國信託,2024-10-09,6160
00896,中信綠能及電動車,85,0,85,中國信託,2024-10-09,6160
00688L,國泰20年美債正2,138,53,85,中國信託,2024-10-09,6160
1314,中石化,138,60,78,中國信託,2024-10-09,6160
2317,鴻海,268,190,78,中國信託,2024-10-09,6160
3702,大聯大,79,6,73,中國信託,2024-10-09,6160
2357,華碩,94,21,73,中國信託,2024-10-09,6160
00696B,富邦美債20年,72,1,71,中國信託,2024-10-09,6160
6208,日揚,69,0,69,中國信託,2024-10-09,6160
5443,均豪,198,129,69,中國信託,2024-10-09,6160
3013,晟銘電,110,44,66,中國信託,2024-10-09,6160
00881,國泰台灣5G+,1636,52,1584,中國信託,2024-10-11,6160
00929,復華台灣科技優息,1288,167,1121,中國信託,2024-10-11,6160
00715L,期街口布蘭特正2,988,117,871,中國信託,2024-10-11,6160
00953B,群益優選非投等債,833,1,832,中國信託,2024-10-11,6160
00940,元大台灣價值高息,991,291,700,中國信託,2024-10-11,6160
00680L,元大美債20正2,713,40,673,中國信託,2024-10-11,6160
1402,遠東新,606,0,606,中國信託,2024-10-11,6160
00939,統一台灣高息動能,634,31,603,中國信託,2024-10-11,6160
00637L,元大滬深300正2,625,185,440,中國信託,2024-10-11,6160
2332,友訊,400,0,400,中國信託,2024-10-11,6160
00679B,元大美債20年,541,162,379,中國信託,2024-10-11,6160
1605,華新,282,1,281,中國信託,2024-10-11,6160
0050,元大台灣50,271,51,220,中國信託,2024-10-11,6160
00904,新光臺灣半導體30,310,103,207,中國信託,2024-10-11,6160
00655L,國泰中國A50正2,201,0,201,中國信託,2024-10-11,6160
0056,元大高股息,260,79,181,中國信託,2024-10-11,6160
00959B,大華投等美債15Y+,160,3,157,中國信託,2024-10-11,6160
00922,國泰台灣領袖50,163,8,155,中國信託,2024-10-11,6160
1476,儒鴻,150,0,150,中國信託,2024-10-11,6160
4958,臻鼎-KY,141,0,141,中國信託,2024-10-11,6160
00878,國泰永續高股息,257,117,140,中國信託,2024-10-11,6160
2610,華航,142,3,139,中國信託,2024-10-11,6160
00927,群益半導體收益,269,137,132,中國信託,2024-10-11,6160
2887,台新金,135,14,121,中國信託,2024-10-11,6160
2836,高雄銀,113,0,113,中國信託,2024-10-11,6160
2897,王道銀行,112,0,112,中國信託,2024-10-11,6160
2634,漢翔,108,0,108,中國信託,2024-10-11,6160
1513,中興電,112,4,108,中國信託,2024-10-11,6160
00915,凱基優選高股息30,117,12,105,中國信託,2024-10-11,6160
00764B,群益25年美債,104,0,104,中國信託,2024-10-11,6160
2929,淘帝-KY,104,0,104,中國信託,2024-10-11,6160
1104,環泥,100,0,100,中國信託,2024-10-11,6160
00892,富邦台灣半導體,112,22,90,中國信託,2024-10-11,6160
00960,野村全球航運龍頭,104,16,88,中國信託,2024-10-11,6160
2356,英業達,107,25,82,中國信託,2024-10-11,6160
00951,台新日本半導體,81,1,80,中國信託,2024-10-11,6160
00795B,中信美國公債20年,1401,1322,79,中國信託,2024-10-11,6160
1785,光洋科,99,25,74,中國信託,2024-10-11,6160
3702,大聯大,81,8,73,中國信託,2024-10-11,6160
4716,大立,75,6,69,中國信託,2024-10-11,6160
3710,連展投控,91,23,68,中國信託,2024-10-11,6160
2317,鴻海,316,251,65,中國信託,2024-10-11,6160
5481,新華,65,3,62,中國信託,2024-10-11,6160
00633L,富邦上証正2,60,0,60,中國信託,2024-10-11,6160
00942B,台新美A公司債20+,392,333,59,中國信託,2024-10-11,6160
5269,祥碩,56,2,54,中國信託,2024-10-11,6160
6147,頎邦,61,8,53,中國信託,2024-10-11,6160
2357,華碩,72,20,52,中國信託,2024-10-11,6160
00772B,中信高評級公司債,65,14,51,中國信託,2024-10-11,6160
8011,台通,231,182,49,中國信託,2024-10-11,6160
00940,元大台灣價值高息,1922,357,1565,中國信託,2024-10-14,6160
00888,永豐台灣ESG,927,29,898,中國信託,2024-10-14,6160
00881,國泰台灣5G+,787,92,695,中國信託,2024-10-14,6160
00637L,元大滬深300正2,888,196,692,中國信託,2024-10-14,6160
00878,國泰永續高股息,818,223,595,中國信託,2024-10-14,6160
00935,野村臺灣新科技50,607,26,581,中國信託,2024-10-14,6160
00936,台新永續高息中小,607,64,543,中國信託,2024-10-14,6160
1402,遠東新,502,2,500,中國信託,2024-10-14,6160
00948B,中信優息投資級債,653,157,496,中國信託,2024-10-14,6160
3017,奇鋐,501,41,460,中國信託,2024-10-14,6160
1569,濱川,430,9,421,中國信託,2024-10-14,6160
2881,富邦金,380,50,330,中國信託,2024-10-14,6160
00631L,元大台灣50正2,358,30,328,中國信託,2024-10-14,6160
4958,臻鼎-KY,302,0,302,中國信託,2024-10-14,6160
00944,野村趨勢動能高息,297,1,296,中國信託,2024-10-14,6160
00687B,國泰20年美債,448,158,290,中國信託,2024-10-14,6160
00937B,群益ESG投等債20,434,145,289,中國信託,2024-10-14,6160
00904,新光臺灣半導體30,275,0,275,中國信託,2024-10-14,6160
00679B,元大美債20年,498,228,270,中國信託,2024-10-14,6160
2303,聯電,318,61,257,中國信託,2024-10-14,6160
00939,統一台灣高息動能,264,15,249,中國信託,2024-10-14,6160
00857B,永豐20年美公債,248,0,248,中國信託,2024-10-14,6160
2102,泰豐,224,0,224,中國信託,2024-10-14,6160
0056,元大高股息,252,56,196,中國信託,2024-10-14,6160
2317,鴻海,327,134,193,中國信託,2024-10-14,6160
00892,富邦台灣半導體,197,8,189,中國信託,2024-10-14,6160
2929,淘帝-KY,169,0,169,中國信託,2024-10-14,6160
00922,國泰台灣領袖50,167,10,157,中國信託,2024-10-14,6160
00665L,富邦�琤肭磪囓�2,352,219,133,中國信託,2024-10-14,6160
00712,復華富時不動產,135,6,129,中國信託,2024-10-14,6160
00725B,國泰投資級公司債,114,0,114,中國信託,2024-10-14,6160
2330,台積電,233,122,111,中國信託,2024-10-14,6160
00632R,元大台灣50反1,129,19,110,中國信託,2024-10-14,6160
2360,致茂,115,6,109,中國信託,2024-10-14,6160
2382,廣達,128,20,108,中國信託,2024-10-14,6160
6830,汎銓,145,41,104,中國信託,2024-10-14,6160
2610,華航,121,19,102,中國信託,2024-10-14,6160
00830,國泰費城半導體,103,1,102,中國信託,2024-10-14,6160
3710,連展投控,152,56,96,中國信託,2024-10-14,6160
00680L,元大美債20正2,195,103,92,中國信託,2024-10-14,6160
00692,富邦公司治理,91,6,85,中國信託,2024-10-14,6160
4542,科嶠,82,6,76,中國信託,2024-10-14,6160
00947,台新臺灣IC設計,77,1,76,中國信託,2024-10-14,6160
00688L,國泰20年美債正2,110,35,75,中國信託,2024-10-14,6160
2885,元大金,91,17,74,中國信託,2024-10-14,6160
00795B,中信美國公債20年,1617,1547,70,中國信託,2024-10-14,6160
6239,力成,65,3,62,中國信託,2024-10-14,6160
00915,凱基優選高股息30,71,9,62,中國信託,2024-10-14,6160
3260,威剛,66,6,60,中國信託,2024-10-14,6160
3035,智原,66,8,58,中國信託,2024-10-14,6160
00940,元大台灣價值高息,4042,367,3675,中國信託,2024-10-15,6160
00878,國泰永續高股息,2269,214,2055,中國信託,2024-10-15,6160
00881,國泰台灣5G+,1394,283,1111,中國信託,2024-10-15,6160
00939,統一台灣高息動能,1078,74,1004,中國信託,2024-10-15,6160
00888,永豐台灣ESG,1023,118,905,中國信託,2024-10-15,6160
00935,野村臺灣新科技50,907,32,875,中國信託,2024-10-15,6160
00892,富邦台灣半導體,884,35,849,中國信託,2024-10-15,6160
00923,群益台ESG低碳50,1096,422,674,中國信託,2024-10-15,6160
00929,復華台灣科技優息,1104,439,665,中國信託,2024-10-15,6160
1402,遠東新,529,3,526,中國信託,2024-10-15,6160
00687B,國泰20年美債,573,67,506,中國信託,2024-10-15,6160
4904,遠傳,394,9,385,中國信託,2024-10-15,6160
2101,南港,386,7,379,中國信託,2024-10-15,6160
2382,廣達,406,75,331,中國信託,2024-10-15,6160
2376,技嘉,320,11,309,中國信託,2024-10-15,6160
00927,群益半導體收益,423,126,297,中國信託,2024-10-15,6160
00701,國泰股利精選30,282,0,282,中國信託,2024-10-15,6160
2303,聯電,359,116,243,中國信託,2024-10-15,6160
3360,尚立,200,1,199,中國信託,2024-10-15,6160
4979,華星光,360,161,199,中國信託,2024-10-15,6160
00945B,凱基美國非投等債,205,10,195,中國信託,2024-10-15,6160
00944,野村趨勢動能高息,187,0,187,中國信託,2024-10-15,6160
1569,濱川,219,35,184,中國信託,2024-10-15,6160
0056,元大高股息,290,108,182,中國信託,2024-10-15,6160
4958,臻鼎-KY,299,127,172,中國信託,2024-10-15,6160
00637L,元大滬深300正2,275,106,169,中國信託,2024-10-15,6160
2890,永豐金,172,11,161,中國信託,2024-10-15,6160
2102,泰豐,159,0,159,中國信託,2024-10-15,6160
9933,中鼎,158,0,158,中國信託,2024-10-15,6160
00679B,元大美債20年,193,39,154,中國信託,2024-10-15,6160
3231,緯創,238,86,152,中國信託,2024-10-15,6160
2887,台新金,208,59,149,中國信託,2024-10-15,6160
00680L,元大美債20正2,193,51,142,中國信託,2024-10-15,6160
00720B,元大投資級公司債,136,3,133,中國信託,2024-10-15,6160
00692,富邦公司治理,147,25,122,中國信託,2024-10-15,6160
2105,正新,122,2,120,中國信託,2024-10-15,6160
2929,淘帝-KY,121,1,120,中國信託,2024-10-15,6160
2610,華航,174,56,118,中國信託,2024-10-15,6160
00752,中信中國50,161,48,113,中國信託,2024-10-15,6160
00936,台新永續高息中小,329,218,111,中國信託,2024-10-15,6160
00943,兆豐電子高息等權,112,2,110,中國信託,2024-10-15,6160
00733,富邦臺灣中小,110,3,107,中國信託,2024-10-15,6160
00910,第一金太空衛星,106,0,106,中國信託,2024-10-15,6160
2884,玉山金,116,17,99,中國信託,2024-10-15,6160
4977,眾達-KY,139,41,98,中國信託,2024-10-15,6160
4956,光鋐,491,393,98,中國信託,2024-10-15,6160
00959B,大華投等美債15Y+,89,1,88,中國信託,2024-10-15,6160
2049,上銀,112,26,86,中國信託,2024-10-15,6160
5388,中磊,83,0,83,中國信託,2024-10-15,6160
2834,臺企銀,132,52,80,中國信託,2024-10-15,6160
00940,元大台灣價值高息,2910,1051,1859,中國信託,2024-10-16,6160
00636,國泰中國A50,1768,20,1748,中國信託,2024-10-16,6160
0056,元大高股息,1156,86,1070,中國信託,2024-10-16,6160
2504,國產,1004,18,986,中國信託,2024-10-16,6160
00957B,兆豐US優選投等債,3963,3244,719,中國信託,2024-10-16,6160
00892,富邦台灣半導體,676,3,673,中國信託,2024-10-16,6160
00936,台新永續高息中小,841,197,644,中國信託,2024-10-16,6160
00687B,國泰20年美債,665,22,643,中國信託,2024-10-16,6160
2891,中信金,793,160,633,中國信託,2024-10-16,6160
2363,矽統,699,76,623,中國信託,2024-10-16,6160
2881,富邦金,535,30,505,中國信託,2024-10-16,6160
2102,泰豐,422,0,422,中國信託,2024-10-16,6160
00922,國泰台灣領袖50,484,115,369,中國信託,2024-10-16,6160
2883,凱基金,367,18,349,中國信託,2024-10-16,6160
2317,鴻海,597,253,344,中國信託,2024-10-16,6160
4958,臻鼎-KY,312,1,311,中國信託,2024-10-16,6160
2476,鉅祥,301,8,293,中國信託,2024-10-16,6160
2303,聯電,343,53,290,中國信託,2024-10-16,6160
00881,國泰台灣5G+,639,359,280,中國信託,2024-10-16,6160
0050,元大台灣50,550,296,254,中國信託,2024-10-16,6160
00923,群益台ESG低碳50,279,53,226,中國信託,2024-10-16,6160
2412,中華電,225,3,222,中國信託,2024-10-16,6160
00679B,元大美債20年,250,42,208,中國信託,2024-10-16,6160
00701,國泰股利精選30,202,0,202,中國信託,2024-10-16,6160
00688L,國泰20年美債正2,197,2,195,中國信託,2024-10-16,6160
2486,一詮,373,193,180,中國信託,2024-10-16,6160
00887,永豐中國科技50大,297,129,168,中國信託,2024-10-16,6160
00951,台新日本半導體,241,81,160,中國信託,2024-10-16,6160
3481,群創,189,34,155,中國信託,2024-10-16,6160
00904,新光臺灣半導體30,174,39,135,中國信託,2024-10-16,6160
00932,兆豐永續高息等權,127,3,124,中國信託,2024-10-16,6160
9933,中鼎,129,8,121,中國信託,2024-10-16,6160
00888,永豐台灣ESG,314,195,119,中國信託,2024-10-16,6160
00954,中信日本半導體,121,2,119,中國信託,2024-10-16,6160
1528,恩德,112,5,107,中國信託,2024-10-16,6160
00733,富邦臺灣中小,117,12,105,中國信託,2024-10-16,6160
00937B,群益ESG投等債20,142,56,86,中國信託,2024-10-16,6160
3149,正達,281,195,86,中國信託,2024-10-16,6160
00844B,新光15年IG金融債,80,0,80,中國信託,2024-10-16,6160
3044,健鼎,102,24,78,中國信託,2024-10-16,6160
2330,台積電,305,228,77,中國信託,2024-10-16,6160
2344,華邦電,80,8,72,中國信託,2024-10-16,6160
2454,聯發科,75,3,72,中國信託,2024-10-16,6160
00941,中信上游半導體,141,77,64,中國信託,2024-10-16,6160
00894,中信小資高價30,66,2,64,中國信託,2024-10-16,6160
2888,新光金,139,77,62,中國信託,2024-10-16,6160
2347,聯強,102,42,60,中國信託,2024-10-16,6160
3413,京鼎,89,32,57,中國信託,2024-10-16,6160
00637L,元大滬深300正2,239,182,57,中國信託,2024-10-16,6160
00891,中信關鍵半導體,163,107,56,中國信託,2024-10-16,6160
00878,國泰永續高股息,2734,121,2613,中國信託,2024-10-17,6160
0056,元大高股息,892,74,818,中國信託,2024-10-17,6160
00918,大華優利高填息30,953,164,789,中國信託,2024-10-17,6160
2801,彰銀,775,0,775,中國信託,2024-10-17,6160
00948B,中信優息投資級債,732,78,654,中國信託,2024-10-17,6160
2891,中信金,699,86,613,中國信託,2024-10-17,6160
00687B,國泰20年美債,485,77,408,中國信託,2024-10-17,6160
00892,富邦台灣半導體,389,3,386,中國信託,2024-10-17,6160
00665L,富邦�琤肭磪囓�2,495,151,344,中國信託,2024-10-17,6160
0050,元大台灣50,375,45,330,中國信託,2024-10-17,6160
00637L,元大滬深300正2,497,192,305,中國信託,2024-10-17,6160
2888,新光金,382,86,296,中國信託,2024-10-17,6160
4958,臻鼎-KY,304,10,294,中國信託,2024-10-17,6160
00904,新光臺灣半導體30,248,0,248,中國信託,2024-10-17,6160
00730,富邦臺灣優質高息,229,0,229,中國信託,2024-10-17,6160
00922,國泰台灣領袖50,262,36,226,中國信託,2024-10-17,6160
00888,永豐台灣ESG,305,101,204,中國信託,2024-10-17,6160
3167,大量,339,157,182,中國信託,2024-10-17,6160
00881,國泰台灣5G+,763,585,178,中國信託,2024-10-17,6160
2883,凱基金,245,68,177,中國信託,2024-10-17,6160
2609,陽明,253,80,173,中國信託,2024-10-17,6160
8255,朋程,149,0,149,中國信託,2024-10-17,6160
00936,台新永續高息中小,204,69,135,中國信託,2024-10-17,6160
00954,中信日本半導體,126,2,124,中國信託,2024-10-17,6160
00679B,元大美債20年,224,101,123,中國信託,2024-10-17,6160
3209,全科,158,35,123,中國信託,2024-10-17,6160
2399,映泰,358,235,123,中國信託,2024-10-17,6160
2881,富邦金,144,23,121,中國信託,2024-10-17,6160
00882,中信中國高股息,207,88,119,中國信託,2024-10-17,6160
1314,中石化,149,33,116,中國信託,2024-10-17,6160
3450,聯鈞,198,90,108,中國信託,2024-10-17,6160
00941,中信上游半導體,141,35,106,中國信託,2024-10-17,6160
00932,兆豐永續高息等權,120,19,101,中國信託,2024-10-17,6160
9105,泰金寶-DR,411,315,96,中國信託,2024-10-17,6160
00701,國泰股利精選30,167,81,86,中國信託,2024-10-17,6160
3189,景碩,101,15,86,中國信託,2024-10-17,6160
8069,元太,93,12,81,中國信託,2024-10-17,6160
00929,復華台灣科技優息,380,300,80,中國信託,2024-10-17,6160
00955,中信日本商社,329,250,79,中國信託,2024-10-17,6160
4903,聯光通,202,125,77,中國信託,2024-10-17,6160
00733,富邦臺灣中小,75,1,74,中國信託,2024-10-17,6160
00725B,國泰投資級公司債,74,0,74,中國信託,2024-10-17,6160
3714,富采,80,7,73,中國信託,2024-10-17,6160
00728,第一金工業30,73,0,73,中國信託,2024-10-17,6160
8374,羅昇,222,159,63,中國信託,2024-10-17,6160
9933,中鼎,62,0,62,中國信託,2024-10-17,6160
00632R,元大台灣50反1,74,15,59,中國信託,2024-10-17,6160
00956,中信日經高股息,59,0,59,中國信託,2024-10-17,6160
2610,華航,169,113,56,中國信託,2024-10-17,6160
8032,光菱,96,44,52,中國信託,2024-10-17,6160
00940,元大台灣價值高息,3794,639,3155,中國信託,2024-10-18,6160
2891,中信金,4727,1773,2954,中國信託,2024-10-18,6160
00881,國泰台灣5G+,1861,141,1720,中國信託,2024-10-18,6160
00878,國泰永續高股息,1849,478,1371,中國信託,2024-10-18,6160
006208,富邦台50,945,110,835,中國信託,2024-10-18,6160
00918,大華優利高填息30,888,100,788,中國信託,2024-10-18,6160
00687B,國泰20年美債,800,74,726,中國信託,2024-10-18,6160
00679B,元大美債20年,606,78,528,中國信託,2024-10-18,6160
00905,FT臺灣Smart,552,26,526,中國信託,2024-10-18,6160
2027,大成鋼,513,0,513,中國信託,2024-10-18,6160
00783,富邦中証500,499,0,499,中國信託,2024-10-18,6160
00933B,國泰10Y+金融債,494,40,454,中國信託,2024-10-18,6160
0056,元大高股息,500,57,443,中國信託,2024-10-18,6160
00892,富邦台灣半導體,433,13,420,中國信託,2024-10-18,6160
00939,統一台灣高息動能,434,22,412,中國信託,2024-10-18,6160
00937B,群益ESG投等債20,471,98,373,中國信託,2024-10-18,6160
0050,元大台灣50,553,193,360,中國信託,2024-10-18,6160
2353,宏��,354,8,346,中國信託,2024-10-18,6160
00730,富邦臺灣優質高息,396,56,340,中國信託,2024-10-18,6160
3257,虹冠電,300,1,299,中國信託,2024-10-18,6160
2881,富邦金,340,60,280,中國信託,2024-10-18,6160
00957B,兆豐US優選投等債,3046,2799,247,中國信託,2024-10-18,6160
4958,臻鼎-KY,318,102,216,中國信託,2024-10-18,6160
00944,野村趨勢動能高息,205,0,205,中國信託,2024-10-18,6160
00961,FT臺灣永續高息,166,2,164,中國信託,2024-10-18,6160
00728,第一金工業30,151,0,151,中國信託,2024-10-18,6160
2379,瑞昱,153,3,150,中國信託,2024-10-18,6160
00701,國泰股利精選30,171,27,144,中國信託,2024-10-18,6160
00680L,元大美債20正2,212,70,142,中國信託,2024-10-18,6160
3037,欣興,158,23,135,中國信託,2024-10-18,6160
00931B,統一美債20年,161,33,128,中國信託,2024-10-18,6160
3481,群創,335,208,127,中國信託,2024-10-18,6160
00830,國泰費城半導體,123,0,123,中國信託,2024-10-18,6160
3044,健鼎,123,3,120,中國信託,2024-10-18,6160
00795B,中信美國公債20年,114,1,113,中國信託,2024-10-18,6160
00959B,大華投等美債15Y+,123,11,112,中國信託,2024-10-18,6160
2402,毅嘉,153,43,110,中國信託,2024-10-18,6160
00935,野村臺灣新科技50,170,61,109,中國信託,2024-10-18,6160
00934,中信成長高股息,280,177,103,中國信託,2024-10-18,6160
2303,聯電,167,64,103,中國信託,2024-10-18,6160
3011,今皓,136,34,102,中國信託,2024-10-18,6160
2368,金像電,109,7,102,中國信託,2024-10-18,6160
00932,兆豐永續高息等權,109,13,96,中國信託,2024-10-18,6160
2102,泰豐,96,0,96,中國信託,2024-10-18,6160
00751B,元大AAA至A公司債,101,8,93,中國信託,2024-10-18,6160
00688L,國泰20年美債正2,106,14,92,中國信託,2024-10-18,6160
00900,富邦特選高股息30,100,10,90,中國信託,2024-10-18,6160
3003,健和興,88,4,84,中國信託,2024-10-18,6160
3042,晶技,88,8,80,中國信託,2024-10-18,6160
00912,中信臺灣智慧50,160,80,80,中國信託,2024-10-18,6160
00940,元大台灣價值高息,5123,779,4344,中國信託,2024-10-21,6160
00942B,台新美A公司債20+,1571,0,1571,中國信託,2024-10-21,6160
00936,台新永續高息中小,1679,725,954,中國信託,2024-10-21,6160
2891,中信金,781,168,613,中國信託,2024-10-21,6160
3231,緯創,617,59,558,中國信託,2024-10-21,6160
2027,大成鋼,518,0,518,中國信託,2024-10-21,6160
00665L,富邦�琤肭磪囓�2,678,173,505,中國信託,2024-10-21,6160
1402,遠東新,500,6,494,中國信託,2024-10-21,6160
00947,台新臺灣IC設計,657,225,432,中國信託,2024-10-21,6160
2885,元大金,495,122,373,中國信託,2024-10-21,6160
00939,統一台灣高息動能,490,126,364,中國信託,2024-10-21,6160
2880,華南金,379,21,358,中國信託,2024-10-21,6160
00881,國泰台灣5G+,1572,1219,353,中國信託,2024-10-21,6160
2610,華航,369,17,352,中國信託,2024-10-21,6160
00687B,國泰20年美債,421,76,345,中國信託,2024-10-21,6160
4958,臻鼎-KY,298,4,294,中國信託,2024-10-21,6160
00679B,元大美債20年,348,67,281,中國信託,2024-10-21,6160
00918,大華優利高填息30,274,22,252,中國信託,2024-10-21,6160
2801,彰銀,253,4,249,中國信託,2024-10-21,6160
00929,復華台灣科技優息,433,203,230,中國信託,2024-10-21,6160
00935,野村臺灣新科技50,228,3,225,中國信託,2024-10-21,6160
2102,泰豐,221,0,221,中國信託,2024-10-21,6160
00650L,復華香港正2,222,2,220,中國信託,2024-10-21,6160
00944,野村趨勢動能高息,215,0,215,中國信託,2024-10-21,6160
00730,富邦臺灣優質高息,187,5,182,中國信託,2024-10-21,6160
00637L,元大滬深300正2,271,93,178,中國信託,2024-10-21,6160
00639,富邦深100,177,5,172,中國信託,2024-10-21,6160
2618,長榮航,221,55,166,中國信託,2024-10-21,6160
2412,中華電,165,3,162,中國信託,2024-10-21,6160
00878,國泰永續高股息,1059,902,157,中國信託,2024-10-21,6160
00934,中信成長高股息,396,244,152,中國信託,2024-10-21,6160
00882,中信中國高股息,339,207,132,中國信託,2024-10-21,6160
1605,華新,143,18,125,中國信託,2024-10-21,6160
00891,中信關鍵半導體,378,253,125,中國信託,2024-10-21,6160
2834,臺企銀,124,1,123,中國信託,2024-10-21,6160
2312,金寶,304,186,118,中國信託,2024-10-21,6160
2609,陽明,205,91,114,中國信託,2024-10-21,6160
2882,國泰金,120,7,113,中國信託,2024-10-21,6160
0056,元大高股息,162,53,109,中國信託,2024-10-21,6160
2883,凱基金,147,45,102,中國信託,2024-10-21,6160
3149,正達,210,108,102,中國信託,2024-10-21,6160
6509,聚和,102,1,101,中國信託,2024-10-21,6160
00888,永豐台灣ESG,120,22,98,中國信託,2024-10-21,6160
8155,博智,100,5,95,中國信託,2024-10-21,6160
1504,東元,103,8,95,中國信託,2024-10-21,6160
1569,濱川,99,5,94,中國信託,2024-10-21,6160
00666R,富邦�琤肭磪齯�1,92,0,92,中國信託,2024-10-21,6160
00751B,元大AAA至A公司債,89,0,89,中國信託,2024-10-21,6160
00772B,中信高評級公司債,153,69,84,中國信託,2024-10-21,6160
00900,富邦特選高股息30,89,5,84,中國信託,2024-10-21,6160
00940,元大台灣價值高息,3631,2090,1541,中國信託,2024-10-22,6160
00918,大華優利高填息30,1323,109,1214,中國信託,2024-10-22,6160
00881,國泰台灣5G+,1179,2,1177,中國信託,2024-10-22,6160
00687B,國泰20年美債,1292,159,1133,中國信託,2024-10-22,6160
00939,統一台灣高息動能,835,165,670,中國信託,2024-10-22,6160
2891,中信金,780,118,662,中國信託,2024-10-22,6160
00680L,元大美債20正2,709,59,650,中國信託,2024-10-22,6160
00957B,兆豐US優選投等債,2775,2224,551,中國信託,2024-10-22,6160
3037,欣興,713,162,551,中國信託,2024-10-22,6160
2102,泰豐,492,0,492,中國信託,2024-10-22,6160
00950B,凱基A級公司債,430,0,430,中國信託,2024-10-22,6160
4958,臻鼎-KY,423,4,419,中國信託,2024-10-22,6160
3231,緯創,498,91,407,中國信託,2024-10-22,6160
00932,兆豐永續高息等權,351,0,351,中國信託,2024-10-22,6160
1402,遠東新,351,13,338,中國信託,2024-10-22,6160
4938,和碩,356,26,330,中國信託,2024-10-22,6160
00701,國泰股利精選30,338,12,326,中國信託,2024-10-22,6160
00679B,元大美債20年,597,271,326,中國信託,2024-10-22,6160
3045,台灣大,322,3,319,中國信託,2024-10-22,6160
0050,元大台灣50,475,175,300,中國信託,2024-10-22,6160
4904,遠傳,315,19,296,中國信託,2024-10-22,6160
00923,群益台ESG低碳50,325,33,292,中國信託,2024-10-22,6160
2027,大成鋼,301,10,291,中國信託,2024-10-22,6160
00947,台新臺灣IC設計,705,421,284,中國信託,2024-10-22,6160
3702,大聯大,288,9,279,中國信託,2024-10-22,6160
3481,群創,348,96,252,中國信託,2024-10-22,6160
5347,世界,263,12,251,中國信託,2024-10-22,6160
2317,鴻海,460,213,247,中國信託,2024-10-22,6160
2330,台積電,298,78,220,中國信託,2024-10-22,6160
00857B,永豐20年美公債,203,0,203,中國信託,2024-10-22,6160
6142,友勁,178,0,178,中國信託,2024-10-22,6160
2332,友訊,162,5,157,中國信託,2024-10-22,6160
00713,元大台灣高息低波,143,16,127,中國信託,2024-10-22,6160
1314,中石化,172,46,126,中國信託,2024-10-22,6160
00891,中信關鍵半導體,140,23,117,中國信託,2024-10-22,6160
3665,貿聯-KY,117,4,113,中國信託,2024-10-22,6160
3034,聯詠,118,6,112,中國信託,2024-10-22,6160
00919,群益台灣精選高息,179,68,111,中國信託,2024-10-22,6160
5284,jpp-KY,129,23,106,中國信託,2024-10-22,6160
00720B,元大投資級公司債,105,4,101,中國信託,2024-10-22,6160
00650L,復華香港正2,100,0,100,中國信託,2024-10-22,6160
1605,華新,109,11,98,中國信託,2024-10-22,6160
3189,景碩,259,163,96,中國信託,2024-10-22,6160
3044,健鼎,94,0,94,中國信託,2024-10-22,6160
00956,中信日經高股息,111,21,90,中國信託,2024-10-22,6160
5315,光聯,90,2,88,中國信託,2024-10-22,6160
2357,華碩,87,0,87,中國信託,2024-10-22,6160
6156,松上,95,9,86,中國信託,2024-10-22,6160
2313,華通,99,14,85,中國信託,2024-10-22,6160
00730,富邦臺灣優質高息,81,1,80,中國信託,2024-10-22,6160
00753L,中信中國50正2,1182,140,1042,中國信託,2024-10-23,6160
00936,台新永續高息中小,1617,729,888,中國信託,2024-10-23,6160
00953B,群益優選非投等債,862,22,840,中國信託,2024-10-23,6160
00892,富邦台灣半導體,772,2,770,中國信託,2024-10-23,6160
0050,元大台灣50,972,308,664,中國信託,2024-10-23,6160
00715L,期街口布蘭特正2,1003,418,585,中國信託,2024-10-23,6160
00940,元大台灣價值高息,1404,913,491,中國信託,2024-10-23,6160
2609,陽明,515,113,402,中國信託,2024-10-23,6160
2027,大成鋼,300,2,298,中國信託,2024-10-23,6160
2377,微星,287,6,281,中國信託,2024-10-23,6160
3711,日月光投控,314,35,279,中國信託,2024-10-23,6160
2330,台積電,302,37,265,中國信託,2024-10-23,6160
00637L,元大滬深300正2,289,27,262,中國信託,2024-10-23,6160
2884,玉山金,291,35,256,中國信託,2024-10-23,6160
00957B,兆豐US優選投等債,4256,4031,225,中國信託,2024-10-23,6160
0056,元大高股息,241,21,220,中國信託,2024-10-23,6160
00687B,國泰20年美債,314,109,205,中國信託,2024-10-23,6160
1101,台泥,217,12,205,中國信託,2024-10-23,6160
00679B,元大美債20年,283,79,204,中國信託,2024-10-23,6160
2317,鴻海,360,159,201,中國信託,2024-10-23,6160
2412,中華電,210,11,199,中國信託,2024-10-23,6160
2423,固緯,195,1,194,中國信託,2024-10-23,6160
00888,永豐台灣ESG,329,151,178,中國信託,2024-10-23,6160
00918,大華優利高填息30,202,26,176,中國信託,2024-10-23,6160
00954,中信日本半導體,201,26,175,中國信託,2024-10-23,6160
00932,兆豐永續高息等權,137,3,134,中國信託,2024-10-23,6160
00712,復華富時不動產,140,7,133,中國信託,2024-10-23,6160
00944,野村趨勢動能高息,378,246,132,中國信託,2024-10-23,6160
00730,富邦臺灣優質高息,138,17,121,中國信託,2024-10-23,6160
00896,中信綠能及電動車,114,2,112,中國信託,2024-10-23,6160
00956,中信日經高股息,116,8,108,中國信託,2024-10-23,6160
00701,國泰股利精選30,113,14,99,中國信託,2024-10-23,6160
00931B,統一美債20年,96,0,96,中國信託,2024-10-23,6160
3017,奇鋐,115,27,88,中國信託,2024-10-23,6160
00844B,新光15年IG金融債,336,250,86,中國信託,2024-10-23,6160
2887,台新金,90,5,85,中國信託,2024-10-23,6160
00891,中信關鍵半導體,123,43,80,中國信託,2024-10-23,6160
2204,中華,80,2,78,中國信託,2024-10-23,6160
2345,智邦,86,8,78,中國信託,2024-10-23,6160
2303,聯電,141,64,77,中國信託,2024-10-23,6160
00713,元大台灣高息低波,112,37,75,中國信託,2024-10-23,6160
00650L,復華香港正2,76,2,74,中國信託,2024-10-23,6160
00688L,國泰20年美債正2,73,1,72,中國信託,2024-10-23,6160
1528,恩德,381,309,72,中國信託,2024-10-23,6160
2449,京元電子,172,106,66,中國信託,2024-10-23,6160
00935,野村臺灣新科技50,104,38,66,中國信託,2024-10-23,6160
00955,中信日本商社,328,266,62,中國信託,2024-10-23,6160
00725B,國泰投資級公司債,61,0,61,中國信託,2024-10-23,6160
2421,建準,65,4,61,中國信託,2024-10-23,6160
5522,遠雄,63,2,61,中國信託,2024-10-23,6160
00940,元大台灣價值高息,8436,1062,7374,中國信託,2024-10-24,6160
00632R,元大台灣50反1,1376,100,1276,中國信託,2024-10-24,6160
00936,台新永續高息中小,972,393,579,中國信託,2024-10-24,6160
00929,復華台灣科技優息,1690,1157,533,中國信託,2024-10-24,6160
0056,元大高股息,437,42,395,中國信託,2024-10-24,6160
2543,皇昌,432,92,340,中國信託,2024-10-24,6160
1528,恩德,802,472,330,中國信託,2024-10-24,6160
2891,中信金,364,52,312,中國信託,2024-10-24,6160
00923,群益台ESG低碳50,521,211,310,中國信託,2024-10-24,6160
2884,玉山金,315,23,292,中國信託,2024-10-24,6160
2423,固緯,264,0,264,中國信託,2024-10-24,6160
00725B,國泰投資級公司債,200,6,194,中國信託,2024-10-24,6160
00753L,中信中國50正2,663,498,165,中國信託,2024-10-24,6160
2330,台積電,229,77,152,中國信託,2024-10-24,6160
2379,瑞昱,155,6,149,中國信託,2024-10-24,6160
2102,泰豐,148,0,148,中國信託,2024-10-24,6160
00679B,元大美債20年,160,13,147,中國信託,2024-10-24,6160
00917,中信特選金融,146,0,146,中國信託,2024-10-24,6160
3707,漢磊,291,161,130,中國信託,2024-10-24,6160
00944,野村趨勢動能高息,151,40,111,中國信託,2024-10-24,6160
00637L,元大滬深300正2,142,41,101,中國信託,2024-10-24,6160
2442,新美齊,100,0,100,中國信託,2024-10-24,6160
2489,瑞軒,192,93,99,中國信託,2024-10-24,6160
4979,華星光,130,32,98,中國信託,2024-10-24,6160
2385,群光,90,0,90,中國信託,2024-10-24,6160
00896,中信綠能及電動車,89,0,89,中國信託,2024-10-24,6160
6156,松上,86,2,84,中國信託,2024-10-24,6160
6715,嘉基,80,0,80,中國信託,2024-10-24,6160
2883,凱基金,96,18,78,中國信託,2024-10-24,6160
1721,三晃,288,211,77,中國信託,2024-10-24,6160
4919,新唐,229,155,74,中國信託,2024-10-24,6160
2369,菱生,107,35,72,中國信託,2024-10-24,6160
3455,由田,86,15,71,中國信託,2024-10-24,6160
00960,野村全球航運龍頭,70,1,69,中國信託,2024-10-24,6160
1101,台泥,74,8,66,中國信託,2024-10-24,6160
2886,兆豐金,111,45,66,中國信託,2024-10-24,6160
00956,中信日經高股息,120,55,65,中國信託,2024-10-24,6160
6763,綠界科技*,77,12,65,中國信託,2024-10-24,6160
1314,中石化,67,2,65,中國信託,2024-10-24,6160
6414,樺漢,62,0,62,中國信託,2024-10-24,6160
00631L,元大台灣50正2,85,24,61,中國信託,2024-10-24,6160
00712,復華富時不動產,97,37,60,中國信託,2024-10-24,6160
00954,中信日本半導體,67,10,57,中國信託,2024-10-24,6160
2493,揚博,101,49,52,中國信託,2024-10-24,6160
3062,建漢,100,49,51,中國信託,2024-10-24,6160
6830,汎銓,60,10,50,中國信託,2024-10-24,6160
3592,瑞鼎,50,1,49,中國信託,2024-10-24,6160
2477,美隆電,90,41,49,中國信託,2024-10-24,6160
9933,中鼎,49,1,48,中國信託,2024-10-24,6160
00922,國泰台灣領袖50,58,11,47,中國信託,2024-10-24,6160
00940,元大台灣價值高息,3119,801,2318,中國信託,2024-10-25,6160
00881,國泰台灣5G+,1045,61,984,中國信託,2024-10-25,6160
1708,東鹼,879,11,868,中國信託,2024-10-25,6160
00919,群益台灣精選高息,745,46,699,中國信託,2024-10-25,6160
2330,台積電,523,48,475,中國信託,2024-10-25,6160
00929,復華台灣科技優息,1014,556,458,中國信託,2024-10-25,6160
00942B,台新美A公司債20+,450,0,450,中國信託,2024-10-25,6160
00936,台新永續高息中小,908,491,417,中國信託,2024-10-25,6160
00939,統一台灣高息動能,509,102,407,中國信託,2024-10-25,6160
2354,鴻準,722,328,394,中國信託,2024-10-25,6160
00927,群益半導體收益,323,5,318,中國信託,2024-10-25,6160
00892,富邦台灣半導體,314,2,312,中國信託,2024-10-25,6160
00934,中信成長高股息,313,12,301,中國信託,2024-10-25,6160
00923,群益台ESG低碳50,327,51,276,中國信託,2024-10-25,6160
00900,富邦特選高股息30,256,10,246,中國信託,2024-10-25,6160
00953B,群益優選非投等債,210,0,210,中國信託,2024-10-25,6160
00945B,凱基美國非投等債,208,0,208,中國信託,2024-10-25,6160
00680L,元大美債20正2,323,134,189,中國信託,2024-10-25,6160
00888,永豐台灣ESG,164,3,161,中國信託,2024-10-25,6160
2423,固緯,156,2,154,中國信託,2024-10-25,6160
2412,中華電,138,0,138,中國信託,2024-10-25,6160
2634,漢翔,120,2,118,中國信託,2024-10-25,6160
00701,國泰股利精選30,110,0,110,中國信託,2024-10-25,6160
2603,長榮,133,30,103,中國信託,2024-10-25,6160
00944,野村趨勢動能高息,96,0,96,中國信託,2024-10-25,6160
00950B,凱基A級公司債,87,0,87,中國信託,2024-10-25,6160
00960,野村全球航運龍頭,86,1,85,中國信託,2024-10-25,6160
2102,泰豐,83,0,83,中國信託,2024-10-25,6160
00687B,國泰20年美債,92,15,77,中國信託,2024-10-25,6160
3533,嘉澤,85,11,74,中國信託,2024-10-25,6160
00712,復華富時不動產,85,22,63,中國信託,2024-10-25,6160
00956,中信日經高股息,86,28,58,中國信託,2024-10-25,6160
2449,京元電子,67,10,57,中國信託,2024-10-25,6160
6288,聯嘉,80,23,57,中國信託,2024-10-25,6160
3665,貿聯-KY,62,6,56,中國信託,2024-10-25,6160
00725B,國泰投資級公司債,65,10,55,中國信託,2024-10-25,6160
1307,三芳,75,21,54,中國信託,2024-10-25,6160
2885,元大金,55,3,52,中國信託,2024-10-25,6160
2480,敦陽科,50,0,50,中國信託,2024-10-25,6160
0056,元大高股息,89,39,50,中國信託,2024-10-25,6160
4935,茂林-KY,50,0,50,中國信託,2024-10-25,6160
6706,惠特,51,2,49,中國信託,2024-10-25,6160
1569,濱川,55,6,49,中國信託,2024-10-25,6160
6133,金橋,54,5,49,中國信託,2024-10-25,6160
2369,菱生,54,7,47,中國信託,2024-10-25,6160
00933B,國泰10Y+金融債,55,8,47,中國信託,2024-10-25,6160
6862,三集瑞-KY,47,1,46,中國信託,2024-10-25,6160
6667,信紘科,48,4,44,中國信託,2024-10-25,6160
00679B,元大美債20年,91,48,43,中國信託,2024-10-25,6160
8176,智捷,44,2,42,中國信託,2024-10-25,6160
00940,元大台灣價值高息,4222,299,3923,中國信託,2024-10-28,6160
00753L,中信中國50正2,753,21,732,中國信託,2024-10-28,6160
00929,復華台灣科技優息,948,273,675,中國信託,2024-10-28,6160
2646,星宇航空,651,146,505,中國信託,2024-10-28,6160
00900,富邦特選高股息30,512,11,501,中國信託,2024-10-28,6160
00679B,元大美債20年,572,78,494,中國信託,2024-10-28,6160
2317,鴻海,764,293,471,中國信託,2024-10-28,6160
00881,國泰台灣5G+,1073,627,446,中國信託,2024-10-28,6160
2883,凱基金,413,14,399,中國信託,2024-10-28,6160
00687B,國泰20年美債,461,113,348,中國信託,2024-10-28,6160
00919,群益台灣精選高息,348,105,243,中國信託,2024-10-28,6160
2885,元大金,261,28,233,中國信託,2024-10-28,6160
00959B,大華投等美債15Y+,240,26,214,中國信託,2024-10-28,6160
00936,台新永續高息中小,646,433,213,中國信託,2024-10-28,6160
2423,固緯,203,0,203,中國信託,2024-10-28,6160
00680L,元大美債20正2,246,60,186,中國信託,2024-10-28,6160
00934,中信成長高股息,418,244,174,中國信託,2024-10-28,6160
00892,富邦台灣半導體,303,134,169,中國信託,2024-10-28,6160
2382,廣達,328,178,150,中國信託,2024-10-28,6160
2412,中華電,133,8,125,中國信託,2024-10-28,6160
00688L,國泰20年美債正2,125,0,125,中國信託,2024-10-28,6160
00706L,期元大S＆P日圓正2,124,0,124,中國信託,2024-10-28,6160
1708,東鹼,120,6,114,中國信託,2024-10-28,6160
00953B,群益優選非投等債,106,2,104,中國信託,2024-10-28,6160
2882,國泰金,175,78,97,中國信託,2024-10-28,6160
00947,台新臺灣IC設計,471,375,96,中國信託,2024-10-28,6160
00939,統一台灣高息動能,697,602,95,中國信託,2024-10-28,6160
2330,台積電,205,115,90,中國信託,2024-10-28,6160
2543,皇昌,190,103,87,中國信託,2024-10-28,6160
00712,復華富時不動產,106,20,86,中國信託,2024-10-28,6160
2303,聯電,241,157,84,中國信託,2024-10-28,6160
2102,泰豐,82,0,82,中國信託,2024-10-28,6160
00728,第一金工業30,91,18,73,中國信託,2024-10-28,6160
00650L,復華香港正2,70,0,70,中國信託,2024-10-28,6160
3447,展達,219,151,68,中國信託,2024-10-28,6160
00725B,國泰投資級公司債,65,0,65,中國信託,2024-10-28,6160
3231,緯創,95,31,64,中國信託,2024-10-28,6160
00665L,富邦�琤肭磪囓�2,287,223,64,中國信託,2024-10-28,6160
5536,聖暉*,72,8,64,中國信託,2024-10-28,6160
5522,遠雄,65,2,63,中國信託,2024-10-28,6160
00887,永豐中國科技50大,209,147,62,中國信託,2024-10-28,6160
3709,鑫聯大投控,62,2,60,中國信託,2024-10-28,6160
2345,智邦,66,10,56,中國信託,2024-10-28,6160
1416,廣豐,56,2,54,中國信託,2024-10-28,6160
8021,尖點,63,9,54,中國信託,2024-10-28,6160
9933,中鼎,50,0,50,中國信託,2024-10-28,6160
00901,永豐智能車供應鏈,50,1,49,中國信託,2024-10-28,6160
4541,晟田,43,0,43,中國信託,2024-10-28,6160
3707,漢磊,42,0,42,中國信託,2024-10-28,6160
3576,聯合再生,47,5,42,中國信託,2024-10-28,6160
00940,元大台灣價值高息,1631,76,1555,中國信託,2024-10-29,6160
0050,元大台灣50,1462,299,1163,中國信託,2024-10-29,6160
00937B,群益ESG投等債20,1216,59,1157,中國信託,2024-10-29,6160
2891,中信金,884,146,738,中國信託,2024-10-29,6160
00892,富邦台灣半導體,778,62,716,中國信託,2024-10-29,6160
0056,元大高股息,599,44,555,中國信託,2024-10-29,6160
2646,星宇航空,485,107,378,中國信託,2024-10-29,6160
00931B,統一美債20年,370,1,369,中國信託,2024-10-29,6160
2412,中華電,354,6,348,中國信託,2024-10-29,6160
1528,恩德,417,173,244,中國信託,2024-10-29,6160
2102,泰豐,213,0,213,中國信託,2024-10-29,6160
00900,富邦特選高股息30,273,75,198,中國信託,2024-10-29,6160
2409,友達,210,35,175,中國信託,2024-10-29,6160
00894,中信小資高價30,198,32,166,中國信託,2024-10-29,6160
00939,統一台灣高息動能,175,13,162,中國信託,2024-10-29,6160
2888,新光金,186,27,159,中國信託,2024-10-29,6160
00712,復華富時不動產,157,3,154,中國信託,2024-10-29,6160
2885,元大金,176,23,153,中國信託,2024-10-29,6160
00922,國泰台灣領袖50,143,8,135,中國信託,2024-10-29,6160
2884,玉山金,154,21,133,中國信託,2024-10-29,6160
3035,智原,130,17,113,中國信託,2024-10-29,6160
2880,華南金,210,108,102,中國信託,2024-10-29,6160
00924,復華S＆P500成長,156,63,93,中國信託,2024-10-29,6160
2423,固緯,92,0,92,中國信託,2024-10-29,6160
00730,富邦臺灣優質高息,97,10,87,中國信託,2024-10-29,6160
00857B,永豐20年美公債,83,0,83,中國信託,2024-10-29,6160
2388,威盛,140,59,81,中國信託,2024-10-29,6160
00891,中信關鍵半導體,158,78,80,中國信託,2024-10-29,6160
00738U,期元大道瓊白銀,76,0,76,中國信託,2024-10-29,6160
00946,群益科技高息成長,121,46,75,中國信託,2024-10-29,6160
00902,中信電池及儲能,85,16,69,中國信託,2024-10-29,6160
00941,中信上游半導體,87,18,69,中國信託,2024-10-29,6160
2883,凱基金,111,49,62,中國信託,2024-10-29,6160
8107,大億金茂,142,81,61,中國信託,2024-10-29,6160
6224,聚鼎,61,2,59,中國信託,2024-10-29,6160
2886,兆豐金,66,10,56,中國信託,2024-10-29,6160
2349,錸德,59,4,55,中國信託,2024-10-29,6160
00679B,元大美債20年,116,64,52,中國信託,2024-10-29,6160
00751B,元大AAA至A公司債,55,3,52,中國信託,2024-10-29,6160
00896,中信綠能及電動車,51,0,51,中國信託,2024-10-29,6160
00752,中信中國50,80,31,49,中國信託,2024-10-29,6160
4506,崇友,49,0,49,中國信託,2024-10-29,6160
3707,漢磊,47,0,47,中國信託,2024-10-29,6160
1569,濱川,50,5,45,中國信託,2024-10-29,6160
00936,台新永續高息中小,604,559,45,中國信託,2024-10-29,6160
00904,新光臺灣半導體30,68,24,44,中國信託,2024-10-29,6160
2903,遠百,42,0,42,中國信託,2024-10-29,6160
6147,頎邦,42,0,42,中國信託,2024-10-29,6160
00938,凱基優選30,41,0,41,中國信託,2024-10-29,6160
2002,中鋼,42,6,36,中國信託,2024-10-29,6160
00948B,中信優息投資級債,4781,943,3838,中國信託,2024-10-30,6160
2354,鴻準,1972,722,1250,中國信託,2024-10-30,6160
1307,三芳,1091,19,1072,中國信託,2024-10-30,6160
00940,元大台灣價值高息,1039,231,808,中國信託,2024-10-30,6160
2102,泰豐,758,0,758,中國信託,2024-10-30,6160
00892,富邦台灣半導體,877,133,744,中國信託,2024-10-30,6160
3231,緯創,452,109,343,中國信託,2024-10-30,6160
2431,聯昌,341,33,308,中國信託,2024-10-30,6160
00939,統一台灣高息動能,368,85,283,中國信託,2024-10-30,6160
0056,元大高股息,330,49,281,中國信託,2024-10-30,6160
00900,富邦特選高股息30,278,8,270,中國信託,2024-10-30,6160
00934,中信成長高股息,252,26,226,中國信託,2024-10-30,6160
00664R,國泰臺灣加權反1,220,0,220,中國信託,2024-10-30,6160
2330,台積電,375,158,217,中國信託,2024-10-30,6160
00712,復華富時不動產,165,4,161,中國信託,2024-10-30,6160
00882,中信中國高股息,261,101,160,中國信託,2024-10-30,6160
2603,長榮,171,34,137,中國信託,2024-10-30,6160
00680L,元大美債20正2,163,27,136,中國信託,2024-10-30,6160
2412,中華電,136,3,133,中國信託,2024-10-30,6160
00917,中信特選金融,182,55,127,中國信託,2024-10-30,6160
00650L,復華香港正2,116,0,116,中國信託,2024-10-30,6160
2312,金寶,173,57,116,中國信託,2024-10-30,6160
2317,鴻海,234,121,113,中國信託,2024-10-30,6160
00887,永豐中國科技50大,159,46,113,中國信託,2024-10-30,6160
2349,錸德,207,97,110,中國信託,2024-10-30,6160
00753L,中信中國50正2,294,186,108,中國信託,2024-10-30,6160
00671R,富邦NASDAQ反1,100,0,100,中國信託,2024-10-30,6160
3491,昇達科,100,1,99,中國信託,2024-10-30,6160
4919,新唐,287,196,91,中國信託,2024-10-30,6160
00936,台新永續高息中小,94,8,86,中國信託,2024-10-30,6160
00738U,期元大道瓊白銀,87,7,80,中國信託,2024-10-30,6160
00911,兆豐洲際半導體,105,26,79,中國信託,2024-10-30,6160
00950B,凱基A級公司債,78,0,78,中國信託,2024-10-30,6160
2423,固緯,76,0,76,中國信託,2024-10-30,6160
00946,群益科技高息成長,97,24,73,中國信託,2024-10-30,6160
00910,第一金太空衛星,81,8,73,中國信託,2024-10-30,6160
00933B,國泰10Y+金融債,67,1,66,中國信託,2024-10-30,6160
2454,聯發科,76,10,66,中國信託,2024-10-30,6160
1605,華新,65,3,62,中國信託,2024-10-30,6160
5438,東友,144,85,59,中國信託,2024-10-30,6160
00915,凱基優選高股息30,63,7,56,中國信託,2024-10-30,6160
00687B,國泰20年美債,233,181,52,中國信託,2024-10-30,6160
8028,昇陽半導體,59,11,48,中國信託,2024-10-30,6160
6770,力積電,78,30,48,中國信託,2024-10-30,6160
2357,華碩,49,1,48,中國信託,2024-10-30,6160
4532,瑞智,51,3,48,中國信託,2024-10-30,6160
2477,美隆電,241,195,46,中國信託,2024-10-30,6160
1101,台泥,46,1,45,中國信託,2024-10-30,6160
2880,華南金,40,1,39,中國信託,2024-10-30,6160
5443,均豪,43,4,39,中國信託,2024-10-30,6160
2891,中信金,3304,52,3252,中國信託,2024-11-01,6160
00940,元大台灣價值高息,2321,316,2005,中國信託,2024-11-01,6160
00931B,統一美債20年,1522,1,1521,中國信託,2024-11-01,6160
00715L,期街口布蘭特正2,1525,144,1381,中國信託,2024-11-01,6160
00795B,中信美國公債20年,2822,1835,987,中國信託,2024-11-01,6160
2883,凱基金,820,17,803,中國信託,2024-11-01,6160
00923,群益台ESG低碳50,962,201,761,中國信託,2024-11-01,6160
2867,三商壽,609,19,590,中國信託,2024-11-01,6160
00927,群益半導體收益,624,67,557,中國信託,2024-11-01,6160
3703,欣陸,530,1,529,中國信託,2024-11-01,6160
00857B,永豐20年美公債,473,0,473,中國信託,2024-11-01,6160
2330,台積電,572,103,469,中國信託,2024-11-01,6160
6182,合晶,462,0,462,中國信託,2024-11-01,6160
1307,三芳,791,358,433,中國信託,2024-11-01,6160
2332,友訊,354,20,334,中國信託,2024-11-01,6160
00936,台新永續高息中小,404,78,326,中國信託,2024-11-01,6160
1308,亞聚,311,0,311,中國信託,2024-11-01,6160
5522,遠雄,299,0,299,中國信託,2024-11-01,6160
00713,元大台灣高息低波,730,454,276,中國信託,2024-11-01,6160
8215,明基材,243,2,241,中國信託,2024-11-01,6160
2303,聯電,447,223,224,中國信託,2024-11-01,6160
00680L,元大美債20正2,331,137,194,中國信託,2024-11-01,6160
00712,復華富時不動產,190,10,180,中國信託,2024-11-01,6160
9924,福興,180,2,178,中國信託,2024-11-01,6160
1712,興農,165,2,163,中國信託,2024-11-01,6160
00665L,富邦�琤肭磪囓�2,213,61,152,中國信託,2024-11-01,6160
2027,大成鋼,151,0,151,中國信託,2024-11-01,6160
00724B,群益投資級金融債,140,0,140,中國信託,2024-11-01,6160
3015,全漢,139,0,139,中國信託,2024-11-01,6160
1785,光洋科,141,9,132,中國信託,2024-11-01,6160
1101,台泥,163,39,124,中國信託,2024-11-01,6160
0050,元大台灣50,632,518,114,中國信託,2024-11-01,6160
4991,環宇-KY,135,31,104,中國信託,2024-11-01,6160
0052,富邦科技,104,0,104,中國信託,2024-11-01,6160
2368,金像電,104,4,100,中國信託,2024-11-01,6160
00892,富邦台灣半導體,93,3,90,中國信託,2024-11-01,6160
00738U,期元大道瓊白銀,82,0,82,中國信託,2024-11-01,6160
2376,技嘉,162,81,81,中國信託,2024-11-01,6160
00905,FT臺灣Smart,92,11,81,中國信託,2024-11-01,6160
3044,健鼎,90,10,80,中國信託,2024-11-01,6160
2884,玉山金,78,4,74,中國信託,2024-11-01,6160
2353,宏��,94,21,73,中國信託,2024-11-01,6160
00915,凱基優選高股息30,74,1,73,中國信託,2024-11-01,6160
00687B,國泰20年美債,189,117,72,中國信託,2024-11-01,6160
2308,台達電,142,72,70,中國信託,2024-11-01,6160
3303,岱稜,85,16,69,中國信託,2024-11-01,6160
00953B,群益優選非投等債,77,10,67,中國信託,2024-11-01,6160
00733,富邦臺灣中小,99,32,67,中國信託,2024-11-01,6160
2412,中華電,96,30,66,中國信託,2024-11-01,6160
00725B,國泰投資級公司債,87,27,60,中國信託,2024-11-01,6160
00929,復華台灣科技優息,7603,1745,5858,中國信託,2024-11-04,6160
00937B,群益ESG投等債20,3394,33,3361,中國信託,2024-11-04,6160
00940,元大台灣價值高息,2500,290,2210,中國信託,2024-11-04,6160
00936,台新永續高息中小,2153,338,1815,中國信託,2024-11-04,6160
2409,友達,1298,0,1298,中國信託,2024-11-04,6160
2880,華南金,894,79,815,中國信託,2024-11-04,6160
00900,富邦特選高股息30,964,343,621,中國信託,2024-11-04,6160
1308,亞聚,617,1,616,中國信託,2024-11-04,6160
2884,玉山金,652,39,613,中國信託,2024-11-04,6160
00931B,統一美債20年,607,0,607,中國信託,2024-11-04,6160
00948B,中信優息投資級債,708,118,590,中國信託,2024-11-04,6160
2330,台積電,696,227,469,中國信託,2024-11-04,6160
00939,統一台灣高息動能,508,39,469,中國信託,2024-11-04,6160
2303,聯電,718,259,459,中國信託,2024-11-04,6160
00712,復華富時不動產,392,20,372,中國信託,2024-11-04,6160
00881,國泰台灣5G+,1290,940,350,中國信託,2024-11-04,6160
00679B,元大美債20年,353,25,328,中國信託,2024-11-04,6160
00751B,元大AAA至A公司債,279,1,278,中國信託,2024-11-04,6160
2332,友訊,281,22,259,中國信託,2024-11-04,6160
3015,全漢,235,0,235,中國信託,2024-11-04,6160
00725B,國泰投資級公司債,213,0,213,中國信託,2024-11-04,6160
00857B,永豐20年美公債,512,305,207,中國信託,2024-11-04,6160
5371,中光電,210,9,201,中國信託,2024-11-04,6160
2382,廣達,212,34,178,中國信託,2024-11-04,6160
2855,統一證,174,2,172,中國信託,2024-11-04,6160
2809,京城銀,188,18,170,中國信託,2024-11-04,6160
00680L,元大美債20正2,177,15,162,中國信託,2024-11-04,6160
2412,中華電,222,61,161,中國信託,2024-11-04,6160
1301,台塑,158,4,154,中國信託,2024-11-04,6160
2317,鴻海,346,203,143,中國信託,2024-11-04,6160
00934,中信成長高股息,253,110,143,中國信託,2024-11-04,6160
2603,長榮,183,44,139,中國信託,2024-11-04,6160
6706,惠特,139,8,131,中國信託,2024-11-04,6160
00637L,元大滬深300正2,221,92,129,中國信託,2024-11-04,6160
00764B,群益25年美債,131,3,128,中國信託,2024-11-04,6160
00687B,國泰20年美債,215,88,127,中國信託,2024-11-04,6160
2881,富邦金,201,79,122,中國信託,2024-11-04,6160
2615,萬海,460,344,116,中國信託,2024-11-04,6160
3711,日月光投控,123,10,113,中國信託,2024-11-04,6160
2204,中華,109,0,109,中國信託,2024-11-04,6160
2838,聯邦銀,108,0,108,中國信託,2024-11-04,6160
00942B,台新美A公司債20+,424,321,103,中國信託,2024-11-04,6160
5315,光聯,104,3,101,中國信託,2024-11-04,6160
2646,星宇航空,174,78,96,中國信託,2024-11-04,6160
3360,尚立,100,6,94,中國信託,2024-11-04,6160
2357,華碩,99,7,92,中國信託,2024-11-04,6160
2423,固緯,90,2,88,中國信託,2024-11-04,6160
00892,富邦台灣半導體,81,7,74,中國信託,2024-11-04,6160
00733,富邦臺灣中小,73,1,72,中國信託,2024-11-04,6160
2102,泰豐,71,0,71,中國信託,2024-11-04,6160
00929,復華台灣科技優息,2964,569,2395,中國信託,2024-11-05,6160
00940,元大台灣價值高息,2597,646,1951,中國信託,2024-11-05,6160
00772B,中信高評級公司債,1944,33,1911,中國信託,2024-11-05,6160
00948B,中信優息投資級債,2198,519,1679,中國信託,2024-11-05,6160
00936,台新永續高息中小,1711,681,1030,中國信託,2024-11-05,6160
00719B,元大美債1-3,797,3,794,中國信託,2024-11-05,6160
00715L,期街口布蘭特正2,596,80,516,中國信託,2024-11-05,6160
2303,聯電,777,329,448,中國信託,2024-11-05,6160
00900,富邦特選高股息30,432,16,416,中國信託,2024-11-05,6160
2330,台積電,729,319,410,中國信託,2024-11-05,6160
00888,永豐台灣ESG,395,31,364,中國信託,2024-11-05,6160
2027,大成鋼,352,3,349,中國信託,2024-11-05,6160
2431,聯昌,328,63,265,中國信託,2024-11-05,6160
2618,長榮航,367,104,263,中國信託,2024-11-05,6160
00773B,中信優先金融債,1141,910,231,中國信託,2024-11-05,6160
00933B,國泰10Y+金融債,198,24,174,中國信託,2024-11-05,6160
00692,富邦公司治理,160,3,157,中國信託,2024-11-05,6160
00665L,富邦�琤肭磪囓�2,210,60,150,中國信託,2024-11-05,6160
8390,金益鼎,137,3,134,中國信託,2024-11-05,6160
5315,光聯,222,104,118,中國信託,2024-11-05,6160
2102,泰豐,116,0,116,中國信託,2024-11-05,6160
00927,群益半導體收益,114,0,114,中國信託,2024-11-05,6160
2317,鴻海,243,139,104,中國信託,2024-11-05,6160
00712,復華富時不動產,104,0,104,中國信託,2024-11-05,6160
2332,友訊,148,58,90,中國信託,2024-11-05,6160
2412,中華電,96,6,90,中國信託,2024-11-05,6160
00946,群益科技高息成長,114,25,89,中國信託,2024-11-05,6160
00664R,國泰臺灣加權反1,84,0,84,中國信託,2024-11-05,6160
00639,富邦深100,88,5,83,中國信託,2024-11-05,6160
3227,原相,87,6,81,中國信託,2024-11-05,6160
00724B,群益投資級金融債,80,0,80,中國信託,2024-11-05,6160
5536,聖暉*,86,6,80,中國信託,2024-11-05,6160
0056,元大高股息,131,52,79,中國信託,2024-11-05,6160
00904,新光臺灣半導體30,144,66,78,中國信託,2024-11-05,6160
3049,精金,253,176,77,中國信託,2024-11-05,6160
2357,華碩,89,15,74,中國信託,2024-11-05,6160
2845,遠東銀,75,3,72,中國信託,2024-11-05,6160
00915,凱基優選高股息30,81,9,72,中國信託,2024-11-05,6160
6739,竹陞科技,107,37,70,中國信託,2024-11-05,6160
00730,富邦臺灣優質高息,74,5,69,中國信託,2024-11-05,6160
2382,廣達,109,40,69,中國信託,2024-11-05,6160
3211,順達,74,5,69,中國信託,2024-11-05,6160
00892,富邦台灣半導體,70,3,67,中國信託,2024-11-05,6160
4903,聯光通,224,164,60,中國信託,2024-11-05,6160
1519,華城,71,12,59,中國信託,2024-11-05,6160
00726B,國泰新興投等債,58,0,58,中國信託,2024-11-05,6160
5876,上海商銀,58,0,58,中國信託,2024-11-05,6160
00934,中信成長高股息,267,212,55,中國信託,2024-11-05,6160
00738U,期元大道瓊白銀,54,0,54,中國信託,2024-11-05,6160
2301,光寶科,53,0,53,中國信託,2024-11-05,6160
00929,復華台灣科技優息,7121,356,6765,中國信託,2024-11-06,6160
00936,台新永續高息中小,2088,77,2011,中國信託,2024-11-06,6160
00940,元大台灣價值高息,2004,141,1863,中國信託,2024-11-06,6160
00650L,復華香港正2,977,0,977,中國信託,2024-11-06,6160
00772B,中信高評級公司債,1007,92,915,中國信託,2024-11-06,6160
00719B,元大美債1-3,845,3,842,中國信託,2024-11-06,6160
00687B,國泰20年美債,1145,325,820,中國信託,2024-11-06,6160
00715L,期街口布蘭特正2,839,19,820,中國信託,2024-11-06,6160
00680L,元大美債20正2,967,148,819,中國信託,2024-11-06,6160
00945B,凱基美國非投等債,672,72,600,中國信託,2024-11-06,6160
3702,大聯大,582,10,572,中國信託,2024-11-06,6160
00947,台新臺灣IC設計,583,29,554,中國信託,2024-11-06,6160
3036,文曄,503,1,502,中國信託,2024-11-06,6160
00679B,元大美債20年,648,146,502,中國信託,2024-11-06,6160
2317,鴻海,651,174,477,中國信託,2024-11-06,6160
00955,中信日本商社,473,40,433,中國信託,2024-11-06,6160
00900,富邦特選高股息30,432,22,410,中國信託,2024-11-06,6160
00892,富邦台灣半導體,539,165,374,中國信託,2024-11-06,6160
2382,廣達,403,37,366,中國信託,2024-11-06,6160
2884,玉山金,415,64,351,中國信託,2024-11-06,6160
2376,技嘉,422,87,335,中國信託,2024-11-06,6160
1815,富喬,359,59,300,中國信託,2024-11-06,6160
00881,國泰台灣5G+,575,277,298,中國信託,2024-11-06,6160
00688L,國泰20年美債正2,271,19,252,中國信託,2024-11-06,6160
2354,鴻準,542,310,232,中國信託,2024-11-06,6160
00753L,中信中國50正2,343,120,223,中國信託,2024-11-06,6160
2102,泰豐,212,0,212,中國信託,2024-11-06,6160
00668,國泰美國道瓊,120,0,120,中國信託,2024-11-06,6160
00632R,元大台灣50反1,199,80,119,中國信託,2024-11-06,6160
00730,富邦臺灣優質高息,109,2,107,中國信託,2024-11-06,6160
1560,中砂,105,4,101,中國信託,2024-11-06,6160
2444,兆勁,102,1,101,中國信託,2024-11-06,6160
2610,華航,117,17,100,中國信託,2024-11-06,6160
3044,健鼎,100,4,96,中國信託,2024-11-06,6160
00905,FT臺灣Smart,113,18,95,中國信託,2024-11-06,6160
00956,中信日經高股息,152,62,90,中國信託,2024-11-06,6160
00665L,富邦�琤肭磪囓�2,140,50,90,中國信託,2024-11-06,6160
00958B,永豐ESG銀行債15,102,15,87,中國信託,2024-11-06,6160
00637L,元大滬深300正2,88,3,85,中國信託,2024-11-06,6160
2385,群光,92,9,83,中國信託,2024-11-06,6160
00894,中信小資高價30,78,0,78,中國信託,2024-11-06,6160
2646,星宇航空,84,9,75,中國信託,2024-11-06,6160
00902,中信電池及儲能,77,4,73,中國信託,2024-11-06,6160
3013,晟銘電,155,86,69,中國信託,2024-11-06,6160
6640,均華,69,1,68,中國信託,2024-11-06,6160
4533,協易機,83,17,66,中國信託,2024-11-06,6160
00896,中信綠能及電動車,65,2,63,中國信託,2024-11-06,6160
00913,兆豐台灣晶圓製造,60,0,60,中國信託,2024-11-06,6160
00775B,新光投等債15+,64,6,58,中國信託,2024-11-06,6160
00738U,期元大道瓊白銀,63,6,57,中國信託,2024-11-06,6160
00929,復華台灣科技優息,9044,522,8522,中國信託,2024-11-07,6160
00940,元大台灣價值高息,3169,765,2404,中國信託,2024-11-07,6160
00936,台新永續高息中小,1983,125,1858,中國信託,2024-11-07,6160
00680L,元大美債20正2,1988,181,1807,中國信託,2024-11-07,6160
00881,國泰台灣5G+,1750,192,1558,中國信託,2024-11-07,6160
2303,聯電,1588,93,1495,中國信託,2024-11-07,6160
3702,大聯大,580,18,562,中國信託,2024-11-07,6160
00715L,期街口布蘭特正2,568,16,552,中國信託,2024-11-07,6160
00900,富邦特選高股息30,454,6,448,中國信託,2024-11-07,6160
3231,緯創,462,99,363,中國信託,2024-11-07,6160
1314,中石化,355,2,353,中國信託,2024-11-07,6160
00939,統一台灣高息動能,342,19,323,中國信託,2024-11-07,6160
2102,泰豐,313,0,313,中國信託,2024-11-07,6160
00751B,元大AAA至A公司債,317,26,291,中國信託,2024-11-07,6160
2409,友達,315,42,273,中國信託,2024-11-07,6160
2330,台積電,346,84,262,中國信託,2024-11-07,6160
1402,遠東新,276,25,251,中國信託,2024-11-07,6160
00752,中信中國50,318,71,247,中國信託,2024-11-07,6160
00892,富邦台灣半導體,244,0,244,中國信託,2024-11-07,6160
9105,泰金寶-DR,690,456,234,中國信託,2024-11-07,6160
00720B,元大投資級公司債,369,135,234,中國信託,2024-11-07,6160
0050,元大台灣50,688,482,206,中國信託,2024-11-07,6160
2891,中信金,483,289,194,中國信託,2024-11-07,6160
2449,京元電子,255,70,185,中國信託,2024-11-07,6160
00692,富邦公司治理,209,24,185,中國信託,2024-11-07,6160
2880,華南金,188,12,176,中國信託,2024-11-07,6160
00679B,元大美債20年,194,25,169,中國信託,2024-11-07,6160
3665,貿聯-KY,156,6,150,中國信託,2024-11-07,6160
00934,中信成長高股息,284,156,128,中國信託,2024-11-07,6160
2884,玉山金,152,28,124,中國信託,2024-11-07,6160
2412,中華電,126,3,123,中國信託,2024-11-07,6160
3689,湧德,174,59,115,中國信託,2024-11-07,6160
2324,仁寶,277,167,110,中國信託,2024-11-07,6160
3491,昇達科,110,5,105,中國信託,2024-11-07,6160
6873,泓德能源,105,1,104,中國信託,2024-11-07,6160
2610,華航,302,200,102,中國信託,2024-11-07,6160
00717,富邦美國特別股,101,0,101,中國信託,2024-11-07,6160
2382,廣達,324,224,100,中國信託,2024-11-07,6160
6147,頎邦,100,0,100,中國信託,2024-11-07,6160
00933B,國泰10Y+金融債,98,1,97,中國信託,2024-11-07,6160
2615,萬海,192,97,95,中國信託,2024-11-07,6160
2027,大成鋼,210,122,88,中國信託,2024-11-07,6160
00935,野村臺灣新科技50,109,21,88,中國信託,2024-11-07,6160
2886,兆豐金,100,13,87,中國信託,2024-11-07,6160
00764B,群益25年美債,85,0,85,中國信託,2024-11-07,6160
00959B,大華投等美債15Y+,100,20,80,中國信託,2024-11-07,6160
1446,宏和,80,0,80,中國信託,2024-11-07,6160
00730,富邦臺灣優質高息,88,10,78,中國信託,2024-11-07,6160
2646,星宇航空,91,14,77,中國信託,2024-11-07,6160
00668,國泰美國道瓊,76,0,76,中國信託,2024-11-07,6160
00940,元大台灣價值高息,3145,114,3031,中國信託,2024-11-08,6160
00929,復華台灣科技優息,3551,869,2682,中國信託,2024-11-08,6160
1308,亞聚,1975,16,1959,中國信託,2024-11-08,6160
00942B,台新美A公司債20+,1655,308,1347,中國信託,2024-11-08,6160
00752,中信中國50,1585,426,1159,中國信託,2024-11-08,6160
1712,興農,864,8,856,中國信託,2024-11-08,6160
00933B,國泰10Y+金融債,548,12,536,中國信託,2024-11-08,6160
1402,遠東新,565,35,530,中國信託,2024-11-08,6160
00931B,統一美債20年,474,1,473,中國信託,2024-11-08,6160
00881,國泰台灣5G+,581,109,472,中國信託,2024-11-08,6160
2324,仁寶,610,147,463,中國信託,2024-11-08,6160
2330,台積電,565,105,460,中國信託,2024-11-08,6160
00692,富邦公司治理,459,2,457,中國信託,2024-11-08,6160
3702,大聯大,424,12,412,中國信託,2024-11-08,6160
2102,泰豐,358,0,358,中國信託,2024-11-08,6160
00936,台新永續高息中小,370,14,356,中國信託,2024-11-08,6160
00907,永豐優息存股,312,0,312,中國信託,2024-11-08,6160
3036,文曄,292,0,292,中國信託,2024-11-08,6160
0050,元大台灣50,982,704,278,中國信託,2024-11-08,6160
00753L,中信中國50正2,564,310,254,中國信託,2024-11-08,6160
6257,矽格,251,5,246,中國信託,2024-11-08,6160
4904,遠傳,271,37,234,中國信託,2024-11-08,6160
2610,華航,324,119,205,中國信託,2024-11-08,6160
00910,第一金太空衛星,157,6,151,中國信託,2024-11-08,6160
3521,鴻翊,150,0,150,中國信託,2024-11-08,6160
00912,中信臺灣智慧50,155,8,147,中國信託,2024-11-08,6160
2354,鴻準,730,592,138,中國信託,2024-11-08,6160
00715L,期街口布蘭特正2,131,1,130,中國信託,2024-11-08,6160
00955,中信日本商社,128,0,128,中國信託,2024-11-08,6160
5483,中美晶,145,21,124,中國信託,2024-11-08,6160
00911,兆豐洲際半導體,146,24,122,中國信託,2024-11-08,6160
9802,鈺齊-KY,116,2,114,中國信託,2024-11-08,6160
2601,益航,110,1,109,中國信託,2024-11-08,6160
6781,AES-KY,116,14,102,中國信託,2024-11-08,6160
3324,雙鴻,119,20,99,中國信託,2024-11-08,6160
2609,陽明,272,173,99,中國信託,2024-11-08,6160
3056,富華新,117,22,95,中國信託,2024-11-08,6160
3665,貿聯-KY,115,22,93,中國信託,2024-11-08,6160
2412,中華電,94,2,92,中國信託,2024-11-08,6160
6667,信紘科,109,19,90,中國信託,2024-11-08,6160
00632R,元大台灣50反1,267,180,87,中國信託,2024-11-08,6160
00943,兆豐電子高息等權,118,33,85,中國信託,2024-11-08,6160
3062,建漢,290,206,84,中國信託,2024-11-08,6160
00830,國泰費城半導體,120,43,77,中國信託,2024-11-08,6160
00917,中信特選金融,240,166,74,中國信託,2024-11-08,6160
2646,星宇航空,91,18,73,中國信託,2024-11-08,6160
4958,臻鼎-KY,99,28,71,中國信託,2024-11-08,6160
2889,國票金,71,2,69,中國信託,2024-11-08,6160
00773B,中信優先金融債,1571,1503,68,中國信託,2024-11-08,6160
2618,長榮航,83,16,67,中國信託,2024-11-08,6160
00929,復華台灣科技優息,7654,715,6939,中國信託,2024-11-11,6160
00940,元大台灣價值高息,4305,178,4127,中國信託,2024-11-11,6160
00936,台新永續高息中小,2282,63,2219,中國信託,2024-11-11,6160
00939,統一台灣高息動能,1615,49,1566,中國信託,2024-11-11,6160
00931B,統一美債20年,1421,1,1420,中國信託,2024-11-11,6160
00720B,元大投資級公司債,1058,14,1044,中國信託,2024-11-11,6160
00957B,兆豐US優選投等債,3821,3201,620,中國信託,2024-11-11,6160
2382,廣達,621,64,557,中國信託,2024-11-11,6160
5371,中光電,401,6,395,中國信託,2024-11-11,6160
00856B,永豐1-3年美公債,360,0,360,中國信託,2024-11-11,6160
00857B,永豐20年美公債,467,166,301,中國信託,2024-11-11,6160
9802,鈺齊-KY,253,0,253,中國信託,2024-11-11,6160
4147,中裕,230,0,230,中國信託,2024-11-11,6160
00665L,富邦�琤肭磪囓�2,552,349,203,中國信託,2024-11-11,6160
00900,富邦特選高股息30,458,256,202,中國信託,2024-11-11,6160
2601,益航,200,0,200,中國信託,2024-11-11,6160
2385,群光,208,9,199,中國信託,2024-11-11,6160
2891,中信金,315,159,156,中國信託,2024-11-11,6160
2412,中華電,146,0,146,中國信託,2024-11-11,6160
5009,榮剛,307,170,137,中國信託,2024-11-11,6160
9935,慶豐富,160,35,125,中國信託,2024-11-11,6160
0056,元大高股息,169,46,123,中國信託,2024-11-11,6160
00923,群益台ESG低碳50,136,18,118,中國信託,2024-11-11,6160
3706,神達,134,32,102,中國信託,2024-11-11,6160
00772B,中信高評級公司債,113,14,99,中國信託,2024-11-11,6160
2610,華航,181,82,99,中國信託,2024-11-11,6160
2049,上銀,97,0,97,中國信託,2024-11-11,6160
00911,兆豐洲際半導體,95,4,91,中國信託,2024-11-11,6160
00947,台新臺灣IC設計,239,153,86,中國信託,2024-11-11,6160
00637L,元大滬深300正2,162,94,68,中國信託,2024-11-11,6160
2615,萬海,228,164,64,中國信託,2024-11-11,6160
00888,永豐台灣ESG,73,9,64,中國信託,2024-11-11,6160
00738U,期元大道瓊白銀,78,15,63,中國信託,2024-11-11,6160
00830,國泰費城半導體,108,46,62,中國信託,2024-11-11,6160
00915,凱基優選高股息30,83,22,61,中國信託,2024-11-11,6160
3498,陽程,64,3,61,中國信託,2024-11-11,6160
2887,台新金,60,1,59,中國信託,2024-11-11,6160
3211,順達,63,4,59,中國信託,2024-11-11,6160
4904,遠傳,170,113,57,中國信託,2024-11-11,6160
6147,頎邦,79,22,57,中國信託,2024-11-11,6160
00655L,國泰中國A50正2,96,41,55,中國信託,2024-11-11,6160
1449,佳和,330,275,55,中國信託,2024-11-11,6160
00733,富邦臺灣中小,58,4,54,中國信託,2024-11-11,6160
3017,奇鋐,58,5,53,中國信託,2024-11-11,6160
2834,臺企銀,64,15,49,中國信託,2024-11-11,6160
3167,大量,102,54,48,中國信託,2024-11-11,6160
00892,富邦台灣半導體,53,5,48,中國信託,2024-11-11,6160
2354,鴻準,392,346,46,中國信託,2024-11-11,6160
2356,英業達,204,159,45,中國信託,2024-11-11,6160
2506,太設,69,24,45,中國信託,2024-11-11,6160
00937B,群益ESG投等債20,3787,470,3317,中國信託,2024-11-12,6160
00940,元大台灣價值高息,3081,142,2939,中國信託,2024-11-12,6160
00936,台新永續高息中小,1492,21,1471,中國信託,2024-11-12,6160
00957B,兆豐US優選投等債,4628,3219,1409,中國信託,2024-11-12,6160
00795B,中信美國公債20年,3566,2332,1234,中國信託,2024-11-12,6160
00939,統一台灣高息動能,1107,9,1098,中國信託,2024-11-12,6160
00719B,元大美債1-3,801,9,792,中國信託,2024-11-12,6160
2303,聯電,703,195,508,中國信託,2024-11-12,6160
0056,元大高股息,529,24,505,中國信託,2024-11-12,6160
00931B,統一美債20年,457,25,432,中國信託,2024-11-12,6160
3013,晟銘電,481,74,407,中國信託,2024-11-12,6160
00958B,永豐ESG銀行債15,397,0,397,中國信託,2024-11-12,6160
2618,長榮航,414,95,319,中國信託,2024-11-12,6160
2605,新興,335,44,291,中國信託,2024-11-12,6160
2884,玉山金,275,3,272,中國信託,2024-11-12,6160
6598,ABC-KY,268,3,265,中國信託,2024-11-12,6160
2102,泰豐,241,0,241,中國信託,2024-11-12,6160
2881,富邦金,228,2,226,中國信託,2024-11-12,6160
00856B,永豐1-3年美公債,210,0,210,中國信託,2024-11-12,6160
2601,益航,200,0,200,中國信託,2024-11-12,6160
00720B,元大投資級公司債,223,23,200,中國信託,2024-11-12,6160
00882,中信中國高股息,192,24,168,中國信託,2024-11-12,6160
00915,凱基優選高股息30,178,12,166,中國信託,2024-11-12,6160
2882,國泰金,170,5,165,中國信託,2024-11-12,6160
3521,鴻翊,150,0,150,中國信託,2024-11-12,6160
00679B,元大美債20年,186,47,139,中國信託,2024-11-12,6160
00664R,國泰臺灣加權反1,135,0,135,中國信託,2024-11-12,6160
00888,永豐台灣ESG,133,3,130,中國信託,2024-11-12,6160
5871,中租-KY,162,35,127,中國信託,2024-11-12,6160
2883,凱基金,140,13,127,中國信託,2024-11-12,6160
5880,合庫金,122,1,121,中國信託,2024-11-12,6160
9802,鈺齊-KY,105,0,105,中國信託,2024-11-12,6160
00944,野村趨勢動能高息,100,0,100,中國信託,2024-11-12,6160
00650L,復華香港正2,103,4,99,中國信託,2024-11-12,6160
2887,台新金,98,1,97,中國信託,2024-11-12,6160
00955,中信日本商社,119,33,86,中國信託,2024-11-12,6160
2382,廣達,161,84,77,中國信託,2024-11-12,6160
6147,頎邦,82,5,77,中國信託,2024-11-12,6160
5243,乙盛-KY,141,70,71,中國信託,2024-11-12,6160
00772B,中信高評級公司債,820,749,71,中國信託,2024-11-12,6160
00728,第一金工業30,100,31,69,中國信託,2024-11-12,6160
00891,中信關鍵半導體,167,98,69,中國信託,2024-11-12,6160
00857B,永豐20年美公債,178,114,64,中國信託,2024-11-12,6160
2353,宏��,64,6,58,中國信託,2024-11-12,6160
6667,信紘科,54,0,54,中國信託,2024-11-12,6160
2885,元大金,60,7,53,中國信託,2024-11-12,6160
1101,台泥,91,38,53,中國信託,2024-11-12,6160
2301,光寶科,77,25,52,中國信託,2024-11-12,6160
2723,美食-KY,50,0,50,中國信託,2024-11-12,6160
2006,東和鋼鐵,53,3,50,中國信託,2024-11-12,6160
00929,復華台灣科技優息,7939,532,7407,中國信託,2024-11-13,6160
00940,元大台灣價值高息,3201,222,2979,中國信託,2024-11-13,6160
00948B,中信優息投資級債,2731,141,2590,中國信託,2024-11-13,6160
00936,台新永續高息中小,1386,70,1316,中國信託,2024-11-13,6160
2102,泰豐,954,0,954,中國信託,2024-11-13,6160
00939,統一台灣高息動能,716,133,583,中國信託,2024-11-13,6160
6220,岳豐,456,4,452,中國信託,2024-11-13,6160
00931B,統一美債20年,446,2,444,中國信託,2024-11-13,6160
00946,群益科技高息成長,425,18,407,中國信託,2024-11-13,6160
2303,聯電,519,120,399,中國信託,2024-11-13,6160
5371,中光電,385,0,385,中國信託,2024-11-13,6160
00772B,中信高評級公司債,470,101,369,中國信託,2024-11-13,6160
3211,順達,452,122,330,中國信託,2024-11-13,6160
3706,神達,1025,754,271,中國信託,2024-11-13,6160
0056,元大高股息,297,40,257,中國信託,2024-11-13,6160
00773B,中信優先金融債,1558,1311,247,中國信託,2024-11-13,6160
00888,永豐台灣ESG,224,2,222,中國信託,2024-11-13,6160
2601,益航,203,0,203,中國信託,2024-11-13,6160
6177,達麗,202,0,202,中國信託,2024-11-13,6160
0050,元大台灣50,418,226,192,中國信託,2024-11-13,6160
00701,國泰股利精選30,209,26,183,中國信託,2024-11-13,6160
6142,友勁,177,0,177,中國信託,2024-11-13,6160
2409,友達,194,18,176,中國信託,2024-11-13,6160
2455,全新,188,20,168,中國信託,2024-11-13,6160
1308,亞聚,163,5,158,中國信託,2024-11-13,6160
00955,中信日本商社,208,57,151,中國信託,2024-11-13,6160
2809,京城銀,163,12,151,中國信託,2024-11-13,6160
00944,野村趨勢動能高息,153,2,151,中國信託,2024-11-13,6160
2014,中鴻,152,5,147,中國信託,2024-11-13,6160
2504,國產,159,13,146,中國信託,2024-11-13,6160
2002,中鋼,165,20,145,中國信託,2024-11-13,6160
00904,新光臺灣半導體30,155,15,140,中國信託,2024-11-13,6160
00730,富邦臺灣優質高息,129,1,128,中國信託,2024-11-13,6160
00887,永豐中國科技50大,180,53,127,中國信託,2024-11-13,6160
9904,寶成,176,55,121,中國信託,2024-11-13,6160
6596,寬宏藝術,120,0,120,中國信託,2024-11-13,6160
8404,百和興業-KY,125,9,116,中國信託,2024-11-13,6160
1736,喬山,116,3,113,中國信託,2024-11-13,6160
00688L,國泰20年美債正2,122,18,104,中國信託,2024-11-13,6160
2395,研華,100,0,100,中國信託,2024-11-13,6160
3711,日月光投控,158,58,100,中國信託,2024-11-13,6160
8070,長華*,114,16,98,中國信託,2024-11-13,6160
6182,合晶,96,1,95,中國信託,2024-11-13,6160
3703,欣陸,93,1,92,中國信託,2024-11-13,6160
00900,富邦特選高股息30,144,54,90,中國信託,2024-11-13,6160
2610,華航,127,37,90,中國信託,2024-11-13,6160
1301,台塑,100,11,89,中國信託,2024-11-13,6160
00752,中信中國50,137,50,87,中國信託,2024-11-13,6160
8150,南茂,101,15,86,中國信託,2024-11-13,6160
6414,樺漢,101,15,86,中國信託,2024-11-13,6160
00940,元大台灣價值高息,3355,113,3242,中國信託,2024-11-14,6160
00948B,中信優息投資級債,2180,300,1880,中國信託,2024-11-14,6160
00939,統一台灣高息動能,1873,203,1670,中國信託,2024-11-14,6160
00929,復華台灣科技優息,2552,1107,1445,中國信託,2024-11-14,6160
2102,泰豐,1121,0,1121,中國信託,2024-11-14,6160
00936,台新永續高息中小,863,6,857,中國信託,2024-11-14,6160
00963,中信全球高股息,1269,569,700,中國信託,2024-11-14,6160
00964,中信亞太高股息,1265,604,661,中國信託,2024-11-14,6160
0050,元大台灣50,772,179,593,中國信託,2024-11-14,6160
2303,聯電,915,384,531,中國信託,2024-11-14,6160
2101,南港,620,100,520,中國信託,2024-11-14,6160
0056,元大高股息,601,166,435,中國信託,2024-11-14,6160
00900,富邦特選高股息30,487,57,430,中國信託,2024-11-14,6160
00772B,中信高評級公司債,453,25,428,中國信託,2024-11-14,6160
2884,玉山金,419,5,414,中國信託,2024-11-14,6160
2332,友訊,588,197,391,中國信託,2024-11-14,6160
00773B,中信優先金融債,1899,1583,316,中國信託,2024-11-14,6160
5371,中光電,305,3,302,中國信託,2024-11-14,6160
2601,益航,307,5,302,中國信託,2024-11-14,6160
00945B,凱基美國非投等債,336,81,255,中國信託,2024-11-14,6160
1569,濱川,318,71,247,中國信託,2024-11-14,6160
00934,中信成長高股息,275,59,216,中國信託,2024-11-14,6160
4968,立積,281,72,209,中國信託,2024-11-14,6160
2353,宏��,202,8,194,中國信託,2024-11-14,6160
00915,凱基優選高股息30,178,4,174,中國信託,2024-11-14,6160
3013,晟銘電,304,132,172,中國信託,2024-11-14,6160
00957B,兆豐US優選投等債,3370,3200,170,中國信託,2024-11-14,6160
00955,中信日本商社,158,1,157,中國信託,2024-11-14,6160
3712,永崴投控,183,35,148,中國信託,2024-11-14,6160
00701,國泰股利精選30,147,4,143,中國信託,2024-11-14,6160
2412,中華電,181,40,141,中國信託,2024-11-14,6160
6220,岳豐,123,2,121,中國信託,2024-11-14,6160
2883,凱基金,153,40,113,中國信託,2024-11-14,6160
00857B,永豐20年美公債,297,185,112,中國信託,2024-11-14,6160
00688L,國泰20年美債正2,124,18,106,中國信託,2024-11-14,6160
4931,新盛力,462,356,106,中國信託,2024-11-14,6160
3303,岱稜,112,7,105,中國信託,2024-11-14,6160
2887,台新金,106,2,104,中國信託,2024-11-14,6160
6491,晶碩,100,0,100,中國信託,2024-11-14,6160
00905,FT臺灣Smart,115,17,98,中國信託,2024-11-14,6160
3032,偉訓,108,13,95,中國信託,2024-11-14,6160
00706L,期元大S＆P日圓正2,95,0,95,中國信託,2024-11-14,6160
2610,華航,180,87,93,中國信託,2024-11-14,6160
1532,勤美,113,20,93,中國信託,2024-11-14,6160
3231,緯創,237,145,92,中國信託,2024-11-14,6160
4147,中裕,87,0,87,中國信託,2024-11-14,6160
5522,遠雄,83,1,82,中國信託,2024-11-14,6160
00922,國泰台灣領袖50,82,6,76,中國信託,2024-11-14,6160
00935,野村臺灣新科技50,71,4,67,中國信託,2024-11-14,6160
4414,如興,67,0,67,中國信託,2024-11-14,6160
00940,元大台灣價值高息,2089,116,1973,中國信託,2024-11-15,6160
00939,統一台灣高息動能,1786,27,1759,中國信託,2024-11-15,6160
2102,泰豐,1545,0,1545,中國信託,2024-11-15,6160
00936,台新永續高息中小,1330,1,1329,中國信託,2024-11-15,6160
00929,復華台灣科技優息,1635,416,1219,中國信託,2024-11-15,6160
1504,東元,627,2,625,中國信託,2024-11-15,6160
00753L,中信中國50正2,437,77,360,中國信託,2024-11-15,6160
2382,廣達,378,111,267,中國信託,2024-11-15,6160
2646,星宇航空,291,30,261,中國信託,2024-11-15,6160
00900,富邦特選高股息30,238,0,238,中國信託,2024-11-15,6160
4904,遠傳,307,82,225,中國信託,2024-11-15,6160
00937B,群益ESG投等債20,358,139,219,中國信託,2024-11-15,6160
2324,仁寶,345,173,172,中國信託,2024-11-15,6160
2317,鴻海,375,209,166,中國信託,2024-11-15,6160
2204,中華,156,2,154,中國信託,2024-11-15,6160
3706,神達,907,758,149,中國信託,2024-11-15,6160
00910,第一金太空衛星,190,53,137,中國信託,2024-11-15,6160
2412,中華電,139,8,131,中國信託,2024-11-15,6160
2455,全新,138,12,126,中國信託,2024-11-15,6160
8215,明基材,125,3,122,中國信託,2024-11-15,6160
00637L,元大滬深300正2,286,171,115,中國信託,2024-11-15,6160
3209,全科,115,0,115,中國信託,2024-11-15,6160
3028,增你強,113,0,113,中國信託,2024-11-15,6160
2888,新光金,133,28,105,中國信託,2024-11-15,6160
8213,志超,105,0,105,中國信託,2024-11-15,6160
2395,研華,103,0,103,中國信託,2024-11-15,6160
2352,佳世達,107,5,102,中國信託,2024-11-15,6160
3033,威健,107,6,101,中國信託,2024-11-15,6160
00917,中信特選金融,104,3,101,中國信託,2024-11-15,6160
00955,中信日本商社,168,70,98,中國信託,2024-11-15,6160
00907,永豐優息存股,96,0,96,中國信託,2024-11-15,6160
6546,正基,97,4,93,中國信託,2024-11-15,6160
8150,南茂,93,0,93,中國信託,2024-11-15,6160
00888,永豐台灣ESG,104,13,91,中國信託,2024-11-15,6160
2387,精元,93,4,89,中國信託,2024-11-15,6160
4414,如興,90,3,87,中國信託,2024-11-15,6160
2405,輔信,102,17,85,中國信託,2024-11-15,6160
3090,日電貿,245,160,85,中國信託,2024-11-15,6160
00857B,永豐20年美公債,80,0,80,中國信託,2024-11-15,6160
2723,美食-KY,81,1,80,中國信託,2024-11-15,6160
00680L,元大美債20正2,144,64,80,中國信託,2024-11-15,6160
5471,松翰,77,0,77,中國信託,2024-11-15,6160
6147,頎邦,73,0,73,中國信託,2024-11-15,6160
3702,大聯大,129,56,73,中國信託,2024-11-15,6160
00636,國泰中國A50,70,0,70,中國信託,2024-11-15,6160
6202,盛群,67,0,67,中國信託,2024-11-15,6160
00944,野村趨勢動能高息,71,5,66,中國信託,2024-11-15,6160
2441,超豐,65,0,65,中國信託,2024-11-15,6160
00902,中信電池及儲能,76,12,64,中國信託,2024-11-15,6160
00740B,富邦全球投等債,62,0,62,中國信託,2024-11-15,6160
00940,元大台灣價值高息,3580,127,3453,中國信託,2024-11-18,6160
00957B,兆豐US優選投等債,5650,3211,2439,中國信託,2024-11-18,6160
00936,台新永續高息中小,1695,31,1664,中國信託,2024-11-18,6160
00931B,統一美債20年,1442,0,1442,中國信託,2024-11-18,6160
00907,永豐優息存股,1159,24,1135,中國信託,2024-11-18,6160
00939,統一台灣高息動能,1660,759,901,中國信託,2024-11-18,6160
2891,中信金,808,21,787,中國信託,2024-11-18,6160
2102,泰豐,376,2,374,中國信託,2024-11-18,6160
00942B,台新美A公司債20+,491,123,368,中國信託,2024-11-18,6160
1210,大成,262,11,251,中國信託,2024-11-18,6160
0056,元大高股息,304,54,250,中國信託,2024-11-18,6160
00933B,國泰10Y+金融債,258,37,221,中國信託,2024-11-18,6160
2601,益航,200,0,200,中國信託,2024-11-18,6160
4904,遠傳,316,131,185,中國信託,2024-11-18,6160
2303,聯電,402,223,179,中國信託,2024-11-18,6160
00720B,元大投資級公司債,179,6,173,中國信託,2024-11-18,6160
1101,台泥,354,181,173,中國信託,2024-11-18,6160
3706,神達,967,799,168,中國信託,2024-11-18,6160
00955,中信日本商社,258,112,146,中國信託,2024-11-18,6160
2002,中鋼,202,59,143,中國信託,2024-11-18,6160
3711,日月光投控,220,92,128,中國信託,2024-11-18,6160
00752,中信中國50,147,20,127,中國信託,2024-11-18,6160
2610,華航,213,89,124,中國信託,2024-11-18,6160
2520,冠德,117,8,109,中國信託,2024-11-18,6160
1513,中興電,113,10,103,中國信託,2024-11-18,6160
00679B,元大美債20年,160,61,99,中國信託,2024-11-18,6160
6220,岳豐,85,1,84,中國信託,2024-11-18,6160
4414,如興,82,1,81,中國信託,2024-11-18,6160
3062,建漢,102,24,78,中國信託,2024-11-18,6160
9914,美利達,75,0,75,中國信託,2024-11-18,6160
5534,長虹,72,0,72,中國信託,2024-11-18,6160
9906,欣巴巴,73,3,70,中國信託,2024-11-18,6160
8112,至上,71,5,66,中國信託,2024-11-18,6160
00915,凱基優選高股息30,65,1,64,中國信託,2024-11-18,6160
6546,正基,78,14,64,中國信託,2024-11-18,6160
2312,金寶,739,677,62,中國信託,2024-11-18,6160
00963,中信全球高股息,206,145,61,中國信託,2024-11-18,6160
8044,網家,212,152,60,中國信託,2024-11-18,6160
00882,中信中國高股息,115,57,58,中國信託,2024-11-18,6160
00902,中信電池及儲能,57,0,57,中國信託,2024-11-18,6160
8404,百和興業-KY,52,5,47,中國信託,2024-11-18,6160
3045,台灣大,126,84,42,中國信託,2024-11-18,6160
2809,京城銀,76,35,41,中國信託,2024-11-18,6160
2356,英業達,164,124,40,中國信託,2024-11-18,6160
2646,星宇航空,50,11,39,中國信託,2024-11-18,6160
2103,台橡,42,3,39,中國信託,2024-11-18,6160
9933,中鼎,51,12,39,中國信託,2024-11-18,6160
3211,順達,46,8,38,中國信託,2024-11-18,6160
3081,聯亞,62,26,36,中國信託,2024-11-18,6160
6246,臺龍,59,26,33,中國信託,2024-11-18,6160
00940,元大台灣價值高息,3744,84,3660,中國信託,2024-11-19,6160
00939,統一台灣高息動能,2887,543,2344,中國信託,2024-11-19,6160
00936,台新永續高息中小,2002,61,1941,中國信託,2024-11-19,6160
00957B,兆豐US優選投等債,4377,3315,1062,中國信託,2024-11-19,6160
2891,中信金,1055,18,1037,中國信託,2024-11-19,6160
00931B,統一美債20年,1028,8,1020,中國信託,2024-11-19,6160
00907,永豐優息存股,1081,63,1018,中國信託,2024-11-19,6160
00929,復華台灣科技優息,1804,861,943,中國信託,2024-11-19,6160
00715L,期街口布蘭特正2,885,170,715,中國信託,2024-11-19,6160
00942B,台新美A公司債20+,648,0,648,中國信託,2024-11-19,6160
00857B,永豐20年美公債,618,0,618,中國信託,2024-11-19,6160
2834,臺企銀,621,38,583,中國信託,2024-11-19,6160
2884,玉山金,615,108,507,中國信託,2024-11-19,6160
00922,國泰台灣領袖50,501,0,501,中國信託,2024-11-19,6160
2610,華航,648,186,462,中國信託,2024-11-19,6160
00927,群益半導體收益,438,1,437,中國信託,2024-11-19,6160
2002,中鋼,397,13,384,中國信託,2024-11-19,6160
00701,國泰股利精選30,323,0,323,中國信託,2024-11-19,6160
2886,兆豐金,437,115,322,中國信託,2024-11-19,6160
1722,台肥,317,0,317,中國信託,2024-11-19,6160
00892,富邦台灣半導體,307,8,299,中國信託,2024-11-19,6160
00720B,元大投資級公司債,269,1,268,中國信託,2024-11-19,6160
3033,威健,238,0,238,中國信託,2024-11-19,6160
00904,新光臺灣半導體30,267,37,230,中國信託,2024-11-19,6160
1504,東元,230,10,220,中國信託,2024-11-19,6160
00772B,中信高評級公司債,232,22,210,中國信託,2024-11-19,6160
2474,可成,230,25,205,中國信託,2024-11-19,6160
00664R,國泰臺灣加權反1,200,0,200,中國信託,2024-11-19,6160
00946,群益科技高息成長,230,41,189,中國信託,2024-11-19,6160
2303,聯電,352,165,187,中國信託,2024-11-19,6160
4414,如興,184,0,184,中國信託,2024-11-19,6160
3105,穩懋,186,4,182,中國信託,2024-11-19,6160
1102,亞泥,192,28,164,中國信託,2024-11-19,6160
2881,富邦金,258,95,163,中國信託,2024-11-19,6160
2903,遠百,160,0,160,中國信託,2024-11-19,6160
3231,緯創,206,51,155,中國信託,2024-11-19,6160
00900,富邦特選高股息30,174,20,154,中國信託,2024-11-19,6160
0056,元大高股息,173,23,150,中國信託,2024-11-19,6160
2382,廣達,232,84,148,中國信託,2024-11-19,6160
2317,鴻海,346,200,146,中國信託,2024-11-19,6160
2352,佳世達,160,16,144,中國信託,2024-11-19,6160
2412,中華電,148,5,143,中國信託,2024-11-19,6160
9935,慶豐富,140,0,140,中國信託,2024-11-19,6160
2312,金寶,3449,3325,124,中國信託,2024-11-19,6160
2102,泰豐,124,0,124,中國信託,2024-11-19,6160
00955,中信日本商社,156,46,110,中國信託,2024-11-19,6160
00915,凱基優選高股息30,117,10,107,中國信託,2024-11-19,6160
1303,南亞,117,12,105,中國信託,2024-11-19,6160
3711,日月光投控,143,41,102,中國信託,2024-11-19,6160
1326,台化,118,21,97,中國信託,2024-11-19,6160
00957B,兆豐US優選投等債,4698,3197,1501,中國信託,2024-11-20,6160
00929,復華台灣科技優息,1734,339,1395,中國信託,2024-11-20,6160
2357,華碩,1211,12,1199,中國信託,2024-11-20,6160
00940,元大台灣價值高息,1154,207,947,中國信託,2024-11-20,6160
00942B,台新美A公司債20+,1009,97,912,中國信託,2024-11-20,6160
00931B,統一美債20年,1007,283,724,中國信託,2024-11-20,6160
00936,台新永續高息中小,702,28,674,中國信託,2024-11-20,6160
00919,群益台灣精選高息,1621,1013,608,中國信託,2024-11-20,6160
3706,神達,1894,1300,594,中國信託,2024-11-20,6160
00946,群益科技高息成長,572,53,519,中國信託,2024-11-20,6160
1102,亞泥,536,35,501,中國信託,2024-11-20,6160
00720B,元大投資級公司債,488,0,488,中國信託,2024-11-20,6160
00857B,永豐20年美公債,423,0,423,中國信託,2024-11-20,6160
00772B,中信高評級公司債,433,15,418,中國信託,2024-11-20,6160
00900,富邦特選高股息30,383,15,368,中國信託,2024-11-20,6160
00939,統一台灣高息動能,408,49,359,中國信託,2024-11-20,6160
1722,台肥,315,0,315,中國信託,2024-11-20,6160
00907,永豐優息存股,319,5,314,中國信託,2024-11-20,6160
00947,台新臺灣IC設計,355,70,285,中國信託,2024-11-20,6160
2330,台積電,539,259,280,中國信託,2024-11-20,6160
00918,大華優利高填息30,327,53,274,中國信託,2024-11-20,6160
4414,如興,273,0,273,中國信託,2024-11-20,6160
00892,富邦台灣半導體,237,0,237,中國信託,2024-11-20,6160
0056,元大高股息,234,31,203,中國信託,2024-11-20,6160
00934,中信成長高股息,611,409,202,中國信託,2024-11-20,6160
3105,穩懋,181,0,181,中國信託,2024-11-20,6160
00960,野村全球航運龍頭,168,7,161,中國信託,2024-11-20,6160
00943,兆豐電子高息等權,145,10,135,中國信託,2024-11-20,6160
2887,台新金,175,41,134,中國信託,2024-11-20,6160
2102,泰豐,132,0,132,中國信託,2024-11-20,6160
00888,永豐台灣ESG,131,0,131,中國信託,2024-11-20,6160
00948B,中信優息投資級債,634,505,129,中國信託,2024-11-20,6160
2354,鴻準,581,459,122,中國信託,2024-11-20,6160
00955,中信日本商社,120,5,115,中國信託,2024-11-20,6160
00881,國泰台灣5G+,126,12,114,中國信託,2024-11-20,6160
2347,聯強,155,50,105,中國信託,2024-11-20,6160
2474,可成,129,26,103,中國信託,2024-11-20,6160
00753L,中信中國50正2,110,7,103,中國信託,2024-11-20,6160
00730,富邦臺灣優質高息,102,0,102,中國信託,2024-11-20,6160
2601,益航,101,0,101,中國信託,2024-11-20,6160
00650L,復華香港正2,100,0,100,中國信託,2024-11-20,6160
2867,三商壽,165,66,99,中國信託,2024-11-20,6160
5371,中光電,105,6,99,中國信託,2024-11-20,6160
2882,國泰金,121,24,97,中國信託,2024-11-20,6160
3231,緯創,144,55,89,中國信託,2024-11-20,6160
00909,國泰數位支付服務,100,12,88,中國信託,2024-11-20,6160
2332,友訊,131,45,86,中國信託,2024-11-20,6160
2897,王道銀行,81,2,79,中國信託,2024-11-20,6160
2609,陽明,2429,2354,75,中國信託,2024-11-20,6160
3037,欣興,75,4,71,中國信託,2024-11-20,6160
00929,復華台灣科技優息,4034,519,3515,中國信託,2024-11-21,6160
00936,台新永續高息中小,2035,41,1994,中國信託,2024-11-21,6160
00939,統一台灣高息動能,1730,26,1704,中國信託,2024-11-21,6160
00918,大華優利高填息30,1211,4,1207,中國信託,2024-11-21,6160
4414,如興,1029,10,1019,中國信託,2024-11-21,6160
00940,元大台灣價值高息,1068,67,1001,中國信託,2024-11-21,6160
00720B,元大投資級公司債,1021,39,982,中國信託,2024-11-21,6160
2890,永豐金,796,41,755,中國信託,2024-11-21,6160
00632R,元大台灣50反1,998,375,623,中國信託,2024-11-21,6160
00944,野村趨勢動能高息,664,65,599,中國信託,2024-11-21,6160
2474,可成,547,20,527,中國信託,2024-11-21,6160
00922,國泰台灣領袖50,468,2,466,中國信託,2024-11-21,6160
00937B,群益ESG投等債20,941,481,460,中國信託,2024-11-21,6160
00948B,中信優息投資級債,921,482,439,中國信託,2024-11-21,6160
9105,泰金寶-DR,998,577,421,中國信託,2024-11-21,6160
00795B,中信美國公債20年,478,60,418,中國信託,2024-11-21,6160
4938,和碩,401,2,399,中國信託,2024-11-21,6160
00753L,中信中國50正2,411,42,369,中國信託,2024-11-21,6160
0050,元大台灣50,408,60,348,中國信託,2024-11-21,6160
3548,兆利,368,23,345,中國信託,2024-11-21,6160
00942B,台新美A公司債20+,565,240,325,中國信託,2024-11-21,6160
2455,全新,314,20,294,中國信託,2024-11-21,6160
2102,泰豐,260,0,260,中國信託,2024-11-21,6160
3711,日月光投控,278,29,249,中國信託,2024-11-21,6160
00934,中信成長高股息,249,3,246,中國信託,2024-11-21,6160
00857B,永豐20年美公債,186,4,182,中國信託,2024-11-21,6160
3105,穩懋,190,11,179,中國信託,2024-11-21,6160
00730,富邦臺灣優質高息,171,0,171,中國信託,2024-11-21,6160
2308,台達電,186,25,161,中國信託,2024-11-21,6160
2883,凱基金,150,3,147,中國信託,2024-11-21,6160
2891,中信金,297,158,139,中國信託,2024-11-21,6160
00955,中信日本商社,240,115,125,中國信託,2024-11-21,6160
2882,國泰金,126,2,124,中國信託,2024-11-21,6160
2204,中華,248,126,122,中國信託,2024-11-21,6160
2886,兆豐金,134,12,122,中國信託,2024-11-21,6160
2867,三商壽,121,1,120,中國信託,2024-11-21,6160
0056,元大高股息,141,21,120,中國信託,2024-11-21,6160
00665L,富邦�琤肭磪囓�2,125,8,117,中國信託,2024-11-21,6160
00772B,中信高評級公司債,139,31,108,中國信託,2024-11-21,6160
00963,中信全球高股息,206,101,105,中國信託,2024-11-21,6160
8404,百和興業-KY,124,22,102,中國信託,2024-11-21,6160
00751B,元大AAA至A公司債,154,52,102,中國信託,2024-11-21,6160
2892,第一金,108,6,102,中國信託,2024-11-21,6160
3042,晶技,100,0,100,中國信託,2024-11-21,6160
00907,永豐優息存股,99,0,99,中國信託,2024-11-21,6160
2881,富邦金,114,20,94,中國信託,2024-11-21,6160
6438,迅得,104,20,84,中國信託,2024-11-21,6160
2885,元大金,129,50,79,中國信託,2024-11-21,6160
2330,台積電,379,302,77,中國信託,2024-11-21,6160
2603,長榮,154,78,76,中國信託,2024-11-21,6160
00929,復華台灣科技優息,6002,400,5602,中國信託,2024-11-22,6160
00881,國泰台灣5G+,2589,499,2090,中國信託,2024-11-22,6160
00948B,中信優息投資級債,1989,0,1989,中國信託,2024-11-22,6160
00942B,台新美A公司債20+,1841,60,1781,中國信託,2024-11-22,6160
00646,元大S＆P500,1507,0,1507,中國信託,2024-11-22,6160
00939,統一台灣高息動能,1185,61,1124,中國信託,2024-11-22,6160
00940,元大台灣價值高息,1232,141,1091,中國信託,2024-11-22,6160
00715L,期街口布蘭特正2,973,62,911,中國信託,2024-11-22,6160
00931B,統一美債20年,539,1,538,中國信託,2024-11-22,6160
00936,台新永續高息中小,579,68,511,中國信託,2024-11-22,6160
1102,亞泥,500,0,500,中國信託,2024-11-22,6160
00927,群益半導體收益,381,3,378,中國信託,2024-11-22,6160
00964,中信亞太高股息,347,0,347,中國信託,2024-11-22,6160
00947,台新臺灣IC設計,324,2,322,中國信託,2024-11-22,6160
00888,永豐台灣ESG,317,15,302,中國信託,2024-11-22,6160
3706,神達,1331,1056,275,中國信託,2024-11-22,6160
6558,興能高,306,33,273,中國信託,2024-11-22,6160
2014,中鴻,250,3,247,中國信託,2024-11-22,6160
00955,中信日本商社,567,332,235,中國信託,2024-11-22,6160
2603,長榮,255,24,231,中國信託,2024-11-22,6160
00857B,永豐20年美公債,217,2,215,中國信託,2024-11-22,6160
2891,中信金,320,126,194,中國信託,2024-11-22,6160
00720B,元大投資級公司債,290,102,188,中國信託,2024-11-22,6160
00892,富邦台灣半導體,172,2,170,中國信託,2024-11-22,6160
1314,中石化,265,97,168,中國信託,2024-11-22,6160
2317,鴻海,275,112,163,中國信託,2024-11-22,6160
2409,友達,211,64,147,中國信託,2024-11-22,6160
0050,元大台灣50,361,215,146,中國信託,2024-11-22,6160
00963,中信全球高股息,160,23,137,中國信託,2024-11-22,6160
2412,中華電,125,0,125,中國信託,2024-11-22,6160
2204,中華,213,90,123,中國信託,2024-11-22,6160
3029,零壹,121,1,120,中國信託,2024-11-22,6160
00632R,元大台灣50反1,130,16,114,中國信託,2024-11-22,6160
00764B,群益25年美債,120,6,114,中國信託,2024-11-22,6160
2881,富邦金,119,7,112,中國信託,2024-11-22,6160
00919,群益台灣精選高息,160,49,111,中國信託,2024-11-22,6160
2332,友訊,189,83,106,中國信託,2024-11-22,6160
6770,力積電,106,2,104,中國信託,2024-11-22,6160
00944,野村趨勢動能高息,415,312,103,中國信託,2024-11-22,6160
2059,川湖,103,1,102,中國信託,2024-11-22,6160
2324,仁寶,130,32,98,中國信託,2024-11-22,6160
00665L,富邦�琤肭磪囓�2,451,356,95,中國信託,2024-11-22,6160
2882,國泰金,96,6,90,中國信託,2024-11-22,6160
1815,富喬,515,428,87,中國信託,2024-11-22,6160
2732,六角,82,0,82,中國信託,2024-11-22,6160
2606,裕民,83,3,80,中國信託,2024-11-22,6160
2382,廣達,101,23,78,中國信託,2024-11-22,6160
2349,錸德,214,139,75,中國信託,2024-11-22,6160
00917,中信特選金融,202,128,74,中國信託,2024-11-22,6160
00959B,大華投等美債15Y+,78,4,74,中國信託,2024-11-22,6160
00929,復華台灣科技優息,4568,360,4208,中國信託,2024-11-25,6160
00942B,台新美A公司債20+,2504,123,2381,中國信託,2024-11-25,6160
00937B,群益ESG投等債20,1504,124,1380,中國信託,2024-11-25,6160
1504,東元,1006,3,1003,中國信託,2024-11-25,6160
00936,台新永續高息中小,951,8,943,中國信託,2024-11-25,6160
00715L,期街口布蘭特正2,777,36,741,中國信託,2024-11-25,6160
00939,統一台灣高息動能,639,2,637,中國信託,2024-11-25,6160
2382,廣達,609,24,585,中國信託,2024-11-25,6160
1314,中石化,564,19,545,中國信託,2024-11-25,6160
3029,零壹,423,24,399,中國信託,2024-11-25,6160
00733,富邦臺灣中小,364,4,360,中國信託,2024-11-25,6160
00932,兆豐永續高息等權,489,166,323,中國信託,2024-11-25,6160
00931B,統一美債20年,397,79,318,中國信託,2024-11-25,6160
2474,可成,425,120,305,中國信託,2024-11-25,6160
00940,元大台灣價值高息,405,111,294,中國信託,2024-11-25,6160
5309,系統電,320,38,282,中國信託,2024-11-25,6160
00881,國泰台灣5G+,883,608,275,中國信託,2024-11-25,6160
00892,富邦台灣半導體,275,0,275,中國信託,2024-11-25,6160
00751B,元大AAA至A公司債,322,80,242,中國信託,2024-11-25,6160
00948B,中信優息投資級債,1216,989,227,中國信託,2024-11-25,6160
00955,中信日本商社,228,7,221,中國信託,2024-11-25,6160
1432,大魯閣,239,18,221,中國信託,2024-11-25,6160
00795B,中信美國公債20年,574,369,205,中國信託,2024-11-25,6160
00964,中信亞太高股息,267,71,196,中國信託,2024-11-25,6160
8404,百和興業-KY,195,3,192,中國信託,2024-11-25,6160
00720B,元大投資級公司債,223,34,189,中國信託,2024-11-25,6160
00944,野村趨勢動能高息,238,52,186,中國信託,2024-11-25,6160
2897,王道銀行,159,2,157,中國信託,2024-11-25,6160
5234,達興材料,151,0,151,中國信託,2024-11-25,6160
2603,長榮,268,123,145,中國信託,2024-11-25,6160
8011,台通,150,8,142,中國信託,2024-11-25,6160
00772B,中信高評級公司債,281,145,136,中國信託,2024-11-25,6160
5243,乙盛-KY,157,28,129,中國信託,2024-11-25,6160
3617,碩天,123,4,119,中國信託,2024-11-25,6160
00864B,中信美國公債0-1,232,116,116,中國信託,2024-11-25,6160
3702,大聯大,134,19,115,中國信託,2024-11-25,6160
2312,金寶,1371,1258,113,中國信託,2024-11-25,6160
2449,京元電子,202,97,105,中國信託,2024-11-25,6160
2610,華航,242,138,104,中國信託,2024-11-25,6160
00950B,凱基A級公司債,100,0,100,中國信託,2024-11-25,6160
2883B,凱基金乙特,99,0,99,中國信託,2024-11-25,6160
2371,大同,692,594,98,中國信託,2024-11-25,6160
3711,日月光投控,124,28,96,中國信託,2024-11-25,6160
3363,上詮,112,24,88,中國信託,2024-11-25,6160
3231,緯創,412,325,87,中國信託,2024-11-25,6160
1101,台泥,184,97,87,中國信託,2024-11-25,6160
00857B,永豐20年美公債,88,3,85,中國信託,2024-11-25,6160
3227,原相,86,1,85,中國信託,2024-11-25,6160
6156,松上,99,15,84,中國信託,2024-11-25,6160
4977,眾達-KY,128,45,83,中國信託,2024-11-25,6160
00937B,群益ESG投等債20,2021,144,1877,中國信託,2024-11-26,6160
00931B,統一美債20年,1635,14,1621,中國信託,2024-11-26,6160
00940,元大台灣價值高息,1377,77,1300,中國信託,2024-11-26,6160
00965,元大航太防衛科技,932,22,910,中國信託,2024-11-26,6160
2317,鴻海,973,143,830,中國信託,2024-11-26,6160
6505,台塑化,700,19,681,中國信託,2024-11-26,6160
00942B,台新美A公司債20+,561,0,561,中國信託,2024-11-26,6160
00795B,中信美國公債20年,1061,593,468,中國信託,2024-11-26,6160
00957B,兆豐US優選投等債,1680,1320,360,中國信託,2024-11-26,6160
00720B,元大投資級公司債,421,70,351,中國信託,2024-11-26,6160
2027,大成鋼,399,50,349,中國信託,2024-11-26,6160
2474,可成,356,54,302,中國信託,2024-11-26,6160
2062,橋椿,300,2,298,中國信託,2024-11-26,6160
4414,如興,280,52,228,中國信託,2024-11-26,6160
0056,元大高股息,204,44,160,中國信託,2024-11-26,6160
00669R,國泰美國道瓊反1,150,0,150,中國信託,2024-11-26,6160
00896,中信綠能及電動車,160,15,145,中國信託,2024-11-26,6160
0050,元大台灣50,331,196,135,中國信託,2024-11-26,6160
00912,中信臺灣智慧50,179,51,128,中國信託,2024-11-26,6160
3323,加百裕,487,360,127,中國信託,2024-11-26,6160
00955,中信日本商社,568,442,126,中國信託,2024-11-26,6160
00917,中信特選金融,234,113,121,中國信託,2024-11-26,6160
00964,中信亞太高股息,106,2,104,中國信託,2024-11-26,6160
00907,永豐優息存股,97,0,97,中國信託,2024-11-26,6160
2344,華邦電,116,19,97,中國信託,2024-11-26,6160
2603,長榮,124,38,86,中國信託,2024-11-26,6160
3711,日月光投控,87,2,85,中國信託,2024-11-26,6160
2412,中華電,93,8,85,中國信託,2024-11-26,6160
5371,中光電,103,19,84,中國信託,2024-11-26,6160
3706,神達,460,383,77,中國信託,2024-11-26,6160
2891,中信金,207,132,75,中國信託,2024-11-26,6160
5309,系統電,389,316,73,中國信託,2024-11-26,6160
00933B,國泰10Y+金融債,85,16,69,中國信託,2024-11-26,6160
2002,中鋼,69,2,67,中國信託,2024-11-26,6160
00772B,中信高評級公司債,118,52,66,中國信託,2024-11-26,6160
2852,第一保,63,0,63,中國信託,2024-11-26,6160
00857B,永豐20年美公債,363,301,62,中國信託,2024-11-26,6160
2102,泰豐,60,0,60,中國信託,2024-11-26,6160
2104,國際中橡,60,0,60,中國信託,2024-11-26,6160
00946,群益科技高息成長,333,276,57,中國信託,2024-11-26,6160
2426,鼎元,123,67,56,中國信託,2024-11-26,6160
00951,台新日本半導體,60,4,56,中國信託,2024-11-26,6160
6558,興能高,232,177,55,中國信託,2024-11-26,6160
00863B,中信全球電信債,156,101,55,中國信託,2024-11-26,6160
6104,創惟,92,39,53,中國信託,2024-11-26,6160
00888,永豐台灣ESG,56,5,51,中國信託,2024-11-26,6160
4977,眾達-KY,71,20,51,中國信託,2024-11-26,6160
2748,雲品,52,4,48,中國信託,2024-11-26,6160
9933,中鼎,47,0,47,中國信託,2024-11-26,6160
1809,中釉,64,22,42,中國信託,2024-11-26,6160
00937B,群益ESG投等債20,3758,325,3433,中國信託,2024-11-27,6160
2888,新光金,2140,133,2007,中國信託,2024-11-27,6160
00795B,中信美國公債20年,1675,494,1181,中國信託,2024-11-27,6160
00965,元大航太防衛科技,1045,3,1042,中國信託,2024-11-27,6160
2027,大成鋼,1030,9,1021,中國信託,2024-11-27,6160
0050,元大台灣50,1016,165,851,中國信託,2024-11-27,6160
00931B,統一美債20年,777,47,730,中國信託,2024-11-27,6160
0056,元大高股息,746,19,727,中國信託,2024-11-27,6160
00936,台新永續高息中小,575,66,509,中國信託,2024-11-27,6160
00857B,永豐20年美公債,510,5,505,中國信託,2024-11-27,6160
2303,聯電,661,171,490,中國信託,2024-11-27,6160
2474,可成,1314,891,423,中國信託,2024-11-27,6160
3706,神達,2308,1916,392,中國信託,2024-11-27,6160
3037,欣興,439,54,385,中國信託,2024-11-27,6160
6269,台郡,379,1,378,中國信託,2024-11-27,6160
2885,元大金,367,5,362,中國信託,2024-11-27,6160
00958B,永豐ESG銀行債15,316,0,316,中國信託,2024-11-27,6160
2382,廣達,324,23,301,中國信託,2024-11-27,6160
2317,鴻海,513,222,291,中國信託,2024-11-27,6160
3231,緯創,579,291,288,中國信託,2024-11-27,6160
00939,統一台灣高息動能,332,65,267,中國信託,2024-11-27,6160
00957B,兆豐US優選投等債,1582,1320,262,中國信託,2024-11-27,6160
2884,玉山金,234,6,228,中國信託,2024-11-27,6160
00942B,台新美A公司債20+,340,130,210,中國信託,2024-11-27,6160
2603,長榮,293,89,204,中國信託,2024-11-27,6160
2601,益航,203,0,203,中國信託,2024-11-27,6160
2886,兆豐金,171,21,150,中國信託,2024-11-27,6160
6285,啟��,155,7,148,中國信託,2024-11-27,6160
2890,永豐金,170,24,146,中國信託,2024-11-27,6160
2102,泰豐,144,0,144,中國信託,2024-11-27,6160
2412,中華電,150,7,143,中國信託,2024-11-27,6160
00676R,富邦臺灣加權反1,150,10,140,中國信託,2024-11-27,6160
00955,中信日本商社,258,140,118,中國信託,2024-11-27,6160
2324,仁寶,245,131,114,中國信託,2024-11-27,6160
00963,中信全球高股息,161,52,109,中國信託,2024-11-27,6160
2892,第一金,123,15,108,中國信託,2024-11-27,6160
2392,正崴,284,178,106,中國信託,2024-11-27,6160
00941,中信上游半導體,146,42,104,中國信託,2024-11-27,6160
00964,中信亞太高股息,106,4,102,中國信託,2024-11-27,6160
00665L,富邦�琤肭磪囓�2,100,0,100,中國信託,2024-11-27,6160
2883,凱基金,102,3,99,中國信託,2024-11-27,6160
2312,金寶,699,602,97,中國信託,2024-11-27,6160
00923,群益台ESG低碳50,224,127,97,中國信託,2024-11-27,6160
00915,凱基優選高股息30,98,2,96,中國信託,2024-11-27,6160
2356,英業達,162,81,81,中國信託,2024-11-27,6160
2882,國泰金,86,6,80,中國信託,2024-11-27,6160
5483,中美晶,99,21,78,中國信託,2024-11-27,6160
1402,遠東新,143,65,78,中國信託,2024-11-27,6160
2881,富邦金,114,43,71,中國信託,2024-11-27,6160
2002,中鋼,76,8,68,中國信託,2024-11-27,6160
00937B,群益ESG投等債20,3426,151,3275,中國信託,2024-11-28,6160
00922,國泰台灣領袖50,1835,231,1604,中國信託,2024-11-28,6160
00939,統一台灣高息動能,1609,289,1320,中國信託,2024-11-28,6160
2324,仁寶,1633,317,1316,中國信託,2024-11-28,6160
9904,寶成,960,43,917,中國信託,2024-11-28,6160
00900,富邦特選高股息30,1272,465,807,中國信託,2024-11-28,6160
00931B,統一美債20年,752,21,731,中國信託,2024-11-28,6160
00940,元大台灣價值高息,1135,408,727,中國信託,2024-11-28,6160
2102,泰豐,617,0,617,中國信託,2024-11-28,6160
00916,國泰全球品牌50,601,0,601,中國信託,2024-11-28,6160
00947,台新臺灣IC設計,797,265,532,中國信託,2024-11-28,6160
00706L,期元大S＆P日圓正2,519,5,514,中國信託,2024-11-28,6160
00923,群益台ESG低碳50,764,254,510,中國信託,2024-11-28,6160
1102,亞泥,552,49,503,中國信託,2024-11-28,6160
00936,台新永續高息中小,1528,1035,493,中國信託,2024-11-28,6160
00881,國泰台灣5G+,1299,842,457,中國信託,2024-11-28,6160
0056,元大高股息,495,85,410,中國信託,2024-11-28,6160
00892,富邦台灣半導體,537,148,389,中國信託,2024-11-28,6160
5483,中美晶,378,31,347,中國信託,2024-11-28,6160
2886,兆豐金,616,270,346,中國信託,2024-11-28,6160
00958B,永豐ESG銀行債15,330,0,330,中國信託,2024-11-28,6160
00753L,中信中國50正2,377,88,289,中國信託,2024-11-28,6160
0050,元大台灣50,661,378,283,中國信託,2024-11-28,6160
00646,元大S＆P500,245,1,244,中國信託,2024-11-28,6160
2601,益航,223,0,223,中國信託,2024-11-28,6160
00944,野村趨勢動能高息,470,248,222,中國信託,2024-11-28,6160
00965,元大航太防衛科技,322,107,215,中國信託,2024-11-28,6160
00896,中信綠能及電動車,233,30,203,中國信託,2024-11-28,6160
2887,台新金,261,61,200,中國信託,2024-11-28,6160
00904,新光臺灣半導體30,195,4,191,中國信託,2024-11-28,6160
00692,富邦公司治理,434,255,179,中國信託,2024-11-28,6160
8028,昇陽半導體,195,33,162,中國信託,2024-11-28,6160
00964,中信亞太高股息,163,1,162,中國信託,2024-11-28,6160
9105,泰金寶-DR,434,276,158,中國信託,2024-11-28,6160
3042,晶技,146,0,146,中國信託,2024-11-28,6160
2313,華通,154,8,146,中國信託,2024-11-28,6160
00701,國泰股利精選30,367,224,143,中國信託,2024-11-28,6160
8215,明基材,132,3,129,中國信託,2024-11-28,6160
00632R,元大台灣50反1,284,160,124,中國信託,2024-11-28,6160
3209,全科,123,0,123,中國信託,2024-11-28,6160
3028,增你強,120,0,120,中國信託,2024-11-28,6160
2352,佳世達,117,2,115,中國信託,2024-11-28,6160
3033,威健,115,1,114,中國信託,2024-11-28,6160
00917,中信特選金融,133,20,113,中國信託,2024-11-28,6160
8213,志超,113,0,113,中國信託,2024-11-28,6160
2542,興富發,131,21,110,中國信託,2024-11-28,6160
4510,高鋒,722,612,110,中國信託,2024-11-28,6160
2332,友訊,290,181,109,中國信託,2024-11-28,6160
00915,凱基優選高股息30,103,0,103,中國信託,2024-11-28,6160
00888,永豐台灣ESG,103,1,102,中國信託,2024-11-28,6160
00937B,群益ESG投等債20,5568,251,5317,中國信託,2024-11-29,6160
00922,國泰台灣領袖50,2182,178,2004,中國信託,2024-11-29,6160
00881,國泰台灣5G+,1697,512,1185,中國信託,2024-11-29,6160
1301,台塑,944,22,922,中國信託,2024-11-29,6160
00927,群益半導體收益,1034,200,834,中國信託,2024-11-29,6160
1326,台化,819,0,819,中國信託,2024-11-29,6160
00892,富邦台灣半導體,1043,259,784,中國信託,2024-11-29,6160
00632R,元大台灣50反1,1156,458,698,中國信託,2024-11-29,6160
2102,泰豐,549,0,549,中國信託,2024-11-29,6160
00923,群益台ESG低碳50,636,112,524,中國信託,2024-11-29,6160
00936,台新永續高息中小,951,434,517,中國信託,2024-11-29,6160
1402,遠東新,514,5,509,中國信託,2024-11-29,6160
00940,元大台灣價值高息,864,388,476,中國信託,2024-11-29,6160
00947,台新臺灣IC設計,448,27,421,中國信託,2024-11-29,6160
1303,南亞,362,6,356,中國信託,2024-11-29,6160
00687B,國泰20年美債,436,97,339,中國信託,2024-11-29,6160
00946,群益科技高息成長,1106,779,327,中國信託,2024-11-29,6160
00958B,永豐ESG銀行債15,300,0,300,中國信託,2024-11-29,6160
006208,富邦台50,542,248,294,中國信託,2024-11-29,6160
00857B,永豐20年美公債,297,49,248,中國信託,2024-11-29,6160
00753L,中信中國50正2,573,332,241,中國信託,2024-11-29,6160
00900,富邦特選高股息30,1033,801,232,中國信託,2024-11-29,6160
5309,系統電,375,160,215,中國信託,2024-11-29,6160
9945,潤泰新,205,2,203,中國信託,2024-11-29,6160
2601,益航,201,1,200,中國信託,2024-11-29,6160
0056,元大高股息,256,61,195,中國信託,2024-11-29,6160
1815,富喬,471,286,185,中國信託,2024-11-29,6160
00957B,兆豐US優選投等債,1257,1073,184,中國信託,2024-11-29,6160
2887,台新金,187,4,183,中國信託,2024-11-29,6160
00701,國泰股利精選30,300,133,167,中國信託,2024-11-29,6160
2312,金寶,491,342,149,中國信託,2024-11-29,6160
5880,合庫金,136,0,136,中國信託,2024-11-29,6160
6127,九豪,203,72,131,中國信託,2024-11-29,6160
1605,華新,158,27,131,中國信託,2024-11-29,6160
00715L,期街口布蘭特正2,299,175,124,中國信託,2024-11-29,6160
00904,新光臺灣半導體30,247,125,122,中國信託,2024-11-29,6160
00948B,中信優息投資級債,209,96,113,中國信託,2024-11-29,6160
3374,精材,124,14,110,中國信託,2024-11-29,6160
1319,東陽,111,3,108,中國信託,2024-11-29,6160
2884,玉山金,127,29,98,中國信託,2024-11-29,6160
00752,中信中國50,113,17,96,中國信託,2024-11-29,6160
3706,神達,1380,1286,94,中國信託,2024-11-29,6160
00896,中信綠能及電動車,121,29,92,中國信託,2024-11-29,6160
00650L,復華香港正2,100,12,88,中國信託,2024-11-29,6160
2412,中華電,89,4,85,中國信託,2024-11-29,6160
3231,緯創,156,77,79,中國信託,2024-11-29,6160
00733,富邦臺灣中小,282,208,74,中國信託,2024-11-29,6160
00944,野村趨勢動能高息,554,491,63,中國信託,2024-11-29,6160
00942B,台新美A公司債20+,60,0,60,中國信託,2024-11-29,6160
2748,雲品,52,0,52,中國信託,2024-11-29,6160
2886,兆豐金,3640,24,3616,中國信託,2024-12-02,6160
00937B,群益ESG投等債20,3512,647,2865,中國信託,2024-12-02,6160
00929,復華台灣科技優息,2813,364,2449,中國信託,2024-12-02,6160
00687B,國泰20年美債,2841,440,2401,中國信託,2024-12-02,6160
2801,彰銀,1669,1,1668,中國信託,2024-12-02,6160
00940,元大台灣價值高息,1870,205,1665,中國信託,2024-12-02,6160
1102,亞泥,1244,0,1244,中國信託,2024-12-02,6160
00957B,兆豐US優選投等債,1151,16,1135,中國信託,2024-12-02,6160
00942B,台新美A公司債20+,971,0,971,中國信託,2024-12-02,6160
00936,台新永續高息中小,714,26,688,中國信託,2024-12-02,6160
00923,群益台ESG低碳50,558,5,553,中國信託,2024-12-02,6160
00720B,元大投資級公司債,655,131,524,中國信託,2024-12-02,6160
00919,群益台灣精選高息,1837,1319,518,中國信託,2024-12-02,6160
00662,富邦NASDAQ,505,0,505,中國信託,2024-12-02,6160
00939,統一台灣高息動能,510,19,491,中國信託,2024-12-02,6160
00900,富邦特選高股息30,598,112,486,中國信託,2024-12-02,6160
00946,群益科技高息成長,576,133,443,中國信託,2024-12-02,6160
00922,國泰台灣領袖50,436,14,422,中國信託,2024-12-02,6160
2102,泰豐,409,0,409,中國信託,2024-12-02,6160
00881,國泰台灣5G+,581,175,406,中國信託,2024-12-02,6160
00751B,元大AAA至A公司債,371,21,350,中國信託,2024-12-02,6160
00948B,中信優息投資級債,707,449,258,中國信託,2024-12-02,6160
2883,凱基金,636,396,240,中國信託,2024-12-02,6160
3450,聯鈞,284,71,213,中國信託,2024-12-02,6160
2330,台積電,452,248,204,中國信託,2024-12-02,6160
2601,益航,192,0,192,中國信託,2024-12-02,6160
1605,華新,412,221,191,中國信託,2024-12-02,6160
00927,群益半導體收益,187,3,184,中國信託,2024-12-02,6160
2332,友訊,228,47,181,中國信託,2024-12-02,6160
00947,台新臺灣IC設計,190,19,171,中國信託,2024-12-02,6160
00892,富邦台灣半導體,169,4,165,中國信託,2024-12-02,6160
00959B,大華投等美債15Y+,179,32,147,中國信託,2024-12-02,6160
0050,元大台灣50,187,44,143,中國信託,2024-12-02,6160
2603,長榮,153,11,142,中國信託,2024-12-02,6160
9904,寶成,163,22,141,中國信託,2024-12-02,6160
2317,鴻海,213,79,134,中國信託,2024-12-02,6160
2354,鴻準,246,116,130,中國信託,2024-12-02,6160
5871,中租-KY,122,4,118,中國信託,2024-12-02,6160
3323,加百裕,484,366,118,中國信託,2024-12-02,6160
00958B,永豐ESG銀行債15,113,2,111,中國信託,2024-12-02,6160
00964,中信亞太高股息,319,215,104,中國信託,2024-12-02,6160
4968,立積,132,32,100,中國信託,2024-12-02,6160
00725B,國泰投資級公司債,121,21,100,中國信託,2024-12-02,6160
9939,宏全,101,1,100,中國信託,2024-12-02,6160
6176,瑞儀,87,1,86,中國信託,2024-12-02,6160
2412,中華電,90,10,80,中國信託,2024-12-02,6160
1536,和大,145,65,80,中國信託,2024-12-02,6160
0056,元大高股息,178,100,78,中國信託,2024-12-02,6160
5439,高技,125,49,76,中國信託,2024-12-02,6160
2515,中工,72,1,71,中國信託,2024-12-02,6160
00929,復華台灣科技優息,27124,6933,20191,中國信託,2024-12-03,6160
00940,元大台灣價值高息,5889,389,5500,中國信託,2024-12-03,6160
00934,中信成長高股息,4316,1394,2922,中國信託,2024-12-03,6160
2801,彰銀,1568,4,1564,中國信託,2024-12-03,6160
2610,華航,2602,1160,1442,中國信託,2024-12-03,6160
00936,台新永續高息中小,1479,48,1431,中國信託,2024-12-03,6160
00943,兆豐電子高息等權,1054,136,918,中國信託,2024-12-03,6160
2882,國泰金,805,175,630,中國信託,2024-12-03,6160
00937B,群益ESG投等債20,918,344,574,中國信託,2024-12-03,6160
006208,富邦台50,692,128,564,中國信託,2024-12-03,6160
2618,長榮航,1057,664,393,中國信託,2024-12-03,6160
00942B,台新美A公司債20+,349,5,344,中國信託,2024-12-03,6160
0050,元大台灣50,417,99,318,中國信託,2024-12-03,6160
00764B,群益25年美債,259,1,258,中國信託,2024-12-03,6160
00931B,統一美債20年,272,15,257,中國信託,2024-12-03,6160
00958B,永豐ESG銀行債15,250,0,250,中國信託,2024-12-03,6160
3231,緯創,405,156,249,中國信託,2024-12-03,6160
2382,廣達,266,20,246,中國信託,2024-12-03,6160
00922,國泰台灣領袖50,250,9,241,中國信託,2024-12-03,6160
2885,元大金,337,110,227,中國信託,2024-12-03,6160
00725B,國泰投資級公司債,236,26,210,中國信託,2024-12-03,6160
00957B,兆豐US優選投等債,204,2,202,中國信託,2024-12-03,6160
00881,國泰台灣5G+,324,126,198,中國信託,2024-12-03,6160
2330,台積電,404,207,197,中國信託,2024-12-03,6160
0056,元大高股息,244,49,195,中國信託,2024-12-03,6160
00701,國泰股利精選30,189,3,186,中國信託,2024-12-03,6160
00907,永豐優息存股,198,12,186,中國信託,2024-12-03,6160
00844B,新光15年IG金融債,195,15,180,中國信託,2024-12-03,6160
00939,統一台灣高息動能,212,39,173,中國信託,2024-12-03,6160
00692,富邦公司治理,369,209,160,中國信託,2024-12-03,6160
00892,富邦台灣半導體,219,64,155,中國信託,2024-12-03,6160
1536,和大,224,73,151,中國信託,2024-12-03,6160
00915,凱基優選高股息30,200,62,138,中國信託,2024-12-03,6160
00720B,元大投資級公司債,301,170,131,中國信託,2024-12-03,6160
00687B,國泰20年美債,299,170,129,中國信託,2024-12-03,6160
3625,西勝,127,1,126,中國信託,2024-12-03,6160
2102,泰豐,114,0,114,中國信託,2024-12-03,6160
9904,寶成,167,58,109,中國信託,2024-12-03,6160
00964,中信亞太高股息,156,50,106,中國信託,2024-12-03,6160
6505,台塑化,506,401,105,中國信託,2024-12-03,6160
00944,野村趨勢動能高息,258,162,96,中國信託,2024-12-03,6160
2449,京元電子,134,40,94,中國信託,2024-12-03,6160
2444,兆勁,92,4,88,中國信託,2024-12-03,6160
00896,中信綠能及電動車,197,111,86,中國信託,2024-12-03,6160
00712,復華富時不動產,122,36,86,中國信託,2024-12-03,6160
3029,零壹,115,30,85,中國信託,2024-12-03,6160
4904,遠傳,126,41,85,中國信託,2024-12-03,6160
6274,台燿,93,12,81,中國信託,2024-12-03,6160
00730,富邦臺灣優質高息,68,0,68,中國信託,2024-12-03,6160
3044,健鼎,66,1,65,中國信託,2024-12-03,6160
00929,復華台灣科技優息,17982,3722,14260,中國信託,2024-12-04,6160
00934,中信成長高股息,7402,2700,4702,中國信託,2024-12-04,6160
00940,元大台灣價值高息,3695,282,3413,中國信託,2024-12-04,6160
00937B,群益ESG投等債20,2327,215,2112,中國信託,2024-12-04,6160
2882,國泰金,1502,31,1471,中國信託,2024-12-04,6160
00931B,統一美債20年,1228,11,1217,中國信託,2024-12-04,6160
2891,中信金,1185,30,1155,中國信託,2024-12-04,6160
00939,統一台灣高息動能,1246,271,975,中國信託,2024-12-04,6160
00922,國泰台灣領袖50,937,31,906,中國信託,2024-12-04,6160
00942B,台新美A公司債20+,751,0,751,中國信託,2024-12-04,6160
00881,國泰台灣5G+,1117,431,686,中國信託,2024-12-04,6160
00687B,國泰20年美債,1753,1106,647,中國信託,2024-12-04,6160
00740B,富邦全球投等債,691,89,602,中國信託,2024-12-04,6160
00857B,永豐20年美公債,666,116,550,中國信託,2024-12-04,6160
00764B,群益25年美債,820,296,524,中國信託,2024-12-04,6160
00957B,兆豐US優選投等債,1492,999,493,中國信託,2024-12-04,6160
00946,群益科技高息成長,625,159,466,中國信託,2024-12-04,6160
00923,群益台ESG低碳50,428,44,384,中國信託,2024-12-04,6160
00907,永豐優息存股,349,0,349,中國信託,2024-12-04,6160
0050,元大台灣50,415,66,349,中國信託,2024-12-04,6160
00944,野村趨勢動能高息,419,89,330,中國信託,2024-12-04,6160
00959B,大華投等美債15Y+,330,2,328,中國信託,2024-12-04,6160
1301,台塑,324,4,320,中國信託,2024-12-04,6160
9105,泰金寶-DR,746,442,304,中國信託,2024-12-04,6160
00958B,永豐ESG銀行債15,281,2,279,中國信託,2024-12-04,6160
3706,神達,785,568,217,中國信託,2024-12-04,6160
00936,台新永續高息中小,285,80,205,中國信託,2024-12-04,6160
9904,寶成,244,63,181,中國信託,2024-12-04,6160
5009,榮剛,184,6,178,中國信託,2024-12-04,6160
00725B,國泰投資級公司債,170,0,170,中國信託,2024-12-04,6160
00720B,元大投資級公司債,360,222,138,中國信託,2024-12-04,6160
00902,中信電池及儲能,163,35,128,中國信託,2024-12-04,6160
2618,長榮航,545,417,128,中國信託,2024-12-04,6160
00954,中信日本半導體,144,18,126,中國信託,2024-12-04,6160
00772B,中信高評級公司債,172,57,115,中國信託,2024-12-04,6160
00730,富邦臺灣優質高息,114,0,114,中國信託,2024-12-04,6160
3264,欣銓,120,6,114,中國信託,2024-12-04,6160
2603,長榮,150,38,112,中國信託,2024-12-04,6160
00692,富邦公司治理,121,11,110,中國信託,2024-12-04,6160
00701,國泰股利精選30,108,0,108,中國信託,2024-12-04,6160
00917,中信特選金融,107,1,106,中國信託,2024-12-04,6160
2610,華航,299,194,105,中國信託,2024-12-04,6160
4904,遠傳,104,5,99,中國信託,2024-12-04,6160
00915,凱基優選高股息30,114,16,98,中國信託,2024-12-04,6160
00715L,期街口布蘭特正2,232,134,98,中國信託,2024-12-04,6160
2885,元大金,180,82,98,中國信託,2024-12-04,6160
2887,台新金,109,19,90,中國信託,2024-12-04,6160
2412,中華電,88,0,88,中國信託,2024-12-04,6160
6278,台表科,79,3,76,中國信託,2024-12-04,6160
3231,緯創,185,110,75,中國信託,2024-12-04,6160
00937B,群益ESG投等債20,3960,211,3749,中國信託,2024-12-05,6160
00940,元大台灣價值高息,4054,727,3327,中國信託,2024-12-05,6160
00943,兆豐電子高息等權,3391,108,3283,中國信託,2024-12-05,6160
2885,元大金,2885,14,2871,中國信託,2024-12-05,6160
00939,統一台灣高息動能,1929,16,1913,中國信託,2024-12-05,6160
2618,長榮航,2225,449,1776,中國信託,2024-12-05,6160
2354,鴻準,1867,440,1427,中國信託,2024-12-05,6160
00927,群益半導體收益,1613,223,1390,中國信託,2024-12-05,6160
9904,寶成,1327,25,1302,中國信託,2024-12-05,6160
00929,復華台灣科技優息,11683,10480,1203,中國信託,2024-12-05,6160
2881,富邦金,1124,59,1065,中國信託,2024-12-05,6160
2609,陽明,1017,29,988,中國信託,2024-12-05,6160
00948B,中信優息投資級債,900,24,876,中國信託,2024-12-05,6160
00931B,統一美債20年,686,2,684,中國信託,2024-12-05,6160
2303,聯電,880,218,662,中國信託,2024-12-05,6160
00947,台新臺灣IC設計,768,117,651,中國信託,2024-12-05,6160
00965,元大航太防衛科技,839,223,616,中國信託,2024-12-05,6160
2890,永豐金,466,14,452,中國信託,2024-12-05,6160
3706,神達,932,491,441,中國信託,2024-12-05,6160
2603,長榮,519,109,410,中國信託,2024-12-05,6160
00942B,台新美A公司債20+,427,19,408,中國信託,2024-12-05,6160
00936,台新永續高息中小,458,100,358,中國信託,2024-12-05,6160
00687B,國泰20年美債,529,195,334,中國信託,2024-12-05,6160
2886,兆豐金,366,49,317,中國信託,2024-12-05,6160
2332,友訊,341,36,305,中國信託,2024-12-05,6160
00772B,中信高評級公司債,315,43,272,中國信託,2024-12-05,6160
2382,廣達,261,12,249,中國信託,2024-12-05,6160
2102,泰豐,240,0,240,中國信託,2024-12-05,6160
2891,中信金,399,173,226,中國信託,2024-12-05,6160
00888,永豐台灣ESG,227,2,225,中國信託,2024-12-05,6160
1301,台塑,240,18,222,中國信託,2024-12-05,6160
00934,中信成長高股息,320,108,212,中國信託,2024-12-05,6160
00857B,永豐20年美公債,262,58,204,中國信託,2024-12-05,6160
00692,富邦公司治理,246,43,203,中國信託,2024-12-05,6160
3481,群創,225,36,189,中國信託,2024-12-05,6160
00844B,新光15年IG金融債,226,45,181,中國信託,2024-12-05,6160
5328,華容,404,224,180,中國信託,2024-12-05,6160
00922,國泰台灣領袖50,227,55,172,中國信託,2024-12-05,6160
00904,新光臺灣半導體30,170,2,168,中國信託,2024-12-05,6160
3044,健鼎,168,0,168,中國信託,2024-12-05,6160
2882,國泰金,182,20,162,中國信託,2024-12-05,6160
2412,中華電,177,19,158,中國信託,2024-12-05,6160
00720B,元大投資級公司債,158,16,142,中國信託,2024-12-05,6160
2601,益航,152,16,136,中國信託,2024-12-05,6160
00773B,中信優先金融債,261,138,123,中國信託,2024-12-05,6160
3078,僑威,131,11,120,中國信託,2024-12-05,6160
00944,野村趨勢動能高息,307,188,119,中國信託,2024-12-05,6160
1815,富喬,653,537,116,中國信託,2024-12-05,6160
00912,中信臺灣智慧50,117,2,115,中國信託,2024-12-05,6160
3023,信邦,110,0,110,中國信託,2024-12-05,6160
00929,復華台灣科技優息,13111,1317,11794,中國信託,2024-12-06,6160
00940,元大台灣價值高息,5974,418,5556,中國信託,2024-12-06,6160
00937B,群益ESG投等債20,2932,182,2750,中國信託,2024-12-06,6160
00943,兆豐電子高息等權,1660,258,1402,中國信託,2024-12-06,6160
2891,中信金,1026,60,966,中國信託,2024-12-06,6160
00927,群益半導體收益,973,115,858,中國信託,2024-12-06,6160
2412,中華電,690,1,689,中國信託,2024-12-06,6160
00795B,中信美國公債20年,749,81,668,中國信託,2024-12-06,6160
00946,群益科技高息成長,1078,520,558,中國信託,2024-12-06,6160
00687B,國泰20年美債,502,53,449,中國信託,2024-12-06,6160
00900,富邦特選高股息30,1914,1503,411,中國信託,2024-12-06,6160
00931B,統一美債20年,432,63,369,中國信託,2024-12-06,6160
2102,泰豐,359,0,359,中國信託,2024-12-06,6160
00942B,台新美A公司債20+,321,0,321,中國信託,2024-12-06,6160
00887,永豐中國科技50大,457,146,311,中國信託,2024-12-06,6160
00948B,中信優息投資級債,562,284,278,中國信託,2024-12-06,6160
00857B,永豐20年美公債,259,0,259,中國信託,2024-12-06,6160
00939,統一台灣高息動能,903,649,254,中國信託,2024-12-06,6160
00965,元大航太防衛科技,254,0,254,中國信託,2024-12-06,6160
2332,友訊,256,9,247,中國信託,2024-12-06,6160
00907,永豐優息存股,230,0,230,中國信託,2024-12-06,6160
9938,百和,248,19,229,中國信託,2024-12-06,6160
00934,中信成長高股息,214,10,204,中國信託,2024-12-06,6160
00935,野村臺灣新科技50,205,2,203,中國信託,2024-12-06,6160
00764B,群益25年美債,201,0,201,中國信託,2024-12-06,6160
00665L,富邦�琤肭磪囓�2,360,159,201,中國信託,2024-12-06,6160
00957B,兆豐US優選投等債,1214,1018,196,中國信託,2024-12-06,6160
2344,華邦電,241,47,194,中國信託,2024-12-06,6160
00692,富邦公司治理,203,15,188,中國信託,2024-12-06,6160
00912,中信臺灣智慧50,250,71,179,中國信託,2024-12-06,6160
00904,新光臺灣半導體30,177,3,174,中國信託,2024-12-06,6160
4147,中裕,154,2,152,中國信託,2024-12-06,6160
00936,台新永續高息中小,1351,1201,150,中國信託,2024-12-06,6160
00945B,凱基美國非投等債,124,0,124,中國信託,2024-12-06,6160
2383,台光電,143,19,124,中國信託,2024-12-06,6160
2317,鴻海,176,54,122,中國信託,2024-12-06,6160
3706,神達,1809,1691,118,中國信託,2024-12-06,6160
00932,兆豐永續高息等權,166,52,114,中國信託,2024-12-06,6160
00894,中信小資高價30,181,67,114,中國信託,2024-12-06,6160
00944,野村趨勢動能高息,212,105,107,中國信託,2024-12-06,6160
00720B,元大投資級公司債,120,14,106,中國信託,2024-12-06,6160
00772B,中信高評級公司債,138,43,95,中國信託,2024-12-06,6160
3702,大聯大,84,3,81,中國信託,2024-12-06,6160
00915,凱基優選高股息30,83,3,80,中國信託,2024-12-06,6160
00751B,元大AAA至A公司債,76,0,76,中國信託,2024-12-06,6160
00722B,群益投資級電信債,73,0,73,中國信託,2024-12-06,6160
6220,岳豐,71,0,71,中國信託,2024-12-06,6160
00701,國泰股利精選30,93,28,65,中國信託,2024-12-06,6160
00941,中信上游半導體,88,23,65,中國信託,2024-12-06,6160
0056,元大高股息,104,44,60,中國信託,2024-12-06,6160
00929,復華台灣科技優息,15183,530,14653,中國信託,2024-12-09,6160
00940,元大台灣價值高息,8548,778,7770,中國信託,2024-12-09,6160
00967B,元大優息美債,4527,0,4527,中國信託,2024-12-09,6160
00937B,群益ESG投等債20,4516,555,3961,中國信託,2024-12-09,6160
00795B,中信美國公債20年,4645,1090,3555,中國信託,2024-12-09,6160
00907,永豐優息存股,1717,3,1714,中國信託,2024-12-09,6160
00931B,統一美債20年,1314,26,1288,中國信託,2024-12-09,6160
2891,中信金,1278,79,1199,中國信託,2024-12-09,6160
00968B,元大優息投等債,1041,0,1041,中國信託,2024-12-09,6160
00939,統一台灣高息動能,1406,512,894,中國信託,2024-12-09,6160
00934,中信成長高股息,884,36,848,中國信託,2024-12-09,6160
00881,國泰台灣5G+,1461,638,823,中國信託,2024-12-09,6160
2412,中華電,694,0,694,中國信託,2024-12-09,6160
2303,聯電,738,173,565,中國信託,2024-12-09,6160
00946,群益科技高息成長,671,108,563,中國信託,2024-12-09,6160
00764B,群益25年美債,532,0,532,中國信託,2024-12-09,6160
00936,台新永續高息中小,1034,560,474,中國信託,2024-12-09,6160
00942B,台新美A公司債20+,534,63,471,中國信託,2024-12-09,6160
00687B,國泰20年美債,642,194,448,中國信託,2024-12-09,6160
8054,安國,430,10,420,中國信託,2024-12-09,6160
2102,泰豐,343,0,343,中國信託,2024-12-09,6160
00857B,永豐20年美公債,477,175,302,中國信託,2024-12-09,6160
00957B,兆豐US優選投等債,300,0,300,中國信託,2024-12-09,6160
00844B,新光15年IG金融債,283,0,283,中國信託,2024-12-09,6160
00888,永豐台灣ESG,270,0,270,中國信託,2024-12-09,6160
00958B,永豐ESG銀行債15,269,1,268,中國信託,2024-12-09,6160
2382,廣達,272,60,212,中國信託,2024-12-09,6160
2883B,凱基金乙特,208,0,208,中國信託,2024-12-09,6160
00892,富邦台灣半導體,746,539,207,中國信託,2024-12-09,6160
3044,健鼎,198,3,195,中國信託,2024-12-09,6160
1785,光洋科,516,322,194,中國信託,2024-12-09,6160
0056,元大高股息,244,53,191,中國信託,2024-12-09,6160
3029,零壹,390,211,179,中國信託,2024-12-09,6160
5483,中美晶,196,30,166,中國信託,2024-12-09,6160
00912,中信臺灣智慧50,170,5,165,中國信託,2024-12-09,6160
00923,群益台ESG低碳50,493,331,162,中國信託,2024-12-09,6160
2474,可成,216,63,153,中國信託,2024-12-09,6160
00964,中信亞太高股息,265,123,142,中國信託,2024-12-09,6160
00915,凱基優選高股息30,151,28,123,中國信託,2024-12-09,6160
00951,台新日本半導體,122,0,122,中國信託,2024-12-09,6160
00909,國泰數位支付服務,122,1,121,中國信託,2024-12-09,6160
2883,凱基金,346,225,121,中國信託,2024-12-09,6160
00887,永豐中國科技50大,105,1,104,中國信託,2024-12-09,6160
3702,大聯大,101,0,101,中國信託,2024-12-09,6160
00894,中信小資高價30,103,4,99,中國信託,2024-12-09,6160
00772B,中信高評級公司債,129,35,94,中國信託,2024-12-09,6160
6533,晶心科,106,14,92,中國信託,2024-12-09,6160
3694,海華,112,21,91,中國信託,2024-12-09,6160
2332,友訊,103,14,89,中國信託,2024-12-09,6160
00927,群益半導體收益,157,69,88,中國信託,2024-12-09,6160
00929,復華台灣科技優息,12872,1085,11787,中國信託,2024-12-10,6160
00940,元大台灣價值高息,3849,314,3535,中國信託,2024-12-10,6160
00937B,群益ESG投等債20,3543,142,3401,中國信託,2024-12-10,6160
2303,聯電,2353,98,2255,中國信託,2024-12-10,6160
2324,仁寶,2383,371,2012,中國信託,2024-12-10,6160
00968B,元大優息投等債,1893,360,1533,中國信託,2024-12-10,6160
2886,兆豐金,1959,468,1491,中國信託,2024-12-10,6160
00931B,統一美債20年,880,1,879,中國信託,2024-12-10,6160
00720B,元大投資級公司債,822,1,821,中國信託,2024-12-10,6160
00783,富邦中証500,700,0,700,中國信託,2024-12-10,6160
2412,中華電,640,0,640,中國信託,2024-12-10,6160
00942B,台新美A公司債20+,720,110,610,中國信託,2024-12-10,6160
00967B,元大優息美債,474,0,474,中國信託,2024-12-10,6160
00957B,兆豐US優選投等債,404,0,404,中國信託,2024-12-10,6160
00934,中信成長高股息,338,13,325,中國信託,2024-12-10,6160
00962,台新AI優息動能,596,282,314,中國信託,2024-12-10,6160
00753L,中信中國50正2,457,155,302,中國信託,2024-12-10,6160
2102,泰豐,300,0,300,中國信託,2024-12-10,6160
2618,長榮航,706,419,287,中國信託,2024-12-10,6160
00857B,永豐20年美公債,356,83,273,中國信託,2024-12-10,6160
2313,華通,460,195,265,中國信託,2024-12-10,6160
00764B,群益25年美債,311,64,247,中國信託,2024-12-10,6160
5483,中美晶,262,16,246,中國信託,2024-12-10,6160
00891,中信關鍵半導體,268,42,226,中國信託,2024-12-10,6160
00772B,中信高評級公司債,267,43,224,中國信託,2024-12-10,6160
00751B,元大AAA至A公司債,210,21,189,中國信託,2024-12-10,6160
00692,富邦公司治理,321,136,185,中國信託,2024-12-10,6160
00958B,永豐ESG銀行債15,180,3,177,中國信託,2024-12-10,6160
00740B,富邦全球投等債,382,209,173,中國信託,2024-12-10,6160
00939,統一台灣高息動能,393,230,163,中國信託,2024-12-10,6160
0056,元大高股息,194,38,156,中國信託,2024-12-10,6160
1815,富喬,351,197,154,中國信託,2024-12-10,6160
6285,啟��,157,4,153,中國信託,2024-12-10,6160
00947,台新臺灣IC設計,402,253,149,中國信託,2024-12-10,6160
00936,台新永續高息中小,655,512,143,中國信託,2024-12-10,6160
00894,中信小資高價30,134,0,134,中國信託,2024-12-10,6160
00893,國泰智能電動車,146,12,134,中國信託,2024-12-10,6160
00955,中信日本商社,124,1,123,中國信託,2024-12-10,6160
00701,國泰股利精選30,146,24,122,中國信託,2024-12-10,6160
2344,華邦電,118,1,117,中國信託,2024-12-10,6160
00706L,期元大S＆P日圓正2,117,0,117,中國信託,2024-12-10,6160
00912,中信臺灣智慧50,171,61,110,中國信託,2024-12-10,6160
3042,晶技,110,0,110,中國信託,2024-12-10,6160
4414,如興,110,0,110,中國信託,2024-12-10,6160
00901,永豐智能車供應鏈,110,2,108,中國信託,2024-12-10,6160
2610,華航,197,91,106,中國信託,2024-12-10,6160
00730,富邦臺灣優質高息,105,0,105,中國信託,2024-12-10,6160
9939,宏全,102,1,101,中國信託,2024-12-10,6160
3702,大聯大,128,28,100,中國信託,2024-12-10,6160
1102,亞泥,368,268,100,中國信託,2024-12-10,6160
00929,復華台灣科技優息,4445,697,3748,中國信託,2024-12-11,6160
00967B,元大優息美債,3229,0,3229,中國信託,2024-12-11,6160
00968B,元大優息投等債,1667,0,1667,中國信託,2024-12-11,6160
2891,中信金,1586,34,1552,中國信託,2024-12-11,6160
2886,兆豐金,1452,292,1160,中國信託,2024-12-11,6160
00937B,群益ESG投等債20,857,15,842,中國信託,2024-12-11,6160
2303,聯電,806,148,658,中國信託,2024-12-11,6160
00942B,台新美A公司債20+,593,0,593,中國信託,2024-12-11,6160
00931B,統一美債20年,780,326,454,中國信託,2024-12-11,6160
00940,元大台灣價值高息,462,31,431,中國信託,2024-12-11,6160
00935,野村臺灣新科技50,361,0,361,中國信託,2024-12-11,6160
00934,中信成長高股息,363,28,335,中國信託,2024-12-11,6160
00764B,群益25年美債,593,300,293,中國信託,2024-12-11,6160
00720B,元大投資級公司債,325,60,265,中國信託,2024-12-11,6160
0056,元大高股息,249,26,223,中國信託,2024-12-11,6160
00888,永豐台灣ESG,230,12,218,中國信託,2024-12-11,6160
00772B,中信高評級公司債,253,36,217,中國信託,2024-12-11,6160
6220,岳豐,186,0,186,中國信託,2024-12-11,6160
2515,中工,187,5,182,中國信託,2024-12-11,6160
00680L,元大美債20正2,172,4,168,中國信託,2024-12-11,6160
00901,永豐智能車供應鏈,166,1,165,中國信託,2024-12-11,6160
00857B,永豐20年美公債,328,167,161,中國信託,2024-12-11,6160
2610,華航,191,35,156,中國信託,2024-12-11,6160
2385,群光,177,23,154,中國信託,2024-12-11,6160
00964,中信亞太高股息,273,121,152,中國信託,2024-12-11,6160
00904,新光臺灣半導體30,143,6,137,中國信託,2024-12-11,6160
00753L,中信中國50正2,260,130,130,中國信託,2024-12-11,6160
00963,中信全球高股息,127,1,126,中國信託,2024-12-11,6160
00892,富邦台灣半導體,135,10,125,中國信託,2024-12-11,6160
00955,中信日本商社,121,1,120,中國信託,2024-12-11,6160
00915,凱基優選高股息30,169,51,118,中國信託,2024-12-11,6160
00912,中信臺灣智慧50,125,12,113,中國信託,2024-12-11,6160
3227,原相,113,5,108,中國信託,2024-12-11,6160
00894,中信小資高價30,201,94,107,中國信託,2024-12-11,6160
00893,國泰智能電動車,100,2,98,中國信託,2024-12-11,6160
3706,神達,339,247,92,中國信託,2024-12-11,6160
2332,友訊,92,2,90,中國信託,2024-12-11,6160
6274,台燿,143,62,81,中國信託,2024-12-11,6160
2412,中華電,91,13,78,中國信託,2024-12-11,6160
4968,立積,128,53,75,中國信託,2024-12-11,6160
2897,王道銀行,73,0,73,中國信託,2024-12-11,6160
00907,永豐優息存股,71,0,71,中國信託,2024-12-11,6160
1815,富喬,245,178,67,中國信託,2024-12-11,6160
00947,台新臺灣IC設計,65,1,64,中國信託,2024-12-11,6160
3711,日月光投控,68,4,64,中國信託,2024-12-11,6160
00636,國泰中國A50,71,10,61,中國信託,2024-12-11,6160
00738U,期元大道瓊白銀,61,0,61,中國信託,2024-12-11,6160
1101,台泥,66,7,59,中國信託,2024-12-11,6160
4960,誠美材,61,4,57,中國信託,2024-12-11,6160
6147,頎邦,56,0,56,中國信託,2024-12-11,6160
00929,復華台灣科技優息,11237,435,10802,中國信託,2024-12-12,6160
00940,元大台灣價值高息,3033,205,2828,中國信託,2024-12-12,6160
2883,凱基金,2779,62,2717,中國信託,2024-12-12,6160
2886,兆豐金,2328,225,2103,中國信託,2024-12-12,6160
2618,長榮航,2059,418,1641,中國信託,2024-12-12,6160
2885,元大金,1578,60,1518,中國信託,2024-12-12,6160
2881,富邦金,1506,92,1414,中國信託,2024-12-12,6160
2609,陽明,1200,116,1084,中國信託,2024-12-12,6160
00715L,期街口布蘭特正2,1137,228,909,中國信託,2024-12-12,6160
1504,東元,744,9,735,中國信託,2024-12-12,6160
00931B,統一美債20年,686,0,686,中國信託,2024-12-12,6160
00958B,永豐ESG銀行債15,665,1,664,中國信託,2024-12-12,6160
2303,聯電,1021,467,554,中國信託,2024-12-12,6160
2474,可成,598,58,540,中國信託,2024-12-12,6160
00764B,群益25年美債,411,0,411,中國信託,2024-12-12,6160
00646,元大S＆P500,389,1,388,中國信託,2024-12-12,6160
00795B,中信美國公債20年,382,2,380,中國信託,2024-12-12,6160
3013,晟銘電,380,62,318,中國信託,2024-12-12,6160
2332,友訊,292,9,283,中國信託,2024-12-12,6160
3044,健鼎,302,23,279,中國信託,2024-12-12,6160
00942B,台新美A公司債20+,261,0,261,中國信託,2024-12-12,6160
00881,國泰台灣5G+,719,466,253,中國信託,2024-12-12,6160
5009,榮剛,242,0,242,中國信託,2024-12-12,6160
0050,元大台灣50,286,46,240,中國信託,2024-12-12,6160
2915,潤泰全,247,27,220,中國信託,2024-12-12,6160
00724B,群益投資級金融債,218,0,218,中國信託,2024-12-12,6160
00864B,中信美國公債0-1,275,57,218,中國信託,2024-12-12,6160
00665L,富邦�琤肭磪囓�2,243,38,205,中國信託,2024-12-12,6160
2601,益航,200,10,190,中國信託,2024-12-12,6160
9802,鈺齊-KY,188,4,184,中國信託,2024-12-12,6160
2312,金寶,190,38,152,中國信託,2024-12-12,6160
00679B,元大美債20年,173,35,138,中國信託,2024-12-12,6160
00912,中信臺灣智慧50,141,6,135,中國信託,2024-12-12,6160
00720B,元大投資級公司債,130,0,130,中國信託,2024-12-12,6160
2543,皇昌,155,25,130,中國信託,2024-12-12,6160
2412,中華電,140,13,127,中國信託,2024-12-12,6160
00955,中信日本商社,124,0,124,中國信託,2024-12-12,6160
00894,中信小資高價30,117,0,117,中國信託,2024-12-12,6160
00712,復華富時不動產,121,4,117,中國信託,2024-12-12,6160
2449,京元電子,158,44,114,中國信託,2024-12-12,6160
6488,環球晶,122,9,113,中國信託,2024-12-12,6160
4968,立積,138,29,109,中國信託,2024-12-12,6160
006208,富邦台50,215,107,108,中國信託,2024-12-12,6160
6689,伊雲谷,126,22,104,中國信託,2024-12-12,6160
00963,中信全球高股息,160,58,102,中國信託,2024-12-12,6160
00945B,凱基美國非投等債,102,0,102,中國信託,2024-12-12,6160
1736,喬山,100,0,100,中國信託,2024-12-12,6160
00937B,群益ESG投等債20,669,570,99,中國信託,2024-12-12,6160
00740B,富邦全球投等債,95,0,95,中國信託,2024-12-12,6160
00901,永豐智能車供應鏈,96,1,95,中國信託,2024-12-12,6160
00945B,凱基美國非投等債,2120,0,2120,中國信託,2024-12-13,6160
2882,國泰金,2019,1,2018,中國信託,2024-12-13,6160
00958B,永豐ESG銀行債15,1336,0,1336,中國信託,2024-12-13,6160
00724B,群益投資級金融債,1104,0,1104,中國信託,2024-12-13,6160
2303,聯電,1053,79,974,中國信託,2024-12-13,6160
5009,榮剛,928,0,928,中國信託,2024-12-13,6160
6274,台燿,826,47,779,中國信託,2024-12-13,6160
00881,國泰台灣5G+,1092,548,544,中國信託,2024-12-13,6160
2313,華通,583,51,532,中國信託,2024-12-13,6160
0056,元大高股息,452,23,429,中國信託,2024-12-13,6160
00662,富邦NASDAQ,355,1,354,中國信託,2024-12-13,6160
00882,中信中國高股息,292,10,282,中國信託,2024-12-13,6160
00942B,台新美A公司債20+,391,120,271,中國信託,2024-12-13,6160
0050,元大台灣50,278,24,254,中國信託,2024-12-13,6160
2449,京元電子,269,30,239,中國信託,2024-12-13,6160
2601,益航,200,0,200,中國信託,2024-12-13,6160
00764B,群益25年美債,167,0,167,中國信託,2024-12-13,6160
00962,台新AI優息動能,458,296,162,中國信託,2024-12-13,6160
1785,光洋科,201,43,158,中國信託,2024-12-13,6160
00706L,期元大S＆P日圓正2,181,31,150,中國信託,2024-12-13,6160
00912,中信臺灣智慧50,149,4,145,中國信託,2024-12-13,6160
00953B,群益優選非投等債,146,7,139,中國信託,2024-12-13,6160
00963,中信全球高股息,267,138,129,中國信託,2024-12-13,6160
3011,今皓,140,12,128,中國信託,2024-12-13,6160
2382,廣達,124,1,123,中國信託,2024-12-13,6160
2883,凱基金,153,29,124,中國信託,2024-12-13,6160
00687B,國泰20年美債,202,80,122,中國信託,2024-12-13,6160
00915,凱基優選高股息30,125,5,120,中國信託,2024-12-13,6160
1301,台塑,171,54,117,中國信託,2024-12-13,6160
00904,新光臺灣半導體30,112,6,106,中國信託,2024-12-13,6160
00964,中信亞太高股息,105,0,105,中國信託,2024-12-13,6160
6689,伊雲谷,103,0,103,中國信託,2024-12-13,6160
4540,全球傳動,454,351,103,中國信託,2024-12-13,6160
3189,景碩,105,3,102,中國信託,2024-12-13,6160
2385,群光,101,0,101,中國信託,2024-12-13,6160
00679B,元大美債20年,147,49,98,中國信託,2024-12-13,6160
00894,中信小資高價30,102,5,97,中國信託,2024-12-13,6160
4977,眾達-KY,141,49,92,中國信託,2024-12-13,6160
3710,連展投控,90,0,90,中國信託,2024-12-13,6160
00688L,國泰20年美債正2,79,0,79,中國信託,2024-12-13,6160
2610,華航,133,54,79,中國信託,2024-12-13,6160
4414,如興,75,0,75,中國信託,2024-12-13,6160
1210,大成,70,0,70,中國信託,2024-12-13,6160
2889,國票金,74,10,64,中國信託,2024-12-13,6160
3037,欣興,69,5,64,中國信託,2024-12-13,6160
00946,群益科技高息成長,97,35,62,中國信託,2024-12-13,6160
00950B,凱基A級公司債,60,0,60,中國信託,2024-12-13,6160
1569,濱川,67,12,55,中國信託,2024-12-13,6160
4442,竣邦-KY,50,0,50,中國信託,2024-12-13,6160
00944,野村趨勢動能高息,179,131,48,中國信託,2024-12-13,6160
00929,復華台灣科技優息,15827,755,15072,中國信託,2024-12-16,6160
00940,元大台灣價值高息,3552,382,3170,中國信託,2024-12-16,6160
00881,國泰台灣5G+,3725,965,2760,中國信託,2024-12-16,6160
2891,中信金,2164,110,2054,中國信託,2024-12-16,6160
00947,台新臺灣IC設計,2026,339,1687,中國信託,2024-12-16,6160
2382,廣達,874,90,784,中國信託,2024-12-16,6160
00935,野村臺灣新科技50,618,11,607,中國信託,2024-12-16,6160
00715L,期街口布蘭特正2,592,100,492,中國信託,2024-12-16,6160
00966B,統一ESG投等債15,770,283,487,中國信託,2024-12-16,6160
0056,元大高股息,425,26,399,中國信託,2024-12-16,6160
2308,台達電,406,38,368,中國信託,2024-12-16,6160
00764B,群益25年美債,359,0,359,中國信託,2024-12-16,6160
0050,元大台灣50,447,98,349,中國信託,2024-12-16,6160
00931B,統一美債20年,273,5,268,中國信託,2024-12-16,6160
2455,全新,262,26,236,中國信託,2024-12-16,6160
00955,中信日本商社,263,33,230,中國信託,2024-12-16,6160
00688L,國泰20年美債正2,223,0,223,中國信託,2024-12-16,6160
00680L,元大美債20正2,403,201,202,中國信託,2024-12-16,6160
2885,元大金,233,31,202,中國信託,2024-12-16,6160
00900,富邦特選高股息30,402,228,174,中國信託,2024-12-16,6160
2882,國泰金,218,50,168,中國信託,2024-12-16,6160
00687B,國泰20年美債,246,84,162,中國信託,2024-12-16,6160
2492,華新科,152,0,152,中國信託,2024-12-16,6160
2609,陽明,351,222,129,中國信託,2024-12-16,6160
00679B,元大美債20年,230,103,127,中國信託,2024-12-16,6160
00730,富邦臺灣優質高息,178,52,126,中國信託,2024-12-16,6160
00912,中信臺灣智慧50,131,6,125,中國信託,2024-12-16,6160
00712,復華富時不動產,177,53,124,中國信託,2024-12-16,6160
00692,富邦公司治理,262,144,118,中國信託,2024-12-16,6160
00945B,凱基美國非投等債,125,10,115,中國信託,2024-12-16,6160
2889,國票金,123,12,111,中國信託,2024-12-16,6160
3019,亞光,324,214,110,中國信託,2024-12-16,6160
00963,中信全球高股息,105,0,105,中國信託,2024-12-16,6160
3481,群創,128,24,104,中國信託,2024-12-16,6160
00915,凱基優選高股息30,133,30,103,中國信託,2024-12-16,6160
00964,中信亞太高股息,130,28,102,中國信託,2024-12-16,6160
2601,益航,104,8,96,中國信託,2024-12-16,6160
1326,台化,121,26,95,中國信託,2024-12-16,6160
2881,富邦金,107,16,91,中國信託,2024-12-16,6160
00933B,國泰10Y+金融債,96,18,78,中國信託,2024-12-16,6160
3044,健鼎,139,61,78,中國信託,2024-12-16,6160
2618,長榮航,1771,1695,76,中國信託,2024-12-16,6160
2753,八方雲集,81,10,71,中國信託,2024-12-16,6160
00888,永豐台灣ESG,101,31,70,中國信託,2024-12-16,6160
00901,永豐智能車供應鏈,70,0,70,中國信託,2024-12-16,6160
6885,全福生技,71,4,67,中國信託,2024-12-16,6160
2404,漢唐,111,44,67,中國信託,2024-12-16,6160
00939,統一台灣高息動能,69,2,67,中國信託,2024-12-16,6160
6274,台燿,83,17,66,中國信託,2024-12-16,6160
00934,中信成長高股息,147,84,63,中國信託,2024-12-16,6160
00929,復華台灣科技優息,18259,1490,16769,中國信託,2024-12-17,6160
00970B,新光BBB投等債20,5081,40,5041,中國信託,2024-12-17,6160
00940,元大台灣價值高息,2184,185,1999,中國信託,2024-12-17,6160
00966B,統一ESG投等債15,1665,21,1644,中國信託,2024-12-17,6160
2881,富邦金,1054,3,1051,中國信託,2024-12-17,6160
00953B,群益優選非投等債,914,56,858,中國信託,2024-12-17,6160
00878,國泰永續高股息,2036,1239,797,中國信託,2024-12-17,6160
00881,國泰台灣5G+,761,27,734,中國信託,2024-12-17,6160
00936,台新永續高息中小,841,138,703,中國信託,2024-12-17,6160
00935,野村臺灣新科技50,644,24,620,中國信託,2024-12-17,6160
2891,中信金,599,30,569,中國信託,2024-12-17,6160
00962,台新AI優息動能,518,5,513,中國信託,2024-12-17,6160
00764B,群益25年美債,458,0,458,中國信託,2024-12-17,6160
00946,群益科技高息成長,1170,725,445,中國信託,2024-12-17,6160
00904,新光臺灣半導體30,403,24,379,中國信託,2024-12-17,6160
1303,南亞,362,3,359,中國信託,2024-12-17,6160
0056,元大高股息,397,45,352,中國信託,2024-12-17,6160
00888,永豐台灣ESG,342,6,336,中國信託,2024-12-17,6160
00892,富邦台灣半導體,475,159,316,中國信託,2024-12-17,6160
00967B,元大優息美債,287,0,287,中國信託,2024-12-17,6160
2002,中鋼,283,6,277,中國信託,2024-12-17,6160
00915,凱基優選高股息30,292,35,257,中國信託,2024-12-17,6160
1605,華新,270,33,237,中國信託,2024-12-17,6160
00912,中信臺灣智慧50,257,20,237,中國信託,2024-12-17,6160
1301,台塑,326,106,220,中國信託,2024-12-17,6160
00955,中信日本商社,325,111,214,中國信託,2024-12-17,6160
6412,群電,213,1,212,中國信託,2024-12-17,6160
2884,玉山金,215,4,211,中國信託,2024-12-17,6160
00896,中信綠能及電動車,229,20,209,中國信託,2024-12-17,6160
2382,廣達,216,16,200,中國信託,2024-12-17,6160
00947,台新臺灣IC設計,453,253,200,中國信託,2024-12-17,6160
8069,元太,201,3,198,中國信託,2024-12-17,6160
00944,野村趨勢動能高息,270,102,168,中國信託,2024-12-17,6160
2474,可成,195,41,154,中國信託,2024-12-17,6160
2492,華新科,152,0,152,中國信託,2024-12-17,6160
00712,復華富時不動產,165,30,135,中國信託,2024-12-17,6160
00715L,期街口布蘭特正2,131,0,131,中國信託,2024-12-17,6160
006208,富邦台50,303,172,131,中國信託,2024-12-17,6160
00680L,元大美債20正2,143,21,122,中國信託,2024-12-17,6160
00934,中信成長高股息,266,148,118,中國信託,2024-12-17,6160
2883,凱基金,260,145,115,中國信託,2024-12-17,6160
00964,中信亞太高股息,109,0,109,中國信託,2024-12-17,6160
2317,鴻海,321,213,108,中國信託,2024-12-17,6160
00894,中信小資高價30,108,0,108,中國信託,2024-12-17,6160
2313,華通,224,117,107,中國信託,2024-12-17,6160
1102,亞泥,278,175,103,中國信託,2024-12-17,6160
2409,友達,100,0,100,中國信託,2024-12-17,6160
2374,佳能,455,357,98,中國信託,2024-12-17,6160
8466,美吉吉-KY,92,0,92,中國信託,2024-12-17,6160
1722,台肥,83,0,83,中國信託,2024-12-17,6160
00940,元大台灣價值高息,12325,298,12027,中國信託,2024-12-18,6160
00929,復華台灣科技優息,7833,519,7314,中國信託,2024-12-18,6160
6147,頎邦,2295,74,2221,中國信託,2024-12-18,6160
2603,長榮,1412,125,1287,中國信託,2024-12-18,6160
00970B,新光BBB投等債20,1293,10,1283,中國信託,2024-12-18,6160
00967B,元大優息美債,977,0,977,中國信託,2024-12-18,6160
3702,大聯大,1008,43,965,中國信託,2024-12-18,6160
00966B,統一ESG投等債15,794,0,794,中國信託,2024-12-18,6160
4938,和碩,763,32,731,中國信託,2024-12-18,6160
00936,台新永續高息中小,874,219,655,中國信託,2024-12-18,6160
2891,中信金,627,59,568,中國信託,2024-12-18,6160
00881,國泰台灣5G+,587,65,522,中國信託,2024-12-18,6160
00946,群益科技高息成長,761,251,510,中國信託,2024-12-18,6160
0050,元大台灣50,594,115,479,中國信託,2024-12-18,6160
00945B,凱基美國非投等債,354,1,353,中國信託,2024-12-18,6160
2382,廣達,280,14,266,中國信託,2024-12-18,6160
00947,台新臺灣IC設計,373,111,262,中國信託,2024-12-18,6160
00900,富邦特選高股息30,263,2,261,中國信託,2024-12-18,6160
6689,伊雲谷,250,2,248,中國信託,2024-12-18,6160
00904,新光臺灣半導體30,224,1,223,中國信託,2024-12-18,6160
6596,寬宏藝術,214,4,210,中國信託,2024-12-18,6160
00944,野村趨勢動能高息,213,5,208,中國信託,2024-12-18,6160
3036,文曄,200,0,200,中國信託,2024-12-18,6160
00962,台新AI優息動能,217,19,198,中國信託,2024-12-18,6160
00701,國泰股利精選30,275,82,193,中國信託,2024-12-18,6160
00692,富邦公司治理,192,1,191,中國信託,2024-12-18,6160
1504,東元,215,27,188,中國信託,2024-12-18,6160
3029,零壹,716,528,188,中國信託,2024-12-18,6160
00969B,元大零息超長美債,182,0,182,中國信託,2024-12-18,6160
00968B,元大優息投等債,183,1,182,中國信託,2024-12-18,6160
00864B,中信美國公債0-1,294,116,178,中國信託,2024-12-18,6160
2492,華新科,154,0,154,中國信託,2024-12-18,6160
00712,復華富時不動產,162,10,152,中國信託,2024-12-18,6160
1210,大成,150,2,148,中國信託,2024-12-18,6160
5876,上海商銀,180,36,144,中國信託,2024-12-18,6160
00730,富邦臺灣優質高息,140,0,140,中國信託,2024-12-18,6160
00764B,群益25年美債,134,0,134,中國信託,2024-12-18,6160
00922,國泰台灣領袖50,154,23,131,中國信託,2024-12-18,6160
00963,中信全球高股息,131,1,130,中國信託,2024-12-18,6160
00894,中信小資高價30,127,0,127,中國信託,2024-12-18,6160
00896,中信綠能及電動車,123,1,122,中國信託,2024-12-18,6160
00888,永豐台灣ESG,122,1,121,中國信託,2024-12-18,6160
2886,兆豐金,440,320,120,中國信託,2024-12-18,6160
2344,華邦電,204,86,118,中國信託,2024-12-18,6160
5880,合庫金,116,8,108,中國信託,2024-12-18,6160
2002,中鋼,107,2,105,中國信託,2024-12-18,6160
2412,中華電,116,12,104,中國信託,2024-12-18,6160
2883,凱基金,216,113,103,中國信託,2024-12-18,6160
3211,順達,194,93,101,中國信託,2024-12-18,6160
6127,九豪,103,4,99,中國信託,2024-12-18,6160
00929,復華台灣科技優息,10353,1143,9210,中國信託,2024-12-19,6160
00967B,元大優息美債,4023,0,4023,中國信託,2024-12-19,6160
00940,元大台灣價值高息,3943,347,3596,中國信託,2024-12-19,6160
00966B,統一ESG投等債15,1550,22,1528,中國信託,2024-12-19,6160
00970B,新光BBB投等債20,1386,75,1311,中國信託,2024-12-19,6160
1101,台泥,1066,19,1047,中國信託,2024-12-19,6160
1402,遠東新,945,8,937,中國信託,2024-12-19,6160
2891,中信金,981,67,914,中國信託,2024-12-19,6160
0050,元大台灣50,1263,464,799,中國信託,2024-12-19,6160
2412,中華電,796,0,796,中國信託,2024-12-19,6160
00830,國泰費城半導體,618,6,612,中國信託,2024-12-19,6160
00936,台新永續高息中小,909,337,572,中國信託,2024-12-19,6160
00968B,元大優息投等債,561,10,551,中國信託,2024-12-19,6160
00720B,元大投資級公司債,470,0,470,中國信託,2024-12-19,6160
00712,復華富時不動產,477,10,467,中國信託,2024-12-19,6160
9958,世紀鋼,430,5,425,中國信託,2024-12-19,6160
00901,永豐智能車供應鏈,424,0,424,中國信託,2024-12-19,6160
00953B,群益優選非投等債,336,0,336,中國信託,2024-12-19,6160
1102,亞泥,497,190,307,中國信託,2024-12-19,6160
2883,凱基金,1191,906,285,中國信託,2024-12-19,6160
00957B,兆豐US優選投等債,283,0,283,中國信託,2024-12-19,6160
1216,統一,363,82,281,中國信託,2024-12-19,6160
00947,台新臺灣IC設計,270,0,270,中國信託,2024-12-19,6160
00679B,元大美債20年,299,32,267,中國信託,2024-12-19,6160
9904,寶成,362,107,255,中國信託,2024-12-19,6160
5009,榮剛,251,0,251,中國信託,2024-12-19,6160
00692,富邦公司治理,293,64,229,中國信託,2024-12-19,6160
5388,中磊,247,23,224,中國信託,2024-12-19,6160
00964,中信亞太高股息,218,0,218,中國信託,2024-12-19,6160
3711,日月光投控,228,17,211,中國信託,2024-12-19,6160
00888,永豐台灣ESG,233,29,204,中國信託,2024-12-19,6160
00781B,國泰A級科技債,246,46,200,中國信託,2024-12-19,6160
00942B,台新美A公司債20+,380,180,200,中國信託,2024-12-19,6160
0056,元大高股息,233,41,192,中國信託,2024-12-19,6160
2618,長榮航,376,194,182,中國信託,2024-12-19,6160
00894,中信小資高價30,181,1,180,中國信託,2024-12-19,6160
00963,中信全球高股息,230,64,166,中國信託,2024-12-19,6160
2317,鴻海,220,69,151,中國信託,2024-12-19,6160
00915,凱基優選高股息30,147,5,142,中國信託,2024-12-19,6160
00946,群益科技高息成長,548,407,141,中國信託,2024-12-19,6160
00893,國泰智能電動車,138,0,138,中國信託,2024-12-19,6160
00730,富邦臺灣優質高息,135,0,135,中國信託,2024-12-19,6160
00904,新光臺灣半導體30,134,0,134,中國信託,2024-12-19,6160
00933B,國泰10Y+金融債,130,0,130,中國信託,2024-12-19,6160
5880,合庫金,150,23,127,中國信託,2024-12-19,6160
3042,晶技,130,6,124,中國信託,2024-12-19,6160
00662,富邦NASDAQ,124,1,123,中國信託,2024-12-19,6160
6176,瑞儀,200,78,122,中國信託,2024-12-19,6160
2354,鴻準,149,28,121,中國信託,2024-12-19,6160
00941,中信上游半導體,142,26,116,中國信託,2024-12-19,6160
