Ticker,Name,buy,sell,diff,Branch,Date,Branch_Code
6177,達麗,249,0,249,中國信託-忠孝,2023-01-03,6162
5483,中美晶,78,0,78,中國信託-忠孝,2023-01-03,6162
1529,樂事綠能,75,6,69,中國信託-忠孝,2023-01-03,6162
00878,國泰永續高股息,69,1,68,中國信託-忠孝,2023-01-03,6162
00632R,元大台灣50反1,73,22,51,中國信託-忠孝,2023-01-03,6162
4167,松瑞藥,93,44,49,中國信託-忠孝,2023-01-03,6162
2882,國泰金,57,10,47,中國信託-忠孝,2023-01-03,6162
00651R,復華香港反1,35,0,35,中國信託-忠孝,2023-01-03,6162
3297,杭特,40,10,30,中國信託-忠孝,2023-01-03,6162
2534,宏盛,157,130,27,中國信託-忠孝,2023-01-03,6162
2317,鴻海,57,31,26,中國信託-忠孝,2023-01-03,6162
1517,利奇,25,0,25,中國信託-忠孝,2023-01-03,6162
3466,德晉,31,10,21,中國信託-忠孝,2023-01-03,6162
5425,台半,23,2,21,中國信託-忠孝,2023-01-03,6162
2892,第一金,21,1,20,中國信託-忠孝,2023-01-03,6162
4153,鈺緯,20,1,19,中國信託-忠孝,2023-01-03,6162
1605,華新,35,17,18,中國信託-忠孝,2023-01-03,6162
2014,中鴻,23,5,18,中國信託-忠孝,2023-01-03,6162
3443,創意,31,14,17,中國信託-忠孝,2023-01-03,6162
2609,陽明,37,20,17,中國信託-忠孝,2023-01-03,6162
9902,台火,16,0,16,中國信託-忠孝,2023-01-03,6162
2884,玉山金,27,12,15,中國信託-忠孝,2023-01-03,6162
00712,復華富時不動產,15,2,13,中國信託-忠孝,2023-01-03,6162
6104,創惟,14,1,13,中國信託-忠孝,2023-01-03,6162
0050,元大台灣50,14,1,13,中國信託-忠孝,2023-01-03,6162
1760,寶齡富錦,29,17,12,中國信託-忠孝,2023-01-03,6162
2201,裕隆,18,6,12,中國信託-忠孝,2023-01-03,6162
00902,中信電池及儲能,11,0,11,中國信託-忠孝,2023-01-03,6162
0051,元大中型100,11,0,11,中國信託-忠孝,2023-01-03,6162
4743,合一,11,0,11,中國信託-忠孝,2023-01-03,6162
2603,長榮,13,3,10,中國信託-忠孝,2023-01-03,6162
2352,佳世達,11,1,10,中國信託-忠孝,2023-01-03,6162
6118,建達,38,28,10,中國信託-忠孝,2023-01-03,6162
00670L,富邦NASDAQ正2,10,0,10,中國信託-忠孝,2023-01-03,6162
00638R,元大滬深300反1,10,0,10,中國信託-忠孝,2023-01-03,6162
2412,中華電,20,11,9,中國信託-忠孝,2023-01-03,6162
3406,玉晶光,10,1,9,中國信託-忠孝,2023-01-03,6162
3045,台灣大,8,0,8,中國信託-忠孝,2023-01-03,6162
1101,台泥,8,0,8,中國信託-忠孝,2023-01-03,6162
2610,華航,18,10,8,中國信託-忠孝,2023-01-03,6162
00706L,期元大S＆P日圓正2,7,0,7,中國信託-忠孝,2023-01-03,6162
00631L,元大台灣50正2,8,1,7,中國信託-忠孝,2023-01-03,6162
5439,高技,7,0,7,中國信託-忠孝,2023-01-03,6162
2891,中信金,15,9,6,中國信託-忠孝,2023-01-03,6162
8933,愛地雅,13,7,6,中國信託-忠孝,2023-01-03,6162
1440,南紡,6,0,6,中國信託-忠孝,2023-01-03,6162
2382,廣達,6,0,6,中國信託-忠孝,2023-01-03,6162
00772B,中信高評級公司債,5,0,5,中國信託-忠孝,2023-01-03,6162
2031,新光鋼,5,0,5,中國信託-忠孝,2023-01-03,6162
4979,華星光,9,4,5,中國信託-忠孝,2023-01-03,6162
00632R,元大台灣50反1,135,0,135,中國信託-忠孝,2023-01-04,6162
00715L,期街口布蘭特正2,80,0,80,中國信託-忠孝,2023-01-04,6162
2534,宏盛,162,90,72,中國信託-忠孝,2023-01-04,6162
2317,鴻海,60,4,56,中國信託-忠孝,2023-01-04,6162
3022,威強電,50,0,50,中國信託-忠孝,2023-01-04,6162
2884,玉山金,48,0,48,中國信託-忠孝,2023-01-04,6162
2014,中鴻,48,5,43,中國信託-忠孝,2023-01-04,6162
3202,樺晟,76,35,41,中國信託-忠孝,2023-01-04,6162
3558,神準,37,3,34,中國信託-忠孝,2023-01-04,6162
2201,裕隆,46,15,31,中國信託-忠孝,2023-01-04,6162
1336,台翰,30,0,30,中國信託-忠孝,2023-01-04,6162
3481,群創,36,10,26,中國信託-忠孝,2023-01-04,6162
00651R,復華香港反1,25,0,25,中國信託-忠孝,2023-01-04,6162
6235,華孚,55,31,24,中國信託-忠孝,2023-01-04,6162
2102,泰豐,24,0,24,中國信託-忠孝,2023-01-04,6162
1795,美時,39,15,24,中國信託-忠孝,2023-01-04,6162
3592,瑞鼎,31,7,24,中國信託-忠孝,2023-01-04,6162
8171,天宇,72,50,22,中國信託-忠孝,2023-01-04,6162
3047,訊舟,22,1,21,中國信託-忠孝,2023-01-04,6162
2498,宏達電,122,104,18,中國信託-忠孝,2023-01-04,6162
8028,昇陽半導體,21,3,18,中國信託-忠孝,2023-01-04,6162
00679B,元大美債20年,16,0,16,中國信託-忠孝,2023-01-04,6162
3576,聯合再生,18,2,16,中國信託-忠孝,2023-01-04,6162
5425,台半,18,2,16,中國信託-忠孝,2023-01-04,6162
6541,泰福-KY,16,1,15,中國信託-忠孝,2023-01-04,6162
6026,福邦證,15,0,15,中國信託-忠孝,2023-01-04,6162
8049,晶采,14,0,14,中國信託-忠孝,2023-01-04,6162
00893,國泰智能電動車,13,0,13,中國信託-忠孝,2023-01-04,6162
6643,M31,20,7,13,中國信託-忠孝,2023-01-04,6162
00683L,期元大美元指正2,12,0,12,中國信託-忠孝,2023-01-04,6162
2204,中華,15,3,12,中國信託-忠孝,2023-01-04,6162
5905,南仁湖,20,8,12,中國信託-忠孝,2023-01-04,6162
3149,正達,12,0,12,中國信託-忠孝,2023-01-04,6162
00830,國泰費城半導體,11,0,11,中國信託-忠孝,2023-01-04,6162
2359,所羅門,11,0,11,中國信託-忠孝,2023-01-04,6162
4919,新唐,11,0,11,中國信託-忠孝,2023-01-04,6162
1618,合機,16,5,11,中國信託-忠孝,2023-01-04,6162
00902,中信電池及儲能,11,0,11,中國信託-忠孝,2023-01-04,6162
1444,力麗,14,3,11,中國信託-忠孝,2023-01-04,6162
2347,聯強,10,0,10,中國信託-忠孝,2023-01-04,6162
5009,榮剛,10,0,10,中國信託-忠孝,2023-01-04,6162
3535,晶彩科,10,0,10,中國信託-忠孝,2023-01-04,6162
3062,建漢,10,0,10,中國信託-忠孝,2023-01-04,6162
3188,鑫龍騰,10,0,10,中國信託-忠孝,2023-01-04,6162
1529,樂事綠能,14,5,9,中國信託-忠孝,2023-01-04,6162
2482,連宇,14,5,9,中國信託-忠孝,2023-01-04,6162
00881,國泰台灣5G+,8,0,8,中國信託-忠孝,2023-01-04,6162
6741,91APP*-KY,13,5,8,中國信託-忠孝,2023-01-04,6162
3019,亞光,8,0,8,中國信託-忠孝,2023-01-04,6162
6670,復盛應用,10,2,8,中國信託-忠孝,2023-01-04,6162
00637L,元大滬深300正2,427,26,401,中國信託-忠孝,2023-01-05,6162
1605,華新,231,122,109,中國信託-忠孝,2023-01-05,6162
2409,友達,93,5,88,中國信託-忠孝,2023-01-05,6162
3479,安勤,115,39,76,中國信託-忠孝,2023-01-05,6162
00715L,期街口布蘭特正2,84,9,75,中國信託-忠孝,2023-01-05,6162
00706L,期元大S＆P日圓正2,71,0,71,中國信託-忠孝,2023-01-05,6162
4114,健喬,85,21,64,中國信託-忠孝,2023-01-05,6162
2101,南港,59,0,59,中國信託-忠孝,2023-01-05,6162
2903,遠百,55,0,55,中國信託-忠孝,2023-01-05,6162
1503,士電,51,3,48,中國信託-忠孝,2023-01-05,6162
4979,華星光,43,9,34,中國信託-忠孝,2023-01-05,6162
8299,群聯,39,7,32,中國信託-忠孝,2023-01-05,6162
1909,榮成,42,13,29,中國信託-忠孝,2023-01-05,6162
6244,茂迪,30,5,25,中國信託-忠孝,2023-01-05,6162
0056,元大高股息,26,2,24,中國信託-忠孝,2023-01-05,6162
3515,華擎,34,10,24,中國信託-忠孝,2023-01-05,6162
2102,泰豐,23,0,23,中國信託-忠孝,2023-01-05,6162
6443,元晶,56,35,21,中國信託-忠孝,2023-01-05,6162
2534,宏盛,89,69,20,中國信託-忠孝,2023-01-05,6162
1783,和康生,20,1,19,中國信託-忠孝,2023-01-05,6162
2609,陽明,26,8,18,中國信託-忠孝,2023-01-05,6162
2419,仲琦,26,8,18,中國信託-忠孝,2023-01-05,6162
2610,華航,17,0,17,中國信託-忠孝,2023-01-05,6162
00651R,復華香港反1,17,0,17,中國信託-忠孝,2023-01-05,6162
00679B,元大美債20年,19,4,15,中國信託-忠孝,2023-01-05,6162
2317,鴻海,26,11,15,中國信託-忠孝,2023-01-05,6162
2605,新興,14,0,14,中國信託-忠孝,2023-01-05,6162
4770,上品,16,2,14,中國信託-忠孝,2023-01-05,6162
2615,萬海,18,5,13,中國信託-忠孝,2023-01-05,6162
1217,愛之味,13,0,13,中國信託-忠孝,2023-01-05,6162
00751B,元大AAA至A公司債,12,0,12,中國信託-忠孝,2023-01-05,6162
6111,大宇資,19,7,12,中國信託-忠孝,2023-01-05,6162
6233,旺玖,13,1,12,中國信託-忠孝,2023-01-05,6162
6689,伊雲谷,11,0,11,中國信託-忠孝,2023-01-05,6162
6669,緯穎,13,2,11,中國信託-忠孝,2023-01-05,6162
6118,建達,17,6,11,中國信託-忠孝,2023-01-05,6162
4130,健亞,12,1,11,中國信託-忠孝,2023-01-05,6162
00902,中信電池及儲能,11,0,11,中國信託-忠孝,2023-01-05,6162
5284,jpp-KY,17,7,10,中國信託-忠孝,2023-01-05,6162
8358,金居,44,34,10,中國信託-忠孝,2023-01-05,6162
3037,欣興,10,0,10,中國信託-忠孝,2023-01-05,6162
8927,北基,10,0,10,中國信託-忠孝,2023-01-05,6162
3081,聯亞,10,0,10,中國信託-忠孝,2023-01-05,6162
8069,元太,28,18,10,中國信託-忠孝,2023-01-05,6162
00772B,中信高評級公司債,20,10,10,中國信託-忠孝,2023-01-05,6162
3022,威強電,11,1,10,中國信託-忠孝,2023-01-05,6162
3498,陽程,9,0,9,中國信託-忠孝,2023-01-05,6162
1810,和成,9,0,9,中國信託-忠孝,2023-01-05,6162
6741,91APP*-KY,14,5,9,中國信託-忠孝,2023-01-05,6162
2603,長榮,12,3,9,中國信託-忠孝,2023-01-05,6162
3481,群創,509,19,490,中國信託-忠孝,2023-01-06,6162
00632R,元大台灣50反1,260,13,247,中國信託-忠孝,2023-01-06,6162
00637L,元大滬深300正2,650,463,187,中國信託-忠孝,2023-01-06,6162
2534,宏盛,144,26,118,中國信託-忠孝,2023-01-06,6162
2609,陽明,102,4,98,中國信託-忠孝,2023-01-06,6162
1519,華城,100,12,88,中國信託-忠孝,2023-01-06,6162
5608,四維航,88,2,86,中國信託-忠孝,2023-01-06,6162
1605,華新,95,22,73,中國信託-忠孝,2023-01-06,6162
8299,群聯,61,5,56,中國信託-忠孝,2023-01-06,6162
2329,華泰,50,0,50,中國信託-忠孝,2023-01-06,6162
00706L,期元大S＆P日圓正2,45,0,45,中國信託-忠孝,2023-01-06,6162
00885,富邦越南,51,10,41,中國信託-忠孝,2023-01-06,6162
4939,亞電,46,11,35,中國信託-忠孝,2023-01-06,6162
00720B,元大投資級公司債,34,0,34,中國信託-忠孝,2023-01-06,6162
3293,鈊象,37,6,31,中國信託-忠孝,2023-01-06,6162
00679B,元大美債20年,26,0,26,中國信託-忠孝,2023-01-06,6162
6180,橘子,27,2,25,中國信託-忠孝,2023-01-06,6162
3005,神基,20,0,20,中國信託-忠孝,2023-01-06,6162
5351,鈺創,22,2,20,中國信託-忠孝,2023-01-06,6162
4967,十銓,20,0,20,中國信託-忠孝,2023-01-06,6162
2201,裕隆,92,72,20,中國信託-忠孝,2023-01-06,6162
3708,上緯投控,19,0,19,中國信託-忠孝,2023-01-06,6162
8927,北基,21,3,18,中國信託-忠孝,2023-01-06,6162
2317,鴻海,31,14,17,中國信託-忠孝,2023-01-06,6162
5483,中美晶,41,24,17,中國信託-忠孝,2023-01-06,6162
6129,普誠,16,0,16,中國信託-忠孝,2023-01-06,6162
2332,友訊,16,0,16,中國信託-忠孝,2023-01-06,6162
2884,玉山金,18,3,15,中國信託-忠孝,2023-01-06,6162
1529,樂事綠能,25,10,15,中國信託-忠孝,2023-01-06,6162
1417,嘉裕,15,0,15,中國信託-忠孝,2023-01-06,6162
8938,明安,15,0,15,中國信託-忠孝,2023-01-06,6162
5321,美而快,16,2,14,中國信託-忠孝,2023-01-06,6162
00651R,復華香港反1,13,0,13,中國信託-忠孝,2023-01-06,6162
6770,力積電,13,1,12,中國信託-忠孝,2023-01-06,6162
00772B,中信高評級公司債,11,0,11,中國信託-忠孝,2023-01-06,6162
00713,元大台灣高息低波,11,0,11,中國信託-忠孝,2023-01-06,6162
3443,創意,20,9,11,中國信託-忠孝,2023-01-06,6162
1701,中化,11,0,11,中國信託-忠孝,2023-01-06,6162
00888,永豐台灣ESG,11,0,11,中國信託-忠孝,2023-01-06,6162
8046,南電,34,24,10,中國信託-忠孝,2023-01-06,6162
00882,中信中國高股息,24,14,10,中國信託-忠孝,2023-01-06,6162
4536,拓凱,11,1,10,中國信託-忠孝,2023-01-06,6162
2105,正新,10,0,10,中國信託-忠孝,2023-01-06,6162
00773B,中信優先金融債,10,0,10,中國信託-忠孝,2023-01-06,6162
1467,南緯,10,0,10,中國信託-忠孝,2023-01-06,6162
00650L,復華香港正2,10,0,10,中國信託-忠孝,2023-01-06,6162
8183,精星,10,0,10,中國信託-忠孝,2023-01-06,6162
4743,合一,10,1,9,中國信託-忠孝,2023-01-06,6162
6670,復盛應用,9,0,9,中國信託-忠孝,2023-01-06,6162
6830,汎銓,8,0,8,中國信託-忠孝,2023-01-06,6162
00637L,元大滬深300正2,1166,661,505,中國信託-忠孝,2023-01-09,6162
00632R,元大台灣50反1,389,105,284,中國信託-忠孝,2023-01-09,6162
2888,新光金,132,31,101,中國信託-忠孝,2023-01-09,6162
00753L,中信中國50正2,100,0,100,中國信託-忠孝,2023-01-09,6162
2014,中鴻,101,8,93,中國信託-忠孝,2023-01-09,6162
6160,欣技,130,40,90,中國信託-忠孝,2023-01-09,6162
8299,群聯,59,1,58,中國信託-忠孝,2023-01-09,6162
0050,元大台灣50,80,29,51,中國信託-忠孝,2023-01-09,6162
8936,國統,50,0,50,中國信託-忠孝,2023-01-09,6162
2534,宏盛,48,7,41,中國信託-忠孝,2023-01-09,6162
00683L,期元大美元指正2,39,0,39,中國信託-忠孝,2023-01-09,6162
9933,中鼎,32,1,31,中國信託-忠孝,2023-01-09,6162
6533,晶心科,47,17,30,中國信託-忠孝,2023-01-09,6162
2409,友達,37,10,27,中國信託-忠孝,2023-01-09,6162
6026,福邦證,25,0,25,中國信託-忠孝,2023-01-09,6162
1909,榮成,33,8,25,中國信託-忠孝,2023-01-09,6162
00680L,元大美債20正2,24,0,24,中國信託-忠孝,2023-01-09,6162
2609,陽明,51,29,22,中國信託-忠孝,2023-01-09,6162
6719,力智,23,2,21,中國信託-忠孝,2023-01-09,6162
00679B,元大美債20年,21,2,19,中國信託-忠孝,2023-01-09,6162
2327,國巨,28,9,19,中國信託-忠孝,2023-01-09,6162
2101,南港,16,0,16,中國信託-忠孝,2023-01-09,6162
2348,海悅,16,0,16,中國信託-忠孝,2023-01-09,6162
2317,鴻海,20,4,16,中國信託-忠孝,2023-01-09,6162
2537,聯上發,15,0,15,中國信託-忠孝,2023-01-09,6162
5425,台半,21,6,15,中國信託-忠孝,2023-01-09,6162
6182,合晶,15,3,12,中國信託-忠孝,2023-01-09,6162
8034,榮群,12,0,12,中國信託-忠孝,2023-01-09,6162
3037,欣興,34,23,11,中國信託-忠孝,2023-01-09,6162
3027,盛達,23,12,11,中國信託-忠孝,2023-01-09,6162
3141,晶宏,24,13,11,中國信託-忠孝,2023-01-09,6162
00752,中信中國50,13,3,10,中國信託-忠孝,2023-01-09,6162
3062,建漢,10,0,10,中國信託-忠孝,2023-01-09,6162
5483,中美晶,50,40,10,中國信託-忠孝,2023-01-09,6162
8215,明基材,10,0,10,中國信託-忠孝,2023-01-09,6162
4721,美琪瑪,10,0,10,中國信託-忠孝,2023-01-09,6162
4116,明基醫,10,0,10,中國信託-忠孝,2023-01-09,6162
8454,富邦媒,12,2,10,中國信託-忠孝,2023-01-09,6162
2486,一詮,9,0,9,中國信託-忠孝,2023-01-09,6162
3029,零壹,9,0,9,中國信託-忠孝,2023-01-09,6162
4958,臻鼎-KY,10,1,9,中國信託-忠孝,2023-01-09,6162
3685,元創精密,10,1,9,中國信託-忠孝,2023-01-09,6162
6488,環球晶,10,2,8,中國信託-忠孝,2023-01-09,6162
5284,jpp-KY,9,1,8,中國信託-忠孝,2023-01-09,6162
8038,長園科,10,2,8,中國信託-忠孝,2023-01-09,6162
00673R,期元大S＆P原油反1,8,0,8,中國信託-忠孝,2023-01-09,6162
8932,智通*,8,0,8,中國信託-忠孝,2023-01-09,6162
3017,奇鋐,8,0,8,中國信託-忠孝,2023-01-09,6162
2328,廣宇,9,1,8,中國信託-忠孝,2023-01-09,6162
00795B,中信美國公債20年,7,0,7,中國信託-忠孝,2023-01-09,6162
2834,臺企銀,3221,29,3192,中國信託-忠孝,2023-01-10,6162
00632R,元大台灣50反1,142,10,132,中國信託-忠孝,2023-01-10,6162
2027,大成鋼,125,2,123,中國信託-忠孝,2023-01-10,6162
2358,廷鑫,94,0,94,中國信託-忠孝,2023-01-10,6162
4979,華星光,133,51,82,中國信託-忠孝,2023-01-10,6162
00683L,期元大美元指正2,81,0,81,中國信託-忠孝,2023-01-10,6162
2534,宏盛,80,0,80,中國信託-忠孝,2023-01-10,6162
00641R,富邦日本反1,80,0,80,中國信託-忠孝,2023-01-10,6162
6670,復盛應用,72,0,72,中國信託-忠孝,2023-01-10,6162
00637L,元大滬深300正2,67,0,67,中國信託-忠孝,2023-01-10,6162
3576,聯合再生,50,0,50,中國信託-忠孝,2023-01-10,6162
3704,合勤控,57,17,40,中國信託-忠孝,2023-01-10,6162
3682,亞太電,32,0,32,中國信託-忠孝,2023-01-10,6162
2888,新光金,31,0,31,中國信託-忠孝,2023-01-10,6162
2609,陽明,27,0,27,中國信託-忠孝,2023-01-10,6162
8938,明安,26,0,26,中國信託-忠孝,2023-01-10,6162
6223,旺矽,23,2,21,中國信託-忠孝,2023-01-10,6162
5905,南仁湖,51,30,21,中國信託-忠孝,2023-01-10,6162
2892,第一金,20,0,20,中國信託-忠孝,2023-01-10,6162
00885,富邦越南,22,5,17,中國信託-忠孝,2023-01-10,6162
3466,德晉,17,0,17,中國信託-忠孝,2023-01-10,6162
00752,中信中國50,16,0,16,中國信託-忠孝,2023-01-10,6162
8420,明揚,16,0,16,中國信託-忠孝,2023-01-10,6162
1218,泰山,16,0,16,中國信託-忠孝,2023-01-10,6162
6290,良維,26,11,15,中國信託-忠孝,2023-01-10,6162
2537,聯上發,15,0,15,中國信託-忠孝,2023-01-10,6162
1513,中興電,42,27,15,中國信託-忠孝,2023-01-10,6162
8086,宏捷科,20,6,14,中國信託-忠孝,2023-01-10,6162
00679B,元大美債20年,34,21,13,中國信託-忠孝,2023-01-10,6162
00715L,期街口布蘭特正2,13,0,13,中國信託-忠孝,2023-01-10,6162
8210,勤誠,12,0,12,中國信託-忠孝,2023-01-10,6162
2367,燿華,12,0,12,中國信託-忠孝,2023-01-10,6162
1752,南光,22,11,11,中國信託-忠孝,2023-01-10,6162
00882,中信中國高股息,11,1,10,中國信託-忠孝,2023-01-10,6162
3504,揚明光,12,2,10,中國信託-忠孝,2023-01-10,6162
2851,中再保,10,0,10,中國信託-忠孝,2023-01-10,6162
3105,穩懋,26,16,10,中國信託-忠孝,2023-01-10,6162
4438,廣越,10,0,10,中國信託-忠孝,2023-01-10,6162
6830,汎銓,10,0,10,中國信託-忠孝,2023-01-10,6162
4743,合一,10,0,10,中國信託-忠孝,2023-01-10,6162
8183,精星,10,0,10,中國信託-忠孝,2023-01-10,6162
3024,憶聲,9,0,9,中國信託-忠孝,2023-01-10,6162
2038,海光,10,1,9,中國信託-忠孝,2023-01-10,6162
3596,智易,10,2,8,中國信託-忠孝,2023-01-10,6162
00720B,元大投資級公司債,8,1,7,中國信託-忠孝,2023-01-10,6162
6443,元晶,52,45,7,中國信託-忠孝,2023-01-10,6162
2025,千興,7,0,7,中國信託-忠孝,2023-01-10,6162
3217,優群,7,0,7,中國信託-忠孝,2023-01-10,6162
00713,元大台灣高息低波,14,7,7,中國信託-忠孝,2023-01-10,6162
1536,和大,6,0,6,中國信託-忠孝,2023-01-10,6162
2834,臺企銀,2410,2,2408,中國信託-忠孝,2023-01-11,6162
00753L,中信中國50正2,251,0,251,中國信託-忠孝,2023-01-11,6162
00892,富邦台灣半導體,187,0,187,中國信託-忠孝,2023-01-11,6162
00641R,富邦日本反1,100,0,100,中國信託-忠孝,2023-01-11,6162
00683L,期元大美元指正2,100,8,92,中國信託-忠孝,2023-01-11,6162
00772B,中信高評級公司債,74,0,74,中國信託-忠孝,2023-01-11,6162
2603,長榮,61,11,50,中國信託-忠孝,2023-01-11,6162
8936,國統,50,0,50,中國信託-忠孝,2023-01-11,6162
1529,樂事綠能,51,1,50,中國信託-忠孝,2023-01-11,6162
00679B,元大美債20年,35,0,35,中國信託-忠孝,2023-01-11,6162
5439,高技,33,0,33,中國信託-忠孝,2023-01-11,6162
6026,福邦證,30,0,30,中國信託-忠孝,2023-01-11,6162
1783,和康生,30,0,30,中國信託-忠孝,2023-01-11,6162
3027,盛達,44,18,26,中國信託-忠孝,2023-01-11,6162
2915,潤泰全,21,1,20,中國信託-忠孝,2023-01-11,6162
2845,遠東銀,20,0,20,中國信託-忠孝,2023-01-11,6162
6609,瀧澤科,35,15,20,中國信託-忠孝,2023-01-11,6162
2888,新光金,29,10,19,中國信託-忠孝,2023-01-11,6162
1584,精剛,39,21,18,中國信託-忠孝,2023-01-11,6162
3035,智原,24,6,18,中國信託-忠孝,2023-01-11,6162
3704,合勤控,28,11,17,中國信託-忠孝,2023-01-11,6162
1809,中釉,22,7,15,中國信託-忠孝,2023-01-11,6162
2413,環科,18,3,15,中國信託-忠孝,2023-01-11,6162
00878,國泰永續高股息,26,12,14,中國信託-忠孝,2023-01-11,6162
00637L,元大滬深300正2,40,26,14,中國信託-忠孝,2023-01-11,6162
3708,上緯投控,13,0,13,中國信託-忠孝,2023-01-11,6162
1762,中化生,12,0,12,中國信託-忠孝,2023-01-11,6162
2609,陽明,22,11,11,中國信託-忠孝,2023-01-11,6162
5309,系統電,11,0,11,中國信託-忠孝,2023-01-11,6162
3466,德晉,11,0,11,中國信託-忠孝,2023-01-11,6162
00720B,元大投資級公司債,11,0,11,中國信託-忠孝,2023-01-11,6162
2465,麗臺,14,3,11,中國信託-忠孝,2023-01-11,6162
2317,鴻海,12,2,10,中國信託-忠孝,2023-01-11,6162
2887,台新金,13,3,10,中國信託-忠孝,2023-01-11,6162
4916,事欣科,10,0,10,中國信託-忠孝,2023-01-11,6162
2436,偉詮電,11,1,10,中國信託-忠孝,2023-01-11,6162
5443,均豪,30,20,10,中國信託-忠孝,2023-01-11,6162
3013,晟銘電,10,0,10,中國信託-忠孝,2023-01-11,6162
00680L,元大美債20正2,10,0,10,中國信託-忠孝,2023-01-11,6162
5483,中美晶,15,5,10,中國信託-忠孝,2023-01-11,6162
5014,建錩,10,0,10,中國信託-忠孝,2023-01-11,6162
8040,九暘,10,0,10,中國信託-忠孝,2023-01-11,6162
1402,遠東新,10,1,9,中國信託-忠孝,2023-01-11,6162
1810,和成,9,0,9,中國信託-忠孝,2023-01-11,6162
6188,廣明,9,0,9,中國信託-忠孝,2023-01-11,6162
6830,汎銓,9,0,9,中國信託-忠孝,2023-01-11,6162
2884,玉山金,10,2,8,中國信託-忠孝,2023-01-11,6162
2313,華通,96,88,8,中國信託-忠孝,2023-01-11,6162
4904,遠傳,8,0,8,中國信託-忠孝,2023-01-11,6162
00712,復華富時不動產,10,2,8,中國信託-忠孝,2023-01-11,6162
00637L,元大滬深300正2,958,401,557,中國信託-忠孝,2023-01-12,6162
8105,凌巨,432,0,432,中國信託-忠孝,2023-01-12,6162
00651R,復華香港反1,130,0,130,中國信託-忠孝,2023-01-12,6162
2834,臺企銀,115,6,109,中國信託-忠孝,2023-01-12,6162
00753L,中信中國50正2,100,0,100,中國信託-忠孝,2023-01-12,6162
2358,廷鑫,170,99,71,中國信託-忠孝,2023-01-12,6162
2603,長榮,78,10,68,中國信託-忠孝,2023-01-12,6162
00878,國泰永續高股息,71,5,66,中國信託-忠孝,2023-01-12,6162
5263,智崴,63,10,53,中國信託-忠孝,2023-01-12,6162
00772B,中信高評級公司債,54,1,53,中國信託-忠孝,2023-01-12,6162
5321,美而快,98,46,52,中國信託-忠孝,2023-01-12,6162
2706,第一店,50,0,50,中國信託-忠孝,2023-01-12,6162
2431,聯昌,50,0,50,中國信託-忠孝,2023-01-12,6162
2303,聯電,87,39,48,中國信託-忠孝,2023-01-12,6162
00882,中信中國高股息,50,16,34,中國信託-忠孝,2023-01-12,6162
2618,長榮航,33,2,31,中國信託-忠孝,2023-01-12,6162
6026,福邦證,30,0,30,中國信託-忠孝,2023-01-12,6162
2915,潤泰全,31,2,29,中國信託-忠孝,2023-01-12,6162
4114,健喬,88,59,29,中國信託-忠孝,2023-01-12,6162
00632R,元大台灣50反1,43,20,23,中國信託-忠孝,2023-01-12,6162
2436,偉詮電,24,1,23,中國信託-忠孝,2023-01-12,6162
3027,盛達,22,0,22,中國信託-忠孝,2023-01-12,6162
1608,華榮,20,0,20,中國信託-忠孝,2023-01-12,6162
2014,中鴻,58,38,20,中國信託-忠孝,2023-01-12,6162
2534,宏盛,67,49,18,中國信託-忠孝,2023-01-12,6162
1584,精剛,22,5,17,中國信託-忠孝,2023-01-12,6162
00752,中信中國50,16,0,16,中國信託-忠孝,2023-01-12,6162
00650L,復華香港正2,16,0,16,中國信託-忠孝,2023-01-12,6162
4915,致伸,16,1,15,中國信託-忠孝,2023-01-12,6162
00665L,富邦�琤肭磪囓�2,15,0,15,中國信託-忠孝,2023-01-12,6162
3037,欣興,22,8,14,中國信託-忠孝,2023-01-12,6162
8046,南電,20,7,13,中國信託-忠孝,2023-01-12,6162
00673R,期元大S＆P原油反1,13,0,13,中國信託-忠孝,2023-01-12,6162
3128,昇銳,15,2,13,中國信託-忠孝,2023-01-12,6162
3714,富采,14,2,12,中國信託-忠孝,2023-01-12,6162
3083,網龍,16,4,12,中國信託-忠孝,2023-01-12,6162
8044,網家,17,6,11,中國信託-忠孝,2023-01-12,6162
6472,保瑞,14,3,11,中國信託-忠孝,2023-01-12,6162
00770,國泰北美科技,11,0,11,中國信託-忠孝,2023-01-12,6162
6830,汎銓,11,0,11,中國信託-忠孝,2023-01-12,6162
4919,新唐,18,7,11,中國信託-忠孝,2023-01-12,6162
2884,玉山金,11,0,11,中國信託-忠孝,2023-01-12,6162
3533,嘉澤,15,5,10,中國信託-忠孝,2023-01-12,6162
2421,建準,10,0,10,中國信託-忠孝,2023-01-12,6162
1605,華新,176,166,10,中國信託-忠孝,2023-01-12,6162
4128,中天,17,7,10,中國信託-忠孝,2023-01-12,6162
00683L,期元大美元指正2,10,0,10,中國信託-忠孝,2023-01-12,6162
2317,鴻海,11,2,9,中國信託-忠孝,2023-01-12,6162
00669R,國泰美國道瓊反1,9,0,9,中國信託-忠孝,2023-01-12,6162
00919,群益台灣精選高息,9,0,9,中國信託-忠孝,2023-01-12,6162
00632R,元大台灣50反1,445,53,392,中國信託-忠孝,2023-01-13,6162
8105,凌巨,190,5,185,中國信託-忠孝,2023-01-13,6162
00895,富邦未來車,168,0,168,中國信託-忠孝,2023-01-13,6162
2534,宏盛,165,24,141,中國信託-忠孝,2023-01-13,6162
00772B,中信高評級公司債,139,22,117,中國信託-忠孝,2023-01-13,6162
00651R,復華香港反1,74,0,74,中國信託-忠孝,2023-01-13,6162
00673R,期元大S＆P原油反1,66,0,66,中國信託-忠孝,2023-01-13,6162
00878,國泰永續高股息,82,17,65,中國信託-忠孝,2023-01-13,6162
00683L,期元大美元指正2,53,0,53,中國信託-忠孝,2023-01-13,6162
00671R,富邦NASDAQ反1,50,0,50,中國信託-忠孝,2023-01-13,6162
2702,華園,50,0,50,中國信託-忠孝,2023-01-13,6162
2614,東森,44,6,38,中國信託-忠孝,2023-01-13,6162
9958,世紀鋼,34,4,30,中國信託-忠孝,2023-01-13,6162
2511,太子,25,0,25,中國信託-忠孝,2023-01-13,6162
3035,智原,41,16,25,中國信託-忠孝,2023-01-13,6162
00885,富邦越南,22,0,22,中國信託-忠孝,2023-01-13,6162
6104,創惟,57,36,21,中國信託-忠孝,2023-01-13,6162
5243,乙盛-KY,21,0,21,中國信託-忠孝,2023-01-13,6162
6719,力智,20,0,20,中國信託-忠孝,2023-01-13,6162
8028,昇陽半導體,21,4,17,中國信託-忠孝,2023-01-13,6162
4770,上品,16,1,15,中國信託-忠孝,2023-01-13,6162
1515,力山,15,0,15,中國信託-忠孝,2023-01-13,6162
6541,泰福-KY,13,0,13,中國信託-忠孝,2023-01-13,6162
00773B,中信優先金融債,14,2,12,中國信託-忠孝,2023-01-13,6162
5439,高技,12,0,12,中國信託-忠孝,2023-01-13,6162
2027,大成鋼,27,15,12,中國信託-忠孝,2023-01-13,6162
00712,復華富時不動產,23,12,11,中國信託-忠孝,2023-01-13,6162
5905,南仁湖,10,0,10,中國信託-忠孝,2023-01-13,6162
2367,燿華,10,0,10,中國信託-忠孝,2023-01-13,6162
2890,永豐金,10,0,10,中國信託-忠孝,2023-01-13,6162
00900,富邦特選高股息30,10,0,10,中國信託-忠孝,2023-01-13,6162
8932,智通*,18,8,10,中國信託-忠孝,2023-01-13,6162
8050,廣積,12,2,10,中國信託-忠孝,2023-01-13,6162
5321,美而快,23,13,10,中國信託-忠孝,2023-01-13,6162
2468,華經,35,26,9,中國信託-忠孝,2023-01-13,6162
4968,立積,30,21,9,中國信託-忠孝,2023-01-13,6162
3105,穩懋,25,16,9,中國信託-忠孝,2023-01-13,6162
1308,亞聚,13,4,9,中國信託-忠孝,2023-01-13,6162
3454,晶睿,16,7,9,中國信託-忠孝,2023-01-13,6162
6763,綠界科技*,10,2,8,中國信託-忠孝,2023-01-13,6162
2442,新美齊,8,0,8,中國信託-忠孝,2023-01-13,6162
1514,亞力,10,3,7,中國信託-忠孝,2023-01-13,6162
1513,中興電,8,1,7,中國信託-忠孝,2023-01-13,6162
8086,宏捷科,7,0,7,中國信託-忠孝,2023-01-13,6162
00892,富邦台灣半導體,8,1,7,中國信託-忠孝,2023-01-13,6162
00891,中信關鍵半導體,6,0,6,中國信託-忠孝,2023-01-13,6162
2834,臺企銀,10,4,6,中國信託-忠孝,2023-01-13,6162
2358,廷鑫,35,29,6,中國信託-忠孝,2023-01-13,6162
5608,四維航,7,1,6,中國信託-忠孝,2023-01-13,6162
3576,聯合再生,6,0,6,中國信託-忠孝,2023-01-13,6162
00665L,富邦�琤肭磪囓�2,219,10,209,中國信託-忠孝,2023-01-16,6162
00637L,元大滬深300正2,1758,1566,192,中國信託-忠孝,2023-01-16,6162
00673R,期元大S＆P原油反1,167,0,167,中國信託-忠孝,2023-01-16,6162
00632R,元大台灣50反1,142,20,122,中國信託-忠孝,2023-01-16,6162
00651R,復華香港反1,100,0,100,中國信託-忠孝,2023-01-16,6162
00882,中信中國高股息,118,39,79,中國信託-忠孝,2023-01-16,6162
2534,宏盛,64,0,64,中國信託-忠孝,2023-01-16,6162
3693,營邦,101,46,55,中國信託-忠孝,2023-01-16,6162
00753L,中信中國50正2,51,0,51,中國信託-忠孝,2023-01-16,6162
00671R,富邦NASDAQ反1,50,0,50,中國信託-忠孝,2023-01-16,6162
2338,光罩,75,27,48,中國信託-忠孝,2023-01-16,6162
0050,元大台灣50,54,9,45,中國信託-忠孝,2023-01-16,6162
2317,鴻海,42,2,40,中國信託-忠孝,2023-01-16,6162
00720B,元大投資級公司債,38,1,37,中國信託-忠孝,2023-01-16,6162
00633L,富邦上証正2,37,3,34,中國信託-忠孝,2023-01-16,6162
2610,華航,35,3,32,中國信託-忠孝,2023-01-16,6162
00885,富邦越南,31,0,31,中國信託-忠孝,2023-01-16,6162
3675,德微,36,6,30,中國信託-忠孝,2023-01-16,6162
2511,太子,30,1,29,中國信託-忠孝,2023-01-16,6162
1752,南光,34,8,26,中國信託-忠孝,2023-01-16,6162
2812,台中銀,25,0,25,中國信託-忠孝,2023-01-16,6162
2014,中鴻,24,0,24,中國信託-忠孝,2023-01-16,6162
4167,松瑞藥,25,3,22,中國信託-忠孝,2023-01-16,6162
2609,陽明,34,14,20,中國信託-忠孝,2023-01-16,6162
3708,上緯投控,21,1,20,中國信託-忠孝,2023-01-16,6162
8932,智通*,20,0,20,中國信託-忠孝,2023-01-16,6162
2498,宏達電,37,18,19,中國信託-忠孝,2023-01-16,6162
2634,漢翔,23,4,19,中國信託-忠孝,2023-01-16,6162
2882,國泰金,17,1,16,中國信託-忠孝,2023-01-16,6162
00900,富邦特選高股息30,16,0,16,中國信託-忠孝,2023-01-16,6162
6282,康舒,15,0,15,中國信託-忠孝,2023-01-16,6162
6770,力積電,15,0,15,中國信託-忠孝,2023-01-16,6162
5386,青雲,14,0,14,中國信託-忠孝,2023-01-16,6162
1308,亞聚,13,0,13,中國信託-忠孝,2023-01-16,6162
00712,復華富時不動產,11,0,11,中國信託-忠孝,2023-01-16,6162
6741,91APP*-KY,12,1,11,中國信託-忠孝,2023-01-16,6162
1307,三芳,11,0,11,中國信託-忠孝,2023-01-16,6162
2409,友達,11,1,10,中國信託-忠孝,2023-01-16,6162
00706L,期元大S＆P日圓正2,10,0,10,中國信託-忠孝,2023-01-16,6162
8936,國統,10,0,10,中國信託-忠孝,2023-01-16,6162
00770,國泰北美科技,10,1,9,中國信託-忠孝,2023-01-16,6162
00898,國泰基因免疫革命,9,0,9,中國信託-忠孝,2023-01-16,6162
1712,興農,9,0,9,中國信託-忠孝,2023-01-16,6162
6443,元晶,14,6,8,中國信託-忠孝,2023-01-16,6162
8478,東哥遊艇,22,14,8,中國信託-忠孝,2023-01-16,6162
2009,第一銅,10,3,7,中國信託-忠孝,2023-01-16,6162
1519,華城,9,2,7,中國信託-忠孝,2023-01-16,6162
8358,金居,22,15,7,中國信託-忠孝,2023-01-16,6162
2603,長榮,17,10,7,中國信託-忠孝,2023-01-16,6162
6446,藥華藥,8,2,6,中國信託-忠孝,2023-01-16,6162
00637L,元大滬深300正2,1820,3,1817,中國信託-忠孝,2023-01-17,6162
00655L,國泰中國A50正2,90,0,90,中國信託-忠孝,2023-01-17,6162
3693,營邦,121,39,82,中國信託-忠孝,2023-01-17,6162
2201,裕隆,128,49,79,中國信託-忠孝,2023-01-17,6162
00671R,富邦NASDAQ反1,47,0,47,中國信託-忠孝,2023-01-17,6162
00720B,元大投資級公司債,40,0,40,中國信託-忠孝,2023-01-17,6162
8105,凌巨,40,2,38,中國信託-忠孝,2023-01-17,6162
5905,南仁湖,35,0,35,中國信託-忠孝,2023-01-17,6162
00706L,期元大S＆P日圓正2,32,0,32,中國信託-忠孝,2023-01-17,6162
2834,臺企銀,34,3,31,中國信託-忠孝,2023-01-17,6162
00679B,元大美債20年,29,0,29,中國信託-忠孝,2023-01-17,6162
5439,高技,28,0,28,中國信託-忠孝,2023-01-17,6162
00882,中信中國高股息,33,9,24,中國信託-忠孝,2023-01-17,6162
2401,凌陽,24,0,24,中國信託-忠孝,2023-01-17,6162
00636,國泰中國A50,21,0,21,中國信託-忠孝,2023-01-17,6162
00772B,中信高評級公司債,18,0,18,中國信託-忠孝,2023-01-17,6162
00752,中信中國50,25,9,16,中國信託-忠孝,2023-01-17,6162
2610,華航,16,1,15,中國信託-忠孝,2023-01-17,6162
3013,晟銘電,15,0,15,中國信託-忠孝,2023-01-17,6162
3624,光頡,15,0,15,中國信託-忠孝,2023-01-17,6162
1101,台泥,20,5,15,中國信託-忠孝,2023-01-17,6162
00650L,復華香港正2,12,0,12,中國信託-忠孝,2023-01-17,6162
00905,FT臺灣Smart,12,0,12,中國信託-忠孝,2023-01-17,6162
2317,鴻海,11,0,11,中國信託-忠孝,2023-01-17,6162
00770,國泰北美科技,21,10,11,中國信託-忠孝,2023-01-17,6162
4919,新唐,12,1,11,中國信託-忠孝,2023-01-17,6162
1809,中釉,11,0,11,中國信託-忠孝,2023-01-17,6162
1515,力山,10,0,10,中國信託-忠孝,2023-01-17,6162
4950,牧東,10,0,10,中國信託-忠孝,2023-01-17,6162
2204,中華,10,0,10,中國信託-忠孝,2023-01-17,6162
3149,正達,10,0,10,中國信託-忠孝,2023-01-17,6162
2884,玉山金,13,4,9,中國信託-忠孝,2023-01-17,6162
3027,盛達,10,1,9,中國信託-忠孝,2023-01-17,6162
2886,兆豐金,8,0,8,中國信託-忠孝,2023-01-17,6162
00673R,期元大S＆P原油反1,8,0,8,中國信託-忠孝,2023-01-17,6162
0056,元大高股息,18,10,8,中國信託-忠孝,2023-01-17,6162
2603,長榮,25,18,7,中國信託-忠孝,2023-01-17,6162
3685,元創精密,7,0,7,中國信託-忠孝,2023-01-17,6162
3536,誠創,6,0,6,中國信託-忠孝,2023-01-17,6162
2812,台中銀,6,0,6,中國信託-忠孝,2023-01-17,6162
2409,友達,10,4,6,中國信託-忠孝,2023-01-17,6162
8033,雷虎,6,0,6,中國信託-忠孝,2023-01-17,6162
1760,寶齡富錦,6,1,5,中國信託-忠孝,2023-01-17,6162
00731,復華富時高息低波,5,0,5,中國信託-忠孝,2023-01-17,6162
2880,華南金,5,0,5,中國信託-忠孝,2023-01-17,6162
2028,威致,5,0,5,中國信託-忠孝,2023-01-17,6162
2486,一詮,5,0,5,中國信託-忠孝,2023-01-17,6162
00642U,期元大S＆P石油,5,0,5,中國信託-忠孝,2023-01-17,6162
2913,農林,5,0,5,中國信託-忠孝,2023-01-17,6162
2891,中信金,9,5,4,中國信託-忠孝,2023-01-17,6162
2888,新光金,140,13,127,中國信託-忠孝,2023-01-30,6162
2609,陽明,130,11,119,中國信託-忠孝,2023-01-30,6162
1447,力鵬,110,0,110,中國信託-忠孝,2023-01-30,6162
00651R,復華香港反1,98,0,98,中國信託-忠孝,2023-01-30,6162
6547,高端疫苗,104,6,98,中國信託-忠孝,2023-01-30,6162
00892,富邦台灣半導體,100,7,93,中國信託-忠孝,2023-01-30,6162
00673R,期元大S＆P原油反1,62,0,62,中國信託-忠孝,2023-01-30,6162
8105,凌巨,60,0,60,中國信託-忠孝,2023-01-30,6162
2534,宏盛,60,5,55,中國信託-忠孝,2023-01-30,6162
2634,漢翔,51,1,50,中國信託-忠孝,2023-01-30,6162
00878,國泰永續高股息,127,84,43,中國信託-忠孝,2023-01-30,6162
00772B,中信高評級公司債,37,2,35,中國信託-忠孝,2023-01-30,6162
00655L,國泰中國A50正2,31,0,31,中國信託-忠孝,2023-01-30,6162
4958,臻鼎-KY,30,1,29,中國信託-忠孝,2023-01-30,6162
2317,鴻海,62,34,28,中國信託-忠孝,2023-01-30,6162
00679B,元大美債20年,34,6,28,中國信託-忠孝,2023-01-30,6162
00882,中信中國高股息,36,10,26,中國信託-忠孝,2023-01-30,6162
00632R,元大台灣50反1,244,219,25,中國信託-忠孝,2023-01-30,6162
2349,錸德,35,10,25,中國信託-忠孝,2023-01-30,6162
6290,良維,24,0,24,中國信託-忠孝,2023-01-30,6162
2404,漢唐,24,3,21,中國信託-忠孝,2023-01-30,6162
6443,元晶,28,7,21,中國信託-忠孝,2023-01-30,6162
00720B,元大投資級公司債,57,37,20,中國信託-忠孝,2023-01-30,6162
00685L,群益臺灣加權正2,20,0,20,中國信託-忠孝,2023-01-30,6162
4977,眾達-KY,26,7,19,中國信託-忠孝,2023-01-30,6162
2884,玉山金,33,15,18,中國信託-忠孝,2023-01-30,6162
2338,光罩,22,4,18,中國信託-忠孝,2023-01-30,6162
6531,愛普*,20,4,16,中國信託-忠孝,2023-01-30,6162
2201,裕隆,35,21,14,中國信託-忠孝,2023-01-30,6162
6541,泰福-KY,17,3,14,中國信託-忠孝,2023-01-30,6162
8050,廣積,20,6,14,中國信託-忠孝,2023-01-30,6162
0056,元大高股息,32,20,12,中國信託-忠孝,2023-01-30,6162
00726B,國泰新興投等債,12,0,12,中國信託-忠孝,2023-01-30,6162
2442,新美齊,11,0,11,中國信託-忠孝,2023-01-30,6162
8171,天宇,17,6,11,中國信託-忠孝,2023-01-30,6162
3443,創意,21,10,11,中國信託-忠孝,2023-01-30,6162
2204,中華,14,3,11,中國信託-忠孝,2023-01-30,6162
2615,萬海,13,3,10,中國信託-忠孝,2023-01-30,6162
1605,華新,379,369,10,中國信託-忠孝,2023-01-30,6162
1712,興農,10,0,10,中國信託-忠孝,2023-01-30,6162
3592,瑞鼎,10,0,10,中國信託-忠孝,2023-01-30,6162
6548,長科*,10,0,10,中國信託-忠孝,2023-01-30,6162
6788,華景電,13,4,9,中國信託-忠孝,2023-01-30,6162
6182,合晶,11,3,8,中國信託-忠孝,2023-01-30,6162
00751B,元大AAA至A公司債,8,0,8,中國信託-忠孝,2023-01-30,6162
3041,揚智,10,2,8,中國信託-忠孝,2023-01-30,6162
1312,國喬,10,2,8,中國信託-忠孝,2023-01-30,6162
9105,泰金寶-DR,10,2,8,中國信託-忠孝,2023-01-30,6162
4743,合一,9,1,8,中國信託-忠孝,2023-01-30,6162
6285,啟��,9,1,8,中國信託-忠孝,2023-01-30,6162
00637L,元大滬深300正2,691,7,684,中國信託-忠孝,2023-01-31,6162
8105,凌巨,351,55,296,中國信託-忠孝,2023-01-31,6162
2375,凱美,131,1,130,中國信託-忠孝,2023-01-31,6162
00882,中信中國高股息,124,15,109,中國信託-忠孝,2023-01-31,6162
00878,國泰永續高股息,101,25,76,中國信託-忠孝,2023-01-31,6162
2317,鴻海,121,61,60,中國信託-忠孝,2023-01-31,6162
3499,環天科,60,10,50,中國信託-忠孝,2023-01-31,6162
4979,華星光,90,42,48,中國信託-忠孝,2023-01-31,6162
00905,FT臺灣Smart,46,0,46,中國信託-忠孝,2023-01-31,6162
2412,中華電,39,0,39,中國信託-忠孝,2023-01-31,6162
2201,裕隆,282,245,37,中國信託-忠孝,2023-01-31,6162
00772B,中信高評級公司債,33,0,33,中國信託-忠孝,2023-01-31,6162
00679B,元大美債20年,33,0,33,中國信託-忠孝,2023-01-31,6162
3162,精確,32,0,32,中國信託-忠孝,2023-01-31,6162
00751B,元大AAA至A公司債,31,0,31,中國信託-忠孝,2023-01-31,6162
3714,富采,31,0,31,中國信託-忠孝,2023-01-31,6162
6541,泰福-KY,30,0,30,中國信託-忠孝,2023-01-31,6162
1524,耿鼎,30,0,30,中國信託-忠孝,2023-01-31,6162
5258,虹堡,55,25,30,中國信託-忠孝,2023-01-31,6162
4961,天鈺,32,3,29,中國信託-忠孝,2023-01-31,6162
6770,力積電,33,4,29,中國信託-忠孝,2023-01-31,6162
2890,永豐金,29,1,28,中國信託-忠孝,2023-01-31,6162
4128,中天,42,15,27,中國信託-忠孝,2023-01-31,6162
00720B,元大投資級公司債,27,0,27,中國信託-忠孝,2023-01-31,6162
2330,台積電,51,27,24,中國信託-忠孝,2023-01-31,6162
3305,昇貿,35,11,24,中國信託-忠孝,2023-01-31,6162
6118,建達,35,11,24,中國信託-忠孝,2023-01-31,6162
00665L,富邦�琤肭磪囓�2,22,0,22,中國信託-忠孝,2023-01-31,6162
00892,富邦台灣半導體,22,1,21,中國信託-忠孝,2023-01-31,6162
2049,上銀,24,2,22,中國信託-忠孝,2023-01-31,6162
1336,台翰,20,0,20,中國信託-忠孝,2023-01-31,6162
1513,中興電,182,162,20,中國信託-忠孝,2023-01-31,6162
00715L,期街口布蘭特正2,19,0,19,中國信託-忠孝,2023-01-31,6162
00919,群益台灣精選高息,19,0,19,中國信託-忠孝,2023-01-31,6162
4768,晶呈科技,22,4,18,中國信託-忠孝,2023-01-31,6162
00712,復華富時不動產,24,9,15,中國信託-忠孝,2023-01-31,6162
006208,富邦台50,17,2,15,中國信託-忠孝,2023-01-31,6162
2892,第一金,14,0,14,中國信託-忠孝,2023-01-31,6162
2812,台中銀,13,0,13,中國信託-忠孝,2023-01-31,6162
2885,元大金,13,0,13,中國信託-忠孝,2023-01-31,6162
3128,昇銳,14,1,13,中國信託-忠孝,2023-01-31,6162
3035,智原,16,4,12,中國信託-忠孝,2023-01-31,6162
3189,景碩,14,2,12,中國信託-忠孝,2023-01-31,6162
3592,瑞鼎,17,5,12,中國信託-忠孝,2023-01-31,6162
6213,聯茂,21,9,12,中國信託-忠孝,2023-01-31,6162
2618,長榮航,36,24,12,中國信託-忠孝,2023-01-31,6162
00692,富邦公司治理,11,0,11,中國信託-忠孝,2023-01-31,6162
2884,玉山金,11,0,11,中國信託-忠孝,2023-01-31,6162
2329,華泰,18,7,11,中國信託-忠孝,2023-01-31,6162
1305,華夏,12,1,11,中國信託-忠孝,2023-01-31,6162
8936,國統,132,0,132,中國信託-忠孝,2023-02-01,6162
1313,聯成,100,0,100,中國信託-忠孝,2023-02-01,6162
00637L,元大滬深300正2,81,2,79,中國信託-忠孝,2023-02-01,6162
8222,寶一,90,12,78,中國信託-忠孝,2023-02-01,6162
00878,國泰永續高股息,97,23,74,中國信託-忠孝,2023-02-01,6162
6541,泰福-KY,60,0,60,中國信託-忠孝,2023-02-01,6162
4950,牧東,61,2,59,中國信託-忠孝,2023-02-01,6162
2834,臺企銀,51,0,51,中國信託-忠孝,2023-02-01,6162
2801,彰銀,50,0,50,中國信託-忠孝,2023-02-01,6162
00673R,期元大S＆P原油反1,50,0,50,中國信託-忠孝,2023-02-01,6162
1101,台泥,51,3,48,中國信託-忠孝,2023-02-01,6162
2891,中信金,49,5,44,中國信託-忠孝,2023-02-01,6162
00882,中信中國高股息,49,5,44,中國信託-忠孝,2023-02-01,6162
1809,中釉,57,13,44,中國信託-忠孝,2023-02-01,6162
8105,凌巨,45,1,44,中國信託-忠孝,2023-02-01,6162
3207,耀勝,48,8,40,中國信託-忠孝,2023-02-01,6162
2204,中華,31,0,31,中國信託-忠孝,2023-02-01,6162
1310,台苯,32,1,31,中國信託-忠孝,2023-02-01,6162
2412,中華電,45,15,30,中國信託-忠孝,2023-02-01,6162
2409,友達,48,20,28,中國信託-忠孝,2023-02-01,6162
0056,元大高股息,33,6,27,中國信託-忠孝,2023-02-01,6162
5258,虹堡,163,138,25,中國信託-忠孝,2023-02-01,6162
4770,上品,35,10,25,中國信託-忠孝,2023-02-01,6162
5309,系統電,29,5,24,中國信託-忠孝,2023-02-01,6162
3708,上緯投控,25,2,23,中國信託-忠孝,2023-02-01,6162
3037,欣興,37,15,22,中國信託-忠孝,2023-02-01,6162
0050,元大台灣50,25,3,22,中國信託-忠孝,2023-02-01,6162
1785,光洋科,20,0,20,中國信託-忠孝,2023-02-01,6162
8027,鈦昇,20,0,20,中國信託-忠孝,2023-02-01,6162
2482,連宇,31,11,20,中國信託-忠孝,2023-02-01,6162
2376,技嘉,20,1,19,中國信託-忠孝,2023-02-01,6162
8016,矽創,24,6,18,中國信託-忠孝,2023-02-01,6162
1810,和成,34,16,18,中國信託-忠孝,2023-02-01,6162
2413,環科,37,20,17,中國信託-忠孝,2023-02-01,6162
2375,凱美,18,2,16,中國信託-忠孝,2023-02-01,6162
2390,云辰,16,0,16,中國信託-忠孝,2023-02-01,6162
2881,富邦金,17,2,15,中國信託-忠孝,2023-02-01,6162
3501,維熹,15,0,15,中國信託-忠孝,2023-02-01,6162
8044,網家,26,11,15,中國信託-忠孝,2023-02-01,6162
00905,FT臺灣Smart,15,0,15,中國信託-忠孝,2023-02-01,6162
2609,陽明,22,8,14,中國信託-忠孝,2023-02-01,6162
3293,鈊象,15,1,14,中國信託-忠孝,2023-02-01,6162
6213,聯茂,13,0,13,中國信託-忠孝,2023-02-01,6162
4931,新盛力,13,0,13,中國信託-忠孝,2023-02-01,6162
00919,群益台灣精選高息,12,0,12,中國信託-忠孝,2023-02-01,6162
6129,普誠,24,12,12,中國信託-忠孝,2023-02-01,6162
2421,建準,11,0,11,中國信託-忠孝,2023-02-01,6162
2329,華泰,11,0,11,中國信託-忠孝,2023-02-01,6162
2883,凱基金,40,30,10,中國信託-忠孝,2023-02-01,6162
3596,智易,10,0,10,中國信託-忠孝,2023-02-01,6162
2317,鴻海,128,6,122,中國信託-忠孝,2023-02-02,6162
00637L,元大滬深300正2,108,2,106,中國信託-忠孝,2023-02-02,6162
2312,金寶,101,0,101,中國信託-忠孝,2023-02-02,6162
00878,國泰永續高股息,153,62,91,中國信託-忠孝,2023-02-02,6162
1310,台苯,84,0,84,中國信託-忠孝,2023-02-02,6162
00715L,期街口布蘭特正2,79,0,79,中國信託-忠孝,2023-02-02,6162
00885,富邦越南,80,5,75,中國信託-忠孝,2023-02-02,6162
2891,中信金,84,10,74,中國信託-忠孝,2023-02-02,6162
3711,日月光投控,82,8,74,中國信託-忠孝,2023-02-02,6162
1605,華新,93,28,65,中國信託-忠孝,2023-02-02,6162
2618,長榮航,78,25,53,中國信託-忠孝,2023-02-02,6162
00753L,中信中國50正2,50,0,50,中國信託-忠孝,2023-02-02,6162
00882,中信中國高股息,51,8,43,中國信託-忠孝,2023-02-02,6162
1305,華夏,39,5,34,中國信託-忠孝,2023-02-02,6162
2049,上銀,35,1,34,中國信託-忠孝,2023-02-02,6162
2323,中環,30,0,30,中國信託-忠孝,2023-02-02,6162
8069,元太,77,47,30,中國信託-忠孝,2023-02-02,6162
0056,元大高股息,40,10,30,中國信託-忠孝,2023-02-02,6162
2468,華經,52,23,29,中國信託-忠孝,2023-02-02,6162
2534,宏盛,36,9,27,中國信託-忠孝,2023-02-02,6162
5371,中光電,25,0,25,中國信託-忠孝,2023-02-02,6162
4770,上品,22,0,22,中國信託-忠孝,2023-02-02,6162
3041,揚智,23,1,22,中國信託-忠孝,2023-02-02,6162
2610,華航,56,36,20,中國信託-忠孝,2023-02-02,6162
1785,光洋科,19,1,18,中國信託-忠孝,2023-02-02,6162
3046,建��,19,2,17,中國信託-忠孝,2023-02-02,6162
8936,國統,22,5,17,中國信託-忠孝,2023-02-02,6162
2890,永豐金,18,1,17,中國信託-忠孝,2023-02-02,6162
5009,榮剛,16,0,16,中國信託-忠孝,2023-02-02,6162
00679B,元大美債20年,36,20,16,中國信託-忠孝,2023-02-02,6162
2867,三商壽,15,0,15,中國信託-忠孝,2023-02-02,6162
8033,雷虎,16,1,15,中國信託-忠孝,2023-02-02,6162
2892,第一金,14,0,14,中國信託-忠孝,2023-02-02,6162
2615,萬海,15,1,14,中國信託-忠孝,2023-02-02,6162
2886,兆豐金,15,3,12,中國信託-忠孝,2023-02-02,6162
8096,擎亞,12,0,12,中國信託-忠孝,2023-02-02,6162
00655L,國泰中國A50正2,16,4,12,中國信託-忠孝,2023-02-02,6162
6806,森崴能源,16,4,12,中國信託-忠孝,2023-02-02,6162
6443,元晶,105,93,12,中國信託-忠孝,2023-02-02,6162
00687B,國泰20年美債,12,0,12,中國信託-忠孝,2023-02-02,6162
2884,玉山金,18,6,12,中國信託-忠孝,2023-02-02,6162
8933,愛地雅,11,0,11,中國信託-忠孝,2023-02-02,6162
6669,緯穎,16,5,11,中國信託-忠孝,2023-02-02,6162
2344,華邦電,42,31,11,中國信託-忠孝,2023-02-02,6162
2492,華新科,20,9,11,中國信託-忠孝,2023-02-02,6162
8046,南電,17,6,11,中國信託-忠孝,2023-02-02,6162
5351,鈺創,30,20,10,中國信託-忠孝,2023-02-02,6162
00651R,復華香港反1,10,0,10,中國信託-忠孝,2023-02-02,6162
6415,矽力*-KY,10,0,10,中國信託-忠孝,2023-02-02,6162
3312,弘憶股,10,0,10,中國信託-忠孝,2023-02-02,6162
00632R,元大台灣50反1,502,0,502,中國信託-忠孝,2023-02-03,6162
00637L,元大滬深300正2,279,11,268,中國信託-忠孝,2023-02-03,6162
8105,凌巨,180,25,155,中國信託-忠孝,2023-02-03,6162
00878,國泰永續高股息,142,29,113,中國信託-忠孝,2023-02-03,6162
00715L,期街口布蘭特正2,108,5,103,中國信託-忠孝,2023-02-03,6162
00679B,元大美債20年,137,34,103,中國信託-忠孝,2023-02-03,6162
2603,長榮,204,104,100,中國信託-忠孝,2023-02-03,6162
2317,鴻海,103,6,97,中國信託-忠孝,2023-02-03,6162
2615,萬海,117,21,96,中國信託-忠孝,2023-02-03,6162
4157,太景*-KY,86,0,86,中國信託-忠孝,2023-02-03,6162
00671R,富邦NASDAQ反1,68,0,68,中國信託-忠孝,2023-02-03,6162
2891,中信金,58,4,54,中國信託-忠孝,2023-02-03,6162
00882,中信中國高股息,71,20,51,中國信託-忠孝,2023-02-03,6162
3041,揚智,48,0,48,中國信託-忠孝,2023-02-03,6162
00753L,中信中國50正2,35,0,35,中國信託-忠孝,2023-02-03,6162
6472,保瑞,34,2,32,中國信託-忠孝,2023-02-03,6162
00666R,富邦�琤肭磪齯�1,32,0,32,中國信託-忠孝,2023-02-03,6162
2344,華邦電,28,0,28,中國信託-忠孝,2023-02-03,6162
00665L,富邦�琤肭磪囓�2,27,0,27,中國信託-忠孝,2023-02-03,6162
00772B,中信高評級公司債,26,0,26,中國信託-忠孝,2023-02-03,6162
00919,群益台灣精選高息,26,0,26,中國信託-忠孝,2023-02-03,6162
3492,長盛,38,13,25,中國信託-忠孝,2023-02-03,6162
2482,連宇,97,73,24,中國信託-忠孝,2023-02-03,6162
3004,豐達科,24,0,24,中國信託-忠孝,2023-02-03,6162
5439,高技,23,0,23,中國信託-忠孝,2023-02-03,6162
2444,兆勁,23,0,23,中國信託-忠孝,2023-02-03,6162
5608,四維航,44,21,23,中國信託-忠孝,2023-02-03,6162
00720B,元大投資級公司債,22,0,22,中國信託-忠孝,2023-02-03,6162
2329,華泰,23,1,22,中國信託-忠孝,2023-02-03,6162
8215,明基材,23,1,22,中國信託-忠孝,2023-02-03,6162
0050,元大台灣50,36,15,21,中國信託-忠孝,2023-02-03,6162
2409,友達,21,0,21,中國信託-忠孝,2023-02-03,6162
6830,汎銓,21,0,21,中國信託-忠孝,2023-02-03,6162
2495,普安,20,0,20,中國信託-忠孝,2023-02-03,6162
2534,宏盛,35,16,19,中國信託-忠孝,2023-02-03,6162
2476,鉅祥,20,1,19,中國信託-忠孝,2023-02-03,6162
2892,第一金,20,1,19,中國信託-忠孝,2023-02-03,6162
5351,鈺創,72,54,18,中國信託-忠孝,2023-02-03,6162
1584,精剛,21,3,18,中國信託-忠孝,2023-02-03,6162
2882,國泰金,17,0,17,中國信託-忠孝,2023-02-03,6162
1752,南光,17,0,17,中國信託-忠孝,2023-02-03,6162
2883,凱基金,18,1,17,中國信託-忠孝,2023-02-03,6162
1305,華夏,18,3,15,中國信託-忠孝,2023-02-03,6162
6245,立端,19,4,15,中國信託-忠孝,2023-02-03,6162
2743,山富,15,0,15,中國信託-忠孝,2023-02-03,6162
4564,元翎,15,0,15,中國信託-忠孝,2023-02-03,6162
00885,富邦越南,20,6,14,中國信託-忠孝,2023-02-03,6162
00893,國泰智能電動車,41,28,13,中國信託-忠孝,2023-02-03,6162
1810,和成,16,3,13,中國信託-忠孝,2023-02-03,6162
00650L,復華香港正2,13,0,13,中國信託-忠孝,2023-02-03,6162
1313,聯成,815,0,815,中國信託-忠孝,2023-02-06,6162
00637L,元大滬深300正2,518,130,388,中國信託-忠孝,2023-02-06,6162
2312,金寶,303,4,299,中國信託-忠孝,2023-02-06,6162
00878,國泰永續高股息,256,10,246,中國信託-忠孝,2023-02-06,6162
3290,東浦,153,0,153,中國信託-忠孝,2023-02-06,6162
1447,力鵬,150,0,150,中國信託-忠孝,2023-02-06,6162
2603,長榮,131,5,126,中國信託-忠孝,2023-02-06,6162
1101,台泥,120,1,119,中國信託-忠孝,2023-02-06,6162
00882,中信中國高股息,70,0,70,中國信託-忠孝,2023-02-06,6162
6235,華孚,106,37,69,中國信託-忠孝,2023-02-06,6162
00632R,元大台灣50反1,67,10,57,中國信託-忠孝,2023-02-06,6162
2534,宏盛,88,34,54,中國信託-忠孝,2023-02-06,6162
2330,台積電,57,4,53,中國信託-忠孝,2023-02-06,6162
00715L,期街口布蘭特正2,52,0,52,中國信託-忠孝,2023-02-06,6162
00679B,元大美債20年,48,0,48,中國信託-忠孝,2023-02-06,6162
00706L,期元大S＆P日圓正2,42,0,42,中國信託-忠孝,2023-02-06,6162
00772B,中信高評級公司債,38,0,38,中國信託-忠孝,2023-02-06,6162
3322,建舜電,37,0,37,中國信託-忠孝,2023-02-06,6162
00919,群益台灣精選高息,42,5,37,中國信託-忠孝,2023-02-06,6162
2891,中信金,41,5,36,中國信託-忠孝,2023-02-06,6162
1810,和成,35,0,35,中國信託-忠孝,2023-02-06,6162
00655L,國泰中國A50正2,35,0,35,中國信託-忠孝,2023-02-06,6162
2892,第一金,30,0,30,中國信託-忠孝,2023-02-06,6162
006208,富邦台50,29,0,29,中國信託-忠孝,2023-02-06,6162
00903,富邦元宇宙,30,2,28,中國信託-忠孝,2023-02-06,6162
00665L,富邦�琤肭磪囓�2,27,0,27,中國信託-忠孝,2023-02-06,6162
00676R,富邦臺灣加權反1,23,0,23,中國信託-忠孝,2023-02-06,6162
3004,豐達科,21,0,21,中國信託-忠孝,2023-02-06,6162
2349,錸德,21,0,21,中國信託-忠孝,2023-02-06,6162
0050,元大台灣50,31,11,20,中國信託-忠孝,2023-02-06,6162
2363,矽統,20,0,20,中國信託-忠孝,2023-02-06,6162
2606,裕民,20,0,20,中國信託-忠孝,2023-02-06,6162
2615,萬海,30,11,19,中國信託-忠孝,2023-02-06,6162
1795,美時,73,55,18,中國信託-忠孝,2023-02-06,6162
1605,華新,60,42,18,中國信託-忠孝,2023-02-06,6162
2884,玉山金,26,9,17,中國信託-忠孝,2023-02-06,6162
8050,廣積,19,2,17,中國信託-忠孝,2023-02-06,6162
9945,潤泰新,17,2,15,中國信託-忠孝,2023-02-06,6162
2734,易飛網,15,0,15,中國信託-忠孝,2023-02-06,6162
2883,凱基金,24,10,14,中國信託-忠孝,2023-02-06,6162
4903,聯光通,14,0,14,中國信託-忠孝,2023-02-06,6162
6603,富強鑫,14,0,14,中國信託-忠孝,2023-02-06,6162
00631L,元大台灣50正2,14,1,13,中國信託-忠孝,2023-02-06,6162
2736,富野,15,2,13,中國信託-忠孝,2023-02-06,6162
2368,金像電,12,0,12,中國信託-忠孝,2023-02-06,6162
00720B,元大投資級公司債,12,0,12,中國信託-忠孝,2023-02-06,6162
2314,台揚,12,0,12,中國信託-忠孝,2023-02-06,6162
2634,漢翔,13,1,12,中國信託-忠孝,2023-02-06,6162
00896,中信綠能及電動車,11,0,11,中國信託-忠孝,2023-02-06,6162
1701,中化,12,1,11,中國信託-忠孝,2023-02-06,6162
4113,聯上,600,0,600,中國信託-忠孝,2023-02-07,6162
00637L,元大滬深300正2,401,1,400,中國信託-忠孝,2023-02-07,6162
1447,力鵬,120,0,120,中國信託-忠孝,2023-02-07,6162
3290,東浦,102,0,102,中國信託-忠孝,2023-02-07,6162
1313,聯成,100,2,98,中國信託-忠孝,2023-02-07,6162
00753L,中信中國50正2,105,12,93,中國信託-忠孝,2023-02-07,6162
6116,彩晶,99,15,84,中國信託-忠孝,2023-02-07,6162
2317,鴻海,87,11,76,中國信託-忠孝,2023-02-07,6162
2498,宏達電,135,74,61,中國信託-忠孝,2023-02-07,6162
00878,國泰永續高股息,151,106,45,中國信託-忠孝,2023-02-07,6162
2425,承啟,49,13,36,中國信託-忠孝,2023-02-07,6162
1605,華新,406,372,34,中國信託-忠孝,2023-02-07,6162
6235,華孚,89,58,31,中國信託-忠孝,2023-02-07,6162
3306,鼎天,45,15,30,中國信託-忠孝,2023-02-07,6162
00706L,期元大S＆P日圓正2,30,0,30,中國信託-忠孝,2023-02-07,6162
3576,聯合再生,30,0,30,中國信託-忠孝,2023-02-07,6162
6120,達運,30,0,30,中國信託-忠孝,2023-02-07,6162
3162,精確,31,5,26,中國信託-忠孝,2023-02-07,6162
3390,旭軟,25,0,25,中國信託-忠孝,2023-02-07,6162
2883,凱基金,25,0,25,中國信託-忠孝,2023-02-07,6162
00679B,元大美債20年,24,0,24,中國信託-忠孝,2023-02-07,6162
00715L,期街口布蘭特正2,32,8,24,中國信託-忠孝,2023-02-07,6162
2884,玉山金,24,1,23,中國信託-忠孝,2023-02-07,6162
00680L,元大美債20正2,25,4,21,中國信託-忠孝,2023-02-07,6162
3231,緯創,21,1,20,中國信託-忠孝,2023-02-07,6162
1446,宏和,19,0,19,中國信託-忠孝,2023-02-07,6162
2607,榮運,19,0,19,中國信託-忠孝,2023-02-07,6162
3706,神達,18,0,18,中國信託-忠孝,2023-02-07,6162
6603,富強鑫,21,3,18,中國信託-忠孝,2023-02-07,6162
00882,中信中國高股息,18,0,18,中國信託-忠孝,2023-02-07,6162
4763,材料-KY,58,40,18,中國信託-忠孝,2023-02-07,6162
1752,南光,47,30,17,中國信託-忠孝,2023-02-07,6162
3083,網龍,20,3,17,中國信託-忠孝,2023-02-07,6162
2618,長榮航,26,9,17,中國信託-忠孝,2023-02-07,6162
6202,盛群,20,5,15,中國信託-忠孝,2023-02-07,6162
2201,裕隆,142,127,15,中國信託-忠孝,2023-02-07,6162
2302,麗正,35,21,14,中國信託-忠孝,2023-02-07,6162
2546,根基,13,0,13,中國信託-忠孝,2023-02-07,6162
2324,仁寶,20,7,13,中國信託-忠孝,2023-02-07,6162
4721,美琪瑪,14,1,13,中國信託-忠孝,2023-02-07,6162
6118,建達,20,7,13,中國信託-忠孝,2023-02-07,6162
6282,康舒,73,60,13,中國信託-忠孝,2023-02-07,6162
6712,長聖,19,7,12,中國信託-忠孝,2023-02-07,6162
5309,系統電,44,32,12,中國信託-忠孝,2023-02-07,6162
006208,富邦台50,13,1,12,中國信託-忠孝,2023-02-07,6162
2368,金像電,19,8,11,中國信託-忠孝,2023-02-07,6162
4128,中天,15,4,11,中國信託-忠孝,2023-02-07,6162
2476,鉅祥,11,0,11,中國信託-忠孝,2023-02-07,6162
4931,新盛力,11,0,11,中國信託-忠孝,2023-02-07,6162
00772B,中信高評級公司債,10,0,10,中國信託-忠孝,2023-02-07,6162
3017,奇鋐,268,3,265,中國信託-忠孝,2023-02-08,6162
00878,國泰永續高股息,157,27,130,中國信託-忠孝,2023-02-08,6162
00637L,元大滬深300正2,102,51,51,中國信託-忠孝,2023-02-08,6162
1447,力鵬,50,0,50,中國信託-忠孝,2023-02-08,6162
6116,彩晶,50,0,50,中國信託-忠孝,2023-02-08,6162
6180,橘子,55,15,40,中國信託-忠孝,2023-02-08,6162
5439,高技,35,0,35,中國信託-忠孝,2023-02-08,6162
3710,連展投控,33,0,33,中國信託-忠孝,2023-02-08,6162
00885,富邦越南,45,15,30,中國信託-忠孝,2023-02-08,6162
2883,凱基金,35,5,30,中國信託-忠孝,2023-02-08,6162
6546,正基,30,0,30,中國信託-忠孝,2023-02-08,6162
2890,永豐金,30,0,30,中國信託-忠孝,2023-02-08,6162
8088,品安,30,0,30,中國信託-忠孝,2023-02-08,6162
3310,佳穎,27,0,27,中國信託-忠孝,2023-02-08,6162
1218,泰山,26,0,26,中國信託-忠孝,2023-02-08,6162
6485,點序,25,0,25,中國信託-忠孝,2023-02-08,6162
2867,三商壽,25,0,25,中國信託-忠孝,2023-02-08,6162
5519,隆大,24,0,24,中國信託-忠孝,2023-02-08,6162
3004,豐達科,24,0,24,中國信託-忠孝,2023-02-08,6162
00772B,中信高評級公司債,23,0,23,中國信託-忠孝,2023-02-08,6162
00679B,元大美債20年,27,4,23,中國信託-忠孝,2023-02-08,6162
00680L,元大美債20正2,23,0,23,中國信託-忠孝,2023-02-08,6162
6770,力積電,36,15,21,中國信託-忠孝,2023-02-08,6162
00753L,中信中國50正2,21,0,21,中國信託-忠孝,2023-02-08,6162
00882,中信中國高股息,20,0,20,中國信託-忠孝,2023-02-08,6162
2888,新光金,20,0,20,中國信託-忠孝,2023-02-08,6162
2314,台揚,20,0,20,中國信託-忠孝,2023-02-08,6162
00688L,國泰20年美債正2,20,0,20,中國信託-忠孝,2023-02-08,6162
6712,長聖,24,4,20,中國信託-忠孝,2023-02-08,6162
8050,廣積,20,0,20,中國信託-忠孝,2023-02-08,6162
3149,正達,20,0,20,中國信託-忠孝,2023-02-08,6162
2338,光罩,30,10,20,中國信託-忠孝,2023-02-08,6162
1584,精剛,19,2,17,中國信託-忠孝,2023-02-08,6162
2353,宏��,20,3,17,中國信託-忠孝,2023-02-08,6162
2887,台新金,17,0,17,中國信託-忠孝,2023-02-08,6162
1513,中興電,29,13,16,中國信託-忠孝,2023-02-08,6162
4114,健喬,123,107,16,中國信託-忠孝,2023-02-08,6162
6188,廣明,16,0,16,中國信託-忠孝,2023-02-08,6162
3059,華晶科,34,19,15,中國信託-忠孝,2023-02-08,6162
6515,穎崴,19,4,15,中國信託-忠孝,2023-02-08,6162
2607,榮運,14,0,14,中國信託-忠孝,2023-02-08,6162
4167,松瑞藥,14,0,14,中國信託-忠孝,2023-02-08,6162
2891,中信金,15,2,13,中國信託-忠孝,2023-02-08,6162
3122,笙泉,14,1,13,中國信託-忠孝,2023-02-08,6162
2409,友達,105,92,13,中國信託-忠孝,2023-02-08,6162
00712,復華富時不動產,12,0,12,中國信託-忠孝,2023-02-08,6162
4931,新盛力,13,1,12,中國信託-忠孝,2023-02-08,6162
6443,元晶,46,35,11,中國信託-忠孝,2023-02-08,6162
3545,敦泰,13,2,11,中國信託-忠孝,2023-02-08,6162
00665L,富邦�琤肭磪囓�2,11,0,11,中國信託-忠孝,2023-02-08,6162
5213,亞昕,250,0,250,中國信託-忠孝,2023-02-09,6162
3017,奇鋐,243,36,207,中國信託-忠孝,2023-02-09,6162
00878,國泰永續高股息,154,2,152,中國信託-忠孝,2023-02-09,6162
00632R,元大台灣50反1,126,0,126,中國信託-忠孝,2023-02-09,6162
6282,康舒,196,76,120,中國信託-忠孝,2023-02-09,6162
2834,臺企銀,105,0,105,中國信託-忠孝,2023-02-09,6162
6552,易華電,147,63,84,中國信託-忠孝,2023-02-09,6162
6160,欣技,86,15,71,中國信託-忠孝,2023-02-09,6162
2401,凌陽,55,1,54,中國信託-忠孝,2023-02-09,6162
2409,友達,70,18,52,中國信託-忠孝,2023-02-09,6162
00905,FT臺灣Smart,42,0,42,中國信託-忠孝,2023-02-09,6162
00900,富邦特選高股息30,45,4,41,中國信託-忠孝,2023-02-09,6162
4167,松瑞藥,36,1,35,中國信託-忠孝,2023-02-09,6162
00885,富邦越南,32,0,32,中國信託-忠孝,2023-02-09,6162
6670,復盛應用,32,0,32,中國信託-忠孝,2023-02-09,6162
00666R,富邦�琤肭磪齯�1,30,0,30,中國信託-忠孝,2023-02-09,6162
2344,華邦電,33,6,27,中國信託-忠孝,2023-02-09,6162
3027,盛達,25,0,25,中國信託-忠孝,2023-02-09,6162
00772B,中信高評級公司債,24,0,24,中國信託-忠孝,2023-02-09,6162
1605,華新,27,4,23,中國信託-忠孝,2023-02-09,6162
2201,裕隆,91,70,21,中國信託-忠孝,2023-02-09,6162
2530,華建,20,0,20,中國信託-忠孝,2023-02-09,6162
1417,嘉裕,20,0,20,中國信託-忠孝,2023-02-09,6162
4919,新唐,33,13,20,中國信託-忠孝,2023-02-09,6162
00751B,元大AAA至A公司債,19,0,19,中國信託-忠孝,2023-02-09,6162
2897A,王道銀甲特,19,0,19,中國信託-忠孝,2023-02-09,6162
2368,金像電,21,3,18,中國信託-忠孝,2023-02-09,6162
0056,元大高股息,19,3,16,中國信託-忠孝,2023-02-09,6162
2883,凱基金,15,0,15,中國信託-忠孝,2023-02-09,6162
6541,泰福-KY,15,0,15,中國信託-忠孝,2023-02-09,6162
8050,廣積,16,1,15,中國信託-忠孝,2023-02-09,6162
3035,智原,46,32,14,中國信託-忠孝,2023-02-09,6162
1785,光洋科,14,0,14,中國信託-忠孝,2023-02-09,6162
2610,華航,44,30,14,中國信託-忠孝,2023-02-09,6162
3297,杭特,20,6,14,中國信託-忠孝,2023-02-09,6162
00706L,期元大S＆P日圓正2,14,0,14,中國信託-忠孝,2023-02-09,6162
8476,台境*,20,6,14,中國信託-忠孝,2023-02-09,6162
4967,十銓,14,0,14,中國信託-忠孝,2023-02-09,6162
6443,元晶,44,31,13,中國信託-忠孝,2023-02-09,6162
2329,華泰,13,0,13,中國信託-忠孝,2023-02-09,6162
00679B,元大美債20年,19,7,12,中國信託-忠孝,2023-02-09,6162
6118,建達,20,8,12,中國信託-忠孝,2023-02-09,6162
2412,中華電,12,0,12,中國信託-忠孝,2023-02-09,6162
2338,光罩,25,13,12,中國信託-忠孝,2023-02-09,6162
2367,燿華,12,0,12,中國信託-忠孝,2023-02-09,6162
4129,聯合,12,1,11,中國信託-忠孝,2023-02-09,6162
3105,穩懋,11,1,10,中國信託-忠孝,2023-02-09,6162
4743,合一,17,7,10,中國信託-忠孝,2023-02-09,6162
00888,永豐台灣ESG,10,0,10,中國信託-忠孝,2023-02-09,6162
2013,中鋼構,10,0,10,中國信託-忠孝,2023-02-09,6162
00878,國泰永續高股息,864,5,859,中國信託-忠孝,2023-02-10,6162
3017,奇鋐,482,4,478,中國信託-忠孝,2023-02-10,6162
00637L,元大滬深300正2,461,59,402,中國信託-忠孝,2023-02-10,6162
2534,宏盛,251,6,245,中國信託-忠孝,2023-02-10,6162
5258,虹堡,226,3,223,中國信託-忠孝,2023-02-10,6162
2883,凱基金,125,18,107,中國信託-忠孝,2023-02-10,6162
2409,友達,83,1,82,中國信託-忠孝,2023-02-10,6162
6472,保瑞,91,14,77,中國信託-忠孝,2023-02-10,6162
6235,華孚,119,52,67,中國信託-忠孝,2023-02-10,6162
00680L,元大美債20正2,53,0,53,中國信託-忠孝,2023-02-10,6162
00882,中信中國高股息,52,0,52,中國信託-忠孝,2023-02-10,6162
00632R,元大台灣50反1,51,0,51,中國信託-忠孝,2023-02-10,6162
00772B,中信高評級公司債,65,14,51,中國信託-忠孝,2023-02-10,6162
4979,華星光,95,46,49,中國信託-忠孝,2023-02-10,6162
6282,康舒,62,17,45,中國信託-忠孝,2023-02-10,6162
6143,振曜,50,6,44,中國信託-忠孝,2023-02-10,6162
00751B,元大AAA至A公司債,38,0,38,中國信託-忠孝,2023-02-10,6162
2609,陽明,40,9,31,中國信託-忠孝,2023-02-10,6162
9962,有益,50,20,30,中國信託-忠孝,2023-02-10,6162
2402,毅嘉,51,22,29,中國信託-忠孝,2023-02-10,6162
9945,潤泰新,26,0,26,中國信託-忠孝,2023-02-10,6162
2743,山富,27,2,25,中國信託-忠孝,2023-02-10,6162
2610,華航,27,4,23,中國信託-忠孝,2023-02-10,6162
1442,名軒,23,0,23,中國信託-忠孝,2023-02-10,6162
2603,長榮,23,2,21,中國信託-忠孝,2023-02-10,6162
3209,全科,20,0,20,中國信託-忠孝,2023-02-10,6162
2809,京城銀,20,0,20,中國信託-忠孝,2023-02-10,6162
3035,智原,37,18,19,中國信託-忠孝,2023-02-10,6162
2891,中信金,25,6,19,中國信託-忠孝,2023-02-10,6162
00679B,元大美債20年,26,8,18,中國信託-忠孝,2023-02-10,6162
2344,華邦電,193,176,17,中國信託-忠孝,2023-02-10,6162
2368,金像電,21,4,17,中國信託-忠孝,2023-02-10,6162
2884,玉山金,18,1,17,中國信託-忠孝,2023-02-10,6162
3083,網龍,16,0,16,中國信託-忠孝,2023-02-10,6162
4113,聯上,16,0,16,中國信託-忠孝,2023-02-10,6162
3710,連展投控,16,0,16,中國信託-忠孝,2023-02-10,6162
00665L,富邦�琤肭磪囓�2,16,0,16,中國信託-忠孝,2023-02-10,6162
8105,凌巨,20,6,14,中國信託-忠孝,2023-02-10,6162
6266,泰詠,35,21,14,中國信託-忠孝,2023-02-10,6162
3624,光頡,44,30,14,中國信託-忠孝,2023-02-10,6162
2885,元大金,13,0,13,中國信託-忠孝,2023-02-10,6162
2618,長榮航,25,12,13,中國信託-忠孝,2023-02-10,6162
00885,富邦越南,13,0,13,中國信託-忠孝,2023-02-10,6162
3290,東浦,12,0,12,中國信託-忠孝,2023-02-10,6162
2483,百容,12,0,12,中國信託-忠孝,2023-02-10,6162
3037,欣興,27,15,12,中國信託-忠孝,2023-02-10,6162
1605,華新,136,125,11,中國信託-忠孝,2023-02-10,6162
3447,展達,15,4,11,中國信託-忠孝,2023-02-10,6162
2530,華建,11,0,11,中國信託-忠孝,2023-02-10,6162
3438,類比科,11,0,11,中國信託-忠孝,2023-02-10,6162
00878,國泰永續高股息,476,21,455,中國信託-忠孝,2023-02-13,6162
2409,友達,213,7,206,中國信託-忠孝,2023-02-13,6162
1101,台泥,127,7,120,中國信託-忠孝,2023-02-13,6162
2534,宏盛,258,146,112,中國信託-忠孝,2023-02-13,6162
2897A,王道銀甲特,110,0,110,中國信託-忠孝,2023-02-13,6162
0056,元大高股息,99,2,97,中國信託-忠孝,2023-02-13,6162
2881,富邦金,84,3,81,中國信託-忠孝,2023-02-13,6162
2405,輔信,90,30,60,中國信託-忠孝,2023-02-13,6162
2208,台船,53,3,50,中國信託-忠孝,2023-02-13,6162
00772B,中信高評級公司債,49,1,48,中國信託-忠孝,2023-02-13,6162
6552,易華電,41,0,41,中國信託-忠孝,2023-02-13,6162
5213,亞昕,42,2,40,中國信託-忠孝,2023-02-13,6162
00679B,元大美債20年,40,0,40,中國信託-忠孝,2023-02-13,6162
6235,華孚,109,73,36,中國信託-忠孝,2023-02-13,6162
00751B,元大AAA至A公司債,34,0,34,中國信託-忠孝,2023-02-13,6162
00706L,期元大S＆P日圓正2,30,0,30,中國信託-忠孝,2023-02-13,6162
4114,健喬,102,72,30,中國信託-忠孝,2023-02-13,6162
2038,海光,28,0,28,中國信託-忠孝,2023-02-13,6162
1442,名軒,28,0,28,中國信託-忠孝,2023-02-13,6162
00885,富邦越南,27,0,27,中國信託-忠孝,2023-02-13,6162
4536,拓凱,25,0,25,中國信託-忠孝,2023-02-13,6162
9945,潤泰新,25,0,25,中國信託-忠孝,2023-02-13,6162
4113,聯上,24,0,24,中國信託-忠孝,2023-02-13,6162
2845,遠東銀,22,0,22,中國信託-忠孝,2023-02-13,6162
00905,FT臺灣Smart,20,0,20,中國信託-忠孝,2023-02-13,6162
2392,正崴,20,0,20,中國信託-忠孝,2023-02-13,6162
8033,雷虎,30,10,20,中國信託-忠孝,2023-02-13,6162
5258,虹堡,20,1,19,中國信託-忠孝,2023-02-13,6162
1102,亞泥,18,0,18,中國信託-忠孝,2023-02-13,6162
00919,群益台灣精選高息,17,0,17,中國信託-忠孝,2023-02-13,6162
4726,永昕,17,0,17,中國信託-忠孝,2023-02-13,6162
3024,憶聲,16,0,16,中國信託-忠孝,2023-02-13,6162
6111,大宇資,16,2,14,中國信託-忠孝,2023-02-13,6162
1513,中興電,30,17,13,中國信託-忠孝,2023-02-13,6162
6180,橘子,18,5,13,中國信託-忠孝,2023-02-13,6162
00673R,期元大S＆P原油反1,13,0,13,中國信託-忠孝,2023-02-13,6162
8227,巨有科技,13,0,13,中國信託-忠孝,2023-02-13,6162
3029,零壹,27,14,13,中國信託-忠孝,2023-02-13,6162
2330,台積電,16,4,12,中國信託-忠孝,2023-02-13,6162
1795,美時,52,40,12,中國信託-忠孝,2023-02-13,6162
4130,健亞,13,1,12,中國信託-忠孝,2023-02-13,6162
1532,勤美,12,0,12,中國信託-忠孝,2023-02-13,6162
6830,汎銓,12,0,12,中國信託-忠孝,2023-02-13,6162
00632R,元大台灣50反1,111,100,11,中國信託-忠孝,2023-02-13,6162
4961,天鈺,12,1,11,中國信託-忠孝,2023-02-13,6162
2201,裕隆,99,88,11,中國信託-忠孝,2023-02-13,6162
5203,訊連,11,0,11,中國信託-忠孝,2023-02-13,6162
4105,東洋,10,0,10,中國信託-忠孝,2023-02-13,6162
3105,穩懋,20,10,10,中國信託-忠孝,2023-02-13,6162
2355,敬鵬,10,0,10,中國信託-忠孝,2023-02-13,6162
2834,臺企銀,800,11,789,中國信託-忠孝,2023-02-14,6162
00637L,元大滬深300正2,650,0,650,中國信託-忠孝,2023-02-14,6162
00878,國泰永續高股息,540,134,406,中國信託-忠孝,2023-02-14,6162
00632R,元大台灣50反1,248,106,142,中國信託-忠孝,2023-02-14,6162
00673R,期元大S＆P原油反1,111,0,111,中國信託-忠孝,2023-02-14,6162
3481,群創,67,10,57,中國信託-忠孝,2023-02-14,6162
8936,國統,50,0,50,中國信託-忠孝,2023-02-14,6162
1513,中興電,55,5,50,中國信託-忠孝,2023-02-14,6162
2208,台船,50,2,48,中國信託-忠孝,2023-02-14,6162
2330,台積電,64,22,42,中國信託-忠孝,2023-02-14,6162
4113,聯上,42,0,42,中國信託-忠孝,2023-02-14,6162
1268,漢來美食,40,1,39,中國信託-忠孝,2023-02-14,6162
6552,易華電,33,0,33,中國信託-忠孝,2023-02-14,6162
6282,康舒,34,3,31,中國信託-忠孝,2023-02-14,6162
00882,中信中國高股息,28,0,28,中國信託-忠孝,2023-02-14,6162
6412,群電,30,2,28,中國信託-忠孝,2023-02-14,6162
1734,杏輝,31,3,28,中國信託-忠孝,2023-02-14,6162
5213,亞昕,28,0,28,中國信託-忠孝,2023-02-14,6162
2534,宏盛,38,12,26,中國信託-忠孝,2023-02-14,6162
00713,元大台灣高息低波,25,0,25,中國信託-忠孝,2023-02-14,6162
1605,華新,58,33,25,中國信託-忠孝,2023-02-14,6162
2883,凱基金,34,13,21,中國信託-忠孝,2023-02-14,6162
2408,南亞科,24,3,21,中國信託-忠孝,2023-02-14,6162
6649,台生材,21,0,21,中國信託-忠孝,2023-02-14,6162
00772B,中信高評級公司債,21,0,21,中國信託-忠孝,2023-02-14,6162
00900,富邦特選高股息30,31,11,20,中國信託-忠孝,2023-02-14,6162
00671R,富邦NASDAQ反1,20,0,20,中國信託-忠孝,2023-02-14,6162
4958,臻鼎-KY,20,0,20,中國信託-忠孝,2023-02-14,6162
2748,雲品,25,6,19,中國信託-忠孝,2023-02-14,6162
2453,凌群,117,99,18,中國信託-忠孝,2023-02-14,6162
2317,鴻海,26,10,16,中國信託-忠孝,2023-02-14,6162
6160,欣技,16,0,16,中國信託-忠孝,2023-02-14,6162
00720B,元大投資級公司債,16,0,16,中國信託-忠孝,2023-02-14,6162
2480,敦陽科,16,1,15,中國信託-忠孝,2023-02-14,6162
3021,鴻名,20,5,15,中國信託-忠孝,2023-02-14,6162
2388,威盛,22,7,15,中國信託-忠孝,2023-02-14,6162
00753L,中信中國50正2,14,0,14,中國信託-忠孝,2023-02-14,6162
2484,希華,17,3,14,中國信託-忠孝,2023-02-14,6162
2885,元大金,14,0,14,中國信託-忠孝,2023-02-14,6162
2867,三商壽,14,0,14,中國信託-忠孝,2023-02-14,6162
0056,元大高股息,18,4,14,中國信託-忠孝,2023-02-14,6162
2468,華經,21,8,13,中國信託-忠孝,2023-02-14,6162
2314,台揚,15,3,12,中國信託-忠孝,2023-02-14,6162
00655L,國泰中國A50正2,12,0,12,中國信託-忠孝,2023-02-14,6162
4744,皇將,12,0,12,中國信託-忠孝,2023-02-14,6162
2884,玉山金,13,1,12,中國信託-忠孝,2023-02-14,6162
5439,高技,11,0,11,中國信託-忠孝,2023-02-14,6162
2881,富邦金,12,1,11,中國信託-忠孝,2023-02-14,6162
1104,環泥,10,0,10,中國信託-忠孝,2023-02-14,6162
00669R,國泰美國道瓊反1,10,0,10,中國信託-忠孝,2023-02-14,6162
2317,鴻海,597,53,544,中國信託-忠孝,2023-02-15,6162
00878,國泰永續高股息,430,113,317,中國信託-忠孝,2023-02-15,6162
00637L,元大滬深300正2,376,76,300,中國信託-忠孝,2023-02-15,6162
00632R,元大台灣50反1,415,188,227,中國信託-忠孝,2023-02-15,6162
00907,永豐優息存股,100,0,100,中國信託-忠孝,2023-02-15,6162
1513,中興電,284,204,80,中國信託-忠孝,2023-02-15,6162
2498,宏達電,118,52,66,中國信託-忠孝,2023-02-15,6162
00631L,元大台灣50正2,55,0,55,中國信託-忠孝,2023-02-15,6162
0056,元大高股息,53,0,53,中國信託-忠孝,2023-02-15,6162
2471,資通,133,84,49,中國信託-忠孝,2023-02-15,6162
00882,中信中國高股息,48,3,45,中國信託-忠孝,2023-02-15,6162
3128,昇銳,57,14,43,中國信託-忠孝,2023-02-15,6162
2610,華航,49,7,42,中國信託-忠孝,2023-02-15,6162
3058,立德,42,0,42,中國信託-忠孝,2023-02-15,6162
0050,元大台灣50,39,0,39,中國信託-忠孝,2023-02-15,6162
3706,神達,37,0,37,中國信託-忠孝,2023-02-15,6162
4536,拓凱,37,1,36,中國信託-忠孝,2023-02-15,6162
1503,士電,36,1,35,中國信託-忠孝,2023-02-15,6162
2449,京元電子,37,5,32,中國信託-忠孝,2023-02-15,6162
4114,健喬,46,15,31,中國信託-忠孝,2023-02-15,6162
2534,宏盛,37,7,30,中國信託-忠孝,2023-02-15,6162
1321,大洋,30,0,30,中國信託-忠孝,2023-02-15,6162
6142,友勁,30,0,30,中國信託-忠孝,2023-02-15,6162
6266,泰詠,31,5,26,中國信託-忠孝,2023-02-15,6162
3231,緯創,30,5,25,中國信託-忠孝,2023-02-15,6162
006208,富邦台50,25,3,22,中國信託-忠孝,2023-02-15,6162
2882,國泰金,20,0,20,中國信託-忠孝,2023-02-15,6162
00772B,中信高評級公司債,29,10,19,中國信託-忠孝,2023-02-15,6162
5439,高技,19,1,18,中國信託-忠孝,2023-02-15,6162
2884,玉山金,20,3,17,中國信託-忠孝,2023-02-15,6162
00713,元大台灣高息低波,17,1,16,中國信託-忠孝,2023-02-15,6162
2883,凱基金,15,0,15,中國信託-忠孝,2023-02-15,6162
6278,台表科,15,0,15,中國信託-忠孝,2023-02-15,6162
4167,松瑞藥,45,30,15,中國信託-忠孝,2023-02-15,6162
2027,大成鋼,15,0,15,中國信託-忠孝,2023-02-15,6162
00720B,元大投資級公司債,15,0,15,中國信託-忠孝,2023-02-15,6162
2887,台新金,16,2,14,中國信託-忠孝,2023-02-15,6162
2897A,王道銀甲特,14,0,14,中國信託-忠孝,2023-02-15,6162
2351,順德,17,3,14,中國信託-忠孝,2023-02-15,6162
2314,台揚,14,0,14,中國信託-忠孝,2023-02-15,6162
1701,中化,14,0,14,中國信託-忠孝,2023-02-15,6162
2633,台灣高鐵,16,2,14,中國信託-忠孝,2023-02-15,6162
00692,富邦公司治理,13,0,13,中國信託-忠孝,2023-02-15,6162
2482,連宇,12,0,12,中國信託-忠孝,2023-02-15,6162
00850,元大臺灣ESG永續,12,0,12,中國信託-忠孝,2023-02-15,6162
8150,南茂,12,0,12,中國信託-忠孝,2023-02-15,6162
2609,陽明,18,6,12,中國信託-忠孝,2023-02-15,6162
1101,台泥,15,3,12,中國信託-忠孝,2023-02-15,6162
2886,兆豐金,11,0,11,中國信託-忠孝,2023-02-15,6162
00895,富邦未來車,20,9,11,中國信託-忠孝,2023-02-15,6162
00632R,元大台灣50反1,310,0,310,中國信託-忠孝,2023-02-16,6162
00673R,期元大S＆P原油反1,128,0,128,中國信託-忠孝,2023-02-16,6162
3481,群創,212,98,114,中國信託-忠孝,2023-02-16,6162
00679B,元大美債20年,112,1,111,中國信託-忠孝,2023-02-16,6162
2534,宏盛,100,8,92,中國信託-忠孝,2023-02-16,6162
8105,凌巨,96,20,76,中國信託-忠孝,2023-02-16,6162
8936,國統,84,16,68,中國信託-忠孝,2023-02-16,6162
00772B,中信高評級公司債,66,0,66,中國信託-忠孝,2023-02-16,6162
3297,杭特,68,9,59,中國信託-忠孝,2023-02-16,6162
2471,資通,63,6,57,中國信託-忠孝,2023-02-16,6162
2888,新光金,53,0,53,中國信託-忠孝,2023-02-16,6162
00885,富邦越南,52,0,52,中國信託-忠孝,2023-02-16,6162
2457,飛宏,60,9,51,中國信託-忠孝,2023-02-16,6162
2201,裕隆,138,97,41,中國信託-忠孝,2023-02-16,6162
00688L,國泰20年美債正2,30,0,30,中國信託-忠孝,2023-02-16,6162
8222,寶一,33,3,30,中國信託-忠孝,2023-02-16,6162
1909,榮成,31,2,29,中國信託-忠孝,2023-02-16,6162
00720B,元大投資級公司債,28,0,28,中國信託-忠孝,2023-02-16,6162
3162,精確,21,0,21,中國信託-忠孝,2023-02-16,6162
6127,九豪,21,0,21,中國信託-忠孝,2023-02-16,6162
2425,承啟,43,23,20,中國信託-忠孝,2023-02-16,6162
3701,大眾控,21,1,20,中國信託-忠孝,2023-02-16,6162
8227,巨有科技,20,0,20,中國信託-忠孝,2023-02-16,6162
3231,緯創,20,0,20,中國信託-忠孝,2023-02-16,6162
3041,揚智,20,0,20,中國信託-忠孝,2023-02-16,6162
00751B,元大AAA至A公司債,18,0,18,中國信託-忠孝,2023-02-16,6162
00753L,中信中國50正2,25,7,18,中國信託-忠孝,2023-02-16,6162
2734,易飛網,18,0,18,中國信託-忠孝,2023-02-16,6162
6288,聯嘉,18,0,18,中國信託-忠孝,2023-02-16,6162
3675,德微,21,4,17,中國信託-忠孝,2023-02-16,6162
2353,宏��,20,4,16,中國信託-忠孝,2023-02-16,6162
00881,國泰台灣5G+,26,11,15,中國信託-忠孝,2023-02-16,6162
8046,南電,30,16,14,中國信託-忠孝,2023-02-16,6162
8234,新漢,33,19,14,中國信託-忠孝,2023-02-16,6162
00780B,國泰A級金融債,12,0,12,中國信託-忠孝,2023-02-16,6162
2480,敦陽科,12,0,12,中國信託-忠孝,2023-02-16,6162
2465,麗臺,19,7,12,中國信託-忠孝,2023-02-16,6162
00907,永豐優息存股,11,0,11,中國信託-忠孝,2023-02-16,6162
3710,連展投控,15,4,11,中國信託-忠孝,2023-02-16,6162
2754,亞洲藏壽司,24,13,11,中國信託-忠孝,2023-02-16,6162
4721,美琪瑪,14,4,10,中國信託-忠孝,2023-02-16,6162
2399,映泰,12,2,10,中國信託-忠孝,2023-02-16,6162
2538,基泰,10,0,10,中國信託-忠孝,2023-02-16,6162
00633L,富邦上証正2,10,0,10,中國信託-忠孝,2023-02-16,6162
1609,大亞,15,5,10,中國信託-忠孝,2023-02-16,6162
2606,裕民,10,0,10,中國信託-忠孝,2023-02-16,6162
00680L,元大美債20正2,10,0,10,中國信託-忠孝,2023-02-16,6162
3419,譁裕,10,0,10,中國信託-忠孝,2023-02-16,6162
1473,台南,10,0,10,中國信託-忠孝,2023-02-16,6162
00706L,期元大S＆P日圓正2,10,0,10,中國信託-忠孝,2023-02-16,6162
2534,宏盛,181,6,175,中國信託-忠孝,2023-02-17,6162
00632R,元大台灣50反1,162,2,160,中國信託-忠孝,2023-02-17,6162
5213,亞昕,144,7,137,中國信託-忠孝,2023-02-17,6162
2610,華航,200,83,117,中國信託-忠孝,2023-02-17,6162
2603,長榮,53,0,53,中國信託-忠孝,2023-02-17,6162
00772B,中信高評級公司債,54,2,52,中國信託-忠孝,2023-02-17,6162
00751B,元大AAA至A公司債,45,0,45,中國信託-忠孝,2023-02-17,6162
2330,台積電,41,4,37,中國信託-忠孝,2023-02-17,6162
2748,雲品,45,9,36,中國信託-忠孝,2023-02-17,6162
0056,元大高股息,35,0,35,中國信託-忠孝,2023-02-17,6162
1584,精剛,47,12,35,中國信託-忠孝,2023-02-17,6162
2618,長榮航,50,16,34,中國信託-忠孝,2023-02-17,6162
1402,遠東新,34,0,34,中國信託-忠孝,2023-02-17,6162
5425,台半,37,6,31,中國信託-忠孝,2023-02-17,6162
00680L,元大美債20正2,30,0,30,中國信託-忠孝,2023-02-17,6162
2201,裕隆,113,85,28,中國信託-忠孝,2023-02-17,6162
00893,國泰智能電動車,35,7,28,中國信託-忠孝,2023-02-17,6162
3058,立德,36,10,26,中國信託-忠孝,2023-02-17,6162
0050,元大台灣50,25,0,25,中國信託-忠孝,2023-02-17,6162
1218,泰山,23,1,22,中國信託-忠孝,2023-02-17,6162
1529,樂事綠能,46,26,20,中國信託-忠孝,2023-02-17,6162
00688L,國泰20年美債正2,20,0,20,中國信託-忠孝,2023-02-17,6162
3545,敦泰,21,2,19,中國信託-忠孝,2023-02-17,6162
8222,寶一,37,19,18,中國信託-忠孝,2023-02-17,6162
2881,富邦金,30,13,17,中國信託-忠孝,2023-02-17,6162
1513,中興電,54,38,16,中國信託-忠孝,2023-02-17,6162
6689,伊雲谷,15,0,15,中國信託-忠孝,2023-02-17,6162
2344,華邦電,24,10,14,中國信託-忠孝,2023-02-17,6162
8261,富鼎,16,2,14,中國信託-忠孝,2023-02-17,6162
3024,憶聲,15,1,14,中國信託-忠孝,2023-02-17,6162
00773B,中信優先金融債,13,0,13,中國信託-忠孝,2023-02-17,6162
00655L,國泰中國A50正2,15,2,13,中國信託-忠孝,2023-02-17,6162
1503,士電,19,6,13,中國信託-忠孝,2023-02-17,6162
2468,華經,13,0,13,中國信託-忠孝,2023-02-17,6162
2615,萬海,12,0,12,中國信託-忠孝,2023-02-17,6162
006208,富邦台50,13,1,12,中國信託-忠孝,2023-02-17,6162
4743,合一,12,0,12,中國信託-忠孝,2023-02-17,6162
3711,日月光投控,12,0,12,中國信託-忠孝,2023-02-17,6162
00720B,元大投資級公司債,11,0,11,中國信託-忠孝,2023-02-17,6162
00907,永豐優息存股,11,0,11,中國信託-忠孝,2023-02-17,6162
8927,北基,10,0,10,中國信託-忠孝,2023-02-17,6162
00900,富邦特選高股息30,13,3,10,中國信託-忠孝,2023-02-17,6162
2430,燦坤,10,0,10,中國信託-忠孝,2023-02-17,6162
3209,全科,10,0,10,中國信託-忠孝,2023-02-17,6162
2457,飛宏,13,3,10,中國信託-忠孝,2023-02-17,6162
3419,譁裕,10,0,10,中國信託-忠孝,2023-02-17,6162
5701,劍湖山,10,0,10,中國信託-忠孝,2023-02-17,6162
6279,胡連,10,0,10,中國信託-忠孝,2023-02-17,6162
6290,良維,10,1,9,中國信託-忠孝,2023-02-17,6162
00706L,期元大S＆P日圓正2,9,0,9,中國信託-忠孝,2023-02-17,6162
2834,臺企銀,607,34,573,中國信託-忠孝,2023-02-20,6162
00637L,元大滬深300正2,557,112,445,中國信託-忠孝,2023-02-20,6162
8940,新天地,288,0,288,中國信託-忠孝,2023-02-20,6162
2884,玉山金,261,36,225,中國信託-忠孝,2023-02-20,6162
2897A,王道銀甲特,200,0,200,中國信託-忠孝,2023-02-20,6162
2882,國泰金,205,10,195,中國信託-忠孝,2023-02-20,6162
2610,華航,295,117,178,中國信託-忠孝,2023-02-20,6162
2534,宏盛,166,7,159,中國信託-忠孝,2023-02-20,6162
2349,錸德,50,0,50,中國信託-忠孝,2023-02-20,6162
3710,連展投控,51,7,44,中國信託-忠孝,2023-02-20,6162
4536,拓凱,47,7,40,中國信託-忠孝,2023-02-20,6162
8011,台通,35,0,35,中國信託-忠孝,2023-02-20,6162
1442,名軒,34,0,34,中國信託-忠孝,2023-02-20,6162
6541,泰福-KY,36,2,34,中國信託-忠孝,2023-02-20,6162
00903,富邦元宇宙,30,1,29,中國信託-忠孝,2023-02-20,6162
4746,台耀,34,6,28,中國信託-忠孝,2023-02-20,6162
00902,中信電池及儲能,28,0,28,中國信託-忠孝,2023-02-20,6162
2906,高林,37,10,27,中國信託-忠孝,2023-02-20,6162
5353,台林,28,1,27,中國信託-忠孝,2023-02-20,6162
2731,雄獅,32,6,26,中國信託-忠孝,2023-02-20,6162
5258,虹堡,63,42,21,中國信託-忠孝,2023-02-20,6162
3047,訊舟,22,1,21,中國信託-忠孝,2023-02-20,6162
3149,正達,20,0,20,中國信託-忠孝,2023-02-20,6162
3594,磐儀,34,15,19,中國信託-忠孝,2023-02-20,6162
2462,良得電,24,5,19,中國信託-忠孝,2023-02-20,6162
8222,寶一,37,18,19,中國信託-忠孝,2023-02-20,6162
3416,融程電,19,1,18,中國信託-忠孝,2023-02-20,6162
00893,國泰智能電動車,20,2,18,中國信託-忠孝,2023-02-20,6162
00751B,元大AAA至A公司債,18,0,18,中國信託-忠孝,2023-02-20,6162
1524,耿鼎,17,0,17,中國信託-忠孝,2023-02-20,6162
2014,中鴻,30,13,17,中國信託-忠孝,2023-02-20,6162
00885,富邦越南,20,5,15,中國信託-忠孝,2023-02-20,6162
2890,永豐金,15,0,15,中國信託-忠孝,2023-02-20,6162
4931,新盛力,15,1,14,中國信託-忠孝,2023-02-20,6162
6561,是方,13,0,13,中國信託-忠孝,2023-02-20,6162
1701,中化,21,8,13,中國信託-忠孝,2023-02-20,6162
2482,連宇,13,0,13,中國信託-忠孝,2023-02-20,6162
2739,寒舍,15,2,13,中國信託-忠孝,2023-02-20,6162
2028,威致,12,0,12,中國信託-忠孝,2023-02-20,6162
0056,元大高股息,14,2,12,中國信託-忠孝,2023-02-20,6162
00679B,元大美債20年,20,8,12,中國信託-忠孝,2023-02-20,6162
00882,中信中國高股息,14,3,11,中國信託-忠孝,2023-02-20,6162
0050,元大台灣50,25,14,11,中國信託-忠孝,2023-02-20,6162
00772B,中信高評級公司債,14,3,11,中國信託-忠孝,2023-02-20,6162
4960,誠美材,22,11,11,中國信託-忠孝,2023-02-20,6162
2455,全新,11,0,11,中國信託-忠孝,2023-02-20,6162
00715L,期街口布蘭特正2,11,0,11,中國信託-忠孝,2023-02-20,6162
00680L,元大美債20正2,11,0,11,中國信託-忠孝,2023-02-20,6162
3224,三顧,11,0,11,中國信託-忠孝,2023-02-20,6162
8043,蜜望實,11,0,11,中國信託-忠孝,2023-02-20,6162
00637L,元大滬深300正2,1226,8,1218,中國信託-忠孝,2023-02-21,6162
2610,華航,468,34,434,中國信託-忠孝,2023-02-21,6162
2534,宏盛,158,3,155,中國信託-忠孝,2023-02-21,6162
1513,中興電,195,68,127,中國信託-忠孝,2023-02-21,6162
2884,玉山金,425,310,115,中國信託-忠孝,2023-02-21,6162
2615,萬海,132,26,106,中國信託-忠孝,2023-02-21,6162
00882,中信中國高股息,56,2,54,中國信託-忠孝,2023-02-21,6162
2457,飛宏,192,142,50,中國信託-忠孝,2023-02-21,6162
3481,群創,70,24,46,中國信託-忠孝,2023-02-21,6162
5701,劍湖山,54,12,42,中國信託-忠孝,2023-02-21,6162
00885,富邦越南,60,20,40,中國信託-忠孝,2023-02-21,6162
00725B,國泰投資級公司債,40,0,40,中國信託-忠孝,2023-02-21,6162
6508,惠光,40,1,39,中國信託-忠孝,2023-02-21,6162
00665L,富邦�琤肭磪囓�2,36,0,36,中國信託-忠孝,2023-02-21,6162
00753L,中信中國50正2,36,2,34,中國信託-忠孝,2023-02-21,6162
2208,台船,51,18,33,中國信託-忠孝,2023-02-21,6162
2206,三陽工業,30,0,30,中國信託-忠孝,2023-02-21,6162
0056,元大高股息,35,9,26,中國信託-忠孝,2023-02-21,6162
8927,北基,26,0,26,中國信託-忠孝,2023-02-21,6162
00878,國泰永續高股息,83,57,26,中國信託-忠孝,2023-02-21,6162
00751B,元大AAA至A公司債,25,0,25,中國信託-忠孝,2023-02-21,6162
3441,聯一光,25,0,25,中國信託-忠孝,2023-02-21,6162
6670,復盛應用,25,0,25,中國信託-忠孝,2023-02-21,6162
6116,彩晶,100,76,24,中國信託-忠孝,2023-02-21,6162
3297,杭特,45,21,24,中國信託-忠孝,2023-02-21,6162
2882,國泰金,28,5,23,中國信託-忠孝,2023-02-21,6162
00772B,中信高評級公司債,25,3,22,中國信託-忠孝,2023-02-21,6162
2101,南港,20,1,19,中國信託-忠孝,2023-02-21,6162
6129,普誠,24,5,19,中國信託-忠孝,2023-02-21,6162
00679B,元大美債20年,33,15,18,中國信託-忠孝,2023-02-21,6162
5608,四維航,31,13,18,中國信託-忠孝,2023-02-21,6162
6288,聯嘉,27,9,18,中國信託-忠孝,2023-02-21,6162
1529,樂事綠能,24,7,17,中國信託-忠孝,2023-02-21,6162
3128,昇銳,19,2,17,中國信託-忠孝,2023-02-21,6162
2886,兆豐金,18,2,16,中國信託-忠孝,2023-02-21,6162
3094,聯傑,63,47,16,中國信託-忠孝,2023-02-21,6162
1442,名軒,16,0,16,中國信託-忠孝,2023-02-21,6162
4167,松瑞藥,16,0,16,中國信託-忠孝,2023-02-21,6162
1503,士電,22,6,16,中國信託-忠孝,2023-02-21,6162
8050,廣積,26,11,15,中國信託-忠孝,2023-02-21,6162
1605,華新,32,17,15,中國信託-忠孝,2023-02-21,6162
4919,新唐,17,2,15,中國信託-忠孝,2023-02-21,6162
4961,天鈺,37,22,15,中國信託-忠孝,2023-02-21,6162
2618,長榮航,25,11,14,中國信託-忠孝,2023-02-21,6162
2702,華園,13,0,13,中國信託-忠孝,2023-02-21,6162
8215,明基材,14,1,13,中國信託-忠孝,2023-02-21,6162
2344,華邦電,38,26,12,中國信託-忠孝,2023-02-21,6162
4168,醣聯,37,25,12,中國信託-忠孝,2023-02-21,6162
3624,光頡,12,0,12,中國信託-忠孝,2023-02-21,6162
00642U,期元大S＆P石油,12,0,12,中國信託-忠孝,2023-02-21,6162
2834,臺企銀,566,70,496,中國信託-忠孝,2023-02-22,6162
2515,中工,200,0,200,中國信託-忠孝,2023-02-22,6162
00878,國泰永續高股息,196,3,193,中國信託-忠孝,2023-02-22,6162
2884,玉山金,178,26,152,中國信託-忠孝,2023-02-22,6162
00632R,元大台灣50反1,304,160,144,中國信託-忠孝,2023-02-22,6162
8111,立��,94,0,94,中國信託-忠孝,2023-02-22,6162
6227,茂綸,72,0,72,中國信託-忠孝,2023-02-22,6162
3035,智原,83,24,59,中國信託-忠孝,2023-02-22,6162
2890,永豐金,57,0,57,中國信託-忠孝,2023-02-22,6162
00725B,國泰投資級公司債,42,0,42,中國信託-忠孝,2023-02-22,6162
6266,泰詠,44,3,41,中國信託-忠孝,2023-02-22,6162
00712,復華富時不動產,38,2,36,中國信託-忠孝,2023-02-22,6162
00772B,中信高評級公司債,33,0,33,中國信託-忠孝,2023-02-22,6162
00715L,期街口布蘭特正2,32,0,32,中國信託-忠孝,2023-02-22,6162
1305,華夏,33,2,31,中國信託-忠孝,2023-02-22,6162
00882,中信中國高股息,28,0,28,中國信託-忠孝,2023-02-22,6162
00751B,元大AAA至A公司債,36,10,26,中國信託-忠孝,2023-02-22,6162
00720B,元大投資級公司債,26,0,26,中國信託-忠孝,2023-02-22,6162
2330,台積電,34,9,25,中國信託-忠孝,2023-02-22,6162
00680L,元大美債20正2,24,0,24,中國信託-忠孝,2023-02-22,6162
00713,元大台灣高息低波,23,0,23,中國信託-忠孝,2023-02-22,6162
6205,詮欣,27,4,23,中國信託-忠孝,2023-02-22,6162
3710,連展投控,22,0,22,中國信託-忠孝,2023-02-22,6162
8936,國統,38,16,22,中國信託-忠孝,2023-02-22,6162
2498,宏達電,28,7,21,中國信託-忠孝,2023-02-22,6162
00900,富邦特選高股息30,20,0,20,中國信託-忠孝,2023-02-22,6162
00669R,國泰美國道瓊反1,20,0,20,中國信託-忠孝,2023-02-22,6162
8383,千附,20,0,20,中國信託-忠孝,2023-02-22,6162
4536,拓凱,24,4,20,中國信託-忠孝,2023-02-22,6162
4903,聯光通,20,0,20,中國信託-忠孝,2023-02-22,6162
00893,國泰智能電動車,24,5,19,中國信託-忠孝,2023-02-22,6162
2201,裕隆,47,28,19,中國信託-忠孝,2023-02-22,6162
5512,力麒,43,25,18,中國信託-忠孝,2023-02-22,6162
8033,雷虎,27,9,18,中國信託-忠孝,2023-02-22,6162
2425,承啟,17,0,17,中國信託-忠孝,2023-02-22,6162
00885,富邦越南,17,0,17,中國信託-忠孝,2023-02-22,6162
2610,華航,139,123,16,中國信託-忠孝,2023-02-22,6162
2457,飛宏,47,31,16,中國信託-忠孝,2023-02-22,6162
3004,豐達科,16,0,16,中國信託-忠孝,2023-02-22,6162
00665L,富邦�琤肭磪囓�2,26,10,16,中國信託-忠孝,2023-02-22,6162
2712,遠雄來,22,7,15,中國信託-忠孝,2023-02-22,6162
0050,元大台灣50,16,2,14,中國信託-忠孝,2023-02-22,6162
00671R,富邦NASDAQ反1,14,0,14,中國信託-忠孝,2023-02-22,6162
3362,先進光,27,13,14,中國信託-忠孝,2023-02-22,6162
3276,宇環,13,0,13,中國信託-忠孝,2023-02-22,6162
2027,大成鋼,13,1,12,中國信託-忠孝,2023-02-22,6162
3029,零壹,14,2,12,中國信託-忠孝,2023-02-22,6162
1795,美時,49,37,12,中國信託-忠孝,2023-02-22,6162
8390,金益鼎,27,15,12,中國信託-忠孝,2023-02-22,6162
6874,倍力,12,0,12,中國信託-忠孝,2023-02-22,6162
6177,達麗,700,55,645,中國信託-忠孝,2023-02-23,6162
3481,群創,453,14,439,中國信託-忠孝,2023-02-23,6162
2884,玉山金,161,5,156,中國信託-忠孝,2023-02-23,6162
2534,宏盛,154,16,138,中國信託-忠孝,2023-02-23,6162
1101,台泥,202,69,133,中國信託-忠孝,2023-02-23,6162
2882,國泰金,111,0,111,中國信託-忠孝,2023-02-23,6162
4147,中裕,100,10,90,中國信託-忠孝,2023-02-23,6162
00715L,期街口布蘭特正2,87,0,87,中國信託-忠孝,2023-02-23,6162
2906,高林,85,10,75,中國信託-忠孝,2023-02-23,6162
2618,長榮航,66,6,60,中國信託-忠孝,2023-02-23,6162
2409,友達,67,12,55,中國信託-忠孝,2023-02-23,6162
00919,群益台灣精選高息,55,0,55,中國信託-忠孝,2023-02-23,6162
2363,矽統,51,2,49,中國信託-忠孝,2023-02-23,6162
00772B,中信高評級公司債,46,1,45,中國信託-忠孝,2023-02-23,6162
00885,富邦越南,70,25,45,中國信託-忠孝,2023-02-23,6162
00680L,元大美債20正2,43,0,43,中國信託-忠孝,2023-02-23,6162
6282,康舒,67,26,41,中國信託-忠孝,2023-02-23,6162
00642U,期元大S＆P石油,38,0,38,中國信託-忠孝,2023-02-23,6162
00655L,國泰中國A50正2,37,0,37,中國信託-忠孝,2023-02-23,6162
3673,TPK-KY,38,2,36,中國信託-忠孝,2023-02-23,6162
00795B,中信美國公債20年,33,0,33,中國信託-忠孝,2023-02-23,6162
00706L,期元大S＆P日圓正2,30,0,30,中國信託-忠孝,2023-02-23,6162
2939,永邑-KY,30,0,30,中國信託-忠孝,2023-02-23,6162
5258,虹堡,124,95,29,中國信託-忠孝,2023-02-23,6162
1444,力麗,41,12,29,中國信託-忠孝,2023-02-23,6162
6508,惠光,29,0,29,中國信託-忠孝,2023-02-23,6162
3207,耀勝,28,0,28,中國信託-忠孝,2023-02-23,6162
8478,東哥遊艇,52,24,28,中國信託-忠孝,2023-02-23,6162
6670,復盛應用,38,11,27,中國信託-忠孝,2023-02-23,6162
1305,華夏,29,2,27,中國信託-忠孝,2023-02-23,6162
1701,中化,27,0,27,中國信託-忠孝,2023-02-23,6162
2610,華航,52,25,27,中國信託-忠孝,2023-02-23,6162
5706,鳳凰,27,2,25,中國信託-忠孝,2023-02-23,6162
6188,廣明,28,4,24,中國信託-忠孝,2023-02-23,6162
2897A,王道銀甲特,24,0,24,中國信託-忠孝,2023-02-23,6162
8215,明基材,25,1,24,中國信託-忠孝,2023-02-23,6162
00679B,元大美債20年,22,0,22,中國信託-忠孝,2023-02-23,6162
3290,東浦,51,30,21,中國信託-忠孝,2023-02-23,6162
4438,廣越,20,0,20,中國信託-忠孝,2023-02-23,6162
1503,士電,25,5,20,中國信託-忠孝,2023-02-23,6162
4953,緯軟,20,0,20,中國信託-忠孝,2023-02-23,6162
8069,元太,31,12,19,中國信託-忠孝,2023-02-23,6162
2538,基泰,19,0,19,中國信託-忠孝,2023-02-23,6162
1907,永豐餘,19,0,19,中國信託-忠孝,2023-02-23,6162
0056,元大高股息,39,21,18,中國信託-忠孝,2023-02-23,6162
00676R,富邦臺灣加權反1,18,0,18,中國信託-忠孝,2023-02-23,6162
00720B,元大投資級公司債,18,0,18,中國信託-忠孝,2023-02-23,6162
00882,中信中國高股息,17,0,17,中國信託-忠孝,2023-02-23,6162
2888,新光金,17,0,17,中國信託-忠孝,2023-02-23,6162
8996,高力,21,5,16,中國信託-忠孝,2023-02-23,6162
00637L,元大滬深300正2,743,2,741,中國信託-忠孝,2023-02-24,6162
2610,華航,515,85,430,中國信託-忠孝,2023-02-24,6162
2534,宏盛,255,19,236,中國信託-忠孝,2023-02-24,6162
3017,奇鋐,243,41,202,中國信託-忠孝,2023-02-24,6162
00878,國泰永續高股息,125,17,108,中國信託-忠孝,2023-02-24,6162
5512,力麒,104,20,84,中國信託-忠孝,2023-02-24,6162
8938,明安,107,26,81,中國信託-忠孝,2023-02-24,6162
2739,寒舍,77,2,75,中國信託-忠孝,2023-02-24,6162
00665L,富邦�琤肭磪囓�2,57,0,57,中國信託-忠孝,2023-02-24,6162
00885,富邦越南,53,0,53,中國信託-忠孝,2023-02-24,6162
00882,中信中國高股息,54,3,51,中國信託-忠孝,2023-02-24,6162
2897A,王道銀甲特,51,0,51,中國信託-忠孝,2023-02-24,6162
2363,矽統,49,5,44,中國信託-忠孝,2023-02-24,6162
2641,正德,55,13,42,中國信託-忠孝,2023-02-24,6162
2892,第一金,41,0,41,中國信託-忠孝,2023-02-24,6162
0056,元大高股息,43,3,40,中國信託-忠孝,2023-02-24,6162
2701,萬企,98,60,38,中國信託-忠孝,2023-02-24,6162
6508,惠光,37,1,36,中國信託-忠孝,2023-02-24,6162
00919,群益台灣精選高息,36,0,36,中國信託-忠孝,2023-02-24,6162
00753L,中信中國50正2,37,2,35,中國信託-忠孝,2023-02-24,6162
00632R,元大台灣50反1,34,0,34,中國信託-忠孝,2023-02-24,6162
00902,中信電池及儲能,33,0,33,中國信託-忠孝,2023-02-24,6162
3037,欣興,44,12,32,中國信託-忠孝,2023-02-24,6162
1810,和成,30,4,26,中國信託-忠孝,2023-02-24,6162
3035,智原,57,31,26,中國信託-忠孝,2023-02-24,6162
8924,大田,26,1,25,中國信託-忠孝,2023-02-24,6162
1514,亞力,34,11,23,中國信託-忠孝,2023-02-24,6162
00650L,復華香港正2,23,0,23,中國信託-忠孝,2023-02-24,6162
3540,曜越,23,2,21,中國信託-忠孝,2023-02-24,6162
5464,霖宏,55,34,21,中國信託-忠孝,2023-02-24,6162
2882,國泰金,21,0,21,中國信託-忠孝,2023-02-24,6162
1101,台泥,28,7,21,中國信託-忠孝,2023-02-24,6162
00655L,國泰中國A50正2,20,0,20,中國信託-忠孝,2023-02-24,6162
6669,緯穎,19,0,19,中國信託-忠孝,2023-02-24,6162
2618,長榮航,19,1,18,中國信託-忠孝,2023-02-24,6162
00772B,中信高評級公司債,22,5,17,中國信託-忠孝,2023-02-24,6162
3013,晟銘電,17,0,17,中國信託-忠孝,2023-02-24,6162
2201,裕隆,44,27,17,中國信託-忠孝,2023-02-24,6162
6517,保勝光學,16,0,16,中國信託-忠孝,2023-02-24,6162
2352,佳世達,16,0,16,中國信託-忠孝,2023-02-24,6162
2812,台中銀,35,19,16,中國信託-忠孝,2023-02-24,6162
3346,麗清,15,0,15,中國信託-忠孝,2023-02-24,6162
2886,兆豐金,13,0,13,中國信託-忠孝,2023-02-24,6162
1444,力麗,12,0,12,中國信託-忠孝,2023-02-24,6162
6116,彩晶,17,5,12,中國信託-忠孝,2023-02-24,6162
9941,裕融,12,0,12,中國信託-忠孝,2023-02-24,6162
0050,元大台灣50,12,1,11,中國信託-忠孝,2023-02-24,6162
6443,元晶,33,22,11,中國信託-忠孝,2023-02-24,6162
00688L,國泰20年美債正2,11,0,11,中國信託-忠孝,2023-02-24,6162
6799,來頡,12,1,11,中國信託-忠孝,2023-02-24,6162
2442,新美齊,1057,0,1057,中國信託-忠孝,2023-03-01,6162
4113,聯上,529,3,526,中國信託-忠孝,2023-03-01,6162
2834,臺企銀,513,155,358,中國信託-忠孝,2023-03-01,6162
6177,達麗,320,1,319,中國信託-忠孝,2023-03-01,6162
2610,華航,232,41,191,中國信託-忠孝,2023-03-01,6162
6508,惠光,161,1,160,中國信託-忠孝,2023-03-01,6162
00878,國泰永續高股息,163,8,155,中國信託-忠孝,2023-03-01,6162
2882,國泰金,117,2,115,中國信託-忠孝,2023-03-01,6162
1605,華新,118,4,114,中國信託-忠孝,2023-03-01,6162
1219,福壽,60,0,60,中國信託-忠孝,2023-03-01,6162
2615,萬海,64,7,57,中國信託-忠孝,2023-03-01,6162
5512,力麒,53,0,53,中國信託-忠孝,2023-03-01,6162
1101,台泥,89,41,48,中國信託-忠孝,2023-03-01,6162
6266,泰詠,51,3,48,中國信託-忠孝,2023-03-01,6162
00712,復華富時不動產,50,4,46,中國信託-忠孝,2023-03-01,6162
4960,誠美材,46,1,45,中國信託-忠孝,2023-03-01,6162
00772B,中信高評級公司債,41,0,41,中國信託-忠孝,2023-03-01,6162
2534,宏盛,40,0,40,中國信託-忠孝,2023-03-01,6162
2883,凱基金,43,4,39,中國信託-忠孝,2023-03-01,6162
2457,飛宏,72,38,34,中國信託-忠孝,2023-03-01,6162
00882,中信中國高股息,32,0,32,中國信託-忠孝,2023-03-01,6162
1810,和成,32,0,32,中國信託-忠孝,2023-03-01,6162
1708,東鹼,32,1,31,中國信託-忠孝,2023-03-01,6162
1104,環泥,30,0,30,中國信託-忠孝,2023-03-01,6162
2002,中鋼,33,3,30,中國信託-忠孝,2023-03-01,6162
8927,北基,35,8,27,中國信託-忠孝,2023-03-01,6162
8011,台通,45,18,27,中國信託-忠孝,2023-03-01,6162
4438,廣越,27,0,27,中國信託-忠孝,2023-03-01,6162
1305,華夏,28,1,27,中國信託-忠孝,2023-03-01,6162
2891,中信金,30,3,27,中國信託-忠孝,2023-03-01,6162
6546,正基,30,4,26,中國信託-忠孝,2023-03-01,6162
8936,國統,27,1,26,中國信託-忠孝,2023-03-01,6162
00891,中信關鍵半導體,60,34,26,中國信託-忠孝,2023-03-01,6162
2208,台船,37,12,25,中國信託-忠孝,2023-03-01,6162
2897A,王道銀甲特,25,0,25,中國信託-忠孝,2023-03-01,6162
2618,長榮航,27,2,25,中國信託-忠孝,2023-03-01,6162
00665L,富邦�琤肭磪囓�2,36,12,24,中國信託-忠孝,2023-03-01,6162
00679B,元大美債20年,24,0,24,中國信託-忠孝,2023-03-01,6162
6670,復盛應用,26,3,23,中國信託-忠孝,2023-03-01,6162
00720B,元大投資級公司債,21,0,21,中國信託-忠孝,2023-03-01,6162
1709,和益,67,47,20,中國信託-忠孝,2023-03-01,6162
00688L,國泰20年美債正2,20,0,20,中國信託-忠孝,2023-03-01,6162
1539,巨庭,20,0,20,中國信託-忠孝,2023-03-01,6162
2413,環科,34,14,20,中國信託-忠孝,2023-03-01,6162
00919,群益台灣精選高息,20,0,20,中國信託-忠孝,2023-03-01,6162
2605,新興,168,149,19,中國信託-忠孝,2023-03-01,6162
2412,中華電,18,0,18,中國信託-忠孝,2023-03-01,6162
00885,富邦越南,18,0,18,中國信託-忠孝,2023-03-01,6162
2888,新光金,41,23,18,中國信託-忠孝,2023-03-01,6162
5880,合庫金,17,0,17,中國信託-忠孝,2023-03-01,6162
6116,彩晶,621,0,621,中國信託-忠孝,2023-03-02,6162
2897A,王道銀甲特,350,0,350,中國信託-忠孝,2023-03-02,6162
4960,誠美材,352,2,350,中國信託-忠孝,2023-03-02,6162
2834,臺企銀,231,43,188,中國信託-忠孝,2023-03-02,6162
00878,國泰永續高股息,200,25,175,中國信託-忠孝,2023-03-02,6162
00772B,中信高評級公司債,115,0,115,中國信託-忠孝,2023-03-02,6162
00676R,富邦臺灣加權反1,100,0,100,中國信託-忠孝,2023-03-02,6162
00712,復華富時不動產,71,12,59,中國信託-忠孝,2023-03-02,6162
5351,鈺創,58,0,58,中國信託-忠孝,2023-03-02,6162
0056,元大高股息,58,3,55,中國信託-忠孝,2023-03-02,6162
2812,台中銀,59,6,53,中國信託-忠孝,2023-03-02,6162
3374,精材,50,0,50,中國信託-忠孝,2023-03-02,6162
5452,佶優,167,125,42,中國信託-忠孝,2023-03-02,6162
3545,敦泰,55,14,41,中國信託-忠孝,2023-03-02,6162
1605,華新,113,73,40,中國信託-忠孝,2023-03-02,6162
00680L,元大美債20正2,36,0,36,中國信託-忠孝,2023-03-02,6162
2332,友訊,35,1,34,中國信託-忠孝,2023-03-02,6162
00673R,期元大S＆P原油反1,34,0,34,中國信託-忠孝,2023-03-02,6162
6227,茂綸,32,0,32,中國信託-忠孝,2023-03-02,6162
2498,宏達電,40,11,29,中國信託-忠孝,2023-03-02,6162
00679B,元大美債20年,27,0,27,中國信託-忠孝,2023-03-02,6162
00773B,中信優先金融債,27,0,27,中國信託-忠孝,2023-03-02,6162
2606,裕民,44,19,25,中國信託-忠孝,2023-03-02,6162
2603,長榮,142,117,25,中國信託-忠孝,2023-03-02,6162
2409,友達,30,5,25,中國信託-忠孝,2023-03-02,6162
6148,驊宏資,25,0,25,中國信託-忠孝,2023-03-02,6162
6670,復盛應用,25,0,25,中國信託-忠孝,2023-03-02,6162
00665L,富邦�琤肭磪囓�2,30,5,25,中國信託-忠孝,2023-03-02,6162
6177,達麗,24,0,24,中國信託-忠孝,2023-03-02,6162
00720B,元大投資級公司債,23,0,23,中國信託-忠孝,2023-03-02,6162
3083,網龍,21,0,21,中國信託-忠孝,2023-03-02,6162
1513,中興電,32,11,21,中國信託-忠孝,2023-03-02,6162
2891,中信金,26,5,21,中國信託-忠孝,2023-03-02,6162
4915,致伸,29,10,19,中國信託-忠孝,2023-03-02,6162
1101,台泥,43,25,18,中國信託-忠孝,2023-03-02,6162
2392,正崴,18,0,18,中國信託-忠孝,2023-03-02,6162
5410,國眾,18,1,17,中國信託-忠孝,2023-03-02,6162
8938,明安,24,8,16,中國信託-忠孝,2023-03-02,6162
2457,飛宏,35,19,16,中國信託-忠孝,2023-03-02,6162
2612,中航,33,17,16,中國信託-忠孝,2023-03-02,6162
3162,精確,22,6,16,中國信託-忠孝,2023-03-02,6162
2330,台積電,14,0,14,中國信託-忠孝,2023-03-02,6162
2888,新光金,14,0,14,中國信託-忠孝,2023-03-02,6162
5508,永信建,13,0,13,中國信託-忠孝,2023-03-02,6162
00637L,元大滬深300正2,13,0,13,中國信託-忠孝,2023-03-02,6162
00751B,元大AAA至A公司債,12,0,12,中國信託-忠孝,2023-03-02,6162
1815,富喬,12,0,12,中國信託-忠孝,2023-03-02,6162
2367,燿華,12,0,12,中國信託-忠孝,2023-03-02,6162
6266,泰詠,26,14,12,中國信託-忠孝,2023-03-02,6162
3029,零壹,11,0,11,中國信託-忠孝,2023-03-02,6162
2442,新美齊,699,8,691,中國信託-忠孝,2023-03-03,6162
00772B,中信高評級公司債,113,10,103,中國信託-忠孝,2023-03-03,6162
2834,臺企銀,164,64,100,中國信託-忠孝,2023-03-03,6162
2408,南亞科,100,0,100,中國信託-忠孝,2023-03-03,6162
0056,元大高股息,93,9,84,中國信託-忠孝,2023-03-03,6162
00712,復華富時不動產,76,2,74,中國信託-忠孝,2023-03-03,6162
2534,宏盛,242,176,66,中國信託-忠孝,2023-03-03,6162
00637L,元大滬深300正2,65,7,58,中國信託-忠孝,2023-03-03,6162
00679B,元大美債20年,67,10,57,中國信託-忠孝,2023-03-03,6162
3652,精聯,64,7,57,中國信託-忠孝,2023-03-03,6162
2498,宏達電,62,9,53,中國信託-忠孝,2023-03-03,6162
2603,長榮,48,5,43,中國信託-忠孝,2023-03-03,6162
2913,農林,70,30,40,中國信託-忠孝,2023-03-03,6162
5452,佶優,40,1,39,中國信託-忠孝,2023-03-03,6162
2457,飛宏,98,67,31,中國信託-忠孝,2023-03-03,6162
3545,敦泰,32,1,31,中國信託-忠孝,2023-03-03,6162
3047,訊舟,33,2,31,中國信託-忠孝,2023-03-03,6162
1409,新纖,30,0,30,中國信託-忠孝,2023-03-03,6162
00751B,元大AAA至A公司債,28,0,28,中國信託-忠孝,2023-03-03,6162
1742,台蠟,28,0,28,中國信託-忠孝,2023-03-03,6162
1605,華新,47,23,24,中國信託-忠孝,2023-03-03,6162
2891,中信金,25,1,24,中國信託-忠孝,2023-03-03,6162
2884,玉山金,28,5,23,中國信託-忠孝,2023-03-03,6162
2609,陽明,68,48,20,中國信託-忠孝,2023-03-03,6162
6245,立端,26,6,20,中國信託-忠孝,2023-03-03,6162
8927,北基,20,0,20,中國信託-忠孝,2023-03-03,6162
00676R,富邦臺灣加權反1,20,0,20,中國信託-忠孝,2023-03-03,6162
2201,裕隆,50,31,19,中國信託-忠孝,2023-03-03,6162
2236,百達-KY,18,0,18,中國信託-忠孝,2023-03-03,6162
00655L,國泰中國A50正2,18,0,18,中國信託-忠孝,2023-03-03,6162
5439,高技,18,0,18,中國信託-忠孝,2023-03-03,6162
00885,富邦越南,18,0,18,中國信託-忠孝,2023-03-03,6162
2388,威盛,90,74,16,中國信託-忠孝,2023-03-03,6162
3013,晟銘電,22,6,16,中國信託-忠孝,2023-03-03,6162
8038,長園科,16,0,16,中國信託-忠孝,2023-03-03,6162
2886,兆豐金,16,1,15,中國信託-忠孝,2023-03-03,6162
2425,承啟,15,0,15,中國信託-忠孝,2023-03-03,6162
2637,慧洋-KY,21,6,15,中國信託-忠孝,2023-03-03,6162
3707,漢磊,16,1,15,中國信託-忠孝,2023-03-03,6162
2820,華票,15,0,15,中國信託-忠孝,2023-03-03,6162
6257,矽格,16,1,15,中國信託-忠孝,2023-03-03,6162
2605,新興,16,1,15,中國信託-忠孝,2023-03-03,6162
2890,永豐金,15,1,14,中國信託-忠孝,2023-03-03,6162
8926,台汽電,14,0,14,中國信託-忠孝,2023-03-03,6162
3029,零壹,26,13,13,中國信託-忠孝,2023-03-03,6162
6670,復盛應用,12,0,12,中國信託-忠孝,2023-03-03,6162
2393,億光,11,0,11,中國信託-忠孝,2023-03-03,6162
2892,第一金,12,2,10,中國信託-忠孝,2023-03-03,6162
00893,國泰智能電動車,10,0,10,中國信託-忠孝,2023-03-03,6162
5607,遠雄港,10,0,10,中國信託-忠孝,2023-03-03,6162
2883,凱基金,992,66,926,中國信託-忠孝,2023-03-06,6162
00637L,元大滬深300正2,486,56,430,中國信託-忠孝,2023-03-06,6162
00673R,期元大S＆P原油反1,244,0,244,中國信託-忠孝,2023-03-06,6162
1314,中石化,150,3,147,中國信託-忠孝,2023-03-06,6162
6443,元晶,201,54,147,中國信託-忠孝,2023-03-06,6162
1219,福壽,100,0,100,中國信託-忠孝,2023-03-06,6162
2610,華航,84,4,80,中國信託-忠孝,2023-03-06,6162
1709,和益,77,0,77,中國信託-忠孝,2023-03-06,6162
2897A,王道銀甲特,67,0,67,中國信託-忠孝,2023-03-06,6162
6706,惠特,54,2,52,中國信託-忠孝,2023-03-06,6162
2359,所羅門,51,2,49,中國信託-忠孝,2023-03-06,6162
00751B,元大AAA至A公司債,44,0,44,中國信託-忠孝,2023-03-06,6162
00715L,期街口布蘭特正2,64,21,43,中國信託-忠孝,2023-03-06,6162
2489,瑞軒,41,0,41,中國信託-忠孝,2023-03-06,6162
0056,元大高股息,46,6,40,中國信託-忠孝,2023-03-06,6162
00919,群益台灣精選高息,36,0,36,中國信託-忠孝,2023-03-06,6162
00720B,元大投資級公司債,35,0,35,中國信託-忠孝,2023-03-06,6162
3673,TPK-KY,60,25,35,中國信託-忠孝,2023-03-06,6162
2603,長榮,58,27,31,中國信託-忠孝,2023-03-06,6162
2367,燿華,31,0,31,中國信託-忠孝,2023-03-06,6162
2534,宏盛,54,23,31,中國信託-忠孝,2023-03-06,6162
8936,國統,31,1,30,中國信託-忠孝,2023-03-06,6162
00676R,富邦臺灣加權反1,30,0,30,中國信託-忠孝,2023-03-06,6162
6770,力積電,54,27,27,中國信託-忠孝,2023-03-06,6162
6288,聯嘉,29,3,26,中國信託-忠孝,2023-03-06,6162
1584,精剛,30,4,26,中國信託-忠孝,2023-03-06,6162
2342,茂矽,45,20,25,中國信託-忠孝,2023-03-06,6162
00772B,中信高評級公司債,34,10,24,中國信託-忠孝,2023-03-06,6162
6830,汎銓,24,0,24,中國信託-忠孝,2023-03-06,6162
2363,矽統,20,0,20,中國信託-忠孝,2023-03-06,6162
2442,新美齊,20,0,20,中國信託-忠孝,2023-03-06,6162
2520,冠德,22,2,20,中國信託-忠孝,2023-03-06,6162
8234,新漢,20,0,20,中國信託-忠孝,2023-03-06,6162
3038,全台,20,0,20,中國信託-忠孝,2023-03-06,6162
5213,亞昕,20,0,20,中國信託-忠孝,2023-03-06,6162
3231,緯創,30,11,19,中國信託-忠孝,2023-03-06,6162
00712,復華富時不動產,19,1,18,中國信託-忠孝,2023-03-06,6162
1570,力肯,17,0,17,中國信託-忠孝,2023-03-06,6162
8110,華東,20,3,17,中國信託-忠孝,2023-03-06,6162
4510,高鋒,16,0,16,中國信託-忠孝,2023-03-06,6162
4930,燦星網,26,10,16,中國信託-忠孝,2023-03-06,6162
8103,瀚荃,15,0,15,中國信託-忠孝,2023-03-06,6162
3029,零壹,16,2,14,中國信託-忠孝,2023-03-06,6162
00900,富邦特選高股息30,15,2,13,中國信託-忠孝,2023-03-06,6162
2349,錸德,13,0,13,中國信託-忠孝,2023-03-06,6162
3694,海華,29,16,13,中國信託-忠孝,2023-03-06,6162
2609,陽明,34,22,12,中國信託-忠孝,2023-03-06,6162
2892,第一金,13,1,12,中國信託-忠孝,2023-03-06,6162
1710,東聯,12,0,12,中國信託-忠孝,2023-03-06,6162
2471,資通,12,0,12,中國信託-忠孝,2023-03-06,6162
00637L,元大滬深300正2,571,102,469,中國信託-忠孝,2023-03-07,6162
2317,鴻海,448,102,346,中國信託-忠孝,2023-03-07,6162
2603,長榮,330,51,279,中國信託-忠孝,2023-03-07,6162
00665L,富邦�琤肭磪囓�2,298,30,268,中國信託-忠孝,2023-03-07,6162
3689,湧德,157,0,157,中國信託-忠孝,2023-03-07,6162
00673R,期元大S＆P原油反1,128,0,128,中國信託-忠孝,2023-03-07,6162
2609,陽明,174,53,121,中國信託-忠孝,2023-03-07,6162
6548,長科*,98,8,90,中國信託-忠孝,2023-03-07,6162
6104,創惟,66,1,65,中國信託-忠孝,2023-03-07,6162
6227,茂綸,58,0,58,中國信託-忠孝,2023-03-07,6162
3652,精聯,50,0,50,中國信託-忠孝,2023-03-07,6162
3481,群創,110,60,50,中國信託-忠孝,2023-03-07,6162
3356,奇偶,60,18,42,中國信託-忠孝,2023-03-07,6162
5258,虹堡,111,70,41,中國信託-忠孝,2023-03-07,6162
1584,精剛,40,6,34,中國信託-忠孝,2023-03-07,6162
6449,鈺邦,34,0,34,中國信託-忠孝,2023-03-07,6162
00679B,元大美債20年,34,0,34,中國信託-忠孝,2023-03-07,6162
00720B,元大投資級公司債,31,0,31,中國信託-忠孝,2023-03-07,6162
6127,九豪,30,0,30,中國信託-忠孝,2023-03-07,6162
1460,宏遠,30,0,30,中國信託-忠孝,2023-03-07,6162
2897A,王道銀甲特,28,0,28,中國信託-忠孝,2023-03-07,6162
2408,南亞科,28,0,28,中國信託-忠孝,2023-03-07,6162
1718,中纖,39,12,27,中國信託-忠孝,2023-03-07,6162
2201,裕隆,33,7,26,中國信託-忠孝,2023-03-07,6162
2352,佳世達,25,1,24,中國信託-忠孝,2023-03-07,6162
2231,為升,33,9,24,中國信託-忠孝,2023-03-07,6162
2534,宏盛,31,8,23,中國信託-忠孝,2023-03-07,6162
00772B,中信高評級公司債,22,0,22,中國信託-忠孝,2023-03-07,6162
2736,富野,22,0,22,中國信託-忠孝,2023-03-07,6162
00751B,元大AAA至A公司債,22,0,22,中國信託-忠孝,2023-03-07,6162
4903,聯光通,26,5,21,中國信託-忠孝,2023-03-07,6162
00713,元大台灣高息低波,30,11,19,中國信託-忠孝,2023-03-07,6162
1742,台蠟,18,0,18,中國信託-忠孝,2023-03-07,6162
2344,華邦電,51,33,18,中國信託-忠孝,2023-03-07,6162
3520,華盈,18,1,17,中國信託-忠孝,2023-03-07,6162
4931,新盛力,21,5,16,中國信託-忠孝,2023-03-07,6162
3042,晶技,21,5,16,中國信託-忠孝,2023-03-07,6162
1721,三晃,16,0,16,中國信託-忠孝,2023-03-07,6162
8936,國統,18,2,16,中國信託-忠孝,2023-03-07,6162
6116,彩晶,25,9,16,中國信託-忠孝,2023-03-07,6162
5464,霖宏,15,0,15,中國信託-忠孝,2023-03-07,6162
3013,晟銘電,55,40,15,中國信託-忠孝,2023-03-07,6162
1210,大成,23,9,14,中國信託-忠孝,2023-03-07,6162
2457,飛宏,82,68,14,中國信託-忠孝,2023-03-07,6162
2324,仁寶,13,0,13,中國信託-忠孝,2023-03-07,6162
6234,高僑,19,6,13,中國信託-忠孝,2023-03-07,6162
2323,中環,13,0,13,中國信託-忠孝,2023-03-07,6162
2471,資通,16,3,13,中國信託-忠孝,2023-03-07,6162
00903,富邦元宇宙,13,0,13,中國信託-忠孝,2023-03-07,6162
2605,新興,12,0,12,中國信託-忠孝,2023-03-07,6162
00637L,元大滬深300正2,1436,3,1433,中國信託-忠孝,2023-03-08,6162
5009,榮剛,193,25,168,中國信託-忠孝,2023-03-08,6162
2891,中信金,114,11,103,中國信託-忠孝,2023-03-08,6162
2884,玉山金,78,1,77,中國信託-忠孝,2023-03-08,6162
2615,萬海,88,12,76,中國信託-忠孝,2023-03-08,6162
2897A,王道銀甲特,69,0,69,中國信託-忠孝,2023-03-08,6162
00878,國泰永續高股息,81,28,53,中國信託-忠孝,2023-03-08,6162
1438,三地開發,55,2,53,中國信託-忠孝,2023-03-08,6162
6282,康舒,83,32,51,中國信託-忠孝,2023-03-08,6162
00712,復華富時不動產,54,8,46,中國信託-忠孝,2023-03-08,6162
3518,柏騰,45,0,45,中國信託-忠孝,2023-03-08,6162
00665L,富邦�琤肭磪囓�2,41,0,41,中國信託-忠孝,2023-03-08,6162
2534,宏盛,47,7,40,中國信託-忠孝,2023-03-08,6162
6288,聯嘉,43,3,40,中國信託-忠孝,2023-03-08,6162
5353,台林,39,0,39,中國信託-忠孝,2023-03-08,6162
1742,台蠟,34,0,34,中國信託-忠孝,2023-03-08,6162
2201,裕隆,52,19,33,中國信託-忠孝,2023-03-08,6162
4909,新復興,31,0,31,中國信託-忠孝,2023-03-08,6162
00713,元大台灣高息低波,30,0,30,中國信託-忠孝,2023-03-08,6162
2388,威盛,44,16,28,中國信託-忠孝,2023-03-08,6162
2606,裕民,33,6,27,中國信託-忠孝,2023-03-08,6162
8383,千附,26,1,25,中國信託-忠孝,2023-03-08,6162
00751B,元大AAA至A公司債,25,0,25,中國信託-忠孝,2023-03-08,6162
6016,康和證,25,0,25,中國信託-忠孝,2023-03-08,6162
2605,新興,26,2,24,中國信託-忠孝,2023-03-08,6162
2603,長榮,48,25,23,中國信託-忠孝,2023-03-08,6162
2376,技嘉,22,0,22,中國信託-忠孝,2023-03-08,6162
1101B,台泥乙特,22,0,22,中國信託-忠孝,2023-03-08,6162
00715L,期街口布蘭特正2,22,0,22,中國信託-忠孝,2023-03-08,6162
2344,華邦電,31,9,22,中國信託-忠孝,2023-03-08,6162
2610,華航,41,20,21,中國信託-忠孝,2023-03-08,6162
1504,東元,42,21,21,中國信託-忠孝,2023-03-08,6162
2498,宏達電,31,10,21,中國信託-忠孝,2023-03-08,6162
2889,國票金,21,0,21,中國信託-忠孝,2023-03-08,6162
6227,茂綸,20,0,20,中國信託-忠孝,2023-03-08,6162
2636,台驊控股,20,0,20,中國信託-忠孝,2023-03-08,6162
00772B,中信高評級公司債,24,4,20,中國信託-忠孝,2023-03-08,6162
1460,宏遠,20,0,20,中國信託-忠孝,2023-03-08,6162
5272,笙科,57,37,20,中國信託-忠孝,2023-03-08,6162
0056,元大高股息,34,15,19,中國信託-忠孝,2023-03-08,6162
00753L,中信中國50正2,19,0,19,中國信託-忠孝,2023-03-08,6162
6104,創惟,22,3,19,中國信託-忠孝,2023-03-08,6162
2471,資通,22,4,18,中國信託-忠孝,2023-03-08,6162
1315,達新,18,0,18,中國信託-忠孝,2023-03-08,6162
00885,富邦越南,17,0,17,中國信託-忠孝,2023-03-08,6162
2481,強茂,22,5,17,中國信託-忠孝,2023-03-08,6162
2834,臺企銀,17,0,17,中國信託-忠孝,2023-03-08,6162
3231,緯創,26,9,17,中國信託-忠孝,2023-03-08,6162
4164,承業醫,18,2,16,中國信託-忠孝,2023-03-08,6162
00795B,中信美國公債20年,16,0,16,中國信託-忠孝,2023-03-08,6162
5009,榮剛,419,9,410,中國信託-忠孝,2023-03-09,6162
00878,國泰永續高股息,277,24,253,中國信託-忠孝,2023-03-09,6162
00637L,元大滬深300正2,261,15,246,中國信託-忠孝,2023-03-09,6162
2534,宏盛,191,0,191,中國信託-忠孝,2023-03-09,6162
2457,飛宏,198,92,106,中國信託-忠孝,2023-03-09,6162
3294,英濟,90,1,89,中國信託-忠孝,2023-03-09,6162
6443,元晶,108,34,74,中國信託-忠孝,2023-03-09,6162
2409,友達,72,3,69,中國信託-忠孝,2023-03-09,6162
00923,群益台ESG低碳50,62,5,57,中國信託-忠孝,2023-03-09,6162
2303,聯電,95,43,52,中國信託-忠孝,2023-03-09,6162
0056,元大高股息,47,1,46,中國信託-忠孝,2023-03-09,6162
6548,長科*,51,9,42,中國信託-忠孝,2023-03-09,6162
2332,友訊,40,0,40,中國信託-忠孝,2023-03-09,6162
6282,康舒,62,23,39,中國信託-忠孝,2023-03-09,6162
2312,金寶,50,13,37,中國信託-忠孝,2023-03-09,6162
4961,天鈺,36,0,36,中國信託-忠孝,2023-03-09,6162
2359,所羅門,61,27,34,中國信託-忠孝,2023-03-09,6162
6508,惠光,33,0,33,中國信託-忠孝,2023-03-09,6162
8046,南電,40,9,31,中國信託-忠孝,2023-03-09,6162
2486,一詮,61,30,31,中國信託-忠孝,2023-03-09,6162
3003,健和興,31,1,30,中國信託-忠孝,2023-03-09,6162
6266,泰詠,29,0,29,中國信託-忠孝,2023-03-09,6162
8936,國統,31,3,28,中國信託-忠孝,2023-03-09,6162
00715L,期街口布蘭特正2,32,5,27,中國信託-忠孝,2023-03-09,6162
2891,中信金,27,1,26,中國信託-忠孝,2023-03-09,6162
2442,新美齊,27,2,25,中國信託-忠孝,2023-03-09,6162
2317,鴻海,26,2,24,中國信託-忠孝,2023-03-09,6162
3004,豐達科,24,0,24,中國信託-忠孝,2023-03-09,6162
00671R,富邦NASDAQ反1,24,0,24,中國信託-忠孝,2023-03-09,6162
1101,台泥,26,2,24,中國信託-忠孝,2023-03-09,6162
2743,山富,26,3,23,中國信託-忠孝,2023-03-09,6162
2344,華邦電,37,14,23,中國信託-忠孝,2023-03-09,6162
3540,曜越,23,0,23,中國信託-忠孝,2023-03-09,6162
1513,中興電,26,4,22,中國信託-忠孝,2023-03-09,6162
2363,矽統,22,0,22,中國信託-忠孝,2023-03-09,6162
2618,長榮航,95,73,22,中國信託-忠孝,2023-03-09,6162
3322,建舜電,22,0,22,中國信託-忠孝,2023-03-09,6162
2886,兆豐金,22,0,22,中國信託-忠孝,2023-03-09,6162
2834,臺企銀,42,21,21,中國信託-忠孝,2023-03-09,6162
1438,三地開發,20,0,20,中國信託-忠孝,2023-03-09,6162
00632R,元大台灣50反1,20,0,20,中國信託-忠孝,2023-03-09,6162
4746,台耀,24,4,20,中國信託-忠孝,2023-03-09,6162
2062,橋椿,20,0,20,中國信託-忠孝,2023-03-09,6162
2352,佳世達,27,7,20,中國信託-忠孝,2023-03-09,6162
2374,佳能,26,6,20,中國信託-忠孝,2023-03-09,6162
2390,云辰,40,20,20,中國信託-忠孝,2023-03-09,6162
1609,大亞,20,1,19,中國信託-忠孝,2023-03-09,6162
2890,永豐金,31,12,19,中國信託-忠孝,2023-03-09,6162
5439,高技,19,0,19,中國信託-忠孝,2023-03-09,6162
6243,迅杰,25,7,18,中國信託-忠孝,2023-03-09,6162
00878,國泰永續高股息,555,232,323,中國信託-忠孝,2023-03-10,6162
00632R,元大台灣50反1,263,13,250,中國信託-忠孝,2023-03-10,6162
2610,華航,211,53,158,中國信託-忠孝,2023-03-10,6162
00665L,富邦�琤肭磪囓�2,141,30,111,中國信託-忠孝,2023-03-10,6162
00715L,期街口布蘭特正2,110,0,110,中國信託-忠孝,2023-03-10,6162
2330,台積電,104,3,101,中國信託-忠孝,2023-03-10,6162
2317,鴻海,105,5,100,中國信託-忠孝,2023-03-10,6162
00637L,元大滬深300正2,111,24,87,中國信託-忠孝,2023-03-10,6162
00882,中信中國高股息,82,0,82,中國信託-忠孝,2023-03-10,6162
2618,長榮航,106,41,65,中國信託-忠孝,2023-03-10,6162
2891,中信金,62,0,62,中國信託-忠孝,2023-03-10,6162
6248,沛波,61,4,57,中國信託-忠孝,2023-03-10,6162
0056,元大高股息,73,17,56,中國信託-忠孝,2023-03-10,6162
2312,金寶,113,58,55,中國信託-忠孝,2023-03-10,6162
00923,群益台ESG低碳50,55,0,55,中國信託-忠孝,2023-03-10,6162
00713,元大台灣高息低波,56,7,49,中國信託-忠孝,2023-03-10,6162
2882,國泰金,61,13,48,中國信託-忠孝,2023-03-10,6162
2634,漢翔,54,6,48,中國信託-忠孝,2023-03-10,6162
2884,玉山金,48,1,47,中國信託-忠孝,2023-03-10,6162
2498,宏達電,58,12,46,中國信託-忠孝,2023-03-10,6162
6116,彩晶,52,8,44,中國信託-忠孝,2023-03-10,6162
8069,元太,43,0,43,中國信託-忠孝,2023-03-10,6162
6180,橘子,47,5,42,中國信託-忠孝,2023-03-10,6162
2845,遠東銀,41,0,41,中國信託-忠孝,2023-03-10,6162
00753L,中信中國50正2,55,17,38,中國信託-忠孝,2023-03-10,6162
3356,奇偶,98,61,37,中國信託-忠孝,2023-03-10,6162
1742,台蠟,36,0,36,中國信託-忠孝,2023-03-10,6162
2883,凱基金,35,0,35,中國信託-忠孝,2023-03-10,6162
1101,台泥,41,7,34,中國信託-忠孝,2023-03-10,6162
6830,汎銓,34,1,33,中國信託-忠孝,2023-03-10,6162
2413,環科,87,55,32,中國信託-忠孝,2023-03-10,6162
1104,環泥,30,1,29,中國信託-忠孝,2023-03-10,6162
3545,敦泰,30,1,29,中國信託-忠孝,2023-03-10,6162
3062,建漢,28,0,28,中國信託-忠孝,2023-03-10,6162
0050,元大台灣50,39,11,28,中國信託-忠孝,2023-03-10,6162
1584,精剛,42,15,27,中國信託-忠孝,2023-03-10,6162
8046,南電,35,8,27,中國信託-忠孝,2023-03-10,6162
1504,東元,28,1,27,中國信託-忠孝,2023-03-10,6162
1709,和益,36,10,26,中國信託-忠孝,2023-03-10,6162
1522,堤維西,29,3,26,中國信託-忠孝,2023-03-10,6162
3576,聯合再生,26,0,26,中國信託-忠孝,2023-03-10,6162
5439,高技,25,0,25,中國信託-忠孝,2023-03-10,6162
00650L,復華香港正2,25,0,25,中國信託-忠孝,2023-03-10,6162
00712,復華富時不動產,36,11,25,中國信託-忠孝,2023-03-10,6162
3105,穩懋,25,2,23,中國信託-忠孝,2023-03-10,6162
2208,台船,25,2,23,中國信託-忠孝,2023-03-10,6162
4131,浩泰,23,0,23,中國信託-忠孝,2023-03-10,6162
5425,台半,45,22,23,中國信託-忠孝,2023-03-10,6162
6770,力積電,24,2,22,中國信託-忠孝,2023-03-10,6162
6205,詮欣,21,0,21,中國信託-忠孝,2023-03-10,6162
00878,國泰永續高股息,289,69,220,中國信託-忠孝,2023-03-13,6162
2610,華航,176,18,158,中國信託-忠孝,2023-03-13,6162
2427,三商電,142,28,114,中國信託-忠孝,2023-03-13,6162
00680L,元大美債20正2,127,35,92,中國信託-忠孝,2023-03-13,6162
3011,今皓,72,0,72,中國信託-忠孝,2023-03-13,6162
6573,虹揚-KY,70,0,70,中國信託-忠孝,2023-03-13,6162
00772B,中信高評級公司債,67,0,67,中國信託-忠孝,2023-03-13,6162
6248,沛波,62,1,61,中國信託-忠孝,2023-03-13,6162
2302,麗正,62,2,60,中國信託-忠孝,2023-03-13,6162
911608,明輝-DR,60,0,60,中國信託-忠孝,2023-03-13,6162
2891,中信金,56,6,50,中國信託-忠孝,2023-03-13,6162
00676R,富邦臺灣加權反1,50,0,50,中國信託-忠孝,2023-03-13,6162
00665L,富邦�琤肭磪囓�2,100,50,50,中國信託-忠孝,2023-03-13,6162
00894,中信小資高價30,50,1,49,中國信託-忠孝,2023-03-13,6162
00712,復華富時不動產,47,0,47,中國信託-忠孝,2023-03-13,6162
00713,元大台灣高息低波,61,20,41,中國信託-忠孝,2023-03-13,6162
2881,富邦金,37,0,37,中國信託-忠孝,2023-03-13,6162
2388,威盛,135,98,37,中國信託-忠孝,2023-03-13,6162
9907,統一實,34,0,34,中國信託-忠孝,2023-03-13,6162
00751B,元大AAA至A公司債,32,0,32,中國信託-忠孝,2023-03-13,6162
2515,中工,31,0,31,中國信託-忠孝,2023-03-13,6162
00679B,元大美債20年,39,10,29,中國信託-忠孝,2023-03-13,6162
3231,緯創,31,5,26,中國信託-忠孝,2023-03-13,6162
2883,凱基金,30,6,24,中國信託-忠孝,2023-03-13,6162
2884,玉山金,31,8,23,中國信託-忠孝,2023-03-13,6162
00648R,元大S＆P500反1,23,0,23,中國信託-忠孝,2023-03-13,6162
00715L,期街口布蘭特正2,45,23,22,中國信託-忠孝,2023-03-13,6162
4976,佳凌,22,0,22,中國信託-忠孝,2023-03-13,6162
2609,陽明,174,153,21,中國信託-忠孝,2023-03-13,6162
00900,富邦特選高股息30,31,10,21,中國信託-忠孝,2023-03-13,6162
3207,耀勝,25,4,21,中國信託-忠孝,2023-03-13,6162
2489,瑞軒,20,0,20,中國信託-忠孝,2023-03-13,6162
2204,中華,20,0,20,中國信託-忠孝,2023-03-13,6162
2634,漢翔,25,6,19,中國信託-忠孝,2023-03-13,6162
3083,網龍,25,6,19,中國信託-忠孝,2023-03-13,6162
6548,長科*,40,21,19,中國信託-忠孝,2023-03-13,6162
2032,新鋼,20,1,19,中國信託-忠孝,2023-03-13,6162
2887,台新金,29,11,18,中國信託-忠孝,2023-03-13,6162
2606,裕民,18,1,17,中國信託-忠孝,2023-03-13,6162
8069,元太,31,15,16,中國信託-忠孝,2023-03-13,6162
6122,擎邦,20,4,16,中國信託-忠孝,2023-03-13,6162
00671R,富邦NASDAQ反1,16,0,16,中國信託-忠孝,2023-03-13,6162
6527,明達醫,16,0,16,中國信託-忠孝,2023-03-13,6162
2349,錸德,16,0,16,中國信託-忠孝,2023-03-13,6162
2476,鉅祥,16,0,16,中國信託-忠孝,2023-03-13,6162
2034,允強,15,0,15,中國信託-忠孝,2023-03-13,6162
6177,達麗,16,1,15,中國信託-忠孝,2023-03-13,6162
5213,亞昕,15,0,15,中國信託-忠孝,2023-03-13,6162
8936,國統,26,11,15,中國信託-忠孝,2023-03-13,6162
00795B,中信美國公債20年,14,0,14,中國信託-忠孝,2023-03-13,6162
2610,華航,526,85,441,中國信託-忠孝,2023-03-14,6162
00878,國泰永續高股息,325,9,316,中國信託-忠孝,2023-03-14,6162
2515,中工,300,0,300,中國信託-忠孝,2023-03-14,6162
5009,榮剛,295,0,295,中國信託-忠孝,2023-03-14,6162
00680L,元大美債20正2,240,5,235,中國信託-忠孝,2023-03-14,6162
2891,中信金,184,5,179,中國信託-忠孝,2023-03-14,6162
2888,新光金,120,0,120,中國信託-忠孝,2023-03-14,6162
00715L,期街口布蘭特正2,113,10,103,中國信託-忠孝,2023-03-14,6162
2317,鴻海,82,3,79,中國信託-忠孝,2023-03-14,6162
2534,宏盛,76,1,75,中國信託-忠孝,2023-03-14,6162
00637L,元大滬深300正2,123,50,73,中國信託-忠孝,2023-03-14,6162
4904,遠傳,68,0,68,中國信託-忠孝,2023-03-14,6162
00632R,元大台灣50反1,60,0,60,中國信託-忠孝,2023-03-14,6162
6443,元晶,82,22,60,中國信託-忠孝,2023-03-14,6162
2615,萬海,66,10,56,中國信託-忠孝,2023-03-14,6162
00712,復華富時不動產,65,11,54,中國信託-忠孝,2023-03-14,6162
2834,臺企銀,54,2,52,中國信託-忠孝,2023-03-14,6162
9105,泰金寶-DR,50,0,50,中國信託-忠孝,2023-03-14,6162
8222,寶一,66,16,50,中國信託-忠孝,2023-03-14,6162
2889,國票金,49,3,46,中國信託-忠孝,2023-03-14,6162
00882,中信中國高股息,44,0,44,中國信託-忠孝,2023-03-14,6162
3046,建��,49,12,37,中國信託-忠孝,2023-03-14,6162
2890,永豐金,34,1,33,中國信託-忠孝,2023-03-14,6162
2897A,王道銀甲特,33,0,33,中國信託-忠孝,2023-03-14,6162
3038,全台,31,0,31,中國信託-忠孝,2023-03-14,6162
2367,燿華,31,0,31,中國信託-忠孝,2023-03-14,6162
3703,欣陸,30,0,30,中國信託-忠孝,2023-03-14,6162
6177,達麗,30,0,30,中國信託-忠孝,2023-03-14,6162
00773B,中信優先金融債,26,0,26,中國信託-忠孝,2023-03-14,6162
3189,景碩,30,4,26,中國信託-忠孝,2023-03-14,6162
2882,國泰金,34,8,26,中國信託-忠孝,2023-03-14,6162
00902,中信電池及儲能,25,0,25,中國信託-忠孝,2023-03-14,6162
00713,元大台灣高息低波,25,0,25,中國信託-忠孝,2023-03-14,6162
2538,基泰,24,0,24,中國信託-忠孝,2023-03-14,6162
8936,國統,25,1,24,中國信託-忠孝,2023-03-14,6162
0050,元大台灣50,26,2,24,中國信託-忠孝,2023-03-14,6162
00642U,期元大S＆P石油,23,0,23,中國信託-忠孝,2023-03-14,6162
2409,友達,23,0,23,中國信託-忠孝,2023-03-14,6162
6244,茂迪,45,23,22,中國信託-忠孝,2023-03-14,6162
2883,凱基金,21,0,21,中國信託-忠孝,2023-03-14,6162
1795,美時,35,14,21,中國信託-忠孝,2023-03-14,6162
00772B,中信高評級公司債,21,0,21,中國信託-忠孝,2023-03-14,6162
1434,福懋,20,0,20,中國信託-忠孝,2023-03-14,6162
00894,中信小資高價30,20,0,20,中國信託-忠孝,2023-03-14,6162
2344,華邦電,19,0,19,中國信託-忠孝,2023-03-14,6162
2885,元大金,23,5,18,中國信託-忠孝,2023-03-14,6162
00753L,中信中國50正2,18,0,18,中國信託-忠孝,2023-03-14,6162
2303,聯電,23,6,17,中國信託-忠孝,2023-03-14,6162
00679B,元大美債20年,41,24,17,中國信託-忠孝,2023-03-14,6162
2330,台積電,17,1,16,中國信託-忠孝,2023-03-14,6162
2331,精英,360,0,360,中國信託-忠孝,2023-03-15,6162
00632R,元大台灣50反1,243,14,229,中國信託-忠孝,2023-03-15,6162
3027,盛達,219,30,189,中國信託-忠孝,2023-03-15,6162
2609,陽明,277,105,172,中國信託-忠孝,2023-03-15,6162
2891,中信金,137,12,125,中國信託-忠孝,2023-03-15,6162
00713,元大台灣高息低波,133,10,123,中國信託-忠孝,2023-03-15,6162
00878,國泰永續高股息,170,63,107,中國信託-忠孝,2023-03-15,6162
00715L,期街口布蘭特正2,109,6,103,中國信託-忠孝,2023-03-15,6162
2603,長榮,140,59,81,中國信託-忠孝,2023-03-15,6162
6177,達麗,75,1,74,中國信託-忠孝,2023-03-15,6162
2312,金寶,58,0,58,中國信託-忠孝,2023-03-15,6162
2915,潤泰全,61,4,57,中國信託-忠孝,2023-03-15,6162
2442,新美齊,51,4,47,中國信託-忠孝,2023-03-15,6162
2415,錩新,80,35,45,中國信託-忠孝,2023-03-15,6162
00679B,元大美債20年,47,4,43,中國信託-忠孝,2023-03-15,6162
5009,榮剛,41,0,41,中國信託-忠孝,2023-03-15,6162
6248,沛波,85,46,39,中國信託-忠孝,2023-03-15,6162
2887E,台新戊特,38,0,38,中國信託-忠孝,2023-03-15,6162
2888,新光金,35,0,35,中國信託-忠孝,2023-03-15,6162
5371,中光電,33,0,33,中國信託-忠孝,2023-03-15,6162
2409,友達,34,1,33,中國信託-忠孝,2023-03-15,6162
2476,鉅祥,55,23,32,中國信託-忠孝,2023-03-15,6162
2883,凱基金,32,5,27,中國信託-忠孝,2023-03-15,6162
1611,中電,50,25,25,中國信託-忠孝,2023-03-15,6162
6235,華孚,47,23,24,中國信託-忠孝,2023-03-15,6162
2867,三商壽,23,0,23,中國信託-忠孝,2023-03-15,6162
1712,興農,23,1,22,中國信託-忠孝,2023-03-15,6162
3024,憶聲,22,0,22,中國信託-忠孝,2023-03-15,6162
2027,大成鋼,23,2,21,中國信託-忠孝,2023-03-15,6162
2845,遠東銀,21,0,21,中國信託-忠孝,2023-03-15,6162
2882,國泰金,19,0,19,中國信託-忠孝,2023-03-15,6162
00773B,中信優先金融債,18,0,18,中國信託-忠孝,2023-03-15,6162
8087,麗升能源,16,0,16,中國信託-忠孝,2023-03-15,6162
2352,佳世達,16,0,16,中國信託-忠孝,2023-03-15,6162
2820,華票,16,0,16,中國信託-忠孝,2023-03-15,6162
5388,中磊,18,2,16,中國信託-忠孝,2023-03-15,6162
2731,雄獅,16,0,16,中國信託-忠孝,2023-03-15,6162
2890,永豐金,15,0,15,中國信託-忠孝,2023-03-15,6162
6548,長科*,19,4,15,中國信託-忠孝,2023-03-15,6162
3594,磐儀,15,0,15,中國信託-忠孝,2023-03-15,6162
00680L,元大美債20正2,65,50,15,中國信託-忠孝,2023-03-15,6162
2317,鴻海,17,2,15,中國信託-忠孝,2023-03-15,6162
2371,大同,14,0,14,中國信託-忠孝,2023-03-15,6162
1584,精剛,14,1,13,中國信託-忠孝,2023-03-15,6162
1533,車王電,17,4,13,中國信託-忠孝,2023-03-15,6162
00712,復華富時不動產,22,9,13,中國信託-忠孝,2023-03-15,6162
2884,玉山金,33,21,12,中國信託-忠孝,2023-03-15,6162
3209,全科,13,0,13,中國信託-忠孝,2023-03-15,6162
4934,太極,17,5,12,中國信託-忠孝,2023-03-15,6162
1514,亞力,26,14,12,中國信託-忠孝,2023-03-15,6162
00632R,元大台灣50反1,1040,106,934,中國信託-忠孝,2023-03-16,6162
00637L,元大滬深300正2,524,0,524,中國信託-忠孝,2023-03-16,6162
00878,國泰永續高股息,403,26,377,中國信託-忠孝,2023-03-16,6162
2442,新美齊,298,7,291,中國信託-忠孝,2023-03-16,6162
00715L,期街口布蘭特正2,259,46,213,中國信託-忠孝,2023-03-16,6162
2891,中信金,215,2,213,中國信託-忠孝,2023-03-16,6162
2331,精英,149,0,149,中國信託-忠孝,2023-03-16,6162
2888,新光金,166,34,132,中國信託-忠孝,2023-03-16,6162
2618,長榮航,121,9,112,中國信託-忠孝,2023-03-16,6162
2884,玉山金,105,10,95,中國信託-忠孝,2023-03-16,6162
00713,元大台灣高息低波,91,2,89,中國信託-忠孝,2023-03-16,6162
1104,環泥,83,0,83,中國信託-忠孝,2023-03-16,6162
9105,泰金寶-DR,80,0,80,中國信託-忠孝,2023-03-16,6162
00772B,中信高評級公司債,72,10,62,中國信託-忠孝,2023-03-16,6162
00679B,元大美債20年,81,22,59,中國信託-忠孝,2023-03-16,6162
2610,華航,101,42,59,中國信託-忠孝,2023-03-16,6162
2603,長榮,103,47,56,中國信託-忠孝,2023-03-16,6162
2330,台積電,52,5,47,中國信託-忠孝,2023-03-16,6162
3056,富華新,83,39,44,中國信託-忠孝,2023-03-16,6162
6470,宇智,41,0,41,中國信託-忠孝,2023-03-16,6162
00712,復華富時不動產,44,4,40,中國信託-忠孝,2023-03-16,6162
5525,順天,39,1,38,中國信託-忠孝,2023-03-16,6162
6116,彩晶,51,14,37,中國信託-忠孝,2023-03-16,6162
00725B,國泰投資級公司債,36,0,36,中國信託-忠孝,2023-03-16,6162
00902,中信電池及儲能,36,0,36,中國信託-忠孝,2023-03-16,6162
0050,元大台灣50,38,2,36,中國信託-忠孝,2023-03-16,6162
2880,華南金,33,0,33,中國信託-忠孝,2023-03-16,6162
2615,萬海,76,44,32,中國信託-忠孝,2023-03-16,6162
2317,鴻海,40,9,31,中國信託-忠孝,2023-03-16,6162
3024,憶聲,31,0,31,中國信託-忠孝,2023-03-16,6162
5519,隆大,30,0,30,中國信託-忠孝,2023-03-16,6162
1340,勝悅-KY,30,0,30,中國信託-忠孝,2023-03-16,6162
2845,遠東銀,30,0,30,中國信託-忠孝,2023-03-16,6162
5009,榮剛,29,0,29,中國信託-忠孝,2023-03-16,6162
3576,聯合再生,29,0,29,中國信託-忠孝,2023-03-16,6162
2883,凱基金,39,11,28,中國信託-忠孝,2023-03-16,6162
00650L,復華香港正2,26,0,26,中國信託-忠孝,2023-03-16,6162
5521,工信,25,0,25,中國信託-忠孝,2023-03-16,6162
2614,東森,31,7,24,中國信託-忠孝,2023-03-16,6162
6026,福邦證,24,1,23,中國信託-忠孝,2023-03-16,6162
2362,藍天,23,0,23,中國信託-忠孝,2023-03-16,6162
8040,九暘,22,0,22,中國信託-忠孝,2023-03-16,6162
2027,大成鋼,22,0,22,中國信託-忠孝,2023-03-16,6162
00720B,元大投資級公司債,25,5,20,中國信託-忠孝,2023-03-16,6162
2353,宏��,20,0,20,中國信託-忠孝,2023-03-16,6162
3029,零壹,19,0,19,中國信託-忠孝,2023-03-16,6162
4995,晶達,19,0,19,中國信託-忠孝,2023-03-16,6162
00900,富邦特選高股息30,19,1,18,中國信託-忠孝,2023-03-16,6162
2413,環科,29,12,17,中國信託-忠孝,2023-03-16,6162
5880,合庫金,19,2,17,中國信託-忠孝,2023-03-16,6162
00632R,元大台灣50反1,387,40,347,中國信託-忠孝,2023-03-17,6162
6177,達麗,130,0,130,中國信託-忠孝,2023-03-17,6162
2442,新美齊,122,0,122,中國信託-忠孝,2023-03-17,6162
1108,幸福,100,0,100,中國信託-忠孝,2023-03-17,6162
00715L,期街口布蘭特正2,118,30,88,中國信託-忠孝,2023-03-17,6162
00878,國泰永續高股息,121,33,88,中國信託-忠孝,2023-03-17,6162
2891,中信金,118,34,84,中國信託-忠孝,2023-03-17,6162
00642U,期元大S＆P石油,71,1,70,中國信託-忠孝,2023-03-17,6162
3033,威健,50,0,50,中國信託-忠孝,2023-03-17,6162
2834,臺企銀,53,5,48,中國信託-忠孝,2023-03-17,6162
00680L,元大美債20正2,46,0,46,中國信託-忠孝,2023-03-17,6162
4119,旭富,42,0,42,中國信託-忠孝,2023-03-17,6162
2867,三商壽,42,1,41,中國信託-忠孝,2023-03-17,6162
1437,勤益控,40,0,40,中國信託-忠孝,2023-03-17,6162
8927,北基,40,0,40,中國信託-忠孝,2023-03-17,6162
2609,陽明,42,5,37,中國信託-忠孝,2023-03-17,6162
4976,佳凌,90,55,35,中國信託-忠孝,2023-03-17,6162
6235,華孚,142,107,35,中國信託-忠孝,2023-03-17,6162
2888,新光金,34,0,34,中國信託-忠孝,2023-03-17,6162
2204,中華,36,2,34,中國信託-忠孝,2023-03-17,6162
3661,世芯-KY,47,16,31,中國信託-忠孝,2023-03-17,6162
3083,網龍,44,15,29,中國信託-忠孝,2023-03-17,6162
6244,茂迪,117,89,28,中國信託-忠孝,2023-03-17,6162
6788,華景電,31,5,26,中國信託-忠孝,2023-03-17,6162
3231,緯創,50,27,23,中國信託-忠孝,2023-03-17,6162
8050,廣積,21,0,21,中國信託-忠孝,2023-03-17,6162
2890,永豐金,28,8,20,中國信託-忠孝,2023-03-17,6162
2353,宏��,28,8,20,中國信託-忠孝,2023-03-17,6162
00637L,元大滬深300正2,70,50,20,中國信託-忠孝,2023-03-17,6162
2897A,王道銀甲特,18,0,18,中國信託-忠孝,2023-03-17,6162
00679B,元大美債20年,39,22,17,中國信託-忠孝,2023-03-17,6162
4953,緯軟,18,2,16,中國信託-忠孝,2023-03-17,6162
2883,凱基金,21,6,15,中國信託-忠孝,2023-03-17,6162
00713,元大台灣高息低波,16,1,15,中國信託-忠孝,2023-03-17,6162
2208,台船,20,5,15,中國信託-忠孝,2023-03-17,6162
1336,台翰,15,0,15,中國信託-忠孝,2023-03-17,6162
4931,新盛力,13,0,13,中國信託-忠孝,2023-03-17,6162
2880,華南金,14,1,13,中國信託-忠孝,2023-03-17,6162
6799,來頡,14,2,12,中國信託-忠孝,2023-03-17,6162
2634,漢翔,12,0,12,中國信託-忠孝,2023-03-17,6162
8936,國統,13,2,11,中國信託-忠孝,2023-03-17,6162
6282,康舒,13,2,11,中國信託-忠孝,2023-03-17,6162
2892,第一金,10,0,10,中國信託-忠孝,2023-03-17,6162
3272,東碩,10,0,10,中國信託-忠孝,2023-03-17,6162
2401,凌陽,10,0,10,中國信託-忠孝,2023-03-17,6162
00904,新光臺灣半導體30,10,0,10,中國信託-忠孝,2023-03-17,6162
1457,宜進,10,0,10,中國信託-忠孝,2023-03-17,6162
1325,恆大,10,0,10,中國信託-忠孝,2023-03-17,6162
1718,中纖,10,0,10,中國信託-忠孝,2023-03-17,6162
2915,潤泰全,13,4,9,中國信託-忠孝,2023-03-17,6162
2331,精英,624,1,623,中國信託-忠孝,2023-03-20,6162
00637L,元大滬深300正2,414,0,414,中國信託-忠孝,2023-03-20,6162
00715L,期街口布蘭特正2,190,60,130,中國信託-忠孝,2023-03-20,6162
00878,國泰永續高股息,145,36,109,中國信託-忠孝,2023-03-20,6162
2897A,王道銀甲特,73,0,73,中國信託-忠孝,2023-03-20,6162
00795B,中信美國公債20年,70,0,70,中國信託-忠孝,2023-03-20,6162
4113,聯上,52,0,52,中國信託-忠孝,2023-03-20,6162
2845,遠東銀,43,0,43,中國信託-忠孝,2023-03-20,6162
00753L,中信中國50正2,42,0,42,中國信託-忠孝,2023-03-20,6162
00882,中信中國高股息,41,1,40,中國信託-忠孝,2023-03-20,6162
2882,國泰金,42,3,39,中國信託-忠孝,2023-03-20,6162
2442,新美齊,35,0,35,中國信託-忠孝,2023-03-20,6162
00650L,復華香港正2,29,0,29,中國信託-忠孝,2023-03-20,6162
6177,達麗,28,0,28,中國信託-忠孝,2023-03-20,6162
3576,聯合再生,44,19,25,中國信託-忠孝,2023-03-20,6162
1584,精剛,28,4,24,中國信託-忠孝,2023-03-20,6162
5410,國眾,23,0,23,中國信託-忠孝,2023-03-20,6162
4155,訊映,22,0,22,中國信託-忠孝,2023-03-20,6162
2915,潤泰全,26,4,22,中國信託-忠孝,2023-03-20,6162
4906,正文,23,2,21,中國信託-忠孝,2023-03-20,6162
6116,彩晶,21,0,21,中國信託-忠孝,2023-03-20,6162
3050,鈺德,20,0,20,中國信託-忠孝,2023-03-20,6162
4541,晟田,20,0,20,中國信託-忠孝,2023-03-20,6162
9945,潤泰新,38,19,19,中國信託-忠孝,2023-03-20,6162
1210,大成,19,0,19,中國信託-忠孝,2023-03-20,6162
0050,元大台灣50,19,0,19,中國信託-忠孝,2023-03-20,6162
2881,富邦金,18,0,18,中國信託-忠孝,2023-03-20,6162
4977,眾達-KY,18,0,18,中國信託-忠孝,2023-03-20,6162
6244,茂迪,252,234,18,中國信託-忠孝,2023-03-20,6162
8222,寶一,25,8,17,中國信託-忠孝,2023-03-20,6162
2409,友達,18,1,17,中國信託-忠孝,2023-03-20,6162
4979,華星光,27,11,16,中國信託-忠孝,2023-03-20,6162
00665L,富邦�琤肭磪囓�2,16,0,16,中國信託-忠孝,2023-03-20,6162
8936,國統,25,9,16,中國信託-忠孝,2023-03-20,6162
2618,長榮航,15,0,15,中國信託-忠孝,2023-03-20,6162
2349,錸德,15,0,15,中國信託-忠孝,2023-03-20,6162
9907,統一實,15,0,15,中國信託-忠孝,2023-03-20,6162
2615,萬海,19,4,15,中國信託-忠孝,2023-03-20,6162
2834,臺企銀,25,11,14,中國信託-忠孝,2023-03-20,6162
1605,華新,30,17,13,中國信託-忠孝,2023-03-20,6162
00688L,國泰20年美債正2,15,2,13,中國信託-忠孝,2023-03-20,6162
6190,萬泰科,13,0,13,中國信託-忠孝,2023-03-20,6162
4934,太極,15,3,12,中國信託-忠孝,2023-03-20,6162
00712,復華富時不動產,14,2,12,中國信託-忠孝,2023-03-20,6162
1712,興農,12,0,12,中國信託-忠孝,2023-03-20,6162
5439,高技,12,0,12,中國信託-忠孝,2023-03-20,6162
6753,龍德造船,22,11,11,中國信託-忠孝,2023-03-20,6162
2609,陽明,14,3,11,中國信託-忠孝,2023-03-20,6162
1802,台玻,10,0,10,中國信託-忠孝,2023-03-20,6162
2239,英利-KY,10,0,10,中國信託-忠孝,2023-03-20,6162
2442,新美齊,695,17,678,中國信託-忠孝,2023-03-21,6162
3481,群創,750,126,624,中國信託-忠孝,2023-03-21,6162
00632R,元大台灣50反1,220,30,190,中國信託-忠孝,2023-03-21,6162
2834,臺企銀,159,11,148,中國信託-忠孝,2023-03-21,6162
5009,榮剛,161,20,141,中國信託-忠孝,2023-03-21,6162
2609,陽明,123,4,119,中國信託-忠孝,2023-03-21,6162
2201,裕隆,100,5,95,中國信託-忠孝,2023-03-21,6162
00878,國泰永續高股息,112,31,81,中國信託-忠孝,2023-03-21,6162
2891,中信金,83,3,80,中國信託-忠孝,2023-03-21,6162
9105,泰金寶-DR,50,0,50,中國信託-忠孝,2023-03-21,6162
2388,威盛,82,34,48,中國信託-忠孝,2023-03-21,6162
00679B,元大美債20年,49,1,48,中國信託-忠孝,2023-03-21,6162
3083,網龍,40,0,40,中國信託-忠孝,2023-03-21,6162
00634R,富邦上証反1,35,0,35,中國信託-忠孝,2023-03-21,6162
5880,合庫金,34,0,34,中國信託-忠孝,2023-03-21,6162
2457,飛宏,242,211,31,中國信託-忠孝,2023-03-21,6162
2534,宏盛,33,4,29,中國信託-忠孝,2023-03-21,6162
1710,東聯,25,0,25,中國信託-忠孝,2023-03-21,6162
3058,立德,25,0,25,中國信託-忠孝,2023-03-21,6162
2324,仁寶,24,0,24,中國信託-忠孝,2023-03-21,6162
2406,國碩,23,0,23,中國信託-忠孝,2023-03-21,6162
2498,宏達電,27,4,23,中國信託-忠孝,2023-03-21,6162
3162,精確,26,7,19,中國信託-忠孝,2023-03-21,6162
2867,三商壽,23,4,19,中國信託-忠孝,2023-03-21,6162
3711,日月光投控,19,1,18,中國信託-忠孝,2023-03-21,6162
2331,精英,30,12,18,中國信託-忠孝,2023-03-21,6162
2884,玉山金,24,6,18,中國信託-忠孝,2023-03-21,6162
00687B,國泰20年美債,17,0,17,中國信託-忠孝,2023-03-21,6162
00882,中信中國高股息,18,1,17,中國信託-忠孝,2023-03-21,6162
00715L,期街口布蘭特正2,96,80,16,中國信託-忠孝,2023-03-21,6162
6715,嘉基,19,3,16,中國信託-忠孝,2023-03-21,6162
2303,聯電,25,10,15,中國信託-忠孝,2023-03-21,6162
6290,良維,16,1,15,中國信託-忠孝,2023-03-21,6162
00720B,元大投資級公司債,15,0,15,中國信託-忠孝,2023-03-21,6162
6180,橘子,15,0,15,中國信託-忠孝,2023-03-21,6162
2453,凌群,118,103,15,中國信託-忠孝,2023-03-21,6162
4979,華星光,14,0,14,中國信託-忠孝,2023-03-21,6162
6182,合晶,16,2,14,中國信託-忠孝,2023-03-21,6162
6799,來頡,14,0,14,中國信託-忠孝,2023-03-21,6162
0056,元大高股息,15,1,14,中國信託-忠孝,2023-03-21,6162
3324,雙鴻,30,17,13,中國信託-忠孝,2023-03-21,6162
5425,台半,34,21,13,中國信託-忠孝,2023-03-21,6162
6517,保勝光學,15,2,13,中國信託-忠孝,2023-03-21,6162
2889,國票金,15,2,13,中國信託-忠孝,2023-03-21,6162
2376,技嘉,12,0,12,中國信託-忠孝,2023-03-21,6162
5353,台林,21,9,12,中國信託-忠孝,2023-03-21,6162
1467,南緯,11,0,11,中國信託-忠孝,2023-03-21,6162
3004,豐達科,11,0,11,中國信託-忠孝,2023-03-21,6162
006205,富邦上証,11,0,11,中國信託-忠孝,2023-03-21,6162
5483,中美晶,10,0,10,中國信託-忠孝,2023-03-21,6162
3481,群創,1096,5,1091,中國信託-忠孝,2023-03-22,6162
1903,士紙,150,0,150,中國信託-忠孝,2023-03-22,6162
2609,陽明,140,3,137,中國信託-忠孝,2023-03-22,6162
2101,南港,154,22,132,中國信託-忠孝,2023-03-22,6162
2515,中工,140,30,110,中國信託-忠孝,2023-03-22,6162
00679B,元大美債20年,79,15,64,中國信託-忠孝,2023-03-22,6162
3322,建舜電,129,70,59,中國信託-忠孝,2023-03-22,6162
2610,華航,81,28,53,中國信託-忠孝,2023-03-22,6162
3058,立德,71,20,51,中國信託-忠孝,2023-03-22,6162
00680L,元大美債20正2,49,0,49,中國信託-忠孝,2023-03-22,6162
2537,聯上發,43,0,43,中國信託-忠孝,2023-03-22,6162
2457,飛宏,168,126,42,中國信託-忠孝,2023-03-22,6162
2603,長榮,58,16,42,中國信託-忠孝,2023-03-22,6162
3047,訊舟,41,0,41,中國信託-忠孝,2023-03-22,6162
3011,今皓,34,0,34,中國信託-忠孝,2023-03-22,6162
2402,毅嘉,78,46,32,中國信託-忠孝,2023-03-22,6162
6235,華孚,45,16,29,中國信託-忠孝,2023-03-22,6162
1504,東元,126,98,28,中國信託-忠孝,2023-03-22,6162
3290,東浦,63,36,27,中國信託-忠孝,2023-03-22,6162
6290,良維,28,1,27,中國信託-忠孝,2023-03-22,6162
00902,中信電池及儲能,37,10,27,中國信託-忠孝,2023-03-22,6162
2882,國泰金,29,4,25,中國信託-忠孝,2023-03-22,6162
9945,潤泰新,47,22,25,中國信託-忠孝,2023-03-22,6162
2605,新興,27,3,24,中國信託-忠孝,2023-03-22,6162
00725B,國泰投資級公司債,24,0,24,中國信託-忠孝,2023-03-22,6162
6443,元晶,49,26,23,中國信託-忠孝,2023-03-22,6162
00687B,國泰20年美債,23,2,21,中國信託-忠孝,2023-03-22,6162
6177,達麗,23,2,21,中國信託-忠孝,2023-03-22,6162
6669,緯穎,25,4,21,中國信託-忠孝,2023-03-22,6162
6806,森崴能源,20,0,20,中國信託-忠孝,2023-03-22,6162
4438,廣越,20,0,20,中國信託-忠孝,2023-03-22,6162
00772B,中信高評級公司債,19,0,19,中國信託-忠孝,2023-03-22,6162
6472,保瑞,20,1,19,中國信託-忠孝,2023-03-22,6162
3576,聯合再生,25,6,19,中國信託-忠孝,2023-03-22,6162
00664R,國泰臺灣加權反1,18,0,18,中國信託-忠孝,2023-03-22,6162
4974,亞泰,18,0,18,中國信託-忠孝,2023-03-22,6162
5439,高技,21,3,18,中國信託-忠孝,2023-03-22,6162
00632R,元大台灣50反1,328,310,18,中國信託-忠孝,2023-03-22,6162
00900,富邦特選高股息30,24,7,17,中國信託-忠孝,2023-03-22,6162
8926,台汽電,28,12,16,中國信託-忠孝,2023-03-22,6162
00712,復華富時不動產,44,28,16,中國信託-忠孝,2023-03-22,6162
00673R,期元大S＆P原油反1,22,6,16,中國信託-忠孝,2023-03-22,6162
6517,保勝光學,16,0,16,中國信託-忠孝,2023-03-22,6162
2201,裕隆,21,5,16,中國信託-忠孝,2023-03-22,6162
4306,炎洲,16,1,15,中國信託-忠孝,2023-03-22,6162
2498,宏達電,29,14,15,中國信託-忠孝,2023-03-22,6162
3703,欣陸,15,1,14,中國信託-忠孝,2023-03-22,6162
2405,輔信,14,0,14,中國信託-忠孝,2023-03-22,6162
5608,四維航,19,5,14,中國信託-忠孝,2023-03-22,6162
2834,臺企銀,14,1,13,中國信託-忠孝,2023-03-22,6162
3481,群創,132,4,128,中國信託-忠孝,2023-03-23,6162
5258,虹堡,112,3,109,中國信託-忠孝,2023-03-23,6162
00712,復華富時不動產,76,10,66,中國信託-忠孝,2023-03-23,6162
1802,台玻,52,2,50,中國信託-忠孝,2023-03-23,6162
2101,南港,50,1,49,中國信託-忠孝,2023-03-23,6162
3710,連展投控,50,2,48,中國信託-忠孝,2023-03-23,6162
2534,宏盛,77,32,45,中國信託-忠孝,2023-03-23,6162
1903,士紙,44,0,44,中國信託-忠孝,2023-03-23,6162
2408,南亞科,41,0,41,中國信託-忠孝,2023-03-23,6162
2537,聯上發,41,0,41,中國信託-忠孝,2023-03-23,6162
2303,聯電,67,26,41,中國信託-忠孝,2023-03-23,6162
8936,國統,37,2,35,中國信託-忠孝,2023-03-23,6162
6472,保瑞,38,3,35,中國信託-忠孝,2023-03-23,6162
2612,中航,30,0,30,中國信託-忠孝,2023-03-23,6162
5371,中光電,30,1,29,中國信託-忠孝,2023-03-23,6162
00888,永豐台灣ESG,30,1,29,中國信託-忠孝,2023-03-23,6162
00679B,元大美債20年,50,22,28,中國信託-忠孝,2023-03-23,6162
2883,凱基金,53,26,27,中國信託-忠孝,2023-03-23,6162
00882,中信中國高股息,51,27,24,中國信託-忠孝,2023-03-23,6162
6811,宏�硌穈T,46,23,23,中國信託-忠孝,2023-03-23,6162
3483,力致,56,33,23,中國信託-忠孝,2023-03-23,6162
00676R,富邦臺灣加權反1,22,0,22,中國信託-忠孝,2023-03-23,6162
2718,全心投控,22,0,22,中國信託-忠孝,2023-03-23,6162
2609,陽明,27,7,20,中國信託-忠孝,2023-03-23,6162
3693,營邦,20,0,20,中國信託-忠孝,2023-03-23,6162
2329,華泰,20,0,20,中國信託-忠孝,2023-03-23,6162
8926,台汽電,19,0,19,中國信託-忠孝,2023-03-23,6162
00902,中信電池及儲能,17,0,17,中國信託-忠孝,2023-03-23,6162
1529,樂事綠能,21,4,17,中國信託-忠孝,2023-03-23,6162
2471,資通,21,5,16,中國信託-忠孝,2023-03-23,6162
6266,泰詠,18,2,16,中國信託-忠孝,2023-03-23,6162
2884,玉山金,16,1,15,中國信託-忠孝,2023-03-23,6162
6733,博晟生醫,16,1,15,中國信託-忠孝,2023-03-23,6162
4976,佳凌,16,1,15,中國信託-忠孝,2023-03-23,6162
3019,亞光,17,2,15,中國信託-忠孝,2023-03-23,6162
3703,欣陸,15,0,15,中國信託-忠孝,2023-03-23,6162
6190,萬泰科,15,0,15,中國信託-忠孝,2023-03-23,6162
4541,晟田,15,0,15,中國信託-忠孝,2023-03-23,6162
2204,中華,23,9,14,中國信託-忠孝,2023-03-23,6162
2342,茂矽,15,1,14,中國信託-忠孝,2023-03-23,6162
5425,台半,54,40,14,中國信託-忠孝,2023-03-23,6162
6770,力積電,14,0,14,中國信託-忠孝,2023-03-23,6162
3454,晶睿,16,2,14,中國信託-忠孝,2023-03-23,6162
3712,永崴投控,24,11,13,中國信託-忠孝,2023-03-23,6162
9934,成霖,15,2,13,中國信託-忠孝,2023-03-23,6162
2312,金寶,13,1,12,中國信託-忠孝,2023-03-23,6162
00673R,期元大S＆P原油反1,12,0,12,中國信託-忠孝,2023-03-23,6162
3714,富采,11,0,11,中國信託-忠孝,2023-03-23,6162
5213,亞昕,11,0,11,中國信託-忠孝,2023-03-23,6162
3499,環天科,62,51,11,中國信託-忠孝,2023-03-23,6162
00632R,元大台灣50反1,223,0,223,中國信託-忠孝,2023-03-24,6162
1903,士紙,120,0,120,中國信託-忠孝,2023-03-24,6162
2610,華航,179,70,109,中國信託-忠孝,2023-03-24,6162
5222,全訊,107,10,97,中國信託-忠孝,2023-03-24,6162
2515,中工,100,10,90,中國信託-忠孝,2023-03-24,6162
2890,永豐金,93,5,88,中國信託-忠孝,2023-03-24,6162
6472,保瑞,101,16,85,中國信託-忠孝,2023-03-24,6162
2534,宏盛,70,0,70,中國信託-忠孝,2023-03-24,6162
5258,虹堡,109,41,68,中國信託-忠孝,2023-03-24,6162
3481,群創,140,74,66,中國信託-忠孝,2023-03-24,6162
2723,美食-KY,54,0,54,中國信託-忠孝,2023-03-24,6162
2498,宏達電,57,9,48,中國信託-忠孝,2023-03-24,6162
00712,復華富時不動產,59,12,47,中國信託-忠孝,2023-03-24,6162
3149,正達,40,0,40,中國信託-忠孝,2023-03-24,6162
6548,長科*,41,1,40,中國信託-忠孝,2023-03-24,6162
6443,元晶,55,18,37,中國信託-忠孝,2023-03-24,6162
2377,微星,32,0,32,中國信託-忠孝,2023-03-24,6162
1718,中纖,31,0,31,中國信託-忠孝,2023-03-24,6162
3169,亞信,31,0,31,中國信託-忠孝,2023-03-24,6162
4306,炎洲,26,0,26,中國信託-忠孝,2023-03-24,6162
6134,萬旭,30,5,25,中國信託-忠孝,2023-03-24,6162
2402,毅嘉,70,46,24,中國信託-忠孝,2023-03-24,6162
3441,聯一光,40,16,24,中國信託-忠孝,2023-03-24,6162
00720B,元大投資級公司債,23,0,23,中國信託-忠孝,2023-03-24,6162
6112,邁達特,22,0,22,中國信託-忠孝,2023-03-24,6162
2351,順德,33,12,21,中國信託-忠孝,2023-03-24,6162
1517,利奇,21,0,21,中國信託-忠孝,2023-03-24,6162
6874,倍力,21,0,21,中國信託-忠孝,2023-03-24,6162
2845,遠東銀,20,0,20,中國信託-忠孝,2023-03-24,6162
9927,泰銘,20,0,20,中國信託-忠孝,2023-03-24,6162
8069,元太,28,8,20,中國信託-忠孝,2023-03-24,6162
2888,新光金,22,3,19,中國信託-忠孝,2023-03-24,6162
3083,網龍,19,0,19,中國信託-忠孝,2023-03-24,6162
9917,中保科,20,2,18,中國信託-忠孝,2023-03-24,6162
2812,台中銀,20,2,18,中國信託-忠孝,2023-03-24,6162
2882,國泰金,20,2,18,中國信託-忠孝,2023-03-24,6162
9934,成霖,20,3,17,中國信託-忠孝,2023-03-24,6162
2457,飛宏,68,52,16,中國信託-忠孝,2023-03-24,6162
3022,威強電,16,0,16,中國信託-忠孝,2023-03-24,6162
2634,漢翔,26,10,16,中國信託-忠孝,2023-03-24,6162
2106,建大,19,3,16,中國信託-忠孝,2023-03-24,6162
6290,良維,16,0,16,中國信託-忠孝,2023-03-24,6162
4919,新唐,32,16,16,中國信託-忠孝,2023-03-24,6162
9907,統一實,15,0,15,中國信託-忠孝,2023-03-24,6162
00679B,元大美債20年,19,4,15,中國信託-忠孝,2023-03-24,6162
00902,中信電池及儲能,14,0,14,中國信託-忠孝,2023-03-24,6162
00680L,元大美債20正2,13,0,13,中國信託-忠孝,2023-03-24,6162
5381,合正,14,1,13,中國信託-忠孝,2023-03-24,6162
2609,陽明,13,1,12,中國信託-忠孝,2023-03-24,6162
3013,晟銘電,20,8,12,中國信託-忠孝,2023-03-24,6162
3481,群創,500,68,432,中國信託-忠孝,2023-03-27,6162
00878,國泰永續高股息,276,27,249,中國信託-忠孝,2023-03-27,6162
00665L,富邦�琤肭磪囓�2,151,0,151,中國信託-忠孝,2023-03-27,6162
2634,漢翔,265,115,150,中國信託-忠孝,2023-03-27,6162
3169,亞信,104,0,104,中國信託-忠孝,2023-03-27,6162
00882,中信中國高股息,121,21,100,中國信託-忠孝,2023-03-27,6162
2534,宏盛,90,0,90,中國信託-忠孝,2023-03-27,6162
2002,中鋼,65,0,65,中國信託-忠孝,2023-03-27,6162
4903,聯光通,60,0,60,中國信託-忠孝,2023-03-27,6162
1609,大亞,250,195,55,中國信託-忠孝,2023-03-27,6162
00922,國泰台灣領袖50,55,0,55,中國信託-忠孝,2023-03-27,6162
2201,裕隆,58,5,53,中國信託-忠孝,2023-03-27,6162
2331,精英,50,0,50,中國信託-忠孝,2023-03-27,6162
2498,宏達電,95,45,50,中國信託-忠孝,2023-03-27,6162
8289,泰藝,40,0,40,中國信託-忠孝,2023-03-27,6162
1605,華新,67,29,38,中國信託-忠孝,2023-03-27,6162
5009,榮剛,32,3,29,中國信託-忠孝,2023-03-27,6162
00720B,元大投資級公司債,28,0,28,中國信託-忠孝,2023-03-27,6162
2890,永豐金,33,7,26,中國信託-忠孝,2023-03-27,6162
2344,華邦電,197,172,25,中國信託-忠孝,2023-03-27,6162
6134,萬旭,24,0,24,中國信託-忠孝,2023-03-27,6162
8028,昇陽半導體,27,3,24,中國信託-忠孝,2023-03-27,6162
2317,鴻海,23,1,22,中國信託-忠孝,2023-03-27,6162
00715L,期街口布蘭特正2,42,20,22,中國信託-忠孝,2023-03-27,6162
1504,東元,91,69,22,中國信託-忠孝,2023-03-27,6162
9945,潤泰新,22,1,21,中國信託-忠孝,2023-03-27,6162
6274,台燿,21,1,20,中國信託-忠孝,2023-03-27,6162
8105,凌巨,20,0,20,中國信託-忠孝,2023-03-27,6162
8936,國統,21,1,20,中國信託-忠孝,2023-03-27,6162
6517,保勝光學,18,0,18,中國信託-忠孝,2023-03-27,6162
1718,中纖,22,4,18,中國信託-忠孝,2023-03-27,6162
2457,飛宏,95,77,18,中國信託-忠孝,2023-03-27,6162
3588,通嘉,16,0,16,中國信託-忠孝,2023-03-27,6162
9907,統一實,15,0,15,中國信託-忠孝,2023-03-27,6162
00650L,復華香港正2,14,0,14,中國信託-忠孝,2023-03-27,6162
2376,技嘉,16,2,14,中國信託-忠孝,2023-03-27,6162
00772B,中信高評級公司債,14,0,14,中國信託-忠孝,2023-03-27,6162
00713,元大台灣高息低波,33,20,13,中國信託-忠孝,2023-03-27,6162
3338,泰碩,15,2,13,中國信託-忠孝,2023-03-27,6162
4128,中天,14,1,13,中國信託-忠孝,2023-03-27,6162
6226,光鼎,52,39,13,中國信託-忠孝,2023-03-27,6162
3005,神基,16,3,13,中國信託-忠孝,2023-03-27,6162
6770,力積電,14,1,13,中國信託-忠孝,2023-03-27,6162
3558,神準,22,10,12,中國信託-忠孝,2023-03-27,6162
1442,名軒,14,2,12,中國信託-忠孝,2023-03-27,6162
6472,保瑞,17,5,12,中國信託-忠孝,2023-03-27,6162
2461,光群雷,23,11,12,中國信託-忠孝,2023-03-27,6162
2390,云辰,12,0,12,中國信託-忠孝,2023-03-27,6162
3652,精聯,12,0,12,中國信託-忠孝,2023-03-27,6162
2105,正新,17,6,11,中國信託-忠孝,2023-03-27,6162
5213,亞昕,290,51,239,中國信託-忠孝,2023-03-28,6162
00878,國泰永續高股息,149,34,115,中國信託-忠孝,2023-03-28,6162
00885,富邦越南,106,1,105,中國信託-忠孝,2023-03-28,6162
2883,凱基金,101,0,101,中國信託-忠孝,2023-03-28,6162
2610,華航,170,77,93,中國信託-忠孝,2023-03-28,6162
00679B,元大美債20年,112,20,92,中國信託-忠孝,2023-03-28,6162
2534,宏盛,127,35,92,中國信託-忠孝,2023-03-28,6162
00795B,中信美國公債20年,73,0,73,中國信託-忠孝,2023-03-28,6162
4979,華星光,140,68,72,中國信託-忠孝,2023-03-28,6162
2388,威盛,198,132,66,中國信託-忠孝,2023-03-28,6162
00882,中信中國高股息,61,0,61,中國信託-忠孝,2023-03-28,6162
1325,恆大,54,0,54,中國信託-忠孝,2023-03-28,6162
2409,友達,52,0,52,中國信託-忠孝,2023-03-28,6162
2536,宏普,50,0,50,中國信託-忠孝,2023-03-28,6162
00680L,元大美債20正2,48,0,48,中國信託-忠孝,2023-03-28,6162
3715,定穎投控,84,40,44,中國信託-忠孝,2023-03-28,6162
2457,飛宏,116,73,43,中國信託-忠孝,2023-03-28,6162
00772B,中信高評級公司債,43,3,40,中國信託-忠孝,2023-03-28,6162
00922,國泰台灣領袖50,39,0,39,中國信託-忠孝,2023-03-28,6162
2455,全新,41,7,34,中國信託-忠孝,2023-03-28,6162
2349,錸德,32,1,31,中國信託-忠孝,2023-03-28,6162
2845,遠東銀,30,0,30,中國信託-忠孝,2023-03-28,6162
4147,中裕,32,3,29,中國信託-忠孝,2023-03-28,6162
00688L,國泰20年美債正2,25,0,25,中國信託-忠孝,2023-03-28,6162
3714,富采,27,2,25,中國信託-忠孝,2023-03-28,6162
3083,網龍,22,0,22,中國信託-忠孝,2023-03-28,6162
3035,智原,42,21,21,中國信託-忠孝,2023-03-28,6162
8033,雷虎,21,0,21,中國信託-忠孝,2023-03-28,6162
3499,環天科,26,5,21,中國信託-忠孝,2023-03-28,6162
1605,華新,155,135,20,中國信託-忠孝,2023-03-28,6162
2329,華泰,32,12,20,中國信託-忠孝,2023-03-28,6162
4961,天鈺,25,5,20,中國信託-忠孝,2023-03-28,6162
4903,聯光通,20,0,20,中國信託-忠孝,2023-03-28,6162
4971,IET-KY,18,0,18,中國信託-忠孝,2023-03-28,6162
6606,建德工業,17,0,17,中國信託-忠孝,2023-03-28,6162
3624,光頡,59,43,16,中國信託-忠孝,2023-03-28,6162
00687B,國泰20年美債,16,0,16,中國信託-忠孝,2023-03-28,6162
3022,威強電,16,0,16,中國信託-忠孝,2023-03-28,6162
2344,華邦電,154,138,16,中國信託-忠孝,2023-03-28,6162
00713,元大台灣高息低波,19,3,16,中國信託-忠孝,2023-03-28,6162
00902,中信電池及儲能,15,0,15,中國信託-忠孝,2023-03-28,6162
5351,鈺創,15,0,15,中國信託-忠孝,2023-03-28,6162
6527,明達醫,15,0,15,中國信託-忠孝,2023-03-28,6162
1504,東元,49,35,14,中國信託-忠孝,2023-03-28,6162
6266,泰詠,16,2,14,中國信託-忠孝,2023-03-28,6162
1336,台翰,14,0,14,中國信託-忠孝,2023-03-28,6162
4968,立積,16,3,13,中國信託-忠孝,2023-03-28,6162
5011,久陽,13,0,13,中國信託-忠孝,2023-03-28,6162
00673R,期元大S＆P原油反1,13,0,13,中國信託-忠孝,2023-03-28,6162
1514,亞力,13,0,13,中國信託-忠孝,2023-03-28,6162
5258,虹堡,111,9,102,中國信託-忠孝,2023-03-29,6162
2890,永豐金,100,5,95,中國信託-忠孝,2023-03-29,6162
2461,光群雷,86,3,83,中國信託-忠孝,2023-03-29,6162
00680L,元大美債20正2,76,0,76,中國信託-忠孝,2023-03-29,6162
00679B,元大美債20年,69,10,59,中國信託-忠孝,2023-03-29,6162
1108,幸福,50,0,50,中國信託-忠孝,2023-03-29,6162
2536,宏普,50,0,50,中國信託-忠孝,2023-03-29,6162
00637L,元大滬深300正2,50,3,47,中國信託-忠孝,2023-03-29,6162
3054,立萬利,47,0,47,中國信託-忠孝,2023-03-29,6162
2845,遠東銀,40,0,40,中國信託-忠孝,2023-03-29,6162
9945,潤泰新,40,1,39,中國信託-忠孝,2023-03-29,6162
00720B,元大投資級公司債,36,0,36,中國信託-忠孝,2023-03-29,6162
00894,中信小資高價30,32,0,32,中國信託-忠孝,2023-03-29,6162
2371,大同,35,3,32,中國信託-忠孝,2023-03-29,6162
3231,緯創,67,35,32,中國信託-忠孝,2023-03-29,6162
5213,亞昕,32,1,31,中國信託-忠孝,2023-03-29,6162
2208,台船,31,1,30,中國信託-忠孝,2023-03-29,6162
3707,漢磊,29,0,29,中國信託-忠孝,2023-03-29,6162
00882,中信中國高股息,27,0,27,中國信託-忠孝,2023-03-29,6162
00772B,中信高評級公司債,26,0,26,中國信託-忠孝,2023-03-29,6162
2498,宏達電,24,1,23,中國信託-忠孝,2023-03-29,6162
3207,耀勝,21,0,21,中國信託-忠孝,2023-03-29,6162
3432,台端,21,0,21,中國信託-忠孝,2023-03-29,6162
2701,萬企,21,0,21,中國信託-忠孝,2023-03-29,6162
1584,精剛,22,2,20,中國信託-忠孝,2023-03-29,6162
6156,松上,20,0,20,中國信託-忠孝,2023-03-29,6162
1618,合機,31,12,19,中國信託-忠孝,2023-03-29,6162
6285,啟��,21,3,18,中國信託-忠孝,2023-03-29,6162
1605,華新,21,3,18,中國信託-忠孝,2023-03-29,6162
2402,毅嘉,36,18,18,中國信託-忠孝,2023-03-29,6162
2455,全新,27,9,18,中國信託-忠孝,2023-03-29,6162
00751B,元大AAA至A公司債,17,0,17,中國信託-忠孝,2023-03-29,6162
2609,陽明,18,2,16,中國信託-忠孝,2023-03-29,6162
2457,飛宏,139,123,16,中國信託-忠孝,2023-03-29,6162
00773B,中信優先金融債,15,0,15,中國信託-忠孝,2023-03-29,6162
3447,展達,39,24,15,中國信託-忠孝,2023-03-29,6162
00885,富邦越南,15,0,15,中國信託-忠孝,2023-03-29,6162
3105,穩懋,37,23,14,中國信託-忠孝,2023-03-29,6162
2897A,王道銀甲特,14,0,14,中國信託-忠孝,2023-03-29,6162
5425,台半,21,7,14,中國信託-忠孝,2023-03-29,6162
2303,聯電,27,13,14,中國信託-忠孝,2023-03-29,6162
3093,港建*,13,0,13,中國信託-忠孝,2023-03-29,6162
6517,保勝光學,13,0,13,中國信託-忠孝,2023-03-29,6162
1442,名軒,12,0,12,中國信託-忠孝,2023-03-29,6162
00725B,國泰投資級公司債,11,0,11,中國信託-忠孝,2023-03-29,6162
6282,康舒,11,0,11,中國信託-忠孝,2023-03-29,6162
9958,世紀鋼,11,0,11,中國信託-忠孝,2023-03-29,6162
2331,精英,11,0,11,中國信託-忠孝,2023-03-29,6162
9917,中保科,20,9,11,中國信託-忠孝,2023-03-29,6162
00673R,期元大S＆P原油反1,10,0,10,中國信託-忠孝,2023-03-29,6162
3481,群創,1484,0,1484,中國信託-忠孝,2023-03-30,6162
2610,華航,132,40,92,中國信託-忠孝,2023-03-30,6162
2834,臺企銀,51,0,51,中國信託-忠孝,2023-03-30,6162
2344,華邦電,73,23,50,中國信託-忠孝,2023-03-30,6162
2882,國泰金,49,2,47,中國信託-忠孝,2023-03-30,6162
2891,中信金,55,10,45,中國信託-忠孝,2023-03-30,6162
2002,中鋼,46,2,44,中國信託-忠孝,2023-03-30,6162
4967,十銓,58,14,44,中國信託-忠孝,2023-03-30,6162
00715L,期街口布蘭特正2,38,0,38,中國信託-忠孝,2023-03-30,6162
1609,大亞,41,5,36,中國信託-忠孝,2023-03-30,6162
2884,玉山金,45,11,34,中國信託-忠孝,2023-03-30,6162
2883,凱基金,31,1,30,中國信託-忠孝,2023-03-30,6162
6441,廣錠,30,0,30,中國信託-忠孝,2023-03-30,6162
3054,立萬利,21,0,21,中國信託-忠孝,2023-03-30,6162
00673R,期元大S＆P原油反1,20,0,20,中國信託-忠孝,2023-03-30,6162
00882,中信中國高股息,18,0,18,中國信託-忠孝,2023-03-30,6162
00632R,元大台灣50反1,17,0,17,中國信託-忠孝,2023-03-30,6162
2371,大同,18,2,16,中國信託-忠孝,2023-03-30,6162
5213,亞昕,16,0,16,中國信託-忠孝,2023-03-30,6162
8147,正淩,26,10,16,中國信託-忠孝,2023-03-30,6162
2609,陽明,35,19,16,中國信託-忠孝,2023-03-30,6162
5388,中磊,16,0,16,中國信託-忠孝,2023-03-30,6162
3035,智原,35,20,15,中國信託-忠孝,2023-03-30,6162
00679B,元大美債20年,24,9,15,中國信託-忠孝,2023-03-30,6162
4950,牧東,20,5,15,中國信託-忠孝,2023-03-30,6162
2640,大車隊,14,0,14,中國信託-忠孝,2023-03-30,6162
2455,全新,14,0,14,中國信託-忠孝,2023-03-30,6162
1584,精剛,16,2,14,中國信託-忠孝,2023-03-30,6162
6288,聯嘉,26,12,14,中國信託-忠孝,2023-03-30,6162
6213,聯茂,15,2,13,中國信託-忠孝,2023-03-30,6162
6753,龍德造船,16,3,13,中國信託-忠孝,2023-03-30,6162
2032,新鋼,13,0,13,中國信託-忠孝,2023-03-30,6162
0056,元大高股息,18,6,12,中國信託-忠孝,2023-03-30,6162
6116,彩晶,12,0,12,中國信託-忠孝,2023-03-30,6162
1314,中石化,12,0,12,中國信託-忠孝,2023-03-30,6162
3083,網龍,11,0,11,中國信託-忠孝,2023-03-30,6162
6548,長科*,11,0,11,中國信託-忠孝,2023-03-30,6162
6733,博晟生醫,11,0,11,中國信託-忠孝,2023-03-30,6162
2038,海光,11,1,10,中國信託-忠孝,2023-03-30,6162
3703,欣陸,10,0,10,中國信託-忠孝,2023-03-30,6162
2013,中鋼構,10,0,10,中國信託-忠孝,2023-03-30,6162
3666,光耀,10,0,10,中國信託-忠孝,2023-03-30,6162
3704,合勤控,12,2,10,中國信託-忠孝,2023-03-30,6162
2382,廣達,11,1,10,中國信託-忠孝,2023-03-30,6162
00675L,富邦臺灣加權正2,10,0,10,中國信託-忠孝,2023-03-30,6162
6770,力積電,10,0,10,中國信託-忠孝,2023-03-30,6162
2603,長榮,16,7,9,中國信託-忠孝,2023-03-30,6162
8086,宏捷科,11,2,9,中國信託-忠孝,2023-03-30,6162
2634,漢翔,12,3,9,中國信託-忠孝,2023-03-30,6162
2618,長榮航,13,4,9,中國信託-忠孝,2023-03-30,6162
5213,亞昕,684,15,669,中國信託-忠孝,2023-03-31,6162
2344,華邦電,755,171,584,中國信託-忠孝,2023-03-31,6162
00632R,元大台灣50反1,139,0,139,中國信託-忠孝,2023-03-31,6162
3054,立萬利,102,0,102,中國信託-忠孝,2023-03-31,6162
4744,皇將,75,0,75,中國信託-忠孝,2023-03-31,6162
2367,燿華,70,10,60,中國信託-忠孝,2023-03-31,6162
6133,金橋,100,40,60,中國信託-忠孝,2023-03-31,6162
2002,中鋼,57,0,57,中國信託-忠孝,2023-03-31,6162
00679B,元大美債20年,55,0,55,中國信託-忠孝,2023-03-31,6162
6548,長科*,65,13,52,中國信託-忠孝,2023-03-31,6162
2352,佳世達,42,0,42,中國信託-忠孝,2023-03-31,6162
2337,旺宏,57,15,42,中國信託-忠孝,2023-03-31,6162
2610,華航,93,62,31,中國信託-忠孝,2023-03-31,6162
2536,宏普,30,0,30,中國信託-忠孝,2023-03-31,6162
3540,曜越,35,5,30,中國信託-忠孝,2023-03-31,6162
2457,飛宏,150,120,30,中國信託-忠孝,2023-03-31,6162
3481,群創,41,13,28,中國信託-忠孝,2023-03-31,6162
00673R,期元大S＆P原油反1,28,0,28,中國信託-忠孝,2023-03-31,6162
2442,新美齊,27,0,27,中國信託-忠孝,2023-03-31,6162
00680L,元大美債20正2,23,0,23,中國信託-忠孝,2023-03-31,6162
2834,臺企銀,24,2,22,中國信託-忠孝,2023-03-31,6162
6290,良維,20,0,20,中國信託-忠孝,2023-03-31,6162
2349,錸德,20,0,20,中國信託-忠孝,2023-03-31,6162
3231,緯創,39,21,18,中國信託-忠孝,2023-03-31,6162
3011,今皓,18,0,18,中國信託-忠孝,2023-03-31,6162
6156,松上,17,0,17,中國信託-忠孝,2023-03-31,6162
2371,大同,16,0,16,中國信託-忠孝,2023-03-31,6162
4950,牧東,16,1,15,中國信託-忠孝,2023-03-31,6162
2634,漢翔,16,1,15,中國信託-忠孝,2023-03-31,6162
8299,群聯,23,9,14,中國信託-忠孝,2023-03-31,6162
6163,華電網,75,62,13,中國信託-忠孝,2023-03-31,6162
00687B,國泰20年美債,13,0,13,中國信託-忠孝,2023-03-31,6162
4105,東洋,14,1,13,中國信託-忠孝,2023-03-31,6162
2897A,王道銀甲特,12,0,12,中國信託-忠孝,2023-03-31,6162
2718,全心投控,12,0,12,中國信託-忠孝,2023-03-31,6162
2527,宏璟,12,0,12,中國信託-忠孝,2023-03-31,6162
2645,長榮航太,12,0,12,中國信託-忠孝,2023-03-31,6162
00712,復華富時不動產,11,0,11,中國信託-忠孝,2023-03-31,6162
5351,鈺創,32,21,11,中國信託-忠孝,2023-03-31,6162
2884,玉山金,42,31,11,中國信託-忠孝,2023-03-31,6162
3484,崧騰,10,0,10,中國信託-忠孝,2023-03-31,6162
8421,旭源,10,0,10,中國信託-忠孝,2023-03-31,6162
2013,中鋼構,10,0,10,中國信託-忠孝,2023-03-31,6162
2537,聯上發,10,0,10,中國信託-忠孝,2023-03-31,6162
1409,新纖,10,0,10,中國信託-忠孝,2023-03-31,6162
1314,中石化,10,0,10,中國信託-忠孝,2023-03-31,6162
6442,光聖,10,0,10,中國信託-忠孝,2023-03-31,6162
6770,力積電,10,0,10,中國信託-忠孝,2023-03-31,6162
9919,康那香,10,0,10,中國信託-忠孝,2023-03-31,6162
3037,欣興,60,51,9,中國信託-忠孝,2023-03-31,6162
2442,新美齊,960,100,860,中國信託-忠孝,2023-04-06,6162
5213,亞昕,247,3,244,中國信託-忠孝,2023-04-06,6162
2344,華邦電,214,1,213,中國信託-忠孝,2023-04-06,6162
00673R,期元大S＆P原油反1,150,0,150,中國信託-忠孝,2023-04-06,6162
00637L,元大滬深300正2,134,0,134,中國信託-忠孝,2023-04-06,6162
2534,宏盛,171,92,79,中國信託-忠孝,2023-04-06,6162
00712,復華富時不動產,73,2,71,中國信託-忠孝,2023-04-06,6162
1609,大亞,87,17,70,中國信託-忠孝,2023-04-06,6162
2208,台船,78,16,62,中國信託-忠孝,2023-04-06,6162
6116,彩晶,40,0,40,中國信託-忠孝,2023-04-06,6162
3231,緯創,61,26,35,中國信託-忠孝,2023-04-06,6162
4113,聯上,35,0,35,中國信託-忠孝,2023-04-06,6162
00878,國泰永續高股息,76,41,35,中國信託-忠孝,2023-04-06,6162
3481,群創,32,0,32,中國信託-忠孝,2023-04-06,6162
1519,華城,40,8,32,中國信託-忠孝,2023-04-06,6162
9945,潤泰新,28,0,28,中國信託-忠孝,2023-04-06,6162
2615,萬海,33,5,28,中國信託-忠孝,2023-04-06,6162
00902,中信電池及儲能,28,0,28,中國信託-忠孝,2023-04-06,6162
00882,中信中國高股息,37,10,27,中國信託-忠孝,2023-04-06,6162
00655L,國泰中國A50正2,26,0,26,中國信託-忠孝,2023-04-06,6162
2891,中信金,27,1,26,中國信託-忠孝,2023-04-06,6162
2312,金寶,25,0,25,中國信託-忠孝,2023-04-06,6162
4744,皇將,25,0,25,中國信託-忠孝,2023-04-06,6162
2603,長榮,27,7,20,中國信託-忠孝,2023-04-06,6162
1435,中福,20,0,20,中國信託-忠孝,2023-04-06,6162
8201,無敵,20,0,20,中國信託-忠孝,2023-04-06,6162
6417,韋僑,21,1,20,中國信託-忠孝,2023-04-06,6162
00753L,中信中國50正2,30,10,20,中國信託-忠孝,2023-04-06,6162
2454,聯發科,20,0,20,中國信託-忠孝,2023-04-06,6162
00885,富邦越南,23,4,19,中國信託-忠孝,2023-04-06,6162
00888,永豐台灣ESG,20,2,18,中國信託-忠孝,2023-04-06,6162
2317,鴻海,23,5,18,中國信託-忠孝,2023-04-06,6162
3050,鈺德,17,0,17,中國信託-忠孝,2023-04-06,6162
2609,陽明,20,3,17,中國信託-忠孝,2023-04-06,6162
3017,奇鋐,28,11,17,中國信託-忠孝,2023-04-06,6162
00675L,富邦臺灣加權正2,16,0,16,中國信託-忠孝,2023-04-06,6162
2457,飛宏,37,21,16,中國信託-忠孝,2023-04-06,6162
4541,晟田,15,0,15,中國信託-忠孝,2023-04-06,6162
6244,茂迪,15,0,15,中國信託-忠孝,2023-04-06,6162
6527,明達醫,15,0,15,中國信託-忠孝,2023-04-06,6162
6290,良維,15,0,15,中國信託-忠孝,2023-04-06,6162
8050,廣積,15,0,15,中國信託-忠孝,2023-04-06,6162
2201,裕隆,15,0,15,中國信託-忠孝,2023-04-06,6162
00720B,元大投資級公司債,21,6,15,中國信託-忠孝,2023-04-06,6162
2455,全新,15,1,14,中國信託-忠孝,2023-04-06,6162
2101,南港,15,1,14,中國信託-忠孝,2023-04-06,6162
1325,恆大,14,0,14,中國信託-忠孝,2023-04-06,6162
3714,富采,14,0,14,中國信託-忠孝,2023-04-06,6162
2739,寒舍,14,0,14,中國信託-忠孝,2023-04-06,6162
1810,和成,14,0,14,中國信託-忠孝,2023-04-06,6162
6177,達麗,479,105,374,中國信託-忠孝,2023-04-07,6162
2442,新美齊,364,0,364,中國信託-忠孝,2023-04-07,6162
1435,中福,233,0,233,中國信託-忠孝,2023-04-07,6162
4113,聯上,191,16,175,中國信託-忠孝,2023-04-07,6162
2014,中鴻,169,19,150,中國信託-忠孝,2023-04-07,6162
3481,群創,125,4,121,中國信託-忠孝,2023-04-07,6162
00632R,元大台灣50反1,119,0,119,中國信託-忠孝,2023-04-07,6162
2002,中鋼,87,0,87,中國信託-忠孝,2023-04-07,6162
3088,艾訊,72,0,72,中國信託-忠孝,2023-04-07,6162
2534,宏盛,108,43,65,中國信託-忠孝,2023-04-07,6162
00878,國泰永續高股息,72,8,64,中國信託-忠孝,2023-04-07,6162
2208,台船,74,10,64,中國信託-忠孝,2023-04-07,6162
00679B,元大美債20年,80,20,60,中國信託-忠孝,2023-04-07,6162
2342,茂矽,62,2,60,中國信託-忠孝,2023-04-07,6162
4541,晟田,82,22,60,中國信託-忠孝,2023-04-07,6162
5213,亞昕,59,0,59,中國信託-忠孝,2023-04-07,6162
1796,金穎生技,61,4,57,中國信託-忠孝,2023-04-07,6162
00712,復華富時不動產,60,10,50,中國信託-忠孝,2023-04-07,6162
2701,萬企,50,0,50,中國信託-忠孝,2023-04-07,6162
4967,十銓,53,15,38,中國信託-忠孝,2023-04-07,6162
4744,皇將,37,0,37,中國信託-忠孝,2023-04-07,6162
1513,中興電,98,66,32,中國信託-忠孝,2023-04-07,6162
00902,中信電池及儲能,32,0,32,中國信託-忠孝,2023-04-07,6162
00772B,中信高評級公司債,30,0,30,中國信託-忠孝,2023-04-07,6162
2527,宏璟,29,0,29,中國信託-忠孝,2023-04-07,6162
6547,高端疫苗,30,4,26,中國信託-忠孝,2023-04-07,6162
3025,星通,38,14,24,中國信託-忠孝,2023-04-07,6162
5452,佶優,23,0,23,中國信託-忠孝,2023-04-07,6162
1504,東元,49,27,22,中國信託-忠孝,2023-04-07,6162
00720B,元大投資級公司債,21,0,21,中國信託-忠孝,2023-04-07,6162
2867,三商壽,21,0,21,中國信託-忠孝,2023-04-07,6162
2409,友達,20,0,20,中國信託-忠孝,2023-04-07,6162
5328,華容,20,0,20,中國信託-忠孝,2023-04-07,6162
4147,中裕,30,12,18,中國信託-忠孝,2023-04-07,6162
1229,聯華,20,3,17,中國信託-忠孝,2023-04-07,6162
5301,寶得利,17,0,17,中國信託-忠孝,2023-04-07,6162
00857B,永豐20年美公債,20,4,16,中國信託-忠孝,2023-04-07,6162
2345,智邦,20,4,16,中國信託-忠孝,2023-04-07,6162
2606,裕民,23,8,15,中國信託-忠孝,2023-04-07,6162
8289,泰藝,15,0,15,中國信託-忠孝,2023-04-07,6162
2537,聯上發,14,0,14,中國信託-忠孝,2023-04-07,6162
2718,全心投控,14,0,14,中國信託-忠孝,2023-04-07,6162
2367,燿華,14,0,14,中國信託-忠孝,2023-04-07,6162
6288,聯嘉,20,6,14,中國信託-忠孝,2023-04-07,6162
0056,元大高股息,18,5,13,中國信託-忠孝,2023-04-07,6162
4105,東洋,14,1,13,中國信託-忠孝,2023-04-07,6162
2351,順德,13,1,12,中國信託-忠孝,2023-04-07,6162
2897A,王道銀甲特,12,0,12,中國信託-忠孝,2023-04-07,6162
3231,緯創,21,10,11,中國信託-忠孝,2023-04-07,6162
3027,盛達,20,9,11,中國信託-忠孝,2023-04-07,6162
00680L,元大美債20正2,189,3,186,中國信託-忠孝,2023-04-10,6162
2014,中鴻,184,7,177,中國信託-忠孝,2023-04-10,6162
00673R,期元大S＆P原油反1,159,0,159,中國信託-忠孝,2023-04-10,6162
2331,精英,131,0,131,中國信託-忠孝,2023-04-10,6162
00637L,元大滬深300正2,158,50,108,中國信託-忠孝,2023-04-10,6162
00632R,元大台灣50反1,110,4,106,中國信託-忠孝,2023-04-10,6162
2442,新美齊,110,19,91,中國信託-忠孝,2023-04-10,6162
2701,萬企,79,0,79,中國信託-忠孝,2023-04-10,6162
3715,定穎投控,94,37,57,中國信託-忠孝,2023-04-10,6162
4977,眾達-KY,56,2,54,中國信託-忠孝,2023-04-10,6162
6248,沛波,57,4,53,中國信託-忠孝,2023-04-10,6162
6578,達邦蛋白,61,11,50,中國信託-忠孝,2023-04-10,6162
1314,中石化,50,1,49,中國信託-忠孝,2023-04-10,6162
3017,奇鋐,45,5,40,中國信託-忠孝,2023-04-10,6162
4763,材料-KY,41,1,40,中國信託-忠孝,2023-04-10,6162
2528,皇普,40,0,40,中國信託-忠孝,2023-04-10,6162
1503,士電,41,2,39,中國信託-忠孝,2023-04-10,6162
2867,三商壽,39,1,38,中國信託-忠孝,2023-04-10,6162
6163,華電網,97,60,37,中國信託-忠孝,2023-04-10,6162
1301,台塑,36,0,36,中國信託-忠孝,2023-04-10,6162
00772B,中信高評級公司債,36,1,35,中國信託-忠孝,2023-04-10,6162
6160,欣技,30,0,30,中國信託-忠孝,2023-04-10,6162
00679B,元大美債20年,71,44,27,中國信託-忠孝,2023-04-10,6162
1605,華新,26,0,26,中國信託-忠孝,2023-04-10,6162
2603,長榮,79,54,25,中國信託-忠孝,2023-04-10,6162
1717,長興,27,3,24,中國信託-忠孝,2023-04-10,6162
8299,群聯,23,1,22,中國信託-忠孝,2023-04-10,6162
2527,宏璟,26,4,22,中國信託-忠孝,2023-04-10,6162
6177,達麗,22,0,22,中國信託-忠孝,2023-04-10,6162
1513,中興電,75,53,22,中國信託-忠孝,2023-04-10,6162
2408,南亞科,22,1,21,中國信託-忠孝,2023-04-10,6162
4155,訊映,25,4,21,中國信託-忠孝,2023-04-10,6162
6589,台康生技,29,8,21,中國信託-忠孝,2023-04-10,6162
00878,國泰永續高股息,64,44,20,中國信託-忠孝,2023-04-10,6162
3545,敦泰,20,0,20,中國信託-忠孝,2023-04-10,6162
1584,精剛,22,2,20,中國信託-忠孝,2023-04-10,6162
2614,東森,20,0,20,中國信託-忠孝,2023-04-10,6162
2457,飛宏,105,85,20,中國信託-忠孝,2023-04-10,6162
4967,十銓,40,21,19,中國信託-忠孝,2023-04-10,6162
5213,亞昕,19,0,19,中國信託-忠孝,2023-04-10,6162
1808,潤隆,17,0,17,中國信託-忠孝,2023-04-10,6162
4979,華星光,19,2,17,中國信託-忠孝,2023-04-10,6162
6182,合晶,16,0,16,中國信託-忠孝,2023-04-10,6162
6435,大中,16,0,16,中國信託-忠孝,2023-04-10,6162
9907,統一實,16,0,16,中國信託-忠孝,2023-04-10,6162
5222,全訊,33,17,16,中國信託-忠孝,2023-04-10,6162
6669,緯穎,18,2,16,中國信託-忠孝,2023-04-10,6162
00720B,元大投資級公司債,15,0,15,中國信託-忠孝,2023-04-10,6162
4147,中裕,19,4,15,中國信託-忠孝,2023-04-10,6162
8050,廣積,16,1,15,中國信託-忠孝,2023-04-10,6162
2634,漢翔,199,15,184,中國信託-忠孝,2023-04-11,6162
6005,群益證,300,125,175,中國信託-忠孝,2023-04-11,6162
2014,中鴻,85,4,81,中國信託-忠孝,2023-04-11,6162
2331,精英,964,888,76,中國信託-忠孝,2023-04-11,6162
6248,沛波,79,4,75,中國信託-忠孝,2023-04-11,6162
5009,榮剛,83,10,73,中國信託-忠孝,2023-04-11,6162
5213,亞昕,70,0,70,中國信託-忠孝,2023-04-11,6162
00680L,元大美債20正2,69,0,69,中國信託-忠孝,2023-04-11,6162
2883,凱基金,79,16,63,中國信託-忠孝,2023-04-11,6162
6532,瑞耘,60,1,59,中國信託-忠孝,2023-04-11,6162
2337,旺宏,57,6,51,中國信託-忠孝,2023-04-11,6162
2332,友訊,50,0,50,中國信託-忠孝,2023-04-11,6162
6770,力積電,47,10,37,中國信託-忠孝,2023-04-11,6162
8097,常珵,101,64,37,中國信託-忠孝,2023-04-11,6162
00637L,元大滬深300正2,104,70,34,中國信託-忠孝,2023-04-11,6162
3006,晶豪科,78,48,30,中國信託-忠孝,2023-04-11,6162
1504,東元,90,61,29,中國信託-忠孝,2023-04-11,6162
6163,華電網,37,8,29,中國信託-忠孝,2023-04-11,6162
3432,台端,39,13,26,中國信託-忠孝,2023-04-11,6162
6177,達麗,26,0,26,中國信託-忠孝,2023-04-11,6162
00712,復華富時不動產,35,10,25,中國信託-忠孝,2023-04-11,6162
00673R,期元大S＆P原油反1,37,12,25,中國信託-忠孝,2023-04-11,6162
2891,中信金,26,2,24,中國信託-忠孝,2023-04-11,6162
2457,飛宏,58,34,24,中國信託-忠孝,2023-04-11,6162
00632R,元大台灣50反1,124,100,24,中國信託-忠孝,2023-04-11,6162
3059,華晶科,30,7,23,中國信託-忠孝,2023-04-11,6162
3338,泰碩,22,0,22,中國信託-忠孝,2023-04-11,6162
5534,長虹,22,0,22,中國信託-忠孝,2023-04-11,6162
6112,邁達特,21,0,21,中國信託-忠孝,2023-04-11,6162
4927,泰鼎-KY,24,3,21,中國信託-忠孝,2023-04-11,6162
6217,中探針,45,25,20,中國信託-忠孝,2023-04-11,6162
6203,海韻電,20,0,20,中國信託-忠孝,2023-04-11,6162
5014,建錩,20,0,20,中國信託-忠孝,2023-04-11,6162
00885,富邦越南,17,0,17,中國信託-忠孝,2023-04-11,6162
3027,盛達,19,2,17,中國信託-忠孝,2023-04-11,6162
2208,台船,36,20,16,中國信託-忠孝,2023-04-11,6162
6290,良維,16,0,16,中國信託-忠孝,2023-04-11,6162
2317,鴻海,22,7,15,中國信託-忠孝,2023-04-11,6162
00891,中信關鍵半導體,15,0,15,中國信託-忠孝,2023-04-11,6162
4977,眾達-KY,16,1,15,中國信託-忠孝,2023-04-11,6162
6274,台燿,14,0,14,中國信託-忠孝,2023-04-11,6162
2342,茂矽,16,2,14,中國信託-忠孝,2023-04-11,6162
8222,寶一,18,4,14,中國信託-忠孝,2023-04-11,6162
2498,宏達電,14,1,13,中國信託-忠孝,2023-04-11,6162
2834,臺企銀,20,7,13,中國信託-忠孝,2023-04-11,6162
2017,官田鋼,12,0,12,中國信託-忠孝,2023-04-11,6162
1314,中石化,12,0,12,中國信託-忠孝,2023-04-11,6162
2313,華通,11,0,11,中國信託-忠孝,2023-04-11,6162
2897A,王道銀甲特,11,0,11,中國信託-忠孝,2023-04-11,6162
3029,零壹,15,4,11,中國信託-忠孝,2023-04-11,6162
2331,精英,503,3,500,中國信託-忠孝,2023-04-12,6162
00673R,期元大S＆P原油反1,187,5,182,中國信託-忠孝,2023-04-12,6162
2206,三陽工業,189,64,125,中國信託-忠孝,2023-04-12,6162
5009,榮剛,133,76,57,中國信託-忠孝,2023-04-12,6162
3058,立德,52,3,49,中國信託-忠孝,2023-04-12,6162
1903,士紙,46,1,45,中國信託-忠孝,2023-04-12,6162
2442,新美齊,142,102,40,中國信託-忠孝,2023-04-12,6162
1710,東聯,40,0,40,中國信託-忠孝,2023-04-12,6162
00712,復華富時不動產,48,10,38,中國信託-忠孝,2023-04-12,6162
00679B,元大美債20年,40,3,37,中國信託-忠孝,2023-04-12,6162
6274,台燿,39,2,37,中國信託-忠孝,2023-04-12,6162
00680L,元大美債20正2,37,0,37,中國信託-忠孝,2023-04-12,6162
4927,泰鼎-KY,36,1,35,中國信託-忠孝,2023-04-12,6162
00637L,元大滬深300正2,44,11,33,中國信託-忠孝,2023-04-12,6162
6576,逸達,30,0,30,中國信託-忠孝,2023-04-12,6162
3011,今皓,35,5,30,中國信託-忠孝,2023-04-12,6162
5222,全訊,37,9,28,中國信託-忠孝,2023-04-12,6162
9907,統一實,30,2,28,中國信託-忠孝,2023-04-12,6162
2891,中信金,38,10,28,中國信託-忠孝,2023-04-12,6162
6548,長科*,25,1,24,中國信託-忠孝,2023-04-12,6162
2897A,王道銀甲特,23,0,23,中國信託-忠孝,2023-04-12,6162
2457,飛宏,69,47,22,中國信託-忠孝,2023-04-12,6162
3570,大塚,22,0,22,中國信託-忠孝,2023-04-12,6162
6120,達運,21,0,21,中國信託-忠孝,2023-04-12,6162
5309,系統電,38,17,21,中國信託-忠孝,2023-04-12,6162
1101,台泥,21,0,21,中國信託-忠孝,2023-04-12,6162
2527,宏璟,20,0,20,中國信託-忠孝,2023-04-12,6162
3548,兆利,20,0,20,中國信託-忠孝,2023-04-12,6162
4147,中裕,54,35,19,中國信託-忠孝,2023-04-12,6162
3202,樺晟,17,0,17,中國信託-忠孝,2023-04-12,6162
1560,中砂,17,0,17,中國信託-忠孝,2023-04-12,6162
3715,定穎投控,57,41,16,中國信託-忠孝,2023-04-12,6162
3013,晟銘電,30,14,16,中國信託-忠孝,2023-04-12,6162
3673,TPK-KY,16,0,16,中國信託-忠孝,2023-04-12,6162
6153,嘉聯益,16,0,16,中國信託-忠孝,2023-04-12,6162
1513,中興電,82,67,15,中國信託-忠孝,2023-04-12,6162
3006,晶豪科,110,95,15,中國信託-忠孝,2023-04-12,6162
1313,聯成,30,15,15,中國信託-忠孝,2023-04-12,6162
8050,廣積,26,11,15,中國信託-忠孝,2023-04-12,6162
2367,燿華,15,0,15,中國信託-忠孝,2023-04-12,6162
5328,華容,15,0,15,中國信託-忠孝,2023-04-12,6162
2867,三商壽,17,3,14,中國信託-忠孝,2023-04-12,6162
2392,正崴,15,1,14,中國信託-忠孝,2023-04-12,6162
2718,全心投控,13,0,13,中國信託-忠孝,2023-04-12,6162
2330,台積電,19,6,13,中國信託-忠孝,2023-04-12,6162
0056,元大高股息,24,12,12,中國信託-忠孝,2023-04-12,6162
2412,中華電,18,6,12,中國信託-忠孝,2023-04-12,6162
4968,立積,41,29,12,中國信託-忠孝,2023-04-12,6162
3545,敦泰,73,61,12,中國信託-忠孝,2023-04-12,6162
6461,益得,12,0,12,中國信託-忠孝,2023-04-12,6162
5009,榮剛,256,50,206,中國信託-忠孝,2023-04-13,6162
3308,聯德,150,0,150,中國信託-忠孝,2023-04-13,6162
2206,三陽工業,184,66,118,中國信託-忠孝,2023-04-13,6162
00637L,元大滬深300正2,117,15,102,中國信託-忠孝,2023-04-13,6162
00673R,期元大S＆P原油反1,81,0,81,中國信託-忠孝,2023-04-13,6162
00712,復華富時不動產,77,2,75,中國信託-忠孝,2023-04-13,6162
2382,廣達,69,1,68,中國信託-忠孝,2023-04-13,6162
2330,台積電,64,3,61,中國信託-忠孝,2023-04-13,6162
00679B,元大美債20年,71,24,47,中國信託-忠孝,2023-04-13,6162
4572,駐龍,46,1,45,中國信託-忠孝,2023-04-13,6162
00713,元大台灣高息低波,43,2,41,中國信託-忠孝,2023-04-13,6162
5328,華容,55,15,40,中國信託-忠孝,2023-04-13,6162
00772B,中信高評級公司債,46,9,37,中國信託-忠孝,2023-04-13,6162
2409,友達,61,24,37,中國信託-忠孝,2023-04-13,6162
00900,富邦特選高股息30,41,4,37,中國信託-忠孝,2023-04-13,6162
5222,全訊,74,38,36,中國信託-忠孝,2023-04-13,6162
2634,漢翔,151,118,33,中國信託-忠孝,2023-04-13,6162
3711,日月光投控,33,1,32,中國信託-忠孝,2023-04-13,6162
1504,東元,73,42,31,中國信託-忠孝,2023-04-13,6162
5534,長虹,30,0,30,中國信託-忠孝,2023-04-13,6162
6156,松上,39,9,30,中國信託-忠孝,2023-04-13,6162
2329,華泰,29,0,29,中國信託-忠孝,2023-04-13,6162
0056,元大高股息,45,21,24,中國信託-忠孝,2023-04-13,6162
6205,詮欣,25,1,24,中國信託-忠孝,2023-04-13,6162
00922,國泰台灣領袖50,24,0,24,中國信託-忠孝,2023-04-13,6162
00878,國泰永續高股息,80,57,23,中國信託-忠孝,2023-04-13,6162
2630,亞航,22,1,21,中國信託-忠孝,2023-04-13,6162
0050,元大台灣50,21,1,20,中國信託-忠孝,2023-04-13,6162
6024,群益期,20,0,20,中國信託-忠孝,2023-04-13,6162
2376,技嘉,29,10,19,中國信託-忠孝,2023-04-13,6162
3149,正達,18,0,18,中國信託-忠孝,2023-04-13,6162
00665L,富邦�琤肭磪囓�2,18,0,18,中國信託-忠孝,2023-04-13,6162
8046,南電,17,0,17,中國信託-忠孝,2023-04-13,6162
3025,星通,21,4,17,中國信託-忠孝,2023-04-13,6162
8097,常珵,27,10,17,中國信託-忠孝,2023-04-13,6162
5452,佶優,20,3,17,中國信託-忠孝,2023-04-13,6162
2201,裕隆,88,71,17,中國信託-忠孝,2023-04-13,6162
5213,亞昕,16,0,16,中國信託-忠孝,2023-04-13,6162
6223,旺矽,15,0,15,中國信託-忠孝,2023-04-13,6162
2888,新光金,16,1,15,中國信託-忠孝,2023-04-13,6162
00650L,復華香港正2,15,0,15,中國信託-忠孝,2023-04-13,6162
6122,擎邦,41,26,15,中國信託-忠孝,2023-04-13,6162
2897A,王道銀甲特,15,0,15,中國信託-忠孝,2023-04-13,6162
6441,廣錠,15,0,15,中國信託-忠孝,2023-04-13,6162
3693,營邦,27,13,14,中國信託-忠孝,2023-04-13,6162
2812,台中銀,22,8,14,中國信託-忠孝,2023-04-13,6162
2204,中華,23,9,14,中國信託-忠孝,2023-04-13,6162
3228,金麗科,13,0,13,中國信託-忠孝,2023-04-13,6162
1513,中興電,101,88,13,中國信託-忠孝,2023-04-13,6162
4747,強生,13,1,12,中國信託-忠孝,2023-04-13,6162
2442,新美齊,446,1,445,中國信託-忠孝,2023-04-14,6162
1609,大亞,417,16,401,中國信託-忠孝,2023-04-14,6162
2331,精英,424,25,399,中國信託-忠孝,2023-04-14,6162
00632R,元大台灣50反1,262,56,206,中國信託-忠孝,2023-04-14,6162
1903,士紙,177,0,177,中國信託-忠孝,2023-04-14,6162
3032,偉訓,157,13,144,中國信託-忠孝,2023-04-14,6162
5439,高技,122,0,122,中國信託-忠孝,2023-04-14,6162
1529,樂事綠能,128,28,100,中國信託-忠孝,2023-04-14,6162
00878,國泰永續高股息,94,16,78,中國信託-忠孝,2023-04-14,6162
1710,東聯,75,0,75,中國信託-忠孝,2023-04-14,6162
2208,台船,110,36,74,中國信託-忠孝,2023-04-14,6162
00679B,元大美債20年,85,16,69,中國信託-忠孝,2023-04-14,6162
2634,漢翔,250,185,65,中國信託-忠孝,2023-04-14,6162
3013,晟銘電,66,2,64,中國信託-忠孝,2023-04-14,6162
1752,南光,107,45,62,中國信託-忠孝,2023-04-14,6162
2382,廣達,111,50,61,中國信託-忠孝,2023-04-14,6162
2867,三商壽,60,5,55,中國信託-忠孝,2023-04-14,6162
2206,三陽工業,60,7,53,中國信託-忠孝,2023-04-14,6162
3038,全台,81,31,50,中國信託-忠孝,2023-04-14,6162
5009,榮剛,51,3,48,中國信託-忠孝,2023-04-14,6162
8097,常珵,47,0,47,中國信託-忠孝,2023-04-14,6162
4744,皇將,45,0,45,中國信託-忠孝,2023-04-14,6162
2603,長榮,103,58,45,中國信託-忠孝,2023-04-14,6162
2402,毅嘉,50,15,35,中國信託-忠孝,2023-04-14,6162
3576,聯合再生,31,1,30,中國信託-忠孝,2023-04-14,6162
2489,瑞軒,39,9,30,中國信託-忠孝,2023-04-14,6162
6548,長科*,29,0,29,中國信託-忠孝,2023-04-14,6162
6234,高僑,34,8,26,中國信託-忠孝,2023-04-14,6162
1503,士電,35,10,25,中國信託-忠孝,2023-04-14,6162
2618,長榮航,43,19,24,中國信託-忠孝,2023-04-14,6162
2897A,王道銀甲特,24,0,24,中國信託-忠孝,2023-04-14,6162
2748,雲品,35,11,24,中國信託-忠孝,2023-04-14,6162
00712,復華富時不動產,33,10,23,中國信託-忠孝,2023-04-14,6162
6005,群益證,29,6,23,中國信託-忠孝,2023-04-14,6162
3481,群創,25,3,22,中國信託-忠孝,2023-04-14,6162
2349,錸德,22,0,22,中國信託-忠孝,2023-04-14,6162
8069,元太,38,16,22,中國信託-忠孝,2023-04-14,6162
2363,矽統,21,0,21,中國信託-忠孝,2023-04-14,6162
3308,聯德,20,0,20,中國信託-忠孝,2023-04-14,6162
2457,飛宏,172,152,20,中國信託-忠孝,2023-04-14,6162
00720B,元大投資級公司債,19,0,19,中國信託-忠孝,2023-04-14,6162
2351,順德,20,1,19,中國信託-忠孝,2023-04-14,6162
5521,工信,24,6,18,中國信託-忠孝,2023-04-14,6162
8104,錸寶,16,0,16,中國信託-忠孝,2023-04-14,6162
6446,藥華藥,15,0,15,中國信託-忠孝,2023-04-14,6162
3147,大綜,15,0,15,中國信託-忠孝,2023-04-14,6162
00773B,中信優先金融債,15,0,15,中國信託-忠孝,2023-04-14,6162
3078,僑威,34,19,15,中國信託-忠孝,2023-04-14,6162
00885,富邦越南,20,5,15,中國信託-忠孝,2023-04-14,6162
8091,翔名,20,6,14,中國信託-忠孝,2023-04-14,6162
2834,臺企銀,305,6,299,中國信託-忠孝,2023-04-17,6162
2610,華航,299,26,273,中國信託-忠孝,2023-04-17,6162
2382,廣達,104,3,101,中國信託-忠孝,2023-04-17,6162
2314,台揚,110,14,96,中國信託-忠孝,2023-04-17,6162
00679B,元大美債20年,98,6,92,中國信託-忠孝,2023-04-17,6162
6282,康舒,90,4,86,中國信託-忠孝,2023-04-17,6162
2534,宏盛,80,0,80,中國信託-忠孝,2023-04-17,6162
4533,協易機,80,0,80,中國信託-忠孝,2023-04-17,6162
00680L,元大美債20正2,74,0,74,中國信託-忠孝,2023-04-17,6162
00712,復華富時不動產,77,11,66,中國信託-忠孝,2023-04-17,6162
00907,永豐優息存股,58,0,58,中國信託-忠孝,2023-04-17,6162
3712,永崴投控,89,31,58,中國信託-忠孝,2023-04-17,6162
00795B,中信美國公債20年,54,0,54,中國信託-忠孝,2023-04-17,6162
6167,久正,50,2,48,中國信託-忠孝,2023-04-17,6162
00720B,元大投資級公司債,45,0,45,中國信託-忠孝,2023-04-17,6162
1605,華新,169,131,38,中國信託-忠孝,2023-04-17,6162
5009,榮剛,42,6,36,中國信託-忠孝,2023-04-17,6162
00772B,中信高評級公司債,34,0,34,中國信託-忠孝,2023-04-17,6162
1608,華榮,34,0,34,中國信託-忠孝,2023-04-17,6162
5211,蒙恬,82,48,34,中國信託-忠孝,2023-04-17,6162
1444,力麗,36,2,34,中國信託-忠孝,2023-04-17,6162
5222,全訊,45,12,33,中國信託-忠孝,2023-04-17,6162
6143,振曜,36,4,32,中國信託-忠孝,2023-04-17,6162
3706,神達,32,0,32,中國信託-忠孝,2023-04-17,6162
3374,精材,32,0,32,中國信託-忠孝,2023-04-17,6162
6271,同欣電,30,0,30,中國信託-忠孝,2023-04-17,6162
3466,德晉,30,0,30,中國信託-忠孝,2023-04-17,6162
2331,精英,30,0,30,中國信託-忠孝,2023-04-17,6162
9907,統一實,31,5,26,中國信託-忠孝,2023-04-17,6162
00673R,期元大S＆P原油反1,25,0,25,中國信託-忠孝,2023-04-17,6162
00713,元大台灣高息低波,25,0,25,中國信託-忠孝,2023-04-17,6162
6285,啟��,30,6,24,中國信託-忠孝,2023-04-17,6162
2634,漢翔,216,192,24,中國信託-忠孝,2023-04-17,6162
6133,金橋,25,2,23,中國信託-忠孝,2023-04-17,6162
8105,凌巨,22,0,22,中國信託-忠孝,2023-04-17,6162
2313,華通,20,0,20,中國信託-忠孝,2023-04-17,6162
3217,優群,23,3,20,中國信託-忠孝,2023-04-17,6162
3029,零壹,65,45,20,中國信託-忠孝,2023-04-17,6162
6209,今國光,20,0,20,中國信託-忠孝,2023-04-17,6162
2069,運錩,19,0,19,中國信託-忠孝,2023-04-17,6162
2883,凱基金,20,1,19,中國信託-忠孝,2023-04-17,6162
00888,永豐台灣ESG,18,0,18,中國信託-忠孝,2023-04-17,6162
2603,長榮,186,169,17,中國信託-忠孝,2023-04-17,6162
1514,亞力,37,20,17,中國信託-忠孝,2023-04-17,6162
4979,華星光,17,0,17,中國信託-忠孝,2023-04-17,6162
2897A,王道銀甲特,17,0,17,中國信託-忠孝,2023-04-17,6162
3037,欣興,30,13,17,中國信託-忠孝,2023-04-17,6162
2363,矽統,20,3,17,中國信託-忠孝,2023-04-17,6162
2482,連宇,17,1,16,中國信託-忠孝,2023-04-17,6162
3704,合勤控,20,4,16,中國信託-忠孝,2023-04-17,6162
2610,華航,224,7,217,中國信託-忠孝,2023-04-18,6162
2201,裕隆,196,26,170,中國信託-忠孝,2023-04-18,6162
2615,萬海,152,2,150,中國信託-忠孝,2023-04-18,6162
8069,元太,133,10,123,中國信託-忠孝,2023-04-18,6162
2609,陽明,128,8,120,中國信託-忠孝,2023-04-18,6162
2413,環科,149,32,117,中國信託-忠孝,2023-04-18,6162
2534,宏盛,117,0,117,中國信託-忠孝,2023-04-18,6162
00680L,元大美債20正2,112,0,112,中國信託-忠孝,2023-04-18,6162
00720B,元大投資級公司債,81,3,78,中國信託-忠孝,2023-04-18,6162
3027,盛達,101,32,69,中國信託-忠孝,2023-04-18,6162
00772B,中信高評級公司債,72,4,68,中國信託-忠孝,2023-04-18,6162
3058,立德,66,2,64,中國信託-忠孝,2023-04-18,6162
00878,國泰永續高股息,74,11,63,中國信託-忠孝,2023-04-18,6162
1533,車王電,68,7,61,中國信託-忠孝,2023-04-18,6162
6719,力智,70,13,57,中國信託-忠孝,2023-04-18,6162
3017,奇鋐,138,83,55,中國信託-忠孝,2023-04-18,6162
00907,永豐優息存股,51,0,51,中國信託-忠孝,2023-04-18,6162
4113,聯上,49,0,49,中國信託-忠孝,2023-04-18,6162
2359,所羅門,112,65,47,中國信託-忠孝,2023-04-18,6162
2314,台揚,52,6,46,中國信託-忠孝,2023-04-18,6162
6244,茂迪,234,190,44,中國信託-忠孝,2023-04-18,6162
00687B,國泰20年美債,44,2,42,中國信託-忠孝,2023-04-18,6162
00751B,元大AAA至A公司債,41,0,41,中國信託-忠孝,2023-04-18,6162
2349,錸德,40,0,40,中國信託-忠孝,2023-04-18,6162
2867,三商壽,33,5,28,中國信託-忠孝,2023-04-18,6162
0056,元大高股息,32,4,28,中國信託-忠孝,2023-04-18,6162
2405,輔信,27,0,27,中國信託-忠孝,2023-04-18,6162
6148,驊宏資,32,5,27,中國信託-忠孝,2023-04-18,6162
00795B,中信美國公債20年,26,0,26,中國信託-忠孝,2023-04-18,6162
1101,台泥,29,3,26,中國信託-忠孝,2023-04-18,6162
5211,蒙恬,43,17,26,中國信託-忠孝,2023-04-18,6162
00679B,元大美債20年,50,25,25,中國信託-忠孝,2023-04-18,6162
6168,宏齊,25,0,25,中國信託-忠孝,2023-04-18,6162
2618,長榮航,32,10,22,中國信託-忠孝,2023-04-18,6162
6188,廣明,25,4,21,中國信託-忠孝,2023-04-18,6162
3008,大立光,20,0,20,中國信託-忠孝,2023-04-18,6162
00683L,期元大美元指正2,20,0,20,中國信託-忠孝,2023-04-18,6162
2915,潤泰全,20,0,20,中國信託-忠孝,2023-04-18,6162
2528,皇普,20,0,20,中國信託-忠孝,2023-04-18,6162
2601,益航,30,10,20,中國信託-忠孝,2023-04-18,6162
9105,泰金寶-DR,20,0,20,中國信託-忠孝,2023-04-18,6162
3078,僑威,20,1,19,中國信託-忠孝,2023-04-18,6162
00673R,期元大S＆P原油反1,19,0,19,中國信託-忠孝,2023-04-18,6162
8299,群聯,19,0,19,中國信託-忠孝,2023-04-18,6162
00900,富邦特選高股息30,28,10,18,中國信託-忠孝,2023-04-18,6162
00725B,國泰投資級公司債,18,0,18,中國信託-忠孝,2023-04-18,6162
5009,榮剛,72,54,18,中國信託-忠孝,2023-04-18,6162
2382,廣達,17,0,17,中國信託-忠孝,2023-04-18,6162
1471,首利,50,33,17,中國信託-忠孝,2023-04-18,6162
6167,久正,23,7,16,中國信託-忠孝,2023-04-18,6162
5439,高技,195,0,195,中國信託-忠孝,2023-04-19,6162
2501,國建,130,0,130,中國信託-忠孝,2023-04-19,6162
3704,合勤控,160,58,102,中國信託-忠孝,2023-04-19,6162
2887,台新金,86,3,83,中國信託-忠孝,2023-04-19,6162
00680L,元大美債20正2,67,0,67,中國信託-忠孝,2023-04-19,6162
6243,迅杰,60,1,59,中國信託-忠孝,2023-04-19,6162
2615,萬海,53,3,50,中國信託-忠孝,2023-04-19,6162
6177,達麗,74,26,48,中國信託-忠孝,2023-04-19,6162
6443,元晶,138,92,46,中國信託-忠孝,2023-04-19,6162
5530,龍巖,45,0,45,中國信託-忠孝,2023-04-19,6162
1611,中電,103,60,43,中國信託-忠孝,2023-04-19,6162
00687B,國泰20年美債,52,14,38,中國信託-忠孝,2023-04-19,6162
9934,成霖,37,0,37,中國信託-忠孝,2023-04-19,6162
6163,華電網,101,64,37,中國信託-忠孝,2023-04-19,6162
2498,宏達電,39,3,36,中國信託-忠孝,2023-04-19,6162
3017,奇鋐,46,11,35,中國信託-忠孝,2023-04-19,6162
6153,嘉聯益,36,1,35,中國信託-忠孝,2023-04-19,6162
3665,貿聯-KY,35,1,34,中國信託-忠孝,2023-04-19,6162
2356,英業達,37,3,34,中國信託-忠孝,2023-04-19,6162
00900,富邦特選高股息30,38,4,34,中國信託-忠孝,2023-04-19,6162
2330,台積電,34,0,34,中國信託-忠孝,2023-04-19,6162
3231,緯創,65,31,34,中國信託-忠孝,2023-04-19,6162
2409,友達,33,1,32,中國信託-忠孝,2023-04-19,6162
3056,富華新,32,1,31,中國信託-忠孝,2023-04-19,6162
1810,和成,76,45,31,中國信託-忠孝,2023-04-19,6162
3374,精材,31,0,31,中國信託-忠孝,2023-04-19,6162
00878,國泰永續高股息,72,42,30,中國信託-忠孝,2023-04-19,6162
2739,寒舍,30,0,30,中國信託-忠孝,2023-04-19,6162
00772B,中信高評級公司債,59,30,29,中國信託-忠孝,2023-04-19,6162
1734,杏輝,31,2,29,中國信託-忠孝,2023-04-19,6162
2349,錸德,40,14,26,中國信託-忠孝,2023-04-19,6162
1227,佳格,26,0,26,中國信託-忠孝,2023-04-19,6162
4113,聯上,25,0,25,中國信託-忠孝,2023-04-19,6162
4510,高鋒,31,6,25,中國信託-忠孝,2023-04-19,6162
00720B,元大投資級公司債,25,0,25,中國信託-忠孝,2023-04-19,6162
1101,台泥,26,2,24,中國信託-忠孝,2023-04-19,6162
2314,台揚,41,17,24,中國信託-忠孝,2023-04-19,6162
6770,力積電,28,5,23,中國信託-忠孝,2023-04-19,6162
3038,全台,25,2,23,中國信託-忠孝,2023-04-19,6162
6188,廣明,23,0,23,中國信託-忠孝,2023-04-19,6162
2603,長榮,29,7,22,中國信託-忠孝,2023-04-19,6162
006208,富邦台50,22,0,22,中國信託-忠孝,2023-04-19,6162
2303,聯電,26,5,21,中國信託-忠孝,2023-04-19,6162
2206,三陽工業,22,1,21,中國信託-忠孝,2023-04-19,6162
00679B,元大美債20年,22,1,21,中國信託-忠孝,2023-04-19,6162
2402,毅嘉,27,7,20,中國信託-忠孝,2023-04-19,6162
4164,承業醫,21,1,20,中國信託-忠孝,2023-04-19,6162
1336,台翰,20,0,20,中國信託-忠孝,2023-04-19,6162
2845,遠東銀,20,0,20,中國信託-忠孝,2023-04-19,6162
2610,華航,20,1,19,中國信託-忠孝,2023-04-19,6162
2314,台揚,200,17,183,中國信託-忠孝,2023-04-20,6162
5222,全訊,166,32,134,中國信託-忠孝,2023-04-20,6162
2349,錸德,100,0,100,中國信託-忠孝,2023-04-20,6162
2633,台灣高鐵,95,2,93,中國信託-忠孝,2023-04-20,6162
2515,中工,109,18,91,中國信託-忠孝,2023-04-20,6162
8059,凱碩,90,0,90,中國信託-忠孝,2023-04-20,6162
6443,元晶,131,44,87,中國信託-忠孝,2023-04-20,6162
4931,新盛力,161,79,82,中國信託-忠孝,2023-04-20,6162
8085,福華,80,0,80,中國信託-忠孝,2023-04-20,6162
1711,永光,91,13,78,中國信託-忠孝,2023-04-20,6162
2615,萬海,74,2,72,中國信託-忠孝,2023-04-20,6162
6160,欣技,170,107,63,中國信託-忠孝,2023-04-20,6162
00632R,元大台灣50反1,80,19,61,中國信託-忠孝,2023-04-20,6162
00637L,元大滬深300正2,57,0,57,中國信託-忠孝,2023-04-20,6162
00720B,元大投資級公司債,46,0,46,中國信託-忠孝,2023-04-20,6162
2618,長榮航,43,1,42,中國信託-忠孝,2023-04-20,6162
1605,華新,74,32,42,中國信託-忠孝,2023-04-20,6162
3704,合勤控,90,52,38,中國信託-忠孝,2023-04-20,6162
2317,鴻海,40,2,38,中國信託-忠孝,2023-04-20,6162
3231,緯創,57,21,36,中國信託-忠孝,2023-04-20,6162
00772B,中信高評級公司債,36,4,32,中國信託-忠孝,2023-04-20,6162
3374,精材,32,0,32,中國信託-忠孝,2023-04-20,6162
2303,聯電,32,0,32,中國信託-忠孝,2023-04-20,6162
4747,強生,39,8,31,中國信託-忠孝,2023-04-20,6162
8121,越峰,30,0,30,中國信託-忠孝,2023-04-20,6162
3078,僑威,89,60,29,中國信託-忠孝,2023-04-20,6162
4533,協易機,27,0,27,中國信託-忠孝,2023-04-20,6162
0050,元大台灣50,26,0,26,中國信託-忠孝,2023-04-20,6162
4113,聯上,26,0,26,中國信託-忠孝,2023-04-20,6162
1734,杏輝,34,9,25,中國信託-忠孝,2023-04-20,6162
1752,南光,32,8,24,中國信託-忠孝,2023-04-20,6162
5521,工信,23,0,23,中國信託-忠孝,2023-04-20,6162
2495,普安,23,1,22,中國信託-忠孝,2023-04-20,6162
2890,永豐金,22,0,22,中國信託-忠孝,2023-04-20,6162
1909,榮成,37,16,21,中國信託-忠孝,2023-04-20,6162
0056,元大高股息,34,13,21,中國信託-忠孝,2023-04-20,6162
00753L,中信中國50正2,20,0,20,中國信託-忠孝,2023-04-20,6162
4726,永昕,20,0,20,中國信託-忠孝,2023-04-20,6162
6188,廣明,20,1,19,中國信託-忠孝,2023-04-20,6162
2634,漢翔,34,16,18,中國信託-忠孝,2023-04-20,6162
3092,鴻碩,20,2,18,中國信託-忠孝,2023-04-20,6162
00696B,富邦美債20年,18,0,18,中國信託-忠孝,2023-04-20,6162
1584,精剛,23,5,18,中國信託-忠孝,2023-04-20,6162
4129,聯合,21,3,18,中國信託-忠孝,2023-04-20,6162
2409,友達,19,1,18,中國信託-忠孝,2023-04-20,6162
9934,成霖,18,0,18,中國信託-忠孝,2023-04-20,6162
2457,飛宏,82,64,18,中國信託-忠孝,2023-04-20,6162
2867,三商壽,27,10,17,中國信託-忠孝,2023-04-20,6162
00680L,元大美債20正2,17,0,17,中國信託-忠孝,2023-04-20,6162
2359,所羅門,21,4,17,中國信託-忠孝,2023-04-20,6162
2913,農林,428,17,411,中國信託-忠孝,2023-04-21,6162
2314,台揚,351,2,349,中國信託-忠孝,2023-04-21,6162
1907,永豐餘,242,18,224,中國信託-忠孝,2023-04-21,6162
6188,廣明,157,1,156,中國信託-忠孝,2023-04-21,6162
00878,國泰永續高股息,140,13,127,中國信託-忠孝,2023-04-21,6162
1904,正隆,169,43,126,中國信託-忠孝,2023-04-21,6162
00753L,中信中國50正2,87,0,87,中國信託-忠孝,2023-04-21,6162
6527,明達醫,85,0,85,中國信託-忠孝,2023-04-21,6162
2615,萬海,89,5,84,中國信託-忠孝,2023-04-21,6162
2603,長榮,87,7,80,中國信託-忠孝,2023-04-21,6162
2442,新美齊,73,3,70,中國信託-忠孝,2023-04-21,6162
00720B,元大投資級公司債,71,1,70,中國信託-忠孝,2023-04-21,6162
6244,茂迪,226,165,61,中國信託-忠孝,2023-04-21,6162
00894,中信小資高價30,60,0,60,中國信託-忠孝,2023-04-21,6162
2515,中工,83,23,60,中國信託-忠孝,2023-04-21,6162
00680L,元大美債20正2,65,8,57,中國信託-忠孝,2023-04-21,6162
00637L,元大滬深300正2,54,6,48,中國信託-忠孝,2023-04-21,6162
2610,華航,47,0,47,中國信託-忠孝,2023-04-21,6162
8299,群聯,46,0,46,中國信託-忠孝,2023-04-21,6162
2637,慧洋-KY,47,4,43,中國信託-忠孝,2023-04-21,6162
8085,福華,37,0,37,中國信託-忠孝,2023-04-21,6162
6122,擎邦,45,8,37,中國信託-忠孝,2023-04-21,6162
0056,元大高股息,74,37,37,中國信託-忠孝,2023-04-21,6162
00715L,期街口布蘭特正2,52,16,36,中國信託-忠孝,2023-04-21,6162
8358,金居,31,1,30,中國信託-忠孝,2023-04-21,6162
6167,久正,30,0,30,中國信託-忠孝,2023-04-21,6162
6160,欣技,30,1,29,中國信託-忠孝,2023-04-21,6162
8926,台汽電,80,52,28,中國信託-忠孝,2023-04-21,6162
00900,富邦特選高股息30,28,0,28,中國信託-忠孝,2023-04-21,6162
2002,中鋼,32,5,27,中國信託-忠孝,2023-04-21,6162
6218,豪勉,41,20,21,中國信託-忠孝,2023-04-21,6162
2376,技嘉,22,1,21,中國信託-忠孝,2023-04-21,6162
00717,富邦美國特別股,20,0,20,中國信託-忠孝,2023-04-21,6162
00771,元大US高息特別股,20,0,20,中國信託-忠孝,2023-04-21,6162
3362,先進光,19,0,19,中國信託-忠孝,2023-04-21,6162
2845,遠東銀,20,1,19,中國信託-忠孝,2023-04-21,6162
4128,中天,18,0,18,中國信託-忠孝,2023-04-21,6162
3037,欣興,29,11,18,中國信託-忠孝,2023-04-21,6162
5355,佳總,17,0,17,中國信託-忠孝,2023-04-21,6162
3665,貿聯-KY,16,0,16,中國信託-忠孝,2023-04-21,6162
2031,新光鋼,38,22,16,中國信託-忠孝,2023-04-21,6162
00713,元大台灣高息低波,25,9,16,中國信託-忠孝,2023-04-21,6162
2329,華泰,16,1,15,中國信託-忠孝,2023-04-21,6162
00679B,元大美債20年,32,17,15,中國信託-忠孝,2023-04-21,6162
9934,成霖,15,0,15,中國信託-忠孝,2023-04-21,6162
5213,亞昕,15,0,15,中國信託-忠孝,2023-04-21,6162
2882,國泰金,17,2,15,中國信託-忠孝,2023-04-21,6162
2609,陽明,24,10,14,中國信託-忠孝,2023-04-21,6162
1810,和成,15,1,14,中國信託-忠孝,2023-04-21,6162
00650L,復華香港正2,14,0,14,中國信託-忠孝,2023-04-21,6162
2528,皇普,472,2,470,中國信託-忠孝,2023-04-24,6162
2634,漢翔,333,70,263,中國信託-忠孝,2023-04-24,6162
00637L,元大滬深300正2,166,6,160,中國信託-忠孝,2023-04-24,6162
1905,華紙,291,154,137,中國信託-忠孝,2023-04-24,6162
2610,華航,174,46,128,中國信託-忠孝,2023-04-24,6162
6282,康舒,148,48,100,中國信託-忠孝,2023-04-24,6162
3231,緯創,125,26,99,中國信託-忠孝,2023-04-24,6162
00680L,元大美債20正2,79,0,79,中國信託-忠孝,2023-04-24,6162
1718,中纖,101,31,70,中國信託-忠孝,2023-04-24,6162
00679B,元大美債20年,66,0,66,中國信託-忠孝,2023-04-24,6162
3032,偉訓,60,0,60,中國信託-忠孝,2023-04-24,6162
3481,群創,63,5,58,中國信託-忠孝,2023-04-24,6162
1519,華城,79,22,57,中國信託-忠孝,2023-04-24,6162
3017,奇鋐,92,41,51,中國信託-忠孝,2023-04-24,6162
8085,福華,54,3,51,中國信託-忠孝,2023-04-24,6162
00753L,中信中國50正2,48,0,48,中國信託-忠孝,2023-04-24,6162
00902,中信電池及儲能,46,0,46,中國信託-忠孝,2023-04-24,6162
1752,南光,53,8,45,中國信託-忠孝,2023-04-24,6162
00720B,元大投資級公司債,43,0,43,中國信託-忠孝,2023-04-24,6162
2889,國票金,42,1,41,中國信託-忠孝,2023-04-24,6162
00772B,中信高評級公司債,37,3,34,中國信託-忠孝,2023-04-24,6162
00665L,富邦�琤肭磪囓�2,32,0,32,中國信託-忠孝,2023-04-24,6162
2603,長榮,32,2,30,中國信託-忠孝,2023-04-24,6162
3701,大眾控,30,0,30,中國信託-忠孝,2023-04-24,6162
1608,華榮,34,5,29,中國信託-忠孝,2023-04-24,6162
6770,力積電,55,26,29,中國信託-忠孝,2023-04-24,6162
1710,東聯,36,8,28,中國信託-忠孝,2023-04-24,6162
5201,凱衛,25,0,25,中國信託-忠孝,2023-04-24,6162
2344,華邦電,29,5,24,中國信託-忠孝,2023-04-24,6162
8033,雷虎,32,9,23,中國信託-忠孝,2023-04-24,6162
4111,濟生,21,0,21,中國信託-忠孝,2023-04-24,6162
5439,高技,21,0,21,中國信託-忠孝,2023-04-24,6162
1325,恆大,20,0,20,中國信託-忠孝,2023-04-24,6162
6244,茂迪,28,9,19,中國信託-忠孝,2023-04-24,6162
3094,聯傑,20,1,19,中國信託-忠孝,2023-04-24,6162
00687B,國泰20年美債,18,0,18,中國信託-忠孝,2023-04-24,6162
2006,東和鋼鐵,18,0,18,中國信託-忠孝,2023-04-24,6162
1605,華新,18,1,17,中國信託-忠孝,2023-04-24,6162
00673R,期元大S＆P原油反1,16,0,16,中國信託-忠孝,2023-04-24,6162
0056,元大高股息,23,7,16,中國信託-忠孝,2023-04-24,6162
2201,裕隆,43,28,15,中國信託-忠孝,2023-04-24,6162
00712,復華富時不動產,25,10,15,中國信託-忠孝,2023-04-24,6162
00888,永豐台灣ESG,14,0,14,中國信託-忠孝,2023-04-24,6162
4979,華星光,15,1,14,中國信託-忠孝,2023-04-24,6162
4121,優盛,15,1,14,中國信託-忠孝,2023-04-24,6162
6263,普萊德,15,2,13,中國信託-忠孝,2023-04-24,6162
00715L,期街口布蘭特正2,34,21,13,中國信託-忠孝,2023-04-24,6162
006208,富邦台50,13,0,13,中國信託-忠孝,2023-04-24,6162
2303,聯電,31,19,12,中國信託-忠孝,2023-04-24,6162
2633,台灣高鐵,12,0,12,中國信託-忠孝,2023-04-24,6162
00632R,元大台灣50反1,2020,81,1939,中國信託-忠孝,2023-04-25,6162
2634,漢翔,893,405,488,中國信託-忠孝,2023-04-25,6162
2890,永豐金,409,14,395,中國信託-忠孝,2023-04-25,6162
00878,國泰永續高股息,405,31,374,中國信託-忠孝,2023-04-25,6162
00680L,元大美債20正2,270,0,270,中國信託-忠孝,2023-04-25,6162
2701,萬企,150,0,150,中國信託-忠孝,2023-04-25,6162
00902,中信電池及儲能,116,7,109,中國信託-忠孝,2023-04-25,6162
00753L,中信中國50正2,102,0,102,中國信託-忠孝,2023-04-25,6162
2633,台灣高鐵,65,1,64,中國信託-忠孝,2023-04-25,6162
00772B,中信高評級公司債,60,1,59,中國信託-忠孝,2023-04-25,6162
0056,元大高股息,111,60,51,中國信託-忠孝,2023-04-25,6162
2206,三陽工業,151,102,49,中國信託-忠孝,2023-04-25,6162
5222,全訊,64,19,45,中國信託-忠孝,2023-04-25,6162
2515,中工,44,0,44,中國信託-忠孝,2023-04-25,6162
5439,高技,44,0,44,中國信託-忠孝,2023-04-25,6162
4931,新盛力,52,9,43,中國信託-忠孝,2023-04-25,6162
0050,元大台灣50,48,5,43,中國信託-忠孝,2023-04-25,6162
00637L,元大滬深300正2,94,57,37,中國信託-忠孝,2023-04-25,6162
3004,豐達科,42,7,35,中國信託-忠孝,2023-04-25,6162
6548,長科*,40,5,35,中國信託-忠孝,2023-04-25,6162
1605,華新,43,9,34,中國信託-忠孝,2023-04-25,6162
2888,新光金,38,5,33,中國信託-忠孝,2023-04-25,6162
1795,美時,68,36,32,中國信託-忠孝,2023-04-25,6162
00905,FT臺灣Smart,31,0,31,中國信託-忠孝,2023-04-25,6162
1503,士電,44,15,29,中國信託-忠孝,2023-04-25,6162
2610,華航,154,125,29,中國信託-忠孝,2023-04-25,6162
2419,仲琦,26,0,26,中國信託-忠孝,2023-04-25,6162
1721,三晃,57,31,26,中國信託-忠孝,2023-04-25,6162
2402,毅嘉,26,0,26,中國信託-忠孝,2023-04-25,6162
1784,訊聯,25,0,25,中國信託-忠孝,2023-04-25,6162
5258,虹堡,27,2,25,中國信託-忠孝,2023-04-25,6162
2349,錸德,25,0,25,中國信託-忠孝,2023-04-25,6162
2867,三商壽,25,1,24,中國信託-忠孝,2023-04-25,6162
2457,飛宏,89,65,24,中國信託-忠孝,2023-04-25,6162
2528,皇普,22,0,22,中國信託-忠孝,2023-04-25,6162
1711,永光,26,4,22,中國信託-忠孝,2023-04-25,6162
00713,元大台灣高息低波,57,36,21,中國信託-忠孝,2023-04-25,6162
2359,所羅門,22,1,21,中國信託-忠孝,2023-04-25,6162
1714,和桐,20,0,20,中國信託-忠孝,2023-04-25,6162
6592,和潤企業,20,0,20,中國信託-忠孝,2023-04-25,6162
3049,精金,20,0,20,中國信託-忠孝,2023-04-25,6162
9934,成霖,20,0,20,中國信託-忠孝,2023-04-25,6162
2609,陽明,21,1,20,中國信託-忠孝,2023-04-25,6162
2330,台積電,30,11,19,中國信託-忠孝,2023-04-25,6162
2317,鴻海,31,14,17,中國信託-忠孝,2023-04-25,6162
4979,華星光,18,1,17,中國信託-忠孝,2023-04-25,6162
4960,誠美材,17,0,17,中國信託-忠孝,2023-04-25,6162
2603,長榮,22,6,16,中國信託-忠孝,2023-04-25,6162
8086,宏捷科,16,0,16,中國信託-忠孝,2023-04-25,6162
3162,精確,15,0,15,中國信託-忠孝,2023-04-25,6162
1905,華紙,344,72,272,中國信託-忠孝,2023-04-26,6162
2610,華航,599,454,145,中國信託-忠孝,2023-04-26,6162
00680L,元大美債20正2,127,4,123,中國信託-忠孝,2023-04-26,6162
6188,廣明,93,0,93,中國信託-忠孝,2023-04-26,6162
00712,復華富時不動產,88,5,83,中國信託-忠孝,2023-04-26,6162
00878,國泰永續高股息,133,53,80,中國信託-忠孝,2023-04-26,6162
00924,復華S＆P500成長,58,0,58,中國信託-忠孝,2023-04-26,6162
6541,泰福-KY,54,1,53,中國信託-忠孝,2023-04-26,6162
5213,亞昕,58,7,51,中國信託-忠孝,2023-04-26,6162
00671R,富邦NASDAQ反1,44,0,44,中國信託-忠孝,2023-04-26,6162
5222,全訊,46,2,44,中國信託-忠孝,2023-04-26,6162
2891,中信金,49,14,35,中國信託-忠孝,2023-04-26,6162
1310,台苯,42,10,32,中國信託-忠孝,2023-04-26,6162
3454,晶睿,33,3,30,中國信託-忠孝,2023-04-26,6162
00751B,元大AAA至A公司債,31,1,30,中國信託-忠孝,2023-04-26,6162
00772B,中信高評級公司債,34,4,30,中國信託-忠孝,2023-04-26,6162
0050,元大台灣50,29,1,28,中國信託-忠孝,2023-04-26,6162
00900,富邦特選高股息30,27,1,26,中國信託-忠孝,2023-04-26,6162
3430,奇鈦科,25,0,25,中國信託-忠孝,2023-04-26,6162
3035,智原,61,37,24,中國信託-忠孝,2023-04-26,6162
5425,台半,27,3,24,中國信託-忠孝,2023-04-26,6162
00715L,期街口布蘭特正2,24,0,24,中國信託-忠孝,2023-04-26,6162
6244,茂迪,32,8,24,中國信託-忠孝,2023-04-26,6162
1605,華新,26,2,24,中國信託-忠孝,2023-04-26,6162
3207,耀勝,23,0,23,中國信託-忠孝,2023-04-26,6162
2603,長榮,25,2,23,中國信託-忠孝,2023-04-26,6162
2303,聯電,48,27,21,中國信託-忠孝,2023-04-26,6162
9907,統一實,26,5,21,中國信託-忠孝,2023-04-26,6162
00725B,國泰投資級公司債,20,0,20,中國信託-忠孝,2023-04-26,6162
2615,萬海,20,0,20,中國信託-忠孝,2023-04-26,6162
3056,富華新,22,2,20,中國信託-忠孝,2023-04-26,6162
3024,憶聲,20,1,19,中國信託-忠孝,2023-04-26,6162
3078,僑威,27,9,18,中國信託-忠孝,2023-04-26,6162
00753L,中信中國50正2,17,0,17,中國信託-忠孝,2023-04-26,6162
2337,旺宏,155,138,17,中國信託-忠孝,2023-04-26,6162
2206,三陽工業,18,2,16,中國信託-忠孝,2023-04-26,6162
006208,富邦台50,25,10,15,中國信託-忠孝,2023-04-26,6162
6830,汎銓,16,1,15,中國信託-忠孝,2023-04-26,6162
00720B,元大投資級公司債,16,1,15,中國信託-忠孝,2023-04-26,6162
2542,興富發,16,2,14,中國信託-忠孝,2023-04-26,6162
00891,中信關鍵半導體,14,0,14,中國信託-忠孝,2023-04-26,6162
00885,富邦越南,16,2,14,中國信託-忠孝,2023-04-26,6162
2609,陽明,14,1,13,中國信託-忠孝,2023-04-26,6162
2882,國泰金,13,0,13,中國信託-忠孝,2023-04-26,6162
4306,炎洲,13,0,13,中國信託-忠孝,2023-04-26,6162
4541,晟田,15,2,13,中國信託-忠孝,2023-04-26,6162
2495,普安,144,131,13,中國信託-忠孝,2023-04-26,6162
00888,永豐台灣ESG,12,0,12,中國信託-忠孝,2023-04-26,6162
0056,元大高股息,47,35,12,中國信託-忠孝,2023-04-26,6162
2330,台積電,41,29,12,中國信託-忠孝,2023-04-26,6162
2885,元大金,1202,0,1202,中國信託-忠孝,2023-04-27,6162
00878,國泰永續高股息,533,45,488,中國信託-忠孝,2023-04-27,6162
00900,富邦特選高股息30,182,11,171,中國信託-忠孝,2023-04-27,6162
2891,中信金,161,7,154,中國信託-忠孝,2023-04-27,6162
00715L,期街口布蘭特正2,139,0,139,中國信託-忠孝,2023-04-27,6162
00712,復華富時不動產,80,5,75,中國信託-忠孝,2023-04-27,6162
3284,太普高,69,0,69,中國信託-忠孝,2023-04-27,6162
00772B,中信高評級公司債,62,0,62,中國信託-忠孝,2023-04-27,6162
4967,十銓,67,12,55,中國信託-忠孝,2023-04-27,6162
5222,全訊,59,6,53,中國信託-忠孝,2023-04-27,6162
00633L,富邦上証正2,50,0,50,中國信託-忠孝,2023-04-27,6162
3231,緯創,67,28,39,中國信託-忠孝,2023-04-27,6162
00720B,元大投資級公司債,34,0,34,中國信託-忠孝,2023-04-27,6162
4979,華星光,36,3,33,中國信託-忠孝,2023-04-27,6162
00687B,國泰20年美債,32,0,32,中國信託-忠孝,2023-04-27,6162
3704,合勤控,30,0,30,中國信託-忠孝,2023-04-27,6162
2353,宏��,31,1,30,中國信託-忠孝,2023-04-27,6162
8088,品安,28,1,27,中國信託-忠孝,2023-04-27,6162
00679B,元大美債20年,48,22,26,中國信託-忠孝,2023-04-27,6162
5213,亞昕,41,16,25,中國信託-忠孝,2023-04-27,6162
2344,華邦電,26,2,24,中國信託-忠孝,2023-04-27,6162
0050,元大台灣50,23,1,22,中國信託-忠孝,2023-04-27,6162
00751B,元大AAA至A公司債,22,0,22,中國信託-忠孝,2023-04-27,6162
00637L,元大滬深300正2,21,0,21,中國信託-忠孝,2023-04-27,6162
2481,強茂,20,0,20,中國信託-忠孝,2023-04-27,6162
00642U,期元大S＆P石油,19,0,19,中國信託-忠孝,2023-04-27,6162
2615,萬海,24,7,17,中國信託-忠孝,2023-04-27,6162
00753L,中信中國50正2,17,0,17,中國信託-忠孝,2023-04-27,6162
6741,91APP*-KY,24,7,17,中國信託-忠孝,2023-04-27,6162
3128,昇銳,17,1,16,中國信託-忠孝,2023-04-27,6162
2204,中華,46,30,16,中國信託-忠孝,2023-04-27,6162
2002,中鋼,15,0,15,中國信託-忠孝,2023-04-27,6162
2314,台揚,15,0,15,中國信託-忠孝,2023-04-27,6162
2337,旺宏,16,1,15,中國信託-忠孝,2023-04-27,6162
2630,亞航,15,0,15,中國信託-忠孝,2023-04-27,6162
1721,三晃,91,76,15,中國信託-忠孝,2023-04-27,6162
2317,鴻海,17,2,15,中國信託-忠孝,2023-04-27,6162
8222,寶一,24,9,15,中國信託-忠孝,2023-04-27,6162
1605,華新,15,0,15,中國信託-忠孝,2023-04-27,6162
1905,華紙,39,25,14,中國信託-忠孝,2023-04-27,6162
5309,系統電,17,3,14,中國信託-忠孝,2023-04-27,6162
2409,友達,16,3,13,中國信託-忠孝,2023-04-27,6162
2609,陽明,14,2,12,中國信託-忠孝,2023-04-27,6162
9934,成霖,12,0,12,中國信託-忠孝,2023-04-27,6162
8086,宏捷科,13,1,12,中國信託-忠孝,2023-04-27,6162
2330,台積電,32,20,12,中國信託-忠孝,2023-04-27,6162
8234,新漢,11,0,11,中國信託-忠孝,2023-04-27,6162
5009,榮剛,56,45,11,中國信託-忠孝,2023-04-27,6162
4904,遠傳,11,0,11,中國信託-忠孝,2023-04-27,6162
00881,國泰台灣5G+,10,0,10,中國信託-忠孝,2023-04-27,6162
00632R,元大台灣50反1,230,0,230,中國信託-忠孝,2023-04-28,6162
00679B,元大美債20年,133,18,115,中國信託-忠孝,2023-04-28,6162
00878,國泰永續高股息,138,25,113,中國信託-忠孝,2023-04-28,6162
5452,佶優,110,0,110,中國信託-忠孝,2023-04-28,6162
2891,中信金,278,173,105,中國信託-忠孝,2023-04-28,6162
00688L,國泰20年美債正2,95,0,95,中國信託-忠孝,2023-04-28,6162
00902,中信電池及儲能,105,22,83,中國信託-忠孝,2023-04-28,6162
2610,華航,96,21,75,中國信託-忠孝,2023-04-28,6162
9902,台火,70,4,66,中國信託-忠孝,2023-04-28,6162
6188,廣明,57,0,57,中國信託-忠孝,2023-04-28,6162
00772B,中信高評級公司債,55,0,55,中國信託-忠孝,2023-04-28,6162
2534,宏盛,55,1,54,中國信託-忠孝,2023-04-28,6162
1752,南光,71,17,54,中國信託-忠孝,2023-04-28,6162
2344,華邦電,120,69,51,中國信託-忠孝,2023-04-28,6162
1513,中興電,38,2,36,中國信託-忠孝,2023-04-28,6162
00715L,期街口布蘭特正2,36,0,36,中國信託-忠孝,2023-04-28,6162
1504,東元,33,2,31,中國信託-忠孝,2023-04-28,6162
6214,精誠,31,1,30,中國信託-忠孝,2023-04-28,6162
3374,精材,32,3,29,中國信託-忠孝,2023-04-28,6162
6226,光鼎,29,0,29,中國信託-忠孝,2023-04-28,6162
3094,聯傑,28,0,28,中國信託-忠孝,2023-04-28,6162
00687B,國泰20年美債,27,0,27,中國信託-忠孝,2023-04-28,6162
2515,中工,52,26,26,中國信託-忠孝,2023-04-28,6162
3027,盛達,25,0,25,中國信託-忠孝,2023-04-28,6162
2498,宏達電,31,6,25,中國信託-忠孝,2023-04-28,6162
4113,聯上,25,0,25,中國信託-忠孝,2023-04-28,6162
0056,元大高股息,27,3,24,中國信託-忠孝,2023-04-28,6162
2605,新興,21,0,21,中國信託-忠孝,2023-04-28,6162
4916,事欣科,27,6,21,中國信託-忠孝,2023-04-28,6162
3078,僑威,53,33,20,中國信託-忠孝,2023-04-28,6162
8927,北基,20,0,20,中國信託-忠孝,2023-04-28,6162
2461,光群雷,33,13,20,中國信託-忠孝,2023-04-28,6162
00720B,元大投資級公司債,19,0,19,中國信託-忠孝,2023-04-28,6162
3704,合勤控,65,46,19,中國信託-忠孝,2023-04-28,6162
1609,大亞,23,4,19,中國信託-忠孝,2023-04-28,6162
2913,農林,18,0,18,中國信託-忠孝,2023-04-28,6162
2883,凱基金,17,1,16,中國信託-忠孝,2023-04-28,6162
3071,協禧,21,5,16,中國信託-忠孝,2023-04-28,6162
5864,致和證,15,0,15,中國信託-忠孝,2023-04-28,6162
00680L,元大美債20正2,15,0,15,中國信託-忠孝,2023-04-28,6162
9934,成霖,15,0,15,中國信託-忠孝,2023-04-28,6162
2606,裕民,16,1,15,中國信託-忠孝,2023-04-28,6162
2886,兆豐金,20,6,14,中國信託-忠孝,2023-04-28,6162
00751B,元大AAA至A公司債,14,0,14,中國信託-忠孝,2023-04-28,6162
2609,陽明,17,4,13,中國信託-忠孝,2023-04-28,6162
5213,亞昕,53,40,13,中國信託-忠孝,2023-04-28,6162
6111,大宇資,14,2,12,中國信託-忠孝,2023-04-28,6162
1777,生泰,22,10,12,中國信託-忠孝,2023-04-28,6162
6278,台表科,16,4,12,中國信託-忠孝,2023-04-28,6162
2201,裕隆,15,3,12,中國信託-忠孝,2023-04-28,6162
2317,鴻海,263,109,154,中國信託-忠孝,2023-05-02,6162
1905,華紙,264,128,136,中國信託-忠孝,2023-05-02,6162
2495,普安,103,0,103,中國信託-忠孝,2023-05-02,6162
00640L,富邦日本正2,95,0,95,中國信託-忠孝,2023-05-02,6162
00680L,元大美債20正2,94,0,94,中國信託-忠孝,2023-05-02,6162
00772B,中信高評級公司債,93,0,93,中國信託-忠孝,2023-05-02,6162
2457,飛宏,163,73,90,中國信託-忠孝,2023-05-02,6162
4533,協易機,88,0,88,中國信託-忠孝,2023-05-02,6162
2603,長榮,73,7,66,中國信託-忠孝,2023-05-02,6162
2022,聚亨,57,0,57,中國信託-忠孝,2023-05-02,6162
00637L,元大滬深300正2,160,110,50,中國信託-忠孝,2023-05-02,6162
00720B,元大投資級公司債,50,0,50,中國信託-忠孝,2023-05-02,6162
1310,台苯,95,47,48,中國信託-忠孝,2023-05-02,6162
3419,譁裕,62,18,44,中國信託-忠孝,2023-05-02,6162
00924,復華S＆P500成長,42,0,42,中國信託-忠孝,2023-05-02,6162
1711,永光,91,55,36,中國信託-忠孝,2023-05-02,6162
6541,泰福-KY,31,1,30,中國信託-忠孝,2023-05-02,6162
6282,康舒,56,27,29,中國信託-忠孝,2023-05-02,6162
2352,佳世達,31,4,27,中國信託-忠孝,2023-05-02,6162
2515,中工,27,0,27,中國信託-忠孝,2023-05-02,6162
2883B,凱基金乙特,26,0,26,中國信託-忠孝,2023-05-02,6162
00687B,國泰20年美債,25,0,25,中國信託-忠孝,2023-05-02,6162
1519,華城,51,26,25,中國信託-忠孝,2023-05-02,6162
2476,鉅祥,25,0,25,中國信託-忠孝,2023-05-02,6162
6111,大宇資,88,63,25,中國信託-忠孝,2023-05-02,6162
1907,永豐餘,24,0,24,中國信託-忠孝,2023-05-02,6162
3071,協禧,24,0,24,中國信託-忠孝,2023-05-02,6162
4763,材料-KY,38,15,23,中國信託-忠孝,2023-05-02,6162
2401,凌陽,20,0,20,中國信託-忠孝,2023-05-02,6162
00706L,期元大S＆P日圓正2,20,0,20,中國信託-忠孝,2023-05-02,6162
8926,台汽電,20,0,20,中國信託-忠孝,2023-05-02,6162
2471,資通,26,6,20,中國信託-忠孝,2023-05-02,6162
8927,北基,19,0,19,中國信託-忠孝,2023-05-02,6162
6243,迅杰,21,3,18,中國信託-忠孝,2023-05-02,6162
6733,博晟生醫,18,0,18,中國信託-忠孝,2023-05-02,6162
2344,華邦電,106,89,17,中國信託-忠孝,2023-05-02,6162
00679B,元大美債20年,45,28,17,中國信託-忠孝,2023-05-02,6162
6806,森崴能源,19,2,17,中國信託-忠孝,2023-05-02,6162
5488,松普,15,0,15,中國信託-忠孝,2023-05-02,6162
00671R,富邦NASDAQ反1,15,0,15,中國信託-忠孝,2023-05-02,6162
2027,大成鋼,16,1,15,中國信託-忠孝,2023-05-02,6162
8085,福華,18,3,15,中國信託-忠孝,2023-05-02,6162
00712,復華富時不動產,22,8,14,中國信託-忠孝,2023-05-02,6162
5222,全訊,27,13,14,中國信託-忠孝,2023-05-02,6162
1802,台玻,14,0,14,中國信託-忠孝,2023-05-02,6162
3479,安勤,16,2,14,中國信託-忠孝,2023-05-02,6162
5381,合正,14,0,14,中國信託-忠孝,2023-05-02,6162
2329,華泰,13,0,13,中國信託-忠孝,2023-05-02,6162
3032,偉訓,17,5,12,中國信託-忠孝,2023-05-02,6162
6753,龍德造船,19,7,12,中國信託-忠孝,2023-05-02,6162
00715L,期街口布蘭特正2,230,24,206,中國信託-忠孝,2023-05-03,6162
8069,元太,184,20,164,中國信託-忠孝,2023-05-03,6162
00878,國泰永續高股息,182,51,131,中國信託-忠孝,2023-05-03,6162
1905,華紙,192,78,114,中國信託-忠孝,2023-05-03,6162
2615,萬海,109,2,107,中國信託-忠孝,2023-05-03,6162
00712,復華富時不動產,104,2,102,中國信託-忠孝,2023-05-03,6162
6111,大宇資,131,47,84,中國信託-忠孝,2023-05-03,6162
00753L,中信中國50正2,63,0,63,中國信託-忠孝,2023-05-03,6162
3276,宇環,60,0,60,中國信託-忠孝,2023-05-03,6162
00665L,富邦�琤肭磪囓�2,56,0,56,中國信託-忠孝,2023-05-03,6162
8403,盛弘,63,10,53,中國信託-忠孝,2023-05-03,6162
00637L,元大滬深300正2,52,0,52,中國信託-忠孝,2023-05-03,6162
2610,華航,55,10,45,中國信託-忠孝,2023-05-03,6162
2812,台中銀,49,10,39,中國信託-忠孝,2023-05-03,6162
3202,樺晟,60,24,36,中國信託-忠孝,2023-05-03,6162
2603,長榮,44,9,35,中國信託-忠孝,2023-05-03,6162
00650L,復華香港正2,34,0,34,中國信託-忠孝,2023-05-03,6162
2633,台灣高鐵,32,0,32,中國信託-忠孝,2023-05-03,6162
2201,裕隆,36,6,30,中國信託-忠孝,2023-05-03,6162
1104,環泥,32,5,27,中國信託-忠孝,2023-05-03,6162
9907,統一實,26,1,25,中國信託-忠孝,2023-05-03,6162
1904,正隆,26,4,22,中國信託-忠孝,2023-05-03,6162
2352,佳世達,26,5,21,中國信託-忠孝,2023-05-03,6162
6689,伊雲谷,22,1,21,中國信託-忠孝,2023-05-03,6162
2609,陽明,22,1,21,中國信託-忠孝,2023-05-03,6162
8936,國統,20,0,20,中國信託-忠孝,2023-05-03,6162
0056,元大高股息,24,5,19,中國信託-忠孝,2023-05-03,6162
8086,宏捷科,19,0,19,中國信託-忠孝,2023-05-03,6162
1101,台泥,32,15,17,中國信託-忠孝,2023-05-03,6162
2892,第一金,17,0,17,中國信託-忠孝,2023-05-03,6162
8093,保銳,17,0,17,中國信託-忠孝,2023-05-03,6162
1503,士電,47,30,17,中國信託-忠孝,2023-05-03,6162
1514,亞力,33,17,16,中國信託-忠孝,2023-05-03,6162
8097,常珵,16,0,16,中國信託-忠孝,2023-05-03,6162
1723,中碳,16,0,16,中國信託-忠孝,2023-05-03,6162
3520,華盈,15,0,15,中國信託-忠孝,2023-05-03,6162
2897,王道銀行,15,0,15,中國信託-忠孝,2023-05-03,6162
00690,兆豐藍籌30,15,0,15,中國信託-忠孝,2023-05-03,6162
00900,富邦特選高股息30,24,9,15,中國信託-忠孝,2023-05-03,6162
2515,中工,15,0,15,中國信託-忠孝,2023-05-03,6162
2301,光寶科,17,2,15,中國信託-忠孝,2023-05-03,6162
4968,立積,34,20,14,中國信託-忠孝,2023-05-03,6162
9958,世紀鋼,20,6,14,中國信託-忠孝,2023-05-03,6162
1471,首利,18,5,13,中國信託-忠孝,2023-05-03,6162
8299,群聯,12,0,12,中國信託-忠孝,2023-05-03,6162
3236,千如,67,55,12,中國信託-忠孝,2023-05-03,6162
2409,友達,12,0,12,中國信託-忠孝,2023-05-03,6162
6167,久正,23,12,11,中國信託-忠孝,2023-05-03,6162
2891,中信金,26,15,11,中國信託-忠孝,2023-05-03,6162
3056,富華新,11,0,11,中國信託-忠孝,2023-05-03,6162
2897,王道銀行,402,0,402,中國信託-忠孝,2023-05-04,6162
00715L,期街口布蘭特正2,261,5,256,中國信託-忠孝,2023-05-04,6162
2609,陽明,83,0,83,中國信託-忠孝,2023-05-04,6162
3025,星通,62,10,52,中國信託-忠孝,2023-05-04,6162
2603,長榮,88,37,51,中國信託-忠孝,2023-05-04,6162
00878,國泰永續高股息,132,83,49,中國信託-忠孝,2023-05-04,6162
6188,廣明,49,0,49,中國信託-忠孝,2023-05-04,6162
2206,三陽工業,61,18,43,中國信託-忠孝,2023-05-04,6162
00712,復華富時不動產,50,13,37,中國信託-忠孝,2023-05-04,6162
00642U,期元大S＆P石油,39,2,37,中國信託-忠孝,2023-05-04,6162
4439,冠星-KY,41,7,34,中國信託-忠孝,2023-05-04,6162
2615,萬海,36,5,31,中國信託-忠孝,2023-05-04,6162
00725B,國泰投資級公司債,30,0,30,中國信託-忠孝,2023-05-04,6162
2883B,凱基金乙特,30,0,30,中國信託-忠孝,2023-05-04,6162
2457,飛宏,60,32,28,中國信託-忠孝,2023-05-04,6162
5213,亞昕,91,63,28,中國信託-忠孝,2023-05-04,6162
4744,皇將,23,1,22,中國信託-忠孝,2023-05-04,6162
1513,中興電,33,12,21,中國信託-忠孝,2023-05-04,6162
00772B,中信高評級公司債,20,0,20,中國信託-忠孝,2023-05-04,6162
1731,美吾華,21,1,20,中國信託-忠孝,2023-05-04,6162
2409,友達,20,0,20,中國信託-忠孝,2023-05-04,6162
2634,漢翔,31,12,19,中國信託-忠孝,2023-05-04,6162
8069,元太,51,32,19,中國信託-忠孝,2023-05-04,6162
2201,裕隆,21,3,18,中國信託-忠孝,2023-05-04,6162
0056,元大高股息,25,8,17,中國信託-忠孝,2023-05-04,6162
3231,緯創,47,31,16,中國信託-忠孝,2023-05-04,6162
6446,藥華藥,19,3,16,中國信託-忠孝,2023-05-04,6162
6285,啟��,15,0,15,中國信託-忠孝,2023-05-04,6162
5353,台林,15,0,15,中國信託-忠孝,2023-05-04,6162
6282,康舒,15,0,15,中國信託-忠孝,2023-05-04,6162
1710,東聯,24,10,14,中國信託-忠孝,2023-05-04,6162
6443,元晶,72,58,14,中國信託-忠孝,2023-05-04,6162
1101,台泥,19,5,14,中國信託-忠孝,2023-05-04,6162
00720B,元大投資級公司債,24,10,14,中國信託-忠孝,2023-05-04,6162
6234,高僑,30,17,13,中國信託-忠孝,2023-05-04,6162
3704,合勤控,13,0,13,中國信託-忠孝,2023-05-04,6162
4746,台耀,19,7,12,中國信託-忠孝,2023-05-04,6162
2492,華新科,12,0,12,中國信託-忠孝,2023-05-04,6162
1734,杏輝,13,1,12,中國信託-忠孝,2023-05-04,6162
00674R,期元大S＆P黃金反1,12,0,12,中國信託-忠孝,2023-05-04,6162
2534,宏盛,263,252,11,中國信託-忠孝,2023-05-04,6162
00924,復華S＆P500成長,11,0,11,中國信託-忠孝,2023-05-04,6162
4510,高鋒,11,0,11,中國信託-忠孝,2023-05-04,6162
3494,誠研,11,0,11,中國信託-忠孝,2023-05-04,6162
6531,愛普*,17,6,11,中國信託-忠孝,2023-05-04,6162
3276,宇環,10,0,10,中國信託-忠孝,2023-05-04,6162
3060,銘異,10,0,10,中國信託-忠孝,2023-05-04,6162
2504,國產,10,0,10,中國信託-忠孝,2023-05-04,6162
6523,達爾膚,11,1,10,中國信託-忠孝,2023-05-04,6162
00751B,元大AAA至A公司債,10,0,10,中國信託-忠孝,2023-05-04,6162
2801,彰銀,800,0,800,中國信託-忠孝,2023-05-05,6162
00715L,期街口布蘭特正2,291,50,241,中國信託-忠孝,2023-05-05,6162
00720B,元大投資級公司債,158,0,158,中國信託-忠孝,2023-05-05,6162
6111,大宇資,357,199,158,中國信託-忠孝,2023-05-05,6162
6191,精成科,145,21,124,中國信託-忠孝,2023-05-05,6162
00878,國泰永續高股息,122,1,121,中國信託-忠孝,2023-05-05,6162
00772B,中信高評級公司債,89,0,89,中國信託-忠孝,2023-05-05,6162
00637L,元大滬深300正2,201,117,84,中國信託-忠孝,2023-05-05,6162
3322,建舜電,76,0,76,中國信託-忠孝,2023-05-05,6162
3017,奇鋐,105,37,68,中國信託-忠孝,2023-05-05,6162
8403,盛弘,75,26,49,中國信託-忠孝,2023-05-05,6162
6188,廣明,46,0,46,中國信託-忠孝,2023-05-05,6162
00687B,國泰20年美債,44,0,44,中國信託-忠孝,2023-05-05,6162
6140,訊達,40,0,40,中國信託-忠孝,2023-05-05,6162
5356,協益,61,22,39,中國信託-忠孝,2023-05-05,6162
4561,健椿,34,0,34,中國信託-忠孝,2023-05-05,6162
1905,華紙,193,160,33,中國信託-忠孝,2023-05-05,6162
5213,亞昕,36,5,31,中國信託-忠孝,2023-05-05,6162
00679B,元大美債20年,32,2,30,中國信託-忠孝,2023-05-05,6162
00642U,期元大S＆P石油,30,0,30,中國信託-忠孝,2023-05-05,6162
2002,中鋼,29,0,29,中國信託-忠孝,2023-05-05,6162
00751B,元大AAA至A公司債,29,0,29,中國信託-忠孝,2023-05-05,6162
5309,系統電,35,6,29,中國信託-忠孝,2023-05-05,6162
3287,廣寰科,43,14,29,中國信託-忠孝,2023-05-05,6162
3591,艾笛森,26,0,26,中國信託-忠孝,2023-05-05,6162
1101,台泥,28,3,25,中國信託-忠孝,2023-05-05,6162
1529,樂事綠能,57,32,25,中國信託-忠孝,2023-05-05,6162
2618,長榮航,32,7,25,中國信託-忠孝,2023-05-05,6162
5381,合正,27,3,24,中國信託-忠孝,2023-05-05,6162
2457,飛宏,57,34,23,中國信託-忠孝,2023-05-05,6162
4114,健喬,25,3,22,中國信託-忠孝,2023-05-05,6162
00712,復華富時不動產,24,3,21,中國信託-忠孝,2023-05-05,6162
8068,全達,21,0,21,中國信託-忠孝,2023-05-05,6162
3058,立德,27,6,21,中國信託-忠孝,2023-05-05,6162
4744,皇將,25,5,20,中國信託-忠孝,2023-05-05,6162
4909,新復興,106,86,20,中國信託-忠孝,2023-05-05,6162
00725B,國泰投資級公司債,20,0,20,中國信託-忠孝,2023-05-05,6162
4950,牧東,20,0,20,中國信託-忠孝,2023-05-05,6162
1110,東泥,19,0,19,中國信託-忠孝,2023-05-05,6162
5439,高技,19,0,19,中國信託-忠孝,2023-05-05,6162
2358,廷鑫,20,1,19,中國信託-忠孝,2023-05-05,6162
8930,青鋼,18,0,18,中國信託-忠孝,2023-05-05,6162
00713,元大台灣高息低波,18,0,18,中國信託-忠孝,2023-05-05,6162
2881,富邦金,17,0,17,中國信託-忠孝,2023-05-05,6162
8105,凌巨,17,0,17,中國信託-忠孝,2023-05-05,6162
6691,洋基工程,16,0,16,中國信託-忠孝,2023-05-05,6162
5425,台半,16,0,16,中國信託-忠孝,2023-05-05,6162
2534,宏盛,15,1,14,中國信託-忠孝,2023-05-05,6162
8926,台汽電,14,0,14,中國信託-忠孝,2023-05-05,6162
9934,成霖,13,0,13,中國信託-忠孝,2023-05-05,6162
2382,廣達,510,17,493,中國信託-忠孝,2023-05-08,6162
2801,彰銀,200,2,198,中國信託-忠孝,2023-05-08,6162
5498,凱崴,188,26,162,中國信託-忠孝,2023-05-08,6162
00795B,中信美國公債20年,114,0,114,中國信託-忠孝,2023-05-08,6162
2399,映泰,80,0,80,中國信託-忠孝,2023-05-08,6162
6163,華電網,56,1,55,中國信託-忠孝,2023-05-08,6162
1611,中電,80,25,55,中國信託-忠孝,2023-05-08,6162
1504,東元,113,65,48,中國信託-忠孝,2023-05-08,6162
5321,美而快,56,9,47,中國信託-忠孝,2023-05-08,6162
4744,皇將,40,1,39,中國信託-忠孝,2023-05-08,6162
4979,華星光,56,18,38,中國信託-忠孝,2023-05-08,6162
3027,盛達,36,0,36,中國信託-忠孝,2023-05-08,6162
1513,中興電,81,47,34,中國信託-忠孝,2023-05-08,6162
00878,國泰永續高股息,91,59,32,中國信託-忠孝,2023-05-08,6162
4114,健喬,33,1,32,中國信託-忠孝,2023-05-08,6162
3056,富華新,31,0,31,中國信託-忠孝,2023-05-08,6162
6188,廣明,30,0,30,中國信託-忠孝,2023-05-08,6162
8996,高力,36,7,29,中國信託-忠孝,2023-05-08,6162
5213,亞昕,65,36,29,中國信託-忠孝,2023-05-08,6162
6140,訊達,28,0,28,中國信託-忠孝,2023-05-08,6162
2421,建準,65,37,28,中國信託-忠孝,2023-05-08,6162
3231,緯創,95,69,26,中國信託-忠孝,2023-05-08,6162
8033,雷虎,42,16,26,中國信託-忠孝,2023-05-08,6162
1609,大亞,76,50,26,中國信託-忠孝,2023-05-08,6162
8069,元太,95,70,25,中國信託-忠孝,2023-05-08,6162
3545,敦泰,26,2,24,中國信託-忠孝,2023-05-08,6162
3029,零壹,66,42,24,中國信託-忠孝,2023-05-08,6162
4763,材料-KY,29,6,23,中國信託-忠孝,2023-05-08,6162
3058,立德,30,7,23,中國信託-忠孝,2023-05-08,6162
3202,樺晟,66,43,23,中國信託-忠孝,2023-05-08,6162
6214,精誠,21,0,21,中國信託-忠孝,2023-05-08,6162
6830,汎銓,21,0,21,中國信託-忠孝,2023-05-08,6162
3038,全台,21,0,21,中國信託-忠孝,2023-05-08,6162
2349,錸德,20,0,20,中國信託-忠孝,2023-05-08,6162
3533,嘉澤,21,1,20,中國信託-忠孝,2023-05-08,6162
00772B,中信高評級公司債,19,0,19,中國信託-忠孝,2023-05-08,6162
3005,神基,23,6,17,中國信託-忠孝,2023-05-08,6162
2027,大成鋼,22,5,17,中國信託-忠孝,2023-05-08,6162
2883,凱基金,80,64,16,中國信託-忠孝,2023-05-08,6162
8046,南電,51,35,16,中國信託-忠孝,2023-05-08,6162
8271,宇瞻,16,0,16,中國信託-忠孝,2023-05-08,6162
2461,光群雷,32,16,16,中國信託-忠孝,2023-05-08,6162
1316,上曜,21,5,16,中國信託-忠孝,2023-05-08,6162
00679B,元大美債20年,18,2,16,中國信託-忠孝,2023-05-08,6162
2881,富邦金,16,1,15,中國信託-忠孝,2023-05-08,6162
4147,中裕,15,0,15,中國信託-忠孝,2023-05-08,6162
2883B,凱基金乙特,60,45,15,中國信託-忠孝,2023-05-08,6162
8222,寶一,52,37,15,中國信託-忠孝,2023-05-08,6162
00720B,元大投資級公司債,15,0,15,中國信託-忠孝,2023-05-08,6162
1529,樂事綠能,26,12,14,中國信託-忠孝,2023-05-08,6162
00680L,元大美債20正2,280,0,280,中國信託-忠孝,2023-05-09,6162
1905,華紙,302,26,276,中國信託-忠孝,2023-05-09,6162
2382,廣達,221,16,205,中國信託-忠孝,2023-05-09,6162
00715L,期街口布蘭特正2,155,32,123,中國信託-忠孝,2023-05-09,6162
4121,優盛,116,6,110,中國信託-忠孝,2023-05-09,6162
00720B,元大投資級公司債,104,0,104,中國信託-忠孝,2023-05-09,6162
2421,建準,120,21,99,中國信託-忠孝,2023-05-09,6162
6546,正基,96,0,96,中國信託-忠孝,2023-05-09,6162
00772B,中信高評級公司債,91,0,91,中國信託-忠孝,2023-05-09,6162
2891,中信金,123,34,89,中國信託-忠孝,2023-05-09,6162
3058,立德,79,1,78,中國信託-忠孝,2023-05-09,6162
5498,凱崴,59,5,54,中國信託-忠孝,2023-05-09,6162
6244,茂迪,64,14,50,中國信託-忠孝,2023-05-09,6162
6188,廣明,48,0,48,中國信託-忠孝,2023-05-09,6162
3049,精金,44,0,44,中國信託-忠孝,2023-05-09,6162
1101,台泥,42,0,42,中國信託-忠孝,2023-05-09,6162
2609,陽明,45,3,42,中國信託-忠孝,2023-05-09,6162
3484,崧騰,68,32,36,中國信託-忠孝,2023-05-09,6162
00878,國泰永續高股息,99,65,34,中國信託-忠孝,2023-05-09,6162
8926,台汽電,32,0,32,中國信託-忠孝,2023-05-09,6162
2634,漢翔,39,8,31,中國信託-忠孝,2023-05-09,6162
2331,精英,30,0,30,中國信託-忠孝,2023-05-09,6162
00713,元大台灣高息低波,28,0,28,中國信託-忠孝,2023-05-09,6162
1609,大亞,32,4,28,中國信託-忠孝,2023-05-09,6162
6140,訊達,27,0,27,中國信託-忠孝,2023-05-09,6162
2457,飛宏,78,53,25,中國信託-忠孝,2023-05-09,6162
2881,富邦金,36,11,25,中國信託-忠孝,2023-05-09,6162
5355,佳總,24,0,24,中國信託-忠孝,2023-05-09,6162
1519,華城,55,33,22,中國信託-忠孝,2023-05-09,6162
6570,維田,35,13,22,中國信託-忠孝,2023-05-09,6162
00687B,國泰20年美債,27,6,21,中國信託-忠孝,2023-05-09,6162
3047,訊舟,20,0,20,中國信託-忠孝,2023-05-09,6162
3056,富華新,19,0,19,中國信託-忠孝,2023-05-09,6162
1316,上曜,19,0,19,中國信託-忠孝,2023-05-09,6162
8930,青鋼,26,9,17,中國信託-忠孝,2023-05-09,6162
9958,世紀鋼,27,10,17,中國信託-忠孝,2023-05-09,6162
8234,新漢,17,0,17,中國信託-忠孝,2023-05-09,6162
2701,萬企,15,0,15,中國信託-忠孝,2023-05-09,6162
3520,華盈,15,0,15,中國信託-忠孝,2023-05-09,6162
5381,合正,15,0,15,中國信託-忠孝,2023-05-09,6162
3715,定穎投控,30,15,15,中國信託-忠孝,2023-05-09,6162
00900,富邦特選高股息30,14,0,14,中國信託-忠孝,2023-05-09,6162
3257,虹冠電,14,0,14,中國信託-忠孝,2023-05-09,6162
6443,元晶,42,28,14,中國信託-忠孝,2023-05-09,6162
00751B,元大AAA至A公司債,13,0,13,中國信託-忠孝,2023-05-09,6162
8240,華宏,14,1,13,中國信託-忠孝,2023-05-09,6162
2367,燿華,13,0,13,中國信託-忠孝,2023-05-09,6162
4763,材料-KY,20,7,13,中國信託-忠孝,2023-05-09,6162
4167,松瑞藥,15,2,13,中國信託-忠孝,2023-05-09,6162
6177,達麗,12,0,12,中國信託-忠孝,2023-05-09,6162
00878,國泰永續高股息,356,0,356,中國信託-忠孝,2023-05-10,6162
00637L,元大滬深300正2,404,57,347,中國信託-忠孝,2023-05-10,6162
4127,天良,130,0,130,中國信託-忠孝,2023-05-10,6162
4167,松瑞藥,139,20,119,中國信託-忠孝,2023-05-10,6162
00713,元大台灣高息低波,90,0,90,中國信託-忠孝,2023-05-10,6162
5498,凱崴,76,0,76,中國信託-忠孝,2023-05-10,6162
6191,精成科,92,16,76,中國信託-忠孝,2023-05-10,6162
3202,樺晟,175,104,71,中國信託-忠孝,2023-05-10,6162
00894,中信小資高價30,70,0,70,中國信託-忠孝,2023-05-10,6162
00720B,元大投資級公司債,61,0,61,中國信託-忠孝,2023-05-10,6162
00680L,元大美債20正2,54,0,54,中國信託-忠孝,2023-05-10,6162
2204,中華,47,4,43,中國信託-忠孝,2023-05-10,6162
1529,樂事綠能,58,16,42,中國信託-忠孝,2023-05-10,6162
2331,精英,41,0,41,中國信託-忠孝,2023-05-10,6162
00687B,國泰20年美債,40,0,40,中國信託-忠孝,2023-05-10,6162
2881,富邦金,38,0,38,中國信託-忠孝,2023-05-10,6162
4744,皇將,37,5,32,中國信託-忠孝,2023-05-10,6162
00688L,國泰20年美債正2,32,0,32,中國信託-忠孝,2023-05-10,6162
8097,常珵,63,32,31,中國信託-忠孝,2023-05-10,6162
00795B,中信美國公債20年,29,0,29,中國信託-忠孝,2023-05-10,6162
00655L,國泰中國A50正2,27,0,27,中國信託-忠孝,2023-05-10,6162
3209,全科,33,7,26,中國信託-忠孝,2023-05-10,6162
00753L,中信中國50正2,26,0,26,中國信託-忠孝,2023-05-10,6162
00882,中信中國高股息,26,1,25,中國信託-忠孝,2023-05-10,6162
6188,廣明,25,0,25,中國信託-忠孝,2023-05-10,6162
6248,沛波,25,0,25,中國信託-忠孝,2023-05-10,6162
00665L,富邦�琤肭磪囓�2,25,0,25,中國信託-忠孝,2023-05-10,6162
5439,高技,77,53,24,中國信託-忠孝,2023-05-10,6162
4728,雙美,25,2,23,中國信託-忠孝,2023-05-10,6162
3005,神基,26,4,22,中國信託-忠孝,2023-05-10,6162
2882,國泰金,56,35,21,中國信託-忠孝,2023-05-10,6162
2701,萬企,35,15,20,中國信託-忠孝,2023-05-10,6162
1762,中化生,21,1,20,中國信託-忠孝,2023-05-10,6162
2303,聯電,17,2,15,中國信託-忠孝,2023-05-10,6162
4109,加捷生醫,15,0,15,中國信託-忠孝,2023-05-10,6162
4173,久裕,14,0,14,中國信託-忠孝,2023-05-10,6162
0056,元大高股息,15,2,13,中國信託-忠孝,2023-05-10,6162
3071,協禧,16,3,13,中國信託-忠孝,2023-05-10,6162
3257,虹冠電,13,0,13,中國信託-忠孝,2023-05-10,6162
6443,元晶,48,35,13,中國信託-忠孝,2023-05-10,6162
2387,精元,14,1,13,中國信託-忠孝,2023-05-10,6162
3037,欣興,35,22,13,中國信託-忠孝,2023-05-10,6162
8234,新漢,12,0,12,中國信託-忠孝,2023-05-10,6162
00650L,復華香港正2,12,0,12,中國信託-忠孝,2023-05-10,6162
3058,立德,14,2,12,中國信託-忠孝,2023-05-10,6162
00690,兆豐藍籌30,12,0,12,中國信託-忠孝,2023-05-10,6162
3078,僑威,11,0,11,中國信託-忠孝,2023-05-10,6162
6488,環球晶,10,0,10,中國信託-忠孝,2023-05-10,6162
2883,凱基金,10,0,10,中國信託-忠孝,2023-05-10,6162
3374,精材,10,0,10,中國信託-忠孝,2023-05-10,6162
1447,力鵬,430,4,426,中國信託-忠孝,2023-05-11,6162
2515,中工,218,50,168,中國信託-忠孝,2023-05-11,6162
6527,明達醫,154,0,154,中國信託-忠孝,2023-05-11,6162
3006,晶豪科,161,13,148,中國信託-忠孝,2023-05-11,6162
5258,虹堡,193,58,135,中國信託-忠孝,2023-05-11,6162
2603,長榮,117,9,108,中國信託-忠孝,2023-05-11,6162
2615,萬海,78,3,75,中國信託-忠孝,2023-05-11,6162
6122,擎邦,106,41,65,中國信託-忠孝,2023-05-11,6162
1714,和桐,54,0,54,中國信託-忠孝,2023-05-11,6162
1609,大亞,60,17,43,中國信託-忠孝,2023-05-11,6162
6546,正基,53,10,43,中國信託-忠孝,2023-05-11,6162
4121,優盛,45,3,42,中國信託-忠孝,2023-05-11,6162
006208,富邦台50,42,1,41,中國信託-忠孝,2023-05-11,6162
00878,國泰永續高股息,48,8,40,中國信託-忠孝,2023-05-11,6162
2201,裕隆,40,2,38,中國信託-忠孝,2023-05-11,6162
00713,元大台灣高息低波,36,1,35,中國信託-忠孝,2023-05-11,6162
5465,富驊,33,0,33,中國信託-忠孝,2023-05-11,6162
6188,廣明,37,4,33,中國信託-忠孝,2023-05-11,6162
2206,三陽工業,58,26,32,中國信託-忠孝,2023-05-11,6162
1442,名軒,32,0,32,中國信託-忠孝,2023-05-11,6162
1905,華紙,32,3,29,中國信託-忠孝,2023-05-11,6162
2303,聯電,29,4,25,中國信託-忠孝,2023-05-11,6162
2022,聚亨,30,5,25,中國信託-忠孝,2023-05-11,6162
0056,元大高股息,33,10,23,中國信託-忠孝,2023-05-11,6162
2609,陽明,25,2,23,中國信託-忠孝,2023-05-11,6162
00919,群益台灣精選高息,22,0,22,中國信託-忠孝,2023-05-11,6162
6592,和潤企業,22,1,21,中國信託-忠孝,2023-05-11,6162
2349,錸德,20,0,20,中國信託-忠孝,2023-05-11,6162
00900,富邦特選高股息30,31,11,20,中國信託-忠孝,2023-05-11,6162
3257,虹冠電,19,0,19,中國信託-忠孝,2023-05-11,6162
6167,久正,22,3,19,中國信託-忠孝,2023-05-11,6162
3704,合勤控,21,2,19,中國信託-忠孝,2023-05-11,6162
1101,台泥,25,7,18,中國信託-忠孝,2023-05-11,6162
2605,新興,18,0,18,中國信託-忠孝,2023-05-11,6162
5351,鈺創,18,0,18,中國信託-忠孝,2023-05-11,6162
1734,杏輝,18,0,18,中國信託-忠孝,2023-05-11,6162
00772B,中信高評級公司債,16,0,16,中國信託-忠孝,2023-05-11,6162
3038,全台,16,0,16,中國信託-忠孝,2023-05-11,6162
2312,金寶,17,1,16,中國信託-忠孝,2023-05-11,6162
1218,泰山,16,0,16,中國信託-忠孝,2023-05-11,6162
6248,沛波,16,0,16,中國信託-忠孝,2023-05-11,6162
5310,天剛,16,0,16,中國信託-忠孝,2023-05-11,6162
5381,合正,16,0,16,中國信託-忠孝,2023-05-11,6162
6593,台灣銘板,17,1,16,中國信託-忠孝,2023-05-11,6162
2634,漢翔,22,7,15,中國信託-忠孝,2023-05-11,6162
6285,啟��,41,27,14,中國信託-忠孝,2023-05-11,6162
5484,慧友,14,0,14,中國信託-忠孝,2023-05-11,6162
2027,大成鋼,16,2,14,中國信託-忠孝,2023-05-11,6162
4967,十銓,13,0,13,中國信託-忠孝,2023-05-11,6162
00671R,富邦NASDAQ反1,13,0,13,中國信託-忠孝,2023-05-11,6162
4123,晟德,170,2,168,中國信託-忠孝,2023-05-12,6162
8011,台通,151,4,147,中國信託-忠孝,2023-05-12,6162
1608,華榮,234,88,146,中國信託-忠孝,2023-05-12,6162
4127,天良,146,0,146,中國信託-忠孝,2023-05-12,6162
2317,鴻海,101,4,97,中國信託-忠孝,2023-05-12,6162
00640L,富邦日本正2,76,0,76,中國信託-忠孝,2023-05-12,6162
3037,欣興,96,29,67,中國信託-忠孝,2023-05-12,6162
00637L,元大滬深300正2,116,50,66,中國信託-忠孝,2023-05-12,6162
00878,國泰永續高股息,90,25,65,中國信託-忠孝,2023-05-12,6162
6770,力積電,58,0,58,中國信託-忠孝,2023-05-12,6162
00633L,富邦上証正2,56,0,56,中國信託-忠孝,2023-05-12,6162
6188,廣明,58,3,55,中國信託-忠孝,2023-05-12,6162
6288,聯嘉,64,16,48,中國信託-忠孝,2023-05-12,6162
8176,智捷,45,0,45,中國信託-忠孝,2023-05-12,6162
5258,虹堡,99,56,43,中國信託-忠孝,2023-05-12,6162
00715L,期街口布蘭特正2,112,72,40,中國信託-忠孝,2023-05-12,6162
2888,新光金,50,10,40,中國信託-忠孝,2023-05-12,6162
2528,皇普,38,0,38,中國信託-忠孝,2023-05-12,6162
00882,中信中國高股息,42,4,38,中國信託-忠孝,2023-05-12,6162
3483,力致,37,0,37,中國信託-忠孝,2023-05-12,6162
2303,聯電,37,2,35,中國信託-忠孝,2023-05-12,6162
2425,承啟,30,0,30,中國信託-忠孝,2023-05-12,6162
3231,緯創,172,143,29,中國信託-忠孝,2023-05-12,6162
6541,泰福-KY,28,0,28,中國信託-忠孝,2023-05-12,6162
00642U,期元大S＆P石油,44,17,27,中國信託-忠孝,2023-05-12,6162
9907,統一實,27,0,27,中國信託-忠孝,2023-05-12,6162
6719,力智,25,0,25,中國信託-忠孝,2023-05-12,6162
2605,新興,23,0,23,中國信託-忠孝,2023-05-12,6162
5381,合正,25,2,23,中國信託-忠孝,2023-05-12,6162
3058,立德,28,6,22,中國信託-忠孝,2023-05-12,6162
3287,廣寰科,21,0,21,中國信託-忠孝,2023-05-12,6162
2882,國泰金,22,2,20,中國信託-忠孝,2023-05-12,6162
4104,佳醫,20,0,20,中國信託-忠孝,2023-05-12,6162
6865,偉康科技,20,0,20,中國信託-忠孝,2023-05-12,6162
6191,精成科,20,0,20,中國信託-忠孝,2023-05-12,6162
2881,富邦金,17,0,17,中國信託-忠孝,2023-05-12,6162
4167,松瑞藥,18,1,17,中國信託-忠孝,2023-05-12,6162
1314,中石化,17,0,17,中國信託-忠孝,2023-05-12,6162
2349,錸德,17,0,17,中國信託-忠孝,2023-05-12,6162
2409,友達,17,0,17,中國信託-忠孝,2023-05-12,6162
5351,鈺創,15,0,15,中國信託-忠孝,2023-05-12,6162
4128,中天,18,3,15,中國信託-忠孝,2023-05-12,6162
00713,元大台灣高息低波,14,0,14,中國信託-忠孝,2023-05-12,6162
00902,中信電池及儲能,14,0,14,中國信託-忠孝,2023-05-12,6162
1529,樂事綠能,23,11,12,中國信託-忠孝,2023-05-12,6162
4114,健喬,12,0,12,中國信託-忠孝,2023-05-12,6162
3704,合勤控,13,1,12,中國信託-忠孝,2023-05-12,6162
0056,元大高股息,13,1,12,中國信託-忠孝,2023-05-12,6162
2883,凱基金,16,4,12,中國信託-忠孝,2023-05-12,6162
8033,雷虎,16,5,11,中國信託-忠孝,2023-05-12,6162
00878,國泰永續高股息,218,35,183,中國信託-忠孝,2023-05-15,6162
00715L,期街口布蘭特正2,154,0,154,中國信託-忠孝,2023-05-15,6162
1447,力鵬,110,0,110,中國信託-忠孝,2023-05-15,6162
9945,潤泰新,86,0,86,中國信託-忠孝,2023-05-15,6162
00633L,富邦上証正2,73,0,73,中國信託-忠孝,2023-05-15,6162
2206,三陽工業,133,70,63,中國信託-忠孝,2023-05-15,6162
00687B,國泰20年美債,57,0,57,中國信託-忠孝,2023-05-15,6162
5351,鈺創,44,0,44,中國信託-忠孝,2023-05-15,6162
8011,台通,72,29,43,中國信託-忠孝,2023-05-15,6162
00772B,中信高評級公司債,42,0,42,中國信託-忠孝,2023-05-15,6162
8176,智捷,40,0,40,中國信託-忠孝,2023-05-15,6162
2317,鴻海,39,0,39,中國信託-忠孝,2023-05-15,6162
6443,元晶,43,8,35,中國信託-忠孝,2023-05-15,6162
1442,名軒,35,0,35,中國信託-忠孝,2023-05-15,6162
00885,富邦越南,63,28,35,中國信託-忠孝,2023-05-15,6162
2915,潤泰全,34,0,34,中國信託-忠孝,2023-05-15,6162
2303,聯電,41,7,34,中國信託-忠孝,2023-05-15,6162
1101,台泥,36,4,32,中國信託-忠孝,2023-05-15,6162
3715,定穎投控,34,3,31,中國信託-忠孝,2023-05-15,6162
6472,保瑞,33,3,30,中國信託-忠孝,2023-05-15,6162
2382,廣達,76,47,29,中國信託-忠孝,2023-05-15,6162
00751B,元大AAA至A公司債,28,0,28,中國信託-忠孝,2023-05-15,6162
5439,高技,45,18,27,中國信託-忠孝,2023-05-15,6162
8048,德勝,24,0,24,中國信託-忠孝,2023-05-15,6162
3712,永崴投控,29,5,24,中國信託-忠孝,2023-05-15,6162
6122,擎邦,91,67,24,中國信託-忠孝,2023-05-15,6162
00882,中信中國高股息,22,0,22,中國信託-忠孝,2023-05-15,6162
4127,天良,20,0,20,中國信託-忠孝,2023-05-15,6162
00722B,群益投資級電信債,20,0,20,中國信託-忠孝,2023-05-15,6162
2610,華航,20,2,18,中國信託-忠孝,2023-05-15,6162
3231,緯創,73,56,17,中國信託-忠孝,2023-05-15,6162
2312,金寶,16,0,16,中國信託-忠孝,2023-05-15,6162
2534,宏盛,46,30,16,中國信託-忠孝,2023-05-15,6162
3224,三顧,24,8,16,中國信託-忠孝,2023-05-15,6162
2201,裕隆,21,6,15,中國信託-忠孝,2023-05-15,6162
6691,洋基工程,17,2,15,中國信託-忠孝,2023-05-15,6162
2034,允強,15,0,15,中國信託-忠孝,2023-05-15,6162
00795B,中信美國公債20年,15,0,15,中國信託-忠孝,2023-05-15,6162
0056,元大高股息,18,4,14,中國信託-忠孝,2023-05-15,6162
00712,復華富時不動產,28,14,14,中國信託-忠孝,2023-05-15,6162
2489,瑞軒,15,1,14,中國信託-忠孝,2023-05-15,6162
5258,虹堡,55,41,14,中國信託-忠孝,2023-05-15,6162
5381,合正,14,0,14,中國信託-忠孝,2023-05-15,6162
5871,中租-KY,14,0,14,中國信託-忠孝,2023-05-15,6162
00720B,元大投資級公司債,23,10,13,中國信託-忠孝,2023-05-15,6162
6570,維田,13,0,13,中國信託-忠孝,2023-05-15,6162
3693,營邦,15,2,13,中國信託-忠孝,2023-05-15,6162
2609,陽明,23,11,12,中國信託-忠孝,2023-05-15,6162
5521,工信,12,0,12,中國信託-忠孝,2023-05-15,6162
1504,東元,70,58,12,中國信託-忠孝,2023-05-15,6162
00680L,元大美債20正2,109,0,109,中國信託-忠孝,2023-05-16,6162
00878,國泰永續高股息,202,94,108,中國信託-忠孝,2023-05-16,6162
00720B,元大投資級公司債,96,0,96,中國信託-忠孝,2023-05-16,6162
6188,廣明,96,1,95,中國信託-忠孝,2023-05-16,6162
00772B,中信高評級公司債,94,1,93,中國信託-忠孝,2023-05-16,6162
3693,營邦,96,8,88,中國信託-忠孝,2023-05-16,6162
2101,南港,90,2,88,中國信託-忠孝,2023-05-16,6162
3363,上詮,101,25,76,中國信託-忠孝,2023-05-16,6162
00665L,富邦�琤肭磪囓�2,73,7,66,中國信託-忠孝,2023-05-16,6162
6282,康舒,61,0,61,中國信託-忠孝,2023-05-16,6162
5009,榮剛,56,6,50,中國信託-忠孝,2023-05-16,6162
00655L,國泰中國A50正2,48,0,48,中國信託-忠孝,2023-05-16,6162
2609,陽明,51,4,47,中國信託-忠孝,2023-05-16,6162
00687B,國泰20年美債,44,0,44,中國信託-忠孝,2023-05-16,6162
2409,友達,36,0,36,中國信託-忠孝,2023-05-16,6162
2610,華航,70,34,36,中國信託-忠孝,2023-05-16,6162
6245,立端,33,2,31,中國信託-忠孝,2023-05-16,6162
1337,再生-KY,34,5,29,中國信託-忠孝,2023-05-16,6162
1709,和益,29,0,29,中國信託-忠孝,2023-05-16,6162
00751B,元大AAA至A公司債,23,0,23,中國信託-忠孝,2023-05-16,6162
2382,廣達,45,24,21,中國信託-忠孝,2023-05-16,6162
2883B,凱基金乙特,20,0,20,中國信託-忠孝,2023-05-16,6162
1742,台蠟,20,0,20,中國信託-忠孝,2023-05-16,6162
1101,台泥,70,52,18,中國信託-忠孝,2023-05-16,6162
2323,中環,20,3,17,中國信託-忠孝,2023-05-16,6162
1905,華紙,16,0,16,中國信託-忠孝,2023-05-16,6162
00632R,元大台灣50反1,21,5,16,中國信託-忠孝,2023-05-16,6162
4967,十銓,23,7,16,中國信託-忠孝,2023-05-16,6162
00795B,中信美國公債20年,16,0,16,中國信託-忠孝,2023-05-16,6162
1504,東元,32,16,16,中國信託-忠孝,2023-05-16,6162
3231,緯創,37,21,16,中國信託-忠孝,2023-05-16,6162
00722B,群益投資級電信債,15,0,15,中國信託-忠孝,2023-05-16,6162
6275,元山,15,0,15,中國信託-忠孝,2023-05-16,6162
9939,宏全,16,2,14,中國信託-忠孝,2023-05-16,6162
5425,台半,14,1,13,中國信託-忠孝,2023-05-16,6162
4919,新唐,14,1,13,中國信託-忠孝,2023-05-16,6162
4155,訊映,18,6,12,中國信託-忠孝,2023-05-16,6162
2388,威盛,16,4,12,中國信託-忠孝,2023-05-16,6162
1409,新纖,11,0,11,中國信託-忠孝,2023-05-16,6162
1605,華新,14,3,11,中國信託-忠孝,2023-05-16,6162
1513,中興電,12,1,11,中國信託-忠孝,2023-05-16,6162
3025,星通,26,15,11,中國信託-忠孝,2023-05-16,6162
6531,愛普*,11,0,11,中國信託-忠孝,2023-05-16,6162
2534,宏盛,10,0,10,中國信託-忠孝,2023-05-16,6162
2462,良得電,10,0,10,中國信託-忠孝,2023-05-16,6162
2816,旺旺保,10,0,10,中國信託-忠孝,2023-05-16,6162
6712,長聖,12,2,10,中國信託-忠孝,2023-05-16,6162
3011,今皓,12,3,9,中國信託-忠孝,2023-05-16,6162
00637L,元大滬深300正2,70,61,9,中國信託-忠孝,2023-05-16,6162
3035,智原,16,7,9,中國信託-忠孝,2023-05-16,6162
5498,凱崴,160,0,160,中國信託-忠孝,2023-05-17,6162
2534,宏盛,127,0,127,中國信託-忠孝,2023-05-17,6162
00632R,元大台灣50反1,123,0,123,中國信託-忠孝,2023-05-17,6162
00720B,元大投資級公司債,105,11,94,中國信託-忠孝,2023-05-17,6162
4566,時碩工業,91,0,91,中國信託-忠孝,2023-05-17,6162
3715,定穎投控,93,12,81,中國信託-忠孝,2023-05-17,6162
6188,廣明,78,0,78,中國信託-忠孝,2023-05-17,6162
2457,飛宏,139,75,64,中國信託-忠孝,2023-05-17,6162
00665L,富邦�琤肭磪囓�2,72,8,64,中國信託-忠孝,2023-05-17,6162
2495,普安,166,102,64,中國信託-忠孝,2023-05-17,6162
00680L,元大美債20正2,62,0,62,中國信託-忠孝,2023-05-17,6162
8046,南電,58,1,57,中國信託-忠孝,2023-05-17,6162
00715L,期街口布蘭特正2,65,11,54,中國信託-忠孝,2023-05-17,6162
00706L,期元大S＆P日圓正2,53,0,53,中國信託-忠孝,2023-05-17,6162
00637L,元大滬深300正2,52,0,52,中國信託-忠孝,2023-05-17,6162
00687B,國泰20年美債,50,0,50,中國信託-忠孝,2023-05-17,6162
00633L,富邦上証正2,50,0,50,中國信託-忠孝,2023-05-17,6162
5328,華容,50,0,50,中國信託-忠孝,2023-05-17,6162
8048,德勝,51,8,43,中國信託-忠孝,2023-05-17,6162
2883B,凱基金乙特,40,0,40,中國信託-忠孝,2023-05-17,6162
00772B,中信高評級公司債,46,7,39,中國信託-忠孝,2023-05-17,6162
6625,必應,44,10,34,中國信託-忠孝,2023-05-17,6162
6770,力積電,34,0,34,中國信託-忠孝,2023-05-17,6162
3518,柏騰,32,0,32,中國信託-忠孝,2023-05-17,6162
00673R,期元大S＆P原油反1,36,5,31,中國信託-忠孝,2023-05-17,6162
00722B,群益投資級電信債,31,0,31,中國信託-忠孝,2023-05-17,6162
00878,國泰永續高股息,206,176,30,中國信託-忠孝,2023-05-17,6162
1608,華榮,31,1,30,中國信託-忠孝,2023-05-17,6162
1101,台泥,34,5,29,中國信託-忠孝,2023-05-17,6162
00655L,國泰中國A50正2,28,0,28,中國信託-忠孝,2023-05-17,6162
5381,合正,31,5,26,中國信託-忠孝,2023-05-17,6162
1810,和成,28,2,26,中國信託-忠孝,2023-05-17,6162
2618,長榮航,44,19,25,中國信託-忠孝,2023-05-17,6162
6245,立端,31,7,24,中國信託-忠孝,2023-05-17,6162
6160,欣技,68,45,23,中國信託-忠孝,2023-05-17,6162
3231,緯創,35,14,21,中國信託-忠孝,2023-05-17,6162
00751B,元大AAA至A公司債,19,0,19,中國信託-忠孝,2023-05-17,6162
6753,龍德造船,20,1,19,中國信託-忠孝,2023-05-17,6162
6282,康舒,37,20,17,中國信託-忠孝,2023-05-17,6162
00891,中信關鍵半導體,21,5,16,中國信託-忠孝,2023-05-17,6162
00688L,國泰20年美債正2,16,0,16,中國信託-忠孝,2023-05-17,6162
2312,金寶,15,0,15,中國信託-忠孝,2023-05-17,6162
00642U,期元大S＆P石油,15,0,15,中國信託-忠孝,2023-05-17,6162
006205,富邦上証,15,0,15,中國信託-忠孝,2023-05-17,6162
00882,中信中國高股息,15,0,15,中國信託-忠孝,2023-05-17,6162
4976,佳凌,16,2,14,中國信託-忠孝,2023-05-17,6162
3680,家登,21,7,14,中國信託-忠孝,2023-05-17,6162
2520,冠德,13,0,13,中國信託-忠孝,2023-05-17,6162
3202,樺晟,14,1,13,中國信託-忠孝,2023-05-17,6162
4746,台耀,39,27,12,中國信託-忠孝,2023-05-17,6162
3260,威剛,220,3,217,中國信託-忠孝,2023-05-18,6162
00640L,富邦日本正2,200,3,197,中國信託-忠孝,2023-05-18,6162
2206,三陽工業,171,23,148,中國信託-忠孝,2023-05-18,6162
9944,新麗,83,1,82,中國信託-忠孝,2023-05-18,6162
5483,中美晶,75,0,75,中國信託-忠孝,2023-05-18,6162
00632R,元大台灣50反1,74,0,74,中國信託-忠孝,2023-05-18,6162
2882,國泰金,91,23,68,中國信託-忠孝,2023-05-18,6162
00680L,元大美債20正2,65,0,65,中國信託-忠孝,2023-05-18,6162
2323,中環,74,15,59,中國信託-忠孝,2023-05-18,6162
6188,廣明,57,0,57,中國信託-忠孝,2023-05-18,6162
00665L,富邦�琤肭磪囓�2,52,0,52,中國信託-忠孝,2023-05-18,6162
00650L,復華香港正2,51,0,51,中國信託-忠孝,2023-05-18,6162
00795B,中信美國公債20年,50,0,50,中國信託-忠孝,2023-05-18,6162
00720B,元大投資級公司債,52,3,49,中國信託-忠孝,2023-05-18,6162
00690,兆豐藍籌30,43,0,43,中國信託-忠孝,2023-05-18,6162
00687B,國泰20年美債,39,0,39,中國信託-忠孝,2023-05-18,6162
00772B,中信高評級公司債,39,0,39,中國信託-忠孝,2023-05-18,6162
6243,迅杰,32,0,32,中國信託-忠孝,2023-05-18,6162
1503,士電,61,34,27,中國信託-忠孝,2023-05-18,6162
3006,晶豪科,31,5,26,中國信託-忠孝,2023-05-18,6162
2489,瑞軒,30,6,24,中國信託-忠孝,2023-05-18,6162
2812,台中銀,27,4,23,中國信託-忠孝,2023-05-18,6162
3037,欣興,76,54,22,中國信託-忠孝,2023-05-18,6162
2442,新美齊,21,0,21,中國信託-忠孝,2023-05-18,6162
1513,中興電,45,24,21,中國信託-忠孝,2023-05-18,6162
1795,美時,79,59,20,中國信託-忠孝,2023-05-18,6162
00706L,期元大S＆P日圓正2,20,0,20,中國信託-忠孝,2023-05-18,6162
2887,台新金,22,2,20,中國信託-忠孝,2023-05-18,6162
00637L,元大滬深300正2,28,11,17,中國信託-忠孝,2023-05-18,6162
5425,台半,16,1,15,中國信託-忠孝,2023-05-18,6162
1584,精剛,21,6,15,中國信託-忠孝,2023-05-18,6162
8222,寶一,28,14,14,中國信託-忠孝,2023-05-18,6162
2312,金寶,15,1,14,中國信託-忠孝,2023-05-18,6162
1216,統一,14,0,14,中國信託-忠孝,2023-05-18,6162
2743,山富,22,8,14,中國信託-忠孝,2023-05-18,6162
5243,乙盛-KY,16,3,13,中國信託-忠孝,2023-05-18,6162
1810,和成,16,3,13,中國信託-忠孝,2023-05-18,6162
5381,合正,15,2,13,中國信託-忠孝,2023-05-18,6162
3596,智易,15,3,12,中國信託-忠孝,2023-05-18,6162
2453,凌群,36,24,12,中國信託-忠孝,2023-05-18,6162
2883B,凱基金乙特,12,0,12,中國信託-忠孝,2023-05-18,6162
2630,亞航,25,14,11,中國信託-忠孝,2023-05-18,6162
3027,盛達,14,3,11,中國信託-忠孝,2023-05-18,6162
3362,先進光,20,9,11,中國信託-忠孝,2023-05-18,6162
2406,國碩,11,0,11,中國信託-忠孝,2023-05-18,6162
2617,台航,11,0,11,中國信託-忠孝,2023-05-18,6162
2207,和泰車,18,7,11,中國信託-忠孝,2023-05-18,6162
3706,神達,11,0,11,中國信託-忠孝,2023-05-18,6162
4168,醣聯,10,0,10,中國信託-忠孝,2023-05-18,6162
2605,新興,10,0,10,中國信託-忠孝,2023-05-18,6162
3231,緯創,1280,50,1230,中國信託-忠孝,2023-05-19,6162
2891,中信金,1209,56,1153,中國信託-忠孝,2023-05-19,6162
00637L,元大滬深300正2,397,3,394,中國信託-忠孝,2023-05-19,6162
00665L,富邦�琤肭磪囓�2,266,0,266,中國信託-忠孝,2023-05-19,6162
2618,長榮航,471,213,258,中國信託-忠孝,2023-05-19,6162
0056,元大高股息,160,18,142,中國信託-忠孝,2023-05-19,6162
1711,永光,106,2,104,中國信託-忠孝,2023-05-19,6162
6282,康舒,174,75,99,中國信託-忠孝,2023-05-19,6162
00633L,富邦上証正2,93,0,93,中國信託-忠孝,2023-05-19,6162
1905,華紙,274,201,73,中國信託-忠孝,2023-05-19,6162
1529,樂事綠能,71,7,64,中國信託-忠孝,2023-05-19,6162
5009,榮剛,70,7,63,中國信託-忠孝,2023-05-19,6162
00632R,元大台灣50反1,61,0,61,中國信託-忠孝,2023-05-19,6162
8097,常珵,63,5,58,中國信託-忠孝,2023-05-19,6162
2323,中環,107,50,57,中國信託-忠孝,2023-05-19,6162
00720B,元大投資級公司債,55,1,54,中國信託-忠孝,2023-05-19,6162
2457,飛宏,103,52,51,中國信託-忠孝,2023-05-19,6162
3058,立德,58,7,51,中國信託-忠孝,2023-05-19,6162
00687B,國泰20年美債,48,0,48,中國信託-忠孝,2023-05-19,6162
2888,新光金,102,63,39,中國信託-忠孝,2023-05-19,6162
00679B,元大美債20年,39,0,39,中國信託-忠孝,2023-05-19,6162
00751B,元大AAA至A公司債,37,0,37,中國信託-忠孝,2023-05-19,6162
00795B,中信美國公債20年,35,0,35,中國信託-忠孝,2023-05-19,6162
3444,利機,46,11,35,中國信託-忠孝,2023-05-19,6162
00753L,中信中國50正2,32,0,32,中國信託-忠孝,2023-05-19,6162
2312,金寶,30,0,30,中國信託-忠孝,2023-05-19,6162
3006,晶豪科,29,0,29,中國信託-忠孝,2023-05-19,6162
8222,寶一,65,36,29,中國信託-忠孝,2023-05-19,6162
2382,廣達,94,66,28,中國信託-忠孝,2023-05-19,6162
1609,大亞,41,13,28,中國信託-忠孝,2023-05-19,6162
00882,中信中國高股息,26,0,26,中國信託-忠孝,2023-05-19,6162
8924,大田,26,0,26,中國信託-忠孝,2023-05-19,6162
1504,東元,77,51,26,中國信託-忠孝,2023-05-19,6162
2515,中工,25,0,25,中國信託-忠孝,2023-05-19,6162
2542,興富發,20,0,20,中國信託-忠孝,2023-05-19,6162
2883B,凱基金乙特,20,0,20,中國信託-忠孝,2023-05-19,6162
2206,三陽工業,45,26,19,中國信託-忠孝,2023-05-19,6162
00650L,復華香港正2,18,0,18,中國信託-忠孝,2023-05-19,6162
6112,邁達特,38,21,17,中國信託-忠孝,2023-05-19,6162
2520,冠德,16,0,16,中國信託-忠孝,2023-05-19,6162
3025,星通,26,10,16,中國信託-忠孝,2023-05-19,6162
3047,訊舟,16,0,16,中國信託-忠孝,2023-05-19,6162
1442,名軒,15,0,15,中國信託-忠孝,2023-05-19,6162
2102,泰豐,15,0,15,中國信託-忠孝,2023-05-19,6162
3483,力致,16,1,15,中國信託-忠孝,2023-05-19,6162
6188,廣明,45,30,15,中國信託-忠孝,2023-05-19,6162
2317,鴻海,16,2,14,中國信託-忠孝,2023-05-19,6162
00772B,中信高評級公司債,45,31,14,中國信託-忠孝,2023-05-19,6162
3022,威強電,25,11,14,中國信託-忠孝,2023-05-19,6162
6443,元晶,34,20,14,中國信託-忠孝,2023-05-19,6162
00637L,元大滬深300正2,417,27,390,中國信託-忠孝,2023-05-22,6162
2618,長榮航,690,383,307,中國信託-忠孝,2023-05-22,6162
2851,中再保,256,0,256,中國信託-忠孝,2023-05-22,6162
00713,元大台灣高息低波,176,4,172,中國信託-忠孝,2023-05-22,6162
00680L,元大美債20正2,157,0,157,中國信託-忠孝,2023-05-22,6162
2101,南港,156,0,156,中國信託-忠孝,2023-05-22,6162
00715L,期街口布蘭特正2,161,13,148,中國信託-忠孝,2023-05-22,6162
1101,台泥,147,2,145,中國信託-忠孝,2023-05-22,6162
6282,康舒,222,92,130,中國信託-忠孝,2023-05-22,6162
2615,萬海,103,3,100,中國信託-忠孝,2023-05-22,6162
2344,華邦電,272,174,98,中國信託-忠孝,2023-05-22,6162
2303,聯電,83,0,83,中國信託-忠孝,2023-05-22,6162
00795B,中信美國公債20年,77,0,77,中國信託-忠孝,2023-05-22,6162
8059,凱碩,76,0,76,中國信託-忠孝,2023-05-22,6162
3715,定穎投控,75,5,70,中國信託-忠孝,2023-05-22,6162
00712,復華富時不動產,68,3,65,中國信託-忠孝,2023-05-22,6162
8097,常珵,65,4,61,中國信託-忠孝,2023-05-22,6162
1529,樂事綠能,52,7,45,中國信託-忠孝,2023-05-22,6162
2208,台船,49,9,40,中國信託-忠孝,2023-05-22,6162
6188,廣明,467,432,35,中國信託-忠孝,2023-05-22,6162
2323,中環,34,0,34,中國信託-忠孝,2023-05-22,6162
00687B,國泰20年美債,33,0,33,中國信託-忠孝,2023-05-22,6162
4173,久裕,52,19,33,中國信託-忠孝,2023-05-22,6162
00720B,元大投資級公司債,36,3,33,中國信託-忠孝,2023-05-22,6162
8093,保銳,30,0,30,中國信託-忠孝,2023-05-22,6162
2883B,凱基金乙特,30,0,30,中國信託-忠孝,2023-05-22,6162
00751B,元大AAA至A公司債,30,0,30,中國信託-忠孝,2023-05-22,6162
00772B,中信高評級公司債,34,4,30,中國信託-忠孝,2023-05-22,6162
00688L,國泰20年美債正2,26,0,26,中國信託-忠孝,2023-05-22,6162
6461,益得,25,0,25,中國信託-忠孝,2023-05-22,6162
8440,綠電,23,0,23,中國信託-忠孝,2023-05-22,6162
3673,TPK-KY,26,4,22,中國信託-忠孝,2023-05-22,6162
00757,統一FANG+,21,0,21,中國信託-忠孝,2023-05-22,6162
3163,波若威,23,2,21,中國信託-忠孝,2023-05-22,6162
3231,緯創,54,33,21,中國信託-忠孝,2023-05-22,6162
8046,南電,29,8,21,中國信託-忠孝,2023-05-22,6162
8924,大田,21,1,20,中國信託-忠孝,2023-05-22,6162
1442,名軒,20,0,20,中國信託-忠孝,2023-05-22,6162
6874,倍力,21,1,20,中國信託-忠孝,2023-05-22,6162
2743,山富,20,0,20,中國信託-忠孝,2023-05-22,6162
1589,永冠-KY,34,14,20,中國信託-忠孝,2023-05-22,6162
1773,勝一,20,0,20,中國信託-忠孝,2023-05-22,6162
9944,新麗,20,0,20,中國信託-忠孝,2023-05-22,6162
00690,兆豐藍籌30,16,0,16,中國信託-忠孝,2023-05-22,6162
5871,中租-KY,17,1,16,中國信託-忠孝,2023-05-22,6162
9942,茂順,18,3,15,中國信託-忠孝,2023-05-22,6162
2534,宏盛,15,0,15,中國信託-忠孝,2023-05-22,6162
8996,高力,18,3,15,中國信託-忠孝,2023-05-22,6162
2442,新美齊,13,0,13,中國信託-忠孝,2023-05-22,6162
00882,中信中國高股息,12,0,12,中國信託-忠孝,2023-05-22,6162
00640L,富邦日本正2,322,0,322,中國信託-忠孝,2023-05-23,6162
6188,廣明,132,0,132,中國信託-忠孝,2023-05-23,6162
2897,王道銀行,103,0,103,中國信託-忠孝,2023-05-23,6162
00882,中信中國高股息,87,0,87,中國信託-忠孝,2023-05-23,6162
6282,康舒,147,61,86,中國信託-忠孝,2023-05-23,6162
00720B,元大投資級公司債,79,0,79,中國信託-忠孝,2023-05-23,6162
1319,東陽,80,1,79,中國信託-忠孝,2023-05-23,6162
8076,伍豐,84,13,71,中國信託-忠孝,2023-05-23,6162
00637L,元大滬深300正2,70,0,70,中國信託-忠孝,2023-05-23,6162
2344,華邦電,68,0,68,中國信託-忠孝,2023-05-23,6162
2409,友達,61,0,61,中國信託-忠孝,2023-05-23,6162
1455,集盛,60,0,60,中國信託-忠孝,2023-05-23,6162
00680L,元大美債20正2,55,0,55,中國信託-忠孝,2023-05-23,6162
2201,裕隆,61,8,53,中國信託-忠孝,2023-05-23,6162
9958,世紀鋼,52,0,52,中國信託-忠孝,2023-05-23,6162
2851,中再保,103,58,45,中國信託-忠孝,2023-05-23,6162
1513,中興電,62,20,42,中國信託-忠孝,2023-05-23,6162
00713,元大台灣高息低波,45,3,42,中國信託-忠孝,2023-05-23,6162
00795B,中信美國公債20年,41,0,41,中國信託-忠孝,2023-05-23,6162
00665L,富邦�琤肭磪囓�2,40,0,40,中國信託-忠孝,2023-05-23,6162
6285,啟��,32,1,31,中國信託-忠孝,2023-05-23,6162
2883B,凱基金乙特,30,0,30,中國信託-忠孝,2023-05-23,6162
4904,遠傳,30,0,30,中國信託-忠孝,2023-05-23,6162
3231,緯創,70,42,28,中國信託-忠孝,2023-05-23,6162
00772B,中信高評級公司債,46,20,26,中國信託-忠孝,2023-05-23,6162
00922,國泰台灣領袖50,31,5,26,中國信託-忠孝,2023-05-23,6162
00687B,國泰20年美債,25,0,25,中國信託-忠孝,2023-05-23,6162
6535,順藥,25,0,25,中國信託-忠孝,2023-05-23,6162
1101,台泥,26,2,24,中國信託-忠孝,2023-05-23,6162
1529,樂事綠能,35,11,24,中國信託-忠孝,2023-05-23,6162
4967,十銓,29,5,24,中國信託-忠孝,2023-05-23,6162
00923,群益台ESG低碳50,21,0,21,中國信託-忠孝,2023-05-23,6162
5488,松普,20,0,20,中國信託-忠孝,2023-05-23,6162
3682,亞太電,20,0,20,中國信託-忠孝,2023-05-23,6162
5512,力麒,181,161,20,中國信託-忠孝,2023-05-23,6162
3025,星通,22,2,20,中國信託-忠孝,2023-05-23,6162
00773B,中信優先金融債,20,0,20,中國信託-忠孝,2023-05-23,6162
2025,千興,20,0,20,中國信託-忠孝,2023-05-23,6162
5498,凱崴,20,0,20,中國信託-忠孝,2023-05-23,6162
00757,統一FANG+,20,0,20,中國信託-忠孝,2023-05-23,6162
00725B,國泰投資級公司債,19,0,19,中國信託-忠孝,2023-05-23,6162
3693,營邦,26,7,19,中國信託-忠孝,2023-05-23,6162
3481,群創,19,1,18,中國信託-忠孝,2023-05-23,6162
1528,恩德,24,6,18,中國信託-忠孝,2023-05-23,6162
8069,元太,23,5,18,中國信託-忠孝,2023-05-23,6162
2388,威盛,31,14,17,中國信託-忠孝,2023-05-23,6162
2603,長榮,17,1,16,中國信託-忠孝,2023-05-23,6162
6546,正基,17,1,16,中國信託-忠孝,2023-05-23,6162
2101,南港,15,0,15,中國信託-忠孝,2023-05-23,6162
2352,佳世達,16,1,15,中國信託-忠孝,2023-05-23,6162
00637L,元大滬深300正2,1887,1,1886,中國信託-忠孝,2023-05-24,6162
2331,精英,370,2,368,中國信託-忠孝,2023-05-24,6162
2851,中再保,208,0,208,中國信託-忠孝,2023-05-24,6162
00680L,元大美債20正2,100,0,100,中國信託-忠孝,2023-05-24,6162
3231,緯創,176,96,80,中國信託-忠孝,2023-05-24,6162
00665L,富邦�琤肭磪囓�2,75,0,75,中國信託-忠孝,2023-05-24,6162
00882,中信中國高股息,74,0,74,中國信託-忠孝,2023-05-24,6162
6188,廣明,72,0,72,中國信託-忠孝,2023-05-24,6162
2537,聯上發,70,0,70,中國信託-忠孝,2023-05-24,6162
00878,國泰永續高股息,119,51,68,中國信託-忠孝,2023-05-24,6162
1529,樂事綠能,76,12,64,中國信託-忠孝,2023-05-24,6162
2017,官田鋼,100,40,60,中國信託-忠孝,2023-05-24,6162
6589,台康生技,52,0,52,中國信託-忠孝,2023-05-24,6162
2834,臺企銀,50,0,50,中國信託-忠孝,2023-05-24,6162
5483,中美晶,50,2,48,中國信託-忠孝,2023-05-24,6162
4564,元翎,44,0,44,中國信託-忠孝,2023-05-24,6162
1608,華榮,105,61,44,中國信託-忠孝,2023-05-24,6162
2323,中環,115,72,43,中國信託-忠孝,2023-05-24,6162
3058,立德,39,0,39,中國信託-忠孝,2023-05-24,6162
00633L,富邦上証正2,51,15,36,中國信託-忠孝,2023-05-24,6162
6282,康舒,76,42,34,中國信託-忠孝,2023-05-24,6162
00712,復華富時不動產,34,2,32,中國信託-忠孝,2023-05-24,6162
3673,TPK-KY,30,0,30,中國信託-忠孝,2023-05-24,6162
5328,華容,30,1,29,中國信託-忠孝,2023-05-24,6162
3004,豐達科,30,1,29,中國信託-忠孝,2023-05-24,6162
5464,霖宏,45,17,28,中國信託-忠孝,2023-05-24,6162
00753L,中信中國50正2,28,0,28,中國信託-忠孝,2023-05-24,6162
3078,僑威,47,20,27,中國信託-忠孝,2023-05-24,6162
3701,大眾控,26,0,26,中國信託-忠孝,2023-05-24,6162
00650L,復華香港正2,25,0,25,中國信託-忠孝,2023-05-24,6162
8924,大田,24,0,24,中國信託-忠孝,2023-05-24,6162
2547,日勝生,24,0,24,中國信託-忠孝,2023-05-24,6162
1905,華紙,102,79,23,中國信託-忠孝,2023-05-24,6162
00773B,中信優先金融債,23,0,23,中國信託-忠孝,2023-05-24,6162
3419,譁裕,76,54,22,中國信託-忠孝,2023-05-24,6162
1340,勝悅-KY,20,0,20,中國信託-忠孝,2023-05-24,6162
2888,新光金,20,0,20,中國信託-忠孝,2023-05-24,6162
3545,敦泰,20,0,20,中國信託-忠孝,2023-05-24,6162
2365,昆盈,20,0,20,中國信託-忠孝,2023-05-24,6162
5009,榮剛,33,14,19,中國信託-忠孝,2023-05-24,6162
3617,碩天,50,32,18,中國信託-忠孝,2023-05-24,6162
1504,東元,21,4,17,中國信託-忠孝,2023-05-24,6162
00713,元大台灣高息低波,17,0,17,中國信託-忠孝,2023-05-24,6162
4129,聯合,16,0,16,中國信託-忠孝,2023-05-24,6162
3083,網龍,16,0,16,中國信託-忠孝,2023-05-24,6162
00795B,中信美國公債20年,16,0,16,中國信託-忠孝,2023-05-24,6162
6243,迅杰,19,3,16,中國信託-忠孝,2023-05-24,6162
2368,金像電,18,3,15,中國信託-忠孝,2023-05-24,6162
1528,恩德,15,0,15,中國信託-忠孝,2023-05-24,6162
5905,南仁湖,20,5,15,中國信託-忠孝,2023-05-24,6162
1460,宏遠,726,13,713,中國信託-忠孝,2023-05-25,6162
2618,長榮航,528,205,323,中國信託-忠孝,2023-05-25,6162
00637L,元大滬深300正2,349,91,258,中國信託-忠孝,2023-05-25,6162
6188,廣明,252,0,252,中國信託-忠孝,2023-05-25,6162
9802,鈺齊-KY,196,0,196,中國信託-忠孝,2023-05-25,6162
00882,中信中國高股息,164,4,160,中國信託-忠孝,2023-05-25,6162
1337,再生-KY,136,0,136,中國信託-忠孝,2023-05-25,6162
2701,萬企,107,1,106,中國信託-忠孝,2023-05-25,6162
5469,瀚宇博,110,6,104,中國信託-忠孝,2023-05-25,6162
00632R,元大台灣50反1,103,0,103,中國信託-忠孝,2023-05-25,6162
3005,神基,103,1,102,中國信託-忠孝,2023-05-25,6162
9946,三發地產,110,12,98,中國信託-忠孝,2023-05-25,6162
2201,裕隆,98,15,83,中國信託-忠孝,2023-05-25,6162
6191,精成科,94,13,81,中國信託-忠孝,2023-05-25,6162
3363,上詮,73,10,63,中國信託-忠孝,2023-05-25,6162
5512,力麒,60,0,60,中國信託-忠孝,2023-05-25,6162
00665L,富邦�琤肭磪囓�2,58,0,58,中國信託-忠孝,2023-05-25,6162
2834,臺企銀,51,0,51,中國信託-忠孝,2023-05-25,6162
2897,王道銀行,50,0,50,中國信託-忠孝,2023-05-25,6162
8940,新天地,44,0,44,中國信託-忠孝,2023-05-25,6162
00680L,元大美債20正2,44,0,44,中國信託-忠孝,2023-05-25,6162
00712,復華富時不動產,45,3,42,中國信託-忠孝,2023-05-25,6162
2845,遠東銀,41,0,41,中國信託-忠孝,2023-05-25,6162
2882,國泰金,40,0,40,中國信託-忠孝,2023-05-25,6162
2883,凱基金,37,0,37,中國信託-忠孝,2023-05-25,6162
00753L,中信中國50正2,44,8,36,中國信託-忠孝,2023-05-25,6162
2349,錸德,52,17,35,中國信託-忠孝,2023-05-25,6162
00713,元大台灣高息低波,37,3,34,中國信託-忠孝,2023-05-25,6162
00650L,復華香港正2,37,4,33,中國信託-忠孝,2023-05-25,6162
2812,台中銀,37,5,32,中國信託-忠孝,2023-05-25,6162
2753,八方雲集,31,0,31,中國信託-忠孝,2023-05-25,6162
2204,中華,42,11,31,中國信託-忠孝,2023-05-25,6162
6203,海韻電,30,0,30,中國信託-忠孝,2023-05-25,6162
2881,富邦金,32,3,29,中國信託-忠孝,2023-05-25,6162
00720B,元大投資級公司債,29,0,29,中國信託-忠孝,2023-05-25,6162
00687B,國泰20年美債,31,2,29,中國信託-忠孝,2023-05-25,6162
5876,上海商銀,29,0,29,中國信託-忠孝,2023-05-25,6162
00751B,元大AAA至A公司債,28,0,28,中國信託-忠孝,2023-05-25,6162
2603,長榮,25,1,24,中國信託-忠孝,2023-05-25,6162
2611,志信,28,5,23,中國信託-忠孝,2023-05-25,6162
4564,元翎,25,2,23,中國信託-忠孝,2023-05-25,6162
1529,樂事綠能,21,0,21,中國信託-忠孝,2023-05-25,6162
3006,晶豪科,23,2,21,中國信託-忠孝,2023-05-25,6162
2739,寒舍,23,2,21,中國信託-忠孝,2023-05-25,6162
2883B,凱基金乙特,20,0,20,中國信託-忠孝,2023-05-25,6162
3094,聯傑,20,0,20,中國信託-忠孝,2023-05-25,6162
8028,昇陽半導體,20,0,20,中國信託-忠孝,2023-05-25,6162
5880,合庫金,20,0,20,中國信託-忠孝,2023-05-25,6162
00772B,中信高評級公司債,20,2,18,中國信託-忠孝,2023-05-25,6162
2888,新光金,18,0,18,中國信託-忠孝,2023-05-25,6162
3231,緯創,779,470,309,中國信託-忠孝,2023-05-26,6162
2610,華航,485,182,303,中國信託-忠孝,2023-05-26,6162
2701,萬企,150,0,150,中國信託-忠孝,2023-05-26,6162
00637L,元大滬深300正2,237,105,132,中國信託-忠孝,2023-05-26,6162
00715L,期街口布蘭特正2,115,0,115,中國信託-忠孝,2023-05-26,6162
2515,中工,100,0,100,中國信託-忠孝,2023-05-26,6162
2421,建準,174,82,92,中國信託-忠孝,2023-05-26,6162
00712,復華富時不動產,87,6,81,中國信託-忠孝,2023-05-26,6162
3017,奇鋐,113,38,75,中國信託-忠孝,2023-05-26,6162
00713,元大台灣高息低波,75,7,68,中國信託-忠孝,2023-05-26,6162
2331,精英,73,7,66,中國信託-忠孝,2023-05-26,6162
6026,福邦證,58,0,58,中國信託-忠孝,2023-05-26,6162
00665L,富邦�琤肭磪囓�2,56,0,56,中國信託-忠孝,2023-05-26,6162
00882,中信中國高股息,56,3,53,中國信託-忠孝,2023-05-26,6162
1460,宏遠,60,9,51,中國信託-忠孝,2023-05-26,6162
1459,聯發,50,0,50,中國信託-忠孝,2023-05-26,6162
2897,王道銀行,50,0,50,中國信託-忠孝,2023-05-26,6162
5213,亞昕,75,25,50,中國信託-忠孝,2023-05-26,6162
2449,京元電子,62,18,44,中國信託-忠孝,2023-05-26,6162
2884,玉山金,46,4,42,中國信託-忠孝,2023-05-26,6162
2368,金像電,79,48,31,中國信託-忠孝,2023-05-26,6162
00795B,中信美國公債20年,30,0,30,中國信託-忠孝,2023-05-26,6162
00687B,國泰20年美債,30,0,30,中國信託-忠孝,2023-05-26,6162
2376,技嘉,86,56,30,中國信託-忠孝,2023-05-26,6162
00720B,元大投資級公司債,30,1,29,中國信託-忠孝,2023-05-26,6162
5706,鳳凰,49,20,29,中國信託-忠孝,2023-05-26,6162
2382,廣達,60,31,29,中國信託-忠孝,2023-05-26,6162
2356,英業達,57,29,28,中國信託-忠孝,2023-05-26,6162
3207,耀勝,25,0,25,中國信託-忠孝,2023-05-26,6162
4938,和碩,32,8,24,中國信託-忠孝,2023-05-26,6162
00773B,中信優先金融債,23,0,23,中國信託-忠孝,2023-05-26,6162
2442,新美齊,22,0,22,中國信託-忠孝,2023-05-26,6162
8085,福華,22,1,21,中國信託-忠孝,2023-05-26,6162
1313,聯成,21,0,21,中國信託-忠孝,2023-05-26,6162
6405,悅城,20,0,20,中國信託-忠孝,2023-05-26,6162
1316,上曜,20,0,20,中國信託-忠孝,2023-05-26,6162
1618,合機,20,0,20,中國信託-忠孝,2023-05-26,6162
3189,景碩,23,3,20,中國信託-忠孝,2023-05-26,6162
5531,鄉林,19,0,19,中國信託-忠孝,2023-05-26,6162
3715,定穎投控,23,4,19,中國信託-忠孝,2023-05-26,6162
3682,亞太電,20,1,19,中國信託-忠孝,2023-05-26,6162
00679B,元大美債20年,29,10,19,中國信託-忠孝,2023-05-26,6162
8028,昇陽半導體,20,2,18,中國信託-忠孝,2023-05-26,6162
3004,豐達科,20,3,17,中國信託-忠孝,2023-05-26,6162
1340,勝悅-KY,17,0,17,中國信託-忠孝,2023-05-26,6162
3037,欣興,99,82,17,中國信託-忠孝,2023-05-26,6162
1101,台泥,19,3,16,中國信託-忠孝,2023-05-26,6162
1589,永冠-KY,22,6,16,中國信託-忠孝,2023-05-26,6162
2457,飛宏,34,18,16,中國信託-忠孝,2023-05-26,6162
3308,聯德,15,0,15,中國信託-忠孝,2023-05-26,6162
2610,華航,1361,858,503,中國信託-忠孝,2023-05-29,6162
0056,元大高股息,276,16,260,中國信託-忠孝,2023-05-29,6162
00753L,中信中國50正2,215,0,215,中國信託-忠孝,2023-05-29,6162
00637L,元大滬深300正2,205,4,201,中國信託-忠孝,2023-05-29,6162
00885,富邦越南,203,5,198,中國信託-忠孝,2023-05-29,6162
2015,豐興,150,0,150,中國信託-忠孝,2023-05-29,6162
2331,精英,122,7,115,中國信託-忠孝,2023-05-29,6162
2883,凱基金,108,3,105,中國信託-忠孝,2023-05-29,6162
2887,台新金,103,3,100,中國信託-忠孝,2023-05-29,6162
6188,廣明,102,3,99,中國信託-忠孝,2023-05-29,6162
2442,新美齊,96,0,96,中國信託-忠孝,2023-05-29,6162
3231,緯創,285,203,82,中國信託-忠孝,2023-05-29,6162
8097,常珵,59,0,59,中國信託-忠孝,2023-05-29,6162
6214,精誠,65,7,58,中國信託-忠孝,2023-05-29,6162
00671R,富邦NASDAQ反1,56,0,56,中國信託-忠孝,2023-05-29,6162
3202,樺晟,93,38,55,中國信託-忠孝,2023-05-29,6162
2609,陽明,64,12,52,中國信託-忠孝,2023-05-29,6162
1589,永冠-KY,52,8,44,中國信託-忠孝,2023-05-29,6162
4979,華星光,71,29,42,中國信託-忠孝,2023-05-29,6162
3693,營邦,43,2,41,中國信託-忠孝,2023-05-29,6162
4121,優盛,40,0,40,中國信託-忠孝,2023-05-29,6162
00882,中信中國高股息,42,5,37,中國信託-忠孝,2023-05-29,6162
2206,三陽工業,51,16,35,中國信託-忠孝,2023-05-29,6162
6244,茂迪,41,6,35,中國信託-忠孝,2023-05-29,6162
5498,凱崴,35,3,32,中國信託-忠孝,2023-05-29,6162
2883B,凱基金乙特,30,0,30,中國信託-忠孝,2023-05-29,6162
2387,精元,30,0,30,中國信託-忠孝,2023-05-29,6162
00679B,元大美債20年,31,1,30,中國信託-忠孝,2023-05-29,6162
00690,兆豐藍籌30,28,0,28,中國信託-忠孝,2023-05-29,6162
00751B,元大AAA至A公司債,27,0,27,中國信託-忠孝,2023-05-29,6162
00773B,中信優先金融債,25,0,25,中國信託-忠孝,2023-05-29,6162
5213,亞昕,25,0,25,中國信託-忠孝,2023-05-29,6162
2337,旺宏,40,17,23,中國信託-忠孝,2023-05-29,6162
00713,元大台灣高息低波,24,2,22,中國信託-忠孝,2023-05-29,6162
6461,益得,22,0,22,中國信託-忠孝,2023-05-29,6162
1337,再生-KY,21,0,21,中國信託-忠孝,2023-05-29,6162
4968,立積,43,23,20,中國信託-忠孝,2023-05-29,6162
1101,台泥,22,2,20,中國信託-忠孝,2023-05-29,6162
8069,元太,37,17,20,中國信託-忠孝,2023-05-29,6162
3169,亞信,20,0,20,中國信託-忠孝,2023-05-29,6162
1535,中宇,20,0,20,中國信託-忠孝,2023-05-29,6162
00904,新光臺灣半導體30,20,0,20,中國信託-忠孝,2023-05-29,6162
5269,祥碩,20,2,18,中國信託-忠孝,2023-05-29,6162
00752,中信中國50,19,1,18,中國信託-忠孝,2023-05-29,6162
8996,高力,49,32,17,中國信託-忠孝,2023-05-29,6162
00687B,國泰20年美債,16,0,16,中國信託-忠孝,2023-05-29,6162
2349,錸德,16,0,16,中國信託-忠孝,2023-05-29,6162
3083,網龍,15,0,15,中國信託-忠孝,2023-05-29,6162
1513,中興電,24,9,15,中國信託-忠孝,2023-05-29,6162
00720B,元大投資級公司債,14,0,14,中國信託-忠孝,2023-05-29,6162
00637L,元大滬深300正2,1065,2,1063,中國信託-忠孝,2023-05-30,6162
2610,華航,1742,1261,481,中國信託-忠孝,2023-05-30,6162
2201,裕隆,230,118,112,中國信託-忠孝,2023-05-30,6162
5498,凱崴,110,1,109,中國信託-忠孝,2023-05-30,6162
00882,中信中國高股息,105,1,104,中國信託-忠孝,2023-05-30,6162
00632R,元大台灣50反1,110,8,102,中國信託-忠孝,2023-05-30,6162
1460,宏遠,101,2,99,中國信託-忠孝,2023-05-30,6162
2382,廣達,139,52,87,中國信託-忠孝,2023-05-30,6162
2323,中環,82,3,79,中國信託-忠孝,2023-05-30,6162
2101,南港,86,16,70,中國信託-忠孝,2023-05-30,6162
00665L,富邦�琤肭磪囓�2,60,0,60,中國信託-忠孝,2023-05-30,6162
1907,永豐餘,73,18,55,中國信託-忠孝,2023-05-30,6162
2801,彰銀,50,0,50,中國信託-忠孝,2023-05-30,6162
00715L,期街口布蘭特正2,48,6,42,中國信託-忠孝,2023-05-30,6162
1337,再生-KY,36,0,36,中國信託-忠孝,2023-05-30,6162
3032,偉訓,42,7,35,中國信託-忠孝,2023-05-30,6162
00679B,元大美債20年,43,10,33,中國信託-忠孝,2023-05-30,6162
3041,揚智,31,1,30,中國信託-忠孝,2023-05-30,6162
2515,中工,30,0,30,中國信託-忠孝,2023-05-30,6162
3321,同泰,30,0,30,中國信託-忠孝,2023-05-30,6162
2449,京元電子,86,60,26,中國信託-忠孝,2023-05-30,6162
2867,三商壽,25,0,25,中國信託-忠孝,2023-05-30,6162
2409,友達,25,0,25,中國信託-忠孝,2023-05-30,6162
5439,高技,26,3,23,中國信託-忠孝,2023-05-30,6162
2455,全新,22,0,22,中國信託-忠孝,2023-05-30,6162
1513,中興電,24,2,22,中國信託-忠孝,2023-05-30,6162
3149,正達,22,0,22,中國信託-忠孝,2023-05-30,6162
4564,元翎,26,5,21,中國信託-忠孝,2023-05-30,6162
00753L,中信中國50正2,21,0,21,中國信託-忠孝,2023-05-30,6162
00893,國泰智能電動車,39,19,20,中國信託-忠孝,2023-05-30,6162
00850,元大臺灣ESG永續,20,0,20,中國信託-忠孝,2023-05-30,6162
5225,東科-KY,20,0,20,中國信託-忠孝,2023-05-30,6162
2352,佳世達,26,6,20,中國信託-忠孝,2023-05-30,6162
3308,聯德,20,0,20,中國信託-忠孝,2023-05-30,6162
2102,泰豐,23,3,20,中國信託-忠孝,2023-05-30,6162
3058,立德,20,0,20,中國信託-忠孝,2023-05-30,6162
2442,新美齊,20,0,20,中國信託-忠孝,2023-05-30,6162
00897,富邦基因免疫生技,20,0,20,中國信託-忠孝,2023-05-30,6162
00878,國泰永續高股息,69,50,19,中國信託-忠孝,2023-05-30,6162
00922,國泰台灣領袖50,20,1,19,中國信託-忠孝,2023-05-30,6162
00650L,復華香港正2,18,0,18,中國信託-忠孝,2023-05-30,6162
6443,元晶,41,24,17,中國信託-忠孝,2023-05-30,6162
2603,長榮,25,9,16,中國信託-忠孝,2023-05-30,6162
3163,波若威,19,3,16,中國信託-忠孝,2023-05-30,6162
2324,仁寶,17,2,15,中國信託-忠孝,2023-05-30,6162
4916,事欣科,15,0,15,中國信託-忠孝,2023-05-30,6162
5328,華容,15,0,15,中國信託-忠孝,2023-05-30,6162
8033,雷虎,21,6,15,中國信託-忠孝,2023-05-30,6162
6282,康舒,24,10,14,中國信託-忠孝,2023-05-30,6162
3028,增你強,14,0,14,中國信託-忠孝,2023-05-30,6162
2610,華航,1251,98,1153,中國信託-忠孝,2023-05-31,6162
00637L,元大滬深300正2,955,0,955,中國信託-忠孝,2023-05-31,6162
00715L,期街口布蘭特正2,206,1,205,中國信託-忠孝,2023-05-31,6162
1314,中石化,200,0,200,中國信託-忠孝,2023-05-31,6162
00632R,元大台灣50反1,147,20,127,中國信託-忠孝,2023-05-31,6162
2409,友達,103,2,101,中國信託-忠孝,2023-05-31,6162
6451,訊芯-KY,97,1,96,中國信託-忠孝,2023-05-31,6162
3231,緯創,216,125,91,中國信託-忠孝,2023-05-31,6162
2845,遠東銀,82,0,82,中國信託-忠孝,2023-05-31,6162
2206,三陽工業,124,54,70,中國信託-忠孝,2023-05-31,6162
5213,亞昕,109,42,67,中國信託-忠孝,2023-05-31,6162
2883B,凱基金乙特,64,0,64,中國信託-忠孝,2023-05-31,6162
2201,裕隆,81,21,60,中國信託-忠孝,2023-05-31,6162
2609,陽明,60,2,58,中國信託-忠孝,2023-05-31,6162
00882,中信中國高股息,61,5,56,中國信託-忠孝,2023-05-31,6162
0056,元大高股息,59,9,50,中國信託-忠孝,2023-05-31,6162
8048,德勝,46,0,46,中國信託-忠孝,2023-05-31,6162
1514,亞力,42,3,39,中國信託-忠孝,2023-05-31,6162
2455,全新,46,7,39,中國信託-忠孝,2023-05-31,6162
4121,優盛,37,0,37,中國信託-忠孝,2023-05-31,6162
2915,潤泰全,34,0,34,中國信託-忠孝,2023-05-31,6162
00878,國泰永續高股息,38,4,34,中國信託-忠孝,2023-05-31,6162
00713,元大台灣高息低波,34,5,29,中國信託-忠孝,2023-05-31,6162
3058,立德,30,1,29,中國信託-忠孝,2023-05-31,6162
1907,永豐餘,29,0,29,中國信託-忠孝,2023-05-31,6162
2352,佳世達,37,8,29,中國信託-忠孝,2023-05-31,6162
6026,福邦證,25,0,25,中國信託-忠孝,2023-05-31,6162
00850,元大臺灣ESG永續,24,0,24,中國信託-忠孝,2023-05-31,6162
3290,東浦,25,1,24,中國信託-忠孝,2023-05-31,6162
3083,網龍,25,1,24,中國信託-忠孝,2023-05-31,6162
6274,台燿,28,4,24,中國信託-忠孝,2023-05-31,6162
3037,欣興,27,4,23,中國信託-忠孝,2023-05-31,6162
2330,台積電,50,28,22,中國信託-忠孝,2023-05-31,6162
3017,奇鋐,21,1,20,中國信託-忠孝,2023-05-31,6162
2387,精元,20,0,20,中國信託-忠孝,2023-05-31,6162
00665L,富邦�琤肭磪囓�2,19,0,19,中國信託-忠孝,2023-05-31,6162
2617,台航,19,0,19,中國信託-忠孝,2023-05-31,6162
8086,宏捷科,20,1,19,中國信託-忠孝,2023-05-31,6162
2317,鴻海,25,8,17,中國信託-忠孝,2023-05-31,6162
00679B,元大美債20年,17,1,16,中國信託-忠孝,2023-05-31,6162
00720B,元大投資級公司債,16,0,16,中國信託-忠孝,2023-05-31,6162
00753L,中信中國50正2,26,10,16,中國信託-忠孝,2023-05-31,6162
3162,精確,15,0,15,中國信託-忠孝,2023-05-31,6162
3321,同泰,15,0,15,中國信託-忠孝,2023-05-31,6162
2371,大同,55,40,15,中國信託-忠孝,2023-05-31,6162
3025,星通,23,8,15,中國信託-忠孝,2023-05-31,6162
3483,力致,15,0,15,中國信託-忠孝,2023-05-31,6162
2887,台新金,20,5,15,中國信託-忠孝,2023-05-31,6162
6111,大宇資,17,3,14,中國信託-忠孝,2023-05-31,6162
3306,鼎天,14,0,14,中國信託-忠孝,2023-05-31,6162
2610,華航,4581,3871,710,中國信託-忠孝,2023-06-01,6162
2317,鴻海,422,17,405,中國信託-忠孝,2023-06-01,6162
00715L,期街口布蘭特正2,165,0,165,中國信託-忠孝,2023-06-01,6162
2897,王道銀行,150,0,150,中國信託-忠孝,2023-06-01,6162
00642U,期元大S＆P石油,129,0,129,中國信託-忠孝,2023-06-01,6162
2615,萬海,102,1,101,中國信託-忠孝,2023-06-01,6162
6177,達麗,90,0,90,中國信託-忠孝,2023-06-01,6162
2303,聯電,92,17,75,中國信託-忠孝,2023-06-01,6162
9802,鈺齊-KY,83,9,74,中國信託-忠孝,2023-06-01,6162
4747,強生,71,0,71,中國信託-忠孝,2023-06-01,6162
3044,健鼎,73,9,64,中國信託-忠孝,2023-06-01,6162
2442,新美齊,63,0,63,中國信託-忠孝,2023-06-01,6162
4994,傳奇,65,3,62,中國信託-忠孝,2023-06-01,6162
00878,國泰永續高股息,73,13,60,中國信託-忠孝,2023-06-01,6162
00894,中信小資高價30,60,0,60,中國信託-忠孝,2023-06-01,6162
2915,潤泰全,59,0,59,中國信託-忠孝,2023-06-01,6162
2883B,凱基金乙特,56,0,56,中國信託-忠孝,2023-06-01,6162
2102,泰豐,52,0,52,中國信託-忠孝,2023-06-01,6162
6188,廣明,78,28,50,中國信託-忠孝,2023-06-01,6162
00631L,元大台灣50正2,50,0,50,中國信託-忠孝,2023-06-01,6162
1460,宏遠,43,0,43,中國信託-忠孝,2023-06-01,6162
6122,擎邦,81,40,41,中國信託-忠孝,2023-06-01,6162
1513,中興電,51,11,40,中國信託-忠孝,2023-06-01,6162
4763,材料-KY,45,8,37,中國信託-忠孝,2023-06-01,6162
2630,亞航,53,20,33,中國信託-忠孝,2023-06-01,6162
00882,中信中國高股息,33,1,32,中國信託-忠孝,2023-06-01,6162
00772B,中信高評級公司債,32,0,32,中國信託-忠孝,2023-06-01,6162
4564,元翎,96,65,31,中國信託-忠孝,2023-06-01,6162
5498,凱崴,30,0,30,中國信託-忠孝,2023-06-01,6162
6691,洋基工程,29,0,29,中國信託-忠孝,2023-06-01,6162
1337,再生-KY,28,0,28,中國信託-忠孝,2023-06-01,6162
00632R,元大台灣50反1,41,14,27,中國信託-忠孝,2023-06-01,6162
1529,樂事綠能,42,15,27,中國信託-忠孝,2023-06-01,6162
2890,永豐金,27,1,26,中國信託-忠孝,2023-06-01,6162
2201,裕隆,75,49,26,中國信託-忠孝,2023-06-01,6162
3287,廣寰科,33,8,25,中國信託-忠孝,2023-06-01,6162
00688L,國泰20年美債正2,25,0,25,中國信託-忠孝,2023-06-01,6162
2427,三商電,26,1,25,中國信託-忠孝,2023-06-01,6162
2603,長榮,26,3,23,中國信託-忠孝,2023-06-01,6162
1535,中宇,23,0,23,中國信託-忠孝,2023-06-01,6162
3011,今皓,22,0,22,中國信託-忠孝,2023-06-01,6162
3362,先進光,40,18,22,中國信託-忠孝,2023-06-01,6162
6282,康舒,80,59,21,中國信託-忠孝,2023-06-01,6162
6806,森崴能源,23,2,21,中國信託-忠孝,2023-06-01,6162
2301,光寶科,21,0,21,中國信託-忠孝,2023-06-01,6162
6116,彩晶,20,0,20,中國信託-忠孝,2023-06-01,6162
00751B,元大AAA至A公司債,19,0,19,中國信託-忠孝,2023-06-01,6162
6443,元晶,24,5,19,中國信託-忠孝,2023-06-01,6162
6026,福邦證,20,1,19,中國信託-忠孝,2023-06-01,6162
3540,曜越,20,2,18,中國信託-忠孝,2023-06-01,6162
2382,廣達,569,59,510,中國信託-忠孝,2023-06-02,6162
1717,長興,482,1,481,中國信託-忠孝,2023-06-02,6162
2317,鴻海,414,19,395,中國信託-忠孝,2023-06-02,6162
2610,華航,2357,2004,353,中國信託-忠孝,2023-06-02,6162
00706L,期元大S＆P日圓正2,208,0,208,中國信託-忠孝,2023-06-02,6162
2344,華邦電,308,150,158,中國信託-忠孝,2023-06-02,6162
0056,元大高股息,185,31,154,中國信託-忠孝,2023-06-02,6162
3231,緯創,732,591,141,中國信託-忠孝,2023-06-02,6162
6188,廣明,163,36,127,中國信託-忠孝,2023-06-02,6162
2376,技嘉,142,30,112,中國信託-忠孝,2023-06-02,6162
2897,王道銀行,105,6,99,中國信託-忠孝,2023-06-02,6162
6584,南俊國際,99,0,99,中國信託-忠孝,2023-06-02,6162
1905,華紙,138,41,97,中國信託-忠孝,2023-06-02,6162
1734,杏輝,93,1,92,中國信託-忠孝,2023-06-02,6162
2323,中環,133,58,75,中國信託-忠孝,2023-06-02,6162
2406,國碩,61,0,61,中國信託-忠孝,2023-06-02,6162
00632R,元大台灣50反1,128,75,53,中國信託-忠孝,2023-06-02,6162
00751B,元大AAA至A公司債,53,1,52,中國信託-忠孝,2023-06-02,6162
2615,萬海,50,0,50,中國信託-忠孝,2023-06-02,6162
2101,南港,50,0,50,中國信託-忠孝,2023-06-02,6162
3047,訊舟,101,55,46,中國信託-忠孝,2023-06-02,6162
6214,精誠,62,16,46,中國信託-忠孝,2023-06-02,6162
00882,中信中國高股息,45,0,45,中國信託-忠孝,2023-06-02,6162
00919,群益台灣精選高息,45,1,44,中國信託-忠孝,2023-06-02,6162
2206,三陽工業,89,46,43,中國信託-忠孝,2023-06-02,6162
3293,鈊象,51,11,40,中國信託-忠孝,2023-06-02,6162
2312,金寶,38,1,37,中國信託-忠孝,2023-06-02,6162
2313,華通,36,0,36,中國信託-忠孝,2023-06-02,6162
6026,福邦證,34,0,34,中國信託-忠孝,2023-06-02,6162
2630,亞航,61,28,33,中國信託-忠孝,2023-06-02,6162
2337,旺宏,85,52,33,中國信託-忠孝,2023-06-02,6162
2887,台新金,31,1,30,中國信託-忠孝,2023-06-02,6162
3706,神達,83,54,29,中國信託-忠孝,2023-06-02,6162
3591,艾笛森,29,2,27,中國信託-忠孝,2023-06-02,6162
2883,凱基金,26,2,24,中國信託-忠孝,2023-06-02,6162
5439,高技,24,0,24,中國信託-忠孝,2023-06-02,6162
2356,英業達,58,36,22,中國信託-忠孝,2023-06-02,6162
2102,泰豐,22,0,22,中國信託-忠孝,2023-06-02,6162
6243,迅杰,24,2,22,中國信託-忠孝,2023-06-02,6162
2548,華固,21,0,21,中國信託-忠孝,2023-06-02,6162
2332,友訊,22,1,21,中國信託-忠孝,2023-06-02,6162
2883B,凱基金乙特,21,0,21,中國信託-忠孝,2023-06-02,6162
5876,上海商銀,21,0,21,中國信託-忠孝,2023-06-02,6162
4974,亞泰,20,0,20,中國信託-忠孝,2023-06-02,6162
1504,東元,72,52,20,中國信託-忠孝,2023-06-02,6162
2482,連宇,29,9,20,中國信託-忠孝,2023-06-02,6162
1589,永冠-KY,20,0,20,中國信託-忠孝,2023-06-02,6162
3003,健和興,23,3,20,中國信託-忠孝,2023-06-02,6162
2427,三商電,33,14,19,中國信託-忠孝,2023-06-02,6162
2371,大同,36,17,19,中國信託-忠孝,2023-06-02,6162
00637L,元大滬深300正2,542,0,542,中國信託-忠孝,2023-06-05,6162
00893,國泰智能電動車,132,4,128,中國信託-忠孝,2023-06-05,6162
1717,長興,124,3,121,中國信託-忠孝,2023-06-05,6162
00640L,富邦日本正2,160,40,120,中國信託-忠孝,2023-06-05,6162
2610,華航,178,70,108,中國信託-忠孝,2023-06-05,6162
1529,樂事綠能,114,9,105,中國信託-忠孝,2023-06-05,6162
00919,群益台灣精選高息,111,20,91,中國信託-忠孝,2023-06-05,6162
8097,常珵,85,0,85,中國信託-忠孝,2023-06-05,6162
1907,永豐餘,101,17,84,中國信託-忠孝,2023-06-05,6162
00673R,期元大S＆P原油反1,72,0,72,中國信託-忠孝,2023-06-05,6162
00680L,元大美債20正2,77,10,67,中國信託-忠孝,2023-06-05,6162
2376,技嘉,92,28,64,中國信託-忠孝,2023-06-05,6162
006205,富邦上証,60,0,60,中國信託-忠孝,2023-06-05,6162
2344,華邦電,136,78,58,中國信託-忠孝,2023-06-05,6162
00713,元大台灣高息低波,57,1,56,中國信託-忠孝,2023-06-05,6162
5328,華容,52,1,51,中國信託-忠孝,2023-06-05,6162
00878,國泰永續高股息,65,18,47,中國信託-忠孝,2023-06-05,6162
5213,亞昕,45,0,45,中國信託-忠孝,2023-06-05,6162
6548,長科*,45,1,44,中國信託-忠孝,2023-06-05,6162
2888,新光金,232,188,44,中國信託-忠孝,2023-06-05,6162
2102,泰豐,41,0,41,中國信託-忠孝,2023-06-05,6162
0056,元大高股息,51,10,41,中國信託-忠孝,2023-06-05,6162
2883,凱基金,73,33,40,中國信託-忠孝,2023-06-05,6162
1711,永光,79,39,40,中國信託-忠孝,2023-06-05,6162
1513,中興電,64,25,39,中國信託-忠孝,2023-06-05,6162
00882,中信中國高股息,51,12,39,中國信託-忠孝,2023-06-05,6162
2834,臺企銀,43,6,37,中國信託-忠孝,2023-06-05,6162
6015,宏遠證,37,1,36,中國信託-忠孝,2023-06-05,6162
3625,西勝,38,2,36,中國信託-忠孝,2023-06-05,6162
2337,旺宏,36,2,34,中國信託-忠孝,2023-06-05,6162
2427,三商電,39,8,31,中國信託-忠孝,2023-06-05,6162
6282,康舒,71,40,31,中國信託-忠孝,2023-06-05,6162
2353,宏��,34,4,30,中國信託-忠孝,2023-06-05,6162
1714,和桐,30,0,30,中國信託-忠孝,2023-06-05,6162
00795B,中信美國公債20年,28,0,28,中國信託-忠孝,2023-06-05,6162
6274,台燿,28,1,27,中國信託-忠孝,2023-06-05,6162
2313,華通,26,0,26,中國信託-忠孝,2023-06-05,6162
2204,中華,25,0,25,中國信託-忠孝,2023-06-05,6162
00850,元大臺灣ESG永續,24,0,24,中國信託-忠孝,2023-06-05,6162
2382,廣達,48,25,23,中國信託-忠孝,2023-06-05,6162
8069,元太,27,5,22,中國信託-忠孝,2023-06-05,6162
1342,八貫,21,0,21,中國信託-忠孝,2023-06-05,6162
3131,弘塑,25,4,21,中國信託-忠孝,2023-06-05,6162
2014,中鴻,25,4,21,中國信託-忠孝,2023-06-05,6162
2603,長榮,25,5,20,中國信託-忠孝,2023-06-05,6162
00753L,中信中國50正2,21,1,20,中國信託-忠孝,2023-06-05,6162
9945,潤泰新,21,1,20,中國信託-忠孝,2023-06-05,6162
2634,漢翔,62,43,19,中國信託-忠孝,2023-06-05,6162
00679B,元大美債20年,35,16,19,中國信託-忠孝,2023-06-05,6162
3260,威剛,23,5,18,中國信託-忠孝,2023-06-05,6162
2855,統一證,600,0,600,中國信託-忠孝,2023-06-06,6162
00713,元大台灣高息低波,235,1,234,中國信託-忠孝,2023-06-06,6162
5439,高技,132,0,132,中國信託-忠孝,2023-06-06,6162
2406,國碩,136,10,126,中國信託-忠孝,2023-06-06,6162
2897,王道銀行,100,0,100,中國信託-忠孝,2023-06-06,6162
00671R,富邦NASDAQ反1,100,0,100,中國信託-忠孝,2023-06-06,6162
2618,長榮航,315,217,98,中國信託-忠孝,2023-06-06,6162
1603,華電,98,4,94,中國信託-忠孝,2023-06-06,6162
2344,華邦電,194,104,90,中國信託-忠孝,2023-06-06,6162
2427,三商電,192,102,90,中國信託-忠孝,2023-06-06,6162
2706,第一店,97,13,84,中國信託-忠孝,2023-06-06,6162
00927,群益半導體收益,75,0,75,中國信託-忠孝,2023-06-06,6162
2402,毅嘉,110,40,70,中國信託-忠孝,2023-06-06,6162
5498,凱崴,70,0,70,中國信託-忠孝,2023-06-06,6162
1605,華新,73,14,59,中國信託-忠孝,2023-06-06,6162
00673R,期元大S＆P原油反1,58,0,58,中國信託-忠孝,2023-06-06,6162
6026,福邦證,56,0,56,中國信託-忠孝,2023-06-06,6162
5213,亞昕,55,0,55,中國信託-忠孝,2023-06-06,6162
5864,致和證,54,2,52,中國信託-忠孝,2023-06-06,6162
00680L,元大美債20正2,52,0,52,中國信託-忠孝,2023-06-06,6162
00679B,元大美債20年,47,0,47,中國信託-忠孝,2023-06-06,6162
4979,華星光,75,28,47,中國信託-忠孝,2023-06-06,6162
2888,新光金,126,80,46,中國信託-忠孝,2023-06-06,6162
0056,元大高股息,95,51,44,中國信託-忠孝,2023-06-06,6162
2461,光群雷,64,22,42,中國信託-忠孝,2023-06-06,6162
00773B,中信優先金融債,38,0,38,中國信託-忠孝,2023-06-06,6162
2634,漢翔,41,5,36,中國信託-忠孝,2023-06-06,6162
9945,潤泰新,34,0,34,中國信託-忠孝,2023-06-06,6162
2353,宏��,39,8,31,中國信託-忠孝,2023-06-06,6162
2317,鴻海,33,4,29,中國信託-忠孝,2023-06-06,6162
00720B,元大投資級公司債,29,0,29,中國信託-忠孝,2023-06-06,6162
2102,泰豐,29,0,29,中國信託-忠孝,2023-06-06,6162
6187,萬潤,27,2,25,中國信託-忠孝,2023-06-06,6162
2498,宏達電,58,33,25,中國信託-忠孝,2023-06-06,6162
1815,富喬,38,14,24,中國信託-忠孝,2023-06-06,6162
6244,茂迪,27,3,24,中國信託-忠孝,2023-06-06,6162
2399,映泰,30,8,22,中國信託-忠孝,2023-06-06,6162
00919,群益台灣精選高息,22,0,22,中國信託-忠孝,2023-06-06,6162
1806,冠軍,27,5,22,中國信託-忠孝,2023-06-06,6162
2027,大成鋼,21,0,21,中國信託-忠孝,2023-06-06,6162
3078,僑威,93,73,20,中國信託-忠孝,2023-06-06,6162
5009,榮剛,20,0,20,中國信託-忠孝,2023-06-06,6162
006205,富邦上証,20,0,20,中國信託-忠孝,2023-06-06,6162
9110,越南控-DR,20,0,20,中國信託-忠孝,2023-06-06,6162
6584,南俊國際,19,0,19,中國信託-忠孝,2023-06-06,6162
1528,恩德,22,3,19,中國信託-忠孝,2023-06-06,6162
00772B,中信高評級公司債,18,0,18,中國信託-忠孝,2023-06-06,6162
3324,雙鴻,22,5,17,中國信託-忠孝,2023-06-06,6162
9919,康那香,16,0,16,中國信託-忠孝,2023-06-06,6162
1513,中興電,24,8,16,中國信託-忠孝,2023-06-06,6162
6592,和潤企業,182,14,168,中國信託-忠孝,2023-06-07,6162
2317,鴻海,174,12,162,中國信託-忠孝,2023-06-07,6162
1907,永豐餘,168,14,154,中國信託-忠孝,2023-06-07,6162
2427,三商電,177,29,148,中國信託-忠孝,2023-06-07,6162
00637L,元大滬深300正2,147,5,142,中國信託-忠孝,2023-06-07,6162
3025,星通,103,20,83,中國信託-忠孝,2023-06-07,6162
2618,長榮航,100,36,64,中國信託-忠孝,2023-06-07,6162
5439,高技,56,0,56,中國信託-忠孝,2023-06-07,6162
2376,技嘉,119,63,56,中國信託-忠孝,2023-06-07,6162
3310,佳穎,50,0,50,中國信託-忠孝,2023-06-07,6162
6190,萬泰科,51,1,50,中國信託-忠孝,2023-06-07,6162
2323,中環,57,8,49,中國信託-忠孝,2023-06-07,6162
2313,華通,46,0,46,中國信託-忠孝,2023-06-07,6162
6244,茂迪,48,4,44,中國信託-忠孝,2023-06-07,6162
1612,宏泰,109,65,44,中國信託-忠孝,2023-06-07,6162
6188,廣明,44,4,40,中國信託-忠孝,2023-06-07,6162
00927,群益半導體收益,39,0,39,中國信託-忠孝,2023-06-07,6162
2883B,凱基金乙特,38,0,38,中國信託-忠孝,2023-06-07,6162
6282,康舒,46,12,34,中國信託-忠孝,2023-06-07,6162
00878,國泰永續高股息,51,20,31,中國信託-忠孝,2023-06-07,6162
2347,聯強,30,0,30,中國信託-忠孝,2023-06-07,6162
6446,藥華藥,30,0,30,中國信託-忠孝,2023-06-07,6162
2891,中信金,38,9,29,中國信託-忠孝,2023-06-07,6162
2102,泰豐,28,0,28,中國信託-忠孝,2023-06-07,6162
3711,日月光投控,59,33,26,中國信託-忠孝,2023-06-07,6162
3037,欣興,43,17,26,中國信託-忠孝,2023-06-07,6162
2881,富邦金,24,0,24,中國信託-忠孝,2023-06-07,6162
3714,富采,26,2,24,中國信託-忠孝,2023-06-07,6162
1528,恩德,23,0,23,中國信託-忠孝,2023-06-07,6162
2353,宏��,23,1,22,中國信託-忠孝,2023-06-07,6162
4541,晟田,24,3,21,中國信託-忠孝,2023-06-07,6162
00882,中信中國高股息,23,3,20,中國信託-忠孝,2023-06-07,6162
8084,巨虹,20,0,20,中國信託-忠孝,2023-06-07,6162
3541,西柏,20,0,20,中國信託-忠孝,2023-06-07,6162
00773B,中信優先金融債,20,0,20,中國信託-忠孝,2023-06-07,6162
9944,新麗,20,0,20,中國信託-忠孝,2023-06-07,6162
2442,新美齊,20,0,20,中國信託-忠孝,2023-06-07,6162
6187,萬潤,77,57,20,中國信託-忠孝,2023-06-07,6162
2645,長榮航太,21,2,19,中國信託-忠孝,2023-06-07,6162
00679B,元大美債20年,20,2,18,中國信託-忠孝,2023-06-07,6162
2401,凌陽,27,9,18,中國信託-忠孝,2023-06-07,6162
2867,三商壽,17,0,17,中國信託-忠孝,2023-06-07,6162
1810,和成,20,3,17,中國信託-忠孝,2023-06-07,6162
8046,南電,23,6,17,中國信託-忠孝,2023-06-07,6162
00673R,期元大S＆P原油反1,22,6,16,中國信託-忠孝,2023-06-07,6162
8358,金居,25,10,15,中國信託-忠孝,2023-06-07,6162
1714,和桐,15,0,15,中國信託-忠孝,2023-06-07,6162
1785,光洋科,85,71,14,中國信託-忠孝,2023-06-07,6162
6733,博晟生醫,14,0,14,中國信託-忠孝,2023-06-07,6162
5324,士開,20,6,14,中國信託-忠孝,2023-06-07,6162
1609,大亞,683,237,446,中國信託-忠孝,2023-06-08,6162
00712,復華富時不動產,422,21,401,中國信託-忠孝,2023-06-08,6162
00637L,元大滬深300正2,227,6,221,中國信託-忠孝,2023-06-08,6162
00680L,元大美債20正2,206,0,206,中國信託-忠孝,2023-06-08,6162
2528,皇普,170,0,170,中國信託-忠孝,2023-06-08,6162
1605,華新,175,31,144,中國信託-忠孝,2023-06-08,6162
5511,德昌,143,2,141,中國信託-忠孝,2023-06-08,6162
00713,元大台灣高息低波,134,1,133,中國信託-忠孝,2023-06-08,6162
00893,國泰智能電動車,121,31,90,中國信託-忠孝,2023-06-08,6162
00878,國泰永續高股息,187,98,89,中國信託-忠孝,2023-06-08,6162
2610,華航,124,39,85,中國信託-忠孝,2023-06-08,6162
00720B,元大投資級公司債,84,0,84,中國信託-忠孝,2023-06-08,6162
00772B,中信高評級公司債,78,0,78,中國信託-忠孝,2023-06-08,6162
3583,辛耘,87,13,74,中國信託-忠孝,2023-06-08,6162
00919,群益台灣精選高息,71,0,71,中國信託-忠孝,2023-06-08,6162
2323,中環,71,1,70,中國信託-忠孝,2023-06-08,6162
6441,廣錠,91,29,62,中國信託-忠孝,2023-06-08,6162
2618,長榮航,257,196,61,中國信託-忠孝,2023-06-08,6162
3310,佳穎,50,0,50,中國信託-忠孝,2023-06-08,6162
00751B,元大AAA至A公司債,53,3,50,中國信託-忠孝,2023-06-08,6162
2882,國泰金,49,0,49,中國信託-忠孝,2023-06-08,6162
2344,華邦電,66,18,48,中國信託-忠孝,2023-06-08,6162
6016,康和證,57,10,47,中國信託-忠孝,2023-06-08,6162
2406,國碩,44,0,44,中國信託-忠孝,2023-06-08,6162
2888,新光金,65,23,42,中國信託-忠孝,2023-06-08,6162
4572,駐龍,41,0,41,中國信託-忠孝,2023-06-08,6162
8277,商丞,40,0,40,中國信託-忠孝,2023-06-08,6162
2897,王道銀行,35,0,35,中國信託-忠孝,2023-06-08,6162
2498,宏達電,40,5,35,中國信託-忠孝,2023-06-08,6162
00687B,國泰20年美債,34,0,34,中國信託-忠孝,2023-06-08,6162
2851,中再保,33,0,33,中國信託-忠孝,2023-06-08,6162
6285,啟��,70,37,33,中國信託-忠孝,2023-06-08,6162
2457,飛宏,56,23,33,中國信託-忠孝,2023-06-08,6162
8936,國統,35,3,32,中國信託-忠孝,2023-06-08,6162
4960,誠美材,35,5,30,中國信託-忠孝,2023-06-08,6162
1460,宏遠,30,0,30,中國信託-忠孝,2023-06-08,6162
00795B,中信美國公債20年,29,0,29,中國信託-忠孝,2023-06-08,6162
1608,華榮,42,13,29,中國信託-忠孝,2023-06-08,6162
00882,中信中國高股息,36,10,26,中國信託-忠孝,2023-06-08,6162
00673R,期元大S＆P原油反1,26,0,26,中國信託-忠孝,2023-06-08,6162
6230,尼得科超眾,23,0,23,中國信託-忠孝,2023-06-08,6162
3541,西柏,23,0,23,中國信託-忠孝,2023-06-08,6162
4147,中裕,22,0,22,中國信託-忠孝,2023-06-08,6162
1591,駿吉-KY,22,0,22,中國信託-忠孝,2023-06-08,6162
3004,豐達科,21,0,21,中國信託-忠孝,2023-06-08,6162
6126,信音,21,0,21,中國信託-忠孝,2023-06-08,6162
00679B,元大美債20年,42,22,20,中國信託-忠孝,2023-06-08,6162
6282,康舒,50,30,20,中國信託-忠孝,2023-06-08,6162
2102,泰豐,20,0,20,中國信託-忠孝,2023-06-08,6162
4967,十銓,49,29,20,中國信託-忠孝,2023-06-08,6162
2303,聯電,602,40,562,中國信託-忠孝,2023-06-09,6162
00885,富邦越南,361,0,361,中國信託-忠孝,2023-06-09,6162
00929,復華台灣科技優息,285,0,285,中國信託-忠孝,2023-06-09,6162
6122,擎邦,164,23,141,中國信託-忠孝,2023-06-09,6162
2897,王道銀行,115,0,115,中國信託-忠孝,2023-06-09,6162
00715L,期街口布蘭特正2,101,0,101,中國信託-忠孝,2023-06-09,6162
00640L,富邦日本正2,205,105,100,中國信託-忠孝,2023-06-09,6162
00919,群益台灣精選高息,82,0,82,中國信託-忠孝,2023-06-09,6162
00679B,元大美債20年,67,0,67,中國信託-忠孝,2023-06-09,6162
2425,承啟,62,1,61,中國信託-忠孝,2023-06-09,6162
6205,詮欣,61,0,61,中國信託-忠孝,2023-06-09,6162
2883B,凱基金乙特,56,0,56,中國信託-忠孝,2023-06-09,6162
2344,華邦電,58,6,52,中國信託-忠孝,2023-06-09,6162
5475,德宏,51,0,51,中國信託-忠孝,2023-06-09,6162
6274,台燿,52,7,45,中國信託-忠孝,2023-06-09,6162
2388,威盛,74,29,45,中國信託-忠孝,2023-06-09,6162
1609,大亞,129,84,45,中國信託-忠孝,2023-06-09,6162
4543,萬在,41,1,40,中國信託-忠孝,2023-06-09,6162
6203,海韻電,40,0,40,中國信託-忠孝,2023-06-09,6162
8076,伍豐,66,27,39,中國信託-忠孝,2023-06-09,6162
6016,康和證,41,2,39,中國信託-忠孝,2023-06-09,6162
00712,復華富時不動產,35,3,32,中國信託-忠孝,2023-06-09,6162
9942,茂順,31,0,31,中國信託-忠孝,2023-06-09,6162
00671R,富邦NASDAQ反1,30,0,30,中國信託-忠孝,2023-06-09,6162
2888,新光金,58,31,27,中國信託-忠孝,2023-06-09,6162
2368,金像電,80,54,26,中國信託-忠孝,2023-06-09,6162
3022,威強電,28,5,23,中國信託-忠孝,2023-06-09,6162
00632R,元大台灣50反1,44,21,23,中國信託-忠孝,2023-06-09,6162
2406,國碩,22,0,22,中國信託-忠孝,2023-06-09,6162
6239,力成,22,0,22,中國信託-忠孝,2023-06-09,6162
1504,東元,22,0,22,中國信託-忠孝,2023-06-09,6162
3583,辛耘,37,16,21,中國信託-忠孝,2023-06-09,6162
6174,安��,20,0,20,中國信託-忠孝,2023-06-09,6162
6216,居易,20,0,20,中國信託-忠孝,2023-06-09,6162
6546,正基,23,3,20,中國信託-忠孝,2023-06-09,6162
00664R,國泰臺灣加權反1,20,0,20,中國信託-忠孝,2023-06-09,6162
2399,映泰,38,18,20,中國信託-忠孝,2023-06-09,6162
4906,正文,20,1,19,中國信託-忠孝,2023-06-09,6162
00642U,期元大S＆P石油,19,0,19,中國信託-忠孝,2023-06-09,6162
2731,雄獅,34,16,18,中國信託-忠孝,2023-06-09,6162
5439,高技,17,0,17,中國信託-忠孝,2023-06-09,6162
6026,福邦證,17,0,17,中國信託-忠孝,2023-06-09,6162
2421,建準,58,41,17,中國信託-忠孝,2023-06-09,6162
2356,英業達,84,68,16,中國信託-忠孝,2023-06-09,6162
01003T,兆豐新光R1,15,0,15,中國信託-忠孝,2023-06-09,6162
3707,漢磊,16,1,15,中國信託-忠孝,2023-06-09,6162
6101,寬魚國際,15,0,15,中國信託-忠孝,2023-06-09,6162
2349,錸德,15,0,15,中國信託-忠孝,2023-06-09,6162
2630,亞航,94,79,15,中國信託-忠孝,2023-06-09,6162
2323,中環,60,45,15,中國信託-忠孝,2023-06-09,6162
4113,聯上,887,0,887,中國信託-忠孝,2023-06-12,6162
00632R,元大台灣50反1,337,3,334,中國信託-忠孝,2023-06-12,6162
00715L,期街口布蘭特正2,176,0,176,中國信託-忠孝,2023-06-12,6162
2610,華航,312,144,168,中國信託-忠孝,2023-06-12,6162
00919,群益台灣精選高息,163,0,163,中國信託-忠孝,2023-06-12,6162
00637L,元大滬深300正2,260,103,157,中國信託-忠孝,2023-06-12,6162
2897,王道銀行,150,0,150,中國信託-忠孝,2023-06-12,6162
2618,長榮航,208,75,133,中國信託-忠孝,2023-06-12,6162
00712,復華富時不動產,119,2,117,中國信託-忠孝,2023-06-12,6162
00671R,富邦NASDAQ反1,114,0,114,中國信託-忠孝,2023-06-12,6162
00642U,期元大S＆P石油,105,3,102,中國信託-忠孝,2023-06-12,6162
2888,新光金,336,242,94,中國信託-忠孝,2023-06-12,6162
1714,和桐,75,0,75,中國信託-忠孝,2023-06-12,6162
2369,菱生,67,0,67,中國信託-忠孝,2023-06-12,6162
2887,台新金,85,23,62,中國信託-忠孝,2023-06-12,6162
00878,國泰永續高股息,182,123,59,中國信託-忠孝,2023-06-12,6162
2312,金寶,60,8,52,中國信託-忠孝,2023-06-12,6162
8926,台汽電,169,118,51,中國信託-忠孝,2023-06-12,6162
4919,新唐,54,3,51,中國信託-忠孝,2023-06-12,6162
6592,和潤企業,50,0,50,中國信託-忠孝,2023-06-12,6162
1460,宏遠,50,0,50,中國信託-忠孝,2023-06-12,6162
5258,虹堡,70,23,47,中國信託-忠孝,2023-06-12,6162
2382,廣達,87,44,43,中國信託-忠孝,2023-06-12,6162
6122,擎邦,78,35,43,中國信託-忠孝,2023-06-12,6162
2356,英業達,46,4,42,中國信託-忠孝,2023-06-12,6162
3231,緯創,257,218,39,中國信託-忠孝,2023-06-12,6162
6160,欣技,43,5,38,中國信託-忠孝,2023-06-12,6162
00929,復華台灣科技優息,36,0,36,中國信託-忠孝,2023-06-12,6162
6584,南俊國際,34,0,34,中國信託-忠孝,2023-06-12,6162
3576,聯合再生,58,26,32,中國信託-忠孝,2023-06-12,6162
00772B,中信高評級公司債,32,0,32,中國信託-忠孝,2023-06-12,6162
2388,威盛,42,12,30,中國信託-忠孝,2023-06-12,6162
6016,康和證,28,0,28,中國信託-忠孝,2023-06-12,6162
3207,耀勝,27,0,27,中國信託-忠孝,2023-06-12,6162
00713,元大台灣高息低波,24,0,24,中國信託-忠孝,2023-06-12,6162
6664,群翊,26,2,24,中國信託-忠孝,2023-06-12,6162
2352,佳世達,101,77,24,中國信託-忠孝,2023-06-12,6162
2634,漢翔,31,7,24,中國信託-忠孝,2023-06-12,6162
6691,洋基工程,22,0,22,中國信託-忠孝,2023-06-12,6162
1529,樂事綠能,27,5,22,中國信託-忠孝,2023-06-12,6162
5340,建榮,29,9,20,中國信託-忠孝,2023-06-12,6162
4543,萬在,20,0,20,中國信託-忠孝,2023-06-12,6162
5213,亞昕,20,0,20,中國信託-忠孝,2023-06-12,6162
2359,所羅門,22,2,20,中國信託-忠孝,2023-06-12,6162
2201,裕隆,20,1,19,中國信託-忠孝,2023-06-12,6162
2323,中環,40,21,19,中國信託-忠孝,2023-06-12,6162
00902,中信電池及儲能,24,6,18,中國信託-忠孝,2023-06-12,6162
5426,振發,20,2,18,中國信託-忠孝,2023-06-12,6162
2801,彰銀,17,0,17,中國信託-忠孝,2023-06-12,6162
2442,新美齊,23,6,17,中國信託-忠孝,2023-06-12,6162
00632R,元大台灣50反1,394,8,386,中國信託-忠孝,2023-06-13,6162
00715L,期街口布蘭特正2,350,0,350,中國信託-忠孝,2023-06-13,6162
2317,鴻海,417,265,152,中國信託-忠孝,2023-06-13,6162
3615,安可,100,0,100,中國信託-忠孝,2023-06-13,6162
00680L,元大美債20正2,99,0,99,中國信託-忠孝,2023-06-13,6162
2615,萬海,100,8,92,中國信託-忠孝,2023-06-13,6162
2888,新光金,162,71,91,中國信託-忠孝,2023-06-13,6162
2382,廣達,135,45,90,中國信託-忠孝,2023-06-13,6162
2485,兆赫,80,0,80,中國信託-忠孝,2023-06-13,6162
00885,富邦越南,104,29,75,中國信託-忠孝,2023-06-13,6162
3652,精聯,86,12,74,中國信託-忠孝,2023-06-13,6162
00919,群益台灣精選高息,79,9,70,中國信託-忠孝,2023-06-13,6162
00882,中信中國高股息,69,6,63,中國信託-忠孝,2023-06-13,6162
5511,德昌,60,4,56,中國信託-忠孝,2023-06-13,6162
1524,耿鼎,58,4,54,中國信託-忠孝,2023-06-13,6162
4113,聯上,53,0,53,中國信託-忠孝,2023-06-13,6162
00637L,元大滬深300正2,154,104,50,中國信託-忠孝,2023-06-13,6162
2897,王道銀行,50,0,50,中國信託-忠孝,2023-06-13,6162
2457,飛宏,134,88,46,中國信託-忠孝,2023-06-13,6162
3046,建��,48,4,44,中國信託-忠孝,2023-06-13,6162
6288,聯嘉,45,8,37,中國信託-忠孝,2023-06-13,6162
6592,和潤企業,40,4,36,中國信託-忠孝,2023-06-13,6162
6167,久正,35,0,35,中國信託-忠孝,2023-06-13,6162
3231,緯創,96,61,35,中國信託-忠孝,2023-06-13,6162
4977,眾達-KY,35,1,34,中國信託-忠孝,2023-06-13,6162
2367,燿華,34,0,34,中國信託-忠孝,2023-06-13,6162
4426,利勤,34,0,34,中國信託-忠孝,2023-06-13,6162
4763,材料-KY,43,11,32,中國信託-忠孝,2023-06-13,6162
2436,偉詮電,33,1,32,中國信託-忠孝,2023-06-13,6162
2406,國碩,32,0,32,中國信託-忠孝,2023-06-13,6162
00772B,中信高評級公司債,31,0,31,中國信託-忠孝,2023-06-13,6162
2404,漢唐,31,1,30,中國信託-忠孝,2023-06-13,6162
5426,振發,50,20,30,中國信託-忠孝,2023-06-13,6162
6282,康舒,46,17,29,中國信託-忠孝,2023-06-13,6162
3707,漢磊,33,6,27,中國信託-忠孝,2023-06-13,6162
9939,宏全,25,0,25,中國信託-忠孝,2023-06-13,6162
00902,中信電池及儲能,30,6,24,中國信託-忠孝,2023-06-13,6162
00642U,期元大S＆P石油,21,0,21,中國信託-忠孝,2023-06-13,6162
8936,國統,21,1,20,中國信託-忠孝,2023-06-13,6162
5512,力麒,20,0,20,中國信託-忠孝,2023-06-13,6162
5483,中美晶,22,3,19,中國信託-忠孝,2023-06-13,6162
6712,長聖,19,0,19,中國信託-忠孝,2023-06-13,6162
2706,第一店,27,10,17,中國信託-忠孝,2023-06-13,6162
3029,零壹,17,0,17,中國信託-忠孝,2023-06-13,6162
9802,鈺齊-KY,16,0,16,中國信託-忠孝,2023-06-13,6162
2890,永豐金,15,0,15,中國信託-忠孝,2023-06-13,6162
9958,世紀鋼,15,1,14,中國信託-忠孝,2023-06-13,6162
8150,南茂,20,6,14,中國信託-忠孝,2023-06-13,6162
2743,山富,39,25,14,中國信託-忠孝,2023-06-13,6162
2031,新光鋼,13,0,13,中國信託-忠孝,2023-06-13,6162
00712,復華富時不動產,485,96,389,中國信託-忠孝,2023-06-14,6162
4533,協易機,259,26,233,中國信託-忠孝,2023-06-14,6162
00665L,富邦�琤肭磪囓�2,200,12,188,中國信託-忠孝,2023-06-14,6162
00919,群益台灣精選高息,183,0,183,中國信託-忠孝,2023-06-14,6162
2062,橋椿,100,0,100,中國信託-忠孝,2023-06-14,6162
2851,中再保,100,10,90,中國信託-忠孝,2023-06-14,6162
2743,山富,95,20,75,中國信託-忠孝,2023-06-14,6162
2482,連宇,128,54,74,中國信託-忠孝,2023-06-14,6162
1522,堤維西,117,53,64,中國信託-忠孝,2023-06-14,6162
1609,大亞,86,29,57,中國信託-忠孝,2023-06-14,6162
00679B,元大美債20年,61,9,52,中國信託-忠孝,2023-06-14,6162
8076,伍豐,64,13,51,中國信託-忠孝,2023-06-14,6162
2897,王道銀行,50,0,50,中國信託-忠孝,2023-06-14,6162
1605,華新,49,1,48,中國信託-忠孝,2023-06-14,6162
2356,英業達,234,188,46,中國信託-忠孝,2023-06-14,6162
2102,泰豐,44,0,44,中國信託-忠孝,2023-06-14,6162
2206,三陽工業,85,41,44,中國信託-忠孝,2023-06-14,6162
2890,永豐金,45,2,43,中國信託-忠孝,2023-06-14,6162
3058,立德,86,45,41,中國信託-忠孝,2023-06-14,6162
6781,AES-KY,38,0,38,中國信託-忠孝,2023-06-14,6162
00882,中信中國高股息,40,2,38,中國信託-忠孝,2023-06-14,6162
00713,元大台灣高息低波,37,1,36,中國信託-忠孝,2023-06-14,6162
2887,台新金,38,5,33,中國信託-忠孝,2023-06-14,6162
4510,高鋒,44,11,33,中國信託-忠孝,2023-06-14,6162
2439,美律,34,2,32,中國信託-忠孝,2023-06-14,6162
2457,飛宏,60,30,30,中國信託-忠孝,2023-06-14,6162
5511,德昌,30,0,30,中國信託-忠孝,2023-06-14,6162
00924,復華S＆P500成長,30,0,30,中國信託-忠孝,2023-06-14,6162
00922,國泰台灣領袖50,28,0,28,中國信託-忠孝,2023-06-14,6162
00795B,中信美國公債20年,27,0,27,中國信託-忠孝,2023-06-14,6162
00737,國泰AI+Robo,26,0,26,中國信託-忠孝,2023-06-14,6162
00772B,中信高評級公司債,25,0,25,中國信託-忠孝,2023-06-14,6162
5213,亞昕,24,0,24,中國信託-忠孝,2023-06-14,6162
2349,錸德,28,4,24,中國信託-忠孝,2023-06-14,6162
00687B,國泰20年美債,24,0,24,中國信託-忠孝,2023-06-14,6162
2330,台積電,26,3,23,中國信託-忠孝,2023-06-14,6162
3027,盛達,32,9,23,中國信託-忠孝,2023-06-14,6162
3706,神達,36,13,23,中國信託-忠孝,2023-06-14,6162
6214,精誠,30,9,21,中國信託-忠孝,2023-06-14,6162
1536,和大,21,0,21,中國信託-忠孝,2023-06-14,6162
00720B,元大投資級公司債,21,0,21,中國信託-忠孝,2023-06-14,6162
2317,鴻海,31,11,20,中國信託-忠孝,2023-06-14,6162
5353,台林,20,0,20,中國信託-忠孝,2023-06-14,6162
00902,中信電池及儲能,20,1,19,中國信託-忠孝,2023-06-14,6162
2630,亞航,68,49,19,中國信託-忠孝,2023-06-14,6162
2705,六福,19,1,18,中國信託-忠孝,2023-06-14,6162
6830,汎銓,17,0,17,中國信託-忠孝,2023-06-14,6162
6691,洋基工程,17,0,17,中國信託-忠孝,2023-06-14,6162
3714,富采,21,5,16,中國信託-忠孝,2023-06-14,6162
4968,立積,33,17,16,中國信託-忠孝,2023-06-14,6162
2618,長榮航,967,791,176,中國信託-忠孝,2023-06-15,6162
2314,台揚,109,2,107,中國信託-忠孝,2023-06-15,6162
2888,新光金,130,30,100,中國信託-忠孝,2023-06-15,6162
2062,橋椿,100,0,100,中國信託-忠孝,2023-06-15,6162
1529,樂事綠能,111,12,99,中國信託-忠孝,2023-06-15,6162
2344,華邦電,105,8,97,中國信託-忠孝,2023-06-15,6162
3029,零壹,88,0,88,中國信託-忠孝,2023-06-15,6162
3231,緯創,391,306,85,中國信託-忠孝,2023-06-15,6162
3356,奇偶,100,17,83,中國信託-忠孝,2023-06-15,6162
00712,復華富時不動產,82,0,82,中國信託-忠孝,2023-06-15,6162
00919,群益台灣精選高息,81,3,78,中國信託-忠孝,2023-06-15,6162
2317,鴻海,78,5,73,中國信託-忠孝,2023-06-15,6162
5426,振發,60,0,60,中國信託-忠孝,2023-06-15,6162
3207,耀勝,59,0,59,中國信託-忠孝,2023-06-15,6162
00882,中信中國高股息,58,0,58,中國信託-忠孝,2023-06-15,6162
00929,復華台灣科技優息,61,10,51,中國信託-忠孝,2023-06-15,6162
6592,和潤企業,52,2,50,中國信託-忠孝,2023-06-15,6162
00885,富邦越南,55,7,48,中國信託-忠孝,2023-06-15,6162
2308,台達電,60,12,48,中國信託-忠孝,2023-06-15,6162
00637L,元大滬深300正2,40,5,35,中國信託-忠孝,2023-06-15,6162
2401,凌陽,119,84,35,中國信託-忠孝,2023-06-15,6162
2331,精英,37,6,31,中國信託-忠孝,2023-06-15,6162
2352,佳世達,52,22,30,中國信託-忠孝,2023-06-15,6162
2421,建準,46,17,29,中國信託-忠孝,2023-06-15,6162
8028,昇陽半導體,29,1,28,中國信託-忠孝,2023-06-15,6162
00713,元大台灣高息低波,31,3,28,中國信託-忠孝,2023-06-15,6162
00751B,元大AAA至A公司債,24,0,24,中國信託-忠孝,2023-06-15,6162
00795B,中信美國公債20年,32,10,22,中國信託-忠孝,2023-06-15,6162
2102,泰豐,21,0,21,中國信託-忠孝,2023-06-15,6162
2609,陽明,107,87,20,中國信託-忠孝,2023-06-15,6162
3213,茂訊,20,0,20,中國信託-忠孝,2023-06-15,6162
1337,再生-KY,20,0,20,中國信託-忠孝,2023-06-15,6162
2349,錸德,20,0,20,中國信託-忠孝,2023-06-15,6162
4967,十銓,28,8,20,中國信託-忠孝,2023-06-15,6162
4564,元翎,20,1,19,中國信託-忠孝,2023-06-15,6162
3711,日月光投控,21,2,19,中國信託-忠孝,2023-06-15,6162
4916,事欣科,36,18,18,中國信託-忠孝,2023-06-15,6162
2313,華通,17,0,17,中國信託-忠孝,2023-06-15,6162
6266,泰詠,18,1,17,中國信託-忠孝,2023-06-15,6162
6446,藥華藥,17,0,17,中國信託-忠孝,2023-06-15,6162
5381,合正,16,0,16,中國信託-忠孝,2023-06-15,6162
1522,堤維西,37,21,16,中國信託-忠孝,2023-06-15,6162
3022,威強電,23,8,15,中國信託-忠孝,2023-06-15,6162
6411,晶焱,15,0,15,中國信託-忠孝,2023-06-15,6162
2706,第一店,15,0,15,中國信託-忠孝,2023-06-15,6162
00764B,群益25年美債,15,0,15,中國信託-忠孝,2023-06-15,6162
3680,家登,16,1,15,中國信託-忠孝,2023-06-15,6162
00642U,期元大S＆P石油,15,0,15,中國信託-忠孝,2023-06-15,6162
3147,大綜,19,4,15,中國信託-忠孝,2023-06-15,6162
2884,玉山金,15,0,15,中國信託-忠孝,2023-06-15,6162
00712,復華富時不動產,233,5,228,中國信託-忠孝,2023-06-16,6162
2618,長榮航,579,414,165,中國信託-忠孝,2023-06-16,6162
5439,高技,159,2,157,中國信託-忠孝,2023-06-16,6162
00919,群益台灣精選高息,108,11,97,中國信託-忠孝,2023-06-16,6162
00706L,期元大S＆P日圓正2,90,1,89,中國信託-忠孝,2023-06-16,6162
1444,力麗,82,0,82,中國信託-忠孝,2023-06-16,6162
1609,大亞,183,111,72,中國信託-忠孝,2023-06-16,6162
2388,威盛,100,29,71,中國信託-忠孝,2023-06-16,6162
2308,台達電,82,14,68,中國信託-忠孝,2023-06-16,6162
1522,堤維西,76,16,60,中國信託-忠孝,2023-06-16,6162
1514,亞力,65,9,56,中國信託-忠孝,2023-06-16,6162
2356,英業達,117,70,47,中國信託-忠孝,2023-06-16,6162
00673R,期元大S＆P原油反1,46,0,46,中國信託-忠孝,2023-06-16,6162
3231,緯創,262,216,46,中國信託-忠孝,2023-06-16,6162
1605,華新,76,32,44,中國信託-忠孝,2023-06-16,6162
1308,亞聚,40,0,40,中國信託-忠孝,2023-06-16,6162
00688L,國泰20年美債正2,36,0,36,中國信託-忠孝,2023-06-16,6162
2887,台新金,42,6,36,中國信託-忠孝,2023-06-16,6162
00929,復華台灣科技優息,36,2,34,中國信託-忠孝,2023-06-16,6162
00878,國泰永續高股息,110,76,34,中國信託-忠孝,2023-06-16,6162
3706,神達,123,90,33,中國信託-忠孝,2023-06-16,6162
1591,駿吉-KY,37,5,32,中國信託-忠孝,2023-06-16,6162
2323,中環,61,29,32,中國信託-忠孝,2023-06-16,6162
3227,原相,32,1,31,中國信託-忠孝,2023-06-16,6162
3029,零壹,32,3,29,中國信託-忠孝,2023-06-16,6162
4961,天鈺,48,19,29,中國信託-忠孝,2023-06-16,6162
1529,樂事綠能,64,36,28,中國信託-忠孝,2023-06-16,6162
00795B,中信美國公債20年,35,8,27,中國信託-忠孝,2023-06-16,6162
9944,新麗,26,0,26,中國信託-忠孝,2023-06-16,6162
2353,宏��,44,18,26,中國信託-忠孝,2023-06-16,6162
3003,健和興,24,0,24,中國信託-忠孝,2023-06-16,6162
2630,亞航,46,22,24,中國信託-忠孝,2023-06-16,6162
2368,金像電,41,17,24,中國信託-忠孝,2023-06-16,6162
6841,長佳智能,23,0,23,中國信託-忠孝,2023-06-16,6162
2201,裕隆,28,5,23,中國信託-忠孝,2023-06-16,6162
2453,凌群,29,6,23,中國信託-忠孝,2023-06-16,6162
2449,京元電子,23,1,22,中國信託-忠孝,2023-06-16,6162
2888,新光金,52,30,22,中國信託-忠孝,2023-06-16,6162
6026,福邦證,21,0,21,中國信託-忠孝,2023-06-16,6162
3491,昇達科,20,0,20,中國信託-忠孝,2023-06-16,6162
2701,萬企,20,0,20,中國信託-忠孝,2023-06-16,6162
6657,華安,30,10,20,中國信託-忠孝,2023-06-16,6162
4904,遠傳,20,0,20,中國信託-忠孝,2023-06-16,6162
1710,東聯,22,2,20,中國信託-忠孝,2023-06-16,6162
6285,啟��,23,3,20,中國信託-忠孝,2023-06-16,6162
2913,農林,40,21,19,中國信託-忠孝,2023-06-16,6162
2301,光寶科,23,5,18,中國信託-忠孝,2023-06-16,6162
1907,永豐餘,30,12,18,中國信託-忠孝,2023-06-16,6162
5203,訊連,17,0,17,中國信託-忠孝,2023-06-16,6162
1905,華紙,38,21,17,中國信託-忠孝,2023-06-16,6162
3481,群創,3163,438,2725,中國信託-忠孝,2023-06-19,6162
2609,陽明,223,6,217,中國信託-忠孝,2023-06-19,6162
2615,萬海,200,3,197,中國信託-忠孝,2023-06-19,6162
2618,長榮航,465,288,177,中國信託-忠孝,2023-06-19,6162
2851,中再保,150,0,150,中國信託-忠孝,2023-06-19,6162
2610,華航,268,160,108,中國信託-忠孝,2023-06-19,6162
9105,泰金寶-DR,102,0,102,中國信託-忠孝,2023-06-19,6162
1218,泰山,108,8,100,中國信託-忠孝,2023-06-19,6162
5222,全訊,102,7,95,中國信託-忠孝,2023-06-19,6162
4904,遠傳,92,21,71,中國信託-忠孝,2023-06-19,6162
5213,亞昕,70,0,70,中國信託-忠孝,2023-06-19,6162
2634,漢翔,147,79,68,中國信託-忠孝,2023-06-19,6162
00673R,期元大S＆P原油反1,68,0,68,中國信託-忠孝,2023-06-19,6162
2344,華邦電,112,44,68,中國信託-忠孝,2023-06-19,6162
2356,英業達,224,161,63,中國信託-忠孝,2023-06-19,6162
00637L,元大滬深300正2,77,16,61,中國信託-忠孝,2023-06-19,6162
4572,駐龍,62,1,61,中國信託-忠孝,2023-06-19,6162
2330,台積電,64,3,61,中國信託-忠孝,2023-06-19,6162
4967,十銓,107,48,59,中國信託-忠孝,2023-06-19,6162
6026,福邦證,61,2,59,中國信託-忠孝,2023-06-19,6162
2312,金寶,122,76,46,中國信託-忠孝,2023-06-19,6162
1471,首利,50,6,44,中國信託-忠孝,2023-06-19,6162
00902,中信電池及儲能,45,6,39,中國信託-忠孝,2023-06-19,6162
1815,富喬,38,0,38,中國信託-忠孝,2023-06-19,6162
0056,元大高股息,50,13,37,中國信託-忠孝,2023-06-19,6162
3356,奇偶,43,9,34,中國信託-忠孝,2023-06-19,6162
1529,樂事綠能,50,16,34,中國信託-忠孝,2023-06-19,6162
1742,台蠟,34,0,34,中國信託-忠孝,2023-06-19,6162
3037,欣興,45,14,31,中國信託-忠孝,2023-06-19,6162
3227,原相,32,3,29,中國信託-忠孝,2023-06-19,6162
1307,三芳,28,0,28,中國信託-忠孝,2023-06-19,6162
1319,東陽,26,0,26,中國信託-忠孝,2023-06-19,6162
2897,王道銀行,26,0,26,中國信託-忠孝,2023-06-19,6162
2324,仁寶,38,13,25,中國信託-忠孝,2023-06-19,6162
00919,群益台灣精選高息,22,0,22,中國信託-忠孝,2023-06-19,6162
3693,營邦,50,28,22,中國信託-忠孝,2023-06-19,6162
2102,泰豐,22,0,22,中國信託-忠孝,2023-06-19,6162
2485,兆赫,29,10,19,中國信託-忠孝,2023-06-19,6162
8069,元太,38,19,19,中國信託-忠孝,2023-06-19,6162
3207,耀勝,27,8,19,中國信託-忠孝,2023-06-19,6162
00757,統一FANG+,18,0,18,中國信託-忠孝,2023-06-19,6162
2405,輔信,21,3,18,中國信託-忠孝,2023-06-19,6162
3706,神達,48,30,18,中國信託-忠孝,2023-06-19,6162
00782B,國泰A級公用債,18,0,18,中國信託-忠孝,2023-06-19,6162
2480,敦陽科,17,0,17,中國信託-忠孝,2023-06-19,6162
2449,京元電子,17,0,17,中國信託-忠孝,2023-06-19,6162
2883,凱基金,19,3,16,中國信託-忠孝,2023-06-19,6162
6120,達運,53,37,16,中國信託-忠孝,2023-06-19,6162
5426,振發,20,4,16,中國信託-忠孝,2023-06-19,6162
00679B,元大美債20年,27,12,15,中國信託-忠孝,2023-06-19,6162
2867,三商壽,401,4,397,中國信託-忠孝,2023-06-20,6162
00882,中信中國高股息,318,8,310,中國信託-忠孝,2023-06-20,6162
2634,漢翔,400,121,279,中國信託-忠孝,2023-06-20,6162
2851,中再保,288,87,201,中國信託-忠孝,2023-06-20,6162
2528,皇普,160,0,160,中國信託-忠孝,2023-06-20,6162
00712,復華富時不動產,132,2,130,中國信託-忠孝,2023-06-20,6162
2618,長榮航,224,108,116,中國信託-忠孝,2023-06-20,6162
1471,首利,103,5,98,中國信託-忠孝,2023-06-20,6162
1528,恩德,141,59,82,中國信託-忠孝,2023-06-20,6162
5213,亞昕,80,0,80,中國信託-忠孝,2023-06-20,6162
2356,英業達,187,118,69,中國信託-忠孝,2023-06-20,6162
2610,華航,384,315,69,中國信託-忠孝,2023-06-20,6162
0056,元大高股息,84,15,69,中國信託-忠孝,2023-06-20,6162
2201,裕隆,67,5,62,中國信託-忠孝,2023-06-20,6162
1460,宏遠,50,0,50,中國信託-忠孝,2023-06-20,6162
00637L,元大滬深300正2,52,3,49,中國信託-忠孝,2023-06-20,6162
1605,華新,37,4,33,中國信託-忠孝,2023-06-20,6162
00878,國泰永續高股息,137,104,33,中國信託-忠孝,2023-06-20,6162
00929,復華台灣科技優息,32,0,32,中國信託-忠孝,2023-06-20,6162
6592,和潤企業,28,0,28,中國信託-忠孝,2023-06-20,6162
2330,台積電,27,1,26,中國信託-忠孝,2023-06-20,6162
2427,三商電,25,0,25,中國信託-忠孝,2023-06-20,6162
2887,台新金,33,8,25,中國信託-忠孝,2023-06-20,6162
6177,達麗,23,0,23,中國信託-忠孝,2023-06-20,6162
2884,玉山金,21,0,21,中國信託-忠孝,2023-06-20,6162
2888,新光金,25,4,21,中國信託-忠孝,2023-06-20,6162
2630,亞航,32,11,21,中國信託-忠孝,2023-06-20,6162
4904,遠傳,20,0,20,中國信託-忠孝,2023-06-20,6162
8358,金居,23,3,20,中國信託-忠孝,2023-06-20,6162
00772B,中信高評級公司債,19,0,19,中國信託-忠孝,2023-06-20,6162
00795B,中信美國公債20年,24,6,18,中國信託-忠孝,2023-06-20,6162
2468,華經,82,64,18,中國信託-忠孝,2023-06-20,6162
00751B,元大AAA至A公司債,17,0,17,中國信託-忠孝,2023-06-20,6162
5465,富驊,28,11,17,中國信託-忠孝,2023-06-20,6162
4533,協易機,20,3,17,中國信託-忠孝,2023-06-20,6162
00720B,元大投資級公司債,17,0,17,中國信託-忠孝,2023-06-20,6162
2454,聯發科,19,3,16,中國信託-忠孝,2023-06-20,6162
4426,利勤,16,0,16,中國信託-忠孝,2023-06-20,6162
2109,華豐,16,0,16,中國信託-忠孝,2023-06-20,6162
2421,建準,44,29,15,中國信託-忠孝,2023-06-20,6162
2382,廣達,28,14,14,中國信託-忠孝,2023-06-20,6162
2913,農林,20,6,14,中國信託-忠孝,2023-06-20,6162
6491,晶碩,14,0,14,中國信託-忠孝,2023-06-20,6162
3025,星通,28,14,14,中國信託-忠孝,2023-06-20,6162
6285,啟��,16,2,14,中國信託-忠孝,2023-06-20,6162
4131,浩泰,14,0,14,中國信託-忠孝,2023-06-20,6162
4946,辣椒,14,0,14,中國信託-忠孝,2023-06-20,6162
00655L,國泰中國A50正2,13,0,13,中國信託-忠孝,2023-06-20,6162
2337,旺宏,14,1,13,中國信託-忠孝,2023-06-20,6162
1905,華紙,12,0,12,中國信託-忠孝,2023-06-20,6162
3231,緯創,617,342,275,中國信託-忠孝,2023-06-21,6162
2618,長榮航,321,138,183,中國信託-忠孝,2023-06-21,6162
2634,漢翔,206,93,113,中國信託-忠孝,2023-06-21,6162
2882,國泰金,112,5,107,中國信託-忠孝,2023-06-21,6162
1605,華新,99,4,95,中國信託-忠孝,2023-06-21,6162
3693,營邦,91,7,84,中國信託-忠孝,2023-06-21,6162
1905,華紙,185,130,55,中國信託-忠孝,2023-06-21,6162
3058,立德,55,3,52,中國信託-忠孝,2023-06-21,6162
1460,宏遠,50,0,50,中國信託-忠孝,2023-06-21,6162
4979,華星光,66,18,48,中國信託-忠孝,2023-06-21,6162
2905,三商,41,0,41,中國信託-忠孝,2023-06-21,6162
2323,中環,154,117,37,中國信託-忠孝,2023-06-21,6162
6120,達運,74,38,36,中國信託-忠孝,2023-06-21,6162
2382,廣達,110,74,36,中國信託-忠孝,2023-06-21,6162
00680L,元大美債20正2,34,0,34,中國信託-忠孝,2023-06-21,6162
2314,台揚,34,0,34,中國信託-忠孝,2023-06-21,6162
2359,所羅門,36,5,31,中國信託-忠孝,2023-06-21,6162
6016,康和證,30,0,30,中國信託-忠孝,2023-06-21,6162
1528,恩德,56,26,30,中國信託-忠孝,2023-06-21,6162
2303,聯電,51,23,28,中國信託-忠孝,2023-06-21,6162
3706,神達,60,32,28,中國信託-忠孝,2023-06-21,6162
2449,京元電子,30,2,28,中國信託-忠孝,2023-06-21,6162
2485,兆赫,50,26,24,中國信託-忠孝,2023-06-21,6162
2915,潤泰全,24,1,23,中國信託-忠孝,2023-06-21,6162
00753L,中信中國50正2,24,1,23,中國信託-忠孝,2023-06-21,6162
5258,虹堡,30,8,22,中國信託-忠孝,2023-06-21,6162
6177,達麗,21,0,21,中國信託-忠孝,2023-06-21,6162
2706,第一店,20,0,20,中國信託-忠孝,2023-06-21,6162
2701,萬企,20,0,20,中國信託-忠孝,2023-06-21,6162
2337,旺宏,23,3,20,中國信託-忠孝,2023-06-21,6162
2603,長榮,24,5,19,中國信託-忠孝,2023-06-21,6162
2704,國賓,20,1,19,中國信託-忠孝,2023-06-21,6162
2017,官田鋼,20,1,19,中國信託-忠孝,2023-06-21,6162
4533,協易機,17,0,17,中國信託-忠孝,2023-06-21,6162
3325,旭品,22,6,16,中國信託-忠孝,2023-06-21,6162
5225,東科-KY,16,0,16,中國信託-忠孝,2023-06-21,6162
2371,大同,40,25,15,中國信託-忠孝,2023-06-21,6162
00688L,國泰20年美債正2,15,0,15,中國信託-忠孝,2023-06-21,6162
1504,東元,17,2,15,中國信託-忠孝,2023-06-21,6162
3294,英濟,15,0,15,中國信託-忠孝,2023-06-21,6162
3013,晟銘電,22,8,14,中國信託-忠孝,2023-06-21,6162
00650L,復華香港正2,14,0,14,中國信託-忠孝,2023-06-21,6162
2609,陽明,31,17,14,中國信託-忠孝,2023-06-21,6162
0056,元大高股息,97,84,13,中國信託-忠孝,2023-06-21,6162
2312,金寶,20,7,13,中國信託-忠孝,2023-06-21,6162
00720B,元大投資級公司債,13,0,13,中國信託-忠孝,2023-06-21,6162
2867,三商壽,14,1,13,中國信託-忠孝,2023-06-21,6162
4916,事欣科,99,87,12,中國信託-忠孝,2023-06-21,6162
1802,台玻,13,1,12,中國信託-忠孝,2023-06-21,6162
5478,智冠,12,0,12,中國信託-忠孝,2023-06-21,6162
2851,中再保,139,0,139,中國信託-忠孝,2023-06-26,6162
3706,神達,176,57,119,中國信託-忠孝,2023-06-26,6162
00637L,元大滬深300正2,117,2,115,中國信託-忠孝,2023-06-26,6162
2303,聯電,117,10,107,中國信託-忠孝,2023-06-26,6162
2883,凱基金,111,5,106,中國信託-忠孝,2023-06-26,6162
2882,國泰金,105,0,105,中國信託-忠孝,2023-06-26,6162
3231,緯創,323,220,103,中國信託-忠孝,2023-06-26,6162
2618,長榮航,308,227,81,中國信託-忠孝,2023-06-26,6162
00715L,期街口布蘭特正2,80,0,80,中國信託-忠孝,2023-06-26,6162
2314,台揚,76,1,75,中國信託-忠孝,2023-06-26,6162
00706L,期元大S＆P日圓正2,75,0,75,中國信託-忠孝,2023-06-26,6162
2344,華邦電,75,12,63,中國信託-忠孝,2023-06-26,6162
6016,康和證,61,0,61,中國信託-忠孝,2023-06-26,6162
2206,三陽工業,67,8,59,中國信託-忠孝,2023-06-26,6162
00712,復華富時不動產,66,8,58,中國信託-忠孝,2023-06-26,6162
00665L,富邦�琤肭磪囓�2,58,0,58,中國信託-忠孝,2023-06-26,6162
2867,三商壽,53,1,52,中國信託-忠孝,2023-06-26,6162
00908,富邦入息REITs+,52,0,52,中國信託-忠孝,2023-06-26,6162
1337,再生-KY,52,0,52,中國信託-忠孝,2023-06-26,6162
2887,台新金,49,0,49,中國信託-忠孝,2023-06-26,6162
8076,伍豐,50,3,47,中國信託-忠孝,2023-06-26,6162
1217,愛之味,54,9,45,中國信託-忠孝,2023-06-26,6162
2409,友達,46,4,42,中國信託-忠孝,2023-06-26,6162
4543,萬在,61,19,42,中國信託-忠孝,2023-06-26,6162
00688L,國泰20年美債正2,37,0,37,中國信託-忠孝,2023-06-26,6162
8213,志超,38,1,37,中國信託-忠孝,2023-06-26,6162
6282,康舒,41,5,36,中國信託-忠孝,2023-06-26,6162
3032,偉訓,47,11,36,中國信託-忠孝,2023-06-26,6162
5381,合正,33,0,33,中國信託-忠孝,2023-06-26,6162
00679B,元大美債20年,32,0,32,中國信託-忠孝,2023-06-26,6162
6830,汎銓,32,0,32,中國信託-忠孝,2023-06-26,6162
4533,協易機,30,1,29,中國信託-忠孝,2023-06-26,6162
1904,正隆,85,57,28,中國信託-忠孝,2023-06-26,6162
2498,宏達電,29,2,27,中國信託-忠孝,2023-06-26,6162
00904,新光臺灣半導體30,27,0,27,中國信託-忠孝,2023-06-26,6162
1605,華新,31,7,24,中國信託-忠孝,2023-06-26,6162
9950,萬國通,24,0,24,中國信託-忠孝,2023-06-26,6162
3013,晟銘電,29,5,24,中國信託-忠孝,2023-06-26,6162
4967,十銓,26,2,24,中國信託-忠孝,2023-06-26,6162
00680L,元大美債20正2,30,7,23,中國信託-忠孝,2023-06-26,6162
8147,正淩,23,0,23,中國信託-忠孝,2023-06-26,6162
1340,勝悅-KY,31,8,23,中國信託-忠孝,2023-06-26,6162
00893,國泰智能電動車,64,42,22,中國信託-忠孝,2023-06-26,6162
00878,國泰永續高股息,71,49,22,中國信託-忠孝,2023-06-26,6162
8033,雷虎,21,0,21,中國信託-忠孝,2023-06-26,6162
3207,耀勝,24,3,21,中國信託-忠孝,2023-06-26,6162
2376,技嘉,34,14,20,中國信託-忠孝,2023-06-26,6162
1535,中宇,20,0,20,中國信託-忠孝,2023-06-26,6162
6115,鎰勝,20,0,20,中國信託-忠孝,2023-06-26,6162
00929,復華台灣科技優息,19,0,19,中國信託-忠孝,2023-06-26,6162
3481,群創,4015,83,3932,中國信託-忠孝,2023-06-27,6162
00637L,元大滬深300正2,433,108,325,中國信託-忠孝,2023-06-27,6162
00878,國泰永續高股息,290,72,218,中國信託-忠孝,2023-06-27,6162
2312,金寶,200,1,199,中國信託-忠孝,2023-06-27,6162
00706L,期元大S＆P日圓正2,135,0,135,中國信託-忠孝,2023-06-27,6162
3013,晟銘電,110,1,109,中國信託-忠孝,2023-06-27,6162
6016,康和證,109,5,104,中國信託-忠孝,2023-06-27,6162
00631L,元大台灣50正2,101,0,101,中國信託-忠孝,2023-06-27,6162
2851,中再保,100,4,96,中國信託-忠孝,2023-06-27,6162
2409,友達,110,21,89,中國信託-忠孝,2023-06-27,6162
4533,協易機,77,4,73,中國信託-忠孝,2023-06-27,6162
1529,樂事綠能,91,28,63,中國信託-忠孝,2023-06-27,6162
00902,中信電池及儲能,62,0,62,中國信託-忠孝,2023-06-27,6162
2344,華邦電,79,18,61,中國信託-忠孝,2023-06-27,6162
3036,文曄,60,0,60,中國信託-忠孝,2023-06-27,6162
2427,三商電,76,21,55,中國信託-忠孝,2023-06-27,6162
2303,聯電,68,15,53,中國信託-忠孝,2023-06-27,6162
1609,大亞,147,98,49,中國信託-忠孝,2023-06-27,6162
1337,再生-KY,48,0,48,中國信託-忠孝,2023-06-27,6162
2888,新光金,45,2,43,中國信託-忠孝,2023-06-27,6162
1605,華新,56,13,43,中國信託-忠孝,2023-06-27,6162
2317,鴻海,48,7,41,中國信託-忠孝,2023-06-27,6162
5439,高技,44,6,38,中國信託-忠孝,2023-06-27,6162
3207,耀勝,49,15,34,中國信託-忠孝,2023-06-27,6162
8930,青鋼,40,6,34,中國信託-忠孝,2023-06-27,6162
6592,和潤企業,37,6,31,中國信託-忠孝,2023-06-27,6162
00715L,期街口布蘭特正2,81,50,31,中國信託-忠孝,2023-06-27,6162
2515,中工,35,4,31,中國信託-忠孝,2023-06-27,6162
2701,萬企,50,20,30,中國信託-忠孝,2023-06-27,6162
3042,晶技,30,0,30,中國信託-忠孝,2023-06-27,6162
3202,樺晟,32,3,29,中國信託-忠孝,2023-06-27,6162
6214,精誠,28,0,28,中國信託-忠孝,2023-06-27,6162
00636,國泰中國A50,25,0,25,中國信託-忠孝,2023-06-27,6162
2017,官田鋼,25,0,25,中國信託-忠孝,2023-06-27,6162
2534,宏盛,25,0,25,中國信託-忠孝,2023-06-27,6162
2340,台亞,117,93,24,中國信託-忠孝,2023-06-27,6162
6830,汎銓,23,0,23,中國信託-忠孝,2023-06-27,6162
6026,福邦證,23,0,23,中國信託-忠孝,2023-06-27,6162
2485,兆赫,23,0,23,中國信託-忠孝,2023-06-27,6162
00713,元大台灣高息低波,30,7,23,中國信託-忠孝,2023-06-27,6162
2867,三商壽,22,0,22,中國信託-忠孝,2023-06-27,6162
00687B,國泰20年美債,38,16,22,中國信託-忠孝,2023-06-27,6162
6116,彩晶,23,1,22,中國信託-忠孝,2023-06-27,6162
00679B,元大美債20年,29,8,21,中國信託-忠孝,2023-06-27,6162
1905,華紙,58,37,21,中國信託-忠孝,2023-06-27,6162
6109,亞元,20,0,20,中國信託-忠孝,2023-06-27,6162
8054,安國,20,0,20,中國信託-忠孝,2023-06-27,6162
1535,中宇,20,0,20,中國信託-忠孝,2023-06-27,6162
1340,勝悅-KY,20,0,20,中國信託-忠孝,2023-06-27,6162
00929,復華台灣科技優息,19,0,19,中國信託-忠孝,2023-06-27,6162
00715L,期街口布蘭特正2,238,12,226,中國信託-忠孝,2023-06-28,6162
6191,精成科,145,6,139,中國信託-忠孝,2023-06-28,6162
00706L,期元大S＆P日圓正2,102,0,102,中國信託-忠孝,2023-06-28,6162
6016,康和證,66,0,66,中國信託-忠孝,2023-06-28,6162
6830,汎銓,46,0,46,中國信託-忠孝,2023-06-28,6162
1533,車王電,47,2,45,中國信託-忠孝,2023-06-28,6162
4763,材料-KY,68,24,44,中國信託-忠孝,2023-06-28,6162
6185,幃翔,40,0,40,中國信託-忠孝,2023-06-28,6162
4909,新復興,46,11,35,中國信託-忠孝,2023-06-28,6162
1605,華新,195,165,30,中國信託-忠孝,2023-06-28,6162
00665L,富邦�琤肭磪囓�2,30,0,30,中國信託-忠孝,2023-06-28,6162
3308,聯德,30,0,30,中國信託-忠孝,2023-06-28,6162
2340,台亞,97,68,29,中國信託-忠孝,2023-06-28,6162
3029,零壹,30,1,29,中國信託-忠孝,2023-06-28,6162
3025,星通,53,30,23,中國信託-忠孝,2023-06-28,6162
1522,堤維西,20,0,20,中國信託-忠孝,2023-06-28,6162
2376,技嘉,30,11,19,中國信託-忠孝,2023-06-28,6162
2449,京元電子,23,4,19,中國信託-忠孝,2023-06-28,6162
3078,僑威,31,12,19,中國信託-忠孝,2023-06-28,6162
00637L,元大滬深300正2,40,21,19,中國信託-忠孝,2023-06-28,6162
3058,立德,24,5,19,中國信託-忠孝,2023-06-28,6162
2888,新光金,21,2,19,中國信託-忠孝,2023-06-28,6162
2609,陽明,19,1,18,中國信託-忠孝,2023-06-28,6162
2371,大同,31,13,18,中國信託-忠孝,2023-06-28,6162
00671R,富邦NASDAQ反1,18,0,18,中國信託-忠孝,2023-06-28,6162
5469,瀚宇博,37,19,18,中國信託-忠孝,2023-06-28,6162
3231,緯創,247,230,17,中國信託-忠孝,2023-06-28,6162
6111,大宇資,27,11,16,中國信託-忠孝,2023-06-28,6162
3038,全台,26,11,15,中國信託-忠孝,2023-06-28,6162
00904,新光臺灣半導體30,15,0,15,中國信託-忠孝,2023-06-28,6162
4167,松瑞藥,15,0,15,中國信託-忠孝,2023-06-28,6162
3037,欣興,29,14,15,中國信託-忠孝,2023-06-28,6162
00642U,期元大S＆P石油,14,0,14,中國信託-忠孝,2023-06-28,6162
0050,元大台灣50,19,6,13,中國信託-忠孝,2023-06-28,6162
2913,農林,33,20,13,中國信託-忠孝,2023-06-28,6162
6190,萬泰科,57,44,13,中國信託-忠孝,2023-06-28,6162
00878,國泰永續高股息,60,48,12,中國信託-忠孝,2023-06-28,6162
2891,中信金,15,3,12,中國信託-忠孝,2023-06-28,6162
3380,明泰,18,6,12,中國信託-忠孝,2023-06-28,6162
4711,永純,12,0,12,中國信託-忠孝,2023-06-28,6162
00632R,元大台灣50反1,11,0,11,中國信託-忠孝,2023-06-28,6162
2421,建準,12,1,11,中國信託-忠孝,2023-06-28,6162
8358,金居,19,8,11,中國信託-忠孝,2023-06-28,6162
1762,中化生,13,2,11,中國信託-忠孝,2023-06-28,6162
1905,華紙,34,24,10,中國信託-忠孝,2023-06-28,6162
00919,群益台灣精選高息,10,0,10,中國信託-忠孝,2023-06-28,6162
1101,台泥,14,4,10,中國信託-忠孝,2023-06-28,6162
1467,南緯,10,0,10,中國信託-忠孝,2023-06-28,6162
8091,翔名,10,0,10,中國信託-忠孝,2023-06-28,6162
3049,精金,10,0,10,中國信託-忠孝,2023-06-28,6162
1909,榮成,577,3,574,中國信託-忠孝,2023-06-29,6162
9958,世紀鋼,185,18,167,中國信託-忠孝,2023-06-29,6162
00706L,期元大S＆P日圓正2,100,0,100,中國信託-忠孝,2023-06-29,6162
4532,瑞智,100,3,97,中國信託-忠孝,2023-06-29,6162
2610,華航,159,67,92,中國信託-忠孝,2023-06-29,6162
00885,富邦越南,127,37,90,中國信託-忠孝,2023-06-29,6162
3078,僑威,83,4,79,中國信託-忠孝,2023-06-29,6162
4414,如興,109,33,76,中國信託-忠孝,2023-06-29,6162
3231,緯創,312,238,74,中國信託-忠孝,2023-06-29,6162
5009,榮剛,69,2,67,中國信託-忠孝,2023-06-29,6162
2888,新光金,67,2,65,中國信託-忠孝,2023-06-29,6162
00665L,富邦�琤肭磪囓�2,60,0,60,中國信託-忠孝,2023-06-29,6162
5388,中磊,77,20,57,中國信託-忠孝,2023-06-29,6162
2887,台新金,58,4,54,中國信託-忠孝,2023-06-29,6162
00680L,元大美債20正2,50,0,50,中國信託-忠孝,2023-06-29,6162
1605,華新,52,2,50,中國信託-忠孝,2023-06-29,6162
2303,聯電,55,5,50,中國信託-忠孝,2023-06-29,6162
3163,波若威,50,4,46,中國信託-忠孝,2023-06-29,6162
2317,鴻海,45,2,43,中國信託-忠孝,2023-06-29,6162
4744,皇將,46,5,41,中國信託-忠孝,2023-06-29,6162
2630,亞航,40,1,39,中國信託-忠孝,2023-06-29,6162
3481,群創,50,12,38,中國信託-忠孝,2023-06-29,6162
4155,訊映,50,13,37,中國信託-忠孝,2023-06-29,6162
00882,中信中國高股息,36,0,36,中國信託-忠孝,2023-06-29,6162
4906,正文,39,5,34,中國信託-忠孝,2023-06-29,6162
1434,福懋,34,0,34,中國信託-忠孝,2023-06-29,6162
00720B,元大投資級公司債,33,0,33,中國信託-忠孝,2023-06-29,6162
6282,康舒,31,0,31,中國信託-忠孝,2023-06-29,6162
2867,三商壽,31,0,31,中國信託-忠孝,2023-06-29,6162
2323,中環,53,24,29,中國信託-忠孝,2023-06-29,6162
6243,迅杰,31,2,29,中國信託-忠孝,2023-06-29,6162
2338,光罩,50,21,29,中國信託-忠孝,2023-06-29,6162
1907,永豐餘,34,6,28,中國信託-忠孝,2023-06-29,6162
2609,陽明,51,26,25,中國信託-忠孝,2023-06-29,6162
2885,元大金,24,0,24,中國信託-忠孝,2023-06-29,6162
2412,中華電,21,0,21,中國信託-忠孝,2023-06-29,6162
2376,技嘉,73,53,20,中國信託-忠孝,2023-06-29,6162
3037,欣興,22,3,19,中國信託-忠孝,2023-06-29,6162
00664R,國泰臺灣加權反1,19,0,19,中國信託-忠孝,2023-06-29,6162
2353,宏��,22,3,19,中國信託-忠孝,2023-06-29,6162
00888,永豐台灣ESG,26,8,18,中國信託-忠孝,2023-06-29,6162
2882,國泰金,21,4,17,中國信託-忠孝,2023-06-29,6162
1301,台塑,18,0,18,中國信託-忠孝,2023-06-29,6162
00919,群益台灣精選高息,18,0,18,中國信託-忠孝,2023-06-29,6162
00926,凱基全球菁英55,17,0,17,中國信託-忠孝,2023-06-29,6162
6185,幃翔,16,0,16,中國信託-忠孝,2023-06-29,6162
5465,富驊,16,0,16,中國信託-忠孝,2023-06-29,6162
8069,元太,17,2,15,中國信託-忠孝,2023-06-29,6162
00761B,國泰A級公司債,15,0,15,中國信託-忠孝,2023-06-29,6162
3005,神基,20,7,13,中國信託-忠孝,2023-06-29,6162
2317,鴻海,537,12,525,中國信託-忠孝,2023-06-30,6162
2851,中再保,219,0,219,中國信託-忠孝,2023-06-30,6162
00706L,期元大S＆P日圓正2,150,0,150,中國信託-忠孝,2023-06-30,6162
2882,國泰金,151,6,145,中國信託-忠孝,2023-06-30,6162
3231,緯創,511,374,137,中國信託-忠孝,2023-06-30,6162
2344,華邦電,126,2,124,中國信託-忠孝,2023-06-30,6162
4744,皇將,105,0,105,中國信託-忠孝,2023-06-30,6162
2412,中華電,105,0,105,中國信託-忠孝,2023-06-30,6162
1471,首利,85,1,84,中國信託-忠孝,2023-06-30,6162
6470,宇智,98,16,82,中國信託-忠孝,2023-06-30,6162
00632R,元大台灣50反1,135,60,75,中國信託-忠孝,2023-06-30,6162
00878,國泰永續高股息,81,13,68,中國信託-忠孝,2023-06-30,6162
2409,友達,77,10,67,中國信託-忠孝,2023-06-30,6162
00680L,元大美債20正2,69,8,61,中國信託-忠孝,2023-06-30,6162
3447,展達,60,0,60,中國信託-忠孝,2023-06-30,6162
00687B,國泰20年美債,59,0,59,中國信託-忠孝,2023-06-30,6162
00720B,元大投資級公司債,59,0,59,中國信託-忠孝,2023-06-30,6162
2888,新光金,50,0,50,中國信託-忠孝,2023-06-30,6162
3481,群創,49,3,46,中國信託-忠孝,2023-06-30,6162
3665,貿聯-KY,49,8,41,中國信託-忠孝,2023-06-30,6162
6451,訊芯-KY,55,14,41,中國信託-忠孝,2023-06-30,6162
3078,僑威,61,21,40,中國信託-忠孝,2023-06-30,6162
00713,元大台灣高息低波,34,0,34,中國信託-忠孝,2023-06-30,6162
1605,華新,60,27,33,中國信託-忠孝,2023-06-30,6162
3576,聯合再生,33,0,33,中國信託-忠孝,2023-06-30,6162
00751B,元大AAA至A公司債,31,0,31,中國信託-忠孝,2023-06-30,6162
3259,鑫創,30,0,30,中國信託-忠孝,2023-06-30,6162
3374,精材,30,1,29,中國信託-忠孝,2023-06-30,6162
1210,大成,35,8,27,中國信託-忠孝,2023-06-30,6162
4160,訊聯基因,25,0,25,中國信託-忠孝,2023-06-30,6162
2618,長榮航,67,44,23,中國信託-忠孝,2023-06-30,6162
00882,中信中國高股息,24,2,22,中國信託-忠孝,2023-06-30,6162
0050,元大台灣50,22,3,19,中國信託-忠孝,2023-06-30,6162
2891,中信金,20,2,18,中國信託-忠孝,2023-06-30,6162
2356,英業達,35,17,18,中國信託-忠孝,2023-06-30,6162
2881,富邦金,17,0,17,中國信託-忠孝,2023-06-30,6162
2883,凱基金,25,8,17,中國信託-忠孝,2023-06-30,6162
3017,奇鋐,68,51,17,中國信託-忠孝,2023-06-30,6162
3054,立萬利,17,0,17,中國信託-忠孝,2023-06-30,6162
8050,廣積,52,36,16,中國信託-忠孝,2023-06-30,6162
5426,振發,17,1,16,中國信託-忠孝,2023-06-30,6162
00922,國泰台灣領袖50,15,0,15,中國信託-忠孝,2023-06-30,6162
00679B,元大美債20年,13,0,13,中國信託-忠孝,2023-06-30,6162
2634,漢翔,16,3,13,中國信託-忠孝,2023-06-30,6162
4175,杏一,16,3,13,中國信託-忠孝,2023-06-30,6162
3289,宜特,13,0,13,中國信託-忠孝,2023-06-30,6162
006208,富邦台50,17,4,13,中國信託-忠孝,2023-06-30,6162
1301,台塑,13,0,13,中國信託-忠孝,2023-06-30,6162
4147,中裕,27,15,12,中國信託-忠孝,2023-06-30,6162
2002,中鋼,14,2,12,中國信託-忠孝,2023-06-30,6162
6016,康和證,635,7,628,中國信託-忠孝,2023-07-03,6162
3481,群創,464,0,464,中國信託-忠孝,2023-07-03,6162
5864,致和證,450,1,449,中國信託-忠孝,2023-07-03,6162
1460,宏遠,182,3,179,中國信託-忠孝,2023-07-03,6162
2609,陽明,278,112,166,中國信託-忠孝,2023-07-03,6162
00929,復華台灣科技優息,141,6,135,中國信託-忠孝,2023-07-03,6162
2201,裕隆,117,3,114,中國信託-忠孝,2023-07-03,6162
1337,再生-KY,100,0,100,中國信託-忠孝,2023-07-03,6162
2382,廣達,125,28,97,中國信託-忠孝,2023-07-03,6162
00631L,元大台灣50正2,100,3,97,中國信託-忠孝,2023-07-03,6162
1471,首利,120,28,92,中國信託-忠孝,2023-07-03,6162
8930,青鋼,80,0,80,中國信託-忠孝,2023-07-03,6162
00706L,期元大S＆P日圓正2,76,0,76,中國信託-忠孝,2023-07-03,6162
2409,友達,78,3,75,中國信託-忠孝,2023-07-03,6162
1584,精剛,50,3,47,中國信託-忠孝,2023-07-03,6162
2618,長榮航,183,138,45,中國信託-忠孝,2023-07-03,6162
6285,啟��,70,27,43,中國信託-忠孝,2023-07-03,6162
8050,廣積,56,15,41,中國信託-忠孝,2023-07-03,6162
3706,神達,62,22,40,中國信託-忠孝,2023-07-03,6162
3443,創意,44,4,40,中國信託-忠孝,2023-07-03,6162
4538,大詠城,52,14,38,中國信託-忠孝,2023-07-03,6162
8426,紅木-KY,36,0,36,中國信託-忠孝,2023-07-03,6162
2312,金寶,36,0,36,中國信託-忠孝,2023-07-03,6162
2882,國泰金,34,3,31,中國信託-忠孝,2023-07-03,6162
3289,宜特,33,2,31,中國信託-忠孝,2023-07-03,6162
6203,海韻電,31,2,29,中國信託-忠孝,2023-07-03,6162
3374,精材,30,4,26,中國信託-忠孝,2023-07-03,6162
3055,蔚華科,25,0,25,中國信託-忠孝,2023-07-03,6162
1504,東元,27,2,25,中國信託-忠孝,2023-07-03,6162
6116,彩晶,25,0,25,中國信託-忠孝,2023-07-03,6162
00888,永豐台灣ESG,24,0,24,中國信託-忠孝,2023-07-03,6162
6139,亞翔,24,1,23,中國信託-忠孝,2023-07-03,6162
8358,金居,33,11,22,中國信託-忠孝,2023-07-03,6162
6125,廣運,29,7,22,中國信託-忠孝,2023-07-03,6162
2419,仲琦,43,22,21,中國信託-忠孝,2023-07-03,6162
2515,中工,20,0,20,中國信託-忠孝,2023-07-03,6162
1528,恩德,36,16,20,中國信託-忠孝,2023-07-03,6162
6229,研通,20,0,20,中國信託-忠孝,2023-07-03,6162
1591,駿吉-KY,22,2,20,中國信託-忠孝,2023-07-03,6162
5215,科嘉-KY,20,0,20,中國信託-忠孝,2023-07-03,6162
3207,耀勝,54,35,19,中國信託-忠孝,2023-07-03,6162
2888,新光金,25,6,19,中國信託-忠孝,2023-07-03,6162
5263,智崴,19,0,19,中國信託-忠孝,2023-07-03,6162
4155,訊映,22,4,18,中國信託-忠孝,2023-07-03,6162
4968,立積,24,6,18,中國信託-忠孝,2023-07-03,6162
8936,國統,18,0,18,中國信託-忠孝,2023-07-03,6162
5388,中磊,26,8,18,中國信託-忠孝,2023-07-03,6162
2356,英業達,60,43,17,中國信託-忠孝,2023-07-03,6162
2317,鴻海,55,38,17,中國信託-忠孝,2023-07-03,6162
3652,精聯,19,2,17,中國信託-忠孝,2023-07-03,6162
2615,萬海,600,69,531,中國信託-忠孝,2023-07-04,6162
6592,和潤企業,234,6,228,中國信託-忠孝,2023-07-04,6162
2317,鴻海,701,514,187,中國信託-忠孝,2023-07-04,6162
0056,元大高股息,222,35,187,中國信託-忠孝,2023-07-04,6162
3583,辛耘,186,11,175,中國信託-忠孝,2023-07-04,6162
2603,長榮,468,309,159,中國信託-忠孝,2023-07-04,6162
00929,復華台灣科技優息,150,1,149,中國信託-忠孝,2023-07-04,6162
2888,新光金,192,45,147,中國信託-忠孝,2023-07-04,6162
2610,華航,141,16,125,中國信託-忠孝,2023-07-04,6162
2887,台新金,116,1,115,中國信託-忠孝,2023-07-04,6162
1108,幸福,100,0,100,中國信託-忠孝,2023-07-04,6162
1313,聯成,100,0,100,中國信託-忠孝,2023-07-04,6162
3055,蔚華科,57,2,55,中國信託-忠孝,2023-07-04,6162
3481,群創,74,20,54,中國信託-忠孝,2023-07-04,6162
2399,映泰,83,31,52,中國信託-忠孝,2023-07-04,6162
2884,玉山金,50,0,50,中國信託-忠孝,2023-07-04,6162
3715,定穎投控,65,15,50,中國信託-忠孝,2023-07-04,6162
4538,大詠城,50,0,50,中國信託-忠孝,2023-07-04,6162
3325,旭品,49,0,49,中國信託-忠孝,2023-07-04,6162
3706,神達,93,45,48,中國信託-忠孝,2023-07-04,6162
00893,國泰智能電動車,70,24,46,中國信託-忠孝,2023-07-04,6162
2851,中再保,44,0,44,中國信託-忠孝,2023-07-04,6162
9937,全國,43,0,43,中國信託-忠孝,2023-07-04,6162
2301,光寶科,84,44,40,中國信託-忠孝,2023-07-04,6162
1452,宏益,37,0,37,中國信託-忠孝,2023-07-04,6162
00919,群益台灣精選高息,59,22,37,中國信託-忠孝,2023-07-04,6162
1504,東元,52,16,36,中國信託-忠孝,2023-07-04,6162
2376,技嘉,75,40,35,中國信託-忠孝,2023-07-04,6162
3707,漢磊,36,2,34,中國信託-忠孝,2023-07-04,6162
6125,廣運,38,5,33,中國信託-忠孝,2023-07-04,6162
00637L,元大滬深300正2,33,0,33,中國信託-忠孝,2023-07-04,6162
3036,文曄,31,0,31,中國信託-忠孝,2023-07-04,6162
2362,藍天,30,0,30,中國信託-忠孝,2023-07-04,6162
1471,首利,27,0,27,中國信託-忠孝,2023-07-04,6162
3362,先進光,31,7,24,中國信託-忠孝,2023-07-04,6162
2609,陽明,129,105,24,中國信託-忠孝,2023-07-04,6162
2356,英業達,184,160,24,中國信託-忠孝,2023-07-04,6162
3704,合勤控,94,71,23,中國信託-忠孝,2023-07-04,6162
2883,凱基金,32,9,23,中國信託-忠孝,2023-07-04,6162
1760,寶齡富錦,31,9,22,中國信託-忠孝,2023-07-04,6162
6276,安鈦克,23,1,22,中國信託-忠孝,2023-07-04,6162
00652,富邦印度,20,0,20,中國信託-忠孝,2023-07-04,6162
9944,新麗,20,0,20,中國信託-忠孝,2023-07-04,6162
4744,皇將,20,0,20,中國信託-忠孝,2023-07-04,6162
2010,春源,27,8,19,中國信託-忠孝,2023-07-04,6162
1513,中興電,25,7,18,中國信託-忠孝,2023-07-04,6162
00720B,元大投資級公司債,21,3,18,中國信託-忠孝,2023-07-04,6162
6830,汎銓,17,0,17,中國信託-忠孝,2023-07-04,6162
00764B,群益25年美債,15,0,15,中國信託-忠孝,2023-07-04,6162
1301,台塑,15,0,15,中國信託-忠孝,2023-07-04,6162
00637L,元大滬深300正2,722,33,689,中國信託-忠孝,2023-07-05,6162
2867,三商壽,173,46,127,中國信託-忠孝,2023-07-05,6162
00673R,期元大S＆P原油反1,125,0,125,中國信託-忠孝,2023-07-05,6162
2610,華航,288,165,123,中國信託-忠孝,2023-07-05,6162
9945,潤泰新,111,5,106,中國信託-忠孝,2023-07-05,6162
2412,中華電,104,0,104,中國信託-忠孝,2023-07-05,6162
0056,元大高股息,143,43,100,中國信託-忠孝,2023-07-05,6162
3564,其陽,86,0,86,中國信託-忠孝,2023-07-05,6162
00665L,富邦�琤肭磪囓�2,80,0,80,中國信託-忠孝,2023-07-05,6162
3363,上詮,75,18,57,中國信託-忠孝,2023-07-05,6162
2356,英業達,134,79,55,中國信託-忠孝,2023-07-05,6162
00893,國泰智能電動車,51,0,51,中國信託-忠孝,2023-07-05,6162
4904,遠傳,49,0,49,中國信託-忠孝,2023-07-05,6162
2340,台亞,42,3,39,中國信託-忠孝,2023-07-05,6162
3231,緯創,291,257,34,中國信託-忠孝,2023-07-05,6162
00929,復華台灣科技優息,33,0,33,中國信託-忠孝,2023-07-05,6162
2303,聯電,42,9,33,中國信託-忠孝,2023-07-05,6162
5876,上海商銀,32,0,32,中國信託-忠孝,2023-07-05,6162
1452,宏益,31,0,31,中國信託-忠孝,2023-07-05,6162
00891,中信關鍵半導體,41,10,31,中國信託-忠孝,2023-07-05,6162
6185,幃翔,30,0,30,中國信託-忠孝,2023-07-05,6162
2388,威盛,30,1,29,中國信託-忠孝,2023-07-05,6162
00720B,元大投資級公司債,29,1,28,中國信託-忠孝,2023-07-05,6162
4979,華星光,41,15,26,中國信託-忠孝,2023-07-05,6162
5706,鳳凰,36,11,25,中國信託-忠孝,2023-07-05,6162
6592,和潤企業,26,2,24,中國信託-忠孝,2023-07-05,6162
3025,星通,27,5,22,中國信託-忠孝,2023-07-05,6162
1609,大亞,33,11,22,中國信託-忠孝,2023-07-05,6162
2369,菱生,35,13,22,中國信託-忠孝,2023-07-05,6162
3217,優群,22,0,22,中國信託-忠孝,2023-07-05,6162
2606,裕民,24,2,22,中國信託-忠孝,2023-07-05,6162
2344,華邦電,22,1,21,中國信託-忠孝,2023-07-05,6162
6472,保瑞,23,2,21,中國信託-忠孝,2023-07-05,6162
00907,永豐優息存股,20,0,20,中國信託-忠孝,2023-07-05,6162
1522,堤維西,20,0,20,中國信託-忠孝,2023-07-05,6162
4711,永純,20,0,20,中國信託-忠孝,2023-07-05,6162
5234,達興材料,22,3,19,中國信託-忠孝,2023-07-05,6162
1216,統一,20,1,19,中國信託-忠孝,2023-07-05,6162
2449,京元電子,20,1,19,中國信託-忠孝,2023-07-05,6162
4968,立積,42,24,18,中國信託-忠孝,2023-07-05,6162
2427,三商電,21,3,18,中國信託-忠孝,2023-07-05,6162
2731,雄獅,19,2,17,中國信託-忠孝,2023-07-05,6162
3055,蔚華科,16,0,16,中國信託-忠孝,2023-07-05,6162
1313,聯成,16,0,16,中國信託-忠孝,2023-07-05,6162
00655L,國泰中國A50正2,16,0,16,中國信託-忠孝,2023-07-05,6162
00713,元大台灣高息低波,15,0,15,中國信託-忠孝,2023-07-05,6162
2419,仲琦,22,8,14,中國信託-忠孝,2023-07-05,6162
3481,群創,14,0,14,中國信託-忠孝,2023-07-05,6162
3037,欣興,42,28,14,中國信託-忠孝,2023-07-05,6162
00687B,國泰20年美債,13,0,13,中國信託-忠孝,2023-07-05,6162
2317,鴻海,265,16,249,中國信託-忠孝,2023-07-06,6162
00665L,富邦�琤肭磪囓�2,228,0,228,中國信託-忠孝,2023-07-06,6162
2340,台亞,247,71,176,中國信託-忠孝,2023-07-06,6162
2618,長榮航,176,26,150,中國信託-忠孝,2023-07-06,6162
00878,國泰永續高股息,177,33,144,中國信託-忠孝,2023-07-06,6162
2615,萬海,188,52,136,中國信託-忠孝,2023-07-06,6162
00673R,期元大S＆P原油反1,133,0,133,中國信託-忠孝,2023-07-06,6162
2891,中信金,131,4,127,中國信託-忠孝,2023-07-06,6162
00929,復華台灣科技優息,133,13,120,中國信託-忠孝,2023-07-06,6162
3231,緯創,322,204,118,中國信託-忠孝,2023-07-06,6162
0056,元大高股息,154,47,107,中國信託-忠孝,2023-07-06,6162
2851,中再保,126,26,100,中國信託-忠孝,2023-07-06,6162
1108,幸福,100,0,100,中國信託-忠孝,2023-07-06,6162
9958,世紀鋼,101,3,98,中國信託-忠孝,2023-07-06,6162
3706,神達,105,8,97,中國信託-忠孝,2023-07-06,6162
8215,明基材,157,63,94,中國信託-忠孝,2023-07-06,6162
2881,富邦金,94,0,94,中國信託-忠孝,2023-07-06,6162
4123,晟德,91,10,81,中國信託-忠孝,2023-07-06,6162
2610,華航,148,69,79,中國信託-忠孝,2023-07-06,6162
1471,首利,77,1,76,中國信託-忠孝,2023-07-06,6162
00680L,元大美債20正2,66,0,66,中國信託-忠孝,2023-07-06,6162
5439,高技,65,0,65,中國信託-忠孝,2023-07-06,6162
5864,致和證,100,35,65,中國信託-忠孝,2023-07-06,6162
9945,潤泰新,63,4,59,中國信託-忠孝,2023-07-06,6162
00637L,元大滬深300正2,64,5,59,中國信託-忠孝,2023-07-06,6162
00631L,元大台灣50正2,54,0,54,中國信託-忠孝,2023-07-06,6162
8069,元太,82,29,53,中國信託-忠孝,2023-07-06,6162
2323,中環,75,24,51,中國信託-忠孝,2023-07-06,6162
5009,榮剛,59,8,51,中國信託-忠孝,2023-07-06,6162
1313,聯成,51,0,51,中國信託-忠孝,2023-07-06,6162
4711,永純,50,0,50,中國信託-忠孝,2023-07-06,6162
2812,台中銀,54,4,50,中國信託-忠孝,2023-07-06,6162
1444,力麗,50,0,50,中國信託-忠孝,2023-07-06,6162
3363,上詮,59,10,49,中國信託-忠孝,2023-07-06,6162
00882,中信中國高股息,48,2,46,中國信託-忠孝,2023-07-06,6162
0050,元大台灣50,41,0,41,中國信託-忠孝,2023-07-06,6162
1504,東元,46,8,38,中國信託-忠孝,2023-07-06,6162
00720B,元大投資級公司債,36,0,36,中國信託-忠孝,2023-07-06,6162
00687B,國泰20年美債,33,0,33,中國信託-忠孝,2023-07-06,6162
2330,台積電,34,3,31,中國信託-忠孝,2023-07-06,6162
00891,中信關鍵半導體,30,0,30,中國信託-忠孝,2023-07-06,6162
00706L,期元大S＆P日圓正2,30,0,30,中國信託-忠孝,2023-07-06,6162
00795B,中信美國公債20年,39,10,29,中國信託-忠孝,2023-07-06,6162
6576,逸達,26,0,26,中國信託-忠孝,2023-07-06,6162
00712,復華富時不動產,31,6,25,中國信託-忠孝,2023-07-06,6162
1452,宏益,25,0,25,中國信託-忠孝,2023-07-06,6162
1905,華紙,26,1,25,中國信託-忠孝,2023-07-06,6162
1301,台塑,25,0,25,中國信託-忠孝,2023-07-06,6162
3037,欣興,83,59,24,中國信託-忠孝,2023-07-06,6162
2887,台新金,26,1,25,中國信託-忠孝,2023-07-06,6162
2855,統一證,1048,0,1048,中國信託-忠孝,2023-07-07,6162
2317,鴻海,344,90,254,中國信託-忠孝,2023-07-07,6162
2489,瑞軒,200,4,196,中國信託-忠孝,2023-07-07,6162
00680L,元大美債20正2,129,0,129,中國信託-忠孝,2023-07-07,6162
00712,復華富時不動產,111,5,106,中國信託-忠孝,2023-07-07,6162
3481,群創,122,18,104,中國信託-忠孝,2023-07-07,6162
00679B,元大美債20年,91,0,91,中國信託-忠孝,2023-07-07,6162
3013,晟銘電,95,6,89,中國信託-忠孝,2023-07-07,6162
00882,中信中國高股息,76,1,75,中國信託-忠孝,2023-07-07,6162
00665L,富邦�琤肭磪囓�2,68,0,68,中國信託-忠孝,2023-07-07,6162
00878,國泰永續高股息,108,41,67,中國信託-忠孝,2023-07-07,6162
00772B,中信高評級公司債,67,0,67,中國信託-忠孝,2023-07-07,6162
6830,汎銓,63,0,63,中國信託-忠孝,2023-07-07,6162
00673R,期元大S＆P原油反1,62,0,62,中國信託-忠孝,2023-07-07,6162
2615,萬海,64,3,61,中國信託-忠孝,2023-07-07,6162
6282,康舒,136,78,58,中國信託-忠孝,2023-07-07,6162
2340,台亞,149,91,58,中國信託-忠孝,2023-07-07,6162
5439,高技,67,12,55,中國信託-忠孝,2023-07-07,6162
00631L,元大台灣50正2,52,0,52,中國信託-忠孝,2023-07-07,6162
1108,幸福,50,0,50,中國信託-忠孝,2023-07-07,6162
1504,東元,53,5,48,中國信託-忠孝,2023-07-07,6162
00720B,元大投資級公司債,67,20,47,中國信託-忠孝,2023-07-07,6162
2888,新光金,53,8,45,中國信託-忠孝,2023-07-07,6162
2881,富邦金,40,0,40,中國信託-忠孝,2023-07-07,6162
00751B,元大AAA至A公司債,39,0,39,中國信託-忠孝,2023-07-07,6162
00650L,復華香港正2,32,0,32,中國信託-忠孝,2023-07-07,6162
6125,廣運,32,2,30,中國信託-忠孝,2023-07-07,6162
6462,神盾,33,3,30,中國信託-忠孝,2023-07-07,6162
3036,文曄,30,0,30,中國信託-忠孝,2023-07-07,6162
2618,長榮航,161,131,30,中國信託-忠孝,2023-07-07,6162
1452,宏益,30,0,30,中國信託-忠孝,2023-07-07,6162
00706L,期元大S＆P日圓正2,30,0,30,中國信託-忠孝,2023-07-07,6162
00795B,中信美國公債20年,29,0,29,中國信託-忠孝,2023-07-07,6162
4763,材料-KY,41,12,29,中國信託-忠孝,2023-07-07,6162
00722B,群益投資級電信債,28,0,28,中國信託-忠孝,2023-07-07,6162
2201,裕隆,31,3,28,中國信託-忠孝,2023-07-07,6162
4414,如興,31,4,27,中國信託-忠孝,2023-07-07,6162
2845,遠東銀,27,0,27,中國信託-忠孝,2023-07-07,6162
00753L,中信中國50正2,26,0,26,中國信託-忠孝,2023-07-07,6162
00637L,元大滬深300正2,61,37,24,中國信託-忠孝,2023-07-07,6162
4155,訊映,24,0,24,中國信託-忠孝,2023-07-07,6162
5864,致和證,45,23,22,中國信託-忠孝,2023-07-07,6162
9907,統一實,22,0,22,中國信託-忠孝,2023-07-07,6162
0050,元大台灣50,24,3,21,中國信託-忠孝,2023-07-07,6162
8033,雷虎,20,0,20,中國信託-忠孝,2023-07-07,6162
3363,上詮,23,3,20,中國信託-忠孝,2023-07-07,6162
3257,虹冠電,20,0,20,中國信託-忠孝,2023-07-07,6162
3024,憶聲,19,0,19,中國信託-忠孝,2023-07-07,6162
3022,威強電,19,0,19,中國信託-忠孝,2023-07-07,6162
00687B,國泰20年美債,30,12,18,中國信託-忠孝,2023-07-07,6162
6016,康和證,1890,380,1510,中國信託-忠孝,2023-07-10,6162
00885,富邦越南,247,3,244,中國信託-忠孝,2023-07-10,6162
00929,復華台灣科技優息,186,7,179,中國信託-忠孝,2023-07-10,6162
5864,致和證,160,0,160,中國信託-忠孝,2023-07-10,6162
2615,萬海,146,3,143,中國信託-忠孝,2023-07-10,6162
2855,統一證,133,0,133,中國信託-忠孝,2023-07-10,6162
2883,凱基金,131,4,127,中國信託-忠孝,2023-07-10,6162
00680L,元大美債20正2,109,0,109,中國信託-忠孝,2023-07-10,6162
00673R,期元大S＆P原油反1,97,0,97,中國信託-忠孝,2023-07-10,6162
6546,正基,96,0,96,中國信託-忠孝,2023-07-10,6162
2062,橋椿,70,0,70,中國信託-忠孝,2023-07-10,6162
00882,中信中國高股息,75,5,70,中國信託-忠孝,2023-07-10,6162
00753L,中信中國50正2,72,3,69,中國信託-忠孝,2023-07-10,6162
1101,台泥,71,7,64,中國信託-忠孝,2023-07-10,6162
1604,聲寶,50,0,50,中國信託-忠孝,2023-07-10,6162
5512,力麒,50,1,49,中國信託-忠孝,2023-07-10,6162
00772B,中信高評級公司債,49,0,49,中國信託-忠孝,2023-07-10,6162
00919,群益台灣精選高息,46,0,46,中國信託-忠孝,2023-07-10,6162
2353,宏��,51,5,46,中國信託-忠孝,2023-07-10,6162
00795B,中信美國公債20年,45,0,45,中國信託-忠孝,2023-07-10,6162
6026,福邦證,44,0,44,中國信託-忠孝,2023-07-10,6162
1477,聚陽,44,2,42,中國信託-忠孝,2023-07-10,6162
00715L,期街口布蘭特正2,72,31,41,中國信託-忠孝,2023-07-10,6162
2618,長榮航,40,2,38,中國信託-忠孝,2023-07-10,6162
6120,達運,108,70,38,中國信託-忠孝,2023-07-10,6162
3363,上詮,37,2,35,中國信託-忠孝,2023-07-10,6162
00679B,元大美債20年,30,0,30,中國信託-忠孝,2023-07-10,6162
00706L,期元大S＆P日圓正2,30,0,30,中國信託-忠孝,2023-07-10,6162
1471,首利,29,0,29,中國信託-忠孝,2023-07-10,6162
5381,合正,56,28,28,中國信託-忠孝,2023-07-10,6162
2449,京元電子,30,2,28,中國信託-忠孝,2023-07-10,6162
1591,駿吉-KY,30,2,28,中國信託-忠孝,2023-07-10,6162
5439,高技,40,13,27,中國信託-忠孝,2023-07-10,6162
6148,驊宏資,27,0,27,中國信託-忠孝,2023-07-10,6162
00878,國泰永續高股息,37,11,26,中國信託-忠孝,2023-07-10,6162
2882,國泰金,27,0,27,中國信託-忠孝,2023-07-10,6162
1319,東陽,25,0,25,中國信託-忠孝,2023-07-10,6162
3450,聯鈞,45,20,25,中國信託-忠孝,2023-07-10,6162
1742,台蠟,24,0,24,中國信託-忠孝,2023-07-10,6162
00687B,國泰20年美債,24,0,24,中國信託-忠孝,2023-07-10,6162
2603,長榮,39,17,22,中國信託-忠孝,2023-07-10,6162
2888,新光金,34,12,22,中國信託-忠孝,2023-07-10,6162
6023,元大期,25,4,21,中國信託-忠孝,2023-07-10,6162
2109,華豐,20,0,20,中國信託-忠孝,2023-07-10,6162
3078,僑威,21,2,19,中國信託-忠孝,2023-07-10,6162
2317,鴻海,22,3,19,中國信託-忠孝,2023-07-10,6162
2884,玉山金,19,0,19,中國信託-忠孝,2023-07-10,6162
3346,麗清,76,59,17,中國信託-忠孝,2023-07-10,6162
2481,強茂,74,57,17,中國信託-忠孝,2023-07-10,6162
2206,三陽工業,19,3,16,中國信託-忠孝,2023-07-10,6162
3481,群創,1455,1196,259,中國信託-忠孝,2023-07-11,6162
8930,青鋼,130,2,128,中國信託-忠孝,2023-07-11,6162
2615,萬海,102,2,100,中國信託-忠孝,2023-07-11,6162
00885,富邦越南,104,8,96,中國信託-忠孝,2023-07-11,6162
6546,正基,71,6,65,中國信託-忠孝,2023-07-11,6162
00673R,期元大S＆P原油反1,65,0,65,中國信託-忠孝,2023-07-11,6162
2062,橋椿,60,0,60,中國信託-忠孝,2023-07-11,6162
6016,康和證,121,65,56,中國信託-忠孝,2023-07-11,6162
4968,立積,78,25,53,中國信託-忠孝,2023-07-11,6162
2312,金寶,57,4,53,中國信託-忠孝,2023-07-11,6162
6234,高僑,95,42,53,中國信託-忠孝,2023-07-11,6162
2317,鴻海,53,2,51,中國信託-忠孝,2023-07-11,6162
2201,裕隆,47,3,44,中國信託-忠孝,2023-07-11,6162
5258,虹堡,51,12,39,中國信託-忠孝,2023-07-11,6162
1742,台蠟,37,3,34,中國信託-忠孝,2023-07-11,6162
00637L,元大滬深300正2,74,40,34,中國信託-忠孝,2023-07-11,6162
3025,星通,49,15,34,中國信託-忠孝,2023-07-11,6162
2498,宏達電,37,5,32,中國信託-忠孝,2023-07-11,6162
3055,蔚華科,32,0,32,中國信託-忠孝,2023-07-11,6162
1905,華紙,30,3,27,中國信託-忠孝,2023-07-11,6162
2449,京元電子,28,2,26,中國信託-忠孝,2023-07-11,6162
2204,中華,25,0,25,中國信託-忠孝,2023-07-11,6162
1312,國喬,25,0,25,中國信託-忠孝,2023-07-11,6162
6288,聯嘉,21,0,21,中國信託-忠孝,2023-07-11,6162
00680L,元大美債20正2,21,0,21,中國信託-忠孝,2023-07-11,6162
2419,仲琦,26,6,20,中國信託-忠孝,2023-07-11,6162
1313,聯成,20,0,20,中國信託-忠孝,2023-07-11,6162
6126,信音,21,1,20,中國信託-忠孝,2023-07-11,6162
00679B,元大美債20年,19,0,19,中國信託-忠孝,2023-07-11,6162
6508,惠光,19,0,19,中國信託-忠孝,2023-07-11,6162
1515,力山,121,102,19,中國信託-忠孝,2023-07-11,6162
6274,台燿,66,47,19,中國信託-忠孝,2023-07-11,6162
2603,長榮,27,9,18,中國信託-忠孝,2023-07-11,6162
6023,元大期,18,0,18,中國信託-忠孝,2023-07-11,6162
6109,亞元,16,0,16,中國信託-忠孝,2023-07-11,6162
2402,毅嘉,19,3,16,中國信託-忠孝,2023-07-11,6162
2881,富邦金,18,2,16,中國信託-忠孝,2023-07-11,6162
2023,燁輝,60,44,16,中國信託-忠孝,2023-07-11,6162
00632R,元大台灣50反1,15,0,15,中國信託-忠孝,2023-07-11,6162
1477,聚陽,19,5,14,中國信託-忠孝,2023-07-11,6162
6179,亞通,14,0,14,中國信託-忠孝,2023-07-11,6162
5457,宣德,19,5,14,中國信託-忠孝,2023-07-11,6162
1604,聲寶,14,1,13,中國信託-忠孝,2023-07-11,6162
3363,上詮,15,2,13,中國信託-忠孝,2023-07-11,6162
4906,正文,13,1,12,中國信託-忠孝,2023-07-11,6162
6142,友勁,12,0,12,中國信託-忠孝,2023-07-11,6162
2457,飛宏,46,34,12,中國信託-忠孝,2023-07-11,6162
9958,世紀鋼,16,4,12,中國信託-忠孝,2023-07-11,6162
2340,台亞,52,41,11,中國信託-忠孝,2023-07-11,6162
9904,寶成,11,0,11,中國信託-忠孝,2023-07-11,6162
2812,台中銀,485,2,483,中國信託-忠孝,2023-07-12,6162
2317,鴻海,256,15,241,中國信託-忠孝,2023-07-12,6162
00673R,期元大S＆P原油反1,175,0,175,中國信託-忠孝,2023-07-12,6162
5258,虹堡,190,31,159,中國信託-忠孝,2023-07-12,6162
4123,晟德,101,3,98,中國信託-忠孝,2023-07-12,6162
9958,世紀鋼,101,4,97,中國信託-忠孝,2023-07-12,6162
00706L,期元大S＆P日圓正2,94,0,94,中國信託-忠孝,2023-07-12,6162
3231,緯創,283,208,75,中國信託-忠孝,2023-07-12,6162
6016,康和證,107,40,67,中國信託-忠孝,2023-07-12,6162
3706,神達,159,97,62,中國信託-忠孝,2023-07-12,6162
2615,萬海,59,1,58,中國信託-忠孝,2023-07-12,6162
1460,宏遠,54,0,54,中國信託-忠孝,2023-07-12,6162
6592,和潤企業,72,22,50,中國信託-忠孝,2023-07-12,6162
1108,幸福,50,0,50,中國信託-忠孝,2023-07-12,6162
3029,零壹,52,4,48,中國信託-忠孝,2023-07-12,6162
2748,雲品,48,6,42,中國信託-忠孝,2023-07-12,6162
2493,揚博,33,0,33,中國信託-忠孝,2023-07-12,6162
00680L,元大美債20正2,32,0,32,中國信託-忠孝,2023-07-12,6162
8936,國統,32,0,32,中國信託-忠孝,2023-07-12,6162
2332,友訊,31,0,31,中國信託-忠孝,2023-07-12,6162
6116,彩晶,30,0,30,中國信託-忠孝,2023-07-12,6162
6161,捷波,40,10,30,中國信託-忠孝,2023-07-12,6162
4532,瑞智,36,6,30,中國信託-忠孝,2023-07-12,6162
6139,亞翔,59,31,28,中國信託-忠孝,2023-07-12,6162
1471,首利,33,8,25,中國信託-忠孝,2023-07-12,6162
2892,第一金,26,1,25,中國信託-忠孝,2023-07-12,6162
00720B,元大投資級公司債,23,0,23,中國信託-忠孝,2023-07-12,6162
5864,致和證,23,0,23,中國信託-忠孝,2023-07-12,6162
2425,承啟,70,48,22,中國信託-忠孝,2023-07-12,6162
5439,高技,74,52,22,中國信託-忠孝,2023-07-12,6162
6214,精誠,21,0,21,中國信託-忠孝,2023-07-12,6162
1337,再生-KY,20,0,20,中國信託-忠孝,2023-07-12,6162
2062,橋椿,20,0,20,中國信託-忠孝,2023-07-12,6162
6830,汎銓,20,0,20,中國信託-忠孝,2023-07-12,6162
1313,聯成,20,0,20,中國信託-忠孝,2023-07-12,6162
3141,晶宏,20,0,20,中國信託-忠孝,2023-07-12,6162
8927,北基,20,0,20,中國信託-忠孝,2023-07-12,6162
4533,協易機,24,4,20,中國信託-忠孝,2023-07-12,6162
00929,復華台灣科技優息,126,107,19,中國信託-忠孝,2023-07-12,6162
3287,廣寰科,21,2,19,中國信託-忠孝,2023-07-12,6162
2603,長榮,46,27,19,中國信託-忠孝,2023-07-12,6162
2323,中環,26,8,18,中國信託-忠孝,2023-07-12,6162
5483,中美晶,32,14,18,中國信託-忠孝,2023-07-12,6162
00730,富邦臺灣優質高息,18,0,18,中國信託-忠孝,2023-07-12,6162
2845,遠東銀,20,2,18,中國信託-忠孝,2023-07-12,6162
5234,達興材料,21,3,18,中國信託-忠孝,2023-07-12,6162
2481,強茂,36,19,17,中國信託-忠孝,2023-07-12,6162
8147,正淩,17,0,17,中國信託-忠孝,2023-07-12,6162
2734,易飛網,17,0,17,中國信託-忠孝,2023-07-12,6162
4968,立積,32,16,16,中國信託-忠孝,2023-07-12,6162
1460,宏遠,443,0,443,中國信託-忠孝,2023-07-13,6162
2382,廣達,443,93,350,中國信託-忠孝,2023-07-13,6162
2609,陽明,362,131,231,中國信託-忠孝,2023-07-13,6162
00673R,期元大S＆P原油反1,182,5,177,中國信託-忠孝,2023-07-13,6162
00712,復華富時不動產,207,73,134,中國信託-忠孝,2023-07-13,6162
2618,長榮航,235,110,125,中國信託-忠孝,2023-07-13,6162
2610,華航,245,124,121,中國信託-忠孝,2023-07-13,6162
2615,萬海,98,21,77,中國信託-忠孝,2023-07-13,6162
00680L,元大美債20正2,222,161,61,中國信託-忠孝,2023-07-13,6162
5864,致和證,80,19,61,中國信託-忠孝,2023-07-13,6162
2356,英業達,219,159,60,中國信託-忠孝,2023-07-13,6162
6233,旺玖,60,0,60,中國信託-忠孝,2023-07-13,6162
1313,聯成,60,0,60,中國信託-忠孝,2023-07-13,6162
00893,國泰智能電動車,82,25,57,中國信託-忠孝,2023-07-13,6162
5009,榮剛,59,2,57,中國信託-忠孝,2023-07-13,6162
2486,一詮,55,1,54,中國信託-忠孝,2023-07-13,6162
2603,長榮,128,80,48,中國信託-忠孝,2023-07-13,6162
4533,協易機,52,4,48,中國信託-忠孝,2023-07-13,6162
8050,廣積,52,5,47,中國信託-忠孝,2023-07-13,6162
2353,宏��,100,56,44,中國信託-忠孝,2023-07-13,6162
3325,旭品,42,0,42,中國信託-忠孝,2023-07-13,6162
00795B,中信美國公債20年,54,13,41,中國信託-忠孝,2023-07-13,6162
00671R,富邦NASDAQ反1,37,0,37,中國信託-忠孝,2023-07-13,6162
00687B,國泰20年美債,40,6,34,中國信託-忠孝,2023-07-13,6162
2633,台灣高鐵,33,1,32,中國信託-忠孝,2023-07-13,6162
3058,立德,31,0,31,中國信託-忠孝,2023-07-13,6162
00679B,元大美債20年,37,10,27,中國信託-忠孝,2023-07-13,6162
00720B,元大投資級公司債,26,1,25,中國信託-忠孝,2023-07-13,6162
2367,燿華,27,2,25,中國信託-忠孝,2023-07-13,6162
2887,台新金,25,0,25,中國信託-忠孝,2023-07-13,6162
00905,FT臺灣Smart,28,5,23,中國信託-忠孝,2023-07-13,6162
3045,台灣大,23,0,23,中國信託-忠孝,2023-07-13,6162
2534,宏盛,23,0,23,中國信託-忠孝,2023-07-13,6162
2442,新美齊,23,0,23,中國信託-忠孝,2023-07-13,6162
6026,福邦證,21,0,21,中國信託-忠孝,2023-07-13,6162
2329,華泰,74,53,21,中國信託-忠孝,2023-07-13,6162
4904,遠傳,21,0,21,中國信託-忠孝,2023-07-13,6162
5386,青雲,20,0,20,中國信託-忠孝,2023-07-13,6162
1591,駿吉-KY,24,4,20,中國信託-忠孝,2023-07-13,6162
4968,立積,26,7,19,中國信託-忠孝,2023-07-13,6162
3338,泰碩,20,1,19,中國信託-忠孝,2023-07-13,6162
1528,恩德,22,3,19,中國信託-忠孝,2023-07-13,6162
9958,世紀鋼,35,17,18,中國信託-忠孝,2023-07-13,6162
2436,偉詮電,21,3,18,中國信託-忠孝,2023-07-13,6162
3483,力致,20,2,18,中國信託-忠孝,2023-07-13,6162
00930,永豐ESG低碳高息,17,0,17,中國信託-忠孝,2023-07-13,6162
2340,台亞,45,28,17,中國信託-忠孝,2023-07-13,6162
1795,美時,18,2,16,中國信託-忠孝,2023-07-13,6162
6548,長科*,37,21,16,中國信託-忠孝,2023-07-13,6162
8070,長華*,16,1,15,中國信託-忠孝,2023-07-13,6162
6016,康和證,774,44,730,中國信託-忠孝,2023-07-14,6162
2618,長榮航,473,183,290,中國信託-忠孝,2023-07-14,6162
6161,捷波,130,0,130,中國信託-忠孝,2023-07-14,6162
3231,緯創,136,42,94,中國信託-忠孝,2023-07-14,6162
00673R,期元大S＆P原油反1,88,0,88,中國信託-忠孝,2023-07-14,6162
2610,華航,308,223,85,中國信託-忠孝,2023-07-14,6162
2634,漢翔,73,2,71,中國信託-忠孝,2023-07-14,6162
2615,萬海,100,36,64,中國信託-忠孝,2023-07-14,6162
00882,中信中國高股息,65,4,61,中國信託-忠孝,2023-07-14,6162
5469,瀚宇博,57,0,57,中國信託-忠孝,2023-07-14,6162
3325,旭品,83,34,49,中國信託-忠孝,2023-07-14,6162
4106,雃博,42,0,42,中國信託-忠孝,2023-07-14,6162
2486,一詮,46,4,42,中國信託-忠孝,2023-07-14,6162
4532,瑞智,41,1,40,中國信託-忠孝,2023-07-14,6162
00706L,期元大S＆P日圓正2,100,60,40,中國信託-忠孝,2023-07-14,6162
1907,永豐餘,39,1,38,中國信託-忠孝,2023-07-14,6162
00632R,元大台灣50反1,37,0,37,中國信託-忠孝,2023-07-14,6162
4919,新唐,42,7,35,中國信託-忠孝,2023-07-14,6162
3533,嘉澤,34,0,34,中國信託-忠孝,2023-07-14,6162
2603,長榮,39,6,33,中國信託-忠孝,2023-07-14,6162
2812,台中銀,28,0,28,中國信託-忠孝,2023-07-14,6162
2887,台新金,31,4,27,中國信託-忠孝,2023-07-14,6162
00893,國泰智能電動車,40,14,26,中國信託-忠孝,2023-07-14,6162
5381,合正,26,0,26,中國信託-忠孝,2023-07-14,6162
2301,光寶科,79,53,26,中國信託-忠孝,2023-07-14,6162
6179,亞通,30,5,25,中國信託-忠孝,2023-07-14,6162
3356,奇偶,25,0,25,中國信託-忠孝,2023-07-14,6162
5864,致和證,24,0,24,中國信託-忠孝,2023-07-14,6162
00753L,中信中國50正2,24,0,24,中國信託-忠孝,2023-07-14,6162
00720B,元大投資級公司債,24,0,24,中國信託-忠孝,2023-07-14,6162
3706,神達,44,21,23,中國信託-忠孝,2023-07-14,6162
3481,群創,51,28,23,中國信託-忠孝,2023-07-14,6162
2353,宏��,37,14,23,中國信託-忠孝,2023-07-14,6162
3715,定穎投控,34,11,23,中國信託-忠孝,2023-07-14,6162
6669,緯穎,25,3,22,中國信託-忠孝,2023-07-14,6162
9958,世紀鋼,48,27,21,中國信託-忠孝,2023-07-14,6162
6443,元晶,23,2,21,中國信託-忠孝,2023-07-14,6162
1605,華新,26,6,20,中國信託-忠孝,2023-07-14,6162
8213,志超,20,0,20,中國信託-忠孝,2023-07-14,6162
3624,光頡,18,0,18,中國信託-忠孝,2023-07-14,6162
4906,正文,19,2,17,中國信託-忠孝,2023-07-14,6162
6125,廣運,17,0,17,中國信託-忠孝,2023-07-14,6162
5483,中美晶,28,11,17,中國信託-忠孝,2023-07-14,6162
5439,高技,52,35,17,中國信託-忠孝,2023-07-14,6162
5457,宣德,16,0,16,中國信託-忠孝,2023-07-14,6162
4173,久裕,16,0,16,中國信託-忠孝,2023-07-14,6162
3093,港建*,27,11,16,中國信託-忠孝,2023-07-14,6162
3491,昇達科,15,0,15,中國信託-忠孝,2023-07-14,6162
2329,華泰,22,7,15,中國信託-忠孝,2023-07-14,6162
3563,牧德,15,0,15,中國信託-忠孝,2023-07-14,6162
1313,聯成,427,1,426,中國信託-忠孝,2023-07-17,6162
00929,復華台灣科技優息,195,6,189,中國信託-忠孝,2023-07-17,6162
00680L,元大美債20正2,153,0,153,中國信託-忠孝,2023-07-17,6162
2812,台中銀,166,16,150,中國信託-忠孝,2023-07-17,6162
8011,台通,119,0,119,中國信託-忠孝,2023-07-17,6162
3048,益登,78,4,74,中國信託-忠孝,2023-07-17,6162
00720B,元大投資級公司債,60,2,58,中國信託-忠孝,2023-07-17,6162
00637L,元大滬深300正2,58,3,55,中國信託-忠孝,2023-07-17,6162
2382,廣達,99,49,50,中國信託-忠孝,2023-07-17,6162
4128,中天,50,7,43,中國信託-忠孝,2023-07-17,6162
6290,良維,59,16,43,中國信託-忠孝,2023-07-17,6162
8046,南電,41,0,41,中國信託-忠孝,2023-07-17,6162
2890,永豐金,51,11,40,中國信託-忠孝,2023-07-17,6162
2323,中環,41,2,39,中國信託-忠孝,2023-07-17,6162
6841,長佳智能,40,1,39,中國信託-忠孝,2023-07-17,6162
2301,光寶科,73,34,39,中國信託-忠孝,2023-07-17,6162
1711,永光,41,3,38,中國信託-忠孝,2023-07-17,6162
00882,中信中國高股息,37,0,37,中國信託-忠孝,2023-07-17,6162
00673R,期元大S＆P原油反1,37,0,37,中國信託-忠孝,2023-07-17,6162
8936,國統,43,6,37,中國信託-忠孝,2023-07-17,6162
2356,英業達,112,81,31,中國信託-忠孝,2023-07-17,6162
8222,寶一,31,0,31,中國信託-忠孝,2023-07-17,6162
00665L,富邦�琤肭磪囓�2,30,0,30,中國信託-忠孝,2023-07-17,6162
2388,威盛,53,28,25,中國信託-忠孝,2023-07-17,6162
3354,律勝,35,10,25,中國信託-忠孝,2023-07-17,6162
5483,中美晶,28,4,24,中國信託-忠孝,2023-07-17,6162
5607,遠雄港,30,6,24,中國信託-忠孝,2023-07-17,6162
1312,國喬,21,0,21,中國信託-忠孝,2023-07-17,6162
5864,致和證,21,0,21,中國信託-忠孝,2023-07-17,6162
6179,亞通,38,17,21,中國信託-忠孝,2023-07-17,6162
3518,柏騰,27,6,21,中國信託-忠孝,2023-07-17,6162
3306,鼎天,31,11,20,中國信託-忠孝,2023-07-17,6162
8933,愛地雅,20,0,20,中國信託-忠孝,2023-07-17,6162
00690,兆豐藍籌30,20,0,20,中國信託-忠孝,2023-07-17,6162
8021,尖點,22,2,20,中國信託-忠孝,2023-07-17,6162
6781,AES-KY,18,0,18,中國信託-忠孝,2023-07-17,6162
2481,強茂,27,10,17,中國信託-忠孝,2023-07-17,6162
5608,四維航,31,15,16,中國信託-忠孝,2023-07-17,6162
2492,華新科,16,0,16,中國信託-忠孝,2023-07-17,6162
2486,一詮,28,13,15,中國信託-忠孝,2023-07-17,6162
3051,力特,15,0,15,中國信託-忠孝,2023-07-17,6162
2505,國揚,15,0,15,中國信託-忠孝,2023-07-17,6162
5439,高技,35,20,15,中國信託-忠孝,2023-07-17,6162
3706,神達,21,7,14,中國信託-忠孝,2023-07-17,6162
6279,胡連,14,0,14,中國信託-忠孝,2023-07-17,6162
8926,台汽電,16,2,14,中國信託-忠孝,2023-07-17,6162
1101,台泥,14,0,14,中國信託-忠孝,2023-07-17,6162
3444,利機,14,0,14,中國信託-忠孝,2023-07-17,6162
00919,群益台灣精選高息,14,1,13,中國信託-忠孝,2023-07-17,6162
3234,光環,14,1,13,中國信託-忠孝,2023-07-17,6162
3481,群創,2055,30,2025,中國信託-忠孝,2023-07-18,6162
00929,復華台灣科技優息,385,1,384,中國信託-忠孝,2023-07-18,6162
1312,國喬,235,0,235,中國信託-忠孝,2023-07-18,6162
00882,中信中國高股息,210,3,207,中國信託-忠孝,2023-07-18,6162
2887,台新金,144,18,126,中國信託-忠孝,2023-07-18,6162
00680L,元大美債20正2,124,0,124,中國信託-忠孝,2023-07-18,6162
4123,晟德,124,3,121,中國信託-忠孝,2023-07-18,6162
2515,中工,99,0,99,中國信託-忠孝,2023-07-18,6162
4414,如興,100,8,92,中國信託-忠孝,2023-07-18,6162
5483,中美晶,94,5,89,中國信託-忠孝,2023-07-18,6162
2903,遠百,83,0,83,中國信託-忠孝,2023-07-18,6162
3231,緯創,87,12,75,中國信託-忠孝,2023-07-18,6162
2324,仁寶,217,145,72,中國信託-忠孝,2023-07-18,6162
6282,康舒,298,229,69,中國信託-忠孝,2023-07-18,6162
00687B,國泰20年美債,69,0,69,中國信託-忠孝,2023-07-18,6162
5511,德昌,63,0,63,中國信託-忠孝,2023-07-18,6162
4938,和碩,118,58,60,中國信託-忠孝,2023-07-18,6162
2352,佳世達,87,29,58,中國信託-忠孝,2023-07-18,6162
00637L,元大滬深300正2,60,3,57,中國信託-忠孝,2023-07-18,6162
5519,隆大,52,0,52,中國信託-忠孝,2023-07-18,6162
2701,萬企,50,0,50,中國信託-忠孝,2023-07-18,6162
5512,力麒,50,0,50,中國信託-忠孝,2023-07-18,6162
2618,長榮航,82,40,42,中國信託-忠孝,2023-07-18,6162
6153,嘉聯益,40,0,40,中國信託-忠孝,2023-07-18,6162
00720B,元大投資級公司債,37,0,37,中國信託-忠孝,2023-07-18,6162
8933,愛地雅,36,0,36,中國信託-忠孝,2023-07-18,6162
1609,大亞,50,14,36,中國信託-忠孝,2023-07-18,6162
6124,業強,78,43,35,中國信託-忠孝,2023-07-18,6162
3706,神達,278,246,32,中國信託-忠孝,2023-07-18,6162
8011,台通,34,2,32,中國信託-忠孝,2023-07-18,6162
6546,正基,47,15,32,中國信託-忠孝,2023-07-18,6162
3017,奇鋐,61,30,31,中國信託-忠孝,2023-07-18,6162
4919,新唐,46,15,31,中國信託-忠孝,2023-07-18,6162
3338,泰碩,32,1,31,中國信託-忠孝,2023-07-18,6162
2883,凱基金,52,21,31,中國信託-忠孝,2023-07-18,6162
00665L,富邦�琤肭磪囓�2,30,0,30,中國信託-忠孝,2023-07-18,6162
1337,再生-KY,30,0,30,中國信託-忠孝,2023-07-18,6162
3035,智原,53,23,30,中國信託-忠孝,2023-07-18,6162
3078,僑威,96,68,28,中國信託-忠孝,2023-07-18,6162
2330,台積電,29,1,28,中國信託-忠孝,2023-07-18,6162
8930,青鋼,38,10,28,中國信託-忠孝,2023-07-18,6162
6442,光聖,28,0,28,中國信託-忠孝,2023-07-18,6162
5864,致和證,27,0,27,中國信託-忠孝,2023-07-18,6162
8215,明基材,30,5,25,中國信託-忠孝,2023-07-18,6162
8936,國統,39,14,25,中國信託-忠孝,2023-07-18,6162
1809,中釉,25,0,25,中國信託-忠孝,2023-07-18,6162
00772B,中信高評級公司債,24,0,24,中國信託-忠孝,2023-07-18,6162
6830,汎銓,26,2,24,中國信託-忠孝,2023-07-18,6162
1503,士電,22,0,22,中國信託-忠孝,2023-07-18,6162
2338,光罩,21,0,21,中國信託-忠孝,2023-07-18,6162
2887,台新金,165,6,159,中國信託-忠孝,2023-07-19,6162
1313,聯成,129,0,129,中國信託-忠孝,2023-07-19,6162
00929,復華台灣科技優息,155,45,110,中國信託-忠孝,2023-07-19,6162
00632R,元大台灣50反1,100,2,98,中國信託-忠孝,2023-07-19,6162
00878,國泰永續高股息,202,111,91,中國信託-忠孝,2023-07-19,6162
2405,輔信,89,8,81,中國信託-忠孝,2023-07-19,6162
2618,長榮航,147,80,67,中國信託-忠孝,2023-07-19,6162
00882,中信中國高股息,65,0,65,中國信託-忠孝,2023-07-19,6162
6841,長佳智能,60,1,59,中國信託-忠孝,2023-07-19,6162
1591,駿吉-KY,62,4,58,中國信託-忠孝,2023-07-19,6162
1108,幸福,50,0,50,中國信託-忠孝,2023-07-19,6162
4726,永昕,50,0,50,中國信託-忠孝,2023-07-19,6162
8011,台通,50,0,50,中國信託-忠孝,2023-07-19,6162
6104,創惟,52,7,45,中國信託-忠孝,2023-07-19,6162
5864,致和證,41,0,41,中國信託-忠孝,2023-07-19,6162
2206,三陽工業,45,5,40,中國信託-忠孝,2023-07-19,6162
8930,青鋼,60,20,40,中國信託-忠孝,2023-07-19,6162
2324,仁寶,227,189,38,中國信託-忠孝,2023-07-19,6162
2888,新光金,47,11,36,中國信託-忠孝,2023-07-19,6162
2867,三商壽,35,0,35,中國信託-忠孝,2023-07-19,6162
6153,嘉聯益,34,0,34,中國信託-忠孝,2023-07-19,6162
5519,隆大,34,1,33,中國信託-忠孝,2023-07-19,6162
2303,聯電,41,8,33,中國信託-忠孝,2023-07-19,6162
2812,台中銀,32,0,32,中國信託-忠孝,2023-07-19,6162
00673R,期元大S＆P原油反1,33,1,32,中國信託-忠孝,2023-07-19,6162
8234,新漢,33,2,31,中國信託-忠孝,2023-07-19,6162
8933,愛地雅,31,0,31,中國信託-忠孝,2023-07-19,6162
00671R,富邦NASDAQ反1,30,0,30,中國信託-忠孝,2023-07-19,6162
1717,長興,30,0,30,中國信託-忠孝,2023-07-19,6162
6235,華孚,38,10,28,中國信託-忠孝,2023-07-19,6162
6579,研揚,36,9,27,中國信託-忠孝,2023-07-19,6162
2201,裕隆,28,3,25,中國信託-忠孝,2023-07-19,6162
2455,全新,28,4,24,中國信託-忠孝,2023-07-19,6162
00665L,富邦�琤肭磪囓�2,23,0,23,中國信託-忠孝,2023-07-19,6162
2228,劍麟,22,0,22,中國信託-忠孝,2023-07-19,6162
2317,鴻海,80,58,22,中國信託-忠孝,2023-07-19,6162
2465,麗臺,21,0,21,中國信託-忠孝,2023-07-19,6162
2356,英業達,371,350,21,中國信託-忠孝,2023-07-19,6162
3078,僑威,61,40,21,中國信託-忠孝,2023-07-19,6162
2495,普安,27,7,20,中國信託-忠孝,2023-07-19,6162
6161,捷波,20,0,20,中國信託-忠孝,2023-07-19,6162
6548,長科*,31,11,20,中國信託-忠孝,2023-07-19,6162
1101,台泥,21,2,19,中國信託-忠孝,2023-07-19,6162
2313,華通,19,0,19,中國信託-忠孝,2023-07-19,6162
4916,事欣科,22,3,19,中國信託-忠孝,2023-07-19,6162
3029,零壹,18,0,18,中國信託-忠孝,2023-07-19,6162
00885,富邦越南,18,1,17,中國信託-忠孝,2023-07-19,6162
2457,飛宏,19,2,17,中國信託-忠孝,2023-07-19,6162
3037,欣興,100,83,17,中國信託-忠孝,2023-07-19,6162
8936,國統,23,7,16,中國信託-忠孝,2023-07-19,6162
2887,台新金,175,1,174,中國信託-忠孝,2023-07-20,6162
3481,群創,223,81,142,中國信託-忠孝,2023-07-20,6162
2303,聯電,122,3,119,中國信託-忠孝,2023-07-20,6162
00712,復華富時不動產,125,7,118,中國信託-忠孝,2023-07-20,6162
2405,輔信,111,7,104,中國信託-忠孝,2023-07-20,6162
00680L,元大美債20正2,52,7,45,中國信託-忠孝,2023-07-20,6162
1102,亞泥,46,1,45,中國信託-忠孝,2023-07-20,6162
00637L,元大滬深300正2,58,16,42,中國信託-忠孝,2023-07-20,6162
00885,富邦越南,50,10,40,中國信託-忠孝,2023-07-20,6162
2338,光罩,42,2,40,中國信託-忠孝,2023-07-20,6162
3037,欣興,77,40,37,中國信託-忠孝,2023-07-20,6162
2357,華碩,36,0,36,中國信託-忠孝,2023-07-20,6162
6527,明達醫,39,5,34,中國信託-忠孝,2023-07-20,6162
00929,復華台灣科技優息,43,10,33,中國信託-忠孝,2023-07-20,6162
00753L,中信中國50正2,33,0,33,中國信託-忠孝,2023-07-20,6162
1529,樂事綠能,42,9,33,中國信託-忠孝,2023-07-20,6162
2324,仁寶,127,100,27,中國信託-忠孝,2023-07-20,6162
00878,國泰永續高股息,125,101,24,中國信託-忠孝,2023-07-20,6162
6548,長科*,25,2,23,中國信託-忠孝,2023-07-20,6162
2313,華通,24,1,23,中國信託-忠孝,2023-07-20,6162
2014,中鴻,22,0,22,中國信託-忠孝,2023-07-20,6162
1717,長興,22,0,22,中國信託-忠孝,2023-07-20,6162
2461,光群雷,54,32,22,中國信託-忠孝,2023-07-20,6162
00683L,期元大美元指正2,20,0,20,中國信託-忠孝,2023-07-20,6162
1789,神隆,27,7,20,中國信託-忠孝,2023-07-20,6162
00751B,元大AAA至A公司債,22,2,20,中國信託-忠孝,2023-07-20,6162
6213,聯茂,21,2,19,中國信託-忠孝,2023-07-20,6162
1210,大成,28,9,19,中國信託-忠孝,2023-07-20,6162
1618,合機,22,4,18,中國信託-忠孝,2023-07-20,6162
2356,英業達,51,34,17,中國信託-忠孝,2023-07-20,6162
8069,元太,17,0,17,中國信託-忠孝,2023-07-20,6162
6657,華安,24,8,16,中國信託-忠孝,2023-07-20,6162
2332,友訊,17,1,16,中國信託-忠孝,2023-07-20,6162
2881,富邦金,26,10,16,中國信託-忠孝,2023-07-20,6162
00720B,元大投資級公司債,17,2,15,中國信託-忠孝,2023-07-20,6162
6126,信音,13,0,13,中國信託-忠孝,2023-07-20,6162
1795,美時,26,13,13,中國信託-忠孝,2023-07-20,6162
6112,邁達特,14,2,12,中國信託-忠孝,2023-07-20,6162
3264,欣銓,12,0,12,中國信託-忠孝,2023-07-20,6162
3545,敦泰,12,0,12,中國信託-忠孝,2023-07-20,6162
8996,高力,13,2,11,中國信託-忠孝,2023-07-20,6162
2455,全新,14,3,11,中國信託-忠孝,2023-07-20,6162
2002,中鋼,15,4,11,中國信託-忠孝,2023-07-20,6162
1904,正隆,13,2,11,中國信託-忠孝,2023-07-20,6162
0056,元大高股息,68,57,11,中國信託-忠孝,2023-07-20,6162
00773B,中信優先金融債,10,0,10,中國信託-忠孝,2023-07-20,6162
3032,偉訓,19,9,10,中國信託-忠孝,2023-07-20,6162
00706L,期元大S＆P日圓正2,10,0,10,中國信託-忠孝,2023-07-20,6162
00894,中信小資高價30,10,0,10,中國信託-忠孝,2023-07-20,6162
3011,今皓,10,0,10,中國信託-忠孝,2023-07-20,6162
2340,台亞,255,17,238,中國信託-忠孝,2023-07-21,6162
00712,復華富時不動產,171,8,163,中國信託-忠孝,2023-07-21,6162
00929,復華台灣科技優息,152,10,142,中國信託-忠孝,2023-07-21,6162
3363,上詮,140,3,137,中國信託-忠孝,2023-07-21,6162
1513,中興電,211,94,117,中國信託-忠孝,2023-07-21,6162
00687B,國泰20年美債,85,0,85,中國信託-忠孝,2023-07-21,6162
2206,三陽工業,95,11,84,中國信託-忠孝,2023-07-21,6162
2316,楠梓電,98,30,68,中國信託-忠孝,2023-07-21,6162
2634,漢翔,80,20,60,中國信託-忠孝,2023-07-21,6162
00673R,期元大S＆P原油反1,54,0,54,中國信託-忠孝,2023-07-21,6162
0050,元大台灣50,55,1,54,中國信託-忠孝,2023-07-21,6162
2330,台積電,52,6,46,中國信託-忠孝,2023-07-21,6162
1714,和桐,45,0,45,中國信託-忠孝,2023-07-21,6162
2887,台新金,47,4,43,中國信託-忠孝,2023-07-21,6162
3025,星通,38,0,38,中國信託-忠孝,2023-07-21,6162
1101,台泥,36,0,36,中國信託-忠孝,2023-07-21,6162
2405,輔信,44,9,35,中國信託-忠孝,2023-07-21,6162
6235,華孚,35,2,33,中國信託-忠孝,2023-07-21,6162
1605,華新,43,10,33,中國信託-忠孝,2023-07-21,6162
00891,中信關鍵半導體,38,5,33,中國信託-忠孝,2023-07-21,6162
2344,華邦電,35,4,31,中國信託-忠孝,2023-07-21,6162
9921,巨大,29,0,29,中國信託-忠孝,2023-07-21,6162
5483,中美晶,29,1,28,中國信託-忠孝,2023-07-21,6162
9941,裕融,29,1,28,中國信託-忠孝,2023-07-21,6162
00893,國泰智能電動車,86,60,26,中國信託-忠孝,2023-07-21,6162
00757,統一FANG+,28,2,26,中國信託-忠孝,2023-07-21,6162
6274,台燿,34,8,26,中國信託-忠孝,2023-07-21,6162
1903,士紙,30,5,25,中國信託-忠孝,2023-07-21,6162
00706L,期元大S＆P日圓正2,25,0,25,中國信託-忠孝,2023-07-21,6162
1102,亞泥,25,0,25,中國信託-忠孝,2023-07-21,6162
3013,晟銘電,36,12,24,中國信託-忠孝,2023-07-21,6162
3029,零壹,81,60,21,中國信託-忠孝,2023-07-21,6162
6546,正基,27,7,20,中國信託-忠孝,2023-07-21,6162
8176,智捷,20,0,20,中國信託-忠孝,2023-07-21,6162
8930,青鋼,20,0,20,中國信託-忠孝,2023-07-21,6162
00924,復華S＆P500成長,20,0,20,中國信託-忠孝,2023-07-21,6162
3228,金麗科,20,0,20,中國信託-忠孝,2023-07-21,6162
00795B,中信美國公債20年,19,0,19,中國信託-忠孝,2023-07-21,6162
2329,華泰,56,38,18,中國信託-忠孝,2023-07-21,6162
4938,和碩,44,27,17,中國信託-忠孝,2023-07-21,6162
6125,廣運,18,1,17,中國信託-忠孝,2023-07-21,6162
1708,東鹼,28,11,17,中國信託-忠孝,2023-07-21,6162
2317,鴻海,18,2,16,中國信託-忠孝,2023-07-21,6162
2353,宏��,42,26,16,中國信託-忠孝,2023-07-21,6162
3017,奇鋐,53,37,16,中國信託-忠孝,2023-07-21,6162
2915,潤泰全,16,1,15,中國信託-忠孝,2023-07-21,6162
2609,陽明,36,21,15,中國信託-忠孝,2023-07-21,6162
5353,台林,15,0,15,中國信託-忠孝,2023-07-21,6162
1539,巨庭,15,0,15,中國信託-忠孝,2023-07-21,6162
6104,創惟,17,2,15,中國信託-忠孝,2023-07-21,6162
00885,富邦越南,210,9,201,中國信託-忠孝,2023-07-24,6162
1609,大亞,253,59,194,中國信託-忠孝,2023-07-24,6162
00929,復華台灣科技優息,155,5,150,中國信託-忠孝,2023-07-24,6162
00632R,元大台灣50反1,114,0,114,中國信託-忠孝,2023-07-24,6162
00706L,期元大S＆P日圓正2,106,0,106,中國信託-忠孝,2023-07-24,6162
2903,遠百,140,40,100,中國信託-忠孝,2023-07-24,6162
4128,中天,94,2,92,中國信託-忠孝,2023-07-24,6162
6139,亞翔,81,2,79,中國信託-忠孝,2023-07-24,6162
00679B,元大美債20年,107,32,75,中國信託-忠孝,2023-07-24,6162
1513,中興電,131,63,68,中國信託-忠孝,2023-07-24,6162
2515,中工,80,15,65,中國信託-忠孝,2023-07-24,6162
1102,亞泥,59,0,59,中國信託-忠孝,2023-07-24,6162
2382,廣達,162,102,60,中國信託-忠孝,2023-07-24,6162
3037,欣興,101,47,54,中國信託-忠孝,2023-07-24,6162
6535,順藥,50,0,50,中國信託-忠孝,2023-07-24,6162
1108,幸福,50,0,50,中國信託-忠孝,2023-07-24,6162
6550,北極星藥業-KY,53,3,50,中國信託-忠孝,2023-07-24,6162
2357,華碩,58,13,45,中國信託-忠孝,2023-07-24,6162
00919,群益台灣精選高息,65,22,43,中國信託-忠孝,2023-07-24,6162
6125,廣運,76,35,41,中國信託-忠孝,2023-07-24,6162
00720B,元大投資級公司債,41,0,41,中國信託-忠孝,2023-07-24,6162
6274,台燿,71,32,39,中國信託-忠孝,2023-07-24,6162
3481,群創,39,1,38,中國信託-忠孝,2023-07-24,6162
2312,金寶,72,34,38,中國信託-忠孝,2023-07-24,6162
3163,波若威,35,0,35,中國信託-忠孝,2023-07-24,6162
2633,台灣高鐵,30,0,30,中國信託-忠孝,2023-07-24,6162
9945,潤泰新,30,2,28,中國信託-忠孝,2023-07-24,6162
4414,如興,27,0,27,中國信託-忠孝,2023-07-24,6162
3013,晟銘電,61,36,25,中國信託-忠孝,2023-07-24,6162
2812,台中銀,25,0,25,中國信託-忠孝,2023-07-24,6162
00757,統一FANG+,25,0,25,中國信託-忠孝,2023-07-24,6162
3051,力特,26,1,25,中國信託-忠孝,2023-07-24,6162
5388,中磊,23,1,22,中國信託-忠孝,2023-07-24,6162
6235,華孚,28,6,22,中國信託-忠孝,2023-07-24,6162
2383,台光電,50,29,21,中國信託-忠孝,2023-07-24,6162
6026,福邦證,21,0,21,中國信託-忠孝,2023-07-24,6162
2618,長榮航,34,14,20,中國信託-忠孝,2023-07-24,6162
9105,泰金寶-DR,20,0,20,中國信託-忠孝,2023-07-24,6162
6104,創惟,24,4,20,中國信託-忠孝,2023-07-24,6162
4129,聯合,20,0,20,中國信託-忠孝,2023-07-24,6162
9919,康那香,20,0,20,中國信託-忠孝,2023-07-24,6162
2457,飛宏,22,2,20,中國信託-忠孝,2023-07-24,6162
1217,愛之味,22,3,19,中國信託-忠孝,2023-07-24,6162
5864,致和證,39,20,19,中國信託-忠孝,2023-07-24,6162
2913,農林,23,5,18,中國信託-忠孝,2023-07-24,6162
6116,彩晶,20,2,18,中國信託-忠孝,2023-07-24,6162
1806,冠軍,20,3,17,中國信託-忠孝,2023-07-24,6162
2201,裕隆,17,0,17,中國信託-忠孝,2023-07-24,6162
00882,中信中國高股息,17,1,16,中國信託-忠孝,2023-07-24,6162
3231,緯創,51,36,15,中國信託-忠孝,2023-07-24,6162
6214,精誠,434,30,404,中國信託-忠孝,2023-07-25,6162
2887,台新金,314,16,298,中國信託-忠孝,2023-07-25,6162
2609,陽明,210,3,207,中國信託-忠孝,2023-07-25,6162
00631L,元大台灣50正2,200,0,200,中國信託-忠孝,2023-07-25,6162
00929,復華台灣科技優息,90,0,90,中國信託-忠孝,2023-07-25,6162
00687B,國泰20年美債,78,0,78,中國信託-忠孝,2023-07-25,6162
2382,廣達,213,137,76,中國信託-忠孝,2023-07-25,6162
00673R,期元大S＆P原油反1,76,0,76,中國信託-忠孝,2023-07-25,6162
00680L,元大美債20正2,65,0,65,中國信託-忠孝,2023-07-25,6162
2610,華航,112,48,64,中國信託-忠孝,2023-07-25,6162
2353,宏��,77,14,63,中國信託-忠孝,2023-07-25,6162
00679B,元大美債20年,62,0,62,中國信託-忠孝,2023-07-25,6162
3024,憶聲,68,7,61,中國信託-忠孝,2023-07-25,6162
8011,台通,60,1,59,中國信託-忠孝,2023-07-25,6162
6841,長佳智能,54,5,49,中國信託-忠孝,2023-07-25,6162
4763,材料-KY,41,2,39,中國信託-忠孝,2023-07-25,6162
00795B,中信美國公債20年,36,0,36,中國信託-忠孝,2023-07-25,6162
2453,凌群,35,0,35,中國信託-忠孝,2023-07-25,6162
6109,亞元,35,2,33,中國信託-忠孝,2023-07-25,6162
00930,永豐ESG低碳高息,32,0,32,中國信託-忠孝,2023-07-25,6162
6116,彩晶,29,0,29,中國信託-忠孝,2023-07-25,6162
5452,佶優,36,8,28,中國信託-忠孝,2023-07-25,6162
8112,至上,26,0,26,中國信託-忠孝,2023-07-25,6162
8213,志超,26,0,26,中國信託-忠孝,2023-07-25,6162
00772B,中信高評級公司債,26,1,25,中國信託-忠孝,2023-07-25,6162
1618,合機,48,23,25,中國信託-忠孝,2023-07-25,6162
00632R,元大台灣50反1,23,0,23,中國信託-忠孝,2023-07-25,6162
2883,凱基金,23,0,23,中國信託-忠孝,2023-07-25,6162
6188,廣明,64,43,21,中國信託-忠孝,2023-07-25,6162
3356,奇偶,21,0,21,中國信託-忠孝,2023-07-25,6162
3036,文曄,21,0,21,中國信託-忠孝,2023-07-25,6162
6546,正基,54,34,20,中國信託-忠孝,2023-07-25,6162
3702,大聯大,20,0,20,中國信託-忠孝,2023-07-25,6162
4128,中天,20,0,20,中國信託-忠孝,2023-07-25,6162
4714,永捷,20,1,19,中國信託-忠孝,2023-07-25,6162
00919,群益台灣精選高息,17,0,17,中國信託-忠孝,2023-07-25,6162
2867,三商壽,31,16,15,中國信託-忠孝,2023-07-25,6162
1707,葡萄王,20,5,15,中國信託-忠孝,2023-07-25,6162
00686R,群益臺灣加權反1,15,0,15,中國信託-忠孝,2023-07-25,6162
00900,富邦特選高股息30,26,12,14,中國信託-忠孝,2023-07-25,6162
1229,聯華,17,2,15,中國信託-忠孝,2023-07-25,6162
6125,廣運,47,33,14,中國信託-忠孝,2023-07-25,6162
4726,永昕,26,12,14,中國信託-忠孝,2023-07-25,6162
00885,富邦越南,35,22,13,中國信託-忠孝,2023-07-25,6162
2360,致茂,14,1,13,中國信託-忠孝,2023-07-25,6162
3306,鼎天,17,5,12,中國信託-忠孝,2023-07-25,6162
2312,金寶,51,39,12,中國信託-忠孝,2023-07-25,6162
2882,國泰金,14,2,12,中國信託-忠孝,2023-07-25,6162
00720B,元大投資級公司債,11,0,11,中國信託-忠孝,2023-07-25,6162
00712,復華富時不動產,11,0,11,中國信託-忠孝,2023-07-25,6162
6016,康和證,1100,602,498,中國信託-忠孝,2023-07-26,6162
2371,大同,261,0,261,中國信託-忠孝,2023-07-26,6162
3024,憶聲,214,0,214,中國信託-忠孝,2023-07-26,6162
2884,玉山金,222,44,178,中國信託-忠孝,2023-07-26,6162
00878,國泰永續高股息,198,46,152,中國信託-忠孝,2023-07-26,6162
00929,復華台灣科技優息,137,0,137,中國信託-忠孝,2023-07-26,6162
2344,華邦電,104,1,103,中國信託-忠孝,2023-07-26,6162
3706,神達,91,4,87,中國信託-忠孝,2023-07-26,6162
2002,中鋼,79,8,71,中國信託-忠孝,2023-07-26,6162
00665L,富邦�琤肭磪囓�2,60,0,60,中國信託-忠孝,2023-07-26,6162
4503,金雨,70,11,59,中國信託-忠孝,2023-07-26,6162
1471,首利,57,4,53,中國信託-忠孝,2023-07-26,6162
2615,萬海,60,10,50,中國信託-忠孝,2023-07-26,6162
6546,正基,52,2,50,中國信託-忠孝,2023-07-26,6162
6117,迎廣,85,36,49,中國信託-忠孝,2023-07-26,6162
00673R,期元大S＆P原油反1,52,5,47,中國信託-忠孝,2023-07-26,6162
6187,萬潤,51,15,36,中國信託-忠孝,2023-07-26,6162
00720B,元大投資級公司債,34,0,34,中國信託-忠孝,2023-07-26,6162
1513,中興電,37,6,31,中國信託-忠孝,2023-07-26,6162
00687B,國泰20年美債,31,0,31,中國信託-忠孝,2023-07-26,6162
00772B,中信高評級公司債,30,0,30,中國信託-忠孝,2023-07-26,6162
8027,鈦昇,31,1,30,中國信託-忠孝,2023-07-26,6162
2014,中鴻,42,12,30,中國信託-忠孝,2023-07-26,6162
2890,永豐金,32,3,29,中國信託-忠孝,2023-07-26,6162
6235,華孚,61,33,28,中國信託-忠孝,2023-07-26,6162
00893,國泰智能電動車,41,13,28,中國信託-忠孝,2023-07-26,6162
00795B,中信美國公債20年,30,2,28,中國信託-忠孝,2023-07-26,6162
2480,敦陽科,28,1,27,中國信託-忠孝,2023-07-26,6162
6213,聯茂,91,65,26,中國信託-忠孝,2023-07-26,6162
2454,聯發科,28,3,25,中國信託-忠孝,2023-07-26,6162
4532,瑞智,57,33,24,中國信託-忠孝,2023-07-26,6162
6139,亞翔,24,0,24,中國信託-忠孝,2023-07-26,6162
2603,長榮,31,8,23,中國信託-忠孝,2023-07-26,6162
2618,長榮航,34,14,20,中國信託-忠孝,2023-07-26,6162
00924,復華S＆P500成長,20,0,20,中國信託-忠孝,2023-07-26,6162
2399,映泰,22,2,20,中國信託-忠孝,2023-07-26,6162
3287,廣寰科,20,0,20,中國信託-忠孝,2023-07-26,6162
3055,蔚華科,22,2,20,中國信託-忠孝,2023-07-26,6162
3050,鈺德,20,0,20,中國信託-忠孝,2023-07-26,6162
8046,南電,20,0,20,中國信託-忠孝,2023-07-26,6162
1618,合機,85,66,19,中國信託-忠孝,2023-07-26,6162
2383,台光電,42,23,19,中國信託-忠孝,2023-07-26,6162
2329,華泰,169,151,18,中國信託-忠孝,2023-07-26,6162
6592,和潤企業,19,1,18,中國信託-忠孝,2023-07-26,6162
1101,台泥,30,13,17,中國信託-忠孝,2023-07-26,6162
3583,辛耘,38,21,17,中國信託-忠孝,2023-07-26,6162
2312,金寶,36,20,16,中國信託-忠孝,2023-07-26,6162
00882,中信中國高股息,16,1,15,中國信託-忠孝,2023-07-26,6162
4763,材料-KY,15,0,15,中國信託-忠孝,2023-07-26,6162
6776,展�眥篕�,15,0,15,中國信託-忠孝,2023-07-26,6162
3049,精金,1097,0,1097,中國信託-忠孝,2023-07-27,6162
6016,康和證,853,0,853,中國信託-忠孝,2023-07-27,6162
1905,華紙,234,50,184,中國信託-忠孝,2023-07-27,6162
00919,群益台灣精選高息,220,52,168,中國信託-忠孝,2023-07-27,6162
00878,國泰永續高股息,137,76,61,中國信託-忠孝,2023-07-27,6162
1907,永豐餘,94,38,56,中國信託-忠孝,2023-07-27,6162
00679B,元大美債20年,58,6,52,中國信託-忠孝,2023-07-27,6162
2480,敦陽科,56,5,51,中國信託-忠孝,2023-07-27,6162
2409,友達,125,84,41,中國信託-忠孝,2023-07-27,6162
00772B,中信高評級公司債,42,3,39,中國信託-忠孝,2023-07-27,6162
00687B,國泰20年美債,39,0,39,中國信託-忠孝,2023-07-27,6162
2880,華南金,37,0,37,中國信託-忠孝,2023-07-27,6162
3289,宜特,42,5,37,中國信託-忠孝,2023-07-27,6162
2332,友訊,36,0,36,中國信託-忠孝,2023-07-27,6162
2913,農林,86,51,35,中國信託-忠孝,2023-07-27,6162
6592,和潤企業,28,0,28,中國信託-忠孝,2023-07-27,6162
2405,輔信,60,33,27,中國信託-忠孝,2023-07-27,6162
2421,建準,78,52,26,中國信託-忠孝,2023-07-27,6162
3037,欣興,91,65,26,中國信託-忠孝,2023-07-27,6162
00757,統一FANG+,25,0,25,中國信託-忠孝,2023-07-27,6162
2609,陽明,27,3,24,中國信託-忠孝,2023-07-27,6162
6235,華孚,80,56,24,中國信託-忠孝,2023-07-27,6162
6187,萬潤,40,17,23,中國信託-忠孝,2023-07-27,6162
9955,佳龍,22,0,22,中國信託-忠孝,2023-07-27,6162
6188,廣明,36,14,22,中國信託-忠孝,2023-07-27,6162
00929,復華台灣科技優息,24,3,21,中國信託-忠孝,2023-07-27,6162
2889,國票金,27,6,21,中國信託-忠孝,2023-07-27,6162
3209,全科,24,3,21,中國信託-忠孝,2023-07-27,6162
3706,神達,20,0,20,中國信託-忠孝,2023-07-27,6162
6274,台燿,49,29,20,中國信託-忠孝,2023-07-27,6162
3694,海華,20,0,20,中國信託-忠孝,2023-07-27,6162
5475,德宏,20,0,20,中國信託-忠孝,2023-07-27,6162
5880,合庫金,21,1,20,中國信託-忠孝,2023-07-27,6162
6129,普誠,20,1,19,中國信託-忠孝,2023-07-27,6162
2006,東和鋼鐵,19,0,19,中國信託-忠孝,2023-07-27,6162
2845,遠東銀,40,21,19,中國信託-忠孝,2023-07-27,6162
00673R,期元大S＆P原油反1,19,0,19,中國信託-忠孝,2023-07-27,6162
3231,緯創,27,9,18,中國信託-忠孝,2023-07-27,6162
4763,材料-KY,23,6,17,中國信託-忠孝,2023-07-27,6162
2002,中鋼,22,6,16,中國信託-忠孝,2023-07-27,6162
3682,亞太電,16,0,16,中國信託-忠孝,2023-07-27,6162
4538,大詠城,15,0,15,中國信託-忠孝,2023-07-27,6162
2520,冠德,16,1,15,中國信託-忠孝,2023-07-27,6162
2303,聯電,34,19,15,中國信託-忠孝,2023-07-27,6162
2603,長榮,28,14,14,中國信託-忠孝,2023-07-27,6162
2453,凌群,24,10,14,中國信託-忠孝,2023-07-27,6162
8093,保銳,14,0,14,中國信託-忠孝,2023-07-27,6162
3594,磐儀,14,0,14,中國信託-忠孝,2023-07-27,6162
8112,至上,19,5,14,中國信託-忠孝,2023-07-27,6162
3715,定穎投控,15,1,14,中國信託-忠孝,2023-07-27,6162
2317,鴻海,420,5,415,中國信託-忠孝,2023-07-28,6162
00929,復華台灣科技優息,273,6,267,中國信託-忠孝,2023-07-28,6162
6214,精誠,230,0,230,中國信託-忠孝,2023-07-28,6162
00795B,中信美國公債20年,160,0,160,中國信託-忠孝,2023-07-28,6162
00679B,元大美債20年,142,0,142,中國信託-忠孝,2023-07-28,6162
00688L,國泰20年美債正2,124,0,124,中國信託-忠孝,2023-07-28,6162
1313,聯成,160,53,107,中國信託-忠孝,2023-07-28,6162
6116,彩晶,104,3,101,中國信託-忠孝,2023-07-28,6162
2027,大成鋼,105,8,97,中國信託-忠孝,2023-07-28,6162
2881,富邦金,106,9,97,中國信託-忠孝,2023-07-28,6162
00772B,中信高評級公司債,82,0,82,中國信託-忠孝,2023-07-28,6162
6016,康和證,80,0,80,中國信託-忠孝,2023-07-28,6162
5483,中美晶,65,1,64,中國信託-忠孝,2023-07-28,6162
2701,萬企,50,0,50,中國信託-忠孝,2023-07-28,6162
2357,華碩,90,46,44,中國信託-忠孝,2023-07-28,6162
2329,華泰,183,139,44,中國信託-忠孝,2023-07-28,6162
2801,彰銀,41,0,41,中國信託-忠孝,2023-07-28,6162
3231,緯創,202,161,41,中國信託-忠孝,2023-07-28,6162
5009,榮剛,40,0,40,中國信託-忠孝,2023-07-28,6162
00751B,元大AAA至A公司債,40,6,34,中國信託-忠孝,2023-07-28,6162
00757,統一FANG+,33,0,33,中國信託-忠孝,2023-07-28,6162
5443,均豪,32,2,30,中國信託-忠孝,2023-07-28,6162
3004,豐達科,30,0,30,中國信託-忠孝,2023-07-28,6162
5284,jpp-KY,42,13,29,中國信託-忠孝,2023-07-28,6162
6117,迎廣,56,28,28,中國信託-忠孝,2023-07-28,6162
1609,大亞,36,8,28,中國信託-忠孝,2023-07-28,6162
2887,台新金,29,2,27,中國信託-忠孝,2023-07-28,6162
00687B,國泰20年美債,26,0,26,中國信託-忠孝,2023-07-28,6162
00857B,永豐20年美公債,26,0,26,中國信託-忠孝,2023-07-28,6162
2812,台中銀,24,0,24,中國信託-忠孝,2023-07-28,6162
00673R,期元大S＆P原油反1,24,0,24,中國信託-忠孝,2023-07-28,6162
2356,英業達,42,20,22,中國信託-忠孝,2023-07-28,6162
2610,華航,53,32,21,中國信託-忠孝,2023-07-28,6162
8358,金居,60,39,21,中國信託-忠孝,2023-07-28,6162
6282,康舒,67,46,21,中國信託-忠孝,2023-07-28,6162
00708L,期元大S＆P黃金正2,20,0,20,中國信託-忠孝,2023-07-28,6162
00924,復華S＆P500成長,20,0,20,中國信託-忠孝,2023-07-28,6162
3036,文曄,20,0,20,中國信託-忠孝,2023-07-28,6162
00720B,元大投資級公司債,19,0,19,中國信託-忠孝,2023-07-28,6162
3607,谷崧,20,1,19,中國信託-忠孝,2023-07-28,6162
2376,技嘉,76,57,19,中國信託-忠孝,2023-07-28,6162
2480,敦陽科,35,17,18,中國信託-忠孝,2023-07-28,6162
1210,大成,18,0,18,中國信託-忠孝,2023-07-28,6162
6203,海韻電,40,23,17,中國信託-忠孝,2023-07-28,6162
6274,台燿,75,58,17,中國信託-忠孝,2023-07-28,6162
5452,佶優,24,8,16,中國信託-忠孝,2023-07-28,6162
2891,中信金,19,4,15,中國信託-忠孝,2023-07-28,6162
2867,三商壽,15,0,15,中國信託-忠孝,2023-07-28,6162
2634,漢翔,25,10,15,中國信託-忠孝,2023-07-28,6162
3209,全科,16,1,15,中國信託-忠孝,2023-07-28,6162
2317,鴻海,810,20,790,中國信託-忠孝,2023-07-31,6162
6016,康和證,453,1,452,中國信託-忠孝,2023-07-31,6162
2609,陽明,233,6,227,中國信託-忠孝,2023-07-31,6162
00929,復華台灣科技優息,252,106,146,中國信託-忠孝,2023-07-31,6162
2356,英業達,145,26,119,中國信託-忠孝,2023-07-31,6162
6176,瑞儀,149,41,108,中國信託-忠孝,2023-07-31,6162
3231,緯創,212,110,102,中國信託-忠孝,2023-07-31,6162
2382,廣達,173,86,87,中國信託-忠孝,2023-07-31,6162
00676R,富邦臺灣加權反1,100,15,85,中國信託-忠孝,2023-07-31,6162
2412,中華電,80,0,80,中國信託-忠孝,2023-07-31,6162
00679B,元大美債20年,78,1,77,中國信託-忠孝,2023-07-31,6162
5880,合庫金,81,5,76,中國信託-忠孝,2023-07-31,6162
5483,中美晶,134,66,68,中國信託-忠孝,2023-07-31,6162
00919,群益台灣精選高息,58,0,58,中國信託-忠孝,2023-07-31,6162
3036,文曄,50,0,50,中國信託-忠孝,2023-07-31,6162
5371,中光電,51,1,50,中國信託-忠孝,2023-07-31,6162
5871,中租-KY,47,0,47,中國信託-忠孝,2023-07-31,6162
2301,光寶科,174,129,45,中國信託-忠孝,2023-07-31,6162
1815,富喬,63,20,43,中國信託-忠孝,2023-07-31,6162
6830,汎銓,55,14,41,中國信託-忠孝,2023-07-31,6162
6546,正基,75,34,41,中國信託-忠孝,2023-07-31,6162
00772B,中信高評級公司債,41,3,38,中國信託-忠孝,2023-07-31,6162
2880,華南金,40,3,37,中國信託-忠孝,2023-07-31,6162
2329,華泰,172,135,37,中國信託-忠孝,2023-07-31,6162
2002,中鋼,38,3,35,中國信託-忠孝,2023-07-31,6162
1605,華新,35,0,35,中國信託-忠孝,2023-07-31,6162
3037,欣興,64,29,35,中國信託-忠孝,2023-07-31,6162
3034,聯詠,49,16,33,中國信託-忠孝,2023-07-31,6162
2352,佳世達,34,3,31,中國信託-忠孝,2023-07-31,6162
00671R,富邦NASDAQ反1,30,0,30,中國信託-忠孝,2023-07-31,6162
2330,台積電,34,4,30,中國信託-忠孝,2023-07-31,6162
2385,群光,30,2,28,中國信託-忠孝,2023-07-31,6162
4916,事欣科,32,6,26,中國信託-忠孝,2023-07-31,6162
2349,錸德,25,0,25,中國信託-忠孝,2023-07-31,6162
2455,全新,36,12,24,中國信託-忠孝,2023-07-31,6162
00923,群益台ESG低碳50,22,0,22,中國信託-忠孝,2023-07-31,6162
2457,飛宏,26,4,22,中國信託-忠孝,2023-07-31,6162
2753,八方雲集,20,0,20,中國信託-忠孝,2023-07-31,6162
2801,彰銀,20,0,20,中國信託-忠孝,2023-07-31,6162
2401,凌陽,32,12,20,中國信託-忠孝,2023-07-31,6162
2495,普安,20,0,20,中國信託-忠孝,2023-07-31,6162
00673R,期元大S＆P原油反1,23,3,20,中國信託-忠孝,2023-07-31,6162
2845,遠東銀,40,21,19,中國信託-忠孝,2023-07-31,6162
9946,三發地產,19,0,19,中國信託-忠孝,2023-07-31,6162
4919,新唐,21,2,19,中國信託-忠孝,2023-07-31,6162
00687B,國泰20年美債,43,25,18,中國信託-忠孝,2023-07-31,6162
00706L,期元大S＆P日圓正2,18,0,18,中國信託-忠孝,2023-07-31,6162
00713,元大台灣高息低波,29,11,18,中國信託-忠孝,2023-07-31,6162
2419,仲琦,21,4,17,中國信託-忠孝,2023-07-31,6162
8215,明基材,17,0,17,中國信託-忠孝,2023-07-31,6162
00885,富邦越南,304,44,260,中國信託-忠孝,2023-08-01,6162
00929,復華台灣科技優息,249,52,197,中國信託-忠孝,2023-08-01,6162
6214,精誠,197,2,195,中國信託-忠孝,2023-08-01,6162
2888,新光金,214,41,173,中國信託-忠孝,2023-08-01,6162
6116,彩晶,138,2,136,中國信託-忠孝,2023-08-01,6162
2312,金寶,243,111,132,中國信託-忠孝,2023-08-01,6162
00637L,元大滬深300正2,188,64,124,中國信託-忠孝,2023-08-01,6162
2891,中信金,116,4,112,中國信託-忠孝,2023-08-01,6162
00882,中信中國高股息,111,8,103,中國信託-忠孝,2023-08-01,6162
00632R,元大台灣50反1,102,0,102,中國信託-忠孝,2023-08-01,6162
2317,鴻海,101,4,97,中國信託-忠孝,2023-08-01,6162
2836,高雄銀,84,0,84,中國信託-忠孝,2023-08-01,6162
2357,華碩,101,28,73,中國信託-忠孝,2023-08-01,6162
5483,中美晶,69,2,67,中國信託-忠孝,2023-08-01,6162
5353,台林,62,0,62,中國信託-忠孝,2023-08-01,6162
5439,高技,63,2,61,中國信託-忠孝,2023-08-01,6162
00679B,元大美債20年,60,1,59,中國信託-忠孝,2023-08-01,6162
6282,康舒,93,35,58,中國信託-忠孝,2023-08-01,6162
3036,文曄,57,0,57,中國信託-忠孝,2023-08-01,6162
1477,聚陽,60,7,53,中國信託-忠孝,2023-08-01,6162
6153,嘉聯益,51,0,51,中國信託-忠孝,2023-08-01,6162
00665L,富邦�琤肭磪囓�2,60,10,50,中國信託-忠孝,2023-08-01,6162
6830,汎銓,50,0,50,中國信託-忠孝,2023-08-01,6162
00753L,中信中國50正2,48,1,47,中國信託-忠孝,2023-08-01,6162
2880,華南金,58,11,47,中國信託-忠孝,2023-08-01,6162
00751B,元大AAA至A公司債,45,1,44,中國信託-忠孝,2023-08-01,6162
00673R,期元大S＆P原油反1,43,0,43,中國信託-忠孝,2023-08-01,6162
9958,世紀鋼,45,3,42,中國信託-忠孝,2023-08-01,6162
00720B,元大投資級公司債,51,10,41,中國信託-忠孝,2023-08-01,6162
6111,大宇資,40,0,40,中國信託-忠孝,2023-08-01,6162
6538,倉和,39,1,38,中國信託-忠孝,2023-08-01,6162
00923,群益台ESG低碳50,38,2,36,中國信託-忠孝,2023-08-01,6162
00893,國泰智能電動車,43,8,35,中國信託-忠孝,2023-08-01,6162
00919,群益台灣精選高息,35,1,34,中國信託-忠孝,2023-08-01,6162
6841,長佳智能,32,1,31,中國信託-忠孝,2023-08-01,6162
1809,中釉,30,0,30,中國信託-忠孝,2023-08-01,6162
8046,南電,31,1,30,中國信託-忠孝,2023-08-01,6162
1783,和康生,30,1,29,中國信託-忠孝,2023-08-01,6162
2634,漢翔,28,2,26,中國信託-忠孝,2023-08-01,6162
2363,矽統,41,16,25,中國信託-忠孝,2023-08-01,6162
2329,華泰,27,4,23,中國信託-忠孝,2023-08-01,6162
0056,元大高股息,72,50,22,中國信託-忠孝,2023-08-01,6162
3545,敦泰,21,0,21,中國信託-忠孝,2023-08-01,6162
2801,彰銀,20,0,20,中國信託-忠孝,2023-08-01,6162
1528,恩德,20,0,20,中國信託-忠孝,2023-08-01,6162
5521,工信,20,0,20,中國信託-忠孝,2023-08-01,6162
1532,勤美,19,0,19,中國信託-忠孝,2023-08-01,6162
3645,達邁,19,0,19,中國信託-忠孝,2023-08-01,6162
2485,兆赫,22,3,19,中國信託-忠孝,2023-08-01,6162
3209,全科,18,0,18,中國信託-忠孝,2023-08-01,6162
00637L,元大滬深300正2,916,71,845,中國信託-忠孝,2023-08-02,6162
00878,國泰永續高股息,720,181,539,中國信託-忠孝,2023-08-02,6162
2504,國產,479,0,479,中國信託-忠孝,2023-08-02,6162
00665L,富邦�琤肭磪囓�2,179,0,179,中國信託-忠孝,2023-08-02,6162
00929,復華台灣科技優息,208,52,156,中國信託-忠孝,2023-08-02,6162
2880,華南金,134,0,134,中國信託-忠孝,2023-08-02,6162
2312,金寶,155,32,123,中國信託-忠孝,2023-08-02,6162
1313,聯成,116,0,116,中國信託-忠孝,2023-08-02,6162
00687B,國泰20年美債,114,0,114,中國信託-忠孝,2023-08-02,6162
2888,新光金,112,10,102,中國信託-忠孝,2023-08-02,6162
6830,汎銓,102,0,102,中國信託-忠孝,2023-08-02,6162
5483,中美晶,98,0,98,中國信託-忠孝,2023-08-02,6162
3231,緯創,182,85,97,中國信託-忠孝,2023-08-02,6162
3481,群創,104,10,94,中國信託-忠孝,2023-08-02,6162
5880,合庫金,94,0,94,中國信託-忠孝,2023-08-02,6162
00772B,中信高評級公司債,91,3,88,中國信託-忠孝,2023-08-02,6162
00795B,中信美國公債20年,67,1,66,中國信託-忠孝,2023-08-02,6162
00923,群益台ESG低碳50,69,3,66,中國信託-忠孝,2023-08-02,6162
00679B,元大美債20年,67,2,65,中國信託-忠孝,2023-08-02,6162
2301,光寶科,98,38,60,中國信託-忠孝,2023-08-02,6162
00900,富邦特選高股息30,74,15,59,中國信託-忠孝,2023-08-02,6162
5439,高技,60,2,58,中國信託-忠孝,2023-08-02,6162
00751B,元大AAA至A公司債,59,8,51,中國信託-忠孝,2023-08-02,6162
2883B,凱基金乙特,50,0,50,中國信託-忠孝,2023-08-02,6162
00673R,期元大S＆P原油反1,49,0,49,中國信託-忠孝,2023-08-02,6162
020029,元大ESG高股息N,45,0,45,中國信託-忠孝,2023-08-02,6162
3037,欣興,99,56,43,中國信託-忠孝,2023-08-02,6162
2618,長榮航,92,49,43,中國信託-忠孝,2023-08-02,6162
6285,啟��,68,27,41,中國信託-忠孝,2023-08-02,6162
1216,統一,41,0,41,中國信託-忠孝,2023-08-02,6162
2882,國泰金,44,6,38,中國信託-忠孝,2023-08-02,6162
1605,華新,169,134,35,中國信託-忠孝,2023-08-02,6162
2323,中環,44,9,35,中國信託-忠孝,2023-08-02,6162
00753L,中信中國50正2,32,0,32,中國信託-忠孝,2023-08-02,6162
2498,宏達電,32,0,32,中國信託-忠孝,2023-08-02,6162
6282,康舒,58,27,31,中國信託-忠孝,2023-08-02,6162
2845,遠東銀,50,20,30,中國信託-忠孝,2023-08-02,6162
6527,明達醫,35,5,30,中國信託-忠孝,2023-08-02,6162
2633,台灣高鐵,30,0,30,中國信託-忠孝,2023-08-02,6162
3035,智原,32,2,30,中國信託-忠孝,2023-08-02,6162
2480,敦陽科,94,65,29,中國信託-忠孝,2023-08-02,6162
1532,勤美,28,0,28,中國信託-忠孝,2023-08-02,6162
9927,泰銘,30,2,28,中國信託-忠孝,2023-08-02,6162
2014,中鴻,152,125,27,中國信託-忠孝,2023-08-02,6162
1309,台達化,27,0,27,中國信託-忠孝,2023-08-02,6162
2308,台達電,63,36,27,中國信託-忠孝,2023-08-02,6162
1101,台泥,29,4,25,中國信託-忠孝,2023-08-02,6162
2317,鴻海,45,20,25,中國信託-忠孝,2023-08-02,6162
00773B,中信優先金融債,33,10,23,中國信託-忠孝,2023-08-02,6162
2883,凱基金,26,3,23,中國信託-忠孝,2023-08-02,6162
2504,國產,1150,0,1150,中國信託-忠孝,2023-08-04,6162
00900,富邦特選高股息30,375,0,375,中國信託-忠孝,2023-08-04,6162
2891,中信金,318,20,298,中國信託-忠孝,2023-08-04,6162
2317,鴻海,205,1,204,中國信託-忠孝,2023-08-04,6162
00795B,中信美國公債20年,213,10,203,中國信託-忠孝,2023-08-04,6162
00687B,國泰20年美債,181,0,181,中國信託-忠孝,2023-08-04,6162
2356,英業達,325,197,128,中國信託-忠孝,2023-08-04,6162
00720B,元大投資級公司債,128,2,126,中國信託-忠孝,2023-08-04,6162
00929,復華台灣科技優息,176,50,126,中國信託-忠孝,2023-08-04,6162
00679B,元大美債20年,120,3,117,中國信託-忠孝,2023-08-04,6162
00680L,元大美債20正2,108,0,108,中國信託-忠孝,2023-08-04,6162
00632R,元大台灣50反1,200,101,99,中國信託-忠孝,2023-08-04,6162
2344,華邦電,123,33,90,中國信託-忠孝,2023-08-04,6162
00772B,中信高評級公司債,82,2,80,中國信託-忠孝,2023-08-04,6162
00688L,國泰20年美債正2,67,0,67,中國信託-忠孝,2023-08-04,6162
5371,中光電,78,21,57,中國信託-忠孝,2023-08-04,6162
00751B,元大AAA至A公司債,71,14,57,中國信託-忠孝,2023-08-04,6162
5439,高技,51,0,51,中國信託-忠孝,2023-08-04,6162
2888,新光金,67,17,50,中國信託-忠孝,2023-08-04,6162
00639,富邦深100,50,0,50,中國信託-忠孝,2023-08-04,6162
00692,富邦公司治理,44,0,44,中國信託-忠孝,2023-08-04,6162
5483,中美晶,45,2,43,中國信託-忠孝,2023-08-04,6162
00924,復華S＆P500成長,41,0,41,中國信託-忠孝,2023-08-04,6162
2014,中鴻,50,10,40,中國信託-忠孝,2023-08-04,6162
3689,湧德,65,30,35,中國信託-忠孝,2023-08-04,6162
1591,駿吉-KY,35,0,35,中國信託-忠孝,2023-08-04,6162
2618,長榮航,61,30,31,中國信託-忠孝,2023-08-04,6162
1905,華紙,40,9,31,中國信託-忠孝,2023-08-04,6162
5880,合庫金,30,0,30,中國信託-忠孝,2023-08-04,6162
3312,弘憶股,28,0,28,中國信託-忠孝,2023-08-04,6162
1313,聯成,58,31,27,中國信託-忠孝,2023-08-04,6162
2609,陽明,40,14,26,中國信託-忠孝,2023-08-04,6162
00773B,中信優先金融債,26,1,25,中國信託-忠孝,2023-08-04,6162
2634,漢翔,86,61,25,中國信託-忠孝,2023-08-04,6162
5225,東科-KY,22,0,22,中國信託-忠孝,2023-08-04,6162
3034,聯詠,22,1,21,中國信託-忠孝,2023-08-04,6162
2498,宏達電,23,2,21,中國信託-忠孝,2023-08-04,6162
00764B,群益25年美債,21,0,21,中國信託-忠孝,2023-08-04,6162
5871,中租-KY,23,4,19,中國信託-忠孝,2023-08-04,6162
5511,德昌,29,11,18,中國信託-忠孝,2023-08-04,6162
1216,統一,18,0,18,中國信託-忠孝,2023-08-04,6162
2023,燁輝,17,0,17,中國信託-忠孝,2023-08-04,6162
2330,台積電,17,1,16,中國信託-忠孝,2023-08-04,6162
2382,廣達,84,68,16,中國信託-忠孝,2023-08-04,6162
3037,欣興,32,17,15,中國信託-忠孝,2023-08-04,6162
00673R,期元大S＆P原油反1,15,0,15,中國信託-忠孝,2023-08-04,6162
2884,玉山金,24,10,14,中國信託-忠孝,2023-08-04,6162
2801,彰銀,14,0,14,中國信託-忠孝,2023-08-04,6162
5258,虹堡,13,0,13,中國信託-忠孝,2023-08-04,6162
2462,良得電,12,0,12,中國信託-忠孝,2023-08-04,6162
00637L,元大滬深300正2,2434,680,1754,中國信託-忠孝,2023-08-07,6162
2504,國產,500,0,500,中國信託-忠孝,2023-08-07,6162
2890,永豐金,300,0,300,中國信託-忠孝,2023-08-07,6162
1802,台玻,272,2,270,中國信託-忠孝,2023-08-07,6162
6116,彩晶,140,2,138,中國信託-忠孝,2023-08-07,6162
00931B,統一美債20年,127,0,127,中國信託-忠孝,2023-08-07,6162
00885,富邦越南,126,19,107,中國信託-忠孝,2023-08-07,6162
00929,復華台灣科技優息,112,35,77,中國信託-忠孝,2023-08-07,6162
2382,廣達,163,94,69,中國信託-忠孝,2023-08-07,6162
9927,泰銘,98,37,61,中國信託-忠孝,2023-08-07,6162
00712,復華富時不動產,56,0,56,中國信託-忠孝,2023-08-07,6162
2891,中信金,57,3,54,中國信託-忠孝,2023-08-07,6162
1108,幸福,83,31,52,中國信託-忠孝,2023-08-07,6162
2888,新光金,108,59,49,中國信託-忠孝,2023-08-07,6162
1313,聯成,45,0,45,中國信託-忠孝,2023-08-07,6162
3308,聯德,53,8,45,中國信託-忠孝,2023-08-07,6162
3693,營邦,62,17,45,中國信託-忠孝,2023-08-07,6162
2515,中工,45,1,44,中國信託-忠孝,2023-08-07,6162
00772B,中信高評級公司債,51,10,41,中國信託-忠孝,2023-08-07,6162
00900,富邦特選高股息30,78,39,39,中國信託-忠孝,2023-08-07,6162
00679B,元大美債20年,41,5,36,中國信託-忠孝,2023-08-07,6162
00882,中信中國高股息,36,0,36,中國信託-忠孝,2023-08-07,6162
2610,華航,73,38,35,中國信託-忠孝,2023-08-07,6162
00751B,元大AAA至A公司債,31,0,31,中國信託-忠孝,2023-08-07,6162
00632R,元大台灣50反1,30,0,30,中國信託-忠孝,2023-08-07,6162
6026,福邦證,30,0,30,中國信託-忠孝,2023-08-07,6162
2349,錸德,30,0,30,中國信託-忠孝,2023-08-07,6162
5880,合庫金,31,2,29,中國信託-忠孝,2023-08-07,6162
3533,嘉澤,28,0,28,中國信託-忠孝,2023-08-07,6162
6104,創惟,27,0,27,中國信託-忠孝,2023-08-07,6162
2352,佳世達,58,32,26,中國信託-忠孝,2023-08-07,6162
2489,瑞軒,25,0,25,中國信託-忠孝,2023-08-07,6162
6187,萬潤,35,12,23,中國信託-忠孝,2023-08-07,6162
2303,聯電,27,5,22,中國信託-忠孝,2023-08-07,6162
1609,大亞,41,19,22,中國信託-忠孝,2023-08-07,6162
3594,磐儀,29,8,21,中國信託-忠孝,2023-08-07,6162
2633,台灣高鐵,20,0,20,中國信託-忠孝,2023-08-07,6162
1809,中釉,20,0,20,中國信託-忠孝,2023-08-07,6162
3706,神達,66,48,18,中國信託-忠孝,2023-08-07,6162
2603,長榮,50,32,18,中國信託-忠孝,2023-08-07,6162
3017,奇鋐,36,20,16,中國信託-忠孝,2023-08-07,6162
2353,宏��,22,6,16,中國信託-忠孝,2023-08-07,6162
2461,光群雷,16,0,16,中國信託-忠孝,2023-08-07,6162
1905,華紙,68,52,16,中國信託-忠孝,2023-08-07,6162
3583,辛耘,93,78,15,中國信託-忠孝,2023-08-07,6162
8027,鈦昇,29,14,15,中國信託-忠孝,2023-08-07,6162
1560,中砂,15,0,15,中國信託-忠孝,2023-08-07,6162
5439,高技,21,6,15,中國信託-忠孝,2023-08-07,6162
2801,彰銀,15,0,15,中國信託-忠孝,2023-08-07,6162
2301,光寶科,79,65,14,中國信託-忠孝,2023-08-07,6162
00637L,元大滬深300正2,1915,426,1489,中國信託-忠孝,2023-08-08,6162
2890,永豐金,857,0,857,中國信託-忠孝,2023-08-08,6162
5880,合庫金,206,2,204,中國信託-忠孝,2023-08-08,6162
00929,復華台灣科技優息,138,0,138,中國信託-忠孝,2023-08-08,6162
00680L,元大美債20正2,103,0,103,中國信託-忠孝,2023-08-08,6162
2609,陽明,101,1,100,中國信託-忠孝,2023-08-08,6162
9927,泰銘,82,5,77,中國信託-忠孝,2023-08-08,6162
9945,潤泰新,73,0,73,中國信託-忠孝,2023-08-08,6162
00931B,統一美債20年,67,0,67,中國信託-忠孝,2023-08-08,6162
00878,國泰永續高股息,163,98,65,中國信託-忠孝,2023-08-08,6162
00900,富邦特選高股息30,62,0,62,中國信託-忠孝,2023-08-08,6162
1802,台玻,52,2,50,中國信託-忠孝,2023-08-08,6162
2891,中信金,46,1,45,中國信託-忠孝,2023-08-08,6162
2356,英業達,244,199,45,中國信託-忠孝,2023-08-08,6162
00720B,元大投資級公司債,43,0,43,中國信託-忠孝,2023-08-08,6162
3693,營邦,60,18,42,中國信託-忠孝,2023-08-08,6162
6841,長佳智能,43,2,41,中國信託-忠孝,2023-08-08,6162
2489,瑞軒,39,0,39,中國信託-忠孝,2023-08-08,6162
6527,明達醫,33,0,33,中國信託-忠孝,2023-08-08,6162
2349,錸德,32,0,32,中國信託-忠孝,2023-08-08,6162
3689,湧德,33,3,30,中國信託-忠孝,2023-08-08,6162
5512,力麒,30,0,30,中國信託-忠孝,2023-08-08,6162
2009,第一銅,31,2,29,中國信託-忠孝,2023-08-08,6162
2303,聯電,51,23,28,中國信託-忠孝,2023-08-08,6162
1313,聯成,25,0,25,中國信託-忠孝,2023-08-08,6162
5439,高技,27,2,25,中國信託-忠孝,2023-08-08,6162
00923,群益台ESG低碳50,42,17,25,中國信託-忠孝,2023-08-08,6162
3231,緯創,288,265,23,中國信託-忠孝,2023-08-08,6162
3580,友威科,46,23,23,中國信託-忠孝,2023-08-08,6162
2330,台積電,24,1,23,中國信託-忠孝,2023-08-08,6162
1101,台泥,28,6,22,中國信託-忠孝,2023-08-08,6162
0050,元大台灣50,24,3,21,中國信託-忠孝,2023-08-08,6162
2515,中工,21,0,21,中國信託-忠孝,2023-08-08,6162
00751B,元大AAA至A公司債,20,0,20,中國信託-忠孝,2023-08-08,6162
2705,六福,20,0,20,中國信託-忠孝,2023-08-08,6162
6139,亞翔,30,11,19,中國信託-忠孝,2023-08-08,6162
00687B,國泰20年美債,18,0,18,中國信託-忠孝,2023-08-08,6162
00892,富邦台灣半導體,17,0,17,中國信託-忠孝,2023-08-08,6162
1609,大亞,28,12,16,中國信託-忠孝,2023-08-08,6162
6016,康和證,16,0,16,中國信託-忠孝,2023-08-08,6162
2002,中鋼,16,1,15,中國信託-忠孝,2023-08-08,6162
2376,技嘉,47,32,15,中國信託-忠孝,2023-08-08,6162
2468,華經,15,0,15,中國信託-忠孝,2023-08-08,6162
6188,廣明,30,15,15,中國信託-忠孝,2023-08-08,6162
2409,友達,16,1,15,中國信託-忠孝,2023-08-08,6162
2867,三商壽,15,0,15,中國信託-忠孝,2023-08-08,6162
3515,華擎,15,0,15,中國信託-忠孝,2023-08-08,6162
3526,凡甲,15,1,14,中國信託-忠孝,2023-08-08,6162
00679B,元大美債20年,13,0,13,中國信託-忠孝,2023-08-08,6162
00692,富邦公司治理,13,0,13,中國信託-忠孝,2023-08-08,6162
6016,康和證,383,0,383,中國信託-忠孝,2023-08-09,6162
2801,彰銀,204,10,194,中國信託-忠孝,2023-08-09,6162
1108,幸福,150,0,150,中國信託-忠孝,2023-08-09,6162
00929,復華台灣科技優息,133,9,124,中國信託-忠孝,2023-08-09,6162
00878,國泰永續高股息,173,50,123,中國信託-忠孝,2023-08-09,6162
2464,盟立,86,4,82,中國信託-忠孝,2023-08-09,6162
2886,兆豐金,78,1,77,中國信託-忠孝,2023-08-09,6162
1313,聯成,75,0,75,中國信託-忠孝,2023-08-09,6162
00900,富邦特選高股息30,70,5,65,中國信託-忠孝,2023-08-09,6162
2382,廣達,121,67,54,中國信託-忠孝,2023-08-09,6162
4904,遠傳,50,0,50,中國信託-忠孝,2023-08-09,6162
2634,漢翔,54,5,49,中國信託-忠孝,2023-08-09,6162
3231,緯創,230,182,48,中國信託-忠孝,2023-08-09,6162
6116,彩晶,41,0,41,中國信託-忠孝,2023-08-09,6162
2401,凌陽,40,0,40,中國信託-忠孝,2023-08-09,6162
8105,凌巨,50,10,40,中國信託-忠孝,2023-08-09,6162
00632R,元大台灣50反1,41,1,40,中國信託-忠孝,2023-08-09,6162
00673R,期元大S＆P原油反1,38,0,38,中國信託-忠孝,2023-08-09,6162
2357,華碩,47,17,30,中國信託-忠孝,2023-08-09,6162
00907,永豐優息存股,30,0,30,中國信託-忠孝,2023-08-09,6162
6517,保勝光學,30,1,29,中國信託-忠孝,2023-08-09,6162
5439,高技,33,4,29,中國信託-忠孝,2023-08-09,6162
2405,輔信,25,0,25,中國信託-忠孝,2023-08-09,6162
2891,中信金,24,0,24,中國信託-忠孝,2023-08-09,6162
00923,群益台ESG低碳50,22,0,22,中國信託-忠孝,2023-08-09,6162
2633,台灣高鐵,21,0,21,中國信託-忠孝,2023-08-09,6162
3312,弘憶股,19,0,19,中國信託-忠孝,2023-08-09,6162
00665L,富邦�琤肭磪囓�2,18,0,18,中國信託-忠孝,2023-08-09,6162
4167,松瑞藥,18,0,18,中國信託-忠孝,2023-08-09,6162
00772B,中信高評級公司債,18,1,17,中國信託-忠孝,2023-08-09,6162
6527,明達醫,16,0,16,中國信託-忠孝,2023-08-09,6162
2023,燁輝,66,50,16,中國信託-忠孝,2023-08-09,6162
2731,雄獅,18,2,16,中國信託-忠孝,2023-08-09,6162
00720B,元大投資級公司債,15,0,15,中國信託-忠孝,2023-08-09,6162
1477,聚陽,18,3,15,中國信託-忠孝,2023-08-09,6162
2637,慧洋-KY,15,0,15,中國信託-忠孝,2023-08-09,6162
3038,全台,15,0,15,中國信託-忠孝,2023-08-09,6162
00919,群益台灣精選高息,16,2,14,中國信託-忠孝,2023-08-09,6162
2915,潤泰全,13,0,13,中國信託-忠孝,2023-08-09,6162
3481,群創,19,7,12,中國信託-忠孝,2023-08-09,6162
1605,華新,16,4,12,中國信託-忠孝,2023-08-09,6162
00712,復華富時不動產,12,0,12,中國信託-忠孝,2023-08-09,6162
6830,汎銓,12,0,12,中國信託-忠孝,2023-08-09,6162
1216,統一,12,0,12,中國信託-忠孝,2023-08-09,6162
2609,陽明,11,0,11,中國信託-忠孝,2023-08-09,6162
3306,鼎天,14,3,11,中國信託-忠孝,2023-08-09,6162
3191,雲嘉南,11,0,11,中國信託-忠孝,2023-08-09,6162
1210,大成,12,2,10,中國信託-忠孝,2023-08-09,6162
2883,凱基金,17,7,10,中國信託-忠孝,2023-08-09,6162
2367,燿華,10,0,10,中國信託-忠孝,2023-08-09,6162
00637L,元大滬深300正2,671,70,601,中國信託-忠孝,2023-08-10,6162
2382,廣達,506,48,458,中國信託-忠孝,2023-08-10,6162
00878,國泰永續高股息,370,73,297,中國信託-忠孝,2023-08-10,6162
2603,長榮,308,21,287,中國信託-忠孝,2023-08-10,6162
6016,康和證,244,0,244,中國信託-忠孝,2023-08-10,6162
00929,復華台灣科技優息,242,20,222,中國信託-忠孝,2023-08-10,6162
2609,陽明,206,6,200,中國信託-忠孝,2023-08-10,6162
2892,第一金,157,23,134,中國信託-忠孝,2023-08-10,6162
2610,華航,305,185,120,中國信託-忠孝,2023-08-10,6162
00900,富邦特選高股息30,77,1,76,中國信託-忠孝,2023-08-10,6162
0056,元大高股息,101,27,74,中國信託-忠孝,2023-08-10,6162
9941A,裕融甲特,62,0,62,中國信託-忠孝,2023-08-10,6162
3024,憶聲,70,10,60,中國信託-忠孝,2023-08-10,6162
00882,中信中國高股息,54,2,52,中國信託-忠孝,2023-08-10,6162
3481,群創,71,24,47,中國信託-忠孝,2023-08-10,6162
6830,汎銓,45,0,45,中國信託-忠孝,2023-08-10,6162
2376,技嘉,47,5,42,中國信託-忠孝,2023-08-10,6162
2388,威盛,65,25,40,中國信託-忠孝,2023-08-10,6162
6026,福邦證,40,1,39,中國信託-忠孝,2023-08-10,6162
1216,統一,52,17,35,中國信託-忠孝,2023-08-10,6162
4167,松瑞藥,35,0,35,中國信託-忠孝,2023-08-10,6162
00919,群益台灣精選高息,34,0,34,中國信託-忠孝,2023-08-10,6162
2427,三商電,33,0,33,中國信託-忠孝,2023-08-10,6162
3032,偉訓,34,4,30,中國信託-忠孝,2023-08-10,6162
00923,群益台ESG低碳50,31,1,30,中國信託-忠孝,2023-08-10,6162
2409,友達,30,1,29,中國信託-忠孝,2023-08-10,6162
2516,新建,28,0,28,中國信託-忠孝,2023-08-10,6162
0050,元大台灣50,30,2,28,中國信託-忠孝,2023-08-10,6162
2891,中信金,33,6,27,中國信託-忠孝,2023-08-10,6162
00713,元大台灣高息低波,27,0,27,中國信託-忠孝,2023-08-10,6162
6282,康舒,135,109,26,中國信託-忠孝,2023-08-10,6162
1809,中釉,25,0,25,中國信託-忠孝,2023-08-10,6162
6156,松上,25,0,25,中國信託-忠孝,2023-08-10,6162
00712,復華富時不動產,31,6,25,中國信託-忠孝,2023-08-10,6162
2887,台新金,23,0,23,中國信託-忠孝,2023-08-10,6162
2363,矽統,47,26,21,中國信託-忠孝,2023-08-10,6162
2303,聯電,21,0,21,中國信託-忠孝,2023-08-10,6162
8069,元太,24,3,21,中國信託-忠孝,2023-08-10,6162
4147,中裕,20,1,19,中國信託-忠孝,2023-08-10,6162
3029,零壹,19,0,19,中國信託-忠孝,2023-08-10,6162
2331,精英,32,14,18,中國信託-忠孝,2023-08-10,6162
4906,正文,21,4,17,中國信託-忠孝,2023-08-10,6162
3083,網龍,18,1,17,中國信託-忠孝,2023-08-10,6162
8240,華宏,16,0,16,中國信託-忠孝,2023-08-10,6162
9945,潤泰新,16,0,16,中國信託-忠孝,2023-08-10,6162
2480,敦陽科,25,10,15,中國信託-忠孝,2023-08-10,6162
006208,富邦台50,16,1,15,中國信託-忠孝,2023-08-10,6162
3017,奇鋐,24,10,14,中國信託-忠孝,2023-08-10,6162
3078,僑威,20,6,14,中國信託-忠孝,2023-08-10,6162
2729,瓦城,14,0,14,中國信託-忠孝,2023-08-10,6162
00637L,元大滬深300正2,615,0,615,中國信託-忠孝,2023-08-11,6162
2349,錸德,163,0,163,中國信託-忠孝,2023-08-11,6162
2618,長榮航,228,121,107,中國信託-忠孝,2023-08-11,6162
8112,至上,103,3,100,中國信託-忠孝,2023-08-11,6162
1108,幸福,100,0,100,中國信託-忠孝,2023-08-11,6162
2610,華航,258,167,91,中國信託-忠孝,2023-08-11,6162
00878,國泰永續高股息,109,37,72,中國信託-忠孝,2023-08-11,6162
00931B,統一美債20年,61,0,61,中國信託-忠孝,2023-08-11,6162
1795,美時,77,18,59,中國信託-忠孝,2023-08-11,6162
3483,力致,67,9,58,中國信託-忠孝,2023-08-11,6162
2883B,凱基金乙特,56,0,56,中國信託-忠孝,2023-08-11,6162
00679B,元大美債20年,53,2,51,中國信託-忠孝,2023-08-11,6162
8105,凌巨,50,0,50,中國信託-忠孝,2023-08-11,6162
6016,康和證,50,0,50,中國信託-忠孝,2023-08-11,6162
00900,富邦特選高股息30,51,7,44,中國信託-忠孝,2023-08-11,6162
00687B,國泰20年美債,42,0,42,中國信託-忠孝,2023-08-11,6162
9941A,裕融甲特,41,0,41,中國信託-忠孝,2023-08-11,6162
00751B,元大AAA至A公司債,37,0,37,中國信託-忠孝,2023-08-11,6162
3481,群創,39,2,37,中國信託-忠孝,2023-08-11,6162
00929,復華台灣科技優息,35,0,35,中國信託-忠孝,2023-08-11,6162
3036,文曄,34,0,34,中國信託-忠孝,2023-08-11,6162
2886,兆豐金,41,11,30,中國信託-忠孝,2023-08-11,6162
6139,亞翔,69,39,30,中國信託-忠孝,2023-08-11,6162
00676R,富邦臺灣加權反1,30,0,30,中國信託-忠孝,2023-08-11,6162
6109,亞元,40,11,29,中國信託-忠孝,2023-08-11,6162
8069,元太,34,6,28,中國信託-忠孝,2023-08-11,6162
00795B,中信美國公債20年,27,0,27,中國信託-忠孝,2023-08-11,6162
2412,中華電,29,3,26,中國信託-忠孝,2023-08-11,6162
2903,遠百,26,0,26,中國信託-忠孝,2023-08-11,6162
6116,彩晶,25,0,25,中國信託-忠孝,2023-08-11,6162
3024,憶聲,25,0,25,中國信託-忠孝,2023-08-11,6162
00772B,中信高評級公司債,23,0,23,中國信託-忠孝,2023-08-11,6162
3231,緯創,303,280,23,中國信託-忠孝,2023-08-11,6162
2504,國產,20,0,20,中國信託-忠孝,2023-08-11,6162
00923,群益台ESG低碳50,17,0,17,中國信託-忠孝,2023-08-11,6162
5439,高技,17,1,16,中國信託-忠孝,2023-08-11,6162
5483,中美晶,16,0,16,中國信託-忠孝,2023-08-11,6162
00715L,期街口布蘭特正2,16,1,15,中國信託-忠孝,2023-08-11,6162
8240,華宏,15,0,15,中國信託-忠孝,2023-08-11,6162
2427,三商電,15,1,14,中國信託-忠孝,2023-08-11,6162
2634,漢翔,25,11,14,中國信託-忠孝,2023-08-11,6162
1905,華紙,18,4,14,中國信託-忠孝,2023-08-11,6162
6274,台燿,21,7,14,中國信託-忠孝,2023-08-11,6162
2883,凱基金,13,0,13,中國信託-忠孝,2023-08-11,6162
00720B,元大投資級公司債,12,0,12,中國信託-忠孝,2023-08-11,6162
1605,華新,22,10,12,中國信託-忠孝,2023-08-11,6162
6438,迅得,12,0,12,中國信託-忠孝,2023-08-11,6162
3037,欣興,22,10,12,中國信託-忠孝,2023-08-11,6162
00730,富邦臺灣優質高息,12,0,12,中國信託-忠孝,2023-08-11,6162
4167,松瑞藥,27,15,12,中國信託-忠孝,2023-08-11,6162
00637L,元大滬深300正2,3343,108,3235,中國信託-忠孝,2023-08-14,6162
00929,復華台灣科技優息,449,9,440,中國信託-忠孝,2023-08-14,6162
2363,矽統,411,83,328,中國信託-忠孝,2023-08-14,6162
2888,新光金,193,7,186,中國信託-忠孝,2023-08-14,6162
2382,廣達,333,165,168,中國信託-忠孝,2023-08-14,6162
00878,國泰永續高股息,294,131,163,中國信託-忠孝,2023-08-14,6162
6016,康和證,162,0,162,中國信託-忠孝,2023-08-14,6162
1808,潤隆,141,1,140,中國信託-忠孝,2023-08-14,6162
2618,長榮航,158,25,133,中國信託-忠孝,2023-08-14,6162
1313,聯成,130,0,130,中國信託-忠孝,2023-08-14,6162
2845,遠東銀,103,0,103,中國信託-忠孝,2023-08-14,6162
00923,群益台ESG低碳50,75,0,75,中國信託-忠孝,2023-08-14,6162
3231,緯創,185,119,66,中國信託-忠孝,2023-08-14,6162
2206,三陽工業,84,19,65,中國信託-忠孝,2023-08-14,6162
2610,華航,96,32,64,中國信託-忠孝,2023-08-14,6162
00888,永豐台灣ESG,62,0,62,中國信託-忠孝,2023-08-14,6162
0050,元大台灣50,62,7,55,中國信託-忠孝,2023-08-14,6162
6538,倉和,51,0,51,中國信託-忠孝,2023-08-14,6162
2349,錸德,51,0,51,中國信託-忠孝,2023-08-14,6162
2701,萬企,50,0,50,中國信託-忠孝,2023-08-14,6162
2851,中再保,50,1,49,中國信託-忠孝,2023-08-14,6162
00931B,統一美債20年,49,0,49,中國信託-忠孝,2023-08-14,6162
0056,元大高股息,100,60,40,中國信託-忠孝,2023-08-14,6162
1217,愛之味,38,0,38,中國信託-忠孝,2023-08-14,6162
2023,燁輝,72,37,35,中國信託-忠孝,2023-08-14,6162
2356,英業達,172,138,34,中國信託-忠孝,2023-08-14,6162
6005,群益證,32,0,32,中國信託-忠孝,2023-08-14,6162
3312,弘憶股,31,0,31,中國信託-忠孝,2023-08-14,6162
2867,三商壽,29,0,29,中國信託-忠孝,2023-08-14,6162
00772B,中信高評級公司債,36,8,28,中國信託-忠孝,2023-08-14,6162
2323,中環,34,6,28,中國信託-忠孝,2023-08-14,6162
5880,合庫金,26,0,26,中國信託-忠孝,2023-08-14,6162
00900,富邦特選高股息30,81,56,25,中國信託-忠孝,2023-08-14,6162
3024,憶聲,30,5,25,中國信託-忠孝,2023-08-14,6162
00650L,復華香港正2,24,0,24,中國信託-忠孝,2023-08-14,6162
5512,力麒,23,0,23,中國信託-忠孝,2023-08-14,6162
6770,力積電,22,0,22,中國信託-忠孝,2023-08-14,6162
00692,富邦公司治理,22,0,22,中國信託-忠孝,2023-08-14,6162
3018,隆銘綠能,22,0,22,中國信託-忠孝,2023-08-14,6162
006208,富邦台50,22,0,22,中國信託-忠孝,2023-08-14,6162
2886,兆豐金,31,9,22,中國信託-忠孝,2023-08-14,6162
2352,佳世達,21,0,21,中國信託-忠孝,2023-08-14,6162
00830,國泰費城半導體,20,0,20,中國信託-忠孝,2023-08-14,6162
2609,陽明,23,3,20,中國信託-忠孝,2023-08-14,6162
1809,中釉,20,0,20,中國信託-忠孝,2023-08-14,6162
6116,彩晶,20,0,20,中國信託-忠孝,2023-08-14,6162
00730,富邦臺灣優質高息,20,0,20,中國信託-忠孝,2023-08-14,6162
6109,亞元,20,0,20,中國信託-忠孝,2023-08-14,6162
6282,康舒,24,5,19,中國信託-忠孝,2023-08-14,6162
6527,明達醫,19,0,19,中國信託-忠孝,2023-08-14,6162
00900,富邦特選高股息30,321,5,316,中國信託-忠孝,2023-08-15,6162
00929,復華台灣科技優息,293,2,291,中國信託-忠孝,2023-08-15,6162
2324,仁寶,294,74,220,中國信託-忠孝,2023-08-15,6162
00923,群益台ESG低碳50,187,1,186,中國信託-忠孝,2023-08-15,6162
00878,國泰永續高股息,256,97,159,中國信託-忠孝,2023-08-15,6162
3231,緯創,305,172,133,中國信託-忠孝,2023-08-15,6162
00637L,元大滬深300正2,173,50,123,中國信託-忠孝,2023-08-15,6162
2615,萬海,121,0,121,中國信託-忠孝,2023-08-15,6162
2851,中再保,103,0,103,中國信託-忠孝,2023-08-15,6162
1808,潤隆,102,0,102,中國信託-忠孝,2023-08-15,6162
00720B,元大投資級公司債,101,0,101,中國信託-忠孝,2023-08-15,6162
2891,中信金,71,0,71,中國信託-忠孝,2023-08-15,6162
006206,元大上證50,70,0,70,中國信託-忠孝,2023-08-15,6162
2534,宏盛,1262,1200,62,中國信託-忠孝,2023-08-15,6162
1795,美時,57,13,44,中國信託-忠孝,2023-08-15,6162
2363,矽統,93,49,44,中國信託-忠孝,2023-08-15,6162
00907,永豐優息存股,42,0,42,中國信託-忠孝,2023-08-15,6162
2884,玉山金,41,0,41,中國信託-忠孝,2023-08-15,6162
00885,富邦越南,50,10,40,中國信託-忠孝,2023-08-15,6162
00795B,中信美國公債20年,39,0,39,中國信託-忠孝,2023-08-15,6162
00772B,中信高評級公司債,35,0,35,中國信託-忠孝,2023-08-15,6162
00680L,元大美債20正2,38,5,33,中國信託-忠孝,2023-08-15,6162
00931B,統一美債20年,32,0,32,中國信託-忠孝,2023-08-15,6162
5871,中租-KY,31,0,31,中國信託-忠孝,2023-08-15,6162
2886,兆豐金,31,1,30,中國信託-忠孝,2023-08-15,6162
1477,聚陽,31,1,30,中國信託-忠孝,2023-08-15,6162
2330,台積電,27,0,27,中國信託-忠孝,2023-08-15,6162
2834,臺企銀,27,1,26,中國信託-忠孝,2023-08-15,6162
6026,福邦證,26,0,26,中國信託-忠孝,2023-08-15,6162
2462,良得電,24,0,24,中國信託-忠孝,2023-08-15,6162
00762,元大全球AI,22,0,22,中國信託-忠孝,2023-08-15,6162
1471,首利,21,0,21,中國信託-忠孝,2023-08-15,6162
2887,台新金,18,0,18,中國信託-忠孝,2023-08-15,6162
00751B,元大AAA至A公司債,16,0,16,中國信託-忠孝,2023-08-15,6162
6538,倉和,19,3,16,中國信託-忠孝,2023-08-15,6162
3583,辛耘,29,13,16,中國信託-忠孝,2023-08-15,6162
1109,信大,15,0,15,中國信託-忠孝,2023-08-15,6162
3689,湧德,15,1,14,中國信託-忠孝,2023-08-15,6162
3083,網龍,14,0,14,中國信託-忠孝,2023-08-15,6162
8069,元太,35,21,14,中國信託-忠孝,2023-08-15,6162
1101,台泥,14,0,14,中國信託-忠孝,2023-08-15,6162
2301,光寶科,46,32,14,中國信託-忠孝,2023-08-15,6162
0056,元大高股息,29,17,12,中國信託-忠孝,2023-08-15,6162
2801,彰銀,12,0,12,中國信託-忠孝,2023-08-15,6162
1216,統一,11,0,11,中國信託-忠孝,2023-08-15,6162
2609,陽明,12,1,11,中國信託-忠孝,2023-08-15,6162
6188,廣明,17,6,11,中國信託-忠孝,2023-08-15,6162
3526,凡甲,12,1,11,中國信託-忠孝,2023-08-15,6162
8150,南茂,11,0,11,中國信託-忠孝,2023-08-15,6162
5880,合庫金,10,0,10,中國信託-忠孝,2023-08-15,6162
2303,聯電,217,5,212,中國信託-忠孝,2023-08-16,6162
00632R,元大台灣50反1,210,3,207,中國信託-忠孝,2023-08-16,6162
6016,康和證,162,0,162,中國信託-忠孝,2023-08-16,6162
00929,復華台灣科技優息,164,10,154,中國信託-忠孝,2023-08-16,6162
2609,陽明,144,3,141,中國信託-忠孝,2023-08-16,6162
00712,復華富時不動產,108,0,108,中國信託-忠孝,2023-08-16,6162
00772B,中信高評級公司債,98,0,98,中國信託-忠孝,2023-08-16,6162
00878,國泰永續高股息,199,107,92,中國信託-忠孝,2023-08-16,6162
2890,永豐金,94,3,91,中國信託-忠孝,2023-08-16,6162
2891,中信金,98,11,87,中國信託-忠孝,2023-08-16,6162
2887,台新金,78,1,77,中國信託-忠孝,2023-08-16,6162
2812,台中銀,101,24,77,中國信託-忠孝,2023-08-16,6162
00923,群益台ESG低碳50,81,6,75,中國信託-忠孝,2023-08-16,6162
2615,萬海,81,9,72,中國信託-忠孝,2023-08-16,6162
6139,亞翔,64,0,64,中國信託-忠孝,2023-08-16,6162
8069,元太,66,5,61,中國信託-忠孝,2023-08-16,6162
2344,華邦電,57,0,57,中國信託-忠孝,2023-08-16,6162
2883B,凱基金乙特,50,0,50,中國信託-忠孝,2023-08-16,6162
2851,中再保,69,19,50,中國信託-忠孝,2023-08-16,6162
2102,泰豐,48,0,48,中國信託-忠孝,2023-08-16,6162
2881,富邦金,66,20,46,中國信託-忠孝,2023-08-16,6162
2610,華航,68,25,43,中國信託-忠孝,2023-08-16,6162
00888,永豐台灣ESG,35,0,35,中國信託-忠孝,2023-08-16,6162
3693,營邦,44,10,34,中國信託-忠孝,2023-08-16,6162
00882,中信中國高股息,32,0,32,中國信託-忠孝,2023-08-16,6162
00673R,期元大S＆P原油反1,32,0,32,中國信託-忠孝,2023-08-16,6162
5443,均豪,31,0,31,中國信託-忠孝,2023-08-16,6162
2356,英業達,233,203,30,中國信託-忠孝,2023-08-16,6162
2618,長榮航,59,30,29,中國信託-忠孝,2023-08-16,6162
2884,玉山金,31,2,29,中國信託-忠孝,2023-08-16,6162
2382,廣達,138,110,28,中國信託-忠孝,2023-08-16,6162
6026,福邦證,27,0,27,中國信託-忠孝,2023-08-16,6162
2329,華泰,56,31,25,中國信託-忠孝,2023-08-16,6162
00795B,中信美國公債20年,24,1,23,中國信託-忠孝,2023-08-16,6162
6116,彩晶,26,3,23,中國信託-忠孝,2023-08-16,6162
3706,神達,26,3,23,中國信託-忠孝,2023-08-16,6162
00720B,元大投資級公司債,23,0,23,中國信託-忠孝,2023-08-16,6162
2883,凱基金,36,14,22,中國信託-忠孝,2023-08-16,6162
00751B,元大AAA至A公司債,22,0,22,中國信託-忠孝,2023-08-16,6162
3231,緯創,239,218,21,中國信託-忠孝,2023-08-16,6162
3711,日月光投控,21,0,21,中國信託-忠孝,2023-08-16,6162
00692,富邦公司治理,21,0,21,中國信託-忠孝,2023-08-16,6162
2002,中鋼,21,1,20,中國信託-忠孝,2023-08-16,6162
1609,大亞,20,0,20,中國信託-忠孝,2023-08-16,6162
2486,一詮,21,2,19,中國信託-忠孝,2023-08-16,6162
1301,台塑,25,6,19,中國信託-忠孝,2023-08-16,6162
2332,友訊,40,22,18,中國信託-忠孝,2023-08-16,6162
1314,中石化,18,0,18,中國信託-忠孝,2023-08-16,6162
2324,仁寶,48,30,18,中國信託-忠孝,2023-08-16,6162
0050,元大台灣50,28,10,18,中國信託-忠孝,2023-08-16,6162
00795B,中信美國公債20年,156,0,156,中國信託-忠孝,2023-08-17,6162
00679B,元大美債20年,140,35,105,中國信託-忠孝,2023-08-17,6162
00929,復華台灣科技優息,173,86,87,中國信託-忠孝,2023-08-17,6162
00772B,中信高評級公司債,82,0,82,中國信託-忠孝,2023-08-17,6162
8358,金居,105,24,81,中國信託-忠孝,2023-08-17,6162
00712,復華富時不動產,82,3,79,中國信託-忠孝,2023-08-17,6162
2520,冠德,72,0,72,中國信託-忠孝,2023-08-17,6162
2356,英業達,170,102,68,中國信託-忠孝,2023-08-17,6162
00720B,元大投資級公司債,64,0,64,中國信託-忠孝,2023-08-17,6162
1313,聯成,51,0,51,中國信託-忠孝,2023-08-17,6162
2317,鴻海,453,406,47,中國信託-忠孝,2023-08-17,6162
00687B,國泰20年美債,45,0,45,中國信託-忠孝,2023-08-17,6162
00751B,元大AAA至A公司債,36,0,36,中國信託-忠孝,2023-08-17,6162
2329,華泰,43,8,35,中國信託-忠孝,2023-08-17,6162
2501,國建,35,0,35,中國信託-忠孝,2023-08-17,6162
2534,宏盛,634,600,34,中國信託-忠孝,2023-08-17,6162
00631L,元大台灣50正2,33,0,33,中國信託-忠孝,2023-08-17,6162
2421,建準,75,42,33,中國信託-忠孝,2023-08-17,6162
00882,中信中國高股息,35,3,32,中國信託-忠孝,2023-08-17,6162
1504,東元,32,2,30,中國信託-忠孝,2023-08-17,6162
00650L,復華香港正2,30,0,30,中國信託-忠孝,2023-08-17,6162
00900,富邦特選高股息30,38,9,29,中國信託-忠孝,2023-08-17,6162
00665L,富邦�琤肭磪囓�2,29,0,29,中國信託-忠孝,2023-08-17,6162
3308,聯德,30,1,29,中國信託-忠孝,2023-08-17,6162
00725B,國泰投資級公司債,28,0,28,中國信託-忠孝,2023-08-17,6162
2891,中信金,45,18,27,中國信託-忠孝,2023-08-17,6162
2303,聯電,49,24,25,中國信託-忠孝,2023-08-17,6162
1795,美時,34,10,24,中國信託-忠孝,2023-08-17,6162
9945,潤泰新,23,0,23,中國信託-忠孝,2023-08-17,6162
2002,中鋼,22,0,22,中國信託-忠孝,2023-08-17,6162
4746,台耀,26,5,21,中國信託-忠孝,2023-08-17,6162
3105,穩懋,26,5,21,中國信託-忠孝,2023-08-17,6162
2913,農林,40,20,20,中國信託-忠孝,2023-08-17,6162
2884,玉山金,19,0,19,中國信託-忠孝,2023-08-17,6162
5258,虹堡,21,2,19,中國信託-忠孝,2023-08-17,6162
2328,廣宇,21,2,19,中國信託-忠孝,2023-08-17,6162
00673R,期元大S＆P原油反1,19,0,19,中國信託-忠孝,2023-08-17,6162
00680L,元大美債20正2,39,20,19,中國信託-忠孝,2023-08-17,6162
1301,台塑,19,0,19,中國信託-忠孝,2023-08-17,6162
6274,台燿,22,4,18,中國信託-忠孝,2023-08-17,6162
2888,新光金,30,12,18,中國信託-忠孝,2023-08-17,6162
2102,泰豐,16,0,16,中國信託-忠孝,2023-08-17,6162
00931B,統一美債20年,21,5,16,中國信託-忠孝,2023-08-17,6162
2890,永豐金,17,1,16,中國信託-忠孝,2023-08-17,6162
2382,廣達,107,92,15,中國信託-忠孝,2023-08-17,6162
00773B,中信優先金融債,15,0,15,中國信託-忠孝,2023-08-17,6162
2323,中環,30,15,15,中國信託-忠孝,2023-08-17,6162
00706L,期元大S＆P日圓正2,15,0,15,中國信託-忠孝,2023-08-17,6162
2883,凱基金,17,3,14,中國信託-忠孝,2023-08-17,6162
00753L,中信中國50正2,32,18,14,中國信託-忠孝,2023-08-17,6162
2317,鴻海,457,5,452,中國信託-忠孝,2023-08-18,6162
00929,復華台灣科技優息,229,35,194,中國信託-忠孝,2023-08-18,6162
3706,神達,183,31,152,中國信託-忠孝,2023-08-18,6162
00878,國泰永續高股息,168,31,137,中國信託-忠孝,2023-08-18,6162
2534,宏盛,2751,2636,115,中國信託-忠孝,2023-08-18,6162
1108,幸福,104,0,104,中國信託-忠孝,2023-08-18,6162
2851,中再保,101,0,101,中國信託-忠孝,2023-08-18,6162
2382,廣達,244,187,57,中國信託-忠孝,2023-08-18,6162
00772B,中信高評級公司債,55,1,54,中國信託-忠孝,2023-08-18,6162
2891,中信金,61,8,53,中國信託-忠孝,2023-08-18,6162
00712,復華富時不動產,65,12,53,中國信託-忠孝,2023-08-18,6162
2102,泰豐,40,0,40,中國信託-忠孝,2023-08-18,6162
00900,富邦特選高股息30,33,0,33,中國信託-忠孝,2023-08-18,6162
1305,華夏,31,0,31,中國信託-忠孝,2023-08-18,6162
3004,豐達科,31,0,31,中國信託-忠孝,2023-08-18,6162
3036,文曄,29,0,29,中國信託-忠孝,2023-08-18,6162
0056,元大高股息,30,2,28,中國信託-忠孝,2023-08-18,6162
3037,欣興,41,14,27,中國信託-忠孝,2023-08-18,6162
1101,台泥,29,3,26,中國信託-忠孝,2023-08-18,6162
5439,高技,29,3,26,中國信託-忠孝,2023-08-18,6162
6282,康舒,40,14,26,中國信託-忠孝,2023-08-18,6162
3231,緯創,240,216,24,中國信託-忠孝,2023-08-18,6162
2308,台達電,27,5,22,中國信託-忠孝,2023-08-18,6162
0050,元大台灣50,22,0,22,中國信託-忠孝,2023-08-18,6162
00720B,元大投資級公司債,22,0,22,中國信託-忠孝,2023-08-18,6162
6016,康和證,21,0,21,中國信託-忠孝,2023-08-18,6162
4414,如興,20,0,20,中國信託-忠孝,2023-08-18,6162
2457,飛宏,54,34,20,中國信託-忠孝,2023-08-18,6162
3018,隆銘綠能,20,0,20,中國信託-忠孝,2023-08-18,6162
2489,瑞軒,20,1,19,中國信託-忠孝,2023-08-18,6162
2409,友達,19,0,19,中國信託-忠孝,2023-08-18,6162
00795B,中信美國公債20年,18,0,18,中國信託-忠孝,2023-08-18,6162
00882,中信中國高股息,21,3,18,中國信託-忠孝,2023-08-18,6162
00713,元大台灣高息低波,19,1,18,中國信託-忠孝,2023-08-18,6162
2324,仁寶,164,147,17,中國信託-忠孝,2023-08-18,6162
00751B,元大AAA至A公司債,19,2,17,中國信託-忠孝,2023-08-18,6162
2610,華航,30,15,15,中國信託-忠孝,2023-08-18,6162
6829,千附精密,16,1,15,中國信託-忠孝,2023-08-18,6162
6161,捷波,15,0,15,中國信託-忠孝,2023-08-18,6162
8277,商丞,15,0,15,中國信託-忠孝,2023-08-18,6162
6214,精誠,15,0,15,中國信託-忠孝,2023-08-18,6162
00679B,元大美債20年,24,9,15,中國信託-忠孝,2023-08-18,6162
2887,台新金,14,0,14,中國信託-忠孝,2023-08-18,6162
00923,群益台ESG低碳50,18,4,14,中國信託-忠孝,2023-08-18,6162
2201,裕隆,14,0,14,中國信託-忠孝,2023-08-18,6162
3363,上詮,15,1,14,中國信託-忠孝,2023-08-18,6162
5340,建榮,16,3,13,中國信託-忠孝,2023-08-18,6162
00692,富邦公司治理,13,0,13,中國信託-忠孝,2023-08-18,6162
1532,勤美,13,0,13,中國信託-忠孝,2023-08-18,6162
2368,金像電,70,58,12,中國信託-忠孝,2023-08-18,6162
00637L,元大滬深300正2,418,22,396,中國信託-忠孝,2023-08-21,6162
00882,中信中國高股息,160,24,136,中國信託-忠孝,2023-08-21,6162
00665L,富邦�琤肭磪囓�2,134,0,134,中國信託-忠孝,2023-08-21,6162
1808,潤隆,105,0,105,中國信託-忠孝,2023-08-21,6162
2317,鴻海,102,0,102,中國信託-忠孝,2023-08-21,6162
00931B,統一美債20年,71,0,71,中國信託-忠孝,2023-08-21,6162
2891,中信金,74,5,69,中國信託-忠孝,2023-08-21,6162
00929,復華台灣科技優息,166,100,66,中國信託-忠孝,2023-08-21,6162
1305,華夏,66,0,66,中國信託-忠孝,2023-08-21,6162
6116,彩晶,62,0,62,中國信託-忠孝,2023-08-21,6162
2888,新光金,53,0,53,中國信託-忠孝,2023-08-21,6162
00907,永豐優息存股,46,0,46,中國信託-忠孝,2023-08-21,6162
5443,均豪,43,0,43,中國信託-忠孝,2023-08-21,6162
00919,群益台灣精選高息,42,0,42,中國信託-忠孝,2023-08-21,6162
2356,英業達,122,81,41,中國信託-忠孝,2023-08-21,6162
2382,廣達,108,71,37,中國信託-忠孝,2023-08-21,6162
2534,宏盛,35,0,35,中國信託-忠孝,2023-08-21,6162
1218,泰山,35,0,35,中國信託-忠孝,2023-08-21,6162
2516,新建,33,0,33,中國信託-忠孝,2023-08-21,6162
8926,台汽電,32,0,32,中國信託-忠孝,2023-08-21,6162
8210,勤誠,39,8,31,中國信託-忠孝,2023-08-21,6162
3018,隆銘綠能,31,0,31,中國信託-忠孝,2023-08-21,6162
00673R,期元大S＆P原油反1,31,0,31,中國信託-忠孝,2023-08-21,6162
00751B,元大AAA至A公司債,31,0,31,中國信託-忠孝,2023-08-21,6162
00772B,中信高評級公司債,30,0,30,中國信託-忠孝,2023-08-21,6162
6016,康和證,30,0,30,中國信託-忠孝,2023-08-21,6162
2353,宏��,47,17,30,中國信託-忠孝,2023-08-21,6162
5284,jpp-KY,27,2,25,中國信託-忠孝,2023-08-21,6162
8358,金居,80,55,25,中國信託-忠孝,2023-08-21,6162
00720B,元大投資級公司債,24,0,24,中國信託-忠孝,2023-08-21,6162
00930,永豐ESG低碳高息,23,0,23,中國信託-忠孝,2023-08-21,6162
6443,元晶,68,45,23,中國信託-忠孝,2023-08-21,6162
00712,復華富時不動產,32,10,22,中國信託-忠孝,2023-08-21,6162
2363,矽統,127,106,21,中國信託-忠孝,2023-08-21,6162
00650L,復華香港正2,21,0,21,中國信託-忠孝,2023-08-21,6162
2883,凱基金,21,1,20,中國信託-忠孝,2023-08-21,6162
3374,精材,20,0,20,中國信託-忠孝,2023-08-21,6162
2332,友訊,51,31,20,中國信託-忠孝,2023-08-21,6162
2330,台積電,21,3,18,中國信託-忠孝,2023-08-21,6162
00753L,中信中國50正2,22,5,17,中國信託-忠孝,2023-08-21,6162
2881,富邦金,16,0,16,中國信託-忠孝,2023-08-21,6162
0050,元大台灣50,16,0,16,中國信託-忠孝,2023-08-21,6162
3693,營邦,32,17,15,中國信託-忠孝,2023-08-21,6162
2886,兆豐金,14,0,14,中國信託-忠孝,2023-08-21,6162
6274,台燿,27,13,14,中國信託-忠孝,2023-08-21,6162
2345,智邦,17,3,14,中國信託-忠孝,2023-08-21,6162
4712,福格創新,13,0,13,中國信託-忠孝,2023-08-21,6162
2890,永豐金,13,1,12,中國信託-忠孝,2023-08-21,6162
2884,玉山金,11,0,11,中國信託-忠孝,2023-08-21,6162
00923,群益台ESG低碳50,13,2,11,中國信託-忠孝,2023-08-21,6162
00637L,元大滬深300正2,443,4,439,中國信託-忠孝,2023-08-22,6162
00795B,中信美國公債20年,235,0,235,中國信託-忠孝,2023-08-22,6162
00929,復華台灣科技優息,172,1,171,中國信託-忠孝,2023-08-22,6162
6016,康和證,131,0,131,中國信託-忠孝,2023-08-22,6162
00679B,元大美債20年,125,1,124,中國信託-忠孝,2023-08-22,6162
00665L,富邦�琤肭磪囓�2,115,0,115,中國信託-忠孝,2023-08-22,6162
00753L,中信中國50正2,60,3,57,中國信託-忠孝,2023-08-22,6162
00633L,富邦上証正2,50,0,50,中國信託-忠孝,2023-08-22,6162
00757,統一FANG+,50,0,50,中國信託-忠孝,2023-08-22,6162
1108,幸福,50,0,50,中國信託-忠孝,2023-08-22,6162
2349,錸德,42,0,42,中國信託-忠孝,2023-08-22,6162
00720B,元大投資級公司債,41,0,41,中國信託-忠孝,2023-08-22,6162
4712,福格創新,41,0,41,中國信託-忠孝,2023-08-22,6162
00772B,中信高評級公司債,40,2,38,中國信託-忠孝,2023-08-22,6162
00878,國泰永續高股息,54,17,37,中國信託-忠孝,2023-08-22,6162
1714,和桐,36,0,36,中國信託-忠孝,2023-08-22,6162
2344,華邦電,37,2,35,中國信託-忠孝,2023-08-22,6162
3308,聯德,43,8,35,中國信託-忠孝,2023-08-22,6162
2891,中信金,44,10,34,中國信託-忠孝,2023-08-22,6162
2615,萬海,32,0,32,中國信託-忠孝,2023-08-22,6162
3004,豐達科,31,0,31,中國信託-忠孝,2023-08-22,6162
2618,長榮航,52,21,31,中國信託-忠孝,2023-08-22,6162
6166,凌華,30,0,30,中國信託-忠孝,2023-08-22,6162
2301,光寶科,83,54,29,中國信託-忠孝,2023-08-22,6162
00673R,期元大S＆P原油反1,25,0,25,中國信託-忠孝,2023-08-22,6162
00712,復華富時不動產,25,0,25,中國信託-忠孝,2023-08-22,6162
2102,泰豐,23,0,23,中國信託-忠孝,2023-08-22,6162
5439,高技,23,1,22,中國信託-忠孝,2023-08-22,6162
2002,中鋼,21,0,21,中國信託-忠孝,2023-08-22,6162
2606,裕民,42,22,20,中國信託-忠孝,2023-08-22,6162
5392,能率,20,0,20,中國信託-忠孝,2023-08-22,6162
8271,宇瞻,20,0,20,中國信託-忠孝,2023-08-22,6162
00888,永豐台灣ESG,20,0,20,中國信託-忠孝,2023-08-22,6162
00632R,元大台灣50反1,20,1,19,中國信託-忠孝,2023-08-22,6162
6235,華孚,30,11,19,中國信託-忠孝,2023-08-22,6162
2884,玉山金,18,1,17,中國信託-忠孝,2023-08-22,6162
1301,台塑,16,0,16,中國信託-忠孝,2023-08-22,6162
3042,晶技,21,5,16,中國信託-忠孝,2023-08-22,6162
3078,僑威,49,35,14,中國信託-忠孝,2023-08-22,6162
2449,京元電子,42,28,14,中國信託-忠孝,2023-08-22,6162
2886,兆豐金,14,1,13,中國信託-忠孝,2023-08-22,6162
00773B,中信優先金融債,13,0,13,中國信託-忠孝,2023-08-22,6162
2303,聯電,17,5,12,中國信託-忠孝,2023-08-22,6162
3693,營邦,25,13,12,中國信託-忠孝,2023-08-22,6162
2323,中環,12,0,12,中國信託-忠孝,2023-08-22,6162
6191,精成科,16,4,12,中國信託-忠孝,2023-08-22,6162
6282,康舒,14,2,12,中國信託-忠孝,2023-08-22,6162
4746,台耀,12,0,12,中國信託-忠孝,2023-08-22,6162
3689,湧德,13,2,11,中國信託-忠孝,2023-08-22,6162
2883,凱基金,11,0,11,中國信託-忠孝,2023-08-22,6162
2349,錸德,142,0,142,中國信託-忠孝,2023-08-23,6162
2634,漢翔,221,111,110,中國信託-忠孝,2023-08-23,6162
2609,陽明,102,2,100,中國信託-忠孝,2023-08-23,6162
2615,萬海,124,30,94,中國信託-忠孝,2023-08-23,6162
2359,所羅門,98,48,50,中國信託-忠孝,2023-08-23,6162
2618,長榮航,78,36,42,中國信託-忠孝,2023-08-23,6162
2382,廣達,90,49,41,中國信託-忠孝,2023-08-23,6162
2539,櫻花建,35,0,35,中國信託-忠孝,2023-08-23,6162
00680L,元大美債20正2,31,0,31,中國信託-忠孝,2023-08-23,6162
6166,凌華,30,0,30,中國信託-忠孝,2023-08-23,6162
8234,新漢,30,0,30,中國信託-忠孝,2023-08-23,6162
1451,年興,30,0,30,中國信託-忠孝,2023-08-23,6162
2377,微星,30,1,29,中國信託-忠孝,2023-08-23,6162
2455,全新,22,0,22,中國信託-忠孝,2023-08-23,6162
2357,華碩,39,17,22,中國信託-忠孝,2023-08-23,6162
3689,湧德,22,1,21,中國信託-忠孝,2023-08-23,6162
2630,亞航,20,0,20,中國信託-忠孝,2023-08-23,6162
2610,華航,76,56,20,中國信託-忠孝,2023-08-23,6162
2504,國產,20,0,20,中國信託-忠孝,2023-08-23,6162
2905,三商,20,0,20,中國信託-忠孝,2023-08-23,6162
4147,中裕,24,5,19,中國信託-忠孝,2023-08-23,6162
3308,聯德,37,18,19,中國信託-忠孝,2023-08-23,6162
00632R,元大台灣50反1,20,1,19,中國信託-忠孝,2023-08-23,6162
2002,中鋼,19,0,19,中國信託-忠孝,2023-08-23,6162
2605,新興,28,9,19,中國信託-忠孝,2023-08-23,6162
3013,晟銘電,92,74,18,中國信託-忠孝,2023-08-23,6162
8086,宏捷科,18,0,18,中國信託-忠孝,2023-08-23,6162
3078,僑威,28,11,17,中國信託-忠孝,2023-08-23,6162
6214,精誠,20,3,17,中國信託-忠孝,2023-08-23,6162
2356,英業達,40,23,17,中國信託-忠孝,2023-08-23,6162
3018,隆銘綠能,15,0,15,中國信託-忠孝,2023-08-23,6162
8358,金居,29,14,15,中國信託-忠孝,2023-08-23,6162
2486,一詮,20,5,15,中國信託-忠孝,2023-08-23,6162
3693,營邦,23,9,14,中國信託-忠孝,2023-08-23,6162
6285,啟��,45,31,14,中國信託-忠孝,2023-08-23,6162
00923,群益台ESG低碳50,13,0,13,中國信託-忠孝,2023-08-23,6162
00687B,國泰20年美債,13,0,13,中國信託-忠孝,2023-08-23,6162
2330,台積電,25,13,12,中國信託-忠孝,2023-08-23,6162
00795B,中信美國公債20年,12,0,12,中國信託-忠孝,2023-08-23,6162
9933,中鼎,12,0,12,中國信託-忠孝,2023-08-23,6162
2102,泰豐,11,0,11,中國信託-忠孝,2023-08-23,6162
3231,緯創,156,146,10,中國信託-忠孝,2023-08-23,6162
6026,福邦證,22,12,10,中國信託-忠孝,2023-08-23,6162
2880,華南金,10,0,10,中國信託-忠孝,2023-08-23,6162
3051,力特,36,26,10,中國信託-忠孝,2023-08-23,6162
2883,凱基金,10,0,10,中國信託-忠孝,2023-08-23,6162
1709,和益,11,1,10,中國信託-忠孝,2023-08-23,6162
1442,名軒,10,0,10,中國信託-忠孝,2023-08-23,6162
2062,橋椿,10,0,10,中國信託-忠孝,2023-08-23,6162
6118,建達,10,0,10,中國信託-忠孝,2023-08-23,6162
6284,佳邦,335,33,302,中國信託-忠孝,2023-08-24,6162
2317,鴻海,510,211,299,中國信託-忠孝,2023-08-24,6162
00929,復華台灣科技優息,298,48,250,中國信託-忠孝,2023-08-24,6162
6214,精誠,230,25,205,中國信託-忠孝,2023-08-24,6162
2534,宏盛,448,300,148,中國信託-忠孝,2023-08-24,6162
5534,長虹,102,0,102,中國信託-忠孝,2023-08-24,6162
3706,神達,131,45,86,中國信託-忠孝,2023-08-24,6162
2363,矽統,406,321,85,中國信託-忠孝,2023-08-24,6162
3308,聯德,83,1,82,中國信託-忠孝,2023-08-24,6162
2375,凱美,65,0,65,中國信託-忠孝,2023-08-24,6162
6117,迎廣,57,6,51,中國信託-忠孝,2023-08-24,6162
00712,復華富時不動產,39,2,37,中國信託-忠孝,2023-08-24,6162
1528,恩德,40,4,36,中國信託-忠孝,2023-08-24,6162
00795B,中信美國公債20年,33,0,33,中國信託-忠孝,2023-08-24,6162
5483,中美晶,31,0,31,中國信託-忠孝,2023-08-24,6162
8070,長華*,30,0,30,中國信託-忠孝,2023-08-24,6162
6235,華孚,48,20,28,中國信託-忠孝,2023-08-24,6162
8210,勤誠,42,16,26,中國信託-忠孝,2023-08-24,6162
2419,仲琦,64,39,25,中國信託-忠孝,2023-08-24,6162
2888,新光金,25,0,25,中國信託-忠孝,2023-08-24,6162
2609,陽明,30,6,24,中國信託-忠孝,2023-08-24,6162
2388,威盛,33,9,24,中國信託-忠孝,2023-08-24,6162
3206,志豐,23,0,23,中國信託-忠孝,2023-08-24,6162
5439,高技,29,6,23,中國信託-忠孝,2023-08-24,6162
00919,群益台灣精選高息,37,14,23,中國信託-忠孝,2023-08-24,6162
2332,友訊,33,11,22,中國信託-忠孝,2023-08-24,6162
00923,群益台ESG低碳50,37,15,22,中國信託-忠孝,2023-08-24,6162
2883,凱基金,21,0,21,中國信託-忠孝,2023-08-24,6162
00882,中信中國高股息,31,10,21,中國信託-忠孝,2023-08-24,6162
00772B,中信高評級公司債,21,0,21,中國信託-忠孝,2023-08-24,6162
2887,台新金,23,2,21,中國信託-忠孝,2023-08-24,6162
8930,青鋼,40,20,20,中國信託-忠孝,2023-08-24,6162
2349,錸德,20,0,20,中國信託-忠孝,2023-08-24,6162
00686R,群益臺灣加權反1,20,0,20,中國信託-忠孝,2023-08-24,6162
2329,華泰,42,22,20,中國信託-忠孝,2023-08-24,6162
2537,聯上發,17,0,17,中國信託-忠孝,2023-08-24,6162
6282,康舒,59,43,16,中國信託-忠孝,2023-08-24,6162
2102,泰豐,16,0,16,中國信託-忠孝,2023-08-24,6162
8215,明基材,17,2,15,中國信託-忠孝,2023-08-24,6162
1904,正隆,15,0,15,中國信託-忠孝,2023-08-24,6162
2328,廣宇,14,0,14,中國信託-忠孝,2023-08-24,6162
6754,匯僑設計,13,0,13,中國信託-忠孝,2023-08-24,6162
6222,上揚,12,0,12,中國信託-忠孝,2023-08-24,6162
1305,華夏,12,0,12,中國信託-忠孝,2023-08-24,6162
3189,景碩,12,0,12,中國信託-忠孝,2023-08-24,6162
2615,萬海,11,0,11,中國信託-忠孝,2023-08-24,6162
1584,精剛,12,1,11,中國信託-忠孝,2023-08-24,6162
3707,漢磊,11,0,11,中國信託-忠孝,2023-08-24,6162
0056,元大高股息,47,36,11,中國信託-忠孝,2023-08-24,6162
00670L,富邦NASDAQ正2,12,1,11,中國信託-忠孝,2023-08-24,6162
2317,鴻海,453,3,450,中國信託-忠孝,2023-08-25,6162
00706L,期元大S＆P日圓正2,402,2,400,中國信託-忠孝,2023-08-25,6162
00878,國泰永續高股息,363,68,295,中國信託-忠孝,2023-08-25,6162
3231,緯創,290,100,190,中國信託-忠孝,2023-08-25,6162
00919,群益台灣精選高息,128,0,128,中國信託-忠孝,2023-08-25,6162
00929,復華台灣科技優息,130,10,120,中國信託-忠孝,2023-08-25,6162
2615,萬海,100,1,99,中國信託-忠孝,2023-08-25,6162
4979,華星光,106,10,96,中國信託-忠孝,2023-08-25,6162
4712,福格創新,73,0,73,中國信託-忠孝,2023-08-25,6162
2356,英業達,115,52,63,中國信託-忠孝,2023-08-25,6162
2455,全新,65,7,58,中國信託-忠孝,2023-08-25,6162
00923,群益台ESG低碳50,52,0,52,中國信託-忠孝,2023-08-25,6162
0056,元大高股息,68,19,49,中國信託-忠孝,2023-08-25,6162
2618,長榮航,91,42,49,中國信託-忠孝,2023-08-25,6162
2645,長榮航太,54,6,48,中國信託-忠孝,2023-08-25,6162
2891,中信金,56,9,47,中國信託-忠孝,2023-08-25,6162
2412,中華電,40,0,40,中國信託-忠孝,2023-08-25,6162
2745,五福,44,4,40,中國信託-忠孝,2023-08-25,6162
4906,正文,62,25,37,中國信託-忠孝,2023-08-25,6162
2485,兆赫,43,7,36,中國信託-忠孝,2023-08-25,6162
2704,國賓,36,1,35,中國信託-忠孝,2023-08-25,6162
2883,凱基金,30,0,30,中國信託-忠孝,2023-08-25,6162
3037,欣興,57,30,27,中國信託-忠孝,2023-08-25,6162
0050,元大台灣50,26,0,26,中國信託-忠孝,2023-08-25,6162
00753L,中信中國50正2,23,0,23,中國信託-忠孝,2023-08-25,6162
00692,富邦公司治理,22,0,22,中國信託-忠孝,2023-08-25,6162
2845,遠東銀,61,40,21,中國信託-忠孝,2023-08-25,6162
00665L,富邦�琤肭磪囓�2,21,0,21,中國信託-忠孝,2023-08-25,6162
1218,泰山,20,0,20,中國信託-忠孝,2023-08-25,6162
6026,福邦證,26,6,20,中國信託-忠孝,2023-08-25,6162
2913,農林,20,0,20,中國信託-忠孝,2023-08-25,6162
6016,康和證,20,0,20,中國信託-忠孝,2023-08-25,6162
5215,科嘉-KY,20,0,20,中國信託-忠孝,2023-08-25,6162
8033,雷虎,24,5,19,中國信託-忠孝,2023-08-25,6162
2486,一詮,19,1,18,中國信託-忠孝,2023-08-25,6162
2303,聯電,21,3,18,中國信託-忠孝,2023-08-25,6162
6168,宏齊,18,1,17,中國信託-忠孝,2023-08-25,6162
1471,首利,19,3,16,中國信託-忠孝,2023-08-25,6162
2330,台積電,17,1,16,中國信託-忠孝,2023-08-25,6162
1737,臺鹽,31,16,15,中國信託-忠孝,2023-08-25,6162
2353,宏��,18,4,14,中國信託-忠孝,2023-08-25,6162
2329,華泰,42,28,14,中國信託-忠孝,2023-08-25,6162
8069,元太,17,3,14,中國信託-忠孝,2023-08-25,6162
2886,兆豐金,13,0,13,中國信託-忠孝,2023-08-25,6162
6830,汎銓,20,8,12,中國信託-忠孝,2023-08-25,6162
00631L,元大台灣50正2,13,1,12,中國信託-忠孝,2023-08-25,6162
006208,富邦台50,12,0,12,中國信託-忠孝,2023-08-25,6162
2332,友訊,24,13,11,中國信託-忠孝,2023-08-25,6162
2206,三陽工業,15,4,11,中國信託-忠孝,2023-08-25,6162
6443,元晶,31,20,11,中國信託-忠孝,2023-08-25,6162
2634,漢翔,447,65,382,中國信託-忠孝,2023-08-28,6162
1108,幸福,352,4,348,中國信託-忠孝,2023-08-28,6162
00929,復華台灣科技優息,279,11,268,中國信託-忠孝,2023-08-28,6162
00878,國泰永續高股息,150,24,126,中國信託-忠孝,2023-08-28,6162
00882,中信中國高股息,124,11,113,中國信託-忠孝,2023-08-28,6162
2867,三商壽,101,0,101,中國信託-忠孝,2023-08-28,6162
00637L,元大滬深300正2,193,97,96,中國信託-忠孝,2023-08-28,6162
1313,聯成,85,0,85,中國信託-忠孝,2023-08-28,6162
00633L,富邦上証正2,85,0,85,中國信託-忠孝,2023-08-28,6162
00632R,元大台灣50反1,60,0,60,中國信託-忠孝,2023-08-28,6162
2344,華邦電,61,2,59,中國信託-忠孝,2023-08-28,6162
2618,長榮航,113,58,55,中國信託-忠孝,2023-08-28,6162
2388,威盛,81,34,47,中國信託-忠孝,2023-08-28,6162
3293,鈊象,40,0,40,中國信託-忠孝,2023-08-28,6162
2701,萬企,40,0,40,中國信託-忠孝,2023-08-28,6162
2331,精英,88,49,39,中國信託-忠孝,2023-08-28,6162
4712,福格創新,35,0,35,中國信託-忠孝,2023-08-28,6162
6235,華孚,73,38,35,中國信託-忠孝,2023-08-28,6162
3027,盛達,32,0,32,中國信託-忠孝,2023-08-28,6162
3305,昇貿,33,1,32,中國信託-忠孝,2023-08-28,6162
2377,微星,31,0,31,中國信託-忠孝,2023-08-28,6162
4906,正文,44,13,31,中國信託-忠孝,2023-08-28,6162
4532,瑞智,31,0,31,中國信託-忠孝,2023-08-28,6162
1528,恩德,30,0,30,中國信託-忠孝,2023-08-28,6162
1305,華夏,29,0,29,中國信託-忠孝,2023-08-28,6162
3078,僑威,29,1,28,中國信託-忠孝,2023-08-28,6162
6156,松上,27,0,27,中國信託-忠孝,2023-08-28,6162
00864B,中信美國公債0-1,25,0,25,中國信託-忠孝,2023-08-28,6162
2455,全新,27,3,24,中國信託-忠孝,2023-08-28,6162
1210,大成,22,0,22,中國信託-忠孝,2023-08-28,6162
2449,京元電子,47,25,22,中國信託-忠孝,2023-08-28,6162
2610,華航,45,23,22,中國信託-忠孝,2023-08-28,6162
5234,達興材料,21,0,21,中國信託-忠孝,2023-08-28,6162
2349,錸德,20,0,20,中國信託-忠孝,2023-08-28,6162
8070,長華*,20,0,20,中國信託-忠孝,2023-08-28,6162
00902,中信電池及儲能,20,0,20,中國信託-忠孝,2023-08-28,6162
6161,捷波,18,0,18,中國信託-忠孝,2023-08-28,6162
1584,精剛,22,4,18,中國信託-忠孝,2023-08-28,6162
00772B,中信高評級公司債,19,2,17,中國信託-忠孝,2023-08-28,6162
5284,jpp-KY,21,4,17,中國信託-忠孝,2023-08-28,6162
2369,菱生,60,43,17,中國信託-忠孝,2023-08-28,6162
1101,台泥,17,0,17,中國信託-忠孝,2023-08-28,6162
6274,台燿,16,0,16,中國信託-忠孝,2023-08-28,6162
00673R,期元大S＆P原油反1,20,4,16,中國信託-忠孝,2023-08-28,6162
00655L,國泰中國A50正2,29,13,16,中國信託-忠孝,2023-08-28,6162
8114,振樺電,15,0,15,中國信託-忠孝,2023-08-28,6162
6005,群益證,14,0,14,中國信託-忠孝,2023-08-28,6162
00919,群益台灣精選高息,17,3,14,中國信託-忠孝,2023-08-28,6162
1215,卜蜂,13,0,13,中國信託-忠孝,2023-08-28,6162
1326,台化,13,0,13,中國信託-忠孝,2023-08-28,6162
4707,磐亞,294,6,288,中國信託-忠孝,2023-08-29,6162
1108,幸福,194,1,193,中國信託-忠孝,2023-08-29,6162
00929,復華台灣科技優息,184,6,178,中國信託-忠孝,2023-08-29,6162
4712,福格創新,126,0,126,中國信託-忠孝,2023-08-29,6162
2363,矽統,318,266,52,中國信託-忠孝,2023-08-29,6162
2887,台新金,51,2,49,中國信託-忠孝,2023-08-29,6162
00919,群益台灣精選高息,44,0,44,中國信託-忠孝,2023-08-29,6162
2913,農林,43,0,43,中國信託-忠孝,2023-08-29,6162
2317,鴻海,36,1,35,中國信託-忠孝,2023-08-29,6162
4207,環泰,32,0,32,中國信託-忠孝,2023-08-29,6162
00900,富邦特選高股息30,51,20,31,中國信託-忠孝,2023-08-29,6162
00673R,期元大S＆P原油反1,30,1,29,中國信託-忠孝,2023-08-29,6162
00713,元大台灣高息低波,22,0,22,中國信託-忠孝,2023-08-29,6162
2630,亞航,27,6,21,中國信託-忠孝,2023-08-29,6162
2405,輔信,21,0,21,中國信託-忠孝,2023-08-29,6162
00712,復華富時不動產,59,40,19,中國信託-忠孝,2023-08-29,6162
2610,華航,43,26,17,中國信託-忠孝,2023-08-29,6162
6213,聯茂,25,8,17,中國信託-忠孝,2023-08-29,6162
4746,台耀,17,0,17,中國信託-忠孝,2023-08-29,6162
2891,中信金,22,6,16,中國信託-忠孝,2023-08-29,6162
2002,中鋼,16,0,16,中國信託-忠孝,2023-08-29,6162
5434,崇越,15,0,15,中國信託-忠孝,2023-08-29,6162
6104,創惟,20,5,15,中國信託-忠孝,2023-08-29,6162
00679B,元大美債20年,13,0,13,中國信託-忠孝,2023-08-29,6162
3528,安馳,15,2,13,中國信託-忠孝,2023-08-29,6162
3189,景碩,19,7,12,中國信託-忠孝,2023-08-29,6162
5439,高技,12,0,12,中國信託-忠孝,2023-08-29,6162
4908,前鼎,11,0,11,中國信託-忠孝,2023-08-29,6162
1314,中石化,11,0,11,中國信託-忠孝,2023-08-29,6162
00830,國泰費城半導體,10,0,10,中國信託-忠孝,2023-08-29,6162
00632R,元大台灣50反1,10,0,10,中國信託-忠孝,2023-08-29,6162
6120,達運,12,2,10,中國信託-忠孝,2023-08-29,6162
2340,台亞,22,12,10,中國信託-忠孝,2023-08-29,6162
6865,偉康科技,10,0,10,中國信託-忠孝,2023-08-29,6162
5210,寶碩,10,0,10,中國信託-忠孝,2023-08-29,6162
2535,達欣工,10,0,10,中國信託-忠孝,2023-08-29,6162
1319,東陽,13,4,9,中國信託-忠孝,2023-08-29,6162
2355,敬鵬,12,3,9,中國信託-忠孝,2023-08-29,6162
2449,京元電子,17,9,8,中國信託-忠孝,2023-08-29,6162
3455,由田,8,0,8,中國信託-忠孝,2023-08-29,6162
5880,合庫金,8,0,8,中國信託-忠孝,2023-08-29,6162
3617,碩天,16,8,8,中國信託-忠孝,2023-08-29,6162
1101,台泥,9,1,8,中國信託-忠孝,2023-08-29,6162
5457,宣德,7,0,7,中國信託-忠孝,2023-08-29,6162
00631L,元大台灣50正2,7,0,7,中國信託-忠孝,2023-08-29,6162
6841,長佳智能,7,0,7,中國信託-忠孝,2023-08-29,6162
3035,智原,21,15,6,中國信託-忠孝,2023-08-29,6162
1810,和成,6,0,6,中國信託-忠孝,2023-08-29,6162
00715L,期街口布蘭特正2,6,0,6,中國信託-忠孝,2023-08-29,6162
00680L,元大美債20正2,6,0,6,中國信託-忠孝,2023-08-29,6162
2834,臺企銀,316,2,314,中國信託-忠孝,2023-08-30,6162
00637L,元大滬深300正2,254,0,254,中國信託-忠孝,2023-08-30,6162
4414,如興,70,8,62,中國信託-忠孝,2023-08-30,6162
8086,宏捷科,65,8,57,中國信託-忠孝,2023-08-30,6162
00673R,期元大S＆P原油反1,55,0,55,中國信託-忠孝,2023-08-30,6162
00633L,富邦上証正2,50,0,50,中國信託-忠孝,2023-08-30,6162
2913,農林,50,1,49,中國信託-忠孝,2023-08-30,6162
2363,矽統,162,116,46,中國信託-忠孝,2023-08-30,6162
00919,群益台灣精選高息,41,0,41,中國信託-忠孝,2023-08-30,6162
3617,碩天,38,2,36,中國信託-忠孝,2023-08-30,6162
00929,復華台灣科技優息,184,150,34,中國信託-忠孝,2023-08-30,6162
2402,毅嘉,64,33,31,中國信託-忠孝,2023-08-30,6162
4989,榮科,36,6,30,中國信託-忠孝,2023-08-30,6162
2301,光寶科,51,26,25,中國信託-忠孝,2023-08-30,6162
6689,伊雲谷,27,2,25,中國信託-忠孝,2023-08-30,6162
4906,正文,67,44,23,中國信託-忠孝,2023-08-30,6162
2392,正崴,24,3,21,中國信託-忠孝,2023-08-30,6162
00902,中信電池及儲能,21,0,21,中國信託-忠孝,2023-08-30,6162
1528,恩德,20,0,20,中國信託-忠孝,2023-08-30,6162
3380,明泰,22,6,16,中國信託-忠孝,2023-08-30,6162
00679B,元大美債20年,17,1,16,中國信託-忠孝,2023-08-30,6162
2376,技嘉,47,32,15,中國信託-忠孝,2023-08-30,6162
2485,兆赫,33,18,15,中國信託-忠孝,2023-08-30,6162
2340,台亞,24,10,14,中國信託-忠孝,2023-08-30,6162
1319,東陽,15,1,14,中國信託-忠孝,2023-08-30,6162
2324,仁寶,19,5,14,中國信託-忠孝,2023-08-30,6162
1471,首利,22,9,13,中國信託-忠孝,2023-08-30,6162
2610,華航,23,11,12,中國信託-忠孝,2023-08-30,6162
1907,永豐餘,12,0,12,中國信託-忠孝,2023-08-30,6162
6472,保瑞,19,7,12,中國信託-忠孝,2023-08-30,6162
00923,群益台ESG低碳50,14,2,12,中國信託-忠孝,2023-08-30,6162
3042,晶技,11,0,11,中國信託-忠孝,2023-08-30,6162
1402,遠東新,11,0,11,中國信託-忠孝,2023-08-30,6162
2538,基泰,11,0,11,中國信託-忠孝,2023-08-30,6162
2886,兆豐金,12,1,11,中國信託-忠孝,2023-08-30,6162
3231,緯創,41,30,11,中國信託-忠孝,2023-08-30,6162
3533,嘉澤,15,5,10,中國信託-忠孝,2023-08-30,6162
2535,達欣工,10,0,10,中國信託-忠孝,2023-08-30,6162
2816,旺旺保,10,0,10,中國信託-忠孝,2023-08-30,6162
5009,榮剛,10,0,10,中國信託-忠孝,2023-08-30,6162
2892,第一金,12,3,9,中國信託-忠孝,2023-08-30,6162
6140,訊達,10,1,9,中國信託-忠孝,2023-08-30,6162
2605,新興,10,1,9,中國信託-忠孝,2023-08-30,6162
4979,華星光,31,22,9,中國信託-忠孝,2023-08-30,6162
2480,敦陽科,10,1,9,中國信託-忠孝,2023-08-30,6162
6235,華孚,31,22,9,中國信託-忠孝,2023-08-30,6162
5371,中光電,12,4,8,中國信託-忠孝,2023-08-30,6162
8027,鈦昇,8,0,8,中國信託-忠孝,2023-08-30,6162
1477,聚陽,7,0,7,中國信託-忠孝,2023-08-30,6162
4712,福格創新,7,0,7,中國信託-忠孝,2023-08-30,6162
2412,中華電,120,0,120,中國信託-忠孝,2023-08-31,6162
00637L,元大滬深300正2,96,0,96,中國信託-忠孝,2023-08-31,6162
2634,漢翔,117,29,88,中國信託-忠孝,2023-08-31,6162
2851,中再保,100,32,68,中國信託-忠孝,2023-08-31,6162
4542,科嶠,65,0,65,中國信託-忠孝,2023-08-31,6162
00878,國泰永續高股息,83,25,58,中國信託-忠孝,2023-08-31,6162
00673R,期元大S＆P原油反1,50,0,50,中國信託-忠孝,2023-08-31,6162
00929,復華台灣科技優息,133,86,47,中國信託-忠孝,2023-08-31,6162
2913,農林,50,3,47,中國信託-忠孝,2023-08-31,6162
9958,世紀鋼,59,18,41,中國信託-忠孝,2023-08-31,6162
3293,鈊象,38,0,38,中國信託-忠孝,2023-08-31,6162
2399,映泰,30,0,30,中國信託-忠孝,2023-08-31,6162
3056,富華新,31,2,29,中國信託-忠孝,2023-08-31,6162
5536,聖暉*,28,0,28,中國信託-忠孝,2023-08-31,6162
2002,中鋼,26,0,26,中國信託-忠孝,2023-08-31,6162
2891,中信金,39,13,26,中國信託-忠孝,2023-08-31,6162
1108,幸福,25,0,25,中國信託-忠孝,2023-08-31,6162
2337,旺宏,60,36,24,中國信託-忠孝,2023-08-31,6162
2886,兆豐金,23,0,23,中國信託-忠孝,2023-08-31,6162
6125,廣運,32,10,22,中國信託-忠孝,2023-08-31,6162
2455,全新,87,66,21,中國信託-忠孝,2023-08-31,6162
6153,嘉聯益,20,0,20,中國信託-忠孝,2023-08-31,6162
5351,鈺創,22,2,20,中國信託-忠孝,2023-08-31,6162
00923,群益台ESG低碳50,19,0,19,中國信託-忠孝,2023-08-31,6162
2884,玉山金,19,1,18,中國信託-忠孝,2023-08-31,6162
00882,中信中國高股息,20,2,18,中國信託-忠孝,2023-08-31,6162
2880,華南金,17,0,17,中國信託-忠孝,2023-08-31,6162
6108,競國,19,2,17,中國信託-忠孝,2023-08-31,6162
2892,第一金,16,0,16,中國信託-忠孝,2023-08-31,6162
1216,統一,17,1,16,中國信託-忠孝,2023-08-31,6162
5340,建榮,15,0,15,中國信託-忠孝,2023-08-31,6162
00919,群益台灣精選高息,26,11,15,中國信託-忠孝,2023-08-31,6162
3617,碩天,14,0,14,中國信託-忠孝,2023-08-31,6162
00680L,元大美債20正2,14,0,14,中國信託-忠孝,2023-08-31,6162
2303,聯電,15,2,13,中國信託-忠孝,2023-08-31,6162
3058,立德,13,0,13,中國信託-忠孝,2023-08-31,6162
6213,聯茂,34,21,13,中國信託-忠孝,2023-08-31,6162
3533,嘉澤,17,5,12,中國信託-忠孝,2023-08-31,6162
2883,凱基金,12,0,12,中國信託-忠孝,2023-08-31,6162
1319,東陽,25,13,12,中國信託-忠孝,2023-08-31,6162
1802,台玻,20,8,12,中國信託-忠孝,2023-08-31,6162
00795B,中信美國公債20年,12,0,12,中國信託-忠孝,2023-08-31,6162
2340,台亞,25,14,11,中國信託-忠孝,2023-08-31,6162
2312,金寶,11,0,11,中國信託-忠孝,2023-08-31,6162
4744,皇將,11,0,11,中國信託-忠孝,2023-08-31,6162
2388,威盛,19,8,11,中國信託-忠孝,2023-08-31,6162
1905,華紙,11,0,11,中國信託-忠孝,2023-08-31,6162
2838,聯邦銀,11,0,11,中國信託-忠孝,2023-08-31,6162
5347,世界,12,2,10,中國信託-忠孝,2023-08-31,6162
2633,台灣高鐵,10,0,10,中國信託-忠孝,2023-08-31,6162
00929,復華台灣科技優息,355,41,314,中國信託-忠孝,2023-09-01,6162
00919,群益台灣精選高息,230,10,220,中國信託-忠孝,2023-09-01,6162
2534,宏盛,192,18,174,中國信託-忠孝,2023-09-01,6162
2881,富邦金,142,1,141,中國信託-忠孝,2023-09-01,6162
00932,兆豐永續高息等權,135,0,135,中國信託-忠孝,2023-09-01,6162
00878,國泰永續高股息,127,14,113,中國信託-忠孝,2023-09-01,6162
3231,緯創,207,104,103,中國信託-忠孝,2023-09-01,6162
00673R,期元大S＆P原油反1,80,0,80,中國信託-忠孝,2023-09-01,6162
3617,碩天,76,0,76,中國信託-忠孝,2023-09-01,6162
00896,中信綠能及電動車,66,0,66,中國信託-忠孝,2023-09-01,6162
2329,華泰,61,2,59,中國信託-忠孝,2023-09-01,6162
2382,廣達,89,30,59,中國信託-忠孝,2023-09-01,6162
4167,松瑞藥,57,0,57,中國信託-忠孝,2023-09-01,6162
2816,旺旺保,55,0,55,中國信託-忠孝,2023-09-01,6162
8086,宏捷科,60,7,53,中國信託-忠孝,2023-09-01,6162
3666,光耀,65,15,50,中國信託-忠孝,2023-09-01,6162
2332,友訊,48,2,46,中國信託-忠孝,2023-09-01,6162
2356,英業達,60,21,39,中國信託-忠孝,2023-09-01,6162
8210,勤誠,38,5,33,中國信託-忠孝,2023-09-01,6162
6214,精誠,30,0,30,中國信託-忠孝,2023-09-01,6162
6770,力積電,31,2,29,中國信託-忠孝,2023-09-01,6162
2206,三陽工業,31,5,26,中國信託-忠孝,2023-09-01,6162
6177,達麗,26,0,26,中國信託-忠孝,2023-09-01,6162
8068,全達,26,1,25,中國信託-忠孝,2023-09-01,6162
2376,技嘉,58,35,23,中國信託-忠孝,2023-09-01,6162
2340,台亞,23,0,23,中國信託-忠孝,2023-09-01,6162
00679B,元大美債20年,24,1,23,中國信託-忠孝,2023-09-01,6162
6547,高端疫苗,40,19,21,中國信託-忠孝,2023-09-01,6162
0056,元大高股息,24,3,21,中國信託-忠孝,2023-09-01,6162
5864,致和證,32,13,19,中國信託-忠孝,2023-09-01,6162
2603,長榮,21,3,18,中國信託-忠孝,2023-09-01,6162
00921,兆豐龍頭等權重,18,0,18,中國信託-忠孝,2023-09-01,6162
3325,旭品,17,0,17,中國信託-忠孝,2023-09-01,6162
8087,麗升能源,17,0,17,中國信託-忠孝,2023-09-01,6162
00696B,富邦美債20年,16,0,16,中國信託-忠孝,2023-09-01,6162
8358,金居,24,8,16,中國信託-忠孝,2023-09-01,6162
3094,聯傑,23,7,16,中國信託-忠孝,2023-09-01,6162
9904,寶成,16,0,16,中國信託-忠孝,2023-09-01,6162
3689,湧德,16,0,16,中國信託-忠孝,2023-09-01,6162
00923,群益台ESG低碳50,15,0,15,中國信託-忠孝,2023-09-01,6162
2485,兆赫,50,35,15,中國信託-忠孝,2023-09-01,6162
00882,中信中國高股息,15,0,15,中國信託-忠孝,2023-09-01,6162
1216,統一,15,0,15,中國信託-忠孝,2023-09-01,6162
4967,十銓,16,2,14,中國信託-忠孝,2023-09-01,6162
6120,達運,20,6,14,中國信託-忠孝,2023-09-01,6162
2891,中信金,13,0,13,中國信託-忠孝,2023-09-01,6162
3592,瑞鼎,13,0,13,中國信託-忠孝,2023-09-01,6162
00795B,中信美國公債20年,13,0,13,中國信託-忠孝,2023-09-01,6162
6830,汎銓,20,7,13,中國信託-忠孝,2023-09-01,6162
5009,榮剛,12,0,12,中國信託-忠孝,2023-09-01,6162
2816,旺旺保,487,6,481,中國信託-忠孝,2023-09-04,6162
2204,中華,359,15,344,中國信託-忠孝,2023-09-04,6162
00929,復華台灣科技優息,319,20,299,中國信託-忠孝,2023-09-04,6162
2375,凱美,230,0,230,中國信託-忠孝,2023-09-04,6162
6284,佳邦,213,7,206,中國信託-忠孝,2023-09-04,6162
8086,宏捷科,203,12,191,中國信託-忠孝,2023-09-04,6162
00679B,元大美債20年,125,0,125,中國信託-忠孝,2023-09-04,6162
00878,國泰永續高股息,115,43,72,中國信託-忠孝,2023-09-04,6162
6021,美好證,70,0,70,中國信託-忠孝,2023-09-04,6162
1905,華紙,66,1,65,中國信託-忠孝,2023-09-04,6162
00772B,中信高評級公司債,64,0,64,中國信託-忠孝,2023-09-04,6162
9958,世紀鋼,51,2,49,中國信託-忠孝,2023-09-04,6162
5340,建榮,51,2,49,中國信託-忠孝,2023-09-04,6162
00751B,元大AAA至A公司債,37,0,37,中國信託-忠孝,2023-09-04,6162
2618,長榮航,50,14,36,中國信託-忠孝,2023-09-04,6162
00795B,中信美國公債20年,34,0,34,中國信託-忠孝,2023-09-04,6162
6112,邁達特,32,0,32,中國信託-忠孝,2023-09-04,6162
00686R,群益臺灣加權反1,30,0,30,中國信託-忠孝,2023-09-04,6162
00919,群益台灣精選高息,48,20,28,中國信託-忠孝,2023-09-04,6162
2367,燿華,25,0,25,中國信託-忠孝,2023-09-04,6162
2883B,凱基金乙特,24,0,24,中國信託-忠孝,2023-09-04,6162
3715,定穎投控,50,28,22,中國信託-忠孝,2023-09-04,6162
2701,萬企,20,0,20,中國信託-忠孝,2023-09-04,6162
00915,凱基優選高股息30,20,0,20,中國信託-忠孝,2023-09-04,6162
3094,聯傑,20,1,19,中國信託-忠孝,2023-09-04,6162
2489,瑞軒,19,0,19,中國信託-忠孝,2023-09-04,6162
3481,群創,20,1,19,中國信託-忠孝,2023-09-04,6162
00932,兆豐永續高息等權,18,0,18,中國信託-忠孝,2023-09-04,6162
2383,台光電,29,11,18,中國信託-忠孝,2023-09-04,6162
1314,中石化,18,1,17,中國信託-忠孝,2023-09-04,6162
00673R,期元大S＆P原油反1,17,0,17,中國信託-忠孝,2023-09-04,6162
2376,技嘉,25,9,16,中國信託-忠孝,2023-09-04,6162
6217,中探針,16,0,16,中國信託-忠孝,2023-09-04,6162
2834,臺企銀,15,0,15,中國信託-忠孝,2023-09-04,6162
2609,陽明,34,19,15,中國信託-忠孝,2023-09-04,6162
2543,皇昌,15,0,15,中國信託-忠孝,2023-09-04,6162
8121,越峰,15,0,15,中國信託-忠孝,2023-09-04,6162
00720B,元大投資級公司債,15,0,15,中國信託-忠孝,2023-09-04,6162
2409,友達,15,0,15,中國信託-忠孝,2023-09-04,6162
4188,安克,15,0,15,中國信託-忠孝,2023-09-04,6162
6177,達麗,14,0,14,中國信託-忠孝,2023-09-04,6162
2371,大同,40,26,14,中國信託-忠孝,2023-09-04,6162
8215,明基材,13,0,13,中國信託-忠孝,2023-09-04,6162
00687B,國泰20年美債,13,1,12,中國信託-忠孝,2023-09-04,6162
1802,台玻,76,64,12,中國信託-忠孝,2023-09-04,6162
00857B,永豐20年美公債,11,0,11,中國信託-忠孝,2023-09-04,6162
00688L,國泰20年美債正2,11,0,11,中國信託-忠孝,2023-09-04,6162
00670L,富邦NASDAQ正2,11,0,11,中國信託-忠孝,2023-09-04,6162
2534,宏盛,10,0,10,中國信託-忠孝,2023-09-04,6162
2476,鉅祥,10,0,10,中國信託-忠孝,2023-09-04,6162
00929,復華台灣科技優息,439,32,407,中國信託-忠孝,2023-09-05,6162
2375,凱美,284,66,218,中國信託-忠孝,2023-09-05,6162
2609,陽明,85,3,82,中國信託-忠孝,2023-09-05,6162
00679B,元大美債20年,71,1,70,中國信託-忠孝,2023-09-05,6162
00665L,富邦�琤肭磪囓�2,55,0,55,中國信託-忠孝,2023-09-05,6162
00688L,國泰20年美債正2,50,0,50,中國信託-忠孝,2023-09-05,6162
1313,聯成,50,1,49,中國信託-忠孝,2023-09-05,6162
6282,康舒,67,22,45,中國信託-忠孝,2023-09-05,6162
2845,遠東銀,41,0,41,中國信託-忠孝,2023-09-05,6162
6153,嘉聯益,35,0,35,中國信託-忠孝,2023-09-05,6162
2102,泰豐,35,0,35,中國信託-忠孝,2023-09-05,6162
00772B,中信高評級公司債,36,1,35,中國信託-忠孝,2023-09-05,6162
2515,中工,60,26,34,中國信託-忠孝,2023-09-05,6162
00932,兆豐永續高息等權,39,8,31,中國信託-忠孝,2023-09-05,6162
00915,凱基優選高股息30,30,0,30,中國信託-忠孝,2023-09-05,6162
3036,文曄,30,0,30,中國信託-忠孝,2023-09-05,6162
00720B,元大投資級公司債,29,0,29,中國信託-忠孝,2023-09-05,6162
6223,旺矽,37,9,28,中國信託-忠孝,2023-09-05,6162
6830,汎銓,32,5,27,中國信託-忠孝,2023-09-05,6162
3715,定穎投控,46,20,26,中國信託-忠孝,2023-09-05,6162
3045,台灣大,26,0,26,中國信託-忠孝,2023-09-05,6162
00919,群益台灣精選高息,106,83,23,中國信託-忠孝,2023-09-05,6162
2402,毅嘉,73,51,22,中國信託-忠孝,2023-09-05,6162
4147,中裕,23,2,21,中國信託-忠孝,2023-09-05,6162
3548,兆利,23,2,21,中國信託-忠孝,2023-09-05,6162
1538,正峰,20,0,20,中國信託-忠孝,2023-09-05,6162
5215,科嘉-KY,25,5,20,中國信託-忠孝,2023-09-05,6162
1319,東陽,24,4,20,中國信託-忠孝,2023-09-05,6162
6603,富強鑫,20,0,20,中國信託-忠孝,2023-09-05,6162
5351,鈺創,27,8,19,中國信託-忠孝,2023-09-05,6162
2436,偉詮電,59,41,18,中國信託-忠孝,2023-09-05,6162
1314,中石化,16,0,16,中國信託-忠孝,2023-09-05,6162
8016,矽創,20,4,16,中國信託-忠孝,2023-09-05,6162
3645,達邁,16,0,16,中國信託-忠孝,2023-09-05,6162
2883B,凱基金乙特,16,1,15,中國信託-忠孝,2023-09-05,6162
00673R,期元大S＆P原油反1,20,5,15,中國信託-忠孝,2023-09-05,6162
2353,宏��,18,3,15,中國信託-忠孝,2023-09-05,6162
2906,高林,40,25,15,中國信託-忠孝,2023-09-05,6162
00687B,國泰20年美債,15,2,13,中國信託-忠孝,2023-09-05,6162
2458,義隆,15,2,13,中國信託-忠孝,2023-09-05,6162
2486,一詮,30,17,13,中國信託-忠孝,2023-09-05,6162
3231,緯創,32,20,12,中國信託-忠孝,2023-09-05,6162
1904,正隆,12,0,12,中國信託-忠孝,2023-09-05,6162
2630,亞航,12,0,12,中國信託-忠孝,2023-09-05,6162
3014,聯陽,22,10,12,中國信託-忠孝,2023-09-05,6162
2211,長榮鋼,12,0,12,中國信託-忠孝,2023-09-05,6162
8071,能率網通,12,0,12,中國信託-忠孝,2023-09-05,6162
00888,永豐台灣ESG,11,0,11,中國信託-忠孝,2023-09-05,6162
00902,中信電池及儲能,11,0,11,中國信託-忠孝,2023-09-05,6162
3481,群創,15,5,10,中國信託-忠孝,2023-09-05,6162
00929,復華台灣科技優息,686,259,427,中國信託-忠孝,2023-09-06,6162
2816,旺旺保,517,122,395,中國信託-忠孝,2023-09-06,6162
1108,幸福,286,0,286,中國信託-忠孝,2023-09-06,6162
2888,新光金,274,69,205,中國信託-忠孝,2023-09-06,6162
2887,台新金,153,1,152,中國信託-忠孝,2023-09-06,6162
2409,友達,117,1,116,中國信託-忠孝,2023-09-06,6162
00772B,中信高評級公司債,100,0,100,中國信託-忠孝,2023-09-06,6162
3481,群創,270,182,88,中國信託-忠孝,2023-09-06,6162
00679B,元大美債20年,82,0,82,中國信託-忠孝,2023-09-06,6162
00919,群益台灣精選高息,135,55,80,中國信託-忠孝,2023-09-06,6162
1560,中砂,62,1,61,中國信託-忠孝,2023-09-06,6162
9945,潤泰新,61,2,59,中國信託-忠孝,2023-09-06,6162
2889,國票金,58,0,58,中國信託-忠孝,2023-09-06,6162
3324,雙鴻,68,22,46,中國信託-忠孝,2023-09-06,6162
2401,凌陽,51,6,45,中國信託-忠孝,2023-09-06,6162
00751B,元大AAA至A公司債,44,0,44,中國信託-忠孝,2023-09-06,6162
2884,玉山金,43,0,43,中國信託-忠孝,2023-09-06,6162
4977,眾達-KY,52,9,43,中國信託-忠孝,2023-09-06,6162
4510,高鋒,40,0,40,中國信託-忠孝,2023-09-06,6162
4961,天鈺,53,16,37,中國信託-忠孝,2023-09-06,6162
2883B,凱基金乙特,37,0,37,中國信託-忠孝,2023-09-06,6162
2891,中信金,36,0,36,中國信託-忠孝,2023-09-06,6162
1101,台泥,36,1,35,中國信託-忠孝,2023-09-06,6162
2504,國產,32,0,32,中國信託-忠孝,2023-09-06,6162
1477,聚陽,34,5,29,中國信託-忠孝,2023-09-06,6162
00753L,中信中國50正2,38,10,28,中國信託-忠孝,2023-09-06,6162
00795B,中信美國公債20年,27,0,27,中國信託-忠孝,2023-09-06,6162
00665L,富邦�琤肭磪囓�2,26,0,26,中國信託-忠孝,2023-09-06,6162
5234,達興材料,24,1,23,中國信託-忠孝,2023-09-06,6162
3532,台勝科,22,0,22,中國信託-忠孝,2023-09-06,6162
2399,映泰,21,0,21,中國信託-忠孝,2023-09-06,6162
2375,凱美,21,0,21,中國信託-忠孝,2023-09-06,6162
3592,瑞鼎,21,0,21,中國信託-忠孝,2023-09-06,6162
1314,中石化,21,1,20,中國信託-忠孝,2023-09-06,6162
4909,新復興,23,3,20,中國信託-忠孝,2023-09-06,6162
00907,永豐優息存股,19,0,19,中國信託-忠孝,2023-09-06,6162
00932,兆豐永續高息等權,19,0,19,中國信託-忠孝,2023-09-06,6162
00931B,統一美債20年,18,0,18,中國信託-忠孝,2023-09-06,6162
5457,宣德,17,0,17,中國信託-忠孝,2023-09-06,6162
1216,統一,16,0,16,中國信託-忠孝,2023-09-06,6162
4944,兆遠,23,7,16,中國信託-忠孝,2023-09-06,6162
2329,華泰,17,1,16,中國信託-忠孝,2023-09-06,6162
2349,錸德,15,0,15,中國信託-忠孝,2023-09-06,6162
6186,新潤,15,0,15,中國信託-忠孝,2023-09-06,6162
6153,嘉聯益,15,0,15,中國信託-忠孝,2023-09-06,6162
2356,英業達,89,74,15,中國信託-忠孝,2023-09-06,6162
2436,偉詮電,24,10,14,中國信託-忠孝,2023-09-06,6162
1802,台玻,20,6,14,中國信託-忠孝,2023-09-06,6162
00882,中信中國高股息,15,2,13,中國信託-忠孝,2023-09-06,6162
5258,虹堡,17,4,13,中國信託-忠孝,2023-09-06,6162
00929,復華台灣科技優息,782,24,758,中國信託-忠孝,2023-09-07,6162
00632R,元大台灣50反1,254,11,243,中國信託-忠孝,2023-09-07,6162
00919,群益台灣精選高息,210,11,199,中國信託-忠孝,2023-09-07,6162
00641R,富邦日本反1,120,0,120,中國信託-忠孝,2023-09-07,6162
1108,幸福,112,0,112,中國信託-忠孝,2023-09-07,6162
00772B,中信高評級公司債,119,10,109,中國信託-忠孝,2023-09-07,6162
1314,中石化,101,0,101,中國信託-忠孝,2023-09-07,6162
9945,潤泰新,72,0,72,中國信託-忠孝,2023-09-07,6162
00715L,期街口布蘭特正2,78,11,67,中國信託-忠孝,2023-09-07,6162
2102,泰豐,65,0,65,中國信託-忠孝,2023-09-07,6162
00891,中信關鍵半導體,64,0,64,中國信託-忠孝,2023-09-07,6162
00888,永豐台灣ESG,63,1,62,中國信託-忠孝,2023-09-07,6162
4123,晟德,60,0,60,中國信託-忠孝,2023-09-07,6162
2313,華通,82,22,60,中國信託-忠孝,2023-09-07,6162
00932,兆豐永續高息等權,59,1,58,中國信託-忠孝,2023-09-07,6162
8088,品安,54,0,54,中國信託-忠孝,2023-09-07,6162
00637L,元大滬深300正2,52,0,52,中國信託-忠孝,2023-09-07,6162
2401,凌陽,71,26,45,中國信託-忠孝,2023-09-07,6162
00671R,富邦NASDAQ反1,44,0,44,中國信託-忠孝,2023-09-07,6162
3481,群創,47,4,43,中國信託-忠孝,2023-09-07,6162
1101,台泥,46,3,43,中國信託-忠孝,2023-09-07,6162
00915,凱基優選高股息30,36,0,36,中國信託-忠孝,2023-09-07,6162
00902,中信電池及儲能,36,0,36,中國信託-忠孝,2023-09-07,6162
2204,中華,47,12,35,中國信託-忠孝,2023-09-07,6162
5201,凱衛,33,0,33,中國信託-忠孝,2023-09-07,6162
00679B,元大美債20年,32,0,32,中國信託-忠孝,2023-09-07,6162
3704,合勤控,35,6,29,中國信託-忠孝,2023-09-07,6162
4906,正文,89,61,28,中國信託-忠孝,2023-09-07,6162
2375,凱美,28,0,28,中國信託-忠孝,2023-09-07,6162
2455,全新,28,4,24,中國信託-忠孝,2023-09-07,6162
2845,遠東銀,24,1,23,中國信託-忠孝,2023-09-07,6162
2891,中信金,22,0,22,中國信託-忠孝,2023-09-07,6162
2356,英業達,49,27,22,中國信託-忠孝,2023-09-07,6162
00751B,元大AAA至A公司債,26,4,22,中國信託-忠孝,2023-09-07,6162
1471,首利,27,5,22,中國信託-忠孝,2023-09-07,6162
1560,中砂,21,0,21,中國信託-忠孝,2023-09-07,6162
8261,富鼎,28,8,20,中國信託-忠孝,2023-09-07,6162
00857B,永豐20年美公債,20,0,20,中國信託-忠孝,2023-09-07,6162
2888,新光金,20,0,20,中國信託-忠孝,2023-09-07,6162
2883B,凱基金乙特,20,0,20,中國信託-忠孝,2023-09-07,6162
1313,聯成,20,0,20,中國信託-忠孝,2023-09-07,6162
3046,建��,21,3,18,中國信託-忠孝,2023-09-07,6162
3051,力特,20,3,17,中國信託-忠孝,2023-09-07,6162
2905,三商,33,16,17,中國信託-忠孝,2023-09-07,6162
00918,大華優利高填息30,16,0,16,中國信託-忠孝,2023-09-07,6162
0050,元大台灣50,17,1,16,中國信託-忠孝,2023-09-07,6162
00922,國泰台灣領袖50,15,0,15,中國信託-忠孝,2023-09-07,6162
1301,台塑,15,0,15,中國信託-忠孝,2023-09-07,6162
00753L,中信中國50正2,21,6,15,中國信託-忠孝,2023-09-07,6162
1319,東陽,17,2,15,中國信託-忠孝,2023-09-07,6162
2885,元大金,500,0,500,中國信託-忠孝,2023-09-08,6162
2891,中信金,505,9,496,中國信託-忠孝,2023-09-08,6162
00929,復華台灣科技優息,388,112,276,中國信託-忠孝,2023-09-08,6162
00919,群益台灣精選高息,136,0,136,中國信託-忠孝,2023-09-08,6162
00633L,富邦上証正2,92,4,88,中國信託-忠孝,2023-09-08,6162
2375,凱美,78,0,78,中國信託-忠孝,2023-09-08,6162
00637L,元大滬深300正2,75,3,72,中國信託-忠孝,2023-09-08,6162
00665L,富邦�琤肭磪囓�2,64,0,64,中國信託-忠孝,2023-09-08,6162
00931B,統一美債20年,57,0,57,中國信託-忠孝,2023-09-08,6162
3324,雙鴻,62,8,54,中國信託-忠孝,2023-09-08,6162
6579,研揚,50,1,49,中國信託-忠孝,2023-09-08,6162
4916,事欣科,50,4,46,中國信託-忠孝,2023-09-08,6162
2401,凌陽,41,1,40,中國信託-忠孝,2023-09-08,6162
2382,廣達,63,24,39,中國信託-忠孝,2023-09-08,6162
6830,汎銓,35,1,34,中國信託-忠孝,2023-09-08,6162
2388,威盛,55,23,32,中國信託-忠孝,2023-09-08,6162
00888,永豐台灣ESG,32,0,32,中國信託-忠孝,2023-09-08,6162
2816,旺旺保,28,0,28,中國信託-忠孝,2023-09-08,6162
00878,國泰永續高股息,54,29,25,中國信託-忠孝,2023-09-08,6162
6177,達麗,27,2,25,中國信託-忠孝,2023-09-08,6162
2618,長榮航,192,167,25,中國信託-忠孝,2023-09-08,6162
00753L,中信中國50正2,24,0,24,中國信託-忠孝,2023-09-08,6162
8050,廣積,47,24,23,中國信託-忠孝,2023-09-08,6162
3711,日月光投控,22,0,22,中國信託-忠孝,2023-09-08,6162
00891,中信關鍵半導體,21,0,21,中國信託-忠孝,2023-09-08,6162
2330,台積電,21,0,21,中國信託-忠孝,2023-09-08,6162
3715,定穎投控,102,82,20,中國信託-忠孝,2023-09-08,6162
00641R,富邦日本反1,20,0,20,中國信託-忠孝,2023-09-08,6162
3532,台勝科,20,0,20,中國信託-忠孝,2023-09-08,6162
2367,燿華,20,0,20,中國信託-忠孝,2023-09-08,6162
00902,中信電池及儲能,20,0,20,中國信託-忠孝,2023-09-08,6162
3483,力致,28,10,18,中國信託-忠孝,2023-09-08,6162
2852,第一保,20,2,18,中國信託-忠孝,2023-09-08,6162
0050,元大台灣50,18,1,17,中國信託-忠孝,2023-09-08,6162
9105,泰金寶-DR,27,12,15,中國信託-忠孝,2023-09-08,6162
2641,正德,15,0,15,中國信託-忠孝,2023-09-08,6162
00923,群益台ESG低碳50,24,10,14,中國信託-忠孝,2023-09-08,6162
2201,裕隆,19,5,14,中國信託-忠孝,2023-09-08,6162
8404,百和興業-KY,14,0,14,中國信託-忠孝,2023-09-08,6162
3338,泰碩,16,2,14,中國信託-忠孝,2023-09-08,6162
6282,康舒,24,11,13,中國信託-忠孝,2023-09-08,6162
2376,技嘉,41,28,13,中國信託-忠孝,2023-09-08,6162
4977,眾達-KY,15,2,13,中國信託-忠孝,2023-09-08,6162
2356,英業達,35,22,13,中國信託-忠孝,2023-09-08,6162
2363,矽統,113,100,13,中國信託-忠孝,2023-09-08,6162
1808,潤隆,21,9,12,中國信託-忠孝,2023-09-08,6162
00650L,復華香港正2,12,0,12,中國信託-忠孝,2023-09-08,6162
00918,大華優利高填息30,11,0,11,中國信託-忠孝,2023-09-08,6162
00762,元大全球AI,11,0,11,中國信託-忠孝,2023-09-08,6162
6120,達運,12,1,11,中國信託-忠孝,2023-09-08,6162
00878,國泰永續高股息,402,26,376,中國信託-忠孝,2023-09-11,6162
00929,復華台灣科技優息,366,124,242,中國信託-忠孝,2023-09-11,6162
2363,矽統,455,248,207,中國信託-忠孝,2023-09-11,6162
00919,群益台灣精選高息,176,3,173,中國信託-忠孝,2023-09-11,6162
00918,大華優利高填息30,109,0,109,中國信託-忠孝,2023-09-11,6162
00931B,統一美債20年,100,0,100,中國信託-忠孝,2023-09-11,6162
2344,華邦電,112,16,96,中國信託-忠孝,2023-09-11,6162
00679B,元大美債20年,85,0,85,中國信託-忠孝,2023-09-11,6162
6214,精誠,71,2,69,中國信託-忠孝,2023-09-11,6162
3264,欣銓,76,13,63,中國信託-忠孝,2023-09-11,6162
00665L,富邦�琤肭磪囓�2,62,0,62,中國信託-忠孝,2023-09-11,6162
1560,中砂,60,0,60,中國信託-忠孝,2023-09-11,6162
1605,華新,55,0,55,中國信託-忠孝,2023-09-11,6162
2881,富邦金,54,0,54,中國信託-忠孝,2023-09-11,6162
4933,友輝,53,0,53,中國信託-忠孝,2023-09-11,6162
00753L,中信中國50正2,50,0,50,中國信託-忠孝,2023-09-11,6162
1108,幸福,50,0,50,中國信託-忠孝,2023-09-11,6162
3004,豐達科,51,1,50,中國信託-忠孝,2023-09-11,6162
6579,研揚,50,3,47,中國信託-忠孝,2023-09-11,6162
6117,迎廣,46,1,45,中國信託-忠孝,2023-09-11,6162
00915,凱基優選高股息30,47,3,44,中國信託-忠孝,2023-09-11,6162
2388,威盛,65,21,44,中國信託-忠孝,2023-09-11,6162
00751B,元大AAA至A公司債,44,0,44,中國信託-忠孝,2023-09-11,6162
00673R,期元大S＆P原油反1,37,0,37,中國信託-忠孝,2023-09-11,6162
0056,元大高股息,52,16,36,中國信託-忠孝,2023-09-11,6162
6116,彩晶,36,0,36,中國信託-忠孝,2023-09-11,6162
3324,雙鴻,44,12,32,中國信託-忠孝,2023-09-11,6162
00720B,元大投資級公司債,34,3,31,中國信託-忠孝,2023-09-11,6162
2312,金寶,62,33,29,中國信託-忠孝,2023-09-11,6162
2375,凱美,38,10,28,中國信託-忠孝,2023-09-11,6162
1795,美時,26,1,25,中國信託-忠孝,2023-09-11,6162
3231,緯創,141,117,24,中國信託-忠孝,2023-09-11,6162
2330,台積電,28,4,24,中國信託-忠孝,2023-09-11,6162
5381,合正,35,12,23,中國信託-忠孝,2023-09-11,6162
1515,力山,26,4,22,中國信託-忠孝,2023-09-11,6162
00713,元大台灣高息低波,22,0,22,中國信託-忠孝,2023-09-11,6162
0050,元大台灣50,21,0,21,中國信託-忠孝,2023-09-11,6162
00857B,永豐20年美公債,21,0,21,中國信託-忠孝,2023-09-11,6162
00795B,中信美國公債20年,21,0,21,中國信託-忠孝,2023-09-11,6162
00687B,國泰20年美債,21,0,21,中國信託-忠孝,2023-09-11,6162
6185,幃翔,21,0,21,中國信託-忠孝,2023-09-11,6162
8068,全達,21,0,21,中國信託-忠孝,2023-09-11,6162
00692,富邦公司治理,19,0,19,中國信託-忠孝,2023-09-11,6162
2352,佳世達,39,21,18,中國信託-忠孝,2023-09-11,6162
4960,誠美材,30,14,16,中國信託-忠孝,2023-09-11,6162
1471,首利,43,27,16,中國信託-忠孝,2023-09-11,6162
00922,國泰台灣領袖50,15,0,15,中國信託-忠孝,2023-09-11,6162
1305,華夏,20,5,15,中國信託-忠孝,2023-09-11,6162
00680L,元大美債20正2,15,0,15,中國信託-忠孝,2023-09-11,6162
6125,廣運,15,0,15,中國信託-忠孝,2023-09-11,6162
00919,群益台灣精選高息,274,12,262,中國信託-忠孝,2023-09-12,6162
6214,精誠,185,0,185,中國信託-忠孝,2023-09-12,6162
3703,欣陸,140,0,140,中國信託-忠孝,2023-09-12,6162
2363,矽統,216,93,123,中國信託-忠孝,2023-09-12,6162
00929,復華台灣科技優息,438,320,118,中國信託-忠孝,2023-09-12,6162
2405,輔信,83,17,66,中國信託-忠孝,2023-09-12,6162
3005,神基,70,14,56,中國信託-忠孝,2023-09-12,6162
00679B,元大美債20年,58,8,50,中國信託-忠孝,2023-09-12,6162
4933,友輝,52,2,50,中國信託-忠孝,2023-09-12,6162
00665L,富邦�琤肭磪囓�2,50,0,50,中國信託-忠孝,2023-09-12,6162
00637L,元大滬深300正2,49,0,49,中國信託-忠孝,2023-09-12,6162
2417,圓剛,45,0,45,中國信託-忠孝,2023-09-12,6162
2492,華新科,41,2,39,中國信託-忠孝,2023-09-12,6162
2201,裕隆,40,9,31,中國信託-忠孝,2023-09-12,6162
6579,研揚,30,0,30,中國信託-忠孝,2023-09-12,6162
6185,幃翔,25,0,25,中國信託-忠孝,2023-09-12,6162
3011,今皓,24,0,24,中國信託-忠孝,2023-09-12,6162
2891,中信金,25,2,23,中國信託-忠孝,2023-09-12,6162
1795,美時,30,7,23,中國信託-忠孝,2023-09-12,6162
2374,佳能,23,0,23,中國信託-忠孝,2023-09-12,6162
1809,中釉,20,0,20,中國信託-忠孝,2023-09-12,6162
00857B,永豐20年美公債,20,0,20,中國信託-忠孝,2023-09-12,6162
2883B,凱基金乙特,19,0,19,中國信託-忠孝,2023-09-12,6162
6117,迎廣,22,3,19,中國信託-忠孝,2023-09-12,6162
2538,基泰,43,24,19,中國信託-忠孝,2023-09-12,6162
6125,廣運,32,15,17,中國信託-忠孝,2023-09-12,6162
00696B,富邦美債20年,17,0,17,中國信託-忠孝,2023-09-12,6162
00673R,期元大S＆P原油反1,17,0,17,中國信託-忠孝,2023-09-12,6162
2534,宏盛,16,0,16,中國信託-忠孝,2023-09-12,6162
8085,福華,18,2,16,中國信託-忠孝,2023-09-12,6162
00708L,期元大S＆P黃金正2,15,0,15,中國信託-忠孝,2023-09-12,6162
00772B,中信高評級公司債,15,0,15,中國信託-忠孝,2023-09-12,6162
2884,玉山金,15,0,15,中國信託-忠孝,2023-09-12,6162
00795B,中信美國公債20年,19,5,14,中國信託-忠孝,2023-09-12,6162
1217,愛之味,11,0,11,中國信託-忠孝,2023-09-12,6162
3004,豐達科,11,0,11,中國信託-忠孝,2023-09-12,6162
00918,大華優利高填息30,11,0,11,中國信託-忠孝,2023-09-12,6162
4915,致伸,65,54,11,中國信託-忠孝,2023-09-12,6162
6282,康舒,29,19,10,中國信託-忠孝,2023-09-12,6162
2357,華碩,10,0,10,中國信託-忠孝,2023-09-12,6162
2890,永豐金,12,2,10,中國信託-忠孝,2023-09-12,6162
2323,中環,10,0,10,中國信託-忠孝,2023-09-12,6162
6271,同欣電,24,15,9,中國信託-忠孝,2023-09-12,6162
00900,富邦特選高股息30,11,3,8,中國信託-忠孝,2023-09-12,6162
3260,威剛,32,24,8,中國信託-忠孝,2023-09-12,6162
2358,廷鑫,10,2,8,中國信託-忠孝,2023-09-12,6162
00671R,富邦NASDAQ反1,7,0,7,中國信託-忠孝,2023-09-12,6162
1314,中石化,7,0,7,中國信託-忠孝,2023-09-12,6162
1515,力山,15,8,7,中國信託-忠孝,2023-09-12,6162
2634,漢翔,11,4,7,中國信託-忠孝,2023-09-12,6162
00679B,元大美債20年,133,0,133,中國信託-忠孝,2023-09-13,6162
1313,聯成,130,1,129,中國信託-忠孝,2023-09-13,6162
00929,復華台灣科技優息,402,294,108,中國信託-忠孝,2023-09-13,6162
2534,宏盛,105,0,105,中國信託-忠孝,2023-09-13,6162
2610,華航,134,40,94,中國信託-忠孝,2023-09-13,6162
00637L,元大滬深300正2,77,0,77,中國信託-忠孝,2023-09-13,6162
1215,卜蜂,65,0,65,中國信託-忠孝,2023-09-13,6162
6214,精誠,65,0,65,中國信託-忠孝,2023-09-13,6162
3624,光頡,63,1,62,中國信託-忠孝,2023-09-13,6162
3481,群創,65,4,61,中國信託-忠孝,2023-09-13,6162
00665L,富邦�琤肭磪囓�2,51,10,41,中國信託-忠孝,2023-09-13,6162
3047,訊舟,32,0,32,中國信託-忠孝,2023-09-13,6162
00932,兆豐永續高息等權,31,0,31,中國信託-忠孝,2023-09-13,6162
2404,漢唐,30,0,30,中國信託-忠孝,2023-09-13,6162
3213,茂訊,42,12,30,中國信託-忠孝,2023-09-13,6162
2313,華通,40,13,27,中國信託-忠孝,2023-09-13,6162
00902,中信電池及儲能,26,0,26,中國信託-忠孝,2023-09-13,6162
1301,台塑,30,4,26,中國信託-忠孝,2023-09-13,6162
00918,大華優利高填息30,23,0,23,中國信託-忠孝,2023-09-13,6162
2887,台新金,23,0,23,中國信託-忠孝,2023-09-13,6162
00772B,中信高評級公司債,21,0,21,中國信託-忠孝,2023-09-13,6162
00715L,期街口布蘭特正2,23,2,21,中國信託-忠孝,2023-09-13,6162
4909,新復興,20,0,20,中國信託-忠孝,2023-09-13,6162
2845,遠東銀,20,0,20,中國信託-忠孝,2023-09-13,6162
00720B,元大投資級公司債,19,0,19,中國信託-忠孝,2023-09-13,6162
2355,敬鵬,34,15,19,中國信託-忠孝,2023-09-13,6162
2340,台亞,20,1,19,中國信託-忠孝,2023-09-13,6162
2912,統一超,18,0,18,中國信託-忠孝,2023-09-13,6162
2201,裕隆,20,2,18,中國信託-忠孝,2023-09-13,6162
2455,全新,19,2,17,中國信託-忠孝,2023-09-13,6162
2354,鴻準,23,6,17,中國信託-忠孝,2023-09-13,6162
1560,中砂,18,2,16,中國信託-忠孝,2023-09-13,6162
3202,樺晟,15,0,15,中國信託-忠孝,2023-09-13,6162
3163,波若威,35,20,15,中國信託-忠孝,2023-09-13,6162
2402,毅嘉,85,71,14,中國信託-忠孝,2023-09-13,6162
1319,東陽,146,132,14,中國信託-忠孝,2023-09-13,6162
2374,佳能,36,23,13,中國信託-忠孝,2023-09-13,6162
6182,合晶,13,0,13,中國信託-忠孝,2023-09-13,6162
5347,世界,13,0,13,中國信託-忠孝,2023-09-13,6162
00885,富邦越南,20,8,12,中國信託-忠孝,2023-09-13,6162
00751B,元大AAA至A公司債,12,0,12,中國信託-忠孝,2023-09-13,6162
4919,新唐,15,4,11,中國信託-忠孝,2023-09-13,6162
6104,創惟,38,27,11,中國信託-忠孝,2023-09-13,6162
2492,華新科,11,0,11,中國信託-忠孝,2023-09-13,6162
2371,大同,14,3,11,中國信託-忠孝,2023-09-13,6162
6443,元晶,11,0,11,中國信託-忠孝,2023-09-13,6162
3703,欣陸,10,0,10,中國信託-忠孝,2023-09-13,6162
3707,漢磊,10,0,10,中國信託-忠孝,2023-09-13,6162
6174,安��,10,0,10,中國信託-忠孝,2023-09-13,6162
00719B,元大美債1-3,10,0,10,中國信託-忠孝,2023-09-13,6162
00929,復華台灣科技優息,689,276,413,中國信託-忠孝,2023-09-14,6162
2025,千興,158,0,158,中國信託-忠孝,2023-09-14,6162
00715L,期街口布蘭特正2,121,2,119,中國信託-忠孝,2023-09-14,6162
00919,群益台灣精選高息,117,22,95,中國信託-忠孝,2023-09-14,6162
00751B,元大AAA至A公司債,65,0,65,中國信託-忠孝,2023-09-14,6162
00679B,元大美債20年,64,0,64,中國信託-忠孝,2023-09-14,6162
6161,捷波,60,0,60,中國信託-忠孝,2023-09-14,6162
1560,中砂,49,4,45,中國信託-忠孝,2023-09-14,6162
6214,精誠,43,0,43,中國信託-忠孝,2023-09-14,6162
00686R,群益臺灣加權反1,40,0,40,中國信託-忠孝,2023-09-14,6162
2340,台亞,72,40,32,中國信託-忠孝,2023-09-14,6162
2317,鴻海,32,0,32,中國信託-忠孝,2023-09-14,6162
2405,輔信,31,0,31,中國信託-忠孝,2023-09-14,6162
00665L,富邦�琤肭磪囓�2,30,0,30,中國信託-忠孝,2023-09-14,6162
2816,旺旺保,31,1,30,中國信託-忠孝,2023-09-14,6162
3617,碩天,38,9,29,中國信託-忠孝,2023-09-14,6162
00915,凱基優選高股息30,30,2,28,中國信託-忠孝,2023-09-14,6162
4979,華星光,61,36,25,中國信託-忠孝,2023-09-14,6162
8996,高力,24,2,22,中國信託-忠孝,2023-09-14,6162
2605,新興,27,6,21,中國信託-忠孝,2023-09-14,6162
4909,新復興,21,0,21,中國信託-忠孝,2023-09-14,6162
3013,晟銘電,21,1,20,中國信託-忠孝,2023-09-14,6162
2301,光寶科,26,7,19,中國信託-忠孝,2023-09-14,6162
00918,大華優利高填息30,18,1,17,中國信託-忠孝,2023-09-14,6162
2436,偉詮電,23,6,17,中國信託-忠孝,2023-09-14,6162
1108,幸福,17,0,17,中國信託-忠孝,2023-09-14,6162
4739,康普,18,1,17,中國信託-忠孝,2023-09-14,6162
3028,增你強,16,0,16,中國信託-忠孝,2023-09-14,6162
2371,大同,25,10,15,中國信託-忠孝,2023-09-14,6162
00720B,元大投資級公司債,15,0,15,中國信託-忠孝,2023-09-14,6162
00632R,元大台灣50反1,15,0,15,中國信託-忠孝,2023-09-14,6162
2610,華航,17,2,15,中國信託-忠孝,2023-09-14,6162
2363,矽統,207,192,15,中國信託-忠孝,2023-09-14,6162
2355,敬鵬,15,1,14,中國信託-忠孝,2023-09-14,6162
2376,技嘉,31,17,14,中國信託-忠孝,2023-09-14,6162
1314,中石化,14,0,14,中國信託-忠孝,2023-09-14,6162
2201,裕隆,15,2,13,中國信託-忠孝,2023-09-14,6162
1524,耿鼎,31,18,13,中國信託-忠孝,2023-09-14,6162
6438,迅得,13,0,13,中國信託-忠孝,2023-09-14,6162
2404,漢唐,13,1,12,中國信託-忠孝,2023-09-14,6162
2368,金像電,22,10,12,中國信託-忠孝,2023-09-14,6162
2345,智邦,12,1,11,中國信託-忠孝,2023-09-14,6162
2426,鼎元,40,29,11,中國信託-忠孝,2023-09-14,6162
3306,鼎天,11,0,11,中國信託-忠孝,2023-09-14,6162
4967,十銓,16,5,11,中國信託-忠孝,2023-09-14,6162
3481,群創,16,6,10,中國信託-忠孝,2023-09-14,6162
3592,瑞鼎,10,0,10,中國信託-忠孝,2023-09-14,6162
3450,聯鈞,14,4,10,中國信託-忠孝,2023-09-14,6162
1809,中釉,10,0,10,中國信託-忠孝,2023-09-14,6162
2413,環科,10,0,10,中國信託-忠孝,2023-09-14,6162
00929,復華台灣科技優息,829,290,539,中國信託-忠孝,2023-09-15,6162
00751B,元大AAA至A公司債,419,0,419,中國信託-忠孝,2023-09-15,6162
1217,愛之味,168,0,168,中國信託-忠孝,2023-09-15,6162
2610,華航,165,4,161,中國信託-忠孝,2023-09-15,6162
00637L,元大滬深300正2,117,3,114,中國信託-忠孝,2023-09-15,6162
3265,台星科,96,0,96,中國信託-忠孝,2023-09-15,6162
9105,泰金寶-DR,60,0,60,中國信託-忠孝,2023-09-15,6162
2492,華新科,62,3,59,中國信託-忠孝,2023-09-15,6162
1313,聯成,50,0,50,中國信託-忠孝,2023-09-15,6162
8105,凌巨,50,0,50,中國信託-忠孝,2023-09-15,6162
6585,鼎基,43,0,43,中國信託-忠孝,2023-09-15,6162
6214,精誠,40,0,40,中國信託-忠孝,2023-09-15,6162
00931B,統一美債20年,35,0,35,中國信託-忠孝,2023-09-15,6162
2312,金寶,31,0,31,中國信託-忠孝,2023-09-15,6162
2748,雲品,30,0,30,中國信託-忠孝,2023-09-15,6162
00679B,元大美債20年,118,90,28,中國信託-忠孝,2023-09-15,6162
00902,中信電池及儲能,37,10,27,中國信託-忠孝,2023-09-15,6162
00919,群益台灣精選高息,310,284,26,中國信託-忠孝,2023-09-15,6162
6605,帝寶,27,1,26,中國信託-忠孝,2023-09-15,6162
2002,中鋼,25,1,24,中國信託-忠孝,2023-09-15,6162
00772B,中信高評級公司債,24,0,24,中國信託-忠孝,2023-09-15,6162
2201,裕隆,23,0,23,中國信託-忠孝,2023-09-15,6162
2701,萬企,23,0,23,中國信託-忠孝,2023-09-15,6162
2892,第一金,22,0,22,中國信託-忠孝,2023-09-15,6162
6830,汎銓,21,0,21,中國信託-忠孝,2023-09-15,6162
3481,群創,23,2,21,中國信託-忠孝,2023-09-15,6162
6438,迅得,20,0,20,中國信託-忠孝,2023-09-15,6162
2618,長榮航,21,1,20,中國信託-忠孝,2023-09-15,6162
2611,志信,20,1,19,中國信託-忠孝,2023-09-15,6162
3018,隆銘綠能,18,0,18,中國信託-忠孝,2023-09-15,6162
6284,佳邦,48,30,18,中國信託-忠孝,2023-09-15,6162
00923,群益台ESG低碳50,31,14,17,中國信託-忠孝,2023-09-15,6162
00893,國泰智能電動車,20,3,17,中國信託-忠孝,2023-09-15,6162
2486,一詮,44,27,17,中國信託-忠孝,2023-09-15,6162
00696B,富邦美債20年,16,0,16,中國信託-忠孝,2023-09-15,6162
3704,合勤控,21,5,16,中國信託-忠孝,2023-09-15,6162
8033,雷虎,17,1,16,中國信託-忠孝,2023-09-15,6162
9938,百和,17,1,16,中國信託-忠孝,2023-09-15,6162
2317,鴻海,16,0,16,中國信託-忠孝,2023-09-15,6162
3548,兆利,14,0,14,中國信託-忠孝,2023-09-15,6162
8227,巨有科技,13,0,13,中國信託-忠孝,2023-09-15,6162
6275,元山,13,0,13,中國信託-忠孝,2023-09-15,6162
8112,至上,16,3,13,中國信託-忠孝,2023-09-15,6162
3293,鈊象,14,1,13,中國信託-忠孝,2023-09-15,6162
2884,玉山金,13,1,12,中國信託-忠孝,2023-09-15,6162
00655L,國泰中國A50正2,13,1,12,中國信託-忠孝,2023-09-15,6162
2020,美亞,12,0,12,中國信託-忠孝,2023-09-15,6162
3533,嘉澤,16,4,12,中國信託-忠孝,2023-09-15,6162
00713,元大台灣高息低波,12,1,11,中國信託-忠孝,2023-09-15,6162
2645,長榮航太,12,1,11,中國信託-忠孝,2023-09-15,6162
00929,復華台灣科技優息,1212,190,1022,中國信託-忠孝,2023-09-18,6162
00919,群益台灣精選高息,324,85,239,中國信託-忠孝,2023-09-18,6162
00679B,元大美債20年,224,53,171,中國信託-忠孝,2023-09-18,6162
00632R,元大台灣50反1,171,0,171,中國信託-忠孝,2023-09-18,6162
2313,華通,361,216,145,中國信託-忠孝,2023-09-18,6162
00676R,富邦臺灣加權反1,130,0,130,中國信託-忠孝,2023-09-18,6162
00680L,元大美債20正2,111,26,85,中國信託-忠孝,2023-09-18,6162
00878,國泰永續高股息,133,57,76,中國信託-忠孝,2023-09-18,6162
2025,千興,60,0,60,中國信託-忠孝,2023-09-18,6162
2303,聯電,58,4,54,中國信託-忠孝,2023-09-18,6162
2492,華新科,61,7,54,中國信託-忠孝,2023-09-18,6162
00772B,中信高評級公司債,53,2,51,中國信託-忠孝,2023-09-18,6162
4938,和碩,50,0,50,中國信託-忠孝,2023-09-18,6162
00715L,期街口布蘭特正2,50,0,50,中國信託-忠孝,2023-09-18,6162
00795B,中信美國公債20年,49,0,49,中國信託-忠孝,2023-09-18,6162
00720B,元大投資級公司債,49,0,49,中國信託-忠孝,2023-09-18,6162
2330,台積電,56,7,49,中國信託-忠孝,2023-09-18,6162
2838,聯邦銀,42,0,42,中國信託-忠孝,2023-09-18,6162
00931B,統一美債20年,41,1,40,中國信託-忠孝,2023-09-18,6162
00687B,國泰20年美債,35,0,35,中國信託-忠孝,2023-09-18,6162
3058,立德,33,2,31,中國信託-忠孝,2023-09-18,6162
8105,凌巨,27,0,27,中國信託-忠孝,2023-09-18,6162
3234,光環,27,0,27,中國信託-忠孝,2023-09-18,6162
3054,立萬利,24,0,24,中國信託-忠孝,2023-09-18,6162
3037,欣興,35,13,22,中國信託-忠孝,2023-09-18,6162
00918,大華優利高填息30,21,0,21,中國信託-忠孝,2023-09-18,6162
00713,元大台灣高息低波,21,0,21,中國信託-忠孝,2023-09-18,6162
2201,裕隆,21,0,21,中國信託-忠孝,2023-09-18,6162
2634,漢翔,21,1,20,中國信託-忠孝,2023-09-18,6162
2603,長榮,67,47,20,中國信託-忠孝,2023-09-18,6162
0056,元大高股息,22,4,18,中國信託-忠孝,2023-09-18,6162
2455,全新,43,25,18,中國信託-忠孝,2023-09-18,6162
3324,雙鴻,19,2,17,中國信託-忠孝,2023-09-18,6162
00921,兆豐龍頭等權重,16,0,16,中國信託-忠孝,2023-09-18,6162
6669,緯穎,17,2,15,中國信託-忠孝,2023-09-18,6162
2436,偉詮電,18,3,15,中國信託-忠孝,2023-09-18,6162
2314,台揚,15,0,15,中國信託-忠孝,2023-09-18,6162
2243,宏旭-KY,18,3,15,中國信託-忠孝,2023-09-18,6162
1514,亞力,14,0,14,中國信託-忠孝,2023-09-18,6162
00688L,國泰20年美債正2,14,0,14,中國信託-忠孝,2023-09-18,6162
2888,新光金,20,6,14,中國信託-忠孝,2023-09-18,6162
3045,台灣大,13,0,13,中國信託-忠孝,2023-09-18,6162
2344,華邦電,15,2,13,中國信託-忠孝,2023-09-18,6162
00773B,中信優先金融債,13,0,13,中國信託-忠孝,2023-09-18,6162
00923,群益台ESG低碳50,13,0,13,中國信託-忠孝,2023-09-18,6162
2630,亞航,11,0,11,中國信託-忠孝,2023-09-18,6162
00922,國泰台灣領袖50,11,0,11,中國信託-忠孝,2023-09-18,6162
2324,仁寶,11,0,11,中國信託-忠孝,2023-09-18,6162
006208,富邦台50,11,0,11,中國信託-忠孝,2023-09-18,6162
00888,永豐台灣ESG,10,0,10,中國信託-忠孝,2023-09-18,6162
2354,鴻準,465,93,372,中國信託-忠孝,2023-09-19,6162
00919,群益台灣精選高息,138,36,102,中國信託-忠孝,2023-09-19,6162
8105,凌巨,75,0,75,中國信託-忠孝,2023-09-19,6162
00900,富邦特選高股息30,73,5,68,中國信託-忠孝,2023-09-19,6162
0056,元大高股息,62,7,55,中國信託-忠孝,2023-09-19,6162
2851,中再保,50,0,50,中國信託-忠孝,2023-09-19,6162
3045,台灣大,50,1,49,中國信託-忠孝,2023-09-19,6162
3694,海華,47,0,47,中國信託-忠孝,2023-09-19,6162
6116,彩晶,50,4,46,中國信託-忠孝,2023-09-19,6162
2485,兆赫,66,30,36,中國信託-忠孝,2023-09-19,6162
4979,華星光,47,11,36,中國信託-忠孝,2023-09-19,6162
00665L,富邦�琤肭磪囓�2,36,0,36,中國信託-忠孝,2023-09-19,6162
6185,幃翔,35,0,35,中國信託-忠孝,2023-09-19,6162
2330,台積電,36,1,35,中國信託-忠孝,2023-09-19,6162
6901,鑽石投資,54,21,33,中國信託-忠孝,2023-09-19,6162
2352,佳世達,31,0,31,中國信託-忠孝,2023-09-19,6162
5371,中光電,34,5,29,中國信託-忠孝,2023-09-19,6162
1101,台泥,27,0,27,中國信託-忠孝,2023-09-19,6162
2701,萬企,27,0,27,中國信託-忠孝,2023-09-19,6162
00891,中信關鍵半導體,29,2,27,中國信託-忠孝,2023-09-19,6162
1514,亞力,39,14,25,中國信託-忠孝,2023-09-19,6162
6282,康舒,26,1,25,中國信託-忠孝,2023-09-19,6162
00878,國泰永續高股息,36,13,23,中國信託-忠孝,2023-09-19,6162
2618,長榮航,102,79,23,中國信託-忠孝,2023-09-19,6162
3231,緯創,73,51,22,中國信託-忠孝,2023-09-19,6162
2303,聯電,29,7,22,中國信託-忠孝,2023-09-19,6162
3036,文曄,26,4,22,中國信託-忠孝,2023-09-19,6162
2417,圓剛,20,0,20,中國信託-忠孝,2023-09-19,6162
6117,迎廣,20,0,20,中國信託-忠孝,2023-09-19,6162
2455,全新,21,1,20,中國信託-忠孝,2023-09-19,6162
8936,國統,20,0,20,中國信託-忠孝,2023-09-19,6162
2457,飛宏,21,2,19,中國信託-忠孝,2023-09-19,6162
00932,兆豐永續高息等權,19,0,19,中國信託-忠孝,2023-09-19,6162
6120,達運,26,7,19,中國信託-忠孝,2023-09-19,6162
00692,富邦公司治理,18,0,18,中國信託-忠孝,2023-09-19,6162
00923,群益台ESG低碳50,20,2,18,中國信託-忠孝,2023-09-19,6162
3035,智原,30,12,18,中國信託-忠孝,2023-09-19,6162
2542,興富發,18,1,17,中國信託-忠孝,2023-09-19,6162
8996,高力,28,12,16,中國信託-忠孝,2023-09-19,6162
6271,同欣電,15,0,15,中國信託-忠孝,2023-09-19,6162
4744,皇將,15,0,15,中國信託-忠孝,2023-09-19,6162
2884,玉山金,17,2,15,中國信託-忠孝,2023-09-19,6162
1795,美時,18,4,14,中國信託-忠孝,2023-09-19,6162
3533,嘉澤,16,3,13,中國信託-忠孝,2023-09-19,6162
00712,復華富時不動產,15,2,13,中國信託-忠孝,2023-09-19,6162
3481,群創,15,2,13,中國信託-忠孝,2023-09-19,6162
00650L,復華香港正2,12,0,12,中國信託-忠孝,2023-09-19,6162
2404,漢唐,14,2,12,中國信託-忠孝,2023-09-19,6162
6191,精成科,12,0,12,中國信託-忠孝,2023-09-19,6162
4128,中天,12,0,12,中國信託-忠孝,2023-09-19,6162
00929,復華台灣科技優息,682,393,289,中國信託-忠孝,2023-09-20,6162
00919,群益台灣精選高息,223,2,221,中國信託-忠孝,2023-09-20,6162
00665L,富邦�琤肭磪囓�2,120,0,120,中國信託-忠孝,2023-09-20,6162
0056,元大高股息,125,6,119,中國信託-忠孝,2023-09-20,6162
2313,華通,318,211,107,中國信託-忠孝,2023-09-20,6162
2367,燿華,145,86,59,中國信託-忠孝,2023-09-20,6162
00900,富邦特選高股息30,58,1,57,中國信託-忠孝,2023-09-20,6162
4938,和碩,50,0,50,中國信託-忠孝,2023-09-20,6162
3045,台灣大,48,0,48,中國信託-忠孝,2023-09-20,6162
2618,長榮航,43,0,43,中國信託-忠孝,2023-09-20,6162
00878,國泰永續高股息,53,11,42,中國信託-忠孝,2023-09-20,6162
6605,帝寶,40,1,39,中國信託-忠孝,2023-09-20,6162
3715,定穎投控,111,72,39,中國信託-忠孝,2023-09-20,6162
3032,偉訓,35,1,34,中國信託-忠孝,2023-09-20,6162
1101,台泥,30,0,30,中國信託-忠孝,2023-09-20,6162
1584,精剛,90,62,28,中國信託-忠孝,2023-09-20,6162
1605,華新,75,49,26,中國信託-忠孝,2023-09-20,6162
00891,中信關鍵半導體,30,5,25,中國信託-忠孝,2023-09-20,6162
2330,台積電,26,1,25,中國信託-忠孝,2023-09-20,6162
1442,名軒,25,0,25,中國信託-忠孝,2023-09-20,6162
3122,笙泉,24,0,24,中國信託-忠孝,2023-09-20,6162
6271,同欣電,24,1,23,中國信託-忠孝,2023-09-20,6162
2353,宏��,23,1,22,中國信託-忠孝,2023-09-20,6162
3661,世芯-KY,23,2,21,中國信託-忠孝,2023-09-20,6162
2317,鴻海,21,0,21,中國信託-忠孝,2023-09-20,6162
00712,復華富時不動產,21,0,21,中國信託-忠孝,2023-09-20,6162
00923,群益台ESG低碳50,21,0,21,中國信託-忠孝,2023-09-20,6162
3592,瑞鼎,20,0,20,中國信託-忠孝,2023-09-20,6162
4979,華星光,49,29,20,中國信託-忠孝,2023-09-20,6162
00719B,元大美債1-3,20,0,20,中國信託-忠孝,2023-09-20,6162
00713,元大台灣高息低波,25,5,20,中國信託-忠孝,2023-09-20,6162
2363,矽統,99,81,18,中國信託-忠孝,2023-09-20,6162
00631L,元大台灣50正2,18,0,18,中國信託-忠孝,2023-09-20,6162
00921,兆豐龍頭等權重,17,0,17,中國信託-忠孝,2023-09-20,6162
2382,廣達,88,72,16,中國信託-忠孝,2023-09-20,6162
3037,欣興,36,20,16,中國信託-忠孝,2023-09-20,6162
3054,立萬利,16,0,16,中國信託-忠孝,2023-09-20,6162
2449,京元電子,100,85,15,中國信託-忠孝,2023-09-20,6162
4306,炎洲,15,0,15,中國信託-忠孝,2023-09-20,6162
6214,精誠,15,0,15,中國信託-忠孝,2023-09-20,6162
5483,中美晶,19,4,15,中國信託-忠孝,2023-09-20,6162
2405,輔信,27,13,14,中國信託-忠孝,2023-09-20,6162
00640L,富邦日本正2,14,0,14,中國信託-忠孝,2023-09-20,6162
6285,啟��,18,4,14,中國信託-忠孝,2023-09-20,6162
0050,元大台灣50,13,0,13,中國信託-忠孝,2023-09-20,6162
00932,兆豐永續高息等權,13,0,13,中國信託-忠孝,2023-09-20,6162
2358,廷鑫,13,0,13,中國信託-忠孝,2023-09-20,6162
2527,宏璟,13,0,13,中國信託-忠孝,2023-09-20,6162
00692,富邦公司治理,13,0,13,中國信託-忠孝,2023-09-20,6162
00751B,元大AAA至A公司債,13,0,13,中國信託-忠孝,2023-09-20,6162
00688L,國泰20年美債正2,1400,100,1300,中國信託-忠孝,2023-09-21,6162
00929,復華台灣科技優息,510,310,200,中國信託-忠孝,2023-09-21,6162
00919,群益台灣精選高息,163,0,163,中國信託-忠孝,2023-09-21,6162
1108,幸福,130,0,130,中國信託-忠孝,2023-09-21,6162
1584,精剛,158,38,120,中國信託-忠孝,2023-09-21,6162
00637L,元大滬深300正2,120,0,120,中國信託-忠孝,2023-09-21,6162
00665L,富邦�琤肭磪囓�2,114,0,114,中國信託-忠孝,2023-09-21,6162
00680L,元大美債20正2,102,0,102,中國信託-忠孝,2023-09-21,6162
2615,萬海,100,0,100,中國信託-忠孝,2023-09-21,6162
2618,長榮航,94,2,92,中國信託-忠孝,2023-09-21,6162
3045,台灣大,72,0,72,中國信託-忠孝,2023-09-21,6162
0050,元大台灣50,69,1,68,中國信託-忠孝,2023-09-21,6162
00753L,中信中國50正2,63,0,63,中國信託-忠孝,2023-09-21,6162
2851,中再保,60,0,60,中國信託-忠孝,2023-09-21,6162
4938,和碩,53,0,53,中國信託-忠孝,2023-09-21,6162
6214,精誠,45,0,45,中國信託-忠孝,2023-09-21,6162
00923,群益台ESG低碳50,43,0,43,中國信託-忠孝,2023-09-21,6162
2883,凱基金,43,2,41,中國信託-忠孝,2023-09-21,6162
3615,安可,40,0,40,中國信託-忠孝,2023-09-21,6162
2486,一詮,39,1,38,中國信託-忠孝,2023-09-21,6162
2417,圓剛,64,29,35,中國信託-忠孝,2023-09-21,6162
1101,台泥,32,0,32,中國信託-忠孝,2023-09-21,6162
2887,台新金,34,2,32,中國信託-忠孝,2023-09-21,6162
2881,富邦金,34,3,31,中國信託-忠孝,2023-09-21,6162
00931B,統一美債20年,31,0,31,中國信託-忠孝,2023-09-21,6162
00692,富邦公司治理,30,0,30,中國信託-忠孝,2023-09-21,6162
00715L,期街口布蘭特正2,32,2,30,中國信託-忠孝,2023-09-21,6162
2330,台積電,33,5,28,中國信託-忠孝,2023-09-21,6162
2412,中華電,27,0,27,中國信託-忠孝,2023-09-21,6162
2610,華航,32,5,27,中國信託-忠孝,2023-09-21,6162
2884,玉山金,46,19,27,中國信託-忠孝,2023-09-21,6162
00631L,元大台灣50正2,27,2,25,中國信託-忠孝,2023-09-21,6162
2633,台灣高鐵,25,0,25,中國信託-忠孝,2023-09-21,6162
6527,明達醫,25,0,25,中國信託-忠孝,2023-09-21,6162
2888,新光金,25,0,25,中國信託-忠孝,2023-09-21,6162
2002,中鋼,27,3,24,中國信託-忠孝,2023-09-21,6162
00650L,復華香港正2,24,0,24,中國信託-忠孝,2023-09-21,6162
00712,復華富時不動產,29,6,23,中國信託-忠孝,2023-09-21,6162
00713,元大台灣高息低波,24,3,21,中國信託-忠孝,2023-09-21,6162
2845,遠東銀,21,0,21,中國信託-忠孝,2023-09-21,6162
2701,萬企,21,0,21,中國信託-忠孝,2023-09-21,6162
2317,鴻海,26,5,21,中國信託-忠孝,2023-09-21,6162
1312,國喬,20,0,20,中國信託-忠孝,2023-09-21,6162
3545,敦泰,20,1,19,中國信託-忠孝,2023-09-21,6162
00641R,富邦日本反1,19,0,19,中國信託-忠孝,2023-09-21,6162
00679B,元大美債20年,38,19,19,中國信託-忠孝,2023-09-21,6162
00922,國泰台灣領袖50,18,0,18,中國信託-忠孝,2023-09-21,6162
2891,中信金,40,22,18,中國信託-忠孝,2023-09-21,6162
1216,統一,18,0,18,中國信託-忠孝,2023-09-21,6162
4906,正文,21,3,18,中國信託-忠孝,2023-09-21,6162
00795B,中信美國公債20年,257,0,257,中國信託-忠孝,2023-09-22,6162
2838,聯邦銀,160,0,160,中國信託-忠孝,2023-09-22,6162
00680L,元大美債20正2,153,0,153,中國信託-忠孝,2023-09-22,6162
00637L,元大滬深300正2,150,9,141,中國信託-忠孝,2023-09-22,6162
00772B,中信高評級公司債,135,1,134,中國信託-忠孝,2023-09-22,6162
00712,復華富時不動產,109,2,107,中國信託-忠孝,2023-09-22,6162
00679B,元大美債20年,109,3,106,中國信託-忠孝,2023-09-22,6162
2376,技嘉,175,70,105,中國信託-忠孝,2023-09-22,6162
00720B,元大投資級公司債,99,0,99,中國信託-忠孝,2023-09-22,6162
5009,榮剛,81,1,80,中國信託-忠孝,2023-09-22,6162
00919,群益台灣精選高息,101,25,76,中國信託-忠孝,2023-09-22,6162
0056,元大高股息,80,14,66,中國信託-忠孝,2023-09-22,6162
3325,旭品,61,0,61,中國信託-忠孝,2023-09-22,6162
1442,名軒,60,5,55,中國信託-忠孝,2023-09-22,6162
8068,全達,52,0,52,中國信託-忠孝,2023-09-22,6162
3450,聯鈞,89,39,50,中國信託-忠孝,2023-09-22,6162
00773B,中信優先金融債,42,2,40,中國信託-忠孝,2023-09-22,6162
3231,緯創,78,38,40,中國信託-忠孝,2023-09-22,6162
00751B,元大AAA至A公司債,40,0,40,中國信託-忠孝,2023-09-22,6162
1101,台泥,38,0,38,中國信託-忠孝,2023-09-22,6162
00687B,國泰20年美債,38,0,38,中國信託-忠孝,2023-09-22,6162
1584,精剛,75,40,35,中國信託-忠孝,2023-09-22,6162
00757,統一FANG+,35,0,35,中國信託-忠孝,2023-09-22,6162
1560,中砂,50,16,34,中國信託-忠孝,2023-09-22,6162
2816,旺旺保,33,1,32,中國信託-忠孝,2023-09-22,6162
3045,台灣大,31,0,31,中國信託-忠孝,2023-09-22,6162
3149,正達,30,0,30,中國信託-忠孝,2023-09-22,6162
1108,幸福,30,0,30,中國信託-忠孝,2023-09-22,6162
00929,復華台灣科技優息,187,161,26,中國信託-忠孝,2023-09-22,6162
00931B,統一美債20年,27,1,26,中國信託-忠孝,2023-09-22,6162
3163,波若威,35,10,25,中國信託-忠孝,2023-09-22,6162
6770,力積電,24,1,23,中國信託-忠孝,2023-09-22,6162
00857B,永豐20年美公債,22,0,22,中國信託-忠孝,2023-09-22,6162
2905,三商,30,8,22,中國信託-忠孝,2023-09-22,6162
3047,訊舟,20,0,20,中國信託-忠孝,2023-09-22,6162
6282,康舒,22,3,19,中國信託-忠孝,2023-09-22,6162
4944,兆遠,20,1,19,中國信託-忠孝,2023-09-22,6162
2356,英業達,24,6,18,中國信託-忠孝,2023-09-22,6162
00722B,群益投資級電信債,18,0,18,中國信託-忠孝,2023-09-22,6162
2027,大成鋼,26,8,18,中國信託-忠孝,2023-09-22,6162
8038,長園科,17,0,17,中國信託-忠孝,2023-09-22,6162
2303,聯電,16,0,16,中國信託-忠孝,2023-09-22,6162
2358,廷鑫,16,0,16,中國信託-忠孝,2023-09-22,6162
8358,金居,15,0,15,中國信託-忠孝,2023-09-22,6162
00715L,期街口布蘭特正2,22,7,15,中國信託-忠孝,2023-09-22,6162
00696B,富邦美債20年,15,1,14,中國信託-忠孝,2023-09-22,6162
3056,富華新,15,2,13,中國信託-忠孝,2023-09-22,6162
00878,國泰永續高股息,61,49,12,中國信託-忠孝,2023-09-22,6162
00688L,國泰20年美債正2,12,0,12,中國信託-忠孝,2023-09-22,6162
1514,亞力,12,0,12,中國信託-忠孝,2023-09-22,6162
00929,復華台灣科技優息,438,53,385,中國信託-忠孝,2023-09-25,6162
2542,興富發,252,0,252,中國信託-忠孝,2023-09-25,6162
00637L,元大滬深300正2,205,8,197,中國信託-忠孝,2023-09-25,6162
00857B,永豐20年美公債,120,0,120,中國信託-忠孝,2023-09-25,6162
1515,力山,101,0,101,中國信託-忠孝,2023-09-25,6162
6491,晶碩,90,2,88,中國信託-忠孝,2023-09-25,6162
2838,聯邦銀,94,10,84,中國信託-忠孝,2023-09-25,6162
00665L,富邦�琤肭磪囓�2,71,0,71,中國信託-忠孝,2023-09-25,6162
5452,佶優,71,3,68,中國信託-忠孝,2023-09-25,6162
00679B,元大美債20年,62,1,61,中國信託-忠孝,2023-09-25,6162
6214,精誠,55,1,54,中國信託-忠孝,2023-09-25,6162
00919,群益台灣精選高息,75,22,53,中國信託-忠孝,2023-09-25,6162
00753L,中信中國50正2,50,2,48,中國信託-忠孝,2023-09-25,6162
2883,凱基金,47,0,47,中國信託-忠孝,2023-09-25,6162
00632R,元大台灣50反1,40,0,40,中國信託-忠孝,2023-09-25,6162
1504,東元,45,8,37,中國信託-忠孝,2023-09-25,6162
00712,復華富時不動產,38,2,36,中國信託-忠孝,2023-09-25,6162
00932,兆豐永續高息等權,33,0,33,中國信託-忠孝,2023-09-25,6162
00918,大華優利高填息30,33,0,33,中國信託-忠孝,2023-09-25,6162
6197,佳必琪,103,74,29,中國信託-忠孝,2023-09-25,6162
6605,帝寶,25,0,25,中國信託-忠孝,2023-09-25,6162
1442,名軒,29,5,24,中國信託-忠孝,2023-09-25,6162
3548,兆利,33,10,23,中國信託-忠孝,2023-09-25,6162
00915,凱基優選高股息30,25,3,22,中國信託-忠孝,2023-09-25,6162
2355,敬鵬,24,2,22,中國信託-忠孝,2023-09-25,6162
00902,中信電池及儲能,22,0,22,中國信託-忠孝,2023-09-25,6162
2358,廷鑫,20,0,20,中國信託-忠孝,2023-09-25,6162
2344,華邦電,18,1,17,中國信託-忠孝,2023-09-25,6162
00885,富邦越南,20,3,17,中國信託-忠孝,2023-09-25,6162
2317,鴻海,18,1,17,中國信託-忠孝,2023-09-25,6162
2537,聯上發,17,0,17,中國信託-忠孝,2023-09-25,6162
3693,營邦,26,10,16,中國信託-忠孝,2023-09-25,6162
9945,潤泰新,25,9,16,中國信託-忠孝,2023-09-25,6162
1513,中興電,27,11,16,中國信託-忠孝,2023-09-25,6162
2349,錸德,15,0,15,中國信託-忠孝,2023-09-25,6162
1809,中釉,15,0,15,中國信託-忠孝,2023-09-25,6162
4533,協易機,15,0,15,中國信託-忠孝,2023-09-25,6162
00907,永豐優息存股,14,0,14,中國信託-忠孝,2023-09-25,6162
6176,瑞儀,12,0,12,中國信託-忠孝,2023-09-25,6162
2409,友達,12,1,11,中國信託-忠孝,2023-09-25,6162
006208,富邦台50,10,0,10,中國信託-忠孝,2023-09-25,6162
2201,裕隆,13,3,10,中國信託-忠孝,2023-09-25,6162
00773B,中信優先金融債,10,0,10,中國信託-忠孝,2023-09-25,6162
3037,欣興,24,14,10,中國信託-忠孝,2023-09-25,6162
9927,泰銘,10,0,10,中國信託-忠孝,2023-09-25,6162
6191,精成科,11,1,10,中國信託-忠孝,2023-09-25,6162
5469,瀚宇博,10,0,10,中國信託-忠孝,2023-09-25,6162
00713,元大台灣高息低波,11,2,9,中國信託-忠孝,2023-09-25,6162
1101,台泥,31,22,9,中國信託-忠孝,2023-09-25,6162
2313,華通,18,9,9,中國信託-忠孝,2023-09-25,6162
00919,群益台灣精選高息,172,1,171,中國信託-忠孝,2023-09-26,6162
2838,聯邦銀,116,0,116,中國信託-忠孝,2023-09-26,6162
00929,復華台灣科技優息,170,55,115,中國信託-忠孝,2023-09-26,6162
00679B,元大美債20年,107,3,104,中國信託-忠孝,2023-09-26,6162
3025,星通,147,52,95,中國信託-忠孝,2023-09-26,6162
00680L,元大美債20正2,139,46,93,中國信託-忠孝,2023-09-26,6162
2610,華航,100,20,80,中國信託-忠孝,2023-09-26,6162
00772B,中信高評級公司債,62,0,62,中國信託-忠孝,2023-09-26,6162
2882,國泰金,63,4,59,中國信託-忠孝,2023-09-26,6162
00751B,元大AAA至A公司債,57,0,57,中國信託-忠孝,2023-09-26,6162
2489,瑞軒,56,0,56,中國信託-忠孝,2023-09-26,6162
2816,旺旺保,54,10,44,中國信託-忠孝,2023-09-26,6162
6214,精誠,44,0,44,中國信託-忠孝,2023-09-26,6162
00712,復華富時不動產,52,10,42,中國信託-忠孝,2023-09-26,6162
6125,廣運,39,0,39,中國信託-忠孝,2023-09-26,6162
00931B,統一美債20年,43,5,38,中國信託-忠孝,2023-09-26,6162
3481,群創,41,4,37,中國信託-忠孝,2023-09-26,6162
2330,台積電,35,1,34,中國信託-忠孝,2023-09-26,6162
5465,富驊,41,8,33,中國信託-忠孝,2023-09-26,6162
3675,德微,31,0,31,中國信託-忠孝,2023-09-26,6162
00650L,復華香港正2,30,0,30,中國信託-忠孝,2023-09-26,6162
2881,富邦金,29,1,28,中國信託-忠孝,2023-09-26,6162
3711,日月光投控,28,1,27,中國信託-忠孝,2023-09-26,6162
00665L,富邦�琤肭磪囓�2,26,0,26,中國信託-忠孝,2023-09-26,6162
2367,燿華,81,55,26,中國信託-忠孝,2023-09-26,6162
3231,緯創,47,22,25,中國信託-忠孝,2023-09-26,6162
00878,國泰永續高股息,49,24,25,中國信託-忠孝,2023-09-26,6162
2884,玉山金,29,5,24,中國信託-忠孝,2023-09-26,6162
2303,聯電,24,0,24,中國信託-忠孝,2023-09-26,6162
0050,元大台灣50,24,0,24,中國信託-忠孝,2023-09-26,6162
00857B,永豐20年美公債,23,1,22,中國信託-忠孝,2023-09-26,6162
3004,豐達科,22,0,22,中國信託-忠孝,2023-09-26,6162
1608,華榮,42,20,22,中國信託-忠孝,2023-09-26,6162
2317,鴻海,25,3,22,中國信託-忠孝,2023-09-26,6162
1522,堤維西,29,8,21,中國信託-忠孝,2023-09-26,6162
1815,富喬,45,24,21,中國信託-忠孝,2023-09-26,6162
00922,國泰台灣領袖50,19,0,19,中國信託-忠孝,2023-09-26,6162
00882,中信中國高股息,18,0,18,中國信託-忠孝,2023-09-26,6162
00720B,元大投資級公司債,19,1,18,中國信託-忠孝,2023-09-26,6162
1101,台泥,18,1,17,中國信託-忠孝,2023-09-26,6162
5880,合庫金,17,0,17,中國信託-忠孝,2023-09-26,6162
2634,漢翔,18,1,17,中國信託-忠孝,2023-09-26,6162
2344,華邦電,20,3,17,中國信託-忠孝,2023-09-26,6162
00885,富邦越南,22,5,17,中國信託-忠孝,2023-09-26,6162
00692,富邦公司治理,25,8,17,中國信託-忠孝,2023-09-26,6162
00722B,群益投資級電信債,16,0,16,中國信託-忠孝,2023-09-26,6162
9945,潤泰新,21,5,16,中國信託-忠孝,2023-09-26,6162
00888,永豐台灣ESG,15,0,15,中國信託-忠孝,2023-09-26,6162
2349,錸德,15,0,15,中國信託-忠孝,2023-09-26,6162
8088,品安,14,1,13,中國信託-忠孝,2023-09-26,6162
2382,廣達,320,11,309,中國信託-忠孝,2023-09-27,6162
00919,群益台灣精選高息,137,1,136,中國信託-忠孝,2023-09-27,6162
00929,復華台灣科技優息,297,189,108,中國信託-忠孝,2023-09-27,6162
00679B,元大美債20年,110,5,105,中國信託-忠孝,2023-09-27,6162
2615,萬海,101,1,100,中國信託-忠孝,2023-09-27,6162
1442,名軒,93,0,93,中國信託-忠孝,2023-09-27,6162
00712,復華富時不動產,81,9,72,中國信託-忠孝,2023-09-27,6162
00878,國泰永續高股息,77,14,63,中國信託-忠孝,2023-09-27,6162
2409,友達,62,0,62,中國信託-忠孝,2023-09-27,6162
2888,新光金,60,0,60,中國信託-忠孝,2023-09-27,6162
00719B,元大美債1-3,60,0,60,中國信託-忠孝,2023-09-27,6162
0056,元大高股息,54,5,49,中國信託-忠孝,2023-09-27,6162
3231,緯創,66,23,43,中國信託-忠孝,2023-09-27,6162
2881,富邦金,50,7,43,中國信託-忠孝,2023-09-27,6162
2002,中鋼,52,11,41,中國信託-忠孝,2023-09-27,6162
00753L,中信中國50正2,36,1,35,中國信託-忠孝,2023-09-27,6162
2442,新美齊,34,0,34,中國信託-忠孝,2023-09-27,6162
2303,聯電,38,5,33,中國信託-忠孝,2023-09-27,6162
2610,華航,40,12,28,中國信託-忠孝,2023-09-27,6162
2501,國建,26,0,26,中國信託-忠孝,2023-09-27,6162
1215,卜蜂,22,0,22,中國信託-忠孝,2023-09-27,6162
00772B,中信高評級公司債,21,0,21,中國信託-忠孝,2023-09-27,6162
3025,星通,29,9,20,中國信託-忠孝,2023-09-27,6162
3054,立萬利,20,0,20,中國信託-忠孝,2023-09-27,6162
3362,先進光,22,4,18,中國信託-忠孝,2023-09-27,6162
00665L,富邦�琤肭磪囓�2,16,0,16,中國信託-忠孝,2023-09-27,6162
2419,仲琦,15,0,15,中國信託-忠孝,2023-09-27,6162
00932,兆豐永續高息等權,15,0,15,中國信託-忠孝,2023-09-27,6162
3004,豐達科,15,0,15,中國信託-忠孝,2023-09-27,6162
2891,中信金,21,7,14,中國信託-忠孝,2023-09-27,6162
00885,富邦越南,14,0,14,中國信託-忠孝,2023-09-27,6162
2312,金寶,14,0,14,中國信託-忠孝,2023-09-27,6162
2542,興富發,14,0,14,中國信託-忠孝,2023-09-27,6162
3037,欣興,19,6,13,中國信託-忠孝,2023-09-27,6162
3045,台灣大,12,0,12,中國信託-忠孝,2023-09-27,6162
00650L,復華香港正2,12,0,12,中國信託-忠孝,2023-09-27,6162
0050,元大台灣50,13,1,12,中國信託-忠孝,2023-09-27,6162
1618,合機,30,19,11,中國信託-忠孝,2023-09-27,6162
1609,大亞,31,20,11,中國信託-忠孝,2023-09-27,6162
4566,時碩工業,10,0,10,中國信託-忠孝,2023-09-27,6162
3707,漢磊,10,0,10,中國信託-忠孝,2023-09-27,6162
1905,華紙,10,0,10,中國信託-忠孝,2023-09-27,6162
6161,捷波,10,0,10,中國信託-忠孝,2023-09-27,6162
00751B,元大AAA至A公司債,10,0,10,中國信託-忠孝,2023-09-27,6162
8926,台汽電,10,0,10,中國信託-忠孝,2023-09-27,6162
3545,敦泰,15,6,9,中國信託-忠孝,2023-09-27,6162
6290,良維,11,2,9,中國信託-忠孝,2023-09-27,6162
5439,高技,9,0,9,中國信託-忠孝,2023-09-27,6162
2457,飛宏,9,0,9,中國信託-忠孝,2023-09-27,6162
8420,明揚,20,11,9,中國信託-忠孝,2023-09-27,6162
1584,精剛,149,5,144,中國信託-忠孝,2023-09-28,6162
1442,名軒,116,0,116,中國信託-忠孝,2023-09-28,6162
1612,宏泰,110,1,109,中國信託-忠孝,2023-09-28,6162
3231,緯創,128,37,91,中國信託-忠孝,2023-09-28,6162
00665L,富邦�琤肭磪囓�2,90,0,90,中國信託-忠孝,2023-09-28,6162
3036,文曄,108,27,81,中國信託-忠孝,2023-09-28,6162
3054,立萬利,80,0,80,中國信託-忠孝,2023-09-28,6162
00631L,元大台灣50正2,56,1,55,中國信託-忠孝,2023-09-28,6162
00712,復華富時不動產,54,0,54,中國信託-忠孝,2023-09-28,6162
3171,炎洲流通,53,0,53,中國信託-忠孝,2023-09-28,6162
2615,萬海,50,0,50,中國信託-忠孝,2023-09-28,6162
2356,英業達,60,12,48,中國信託-忠孝,2023-09-28,6162
00715L,期街口布蘭特正2,52,4,48,中國信託-忠孝,2023-09-28,6162
0056,元大高股息,47,6,41,中國信託-忠孝,2023-09-28,6162
00795B,中信美國公債20年,35,0,35,中國信託-忠孝,2023-09-28,6162
3322,建舜電,41,6,35,中國信託-忠孝,2023-09-28,6162
5426,振發,35,0,35,中國信託-忠孝,2023-09-28,6162
00931B,統一美債20年,31,0,31,中國信託-忠孝,2023-09-28,6162
00720B,元大投資級公司債,29,0,29,中國信託-忠孝,2023-09-28,6162
00751B,元大AAA至A公司債,27,5,22,中國信託-忠孝,2023-09-28,6162
00650L,復華香港正2,22,0,22,中國信託-忠孝,2023-09-28,6162
6125,廣運,59,38,21,中國信託-忠孝,2023-09-28,6162
3042,晶技,20,1,19,中國信託-忠孝,2023-09-28,6162
2501,國建,18,0,18,中國信託-忠孝,2023-09-28,6162
2388,威盛,24,6,18,中國信託-忠孝,2023-09-28,6162
2538,基泰,25,8,17,中國信託-忠孝,2023-09-28,6162
00919,群益台灣精選高息,45,30,15,中國信託-忠孝,2023-09-28,6162
2324,仁寶,17,2,15,中國信託-忠孝,2023-09-28,6162
00673R,期元大S＆P原油反1,15,0,15,中國信託-忠孝,2023-09-28,6162
00679B,元大美債20年,30,16,14,中國信託-忠孝,2023-09-28,6162
3037,欣興,20,6,14,中國信託-忠孝,2023-09-28,6162
2344,華邦電,16,2,14,中國信託-忠孝,2023-09-28,6162
2542,興富發,12,1,11,中國信託-忠孝,2023-09-28,6162
2402,毅嘉,12,1,11,中國信託-忠孝,2023-09-28,6162
8086,宏捷科,11,0,11,中國信託-忠孝,2023-09-28,6162
00637L,元大滬深300正2,11,0,11,中國信託-忠孝,2023-09-28,6162
2543,皇昌,14,3,11,中國信託-忠孝,2023-09-28,6162
6531,愛普*,19,8,11,中國信託-忠孝,2023-09-28,6162
00772B,中信高評級公司債,33,23,10,中國信託-忠孝,2023-09-28,6162
00932,兆豐永續高息等權,10,0,10,中國信託-忠孝,2023-09-28,6162
6274,台燿,31,21,10,中國信託-忠孝,2023-09-28,6162
2731,雄獅,10,0,10,中國信託-忠孝,2023-09-28,6162
3209,全科,10,0,10,中國信託-忠孝,2023-09-28,6162
2438,翔耀,10,0,10,中國信託-忠孝,2023-09-28,6162
8088,品安,21,11,10,中國信託-忠孝,2023-09-28,6162
2374,佳能,10,0,10,中國信託-忠孝,2023-09-28,6162
00885,富邦越南,9,0,9,中國信託-忠孝,2023-09-28,6162
2610,華航,26,17,9,中國信託-忠孝,2023-09-28,6162
6541,泰福-KY,9,0,9,中國信託-忠孝,2023-09-28,6162
3630,新鉅科,14,5,9,中國信託-忠孝,2023-09-28,6162
5213,亞昕,264,60,204,中國信託-忠孝,2023-10-02,6162
3231,緯創,291,194,97,中國信託-忠孝,2023-10-02,6162
2363,矽統,99,11,88,中國信託-忠孝,2023-10-02,6162
00632R,元大台灣50反1,84,0,84,中國信託-忠孝,2023-10-02,6162
2442,新美齊,83,4,79,中國信託-忠孝,2023-10-02,6162
00712,復華富時不動產,57,0,57,中國信託-忠孝,2023-10-02,6162
00772B,中信高評級公司債,49,1,48,中國信託-忠孝,2023-10-02,6162
00929,復華台灣科技優息,92,52,40,中國信託-忠孝,2023-10-02,6162
8936,國統,38,2,36,中國信託-忠孝,2023-10-02,6162
00751B,元大AAA至A公司債,39,6,33,中國信託-忠孝,2023-10-02,6162
3045,台灣大,32,0,32,中國信託-忠孝,2023-10-02,6162
1515,力山,31,0,31,中國信託-忠孝,2023-10-02,6162
00720B,元大投資級公司債,30,0,30,中國信託-忠孝,2023-10-02,6162
2355,敬鵬,41,12,29,中國信託-忠孝,2023-10-02,6162
4542,科嶠,30,2,28,中國信託-忠孝,2023-10-02,6162
2884,玉山金,27,0,27,中國信託-忠孝,2023-10-02,6162
00893,國泰智能電動車,29,4,25,中國信託-忠孝,2023-10-02,6162
00922,國泰台灣領袖50,24,0,24,中國信託-忠孝,2023-10-02,6162
2534,宏盛,23,0,23,中國信託-忠孝,2023-10-02,6162
8358,金居,42,19,23,中國信託-忠孝,2023-10-02,6162
9945,潤泰新,22,0,22,中國信託-忠孝,2023-10-02,6162
1815,富喬,35,14,21,中國信託-忠孝,2023-10-02,6162
2374,佳能,20,0,20,中國信託-忠孝,2023-10-02,6162
1442,名軒,20,0,20,中國信託-忠孝,2023-10-02,6162
00932,兆豐永續高息等權,20,0,20,中國信託-忠孝,2023-10-02,6162
5607,遠雄港,20,0,20,中國信託-忠孝,2023-10-02,6162
2883B,凱基金乙特,20,0,20,中國信託-忠孝,2023-10-02,6162
0056,元大高股息,44,24,20,中國信託-忠孝,2023-10-02,6162
00902,中信電池及儲能,19,0,19,中國信託-忠孝,2023-10-02,6162
00795B,中信美國公債20年,19,1,18,中國信託-忠孝,2023-10-02,6162
2618,長榮航,19,1,18,中國信託-忠孝,2023-10-02,6162
3011,今皓,19,1,18,中國信託-忠孝,2023-10-02,6162
3209,全科,21,3,18,中國信託-忠孝,2023-10-02,6162
2201,裕隆,20,3,17,中國信託-忠孝,2023-10-02,6162
00680L,元大美債20正2,17,0,17,中國信託-忠孝,2023-10-02,6162
3515,華擎,18,1,17,中國信託-忠孝,2023-10-02,6162
00722B,群益投資級電信債,17,0,17,中國信託-忠孝,2023-10-02,6162
00885,富邦越南,15,0,15,中國信託-忠孝,2023-10-02,6162
2402,毅嘉,71,56,15,中國信託-忠孝,2023-10-02,6162
8201,無敵,15,0,15,中國信託-忠孝,2023-10-02,6162
1609,大亞,22,7,15,中國信託-忠孝,2023-10-02,6162
2542,興富發,16,1,15,中國信託-忠孝,2023-10-02,6162
5452,佶優,16,2,14,中國信託-忠孝,2023-10-02,6162
00679B,元大美債20年,33,19,14,中國信託-忠孝,2023-10-02,6162
00687B,國泰20年美債,15,1,14,中國信託-忠孝,2023-10-02,6162
2881,富邦金,13,0,13,中國信託-忠孝,2023-10-02,6162
6125,廣運,17,5,12,中國信託-忠孝,2023-10-02,6162
2882,國泰金,12,0,12,中國信託-忠孝,2023-10-02,6162
2313,華通,19,7,12,中國信託-忠孝,2023-10-02,6162
8478,東哥遊艇,12,0,12,中國信託-忠孝,2023-10-02,6162
2356,英業達,280,8,272,中國信託-忠孝,2023-10-03,6162
2838,聯邦銀,246,0,246,中國信託-忠孝,2023-10-03,6162
00929,復華台灣科技優息,190,1,189,中國信託-忠孝,2023-10-03,6162
00882,中信中國高股息,126,5,121,中國信託-忠孝,2023-10-03,6162
00680L,元大美債20正2,121,0,121,中國信託-忠孝,2023-10-03,6162
0056,元大高股息,106,4,102,中國信託-忠孝,2023-10-03,6162
2538,基泰,156,59,97,中國信託-忠孝,2023-10-03,6162
00712,復華富時不動產,92,16,76,中國信託-忠孝,2023-10-03,6162
00922,國泰台灣領袖50,98,22,76,中國信託-忠孝,2023-10-03,6162
00919,群益台灣精選高息,119,44,75,中國信託-忠孝,2023-10-03,6162
00751B,元大AAA至A公司債,74,0,74,中國信託-忠孝,2023-10-03,6162
2409,友達,119,49,70,中國信託-忠孝,2023-10-03,6162
3025,星通,88,21,67,中國信託-忠孝,2023-10-03,6162
2881,富邦金,64,0,64,中國信託-忠孝,2023-10-03,6162
6120,達運,63,2,61,中國信託-忠孝,2023-10-03,6162
2888,新光金,58,3,55,中國信託-忠孝,2023-10-03,6162
00720B,元大投資級公司債,54,0,54,中國信託-忠孝,2023-10-03,6162
9945,潤泰新,51,1,50,中國信託-忠孝,2023-10-03,6162
3231,緯創,163,115,48,中國信託-忠孝,2023-10-03,6162
1515,力山,50,3,47,中國信託-忠孝,2023-10-03,6162
00637L,元大滬深300正2,38,0,38,中國信託-忠孝,2023-10-03,6162
00772B,中信高評級公司債,38,1,37,中國信託-忠孝,2023-10-03,6162
3013,晟銘電,46,9,37,中國信託-忠孝,2023-10-03,6162
00708L,期元大S＆P黃金正2,31,0,31,中國信託-忠孝,2023-10-03,6162
1608,華榮,30,0,30,中國信託-忠孝,2023-10-03,6162
1584,精剛,33,4,29,中國信託-忠孝,2023-10-03,6162
9904,寶成,28,0,28,中國信託-忠孝,2023-10-03,6162
3324,雙鴻,30,3,27,中國信託-忠孝,2023-10-03,6162
00665L,富邦�琤肭磪囓�2,26,0,26,中國信託-忠孝,2023-10-03,6162
6531,愛普*,35,12,23,中國信託-忠孝,2023-10-03,6162
2891,中信金,23,0,23,中國信託-忠孝,2023-10-03,6162
6485,點序,22,1,21,中國信託-忠孝,2023-10-03,6162
3045,台灣大,20,0,20,中國信託-忠孝,2023-10-03,6162
3276,宇環,30,10,20,中國信託-忠孝,2023-10-03,6162
3149,正達,20,0,20,中國信託-忠孝,2023-10-03,6162
00795B,中信美國公債20年,21,1,20,中國信託-忠孝,2023-10-03,6162
6233,旺玖,25,5,20,中國信託-忠孝,2023-10-03,6162
00931B,統一美債20年,24,5,19,中國信託-忠孝,2023-10-03,6162
3481,群創,73,54,19,中國信託-忠孝,2023-10-03,6162
2530,華建,20,2,18,中國信託-忠孝,2023-10-03,6162
00679B,元大美債20年,17,0,17,中國信託-忠孝,2023-10-03,6162
3004,豐達科,17,0,17,中國信託-忠孝,2023-10-03,6162
6005,群益證,20,5,15,中國信託-忠孝,2023-10-03,6162
3209,全科,15,0,15,中國信託-忠孝,2023-10-03,6162
6139,亞翔,23,9,14,中國信託-忠孝,2023-10-03,6162
1815,富喬,28,14,14,中國信託-忠孝,2023-10-03,6162
2002,中鋼,33,20,13,中國信託-忠孝,2023-10-03,6162
00692,富邦公司治理,13,0,13,中國信託-忠孝,2023-10-03,6162
2884,玉山金,13,1,12,中國信託-忠孝,2023-10-03,6162
2528,皇普,12,0,12,中國信託-忠孝,2023-10-03,6162
00637L,元大滬深300正2,232,5,227,中國信託-忠孝,2023-10-04,6162
00632R,元大台灣50反1,230,14,216,中國信託-忠孝,2023-10-04,6162
00706L,期元大S＆P日圓正2,181,0,181,中國信託-忠孝,2023-10-04,6162
6288,聯嘉,165,18,147,中國信託-忠孝,2023-10-04,6162
1584,精剛,143,1,142,中國信託-忠孝,2023-10-04,6162
00720B,元大投資級公司債,117,1,116,中國信託-忠孝,2023-10-04,6162
2891,中信金,108,0,108,中國信託-忠孝,2023-10-04,6162
00680L,元大美債20正2,138,30,108,中國信託-忠孝,2023-10-04,6162
4938,和碩,105,0,105,中國信託-忠孝,2023-10-04,6162
2882,國泰金,89,0,89,中國信託-忠孝,2023-10-04,6162
2888,新光金,89,0,89,中國信託-忠孝,2023-10-04,6162
00712,復華富時不動產,91,4,87,中國信託-忠孝,2023-10-04,6162
2838,聯邦銀,85,0,85,中國信託-忠孝,2023-10-04,6162
00679B,元大美債20年,174,90,84,中國信託-忠孝,2023-10-04,6162
2303,聯電,79,0,79,中國信託-忠孝,2023-10-04,6162
00919,群益台灣精選高息,88,10,78,中國信託-忠孝,2023-10-04,6162
00772B,中信高評級公司債,111,45,66,中國信託-忠孝,2023-10-04,6162
00929,復華台灣科技優息,89,23,66,中國信託-忠孝,2023-10-04,6162
2883,凱基金,67,5,62,中國信託-忠孝,2023-10-04,6162
2884,玉山金,60,0,60,中國信託-忠孝,2023-10-04,6162
00931B,統一美債20年,59,0,59,中國信託-忠孝,2023-10-04,6162
2881,富邦金,54,0,54,中國信託-忠孝,2023-10-04,6162
3481,群創,76,25,51,中國信託-忠孝,2023-10-04,6162
2409,友達,66,19,47,中國信託-忠孝,2023-10-04,6162
0050,元大台灣50,44,0,44,中國信託-忠孝,2023-10-04,6162
0056,元大高股息,44,1,43,中國信託-忠孝,2023-10-04,6162
00751B,元大AAA至A公司債,41,0,41,中國信託-忠孝,2023-10-04,6162
1216,統一,38,0,38,中國信託-忠孝,2023-10-04,6162
3363,上詮,42,4,38,中國信託-忠孝,2023-10-04,6162
3231,緯創,61,27,34,中國信託-忠孝,2023-10-04,6162
00687B,國泰20年美債,32,0,32,中國信託-忠孝,2023-10-04,6162
1605,華新,35,4,31,中國信託-忠孝,2023-10-04,6162
00878,國泰永續高股息,53,22,31,中國信託-忠孝,2023-10-04,6162
00688L,國泰20年美債正2,30,0,30,中國信託-忠孝,2023-10-04,6162
00922,國泰台灣領袖50,29,1,28,中國信託-忠孝,2023-10-04,6162
9938,百和,28,0,28,中國信託-忠孝,2023-10-04,6162
2887,台新金,29,2,27,中國信託-忠孝,2023-10-04,6162
6830,汎銓,26,0,26,中國信託-忠孝,2023-10-04,6162
2890,永豐金,25,0,25,中國信託-忠孝,2023-10-04,6162
2363,矽統,186,161,25,中國信託-忠孝,2023-10-04,6162
3006,晶豪科,85,60,25,中國信託-忠孝,2023-10-04,6162
2412,中華電,31,7,24,中國信託-忠孝,2023-10-04,6162
2618,長榮航,42,18,24,中國信託-忠孝,2023-10-04,6162
5880,合庫金,23,0,23,中國信託-忠孝,2023-10-04,6162
3013,晟銘電,32,10,22,中國信託-忠孝,2023-10-04,6162
1815,富喬,24,2,22,中國信託-忠孝,2023-10-04,6162
6214,精誠,139,118,21,中國信託-忠孝,2023-10-04,6162
3645,達邁,21,0,21,中國信託-忠孝,2023-10-04,6162
00631L,元大台灣50正2,24,4,20,中國信託-忠孝,2023-10-04,6162
00676R,富邦臺灣加權反1,20,0,20,中國信託-忠孝,2023-10-04,6162
2538,基泰,1538,185,1353,中國信託-忠孝,2023-10-05,6162
00929,復華台灣科技優息,212,1,211,中國信託-忠孝,2023-10-05,6162
00712,復華富時不動產,114,0,114,中國信託-忠孝,2023-10-05,6162
00715L,期街口布蘭特正2,78,0,78,中國信託-忠孝,2023-10-05,6162
2883,凱基金,53,0,53,中國信託-忠孝,2023-10-05,6162
2382,廣達,56,11,45,中國信託-忠孝,2023-10-05,6162
00706L,期元大S＆P日圓正2,40,0,40,中國信託-忠孝,2023-10-05,6162
1815,富喬,89,49,40,中國信託-忠孝,2023-10-05,6162
6438,迅得,35,1,34,中國信託-忠孝,2023-10-05,6162
00751B,元大AAA至A公司債,32,0,32,中國信託-忠孝,2023-10-05,6162
3036,文曄,43,11,32,中國信託-忠孝,2023-10-05,6162
3025,星通,50,20,30,中國信託-忠孝,2023-10-05,6162
2417,圓剛,77,48,29,中國信託-忠孝,2023-10-05,6162
00885,富邦越南,27,0,27,中國信託-忠孝,2023-10-05,6162
00679B,元大美債20年,26,2,24,中國信託-忠孝,2023-10-05,6162
2313,華通,33,9,24,中國信託-忠孝,2023-10-05,6162
4763,材料-KY,27,4,23,中國信託-忠孝,2023-10-05,6162
00922,國泰台灣領袖50,23,2,21,中國信託-忠孝,2023-10-05,6162
00652,富邦印度,20,0,20,中國信託-忠孝,2023-10-05,6162
3715,定穎投控,123,103,20,中國信託-忠孝,2023-10-05,6162
2349,錸德,20,0,20,中國信託-忠孝,2023-10-05,6162
3037,欣興,23,5,18,中國信託-忠孝,2023-10-05,6162
2353,宏��,32,16,16,中國信託-忠孝,2023-10-05,6162
2530,華建,16,0,16,中國信託-忠孝,2023-10-05,6162
2486,一詮,48,32,16,中國信託-忠孝,2023-10-05,6162
2002,中鋼,18,2,16,中國信託-忠孝,2023-10-05,6162
00882,中信中國高股息,16,1,15,中國信託-忠孝,2023-10-05,6162
6901,鑽石投資,15,0,15,中國信託-忠孝,2023-10-05,6162
3014,聯陽,16,2,14,中國信託-忠孝,2023-10-05,6162
3209,全科,14,0,14,中國信託-忠孝,2023-10-05,6162
2887,台新金,13,0,13,中國信託-忠孝,2023-10-05,6162
1319,東陽,42,29,13,中國信託-忠孝,2023-10-05,6162
3122,笙泉,34,21,13,中國信託-忠孝,2023-10-05,6162
1584,精剛,26,14,12,中國信託-忠孝,2023-10-05,6162
00931B,統一美債20年,13,1,12,中國信託-忠孝,2023-10-05,6162
2457,飛宏,27,16,11,中國信託-忠孝,2023-10-05,6162
1101,台泥,12,1,11,中國信託-忠孝,2023-10-05,6162
6274,台燿,33,22,11,中國信託-忠孝,2023-10-05,6162
3564,其陽,11,0,11,中國信託-忠孝,2023-10-05,6162
2812,台中銀,11,0,11,中國信託-忠孝,2023-10-05,6162
00719B,元大美債1-3,10,0,10,中國信託-忠孝,2023-10-05,6162
8112,至上,12,2,10,中國信託-忠孝,2023-10-05,6162
00632R,元大台灣50反1,10,0,10,中國信託-忠孝,2023-10-05,6162
4581,光隆精密-KY,10,0,10,中國信託-忠孝,2023-10-05,6162
3042,晶技,10,0,10,中國信託-忠孝,2023-10-05,6162
6111,大宇資,10,0,10,中國信託-忠孝,2023-10-05,6162
4927,泰鼎-KY,10,0,10,中國信託-忠孝,2023-10-05,6162
00720B,元大投資級公司債,11,1,10,中國信託-忠孝,2023-10-05,6162
2605,新興,16,6,10,中國信託-忠孝,2023-10-05,6162
9945,潤泰新,13,3,10,中國信託-忠孝,2023-10-05,6162
2838,聯邦銀,351,0,351,中國信託-忠孝,2023-10-06,6162
9105,泰金寶-DR,320,0,320,中國信託-忠孝,2023-10-06,6162
00929,復華台灣科技優息,307,2,305,中國信託-忠孝,2023-10-06,6162
2427,三商電,102,23,79,中國信託-忠孝,2023-10-06,6162
1815,富喬,116,57,59,中國信託-忠孝,2023-10-06,6162
3231,緯創,106,48,58,中國信託-忠孝,2023-10-06,6162
2538,基泰,44,1,43,中國信託-忠孝,2023-10-06,6162
2618,長榮航,240,205,35,中國信託-忠孝,2023-10-06,6162
6139,亞翔,101,67,34,中國信託-忠孝,2023-10-06,6162
3260,威剛,60,27,33,中國信託-忠孝,2023-10-06,6162
0056,元大高股息,38,6,32,中國信託-忠孝,2023-10-06,6162
00720B,元大投資級公司債,32,0,32,中國信託-忠孝,2023-10-06,6162
2062,橋椿,30,0,30,中國信託-忠孝,2023-10-06,6162
00706L,期元大S＆P日圓正2,30,0,30,中國信託-忠孝,2023-10-06,6162
1603,華電,30,0,30,中國信託-忠孝,2023-10-06,6162
6111,大宇資,30,0,30,中國信託-忠孝,2023-10-06,6162
00712,復華富時不動產,29,0,29,中國信託-忠孝,2023-10-06,6162
00679B,元大美債20年,28,0,28,中國信託-忠孝,2023-10-06,6162
2409,友達,27,0,27,中國信託-忠孝,2023-10-06,6162
1524,耿鼎,24,2,22,中國信託-忠孝,2023-10-06,6162
00686R,群益臺灣加權反1,19,0,19,中國信託-忠孝,2023-10-06,6162
3045,台灣大,18,0,18,中國信託-忠孝,2023-10-06,6162
1313,聯成,18,0,18,中國信託-忠孝,2023-10-06,6162
6451,訊芯-KY,62,44,18,中國信託-忠孝,2023-10-06,6162
5340,建榮,16,0,16,中國信託-忠孝,2023-10-06,6162
2301,光寶科,23,8,15,中國信託-忠孝,2023-10-06,6162
6282,康舒,15,0,15,中國信託-忠孝,2023-10-06,6162
6274,台燿,37,24,13,中國信託-忠孝,2023-10-06,6162
00919,群益台灣精選高息,16,3,13,中國信託-忠孝,2023-10-06,6162
4763,材料-KY,24,11,13,中國信託-忠孝,2023-10-06,6162
2449,京元電子,15,2,13,中國信託-忠孝,2023-10-06,6162
2486,一詮,30,19,11,中國信託-忠孝,2023-10-06,6162
2443,昶虹,11,0,11,中國信託-忠孝,2023-10-06,6162
3481,群創,11,1,10,中國信託-忠孝,2023-10-06,6162
2312,金寶,11,1,10,中國信託-忠孝,2023-10-06,6162
2323,中環,30,20,10,中國信託-忠孝,2023-10-06,6162
3450,聯鈞,15,5,10,中國信託-忠孝,2023-10-06,6162
00680L,元大美債20正2,9,0,9,中國信託-忠孝,2023-10-06,6162
2455,全新,10,1,9,中國信託-忠孝,2023-10-06,6162
00922,國泰台灣領袖50,8,0,8,中國信託-忠孝,2023-10-06,6162
3008,大立光,8,0,8,中國信託-忠孝,2023-10-06,6162
3078,僑威,10,2,8,中國信託-忠孝,2023-10-06,6162
1339,昭輝,9,1,8,中國信託-忠孝,2023-10-06,6162
00715L,期街口布蘭特正2,16,8,8,中國信託-忠孝,2023-10-06,6162
8046,南電,9,1,8,中國信託-忠孝,2023-10-06,6162
6191,精成科,7,0,7,中國信託-忠孝,2023-10-06,6162
2356,英業達,24,17,7,中國信託-忠孝,2023-10-06,6162
1560,中砂,7,0,7,中國信託-忠孝,2023-10-06,6162
2374,佳能,10,3,7,中國信託-忠孝,2023-10-06,6162
6414,樺漢,7,0,7,中國信託-忠孝,2023-10-06,6162
2838,聯邦銀,360,0,360,中國信託-忠孝,2023-10-11,6162
2025,千興,330,0,330,中國信託-忠孝,2023-10-11,6162
2538,基泰,117,6,111,中國信託-忠孝,2023-10-11,6162
00637L,元大滬深300正2,100,0,100,中國信託-忠孝,2023-10-11,6162
2425,承啟,91,1,90,中國信託-忠孝,2023-10-11,6162
00929,復華台灣科技優息,114,61,53,中國信託-忠孝,2023-10-11,6162
3231,緯創,181,130,51,中國信託-忠孝,2023-10-11,6162
2516,新建,50,0,50,中國信託-忠孝,2023-10-11,6162
2356,英業達,61,12,49,中國信託-忠孝,2023-10-11,6162
1605,華新,50,2,48,中國信託-忠孝,2023-10-11,6162
2609,陽明,53,6,47,中國信託-忠孝,2023-10-11,6162
2388,威盛,60,26,34,中國信託-忠孝,2023-10-11,6162
00857B,永豐20年美公債,32,0,32,中國信託-忠孝,2023-10-11,6162
6530,創威,36,5,31,中國信託-忠孝,2023-10-11,6162
2618,長榮航,35,4,31,中國信託-忠孝,2023-10-11,6162
2915,潤泰全,30,0,30,中國信託-忠孝,2023-10-11,6162
6216,居易,30,0,30,中國信託-忠孝,2023-10-11,6162
2340,台亞,45,16,29,中國信託-忠孝,2023-10-11,6162
00712,復華富時不動產,31,2,29,中國信託-忠孝,2023-10-11,6162
3260,威剛,37,10,27,中國信託-忠孝,2023-10-11,6162
9945,潤泰新,36,9,27,中國信託-忠孝,2023-10-11,6162
3013,晟銘電,69,47,22,中國信託-忠孝,2023-10-11,6162
0056,元大高股息,41,20,21,中國信託-忠孝,2023-10-11,6162
6438,迅得,30,9,21,中國信託-忠孝,2023-10-11,6162
3483,力致,54,34,20,中國信託-忠孝,2023-10-11,6162
4164,承業醫,20,0,20,中國信託-忠孝,2023-10-11,6162
1310,台苯,20,0,20,中國信託-忠孝,2023-10-11,6162
00715L,期街口布蘭特正2,72,52,20,中國信託-忠孝,2023-10-11,6162
2376,技嘉,67,49,18,中國信託-忠孝,2023-10-11,6162
1316,上曜,17,0,17,中國信託-忠孝,2023-10-11,6162
2634,漢翔,29,13,16,中國信託-忠孝,2023-10-11,6162
6577,勁豐,19,3,16,中國信託-忠孝,2023-10-11,6162
6274,台燿,26,11,15,中國信託-忠孝,2023-10-11,6162
2002,中鋼,16,1,15,中國信託-忠孝,2023-10-11,6162
1742,台蠟,15,0,15,中國信託-忠孝,2023-10-11,6162
6122,擎邦,14,0,14,中國信託-忠孝,2023-10-11,6162
00720B,元大投資級公司債,15,2,13,中國信託-忠孝,2023-10-11,6162
1584,精剛,13,0,13,中國信託-忠孝,2023-10-11,6162
3715,定穎投控,104,91,13,中國信託-忠孝,2023-10-11,6162
00673R,期元大S＆P原油反1,20,8,12,中國信託-忠孝,2023-10-11,6162
00642U,期元大S＆P石油,12,0,12,中國信託-忠孝,2023-10-11,6162
00632R,元大台灣50反1,12,0,12,中國信託-忠孝,2023-10-11,6162
8069,元太,28,16,12,中國信託-忠孝,2023-10-11,6162
00751B,元大AAA至A公司債,11,0,11,中國信託-忠孝,2023-10-11,6162
8436,大江,11,0,11,中國信託-忠孝,2023-10-11,6162
2731,雄獅,11,0,11,中國信託-忠孝,2023-10-11,6162
4944,兆遠,12,1,11,中國信託-忠孝,2023-10-11,6162
6426,統新,11,0,11,中國信託-忠孝,2023-10-11,6162
00719B,元大美債1-3,10,0,10,中國信託-忠孝,2023-10-11,6162
4915,致伸,10,0,10,中國信託-忠孝,2023-10-11,6162
1584,精剛,214,5,209,中國信託-忠孝,2023-10-12,6162
2427,三商電,170,1,169,中國信託-忠孝,2023-10-12,6162
6284,佳邦,79,3,76,中國信託-忠孝,2023-10-12,6162
00632R,元大台灣50反1,69,0,69,中國信託-忠孝,2023-10-12,6162
2404,漢唐,65,5,60,中國信託-忠孝,2023-10-12,6162
2382,廣達,79,31,48,中國信託-忠孝,2023-10-12,6162
9945,潤泰新,44,0,44,中國信託-忠孝,2023-10-12,6162
2887,台新金,42,1,41,中國信託-忠孝,2023-10-12,6162
00720B,元大投資級公司債,37,0,37,中國信託-忠孝,2023-10-12,6162
6109,亞元,36,0,36,中國信託-忠孝,2023-10-12,6162
2884,玉山金,31,0,31,中國信託-忠孝,2023-10-12,6162
2355,敬鵬,31,0,31,中國信託-忠孝,2023-10-12,6162
1313,聯成,30,0,30,中國信託-忠孝,2023-10-12,6162
2538,基泰,31,2,29,中國信託-忠孝,2023-10-12,6162
6204,艾華,25,0,25,中國信託-忠孝,2023-10-12,6162
2881,富邦金,24,0,24,中國信託-忠孝,2023-10-12,6162
00772B,中信高評級公司債,23,0,23,中國信託-忠孝,2023-10-12,6162
5512,力麒,23,0,23,中國信託-忠孝,2023-10-12,6162
1560,中砂,33,11,22,中國信託-忠孝,2023-10-12,6162
3025,星通,71,49,22,中國信託-忠孝,2023-10-12,6162
6170,統振,32,10,22,中國信託-忠孝,2023-10-12,6162
00857B,永豐20年美公債,21,0,21,中國信託-忠孝,2023-10-12,6162
00708L,期元大S＆P黃金正2,21,0,21,中國信託-忠孝,2023-10-12,6162
1618,合機,21,0,21,中國信託-忠孝,2023-10-12,6162
6231,系微,21,0,21,中國信託-忠孝,2023-10-12,6162
2313,華通,33,12,21,中國信託-忠孝,2023-10-12,6162
00740B,富邦全球投等債,20,0,20,中國信託-忠孝,2023-10-12,6162
2883B,凱基金乙特,20,0,20,中國信託-忠孝,2023-10-12,6162
00676R,富邦臺灣加權反1,19,0,19,中國信託-忠孝,2023-10-12,6162
3060,銘異,19,0,19,中國信託-忠孝,2023-10-12,6162
3013,晟銘電,24,5,19,中國信託-忠孝,2023-10-12,6162
2812,台中銀,23,4,19,中國信託-忠孝,2023-10-12,6162
3715,定穎投控,123,106,17,中國信託-忠孝,2023-10-12,6162
6788,華景電,17,0,17,中國信託-忠孝,2023-10-12,6162
4906,正文,16,0,16,中國信託-忠孝,2023-10-12,6162
6274,台燿,19,4,15,中國信託-忠孝,2023-10-12,6162
2241,艾姆勒,15,0,15,中國信託-忠孝,2023-10-12,6162
1319,東陽,35,20,15,中國信託-忠孝,2023-10-12,6162
2855,統一證,15,0,15,中國信託-忠孝,2023-10-12,6162
6285,啟��,19,5,14,中國信託-忠孝,2023-10-12,6162
2408,南亞科,22,9,13,中國信託-忠孝,2023-10-12,6162
1101,台泥,16,4,12,中國信託-忠孝,2023-10-12,6162
00715L,期街口布蘭特正2,12,0,12,中國信託-忠孝,2023-10-12,6162
6531,愛普*,15,4,11,中國信託-忠孝,2023-10-12,6162
2356,英業達,62,51,11,中國信託-忠孝,2023-10-12,6162
2006,東和鋼鐵,10,0,10,中國信託-忠孝,2023-10-12,6162
2534,宏盛,10,0,10,中國信託-忠孝,2023-10-12,6162
4960,誠美材,10,0,10,中國信託-忠孝,2023-10-12,6162
1524,耿鼎,17,7,10,中國信託-忠孝,2023-10-12,6162
6111,大宇資,10,0,10,中國信託-忠孝,2023-10-12,6162
00919,群益台灣精選高息,219,12,207,中國信託-忠孝,2023-10-13,6162
1519,華城,120,8,112,中國信託-忠孝,2023-10-13,6162
1591,駿吉-KY,100,0,100,中國信託-忠孝,2023-10-13,6162
2329,華泰,98,5,93,中國信託-忠孝,2023-10-13,6162
00878,國泰永續高股息,93,1,92,中國信託-忠孝,2023-10-13,6162
2501,國建,80,0,80,中國信託-忠孝,2023-10-13,6162
3078,僑威,92,16,76,中國信託-忠孝,2023-10-13,6162
00929,復華台灣科技優息,110,38,72,中國信託-忠孝,2023-10-13,6162
00915,凱基優選高股息30,61,0,61,中國信託-忠孝,2023-10-13,6162
3045,台灣大,52,0,52,中國信託-忠孝,2023-10-13,6162
2612,中航,43,0,43,中國信託-忠孝,2023-10-13,6162
2538,基泰,53,12,41,中國信託-忠孝,2023-10-13,6162
00857B,永豐20年美公債,39,0,39,中國信託-忠孝,2023-10-13,6162
9945,潤泰新,39,1,38,中國信託-忠孝,2023-10-13,6162
3483,力致,86,48,38,中國信託-忠孝,2023-10-13,6162
00680L,元大美債20正2,35,0,35,中國信託-忠孝,2023-10-13,6162
00637L,元大滬深300正2,34,2,32,中國信託-忠孝,2023-10-13,6162
2486,一詮,49,18,31,中國信託-忠孝,2023-10-13,6162
2025,千興,30,0,30,中國信託-忠孝,2023-10-13,6162
8150,南茂,32,2,30,中國信託-忠孝,2023-10-13,6162
6613,朋億*,30,0,30,中國信託-忠孝,2023-10-13,6162
6235,華孚,36,7,29,中國信託-忠孝,2023-10-13,6162
00679B,元大美債20年,30,2,28,中國信託-忠孝,2023-10-13,6162
2618,長榮航,27,0,27,中國信託-忠孝,2023-10-13,6162
2303,聯電,29,2,27,中國信託-忠孝,2023-10-13,6162
00720B,元大投資級公司債,27,0,27,中國信託-忠孝,2023-10-13,6162
2404,漢唐,43,16,27,中國信託-忠孝,2023-10-13,6162
2888,新光金,26,0,26,中國信託-忠孝,2023-10-13,6162
3715,定穎投控,185,162,23,中國信託-忠孝,2023-10-13,6162
4147,中裕,21,0,21,中國信託-忠孝,2023-10-13,6162
2323,中環,21,0,21,中國信託-忠孝,2023-10-13,6162
2330,台積電,43,22,21,中國信託-忠孝,2023-10-13,6162
2442,新美齊,22,2,20,中國信託-忠孝,2023-10-13,6162
3481,群創,20,1,19,中國信託-忠孝,2023-10-13,6162
2402,毅嘉,18,0,18,中國信託-忠孝,2023-10-13,6162
2316,楠梓電,18,0,18,中國信託-忠孝,2023-10-13,6162
8996,高力,22,4,18,中國信託-忠孝,2023-10-13,6162
2630,亞航,16,0,16,中國信託-忠孝,2023-10-13,6162
3526,凡甲,16,0,16,中國信託-忠孝,2023-10-13,6162
2610,華航,37,22,15,中國信託-忠孝,2023-10-13,6162
6223,旺矽,19,4,15,中國信託-忠孝,2023-10-13,6162
00722B,群益投資級電信債,15,0,15,中國信託-忠孝,2023-10-13,6162
3231,緯創,148,134,14,中國信託-忠孝,2023-10-13,6162
2884,玉山金,21,7,14,中國信託-忠孝,2023-10-13,6162
2002,中鋼,14,0,14,中國信託-忠孝,2023-10-13,6162
00712,復華富時不動產,14,0,14,中國信託-忠孝,2023-10-13,6162
6527,明達醫,14,0,14,中國信託-忠孝,2023-10-13,6162
00902,中信電池及儲能,13,0,13,中國信託-忠孝,2023-10-13,6162
00795B,中信美國公債20年,13,0,13,中國信託-忠孝,2023-10-13,6162
1210,大成,13,0,13,中國信託-忠孝,2023-10-13,6162
2515,中工,313,63,250,中國信託-忠孝,2023-10-16,6162
2344,華邦電,253,22,231,中國信託-忠孝,2023-10-16,6162
4979,華星光,241,49,192,中國信託-忠孝,2023-10-16,6162
00637L,元大滬深300正2,170,0,170,中國信託-忠孝,2023-10-16,6162
00929,復華台灣科技優息,206,66,140,中國信託-忠孝,2023-10-16,6162
00919,群益台灣精選高息,117,6,111,中國信託-忠孝,2023-10-16,6162
2329,華泰,94,17,77,中國信託-忠孝,2023-10-16,6162
6284,佳邦,79,4,75,中國信託-忠孝,2023-10-16,6162
0056,元大高股息,91,18,73,中國信託-忠孝,2023-10-16,6162
2025,千興,63,0,63,中國信託-忠孝,2023-10-16,6162
2618,長榮航,63,2,61,中國信託-忠孝,2023-10-16,6162
3078,僑威,56,4,52,中國信託-忠孝,2023-10-16,6162
00712,復華富時不動產,53,7,46,中國信託-忠孝,2023-10-16,6162
6770,力積電,46,3,43,中國信託-忠孝,2023-10-16,6162
2534,宏盛,40,0,40,中國信託-忠孝,2023-10-16,6162
00878,國泰永續高股息,56,16,40,中國信託-忠孝,2023-10-16,6162
00922,國泰台灣領袖50,37,1,36,中國信託-忠孝,2023-10-16,6162
1605,華新,44,9,35,中國信託-忠孝,2023-10-16,6162
00720B,元大投資級公司債,35,0,35,中國信託-忠孝,2023-10-16,6162
2201,裕隆,40,7,33,中國信託-忠孝,2023-10-16,6162
3689,湧德,30,0,30,中國信託-忠孝,2023-10-16,6162
3443,創意,35,7,28,中國信託-忠孝,2023-10-16,6162
2337,旺宏,37,10,27,中國信託-忠孝,2023-10-16,6162
6139,亞翔,32,7,25,中國信託-忠孝,2023-10-16,6162
6509,聚和,24,0,24,中國信託-忠孝,2023-10-16,6162
00632R,元大台灣50反1,22,0,22,中國信託-忠孝,2023-10-16,6162
2867,三商壽,21,0,21,中國信託-忠孝,2023-10-16,6162
2107,厚生,20,0,20,中國信託-忠孝,2023-10-16,6162
1609,大亞,20,1,19,中國信託-忠孝,2023-10-16,6162
2743,山富,21,2,19,中國信託-忠孝,2023-10-16,6162
2330,台積電,23,4,19,中國信託-忠孝,2023-10-16,6162
2449,京元電子,31,14,17,中國信託-忠孝,2023-10-16,6162
2363,矽統,333,316,17,中國信託-忠孝,2023-10-16,6162
5340,建榮,17,0,17,中國信託-忠孝,2023-10-16,6162
00773B,中信優先金融債,16,0,16,中國信託-忠孝,2023-10-16,6162
2401,凌陽,17,1,16,中國信託-忠孝,2023-10-16,6162
6613,朋億*,16,0,16,中國信託-忠孝,2023-10-16,6162
00772B,中信高評級公司債,21,5,16,中國信託-忠孝,2023-10-16,6162
2206,三陽工業,18,3,15,中國信託-忠孝,2023-10-16,6162
2382,廣達,32,17,15,中國信託-忠孝,2023-10-16,6162
2610,華航,148,135,13,中國信託-忠孝,2023-10-16,6162
2888,新光金,17,4,13,中國信託-忠孝,2023-10-16,6162
4908,前鼎,37,25,12,中國信託-忠孝,2023-10-16,6162
00722B,群益投資級電信債,12,0,12,中國信託-忠孝,2023-10-16,6162
6186,新潤,11,0,11,中國信託-忠孝,2023-10-16,6162
3264,欣銓,10,0,10,中國信託-忠孝,2023-10-16,6162
00642U,期元大S＆P石油,10,0,10,中國信託-忠孝,2023-10-16,6162
2486,一詮,13,3,10,中國信託-忠孝,2023-10-16,6162
1905,華紙,47,37,10,中國信託-忠孝,2023-10-16,6162
5457,宣德,10,0,10,中國信託-忠孝,2023-10-16,6162
2534,宏盛,257,0,257,中國信託-忠孝,2023-10-17,6162
00637L,元大滬深300正2,235,5,230,中國信託-忠孝,2023-10-17,6162
00795B,中信美國公債20年,115,0,115,中國信託-忠孝,2023-10-17,6162
1584,精剛,117,5,112,中國信託-忠孝,2023-10-17,6162
0056,元大高股息,124,15,109,中國信託-忠孝,2023-10-17,6162
5202,力新,94,0,94,中國信託-忠孝,2023-10-17,6162
00929,復華台灣科技優息,89,2,87,中國信託-忠孝,2023-10-17,6162
5258,虹堡,58,0,58,中國信託-忠孝,2023-10-17,6162
6276,安鈦克,55,0,55,中國信託-忠孝,2023-10-17,6162
2023,燁輝,55,0,55,中國信託-忠孝,2023-10-17,6162
00720B,元大投資級公司債,51,0,51,中國信託-忠孝,2023-10-17,6162
3078,僑威,67,17,50,中國信託-忠孝,2023-10-17,6162
3363,上詮,61,15,46,中國信託-忠孝,2023-10-17,6162
00687B,國泰20年美債,44,0,44,中國信託-忠孝,2023-10-17,6162
00878,國泰永續高股息,107,65,42,中國信託-忠孝,2023-10-17,6162
2610,華航,43,1,42,中國信託-忠孝,2023-10-17,6162
00712,復華富時不動產,46,4,42,中國信託-忠孝,2023-10-17,6162
00679B,元大美債20年,45,4,41,中國信託-忠孝,2023-10-17,6162
00857B,永豐20年美公債,39,0,39,中國信託-忠孝,2023-10-17,6162
2538,基泰,51,13,38,中國信託-忠孝,2023-10-17,6162
00772B,中信高評級公司債,36,0,36,中國信託-忠孝,2023-10-17,6162
00680L,元大美債20正2,34,0,34,中國信託-忠孝,2023-10-17,6162
2417,圓剛,34,1,33,中國信託-忠孝,2023-10-17,6162
00751B,元大AAA至A公司債,31,0,31,中國信託-忠孝,2023-10-17,6162
2025,千興,31,0,31,中國信託-忠孝,2023-10-17,6162
00931B,統一美債20年,29,0,29,中國信託-忠孝,2023-10-17,6162
6643,M31,36,12,24,中國信託-忠孝,2023-10-17,6162
2419,仲琦,30,6,24,中國信託-忠孝,2023-10-17,6162
2455,全新,30,7,23,中國信託-忠孝,2023-10-17,6162
9955,佳龍,27,4,23,中國信託-忠孝,2023-10-17,6162
00722B,群益投資級電信債,22,0,22,中國信託-忠孝,2023-10-17,6162
6509,聚和,21,0,21,中國信託-忠孝,2023-10-17,6162
5243,乙盛-KY,20,0,20,中國信託-忠孝,2023-10-17,6162
4737,華廣,20,0,20,中國信託-忠孝,2023-10-17,6162
8054,安國,37,17,20,中國信託-忠孝,2023-10-17,6162
1609,大亞,20,1,19,中國信託-忠孝,2023-10-17,6162
4979,華星光,45,26,19,中國信託-忠孝,2023-10-17,6162
00919,群益台灣精選高息,21,3,18,中國信託-忠孝,2023-10-17,6162
5215,科嘉-KY,18,0,18,中國信託-忠孝,2023-10-17,6162
3706,神達,17,0,17,中國信託-忠孝,2023-10-17,6162
5324,士開,16,0,16,中國信託-忠孝,2023-10-17,6162
00888,永豐台灣ESG,16,0,16,中國信託-忠孝,2023-10-17,6162
2106,建大,14,0,14,中國信託-忠孝,2023-10-17,6162
6456,GIS-KY,15,1,14,中國信託-忠孝,2023-10-17,6162
2352,佳世達,15,1,14,中國信託-忠孝,2023-10-17,6162
6472,保瑞,18,5,13,中國信託-忠孝,2023-10-17,6162
3481,群創,13,0,13,中國信託-忠孝,2023-10-17,6162
3105,穩懋,14,1,13,中國信託-忠孝,2023-10-17,6162
3122,笙泉,13,0,13,中國信託-忠孝,2023-10-17,6162
6527,明達醫,13,0,13,中國信託-忠孝,2023-10-17,6162
00720B,元大投資級公司債,330,3,327,中國信託-忠孝,2023-10-18,6162
00929,復華台灣科技優息,336,19,317,中國信託-忠孝,2023-10-18,6162
00919,群益台灣精選高息,281,1,280,中國信託-忠孝,2023-10-18,6162
00878,國泰永續高股息,305,67,238,中國信託-忠孝,2023-10-18,6162
2534,宏盛,229,0,229,中國信託-忠孝,2023-10-18,6162
0056,元大高股息,235,7,228,中國信託-忠孝,2023-10-18,6162
2344,華邦電,211,3,208,中國信託-忠孝,2023-10-18,6162
00922,國泰台灣領袖50,125,0,125,中國信託-忠孝,2023-10-18,6162
2363,矽統,164,71,93,中國信託-忠孝,2023-10-18,6162
2002,中鋼,66,1,65,中國信託-忠孝,2023-10-18,6162
2891,中信金,102,43,59,中國信託-忠孝,2023-10-18,6162
2530,華建,49,2,47,中國信託-忠孝,2023-10-18,6162
1101,台泥,45,0,45,中國信託-忠孝,2023-10-18,6162
00932,兆豐永續高息等權,42,0,42,中國信託-忠孝,2023-10-18,6162
1108,幸福,40,2,38,中國信託-忠孝,2023-10-18,6162
2425,承啟,35,0,35,中國信託-忠孝,2023-10-18,6162
2486,一詮,42,8,34,中國信託-忠孝,2023-10-18,6162
5439,高技,41,8,33,中國信託-忠孝,2023-10-18,6162
1305,華夏,32,1,31,中國信託-忠孝,2023-10-18,6162
2538,基泰,40,10,30,中國信託-忠孝,2023-10-18,6162
1503,士電,30,0,30,中國信託-忠孝,2023-10-18,6162
2382,廣達,79,50,29,中國信託-忠孝,2023-10-18,6162
00751B,元大AAA至A公司債,28,0,28,中國信託-忠孝,2023-10-18,6162
00931B,統一美債20年,26,0,26,中國信託-忠孝,2023-10-18,6162
3533,嘉澤,26,0,26,中國信託-忠孝,2023-10-18,6162
3715,定穎投控,112,87,25,中國信託-忠孝,2023-10-18,6162
00905,FT臺灣Smart,24,0,24,中國信託-忠孝,2023-10-18,6162
2204,中華,29,6,23,中國信託-忠孝,2023-10-18,6162
00772B,中信高評級公司債,25,3,22,中國信託-忠孝,2023-10-18,6162
5272,笙科,22,0,22,中國信託-忠孝,2023-10-18,6162
00795B,中信美國公債20年,109,88,21,中國信託-忠孝,2023-10-18,6162
00722B,群益投資級電信債,21,0,21,中國信託-忠孝,2023-10-18,6162
4960,誠美材,26,6,20,中國信託-忠孝,2023-10-18,6162
2329,華泰,20,0,20,中國信託-忠孝,2023-10-18,6162
6168,宏齊,31,12,19,中國信託-忠孝,2023-10-18,6162
2515,中工,19,1,18,中國信託-忠孝,2023-10-18,6162
2884,玉山金,19,1,18,中國信託-忠孝,2023-10-18,6162
1605,華新,18,1,17,中國信託-忠孝,2023-10-18,6162
2369,菱生,111,95,16,中國信託-忠孝,2023-10-18,6162
1444,力麗,16,0,16,中國信託-忠孝,2023-10-18,6162
00900,富邦特選高股息30,15,0,15,中國信託-忠孝,2023-10-18,6162
3306,鼎天,22,7,15,中國信託-忠孝,2023-10-18,6162
00688L,國泰20年美債正2,15,0,15,中國信託-忠孝,2023-10-18,6162
9958,世紀鋼,19,4,15,中國信託-忠孝,2023-10-18,6162
6213,聯茂,15,0,15,中國信託-忠孝,2023-10-18,6162
2457,飛宏,16,2,14,中國信託-忠孝,2023-10-18,6162
2354,鴻準,14,1,13,中國信託-忠孝,2023-10-18,6162
2399,映泰,23,10,13,中國信託-忠孝,2023-10-18,6162
00713,元大台灣高息低波,12,0,12,中國信託-忠孝,2023-10-18,6162
3661,世芯-KY,19,7,12,中國信託-忠孝,2023-10-18,6162
00931B,統一美債20年,643,0,643,中國信託-忠孝,2023-10-19,6162
00637L,元大滬深300正2,560,56,504,中國信託-忠孝,2023-10-19,6162
00900,富邦特選高股息30,354,13,341,中國信託-忠孝,2023-10-19,6162
0056,元大高股息,244,18,226,中國信託-忠孝,2023-10-19,6162
00878,國泰永續高股息,161,7,154,中國信託-忠孝,2023-10-19,6162
00919,群益台灣精選高息,144,2,142,中國信託-忠孝,2023-10-19,6162
00753L,中信中國50正2,98,0,98,中國信託-忠孝,2023-10-19,6162
1101,台泥,66,2,64,中國信託-忠孝,2023-10-19,6162
2845,遠東銀,64,0,64,中國信託-忠孝,2023-10-19,6162
00882,中信中國高股息,63,0,63,中國信託-忠孝,2023-10-19,6162
00933B,國泰10Y+金融債,61,0,61,中國信託-忠孝,2023-10-19,6162
00679B,元大美債20年,68,10,58,中國信託-忠孝,2023-10-19,6162
00687B,國泰20年美債,83,25,58,中國信託-忠孝,2023-10-19,6162
00929,復華台灣科技優息,125,69,56,中國信託-忠孝,2023-10-19,6162
00772B,中信高評級公司債,57,3,54,中國信託-忠孝,2023-10-19,6162
2615,萬海,52,0,52,中國信託-忠孝,2023-10-19,6162
00719B,元大美債1-3,50,0,50,中國信託-忠孝,2023-10-19,6162
4938,和碩,50,1,49,中國信託-忠孝,2023-10-19,6162
00680L,元大美債20正2,48,0,48,中國信託-忠孝,2023-10-19,6162
1305,華夏,45,0,45,中國信託-忠孝,2023-10-19,6162
00751B,元大AAA至A公司債,42,0,42,中國信託-忠孝,2023-10-19,6162
00632R,元大台灣50反1,50,8,42,中國信託-忠孝,2023-10-19,6162
6214,精誠,40,0,40,中國信託-忠孝,2023-10-19,6162
00722B,群益投資級電信債,38,0,38,中國信託-忠孝,2023-10-19,6162
00795B,中信美國公債20年,37,0,37,中國信託-忠孝,2023-10-19,6162
2816,旺旺保,38,4,34,中國信託-忠孝,2023-10-19,6162
2538,基泰,33,0,33,中國信託-忠孝,2023-10-19,6162
2317,鴻海,32,1,31,中國信託-忠孝,2023-10-19,6162
6237,驊訊,44,13,31,中國信託-忠孝,2023-10-19,6162
6276,安鈦克,42,12,30,中國信託-忠孝,2023-10-19,6162
3260,威剛,71,41,30,中國信託-忠孝,2023-10-19,6162
6732,昇佳電子,32,3,29,中國信託-忠孝,2023-10-19,6162
00893,國泰智能電動車,27,0,27,中國信託-忠孝,2023-10-19,6162
2884,玉山金,26,0,26,中國信託-忠孝,2023-10-19,6162
00712,復華富時不動產,38,12,26,中國信託-忠孝,2023-10-19,6162
00665L,富邦�琤肭磪囓�2,26,0,26,中國信託-忠孝,2023-10-19,6162
2102,泰豐,24,0,24,中國信託-忠孝,2023-10-19,6162
00922,國泰台灣領袖50,22,1,21,中國信託-忠孝,2023-10-19,6162
3045,台灣大,20,0,20,中國信託-忠孝,2023-10-19,6162
00650L,復華香港正2,20,0,20,中國信託-忠孝,2023-10-19,6162
6139,亞翔,39,19,20,中國信託-忠孝,2023-10-19,6162
2329,華泰,20,1,19,中國信託-忠孝,2023-10-19,6162
8210,勤誠,26,8,18,中國信託-忠孝,2023-10-19,6162
00655L,國泰中國A50正2,18,0,18,中國信託-忠孝,2023-10-19,6162
4128,中天,23,6,17,中國信託-忠孝,2023-10-19,6162
00661,元大日經225,17,0,17,中國信託-忠孝,2023-10-19,6162
8299,群聯,20,3,17,中國信託-忠孝,2023-10-19,6162
2618,長榮航,15,0,15,中國信託-忠孝,2023-10-19,6162
2438,翔耀,17,3,14,中國信託-忠孝,2023-10-19,6162
1742,台蠟,13,0,13,中國信託-忠孝,2023-10-19,6162
00712,復華富時不動產,193,9,184,中國信託-忠孝,2023-10-20,6162
00878,國泰永續高股息,199,19,180,中國信託-忠孝,2023-10-20,6162
0056,元大高股息,154,5,149,中國信託-忠孝,2023-10-20,6162
00919,群益台灣精選高息,119,1,118,中國信託-忠孝,2023-10-20,6162
00734B,台新JPM新興債,120,6,114,中國信託-忠孝,2023-10-20,6162
2888,新光金,109,0,109,中國信託-忠孝,2023-10-20,6162
6214,精誠,100,0,100,中國信託-忠孝,2023-10-20,6162
2534,宏盛,220,126,94,中國信託-忠孝,2023-10-20,6162
00679B,元大美債20年,65,3,62,中國信託-忠孝,2023-10-20,6162
2355,敬鵬,61,0,61,中國信託-忠孝,2023-10-20,6162
00687B,國泰20年美債,58,0,58,中國信託-忠孝,2023-10-20,6162
2002,中鋼,56,0,56,中國信託-忠孝,2023-10-20,6162
00929,復華台灣科技優息,160,104,56,中國信託-忠孝,2023-10-20,6162
00933B,國泰10Y+金融債,47,0,47,中國信託-忠孝,2023-10-20,6162
2610,華航,58,12,46,中國信託-忠孝,2023-10-20,6162
2404,漢唐,40,0,40,中國信託-忠孝,2023-10-20,6162
00772B,中信高評級公司債,38,0,38,中國信託-忠孝,2023-10-20,6162
2812,台中銀,48,10,38,中國信託-忠孝,2023-10-20,6162
00753L,中信中國50正2,37,0,37,中國信託-忠孝,2023-10-20,6162
2402,毅嘉,42,5,37,中國信託-忠孝,2023-10-20,6162
00665L,富邦�琤肭磪囓�2,36,0,36,中國信託-忠孝,2023-10-20,6162
2442,新美齊,31,0,31,中國信託-忠孝,2023-10-20,6162
2211,長榮鋼,29,0,29,中國信託-忠孝,2023-10-20,6162
6419,京晨科,29,0,29,中國信託-忠孝,2023-10-20,6162
2538,基泰,30,2,28,中國信託-忠孝,2023-10-20,6162
00900,富邦特選高股息30,28,0,28,中國信託-忠孝,2023-10-20,6162
00922,國泰台灣領袖50,26,0,26,中國信託-忠孝,2023-10-20,6162
1605,華新,26,1,25,中國信託-忠孝,2023-10-20,6162
2845,遠東銀,25,0,25,中國信託-忠孝,2023-10-20,6162
00795B,中信美國公債20年,28,3,25,中國信託-忠孝,2023-10-20,6162
00715L,期街口布蘭特正2,32,8,24,中國信託-忠孝,2023-10-20,6162
4938,和碩,23,0,23,中國信託-忠孝,2023-10-20,6162
1101,台泥,23,0,23,中國信託-忠孝,2023-10-20,6162
00751B,元大AAA至A公司債,25,3,22,中國信託-忠孝,2023-10-20,6162
1785,光洋科,45,24,21,中國信託-忠孝,2023-10-20,6162
2501,國建,20,0,20,中國信託-忠孝,2023-10-20,6162
00834B,第一金金融債10+,20,0,20,中國信託-忠孝,2023-10-20,6162
6233,旺玖,20,0,20,中國信託-忠孝,2023-10-20,6162
5439,高技,24,5,19,中國信託-忠孝,2023-10-20,6162
2881,富邦金,19,0,19,中國信託-忠孝,2023-10-20,6162
1560,中砂,44,26,18,中國信託-忠孝,2023-10-20,6162
6770,力積電,17,0,17,中國信託-忠孝,2023-10-20,6162
00885,富邦越南,17,1,16,中國信託-忠孝,2023-10-20,6162
2303,聯電,39,24,15,中國信託-忠孝,2023-10-20,6162
6213,聯茂,37,22,15,中國信託-忠孝,2023-10-20,6162
00637L,元大滬深300正2,30,15,15,中國信託-忠孝,2023-10-20,6162
00680L,元大美債20正2,18,3,15,中國信託-忠孝,2023-10-20,6162
00842B,台新美元銀行債,15,0,15,中國信託-忠孝,2023-10-20,6162
1324,地球,26,11,15,中國信託-忠孝,2023-10-20,6162
6231,系微,22,7,15,中國信託-忠孝,2023-10-20,6162
6290,良維,293,0,293,中國信託-忠孝,2023-10-23,6162
00929,復華台灣科技優息,285,1,284,中國信託-忠孝,2023-10-23,6162
8176,智捷,216,0,216,中國信託-忠孝,2023-10-23,6162
00878,國泰永續高股息,155,11,144,中國信託-忠孝,2023-10-23,6162
00712,復華富時不動產,139,2,137,中國信託-忠孝,2023-10-23,6162
2317,鴻海,123,9,114,中國信託-忠孝,2023-10-23,6162
6187,萬潤,120,9,111,中國信託-忠孝,2023-10-23,6162
2305,全友,113,3,110,中國信託-忠孝,2023-10-23,6162
0056,元大高股息,98,12,86,中國信託-忠孝,2023-10-23,6162
00751B,元大AAA至A公司債,74,1,73,中國信託-忠孝,2023-10-23,6162
2610,華航,90,25,65,中國信託-忠孝,2023-10-23,6162
00919,群益台灣精選高息,68,3,65,中國信託-忠孝,2023-10-23,6162
00753L,中信中國50正2,63,0,63,中國信託-忠孝,2023-10-23,6162
00789B,復華公司債A3,61,0,61,中國信託-忠孝,2023-10-23,6162
00931B,統一美債20年,59,0,59,中國信託-忠孝,2023-10-23,6162
3483,力致,60,9,51,中國信託-忠孝,2023-10-23,6162
2515,中工,50,2,48,中國信託-忠孝,2023-10-23,6162
00772B,中信高評級公司債,50,3,47,中國信託-忠孝,2023-10-23,6162
2891,中信金,47,0,47,中國信託-忠孝,2023-10-23,6162
00687B,國泰20年美債,47,0,47,中國信託-忠孝,2023-10-23,6162
2476,鉅祥,47,1,46,中國信託-忠孝,2023-10-23,6162
2371,大同,50,8,42,中國信託-忠孝,2023-10-23,6162
2201,裕隆,44,2,42,中國信託-忠孝,2023-10-23,6162
00720B,元大投資級公司債,41,1,40,中國信託-忠孝,2023-10-23,6162
2379,瑞昱,66,29,37,中國信託-忠孝,2023-10-23,6162
2816,旺旺保,36,1,35,中國信託-忠孝,2023-10-23,6162
9945,潤泰新,30,0,30,中國信託-忠孝,2023-10-23,6162
5439,高技,31,1,30,中國信託-忠孝,2023-10-23,6162
6139,亞翔,44,15,29,中國信託-忠孝,2023-10-23,6162
00679B,元大美債20年,28,1,27,中國信託-忠孝,2023-10-23,6162
00922,國泰台灣領袖50,27,0,27,中國信託-忠孝,2023-10-23,6162
00637L,元大滬深300正2,28,2,26,中國信託-忠孝,2023-10-23,6162
2243,宏旭-KY,25,0,25,中國信託-忠孝,2023-10-23,6162
2425,承啟,47,22,25,中國信託-忠孝,2023-10-23,6162
00713,元大台灣高息低波,26,2,24,中國信託-忠孝,2023-10-23,6162
00795B,中信美國公債20年,36,13,23,中國信託-忠孝,2023-10-23,6162
00650L,復華香港正2,20,0,20,中國信託-忠孝,2023-10-23,6162
00671R,富邦NASDAQ反1,20,0,20,中國信託-忠孝,2023-10-23,6162
6573,虹揚-KY,22,2,20,中國信託-忠孝,2023-10-23,6162
8069,元太,22,5,17,中國信託-忠孝,2023-10-23,6162
5880,合庫金,17,0,17,中國信託-忠孝,2023-10-23,6162
1742,台蠟,16,0,16,中國信託-忠孝,2023-10-23,6162
1460,宏遠,17,2,15,中國信託-忠孝,2023-10-23,6162
00715L,期街口布蘭特正2,26,12,14,中國信託-忠孝,2023-10-23,6162
00893,國泰智能電動車,16,2,14,中國信託-忠孝,2023-10-23,6162
8150,南茂,23,10,13,中國信託-忠孝,2023-10-23,6162
6441,廣錠,13,0,13,中國信託-忠孝,2023-10-23,6162
2886,兆豐金,12,0,12,中國信託-忠孝,2023-10-23,6162
0050,元大台灣50,12,0,12,中國信託-忠孝,2023-10-23,6162
1216,統一,11,0,11,中國信託-忠孝,2023-10-23,6162
00688L,國泰20年美債正2,1001,5,996,中國信託-忠孝,2023-10-24,6162
3078,僑威,295,61,234,中國信託-忠孝,2023-10-24,6162
00929,復華台灣科技優息,253,53,200,中國信託-忠孝,2023-10-24,6162
6150,撼訊,159,19,140,中國信託-忠孝,2023-10-24,6162
00878,國泰永續高股息,156,16,140,中國信託-忠孝,2023-10-24,6162
00680L,元大美債20正2,134,5,129,中國信託-忠孝,2023-10-24,6162
00712,復華富時不動產,127,7,120,中國信託-忠孝,2023-10-24,6162
6290,良維,115,1,114,中國信託-忠孝,2023-10-24,6162
00637L,元大滬深300正2,112,5,107,中國信託-忠孝,2023-10-24,6162
00706L,期元大S＆P日圓正2,100,0,100,中國信託-忠孝,2023-10-24,6162
1314,中石化,100,5,95,中國信託-忠孝,2023-10-24,6162
2317,鴻海,131,42,89,中國信託-忠孝,2023-10-24,6162
2363,矽統,94,38,56,中國信託-忠孝,2023-10-24,6162
00933B,國泰10Y+金融債,54,0,54,中國信託-忠孝,2023-10-24,6162
00715L,期街口布蘭特正2,41,1,40,中國信託-忠孝,2023-10-24,6162
2745,五福,40,0,40,中國信託-忠孝,2023-10-24,6162
2462,良得電,30,1,29,中國信託-忠孝,2023-10-24,6162
00665L,富邦�琤肭磪囓�2,28,0,28,中國信託-忠孝,2023-10-24,6162
00679B,元大美債20年,26,0,26,中國信託-忠孝,2023-10-24,6162
3704,合勤控,27,2,25,中國信託-忠孝,2023-10-24,6162
00919,群益台灣精選高息,36,13,23,中國信託-忠孝,2023-10-24,6162
2002,中鋼,23,1,22,中國信託-忠孝,2023-10-24,6162
00772B,中信高評級公司債,21,0,21,中國信託-忠孝,2023-10-24,6162
2369,菱生,53,34,19,中國信託-忠孝,2023-10-24,6162
00902,中信電池及儲能,18,0,18,中國信託-忠孝,2023-10-24,6162
3376,新日興,16,0,16,中國信託-忠孝,2023-10-24,6162
1815,富喬,24,8,16,中國信託-忠孝,2023-10-24,6162
4755,三福化,16,0,16,中國信託-忠孝,2023-10-24,6162
1101,台泥,15,0,15,中國信託-忠孝,2023-10-24,6162
00922,國泰台灣領袖50,15,0,15,中國信託-忠孝,2023-10-24,6162
3234,光環,15,1,14,中國信託-忠孝,2023-10-24,6162
2891,中信金,14,0,14,中國信託-忠孝,2023-10-24,6162
2464,盟立,14,0,14,中國信託-忠孝,2023-10-24,6162
3041,揚智,52,38,14,中國信託-忠孝,2023-10-24,6162
2231,為升,15,1,14,中國信託-忠孝,2023-10-24,6162
00655L,國泰中國A50正2,13,0,13,中國信託-忠孝,2023-10-24,6162
6168,宏齊,35,22,13,中國信託-忠孝,2023-10-24,6162
0050,元大台灣50,14,1,13,中國信託-忠孝,2023-10-24,6162
2454,聯發科,15,3,12,中國信託-忠孝,2023-10-24,6162
5258,虹堡,22,10,12,中國信託-忠孝,2023-10-24,6162
2534,宏盛,603,592,11,中國信託-忠孝,2023-10-24,6162
00923,群益台ESG低碳50,10,0,10,中國信託-忠孝,2023-10-24,6162
4113,聯上,10,0,10,中國信託-忠孝,2023-10-24,6162
2538,基泰,10,0,10,中國信託-忠孝,2023-10-24,6162
2816,旺旺保,11,1,10,中國信託-忠孝,2023-10-24,6162
3006,晶豪科,18,8,10,中國信託-忠孝,2023-10-24,6162
00753L,中信中國50正2,10,0,10,中國信託-忠孝,2023-10-24,6162
6901,鑽石投資,10,0,10,中國信託-忠孝,2023-10-24,6162
2458,義隆,22,12,10,中國信託-忠孝,2023-10-24,6162
00650L,復華香港正2,10,0,10,中國信託-忠孝,2023-10-24,6162
6770,力積電,1001,3,998,中國信託-忠孝,2023-10-25,6162
2344,華邦電,199,1,198,中國信託-忠孝,2023-10-25,6162
3693,營邦,170,14,156,中國信託-忠孝,2023-10-25,6162
00712,復華富時不動產,106,0,106,中國信託-忠孝,2023-10-25,6162
00919,群益台灣精選高息,104,0,104,中國信託-忠孝,2023-10-25,6162
1402,遠東新,100,0,100,中國信託-忠孝,2023-10-25,6162
6257,矽格,65,8,57,中國信託-忠孝,2023-10-25,6162
3231,緯創,111,63,48,中國信託-忠孝,2023-10-25,6162
00878,國泰永續高股息,59,12,47,中國信託-忠孝,2023-10-25,6162
6139,亞翔,78,34,44,中國信託-忠孝,2023-10-25,6162
6290,良維,79,36,43,中國信託-忠孝,2023-10-25,6162
00715L,期街口布蘭特正2,41,0,41,中國信託-忠孝,2023-10-25,6162
0056,元大高股息,58,19,39,中國信託-忠孝,2023-10-25,6162
2356,英業達,65,30,35,中國信託-忠孝,2023-10-25,6162
2538,基泰,32,0,32,中國信託-忠孝,2023-10-25,6162
2618,長榮航,35,3,32,中國信託-忠孝,2023-10-25,6162
6229,研通,30,0,30,中國信託-忠孝,2023-10-25,6162
00902,中信電池及儲能,32,2,30,中國信託-忠孝,2023-10-25,6162
2317,鴻海,50,20,30,中國信託-忠孝,2023-10-25,6162
2534,宏盛,28,0,28,中國信託-忠孝,2023-10-25,6162
3035,智原,32,9,23,中國信託-忠孝,2023-10-25,6162
1524,耿鼎,75,52,23,中國信託-忠孝,2023-10-25,6162
3037,欣興,28,7,21,中國信託-忠孝,2023-10-25,6162
4979,華星光,32,11,21,中國信託-忠孝,2023-10-25,6162
3047,訊舟,20,0,20,中國信託-忠孝,2023-10-25,6162
1809,中釉,20,0,20,中國信託-忠孝,2023-10-25,6162
4908,前鼎,37,17,20,中國信託-忠孝,2023-10-25,6162
3014,聯陽,25,7,18,中國信託-忠孝,2023-10-25,6162
00931B,統一美債20年,17,0,17,中國信託-忠孝,2023-10-25,6162
2329,華泰,29,12,17,中國信託-忠孝,2023-10-25,6162
6152,百一,26,10,16,中國信託-忠孝,2023-10-25,6162
00830,國泰費城半導體,15,0,15,中國信託-忠孝,2023-10-25,6162
1612,宏泰,15,0,15,中國信託-忠孝,2023-10-25,6162
3060,銘異,14,0,14,中國信託-忠孝,2023-10-25,6162
1584,精剛,16,3,13,中國信託-忠孝,2023-10-25,6162
1514,亞力,39,26,13,中國信託-忠孝,2023-10-25,6162
00679B,元大美債20年,12,0,12,中國信託-忠孝,2023-10-25,6162
00885,富邦越南,12,0,12,中國信託-忠孝,2023-10-25,6162
2362,藍天,10,0,10,中國信託-忠孝,2023-10-25,6162
2417,圓剛,10,0,10,中國信託-忠孝,2023-10-25,6162
6146,耕興,10,0,10,中國信託-忠孝,2023-10-25,6162
2607,榮運,10,0,10,中國信託-忠孝,2023-10-25,6162
4960,誠美材,15,5,10,中國信託-忠孝,2023-10-25,6162
6683,雍智科技,10,0,10,中國信託-忠孝,2023-10-25,6162
6657,華安,10,0,10,中國信託-忠孝,2023-10-25,6162
2301,光寶科,11,2,9,中國信託-忠孝,2023-10-25,6162
2337,旺宏,74,65,9,中國信託-忠孝,2023-10-25,6162
00680L,元大美債20正2,24,15,9,中國信託-忠孝,2023-10-25,6162
8088,品安,12,3,9,中國信託-忠孝,2023-10-25,6162
6441,廣錠,9,0,9,中國信託-忠孝,2023-10-25,6162
00632R,元大台灣50反1,705,35,670,中國信託-忠孝,2023-10-26,6162
2344,華邦電,277,12,265,中國信託-忠孝,2023-10-26,6162
00878,國泰永續高股息,208,30,178,中國信託-忠孝,2023-10-26,6162
00929,復華台灣科技優息,368,217,151,中國信託-忠孝,2023-10-26,6162
00680L,元大美債20正2,118,0,118,中國信託-忠孝,2023-10-26,6162
00712,復華富時不動產,104,4,100,中國信託-忠孝,2023-10-26,6162
00665L,富邦�琤肭磪囓�2,94,0,94,中國信託-忠孝,2023-10-26,6162
2816,旺旺保,104,18,86,中國信託-忠孝,2023-10-26,6162
0056,元大高股息,76,1,75,中國信託-忠孝,2023-10-26,6162
00893,國泰智能電動車,78,4,74,中國信託-忠孝,2023-10-26,6162
00902,中信電池及儲能,70,0,70,中國信託-忠孝,2023-10-26,6162
2303,聯電,87,18,69,中國信託-忠孝,2023-10-26,6162
00885,富邦越南,69,0,69,中國信託-忠孝,2023-10-26,6162
00720B,元大投資級公司債,68,0,68,中國信託-忠孝,2023-10-26,6162
0050,元大台灣50,62,0,62,中國信託-忠孝,2023-10-26,6162
00895,富邦未來車,62,0,62,中國信託-忠孝,2023-10-26,6162
00919,群益台灣精選高息,61,0,61,中國信託-忠孝,2023-10-26,6162
2369,菱生,61,1,60,中國信託-忠孝,2023-10-26,6162
00687B,國泰20年美債,58,0,58,中國信託-忠孝,2023-10-26,6162
9105,泰金寶-DR,56,0,56,中國信託-忠孝,2023-10-26,6162
00933B,國泰10Y+金融債,53,0,53,中國信託-忠孝,2023-10-26,6162
2534,宏盛,52,0,52,中國信託-忠孝,2023-10-26,6162
5258,虹堡,99,52,47,中國信託-忠孝,2023-10-26,6162
00931B,統一美債20年,43,0,43,中國信託-忠孝,2023-10-26,6162
00679B,元大美債20年,43,0,43,中國信託-忠孝,2023-10-26,6162
1609,大亞,41,0,41,中國信託-忠孝,2023-10-26,6162
00637L,元大滬深300正2,52,12,40,中國信託-忠孝,2023-10-26,6162
00922,國泰台灣領袖50,37,1,36,中國信託-忠孝,2023-10-26,6162
2382,廣達,51,20,31,中國信託-忠孝,2023-10-26,6162
2330,台積電,33,1,32,中國信託-忠孝,2023-10-26,6162
6651,全宇昕,30,0,30,中國信託-忠孝,2023-10-26,6162
6243,迅杰,49,20,29,中國信託-忠孝,2023-10-26,6162
006208,富邦台50,30,2,28,中國信託-忠孝,2023-10-26,6162
2337,旺宏,29,2,27,中國信託-忠孝,2023-10-26,6162
3231,緯創,124,97,27,中國信託-忠孝,2023-10-26,6162
4755,三福化,26,0,26,中國信託-忠孝,2023-10-26,6162
2880,華南金,26,1,25,中國信託-忠孝,2023-10-26,6162
00692,富邦公司治理,25,0,25,中國信託-忠孝,2023-10-26,6162
2888,新光金,25,0,25,中國信託-忠孝,2023-10-26,6162
2538,基泰,25,3,22,中國信託-忠孝,2023-10-26,6162
2376,技嘉,44,24,20,中國信託-忠孝,2023-10-26,6162
3290,東浦,25,5,20,中國信託-忠孝,2023-10-26,6162
2105,正新,20,0,20,中國信託-忠孝,2023-10-26,6162
2886,兆豐金,18,0,18,中國信託-忠孝,2023-10-26,6162
2515,中工,18,0,18,中國信託-忠孝,2023-10-26,6162
2371,大同,22,4,18,中國信託-忠孝,2023-10-26,6162
2201,裕隆,18,1,17,中國信託-忠孝,2023-10-26,6162
00900,富邦特選高股息30,17,0,17,中國信託-忠孝,2023-10-26,6162
00751B,元大AAA至A公司債,18,2,16,中國信託-忠孝,2023-10-26,6162
2884,玉山金,16,1,15,中國信託-忠孝,2023-10-26,6162
6290,良維,226,31,195,中國信託-忠孝,2023-10-27,6162
00637L,元大滬深300正2,205,65,140,中國信託-忠孝,2023-10-27,6162
2344,華邦電,138,0,138,中國信託-忠孝,2023-10-27,6162
00712,復華富時不動產,101,0,101,中國信託-忠孝,2023-10-27,6162
00933B,國泰10Y+金融債,70,0,70,中國信託-忠孝,2023-10-27,6162
2305,全友,58,2,56,中國信託-忠孝,2023-10-27,6162
9105,泰金寶-DR,54,2,52,中國信託-忠孝,2023-10-27,6162
3276,宇環,121,70,51,中國信託-忠孝,2023-10-27,6162
00757,統一FANG+,50,0,50,中國信託-忠孝,2023-10-27,6162
00632R,元大台灣50反1,100,50,50,中國信託-忠孝,2023-10-27,6162
2538,基泰,49,1,48,中國信託-忠孝,2023-10-27,6162
2634,漢翔,47,0,47,中國信託-忠孝,2023-10-27,6162
4979,華星光,72,30,42,中國信託-忠孝,2023-10-27,6162
5521,工信,34,0,34,中國信託-忠孝,2023-10-27,6162
2303,聯電,38,4,34,中國信託-忠孝,2023-10-27,6162
3715,定穎投控,112,79,33,中國信託-忠孝,2023-10-27,6162
2816,旺旺保,35,3,32,中國信託-忠孝,2023-10-27,6162
2317,鴻海,35,4,31,中國信託-忠孝,2023-10-27,6162
00719B,元大美債1-3,27,0,27,中國信託-忠孝,2023-10-27,6162
3290,東浦,28,2,26,中國信託-忠孝,2023-10-27,6162
2363,矽統,26,6,20,中國信託-忠孝,2023-10-27,6162
00919,群益台灣精選高息,23,3,20,中國信託-忠孝,2023-10-27,6162
2534,宏盛,20,0,20,中國信託-忠孝,2023-10-27,6162
8358,金居,25,6,19,中國信託-忠孝,2023-10-27,6162
00720B,元大投資級公司債,19,0,19,中國信託-忠孝,2023-10-27,6162
4908,前鼎,33,16,17,中國信託-忠孝,2023-10-27,6162
8085,福華,15,0,15,中國信託-忠孝,2023-10-27,6162
00878,國泰永續高股息,43,29,14,中國信託-忠孝,2023-10-27,6162
3483,力致,21,7,14,中國信託-忠孝,2023-10-27,6162
00885,富邦越南,15,2,13,中國信託-忠孝,2023-10-27,6162
2337,旺宏,14,1,13,中國信託-忠孝,2023-10-27,6162
2382,廣達,40,28,12,中國信託-忠孝,2023-10-27,6162
2454,聯發科,12,0,12,中國信託-忠孝,2023-10-27,6162
6188,廣明,11,0,11,中國信託-忠孝,2023-10-27,6162
2409,友達,16,5,11,中國信託-忠孝,2023-10-27,6162
2362,藍天,10,0,10,中國信託-忠孝,2023-10-27,6162
5009,榮剛,13,3,10,中國信託-忠孝,2023-10-27,6162
4157,太景*-KY,10,0,10,中國信託-忠孝,2023-10-27,6162
3260,威剛,15,5,10,中國信託-忠孝,2023-10-27,6162
6651,全宇昕,11,1,10,中國信託-忠孝,2023-10-27,6162
6279,胡連,10,0,10,中國信託-忠孝,2023-10-27,6162
0056,元大高股息,11,1,10,中國信託-忠孝,2023-10-27,6162
2002,中鋼,11,1,10,中國信託-忠孝,2023-10-27,6162
8924,大田,9,0,9,中國信託-忠孝,2023-10-27,6162
00688L,國泰20年美債正2,8,0,8,中國信託-忠孝,2023-10-27,6162
5439,高技,28,20,8,中國信託-忠孝,2023-10-27,6162
5706,鳳凰,10,2,8,中國信託-忠孝,2023-10-27,6162
00679B,元大美債20年,7,0,7,中國信託-忠孝,2023-10-27,6162
6531,愛普*,13,6,7,中國信託-忠孝,2023-10-27,6162
6183,關貿,7,0,7,中國信託-忠孝,2023-10-27,6162
2317,鴻海,118,20,98,中國信託-忠孝,2023-10-30,6162
2356,英業達,144,64,80,中國信託-忠孝,2023-10-30,6162
00632R,元大台灣50反1,60,0,60,中國信託-忠孝,2023-10-30,6162
2881,富邦金,59,3,56,中國信託-忠孝,2023-10-30,6162
2390,云辰,62,10,52,中國信託-忠孝,2023-10-30,6162
00712,復華富時不動產,46,2,44,中國信託-忠孝,2023-10-30,6162
4938,和碩,42,0,42,中國信託-忠孝,2023-10-30,6162
8054,安國,92,53,39,中國信託-忠孝,2023-10-30,6162
2421,建準,30,0,30,中國信託-忠孝,2023-10-30,6162
6117,迎廣,73,44,29,中國信託-忠孝,2023-10-30,6162
00902,中信電池及儲能,28,0,28,中國信託-忠孝,2023-10-30,6162
4113,聯上,25,0,25,中國信託-忠孝,2023-10-30,6162
3221,台嘉碩,25,0,25,中國信託-忠孝,2023-10-30,6162
00878,國泰永續高股息,34,11,23,中國信託-忠孝,2023-10-30,6162
2485,兆赫,156,133,23,中國信託-忠孝,2023-10-30,6162
00720B,元大投資級公司債,22,0,22,中國信託-忠孝,2023-10-30,6162
1101,台泥,21,0,21,中國信託-忠孝,2023-10-30,6162
6139,亞翔,28,7,21,中國信託-忠孝,2023-10-30,6162
1210,大成,21,0,21,中國信託-忠孝,2023-10-30,6162
2884,玉山金,23,2,21,中國信託-忠孝,2023-10-30,6162
00919,群益台灣精選高息,26,7,19,中國信託-忠孝,2023-10-30,6162
2059,川湖,18,1,17,中國信託-忠孝,2023-10-30,6162
1785,光洋科,21,4,17,中國信託-忠孝,2023-10-30,6162
2417,圓剛,20,3,17,中國信託-忠孝,2023-10-30,6162
4960,誠美材,18,2,16,中國信託-忠孝,2023-10-30,6162
2618,長榮航,18,2,16,中國信託-忠孝,2023-10-30,6162
2887,台新金,19,3,16,中國信託-忠孝,2023-10-30,6162
2888,新光金,15,0,15,中國信託-忠孝,2023-10-30,6162
2515,中工,25,10,15,中國信託-忠孝,2023-10-30,6162
2230,泰茂,15,0,15,中國信託-忠孝,2023-10-30,6162
0056,元大高股息,20,5,15,中國信託-忠孝,2023-10-30,6162
3481,群創,18,3,15,中國信託-忠孝,2023-10-30,6162
0050,元大台灣50,16,3,13,中國信託-忠孝,2023-10-30,6162
00679B,元大美債20年,26,13,13,中國信託-忠孝,2023-10-30,6162
2610,華航,14,1,13,中國信託-忠孝,2023-10-30,6162
00687B,國泰20年美債,12,0,12,中國信託-忠孝,2023-10-30,6162
3034,聯詠,18,6,12,中國信託-忠孝,2023-10-30,6162
6492,生華科,17,6,11,中國信託-忠孝,2023-10-30,6162
6113,亞矽,11,0,11,中國信託-忠孝,2023-10-30,6162
00673R,期元大S＆P原油反1,11,0,11,中國信託-忠孝,2023-10-30,6162
4979,華星光,27,16,11,中國信託-忠孝,2023-10-30,6162
00922,國泰台灣領袖50,11,0,11,中國信託-忠孝,2023-10-30,6162
00931B,統一美債20年,10,0,10,中國信託-忠孝,2023-10-30,6162
00719B,元大美債1-3,10,0,10,中國信託-忠孝,2023-10-30,6162
4763,材料-KY,14,4,10,中國信託-忠孝,2023-10-30,6162
6223,旺矽,10,0,10,中國信託-忠孝,2023-10-30,6162
4934,太極,10,0,10,中國信託-忠孝,2023-10-30,6162
2520,冠德,11,1,10,中國信託-忠孝,2023-10-30,6162
3390,旭軟,10,0,10,中國信託-忠孝,2023-10-30,6162
1313,聯成,10,0,10,中國信託-忠孝,2023-10-30,6162
00929,復華台灣科技優息,409,3,406,中國信託-忠孝,2023-10-31,6162
00878,國泰永續高股息,231,29,202,中國信託-忠孝,2023-10-31,6162
2344,華邦電,164,10,154,中國信託-忠孝,2023-10-31,6162
2538,基泰,235,95,140,中國信託-忠孝,2023-10-31,6162
9945,潤泰新,132,0,132,中國信託-忠孝,2023-10-31,6162
5009,榮剛,103,0,103,中國信託-忠孝,2023-10-31,6162
2317,鴻海,141,61,80,中國信託-忠孝,2023-10-31,6162
2816,旺旺保,70,0,70,中國信託-忠孝,2023-10-31,6162
0056,元大高股息,70,1,69,中國信託-忠孝,2023-10-31,6162
00919,群益台灣精選高息,66,8,58,中國信託-忠孝,2023-10-31,6162
2530,華建,56,0,56,中國信託-忠孝,2023-10-31,6162
00918,大華優利高填息30,53,0,53,中國信託-忠孝,2023-10-31,6162
2886,兆豐金,53,2,51,中國信託-忠孝,2023-10-31,6162
2355,敬鵬,50,2,48,中國信託-忠孝,2023-10-31,6162
6443,元晶,164,118,46,中國信託-忠孝,2023-10-31,6162
00715L,期街口布蘭特正2,44,0,44,中國信託-忠孝,2023-10-31,6162
3576,聯合再生,46,8,38,中國信託-忠孝,2023-10-31,6162
2883,凱基金,56,22,34,中國信託-忠孝,2023-10-31,6162
00712,復華富時不動產,38,8,30,中國信託-忠孝,2023-10-31,6162
2383,台光電,35,6,29,中國信託-忠孝,2023-10-31,6162
00922,國泰台灣領袖50,29,0,29,中國信託-忠孝,2023-10-31,6162
0050,元大台灣50,28,2,26,中國信託-忠孝,2023-10-31,6162
00921,兆豐龍頭等權重,23,0,23,中國信託-忠孝,2023-10-31,6162
00893,國泰智能電動車,23,0,23,中國信託-忠孝,2023-10-31,6162
2201,裕隆,22,1,21,中國信託-忠孝,2023-10-31,6162
1519,華城,27,6,21,中國信託-忠孝,2023-10-31,6162
2609,陽明,22,1,21,中國信託-忠孝,2023-10-31,6162
2329,華泰,30,9,21,中國信託-忠孝,2023-10-31,6162
00692,富邦公司治理,20,0,20,中國信託-忠孝,2023-10-31,6162
00719B,元大美債1-3,20,0,20,中國信託-忠孝,2023-10-31,6162
6527,明達醫,21,1,20,中國信託-忠孝,2023-10-31,6162
00679B,元大美債20年,19,1,18,中國信託-忠孝,2023-10-31,6162
2501,國建,18,0,18,中國信託-忠孝,2023-10-31,6162
3489,森寶,18,0,18,中國信託-忠孝,2023-10-31,6162
2382,廣達,73,56,17,中國信託-忠孝,2023-10-31,6162
2330,台積電,18,1,17,中國信託-忠孝,2023-10-31,6162
2388,威盛,34,18,16,中國信託-忠孝,2023-10-31,6162
2480,敦陽科,16,0,16,中國信託-忠孝,2023-10-31,6162
1815,富喬,19,4,15,中國信託-忠孝,2023-10-31,6162
2363,矽統,27,13,14,中國信託-忠孝,2023-10-31,6162
1721,三晃,14,0,14,中國信託-忠孝,2023-10-31,6162
6111,大宇資,17,3,14,中國信託-忠孝,2023-10-31,6162
2535,達欣工,15,2,13,中國信託-忠孝,2023-10-31,6162
8358,金居,13,0,13,中國信託-忠孝,2023-10-31,6162
4938,和碩,13,1,12,中國信託-忠孝,2023-10-31,6162
00885,富邦越南,11,1,10,中國信託-忠孝,2023-10-31,6162
6283,淳安,10,0,10,中國信託-忠孝,2023-10-31,6162
2303,聯電,12,2,10,中國信託-忠孝,2023-10-31,6162
2409,友達,28,19,9,中國信託-忠孝,2023-10-31,6162
2376,技嘉,30,21,9,中國信託-忠孝,2023-10-31,6162
00878,國泰永續高股息,234,50,184,中國信託-忠孝,2023-11-01,6162
00632R,元大台灣50反1,156,0,156,中國信託-忠孝,2023-11-01,6162
00934,中信成長高股息,254,101,153,中國信託-忠孝,2023-11-01,6162
00706L,期元大S＆P日圓正2,95,0,95,中國信託-忠孝,2023-11-01,6162
00679B,元大美債20年,83,0,83,中國信託-忠孝,2023-11-01,6162
6284,佳邦,78,7,71,中國信託-忠孝,2023-11-01,6162
2501,國建,64,0,64,中國信託-忠孝,2023-11-01,6162
00929,復華台灣科技優息,72,15,57,中國信託-忠孝,2023-11-01,6162
5009,榮剛,50,0,50,中國信託-忠孝,2023-11-01,6162
00712,復華富時不動產,53,4,49,中國信託-忠孝,2023-11-01,6162
6276,安鈦克,48,0,48,中國信託-忠孝,2023-11-01,6162
00751B,元大AAA至A公司債,47,0,47,中國信託-忠孝,2023-11-01,6162
00885,富邦越南,45,10,35,中國信託-忠孝,2023-11-01,6162
2317,鴻海,36,1,35,中國信託-忠孝,2023-11-01,6162
00935,野村臺灣新科技50,29,0,29,中國信託-忠孝,2023-11-01,6162
2610,華航,77,49,28,中國信託-忠孝,2023-11-01,6162
3296,勝德,25,0,25,中國信託-忠孝,2023-11-01,6162
00715L,期街口布蘭特正2,25,0,25,中國信託-忠孝,2023-11-01,6162
4915,致伸,27,4,23,中國信託-忠孝,2023-11-01,6162
2887,台新金,23,1,22,中國信託-忠孝,2023-11-01,6162
2538,基泰,20,0,20,中國信託-忠孝,2023-11-01,6162
2385,群光,20,0,20,中國信託-忠孝,2023-11-01,6162
3532,台勝科,20,1,19,中國信託-忠孝,2023-11-01,6162
00680L,元大美債20正2,42,24,18,中國信託-忠孝,2023-11-01,6162
00933B,國泰10Y+金融債,17,0,17,中國信託-忠孝,2023-11-01,6162
2596,綠意,16,0,16,中國信託-忠孝,2023-11-01,6162
00931B,統一美債20年,13,0,13,中國信託-忠孝,2023-11-01,6162
3715,定穎投控,122,110,12,中國信託-忠孝,2023-11-01,6162
2367,燿華,11,0,11,中國信託-忠孝,2023-11-01,6162
3481,群創,13,2,11,中國信託-忠孝,2023-11-01,6162
3037,欣興,11,0,11,中國信託-忠孝,2023-11-01,6162
00922,國泰台灣領袖50,10,0,10,中國信託-忠孝,2023-11-01,6162
00857B,永豐20年美公債,10,0,10,中國信託-忠孝,2023-11-01,6162
3703,欣陸,10,0,10,中國信託-忠孝,2023-11-01,6162
3176,基亞,10,0,10,中國信託-忠孝,2023-11-01,6162
3338,泰碩,12,2,10,中國信託-忠孝,2023-11-01,6162
1201,味全,10,0,10,中國信託-忠孝,2023-11-01,6162
00719B,元大美債1-3,10,0,10,中國信託-忠孝,2023-11-01,6162
00650L,復華香港正2,10,0,10,中國信託-忠孝,2023-11-01,6162
8150,南茂,10,0,10,中國信託-忠孝,2023-11-01,6162
8277,商丞,10,0,10,中國信託-忠孝,2023-11-01,6162
00655L,國泰中國A50正2,11,2,9,中國信託-忠孝,2023-11-01,6162
2201,裕隆,9,0,9,中國信託-忠孝,2023-11-01,6162
2542,興富發,11,2,9,中國信託-忠孝,2023-11-01,6162
006208,富邦台50,9,0,9,中國信託-忠孝,2023-11-01,6162
3025,星通,12,4,8,中國信託-忠孝,2023-11-01,6162
1314,中石化,10,2,8,中國信託-忠孝,2023-11-01,6162
2886,兆豐金,8,1,7,中國信託-忠孝,2023-11-01,6162
1795,美時,10,3,7,中國信託-忠孝,2023-11-01,6162
2885,元大金,8,1,7,中國信託-忠孝,2023-11-01,6162
2534,宏盛,359,38,321,中國信託-忠孝,2023-11-02,6162
00934,中信成長高股息,158,10,148,中國信託-忠孝,2023-11-02,6162
00661,元大日經225,100,0,100,中國信託-忠孝,2023-11-02,6162
9105,泰金寶-DR,200,103,97,中國信託-忠孝,2023-11-02,6162
3231,緯創,134,45,89,中國信託-忠孝,2023-11-02,6162
00935,野村臺灣新科技50,84,0,84,中國信託-忠孝,2023-11-02,6162
2630,亞航,85,10,75,中國信託-忠孝,2023-11-02,6162
8086,宏捷科,70,5,65,中國信託-忠孝,2023-11-02,6162
5531,鄉林,48,0,48,中國信託-忠孝,2023-11-02,6162
00680L,元大美債20正2,53,10,43,中國信託-忠孝,2023-11-02,6162
3715,定穎投控,156,114,42,中國信託-忠孝,2023-11-02,6162
6139,亞翔,70,35,35,中國信託-忠孝,2023-11-02,6162
00720B,元大投資級公司債,46,14,32,中國信託-忠孝,2023-11-02,6162
2618,長榮航,80,49,31,中國信託-忠孝,2023-11-02,6162
3321,同泰,31,0,31,中國信託-忠孝,2023-11-02,6162
00719B,元大美債1-3,30,0,30,中國信託-忠孝,2023-11-02,6162
6223,旺矽,38,8,30,中國信託-忠孝,2023-11-02,6162
6116,彩晶,30,0,30,中國信託-忠孝,2023-11-02,6162
2538,基泰,75,46,29,中國信託-忠孝,2023-11-02,6162
8112,至上,27,1,26,中國信託-忠孝,2023-11-02,6162
2486,一詮,49,23,26,中國信託-忠孝,2023-11-02,6162
3045,台灣大,25,0,25,中國信託-忠孝,2023-11-02,6162
2385,群光,25,0,25,中國信託-忠孝,2023-11-02,6162
2610,華航,115,91,24,中國信託-忠孝,2023-11-02,6162
00679B,元大美債20年,28,6,22,中國信託-忠孝,2023-11-02,6162
6443,元晶,51,31,20,中國信託-忠孝,2023-11-02,6162
8150,南茂,20,1,19,中國信託-忠孝,2023-11-02,6162
8076,伍豐,18,0,18,中國信託-忠孝,2023-11-02,6162
3221,台嘉碩,17,0,17,中國信託-忠孝,2023-11-02,6162
2399,映泰,26,11,15,中國信託-忠孝,2023-11-02,6162
2645,長榮航太,15,0,15,中國信託-忠孝,2023-11-02,6162
4763,材料-KY,20,5,15,中國信託-忠孝,2023-11-02,6162
6284,佳邦,21,7,14,中國信託-忠孝,2023-11-02,6162
1504,東元,14,0,14,中國信託-忠孝,2023-11-02,6162
1721,三晃,13,0,13,中國信託-忠孝,2023-11-02,6162
2605,新興,13,0,13,中國信託-忠孝,2023-11-02,6162
00715L,期街口布蘭特正2,12,0,12,中國信託-忠孝,2023-11-02,6162
6173,信昌電,12,0,12,中國信託-忠孝,2023-11-02,6162
1313,聯成,11,0,11,中國信託-忠孝,2023-11-02,6162
2324,仁寶,11,0,11,中國信託-忠孝,2023-11-02,6162
00902,中信電池及儲能,11,0,11,中國信託-忠孝,2023-11-02,6162
006208,富邦台50,10,0,10,中國信託-忠孝,2023-11-02,6162
6753,龍德造船,10,0,10,中國信託-忠孝,2023-11-02,6162
00907,永豐優息存股,10,0,10,中國信託-忠孝,2023-11-02,6162
2305,全友,10,1,9,中國信託-忠孝,2023-11-02,6162
00882,中信中國高股息,9,0,9,中國信託-忠孝,2023-11-02,6162
6792,詠業,10,1,9,中國信託-忠孝,2023-11-02,6162
8016,矽創,10,1,9,中國信託-忠孝,2023-11-02,6162
6111,大宇資,11,4,7,中國信託-忠孝,2023-11-02,6162
8210,勤誠,18,11,7,中國信託-忠孝,2023-11-02,6162
2883,凱基金,1021,25,996,中國信託-忠孝,2023-11-03,6162
00929,復華台灣科技優息,173,30,143,中國信託-忠孝,2023-11-03,6162
00934,中信成長高股息,139,23,116,中國信託-忠孝,2023-11-03,6162
2884,玉山金,103,3,100,中國信託-忠孝,2023-11-03,6162
2886,兆豐金,100,5,95,中國信託-忠孝,2023-11-03,6162
2363,矽統,297,205,92,中國信託-忠孝,2023-11-03,6162
00885,富邦越南,81,0,81,中國信託-忠孝,2023-11-03,6162
00679B,元大美債20年,66,1,65,中國信託-忠孝,2023-11-03,6162
1313,聯成,79,20,59,中國信託-忠孝,2023-11-03,6162
2816,旺旺保,66,11,55,中國信託-忠孝,2023-11-03,6162
3231,緯創,88,44,44,中國信託-忠孝,2023-11-03,6162
8086,宏捷科,49,8,41,中國信託-忠孝,2023-11-03,6162
3227,原相,40,0,40,中國信託-忠孝,2023-11-03,6162
00687B,國泰20年美債,46,6,40,中國信託-忠孝,2023-11-03,6162
3481,群創,99,60,39,中國信託-忠孝,2023-11-03,6162
2427,三商電,40,1,39,中國信託-忠孝,2023-11-03,6162
2417,圓剛,47,15,32,中國信託-忠孝,2023-11-03,6162
2230,泰茂,34,2,32,中國信託-忠孝,2023-11-03,6162
00935,野村臺灣新科技50,30,0,30,中國信託-忠孝,2023-11-03,6162
2062,橋椿,30,0,30,中國信託-忠孝,2023-11-03,6162
2409,友達,60,38,22,中國信託-忠孝,2023-11-03,6162
2439,美律,20,0,20,中國信託-忠孝,2023-11-03,6162
00652,富邦印度,20,0,20,中國信託-忠孝,2023-11-03,6162
2317,鴻海,43,25,18,中國信託-忠孝,2023-11-03,6162
00772B,中信高評級公司債,20,4,16,中國信託-忠孝,2023-11-03,6162
5521,工信,15,0,15,中國信託-忠孝,2023-11-03,6162
8076,伍豐,15,0,15,中國信託-忠孝,2023-11-03,6162
6441,廣錠,14,0,14,中國信託-忠孝,2023-11-03,6162
1524,耿鼎,17,3,14,中國信託-忠孝,2023-11-03,6162
3036,文曄,37,24,13,中國信託-忠孝,2023-11-03,6162
3055,蔚華科,69,56,13,中國信託-忠孝,2023-11-03,6162
3596,智易,19,6,13,中國信託-忠孝,2023-11-03,6162
2324,仁寶,14,1,13,中國信託-忠孝,2023-11-03,6162
2313,華通,30,17,13,中國信託-忠孝,2023-11-03,6162
00773B,中信優先金融債,12,0,12,中國信託-忠孝,2023-11-03,6162
3014,聯陽,14,2,12,中國信託-忠孝,2023-11-03,6162
2538,基泰,12,0,12,中國信託-忠孝,2023-11-03,6162
00902,中信電池及儲能,12,0,12,中國信託-忠孝,2023-11-03,6162
00878,國泰永續高股息,137,126,11,中國信託-忠孝,2023-11-03,6162
4960,誠美材,10,0,10,中國信託-忠孝,2023-11-03,6162
2731,雄獅,10,0,10,中國信託-忠孝,2023-11-03,6162
00722B,群益投資級電信債,10,0,10,中國信託-忠孝,2023-11-03,6162
4938,和碩,32,22,10,中國信託-忠孝,2023-11-03,6162
6187,萬潤,12,2,10,中國信託-忠孝,2023-11-03,6162
6538,倉和,46,36,10,中國信託-忠孝,2023-11-03,6162
6715,嘉基,10,0,10,中國信託-忠孝,2023-11-03,6162
8050,廣積,11,1,10,中國信託-忠孝,2023-11-03,6162
1210,大成,10,0,10,中國信託-忠孝,2023-11-03,6162
1802,台玻,10,0,10,中國信託-忠孝,2023-11-03,6162
1101,台泥,16,7,9,中國信託-忠孝,2023-11-03,6162
2029,盛餘,555,0,555,中國信託-忠孝,2023-11-06,6162
2538,基泰,222,0,222,中國信託-忠孝,2023-11-06,6162
00632R,元大台灣50反1,145,10,135,中國信託-忠孝,2023-11-06,6162
00919,群益台灣精選高息,132,14,118,中國信託-忠孝,2023-11-06,6162
6139,亞翔,134,19,115,中國信託-忠孝,2023-11-06,6162
00772B,中信高評級公司債,112,5,107,中國信託-忠孝,2023-11-06,6162
2353,宏��,100,3,97,中國信託-忠孝,2023-11-06,6162
5355,佳總,96,0,96,中國信託-忠孝,2023-11-06,6162
00751B,元大AAA至A公司債,80,1,79,中國信託-忠孝,2023-11-06,6162
2427,三商電,75,2,73,中國信託-忠孝,2023-11-06,6162
00706L,期元大S＆P日圓正2,67,0,67,中國信託-忠孝,2023-11-06,6162
2534,宏盛,67,0,67,中國信託-忠孝,2023-11-06,6162
2486,一詮,73,8,65,中國信託-忠孝,2023-11-06,6162
1455,集盛,50,1,49,中國信託-忠孝,2023-11-06,6162
2884,玉山金,51,4,47,中國信託-忠孝,2023-11-06,6162
2211,長榮鋼,47,0,47,中國信託-忠孝,2023-11-06,6162
1305,華夏,46,2,44,中國信託-忠孝,2023-11-06,6162
5469,瀚宇博,40,0,40,中國信託-忠孝,2023-11-06,6162
2062,橋椿,40,0,40,中國信託-忠孝,2023-11-06,6162
00652,富邦印度,30,0,30,中國信託-忠孝,2023-11-06,6162
1313,聯成,30,0,30,中國信託-忠孝,2023-11-06,6162
2363,矽統,178,149,29,中國信託-忠孝,2023-11-06,6162
00687B,國泰20年美債,32,4,28,中國信託-忠孝,2023-11-06,6162
2618,長榮航,75,47,28,中國信託-忠孝,2023-11-06,6162
00720B,元大投資級公司債,29,2,27,中國信託-忠孝,2023-11-06,6162
3094,聯傑,71,45,26,中國信託-忠孝,2023-11-06,6162
2405,輔信,25,0,25,中國信託-忠孝,2023-11-06,6162
0056,元大高股息,44,21,23,中國信託-忠孝,2023-11-06,6162
1216,統一,22,0,22,中國信託-忠孝,2023-11-06,6162
00679B,元大美債20年,21,0,21,中國信託-忠孝,2023-11-06,6162
00934,中信成長高股息,46,25,21,中國信託-忠孝,2023-11-06,6162
3050,鈺德,20,0,20,中國信託-忠孝,2023-11-06,6162
2609,陽明,26,7,19,中國信託-忠孝,2023-11-06,6162
2388,威盛,177,158,19,中國信託-忠孝,2023-11-06,6162
2014,中鴻,20,2,18,中國信託-忠孝,2023-11-06,6162
8110,華東,20,2,18,中國信託-忠孝,2023-11-06,6162
6770,力積電,24,8,16,中國信託-忠孝,2023-11-06,6162
1789,神隆,15,0,15,中國信託-忠孝,2023-11-06,6162
2603,長榮,22,7,15,中國信託-忠孝,2023-11-06,6162
6443,元晶,15,0,15,中國信託-忠孝,2023-11-06,6162
3037,欣興,17,3,14,中國信託-忠孝,2023-11-06,6162
00722B,群益投資級電信債,15,1,14,中國信託-忠孝,2023-11-06,6162
3221,台嘉碩,15,1,14,中國信託-忠孝,2023-11-06,6162
2439,美律,16,2,14,中國信託-忠孝,2023-11-06,6162
3231,緯創,68,54,14,中國信託-忠孝,2023-11-06,6162
4542,科嶠,13,0,13,中國信託-忠孝,2023-11-06,6162
6117,迎廣,36,23,13,中國信託-忠孝,2023-11-06,6162
8086,宏捷科,23,10,13,中國信託-忠孝,2023-11-06,6162
3045,台灣大,12,0,12,中國信託-忠孝,2023-11-06,6162
2605,新興,12,0,12,中國信託-忠孝,2023-11-06,6162
2344,華邦電,197,28,169,中國信託-忠孝,2023-11-07,6162
8110,華東,140,20,120,中國信託-忠孝,2023-11-07,6162
00637L,元大滬深300正2,105,3,102,中國信託-忠孝,2023-11-07,6162
00878,國泰永續高股息,77,6,71,中國信託-忠孝,2023-11-07,6162
6901,鑽石投資,77,7,70,中國信託-忠孝,2023-11-07,6162
00712,復華富時不動產,68,2,66,中國信託-忠孝,2023-11-07,6162
00706L,期元大S＆P日圓正2,55,0,55,中國信託-忠孝,2023-11-07,6162
2352,佳世達,58,11,47,中國信託-忠孝,2023-11-07,6162
1305,華夏,46,1,45,中國信託-忠孝,2023-11-07,6162
2317,鴻海,45,2,43,中國信託-忠孝,2023-11-07,6162
2486,一詮,41,5,36,中國信託-忠孝,2023-11-07,6162
00934,中信成長高股息,38,2,36,中國信託-忠孝,2023-11-07,6162
2204,中華,30,0,30,中國信託-忠孝,2023-11-07,6162
2313,華通,34,5,29,中國信託-忠孝,2023-11-07,6162
2401,凌陽,74,47,27,中國信託-忠孝,2023-11-07,6162
3221,台嘉碩,39,12,27,中國信託-忠孝,2023-11-07,6162
2002,中鋼,27,0,27,中國信託-忠孝,2023-11-07,6162
2388,威盛,40,15,25,中國信託-忠孝,2023-11-07,6162
4960,誠美材,24,0,24,中國信託-忠孝,2023-11-07,6162
3363,上詮,24,0,24,中國信託-忠孝,2023-11-07,6162
2534,宏盛,22,0,22,中國信託-忠孝,2023-11-07,6162
6290,良維,25,4,21,中國信託-忠孝,2023-11-07,6162
00885,富邦越南,21,0,21,中國信託-忠孝,2023-11-07,6162
00632R,元大台灣50反1,26,5,21,中國信託-忠孝,2023-11-07,6162
1809,中釉,20,0,20,中國信託-忠孝,2023-11-07,6162
2453,凌群,43,23,20,中國信託-忠孝,2023-11-07,6162
3481,群創,22,3,19,中國信託-忠孝,2023-11-07,6162
6166,凌華,19,0,19,中國信託-忠孝,2023-11-07,6162
6690,安�硌穈T,25,6,19,中國信託-忠孝,2023-11-07,6162
6651,全宇昕,18,0,18,中國信託-忠孝,2023-11-07,6162
2743,山富,27,10,17,中國信託-忠孝,2023-11-07,6162
2029,盛餘,30,14,16,中國信託-忠孝,2023-11-07,6162
2305,全友,15,0,15,中國信託-忠孝,2023-11-07,6162
00719B,元大美債1-3,14,0,14,中國信託-忠孝,2023-11-07,6162
2888,新光金,14,0,14,中國信託-忠孝,2023-11-07,6162
00902,中信電池及儲能,25,11,14,中國信託-忠孝,2023-11-07,6162
3231,緯創,84,71,13,中國信託-忠孝,2023-11-07,6162
2884,玉山金,17,4,13,中國信託-忠孝,2023-11-07,6162
4113,聯上,13,0,13,中國信託-忠孝,2023-11-07,6162
00772B,中信高評級公司債,12,0,12,中國信託-忠孝,2023-11-07,6162
3036,文曄,34,22,12,中國信託-忠孝,2023-11-07,6162
2417,圓剛,16,4,12,中國信託-忠孝,2023-11-07,6162
4908,前鼎,16,4,12,中國信託-忠孝,2023-11-07,6162
8069,元太,13,2,11,中國信託-忠孝,2023-11-07,6162
1721,三晃,12,1,11,中國信託-忠孝,2023-11-07,6162
00922,國泰台灣領袖50,13,2,11,中國信託-忠孝,2023-11-07,6162
00680L,元大美債20正2,11,0,11,中國信託-忠孝,2023-11-07,6162
3189,景碩,11,0,11,中國信託-忠孝,2023-11-07,6162
1514,亞力,11,0,11,中國信託-忠孝,2023-11-07,6162
3037,欣興,10,0,10,中國信託-忠孝,2023-11-07,6162
2534,宏盛,387,14,373,中國信託-忠孝,2023-11-08,6162
3049,精金,300,0,300,中國信託-忠孝,2023-11-08,6162
2329,華泰,311,124,187,中國信託-忠孝,2023-11-08,6162
2344,華邦電,197,20,177,中國信託-忠孝,2023-11-08,6162
2382,廣達,200,70,130,中國信託-忠孝,2023-11-08,6162
00936,台新永續高息中小,116,0,116,中國信託-忠孝,2023-11-08,6162
1101,台泥,100,0,100,中國信託-忠孝,2023-11-08,6162
2352,佳世達,64,2,62,中國信託-忠孝,2023-11-08,6162
00706L,期元大S＆P日圓正2,50,0,50,中國信託-忠孝,2023-11-08,6162
2029,盛餘,37,0,37,中國信託-忠孝,2023-11-08,6162
5443,均豪,34,0,34,中國信託-忠孝,2023-11-08,6162
2886,兆豐金,51,18,33,中國信託-忠孝,2023-11-08,6162
2614,東森,40,9,31,中國信託-忠孝,2023-11-08,6162
2062,橋椿,31,0,31,中國信託-忠孝,2023-11-08,6162
2515,中工,32,5,27,中國信託-忠孝,2023-11-08,6162
00931B,統一美債20年,30,5,25,中國信託-忠孝,2023-11-08,6162
00679B,元大美債20年,23,0,23,中國信託-忠孝,2023-11-08,6162
3006,晶豪科,27,5,22,中國信託-忠孝,2023-11-08,6162
2388,威盛,48,27,21,中國信託-忠孝,2023-11-08,6162
1423,利華,20,0,20,中國信託-忠孝,2023-11-08,6162
3624,光頡,20,0,20,中國信託-忠孝,2023-11-08,6162
6139,亞翔,20,1,19,中國信託-忠孝,2023-11-08,6162
6223,旺矽,19,1,18,中國信託-忠孝,2023-11-08,6162
6197,佳必琪,17,0,17,中國信託-忠孝,2023-11-08,6162
2538,基泰,18,1,17,中國信託-忠孝,2023-11-08,6162
3044,健鼎,16,0,16,中國信託-忠孝,2023-11-08,6162
1313,聯成,15,0,15,中國信託-忠孝,2023-11-08,6162
00902,中信電池及儲能,16,1,15,中國信託-忠孝,2023-11-08,6162
8034,榮群,25,11,14,中國信託-忠孝,2023-11-08,6162
5452,佶優,14,0,14,中國信託-忠孝,2023-11-08,6162
5521,工信,15,2,13,中國信託-忠孝,2023-11-08,6162
8046,南電,13,0,13,中國信託-忠孝,2023-11-08,6162
8109,博大,12,0,12,中國信託-忠孝,2023-11-08,6162
1568,倉佑,46,34,12,中國信託-忠孝,2023-11-08,6162
00882,中信中國高股息,14,2,12,中國信託-忠孝,2023-11-08,6162
2303,聯電,44,33,11,中國信託-忠孝,2023-11-08,6162
00934,中信成長高股息,26,15,11,中國信託-忠孝,2023-11-08,6162
2617,台航,11,0,11,中國信託-忠孝,2023-11-08,6162
5351,鈺創,16,5,11,中國信託-忠孝,2023-11-08,6162
00921,兆豐龍頭等權重,11,0,11,中國信託-忠孝,2023-11-08,6162
1815,富喬,46,35,11,中國信託-忠孝,2023-11-08,6162
2845,遠東銀,10,0,10,中國信託-忠孝,2023-11-08,6162
00650L,復華香港正2,10,0,10,中國信託-忠孝,2023-11-08,6162
00674R,期元大S＆P黃金反1,10,0,10,中國信託-忠孝,2023-11-08,6162
00632R,元大台灣50反1,10,0,10,中國信託-忠孝,2023-11-08,6162
8299,群聯,9,0,9,中國信託-忠孝,2023-11-08,6162
2408,南亞科,9,0,9,中國信託-忠孝,2023-11-08,6162
00919,群益台灣精選高息,14,5,9,中國信託-忠孝,2023-11-08,6162
00915,凱基優選高股息30,11,2,9,中國信託-忠孝,2023-11-08,6162
2399,映泰,8,0,8,中國信託-忠孝,2023-11-08,6162
00929,復華台灣科技優息,314,12,302,中國信託-忠孝,2023-11-09,6162
00715L,期街口布蘭特正2,182,0,182,中國信託-忠孝,2023-11-09,6162
2501,國建,150,0,150,中國信託-忠孝,2023-11-09,6162
2534,宏盛,139,0,139,中國信託-忠孝,2023-11-09,6162
2344,華邦電,111,0,111,中國信託-忠孝,2023-11-09,6162
00637L,元大滬深300正2,100,0,100,中國信託-忠孝,2023-11-09,6162
8110,華東,70,0,70,中國信託-忠孝,2023-11-09,6162
00936,台新永續高息中小,68,0,68,中國信託-忠孝,2023-11-09,6162
00902,中信電池及儲能,75,10,65,中國信託-忠孝,2023-11-09,6162
00878,國泰永續高股息,90,26,64,中國信託-忠孝,2023-11-09,6162
2618,長榮航,94,33,61,中國信託-忠孝,2023-11-09,6162
00706L,期元大S＆P日圓正2,60,0,60,中國信託-忠孝,2023-11-09,6162
2820,華票,50,0,50,中國信託-忠孝,2023-11-09,6162
00753L,中信中國50正2,50,0,50,中國信託-忠孝,2023-11-09,6162
2059,川湖,52,11,41,中國信託-忠孝,2023-11-09,6162
00882,中信中國高股息,39,0,39,中國信託-忠孝,2023-11-09,6162
1423,利華,38,0,38,中國信託-忠孝,2023-11-09,6162
8086,宏捷科,47,13,34,中國信託-忠孝,2023-11-09,6162
6830,汎銓,33,0,33,中國信託-忠孝,2023-11-09,6162
00885,富邦越南,41,8,33,中國信託-忠孝,2023-11-09,6162
2641,正德,33,1,32,中國信託-忠孝,2023-11-09,6162
6443,元晶,32,0,32,中國信託-忠孝,2023-11-09,6162
3363,上詮,31,1,30,中國信託-忠孝,2023-11-09,6162
2338,光罩,31,2,29,中國信託-忠孝,2023-11-09,6162
8467,波力-KY,29,0,29,中國信託-忠孝,2023-11-09,6162
5347,世界,30,2,28,中國信託-忠孝,2023-11-09,6162
2356,英業達,114,86,28,中國信託-忠孝,2023-11-09,6162
2352,佳世達,27,4,23,中國信託-忠孝,2023-11-09,6162
00933B,國泰10Y+金融債,22,0,22,中國信託-忠孝,2023-11-09,6162
2515,中工,24,2,22,中國信託-忠孝,2023-11-09,6162
2614,東森,20,0,20,中國信託-忠孝,2023-11-09,6162
00664R,國泰臺灣加權反1,20,0,20,中國信託-忠孝,2023-11-09,6162
0056,元大高股息,19,0,19,中國信託-忠孝,2023-11-09,6162
2353,宏��,21,2,19,中國信託-忠孝,2023-11-09,6162
3594,磐儀,19,0,19,中國信託-忠孝,2023-11-09,6162
3051,力特,17,0,17,中國信託-忠孝,2023-11-09,6162
3704,合勤控,20,3,17,中國信託-忠孝,2023-11-09,6162
5521,工信,16,1,15,中國信託-忠孝,2023-11-09,6162
5439,高技,22,7,15,中國信託-忠孝,2023-11-09,6162
3013,晟銘電,24,10,14,中國信託-忠孝,2023-11-09,6162
2457,飛宏,24,10,14,中國信託-忠孝,2023-11-09,6162
3715,定穎投控,25,11,14,中國信託-忠孝,2023-11-09,6162
2486,一詮,39,26,13,中國信託-忠孝,2023-11-09,6162
00632R,元大台灣50反1,12,0,12,中國信託-忠孝,2023-11-09,6162
6472,保瑞,12,0,12,中國信託-忠孝,2023-11-09,6162
8358,金居,13,1,12,中國信託-忠孝,2023-11-09,6162
5321,美而快,19,7,12,中國信託-忠孝,2023-11-09,6162
3444,利機,17,6,11,中國信託-忠孝,2023-11-09,6162
6290,良維,12,1,11,中國信託-忠孝,2023-11-09,6162
3043,科風,19,8,11,中國信託-忠孝,2023-11-09,6162
00929,復華台灣科技優息,175,6,169,中國信託-忠孝,2023-11-10,6162
00878,國泰永續高股息,148,1,147,中國信託-忠孝,2023-11-10,6162
2369,菱生,121,0,121,中國信託-忠孝,2023-11-10,6162
00637L,元大滬深300正2,109,0,109,中國信託-忠孝,2023-11-10,6162
00751B,元大AAA至A公司債,101,3,98,中國信託-忠孝,2023-11-10,6162
2317,鴻海,88,0,88,中國信託-忠孝,2023-11-10,6162
2538,基泰,89,1,88,中國信託-忠孝,2023-11-10,6162
00919,群益台灣精選高息,86,0,86,中國信託-忠孝,2023-11-10,6162
4128,中天,120,51,69,中國信託-忠孝,2023-11-10,6162
00772B,中信高評級公司債,69,1,68,中國信託-忠孝,2023-11-10,6162
6284,佳邦,68,1,67,中國信託-忠孝,2023-11-10,6162
2745,五福,65,0,65,中國信託-忠孝,2023-11-10,6162
6016,康和證,60,0,60,中國信託-忠孝,2023-11-10,6162
2501,國建,52,0,52,中國信託-忠孝,2023-11-10,6162
6139,亞翔,52,2,50,中國信託-忠孝,2023-11-10,6162
00936,台新永續高息中小,55,10,45,中國信託-忠孝,2023-11-10,6162
2618,長榮航,30,1,29,中國信託-忠孝,2023-11-10,6162
4162,智擎,44,16,28,中國信託-忠孝,2023-11-10,6162
00720B,元大投資級公司債,28,1,27,中國信託-忠孝,2023-11-10,6162
2609,陽明,35,8,27,中國信託-忠孝,2023-11-10,6162
00687B,國泰20年美債,25,0,25,中國信託-忠孝,2023-11-10,6162
2356,英業達,55,30,25,中國信託-忠孝,2023-11-10,6162
5521,工信,25,0,25,中國信託-忠孝,2023-11-10,6162
00688L,國泰20年美債正2,22,0,22,中國信託-忠孝,2023-11-10,6162
00900,富邦特選高股息30,22,0,22,中國信託-忠孝,2023-11-10,6162
2527,宏璟,20,0,20,中國信託-忠孝,2023-11-10,6162
00918,大華優利高填息30,20,0,20,中國信託-忠孝,2023-11-10,6162
3483,力致,22,2,20,中國信託-忠孝,2023-11-10,6162
3715,定穎投控,29,9,20,中國信託-忠孝,2023-11-10,6162
00706L,期元大S＆P日圓正2,20,0,20,中國信託-忠孝,2023-11-10,6162
6443,元晶,50,32,18,中國信託-忠孝,2023-11-10,6162
8089,康全電訊,18,0,18,中國信託-忠孝,2023-11-10,6162
00934,中信成長高股息,21,4,17,中國信託-忠孝,2023-11-10,6162
2363,矽統,111,95,16,中國信託-忠孝,2023-11-10,6162
6005,群益證,20,4,16,中國信託-忠孝,2023-11-10,6162
00650L,復華香港正2,15,0,15,中國信託-忠孝,2023-11-10,6162
3037,欣興,21,6,15,中國信託-忠孝,2023-11-10,6162
00680L,元大美債20正2,27,12,15,中國信託-忠孝,2023-11-10,6162
6271,同欣電,22,7,15,中國信託-忠孝,2023-11-10,6162
00679B,元大美債20年,17,2,15,中國信託-忠孝,2023-11-10,6162
3363,上詮,15,1,14,中國信託-忠孝,2023-11-10,6162
3346,麗清,15,1,14,中國信託-忠孝,2023-11-10,6162
2201,裕隆,21,7,14,中國信託-忠孝,2023-11-10,6162
3045,台灣大,13,0,13,中國信託-忠孝,2023-11-10,6162
6491,晶碩,13,0,13,中國信託-忠孝,2023-11-10,6162
6414,樺漢,13,0,13,中國信託-忠孝,2023-11-10,6162
3548,兆利,21,9,12,中國信託-忠孝,2023-11-10,6162
6485,點序,22,10,12,中國信託-忠孝,2023-11-10,6162
3645,達邁,11,0,11,中國信託-忠孝,2023-11-10,6162
00665L,富邦�琤肭磪囓�2,11,0,11,中國信託-忠孝,2023-11-10,6162
8936,國統,390,3,387,中國信託-忠孝,2023-11-13,6162
2538,基泰,287,0,287,中國信託-忠孝,2023-11-13,6162
00929,復華台灣科技優息,240,105,135,中國信託-忠孝,2023-11-13,6162
00878,國泰永續高股息,166,43,123,中國信託-忠孝,2023-11-13,6162
00637L,元大滬深300正2,110,0,110,中國信託-忠孝,2023-11-13,6162
00720B,元大投資級公司債,107,0,107,中國信託-忠孝,2023-11-13,6162
00687B,國泰20年美債,116,26,90,中國信託-忠孝,2023-11-13,6162
1312,國喬,80,0,80,中國信託-忠孝,2023-11-13,6162
5213,亞昕,75,2,73,中國信託-忠孝,2023-11-13,6162
2743,山富,77,9,68,中國信託-忠孝,2023-11-13,6162
2317,鴻海,70,7,63,中國信託-忠孝,2023-11-13,6162
00935,野村臺灣新科技50,57,1,56,中國信託-忠孝,2023-11-13,6162
2392,正崴,54,1,53,中國信託-忠孝,2023-11-13,6162
4960,誠美材,50,0,50,中國信託-忠孝,2023-11-13,6162
2382,廣達,60,12,48,中國信託-忠孝,2023-11-13,6162
2313,華通,154,112,42,中國信託-忠孝,2023-11-13,6162
2888,新光金,47,7,40,中國信託-忠孝,2023-11-13,6162
6415,矽力*-KY,41,5,36,中國信託-忠孝,2023-11-13,6162
00799B,國泰A級醫療債,33,0,33,中國信託-忠孝,2023-11-13,6162
3163,波若威,35,4,31,中國信託-忠孝,2023-11-13,6162
2401,凌陽,30,0,30,中國信託-忠孝,2023-11-13,6162
00922,國泰台灣領袖50,100,71,29,中國信託-忠孝,2023-11-13,6162
00919,群益台灣精選高息,34,6,28,中國信託-忠孝,2023-11-13,6162
2498,宏達電,31,4,27,中國信託-忠孝,2023-11-13,6162
00900,富邦特選高股息30,27,2,25,中國信託-忠孝,2023-11-13,6162
2330,台積電,91,68,23,中國信託-忠孝,2023-11-13,6162
1734,杏輝,23,0,23,中國信託-忠孝,2023-11-13,6162
3712,永崴投控,24,2,22,中國信託-忠孝,2023-11-13,6162
2641,正德,22,0,22,中國信託-忠孝,2023-11-13,6162
00679B,元大美債20年,22,0,22,中國信託-忠孝,2023-11-13,6162
00882,中信中國高股息,21,0,21,中國信託-忠孝,2023-11-13,6162
3047,訊舟,19,0,19,中國信託-忠孝,2023-11-13,6162
00665L,富邦�琤肭磪囓�2,17,0,17,中國信託-忠孝,2023-11-13,6162
1560,中砂,25,9,16,中國信託-忠孝,2023-11-13,6162
2618,長榮航,19,3,16,中國信託-忠孝,2023-11-13,6162
4105,東洋,21,6,15,中國信託-忠孝,2023-11-13,6162
6117,迎廣,78,63,15,中國信託-忠孝,2023-11-13,6162
6788,華景電,18,4,14,中國信託-忠孝,2023-11-13,6162
2634,漢翔,16,3,13,中國信託-忠孝,2023-11-13,6162
2417,圓剛,38,25,13,中國信託-忠孝,2023-11-13,6162
00751B,元大AAA至A公司債,18,6,12,中國信託-忠孝,2023-11-13,6162
00712,復華富時不動產,16,4,12,中國信託-忠孝,2023-11-13,6162
5340,建榮,12,0,12,中國信託-忠孝,2023-11-13,6162
4763,材料-KY,47,35,12,中國信託-忠孝,2023-11-13,6162
3045,台灣大,11,0,11,中國信託-忠孝,2023-11-13,6162
2462,良得電,11,0,11,中國信託-忠孝,2023-11-13,6162
8076,伍豐,11,0,11,中國信託-忠孝,2023-11-13,6162
2449,京元電子,25,14,11,中國信託-忠孝,2023-11-13,6162
2211,長榮鋼,11,1,10,中國信託-忠孝,2023-11-13,6162
00645,富邦日本,10,0,10,中國信託-忠孝,2023-11-13,6162
2331,精英,1313,18,1295,中國信託-忠孝,2023-11-14,6162
2538,基泰,330,9,321,中國信託-忠孝,2023-11-14,6162
2534,宏盛,215,0,215,中國信託-忠孝,2023-11-14,6162
5213,亞昕,150,0,150,中國信託-忠孝,2023-11-14,6162
00929,復華台灣科技優息,207,84,123,中國信託-忠孝,2023-11-14,6162
1423,利華,106,0,106,中國信託-忠孝,2023-11-14,6162
1504,東元,148,94,54,中國信託-忠孝,2023-11-14,6162
2542,興富發,50,0,50,中國信託-忠孝,2023-11-14,6162
00632R,元大台灣50反1,62,14,48,中國信託-忠孝,2023-11-14,6162
3231,緯創,90,43,47,中國信託-忠孝,2023-11-14,6162
6127,九豪,40,0,40,中國信託-忠孝,2023-11-14,6162
2329,華泰,138,98,40,中國信託-忠孝,2023-11-14,6162
2634,漢翔,56,18,38,中國信託-忠孝,2023-11-14,6162
2443,昶虹,34,0,34,中國信託-忠孝,2023-11-14,6162
3169,亞信,34,0,34,中國信託-忠孝,2023-11-14,6162
1734,杏輝,28,0,28,中國信託-忠孝,2023-11-14,6162
3036,文曄,70,43,27,中國信託-忠孝,2023-11-14,6162
2382,廣達,47,21,26,中國信託-忠孝,2023-11-14,6162
1584,精剛,37,12,25,中國信託-忠孝,2023-11-14,6162
2303,聯電,38,13,25,中國信託-忠孝,2023-11-14,6162
1789,神隆,26,2,24,中國信託-忠孝,2023-11-14,6162
2241,艾姆勒,23,0,23,中國信託-忠孝,2023-11-14,6162
6901,鑽石投資,28,8,20,中國信託-忠孝,2023-11-14,6162
2505,國揚,20,0,20,中國信託-忠孝,2023-11-14,6162
2313,華通,60,41,19,中國信託-忠孝,2023-11-14,6162
00673R,期元大S＆P原油反1,21,2,19,中國信託-忠孝,2023-11-14,6162
00720B,元大投資級公司債,19,0,19,中國信託-忠孝,2023-11-14,6162
6550,北極星藥業-KY,20,3,17,中國信託-忠孝,2023-11-14,6162
2462,良得電,17,0,17,中國信託-忠孝,2023-11-14,6162
2887,台新金,20,3,17,中國信託-忠孝,2023-11-14,6162
00637L,元大滬深300正2,24,8,16,中國信託-忠孝,2023-11-14,6162
2486,一詮,18,2,16,中國信託-忠孝,2023-11-14,6162
00679B,元大美債20年,19,3,16,中國信託-忠孝,2023-11-14,6162
6282,康舒,16,1,15,中國信託-忠孝,2023-11-14,6162
3035,智原,19,4,15,中國信託-忠孝,2023-11-14,6162
6274,台燿,14,0,14,中國信託-忠孝,2023-11-14,6162
6213,聯茂,32,18,14,中國信託-忠孝,2023-11-14,6162
3483,力致,61,48,13,中國信託-忠孝,2023-11-14,6162
6584,南俊國際,13,0,13,中國信託-忠孝,2023-11-14,6162
2357,華碩,31,18,13,中國信託-忠孝,2023-11-14,6162
3217,優群,23,11,12,中國信託-忠孝,2023-11-14,6162
6189,豐藝,12,0,12,中國信託-忠孝,2023-11-14,6162
00680L,元大美債20正2,25,13,12,中國信託-忠孝,2023-11-14,6162
2353,宏��,23,11,12,中國信託-忠孝,2023-11-14,6162
8076,伍豐,12,0,12,中國信託-忠孝,2023-11-14,6162
1477,聚陽,13,1,12,中國信託-忠孝,2023-11-14,6162
6143,振曜,11,0,11,中國信託-忠孝,2023-11-14,6162
2369,菱生,12,1,11,中國信託-忠孝,2023-11-14,6162
2402,毅嘉,27,16,11,中國信託-忠孝,2023-11-14,6162
00753L,中信中國50正2,10,0,10,中國信託-忠孝,2023-11-14,6162
2331,精英,917,6,911,中國信託-忠孝,2023-11-15,6162
00679B,元大美債20年,597,38,559,中國信託-忠孝,2023-11-15,6162
00929,復華台灣科技優息,569,278,291,中國信託-忠孝,2023-11-15,6162
1611,中電,101,1,100,中國信託-忠孝,2023-11-15,6162
2029,盛餘,71,0,71,中國信託-忠孝,2023-11-15,6162
2534,宏盛,123,59,64,中國信託-忠孝,2023-11-15,6162
3362,先進光,66,6,60,中國信託-忠孝,2023-11-15,6162
00933B,國泰10Y+金融債,46,0,46,中國信託-忠孝,2023-11-15,6162
2443,昶虹,46,0,46,中國信託-忠孝,2023-11-15,6162
00680L,元大美債20正2,84,38,46,中國信託-忠孝,2023-11-15,6162
00878,國泰永續高股息,260,218,42,中國信託-忠孝,2023-11-15,6162
6138,茂達,44,4,40,中國信託-忠孝,2023-11-15,6162
3558,神準,41,2,39,中國信託-忠孝,2023-11-15,6162
2538,基泰,35,2,33,中國信託-忠孝,2023-11-15,6162
5469,瀚宇博,30,0,30,中國信託-忠孝,2023-11-15,6162
3276,宇環,35,8,27,中國信託-忠孝,2023-11-15,6162
6538,倉和,26,0,26,中國信託-忠孝,2023-11-15,6162
6024,群益期,25,0,25,中國信託-忠孝,2023-11-15,6162
5225,東科-KY,25,0,25,中國信託-忠孝,2023-11-15,6162
00936,台新永續高息中小,21,0,21,中國信託-忠孝,2023-11-15,6162
3013,晟銘電,28,8,20,中國信託-忠孝,2023-11-15,6162
5213,亞昕,20,0,20,中國信託-忠孝,2023-11-15,6162
6235,華孚,60,41,19,中國信託-忠孝,2023-11-15,6162
3025,星通,55,36,19,中國信託-忠孝,2023-11-15,6162
1301,台塑,20,2,18,中國信託-忠孝,2023-11-15,6162
2641,正德,18,0,18,中國信託-忠孝,2023-11-15,6162
2402,毅嘉,18,1,17,中國信託-忠孝,2023-11-15,6162
6223,旺矽,16,0,16,中國信託-忠孝,2023-11-15,6162
00692,富邦公司治理,17,1,16,中國信託-忠孝,2023-11-15,6162
8936,國統,18,2,16,中國信託-忠孝,2023-11-15,6162
3260,威剛,21,5,16,中國信託-忠孝,2023-11-15,6162
2313,華通,25,9,16,中國信託-忠孝,2023-11-15,6162
3444,利機,16,1,15,中國信託-忠孝,2023-11-15,6162
3661,世芯-KY,23,8,15,中國信託-忠孝,2023-11-15,6162
3227,原相,14,0,14,中國信託-忠孝,2023-11-15,6162
6188,廣明,14,1,13,中國信託-忠孝,2023-11-15,6162
6139,亞翔,18,6,12,中國信託-忠孝,2023-11-15,6162
2390,云辰,13,1,12,中國信託-忠孝,2023-11-15,6162
3521,鴻翊,12,0,12,中國信託-忠孝,2023-11-15,6162
3548,兆利,49,38,11,中國信託-忠孝,2023-11-15,6162
5452,佶優,12,1,11,中國信託-忠孝,2023-11-15,6162
2204,中華,11,0,11,中國信託-忠孝,2023-11-15,6162
3083,網龍,12,1,11,中國信託-忠孝,2023-11-15,6162
6213,聯茂,16,6,10,中國信託-忠孝,2023-11-15,6162
3045,台灣大,10,0,10,中國信託-忠孝,2023-11-15,6162
1449,佳和,11,1,10,中國信託-忠孝,2023-11-15,6162
6282,康舒,16,6,10,中國信託-忠孝,2023-11-15,6162
00687B,國泰20年美債,10,0,10,中國信託-忠孝,2023-11-15,6162
1815,富喬,10,0,10,中國信託-忠孝,2023-11-15,6162
2605,新興,10,0,10,中國信託-忠孝,2023-11-15,6162
00929,復華台灣科技優息,284,22,262,中國信託-忠孝,2023-11-16,6162
00878,國泰永續高股息,235,17,218,中國信託-忠孝,2023-11-16,6162
2883,凱基金,201,14,187,中國信託-忠孝,2023-11-16,6162
2029,盛餘,140,10,130,中國信託-忠孝,2023-11-16,6162
2534,宏盛,113,0,113,中國信託-忠孝,2023-11-16,6162
00722B,群益投資級電信債,62,0,62,中國信託-忠孝,2023-11-16,6162
2363,矽統,141,90,51,中國信託-忠孝,2023-11-16,6162
5426,振發,55,5,50,中國信託-忠孝,2023-11-16,6162
00687B,國泰20年美債,50,0,50,中國信託-忠孝,2023-11-16,6162
1721,三晃,50,0,50,中國信託-忠孝,2023-11-16,6162
2618,長榮航,158,117,41,中國信託-忠孝,2023-11-16,6162
2323,中環,41,0,41,中國信託-忠孝,2023-11-16,6162
6121,新普,38,0,38,中國信託-忠孝,2023-11-16,6162
3324,雙鴻,42,9,33,中國信託-忠孝,2023-11-16,6162
2421,建準,39,7,32,中國信託-忠孝,2023-11-16,6162
00720B,元大投資級公司債,36,4,32,中國信託-忠孝,2023-11-16,6162
00715L,期街口布蘭特正2,31,0,31,中國信託-忠孝,2023-11-16,6162
2630,亞航,41,10,31,中國信託-忠孝,2023-11-16,6162
00632R,元大台灣50反1,29,0,29,中國信託-忠孝,2023-11-16,6162
3362,先進光,34,6,28,中國信託-忠孝,2023-11-16,6162
2743,山富,42,14,28,中國信託-忠孝,2023-11-16,6162
00919,群益台灣精選高息,31,3,28,中國信託-忠孝,2023-11-16,6162
3701,大眾控,26,0,26,中國信託-忠孝,2023-11-16,6162
00680L,元大美債20正2,25,0,25,中國信託-忠孝,2023-11-16,6162
2845,遠東銀,24,0,24,中國信託-忠孝,2023-11-16,6162
2201,裕隆,25,1,24,中國信託-忠孝,2023-11-16,6162
00795B,中信美國公債20年,23,0,23,中國信託-忠孝,2023-11-16,6162
00637L,元大滬深300正2,23,0,23,中國信託-忠孝,2023-11-16,6162
6274,台燿,24,2,22,中國信託-忠孝,2023-11-16,6162
00751B,元大AAA至A公司債,22,0,22,中國信託-忠孝,2023-11-16,6162
1319,東陽,26,6,20,中國信託-忠孝,2023-11-16,6162
6112,邁達特,20,0,20,中國信託-忠孝,2023-11-16,6162
2331,精英,20,1,19,中國信託-忠孝,2023-11-16,6162
00934,中信成長高股息,20,2,18,中國信託-忠孝,2023-11-16,6162
6156,松上,25,7,18,中國信託-忠孝,2023-11-16,6162
6125,廣運,23,5,18,中國信託-忠孝,2023-11-16,6162
1312,國喬,18,0,18,中國信託-忠孝,2023-11-16,6162
3231,緯創,41,24,17,中國信託-忠孝,2023-11-16,6162
5324,士開,17,0,17,中國信託-忠孝,2023-11-16,6162
6282,康舒,27,12,15,中國信託-忠孝,2023-11-16,6162
6243,迅杰,21,6,15,中國信託-忠孝,2023-11-16,6162
5439,高技,31,16,15,中國信託-忠孝,2023-11-16,6162
2367,燿華,21,7,14,中國信託-忠孝,2023-11-16,6162
00772B,中信高評級公司債,24,10,14,中國信託-忠孝,2023-11-16,6162
2382,廣達,29,15,14,中國信託-忠孝,2023-11-16,6162
6143,振曜,12,0,12,中國信託-忠孝,2023-11-16,6162
2516,新建,24,12,12,中國信託-忠孝,2023-11-16,6162
5521,工信,12,0,12,中國信託-忠孝,2023-11-16,6162
3013,晟銘電,11,0,11,中國信託-忠孝,2023-11-16,6162
1218,泰山,11,0,11,中國信託-忠孝,2023-11-16,6162
8936,國統,338,3,335,中國信託-忠孝,2023-11-17,6162
00637L,元大滬深300正2,264,0,264,中國信託-忠孝,2023-11-17,6162
2331,精英,162,3,159,中國信託-忠孝,2023-11-17,6162
00867B,新光A-BBB電信債,150,0,150,中國信託-忠孝,2023-11-17,6162
00929,復華台灣科技優息,108,13,95,中國信託-忠孝,2023-11-17,6162
00665L,富邦�琤肭磪囓�2,80,0,80,中國信託-忠孝,2023-11-17,6162
2534,宏盛,75,0,75,中國信託-忠孝,2023-11-17,6162
00715L,期街口布蘭特正2,65,0,65,中國信託-忠孝,2023-11-17,6162
2603,長榮,65,1,64,中國信託-忠孝,2023-11-17,6162
00878,國泰永續高股息,74,13,61,中國信託-忠孝,2023-11-17,6162
1326,台化,55,1,54,中國信託-忠孝,2023-11-17,6162
2405,輔信,66,16,50,中國信託-忠孝,2023-11-17,6162
6142,友勁,50,0,50,中國信託-忠孝,2023-11-17,6162
9919,康那香,50,0,50,中國信託-忠孝,2023-11-17,6162
2313,華通,73,26,47,中國信託-忠孝,2023-11-17,6162
6276,安鈦克,46,3,43,中國信託-忠孝,2023-11-17,6162
00632R,元大台灣50反1,39,0,39,中國信託-忠孝,2023-11-17,6162
6282,康舒,32,0,32,中國信託-忠孝,2023-11-17,6162
1312,國喬,31,0,31,中國信託-忠孝,2023-11-17,6162
00712,復華富時不動產,30,0,30,中國信託-忠孝,2023-11-17,6162
9927,泰銘,30,0,30,中國信託-忠孝,2023-11-17,6162
1721,三晃,30,0,30,中國信託-忠孝,2023-11-17,6162
2440,太空梭,30,1,29,中國信託-忠孝,2023-11-17,6162
6788,華景電,26,1,25,中國信託-忠孝,2023-11-17,6162
0056,元大高股息,31,8,23,中國信託-忠孝,2023-11-17,6162
9955,佳龍,36,16,20,中國信託-忠孝,2023-11-17,6162
2883B,凱基金乙特,20,0,20,中國信託-忠孝,2023-11-17,6162
00902,中信電池及儲能,20,0,20,中國信託-忠孝,2023-11-17,6162
6166,凌華,20,0,20,中國信託-忠孝,2023-11-17,6162
1802,台玻,18,0,18,中國信託-忠孝,2023-11-17,6162
00655L,國泰中國A50正2,17,0,17,中國信託-忠孝,2023-11-17,6162
2610,華航,95,78,17,中國信託-忠孝,2023-11-17,6162
00642U,期元大S＆P石油,15,0,15,中國信託-忠孝,2023-11-17,6162
2457,飛宏,29,15,14,中國信託-忠孝,2023-11-17,6162
8163,達方,14,0,14,中國信託-忠孝,2023-11-17,6162
1324,地球,15,1,14,中國信託-忠孝,2023-11-17,6162
00631L,元大台灣50正2,14,0,14,中國信託-忠孝,2023-11-17,6162
4743,合一,19,6,13,中國信託-忠孝,2023-11-17,6162
6231,系微,13,0,13,中國信託-忠孝,2023-11-17,6162
6585,鼎基,13,1,12,中國信託-忠孝,2023-11-17,6162
4931,新盛力,11,0,11,中國信託-忠孝,2023-11-17,6162
3444,利機,32,21,11,中國信託-忠孝,2023-11-17,6162
6811,宏�硌穈T,11,0,11,中國信託-忠孝,2023-11-17,6162
3041,揚智,75,64,11,中國信託-忠孝,2023-11-17,6162
4414,如興,16,5,11,中國信託-忠孝,2023-11-17,6162
3548,兆利,33,23,10,中國信託-忠孝,2023-11-17,6162
1455,集盛,10,0,10,中國信託-忠孝,2023-11-17,6162
3576,聯合再生,10,0,10,中國信託-忠孝,2023-11-17,6162
00724B,群益投資級金融債,10,0,10,中國信託-忠孝,2023-11-17,6162
6005,群益證,10,0,10,中國信託-忠孝,2023-11-17,6162
5533,皇鼎,700,104,596,中國信託-忠孝,2023-11-20,6162
8936,國統,336,33,303,中國信託-忠孝,2023-11-20,6162
00760B,復華新興企業債,104,0,104,中國信託-忠孝,2023-11-20,6162
2615,萬海,100,0,100,中國信託-忠孝,2023-11-20,6162
6139,亞翔,127,42,85,中國信託-忠孝,2023-11-20,6162
2204,中華,100,21,79,中國信託-忠孝,2023-11-20,6162
00751B,元大AAA至A公司債,79,0,79,中國信託-忠孝,2023-11-20,6162
00679B,元大美債20年,74,0,74,中國信託-忠孝,2023-11-20,6162
00687B,國泰20年美債,69,1,68,中國信託-忠孝,2023-11-20,6162
5213,亞昕,65,0,65,中國信託-忠孝,2023-11-20,6162
1568,倉佑,63,0,63,中國信託-忠孝,2023-11-20,6162
2534,宏盛,57,0,57,中國信託-忠孝,2023-11-20,6162
4714,永捷,50,0,50,中國信託-忠孝,2023-11-20,6162
1326,台化,50,0,50,中國信託-忠孝,2023-11-20,6162
6015,宏遠證,50,0,50,中國信託-忠孝,2023-11-20,6162
2331,精英,44,0,44,中國信託-忠孝,2023-11-20,6162
6274,台燿,53,9,44,中國信託-忠孝,2023-11-20,6162
00720B,元大投資級公司債,41,0,41,中國信託-忠孝,2023-11-20,6162
3324,雙鴻,49,14,35,中國信託-忠孝,2023-11-20,6162
2388,威盛,49,19,30,中國信託-忠孝,2023-11-20,6162
2530,華建,30,0,30,中國信託-忠孝,2023-11-20,6162
2317,鴻海,29,1,28,中國信託-忠孝,2023-11-20,6162
00934,中信成長高股息,44,20,24,中國信託-忠孝,2023-11-20,6162
00935,野村臺灣新科技50,25,1,24,中國信託-忠孝,2023-11-20,6162
3706,神達,31,9,22,中國信託-忠孝,2023-11-20,6162
2303,聯電,76,54,22,中國信託-忠孝,2023-11-20,6162
1785,光洋科,23,1,22,中國信託-忠孝,2023-11-20,6162
3701,大眾控,25,4,21,中國信託-忠孝,2023-11-20,6162
00795B,中信美國公債20年,20,0,20,中國信託-忠孝,2023-11-20,6162
6229,研通,20,0,20,中國信託-忠孝,2023-11-20,6162
2323,中環,20,0,20,中國信託-忠孝,2023-11-20,6162
00688L,國泰20年美債正2,20,0,20,中國信託-忠孝,2023-11-20,6162
2356,英業達,35,16,19,中國信託-忠孝,2023-11-20,6162
2409,友達,32,13,19,中國信託-忠孝,2023-11-20,6162
5607,遠雄港,20,2,18,中國信託-忠孝,2023-11-20,6162
6243,迅杰,21,4,17,中國信託-忠孝,2023-11-20,6162
6558,興能高,18,2,16,中國信託-忠孝,2023-11-20,6162
00631L,元大台灣50正2,16,0,16,中國信託-忠孝,2023-11-20,6162
6485,點序,16,1,15,中國信託-忠孝,2023-11-20,6162
2014,中鴻,45,30,15,中國信託-忠孝,2023-11-20,6162
2313,華通,192,177,15,中國信託-忠孝,2023-11-20,6162
3094,聯傑,25,11,14,中國信託-忠孝,2023-11-20,6162
2888,新光金,14,0,14,中國信託-忠孝,2023-11-20,6162
2312,金寶,14,1,13,中國信託-忠孝,2023-11-20,6162
2329,華泰,114,101,13,中國信託-忠孝,2023-11-20,6162
2314,台揚,13,0,13,中國信託-忠孝,2023-11-20,6162
6443,元晶,54,41,13,中國信託-忠孝,2023-11-20,6162
00772B,中信高評級公司債,23,10,13,中國信託-忠孝,2023-11-20,6162
2486,一詮,12,0,12,中國信託-忠孝,2023-11-20,6162
5521,工信,22,10,12,中國信託-忠孝,2023-11-20,6162
2534,宏盛,595,9,586,中國信託-忠孝,2023-11-21,6162
5213,亞昕,309,1,308,中國信託-忠孝,2023-11-21,6162
2331,精英,197,0,197,中國信託-忠孝,2023-11-21,6162
2353,宏��,203,13,190,中國信託-忠孝,2023-11-21,6162
00632R,元大台灣50反1,159,0,159,中國信託-忠孝,2023-11-21,6162
3036,文曄,105,1,104,中國信託-忠孝,2023-11-21,6162
2615,萬海,101,3,98,中國信託-忠孝,2023-11-21,6162
2363,矽統,102,23,79,中國信託-忠孝,2023-11-21,6162
2029,盛餘,136,61,75,中國信託-忠孝,2023-11-21,6162
6451,訊芯-KY,60,5,55,中國信託-忠孝,2023-11-21,6162
1313,聯成,50,0,50,中國信託-忠孝,2023-11-21,6162
00679B,元大美債20年,45,0,45,中國信託-忠孝,2023-11-21,6162
6613,朋億*,42,0,42,中國信託-忠孝,2023-11-21,6162
3374,精材,40,1,39,中國信託-忠孝,2023-11-21,6162
3483,力致,80,42,38,中國信託-忠孝,2023-11-21,6162
6120,達運,40,2,38,中國信託-忠孝,2023-11-21,6162
3059,華晶科,53,16,37,中國信託-忠孝,2023-11-21,6162
5864,致和證,35,0,35,中國信託-忠孝,2023-11-21,6162
00712,復華富時不動產,35,2,33,中國信託-忠孝,2023-11-21,6162
6770,力積電,37,6,31,中國信託-忠孝,2023-11-21,6162
6117,迎廣,53,24,29,中國信託-忠孝,2023-11-21,6162
00772B,中信高評級公司債,27,0,27,中國信託-忠孝,2023-11-21,6162
00720B,元大投資級公司債,26,0,26,中國信託-忠孝,2023-11-21,6162
2739,寒舍,24,0,24,中國信託-忠孝,2023-11-21,6162
3363,上詮,44,21,23,中國信託-忠孝,2023-11-21,6162
5347,世界,42,21,21,中國信託-忠孝,2023-11-21,6162
2337,旺宏,23,2,21,中國信託-忠孝,2023-11-21,6162
00688L,國泰20年美債正2,21,0,21,中國信託-忠孝,2023-11-21,6162
00673R,期元大S＆P原油反1,20,0,20,中國信託-忠孝,2023-11-21,6162
8085,福華,20,0,20,中國信託-忠孝,2023-11-21,6162
00752,中信中國50,20,0,20,中國信託-忠孝,2023-11-21,6162
2516,新建,24,5,19,中國信託-忠孝,2023-11-21,6162
3492,長盛,19,0,19,中國信託-忠孝,2023-11-21,6162
6861,睿生光電,19,0,19,中國信託-忠孝,2023-11-21,6162
2443,昶虹,20,1,19,中國信託-忠孝,2023-11-21,6162
2102,泰豐,18,0,18,中國信託-忠孝,2023-11-21,6162
3163,波若威,26,8,18,中國信託-忠孝,2023-11-21,6162
6443,元晶,30,13,17,中國信託-忠孝,2023-11-21,6162
00919,群益台灣精選高息,54,38,16,中國信託-忠孝,2023-11-21,6162
2618,長榮航,74,58,16,中國信託-忠孝,2023-11-21,6162
2486,一詮,16,0,16,中國信託-忠孝,2023-11-21,6162
00933B,國泰10Y+金融債,25,10,15,中國信託-忠孝,2023-11-21,6162
6186,新潤,15,0,15,中國信託-忠孝,2023-11-21,6162
3234,光環,15,0,15,中國信託-忠孝,2023-11-21,6162
5351,鈺創,48,33,15,中國信託-忠孝,2023-11-21,6162
2376,技嘉,58,44,14,中國信託-忠孝,2023-11-21,6162
00751B,元大AAA至A公司債,14,0,14,中國信託-忠孝,2023-11-21,6162
2417,圓剛,18,4,14,中國信託-忠孝,2023-11-21,6162
3715,定穎投控,135,122,13,中國信託-忠孝,2023-11-21,6162
2027,大成鋼,14,1,13,中國信託-忠孝,2023-11-21,6162
2534,宏盛,288,15,273,中國信託-忠孝,2023-11-22,6162
5347,世界,216,49,167,中國信託-忠孝,2023-11-22,6162
00919,群益台灣精選高息,290,146,144,中國信託-忠孝,2023-11-22,6162
00679B,元大美債20年,100,0,100,中國信託-忠孝,2023-11-22,6162
5213,亞昕,90,0,90,中國信託-忠孝,2023-11-22,6162
00878,國泰永續高股息,77,6,71,中國信託-忠孝,2023-11-22,6162
3047,訊舟,68,1,67,中國信託-忠孝,2023-11-22,6162
00751B,元大AAA至A公司債,66,0,66,中國信託-忠孝,2023-11-22,6162
00687B,國泰20年美債,59,0,59,中國信託-忠孝,2023-11-22,6162
2405,輔信,78,20,58,中國信託-忠孝,2023-11-22,6162
00720B,元大投資級公司債,52,0,52,中國信託-忠孝,2023-11-22,6162
1326,台化,50,0,50,中國信託-忠孝,2023-11-22,6162
6229,研通,50,2,48,中國信託-忠孝,2023-11-22,6162
3583,辛耘,55,8,47,中國信託-忠孝,2023-11-22,6162
3231,緯創,105,62,43,中國信託-忠孝,2023-11-22,6162
2331,精英,49,7,42,中國信託-忠孝,2023-11-22,6162
2356,英業達,83,45,38,中國信託-忠孝,2023-11-22,6162
2610,華航,53,16,37,中國信託-忠孝,2023-11-22,6162
3481,群創,49,12,37,中國信託-忠孝,2023-11-22,6162
2888,新光金,36,0,36,中國信託-忠孝,2023-11-22,6162
00882,中信中國高股息,35,4,31,中國信託-忠孝,2023-11-22,6162
1449,佳和,31,0,31,中國信託-忠孝,2023-11-22,6162
6121,新普,30,0,30,中國信託-忠孝,2023-11-22,6162
1734,杏輝,29,0,29,中國信託-忠孝,2023-11-22,6162
00637L,元大滬深300正2,29,1,28,中國信託-忠孝,2023-11-22,6162
2614,東森,28,0,28,中國信託-忠孝,2023-11-22,6162
00905,FT臺灣Smart,27,0,27,中國信託-忠孝,2023-11-22,6162
2344,華邦電,26,1,25,中國信託-忠孝,2023-11-22,6162
00772B,中信高評級公司債,25,0,25,中國信託-忠孝,2023-11-22,6162
00934,中信成長高股息,26,1,25,中國信託-忠孝,2023-11-22,6162
3706,神達,25,1,24,中國信託-忠孝,2023-11-22,6162
2482,連宇,26,2,24,中國信託-忠孝,2023-11-22,6162
2201,裕隆,22,0,22,中國信託-忠孝,2023-11-22,6162
3051,力特,28,6,22,中國信託-忠孝,2023-11-22,6162
2317,鴻海,30,9,21,中國信託-忠孝,2023-11-22,6162
6770,力積電,24,3,21,中國信託-忠孝,2023-11-22,6162
2515,中工,21,0,21,中國信託-忠孝,2023-11-22,6162
6104,創惟,42,22,20,中國信託-忠孝,2023-11-22,6162
8927,北基,20,0,20,中國信託-忠孝,2023-11-22,6162
6451,訊芯-KY,24,5,19,中國信託-忠孝,2023-11-22,6162
6517,保勝光學,20,2,18,中國信託-忠孝,2023-11-22,6162
00935,野村臺灣新科技50,18,0,18,中國信託-忠孝,2023-11-22,6162
2618,長榮航,66,48,18,中國信託-忠孝,2023-11-22,6162
9921,巨大,16,0,16,中國信託-忠孝,2023-11-22,6162
2382,廣達,45,29,16,中國信託-忠孝,2023-11-22,6162
00680L,元大美債20正2,15,0,15,中國信託-忠孝,2023-11-22,6162
00692,富邦公司治理,14,0,14,中國信託-忠孝,2023-11-22,6162
6485,點序,14,0,14,中國信託-忠孝,2023-11-22,6162
2049,上銀,14,1,13,中國信託-忠孝,2023-11-22,6162
3083,網龍,14,1,13,中國信託-忠孝,2023-11-22,6162
00919,群益台灣精選高息,370,1,369,中國信託-忠孝,2023-11-23,6162
2534,宏盛,563,197,366,中國信託-忠孝,2023-11-23,6162
3078,僑威,337,101,236,中國信託-忠孝,2023-11-23,6162
00632R,元大台灣50反1,244,10,234,中國信託-忠孝,2023-11-23,6162
8086,宏捷科,189,33,156,中國信託-忠孝,2023-11-23,6162
2891,中信金,138,29,109,中國信託-忠孝,2023-11-23,6162
3715,定穎投控,154,55,99,中國信託-忠孝,2023-11-23,6162
00929,復華台灣科技優息,103,4,99,中國信託-忠孝,2023-11-23,6162
6417,韋僑,75,2,73,中國信託-忠孝,2023-11-23,6162
6139,亞翔,130,71,59,中國信託-忠孝,2023-11-23,6162
5478,智冠,67,10,57,中國信託-忠孝,2023-11-23,6162
2331,精英,55,1,54,中國信託-忠孝,2023-11-23,6162
2883B,凱基金乙特,50,0,50,中國信託-忠孝,2023-11-23,6162
2211,長榮鋼,50,0,50,中國信託-忠孝,2023-11-23,6162
2530,華建,46,0,46,中國信託-忠孝,2023-11-23,6162
5521,工信,49,4,45,中國信託-忠孝,2023-11-23,6162
2002,中鋼,57,14,43,中國信託-忠孝,2023-11-23,6162
00637L,元大滬深300正2,33,0,33,中國信託-忠孝,2023-11-23,6162
8927,北基,32,0,32,中國信託-忠孝,2023-11-23,6162
2340,台亞,33,2,31,中國信託-忠孝,2023-11-23,6162
00885,富邦越南,30,0,30,中國信託-忠孝,2023-11-23,6162
8163,達方,28,0,28,中國信託-忠孝,2023-11-23,6162
2457,飛宏,42,15,27,中國信託-忠孝,2023-11-23,6162
1108,幸福,28,1,27,中國信託-忠孝,2023-11-23,6162
3374,精材,45,20,25,中國信託-忠孝,2023-11-23,6162
3147,大綜,28,4,24,中國信託-忠孝,2023-11-23,6162
5302,太欣,30,6,24,中國信託-忠孝,2023-11-23,6162
8068,全達,24,0,24,中國信託-忠孝,2023-11-23,6162
2537,聯上發,23,0,23,中國信託-忠孝,2023-11-23,6162
2344,華邦電,25,2,23,中國信託-忠孝,2023-11-23,6162
4746,台耀,27,4,23,中國信託-忠孝,2023-11-23,6162
2610,華航,44,22,22,中國信託-忠孝,2023-11-23,6162
2388,威盛,95,72,23,中國信託-忠孝,2023-11-23,6162
3437,榮創,27,6,21,中國信託-忠孝,2023-11-23,6162
6015,宏遠證,20,0,20,中國信託-忠孝,2023-11-23,6162
1312,國喬,20,0,20,中國信託-忠孝,2023-11-23,6162
6282,康舒,101,82,19,中國信託-忠孝,2023-11-23,6162
6530,創威,19,0,19,中國信託-忠孝,2023-11-23,6162
3041,揚智,54,35,19,中國信託-忠孝,2023-11-23,6162
6117,迎廣,35,16,19,中國信託-忠孝,2023-11-23,6162
5439,高技,34,15,19,中國信託-忠孝,2023-11-23,6162
6770,力積電,20,1,19,中國信託-忠孝,2023-11-23,6162
2476,鉅祥,30,12,18,中國信託-忠孝,2023-11-23,6162
00642U,期元大S＆P石油,18,0,18,中國信託-忠孝,2023-11-23,6162
6168,宏齊,20,2,18,中國信託-忠孝,2023-11-23,6162
4543,萬在,18,0,18,中國信託-忠孝,2023-11-23,6162
2887,台新金,18,0,18,中國信託-忠孝,2023-11-23,6162
00891,中信關鍵半導體,17,0,17,中國信託-忠孝,2023-11-23,6162
6411,晶焱,36,19,17,中國信託-忠孝,2023-11-23,6162
00878,國泰永續高股息,105,89,16,中國信託-忠孝,2023-11-23,6162
2331,精英,311,15,296,中國信託-忠孝,2023-11-24,6162
2618,長榮航,252,20,232,中國信託-忠孝,2023-11-24,6162
00679B,元大美債20年,84,0,84,中國信託-忠孝,2023-11-24,6162
2457,飛宏,128,45,83,中國信託-忠孝,2023-11-24,6162
00720B,元大投資級公司債,80,0,80,中國信託-忠孝,2023-11-24,6162
3437,榮創,99,36,63,中國信託-忠孝,2023-11-24,6162
00687B,國泰20年美債,62,0,62,中國信託-忠孝,2023-11-24,6162
4968,立積,64,6,58,中國信託-忠孝,2023-11-24,6162
1326,台化,57,0,57,中國信託-忠孝,2023-11-24,6162
8442,威宏-KY,49,0,49,中國信託-忠孝,2023-11-24,6162
3037,欣興,54,6,48,中國信託-忠孝,2023-11-24,6162
1734,杏輝,45,0,45,中國信託-忠孝,2023-11-24,6162
2317,鴻海,47,3,44,中國信託-忠孝,2023-11-24,6162
6695,芯鼎,43,3,40,中國信託-忠孝,2023-11-24,6162
2344,華邦電,42,2,40,中國信託-忠孝,2023-11-24,6162
00751B,元大AAA至A公司債,40,0,40,中國信託-忠孝,2023-11-24,6162
3483,力致,42,10,32,中國信託-忠孝,2023-11-24,6162
00919,群益台灣精選高息,32,1,31,中國信託-忠孝,2023-11-24,6162
2486,一詮,31,0,31,中國信託-忠孝,2023-11-24,6162
00795B,中信美國公債20年,27,0,27,中國信託-忠孝,2023-11-24,6162
6235,華孚,36,13,23,中國信託-忠孝,2023-11-24,6162
2356,英業達,22,0,22,中國信託-忠孝,2023-11-24,6162
1108,幸福,22,0,22,中國信託-忠孝,2023-11-24,6162
3006,晶豪科,28,8,20,中國信託-忠孝,2023-11-24,6162
4714,永捷,20,0,20,中國信託-忠孝,2023-11-24,6162
2348,海悅,20,0,20,中國信託-忠孝,2023-11-24,6162
00878,國泰永續高股息,21,2,19,中國信託-忠孝,2023-11-24,6162
8936,國統,20,1,19,中國信託-忠孝,2023-11-24,6162
5009,榮剛,21,2,19,中國信託-忠孝,2023-11-24,6162
2605,新興,19,1,18,中國信託-忠孝,2023-11-24,6162
00882,中信中國高股息,16,0,16,中國信託-忠孝,2023-11-24,6162
2705,六福,16,0,16,中國信託-忠孝,2023-11-24,6162
3046,建��,17,2,15,中國信託-忠孝,2023-11-24,6162
3083,網龍,15,0,15,中國信託-忠孝,2023-11-24,6162
2374,佳能,15,0,15,中國信託-忠孝,2023-11-24,6162
1514,亞力,67,52,15,中國信託-忠孝,2023-11-24,6162
2610,華航,19,5,14,中國信託-忠孝,2023-11-24,6162
2609,陽明,13,0,13,中國信託-忠孝,2023-11-24,6162
3051,力特,13,0,13,中國信託-忠孝,2023-11-24,6162
2211,長榮鋼,15,2,13,中國信託-忠孝,2023-11-24,6162
6901,鑽石投資,15,2,13,中國信託-忠孝,2023-11-24,6162
6139,亞翔,19,6,13,中國信託-忠孝,2023-11-24,6162
2637,慧洋-KY,12,0,12,中國信託-忠孝,2023-11-24,6162
2417,圓剛,18,6,12,中國信託-忠孝,2023-11-24,6162
5607,遠雄港,12,0,12,中國信託-忠孝,2023-11-24,6162
00680L,元大美債20正2,12,0,12,中國信託-忠孝,2023-11-24,6162
3260,威剛,21,9,12,中國信託-忠孝,2023-11-24,6162
00885,富邦越南,12,0,12,中國信託-忠孝,2023-11-24,6162
3450,聯鈞,21,10,11,中國信託-忠孝,2023-11-24,6162
00632R,元大台灣50反1,11,0,11,中國信託-忠孝,2023-11-24,6162
8936,國統,156,5,151,中國信託-忠孝,2023-11-27,6162
5213,亞昕,137,0,137,中國信託-忠孝,2023-11-27,6162
00772B,中信高評級公司債,114,0,114,中國信託-忠孝,2023-11-27,6162
2891,中信金,123,11,112,中國信託-忠孝,2023-11-27,6162
00934,中信成長高股息,123,25,98,中國信託-忠孝,2023-11-27,6162
00679B,元大美債20年,97,0,97,中國信託-忠孝,2023-11-27,6162
2331,精英,95,0,95,中國信託-忠孝,2023-11-27,6162
00637L,元大滬深300正2,94,0,94,中國信託-忠孝,2023-11-27,6162
00882,中信中國高股息,93,0,93,中國信託-忠孝,2023-11-27,6162
00795B,中信美國公債20年,86,0,86,中國信託-忠孝,2023-11-27,6162
00919,群益台灣精選高息,87,2,85,中國信託-忠孝,2023-11-27,6162
00687B,國泰20年美債,70,0,70,中國信託-忠孝,2023-11-27,6162
00720B,元大投資級公司債,86,21,65,中國信託-忠孝,2023-11-27,6162
2457,飛宏,88,24,64,中國信託-忠孝,2023-11-27,6162
3231,緯創,94,31,63,中國信託-忠孝,2023-11-27,6162
00935,野村臺灣新科技50,63,0,63,中國信託-忠孝,2023-11-27,6162
00751B,元大AAA至A公司債,61,0,61,中國信託-忠孝,2023-11-27,6162
6186,新潤,60,0,60,中國信託-忠孝,2023-11-27,6162
2538,基泰,344,287,57,中國信託-忠孝,2023-11-27,6162
2845,遠東銀,50,0,50,中國信託-忠孝,2023-11-27,6162
1905,華紙,50,0,50,中國信託-忠孝,2023-11-27,6162
1605,華新,51,5,46,中國信託-忠孝,2023-11-27,6162
00878,國泰永續高股息,56,14,42,中國信託-忠孝,2023-11-27,6162
1451,年興,40,0,40,中國信託-忠孝,2023-11-27,6162
2356,英業達,44,4,40,中國信託-忠孝,2023-11-27,6162
4714,永捷,106,68,38,中國信託-忠孝,2023-11-27,6162
5351,鈺創,64,27,37,中國信託-忠孝,2023-11-27,6162
6153,嘉聯益,37,0,37,中國信託-忠孝,2023-11-27,6162
5225,東科-KY,35,0,35,中國信託-忠孝,2023-11-27,6162
00715L,期街口布蘭特正2,35,1,34,中國信託-忠孝,2023-11-27,6162
2330,台積電,34,2,32,中國信託-忠孝,2023-11-27,6162
2883,凱基金,35,3,32,中國信託-忠孝,2023-11-27,6162
1101,台泥,28,0,28,中國信託-忠孝,2023-11-27,6162
00713,元大台灣高息低波,26,0,26,中國信託-忠孝,2023-11-27,6162
1584,精剛,26,0,26,中國信託-忠孝,2023-11-27,6162
1815,富喬,25,2,23,中國信託-忠孝,2023-11-27,6162
4906,正文,21,0,21,中國信託-忠孝,2023-11-27,6162
6005,群益證,21,0,21,中國信託-忠孝,2023-11-27,6162
2501,國建,21,0,21,中國信託-忠孝,2023-11-27,6162
00722B,群益投資級電信債,21,0,21,中國信託-忠孝,2023-11-27,6162
1227,佳格,20,0,20,中國信託-忠孝,2023-11-27,6162
1326,台化,70,50,20,中國信託-忠孝,2023-11-27,6162
6121,新普,20,0,20,中國信託-忠孝,2023-11-27,6162
2505,國揚,20,0,20,中國信託-忠孝,2023-11-27,6162
2344,華邦電,25,5,20,中國信託-忠孝,2023-11-27,6162
2303,聯電,27,8,19,中國信託-忠孝,2023-11-27,6162
2630,亞航,24,6,18,中國信託-忠孝,2023-11-27,6162
1514,亞力,86,68,18,中國信託-忠孝,2023-11-27,6162
6811,宏�硌穈T,16,0,16,中國信託-忠孝,2023-11-27,6162
2369,菱生,16,0,16,中國信託-忠孝,2023-11-27,6162
6770,力積電,1206,5,1201,中國信託-忠孝,2023-11-28,6162
5213,亞昕,327,1,326,中國信託-忠孝,2023-11-28,6162
2538,基泰,160,27,133,中國信託-忠孝,2023-11-28,6162
00885,富邦越南,122,0,122,中國信託-忠孝,2023-11-28,6162
2331,精英,125,17,108,中國信託-忠孝,2023-11-28,6162
6538,倉和,106,1,105,中國信託-忠孝,2023-11-28,6162
1101,台泥,128,44,84,中國信託-忠孝,2023-11-28,6162
2329,華泰,168,92,76,中國信託-忠孝,2023-11-28,6162
00929,復華台灣科技優息,163,94,69,中國信託-忠孝,2023-11-28,6162
5347,世界,65,8,57,中國信託-忠孝,2023-11-28,6162
2402,毅嘉,43,2,41,中國信託-忠孝,2023-11-28,6162
2501,國建,40,0,40,中國信託-忠孝,2023-11-28,6162
3483,力致,35,0,35,中國信託-忠孝,2023-11-28,6162
00753L,中信中國50正2,33,0,33,中國信託-忠孝,2023-11-28,6162
2897,王道銀行,33,0,33,中國信託-忠孝,2023-11-28,6162
6186,新潤,31,0,31,中國信託-忠孝,2023-11-28,6162
6488,環球晶,35,4,31,中國信託-忠孝,2023-11-28,6162
1603,華電,30,0,30,中國信託-忠孝,2023-11-28,6162
6456,GIS-KY,29,0,29,中國信託-忠孝,2023-11-28,6162
4114,健喬,58,30,28,中國信託-忠孝,2023-11-28,6162
00712,復華富時不動產,28,1,27,中國信託-忠孝,2023-11-28,6162
6237,驊訊,40,14,26,中國信託-忠孝,2023-11-28,6162
00933B,國泰10Y+金融債,25,1,24,中國信託-忠孝,2023-11-28,6162
8054,安國,31,10,21,中國信託-忠孝,2023-11-28,6162
1449,佳和,28,9,19,中國信託-忠孝,2023-11-28,6162
2606,裕民,32,14,18,中國信託-忠孝,2023-11-28,6162
00882,中信中國高股息,19,2,17,中國信託-忠孝,2023-11-28,6162
8261,富鼎,22,6,16,中國信託-忠孝,2023-11-28,6162
3437,榮創,30,14,16,中國信託-忠孝,2023-11-28,6162
00935,野村臺灣新科技50,16,0,16,中國信託-忠孝,2023-11-28,6162
3217,優群,29,14,15,中國信託-忠孝,2023-11-28,6162
2461,光群雷,15,0,15,中國信託-忠孝,2023-11-28,6162
1701,中化,13,0,13,中國信託-忠孝,2023-11-28,6162
1316,上曜,13,0,13,中國信託-忠孝,2023-11-28,6162
6274,台燿,13,2,11,中國信託-忠孝,2023-11-28,6162
5272,笙科,12,1,11,中國信託-忠孝,2023-11-28,6162
6136,富爾特,10,0,10,中國信託-忠孝,2023-11-28,6162
3338,泰碩,10,0,10,中國信託-忠孝,2023-11-28,6162
2390,云辰,10,0,10,中國信託-忠孝,2023-11-28,6162
00650L,復華香港正2,10,0,10,中國信託-忠孝,2023-11-28,6162
3105,穩懋,11,1,10,中國信託-忠孝,2023-11-28,6162
9927,泰銘,10,0,10,中國信託-忠孝,2023-11-28,6162
3305,昇貿,10,0,10,中國信託-忠孝,2023-11-28,6162
2425,承啟,10,1,9,中國信託-忠孝,2023-11-28,6162
2352,佳世達,9,0,9,中國信託-忠孝,2023-11-28,6162
3264,欣銓,10,1,9,中國信託-忠孝,2023-11-28,6162
5478,智冠,10,1,9,中國信託-忠孝,2023-11-28,6162
6271,同欣電,9,0,9,中國信託-忠孝,2023-11-28,6162
6204,艾華,18,10,8,中國信託-忠孝,2023-11-28,6162
1781,合世,8,0,8,中國信託-忠孝,2023-11-28,6162
5213,亞昕,540,87,453,中國信託-忠孝,2023-11-29,6162
00665L,富邦�琤肭磪囓�2,195,0,195,中國信託-忠孝,2023-11-29,6162
2501,國建,172,0,172,中國信託-忠孝,2023-11-29,6162
00882,中信中國高股息,154,1,153,中國信託-忠孝,2023-11-29,6162
2369,菱生,244,103,141,中國信託-忠孝,2023-11-29,6162
00676R,富邦臺灣加權反1,112,0,112,中國信託-忠孝,2023-11-29,6162
8936,國統,115,34,81,中國信託-忠孝,2023-11-29,6162
5351,鈺創,95,14,81,中國信託-忠孝,2023-11-29,6162
2867,三商壽,61,0,61,中國信託-忠孝,2023-11-29,6162
2375,凱美,67,6,61,中國信託-忠孝,2023-11-29,6162
5483,中美晶,59,1,58,中國信託-忠孝,2023-11-29,6162
1326,台化,56,0,56,中國信託-忠孝,2023-11-29,6162
9103,美德醫療-DR,65,10,55,中國信託-忠孝,2023-11-29,6162
2498,宏達電,53,2,51,中國信託-忠孝,2023-11-29,6162
00650L,復華香港正2,45,0,45,中國信託-忠孝,2023-11-29,6162
2382,廣達,65,23,42,中國信託-忠孝,2023-11-29,6162
00637L,元大滬深300正2,53,16,37,中國信託-忠孝,2023-11-29,6162
2883,凱基金,40,10,30,中國信託-忠孝,2023-11-29,6162
5302,太欣,30,0,30,中國信託-忠孝,2023-11-29,6162
6550,北極星藥業-KY,30,0,30,中國信託-忠孝,2023-11-29,6162
1584,精剛,39,10,29,中國信託-忠孝,2023-11-29,6162
2888,新光金,33,5,28,中國信託-忠孝,2023-11-29,6162
6901,鑽石投資,27,0,27,中國信託-忠孝,2023-11-29,6162
2344,華邦電,34,7,27,中國信託-忠孝,2023-11-29,6162
00753L,中信中國50正2,25,0,25,中國信託-忠孝,2023-11-29,6162
00692,富邦公司治理,25,0,25,中國信託-忠孝,2023-11-29,6162
00712,復華富時不動產,25,0,25,中國信託-忠孝,2023-11-29,6162
6558,興能高,26,2,24,中國信託-忠孝,2023-11-29,6162
3701,大眾控,35,11,24,中國信託-忠孝,2023-11-29,6162
6204,艾華,44,20,24,中國信託-忠孝,2023-11-29,6162
2313,華通,172,150,22,中國信託-忠孝,2023-11-29,6162
3530,晶相光,24,3,21,中國信託-忠孝,2023-11-29,6162
00934,中信成長高股息,28,7,21,中國信託-忠孝,2023-11-29,6162
6451,訊芯-KY,23,2,21,中國信託-忠孝,2023-11-29,6162
00673R,期元大S＆P原油反1,21,0,21,中國信託-忠孝,2023-11-29,6162
2363,矽統,26,5,21,中國信託-忠孝,2023-11-29,6162
1312,國喬,21,0,21,中國信託-忠孝,2023-11-29,6162
2457,飛宏,38,17,21,中國信託-忠孝,2023-11-29,6162
6578,達邦蛋白,28,7,21,中國信託-忠孝,2023-11-29,6162
2338,光罩,20,0,20,中國信託-忠孝,2023-11-29,6162
2211,長榮鋼,21,1,20,中國信託-忠孝,2023-11-29,6162
2101,南港,20,1,19,中國信託-忠孝,2023-11-29,6162
5478,智冠,18,0,18,中國信託-忠孝,2023-11-29,6162
3041,揚智,22,4,18,中國信託-忠孝,2023-11-29,6162
00636,國泰中國A50,15,0,15,中國信託-忠孝,2023-11-29,6162
2641,正德,22,7,15,中國信託-忠孝,2023-11-29,6162
2014,中鴻,15,0,15,中國信託-忠孝,2023-11-29,6162
6271,同欣電,23,8,15,中國信託-忠孝,2023-11-29,6162
2885,元大金,16,1,15,中國信託-忠孝,2023-11-29,6162
2317,鴻海,16,2,14,中國信託-忠孝,2023-11-29,6162
5213,亞昕,242,30,212,中國信託-忠孝,2023-11-30,6162
2382,廣達,220,15,205,中國信託-忠孝,2023-11-30,6162
00665L,富邦�琤肭磪囓�2,132,0,132,中國信託-忠孝,2023-11-30,6162
00882,中信中國高股息,101,3,98,中國信託-忠孝,2023-11-30,6162
00919,群益台灣精選高息,180,82,98,中國信託-忠孝,2023-11-30,6162
00934,中信成長高股息,54,4,50,中國信託-忠孝,2023-11-30,6162
00676R,富邦臺灣加權反1,50,0,50,中國信託-忠孝,2023-11-30,6162
2352,佳世達,51,1,50,中國信託-忠孝,2023-11-30,6162
3363,上詮,92,47,45,中國信託-忠孝,2023-11-30,6162
00673R,期元大S＆P原油反1,42,0,42,中國信託-忠孝,2023-11-30,6162
3276,宇環,40,0,40,中國信託-忠孝,2023-11-30,6162
00933B,國泰10Y+金融債,39,0,39,中國信託-忠孝,2023-11-30,6162
2329,華泰,104,66,38,中國信託-忠孝,2023-11-30,6162
00712,復華富時不動產,54,18,36,中國信託-忠孝,2023-11-30,6162
1616,億泰,49,15,34,中國信託-忠孝,2023-11-30,6162
2338,光罩,56,22,34,中國信託-忠孝,2023-11-30,6162
2845,遠東銀,30,0,30,中國信託-忠孝,2023-11-30,6162
3231,緯創,37,9,28,中國信託-忠孝,2023-11-30,6162
6901,鑽石投資,30,2,28,中國信託-忠孝,2023-11-30,6162
2516,新建,25,0,25,中國信託-忠孝,2023-11-30,6162
4711,永純,25,0,25,中國信託-忠孝,2023-11-30,6162
2313,華通,75,51,24,中國信託-忠孝,2023-11-30,6162
00650L,復華香港正2,22,0,22,中國信託-忠孝,2023-11-30,6162
00878,國泰永續高股息,59,38,21,中國信託-忠孝,2023-11-30,6162
5534,長虹,21,0,21,中國信託-忠孝,2023-11-30,6162
6491,晶碩,23,2,21,中國信託-忠孝,2023-11-30,6162
3346,麗清,21,0,21,中國信託-忠孝,2023-11-30,6162
2344,華邦電,129,109,20,中國信託-忠孝,2023-11-30,6162
2303,聯電,24,4,20,中國信託-忠孝,2023-11-30,6162
1584,精剛,21,1,20,中國信託-忠孝,2023-11-30,6162
3360,尚立,20,0,20,中國信託-忠孝,2023-11-30,6162
4735,豪展,18,0,18,中國信託-忠孝,2023-11-30,6162
2883,凱基金,41,24,17,中國信託-忠孝,2023-11-30,6162
3494,誠研,26,9,17,中國信託-忠孝,2023-11-30,6162
00632R,元大台灣50反1,17,0,17,中國信託-忠孝,2023-11-30,6162
00679B,元大美債20年,27,11,16,中國信託-忠孝,2023-11-30,6162
8068,全達,19,3,16,中國信託-忠孝,2023-11-30,6162
2481,強茂,22,6,16,中國信託-忠孝,2023-11-30,6162
00915,凱基優選高股息30,15,0,15,中國信託-忠孝,2023-11-30,6162
3141,晶宏,15,1,14,中國信託-忠孝,2023-11-30,6162
00931B,統一美債20年,14,0,14,中國信託-忠孝,2023-11-30,6162
1316,上曜,15,1,14,中國信託-忠孝,2023-11-30,6162
8183,精星,13,1,12,中國信託-忠孝,2023-11-30,6162
6485,點序,58,46,12,中國信託-忠孝,2023-11-30,6162
2377,微星,19,8,11,中國信託-忠孝,2023-11-30,6162
8086,宏捷科,34,23,11,中國信託-忠孝,2023-11-30,6162
6180,橘子,12,1,11,中國信託-忠孝,2023-11-30,6162
2465,麗臺,13,2,11,中國信託-忠孝,2023-11-30,6162
2885,元大金,10,0,10,中國信託-忠孝,2023-11-30,6162
00687B,國泰20年美債,11,1,10,中國信託-忠孝,2023-11-30,6162
3363,上詮,175,33,142,中國信託-忠孝,2023-12-01,6162
00919,群益台灣精選高息,241,110,131,中國信託-忠孝,2023-12-01,6162
2891,中信金,119,0,119,中國信託-忠孝,2023-12-01,6162
2883,凱基金,141,50,91,中國信託-忠孝,2023-12-01,6162
5009,榮剛,103,25,78,中國信託-忠孝,2023-12-01,6162
00637L,元大滬深300正2,77,0,77,中國信託-忠孝,2023-12-01,6162
00687B,國泰20年美債,68,3,65,中國信託-忠孝,2023-12-01,6162
1795,美時,98,34,64,中國信託-忠孝,2023-12-01,6162
00915,凱基優選高股息30,64,0,64,中國信託-忠孝,2023-12-01,6162
00720B,元大投資級公司債,64,0,64,中國信託-忠孝,2023-12-01,6162
2498,宏達電,72,10,62,中國信託-忠孝,2023-12-01,6162
1326,台化,62,0,62,中國信託-忠孝,2023-12-01,6162
2317,鴻海,58,0,58,中國信託-忠孝,2023-12-01,6162
5469,瀚宇博,72,16,56,中國信託-忠孝,2023-12-01,6162
2641,正德,102,48,54,中國信託-忠孝,2023-12-01,6162
00751B,元大AAA至A公司債,53,0,53,中國信託-忠孝,2023-12-01,6162
5328,華容,51,8,43,中國信託-忠孝,2023-12-01,6162
5213,亞昕,99,58,41,中國信託-忠孝,2023-12-01,6162
00679B,元大美債20年,44,3,41,中國信託-忠孝,2023-12-01,6162
00712,復華富時不動產,43,3,40,中國信託-忠孝,2023-12-01,6162
00878,國泰永續高股息,46,6,40,中國信託-忠孝,2023-12-01,6162
00757,統一FANG+,38,0,38,中國信託-忠孝,2023-12-01,6162
2377,微星,36,3,33,中國信託-忠孝,2023-12-01,6162
2031,新光鋼,32,0,32,中國信託-忠孝,2023-12-01,6162
2413,環科,53,22,31,中國信託-忠孝,2023-12-01,6162
2883B,凱基金乙特,30,0,30,中國信託-忠孝,2023-12-01,6162
9919,康那香,47,17,30,中國信託-忠孝,2023-12-01,6162
3704,合勤控,115,86,29,中國信託-忠孝,2023-12-01,6162
3041,揚智,72,46,26,中國信託-忠孝,2023-12-01,6162
9927,泰銘,26,0,26,中國信託-忠孝,2023-12-01,6162
2888,新光金,22,0,22,中國信託-忠孝,2023-12-01,6162
2457,飛宏,22,0,22,中國信託-忠孝,2023-12-01,6162
00715L,期街口布蘭特正2,31,10,21,中國信託-忠孝,2023-12-01,6162
2409,友達,32,11,21,中國信託-忠孝,2023-12-01,6162
1457,宜進,20,0,20,中國信託-忠孝,2023-12-01,6162
2492,華新科,30,10,20,中國信託-忠孝,2023-12-01,6162
2348,海悅,20,0,20,中國信託-忠孝,2023-12-01,6162
00882,中信中國高股息,20,0,20,中國信託-忠孝,2023-12-01,6162
8240,華宏,20,0,20,中國信託-忠孝,2023-12-01,6162
2382,廣達,35,16,19,中國信託-忠孝,2023-12-01,6162
2308,台達電,20,1,19,中國信託-忠孝,2023-12-01,6162
4129,聯合,19,0,19,中國信託-忠孝,2023-12-01,6162
00655L,國泰中國A50正2,16,0,16,中國信託-忠孝,2023-12-01,6162
6901,鑽石投資,20,4,16,中國信託-忠孝,2023-12-01,6162
5347,世界,20,4,16,中國信託-忠孝,2023-12-01,6162
6282,康舒,18,3,15,中國信託-忠孝,2023-12-01,6162
6165,浪凡,15,0,15,中國信託-忠孝,2023-12-01,6162
00931B,統一美債20年,15,0,15,中國信託-忠孝,2023-12-01,6162
00636,國泰中國A50,15,0,15,中國信託-忠孝,2023-12-01,6162
8183,精星,13,0,13,中國信託-忠孝,2023-12-01,6162
00919,群益台灣精選高息,337,2,335,中國信託-忠孝,2023-12-04,6162
1423,利華,165,0,165,中國信託-忠孝,2023-12-04,6162
2883,凱基金,145,6,139,中國信託-忠孝,2023-12-04,6162
1313,聯成,115,0,115,中國信託-忠孝,2023-12-04,6162
3264,欣銓,118,14,104,中國信託-忠孝,2023-12-04,6162
2353,宏��,102,1,101,中國信託-忠孝,2023-12-04,6162
2891,中信金,113,18,95,中國信託-忠孝,2023-12-04,6162
3325,旭品,104,19,85,中國信託-忠孝,2023-12-04,6162
00715L,期街口布蘭特正2,82,10,72,中國信託-忠孝,2023-12-04,6162
6197,佳必琪,70,0,70,中國信託-忠孝,2023-12-04,6162
00753L,中信中國50正2,59,0,59,中國信託-忠孝,2023-12-04,6162
00934,中信成長高股息,60,2,58,中國信託-忠孝,2023-12-04,6162
1326,台化,52,0,52,中國信託-忠孝,2023-12-04,6162
1727,中華化,53,2,51,中國信託-忠孝,2023-12-04,6162
3045,台灣大,50,5,45,中國信託-忠孝,2023-12-04,6162
6168,宏齊,41,0,41,中國信託-忠孝,2023-12-04,6162
2329,華泰,84,44,40,中國信託-忠孝,2023-12-04,6162
2365,昆盈,40,0,40,中國信託-忠孝,2023-12-04,6162
1721,三晃,40,0,40,中國信託-忠孝,2023-12-04,6162
1504,東元,42,7,35,中國信託-忠孝,2023-12-04,6162
00679B,元大美債20年,56,21,35,中國信託-忠孝,2023-12-04,6162
00918,大華優利高填息30,42,10,32,中國信託-忠孝,2023-12-04,6162
4167,松瑞藥,51,19,32,中國信託-忠孝,2023-12-04,6162
00936,台新永續高息中小,33,1,32,中國信託-忠孝,2023-12-04,6162
3481,群創,84,53,31,中國信託-忠孝,2023-12-04,6162
00931B,統一美債20年,33,2,31,中國信託-忠孝,2023-12-04,6162
2606,裕民,95,65,30,中國信託-忠孝,2023-12-04,6162
2516,新建,30,0,30,中國信託-忠孝,2023-12-04,6162
5469,瀚宇博,91,61,30,中國信託-忠孝,2023-12-04,6162
9945,潤泰新,38,9,29,中國信託-忠孝,2023-12-04,6162
00687B,國泰20年美債,28,0,28,中國信託-忠孝,2023-12-04,6162
3715,定穎投控,78,53,25,中國信託-忠孝,2023-12-04,6162
00650L,復華香港正2,25,0,25,中國信託-忠孝,2023-12-04,6162
4909,新復興,55,30,25,中國信託-忠孝,2023-12-04,6162
3293,鈊象,26,1,25,中國信託-忠孝,2023-12-04,6162
6285,啟��,38,15,23,中國信託-忠孝,2023-12-04,6162
2617,台航,28,5,23,中國信託-忠孝,2023-12-04,6162
00882,中信中國高股息,21,0,21,中國信託-忠孝,2023-12-04,6162
00642U,期元大S＆P石油,21,0,21,中國信託-忠孝,2023-12-04,6162
5478,智冠,20,0,20,中國信託-忠孝,2023-12-04,6162
2421,建準,19,0,19,中國信託-忠孝,2023-12-04,6162
1605,華新,97,78,19,中國信託-忠孝,2023-12-04,6162
3032,偉訓,22,3,19,中國信託-忠孝,2023-12-04,6162
2017,官田鋼,20,1,19,中國信託-忠孝,2023-12-04,6162
2355,敬鵬,32,15,17,中國信託-忠孝,2023-12-04,6162
1789,神隆,17,0,17,中國信託-忠孝,2023-12-04,6162
4561,健椿,15,0,15,中國信託-忠孝,2023-12-04,6162
2376,技嘉,29,14,15,中國信託-忠孝,2023-12-04,6162
1325,恆大,16,1,15,中國信託-忠孝,2023-12-04,6162
1582,信錦,18,3,15,中國信託-忠孝,2023-12-04,6162
00937B,群益ESG投等債20,666,205,461,中國信託-忠孝,2023-12-05,6162
2641,正德,459,284,175,中國信託-忠孝,2023-12-05,6162
00720B,元大投資級公司債,190,21,169,中國信託-忠孝,2023-12-05,6162
00687B,國泰20年美債,165,0,165,中國信託-忠孝,2023-12-05,6162
00919,群益台灣精選高息,266,113,153,中國信託-忠孝,2023-12-05,6162
1312,國喬,152,0,152,中國信託-忠孝,2023-12-05,6162
00882,中信中國高股息,118,0,118,中國信託-忠孝,2023-12-05,6162
6143,振曜,106,4,102,中國信託-忠孝,2023-12-05,6162
00637L,元大滬深300正2,81,11,70,中國信託-忠孝,2023-12-05,6162
00918,大華優利高填息30,60,0,60,中國信託-忠孝,2023-12-05,6162
1440,南紡,51,0,51,中國信託-忠孝,2023-12-05,6162
9958,世紀鋼,58,10,48,中國信託-忠孝,2023-12-05,6162
00679B,元大美債20年,46,0,46,中國信託-忠孝,2023-12-05,6162
2888,新光金,44,0,44,中國信託-忠孝,2023-12-05,6162
2534,宏盛,55,11,44,中國信託-忠孝,2023-12-05,6162
2606,裕民,172,128,44,中國信託-忠孝,2023-12-05,6162
00715L,期街口布蘭特正2,42,0,42,中國信託-忠孝,2023-12-05,6162
3231,緯創,65,27,38,中國信託-忠孝,2023-12-05,6162
00665L,富邦�琤肭磪囓�2,36,0,36,中國信託-忠孝,2023-12-05,6162
3533,嘉澤,35,0,35,中國信託-忠孝,2023-12-05,6162
00713,元大台灣高息低波,34,0,34,中國信託-忠孝,2023-12-05,6162
2201,裕隆,36,5,31,中國信託-忠孝,2023-12-05,6162
4114,健喬,36,5,31,中國信託-忠孝,2023-12-05,6162
00650L,復華香港正2,31,0,31,中國信託-忠孝,2023-12-05,6162
2607,榮運,82,52,30,中國信託-忠孝,2023-12-05,6162
6233,旺玖,43,13,30,中國信託-忠孝,2023-12-05,6162
1316,上曜,29,0,29,中國信託-忠孝,2023-12-05,6162
00934,中信成長高股息,57,29,28,中國信託-忠孝,2023-12-05,6162
2701,萬企,27,0,27,中國信託-忠孝,2023-12-05,6162
1519,華城,77,52,25,中國信託-忠孝,2023-12-05,6162
0056,元大高股息,34,9,25,中國信託-忠孝,2023-12-05,6162
00935,野村臺灣新科技50,24,0,24,中國信託-忠孝,2023-12-05,6162
6122,擎邦,22,0,22,中國信託-忠孝,2023-12-05,6162
5608,四維航,35,13,22,中國信託-忠孝,2023-12-05,6162
1609,大亞,21,0,21,中國信託-忠孝,2023-12-05,6162
3363,上詮,22,1,21,中國信託-忠孝,2023-12-05,6162
2303,聯電,23,2,21,中國信託-忠孝,2023-12-05,6162
2323,中環,20,0,20,中國信託-忠孝,2023-12-05,6162
6121,新普,20,0,20,中國信託-忠孝,2023-12-05,6162
1605,華新,35,15,20,中國信託-忠孝,2023-12-05,6162
00692,富邦公司治理,19,0,19,中國信託-忠孝,2023-12-05,6162
5213,亞昕,19,0,19,中國信託-忠孝,2023-12-05,6162
5475,德宏,20,1,19,中國信託-忠孝,2023-12-05,6162
00922,國泰台灣領袖50,20,2,18,中國信託-忠孝,2023-12-05,6162
2883,凱基金,19,1,18,中國信託-忠孝,2023-12-05,6162
3481,群創,31,13,18,中國信託-忠孝,2023-12-05,6162
2355,敬鵬,32,15,17,中國信託-忠孝,2023-12-05,6162
2617,台航,39,22,17,中國信託-忠孝,2023-12-05,6162
2515,中工,16,0,16,中國信託-忠孝,2023-12-05,6162
2359,所羅門,16,1,15,中國信託-忠孝,2023-12-05,6162
00921,兆豐龍頭等權重,304,1,303,中國信託-忠孝,2023-12-06,6162
00937B,群益ESG投等債20,415,120,295,中國信託-忠孝,2023-12-06,6162
6143,振曜,202,6,196,中國信託-忠孝,2023-12-06,6162
00687B,國泰20年美債,177,21,156,中國信託-忠孝,2023-12-06,6162
006205,富邦上証,120,0,120,中國信託-忠孝,2023-12-06,6162
2359,所羅門,130,10,120,中國信託-忠孝,2023-12-06,6162
3045,台灣大,100,0,100,中國信託-忠孝,2023-12-06,6162
00919,群益台灣精選高息,102,12,90,中國信託-忠孝,2023-12-06,6162
00679B,元大美債20年,69,1,68,中國信託-忠孝,2023-12-06,6162
5009,榮剛,66,1,65,中國信託-忠孝,2023-12-06,6162
1313,聯成,60,0,60,中國信託-忠孝,2023-12-06,6162
00933B,國泰10Y+金融債,58,0,58,中國信託-忠孝,2023-12-06,6162
00918,大華優利高填息30,52,0,52,中國信託-忠孝,2023-12-06,6162
2355,敬鵬,58,14,44,中國信託-忠孝,2023-12-06,6162
1319,東陽,81,37,44,中國信託-忠孝,2023-12-06,6162
2845,遠東銀,41,0,41,中國信託-忠孝,2023-12-06,6162
2867,三商壽,41,0,41,中國信託-忠孝,2023-12-06,6162
00637L,元大滬深300正2,41,0,41,中國信託-忠孝,2023-12-06,6162
1442,名軒,38,0,38,中國信託-忠孝,2023-12-06,6162
6811,宏�硌穈T,46,8,38,中國信託-忠孝,2023-12-06,6162
2344,華邦電,41,4,37,中國信託-忠孝,2023-12-06,6162
1301,台塑,32,0,32,中國信託-忠孝,2023-12-06,6162
1591,駿吉-KY,32,1,31,中國信託-忠孝,2023-12-06,6162
6438,迅得,31,0,31,中國信託-忠孝,2023-12-06,6162
2409,友達,30,1,29,中國信託-忠孝,2023-12-06,6162
2313,華通,134,106,28,中國信託-忠孝,2023-12-06,6162
2317,鴻海,25,0,25,中國信託-忠孝,2023-12-06,6162
2618,長榮航,28,3,25,中國信託-忠孝,2023-12-06,6162
00722B,群益投資級電信債,24,0,24,中國信託-忠孝,2023-12-06,6162
3715,定穎投控,62,38,24,中國信託-忠孝,2023-12-06,6162
6446,藥華藥,29,5,24,中國信託-忠孝,2023-12-06,6162
2102,泰豐,50,27,23,中國信託-忠孝,2023-12-06,6162
2363,矽統,29,6,23,中國信託-忠孝,2023-12-06,6162
00712,復華富時不動產,30,8,22,中國信託-忠孝,2023-12-06,6162
00715L,期街口布蘭特正2,24,2,22,中國信託-忠孝,2023-12-06,6162
4979,華星光,31,10,21,中國信託-忠孝,2023-12-06,6162
00720B,元大投資級公司債,26,5,21,中國信託-忠孝,2023-12-06,6162
6165,浪凡,21,0,21,中國信託-忠孝,2023-12-06,6162
8358,金居,21,0,21,中國信託-忠孝,2023-12-06,6162
00935,野村臺灣新科技50,21,0,21,中國信託-忠孝,2023-12-06,6162
6186,新潤,21,0,21,中國信託-忠孝,2023-12-06,6162
5351,鈺創,21,0,21,中國信託-忠孝,2023-12-06,6162
1503,士電,62,42,20,中國信託-忠孝,2023-12-06,6162
9945,潤泰新,20,0,20,中國信託-忠孝,2023-12-06,6162
2883B,凱基金乙特,20,0,20,中國信託-忠孝,2023-12-06,6162
3013,晟銘電,66,46,20,中國信託-忠孝,2023-12-06,6162
1734,杏輝,20,0,20,中國信託-忠孝,2023-12-06,6162
2530,華建,20,1,19,中國信託-忠孝,2023-12-06,6162
1789,神隆,19,0,19,中國信託-忠孝,2023-12-06,6162
4746,台耀,29,10,19,中國信託-忠孝,2023-12-06,6162
00933B,國泰10Y+金融債,840,11,829,中國信託-忠孝,2023-12-07,6162
00679B,元大美債20年,407,11,396,中國信託-忠孝,2023-12-07,6162
2612,中航,355,10,345,中國信託-忠孝,2023-12-07,6162
8921,沈氏,300,0,300,中國信託-忠孝,2023-12-07,6162
00680L,元大美債20正2,428,155,273,中國信託-忠孝,2023-12-07,6162
00929,復華台灣科技優息,219,19,200,中國信託-忠孝,2023-12-07,6162
2615,萬海,200,1,199,中國信託-忠孝,2023-12-07,6162
00687B,國泰20年美債,247,48,199,中國信託-忠孝,2023-12-07,6162
00919,群益台灣精選高息,247,59,188,中國信託-忠孝,2023-12-07,6162
00688L,國泰20年美債正2,156,0,156,中國信託-忠孝,2023-12-07,6162
1313,聯成,150,0,150,中國信託-忠孝,2023-12-07,6162
00637L,元大滬深300正2,212,62,150,中國信託-忠孝,2023-12-07,6162
00665L,富邦�琤肭磪囓�2,149,0,149,中國信託-忠孝,2023-12-07,6162
9105,泰金寶-DR,100,0,100,中國信託-忠孝,2023-12-07,6162
3450,聯鈞,116,17,99,中國信託-忠孝,2023-12-07,6162
00715L,期街口布蘭特正2,78,0,78,中國信託-忠孝,2023-12-07,6162
00882,中信中國高股息,91,13,78,中國信託-忠孝,2023-12-07,6162
5381,合正,75,2,73,中國信託-忠孝,2023-12-07,6162
2891,中信金,68,0,68,中國信託-忠孝,2023-12-07,6162
5213,亞昕,145,82,63,中國信託-忠孝,2023-12-07,6162
6449,鈺邦,62,2,60,中國信託-忠孝,2023-12-07,6162
2527,宏璟,59,2,57,中國信託-忠孝,2023-12-07,6162
2371,大同,74,18,56,中國信託-忠孝,2023-12-07,6162
6577,勁豐,55,0,55,中國信託-忠孝,2023-12-07,6162
1326,台化,50,0,50,中國信託-忠孝,2023-12-07,6162
2204,中華,52,6,46,中國信託-忠孝,2023-12-07,6162
00720B,元大投資級公司債,51,10,41,中國信託-忠孝,2023-12-07,6162
00918,大華優利高填息30,40,0,40,中國信託-忠孝,2023-12-07,6162
2211,長榮鋼,42,5,37,中國信託-忠孝,2023-12-07,6162
3363,上詮,86,50,36,中國信託-忠孝,2023-12-07,6162
6005,群益證,35,0,35,中國信託-忠孝,2023-12-07,6162
00795B,中信美國公債20年,46,12,34,中國信託-忠孝,2023-12-07,6162
6625,必應,31,1,30,中國信託-忠孝,2023-12-07,6162
00885,富邦越南,30,0,30,中國信託-忠孝,2023-12-07,6162
1532,勤美,31,2,29,中國信託-忠孝,2023-12-07,6162
3013,晟銘電,62,35,27,中國信託-忠孝,2023-12-07,6162
00712,復華富時不動產,42,15,27,中國信託-忠孝,2023-12-07,6162
2303,聯電,91,65,26,中國信託-忠孝,2023-12-07,6162
2312,金寶,728,702,26,中國信託-忠孝,2023-12-07,6162
00915,凱基優選高股息30,26,0,26,中國信託-忠孝,2023-12-07,6162
4561,健椿,28,2,26,中國信託-忠孝,2023-12-07,6162
2606,裕民,41,16,25,中國信託-忠孝,2023-12-07,6162
6527,明達醫,26,1,25,中國信託-忠孝,2023-12-07,6162
2317,鴻海,29,4,25,中國信託-忠孝,2023-12-07,6162
8171,天宇,23,0,23,中國信託-忠孝,2023-12-07,6162
2701,萬企,23,0,23,中國信託-忠孝,2023-12-07,6162
1319,東陽,43,20,23,中國信託-忠孝,2023-12-07,6162
00650L,復華香港正2,21,0,21,中國信託-忠孝,2023-12-07,6162
6811,宏�硌穈T,22,1,21,中國信託-忠孝,2023-12-07,6162
2530,華建,19,0,19,中國信託-忠孝,2023-12-07,6162
00680L,元大美債20正2,509,80,429,中國信託-忠孝,2023-12-08,6162
00937B,群益ESG投等債20,344,71,273,中國信託-忠孝,2023-12-08,6162
1313,聯成,170,0,170,中國信託-忠孝,2023-12-08,6162
3078,僑威,194,38,156,中國信託-忠孝,2023-12-08,6162
00882,中信中國高股息,134,0,134,中國信託-忠孝,2023-12-08,6162
2331,精英,290,164,126,中國信託-忠孝,2023-12-08,6162
00919,群益台灣精選高息,150,30,120,中國信託-忠孝,2023-12-08,6162
00933B,國泰10Y+金融債,110,1,109,中國信託-忠孝,2023-12-08,6162
00687B,國泰20年美債,129,36,93,中國信託-忠孝,2023-12-08,6162
1514,亞力,158,69,89,中國信託-忠孝,2023-12-08,6162
6284,佳邦,70,0,70,中國信託-忠孝,2023-12-08,6162
5213,亞昕,128,59,69,中國信託-忠孝,2023-12-08,6162
2329,華泰,85,17,68,中國信託-忠孝,2023-12-08,6162
2211,長榮鋼,62,2,60,中國信託-忠孝,2023-12-08,6162
2889,國票金,60,1,59,中國信託-忠孝,2023-12-08,6162
6271,同欣電,62,4,58,中國信託-忠孝,2023-12-08,6162
2630,亞航,53,0,53,中國信託-忠孝,2023-12-08,6162
1326,台化,51,0,51,中國信託-忠孝,2023-12-08,6162
2485,兆赫,43,0,43,中國信託-忠孝,2023-12-08,6162
00679B,元大美債20年,53,16,37,中國信託-忠孝,2023-12-08,6162
2520,冠德,38,4,34,中國信託-忠孝,2023-12-08,6162
1524,耿鼎,128,97,31,中國信託-忠孝,2023-12-08,6162
3686,達能,30,0,30,中國信託-忠孝,2023-12-08,6162
2612,中航,32,3,29,中國信託-忠孝,2023-12-08,6162
4119,旭富,28,0,28,中國信託-忠孝,2023-12-08,6162
00931B,統一美債20年,28,0,28,中國信託-忠孝,2023-12-08,6162
3062,建漢,25,0,25,中國信託-忠孝,2023-12-08,6162
6491,晶碩,25,0,25,中國信託-忠孝,2023-12-08,6162
3231,緯創,69,45,24,中國信託-忠孝,2023-12-08,6162
3131,弘塑,28,4,24,中國信託-忠孝,2023-12-08,6162
2317,鴻海,33,10,23,中國信託-忠孝,2023-12-08,6162
2371,大同,28,6,22,中國信託-忠孝,2023-12-08,6162
00715L,期街口布蘭特正2,21,0,21,中國信託-忠孝,2023-12-08,6162
00720B,元大投資級公司債,28,7,21,中國信託-忠孝,2023-12-08,6162
1108,幸福,20,0,20,中國信託-忠孝,2023-12-08,6162
2816,旺旺保,25,5,20,中國信託-忠孝,2023-12-08,6162
3645,達邁,20,0,20,中國信託-忠孝,2023-12-08,6162
00642U,期元大S＆P石油,18,0,18,中國信託-忠孝,2023-12-08,6162
1584,精剛,18,0,18,中國信託-忠孝,2023-12-08,6162
2462,良得電,19,2,17,中國信託-忠孝,2023-12-08,6162
6129,普誠,17,0,17,中國信託-忠孝,2023-12-08,6162
4746,台耀,18,1,17,中國信託-忠孝,2023-12-08,6162
2314,台揚,38,22,16,中國信託-忠孝,2023-12-08,6162
3035,智原,24,9,15,中國信託-忠孝,2023-12-08,6162
6414,樺漢,18,3,15,中國信託-忠孝,2023-12-08,6162
6121,新普,21,6,15,中國信託-忠孝,2023-12-08,6162
00662,富邦NASDAQ,15,0,15,中國信託-忠孝,2023-12-08,6162
00799B,國泰A級醫療債,15,0,15,中國信託-忠孝,2023-12-08,6162
1504,東元,15,0,15,中國信託-忠孝,2023-12-08,6162
00782B,國泰A級公用債,15,0,15,中國信託-忠孝,2023-12-08,6162
00688L,國泰20年美債正2,1422,0,1422,中國信託-忠孝,2023-12-11,6162
00882,中信中國高股息,245,4,241,中國信託-忠孝,2023-12-11,6162
00919,群益台灣精選高息,216,4,212,中國信託-忠孝,2023-12-11,6162
6182,合晶,100,0,100,中國信託-忠孝,2023-12-11,6162
5213,亞昕,111,24,87,中國信託-忠孝,2023-12-11,6162
00918,大華優利高填息30,77,0,77,中國信託-忠孝,2023-12-11,6162
1519,華城,87,11,76,中國信託-忠孝,2023-12-11,6162
00687B,國泰20年美債,65,1,64,中國信託-忠孝,2023-12-11,6162
2883,凱基金,60,0,60,中國信託-忠孝,2023-12-11,6162
00753L,中信中國50正2,58,0,58,中國信託-忠孝,2023-12-11,6162
00637L,元大滬深300正2,83,32,51,中國信託-忠孝,2023-12-11,6162
4919,新唐,56,10,46,中國信託-忠孝,2023-12-11,6162
00830,國泰費城半導體,50,5,45,中國信託-忠孝,2023-12-11,6162
3694,海華,45,1,44,中國信託-忠孝,2023-12-11,6162
00929,復華台灣科技優息,98,58,40,中國信託-忠孝,2023-12-11,6162
00934,中信成長高股息,48,10,38,中國信託-忠孝,2023-12-11,6162
2816,旺旺保,42,4,38,中國信託-忠孝,2023-12-11,6162
2388,威盛,165,128,37,中國信託-忠孝,2023-12-11,6162
3526,凡甲,35,0,35,中國信託-忠孝,2023-12-11,6162
8354,冠好,33,0,33,中國信託-忠孝,2023-12-11,6162
2368,金像電,33,3,30,中國信託-忠孝,2023-12-11,6162
2371,大同,61,32,29,中國信託-忠孝,2023-12-11,6162
2888,新光金,34,5,29,中國信託-忠孝,2023-12-11,6162
1524,耿鼎,78,52,26,中國信託-忠孝,2023-12-11,6162
00665L,富邦�琤肭磪囓�2,26,0,26,中國信託-忠孝,2023-12-11,6162
2889,國票金,25,0,25,中國信託-忠孝,2023-12-11,6162
00878,國泰永續高股息,60,36,24,中國信託-忠孝,2023-12-11,6162
6527,明達醫,24,0,24,中國信託-忠孝,2023-12-11,6162
2392,正崴,26,2,24,中國信託-忠孝,2023-12-11,6162
2376,技嘉,36,12,24,中國信託-忠孝,2023-12-11,6162
5009,榮剛,26,2,24,中國信託-忠孝,2023-12-11,6162
2002,中鋼,90,66,24,中國信託-忠孝,2023-12-11,6162
2317,鴻海,33,10,23,中國信託-忠孝,2023-12-11,6162
6535,順藥,20,0,20,中國信託-忠孝,2023-12-11,6162
00650L,復華香港正2,20,0,20,中國信託-忠孝,2023-12-11,6162
00900,富邦特選高股息30,56,36,20,中國信託-忠孝,2023-12-11,6162
2365,昆盈,24,5,19,中國信託-忠孝,2023-12-11,6162
4916,事欣科,18,0,18,中國信託-忠孝,2023-12-11,6162
1504,東元,20,3,17,中國信託-忠孝,2023-12-11,6162
2618,長榮航,23,6,17,中國信託-忠孝,2023-12-11,6162
00902,中信電池及儲能,16,0,16,中國信託-忠孝,2023-12-11,6162
6605,帝寶,16,0,16,中國信託-忠孝,2023-12-11,6162
6550,北極星藥業-KY,15,0,15,中國信託-忠孝,2023-12-11,6162
2739,寒舍,20,6,14,中國信託-忠孝,2023-12-11,6162
6114,久威,25,11,14,中國信託-忠孝,2023-12-11,6162
2442,新美齊,13,0,13,中國信託-忠孝,2023-12-11,6162
6811,宏�硌穈T,13,0,13,中國信託-忠孝,2023-12-11,6162
2211,長榮鋼,13,1,12,中國信託-忠孝,2023-12-11,6162
3479,安勤,15,3,12,中國信託-忠孝,2023-12-11,6162
2913,農林,12,0,12,中國信託-忠孝,2023-12-11,6162
00929,復華台灣科技優息,804,69,735,中國信託-忠孝,2023-12-12,6162
00915,凱基優選高股息30,289,1,288,中國信託-忠孝,2023-12-12,6162
00919,群益台灣精選高息,304,35,269,中國信託-忠孝,2023-12-12,6162
1591,駿吉-KY,253,2,251,中國信託-忠孝,2023-12-12,6162
1435,中福,1029,825,204,中國信託-忠孝,2023-12-12,6162
00680L,元大美債20正2,109,5,104,中國信託-忠孝,2023-12-12,6162
2615,萬海,211,110,101,中國信託-忠孝,2023-12-12,6162
00687B,國泰20年美債,95,4,91,中國信託-忠孝,2023-12-12,6162
6139,亞翔,120,46,74,中國信託-忠孝,2023-12-12,6162
3234,光環,76,6,70,中國信託-忠孝,2023-12-12,6162
6491,晶碩,69,1,68,中國信託-忠孝,2023-12-12,6162
3305,昇貿,70,4,66,中國信託-忠孝,2023-12-12,6162
00637L,元大滬深300正2,100,41,59,中國信託-忠孝,2023-12-12,6162
3645,達邁,55,0,55,中國信託-忠孝,2023-12-12,6162
00641R,富邦日本反1,50,0,50,中國信託-忠孝,2023-12-12,6162
6187,萬潤,52,4,48,中國信託-忠孝,2023-12-12,6162
2308,台達電,65,19,46,中國信託-忠孝,2023-12-12,6162
3231,緯創,105,60,45,中國信託-忠孝,2023-12-12,6162
5213,亞昕,74,35,39,中國信託-忠孝,2023-12-12,6162
8011,台通,90,54,36,中國信託-忠孝,2023-12-12,6162
2392,正崴,80,45,35,中國信託-忠孝,2023-12-12,6162
2498,宏達電,30,0,30,中國信託-忠孝,2023-12-12,6162
2317,鴻海,32,4,28,中國信託-忠孝,2023-12-12,6162
4967,十銓,36,9,27,中國信託-忠孝,2023-12-12,6162
00918,大華優利高填息30,31,5,26,中國信託-忠孝,2023-12-12,6162
6223,旺矽,26,2,24,中國信託-忠孝,2023-12-12,6162
2027,大成鋼,26,2,24,中國信託-忠孝,2023-12-12,6162
8034,榮群,31,7,24,中國信託-忠孝,2023-12-12,6162
2211,長榮鋼,24,1,23,中國信託-忠孝,2023-12-12,6162
00937B,群益ESG投等債20,26,3,23,中國信託-忠孝,2023-12-12,6162
2363,矽統,66,44,22,中國信託-忠孝,2023-12-12,6162
3265,台星科,24,2,22,中國信託-忠孝,2023-12-12,6162
8039,台虹,21,0,21,中國信託-忠孝,2023-12-12,6162
4532,瑞智,20,0,20,中國信託-忠孝,2023-12-12,6162
5426,振發,48,28,20,中國信託-忠孝,2023-12-12,6162
6509,聚和,20,0,20,中國信託-忠孝,2023-12-12,6162
00679B,元大美債20年,31,12,19,中國信託-忠孝,2023-12-12,6162
00934,中信成長高股息,25,6,19,中國信託-忠孝,2023-12-12,6162
00891,中信關鍵半導體,21,3,18,中國信託-忠孝,2023-12-12,6162
1442,名軒,17,0,17,中國信託-忠孝,2023-12-12,6162
2538,基泰,17,0,17,中國信託-忠孝,2023-12-12,6162
2002,中鋼,67,51,16,中國信託-忠孝,2023-12-12,6162
2545,皇翔,16,0,16,中國信託-忠孝,2023-12-12,6162
1326,台化,16,0,16,中國信託-忠孝,2023-12-12,6162
1618,合機,92,76,16,中國信託-忠孝,2023-12-12,6162
2492,華新科,16,0,16,中國信託-忠孝,2023-12-12,6162
8401,白紗科,18,2,16,中國信託-忠孝,2023-12-12,6162
00632R,元大台灣50反1,16,0,16,中國信託-忠孝,2023-12-12,6162
2402,毅嘉,20,4,16,中國信託-忠孝,2023-12-12,6162
5351,鈺創,39,23,16,中國信託-忠孝,2023-12-12,6162
00929,復華台灣科技優息,773,53,720,中國信託-忠孝,2023-12-13,6162
2312,金寶,1027,503,524,中國信託-忠孝,2023-12-13,6162
00676R,富邦臺灣加權反1,260,0,260,中國信託-忠孝,2023-12-13,6162
3363,上詮,159,15,144,中國信託-忠孝,2023-12-13,6162
00665L,富邦�琤肭磪囓�2,132,0,132,中國信託-忠孝,2023-12-13,6162
3211,順達,111,0,111,中國信託-忠孝,2023-12-13,6162
00919,群益台灣精選高息,184,93,91,中國信託-忠孝,2023-12-13,6162
00715L,期街口布蘭特正2,119,30,89,中國信託-忠孝,2023-12-13,6162
3437,榮創,94,5,89,中國信託-忠孝,2023-12-13,6162
3044,健鼎,76,1,75,中國信託-忠孝,2023-12-13,6162
00915,凱基優選高股息30,82,8,74,中國信託-忠孝,2023-12-13,6162
00918,大華優利高填息30,73,0,73,中國信託-忠孝,2023-12-13,6162
2882,國泰金,71,4,67,中國信託-忠孝,2023-12-13,6162
2886,兆豐金,58,0,58,中國信託-忠孝,2023-12-13,6162
1815,富喬,73,19,54,中國信託-忠孝,2023-12-13,6162
2615,萬海,102,50,52,中國信託-忠孝,2023-12-13,6162
1108,幸福,116,68,48,中國信託-忠孝,2023-12-13,6162
00679B,元大美債20年,48,1,47,中國信託-忠孝,2023-12-13,6162
00687B,國泰20年美債,62,16,46,中國信託-忠孝,2023-12-13,6162
00753L,中信中國50正2,50,5,45,中國信託-忠孝,2023-12-13,6162
6182,合晶,71,29,42,中國信託-忠孝,2023-12-13,6162
2405,輔信,45,5,40,中國信託-忠孝,2023-12-13,6162
4906,正文,58,19,39,中國信託-忠孝,2023-12-13,6162
00680L,元大美債20正2,140,101,39,中國信託-忠孝,2023-12-13,6162
00637L,元大滬深300正2,37,0,37,中國信託-忠孝,2023-12-13,6162
1591,駿吉-KY,44,9,35,中國信託-忠孝,2023-12-13,6162
8039,台虹,35,0,35,中國信託-忠孝,2023-12-13,6162
8112,至上,85,53,32,中國信託-忠孝,2023-12-13,6162
2492,華新科,35,3,32,中國信託-忠孝,2023-12-13,6162
2881,富邦金,54,22,32,中國信託-忠孝,2023-12-13,6162
3035,智原,192,161,31,中國信託-忠孝,2023-12-13,6162
2211,長榮鋼,31,1,30,中國信託-忠孝,2023-12-13,6162
00655L,國泰中國A50正2,28,0,28,中國信託-忠孝,2023-12-13,6162
2317,鴻海,25,0,25,中國信託-忠孝,2023-12-13,6162
3231,緯創,82,58,24,中國信託-忠孝,2023-12-13,6162
2201,裕隆,26,2,24,中國信託-忠孝,2023-12-13,6162
2002,中鋼,77,54,23,中國信託-忠孝,2023-12-13,6162
4919,新唐,23,1,22,中國信託-忠孝,2023-12-13,6162
6005,群益證,23,1,22,中國信託-忠孝,2023-12-13,6162
2379,瑞昱,26,4,22,中國信託-忠孝,2023-12-13,6162
2606,裕民,22,1,21,中國信託-忠孝,2023-12-13,6162
00642U,期元大S＆P石油,21,0,21,中國信託-忠孝,2023-12-13,6162
8464,億豐,21,0,21,中國信託-忠孝,2023-12-13,6162
6112,邁達特,22,2,20,中國信託-忠孝,2023-12-13,6162
3024,憶聲,40,20,20,中國信託-忠孝,2023-12-13,6162
6246,臺龍,20,0,20,中國信託-忠孝,2023-12-13,6162
2449,京元電子,28,8,20,中國信託-忠孝,2023-12-13,6162
2891,中信金,50,32,18,中國信託-忠孝,2023-12-13,6162
6121,新普,18,0,18,中國信託-忠孝,2023-12-13,6162
00936,台新永續高息中小,18,0,18,中國信託-忠孝,2023-12-13,6162
00637L,元大滬深300正2,1741,0,1741,中國信託-忠孝,2023-12-14,6162
00680L,元大美債20正2,1018,10,1008,中國信託-忠孝,2023-12-14,6162
00688L,國泰20年美債正2,912,8,904,中國信託-忠孝,2023-12-14,6162
2331,精英,397,35,362,中國信託-忠孝,2023-12-14,6162
00679B,元大美債20年,163,14,149,中國信託-忠孝,2023-12-14,6162
2344,華邦電,150,2,148,中國信託-忠孝,2023-12-14,6162
00937B,群益ESG投等債20,145,9,136,中國信託-忠孝,2023-12-14,6162
1584,精剛,93,13,80,中國信託-忠孝,2023-12-14,6162
5426,振發,111,34,77,中國信託-忠孝,2023-12-14,6162
3044,健鼎,76,0,76,中國信託-忠孝,2023-12-14,6162
2633,台灣高鐵,75,4,71,中國信託-忠孝,2023-12-14,6162
00751B,元大AAA至A公司債,71,3,68,中國信託-忠孝,2023-12-14,6162
00720B,元大投資級公司債,85,20,65,中國信託-忠孝,2023-12-14,6162
00935,野村臺灣新科技50,57,0,57,中國信託-忠孝,2023-12-14,6162
2615,萬海,57,1,56,中國信託-忠孝,2023-12-14,6162
1591,駿吉-KY,54,1,53,中國信託-忠孝,2023-12-14,6162
1718,中纖,50,0,50,中國信託-忠孝,2023-12-14,6162
9105,泰金寶-DR,47,0,47,中國信託-忠孝,2023-12-14,6162
3645,達邁,71,25,46,中國信託-忠孝,2023-12-14,6162
2515,中工,49,10,39,中國信託-忠孝,2023-12-14,6162
2211,長榮鋼,39,1,38,中國信託-忠孝,2023-12-14,6162
00687B,國泰20年美債,69,32,37,中國信託-忠孝,2023-12-14,6162
00931B,統一美債20年,40,5,35,中國信託-忠孝,2023-12-14,6162
9958,世紀鋼,38,3,35,中國信託-忠孝,2023-12-14,6162
00934,中信成長高股息,35,0,35,中國信託-忠孝,2023-12-14,6162
3363,上詮,32,2,30,中國信託-忠孝,2023-12-14,6162
8089,康全電訊,35,5,30,中國信託-忠孝,2023-12-14,6162
00632R,元大台灣50反1,49,20,29,中國信託-忠孝,2023-12-14,6162
00799B,國泰A級醫療債,28,0,28,中國信託-忠孝,2023-12-14,6162
00933B,國泰10Y+金融債,25,0,25,中國信託-忠孝,2023-12-14,6162
00782B,國泰A級公用債,28,3,25,中國信託-忠孝,2023-12-14,6162
00795B,中信美國公債20年,35,11,24,中國信託-忠孝,2023-12-14,6162
2606,裕民,28,5,23,中國信託-忠孝,2023-12-14,6162
6235,華孚,27,7,20,中國信託-忠孝,2023-12-14,6162
6223,旺矽,22,2,20,中國信託-忠孝,2023-12-14,6162
00706L,期元大S＆P日圓正2,27,7,20,中國信託-忠孝,2023-12-14,6162
4939,亞電,48,29,19,中國信託-忠孝,2023-12-14,6162
3706,神達,26,7,19,中國信託-忠孝,2023-12-14,6162
3362,先進光,37,19,18,中國信託-忠孝,2023-12-14,6162
2353,宏��,27,9,18,中國信託-忠孝,2023-12-14,6162
5521,工信,47,29,18,中國信託-忠孝,2023-12-14,6162
2816,旺旺保,16,0,16,中國信託-忠孝,2023-12-14,6162
1312,國喬,16,0,16,中國信託-忠孝,2023-12-14,6162
2530,華建,16,0,16,中國信託-忠孝,2023-12-14,6162
6190,萬泰科,15,0,15,中國信託-忠孝,2023-12-14,6162
4503,金雨,15,0,15,中國信託-忠孝,2023-12-14,6162
2405,輔信,20,5,15,中國信託-忠孝,2023-12-14,6162
1313,聯成,15,0,15,中國信託-忠孝,2023-12-14,6162
6770,力積電,19,4,15,中國信託-忠孝,2023-12-14,6162
3552,同致,14,0,14,中國信託-忠孝,2023-12-14,6162
00919,群益台灣精選高息,1041,94,947,中國信託-忠孝,2023-12-15,6162
00637L,元大滬深300正2,313,13,300,中國信託-忠孝,2023-12-15,6162
2356,英業達,431,170,261,中國信託-忠孝,2023-12-15,6162
00680L,元大美債20正2,213,15,198,中國信託-忠孝,2023-12-15,6162
00687B,國泰20年美債,154,16,138,中國信託-忠孝,2023-12-15,6162
00679B,元大美債20年,153,25,128,中國信託-忠孝,2023-12-15,6162
2363,矽統,332,216,116,中國信託-忠孝,2023-12-15,6162
00915,凱基優選高股息30,113,0,113,中國信託-忠孝,2023-12-15,6162
00751B,元大AAA至A公司債,117,10,107,中國信託-忠孝,2023-12-15,6162
00787B,元大10年IG醫療債,100,0,100,中國信託-忠孝,2023-12-15,6162
00934,中信成長高股息,110,21,89,中國信託-忠孝,2023-12-15,6162
3265,台星科,89,1,88,中國信託-忠孝,2023-12-15,6162
2887,台新金,93,6,87,中國信託-忠孝,2023-12-15,6162
00795B,中信美國公債20年,93,15,78,中國信託-忠孝,2023-12-15,6162
2609,陽明,214,154,60,中國信託-忠孝,2023-12-15,6162
2498,宏達電,58,2,56,中國信託-忠孝,2023-12-15,6162
00918,大華優利高填息30,55,0,55,中國信託-忠孝,2023-12-15,6162
00706L,期元大S＆P日圓正2,54,0,54,中國信託-忠孝,2023-12-15,6162
6139,亞翔,59,8,51,中國信託-忠孝,2023-12-15,6162
2820,華票,51,0,51,中國信託-忠孝,2023-12-15,6162
2915,潤泰全,51,0,51,中國信託-忠孝,2023-12-15,6162
00772B,中信高評級公司債,58,9,49,中國信託-忠孝,2023-12-15,6162
2412,中華電,60,12,48,中國信託-忠孝,2023-12-15,6162
00923,群益台ESG低碳50,52,6,46,中國信託-忠孝,2023-12-15,6162
00688L,國泰20年美債正2,77,34,43,中國信託-忠孝,2023-12-15,6162
2612,中航,41,0,41,中國信託-忠孝,2023-12-15,6162
3231,緯創,50,11,39,中國信託-忠孝,2023-12-15,6162
2405,輔信,38,0,38,中國信託-忠孝,2023-12-15,6162
2618,長榮航,39,4,35,中國信託-忠孝,2023-12-15,6162
6861,睿生光電,35,0,35,中國信託-忠孝,2023-12-15,6162
00936,台新永續高息中小,35,2,33,中國信託-忠孝,2023-12-15,6162
2034,允強,31,0,31,中國信託-忠孝,2023-12-15,6162
3663,鑫科,30,0,30,中國信託-忠孝,2023-12-15,6162
00933B,國泰10Y+金融債,29,0,29,中國信託-忠孝,2023-12-15,6162
2211,長榮鋼,38,9,29,中國信託-忠孝,2023-12-15,6162
6182,合晶,52,24,28,中國信託-忠孝,2023-12-15,6162
2379,瑞昱,31,4,27,中國信託-忠孝,2023-12-15,6162
00900,富邦特選高股息30,31,5,26,中國信託-忠孝,2023-12-15,6162
1609,大亞,28,3,25,中國信託-忠孝,2023-12-15,6162
00632R,元大台灣50反1,22,0,22,中國信託-忠孝,2023-12-15,6162
8936,國統,27,5,22,中國信託-忠孝,2023-12-15,6162
2530,華建,21,0,21,中國信託-忠孝,2023-12-15,6162
2421,建準,47,26,21,中國信託-忠孝,2023-12-15,6162
2851,中再保,25,5,20,中國信託-忠孝,2023-12-15,6162
00639,富邦深100,20,0,20,中國信託-忠孝,2023-12-15,6162
6005,群益證,20,0,20,中國信託-忠孝,2023-12-15,6162
2883B,凱基金乙特,20,0,20,中國信託-忠孝,2023-12-15,6162
00655L,國泰中國A50正2,23,3,20,中國信託-忠孝,2023-12-15,6162
2882,國泰金,23,4,19,中國信託-忠孝,2023-12-15,6162
00633L,富邦上証正2,23,5,18,中國信託-忠孝,2023-12-15,6162
00929,復華台灣科技優息,864,115,749,中國信託-忠孝,2023-12-18,6162
2331,精英,392,10,382,中國信託-忠孝,2023-12-18,6162
00637L,元大滬深300正2,377,6,371,中國信託-忠孝,2023-12-18,6162
00680L,元大美債20正2,233,25,208,中國信託-忠孝,2023-12-18,6162
00937B,群益ESG投等債20,158,16,142,中國信託-忠孝,2023-12-18,6162
9933,中鼎,136,0,136,中國信託-忠孝,2023-12-18,6162
00882,中信中國高股息,134,4,130,中國信託-忠孝,2023-12-18,6162
2002,中鋼,152,28,124,中國信託-忠孝,2023-12-18,6162
6015,宏遠證,100,0,100,中國信託-忠孝,2023-12-18,6162
00720B,元大投資級公司債,84,2,82,中國信託-忠孝,2023-12-18,6162
1521,大億,80,0,80,中國信託-忠孝,2023-12-18,6162
00665L,富邦�琤肭磪囓�2,66,0,66,中國信託-忠孝,2023-12-18,6162
6275,元山,67,2,65,中國信託-忠孝,2023-12-18,6162
2618,長榮航,77,13,64,中國信託-忠孝,2023-12-18,6162
2323,中環,60,0,60,中國信託-忠孝,2023-12-18,6162
2356,英業達,144,84,60,中國信託-忠孝,2023-12-18,6162
00688L,國泰20年美債正2,79,25,54,中國信託-忠孝,2023-12-18,6162
2038,海光,50,0,50,中國信託-忠孝,2023-12-18,6162
00753L,中信中國50正2,50,0,50,中國信託-忠孝,2023-12-18,6162
1603,華電,51,2,49,中國信託-忠孝,2023-12-18,6162
2211,長榮鋼,52,5,47,中國信託-忠孝,2023-12-18,6162
2545,皇翔,42,0,42,中國信託-忠孝,2023-12-18,6162
1514,亞力,125,85,40,中國信託-忠孝,2023-12-18,6162
1905,華紙,77,41,36,中國信託-忠孝,2023-12-18,6162
2888,新光金,30,0,30,中國信託-忠孝,2023-12-18,6162
4164,承業醫,30,0,30,中國信託-忠孝,2023-12-18,6162
00772B,中信高評級公司債,33,5,28,中國信託-忠孝,2023-12-18,6162
00712,復華富時不動產,43,18,25,中國信託-忠孝,2023-12-18,6162
2023,燁輝,94,70,24,中國信託-忠孝,2023-12-18,6162
6290,良維,24,0,24,中國信託-忠孝,2023-12-18,6162
2615,萬海,257,234,23,中國信託-忠孝,2023-12-18,6162
00933B,國泰10Y+金融債,22,0,22,中國信託-忠孝,2023-12-18,6162
2515,中工,23,1,22,中國信託-忠孝,2023-12-18,6162
3006,晶豪科,80,59,21,中國信託-忠孝,2023-12-18,6162
2412,中華電,21,0,21,中國信託-忠孝,2023-12-18,6162
2013,中鋼構,20,0,20,中國信託-忠孝,2023-12-18,6162
1515,力山,20,0,20,中國信託-忠孝,2023-12-18,6162
00915,凱基優選高股息30,23,3,20,中國信託-忠孝,2023-12-18,6162
2324,仁寶,53,33,20,中國信託-忠孝,2023-12-18,6162
2641,正德,24,4,20,中國信託-忠孝,2023-12-18,6162
00751B,元大AAA至A公司債,33,13,20,中國信託-忠孝,2023-12-18,6162
3231,緯創,39,20,19,中國信託-忠孝,2023-12-18,6162
00891,中信關鍵半導體,18,0,18,中國信託-忠孝,2023-12-18,6162
2633,台灣高鐵,17,0,17,中國信託-忠孝,2023-12-18,6162
2419,仲琦,28,12,16,中國信託-忠孝,2023-12-18,6162
6205,詮欣,18,2,16,中國信託-忠孝,2023-12-18,6162
6901,鑽石投資,16,0,16,中國信託-忠孝,2023-12-18,6162
1304,台聚,17,1,16,中國信託-忠孝,2023-12-18,6162
2645,長榮航太,17,1,16,中國信託-忠孝,2023-12-18,6162
2014,中鴻,81,65,16,中國信託-忠孝,2023-12-18,6162
00929,復華台灣科技優息,1028,314,714,中國信託-忠孝,2023-12-19,6162
3231,緯創,320,65,255,中國信託-忠孝,2023-12-19,6162
00919,群益台灣精選高息,218,6,212,中國信託-忠孝,2023-12-19,6162
00680L,元大美債20正2,188,35,153,中國信託-忠孝,2023-12-19,6162
6179,亞通,150,13,137,中國信託-忠孝,2023-12-19,6162
2356,英業達,285,156,129,中國信託-忠孝,2023-12-19,6162
2344,華邦電,124,4,120,中國信託-忠孝,2023-12-19,6162
2615,萬海,282,171,111,中國信託-忠孝,2023-12-19,6162
6269,台郡,114,7,107,中國信託-忠孝,2023-12-19,6162
1108,幸福,95,3,92,中國信託-忠孝,2023-12-19,6162
2618,長榮航,90,13,77,中國信託-忠孝,2023-12-19,6162
4157,太景*-KY,72,0,72,中國信託-忠孝,2023-12-19,6162
2534,宏盛,81,10,71,中國信託-忠孝,2023-12-19,6162
00933B,國泰10Y+金融債,69,0,69,中國信託-忠孝,2023-12-19,6162
2353,宏��,180,115,65,中國信託-忠孝,2023-12-19,6162
00688L,國泰20年美債正2,71,7,64,中國信託-忠孝,2023-12-19,6162
9945,潤泰新,61,0,61,中國信託-忠孝,2023-12-19,6162
00687B,國泰20年美債,131,81,50,中國信託-忠孝,2023-12-19,6162
2605,新興,68,19,49,中國信託-忠孝,2023-12-19,6162
00878,國泰永續高股息,82,36,46,中國信託-忠孝,2023-12-19,6162
8936,國統,102,57,45,中國信託-忠孝,2023-12-19,6162
0056,元大高股息,52,10,42,中國信託-忠孝,2023-12-19,6162
2701,萬企,41,0,41,中國信託-忠孝,2023-12-19,6162
2405,輔信,61,20,41,中國信託-忠孝,2023-12-19,6162
2211,長榮鋼,41,3,38,中國信託-忠孝,2023-12-19,6162
3036,文曄,39,1,38,中國信託-忠孝,2023-12-19,6162
7402,邑錡,35,0,35,中國信託-忠孝,2023-12-19,6162
4167,松瑞藥,40,5,35,中國信託-忠孝,2023-12-19,6162
2610,華航,38,7,31,中國信託-忠孝,2023-12-19,6162
6116,彩晶,31,0,31,中國信託-忠孝,2023-12-19,6162
2002,中鋼,53,22,31,中國信託-忠孝,2023-12-19,6162
2882,國泰金,31,0,31,中國信託-忠孝,2023-12-19,6162
2612,中航,30,0,30,中國信託-忠孝,2023-12-19,6162
00936,台新永續高息中小,39,10,29,中國信託-忠孝,2023-12-19,6162
2382,廣達,41,15,26,中國信託-忠孝,2023-12-19,6162
00934,中信成長高股息,74,48,26,中國信託-忠孝,2023-12-19,6162
1815,富喬,28,2,26,中國信託-忠孝,2023-12-19,6162
00918,大華優利高填息30,24,0,24,中國信託-忠孝,2023-12-19,6162
3494,誠研,22,0,22,中國信託-忠孝,2023-12-19,6162
00751B,元大AAA至A公司債,37,16,21,中國信託-忠孝,2023-12-19,6162
6472,保瑞,22,1,21,中國信託-忠孝,2023-12-19,6162
4414,如興,20,0,20,中國信託-忠孝,2023-12-19,6162
2545,皇翔,20,0,20,中國信託-忠孝,2023-12-19,6162
1438,三地開發,20,0,20,中國信託-忠孝,2023-12-19,6162
8089,康全電訊,25,6,19,中國信託-忠孝,2023-12-19,6162
5515,建國,30,11,19,中國信託-忠孝,2023-12-19,6162
2031,新光鋼,48,29,19,中國信託-忠孝,2023-12-19,6162
00882,中信中國高股息,22,4,18,中國信託-忠孝,2023-12-19,6162
00915,凱基優選高股息30,18,0,18,中國信託-忠孝,2023-12-19,6162
1515,力山,20,2,18,中國信託-忠孝,2023-12-19,6162
2545,皇翔,214,6,208,中國信託-忠孝,2023-12-20,6162
1435,中福,186,2,184,中國信託-忠孝,2023-12-20,6162
00919,群益台灣精選高息,227,46,181,中國信託-忠孝,2023-12-20,6162
2353,宏��,264,102,162,中國信託-忠孝,2023-12-20,6162
00929,復華台灣科技優息,112,18,94,中國信託-忠孝,2023-12-20,6162
2609,陽明,192,108,84,中國信託-忠孝,2023-12-20,6162
00637L,元大滬深300正2,65,0,65,中國信託-忠孝,2023-12-20,6162
1442,名軒,63,0,63,中國信託-忠孝,2023-12-20,6162
00751B,元大AAA至A公司債,84,22,62,中國信託-忠孝,2023-12-20,6162
1326,台化,62,1,61,中國信託-忠孝,2023-12-20,6162
2534,宏盛,194,133,61,中國信託-忠孝,2023-12-20,6162
4958,臻鼎-KY,60,0,60,中國信託-忠孝,2023-12-20,6162
6443,元晶,102,42,60,中國信託-忠孝,2023-12-20,6162
8085,福華,109,51,58,中國信託-忠孝,2023-12-20,6162
2501,國建,57,1,56,中國信託-忠孝,2023-12-20,6162
2377,微星,66,10,56,中國信託-忠孝,2023-12-20,6162
2515,中工,137,82,55,中國信託-忠孝,2023-12-20,6162
00933B,國泰10Y+金融債,53,0,53,中國信託-忠孝,2023-12-20,6162
2606,裕民,38,0,38,中國信託-忠孝,2023-12-20,6162
00687B,國泰20年美債,70,37,33,中國信託-忠孝,2023-12-20,6162
00712,復華富時不動產,63,30,33,中國信託-忠孝,2023-12-20,6162
4968,立積,48,15,33,中國信託-忠孝,2023-12-20,6162
2891,中信金,38,6,32,中國信託-忠孝,2023-12-20,6162
2603,長榮,63,32,31,中國信託-忠孝,2023-12-20,6162
8201,無敵,30,0,30,中國信託-忠孝,2023-12-20,6162
00680L,元大美債20正2,29,1,28,中國信託-忠孝,2023-12-20,6162
2520,冠德,27,0,27,中國信託-忠孝,2023-12-20,6162
2329,華泰,26,0,26,中國信託-忠孝,2023-12-20,6162
00679B,元大美債20年,67,41,26,中國信託-忠孝,2023-12-20,6162
2211,長榮鋼,27,2,25,中國信託-忠孝,2023-12-20,6162
00878,國泰永續高股息,137,113,24,中國信託-忠孝,2023-12-20,6162
6485,點序,23,1,22,中國信託-忠孝,2023-12-20,6162
00934,中信成長高股息,26,5,21,中國信託-忠孝,2023-12-20,6162
2645,長榮航太,21,0,21,中國信託-忠孝,2023-12-20,6162
00936,台新永續高息中小,21,0,21,中國信託-忠孝,2023-12-20,6162
2883B,凱基金乙特,20,0,20,中國信託-忠孝,2023-12-20,6162
3663,鑫科,20,0,20,中國信託-忠孝,2023-12-20,6162
00915,凱基優選高股息30,19,0,19,中國信託-忠孝,2023-12-20,6162
00924,復華S＆P500成長,18,0,18,中國信託-忠孝,2023-12-20,6162
00830,國泰費城半導體,18,2,16,中國信託-忠孝,2023-12-20,6162
3548,兆利,40,24,16,中國信託-忠孝,2023-12-20,6162
4162,智擎,16,0,16,中國信託-忠孝,2023-12-20,6162
2739,寒舍,21,5,16,中國信託-忠孝,2023-12-20,6162
00923,群益台ESG低碳50,16,1,15,中國信託-忠孝,2023-12-20,6162
5521,工信,18,5,13,中國信託-忠孝,2023-12-20,6162
2834,臺企銀,13,0,13,中國信託-忠孝,2023-12-20,6162
5425,台半,38,26,12,中國信託-忠孝,2023-12-20,6162
00696B,富邦美債20年,12,0,12,中國信託-忠孝,2023-12-20,6162
2014,中鴻,58,46,12,中國信託-忠孝,2023-12-20,6162
00642U,期元大S＆P石油,12,0,12,中國信託-忠孝,2023-12-20,6162
2331,精英,499,66,433,中國信託-忠孝,2023-12-21,6162
2014,中鴻,389,24,365,中國信託-忠孝,2023-12-21,6162
00919,群益台灣精選高息,284,10,274,中國信託-忠孝,2023-12-21,6162
00929,復華台灣科技優息,286,15,271,中國信託-忠孝,2023-12-21,6162
8085,福華,240,2,238,中國信託-忠孝,2023-12-21,6162
1314,中石化,240,5,235,中國信託-忠孝,2023-12-21,6162
2330,台積電,204,22,182,中國信託-忠孝,2023-12-21,6162
1326,台化,130,0,130,中國信託-忠孝,2023-12-21,6162
2867,三商壽,100,0,100,中國信託-忠孝,2023-12-21,6162
3231,緯創,188,106,82,中國信託-忠孝,2023-12-21,6162
2382,廣達,243,172,71,中國信託-忠孝,2023-12-21,6162
2031,新光鋼,71,0,71,中國信託-忠孝,2023-12-21,6162
00878,國泰永續高股息,86,17,69,中國信託-忠孝,2023-12-21,6162
00751B,元大AAA至A公司債,76,10,66,中國信託-忠孝,2023-12-21,6162
1442,名軒,65,0,65,中國信託-忠孝,2023-12-21,6162
1435,中福,50,0,50,中國信託-忠孝,2023-12-21,6162
0056,元大高股息,58,11,47,中國信託-忠孝,2023-12-21,6162
6179,亞通,47,1,46,中國信託-忠孝,2023-12-21,6162
8936,國統,51,8,43,中國信託-忠孝,2023-12-21,6162
2312,金寶,43,4,39,中國信託-忠孝,2023-12-21,6162
2353,宏��,91,52,39,中國信託-忠孝,2023-12-21,6162
00720B,元大投資級公司債,60,22,38,中國信託-忠孝,2023-12-21,6162
2501,國建,35,0,35,中國信託-忠孝,2023-12-21,6162
00931B,統一美債20年,31,1,30,中國信託-忠孝,2023-12-21,6162
2605,新興,35,7,28,中國信託-忠孝,2023-12-21,6162
2002,中鋼,27,2,25,中國信託-忠孝,2023-12-21,6162
00915,凱基優選高股息30,25,2,23,中國信託-忠孝,2023-12-21,6162
00795B,中信美國公債20年,77,55,22,中國信託-忠孝,2023-12-21,6162
2405,輔信,22,0,22,中國信託-忠孝,2023-12-21,6162
1732,毛寶,28,7,21,中國信託-忠孝,2023-12-21,6162
00688L,國泰20年美債正2,21,0,21,中國信託-忠孝,2023-12-21,6162
00687B,國泰20年美債,27,7,20,中國信託-忠孝,2023-12-21,6162
2610,華航,21,1,20,中國信託-忠孝,2023-12-21,6162
3526,凡甲,21,1,20,中國信託-忠孝,2023-12-21,6162
3357,臺慶科,20,0,20,中國信託-忠孝,2023-12-21,6162
6026,福邦證,20,0,20,中國信託-忠孝,2023-12-21,6162
1203,味王,20,0,20,中國信託-忠孝,2023-12-21,6162
1313,聯成,20,0,20,中國信託-忠孝,2023-12-21,6162
6550,北極星藥業-KY,20,0,20,中國信託-忠孝,2023-12-21,6162
00933B,國泰10Y+金融債,19,0,19,中國信託-忠孝,2023-12-21,6162
2323,中環,20,1,19,中國信託-忠孝,2023-12-21,6162
00882,中信中國高股息,21,2,19,中國信託-忠孝,2023-12-21,6162
2303,聯電,21,3,18,中國信託-忠孝,2023-12-21,6162
2886,兆豐金,18,0,18,中國信託-忠孝,2023-12-21,6162
2371,大同,17,0,17,中國信託-忠孝,2023-12-21,6162
2542,興富發,16,0,16,中國信託-忠孝,2023-12-21,6162
3035,智原,82,65,17,中國信託-忠孝,2023-12-21,6162
5439,高技,17,1,16,中國信託-忠孝,2023-12-21,6162
2801,彰銀,16,0,16,中國信託-忠孝,2023-12-21,6162
2882,國泰金,16,0,16,中國信託-忠孝,2023-12-21,6162
2331,精英,841,4,837,中國信託-忠孝,2023-12-22,6162
00934,中信成長高股息,223,1,222,中國信託-忠孝,2023-12-22,6162
5009,榮剛,213,19,194,中國信託-忠孝,2023-12-22,6162
00687B,國泰20年美債,126,0,126,中國信託-忠孝,2023-12-22,6162
2442,新美齊,122,0,122,中國信託-忠孝,2023-12-22,6162
3231,緯創,131,20,111,中國信託-忠孝,2023-12-22,6162
00931B,統一美債20年,90,6,84,中國信託-忠孝,2023-12-22,6162
2891,中信金,70,1,69,中國信託-忠孝,2023-12-22,6162
2353,宏��,106,40,66,中國信託-忠孝,2023-12-22,6162
3481,群創,173,108,65,中國信託-忠孝,2023-12-22,6162
2609,陽明,454,395,59,中國信託-忠孝,2023-12-22,6162
00937B,群益ESG投等債20,69,13,56,中國信託-忠孝,2023-12-22,6162
00929,復華台灣科技優息,70,16,54,中國信託-忠孝,2023-12-22,6162
2344,華邦電,208,154,54,中國信託-忠孝,2023-12-22,6162
8086,宏捷科,52,0,52,中國信託-忠孝,2023-12-22,6162
1514,亞力,52,1,51,中國信託-忠孝,2023-12-22,6162
3357,臺慶科,50,0,50,中國信託-忠孝,2023-12-22,6162
2356,英業達,157,109,48,中國信託-忠孝,2023-12-22,6162
00688L,國泰20年美債正2,46,0,46,中國信託-忠孝,2023-12-22,6162
00919,群益台灣精選高息,89,47,42,中國信託-忠孝,2023-12-22,6162
00795B,中信美國公債20年,39,0,39,中國信託-忠孝,2023-12-22,6162
2204,中華,36,0,36,中國信託-忠孝,2023-12-22,6162
6538,倉和,35,1,34,中國信託-忠孝,2023-12-22,6162
00936,台新永續高息中小,31,0,31,中國信託-忠孝,2023-12-22,6162
1313,聯成,30,0,30,中國信託-忠孝,2023-12-22,6162
2002,中鋼,33,4,29,中國信託-忠孝,2023-12-22,6162
00772B,中信高評級公司債,37,10,27,中國信託-忠孝,2023-12-22,6162
2528,皇普,27,0,27,中國信託-忠孝,2023-12-22,6162
00665L,富邦�琤肭磪囓�2,26,0,26,中國信託-忠孝,2023-12-22,6162
6196,帆宣,26,0,26,中國信託-忠孝,2023-12-22,6162
1532,勤美,25,0,25,中國信託-忠孝,2023-12-22,6162
00669R,國泰美國道瓊反1,25,0,25,中國信託-忠孝,2023-12-22,6162
00637L,元大滬深300正2,43,18,25,中國信託-忠孝,2023-12-22,6162
00751B,元大AAA至A公司債,25,0,25,中國信託-忠孝,2023-12-22,6162
9933,中鼎,25,2,23,中國信託-忠孝,2023-12-22,6162
2382,廣達,80,57,23,中國信託-忠孝,2023-12-22,6162
00933B,國泰10Y+金融債,22,0,22,中國信託-忠孝,2023-12-22,6162
00713,元大台灣高息低波,23,1,22,中國信託-忠孝,2023-12-22,6162
9105,泰金寶-DR,35,14,21,中國信託-忠孝,2023-12-22,6162
2443,昶虹,20,0,20,中國信託-忠孝,2023-12-22,6162
6541,泰福-KY,29,9,20,中國信託-忠孝,2023-12-22,6162
2377,微星,22,5,17,中國信託-忠孝,2023-12-22,6162
1442,名軒,17,0,17,中國信託-忠孝,2023-12-22,6162
6139,亞翔,18,2,16,中國信託-忠孝,2023-12-22,6162
00885,富邦越南,15,0,15,中國信託-忠孝,2023-12-22,6162
6005,群益證,15,0,15,中國信託-忠孝,2023-12-22,6162
2515,中工,72,59,13,中國信託-忠孝,2023-12-22,6162
3346,麗清,42,29,13,中國信託-忠孝,2023-12-22,6162
2014,中鴻,166,153,13,中國信託-忠孝,2023-12-22,6162
2888,新光金,16,3,13,中國信託-忠孝,2023-12-22,6162
2442,新美齊,443,67,376,中國信託-忠孝,2023-12-25,6162
2331,精英,744,547,197,中國信託-忠孝,2023-12-25,6162
00919,群益台灣精選高息,213,42,171,中國信託-忠孝,2023-12-25,6162
00687B,國泰20年美債,163,6,157,中國信託-忠孝,2023-12-25,6162
00937B,群益ESG投等債20,163,17,146,中國信託-忠孝,2023-12-25,6162
2353,宏��,174,47,127,中國信託-忠孝,2023-12-25,6162
1605,華新,135,15,120,中國信託-忠孝,2023-12-25,6162
2324,仁寶,405,308,97,中國信託-忠孝,2023-12-25,6162
1416,廣豐,67,0,67,中國信託-忠孝,2023-12-25,6162
6290,良維,65,0,65,中國信託-忠孝,2023-12-25,6162
1442,名軒,60,0,60,中國信託-忠孝,2023-12-25,6162
2605,新興,64,5,59,中國信託-忠孝,2023-12-25,6162
00680L,元大美債20正2,57,0,57,中國信託-忠孝,2023-12-25,6162
8112,至上,54,0,54,中國信託-忠孝,2023-12-25,6162
00753L,中信中國50正2,50,0,50,中國信託-忠孝,2023-12-25,6162
1326,台化,50,0,50,中國信託-忠孝,2023-12-25,6162
00688L,國泰20年美債正2,47,0,47,中國信託-忠孝,2023-12-25,6162
6179,亞通,42,1,41,中國信託-忠孝,2023-12-25,6162
1514,亞力,188,148,40,中國信託-忠孝,2023-12-25,6162
00931B,統一美債20年,72,33,39,中國信託-忠孝,2023-12-25,6162
2399,映泰,44,6,38,中國信託-忠孝,2023-12-25,6162
2363,矽統,34,2,32,中國信託-忠孝,2023-12-25,6162
00653L,富邦印度正2,32,0,32,中國信託-忠孝,2023-12-25,6162
00933B,國泰10Y+金融債,32,1,31,中國信託-忠孝,2023-12-25,6162
6901,鑽石投資,30,0,30,中國信託-忠孝,2023-12-25,6162
8936,國統,29,2,27,中國信託-忠孝,2023-12-25,6162
2886,兆豐金,24,0,24,中國信託-忠孝,2023-12-25,6162
00929,復華台灣科技優息,61,37,24,中國信託-忠孝,2023-12-25,6162
3694,海華,64,40,24,中國信託-忠孝,2023-12-25,6162
8044,網家,24,0,24,中國信託-忠孝,2023-12-25,6162
4744,皇將,24,0,24,中國信託-忠孝,2023-12-25,6162
3024,憶聲,25,1,24,中國信託-忠孝,2023-12-25,6162
5351,鈺創,24,1,23,中國信託-忠孝,2023-12-25,6162
2888,新光金,22,0,22,中國信託-忠孝,2023-12-25,6162
3715,定穎投控,23,1,22,中國信託-忠孝,2023-12-25,6162
2356,英業達,166,144,22,中國信託-忠孝,2023-12-25,6162
9912,偉聯,20,0,20,中國信託-忠孝,2023-12-25,6162
2034,允強,20,0,20,中國信託-忠孝,2023-12-25,6162
6182,合晶,21,1,20,中國信託-忠孝,2023-12-25,6162
2031,新光鋼,20,0,20,中國信託-忠孝,2023-12-25,6162
1789,神隆,20,0,20,中國信託-忠孝,2023-12-25,6162
2014,中鴻,40,21,19,中國信託-忠孝,2023-12-25,6162
2485,兆赫,19,0,19,中國信託-忠孝,2023-12-25,6162
8085,福華,20,1,19,中國信託-忠孝,2023-12-25,6162
3706,神達,20,1,19,中國信託-忠孝,2023-12-25,6162
00795B,中信美國公債20年,16,0,16,中國信託-忠孝,2023-12-25,6162
00715L,期街口布蘭特正2,29,13,16,中國信託-忠孝,2023-12-25,6162
6894,衛司特,14,0,14,中國信託-忠孝,2023-12-25,6162
00712,復華富時不動產,28,15,13,中國信託-忠孝,2023-12-25,6162
3019,亞光,13,0,13,中國信託-忠孝,2023-12-25,6162
2331,精英,554,19,535,中國信託-忠孝,2023-12-26,6162
2442,新美齊,522,25,497,中國信託-忠孝,2023-12-26,6162
2344,華邦電,200,36,164,中國信託-忠孝,2023-12-26,6162
9933,中鼎,155,2,153,中國信託-忠孝,2023-12-26,6162
00676R,富邦臺灣加權反1,111,0,111,中國信託-忠孝,2023-12-26,6162
00688L,國泰20年美債正2,102,0,102,中國信託-忠孝,2023-12-26,6162
00680L,元大美債20正2,97,2,95,中國信託-忠孝,2023-12-26,6162
2353,宏��,217,126,91,中國信託-忠孝,2023-12-26,6162
00919,群益台灣精選高息,96,14,82,中國信託-忠孝,2023-12-26,6162
2867,三商壽,77,0,77,中國信託-忠孝,2023-12-26,6162
2609,陽明,340,270,70,中國信託-忠孝,2023-12-26,6162
00929,復華台灣科技優息,148,83,65,中國信託-忠孝,2023-12-26,6162
00937B,群益ESG投等債20,66,4,62,中國信託-忠孝,2023-12-26,6162
5009,榮剛,71,14,57,中國信託-忠孝,2023-12-26,6162
2388,威盛,421,373,48,中國信託-忠孝,2023-12-26,6162
00687B,國泰20年美債,49,1,48,中國信託-忠孝,2023-12-26,6162
00751B,元大AAA至A公司債,56,8,48,中國信託-忠孝,2023-12-26,6162
8039,台虹,61,14,47,中國信託-忠孝,2023-12-26,6162
2515,中工,62,16,46,中國信託-忠孝,2023-12-26,6162
3390,旭軟,66,22,44,中國信託-忠孝,2023-12-26,6162
00720B,元大投資級公司債,58,17,41,中國信託-忠孝,2023-12-26,6162
4960,誠美材,41,0,41,中國信託-忠孝,2023-12-26,6162
2489,瑞軒,40,0,40,中國信託-忠孝,2023-12-26,6162
2516,新建,40,0,40,中國信託-忠孝,2023-12-26,6162
8112,至上,39,0,39,中國信託-忠孝,2023-12-26,6162
2377,微星,70,32,38,中國信託-忠孝,2023-12-26,6162
00934,中信成長高股息,37,0,37,中國信託-忠孝,2023-12-26,6162
2618,長榮航,37,3,34,中國信託-忠孝,2023-12-26,6162
00673R,期元大S＆P原油反1,30,0,30,中國信託-忠孝,2023-12-26,6162
00882,中信中國高股息,32,3,29,中國信託-忠孝,2023-12-26,6162
2610,華航,50,26,24,中國信託-忠孝,2023-12-26,6162
1560,中砂,35,14,21,中國信託-忠孝,2023-12-26,6162
1815,富喬,21,0,21,中國信託-忠孝,2023-12-26,6162
3029,零壹,21,0,21,中國信託-忠孝,2023-12-26,6162
00712,復華富時不動產,22,2,20,中國信託-忠孝,2023-12-26,6162
4414,如興,20,0,20,中國信託-忠孝,2023-12-26,6162
1442,名軒,20,0,20,中國信託-忠孝,2023-12-26,6162
5522,遠雄,20,0,20,中國信託-忠孝,2023-12-26,6162
3479,安勤,21,2,19,中國信託-忠孝,2023-12-26,6162
00918,大華優利高填息30,25,6,19,中國信託-忠孝,2023-12-26,6162
8089,康全電訊,23,5,18,中國信託-忠孝,2023-12-26,6162
3711,日月光投控,16,0,16,中國信託-忠孝,2023-12-26,6162
3231,緯創,36,20,16,中國信託-忠孝,2023-12-26,6162
8085,福華,18,2,16,中國信託-忠孝,2023-12-26,6162
00637L,元大滬深300正2,16,0,16,中國信託-忠孝,2023-12-26,6162
00713,元大台灣高息低波,15,0,15,中國信託-忠孝,2023-12-26,6162
2399,映泰,15,0,15,中國信託-忠孝,2023-12-26,6162
6156,松上,15,0,15,中國信託-忠孝,2023-12-26,6162
00636,國泰中國A50,15,0,15,中國信託-忠孝,2023-12-26,6162
00655L,國泰中國A50正2,15,0,15,中國信託-忠孝,2023-12-26,6162
00937B,群益ESG投等債20,675,1,674,中國信託-忠孝,2023-12-27,6162
2344,華邦電,851,279,572,中國信託-忠孝,2023-12-27,6162
8039,台虹,497,54,443,中國信託-忠孝,2023-12-27,6162
2615,萬海,313,12,301,中國信託-忠孝,2023-12-27,6162
9105,泰金寶-DR,218,10,208,中國信託-忠孝,2023-12-27,6162
00919,群益台灣精選高息,226,21,205,中國信託-忠孝,2023-12-27,6162
3694,海華,157,3,154,中國信託-忠孝,2023-12-27,6162
2353,宏��,443,302,141,中國信託-忠孝,2023-12-27,6162
2897,王道銀行,127,0,127,中國信託-忠孝,2023-12-27,6162
3390,旭軟,108,10,98,中國信託-忠孝,2023-12-27,6162
00878,國泰永續高股息,151,62,89,中國信託-忠孝,2023-12-27,6162
3017,奇鋐,103,14,89,中國信託-忠孝,2023-12-27,6162
2443,昶虹,96,17,79,中國信託-忠孝,2023-12-27,6162
2388,威盛,345,278,67,中國信託-忠孝,2023-12-27,6162
5483,中美晶,55,1,54,中國信託-忠孝,2023-12-27,6162
00687B,國泰20年美債,44,1,43,中國信託-忠孝,2023-12-27,6162
5347,世界,52,10,42,中國信託-忠孝,2023-12-27,6162
00679B,元大美債20年,40,1,39,中國信託-忠孝,2023-12-27,6162
6129,普誠,83,51,32,中國信託-忠孝,2023-12-27,6162
2399,映泰,60,29,31,中國信託-忠孝,2023-12-27,6162
2101,南港,66,35,31,中國信託-忠孝,2023-12-27,6162
00632R,元大台灣50反1,29,0,29,中國信託-忠孝,2023-12-27,6162
3059,華晶科,28,0,28,中國信託-忠孝,2023-12-27,6162
3715,定穎投控,30,3,27,中國信託-忠孝,2023-12-27,6162
1504,東元,27,2,25,中國信託-忠孝,2023-12-27,6162
2337,旺宏,51,30,21,中國信託-忠孝,2023-12-27,6162
2357,華碩,27,7,20,中國信託-忠孝,2023-12-27,6162
00933B,國泰10Y+金融債,20,0,20,中國信託-忠孝,2023-12-27,6162
00882,中信中國高股息,29,9,20,中國信託-忠孝,2023-12-27,6162
3205,佰研,30,10,20,中國信託-忠孝,2023-12-27,6162
2610,華航,21,2,19,中國信託-忠孝,2023-12-27,6162
6165,浪凡,17,0,17,中國信託-忠孝,2023-12-27,6162
2516,新建,16,0,16,中國信託-忠孝,2023-12-27,6162
00753L,中信中國50正2,16,0,16,中國信託-忠孝,2023-12-27,6162
2059,川湖,16,1,15,中國信託-忠孝,2023-12-27,6162
6695,芯鼎,99,84,15,中國信託-忠孝,2023-12-27,6162
2382,廣達,33,19,14,中國信託-忠孝,2023-12-27,6162
00633L,富邦上証正2,14,0,14,中國信託-忠孝,2023-12-27,6162
1618,合機,13,0,13,中國信託-忠孝,2023-12-27,6162
8210,勤誠,19,6,13,中國信託-忠孝,2023-12-27,6162
8112,至上,16,4,12,中國信託-忠孝,2023-12-27,6162
5202,力新,11,0,11,中國信託-忠孝,2023-12-27,6162
1514,亞力,11,0,11,中國信託-忠孝,2023-12-27,6162
00900,富邦特選高股息30,17,6,11,中國信託-忠孝,2023-12-27,6162
6462,神盾,16,6,10,中國信託-忠孝,2023-12-27,6162
2419,仲琦,10,0,10,中國信託-忠孝,2023-12-27,6162
00650L,復華香港正2,10,0,10,中國信託-忠孝,2023-12-27,6162
3530,晶相光,15,5,10,中國信託-忠孝,2023-12-27,6162
3131,弘塑,10,0,10,中國信託-忠孝,2023-12-27,6162
2501,國建,10,0,10,中國信託-忠孝,2023-12-27,6162
00937B,群益ESG投等債20,682,0,682,中國信託-忠孝,2023-12-28,6162
00919,群益台灣精選高息,208,15,193,中國信託-忠孝,2023-12-28,6162
2303,聯電,503,310,193,中國信託-忠孝,2023-12-28,6162
0056,元大高股息,195,8,187,中國信託-忠孝,2023-12-28,6162
2516,新建,184,0,184,中國信託-忠孝,2023-12-28,6162
00688L,國泰20年美債正2,182,0,182,中國信託-忠孝,2023-12-28,6162
00929,復華台灣科技優息,169,9,160,中國信託-忠孝,2023-12-28,6162
3706,神達,363,204,159,中國信託-忠孝,2023-12-28,6162
00935,野村臺灣新科技50,146,0,146,中國信託-忠孝,2023-12-28,6162
1435,中福,106,0,106,中國信託-忠孝,2023-12-28,6162
2615,萬海,107,8,99,中國信託-忠孝,2023-12-28,6162
2312,金寶,125,30,95,中國信託-忠孝,2023-12-28,6162
00900,富邦特選高股息30,87,5,82,中國信託-忠孝,2023-12-28,6162
00687B,國泰20年美債,87,10,77,中國信託-忠孝,2023-12-28,6162
2353,宏��,333,261,72,中國信託-忠孝,2023-12-28,6162
3338,泰碩,91,25,66,中國信託-忠孝,2023-12-28,6162
3017,奇鋐,66,4,62,中國信託-忠孝,2023-12-28,6162
6187,萬潤,73,13,60,中國信託-忠孝,2023-12-28,6162
2498,宏達電,77,21,56,中國信託-忠孝,2023-12-28,6162
6275,元山,53,0,53,中國信託-忠孝,2023-12-28,6162
8096,擎亞,99,47,52,中國信託-忠孝,2023-12-28,6162
8085,福華,47,1,46,中國信託-忠孝,2023-12-28,6162
00715L,期街口布蘭特正2,46,0,46,中國信託-忠孝,2023-12-28,6162
1513,中興電,51,9,42,中國信託-忠孝,2023-12-28,6162
2331,精英,40,2,38,中國信託-忠孝,2023-12-28,6162
6180,橘子,40,5,35,中國信託-忠孝,2023-12-28,6162
2606,裕民,52,17,35,中國信託-忠孝,2023-12-28,6162
00934,中信成長高股息,32,0,32,中國信託-忠孝,2023-12-28,6162
00712,復華富時不動產,33,1,32,中國信託-忠孝,2023-12-28,6162
2612,中航,30,0,30,中國信託-忠孝,2023-12-28,6162
00891,中信關鍵半導體,31,3,28,中國信託-忠孝,2023-12-28,6162
6191,精成科,27,0,27,中國信託-忠孝,2023-12-28,6162
1210,大成,27,1,26,中國信託-忠孝,2023-12-28,6162
1442,名軒,25,0,25,中國信託-忠孝,2023-12-28,6162
2897,王道銀行,24,0,24,中國信託-忠孝,2023-12-28,6162
1608,華榮,24,1,23,中國信託-忠孝,2023-12-28,6162
5351,鈺創,60,37,23,中國信託-忠孝,2023-12-28,6162
1229,聯華,23,0,23,中國信託-忠孝,2023-12-28,6162
1503,士電,27,6,21,中國信託-忠孝,2023-12-28,6162
00720B,元大投資級公司債,41,21,20,中國信託-忠孝,2023-12-28,6162
1618,合機,27,7,20,中國信託-忠孝,2023-12-28,6162
5498,凱崴,20,0,20,中國信託-忠孝,2023-12-28,6162
9928,中視,20,0,20,中國信託-忠孝,2023-12-28,6162
3481,群創,37,19,18,中國信託-忠孝,2023-12-28,6162
3402,漢科,18,0,18,中國信託-忠孝,2023-12-28,6162
2365,昆盈,24,6,18,中國信託-忠孝,2023-12-28,6162
2618,長榮航,21,4,17,中國信託-忠孝,2023-12-28,6162
2337,旺宏,18,2,16,中國信託-忠孝,2023-12-28,6162
2449,京元電子,17,1,16,中國信託-忠孝,2023-12-28,6162
00679B,元大美債20年,25,10,15,中國信託-忠孝,2023-12-28,6162
00937B,群益ESG投等債20,537,1,536,中國信託-忠孝,2023-12-29,6162
5521,工信,478,44,434,中國信託-忠孝,2023-12-29,6162
2324,仁寶,271,62,209,中國信託-忠孝,2023-12-29,6162
00919,群益台灣精選高息,172,22,150,中國信託-忠孝,2023-12-29,6162
1435,中福,137,0,137,中國信託-忠孝,2023-12-29,6162
2352,佳世達,186,102,84,中國信託-忠孝,2023-12-29,6162
2897,王道銀行,72,0,72,中國信託-忠孝,2023-12-29,6162
00931B,統一美債20年,72,4,68,中國信託-忠孝,2023-12-29,6162
3054,立萬利,59,0,59,中國信託-忠孝,2023-12-29,6162
00688L,國泰20年美債正2,59,0,59,中國信託-忠孝,2023-12-29,6162
2382,廣達,102,49,53,中國信託-忠孝,2023-12-29,6162
6139,亞翔,59,9,50,中國信託-忠孝,2023-12-29,6162
0056,元大高股息,60,11,49,中國信託-忠孝,2023-12-29,6162
00715L,期街口布蘭特正2,47,0,47,中國信託-忠孝,2023-12-29,6162
8096,擎亞,55,19,36,中國信託-忠孝,2023-12-29,6162
00687B,國泰20年美債,36,0,36,中國信託-忠孝,2023-12-29,6162
00669R,國泰美國道瓊反1,32,0,32,中國信託-忠孝,2023-12-29,6162
3078,僑威,42,11,31,中國信託-忠孝,2023-12-29,6162
00712,復華富時不動產,40,10,30,中國信託-忠孝,2023-12-29,6162
6153,嘉聯益,30,0,30,中國信託-忠孝,2023-12-29,6162
2353,宏��,397,369,28,中國信託-忠孝,2023-12-29,6162
2812,台中銀,27,0,27,中國信託-忠孝,2023-12-29,6162
2867,三商壽,40,13,27,中國信託-忠孝,2023-12-29,6162
3006,晶豪科,113,89,24,中國信託-忠孝,2023-12-29,6162
00680L,元大美債20正2,23,0,23,中國信託-忠孝,2023-12-29,6162
1808,潤隆,22,0,22,中國信託-忠孝,2023-12-29,6162
2855,統一證,22,0,22,中國信託-忠孝,2023-12-29,6162
2344,華邦電,107,86,21,中國信託-忠孝,2023-12-29,6162
1605,華新,23,2,21,中國信託-忠孝,2023-12-29,6162
2489,瑞軒,20,0,20,中國信託-忠孝,2023-12-29,6162
3712,永崴投控,20,0,20,中國信託-忠孝,2023-12-29,6162
2367,燿華,24,5,19,中國信託-忠孝,2023-12-29,6162
8011,台通,20,3,17,中國信託-忠孝,2023-12-29,6162
2534,宏盛,28,11,17,中國信託-忠孝,2023-12-29,6162
6756,威鋒電子,22,5,17,中國信託-忠孝,2023-12-29,6162
00934,中信成長高股息,30,14,16,中國信託-忠孝,2023-12-29,6162
00713,元大台灣高息低波,16,0,16,中國信託-忠孝,2023-12-29,6162
1514,亞力,116,101,15,中國信託-忠孝,2023-12-29,6162
1608,華榮,15,0,15,中國信託-忠孝,2023-12-29,6162
2743,山富,16,1,15,中國信託-忠孝,2023-12-29,6162
00900,富邦特選高股息30,16,2,14,中國信託-忠孝,2023-12-29,6162
1560,中砂,26,13,13,中國信託-忠孝,2023-12-29,6162
4967,十銓,24,11,13,中國信託-忠孝,2023-12-29,6162
3481,群創,36,24,12,中國信託-忠孝,2023-12-29,6162
2412,中華電,12,0,12,中國信託-忠孝,2023-12-29,6162
6263,普萊德,14,2,12,中國信託-忠孝,2023-12-29,6162
2031,新光鋼,12,0,12,中國信託-忠孝,2023-12-29,6162
2888,新光金,12,0,12,中國信託-忠孝,2023-12-29,6162
2363,矽統,12,1,11,中國信託-忠孝,2023-12-29,6162
00891,中信關鍵半導體,13,2,11,中國信託-忠孝,2023-12-29,6162
3231,緯創,222,14,208,中國信託-忠孝,2024-01-02,6162
00680L,元大美債20正2,262,70,192,中國信託-忠孝,2024-01-02,6162
00937B,群益ESG投等債20,183,0,183,中國信託-忠孝,2024-01-02,6162
0056,元大高股息,183,10,173,中國信託-忠孝,2024-01-02,6162
00687B,國泰20年美債,133,0,133,中國信託-忠孝,2024-01-02,6162
00665L,富邦�琤肭磪囓�2,132,0,132,中國信託-忠孝,2024-01-02,6162
00651R,復華香港反1,110,0,110,中國信託-忠孝,2024-01-02,6162
2344,華邦電,121,20,101,中國信託-忠孝,2024-01-02,6162
00878,國泰永續高股息,137,37,100,中國信託-忠孝,2024-01-02,6162
00919,群益台灣精選高息,137,46,91,中國信託-忠孝,2024-01-02,6162
2356,英業達,89,11,78,中國信託-忠孝,2024-01-02,6162
00931B,統一美債20年,71,0,71,中國信託-忠孝,2024-01-02,6162
00712,復華富時不動產,75,4,71,中國信託-忠孝,2024-01-02,6162
3217,優群,70,8,62,中國信託-忠孝,2024-01-02,6162
00688L,國泰20年美債正2,59,0,59,中國信託-忠孝,2024-01-02,6162
00900,富邦特選高股息30,55,1,54,中國信託-忠孝,2024-01-02,6162
5426,振發,51,1,50,中國信託-忠孝,2024-01-02,6162
00857B,永豐20年美公債,45,0,45,中國信託-忠孝,2024-01-02,6162
5521,工信,131,87,44,中國信託-忠孝,2024-01-02,6162
6187,萬潤,45,2,43,中國信託-忠孝,2024-01-02,6162
00934,中信成長高股息,45,4,41,中國信託-忠孝,2024-01-02,6162
6139,亞翔,58,20,38,中國信託-忠孝,2024-01-02,6162
2329,華泰,37,1,36,中國信託-忠孝,2024-01-02,6162
00795B,中信美國公債20年,39,4,35,中國信託-忠孝,2024-01-02,6162
00637L,元大滬深300正2,35,0,35,中國信託-忠孝,2024-01-02,6162
00679B,元大美債20年,47,12,35,中國信託-忠孝,2024-01-02,6162
6196,帆宣,34,0,34,中國信託-忠孝,2024-01-02,6162
00751B,元大AAA至A公司債,39,6,33,中國信託-忠孝,2024-01-02,6162
4414,如興,30,0,30,中國信託-忠孝,2024-01-02,6162
2890,永豐金,29,0,29,中國信託-忠孝,2024-01-02,6162
3338,泰碩,36,7,29,中國信託-忠孝,2024-01-02,6162
00891,中信關鍵半導體,32,3,29,中國信託-忠孝,2024-01-02,6162
00918,大華優利高填息30,29,0,29,中國信託-忠孝,2024-01-02,6162
2897,王道銀行,27,0,27,中國信託-忠孝,2024-01-02,6162
1612,宏泰,29,3,26,中國信託-忠孝,2024-01-02,6162
00904,新光臺灣半導體30,21,0,21,中國信託-忠孝,2024-01-02,6162
2303,聯電,80,59,21,中國信託-忠孝,2024-01-02,6162
00772B,中信高評級公司債,21,1,20,中國信託-忠孝,2024-01-02,6162
5439,高技,20,0,20,中國信託-忠孝,2024-01-02,6162
6170,統振,20,0,20,中國信託-忠孝,2024-01-02,6162
2883B,凱基金乙特,20,0,20,中國信託-忠孝,2024-01-02,6162
2409,友達,31,11,20,中國信託-忠孝,2024-01-02,6162
6550,北極星藥業-KY,21,1,20,中國信託-忠孝,2024-01-02,6162
1591,駿吉-KY,20,0,20,中國信託-忠孝,2024-01-02,6162
2454,聯發科,21,1,20,中國信託-忠孝,2024-01-02,6162
00720B,元大投資級公司債,20,1,19,中國信託-忠孝,2024-01-02,6162
3017,奇鋐,25,7,18,中國信託-忠孝,2024-01-02,6162
2605,新興,17,0,17,中國信託-忠孝,2024-01-02,6162
00713,元大台灣高息低波,15,0,15,中國信託-忠孝,2024-01-02,6162
8110,華東,15,0,15,中國信託-忠孝,2024-01-02,6162
00929,復華台灣科技優息,1414,34,1380,中國信託-忠孝,2024-01-03,6162
00937B,群益ESG投等債20,445,0,445,中國信託-忠孝,2024-01-03,6162
2516,新建,428,0,428,中國信託-忠孝,2024-01-03,6162
2615,萬海,209,8,201,中國信託-忠孝,2024-01-03,6162
00676R,富邦臺灣加權反1,200,0,200,中國信託-忠孝,2024-01-03,6162
2344,華邦電,210,21,189,中國信託-忠孝,2024-01-03,6162
0056,元大高股息,211,31,180,中國信託-忠孝,2024-01-03,6162
00919,群益台灣精選高息,202,24,178,中國信託-忠孝,2024-01-03,6162
00632R,元大台灣50反1,215,40,175,中國信託-忠孝,2024-01-03,6162
2330,台積電,188,16,172,中國信託-忠孝,2024-01-03,6162
2303,聯電,141,7,134,中國信託-忠孝,2024-01-03,6162
00651R,復華香港反1,110,0,110,中國信託-忠孝,2024-01-03,6162
6415,矽力*-KY,115,8,107,中國信託-忠孝,2024-01-03,6162
6117,迎廣,110,37,73,中國信託-忠孝,2024-01-03,6162
2534,宏盛,128,58,70,中國信託-忠孝,2024-01-03,6162
00934,中信成長高股息,68,0,68,中國信託-忠孝,2024-01-03,6162
00751B,元大AAA至A公司債,70,5,65,中國信託-忠孝,2024-01-03,6162
2610,華航,72,8,64,中國信託-忠孝,2024-01-03,6162
6182,合晶,55,1,54,中國信託-忠孝,2024-01-03,6162
6715,嘉基,54,0,54,中國信託-忠孝,2024-01-03,6162
2618,長榮航,111,57,54,中國信託-忠孝,2024-01-03,6162
2324,仁寶,74,21,53,中國信託-忠孝,2024-01-03,6162
00753L,中信中國50正2,51,0,51,中國信託-忠孝,2024-01-03,6162
00715L,期街口布蘭特正2,47,0,47,中國信託-忠孝,2024-01-03,6162
2442,新美齊,45,0,45,中國信託-忠孝,2024-01-03,6162
6005,群益證,44,0,44,中國信託-忠孝,2024-01-03,6162
00712,復華富時不動產,41,0,41,中國信託-忠孝,2024-01-03,6162
00665L,富邦�琤肭磪囓�2,39,0,39,中國信託-忠孝,2024-01-03,6162
00882,中信中國高股息,81,44,37,中國信託-忠孝,2024-01-03,6162
3217,優群,43,6,37,中國信託-忠孝,2024-01-03,6162
2356,英業達,84,49,35,中國信託-忠孝,2024-01-03,6162
00680L,元大美債20正2,34,0,34,中國信託-忠孝,2024-01-03,6162
5009,榮剛,31,0,31,中國信託-忠孝,2024-01-03,6162
00720B,元大投資級公司債,39,10,29,中國信託-忠孝,2024-01-03,6162
00891,中信關鍵半導體,37,10,27,中國信託-忠孝,2024-01-03,6162
6191,精成科,27,0,27,中國信託-忠孝,2024-01-03,6162
9945,潤泰新,27,0,27,中國信託-忠孝,2024-01-03,6162
2412,中華電,27,0,27,中國信託-忠孝,2024-01-03,6162
2382,廣達,36,10,26,中國信託-忠孝,2024-01-03,6162
1218,泰山,26,0,26,中國信託-忠孝,2024-01-03,6162
00904,新光臺灣半導體30,25,0,25,中國信託-忠孝,2024-01-03,6162
1612,宏泰,28,3,25,中國信託-忠孝,2024-01-03,6162
3078,僑威,24,0,24,中國信託-忠孝,2024-01-03,6162
2362,藍天,78,55,23,中國信託-忠孝,2024-01-03,6162
2201,裕隆,28,6,22,中國信託-忠孝,2024-01-03,6162
1326,台化,22,0,22,中國信託-忠孝,2024-01-03,6162
9919,康那香,28,6,22,中國信託-忠孝,2024-01-03,6162
00915,凱基優選高股息30,23,1,22,中國信託-忠孝,2024-01-03,6162
006208,富邦台50,23,1,22,中國信託-忠孝,2024-01-03,6162
5236,凌陽創新,24,3,21,中國信託-忠孝,2024-01-03,6162
00929,復華台灣科技優息,1566,79,1487,中國信託-忠孝,2024-01-04,6162
2331,精英,698,7,691,中國信託-忠孝,2024-01-04,6162
2516,新建,350,0,350,中國信託-忠孝,2024-01-04,6162
2344,華邦電,290,9,281,中國信託-忠孝,2024-01-04,6162
00937B,群益ESG投等債20,254,11,243,中國信託-忠孝,2024-01-04,6162
2303,聯電,154,10,144,中國信託-忠孝,2024-01-04,6162
00927,群益半導體收益,139,0,139,中國信託-忠孝,2024-01-04,6162
00676R,富邦臺灣加權反1,111,0,111,中國信託-忠孝,2024-01-04,6162
00637L,元大滬深300正2,129,20,109,中國信託-忠孝,2024-01-04,6162
2007,燁興,80,1,79,中國信託-忠孝,2024-01-04,6162
3217,優群,78,5,73,中國信託-忠孝,2024-01-04,6162
00712,復華富時不動產,66,2,64,中國信託-忠孝,2024-01-04,6162
1435,中福,52,0,52,中國信託-忠孝,2024-01-04,6162
00687B,國泰20年美債,71,20,51,中國信託-忠孝,2024-01-04,6162
1733,五鼎,50,0,50,中國信託-忠孝,2024-01-04,6162
00757,統一FANG+,53,5,48,中國信託-忠孝,2024-01-04,6162
00670L,富邦NASDAQ正2,47,0,47,中國信託-忠孝,2024-01-04,6162
1101,台泥,40,0,40,中國信託-忠孝,2024-01-04,6162
6223,旺矽,56,18,38,中國信託-忠孝,2024-01-04,6162
0056,元大高股息,46,10,36,中國信託-忠孝,2024-01-04,6162
8089,康全電訊,47,13,34,中國信託-忠孝,2024-01-04,6162
2455,全新,46,14,32,中國信託-忠孝,2024-01-04,6162
1326,台化,32,0,32,中國信託-忠孝,2024-01-04,6162
00933B,國泰10Y+金融債,31,0,31,中國信託-忠孝,2024-01-04,6162
2031,新光鋼,31,0,31,中國信託-忠孝,2024-01-04,6162
5355,佳總,30,0,30,中國信託-忠孝,2024-01-04,6162
9919,康那香,82,54,28,中國信託-忠孝,2024-01-04,6162
2542,興富發,31,3,28,中國信託-忠孝,2024-01-04,6162
2009,第一銅,29,5,24,中國信託-忠孝,2024-01-04,6162
2498,宏達電,23,0,23,中國信託-忠孝,2024-01-04,6162
00934,中信成長高股息,23,0,23,中國信託-忠孝,2024-01-04,6162
2607,榮運,34,13,21,中國信託-忠孝,2024-01-04,6162
00878,國泰永續高股息,31,10,21,中國信託-忠孝,2024-01-04,6162
2316,楠梓電,21,0,21,中國信託-忠孝,2024-01-04,6162
2834,臺企銀,20,0,20,中國信託-忠孝,2024-01-04,6162
00680L,元大美債20正2,59,41,18,中國信託-忠孝,2024-01-04,6162
00881,國泰台灣5G+,18,0,18,中國信託-忠孝,2024-01-04,6162
00655L,國泰中國A50正2,17,0,17,中國信託-忠孝,2024-01-04,6162
2534,宏盛,26,9,17,中國信託-忠孝,2024-01-04,6162
2356,英業達,27,11,16,中國信託-忠孝,2024-01-04,6162
1325,恆大,20,5,15,中國信託-忠孝,2024-01-04,6162
2367,燿華,14,0,14,中國信託-忠孝,2024-01-04,6162
00751B,元大AAA至A公司債,25,12,13,中國信託-忠孝,2024-01-04,6162
00904,新光臺灣半導體30,13,0,13,中國信託-忠孝,2024-01-04,6162
3056,富華新,13,0,13,中國信託-忠孝,2024-01-04,6162
00720B,元大投資級公司債,21,9,12,中國信託-忠孝,2024-01-04,6162
2201,裕隆,13,1,12,中國信託-忠孝,2024-01-04,6162
00830,國泰費城半導體,12,0,12,中國信託-忠孝,2024-01-04,6162
1732,毛寶,15,3,12,中國信託-忠孝,2024-01-04,6162
4746,台耀,12,0,12,中國信託-忠孝,2024-01-04,6162
2331,精英,521,0,521,中國信託-忠孝,2024-01-05,6162
00919,群益台灣精選高息,292,10,282,中國信託-忠孝,2024-01-05,6162
00937B,群益ESG投等債20,236,0,236,中國信託-忠孝,2024-01-05,6162
0056,元大高股息,90,6,84,中國信託-忠孝,2024-01-05,6162
00751B,元大AAA至A公司債,90,16,74,中國信託-忠孝,2024-01-05,6162
0050,元大台灣50,70,5,65,中國信託-忠孝,2024-01-05,6162
2607,榮運,114,50,64,中國信託-忠孝,2024-01-05,6162
00757,統一FANG+,61,0,61,中國信託-忠孝,2024-01-05,6162
2344,華邦電,68,8,60,中國信託-忠孝,2024-01-05,6162
00669R,國泰美國道瓊反1,58,0,58,中國信託-忠孝,2024-01-05,6162
2610,華航,60,2,58,中國信託-忠孝,2024-01-05,6162
00679B,元大美債20年,86,34,52,中國信託-忠孝,2024-01-05,6162
00927,群益半導體收益,51,0,51,中國信託-忠孝,2024-01-05,6162
00712,復華富時不動產,45,0,45,中國信託-忠孝,2024-01-05,6162
8096,擎亞,69,26,43,中國信託-忠孝,2024-01-05,6162
2007,燁興,62,20,42,中國信託-忠孝,2024-01-05,6162
6116,彩晶,43,1,42,中國信託-忠孝,2024-01-05,6162
00878,國泰永續高股息,46,5,41,中國信託-忠孝,2024-01-05,6162
6163,華電網,40,3,37,中國信託-忠孝,2024-01-05,6162
2489,瑞軒,38,2,36,中國信託-忠孝,2024-01-05,6162
00931B,統一美債20年,40,6,34,中國信託-忠孝,2024-01-05,6162
2324,仁寶,37,3,34,中國信託-忠孝,2024-01-05,6162
2211,長榮鋼,34,0,34,中國信託-忠孝,2024-01-05,6162
00720B,元大投資級公司債,41,8,33,中國信託-忠孝,2024-01-05,6162
8089,康全電訊,37,8,29,中國信託-忠孝,2024-01-05,6162
00882,中信中國高股息,40,13,27,中國信託-忠孝,2024-01-05,6162
00688L,國泰20年美債正2,26,0,26,中國信託-忠孝,2024-01-05,6162
00687B,國泰20年美債,148,124,24,中國信託-忠孝,2024-01-05,6162
2031,新光鋼,29,5,24,中國信託-忠孝,2024-01-05,6162
2352,佳世達,47,23,24,中國信託-忠孝,2024-01-05,6162
2641,正德,30,7,23,中國信託-忠孝,2024-01-05,6162
3217,優群,40,18,22,中國信託-忠孝,2024-01-05,6162
4414,如興,20,0,20,中國信託-忠孝,2024-01-05,6162
2353,宏��,206,187,19,中國信託-忠孝,2024-01-05,6162
00933B,國泰10Y+金融債,18,0,18,中國信託-忠孝,2024-01-05,6162
3264,欣銓,18,0,18,中國信託-忠孝,2024-01-05,6162
00830,國泰費城半導體,18,0,18,中國信託-忠孝,2024-01-05,6162
00891,中信關鍵半導體,17,0,17,中國信託-忠孝,2024-01-05,6162
6690,安�硌穈T,28,11,17,中國信託-忠孝,2024-01-05,6162
2634,漢翔,18,1,17,中國信託-忠孝,2024-01-05,6162
2330,台積電,20,3,17,中國信託-忠孝,2024-01-05,6162
2362,藍天,39,23,16,中國信託-忠孝,2024-01-05,6162
2412,中華電,15,0,15,中國信託-忠孝,2024-01-05,6162
2258,鴻華先進-創,14,0,14,中國信託-忠孝,2024-01-05,6162
00772B,中信高評級公司債,27,14,13,中國信託-忠孝,2024-01-05,6162
2303,聯電,42,29,13,中國信託-忠孝,2024-01-05,6162
2515,中工,15,2,13,中國信託-忠孝,2024-01-05,6162
2442,新美齊,14,2,12,中國信託-忠孝,2024-01-05,6162
1732,毛寶,49,37,12,中國信託-忠孝,2024-01-05,6162
00715L,期街口布蘭特正2,17,5,12,中國信託-忠孝,2024-01-05,6162
2353,宏��,1466,294,1172,中國信託-忠孝,2024-01-08,6162
00929,復華台灣科技優息,493,110,383,中國信託-忠孝,2024-01-08,6162
3231,緯創,246,28,218,中國信託-忠孝,2024-01-08,6162
00637L,元大滬深300正2,201,0,201,中國信託-忠孝,2024-01-08,6162
00665L,富邦�琤肭磪囓�2,132,0,132,中國信託-忠孝,2024-01-08,6162
00687B,國泰20年美債,143,11,132,中國信託-忠孝,2024-01-08,6162
00632R,元大台灣50反1,115,0,115,中國信託-忠孝,2024-01-08,6162
2344,華邦電,116,5,111,中國信託-忠孝,2024-01-08,6162
00937B,群益ESG投等債20,105,3,102,中國信託-忠孝,2024-01-08,6162
9962,有益,100,0,100,中國信託-忠孝,2024-01-08,6162
3481,群創,182,89,93,中國信託-忠孝,2024-01-08,6162
00878,國泰永續高股息,94,3,91,中國信託-忠孝,2024-01-08,6162
00772B,中信高評級公司債,86,1,85,中國信託-忠孝,2024-01-08,6162
0056,元大高股息,90,5,85,中國信託-忠孝,2024-01-08,6162
3025,星通,81,4,77,中國信託-忠孝,2024-01-08,6162
00919,群益台灣精選高息,83,7,76,中國信託-忠孝,2024-01-08,6162
2887,台新金,91,15,76,中國信託-忠孝,2024-01-08,6162
1326,台化,60,1,59,中國信託-忠孝,2024-01-08,6162
00753L,中信中國50正2,57,0,57,中國信託-忠孝,2024-01-08,6162
1513,中興電,59,4,55,中國信託-忠孝,2024-01-08,6162
6163,華電網,61,7,54,中國信託-忠孝,2024-01-08,6162
2498,宏達電,66,16,50,中國信託-忠孝,2024-01-08,6162
00882,中信中國高股息,52,7,45,中國信託-忠孝,2024-01-08,6162
5439,高技,45,4,41,中國信託-忠孝,2024-01-08,6162
2303,聯電,76,38,38,中國信託-忠孝,2024-01-08,6162
00655L,國泰中國A50正2,30,0,30,中國信託-忠孝,2024-01-08,6162
00881,國泰台灣5G+,27,0,27,中國信託-忠孝,2024-01-08,6162
2388,威盛,83,58,25,中國信託-忠孝,2024-01-08,6162
00650L,復華香港正2,25,0,25,中國信託-忠孝,2024-01-08,6162
2007,燁興,24,0,24,中國信託-忠孝,2024-01-08,6162
00633L,富邦上証正2,23,0,23,中國信託-忠孝,2024-01-08,6162
00927,群益半導體收益,22,0,22,中國信託-忠孝,2024-01-08,6162
3308,聯德,20,0,20,中國信託-忠孝,2024-01-08,6162
0050,元大台灣50,22,3,19,中國信託-忠孝,2024-01-08,6162
3483,力致,19,0,19,中國信託-忠孝,2024-01-08,6162
8011,台通,26,8,18,中國信託-忠孝,2024-01-08,6162
00725B,國泰投資級公司債,18,0,18,中國信託-忠孝,2024-01-08,6162
1605,華新,17,0,17,中國信託-忠孝,2024-01-08,6162
2363,矽統,26,9,17,中國信託-忠孝,2024-01-08,6162
2027,大成鋼,17,0,17,中國信託-忠孝,2024-01-08,6162
00712,復華富時不動產,17,0,17,中國信託-忠孝,2024-01-08,6162
2486,一詮,23,7,16,中國信託-忠孝,2024-01-08,6162
6613,朋億*,25,9,16,中國信託-忠孝,2024-01-08,6162
00857B,永豐20年美公債,16,1,15,中國信託-忠孝,2024-01-08,6162
00715L,期街口布蘭特正2,15,0,15,中國信託-忠孝,2024-01-08,6162
2603,長榮,22,8,14,中國信託-忠孝,2024-01-08,6162
1795,美時,21,7,14,中國信託-忠孝,2024-01-08,6162
2002,中鋼,14,0,14,中國信託-忠孝,2024-01-08,6162
5607,遠雄港,17,3,14,中國信託-忠孝,2024-01-08,6162
2330,台積電,24,10,14,中國信託-忠孝,2024-01-08,6162
2331,精英,648,26,622,中國信託-忠孝,2024-01-09,6162
00929,復華台灣科技優息,402,18,384,中國信託-忠孝,2024-01-09,6162
00770,國泰北美科技,238,0,238,中國信託-忠孝,2024-01-09,6162
00676R,富邦臺灣加權反1,222,0,222,中國信託-忠孝,2024-01-09,6162
00919,群益台灣精選高息,287,71,216,中國信託-忠孝,2024-01-09,6162
4420,光明,129,0,129,中國信託-忠孝,2024-01-09,6162
1108,幸福,120,0,120,中國信託-忠孝,2024-01-09,6162
00882,中信中國高股息,124,16,108,中國信託-忠孝,2024-01-09,6162
00937B,群益ESG投等債20,94,0,94,中國信託-忠孝,2024-01-09,6162
2610,華航,130,39,91,中國信託-忠孝,2024-01-09,6162
3622,洋華,88,8,80,中國信託-忠孝,2024-01-09,6162
2486,一詮,93,19,74,中國信託-忠孝,2024-01-09,6162
2344,華邦電,78,16,62,中國信託-忠孝,2024-01-09,6162
2609,陽明,121,64,57,中國信託-忠孝,2024-01-09,6162
00830,國泰費城半導體,71,20,51,中國信託-忠孝,2024-01-09,6162
3017,奇鋐,64,13,51,中國信託-忠孝,2024-01-09,6162
00715L,期街口布蘭特正2,52,2,50,中國信託-忠孝,2024-01-09,6162
9962,有益,50,0,50,中國信託-忠孝,2024-01-09,6162
2612,中航,53,10,43,中國信託-忠孝,2024-01-09,6162
4919,新唐,44,2,42,中國信託-忠孝,2024-01-09,6162
3025,星通,88,48,40,中國信託-忠孝,2024-01-09,6162
3058,立德,40,0,40,中國信託-忠孝,2024-01-09,6162
5213,亞昕,37,0,37,中國信託-忠孝,2024-01-09,6162
2545,皇翔,35,0,35,中國信託-忠孝,2024-01-09,6162
3481,群創,106,75,31,中國信託-忠孝,2024-01-09,6162
2537,聯上發,71,40,31,中國信託-忠孝,2024-01-09,6162
00647L,元大S＆P500正2,30,0,30,中國信託-忠孝,2024-01-09,6162
2421,建準,33,3,30,中國信託-忠孝,2024-01-09,6162
2362,藍天,44,15,29,中國信託-忠孝,2024-01-09,6162
2324,仁寶,43,16,27,中國信託-忠孝,2024-01-09,6162
2317,鴻海,28,1,27,中國信託-忠孝,2024-01-09,6162
2615,萬海,31,5,26,中國信託-忠孝,2024-01-09,6162
0050,元大台灣50,30,4,26,中國信託-忠孝,2024-01-09,6162
2534,宏盛,25,0,25,中國信託-忠孝,2024-01-09,6162
2303,聯電,31,6,25,中國信託-忠孝,2024-01-09,6162
00757,統一FANG+,23,0,23,中國信託-忠孝,2024-01-09,6162
2201,裕隆,30,8,22,中國信託-忠孝,2024-01-09,6162
1711,永光,22,0,22,中國信託-忠孝,2024-01-09,6162
00927,群益半導體收益,22,0,22,中國信託-忠孝,2024-01-09,6162
2364,倫飛,22,0,22,中國信託-忠孝,2024-01-09,6162
2892,第一金,20,0,20,中國信託-忠孝,2024-01-09,6162
2419,仲琦,21,1,20,中國信託-忠孝,2024-01-09,6162
00733,富邦臺灣中小,20,0,20,中國信託-忠孝,2024-01-09,6162
8021,尖點,20,0,20,中國信託-忠孝,2024-01-09,6162
00934,中信成長高股息,22,3,19,中國信託-忠孝,2024-01-09,6162
1513,中興電,25,7,18,中國信託-忠孝,2024-01-09,6162
2308,台達電,18,0,18,中國信託-忠孝,2024-01-09,6162
00637L,元大滬深300正2,17,0,17,中國信託-忠孝,2024-01-09,6162
00878,國泰永續高股息,23,7,16,中國信託-忠孝,2024-01-09,6162
4720,德淵,20,4,16,中國信託-忠孝,2024-01-09,6162
00929,復華台灣科技優息,384,14,370,中國信託-忠孝,2024-01-10,6162
00632R,元大台灣50反1,315,0,315,中國信託-忠孝,2024-01-10,6162
8111,立��,210,10,200,中國信託-忠孝,2024-01-10,6162
00919,群益台灣精選高息,154,3,151,中國信託-忠孝,2024-01-10,6162
0056,元大高股息,150,2,148,中國信託-忠孝,2024-01-10,6162
00725B,國泰投資級公司債,116,0,116,中國信託-忠孝,2024-01-10,6162
00676R,富邦臺灣加權反1,111,0,111,中國信託-忠孝,2024-01-10,6162
1108,幸福,100,0,100,中國信託-忠孝,2024-01-10,6162
1326,台化,91,0,91,中國信託-忠孝,2024-01-10,6162
3035,智原,104,19,85,中國信託-忠孝,2024-01-10,6162
2630,亞航,119,37,82,中國信託-忠孝,2024-01-10,6162
00687B,國泰20年美債,82,15,67,中國信託-忠孝,2024-01-10,6162
6026,福邦證,59,4,55,中國信託-忠孝,2024-01-10,6162
3715,定穎投控,55,7,48,中國信託-忠孝,2024-01-10,6162
00878,國泰永續高股息,68,23,45,中國信託-忠孝,2024-01-10,6162
00713,元大台灣高息低波,45,2,43,中國信託-忠孝,2024-01-10,6162
00937B,群益ESG投等債20,72,30,42,中國信託-忠孝,2024-01-10,6162
2515,中工,53,11,42,中國信託-忠孝,2024-01-10,6162
2610,華航,55,13,42,中國信託-忠孝,2024-01-10,6162
00933B,國泰10Y+金融債,40,0,40,中國信託-忠孝,2024-01-10,6162
4420,光明,38,0,38,中國信託-忠孝,2024-01-10,6162
2317,鴻海,39,1,38,中國信託-忠孝,2024-01-10,6162
2303,聯電,34,2,32,中國信託-忠孝,2024-01-10,6162
4945,陞達科技,34,2,32,中國信託-忠孝,2024-01-10,6162
4973,廣穎,30,0,30,中國信託-忠孝,2024-01-10,6162
3481,群創,34,6,28,中國信託-忠孝,2024-01-10,6162
6116,彩晶,27,0,27,中國信託-忠孝,2024-01-10,6162
00665L,富邦�琤肭磪囓�2,26,0,26,中國信託-忠孝,2024-01-10,6162
00650L,復華香港正2,25,0,25,中國信託-忠孝,2024-01-10,6162
2324,仁寶,32,8,24,中國信託-忠孝,2024-01-10,6162
6139,亞翔,24,1,23,中國信託-忠孝,2024-01-10,6162
2883,凱基金,33,10,23,中國信託-忠孝,2024-01-10,6162
5213,亞昕,88,66,22,中國信託-忠孝,2024-01-10,6162
00904,新光臺灣半導體30,21,0,21,中國信託-忠孝,2024-01-10,6162
2486,一詮,21,0,21,中國信託-忠孝,2024-01-10,6162
9943,好樂迪,20,0,20,中國信託-忠孝,2024-01-10,6162
00679B,元大美債20年,18,0,18,中國信託-忠孝,2024-01-10,6162
4133,亞諾法,20,2,18,中國信託-忠孝,2024-01-10,6162
2371,大同,57,40,17,中國信託-忠孝,2024-01-10,6162
1109,信大,15,0,15,中國信託-忠孝,2024-01-10,6162
1519,華城,33,18,15,中國信託-忠孝,2024-01-10,6162
3339,泰谷,15,0,15,中國信託-忠孝,2024-01-10,6162
1101,台泥,15,0,15,中國信託-忠孝,2024-01-10,6162
4909,新復興,21,6,15,中國信託-忠孝,2024-01-10,6162
6534,正瀚-創,15,0,15,中國信託-忠孝,2024-01-10,6162
6165,浪凡,15,0,15,中國信託-忠孝,2024-01-10,6162
2457,飛宏,15,0,15,中國信託-忠孝,2024-01-10,6162
2520,冠德,16,2,14,中國信託-忠孝,2024-01-10,6162
00882,中信中國高股息,34,20,14,中國信託-忠孝,2024-01-10,6162
6179,亞通,14,0,14,中國信託-忠孝,2024-01-10,6162
00919,群益台灣精選高息,270,4,266,中國信託-忠孝,2024-01-11,6162
8111,立��,187,5,182,中國信託-忠孝,2024-01-11,6162
00929,復華台灣科技優息,167,13,154,中國信託-忠孝,2024-01-11,6162
00927,群益半導體收益,138,0,138,中國信託-忠孝,2024-01-11,6162
00676R,富邦臺灣加權反1,79,0,79,中國信託-忠孝,2024-01-11,6162
1442,名軒,68,0,68,中國信託-忠孝,2024-01-11,6162
4420,光明,63,0,63,中國信託-忠孝,2024-01-11,6162
8201,無敵,59,0,59,中國信託-忠孝,2024-01-11,6162
3035,智原,160,102,58,中國信託-忠孝,2024-01-11,6162
6695,芯鼎,68,16,52,中國信託-忠孝,2024-01-11,6162
2501,國建,50,0,50,中國信託-忠孝,2024-01-11,6162
2406,國碩,50,3,47,中國信託-忠孝,2024-01-11,6162
2353,宏��,213,168,45,中國信託-忠孝,2024-01-11,6162
1733,五鼎,40,0,40,中國信託-忠孝,2024-01-11,6162
9962,有益,40,0,40,中國信託-忠孝,2024-01-11,6162
1808,潤隆,31,0,31,中國信託-忠孝,2024-01-11,6162
6016,康和證,30,0,30,中國信託-忠孝,2024-01-11,6162
2609,陽明,46,16,30,中國信託-忠孝,2024-01-11,6162
2449,京元電子,27,0,27,中國信託-忠孝,2024-01-11,6162
00882,中信中國高股息,30,3,27,中國信託-忠孝,2024-01-11,6162
2329,華泰,69,43,26,中國信託-忠孝,2024-01-11,6162
2498,宏達電,48,23,25,中國信託-忠孝,2024-01-11,6162
6116,彩晶,26,1,25,中國信託-忠孝,2024-01-11,6162
2344,華邦電,39,14,25,中國信託-忠孝,2024-01-11,6162
0056,元大高股息,25,3,22,中國信託-忠孝,2024-01-11,6162
2002,中鋼,22,0,22,中國信託-忠孝,2024-01-11,6162
3576,聯合再生,21,0,21,中國信託-忠孝,2024-01-11,6162
00937B,群益ESG投等債20,24,3,21,中國信託-忠孝,2024-01-11,6162
2610,華航,62,41,21,中國信託-忠孝,2024-01-11,6162
00933B,國泰10Y+金融債,25,5,20,中國信託-忠孝,2024-01-11,6162
3006,晶豪科,20,0,20,中國信託-忠孝,2024-01-11,6162
2455,全新,22,2,20,中國信託-忠孝,2024-01-11,6162
2408,南亞科,24,5,19,中國信託-忠孝,2024-01-11,6162
4945,陞達科技,18,0,18,中國信託-忠孝,2024-01-11,6162
6219,富旺,17,0,17,中國信託-忠孝,2024-01-11,6162
4956,光鋐,50,33,17,中國信託-忠孝,2024-01-11,6162
00878,國泰永續高股息,41,24,17,中國信託-忠孝,2024-01-11,6162
1519,華城,27,11,16,中國信託-忠孝,2024-01-11,6162
3339,泰谷,16,0,16,中國信託-忠孝,2024-01-11,6162
00688L,國泰20年美債正2,15,0,15,中國信託-忠孝,2024-01-11,6162
6168,宏齊,18,3,15,中國信託-忠孝,2024-01-11,6162
1535,中宇,15,0,15,中國信託-忠孝,2024-01-11,6162
00679B,元大美債20年,15,0,15,中國信託-忠孝,2024-01-11,6162
6126,信音,17,3,14,中國信託-忠孝,2024-01-11,6162
2317,鴻海,14,1,13,中國信託-忠孝,2024-01-11,6162
00715L,期街口布蘭特正2,13,0,13,中國信託-忠孝,2024-01-11,6162
2515,中工,22,9,13,中國信託-忠孝,2024-01-11,6162
6223,旺矽,16,3,13,中國信託-忠孝,2024-01-11,6162
4966,譜瑞-KY,12,0,12,中國信託-忠孝,2024-01-11,6162
2102,泰豐,12,0,12,中國信託-忠孝,2024-01-11,6162
2618,長榮航,313,25,288,中國信託-忠孝,2024-01-12,6162
00929,復華台灣科技優息,216,15,201,中國信託-忠孝,2024-01-12,6162
2344,華邦電,126,4,122,中國信託-忠孝,2024-01-12,6162
00687B,國泰20年美債,133,14,119,中國信託-忠孝,2024-01-12,6162
00933B,國泰10Y+金融債,119,0,119,中國信託-忠孝,2024-01-12,6162
2101,南港,128,20,108,中國信託-忠孝,2024-01-12,6162
5258,虹堡,94,1,93,中國信託-忠孝,2024-01-12,6162
00680L,元大美債20正2,74,0,74,中國信託-忠孝,2024-01-12,6162
00795B,中信美國公債20年,78,10,68,中國信託-忠孝,2024-01-12,6162
00937B,群益ESG投等債20,69,2,67,中國信託-忠孝,2024-01-12,6162
2303,聯電,67,5,62,中國信託-忠孝,2024-01-12,6162
2543,皇昌,63,3,60,中國信託-忠孝,2024-01-12,6162
1560,中砂,68,12,56,中國信託-忠孝,2024-01-12,6162
2442,新美齊,53,0,53,中國信託-忠孝,2024-01-12,6162
5355,佳總,50,0,50,中國信託-忠孝,2024-01-12,6162
3583,辛耘,52,6,46,中國信託-忠孝,2024-01-12,6162
6695,芯鼎,121,77,44,中國信託-忠孝,2024-01-12,6162
00922,國泰台灣領袖50,36,0,36,中國信託-忠孝,2024-01-12,6162
00934,中信成長高股息,32,3,29,中國信託-忠孝,2024-01-12,6162
00733,富邦臺灣中小,28,0,28,中國信託-忠孝,2024-01-12,6162
00919,群益台灣精選高息,55,28,27,中國信託-忠孝,2024-01-12,6162
2356,英業達,84,58,26,中國信託-忠孝,2024-01-12,6162
2887,台新金,23,0,23,中國信託-忠孝,2024-01-12,6162
3481,群創,35,12,23,中國信託-忠孝,2024-01-12,6162
3548,兆利,29,7,22,中國信託-忠孝,2024-01-12,6162
6116,彩晶,22,0,22,中國信託-忠孝,2024-01-12,6162
0056,元大高股息,65,44,21,中國信託-忠孝,2024-01-12,6162
9933,中鼎,20,0,20,中國信託-忠孝,2024-01-12,6162
00637L,元大滬深300正2,50,30,20,中國信託-忠孝,2024-01-12,6162
6208,日揚,20,0,20,中國信託-忠孝,2024-01-12,6162
00679B,元大美債20年,29,10,19,中國信託-忠孝,2024-01-12,6162
2890,永豐金,18,0,18,中國信託-忠孝,2024-01-12,6162
00904,新光臺灣半導體30,18,0,18,中國信託-忠孝,2024-01-12,6162
00931B,統一美債20年,22,4,18,中國信託-忠孝,2024-01-12,6162
00927,群益半導體收益,17,0,17,中國信託-忠孝,2024-01-12,6162
2883,凱基金,16,0,16,中國信託-忠孝,2024-01-12,6162
2882,國泰金,16,0,16,中國信託-忠孝,2024-01-12,6162
3046,建��,15,0,15,中國信託-忠孝,2024-01-12,6162
5210,寶碩,15,1,14,中國信託-忠孝,2024-01-12,6162
1513,中興電,26,13,13,中國信託-忠孝,2024-01-12,6162
8039,台虹,13,0,13,中國信託-忠孝,2024-01-12,6162
6213,聯茂,14,3,11,中國信託-忠孝,2024-01-12,6162
1736,喬山,11,0,11,中國信託-忠孝,2024-01-12,6162
2520,冠德,11,0,11,中國信託-忠孝,2024-01-12,6162
6125,廣運,12,1,11,中國信託-忠孝,2024-01-12,6162
2376,技嘉,30,19,11,中國信託-忠孝,2024-01-12,6162
2884,玉山金,11,0,11,中國信託-忠孝,2024-01-12,6162
00923,群益台ESG低碳50,10,0,10,中國信託-忠孝,2024-01-12,6162
00725B,國泰投資級公司債,10,0,10,中國信託-忠孝,2024-01-12,6162
00738U,期元大道瓊白銀,10,0,10,中國信託-忠孝,2024-01-12,6162
2344,華邦電,1020,12,1008,中國信託-忠孝,2024-01-15,6162
00770,國泰北美科技,237,0,237,中國信託-忠孝,2024-01-15,6162
2492,華新科,207,3,204,中國信託-忠孝,2024-01-15,6162
00929,復華台灣科技優息,215,74,141,中國信託-忠孝,2024-01-15,6162
3217,優群,134,4,130,中國信託-忠孝,2024-01-15,6162
1795,美時,121,24,97,中國信託-忠孝,2024-01-15,6162
1514,亞力,328,231,97,中國信託-忠孝,2024-01-15,6162
2630,亞航,91,5,86,中國信託-忠孝,2024-01-15,6162
00934,中信成長高股息,125,59,66,中國信託-忠孝,2024-01-15,6162
0056,元大高股息,90,27,63,中國信託-忠孝,2024-01-15,6162
3324,雙鴻,61,0,61,中國信託-忠孝,2024-01-15,6162
2888,新光金,67,10,57,中國信託-忠孝,2024-01-15,6162
00720B,元大投資級公司債,73,17,56,中國信託-忠孝,2024-01-15,6162
00881,國泰台灣5G+,54,0,54,中國信託-忠孝,2024-01-15,6162
00927,群益半導體收益,51,0,51,中國信託-忠孝,2024-01-15,6162
2101,南港,47,5,42,中國信託-忠孝,2024-01-15,6162
2615,萬海,76,35,41,中國信託-忠孝,2024-01-15,6162
00762,元大全球AI,40,0,40,中國信託-忠孝,2024-01-15,6162
00665L,富邦�琤肭磪囓�2,72,33,39,中國信託-忠孝,2024-01-15,6162
2353,宏��,313,275,38,中國信託-忠孝,2024-01-15,6162
2634,漢翔,47,11,36,中國信託-忠孝,2024-01-15,6162
00937B,群益ESG投等債20,33,0,33,中國信託-忠孝,2024-01-15,6162
00919,群益台灣精選高息,60,28,32,中國信託-忠孝,2024-01-15,6162
2317,鴻海,29,2,27,中國信託-忠孝,2024-01-15,6162
00680L,元大美債20正2,26,0,26,中國信託-忠孝,2024-01-15,6162
2243,宏旭-KY,25,0,25,中國信託-忠孝,2024-01-15,6162
00892,富邦台灣半導體,24,0,24,中國信託-忠孝,2024-01-15,6162
3030,德律,29,5,24,中國信託-忠孝,2024-01-15,6162
00687B,國泰20年美債,22,1,21,中國信託-忠孝,2024-01-15,6162
5439,高技,20,0,20,中國信託-忠孝,2024-01-15,6162
6026,福邦證,20,0,20,中國信託-忠孝,2024-01-15,6162
2609,陽明,46,27,19,中國信託-忠孝,2024-01-15,6162
2883,凱基金,18,0,18,中國信託-忠孝,2024-01-15,6162
2406,國碩,23,5,18,中國信託-忠孝,2024-01-15,6162
4938,和碩,18,0,18,中國信託-忠孝,2024-01-15,6162
2208,台船,19,1,18,中國信託-忠孝,2024-01-15,6162
2610,華航,51,34,17,中國信託-忠孝,2024-01-15,6162
5340,建榮,15,0,15,中國信託-忠孝,2024-01-15,6162
3499,環天科,20,5,15,中國信託-忠孝,2024-01-15,6162
4909,新復興,34,19,15,中國信託-忠孝,2024-01-15,6162
2867,三商壽,15,0,15,中國信託-忠孝,2024-01-15,6162
5521,工信,15,0,15,中國信託-忠孝,2024-01-15,6162
4402,郡都開發,15,0,15,中國信託-忠孝,2024-01-15,6162
2543,皇昌,15,1,14,中國信託-忠孝,2024-01-15,6162
00713,元大台灣高息低波,15,1,14,中國信託-忠孝,2024-01-15,6162
6192,巨路,15,2,13,中國信託-忠孝,2024-01-15,6162
5880,合庫金,13,0,13,中國信託-忠孝,2024-01-15,6162
3017,奇鋐,48,36,12,中國信託-忠孝,2024-01-15,6162
6535,順藥,12,0,12,中國信託-忠孝,2024-01-15,6162
00655L,國泰中國A50正2,12,1,11,中國信託-忠孝,2024-01-15,6162
0056,元大高股息,513,6,507,中國信託-忠孝,2024-01-16,6162
2329,華泰,285,56,229,中國信託-忠孝,2024-01-16,6162
1108,幸福,135,0,135,中國信託-忠孝,2024-01-16,6162
00929,復華台灣科技優息,182,50,132,中國信託-忠孝,2024-01-16,6162
00665L,富邦�琤肭磪囓�2,186,66,120,中國信託-忠孝,2024-01-16,6162
1326,台化,117,1,116,中國信託-忠孝,2024-01-16,6162
1435,中福,110,0,110,中國信託-忠孝,2024-01-16,6162
00919,群益台灣精選高息,101,3,98,中國信託-忠孝,2024-01-16,6162
00680L,元大美債20正2,96,0,96,中國信託-忠孝,2024-01-16,6162
00881,國泰台灣5G+,87,0,87,中國信託-忠孝,2024-01-16,6162
00650L,復華香港正2,81,0,81,中國信託-忠孝,2024-01-16,6162
2101,南港,103,24,79,中國信託-忠孝,2024-01-16,6162
3694,海華,81,6,75,中國信託-忠孝,2024-01-16,6162
00882,中信中國高股息,77,5,72,中國信託-忠孝,2024-01-16,6162
3587,閎康,80,9,71,中國信託-忠孝,2024-01-16,6162
00637L,元大滬深300正2,67,4,63,中國信託-忠孝,2024-01-16,6162
2610,華航,97,38,59,中國信託-忠孝,2024-01-16,6162
2486,一詮,157,103,54,中國信託-忠孝,2024-01-16,6162
3287,廣寰科,149,96,53,中國信託-忠孝,2024-01-16,6162
3522,御嵿,50,0,50,中國信託-忠孝,2024-01-16,6162
5351,鈺創,130,82,48,中國信託-忠孝,2024-01-16,6162
2834,臺企銀,46,0,46,中國信託-忠孝,2024-01-16,6162
00935,野村臺灣新科技50,45,0,45,中國信託-忠孝,2024-01-16,6162
6223,旺矽,61,17,44,中國信託-忠孝,2024-01-16,6162
00933B,國泰10Y+金融債,40,0,40,中國信託-忠孝,2024-01-16,6162
2412,中華電,39,0,39,中國信託-忠孝,2024-01-16,6162
2312,金寶,40,1,39,中國信託-忠孝,2024-01-16,6162
3583,辛耘,53,15,38,中國信託-忠孝,2024-01-16,6162
2501,國建,36,0,36,中國信託-忠孝,2024-01-16,6162
6026,福邦證,36,0,36,中國信託-忠孝,2024-01-16,6162
00927,群益半導體收益,35,0,35,中國信託-忠孝,2024-01-16,6162
1314,中石化,31,0,31,中國信託-忠孝,2024-01-16,6162
5426,振發,41,11,30,中國信託-忠孝,2024-01-16,6162
3712,永崴投控,38,9,29,中國信託-忠孝,2024-01-16,6162
2887,台新金,28,0,28,中國信託-忠孝,2024-01-16,6162
2353,宏��,48,21,27,中國信託-忠孝,2024-01-16,6162
00753L,中信中國50正2,27,0,27,中國信託-忠孝,2024-01-16,6162
2882,國泰金,32,6,26,中國信託-忠孝,2024-01-16,6162
00687B,國泰20年美債,26,1,25,中國信託-忠孝,2024-01-16,6162
0050,元大台灣50,25,0,25,中國信託-忠孝,2024-01-16,6162
00679B,元大美債20年,25,0,25,中國信託-忠孝,2024-01-16,6162
1609,大亞,35,10,25,中國信託-忠孝,2024-01-16,6162
00688L,國泰20年美債正2,24,0,24,中國信託-忠孝,2024-01-16,6162
00934,中信成長高股息,22,0,22,中國信託-忠孝,2024-01-16,6162
8096,擎亞,24,4,20,中國信託-忠孝,2024-01-16,6162
4938,和碩,22,2,20,中國信託-忠孝,2024-01-16,6162
2890,永豐金,20,0,20,中國信託-忠孝,2024-01-16,6162
3499,環天科,20,0,20,中國信託-忠孝,2024-01-16,6162
9962,有益,20,0,20,中國信託-忠孝,2024-01-16,6162
2002,中鋼,20,0,20,中國信託-忠孝,2024-01-16,6162
00882,中信中國高股息,489,9,480,中國信託-忠孝,2024-01-17,6162
00929,復華台灣科技優息,514,116,398,中國信託-忠孝,2024-01-17,6162
00919,群益台灣精選高息,312,4,308,中國信託-忠孝,2024-01-17,6162
0056,元大高股息,202,7,195,中國信託-忠孝,2024-01-17,6162
2303,聯電,480,297,183,中國信託-忠孝,2024-01-17,6162
2615,萬海,147,6,141,中國信託-忠孝,2024-01-17,6162
00878,國泰永續高股息,140,11,129,中國信託-忠孝,2024-01-17,6162
00665L,富邦�琤肭磪囓�2,105,0,105,中國信託-忠孝,2024-01-17,6162
4123,晟德,103,1,102,中國信託-忠孝,2024-01-17,6162
1326,台化,113,12,101,中國信託-忠孝,2024-01-17,6162
00911,兆豐洲際半導體,100,0,100,中國信託-忠孝,2024-01-17,6162
2618,長榮航,101,5,96,中國信託-忠孝,2024-01-17,6162
00937B,群益ESG投等債20,103,20,83,中國信託-忠孝,2024-01-17,6162
2501,國建,80,0,80,中國信託-忠孝,2024-01-17,6162
6005,群益證,84,6,78,中國信託-忠孝,2024-01-17,6162
2610,華航,88,13,75,中國信託-忠孝,2024-01-17,6162
2520,冠德,70,0,70,中國信託-忠孝,2024-01-17,6162
1314,中石化,60,0,60,中國信託-忠孝,2024-01-17,6162
00679B,元大美債20年,62,3,59,中國信託-忠孝,2024-01-17,6162
00650L,復華香港正2,55,0,55,中國信託-忠孝,2024-01-17,6162
2317,鴻海,63,11,52,中國信託-忠孝,2024-01-17,6162
6116,彩晶,53,1,52,中國信託-忠孝,2024-01-17,6162
2888,新光金,54,3,51,中國信託-忠孝,2024-01-17,6162
1216,統一,53,3,50,中國信託-忠孝,2024-01-17,6162
00927,群益半導體收益,44,0,44,中國信託-忠孝,2024-01-17,6162
2412,中華電,45,1,44,中國信託-忠孝,2024-01-17,6162
2882,國泰金,44,1,43,中國信託-忠孝,2024-01-17,6162
2002,中鋼,42,0,42,中國信託-忠孝,2024-01-17,6162
0050,元大台灣50,72,33,39,中國信託-忠孝,2024-01-17,6162
2892,第一金,43,4,39,中國信託-忠孝,2024-01-17,6162
00934,中信成長高股息,39,1,38,中國信託-忠孝,2024-01-17,6162
2884,玉山金,35,0,35,中國信託-忠孝,2024-01-17,6162
00687B,國泰20年美債,54,20,34,中國信託-忠孝,2024-01-17,6162
2867,三商壽,39,8,31,中國信託-忠孝,2024-01-17,6162
00753L,中信中國50正2,31,0,31,中國信託-忠孝,2024-01-17,6162
3029,零壹,61,30,31,中國信託-忠孝,2024-01-17,6162
3710,連展投控,30,0,30,中國信託-忠孝,2024-01-17,6162
2887,台新金,28,0,28,中國信託-忠孝,2024-01-17,6162
2883,凱基金,30,3,27,中國信託-忠孝,2024-01-17,6162
2886,兆豐金,27,0,27,中國信託-忠孝,2024-01-17,6162
3583,辛耘,86,61,25,中國信託-忠孝,2024-01-17,6162
1108,幸福,25,0,25,中國信託-忠孝,2024-01-17,6162
00891,中信關鍵半導體,30,5,25,中國信託-忠孝,2024-01-17,6162
5328,華容,57,32,25,中國信託-忠孝,2024-01-17,6162
00680L,元大美債20正2,25,0,25,中國信託-忠孝,2024-01-17,6162
00772B,中信高評級公司債,24,0,24,中國信託-忠孝,2024-01-17,6162
2371,大同,68,45,23,中國信託-忠孝,2024-01-17,6162
2344,華邦電,160,137,23,中國信託-忠孝,2024-01-17,6162
5210,寶碩,30,7,23,中國信託-忠孝,2024-01-17,6162
00720B,元大投資級公司債,22,1,21,中國信託-忠孝,2024-01-17,6162
00919,群益台灣精選高息,295,23,272,中國信託-忠孝,2024-01-18,6162
00882,中信中國高股息,204,11,193,中國信託-忠孝,2024-01-18,6162
5426,振發,385,197,188,中國信託-忠孝,2024-01-18,6162
2303,聯電,187,8,179,中國信託-忠孝,2024-01-18,6162
00637L,元大滬深300正2,177,28,149,中國信託-忠孝,2024-01-18,6162
8034,榮群,173,32,141,中國信託-忠孝,2024-01-18,6162
0056,元大高股息,106,27,79,中國信託-忠孝,2024-01-18,6162
00904,新光臺灣半導體30,79,0,79,中國信託-忠孝,2024-01-18,6162
00631L,元大台灣50正2,78,4,74,中國信託-忠孝,2024-01-18,6162
2515,中工,80,6,74,中國信託-忠孝,2024-01-18,6162
3217,優群,83,18,65,中國信託-忠孝,2024-01-18,6162
2501,國建,45,0,45,中國信託-忠孝,2024-01-18,6162
00680L,元大美債20正2,44,0,44,中國信託-忠孝,2024-01-18,6162
00891,中信關鍵半導體,40,0,40,中國信託-忠孝,2024-01-18,6162
2101,南港,49,10,39,中國信託-忠孝,2024-01-18,6162
00878,國泰永續高股息,60,23,37,中國信託-忠孝,2024-01-18,6162
2324,仁寶,56,21,35,中國信託-忠孝,2024-01-18,6162
2382,廣達,62,27,35,中國信託-忠孝,2024-01-18,6162
2884,玉山金,34,3,31,中國信託-忠孝,2024-01-18,6162
00687B,國泰20年美債,33,2,31,中國信託-忠孝,2024-01-18,6162
8043,蜜望實,30,0,30,中國信託-忠孝,2024-01-18,6162
00712,復華富時不動產,28,2,26,中國信託-忠孝,2024-01-18,6162
6770,力積電,25,0,25,中國信託-忠孝,2024-01-18,6162
00679B,元大美債20年,31,7,24,中國信託-忠孝,2024-01-18,6162
3287,廣寰科,51,28,23,中國信託-忠孝,2024-01-18,6162
2409,友達,53,30,23,中國信託-忠孝,2024-01-18,6162
6173,信昌電,33,11,22,中國信託-忠孝,2024-01-18,6162
0050,元大台灣50,33,12,21,中國信託-忠孝,2024-01-18,6162
5425,台半,22,1,21,中國信託-忠孝,2024-01-18,6162
8111,立��,20,0,20,中國信託-忠孝,2024-01-18,6162
3587,閎康,42,25,17,中國信託-忠孝,2024-01-18,6162
2887,台新金,16,0,16,中國信託-忠孝,2024-01-18,6162
2317,鴻海,16,0,16,中國信託-忠孝,2024-01-18,6162
00665L,富邦�琤肭磪囓�2,16,0,16,中國信託-忠孝,2024-01-18,6162
2492,華新科,16,0,16,中國信託-忠孝,2024-01-18,6162
2834,臺企銀,15,0,15,中國信託-忠孝,2024-01-18,6162
6668,中揚光,22,7,15,中國信託-忠孝,2024-01-18,6162
3520,華盈,15,0,15,中國信託-忠孝,2024-01-18,6162
3481,群創,330,315,15,中國信託-忠孝,2024-01-18,6162
00720B,元大投資級公司債,16,1,15,中國信託-忠孝,2024-01-18,6162
8112,至上,15,1,14,中國信託-忠孝,2024-01-18,6162
2489,瑞軒,13,0,13,中國信託-忠孝,2024-01-18,6162
1460,宏遠,13,0,13,中國信託-忠孝,2024-01-18,6162
00753L,中信中國50正2,22,9,13,中國信託-忠孝,2024-01-18,6162
6139,亞翔,79,66,13,中國信託-忠孝,2024-01-18,6162
8936,國統,12,0,12,中國信託-忠孝,2024-01-18,6162
00918,大華優利高填息30,12,0,12,中國信託-忠孝,2024-01-18,6162
6005,群益證,12,0,12,中國信託-忠孝,2024-01-18,6162
1301,台塑,11,1,10,中國信託-忠孝,2024-01-18,6162
2886,兆豐金,18,8,10,中國信託-忠孝,2024-01-18,6162
2324,仁寶,1566,82,1484,中國信託-忠孝,2024-01-19,6162
00882,中信中國高股息,217,14,203,中國信託-忠孝,2024-01-19,6162
00641R,富邦日本反1,200,0,200,中國信託-忠孝,2024-01-19,6162
00676R,富邦臺灣加權反1,153,0,153,中國信託-忠孝,2024-01-19,6162
00772B,中信高評級公司債,154,20,134,中國信託-忠孝,2024-01-19,6162
00687B,國泰20年美債,132,0,132,中國信託-忠孝,2024-01-19,6162
00679B,元大美債20年,123,1,122,中國信託-忠孝,2024-01-19,6162
00937B,群益ESG投等債20,109,0,109,中國信託-忠孝,2024-01-19,6162
00753L,中信中國50正2,105,0,105,中國信託-忠孝,2024-01-19,6162
00762,元大全球AI,89,10,79,中國信託-忠孝,2024-01-19,6162
00632R,元大台灣50反1,76,0,76,中國信託-忠孝,2024-01-19,6162
00751B,元大AAA至A公司債,72,5,67,中國信託-忠孝,2024-01-19,6162
00830,國泰費城半導體,65,1,64,中國信託-忠孝,2024-01-19,6162
3324,雙鴻,66,8,58,中國信託-忠孝,2024-01-19,6162
1326,台化,53,0,53,中國信託-忠孝,2024-01-19,6162
2492,華新科,53,1,52,中國信託-忠孝,2024-01-19,6162
2534,宏盛,73,23,50,中國信託-忠孝,2024-01-19,6162
00919,群益台灣精選高息,69,21,48,中國信託-忠孝,2024-01-19,6162
00857B,永豐20年美公債,47,0,47,中國信託-忠孝,2024-01-19,6162
2486,一詮,65,20,45,中國信託-忠孝,2024-01-19,6162
6120,達運,59,19,40,中國信託-忠孝,2024-01-19,6162
00757,統一FANG+,40,1,39,中國信託-忠孝,2024-01-19,6162
00720B,元大投資級公司債,39,0,39,中國信託-忠孝,2024-01-19,6162
00886,永豐美國科技,38,0,38,中國信託-忠孝,2024-01-19,6162
00931B,統一美債20年,38,0,38,中國信託-忠孝,2024-01-19,6162
00688L,國泰20年美債正2,41,4,37,中國信託-忠孝,2024-01-19,6162
00904,新光臺灣半導體30,36,0,36,中國信託-忠孝,2024-01-19,6162
00795B,中信美國公債20年,34,0,34,中國信託-忠孝,2024-01-19,6162
00733,富邦臺灣中小,26,0,26,中國信託-忠孝,2024-01-19,6162
8096,擎亞,24,1,23,中國信託-忠孝,2024-01-19,6162
2615,萬海,107,84,23,中國信託-忠孝,2024-01-19,6162
2618,長榮航,24,1,23,中國信託-忠孝,2024-01-19,6162
6770,力積電,23,0,23,中國信託-忠孝,2024-01-19,6162
2603,長榮,50,28,22,中國信託-忠孝,2024-01-19,6162
2323,中環,22,0,22,中國信託-忠孝,2024-01-19,6162
00927,群益半導體收益,21,0,21,中國信託-忠孝,2024-01-19,6162
1618,合機,21,0,21,中國信託-忠孝,2024-01-19,6162
4956,光鋐,53,33,20,中國信託-忠孝,2024-01-19,6162
00911,兆豐洲際半導體,20,0,20,中國信託-忠孝,2024-01-19,6162
3019,亞光,20,0,20,中國信託-忠孝,2024-01-19,6162
2208,台船,20,2,18,中國信託-忠孝,2024-01-19,6162
2884,玉山金,18,0,18,中國信託-忠孝,2024-01-19,6162
3036,文曄,29,13,16,中國信託-忠孝,2024-01-19,6162
00712,復華富時不動產,18,2,16,中國信託-忠孝,2024-01-19,6162
2610,華航,16,0,16,中國信託-忠孝,2024-01-19,6162
1808,潤隆,16,0,16,中國信託-忠孝,2024-01-19,6162
00713,元大台灣高息低波,17,1,16,中國信託-忠孝,2024-01-19,6162
3712,永崴投控,15,0,15,中國信託-忠孝,2024-01-19,6162
00764B,群益25年美債,15,0,15,中國信託-忠孝,2024-01-19,6162
1560,中砂,21,7,14,中國信託-忠孝,2024-01-19,6162
2324,仁寶,825,35,790,中國信託-忠孝,2024-01-22,6162
2344,華邦電,313,14,299,中國信託-忠孝,2024-01-22,6162
00937B,群益ESG投等債20,168,1,167,中國信託-忠孝,2024-01-22,6162
2618,長榮航,174,13,161,中國信託-忠孝,2024-01-22,6162
00882,中信中國高股息,155,0,155,中國信託-忠孝,2024-01-22,6162
2353,宏��,212,78,134,中國信託-忠孝,2024-01-22,6162
00919,群益台灣精選高息,118,12,106,中國信託-忠孝,2024-01-22,6162
00676R,富邦臺灣加權反1,100,0,100,中國信託-忠孝,2024-01-22,6162
4420,光明,108,12,96,中國信託-忠孝,2024-01-22,6162
2543,皇昌,90,0,90,中國信託-忠孝,2024-01-22,6162
00830,國泰費城半導體,83,2,81,中國信託-忠孝,2024-01-22,6162
2891,中信金,82,8,74,中國信託-忠孝,2024-01-22,6162
3615,安可,74,6,68,中國信託-忠孝,2024-01-22,6162
1909,榮成,60,0,60,中國信託-忠孝,2024-01-22,6162
3231,緯創,290,241,49,中國信託-忠孝,2024-01-22,6162
6139,亞翔,50,1,49,中國信託-忠孝,2024-01-22,6162
3712,永崴投控,53,4,49,中國信託-忠孝,2024-01-22,6162
2369,菱生,93,46,47,中國信託-忠孝,2024-01-22,6162
00911,兆豐洲際半導體,47,0,47,中國信託-忠孝,2024-01-22,6162
00757,統一FANG+,40,0,40,中國信託-忠孝,2024-01-22,6162
8210,勤誠,48,10,38,中國信託-忠孝,2024-01-22,6162
0056,元大高股息,79,42,37,中國信託-忠孝,2024-01-22,6162
00934,中信成長高股息,58,23,35,中國信託-忠孝,2024-01-22,6162
2316,楠梓電,99,68,31,中國信託-忠孝,2024-01-22,6162
2101,南港,30,0,30,中國信託-忠孝,2024-01-22,6162
00640L,富邦日本正2,30,0,30,中國信託-忠孝,2024-01-22,6162
2323,中環,30,0,30,中國信託-忠孝,2024-01-22,6162
00772B,中信高評級公司債,29,0,29,中國信託-忠孝,2024-01-22,6162
8027,鈦昇,38,9,29,中國信託-忠孝,2024-01-22,6162
00904,新光臺灣半導體30,28,0,28,中國信託-忠孝,2024-01-22,6162
00762,元大全球AI,28,0,28,中國信託-忠孝,2024-01-22,6162
6589,台康生技,27,0,27,中國信託-忠孝,2024-01-22,6162
2329,華泰,147,122,25,中國信託-忠孝,2024-01-22,6162
2317,鴻海,26,1,25,中國信託-忠孝,2024-01-22,6162
3645,達邁,24,0,24,中國信託-忠孝,2024-01-22,6162
00687B,國泰20年美債,30,7,23,中國信託-忠孝,2024-01-22,6162
3055,蔚華科,28,5,23,中國信託-忠孝,2024-01-22,6162
2609,陽明,28,5,23,中國信託-忠孝,2024-01-22,6162
00679B,元大美債20年,45,22,23,中國信託-忠孝,2024-01-22,6162
2002,中鋼,23,1,22,中國信託-忠孝,2024-01-22,6162
4188,安克,21,0,21,中國信託-忠孝,2024-01-22,6162
2516,新建,20,0,20,中國信託-忠孝,2024-01-22,6162
1802,台玻,20,0,20,中國信託-忠孝,2024-01-22,6162
2331,精英,30,11,19,中國信託-忠孝,2024-01-22,6162
2884,玉山金,17,0,17,中國信託-忠孝,2024-01-22,6162
2834,臺企銀,16,0,16,中國信託-忠孝,2024-01-22,6162
00665L,富邦�琤肭磪囓�2,82,66,16,中國信託-忠孝,2024-01-22,6162
8201,無敵,22,6,16,中國信託-忠孝,2024-01-22,6162
3607,谷崧,15,0,15,中國信託-忠孝,2024-01-22,6162
2867,三商壽,15,0,15,中國信託-忠孝,2024-01-22,6162
00637L,元大滬深300正2,345,130,215,中國信託-忠孝,2024-01-23,6162
00929,復華台灣科技優息,236,39,197,中國信託-忠孝,2024-01-23,6162
00937B,群益ESG投等債20,184,0,184,中國信託-忠孝,2024-01-23,6162
2486,一詮,182,38,144,中國信託-忠孝,2024-01-23,6162
2609,陽明,156,20,136,中國信託-忠孝,2024-01-23,6162
2615,萬海,127,0,127,中國信託-忠孝,2024-01-23,6162
4420,光明,194,104,90,中國信託-忠孝,2024-01-23,6162
6108,競國,100,20,80,中國信託-忠孝,2024-01-23,6162
2408,南亞科,76,4,72,中國信託-忠孝,2024-01-23,6162
00687B,國泰20年美債,67,0,67,中國信託-忠孝,2024-01-23,6162
2382,廣達,82,22,60,中國信託-忠孝,2024-01-23,6162
1514,亞力,78,25,53,中國信託-忠孝,2024-01-23,6162
5328,華容,51,0,51,中國信託-忠孝,2024-01-23,6162
2101,南港,50,0,50,中國信託-忠孝,2024-01-23,6162
6237,驊訊,68,28,40,中國信託-忠孝,2024-01-23,6162
2442,新美齊,45,6,39,中國信託-忠孝,2024-01-23,6162
2002,中鋼,36,0,36,中國信託-忠孝,2024-01-23,6162
2603,長榮,39,6,33,中國信託-忠孝,2024-01-23,6162
00679B,元大美債20年,31,0,31,中國信託-忠孝,2024-01-23,6162
2324,仁寶,45,17,28,中國信託-忠孝,2024-01-23,6162
5426,振發,82,54,28,中國信託-忠孝,2024-01-23,6162
3380,明泰,44,17,27,中國信託-忠孝,2024-01-23,6162
2014,中鴻,27,0,27,中國信託-忠孝,2024-01-23,6162
4123,晟德,26,1,25,中國信託-忠孝,2024-01-23,6162
00878,國泰永續高股息,51,27,24,中國信託-忠孝,2024-01-23,6162
00882,中信中國高股息,82,59,23,中國信託-忠孝,2024-01-23,6162
1515,力山,20,0,20,中國信託-忠孝,2024-01-23,6162
3548,兆利,20,0,20,中國信託-忠孝,2024-01-23,6162
2017,官田鋼,20,0,20,中國信託-忠孝,2024-01-23,6162
3227,原相,19,0,19,中國信託-忠孝,2024-01-23,6162
3706,神達,23,4,19,中國信託-忠孝,2024-01-23,6162
3615,安可,93,75,18,中國信託-忠孝,2024-01-23,6162
00934,中信成長高股息,56,40,16,中國信託-忠孝,2024-01-23,6162
3680,家登,23,7,16,中國信託-忠孝,2024-01-23,6162
00772B,中信高評級公司債,15,0,15,中國信託-忠孝,2024-01-23,6162
6274,台燿,16,1,15,中國信託-忠孝,2024-01-23,6162
2332,友訊,15,0,15,中國信託-忠孝,2024-01-23,6162
9945,潤泰新,15,0,15,中國信託-忠孝,2024-01-23,6162
8210,勤誠,17,3,14,中國信託-忠孝,2024-01-23,6162
3483,力致,18,4,14,中國信託-忠孝,2024-01-23,6162
2891,中信金,17,3,14,中國信託-忠孝,2024-01-23,6162
00712,復華富時不動產,15,1,14,中國信託-忠孝,2024-01-23,6162
6165,浪凡,14,0,14,中國信託-忠孝,2024-01-23,6162
00795B,中信美國公債20年,13,0,13,中國信託-忠孝,2024-01-23,6162
2355,敬鵬,13,0,13,中國信託-忠孝,2024-01-23,6162
6121,新普,13,0,13,中國信託-忠孝,2024-01-23,6162
00892,富邦台灣半導體,14,1,13,中國信託-忠孝,2024-01-23,6162
2038,海光,11,0,11,中國信託-忠孝,2024-01-23,6162
3576,聯合再生,11,0,11,中國信託-忠孝,2024-01-23,6162
5880,合庫金,10,0,10,中國信託-忠孝,2024-01-23,6162
2344,華邦電,1169,32,1137,中國信託-忠孝,2024-01-24,6162
00637L,元大滬深300正2,309,48,261,中國信託-忠孝,2024-01-24,6162
6546,正基,181,2,179,中國信託-忠孝,2024-01-24,6162
00937B,群益ESG投等債20,157,2,155,中國信託-忠孝,2024-01-24,6162
3615,安可,140,52,88,中國信託-忠孝,2024-01-24,6162
2615,萬海,112,35,77,中國信託-忠孝,2024-01-24,6162
00679B,元大美債20年,76,2,74,中國信託-忠孝,2024-01-24,6162
00687B,國泰20年美債,76,6,70,中國信託-忠孝,2024-01-24,6162
00757,統一FANG+,64,0,64,中國信託-忠孝,2024-01-24,6162
00882,中信中國高股息,55,2,53,中國信託-忠孝,2024-01-24,6162
2423,固緯,50,0,50,中國信託-忠孝,2024-01-24,6162
1795,美時,51,2,49,中國信託-忠孝,2024-01-24,6162
1528,恩德,40,1,39,中國信託-忠孝,2024-01-24,6162
00688L,國泰20年美債正2,36,0,36,中國信託-忠孝,2024-01-24,6162
2382,廣達,50,16,34,中國信託-忠孝,2024-01-24,6162
2323,中環,35,2,33,中國信託-忠孝,2024-01-24,6162
00751B,元大AAA至A公司債,32,0,32,中國信託-忠孝,2024-01-24,6162
6113,亞矽,34,5,29,中國信託-忠孝,2024-01-24,6162
1810,和成,60,33,27,中國信託-忠孝,2024-01-24,6162
2543,皇昌,30,5,25,中國信託-忠孝,2024-01-24,6162
2453,凌群,21,0,21,中國信託-忠孝,2024-01-24,6162
00636,國泰中國A50,21,0,21,中國信託-忠孝,2024-01-24,6162
6167,久正,25,4,21,中國信託-忠孝,2024-01-24,6162
1423,利華,20,0,20,中國信託-忠孝,2024-01-24,6162
2027,大成鋼,20,0,20,中國信託-忠孝,2024-01-24,6162
2618,長榮航,22,3,19,中國信託-忠孝,2024-01-24,6162
00715L,期街口布蘭特正2,27,10,17,中國信託-忠孝,2024-01-24,6162
6111,大宇資,45,28,17,中國信託-忠孝,2024-01-24,6162
00720B,元大投資級公司債,27,10,17,中國信託-忠孝,2024-01-24,6162
2455,全新,16,0,16,中國信託-忠孝,2024-01-24,6162
2421,建準,22,6,16,中國信託-忠孝,2024-01-24,6162
5508,永信建,16,0,16,中國信託-忠孝,2024-01-24,6162
1519,華城,53,37,16,中國信託-忠孝,2024-01-24,6162
6462,神盾,28,14,14,中國信託-忠孝,2024-01-24,6162
00902,中信電池及儲能,14,0,14,中國信託-忠孝,2024-01-24,6162
6165,浪凡,14,0,14,中國信託-忠孝,2024-01-24,6162
00712,復華富時不動產,13,0,13,中國信託-忠孝,2024-01-24,6162
6414,樺漢,13,0,13,中國信託-忠孝,2024-01-24,6162
3017,奇鋐,21,8,13,中國信託-忠孝,2024-01-24,6162
2884,玉山金,12,0,12,中國信託-忠孝,2024-01-24,6162
00632R,元大台灣50反1,12,0,12,中國信託-忠孝,2024-01-24,6162
6239,力成,13,1,12,中國信託-忠孝,2024-01-24,6162
2419,仲琦,11,0,11,中國信託-忠孝,2024-01-24,6162
00795B,中信美國公債20年,11,0,11,中國信託-忠孝,2024-01-24,6162
6285,啟��,10,0,10,中國信託-忠孝,2024-01-24,6162
1326,台化,10,0,10,中國信託-忠孝,2024-01-24,6162
00752,中信中國50,10,0,10,中國信託-忠孝,2024-01-24,6162
6274,台燿,12,2,10,中國信託-忠孝,2024-01-24,6162
2017,官田鋼,10,0,10,中國信託-忠孝,2024-01-24,6162
3704,合勤控,10,0,10,中國信託-忠孝,2024-01-24,6162
2331,精英,405,0,405,中國信託-忠孝,2024-01-25,6162
00680L,元大美債20正2,168,0,168,中國信託-忠孝,2024-01-25,6162
2486,一詮,171,16,155,中國信託-忠孝,2024-01-25,6162
00687B,國泰20年美債,145,1,144,中國信託-忠孝,2024-01-25,6162
2399,映泰,141,20,121,中國信託-忠孝,2024-01-25,6162
00929,復華台灣科技優息,219,112,107,中國信託-忠孝,2024-01-25,6162
00937B,群益ESG投等債20,88,6,82,中國信託-忠孝,2024-01-25,6162
2344,華邦電,91,11,80,中國信託-忠孝,2024-01-25,6162
3481,群創,116,53,63,中國信託-忠孝,2024-01-25,6162
00720B,元大投資級公司債,66,6,60,中國信託-忠孝,2024-01-25,6162
00830,國泰費城半導體,80,21,59,中國信託-忠孝,2024-01-25,6162
00632R,元大台灣50反1,58,0,58,中國信託-忠孝,2024-01-25,6162
1528,恩德,72,23,49,中國信託-忠孝,2024-01-25,6162
2101,南港,46,4,42,中國信託-忠孝,2024-01-25,6162
00751B,元大AAA至A公司債,41,0,41,中國信託-忠孝,2024-01-25,6162
00882,中信中國高股息,86,45,41,中國信託-忠孝,2024-01-25,6162
00733,富邦臺灣中小,40,0,40,中國信託-忠孝,2024-01-25,6162
3376,新日興,41,5,36,中國信託-忠孝,2024-01-25,6162
00679B,元大美債20年,58,23,35,中國信託-忠孝,2024-01-25,6162
2609,陽明,37,3,34,中國信託-忠孝,2024-01-25,6162
2323,中環,34,0,34,中國信託-忠孝,2024-01-25,6162
6116,彩晶,34,4,30,中國信託-忠孝,2024-01-25,6162
6274,台燿,41,15,26,中國信託-忠孝,2024-01-25,6162
6108,競國,47,22,25,中國信託-忠孝,2024-01-25,6162
3017,奇鋐,33,8,25,中國信託-忠孝,2024-01-25,6162
4420,光明,23,0,23,中國信託-忠孝,2024-01-25,6162
2887,台新金,23,0,23,中國信託-忠孝,2024-01-25,6162
4909,新復興,44,22,22,中國信託-忠孝,2024-01-25,6162
2356,英業達,77,55,22,中國信託-忠孝,2024-01-25,6162
2603,長榮,35,13,22,中國信託-忠孝,2024-01-25,6162
2376,技嘉,36,15,21,中國信託-忠孝,2024-01-25,6162
2332,友訊,21,0,21,中國信託-忠孝,2024-01-25,6162
2605,新興,21,0,21,中國信託-忠孝,2024-01-25,6162
00772B,中信高評級公司債,20,0,20,中國信託-忠孝,2024-01-25,6162
2905,三商,20,0,20,中國信託-忠孝,2024-01-25,6162
6546,正基,61,41,20,中國信託-忠孝,2024-01-25,6162
8249,菱光,19,0,19,中國信託-忠孝,2024-01-25,6162
6126,信音,19,0,19,中國信託-忠孝,2024-01-25,6162
3038,全台,20,2,18,中國信託-忠孝,2024-01-25,6162
5213,亞昕,45,27,18,中國信託-忠孝,2024-01-25,6162
2329,華泰,46,28,18,中國信託-忠孝,2024-01-25,6162
5223,安力-KY,27,10,17,中國信託-忠孝,2024-01-25,6162
8930,青鋼,17,0,17,中國信託-忠孝,2024-01-25,6162
2401,凌陽,18,1,17,中國信託-忠孝,2024-01-25,6162
6462,神盾,30,13,17,中國信託-忠孝,2024-01-25,6162
8936,國統,35,19,16,中國信託-忠孝,2024-01-25,6162
3607,谷崧,15,0,15,中國信託-忠孝,2024-01-25,6162
00752,中信中國50,14,0,14,中國信託-忠孝,2024-01-25,6162
00795B,中信美國公債20年,14,0,14,中國信託-忠孝,2024-01-25,6162
3312,弘憶股,22,8,14,中國信託-忠孝,2024-01-25,6162
00671R,富邦NASDAQ反1,499,0,499,中國信託-忠孝,2024-01-26,6162
00641R,富邦日本反1,296,0,296,中國信託-忠孝,2024-01-26,6162
2324,仁寶,315,30,285,中國信託-忠孝,2024-01-26,6162
2303,聯電,313,68,245,中國信託-忠孝,2024-01-26,6162
00929,復華台灣科技優息,204,11,193,中國信託-忠孝,2024-01-26,6162
2882,國泰金,192,3,189,中國信託-忠孝,2024-01-26,6162
2331,精英,146,1,145,中國信託-忠孝,2024-01-26,6162
00882,中信中國高股息,133,14,119,中國信託-忠孝,2024-01-26,6162
00680L,元大美債20正2,111,7,104,中國信託-忠孝,2024-01-26,6162
00919,群益台灣精選高息,116,20,96,中國信託-忠孝,2024-01-26,6162
3615,安可,116,31,85,中國信託-忠孝,2024-01-26,6162
3036,文曄,71,3,68,中國信託-忠孝,2024-01-26,6162
6113,亞矽,68,6,62,中國信託-忠孝,2024-01-26,6162
2486,一詮,93,40,53,中國信託-忠孝,2024-01-26,6162
00878,國泰永續高股息,67,20,47,中國信託-忠孝,2024-01-26,6162
00933B,國泰10Y+金融債,43,0,43,中國信託-忠孝,2024-01-26,6162
2618,長榮航,50,9,41,中國信託-忠孝,2024-01-26,6162
2365,昆盈,53,12,41,中國信託-忠孝,2024-01-26,6162
00937B,群益ESG投等債20,44,3,41,中國信託-忠孝,2024-01-26,6162
2382,廣達,79,45,34,中國信託-忠孝,2024-01-26,6162
00673R,期元大S＆P原油反1,31,0,31,中國信託-忠孝,2024-01-26,6162
4720,德淵,30,0,30,中國信託-忠孝,2024-01-26,6162
3354,律勝,26,1,25,中國信託-忠孝,2024-01-26,6162
00665L,富邦�琤肭磪囓�2,22,0,22,中國信託-忠孝,2024-01-26,6162
00713,元大台灣高息低波,24,3,21,中國信託-忠孝,2024-01-26,6162
2543,皇昌,24,3,21,中國信託-忠孝,2024-01-26,6162
2314,台揚,22,1,21,中國信託-忠孝,2024-01-26,6162
3694,海華,44,24,20,中國信託-忠孝,2024-01-26,6162
00676R,富邦臺灣加權反1,20,0,20,中國信託-忠孝,2024-01-26,6162
2323,中環,20,0,20,中國信託-忠孝,2024-01-26,6162
6179,亞通,20,0,20,中國信託-忠孝,2024-01-26,6162
00686R,群益臺灣加權反1,20,0,20,中國信託-忠孝,2024-01-26,6162
4939,亞電,22,3,19,中國信託-忠孝,2024-01-26,6162
00753L,中信中國50正2,18,0,18,中國信託-忠孝,2024-01-26,6162
00679B,元大美債20年,17,0,17,中國信託-忠孝,2024-01-26,6162
6223,旺矽,22,5,17,中國信託-忠孝,2024-01-26,6162
2498,宏達電,17,0,17,中國信託-忠孝,2024-01-26,6162
00891,中信關鍵半導體,23,7,16,中國信託-忠孝,2024-01-26,6162
00632R,元大台灣50反1,16,0,16,中國信託-忠孝,2024-01-26,6162
6120,達運,15,0,15,中國信託-忠孝,2024-01-26,6162
4945,陞達科技,15,0,15,中國信託-忠孝,2024-01-26,6162
6901,鑽石投資,15,0,15,中國信託-忠孝,2024-01-26,6162
2421,建準,37,23,14,中國信託-忠孝,2024-01-26,6162
2515,中工,24,10,14,中國信託-忠孝,2024-01-26,6162
6126,信音,14,0,14,中國信託-忠孝,2024-01-26,6162
4909,新復興,34,20,14,中國信託-忠孝,2024-01-26,6162
00687B,國泰20年美債,22,8,14,中國信託-忠孝,2024-01-26,6162
6270,倍微,23,10,13,中國信託-忠孝,2024-01-26,6162
6235,華孚,15,2,13,中國信託-忠孝,2024-01-26,6162
8110,華東,17,4,13,中國信託-忠孝,2024-01-26,6162
3231,緯創,581,57,524,中國信託-忠孝,2024-01-29,6162
3036,文曄,442,4,438,中國信託-忠孝,2024-01-29,6162
00937B,群益ESG投等債20,283,1,282,中國信託-忠孝,2024-01-29,6162
2882,國泰金,211,1,210,中國信託-忠孝,2024-01-29,6162
2324,仁寶,220,10,210,中國信託-忠孝,2024-01-29,6162
1316,上曜,151,15,136,中國信託-忠孝,2024-01-29,6162
3694,海華,116,13,103,中國信託-忠孝,2024-01-29,6162
00720B,元大投資級公司債,86,0,86,中國信託-忠孝,2024-01-29,6162
2442,新美齊,85,0,85,中國信託-忠孝,2024-01-29,6162
00878,國泰永續高股息,100,17,83,中國信託-忠孝,2024-01-29,6162
8054,安國,95,12,83,中國信託-忠孝,2024-01-29,6162
6237,驊訊,85,8,77,中國信託-忠孝,2024-01-29,6162
00687B,國泰20年美債,93,20,73,中國信託-忠孝,2024-01-29,6162
00679B,元大美債20年,55,0,55,中國信託-忠孝,2024-01-29,6162
2344,華邦電,56,3,53,中國信託-忠孝,2024-01-29,6162
3128,昇銳,57,6,51,中國信託-忠孝,2024-01-29,6162
00753L,中信中國50正2,61,10,51,中國信託-忠孝,2024-01-29,6162
2331,精英,51,0,51,中國信託-忠孝,2024-01-29,6162
00795B,中信美國公債20年,45,0,45,中國信託-忠孝,2024-01-29,6162
8933,愛地雅,50,9,41,中國信託-忠孝,2024-01-29,6162
00933B,國泰10Y+金融債,41,1,40,中國信託-忠孝,2024-01-29,6162
3481,群創,47,6,41,中國信託-忠孝,2024-01-29,6162
2543,皇昌,43,10,33,中國信託-忠孝,2024-01-29,6162
00772B,中信高評級公司債,32,1,31,中國信託-忠孝,2024-01-29,6162
1313,聯成,30,0,30,中國信託-忠孝,2024-01-29,6162
2337,旺宏,27,0,27,中國信託-忠孝,2024-01-29,6162
00673R,期元大S＆P原油反1,27,0,27,中國信託-忠孝,2024-01-29,6162
00751B,元大AAA至A公司債,27,0,27,中國信託-忠孝,2024-01-29,6162
00882,中信中國高股息,26,0,26,中國信託-忠孝,2024-01-29,6162
2382,廣達,50,25,25,中國信託-忠孝,2024-01-29,6162
3360,尚立,32,8,24,中國信託-忠孝,2024-01-29,6162
00929,復華台灣科技優息,179,155,24,中國信託-忠孝,2024-01-29,6162
1438,三地開發,21,0,21,中國信託-忠孝,2024-01-29,6162
3047,訊舟,31,11,20,中國信託-忠孝,2024-01-29,6162
3581,博磊,20,0,20,中國信託-忠孝,2024-01-29,6162
1591,駿吉-KY,20,0,20,中國信託-忠孝,2024-01-29,6162
2356,英業達,74,54,20,中國信託-忠孝,2024-01-29,6162
4908,前鼎,23,5,18,中國信託-忠孝,2024-01-29,6162
6205,詮欣,20,3,17,中國信託-忠孝,2024-01-29,6162
8201,無敵,17,0,17,中國信託-忠孝,2024-01-29,6162
2412,中華電,16,1,15,中國信託-忠孝,2024-01-29,6162
00891,中信關鍵半導體,21,6,15,中國信託-忠孝,2024-01-29,6162
00931B,統一美債20年,15,0,15,中國信託-忠孝,2024-01-29,6162
9103,美德醫療-DR,15,0,15,中國信託-忠孝,2024-01-29,6162
8096,擎亞,26,11,15,中國信託-忠孝,2024-01-29,6162
1219,福壽,15,0,15,中國信託-忠孝,2024-01-29,6162
2486,一詮,37,23,14,中國信託-忠孝,2024-01-29,6162
3324,雙鴻,24,10,14,中國信託-忠孝,2024-01-29,6162
00712,復華富時不動產,13,0,13,中國信託-忠孝,2024-01-29,6162
3038,全台,13,0,13,中國信託-忠孝,2024-01-29,6162
2324,仁寶,730,0,730,中國信託-忠孝,2024-01-30,6162
5381,合正,170,2,168,中國信託-忠孝,2024-01-30,6162
00637L,元大滬深300正2,163,6,157,中國信託-忠孝,2024-01-30,6162
00937B,群益ESG投等債20,131,20,111,中國信託-忠孝,2024-01-30,6162
00680L,元大美債20正2,135,27,108,中國信託-忠孝,2024-01-30,6162
00878,國泰永續高股息,103,2,101,中國信託-忠孝,2024-01-30,6162
2303,聯電,109,12,97,中國信託-忠孝,2024-01-30,6162
00687B,國泰20年美債,103,26,77,中國信託-忠孝,2024-01-30,6162
00753L,中信中國50正2,85,10,75,中國信託-忠孝,2024-01-30,6162
00679B,元大美債20年,63,0,63,中國信託-忠孝,2024-01-30,6162
8936,國統,57,4,53,中國信託-忠孝,2024-01-30,6162
4720,德淵,50,0,50,中國信託-忠孝,2024-01-30,6162
00882,中信中國高股息,54,13,41,中國信託-忠孝,2024-01-30,6162
8064,東捷,66,27,39,中國信託-忠孝,2024-01-30,6162
00665L,富邦�琤肭磪囓�2,59,20,39,中國信託-忠孝,2024-01-30,6162
8201,無敵,38,0,38,中國信託-忠孝,2024-01-30,6162
2615,萬海,47,10,37,中國信託-忠孝,2024-01-30,6162
5210,寶碩,38,2,36,中國信託-忠孝,2024-01-30,6162
00830,國泰費城半導體,100,65,35,中國信託-忠孝,2024-01-30,6162
00929,復華台灣科技優息,53,19,34,中國信託-忠孝,2024-01-30,6162
1301,台塑,33,0,33,中國信託-忠孝,2024-01-30,6162
00688L,國泰20年美債正2,32,0,32,中國信託-忠孝,2024-01-30,6162
2421,建準,69,38,31,中國信託-忠孝,2024-01-30,6162
2883B,凱基金乙特,30,0,30,中國信託-忠孝,2024-01-30,6162
2383,台光電,37,8,29,中國信託-忠孝,2024-01-30,6162
2498,宏達電,29,2,27,中國信託-忠孝,2024-01-30,6162
2329,華泰,49,23,26,中國信託-忠孝,2024-01-30,6162
4960,誠美材,27,1,26,中國信託-忠孝,2024-01-30,6162
00919,群益台灣精選高息,32,6,26,中國信託-忠孝,2024-01-30,6162
6113,亞矽,30,5,25,中國信託-忠孝,2024-01-30,6162
3580,友威科,23,0,23,中國信託-忠孝,2024-01-30,6162
5871,中租-KY,23,1,22,中國信託-忠孝,2024-01-30,6162
6462,神盾,64,43,21,中國信託-忠孝,2024-01-30,6162
00933B,國泰10Y+金融債,21,0,21,中國信託-忠孝,2024-01-30,6162
2002,中鋼,26,5,21,中國信託-忠孝,2024-01-30,6162
3042,晶技,20,0,20,中國信託-忠孝,2024-01-30,6162
2543,皇昌,25,6,19,中國信託-忠孝,2024-01-30,6162
2610,華航,21,4,17,中國信託-忠孝,2024-01-30,6162
3694,海華,34,18,16,中國信託-忠孝,2024-01-30,6162
00900,富邦特選高股息30,20,5,15,中國信託-忠孝,2024-01-30,6162
3297,杭特,16,1,15,中國信託-忠孝,2024-01-30,6162
2888,新光金,14,0,14,中國信託-忠孝,2024-01-30,6162
6229,研通,26,12,14,中國信託-忠孝,2024-01-30,6162
00655L,國泰中國A50正2,14,0,14,中國信託-忠孝,2024-01-30,6162
2317,鴻海,14,2,12,中國信託-忠孝,2024-01-30,6162
5443,均豪,12,0,12,中國信託-忠孝,2024-01-30,6162
5351,鈺創,12,0,12,中國信託-忠孝,2024-01-30,6162
8096,擎亞,29,17,12,中國信託-忠孝,2024-01-30,6162
8234,新漢,13,1,12,中國信託-忠孝,2024-01-30,6162
1560,中砂,40,28,12,中國信託-忠孝,2024-01-30,6162
00937B,群益ESG投等債20,210,1,209,中國信託-忠孝,2024-01-31,6162
2609,陽明,146,14,132,中國信託-忠孝,2024-01-31,6162
00929,復華台灣科技優息,137,23,114,中國信託-忠孝,2024-01-31,6162
00679B,元大美債20年,125,12,113,中國信託-忠孝,2024-01-31,6162
2330,台積電,128,23,105,中國信託-忠孝,2024-01-31,6162
00878,國泰永續高股息,77,7,70,中國信託-忠孝,2024-01-31,6162
6695,芯鼎,99,37,62,中國信託-忠孝,2024-01-31,6162
00882,中信中國高股息,61,0,61,中國信託-忠孝,2024-01-31,6162
2401,凌陽,61,0,61,中國信託-忠孝,2024-01-31,6162
00637L,元大滬深300正2,68,10,58,中國信託-忠孝,2024-01-31,6162
2303,聯電,72,17,55,中國信託-忠孝,2024-01-31,6162
6108,競國,70,20,50,中國信託-忠孝,2024-01-31,6162
00753L,中信中國50正2,50,0,50,中國信託-忠孝,2024-01-31,6162
5398,慕康生醫,53,3,50,中國信託-忠孝,2024-01-31,6162
00665L,富邦�琤肭磪囓�2,47,0,47,中國信託-忠孝,2024-01-31,6162
00919,群益台灣精選高息,72,26,46,中國信託-忠孝,2024-01-31,6162
00687B,國泰20年美債,53,9,44,中國信託-忠孝,2024-01-31,6162
3231,緯創,82,47,35,中國信託-忠孝,2024-01-31,6162
2888,新光金,54,22,32,中國信託-忠孝,2024-01-31,6162
2355,敬鵬,29,0,29,中國信託-忠孝,2024-01-31,6162
2615,萬海,24,0,24,中國信託-忠孝,2024-01-31,6162
3706,神達,37,13,24,中國信託-忠孝,2024-01-31,6162
2498,宏達電,23,0,23,中國信託-忠孝,2024-01-31,6162
4938,和碩,23,1,22,中國信託-忠孝,2024-01-31,6162
2369,菱生,44,22,22,中國信託-忠孝,2024-01-31,6162
1423,利華,22,0,22,中國信託-忠孝,2024-01-31,6162
2405,輔信,22,0,22,中國信託-忠孝,2024-01-31,6162
1528,恩德,21,0,21,中國信託-忠孝,2024-01-31,6162
8034,榮群,20,0,20,中國信託-忠孝,2024-01-31,6162
00892,富邦台灣半導體,20,0,20,中國信託-忠孝,2024-01-31,6162
3051,力特,20,0,20,中國信託-忠孝,2024-01-31,6162
3518,柏騰,20,0,20,中國信託-忠孝,2024-01-31,6162
1519,華城,71,51,20,中國信託-忠孝,2024-01-31,6162
9933,中鼎,20,0,20,中國信託-忠孝,2024-01-31,6162
6139,亞翔,25,6,19,中國信託-忠孝,2024-01-31,6162
3362,先進光,66,48,18,中國信託-忠孝,2024-01-31,6162
2368,金像電,84,66,18,中國信託-忠孝,2024-01-31,6162
5521,工信,16,0,16,中國信託-忠孝,2024-01-31,6162
5213,亞昕,44,28,16,中國信託-忠孝,2024-01-31,6162
6140,訊達,27,12,15,中國信託-忠孝,2024-01-31,6162
00712,復華富時不動產,15,0,15,中國信託-忠孝,2024-01-31,6162
3548,兆利,32,17,15,中國信託-忠孝,2024-01-31,6162
1303,南亞,14,0,14,中國信託-忠孝,2024-01-31,6162
6223,旺矽,15,1,14,中國信託-忠孝,2024-01-31,6162
2308,台達電,14,1,13,中國信託-忠孝,2024-01-31,6162
6667,信紘科,14,1,13,中國信託-忠孝,2024-01-31,6162
8096,擎亞,15,3,12,中國信託-忠孝,2024-01-31,6162
3036,文曄,74,62,12,中國信託-忠孝,2024-01-31,6162
3615,安可,12,0,12,中國信託-忠孝,2024-01-31,6162
00900,富邦特選高股息30,31,20,11,中國信託-忠孝,2024-01-31,6162
00937B,群益ESG投等債20,243,81,162,中國信託-忠孝,2024-02-01,6162
00712,復華富時不動產,153,0,153,中國信託-忠孝,2024-02-01,6162
00688L,國泰20年美債正2,147,5,142,中國信託-忠孝,2024-02-01,6162
2812,台中銀,156,24,132,中國信託-忠孝,2024-02-01,6162
6116,彩晶,126,0,126,中國信託-忠孝,2024-02-01,6162
3032,偉訓,130,13,117,中國信託-忠孝,2024-02-01,6162
2303,聯電,138,35,103,中國信託-忠孝,2024-02-01,6162
00665L,富邦�琤肭磪囓�2,100,0,100,中國信託-忠孝,2024-02-01,6162
2382,廣達,107,11,96,中國信託-忠孝,2024-02-01,6162
00929,復華台灣科技優息,109,13,96,中國信託-忠孝,2024-02-01,6162
3492,長盛,80,0,80,中國信託-忠孝,2024-02-01,6162
00679B,元大美債20年,104,31,73,中國信託-忠孝,2024-02-01,6162
5258,虹堡,78,6,72,中國信託-忠孝,2024-02-01,6162
00891,中信關鍵半導體,71,0,71,中國信託-忠孝,2024-02-01,6162
00878,國泰永續高股息,99,35,64,中國信託-忠孝,2024-02-01,6162
00933B,國泰10Y+金融債,69,9,60,中國信託-忠孝,2024-02-01,6162
2409,友達,68,13,55,中國信託-忠孝,2024-02-01,6162
6229,研通,59,9,50,中國信託-忠孝,2024-02-01,6162
2615,萬海,50,1,49,中國信託-忠孝,2024-02-01,6162
00720B,元大投資級公司債,45,0,45,中國信託-忠孝,2024-02-01,6162
00751B,元大AAA至A公司債,46,1,45,中國信託-忠孝,2024-02-01,6162
2211,長榮鋼,42,0,42,中國信託-忠孝,2024-02-01,6162
2486,一詮,84,42,42,中國信託-忠孝,2024-02-01,6162
2610,華航,56,15,41,中國信託-忠孝,2024-02-01,6162
6188,廣明,30,0,30,中國信託-忠孝,2024-02-01,6162
1733,五鼎,29,0,29,中國信託-忠孝,2024-02-01,6162
6208,日揚,26,0,26,中國信託-忠孝,2024-02-01,6162
00931B,統一美債20年,37,12,25,中國信託-忠孝,2024-02-01,6162
2748,雲品,24,0,24,中國信託-忠孝,2024-02-01,6162
1438,三地開發,24,0,24,中國信託-忠孝,2024-02-01,6162
00882,中信中國高股息,25,1,24,中國信託-忠孝,2024-02-01,6162
1514,亞力,30,7,23,中國信託-忠孝,2024-02-01,6162
2332,友訊,48,25,23,中國信託-忠孝,2024-02-01,6162
4915,致伸,22,0,22,中國信託-忠孝,2024-02-01,6162
6140,訊達,30,8,22,中國信託-忠孝,2024-02-01,6162
1325,恆大,27,6,21,中國信託-忠孝,2024-02-01,6162
00757,統一FANG+,20,0,20,中國信託-忠孝,2024-02-01,6162
1460,宏遠,20,0,20,中國信託-忠孝,2024-02-01,6162
8027,鈦昇,21,1,20,中國信託-忠孝,2024-02-01,6162
6180,橘子,37,19,18,中國信託-忠孝,2024-02-01,6162
6695,芯鼎,118,102,16,中國信託-忠孝,2024-02-01,6162
00637L,元大滬深300正2,181,165,16,中國信託-忠孝,2024-02-01,6162
4147,中裕,28,13,15,中國信託-忠孝,2024-02-01,6162
2323,中環,15,0,15,中國信託-忠孝,2024-02-01,6162
3380,明泰,20,5,15,中國信託-忠孝,2024-02-01,6162
8089,康全電訊,35,20,15,中國信託-忠孝,2024-02-01,6162
6265,方土昶,46,31,15,中國信託-忠孝,2024-02-01,6162
8996,高力,16,2,14,中國信託-忠孝,2024-02-01,6162
2515,中工,19,5,14,中國信託-忠孝,2024-02-01,6162
6770,力積電,25,11,14,中國信託-忠孝,2024-02-01,6162
00937B,群益ESG投等債20,675,7,668,中國信託-忠孝,2024-02-02,6162
2324,仁寶,529,0,529,中國信託-忠孝,2024-02-02,6162
3032,偉訓,219,12,207,中國信託-忠孝,2024-02-02,6162
2515,中工,205,0,205,中國信託-忠孝,2024-02-02,6162
00637L,元大滬深300正2,172,0,172,中國信託-忠孝,2024-02-02,6162
2615,萬海,133,2,131,中國信託-忠孝,2024-02-02,6162
00712,復華富時不動產,107,2,105,中國信託-忠孝,2024-02-02,6162
2486,一詮,127,32,95,中國信託-忠孝,2024-02-02,6162
00882,中信中國高股息,98,10,88,中國信託-忠孝,2024-02-02,6162
3548,兆利,106,33,73,中國信託-忠孝,2024-02-02,6162
2303,聯電,69,0,69,中國信託-忠孝,2024-02-02,6162
2609,陽明,67,0,67,中國信託-忠孝,2024-02-02,6162
6695,芯鼎,167,108,59,中國信託-忠孝,2024-02-02,6162
00929,復華台灣科技優息,84,28,56,中國信託-忠孝,2024-02-02,6162
00687B,國泰20年美債,86,37,49,中國信託-忠孝,2024-02-02,6162
2603,長榮,261,213,48,中國信託-忠孝,2024-02-02,6162
00933B,國泰10Y+金融債,45,0,45,中國信託-忠孝,2024-02-02,6162
5521,工信,45,1,44,中國信託-忠孝,2024-02-02,6162
2317,鴻海,50,8,42,中國信託-忠孝,2024-02-02,6162
00919,群益台灣精選高息,53,11,42,中國信託-忠孝,2024-02-02,6162
1733,五鼎,41,0,41,中國信託-忠孝,2024-02-02,6162
2353,宏��,37,0,37,中國信託-忠孝,2024-02-02,6162
6770,力積電,35,0,35,中國信託-忠孝,2024-02-02,6162
2211,長榮鋼,35,0,35,中國信託-忠孝,2024-02-02,6162
00633L,富邦上証正2,34,1,33,中國信託-忠孝,2024-02-02,6162
00646,元大S＆P500,32,0,32,中國信託-忠孝,2024-02-02,6162
00715L,期街口布蘭特正2,30,0,30,中國信託-忠孝,2024-02-02,6162
00719B,元大美債1-3,30,0,30,中國信託-忠孝,2024-02-02,6162
00688L,國泰20年美債正2,30,0,30,中國信託-忠孝,2024-02-02,6162
4968,立積,40,13,27,中國信託-忠孝,2024-02-02,6162
2002,中鋼,28,1,27,中國信託-忠孝,2024-02-02,6162
00891,中信關鍵半導體,26,2,24,中國信託-忠孝,2024-02-02,6162
8467,波力-KY,28,4,24,中國信託-忠孝,2024-02-02,6162
8096,擎亞,28,5,23,中國信託-忠孝,2024-02-02,6162
2884,玉山金,23,2,21,中國信託-忠孝,2024-02-02,6162
1438,三地開發,21,0,21,中國信託-忠孝,2024-02-02,6162
1529,樂事綠能,21,1,20,中國信託-忠孝,2024-02-02,6162
2367,燿華,20,0,20,中國信託-忠孝,2024-02-02,6162
8089,康全電訊,21,1,20,中國信託-忠孝,2024-02-02,6162
6698,旭暉應材,20,0,20,中國信託-忠孝,2024-02-02,6162
4956,光鋐,24,4,20,中國信託-忠孝,2024-02-02,6162
00878,國泰永續高股息,71,52,19,中國信託-忠孝,2024-02-02,6162
2891,中信金,19,1,18,中國信託-忠孝,2024-02-02,6162
00679B,元大美債20年,63,46,17,中國信託-忠孝,2024-02-02,6162
2313,華通,46,29,17,中國信託-忠孝,2024-02-02,6162
1608,華榮,16,0,16,中國信託-忠孝,2024-02-02,6162
3017,奇鋐,29,14,15,中國信託-忠孝,2024-02-02,6162
8155,博智,15,0,15,中國信託-忠孝,2024-02-02,6162
4938,和碩,16,1,15,中國信託-忠孝,2024-02-02,6162
6789,采鈺,23,9,14,中國信託-忠孝,2024-02-02,6162
3231,緯創,559,165,394,中國信託-忠孝,2024-02-05,6162
00929,復華台灣科技優息,321,12,309,中國信託-忠孝,2024-02-05,6162
6112,邁達特,283,11,272,中國信託-忠孝,2024-02-05,6162
3036,文曄,232,11,221,中國信託-忠孝,2024-02-05,6162
00687B,國泰20年美債,220,23,197,中國信託-忠孝,2024-02-05,6162
2883,凱基金,190,1,189,中國信託-忠孝,2024-02-05,6162
00830,國泰費城半導體,161,0,161,中國信託-忠孝,2024-02-05,6162
00688L,國泰20年美債正2,114,0,114,中國信託-忠孝,2024-02-05,6162
5381,合正,107,0,107,中國信託-忠孝,2024-02-05,6162
00937B,群益ESG投等債20,187,81,106,中國信託-忠孝,2024-02-05,6162
3032,偉訓,111,6,105,中國信託-忠孝,2024-02-05,6162
00715L,期街口布蘭特正2,97,0,97,中國信託-忠孝,2024-02-05,6162
00680L,元大美債20正2,100,5,95,中國信託-忠孝,2024-02-05,6162
00679B,元大美債20年,81,1,80,中國信託-忠孝,2024-02-05,6162
00919,群益台灣精選高息,87,7,80,中國信託-忠孝,2024-02-05,6162
00757,統一FANG+,73,0,73,中國信託-忠孝,2024-02-05,6162
00712,復華富時不動產,71,2,69,中國信託-忠孝,2024-02-05,6162
00751B,元大AAA至A公司債,65,0,65,中國信託-忠孝,2024-02-05,6162
00878,國泰永續高股息,153,89,64,中國信託-忠孝,2024-02-05,6162
00720B,元大投資級公司債,63,1,62,中國信託-忠孝,2024-02-05,6162
6584,南俊國際,55,0,55,中國信託-忠孝,2024-02-05,6162
00665L,富邦�琤肭磪囓�2,54,0,54,中國信託-忠孝,2024-02-05,6162
3693,營邦,55,2,53,中國信託-忠孝,2024-02-05,6162
2438,翔耀,50,0,50,中國信託-忠孝,2024-02-05,6162
6547,高端疫苗,50,3,47,中國信託-忠孝,2024-02-05,6162
00882,中信中國高股息,44,0,44,中國信託-忠孝,2024-02-05,6162
00933B,國泰10Y+金融債,41,0,41,中國信託-忠孝,2024-02-05,6162
2465,麗臺,50,10,40,中國信託-忠孝,2024-02-05,6162
8215,明基材,40,1,39,中國信託-忠孝,2024-02-05,6162
2323,中環,36,0,36,中國信託-忠孝,2024-02-05,6162
2618,長榮航,51,15,36,中國信託-忠孝,2024-02-05,6162
00795B,中信美國公債20年,36,0,36,中國信託-忠孝,2024-02-05,6162
00719B,元大美債1-3,35,0,35,中國信託-忠孝,2024-02-05,6162
2615,萬海,32,0,32,中國信託-忠孝,2024-02-05,6162
5443,均豪,31,0,31,中國信託-忠孝,2024-02-05,6162
2891,中信金,32,1,31,中國信託-忠孝,2024-02-05,6162
6116,彩晶,30,0,30,中國信託-忠孝,2024-02-05,6162
2332,友訊,30,0,30,中國信託-忠孝,2024-02-05,6162
00646,元大S＆P500,30,0,30,中國信託-忠孝,2024-02-05,6162
1909,榮成,31,5,26,中國信託-忠孝,2024-02-05,6162
2002,中鋼,26,0,26,中國信託-忠孝,2024-02-05,6162
2851,中再保,24,0,24,中國信託-忠孝,2024-02-05,6162
6282,康舒,41,17,24,中國信託-忠孝,2024-02-05,6162
00902,中信電池及儲能,23,0,23,中國信託-忠孝,2024-02-05,6162
00733,富邦臺灣中小,22,0,22,中國信託-忠孝,2024-02-05,6162
2331,精英,23,1,22,中國信託-忠孝,2024-02-05,6162
2498,宏達電,22,1,21,中國信託-忠孝,2024-02-05,6162
3041,揚智,51,31,20,中國信託-忠孝,2024-02-05,6162
6005,群益證,20,0,20,中國信託-忠孝,2024-02-05,6162
2501,國建,20,0,20,中國信託-忠孝,2024-02-05,6162
00687B,國泰20年美債,543,0,543,中國信託-忠孝,2024-02-15,6162
2344,華邦電,516,3,513,中國信託-忠孝,2024-02-15,6162
00937B,群益ESG投等債20,589,265,324,中國信託-忠孝,2024-02-15,6162
00688L,國泰20年美債正2,201,0,201,中國信託-忠孝,2024-02-15,6162
00679B,元大美債20年,204,10,194,中國信託-忠孝,2024-02-15,6162
00680L,元大美債20正2,154,0,154,中國信託-忠孝,2024-02-15,6162
00712,復華富時不動產,152,3,149,中國信託-忠孝,2024-02-15,6162
00795B,中信美國公債20年,131,0,131,中國信託-忠孝,2024-02-15,6162
00720B,元大投資級公司債,124,2,122,中國信託-忠孝,2024-02-15,6162
00933B,國泰10Y+金融債,156,50,106,中國信託-忠孝,2024-02-15,6162
00919,群益台灣精選高息,190,85,105,中國信託-忠孝,2024-02-15,6162
00751B,元大AAA至A公司債,113,10,103,中國信託-忠孝,2024-02-15,6162
2515,中工,87,9,78,中國信託-忠孝,2024-02-15,6162
2356,英業達,146,77,69,中國信託-忠孝,2024-02-15,6162
6284,佳邦,65,0,65,中國信託-忠孝,2024-02-15,6162
00857B,永豐20年美公債,63,0,63,中國信託-忠孝,2024-02-15,6162
00673R,期元大S＆P原油反1,63,0,63,中國信託-忠孝,2024-02-15,6162
00632R,元大台灣50反1,73,10,63,中國信託-忠孝,2024-02-15,6162
3234,光環,61,0,61,中國信託-忠孝,2024-02-15,6162
1326,台化,54,0,54,中國信託-忠孝,2024-02-15,6162
4714,永捷,71,18,53,中國信託-忠孝,2024-02-15,6162
00764B,群益25年美債,51,1,50,中國信託-忠孝,2024-02-15,6162
3583,辛耘,57,10,47,中國信託-忠孝,2024-02-15,6162
2317,鴻海,46,0,46,中國信託-忠孝,2024-02-15,6162
8064,東捷,55,10,45,中國信託-忠孝,2024-02-15,6162
3032,偉訓,127,83,44,中國信託-忠孝,2024-02-15,6162
4973,廣穎,48,5,43,中國信託-忠孝,2024-02-15,6162
1438,三地開發,42,0,42,中國信託-忠孝,2024-02-15,6162
2618,長榮航,60,18,42,中國信託-忠孝,2024-02-15,6162
00772B,中信高評級公司債,44,6,38,中國信託-忠孝,2024-02-15,6162
3294,英濟,38,0,38,中國信託-忠孝,2024-02-15,6162
2353,宏��,38,1,37,中國信託-忠孝,2024-02-15,6162
8121,越峰,34,0,34,中國信託-忠孝,2024-02-15,6162
2610,華航,53,19,34,中國信託-忠孝,2024-02-15,6162
00665L,富邦�琤肭磪囓�2,46,12,34,中國信託-忠孝,2024-02-15,6162
2408,南亞科,38,5,33,中國信託-忠孝,2024-02-15,6162
3055,蔚華科,36,3,33,中國信託-忠孝,2024-02-15,6162
2851,中再保,32,0,32,中國信託-忠孝,2024-02-15,6162
2355,敬鵬,34,2,32,中國信託-忠孝,2024-02-15,6162
3038,全台,33,2,31,中國信託-忠孝,2024-02-15,6162
1733,五鼎,30,0,30,中國信託-忠孝,2024-02-15,6162
6416,瑞祺電通,32,4,28,中國信託-忠孝,2024-02-15,6162
6695,芯鼎,29,1,28,中國信託-忠孝,2024-02-15,6162
2881,富邦金,99,72,27,中國信託-忠孝,2024-02-15,6162
2887,台新金,29,1,28,中國信託-忠孝,2024-02-15,6162
9919,康那香,29,2,27,中國信託-忠孝,2024-02-15,6162
2332,友訊,56,30,26,中國信託-忠孝,2024-02-15,6162
5521,工信,26,0,26,中國信託-忠孝,2024-02-15,6162
8155,博智,25,0,25,中國信託-忠孝,2024-02-15,6162
2501,國建,45,20,25,中國信託-忠孝,2024-02-15,6162
2618,長榮航,703,3,700,中國信託-忠孝,2024-02-16,6162
00937B,群益ESG投等債20,636,28,608,中國信託-忠孝,2024-02-16,6162
00933B,國泰10Y+金融債,287,0,287,中國信託-忠孝,2024-02-16,6162
2353,宏��,534,311,223,中國信託-忠孝,2024-02-16,6162
2382,廣達,354,142,212,中國信託-忠孝,2024-02-16,6162
00680L,元大美債20正2,306,121,185,中國信託-忠孝,2024-02-16,6162
2515,中工,162,0,162,中國信託-忠孝,2024-02-16,6162
9933,中鼎,146,1,145,中國信託-忠孝,2024-02-16,6162
00687B,國泰20年美債,141,0,141,中國信託-忠孝,2024-02-16,6162
00795B,中信美國公債20年,141,0,141,中國信託-忠孝,2024-02-16,6162
1785,光洋科,151,13,138,中國信託-忠孝,2024-02-16,6162
3231,緯創,143,61,82,中國信託-忠孝,2024-02-16,6162
00878,國泰永續高股息,237,158,79,中國信託-忠孝,2024-02-16,6162
00882,中信中國高股息,72,8,64,中國信託-忠孝,2024-02-16,6162
00712,復華富時不動產,58,2,56,中國信託-忠孝,2024-02-16,6162
1326,台化,51,0,51,中國信託-忠孝,2024-02-16,6162
1471,首利,50,0,50,中國信託-忠孝,2024-02-16,6162
1438,三地開發,62,12,50,中國信託-忠孝,2024-02-16,6162
2201,裕隆,44,0,44,中國信託-忠孝,2024-02-16,6162
5426,振發,81,39,42,中國信託-忠孝,2024-02-16,6162
2323,中環,42,0,42,中國信託-忠孝,2024-02-16,6162
5310,天剛,40,0,40,中國信託-忠孝,2024-02-16,6162
2308,台達電,42,6,36,中國信託-忠孝,2024-02-16,6162
00673R,期元大S＆P原油反1,36,0,36,中國信託-忠孝,2024-02-16,6162
2405,輔信,37,4,33,中國信託-忠孝,2024-02-16,6162
8215,明基材,34,1,33,中國信託-忠孝,2024-02-16,6162
00688L,國泰20年美債正2,30,0,30,中國信託-忠孝,2024-02-16,6162
00857B,永豐20年美公債,29,0,29,中國信託-忠孝,2024-02-16,6162
6579,研揚,30,1,29,中國信託-忠孝,2024-02-16,6162
00772B,中信高評級公司債,27,1,26,中國信託-忠孝,2024-02-16,6162
00706L,期元大S＆P日圓正2,25,0,25,中國信託-忠孝,2024-02-16,6162
2486,一詮,117,92,25,中國信託-忠孝,2024-02-16,6162
3532,台勝科,24,0,24,中國信託-忠孝,2024-02-16,6162
2376,技嘉,53,30,23,中國信託-忠孝,2024-02-16,6162
3105,穩懋,23,0,23,中國信託-忠孝,2024-02-16,6162
4915,致伸,24,1,23,中國信託-忠孝,2024-02-16,6162
8064,東捷,24,2,22,中國信託-忠孝,2024-02-16,6162
9904,寶成,21,0,21,中國信託-忠孝,2024-02-16,6162
6026,福邦證,21,0,21,中國信託-忠孝,2024-02-16,6162
3036,文曄,30,9,21,中國信託-忠孝,2024-02-16,6162
6153,嘉聯益,20,0,20,中國信託-忠孝,2024-02-16,6162
3663,鑫科,20,0,20,中國信託-忠孝,2024-02-16,6162
3709,鑫聯大投控,20,0,20,中國信託-忠孝,2024-02-16,6162
2888,新光金,20,0,20,中國信託-忠孝,2024-02-16,6162
3533,嘉澤,19,0,19,中國信託-忠孝,2024-02-16,6162
3360,尚立,20,1,19,中國信託-忠孝,2024-02-16,6162
6125,廣運,47,29,18,中國信託-忠孝,2024-02-16,6162
00696B,富邦美債20年,18,0,18,中國信託-忠孝,2024-02-16,6162
1101,台泥,19,2,17,中國信託-忠孝,2024-02-16,6162
2884,玉山金,17,0,17,中國信託-忠孝,2024-02-16,6162
1815,富喬,1376,17,1359,中國信託-忠孝,2024-02-19,6162
00753L,中信中國50正2,401,4,397,中國信託-忠孝,2024-02-19,6162
2344,華邦電,321,14,307,中國信託-忠孝,2024-02-19,6162
00937B,群益ESG投等債20,314,23,291,中國信託-忠孝,2024-02-19,6162
1503,士電,250,18,232,中國信託-忠孝,2024-02-19,6162
00878,國泰永續高股息,192,34,158,中國信託-忠孝,2024-02-19,6162
2515,中工,149,4,145,中國信託-忠孝,2024-02-19,6162
3017,奇鋐,99,7,92,中國信託-忠孝,2024-02-19,6162
00673R,期元大S＆P原油反1,90,0,90,中國信託-忠孝,2024-02-19,6162
2465,麗臺,82,4,78,中國信託-忠孝,2024-02-19,6162
2353,宏��,107,36,71,中國信託-忠孝,2024-02-19,6162
00687B,國泰20年美債,82,16,66,中國信託-忠孝,2024-02-19,6162
6274,台燿,75,11,64,中國信託-忠孝,2024-02-19,6162
3231,緯創,109,46,63,中國信託-忠孝,2024-02-19,6162
2382,廣達,77,17,60,中國信託-忠孝,2024-02-19,6162
00933B,國泰10Y+金融債,79,22,57,中國信託-忠孝,2024-02-19,6162
2365,昆盈,111,54,57,中國信託-忠孝,2024-02-19,6162
00679B,元大美債20年,59,8,51,中國信託-忠孝,2024-02-19,6162
2014,中鴻,51,0,51,中國信託-忠孝,2024-02-19,6162
6126,信音,64,14,50,中國信託-忠孝,2024-02-19,6162
2358,廷鑫,70,20,50,中國信託-忠孝,2024-02-19,6162
3708,上緯投控,50,2,48,中國信託-忠孝,2024-02-19,6162
2368,金像電,55,8,47,中國信託-忠孝,2024-02-19,6162
00772B,中信高評級公司債,41,0,41,中國信託-忠孝,2024-02-19,6162
1718,中纖,40,0,40,中國信託-忠孝,2024-02-19,6162
00688L,國泰20年美債正2,38,0,38,中國信託-忠孝,2024-02-19,6162
00919,群益台灣精選高息,79,42,37,中國信託-忠孝,2024-02-19,6162
6438,迅得,36,0,36,中國信託-忠孝,2024-02-19,6162
00712,復華富時不動產,35,1,34,中國信託-忠孝,2024-02-19,6162
00720B,元大投資級公司債,32,0,32,中國信託-忠孝,2024-02-19,6162
1526,日馳,30,0,30,中國信託-忠孝,2024-02-19,6162
6117,迎廣,44,14,30,中國信託-忠孝,2024-02-19,6162
5521,工信,29,1,28,中國信託-忠孝,2024-02-19,6162
3533,嘉澤,32,5,27,中國信託-忠孝,2024-02-19,6162
1316,上曜,29,3,26,中國信託-忠孝,2024-02-19,6162
6282,康舒,43,17,26,中國信託-忠孝,2024-02-19,6162
2330,台積電,32,6,26,中國信託-忠孝,2024-02-19,6162
00931B,統一美債20年,25,0,25,中國信託-忠孝,2024-02-19,6162
3324,雙鴻,31,7,24,中國信託-忠孝,2024-02-19,6162
8249,菱光,24,0,24,中國信託-忠孝,2024-02-19,6162
6189,豐藝,33,9,24,中國信託-忠孝,2024-02-19,6162
2455,全新,32,8,24,中國信託-忠孝,2024-02-19,6162
3483,力致,25,2,23,中國信託-忠孝,2024-02-19,6162
8097,常珵,24,1,23,中國信託-忠孝,2024-02-19,6162
5457,宣德,23,0,23,中國信託-忠孝,2024-02-19,6162
3374,精材,23,0,23,中國信託-忠孝,2024-02-19,6162
2062,橋椿,25,3,22,中國信託-忠孝,2024-02-19,6162
2201,裕隆,24,2,22,中國信託-忠孝,2024-02-19,6162
3362,先進光,47,26,21,中國信託-忠孝,2024-02-19,6162
1438,三地開發,21,0,21,中國信託-忠孝,2024-02-19,6162
00632R,元大台灣50反1,1539,190,1349,中國信託-忠孝,2024-02-20,6162
3231,緯創,191,36,155,中國信託-忠孝,2024-02-20,6162
00687B,國泰20年美債,183,31,152,中國信託-忠孝,2024-02-20,6162
00937B,群益ESG投等債20,147,1,146,中國信託-忠孝,2024-02-20,6162
2382,廣達,276,165,111,中國信託-忠孝,2024-02-20,6162
3312,弘憶股,132,26,106,中國信託-忠孝,2024-02-20,6162
1316,上曜,131,37,94,中國信託-忠孝,2024-02-20,6162
1806,冠軍,93,12,81,中國信託-忠孝,2024-02-20,6162
00680L,元大美債20正2,100,20,80,中國信託-忠孝,2024-02-20,6162
8110,華東,98,21,77,中國信託-忠孝,2024-02-20,6162
3221,台嘉碩,77,2,75,中國信託-忠孝,2024-02-20,6162
00673R,期元大S＆P原油反1,73,0,73,中國信託-忠孝,2024-02-20,6162
4961,天鈺,75,4,71,中國信託-忠孝,2024-02-20,6162
3305,昇貿,80,15,65,中國信託-忠孝,2024-02-20,6162
00878,國泰永續高股息,94,37,57,中國信託-忠孝,2024-02-20,6162
00753L,中信中國50正2,60,4,56,中國信託-忠孝,2024-02-20,6162
00795B,中信美國公債20年,55,0,55,中國信託-忠孝,2024-02-20,6162
6116,彩晶,56,5,51,中國信託-忠孝,2024-02-20,6162
5607,遠雄港,50,0,50,中國信託-忠孝,2024-02-20,6162
8016,矽創,57,8,49,中國信託-忠孝,2024-02-20,6162
00679B,元大美債20年,77,32,45,中國信託-忠孝,2024-02-20,6162
6233,旺玖,59,15,44,中國信託-忠孝,2024-02-20,6162
2885,元大金,47,3,44,中國信託-忠孝,2024-02-20,6162
3036,文曄,50,7,43,中國信託-忠孝,2024-02-20,6162
1471,首利,92,50,42,中國信託-忠孝,2024-02-20,6162
4414,如興,50,8,42,中國信託-忠孝,2024-02-20,6162
1810,和成,40,0,40,中國信託-忠孝,2024-02-20,6162
6108,競國,40,0,40,中國信託-忠孝,2024-02-20,6162
6781,AES-KY,39,0,39,中國信託-忠孝,2024-02-20,6162
00706L,期元大S＆P日圓正2,35,0,35,中國信託-忠孝,2024-02-20,6162
8097,常珵,34,0,34,中國信託-忠孝,2024-02-20,6162
6282,康舒,64,30,34,中國信託-忠孝,2024-02-20,6162
6126,信音,79,51,28,中國信託-忠孝,2024-02-20,6162
3324,雙鴻,26,0,26,中國信託-忠孝,2024-02-20,6162
00751B,元大AAA至A公司債,26,0,26,中國信託-忠孝,2024-02-20,6162
4909,新復興,26,1,25,中國信託-忠孝,2024-02-20,6162
1909,榮成,25,0,25,中國信託-忠孝,2024-02-20,6162
00933B,國泰10Y+金融債,25,0,25,中國信託-忠孝,2024-02-20,6162
3548,兆利,55,31,24,中國信託-忠孝,2024-02-20,6162
2369,菱生,33,10,23,中國信託-忠孝,2024-02-20,6162
2887,台新金,23,1,22,中國信託-忠孝,2024-02-20,6162
00857B,永豐20年美公債,22,0,22,中國信託-忠孝,2024-02-20,6162
3532,台勝科,22,0,22,中國信託-忠孝,2024-02-20,6162
3035,智原,39,17,22,中國信託-忠孝,2024-02-20,6162
00696B,富邦美債20年,22,0,22,中國信託-忠孝,2024-02-20,6162
2538,基泰,21,0,21,中國信託-忠孝,2024-02-20,6162
2356,英業達,27,7,20,中國信託-忠孝,2024-02-20,6162
2516,新建,20,0,20,中國信託-忠孝,2024-02-20,6162
2611,志信,20,0,20,中國信託-忠孝,2024-02-20,6162
1314,中石化,20,0,20,中國信託-忠孝,2024-02-20,6162
00878,國泰永續高股息,528,60,468,中國信託-忠孝,2024-02-21,6162
00933B,國泰10Y+金融債,414,11,403,中國信託-忠孝,2024-02-21,6162
00937B,群益ESG投等債20,184,0,184,中國信託-忠孝,2024-02-21,6162
2609,陽明,152,43,109,中國信託-忠孝,2024-02-21,6162
3081,聯亞,101,5,96,中國信託-忠孝,2024-02-21,6162
2515,中工,93,4,89,中國信託-忠孝,2024-02-21,6162
2458,義隆,72,3,69,中國信託-忠孝,2024-02-21,6162
2367,燿華,74,7,67,中國信託-忠孝,2024-02-21,6162
3231,緯創,145,81,64,中國信託-忠孝,2024-02-21,6162
2303,聯電,64,2,62,中國信託-忠孝,2024-02-21,6162
9105,泰金寶-DR,92,29,63,中國信託-忠孝,2024-02-21,6162
00712,復華富時不動產,61,0,61,中國信託-忠孝,2024-02-21,6162
8064,東捷,113,55,58,中國信託-忠孝,2024-02-21,6162
1316,上曜,227,170,57,中國信託-忠孝,2024-02-21,6162
6546,正基,53,3,50,中國信託-忠孝,2024-02-21,6162
1785,光洋科,67,18,49,中國信託-忠孝,2024-02-21,6162
00679B,元大美債20年,58,10,48,中國信託-忠孝,2024-02-21,6162
1438,三地開發,46,0,46,中國信託-忠孝,2024-02-21,6162
00795B,中信美國公債20年,53,7,46,中國信託-忠孝,2024-02-21,6162
00687B,國泰20年美債,50,7,43,中國信託-忠孝,2024-02-21,6162
00918,大華優利高填息30,61,20,41,中國信託-忠孝,2024-02-21,6162
1589,永冠-KY,41,0,41,中國信託-忠孝,2024-02-21,6162
3059,華晶科,40,0,40,中國信託-忠孝,2024-02-21,6162
3581,博磊,71,31,40,中國信託-忠孝,2024-02-21,6162
00900,富邦特選高股息30,50,12,38,中國信託-忠孝,2024-02-21,6162
4123,晟德,37,0,37,中國信託-忠孝,2024-02-21,6162
00919,群益台灣精選高息,96,60,36,中國信託-忠孝,2024-02-21,6162
2369,菱生,81,45,36,中國信託-忠孝,2024-02-21,6162
2329,華泰,138,108,30,中國信託-忠孝,2024-02-21,6162
00891,中信關鍵半導體,30,0,30,中國信託-忠孝,2024-02-21,6162
3005,神基,63,33,30,中國信託-忠孝,2024-02-21,6162
1514,亞力,49,20,29,中國信託-忠孝,2024-02-21,6162
6269,台郡,26,0,26,中國信託-忠孝,2024-02-21,6162
3481,群創,52,28,24,中國信託-忠孝,2024-02-21,6162
00680L,元大美債20正2,27,3,24,中國信託-忠孝,2024-02-21,6162
00893,國泰智能電動車,24,0,24,中國信託-忠孝,2024-02-21,6162
4743,合一,23,1,22,中國信託-忠孝,2024-02-21,6162
00904,新光臺灣半導體30,22,1,21,中國信託-忠孝,2024-02-21,6162
3518,柏騰,20,0,20,中國信託-忠孝,2024-02-21,6162
8054,安國,20,1,19,中國信託-忠孝,2024-02-21,6162
3339,泰谷,50,31,19,中國信託-忠孝,2024-02-21,6162
6164,華興,30,11,19,中國信託-忠孝,2024-02-21,6162
5272,笙科,22,4,18,中國信託-忠孝,2024-02-21,6162
2405,輔信,25,7,18,中國信託-忠孝,2024-02-21,6162
2332,友訊,18,1,17,中國信託-忠孝,2024-02-21,6162
3532,台勝科,17,0,17,中國信託-忠孝,2024-02-21,6162
6776,展�眥篕�,16,0,16,中國信託-忠孝,2024-02-21,6162
2884,玉山金,16,1,15,中國信託-忠孝,2024-02-21,6162
3169,亞信,15,0,15,中國信託-忠孝,2024-02-21,6162
2204,中華,15,0,15,中國信託-忠孝,2024-02-21,6162
00637L,元大滬深300正2,527,13,514,中國信託-忠孝,2024-02-22,6162
2324,仁寶,501,27,474,中國信託-忠孝,2024-02-22,6162
1435,中福,296,0,296,中國信託-忠孝,2024-02-22,6162
00933B,國泰10Y+金融債,168,1,167,中國信託-忠孝,2024-02-22,6162
2409,友達,159,3,156,中國信託-忠孝,2024-02-22,6162
3522,御嵿,140,0,140,中國信託-忠孝,2024-02-22,6162
2489,瑞軒,129,15,114,中國信託-忠孝,2024-02-22,6162
00665L,富邦�琤肭磪囓�2,106,0,106,中國信託-忠孝,2024-02-22,6162
00753L,中信中國50正2,105,0,105,中國信託-忠孝,2024-02-22,6162
8105,凌巨,104,1,103,中國信託-忠孝,2024-02-22,6162
2543,皇昌,167,70,97,中國信託-忠孝,2024-02-22,6162
2442,新美齊,82,0,82,中國信託-忠孝,2024-02-22,6162
1326,台化,82,2,80,中國信託-忠孝,2024-02-22,6162
00673R,期元大S＆P原油反1,76,0,76,中國信託-忠孝,2024-02-22,6162
2486,一詮,72,14,58,中國信託-忠孝,2024-02-22,6162
3312,弘憶股,50,0,50,中國信託-忠孝,2024-02-22,6162
6126,信音,85,36,49,中國信託-忠孝,2024-02-22,6162
1316,上曜,85,40,45,中國信託-忠孝,2024-02-22,6162
6136,富爾特,50,6,44,中國信託-忠孝,2024-02-22,6162
3706,神達,100,57,43,中國信託-忠孝,2024-02-22,6162
00795B,中信美國公債20年,61,21,40,中國信託-忠孝,2024-02-22,6162
5512,力麒,40,0,40,中國信託-忠孝,2024-02-22,6162
6231,系微,45,5,40,中國信託-忠孝,2024-02-22,6162
2376,技嘉,81,41,40,中國信託-忠孝,2024-02-22,6162
2515,中工,40,1,39,中國信託-忠孝,2024-02-22,6162
2618,長榮航,41,5,36,中國信託-忠孝,2024-02-22,6162
3583,辛耘,40,5,35,中國信託-忠孝,2024-02-22,6162
2371,大同,63,28,35,中國信託-忠孝,2024-02-22,6162
3265,台星科,40,6,34,中國信託-忠孝,2024-02-22,6162
2884,玉山金,33,0,33,中國信託-忠孝,2024-02-22,6162
00931B,統一美債20年,33,0,33,中國信託-忠孝,2024-02-22,6162
6179,亞通,33,0,33,中國信託-忠孝,2024-02-22,6162
2610,華航,34,1,33,中國信託-忠孝,2024-02-22,6162
2537,聯上發,32,0,32,中國信託-忠孝,2024-02-22,6162
2405,輔信,30,0,30,中國信託-忠孝,2024-02-22,6162
00937B,群益ESG投等債20,62,32,30,中國信託-忠孝,2024-02-22,6162
1303,南亞,29,0,29,中國信託-忠孝,2024-02-22,6162
3607,谷崧,45,16,29,中國信託-忠孝,2024-02-22,6162
00757,統一FANG+,26,0,26,中國信託-忠孝,2024-02-22,6162
3481,群創,25,0,25,中國信託-忠孝,2024-02-22,6162
00688L,國泰20年美債正2,22,0,22,中國信託-忠孝,2024-02-22,6162
2498,宏達電,21,0,21,中國信託-忠孝,2024-02-22,6162
2883,凱基金,21,0,21,中國信託-忠孝,2024-02-22,6162
2356,英業達,64,43,21,中國信託-忠孝,2024-02-22,6162
6194,育富,30,10,20,中國信託-忠孝,2024-02-22,6162
9103,美德醫療-DR,20,0,20,中國信託-忠孝,2024-02-22,6162
6196,帆宣,43,24,19,中國信託-忠孝,2024-02-22,6162
3059,華晶科,20,1,19,中國信託-忠孝,2024-02-22,6162
2369,菱生,53,34,19,中國信託-忠孝,2024-02-22,6162
2367,燿華,183,164,19,中國信託-忠孝,2024-02-22,6162
5381,合正,274,3,271,中國信託-忠孝,2024-02-23,6162
1316,上曜,190,33,157,中國信託-忠孝,2024-02-23,6162
00919,群益台灣精選高息,253,106,147,中國信託-忠孝,2024-02-23,6162
6104,創惟,235,120,115,中國信託-忠孝,2024-02-23,6162
3047,訊舟,141,29,112,中國信託-忠孝,2024-02-23,6162
00665L,富邦�琤肭磪囓�2,106,12,94,中國信託-忠孝,2024-02-23,6162
3522,御嵿,97,5,92,中國信託-忠孝,2024-02-23,6162
00937B,群益ESG投等債20,84,4,80,中國信託-忠孝,2024-02-23,6162
3041,揚智,93,20,73,中國信託-忠孝,2024-02-23,6162
6167,久正,84,14,70,中國信託-忠孝,2024-02-23,6162
2303,聯電,73,4,69,中國信託-忠孝,2024-02-23,6162
2610,華航,60,0,60,中國信託-忠孝,2024-02-23,6162
5512,力麒,70,10,60,中國信託-忠孝,2024-02-23,6162
2405,輔信,108,56,52,中國信託-忠孝,2024-02-23,6162
1513,中興電,109,58,51,中國信託-忠孝,2024-02-23,6162
2618,長榮航,50,0,50,中國信託-忠孝,2024-02-23,6162
00679B,元大美債20年,47,0,47,中國信託-忠孝,2024-02-23,6162
2882,國泰金,46,0,46,中國信託-忠孝,2024-02-23,6162
6189,豐藝,59,15,44,中國信託-忠孝,2024-02-23,6162
2020,美亞,44,0,44,中國信託-忠孝,2024-02-23,6162
3450,聯鈞,51,11,40,中國信託-忠孝,2024-02-23,6162
8105,凌巨,40,0,40,中國信託-忠孝,2024-02-23,6162
1733,五鼎,40,0,40,中國信託-忠孝,2024-02-23,6162
00632R,元大台灣50反1,38,0,38,中國信託-忠孝,2024-02-23,6162
1514,亞力,54,21,33,中國信託-忠孝,2024-02-23,6162
1773,勝一,33,0,33,中國信託-忠孝,2024-02-23,6162
3360,尚立,46,13,33,中國信託-忠孝,2024-02-23,6162
00673R,期元大S＆P原油反1,33,0,33,中國信託-忠孝,2024-02-23,6162
3715,定穎投控,35,3,32,中國信託-忠孝,2024-02-23,6162
6550,北極星藥業-KY,31,0,31,中國信託-忠孝,2024-02-23,6162
2609,陽明,61,31,30,中國信託-忠孝,2024-02-23,6162
3312,弘憶股,33,4,29,中國信託-忠孝,2024-02-23,6162
2881,富邦金,29,2,27,中國信託-忠孝,2024-02-23,6162
6271,同欣電,27,0,27,中國信託-忠孝,2024-02-23,6162
2353,宏��,146,120,26,中國信託-忠孝,2024-02-23,6162
3390,旭軟,46,21,25,中國信託-忠孝,2024-02-23,6162
00891,中信關鍵半導體,228,203,25,中國信託-忠孝,2024-02-23,6162
00688L,國泰20年美債正2,26,1,25,中國信託-忠孝,2024-02-23,6162
1536,和大,24,0,24,中國信託-忠孝,2024-02-23,6162
6116,彩晶,27,3,24,中國信託-忠孝,2024-02-23,6162
4729,熒茂,23,0,23,中國信託-忠孝,2024-02-23,6162
1326,台化,23,0,23,中國信託-忠孝,2024-02-23,6162
2851,中再保,23,0,23,中國信託-忠孝,2024-02-23,6162
00795B,中信美國公債20年,37,15,22,中國信託-忠孝,2024-02-23,6162
3481,群創,39,17,22,中國信託-忠孝,2024-02-23,6162
2884,玉山金,29,8,21,中國信託-忠孝,2024-02-23,6162
8358,金居,21,0,21,中國信託-忠孝,2024-02-23,6162
5347,世界,21,0,21,中國信託-忠孝,2024-02-23,6162
3437,榮創,27,6,21,中國信託-忠孝,2024-02-23,6162
1806,冠軍,20,0,20,中國信託-忠孝,2024-02-23,6162
2324,仁寶,1065,10,1055,中國信託-忠孝,2024-02-26,6162
00878,國泰永續高股息,568,108,460,中國信託-忠孝,2024-02-26,6162
00937B,群益ESG投等債20,310,28,282,中國信託-忠孝,2024-02-26,6162
2884,玉山金,258,24,234,中國信託-忠孝,2024-02-26,6162
1513,中興電,262,97,165,中國信託-忠孝,2024-02-26,6162
00637L,元大滬深300正2,124,4,120,中國信託-忠孝,2024-02-26,6162
00919,群益台灣精選高息,134,55,79,中國信託-忠孝,2024-02-26,6162
3014,聯陽,134,66,68,中國信託-忠孝,2024-02-26,6162
2886,兆豐金,55,0,55,中國信託-忠孝,2024-02-26,6162
6182,合晶,56,1,55,中國信託-忠孝,2024-02-26,6162
2609,陽明,78,25,53,中國信託-忠孝,2024-02-26,6162
3530,晶相光,61,8,53,中國信託-忠孝,2024-02-26,6162
00795B,中信美國公債20年,61,8,53,中國信託-忠孝,2024-02-26,6162
6547,高端疫苗,50,0,50,中國信託-忠孝,2024-02-26,6162
6248,沛波,50,0,50,中國信託-忠孝,2024-02-26,6162
1785,光洋科,62,17,45,中國信託-忠孝,2024-02-26,6162
00679B,元大美債20年,53,8,45,中國信託-忠孝,2024-02-26,6162
2883,凱基金,44,2,42,中國信託-忠孝,2024-02-26,6162
2637,慧洋-KY,66,25,41,中國信託-忠孝,2024-02-26,6162
1721,三晃,40,0,40,中國信託-忠孝,2024-02-26,6162
2399,映泰,36,0,36,中國信託-忠孝,2024-02-26,6162
4763,材料-KY,46,14,32,中國信託-忠孝,2024-02-26,6162
2369,菱生,32,0,32,中國信託-忠孝,2024-02-26,6162
8240,華宏,30,0,30,中國信託-忠孝,2024-02-26,6162
3390,旭軟,56,28,28,中國信託-忠孝,2024-02-26,6162
00891,中信關鍵半導體,27,0,27,中國信託-忠孝,2024-02-26,6162
1514,亞力,100,73,27,中國信託-忠孝,2024-02-26,6162
3481,群創,38,12,26,中國信託-忠孝,2024-02-26,6162
00772B,中信高評級公司債,48,23,25,中國信託-忠孝,2024-02-26,6162
4939,亞電,25,0,25,中國信託-忠孝,2024-02-26,6162
2301,光寶科,35,10,25,中國信託-忠孝,2024-02-26,6162
4131,浩泰,26,2,24,中國信託-忠孝,2024-02-26,6162
2338,光罩,24,0,24,中國信託-忠孝,2024-02-26,6162
2520,冠德,23,0,23,中國信託-忠孝,2024-02-26,6162
8147,正淩,24,2,22,中國信託-忠孝,2024-02-26,6162
3010,華立,23,1,22,中國信託-忠孝,2024-02-26,6162
9962,有益,20,0,20,中國信託-忠孝,2024-02-26,6162
3217,優群,25,5,20,中國信託-忠孝,2024-02-26,6162
2501,國建,20,0,20,中國信託-忠孝,2024-02-26,6162
2020,美亞,20,0,20,中國信託-忠孝,2024-02-26,6162
00639,富邦深100,20,0,20,中國信託-忠孝,2024-02-26,6162
4414,如興,20,0,20,中國信託-忠孝,2024-02-26,6162
00687B,國泰20年美債,52,33,19,中國信託-忠孝,2024-02-26,6162
2449,京元電子,28,10,18,中國信託-忠孝,2024-02-26,6162
00655L,國泰中國A50正2,20,2,18,中國信託-忠孝,2024-02-26,6162
3227,原相,36,18,18,中國信託-忠孝,2024-02-26,6162
3312,弘憶股,19,2,17,中國信託-忠孝,2024-02-26,6162
6435,大中,17,0,17,中國信託-忠孝,2024-02-26,6162
8105,凌巨,17,0,17,中國信託-忠孝,2024-02-26,6162
6895,宏碩系統,15,0,15,中國信託-忠孝,2024-02-26,6162
2344,華邦電,656,44,612,中國信託-忠孝,2024-02-27,6162
00937B,群益ESG投等債20,738,303,435,中國信託-忠孝,2024-02-27,6162
00919,群益台灣精選高息,325,153,172,中國信託-忠孝,2024-02-27,6162
2615,萬海,153,4,149,中國信託-忠孝,2024-02-27,6162
6579,研揚,149,29,120,中國信託-忠孝,2024-02-27,6162
00687B,國泰20年美債,120,0,120,中國信託-忠孝,2024-02-27,6162
3041,揚智,170,57,113,中國信託-忠孝,2024-02-27,6162
00650L,復華香港正2,100,8,92,中國信託-忠孝,2024-02-27,6162
00665L,富邦�琤肭磪囓�2,116,24,92,中國信託-忠孝,2024-02-27,6162
8936,國統,100,12,88,中國信託-忠孝,2024-02-27,6162
3231,緯創,123,36,87,中國信託-忠孝,2024-02-27,6162
9933,中鼎,86,1,85,中國信託-忠孝,2024-02-27,6162
2412,中華電,80,3,77,中國信託-忠孝,2024-02-27,6162
00679B,元大美債20年,73,0,73,中國信託-忠孝,2024-02-27,6162
1733,五鼎,70,0,70,中國信託-忠孝,2024-02-27,6162
2353,宏��,242,173,69,中國信託-忠孝,2024-02-27,6162
3450,聯鈞,79,15,64,中國信託-忠孝,2024-02-27,6162
00680L,元大美債20正2,61,0,61,中國信託-忠孝,2024-02-27,6162
2612,中航,60,0,60,中國信託-忠孝,2024-02-27,6162
3551,世禾,88,30,58,中國信託-忠孝,2024-02-27,6162
00918,大華優利高填息30,47,0,47,中國信託-忠孝,2024-02-27,6162
2409,友達,48,5,43,中國信託-忠孝,2024-02-27,6162
2634,漢翔,43,0,43,中國信託-忠孝,2024-02-27,6162
2329,華泰,87,45,42,中國信託-忠孝,2024-02-27,6162
2206,三陽工業,40,0,40,中國信託-忠孝,2024-02-27,6162
6284,佳邦,50,14,36,中國信託-忠孝,2024-02-27,6162
3037,欣興,67,31,36,中國信託-忠孝,2024-02-27,6162
8085,福華,37,2,35,中國信託-忠孝,2024-02-27,6162
00759B,復華製藥債,35,0,35,中國信託-忠孝,2024-02-27,6162
2486,一詮,46,11,35,中國信託-忠孝,2024-02-27,6162
3017,奇鋐,46,12,34,中國信託-忠孝,2024-02-27,6162
3227,原相,38,4,34,中國信託-忠孝,2024-02-27,6162
6125,廣運,58,24,34,中國信託-忠孝,2024-02-27,6162
6233,旺玖,58,26,32,中國信託-忠孝,2024-02-27,6162
00632R,元大台灣50反1,32,0,32,中國信託-忠孝,2024-02-27,6162
2498,宏達電,42,12,30,中國信託-忠孝,2024-02-27,6162
6830,汎銓,29,0,29,中國信託-忠孝,2024-02-27,6162
6113,亞矽,42,15,27,中國信託-忠孝,2024-02-27,6162
4939,亞電,63,37,26,中國信託-忠孝,2024-02-27,6162
8096,擎亞,30,4,26,中國信託-忠孝,2024-02-27,6162
2002,中鋼,27,1,26,中國信託-忠孝,2024-02-27,6162
2439,美律,30,4,26,中國信託-忠孝,2024-02-27,6162
2610,華航,26,1,25,中國信託-忠孝,2024-02-27,6162
00915,凱基優選高股息30,25,0,25,中國信託-忠孝,2024-02-27,6162
00934,中信成長高股息,82,57,25,中國信託-忠孝,2024-02-27,6162
00751B,元大AAA至A公司債,24,0,24,中國信託-忠孝,2024-02-27,6162
2641,正德,24,0,24,中國信託-忠孝,2024-02-27,6162
6282,康舒,25,1,24,中國信託-忠孝,2024-02-27,6162
2501,國建,22,0,22,中國信託-忠孝,2024-02-27,6162
4532,瑞智,22,0,22,中國信託-忠孝,2024-02-27,6162
2324,仁寶,975,4,971,中國信託-忠孝,2024-02-29,6162
00937B,群益ESG投等債20,234,0,234,中國信託-忠孝,2024-02-29,6162
00929,復華台灣科技優息,194,20,174,中國信託-忠孝,2024-02-29,6162
00673R,期元大S＆P原油反1,142,0,142,中國信託-忠孝,2024-02-29,6162
3231,緯創,141,23,118,中國信託-忠孝,2024-02-29,6162
00665L,富邦�琤肭磪囓�2,105,0,105,中國信託-忠孝,2024-02-29,6162
1522,堤維西,107,25,82,中國信託-忠孝,2024-02-29,6162
2905,三商,80,0,80,中國信託-忠孝,2024-02-29,6162
2367,燿華,80,2,78,中國信託-忠孝,2024-02-29,6162
8271,宇瞻,74,2,72,中國信託-忠孝,2024-02-29,6162
00679B,元大美債20年,100,32,68,中國信託-忠孝,2024-02-29,6162
2353,宏��,65,3,62,中國信託-忠孝,2024-02-29,6162
6274,台燿,71,11,60,中國信託-忠孝,2024-02-29,6162
6579,研揚,75,15,60,中國信託-忠孝,2024-02-29,6162
3312,弘憶股,58,3,55,中國信託-忠孝,2024-02-29,6162
1326,台化,50,0,50,中國信託-忠孝,2024-02-29,6162
6127,九豪,51,4,47,中國信託-忠孝,2024-02-29,6162
6288,聯嘉,89,47,42,中國信託-忠孝,2024-02-29,6162
00919,群益台灣精選高息,137,98,39,中國信託-忠孝,2024-02-29,6162
6239,力成,41,3,38,中國信託-忠孝,2024-02-29,6162
2382,廣達,43,7,36,中國信託-忠孝,2024-02-29,6162
00773B,中信優先金融債,33,0,33,中國信託-忠孝,2024-02-29,6162
00764B,群益25年美債,33,0,33,中國信託-忠孝,2024-02-29,6162
00795B,中信美國公債20年,43,12,31,中國信託-忠孝,2024-02-29,6162
6235,華孚,54,24,30,中國信託-忠孝,2024-02-29,6162
2308,台達電,30,3,27,中國信託-忠孝,2024-02-29,6162
4303,信立,27,0,27,中國信託-忠孝,2024-02-29,6162
6213,聯茂,29,2,27,中國信託-忠孝,2024-02-29,6162
00712,復華富時不動產,30,4,26,中國信託-忠孝,2024-02-29,6162
2611,志信,26,0,26,中國信託-忠孝,2024-02-29,6162
2887,台新金,29,3,26,中國信託-忠孝,2024-02-29,6162
3701,大眾控,28,2,26,中國信託-忠孝,2024-02-29,6162
2489,瑞軒,25,0,25,中國信託-忠孝,2024-02-29,6162
00882,中信中國高股息,55,30,25,中國信託-忠孝,2024-02-29,6162
2412,中華電,28,4,24,中國信託-忠孝,2024-02-29,6162
6770,力積電,24,1,23,中國信託-忠孝,2024-02-29,6162
2486,一詮,45,23,22,中國信託-忠孝,2024-02-29,6162
00688L,國泰20年美債正2,22,0,22,中國信託-忠孝,2024-02-29,6162
9105,泰金寶-DR,27,5,22,中國信託-忠孝,2024-02-29,6162
6715,嘉基,21,0,21,中國信託-忠孝,2024-02-29,6162
6271,同欣電,21,0,21,中國信託-忠孝,2024-02-29,6162
6830,汎銓,21,0,21,中國信託-忠孝,2024-02-29,6162
9904,寶成,21,0,21,中國信託-忠孝,2024-02-29,6162
1710,東聯,20,0,20,中國信託-忠孝,2024-02-29,6162
3055,蔚華科,33,13,20,中國信託-忠孝,2024-02-29,6162
3438,類比科,20,0,20,中國信託-忠孝,2024-02-29,6162
6841,長佳智能,20,0,20,中國信託-忠孝,2024-02-29,6162
4714,永捷,23,4,19,中國信託-忠孝,2024-02-29,6162
1503,士電,57,39,18,中國信託-忠孝,2024-02-29,6162
00680L,元大美債20正2,23,5,18,中國信託-忠孝,2024-02-29,6162
00919,群益台灣精選高息,676,70,606,中國信託-忠孝,2024-03-01,6162
3005,神基,650,63,587,中國信託-忠孝,2024-03-01,6162
00706L,期元大S＆P日圓正2,400,8,392,中國信託-忠孝,2024-03-01,6162
00929,復華台灣科技優息,300,38,262,中國信託-忠孝,2024-03-01,6162
00937B,群益ESG投等債20,183,0,183,中國信託-忠孝,2024-03-01,6162
6167,久正,121,0,121,中國信託-忠孝,2024-03-01,6162
2615,萬海,118,5,113,中國信託-忠孝,2024-03-01,6162
3708,上緯投控,108,22,86,中國信託-忠孝,2024-03-01,6162
2211,長榮鋼,84,1,83,中國信託-忠孝,2024-03-01,6162
3006,晶豪科,111,32,79,中國信託-忠孝,2024-03-01,6162
00918,大華優利高填息30,159,83,76,中國信託-忠孝,2024-03-01,6162
1316,上曜,75,13,62,中國信託-忠孝,2024-03-01,6162
00764B,群益25年美債,63,3,60,中國信託-忠孝,2024-03-01,6162
2641,正德,56,10,46,中國信託-忠孝,2024-03-01,6162
00878,國泰永續高股息,58,12,46,中國信託-忠孝,2024-03-01,6162
8936,國統,50,7,43,中國信託-忠孝,2024-03-01,6162
2353,宏��,144,101,43,中國信託-忠孝,2024-03-01,6162
2409,友達,42,0,42,中國信託-忠孝,2024-03-01,6162
5426,振發,42,1,41,中國信託-忠孝,2024-03-01,6162
2905,三商,40,0,40,中國信託-忠孝,2024-03-01,6162
8401,白紗科,36,1,35,中國信託-忠孝,2024-03-01,6162
00679B,元大美債20年,34,0,34,中國信託-忠孝,2024-03-01,6162
2365,昆盈,46,12,34,中國信託-忠孝,2024-03-01,6162
1514,亞力,121,89,32,中國信託-忠孝,2024-03-01,6162
4562,穎漢,30,0,30,中國信託-忠孝,2024-03-01,6162
00720B,元大投資級公司債,28,0,28,中國信託-忠孝,2024-03-01,6162
2329,華泰,68,41,27,中國信託-忠孝,2024-03-01,6162
2303,聯電,47,21,26,中國信託-忠孝,2024-03-01,6162
3231,緯創,244,221,23,中國信託-忠孝,2024-03-01,6162
4909,新復興,45,22,23,中國信託-忠孝,2024-03-01,6162
9933,中鼎,40,17,23,中國信託-忠孝,2024-03-01,6162
8261,富鼎,22,0,22,中國信託-忠孝,2024-03-01,6162
8097,常珵,22,0,22,中國信託-忠孝,2024-03-01,6162
2367,燿華,50,29,21,中國信託-忠孝,2024-03-01,6162
00891,中信關鍵半導體,21,0,21,中國信託-忠孝,2024-03-01,6162
1608,華榮,22,1,21,中國信託-忠孝,2024-03-01,6162
9103,美德醫療-DR,23,2,21,中國信託-忠孝,2024-03-01,6162
1326,台化,22,2,20,中國信託-忠孝,2024-03-01,6162
6161,捷波,20,0,20,中國信託-忠孝,2024-03-01,6162
3162,精確,20,0,20,中國信託-忠孝,2024-03-01,6162
1434,福懋,20,0,20,中國信託-忠孝,2024-03-01,6162
6229,研通,20,1,19,中國信託-忠孝,2024-03-01,6162
8926,台汽電,22,3,19,中國信託-忠孝,2024-03-01,6162
4543,萬在,30,12,18,中國信託-忠孝,2024-03-01,6162
1773,勝一,18,0,18,中國信託-忠孝,2024-03-01,6162
5234,達興材料,20,2,18,中國信託-忠孝,2024-03-01,6162
2308,台達電,24,6,18,中國信託-忠孝,2024-03-01,6162
3217,優群,19,3,16,中國信託-忠孝,2024-03-01,6162
2449,京元電子,22,6,16,中國信託-忠孝,2024-03-01,6162
8092,建暐,22,7,15,中國信託-忠孝,2024-03-01,6162
00753L,中信中國50正2,452,0,452,中國信託-忠孝,2024-03-04,6162
2313,華通,389,33,356,中國信託-忠孝,2024-03-04,6162
4726,永昕,210,0,210,中國信託-忠孝,2024-03-04,6162
2880,華南金,206,0,206,中國信託-忠孝,2024-03-04,6162
3231,緯創,270,86,184,中國信託-忠孝,2024-03-04,6162
00680L,元大美債20正2,218,37,181,中國信託-忠孝,2024-03-04,6162
00918,大華優利高填息30,197,34,163,中國信託-忠孝,2024-03-04,6162
00919,群益台灣精選高息,244,102,142,中國信託-忠孝,2024-03-04,6162
2344,華邦電,133,18,115,中國信託-忠孝,2024-03-04,6162
6770,力積電,104,1,103,中國信託-忠孝,2024-03-04,6162
2442,新美齊,85,0,85,中國信託-忠孝,2024-03-04,6162
3322,建舜電,77,2,75,中國信託-忠孝,2024-03-04,6162
3376,新日興,77,11,66,中國信託-忠孝,2024-03-04,6162
2102,泰豐,65,0,65,中國信託-忠孝,2024-03-04,6162
1618,合機,63,4,59,中國信託-忠孝,2024-03-04,6162
00751B,元大AAA至A公司債,66,10,56,中國信託-忠孝,2024-03-04,6162
5310,天剛,54,0,54,中國信託-忠孝,2024-03-04,6162
00937B,群益ESG投等債20,53,0,53,中國信託-忠孝,2024-03-04,6162
6005,群益證,51,0,51,中國信託-忠孝,2024-03-04,6162
00830,國泰費城半導體,48,0,48,中國信託-忠孝,2024-03-04,6162
1608,華榮,46,0,46,中國信託-忠孝,2024-03-04,6162
2641,正德,43,0,43,中國信託-忠孝,2024-03-04,6162
1609,大亞,49,7,42,中國信託-忠孝,2024-03-04,6162
6416,瑞祺電通,43,1,42,中國信託-忠孝,2024-03-04,6162
00720B,元大投資級公司債,43,1,42,中國信託-忠孝,2024-03-04,6162
4968,立積,46,6,40,中國信託-忠孝,2024-03-04,6162
00676R,富邦臺灣加權反1,40,0,40,中國信託-忠孝,2024-03-04,6162
6116,彩晶,42,4,38,中國信託-忠孝,2024-03-04,6162
6274,台燿,55,17,38,中國信託-忠孝,2024-03-04,6162
3548,兆利,54,16,38,中國信託-忠孝,2024-03-04,6162
1316,上曜,51,19,32,中國信託-忠孝,2024-03-04,6162
00725B,國泰投資級公司債,32,0,32,中國信託-忠孝,2024-03-04,6162
00637L,元大滬深300正2,121,90,31,中國信託-忠孝,2024-03-04,6162
3062,建漢,54,23,31,中國信託-忠孝,2024-03-04,6162
3583,辛耘,40,10,30,中國信託-忠孝,2024-03-04,6162
6213,聯茂,30,1,29,中國信託-忠孝,2024-03-04,6162
2356,英業達,47,19,28,中國信託-忠孝,2024-03-04,6162
5443,均豪,30,2,28,中國信託-忠孝,2024-03-04,6162
2501,國建,28,0,28,中國信託-忠孝,2024-03-04,6162
3025,星通,29,3,26,中國信託-忠孝,2024-03-04,6162
2486,一詮,32,7,25,中國信託-忠孝,2024-03-04,6162
2002,中鋼,24,0,24,中國信託-忠孝,2024-03-04,6162
6163,華電網,42,18,24,中國信託-忠孝,2024-03-04,6162
00679B,元大美債20年,24,0,24,中國信託-忠孝,2024-03-04,6162
00687B,國泰20年美債,29,6,23,中國信託-忠孝,2024-03-04,6162
1301,台塑,23,0,23,中國信託-忠孝,2024-03-04,6162
2316,楠梓電,38,15,23,中國信託-忠孝,2024-03-04,6162
2367,燿華,57,34,23,中國信託-忠孝,2024-03-04,6162
2329,華泰,70,48,22,中國信託-忠孝,2024-03-04,6162
3312,弘憶股,31,9,22,中國信託-忠孝,2024-03-04,6162
2324,仁寶,400,13,387,中國信託-忠孝,2024-03-05,6162
2382,廣達,304,26,278,中國信託-忠孝,2024-03-05,6162
00919,群益台灣精選高息,230,47,183,中國信託-忠孝,2024-03-05,6162
1815,富喬,194,32,162,中國信託-忠孝,2024-03-05,6162
5310,天剛,248,100,148,中國信託-忠孝,2024-03-05,6162
00665L,富邦�琤肭磪囓�2,116,0,116,中國信託-忠孝,2024-03-05,6162
2515,中工,121,21,100,中國信託-忠孝,2024-03-05,6162
00676R,富邦臺灣加權反1,90,0,90,中國信託-忠孝,2024-03-05,6162
2405,輔信,82,6,76,中國信託-忠孝,2024-03-05,6162
00679B,元大美債20年,70,1,69,中國信託-忠孝,2024-03-05,6162
00934,中信成長高股息,68,3,65,中國信託-忠孝,2024-03-05,6162
2501,國建,65,0,65,中國信託-忠孝,2024-03-05,6162
2330,台積電,96,33,63,中國信託-忠孝,2024-03-05,6162
3481,群創,115,53,62,中國信託-忠孝,2024-03-05,6162
9962,有益,60,0,60,中國信託-忠孝,2024-03-05,6162
6188,廣明,73,14,59,中國信託-忠孝,2024-03-05,6162
00753L,中信中國50正2,56,0,56,中國信託-忠孝,2024-03-05,6162
2337,旺宏,68,15,53,中國信託-忠孝,2024-03-05,6162
2609,陽明,54,2,52,中國信託-忠孝,2024-03-05,6162
2615,萬海,50,0,50,中國信託-忠孝,2024-03-05,6162
4414,如興,50,0,50,中國信託-忠孝,2024-03-05,6162
2327,國巨,49,0,49,中國信託-忠孝,2024-03-05,6162
00937B,群益ESG投等債20,80,34,46,中國信託-忠孝,2024-03-05,6162
00918,大華優利高填息30,42,0,42,中國信託-忠孝,2024-03-05,6162
2641,正德,61,19,42,中國信託-忠孝,2024-03-05,6162
00632R,元大台灣50反1,39,0,39,中國信託-忠孝,2024-03-05,6162
00878,國泰永續高股息,55,16,39,中國信託-忠孝,2024-03-05,6162
00933B,國泰10Y+金融債,60,25,35,中國信託-忠孝,2024-03-05,6162
8054,安國,43,9,34,中國信託-忠孝,2024-03-05,6162
3376,新日興,54,21,33,中國信託-忠孝,2024-03-05,6162
2887,台新金,33,1,32,中國信託-忠孝,2024-03-05,6162
2498,宏達電,46,14,32,中國信託-忠孝,2024-03-05,6162
6414,樺漢,31,0,31,中國信託-忠孝,2024-03-05,6162
00680L,元大美債20正2,31,0,31,中國信託-忠孝,2024-03-05,6162
00936,台新永續高息中小,31,0,31,中國信託-忠孝,2024-03-05,6162
00687B,國泰20年美債,31,0,31,中國信託-忠孝,2024-03-05,6162
1909,榮成,30,0,30,中國信託-忠孝,2024-03-05,6162
8096,擎亞,30,0,30,中國信託-忠孝,2024-03-05,6162
6217,中探針,42,12,30,中國信託-忠孝,2024-03-05,6162
4303,信立,30,0,30,中國信託-忠孝,2024-03-05,6162
6167,久正,30,0,30,中國信託-忠孝,2024-03-05,6162
8996,高力,32,3,29,中國信託-忠孝,2024-03-05,6162
2605,新興,66,38,28,中國信託-忠孝,2024-03-05,6162
4747,強生,27,0,27,中國信託-忠孝,2024-03-05,6162
2489,瑞軒,35,9,26,中國信託-忠孝,2024-03-05,6162
1513,中興電,74,50,24,中國信託-忠孝,2024-03-05,6162
8092,建暐,28,5,23,中國信託-忠孝,2024-03-05,6162
6426,統新,24,1,23,中國信託-忠孝,2024-03-05,6162
00712,復華富時不動產,59,37,22,中國信託-忠孝,2024-03-05,6162
1514,亞力,107,85,22,中國信託-忠孝,2024-03-05,6162
00937B,群益ESG投等債20,847,41,806,中國信託-忠孝,2024-03-06,6162
00929,復華台灣科技優息,792,100,692,中國信託-忠孝,2024-03-06,6162
00919,群益台灣精選高息,417,71,346,中國信託-忠孝,2024-03-06,6162
2442,新美齊,312,0,312,中國信託-忠孝,2024-03-06,6162
2324,仁寶,309,4,305,中國信託-忠孝,2024-03-06,6162
3078,僑威,206,60,146,中國信託-忠孝,2024-03-06,6162
8011,台通,156,20,136,中國信託-忠孝,2024-03-06,6162
2367,燿華,271,151,120,中國信託-忠孝,2024-03-06,6162
1301,台塑,104,1,103,中國信託-忠孝,2024-03-06,6162
00753L,中信中國50正2,150,50,100,中國信託-忠孝,2024-03-06,6162
6163,華電網,140,41,99,中國信託-忠孝,2024-03-06,6162
2062,橋椿,88,1,87,中國信託-忠孝,2024-03-06,6162
2385,群光,104,24,80,中國信託-忠孝,2024-03-06,6162
2515,中工,87,14,73,中國信託-忠孝,2024-03-06,6162
5310,天剛,71,2,69,中國信託-忠孝,2024-03-06,6162
2417,圓剛,101,49,52,中國信託-忠孝,2024-03-06,6162
2880,華南金,52,0,52,中國信託-忠孝,2024-03-06,6162
2641,正德,48,0,48,中國信託-忠孝,2024-03-06,6162
2409,友達,48,1,47,中國信託-忠孝,2024-03-06,6162
2329,華泰,67,25,42,中國信託-忠孝,2024-03-06,6162
00632R,元大台灣50反1,42,0,42,中國信託-忠孝,2024-03-06,6162
1303,南亞,52,13,39,中國信託-忠孝,2024-03-06,6162
2615,萬海,55,16,39,中國信託-忠孝,2024-03-06,6162
2020,美亞,38,0,38,中國信託-忠孝,2024-03-06,6162
3312,弘憶股,94,57,37,中國信託-忠孝,2024-03-06,6162
1909,榮成,37,1,36,中國信託-忠孝,2024-03-06,6162
1314,中石化,46,11,35,中國信託-忠孝,2024-03-06,6162
00751B,元大AAA至A公司債,35,0,35,中國信託-忠孝,2024-03-06,6162
3325,旭品,94,60,34,中國信託-忠孝,2024-03-06,6162
2882,國泰金,41,8,33,中國信託-忠孝,2024-03-06,6162
00712,復華富時不動產,33,1,32,中國信託-忠孝,2024-03-06,6162
2504,國產,30,0,30,中國信託-忠孝,2024-03-06,6162
00927,群益半導體收益,36,6,30,中國信託-忠孝,2024-03-06,6162
1444,力麗,30,0,30,中國信託-忠孝,2024-03-06,6162
2610,華航,33,3,30,中國信託-忠孝,2024-03-06,6162
6122,擎邦,34,4,30,中國信託-忠孝,2024-03-06,6162
6188,廣明,61,31,30,中國信託-忠孝,2024-03-06,6162
6869,雲豹能源,30,0,30,中國信託-忠孝,2024-03-06,6162
5443,均豪,29,1,28,中國信託-忠孝,2024-03-06,6162
2371,大同,57,29,28,中國信託-忠孝,2024-03-06,6162
2498,宏達電,150,122,28,中國信託-忠孝,2024-03-06,6162
3499,環天科,27,0,27,中國信託-忠孝,2024-03-06,6162
1326,台化,30,3,27,中國信託-忠孝,2024-03-06,6162
5225,東科-KY,26,0,26,中國信託-忠孝,2024-03-06,6162
8092,建暐,25,0,25,中國信託-忠孝,2024-03-06,6162
3313,斐成,25,0,25,中國信託-忠孝,2024-03-06,6162
2102,泰豐,25,0,25,中國信託-忠孝,2024-03-06,6162
3231,緯創,48,23,25,中國信託-忠孝,2024-03-06,6162
2867,三商壽,24,0,24,中國信託-忠孝,2024-03-06,6162
2308,台達電,23,1,22,中國信託-忠孝,2024-03-06,6162
00878,國泰永續高股息,806,168,638,中國信託-忠孝,2024-03-07,6162
2324,仁寶,634,7,627,中國信託-忠孝,2024-03-07,6162
00933B,國泰10Y+金融債,358,1,357,中國信託-忠孝,2024-03-07,6162
00919,群益台灣精選高息,368,33,335,中國信託-忠孝,2024-03-07,6162
2449,京元電子,239,37,202,中國信託-忠孝,2024-03-07,6162
00891,中信關鍵半導體,252,62,190,中國信託-忠孝,2024-03-07,6162
5439,高技,249,76,173,中國信託-忠孝,2024-03-07,6162
00637L,元大滬深300正2,227,58,169,中國信託-忠孝,2024-03-07,6162
00934,中信成長高股息,162,1,161,中國信託-忠孝,2024-03-07,6162
3021,鴻名,156,1,155,中國信託-忠孝,2024-03-07,6162
2442,新美齊,136,4,132,中國信託-忠孝,2024-03-07,6162
00918,大華優利高填息30,115,1,114,中國信託-忠孝,2024-03-07,6162
2489,瑞軒,112,3,109,中國信託-忠孝,2024-03-07,6162
5452,佶優,112,6,106,中國信託-忠孝,2024-03-07,6162
9933,中鼎,106,1,105,中國信託-忠孝,2024-03-07,6162
2609,陽明,107,3,104,中國信託-忠孝,2024-03-07,6162
00687B,國泰20年美債,111,20,91,中國信託-忠孝,2024-03-07,6162
00857B,永豐20年美公債,89,0,89,中國信託-忠孝,2024-03-07,6162
2062,橋椿,77,0,77,中國信託-忠孝,2024-03-07,6162
00882,中信中國高股息,114,60,54,中國信託-忠孝,2024-03-07,6162
00926,凱基全球菁英55,52,0,52,中國信託-忠孝,2024-03-07,6162
2641,正德,58,6,52,中國信託-忠孝,2024-03-07,6162
6125,廣運,78,28,50,中國信託-忠孝,2024-03-07,6162
2809,京城銀,50,0,50,中國信託-忠孝,2024-03-07,6162
1409,新纖,50,0,50,中國信託-忠孝,2024-03-07,6162
6188,廣明,50,2,48,中國信託-忠孝,2024-03-07,6162
2002,中鋼,45,6,39,中國信託-忠孝,2024-03-07,6162
1609,大亞,47,8,39,中國信託-忠孝,2024-03-07,6162
2486,一詮,161,123,38,中國信託-忠孝,2024-03-07,6162
3005,神基,45,9,36,中國信託-忠孝,2024-03-07,6162
1785,光洋科,43,7,36,中國信託-忠孝,2024-03-07,6162
6275,元山,83,50,33,中國信託-忠孝,2024-03-07,6162
1618,合機,39,6,33,中國信託-忠孝,2024-03-07,6162
6698,旭暉應材,34,1,33,中國信託-忠孝,2024-03-07,6162
2409,友達,38,5,33,中國信託-忠孝,2024-03-07,6162
00632R,元大台灣50反1,42,10,32,中國信託-忠孝,2024-03-07,6162
2388,威盛,64,35,29,中國信託-忠孝,2024-03-07,6162
4714,永捷,34,5,29,中國信託-忠孝,2024-03-07,6162
2421,建準,37,9,28,中國信託-忠孝,2024-03-07,6162
00751B,元大AAA至A公司債,27,0,27,中國信託-忠孝,2024-03-07,6162
3325,旭品,40,14,26,中國信託-忠孝,2024-03-07,6162
2605,新興,26,0,26,中國信託-忠孝,2024-03-07,6162
4536,拓凱,26,0,26,中國信託-忠孝,2024-03-07,6162
6112,邁達特,26,0,26,中國信託-忠孝,2024-03-07,6162
2323,中環,25,0,25,中國信託-忠孝,2024-03-07,6162
4968,立積,37,12,25,中國信託-忠孝,2024-03-07,6162
6167,久正,25,0,25,中國信託-忠孝,2024-03-07,6162
3294,英濟,40,17,23,中國信託-忠孝,2024-03-07,6162
5521,工信,40,17,23,中國信託-忠孝,2024-03-07,6162
3231,緯創,63,41,22,中國信託-忠孝,2024-03-07,6162
00878,國泰永續高股息,1463,206,1257,中國信託-忠孝,2024-03-08,6162
00637L,元大滬深300正2,529,0,529,中國信託-忠孝,2024-03-08,6162
00753L,中信中國50正2,301,1,300,中國信託-忠孝,2024-03-08,6162
00679B,元大美債20年,331,44,287,中國信託-忠孝,2024-03-08,6162
00937B,群益ESG投等債20,354,82,272,中國信託-忠孝,2024-03-08,6162
00919,群益台灣精選高息,663,413,250,中國信託-忠孝,2024-03-08,6162
2442,新美齊,163,0,163,中國信託-忠孝,2024-03-08,6162
2002,中鋼,169,32,137,中國信託-忠孝,2024-03-08,6162
00665L,富邦�琤肭磪囓�2,132,0,132,中國信託-忠孝,2024-03-08,6162
3231,緯創,152,22,130,中國信託-忠孝,2024-03-08,6162
3171,炎洲流通,100,0,100,中國信託-忠孝,2024-03-08,6162
2102,泰豐,71,0,71,中國信託-忠孝,2024-03-08,6162
2809,京城銀,70,4,66,中國信託-忠孝,2024-03-08,6162
2637,慧洋-KY,66,2,64,中國信託-忠孝,2024-03-08,6162
3027,盛達,61,0,61,中國信託-忠孝,2024-03-08,6162
4207,環泰,60,0,60,中國信託-忠孝,2024-03-08,6162
00927,群益半導體收益,59,2,57,中國信託-忠孝,2024-03-08,6162
00915,凱基優選高股息30,69,16,53,中國信託-忠孝,2024-03-08,6162
8054,安國,54,2,52,中國信託-忠孝,2024-03-08,6162
1815,富喬,81,30,51,中國信託-忠孝,2024-03-08,6162
2062,橋椿,50,0,50,中國信託-忠孝,2024-03-08,6162
1108,幸福,50,0,50,中國信託-忠孝,2024-03-08,6162
00751B,元大AAA至A公司債,59,10,49,中國信託-忠孝,2024-03-08,6162
2025,千興,102,59,43,中國信託-忠孝,2024-03-08,6162
2344,華邦電,60,17,43,中國信託-忠孝,2024-03-08,6162
3376,新日興,74,32,42,中國信託-忠孝,2024-03-08,6162
2867,三商壽,49,10,39,中國信託-忠孝,2024-03-08,6162
8936,國統,51,14,37,中國信託-忠孝,2024-03-08,6162
1409,新纖,34,0,34,中國信託-忠孝,2024-03-08,6162
00934,中信成長高股息,121,89,32,中國信託-忠孝,2024-03-08,6162
3707,漢磊,60,34,26,中國信託-忠孝,2024-03-08,6162
6546,正基,33,7,26,中國信託-忠孝,2024-03-08,6162
6208,日揚,26,0,26,中國信託-忠孝,2024-03-08,6162
6188,廣明,27,1,26,中國信託-忠孝,2024-03-08,6162
3339,泰谷,25,0,25,中國信託-忠孝,2024-03-08,6162
3004,豐達科,25,0,25,中國信託-忠孝,2024-03-08,6162
2409,友達,24,0,24,中國信託-忠孝,2024-03-08,6162
3264,欣銓,31,8,23,中國信託-忠孝,2024-03-08,6162
2603,長榮,86,64,22,中國信託-忠孝,2024-03-08,6162
6197,佳必琪,28,7,21,中國信託-忠孝,2024-03-08,6162
1609,大亞,36,15,21,中國信託-忠孝,2024-03-08,6162
2881,富邦金,26,5,21,中國信託-忠孝,2024-03-08,6162
2349,錸德,20,0,20,中國信託-忠孝,2024-03-08,6162
2511,太子,20,0,20,中國信託-忠孝,2024-03-08,6162
2317,鴻海,34,14,20,中國信託-忠孝,2024-03-08,6162
3540,曜越,38,20,18,中國信託-忠孝,2024-03-08,6162
5347,世界,20,3,17,中國信託-忠孝,2024-03-08,6162
1532,勤美,22,5,17,中國信託-忠孝,2024-03-08,6162
1445,大宇,17,0,17,中國信託-忠孝,2024-03-08,6162
3689,湧德,29,12,17,中國信託-忠孝,2024-03-08,6162
3231,緯創,965,332,633,中國信託-忠孝,2024-03-11,6162
2867,三商壽,505,0,505,中國信託-忠孝,2024-03-11,6162
00919,群益台灣精選高息,588,135,453,中國信託-忠孝,2024-03-11,6162
3163,波若威,233,31,202,中國信託-忠孝,2024-03-11,6162
00753L,中信中國50正2,200,42,158,中國信託-忠孝,2024-03-11,6162
2344,華邦電,139,2,137,中國信託-忠孝,2024-03-11,6162
9945,潤泰新,127,1,126,中國信託-忠孝,2024-03-11,6162
00918,大華優利高填息30,113,0,113,中國信託-忠孝,2024-03-11,6162
00687B,國泰20年美債,110,4,106,中國信託-忠孝,2024-03-11,6162
2881,富邦金,86,1,85,中國信託-忠孝,2024-03-11,6162
2025,千興,100,21,79,中國信託-忠孝,2024-03-11,6162
00937B,群益ESG投等債20,103,24,79,中國信託-忠孝,2024-03-11,6162
2442,新美齊,75,0,75,中國信託-忠孝,2024-03-11,6162
2851,中再保,107,35,72,中國信託-忠孝,2024-03-11,6162
3083,網龍,87,18,69,中國信託-忠孝,2024-03-11,6162
00795B,中信美國公債20年,54,0,54,中國信託-忠孝,2024-03-11,6162
6188,廣明,51,0,51,中國信託-忠孝,2024-03-11,6162
2330,台積電,56,6,50,中國信託-忠孝,2024-03-11,6162
2610,華航,61,13,48,中國信託-忠孝,2024-03-11,6162
00751B,元大AAA至A公司債,48,0,48,中國信託-忠孝,2024-03-11,6162
2916,滿心,45,2,43,中國信託-忠孝,2024-03-11,6162
2062,橋椿,41,0,41,中國信託-忠孝,2024-03-11,6162
00632R,元大台灣50反1,44,5,39,中國信託-忠孝,2024-03-11,6162
00679B,元大美債20年,57,20,37,中國信託-忠孝,2024-03-11,6162
3564,其陽,39,3,36,中國信託-忠孝,2024-03-11,6162
3706,神達,52,17,35,中國信託-忠孝,2024-03-11,6162
00915,凱基優選高股息30,55,21,34,中國信託-忠孝,2024-03-11,6162
3703,欣陸,37,5,32,中國信託-忠孝,2024-03-11,6162
1314,中石化,30,0,30,中國信託-忠孝,2024-03-11,6162
3264,欣銓,35,6,29,中國信託-忠孝,2024-03-11,6162
00680L,元大美債20正2,29,0,29,中國信託-忠孝,2024-03-11,6162
2367,燿華,92,63,29,中國信託-忠孝,2024-03-11,6162
00929,復華台灣科技優息,171,143,28,中國信託-忠孝,2024-03-11,6162
6120,達運,30,3,27,中國信託-忠孝,2024-03-11,6162
0061,元大寶滬深,24,0,24,中國信託-忠孝,2024-03-11,6162
00830,國泰費城半導體,28,5,23,中國信託-忠孝,2024-03-11,6162
1815,富喬,29,7,22,中國信託-忠孝,2024-03-11,6162
3310,佳穎,21,0,21,中國信託-忠孝,2024-03-11,6162
2332,友訊,20,0,20,中國信託-忠孝,2024-03-11,6162
6425,易發,18,0,18,中國信託-忠孝,2024-03-11,6162
6275,元山,33,15,18,中國信託-忠孝,2024-03-11,6162
5521,工信,17,0,17,中國信託-忠孝,2024-03-11,6162
00857B,永豐20年美公債,16,0,16,中國信託-忠孝,2024-03-11,6162
00757,統一FANG+,16,0,16,中國信託-忠孝,2024-03-11,6162
1712,興農,15,0,15,中國信託-忠孝,2024-03-11,6162
3022,威強電,15,0,15,中國信託-忠孝,2024-03-11,6162
8092,建暐,15,0,15,中國信託-忠孝,2024-03-11,6162
00715L,期街口布蘭特正2,16,2,14,中國信託-忠孝,2024-03-11,6162
00706L,期元大S＆P日圓正2,14,0,14,中國信託-忠孝,2024-03-11,6162
5469,瀚宇博,20,6,14,中國信託-忠孝,2024-03-11,6162
00878,國泰永續高股息,1016,117,899,中國信託-忠孝,2024-03-12,6162
2344,華邦電,448,9,439,中國信託-忠孝,2024-03-12,6162
00631L,元大台灣50正2,250,1,249,中國信託-忠孝,2024-03-12,6162
00919,群益台灣精選高息,339,125,214,中國信託-忠孝,2024-03-12,6162
00857B,永豐20年美公債,178,0,178,中國信託-忠孝,2024-03-12,6162
1582,信錦,163,32,131,中國信託-忠孝,2024-03-12,6162
2882,國泰金,118,9,109,中國信託-忠孝,2024-03-12,6162
00639,富邦深100,100,0,100,中國信託-忠孝,2024-03-12,6162
8064,東捷,102,4,98,中國信託-忠孝,2024-03-12,6162
1808,潤隆,97,5,92,中國信託-忠孝,2024-03-12,6162
00937B,群益ESG投等債20,155,77,78,中國信託-忠孝,2024-03-12,6162
00632R,元大台灣50反1,72,0,72,中國信託-忠孝,2024-03-12,6162
00756B,群益投等新興公債,72,0,72,中國信託-忠孝,2024-03-12,6162
00931B,統一美債20年,64,0,64,中國信託-忠孝,2024-03-12,6162
2317,鴻海,578,514,64,中國信託-忠孝,2024-03-12,6162
2609,陽明,77,19,58,中國信託-忠孝,2024-03-12,6162
3027,盛達,57,0,57,中國信託-忠孝,2024-03-12,6162
00918,大華優利高填息30,114,63,51,中國信託-忠孝,2024-03-12,6162
2880,華南金,50,0,50,中國信託-忠孝,2024-03-12,6162
3339,泰谷,47,0,47,中國信託-忠孝,2024-03-12,6162
2340,台亞,40,0,40,中國信託-忠孝,2024-03-12,6162
00712,復華富時不動產,39,0,39,中國信託-忠孝,2024-03-12,6162
2498,宏達電,40,3,37,中國信託-忠孝,2024-03-12,6162
2887,台新金,36,0,36,中國信託-忠孝,2024-03-12,6162
00679B,元大美債20年,43,8,35,中國信託-忠孝,2024-03-12,6162
2850,新產,36,2,34,中國信託-忠孝,2024-03-12,6162
00720B,元大投資級公司債,34,0,34,中國信託-忠孝,2024-03-12,6162
4971,IET-KY,33,0,33,中國信託-忠孝,2024-03-12,6162
2603,長榮,72,39,33,中國信託-忠孝,2024-03-12,6162
2313,華通,122,90,32,中國信託-忠孝,2024-03-12,6162
3324,雙鴻,39,9,30,中國信託-忠孝,2024-03-12,6162
8096,擎亞,100,70,30,中國信託-忠孝,2024-03-12,6162
1733,五鼎,30,0,30,中國信託-忠孝,2024-03-12,6162
6016,康和證,30,0,30,中國信託-忠孝,2024-03-12,6162
2102,泰豐,29,0,29,中國信託-忠孝,2024-03-12,6162
2409,友達,56,29,27,中國信託-忠孝,2024-03-12,6162
6668,中揚光,26,0,26,中國信託-忠孝,2024-03-12,6162
00935,野村臺灣新科技50,26,0,26,中國信託-忠孝,2024-03-12,6162
2465,麗臺,27,1,26,中國信託-忠孝,2024-03-12,6162
2359,所羅門,28,4,24,中國信託-忠孝,2024-03-12,6162
2367,燿華,104,80,24,中國信託-忠孝,2024-03-12,6162
2352,佳世達,38,15,23,中國信託-忠孝,2024-03-12,6162
2610,華航,37,14,23,中國信託-忠孝,2024-03-12,6162
1618,合機,44,22,22,中國信託-忠孝,2024-03-12,6162
2201,裕隆,37,16,21,中國信託-忠孝,2024-03-12,6162
2371,大同,23,2,21,中國信託-忠孝,2024-03-12,6162
00933B,國泰10Y+金融債,39,18,21,中國信託-忠孝,2024-03-12,6162
1519,華城,28,7,21,中國信託-忠孝,2024-03-12,6162
2062,橋椿,20,0,20,中國信託-忠孝,2024-03-12,6162
2905,三商,20,0,20,中國信託-忠孝,2024-03-12,6162
00919,群益台灣精選高息,527,112,415,中國信託-忠孝,2024-03-13,6162
3481,群創,343,18,325,中國信託-忠孝,2024-03-13,6162
2883,凱基金,342,95,247,中國信託-忠孝,2024-03-13,6162
00637L,元大滬深300正2,173,12,161,中國信託-忠孝,2024-03-13,6162
9907,統一實,161,1,160,中國信託-忠孝,2024-03-13,6162
00680L,元大美債20正2,148,4,144,中國信託-忠孝,2024-03-13,6162
2442,新美齊,139,0,139,中國信託-忠孝,2024-03-13,6162
00679B,元大美債20年,128,25,103,中國信託-忠孝,2024-03-13,6162
1326,台化,101,0,101,中國信託-忠孝,2024-03-13,6162
5508,永信建,100,0,100,中國信託-忠孝,2024-03-13,6162
2882,國泰金,119,20,99,中國信託-忠孝,2024-03-13,6162
3014,聯陽,102,7,95,中國信託-忠孝,2024-03-13,6162
00933B,國泰10Y+金融債,80,0,80,中國信託-忠孝,2024-03-13,6162
00937B,群益ESG投等債20,78,3,75,中國信託-忠孝,2024-03-13,6162
2504,國產,85,11,74,中國信託-忠孝,2024-03-13,6162
6438,迅得,70,2,68,中國信託-忠孝,2024-03-13,6162
2331,精英,67,1,66,中國信託-忠孝,2024-03-13,6162
2603,長榮,107,43,64,中國信託-忠孝,2024-03-13,6162
6770,力積電,58,3,55,中國信託-忠孝,2024-03-13,6162
2618,長榮航,68,14,54,中國信託-忠孝,2024-03-13,6162
2615,萬海,256,203,53,中國信託-忠孝,2024-03-13,6162
2344,華邦電,53,0,53,中國信託-忠孝,2024-03-13,6162
2548,華固,50,1,49,中國信託-忠孝,2024-03-13,6162
00857B,永豐20年美公債,48,0,48,中國信託-忠孝,2024-03-13,6162
1609,大亞,47,7,40,中國信託-忠孝,2024-03-13,6162
6217,中探針,44,4,40,中國信託-忠孝,2024-03-13,6162
2464,盟立,48,9,39,中國信託-忠孝,2024-03-13,6162
9933,中鼎,47,8,39,中國信託-忠孝,2024-03-13,6162
6596,寬宏藝術,44,5,39,中國信託-忠孝,2024-03-13,6162
00751B,元大AAA至A公司債,53,15,38,中國信託-忠孝,2024-03-13,6162
2887,台新金,42,5,37,中國信託-忠孝,2024-03-13,6162
2332,友訊,35,0,35,中國信託-忠孝,2024-03-13,6162
2323,中環,35,1,34,中國信託-忠孝,2024-03-13,6162
4720,德淵,34,0,34,中國信託-忠孝,2024-03-13,6162
6026,福邦證,33,0,33,中國信託-忠孝,2024-03-13,6162
5234,達興材料,37,4,33,中國信託-忠孝,2024-03-13,6162
2530,華建,33,0,33,中國信託-忠孝,2024-03-13,6162
9935,慶豐富,32,0,32,中國信託-忠孝,2024-03-13,6162
00720B,元大投資級公司債,48,20,28,中國信託-忠孝,2024-03-13,6162
2009,第一銅,29,1,28,中國信託-忠孝,2024-03-13,6162
2610,華航,30,3,27,中國信託-忠孝,2024-03-13,6162
3083,網龍,28,1,27,中國信託-忠孝,2024-03-13,6162
1219,福壽,26,0,26,中國信託-忠孝,2024-03-13,6162
8089,康全電訊,31,5,26,中國信託-忠孝,2024-03-13,6162
2609,陽明,39,15,24,中國信託-忠孝,2024-03-13,6162
6117,迎廣,93,69,24,中國信託-忠孝,2024-03-13,6162
3050,鈺德,27,3,24,中國信託-忠孝,2024-03-13,6162
1582,信錦,26,3,23,中國信託-忠孝,2024-03-13,6162
2498,宏達電,23,0,23,中國信託-忠孝,2024-03-13,6162
2385,群光,44,22,22,中國信託-忠孝,2024-03-13,6162
00919,群益台灣精選高息,1525,501,1024,中國信託-忠孝,2024-03-14,6162
2883,凱基金,2937,2071,866,中國信託-忠孝,2024-03-14,6162
9945,潤泰新,281,1,280,中國信託-忠孝,2024-03-14,6162
00918,大華優利高填息30,327,76,251,中國信託-忠孝,2024-03-14,6162
00915,凱基優選高股息30,276,43,233,中國信託-忠孝,2024-03-14,6162
2615,萬海,158,12,146,中國信託-忠孝,2024-03-14,6162
00878,國泰永續高股息,148,51,97,中國信託-忠孝,2024-03-14,6162
5439,高技,92,1,91,中國信託-忠孝,2024-03-14,6162
8097,常珵,90,0,90,中國信託-忠孝,2024-03-14,6162
3050,鈺德,84,0,84,中國信託-忠孝,2024-03-14,6162
00679B,元大美債20年,129,55,74,中國信託-忠孝,2024-03-14,6162
00937B,群益ESG投等債20,112,49,63,中國信託-忠孝,2024-03-14,6162
6438,迅得,63,0,63,中國信託-忠孝,2024-03-14,6162
9933,中鼎,108,47,61,中國信託-忠孝,2024-03-14,6162
00665L,富邦�琤肭磪囓�2,60,0,60,中國信託-忠孝,2024-03-14,6162
00687B,國泰20年美債,80,22,58,中國信託-忠孝,2024-03-14,6162
2618,長榮航,76,20,56,中國信託-忠孝,2024-03-14,6162
3017,奇鋐,61,8,53,中國信託-忠孝,2024-03-14,6162
3339,泰谷,51,0,51,中國信託-忠孝,2024-03-14,6162
0056,元大高股息,53,7,46,中國信託-忠孝,2024-03-14,6162
2609,陽明,54,9,45,中國信託-忠孝,2024-03-14,6162
2539,櫻花建,42,0,42,中國信託-忠孝,2024-03-14,6162
00751B,元大AAA至A公司債,42,1,41,中國信託-忠孝,2024-03-14,6162
2855,統一證,40,0,40,中國信託-忠孝,2024-03-14,6162
00676R,富邦臺灣加權反1,40,0,40,中國信託-忠孝,2024-03-14,6162
1808,潤隆,40,0,40,中國信託-忠孝,2024-03-14,6162
2530,華建,40,0,40,中國信託-忠孝,2024-03-14,6162
2442,新美齊,37,0,37,中國信託-忠孝,2024-03-14,6162
3481,群創,65,29,36,中國信託-忠孝,2024-03-14,6162
6016,康和證,35,1,34,中國信託-忠孝,2024-03-14,6162
1734,杏輝,34,0,34,中國信託-忠孝,2024-03-14,6162
00857B,永豐20年美公債,33,0,33,中國信託-忠孝,2024-03-14,6162
2883B,凱基金乙特,50,20,30,中國信託-忠孝,2024-03-14,6162
6026,福邦證,30,0,30,中國信託-忠孝,2024-03-14,6162
6235,華孚,77,47,30,中國信託-忠孝,2024-03-14,6162
6005,群益證,29,1,28,中國信託-忠孝,2024-03-14,6162
6290,良維,30,3,27,中國信託-忠孝,2024-03-14,6162
3005,神基,41,14,27,中國信託-忠孝,2024-03-14,6162
1513,中興電,76,50,26,中國信託-忠孝,2024-03-14,6162
1608,華榮,31,6,25,中國信託-忠孝,2024-03-14,6162
2382,廣達,26,2,24,中國信託-忠孝,2024-03-14,6162
1409,新纖,24,1,23,中國信託-忠孝,2024-03-14,6162
6182,合晶,23,0,23,中國信託-忠孝,2024-03-14,6162
2890,永豐金,26,3,23,中國信託-忠孝,2024-03-14,6162
2611,志信,25,3,22,中國信託-忠孝,2024-03-14,6162
00795B,中信美國公債20年,22,0,22,中國信託-忠孝,2024-03-14,6162
3324,雙鴻,34,13,21,中國信託-忠孝,2024-03-14,6162
00673R,期元大S＆P原油反1,21,0,21,中國信託-忠孝,2024-03-14,6162
00706L,期元大S＆P日圓正2,20,0,20,中國信託-忠孝,2024-03-14,6162
2701,萬企,20,0,20,中國信託-忠孝,2024-03-14,6162
2834,臺企銀,1365,9,1356,中國信託-忠孝,2024-03-15,6162
2317,鴻海,1652,749,903,中國信託-忠孝,2024-03-15,6162
00919,群益台灣精選高息,619,179,440,中國信託-忠孝,2024-03-15,6162
2880,華南金,343,16,327,中國信託-忠孝,2024-03-15,6162
00753L,中信中國50正2,204,0,204,中國信託-忠孝,2024-03-15,6162
2883,凱基金,415,244,171,中國信託-忠孝,2024-03-15,6162
00918,大華優利高填息30,204,33,171,中國信託-忠孝,2024-03-15,6162
00937B,群益ESG投等債20,254,84,170,中國信託-忠孝,2024-03-15,6162
00688L,國泰20年美債正2,183,20,163,中國信託-忠孝,2024-03-15,6162
00679B,元大美債20年,158,15,143,中國信託-忠孝,2024-03-15,6162
00680L,元大美債20正2,170,30,140,中國信託-忠孝,2024-03-15,6162
00687B,國泰20年美債,143,3,140,中國信託-忠孝,2024-03-15,6162
00665L,富邦�琤肭磪囓�2,107,0,107,中國信託-忠孝,2024-03-15,6162
2603,長榮,159,69,90,中國信託-忠孝,2024-03-15,6162
3050,鈺德,74,0,74,中國信託-忠孝,2024-03-15,6162
9945,潤泰新,114,41,73,中國信託-忠孝,2024-03-15,6162
1734,杏輝,78,5,73,中國信託-忠孝,2024-03-15,6162
00795B,中信美國公債20年,80,9,71,中國信託-忠孝,2024-03-15,6162
00915,凱基優選高股息30,91,21,70,中國信託-忠孝,2024-03-15,6162
2610,華航,75,11,64,中國信託-忠孝,2024-03-15,6162
2609,陽明,82,22,60,中國信託-忠孝,2024-03-15,6162
2330,台積電,54,2,52,中國信託-忠孝,2024-03-15,6162
2618,長榮航,93,42,51,中國信託-忠孝,2024-03-15,6162
3645,達邁,50,0,50,中國信託-忠孝,2024-03-15,6162
00933B,國泰10Y+金融債,51,6,45,中國信託-忠孝,2024-03-15,6162
1532,勤美,56,13,43,中國信託-忠孝,2024-03-15,6162
00632R,元大台灣50反1,51,11,40,中國信託-忠孝,2024-03-15,6162
2102,泰豐,33,0,33,中國信託-忠孝,2024-03-15,6162
00751B,元大AAA至A公司債,37,6,31,中國信託-忠孝,2024-03-15,6162
00857B,永豐20年美公債,30,0,30,中國信託-忠孝,2024-03-15,6162
5498,凱崴,50,20,30,中國信託-忠孝,2024-03-15,6162
2405,輔信,28,0,28,中國信託-忠孝,2024-03-15,6162
2406,國碩,28,0,28,中國信託-忠孝,2024-03-15,6162
2377,微星,29,2,27,中國信託-忠孝,2024-03-15,6162
3312,弘憶股,57,30,27,中國信託-忠孝,2024-03-15,6162
00720B,元大投資級公司債,26,0,26,中國信託-忠孝,2024-03-15,6162
5439,高技,36,11,25,中國信託-忠孝,2024-03-15,6162
1210,大成,39,15,24,中國信託-忠孝,2024-03-15,6162
2367,燿華,46,22,24,中國信託-忠孝,2024-03-15,6162
2002,中鋼,23,0,23,中國信託-忠孝,2024-03-15,6162
1605,華新,38,15,23,中國信託-忠孝,2024-03-15,6162
2009,第一銅,24,2,22,中國信託-忠孝,2024-03-15,6162
00673R,期元大S＆P原油反1,52,30,22,中國信託-忠孝,2024-03-15,6162
6182,合晶,24,3,21,中國信託-忠孝,2024-03-15,6162
2867,三商壽,21,0,21,中國信託-忠孝,2024-03-15,6162
3034,聯詠,22,1,21,中國信託-忠孝,2024-03-15,6162
00882,中信中國高股息,22,2,20,中國信託-忠孝,2024-03-15,6162
2542,興富發,21,1,20,中國信託-忠孝,2024-03-15,6162
2313,華通,21,1,20,中國信託-忠孝,2024-03-15,6162
6530,創威,19,0,19,中國信託-忠孝,2024-03-15,6162
2317,鴻海,624,163,461,中國信託-忠孝,2024-03-18,6162
00687B,國泰20年美債,406,81,325,中國信託-忠孝,2024-03-18,6162
00650L,復華香港正2,300,5,295,中國信託-忠孝,2024-03-18,6162
3231,緯創,323,74,249,中國信託-忠孝,2024-03-18,6162
2880,華南金,204,7,197,中國信託-忠孝,2024-03-18,6162
9945,潤泰新,115,0,115,中國信託-忠孝,2024-03-18,6162
00680L,元大美債20正2,105,0,105,中國信託-忠孝,2024-03-18,6162
2486,一詮,294,194,100,中國信託-忠孝,2024-03-18,6162
2353,宏��,102,4,98,中國信託-忠孝,2024-03-18,6162
00937B,群益ESG投等債20,126,30,96,中國信託-忠孝,2024-03-18,6162
00679B,元大美債20年,107,15,92,中國信託-忠孝,2024-03-18,6162
00720B,元大投資級公司債,88,0,88,中國信託-忠孝,2024-03-18,6162
4114,健喬,80,0,80,中國信託-忠孝,2024-03-18,6162
00918,大華優利高填息30,79,0,79,中國信託-忠孝,2024-03-18,6162
00933B,國泰10Y+金融債,88,18,70,中國信託-忠孝,2024-03-18,6162
00857B,永豐20年美公債,67,0,67,中國信託-忠孝,2024-03-18,6162
2344,華邦電,65,1,64,中國信託-忠孝,2024-03-18,6162
3050,鈺德,53,0,53,中國信託-忠孝,2024-03-18,6162
00881,國泰台灣5G+,51,6,45,中國信託-忠孝,2024-03-18,6162
6275,元山,70,29,41,中國信託-忠孝,2024-03-18,6162
00795B,中信美國公債20年,37,0,37,中國信託-忠孝,2024-03-18,6162
00751B,元大AAA至A公司債,37,0,37,中國信託-忠孝,2024-03-18,6162
2867,三商壽,36,0,36,中國信託-忠孝,2024-03-18,6162
2367,燿華,79,44,35,中國信託-忠孝,2024-03-18,6162
00900,富邦特選高股息30,42,7,35,中國信託-忠孝,2024-03-18,6162
00673R,期元大S＆P原油反1,33,0,33,中國信託-忠孝,2024-03-18,6162
00706L,期元大S＆P日圓正2,31,0,31,中國信託-忠孝,2024-03-18,6162
2329,華泰,99,69,30,中國信託-忠孝,2024-03-18,6162
2610,華航,36,8,28,中國信託-忠孝,2024-03-18,6162
2885,元大金,28,0,28,中國信託-忠孝,2024-03-18,6162
4113,聯上,27,0,27,中國信託-忠孝,2024-03-18,6162
3083,網龍,28,1,27,中國信託-忠孝,2024-03-18,6162
1529,樂事綠能,30,4,26,中國信託-忠孝,2024-03-18,6162
3594,磐儀,25,0,25,中國信託-忠孝,2024-03-18,6162
1301,台塑,35,12,23,中國信託-忠孝,2024-03-18,6162
2618,長榮航,27,4,23,中國信託-忠孝,2024-03-18,6162
2409,友達,22,0,22,中國信託-忠孝,2024-03-18,6162
2382,廣達,30,8,22,中國信託-忠孝,2024-03-18,6162
6596,寬宏藝術,21,0,21,中國信託-忠孝,2024-03-18,6162
4714,永捷,40,19,21,中國信託-忠孝,2024-03-18,6162
2069,運錩,20,0,20,中國信託-忠孝,2024-03-18,6162
2888,新光金,39,19,20,中國信託-忠孝,2024-03-18,6162
00878,國泰永續高股息,70,52,18,中國信託-忠孝,2024-03-18,6162
2884,玉山金,27,9,18,中國信託-忠孝,2024-03-18,6162
2208,台船,35,18,17,中國信託-忠孝,2024-03-18,6162
4414,如興,17,0,17,中國信託-忠孝,2024-03-18,6162
3406,玉晶光,17,0,17,中國信託-忠孝,2024-03-18,6162
3017,奇鋐,33,16,17,中國信託-忠孝,2024-03-18,6162
2371,大同,16,0,16,中國信託-忠孝,2024-03-18,6162
2348,海悅,17,1,16,中國信託-忠孝,2024-03-18,6162
3481,群創,803,16,787,中國信託-忠孝,2024-03-19,6162
00706L,期元大S＆P日圓正2,493,0,493,中國信託-忠孝,2024-03-19,6162
2888,新光金,432,16,416,中國信託-忠孝,2024-03-19,6162
00937B,群益ESG投等債20,347,10,337,中國信託-忠孝,2024-03-19,6162
00919,群益台灣精選高息,264,30,234,中國信託-忠孝,2024-03-19,6162
00857B,永豐20年美公債,187,0,187,中國信託-忠孝,2024-03-19,6162
00687B,國泰20年美債,260,80,180,中國信託-忠孝,2024-03-19,6162
00751B,元大AAA至A公司債,162,5,157,中國信託-忠孝,2024-03-19,6162
00665L,富邦�琤肭磪囓�2,99,0,99,中國信託-忠孝,2024-03-19,6162
00720B,元大投資級公司債,98,2,96,中國信託-忠孝,2024-03-19,6162
2880,華南金,100,6,94,中國信託-忠孝,2024-03-19,6162
9933,中鼎,80,0,80,中國信託-忠孝,2024-03-19,6162
1815,富喬,71,0,71,中國信託-忠孝,2024-03-19,6162
00934,中信成長高股息,129,67,62,中國信託-忠孝,2024-03-19,6162
3312,弘憶股,91,35,56,中國信託-忠孝,2024-03-19,6162
00680L,元大美債20正2,56,0,56,中國信託-忠孝,2024-03-19,6162
3583,辛耘,56,1,55,中國信託-忠孝,2024-03-19,6162
2367,燿華,89,38,51,中國信託-忠孝,2024-03-19,6162
2344,華邦電,50,0,50,中國信託-忠孝,2024-03-19,6162
8064,東捷,54,6,48,中國信託-忠孝,2024-03-19,6162
2419,仲琦,50,2,48,中國信託-忠孝,2024-03-19,6162
00929,復華台灣科技優息,251,204,47,中國信託-忠孝,2024-03-19,6162
3024,憶聲,39,0,39,中國信託-忠孝,2024-03-19,6162
2348,海悅,37,0,37,中國信託-忠孝,2024-03-19,6162
3324,雙鴻,48,12,36,中國信託-忠孝,2024-03-19,6162
00936,台新永續高息中小,34,2,32,中國信託-忠孝,2024-03-19,6162
2887,台新金,32,2,30,中國信託-忠孝,2024-03-19,6162
00679B,元大美債20年,31,1,30,中國信託-忠孝,2024-03-19,6162
3083,網龍,30,0,30,中國信託-忠孝,2024-03-19,6162
6278,台表科,29,3,26,中國信託-忠孝,2024-03-19,6162
6126,信音,42,17,25,中國信託-忠孝,2024-03-19,6162
4938,和碩,91,67,24,中國信託-忠孝,2024-03-19,6162
2436,偉詮電,24,0,24,中國信託-忠孝,2024-03-19,6162
3713,新晶投控,24,0,24,中國信託-忠孝,2024-03-19,6162
00891,中信關鍵半導體,26,2,24,中國信託-忠孝,2024-03-19,6162
5548,安倉,23,0,23,中國信託-忠孝,2024-03-19,6162
2845,遠東銀,23,0,23,中國信託-忠孝,2024-03-19,6162
2464,盟立,38,17,21,中國信託-忠孝,2024-03-19,6162
1101,台泥,27,6,21,中國信託-忠孝,2024-03-19,6162
4114,健喬,20,0,20,中國信託-忠孝,2024-03-19,6162
8070,長華*,22,3,19,中國信託-忠孝,2024-03-19,6162
00935,野村臺灣新科技50,18,0,18,中國信託-忠孝,2024-03-19,6162
2031,新光鋼,24,7,17,中國信託-忠孝,2024-03-19,6162
2618,長榮航,36,20,16,中國信託-忠孝,2024-03-19,6162
00795B,中信美國公債20年,16,0,16,中國信託-忠孝,2024-03-19,6162
00712,復華富時不動產,16,0,16,中國信託-忠孝,2024-03-19,6162
1303,南亞,16,1,15,中國信託-忠孝,2024-03-19,6162
2371,大同,20,5,15,中國信託-忠孝,2024-03-19,6162
6414,樺漢,24,9,15,中國信託-忠孝,2024-03-19,6162
1210,大成,15,1,14,中國信託-忠孝,2024-03-19,6162
00939,統一台灣高息動能,1036,39,997,中國信託-忠孝,2024-03-20,6162
00753L,中信中國50正2,501,26,475,中國信託-忠孝,2024-03-20,6162
00720B,元大投資級公司債,327,9,318,中國信託-忠孝,2024-03-20,6162
00919,群益台灣精選高息,1167,891,276,中國信託-忠孝,2024-03-20,6162
3037,欣興,221,98,123,中國信託-忠孝,2024-03-20,6162
2501,國建,118,0,118,中國信託-忠孝,2024-03-20,6162
00915,凱基優選高股息30,208,100,108,中國信託-忠孝,2024-03-20,6162
00937B,群益ESG投等債20,135,30,105,中國信託-忠孝,2024-03-20,6162
00679B,元大美債20年,101,2,99,中國信託-忠孝,2024-03-20,6162
00830,國泰費城半導體,87,0,87,中國信託-忠孝,2024-03-20,6162
5483,中美晶,97,10,87,中國信託-忠孝,2024-03-20,6162
00929,復華台灣科技優息,364,283,81,中國信託-忠孝,2024-03-20,6162
2344,華邦電,95,19,76,中國信託-忠孝,2024-03-20,6162
2356,英業達,83,13,70,中國信託-忠孝,2024-03-20,6162
2374,佳能,67,1,66,中國信託-忠孝,2024-03-20,6162
00751B,元大AAA至A公司債,64,6,58,中國信託-忠孝,2024-03-20,6162
6605,帝寶,84,26,58,中國信託-忠孝,2024-03-20,6162
9933,中鼎,60,7,53,中國信託-忠孝,2024-03-20,6162
2515,中工,55,3,52,中國信託-忠孝,2024-03-20,6162
4720,德淵,50,0,50,中國信託-忠孝,2024-03-20,6162
00934,中信成長高股息,51,3,48,中國信託-忠孝,2024-03-20,6162
2845,遠東銀,45,0,45,中國信託-忠孝,2024-03-20,6162
2316,楠梓電,48,5,43,中國信託-忠孝,2024-03-20,6162
1455,集盛,41,0,41,中國信託-忠孝,2024-03-20,6162
00673R,期元大S＆P原油反1,40,0,40,中國信託-忠孝,2024-03-20,6162
3056,富華新,38,0,38,中國信託-忠孝,2024-03-20,6162
4938,和碩,154,117,37,中國信託-忠孝,2024-03-20,6162
00941,中信上游半導體,59,23,36,中國信託-忠孝,2024-03-20,6162
2605,新興,35,0,35,中國信託-忠孝,2024-03-20,6162
00927,群益半導體收益,41,7,34,中國信託-忠孝,2024-03-20,6162
2618,長榮航,37,3,34,中國信託-忠孝,2024-03-20,6162
8028,昇陽半導體,38,6,32,中國信託-忠孝,2024-03-20,6162
2489,瑞軒,31,0,31,中國信託-忠孝,2024-03-20,6162
6689,伊雲谷,30,0,30,中國信託-忠孝,2024-03-20,6162
3083,網龍,34,4,30,中國信託-忠孝,2024-03-20,6162
6234,高僑,38,8,30,中國信託-忠孝,2024-03-20,6162
00632R,元大台灣50反1,29,0,29,中國信託-忠孝,2024-03-20,6162
2376,技嘉,39,10,29,中國信託-忠孝,2024-03-20,6162
00936,台新永續高息中小,30,2,28,中國信託-忠孝,2024-03-20,6162
2382,廣達,45,17,28,中國信託-忠孝,2024-03-20,6162
00857B,永豐20年美公債,27,0,27,中國信託-忠孝,2024-03-20,6162
6414,樺漢,44,17,27,中國信託-忠孝,2024-03-20,6162
2442,新美齊,27,0,27,中國信託-忠孝,2024-03-20,6162
2897,王道銀行,27,2,25,中國信託-忠孝,2024-03-20,6162
00712,復華富時不動產,25,1,24,中國信託-忠孝,2024-03-20,6162
2313,華通,43,19,24,中國信託-忠孝,2024-03-20,6162
6668,中揚光,29,5,24,中國信託-忠孝,2024-03-20,6162
2891,中信金,57,33,24,中國信託-忠孝,2024-03-20,6162
2603,長榮,89,66,23,中國信託-忠孝,2024-03-20,6162
2465,麗臺,28,5,23,中國信託-忠孝,2024-03-20,6162
00939,統一台灣高息動能,416,51,365,中國信託-忠孝,2024-03-21,6162
00632R,元大台灣50反1,315,66,249,中國信託-忠孝,2024-03-21,6162
00687B,國泰20年美債,170,0,170,中國信託-忠孝,2024-03-21,6162
00937B,群益ESG投等債20,173,10,163,中國信託-忠孝,2024-03-21,6162
3706,神達,378,250,128,中國信託-忠孝,2024-03-21,6162
00720B,元大投資級公司債,126,0,126,中國信託-忠孝,2024-03-21,6162
2353,宏��,216,104,112,中國信託-忠孝,2024-03-21,6162
2615,萬海,103,1,102,中國信託-忠孝,2024-03-21,6162
00679B,元大美債20年,87,2,85,中國信託-忠孝,2024-03-21,6162
1734,杏輝,72,0,72,中國信託-忠孝,2024-03-21,6162
1605,華新,72,2,70,中國信託-忠孝,2024-03-21,6162
00795B,中信美國公債20年,65,0,65,中國信託-忠孝,2024-03-21,6162
2486,一詮,301,237,64,中國信託-忠孝,2024-03-21,6162
00929,復華台灣科技優息,143,79,64,中國信託-忠孝,2024-03-21,6162
00751B,元大AAA至A公司債,62,0,62,中國信託-忠孝,2024-03-21,6162
1504,東元,98,38,60,中國信託-忠孝,2024-03-21,6162
00933B,國泰10Y+金融債,74,20,54,中國信託-忠孝,2024-03-21,6162
2724,藝舍-KY,51,0,51,中國信託-忠孝,2024-03-21,6162
3265,台星科,50,0,50,中國信託-忠孝,2024-03-21,6162
2637,慧洋-KY,42,0,42,中國信託-忠孝,2024-03-21,6162
9933,中鼎,43,1,42,中國信託-忠孝,2024-03-21,6162
00881,國泰台灣5G+,59,22,37,中國信託-忠孝,2024-03-21,6162
6188,廣明,102,67,35,中國信託-忠孝,2024-03-21,6162
2605,新興,35,0,35,中國信託-忠孝,2024-03-21,6162
2206,三陽工業,46,11,35,中國信託-忠孝,2024-03-21,6162
00830,國泰費城半導體,34,0,34,中國信託-忠孝,2024-03-21,6162
3083,網龍,50,17,33,中國信託-忠孝,2024-03-21,6162
3050,鈺德,32,0,32,中國信託-忠孝,2024-03-21,6162
1524,耿鼎,31,0,31,中國信託-忠孝,2024-03-21,6162
3532,台勝科,31,0,31,中國信託-忠孝,2024-03-21,6162
2612,中航,30,0,30,中國信託-忠孝,2024-03-21,6162
8112,至上,114,85,29,中國信託-忠孝,2024-03-21,6162
3322,建舜電,30,3,27,中國信託-忠孝,2024-03-21,6162
00941,中信上游半導體,52,26,26,中國信託-忠孝,2024-03-21,6162
4960,誠美材,28,2,26,中國信託-忠孝,2024-03-21,6162
2834,臺企銀,26,1,25,中國信託-忠孝,2024-03-21,6162
00857B,永豐20年美公債,35,10,25,中國信託-忠孝,2024-03-21,6162
2376,技嘉,82,57,25,中國信託-忠孝,2024-03-21,6162
00931B,統一美債20年,25,1,24,中國信託-忠孝,2024-03-21,6162
2548,華固,40,16,24,中國信託-忠孝,2024-03-21,6162
5381,合正,27,3,24,中國信託-忠孝,2024-03-21,6162
1808,潤隆,22,1,21,中國信託-忠孝,2024-03-21,6162
2515,中工,24,5,19,中國信託-忠孝,2024-03-21,6162
2610,華航,20,1,19,中國信託-忠孝,2024-03-21,6162
5388,中磊,21,3,18,中國信託-忠孝,2024-03-21,6162
00725B,國泰投資級公司債,16,0,16,中國信託-忠孝,2024-03-21,6162
8473,山林水,24,8,16,中國信託-忠孝,2024-03-21,6162
2369,菱生,21,6,15,中國信託-忠孝,2024-03-21,6162
4303,信立,15,0,15,中國信託-忠孝,2024-03-21,6162
2314,台揚,15,0,15,中國信託-忠孝,2024-03-21,6162
00688L,國泰20年美債正2,315,15,300,中國信託-忠孝,2024-03-22,6162
00937B,群益ESG投等債20,271,2,269,中國信託-忠孝,2024-03-22,6162
3231,緯創,354,91,263,中國信託-忠孝,2024-03-22,6162
2367,燿華,255,12,243,中國信託-忠孝,2024-03-22,6162
00753L,中信中國50正2,184,0,184,中國信託-忠孝,2024-03-22,6162
1445,大宇,150,0,150,中國信託-忠孝,2024-03-22,6162
2486,一詮,322,178,144,中國信託-忠孝,2024-03-22,6162
00665L,富邦�琤肭磪囓�2,155,14,141,中國信託-忠孝,2024-03-22,6162
00939,統一台灣高息動能,232,92,140,中國信託-忠孝,2024-03-22,6162
00881,國泰台灣5G+,128,14,114,中國信託-忠孝,2024-03-22,6162
00941,中信上游半導體,149,38,111,中國信託-忠孝,2024-03-22,6162
00679B,元大美債20年,103,0,103,中國信託-忠孝,2024-03-22,6162
00687B,國泰20年美債,127,26,101,中國信託-忠孝,2024-03-22,6162
2889,國票金,100,0,100,中國信託-忠孝,2024-03-22,6162
00637L,元大滬深300正2,240,151,89,中國信託-忠孝,2024-03-22,6162
2501,國建,76,0,76,中國信託-忠孝,2024-03-22,6162
6901,鑽石投資,52,0,52,中國信託-忠孝,2024-03-22,6162
6121,新普,53,2,51,中國信託-忠孝,2024-03-22,6162
5371,中光電,52,5,47,中國信託-忠孝,2024-03-22,6162
3049,精金,46,0,46,中國信託-忠孝,2024-03-22,6162
2809,京城銀,50,6,44,中國信託-忠孝,2024-03-22,6162
1529,樂事綠能,42,0,42,中國信託-忠孝,2024-03-22,6162
2376,技嘉,111,74,37,中國信託-忠孝,2024-03-22,6162
6223,旺矽,41,4,37,中國信託-忠孝,2024-03-22,6162
00632R,元大台灣50反1,150,115,35,中國信託-忠孝,2024-03-22,6162
3047,訊舟,34,1,33,中國信託-忠孝,2024-03-22,6162
00706L,期元大S＆P日圓正2,29,0,29,中國信託-忠孝,2024-03-22,6162
3056,富華新,27,0,27,中國信託-忠孝,2024-03-22,6162
6189,豐藝,48,22,26,中國信託-忠孝,2024-03-22,6162
2301,光寶科,109,82,27,中國信託-忠孝,2024-03-22,6162
2371,大同,42,16,26,中國信託-忠孝,2024-03-22,6162
6538,倉和,28,2,26,中國信託-忠孝,2024-03-22,6162
4207,環泰,25,0,25,中國信託-忠孝,2024-03-22,6162
00770,國泰北美科技,23,0,23,中國信託-忠孝,2024-03-22,6162
8473,山林水,36,13,23,中國信託-忠孝,2024-03-22,6162
6443,元晶,139,116,23,中國信託-忠孝,2024-03-22,6162
00715L,期街口布蘭特正2,31,10,21,中國信託-忠孝,2024-03-22,6162
00795B,中信美國公債20年,34,14,20,中國信託-忠孝,2024-03-22,6162
3665,貿聯-KY,20,0,20,中國信託-忠孝,2024-03-22,6162
3623,富晶通,20,0,20,中國信託-忠孝,2024-03-22,6162
3296,勝德,20,0,20,中國信託-忠孝,2024-03-22,6162
00902,中信電池及儲能,20,0,20,中國信託-忠孝,2024-03-22,6162
6166,凌華,20,0,20,中國信託-忠孝,2024-03-22,6162
00655L,國泰中國A50正2,19,0,19,中國信託-忠孝,2024-03-22,6162
00720B,元大投資級公司債,30,11,19,中國信託-忠孝,2024-03-22,6162
2891,中信金,59,41,18,中國信託-忠孝,2024-03-22,6162
6146,耕興,18,0,18,中國信託-忠孝,2024-03-22,6162
00891,中信關鍵半導體,16,0,16,中國信託-忠孝,2024-03-22,6162
00935,野村臺灣新科技50,16,0,16,中國信託-忠孝,2024-03-22,6162
3022,威強電,16,0,16,中國信託-忠孝,2024-03-22,6162
3231,緯創,1073,157,916,中國信託-忠孝,2024-03-25,6162
00706L,期元大S＆P日圓正2,405,0,405,中國信託-忠孝,2024-03-25,6162
2353,宏��,351,12,339,中國信託-忠孝,2024-03-25,6162
00688L,國泰20年美債正2,406,250,156,中國信託-忠孝,2024-03-25,6162
00937B,群益ESG投等債20,214,73,141,中國信託-忠孝,2024-03-25,6162
1609,大亞,274,135,139,中國信託-忠孝,2024-03-25,6162
00680L,元大美債20正2,137,11,126,中國信託-忠孝,2024-03-25,6162
2317,鴻海,212,89,123,中國信託-忠孝,2024-03-25,6162
00919,群益台灣精選高息,243,127,116,中國信託-忠孝,2024-03-25,6162
2501,國建,115,2,113,中國信託-忠孝,2024-03-25,6162
6806,森崴能源,132,22,110,中國信託-忠孝,2024-03-25,6162
2489,瑞軒,88,2,86,中國信託-忠孝,2024-03-25,6162
00939,統一台灣高息動能,173,96,77,中國信託-忠孝,2024-03-25,6162
3312,弘憶股,70,3,67,中國信託-忠孝,2024-03-25,6162
00751B,元大AAA至A公司債,98,32,66,中國信託-忠孝,2024-03-25,6162
4420,光明,65,7,58,中國信託-忠孝,2024-03-25,6162
2329,華泰,68,16,52,中國信託-忠孝,2024-03-25,6162
00687B,國泰20年美債,52,6,46,中國信託-忠孝,2024-03-25,6162
2367,燿華,156,114,42,中國信託-忠孝,2024-03-25,6162
3005,神基,65,27,38,中國信託-忠孝,2024-03-25,6162
6284,佳邦,39,1,38,中國信託-忠孝,2024-03-25,6162
3583,辛耘,41,6,35,中國信託-忠孝,2024-03-25,6162
2359,所羅門,54,20,34,中國信託-忠孝,2024-03-25,6162
4526,東台,51,17,34,中國信託-忠孝,2024-03-25,6162
00857B,永豐20年美公債,33,0,33,中國信託-忠孝,2024-03-25,6162
8936,國統,61,31,30,中國信託-忠孝,2024-03-25,6162
2356,英業達,128,98,30,中國信託-忠孝,2024-03-25,6162
3032,偉訓,30,2,28,中國信託-忠孝,2024-03-25,6162
6414,樺漢,33,6,27,中國信託-忠孝,2024-03-25,6162
4542,科嶠,25,0,25,中國信託-忠孝,2024-03-25,6162
2344,華邦電,33,9,24,中國信託-忠孝,2024-03-25,6162
00712,復華富時不動產,23,2,21,中國信託-忠孝,2024-03-25,6162
00900,富邦特選高股息30,27,6,21,中國信託-忠孝,2024-03-25,6162
00878,國泰永續高股息,31,11,20,中國信託-忠孝,2024-03-25,6162
2543,皇昌,20,0,20,中國信託-忠孝,2024-03-25,6162
4207,環泰,20,0,20,中國信託-忠孝,2024-03-25,6162
3689,湧德,22,3,19,中國信託-忠孝,2024-03-25,6162
00941,中信上游半導體,285,266,19,中國信託-忠孝,2024-03-25,6162
00915,凱基優選高股息30,23,5,18,中國信託-忠孝,2024-03-25,6162
6191,精成科,19,1,18,中國信託-忠孝,2024-03-25,6162
2376,技嘉,73,55,18,中國信託-忠孝,2024-03-25,6162
2882,國泰金,17,0,17,中國信託-忠孝,2024-03-25,6162
1707,葡萄王,18,1,17,中國信託-忠孝,2024-03-25,6162
4938,和碩,19,3,16,中國信託-忠孝,2024-03-25,6162
2897,王道銀行,20,4,16,中國信託-忠孝,2024-03-25,6162
2889,國票金,24,8,16,中國信託-忠孝,2024-03-25,6162
00679B,元大美債20年,45,30,15,中國信託-忠孝,2024-03-25,6162
3025,星通,15,0,15,中國信託-忠孝,2024-03-25,6162
1785,光洋科,17,2,15,中國信託-忠孝,2024-03-25,6162
8088,品安,15,0,15,中國信託-忠孝,2024-03-25,6162
00939,統一台灣高息動能,863,37,826,中國信託-忠孝,2024-03-26,6162
00937B,群益ESG投等債20,298,3,295,中國信託-忠孝,2024-03-26,6162
3231,緯創,300,38,262,中國信託-忠孝,2024-03-26,6162
2501,國建,232,0,232,中國信託-忠孝,2024-03-26,6162
00632R,元大台灣50反1,221,18,203,中國信託-忠孝,2024-03-26,6162
1326,台化,170,0,170,中國信託-忠孝,2024-03-26,6162
00919,群益台灣精選高息,509,406,103,中國信託-忠孝,2024-03-26,6162
3312,弘憶股,102,7,95,中國信託-忠孝,2024-03-26,6162
4576,大銀微系統,79,2,77,中國信託-忠孝,2024-03-26,6162
2313,華通,82,8,74,中國信託-忠孝,2024-03-26,6162
00679B,元大美債20年,70,0,70,中國信託-忠孝,2024-03-26,6162
2359,所羅門,96,35,61,中國信託-忠孝,2024-03-26,6162
00687B,國泰20年美債,73,20,53,中國信託-忠孝,2024-03-26,6162
00929,復華台灣科技優息,407,355,52,中國信託-忠孝,2024-03-26,6162
3376,新日興,52,6,46,中國信託-忠孝,2024-03-26,6162
00934,中信成長高股息,53,7,46,中國信託-忠孝,2024-03-26,6162
00751B,元大AAA至A公司債,37,0,37,中國信託-忠孝,2024-03-26,6162
00680L,元大美債20正2,38,3,35,中國信託-忠孝,2024-03-26,6162
3390,旭軟,34,0,34,中國信託-忠孝,2024-03-26,6162
6234,高僑,33,0,33,中國信託-忠孝,2024-03-26,6162
1513,中興電,87,54,33,中國信託-忠孝,2024-03-26,6162
2049,上銀,39,6,33,中國信託-忠孝,2024-03-26,6162
6026,福邦證,32,1,31,中國信託-忠孝,2024-03-26,6162
2329,華泰,51,21,30,中國信託-忠孝,2024-03-26,6162
00673R,期元大S＆P原油反1,30,0,30,中國信託-忠孝,2024-03-26,6162
00922,國泰台灣領袖50,32,5,27,中國信託-忠孝,2024-03-26,6162
6274,台燿,58,31,27,中國信託-忠孝,2024-03-26,6162
3545,敦泰,30,4,26,中國信託-忠孝,2024-03-26,6162
3479,安勤,25,0,25,中國信託-忠孝,2024-03-26,6162
00706L,期元大S＆P日圓正2,25,0,25,中國信託-忠孝,2024-03-26,6162
2618,長榮航,32,9,23,中國信託-忠孝,2024-03-26,6162
1587,吉茂,38,15,23,中國信託-忠孝,2024-03-26,6162
6215,和椿,33,11,22,中國信託-忠孝,2024-03-26,6162
6668,中揚光,22,1,21,中國信託-忠孝,2024-03-26,6162
00918,大華優利高填息30,24,3,21,中國信託-忠孝,2024-03-26,6162
00931B,統一美債20年,21,0,21,中國信託-忠孝,2024-03-26,6162
2303,聯電,30,10,20,中國信託-忠孝,2024-03-26,6162
4420,光明,20,0,20,中國信託-忠孝,2024-03-26,6162
2845,遠東銀,20,0,20,中國信託-忠孝,2024-03-26,6162
3623,富晶通,20,0,20,中國信託-忠孝,2024-03-26,6162
2603,長榮,61,42,19,中國信託-忠孝,2024-03-26,6162
3056,富華新,19,0,19,中國信託-忠孝,2024-03-26,6162
6117,迎廣,19,0,19,中國信託-忠孝,2024-03-26,6162
1795,美時,28,10,18,中國信託-忠孝,2024-03-26,6162
00915,凱基優選高股息30,24,6,18,中國信託-忠孝,2024-03-26,6162
4979,華星光,19,2,17,中國信託-忠孝,2024-03-26,6162
3035,智原,29,13,16,中國信託-忠孝,2024-03-26,6162
1309,台達化,16,0,16,中國信託-忠孝,2024-03-26,6162
3207,耀勝,21,6,15,中國信託-忠孝,2024-03-26,6162
2455,全新,15,0,15,中國信託-忠孝,2024-03-26,6162
2883,凱基金,1410,29,1381,中國信託-忠孝,2024-03-27,6162
00937B,群益ESG投等債20,246,25,221,中國信託-忠孝,2024-03-27,6162
1608,華榮,329,153,176,中國信託-忠孝,2024-03-27,6162
00919,群益台灣精選高息,206,54,152,中國信託-忠孝,2024-03-27,6162
2501,國建,146,0,146,中國信託-忠孝,2024-03-27,6162
00650L,復華香港正2,120,0,120,中國信託-忠孝,2024-03-27,6162
3231,緯創,114,1,113,中國信託-忠孝,2024-03-27,6162
1609,大亞,161,54,107,中國信託-忠孝,2024-03-27,6162
3013,晟銘電,105,48,57,中國信託-忠孝,2024-03-27,6162
00936,台新永續高息中小,56,0,56,中國信託-忠孝,2024-03-27,6162
2834,臺企銀,58,3,55,中國信託-忠孝,2024-03-27,6162
4561,健椿,46,0,46,中國信託-忠孝,2024-03-27,6162
00631L,元大台灣50正2,46,1,45,中國信託-忠孝,2024-03-27,6162
2102,泰豐,39,0,39,中國信託-忠孝,2024-03-27,6162
00706L,期元大S＆P日圓正2,38,0,38,中國信託-忠孝,2024-03-27,6162
3312,弘憶股,35,0,35,中國信託-忠孝,2024-03-27,6162
00679B,元大美債20年,34,0,34,中國信託-忠孝,2024-03-27,6162
2498,宏達電,31,0,31,中國信託-忠孝,2024-03-27,6162
4770,上品,31,1,30,中國信託-忠孝,2024-03-27,6162
3376,新日興,44,15,29,中國信託-忠孝,2024-03-27,6162
00909,國泰數位支付服務,27,0,27,中國信託-忠孝,2024-03-27,6162
6456,GIS-KY,27,0,27,中國信託-忠孝,2024-03-27,6162
4588,玖鼎電力,25,0,25,中國信託-忠孝,2024-03-27,6162
4714,永捷,41,16,25,中國信託-忠孝,2024-03-27,6162
00715L,期街口布蘭特正2,22,0,22,中國信託-忠孝,2024-03-27,6162
2303,聯電,23,2,21,中國信託-忠孝,2024-03-27,6162
2354,鴻準,70,49,21,中國信託-忠孝,2024-03-27,6162
2329,華泰,20,0,20,中國信託-忠孝,2024-03-27,6162
00720B,元大投資級公司債,20,0,20,中國信託-忠孝,2024-03-27,6162
1617,榮星,20,1,19,中國信託-忠孝,2024-03-27,6162
2464,盟立,62,43,19,中國信託-忠孝,2024-03-27,6162
2392,正崴,40,21,19,中國信託-忠孝,2024-03-27,6162
3703,欣陸,18,0,18,中國信託-忠孝,2024-03-27,6162
2486,一詮,114,97,17,中國信託-忠孝,2024-03-27,6162
1786,科妍,18,1,17,中國信託-忠孝,2024-03-27,6162
9904,寶成,20,3,17,中國信託-忠孝,2024-03-27,6162
2330,台積電,18,1,17,中國信託-忠孝,2024-03-27,6162
1603,華電,126,110,16,中國信託-忠孝,2024-03-27,6162
2049,上銀,23,7,16,中國信託-忠孝,2024-03-27,6162
2527,宏璟,16,0,16,中國信託-忠孝,2024-03-27,6162
1445,大宇,15,0,15,中國信託-忠孝,2024-03-27,6162
3339,泰谷,20,5,15,中國信託-忠孝,2024-03-27,6162
4526,東台,156,141,15,中國信託-忠孝,2024-03-27,6162
3363,上詮,14,0,14,中國信託-忠孝,2024-03-27,6162
2888,新光金,14,0,14,中國信託-忠孝,2024-03-27,6162
3706,神達,84,71,13,中國信託-忠孝,2024-03-27,6162
2002,中鋼,13,0,13,中國信託-忠孝,2024-03-27,6162
5432,新門,13,0,13,中國信託-忠孝,2024-03-27,6162
6176,瑞儀,19,6,13,中國信託-忠孝,2024-03-27,6162
2308,台達電,21,9,12,中國信託-忠孝,2024-03-27,6162
2883,凱基金,1122,112,1010,中國信託-忠孝,2024-03-28,6162
2324,仁寶,301,10,291,中國信託-忠孝,2024-03-28,6162
3231,緯創,345,79,266,中國信託-忠孝,2024-03-28,6162
2880,華南金,200,0,200,中國信託-忠孝,2024-03-28,6162
2501,國建,221,43,178,中國信託-忠孝,2024-03-28,6162
2371,大同,217,86,131,中國信託-忠孝,2024-03-28,6162
00937B,群益ESG投等債20,132,9,123,中國信託-忠孝,2024-03-28,6162
2505,國揚,97,0,97,中國信託-忠孝,2024-03-28,6162
2388,威盛,89,7,82,中國信託-忠孝,2024-03-28,6162
6213,聯茂,103,24,79,中國信託-忠孝,2024-03-28,6162
00679B,元大美債20年,76,9,67,中國信託-忠孝,2024-03-28,6162
2421,建準,95,29,66,中國信託-忠孝,2024-03-28,6162
8240,華宏,51,0,51,中國信託-忠孝,2024-03-28,6162
00936,台新永續高息中小,44,0,44,中國信託-忠孝,2024-03-28,6162
1316,上曜,52,10,42,中國信託-忠孝,2024-03-28,6162
00919,群益台灣精選高息,259,218,41,中國信託-忠孝,2024-03-28,6162
2486,一詮,122,82,40,中國信託-忠孝,2024-03-28,6162
2704,國賓,42,3,39,中國信託-忠孝,2024-03-28,6162
2317,鴻海,231,193,38,中國信託-忠孝,2024-03-28,6162
8033,雷虎,49,13,36,中國信託-忠孝,2024-03-28,6162
6668,中揚光,44,10,34,中國信託-忠孝,2024-03-28,6162
2612,中航,31,0,31,中國信託-忠孝,2024-03-28,6162
2301,光寶科,33,2,31,中國信託-忠孝,2024-03-28,6162
3005,神基,46,18,28,中國信託-忠孝,2024-03-28,6162
00687B,國泰20年美債,33,8,25,中國信託-忠孝,2024-03-28,6162
00712,復華富時不動產,30,5,25,中國信託-忠孝,2024-03-28,6162
00632R,元大台灣50反1,36,15,21,中國信託-忠孝,2024-03-28,6162
00882,中信中國高股息,22,2,20,中國信託-忠孝,2024-03-28,6162
2330,台積電,26,6,20,中國信託-忠孝,2024-03-28,6162
2358,廷鑫,28,8,20,中國信託-忠孝,2024-03-28,6162
4533,協易機,20,0,20,中國信託-忠孝,2024-03-28,6162
00931B,統一美債20年,20,0,20,中國信託-忠孝,2024-03-28,6162
4743,合一,20,1,19,中國信託-忠孝,2024-03-28,6162
2882,國泰金,21,3,18,中國信託-忠孝,2024-03-28,6162
8277,商丞,18,0,18,中國信託-忠孝,2024-03-28,6162
00881,國泰台灣5G+,38,20,18,中國信託-忠孝,2024-03-28,6162
2634,漢翔,56,39,17,中國信託-忠孝,2024-03-28,6162
5309,系統電,18,1,17,中國信託-忠孝,2024-03-28,6162
2834,臺企銀,17,1,16,中國信託-忠孝,2024-03-28,6162
00900,富邦特選高股息30,47,31,16,中國信託-忠孝,2024-03-28,6162
4526,東台,31,15,16,中國信託-忠孝,2024-03-28,6162
4303,信立,32,16,16,中國信託-忠孝,2024-03-28,6162
3294,英濟,17,1,16,中國信託-忠孝,2024-03-28,6162
3027,盛達,15,0,15,中國信託-忠孝,2024-03-28,6162
2442,新美齊,15,0,15,中國信託-忠孝,2024-03-28,6162
5515,建國,22,7,15,中國信託-忠孝,2024-03-28,6162
6462,神盾,21,6,15,中國信託-忠孝,2024-03-28,6162
1717,長興,14,0,14,中國信託-忠孝,2024-03-28,6162
2359,所羅門,23,9,14,中國信託-忠孝,2024-03-28,6162
00927,群益半導體收益,15,2,13,中國信託-忠孝,2024-03-28,6162
2324,仁寶,1386,6,1380,中國信託-忠孝,2024-03-29,6162
6213,聯茂,423,46,377,中國信託-忠孝,2024-03-29,6162
00673R,期元大S＆P原油反1,310,0,310,中國信託-忠孝,2024-03-29,6162
3312,弘憶股,127,12,115,中國信託-忠孝,2024-03-29,6162
00632R,元大台灣50反1,111,0,111,中國信託-忠孝,2024-03-29,6162
00665L,富邦�琤肭磪囓�2,110,0,110,中國信託-忠孝,2024-03-29,6162
2888,新光金,93,0,93,中國信託-忠孝,2024-03-29,6162
2421,建準,130,44,86,中國信託-忠孝,2024-03-29,6162
2889,國票金,100,20,80,中國信託-忠孝,2024-03-29,6162
2301,光寶科,108,45,63,中國信託-忠孝,2024-03-29,6162
2501,國建,63,20,43,中國信託-忠孝,2024-03-29,6162
2367,燿華,85,44,41,中國信託-忠孝,2024-03-29,6162
00937B,群益ESG投等債20,44,3,41,中國信託-忠孝,2024-03-29,6162
2882,國泰金,63,24,39,中國信託-忠孝,2024-03-29,6162
2515,中工,45,7,38,中國信託-忠孝,2024-03-29,6162
6605,帝寶,35,1,34,中國信託-忠孝,2024-03-29,6162
6005,群益證,30,2,28,中國信託-忠孝,2024-03-29,6162
00885,富邦越南,26,0,26,中國信託-忠孝,2024-03-29,6162
3481,群創,35,10,25,中國信託-忠孝,2024-03-29,6162
2359,所羅門,29,5,24,中國信託-忠孝,2024-03-29,6162
00919,群益台灣精選高息,192,168,24,中國信託-忠孝,2024-03-29,6162
2358,廷鑫,22,0,22,中國信託-忠孝,2024-03-29,6162
2109,華豐,21,0,21,中國信託-忠孝,2024-03-29,6162
9105,泰金寶-DR,21,0,21,中國信託-忠孝,2024-03-29,6162
3054,立萬利,20,0,20,中國信託-忠孝,2024-03-29,6162
1409,新纖,20,0,20,中國信託-忠孝,2024-03-29,6162
00881,國泰台灣5G+,22,2,20,中國信託-忠孝,2024-03-29,6162
2905,三商,20,0,20,中國信託-忠孝,2024-03-29,6162
6462,神盾,29,9,20,中國信託-忠孝,2024-03-29,6162
3013,晟銘電,150,131,19,中國信託-忠孝,2024-03-29,6162
8054,安國,37,18,19,中國信託-忠孝,2024-03-29,6162
6207,雷科,36,17,19,中國信託-忠孝,2024-03-29,6162
3594,磐儀,18,0,18,中國信託-忠孝,2024-03-29,6162
6139,亞翔,41,23,18,中國信託-忠孝,2024-03-29,6162
6443,元晶,75,58,17,中國信託-忠孝,2024-03-29,6162
3605,宏致,28,12,16,中國信託-忠孝,2024-03-29,6162
3416,融程電,16,0,16,中國信託-忠孝,2024-03-29,6162
2314,台揚,15,0,15,中國信託-忠孝,2024-03-29,6162
2836,高雄銀,15,1,14,中國信託-忠孝,2024-03-29,6162
4306,炎洲,14,0,14,中國信託-忠孝,2024-03-29,6162
00795B,中信美國公債20年,13,0,13,中國信託-忠孝,2024-03-29,6162
5383,金利,13,0,13,中國信託-忠孝,2024-03-29,6162
2409,友達,17,5,12,中國信託-忠孝,2024-03-29,6162
1785,光洋科,12,0,12,中國信託-忠孝,2024-03-29,6162
6288,聯嘉,12,0,12,中國信託-忠孝,2024-03-29,6162
00941,中信上游半導體,62,50,12,中國信託-忠孝,2024-03-29,6162
00918,大華優利高填息30,18,6,12,中國信託-忠孝,2024-03-29,6162
2834,臺企銀,16,4,12,中國信託-忠孝,2024-03-29,6162
2211,長榮鋼,11,0,11,中國信託-忠孝,2024-03-29,6162
4961,天鈺,11,0,11,中國信託-忠孝,2024-03-29,6162
00940,元大台灣價值高息,1999,254,1745,中國信託-忠孝,2024-04-01,6162
2534,宏盛,423,0,423,中國信託-忠孝,2024-04-01,6162
3231,緯創,379,33,346,中國信託-忠孝,2024-04-01,6162
00919,群益台灣精選高息,214,22,192,中國信託-忠孝,2024-04-01,6162
1455,集盛,140,0,140,中國信託-忠孝,2024-04-01,6162
6213,聯茂,164,36,128,中國信託-忠孝,2024-04-01,6162
00939,統一台灣高息動能,124,4,120,中國信託-忠孝,2024-04-01,6162
2880,華南金,103,0,103,中國信託-忠孝,2024-04-01,6162
2382,廣達,232,132,100,中國信託-忠孝,2024-04-01,6162
1608,華榮,99,0,99,中國信託-忠孝,2024-04-01,6162
00929,復華台灣科技優息,82,24,58,中國信託-忠孝,2024-04-01,6162
3711,日月光投控,65,12,53,中國信託-忠孝,2024-04-01,6162
00706L,期元大S＆P日圓正2,48,0,48,中國信託-忠孝,2024-04-01,6162
00720B,元大投資級公司債,57,11,46,中國信託-忠孝,2024-04-01,6162
6139,亞翔,107,63,44,中國信託-忠孝,2024-04-01,6162
00922,國泰台灣領袖50,47,4,43,中國信託-忠孝,2024-04-01,6162
2371,大同,61,23,38,中國信託-忠孝,2024-04-01,6162
1806,冠軍,36,0,36,中國信託-忠孝,2024-04-01,6162
2449,京元電子,34,0,34,中國信託-忠孝,2024-04-01,6162
3715,定穎投控,58,24,34,中國信託-忠孝,2024-04-01,6162
00687B,國泰20年美債,63,30,33,中國信託-忠孝,2024-04-01,6162
3058,立德,32,1,31,中國信託-忠孝,2024-04-01,6162
1616,億泰,30,0,30,中國信託-忠孝,2024-04-01,6162
2905,三商,30,0,30,中國信託-忠孝,2024-04-01,6162
2337,旺宏,30,1,29,中國信託-忠孝,2024-04-01,6162
2603,長榮,53,25,28,中國信託-忠孝,2024-04-01,6162
6005,群益證,27,0,27,中國信託-忠孝,2024-04-01,6162
2301,光寶科,29,2,27,中國信託-忠孝,2024-04-01,6162
3083,網龍,25,0,25,中國信託-忠孝,2024-04-01,6162
2323,中環,25,0,25,中國信託-忠孝,2024-04-01,6162
3339,泰谷,25,0,25,中國信託-忠孝,2024-04-01,6162
00857B,永豐20年美公債,23,0,23,中國信託-忠孝,2024-04-01,6162
8011,台通,23,0,23,中國信託-忠孝,2024-04-01,6162
0056,元大高股息,38,15,23,中國信託-忠孝,2024-04-01,6162
1301,台塑,21,0,21,中國信託-忠孝,2024-04-01,6162
00680L,元大美債20正2,20,0,20,中國信託-忠孝,2024-04-01,6162
00673R,期元大S＆P原油反1,20,0,20,中國信託-忠孝,2024-04-01,6162
00915,凱基優選高股息30,22,2,20,中國信託-忠孝,2024-04-01,6162
4303,信立,23,4,19,中國信託-忠孝,2024-04-01,6162
2317,鴻海,64,45,19,中國信託-忠孝,2024-04-01,6162
2409,友達,20,2,18,中國信託-忠孝,2024-04-01,6162
6282,康舒,20,2,18,中國信託-忠孝,2024-04-01,6162
00935,野村臺灣新科技50,17,0,17,中國信託-忠孝,2024-04-01,6162
2637,慧洋-KY,17,0,17,中國信託-忠孝,2024-04-01,6162
1503,士電,20,3,17,中國信託-忠孝,2024-04-01,6162
2408,南亞科,22,6,16,中國信託-忠孝,2024-04-01,6162
00724B,群益投資級金融債,15,0,15,中國信託-忠孝,2024-04-01,6162
2836,高雄銀,15,0,15,中國信託-忠孝,2024-04-01,6162
8039,台虹,15,0,15,中國信託-忠孝,2024-04-01,6162
2352,佳世達,35,20,15,中國信託-忠孝,2024-04-01,6162
00940,元大台灣價值高息,545,133,412,中國信託-忠孝,2024-04-02,6162
2515,中工,475,153,322,中國信託-忠孝,2024-04-02,6162
2382,廣達,376,96,280,中國信託-忠孝,2024-04-02,6162
00929,復華台灣科技優息,490,211,279,中國信託-忠孝,2024-04-02,6162
00941,中信上游半導體,293,57,236,中國信託-忠孝,2024-04-02,6162
2534,宏盛,551,328,223,中國信託-忠孝,2024-04-02,6162
00680L,元大美債20正2,215,0,215,中國信託-忠孝,2024-04-02,6162
00915,凱基優選高股息30,200,0,200,中國信託-忠孝,2024-04-02,6162
00632R,元大台灣50反1,203,10,193,中國信託-忠孝,2024-04-02,6162
00687B,國泰20年美債,189,0,189,中國信託-忠孝,2024-04-02,6162
00720B,元大投資級公司債,173,2,171,中國信託-忠孝,2024-04-02,6162
2905,三商,170,0,170,中國信託-忠孝,2024-04-02,6162
2324,仁寶,135,2,133,中國信託-忠孝,2024-04-02,6162
2882,國泰金,128,13,115,中國信託-忠孝,2024-04-02,6162
2501,國建,239,140,99,中國信託-忠孝,2024-04-02,6162
00931B,統一美債20年,76,0,76,中國信託-忠孝,2024-04-02,6162
00673R,期元大S＆P原油反1,75,0,75,中國信託-忠孝,2024-04-02,6162
00795B,中信美國公債20年,79,22,57,中國信託-忠孝,2024-04-02,6162
1455,集盛,60,3,57,中國信託-忠孝,2024-04-02,6162
8039,台虹,53,1,52,中國信託-忠孝,2024-04-02,6162
2356,英業達,121,72,49,中國信託-忠孝,2024-04-02,6162
00733,富邦臺灣中小,49,1,48,中國信託-忠孝,2024-04-02,6162
00885,富邦越南,48,0,48,中國信託-忠孝,2024-04-02,6162
2344,華邦電,56,9,47,中國信託-忠孝,2024-04-02,6162
00725B,國泰投資級公司債,47,0,47,中國信託-忠孝,2024-04-02,6162
00756B,群益投等新興公債,45,0,45,中國信託-忠孝,2024-04-02,6162
00933B,國泰10Y+金融債,40,0,40,中國信託-忠孝,2024-04-02,6162
00740B,富邦全球投等債,40,0,40,中國信託-忠孝,2024-04-02,6162
00772B,中信高評級公司債,50,10,40,中國信託-忠孝,2024-04-02,6162
1773,勝一,39,0,39,中國信託-忠孝,2024-04-02,6162
6207,雷科,63,25,38,中國信託-忠孝,2024-04-02,6162
2371,大同,67,29,38,中國信託-忠孝,2024-04-02,6162
2609,陽明,33,1,32,中國信託-忠孝,2024-04-02,6162
3481,群創,61,29,32,中國信託-忠孝,2024-04-02,6162
2498,宏達電,32,0,32,中國信託-忠孝,2024-04-02,6162
00881,國泰台灣5G+,37,6,31,中國信託-忠孝,2024-04-02,6162
6139,亞翔,52,22,30,中國信託-忠孝,2024-04-02,6162
1416,廣豐,30,0,30,中國信託-忠孝,2024-04-02,6162
1597,直得,30,0,30,中國信託-忠孝,2024-04-02,6162
6215,和椿,28,0,28,中國信託-忠孝,2024-04-02,6162
8064,東捷,35,8,27,中國信託-忠孝,2024-04-02,6162
2610,華航,31,6,25,中國信託-忠孝,2024-04-02,6162
00919,群益台灣精選高息,75,50,25,中國信託-忠孝,2024-04-02,6162
4526,東台,25,1,24,中國信託-忠孝,2024-04-02,6162
2301,光寶科,40,17,23,中國信託-忠孝,2024-04-02,6162
2888,新光金,22,0,22,中國信託-忠孝,2024-04-02,6162
00665L,富邦�琤肭磪囓�2,33,12,21,中國信託-忠孝,2024-04-02,6162
2884,玉山金,22,2,20,中國信託-忠孝,2024-04-02,6162
2467,志聖,24,5,19,中國信託-忠孝,2024-04-02,6162
00688L,國泰20年美債正2,19,0,19,中國信託-忠孝,2024-04-02,6162
2515,中工,460,24,436,中國信託-忠孝,2024-04-03,6162
00940,元大台灣價值高息,398,161,237,中國信託-忠孝,2024-04-03,6162
2880,華南金,212,0,212,中國信託-忠孝,2024-04-03,6162
00941,中信上游半導體,223,17,206,中國信託-忠孝,2024-04-03,6162
00929,復華台灣科技優息,199,18,181,中國信託-忠孝,2024-04-03,6162
00665L,富邦�琤肭磪囓�2,169,0,169,中國信託-忠孝,2024-04-03,6162
2486,一詮,377,213,164,中國信託-忠孝,2024-04-03,6162
00680L,元大美債20正2,132,1,131,中國信託-忠孝,2024-04-03,6162
00795B,中信美國公債20年,131,10,121,中國信託-忠孝,2024-04-03,6162
2501,國建,111,0,111,中國信託-忠孝,2024-04-03,6162
00687B,國泰20年美債,110,0,110,中國信託-忠孝,2024-04-03,6162
2610,華航,83,0,83,中國信託-忠孝,2024-04-03,6162
6182,合晶,106,24,82,中國信託-忠孝,2024-04-03,6162
00937B,群益ESG投等債20,81,0,81,中國信託-忠孝,2024-04-03,6162
00720B,元大投資級公司債,79,0,79,中國信託-忠孝,2024-04-03,6162
00751B,元大AAA至A公司債,61,0,61,中國信託-忠孝,2024-04-03,6162
00679B,元大美債20年,62,1,61,中國信託-忠孝,2024-04-03,6162
2534,宏盛,217,158,59,中國信託-忠孝,2024-04-03,6162
00688L,國泰20年美債正2,58,0,58,中國信託-忠孝,2024-04-03,6162
2303,聯電,72,17,55,中國信託-忠孝,2024-04-03,6162
9907,統一實,50,0,50,中國信託-忠孝,2024-04-03,6162
2327,國巨,51,1,50,中國信託-忠孝,2024-04-03,6162
2615,萬海,51,2,49,中國信託-忠孝,2024-04-03,6162
00919,群益台灣精選高息,76,29,47,中國信託-忠孝,2024-04-03,6162
00878,國泰永續高股息,43,1,42,中國信託-忠孝,2024-04-03,6162
2382,廣達,68,26,42,中國信託-忠孝,2024-04-03,6162
00772B,中信高評級公司債,40,0,40,中國信託-忠孝,2024-04-03,6162
2317,鴻海,96,62,34,中國信託-忠孝,2024-04-03,6162
2002,中鋼,44,12,32,中國信託-忠孝,2024-04-03,6162
3047,訊舟,30,0,30,中國信託-忠孝,2024-04-03,6162
2032,新鋼,30,0,30,中國信託-忠孝,2024-04-03,6162
3050,鈺德,31,1,30,中國信託-忠孝,2024-04-03,6162
2359,所羅門,29,2,27,中國信託-忠孝,2024-04-03,6162
00757,統一FANG+,26,0,26,中國信託-忠孝,2024-04-03,6162
2892,第一金,25,0,25,中國信託-忠孝,2024-04-03,6162
00673R,期元大S＆P原油反1,25,0,25,中國信託-忠孝,2024-04-03,6162
2887,台新金,24,0,24,中國信託-忠孝,2024-04-03,6162
2101,南港,23,0,23,中國信託-忠孝,2024-04-03,6162
3707,漢磊,29,6,23,中國信託-忠孝,2024-04-03,6162
6288,聯嘉,26,4,22,中國信託-忠孝,2024-04-03,6162
4303,信立,23,2,21,中國信託-忠孝,2024-04-03,6162
4542,科嶠,21,0,21,中國信託-忠孝,2024-04-03,6162
2353,宏��,22,1,21,中國信託-忠孝,2024-04-03,6162
00898,國泰基因免疫革命,20,0,20,中國信託-忠孝,2024-04-03,6162
2405,輔信,20,0,20,中國信託-忠孝,2024-04-03,6162
5340,建榮,20,0,20,中國信託-忠孝,2024-04-03,6162
912000,晨訊科-DR,20,0,20,中國信託-忠孝,2024-04-03,6162
2881,富邦金,19,0,19,中國信託-忠孝,2024-04-03,6162
2524,京城,19,0,19,中國信託-忠孝,2024-04-03,6162
2464,盟立,25,6,19,中國信託-忠孝,2024-04-03,6162
00940,元大台灣價值高息,1061,103,958,中國信託-忠孝,2024-04-08,6162
1303,南亞,466,17,449,中國信託-忠孝,2024-04-08,6162
00687B,國泰20年美債,217,36,181,中國信託-忠孝,2024-04-08,6162
00679B,元大美債20年,239,67,172,中國信託-忠孝,2024-04-08,6162
00929,復華台灣科技優息,178,10,168,中國信託-忠孝,2024-04-08,6162
00919,群益台灣精選高息,148,19,129,中國信託-忠孝,2024-04-08,6162
00632R,元大台灣50反1,129,1,128,中國信託-忠孝,2024-04-08,6162
00937B,群益ESG投等債20,140,32,108,中國信託-忠孝,2024-04-08,6162
2489,瑞軒,97,4,93,中國信託-忠孝,2024-04-08,6162
00795B,中信美國公債20年,103,20,83,中國信託-忠孝,2024-04-08,6162
2401,凌陽,80,0,80,中國信託-忠孝,2024-04-08,6162
00933B,國泰10Y+金融債,74,6,68,中國信託-忠孝,2024-04-08,6162
0056,元大高股息,75,8,67,中國信託-忠孝,2024-04-08,6162
1609,大亞,106,40,66,中國信託-忠孝,2024-04-08,6162
2888,新光金,57,0,57,中國信託-忠孝,2024-04-08,6162
2809,京城銀,55,0,55,中國信託-忠孝,2024-04-08,6162
00680L,元大美債20正2,139,85,54,中國信託-忠孝,2024-04-08,6162
9907,統一實,50,0,50,中國信託-忠孝,2024-04-08,6162
5512,力麒,50,0,50,中國信託-忠孝,2024-04-08,6162
3284,太普高,46,0,46,中國信託-忠孝,2024-04-08,6162
2897,王道銀行,40,0,40,中國信託-忠孝,2024-04-08,6162
00927,群益半導體收益,38,0,38,中國信託-忠孝,2024-04-08,6162
00688L,國泰20年美債正2,36,0,36,中國信託-忠孝,2024-04-08,6162
8064,東捷,44,9,35,中國信託-忠孝,2024-04-08,6162
2359,所羅門,49,16,33,中國信託-忠孝,2024-04-08,6162
00941,中信上游半導體,54,21,33,中國信託-忠孝,2024-04-08,6162
1438,三地開發,32,0,32,中國信託-忠孝,2024-04-08,6162
2356,英業達,66,34,32,中國信託-忠孝,2024-04-08,6162
00772B,中信高評級公司債,35,5,30,中國信託-忠孝,2024-04-08,6162
4123,晟德,30,0,30,中國信託-忠孝,2024-04-08,6162
3010,華立,31,1,30,中國信託-忠孝,2024-04-08,6162
00857B,永豐20年美公債,29,0,29,中國信託-忠孝,2024-04-08,6162
1503,士電,36,7,29,中國信託-忠孝,2024-04-08,6162
4533,協易機,44,16,28,中國信託-忠孝,2024-04-08,6162
6215,和椿,44,17,27,中國信託-忠孝,2024-04-08,6162
2504,國產,25,2,23,中國信託-忠孝,2024-04-08,6162
00751B,元大AAA至A公司債,33,10,23,中國信託-忠孝,2024-04-08,6162
2618,長榮航,21,0,21,中國信託-忠孝,2024-04-08,6162
00706L,期元大S＆P日圓正2,21,0,21,中國信託-忠孝,2024-04-08,6162
1815,富喬,26,5,21,中國信託-忠孝,2024-04-08,6162
2903,遠百,20,0,20,中國信託-忠孝,2024-04-08,6162
1416,廣豐,20,0,20,中國信託-忠孝,2024-04-08,6162
1423,利華,20,0,20,中國信託-忠孝,2024-04-08,6162
8466,美吉吉-KY,20,0,20,中國信託-忠孝,2024-04-08,6162
2038,海光,18,0,18,中國信託-忠孝,2024-04-08,6162
1616,億泰,18,0,18,中國信託-忠孝,2024-04-08,6162
00637L,元大滬深300正2,48,31,17,中國信託-忠孝,2024-04-08,6162
6446,藥華藥,16,0,16,中國信託-忠孝,2024-04-08,6162
2455,全新,15,0,15,中國信託-忠孝,2024-04-08,6162
6120,達運,52,37,15,中國信託-忠孝,2024-04-08,6162
00929,復華台灣科技優息,1324,3,1321,中國信託-忠孝,2024-04-09,6162
2363,矽統,1471,208,1263,中國信託-忠孝,2024-04-09,6162
00937B,群益ESG投等債20,814,20,794,中國信託-忠孝,2024-04-09,6162
3231,緯創,703,86,617,中國信託-忠孝,2024-04-09,6162
00637L,元大滬深300正2,172,1,171,中國信託-忠孝,2024-04-09,6162
912000,晨訊科-DR,159,0,159,中國信託-忠孝,2024-04-09,6162
00751B,元大AAA至A公司債,151,0,151,中國信託-忠孝,2024-04-09,6162
00632R,元大台灣50反1,148,0,148,中國信託-忠孝,2024-04-09,6162
00940,元大台灣價值高息,135,28,107,中國信託-忠孝,2024-04-09,6162
4533,協易機,121,19,102,中國信託-忠孝,2024-04-09,6162
00720B,元大投資級公司債,93,0,93,中國信託-忠孝,2024-04-09,6162
8039,台虹,90,0,90,中國信託-忠孝,2024-04-09,6162
2501,國建,86,9,77,中國信託-忠孝,2024-04-09,6162
1612,宏泰,71,5,66,中國信託-忠孝,2024-04-09,6162
3481,群創,137,78,59,中國信託-忠孝,2024-04-09,6162
2317,鴻海,85,31,54,中國信託-忠孝,2024-04-09,6162
6546,正基,77,24,53,中國信託-忠孝,2024-04-09,6162
00679B,元大美債20年,54,3,51,中國信託-忠孝,2024-04-09,6162
6120,達運,71,20,51,中國信託-忠孝,2024-04-09,6162
6117,迎廣,85,35,50,中國信託-忠孝,2024-04-09,6162
6425,易發,100,53,47,中國信託-忠孝,2024-04-09,6162
6213,聯茂,63,20,43,中國信託-忠孝,2024-04-09,6162
2356,英業達,102,62,40,中國信託-忠孝,2024-04-09,6162
00687B,國泰20年美債,38,0,38,中國信託-忠孝,2024-04-09,6162
00891,中信關鍵半導體,34,0,34,中國信託-忠孝,2024-04-09,6162
3013,晟銘電,106,73,33,中國信託-忠孝,2024-04-09,6162
2891,中信金,43,11,32,中國信託-忠孝,2024-04-09,6162
1513,中興電,108,78,30,中國信託-忠孝,2024-04-09,6162
6505,台塑化,31,0,31,中國信託-忠孝,2024-04-09,6162
00763U,期街口道瓊銅,30,0,30,中國信託-忠孝,2024-04-09,6162
1616,億泰,31,2,29,中國信託-忠孝,2024-04-09,6162
00688L,國泰20年美債正2,26,0,26,中國信託-忠孝,2024-04-09,6162
9946,三發地產,25,0,25,中國信託-忠孝,2024-04-09,6162
2025,千興,25,0,25,中國信託-忠孝,2024-04-09,6162
00719B,元大美債1-3,24,0,24,中國信託-忠孝,2024-04-09,6162
00795B,中信美國公債20年,24,0,24,中國信託-忠孝,2024-04-09,6162
00878,國泰永續高股息,37,13,24,中國信託-忠孝,2024-04-09,6162
9955,佳龍,30,7,23,中國信託-忠孝,2024-04-09,6162
2371,大同,70,48,22,中國信託-忠孝,2024-04-09,6162
6414,樺漢,23,2,21,中國信託-忠孝,2024-04-09,6162
1301,台塑,22,1,21,中國信託-忠孝,2024-04-09,6162
2605,新興,34,13,21,中國信託-忠孝,2024-04-09,6162
1526,日馳,21,0,21,中國信託-忠孝,2024-04-09,6162
1603,華電,47,26,21,中國信託-忠孝,2024-04-09,6162
6189,豐藝,26,5,21,中國信託-忠孝,2024-04-09,6162
1721,三晃,20,0,20,中國信託-忠孝,2024-04-09,6162
3479,安勤,20,1,19,中國信託-忠孝,2024-04-09,6162
3339,泰谷,26,7,19,中國信託-忠孝,2024-04-09,6162
2397,友通,19,0,19,中國信託-忠孝,2024-04-09,6162
00655L,國泰中國A50正2,20,1,19,中國信託-忠孝,2024-04-09,6162
00940,元大台灣價值高息,310,53,257,中國信託-忠孝,2024-04-10,6162
2888,新光金,304,63,241,中國信託-忠孝,2024-04-10,6162
1304,台聚,150,0,150,中國信託-忠孝,2024-04-10,6162
2349,錸德,100,0,100,中國信託-忠孝,2024-04-10,6162
00937B,群益ESG投等債20,105,9,96,中國信託-忠孝,2024-04-10,6162
1815,富喬,116,26,90,中國信託-忠孝,2024-04-10,6162
2515,中工,136,47,89,中國信託-忠孝,2024-04-10,6162
3059,華晶科,109,23,86,中國信託-忠孝,2024-04-10,6162
00720B,元大投資級公司債,88,3,85,中國信託-忠孝,2024-04-10,6162
3390,旭軟,85,1,84,中國信託-忠孝,2024-04-10,6162
00687B,國泰20年美債,95,30,65,中國信託-忠孝,2024-04-10,6162
3231,緯創,93,28,65,中國信託-忠孝,2024-04-10,6162
2883,凱基金,63,0,63,中國信託-忠孝,2024-04-10,6162
4533,協易機,97,37,60,中國信託-忠孝,2024-04-10,6162
00712,復華富時不動產,58,0,58,中國信託-忠孝,2024-04-10,6162
3284,太普高,54,0,54,中國信託-忠孝,2024-04-10,6162
1736,喬山,53,0,53,中國信託-忠孝,2024-04-10,6162
00708L,期元大S＆P黃金正2,52,0,52,中國信託-忠孝,2024-04-10,6162
6120,達運,50,2,48,中國信託-忠孝,2024-04-10,6162
00679B,元大美債20年,53,6,47,中國信託-忠孝,2024-04-10,6162
6026,福邦證,86,40,46,中國信託-忠孝,2024-04-10,6162
1303,南亞,47,1,46,中國信託-忠孝,2024-04-10,6162
4306,炎洲,45,0,45,中國信託-忠孝,2024-04-10,6162
2889,國票金,43,0,43,中國信託-忠孝,2024-04-10,6162
3576,聯合再生,51,13,38,中國信託-忠孝,2024-04-10,6162
3036,文曄,50,13,37,中國信託-忠孝,2024-04-10,6162
2891,中信金,35,2,33,中國信託-忠孝,2024-04-10,6162
1503,士電,44,11,33,中國信託-忠孝,2024-04-10,6162
00929,復華台灣科技優息,81,49,32,中國信託-忠孝,2024-04-10,6162
2634,漢翔,49,17,32,中國信託-忠孝,2024-04-10,6162
3213,茂訊,34,2,32,中國信託-忠孝,2024-04-10,6162
6161,捷波,30,0,30,中國信託-忠孝,2024-04-10,6162
00756B,群益投等新興公債,30,0,30,中國信託-忠孝,2024-04-10,6162
6016,康和證,63,35,28,中國信託-忠孝,2024-04-10,6162
8240,華宏,28,0,28,中國信託-忠孝,2024-04-10,6162
3533,嘉澤,30,2,28,中國信託-忠孝,2024-04-10,6162
6585,鼎基,29,1,28,中國信託-忠孝,2024-04-10,6162
00632R,元大台灣50反1,26,0,26,中國信託-忠孝,2024-04-10,6162
3206,志豐,26,0,26,中國信託-忠孝,2024-04-10,6162
2382,廣達,103,77,26,中國信託-忠孝,2024-04-10,6162
2327,國巨,34,9,25,中國信託-忠孝,2024-04-10,6162
2363,矽統,212,187,25,中國信託-忠孝,2024-04-10,6162
2027,大成鋼,26,1,25,中國信託-忠孝,2024-04-10,6162
2882,國泰金,30,6,24,中國信託-忠孝,2024-04-10,6162
6177,達麗,27,4,23,中國信託-忠孝,2024-04-10,6162
8064,東捷,44,22,22,中國信託-忠孝,2024-04-10,6162
4958,臻鼎-KY,23,2,21,中國信託-忠孝,2024-04-10,6162
2537,聯上發,21,0,21,中國信託-忠孝,2024-04-10,6162
6217,中探針,20,0,20,中國信託-忠孝,2024-04-10,6162
00892,富邦台灣半導體,20,0,20,中國信託-忠孝,2024-04-10,6162
2501,國建,373,14,359,中國信託-忠孝,2024-04-11,6162
00940,元大台灣價值高息,156,14,142,中國信託-忠孝,2024-04-11,6162
00712,復華富時不動產,139,0,139,中國信託-忠孝,2024-04-11,6162
00679B,元大美債20年,178,41,137,中國信託-忠孝,2024-04-11,6162
00688L,國泰20年美債正2,124,0,124,中國信託-忠孝,2024-04-11,6162
00687B,國泰20年美債,131,18,113,中國信託-忠孝,2024-04-11,6162
00929,復華台灣科技優息,94,5,89,中國信託-忠孝,2024-04-11,6162
00680L,元大美債20正2,133,44,89,中國信託-忠孝,2024-04-11,6162
4414,如興,89,0,89,中國信託-忠孝,2024-04-11,6162
00720B,元大投資級公司債,89,3,86,中國信託-忠孝,2024-04-11,6162
3481,群創,121,36,85,中國信託-忠孝,2024-04-11,6162
1514,亞力,324,242,82,中國信託-忠孝,2024-04-11,6162
2363,矽統,168,94,74,中國信託-忠孝,2024-04-11,6162
00751B,元大AAA至A公司債,83,12,71,中國信託-忠孝,2024-04-11,6162
1608,華榮,72,6,66,中國信託-忠孝,2024-04-11,6162
5548,安倉,61,0,61,中國信託-忠孝,2024-04-11,6162
2014,中鴻,58,7,51,中國信託-忠孝,2024-04-11,6162
00941,中信上游半導體,63,14,49,中國信託-忠孝,2024-04-11,6162
00919,群益台灣精選高息,49,2,47,中國信託-忠孝,2024-04-11,6162
00772B,中信高評級公司債,45,0,45,中國信託-忠孝,2024-04-11,6162
0056,元大高股息,58,14,44,中國信託-忠孝,2024-04-11,6162
3707,漢磊,53,12,41,中國信託-忠孝,2024-04-11,6162
00891,中信關鍵半導體,37,0,37,中國信託-忠孝,2024-04-11,6162
2353,宏��,105,69,36,中國信託-忠孝,2024-04-11,6162
00927,群益半導體收益,36,0,36,中國信託-忠孝,2024-04-11,6162
2314,台揚,35,0,35,中國信託-忠孝,2024-04-11,6162
6223,旺矽,46,12,34,中國信託-忠孝,2024-04-11,6162
8064,東捷,33,1,32,中國信託-忠孝,2024-04-11,6162
2344,華邦電,33,1,32,中國信託-忠孝,2024-04-11,6162
2354,鴻準,43,11,32,中國信託-忠孝,2024-04-11,6162
1584,精剛,36,4,32,中國信託-忠孝,2024-04-11,6162
0050,元大台灣50,32,1,31,中國信託-忠孝,2024-04-11,6162
00733,富邦臺灣中小,30,0,30,中國信託-忠孝,2024-04-11,6162
00878,國泰永續高股息,34,4,30,中國信託-忠孝,2024-04-11,6162
00795B,中信美國公債20年,29,0,29,中國信託-忠孝,2024-04-11,6162
3287,廣寰科,35,6,29,中國信託-忠孝,2024-04-11,6162
3312,弘憶股,57,29,28,中國信託-忠孝,2024-04-11,6162
3363,上詮,31,4,27,中國信託-忠孝,2024-04-11,6162
6016,康和證,27,0,27,中國信託-忠孝,2024-04-11,6162
1504,東元,30,5,25,中國信託-忠孝,2024-04-11,6162
3231,緯創,48,22,26,中國信託-忠孝,2024-04-11,6162
1409,新纖,25,0,25,中國信託-忠孝,2024-04-11,6162
2464,盟立,34,9,25,中國信託-忠孝,2024-04-11,6162
1605,華新,67,44,23,中國信託-忠孝,2024-04-11,6162
6215,和椿,26,5,21,中國信託-忠孝,2024-04-11,6162
2465,麗臺,33,12,21,中國信託-忠孝,2024-04-11,6162
00756B,群益投等新興公債,20,0,20,中國信託-忠孝,2024-04-11,6162
00674R,期元大S＆P黃金反1,20,0,20,中國信託-忠孝,2024-04-11,6162
2881,富邦金,20,0,20,中國信託-忠孝,2024-04-11,6162
6213,聯茂,62,43,19,中國信託-忠孝,2024-04-11,6162
2534,宏盛,534,0,534,中國信託-忠孝,2024-04-12,6162
2880,華南金,400,0,400,中國信託-忠孝,2024-04-12,6162
00937B,群益ESG投等債20,182,0,182,中國信託-忠孝,2024-04-12,6162
00679B,元大美債20年,182,20,162,中國信託-忠孝,2024-04-12,6162
2489,瑞軒,160,3,157,中國信託-忠孝,2024-04-12,6162
00929,復華台灣科技優息,173,20,153,中國信託-忠孝,2024-04-12,6162
2382,廣達,139,12,127,中國信託-忠孝,2024-04-12,6162
2363,矽統,591,479,112,中國信託-忠孝,2024-04-12,6162
5009,榮剛,106,1,105,中國信託-忠孝,2024-04-12,6162
6182,合晶,106,4,102,中國信託-忠孝,2024-04-12,6162
00650L,復華香港正2,99,0,99,中國信託-忠孝,2024-04-12,6162
3059,華晶科,101,3,98,中國信託-忠孝,2024-04-12,6162
5234,達興材料,103,6,97,中國信託-忠孝,2024-04-12,6162
2002,中鋼,92,0,92,中國信託-忠孝,2024-04-12,6162
00687B,國泰20年美債,154,68,86,中國信託-忠孝,2024-04-12,6162
8240,華宏,86,0,86,中國信託-忠孝,2024-04-12,6162
00878,國泰永續高股息,94,12,82,中國信託-忠孝,2024-04-12,6162
2891,中信金,82,2,80,中國信託-忠孝,2024-04-12,6162
5351,鈺創,77,6,71,中國信託-忠孝,2024-04-12,6162
3231,緯創,87,18,69,中國信託-忠孝,2024-04-12,6162
2324,仁寶,68,1,67,中國信託-忠孝,2024-04-12,6162
2498,宏達電,78,11,67,中國信託-忠孝,2024-04-12,6162
2883,凱基金,62,0,62,中國信託-忠孝,2024-04-12,6162
00680L,元大美債20正2,96,35,61,中國信託-忠孝,2024-04-12,6162
1301,台塑,56,0,56,中國信託-忠孝,2024-04-12,6162
2501,國建,71,16,55,中國信託-忠孝,2024-04-12,6162
00688L,國泰20年美債正2,54,0,54,中國信託-忠孝,2024-04-12,6162
00940,元大台灣價值高息,124,70,54,中國信託-忠孝,2024-04-12,6162
3576,聯合再生,52,0,52,中國信託-忠孝,2024-04-12,6162
2367,燿華,157,106,51,中國信託-忠孝,2024-04-12,6162
1409,新纖,51,0,51,中國信託-忠孝,2024-04-12,6162
3287,廣寰科,56,5,51,中國信託-忠孝,2024-04-12,6162
0056,元大高股息,53,3,50,中國信託-忠孝,2024-04-12,6162
1440,南紡,50,0,50,中國信託-忠孝,2024-04-12,6162
2615,萬海,50,1,49,中國信託-忠孝,2024-04-12,6162
2356,英業達,101,56,45,中國信託-忠孝,2024-04-12,6162
00720B,元大投資級公司債,44,1,43,中國信託-忠孝,2024-04-12,6162
00933B,國泰10Y+金融債,53,10,43,中國信託-忠孝,2024-04-12,6162
2618,長榮航,71,29,42,中國信託-忠孝,2024-04-12,6162
2427,三商電,42,1,41,中國信託-忠孝,2024-04-12,6162
6290,良維,49,14,35,中國信託-忠孝,2024-04-12,6162
2610,華航,85,50,35,中國信託-忠孝,2024-04-12,6162
3058,立德,37,2,35,中國信託-忠孝,2024-04-12,6162
00772B,中信高評級公司債,33,0,33,中國信託-忠孝,2024-04-12,6162
3013,晟銘電,57,26,31,中國信託-忠孝,2024-04-12,6162
00795B,中信美國公債20年,28,0,28,中國信託-忠孝,2024-04-12,6162
5443,均豪,34,6,28,中國信託-忠孝,2024-04-12,6162
3260,威剛,61,34,27,中國信託-忠孝,2024-04-12,6162
2850,新產,26,0,26,中國信託-忠孝,2024-04-12,6162
2845,遠東銀,25,0,25,中國信託-忠孝,2024-04-12,6162
00937B,群益ESG投等債20,666,33,633,中國信託-忠孝,2024-04-15,6162
00929,復華台灣科技優息,401,25,376,中國信託-忠孝,2024-04-15,6162
00941,中信上游半導體,385,16,369,中國信託-忠孝,2024-04-15,6162
1612,宏泰,368,98,270,中國信託-忠孝,2024-04-15,6162
4726,永昕,249,1,248,中國信託-忠孝,2024-04-15,6162
4609,唐鋒,244,0,244,中國信託-忠孝,2024-04-15,6162
5512,力麒,201,5,196,中國信託-忠孝,2024-04-15,6162
00939,統一台灣高息動能,192,17,175,中國信託-忠孝,2024-04-15,6162
2371,大同,411,263,148,中國信託-忠孝,2024-04-15,6162
00795B,中信美國公債20年,131,2,129,中國信託-忠孝,2024-04-15,6162
2615,萬海,113,2,111,中國信託-忠孝,2024-04-15,6162
1326,台化,102,0,102,中國信託-忠孝,2024-04-15,6162
2511,太子,100,0,100,中國信託-忠孝,2024-04-15,6162
3260,威剛,115,20,95,中國信託-忠孝,2024-04-15,6162
2374,佳能,96,20,76,中國信託-忠孝,2024-04-15,6162
0056,元大高股息,75,1,74,中國信託-忠孝,2024-04-15,6162
00878,國泰永續高股息,77,8,69,中國信託-忠孝,2024-04-15,6162
2883,凱基金,72,3,69,中國信託-忠孝,2024-04-15,6162
00927,群益半導體收益,65,0,65,中國信託-忠孝,2024-04-15,6162
2317,鴻海,130,71,59,中國信託-忠孝,2024-04-15,6162
00679B,元大美債20年,61,11,50,中國信託-忠孝,2024-04-15,6162
00751B,元大AAA至A公司債,49,0,49,中國信託-忠孝,2024-04-15,6162
2534,宏盛,165,118,47,中國信託-忠孝,2024-04-15,6162
00632R,元大台灣50反1,41,0,41,中國信託-忠孝,2024-04-15,6162
2449,京元電子,59,18,41,中國信託-忠孝,2024-04-15,6162
5511,德昌,40,0,40,中國信託-忠孝,2024-04-15,6162
00891,中信關鍵半導體,39,0,39,中國信託-忠孝,2024-04-15,6162
3059,華晶科,42,3,39,中國信託-忠孝,2024-04-15,6162
2303,聯電,43,5,38,中國信託-忠孝,2024-04-15,6162
8240,華宏,37,0,37,中國信託-忠孝,2024-04-15,6162
5521,工信,36,0,36,中國信託-忠孝,2024-04-15,6162
2610,華航,39,4,35,中國信託-忠孝,2024-04-15,6162
3050,鈺德,40,7,33,中國信託-忠孝,2024-04-15,6162
3266,昇陽,33,0,33,中國信託-忠孝,2024-04-15,6162
2363,矽統,109,77,32,中國信託-忠孝,2024-04-15,6162
1504,東元,62,31,31,中國信託-忠孝,2024-04-15,6162
00753L,中信中國50正2,31,0,31,中國信託-忠孝,2024-04-15,6162
3707,漢磊,33,3,30,中國信託-忠孝,2024-04-15,6162
00733,富邦臺灣中小,48,18,30,中國信託-忠孝,2024-04-15,6162
2006,東和鋼鐵,31,1,30,中國信託-忠孝,2024-04-15,6162
00687B,國泰20年美債,36,7,29,中國信託-忠孝,2024-04-15,6162
00631L,元大台灣50正2,28,0,28,中國信託-忠孝,2024-04-15,6162
3231,緯創,44,16,28,中國信託-忠孝,2024-04-15,6162
1301,台塑,28,1,27,中國信託-忠孝,2024-04-15,6162
3047,訊舟,26,0,26,中國信託-忠孝,2024-04-15,6162
00830,國泰費城半導體,26,0,26,中國信託-忠孝,2024-04-15,6162
2618,長榮航,29,3,26,中國信託-忠孝,2024-04-15,6162
2881,富邦金,22,0,22,中國信託-忠孝,2024-04-15,6162
3024,憶聲,22,0,22,中國信託-忠孝,2024-04-15,6162
00706L,期元大S＆P日圓正2,22,0,22,中國信託-忠孝,2024-04-15,6162
00937B,群益ESG投等債20,1492,44,1448,中國信託-忠孝,2024-04-16,6162
00940,元大台灣價值高息,1241,147,1094,中國信託-忠孝,2024-04-16,6162
1303,南亞,420,10,410,中國信託-忠孝,2024-04-16,6162
00919,群益台灣精選高息,406,100,306,中國信託-忠孝,2024-04-16,6162
2883,凱基金,260,12,248,中國信託-忠孝,2024-04-16,6162
0056,元大高股息,280,38,242,中國信託-忠孝,2024-04-16,6162
00878,國泰永續高股息,332,100,232,中國信託-忠孝,2024-04-16,6162
1609,大亞,988,795,193,中國信託-忠孝,2024-04-16,6162
2349,錸德,167,0,167,中國信託-忠孝,2024-04-16,6162
00939,統一台灣高息動能,160,15,145,中國信託-忠孝,2024-04-16,6162
2867,三商壽,140,17,123,中國信託-忠孝,2024-04-16,6162
00720B,元大投資級公司債,95,0,95,中國信託-忠孝,2024-04-16,6162
2888,新光金,103,17,86,中國信託-忠孝,2024-04-16,6162
00687B,國泰20年美債,94,10,84,中國信託-忠孝,2024-04-16,6162
2501,國建,90,17,73,中國信託-忠孝,2024-04-16,6162
00631L,元大台灣50正2,71,0,71,中國信託-忠孝,2024-04-16,6162
2618,長榮航,83,16,67,中國信託-忠孝,2024-04-16,6162
00680L,元大美債20正2,85,21,64,中國信託-忠孝,2024-04-16,6162
6274,台燿,71,8,63,中國信託-忠孝,2024-04-16,6162
2331,精英,63,0,63,中國信託-忠孝,2024-04-16,6162
2834,臺企銀,89,28,61,中國信託-忠孝,2024-04-16,6162
1326,台化,60,0,60,中國信託-忠孝,2024-04-16,6162
2206,三陽工業,62,3,59,中國信託-忠孝,2024-04-16,6162
2382,廣達,72,13,59,中國信託-忠孝,2024-04-16,6162
3231,緯創,108,54,54,中國信託-忠孝,2024-04-16,6162
2330,台積電,73,19,54,中國信託-忠孝,2024-04-16,6162
1526,日馳,50,0,50,中國信託-忠孝,2024-04-16,6162
2444,兆勁,50,0,50,中國信託-忠孝,2024-04-16,6162
3056,富華新,50,0,50,中國信託-忠孝,2024-04-16,6162
1216,統一,50,3,47,中國信託-忠孝,2024-04-16,6162
2353,宏��,67,22,45,中國信託-忠孝,2024-04-16,6162
2303,聯電,61,17,44,中國信託-忠孝,2024-04-16,6162
00915,凱基優選高股息30,43,0,43,中國信託-忠孝,2024-04-16,6162
2371,大同,127,88,39,中國信託-忠孝,2024-04-16,6162
2610,華航,104,65,39,中國信託-忠孝,2024-04-16,6162
2609,陽明,38,0,38,中國信託-忠孝,2024-04-16,6162
00933B,國泰10Y+金融債,48,10,38,中國信託-忠孝,2024-04-16,6162
2845,遠東銀,41,4,37,中國信託-忠孝,2024-04-16,6162
00692,富邦公司治理,36,0,36,中國信託-忠孝,2024-04-16,6162
00904,新光臺灣半導體30,36,0,36,中國信託-忠孝,2024-04-16,6162
2891,中信金,78,42,36,中國信託-忠孝,2024-04-16,6162
1438,三地開發,35,0,35,中國信託-忠孝,2024-04-16,6162
2884,玉山金,70,37,33,中國信託-忠孝,2024-04-16,6162
3050,鈺德,33,0,33,中國信託-忠孝,2024-04-16,6162
2486,一詮,134,103,31,中國信託-忠孝,2024-04-16,6162
00679B,元大美債20年,46,16,30,中國信託-忠孝,2024-04-16,6162
3481,群創,44,16,28,中國信託-忠孝,2024-04-16,6162
6207,雷科,28,0,28,中國信託-忠孝,2024-04-16,6162
9105,泰金寶-DR,27,0,27,中國信託-忠孝,2024-04-16,6162
3004,豐達科,25,0,25,中國信託-忠孝,2024-04-16,6162
00637L,元大滬深300正2,437,0,437,中國信託-忠孝,2024-04-17,6162
2324,仁寶,404,0,404,中國信託-忠孝,2024-04-17,6162
00937B,群益ESG投等債20,307,6,301,中國信託-忠孝,2024-04-17,6162
2880,華南金,275,0,275,中國信託-忠孝,2024-04-17,6162
0056,元大高股息,249,18,231,中國信託-忠孝,2024-04-17,6162
00940,元大台灣價值高息,244,15,229,中國信託-忠孝,2024-04-17,6162
1714,和桐,220,0,220,中國信託-忠孝,2024-04-17,6162
1513,中興電,250,71,179,中國信託-忠孝,2024-04-17,6162
2501,國建,188,52,136,中國信託-忠孝,2024-04-17,6162
00687B,國泰20年美債,155,31,124,中國信託-忠孝,2024-04-17,6162
2887,台新金,124,8,116,中國信託-忠孝,2024-04-17,6162
3231,緯創,120,15,105,中國信託-忠孝,2024-04-17,6162
4726,永昕,100,0,100,中國信託-忠孝,2024-04-17,6162
1326,台化,120,28,92,中國信託-忠孝,2024-04-17,6162
00929,復華台灣科技優息,104,14,90,中國信託-忠孝,2024-04-17,6162
00857B,永豐20年美公債,84,0,84,中國信託-忠孝,2024-04-17,6162
00712,復華富時不動產,85,7,78,中國信託-忠孝,2024-04-17,6162
00885,富邦越南,68,0,68,中國信託-忠孝,2024-04-17,6162
6290,良維,69,4,65,中國信託-忠孝,2024-04-17,6162
2618,長榮航,69,6,63,中國信託-忠孝,2024-04-17,6162
2537,聯上發,61,0,61,中國信託-忠孝,2024-04-17,6162
2367,燿華,83,23,60,中國信託-忠孝,2024-04-17,6162
00688L,國泰20年美債正2,59,0,59,中國信託-忠孝,2024-04-17,6162
6770,力積電,60,4,56,中國信託-忠孝,2024-04-17,6162
00720B,元大投資級公司債,55,0,55,中國信託-忠孝,2024-04-17,6162
6026,福邦證,51,0,51,中國信託-忠孝,2024-04-17,6162
00909,國泰數位支付服務,51,0,51,中國信託-忠孝,2024-04-17,6162
5371,中光電,72,26,46,中國信託-忠孝,2024-04-17,6162
2427,三商電,45,5,40,中國信託-忠孝,2024-04-17,6162
00878,國泰永續高股息,49,10,39,中國信託-忠孝,2024-04-17,6162
00941,中信上游半導體,44,5,39,中國信託-忠孝,2024-04-17,6162
00795B,中信美國公債20年,38,0,38,中國信託-忠孝,2024-04-17,6162
1514,亞力,47,9,38,中國信託-忠孝,2024-04-17,6162
4533,協易機,39,2,37,中國信託-忠孝,2024-04-17,6162
6283,淳安,43,6,37,中國信託-忠孝,2024-04-17,6162
00725B,國泰投資級公司債,35,0,35,中國信託-忠孝,2024-04-17,6162
00751B,元大AAA至A公司債,36,1,35,中國信託-忠孝,2024-04-17,6162
1503,士電,52,18,34,中國信託-忠孝,2024-04-17,6162
3360,尚立,36,3,33,中國信託-忠孝,2024-04-17,6162
1609,大亞,77,45,32,中國信託-忠孝,2024-04-17,6162
5522,遠雄,31,0,31,中國信託-忠孝,2024-04-17,6162
2528,皇普,33,2,31,中國信託-忠孝,2024-04-17,6162
2442,新美齊,29,0,29,中國信託-忠孝,2024-04-17,6162
2363,矽統,65,37,28,中國信託-忠孝,2024-04-17,6162
1810,和成,46,18,28,中國信託-忠孝,2024-04-17,6162
00933B,國泰10Y+金融債,27,0,27,中國信託-忠孝,2024-04-17,6162
5880,合庫金,26,1,25,中國信託-忠孝,2024-04-17,6162
00733,富邦臺灣中小,24,0,24,中國信託-忠孝,2024-04-17,6162
2348,海悅,33,9,24,中國信託-忠孝,2024-04-17,6162
2303,聯電,34,11,23,中國信託-忠孝,2024-04-17,6162
2317,鴻海,350,21,329,中國信託-忠孝,2024-04-18,6162
00941,中信上游半導體,340,135,205,中國信託-忠孝,2024-04-18,6162
2501,國建,149,25,124,中國信託-忠孝,2024-04-18,6162
00937B,群益ESG投等債20,148,29,119,中國信託-忠孝,2024-04-18,6162
00940,元大台灣價值高息,137,19,118,中國信託-忠孝,2024-04-18,6162
0056,元大高股息,122,5,117,中國信託-忠孝,2024-04-18,6162
2371,大同,360,243,117,中國信託-忠孝,2024-04-18,6162
00929,復華台灣科技優息,123,19,104,中國信託-忠孝,2024-04-18,6162
2511,太子,102,25,77,中國信託-忠孝,2024-04-18,6162
1605,華新,150,88,62,中國信託-忠孝,2024-04-18,6162
9919,康那香,61,0,61,中國信託-忠孝,2024-04-18,6162
5512,力麒,80,21,59,中國信託-忠孝,2024-04-18,6162
2406,國碩,56,1,55,中國信託-忠孝,2024-04-18,6162
9933,中鼎,62,12,50,中國信託-忠孝,2024-04-18,6162
1734,杏輝,43,0,43,中國信託-忠孝,2024-04-18,6162
8054,安國,108,65,43,中國信託-忠孝,2024-04-18,6162
00919,群益台灣精選高息,91,49,42,中國信託-忠孝,2024-04-18,6162
00927,群益半導體收益,39,0,39,中國信託-忠孝,2024-04-18,6162
1815,富喬,34,0,34,中國信託-忠孝,2024-04-18,6162
2889,國票金,31,0,31,中國信託-忠孝,2024-04-18,6162
4720,德淵,31,0,31,中國信託-忠孝,2024-04-18,6162
1609,大亞,126,95,31,中國信託-忠孝,2024-04-18,6162
3339,泰谷,80,51,29,中國信託-忠孝,2024-04-18,6162
00933B,國泰10Y+金融債,28,0,28,中國信託-忠孝,2024-04-18,6162
3666,光耀,29,1,28,中國信託-忠孝,2024-04-18,6162
6233,旺玖,53,26,27,中國信託-忠孝,2024-04-18,6162
3360,尚立,31,4,27,中國信託-忠孝,2024-04-18,6162
00632R,元大台灣50反1,25,1,24,中國信託-忠孝,2024-04-18,6162
9934,成霖,24,0,24,中國信託-忠孝,2024-04-18,6162
3027,盛達,27,3,24,中國信託-忠孝,2024-04-18,6162
1451,年興,24,0,24,中國信託-忠孝,2024-04-18,6162
2892,第一金,23,0,23,中國信託-忠孝,2024-04-18,6162
2527,宏璟,23,0,23,中國信託-忠孝,2024-04-18,6162
00757,統一FANG+,22,0,22,中國信託-忠孝,2024-04-18,6162
2363,矽統,50,29,21,中國信託-忠孝,2024-04-18,6162
5548,安倉,21,0,21,中國信託-忠孝,2024-04-18,6162
5522,遠雄,21,1,20,中國信託-忠孝,2024-04-18,6162
5531,鄉林,20,0,20,中國信託-忠孝,2024-04-18,6162
912000,晨訊科-DR,20,0,20,中國信託-忠孝,2024-04-18,6162
4533,協易機,38,18,20,中國信託-忠孝,2024-04-18,6162
2834,臺企銀,21,1,20,中國信託-忠孝,2024-04-18,6162
00725B,國泰投資級公司債,20,0,20,中國信託-忠孝,2024-04-18,6162
2002,中鋼,24,5,19,中國信託-忠孝,2024-04-18,6162
3050,鈺德,25,6,19,中國信託-忠孝,2024-04-18,6162
2608,嘉里大榮,20,1,19,中國信託-忠孝,2024-04-18,6162
1301,台塑,18,0,18,中國信託-忠孝,2024-04-18,6162
2023,燁輝,26,8,18,中國信託-忠孝,2024-04-18,6162
3260,威剛,20,2,18,中國信託-忠孝,2024-04-18,6162
6290,良維,61,44,17,中國信託-忠孝,2024-04-18,6162
2486,一詮,32,16,16,中國信託-忠孝,2024-04-18,6162
00632R,元大台灣50反1,1216,81,1135,中國信託-忠孝,2024-04-19,6162
00929,復華台灣科技優息,1113,232,881,中國信託-忠孝,2024-04-19,6162
00940,元大台灣價值高息,850,238,612,中國信託-忠孝,2024-04-19,6162
00878,國泰永續高股息,256,34,222,中國信託-忠孝,2024-04-19,6162
2888,新光金,205,9,196,中國信託-忠孝,2024-04-19,6162
2889,國票金,180,1,179,中國信託-忠孝,2024-04-19,6162
2330,台積電,277,98,179,中國信託-忠孝,2024-04-19,6162
0056,元大高股息,217,42,175,中國信託-忠孝,2024-04-19,6162
5522,遠雄,132,2,130,中國信託-忠孝,2024-04-19,6162
00713,元大台灣高息低波,126,4,122,中國信託-忠孝,2024-04-19,6162
00941,中信上游半導體,127,16,111,中國信託-忠孝,2024-04-19,6162
1326,台化,108,0,108,中國信託-忠孝,2024-04-19,6162
00919,群益台灣精選高息,390,286,104,中國信託-忠孝,2024-04-19,6162
1603,華電,146,44,102,中國信託-忠孝,2024-04-19,6162
2317,鴻海,191,101,90,中國信託-忠孝,2024-04-19,6162
2201,裕隆,99,10,89,中國信託-忠孝,2024-04-19,6162
2883,凱基金,89,0,89,中國信託-忠孝,2024-04-19,6162
00927,群益半導體收益,98,10,88,中國信託-忠孝,2024-04-19,6162
2501,國建,98,15,83,中國信託-忠孝,2024-04-19,6162
2618,長榮航,84,12,72,中國信託-忠孝,2024-04-19,6162
00918,大華優利高填息30,73,7,66,中國信託-忠孝,2024-04-19,6162
1442,名軒,76,10,66,中國信託-忠孝,2024-04-19,6162
00937B,群益ESG投等債20,128,67,61,中國信託-忠孝,2024-04-19,6162
00679B,元大美債20年,70,13,57,中國信託-忠孝,2024-04-19,6162
2610,華航,82,26,56,中國信託-忠孝,2024-04-19,6162
2303,聯電,63,8,55,中國信託-忠孝,2024-04-19,6162
6016,康和證,54,1,53,中國信託-忠孝,2024-04-19,6162
2515,中工,304,256,48,中國信託-忠孝,2024-04-19,6162
1608,華榮,272,226,46,中國信託-忠孝,2024-04-19,6162
1438,三地開發,45,0,45,中國信託-忠孝,2024-04-19,6162
2891,中信金,50,7,43,中國信託-忠孝,2024-04-19,6162
2406,國碩,43,0,43,中國信託-忠孝,2024-04-19,6162
00692,富邦公司治理,57,15,42,中國信託-忠孝,2024-04-19,6162
1609,大亞,1134,1092,42,中國信託-忠孝,2024-04-19,6162
6841,長佳智能,40,0,40,中國信託-忠孝,2024-04-19,6162
8940,新天地,40,0,40,中國信託-忠孝,2024-04-19,6162
2516,新建,40,0,40,中國信託-忠孝,2024-04-19,6162
2547,日勝生,43,3,40,中國信託-忠孝,2024-04-19,6162
1605,華新,64,25,39,中國信託-忠孝,2024-04-19,6162
006208,富邦台50,47,8,39,中國信託-忠孝,2024-04-19,6162
00892,富邦台灣半導體,38,0,38,中國信託-忠孝,2024-04-19,6162
5512,力麒,146,109,37,中國信託-忠孝,2024-04-19,6162
2880,華南金,37,0,37,中國信託-忠孝,2024-04-19,6162
4533,協易機,72,35,37,中國信託-忠孝,2024-04-19,6162
2605,新興,62,25,37,中國信託-忠孝,2024-04-19,6162
4128,中天,46,10,36,中國信託-忠孝,2024-04-19,6162
2528,皇普,44,8,36,中國信託-忠孝,2024-04-19,6162
2892,第一金,38,3,35,中國信託-忠孝,2024-04-19,6162
2634,漢翔,67,33,34,中國信託-忠孝,2024-04-19,6162
3481,群創,61,27,34,中國信託-忠孝,2024-04-19,6162
00632R,元大台灣50反1,817,38,779,中國信託-忠孝,2024-04-22,6162
1609,大亞,931,516,415,中國信託-忠孝,2024-04-22,6162
00940,元大台灣價值高息,401,59,342,中國信託-忠孝,2024-04-22,6162
00937B,群益ESG投等債20,266,0,266,中國信託-忠孝,2024-04-22,6162
2511,太子,261,10,251,中國信託-忠孝,2024-04-22,6162
2545,皇翔,231,21,210,中國信託-忠孝,2024-04-22,6162
2101,南港,360,183,177,中國信託-忠孝,2024-04-22,6162
2809,京城銀,142,11,131,中國信託-忠孝,2024-04-22,6162
5512,力麒,247,117,130,中國信託-忠孝,2024-04-22,6162
2534,宏盛,134,22,112,中國信託-忠孝,2024-04-22,6162
5522,遠雄,114,5,109,中國信託-忠孝,2024-04-22,6162
00687B,國泰20年美債,106,3,103,中國信託-忠孝,2024-04-22,6162
2382,廣達,116,16,100,中國信託-忠孝,2024-04-22,6162
00939,統一台灣高息動能,87,8,79,中國信託-忠孝,2024-04-22,6162
6005,群益證,88,11,77,中國信託-忠孝,2024-04-22,6162
2324,仁寶,102,26,76,中國信託-忠孝,2024-04-22,6162
00795B,中信美國公債20年,74,0,74,中國信託-忠孝,2024-04-22,6162
00713,元大台灣高息低波,83,11,72,中國信託-忠孝,2024-04-22,6162
3024,憶聲,63,5,58,中國信託-忠孝,2024-04-22,6162
00679B,元大美債20年,67,10,57,中國信託-忠孝,2024-04-22,6162
2547,日勝生,68,12,56,中國信託-忠孝,2024-04-22,6162
2363,矽統,83,27,56,中國信託-忠孝,2024-04-22,6162
00919,群益台灣精選高息,220,165,55,中國信託-忠孝,2024-04-22,6162
2303,聯電,61,13,48,中國信託-忠孝,2024-04-22,6162
00878,國泰永續高股息,83,35,48,中國信託-忠孝,2024-04-22,6162
2504,國產,75,28,47,中國信託-忠孝,2024-04-22,6162
2537,聯上發,50,6,44,中國信託-忠孝,2024-04-22,6162
8936,國統,73,29,44,中國信託-忠孝,2024-04-22,6162
2489,瑞軒,45,2,43,中國信託-忠孝,2024-04-22,6162
3481,群創,87,44,43,中國信託-忠孝,2024-04-22,6162
3324,雙鴻,47,4,43,中國信託-忠孝,2024-04-22,6162
3703,欣陸,111,69,42,中國信託-忠孝,2024-04-22,6162
4609,唐鋒,37,0,37,中國信託-忠孝,2024-04-22,6162
1442,名軒,30,1,29,中國信託-忠孝,2024-04-22,6162
1909,榮成,30,2,28,中國信託-忠孝,2024-04-22,6162
00927,群益半導體收益,27,0,27,中國信託-忠孝,2024-04-22,6162
3713,新晶投控,27,0,27,中國信託-忠孝,2024-04-22,6162
6230,尼得科超眾,25,0,25,中國信託-忠孝,2024-04-22,6162
5439,高技,25,1,24,中國信託-忠孝,2024-04-22,6162
1617,榮星,47,23,24,中國信託-忠孝,2024-04-22,6162
1409,新纖,30,6,24,中國信託-忠孝,2024-04-22,6162
2329,華泰,49,26,23,中國信託-忠孝,2024-04-22,6162
3231,緯創,63,40,23,中國信託-忠孝,2024-04-22,6162
6188,廣明,22,0,22,中國信託-忠孝,2024-04-22,6162
2014,中鴻,24,2,22,中國信託-忠孝,2024-04-22,6162
3287,廣寰科,34,12,22,中國信託-忠孝,2024-04-22,6162
3479,安勤,21,0,21,中國信託-忠孝,2024-04-22,6162
2515,中工,215,195,20,中國信託-忠孝,2024-04-22,6162
1103,嘉泥,20,0,20,中國信託-忠孝,2024-04-22,6162
8039,台虹,20,0,20,中國信託-忠孝,2024-04-22,6162
2363,矽統,241,45,196,中國信託-忠孝,2024-04-23,6162
00929,復華台灣科技優息,178,27,151,中國信託-忠孝,2024-04-23,6162
00679B,元大美債20年,156,9,147,中國信託-忠孝,2024-04-23,6162
2324,仁寶,127,0,127,中國信託-忠孝,2024-04-23,6162
1810,和成,110,0,110,中國信託-忠孝,2024-04-23,6162
1440,南紡,142,34,108,中國信託-忠孝,2024-04-23,6162
2515,中工,111,22,89,中國信託-忠孝,2024-04-23,6162
2524,京城,96,8,88,中國信託-忠孝,2024-04-23,6162
2406,國碩,77,0,77,中國信託-忠孝,2024-04-23,6162
00940,元大台灣價值高息,108,37,71,中國信託-忠孝,2024-04-23,6162
2344,華邦電,67,4,63,中國信託-忠孝,2024-04-23,6162
00632R,元大台灣50反1,62,0,62,中國信託-忠孝,2024-04-23,6162
2317,鴻海,73,19,54,中國信託-忠孝,2024-04-23,6162
912000,晨訊科-DR,52,0,52,中國信託-忠孝,2024-04-23,6162
6443,元晶,53,6,47,中國信託-忠孝,2024-04-23,6162
3056,富華新,47,2,45,中國信託-忠孝,2024-04-23,6162
00631L,元大台灣50正2,56,12,44,中國信託-忠孝,2024-04-23,6162
00676R,富邦臺灣加權反1,40,0,40,中國信託-忠孝,2024-04-23,6162
5548,安倉,38,0,38,中國信託-忠孝,2024-04-23,6162
0050,元大台灣50,42,4,38,中國信託-忠孝,2024-04-23,6162
2888,新光金,58,21,37,中國信託-忠孝,2024-04-23,6162
2520,冠德,69,33,36,中國信託-忠孝,2024-04-23,6162
00937B,群益ESG投等債20,34,7,27,中國信託-忠孝,2024-04-23,6162
5521,工信,29,4,25,中國信託-忠孝,2024-04-23,6162
4533,協易機,22,0,22,中國信託-忠孝,2024-04-23,6162
2408,南亞科,23,1,22,中國信託-忠孝,2024-04-23,6162
6770,力積電,22,1,21,中國信託-忠孝,2024-04-23,6162
1605,華新,73,52,21,中國信託-忠孝,2024-04-23,6162
1714,和桐,20,0,20,中國信託-忠孝,2024-04-23,6162
2023,燁輝,20,0,20,中國信託-忠孝,2024-04-23,6162
2356,英業達,31,12,19,中國信託-忠孝,2024-04-23,6162
3666,光耀,19,0,19,中國信託-忠孝,2024-04-23,6162
6290,良維,19,0,19,中國信託-忠孝,2024-04-23,6162
1314,中石化,25,6,19,中國信託-忠孝,2024-04-23,6162
1612,宏泰,18,1,17,中國信託-忠孝,2024-04-23,6162
3015,全漢,17,0,17,中國信託-忠孝,2024-04-23,6162
0056,元大高股息,21,4,17,中國信託-忠孝,2024-04-23,6162
9914,美利達,15,0,15,中國信託-忠孝,2024-04-23,6162
00878,國泰永續高股息,56,41,15,中國信託-忠孝,2024-04-23,6162
2303,聯電,17,2,15,中國信託-忠孝,2024-04-23,6162
00933B,國泰10Y+金融債,15,0,15,中國信託-忠孝,2024-04-23,6162
00919,群益台灣精選高息,97,82,15,中國信託-忠孝,2024-04-23,6162
5522,遠雄,15,0,15,中國信託-忠孝,2024-04-23,6162
2509,全坤建,20,6,14,中國信託-忠孝,2024-04-23,6162
2206,三陽工業,37,24,13,中國信託-忠孝,2024-04-23,6162
2731,雄獅,16,3,13,中國信託-忠孝,2024-04-23,6162
2605,新興,14,1,13,中國信託-忠孝,2024-04-23,6162
6535,順藥,13,0,13,中國信託-忠孝,2024-04-23,6162
5529,鉅陞,45,32,13,中國信託-忠孝,2024-04-23,6162
6668,中揚光,15,2,13,中國信託-忠孝,2024-04-23,6162
00632R,元大台灣50反1,1305,106,1199,中國信託-忠孝,2024-04-24,6162
3056,富華新,305,0,305,中國信託-忠孝,2024-04-24,6162
5512,力麒,252,23,229,中國信託-忠孝,2024-04-24,6162
2101,南港,352,209,143,中國信託-忠孝,2024-04-24,6162
00929,復華台灣科技優息,165,35,130,中國信託-忠孝,2024-04-24,6162
2534,宏盛,214,98,116,中國信託-忠孝,2024-04-24,6162
3231,緯創,213,129,84,中國信託-忠孝,2024-04-24,6162
6005,群益證,100,21,79,中國信託-忠孝,2024-04-24,6162
00857B,永豐20年美公債,76,0,76,中國信託-忠孝,2024-04-24,6162
00679B,元大美債20年,75,3,72,中國信託-忠孝,2024-04-24,6162
4533,協易機,66,6,60,中國信託-忠孝,2024-04-24,6162
2520,冠德,77,22,55,中國信託-忠孝,2024-04-24,6162
2363,矽統,102,47,55,中國信託-忠孝,2024-04-24,6162
00637L,元大滬深300正2,50,0,50,中國信託-忠孝,2024-04-24,6162
00937B,群益ESG投等債20,58,15,43,中國信託-忠孝,2024-04-24,6162
2545,皇翔,40,1,39,中國信託-忠孝,2024-04-24,6162
00919,群益台灣精選高息,54,16,38,中國信託-忠孝,2024-04-24,6162
2543,皇昌,41,5,36,中國信託-忠孝,2024-04-24,6162
6219,富旺,35,0,35,中國信託-忠孝,2024-04-24,6162
8011,台通,43,8,35,中國信託-忠孝,2024-04-24,6162
00941,中信上游半導體,85,51,34,中國信託-忠孝,2024-04-24,6162
4976,佳凌,33,2,31,中國信託-忠孝,2024-04-24,6162
4915,致伸,30,0,30,中國信託-忠孝,2024-04-24,6162
9924,福興,29,0,29,中國信託-忠孝,2024-04-24,6162
2349,錸德,28,0,28,中國信託-忠孝,2024-04-24,6162
0050,元大台灣50,35,8,27,中國信託-忠孝,2024-04-24,6162
2812,台中銀,31,6,25,中國信託-忠孝,2024-04-24,6162
0056,元大高股息,32,7,25,中國信託-忠孝,2024-04-24,6162
6443,元晶,59,35,24,中國信託-忠孝,2024-04-24,6162
6125,廣運,109,86,23,中國信託-忠孝,2024-04-24,6162
2353,宏��,24,2,22,中國信託-忠孝,2024-04-24,6162
5508,永信建,21,0,21,中國信託-忠孝,2024-04-24,6162
00757,統一FANG+,20,0,20,中國信託-忠孝,2024-04-24,6162
3218,大學光,20,0,20,中國信託-忠孝,2024-04-24,6162
1455,集盛,22,2,20,中國信託-忠孝,2024-04-24,6162
5306,桂盟,20,0,20,中國信託-忠孝,2024-04-24,6162
1526,日馳,20,0,20,中國信託-忠孝,2024-04-24,6162
00676R,富邦臺灣加權反1,20,0,20,中國信託-忠孝,2024-04-24,6162
00664R,國泰臺灣加權反1,20,0,20,中國信託-忠孝,2024-04-24,6162
5381,合正,20,0,20,中國信託-忠孝,2024-04-24,6162
4543,萬在,20,0,20,中國信託-忠孝,2024-04-24,6162
1618,合機,45,26,19,中國信託-忠孝,2024-04-24,6162
00687B,國泰20年美債,26,8,18,中國信託-忠孝,2024-04-24,6162
2886,兆豐金,17,0,17,中國信託-忠孝,2024-04-24,6162
3715,定穎投控,19,3,16,中國信託-忠孝,2024-04-24,6162
2027,大成鋼,18,3,15,中國信託-忠孝,2024-04-24,6162
4562,穎漢,15,0,15,中國信託-忠孝,2024-04-24,6162
2834,臺企銀,22,8,14,中國信託-忠孝,2024-04-24,6162
2641,正德,16,2,14,中國信託-忠孝,2024-04-24,6162
3666,光耀,13,0,13,中國信託-忠孝,2024-04-24,6162
2534,宏盛,844,264,580,中國信託-忠孝,2024-04-25,6162
3056,富華新,543,0,543,中國信託-忠孝,2024-04-25,6162
00937B,群益ESG投等債20,359,0,359,中國信託-忠孝,2024-04-25,6162
2891,中信金,121,6,115,中國信託-忠孝,2024-04-25,6162
1326,台化,110,0,110,中國信託-忠孝,2024-04-25,6162
2536,宏普,88,0,88,中國信託-忠孝,2024-04-25,6162
00878,國泰永續高股息,85,10,75,中國信託-忠孝,2024-04-25,6162
00687B,國泰20年美債,87,12,75,中國信託-忠孝,2024-04-25,6162
5531,鄉林,81,8,73,中國信託-忠孝,2024-04-25,6162
2317,鴻海,128,57,71,中國信託-忠孝,2024-04-25,6162
00637L,元大滬深300正2,150,81,69,中國信託-忠孝,2024-04-25,6162
00679B,元大美債20年,66,1,65,中國信託-忠孝,2024-04-25,6162
2442,新美齊,62,0,62,中國信託-忠孝,2024-04-25,6162
2610,華航,188,128,60,中國信託-忠孝,2024-04-25,6162
1810,和成,60,0,60,中國信託-忠孝,2024-04-25,6162
8234,新漢,65,6,59,中國信託-忠孝,2024-04-25,6162
1316,上曜,74,16,58,中國信託-忠孝,2024-04-25,6162
9933,中鼎,47,5,42,中國信託-忠孝,2024-04-25,6162
2504,國產,74,36,38,中國信託-忠孝,2024-04-25,6162
00650L,復華香港正2,70,35,35,中國信託-忠孝,2024-04-25,6162
5522,遠雄,35,2,33,中國信託-忠孝,2024-04-25,6162
2501,國建,174,142,32,中國信託-忠孝,2024-04-25,6162
00929,復華台灣科技優息,56,24,32,中國信託-忠孝,2024-04-25,6162
00688L,國泰20年美債正2,31,0,31,中國信託-忠孝,2024-04-25,6162
6005,群益證,32,1,31,中國信託-忠孝,2024-04-25,6162
2486,一詮,65,34,31,中國信託-忠孝,2024-04-25,6162
4915,致伸,30,0,30,中國信託-忠孝,2024-04-25,6162
2062,橋椿,30,0,30,中國信託-忠孝,2024-04-25,6162
8054,安國,31,2,29,中國信託-忠孝,2024-04-25,6162
2892,第一金,29,0,29,中國信託-忠孝,2024-04-25,6162
2887,台新金,28,0,28,中國信託-忠孝,2024-04-25,6162
4401,東隆興,153,127,26,中國信託-忠孝,2024-04-25,6162
2359,所羅門,42,16,26,中國信託-忠孝,2024-04-25,6162
0056,元大高股息,26,0,26,中國信託-忠孝,2024-04-25,6162
3260,威剛,27,2,25,中國信託-忠孝,2024-04-25,6162
2330,台積電,34,9,25,中國信託-忠孝,2024-04-25,6162
6125,廣運,95,71,24,中國信託-忠孝,2024-04-25,6162
00751B,元大AAA至A公司債,24,0,24,中國信託-忠孝,2024-04-25,6162
2344,華邦電,24,1,23,中國信託-忠孝,2024-04-25,6162
3231,緯創,44,22,22,中國信託-忠孝,2024-04-25,6162
9944,新麗,22,0,22,中國信託-忠孝,2024-04-25,6162
00891,中信關鍵半導體,20,0,20,中國信託-忠孝,2024-04-25,6162
3703,欣陸,31,11,20,中國信託-忠孝,2024-04-25,6162
2371,大同,97,78,19,中國信託-忠孝,2024-04-25,6162
00941,中信上游半導體,19,0,19,中國信託-忠孝,2024-04-25,6162
2303,聯電,27,9,18,中國信託-忠孝,2024-04-25,6162
00933B,國泰10Y+金融債,18,2,16,中國信託-忠孝,2024-04-25,6162
5607,遠雄港,16,0,16,中國信託-忠孝,2024-04-25,6162
1409,新纖,20,5,15,中國信託-忠孝,2024-04-25,6162
6213,聯茂,37,22,15,中國信託-忠孝,2024-04-25,6162
2534,宏盛,2388,1533,855,中國信託-忠孝,2024-04-26,6162
00632R,元大台灣50反1,502,100,402,中國信託-忠孝,2024-04-26,6162
00679B,元大美債20年,331,23,308,中國信託-忠孝,2024-04-26,6162
3056,富華新,302,7,295,中國信託-忠孝,2024-04-26,6162
2501,國建,304,146,158,中國信託-忠孝,2024-04-26,6162
2515,中工,222,73,149,中國信託-忠孝,2024-04-26,6162
00937B,群益ESG投等債20,143,1,142,中國信託-忠孝,2024-04-26,6162
5009,榮剛,102,1,101,中國信託-忠孝,2024-04-26,6162
00661,元大日經225,100,0,100,中國信託-忠孝,2024-04-26,6162
00665L,富邦�琤肭磪囓�2,131,43,88,中國信託-忠孝,2024-04-26,6162
5512,力麒,100,30,70,中國信託-忠孝,2024-04-26,6162
00772B,中信高評級公司債,65,0,65,中國信託-忠孝,2024-04-26,6162
2359,所羅門,277,212,65,中國信託-忠孝,2024-04-26,6162
2486,一詮,248,195,53,中國信託-忠孝,2024-04-26,6162
6120,達運,52,0,52,中國信託-忠孝,2024-04-26,6162
00929,復華台灣科技優息,81,31,50,中國信託-忠孝,2024-04-26,6162
4716,大立,53,8,45,中國信託-忠孝,2024-04-26,6162
1314,中石化,53,10,43,中國信託-忠孝,2024-04-26,6162
1303,南亞,41,0,41,中國信託-忠孝,2024-04-26,6162
2641,正德,41,0,41,中國信託-忠孝,2024-04-26,6162
00687B,國泰20年美債,51,11,40,中國信託-忠孝,2024-04-26,6162
5522,遠雄,40,0,40,中國信託-忠孝,2024-04-26,6162
1810,和成,40,0,40,中國信託-忠孝,2024-04-26,6162
5514,三豐,43,4,39,中國信託-忠孝,2024-04-26,6162
2313,華通,50,14,36,中國信託-忠孝,2024-04-26,6162
3312,弘憶股,37,2,35,中國信託-忠孝,2024-04-26,6162
2367,燿華,48,15,33,中國信託-忠孝,2024-04-26,6162
6207,雷科,49,17,32,中國信託-忠孝,2024-04-26,6162
2883,凱基金,35,4,31,中國信託-忠孝,2024-04-26,6162
2337,旺宏,31,0,31,中國信託-忠孝,2024-04-26,6162
2371,大同,161,130,31,中國信託-忠孝,2024-04-26,6162
2520,冠德,144,115,29,中國信託-忠孝,2024-04-26,6162
3706,神達,33,5,28,中國信託-忠孝,2024-04-26,6162
3666,光耀,27,0,27,中國信託-忠孝,2024-04-26,6162
00919,群益台灣精選高息,53,29,24,中國信託-忠孝,2024-04-26,6162
2409,友達,58,35,23,中國信託-忠孝,2024-04-26,6162
2101,南港,842,820,22,中國信託-忠孝,2024-04-26,6162
00933B,國泰10Y+金融債,22,0,22,中國信託-忠孝,2024-04-26,6162
00688L,國泰20年美債正2,22,0,22,中國信託-忠孝,2024-04-26,6162
00942B,台新美A公司債20+,22,0,22,中國信託-忠孝,2024-04-26,6162
6213,聯茂,31,10,21,中國信託-忠孝,2024-04-26,6162
3357,臺慶科,20,0,20,中國信託-忠孝,2024-04-26,6162
5202,力新,20,0,20,中國信託-忠孝,2024-04-26,6162
1434,福懋,20,0,20,中國信託-忠孝,2024-04-26,6162
9933,中鼎,24,4,20,中國信託-忠孝,2024-04-26,6162
0056,元大高股息,23,4,19,中國信託-忠孝,2024-04-26,6162
5880,合庫金,18,0,18,中國信託-忠孝,2024-04-26,6162
6446,藥華藥,18,0,18,中國信託-忠孝,2024-04-26,6162
2465,麗臺,19,1,18,中國信託-忠孝,2024-04-26,6162
2867,三商壽,18,0,18,中國信託-忠孝,2024-04-26,6162
3056,富華新,744,228,516,中國信託-忠孝,2024-04-29,6162
2323,中環,347,106,241,中國信託-忠孝,2024-04-29,6162
5522,遠雄,174,4,170,中國信託-忠孝,2024-04-29,6162
2489,瑞軒,155,3,152,中國信託-忠孝,2024-04-29,6162
1714,和桐,152,0,152,中國信託-忠孝,2024-04-29,6162
9945,潤泰新,175,39,136,中國信託-忠孝,2024-04-29,6162
00679B,元大美債20年,132,0,132,中國信託-忠孝,2024-04-29,6162
2603,長榮,123,15,108,中國信託-忠孝,2024-04-29,6162
1718,中纖,100,0,100,中國信託-忠孝,2024-04-29,6162
2609,陽明,424,327,97,中國信託-忠孝,2024-04-29,6162
00665L,富邦�琤肭磪囓�2,100,16,84,中國信託-忠孝,2024-04-29,6162
1909,榮成,88,15,73,中國信託-忠孝,2024-04-29,6162
2324,仁寶,70,0,70,中國信託-忠孝,2024-04-29,6162
5443,均豪,67,0,67,中國信託-忠孝,2024-04-29,6162
2062,橋椿,70,5,65,中國信託-忠孝,2024-04-29,6162
2354,鴻準,101,39,62,中國信託-忠孝,2024-04-29,6162
2534,宏盛,91,33,58,中國信託-忠孝,2024-04-29,6162
2610,華航,118,61,57,中國信託-忠孝,2024-04-29,6162
00650L,復華香港正2,144,90,54,中國信託-忠孝,2024-04-29,6162
2834,臺企銀,65,12,53,中國信託-忠孝,2024-04-29,6162
2511,太子,69,17,52,中國信託-忠孝,2024-04-29,6162
2506,太設,44,0,44,中國信託-忠孝,2024-04-29,6162
6177,達麗,48,7,41,中國信託-忠孝,2024-04-29,6162
2537,聯上發,58,18,40,中國信託-忠孝,2024-04-29,6162
2514,龍邦,40,0,40,中國信託-忠孝,2024-04-29,6162
5514,三豐,39,0,39,中國信託-忠孝,2024-04-29,6162
1603,華電,38,0,38,中國信託-忠孝,2024-04-29,6162
2884,玉山金,92,54,38,中國信託-忠孝,2024-04-29,6162
1103,嘉泥,36,0,36,中國信託-忠孝,2024-04-29,6162
8240,華宏,34,0,34,中國信託-忠孝,2024-04-29,6162
6230,尼得科超眾,44,13,31,中國信託-忠孝,2024-04-29,6162
00686R,群益臺灣加權反1,30,0,30,中國信託-忠孝,2024-04-29,6162
1104,環泥,28,0,28,中國信託-忠孝,2024-04-29,6162
2618,長榮航,122,95,27,中國信託-忠孝,2024-04-29,6162
1734,杏輝,25,0,25,中國信託-忠孝,2024-04-29,6162
2359,所羅門,37,12,25,中國信託-忠孝,2024-04-29,6162
00937B,群益ESG投等債20,25,0,25,中國信託-忠孝,2024-04-29,6162
5515,建國,24,1,23,中國信託-忠孝,2024-04-29,6162
5608,四維航,26,3,23,中國信託-忠孝,2024-04-29,6162
2465,麗臺,28,5,23,中國信託-忠孝,2024-04-29,6162
1459,聯發,21,0,21,中國信託-忠孝,2024-04-29,6162
1611,中電,21,0,21,中國信託-忠孝,2024-04-29,6162
2505,國揚,21,0,21,中國信託-忠孝,2024-04-29,6162
2449,京元電子,27,6,21,中國信託-忠孝,2024-04-29,6162
4532,瑞智,20,0,20,中國信託-忠孝,2024-04-29,6162
1316,上曜,54,35,19,中國信託-忠孝,2024-04-29,6162
2371,大同,23,4,19,中國信託-忠孝,2024-04-29,6162
9914,美利達,20,1,19,中國信託-忠孝,2024-04-29,6162
00939,統一台灣高息動能,19,2,17,中國信託-忠孝,2024-04-29,6162
1451,年興,20,3,17,中國信託-忠孝,2024-04-29,6162
00632R,元大台灣50反1,318,0,318,中國信託-忠孝,2024-04-30,6162
5522,遠雄,306,34,272,中國信託-忠孝,2024-04-30,6162
00753L,中信中國50正2,150,0,150,中國信託-忠孝,2024-04-30,6162
2609,陽明,325,178,147,中國信託-忠孝,2024-04-30,6162
00679B,元大美債20年,145,9,136,中國信託-忠孝,2024-04-30,6162
2891,中信金,188,59,129,中國信託-忠孝,2024-04-30,6162
2363,矽統,323,239,84,中國信託-忠孝,2024-04-30,6162
00665L,富邦�琤肭磪囓�2,101,20,81,中國信託-忠孝,2024-04-30,6162
00919,群益台灣精選高息,101,22,79,中國信託-忠孝,2024-04-30,6162
5514,三豐,57,0,57,中國信託-忠孝,2024-04-30,6162
1734,杏輝,56,0,56,中國信託-忠孝,2024-04-30,6162
5508,永信建,67,17,50,中國信託-忠孝,2024-04-30,6162
2317,鴻海,64,16,48,中國信託-忠孝,2024-04-30,6162
1316,上曜,55,9,46,中國信託-忠孝,2024-04-30,6162
2442,新美齊,51,6,45,中國信託-忠孝,2024-04-30,6162
8234,新漢,39,1,38,中國信託-忠孝,2024-04-30,6162
2851,中再保,38,1,37,中國信託-忠孝,2024-04-30,6162
2408,南亞科,34,0,34,中國信託-忠孝,2024-04-30,6162
00940,元大台灣價值高息,74,41,33,中國信託-忠孝,2024-04-30,6162
00892,富邦台灣半導體,29,0,29,中國信託-忠孝,2024-04-30,6162
00900,富邦特選高股息30,28,0,28,中國信託-忠孝,2024-04-30,6162
2880,華南金,372,346,26,中國信託-忠孝,2024-04-30,6162
2062,橋椿,25,0,25,中國信託-忠孝,2024-04-30,6162
2534,宏盛,50,26,24,中國信託-忠孝,2024-04-30,6162
00929,復華台灣科技優息,53,30,23,中國信託-忠孝,2024-04-30,6162
3312,弘憶股,29,6,23,中國信託-忠孝,2024-04-30,6162
2353,宏��,33,10,23,中國信託-忠孝,2024-04-30,6162
00937B,群益ESG投等債20,32,10,22,中國信託-忠孝,2024-04-30,6162
8096,擎亞,72,51,21,中國信託-忠孝,2024-04-30,6162
2371,大同,106,85,21,中國信託-忠孝,2024-04-30,6162
3363,上詮,134,114,20,中國信託-忠孝,2024-04-30,6162
2915,潤泰全,35,15,20,中國信託-忠孝,2024-04-30,6162
4747,強生,20,0,20,中國信託-忠孝,2024-04-30,6162
4526,東台,25,5,20,中國信託-忠孝,2024-04-30,6162
00688L,國泰20年美債正2,20,0,20,中國信託-忠孝,2024-04-30,6162
2427,三商電,26,6,20,中國信託-忠孝,2024-04-30,6162
2332,友訊,20,0,20,中國信託-忠孝,2024-04-30,6162
2888,新光金,62,42,20,中國信託-忠孝,2024-04-30,6162
1815,富喬,25,7,18,中國信託-忠孝,2024-04-30,6162
2457,飛宏,40,22,18,中國信託-忠孝,2024-04-30,6162
3622,洋華,18,0,18,中國信託-忠孝,2024-04-30,6162
5516,雙喜,17,0,17,中國信託-忠孝,2024-04-30,6162
00680L,元大美債20正2,27,10,17,中國信託-忠孝,2024-04-30,6162
2537,聯上發,36,20,16,中國信託-忠孝,2024-04-30,6162
00891,中信關鍵半導體,21,5,16,中國信託-忠孝,2024-04-30,6162
3504,揚明光,15,0,15,中國信託-忠孝,2024-04-30,6162
5301,寶得利,14,0,14,中國信託-忠孝,2024-04-30,6162
2201,裕隆,14,0,14,中國信託-忠孝,2024-04-30,6162
6668,中揚光,17,3,14,中國信託-忠孝,2024-04-30,6162
5457,宣德,26,12,14,中國信託-忠孝,2024-04-30,6162
5522,遠雄,220,2,218,中國信託-忠孝,2024-05-02,6162
00878,國泰永續高股息,246,36,210,中國信託-忠孝,2024-05-02,6162
2615,萬海,220,24,196,中國信託-忠孝,2024-05-02,6162
1314,中石化,219,62,157,中國信託-忠孝,2024-05-02,6162
2324,仁寶,155,0,155,中國信託-忠孝,2024-05-02,6162
00940,元大台灣價值高息,143,26,117,中國信託-忠孝,2024-05-02,6162
1440,南紡,112,0,112,中國信託-忠孝,2024-05-02,6162
3033,威健,117,13,104,中國信託-忠孝,2024-05-02,6162
1326,台化,100,0,100,中國信託-忠孝,2024-05-02,6162
3056,富華新,101,1,100,中國信託-忠孝,2024-05-02,6162
1612,宏泰,99,0,99,中國信託-忠孝,2024-05-02,6162
2610,華航,199,111,88,中國信託-忠孝,2024-05-02,6162
00751B,元大AAA至A公司債,86,0,86,中國信託-忠孝,2024-05-02,6162
4306,炎洲,83,0,83,中國信託-忠孝,2024-05-02,6162
2542,興富發,141,61,80,中國信託-忠孝,2024-05-02,6162
2809,京城銀,82,4,78,中國信託-忠孝,2024-05-02,6162
3645,達邁,75,0,75,中國信託-忠孝,2024-05-02,6162
00937B,群益ESG投等債20,73,0,73,中國信託-忠孝,2024-05-02,6162
3481,群創,76,11,65,中國信託-忠孝,2024-05-02,6162
5521,工信,111,46,65,中國信託-忠孝,2024-05-02,6162
00631L,元大台灣50正2,66,3,63,中國信託-忠孝,2024-05-02,6162
8064,東捷,76,19,57,中國信託-忠孝,2024-05-02,6162
00720B,元大投資級公司債,65,8,57,中國信託-忠孝,2024-05-02,6162
2834,臺企銀,53,0,53,中國信託-忠孝,2024-05-02,6162
2367,燿華,49,0,49,中國信託-忠孝,2024-05-02,6162
5324,士開,50,1,49,中國信託-忠孝,2024-05-02,6162
00929,復華台灣科技優息,74,29,45,中國信託-忠孝,2024-05-02,6162
00687B,國泰20年美債,45,0,45,中國信託-忠孝,2024-05-02,6162
00679B,元大美債20年,43,1,42,中國信託-忠孝,2024-05-02,6162
00919,群益台灣精選高息,82,45,37,中國信託-忠孝,2024-05-02,6162
2891,中信金,102,70,32,中國信託-忠孝,2024-05-02,6162
00857B,永豐20年美公債,32,0,32,中國信託-忠孝,2024-05-02,6162
1806,冠軍,30,0,30,中國信託-忠孝,2024-05-02,6162
1220,台榮,30,1,29,中國信託-忠孝,2024-05-02,6162
2603,長榮,41,15,26,中國信託-忠孝,2024-05-02,6162
8240,華宏,26,0,26,中國信託-忠孝,2024-05-02,6162
6693,廣閎科,26,1,25,中國信託-忠孝,2024-05-02,6162
2330,台積電,29,5,24,中國信託-忠孝,2024-05-02,6162
2816,旺旺保,24,0,24,中國信託-忠孝,2024-05-02,6162
2497,怡利電,26,2,24,中國信託-忠孝,2024-05-02,6162
00941,中信上游半導體,29,5,24,中國信託-忠孝,2024-05-02,6162
3006,晶豪科,38,14,24,中國信託-忠孝,2024-05-02,6162
00772B,中信高評級公司債,26,3,23,中國信託-忠孝,2024-05-02,6162
9958,世紀鋼,26,4,22,中國信託-忠孝,2024-05-02,6162
2705,六福,22,0,22,中國信託-忠孝,2024-05-02,6162
2884,玉山金,24,2,22,中國信託-忠孝,2024-05-02,6162
2530,華建,22,1,21,中國信託-忠孝,2024-05-02,6162
00795B,中信美國公債20年,20,0,20,中國信託-忠孝,2024-05-02,6162
2409,友達,20,0,20,中國信託-忠孝,2024-05-02,6162
5213,亞昕,20,1,19,中國信託-忠孝,2024-05-02,6162
2618,長榮航,1466,141,1325,中國信託-忠孝,2024-05-03,6162
1446,宏和,363,6,357,中國信託-忠孝,2024-05-03,6162
5522,遠雄,153,14,139,中國信託-忠孝,2024-05-03,6162
1314,中石化,129,11,118,中國信託-忠孝,2024-05-03,6162
00687B,國泰20年美債,119,5,114,中國信託-忠孝,2024-05-03,6162
00878,國泰永續高股息,132,22,110,中國信託-忠孝,2024-05-03,6162
00751B,元大AAA至A公司債,137,28,109,中國信託-忠孝,2024-05-03,6162
00679B,元大美債20年,134,29,105,中國信託-忠孝,2024-05-03,6162
1440,南紡,106,3,103,中國信託-忠孝,2024-05-03,6162
3056,富華新,100,1,99,中國信託-忠孝,2024-05-03,6162
2834,臺企銀,91,1,90,中國信託-忠孝,2024-05-03,6162
00650L,復華香港正2,100,10,90,中國信託-忠孝,2024-05-03,6162
00929,復華台灣科技優息,141,52,89,中國信託-忠孝,2024-05-03,6162
00937B,群益ESG投等債20,115,30,85,中國信託-忠孝,2024-05-03,6162
6770,力積電,122,43,79,中國信託-忠孝,2024-05-03,6162
1316,上曜,204,136,68,中國信託-忠孝,2024-05-03,6162
2542,興富發,76,11,65,中國信託-忠孝,2024-05-03,6162
3231,緯創,93,32,61,中國信託-忠孝,2024-05-03,6162
3576,聯合再生,60,0,60,中國信託-忠孝,2024-05-03,6162
2367,燿華,59,9,50,中國信託-忠孝,2024-05-03,6162
2609,陽明,157,108,49,中國信託-忠孝,2024-05-03,6162
00720B,元大投資級公司債,46,0,46,中國信託-忠孝,2024-05-03,6162
2486,一詮,87,42,45,中國信託-忠孝,2024-05-03,6162
9914,美利達,45,0,45,中國信託-忠孝,2024-05-03,6162
2007,燁興,64,20,44,中國信託-忠孝,2024-05-03,6162
00933B,國泰10Y+金融債,44,1,43,中國信託-忠孝,2024-05-03,6162
8121,越峰,43,0,43,中國信託-忠孝,2024-05-03,6162
2461,光群雷,42,0,42,中國信託-忠孝,2024-05-03,6162
4714,永捷,44,7,37,中國信託-忠孝,2024-05-03,6162
5512,力麒,78,43,35,中國信託-忠孝,2024-05-03,6162
1734,杏輝,34,0,34,中國信託-忠孝,2024-05-03,6162
8927,北基,36,2,34,中國信託-忠孝,2024-05-03,6162
8096,擎亞,251,217,34,中國信託-忠孝,2024-05-03,6162
2880,華南金,33,0,33,中國信託-忠孝,2024-05-03,6162
2331,精英,32,0,32,中國信託-忠孝,2024-05-03,6162
2369,菱生,32,0,32,中國信託-忠孝,2024-05-03,6162
1815,富喬,70,39,31,中國信託-忠孝,2024-05-03,6162
4526,東台,33,3,30,中國信託-忠孝,2024-05-03,6162
1460,宏遠,30,0,30,中國信託-忠孝,2024-05-03,6162
2374,佳能,27,0,27,中國信託-忠孝,2024-05-03,6162
2201,裕隆,85,59,26,中國信託-忠孝,2024-05-03,6162
2888,新光金,43,17,26,中國信託-忠孝,2024-05-03,6162
5514,三豐,31,5,26,中國信託-忠孝,2024-05-03,6162
8076,伍豐,27,2,25,中國信託-忠孝,2024-05-03,6162
2891,中信金,72,48,24,中國信託-忠孝,2024-05-03,6162
00795B,中信美國公債20年,23,0,23,中國信託-忠孝,2024-05-03,6162
00632R,元大台灣50反1,142,120,22,中國信託-忠孝,2024-05-03,6162
6188,廣明,22,0,22,中國信託-忠孝,2024-05-03,6162
5508,永信建,33,12,21,中國信託-忠孝,2024-05-03,6162
5469,瀚宇博,21,0,21,中國信託-忠孝,2024-05-03,6162
00637L,元大滬深300正2,407,0,407,中國信託-忠孝,2024-05-06,6162
00937B,群益ESG投等債20,272,26,246,中國信託-忠孝,2024-05-06,6162
5522,遠雄,260,17,243,中國信託-忠孝,2024-05-06,6162
9933,中鼎,198,10,188,中國信託-忠孝,2024-05-06,6162
00632R,元大台灣50反1,179,8,171,中國信託-忠孝,2024-05-06,6162
5512,力麒,152,0,152,中國信託-忠孝,2024-05-06,6162
00665L,富邦�琤肭磪囓�2,150,0,150,中國信託-忠孝,2024-05-06,6162
2349,錸德,105,0,105,中國信託-忠孝,2024-05-06,6162
00929,復華台灣科技優息,208,113,95,中國信託-忠孝,2024-05-06,6162
2344,華邦電,100,9,91,中國信託-忠孝,2024-05-06,6162
00679B,元大美債20年,88,9,79,中國信託-忠孝,2024-05-06,6162
2371,大同,136,60,76,中國信託-忠孝,2024-05-06,6162
3056,富華新,65,2,63,中國信託-忠孝,2024-05-06,6162
8240,華宏,57,0,57,中國信託-忠孝,2024-05-06,6162
1446,宏和,47,0,47,中國信託-忠孝,2024-05-06,6162
2906,高林,45,5,40,中國信託-忠孝,2024-05-06,6162
1314,中石化,46,7,39,中國信託-忠孝,2024-05-06,6162
00687B,國泰20年美債,46,7,39,中國信託-忠孝,2024-05-06,6162
3312,弘憶股,102,64,38,中國信託-忠孝,2024-05-06,6162
2885,元大金,53,15,38,中國信託-忠孝,2024-05-06,6162
4526,東台,38,1,37,中國信託-忠孝,2024-05-06,6162
2880,華南金,34,4,30,中國信託-忠孝,2024-05-06,6162
2498,宏達電,30,0,30,中國信託-忠孝,2024-05-06,6162
00945B,凱基美國非投等債,30,0,30,中國信託-忠孝,2024-05-06,6162
1616,億泰,43,14,29,中國信託-忠孝,2024-05-06,6162
6288,聯嘉,30,2,28,中國信託-忠孝,2024-05-06,6162
2417,圓剛,26,0,26,中國信託-忠孝,2024-05-06,6162
3163,波若威,33,8,25,中國信託-忠孝,2024-05-06,6162
5443,均豪,24,0,24,中國信託-忠孝,2024-05-06,6162
8234,新漢,24,0,24,中國信託-忠孝,2024-05-06,6162
2308,台達電,105,83,22,中國信託-忠孝,2024-05-06,6162
6186,新潤,22,0,22,中國信託-忠孝,2024-05-06,6162
1734,杏輝,21,0,21,中國信託-忠孝,2024-05-06,6162
5439,高技,21,0,21,中國信託-忠孝,2024-05-06,6162
2025,千興,20,0,20,中國信託-忠孝,2024-05-06,6162
4533,協易機,23,3,20,中國信託-忠孝,2024-05-06,6162
8064,東捷,23,3,20,中國信託-忠孝,2024-05-06,6162
2618,長榮航,84,65,19,中國信託-忠孝,2024-05-06,6162
6182,合晶,18,0,18,中國信託-忠孝,2024-05-06,6162
5514,三豐,23,5,18,中國信託-忠孝,2024-05-06,6162
5508,永信建,21,4,17,中國信託-忠孝,2024-05-06,6162
1503,士電,27,10,17,中國信託-忠孝,2024-05-06,6162
8927,北基,16,0,16,中國信託-忠孝,2024-05-06,6162
3564,其陽,31,15,16,中國信託-忠孝,2024-05-06,6162
4167,松瑞藥,20,4,16,中國信託-忠孝,2024-05-06,6162
6024,群益期,15,0,15,中國信託-忠孝,2024-05-06,6162
6640,均華,16,2,14,中國信託-忠孝,2024-05-06,6162
1605,華新,19,5,14,中國信託-忠孝,2024-05-06,6162
3666,光耀,14,0,14,中國信託-忠孝,2024-05-06,6162
8070,長華*,21,7,14,中國信託-忠孝,2024-05-06,6162
2610,華航,448,21,427,中國信託-忠孝,2024-05-07,6162
3056,富華新,258,6,252,中國信託-忠孝,2024-05-07,6162
00940,元大台灣價值高息,179,34,145,中國信託-忠孝,2024-05-07,6162
5522,遠雄,165,28,137,中國信託-忠孝,2024-05-07,6162
00878,國泰永續高股息,147,12,135,中國信託-忠孝,2024-05-07,6162
00632R,元大台灣50反1,113,0,113,中國信託-忠孝,2024-05-07,6162
2609,陽明,291,184,107,中國信託-忠孝,2024-05-07,6162
00929,復華台灣科技優息,130,30,100,中國信託-忠孝,2024-05-07,6162
8240,華宏,97,2,95,中國信託-忠孝,2024-05-07,6162
6186,新潤,116,36,80,中國信託-忠孝,2024-05-07,6162
00937B,群益ESG投等債20,77,0,77,中國信託-忠孝,2024-05-07,6162
5514,三豐,76,0,76,中國信託-忠孝,2024-05-07,6162
1108,幸福,86,10,76,中國信託-忠孝,2024-05-07,6162
2520,冠德,127,55,72,中國信託-忠孝,2024-05-07,6162
1609,大亞,92,25,67,中國信託-忠孝,2024-05-07,6162
00882,中信中國高股息,63,4,59,中國信託-忠孝,2024-05-07,6162
4532,瑞智,53,0,53,中國信託-忠孝,2024-05-07,6162
2834,臺企銀,52,1,51,中國信託-忠孝,2024-05-07,6162
2367,燿華,82,32,50,中國信託-忠孝,2024-05-07,6162
2349,錸德,50,0,50,中國信託-忠孝,2024-05-07,6162
00665L,富邦�琤肭磪囓�2,55,5,50,中國信託-忠孝,2024-05-07,6162
6005,群益證,63,15,48,中國信託-忠孝,2024-05-07,6162
3576,聯合再生,48,0,48,中國信託-忠孝,2024-05-07,6162
2883B,凱基金乙特,45,0,45,中國信託-忠孝,2024-05-07,6162
5009,榮剛,49,5,44,中國信託-忠孝,2024-05-07,6162
5512,力麒,41,0,41,中國信託-忠孝,2024-05-07,6162
6290,良維,68,31,37,中國信託-忠孝,2024-05-07,6162
2371,大同,80,44,36,中國信託-忠孝,2024-05-07,6162
4526,東台,55,19,36,中國信託-忠孝,2024-05-07,6162
1446,宏和,39,3,36,中國信託-忠孝,2024-05-07,6162
00795B,中信美國公債20年,35,0,35,中國信託-忠孝,2024-05-07,6162
8182,加高,34,0,34,中國信託-忠孝,2024-05-07,6162
00687B,國泰20年美債,34,3,31,中國信託-忠孝,2024-05-07,6162
00679B,元大美債20年,31,0,31,中國信託-忠孝,2024-05-07,6162
5439,高技,30,0,30,中國信託-忠孝,2024-05-07,6162
1608,華榮,44,16,28,中國信託-忠孝,2024-05-07,6162
3013,晟銘電,102,77,25,中國信託-忠孝,2024-05-07,6162
8096,擎亞,174,149,25,中國信託-忠孝,2024-05-07,6162
4306,炎洲,22,0,22,中國信託-忠孝,2024-05-07,6162
00857B,永豐20年美公債,22,0,22,中國信託-忠孝,2024-05-07,6162
5871,中租-KY,21,0,21,中國信託-忠孝,2024-05-07,6162
1442,名軒,26,5,21,中國信託-忠孝,2024-05-07,6162
2528,皇普,21,0,21,中國信託-忠孝,2024-05-07,6162
8150,南茂,21,0,21,中國信託-忠孝,2024-05-07,6162
2511,太子,20,0,20,中國信託-忠孝,2024-05-07,6162
8927,北基,20,0,20,中國信託-忠孝,2024-05-07,6162
2031,新光鋼,20,0,20,中國信託-忠孝,2024-05-07,6162
1453,大將,55,35,20,中國信託-忠孝,2024-05-07,6162
3624,光頡,20,1,19,中國信託-忠孝,2024-05-07,6162
3095,及成,19,1,18,中國信託-忠孝,2024-05-07,6162
5522,遠雄,180,24,156,中國信託-忠孝,2024-05-08,6162
00940,元大台灣價值高息,185,43,142,中國信託-忠孝,2024-05-08,6162
00929,復華台灣科技優息,164,48,116,中國信託-忠孝,2024-05-08,6162
00687B,國泰20年美債,135,20,115,中國信託-忠孝,2024-05-08,6162
00919,群益台灣精選高息,132,28,104,中國信託-忠孝,2024-05-08,6162
1440,南紡,101,6,95,中國信託-忠孝,2024-05-08,6162
5871,中租-KY,89,9,80,中國信託-忠孝,2024-05-08,6162
2363,矽統,143,67,76,中國信託-忠孝,2024-05-08,6162
9933,中鼎,72,1,71,中國信託-忠孝,2024-05-08,6162
2515,中工,76,7,69,中國信託-忠孝,2024-05-08,6162
2609,陽明,233,178,55,中國信託-忠孝,2024-05-08,6162
00915,凱基優選高股息30,57,4,53,中國信託-忠孝,2024-05-08,6162
1108,幸福,51,0,51,中國信託-忠孝,2024-05-08,6162
00679B,元大美債20年,77,27,50,中國信託-忠孝,2024-05-08,6162
00936,台新永續高息中小,50,0,50,中國信託-忠孝,2024-05-08,6162
3363,上詮,159,109,50,中國信託-忠孝,2024-05-08,6162
00932,兆豐永續高息等權,47,0,47,中國信託-忠孝,2024-05-08,6162
3036,文曄,46,1,45,中國信託-忠孝,2024-05-08,6162
00795B,中信美國公債20年,43,0,43,中國信託-忠孝,2024-05-08,6162
6005,群益證,90,48,42,中國信託-忠孝,2024-05-08,6162
00891,中信關鍵半導體,51,11,40,中國信託-忠孝,2024-05-08,6162
2762,世界健身-KY,42,2,40,中國信託-忠孝,2024-05-08,6162
2867,三商壽,38,0,38,中國信託-忠孝,2024-05-08,6162
3305,昇貿,35,0,35,中國信託-忠孝,2024-05-08,6162
2884,玉山金,32,0,32,中國信託-忠孝,2024-05-08,6162
2603,長榮,65,35,30,中國信託-忠孝,2024-05-08,6162
8182,加高,30,0,30,中國信託-忠孝,2024-05-08,6162
1314,中石化,36,6,30,中國信託-忠孝,2024-05-08,6162
2511,太子,50,20,30,中國信託-忠孝,2024-05-08,6162
2618,長榮航,47,23,24,中國信託-忠孝,2024-05-08,6162
00680L,元大美債20正2,30,7,23,中國信託-忠孝,2024-05-08,6162
4523,永彰,38,15,23,中國信託-忠孝,2024-05-08,6162
2402,毅嘉,22,0,22,中國信託-忠孝,2024-05-08,6162
2547,日勝生,27,5,22,中國信託-忠孝,2024-05-08,6162
2427,三商電,21,0,21,中國信託-忠孝,2024-05-08,6162
0056,元大高股息,22,2,20,中國信託-忠孝,2024-05-08,6162
3051,力特,21,1,20,中國信託-忠孝,2024-05-08,6162
0061,元大寶滬深,20,0,20,中國信託-忠孝,2024-05-08,6162
2303,聯電,38,18,20,中國信託-忠孝,2024-05-08,6162
1734,杏輝,20,0,20,中國信託-忠孝,2024-05-08,6162
8076,伍豐,20,0,20,中國信託-忠孝,2024-05-08,6162
00650L,復華香港正2,18,0,18,中國信託-忠孝,2024-05-08,6162
00645,富邦日本,18,1,17,中國信託-忠孝,2024-05-08,6162
6285,啟��,17,1,16,中國信託-忠孝,2024-05-08,6162
2641,正德,35,19,16,中國信託-忠孝,2024-05-08,6162
3013,晟銘電,41,25,16,中國信託-忠孝,2024-05-08,6162
00713,元大台灣高息低波,15,0,15,中國信託-忠孝,2024-05-08,6162
2883B,凱基金乙特,15,0,15,中國信託-忠孝,2024-05-08,6162
2498,宏達電,15,0,15,中國信託-忠孝,2024-05-08,6162
1503,士電,48,33,15,中國信託-忠孝,2024-05-08,6162
2367,燿華,720,331,389,中國信託-忠孝,2024-05-09,6162
5522,遠雄,273,43,230,中國信託-忠孝,2024-05-09,6162
00929,復華台灣科技優息,231,2,229,中國信託-忠孝,2024-05-09,6162
2880,華南金,216,21,195,中國信託-忠孝,2024-05-09,6162
2618,長榮航,166,19,147,中國信託-忠孝,2024-05-09,6162
00878,國泰永續高股息,165,19,146,中國信託-忠孝,2024-05-09,6162
2610,華航,160,22,138,中國信託-忠孝,2024-05-09,6162
00915,凱基優選高股息30,105,0,105,中國信託-忠孝,2024-05-09,6162
1806,冠軍,100,7,93,中國信託-忠孝,2024-05-09,6162
00937B,群益ESG投等債20,92,0,92,中國信託-忠孝,2024-05-09,6162
2867,三商壽,107,30,77,中國信託-忠孝,2024-05-09,6162
2363,矽統,168,97,71,中國信託-忠孝,2024-05-09,6162
2101,南港,72,5,67,中國信託-忠孝,2024-05-09,6162
3036,文曄,130,66,64,中國信託-忠孝,2024-05-09,6162
00944,野村趨勢動能高息,117,63,54,中國信託-忠孝,2024-05-09,6162
5871,中租-KY,59,6,53,中國信託-忠孝,2024-05-09,6162
00795B,中信美國公債20年,50,0,50,中國信託-忠孝,2024-05-09,6162
00715L,期街口布蘭特正2,50,0,50,中國信託-忠孝,2024-05-09,6162
4967,十銓,75,26,49,中國信託-忠孝,2024-05-09,6162
1446,宏和,100,52,48,中國信託-忠孝,2024-05-09,6162
1721,三晃,56,10,46,中國信託-忠孝,2024-05-09,6162
3231,緯創,53,13,40,中國信託-忠孝,2024-05-09,6162
1809,中釉,40,1,39,中國信託-忠孝,2024-05-09,6162
2331,精英,36,1,35,中國信託-忠孝,2024-05-09,6162
00679B,元大美債20年,34,0,34,中國信託-忠孝,2024-05-09,6162
6290,良維,34,0,34,中國信託-忠孝,2024-05-09,6162
2515,中工,33,1,32,中國信託-忠孝,2024-05-09,6162
2324,仁寶,32,2,30,中國信託-忠孝,2024-05-09,6162
2368,金像電,30,0,30,中國信託-忠孝,2024-05-09,6162
2888,新光金,89,60,29,中國信託-忠孝,2024-05-09,6162
00751B,元大AAA至A公司債,28,0,28,中國信託-忠孝,2024-05-09,6162
1815,富喬,55,27,28,中國信託-忠孝,2024-05-09,6162
1453,大將,28,0,28,中國信託-忠孝,2024-05-09,6162
6806,森崴能源,28,1,27,中國信託-忠孝,2024-05-09,6162
2501,國建,42,16,26,中國信託-忠孝,2024-05-09,6162
00932,兆豐永續高息等權,26,0,26,中國信託-忠孝,2024-05-09,6162
00857B,永豐20年美公債,26,0,26,中國信託-忠孝,2024-05-09,6162
2409,友達,26,0,26,中國信託-忠孝,2024-05-09,6162
2537,聯上發,30,5,25,中國信託-忠孝,2024-05-09,6162
9946,三發地產,25,0,25,中國信託-忠孝,2024-05-09,6162
00680L,元大美債20正2,25,0,25,中國信託-忠孝,2024-05-09,6162
00935,野村臺灣新科技50,24,0,24,中國信託-忠孝,2024-05-09,6162
00713,元大台灣高息低波,23,0,23,中國信託-忠孝,2024-05-09,6162
5488,松普,21,0,21,中國信託-忠孝,2024-05-09,6162
6491,晶碩,21,0,21,中國信託-忠孝,2024-05-09,6162
6616,特昇-KY,20,0,20,中國信託-忠孝,2024-05-09,6162
00945B,凱基美國非投等債,20,0,20,中國信託-忠孝,2024-05-09,6162
8358,金居,20,0,20,中國信託-忠孝,2024-05-09,6162
2834,臺企銀,23,5,18,中國信託-忠孝,2024-05-09,6162
6005,群益證,18,0,18,中國信託-忠孝,2024-05-09,6162
00929,復華台灣科技優息,432,1,431,中國信託-忠孝,2024-05-10,6162
00650L,復華香港正2,182,28,154,中國信託-忠孝,2024-05-10,6162
00680L,元大美債20正2,128,0,128,中國信託-忠孝,2024-05-10,6162
2367,燿華,439,315,124,中國信託-忠孝,2024-05-10,6162
00944,野村趨勢動能高息,140,23,117,中國信託-忠孝,2024-05-10,6162
00637L,元大滬深300正2,110,1,109,中國信託-忠孝,2024-05-10,6162
2442,新美齊,115,7,108,中國信託-忠孝,2024-05-10,6162
3047,訊舟,102,5,97,中國信託-忠孝,2024-05-10,6162
2881,富邦金,109,19,90,中國信託-忠孝,2024-05-10,6162
3030,德律,63,11,52,中國信託-忠孝,2024-05-10,6162
00946,群益科技高息成長,51,2,49,中國信託-忠孝,2024-05-10,6162
3564,其陽,62,13,49,中國信託-忠孝,2024-05-10,6162
00631L,元大台灣50正2,48,0,48,中國信託-忠孝,2024-05-10,6162
1314,中石化,43,1,42,中國信託-忠孝,2024-05-10,6162
2329,華泰,36,0,36,中國信託-忠孝,2024-05-10,6162
2476,鉅祥,33,0,33,中國信託-忠孝,2024-05-10,6162
3481,群創,58,26,32,中國信託-忠孝,2024-05-10,6162
2883B,凱基金乙特,30,0,30,中國信託-忠孝,2024-05-10,6162
6207,雷科,57,28,29,中國信託-忠孝,2024-05-10,6162
2618,長榮航,162,134,28,中國信託-忠孝,2024-05-10,6162
6863,永道-KY,29,1,28,中國信託-忠孝,2024-05-10,6162
00915,凱基優選高股息30,26,0,26,中國信託-忠孝,2024-05-10,6162
1587,吉茂,27,2,25,中國信託-忠孝,2024-05-10,6162
6264,富裔,24,0,24,中國信託-忠孝,2024-05-10,6162
2402,毅嘉,24,0,24,中國信託-忠孝,2024-05-10,6162
1903,士紙,44,20,24,中國信託-忠孝,2024-05-10,6162
2641,正德,30,7,23,中國信託-忠孝,2024-05-10,6162
8150,南茂,23,1,22,中國信託-忠孝,2024-05-10,6162
2851,中再保,22,0,22,中國信託-忠孝,2024-05-10,6162
4743,合一,24,3,21,中國信託-忠孝,2024-05-10,6162
3356,奇偶,46,25,21,中國信託-忠孝,2024-05-10,6162
2317,鴻海,62,41,21,中國信託-忠孝,2024-05-10,6162
00679B,元大美債20年,21,1,20,中國信託-忠孝,2024-05-10,6162
1734,杏輝,19,0,19,中國信託-忠孝,2024-05-10,6162
6213,聯茂,20,1,19,中國信託-忠孝,2024-05-10,6162
2501,國建,43,24,19,中國信託-忠孝,2024-05-10,6162
6235,華孚,18,0,18,中國信託-忠孝,2024-05-10,6162
6443,元晶,56,38,18,中國信託-忠孝,2024-05-10,6162
3706,神達,38,20,18,中國信託-忠孝,2024-05-10,6162
3402,漢科,17,0,17,中國信託-忠孝,2024-05-10,6162
5521,工信,18,1,17,中國信託-忠孝,2024-05-10,6162
3498,陽程,19,2,17,中國信託-忠孝,2024-05-10,6162
2601,益航,28,11,17,中國信託-忠孝,2024-05-10,6162
5515,建國,17,0,17,中國信託-忠孝,2024-05-10,6162
8086,宏捷科,22,5,17,中國信託-忠孝,2024-05-10,6162
3711,日月光投控,18,1,17,中國信託-忠孝,2024-05-10,6162
6186,新潤,16,0,16,中國信託-忠孝,2024-05-10,6162
2409,友達,16,0,16,中國信託-忠孝,2024-05-10,6162
3661,世芯-KY,21,6,15,中國信託-忠孝,2024-05-10,6162
2313,華通,21,6,15,中國信託-忠孝,2024-05-10,6162
2882,國泰金,354,26,328,中國信託-忠孝,2024-05-13,6162
00929,復華台灣科技優息,300,91,209,中國信託-忠孝,2024-05-13,6162
2101,南港,203,0,203,中國信託-忠孝,2024-05-13,6162
2891,中信金,193,17,176,中國信託-忠孝,2024-05-13,6162
3056,富華新,132,0,132,中國信託-忠孝,2024-05-13,6162
2344,華邦電,115,0,115,中國信託-忠孝,2024-05-13,6162
2312,金寶,105,1,104,中國信託-忠孝,2024-05-13,6162
00753L,中信中國50正2,100,12,88,中國信託-忠孝,2024-05-13,6162
00937B,群益ESG投等債20,87,0,87,中國信託-忠孝,2024-05-13,6162
2618,長榮航,100,18,82,中國信託-忠孝,2024-05-13,6162
2615,萬海,165,83,82,中國信託-忠孝,2024-05-13,6162
00650L,復華香港正2,90,11,79,中國信託-忠孝,2024-05-13,6162
5514,三豐,75,0,75,中國信託-忠孝,2024-05-13,6162
00878,國泰永續高股息,120,48,72,中國信託-忠孝,2024-05-13,6162
2010,春源,65,4,61,中國信託-忠孝,2024-05-13,6162
2867,三商壽,70,10,60,中國信託-忠孝,2024-05-13,6162
2520,冠德,105,48,57,中國信託-忠孝,2024-05-13,6162
1326,台化,50,0,50,中國信託-忠孝,2024-05-13,6162
1229,聯華,50,0,50,中國信託-忠孝,2024-05-13,6162
5392,能率,59,10,49,中國信託-忠孝,2024-05-13,6162
1903,士紙,51,3,48,中國信託-忠孝,2024-05-13,6162
5522,遠雄,52,4,48,中國信託-忠孝,2024-05-13,6162
4720,德淵,51,3,48,中國信託-忠孝,2024-05-13,6162
5521,工信,65,20,45,中國信託-忠孝,2024-05-13,6162
2884,玉山金,42,1,41,中國信託-忠孝,2024-05-13,6162
00795B,中信美國公債20年,40,0,40,中國信託-忠孝,2024-05-13,6162
00915,凱基優選高股息30,41,3,38,中國信託-忠孝,2024-05-13,6162
00922,國泰台灣領袖50,40,3,37,中國信託-忠孝,2024-05-13,6162
2241,艾姆勒,38,1,37,中國信託-忠孝,2024-05-13,6162
2317,鴻海,62,27,35,中國信託-忠孝,2024-05-13,6162
3450,聯鈞,30,0,30,中國信託-忠孝,2024-05-13,6162
00946,群益科技高息成長,30,0,30,中國信託-忠孝,2024-05-13,6162
00679B,元大美債20年,28,2,26,中國信託-忠孝,2024-05-13,6162
6111,大宇資,25,1,24,中國信託-忠孝,2024-05-13,6162
1795,美時,34,12,22,中國信託-忠孝,2024-05-13,6162
2612,中航,25,3,22,中國信託-忠孝,2024-05-13,6162
3141,晶宏,25,4,21,中國信託-忠孝,2024-05-13,6162
00944,野村趨勢動能高息,42,22,20,中國信託-忠孝,2024-05-13,6162
00680L,元大美債20正2,20,0,20,中國信託-忠孝,2024-05-13,6162
2362,藍天,30,10,20,中國信託-忠孝,2024-05-13,6162
4119,旭富,20,0,20,中國信託-忠孝,2024-05-13,6162
2313,華通,20,0,20,中國信託-忠孝,2024-05-13,6162
00664R,國泰臺灣加權反1,20,0,20,中國信託-忠孝,2024-05-13,6162
4903,聯光通,21,1,20,中國信託-忠孝,2024-05-13,6162
2027,大成鋼,20,1,19,中國信託-忠孝,2024-05-13,6162
00918,大華優利高填息30,31,12,19,中國信託-忠孝,2024-05-13,6162
3583,辛耘,21,2,19,中國信託-忠孝,2024-05-13,6162
9945,潤泰新,126,107,19,中國信託-忠孝,2024-05-13,6162
3702,大聯大,18,0,18,中國信託-忠孝,2024-05-13,6162
3062,建漢,18,0,18,中國信託-忠孝,2024-05-13,6162
9945,潤泰新,393,18,375,中國信託-忠孝,2024-05-14,6162
2615,萬海,592,378,214,中國信託-忠孝,2024-05-14,6162
00937B,群益ESG投等債20,151,5,146,中國信託-忠孝,2024-05-14,6162
2834,臺企銀,105,3,102,中國信託-忠孝,2024-05-14,6162
2884,玉山金,77,0,77,中國信託-忠孝,2024-05-14,6162
5522,遠雄,76,1,75,中國信託-忠孝,2024-05-14,6162
00665L,富邦�琤肭磪囓�2,67,4,63,中國信託-忠孝,2024-05-14,6162
00637L,元大滬深300正2,87,26,61,中國信託-忠孝,2024-05-14,6162
00753L,中信中國50正2,63,3,60,中國信託-忠孝,2024-05-14,6162
6668,中揚光,53,2,51,中國信託-忠孝,2024-05-14,6162
00720B,元大投資級公司債,45,0,45,中國信託-忠孝,2024-05-14,6162
8076,伍豐,40,0,40,中國信託-忠孝,2024-05-14,6162
2317,鴻海,94,55,39,中國信託-忠孝,2024-05-14,6162
1301,台塑,35,0,35,中國信託-忠孝,2024-05-14,6162
2515,中工,40,5,35,中國信託-忠孝,2024-05-14,6162
2371,大同,61,27,34,中國信託-忠孝,2024-05-14,6162
1815,富喬,44,12,32,中國信託-忠孝,2024-05-14,6162
00773B,中信優先金融債,31,0,31,中國信託-忠孝,2024-05-14,6162
4303,信立,30,3,27,中國信託-忠孝,2024-05-14,6162
3481,群創,59,32,27,中國信託-忠孝,2024-05-14,6162
3260,威剛,33,7,26,中國信託-忠孝,2024-05-14,6162
4562,穎漢,39,13,26,中國信託-忠孝,2024-05-14,6162
00752,中信中國50,33,10,23,中國信託-忠孝,2024-05-14,6162
00919,群益台灣精選高息,40,18,22,中國信託-忠孝,2024-05-14,6162
1582,信錦,23,1,22,中國信託-忠孝,2024-05-14,6162
2743,山富,23,2,21,中國信託-忠孝,2024-05-14,6162
2610,華航,56,35,21,中國信託-忠孝,2024-05-14,6162
1108,幸福,21,0,21,中國信託-忠孝,2024-05-14,6162
00650L,復華香港正2,163,143,20,中國信託-忠孝,2024-05-14,6162
3629,地心引力,20,0,20,中國信託-忠孝,2024-05-14,6162
2061,風青,20,0,20,中國信託-忠孝,2024-05-14,6162
2442,新美齊,22,2,20,中國信託-忠孝,2024-05-14,6162
2892,第一金,21,1,20,中國信託-忠孝,2024-05-14,6162
2501,國建,29,9,20,中國信託-忠孝,2024-05-14,6162
4716,大立,26,6,20,中國信託-忠孝,2024-05-14,6162
1440,南紡,20,1,19,中國信託-忠孝,2024-05-14,6162
00655L,國泰中國A50正2,19,0,19,中國信託-忠孝,2024-05-14,6162
8299,群聯,22,5,17,中國信託-忠孝,2024-05-14,6162
3231,緯創,41,25,16,中國信託-忠孝,2024-05-14,6162
2201,裕隆,45,29,16,中國信託-忠孝,2024-05-14,6162
2867,三商壽,26,10,16,中國信託-忠孝,2024-05-14,6162
5351,鈺創,21,5,16,中國信託-忠孝,2024-05-14,6162
5871,中租-KY,19,3,16,中國信託-忠孝,2024-05-14,6162
2374,佳能,105,91,14,中國信託-忠孝,2024-05-14,6162
6640,均華,13,0,13,中國信託-忠孝,2024-05-14,6162
00795B,中信美國公債20年,13,0,13,中國信託-忠孝,2024-05-14,6162
2486,一詮,19,6,13,中國信託-忠孝,2024-05-14,6162
6547,高端疫苗,13,0,13,中國信託-忠孝,2024-05-14,6162
2353,宏��,219,207,12,中國信託-忠孝,2024-05-14,6162
3056,富華新,12,0,12,中國信託-忠孝,2024-05-14,6162
2442,新美齊,1184,3,1181,中國信託-忠孝,2024-05-15,6162
00878,國泰永續高股息,495,129,366,中國信託-忠孝,2024-05-15,6162
00937B,群益ESG投等債20,278,0,278,中國信託-忠孝,2024-05-15,6162
4414,如興,199,0,199,中國信託-忠孝,2024-05-15,6162
00679B,元大美債20年,141,3,138,中國信託-忠孝,2024-05-15,6162
3689,湧德,148,33,115,中國信託-忠孝,2024-05-15,6162
6462,神盾,114,11,103,中國信託-忠孝,2024-05-15,6162
00919,群益台灣精選高息,148,49,99,中國信託-忠孝,2024-05-15,6162
2356,英業達,190,97,93,中國信託-忠孝,2024-05-15,6162
00929,復華台灣科技優息,121,48,73,中國信託-忠孝,2024-05-15,6162
00940,元大台灣價值高息,105,42,63,中國信託-忠孝,2024-05-15,6162
9103,美德醫療-DR,60,0,60,中國信託-忠孝,2024-05-15,6162
4533,協易機,82,28,54,中國信託-忠孝,2024-05-15,6162
5608,四維航,58,10,48,中國信託-忠孝,2024-05-15,6162
2634,漢翔,55,8,47,中國信託-忠孝,2024-05-15,6162
00946,群益科技高息成長,46,0,46,中國信託-忠孝,2024-05-15,6162
2605,新興,48,3,45,中國信託-忠孝,2024-05-15,6162
6215,和椿,63,21,42,中國信託-忠孝,2024-05-15,6162
2312,金寶,114,74,40,中國信託-忠孝,2024-05-15,6162
00933B,國泰10Y+金融債,44,4,40,中國信託-忠孝,2024-05-15,6162
2515,中工,65,28,37,中國信託-忠孝,2024-05-15,6162
00687B,國泰20年美債,35,0,35,中國信託-忠孝,2024-05-15,6162
00932,兆豐永續高息等權,61,28,33,中國信託-忠孝,2024-05-15,6162
2534,宏盛,32,1,31,中國信託-忠孝,2024-05-15,6162
00686R,群益臺灣加權反1,30,0,30,中國信託-忠孝,2024-05-15,6162
3004,豐達科,29,0,29,中國信託-忠孝,2024-05-15,6162
4903,聯光通,29,0,29,中國信託-忠孝,2024-05-15,6162
00945B,凱基美國非投等債,28,0,28,中國信託-忠孝,2024-05-15,6162
2371,大同,54,26,28,中國信託-忠孝,2024-05-15,6162
2486,一詮,54,27,27,中國信託-忠孝,2024-05-15,6162
00772B,中信高評級公司債,26,1,25,中國信託-忠孝,2024-05-15,6162
6753,龍德造船,29,6,23,中國信託-忠孝,2024-05-15,6162
2498,宏達電,34,11,23,中國信託-忠孝,2024-05-15,6162
2014,中鴻,22,0,22,中國信託-忠孝,2024-05-15,6162
00941,中信上游半導體,25,3,22,中國信託-忠孝,2024-05-15,6162
2867,三商壽,30,10,20,中國信託-忠孝,2024-05-15,6162
00676R,富邦臺灣加權反1,20,0,20,中國信託-忠孝,2024-05-15,6162
2883B,凱基金乙特,20,0,20,中國信託-忠孝,2024-05-15,6162
3005,神基,21,1,20,中國信託-忠孝,2024-05-15,6162
5522,遠雄,20,1,19,中國信託-忠孝,2024-05-15,6162
2903,遠百,18,0,18,中國信託-忠孝,2024-05-15,6162
6111,大宇資,18,0,18,中國信託-忠孝,2024-05-15,6162
3706,神達,27,11,16,中國信託-忠孝,2024-05-15,6162
2392,正崴,28,12,16,中國信託-忠孝,2024-05-15,6162
6548,長科*,15,0,15,中國信託-忠孝,2024-05-15,6162
00690,兆豐藍籌30,15,0,15,中國信託-忠孝,2024-05-15,6162
2241,艾姆勒,16,1,15,中國信託-忠孝,2024-05-15,6162
2520,冠德,15,0,15,中國信託-忠孝,2024-05-15,6162
1438,三地開發,14,0,14,中國信託-忠孝,2024-05-15,6162
8054,安國,30,17,13,中國信託-忠孝,2024-05-15,6162
00637L,元大滬深300正2,412,4,408,中國信託-忠孝,2024-05-16,6162
00878,國泰永續高股息,639,236,403,中國信託-忠孝,2024-05-16,6162
00753L,中信中國50正2,390,12,378,中國信託-忠孝,2024-05-16,6162
1446,宏和,318,5,313,中國信託-忠孝,2024-05-16,6162
6177,達麗,300,25,275,中國信託-忠孝,2024-05-16,6162
00937B,群益ESG投等債20,289,67,222,中國信託-忠孝,2024-05-16,6162
2534,宏盛,176,0,176,中國信託-忠孝,2024-05-16,6162
00929,復華台灣科技優息,229,61,168,中國信託-忠孝,2024-05-16,6162
1301,台塑,108,1,107,中國信託-忠孝,2024-05-16,6162
3231,緯創,112,14,98,中國信託-忠孝,2024-05-16,6162
1326,台化,101,4,97,中國信託-忠孝,2024-05-16,6162
9105,泰金寶-DR,105,12,93,中國信託-忠孝,2024-05-16,6162
2489,瑞軒,101,18,83,中國信託-忠孝,2024-05-16,6162
00650L,復華香港正2,130,49,81,中國信託-忠孝,2024-05-16,6162
00946,群益科技高息成長,106,44,62,中國信託-忠孝,2024-05-16,6162
2609,陽明,340,279,61,中國信託-忠孝,2024-05-16,6162
4960,誠美材,46,2,44,中國信託-忠孝,2024-05-16,6162
2348,海悅,48,5,43,中國信託-忠孝,2024-05-16,6162
1474,弘裕,40,0,40,中國信託-忠孝,2024-05-16,6162
00772B,中信高評級公司債,40,2,38,中國信託-忠孝,2024-05-16,6162
8096,擎亞,97,60,37,中國信託-忠孝,2024-05-16,6162
00944,野村趨勢動能高息,36,0,36,中國信託-忠孝,2024-05-16,6162
00687B,國泰20年美債,109,74,35,中國信託-忠孝,2024-05-16,6162
3030,德律,37,3,34,中國信託-忠孝,2024-05-16,6162
00680L,元大美債20正2,60,28,32,中國信託-忠孝,2024-05-16,6162
1303,南亞,33,1,32,中國信託-忠孝,2024-05-16,6162
00891,中信關鍵半導體,36,5,31,中國信託-忠孝,2024-05-16,6162
00676R,富邦臺灣加權反1,30,0,30,中國信託-忠孝,2024-05-16,6162
6216,居易,30,0,30,中國信託-忠孝,2024-05-16,6162
2515,中工,77,50,27,中國信託-忠孝,2024-05-16,6162
6451,訊芯-KY,32,7,25,中國信託-忠孝,2024-05-16,6162
2371,大同,30,5,25,中國信託-忠孝,2024-05-16,6162
5351,鈺創,31,7,24,中國信託-忠孝,2024-05-16,6162
2382,廣達,60,37,23,中國信託-忠孝,2024-05-16,6162
2323,中環,23,0,23,中國信託-忠孝,2024-05-16,6162
2356,英業達,218,195,23,中國信託-忠孝,2024-05-16,6162
3498,陽程,30,8,22,中國信託-忠孝,2024-05-16,6162
1503,士電,21,0,21,中國信託-忠孝,2024-05-16,6162
8299,群聯,27,6,21,中國信託-忠孝,2024-05-16,6162
2352,佳世達,26,6,20,中國信託-忠孝,2024-05-16,6162
2365,昆盈,52,32,20,中國信託-忠孝,2024-05-16,6162
1701,中化,20,0,20,中國信託-忠孝,2024-05-16,6162
3714,富采,20,1,19,中國信託-忠孝,2024-05-16,6162
8039,台虹,18,0,18,中國信託-忠孝,2024-05-16,6162
2618,長榮航,73,55,18,中國信託-忠孝,2024-05-16,6162
2337,旺宏,31,14,17,中國信託-忠孝,2024-05-16,6162
6605,帝寶,18,1,17,中國信託-忠孝,2024-05-16,6162
2542,興富發,23,6,17,中國信託-忠孝,2024-05-16,6162
5251,天鉞電,20,3,17,中國信託-忠孝,2024-05-16,6162
2201,裕隆,15,0,15,中國信託-忠孝,2024-05-16,6162
1903,士紙,453,2,451,中國信託-忠孝,2024-05-17,6162
00929,復華台灣科技優息,327,42,285,中國信託-忠孝,2024-05-17,6162
2534,宏盛,301,22,279,中國信託-忠孝,2024-05-17,6162
00878,國泰永續高股息,267,38,229,中國信託-忠孝,2024-05-17,6162
2603,長榮,253,54,199,中國信託-忠孝,2024-05-17,6162
00679B,元大美債20年,187,0,187,中國信託-忠孝,2024-05-17,6162
4977,眾達-KY,184,7,177,中國信託-忠孝,2024-05-17,6162
2743,山富,188,11,177,中國信託-忠孝,2024-05-17,6162
00937B,群益ESG投等債20,129,3,126,中國信託-忠孝,2024-05-17,6162
1714,和桐,111,0,111,中國信託-忠孝,2024-05-17,6162
3231,緯創,95,2,93,中國信託-忠孝,2024-05-17,6162
3481,群創,98,9,89,中國信託-忠孝,2024-05-17,6162
00946,群益科技高息成長,81,0,81,中國信託-忠孝,2024-05-17,6162
00650L,復華香港正2,80,21,59,中國信託-忠孝,2024-05-17,6162
5522,遠雄,57,0,57,中國信託-忠孝,2024-05-17,6162
8096,擎亞,79,25,54,中國信託-忠孝,2024-05-17,6162
1301,台塑,52,0,52,中國信託-忠孝,2024-05-17,6162
5905,南仁湖,50,0,50,中國信託-忠孝,2024-05-17,6162
1326,台化,50,0,50,中國信託-忠孝,2024-05-17,6162
3060,銘異,116,71,45,中國信託-忠孝,2024-05-17,6162
1446,宏和,80,36,44,中國信託-忠孝,2024-05-17,6162
3715,定穎投控,46,2,44,中國信託-忠孝,2024-05-17,6162
2867,三商壽,143,100,43,中國信託-忠孝,2024-05-17,6162
2317,鴻海,74,36,38,中國信託-忠孝,2024-05-17,6162
8358,金居,37,3,34,中國信託-忠孝,2024-05-17,6162
3312,弘憶股,77,45,32,中國信託-忠孝,2024-05-17,6162
00795B,中信美國公債20年,32,0,32,中國信託-忠孝,2024-05-17,6162
2356,英業達,38,8,30,中國信託-忠孝,2024-05-17,6162
2542,興富發,29,0,29,中國信託-忠孝,2024-05-17,6162
2543,皇昌,35,6,29,中國信託-忠孝,2024-05-17,6162
1303,南亞,36,7,29,中國信託-忠孝,2024-05-17,6162
3059,華晶科,53,25,28,中國信託-忠孝,2024-05-17,6162
00933B,國泰10Y+金融債,35,8,27,中國信託-忠孝,2024-05-17,6162
3056,富華新,26,0,26,中國信託-忠孝,2024-05-17,6162
2331,精英,31,5,26,中國信託-忠孝,2024-05-17,6162
00926,凱基全球菁英55,24,0,24,中國信託-忠孝,2024-05-17,6162
2351,順德,22,0,22,中國信託-忠孝,2024-05-17,6162
5519,隆大,23,2,21,中國信託-忠孝,2024-05-17,6162
2515,中工,33,12,21,中國信託-忠孝,2024-05-17,6162
4545,銘鈺,21,0,21,中國信託-忠孝,2024-05-17,6162
1310,台苯,20,0,20,中國信託-忠孝,2024-05-17,6162
5251,天鉞電,20,0,20,中國信託-忠孝,2024-05-17,6162
4935,茂林-KY,19,0,19,中國信託-忠孝,2024-05-17,6162
2241,艾姆勒,31,12,19,中國信託-忠孝,2024-05-17,6162
4967,十銓,28,10,18,中國信託-忠孝,2024-05-17,6162
2408,南亞科,21,4,17,中國信託-忠孝,2024-05-17,6162
3666,光耀,17,0,17,中國信託-忠孝,2024-05-17,6162
00915,凱基優選高股息30,24,7,17,中國信託-忠孝,2024-05-17,6162
3363,上詮,23,7,16,中國信託-忠孝,2024-05-17,6162
0056,元大高股息,20,3,17,中國信託-忠孝,2024-05-17,6162
00632R,元大台灣50反1,1213,0,1213,中國信託-忠孝,2024-05-20,6162
00937B,群益ESG投等債20,213,0,213,中國信託-忠孝,2024-05-20,6162
2534,宏盛,167,0,167,中國信託-忠孝,2024-05-20,6162
00878,國泰永續高股息,150,8,142,中國信託-忠孝,2024-05-20,6162
5522,遠雄,129,1,128,中國信託-忠孝,2024-05-20,6162
3231,緯創,103,5,98,中國信託-忠孝,2024-05-20,6162
2888,新光金,187,89,98,中國信託-忠孝,2024-05-20,6162
1903,士紙,99,6,93,中國信託-忠孝,2024-05-20,6162
2615,萬海,138,54,84,中國信託-忠孝,2024-05-20,6162
2610,華航,222,146,76,中國信託-忠孝,2024-05-20,6162
2467,志聖,73,11,62,中國信託-忠孝,2024-05-20,6162
00679B,元大美債20年,53,0,53,中國信託-忠孝,2024-05-20,6162
2359,所羅門,173,121,52,中國信託-忠孝,2024-05-20,6162
2354,鴻準,67,16,51,中國信託-忠孝,2024-05-20,6162
00650L,復華香港正2,70,20,50,中國信託-忠孝,2024-05-20,6162
2017,官田鋼,50,0,50,中國信託-忠孝,2024-05-20,6162
1305,華夏,50,0,50,中國信託-忠孝,2024-05-20,6162
2618,長榮航,94,44,50,中國信託-忠孝,2024-05-20,6162
00751B,元大AAA至A公司債,48,0,48,中國信託-忠孝,2024-05-20,6162
00753L,中信中國50正2,131,85,46,中國信託-忠孝,2024-05-20,6162
2834,臺企銀,49,3,46,中國信託-忠孝,2024-05-20,6162
2025,千興,43,0,43,中國信託-忠孝,2024-05-20,6162
8028,昇陽半導體,45,2,43,中國信託-忠孝,2024-05-20,6162
2211,長榮鋼,41,3,38,中國信託-忠孝,2024-05-20,6162
00939,統一台灣高息動能,52,16,36,中國信託-忠孝,2024-05-20,6162
00795B,中信美國公債20年,36,0,36,中國信託-忠孝,2024-05-20,6162
2317,鴻海,117,83,34,中國信託-忠孝,2024-05-20,6162
2743,山富,54,21,33,中國信託-忠孝,2024-05-20,6162
00944,野村趨勢動能高息,32,0,32,中國信託-忠孝,2024-05-20,6162
00922,國泰台灣領袖50,31,0,31,中國信託-忠孝,2024-05-20,6162
00933B,國泰10Y+金融債,30,2,28,中國信託-忠孝,2024-05-20,6162
6425,易發,29,1,28,中國信託-忠孝,2024-05-20,6162
6234,高僑,26,0,26,中國信託-忠孝,2024-05-20,6162
3010,華立,27,4,23,中國信託-忠孝,2024-05-20,6162
1453,大將,25,3,22,中國信託-忠孝,2024-05-20,6162
2641,正德,45,24,21,中國信託-忠孝,2024-05-20,6162
00680L,元大美債20正2,21,0,21,中國信託-忠孝,2024-05-20,6162
3024,憶聲,26,5,21,中國信託-忠孝,2024-05-20,6162
1795,美時,23,3,20,中國信託-忠孝,2024-05-20,6162
00687B,國泰20年美債,22,2,20,中國信託-忠孝,2024-05-20,6162
00946,群益科技高息成長,18,0,18,中國信託-忠孝,2024-05-20,6162
3483,力致,27,9,18,中國信託-忠孝,2024-05-20,6162
2504,國產,25,8,17,中國信託-忠孝,2024-05-20,6162
4952,凌通,34,18,16,中國信託-忠孝,2024-05-20,6162
2371,大同,101,86,15,中國信託-忠孝,2024-05-20,6162
00713,元大台灣高息低波,16,1,15,中國信託-忠孝,2024-05-20,6162
2442,新美齊,53,38,15,中國信託-忠孝,2024-05-20,6162
2449,京元電子,23,8,15,中國信託-忠孝,2024-05-20,6162
2330,台積電,26,11,15,中國信託-忠孝,2024-05-20,6162
006208,富邦台50,15,1,14,中國信託-忠孝,2024-05-20,6162
00929,復華台灣科技優息,1196,36,1160,中國信託-忠孝,2024-05-21,6162
00753L,中信中國50正2,1218,221,997,中國信託-忠孝,2024-05-21,6162
00941,中信上游半導體,206,19,187,中國信託-忠孝,2024-05-21,6162
2888,新光金,198,11,187,中國信託-忠孝,2024-05-21,6162
1303,南亞,142,8,134,中國信託-忠孝,2024-05-21,6162
00937B,群益ESG投等債20,132,0,132,中國信託-忠孝,2024-05-21,6162
00665L,富邦�琤肭磪囓�2,143,14,129,中國信託-忠孝,2024-05-21,6162
00751B,元大AAA至A公司債,104,0,104,中國信託-忠孝,2024-05-21,6162
00878,國泰永續高股息,137,36,101,中國信託-忠孝,2024-05-21,6162
1312,國喬,100,0,100,中國信託-忠孝,2024-05-21,6162
1301,台塑,74,2,72,中國信託-忠孝,2024-05-21,6162
00687B,國泰20年美債,56,1,55,中國信託-忠孝,2024-05-21,6162
3033,威健,85,33,52,中國信託-忠孝,2024-05-21,6162
00919,群益台灣精選高息,62,11,51,中國信託-忠孝,2024-05-21,6162
1305,華夏,50,0,50,中國信託-忠孝,2024-05-21,6162
1605,華新,88,41,47,中國信託-忠孝,2024-05-21,6162
00680L,元大美債20正2,45,0,45,中國信託-忠孝,2024-05-21,6162
3564,其陽,64,22,42,中國信託-忠孝,2024-05-21,6162
8150,南茂,41,0,41,中國信託-忠孝,2024-05-21,6162
1314,中石化,42,5,37,中國信託-忠孝,2024-05-21,6162
00944,野村趨勢動能高息,37,0,37,中國信託-忠孝,2024-05-21,6162
2514,龍邦,46,11,35,中國信託-忠孝,2024-05-21,6162
1608,華榮,54,21,33,中國信託-忠孝,2024-05-21,6162
3338,泰碩,63,32,31,中國信託-忠孝,2024-05-21,6162
2884,玉山金,52,21,31,中國信託-忠孝,2024-05-21,6162
8071,能率網通,31,0,31,中國信託-忠孝,2024-05-21,6162
2027,大成鋼,35,5,30,中國信託-忠孝,2024-05-21,6162
3021,鴻名,30,0,30,中國信託-忠孝,2024-05-21,6162
00756B,群益投等新興公債,30,0,30,中國信託-忠孝,2024-05-21,6162
00636,國泰中國A50,30,1,29,中國信託-忠孝,2024-05-21,6162
5324,士開,26,0,26,中國信託-忠孝,2024-05-21,6162
6588,東典光電,26,0,26,中國信託-忠孝,2024-05-21,6162
5522,遠雄,25,0,25,中國信託-忠孝,2024-05-21,6162
2367,燿華,228,203,25,中國信託-忠孝,2024-05-21,6162
2534,宏盛,120,98,22,中國信託-忠孝,2024-05-21,6162
2363,矽統,82,60,22,中國信託-忠孝,2024-05-21,6162
3056,富華新,22,0,22,中國信託-忠孝,2024-05-21,6162
2324,仁寶,29,8,21,中國信託-忠孝,2024-05-21,6162
00939,統一台灣高息動能,24,3,21,中國信託-忠孝,2024-05-21,6162
3479,安勤,20,0,20,中國信託-忠孝,2024-05-21,6162
3038,全台,20,0,20,中國信託-忠孝,2024-05-21,6162
2641,正德,30,10,20,中國信託-忠孝,2024-05-21,6162
5392,能率,79,59,20,中國信託-忠孝,2024-05-21,6162
5512,力麒,20,0,20,中國信託-忠孝,2024-05-21,6162
1903,士紙,53,34,19,中國信託-忠孝,2024-05-21,6162
4538,大詠城,19,1,18,中國信託-忠孝,2024-05-21,6162
2204,中華,17,0,17,中國信託-忠孝,2024-05-21,6162
2201,裕隆,17,0,17,中國信託-忠孝,2024-05-21,6162
9933,中鼎,16,0,16,中國信託-忠孝,2024-05-21,6162
6134,萬旭,16,0,16,中國信託-忠孝,2024-05-21,6162
6770,力積電,3115,107,3008,中國信託-忠孝,2024-05-22,6162
2888,新光金,145,13,132,中國信託-忠孝,2024-05-22,6162
2610,華航,158,29,129,中國信託-忠孝,2024-05-22,6162
00665L,富邦�琤肭磪囓�2,118,0,118,中國信託-忠孝,2024-05-22,6162
00753L,中信中國50正2,131,20,111,中國信託-忠孝,2024-05-22,6162
1301,台塑,101,2,99,中國信託-忠孝,2024-05-22,6162
2359,所羅門,167,83,84,中國信託-忠孝,2024-05-22,6162
3338,泰碩,115,46,69,中國信託-忠孝,2024-05-22,6162
2312,金寶,70,4,66,中國信託-忠孝,2024-05-22,6162
1446,宏和,85,24,61,中國信託-忠孝,2024-05-22,6162
3481,群創,225,166,59,中國信託-忠孝,2024-05-22,6162
00941,中信上游半導體,69,12,57,中國信託-忠孝,2024-05-22,6162
1903,士紙,79,25,54,中國信託-忠孝,2024-05-22,6162
6026,福邦證,50,0,50,中國信託-忠孝,2024-05-22,6162
2498,宏達電,47,0,47,中國信託-忠孝,2024-05-22,6162
2002,中鋼,46,2,44,中國信託-忠孝,2024-05-22,6162
00937B,群益ESG投等債20,43,0,43,中國信託-忠孝,2024-05-22,6162
3645,達邁,38,1,37,中國信託-忠孝,2024-05-22,6162
6125,廣運,121,87,34,中國信託-忠孝,2024-05-22,6162
1101,台泥,38,5,33,中國信託-忠孝,2024-05-22,6162
2515,中工,43,12,31,中國信託-忠孝,2024-05-22,6162
00715L,期街口布蘭特正2,31,0,31,中國信託-忠孝,2024-05-22,6162
2211,長榮鋼,31,0,31,中國信託-忠孝,2024-05-22,6162
00942B,台新美A公司債20+,30,0,30,中國信託-忠孝,2024-05-22,6162
8908,欣雄,31,1,30,中國信託-忠孝,2024-05-22,6162
2362,藍天,38,9,29,中國信託-忠孝,2024-05-22,6162
6230,尼得科超眾,44,15,29,中國信託-忠孝,2024-05-22,6162
00712,復華富時不動產,29,0,29,中國信託-忠孝,2024-05-22,6162
3689,湧德,31,3,28,中國信託-忠孝,2024-05-22,6162
2009,第一銅,178,152,26,中國信託-忠孝,2024-05-22,6162
5608,四維航,27,1,26,中國信託-忠孝,2024-05-22,6162
3702,大聯大,25,0,25,中國信託-忠孝,2024-05-22,6162
2357,華碩,43,18,25,中國信託-忠孝,2024-05-22,6162
1605,華新,66,42,24,中國信託-忠孝,2024-05-22,6162
2537,聯上發,25,1,24,中國信託-忠孝,2024-05-22,6162
1312,國喬,25,2,23,中國信託-忠孝,2024-05-22,6162
3047,訊舟,37,14,23,中國信託-忠孝,2024-05-22,6162
2867,三商壽,23,1,22,中國信託-忠孝,2024-05-22,6162
8064,東捷,29,7,22,中國信託-忠孝,2024-05-22,6162
3176,基亞,22,0,22,中國信託-忠孝,2024-05-22,6162
6143,振曜,24,2,22,中國信託-忠孝,2024-05-22,6162
2354,鴻準,69,48,21,中國信託-忠孝,2024-05-22,6162
6546,正基,21,1,20,中國信託-忠孝,2024-05-22,6162
5324,士開,20,0,20,中國信託-忠孝,2024-05-22,6162
8028,昇陽半導體,27,8,19,中國信託-忠孝,2024-05-22,6162
2206,三陽工業,18,0,18,中國信託-忠孝,2024-05-22,6162
00930,永豐ESG低碳高息,24,6,18,中國信託-忠孝,2024-05-22,6162
2374,佳能,62,46,16,中國信託-忠孝,2024-05-22,6162
00650L,復華香港正2,20,4,16,中國信託-忠孝,2024-05-22,6162
1309,台達化,15,0,15,中國信託-忠孝,2024-05-22,6162
6770,力積電,1016,4,1012,中國信託-忠孝,2024-05-23,6162
00929,復華台灣科技優息,884,116,768,中國信託-忠孝,2024-05-23,6162
00753L,中信中國50正2,240,0,240,中國信託-忠孝,2024-05-23,6162
4720,德淵,211,0,211,中國信託-忠孝,2024-05-23,6162
2324,仁寶,241,39,202,中國信託-忠孝,2024-05-23,6162
2888,新光金,187,3,184,中國信託-忠孝,2024-05-23,6162
00756B,群益投等新興公債,181,0,181,中國信託-忠孝,2024-05-23,6162
00937B,群益ESG投等債20,147,16,131,中國信託-忠孝,2024-05-23,6162
2359,所羅門,321,200,121,中國信託-忠孝,2024-05-23,6162
2836,高雄銀,100,1,99,中國信託-忠孝,2024-05-23,6162
2867,三商壽,123,27,96,中國信託-忠孝,2024-05-23,6162
2464,盟立,173,84,89,中國信託-忠孝,2024-05-23,6162
00725B,國泰投資級公司債,87,0,87,中國信託-忠孝,2024-05-23,6162
00885,富邦越南,83,0,83,中國信託-忠孝,2024-05-23,6162
00878,國泰永續高股息,98,17,81,中國信託-忠孝,2024-05-23,6162
00632R,元大台灣50反1,93,15,78,中國信託-忠孝,2024-05-23,6162
3056,富華新,77,0,77,中國信託-忠孝,2024-05-23,6162
00936,台新永續高息中小,76,0,76,中國信託-忠孝,2024-05-23,6162
1446,宏和,153,79,74,中國信託-忠孝,2024-05-23,6162
2353,宏��,625,552,73,中國信託-忠孝,2024-05-23,6162
2105,正新,105,36,69,中國信託-忠孝,2024-05-23,6162
1616,億泰,70,2,68,中國信託-忠孝,2024-05-23,6162
3481,群創,73,6,67,中國信託-忠孝,2024-05-23,6162
00930,永豐ESG低碳高息,65,0,65,中國信託-忠孝,2024-05-23,6162
2374,佳能,86,25,61,中國信託-忠孝,2024-05-23,6162
1217,愛之味,50,0,50,中國信託-忠孝,2024-05-23,6162
3576,聯合再生,50,0,50,中國信託-忠孝,2024-05-23,6162
4123,晟德,50,0,50,中國信託-忠孝,2024-05-23,6162
5534,長虹,54,8,46,中國信託-忠孝,2024-05-23,6162
2610,華航,107,65,42,中國信託-忠孝,2024-05-23,6162
2420,新巨,64,22,42,中國信託-忠孝,2024-05-23,6162
4533,協易機,102,61,41,中國信託-忠孝,2024-05-23,6162
00715L,期街口布蘭特正2,41,0,41,中國信託-忠孝,2024-05-23,6162
2101,南港,42,1,41,中國信託-忠孝,2024-05-23,6162
00712,復華富時不動產,43,2,41,中國信託-忠孝,2024-05-23,6162
2883B,凱基金乙特,40,0,40,中國信託-忠孝,2024-05-23,6162
00720B,元大投資級公司債,42,3,39,中國信託-忠孝,2024-05-23,6162
2834,臺企銀,51,14,37,中國信託-忠孝,2024-05-23,6162
3363,上詮,97,60,37,中國信託-忠孝,2024-05-23,6162
2014,中鴻,34,0,34,中國信託-忠孝,2024-05-23,6162
5443,均豪,51,17,34,中國信託-忠孝,2024-05-23,6162
2009,第一銅,68,34,34,中國信託-忠孝,2024-05-23,6162
2520,冠德,43,10,33,中國信託-忠孝,2024-05-23,6162
3059,華晶科,40,8,32,中國信託-忠孝,2024-05-23,6162
3015,全漢,34,2,32,中國信託-忠孝,2024-05-23,6162
2002,中鋼,30,0,30,中國信託-忠孝,2024-05-23,6162
00946,群益科技高息成長,46,17,29,中國信託-忠孝,2024-05-23,6162
8155,博智,29,0,29,中國信託-忠孝,2024-05-23,6162
2367,燿華,59,32,27,中國信託-忠孝,2024-05-23,6162
2453,凌群,40,13,27,中國信託-忠孝,2024-05-23,6162
9105,泰金寶-DR,260,23,237,中國信託-忠孝,2024-05-24,6162
00753L,中信中國50正2,204,0,204,中國信託-忠孝,2024-05-24,6162
00944,野村趨勢動能高息,145,0,145,中國信託-忠孝,2024-05-24,6162
00665L,富邦�琤肭磪囓�2,139,0,139,中國信託-忠孝,2024-05-24,6162
00929,復華台灣科技優息,148,14,134,中國信託-忠孝,2024-05-24,6162
00632R,元大台灣50反1,135,4,131,中國信託-忠孝,2024-05-24,6162
00937B,群益ESG投等債20,203,75,128,中國信託-忠孝,2024-05-24,6162
00751B,元大AAA至A公司債,113,0,113,中國信託-忠孝,2024-05-24,6162
1316,上曜,106,1,105,中國信託-忠孝,2024-05-24,6162
2486,一詮,254,150,104,中國信託-忠孝,2024-05-24,6162
2888,新光金,104,2,102,中國信託-忠孝,2024-05-24,6162
2365,昆盈,167,67,100,中國信託-忠孝,2024-05-24,6162
00720B,元大投資級公司債,97,0,97,中國信託-忠孝,2024-05-24,6162
4720,德淵,109,19,90,中國信託-忠孝,2024-05-24,6162
2515,中工,85,3,82,中國信託-忠孝,2024-05-24,6162
2312,金寶,81,0,81,中國信託-忠孝,2024-05-24,6162
00637L,元大滬深300正2,79,1,78,中國信託-忠孝,2024-05-24,6162
00679B,元大美債20年,90,15,75,中國信託-忠孝,2024-05-24,6162
2534,宏盛,71,0,71,中國信託-忠孝,2024-05-24,6162
00687B,國泰20年美債,63,0,63,中國信託-忠孝,2024-05-24,6162
2337,旺宏,62,2,60,中國信託-忠孝,2024-05-24,6162
2353,宏��,263,205,58,中國信託-忠孝,2024-05-24,6162
00650L,復華香港正2,57,0,57,中國信託-忠孝,2024-05-24,6162
6160,欣技,52,0,52,中國信託-忠孝,2024-05-24,6162
1326,台化,52,0,52,中國信託-忠孝,2024-05-24,6162
00882,中信中國高股息,54,3,51,中國信託-忠孝,2024-05-24,6162
00941,中信上游半導體,53,2,51,中國信託-忠孝,2024-05-24,6162
6770,力積電,51,3,48,中國信託-忠孝,2024-05-24,6162
2303,聯電,71,24,47,中國信託-忠孝,2024-05-24,6162
00878,國泰永續高股息,49,2,47,中國信託-忠孝,2024-05-24,6162
5474,聰泰,59,13,46,中國信託-忠孝,2024-05-24,6162
6197,佳必琪,49,8,41,中國信託-忠孝,2024-05-24,6162
00940,元大台灣價值高息,75,36,39,中國信託-忠孝,2024-05-24,6162
2392,正崴,58,21,37,中國信託-忠孝,2024-05-24,6162
6697,東捷資訊,37,0,37,中國信託-忠孝,2024-05-24,6162
2324,仁寶,47,10,37,中國信託-忠孝,2024-05-24,6162
6230,尼得科超眾,44,8,36,中國信託-忠孝,2024-05-24,6162
00795B,中信美國公債20年,40,6,34,中國信託-忠孝,2024-05-24,6162
2609,陽明,65,32,33,中國信託-忠孝,2024-05-24,6162
6177,達麗,41,8,33,中國信託-忠孝,2024-05-24,6162
3564,其陽,67,36,31,中國信託-忠孝,2024-05-24,6162
2457,飛宏,30,0,30,中國信託-忠孝,2024-05-24,6162
00756B,群益投等新興公債,30,0,30,中國信託-忠孝,2024-05-24,6162
00664R,國泰臺灣加權反1,30,2,28,中國信託-忠孝,2024-05-24,6162
00725B,國泰投資級公司債,26,0,26,中國信託-忠孝,2024-05-24,6162
2453,凌群,32,7,25,中國信託-忠孝,2024-05-24,6162
2402,毅嘉,25,0,25,中國信託-忠孝,2024-05-24,6162
00757,統一FANG+,24,0,24,中國信託-忠孝,2024-05-24,6162
2302,麗正,26,2,24,中國信託-忠孝,2024-05-24,6162
5426,振發,29,5,24,中國信託-忠孝,2024-05-24,6162
2486,一詮,352,122,230,中國信託-忠孝,2024-05-27,6162
1305,華夏,180,2,178,中國信託-忠孝,2024-05-27,6162
4720,德淵,123,0,123,中國信託-忠孝,2024-05-27,6162
2891,中信金,163,43,120,中國信託-忠孝,2024-05-27,6162
2888,新光金,130,10,120,中國信託-忠孝,2024-05-27,6162
2609,陽明,135,22,113,中國信託-忠孝,2024-05-27,6162
00753L,中信中國50正2,104,0,104,中國信託-忠孝,2024-05-27,6162
00946,群益科技高息成長,125,28,97,中國信託-忠孝,2024-05-27,6162
00929,復華台灣科技優息,177,86,91,中國信託-忠孝,2024-05-27,6162
6125,廣運,119,43,76,中國信託-忠孝,2024-05-27,6162
2401,凌陽,120,47,73,中國信託-忠孝,2024-05-27,6162
00937B,群益ESG投等債20,188,117,71,中國信託-忠孝,2024-05-27,6162
1446,宏和,64,2,62,中國信託-忠孝,2024-05-27,6162
8028,昇陽半導體,99,38,61,中國信託-忠孝,2024-05-27,6162
00676R,富邦臺灣加權反1,60,0,60,中國信託-忠孝,2024-05-27,6162
3564,其陽,75,15,60,中國信託-忠孝,2024-05-27,6162
3055,蔚華科,79,25,54,中國信託-忠孝,2024-05-27,6162
2363,矽統,249,199,50,中國信託-忠孝,2024-05-27,6162
1326,台化,50,1,49,中國信託-忠孝,2024-05-27,6162
3033,威健,52,3,49,中國信託-忠孝,2024-05-27,6162
1313,聯成,49,0,49,中國信託-忠孝,2024-05-27,6162
00933B,國泰10Y+金融債,56,7,49,中國信託-忠孝,2024-05-27,6162
6197,佳必琪,51,5,46,中國信託-忠孝,2024-05-27,6162
00944,野村趨勢動能高息,44,0,44,中國信託-忠孝,2024-05-27,6162
00679B,元大美債20年,41,0,41,中國信託-忠孝,2024-05-27,6162
2498,宏達電,63,25,38,中國信託-忠孝,2024-05-27,6162
8110,華東,42,6,36,中國信託-忠孝,2024-05-27,6162
5234,達興材料,36,1,35,中國信託-忠孝,2024-05-27,6162
00712,復華富時不動產,36,2,34,中國信託-忠孝,2024-05-27,6162
00665L,富邦�琤肭磪囓�2,32,0,32,中國信託-忠孝,2024-05-27,6162
1809,中釉,42,10,32,中國信託-忠孝,2024-05-27,6162
00650L,復華香港正2,82,50,32,中國信託-忠孝,2024-05-27,6162
2489,瑞軒,176,144,32,中國信託-忠孝,2024-05-27,6162
3499,環天科,28,1,27,中國信託-忠孝,2024-05-27,6162
1734,杏輝,27,0,27,中國信託-忠孝,2024-05-27,6162
2025,千興,29,2,27,中國信託-忠孝,2024-05-27,6162
2392,正崴,55,28,27,中國信託-忠孝,2024-05-27,6162
4533,協易機,71,45,26,中國信託-忠孝,2024-05-27,6162
3481,群創,102,78,24,中國信託-忠孝,2024-05-27,6162
2352,佳世達,51,27,24,中國信託-忠孝,2024-05-27,6162
8096,擎亞,29,5,24,中國信託-忠孝,2024-05-27,6162
2610,華航,37,13,24,中國信託-忠孝,2024-05-27,6162
2453,凌群,40,16,24,中國信託-忠孝,2024-05-27,6162
8240,華宏,23,0,23,中國信託-忠孝,2024-05-27,6162
5439,高技,22,0,22,中國信託-忠孝,2024-05-27,6162
4128,中天,21,0,21,中國信託-忠孝,2024-05-27,6162
3047,訊舟,87,66,21,中國信託-忠孝,2024-05-27,6162
3594,磐儀,21,0,21,中國信託-忠孝,2024-05-27,6162
2017,官田鋼,20,0,20,中國信託-忠孝,2024-05-27,6162
00686R,群益臺灣加權反1,20,0,20,中國信託-忠孝,2024-05-27,6162
00937B,群益ESG投等債20,290,16,274,中國信託-忠孝,2024-05-28,6162
2353,宏��,429,171,258,中國信託-忠孝,2024-05-28,6162
3035,智原,254,37,217,中國信託-忠孝,2024-05-28,6162
3005,神基,161,32,129,中國信託-忠孝,2024-05-28,6162
00946,群益科技高息成長,127,0,127,中國信託-忠孝,2024-05-28,6162
00687B,國泰20年美債,127,13,114,中國信託-忠孝,2024-05-28,6162
00915,凱基優選高股息30,121,10,111,中國信託-忠孝,2024-05-28,6162
3466,德晉,121,18,103,中國信託-忠孝,2024-05-28,6162
00753L,中信中國50正2,100,0,100,中國信託-忠孝,2024-05-28,6162
2915,潤泰全,100,6,94,中國信託-忠孝,2024-05-28,6162
00679B,元大美債20年,101,7,94,中國信託-忠孝,2024-05-28,6162
9105,泰金寶-DR,121,32,89,中國信託-忠孝,2024-05-28,6162
3689,湧德,84,7,77,中國信託-忠孝,2024-05-28,6162
2891,中信金,99,34,65,中國信託-忠孝,2024-05-28,6162
2913,農林,60,0,60,中國信託-忠孝,2024-05-28,6162
1903,士紙,49,3,46,中國信託-忠孝,2024-05-28,6162
2515,中工,50,4,46,中國信託-忠孝,2024-05-28,6162
00650L,復華香港正2,50,6,44,中國信託-忠孝,2024-05-28,6162
8064,東捷,61,18,43,中國信託-忠孝,2024-05-28,6162
1464,得力,36,0,36,中國信託-忠孝,2024-05-28,6162
3714,富采,34,1,33,中國信託-忠孝,2024-05-28,6162
2382,廣達,51,18,33,中國信託-忠孝,2024-05-28,6162
00632R,元大台灣50反1,42,10,32,中國信託-忠孝,2024-05-28,6162
5519,隆大,32,0,32,中國信託-忠孝,2024-05-28,6162
00795B,中信美國公債20年,31,0,31,中國信託-忠孝,2024-05-28,6162
4543,萬在,107,77,30,中國信託-忠孝,2024-05-28,6162
1609,大亞,40,11,29,中國信託-忠孝,2024-05-28,6162
00929,復華台灣科技優息,81,53,28,中國信託-忠孝,2024-05-28,6162
3056,富華新,27,0,27,中國信託-忠孝,2024-05-28,6162
2464,盟立,146,119,27,中國信託-忠孝,2024-05-28,6162
00720B,元大投資級公司債,27,0,27,中國信託-忠孝,2024-05-28,6162
2609,陽明,59,33,26,中國信託-忠孝,2024-05-28,6162
1316,上曜,27,2,25,中國信託-忠孝,2024-05-28,6162
2882,國泰金,50,25,25,中國信託-忠孝,2024-05-28,6162
4952,凌通,55,31,24,中國信託-忠孝,2024-05-28,6162
00940,元大台灣價值高息,76,52,24,中國信託-忠孝,2024-05-28,6162
2002,中鋼,29,5,24,中國信託-忠孝,2024-05-28,6162
2614,東森,23,0,23,中國信託-忠孝,2024-05-28,6162
6186,新潤,22,0,22,中國信託-忠孝,2024-05-28,6162
2906,高林,22,0,22,中國信託-忠孝,2024-05-28,6162
2603,長榮,69,47,22,中國信託-忠孝,2024-05-28,6162
2731,雄獅,36,15,21,中國信託-忠孝,2024-05-28,6162
2101,南港,22,1,21,中國信託-忠孝,2024-05-28,6162
6188,廣明,70,49,21,中國信託-忠孝,2024-05-28,6162
4303,信立,37,16,21,中國信託-忠孝,2024-05-28,6162
3481,群創,25,4,21,中國信託-忠孝,2024-05-28,6162
2743,山富,25,5,20,中國信託-忠孝,2024-05-28,6162
6285,啟��,20,0,20,中國信託-忠孝,2024-05-28,6162
2419,仲琦,20,0,20,中國信託-忠孝,2024-05-28,6162
1457,宜進,20,0,20,中國信託-忠孝,2024-05-28,6162
00937B,群益ESG投等債20,600,28,572,中國信託-忠孝,2024-05-29,6162
2888,新光金,291,54,237,中國信託-忠孝,2024-05-29,6162
3024,憶聲,187,2,185,中國信託-忠孝,2024-05-29,6162
2353,宏��,319,136,183,中國信託-忠孝,2024-05-29,6162
2610,華航,185,6,179,中國信託-忠孝,2024-05-29,6162
00679B,元大美債20年,222,51,171,中國信託-忠孝,2024-05-29,6162
1312,國喬,128,0,128,中國信託-忠孝,2024-05-29,6162
00753L,中信中國50正2,111,0,111,中國信託-忠孝,2024-05-29,6162
2880,華南金,118,10,108,中國信託-忠孝,2024-05-29,6162
00878,國泰永續高股息,134,28,106,中國信託-忠孝,2024-05-29,6162
00632R,元大台灣50反1,90,0,90,中國信託-忠孝,2024-05-29,6162
00915,凱基優選高股息30,77,0,77,中國信託-忠孝,2024-05-29,6162
2317,鴻海,127,61,66,中國信託-忠孝,2024-05-29,6162
00946,群益科技高息成長,85,20,65,中國信託-忠孝,2024-05-29,6162
00751B,元大AAA至A公司債,61,0,61,中國信託-忠孝,2024-05-29,6162
2891,中信金,80,19,61,中國信託-忠孝,2024-05-29,6162
00929,復華台灣科技優息,83,23,60,中國信託-忠孝,2024-05-29,6162
2903,遠百,60,0,60,中國信託-忠孝,2024-05-29,6162
00939,統一台灣高息動能,82,25,57,中國信託-忠孝,2024-05-29,6162
2915,潤泰全,61,5,56,中國信託-忠孝,2024-05-29,6162
8096,擎亞,77,21,56,中國信託-忠孝,2024-05-29,6162
00687B,國泰20年美債,56,3,53,中國信託-忠孝,2024-05-29,6162
00680L,元大美債20正2,53,0,53,中國信託-忠孝,2024-05-29,6162
5608,四維航,78,27,51,中國信託-忠孝,2024-05-29,6162
2534,宏盛,110,62,48,中國信託-忠孝,2024-05-29,6162
2401,凌陽,108,61,47,中國信託-忠孝,2024-05-29,6162
3231,緯創,92,46,46,中國信託-忠孝,2024-05-29,6162
2605,新興,140,94,46,中國信託-忠孝,2024-05-29,6162
6708,天擎,45,0,45,中國信託-忠孝,2024-05-29,6162
00857B,永豐20年美公債,43,0,43,中國信託-忠孝,2024-05-29,6162
00922,國泰台灣領袖50,43,0,43,中國信託-忠孝,2024-05-29,6162
2618,長榮航,55,13,42,中國信託-忠孝,2024-05-29,6162
2002,中鋼,45,4,41,中國信託-忠孝,2024-05-29,6162
6770,力積電,47,6,41,中國信託-忠孝,2024-05-29,6162
00757,統一FANG+,41,0,41,中國信託-忠孝,2024-05-29,6162
5302,太欣,40,0,40,中國信託-忠孝,2024-05-29,6162
00673R,期元大S＆P原油反1,40,0,40,中國信託-忠孝,2024-05-29,6162
6213,聯茂,56,17,39,中國信託-忠孝,2024-05-29,6162
00720B,元大投資級公司債,37,0,37,中國信託-忠孝,2024-05-29,6162
912000,晨訊科-DR,35,0,35,中國信託-忠孝,2024-05-29,6162
2243,宏旭-KY,34,0,34,中國信託-忠孝,2024-05-29,6162
2354,鴻準,181,147,34,中國信託-忠孝,2024-05-29,6162
2886,兆豐金,33,0,33,中國信託-忠孝,2024-05-29,6162
00933B,國泰10Y+金融債,33,0,33,中國信託-忠孝,2024-05-29,6162
2867,三商壽,36,4,32,中國信託-忠孝,2024-05-29,6162
1605,華新,66,35,31,中國信託-忠孝,2024-05-29,6162
5534,長虹,30,0,30,中國信託-忠孝,2024-05-29,6162
5371,中光電,42,13,29,中國信託-忠孝,2024-05-29,6162
2498,宏達電,74,46,28,中國信託-忠孝,2024-05-29,6162
3047,訊舟,55,28,27,中國信託-忠孝,2024-05-29,6162
00937B,群益ESG投等債20,398,46,352,中國信託-忠孝,2024-05-30,6162
00665L,富邦�琤肭磪囓�2,275,9,266,中國信託-忠孝,2024-05-30,6162
2891,中信金,208,23,185,中國信託-忠孝,2024-05-30,6162
00680L,元大美債20正2,142,0,142,中國信託-忠孝,2024-05-30,6162
1301,台塑,123,3,120,中國信託-忠孝,2024-05-30,6162
5880,合庫金,110,0,110,中國信託-忠孝,2024-05-30,6162
3564,其陽,110,10,100,中國信託-忠孝,2024-05-30,6162
9105,泰金寶-DR,105,5,100,中國信託-忠孝,2024-05-30,6162
4967,十銓,108,18,90,中國信託-忠孝,2024-05-30,6162
00929,復華台灣科技優息,117,30,87,中國信託-忠孝,2024-05-30,6162
4533,協易機,152,72,80,中國信託-忠孝,2024-05-30,6162
00679B,元大美債20年,76,0,76,中國信託-忠孝,2024-05-30,6162
5230,雷笛克光學,169,94,75,中國信託-忠孝,2024-05-30,6162
8105,凌巨,98,24,74,中國信託-忠孝,2024-05-30,6162
2515,中工,163,92,71,中國信託-忠孝,2024-05-30,6162
00939,統一台灣高息動能,70,0,70,中國信託-忠孝,2024-05-30,6162
1815,富喬,317,248,69,中國信託-忠孝,2024-05-30,6162
2520,冠德,63,0,63,中國信託-忠孝,2024-05-30,6162
2408,南亞科,64,3,61,中國信託-忠孝,2024-05-30,6162
00725B,國泰投資級公司債,61,0,61,中國信託-忠孝,2024-05-30,6162
00687B,國泰20年美債,60,0,60,中國信託-忠孝,2024-05-30,6162
8096,擎亞,92,32,60,中國信託-忠孝,2024-05-30,6162
2405,輔信,58,3,55,中國信託-忠孝,2024-05-30,6162
00878,國泰永續高股息,108,56,52,中國信託-忠孝,2024-05-30,6162
1326,台化,50,0,50,中國信託-忠孝,2024-05-30,6162
2609,陽明,60,10,50,中國信託-忠孝,2024-05-30,6162
2330,台積電,55,6,49,中國信託-忠孝,2024-05-30,6162
3035,智原,99,50,49,中國信託-忠孝,2024-05-30,6162
00946,群益科技高息成長,53,6,47,中國信託-忠孝,2024-05-30,6162
00915,凱基優選高股息30,47,0,47,中國信託-忠孝,2024-05-30,6162
00918,大華優利高填息30,56,13,43,中國信託-忠孝,2024-05-30,6162
00688L,國泰20年美債正2,49,6,43,中國信託-忠孝,2024-05-30,6162
5432,新門,41,1,40,中國信託-忠孝,2024-05-30,6162
5519,隆大,40,0,40,中國信託-忠孝,2024-05-30,6162
00712,復華富時不動產,42,2,40,中國信託-忠孝,2024-05-30,6162
00757,統一FANG+,39,0,39,中國信託-忠孝,2024-05-30,6162
2317,鴻海,116,77,39,中國信託-忠孝,2024-05-30,6162
00751B,元大AAA至A公司債,37,0,37,中國信託-忠孝,2024-05-30,6162
00795B,中信美國公債20年,42,5,37,中國信託-忠孝,2024-05-30,6162
2301,光寶科,40,4,36,中國信託-忠孝,2024-05-30,6162
2888,新光金,56,20,36,中國信託-忠孝,2024-05-30,6162
1312,國喬,35,0,35,中國信託-忠孝,2024-05-30,6162
2365,昆盈,64,31,33,中國信託-忠孝,2024-05-30,6162
2356,英業達,41,8,33,中國信託-忠孝,2024-05-30,6162
2886,兆豐金,38,5,33,中國信託-忠孝,2024-05-30,6162
4128,中天,31,0,31,中國信託-忠孝,2024-05-30,6162
00944,野村趨勢動能高息,31,0,31,中國信託-忠孝,2024-05-30,6162
2354,鴻準,82,51,31,中國信託-忠孝,2024-05-30,6162
2006,東和鋼鐵,30,0,30,中國信託-忠孝,2024-05-30,6162
2605,新興,39,9,30,中國信託-忠孝,2024-05-30,6162
00679B,元大美債20年,308,1,307,中國信託-忠孝,2024-05-31,6162
00929,復華台灣科技優息,216,51,165,中國信託-忠孝,2024-05-31,6162
2534,宏盛,165,17,148,中國信託-忠孝,2024-05-31,6162
00680L,元大美債20正2,140,0,140,中國信託-忠孝,2024-05-31,6162
2353,宏��,170,31,139,中國信託-忠孝,2024-05-31,6162
2867,三商壽,201,66,135,中國信託-忠孝,2024-05-31,6162
2101,南港,212,90,122,中國信託-忠孝,2024-05-31,6162
00919,群益台灣精選高息,172,69,103,中國信託-忠孝,2024-05-31,6162
2354,鴻準,254,162,92,中國信託-忠孝,2024-05-31,6162
1101,台泥,102,13,89,中國信託-忠孝,2024-05-31,6162
2609,陽明,291,204,87,中國信託-忠孝,2024-05-31,6162
00946,群益科技高息成長,94,10,84,中國信託-忠孝,2024-05-31,6162
2515,中工,179,98,81,中國信託-忠孝,2024-05-31,6162
2889,國票金,62,1,61,中國信託-忠孝,2024-05-31,6162
00878,國泰永續高股息,75,21,54,中國信託-忠孝,2024-05-31,6162
3339,泰谷,56,5,51,中國信託-忠孝,2024-05-31,6162
5310,天剛,50,0,50,中國信託-忠孝,2024-05-31,6162
00939,統一台灣高息動能,46,0,46,中國信託-忠孝,2024-05-31,6162
00918,大華優利高填息30,48,3,45,中國信託-忠孝,2024-05-31,6162
1815,富喬,263,222,41,中國信託-忠孝,2024-05-31,6162
3580,友威科,35,0,35,中國信託-忠孝,2024-05-31,6162
3231,緯創,66,32,34,中國信託-忠孝,2024-05-31,6162
00719B,元大美債1-3,35,1,34,中國信託-忠孝,2024-05-31,6162
00757,統一FANG+,34,0,34,中國信託-忠孝,2024-05-31,6162
3047,訊舟,50,17,33,中國信託-忠孝,2024-05-31,6162
2399,映泰,31,0,31,中國信託-忠孝,2024-05-31,6162
9933,中鼎,30,0,30,中國信託-忠孝,2024-05-31,6162
00891,中信關鍵半導體,28,0,28,中國信託-忠孝,2024-05-31,6162
3594,磐儀,47,20,27,中國信託-忠孝,2024-05-31,6162
4906,正文,28,1,27,中國信託-忠孝,2024-05-31,6162
2641,正德,389,362,27,中國信託-忠孝,2024-05-31,6162
2330,台積電,26,2,24,中國信託-忠孝,2024-05-31,6162
00715L,期街口布蘭特正2,28,5,23,中國信託-忠孝,2024-05-31,6162
00632R,元大台灣50反1,22,0,22,中國信託-忠孝,2024-05-31,6162
1310,台苯,22,0,22,中國信託-忠孝,2024-05-31,6162
5493,三聯,21,0,21,中國信託-忠孝,2024-05-31,6162
00923,群益台ESG低碳50,24,3,21,中國信託-忠孝,2024-05-31,6162
8240,華宏,22,1,21,中國信託-忠孝,2024-05-31,6162
2363,矽統,37,16,21,中國信託-忠孝,2024-05-31,6162
2514,龍邦,20,0,20,中國信託-忠孝,2024-05-31,6162
2845,遠東銀,20,0,20,中國信託-忠孝,2024-05-31,6162
00751B,元大AAA至A公司債,20,0,20,中國信託-忠孝,2024-05-31,6162
2355,敬鵬,21,1,20,中國信託-忠孝,2024-05-31,6162
2317,鴻海,162,142,20,中國信託-忠孝,2024-05-31,6162
2002,中鋼,20,1,19,中國信託-忠孝,2024-05-31,6162
5519,隆大,24,5,19,中國信託-忠孝,2024-05-31,6162
8454,富邦媒,22,4,18,中國信託-忠孝,2024-05-31,6162
8027,鈦昇,25,7,18,中國信託-忠孝,2024-05-31,6162
1805,寶徠,18,0,18,中國信託-忠孝,2024-05-31,6162
2615,萬海,32,14,18,中國信託-忠孝,2024-05-31,6162
00753L,中信中國50正2,1505,0,1505,中國信託-忠孝,2024-06-03,6162
00937B,群益ESG投等債20,547,73,474,中國信託-忠孝,2024-06-03,6162
00919,群益台灣精選高息,306,8,298,中國信託-忠孝,2024-06-03,6162
5512,力麒,156,1,155,中國信託-忠孝,2024-06-03,6162
00650L,復華香港正2,153,6,147,中國信託-忠孝,2024-06-03,6162
2615,萬海,194,59,135,中國信託-忠孝,2024-06-03,6162
2323,中環,119,4,115,中國信託-忠孝,2024-06-03,6162
5519,隆大,114,0,114,中國信託-忠孝,2024-06-03,6162
00637L,元大滬深300正2,111,2,109,中國信託-忠孝,2024-06-03,6162
2880,華南金,103,0,103,中國信託-忠孝,2024-06-03,6162
00929,復華台灣科技優息,100,1,99,中國信託-忠孝,2024-06-03,6162
2867,三商壽,75,0,75,中國信託-忠孝,2024-06-03,6162
00946,群益科技高息成長,152,80,72,中國信託-忠孝,2024-06-03,6162
2101,南港,79,18,61,中國信託-忠孝,2024-06-03,6162
3339,泰谷,56,0,56,中國信託-忠孝,2024-06-03,6162
2537,聯上發,74,23,51,中國信託-忠孝,2024-06-03,6162
2498,宏達電,54,5,49,中國信託-忠孝,2024-06-03,6162
2353,宏��,60,12,48,中國信託-忠孝,2024-06-03,6162
2534,宏盛,46,0,46,中國信託-忠孝,2024-06-03,6162
1445,大宇,45,0,45,中國信託-忠孝,2024-06-03,6162
00757,統一FANG+,47,2,45,中國信託-忠孝,2024-06-03,6162
2486,一詮,98,54,44,中國信託-忠孝,2024-06-03,6162
2317,鴻海,86,46,40,中國信託-忠孝,2024-06-03,6162
3202,樺晟,73,34,39,中國信託-忠孝,2024-06-03,6162
2618,長榮航,52,14,38,中國信託-忠孝,2024-06-03,6162
4513,福裕,38,0,38,中國信託-忠孝,2024-06-03,6162
3443,創意,41,3,38,中國信託-忠孝,2024-06-03,6162
00918,大華優利高填息30,66,31,35,中國信託-忠孝,2024-06-03,6162
2610,華航,46,12,34,中國信託-忠孝,2024-06-03,6162
2303,聯電,39,9,30,中國信託-忠孝,2024-06-03,6162
2515,中工,59,30,29,中國信託-忠孝,2024-06-03,6162
6569,醫揚,32,7,25,中國信託-忠孝,2024-06-03,6162
00878,國泰永續高股息,48,24,24,中國信託-忠孝,2024-06-03,6162
5474,聰泰,30,7,23,中國信託-忠孝,2024-06-03,6162
00715L,期街口布蘭特正2,24,2,22,中國信託-忠孝,2024-06-03,6162
2356,英業達,42,20,22,中國信託-忠孝,2024-06-03,6162
2023,燁輝,25,4,21,中國信託-忠孝,2024-06-03,6162
6770,力積電,22,2,20,中國信託-忠孝,2024-06-03,6162
2845,遠東銀,20,0,20,中國信託-忠孝,2024-06-03,6162
3230,錦明,20,0,20,中國信託-忠孝,2024-06-03,6162
2409,友達,32,12,20,中國信託-忠孝,2024-06-03,6162
2884,玉山金,23,4,19,中國信託-忠孝,2024-06-03,6162
8070,長華*,21,2,19,中國信託-忠孝,2024-06-03,6162
2425,承啟,22,4,18,中國信託-忠孝,2024-06-03,6162
6166,凌華,20,2,18,中國信託-忠孝,2024-06-03,6162
3047,訊舟,45,27,18,中國信託-忠孝,2024-06-03,6162
3059,華晶科,36,18,18,中國信託-忠孝,2024-06-03,6162
1101,台泥,33,16,17,中國信託-忠孝,2024-06-03,6162
3483,力致,36,19,17,中國信託-忠孝,2024-06-03,6162
6126,信音,18,1,17,中國信託-忠孝,2024-06-03,6162
00878,國泰永續高股息,245,18,227,中國信託-忠孝,2024-06-04,6162
4562,穎漢,256,45,211,中國信託-忠孝,2024-06-04,6162
00919,群益台灣精選高息,225,33,192,中國信託-忠孝,2024-06-04,6162
2353,宏��,188,24,164,中國信託-忠孝,2024-06-04,6162
2883,凱基金,135,1,134,中國信託-忠孝,2024-06-04,6162
2323,中環,115,1,114,中國信託-忠孝,2024-06-04,6162
00753L,中信中國50正2,103,0,103,中國信託-忠孝,2024-06-04,6162
5230,雷笛克光學,151,52,99,中國信託-忠孝,2024-06-04,6162
1802,台玻,109,12,97,中國信託-忠孝,2024-06-04,6162
2537,聯上發,141,52,89,中國信託-忠孝,2024-06-04,6162
00936,台新永續高息中小,147,62,85,中國信託-忠孝,2024-06-04,6162
2888,新光金,92,9,83,中國信託-忠孝,2024-06-04,6162
00918,大華優利高填息30,84,4,80,中國信託-忠孝,2024-06-04,6162
2367,燿華,83,10,73,中國信託-忠孝,2024-06-04,6162
2889,國票金,71,0,71,中國信託-忠孝,2024-06-04,6162
3047,訊舟,67,2,65,中國信託-忠孝,2024-06-04,6162
2534,宏盛,61,0,61,中國信託-忠孝,2024-06-04,6162
00929,復華台灣科技優息,144,85,59,中國信託-忠孝,2024-06-04,6162
2258,鴻華先進-創,55,1,54,中國信託-忠孝,2024-06-04,6162
2330,台積電,56,3,53,中國信託-忠孝,2024-06-04,6162
2354,鴻準,116,63,53,中國信託-忠孝,2024-06-04,6162
6005,群益證,57,6,51,中國信託-忠孝,2024-06-04,6162
2344,華邦電,55,5,50,中國信託-忠孝,2024-06-04,6162
00665L,富邦�琤肭磪囓�2,57,12,45,中國信託-忠孝,2024-06-04,6162
3324,雙鴻,62,18,44,中國信託-忠孝,2024-06-04,6162
2303,聯電,78,35,43,中國信託-忠孝,2024-06-04,6162
00680L,元大美債20正2,53,10,43,中國信託-忠孝,2024-06-04,6162
3481,群創,93,50,43,中國信託-忠孝,2024-06-04,6162
1445,大宇,45,2,43,中國信託-忠孝,2024-06-04,6162
2845,遠東銀,40,0,40,中國信託-忠孝,2024-06-04,6162
00713,元大台灣高息低波,44,5,39,中國信託-忠孝,2024-06-04,6162
2312,金寶,131,92,39,中國信託-忠孝,2024-06-04,6162
1473,台南,37,0,37,中國信託-忠孝,2024-06-04,6162
2328,廣宇,65,34,31,中國信託-忠孝,2024-06-04,6162
3056,富華新,32,1,31,中國信託-忠孝,2024-06-04,6162
0056,元大高股息,36,7,29,中國信託-忠孝,2024-06-04,6162
3231,緯創,46,19,27,中國信託-忠孝,2024-06-04,6162
3498,陽程,26,0,26,中國信託-忠孝,2024-06-04,6162
8096,擎亞,38,12,26,中國信託-忠孝,2024-06-04,6162
2501,國建,33,8,25,中國信託-忠孝,2024-06-04,6162
4973,廣穎,32,7,25,中國信託-忠孝,2024-06-04,6162
00725B,國泰投資級公司債,24,0,24,中國信託-忠孝,2024-06-04,6162
2324,仁寶,44,21,23,中國信託-忠孝,2024-06-04,6162
1402,遠東新,22,0,22,中國信託-忠孝,2024-06-04,6162
2356,英業達,26,5,21,中國信託-忠孝,2024-06-04,6162
2301,光寶科,28,6,22,中國信託-忠孝,2024-06-04,6162
9958,世紀鋼,27,6,21,中國信託-忠孝,2024-06-04,6162
00715L,期街口布蘭特正2,21,0,21,中國信託-忠孝,2024-06-04,6162
2498,宏達電,47,26,21,中國信託-忠孝,2024-06-04,6162
6160,欣技,24,3,21,中國信託-忠孝,2024-06-04,6162
2330,台積電,253,9,244,中國信託-忠孝,2024-06-05,6162
00878,國泰永續高股息,237,5,232,中國信託-忠孝,2024-06-05,6162
00929,復華台灣科技優息,225,25,200,中國信託-忠孝,2024-06-05,6162
3048,益登,207,36,171,中國信託-忠孝,2024-06-05,6162
2417,圓剛,190,25,165,中國信託-忠孝,2024-06-05,6162
00918,大華優利高填息30,129,22,107,中國信託-忠孝,2024-06-05,6162
00936,台新永續高息中小,105,10,95,中國信託-忠孝,2024-06-05,6162
2105,正新,89,0,89,中國信託-忠孝,2024-06-05,6162
00919,群益台灣精選高息,122,40,82,中國信託-忠孝,2024-06-05,6162
5512,力麒,80,0,80,中國信託-忠孝,2024-06-05,6162
3056,富華新,79,0,79,中國信託-忠孝,2024-06-05,6162
2515,中工,89,16,73,中國信託-忠孝,2024-06-05,6162
2344,華邦電,96,27,69,中國信託-忠孝,2024-06-05,6162
2331,精英,96,29,67,中國信託-忠孝,2024-06-05,6162
5534,長虹,66,0,66,中國信託-忠孝,2024-06-05,6162
4976,佳凌,57,0,57,中國信託-忠孝,2024-06-05,6162
1815,富喬,294,238,56,中國信託-忠孝,2024-06-05,6162
2353,宏��,113,62,51,中國信託-忠孝,2024-06-05,6162
2007,燁興,50,0,50,中國信託-忠孝,2024-06-05,6162
6125,廣運,63,19,44,中國信託-忠孝,2024-06-05,6162
2401,凌陽,48,6,42,中國信託-忠孝,2024-06-05,6162
4123,晟德,51,16,35,中國信託-忠孝,2024-06-05,6162
6285,啟��,61,28,33,中國信託-忠孝,2024-06-05,6162
1442,名軒,36,5,31,中國信託-忠孝,2024-06-05,6162
4919,新唐,31,0,31,中國信託-忠孝,2024-06-05,6162
1313,聯成,30,0,30,中國信託-忠孝,2024-06-05,6162
2317,鴻海,172,142,30,中國信託-忠孝,2024-06-05,6162
00712,復華富時不動產,35,6,29,中國信託-忠孝,2024-06-05,6162
3483,力致,36,8,28,中國信託-忠孝,2024-06-05,6162
1514,亞力,27,1,26,中國信託-忠孝,2024-06-05,6162
00715L,期街口布蘭特正2,24,0,24,中國信託-忠孝,2024-06-05,6162
3379,彬台,27,3,24,中國信託-忠孝,2024-06-05,6162
2409,友達,41,18,23,中國信託-忠孝,2024-06-05,6162
00725B,國泰投資級公司債,29,6,23,中國信託-忠孝,2024-06-05,6162
2354,鴻準,64,41,23,中國信託-忠孝,2024-06-05,6162
2891,中信金,23,1,22,中國信託-忠孝,2024-06-05,6162
1609,大亞,21,0,21,中國信託-忠孝,2024-06-05,6162
2520,冠德,22,1,21,中國信託-忠孝,2024-06-05,6162
0056,元大高股息,34,15,19,中國信託-忠孝,2024-06-05,6162
00939,統一台灣高息動能,21,2,19,中國信託-忠孝,2024-06-05,6162
3540,曜越,28,10,18,中國信託-忠孝,2024-06-05,6162
6584,南俊國際,18,0,18,中國信託-忠孝,2024-06-05,6162
6163,華電網,18,0,18,中國信託-忠孝,2024-06-05,6162
2303,聯電,64,46,18,中國信託-忠孝,2024-06-05,6162
3481,群創,22,4,18,中國信託-忠孝,2024-06-05,6162
6922,宸曜,18,2,16,中國信託-忠孝,2024-06-05,6162
3264,欣銓,22,6,16,中國信託-忠孝,2024-06-05,6162
1903,士紙,16,0,16,中國信託-忠孝,2024-06-05,6162
6213,聯茂,37,22,15,中國信託-忠孝,2024-06-05,6162
6695,芯鼎,28,13,15,中國信託-忠孝,2024-06-05,6162
2101,南港,298,51,247,中國信託-忠孝,2024-06-06,6162
2515,中工,274,65,209,中國信託-忠孝,2024-06-06,6162
3056,富華新,159,0,159,中國信託-忠孝,2024-06-06,6162
1611,中電,141,0,141,中國信託-忠孝,2024-06-06,6162
00632R,元大台灣50反1,145,6,139,中國信託-忠孝,2024-06-06,6162
00937B,群益ESG投等債20,102,10,92,中國信託-忠孝,2024-06-06,6162
00751B,元大AAA至A公司債,86,0,86,中國信託-忠孝,2024-06-06,6162
2312,金寶,237,152,85,中國信託-忠孝,2024-06-06,6162
00929,復華台灣科技優息,84,6,78,中國信託-忠孝,2024-06-06,6162
00918,大華優利高填息30,72,0,72,中國信託-忠孝,2024-06-06,6162
00942B,台新美A公司債20+,70,0,70,中國信託-忠孝,2024-06-06,6162
3047,訊舟,53,0,53,中國信託-忠孝,2024-06-06,6162
4720,德淵,50,0,50,中國信託-忠孝,2024-06-06,6162
00946,群益科技高息成長,49,1,48,中國信託-忠孝,2024-06-06,6162
3231,緯創,66,20,46,中國信託-忠孝,2024-06-06,6162
00664R,國泰臺灣加權反1,46,0,46,中國信託-忠孝,2024-06-06,6162
8096,擎亞,72,29,43,中國信託-忠孝,2024-06-06,6162
9105,泰金寶-DR,55,12,43,中國信託-忠孝,2024-06-06,6162
1903,士紙,42,0,42,中國信託-忠孝,2024-06-06,6162
0052,富邦科技,42,0,42,中國信託-忠孝,2024-06-06,6162
3019,亞光,42,1,41,中國信託-忠孝,2024-06-06,6162
2002,中鋼,39,1,38,中國信託-忠孝,2024-06-06,6162
00936,台新永續高息中小,63,25,38,中國信託-忠孝,2024-06-06,6162
3209,全科,37,0,37,中國信託-忠孝,2024-06-06,6162
3048,益登,61,24,37,中國信託-忠孝,2024-06-06,6162
2888,新光金,66,31,35,中國信託-忠孝,2024-06-06,6162
6290,良維,56,21,35,中國信託-忠孝,2024-06-06,6162
6125,廣運,60,26,34,中國信託-忠孝,2024-06-06,6162
2367,燿華,111,77,34,中國信託-忠孝,2024-06-06,6162
00688L,國泰20年美債正2,41,10,31,中國信託-忠孝,2024-06-06,6162
3491,昇達科,31,1,30,中國信託-忠孝,2024-06-06,6162
00725B,國泰投資級公司債,30,2,28,中國信託-忠孝,2024-06-06,6162
00878,國泰永續高股息,41,18,23,中國信託-忠孝,2024-06-06,6162
1603,華電,24,1,23,中國信託-忠孝,2024-06-06,6162
1442,名軒,24,1,23,中國信託-忠孝,2024-06-06,6162
3694,海華,23,0,23,中國信託-忠孝,2024-06-06,6162
5871,中租-KY,22,0,22,中國信託-忠孝,2024-06-06,6162
6188,廣明,30,8,22,中國信託-忠孝,2024-06-06,6162
3312,弘憶股,28,6,22,中國信託-忠孝,2024-06-06,6162
8906,花王,22,0,22,中國信託-忠孝,2024-06-06,6162
6668,中揚光,21,0,21,中國信託-忠孝,2024-06-06,6162
4906,正文,26,7,19,中國信託-忠孝,2024-06-06,6162
4566,時碩工業,46,28,18,中國信託-忠孝,2024-06-06,6162
2845,遠東銀,20,2,18,中國信託-忠孝,2024-06-06,6162
8046,南電,20,2,18,中國信託-忠孝,2024-06-06,6162
6202,盛群,17,0,17,中國信託-忠孝,2024-06-06,6162
5469,瀚宇博,19,2,17,中國信託-忠孝,2024-06-06,6162
5009,榮剛,23,6,17,中國信託-忠孝,2024-06-06,6162
6770,力積電,21,5,16,中國信託-忠孝,2024-06-06,6162
4533,協易機,59,43,16,中國信託-忠孝,2024-06-06,6162
2888,新光金,1269,205,1064,中國信託-忠孝,2024-06-07,6162
2324,仁寶,614,4,610,中國信託-忠孝,2024-06-07,6162
2330,台積電,313,4,309,中國信託-忠孝,2024-06-07,6162
8121,越峰,246,5,241,中國信託-忠孝,2024-06-07,6162
9105,泰金寶-DR,340,130,210,中國信託-忠孝,2024-06-07,6162
2101,南港,218,23,195,中國信託-忠孝,2024-06-07,6162
4967,十銓,184,20,164,中國信託-忠孝,2024-06-07,6162
00687B,國泰20年美債,172,10,162,中國信託-忠孝,2024-06-07,6162
00937B,群益ESG投等債20,167,21,146,中國信託-忠孝,2024-06-07,6162
00929,復華台灣科技優息,180,41,139,中國信託-忠孝,2024-06-07,6162
3231,緯創,119,4,115,中國信託-忠孝,2024-06-07,6162
2353,宏��,128,18,110,中國信託-忠孝,2024-06-07,6162
00936,台新永續高息中小,107,0,107,中國信託-忠孝,2024-06-07,6162
2617,台航,102,4,98,中國信託-忠孝,2024-06-07,6162
3188,鑫龍騰,94,1,93,中國信託-忠孝,2024-06-07,6162
00679B,元大美債20年,95,12,83,中國信託-忠孝,2024-06-07,6162
00637L,元大滬深300正2,76,2,74,中國信託-忠孝,2024-06-07,6162
3005,神基,60,1,59,中國信託-忠孝,2024-06-07,6162
1312,國喬,58,0,58,中國信託-忠孝,2024-06-07,6162
2020,美亞,62,6,56,中國信託-忠孝,2024-06-07,6162
00915,凱基優選高股息30,54,0,54,中國信託-忠孝,2024-06-07,6162
00757,統一FANG+,51,0,51,中國信託-忠孝,2024-06-07,6162
5512,力麒,50,0,50,中國信託-忠孝,2024-06-07,6162
3019,亞光,37,0,37,中國信託-忠孝,2024-06-07,6162
2498,宏達電,96,60,36,中國信託-忠孝,2024-06-07,6162
3481,群創,46,12,34,中國信託-忠孝,2024-06-07,6162
9907,統一實,32,0,32,中國信託-忠孝,2024-06-07,6162
00878,國泰永續高股息,46,15,31,中國信託-忠孝,2024-06-07,6162
2609,陽明,352,322,30,中國信託-忠孝,2024-06-07,6162
2371,大同,56,27,29,中國信託-忠孝,2024-06-07,6162
2340,台亞,29,0,29,中國信託-忠孝,2024-06-07,6162
2312,金寶,124,96,28,中國信託-忠孝,2024-06-07,6162
2382,廣達,32,5,27,中國信託-忠孝,2024-06-07,6162
2615,萬海,176,149,27,中國信託-忠孝,2024-06-07,6162
3122,笙泉,89,63,26,中國信託-忠孝,2024-06-07,6162
3694,海華,39,13,26,中國信託-忠孝,2024-06-07,6162
6120,達運,26,0,26,中國信託-忠孝,2024-06-07,6162
00830,國泰費城半導體,26,1,25,中國信託-忠孝,2024-06-07,6162
2331,精英,26,1,25,中國信託-忠孝,2024-06-07,6162
00655L,國泰中國A50正2,25,0,25,中國信託-忠孝,2024-06-07,6162
4714,永捷,42,17,25,中國信託-忠孝,2024-06-07,6162
3376,新日興,74,50,24,中國信託-忠孝,2024-06-07,6162
2367,燿華,48,25,23,中國信託-忠孝,2024-06-07,6162
3564,其陽,35,14,21,中國信託-忠孝,2024-06-07,6162
2376,技嘉,25,4,21,中國信託-忠孝,2024-06-07,6162
3483,力致,23,3,20,中國信託-忠孝,2024-06-07,6162
2515,中工,183,163,20,中國信託-忠孝,2024-06-07,6162
8076,伍豐,20,0,20,中國信託-忠孝,2024-06-07,6162
00746B,富邦A級公司債,20,0,20,中國信託-忠孝,2024-06-07,6162
8072,陞泰,20,0,20,中國信託-忠孝,2024-06-07,6162
00919,群益台灣精選高息,448,17,431,中國信託-忠孝,2024-06-11,6162
2888,新光金,422,35,387,中國信託-忠孝,2024-06-11,6162
00937B,群益ESG投等債20,776,417,359,中國信託-忠孝,2024-06-11,6162
00929,復華台灣科技優息,357,15,342,中國信託-忠孝,2024-06-11,6162
2486,一詮,393,67,326,中國信託-忠孝,2024-06-11,6162
00936,台新永續高息中小,146,0,146,中國信託-忠孝,2024-06-11,6162
2615,萬海,268,134,134,中國信託-忠孝,2024-06-11,6162
00918,大華優利高填息30,127,0,127,中國信託-忠孝,2024-06-11,6162
2515,中工,191,77,114,中國信託-忠孝,2024-06-11,6162
3188,鑫龍騰,138,31,107,中國信託-忠孝,2024-06-11,6162
2520,冠德,106,3,103,中國信託-忠孝,2024-06-11,6162
00795B,中信美國公債20年,106,3,103,中國信託-忠孝,2024-06-11,6162
2603,長榮,132,58,74,中國信託-忠孝,2024-06-11,6162
3058,立德,120,49,71,中國信託-忠孝,2024-06-11,6162
2101,南港,75,4,71,中國信託-忠孝,2024-06-11,6162
5512,力麒,70,1,69,中國信託-忠孝,2024-06-11,6162
00751B,元大AAA至A公司債,77,9,68,中國信託-忠孝,2024-06-11,6162
00680L,元大美債20正2,65,0,65,中國信託-忠孝,2024-06-11,6162
2312,金寶,65,1,64,中國信託-忠孝,2024-06-11,6162
00637L,元大滬深300正2,68,5,63,中國信託-忠孝,2024-06-11,6162
2537,聯上發,99,37,62,中國信託-忠孝,2024-06-11,6162
2023,燁輝,59,0,59,中國信託-忠孝,2024-06-11,6162
00878,國泰永續高股息,90,31,59,中國信託-忠孝,2024-06-11,6162
0056,元大高股息,58,0,58,中國信託-忠孝,2024-06-11,6162
2883,凱基金,93,36,57,中國信託-忠孝,2024-06-11,6162
3029,零壹,56,2,54,中國信託-忠孝,2024-06-11,6162
2545,皇翔,49,0,49,中國信託-忠孝,2024-06-11,6162
00904,新光臺灣半導體30,50,1,49,中國信託-忠孝,2024-06-11,6162
1618,合機,71,23,48,中國信託-忠孝,2024-06-11,6162
00757,統一FANG+,47,0,47,中國信託-忠孝,2024-06-11,6162
00942B,台新美A公司債20+,47,0,47,中國信託-忠孝,2024-06-11,6162
9105,泰金寶-DR,49,6,43,中國信託-忠孝,2024-06-11,6162
3673,TPK-KY,41,0,41,中國信託-忠孝,2024-06-11,6162
2002,中鋼,40,0,40,中國信託-忠孝,2024-06-11,6162
3019,亞光,32,0,32,中國信託-忠孝,2024-06-11,6162
8040,九暘,30,0,30,中國信託-忠孝,2024-06-11,6162
4534,慶騰,30,0,30,中國信託-忠孝,2024-06-11,6162
00753L,中信中國50正2,30,0,30,中國信託-忠孝,2024-06-11,6162
1608,華榮,38,9,29,中國信託-忠孝,2024-06-11,6162
6640,均華,42,13,29,中國信託-忠孝,2024-06-11,6162
00857B,永豐20年美公債,44,17,27,中國信託-忠孝,2024-06-11,6162
3189,景碩,31,4,27,中國信託-忠孝,2024-06-11,6162
00687B,國泰20年美債,72,45,27,中國信託-忠孝,2024-06-11,6162
2524,京城,26,0,26,中國信託-忠孝,2024-06-11,6162
9946,三發地產,31,5,26,中國信託-忠孝,2024-06-11,6162
3481,群創,25,0,25,中國信託-忠孝,2024-06-11,6162
00715L,期街口布蘭特正2,27,2,25,中國信託-忠孝,2024-06-11,6162
2356,英業達,52,28,24,中國信託-忠孝,2024-06-11,6162
8927,北基,24,0,24,中國信託-忠孝,2024-06-11,6162
2367,燿華,90,67,23,中國信託-忠孝,2024-06-11,6162
00937B,群益ESG投等債20,352,0,352,中國信託-忠孝,2024-06-12,6162
2851,中再保,170,1,169,中國信託-忠孝,2024-06-12,6162
00919,群益台灣精選高息,148,18,130,中國信託-忠孝,2024-06-12,6162
00929,復華台灣科技優息,208,97,111,中國信託-忠孝,2024-06-12,6162
00948B,中信優息投資級債,336,231,105,中國信託-忠孝,2024-06-12,6162
2324,仁寶,102,2,100,中國信託-忠孝,2024-06-12,6162
2330,台積電,124,34,90,中國信託-忠孝,2024-06-12,6162
3622,洋華,92,4,88,中國信託-忠孝,2024-06-12,6162
2641,正德,92,9,83,中國信託-忠孝,2024-06-12,6162
00712,復華富時不動產,78,0,78,中國信託-忠孝,2024-06-12,6162
2101,南港,67,2,65,中國信託-忠孝,2024-06-12,6162
00918,大華優利高填息30,64,0,64,中國信託-忠孝,2024-06-12,6162
00687B,國泰20年美債,62,2,60,中國信託-忠孝,2024-06-12,6162
00665L,富邦�琤肭磪囓�2,60,0,60,中國信託-忠孝,2024-06-12,6162
00632R,元大台灣50反1,56,10,46,中國信託-忠孝,2024-06-12,6162
2610,華航,88,45,43,中國信託-忠孝,2024-06-12,6162
1445,大宇,41,0,41,中國信託-忠孝,2024-06-12,6162
3231,緯創,105,65,40,中國信託-忠孝,2024-06-12,6162
2303,聯電,45,6,39,中國信託-忠孝,2024-06-12,6162
2612,中航,37,0,37,中國信託-忠孝,2024-06-12,6162
9945,潤泰新,41,8,33,中國信託-忠孝,2024-06-12,6162
1802,台玻,32,0,32,中國信託-忠孝,2024-06-12,6162
6116,彩晶,31,0,31,中國信託-忠孝,2024-06-12,6162
2515,中工,42,12,30,中國信託-忠孝,2024-06-12,6162
2025,千興,28,0,28,中國信託-忠孝,2024-06-12,6162
00942B,台新美A公司債20+,28,0,28,中國信託-忠孝,2024-06-12,6162
2312,金寶,30,3,27,中國信託-忠孝,2024-06-12,6162
3047,訊舟,58,32,26,中國信託-忠孝,2024-06-12,6162
2882,國泰金,38,13,25,中國信託-忠孝,2024-06-12,6162
3312,弘憶股,30,5,25,中國信託-忠孝,2024-06-12,6162
3481,群創,25,1,24,中國信託-忠孝,2024-06-12,6162
2534,宏盛,24,0,24,中國信託-忠孝,2024-06-12,6162
2520,冠德,24,1,23,中國信託-忠孝,2024-06-12,6162
6182,合晶,24,1,23,中國信託-忠孝,2024-06-12,6162
3324,雙鴻,36,14,22,中國信託-忠孝,2024-06-12,6162
00830,國泰費城半導體,22,0,22,中國信託-忠孝,2024-06-12,6162
2356,英業達,64,43,21,中國信託-忠孝,2024-06-12,6162
00857B,永豐20年美公債,21,0,21,中國信託-忠孝,2024-06-12,6162
2002,中鋼,90,69,21,中國信託-忠孝,2024-06-12,6162
5531,鄉林,20,0,20,中國信託-忠孝,2024-06-12,6162
00637L,元大滬深300正2,20,0,20,中國信託-忠孝,2024-06-12,6162
4513,福裕,20,0,20,中國信託-忠孝,2024-06-12,6162
2201,裕隆,19,0,19,中國信託-忠孝,2024-06-12,6162
2867,三商壽,22,3,19,中國信託-忠孝,2024-06-12,6162
1570,力肯,29,11,18,中國信託-忠孝,2024-06-12,6162
2545,皇翔,18,0,18,中國信託-忠孝,2024-06-12,6162
3189,景碩,44,27,17,中國信託-忠孝,2024-06-12,6162
3557,嘉威,17,0,17,中國信託-忠孝,2024-06-12,6162
2464,盟立,27,10,17,中國信託-忠孝,2024-06-12,6162
8927,北基,16,0,16,中國信託-忠孝,2024-06-12,6162
00937B,群益ESG投等債20,517,171,346,中國信託-忠孝,2024-06-13,6162
3056,富華新,292,0,292,中國信託-忠孝,2024-06-13,6162
3105,穩懋,251,12,239,中國信託-忠孝,2024-06-13,6162
2317,鴻海,252,107,145,中國信託-忠孝,2024-06-13,6162
2612,中航,86,0,86,中國信託-忠孝,2024-06-13,6162
2888,新光金,113,34,79,中國信託-忠孝,2024-06-13,6162
2834,臺企銀,74,3,71,中國信託-忠孝,2024-06-13,6162
00679B,元大美債20年,81,13,68,中國信託-忠孝,2024-06-13,6162
00948B,中信優息投資級債,135,70,65,中國信託-忠孝,2024-06-13,6162
4414,如興,60,0,60,中國信託-忠孝,2024-06-13,6162
2367,燿華,109,51,58,中國信託-忠孝,2024-06-13,6162
2534,宏盛,77,20,57,中國信託-忠孝,2024-06-13,6162
1446,宏和,84,28,56,中國信託-忠孝,2024-06-13,6162
00942B,台新美A公司債20+,53,0,53,中國信託-忠孝,2024-06-13,6162
00632R,元大台灣50反1,156,103,53,中國信託-忠孝,2024-06-13,6162
2359,所羅門,102,51,51,中國信託-忠孝,2024-06-13,6162
00946,群益科技高息成長,50,0,50,中國信託-忠孝,2024-06-13,6162
6125,廣運,60,12,48,中國信託-忠孝,2024-06-13,6162
2101,南港,47,2,45,中國信託-忠孝,2024-06-13,6162
1445,大宇,45,0,45,中國信託-忠孝,2024-06-13,6162
3055,蔚華科,55,13,42,中國信託-忠孝,2024-06-13,6162
4967,十銓,103,64,39,中國信託-忠孝,2024-06-13,6162
5230,雷笛克光學,40,1,39,中國信託-忠孝,2024-06-13,6162
00712,復華富時不動產,38,1,37,中國信託-忠孝,2024-06-13,6162
2420,新巨,36,0,36,中國信託-忠孝,2024-06-13,6162
5371,中光電,43,8,35,中國信託-忠孝,2024-06-13,6162
6197,佳必琪,37,5,32,中國信託-忠孝,2024-06-13,6162
3705,永信,32,0,32,中國信託-忠孝,2024-06-13,6162
2618,長榮航,36,5,31,中國信託-忠孝,2024-06-13,6162
4526,東台,30,0,30,中國信託-忠孝,2024-06-13,6162
00918,大華優利高填息30,31,2,29,中國信託-忠孝,2024-06-13,6162
2461,光群雷,32,5,27,中國信託-忠孝,2024-06-13,6162
8240,華宏,27,0,27,中國信託-忠孝,2024-06-13,6162
2449,京元電子,52,26,26,中國信託-忠孝,2024-06-13,6162
2867,三商壽,27,2,25,中國信託-忠孝,2024-06-13,6162
006208,富邦台50,25,0,25,中國信託-忠孝,2024-06-13,6162
2641,正德,24,1,23,中國信託-忠孝,2024-06-13,6162
3312,弘憶股,30,8,22,中國信託-忠孝,2024-06-13,6162
00944,野村趨勢動能高息,23,1,22,中國信託-忠孝,2024-06-13,6162
1815,富喬,202,180,22,中國信託-忠孝,2024-06-13,6162
2891,中信金,30,9,21,中國信託-忠孝,2024-06-13,6162
5608,四維航,21,1,20,中國信託-忠孝,2024-06-13,6162
00650L,復華香港正2,20,0,20,中國信託-忠孝,2024-06-13,6162
2617,台航,20,0,20,中國信託-忠孝,2024-06-13,6162
4743,合一,21,1,20,中國信託-忠孝,2024-06-13,6162
0052,富邦科技,19,0,19,中國信託-忠孝,2024-06-13,6162
2365,昆盈,57,38,19,中國信託-忠孝,2024-06-13,6162
6491,晶碩,18,0,18,中國信託-忠孝,2024-06-13,6162
2886,兆豐金,16,0,16,中國信託-忠孝,2024-06-13,6162
2329,華泰,16,0,16,中國信託-忠孝,2024-06-13,6162
2330,台積電,215,15,200,中國信託-忠孝,2024-06-14,6162
00929,復華台灣科技優息,184,19,165,中國信託-忠孝,2024-06-14,6162
00948B,中信優息投資級債,238,120,118,中國信託-忠孝,2024-06-14,6162
00933B,國泰10Y+金融債,115,0,115,中國信託-忠孝,2024-06-14,6162
2504,國產,100,0,100,中國信託-忠孝,2024-06-14,6162
00918,大華優利高填息30,86,0,86,中國信託-忠孝,2024-06-14,6162
00751B,元大AAA至A公司債,91,12,79,中國信託-忠孝,2024-06-14,6162
2367,燿華,82,7,75,中國信託-忠孝,2024-06-14,6162
2312,金寶,177,105,72,中國信託-忠孝,2024-06-14,6162
00942B,台新美A公司債20+,75,5,70,中國信託-忠孝,2024-06-14,6162
00878,國泰永續高股息,87,25,62,中國信託-忠孝,2024-06-14,6162
4967,十銓,135,79,56,中國信託-忠孝,2024-06-14,6162
2371,大同,198,144,54,中國信託-忠孝,2024-06-14,6162
3576,聯合再生,54,0,54,中國信託-忠孝,2024-06-14,6162
00687B,國泰20年美債,76,24,52,中國信託-忠孝,2024-06-14,6162
2486,一詮,77,29,48,中國信託-忠孝,2024-06-14,6162
00919,群益台灣精選高息,110,66,44,中國信託-忠孝,2024-06-14,6162
6491,晶碩,40,0,40,中國信託-忠孝,2024-06-14,6162
2611,志信,38,0,38,中國信託-忠孝,2024-06-14,6162
3312,弘憶股,37,1,36,中國信託-忠孝,2024-06-14,6162
8240,華宏,35,0,35,中國信託-忠孝,2024-06-14,6162
2356,英業達,42,11,31,中國信託-忠孝,2024-06-14,6162
1609,大亞,107,80,27,中國信託-忠孝,2024-06-14,6162
1229,聯華,26,0,26,中國信託-忠孝,2024-06-14,6162
6806,森崴能源,27,1,26,中國信託-忠孝,2024-06-14,6162
1445,大宇,25,0,25,中國信託-忠孝,2024-06-14,6162
8103,瀚荃,25,0,25,中國信託-忠孝,2024-06-14,6162
2392,正崴,54,30,24,中國信託-忠孝,2024-06-14,6162
2303,聯電,97,74,23,中國信託-忠孝,2024-06-14,6162
8086,宏捷科,24,1,23,中國信託-忠孝,2024-06-14,6162
00936,台新永續高息中小,41,18,23,中國信託-忠孝,2024-06-14,6162
6005,群益證,23,0,23,中國信託-忠孝,2024-06-14,6162
3715,定穎投控,22,1,21,中國信託-忠孝,2024-06-14,6162
2845,遠東銀,20,0,20,中國信託-忠孝,2024-06-14,6162
3188,鑫龍騰,20,0,20,中國信託-忠孝,2024-06-14,6162
2017,官田鋼,20,0,20,中國信託-忠孝,2024-06-14,6162
6530,創威,20,0,20,中國信託-忠孝,2024-06-14,6162
00902,中信電池及儲能,22,3,19,中國信託-忠孝,2024-06-14,6162
6116,彩晶,19,1,18,中國信託-忠孝,2024-06-14,6162
6863,永道-KY,17,0,17,中國信託-忠孝,2024-06-14,6162
2002,中鋼,19,3,16,中國信託-忠孝,2024-06-14,6162
3466,德晉,283,267,16,中國信託-忠孝,2024-06-14,6162
1587,吉茂,27,12,15,中國信託-忠孝,2024-06-14,6162
5009,榮剛,14,0,14,中國信託-忠孝,2024-06-14,6162
8927,北基,14,0,14,中國信託-忠孝,2024-06-14,6162
2855,統一證,13,0,13,中國信託-忠孝,2024-06-14,6162
3122,笙泉,30,17,13,中國信託-忠孝,2024-06-14,6162
1473,台南,13,0,13,中國信託-忠孝,2024-06-14,6162
1608,華榮,26,13,13,中國信託-忠孝,2024-06-14,6162
3450,聯鈞,25,13,12,中國信託-忠孝,2024-06-14,6162
3005,神基,760,44,716,中國信託-忠孝,2024-06-17,6162
00650L,復華香港正2,606,20,586,中國信託-忠孝,2024-06-17,6162
2888,新光金,380,34,346,中國信託-忠孝,2024-06-17,6162
2534,宏盛,336,180,156,中國信託-忠孝,2024-06-17,6162
00929,復華台灣科技優息,199,53,146,中國信託-忠孝,2024-06-17,6162
00713,元大台灣高息低波,99,1,98,中國信託-忠孝,2024-06-17,6162
00937B,群益ESG投等債20,219,126,93,中國信託-忠孝,2024-06-17,6162
2515,中工,85,17,68,中國信託-忠孝,2024-06-17,6162
00687B,國泰20年美債,90,23,67,中國信託-忠孝,2024-06-17,6162
1445,大宇,61,0,61,中國信託-忠孝,2024-06-17,6162
2317,鴻海,109,54,55,中國信託-忠孝,2024-06-17,6162
00665L,富邦�琤肭磪囓�2,60,8,52,中國信託-忠孝,2024-06-17,6162
00936,台新永續高息中小,60,10,50,中國信託-忠孝,2024-06-17,6162
3019,亞光,48,3,45,中國信託-忠孝,2024-06-17,6162
00948B,中信優息投資級債,73,30,43,中國信託-忠孝,2024-06-17,6162
6284,佳邦,40,0,40,中國信託-忠孝,2024-06-17,6162
2449,京元電子,76,37,39,中國信託-忠孝,2024-06-17,6162
2354,鴻準,40,5,35,中國信託-忠孝,2024-06-17,6162
6716,應廣,34,0,34,中國信託-忠孝,2024-06-17,6162
2359,所羅門,110,77,33,中國信託-忠孝,2024-06-17,6162
00942B,台新美A公司債20+,31,0,31,中國信託-忠孝,2024-06-17,6162
1440,南紡,30,0,30,中國信託-忠孝,2024-06-17,6162
00679B,元大美債20年,57,28,29,中國信託-忠孝,2024-06-17,6162
00947,台新臺灣IC設計,29,0,29,中國信託-忠孝,2024-06-17,6162
2363,矽統,67,39,28,中國信託-忠孝,2024-06-17,6162
1503,士電,48,20,28,中國信託-忠孝,2024-06-17,6162
00772B,中信高評級公司債,27,0,27,中國信託-忠孝,2024-06-17,6162
4167,松瑞藥,32,5,27,中國信託-忠孝,2024-06-17,6162
00918,大華優利高填息30,55,31,24,中國信託-忠孝,2024-06-17,6162
6770,力積電,90,66,24,中國信託-忠孝,2024-06-17,6162
3466,德晉,28,4,24,中國信託-忠孝,2024-06-17,6162
6706,惠特,31,7,24,中國信託-忠孝,2024-06-17,6162
4736,泰博,22,0,22,中國信託-忠孝,2024-06-17,6162
006208,富邦台50,22,0,22,中國信託-忠孝,2024-06-17,6162
00946,群益科技高息成長,20,0,20,中國信託-忠孝,2024-06-17,6162
2312,金寶,35,15,20,中國信託-忠孝,2024-06-17,6162
5230,雷笛克光學,21,1,20,中國信託-忠孝,2024-06-17,6162
00632R,元大台灣50反1,27,8,19,中國信託-忠孝,2024-06-17,6162
3047,訊舟,29,11,18,中國信託-忠孝,2024-06-17,6162
00902,中信電池及儲能,23,6,17,中國信託-忠孝,2024-06-17,6162
9105,泰金寶-DR,35,19,16,中國信託-忠孝,2024-06-17,6162
5371,中光電,29,13,16,中國信託-忠孝,2024-06-17,6162
8028,昇陽半導體,146,130,16,中國信託-忠孝,2024-06-17,6162
5410,國眾,16,0,16,中國信託-忠孝,2024-06-17,6162
3207,耀勝,16,0,16,中國信託-忠孝,2024-06-17,6162
4968,立積,34,18,16,中國信託-忠孝,2024-06-17,6162
2330,台積電,18,3,15,中國信託-忠孝,2024-06-17,6162
6120,達運,16,1,15,中國信託-忠孝,2024-06-17,6162
1714,和桐,16,1,15,中國信託-忠孝,2024-06-17,6162
6015,宏遠證,15,0,15,中國信託-忠孝,2024-06-17,6162
00937B,群益ESG投等債20,482,18,464,中國信託-忠孝,2024-06-18,6162
9105,泰金寶-DR,471,29,442,中國信託-忠孝,2024-06-18,6162
00918,大華優利高填息30,315,16,299,中國信託-忠孝,2024-06-18,6162
3041,揚智,221,1,220,中國信託-忠孝,2024-06-18,6162
00929,復華台灣科技優息,248,62,186,中國信託-忠孝,2024-06-18,6162
6282,康舒,168,20,148,中國信託-忠孝,2024-06-18,6162
8096,擎亞,158,36,122,中國信託-忠孝,2024-06-18,6162
2641,正德,150,40,110,中國信託-忠孝,2024-06-18,6162
2324,仁寶,117,10,107,中國信託-忠孝,2024-06-18,6162
3481,群創,190,88,102,中國信託-忠孝,2024-06-18,6162
3455,由田,81,1,80,中國信託-忠孝,2024-06-18,6162
00713,元大台灣高息低波,88,8,80,中國信託-忠孝,2024-06-18,6162
00687B,國泰20年美債,80,1,79,中國信託-忠孝,2024-06-18,6162
00757,統一FANG+,78,0,78,中國信託-忠孝,2024-06-18,6162
2534,宏盛,83,15,68,中國信託-忠孝,2024-06-18,6162
3622,洋華,215,148,67,中國信託-忠孝,2024-06-18,6162
00946,群益科技高息成長,62,0,62,中國信託-忠孝,2024-06-18,6162
6152,百一,61,4,57,中國信託-忠孝,2024-06-18,6162
2438,翔耀,55,0,55,中國信託-忠孝,2024-06-18,6162
2371,大同,115,64,51,中國信託-忠孝,2024-06-18,6162
2317,鴻海,107,56,51,中國信託-忠孝,2024-06-18,6162
00673R,期元大S＆P原油反1,51,0,51,中國信託-忠孝,2024-06-18,6162
2328,廣宇,57,8,49,中國信託-忠孝,2024-06-18,6162
00632R,元大台灣50反1,43,0,43,中國信託-忠孝,2024-06-18,6162
6180,橘子,52,11,41,中國信託-忠孝,2024-06-18,6162
1785,光洋科,47,6,41,中國信託-忠孝,2024-06-18,6162
00936,台新永續高息中小,59,19,40,中國信託-忠孝,2024-06-18,6162
00948B,中信優息投資級債,37,0,37,中國信託-忠孝,2024-06-18,6162
1445,大宇,37,1,36,中國信託-忠孝,2024-06-18,6162
00680L,元大美債20正2,36,0,36,中國信託-忠孝,2024-06-18,6162
1802,台玻,42,7,35,中國信託-忠孝,2024-06-18,6162
2025,千興,35,0,35,中國信託-忠孝,2024-06-18,6162
2617,台航,30,0,30,中國信託-忠孝,2024-06-18,6162
01010T,京城樂富R1,30,0,30,中國信託-忠孝,2024-06-18,6162
2417,圓剛,27,0,27,中國信託-忠孝,2024-06-18,6162
2401,凌陽,32,5,27,中國信託-忠孝,2024-06-18,6162
00915,凱基優選高股息30,23,0,23,中國信託-忠孝,2024-06-18,6162
1609,大亞,33,11,22,中國信託-忠孝,2024-06-18,6162
2367,燿華,32,11,21,中國信託-忠孝,2024-06-18,6162
1326,台化,23,2,21,中國信託-忠孝,2024-06-18,6162
2608,嘉里大榮,21,0,21,中國信託-忠孝,2024-06-18,6162
4566,時碩工業,41,20,21,中國信託-忠孝,2024-06-18,6162
00935,野村臺灣新科技50,21,0,21,中國信託-忠孝,2024-06-18,6162
2061,風青,20,0,20,中國信託-忠孝,2024-06-18,6162
1617,榮星,30,10,20,中國信託-忠孝,2024-06-18,6162
1789,神隆,20,0,20,中國信託-忠孝,2024-06-18,6162
8112,至上,21,2,19,中國信託-忠孝,2024-06-18,6162
3035,智原,58,39,19,中國信託-忠孝,2024-06-18,6162
00751B,元大AAA至A公司債,20,2,18,中國信託-忠孝,2024-06-18,6162
3466,德晉,47,29,18,中國信託-忠孝,2024-06-18,6162
00947,台新臺灣IC設計,529,6,523,中國信託-忠孝,2024-06-19,6162
911868,同方友友-DR,499,0,499,中國信託-忠孝,2024-06-19,6162
2618,長榮航,485,83,402,中國信託-忠孝,2024-06-19,6162
00919,群益台灣精選高息,556,342,214,中國信託-忠孝,2024-06-19,6162
00632R,元大台灣50反1,231,24,207,中國信託-忠孝,2024-06-19,6162
2834,臺企銀,164,7,157,中國信託-忠孝,2024-06-19,6162
2317,鴻海,312,167,145,中國信託-忠孝,2024-06-19,6162
00915,凱基優選高股息30,142,0,142,中國信託-忠孝,2024-06-19,6162
00687B,國泰20年美債,144,10,134,中國信託-忠孝,2024-06-19,6162
3062,建漢,173,70,103,中國信託-忠孝,2024-06-19,6162
9105,泰金寶-DR,110,12,98,中國信託-忠孝,2024-06-19,6162
00936,台新永續高息中小,82,4,78,中國信託-忠孝,2024-06-19,6162
8096,擎亞,161,101,60,中國信託-忠孝,2024-06-19,6162
2344,華邦電,64,6,58,中國信託-忠孝,2024-06-19,6162
3005,神基,70,13,57,中國信託-忠孝,2024-06-19,6162
00673R,期元大S＆P原油反1,48,0,48,中國信託-忠孝,2024-06-19,6162
2365,昆盈,152,105,47,中國信託-忠孝,2024-06-19,6162
1802,台玻,44,3,41,中國信託-忠孝,2024-06-19,6162
1409,新纖,40,0,40,中國信託-忠孝,2024-06-19,6162
3543,州巧,40,0,40,中國信託-忠孝,2024-06-19,6162
2534,宏盛,89,50,39,中國信託-忠孝,2024-06-19,6162
2609,陽明,84,50,34,中國信託-忠孝,2024-06-19,6162
3036,文曄,34,2,32,中國信託-忠孝,2024-06-19,6162
00946,群益科技高息成長,32,0,32,中國信託-忠孝,2024-06-19,6162
3455,由田,42,11,31,中國信託-忠孝,2024-06-19,6162
00675L,富邦臺灣加權正2,31,0,31,中國信託-忠孝,2024-06-19,6162
00713,元大台灣高息低波,47,18,29,中國信託-忠孝,2024-06-19,6162
3033,威健,32,4,28,中國信託-忠孝,2024-06-19,6162
8105,凌巨,32,5,27,中國信託-忠孝,2024-06-19,6162
2527,宏璟,25,0,25,中國信託-忠孝,2024-06-19,6162
3312,弘憶股,26,1,25,中國信託-忠孝,2024-06-19,6162
00650L,復華香港正2,30,6,24,中國信託-忠孝,2024-06-19,6162
3372,典範,22,0,22,中國信託-忠孝,2024-06-19,6162
3188,鑫龍騰,21,0,21,中國信託-忠孝,2024-06-19,6162
6290,良維,23,3,20,中國信託-忠孝,2024-06-19,6162
2641,正德,34,14,20,中國信託-忠孝,2024-06-19,6162
2349,錸德,20,0,20,中國信託-忠孝,2024-06-19,6162
3006,晶豪科,34,14,20,中國信託-忠孝,2024-06-19,6162
00904,新光臺灣半導體30,20,0,20,中國信託-忠孝,2024-06-19,6162
00931B,統一美債20年,20,0,20,中國信託-忠孝,2024-06-19,6162
2520,冠德,30,10,20,中國信託-忠孝,2024-06-19,6162
2489,瑞軒,23,4,19,中國信託-忠孝,2024-06-19,6162
8039,台虹,21,3,18,中國信託-忠孝,2024-06-19,6162
2515,中工,27,9,18,中國信託-忠孝,2024-06-19,6162
3015,全漢,17,0,17,中國信託-忠孝,2024-06-19,6162
5243,乙盛-KY,21,4,17,中國信託-忠孝,2024-06-19,6162
2392,正崴,21,5,16,中國信託-忠孝,2024-06-19,6162
4127,天良,23,7,16,中國信託-忠孝,2024-06-19,6162
00935,野村臺灣新科技50,22,6,16,中國信託-忠孝,2024-06-19,6162
3339,泰谷,19,3,16,中國信託-忠孝,2024-06-19,6162
00937B,群益ESG投等債20,263,30,233,中國信託-忠孝,2024-06-20,6162
00632R,元大台灣50反1,214,4,210,中國信託-忠孝,2024-06-20,6162
2330,台積電,176,7,169,中國信託-忠孝,2024-06-20,6162
2867,三商壽,115,1,114,中國信託-忠孝,2024-06-20,6162
00753L,中信中國50正2,110,0,110,中國信託-忠孝,2024-06-20,6162
8096,擎亞,210,105,105,中國信託-忠孝,2024-06-20,6162
8040,九暘,103,0,103,中國信託-忠孝,2024-06-20,6162
00929,復華台灣科技優息,159,56,103,中國信託-忠孝,2024-06-20,6162
00919,群益台灣精選高息,231,129,102,中國信託-忠孝,2024-06-20,6162
00940,元大台灣價值高息,220,120,100,中國信託-忠孝,2024-06-20,6162
00687B,國泰20年美債,135,49,86,中國信託-忠孝,2024-06-20,6162
00881,國泰台灣5G+,69,13,56,中國信託-忠孝,2024-06-20,6162
00650L,復華香港正2,56,0,56,中國信託-忠孝,2024-06-20,6162
00720B,元大投資級公司債,61,6,55,中國信託-忠孝,2024-06-20,6162
2618,長榮航,69,16,53,中國信託-忠孝,2024-06-20,6162
00933B,國泰10Y+金融債,57,4,53,中國信託-忠孝,2024-06-20,6162
2317,鴻海,152,106,46,中國信託-忠孝,2024-06-20,6162
4106,雃博,50,5,45,中國信託-忠孝,2024-06-20,6162
2371,大同,95,51,44,中國信託-忠孝,2024-06-20,6162
5522,遠雄,44,0,44,中國信託-忠孝,2024-06-20,6162
00712,復華富時不動產,48,9,39,中國信託-忠孝,2024-06-20,6162
2845,遠東銀,35,3,32,中國信託-忠孝,2024-06-20,6162
2610,華航,54,23,31,中國信託-忠孝,2024-06-20,6162
3380,明泰,35,4,31,中國信託-忠孝,2024-06-20,6162
3045,台灣大,30,0,30,中國信託-忠孝,2024-06-20,6162
3167,大量,30,0,30,中國信託-忠孝,2024-06-20,6162
8112,至上,30,1,29,中國信託-忠孝,2024-06-20,6162
3005,神基,38,11,27,中國信託-忠孝,2024-06-20,6162
3169,亞信,25,0,25,中國信託-忠孝,2024-06-20,6162
2537,聯上發,25,0,25,中國信託-忠孝,2024-06-20,6162
00915,凱基優選高股息30,32,7,25,中國信託-忠孝,2024-06-20,6162
1802,台玻,65,42,23,中國信託-忠孝,2024-06-20,6162
1301,台塑,23,1,22,中國信託-忠孝,2024-06-20,6162
00904,新光臺灣半導體30,22,0,22,中國信託-忠孝,2024-06-20,6162
00680L,元大美債20正2,22,0,22,中國信託-忠孝,2024-06-20,6162
5439,高技,22,1,21,中國信託-忠孝,2024-06-20,6162
6216,居易,21,0,21,中國信託-忠孝,2024-06-20,6162
00891,中信關鍵半導體,26,5,21,中國信託-忠孝,2024-06-20,6162
2353,宏��,43,22,21,中國信託-忠孝,2024-06-20,6162
8240,華宏,20,0,20,中國信託-忠孝,2024-06-20,6162
006208,富邦台50,28,9,19,中國信託-忠孝,2024-06-20,6162
00948B,中信優息投資級債,18,0,18,中國信託-忠孝,2024-06-20,6162
2211,長榮鋼,17,0,17,中國信託-忠孝,2024-06-20,6162
1409,新纖,19,2,17,中國信託-忠孝,2024-06-20,6162
6438,迅得,17,0,17,中國信託-忠孝,2024-06-20,6162
00850,元大臺灣ESG永續,20,4,16,中國信託-忠孝,2024-06-20,6162
6140,訊達,38,22,16,中國信託-忠孝,2024-06-20,6162
2438,翔耀,16,0,16,中國信託-忠孝,2024-06-20,6162
2888,新光金,48,32,16,中國信託-忠孝,2024-06-20,6162
8374,羅昇,26,11,15,中國信託-忠孝,2024-06-20,6162
00637L,元大滬深300正2,722,0,722,中國信託-忠孝,2024-06-21,6162
00919,群益台灣精選高息,659,148,511,中國信託-忠孝,2024-06-21,6162
00937B,群益ESG投等債20,314,0,314,中國信託-忠孝,2024-06-21,6162
3481,群創,784,478,306,中國信託-忠孝,2024-06-21,6162
00929,復華台灣科技優息,241,26,215,中國信託-忠孝,2024-06-21,6162
00915,凱基優選高股息30,168,5,163,中國信託-忠孝,2024-06-21,6162
1301,台塑,168,8,160,中國信託-忠孝,2024-06-21,6162
3455,由田,142,8,134,中國信託-忠孝,2024-06-21,6162
3005,神基,136,11,125,中國信託-忠孝,2024-06-21,6162
00687B,國泰20年美債,117,5,112,中國信託-忠孝,2024-06-21,6162
6695,芯鼎,126,28,98,中國信託-忠孝,2024-06-21,6162
1312,國喬,90,0,90,中國信託-忠孝,2024-06-21,6162
2317,鴻海,187,99,88,中國信託-忠孝,2024-06-21,6162
00646,元大S＆P500,74,0,74,中國信託-忠孝,2024-06-21,6162
5439,高技,62,0,62,中國信託-忠孝,2024-06-21,6162
3663,鑫科,61,0,61,中國信託-忠孝,2024-06-21,6162
2888,新光金,150,90,60,中國信託-忠孝,2024-06-21,6162
00936,台新永續高息中小,56,0,56,中國信託-忠孝,2024-06-21,6162
5522,遠雄,52,0,52,中國信託-忠孝,2024-06-21,6162
1305,華夏,51,0,51,中國信託-忠孝,2024-06-21,6162
00902,中信電池及儲能,46,0,46,中國信託-忠孝,2024-06-21,6162
3450,聯鈞,71,26,45,中國信託-忠孝,2024-06-21,6162
5302,太欣,45,1,44,中國信託-忠孝,2024-06-21,6162
2365,昆盈,80,37,43,中國信託-忠孝,2024-06-21,6162
00933B,國泰10Y+金融債,38,0,38,中國信託-忠孝,2024-06-21,6162
3715,定穎投控,42,4,38,中國信託-忠孝,2024-06-21,6162
2748,雲品,38,0,38,中國信託-忠孝,2024-06-21,6162
2323,中環,37,0,37,中國信託-忠孝,2024-06-21,6162
00679B,元大美債20年,83,48,35,中國信託-忠孝,2024-06-21,6162
00757,統一FANG+,34,0,34,中國信託-忠孝,2024-06-21,6162
00923,群益台ESG低碳50,38,4,34,中國信託-忠孝,2024-06-21,6162
8076,伍豐,35,2,33,中國信託-忠孝,2024-06-21,6162
6282,康舒,33,1,32,中國信託-忠孝,2024-06-21,6162
6890,來億-KY,43,11,32,中國信託-忠孝,2024-06-21,6162
9105,泰金寶-DR,46,16,30,中國信託-忠孝,2024-06-21,6162
2330,台積電,41,11,30,中國信託-忠孝,2024-06-21,6162
4977,眾達-KY,32,3,29,中國信託-忠孝,2024-06-21,6162
2349,錸德,30,1,29,中國信託-忠孝,2024-06-21,6162
00751B,元大AAA至A公司債,28,0,28,中國信託-忠孝,2024-06-21,6162
1795,美時,43,15,28,中國信託-忠孝,2024-06-21,6162
00948B,中信優息投資級債,36,9,27,中國信託-忠孝,2024-06-21,6162
2377,微星,27,1,26,中國信託-忠孝,2024-06-21,6162
2027,大成鋼,26,1,25,中國信託-忠孝,2024-06-21,6162
00946,群益科技高息成長,25,0,25,中國信託-忠孝,2024-06-21,6162
8277,商丞,25,1,24,中國信託-忠孝,2024-06-21,6162
00795B,中信美國公債20年,33,9,24,中國信託-忠孝,2024-06-21,6162
006208,富邦台50,27,3,24,中國信託-忠孝,2024-06-21,6162
1326,台化,32,10,22,中國信託-忠孝,2024-06-21,6162
2424,隴華,21,0,21,中國信託-忠孝,2024-06-21,6162
6743,安普新,21,0,21,中國信託-忠孝,2024-06-21,6162
00929,復華台灣科技優息,475,45,430,中國信託-忠孝,2024-06-24,6162
00919,群益台灣精選高息,485,173,312,中國信託-忠孝,2024-06-24,6162
00665L,富邦�琤肭磪囓�2,242,0,242,中國信託-忠孝,2024-06-24,6162
8064,東捷,233,13,220,中國信託-忠孝,2024-06-24,6162
8085,福華,161,2,159,中國信託-忠孝,2024-06-24,6162
2330,台積電,114,8,106,中國信託-忠孝,2024-06-24,6162
00946,群益科技高息成長,101,6,95,中國信託-忠孝,2024-06-24,6162
00679B,元大美債20年,115,22,93,中國信託-忠孝,2024-06-24,6162
00751B,元大AAA至A公司債,87,0,87,中國信託-忠孝,2024-06-24,6162
00937B,群益ESG投等債20,90,12,78,中國信託-忠孝,2024-06-24,6162
3483,力致,82,7,75,中國信託-忠孝,2024-06-24,6162
00915,凱基優選高股息30,68,0,68,中國信託-忠孝,2024-06-24,6162
9105,泰金寶-DR,104,39,65,中國信託-忠孝,2024-06-24,6162
2834,臺企銀,74,12,62,中國信託-忠孝,2024-06-24,6162
2317,鴻海,185,125,60,中國信託-忠孝,2024-06-24,6162
6449,鈺邦,73,17,56,中國信託-忠孝,2024-06-24,6162
5230,雷笛克光學,85,30,55,中國信託-忠孝,2024-06-24,6162
2888,新光金,59,5,54,中國信託-忠孝,2024-06-24,6162
00948B,中信優息投資級債,64,10,54,中國信託-忠孝,2024-06-24,6162
5351,鈺創,67,16,51,中國信託-忠孝,2024-06-24,6162
00936,台新永續高息中小,51,0,51,中國信託-忠孝,2024-06-24,6162
2889,國票金,50,0,50,中國信託-忠孝,2024-06-24,6162
00940,元大台灣價值高息,187,137,50,中國信託-忠孝,2024-06-24,6162
2511,太子,48,0,48,中國信託-忠孝,2024-06-24,6162
2615,萬海,82,36,46,中國信託-忠孝,2024-06-24,6162
00878,國泰永續高股息,67,23,44,中國信託-忠孝,2024-06-24,6162
6438,迅得,40,0,40,中國信託-忠孝,2024-06-24,6162
00918,大華優利高填息30,57,18,39,中國信託-忠孝,2024-06-24,6162
6890,來億-KY,45,6,39,中國信託-忠孝,2024-06-24,6162
2641,正德,54,18,36,中國信託-忠孝,2024-06-24,6162
1909,榮成,32,0,32,中國信託-忠孝,2024-06-24,6162
1785,光洋科,64,32,32,中國信託-忠孝,2024-06-24,6162
2323,中環,29,0,29,中國信託-忠孝,2024-06-24,6162
2392,正崴,37,10,27,中國信託-忠孝,2024-06-24,6162
6173,信昌電,57,31,26,中國信託-忠孝,2024-06-24,6162
2347,聯強,29,4,25,中國信託-忠孝,2024-06-24,6162
6290,良維,27,2,25,中國信託-忠孝,2024-06-24,6162
3083,網龍,29,5,24,中國信託-忠孝,2024-06-24,6162
2438,翔耀,24,0,24,中國信託-忠孝,2024-06-24,6162
00712,復華富時不動產,37,13,24,中國信託-忠孝,2024-06-24,6162
2324,仁寶,23,0,23,中國信託-忠孝,2024-06-24,6162
2618,長榮航,35,12,23,中國信託-忠孝,2024-06-24,6162
00713,元大台灣高息低波,23,0,23,中國信託-忠孝,2024-06-24,6162
4967,十銓,55,32,23,中國信託-忠孝,2024-06-24,6162
2408,南亞科,26,3,23,中國信託-忠孝,2024-06-24,6162
8121,越峰,22,0,22,中國信託-忠孝,2024-06-24,6162
2906,高林,22,0,22,中國信託-忠孝,2024-06-24,6162
2340,台亞,22,0,22,中國信託-忠孝,2024-06-24,6162
00891,中信關鍵半導體,34,13,21,中國信託-忠孝,2024-06-24,6162
0050,元大台灣50,30,9,21,中國信託-忠孝,2024-06-24,6162
00632R,元大台灣50反1,343,50,293,中國信託-忠孝,2024-06-25,6162
2880,華南金,233,2,231,中國信託-忠孝,2024-06-25,6162
9105,泰金寶-DR,194,13,181,中國信託-忠孝,2024-06-25,6162
5452,佶優,162,15,147,中國信託-忠孝,2024-06-25,6162
00919,群益台灣精選高息,208,64,144,中國信託-忠孝,2024-06-25,6162
00933B,國泰10Y+金融債,120,0,120,中國信託-忠孝,2024-06-25,6162
3481,群創,247,133,114,中國信託-忠孝,2024-06-25,6162
2834,臺企銀,111,2,109,中國信託-忠孝,2024-06-25,6162
00751B,元大AAA至A公司債,104,3,101,中國信託-忠孝,2024-06-25,6162
00862B,中信投資級公司債,89,0,89,中國信託-忠孝,2024-06-25,6162
00946,群益科技高息成長,75,0,75,中國信託-忠孝,2024-06-25,6162
2498,宏達電,101,30,71,中國信託-忠孝,2024-06-25,6162
6578,達邦蛋白,70,0,70,中國信託-忠孝,2024-06-25,6162
8240,華宏,65,0,65,中國信託-忠孝,2024-06-25,6162
00795B,中信美國公債20年,96,31,65,中國信託-忠孝,2024-06-25,6162
2401,凌陽,64,3,61,中國信託-忠孝,2024-06-25,6162
2377,微星,61,2,59,中國信託-忠孝,2024-06-25,6162
3056,富華新,59,0,59,中國信託-忠孝,2024-06-25,6162
2883,凱基金,58,1,57,中國信託-忠孝,2024-06-25,6162
00936,台新永續高息中小,57,0,57,中國信託-忠孝,2024-06-25,6162
2641,正德,56,0,56,中國信託-忠孝,2024-06-25,6162
3663,鑫科,64,11,53,中國信託-忠孝,2024-06-25,6162
1314,中石化,55,2,53,中國信託-忠孝,2024-06-25,6162
2511,太子,52,0,52,中國信託-忠孝,2024-06-25,6162
4123,晟德,60,9,51,中國信託-忠孝,2024-06-25,6162
00676R,富邦臺灣加權反1,50,0,50,中國信託-忠孝,2024-06-25,6162
3005,神基,61,14,47,中國信託-忠孝,2024-06-25,6162
2610,華航,68,23,45,中國信託-忠孝,2024-06-25,6162
00757,統一FANG+,43,0,43,中國信託-忠孝,2024-06-25,6162
1305,華夏,40,0,40,中國信託-忠孝,2024-06-25,6162
00686R,群益臺灣加權反1,40,0,40,中國信託-忠孝,2024-06-25,6162
00921,兆豐龍頭等權重,39,0,39,中國信託-忠孝,2024-06-25,6162
00918,大華優利高填息30,38,0,38,中國信託-忠孝,2024-06-25,6162
8027,鈦昇,46,8,38,中國信託-忠孝,2024-06-25,6162
2406,國碩,57,20,37,中國信託-忠孝,2024-06-25,6162
6147,頎邦,35,0,35,中國信託-忠孝,2024-06-25,6162
3231,緯創,57,22,35,中國信託-忠孝,2024-06-25,6162
3712,永崴投控,38,5,33,中國信託-忠孝,2024-06-25,6162
5439,高技,34,1,33,中國信託-忠孝,2024-06-25,6162
00679B,元大美債20年,42,10,32,中國信託-忠孝,2024-06-25,6162
0056,元大高股息,38,6,32,中國信託-忠孝,2024-06-25,6162
2527,宏璟,29,0,29,中國信託-忠孝,2024-06-25,6162
4967,十銓,53,24,29,中國信託-忠孝,2024-06-25,6162
00939,統一台灣高息動能,28,0,28,中國信託-忠孝,2024-06-25,6162
1215,卜蜂,35,8,27,中國信託-忠孝,2024-06-25,6162
2449,京元電子,81,55,26,中國信託-忠孝,2024-06-25,6162
2542,興富發,29,2,27,中國信託-忠孝,2024-06-25,6162
2891,中信金,31,5,26,中國信託-忠孝,2024-06-25,6162
8085,福華,34,8,26,中國信託-忠孝,2024-06-25,6162
1609,大亞,60,36,24,中國信託-忠孝,2024-06-25,6162
2618,長榮航,3024,26,2998,中國信託-忠孝,2024-06-26,6162
2324,仁寶,208,0,208,中國信託-忠孝,2024-06-26,6162
00757,統一FANG+,99,3,96,中國信託-忠孝,2024-06-26,6162
3481,群創,180,85,95,中國信託-忠孝,2024-06-26,6162
8240,華宏,91,0,91,中國信託-忠孝,2024-06-26,6162
9945,潤泰新,88,0,88,中國信託-忠孝,2024-06-26,6162
00679B,元大美債20年,91,5,86,中國信託-忠孝,2024-06-26,6162
00933B,國泰10Y+金融債,76,0,76,中國信託-忠孝,2024-06-26,6162
2317,鴻海,150,78,72,中國信託-忠孝,2024-06-26,6162
2610,華航,96,29,67,中國信託-忠孝,2024-06-26,6162
00937B,群益ESG投等債20,84,23,61,中國信託-忠孝,2024-06-26,6162
2641,正德,83,23,60,中國信託-忠孝,2024-06-26,6162
00878,國泰永續高股息,78,18,60,中國信託-忠孝,2024-06-26,6162
00687B,國泰20年美債,63,6,57,中國信託-忠孝,2024-06-26,6162
00919,群益台灣精選高息,70,15,55,中國信託-忠孝,2024-06-26,6162
00935,野村臺灣新科技50,54,0,54,中國信託-忠孝,2024-06-26,6162
2883,凱基金,81,27,54,中國信託-忠孝,2024-06-26,6162
2369,菱生,54,0,54,中國信託-忠孝,2024-06-26,6162
9105,泰金寶-DR,101,50,51,中國信託-忠孝,2024-06-26,6162
1314,中石化,51,1,50,中國信託-忠孝,2024-06-26,6162
6213,聯茂,60,10,50,中國信託-忠孝,2024-06-26,6162
00671R,富邦NASDAQ反1,49,0,49,中國信託-忠孝,2024-06-26,6162
00936,台新永續高息中小,48,0,48,中國信託-忠孝,2024-06-26,6162
00881,國泰台灣5G+,47,0,47,中國信託-忠孝,2024-06-26,6162
00934,中信成長高股息,52,5,47,中國信託-忠孝,2024-06-26,6162
00891,中信關鍵半導體,48,2,46,中國信託-忠孝,2024-06-26,6162
00712,復華富時不動產,56,10,46,中國信託-忠孝,2024-06-26,6162
5009,榮剛,49,5,44,中國信託-忠孝,2024-06-26,6162
4526,東台,56,20,36,中國信託-忠孝,2024-06-26,6162
2347,聯強,33,0,33,中國信託-忠孝,2024-06-26,6162
4127,天良,33,1,32,中國信託-忠孝,2024-06-26,6162
4908,前鼎,30,0,30,中國信託-忠孝,2024-06-26,6162
00900,富邦特選高股息30,50,21,29,中國信託-忠孝,2024-06-26,6162
3535,晶彩科,33,5,28,中國信託-忠孝,2024-06-26,6162
00795B,中信美國公債20年,27,0,27,中國信託-忠孝,2024-06-26,6162
3231,緯創,27,2,25,中國信託-忠孝,2024-06-26,6162
0056,元大高股息,33,9,24,中國信託-忠孝,2024-06-26,6162
2609,陽明,66,42,24,中國信託-忠孝,2024-06-26,6162
00830,國泰費城半導體,24,0,24,中國信託-忠孝,2024-06-26,6162
3374,精材,31,8,23,中國信託-忠孝,2024-06-26,6162
6160,欣技,23,0,23,中國信託-忠孝,2024-06-26,6162
2356,英業達,45,22,23,中國信託-忠孝,2024-06-26,6162
4167,松瑞藥,55,33,22,中國信託-忠孝,2024-06-26,6162
00733,富邦臺灣中小,22,0,22,中國信託-忠孝,2024-06-26,6162
6462,神盾,23,1,22,中國信託-忠孝,2024-06-26,6162
2534,宏盛,171,150,21,中國信託-忠孝,2024-06-26,6162
8110,華東,24,3,21,中國信託-忠孝,2024-06-26,6162
1326,台化,22,1,21,中國信託-忠孝,2024-06-26,6162
00631L,元大台灣50正2,20,0,20,中國信託-忠孝,2024-06-26,6162
6290,良維,32,12,20,中國信託-忠孝,2024-06-26,6162
00650L,復華香港正2,612,320,292,中國信託-忠孝,2024-06-27,6162
00948B,中信優息投資級債,249,0,249,中國信託-忠孝,2024-06-27,6162
00937B,群益ESG投等債20,245,38,207,中國信託-忠孝,2024-06-27,6162
00665L,富邦�琤肭磪囓�2,168,0,168,中國信託-忠孝,2024-06-27,6162
00679B,元大美債20年,124,12,112,中國信託-忠孝,2024-06-27,6162
3058,立德,110,0,110,中國信託-忠孝,2024-06-27,6162
00929,復華台灣科技優息,124,22,102,中國信託-忠孝,2024-06-27,6162
9105,泰金寶-DR,131,29,102,中國信託-忠孝,2024-06-27,6162
00936,台新永續高息中小,92,0,92,中國信託-忠孝,2024-06-27,6162
00680L,元大美債20正2,88,0,88,中國信託-忠孝,2024-06-27,6162
00933B,國泰10Y+金融債,78,0,78,中國信託-忠孝,2024-06-27,6162
3047,訊舟,149,73,76,中國信託-忠孝,2024-06-27,6162
4414,如興,70,0,70,中國信託-忠孝,2024-06-27,6162
912000,晨訊科-DR,67,0,67,中國信託-忠孝,2024-06-27,6162
2534,宏盛,301,236,65,中國信託-忠孝,2024-06-27,6162
00940,元大台灣價值高息,464,399,65,中國信託-忠孝,2024-06-27,6162
00757,統一FANG+,67,3,64,中國信託-忠孝,2024-06-27,6162
2409,友達,67,6,61,中國信託-忠孝,2024-06-27,6162
2353,宏��,72,11,61,中國信託-忠孝,2024-06-27,6162
3055,蔚華科,68,10,58,中國信託-忠孝,2024-06-27,6162
3481,群創,208,151,57,中國信託-忠孝,2024-06-27,6162
6578,達邦蛋白,50,0,50,中國信託-忠孝,2024-06-27,6162
2515,中工,62,13,49,中國信託-忠孝,2024-06-27,6162
4977,眾達-KY,52,4,48,中國信託-忠孝,2024-06-27,6162
00939,統一台灣高息動能,44,0,44,中國信託-忠孝,2024-06-27,6162
6443,元晶,182,139,43,中國信託-忠孝,2024-06-27,6162
2641,正德,59,17,42,中國信託-忠孝,2024-06-27,6162
1303,南亞,40,0,40,中國信託-忠孝,2024-06-27,6162
8085,福華,52,15,37,中國信託-忠孝,2024-06-27,6162
6584,南俊國際,74,37,37,中國信託-忠孝,2024-06-27,6162
2883,凱基金,38,1,37,中國信託-忠孝,2024-06-27,6162
2610,華航,207,173,34,中國信託-忠孝,2024-06-27,6162
00687B,國泰20年美債,85,51,34,中國信託-忠孝,2024-06-27,6162
2820,華票,33,0,33,中國信託-忠孝,2024-06-27,6162
2367,燿華,35,3,32,中國信託-忠孝,2024-06-27,6162
3622,洋華,32,0,32,中國信託-忠孝,2024-06-27,6162
2211,長榮鋼,32,0,32,中國信託-忠孝,2024-06-27,6162
00830,國泰費城半導體,33,1,32,中國信託-忠孝,2024-06-27,6162
3056,富華新,31,0,31,中國信託-忠孝,2024-06-27,6162
1314,中石化,30,0,30,中國信託-忠孝,2024-06-27,6162
00795B,中信美國公債20年,29,0,29,中國信託-忠孝,2024-06-27,6162
00878,國泰永續高股息,57,28,29,中國信託-忠孝,2024-06-27,6162
2543,皇昌,30,3,27,中國信託-忠孝,2024-06-27,6162
6695,芯鼎,33,6,27,中國信託-忠孝,2024-06-27,6162
00918,大華優利高填息30,30,4,26,中國信託-忠孝,2024-06-27,6162
1709,和益,48,23,25,中國信託-忠孝,2024-06-27,6162
5608,四維航,40,15,25,中國信託-忠孝,2024-06-27,6162
0056,元大高股息,27,3,24,中國信託-忠孝,2024-06-27,6162
3455,由田,25,2,23,中國信託-忠孝,2024-06-27,6162
00947,台新臺灣IC設計,23,0,23,中國信託-忠孝,2024-06-27,6162
00948B,中信優息投資級債,419,0,419,中國信託-忠孝,2024-06-28,6162
6578,達邦蛋白,258,10,248,中國信託-忠孝,2024-06-28,6162
00631L,元大台灣50正2,247,6,241,中國信託-忠孝,2024-06-28,6162
00937B,群益ESG投等債20,243,12,231,中國信託-忠孝,2024-06-28,6162
2834,臺企銀,176,0,176,中國信託-忠孝,2024-06-28,6162
00679B,元大美債20年,130,0,130,中國信託-忠孝,2024-06-28,6162
6477,安集,128,18,110,中國信託-忠孝,2024-06-28,6162
00940,元大台灣價值高息,379,273,106,中國信託-忠孝,2024-06-28,6162
00929,復華台灣科技優息,119,15,104,中國信託-忠孝,2024-06-28,6162
2101,南港,98,7,91,中國信託-忠孝,2024-06-28,6162
8105,凌巨,128,48,80,中國信託-忠孝,2024-06-28,6162
3056,富華新,72,0,72,中國信託-忠孝,2024-06-28,6162
00942B,台新美A公司債20+,70,0,70,中國信託-忠孝,2024-06-28,6162
2349,錸德,70,0,70,中國信託-忠孝,2024-06-28,6162
00665L,富邦�琤肭磪囓�2,169,99,70,中國信託-忠孝,2024-06-28,6162
2610,華航,102,34,68,中國信託-忠孝,2024-06-28,6162
2303,聯電,84,24,60,中國信託-忠孝,2024-06-28,6162
00936,台新永續高息中小,51,0,51,中國信託-忠孝,2024-06-28,6162
2515,中工,51,1,50,中國信託-忠孝,2024-06-28,6162
00830,國泰費城半導體,53,3,50,中國信託-忠孝,2024-06-28,6162
3615,安可,50,3,47,中國信託-忠孝,2024-06-28,6162
3455,由田,61,16,45,中國信託-忠孝,2024-06-28,6162
2618,長榮航,177,132,45,中國信託-忠孝,2024-06-28,6162
2211,長榮鋼,43,0,43,中國信託-忠孝,2024-06-28,6162
00680L,元大美債20正2,42,0,42,中國信託-忠孝,2024-06-28,6162
00892,富邦台灣半導體,40,2,38,中國信託-忠孝,2024-06-28,6162
3312,弘憶股,61,24,37,中國信託-忠孝,2024-06-28,6162
2236,百達-KY,42,6,36,中國信託-忠孝,2024-06-28,6162
00713,元大台灣高息低波,34,0,34,中國信託-忠孝,2024-06-28,6162
00751B,元大AAA至A公司債,43,10,33,中國信託-忠孝,2024-06-28,6162
8927,北基,30,0,30,中國信託-忠孝,2024-06-28,6162
2340,台亞,30,0,30,中國信託-忠孝,2024-06-28,6162
00757,統一FANG+,29,1,28,中國信託-忠孝,2024-06-28,6162
1608,華榮,30,2,28,中國信託-忠孝,2024-06-28,6162
00712,復華富時不動產,28,2,26,中國信託-忠孝,2024-06-28,6162
6182,合晶,24,0,24,中國信託-忠孝,2024-06-28,6162
3481,群創,41,17,24,中國信託-忠孝,2024-06-28,6162
3483,力致,32,9,23,中國信託-忠孝,2024-06-28,6162
5522,遠雄,22,0,22,中國信託-忠孝,2024-06-28,6162
2520,冠德,21,0,21,中國信託-忠孝,2024-06-28,6162
5353,台林,20,0,20,中國信託-忠孝,2024-06-28,6162
00673R,期元大S＆P原油反1,20,0,20,中國信託-忠孝,2024-06-28,6162
00864B,中信美國公債0-1,20,0,20,中國信託-忠孝,2024-06-28,6162
5530,龍巖,20,0,20,中國信託-忠孝,2024-06-28,6162
1314,中石化,20,0,20,中國信託-忠孝,2024-06-28,6162
8213,志超,19,0,19,中國信託-忠孝,2024-06-28,6162
2317,鴻海,101,82,19,中國信託-忠孝,2024-06-28,6162
8085,福華,18,0,18,中國信託-忠孝,2024-06-28,6162
3576,聯合再生,78,60,18,中國信託-忠孝,2024-06-28,6162
9945,潤泰新,20,2,18,中國信託-忠孝,2024-06-28,6162
00937B,群益ESG投等債20,1698,0,1698,中國信託-忠孝,2024-07-01,6162
00948B,中信優息投資級債,303,8,295,中國信託-忠孝,2024-07-01,6162
00679B,元大美債20年,249,1,248,中國信託-忠孝,2024-07-01,6162
00929,復華台灣科技優息,284,39,245,中國信託-忠孝,2024-07-01,6162
00687B,國泰20年美債,256,18,238,中國信託-忠孝,2024-07-01,6162
00632R,元大台灣50反1,211,10,201,中國信託-忠孝,2024-07-01,6162
00680L,元大美債20正2,178,0,178,中國信託-忠孝,2024-07-01,6162
2353,宏��,128,10,118,中國信託-忠孝,2024-07-01,6162
00757,統一FANG+,102,0,102,中國信託-忠孝,2024-07-01,6162
00720B,元大投資級公司債,80,0,80,中國信託-忠孝,2024-07-01,6162
00933B,國泰10Y+金融債,70,0,70,中國信託-忠孝,2024-07-01,6162
2365,昆盈,274,212,62,中國信託-忠孝,2024-07-01,6162
0056,元大高股息,61,0,61,中國信託-忠孝,2024-07-01,6162
9105,泰金寶-DR,73,13,60,中國信託-忠孝,2024-07-01,6162
00936,台新永續高息中小,59,0,59,中國信託-忠孝,2024-07-01,6162
4114,健喬,56,3,53,中國信託-忠孝,2024-07-01,6162
2883,凱基金,84,33,51,中國信託-忠孝,2024-07-01,6162
00795B,中信美國公債20年,49,0,49,中國信託-忠孝,2024-07-01,6162
00881,國泰台灣5G+,48,2,46,中國信託-忠孝,2024-07-01,6162
8473,山林水,47,5,42,中國信託-忠孝,2024-07-01,6162
3083,網龍,41,1,40,中國信託-忠孝,2024-07-01,6162
3188,鑫龍騰,42,5,37,中國信託-忠孝,2024-07-01,6162
6213,聯茂,76,40,36,中國信託-忠孝,2024-07-01,6162
8086,宏捷科,37,2,35,中國信託-忠孝,2024-07-01,6162
2641,正德,34,0,34,中國信託-忠孝,2024-07-01,6162
3037,欣興,34,1,33,中國信託-忠孝,2024-07-01,6162
00688L,國泰20年美債正2,32,0,32,中國信託-忠孝,2024-07-01,6162
2312,金寶,34,2,32,中國信託-忠孝,2024-07-01,6162
912000,晨訊科-DR,32,0,32,中國信託-忠孝,2024-07-01,6162
6578,達邦蛋白,32,2,30,中國信託-忠孝,2024-07-01,6162
2201,裕隆,28,1,27,中國信託-忠孝,2024-07-01,6162
3081,聯亞,30,5,25,中國信託-忠孝,2024-07-01,6162
00931B,統一美債20年,25,0,25,中國信託-忠孝,2024-07-01,6162
2313,華通,77,53,24,中國信託-忠孝,2024-07-01,6162
3686,達能,24,0,24,中國信託-忠孝,2024-07-01,6162
1326,台化,23,0,23,中國信託-忠孝,2024-07-01,6162
5230,雷笛克光學,55,32,23,中國信託-忠孝,2024-07-01,6162
00942B,台新美A公司債20+,23,0,23,中國信託-忠孝,2024-07-01,6162
3711,日月光投控,23,0,23,中國信託-忠孝,2024-07-01,6162
3149,正達,23,1,22,中國信託-忠孝,2024-07-01,6162
00947,台新臺灣IC設計,21,0,21,中國信託-忠孝,2024-07-01,6162
1785,光洋科,25,4,21,中國信託-忠孝,2024-07-01,6162
3024,憶聲,45,24,21,中國信託-忠孝,2024-07-01,6162
006208,富邦台50,24,3,21,中國信託-忠孝,2024-07-01,6162
2347,聯強,21,1,20,中國信託-忠孝,2024-07-01,6162
00907,永豐優息存股,20,0,20,中國信託-忠孝,2024-07-01,6162
8927,北基,20,0,20,中國信託-忠孝,2024-07-01,6162
4532,瑞智,20,0,20,中國信託-忠孝,2024-07-01,6162
00857B,永豐20年美公債,20,0,20,中國信託-忠孝,2024-07-01,6162
1617,榮星,20,0,20,中國信託-忠孝,2024-07-01,6162
00934,中信成長高股息,1637,50,1587,中國信託-忠孝,2024-07-02,6162
00937B,群益ESG投等債20,1091,38,1053,中國信託-忠孝,2024-07-02,6162
00948B,中信優息投資級債,627,50,577,中國信託-忠孝,2024-07-02,6162
00650L,復華香港正2,300,0,300,中國信託-忠孝,2024-07-02,6162
2317,鴻海,306,55,251,中國信託-忠孝,2024-07-02,6162
00687B,國泰20年美債,203,2,201,中國信託-忠孝,2024-07-02,6162
2303,聯電,233,54,179,中國信託-忠孝,2024-07-02,6162
00679B,元大美債20年,169,8,161,中國信託-忠孝,2024-07-02,6162
00680L,元大美債20正2,138,5,133,中國信託-忠孝,2024-07-02,6162
00919,群益台灣精選高息,174,54,120,中國信託-忠孝,2024-07-02,6162
9105,泰金寶-DR,113,11,102,中國信託-忠孝,2024-07-02,6162
0056,元大高股息,101,2,99,中國信託-忠孝,2024-07-02,6162
00688L,國泰20年美債正2,61,0,61,中國信託-忠孝,2024-07-02,6162
00720B,元大投資級公司債,58,0,58,中國信託-忠孝,2024-07-02,6162
6706,惠特,63,7,56,中國信託-忠孝,2024-07-02,6162
00936,台新永續高息中小,66,12,54,中國信託-忠孝,2024-07-02,6162
6182,合晶,65,15,50,中國信託-忠孝,2024-07-02,6162
00927,群益半導體收益,49,2,47,中國信託-忠孝,2024-07-02,6162
00673R,期元大S＆P原油反1,46,0,46,中國信託-忠孝,2024-07-02,6162
00795B,中信美國公債20年,45,0,45,中國信託-忠孝,2024-07-02,6162
2495,普安,46,8,38,中國信託-忠孝,2024-07-02,6162
2534,宏盛,372,334,38,中國信託-忠孝,2024-07-02,6162
00632R,元大台灣50反1,45,7,38,中國信託-忠孝,2024-07-02,6162
2612,中航,36,1,35,中國信託-忠孝,2024-07-02,6162
8089,康全電訊,35,0,35,中國信託-忠孝,2024-07-02,6162
3376,新日興,46,14,32,中國信託-忠孝,2024-07-02,6162
6285,啟��,32,0,32,中國信託-忠孝,2024-07-02,6162
00933B,國泰10Y+金融債,31,0,31,中國信託-忠孝,2024-07-02,6162
3702,大聯大,30,0,30,中國信託-忠孝,2024-07-02,6162
00757,統一FANG+,29,0,29,中國信託-忠孝,2024-07-02,6162
6139,亞翔,56,28,28,中國信託-忠孝,2024-07-02,6162
2211,長榮鋼,37,10,27,中國信託-忠孝,2024-07-02,6162
8085,福華,39,13,26,中國信託-忠孝,2024-07-02,6162
00751B,元大AAA至A公司債,26,0,26,中國信託-忠孝,2024-07-02,6162
00939,統一台灣高息動能,32,6,26,中國信託-忠孝,2024-07-02,6162
5230,雷笛克光學,35,11,24,中國信託-忠孝,2024-07-02,6162
00949,復華日本龍頭,24,1,23,中國信託-忠孝,2024-07-02,6162
6189,豐藝,35,13,22,中國信託-忠孝,2024-07-02,6162
1789,神隆,22,0,22,中國信託-忠孝,2024-07-02,6162
2498,宏達電,22,1,21,中國信託-忠孝,2024-07-02,6162
00947,台新臺灣IC設計,21,1,20,中國信託-忠孝,2024-07-02,6162
3576,聯合再生,55,35,20,中國信託-忠孝,2024-07-02,6162
2406,國碩,66,46,20,中國信託-忠孝,2024-07-02,6162
3202,樺晟,20,0,20,中國信託-忠孝,2024-07-02,6162
00946,群益科技高息成長,20,0,20,中國信託-忠孝,2024-07-02,6162
2542,興富發,20,1,19,中國信託-忠孝,2024-07-02,6162
2409,友達,20,2,18,中國信託-忠孝,2024-07-02,6162
00900,富邦特選高股息30,20,2,18,中國信託-忠孝,2024-07-02,6162
3491,昇達科,26,9,17,中國信託-忠孝,2024-07-02,6162
6425,易發,18,1,17,中國信託-忠孝,2024-07-02,6162
00934,中信成長高股息,234,27,207,中國信託-忠孝,2024-07-03,6162
00687B,國泰20年美債,218,17,201,中國信託-忠孝,2024-07-03,6162
00632R,元大台灣50反1,167,1,166,中國信託-忠孝,2024-07-03,6162
3005,神基,156,21,135,中國信託-忠孝,2024-07-03,6162
2834,臺企銀,128,6,122,中國信託-忠孝,2024-07-03,6162
00688L,國泰20年美債正2,109,0,109,中國信託-忠孝,2024-07-03,6162
3520,華盈,103,0,103,中國信託-忠孝,2024-07-03,6162
2303,聯電,129,29,100,中國信託-忠孝,2024-07-03,6162
3591,艾笛森,95,0,95,中國信託-忠孝,2024-07-03,6162
00937B,群益ESG投等債20,106,14,92,中國信託-忠孝,2024-07-03,6162
3576,聯合再生,125,42,83,中國信託-忠孝,2024-07-03,6162
00720B,元大投資級公司債,88,10,78,中國信託-忠孝,2024-07-03,6162
2881,富邦金,150,74,76,中國信託-忠孝,2024-07-03,6162
00757,統一FANG+,74,0,74,中國信託-忠孝,2024-07-03,6162
00679B,元大美債20年,72,2,70,中國信託-忠孝,2024-07-03,6162
00680L,元大美債20正2,77,9,68,中國信託-忠孝,2024-07-03,6162
5452,佶優,72,5,67,中國信託-忠孝,2024-07-03,6162
6443,元晶,164,104,60,中國信託-忠孝,2024-07-03,6162
00637L,元大滬深300正2,60,0,60,中國信託-忠孝,2024-07-03,6162
2845,遠東銀,60,5,55,中國信託-忠孝,2024-07-03,6162
00713,元大台灣高息低波,56,7,49,中國信託-忠孝,2024-07-03,6162
2880,華南金,250,203,47,中國信託-忠孝,2024-07-03,6162
2317,鴻海,114,69,45,中國信託-忠孝,2024-07-03,6162
4167,松瑞藥,41,1,40,中國信託-忠孝,2024-07-03,6162
00918,大華優利高填息30,39,0,39,中國信託-忠孝,2024-07-03,6162
4906,正文,158,119,39,中國信託-忠孝,2024-07-03,6162
00931B,統一美債20年,38,0,38,中國信託-忠孝,2024-07-03,6162
2882,國泰金,101,63,38,中國信託-忠孝,2024-07-03,6162
8085,福華,37,4,33,中國信託-忠孝,2024-07-03,6162
00712,復華富時不動產,38,6,32,中國信託-忠孝,2024-07-03,6162
2889,國票金,32,0,32,中國信託-忠孝,2024-07-03,6162
5607,遠雄港,32,0,32,中國信託-忠孝,2024-07-03,6162
00947,台新臺灣IC設計,31,0,31,中國信託-忠孝,2024-07-03,6162
6244,茂迪,62,31,31,中國信託-忠孝,2024-07-03,6162
4726,永昕,29,1,28,中國信託-忠孝,2024-07-03,6162
00936,台新永續高息中小,31,4,27,中國信託-忠孝,2024-07-03,6162
4127,天良,27,0,27,中國信託-忠孝,2024-07-03,6162
2543,皇昌,48,21,27,中國信託-忠孝,2024-07-03,6162
2211,長榮鋼,53,27,26,中國信託-忠孝,2024-07-03,6162
3376,新日興,35,11,24,中國信託-忠孝,2024-07-03,6162
2340,台亞,25,2,23,中國信託-忠孝,2024-07-03,6162
9105,泰金寶-DR,132,110,22,中國信託-忠孝,2024-07-03,6162
00944,野村趨勢動能高息,22,0,22,中國信託-忠孝,2024-07-03,6162
3035,智原,45,23,22,中國信託-忠孝,2024-07-03,6162
2449,京元電子,40,19,21,中國信託-忠孝,2024-07-03,6162
6164,華興,21,0,21,中國信託-忠孝,2024-07-03,6162
2332,友訊,23,2,21,中國信託-忠孝,2024-07-03,6162
2347,聯強,20,1,19,中國信託-忠孝,2024-07-03,6162
8440,綠電,50,31,19,中國信託-忠孝,2024-07-03,6162
8064,東捷,28,9,19,中國信託-忠孝,2024-07-03,6162
2412,中華電,197,42,155,中國信託-忠孝,2024-07-04,6162
00937B,群益ESG投等債20,146,23,123,中國信託-忠孝,2024-07-04,6162
00934,中信成長高股息,119,0,119,中國信託-忠孝,2024-07-04,6162
2353,宏��,96,2,94,中國信託-忠孝,2024-07-04,6162
2883,凱基金,141,63,78,中國信託-忠孝,2024-07-04,6162
4109,加捷生醫,84,7,77,中國信託-忠孝,2024-07-04,6162
00725B,國泰投資級公司債,87,19,68,中國信託-忠孝,2024-07-04,6162
2913,農林,60,0,60,中國信託-忠孝,2024-07-04,6162
00949,復華日本龍頭,57,0,57,中國信託-忠孝,2024-07-04,6162
00881,國泰台灣5G+,56,0,56,中國信託-忠孝,2024-07-04,6162
5474,聰泰,55,4,51,中國信託-忠孝,2024-07-04,6162
6477,安集,50,0,50,中國信託-忠孝,2024-07-04,6162
1536,和大,57,13,44,中國信託-忠孝,2024-07-04,6162
00632R,元大台灣50反1,149,106,43,中國信託-忠孝,2024-07-04,6162
1503,士電,71,31,40,中國信託-忠孝,2024-07-04,6162
2349,錸德,39,0,39,中國信託-忠孝,2024-07-04,6162
8096,擎亞,40,2,38,中國信託-忠孝,2024-07-04,6162
2520,冠德,37,1,36,中國信託-忠孝,2024-07-04,6162
4968,立積,42,6,36,中國信託-忠孝,2024-07-04,6162
00680L,元大美債20正2,44,10,34,中國信託-忠孝,2024-07-04,6162
4958,臻鼎-KY,37,3,34,中國信託-忠孝,2024-07-04,6162
2324,仁寶,36,3,33,中國信託-忠孝,2024-07-04,6162
2014,中鴻,34,2,32,中國信託-忠孝,2024-07-04,6162
2880,華南金,31,0,31,中國信託-忠孝,2024-07-04,6162
2511,太子,30,0,30,中國信託-忠孝,2024-07-04,6162
2208,台船,30,0,30,中國信託-忠孝,2024-07-04,6162
00646,元大S＆P500,30,0,30,中國信託-忠孝,2024-07-04,6162
3312,弘憶股,107,77,30,中國信託-忠孝,2024-07-04,6162
1108,幸福,29,0,29,中國信託-忠孝,2024-07-04,6162
3413,京鼎,30,1,29,中國信託-忠孝,2024-07-04,6162
1785,光洋科,102,73,29,中國信託-忠孝,2024-07-04,6162
2449,京元電子,82,55,27,中國信託-忠孝,2024-07-04,6162
00679B,元大美債20年,38,12,26,中國信託-忠孝,2024-07-04,6162
3189,景碩,27,1,26,中國信託-忠孝,2024-07-04,6162
2486,一詮,44,19,25,中國信託-忠孝,2024-07-04,6162
1815,富喬,115,90,25,中國信託-忠孝,2024-07-04,6162
9105,泰金寶-DR,47,23,24,中國信託-忠孝,2024-07-04,6162
8240,華宏,26,2,24,中國信託-忠孝,2024-07-04,6162
1514,亞力,81,58,23,中國信託-忠孝,2024-07-04,6162
2363,矽統,57,34,23,中國信託-忠孝,2024-07-04,6162
1301,台塑,25,2,23,中國信託-忠孝,2024-07-04,6162
0052,富邦科技,23,0,23,中國信託-忠孝,2024-07-04,6162
00720B,元大投資級公司債,33,10,23,中國信託-忠孝,2024-07-04,6162
00761B,國泰A級公司債,22,0,22,中國信託-忠孝,2024-07-04,6162
8358,金居,22,0,22,中國信託-忠孝,2024-07-04,6162
4974,亞泰,40,19,21,中國信託-忠孝,2024-07-04,6162
2537,聯上發,21,0,21,中國信託-忠孝,2024-07-04,6162
2618,長榮航,68,47,21,中國信託-忠孝,2024-07-04,6162
00945B,凱基美國非投等債,21,0,21,中國信託-忠孝,2024-07-04,6162
6160,欣技,21,0,21,中國信託-忠孝,2024-07-04,6162
2834,臺企銀,454,3,451,中國信託-忠孝,2024-07-05,6162
00687B,國泰20年美債,213,2,211,中國信託-忠孝,2024-07-05,6162
00935,野村臺灣新科技50,204,0,204,中國信託-忠孝,2024-07-05,6162
3005,神基,170,8,162,中國信託-忠孝,2024-07-05,6162
2618,長榮航,186,40,146,中國信託-忠孝,2024-07-05,6162
6443,元晶,227,82,145,中國信託-忠孝,2024-07-05,6162
00637L,元大滬深300正2,143,0,143,中國信託-忠孝,2024-07-05,6162
00937B,群益ESG投等債20,186,66,120,中國信託-忠孝,2024-07-05,6162
00934,中信成長高股息,127,11,116,中國信託-忠孝,2024-07-05,6162
1417,嘉裕,105,0,105,中國信託-忠孝,2024-07-05,6162
00757,統一FANG+,94,0,94,中國信託-忠孝,2024-07-05,6162
2836,高雄銀,119,26,93,中國信託-忠孝,2024-07-05,6162
2610,華航,120,41,79,中國信託-忠孝,2024-07-05,6162
00830,國泰費城半導體,81,5,76,中國信託-忠孝,2024-07-05,6162
2498,宏達電,98,38,60,中國信託-忠孝,2024-07-05,6162
4966,譜瑞-KY,57,2,55,中國信託-忠孝,2024-07-05,6162
0056,元大高股息,54,1,53,中國信託-忠孝,2024-07-05,6162
1734,杏輝,52,1,51,中國信託-忠孝,2024-07-05,6162
00712,復華富時不動產,51,1,50,中國信託-忠孝,2024-07-05,6162
3455,由田,87,39,48,中國信託-忠孝,2024-07-05,6162
6284,佳邦,45,1,44,中國信託-忠孝,2024-07-05,6162
3645,達邁,42,0,42,中國信託-忠孝,2024-07-05,6162
2349,錸德,53,13,40,中國信託-忠孝,2024-07-05,6162
2515,中工,40,0,40,中國信託-忠孝,2024-07-05,6162
1802,台玻,42,6,36,中國信託-忠孝,2024-07-05,6162
00719B,元大美債1-3,31,0,31,中國信託-忠孝,2024-07-05,6162
2486,一詮,51,20,31,中國信託-忠孝,2024-07-05,6162
2609,陽明,70,39,31,中國信託-忠孝,2024-07-05,6162
1586,和勤,30,0,30,中國信託-忠孝,2024-07-05,6162
3188,鑫龍騰,30,1,29,中國信託-忠孝,2024-07-05,6162
2303,聯電,42,13,29,中國信託-忠孝,2024-07-05,6162
00665L,富邦�琤肭磪囓�2,33,5,28,中國信託-忠孝,2024-07-05,6162
4716,大立,28,0,28,中國信託-忠孝,2024-07-05,6162
00948B,中信優息投資級債,31,3,28,中國信託-忠孝,2024-07-05,6162
3312,弘憶股,53,25,28,中國信託-忠孝,2024-07-05,6162
2374,佳能,51,24,27,中國信託-忠孝,2024-07-05,6162
2887,台新金,27,1,26,中國信託-忠孝,2024-07-05,6162
6187,萬潤,36,11,25,中國信託-忠孝,2024-07-05,6162
2461,光群雷,24,0,24,中國信託-忠孝,2024-07-05,6162
00679B,元大美債20年,47,24,23,中國信託-忠孝,2024-07-05,6162
3592,瑞鼎,23,0,23,中國信託-忠孝,2024-07-05,6162
3048,益登,43,21,22,中國信託-忠孝,2024-07-05,6162
3594,磐儀,25,3,22,中國信託-忠孝,2024-07-05,6162
3535,晶彩科,45,23,22,中國信託-忠孝,2024-07-05,6162
3689,湧德,24,2,22,中國信託-忠孝,2024-07-05,6162
2603,長榮,43,21,22,中國信託-忠孝,2024-07-05,6162
6173,信昌電,22,1,21,中國信託-忠孝,2024-07-05,6162
3090,日電貿,20,0,20,中國信託-忠孝,2024-07-05,6162
6116,彩晶,20,0,20,中國信託-忠孝,2024-07-05,6162
00753L,中信中國50正2,20,0,20,中國信託-忠孝,2024-07-05,6162
00937B,群益ESG投等債20,1162,41,1121,中國信託-忠孝,2024-07-08,6162
00934,中信成長高股息,338,30,308,中國信託-忠孝,2024-07-08,6162
1417,嘉裕,196,0,196,中國信託-忠孝,2024-07-08,6162
5452,佶優,274,84,190,中國信託-忠孝,2024-07-08,6162
00632R,元大台灣50反1,188,17,171,中國信託-忠孝,2024-07-08,6162
3455,由田,158,40,118,中國信託-忠孝,2024-07-08,6162
4720,德淵,120,5,115,中國信託-忠孝,2024-07-08,6162
1815,富喬,146,33,113,中國信託-忠孝,2024-07-08,6162
1314,中石化,152,48,104,中國信託-忠孝,2024-07-08,6162
00948B,中信優息投資級債,100,3,97,中國信託-忠孝,2024-07-08,6162
4966,譜瑞-KY,70,0,70,中國信託-忠孝,2024-07-08,6162
1718,中纖,70,0,70,中國信託-忠孝,2024-07-08,6162
4542,科嶠,68,0,68,中國信託-忠孝,2024-07-08,6162
4906,正文,80,16,64,中國信託-忠孝,2024-07-08,6162
2845,遠東銀,60,0,60,中國信託-忠孝,2024-07-08,6162
3045,台灣大,56,0,56,中國信託-忠孝,2024-07-08,6162
9105,泰金寶-DR,91,38,53,中國信託-忠孝,2024-07-08,6162
2867,三商壽,76,24,52,中國信託-忠孝,2024-07-08,6162
00881,國泰台灣5G+,67,18,49,中國信託-忠孝,2024-07-08,6162
3188,鑫龍騰,48,0,48,中國信託-忠孝,2024-07-08,6162
2442,新美齊,56,9,47,中國信託-忠孝,2024-07-08,6162
00936,台新永續高息中小,48,3,45,中國信託-忠孝,2024-07-08,6162
3376,新日興,47,2,45,中國信託-忠孝,2024-07-08,6162
00725B,國泰投資級公司債,45,0,45,中國信託-忠孝,2024-07-08,6162
1785,光洋科,139,94,45,中國信託-忠孝,2024-07-08,6162
4960,誠美材,46,2,44,中國信託-忠孝,2024-07-08,6162
1536,和大,60,17,43,中國信託-忠孝,2024-07-08,6162
2618,長榮航,204,166,38,中國信託-忠孝,2024-07-08,6162
2365,昆盈,124,87,37,中國信託-忠孝,2024-07-08,6162
4114,健喬,36,0,36,中國信託-忠孝,2024-07-08,6162
3306,鼎天,38,2,36,中國信託-忠孝,2024-07-08,6162
3535,晶彩科,84,48,36,中國信託-忠孝,2024-07-08,6162
00646,元大S＆P500,35,0,35,中國信託-忠孝,2024-07-08,6162
4909,新復興,39,5,34,中國信託-忠孝,2024-07-08,6162
3645,達邁,33,0,33,中國信託-忠孝,2024-07-08,6162
3323,加百裕,46,15,31,中國信託-忠孝,2024-07-08,6162
2883,凱基金,106,76,30,中國信託-忠孝,2024-07-08,6162
8111,立��,30,0,30,中國信託-忠孝,2024-07-08,6162
00882,中信中國高股息,31,2,29,中國信託-忠孝,2024-07-08,6162
00945B,凱基美國非投等債,29,0,29,中國信託-忠孝,2024-07-08,6162
00919,群益台灣精選高息,95,68,27,中國信託-忠孝,2024-07-08,6162
2534,宏盛,1425,1398,27,中國信託-忠孝,2024-07-08,6162
2449,京元電子,100,73,27,中國信託-忠孝,2024-07-08,6162
00665L,富邦�琤肭磪囓�2,94,68,26,中國信託-忠孝,2024-07-08,6162
3013,晟銘電,33,7,26,中國信託-忠孝,2024-07-08,6162
8027,鈦昇,32,7,25,中國信託-忠孝,2024-07-08,6162
3202,樺晟,25,0,25,中國信託-忠孝,2024-07-08,6162
1418,東華,25,0,25,中國信託-忠孝,2024-07-08,6162
8358,金居,36,11,25,中國信託-忠孝,2024-07-08,6162
2352,佳世達,33,9,24,中國信託-忠孝,2024-07-08,6162
2888,新光金,2365,216,2149,中國信託-忠孝,2024-07-09,6162
9105,泰金寶-DR,356,126,230,中國信託-忠孝,2024-07-09,6162
2618,長榮航,253,23,230,中國信託-忠孝,2024-07-09,6162
00632R,元大台灣50反1,232,15,217,中國信託-忠孝,2024-07-09,6162
3376,新日興,206,4,202,中國信託-忠孝,2024-07-09,6162
2312,金寶,324,171,153,中國信託-忠孝,2024-07-09,6162
2101,南港,142,1,141,中國信託-忠孝,2024-07-09,6162
00936,台新永續高息中小,130,9,121,中國信託-忠孝,2024-07-09,6162
00942B,台新美A公司債20+,121,0,121,中國信託-忠孝,2024-07-09,6162
00665L,富邦�琤肭磪囓�2,89,0,89,中國信託-忠孝,2024-07-09,6162
2405,輔信,112,25,87,中國信託-忠孝,2024-07-09,6162
4966,譜瑞-KY,74,1,73,中國信託-忠孝,2024-07-09,6162
6213,聯茂,127,56,71,中國信託-忠孝,2024-07-09,6162
2610,華航,93,25,68,中國信託-忠孝,2024-07-09,6162
5381,合正,62,0,62,中國信託-忠孝,2024-07-09,6162
3013,晟銘電,123,62,61,中國信託-忠孝,2024-07-09,6162
1417,嘉裕,60,0,60,中國信託-忠孝,2024-07-09,6162
2481,強茂,70,10,60,中國信託-忠孝,2024-07-09,6162
2330,台積電,61,6,55,中國信託-忠孝,2024-07-09,6162
3047,訊舟,174,120,54,中國信託-忠孝,2024-07-09,6162
6733,博晟生醫,50,0,50,中國信託-忠孝,2024-07-09,6162
2353,宏��,49,1,48,中國信託-忠孝,2024-07-09,6162
4720,德淵,50,2,48,中國信託-忠孝,2024-07-09,6162
0056,元大高股息,77,31,46,中國信託-忠孝,2024-07-09,6162
2889,國票金,45,0,45,中國信託-忠孝,2024-07-09,6162
3188,鑫龍騰,75,30,45,中國信託-忠孝,2024-07-09,6162
8064,東捷,90,45,45,中國信託-忠孝,2024-07-09,6162
6126,信音,55,12,43,中國信託-忠孝,2024-07-09,6162
1504,東元,45,4,41,中國信託-忠孝,2024-07-09,6162
2367,燿華,218,179,39,中國信託-忠孝,2024-07-09,6162
2317,鴻海,150,111,39,中國信託-忠孝,2024-07-09,6162
4123,晟德,123,84,39,中國信託-忠孝,2024-07-09,6162
4960,誠美材,46,10,36,中國信託-忠孝,2024-07-09,6162
2349,錸德,112,76,36,中國信託-忠孝,2024-07-09,6162
3163,波若威,54,22,32,中國信託-忠孝,2024-07-09,6162
1536,和大,60,28,32,中國信託-忠孝,2024-07-09,6162
00757,統一FANG+,32,0,32,中國信託-忠孝,2024-07-09,6162
00934,中信成長高股息,65,34,31,中國信託-忠孝,2024-07-09,6162
6026,福邦證,30,0,30,中國信託-忠孝,2024-07-09,6162
1809,中釉,33,3,30,中國信託-忠孝,2024-07-09,6162
2354,鴻準,96,67,29,中國信託-忠孝,2024-07-09,6162
00680L,元大美債20正2,33,5,28,中國信託-忠孝,2024-07-09,6162
00929,復華台灣科技優息,73,45,28,中國信託-忠孝,2024-07-09,6162
5443,均豪,37,10,27,中國信託-忠孝,2024-07-09,6162
2323,中環,28,1,27,中國信託-忠孝,2024-07-09,6162
3037,欣興,33,6,27,中國信託-忠孝,2024-07-09,6162
00915,凱基優選高股息30,28,3,25,中國信託-忠孝,2024-07-09,6162
3710,連展投控,24,0,24,中國信託-忠孝,2024-07-09,6162
6578,達邦蛋白,24,0,24,中國信託-忠孝,2024-07-09,6162
2609,陽明,80,57,23,中國信託-忠孝,2024-07-09,6162
2888,新光金,2589,224,2365,中國信託-忠孝,2024-07-10,6162
00937B,群益ESG投等債20,222,14,208,中國信託-忠孝,2024-07-10,6162
00942B,台新美A公司債20+,200,0,200,中國信託-忠孝,2024-07-10,6162
3376,新日興,188,18,170,中國信託-忠孝,2024-07-10,6162
4123,晟德,163,3,160,中國信託-忠孝,2024-07-10,6162
00929,復華台灣科技優息,173,46,127,中國信託-忠孝,2024-07-10,6162
2101,南港,120,2,118,中國信託-忠孝,2024-07-10,6162
2344,華邦電,137,31,106,中國信託-忠孝,2024-07-10,6162
00720B,元大投資級公司債,106,0,106,中國信託-忠孝,2024-07-10,6162
1440,南紡,99,0,99,中國信託-忠孝,2024-07-10,6162
00680L,元大美債20正2,83,0,83,中國信託-忠孝,2024-07-10,6162
3594,磐儀,108,32,76,中國信託-忠孝,2024-07-10,6162
00753L,中信中國50正2,70,0,70,中國信託-忠孝,2024-07-10,6162
6770,力積電,62,0,62,中國信託-忠孝,2024-07-10,6162
00713,元大台灣高息低波,61,0,61,中國信託-忠孝,2024-07-10,6162
2312,金寶,171,111,60,中國信託-忠孝,2024-07-10,6162
2449,京元電子,81,27,54,中國信託-忠孝,2024-07-10,6162
2243,宏旭-KY,46,1,45,中國信託-忠孝,2024-07-10,6162
00945B,凱基美國非投等債,45,0,45,中國信託-忠孝,2024-07-10,6162
6806,森崴能源,68,25,43,中國信託-忠孝,2024-07-10,6162
2353,宏��,136,93,43,中國信託-忠孝,2024-07-10,6162
2303,聯電,51,9,42,中國信託-忠孝,2024-07-10,6162
2330,台積電,71,30,41,中國信託-忠孝,2024-07-10,6162
00927,群益半導體收益,38,0,38,中國信託-忠孝,2024-07-10,6162
00947,台新臺灣IC設計,36,0,36,中國信託-忠孝,2024-07-10,6162
2887,台新金,37,1,36,中國信託-忠孝,2024-07-10,6162
00687B,國泰20年美債,36,1,35,中國信託-忠孝,2024-07-10,6162
2615,萬海,39,4,35,中國信託-忠孝,2024-07-10,6162
5876,上海商銀,34,0,34,中國信託-忠孝,2024-07-10,6162
00688L,國泰20年美債正2,32,0,32,中國信託-忠孝,2024-07-10,6162
2317,鴻海,95,63,32,中國信託-忠孝,2024-07-10,6162
00939,統一台灣高息動能,30,0,30,中國信託-忠孝,2024-07-10,6162
1529,樂事綠能,30,0,30,中國信託-忠孝,2024-07-10,6162
3231,緯創,38,9,29,中國信託-忠孝,2024-07-10,6162
00949,復華日本龍頭,29,0,29,中國信託-忠孝,2024-07-10,6162
2464,盟立,117,89,28,中國信託-忠孝,2024-07-10,6162
8105,凌巨,47,19,28,中國信託-忠孝,2024-07-10,6162
2412,中華電,28,1,27,中國信託-忠孝,2024-07-10,6162
8927,北基,33,6,27,中國信託-忠孝,2024-07-10,6162
00761B,國泰A級公司債,26,0,26,中國信託-忠孝,2024-07-10,6162
2543,皇昌,38,12,26,中國信託-忠孝,2024-07-10,6162
1734,杏輝,25,0,25,中國信託-忠孝,2024-07-10,6162
2354,鴻準,95,70,25,中國信託-忠孝,2024-07-10,6162
2886,兆豐金,25,1,24,中國信託-忠孝,2024-07-10,6162
1785,光洋科,104,80,24,中國信託-忠孝,2024-07-10,6162
00900,富邦特選高股息30,24,2,22,中國信託-忠孝,2024-07-10,6162
00934,中信成長高股息,23,2,21,中國信託-忠孝,2024-07-10,6162
00915,凱基優選高股息30,21,0,21,中國信託-忠孝,2024-07-10,6162
3321,同泰,21,0,21,中國信託-忠孝,2024-07-10,6162
2528,皇普,20,0,20,中國信託-忠孝,2024-07-10,6162
2610,華航,492,184,308,中國信託-忠孝,2024-07-11,6162
00934,中信成長高股息,178,25,153,中國信託-忠孝,2024-07-11,6162
00679B,元大美債20年,137,8,129,中國信託-忠孝,2024-07-11,6162
2891,中信金,129,40,89,中國信託-忠孝,2024-07-11,6162
2340,台亞,88,0,88,中國信託-忠孝,2024-07-11,6162
8011,台通,79,9,70,中國信託-忠孝,2024-07-11,6162
2605,新興,70,0,70,中國信託-忠孝,2024-07-11,6162
8068,全達,68,2,66,中國信託-忠孝,2024-07-11,6162
2308,台達電,73,10,63,中國信託-忠孝,2024-07-11,6162
00937B,群益ESG投等債20,63,2,61,中國信託-忠孝,2024-07-11,6162
2542,興富發,77,16,61,中國信託-忠孝,2024-07-11,6162
00757,統一FANG+,54,0,54,中國信託-忠孝,2024-07-11,6162
2365,昆盈,97,43,54,中國信託-忠孝,2024-07-11,6162
00931B,統一美債20年,54,0,54,中國信託-忠孝,2024-07-11,6162
2243,宏旭-KY,65,12,53,中國信託-忠孝,2024-07-11,6162
2101,南港,52,0,52,中國信託-忠孝,2024-07-11,6162
1108,幸福,50,0,50,中國信託-忠孝,2024-07-11,6162
0052,富邦科技,51,1,50,中國信託-忠孝,2024-07-11,6162
2498,宏達電,55,6,49,中國信託-忠孝,2024-07-11,6162
1815,富喬,112,65,47,中國信託-忠孝,2024-07-11,6162
1229,聯華,46,0,46,中國信託-忠孝,2024-07-11,6162
2349,錸德,81,37,44,中國信託-忠孝,2024-07-11,6162
2618,長榮航,58,15,43,中國信託-忠孝,2024-07-11,6162
00687B,國泰20年美債,42,0,42,中國信託-忠孝,2024-07-11,6162
1417,嘉裕,41,0,41,中國信託-忠孝,2024-07-11,6162
00772B,中信高評級公司債,49,8,41,中國信託-忠孝,2024-07-11,6162
00936,台新永續高息中小,77,40,37,中國信託-忠孝,2024-07-11,6162
00933B,國泰10Y+金融債,37,1,36,中國信託-忠孝,2024-07-11,6162
2834,臺企銀,36,1,35,中國信託-忠孝,2024-07-11,6162
3713,新晶投控,35,0,35,中國信託-忠孝,2024-07-11,6162
1441,大東,35,0,35,中國信託-忠孝,2024-07-11,6162
6716,應廣,45,12,33,中國信託-忠孝,2024-07-11,6162
6133,金橋,40,7,33,中國信託-忠孝,2024-07-11,6162
3376,新日興,45,13,32,中國信託-忠孝,2024-07-11,6162
5443,均豪,38,6,32,中國信託-忠孝,2024-07-11,6162
3710,連展投控,46,14,32,中國信託-忠孝,2024-07-11,6162
5230,雷笛克光學,32,0,32,中國信託-忠孝,2024-07-11,6162
3312,弘憶股,131,100,31,中國信託-忠孝,2024-07-11,6162
2609,陽明,33,3,30,中國信託-忠孝,2024-07-11,6162
2363,矽統,104,74,30,中國信託-忠孝,2024-07-11,6162
00719B,元大美債1-3,30,0,30,中國信託-忠孝,2024-07-11,6162
1718,中纖,30,0,30,中國信託-忠孝,2024-07-11,6162
4128,中天,38,9,29,中國信託-忠孝,2024-07-11,6162
2317,鴻海,65,37,28,中國信託-忠孝,2024-07-11,6162
00947,台新臺灣IC設計,30,2,28,中國信託-忠孝,2024-07-11,6162
2515,中工,33,5,28,中國信託-忠孝,2024-07-11,6162
6120,達運,25,0,25,中國信託-忠孝,2024-07-11,6162
8927,北基,41,17,24,中國信託-忠孝,2024-07-11,6162
1301,台塑,30,6,24,中國信託-忠孝,2024-07-11,6162
6443,元晶,92,68,24,中國信託-忠孝,2024-07-11,6162
00680L,元大美債20正2,371,25,346,中國信託-忠孝,2024-07-12,6162
00929,復華台灣科技優息,367,47,320,中國信託-忠孝,2024-07-12,6162
00919,群益台灣精選高息,332,18,314,中國信託-忠孝,2024-07-12,6162
3049,精金,202,2,200,中國信託-忠孝,2024-07-12,6162
2317,鴻海,230,54,176,中國信託-忠孝,2024-07-12,6162
00934,中信成長高股息,171,0,171,中國信託-忠孝,2024-07-12,6162
4966,譜瑞-KY,154,2,152,中國信託-忠孝,2024-07-12,6162
00878,國泰永續高股息,190,51,139,中國信託-忠孝,2024-07-12,6162
00753L,中信中國50正2,210,74,136,中國信託-忠孝,2024-07-12,6162
9105,泰金寶-DR,183,56,127,中國信託-忠孝,2024-07-12,6162
3013,晟銘電,260,143,117,中國信託-忠孝,2024-07-12,6162
2330,台積電,116,14,102,中國信託-忠孝,2024-07-12,6162
00757,統一FANG+,105,8,97,中國信託-忠孝,2024-07-12,6162
2303,聯電,110,14,96,中國信託-忠孝,2024-07-12,6162
0056,元大高股息,104,9,95,中國信託-忠孝,2024-07-12,6162
00688L,國泰20年美債正2,76,2,74,中國信託-忠孝,2024-07-12,6162
1802,台玻,75,3,72,中國信託-忠孝,2024-07-12,6162
2007,燁興,70,2,68,中國信託-忠孝,2024-07-12,6162
00679B,元大美債20年,74,8,66,中國信託-忠孝,2024-07-12,6162
2312,金寶,248,185,63,中國信託-忠孝,2024-07-12,6162
2867,三商壽,67,6,61,中國信託-忠孝,2024-07-12,6162
2618,長榮航,59,0,59,中國信託-忠孝,2024-07-12,6162
00881,國泰台灣5G+,58,3,55,中國信託-忠孝,2024-07-12,6162
00927,群益半導體收益,54,0,54,中國信託-忠孝,2024-07-12,6162
1313,聯成,59,8,51,中國信託-忠孝,2024-07-12,6162
2409,友達,216,168,48,中國信託-忠孝,2024-07-12,6162
00725B,國泰投資級公司債,48,0,48,中國信託-忠孝,2024-07-12,6162
2308,台達電,48,3,45,中國信託-忠孝,2024-07-12,6162
00947,台新臺灣IC設計,44,0,44,中國信託-忠孝,2024-07-12,6162
2884,玉山金,51,8,43,中國信託-忠孝,2024-07-12,6162
0050,元大台灣50,47,4,43,中國信託-忠孝,2024-07-12,6162
00940,元大台灣價值高息,72,32,40,中國信託-忠孝,2024-07-12,6162
00935,野村臺灣新科技50,37,0,37,中國信託-忠孝,2024-07-12,6162
006208,富邦台50,42,5,37,中國信託-忠孝,2024-07-12,6162
00923,群益台ESG低碳50,40,3,37,中國信託-忠孝,2024-07-12,6162
6570,維田,56,20,36,中國信託-忠孝,2024-07-12,6162
1326,台化,41,5,36,中國信託-忠孝,2024-07-12,6162
5488,松普,35,0,35,中國信託-忠孝,2024-07-12,6162
4533,協易機,55,22,33,中國信託-忠孝,2024-07-12,6162
00687B,國泰20年美債,115,82,33,中國信託-忠孝,2024-07-12,6162
3673,TPK-KY,36,7,29,中國信託-忠孝,2024-07-12,6162
00751B,元大AAA至A公司債,33,4,29,中國信託-忠孝,2024-07-12,6162
2313,華通,38,12,26,中國信託-忠孝,2024-07-12,6162
00946,群益科技高息成長,26,1,25,中國信託-忠孝,2024-07-12,6162
00945B,凱基美國非投等債,24,0,24,中國信託-忠孝,2024-07-12,6162
2108,南帝,33,10,23,中國信託-忠孝,2024-07-12,6162
6134,萬旭,23,0,23,中國信託-忠孝,2024-07-12,6162
5202,力新,27,5,22,中國信託-忠孝,2024-07-12,6162
5452,佶優,23,1,22,中國信託-忠孝,2024-07-12,6162
1785,光洋科,66,44,22,中國信託-忠孝,2024-07-12,6162
2891,中信金,288,25,263,中國信託-忠孝,2024-07-15,6162
00948B,中信優息投資級債,308,50,258,中國信託-忠孝,2024-07-15,6162
00942B,台新美A公司債20+,250,2,248,中國信託-忠孝,2024-07-15,6162
00929,復華台灣科技優息,206,6,200,中國信託-忠孝,2024-07-15,6162
00680L,元大美債20正2,162,10,152,中國信託-忠孝,2024-07-15,6162
00679B,元大美債20年,131,0,131,中國信託-忠孝,2024-07-15,6162
00934,中信成長高股息,241,114,127,中國信託-忠孝,2024-07-15,6162
00919,群益台灣精選高息,151,35,116,中國信託-忠孝,2024-07-15,6162
00905,FT臺灣Smart,112,0,112,中國信託-忠孝,2024-07-15,6162
8103,瀚荃,114,8,106,中國信託-忠孝,2024-07-15,6162
9105,泰金寶-DR,117,16,101,中國信託-忠孝,2024-07-15,6162
3481,群創,176,79,97,中國信託-忠孝,2024-07-15,6162
3535,晶彩科,134,42,92,中國信託-忠孝,2024-07-15,6162
2867,三商壽,91,15,76,中國信託-忠孝,2024-07-15,6162
0056,元大高股息,84,8,76,中國信託-忠孝,2024-07-15,6162
00665L,富邦�琤肭磪囓�2,74,0,74,中國信託-忠孝,2024-07-15,6162
8105,凌巨,74,4,70,中國信託-忠孝,2024-07-15,6162
2356,英業達,156,89,67,中國信託-忠孝,2024-07-15,6162
00687B,國泰20年美債,73,16,57,中國信託-忠孝,2024-07-15,6162
2834,臺企銀,54,2,52,中國信託-忠孝,2024-07-15,6162
00725B,國泰投資級公司債,52,4,48,中國信託-忠孝,2024-07-15,6162
5309,系統電,51,7,44,中國信託-忠孝,2024-07-15,6162
6005,群益證,44,0,44,中國信託-忠孝,2024-07-15,6162
5530,龍巖,43,0,43,中國信託-忠孝,2024-07-15,6162
3056,富華新,56,15,41,中國信託-忠孝,2024-07-15,6162
1608,華榮,137,98,39,中國信託-忠孝,2024-07-15,6162
00937B,群益ESG投等債20,167,130,37,中國信託-忠孝,2024-07-15,6162
6026,福邦證,37,0,37,中國信託-忠孝,2024-07-15,6162
8021,尖點,39,2,37,中國信託-忠孝,2024-07-15,6162
00688L,國泰20年美債正2,36,0,36,中國信託-忠孝,2024-07-15,6162
5439,高技,40,5,35,中國信託-忠孝,2024-07-15,6162
4966,譜瑞-KY,35,1,34,中國信託-忠孝,2024-07-15,6162
00720B,元大投資級公司債,33,0,33,中國信託-忠孝,2024-07-15,6162
2498,宏達電,42,10,32,中國信託-忠孝,2024-07-15,6162
6264,富裔,32,0,32,中國信託-忠孝,2024-07-15,6162
1314,中石化,34,4,30,中國信託-忠孝,2024-07-15,6162
2801,彰銀,30,0,30,中國信託-忠孝,2024-07-15,6162
3594,磐儀,29,0,29,中國信託-忠孝,2024-07-15,6162
5202,力新,43,14,29,中國信託-忠孝,2024-07-15,6162
6177,達麗,36,7,29,中國信託-忠孝,2024-07-15,6162
2353,宏��,36,8,28,中國信託-忠孝,2024-07-15,6162
2883,凱基金,33,5,28,中國信託-忠孝,2024-07-15,6162
6188,廣明,27,0,27,中國信託-忠孝,2024-07-15,6162
3188,鑫龍騰,26,0,26,中國信託-忠孝,2024-07-15,6162
2889,國票金,26,1,25,中國信託-忠孝,2024-07-15,6162
1727,中華化,30,6,24,中國信託-忠孝,2024-07-15,6162
00713,元大台灣高息低波,24,0,24,中國信託-忠孝,2024-07-15,6162
2489,瑞軒,233,209,24,中國信託-忠孝,2024-07-15,6162
006208,富邦台50,25,2,23,中國信託-忠孝,2024-07-15,6162
2392,正崴,40,18,22,中國信託-忠孝,2024-07-15,6162
00937B,群益ESG投等債20,386,40,346,中國信託-忠孝,2024-07-16,6162
00665L,富邦�琤肭磪囓�2,287,0,287,中國信託-忠孝,2024-07-16,6162
00929,復華台灣科技優息,247,11,236,中國信託-忠孝,2024-07-16,6162
00919,群益台灣精選高息,252,41,211,中國信託-忠孝,2024-07-16,6162
00934,中信成長高股息,179,20,159,中國信託-忠孝,2024-07-16,6162
2867,三商壽,136,12,124,中國信託-忠孝,2024-07-16,6162
2891,中信金,119,12,107,中國信託-忠孝,2024-07-16,6162
0056,元大高股息,95,7,88,中國信託-忠孝,2024-07-16,6162
1608,華榮,116,28,88,中國信託-忠孝,2024-07-16,6162
00753L,中信中國50正2,81,0,81,中國信託-忠孝,2024-07-16,6162
00882,中信中國高股息,79,5,74,中國信託-忠孝,2024-07-16,6162
2317,鴻海,128,63,65,中國信託-忠孝,2024-07-16,6162
2330,台積電,74,17,57,中國信託-忠孝,2024-07-16,6162
3188,鑫龍騰,52,0,52,中國信託-忠孝,2024-07-16,6162
00632R,元大台灣50反1,51,0,51,中國信託-忠孝,2024-07-16,6162
00688L,國泰20年美債正2,51,1,50,中國信託-忠孝,2024-07-16,6162
1417,嘉裕,50,0,50,中國信託-忠孝,2024-07-16,6162
00905,FT臺灣Smart,51,2,49,中國信託-忠孝,2024-07-16,6162
00757,統一FANG+,48,0,48,中國信託-忠孝,2024-07-16,6162
00708L,期元大S＆P黃金正2,47,3,44,中國信託-忠孝,2024-07-16,6162
3363,上詮,42,0,42,中國信託-忠孝,2024-07-16,6162
00923,群益台ESG低碳50,43,1,42,中國信託-忠孝,2024-07-16,6162
2449,京元電子,93,53,40,中國信託-忠孝,2024-07-16,6162
1540,喬福,73,34,39,中國信託-忠孝,2024-07-16,6162
2801,彰銀,39,0,39,中國信託-忠孝,2024-07-16,6162
00878,國泰永續高股息,40,3,37,中國信託-忠孝,2024-07-16,6162
00675L,富邦臺灣加權正2,50,15,35,中國信託-忠孝,2024-07-16,6162
3284,太普高,35,0,35,中國信託-忠孝,2024-07-16,6162
2442,新美齊,50,16,34,中國信託-忠孝,2024-07-16,6162
00720B,元大投資級公司債,35,2,33,中國信託-忠孝,2024-07-16,6162
00725B,國泰投資級公司債,49,16,33,中國信託-忠孝,2024-07-16,6162
2615,萬海,36,5,31,中國信託-忠孝,2024-07-16,6162
3533,嘉澤,30,0,30,中國信託-忠孝,2024-07-16,6162
00795B,中信美國公債20年,30,2,28,中國信託-忠孝,2024-07-16,6162
00772B,中信高評級公司債,30,4,26,中國信託-忠孝,2024-07-16,6162
1785,光洋科,60,34,26,中國信託-忠孝,2024-07-16,6162
2489,瑞軒,321,298,23,中國信託-忠孝,2024-07-16,6162
3673,TPK-KY,31,9,22,中國信託-忠孝,2024-07-16,6162
1313,聯成,22,0,22,中國信託-忠孝,2024-07-16,6162
4958,臻鼎-KY,24,2,22,中國信託-忠孝,2024-07-16,6162
2609,陽明,48,27,21,中國信託-忠孝,2024-07-16,6162
2376,技嘉,23,2,21,中國信託-忠孝,2024-07-16,6162
4105,東洋,20,0,20,中國信託-忠孝,2024-07-16,6162
3624,光頡,30,10,20,中國信託-忠孝,2024-07-16,6162
00680L,元大美債20正2,20,0,20,中國信託-忠孝,2024-07-16,6162
4956,光鋐,30,10,20,中國信託-忠孝,2024-07-16,6162
00830,國泰費城半導體,19,0,19,中國信託-忠孝,2024-07-16,6162
2610,華航,45,27,18,中國信託-忠孝,2024-07-16,6162
2492,華新科,25,7,18,中國信託-忠孝,2024-07-16,6162
1536,和大,21,3,18,中國信託-忠孝,2024-07-16,6162
00937B,群益ESG投等債20,711,45,666,中國信託-忠孝,2024-07-17,6162
00680L,元大美債20正2,515,43,472,中國信託-忠孝,2024-07-17,6162
00929,復華台灣科技優息,407,51,356,中國信託-忠孝,2024-07-17,6162
00919,群益台灣精選高息,206,41,165,中國信託-忠孝,2024-07-17,6162
1314,中石化,161,1,160,中國信託-忠孝,2024-07-17,6162
4966,譜瑞-KY,129,4,125,中國信託-忠孝,2024-07-17,6162
2211,長榮鋼,118,0,118,中國信託-忠孝,2024-07-17,6162
2537,聯上發,168,61,107,中國信託-忠孝,2024-07-17,6162
2489,瑞軒,138,54,84,中國信託-忠孝,2024-07-17,6162
4958,臻鼎-KY,97,27,70,中國信託-忠孝,2024-07-17,6162
2330,台積電,72,13,59,中國信託-忠孝,2024-07-17,6162
00753L,中信中國50正2,52,0,52,中國信託-忠孝,2024-07-17,6162
3437,榮創,93,41,52,中國信託-忠孝,2024-07-17,6162
1727,中華化,54,3,51,中國信託-忠孝,2024-07-17,6162
0056,元大高股息,52,7,45,中國信託-忠孝,2024-07-17,6162
1220,台榮,42,0,42,中國信託-忠孝,2024-07-17,6162
00675L,富邦臺灣加權正2,41,0,41,中國信託-忠孝,2024-07-17,6162
3056,富華新,39,0,39,中國信託-忠孝,2024-07-17,6162
1609,大亞,120,82,38,中國信託-忠孝,2024-07-17,6162
00936,台新永續高息中小,39,3,36,中國信託-忠孝,2024-07-17,6162
4906,正文,75,41,34,中國信託-忠孝,2024-07-17,6162
4977,眾達-KY,43,10,33,中國信託-忠孝,2024-07-17,6162
1301,台塑,38,6,32,中國信託-忠孝,2024-07-17,6162
3188,鑫龍騰,42,10,32,中國信託-忠孝,2024-07-17,6162
00687B,國泰20年美債,98,67,31,中國信託-忠孝,2024-07-17,6162
00688L,國泰20年美債正2,30,0,30,中國信託-忠孝,2024-07-17,6162
2348,海悅,42,13,29,中國信託-忠孝,2024-07-17,6162
00878,國泰永續高股息,55,27,28,中國信託-忠孝,2024-07-17,6162
1101,台泥,33,5,28,中國信託-忠孝,2024-07-17,6162
00946,群益科技高息成長,27,0,27,中國信託-忠孝,2024-07-17,6162
00905,FT臺灣Smart,27,0,27,中國信託-忠孝,2024-07-17,6162
9105,泰金寶-DR,37,10,27,中國信託-忠孝,2024-07-17,6162
3062,建漢,29,3,26,中國信託-忠孝,2024-07-17,6162
3037,欣興,263,237,26,中國信託-忠孝,2024-07-17,6162
8936,國統,47,22,25,中國信託-忠孝,2024-07-17,6162
2882,國泰金,48,23,25,中國信託-忠孝,2024-07-17,6162
1903,士紙,25,0,25,中國信託-忠孝,2024-07-17,6162
2528,皇普,26,1,25,中國信託-忠孝,2024-07-17,6162
1409,新纖,50,25,25,中國信託-忠孝,2024-07-17,6162
2801,彰銀,24,0,24,中國信託-忠孝,2024-07-17,6162
2317,鴻海,69,45,24,中國信託-忠孝,2024-07-17,6162
6695,芯鼎,102,80,22,中國信託-忠孝,2024-07-17,6162
2897,王道銀行,22,0,22,中國信託-忠孝,2024-07-17,6162
2845,遠東銀,22,0,22,中國信託-忠孝,2024-07-17,6162
2421,建準,22,0,22,中國信託-忠孝,2024-07-17,6162
00934,中信成長高股息,28,6,22,中國信託-忠孝,2024-07-17,6162
00933B,國泰10Y+金融債,25,3,22,中國信託-忠孝,2024-07-17,6162
00947,台新臺灣IC設計,21,0,21,中國信託-忠孝,2024-07-17,6162
3231,緯創,44,23,21,中國信託-忠孝,2024-07-17,6162
6770,力積電,22,1,21,中國信託-忠孝,2024-07-17,6162
00919,群益台灣精選高息,281,45,236,中國信託-忠孝,2024-07-18,6162
2353,宏��,206,10,196,中國信託-忠孝,2024-07-18,6162
00929,復華台灣科技優息,408,222,186,中國信託-忠孝,2024-07-18,6162
00632R,元大台灣50反1,345,161,184,中國信託-忠孝,2024-07-18,6162
00680L,元大美債20正2,197,14,183,中國信託-忠孝,2024-07-18,6162
4966,譜瑞-KY,165,3,162,中國信託-忠孝,2024-07-18,6162
00934,中信成長高股息,142,1,141,中國信託-忠孝,2024-07-18,6162
2838,聯邦銀,145,5,140,中國信託-忠孝,2024-07-18,6162
00878,國泰永續高股息,131,6,125,中國信託-忠孝,2024-07-18,6162
1326,台化,126,6,120,中國信託-忠孝,2024-07-18,6162
1301,台塑,122,11,111,中國信託-忠孝,2024-07-18,6162
2610,華航,115,12,103,中國信託-忠孝,2024-07-18,6162
2867,三商壽,123,20,103,中國信託-忠孝,2024-07-18,6162
0056,元大高股息,79,5,74,中國信託-忠孝,2024-07-18,6162
00687B,國泰20年美債,105,31,74,中國信託-忠孝,2024-07-18,6162
2330,台積電,107,39,68,中國信託-忠孝,2024-07-18,6162
1308,亞聚,73,6,67,中國信託-忠孝,2024-07-18,6162
2317,鴻海,178,117,61,中國信託-忠孝,2024-07-18,6162
006208,富邦台50,64,9,55,中國信託-忠孝,2024-07-18,6162
4909,新復興,144,90,54,中國信託-忠孝,2024-07-18,6162
00927,群益半導體收益,58,5,53,中國信託-忠孝,2024-07-18,6162
6770,力積電,56,5,51,中國信託-忠孝,2024-07-18,6162
00947,台新臺灣IC設計,81,32,49,中國信託-忠孝,2024-07-18,6162
3056,富華新,56,8,48,中國信託-忠孝,2024-07-18,6162
3481,群創,156,111,45,中國信託-忠孝,2024-07-18,6162
2356,英業達,77,34,43,中國信託-忠孝,2024-07-18,6162
6142,友勁,44,1,43,中國信託-忠孝,2024-07-18,6162
00891,中信關鍵半導體,43,1,42,中國信託-忠孝,2024-07-18,6162
2382,廣達,46,5,41,中國信託-忠孝,2024-07-18,6162
00713,元大台灣高息低波,40,0,40,中國信託-忠孝,2024-07-18,6162
3189,景碩,57,17,40,中國信託-忠孝,2024-07-18,6162
3188,鑫龍騰,38,0,38,中國信託-忠孝,2024-07-18,6162
1220,台榮,38,0,38,中國信託-忠孝,2024-07-18,6162
00881,國泰台灣5G+,37,0,37,中國信託-忠孝,2024-07-18,6162
2618,長榮航,47,11,36,中國信託-忠孝,2024-07-18,6162
6215,和椿,35,0,35,中國信託-忠孝,2024-07-18,6162
2516,新建,35,0,35,中國信託-忠孝,2024-07-18,6162
00940,元大台灣價值高息,156,121,35,中國信託-忠孝,2024-07-18,6162
00905,FT臺灣Smart,36,3,33,中國信託-忠孝,2024-07-18,6162
00904,新光臺灣半導體30,32,0,32,中國信託-忠孝,2024-07-18,6162
4155,訊映,30,0,30,中國信託-忠孝,2024-07-18,6162
8105,凌巨,114,85,29,中國信託-忠孝,2024-07-18,6162
2489,瑞軒,72,45,27,中國信託-忠孝,2024-07-18,6162
2834,臺企銀,38,11,27,中國信託-忠孝,2024-07-18,6162
00830,國泰費城半導體,36,10,26,中國信託-忠孝,2024-07-18,6162
2363,矽統,36,11,25,中國信託-忠孝,2024-07-18,6162
1303,南亞,38,14,24,中國信託-忠孝,2024-07-18,6162
2449,京元電子,59,35,24,中國信託-忠孝,2024-07-18,6162
2891,中信金,47,23,24,中國信託-忠孝,2024-07-18,6162
0050,元大台灣50,38,14,24,中國信託-忠孝,2024-07-18,6162
00929,復華台灣科技優息,384,47,337,中國信託-忠孝,2024-07-19,6162
3024,憶聲,314,0,314,中國信託-忠孝,2024-07-19,6162
00919,群益台灣精選高息,392,82,310,中國信託-忠孝,2024-07-19,6162
2610,華航,291,14,277,中國信託-忠孝,2024-07-19,6162
4966,譜瑞-KY,251,1,250,中國信託-忠孝,2024-07-19,6162
00937B,群益ESG投等債20,254,34,220,中國信託-忠孝,2024-07-19,6162
00650L,復華香港正2,214,0,214,中國信託-忠孝,2024-07-19,6162
2618,長榮航,497,294,203,中國信託-忠孝,2024-07-19,6162
1417,嘉裕,163,0,163,中國信託-忠孝,2024-07-19,6162
00940,元大台灣價值高息,243,104,139,中國信託-忠孝,2024-07-19,6162
00665L,富邦�琤肭磪囓�2,124,0,124,中國信託-忠孝,2024-07-19,6162
2891,中信金,222,104,118,中國信託-忠孝,2024-07-19,6162
5880,合庫金,105,1,104,中國信託-忠孝,2024-07-19,6162
1220,台榮,100,0,100,中國信託-忠孝,2024-07-19,6162
2324,仁寶,104,12,92,中國信託-忠孝,2024-07-19,6162
00947,台新臺灣IC設計,90,0,90,中國信託-忠孝,2024-07-19,6162
00753L,中信中國50正2,88,0,88,中國信託-忠孝,2024-07-19,6162
6206,飛捷,95,8,87,中國信託-忠孝,2024-07-19,6162
3188,鑫龍騰,86,0,86,中國信託-忠孝,2024-07-19,6162
5230,雷笛克光學,80,2,78,中國信託-忠孝,2024-07-19,6162
1784,訊聯,87,12,75,中國信託-忠孝,2024-07-19,6162
00680L,元大美債20正2,114,42,72,中國信託-忠孝,2024-07-19,6162
0056,元大高股息,101,29,72,中國信託-忠孝,2024-07-19,6162
3518,柏騰,75,7,68,中國信託-忠孝,2024-07-19,6162
4160,訊聯基因,80,13,67,中國信託-忠孝,2024-07-19,6162
2887,台新金,84,27,57,中國信託-忠孝,2024-07-19,6162
4974,亞泰,51,0,51,中國信託-忠孝,2024-07-19,6162
2520,冠德,86,37,49,中國信託-忠孝,2024-07-19,6162
00878,國泰永續高股息,142,94,48,中國信託-忠孝,2024-07-19,6162
2211,長榮鋼,49,1,48,中國信託-忠孝,2024-07-19,6162
00922,國泰台灣領袖50,47,0,47,中國信託-忠孝,2024-07-19,6162
5309,系統電,69,25,44,中國信託-忠孝,2024-07-19,6162
2376,技嘉,48,4,44,中國信託-忠孝,2024-07-19,6162
00936,台新永續高息中小,44,0,44,中國信託-忠孝,2024-07-19,6162
4128,中天,48,6,42,中國信託-忠孝,2024-07-19,6162
2534,宏盛,51,9,42,中國信託-忠孝,2024-07-19,6162
2867,三商壽,82,41,41,中國信託-忠孝,2024-07-19,6162
2812,台中銀,56,16,40,中國信託-忠孝,2024-07-19,6162
00945B,凱基美國非投等債,40,0,40,中國信託-忠孝,2024-07-19,6162
00631L,元大台灣50正2,40,0,40,中國信託-忠孝,2024-07-19,6162
00946,群益科技高息成長,41,1,40,中國信託-忠孝,2024-07-19,6162
2442,新美齊,50,12,38,中國信託-忠孝,2024-07-19,6162
3481,群創,66,30,36,中國信託-忠孝,2024-07-19,6162
2515,中工,36,0,36,中國信託-忠孝,2024-07-19,6162
5202,力新,36,0,36,中國信託-忠孝,2024-07-19,6162
00933B,國泰10Y+金融債,35,0,35,中國信託-忠孝,2024-07-19,6162
6695,芯鼎,53,18,35,中國信託-忠孝,2024-07-19,6162
4303,信立,47,12,35,中國信託-忠孝,2024-07-19,6162
2337,旺宏,33,0,33,中國信託-忠孝,2024-07-19,6162
00892,富邦台灣半導體,32,0,32,中國信託-忠孝,2024-07-19,6162
00937B,群益ESG投等債20,978,132,846,中國信託-忠孝,2024-07-22,6162
00632R,元大台灣50反1,687,130,557,中國信託-忠孝,2024-07-22,6162
00929,復華台灣科技優息,920,509,411,中國信託-忠孝,2024-07-22,6162
00934,中信成長高股息,389,32,357,中國信託-忠孝,2024-07-22,6162
00919,群益台灣精選高息,480,152,328,中國信託-忠孝,2024-07-22,6162
00680L,元大美債20正2,216,13,203,中國信託-忠孝,2024-07-22,6162
00940,元大台灣價值高息,325,162,163,中國信託-忠孝,2024-07-22,6162
5512,力麒,304,155,149,中國信託-忠孝,2024-07-22,6162
0056,元大高股息,155,29,126,中國信託-忠孝,2024-07-22,6162
2838,聯邦銀,134,33,101,中國信託-忠孝,2024-07-22,6162
4966,譜瑞-KY,102,4,98,中國信託-忠孝,2024-07-22,6162
00946,群益科技高息成長,100,16,84,中國信託-忠孝,2024-07-22,6162
00687B,國泰20年美債,86,11,75,中國信託-忠孝,2024-07-22,6162
6505,台塑化,77,2,75,中國信託-忠孝,2024-07-22,6162
3056,富華新,67,0,67,中國信託-忠孝,2024-07-22,6162
2317,鴻海,202,137,65,中國信託-忠孝,2024-07-22,6162
2330,台積電,128,65,63,中國信託-忠孝,2024-07-22,6162
00631L,元大台灣50正2,58,8,50,中國信託-忠孝,2024-07-22,6162
1314,中石化,91,45,46,中國信託-忠孝,2024-07-22,6162
00927,群益半導體收益,52,7,45,中國信託-忠孝,2024-07-22,6162
6806,森崴能源,120,76,44,中國信託-忠孝,2024-07-22,6162
00881,國泰台灣5G+,52,9,43,中國信託-忠孝,2024-07-22,6162
2888,新光金,74,32,42,中國信託-忠孝,2024-07-22,6162
2211,長榮鋼,42,0,42,中國信託-忠孝,2024-07-22,6162
3188,鑫龍騰,42,1,41,中國信託-忠孝,2024-07-22,6162
6244,茂迪,40,0,40,中國信託-忠孝,2024-07-22,6162
006208,富邦台50,63,23,40,中國信託-忠孝,2024-07-22,6162
00720B,元大投資級公司債,44,7,37,中國信託-忠孝,2024-07-22,6162
1417,嘉裕,37,0,37,中國信託-忠孝,2024-07-22,6162
00947,台新臺灣IC設計,59,22,37,中國信託-忠孝,2024-07-22,6162
6116,彩晶,36,0,36,中國信託-忠孝,2024-07-22,6162
8064,東捷,52,16,36,中國信託-忠孝,2024-07-22,6162
2401,凌陽,45,11,34,中國信託-忠孝,2024-07-22,6162
2867,三商壽,37,5,32,中國信託-忠孝,2024-07-22,6162
3376,新日興,31,0,31,中國信託-忠孝,2024-07-22,6162
3483,力致,38,7,31,中國信託-忠孝,2024-07-22,6162
00713,元大台灣高息低波,33,3,30,中國信託-忠孝,2024-07-22,6162
2062,橋椿,30,0,30,中國信託-忠孝,2024-07-22,6162
2441,超豐,30,0,30,中國信託-忠孝,2024-07-22,6162
2812,台中銀,36,8,28,中國信託-忠孝,2024-07-22,6162
2520,冠德,52,24,28,中國信託-忠孝,2024-07-22,6162
00905,FT臺灣Smart,25,0,25,中國信託-忠孝,2024-07-22,6162
2025,千興,25,0,25,中國信託-忠孝,2024-07-22,6162
1609,大亞,43,19,24,中國信託-忠孝,2024-07-22,6162
00933B,國泰10Y+金融債,73,49,24,中國信託-忠孝,2024-07-22,6162
2618,長榮航,60,37,23,中國信託-忠孝,2024-07-22,6162
2303,聯電,43,22,21,中國信託-忠孝,2024-07-22,6162
00688L,國泰20年美債正2,21,0,21,中國信託-忠孝,2024-07-22,6162
2524,京城,20,0,20,中國信託-忠孝,2024-07-22,6162
6589,台康生技,20,0,20,中國信託-忠孝,2024-07-22,6162
00929,復華台灣科技優息,297,60,237,中國信託-忠孝,2024-07-23,6162
00919,群益台灣精選高息,271,36,235,中國信託-忠孝,2024-07-23,6162
3056,富華新,193,2,191,中國信託-忠孝,2024-07-23,6162
3522,御嵿,128,18,110,中國信託-忠孝,2024-07-23,6162
4526,東台,106,4,102,中國信託-忠孝,2024-07-23,6162
00946,群益科技高息成長,97,0,97,中國信託-忠孝,2024-07-23,6162
8927,北基,88,0,88,中國信託-忠孝,2024-07-23,6162
00940,元大台灣價值高息,138,55,83,中國信託-忠孝,2024-07-23,6162
2884,玉山金,82,4,78,中國信託-忠孝,2024-07-23,6162
00947,台新臺灣IC設計,70,0,70,中國信託-忠孝,2024-07-23,6162
00881,國泰台灣5G+,79,10,69,中國信託-忠孝,2024-07-23,6162
00680L,元大美債20正2,57,0,57,中國信託-忠孝,2024-07-23,6162
00937B,群益ESG投等債20,114,60,54,中國信託-忠孝,2024-07-23,6162
4123,晟德,54,0,54,中國信託-忠孝,2024-07-23,6162
00725B,國泰投資級公司債,52,0,52,中國信託-忠孝,2024-07-23,6162
00933B,國泰10Y+金融債,55,3,52,中國信託-忠孝,2024-07-23,6162
3481,群創,84,35,49,中國信託-忠孝,2024-07-23,6162
00927,群益半導體收益,50,2,48,中國信託-忠孝,2024-07-23,6162
0056,元大高股息,74,28,46,中國信託-忠孝,2024-07-23,6162
2887,台新金,49,3,46,中國信託-忠孝,2024-07-23,6162
5514,三豐,45,0,45,中國信託-忠孝,2024-07-23,6162
00878,國泰永續高股息,79,35,44,中國信託-忠孝,2024-07-23,6162
2312,金寶,43,0,43,中國信託-忠孝,2024-07-23,6162
2438,翔耀,44,2,42,中國信託-忠孝,2024-07-23,6162
3580,友威科,83,42,41,中國信託-忠孝,2024-07-23,6162
00949,復華日本龍頭,35,0,35,中國信託-忠孝,2024-07-23,6162
3167,大量,36,1,35,中國信託-忠孝,2024-07-23,6162
00905,FT臺灣Smart,35,0,35,中國信託-忠孝,2024-07-23,6162
1609,大亞,36,5,31,中國信託-忠孝,2024-07-23,6162
2881,富邦金,31,0,31,中國信託-忠孝,2024-07-23,6162
3576,聯合再生,31,0,31,中國信託-忠孝,2024-07-23,6162
2449,京元電子,41,13,28,中國信託-忠孝,2024-07-23,6162
00787B,元大10年IG醫療債,28,0,28,中國信託-忠孝,2024-07-23,6162
00904,新光臺灣半導體30,30,2,28,中國信託-忠孝,2024-07-23,6162
3663,鑫科,68,42,26,中國信託-忠孝,2024-07-23,6162
1582,信錦,27,1,26,中國信託-忠孝,2024-07-23,6162
2618,長榮航,57,32,25,中國信託-忠孝,2024-07-23,6162
00632R,元大台灣50反1,155,130,25,中國信託-忠孝,2024-07-23,6162
00795B,中信美國公債20年,25,0,25,中國信託-忠孝,2024-07-23,6162
00945B,凱基美國非投等債,24,0,24,中國信託-忠孝,2024-07-23,6162
2489,瑞軒,102,78,24,中國信託-忠孝,2024-07-23,6162
00720B,元大投資級公司債,24,0,24,中國信託-忠孝,2024-07-23,6162
2409,友達,26,3,23,中國信託-忠孝,2024-07-23,6162
00751B,元大AAA至A公司債,24,2,22,中國信託-忠孝,2024-07-23,6162
2387,精元,20,0,20,中國信託-忠孝,2024-07-23,6162
2062,橋椿,20,0,20,中國信託-忠孝,2024-07-23,6162
00687B,國泰20年美債,36,17,19,中國信託-忠孝,2024-07-23,6162
6869,雲豹能源,21,3,18,中國信託-忠孝,2024-07-23,6162
2211,長榮鋼,18,0,18,中國信託-忠孝,2024-07-23,6162
00936,台新永續高息中小,18,0,18,中國信託-忠孝,2024-07-23,6162
00929,復華台灣科技優息,396,109,287,中國信託-忠孝,2024-07-26,6162
00919,群益台灣精選高息,301,20,281,中國信託-忠孝,2024-07-26,6162
00706L,期元大S＆P日圓正2,274,2,272,中國信託-忠孝,2024-07-26,6162
00937B,群益ESG投等債20,369,148,221,中國信託-忠孝,2024-07-26,6162
00637L,元大滬深300正2,223,5,218,中國信託-忠孝,2024-07-26,6162
9945,潤泰新,273,72,201,中國信託-忠孝,2024-07-26,6162
00878,國泰永續高股息,215,52,163,中國信託-忠孝,2024-07-26,6162
0056,元大高股息,153,21,132,中國信託-忠孝,2024-07-26,6162
2884,玉山金,121,6,115,中國信託-忠孝,2024-07-26,6162
00772B,中信高評級公司債,111,0,111,中國信託-忠孝,2024-07-26,6162
00720B,元大投資級公司債,105,0,105,中國信託-忠孝,2024-07-26,6162
00773B,中信優先金融債,100,0,100,中國信託-忠孝,2024-07-26,6162
3211,順達,98,8,90,中國信託-忠孝,2024-07-26,6162
2330,台積電,143,58,85,中國信託-忠孝,2024-07-26,6162
4966,譜瑞-KY,80,0,80,中國信託-忠孝,2024-07-26,6162
0050,元大台灣50,135,55,80,中國信託-忠孝,2024-07-26,6162
00679B,元大美債20年,90,11,79,中國信託-忠孝,2024-07-26,6162
006208,富邦台50,74,8,66,中國信託-忠孝,2024-07-26,6162
8201,無敵,66,0,66,中國信託-忠孝,2024-07-26,6162
00757,統一FANG+,65,0,65,中國信託-忠孝,2024-07-26,6162
2891,中信金,69,5,64,中國信託-忠孝,2024-07-26,6162
00631L,元大台灣50正2,66,3,63,中國信託-忠孝,2024-07-26,6162
00934,中信成長高股息,76,15,61,中國信託-忠孝,2024-07-26,6162
4526,東台,60,0,60,中國信託-忠孝,2024-07-26,6162
2349,錸德,69,10,59,中國信託-忠孝,2024-07-26,6162
4956,光鋐,57,0,57,中國信託-忠孝,2024-07-26,6162
2356,英業達,71,15,56,中國信託-忠孝,2024-07-26,6162
5371,中光電,60,5,55,中國信託-忠孝,2024-07-26,6162
2915,潤泰全,61,7,54,中國信託-忠孝,2024-07-26,6162
2317,鴻海,112,60,52,中國信託-忠孝,2024-07-26,6162
2449,京元電子,66,16,50,中國信託-忠孝,2024-07-26,6162
00713,元大台灣高息低波,55,7,48,中國信託-忠孝,2024-07-26,6162
2887,台新金,56,10,46,中國信託-忠孝,2024-07-26,6162
1449,佳和,47,2,45,中國信託-忠孝,2024-07-26,6162
3711,日月光投控,47,2,45,中國信託-忠孝,2024-07-26,6162
00795B,中信美國公債20年,49,6,43,中國信託-忠孝,2024-07-26,6162
3056,富華新,43,1,42,中國信託-忠孝,2024-07-26,6162
00725B,國泰投資級公司債,41,0,41,中國信託-忠孝,2024-07-26,6162
3689,湧德,44,5,39,中國信託-忠孝,2024-07-26,6162
00687B,國泰20年美債,43,6,37,中國信託-忠孝,2024-07-26,6162
00905,FT臺灣Smart,37,0,37,中國信託-忠孝,2024-07-26,6162
3231,緯創,43,6,37,中國信託-忠孝,2024-07-26,6162
4743,合一,42,6,36,中國信託-忠孝,2024-07-26,6162
2101,南港,36,0,36,中國信託-忠孝,2024-07-26,6162
2515,中工,39,4,35,中國信託-忠孝,2024-07-26,6162
2542,興富發,42,8,34,中國信託-忠孝,2024-07-26,6162
00665L,富邦�琤肭磪囓�2,34,0,34,中國信託-忠孝,2024-07-26,6162
2399,映泰,32,0,32,中國信託-忠孝,2024-07-26,6162
00918,大華優利高填息30,32,0,32,中國信託-忠孝,2024-07-26,6162
00949,復華日本龍頭,31,0,31,中國信託-忠孝,2024-07-26,6162
3211,順達,429,13,416,中國信託-忠孝,2024-07-29,6162
00929,復華台灣科技優息,437,79,358,中國信託-忠孝,2024-07-29,6162
00680L,元大美債20正2,254,9,245,中國信託-忠孝,2024-07-29,6162
00919,群益台灣精選高息,225,13,212,中國信託-忠孝,2024-07-29,6162
2888,新光金,210,4,206,中國信託-忠孝,2024-07-29,6162
3481,群創,172,46,126,中國信託-忠孝,2024-07-29,6162
5514,三豐,121,0,121,中國信託-忠孝,2024-07-29,6162
00940,元大台灣價值高息,117,5,112,中國信託-忠孝,2024-07-29,6162
00878,國泰永續高股息,137,30,107,中國信託-忠孝,2024-07-29,6162
9907,統一實,100,0,100,中國信託-忠孝,2024-07-29,6162
00937B,群益ESG投等債20,135,43,92,中國信託-忠孝,2024-07-29,6162
2412,中華電,82,2,80,中國信託-忠孝,2024-07-29,6162
00948B,中信優息投資級債,80,4,76,中國信託-忠孝,2024-07-29,6162
0056,元大高股息,94,21,73,中國信託-忠孝,2024-07-29,6162
9945,潤泰新,87,15,72,中國信託-忠孝,2024-07-29,6162
00934,中信成長高股息,71,8,63,中國信託-忠孝,2024-07-29,6162
2515,中工,69,14,55,中國信託-忠孝,2024-07-29,6162
3231,緯創,129,76,53,中國信託-忠孝,2024-07-29,6162
00713,元大台灣高息低波,48,0,48,中國信託-忠孝,2024-07-29,6162
3363,上詮,47,1,46,中國信託-忠孝,2024-07-29,6162
2884,玉山金,40,1,39,中國信託-忠孝,2024-07-29,6162
8927,北基,38,0,38,中國信託-忠孝,2024-07-29,6162
2331,精英,38,1,37,中國信託-忠孝,2024-07-29,6162
2344,華邦電,35,2,33,中國信託-忠孝,2024-07-29,6162
1313,聯成,35,2,33,中國信託-忠孝,2024-07-29,6162
00751B,元大AAA至A公司債,32,0,32,中國信託-忠孝,2024-07-29,6162
4526,東台,34,2,32,中國信託-忠孝,2024-07-29,6162
6187,萬潤,34,3,31,中國信託-忠孝,2024-07-29,6162
9927,泰銘,31,0,31,中國信託-忠孝,2024-07-29,6162
2356,英業達,39,8,31,中國信託-忠孝,2024-07-29,6162
3006,晶豪科,38,7,31,中國信託-忠孝,2024-07-29,6162
00946,群益科技高息成長,32,2,30,中國信託-忠孝,2024-07-29,6162
2887,台新金,46,17,29,中國信託-忠孝,2024-07-29,6162
00712,復華富時不動產,34,6,28,中國信託-忠孝,2024-07-29,6162
3167,大量,32,5,27,中國信託-忠孝,2024-07-29,6162
00949,復華日本龍頭,27,1,26,中國信託-忠孝,2024-07-29,6162
00679B,元大美債20年,35,10,25,中國信託-忠孝,2024-07-29,6162
5512,力麒,26,3,23,中國信託-忠孝,2024-07-29,6162
2867,三商壽,22,0,22,中國信託-忠孝,2024-07-29,6162
6957,裕慶-KY,22,0,22,中國信託-忠孝,2024-07-29,6162
00772B,中信高評級公司債,22,0,22,中國信託-忠孝,2024-07-29,6162
8440,綠電,24,3,21,中國信託-忠孝,2024-07-29,6162
3708,上緯投控,20,0,20,中國信託-忠孝,2024-07-29,6162
00902,中信電池及儲能,20,0,20,中國信託-忠孝,2024-07-29,6162
9902,台火,20,0,20,中國信託-忠孝,2024-07-29,6162
2612,中航,19,0,19,中國信託-忠孝,2024-07-29,6162
00915,凱基優選高股息30,23,4,19,中國信託-忠孝,2024-07-29,6162
00939,統一台灣高息動能,19,1,18,中國信託-忠孝,2024-07-29,6162
00719B,元大美債1-3,18,0,18,中國信託-忠孝,2024-07-29,6162
3004,豐達科,18,0,18,中國信託-忠孝,2024-07-29,6162
00929,復華台灣科技優息,440,135,305,中國信託-忠孝,2024-07-30,6162
00937B,群益ESG投等債20,283,2,281,中國信託-忠孝,2024-07-30,6162
00680L,元大美債20正2,190,0,190,中國信託-忠孝,2024-07-30,6162
00650L,復華香港正2,189,6,183,中國信託-忠孝,2024-07-30,6162
00878,國泰永續高股息,148,12,136,中國信託-忠孝,2024-07-30,6162
00679B,元大美債20年,123,5,118,中國信託-忠孝,2024-07-30,6162
00919,群益台灣精選高息,137,24,113,中國信託-忠孝,2024-07-30,6162
2891,中信金,148,35,113,中國信託-忠孝,2024-07-30,6162
00933B,國泰10Y+金融債,110,0,110,中國信託-忠孝,2024-07-30,6162
00724B,群益投資級金融債,102,0,102,中國信託-忠孝,2024-07-30,6162
00665L,富邦�琤肭磪囓�2,99,0,99,中國信託-忠孝,2024-07-30,6162
3056,富華新,95,2,93,中國信託-忠孝,2024-07-30,6162
00946,群益科技高息成長,69,0,69,中國信託-忠孝,2024-07-30,6162
4526,東台,72,15,57,中國信託-忠孝,2024-07-30,6162
4976,佳凌,55,1,54,中國信託-忠孝,2024-07-30,6162
00927,群益半導體收益,55,1,54,中國信託-忠孝,2024-07-30,6162
4414,如興,50,0,50,中國信託-忠孝,2024-07-30,6162
00637L,元大滬深300正2,48,0,48,中國信託-忠孝,2024-07-30,6162
2104,國際中橡,46,0,46,中國信託-忠孝,2024-07-30,6162
2349,錸德,296,255,41,中國信託-忠孝,2024-07-30,6162
2836,高雄銀,40,0,40,中國信託-忠孝,2024-07-30,6162
4510,高鋒,40,0,40,中國信託-忠孝,2024-07-30,6162
2303,聯電,55,17,38,中國信託-忠孝,2024-07-30,6162
2801,彰銀,37,0,37,中國信託-忠孝,2024-07-30,6162
2884,玉山金,53,16,37,中國信託-忠孝,2024-07-30,6162
00939,統一台灣高息動能,36,0,36,中國信託-忠孝,2024-07-30,6162
2542,興富發,36,0,36,中國信託-忠孝,2024-07-30,6162
3189,景碩,55,21,34,中國信託-忠孝,2024-07-30,6162
00712,復華富時不動產,35,2,33,中國信託-忠孝,2024-07-30,6162
3231,緯創,169,136,33,中國信託-忠孝,2024-07-30,6162
6213,聯茂,46,14,32,中國信託-忠孝,2024-07-30,6162
6190,萬泰科,32,0,32,中國信託-忠孝,2024-07-30,6162
2520,冠德,59,27,32,中國信託-忠孝,2024-07-30,6162
1417,嘉裕,31,0,31,中國信託-忠孝,2024-07-30,6162
00688L,國泰20年美債正2,30,0,30,中國信託-忠孝,2024-07-30,6162
2838,聯邦銀,30,0,30,中國信託-忠孝,2024-07-30,6162
00940,元大台灣價值高息,235,206,29,中國信託-忠孝,2024-07-30,6162
2348,海悅,34,5,29,中國信託-忠孝,2024-07-30,6162
2353,宏��,44,15,29,中國信託-忠孝,2024-07-30,6162
1513,中興電,42,14,28,中國信託-忠孝,2024-07-30,6162
00687B,國泰20年美債,46,18,28,中國信託-忠孝,2024-07-30,6162
1313,聯成,28,0,28,中國信託-忠孝,2024-07-30,6162
00881,國泰台灣5G+,28,0,28,中國信託-忠孝,2024-07-30,6162
00936,台新永續高息中小,33,5,28,中國信託-忠孝,2024-07-30,6162
2905,三商,26,0,26,中國信託-忠孝,2024-07-30,6162
3522,御嵿,27,1,26,中國信託-忠孝,2024-07-30,6162
2441,超豐,25,0,25,中國信託-忠孝,2024-07-30,6162
00891,中信關鍵半導體,25,0,25,中國信託-忠孝,2024-07-30,6162
6869,雲豹能源,47,23,24,中國信託-忠孝,2024-07-30,6162
00915,凱基優選高股息30,32,8,24,中國信託-忠孝,2024-07-30,6162
00632R,元大台灣50反1,875,50,825,中國信託-忠孝,2024-07-31,6162
00680L,元大美債20正2,241,2,239,中國信託-忠孝,2024-07-31,6162
00937B,群益ESG投等債20,293,57,236,中國信託-忠孝,2024-07-31,6162
4526,東台,142,3,139,中國信託-忠孝,2024-07-31,6162
00929,復華台灣科技優息,207,78,129,中國信託-忠孝,2024-07-31,6162
00679B,元大美債20年,143,19,124,中國信託-忠孝,2024-07-31,6162
3211,順達,146,29,117,中國信託-忠孝,2024-07-31,6162
00948B,中信優息投資級債,115,0,115,中國信託-忠孝,2024-07-31,6162
4402,郡都開發,80,1,79,中國信託-忠孝,2024-07-31,6162
3481,群創,218,142,76,中國信託-忠孝,2024-07-31,6162
3056,富華新,127,52,75,中國信託-忠孝,2024-07-31,6162
3518,柏騰,69,8,61,中國信託-忠孝,2024-07-31,6162
8927,北基,60,0,60,中國信託-忠孝,2024-07-31,6162
5469,瀚宇博,51,2,49,中國信託-忠孝,2024-07-31,6162
00927,群益半導體收益,57,10,47,中國信託-忠孝,2024-07-31,6162
00878,國泰永續高股息,76,30,46,中國信託-忠孝,2024-07-31,6162
2353,宏��,45,3,42,中國信託-忠孝,2024-07-31,6162
2867,三商壽,44,2,42,中國信託-忠孝,2024-07-31,6162
2442,新美齊,64,22,42,中國信託-忠孝,2024-07-31,6162
2845,遠東銀,35,0,35,中國信託-忠孝,2024-07-31,6162
00830,國泰費城半導體,34,0,34,中國信託-忠孝,2024-07-31,6162
00919,群益台灣精選高息,130,97,33,中國信託-忠孝,2024-07-31,6162
3024,憶聲,36,3,33,中國信託-忠孝,2024-07-31,6162
00934,中信成長高股息,47,15,32,中國信託-忠孝,2024-07-31,6162
5443,均豪,150,119,31,中國信託-忠孝,2024-07-31,6162
2527,宏璟,32,2,30,中國信託-忠孝,2024-07-31,6162
2498,宏達電,30,0,30,中國信託-忠孝,2024-07-31,6162
2317,鴻海,58,29,29,中國信託-忠孝,2024-07-31,6162
1582,信錦,29,0,29,中國信託-忠孝,2024-07-31,6162
6239,力成,45,17,28,中國信託-忠孝,2024-07-31,6162
2615,萬海,35,7,28,中國信託-忠孝,2024-07-31,6162
3576,聯合再生,30,2,28,中國信託-忠孝,2024-07-31,6162
00936,台新永續高息中小,28,0,28,中國信託-忠孝,2024-07-31,6162
3711,日月光投控,30,3,27,中國信託-忠孝,2024-07-31,6162
3167,大量,57,30,27,中國信託-忠孝,2024-07-31,6162
3047,訊舟,123,99,24,中國信託-忠孝,2024-07-31,6162
5514,三豐,24,0,24,中國信託-忠孝,2024-07-31,6162
3376,新日興,48,26,22,中國信託-忠孝,2024-07-31,6162
3209,全科,22,0,22,中國信託-忠孝,2024-07-31,6162
1536,和大,22,0,22,中國信託-忠孝,2024-07-31,6162
2884,玉山金,27,6,21,中國信託-忠孝,2024-07-31,6162
2542,興富發,21,0,21,中國信託-忠孝,2024-07-31,6162
3297,杭特,20,0,20,中國信託-忠孝,2024-07-31,6162
00933B,國泰10Y+金融債,20,0,20,中國信託-忠孝,2024-07-31,6162
3227,原相,20,1,19,中國信託-忠孝,2024-07-31,6162
0056,元大高股息,21,3,18,中國信託-忠孝,2024-07-31,6162
00946,群益科技高息成長,24,6,18,中國信託-忠孝,2024-07-31,6162
6869,雲豹能源,39,22,17,中國信託-忠孝,2024-07-31,6162
5364,力麗店,17,0,17,中國信託-忠孝,2024-07-31,6162
2327,國巨,27,10,17,中國信託-忠孝,2024-07-31,6162
00687B,國泰20年美債,498,51,447,中國信託-忠孝,2024-08-01,6162
3056,富華新,407,36,371,中國信託-忠孝,2024-08-01,6162
00878,國泰永續高股息,226,27,199,中國信託-忠孝,2024-08-01,6162
2888,新光金,231,34,197,中國信託-忠孝,2024-08-01,6162
8927,北基,187,0,187,中國信託-忠孝,2024-08-01,6162
00688L,國泰20年美債正2,170,0,170,中國信託-忠孝,2024-08-01,6162
00679B,元大美債20年,195,28,167,中國信託-忠孝,2024-08-01,6162
00632R,元大台灣50反1,156,3,153,中國信託-忠孝,2024-08-01,6162
2308,台達電,151,6,145,中國信託-忠孝,2024-08-01,6162
00937B,群益ESG投等債20,1237,1114,123,中國信託-忠孝,2024-08-01,6162
2349,錸德,193,80,113,中國信託-忠孝,2024-08-01,6162
3686,達能,112,0,112,中國信託-忠孝,2024-08-01,6162
2515,中工,122,15,107,中國信託-忠孝,2024-08-01,6162
00929,復華台灣科技優息,135,41,94,中國信託-忠孝,2024-08-01,6162
5364,力麗店,65,2,63,中國信託-忠孝,2024-08-01,6162
2409,友達,57,0,57,中國信託-忠孝,2024-08-01,6162
8028,昇陽半導體,72,19,53,中國信託-忠孝,2024-08-01,6162
5512,力麒,62,10,52,中國信託-忠孝,2024-08-01,6162
6190,萬泰科,50,0,50,中國信託-忠孝,2024-08-01,6162
3188,鑫龍騰,48,5,43,中國信託-忠孝,2024-08-01,6162
00935,野村臺灣新科技50,42,0,42,中國信託-忠孝,2024-08-01,6162
2542,興富發,43,4,39,中國信託-忠孝,2024-08-01,6162
0056,元大高股息,47,9,38,中國信託-忠孝,2024-08-01,6162
2412,中華電,41,3,38,中國信託-忠孝,2024-08-01,6162
2506,太設,40,5,35,中國信託-忠孝,2024-08-01,6162
00751B,元大AAA至A公司債,34,0,34,中國信託-忠孝,2024-08-01,6162
00927,群益半導體收益,37,5,32,中國信託-忠孝,2024-08-01,6162
00757,統一FANG+,31,0,31,中國信託-忠孝,2024-08-01,6162
3013,晟銘電,33,3,30,中國信託-忠孝,2024-08-01,6162
3374,精材,56,27,29,中國信託-忠孝,2024-08-01,6162
2312,金寶,44,17,27,中國信託-忠孝,2024-08-01,6162
1313,聯成,28,1,27,中國信託-忠孝,2024-08-01,6162
2887,台新金,25,0,25,中國信託-忠孝,2024-08-01,6162
00650L,復華香港正2,25,0,25,中國信託-忠孝,2024-08-01,6162
2891,中信金,54,30,24,中國信託-忠孝,2024-08-01,6162
006208,富邦台50,27,3,24,中國信託-忠孝,2024-08-01,6162
2884,玉山金,24,1,23,中國信託-忠孝,2024-08-01,6162
00946,群益科技高息成長,24,1,23,中國信託-忠孝,2024-08-01,6162
6218,豪勉,22,0,22,中國信託-忠孝,2024-08-01,6162
2323,中環,21,0,21,中國信託-忠孝,2024-08-01,6162
00719B,元大美債1-3,21,0,21,中國信託-忠孝,2024-08-01,6162
2201,裕隆,20,0,20,中國信託-忠孝,2024-08-01,6162
00733,富邦臺灣中小,20,0,20,中國信託-忠孝,2024-08-01,6162
00882,中信中國高股息,22,2,20,中國信託-忠孝,2024-08-01,6162
5292,華懋,20,0,20,中國信託-忠孝,2024-08-01,6162
00676R,富邦臺灣加權反1,20,0,20,中國信託-忠孝,2024-08-01,6162
4526,東台,22,2,20,中國信託-忠孝,2024-08-01,6162
3297,杭特,20,0,20,中國信託-忠孝,2024-08-01,6162
00645,富邦日本,19,0,19,中國信託-忠孝,2024-08-01,6162
5443,均豪,98,79,19,中國信託-忠孝,2024-08-01,6162
00637L,元大滬深300正2,604,2,602,中國信託-忠孝,2024-08-02,6162
00878,國泰永續高股息,384,3,381,中國信託-忠孝,2024-08-02,6162
00929,復華台灣科技優息,576,202,374,中國信託-忠孝,2024-08-02,6162
00937B,群益ESG投等債20,510,161,349,中國信託-忠孝,2024-08-02,6162
2409,友達,356,9,347,中國信託-忠孝,2024-08-02,6162
00919,群益台灣精選高息,372,35,337,中國信託-忠孝,2024-08-02,6162
00940,元大台灣價值高息,319,9,310,中國信託-忠孝,2024-08-02,6162
3056,富華新,466,171,295,中國信託-忠孝,2024-08-02,6162
2317,鴻海,227,26,201,中國信託-忠孝,2024-08-02,6162
1313,聯成,145,10,135,中國信託-忠孝,2024-08-02,6162
00665L,富邦�琤肭磪囓�2,128,1,127,中國信託-忠孝,2024-08-02,6162
2520,冠德,126,4,122,中國信託-忠孝,2024-08-02,6162
00680L,元大美債20正2,283,173,110,中國信託-忠孝,2024-08-02,6162
2542,興富發,171,64,107,中國信託-忠孝,2024-08-02,6162
006208,富邦台50,103,1,102,中國信託-忠孝,2024-08-02,6162
2330,台積電,116,18,98,中國信託-忠孝,2024-08-02,6162
00881,國泰台灣5G+,84,0,84,中國信託-忠孝,2024-08-02,6162
3518,柏騰,96,13,83,中國信託-忠孝,2024-08-02,6162
00949,復華日本龍頭,86,4,82,中國信託-忠孝,2024-08-02,6162
00687B,國泰20年美債,167,89,78,中國信託-忠孝,2024-08-02,6162
0050,元大台灣50,70,2,68,中國信託-忠孝,2024-08-02,6162
5512,力麒,82,16,66,中國信託-忠孝,2024-08-02,6162
00946,群益科技高息成長,85,25,60,中國信託-忠孝,2024-08-02,6162
00679B,元大美債20年,107,47,60,中國信託-忠孝,2024-08-02,6162
00905,FT臺灣Smart,54,0,54,中國信託-忠孝,2024-08-02,6162
3037,欣興,62,9,53,中國信託-忠孝,2024-08-02,6162
00891,中信關鍵半導體,55,7,48,中國信託-忠孝,2024-08-02,6162
00713,元大台灣高息低波,48,0,48,中國信託-忠孝,2024-08-02,6162
2371,大同,47,0,47,中國信託-忠孝,2024-08-02,6162
1316,上曜,92,46,46,中國信託-忠孝,2024-08-02,6162
3024,憶聲,51,6,45,中國信託-忠孝,2024-08-02,6162
2382,廣達,46,5,41,中國信託-忠孝,2024-08-02,6162
00900,富邦特選高股息30,41,0,41,中國信託-忠孝,2024-08-02,6162
00923,群益台ESG低碳50,43,3,40,中國信託-忠孝,2024-08-02,6162
5309,系統電,44,8,36,中國信託-忠孝,2024-08-02,6162
00640L,富邦日本正2,35,0,35,中國信託-忠孝,2024-08-02,6162
00772B,中信高評級公司債,34,0,34,中國信託-忠孝,2024-08-02,6162
00830,國泰費城半導體,41,7,34,中國信託-忠孝,2024-08-02,6162
00918,大華優利高填息30,34,0,34,中國信託-忠孝,2024-08-02,6162
2367,燿華,54,22,32,中國信託-忠孝,2024-08-02,6162
4128,中天,33,1,32,中國信託-忠孝,2024-08-02,6162
2365,昆盈,324,292,32,中國信託-忠孝,2024-08-02,6162
2303,聯電,55,24,31,中國信託-忠孝,2024-08-02,6162
2501,國建,79,48,31,中國信託-忠孝,2024-08-02,6162
2524,京城,56,26,30,中國信託-忠孝,2024-08-02,6162
4976,佳凌,30,0,30,中國信託-忠孝,2024-08-02,6162
2515,中工,49,19,30,中國信託-忠孝,2024-08-02,6162
00934,中信成長高股息,65,36,29,中國信託-忠孝,2024-08-02,6162
2891,中信金,100,71,29,中國信託-忠孝,2024-08-02,6162
00941,中信上游半導體,28,0,28,中國信託-忠孝,2024-08-02,6162
00948B,中信優息投資級債,2274,0,2274,中國信託-忠孝,2024-08-05,6162
00680L,元大美債20正2,1995,134,1861,中國信託-忠孝,2024-08-05,6162
00929,復華台灣科技優息,1271,722,549,中國信託-忠孝,2024-08-05,6162
2515,中工,575,108,467,中國信託-忠孝,2024-08-05,6162
00940,元大台灣價值高息,733,362,371,中國信託-忠孝,2024-08-05,6162
00919,群益台灣精選高息,493,148,345,中國信託-忠孝,2024-08-05,6162
00878,國泰永續高股息,576,280,296,中國信託-忠孝,2024-08-05,6162
00676R,富邦臺灣加權反1,203,25,178,中國信託-忠孝,2024-08-05,6162
00881,國泰台灣5G+,165,8,157,中國信託-忠孝,2024-08-05,6162
00679B,元大美債20年,376,224,152,中國信託-忠孝,2024-08-05,6162
00900,富邦特選高股息30,154,3,151,中國信託-忠孝,2024-08-05,6162
2317,鴻海,260,112,148,中國信託-忠孝,2024-08-05,6162
2888,新光金,212,71,141,中國信託-忠孝,2024-08-05,6162
4720,德淵,157,30,127,中國信託-忠孝,2024-08-05,6162
2409,友達,324,204,120,中國信託-忠孝,2024-08-05,6162
2887,台新金,144,25,119,中國信託-忠孝,2024-08-05,6162
0056,元大高股息,242,124,118,中國信託-忠孝,2024-08-05,6162
1314,中石化,121,3,118,中國信託-忠孝,2024-08-05,6162
00946,群益科技高息成長,121,9,112,中國信託-忠孝,2024-08-05,6162
3481,群創,183,72,111,中國信託-忠孝,2024-08-05,6162
2330,台積電,184,78,106,中國信託-忠孝,2024-08-05,6162
00686R,群益臺灣加權反1,90,0,90,中國信託-忠孝,2024-08-05,6162
0050,元大台灣50,155,68,87,中國信託-忠孝,2024-08-05,6162
2489,瑞軒,87,5,82,中國信託-忠孝,2024-08-05,6162
00715L,期街口布蘭特正2,85,8,77,中國信託-忠孝,2024-08-05,6162
00944,野村趨勢動能高息,72,0,72,中國信託-忠孝,2024-08-05,6162
2323,中環,67,0,67,中國信託-忠孝,2024-08-05,6162
2891,中信金,180,114,66,中國信託-忠孝,2024-08-05,6162
2362,藍天,62,0,62,中國信託-忠孝,2024-08-05,6162
00947,台新臺灣IC設計,61,0,61,中國信託-忠孝,2024-08-05,6162
00936,台新永續高息中小,85,27,58,中國信託-忠孝,2024-08-05,6162
4414,如興,55,0,55,中國信託-忠孝,2024-08-05,6162
2838,聯邦銀,54,0,54,中國信託-忠孝,2024-08-05,6162
2883,凱基金,63,9,54,中國信託-忠孝,2024-08-05,6162
00905,FT臺灣Smart,53,0,53,中國信託-忠孝,2024-08-05,6162
00902,中信電池及儲能,53,0,53,中國信託-忠孝,2024-08-05,6162
2834,臺企銀,162,109,53,中國信託-忠孝,2024-08-05,6162
2337,旺宏,75,23,52,中國信託-忠孝,2024-08-05,6162
2542,興富發,68,17,51,中國信託-忠孝,2024-08-05,6162
00942B,台新美A公司債20+,50,0,50,中國信託-忠孝,2024-08-05,6162
9907,統一實,50,0,50,中國信託-忠孝,2024-08-05,6162
2062,橋椿,49,0,49,中國信託-忠孝,2024-08-05,6162
00927,群益半導體收益,58,10,48,中國信託-忠孝,2024-08-05,6162
00772B,中信高評級公司債,75,31,44,中國信託-忠孝,2024-08-05,6162
6116,彩晶,43,0,43,中國信託-忠孝,2024-08-05,6162
2610,華航,98,58,40,中國信託-忠孝,2024-08-05,6162
1417,嘉裕,40,0,40,中國信託-忠孝,2024-08-05,6162
2547,日勝生,40,0,40,中國信託-忠孝,2024-08-05,6162
8926,台汽電,39,1,38,中國信託-忠孝,2024-08-05,6162
00931B,統一美債20年,38,1,37,中國信託-忠孝,2024-08-05,6162
2534,宏盛,1506,24,1482,中國信託-忠孝,2024-08-06,6162
3056,富華新,344,0,344,中國信託-忠孝,2024-08-06,6162
00940,元大台灣價值高息,376,63,313,中國信託-忠孝,2024-08-06,6162
00937B,群益ESG投等債20,333,79,254,中國信託-忠孝,2024-08-06,6162
00929,復華台灣科技優息,327,160,167,中國信託-忠孝,2024-08-06,6162
00878,國泰永續高股息,231,66,165,中國信託-忠孝,2024-08-06,6162
2317,鴻海,344,217,127,中國信託-忠孝,2024-08-06,6162
00922,國泰台灣領袖50,113,3,110,中國信託-忠孝,2024-08-06,6162
00679B,元大美債20年,233,130,103,中國信託-忠孝,2024-08-06,6162
0050,元大台灣50,177,82,95,中國信託-忠孝,2024-08-06,6162
2542,興富發,96,13,83,中國信託-忠孝,2024-08-06,6162
8028,昇陽半導體,123,41,82,中國信託-忠孝,2024-08-06,6162
00948B,中信優息投資級債,129,52,77,中國信託-忠孝,2024-08-06,6162
2867,三商壽,74,0,74,中國信託-忠孝,2024-08-06,6162
00712,復華富時不動產,76,10,66,中國信託-忠孝,2024-08-06,6162
2887,台新金,70,9,61,中國信託-忠孝,2024-08-06,6162
00756B,群益投等新興公債,58,0,58,中國信託-忠孝,2024-08-06,6162
2527,宏璟,61,3,58,中國信託-忠孝,2024-08-06,6162
0056,元大高股息,123,66,57,中國信託-忠孝,2024-08-06,6162
00933B,國泰10Y+金融債,93,41,52,中國信託-忠孝,2024-08-06,6162
1582,信錦,50,0,50,中國信託-忠孝,2024-08-06,6162
3522,御嵿,50,0,50,中國信託-忠孝,2024-08-06,6162
4526,東台,53,4,49,中國信託-忠孝,2024-08-06,6162
1540,喬福,101,53,48,中國信託-忠孝,2024-08-06,6162
2412,中華電,67,20,47,中國信託-忠孝,2024-08-06,6162
00631L,元大台灣50正2,57,11,46,中國信託-忠孝,2024-08-06,6162
5534,長虹,63,19,44,中國信託-忠孝,2024-08-06,6162
00900,富邦特選高股息30,47,4,43,中國信託-忠孝,2024-08-06,6162
1101,台泥,40,0,40,中國信託-忠孝,2024-08-06,6162
1304,台聚,42,2,40,中國信託-忠孝,2024-08-06,6162
00751B,元大AAA至A公司債,75,36,39,中國信託-忠孝,2024-08-06,6162
00935,野村臺灣新科技50,41,4,37,中國信託-忠孝,2024-08-06,6162
2477,美隆電,40,5,35,中國信託-忠孝,2024-08-06,6162
2337,旺宏,50,16,34,中國信託-忠孝,2024-08-06,6162
6188,廣明,103,70,33,中國信託-忠孝,2024-08-06,6162
3231,緯創,66,34,32,中國信託-忠孝,2024-08-06,6162
8089,康全電訊,33,1,32,中國信託-忠孝,2024-08-06,6162
4720,德淵,32,0,32,中國信託-忠孝,2024-08-06,6162
1438,三地開發,62,30,32,中國信託-忠孝,2024-08-06,6162
1446,宏和,33,1,32,中國信託-忠孝,2024-08-06,6162
00931B,統一美債20年,33,3,30,中國信託-忠孝,2024-08-06,6162
2243,宏旭-KY,30,0,30,中國信託-忠孝,2024-08-06,6162
3037,欣興,65,35,30,中國信託-忠孝,2024-08-06,6162
2884,玉山金,41,13,28,中國信託-忠孝,2024-08-06,6162
00733,富邦臺灣中小,35,8,27,中國信託-忠孝,2024-08-06,6162
3211,順達,45,18,27,中國信託-忠孝,2024-08-06,6162
006208,富邦台50,42,16,26,中國信託-忠孝,2024-08-06,6162
00772B,中信高評級公司債,36,11,25,中國信託-忠孝,2024-08-06,6162
6841,長佳智能,30,5,25,中國信託-忠孝,2024-08-06,6162
1762,中化生,25,0,25,中國信託-忠孝,2024-08-06,6162
3056,富華新,1008,92,916,中國信託-忠孝,2024-08-07,6162
00688L,國泰20年美債正2,512,0,512,中國信託-忠孝,2024-08-07,6162
00929,復華台灣科技優息,554,81,473,中國信託-忠孝,2024-08-07,6162
00878,國泰永續高股息,343,48,295,中國信託-忠孝,2024-08-07,6162
00680L,元大美債20正2,330,72,258,中國信託-忠孝,2024-08-07,6162
00715L,期街口布蘭特正2,246,1,245,中國信託-忠孝,2024-08-07,6162
2609,陽明,241,22,219,中國信託-忠孝,2024-08-07,6162
00948B,中信優息投資級債,330,130,200,中國信託-忠孝,2024-08-07,6162
00632R,元大台灣50反1,306,121,185,中國信託-忠孝,2024-08-07,6162
00795B,中信美國公債20年,166,1,165,中國信託-忠孝,2024-08-07,6162
2834,臺企銀,166,16,150,中國信託-忠孝,2024-08-07,6162
00937B,群益ESG投等債20,337,214,123,中國信託-忠孝,2024-08-07,6162
2887,台新金,108,1,107,中國信託-忠孝,2024-08-07,6162
2534,宏盛,263,159,104,中國信託-忠孝,2024-08-07,6162
00757,統一FANG+,103,4,99,中國信託-忠孝,2024-08-07,6162
00919,群益台灣精選高息,106,12,94,中國信託-忠孝,2024-08-07,6162
00935,野村臺灣新科技50,86,0,86,中國信託-忠孝,2024-08-07,6162
2337,旺宏,86,4,82,中國信託-忠孝,2024-08-07,6162
6213,聯茂,84,11,73,中國信託-忠孝,2024-08-07,6162
5347,世界,85,20,65,中國信託-忠孝,2024-08-07,6162
00687B,國泰20年美債,109,47,62,中國信託-忠孝,2024-08-07,6162
2317,鴻海,222,166,56,中國信託-忠孝,2024-08-07,6162
4123,晟德,52,0,52,中國信託-忠孝,2024-08-07,6162
1529,樂事綠能,53,5,48,中國信託-忠孝,2024-08-07,6162
2409,友達,42,1,41,中國信託-忠孝,2024-08-07,6162
00940,元大台灣價值高息,173,136,37,中國信託-忠孝,2024-08-07,6162
8927,北基,40,3,37,中國信託-忠孝,2024-08-07,6162
2615,萬海,55,21,34,中國信託-忠孝,2024-08-07,6162
2356,英業達,92,62,30,中國信託-忠孝,2024-08-07,6162
1101,台泥,34,5,29,中國信託-忠孝,2024-08-07,6162
4909,新復興,41,13,28,中國信託-忠孝,2024-08-07,6162
2883,凱基金,48,20,28,中國信託-忠孝,2024-08-07,6162
2892,第一金,26,0,26,中國信託-忠孝,2024-08-07,6162
2515,中工,27,1,26,中國信託-忠孝,2024-08-07,6162
1597,直得,31,6,25,中國信託-忠孝,2024-08-07,6162
3188,鑫龍騰,27,3,24,中國信託-忠孝,2024-08-07,6162
00725B,國泰投資級公司債,24,1,23,中國信託-忠孝,2024-08-07,6162
00896,中信綠能及電動車,21,0,21,中國信託-忠孝,2024-08-07,6162
4743,合一,22,1,21,中國信託-忠孝,2024-08-07,6162
2851,中再保,20,0,20,中國信託-忠孝,2024-08-07,6162
00676R,富邦臺灣加權反1,20,0,20,中國信託-忠孝,2024-08-07,6162
8089,康全電訊,20,0,20,中國信託-忠孝,2024-08-07,6162
5905,南仁湖,20,0,20,中國信託-忠孝,2024-08-07,6162
00881,國泰台灣5G+,26,6,20,中國信託-忠孝,2024-08-07,6162
3013,晟銘電,28,9,19,中國信託-忠孝,2024-08-07,6162
00830,國泰費城半導體,19,0,19,中國信託-忠孝,2024-08-07,6162
6239,力成,36,18,18,中國信託-忠孝,2024-08-07,6162
00931B,統一美債20年,21,3,18,中國信託-忠孝,2024-08-07,6162
1539,巨庭,18,0,18,中國信託-忠孝,2024-08-07,6162
3374,精材,30,12,18,中國信託-忠孝,2024-08-07,6162
00948B,中信優息投資級債,651,0,651,中國信託-忠孝,2024-08-08,6162
3056,富華新,759,248,511,中國信託-忠孝,2024-08-08,6162
00679B,元大美債20年,540,36,504,中國信託-忠孝,2024-08-08,6162
00688L,國泰20年美債正2,451,0,451,中國信託-忠孝,2024-08-08,6162
2892,第一金,448,0,448,中國信託-忠孝,2024-08-08,6162
2886,兆豐金,300,0,300,中國信託-忠孝,2024-08-08,6162
00929,復華台灣科技優息,302,61,241,中國信託-忠孝,2024-08-08,6162
00878,國泰永續高股息,239,22,217,中國信託-忠孝,2024-08-08,6162
2515,中工,206,0,206,中國信託-忠孝,2024-08-08,6162
00933B,國泰10Y+金融債,130,8,122,中國信託-忠孝,2024-08-08,6162
00751B,元大AAA至A公司債,117,5,112,中國信託-忠孝,2024-08-08,6162
00757,統一FANG+,111,0,111,中國信託-忠孝,2024-08-08,6162
00940,元大台灣價值高息,87,6,81,中國信託-忠孝,2024-08-08,6162
6180,橘子,80,1,79,中國信託-忠孝,2024-08-08,6162
2609,陽明,85,11,74,中國信託-忠孝,2024-08-08,6162
00632R,元大台灣50反1,334,261,73,中國信託-忠孝,2024-08-08,6162
00937B,群益ESG投等債20,241,169,72,中國信託-忠孝,2024-08-08,6162
2317,鴻海,160,92,68,中國信託-忠孝,2024-08-08,6162
8927,北基,64,0,64,中國信託-忠孝,2024-08-08,6162
00795B,中信美國公債20年,62,0,62,中國信託-忠孝,2024-08-08,6162
8234,新漢,61,1,60,中國信託-忠孝,2024-08-08,6162
3231,緯創,98,40,58,中國信託-忠孝,2024-08-08,6162
00919,群益台灣精選高息,76,21,55,中國信託-忠孝,2024-08-08,6162
2382,廣達,89,37,52,中國信託-忠孝,2024-08-08,6162
3484,崧騰,53,1,52,中國信託-忠孝,2024-08-08,6162
9907,統一實,50,0,50,中國信託-忠孝,2024-08-08,6162
0056,元大高股息,56,10,46,中國信託-忠孝,2024-08-08,6162
00881,國泰台灣5G+,50,5,45,中國信託-忠孝,2024-08-08,6162
2834,臺企銀,92,52,40,中國信託-忠孝,2024-08-08,6162
2534,宏盛,90,50,40,中國信託-忠孝,2024-08-08,6162
006208,富邦台50,46,9,37,中國信託-忠孝,2024-08-08,6162
00725B,國泰投資級公司債,35,0,35,中國信託-忠孝,2024-08-08,6162
2881,富邦金,36,1,35,中國信託-忠孝,2024-08-08,6162
00946,群益科技高息成長,34,0,34,中國信託-忠孝,2024-08-08,6162
3019,亞光,42,9,33,中國信託-忠孝,2024-08-08,6162
2542,興富發,80,48,32,中國信託-忠孝,2024-08-08,6162
9958,世紀鋼,63,32,31,中國信託-忠孝,2024-08-08,6162
3580,友威科,39,9,30,中國信託-忠孝,2024-08-08,6162
5230,雷笛克光學,33,3,30,中國信託-忠孝,2024-08-08,6162
2022,聚亨,28,0,28,中國信託-忠孝,2024-08-08,6162
2359,所羅門,94,67,27,中國信託-忠孝,2024-08-08,6162
2511,太子,27,0,27,中國信託-忠孝,2024-08-08,6162
00713,元大台灣高息低波,36,10,26,中國信託-忠孝,2024-08-08,6162
4303,信立,26,0,26,中國信託-忠孝,2024-08-08,6162
2344,華邦電,66,40,26,中國信託-忠孝,2024-08-08,6162
3663,鑫科,69,44,25,中國信託-忠孝,2024-08-08,6162
00697B,元大美債7-10,25,0,25,中國信託-忠孝,2024-08-08,6162
3481,群創,35,10,25,中國信託-忠孝,2024-08-08,6162
00891,中信關鍵半導體,23,0,23,中國信託-忠孝,2024-08-08,6162
00902,中信電池及儲能,23,0,23,中國信託-忠孝,2024-08-08,6162
2618,長榮航,511,13,498,中國信託-忠孝,2024-08-09,6162
00937B,群益ESG投等債20,498,36,462,中國信託-忠孝,2024-08-09,6162
00948B,中信優息投資級債,430,10,420,中國信託-忠孝,2024-08-09,6162
00688L,國泰20年美債正2,283,0,283,中國信託-忠孝,2024-08-09,6162
00933B,國泰10Y+金融債,222,5,217,中國信託-忠孝,2024-08-09,6162
1808,潤隆,207,0,207,中國信託-忠孝,2024-08-09,6162
00680L,元大美債20正2,247,74,173,中國信託-忠孝,2024-08-09,6162
00679B,元大美債20年,190,25,165,中國信託-忠孝,2024-08-09,6162
2534,宏盛,178,48,130,中國信託-忠孝,2024-08-09,6162
2615,萬海,155,42,113,中國信託-忠孝,2024-08-09,6162
2353,宏��,108,3,105,中國信託-忠孝,2024-08-09,6162
1101,台泥,96,3,93,中國信託-忠孝,2024-08-09,6162
00795B,中信美國公債20年,102,10,92,中國信託-忠孝,2024-08-09,6162
00720B,元大投資級公司債,89,5,84,中國信託-忠孝,2024-08-09,6162
9105,泰金寶-DR,158,78,80,中國信託-忠孝,2024-08-09,6162
00757,統一FANG+,74,0,74,中國信託-忠孝,2024-08-09,6162
00751B,元大AAA至A公司債,76,10,66,中國信託-忠孝,2024-08-09,6162
8927,北基,66,0,66,中國信託-忠孝,2024-08-09,6162
2834,臺企銀,66,1,65,中國信託-忠孝,2024-08-09,6162
2498,宏達電,71,6,65,中國信託-忠孝,2024-08-09,6162
1709,和益,51,0,51,中國信託-忠孝,2024-08-09,6162
00719B,元大美債1-3,51,0,51,中國信託-忠孝,2024-08-09,6162
2520,冠德,52,5,47,中國信託-忠孝,2024-08-09,6162
2882,國泰金,52,9,43,中國信託-忠孝,2024-08-09,6162
00725B,國泰投資級公司債,44,2,42,中國信託-忠孝,2024-08-09,6162
2540,愛山林,39,3,36,中國信託-忠孝,2024-08-09,6162
2324,仁寶,35,0,35,中國信託-忠孝,2024-08-09,6162
00713,元大台灣高息低波,36,1,35,中國信託-忠孝,2024-08-09,6162
4513,福裕,46,12,34,中國信託-忠孝,2024-08-09,6162
5230,雷笛克光學,63,30,33,中國信託-忠孝,2024-08-09,6162
2365,昆盈,270,237,33,中國信託-忠孝,2024-08-09,6162
00940,元大台灣價值高息,82,49,33,中國信託-忠孝,2024-08-09,6162
2344,華邦電,34,4,30,中國信託-忠孝,2024-08-09,6162
2609,陽明,61,31,30,中國信託-忠孝,2024-08-09,6162
6239,力成,31,3,28,中國信託-忠孝,2024-08-09,6162
00645,富邦日本,28,0,28,中國信託-忠孝,2024-08-09,6162
00919,群益台灣精選高息,44,18,26,中國信託-忠孝,2024-08-09,6162
2062,橋椿,57,32,25,中國信託-忠孝,2024-08-09,6162
3450,聯鈞,203,179,24,中國信託-忠孝,2024-08-09,6162
2515,中工,26,3,23,中國信託-忠孝,2024-08-09,6162
3522,御嵿,25,3,22,中國信託-忠孝,2024-08-09,6162
1532,勤美,22,0,22,中國信託-忠孝,2024-08-09,6162
6869,雲豹能源,48,26,22,中國信託-忠孝,2024-08-09,6162
9914,美利達,20,0,20,中國信託-忠孝,2024-08-09,6162
00905,FT臺灣Smart,20,0,20,中國信託-忠孝,2024-08-09,6162
5876,上海商銀,20,0,20,中國信託-忠孝,2024-08-09,6162
00934,中信成長高股息,20,1,19,中國信託-忠孝,2024-08-09,6162
4306,炎洲,19,0,19,中國信託-忠孝,2024-08-09,6162
2506,太設,20,2,18,中國信託-忠孝,2024-08-09,6162
5364,力麗店,17,0,17,中國信託-忠孝,2024-08-09,6162
00688L,國泰20年美債正2,1035,0,1035,中國信託-忠孝,2024-08-12,6162
00795B,中信美國公債20年,527,0,527,中國信託-忠孝,2024-08-12,6162
00948B,中信優息投資級債,581,96,485,中國信託-忠孝,2024-08-12,6162
00937B,群益ESG投等債20,375,0,375,中國信託-忠孝,2024-08-12,6162
00929,復華台灣科技優息,246,20,226,中國信託-忠孝,2024-08-12,6162
9105,泰金寶-DR,286,64,222,中國信託-忠孝,2024-08-12,6162
2534,宏盛,231,70,161,中國信託-忠孝,2024-08-12,6162
3663,鑫科,182,37,145,中國信託-忠孝,2024-08-12,6162
00751B,元大AAA至A公司債,111,2,109,中國信託-忠孝,2024-08-12,6162
00757,統一FANG+,94,0,94,中國信託-忠孝,2024-08-12,6162
00715L,期街口布蘭特正2,93,0,93,中國信託-忠孝,2024-08-12,6162
00680L,元大美債20正2,94,1,93,中國信託-忠孝,2024-08-12,6162
2891,中信金,93,1,92,中國信託-忠孝,2024-08-12,6162
3481,群創,111,20,91,中國信託-忠孝,2024-08-12,6162
00882,中信中國高股息,90,2,88,中國信託-忠孝,2024-08-12,6162
1718,中纖,80,0,80,中國信託-忠孝,2024-08-12,6162
00632R,元大台灣50反1,72,10,62,中國信託-忠孝,2024-08-12,6162
3056,富華新,55,0,55,中國信託-忠孝,2024-08-12,6162
3376,新日興,60,7,53,中國信託-忠孝,2024-08-12,6162
3019,亞光,117,69,48,中國信託-忠孝,2024-08-12,6162
2412,中華電,53,6,47,中國信託-忠孝,2024-08-12,6162
00738U,期元大道瓊白銀,40,0,40,中國信託-忠孝,2024-08-12,6162
2002,中鋼,47,8,39,中國信託-忠孝,2024-08-12,6162
2610,華航,148,111,37,中國信託-忠孝,2024-08-12,6162
4513,福裕,40,4,36,中國信託-忠孝,2024-08-12,6162
2834,臺企銀,37,1,36,中國信託-忠孝,2024-08-12,6162
2905,三商,36,0,36,中國信託-忠孝,2024-08-12,6162
4540,全球傳動,58,25,33,中國信託-忠孝,2024-08-12,6162
2542,興富發,32,0,32,中國信託-忠孝,2024-08-12,6162
00713,元大台灣高息低波,31,3,28,中國信託-忠孝,2024-08-12,6162
00923,群益台ESG低碳50,34,7,27,中國信託-忠孝,2024-08-12,6162
4729,熒茂,25,0,25,中國信託-忠孝,2024-08-12,6162
5905,南仁湖,27,2,25,中國信託-忠孝,2024-08-12,6162
1597,直得,92,67,25,中國信託-忠孝,2024-08-12,6162
006208,富邦台50,39,14,25,中國信託-忠孝,2024-08-12,6162
2327,國巨,23,0,23,中國信託-忠孝,2024-08-12,6162
2359,所羅門,108,86,22,中國信託-忠孝,2024-08-12,6162
2374,佳能,23,1,22,中國信託-忠孝,2024-08-12,6162
0056,元大高股息,35,14,21,中國信託-忠孝,2024-08-12,6162
8096,擎亞,60,42,18,中國信託-忠孝,2024-08-12,6162
00919,群益台灣精選高息,54,36,18,中國信託-忠孝,2024-08-12,6162
00936,台新永續高息中小,30,12,18,中國信託-忠孝,2024-08-12,6162
00935,野村臺灣新科技50,17,0,17,中國信託-忠孝,2024-08-12,6162
00881,國泰台灣5G+,17,0,17,中國信託-忠孝,2024-08-12,6162
00933B,國泰10Y+金融債,22,6,16,中國信託-忠孝,2024-08-12,6162
00941,中信上游半導體,17,1,16,中國信託-忠孝,2024-08-12,6162
4562,穎漢,73,58,15,中國信託-忠孝,2024-08-12,6162
3047,訊舟,16,1,15,中國信託-忠孝,2024-08-12,6162
5353,台林,15,0,15,中國信託-忠孝,2024-08-12,6162
4306,炎洲,15,0,15,中國信託-忠孝,2024-08-12,6162
00688L,國泰20年美債正2,600,72,528,中國信託-忠孝,2024-08-13,6162
2880,華南金,432,0,432,中國信託-忠孝,2024-08-13,6162
00948B,中信優息投資級債,352,50,302,中國信託-忠孝,2024-08-13,6162
00937B,群益ESG投等債20,304,20,284,中國信託-忠孝,2024-08-13,6162
00687B,國泰20年美債,292,72,220,中國信託-忠孝,2024-08-13,6162
3056,富華新,162,0,162,中國信託-忠孝,2024-08-13,6162
00679B,元大美債20年,187,42,145,中國信託-忠孝,2024-08-13,6162
3062,建漢,228,88,140,中國信託-忠孝,2024-08-13,6162
3481,群創,98,16,82,中國信託-忠孝,2024-08-13,6162
00795B,中信美國公債20年,95,20,75,中國信託-忠孝,2024-08-13,6162
2834,臺企銀,72,1,71,中國信託-忠孝,2024-08-13,6162
00715L,期街口布蘭特正2,76,5,71,中國信託-忠孝,2024-08-13,6162
00720B,元大投資級公司債,67,7,60,中國信託-忠孝,2024-08-13,6162
00757,統一FANG+,72,12,60,中國信託-忠孝,2024-08-13,6162
2515,中工,53,0,53,中國信託-忠孝,2024-08-13,6162
00919,群益台灣精選高息,58,6,52,中國信託-忠孝,2024-08-13,6162
2836,高雄銀,50,0,50,中國信託-忠孝,2024-08-13,6162
8043,蜜望實,56,6,50,中國信託-忠孝,2024-08-13,6162
5392,能率,53,7,46,中國信託-忠孝,2024-08-13,6162
00712,復華富時不動產,40,2,38,中國信託-忠孝,2024-08-13,6162
6269,台郡,37,0,37,中國信託-忠孝,2024-08-13,6162
2615,萬海,89,53,36,中國信託-忠孝,2024-08-13,6162
6285,啟��,34,0,34,中國信託-忠孝,2024-08-13,6162
00637L,元大滬深300正2,34,0,34,中國信託-忠孝,2024-08-13,6162
2892,第一金,32,0,32,中國信託-忠孝,2024-08-13,6162
00680L,元大美債20正2,40,10,30,中國信託-忠孝,2024-08-13,6162
3231,緯創,29,3,26,中國信託-忠孝,2024-08-13,6162
1303,南亞,24,0,24,中國信託-忠孝,2024-08-13,6162
6505,台塑化,23,0,23,中國信託-忠孝,2024-08-13,6162
1513,中興電,60,38,22,中國信託-忠孝,2024-08-13,6162
2501,國建,21,0,21,中國信託-忠孝,2024-08-13,6162
1301,台塑,19,0,19,中國信託-忠孝,2024-08-13,6162
2891,中信金,51,32,19,中國信託-忠孝,2024-08-13,6162
6716,應廣,18,0,18,中國信託-忠孝,2024-08-13,6162
3413,京鼎,23,5,18,中國信託-忠孝,2024-08-13,6162
3037,欣興,55,37,18,中國信託-忠孝,2024-08-13,6162
2412,中華電,23,7,16,中國信託-忠孝,2024-08-13,6162
4174,浩鼎,27,11,16,中國信託-忠孝,2024-08-13,6162
00929,復華台灣科技優息,44,29,15,中國信託-忠孝,2024-08-13,6162
00907,永豐優息存股,15,0,15,中國信託-忠孝,2024-08-13,6162
6215,和椿,43,29,14,中國信託-忠孝,2024-08-13,6162
2886,兆豐金,15,1,14,中國信託-忠孝,2024-08-13,6162
8255,朋程,14,0,14,中國信託-忠孝,2024-08-13,6162
2543,皇昌,26,12,14,中國信託-忠孝,2024-08-13,6162
3060,銘異,16,2,14,中國信託-忠孝,2024-08-13,6162
2359,所羅門,64,51,13,中國信託-忠孝,2024-08-13,6162
9105,泰金寶-DR,16,3,13,中國信託-忠孝,2024-08-13,6162
2520,冠德,34,21,13,中國信託-忠孝,2024-08-13,6162
2492,華新科,16,3,13,中國信託-忠孝,2024-08-13,6162
00878,國泰永續高股息,78,66,12,中國信託-忠孝,2024-08-13,6162
3056,富華新,582,0,582,中國信託-忠孝,2024-08-14,6162
2880,華南金,403,1,402,中國信託-忠孝,2024-08-14,6162
00900,富邦特選高股息30,296,16,280,中國信託-忠孝,2024-08-14,6162
3481,群創,226,16,210,中國信託-忠孝,2024-08-14,6162
2610,華航,247,102,145,中國信託-忠孝,2024-08-14,6162
00687B,國泰20年美債,175,32,143,中國信託-忠孝,2024-08-14,6162
00937B,群益ESG投等債20,139,12,127,中國信託-忠孝,2024-08-14,6162
2353,宏��,105,4,101,中國信託-忠孝,2024-08-14,6162
00942B,台新美A公司債20+,100,0,100,中國信託-忠孝,2024-08-14,6162
00878,國泰永續高股息,123,43,80,中國信託-忠孝,2024-08-14,6162
00679B,元大美債20年,101,21,80,中國信託-忠孝,2024-08-14,6162
00632R,元大台灣50反1,71,0,71,中國信託-忠孝,2024-08-14,6162
00929,復華台灣科技優息,130,61,69,中國信託-忠孝,2024-08-14,6162
0056,元大高股息,76,7,69,中國信託-忠孝,2024-08-14,6162
8096,擎亞,167,100,67,中國信託-忠孝,2024-08-14,6162
2365,昆盈,136,71,65,中國信託-忠孝,2024-08-14,6162
00680L,元大美債20正2,80,25,55,中國信託-忠孝,2024-08-14,6162
2406,國碩,51,0,51,中國信託-忠孝,2024-08-14,6162
4561,健椿,60,9,51,中國信託-忠孝,2024-08-14,6162
00881,國泰台灣5G+,130,84,46,中國信託-忠孝,2024-08-14,6162
00948B,中信優息投資級債,95,50,45,中國信託-忠孝,2024-08-14,6162
2356,英業達,105,64,41,中國信託-忠孝,2024-08-14,6162
1513,中興電,76,36,40,中國信託-忠孝,2024-08-14,6162
00757,統一FANG+,40,0,40,中國信託-忠孝,2024-08-14,6162
00795B,中信美國公債20年,40,0,40,中國信託-忠孝,2024-08-14,6162
1438,三地開發,45,6,39,中國信託-忠孝,2024-08-14,6162
2376,技嘉,68,29,39,中國信託-忠孝,2024-08-14,6162
3715,定穎投控,38,4,34,中國信託-忠孝,2024-08-14,6162
2801,彰銀,30,0,30,中國信託-忠孝,2024-08-14,6162
00786B,元大10年IG銀行債,30,0,30,中國信託-忠孝,2024-08-14,6162
2480,敦陽科,28,0,28,中國信託-忠孝,2024-08-14,6162
2597,潤弘,25,1,24,中國信託-忠孝,2024-08-14,6162
1785,光洋科,46,22,24,中國信託-忠孝,2024-08-14,6162
00688L,國泰20年美債正2,24,0,24,中國信託-忠孝,2024-08-14,6162
2881,富邦金,31,7,24,中國信託-忠孝,2024-08-14,6162
3105,穩懋,32,9,23,中國信託-忠孝,2024-08-14,6162
00941,中信上游半導體,26,4,22,中國信託-忠孝,2024-08-14,6162
3533,嘉澤,21,0,21,中國信託-忠孝,2024-08-14,6162
5514,三豐,20,0,20,中國信託-忠孝,2024-08-14,6162
00857B,永豐20年美公債,20,0,20,中國信託-忠孝,2024-08-14,6162
5905,南仁湖,28,9,19,中國信託-忠孝,2024-08-14,6162
2476,鉅祥,19,1,18,中國信託-忠孝,2024-08-14,6162
8091,翔名,18,1,17,中國信託-忠孝,2024-08-14,6162
00830,國泰費城半導體,16,0,16,中國信託-忠孝,2024-08-14,6162
00655L,國泰中國A50正2,16,0,16,中國信託-忠孝,2024-08-14,6162
8043,蜜望實,66,50,16,中國信託-忠孝,2024-08-14,6162
6269,台郡,17,2,15,中國信託-忠孝,2024-08-14,6162
2515,中工,16,1,15,中國信託-忠孝,2024-08-14,6162
2537,聯上發,18,3,15,中國信託-忠孝,2024-08-14,6162
3592,瑞鼎,15,0,15,中國信託-忠孝,2024-08-14,6162
00688L,國泰20年美債正2,554,3,551,中國信託-忠孝,2024-08-15,6162
00632R,元大台灣50反1,437,60,377,中國信託-忠孝,2024-08-15,6162
00687B,國泰20年美債,391,14,377,中國信託-忠孝,2024-08-15,6162
00878,國泰永續高股息,317,18,299,中國信託-忠孝,2024-08-15,6162
00900,富邦特選高股息30,241,10,231,中國信託-忠孝,2024-08-15,6162
3056,富華新,210,0,210,中國信託-忠孝,2024-08-15,6162
00679B,元大美債20年,261,70,191,中國信託-忠孝,2024-08-15,6162
1220,台榮,147,0,147,中國信託-忠孝,2024-08-15,6162
1717,長興,140,0,140,中國信託-忠孝,2024-08-15,6162
2888,新光金,104,13,91,中國信託-忠孝,2024-08-15,6162
00795B,中信美國公債20年,90,6,84,中國信託-忠孝,2024-08-15,6162
00933B,國泰10Y+金融債,53,0,53,中國信託-忠孝,2024-08-15,6162
00881,國泰台灣5G+,51,4,47,中國信託-忠孝,2024-08-15,6162
2891,中信金,51,4,47,中國信託-忠孝,2024-08-15,6162
00929,復華台灣科技優息,154,108,46,中國信託-忠孝,2024-08-15,6162
2887,台新金,58,12,46,中國信託-忠孝,2024-08-15,6162
2317,鴻海,90,45,45,中國信託-忠孝,2024-08-15,6162
2030,彰源,50,5,45,中國信託-忠孝,2024-08-15,6162
6706,惠特,67,23,44,中國信託-忠孝,2024-08-15,6162
4534,慶騰,44,4,40,中國信託-忠孝,2024-08-15,6162
006208,富邦台50,46,6,40,中國信託-忠孝,2024-08-15,6162
1101,台泥,41,3,38,中國信託-忠孝,2024-08-15,6162
5364,力麗店,38,0,38,中國信託-忠孝,2024-08-15,6162
00927,群益半導體收益,36,0,36,中國信託-忠孝,2024-08-15,6162
2597,潤弘,33,0,33,中國信託-忠孝,2024-08-15,6162
2892,第一金,34,1,33,中國信託-忠孝,2024-08-15,6162
3715,定穎投控,42,10,32,中國信託-忠孝,2024-08-15,6162
00764B,群益25年美債,30,0,30,中國信託-忠孝,2024-08-15,6162
2883B,凱基金乙特,30,0,30,中國信託-忠孝,2024-08-15,6162
1785,光洋科,52,23,29,中國信託-忠孝,2024-08-15,6162
8070,長華*,30,2,28,中國信託-忠孝,2024-08-15,6162
00945B,凱基美國非投等債,28,0,28,中國信託-忠孝,2024-08-15,6162
1326,台化,27,0,27,中國信託-忠孝,2024-08-15,6162
3284,太普高,50,23,27,中國信託-忠孝,2024-08-15,6162
00932,兆豐永續高息等權,24,0,24,中國信託-忠孝,2024-08-15,6162
4720,德淵,121,99,22,中國信託-忠孝,2024-08-15,6162
2349,錸德,32,10,22,中國信託-忠孝,2024-08-15,6162
2501,國建,26,6,20,中國信託-忠孝,2024-08-15,6162
3024,憶聲,21,1,20,中國信託-忠孝,2024-08-15,6162
2886,兆豐金,21,1,20,中國信託-忠孝,2024-08-15,6162
4555,氣立,34,16,18,中國信託-忠孝,2024-08-15,6162
5905,南仁湖,67,49,18,中國信託-忠孝,2024-08-15,6162
2834,臺企銀,17,0,17,中國信託-忠孝,2024-08-15,6162
3711,日月光投控,18,1,17,中國信託-忠孝,2024-08-15,6162
3019,亞光,69,52,17,中國信託-忠孝,2024-08-15,6162
2812,台中銀,15,0,15,中國信託-忠孝,2024-08-15,6162
2312,金寶,18,3,15,中國信託-忠孝,2024-08-15,6162
6443,元晶,40,25,15,中國信託-忠孝,2024-08-15,6162
00915,凱基優選高股息30,16,1,15,中國信託-忠孝,2024-08-15,6162
00923,群益台ESG低碳50,21,6,15,中國信託-忠孝,2024-08-15,6162
2609,陽明,939,125,814,中國信託-忠孝,2024-08-16,6162
00687B,國泰20年美債,639,113,526,中國信託-忠孝,2024-08-16,6162
00795B,中信美國公債20年,235,61,174,中國信託-忠孝,2024-08-16,6162
00878,國泰永續高股息,174,38,136,中國信託-忠孝,2024-08-16,6162
00679B,元大美債20年,140,14,126,中國信託-忠孝,2024-08-16,6162
2489,瑞軒,130,15,115,中國信託-忠孝,2024-08-16,6162
00632R,元大台灣50反1,113,0,113,中國信託-忠孝,2024-08-16,6162
1220,台榮,105,3,102,中國信託-忠孝,2024-08-16,6162
00751B,元大AAA至A公司債,96,0,96,中國信託-忠孝,2024-08-16,6162
00935,野村臺灣新科技50,88,0,88,中國信託-忠孝,2024-08-16,6162
00929,復華台灣科技優息,116,29,87,中國信託-忠孝,2024-08-16,6162
8043,蜜望實,252,178,74,中國信託-忠孝,2024-08-16,6162
2317,鴻海,141,76,65,中國信託-忠孝,2024-08-16,6162
2405,輔信,60,1,59,中國信託-忠孝,2024-08-16,6162
5905,南仁湖,53,2,51,中國信託-忠孝,2024-08-16,6162
2597,潤弘,50,0,50,中國信託-忠孝,2024-08-16,6162
5392,能率,50,0,50,中國信託-忠孝,2024-08-16,6162
2449,京元電子,71,22,49,中國信託-忠孝,2024-08-16,6162
8070,長華*,65,17,48,中國信託-忠孝,2024-08-16,6162
00948B,中信優息投資級債,107,60,47,中國信託-忠孝,2024-08-16,6162
00937B,群益ESG投等債20,44,0,44,中國信託-忠孝,2024-08-16,6162
00945B,凱基美國非投等債,42,0,42,中國信託-忠孝,2024-08-16,6162
5371,中光電,46,6,40,中國信託-忠孝,2024-08-16,6162
2365,昆盈,181,141,40,中國信託-忠孝,2024-08-16,6162
00902,中信電池及儲能,40,0,40,中國信託-忠孝,2024-08-16,6162
00857B,永豐20年美公債,37,0,37,中國信託-忠孝,2024-08-16,6162
2002,中鋼,35,0,35,中國信託-忠孝,2024-08-16,6162
5531,鄉林,35,0,35,中國信託-忠孝,2024-08-16,6162
2349,錸德,33,0,33,中國信託-忠孝,2024-08-16,6162
5202,力新,37,4,33,中國信託-忠孝,2024-08-16,6162
00931B,統一美債20年,32,0,32,中國信託-忠孝,2024-08-16,6162
00680L,元大美債20正2,40,9,31,中國信託-忠孝,2024-08-16,6162
2392,正崴,38,8,30,中國信託-忠孝,2024-08-16,6162
4743,合一,28,0,28,中國信託-忠孝,2024-08-16,6162
00881,國泰台灣5G+,37,10,27,中國信託-忠孝,2024-08-16,6162
1446,宏和,26,0,26,中國信託-忠孝,2024-08-16,6162
00664R,國泰臺灣加權反1,26,0,26,中國信託-忠孝,2024-08-16,6162
5263,智崴,26,1,25,中國信託-忠孝,2024-08-16,6162
4720,德淵,30,5,25,中國信託-忠孝,2024-08-16,6162
3715,定穎投控,34,9,25,中國信託-忠孝,2024-08-16,6162
6187,萬潤,45,22,23,中國信託-忠孝,2024-08-16,6162
00650L,復華香港正2,29,6,23,中國信託-忠孝,2024-08-16,6162
5514,三豐,23,0,23,中國信託-忠孝,2024-08-16,6162
00933B,國泰10Y+金融債,71,50,21,中國信託-忠孝,2024-08-16,6162
2515,中工,51,31,20,中國信託-忠孝,2024-08-16,6162
2506,太設,20,0,20,中國信託-忠孝,2024-08-16,6162
6285,啟��,26,6,20,中國信託-忠孝,2024-08-16,6162
4510,高鋒,32,15,17,中國信託-忠孝,2024-08-16,6162
8110,華東,15,0,15,中國信託-忠孝,2024-08-16,6162
4906,正文,25,11,14,中國信託-忠孝,2024-08-16,6162
2888,新光金,637,23,614,中國信託-忠孝,2024-08-19,6162
00948B,中信優息投資級債,299,5,294,中國信託-忠孝,2024-08-19,6162
5905,南仁湖,197,15,182,中國信託-忠孝,2024-08-19,6162
00679B,元大美債20年,188,12,176,中國信託-忠孝,2024-08-19,6162
00795B,中信美國公債20年,175,0,175,中國信託-忠孝,2024-08-19,6162
00687B,國泰20年美債,146,0,146,中國信託-忠孝,2024-08-19,6162
2834,臺企銀,110,2,108,中國信託-忠孝,2024-08-19,6162
3056,富華新,127,22,105,中國信託-忠孝,2024-08-19,6162
00882,中信中國高股息,93,6,87,中國信託-忠孝,2024-08-19,6162
6757,台灣虎航,85,0,85,中國信託-忠孝,2024-08-19,6162
00933B,國泰10Y+金融債,82,10,72,中國信託-忠孝,2024-08-19,6162
4420,光明,66,0,66,中國信託-忠孝,2024-08-19,6162
1785,光洋科,72,14,58,中國信託-忠孝,2024-08-19,6162
2887,台新金,52,0,52,中國信託-忠孝,2024-08-19,6162
2354,鴻準,64,13,51,中國信託-忠孝,2024-08-19,6162
6215,和椿,54,6,48,中國信託-忠孝,2024-08-19,6162
3047,訊舟,133,89,44,中國信託-忠孝,2024-08-19,6162
2534,宏盛,45,4,41,中國信託-忠孝,2024-08-19,6162
2597,潤弘,40,0,40,中國信託-忠孝,2024-08-19,6162
5452,佶優,48,11,37,中國信託-忠孝,2024-08-19,6162
4526,東台,40,5,35,中國信託-忠孝,2024-08-19,6162
2312,金寶,46,11,35,中國信託-忠孝,2024-08-19,6162
3491,昇達科,39,5,34,中國信託-忠孝,2024-08-19,6162
5202,力新,30,0,30,中國信託-忠孝,2024-08-19,6162
00900,富邦特選高股息30,30,0,30,中國信託-忠孝,2024-08-19,6162
2392,正崴,32,4,28,中國信託-忠孝,2024-08-19,6162
00878,國泰永續高股息,45,17,28,中國信託-忠孝,2024-08-19,6162
8927,北基,25,0,25,中國信託-忠孝,2024-08-19,6162
00929,復華台灣科技優息,217,195,22,中國信託-忠孝,2024-08-19,6162
2881,富邦金,24,3,21,中國信託-忠孝,2024-08-19,6162
5483,中美晶,21,0,21,中國信託-忠孝,2024-08-19,6162
00757,統一FANG+,23,2,21,中國信託-忠孝,2024-08-19,6162
8085,福華,23,2,21,中國信託-忠孝,2024-08-19,6162
6136,富爾特,20,0,20,中國信託-忠孝,2024-08-19,6162
2327,國巨,19,0,19,中國信託-忠孝,2024-08-19,6162
00945B,凱基美國非投等債,19,0,19,中國信託-忠孝,2024-08-19,6162
2467,志聖,30,11,19,中國信託-忠孝,2024-08-19,6162
8234,新漢,24,6,18,中國信託-忠孝,2024-08-19,6162
00712,復華富時不動產,20,2,18,中國信託-忠孝,2024-08-19,6162
1536,和大,24,7,17,中國信託-忠孝,2024-08-19,6162
2243,宏旭-KY,28,12,16,中國信託-忠孝,2024-08-19,6162
00931B,統一美債20年,15,0,15,中國信託-忠孝,2024-08-19,6162
6229,研通,15,0,15,中國信託-忠孝,2024-08-19,6162
2453,凌群,17,2,15,中國信託-忠孝,2024-08-19,6162
00751B,元大AAA至A公司債,16,1,15,中國信託-忠孝,2024-08-19,6162
6785,昱展新藥,14,0,14,中國信託-忠孝,2024-08-19,6162
2405,輔信,34,20,14,中國信託-忠孝,2024-08-19,6162
5514,三豐,13,0,13,中國信託-忠孝,2024-08-19,6162
5225,東科-KY,13,0,13,中國信託-忠孝,2024-08-19,6162
3037,欣興,19,6,13,中國信託-忠孝,2024-08-19,6162
00632R,元大台灣50反1,595,0,595,中國信託-忠孝,2024-08-20,6162
00715L,期街口布蘭特正2,562,1,561,中國信託-忠孝,2024-08-20,6162
2609,陽明,511,26,485,中國信託-忠孝,2024-08-20,6162
2888,新光金,1270,931,339,中國信託-忠孝,2024-08-20,6162
00637L,元大滬深300正2,206,0,206,中國信託-忠孝,2024-08-20,6162
00933B,國泰10Y+金融債,194,0,194,中國信託-忠孝,2024-08-20,6162
00687B,國泰20年美債,174,0,174,中國信託-忠孝,2024-08-20,6162
2374,佳能,151,18,133,中國信託-忠孝,2024-08-20,6162
00795B,中信美國公債20年,121,0,121,中國信託-忠孝,2024-08-20,6162
2520,冠德,153,50,103,中國信託-忠孝,2024-08-20,6162
2834,臺企銀,99,2,97,中國信託-忠孝,2024-08-20,6162
1301,台塑,129,41,88,中國信託-忠孝,2024-08-20,6162
2498,宏達電,67,1,66,中國信託-忠孝,2024-08-20,6162
00929,復華台灣科技優息,99,34,65,中國信託-忠孝,2024-08-20,6162
00642U,期元大S＆P石油,62,0,62,中國信託-忠孝,2024-08-20,6162
2317,鴻海,97,37,60,中國信託-忠孝,2024-08-20,6162
2542,興富發,69,13,56,中國信託-忠孝,2024-08-20,6162
3028,增你強,51,0,51,中國信託-忠孝,2024-08-20,6162
00862B,中信投資級公司債,51,0,51,中國信託-忠孝,2024-08-20,6162
6788,華景電,50,0,50,中國信託-忠孝,2024-08-20,6162
1316,上曜,55,5,50,中國信託-忠孝,2024-08-20,6162
2201,裕隆,43,0,43,中國信託-忠孝,2024-08-20,6162
8071,能率網通,47,6,41,中國信託-忠孝,2024-08-20,6162
2597,潤弘,40,0,40,中國信託-忠孝,2024-08-20,6162
1504,東元,62,26,36,中國信託-忠孝,2024-08-20,6162
2504,國產,45,12,33,中國信託-忠孝,2024-08-20,6162
6136,富爾特,32,0,32,中國信託-忠孝,2024-08-20,6162
2392,正崴,66,38,28,中國信託-忠孝,2024-08-20,6162
00919,群益台灣精選高息,35,7,28,中國信託-忠孝,2024-08-20,6162
00915,凱基優選高股息30,27,0,27,中國信託-忠孝,2024-08-20,6162
2449,京元電子,42,16,26,中國信託-忠孝,2024-08-20,6162
00751B,元大AAA至A公司債,26,0,26,中國信託-忠孝,2024-08-20,6162
2356,英業達,37,12,25,中國信託-忠孝,2024-08-20,6162
6609,瀧澤科,26,2,24,中國信託-忠孝,2024-08-20,6162
1319,東陽,24,0,24,中國信託-忠孝,2024-08-20,6162
8028,昇陽半導體,87,64,23,中國信託-忠孝,2024-08-20,6162
4513,福裕,26,4,22,中國信託-忠孝,2024-08-20,6162
2534,宏盛,21,0,21,中國信託-忠孝,2024-08-20,6162
00860B,群益1-5Y投資級債,21,0,21,中國信託-忠孝,2024-08-20,6162
6239,力成,22,2,20,中國信託-忠孝,2024-08-20,6162
6757,台灣虎航,20,0,20,中國信託-忠孝,2024-08-20,6162
4909,新復興,32,12,20,中國信託-忠孝,2024-08-20,6162
2515,中工,47,28,19,中國信託-忠孝,2024-08-20,6162
6285,啟��,19,0,19,中國信託-忠孝,2024-08-20,6162
9958,世紀鋼,28,10,18,中國信託-忠孝,2024-08-20,6162
2467,志聖,26,9,17,中國信託-忠孝,2024-08-20,6162
8374,羅昇,32,15,17,中國信託-忠孝,2024-08-20,6162
3363,上詮,39,22,17,中國信託-忠孝,2024-08-20,6162
2359,所羅門,78,62,16,中國信託-忠孝,2024-08-20,6162
2524,京城,22,6,16,中國信託-忠孝,2024-08-20,6162
2888,新光金,1975,1507,468,中國信託-忠孝,2024-08-21,6162
2891,中信金,899,435,464,中國信託-忠孝,2024-08-21,6162
2618,長榮航,384,35,349,中國信託-忠孝,2024-08-21,6162
00665L,富邦�琤肭磪囓�2,303,0,303,中國信託-忠孝,2024-08-21,6162
00919,群益台灣精選高息,150,13,137,中國信託-忠孝,2024-08-21,6162
00929,復華台灣科技優息,153,28,125,中國信託-忠孝,2024-08-21,6162
00687B,國泰20年美債,242,117,125,中國信託-忠孝,2024-08-21,6162
3056,富華新,125,0,125,中國信託-忠孝,2024-08-21,6162
00953B,群益優選非投等債,116,0,116,中國信託-忠孝,2024-08-21,6162
9105,泰金寶-DR,112,2,110,中國信託-忠孝,2024-08-21,6162
3712,永崴投控,115,8,107,中國信託-忠孝,2024-08-21,6162
4726,永昕,101,0,101,中國信託-忠孝,2024-08-21,6162
1785,光洋科,100,8,92,中國信託-忠孝,2024-08-21,6162
00680L,元大美債20正2,95,13,82,中國信託-忠孝,2024-08-21,6162
2867,三商壽,76,8,68,中國信託-忠孝,2024-08-21,6162
5309,系統電,75,12,63,中國信託-忠孝,2024-08-21,6162
2812,台中銀,64,1,63,中國信託-忠孝,2024-08-21,6162
00923,群益台ESG低碳50,59,1,58,中國信託-忠孝,2024-08-21,6162
9955,佳龍,78,21,57,中國信託-忠孝,2024-08-21,6162
2534,宏盛,114,59,55,中國信託-忠孝,2024-08-21,6162
00878,國泰永續高股息,80,26,54,中國信託-忠孝,2024-08-21,6162
1536,和大,58,5,53,中國信託-忠孝,2024-08-21,6162
6788,華景電,52,0,52,中國信託-忠孝,2024-08-21,6162
2834,臺企銀,51,1,50,中國信託-忠孝,2024-08-21,6162
00862B,中信投資級公司債,50,0,50,中國信託-忠孝,2024-08-21,6162
2371,大同,52,2,50,中國信託-忠孝,2024-08-21,6162
1446,宏和,48,0,48,中國信託-忠孝,2024-08-21,6162
00940,元大台灣價值高息,59,16,43,中國信託-忠孝,2024-08-21,6162
00713,元大台灣高息低波,43,0,43,中國信託-忠孝,2024-08-21,6162
2353,宏��,36,0,36,中國信託-忠孝,2024-08-21,6162
2597,潤弘,35,0,35,中國信託-忠孝,2024-08-21,6162
2883B,凱基金乙特,35,0,35,中國信託-忠孝,2024-08-21,6162
00632R,元大台灣50反1,32,0,32,中國信託-忠孝,2024-08-21,6162
2504,國產,31,1,30,中國信託-忠孝,2024-08-21,6162
6589,台康生技,30,0,30,中國信託-忠孝,2024-08-21,6162
6185,幃翔,30,0,30,中國信託-忠孝,2024-08-21,6162
6869,雲豹能源,62,32,30,中國信託-忠孝,2024-08-21,6162
3163,波若威,65,37,28,中國信託-忠孝,2024-08-21,6162
00881,國泰台灣5G+,27,0,27,中國信託-忠孝,2024-08-21,6162
2349,錸德,335,308,27,中國信託-忠孝,2024-08-21,6162
3024,憶聲,26,0,26,中國信託-忠孝,2024-08-21,6162
5905,南仁湖,116,90,26,中國信託-忠孝,2024-08-21,6162
8103,瀚荃,33,7,26,中國信託-忠孝,2024-08-21,6162
6136,富爾特,25,0,25,中國信託-忠孝,2024-08-21,6162
8043,蜜望實,96,71,25,中國信託-忠孝,2024-08-21,6162
2312,金寶,51,27,24,中國信託-忠孝,2024-08-21,6162
2317,鴻海,46,23,23,中國信託-忠孝,2024-08-21,6162
2374,佳能,23,1,22,中國信託-忠孝,2024-08-21,6162
2542,興富發,33,12,21,中國信託-忠孝,2024-08-21,6162
3048,益登,21,0,21,中國信託-忠孝,2024-08-21,6162
2891,中信金,237,21,216,中國信託-忠孝,2024-08-22,6162
00687B,國泰20年美債,169,0,169,中國信託-忠孝,2024-08-22,6162
2534,宏盛,136,23,113,中國信託-忠孝,2024-08-22,6162
00680L,元大美債20正2,122,10,112,中國信託-忠孝,2024-08-22,6162
1785,光洋科,123,39,84,中國信託-忠孝,2024-08-22,6162
2317,鴻海,139,64,75,中國信託-忠孝,2024-08-22,6162
5425,台半,60,1,59,中國信託-忠孝,2024-08-22,6162
3056,富華新,61,2,59,中國信託-忠孝,2024-08-22,6162
2610,華航,125,70,55,中國信託-忠孝,2024-08-22,6162
1717,長興,104,51,53,中國信託-忠孝,2024-08-22,6162
3712,永崴投控,53,0,53,中國信託-忠孝,2024-08-22,6162
2353,宏��,52,2,50,中國信託-忠孝,2024-08-22,6162
1718,中纖,50,0,50,中國信託-忠孝,2024-08-22,6162
2890,永豐金,47,0,47,中國信託-忠孝,2024-08-22,6162
00929,復華台灣科技優息,96,49,47,中國信託-忠孝,2024-08-22,6162
00919,群益台灣精選高息,60,16,44,中國信託-忠孝,2024-08-22,6162
1438,三地開發,41,0,41,中國信託-忠孝,2024-08-22,6162
5498,凱崴,40,0,40,中國信託-忠孝,2024-08-22,6162
00940,元大台灣價值高息,39,2,37,中國信託-忠孝,2024-08-22,6162
2597,潤弘,35,2,33,中國信託-忠孝,2024-08-22,6162
00918,大華優利高填息30,32,0,32,中國信託-忠孝,2024-08-22,6162
6213,聯茂,34,4,30,中國信託-忠孝,2024-08-22,6162
6589,台康生技,30,0,30,中國信託-忠孝,2024-08-22,6162
5443,均豪,67,38,29,中國信託-忠孝,2024-08-22,6162
1409,新纖,31,2,29,中國信託-忠孝,2024-08-22,6162
3019,亞光,49,22,27,中國信託-忠孝,2024-08-22,6162
00795B,中信美國公債20年,27,1,26,中國信託-忠孝,2024-08-22,6162
2867,三商壽,29,4,25,中國信託-忠孝,2024-08-22,6162
1584,精剛,64,39,25,中國信託-忠孝,2024-08-22,6162
1707,葡萄王,25,0,25,中國信託-忠孝,2024-08-22,6162
3234,光環,25,0,25,中國信託-忠孝,2024-08-22,6162
00715L,期街口布蘭特正2,24,0,24,中國信託-忠孝,2024-08-22,6162
2349,錸德,244,220,24,中國信託-忠孝,2024-08-22,6162
2834,臺企銀,23,0,23,中國信託-忠孝,2024-08-22,6162
00953B,群益優選非投等債,23,0,23,中國信託-忠孝,2024-08-22,6162
2330,台積電,27,5,22,中國信託-忠孝,2024-08-22,6162
3047,訊舟,103,82,21,中國信託-忠孝,2024-08-22,6162
00907,永豐優息存股,20,0,20,中國信託-忠孝,2024-08-22,6162
6532,瑞耘,20,0,20,中國信託-忠孝,2024-08-22,6162
1710,東聯,20,0,20,中國信託-忠孝,2024-08-22,6162
00948B,中信優息投資級債,40,20,20,中國信託-忠孝,2024-08-22,6162
2365,昆盈,43,25,18,中國信託-忠孝,2024-08-22,6162
2497,怡利電,26,8,18,中國信託-忠孝,2024-08-22,6162
2542,興富發,72,54,18,中國信託-忠孝,2024-08-22,6162
8096,擎亞,113,95,18,中國信託-忠孝,2024-08-22,6162
5529,鉅陞,18,0,18,中國信託-忠孝,2024-08-22,6162
00915,凱基優選高股息30,17,0,17,中國信託-忠孝,2024-08-22,6162
6757,台灣虎航,17,0,17,中國信託-忠孝,2024-08-22,6162
2312,金寶,27,10,17,中國信託-忠孝,2024-08-22,6162
2374,佳能,56,40,16,中國信託-忠孝,2024-08-22,6162
00632R,元大台灣50反1,427,130,297,中國信託-忠孝,2024-08-23,6162
2838,聯邦銀,200,0,200,中國信託-忠孝,2024-08-23,6162
2891,中信金,187,37,150,中國信託-忠孝,2024-08-23,6162
2534,宏盛,255,107,148,中國信託-忠孝,2024-08-23,6162
00687B,國泰20年美債,123,7,116,中國信託-忠孝,2024-08-23,6162
00940,元大台灣價值高息,154,40,114,中國信託-忠孝,2024-08-23,6162
2409,友達,110,0,110,中國信託-忠孝,2024-08-23,6162
00948B,中信優息投資級債,110,0,110,中國信託-忠孝,2024-08-23,6162
00878,國泰永續高股息,165,61,104,中國信託-忠孝,2024-08-23,6162
3056,富華新,101,0,101,中國信託-忠孝,2024-08-23,6162
00680L,元大美債20正2,158,60,98,中國信託-忠孝,2024-08-23,6162
2834,臺企銀,91,1,90,中國信託-忠孝,2024-08-23,6162
00919,群益台灣精選高息,80,6,74,中國信託-忠孝,2024-08-23,6162
4526,東台,73,0,73,中國信託-忠孝,2024-08-23,6162
1314,中石化,89,16,73,中國信託-忠孝,2024-08-23,6162
00642U,期元大S＆P石油,63,0,63,中國信託-忠孝,2024-08-23,6162
2812,台中銀,61,0,61,中國信託-忠孝,2024-08-23,6162
00929,復華台灣科技優息,72,12,60,中國信託-忠孝,2024-08-23,6162
00679B,元大美債20年,84,30,54,中國信託-忠孝,2024-08-23,6162
2442,新美齊,55,1,54,中國信託-忠孝,2024-08-23,6162
00918,大華優利高填息30,51,0,51,中國信託-忠孝,2024-08-23,6162
1718,中纖,50,0,50,中國信託-忠孝,2024-08-23,6162
5521,工信,50,0,50,中國信託-忠孝,2024-08-23,6162
5512,力麒,50,0,50,中國信託-忠孝,2024-08-23,6162
00795B,中信美國公債20年,50,0,50,中國信託-忠孝,2024-08-23,6162
2610,華航,45,0,45,中國信託-忠孝,2024-08-23,6162
1708,東鹼,48,7,41,中國信託-忠孝,2024-08-23,6162
2515,中工,51,11,40,中國信託-忠孝,2024-08-23,6162
3663,鑫科,49,9,40,中國信託-忠孝,2024-08-23,6162
1785,光洋科,50,14,36,中國信託-忠孝,2024-08-23,6162
00688L,國泰20年美債正2,35,0,35,中國信託-忠孝,2024-08-23,6162
8043,蜜望實,38,4,34,中國信託-忠孝,2024-08-23,6162
2337,旺宏,34,1,33,中國信託-忠孝,2024-08-23,6162
2312,金寶,35,4,31,中國信託-忠孝,2024-08-23,6162
3712,永崴投控,32,1,31,中國信託-忠孝,2024-08-23,6162
2363,矽統,35,6,29,中國信託-忠孝,2024-08-23,6162
6589,台康生技,30,1,29,中國信託-忠孝,2024-08-23,6162
2520,冠德,32,5,27,中國信託-忠孝,2024-08-23,6162
1711,永光,71,44,27,中國信託-忠孝,2024-08-23,6162
3339,泰谷,30,3,27,中國信託-忠孝,2024-08-23,6162
4540,全球傳動,28,2,26,中國信託-忠孝,2024-08-23,6162
3149,正達,39,16,23,中國信託-忠孝,2024-08-23,6162
00751B,元大AAA至A公司債,22,0,22,中國信託-忠孝,2024-08-23,6162
8064,東捷,124,103,21,中國信託-忠孝,2024-08-23,6162
5364,力麗店,20,0,20,中國信託-忠孝,2024-08-23,6162
2498,宏達電,20,1,19,中國信託-忠孝,2024-08-23,6162
2641,正德,19,0,19,中國信託-忠孝,2024-08-23,6162
4513,福裕,23,4,19,中國信託-忠孝,2024-08-23,6162
8039,台虹,34,15,19,中國信託-忠孝,2024-08-23,6162
3284,太普高,19,1,18,中國信託-忠孝,2024-08-23,6162
2888,新光金,5437,2952,2485,中國信託-忠孝,2024-08-26,6162
00948B,中信優息投資級債,443,0,443,中國信託-忠孝,2024-08-26,6162
2880,華南金,300,0,300,中國信託-忠孝,2024-08-26,6162
00687B,國泰20年美債,276,54,222,中國信託-忠孝,2024-08-26,6162
3056,富華新,185,5,180,中國信託-忠孝,2024-08-26,6162
00933B,國泰10Y+金融債,217,60,157,中國信託-忠孝,2024-08-26,6162
2610,華航,107,7,100,中國信託-忠孝,2024-08-26,6162
00929,復華台灣科技優息,122,27,95,中國信託-忠孝,2024-08-26,6162
2891,中信金,155,65,90,中國信託-忠孝,2024-08-26,6162
4526,東台,83,2,81,中國信託-忠孝,2024-08-26,6162
00713,元大台灣高息低波,79,3,76,中國信託-忠孝,2024-08-26,6162
2312,金寶,106,33,73,中國信託-忠孝,2024-08-26,6162
2882,國泰金,85,15,70,中國信託-忠孝,2024-08-26,6162
00919,群益台灣精選高息,78,12,66,中國信託-忠孝,2024-08-26,6162
00940,元大台灣價值高息,88,30,58,中國信託-忠孝,2024-08-26,6162
1536,和大,55,0,55,中國信託-忠孝,2024-08-26,6162
00773B,中信優先金融債,50,0,50,中國信託-忠孝,2024-08-26,6162
6185,幃翔,50,0,50,中國信託-忠孝,2024-08-26,6162
00720B,元大投資級公司債,50,0,50,中國信託-忠孝,2024-08-26,6162
2890,永豐金,49,0,49,中國信託-忠孝,2024-08-26,6162
0056,元大高股息,50,7,43,中國信託-忠孝,2024-08-26,6162
00632R,元大台灣50反1,57,15,42,中國信託-忠孝,2024-08-26,6162
5364,力麗店,37,0,37,中國信託-忠孝,2024-08-26,6162
00795B,中信美國公債20年,52,16,36,中國信託-忠孝,2024-08-26,6162
3081,聯亞,37,2,35,中國信託-忠孝,2024-08-26,6162
2897,王道銀行,35,0,35,中國信託-忠孝,2024-08-26,6162
00931B,統一美債20年,31,0,31,中國信託-忠孝,2024-08-26,6162
2441,超豐,30,0,30,中國信託-忠孝,2024-08-26,6162
00946,群益科技高息成長,30,0,30,中國信託-忠孝,2024-08-26,6162
3663,鑫科,40,10,30,中國信託-忠孝,2024-08-26,6162
4510,高鋒,50,21,29,中國信託-忠孝,2024-08-26,6162
4956,光鋐,30,1,29,中國信託-忠孝,2024-08-26,6162
1101,台泥,33,4,29,中國信託-忠孝,2024-08-26,6162
2317,鴻海,55,27,28,中國信託-忠孝,2024-08-26,6162
6187,萬潤,28,0,28,中國信託-忠孝,2024-08-26,6162
1785,光洋科,82,56,26,中國信託-忠孝,2024-08-26,6162
2812,台中銀,28,3,25,中國信託-忠孝,2024-08-26,6162
00725B,國泰投資級公司債,30,5,25,中國信託-忠孝,2024-08-26,6162
9105,泰金寶-DR,30,5,25,中國信託-忠孝,2024-08-26,6162
00751B,元大AAA至A公司債,29,5,24,中國信託-忠孝,2024-08-26,6162
6606,建德工業,23,0,23,中國信託-忠孝,2024-08-26,6162
2349,錸德,59,37,22,中國信託-忠孝,2024-08-26,6162
00881,國泰台灣5G+,22,0,22,中國信託-忠孝,2024-08-26,6162
5443,均豪,108,87,21,中國信託-忠孝,2024-08-26,6162
2363,矽統,31,11,20,中國信託-忠孝,2024-08-26,6162
00633L,富邦上証正2,20,0,20,中國信託-忠孝,2024-08-26,6162
8354,冠好,20,0,20,中國信託-忠孝,2024-08-26,6162
4720,德淵,40,20,20,中國信託-忠孝,2024-08-26,6162
8046,南電,23,3,20,中國信託-忠孝,2024-08-26,6162
3450,聯鈞,22,3,19,中國信託-忠孝,2024-08-26,6162
2880,華南金,304,0,304,中國信託-忠孝,2024-08-27,6162
00878,國泰永續高股息,192,5,187,中國信託-忠孝,2024-08-27,6162
2888,新光金,786,615,171,中國信託-忠孝,2024-08-27,6162
2610,華航,149,1,148,中國信託-忠孝,2024-08-27,6162
2891,中信金,169,49,120,中國信託-忠孝,2024-08-27,6162
00940,元大台灣價值高息,120,6,114,中國信託-忠孝,2024-08-27,6162
2834,臺企銀,116,3,113,中國信託-忠孝,2024-08-27,6162
00795B,中信美國公債20年,88,0,88,中國信託-忠孝,2024-08-27,6162
00929,復華台灣科技優息,86,1,85,中國信託-忠孝,2024-08-27,6162
9958,世紀鋼,112,31,81,中國信託-忠孝,2024-08-27,6162
00919,群益台灣精選高息,85,4,81,中國信託-忠孝,2024-08-27,6162
00687B,國泰20年美債,126,55,71,中國信託-忠孝,2024-08-27,6162
00937B,群益ESG投等債20,74,4,70,中國信託-忠孝,2024-08-27,6162
00933B,國泰10Y+金融債,66,0,66,中國信託-忠孝,2024-08-27,6162
00713,元大台灣高息低波,64,2,62,中國信託-忠孝,2024-08-27,6162
00679B,元大美債20年,76,25,51,中國信託-忠孝,2024-08-27,6162
2409,友達,87,40,47,中國信託-忠孝,2024-08-27,6162
00936,台新永續高息中小,60,13,47,中國信託-忠孝,2024-08-27,6162
2609,陽明,47,2,45,中國信託-忠孝,2024-08-27,6162
00915,凱基優選高股息30,43,0,43,中國信託-忠孝,2024-08-27,6162
00948B,中信優息投資級債,42,0,42,中國信託-忠孝,2024-08-27,6162
00720B,元大投資級公司債,37,0,37,中國信託-忠孝,2024-08-27,6162
00934,中信成長高股息,37,0,37,中國信託-忠孝,2024-08-27,6162
2480,敦陽科,37,0,37,中國信託-忠孝,2024-08-27,6162
3645,達邁,80,43,37,中國信託-忠孝,2024-08-27,6162
00725B,國泰投資級公司債,35,0,35,中國信託-忠孝,2024-08-27,6162
00857B,永豐20年美公債,34,0,34,中國信託-忠孝,2024-08-27,6162
3663,鑫科,55,22,33,中國信託-忠孝,2024-08-27,6162
2812,台中銀,34,2,32,中國信託-忠孝,2024-08-27,6162
8028,昇陽半導體,81,54,27,中國信託-忠孝,2024-08-27,6162
6136,富爾特,26,0,26,中國信託-忠孝,2024-08-27,6162
00773B,中信優先金融債,25,0,25,中國信託-忠孝,2024-08-27,6162
2615,萬海,28,5,23,中國信託-忠孝,2024-08-27,6162
3581,博磊,51,28,23,中國信託-忠孝,2024-08-27,6162
2317,鴻海,36,14,22,中國信託-忠孝,2024-08-27,6162
2002,中鋼,20,0,20,中國信託-忠孝,2024-08-27,6162
6239,力成,20,0,20,中國信託-忠孝,2024-08-27,6162
2029,盛餘,20,0,20,中國信託-忠孝,2024-08-27,6162
6187,萬潤,20,0,20,中國信託-忠孝,2024-08-27,6162
00751B,元大AAA至A公司債,29,10,19,中國信託-忠孝,2024-08-27,6162
6830,汎銓,20,1,19,中國信託-忠孝,2024-08-27,6162
5469,瀚宇博,24,5,19,中國信託-忠孝,2024-08-27,6162
8404,百和興業-KY,21,2,19,中國信託-忠孝,2024-08-27,6162
4526,東台,27,9,18,中國信託-忠孝,2024-08-27,6162
00923,群益台ESG低碳50,17,0,17,中國信託-忠孝,2024-08-27,6162
6244,茂迪,59,42,17,中國信託-忠孝,2024-08-27,6162
2330,台積電,18,2,16,中國信託-忠孝,2024-08-27,6162
2429,銘旺科,18,2,16,中國信託-忠孝,2024-08-27,6162
2402,毅嘉,40,24,16,中國信託-忠孝,2024-08-27,6162
00918,大華優利高填息30,16,0,16,中國信託-忠孝,2024-08-27,6162
00948B,中信優息投資級債,365,50,315,中國信託-忠孝,2024-08-28,6162
00679B,元大美債20年,259,10,249,中國信託-忠孝,2024-08-28,6162
00687B,國泰20年美債,151,12,139,中國信託-忠孝,2024-08-28,6162
2891,中信金,163,35,128,中國信託-忠孝,2024-08-28,6162
3056,富華新,181,69,112,中國信託-忠孝,2024-08-28,6162
2880,華南金,104,0,104,中國信託-忠孝,2024-08-28,6162
1718,中纖,100,0,100,中國信託-忠孝,2024-08-28,6162
2834,臺企銀,105,6,99,中國信託-忠孝,2024-08-28,6162
00937B,群益ESG投等債20,130,38,92,中國信託-忠孝,2024-08-28,6162
2515,中工,81,6,75,中國信託-忠孝,2024-08-28,6162
00795B,中信美國公債20年,78,5,73,中國信託-忠孝,2024-08-28,6162
8927,北基,74,5,69,中國信託-忠孝,2024-08-28,6162
2812,台中銀,57,0,57,中國信託-忠孝,2024-08-28,6162
00680L,元大美債20正2,112,55,57,中國信託-忠孝,2024-08-28,6162
00637L,元大滬深300正2,51,0,51,中國信託-忠孝,2024-08-28,6162
3049,精金,48,0,48,中國信託-忠孝,2024-08-28,6162
1536,和大,45,0,45,中國信託-忠孝,2024-08-28,6162
3284,太普高,45,0,45,中國信託-忠孝,2024-08-28,6162
3376,新日興,60,17,43,中國信託-忠孝,2024-08-28,6162
3533,嘉澤,43,0,43,中國信託-忠孝,2024-08-28,6162
6164,華興,40,0,40,中國信託-忠孝,2024-08-28,6162
00919,群益台灣精選高息,50,13,37,中國信託-忠孝,2024-08-28,6162
2542,興富發,37,0,37,中國信託-忠孝,2024-08-28,6162
00773B,中信優先金融債,35,0,35,中國信託-忠孝,2024-08-28,6162
9958,世紀鋼,194,161,33,中國信託-忠孝,2024-08-28,6162
3062,建漢,50,20,30,中國信託-忠孝,2024-08-28,6162
5443,均豪,113,84,29,中國信託-忠孝,2024-08-28,6162
00726B,國泰新興投等債,28,0,28,中國信託-忠孝,2024-08-28,6162
6136,富爾特,28,0,28,中國信託-忠孝,2024-08-28,6162
2405,輔信,40,12,28,中國信託-忠孝,2024-08-28,6162
8111,立��,36,8,28,中國信託-忠孝,2024-08-28,6162
4561,健椿,38,12,26,中國信託-忠孝,2024-08-28,6162
3312,弘憶股,32,8,24,中國信託-忠孝,2024-08-28,6162
2897,王道銀行,23,0,23,中國信託-忠孝,2024-08-28,6162
3189,景碩,30,8,22,中國信託-忠孝,2024-08-28,6162
1303,南亞,21,0,21,中國信託-忠孝,2024-08-28,6162
00720B,元大投資級公司債,20,0,20,中國信託-忠孝,2024-08-28,6162
2455,全新,24,4,20,中國信託-忠孝,2024-08-28,6162
00753L,中信中國50正2,20,0,20,中國信託-忠孝,2024-08-28,6162
00655L,國泰中國A50正2,20,0,20,中國信託-忠孝,2024-08-28,6162
2317,鴻海,67,47,20,中國信託-忠孝,2024-08-28,6162
6187,萬潤,21,2,19,中國信託-忠孝,2024-08-28,6162
1528,恩德,39,21,18,中國信託-忠孝,2024-08-28,6162
6138,茂達,18,0,18,中國信託-忠孝,2024-08-28,6162
2480,敦陽科,17,0,17,中國信託-忠孝,2024-08-28,6162
2543,皇昌,56,40,16,中國信託-忠孝,2024-08-28,6162
6706,惠特,37,22,15,中國信託-忠孝,2024-08-28,6162
6603,富強鑫,25,10,15,中國信託-忠孝,2024-08-28,6162
2392,正崴,92,78,14,中國信託-忠孝,2024-08-28,6162
3054,立萬利,14,0,14,中國信託-忠孝,2024-08-28,6162
00937B,群益ESG投等債20,295,24,271,中國信託-忠孝,2024-08-29,6162
00922,國泰台灣領袖50,240,0,240,中國信託-忠孝,2024-08-29,6162
2891,中信金,222,15,207,中國信託-忠孝,2024-08-29,6162
00687B,國泰20年美債,158,3,155,中國信託-忠孝,2024-08-29,6162
00929,復華台灣科技優息,213,65,148,中國信託-忠孝,2024-08-29,6162
3056,富華新,135,6,129,中國信託-忠孝,2024-08-29,6162
2880,華南金,115,0,115,中國信託-忠孝,2024-08-29,6162
3481,群創,125,11,114,中國信託-忠孝,2024-08-29,6162
00679B,元大美債20年,111,7,104,中國信託-忠孝,2024-08-29,6162
00795B,中信美國公債20年,104,6,98,中國信託-忠孝,2024-08-29,6162
00959B,大華投等美債15Y+,120,40,80,中國信託-忠孝,2024-08-29,6162
00948B,中信優息投資級債,77,2,75,中國信託-忠孝,2024-08-29,6162
00878,國泰永續高股息,78,6,72,中國信託-忠孝,2024-08-29,6162
2330,台積電,74,4,70,中國信託-忠孝,2024-08-29,6162
00919,群益台灣精選高息,62,12,50,中國信託-忠孝,2024-08-29,6162
1718,中纖,50,0,50,中國信託-忠孝,2024-08-29,6162
00751B,元大AAA至A公司債,47,0,47,中國信託-忠孝,2024-08-29,6162
3054,立萬利,43,0,43,中國信託-忠孝,2024-08-29,6162
2845,遠東銀,46,3,43,中國信託-忠孝,2024-08-29,6162
2834,臺企銀,47,5,42,中國信託-忠孝,2024-08-29,6162
2897,王道銀行,43,2,41,中國信託-忠孝,2024-08-29,6162
4555,氣立,63,22,41,中國信託-忠孝,2024-08-29,6162
6721,信實,40,0,40,中國信託-忠孝,2024-08-29,6162
00753L,中信中國50正2,38,0,38,中國信託-忠孝,2024-08-29,6162
00933B,國泰10Y+金融債,38,0,38,中國信託-忠孝,2024-08-29,6162
00713,元大台灣高息低波,37,1,36,中國信託-忠孝,2024-08-29,6162
1584,精剛,36,0,36,中國信託-忠孝,2024-08-29,6162
1316,上曜,36,0,36,中國信託-忠孝,2024-08-29,6162
1449,佳和,33,0,33,中國信託-忠孝,2024-08-29,6162
4510,高鋒,212,179,33,中國信託-忠孝,2024-08-29,6162
2812,台中銀,30,0,30,中國信託-忠孝,2024-08-29,6162
00862B,中信投資級公司債,30,0,30,中國信託-忠孝,2024-08-29,6162
3631,晟楠,30,0,30,中國信託-忠孝,2024-08-29,6162
6431,光麗-KY,30,0,30,中國信託-忠孝,2024-08-29,6162
6284,佳邦,30,0,30,中國信託-忠孝,2024-08-29,6162
3015,全漢,28,0,28,中國信託-忠孝,2024-08-29,6162
4534,慶騰,30,2,28,中國信託-忠孝,2024-08-29,6162
0050,元大台灣50,30,3,27,中國信託-忠孝,2024-08-29,6162
4513,福裕,34,9,25,中國信託-忠孝,2024-08-29,6162
00725B,國泰投資級公司債,25,0,25,中國信託-忠孝,2024-08-29,6162
8085,福華,25,0,25,中國信託-忠孝,2024-08-29,6162
00953B,群益優選非投等債,23,0,23,中國信託-忠孝,2024-08-29,6162
3289,宜特,30,8,22,中國信託-忠孝,2024-08-29,6162
00915,凱基優選高股息30,22,0,22,中國信託-忠孝,2024-08-29,6162
2881,富邦金,21,0,21,中國信託-忠孝,2024-08-29,6162
00772B,中信高評級公司債,20,0,20,中國信託-忠孝,2024-08-29,6162
00881,國泰台灣5G+,20,0,20,中國信託-忠孝,2024-08-29,6162
00830,國泰費城半導體,21,2,19,中國信託-忠孝,2024-08-29,6162
3550,聯穎,78,59,19,中國信託-忠孝,2024-08-29,6162
6187,萬潤,20,1,19,中國信託-忠孝,2024-08-29,6162
2618,長榮航,743,139,604,中國信託-忠孝,2024-08-30,6162
00937B,群益ESG投等債20,258,13,245,中國信託-忠孝,2024-08-30,6162
3481,群創,331,108,223,中國信託-忠孝,2024-08-30,6162
4306,炎洲,130,0,130,中國信託-忠孝,2024-08-30,6162
3056,富華新,109,2,107,中國信託-忠孝,2024-08-30,6162
00687B,國泰20年美債,114,11,103,中國信託-忠孝,2024-08-30,6162
00929,復華台灣科技優息,125,24,101,中國信託-忠孝,2024-08-30,6162
00948B,中信優息投資級債,70,0,70,中國信託-忠孝,2024-08-30,6162
3712,永崴投控,71,1,70,中國信託-忠孝,2024-08-30,6162
00919,群益台灣精選高息,79,14,65,中國信託-忠孝,2024-08-30,6162
2812,台中銀,69,5,64,中國信託-忠孝,2024-08-30,6162
00933B,國泰10Y+金融債,52,0,52,中國信託-忠孝,2024-08-30,6162
6164,華興,50,0,50,中國信託-忠孝,2024-08-30,6162
4714,永捷,59,9,50,中國信託-忠孝,2024-08-30,6162
2409,友達,57,10,47,中國信託-忠孝,2024-08-30,6162
3062,建漢,58,11,47,中國信託-忠孝,2024-08-30,6162
6283,淳安,44,3,41,中國信託-忠孝,2024-08-30,6162
00795B,中信美國公債20年,41,0,41,中國信託-忠孝,2024-08-30,6162
2313,華通,105,67,38,中國信託-忠孝,2024-08-30,6162
2540,愛山林,40,1,39,中國信託-忠孝,2024-08-30,6162
1802,台玻,38,0,38,中國信託-忠孝,2024-08-30,6162
1711,永光,52,16,36,中國信託-忠孝,2024-08-30,6162
6156,松上,45,9,36,中國信託-忠孝,2024-08-30,6162
2834,臺企銀,39,5,34,中國信託-忠孝,2024-08-30,6162
00757,統一FANG+,31,0,31,中國信託-忠孝,2024-08-30,6162
00772B,中信高評級公司債,30,0,30,中國信託-忠孝,2024-08-30,6162
00751B,元大AAA至A公司債,30,0,30,中國信託-忠孝,2024-08-30,6162
00931B,統一美債20年,29,0,29,中國信託-忠孝,2024-08-30,6162
006208,富邦台50,29,0,29,中國信託-忠孝,2024-08-30,6162
8086,宏捷科,35,6,29,中國信託-忠孝,2024-08-30,6162
3105,穩懋,28,1,27,中國信託-忠孝,2024-08-30,6162
3689,湧德,58,31,27,中國信託-忠孝,2024-08-30,6162
2610,華航,29,2,27,中國信託-忠孝,2024-08-30,6162
00679B,元大美債20年,25,0,25,中國信託-忠孝,2024-08-30,6162
1727,中華化,27,2,25,中國信託-忠孝,2024-08-30,6162
1584,精剛,26,1,25,中國信託-忠孝,2024-08-30,6162
3615,安可,25,0,25,中國信託-忠孝,2024-08-30,6162
2425,承啟,121,97,24,中國信託-忠孝,2024-08-30,6162
2887,台新金,26,3,23,中國信託-忠孝,2024-08-30,6162
00725B,國泰投資級公司債,23,0,23,中國信託-忠孝,2024-08-30,6162
00878,國泰永續高股息,28,5,23,中國信託-忠孝,2024-08-30,6162
6213,聯茂,29,7,22,中國信託-忠孝,2024-08-30,6162
8085,福華,58,36,22,中國信託-忠孝,2024-08-30,6162
2455,全新,41,20,21,中國信託-忠孝,2024-08-30,6162
00720B,元大投資級公司債,21,0,21,中國信託-忠孝,2024-08-30,6162
4958,臻鼎-KY,27,6,21,中國信託-忠孝,2024-08-30,6162
00773B,中信優先金融債,20,0,20,中國信託-忠孝,2024-08-30,6162
00713,元大台灣高息低波,21,2,19,中國信託-忠孝,2024-08-30,6162
3013,晟銘電,20,2,18,中國信託-忠孝,2024-08-30,6162
8096,擎亞,31,13,18,中國信託-忠孝,2024-08-30,6162
00948B,中信優息投資級債,1049,0,1049,中國信託-忠孝,2024-09-02,6162
00665L,富邦�琤肭磪囓�2,304,0,304,中國信託-忠孝,2024-09-02,6162
00632R,元大台灣50反1,300,0,300,中國信託-忠孝,2024-09-02,6162
00937B,群益ESG投等債20,276,22,254,中國信託-忠孝,2024-09-02,6162
00687B,國泰20年美債,207,45,162,中國信託-忠孝,2024-09-02,6162
3056,富華新,163,21,142,中國信託-忠孝,2024-09-02,6162
2834,臺企銀,108,4,104,中國信託-忠孝,2024-09-02,6162
8021,尖點,103,0,103,中國信託-忠孝,2024-09-02,6162
1514,亞力,111,17,94,中國信託-忠孝,2024-09-02,6162
00680L,元大美債20正2,85,0,85,中國信託-忠孝,2024-09-02,6162
3290,東浦,103,25,78,中國信託-忠孝,2024-09-02,6162
00795B,中信美國公債20年,72,0,72,中國信託-忠孝,2024-09-02,6162
00715L,期街口布蘭特正2,68,0,68,中國信託-忠孝,2024-09-02,6162
00688L,國泰20年美債正2,65,0,65,中國信託-忠孝,2024-09-02,6162
00919,群益台灣精選高息,67,5,62,中國信託-忠孝,2024-09-02,6162
1785,光洋科,162,104,58,中國信託-忠孝,2024-09-02,6162
2313,華通,75,21,54,中國信託-忠孝,2024-09-02,6162
2376,技嘉,97,47,50,中國信託-忠孝,2024-09-02,6162
2349,錸德,96,46,50,中國信託-忠孝,2024-09-02,6162
4720,德淵,50,1,49,中國信託-忠孝,2024-09-02,6162
2812,台中銀,54,5,49,中國信託-忠孝,2024-09-02,6162
3481,群創,51,9,42,中國信託-忠孝,2024-09-02,6162
00751B,元大AAA至A公司債,41,0,41,中國信託-忠孝,2024-09-02,6162
00882,中信中國高股息,42,3,39,中國信託-忠孝,2024-09-02,6162
3024,憶聲,37,0,37,中國信託-忠孝,2024-09-02,6162
3376,新日興,43,7,36,中國信託-忠孝,2024-09-02,6162
00633L,富邦上証正2,35,0,35,中國信託-忠孝,2024-09-02,6162
2317,鴻海,54,19,35,中國信託-忠孝,2024-09-02,6162
00918,大華優利高填息30,33,0,33,中國信託-忠孝,2024-09-02,6162
2615,萬海,42,9,33,中國信託-忠孝,2024-09-02,6162
00887,永豐中國科技50大,30,0,30,中國信託-忠孝,2024-09-02,6162
5392,能率,63,33,30,中國信託-忠孝,2024-09-02,6162
00679B,元大美債20年,30,0,30,中國信託-忠孝,2024-09-02,6162
00929,復華台灣科技優息,29,0,29,中國信託-忠孝,2024-09-02,6162
00713,元大台灣高息低波,30,1,29,中國信託-忠孝,2024-09-02,6162
1903,士紙,36,8,28,中國信託-忠孝,2024-09-02,6162
1536,和大,28,0,28,中國信託-忠孝,2024-09-02,6162
1301,台塑,28,0,28,中國信託-忠孝,2024-09-02,6162
4513,福裕,37,10,27,中國信託-忠孝,2024-09-02,6162
00637L,元大滬深300正2,26,0,26,中國信託-忠孝,2024-09-02,6162
6245,立端,27,1,26,中國信託-忠孝,2024-09-02,6162
4583,台灣精銳,30,6,24,中國信託-忠孝,2024-09-02,6162
6136,富爾特,24,0,24,中國信託-忠孝,2024-09-02,6162
3645,達邁,24,1,23,中國信託-忠孝,2024-09-02,6162
6213,聯茂,30,8,22,中國信託-忠孝,2024-09-02,6162
00706L,期元大S＆P日圓正2,22,0,22,中國信託-忠孝,2024-09-02,6162
2301,光寶科,21,0,21,中國信託-忠孝,2024-09-02,6162
00959B,大華投等美債15Y+,21,0,21,中國信託-忠孝,2024-09-02,6162
1220,台榮,20,0,20,中國信託-忠孝,2024-09-02,6162
5306,桂盟,19,0,19,中國信託-忠孝,2024-09-02,6162
00632R,元大台灣50反1,900,0,900,中國信託-忠孝,2024-09-03,6162
5534,長虹,170,0,170,中國信託-忠孝,2024-09-03,6162
3056,富華新,191,32,159,中國信託-忠孝,2024-09-03,6162
00937B,群益ESG投等債20,157,6,151,中國信託-忠孝,2024-09-03,6162
3481,群創,124,2,122,中國信託-忠孝,2024-09-03,6162
2610,華航,151,34,117,中國信託-忠孝,2024-09-03,6162
2812,台中銀,106,2,104,中國信託-忠孝,2024-09-03,6162
2323,中環,101,0,101,中國信託-忠孝,2024-09-03,6162
00687B,國泰20年美債,100,0,100,中國信託-忠孝,2024-09-03,6162
00919,群益台灣精選高息,106,11,95,中國信託-忠孝,2024-09-03,6162
00929,復華台灣科技優息,165,81,84,中國信託-忠孝,2024-09-03,6162
00943,兆豐電子高息等權,72,0,72,中國信託-忠孝,2024-09-03,6162
00948B,中信優息投資級債,70,0,70,中國信託-忠孝,2024-09-03,6162
2420,新巨,76,8,68,中國信託-忠孝,2024-09-03,6162
2834,臺企銀,70,4,66,中國信託-忠孝,2024-09-03,6162
00878,國泰永續高股息,66,3,63,中國信託-忠孝,2024-09-03,6162
00882,中信中國高股息,59,2,57,中國信託-忠孝,2024-09-03,6162
00679B,元大美債20年,51,0,51,中國信託-忠孝,2024-09-03,6162
00918,大華優利高填息30,51,1,50,中國信託-忠孝,2024-09-03,6162
4935,茂林-KY,50,0,50,中國信託-忠孝,2024-09-03,6162
2891,中信金,81,31,50,中國信託-忠孝,2024-09-03,6162
2486,一詮,64,16,48,中國信託-忠孝,2024-09-03,6162
00915,凱基優選高股息30,46,0,46,中國信託-忠孝,2024-09-03,6162
3376,新日興,52,9,43,中國信託-忠孝,2024-09-03,6162
2609,陽明,44,2,42,中國信託-忠孝,2024-09-03,6162
2243,宏旭-KY,38,0,38,中國信託-忠孝,2024-09-03,6162
1711,永光,49,13,36,中國信託-忠孝,2024-09-03,6162
00953B,群益優選非投等債,33,0,33,中國信託-忠孝,2024-09-03,6162
1303,南亞,40,8,32,中國信託-忠孝,2024-09-03,6162
2887,台新金,34,3,31,中國信託-忠孝,2024-09-03,6162
3062,建漢,52,21,31,中國信託-忠孝,2024-09-03,6162
2442,新美齊,30,0,30,中國信託-忠孝,2024-09-03,6162
1903,士紙,66,36,30,中國信託-忠孝,2024-09-03,6162
8070,長華*,48,18,30,中國信託-忠孝,2024-09-03,6162
1101,台泥,33,4,29,中國信託-忠孝,2024-09-03,6162
4555,氣立,31,3,28,中國信託-忠孝,2024-09-03,6162
2845,遠東銀,28,0,28,中國信託-忠孝,2024-09-03,6162
2363,矽統,28,2,26,中國信託-忠孝,2024-09-03,6162
1815,富喬,47,21,26,中國信託-忠孝,2024-09-03,6162
00655L,國泰中國A50正2,26,0,26,中國信託-忠孝,2024-09-03,6162
3390,旭軟,25,0,25,中國信託-忠孝,2024-09-03,6162
4763,材料-KY,32,11,21,中國信託-忠孝,2024-09-03,6162
3024,憶聲,20,0,20,中國信託-忠孝,2024-09-03,6162
3450,聯鈞,35,15,20,中國信託-忠孝,2024-09-03,6162
2104,國際中橡,20,0,20,中國信託-忠孝,2024-09-03,6162
8021,尖點,20,0,20,中國信託-忠孝,2024-09-03,6162
4534,慶騰,22,3,19,中國信託-忠孝,2024-09-03,6162
00946,群益科技高息成長,18,0,18,中國信託-忠孝,2024-09-03,6162
4720,德淵,18,1,17,中國信託-忠孝,2024-09-03,6162
1316,上曜,18,1,17,中國信託-忠孝,2024-09-03,6162
00929,復華台灣科技優息,511,33,478,中國信託-忠孝,2024-09-04,6162
00919,群益台灣精選高息,436,50,386,中國信託-忠孝,2024-09-04,6162
2834,臺企銀,358,1,357,中國信託-忠孝,2024-09-04,6162
00878,國泰永續高股息,389,34,355,中國信託-忠孝,2024-09-04,6162
00922,國泰台灣領袖50,271,0,271,中國信託-忠孝,2024-09-04,6162
00940,元大台灣價值高息,322,74,248,中國信託-忠孝,2024-09-04,6162
2412,中華電,248,0,248,中國信託-忠孝,2024-09-04,6162
2812,台中銀,245,2,243,中國信託-忠孝,2024-09-04,6162
2891,中信金,276,61,215,中國信託-忠孝,2024-09-04,6162
00918,大華優利高填息30,197,0,197,中國信託-忠孝,2024-09-04,6162
3056,富華新,183,5,178,中國信託-忠孝,2024-09-04,6162
006208,富邦台50,121,0,121,中國信託-忠孝,2024-09-04,6162
0056,元大高股息,135,17,118,中國信託-忠孝,2024-09-04,6162
00948B,中信優息投資級債,120,5,115,中國信託-忠孝,2024-09-04,6162
00715L,期街口布蘭特正2,106,0,106,中國信託-忠孝,2024-09-04,6162
5534,長虹,105,0,105,中國信託-忠孝,2024-09-04,6162
1217,愛之味,100,0,100,中國信託-忠孝,2024-09-04,6162
2317,鴻海,195,96,99,中國信託-忠孝,2024-09-04,6162
2883,凱基金,90,1,89,中國信託-忠孝,2024-09-04,6162
0050,元大台灣50,102,15,87,中國信託-忠孝,2024-09-04,6162
2610,華航,87,1,86,中國信託-忠孝,2024-09-04,6162
00915,凱基優選高股息30,96,11,85,中國信託-忠孝,2024-09-04,6162
2330,台積電,156,75,81,中國信託-忠孝,2024-09-04,6162
00713,元大台灣高息低波,83,2,81,中國信託-忠孝,2024-09-04,6162
3481,群創,145,80,65,中國信託-忠孝,2024-09-04,6162
2101,南港,61,1,60,中國信託-忠孝,2024-09-04,6162
4909,新復興,64,12,52,中國信託-忠孝,2024-09-04,6162
2062,橋椿,54,4,50,中國信託-忠孝,2024-09-04,6162
00905,FT臺灣Smart,51,2,49,中國信託-忠孝,2024-09-04,6162
3631,晟楠,45,0,45,中國信託-忠孝,2024-09-04,6162
2887,台新金,47,2,45,中國信託-忠孝,2024-09-04,6162
2382,廣達,53,9,44,中國信託-忠孝,2024-09-04,6162
00954,中信日本半導體,44,1,43,中國信託-忠孝,2024-09-04,6162
2480,敦陽科,38,0,38,中國信託-忠孝,2024-09-04,6162
1903,士紙,38,0,38,中國信託-忠孝,2024-09-04,6162
00655L,國泰中國A50正2,37,0,37,中國信託-忠孝,2024-09-04,6162
00923,群益台ESG低碳50,35,0,35,中國信託-忠孝,2024-09-04,6162
2886,兆豐金,35,0,35,中國信託-忠孝,2024-09-04,6162
2352,佳世達,40,6,34,中國信託-忠孝,2024-09-04,6162
00947,台新臺灣IC設計,33,0,33,中國信託-忠孝,2024-09-04,6162
3231,緯創,33,1,32,中國信託-忠孝,2024-09-04,6162
1304,台聚,32,0,32,中國信託-忠孝,2024-09-04,6162
00881,國泰台灣5G+,32,0,32,中國信託-忠孝,2024-09-04,6162
00642U,期元大S＆P石油,31,0,31,中國信託-忠孝,2024-09-04,6162
3450,聯鈞,38,7,31,中國信託-忠孝,2024-09-04,6162
1101,台泥,33,5,28,中國信託-忠孝,2024-09-04,6162
6757,台灣虎航,33,6,27,中國信託-忠孝,2024-09-04,6162
2376,技嘉,28,2,26,中國信託-忠孝,2024-09-04,6162
1303,南亞,33,8,25,中國信託-忠孝,2024-09-04,6162
00645,富邦日本,25,0,25,中國信託-忠孝,2024-09-04,6162
00919,群益台灣精選高息,481,24,457,中國信託-忠孝,2024-09-05,6162
2888,新光金,331,79,252,中國信託-忠孝,2024-09-05,6162
6770,力積電,273,21,252,中國信託-忠孝,2024-09-05,6162
6133,金橋,160,0,160,中國信託-忠孝,2024-09-05,6162
00688L,國泰20年美債正2,125,0,125,中國信託-忠孝,2024-09-05,6162
00687B,國泰20年美債,292,168,124,中國信託-忠孝,2024-09-05,6162
2486,一詮,184,65,119,中國信託-忠孝,2024-09-05,6162
00715L,期街口布蘭特正2,1618,1503,115,中國信託-忠孝,2024-09-05,6162
00937B,群益ESG投等債20,135,30,105,中國信託-忠孝,2024-09-05,6162
2834,臺企銀,103,2,101,中國信託-忠孝,2024-09-05,6162
00713,元大台灣高息低波,87,0,87,中國信託-忠孝,2024-09-05,6162
00632R,元大台灣50反1,110,32,78,中國信託-忠孝,2024-09-05,6162
00934,中信成長高股息,75,0,75,中國信託-忠孝,2024-09-05,6162
00946,群益科技高息成長,73,1,72,中國信託-忠孝,2024-09-05,6162
2812,台中銀,77,6,71,中國信託-忠孝,2024-09-05,6162
2362,藍天,69,0,69,中國信託-忠孝,2024-09-05,6162
00679B,元大美債20年,77,14,63,中國信託-忠孝,2024-09-05,6162
4306,炎洲,62,0,62,中國信託-忠孝,2024-09-05,6162
00940,元大台灣價值高息,125,64,61,中國信託-忠孝,2024-09-05,6162
3535,晶彩科,59,1,58,中國信託-忠孝,2024-09-05,6162
2317,鴻海,112,54,58,中國信託-忠孝,2024-09-05,6162
00878,國泰永續高股息,111,54,57,中國信託-忠孝,2024-09-05,6162
1220,台榮,53,0,53,中國信託-忠孝,2024-09-05,6162
00954,中信日本半導體,48,0,48,中國信託-忠孝,2024-09-05,6162
2609,陽明,43,2,41,中國信託-忠孝,2024-09-05,6162
6136,富爾特,40,0,40,中國信託-忠孝,2024-09-05,6162
5460,同協,38,0,38,中國信託-忠孝,2024-09-05,6162
00655L,國泰中國A50正2,36,0,36,中國信託-忠孝,2024-09-05,6162
6869,雲豹能源,39,6,33,中國信託-忠孝,2024-09-05,6162
1303,南亞,56,26,30,中國信託-忠孝,2024-09-05,6162
8070,長華*,33,5,28,中國信託-忠孝,2024-09-05,6162
2408,南亞科,27,0,27,中國信託-忠孝,2024-09-05,6162
3149,正達,27,0,27,中國信託-忠孝,2024-09-05,6162
4555,氣立,25,0,25,中國信託-忠孝,2024-09-05,6162
2313,華通,28,4,24,中國信託-忠孝,2024-09-05,6162
3481,群創,24,1,23,中國信託-忠孝,2024-09-05,6162
2480,敦陽科,22,0,22,中國信託-忠孝,2024-09-05,6162
2409,友達,23,1,22,中國信託-忠孝,2024-09-05,6162
1316,上曜,21,0,21,中國信託-忠孝,2024-09-05,6162
00952,凱基台灣AI50,21,0,21,中國信託-忠孝,2024-09-05,6162
2208,台船,21,0,21,中國信託-忠孝,2024-09-05,6162
6217,中探針,25,4,21,中國信託-忠孝,2024-09-05,6162
00936,台新永續高息中小,21,0,21,中國信託-忠孝,2024-09-05,6162
5876,上海商銀,20,0,20,中國信託-忠孝,2024-09-05,6162
2349,錸德,31,11,20,中國信託-忠孝,2024-09-05,6162
00927,群益半導體收益,18,0,18,中國信託-忠孝,2024-09-05,6162
2538,基泰,18,0,18,中國信託-忠孝,2024-09-05,6162
2374,佳能,22,4,18,中國信託-忠孝,2024-09-05,6162
00665L,富邦�琤肭磪囓�2,20,3,17,中國信託-忠孝,2024-09-05,6162
00951,台新日本半導體,16,0,16,中國信託-忠孝,2024-09-05,6162
00632R,元大台灣50反1,820,30,790,中國信託-忠孝,2024-09-06,6162
00687B,國泰20年美債,349,10,339,中國信託-忠孝,2024-09-06,6162
00680L,元大美債20正2,294,45,249,中國信託-忠孝,2024-09-06,6162
00679B,元大美債20年,209,54,155,中國信託-忠孝,2024-09-06,6162
00795B,中信美國公債20年,132,20,112,中國信託-忠孝,2024-09-06,6162
00715L,期街口布蘭特正2,104,5,99,中國信託-忠孝,2024-09-06,6162
00919,群益台灣精選高息,90,0,90,中國信託-忠孝,2024-09-06,6162
1314,中石化,114,40,74,中國信託-忠孝,2024-09-06,6162
3481,群創,53,0,53,中國信託-忠孝,2024-09-06,6162
2618,長榮航,55,3,52,中國信託-忠孝,2024-09-06,6162
2392,正崴,52,1,51,中國信託-忠孝,2024-09-06,6162
00720B,元大投資級公司債,51,1,50,中國信託-忠孝,2024-09-06,6162
00929,復華台灣科技優息,89,40,49,中國信託-忠孝,2024-09-06,6162
6405,悅城,88,45,43,中國信託-忠孝,2024-09-06,6162
2887,台新金,50,8,42,中國信託-忠孝,2024-09-06,6162
2812,台中銀,41,0,41,中國信託-忠孝,2024-09-06,6162
2498,宏達電,50,10,40,中國信託-忠孝,2024-09-06,6162
00751B,元大AAA至A公司債,41,4,37,中國信託-忠孝,2024-09-06,6162
6186,新潤,35,0,35,中國信託-忠孝,2024-09-06,6162
3056,富華新,176,146,30,中國信託-忠孝,2024-09-06,6162
9958,世紀鋼,45,16,29,中國信託-忠孝,2024-09-06,6162
5443,均豪,125,96,29,中國信託-忠孝,2024-09-06,6162
00719B,元大美債1-3,35,8,27,中國信託-忠孝,2024-09-06,6162
2891,中信金,93,70,23,中國信託-忠孝,2024-09-06,6162
3363,上詮,23,1,22,中國信託-忠孝,2024-09-06,6162
1532,勤美,20,0,20,中國信託-忠孝,2024-09-06,6162
1303,南亞,24,4,20,中國信託-忠孝,2024-09-06,6162
6869,雲豹能源,26,7,19,中國信託-忠孝,2024-09-06,6162
2464,盟立,31,15,16,中國信託-忠孝,2024-09-06,6162
00951,台新日本半導體,21,5,16,中國信託-忠孝,2024-09-06,6162
00713,元大台灣高息低波,26,11,15,中國信託-忠孝,2024-09-06,6162
1815,富喬,40,26,14,中國信託-忠孝,2024-09-06,6162
2504,國產,14,0,14,中國信託-忠孝,2024-09-06,6162
00953B,群益優選非投等債,14,0,14,中國信託-忠孝,2024-09-06,6162
00662,富邦NASDAQ,13,0,13,中國信託-忠孝,2024-09-06,6162
4958,臻鼎-KY,15,2,13,中國信託-忠孝,2024-09-06,6162
00946,群益科技高息成長,13,0,13,中國信託-忠孝,2024-09-06,6162
1605,華新,12,0,12,中國信託-忠孝,2024-09-06,6162
2312,金寶,13,1,12,中國信託-忠孝,2024-09-06,6162
2641,正德,12,0,12,中國信託-忠孝,2024-09-06,6162
2449,京元電子,12,0,12,中國信託-忠孝,2024-09-06,6162
4513,福裕,12,0,12,中國信託-忠孝,2024-09-06,6162
3092,鴻碩,14,2,12,中國信託-忠孝,2024-09-06,6162
2480,敦陽科,12,0,12,中國信託-忠孝,2024-09-06,6162
2845,遠東銀,12,0,12,中國信託-忠孝,2024-09-06,6162
6163,華電網,13,1,12,中國信託-忠孝,2024-09-06,6162
8071,能率網通,12,0,12,中國信託-忠孝,2024-09-06,6162
3017,奇鋐,31,19,12,中國信託-忠孝,2024-09-06,6162
00941,中信上游半導體,11,0,11,中國信託-忠孝,2024-09-06,6162
00915,凱基優選高股息30,12,1,11,中國信託-忠孝,2024-09-06,6162
00937B,群益ESG投等債20,881,70,811,中國信託-忠孝,2024-09-09,6162
00632R,元大台灣50反1,565,28,537,中國信託-忠孝,2024-09-09,6162
00919,群益台灣精選高息,310,6,304,中國信託-忠孝,2024-09-09,6162
00687B,國泰20年美債,402,140,262,中國信託-忠孝,2024-09-09,6162
3056,富華新,223,0,223,中國信託-忠孝,2024-09-09,6162
00753L,中信中國50正2,211,0,211,中國信託-忠孝,2024-09-09,6162
00688L,國泰20年美債正2,192,27,165,中國信託-忠孝,2024-09-09,6162
00878,國泰永續高股息,163,7,156,中國信託-忠孝,2024-09-09,6162
1314,中石化,156,4,152,中國信託-忠孝,2024-09-09,6162
00940,元大台灣價值高息,140,4,136,中國信託-忠孝,2024-09-09,6162
00680L,元大美債20正2,163,44,119,中國信託-忠孝,2024-09-09,6162
00929,復華台灣科技優息,158,57,101,中國信託-忠孝,2024-09-09,6162
2317,鴻海,103,9,94,中國信託-忠孝,2024-09-09,6162
3481,群創,125,43,82,中國信託-忠孝,2024-09-09,6162
2834,臺企銀,80,1,79,中國信託-忠孝,2024-09-09,6162
00655L,國泰中國A50正2,78,0,78,中國信託-忠孝,2024-09-09,6162
2534,宏盛,93,26,67,中國信託-忠孝,2024-09-09,6162
2330,台積電,65,5,60,中國信託-忠孝,2024-09-09,6162
2542,興富發,57,0,57,中國信託-忠孝,2024-09-09,6162
2812,台中銀,56,2,54,中國信託-忠孝,2024-09-09,6162
00918,大華優利高填息30,61,10,51,中國信託-忠孝,2024-09-09,6162
00720B,元大投資級公司債,51,1,50,中國信託-忠孝,2024-09-09,6162
0056,元大高股息,52,2,50,中國信託-忠孝,2024-09-09,6162
00642U,期元大S＆P石油,47,0,47,中國信託-忠孝,2024-09-09,6162
006208,富邦台50,43,1,42,中國信託-忠孝,2024-09-09,6162
00933B,國泰10Y+金融債,45,3,42,中國信託-忠孝,2024-09-09,6162
00646,元大S＆P500,40,0,40,中國信託-忠孝,2024-09-09,6162
2597,潤弘,40,0,40,中國信託-忠孝,2024-09-09,6162
2881,富邦金,38,0,38,中國信託-忠孝,2024-09-09,6162
00713,元大台灣高息低波,36,0,36,中國信託-忠孝,2024-09-09,6162
3231,緯創,43,9,34,中國信託-忠孝,2024-09-09,6162
3580,友威科,36,3,33,中國信託-忠孝,2024-09-09,6162
00915,凱基優選高股息30,39,10,29,中國信託-忠孝,2024-09-09,6162
2885,元大金,30,2,28,中國信託-忠孝,2024-09-09,6162
00951,台新日本半導體,24,0,24,中國信託-忠孝,2024-09-09,6162
0050,元大台灣50,28,5,23,中國信託-忠孝,2024-09-09,6162
2891,中信金,58,35,23,中國信託-忠孝,2024-09-09,6162
00934,中信成長高股息,24,2,22,中國信託-忠孝,2024-09-09,6162
00947,台新臺灣IC設計,22,0,22,中國信託-忠孝,2024-09-09,6162
00757,統一FANG+,21,0,21,中國信託-忠孝,2024-09-09,6162
00712,復華富時不動產,21,0,21,中國信託-忠孝,2024-09-09,6162
9958,世紀鋼,24,3,21,中國信託-忠孝,2024-09-09,6162
3450,聯鈞,28,8,20,中國信託-忠孝,2024-09-09,6162
00665L,富邦�琤肭磪囓�2,20,0,20,中國信託-忠孝,2024-09-09,6162
00637L,元大滬深300正2,20,0,20,中國信託-忠孝,2024-09-09,6162
00633L,富邦上証正2,20,0,20,中國信託-忠孝,2024-09-09,6162
2313,華通,31,12,19,中國信託-忠孝,2024-09-09,6162
2382,廣達,24,4,20,中國信託-忠孝,2024-09-09,6162
3294,英濟,25,6,19,中國信託-忠孝,2024-09-09,6162
6757,台灣虎航,25,7,18,中國信託-忠孝,2024-09-09,6162
00632R,元大台灣50反1,926,2,924,中國信託-忠孝,2024-09-10,6162
00676R,富邦臺灣加權反1,600,0,600,中國信託-忠孝,2024-09-10,6162
00919,群益台灣精選高息,337,1,336,中國信託-忠孝,2024-09-10,6162
00937B,群益ESG投等債20,403,88,315,中國信託-忠孝,2024-09-10,6162
00929,復華台灣科技優息,262,120,142,中國信託-忠孝,2024-09-10,6162
3056,富華新,245,136,109,中國信託-忠孝,2024-09-10,6162
00878,國泰永續高股息,96,18,78,中國信託-忠孝,2024-09-10,6162
3481,群創,79,5,74,中國信託-忠孝,2024-09-10,6162
4720,德淵,80,8,72,中國信託-忠孝,2024-09-10,6162
00915,凱基優選高股息30,71,2,69,中國信託-忠孝,2024-09-10,6162
5519,隆大,76,9,67,中國信託-忠孝,2024-09-10,6162
0056,元大高股息,61,5,56,中國信託-忠孝,2024-09-10,6162
00936,台新永續高息中小,53,2,51,中國信託-忠孝,2024-09-10,6162
1220,台榮,50,0,50,中國信託-忠孝,2024-09-10,6162
00940,元大台灣價值高息,84,34,50,中國信託-忠孝,2024-09-10,6162
00918,大華優利高填息30,45,0,45,中國信託-忠孝,2024-09-10,6162
2540,愛山林,46,1,45,中國信託-忠孝,2024-09-10,6162
6141,柏承,51,6,45,中國信託-忠孝,2024-09-10,6162
2382,廣達,127,83,44,中國信託-忠孝,2024-09-10,6162
6830,汎銓,43,0,43,中國信託-忠孝,2024-09-10,6162
00646,元大S＆P500,40,0,40,中國信託-忠孝,2024-09-10,6162
2426,鼎元,40,0,40,中國信託-忠孝,2024-09-10,6162
2399,映泰,132,93,39,中國信託-忠孝,2024-09-10,6162
00941,中信上游半導體,40,3,37,中國信託-忠孝,2024-09-10,6162
4956,光鋐,42,6,36,中國信託-忠孝,2024-09-10,6162
00751B,元大AAA至A公司債,50,14,36,中國信託-忠孝,2024-09-10,6162
2337,旺宏,31,0,31,中國信託-忠孝,2024-09-10,6162
2528,皇普,30,0,30,中國信託-忠孝,2024-09-10,6162
4513,福裕,47,17,30,中國信託-忠孝,2024-09-10,6162
00655L,國泰中國A50正2,30,0,30,中國信託-忠孝,2024-09-10,6162
2891,中信金,44,17,27,中國信託-忠孝,2024-09-10,6162
00688L,國泰20年美債正2,32,6,26,中國信託-忠孝,2024-09-10,6162
6152,百一,25,0,25,中國信託-忠孝,2024-09-10,6162
00934,中信成長高股息,28,3,25,中國信託-忠孝,2024-09-10,6162
4908,前鼎,42,19,23,中國信託-忠孝,2024-09-10,6162
2002,中鋼,23,1,22,中國信託-忠孝,2024-09-10,6162
3535,晶彩科,26,5,21,中國信託-忠孝,2024-09-10,6162
2515,中工,21,0,21,中國信託-忠孝,2024-09-10,6162
00946,群益科技高息成長,21,0,21,中國信託-忠孝,2024-09-10,6162
6288,聯嘉,21,0,21,中國信託-忠孝,2024-09-10,6162
9958,世紀鋼,30,9,21,中國信託-忠孝,2024-09-10,6162
2597,潤弘,20,0,20,中國信託-忠孝,2024-09-10,6162
6133,金橋,20,0,20,中國信託-忠孝,2024-09-10,6162
4958,臻鼎-KY,23,4,19,中國信託-忠孝,2024-09-10,6162
2497,怡利電,46,27,19,中國信託-忠孝,2024-09-10,6162
4510,高鋒,42,24,18,中國信託-忠孝,2024-09-10,6162
3533,嘉澤,17,0,17,中國信託-忠孝,2024-09-10,6162
1815,富喬,36,19,17,中國信託-忠孝,2024-09-10,6162
00713,元大台灣高息低波,21,4,17,中國信託-忠孝,2024-09-10,6162
00935,野村臺灣新科技50,16,0,16,中國信託-忠孝,2024-09-10,6162
00680L,元大美債20正2,1582,620,962,中國信託-忠孝,2024-09-11,6162
00687B,國泰20年美債,506,101,405,中國信託-忠孝,2024-09-11,6162
00632R,元大台灣50反1,220,0,220,中國信託-忠孝,2024-09-11,6162
1301,台塑,205,0,205,中國信託-忠孝,2024-09-11,6162
00948B,中信優息投資級債,158,1,157,中國信託-忠孝,2024-09-11,6162
00929,復華台灣科技優息,169,13,156,中國信託-忠孝,2024-09-11,6162
1326,台化,100,0,100,中國信託-忠孝,2024-09-11,6162
00915,凱基優選高股息30,89,0,89,中國信託-忠孝,2024-09-11,6162
00878,國泰永續高股息,86,6,80,中國信託-忠孝,2024-09-11,6162
2891,中信金,79,7,72,中國信託-忠孝,2024-09-11,6162
2597,潤弘,60,0,60,中國信託-忠孝,2024-09-11,6162
00942B,台新美A公司債20+,63,4,59,中國信託-忠孝,2024-09-11,6162
2618,長榮航,106,50,56,中國信託-忠孝,2024-09-11,6162
5443,均豪,112,57,55,中國信託-忠孝,2024-09-11,6162
00715L,期街口布蘭特正2,58,5,53,中國信託-忠孝,2024-09-11,6162
00679B,元大美債20年,63,13,50,中國信託-忠孝,2024-09-11,6162
00713,元大台灣高息低波,49,0,49,中國信託-忠孝,2024-09-11,6162
00642U,期元大S＆P石油,50,3,47,中國信託-忠孝,2024-09-11,6162
2070,精湛,49,4,45,中國信託-忠孝,2024-09-11,6162
3056,富華新,79,35,44,中國信託-忠孝,2024-09-11,6162
3376,新日興,52,9,43,中國信託-忠孝,2024-09-11,6162
00919,群益台灣精選高息,50,9,41,中國信託-忠孝,2024-09-11,6162
9933,中鼎,40,0,40,中國信託-忠孝,2024-09-11,6162
2497,怡利電,99,61,38,中國信託-忠孝,2024-09-11,6162
00795B,中信美國公債20年,34,1,33,中國信託-忠孝,2024-09-11,6162
00646,元大S＆P500,32,0,32,中國信託-忠孝,2024-09-11,6162
00764B,群益25年美債,32,0,32,中國信託-忠孝,2024-09-11,6162
2442,新美齊,31,1,30,中國信託-忠孝,2024-09-11,6162
00751B,元大AAA至A公司債,31,2,29,中國信託-忠孝,2024-09-11,6162
0056,元大高股息,29,0,29,中國信託-忠孝,2024-09-11,6162
2317,鴻海,57,28,29,中國信託-忠孝,2024-09-11,6162
3265,台星科,28,0,28,中國信託-忠孝,2024-09-11,6162
00931B,統一美債20年,25,0,25,中國信託-忠孝,2024-09-11,6162
2377,微星,24,0,24,中國信託-忠孝,2024-09-11,6162
00772B,中信高評級公司債,24,0,24,中國信託-忠孝,2024-09-11,6162
00957B,兆豐US優選投等債,23,0,23,中國信託-忠孝,2024-09-11,6162
00665L,富邦�琤肭磪囓�2,22,0,22,中國信託-忠孝,2024-09-11,6162
5364,力麗店,22,0,22,中國信託-忠孝,2024-09-11,6162
8070,長華*,25,3,22,中國信託-忠孝,2024-09-11,6162
00918,大華優利高填息30,22,0,22,中國信託-忠孝,2024-09-11,6162
00951,台新日本半導體,21,0,21,中國信託-忠孝,2024-09-11,6162
4950,牧東,20,0,20,中國信託-忠孝,2024-09-11,6162
00712,復華富時不動產,19,0,19,中國信託-忠孝,2024-09-11,6162
00882,中信中國高股息,25,7,18,中國信託-忠孝,2024-09-11,6162
6257,矽格,20,2,18,中國信託-忠孝,2024-09-11,6162
2498,宏達電,36,18,18,中國信託-忠孝,2024-09-11,6162
2542,興富發,22,4,18,中國信託-忠孝,2024-09-11,6162
00934,中信成長高股息,19,2,17,中國信託-忠孝,2024-09-11,6162
3356,奇偶,16,0,16,中國信託-忠孝,2024-09-11,6162
2388,威盛,43,27,16,中國信託-忠孝,2024-09-11,6162
00931B,統一美債20年,514,0,514,中國信託-忠孝,2024-09-12,6162
00632R,元大台灣50反1,658,166,492,中國信託-忠孝,2024-09-12,6162
00687B,國泰20年美債,413,78,335,中國信託-忠孝,2024-09-12,6162
00956,中信日經高股息,300,0,300,中國信託-忠孝,2024-09-12,6162
00919,群益台灣精選高息,294,17,277,中國信託-忠孝,2024-09-12,6162
3056,富華新,215,0,215,中國信託-忠孝,2024-09-12,6162
00922,國泰台灣領袖50,201,1,200,中國信託-忠孝,2024-09-12,6162
2891,中信金,159,9,150,中國信託-忠孝,2024-09-12,6162
00688L,國泰20年美債正2,168,19,149,中國信託-忠孝,2024-09-12,6162
3481,群創,149,3,146,中國信託-忠孝,2024-09-12,6162
00933B,國泰10Y+金融債,153,24,129,中國信託-忠孝,2024-09-12,6162
00929,復華台灣科技優息,131,5,126,中國信託-忠孝,2024-09-12,6162
00680L,元大美債20正2,137,33,104,中國信託-忠孝,2024-09-12,6162
00959B,大華投等美債15Y+,64,1,63,中國信託-忠孝,2024-09-12,6162
2534,宏盛,138,82,56,中國信託-忠孝,2024-09-12,6162
2449,京元電子,66,14,52,中國信託-忠孝,2024-09-12,6162
1326,台化,51,0,51,中國信託-忠孝,2024-09-12,6162
00915,凱基優選高股息30,39,0,39,中國信託-忠孝,2024-09-12,6162
00712,復華富時不動產,39,0,39,中國信託-忠孝,2024-09-12,6162
00948B,中信優息投資級債,36,0,36,中國信託-忠孝,2024-09-12,6162
3615,安可,36,3,33,中國信託-忠孝,2024-09-12,6162
5460,同協,36,6,30,中國信託-忠孝,2024-09-12,6162
3535,晶彩科,32,2,30,中國信託-忠孝,2024-09-12,6162
00669R,國泰美國道瓊反1,30,0,30,中國信託-忠孝,2024-09-12,6162
00715L,期街口布蘭特正2,29,0,29,中國信託-忠孝,2024-09-12,6162
2887,台新金,249,221,28,中國信託-忠孝,2024-09-12,6162
6279,胡連,41,15,26,中國信託-忠孝,2024-09-12,6162
8112,至上,25,0,25,中國信託-忠孝,2024-09-12,6162
3702,大聯大,24,0,24,中國信託-忠孝,2024-09-12,6162
3054,立萬利,23,0,23,中國信託-忠孝,2024-09-12,6162
2812,台中銀,25,4,21,中國信託-忠孝,2024-09-12,6162
00795B,中信美國公債20年,21,1,20,中國信託-忠孝,2024-09-12,6162
2630,亞航,20,0,20,中國信託-忠孝,2024-09-12,6162
00773B,中信優先金融債,20,0,20,中國信託-忠孝,2024-09-12,6162
2313,華通,113,95,18,中國信託-忠孝,2024-09-12,6162
4763,材料-KY,19,2,17,中國信託-忠孝,2024-09-12,6162
6133,金橋,18,1,17,中國信託-忠孝,2024-09-12,6162
1314,中石化,19,2,17,中國信託-忠孝,2024-09-12,6162
5392,能率,20,4,16,中國信託-忠孝,2024-09-12,6162
6152,百一,16,0,16,中國信託-忠孝,2024-09-12,6162
00934,中信成長高股息,16,0,16,中國信託-忠孝,2024-09-12,6162
2543,皇昌,22,6,16,中國信託-忠孝,2024-09-12,6162
3083,網龍,20,5,15,中國信託-忠孝,2024-09-12,6162
2387,精元,17,2,15,中國信託-忠孝,2024-09-12,6162
3049,精金,15,0,15,中國信託-忠孝,2024-09-12,6162
2597,潤弘,15,0,15,中國信託-忠孝,2024-09-12,6162
3623,富晶通,26,12,14,中國信託-忠孝,2024-09-12,6162
4977,眾達-KY,60,46,14,中國信託-忠孝,2024-09-12,6162
3073,天方能源,16,2,14,中國信託-忠孝,2024-09-12,6162
00757,統一FANG+,13,0,13,中國信託-忠孝,2024-09-12,6162
00680L,元大美債20正2,310,10,300,中國信託-忠孝,2024-09-13,6162
00919,群益台灣精選高息,255,1,254,中國信託-忠孝,2024-09-13,6162
00687B,國泰20年美債,222,6,216,中國信託-忠孝,2024-09-13,6162
2812,台中銀,184,0,184,中國信託-忠孝,2024-09-13,6162
00715L,期街口布蘭特正2,142,5,137,中國信託-忠孝,2024-09-13,6162
00929,復華台灣科技優息,127,5,122,中國信託-忠孝,2024-09-13,6162
00642U,期元大S＆P石油,107,0,107,中國信託-忠孝,2024-09-13,6162
6114,久威,100,0,100,中國信託-忠孝,2024-09-13,6162
00679B,元大美債20年,106,30,76,中國信託-忠孝,2024-09-13,6162
00959B,大華投等美債15Y+,62,0,62,中國信託-忠孝,2024-09-13,6162
00646,元大S＆P500,53,1,52,中國信託-忠孝,2024-09-13,6162
3056,富華新,68,20,48,中國信託-忠孝,2024-09-13,6162
2317,鴻海,42,6,36,中國信託-忠孝,2024-09-13,6162
5347,世界,42,8,34,中國信託-忠孝,2024-09-13,6162
3450,聯鈞,33,1,32,中國信託-忠孝,2024-09-13,6162
3013,晟銘電,53,21,32,中國信託-忠孝,2024-09-13,6162
00915,凱基優選高股息30,32,0,32,中國信託-忠孝,2024-09-13,6162
00713,元大台灣高息低波,30,0,30,中國信託-忠孝,2024-09-13,6162
8112,至上,30,0,30,中國信託-忠孝,2024-09-13,6162
00936,台新永續高息中小,38,10,28,中國信託-忠孝,2024-09-13,6162
4510,高鋒,57,30,27,中國信託-忠孝,2024-09-13,6162
2534,宏盛,29,3,26,中國信託-忠孝,2024-09-13,6162
00724B,群益投資級金融債,26,0,26,中國信託-忠孝,2024-09-13,6162
2891,中信金,36,11,25,中國信託-忠孝,2024-09-13,6162
9105,泰金寶-DR,25,1,24,中國信託-忠孝,2024-09-13,6162
3289,宜特,30,6,24,中國信託-忠孝,2024-09-13,6162
00934,中信成長高股息,23,1,22,中國信託-忠孝,2024-09-13,6162
2497,怡利電,55,33,22,中國信託-忠孝,2024-09-13,6162
00878,國泰永續高股息,22,0,22,中國信託-忠孝,2024-09-13,6162
8932,智通*,21,0,21,中國信託-忠孝,2024-09-13,6162
2597,潤弘,20,0,20,中國信託-忠孝,2024-09-13,6162
00918,大華優利高填息30,20,0,20,中國信託-忠孝,2024-09-13,6162
6606,建德工業,20,0,20,中國信託-忠孝,2024-09-13,6162
00940,元大台灣價值高息,21,3,18,中國信託-忠孝,2024-09-13,6162
2313,華通,137,120,17,中國信託-忠孝,2024-09-13,6162
2314,台揚,18,1,17,中國信託-忠孝,2024-09-13,6162
2002,中鋼,19,2,17,中國信託-忠孝,2024-09-13,6162
3054,立萬利,17,0,17,中國信託-忠孝,2024-09-13,6162
8096,擎亞,21,5,16,中國信託-忠孝,2024-09-13,6162
8064,東捷,35,20,15,中國信託-忠孝,2024-09-13,6162
4908,前鼎,34,20,14,中國信託-忠孝,2024-09-13,6162
2449,京元電子,15,1,14,中國信託-忠孝,2024-09-13,6162
00795B,中信美國公債20年,18,4,14,中國信託-忠孝,2024-09-13,6162
5364,力麗店,13,0,13,中國信託-忠孝,2024-09-13,6162
0056,元大高股息,12,1,11,中國信託-忠孝,2024-09-13,6162
006208,富邦台50,13,1,12,中國信託-忠孝,2024-09-13,6162
4566,時碩工業,11,0,11,中國信託-忠孝,2024-09-13,6162
00927,群益半導體收益,11,0,11,中國信託-忠孝,2024-09-13,6162
00772B,中信高評級公司債,12,1,11,中國信託-忠孝,2024-09-13,6162
00953B,群益優選非投等債,10,0,10,中國信託-忠孝,2024-09-13,6162
00948B,中信優息投資級債,1207,9,1198,中國信託-忠孝,2024-09-16,6162
1718,中纖,508,2,506,中國信託-忠孝,2024-09-16,6162
3003,健和興,399,4,395,中國信託-忠孝,2024-09-16,6162
00713,元大台灣高息低波,239,2,237,中國信託-忠孝,2024-09-16,6162
00915,凱基優選高股息30,206,20,186,中國信託-忠孝,2024-09-16,6162
1301,台塑,161,3,158,中國信託-忠孝,2024-09-16,6162
00632R,元大台灣50反1,160,3,157,中國信託-忠孝,2024-09-16,6162
00918,大華優利高填息30,124,0,124,中國信託-忠孝,2024-09-16,6162
00933B,國泰10Y+金融債,115,0,115,中國信託-忠孝,2024-09-16,6162
00937B,群益ESG投等債20,125,29,96,中國信託-忠孝,2024-09-16,6162
00919,群益台灣精選高息,116,26,90,中國信託-忠孝,2024-09-16,6162
00795B,中信美國公債20年,94,6,88,中國信託-忠孝,2024-09-16,6162
00720B,元大投資級公司債,85,0,85,中國信託-忠孝,2024-09-16,6162
00862B,中信投資級公司債,85,0,85,中國信託-忠孝,2024-09-16,6162
2317,鴻海,125,41,84,中國信託-忠孝,2024-09-16,6162
2812,台中銀,100,21,79,中國信託-忠孝,2024-09-16,6162
00680L,元大美債20正2,129,57,72,中國信託-忠孝,2024-09-16,6162
00679B,元大美債20年,100,30,70,中國信託-忠孝,2024-09-16,6162
00646,元大S＆P500,66,4,62,中國信託-忠孝,2024-09-16,6162
1734,杏輝,54,0,54,中國信託-忠孝,2024-09-16,6162
4526,東台,40,1,39,中國信託-忠孝,2024-09-16,6162
00751B,元大AAA至A公司債,48,10,38,中國信託-忠孝,2024-09-16,6162
00942B,台新美A公司債20+,35,0,35,中國信託-忠孝,2024-09-16,6162
1709,和益,33,2,31,中國信託-忠孝,2024-09-16,6162
00921,兆豐龍頭等權重,30,0,30,中國信託-忠孝,2024-09-16,6162
4956,光鋐,34,4,30,中國信託-忠孝,2024-09-16,6162
2426,鼎元,55,25,30,中國信託-忠孝,2024-09-16,6162
4933,友輝,41,12,29,中國信託-忠孝,2024-09-16,6162
1540,喬福,44,16,28,中國信託-忠孝,2024-09-16,6162
6206,飛捷,27,0,27,中國信託-忠孝,2024-09-16,6162
3360,尚立,40,13,27,中國信託-忠孝,2024-09-16,6162
3533,嘉澤,27,1,26,中國信託-忠孝,2024-09-16,6162
8033,雷虎,25,0,25,中國信託-忠孝,2024-09-16,6162
2515,中工,27,3,24,中國信託-忠孝,2024-09-16,6162
4909,新復興,41,17,24,中國信託-忠孝,2024-09-16,6162
2480,敦陽科,24,0,24,中國信託-忠孝,2024-09-16,6162
00715L,期街口布蘭特正2,28,6,22,中國信託-忠孝,2024-09-16,6162
3149,正達,26,4,22,中國信託-忠孝,2024-09-16,6162
6108,競國,20,0,20,中國信託-忠孝,2024-09-16,6162
6141,柏承,25,5,20,中國信託-忠孝,2024-09-16,6162
4903,聯光通,23,4,19,中國信託-忠孝,2024-09-16,6162
3663,鑫科,36,18,18,中國信託-忠孝,2024-09-16,6162
6698,旭暉應材,28,10,18,中國信託-忠孝,2024-09-16,6162
2344,華邦電,18,0,18,中國信託-忠孝,2024-09-16,6162
2392,正崴,22,4,18,中國信託-忠孝,2024-09-16,6162
00687B,國泰20年美債,321,304,17,中國信託-忠孝,2024-09-16,6162
5364,力麗店,16,0,16,中國信託-忠孝,2024-09-16,6162
5202,力新,16,0,16,中國信託-忠孝,2024-09-16,6162
6609,瀧澤科,54,38,16,中國信託-忠孝,2024-09-16,6162
2597,潤弘,15,0,15,中國信託-忠孝,2024-09-16,6162
00959B,大華投等美債15Y+,1621,1,1620,中國信託-忠孝,2024-09-18,6162
00713,元大台灣高息低波,309,0,309,中國信託-忠孝,2024-09-18,6162
00918,大華優利高填息30,278,17,261,中國信託-忠孝,2024-09-18,6162
00929,復華台灣科技優息,230,12,218,中國信託-忠孝,2024-09-18,6162
00948B,中信優息投資級債,199,0,199,中國信託-忠孝,2024-09-18,6162
2812,台中銀,202,17,185,中國信託-忠孝,2024-09-18,6162
4401,東隆興,164,2,162,中國信託-忠孝,2024-09-18,6162
00915,凱基優選高股息30,182,22,160,中國信託-忠孝,2024-09-18,6162
3481,群創,179,37,142,中國信託-忠孝,2024-09-18,6162
00919,群益台灣精選高息,170,53,117,中國信託-忠孝,2024-09-18,6162
3003,健和興,115,10,105,中國信託-忠孝,2024-09-18,6162
2317,鴻海,110,12,98,中國信託-忠孝,2024-09-18,6162
3056,富華新,80,3,77,中國信託-忠孝,2024-09-18,6162
00878,國泰永續高股息,92,17,75,中國信託-忠孝,2024-09-18,6162
2888,新光金,436,362,74,中國信託-忠孝,2024-09-18,6162
3062,建漢,165,95,70,中國信託-忠孝,2024-09-18,6162
8112,至上,77,9,68,中國信託-忠孝,2024-09-18,6162
00712,復華富時不動產,152,87,65,中國信託-忠孝,2024-09-18,6162
2344,華邦電,58,0,58,中國信託-忠孝,2024-09-18,6162
1301,台塑,120,63,57,中國信託-忠孝,2024-09-18,6162
8249,菱光,89,35,54,中國信託-忠孝,2024-09-18,6162
2489,瑞軒,54,0,54,中國信託-忠孝,2024-09-18,6162
00945B,凱基美國非投等債,79,35,44,中國信託-忠孝,2024-09-18,6162
3149,正達,51,10,41,中國信託-忠孝,2024-09-18,6162
5202,力新,40,0,40,中國信託-忠孝,2024-09-18,6162
0056,元大高股息,39,0,39,中國信託-忠孝,2024-09-18,6162
00946,群益科技高息成長,42,5,37,中國信託-忠孝,2024-09-18,6162
2405,輔信,36,0,36,中國信託-忠孝,2024-09-18,6162
00764B,群益25年美債,34,0,34,中國信託-忠孝,2024-09-18,6162
3231,緯創,75,43,32,中國信託-忠孝,2024-09-18,6162
2349,錸德,40,10,30,中國信託-忠孝,2024-09-18,6162
006208,富邦台50,29,0,29,中國信託-忠孝,2024-09-18,6162
6438,迅得,45,17,28,中國信託-忠孝,2024-09-18,6162
00632R,元大台灣50反1,62,34,28,中國信託-忠孝,2024-09-18,6162
5905,南仁湖,31,5,26,中國信託-忠孝,2024-09-18,6162
1711,永光,46,20,26,中國信託-忠孝,2024-09-18,6162
2534,宏盛,40,14,26,中國信託-忠孝,2024-09-18,6162
00687B,國泰20年美債,232,207,25,中國信託-忠孝,2024-09-18,6162
00935,野村臺灣新科技50,23,0,23,中國信託-忠孝,2024-09-18,6162
00669R,國泰美國道瓊反1,22,0,22,中國信託-忠孝,2024-09-18,6162
2515,中工,21,0,21,中國信託-忠孝,2024-09-18,6162
0050,元大台灣50,23,2,21,中國信託-忠孝,2024-09-18,6162
2303,聯電,24,4,20,中國信託-忠孝,2024-09-18,6162
00951,台新日本半導體,20,0,20,中國信託-忠孝,2024-09-18,6162
00947,台新臺灣IC設計,22,3,19,中國信託-忠孝,2024-09-18,6162
2070,精湛,33,14,19,中國信託-忠孝,2024-09-18,6162
00679B,元大美債20年,108,90,18,中國信託-忠孝,2024-09-18,6162
4526,東台,18,0,18,中國信託-忠孝,2024-09-18,6162
4958,臻鼎-KY,26,8,18,中國信託-忠孝,2024-09-18,6162
4743,合一,20,3,17,中國信託-忠孝,2024-09-18,6162
00959B,大華投等美債15Y+,629,11,618,中國信託-忠孝,2024-09-19,6162
00795B,中信美國公債20年,536,0,536,中國信託-忠孝,2024-09-19,6162
00632R,元大台灣50反1,421,0,421,中國信託-忠孝,2024-09-19,6162
00948B,中信優息投資級債,247,12,235,中國信託-忠孝,2024-09-19,6162
00687B,國泰20年美債,263,62,201,中國信託-忠孝,2024-09-19,6162
00929,復華台灣科技優息,203,38,165,中國信託-忠孝,2024-09-19,6162
00688L,國泰20年美債正2,117,0,117,中國信託-忠孝,2024-09-19,6162
3056,富華新,107,4,103,中國信託-忠孝,2024-09-19,6162
00679B,元大美債20年,166,65,101,中國信託-忠孝,2024-09-19,6162
00713,元大台灣高息低波,83,6,77,中國信託-忠孝,2024-09-19,6162
00930,永豐ESG低碳高息,77,0,77,中國信託-忠孝,2024-09-19,6162
00915,凱基優選高股息30,73,0,73,中國信託-忠孝,2024-09-19,6162
00919,群益台灣精選高息,197,125,72,中國信託-忠孝,2024-09-19,6162
2515,中工,70,2,68,中國信託-忠孝,2024-09-19,6162
2486,一詮,89,28,61,中國信託-忠孝,2024-09-19,6162
00680L,元大美債20正2,118,62,56,中國信託-忠孝,2024-09-19,6162
00637L,元大滬深300正2,45,7,38,中國信託-忠孝,2024-09-19,6162
2516,新建,38,0,38,中國信託-忠孝,2024-09-19,6162
1582,信錦,50,13,37,中國信託-忠孝,2024-09-19,6162
3049,精金,155,120,35,中國信託-忠孝,2024-09-19,6162
6550,北極星藥業-KY,35,0,35,中國信託-忠孝,2024-09-19,6162
5905,南仁湖,33,0,33,中國信託-忠孝,2024-09-19,6162
2317,鴻海,47,15,32,中國信託-忠孝,2024-09-19,6162
4526,東台,39,9,30,中國信託-忠孝,2024-09-19,6162
5460,同協,30,0,30,中國信託-忠孝,2024-09-19,6162
4303,信立,30,1,29,中國信託-忠孝,2024-09-19,6162
5230,雷笛克光學,44,16,28,中國信託-忠孝,2024-09-19,6162
2834,臺企銀,29,3,26,中國信託-忠孝,2024-09-19,6162
3711,日月光投控,25,0,25,中國信託-忠孝,2024-09-19,6162
6140,訊達,25,0,25,中國信託-忠孝,2024-09-19,6162
2528,皇普,32,7,25,中國信託-忠孝,2024-09-19,6162
6873,泓德能源,25,0,25,中國信託-忠孝,2024-09-19,6162
6706,惠特,50,25,25,中國信託-忠孝,2024-09-19,6162
2504,國產,27,3,24,中國信託-忠孝,2024-09-19,6162
2534,宏盛,74,50,24,中國信託-忠孝,2024-09-19,6162
3605,宏致,23,1,22,中國信託-忠孝,2024-09-19,6162
00932,兆豐永續高息等權,22,0,22,中國信託-忠孝,2024-09-19,6162
00900,富邦特選高股息30,20,0,20,中國信託-忠孝,2024-09-19,6162
2597,潤弘,20,0,20,中國信託-忠孝,2024-09-19,6162
4903,聯光通,80,61,19,中國信託-忠孝,2024-09-19,6162
00706L,期元大S＆P日圓正2,18,0,18,中國信託-忠孝,2024-09-19,6162
2392,正崴,28,10,18,中國信託-忠孝,2024-09-19,6162
2374,佳能,23,6,17,中國信託-忠孝,2024-09-19,6162
00918,大華優利高填息30,16,0,16,中國信託-忠孝,2024-09-19,6162
1514,亞力,22,6,16,中國信託-忠孝,2024-09-19,6162
1709,和益,50,35,15,中國信託-忠孝,2024-09-19,6162
6869,雲豹能源,40,26,14,中國信託-忠孝,2024-09-19,6162
6244,茂迪,18,4,14,中國信託-忠孝,2024-09-19,6162
3535,晶彩科,16,2,14,中國信託-忠孝,2024-09-19,6162
3013,晟銘電,31,18,13,中國信託-忠孝,2024-09-19,6162
00637L,元大滬深300正2,694,0,694,中國信託-忠孝,2024-09-20,6162
00959B,大華投等美債15Y+,430,0,430,中國信託-忠孝,2024-09-20,6162
2880,華南金,300,14,286,中國信託-忠孝,2024-09-20,6162
00937B,群益ESG投等債20,319,79,240,中國信託-忠孝,2024-09-20,6162
00919,群益台灣精選高息,220,28,192,中國信託-忠孝,2024-09-20,6162
2597,潤弘,150,0,150,中國信託-忠孝,2024-09-20,6162
00929,復華台灣科技優息,145,7,138,中國信託-忠孝,2024-09-20,6162
00687B,國泰20年美債,263,140,123,中國信託-忠孝,2024-09-20,6162
5905,南仁湖,147,30,117,中國信託-忠孝,2024-09-20,6162
3003,健和興,122,7,115,中國信託-忠孝,2024-09-20,6162
00751B,元大AAA至A公司債,104,1,103,中國信託-忠孝,2024-09-20,6162
2596,綠意,74,1,73,中國信託-忠孝,2024-09-20,6162
00713,元大台灣高息低波,75,4,71,中國信託-忠孝,2024-09-20,6162
3056,富華新,132,66,66,中國信託-忠孝,2024-09-20,6162
00915,凱基優選高股息30,67,1,66,中國信託-忠孝,2024-09-20,6162
00712,復華富時不動產,92,32,60,中國信託-忠孝,2024-09-20,6162
1735,日勝化,50,6,44,中國信託-忠孝,2024-09-20,6162
5230,雷笛克光學,43,0,43,中國信託-忠孝,2024-09-20,6162
00795B,中信美國公債20年,43,1,42,中國信託-忠孝,2024-09-20,6162
2545,皇翔,41,0,41,中國信託-忠孝,2024-09-20,6162
3710,連展投控,43,3,40,中國信託-忠孝,2024-09-20,6162
4510,高鋒,57,19,38,中國信託-忠孝,2024-09-20,6162
8028,昇陽半導體,44,8,36,中國信託-忠孝,2024-09-20,6162
4909,新復興,40,6,34,中國信託-忠孝,2024-09-20,6162
2540,愛山林,55,21,34,中國信託-忠孝,2024-09-20,6162
5243,乙盛-KY,36,4,32,中國信託-忠孝,2024-09-20,6162
2504,國產,42,10,32,中國信託-忠孝,2024-09-20,6162
00688L,國泰20年美債正2,31,0,31,中國信託-忠孝,2024-09-20,6162
00882,中信中國高股息,31,0,31,中國信託-忠孝,2024-09-20,6162
2834,臺企銀,55,24,31,中國信託-忠孝,2024-09-20,6162
2888,新光金,135,105,30,中國信託-忠孝,2024-09-20,6162
2812,台中銀,38,10,28,中國信託-忠孝,2024-09-20,6162
1721,三晃,32,6,26,中國信託-忠孝,2024-09-20,6162
2520,冠德,33,8,25,中國信託-忠孝,2024-09-20,6162
00958B,永豐ESG銀行債15,25,0,25,中國信託-忠孝,2024-09-20,6162
2449,京元電子,37,12,25,中國信託-忠孝,2024-09-20,6162
4513,福裕,39,14,25,中國信託-忠孝,2024-09-20,6162
2501,國建,39,15,24,中國信託-忠孝,2024-09-20,6162
5347,世界,26,3,23,中國信託-忠孝,2024-09-20,6162
3290,東浦,25,2,23,中國信託-忠孝,2024-09-20,6162
5386,青雲,23,0,23,中國信託-忠孝,2024-09-20,6162
0056,元大高股息,33,10,23,中國信託-忠孝,2024-09-20,6162
2243,宏旭-KY,23,1,22,中國信託-忠孝,2024-09-20,6162
00946,群益科技高息成長,22,0,22,中國信託-忠孝,2024-09-20,6162
2101,南港,31,10,21,中國信託-忠孝,2024-09-20,6162
4974,亞泰,22,2,20,中國信託-忠孝,2024-09-20,6162
1316,上曜,25,5,20,中國信託-忠孝,2024-09-20,6162
00934,中信成長高股息,19,0,19,中國信託-忠孝,2024-09-20,6162
3663,鑫科,55,36,19,中國信託-忠孝,2024-09-20,6162
4306,炎洲,19,0,19,中國信託-忠孝,2024-09-20,6162
00937B,群益ESG投等債20,790,175,615,中國信託-忠孝,2024-09-23,6162
2888,新光金,726,215,511,中國信託-忠孝,2024-09-23,6162
1721,三晃,473,57,416,中國信託-忠孝,2024-09-23,6162
4716,大立,312,90,222,中國信託-忠孝,2024-09-23,6162
2312,金寶,168,11,157,中國信託-忠孝,2024-09-23,6162
00919,群益台灣精選高息,187,53,134,中國信託-忠孝,2024-09-23,6162
2597,潤弘,132,0,132,中國信託-忠孝,2024-09-23,6162
00945B,凱基美國非投等債,131,0,131,中國信託-忠孝,2024-09-23,6162
3003,健和興,123,2,121,中國信託-忠孝,2024-09-23,6162
00687B,國泰20年美債,267,154,113,中國信託-忠孝,2024-09-23,6162
00922,國泰台灣領袖50,100,0,100,中國信託-忠孝,2024-09-23,6162
5452,佶優,69,3,66,中國信託-忠孝,2024-09-23,6162
0056,元大高股息,60,1,59,中國信託-忠孝,2024-09-23,6162
1735,日勝化,50,0,50,中國信託-忠孝,2024-09-23,6162
00878,國泰永續高股息,61,12,49,中國信託-忠孝,2024-09-23,6162
2349,錸德,65,18,47,中國信託-忠孝,2024-09-23,6162
3481,群創,75,30,45,中國信託-忠孝,2024-09-23,6162
2399,映泰,124,80,44,中國信託-忠孝,2024-09-23,6162
00751B,元大AAA至A公司債,51,8,43,中國信託-忠孝,2024-09-23,6162
2413,環科,40,0,40,中國信託-忠孝,2024-09-23,6162
3376,新日興,47,9,38,中國信託-忠孝,2024-09-23,6162
00939,統一台灣高息動能,37,1,36,中國信託-忠孝,2024-09-23,6162
00713,元大台灣高息低波,34,0,34,中國信託-忠孝,2024-09-23,6162
6609,瀧澤科,36,2,34,中國信託-忠孝,2024-09-23,6162
4979,華星光,46,17,29,中國信託-忠孝,2024-09-23,6162
2363,矽統,31,2,29,中國信託-忠孝,2024-09-23,6162
00795B,中信美國公債20年,32,4,28,中國信託-忠孝,2024-09-23,6162
00929,復華台灣科技優息,28,1,27,中國信託-忠孝,2024-09-23,6162
5481,新華,41,15,26,中國信託-忠孝,2024-09-23,6162
00650L,復華香港正2,25,0,25,中國信託-忠孝,2024-09-23,6162
6104,創惟,35,10,25,中國信託-忠孝,2024-09-23,6162
1342,八貫,23,0,23,中國信託-忠孝,2024-09-23,6162
00948B,中信優息投資級債,22,0,22,中國信託-忠孝,2024-09-23,6162
00688L,國泰20年美債正2,21,0,21,中國信託-忠孝,2024-09-23,6162
3615,安可,24,4,20,中國信託-忠孝,2024-09-23,6162
1727,中華化,41,21,20,中國信託-忠孝,2024-09-23,6162
4956,光鋐,20,0,20,中國信託-忠孝,2024-09-23,6162
2540,愛山林,21,1,20,中國信託-忠孝,2024-09-23,6162
3231,緯創,24,5,19,中國信託-忠孝,2024-09-23,6162
00915,凱基優選高股息30,22,3,19,中國信託-忠孝,2024-09-23,6162
1584,精剛,21,3,18,中國信託-忠孝,2024-09-23,6162
3015,全漢,17,0,17,中國信託-忠孝,2024-09-23,6162
2820,華票,20,3,17,中國信託-忠孝,2024-09-23,6162
2834,臺企銀,17,0,17,中國信託-忠孝,2024-09-23,6162
2539,櫻花建,16,0,16,中國信託-忠孝,2024-09-23,6162
4510,高鋒,16,0,16,中國信託-忠孝,2024-09-23,6162
4306,炎洲,16,1,15,中國信託-忠孝,2024-09-23,6162
3580,友威科,57,42,15,中國信託-忠孝,2024-09-23,6162
2442,新美齊,16,1,15,中國信託-忠孝,2024-09-23,6162
2313,華通,150,136,14,中國信託-忠孝,2024-09-23,6162
00679B,元大美債20年,570,4,566,中國信託-忠孝,2024-09-24,6162
00959B,大華投等美債15Y+,531,12,519,中國信託-忠孝,2024-09-24,6162
00945B,凱基美國非投等債,219,0,219,中國信託-忠孝,2024-09-24,6162
3149,正達,301,123,178,中國信託-忠孝,2024-09-24,6162
1217,愛之味,150,0,150,中國信託-忠孝,2024-09-24,6162
2888,新光金,190,68,122,中國信託-忠孝,2024-09-24,6162
00680L,元大美債20正2,135,15,120,中國信託-忠孝,2024-09-24,6162
8111,立��,115,16,99,中國信託-忠孝,2024-09-24,6162
2609,陽明,282,189,93,中國信託-忠孝,2024-09-24,6162
00687B,國泰20年美債,114,26,88,中國信託-忠孝,2024-09-24,6162
2501,國建,82,0,82,中國信託-忠孝,2024-09-24,6162
2597,潤弘,58,0,58,中國信託-忠孝,2024-09-24,6162
3231,緯創,60,4,56,中國信託-忠孝,2024-09-24,6162
1718,中纖,50,0,50,中國信託-忠孝,2024-09-24,6162
4716,大立,53,10,43,中國信託-忠孝,2024-09-24,6162
2401,凌陽,42,0,42,中國信託-忠孝,2024-09-24,6162
3673,TPK-KY,58,16,42,中國信託-忠孝,2024-09-24,6162
2891,中信金,59,18,41,中國信託-忠孝,2024-09-24,6162
1810,和成,40,1,39,中國信託-忠孝,2024-09-24,6162
2374,佳能,39,0,39,中國信託-忠孝,2024-09-24,6162
0056,元大高股息,53,17,36,中國信託-忠孝,2024-09-24,6162
00937B,群益ESG投等債20,72,36,36,中國信託-忠孝,2024-09-24,6162
00712,復華富時不動產,79,43,36,中國信託-忠孝,2024-09-24,6162
5460,同協,35,0,35,中國信託-忠孝,2024-09-24,6162
3605,宏致,43,10,33,中國信託-忠孝,2024-09-24,6162
00919,群益台灣精選高息,47,15,32,中國信託-忠孝,2024-09-24,6162
4979,華星光,45,13,32,中國信託-忠孝,2024-09-24,6162
2534,宏盛,39,9,30,中國信託-忠孝,2024-09-24,6162
3581,博磊,49,19,30,中國信託-忠孝,2024-09-24,6162
2442,新美齊,30,0,30,中國信託-忠孝,2024-09-24,6162
3013,晟銘電,91,62,29,中國信託-忠孝,2024-09-24,6162
00948B,中信優息投資級債,28,0,28,中國信託-忠孝,2024-09-24,6162
00713,元大台灣高息低波,28,1,27,中國信託-忠孝,2024-09-24,6162
3631,晟楠,25,0,25,中國信託-忠孝,2024-09-24,6162
4743,合一,25,0,25,中國信託-忠孝,2024-09-24,6162
00878,國泰永續高股息,31,6,25,中國信託-忠孝,2024-09-24,6162
3481,群創,33,9,24,中國信託-忠孝,2024-09-24,6162
00939,統一台灣高息動能,33,10,23,中國信託-忠孝,2024-09-24,6162
2637,慧洋-KY,22,0,22,中國信託-忠孝,2024-09-24,6162
6109,亞元,22,0,22,中國信託-忠孝,2024-09-24,6162
1316,上曜,21,0,21,中國信託-忠孝,2024-09-24,6162
00952,凱基台灣AI50,21,0,21,中國信託-忠孝,2024-09-24,6162
1735,日勝化,20,0,20,中國信託-忠孝,2024-09-24,6162
00650L,復華香港正2,25,5,20,中國信託-忠孝,2024-09-24,6162
6690,安�硌穈T,20,0,20,中國信託-忠孝,2024-09-24,6162
2605,新興,28,8,20,中國信託-忠孝,2024-09-24,6162
00715L,期街口布蘭特正2,22,3,19,中國信託-忠孝,2024-09-24,6162
8086,宏捷科,31,12,19,中國信託-忠孝,2024-09-24,6162
3303,岱稜,20,1,19,中國信託-忠孝,2024-09-24,6162
6177,達麗,23,5,18,中國信託-忠孝,2024-09-24,6162
00715L,期街口布蘭特正2,1009,150,859,中國信託-忠孝,2024-09-25,6162
00959B,大華投等美債15Y+,506,0,506,中國信託-忠孝,2024-09-25,6162
2609,陽明,479,130,349,中國信託-忠孝,2024-09-25,6162
00753L,中信中國50正2,191,13,178,中國信託-忠孝,2024-09-25,6162
00960,野村全球航運龍頭,181,46,135,中國信託-忠孝,2024-09-25,6162
00929,復華台灣科技優息,232,100,132,中國信託-忠孝,2024-09-25,6162
2812,台中銀,126,2,124,中國信託-忠孝,2024-09-25,6162
00919,群益台灣精選高息,110,7,103,中國信託-忠孝,2024-09-25,6162
3481,群創,114,14,100,中國信託-忠孝,2024-09-25,6162
5905,南仁湖,87,0,87,中國信託-忠孝,2024-09-25,6162
00687B,國泰20年美債,126,47,79,中國信託-忠孝,2024-09-25,6162
00945B,凱基美國非投等債,73,5,68,中國信託-忠孝,2024-09-25,6162
00713,元大台灣高息低波,77,10,67,中國信託-忠孝,2024-09-25,6162
2618,長榮航,100,35,65,中國信託-忠孝,2024-09-25,6162
00948B,中信優息投資級債,97,33,64,中國信託-忠孝,2024-09-25,6162
3149,正達,80,17,63,中國信託-忠孝,2024-09-25,6162
5469,瀚宇博,62,0,62,中國信託-忠孝,2024-09-25,6162
4526,東台,64,8,56,中國信託-忠孝,2024-09-25,6162
1584,精剛,56,2,54,中國信託-忠孝,2024-09-25,6162
1217,愛之味,50,0,50,中國信託-忠孝,2024-09-25,6162
00881,國泰台灣5G+,50,1,49,中國信託-忠孝,2024-09-25,6162
6271,同欣電,46,0,46,中國信託-忠孝,2024-09-25,6162
2597,潤弘,40,0,40,中國信託-忠孝,2024-09-25,6162
6873,泓德能源,40,1,39,中國信託-忠孝,2024-09-25,6162
3056,富華新,54,19,35,中國信託-忠孝,2024-09-25,6162
00935,野村臺灣新科技50,35,0,35,中國信託-忠孝,2024-09-25,6162
0061,元大寶滬深,32,0,32,中國信託-忠孝,2024-09-25,6162
00679B,元大美債20年,104,73,31,中國信託-忠孝,2024-09-25,6162
2031,新光鋼,31,0,31,中國信託-忠孝,2024-09-25,6162
9911,櫻花,30,0,30,中國信託-忠孝,2024-09-25,6162
00730,富邦臺灣優質高息,30,1,29,中國信託-忠孝,2024-09-25,6162
4513,福裕,29,1,28,中國信託-忠孝,2024-09-25,6162
6643,M31,25,0,25,中國信託-忠孝,2024-09-25,6162
00878,國泰永續高股息,43,18,25,中國信託-忠孝,2024-09-25,6162
2497,怡利電,45,20,25,中國信託-忠孝,2024-09-25,6162
2867,三商壽,23,0,23,中國信託-忠孝,2024-09-25,6162
6261,久元,30,8,22,中國信託-忠孝,2024-09-25,6162
4973,廣穎,22,0,22,中國信託-忠孝,2024-09-25,6162
00708L,期元大S＆P黃金正2,21,0,21,中國信託-忠孝,2024-09-25,6162
3615,安可,24,3,21,中國信託-忠孝,2024-09-25,6162
2851,中再保,20,0,20,中國信託-忠孝,2024-09-25,6162
6246,臺龍,20,0,20,中國信託-忠孝,2024-09-25,6162
2504,國產,21,1,20,中國信託-忠孝,2024-09-25,6162
6877,鏵友益,22,2,20,中國信託-忠孝,2024-09-25,6162
00720B,元大投資級公司債,19,0,19,中國信託-忠孝,2024-09-25,6162
00946,群益科技高息成長,19,0,19,中國信託-忠孝,2024-09-25,6162
6405,悅城,17,1,16,中國信託-忠孝,2024-09-25,6162
9958,世紀鋼,30,14,16,中國信託-忠孝,2024-09-25,6162
2480,敦陽科,15,0,15,中國信託-忠孝,2024-09-25,6162
8932,智通*,15,0,15,中國信託-忠孝,2024-09-25,6162
00948B,中信優息投資級債,1335,0,1335,中國信託-忠孝,2024-09-26,6162
00937B,群益ESG投等債20,480,103,377,中國信託-忠孝,2024-09-26,6162
00931B,統一美債20年,200,0,200,中國信託-忠孝,2024-09-26,6162
2486,一詮,273,81,192,中國信託-忠孝,2024-09-26,6162
00687B,國泰20年美債,292,103,189,中國信託-忠孝,2024-09-26,6162
2880,華南金,189,9,180,中國信託-忠孝,2024-09-26,6162
00751B,元大AAA至A公司債,142,1,141,中國信託-忠孝,2024-09-26,6162
5880,合庫金,120,0,120,中國信託-忠孝,2024-09-26,6162
3003,健和興,121,4,117,中國信託-忠孝,2024-09-26,6162
00795B,中信美國公債20年,126,27,99,中國信託-忠孝,2024-09-26,6162
00919,群益台灣精選高息,129,40,89,中國信託-忠孝,2024-09-26,6162
00688L,國泰20年美債正2,121,39,82,中國信託-忠孝,2024-09-26,6162
00752,中信中國50,80,2,78,中國信託-忠孝,2024-09-26,6162
1301,台塑,101,25,76,中國信託-忠孝,2024-09-26,6162
00679B,元大美債20年,111,40,71,中國信託-忠孝,2024-09-26,6162
00712,復華富時不動產,69,1,68,中國信託-忠孝,2024-09-26,6162
2301,光寶科,61,2,59,中國信託-忠孝,2024-09-26,6162
2312,金寶,105,56,49,中國信託-忠孝,2024-09-26,6162
00923,群益台ESG低碳50,50,2,48,中國信託-忠孝,2024-09-26,6162
00959B,大華投等美債15Y+,61,15,46,中國信託-忠孝,2024-09-26,6162
9946,三發地產,46,0,46,中國信託-忠孝,2024-09-26,6162
00960,野村全球航運龍頭,139,96,43,中國信託-忠孝,2024-09-26,6162
00933B,國泰10Y+金融債,43,0,43,中國信託-忠孝,2024-09-26,6162
1536,和大,43,0,43,中國信託-忠孝,2024-09-26,6162
3019,亞光,62,19,43,中國信託-忠孝,2024-09-26,6162
1540,喬福,41,1,40,中國信託-忠孝,2024-09-26,6162
5876,上海商銀,40,0,40,中國信託-忠孝,2024-09-26,6162
2597,潤弘,35,0,35,中國信託-忠孝,2024-09-26,6162
00918,大華優利高填息30,33,0,33,中國信託-忠孝,2024-09-26,6162
2501,國建,32,0,32,中國信託-忠孝,2024-09-26,6162
3260,威剛,45,14,31,中國信託-忠孝,2024-09-26,6162
3231,緯創,39,8,31,中國信託-忠孝,2024-09-26,6162
6271,同欣電,30,0,30,中國信託-忠孝,2024-09-26,6162
00945B,凱基美國非投等債,30,1,29,中國信託-忠孝,2024-09-26,6162
5905,南仁湖,36,7,29,中國信託-忠孝,2024-09-26,6162
3376,新日興,25,1,24,中國信託-忠孝,2024-09-26,6162
2613,中櫃,51,27,24,中國信託-忠孝,2024-09-26,6162
3147,大綜,22,0,22,中國信託-忠孝,2024-09-26,6162
3013,晟銘電,54,32,22,中國信託-忠孝,2024-09-26,6162
2317,鴻海,38,16,22,中國信託-忠孝,2024-09-26,6162
1808,潤隆,21,0,21,中國信託-忠孝,2024-09-26,6162
3390,旭軟,21,0,21,中國信託-忠孝,2024-09-26,6162
00878,國泰永續高股息,64,43,21,中國信託-忠孝,2024-09-26,6162
3711,日月光投控,26,5,21,中國信託-忠孝,2024-09-26,6162
3006,晶豪科,26,6,20,中國信託-忠孝,2024-09-26,6162
2449,京元電子,28,8,20,中國信託-忠孝,2024-09-26,6162
2537,聯上發,20,0,20,中國信託-忠孝,2024-09-26,6162
4976,佳凌,20,0,20,中國信託-忠孝,2024-09-26,6162
1721,三晃,40,20,20,中國信託-忠孝,2024-09-26,6162
1709,和益,20,0,20,中國信託-忠孝,2024-09-26,6162
00948B,中信優息投資級債,610,0,610,中國信託-忠孝,2024-09-27,6162
00960,野村全球航運龍頭,465,30,435,中國信託-忠孝,2024-09-27,6162
00937B,群益ESG投等債20,306,21,285,中國信託-忠孝,2024-09-27,6162
00959B,大華投等美債15Y+,251,6,245,中國信託-忠孝,2024-09-27,6162
00687B,國泰20年美債,206,15,191,中國信託-忠孝,2024-09-27,6162
00772B,中信高評級公司債,167,0,167,中國信託-忠孝,2024-09-27,6162
00773B,中信優先金融債,158,0,158,中國信託-忠孝,2024-09-27,6162
6182,合晶,101,0,101,中國信託-忠孝,2024-09-27,6162
00688L,國泰20年美債正2,118,18,100,中國信託-忠孝,2024-09-27,6162
2891,中信金,84,10,74,中國信託-忠孝,2024-09-27,6162
00945B,凱基美國非投等債,70,0,70,中國信託-忠孝,2024-09-27,6162
00650L,復華香港正2,93,30,63,中國信託-忠孝,2024-09-27,6162
6271,同欣電,62,0,62,中國信託-忠孝,2024-09-27,6162
00679B,元大美債20年,76,23,53,中國信託-忠孝,2024-09-27,6162
2409,友達,65,13,52,中國信託-忠孝,2024-09-27,6162
2388,威盛,67,17,50,中國信託-忠孝,2024-09-27,6162
00891,中信關鍵半導體,50,1,49,中國信託-忠孝,2024-09-27,6162
00712,復華富時不動產,48,4,44,中國信託-忠孝,2024-09-27,6162
3363,上詮,61,19,42,中國信託-忠孝,2024-09-27,6162
3588,通嘉,43,1,42,中國信託-忠孝,2024-09-27,6162
6841,長佳智能,40,0,40,中國信託-忠孝,2024-09-27,6162
2243,宏旭-KY,41,2,39,中國信託-忠孝,2024-09-27,6162
2812,台中銀,37,0,37,中國信託-忠孝,2024-09-27,6162
006208,富邦台50,33,3,30,中國信託-忠孝,2024-09-27,6162
00646,元大S＆P500,31,0,31,中國信託-忠孝,2024-09-27,6162
2597,潤弘,30,0,30,中國信託-忠孝,2024-09-27,6162
1734,杏輝,30,0,30,中國信託-忠孝,2024-09-27,6162
00951,台新日本半導體,30,1,29,中國信託-忠孝,2024-09-27,6162
00795B,中信美國公債20年,25,0,25,中國信託-忠孝,2024-09-27,6162
1313,聯成,30,5,25,中國信託-忠孝,2024-09-27,6162
2069,運錩,25,0,25,中國信託-忠孝,2024-09-27,6162
8927,北基,29,5,24,中國信託-忠孝,2024-09-27,6162
3013,晟銘電,78,55,23,中國信託-忠孝,2024-09-27,6162
00751B,元大AAA至A公司債,31,8,23,中國信託-忠孝,2024-09-27,6162
6243,迅杰,25,3,22,中國信託-忠孝,2024-09-27,6162
00933B,國泰10Y+金融債,23,2,21,中國信託-忠孝,2024-09-27,6162
00958B,永豐ESG銀行債15,20,0,20,中國信託-忠孝,2024-09-27,6162
00680L,元大美債20正2,22,2,20,中國信託-忠孝,2024-09-27,6162
1536,和大,20,0,20,中國信託-忠孝,2024-09-27,6162
5608,四維航,38,19,19,中國信託-忠孝,2024-09-27,6162
2542,興富發,19,0,19,中國信託-忠孝,2024-09-27,6162
5905,南仁湖,20,1,19,中國信託-忠孝,2024-09-27,6162
2022,聚亨,20,1,19,中國信託-忠孝,2024-09-27,6162
2323,中環,17,0,17,中國信託-忠孝,2024-09-27,6162
2606,裕民,22,5,17,中國信託-忠孝,2024-09-27,6162
2834,臺企銀,17,0,17,中國信託-忠孝,2024-09-27,6162
3710,連展投控,27,10,17,中國信託-忠孝,2024-09-27,6162
4903,聯光通,68,51,17,中國信託-忠孝,2024-09-27,6162
00713,元大台灣高息低波,27,11,16,中國信託-忠孝,2024-09-27,6162
1784,訊聯,15,0,15,中國信託-忠孝,2024-09-27,6162
00937B,群益ESG投等債20,411,37,374,中國信託-忠孝,2024-09-30,6162
00919,群益台灣精選高息,274,1,273,中國信託-忠孝,2024-09-30,6162
00929,復華台灣科技優息,226,0,226,中國信託-忠孝,2024-09-30,6162
00922,國泰台灣領袖50,218,1,217,中國信託-忠孝,2024-09-30,6162
00632R,元大台灣50反1,300,157,143,中國信託-忠孝,2024-09-30,6162
5880,合庫金,120,3,117,中國信託-忠孝,2024-09-30,6162
1605,華新,103,0,103,中國信託-忠孝,2024-09-30,6162
2014,中鴻,274,171,103,中國信託-忠孝,2024-09-30,6162
00882,中信中國高股息,418,319,99,中國信託-忠孝,2024-09-30,6162
1709,和益,91,0,91,中國信託-忠孝,2024-09-30,6162
00878,國泰永續高股息,116,28,88,中國信託-忠孝,2024-09-30,6162
00713,元大台灣高息低波,81,1,80,中國信託-忠孝,2024-09-30,6162
00948B,中信優息投資級債,99,20,79,中國信託-忠孝,2024-09-30,6162
00679B,元大美債20年,77,8,69,中國信託-忠孝,2024-09-30,6162
0056,元大高股息,88,20,68,中國信託-忠孝,2024-09-30,6162
00945B,凱基美國非投等債,66,0,66,中國信託-忠孝,2024-09-30,6162
00687B,國泰20年美債,152,98,54,中國信託-忠孝,2024-09-30,6162
2330,台積電,60,6,54,中國信託-忠孝,2024-09-30,6162
2062,橋椿,52,0,52,中國信託-忠孝,2024-09-30,6162
00933B,國泰10Y+金融債,49,0,49,中國信託-忠孝,2024-09-30,6162
2615,萬海,119,71,48,中國信託-忠孝,2024-09-30,6162
2498,宏達電,85,42,43,中國信託-忠孝,2024-09-30,6162
2009,第一銅,42,5,37,中國信託-忠孝,2024-09-30,6162
006208,富邦台50,44,8,36,中國信託-忠孝,2024-09-30,6162
00927,群益半導體收益,47,11,36,中國信託-忠孝,2024-09-30,6162
2002,中鋼,41,7,34,中國信託-忠孝,2024-09-30,6162
00881,國泰台灣5G+,34,0,34,中國信託-忠孝,2024-09-30,6162
00646,元大S＆P500,32,0,32,中國信託-忠孝,2024-09-30,6162
00959B,大華投等美債15Y+,31,0,31,中國信託-忠孝,2024-09-30,6162
0050,元大台灣50,36,5,31,中國信託-忠孝,2024-09-30,6162
3710,連展投控,30,0,30,中國信託-忠孝,2024-09-30,6162
2597,潤弘,30,0,30,中國信託-忠孝,2024-09-30,6162
6271,同欣電,26,0,26,中國信託-忠孝,2024-09-30,6162
5905,南仁湖,36,10,26,中國信託-忠孝,2024-09-30,6162
3715,定穎投控,47,22,25,中國信託-忠孝,2024-09-30,6162
3056,富華新,55,30,25,中國信託-忠孝,2024-09-30,6162
3533,嘉澤,24,0,24,中國信託-忠孝,2024-09-30,6162
8028,昇陽半導體,30,6,24,中國信託-忠孝,2024-09-30,6162
2834,臺企銀,24,0,24,中國信託-忠孝,2024-09-30,6162
00688L,國泰20年美債正2,23,0,23,中國信託-忠孝,2024-09-30,6162
00935,野村臺灣新科技50,22,0,22,中國信託-忠孝,2024-09-30,6162
2605,新興,58,37,21,中國信託-忠孝,2024-09-30,6162
1595,川寶,20,0,20,中國信託-忠孝,2024-09-30,6162
00946,群益科技高息成長,20,0,20,中國信託-忠孝,2024-09-30,6162
2031,新光鋼,20,0,20,中國信託-忠孝,2024-09-30,6162
3049,精金,23,4,19,中國信託-忠孝,2024-09-30,6162
1314,中石化,25,6,19,中國信託-忠孝,2024-09-30,6162
2344,華邦電,23,5,18,中國信託-忠孝,2024-09-30,6162
2480,敦陽科,18,0,18,中國信託-忠孝,2024-09-30,6162
2356,英業達,38,20,18,中國信託-忠孝,2024-09-30,6162
00753L,中信中國50正2,375,25,350,中國信託-忠孝,2024-10-01,6162
00687B,國泰20年美債,346,30,316,中國信託-忠孝,2024-10-01,6162
00929,復華台灣科技優息,302,5,297,中國信託-忠孝,2024-10-01,6162
2062,橋椿,180,0,180,中國信託-忠孝,2024-10-01,6162
5880,合庫金,121,0,121,中國信託-忠孝,2024-10-01,6162
0056,元大高股息,117,1,116,中國信託-忠孝,2024-10-01,6162
00919,群益台灣精選高息,114,1,113,中國信託-忠孝,2024-10-01,6162
2014,中鴻,176,68,108,中國信託-忠孝,2024-10-01,6162
00665L,富邦�琤肭磪囓�2,111,6,105,中國信託-忠孝,2024-10-01,6162
2880,華南金,100,0,100,中國信託-忠孝,2024-10-01,6162
00713,元大台灣高息低波,121,23,98,中國信託-忠孝,2024-10-01,6162
2867,三商壽,83,0,83,中國信託-忠孝,2024-10-01,6162
1709,和益,83,0,83,中國信託-忠孝,2024-10-01,6162
8096,擎亞,87,6,81,中國信託-忠孝,2024-10-01,6162
00688L,國泰20年美債正2,74,0,74,中國信託-忠孝,2024-10-01,6162
3576,聯合再生,89,25,64,中國信託-忠孝,2024-10-01,6162
2812,台中銀,49,0,49,中國信託-忠孝,2024-10-01,6162
3430,奇鈦科,65,17,48,中國信託-忠孝,2024-10-01,6162
00878,國泰永續高股息,63,22,41,中國信託-忠孝,2024-10-01,6162
2374,佳能,40,0,40,中國信託-忠孝,2024-10-01,6162
00632R,元大台灣50反1,47,10,37,中國信託-忠孝,2024-10-01,6162
4909,新復興,63,26,37,中國信託-忠孝,2024-10-01,6162
00720B,元大投資級公司債,34,0,34,中國信託-忠孝,2024-10-01,6162
9911,櫻花,31,0,31,中國信託-忠孝,2024-10-01,6162
2455,全新,71,41,30,中國信託-忠孝,2024-10-01,6162
00633L,富邦上証正2,30,7,23,中國信託-忠孝,2024-10-01,6162
00752,中信中國50,33,10,23,中國信託-忠孝,2024-10-01,6162
3550,聯穎,23,0,23,中國信託-忠孝,2024-10-01,6162
3013,晟銘電,41,20,21,中國信託-忠孝,2024-10-01,6162
2317,鴻海,28,7,21,中國信託-忠孝,2024-10-01,6162
00958B,永豐ESG銀行債15,21,0,21,中國信託-忠孝,2024-10-01,6162
2597,潤弘,20,0,20,中國信託-忠孝,2024-10-01,6162
2243,宏旭-KY,19,0,19,中國信託-忠孝,2024-10-01,6162
1101,台泥,20,1,19,中國信託-忠孝,2024-10-01,6162
00946,群益科技高息成長,19,0,19,中國信託-忠孝,2024-10-01,6162
00927,群益半導體收益,18,0,18,中國信託-忠孝,2024-10-01,6162
2609,陽明,113,95,18,中國信託-忠孝,2024-10-01,6162
00662,富邦NASDAQ,19,2,17,中國信託-忠孝,2024-10-01,6162
00937B,群益ESG投等債20,48,31,17,中國信託-忠孝,2024-10-01,6162
00922,國泰台灣領袖50,17,0,17,中國信託-忠孝,2024-10-01,6162
5481,新華,17,0,17,中國信託-忠孝,2024-10-01,6162
1785,光洋科,19,3,16,中國信託-忠孝,2024-10-01,6162
6269,台郡,16,0,16,中國信託-忠孝,2024-10-01,6162
2615,萬海,129,113,16,中國信託-忠孝,2024-10-01,6162
2542,興富發,17,1,16,中國信託-忠孝,2024-10-01,6162
00679B,元大美債20年,24,10,14,中國信託-忠孝,2024-10-01,6162
006208,富邦台50,14,0,14,中國信託-忠孝,2024-10-01,6162
00882,中信中國高股息,35,21,14,中國信託-忠孝,2024-10-01,6162
6830,汎銓,18,4,14,中國信託-忠孝,2024-10-01,6162
2480,敦陽科,14,0,14,中國信託-忠孝,2024-10-01,6162
00637L,元大滬深300正2,1826,89,1737,中國信託-忠孝,2024-10-04,6162
0061,元大寶滬深,612,0,612,中國信託-忠孝,2024-10-04,6162
00919,群益台灣精選高息,426,16,410,中國信託-忠孝,2024-10-04,6162
2618,長榮航,276,26,250,中國信託-忠孝,2024-10-04,6162
2610,華航,216,0,216,中國信託-忠孝,2024-10-04,6162
5880,合庫金,204,1,203,中國信託-忠孝,2024-10-04,6162
00929,復華台灣科技優息,322,129,193,中國信託-忠孝,2024-10-04,6162
00633L,富邦上証正2,219,44,175,中國信託-忠孝,2024-10-04,6162
00632R,元大台灣50反1,200,30,170,中國信託-忠孝,2024-10-04,6162
00948B,中信優息投資級債,140,0,140,中國信託-忠孝,2024-10-04,6162
00878,國泰永續高股息,158,19,139,中國信託-忠孝,2024-10-04,6162
00687B,國泰20年美債,132,6,126,中國信託-忠孝,2024-10-04,6162
2062,橋椿,129,4,125,中國信託-忠孝,2024-10-04,6162
0056,元大高股息,109,0,109,中國信託-忠孝,2024-10-04,6162
3003,健和興,108,0,108,中國信託-忠孝,2024-10-04,6162
3056,富華新,217,110,107,中國信託-忠孝,2024-10-04,6162
00679B,元大美債20年,114,12,102,中國信託-忠孝,2024-10-04,6162
00940,元大台灣價值高息,143,44,99,中國信託-忠孝,2024-10-04,6162
2615,萬海,131,46,85,中國信託-忠孝,2024-10-04,6162
00713,元大台灣高息低波,83,3,80,中國信託-忠孝,2024-10-04,6162
00680L,元大美債20正2,88,8,80,中國信託-忠孝,2024-10-04,6162
2834,臺企銀,84,7,77,中國信託-忠孝,2024-10-04,6162
2880,華南金,59,0,59,中國信託-忠孝,2024-10-04,6162
1709,和益,60,2,58,中國信託-忠孝,2024-10-04,6162
9958,世紀鋼,67,11,56,中國信託-忠孝,2024-10-04,6162
2597,潤弘,56,0,56,中國信託-忠孝,2024-10-04,6162
1217,愛之味,50,0,50,中國信託-忠孝,2024-10-04,6162
2603,長榮,66,24,42,中國信託-忠孝,2024-10-04,6162
2891,中信金,168,127,41,中國信託-忠孝,2024-10-04,6162
2498,宏達電,221,182,39,中國信託-忠孝,2024-10-04,6162
2812,台中銀,39,2,37,中國信託-忠孝,2024-10-04,6162
00946,群益科技高息成長,43,6,37,中國信託-忠孝,2024-10-04,6162
00712,復華富時不動產,38,1,37,中國信託-忠孝,2024-10-04,6162
2344,華邦電,33,1,32,中國信託-忠孝,2024-10-04,6162
2543,皇昌,40,9,31,中國信託-忠孝,2024-10-04,6162
2605,新興,49,19,30,中國信託-忠孝,2024-10-04,6162
6830,汎銓,29,0,29,中國信託-忠孝,2024-10-04,6162
00795B,中信美國公債20年,31,3,28,中國信託-忠孝,2024-10-04,6162
2542,興富發,27,0,27,中國信託-忠孝,2024-10-04,6162
00700,富邦�琤肭磪�,52,26,26,中國信託-忠孝,2024-10-04,6162
1569,濱川,33,8,25,中國信託-忠孝,2024-10-04,6162
006206,元大上證50,25,0,25,中國信託-忠孝,2024-10-04,6162
3376,新日興,25,1,24,中國信託-忠孝,2024-10-04,6162
2014,中鴻,33,10,23,中國信託-忠孝,2024-10-04,6162
3062,建漢,23,1,22,中國信託-忠孝,2024-10-04,6162
2313,華通,24,2,22,中國信託-忠孝,2024-10-04,6162
2504,國產,22,0,22,中國信託-忠孝,2024-10-04,6162
5347,世界,27,6,21,中國信託-忠孝,2024-10-04,6162
2457,飛宏,21,0,21,中國信託-忠孝,2024-10-04,6162
2501,國建,20,0,20,中國信託-忠孝,2024-10-04,6162
00637L,元大滬深300正2,2767,1954,813,中國信託-忠孝,2024-10-07,6162
00650L,復華香港正2,687,102,585,中國信託-忠孝,2024-10-07,6162
00632R,元大台灣50反1,247,0,247,中國信託-忠孝,2024-10-07,6162
00753L,中信中國50正2,806,564,242,中國信託-忠孝,2024-10-07,6162
1301,台塑,216,2,214,中國信託-忠孝,2024-10-07,6162
00882,中信中國高股息,471,267,204,中國信託-忠孝,2024-10-07,6162
2308,台達電,200,1,199,中國信託-忠孝,2024-10-07,6162
3056,富華新,338,155,183,中國信託-忠孝,2024-10-07,6162
00688L,國泰20年美債正2,209,58,151,中國信託-忠孝,2024-10-07,6162
00919,群益台灣精選高息,166,29,137,中國信託-忠孝,2024-10-07,6162
00878,國泰永續高股息,145,10,135,中國信託-忠孝,2024-10-07,6162
00922,國泰台灣領袖50,123,1,122,中國信託-忠孝,2024-10-07,6162
00948B,中信優息投資級債,111,0,111,中國信託-忠孝,2024-10-07,6162
00713,元大台灣高息低波,108,2,106,中國信託-忠孝,2024-10-07,6162
2399,映泰,202,100,102,中國信託-忠孝,2024-10-07,6162
2892,第一金,100,0,100,中國信託-忠孝,2024-10-07,6162
00679B,元大美債20年,108,9,99,中國信託-忠孝,2024-10-07,6162
00687B,國泰20年美債,133,34,99,中國信託-忠孝,2024-10-07,6162
0056,元大高股息,86,2,84,中國信託-忠孝,2024-10-07,6162
00752,中信中國50,210,129,81,中國信託-忠孝,2024-10-07,6162
00633L,富邦上証正2,93,12,81,中國信託-忠孝,2024-10-07,6162
00665L,富邦�琤肭磪囓�2,333,252,81,中國信託-忠孝,2024-10-07,6162
6530,創威,111,37,74,中國信託-忠孝,2024-10-07,6162
3062,建漢,70,2,68,中國信託-忠孝,2024-10-07,6162
3013,晟銘電,70,2,68,中國信託-忠孝,2024-10-07,6162
6179,亞通,65,2,63,中國信託-忠孝,2024-10-07,6162
2605,新興,63,0,63,中國信託-忠孝,2024-10-07,6162
3049,精金,176,118,58,中國信託-忠孝,2024-10-07,6162
3025,星通,333,276,57,中國信託-忠孝,2024-10-07,6162
2353,宏��,54,0,54,中國信託-忠孝,2024-10-07,6162
3058,立德,53,0,53,中國信託-忠孝,2024-10-07,6162
00696B,富邦美債20年,47,0,47,中國信託-忠孝,2024-10-07,6162
3481,群創,62,19,43,中國信託-忠孝,2024-10-07,6162
9105,泰金寶-DR,56,14,42,中國信託-忠孝,2024-10-07,6162
2316,楠梓電,119,81,38,中國信託-忠孝,2024-10-07,6162
2527,宏璟,40,3,37,中國信託-忠孝,2024-10-07,6162
1815,富喬,69,32,37,中國信託-忠孝,2024-10-07,6162
2062,橋椿,42,6,36,中國信託-忠孝,2024-10-07,6162
2337,旺宏,35,0,35,中國信託-忠孝,2024-10-07,6162
3027,盛達,35,0,35,中國信託-忠孝,2024-10-07,6162
4743,合一,34,2,32,中國信託-忠孝,2024-10-07,6162
2887,台新金,35,4,31,中國信託-忠孝,2024-10-07,6162
00795B,中信美國公債20年,40,9,31,中國信託-忠孝,2024-10-07,6162
2303,聯電,39,9,30,中國信託-忠孝,2024-10-07,6162
2597,潤弘,30,0,30,中國信託-忠孝,2024-10-07,6162
3231,緯創,34,4,30,中國信託-忠孝,2024-10-07,6162
00912,中信臺灣智慧50,30,1,29,中國信託-忠孝,2024-10-07,6162
1314,中石化,114,86,28,中國信託-忠孝,2024-10-07,6162
2412,中華電,28,2,26,中國信託-忠孝,2024-10-07,6162
4523,永彰,33,8,25,中國信託-忠孝,2024-10-07,6162
00680L,元大美債20正2,571,4,567,中國信託-忠孝,2024-10-08,6162
00919,群益台灣精選高息,240,23,217,中國信託-忠孝,2024-10-08,6162
00948B,中信優息投資級債,211,15,196,中國信託-忠孝,2024-10-08,6162
00937B,群益ESG投等債20,269,102,167,中國信託-忠孝,2024-10-08,6162
00940,元大台灣價值高息,162,5,157,中國信託-忠孝,2024-10-08,6162
00713,元大台灣高息低波,155,2,153,中國信託-忠孝,2024-10-08,6162
00922,國泰台灣領袖50,148,0,148,中國信託-忠孝,2024-10-08,6162
2243,宏旭-KY,154,16,138,中國信託-忠孝,2024-10-08,6162
0056,元大高股息,120,2,118,中國信託-忠孝,2024-10-08,6162
00679B,元大美債20年,139,24,115,中國信託-忠孝,2024-10-08,6162
00688L,國泰20年美債正2,175,60,115,中國信託-忠孝,2024-10-08,6162
00929,復華台灣科技優息,269,156,113,中國信託-忠孝,2024-10-08,6162
1301,台塑,108,0,108,中國信託-忠孝,2024-10-08,6162
2883,凱基金,106,0,106,中國信託-忠孝,2024-10-08,6162
2880,華南金,104,0,104,中國信託-忠孝,2024-10-08,6162
2498,宏達電,112,11,101,中國信託-忠孝,2024-10-08,6162
00887,永豐中國科技50大,129,31,98,中國信託-忠孝,2024-10-08,6162
1314,中石化,151,60,91,中國信託-忠孝,2024-10-08,6162
2515,中工,86,4,82,中國信託-忠孝,2024-10-08,6162
3209,全科,115,34,81,中國信託-忠孝,2024-10-08,6162
5880,合庫金,75,0,75,中國信託-忠孝,2024-10-08,6162
00878,國泰永續高股息,77,10,67,中國信託-忠孝,2024-10-08,6162
00953B,群益優選非投等債,60,0,60,中國信託-忠孝,2024-10-08,6162
2317,鴻海,88,30,58,中國信託-忠孝,2024-10-08,6162
2597,潤弘,55,0,55,中國信託-忠孝,2024-10-08,6162
00712,復華富時不動產,57,4,53,中國信託-忠孝,2024-10-08,6162
00642U,期元大S＆P石油,100,48,52,中國信託-忠孝,2024-10-08,6162
2014,中鴻,70,19,51,中國信託-忠孝,2024-10-08,6162
00934,中信成長高股息,47,0,47,中國信託-忠孝,2024-10-08,6162
00795B,中信美國公債20年,51,5,46,中國信託-忠孝,2024-10-08,6162
00959B,大華投等美債15Y+,47,1,46,中國信託-忠孝,2024-10-08,6162
2101,南港,54,8,46,中國信託-忠孝,2024-10-08,6162
2412,中華電,45,0,45,中國信託-忠孝,2024-10-08,6162
5512,力麒,50,5,45,中國信託-忠孝,2024-10-08,6162
3533,嘉澤,49,4,45,中國信託-忠孝,2024-10-08,6162
2442,新美齊,41,0,41,中國信託-忠孝,2024-10-08,6162
2834,臺企銀,40,2,38,中國信託-忠孝,2024-10-08,6162
2601,益航,47,9,38,中國信託-忠孝,2024-10-08,6162
00943,兆豐電子高息等權,37,0,37,中國信託-忠孝,2024-10-08,6162
00933B,國泰10Y+金融債,37,2,35,中國信託-忠孝,2024-10-08,6162
2344,華邦電,35,3,32,中國信託-忠孝,2024-10-08,6162
6269,台郡,32,0,32,中國信託-忠孝,2024-10-08,6162
6863,永道-KY,35,3,32,中國信託-忠孝,2024-10-08,6162
2812,台中銀,34,2,32,中國信託-忠孝,2024-10-08,6162
1721,三晃,40,8,32,中國信託-忠孝,2024-10-08,6162
1709,和益,31,1,30,中國信託-忠孝,2024-10-08,6162
2886,兆豐金,30,0,30,中國信託-忠孝,2024-10-08,6162
911868,同方友友-DR,29,0,29,中國信託-忠孝,2024-10-08,6162
00636,國泰中國A50,37,8,29,中國信託-忠孝,2024-10-08,6162
6207,雷科,88,61,27,中國信託-忠孝,2024-10-08,6162
00679B,元大美債20年,405,0,405,中國信託-忠孝,2024-10-09,6162
0061,元大寶滬深,403,22,381,中國信託-忠孝,2024-10-09,6162
00948B,中信優息投資級債,372,0,372,中國信託-忠孝,2024-10-09,6162
1314,中石化,532,174,358,中國信託-忠孝,2024-10-09,6162
00688L,國泰20年美債正2,344,0,344,中國信託-忠孝,2024-10-09,6162
00882,中信中國高股息,373,116,257,中國信託-忠孝,2024-10-09,6162
00937B,群益ESG投等債20,250,2,248,中國信託-忠孝,2024-10-09,6162
5512,力麒,150,2,148,中國信託-忠孝,2024-10-09,6162
00919,群益台灣精選高息,163,45,118,中國信託-忠孝,2024-10-09,6162
00680L,元大美債20正2,112,0,112,中國信託-忠孝,2024-10-09,6162
00713,元大台灣高息低波,115,6,109,中國信託-忠孝,2024-10-09,6162
00929,復華台灣科技優息,113,6,107,中國信託-忠孝,2024-10-09,6162
00650L,復華香港正2,122,16,106,中國信託-忠孝,2024-10-09,6162
1326,台化,100,0,100,中國信託-忠孝,2024-10-09,6162
1718,中纖,100,0,100,中國信託-忠孝,2024-10-09,6162
00725B,國泰投資級公司債,99,0,99,中國信託-忠孝,2024-10-09,6162
0056,元大高股息,97,1,96,中國信託-忠孝,2024-10-09,6162
00665L,富邦�琤肭磪囓�2,179,85,94,中國信託-忠孝,2024-10-09,6162
00959B,大華投等美債15Y+,94,0,94,中國信託-忠孝,2024-10-09,6162
3025,星通,184,93,91,中國信託-忠孝,2024-10-09,6162
00712,復華富時不動產,79,0,79,中國信託-忠孝,2024-10-09,6162
2618,長榮航,70,4,66,中國信託-忠孝,2024-10-09,6162
00687B,國泰20年美債,193,129,64,中國信託-忠孝,2024-10-09,6162
5880,合庫金,65,2,63,中國信託-忠孝,2024-10-09,6162
00753L,中信中國50正2,442,381,61,中國信託-忠孝,2024-10-09,6162
00943,兆豐電子高息等權,94,34,60,中國信託-忠孝,2024-10-09,6162
00637L,元大滬深300正2,192,135,57,中國信託-忠孝,2024-10-09,6162
00772B,中信高評級公司債,57,0,57,中國信託-忠孝,2024-10-09,6162
00773B,中信優先金融債,56,0,56,中國信託-忠孝,2024-10-09,6162
00643,群益深証中小,54,1,53,中國信託-忠孝,2024-10-09,6162
2597,潤弘,50,0,50,中國信託-忠孝,2024-10-09,6162
00907,永豐優息存股,47,0,47,中國信託-忠孝,2024-10-09,6162
1709,和益,43,0,43,中國信託-忠孝,2024-10-09,6162
2812,台中銀,42,0,42,中國信託-忠孝,2024-10-09,6162
00933B,國泰10Y+金融債,40,0,40,中國信託-忠孝,2024-10-09,6162
3591,艾笛森,45,5,40,中國信託-忠孝,2024-10-09,6162
00934,中信成長高股息,39,0,39,中國信託-忠孝,2024-10-09,6162
2498,宏達電,81,43,38,中國信託-忠孝,2024-10-09,6162
2641,正德,49,11,38,中國信託-忠孝,2024-10-09,6162
8028,昇陽半導體,174,138,36,中國信託-忠孝,2024-10-09,6162
00878,國泰永續高股息,39,3,36,中國信託-忠孝,2024-10-09,6162
1102,亞泥,30,1,29,中國信託-忠孝,2024-10-09,6162
00946,群益科技高息成長,28,0,28,中國信託-忠孝,2024-10-09,6162
6770,力積電,27,1,26,中國信託-忠孝,2024-10-09,6162
8096,擎亞,36,11,25,中國信託-忠孝,2024-10-09,6162
2408,南亞科,23,0,23,中國信託-忠孝,2024-10-09,6162
2303,聯電,30,7,23,中國信託-忠孝,2024-10-09,6162
2442,新美齊,23,0,23,中國信託-忠孝,2024-10-09,6162
00632R,元大台灣50反1,149,127,22,中國信託-忠孝,2024-10-09,6162
2031,新光鋼,21,0,21,中國信託-忠孝,2024-10-09,6162
00753L,中信中國50正2,756,5,751,中國信託-忠孝,2024-10-11,6162
00937B,群益ESG投等債20,342,0,342,中國信託-忠孝,2024-10-11,6162
00632R,元大台灣50反1,211,0,211,中國信託-忠孝,2024-10-11,6162
00948B,中信優息投資級債,210,0,210,中國信託-忠孝,2024-10-11,6162
3231,緯創,243,36,207,中國信託-忠孝,2024-10-11,6162
3149,正達,303,103,200,中國信託-忠孝,2024-10-11,6162
0056,元大高股息,171,3,168,中國信託-忠孝,2024-10-11,6162
00679B,元大美債20年,128,10,118,中國信託-忠孝,2024-10-11,6162
00637L,元大滬深300正2,146,42,104,中國信託-忠孝,2024-10-11,6162
00712,復華富時不動產,100,0,100,中國信託-忠孝,2024-10-11,6162
00633L,富邦上証正2,104,6,98,中國信託-忠孝,2024-10-11,6162
00713,元大台灣高息低波,168,70,98,中國信託-忠孝,2024-10-11,6162
2449,京元電子,116,22,94,中國信託-忠孝,2024-10-11,6162
5880,合庫金,95,10,85,中國信託-忠孝,2024-10-11,6162
00959B,大華投等美債15Y+,74,0,74,中國信託-忠孝,2024-10-11,6162
00795B,中信美國公債20年,72,0,72,中國信託-忠孝,2024-10-11,6162
3025,星通,91,32,59,中國信託-忠孝,2024-10-11,6162
2812,台中銀,58,1,57,中國信託-忠孝,2024-10-11,6162
00931B,統一美債20年,56,0,56,中國信託-忠孝,2024-10-11,6162
3715,定穎投控,66,10,56,中國信託-忠孝,2024-10-11,6162
00960,野村全球航運龍頭,55,1,54,中國信託-忠孝,2024-10-11,6162
00665L,富邦�琤肭磪囓�2,63,10,53,中國信託-忠孝,2024-10-11,6162
1721,三晃,59,9,50,中國信託-忠孝,2024-10-11,6162
1314,中石化,52,2,50,中國信託-忠孝,2024-10-11,6162
2426,鼎元,126,78,48,中國信託-忠孝,2024-10-11,6162
00933B,國泰10Y+金融債,82,35,47,中國信託-忠孝,2024-10-11,6162
8111,立��,73,27,46,中國信託-忠孝,2024-10-11,6162
2834,臺企銀,40,0,40,中國信託-忠孝,2024-10-11,6162
00639,富邦深100,50,11,39,中國信託-忠孝,2024-10-11,6162
3710,連展投控,53,18,35,中國信託-忠孝,2024-10-11,6162
3284,太普高,35,0,35,中國信託-忠孝,2024-10-11,6162
1605,華新,32,1,31,中國信託-忠孝,2024-10-11,6162
00919,群益台灣精選高息,76,45,31,中國信託-忠孝,2024-10-11,6162
1709,和益,30,0,30,中國信託-忠孝,2024-10-11,6162
3056,富華新,98,68,30,中國信託-忠孝,2024-10-11,6162
2597,潤弘,30,0,30,中國信託-忠孝,2024-10-11,6162
5225,東科-KY,29,1,28,中國信託-忠孝,2024-10-11,6162
00752,中信中國50,31,5,26,中國信託-忠孝,2024-10-11,6162
00643,群益深証中小,25,0,25,中國信託-忠孝,2024-10-11,6162
2887,台新金,25,1,24,中國信託-忠孝,2024-10-11,6162
00687B,國泰20年美債,121,98,23,中國信託-忠孝,2024-10-11,6162
00905,FT臺灣Smart,26,3,23,中國信託-忠孝,2024-10-11,6162
00751B,元大AAA至A公司債,23,0,23,中國信託-忠孝,2024-10-11,6162
3363,上詮,51,30,21,中國信託-忠孝,2024-10-11,6162
00932,兆豐永續高息等權,20,0,20,中國信託-忠孝,2024-10-11,6162
00664R,國泰臺灣加權反1,20,0,20,中國信託-忠孝,2024-10-11,6162
3031,佰鴻,26,6,20,中國信託-忠孝,2024-10-11,6162
1717,長興,20,0,20,中國信託-忠孝,2024-10-11,6162
3066,李洲,20,0,20,中國信託-忠孝,2024-10-11,6162
2317,鴻海,74,54,20,中國信託-忠孝,2024-10-11,6162
00933B,國泰10Y+金融債,538,58,480,中國信託-忠孝,2024-10-14,6162
00637L,元大滬深300正2,458,113,345,中國信託-忠孝,2024-10-14,6162
3013,晟銘電,383,43,340,中國信託-忠孝,2024-10-14,6162
00937B,群益ESG投等債20,409,73,336,中國信託-忠孝,2024-10-14,6162
00887,永豐中國科技50大,327,1,326,中國信託-忠孝,2024-10-14,6162
2812,台中銀,321,0,321,中國信託-忠孝,2024-10-14,6162
00948B,中信優息投資級債,277,1,276,中國信託-忠孝,2024-10-14,6162
9105,泰金寶-DR,366,177,189,中國信託-忠孝,2024-10-14,6162
00687B,國泰20年美債,257,99,158,中國信託-忠孝,2024-10-14,6162
2312,金寶,230,72,158,中國信託-忠孝,2024-10-14,6162
00679B,元大美債20年,187,44,143,中國信託-忠孝,2024-10-14,6162
6207,雷科,190,58,132,中國信託-忠孝,2024-10-14,6162
006208,富邦台50,135,9,126,中國信託-忠孝,2024-10-14,6162
2888,新光金,95,7,88,中國信託-忠孝,2024-10-14,6162
00712,復華富時不動產,77,0,77,中國信託-忠孝,2024-10-14,6162
3710,連展投控,108,33,75,中國信託-忠孝,2024-10-14,6162
00912,中信臺灣智慧50,62,1,61,中國信託-忠孝,2024-10-14,6162
2597,潤弘,60,0,60,中國信託-忠孝,2024-10-14,6162
2324,仁寶,54,0,54,中國信託-忠孝,2024-10-14,6162
8112,至上,53,0,53,中國信託-忠孝,2024-10-14,6162
5880,合庫金,53,0,53,中國信託-忠孝,2024-10-14,6162
0056,元大高股息,59,7,52,中國信託-忠孝,2024-10-14,6162
00643,群益深証中小,51,0,51,中國信託-忠孝,2024-10-14,6162
00959B,大華投等美債15Y+,71,20,51,中國信託-忠孝,2024-10-14,6162
3591,艾笛森,51,1,50,中國信託-忠孝,2024-10-14,6162
00713,元大台灣高息低波,52,3,49,中國信託-忠孝,2024-10-14,6162
2618,長榮航,359,313,46,中國信託-忠孝,2024-10-14,6162
2412,中華電,45,0,45,中國信託-忠孝,2024-10-14,6162
5258,虹堡,43,0,43,中國信託-忠孝,2024-10-14,6162
00720B,元大投資級公司債,42,0,42,中國信託-忠孝,2024-10-14,6162
00945B,凱基美國非投等債,42,0,42,中國信託-忠孝,2024-10-14,6162
2498,宏達電,50,10,40,中國信託-忠孝,2024-10-14,6162
2392,正崴,40,1,39,中國信託-忠孝,2024-10-14,6162
00751B,元大AAA至A公司債,38,0,38,中國信託-忠孝,2024-10-14,6162
00922,國泰台灣領袖50,40,4,36,中國信託-忠孝,2024-10-14,6162
00931B,統一美債20年,34,0,34,中國信託-忠孝,2024-10-14,6162
00725B,國泰投資級公司債,33,1,32,中國信託-忠孝,2024-10-14,6162
00857B,永豐20年美公債,31,0,31,中國信託-忠孝,2024-10-14,6162
00795B,中信美國公債20年,37,10,27,中國信託-忠孝,2024-10-14,6162
2834,臺企銀,23,2,21,中國信託-忠孝,2024-10-14,6162
2421,建準,26,6,20,中國信託-忠孝,2024-10-14,6162
8054,安國,20,0,20,中國信託-忠孝,2024-10-14,6162
3511,矽瑪,20,1,19,中國信託-忠孝,2024-10-14,6162
2317,鴻海,42,24,18,中國信託-忠孝,2024-10-14,6162
2609,陽明,23,5,18,中國信託-忠孝,2024-10-14,6162
1799,易威,18,0,18,中國信託-忠孝,2024-10-14,6162
6165,浪凡,18,0,18,中國信託-忠孝,2024-10-14,6162
00772B,中信高評級公司債,18,1,17,中國信託-忠孝,2024-10-14,6162
00940,元大台灣價值高息,48,31,17,中國信託-忠孝,2024-10-14,6162
2615,萬海,19,4,15,中國信託-忠孝,2024-10-14,6162
00650L,復華香港正2,622,29,593,中國信託-忠孝,2024-10-15,6162
00679B,元大美債20年,252,3,249,中國信託-忠孝,2024-10-15,6162
4956,光鋐,378,148,230,中國信託-忠孝,2024-10-15,6162
00943,兆豐電子高息等權,205,0,205,中國信託-忠孝,2024-10-15,6162
00632R,元大台灣50反1,172,4,168,中國信託-忠孝,2024-10-15,6162
1314,中石化,181,18,163,中國信託-忠孝,2024-10-15,6162
00937B,群益ESG投等債20,161,17,144,中國信託-忠孝,2024-10-15,6162
00922,國泰台灣領袖50,141,2,139,中國信託-忠孝,2024-10-15,6162
00687B,國泰20年美債,156,18,138,中國信託-忠孝,2024-10-15,6162
00665L,富邦�琤肭磪囓�2,135,0,135,中國信託-忠孝,2024-10-15,6162
3062,建漢,252,123,129,中國信託-忠孝,2024-10-15,6162
00933B,國泰10Y+金融債,199,110,89,中國信託-忠孝,2024-10-15,6162
2801,彰銀,72,0,72,中國信託-忠孝,2024-10-15,6162
2530,華建,72,0,72,中國信託-忠孝,2024-10-15,6162
2597,潤弘,70,0,70,中國信託-忠孝,2024-10-15,6162
2609,陽明,70,0,70,中國信託-忠孝,2024-10-15,6162
00912,中信臺灣智慧50,62,0,62,中國信託-忠孝,2024-10-15,6162
00961,FT臺灣永續高息,59,0,59,中國信託-忠孝,2024-10-15,6162
3550,聯穎,62,3,59,中國信託-忠孝,2024-10-15,6162
00664R,國泰臺灣加權反1,55,0,55,中國信託-忠孝,2024-10-15,6162
6830,汎銓,73,18,55,中國信託-忠孝,2024-10-15,6162
5452,佶優,177,127,50,中國信託-忠孝,2024-10-15,6162
2106,建大,50,0,50,中國信託-忠孝,2024-10-15,6162
00930,永豐ESG低碳高息,50,0,50,中國信託-忠孝,2024-10-15,6162
2241,艾姆勒,132,88,44,中國信託-忠孝,2024-10-15,6162
8028,昇陽半導體,93,51,42,中國信託-忠孝,2024-10-15,6162
2392,正崴,41,1,40,中國信託-忠孝,2024-10-15,6162
00795B,中信美國公債20年,38,3,35,中國信託-忠孝,2024-10-15,6162
2399,映泰,181,147,34,中國信託-忠孝,2024-10-15,6162
1536,和大,33,0,33,中國信託-忠孝,2024-10-15,6162
6706,惠特,53,20,33,中國信託-忠孝,2024-10-15,6162
00688L,國泰20年美債正2,32,0,32,中國信託-忠孝,2024-10-15,6162
5230,雷笛克光學,42,10,32,中國信託-忠孝,2024-10-15,6162
3363,上詮,34,2,32,中國信託-忠孝,2024-10-15,6162
00753L,中信中國50正2,116,85,31,中國信託-忠孝,2024-10-15,6162
2101,南港,31,0,31,中國信託-忠孝,2024-10-15,6162
6218,豪勉,31,0,31,中國信託-忠孝,2024-10-15,6162
3591,艾笛森,82,52,30,中國信託-忠孝,2024-10-15,6162
00633L,富邦上証正2,63,37,26,中國信託-忠孝,2024-10-15,6162
4991,環宇-KY,27,3,24,中國信託-忠孝,2024-10-15,6162
4576,大銀微系統,46,23,23,中國信託-忠孝,2024-10-15,6162
2312,金寶,98,76,22,中國信託-忠孝,2024-10-15,6162
00712,復華富時不動產,22,0,22,中國信託-忠孝,2024-10-15,6162
2498,宏達電,125,103,22,中國信託-忠孝,2024-10-15,6162
1711,永光,21,0,21,中國信託-忠孝,2024-10-15,6162
00940,元大台灣價值高息,53,32,21,中國信託-忠孝,2024-10-15,6162
00720B,元大投資級公司債,22,2,20,中國信託-忠孝,2024-10-15,6162
6923,中台,20,0,20,中國信託-忠孝,2024-10-15,6162
4939,亞電,20,0,20,中國信託-忠孝,2024-10-15,6162
6141,柏承,20,0,20,中國信託-忠孝,2024-10-15,6162
00687B,國泰20年美債,250,5,245,中國信託-忠孝,2024-10-16,6162
00933B,國泰10Y+金融債,231,1,230,中國信託-忠孝,2024-10-16,6162
0056,元大高股息,237,23,214,中國信託-忠孝,2024-10-16,6162
00948B,中信優息投資級債,871,671,200,中國信託-忠孝,2024-10-16,6162
00887,永豐中國科技50大,188,37,151,中國信託-忠孝,2024-10-16,6162
00680L,元大美債20正2,142,0,142,中國信託-忠孝,2024-10-16,6162
00713,元大台灣高息低波,142,0,142,中國信託-忠孝,2024-10-16,6162
00679B,元大美債20年,148,7,141,中國信託-忠孝,2024-10-16,6162
00922,國泰台灣領袖50,127,0,127,中國信託-忠孝,2024-10-16,6162
3209,全科,121,13,108,中國信託-忠孝,2024-10-16,6162
5880,合庫金,85,5,80,中國信託-忠孝,2024-10-16,6162
00919,群益台灣精選高息,81,6,75,中國信託-忠孝,2024-10-16,6162
6763,綠界科技*,247,172,75,中國信託-忠孝,2024-10-16,6162
00878,國泰永續高股息,95,28,67,中國信託-忠孝,2024-10-16,6162
00945B,凱基美國非投等債,63,0,63,中國信託-忠孝,2024-10-16,6162
00943,兆豐電子高息等權,60,0,60,中國信託-忠孝,2024-10-16,6162
00830,國泰費城半導體,57,0,57,中國信託-忠孝,2024-10-16,6162
2106,建大,50,0,50,中國信託-忠孝,2024-10-16,6162
2498,宏達電,55,5,50,中國信託-忠孝,2024-10-16,6162
00905,FT臺灣Smart,47,0,47,中國信託-忠孝,2024-10-16,6162
2812,台中銀,46,0,46,中國信託-忠孝,2024-10-16,6162
3450,聯鈞,128,82,46,中國信託-忠孝,2024-10-16,6162
00937B,群益ESG投等債20,81,41,40,中國信託-忠孝,2024-10-16,6162
4909,新復興,43,3,40,中國信託-忠孝,2024-10-16,6162
2597,潤弘,40,0,40,中國信託-忠孝,2024-10-16,6162
6271,同欣電,40,0,40,中國信託-忠孝,2024-10-16,6162
2412,中華電,38,0,38,中國信託-忠孝,2024-10-16,6162
6141,柏承,38,0,38,中國信託-忠孝,2024-10-16,6162
00882,中信中國高股息,121,84,37,中國信託-忠孝,2024-10-16,6162
8097,常珵,66,29,37,中國信託-忠孝,2024-10-16,6162
00881,國泰台灣5G+,34,0,34,中國信託-忠孝,2024-10-16,6162
0050,元大台灣50,41,9,32,中國信託-忠孝,2024-10-16,6162
006208,富邦台50,35,4,31,中國信託-忠孝,2024-10-16,6162
6285,啟��,30,0,30,中國信託-忠孝,2024-10-16,6162
3031,佰鴻,30,0,30,中國信託-忠孝,2024-10-16,6162
2887,台新金,42,15,27,中國信託-忠孝,2024-10-16,6162
1785,光洋科,28,1,27,中國信託-忠孝,2024-10-16,6162
1101,台泥,32,5,27,中國信託-忠孝,2024-10-16,6162
1446,宏和,26,0,26,中國信託-忠孝,2024-10-16,6162
2609,陽明,46,21,25,中國信託-忠孝,2024-10-16,6162
2303,聯電,29,6,23,中國信託-忠孝,2024-10-16,6162
4128,中天,22,0,22,中國信託-忠孝,2024-10-16,6162
6179,亞通,29,7,22,中國信託-忠孝,2024-10-16,6162
00725B,國泰投資級公司債,22,0,22,中國信託-忠孝,2024-10-16,6162
00772B,中信高評級公司債,21,0,21,中國信託-忠孝,2024-10-16,6162
2888,新光金,33,12,21,中國信託-忠孝,2024-10-16,6162
8032,光菱,39,18,21,中國信託-忠孝,2024-10-16,6162
3376,新日興,23,3,20,中國信託-忠孝,2024-10-16,6162
2392,正崴,20,0,20,中國信託-忠孝,2024-10-16,6162
8064,東捷,23,3,20,中國信託-忠孝,2024-10-16,6162
00637L,元大滬深300正2,226,0,226,中國信託-忠孝,2024-10-17,6162
00687B,國泰20年美債,179,7,172,中國信託-忠孝,2024-10-17,6162
00933B,國泰10Y+金融債,191,23,168,中國信託-忠孝,2024-10-17,6162
0056,元大高股息,146,0,146,中國信託-忠孝,2024-10-17,6162
00922,國泰台灣領袖50,124,4,120,中國信託-忠孝,2024-10-17,6162
3149,正達,132,18,114,中國信託-忠孝,2024-10-17,6162
2049,上銀,113,3,110,中國信託-忠孝,2024-10-17,6162
2344,華邦電,112,2,110,中國信託-忠孝,2024-10-17,6162
00887,永豐中國科技50大,133,29,104,中國信託-忠孝,2024-10-17,6162
1314,中石化,102,0,102,中國信託-忠孝,2024-10-17,6162
2312,金寶,201,116,85,中國信託-忠孝,2024-10-17,6162
4576,大銀微系統,112,27,85,中國信託-忠孝,2024-10-17,6162
2609,陽明,187,119,68,中國信託-忠孝,2024-10-17,6162
2399,映泰,210,143,67,中國信託-忠孝,2024-10-17,6162
00830,國泰費城半導體,65,0,65,中國信託-忠孝,2024-10-17,6162
1528,恩德,94,34,60,中國信託-忠孝,2024-10-17,6162
1776,展宇,65,7,58,中國信託-忠孝,2024-10-17,6162
6658,聯策,70,15,55,中國信託-忠孝,2024-10-17,6162
00941,中信上游半導體,54,0,54,中國信託-忠孝,2024-10-17,6162
00878,國泰永續高股息,74,21,53,中國信託-忠孝,2024-10-17,6162
6763,綠界科技*,70,28,42,中國信託-忠孝,2024-10-17,6162
00679B,元大美債20年,48,6,42,中國信託-忠孝,2024-10-17,6162
2597,潤弘,33,0,33,中國信託-忠孝,2024-10-17,6162
9946,三發地產,37,5,32,中國信託-忠孝,2024-10-17,6162
00919,群益台灣精選高息,49,18,31,中國信託-忠孝,2024-10-17,6162
00959B,大華投等美債15Y+,30,0,30,中國信託-忠孝,2024-10-17,6162
6706,惠特,30,0,30,中國信託-忠孝,2024-10-17,6162
3551,世禾,31,2,29,中國信託-忠孝,2024-10-17,6162
00753L,中信中國50正2,34,6,28,中國信託-忠孝,2024-10-17,6162
2412,中華電,28,1,27,中國信託-忠孝,2024-10-17,6162
2834,臺企銀,25,0,25,中國信託-忠孝,2024-10-17,6162
00708L,期元大S＆P黃金正2,24,0,24,中國信託-忠孝,2024-10-17,6162
2515,中工,24,0,24,中國信託-忠孝,2024-10-17,6162
00639,富邦深100,22,0,22,中國信託-忠孝,2024-10-17,6162
4303,信立,33,11,22,中國信託-忠孝,2024-10-17,6162
4908,前鼎,28,7,21,中國信託-忠孝,2024-10-17,6162
00927,群益半導體收益,21,0,21,中國信託-忠孝,2024-10-17,6162
00904,新光臺灣半導體30,20,0,20,中國信託-忠孝,2024-10-17,6162
2022,聚亨,20,0,20,中國信託-忠孝,2024-10-17,6162
00665L,富邦�琤肭磪囓�2,23,3,20,中國信託-忠孝,2024-10-17,6162
4306,炎洲,20,0,20,中國信託-忠孝,2024-10-17,6162
2038,海光,20,0,20,中國信託-忠孝,2024-10-17,6162
6151,晉倫,31,11,20,中國信託-忠孝,2024-10-17,6162
00915,凱基優選高股息30,18,0,18,中國信託-忠孝,2024-10-17,6162
2425,承啟,25,8,17,中國信託-忠孝,2024-10-17,6162
3066,李洲,30,14,16,中國信託-忠孝,2024-10-17,6162
1584,精剛,17,2,15,中國信託-忠孝,2024-10-17,6162
1595,川寶,37,22,15,中國信託-忠孝,2024-10-17,6162
2241,艾姆勒,56,41,15,中國信託-忠孝,2024-10-17,6162
00688L,國泰20年美債正2,15,0,15,中國信託-忠孝,2024-10-17,6162
00937B,群益ESG投等債20,403,2,401,中國信託-忠孝,2024-10-18,6162
00933B,國泰10Y+金融債,412,24,388,中國信託-忠孝,2024-10-18,6162
00680L,元大美債20正2,360,54,306,中國信託-忠孝,2024-10-18,6162
00948B,中信優息投資級債,301,0,301,中國信託-忠孝,2024-10-18,6162
00679B,元大美債20年,258,32,226,中國信託-忠孝,2024-10-18,6162
00687B,國泰20年美債,225,4,221,中國信託-忠孝,2024-10-18,6162
3049,精金,192,0,192,中國信託-忠孝,2024-10-18,6162
00945B,凱基美國非投等債,183,0,183,中國信託-忠孝,2024-10-18,6162
2609,陽明,183,36,147,中國信託-忠孝,2024-10-18,6162
00959B,大華投等美債15Y+,97,0,97,中國信託-忠孝,2024-10-18,6162
4562,穎漢,206,109,97,中國信託-忠孝,2024-10-18,6162
00632R,元大台灣50反1,104,10,94,中國信託-忠孝,2024-10-18,6162
00688L,國泰20年美債正2,103,10,93,中國信託-忠孝,2024-10-18,6162
00940,元大台灣價值高息,124,32,92,中國信託-忠孝,2024-10-18,6162
2345,智邦,82,4,78,中國信託-忠孝,2024-10-18,6162
00887,永豐中國科技50大,128,51,77,中國信託-忠孝,2024-10-18,6162
2303,聯電,79,8,71,中國信託-忠孝,2024-10-18,6162
0056,元大高股息,114,46,68,中國信託-忠孝,2024-10-18,6162
2597,潤弘,60,0,60,中國信託-忠孝,2024-10-18,6162
1584,精剛,60,1,59,中國信託-忠孝,2024-10-18,6162
00751B,元大AAA至A公司債,58,0,58,中國信託-忠孝,2024-10-18,6162
1314,中石化,63,6,57,中國信託-忠孝,2024-10-18,6162
00919,群益台灣精選高息,70,15,55,中國信託-忠孝,2024-10-18,6162
1605,華新,58,5,53,中國信託-忠孝,2024-10-18,6162
00637L,元大滬深300正2,55,4,51,中國信託-忠孝,2024-10-18,6162
00961,FT臺灣永續高息,51,0,51,中國信託-忠孝,2024-10-18,6162
6763,綠界科技*,86,40,46,中國信託-忠孝,2024-10-18,6162
00720B,元大投資級公司債,46,1,45,中國信託-忠孝,2024-10-18,6162
2392,正崴,41,0,41,中國信託-忠孝,2024-10-18,6162
4510,高鋒,92,54,38,中國信託-忠孝,2024-10-18,6162
00725B,國泰投資級公司債,34,0,34,中國信託-忠孝,2024-10-18,6162
2618,長榮航,69,35,34,中國信託-忠孝,2024-10-18,6162
1536,和大,38,5,33,中國信託-忠孝,2024-10-18,6162
00958B,永豐ESG銀行債15,35,2,33,中國信託-忠孝,2024-10-18,6162
00795B,中信美國公債20年,32,0,32,中國信託-忠孝,2024-10-18,6162
00664R,國泰臺灣加權反1,32,0,32,中國信託-忠孝,2024-10-18,6162
2313,華通,49,17,32,中國信託-忠孝,2024-10-18,6162
2367,燿華,55,24,31,中國信託-忠孝,2024-10-18,6162
00931B,統一美債20年,30,0,30,中國信託-忠孝,2024-10-18,6162
9911,櫻花,30,2,28,中國信託-忠孝,2024-10-18,6162
3406,玉晶光,28,2,26,中國信託-忠孝,2024-10-18,6162
2317,鴻海,121,97,24,中國信託-忠孝,2024-10-18,6162
3689,湧德,25,1,24,中國信託-忠孝,2024-10-18,6162
8112,至上,25,2,23,中國信託-忠孝,2024-10-18,6162
2515,中工,23,1,22,中國信託-忠孝,2024-10-18,6162
00891,中信關鍵半導體,25,4,21,中國信託-忠孝,2024-10-18,6162
6151,晉倫,37,16,21,中國信託-忠孝,2024-10-18,6162
8111,立��,25,6,19,中國信託-忠孝,2024-10-18,6162
5452,佶優,54,35,19,中國信託-忠孝,2024-10-18,6162
6165,浪凡,21,2,19,中國信託-忠孝,2024-10-18,6162
00933B,國泰10Y+金融債,810,0,810,中國信託-忠孝,2024-10-21,6162
00937B,群益ESG投等債20,687,36,651,中國信託-忠孝,2024-10-21,6162
00680L,元大美債20正2,219,0,219,中國信託-忠孝,2024-10-21,6162
2609,陽明,469,315,154,中國信託-忠孝,2024-10-21,6162
00687B,國泰20年美債,239,87,152,中國信託-忠孝,2024-10-21,6162
00713,元大台灣高息低波,103,1,102,中國信託-忠孝,2024-10-21,6162
00751B,元大AAA至A公司債,92,0,92,中國信託-忠孝,2024-10-21,6162
00720B,元大投資級公司債,91,5,86,中國信託-忠孝,2024-10-21,6162
00753L,中信中國50正2,84,2,82,中國信託-忠孝,2024-10-21,6162
00637L,元大滬深300正2,78,0,78,中國信託-忠孝,2024-10-21,6162
00905,FT臺灣Smart,75,0,75,中國信託-忠孝,2024-10-21,6162
3013,晟銘電,139,76,63,中國信託-忠孝,2024-10-21,6162
8064,東捷,90,27,63,中國信託-忠孝,2024-10-21,6162
00725B,國泰投資級公司債,61,0,61,中國信託-忠孝,2024-10-21,6162
2883,凱基金,64,5,59,中國信託-忠孝,2024-10-21,6162
00953B,群益優選非投等債,56,0,56,中國信託-忠孝,2024-10-21,6162
00679B,元大美債20年,153,101,52,中國信託-忠孝,2024-10-21,6162
00878,國泰永續高股息,67,15,52,中國信託-忠孝,2024-10-21,6162
00665L,富邦�琤肭磪囓�2,91,40,51,中國信託-忠孝,2024-10-21,6162
00650L,復華香港正2,53,5,48,中國信託-忠孝,2024-10-21,6162
3031,佰鴻,45,0,45,中國信託-忠孝,2024-10-21,6162
2597,潤弘,45,0,45,中國信託-忠孝,2024-10-21,6162
3287,廣寰科,43,0,43,中國信託-忠孝,2024-10-21,6162
4542,科嶠,43,2,41,中國信託-忠孝,2024-10-21,6162
00646,元大S＆P500,40,0,40,中國信託-忠孝,2024-10-21,6162
6763,綠界科技*,43,3,40,中國信託-忠孝,2024-10-21,6162
3056,富華新,80,42,38,中國信託-忠孝,2024-10-21,6162
2881,富邦金,37,0,37,中國信託-忠孝,2024-10-21,6162
2515,中工,36,1,35,中國信託-忠孝,2024-10-21,6162
2891,中信金,64,29,35,中國信託-忠孝,2024-10-21,6162
2449,京元電子,55,21,34,中國信託-忠孝,2024-10-21,6162
00882,中信中國高股息,48,15,33,中國信託-忠孝,2024-10-21,6162
3011,今皓,62,31,31,中國信託-忠孝,2024-10-21,6162
00958B,永豐ESG銀行債15,30,0,30,中國信託-忠孝,2024-10-21,6162
9105,泰金寶-DR,32,3,29,中國信託-忠孝,2024-10-21,6162
1735,日勝化,27,0,27,中國信託-忠孝,2024-10-21,6162
00772B,中信高評級公司債,26,0,26,中國信託-忠孝,2024-10-21,6162
2412,中華電,36,10,26,中國信託-忠孝,2024-10-21,6162
00919,群益台灣精選高息,39,13,26,中國信託-忠孝,2024-10-21,6162
4561,健椿,36,11,25,中國信託-忠孝,2024-10-21,6162
00946,群益科技高息成長,24,0,24,中國信託-忠孝,2024-10-21,6162
00887,永豐中國科技50大,66,43,23,中國信託-忠孝,2024-10-21,6162
9917,中保科,24,1,23,中國信託-忠孝,2024-10-21,6162
6156,松上,35,12,23,中國信託-忠孝,2024-10-21,6162
00712,復華富時不動產,25,3,22,中國信託-忠孝,2024-10-21,6162
2618,長榮航,21,0,21,中國信託-忠孝,2024-10-21,6162
6005,群益證,21,0,21,中國信託-忠孝,2024-10-21,6162
2399,映泰,63,42,21,中國信託-忠孝,2024-10-21,6162
00676R,富邦臺灣加權反1,20,0,20,中國信託-忠孝,2024-10-21,6162
00795B,中信美國公債20年,20,2,18,中國信託-忠孝,2024-10-21,6162
00933B,國泰10Y+金融債,585,0,585,中國信託-忠孝,2024-10-22,6162
00937B,群益ESG投等債20,619,316,303,中國信託-忠孝,2024-10-22,6162
00907,永豐優息存股,195,0,195,中國信託-忠孝,2024-10-22,6162
00680L,元大美債20正2,239,60,179,中國信託-忠孝,2024-10-22,6162
00679B,元大美債20年,250,106,144,中國信託-忠孝,2024-10-22,6162
00959B,大華投等美債15Y+,139,0,139,中國信託-忠孝,2024-10-22,6162
00719B,元大美債1-3,135,0,135,中國信託-忠孝,2024-10-22,6162
2412,中華電,119,0,119,中國信託-忠孝,2024-10-22,6162
00720B,元大投資級公司債,86,11,75,中國信託-忠孝,2024-10-22,6162
00751B,元大AAA至A公司債,70,0,70,中國信託-忠孝,2024-10-22,6162
00772B,中信高評級公司債,66,8,58,中國信託-忠孝,2024-10-22,6162
00931B,統一美債20年,57,0,57,中國信託-忠孝,2024-10-22,6162
00646,元大S＆P500,57,0,57,中國信託-忠孝,2024-10-22,6162
3376,新日興,62,5,57,中國信託-忠孝,2024-10-22,6162
00795B,中信美國公債20年,62,7,55,中國信託-忠孝,2024-10-22,6162
00753L,中信中國50正2,50,0,50,中國信託-忠孝,2024-10-22,6162
00712,復華富時不動產,48,3,45,中國信託-忠孝,2024-10-22,6162
00948B,中信優息投資級債,465,420,45,中國信託-忠孝,2024-10-22,6162
00927,群益半導體收益,43,0,43,中國信託-忠孝,2024-10-22,6162
00725B,國泰投資級公司債,43,0,43,中國信託-忠孝,2024-10-22,6162
00688L,國泰20年美債正2,197,157,40,中國信託-忠孝,2024-10-22,6162
3056,富華新,40,0,40,中國信託-忠孝,2024-10-22,6162
00919,群益台灣精選高息,61,25,36,中國信託-忠孝,2024-10-22,6162
4123,晟德,34,0,34,中國信託-忠孝,2024-10-22,6162
3011,今皓,49,17,32,中國信託-忠孝,2024-10-22,6162
2345,智邦,34,2,32,中國信託-忠孝,2024-10-22,6162
6134,萬旭,35,3,32,中國信託-忠孝,2024-10-22,6162
6763,綠界科技*,38,7,31,中國信託-忠孝,2024-10-22,6162
00857B,永豐20年美公債,30,0,30,中國信託-忠孝,2024-10-22,6162
1528,恩德,63,33,30,中國信託-忠孝,2024-10-22,6162
2597,潤弘,30,0,30,中國信託-忠孝,2024-10-22,6162
2449,京元電子,50,21,29,中國信託-忠孝,2024-10-22,6162
5371,中光電,30,2,28,中國信託-忠孝,2024-10-22,6162
2615,萬海,34,8,26,中國信託-忠孝,2024-10-22,6162
5392,能率,26,0,26,中國信託-忠孝,2024-10-22,6162
00643,群益深証中小,25,0,25,中國信託-忠孝,2024-10-22,6162
5498,凱崴,25,0,25,中國信託-忠孝,2024-10-22,6162
2834,臺企銀,26,3,23,中國信託-忠孝,2024-10-22,6162
3715,定穎投控,60,37,23,中國信託-忠孝,2024-10-22,6162
006208,富邦台50,28,6,22,中國信託-忠孝,2024-10-22,6162
2543,皇昌,24,2,22,中國信託-忠孝,2024-10-22,6162
2812,台中銀,21,0,21,中國信託-忠孝,2024-10-22,6162
2388,威盛,54,34,20,中國信託-忠孝,2024-10-22,6162
1301,台塑,20,0,20,中國信託-忠孝,2024-10-22,6162
2453,凌群,27,7,20,中國信託-忠孝,2024-10-22,6162
3356,奇偶,20,0,20,中國信託-忠孝,2024-10-22,6162
00940,元大台灣價值高息,46,27,19,中國信託-忠孝,2024-10-22,6162
0056,元大高股息,22,3,19,中國信託-忠孝,2024-10-22,6162
8043,蜜望實,26,7,19,中國信託-忠孝,2024-10-22,6162
3290,東浦,28,10,18,中國信託-忠孝,2024-10-22,6162
00937B,群益ESG投等債20,427,57,370,中國信託-忠孝,2024-10-23,6162
2609,陽明,327,92,235,中國信託-忠孝,2024-10-23,6162
00933B,國泰10Y+金融債,234,0,234,中國信託-忠孝,2024-10-23,6162
00959B,大華投等美債15Y+,210,0,210,中國信託-忠孝,2024-10-23,6162
00878,國泰永續高股息,222,21,201,中國信託-忠孝,2024-10-23,6162
00945B,凱基美國非投等債,191,0,191,中國信託-忠孝,2024-10-23,6162
00687B,國泰20年美債,197,11,186,中國信託-忠孝,2024-10-23,6162
00948B,中信優息投資級債,174,11,163,中國信託-忠孝,2024-10-23,6162
5880,合庫金,151,0,151,中國信託-忠孝,2024-10-23,6162
2412,中華電,144,4,140,中國信託-忠孝,2024-10-23,6162
00712,復華富時不動產,88,0,88,中國信託-忠孝,2024-10-23,6162
1314,中石化,92,6,86,中國信託-忠孝,2024-10-23,6162
00882,中信中國高股息,101,19,82,中國信託-忠孝,2024-10-23,6162
00751B,元大AAA至A公司債,82,0,82,中國信託-忠孝,2024-10-23,6162
00708L,期元大S＆P黃金正2,51,0,51,中國信託-忠孝,2024-10-23,6162
2106,建大,50,0,50,中國信託-忠孝,2024-10-23,6162
00679B,元大美債20年,90,40,50,中國信託-忠孝,2024-10-23,6162
2618,長榮航,54,6,48,中國信託-忠孝,2024-10-23,6162
00919,群益台灣精選高息,56,9,47,中國信託-忠孝,2024-10-23,6162
00943,兆豐電子高息等權,46,0,46,中國信託-忠孝,2024-10-23,6162
1569,濱川,43,0,43,中國信託-忠孝,2024-10-23,6162
2597,潤弘,40,0,40,中國信託-忠孝,2024-10-23,6162
00680L,元大美債20正2,37,0,37,中國信託-忠孝,2024-10-23,6162
006208,富邦台50,37,1,36,中國信託-忠孝,2024-10-23,6162
00720B,元大投資級公司債,44,13,31,中國信託-忠孝,2024-10-23,6162
0056,元大高股息,33,2,31,中國信託-忠孝,2024-10-23,6162
2881,富邦金,32,1,31,中國信託-忠孝,2024-10-23,6162
2374,佳能,50,20,30,中國信託-忠孝,2024-10-23,6162
4527,方土霖,46,16,30,中國信託-忠孝,2024-10-23,6162
00772B,中信高評級公司債,29,1,28,中國信託-忠孝,2024-10-23,6162
2464,盟立,33,6,27,中國信託-忠孝,2024-10-23,6162
00958B,永豐ESG銀行債15,27,0,27,中國信託-忠孝,2024-10-23,6162
4916,事欣科,28,1,27,中國信託-忠孝,2024-10-23,6162
8064,東捷,88,62,26,中國信託-忠孝,2024-10-23,6162
2303,聯電,27,2,25,中國信託-忠孝,2024-10-23,6162
2442,新美齊,30,5,25,中國信託-忠孝,2024-10-23,6162
00646,元大S＆P500,25,0,25,中國信託-忠孝,2024-10-23,6162
2405,輔信,25,1,24,中國信託-忠孝,2024-10-23,6162
2453,凌群,25,1,24,中國信託-忠孝,2024-10-23,6162
2329,華泰,60,36,24,中國信託-忠孝,2024-10-23,6162
6214,精誠,22,0,22,中國信託-忠孝,2024-10-23,6162
00934,中信成長高股息,25,3,22,中國信託-忠孝,2024-10-23,6162
00907,永豐優息存股,21,0,21,中國信託-忠孝,2024-10-23,6162
2462,良得電,20,0,20,中國信託-忠孝,2024-10-23,6162
00931B,統一美債20年,20,0,20,中國信託-忠孝,2024-10-23,6162
00671R,富邦NASDAQ反1,20,0,20,中國信託-忠孝,2024-10-23,6162
00676R,富邦臺灣加權反1,20,0,20,中國信託-忠孝,2024-10-23,6162
3056,富華新,58,38,20,中國信託-忠孝,2024-10-23,6162
2542,興富發,20,0,20,中國信託-忠孝,2024-10-23,6162
6282,康舒,20,0,20,中國信託-忠孝,2024-10-23,6162
00953B,群益優選非投等債,297,0,297,中國信託-忠孝,2024-10-24,6162
00933B,國泰10Y+金融債,225,0,225,中國信託-忠孝,2024-10-24,6162
00878,國泰永續高股息,184,34,150,中國信託-忠孝,2024-10-24,6162
00937B,群益ESG投等債20,178,37,141,中國信託-忠孝,2024-10-24,6162
00948B,中信優息投資級債,135,0,135,中國信託-忠孝,2024-10-24,6162
3580,友威科,157,27,130,中國信託-忠孝,2024-10-24,6162
0056,元大高股息,115,6,109,中國信託-忠孝,2024-10-24,6162
1528,恩德,238,129,109,中國信託-忠孝,2024-10-24,6162
1301,台塑,109,5,104,中國信託-忠孝,2024-10-24,6162
3056,富華新,172,77,95,中國信託-忠孝,2024-10-24,6162
3481,群創,87,5,82,中國信託-忠孝,2024-10-24,6162
8234,新漢,68,0,68,中國信託-忠孝,2024-10-24,6162
4716,大立,120,54,66,中國信託-忠孝,2024-10-24,6162
00753L,中信中國50正2,64,2,62,中國信託-忠孝,2024-10-24,6162
2597,潤弘,61,0,61,中國信託-忠孝,2024-10-24,6162
00919,群益台灣精選高息,72,13,59,中國信託-忠孝,2024-10-24,6162
4919,新唐,79,20,59,中國信託-忠孝,2024-10-24,6162
2344,華邦電,55,0,55,中國信託-忠孝,2024-10-24,6162
5880,合庫金,53,0,53,中國信託-忠孝,2024-10-24,6162
00795B,中信美國公債20年,57,6,51,中國信託-忠孝,2024-10-24,6162
2317,鴻海,85,35,50,中國信託-忠孝,2024-10-24,6162
00961,FT臺灣永續高息,50,0,50,中國信託-忠孝,2024-10-24,6162
00671R,富邦NASDAQ反1,46,0,46,中國信託-忠孝,2024-10-24,6162
6282,康舒,41,1,40,中國信託-忠孝,2024-10-24,6162
00676R,富邦臺灣加權反1,40,0,40,中國信託-忠孝,2024-10-24,6162
00945B,凱基美國非投等債,36,0,36,中國信託-忠孝,2024-10-24,6162
00669R,國泰美國道瓊反1,36,0,36,中國信託-忠孝,2024-10-24,6162
00943,兆豐電子高息等權,37,3,34,中國信託-忠孝,2024-10-24,6162
00907,永豐優息存股,31,0,31,中國信託-忠孝,2024-10-24,6162
9105,泰金寶-DR,41,11,30,中國信託-忠孝,2024-10-24,6162
2388,威盛,84,54,30,中國信託-忠孝,2024-10-24,6162
00687B,國泰20年美債,31,1,30,中國信託-忠孝,2024-10-24,6162
1101,台泥,29,0,29,中國信託-忠孝,2024-10-24,6162
00905,FT臺灣Smart,29,0,29,中國信託-忠孝,2024-10-24,6162
2354,鴻準,208,180,28,中國信託-忠孝,2024-10-24,6162
3013,晟銘電,104,77,27,中國信託-忠孝,2024-10-24,6162
2303,聯電,32,5,27,中國信託-忠孝,2024-10-24,6162
00740B,富邦全球投等債,26,0,26,中國信託-忠孝,2024-10-24,6162
00665L,富邦�琤肭磪囓�2,26,0,26,中國信託-忠孝,2024-10-24,6162
00929,復華台灣科技優息,65,41,24,中國信託-忠孝,2024-10-24,6162
00751B,元大AAA至A公司債,44,20,24,中國信託-忠孝,2024-10-24,6162
3663,鑫科,44,22,22,中國信託-忠孝,2024-10-24,6162
00922,國泰台灣領袖50,22,0,22,中國信託-忠孝,2024-10-24,6162
00632R,元大台灣50反1,22,0,22,中國信託-忠孝,2024-10-24,6162
3450,聯鈞,52,30,22,中國信託-忠孝,2024-10-24,6162
00949,復華日本龍頭,21,0,21,中國信託-忠孝,2024-10-24,6162
3081,聯亞,21,0,21,中國信託-忠孝,2024-10-24,6162
6451,訊芯-KY,27,6,21,中國信託-忠孝,2024-10-24,6162
006208,富邦台50,25,4,21,中國信託-忠孝,2024-10-24,6162
2820,華票,20,0,20,中國信託-忠孝,2024-10-24,6162
00933B,國泰10Y+金融債,488,100,388,中國信託-忠孝,2024-10-25,6162
00948B,中信優息投資級債,347,0,347,中國信託-忠孝,2024-10-25,6162
00945B,凱基美國非投等債,314,0,314,中國信託-忠孝,2024-10-25,6162
00688L,國泰20年美債正2,192,1,191,中國信託-忠孝,2024-10-25,6162
00937B,群益ESG投等債20,233,76,157,中國信託-忠孝,2024-10-25,6162
00679B,元大美債20年,168,19,149,中國信託-忠孝,2024-10-25,6162
8096,擎亞,103,0,103,中國信託-忠孝,2024-10-25,6162
00632R,元大台灣50反1,102,0,102,中國信託-忠孝,2024-10-25,6162
4919,新唐,177,93,84,中國信託-忠孝,2024-10-25,6162
00687B,國泰20年美債,86,5,81,中國信託-忠孝,2024-10-25,6162
00646,元大S＆P500,56,0,56,中國信託-忠孝,2024-10-25,6162
00878,國泰永續高股息,59,6,53,中國信託-忠孝,2024-10-25,6162
2597,潤弘,50,0,50,中國信託-忠孝,2024-10-25,6162
0056,元大高股息,50,2,48,中國信託-忠孝,2024-10-25,6162
2495,普安,199,158,41,中國信託-忠孝,2024-10-25,6162
4743,合一,45,4,41,中國信託-忠孝,2024-10-25,6162
2356,英業達,55,14,41,中國信託-忠孝,2024-10-25,6162
00680L,元大美債20正2,40,0,40,中國信託-忠孝,2024-10-25,6162
3058,立德,40,0,40,中國信託-忠孝,2024-10-25,6162
00720B,元大投資級公司債,35,0,35,中國信託-忠孝,2024-10-25,6162
00712,復華富時不動產,34,0,34,中國信託-忠孝,2024-10-25,6162
00637L,元大滬深300正2,35,1,34,中國信託-忠孝,2024-10-25,6162
8183,精星,40,7,33,中國信託-忠孝,2024-10-25,6162
5905,南仁湖,34,1,33,中國信託-忠孝,2024-10-25,6162
00713,元大台灣高息低波,35,4,31,中國信託-忠孝,2024-10-25,6162
00960,野村全球航運龍頭,31,0,31,中國信託-忠孝,2024-10-25,6162
4510,高鋒,31,3,28,中國信託-忠孝,2024-10-25,6162
2884,玉山金,30,2,28,中國信託-忠孝,2024-10-25,6162
00951,台新日本半導體,27,0,27,中國信託-忠孝,2024-10-25,6162
00725B,國泰投資級公司債,26,0,26,中國信託-忠孝,2024-10-25,6162
4716,大立,26,3,23,中國信託-忠孝,2024-10-25,6162
8249,菱光,203,180,23,中國信託-忠孝,2024-10-25,6162
3209,全科,25,2,23,中國信託-忠孝,2024-10-25,6162
00959B,大華投等美債15Y+,23,1,22,中國信託-忠孝,2024-10-25,6162
00715L,期街口布蘭特正2,22,0,22,中國信託-忠孝,2024-10-25,6162
00929,復華台灣科技優息,32,11,21,中國信託-忠孝,2024-10-25,6162
4545,銘鈺,130,109,21,中國信託-忠孝,2024-10-25,6162
6282,康舒,71,50,21,中國信託-忠孝,2024-10-25,6162
00950B,凱基A級公司債,17,0,17,中國信託-忠孝,2024-10-25,6162
5469,瀚宇博,17,0,17,中國信託-忠孝,2024-10-25,6162
6405,悅城,39,22,17,中國信託-忠孝,2024-10-25,6162
6187,萬潤,17,1,16,中國信託-忠孝,2024-10-25,6162
00795B,中信美國公債20年,16,0,16,中國信託-忠孝,2024-10-25,6162
4303,信立,16,1,15,中國信託-忠孝,2024-10-25,6162
3363,上詮,16,1,15,中國信託-忠孝,2024-10-25,6162
4533,協易機,20,6,14,中國信託-忠孝,2024-10-25,6162
00919,群益台灣精選高息,20,6,14,中國信託-忠孝,2024-10-25,6162
6752,叡揚,25,11,14,中國信託-忠孝,2024-10-25,6162
00922,國泰台灣領袖50,13,0,13,中國信託-忠孝,2024-10-25,6162
2427,三商電,13,0,13,中國信託-忠孝,2024-10-25,6162
2618,長榮航,1054,27,1027,中國信託-忠孝,2024-10-28,6162
00937B,群益ESG投等債20,481,72,409,中國信託-忠孝,2024-10-28,6162
00933B,國泰10Y+金融債,407,31,376,中國信託-忠孝,2024-10-28,6162
00948B,中信優息投資級債,365,30,335,中國信託-忠孝,2024-10-28,6162
00637L,元大滬深300正2,300,5,295,中國信託-忠孝,2024-10-28,6162
2609,陽明,308,43,265,中國信託-忠孝,2024-10-28,6162
00687B,國泰20年美債,214,71,143,中國信託-忠孝,2024-10-28,6162
2646,星宇航空,147,25,122,中國信託-忠孝,2024-10-28,6162
00688L,國泰20年美債正2,214,100,114,中國信託-忠孝,2024-10-28,6162
00922,國泰台灣領袖50,92,0,92,中國信託-忠孝,2024-10-28,6162
00959B,大華投等美債15Y+,86,0,86,中國信託-忠孝,2024-10-28,6162
00957B,兆豐US優選投等債,79,0,79,中國信託-忠孝,2024-10-28,6162
00929,復華台灣科技優息,99,20,79,中國信託-忠孝,2024-10-28,6162
00680L,元大美債20正2,72,7,65,中國信託-忠孝,2024-10-28,6162
00751B,元大AAA至A公司債,64,0,64,中國信託-忠孝,2024-10-28,6162
00752,中信中國50,62,0,62,中國信託-忠孝,2024-10-28,6162
3013,晟銘電,70,15,55,中國信託-忠孝,2024-10-28,6162
3056,富華新,58,8,50,中國信託-忠孝,2024-10-28,6162
2106,建大,50,0,50,中國信託-忠孝,2024-10-28,6162
00712,復華富時不動產,48,0,48,中國信託-忠孝,2024-10-28,6162
2363,矽統,44,4,40,中國信託-忠孝,2024-10-28,6162
6142,友勁,40,0,40,中國信託-忠孝,2024-10-28,6162
00795B,中信美國公債20年,58,20,38,中國信託-忠孝,2024-10-28,6162
2302,麗正,47,13,34,中國信託-忠孝,2024-10-28,6162
3363,上詮,36,3,33,中國信託-忠孝,2024-10-28,6162
00715L,期街口布蘭特正2,34,3,31,中國信託-忠孝,2024-10-28,6162
6126,信音,30,0,30,中國信託-忠孝,2024-10-28,6162
2429,銘旺科,30,0,30,中國信託-忠孝,2024-10-28,6162
6763,綠界科技*,52,25,27,中國信託-忠孝,2024-10-28,6162
6288,聯嘉,92,65,27,中國信託-忠孝,2024-10-28,6162
2330,台積電,33,8,25,中國信託-忠孝,2024-10-28,6162
2603,長榮,30,6,24,中國信託-忠孝,2024-10-28,6162
6830,汎銓,27,3,24,中國信託-忠孝,2024-10-28,6162
2892,第一金,23,0,23,中國信託-忠孝,2024-10-28,6162
2356,英業達,28,6,22,中國信託-忠孝,2024-10-28,6162
3236,千如,24,2,22,中國信託-忠孝,2024-10-28,6162
0056,元大高股息,22,0,22,中國信託-忠孝,2024-10-28,6162
00719B,元大美債1-3,21,0,21,中國信託-忠孝,2024-10-28,6162
5530,龍巖,21,0,21,中國信託-忠孝,2024-10-28,6162
2897,王道銀行,20,0,20,中國信託-忠孝,2024-10-28,6162
00772B,中信高評級公司債,23,3,20,中國信託-忠孝,2024-10-28,6162
8938,明安,18,0,18,中國信託-忠孝,2024-10-28,6162
00725B,國泰投資級公司債,18,0,18,中國信託-忠孝,2024-10-28,6162
6658,聯策,36,18,18,中國信託-忠孝,2024-10-28,6162
00931B,統一美債20年,28,10,18,中國信託-忠孝,2024-10-28,6162
3551,世禾,20,3,17,中國信託-忠孝,2024-10-28,6162
6285,啟��,19,4,15,中國信託-忠孝,2024-10-28,6162
00713,元大台灣高息低波,30,15,15,中國信託-忠孝,2024-10-28,6162
4162,智擎,23,8,15,中國信託-忠孝,2024-10-28,6162
3704,合勤控,15,0,15,中國信託-忠孝,2024-10-28,6162
00933B,國泰10Y+金融債,362,54,308,中國信託-忠孝,2024-10-29,6162
00919,群益台灣精選高息,300,8,292,中國信託-忠孝,2024-10-29,6162
00929,復華台灣科技優息,295,13,282,中國信託-忠孝,2024-10-29,6162
8032,光菱,232,15,217,中國信託-忠孝,2024-10-29,6162
00878,國泰永續高股息,250,52,198,中國信託-忠孝,2024-10-29,6162
8249,菱光,199,19,180,中國信託-忠孝,2024-10-29,6162
0056,元大高股息,181,1,180,中國信託-忠孝,2024-10-29,6162
00713,元大台灣高息低波,167,2,165,中國信託-忠孝,2024-10-29,6162
1301,台塑,111,8,103,中國信託-忠孝,2024-10-29,6162
8429,金麗-KY,100,0,100,中國信託-忠孝,2024-10-29,6162
00882,中信中國高股息,101,4,97,中國信託-忠孝,2024-10-29,6162
006208,富邦台50,78,6,72,中國信託-忠孝,2024-10-29,6162
00943,兆豐電子高息等權,65,0,65,中國信託-忠孝,2024-10-29,6162
00712,復華富時不動產,57,0,57,中國信託-忠孝,2024-10-29,6162
00946,群益科技高息成長,55,0,55,中國信託-忠孝,2024-10-29,6162
00948B,中信優息投資級債,71,20,51,中國信託-忠孝,2024-10-29,6162
6133,金橋,99,50,49,中國信託-忠孝,2024-10-29,6162
6443,元晶,79,30,49,中國信託-忠孝,2024-10-29,6162
2636,台驊控股,51,3,48,中國信託-忠孝,2024-10-29,6162
0050,元大台灣50,51,5,46,中國信託-忠孝,2024-10-29,6162
2303,聯電,56,11,45,中國信託-忠孝,2024-10-29,6162
2646,星宇航空,44,2,42,中國信託-忠孝,2024-10-29,6162
8092,建暐,41,0,41,中國信託-忠孝,2024-10-29,6162
00922,國泰台灣領袖50,38,0,38,中國信託-忠孝,2024-10-29,6162
00934,中信成長高股息,38,0,38,中國信託-忠孝,2024-10-29,6162
00937B,群益ESG投等債20,55,17,38,中國信託-忠孝,2024-10-29,6162
2330,台積電,45,10,35,中國信託-忠孝,2024-10-29,6162
2362,藍天,34,0,34,中國信託-忠孝,2024-10-29,6162
00915,凱基優選高股息30,32,1,31,中國信託-忠孝,2024-10-29,6162
4743,合一,30,0,30,中國信託-忠孝,2024-10-29,6162
3035,智原,37,7,30,中國信託-忠孝,2024-10-29,6162
3013,晟銘電,51,22,29,中國信託-忠孝,2024-10-29,6162
2867,三商壽,29,0,29,中國信託-忠孝,2024-10-29,6162
2477,美隆電,34,5,29,中國信託-忠孝,2024-10-29,6162
00715L,期街口布蘭特正2,29,0,29,中國信託-忠孝,2024-10-29,6162
2609,陽明,31,3,28,中國信託-忠孝,2024-10-29,6162
3576,聯合再生,28,0,28,中國信託-忠孝,2024-10-29,6162
00905,FT臺灣Smart,29,1,28,中國信託-忠孝,2024-10-29,6162
00679B,元大美債20年,33,8,25,中國信託-忠孝,2024-10-29,6162
00907,永豐優息存股,24,0,24,中國信託-忠孝,2024-10-29,6162
4915,致伸,26,2,24,中國信託-忠孝,2024-10-29,6162
2388,威盛,47,23,24,中國信託-忠孝,2024-10-29,6162
2812,台中銀,24,1,23,中國信託-忠孝,2024-10-29,6162
00959B,大華投等美債15Y+,22,0,22,中國信託-忠孝,2024-10-29,6162
5425,台半,20,0,20,中國信託-忠孝,2024-10-29,6162
8234,新漢,20,0,20,中國信託-忠孝,2024-10-29,6162
4114,健喬,20,0,20,中國信託-忠孝,2024-10-29,6162
2344,華邦電,20,1,19,中國信託-忠孝,2024-10-29,6162
5469,瀚宇博,19,0,19,中國信託-忠孝,2024-10-29,6162
5876,上海商銀,20,1,19,中國信託-忠孝,2024-10-29,6162
00665L,富邦�琤肭磪囓�2,1629,480,1149,中國信託-忠孝,2024-10-30,6162
00753L,中信中國50正2,437,40,397,中國信託-忠孝,2024-10-30,6162
00632R,元大台灣50反1,280,0,280,中國信託-忠孝,2024-10-30,6162
00919,群益台灣精選高息,156,2,154,中國信託-忠孝,2024-10-30,6162
00937B,群益ESG投等債20,171,19,152,中國信託-忠孝,2024-10-30,6162
2354,鴻準,453,324,129,中國信託-忠孝,2024-10-30,6162
00882,中信中國高股息,205,100,105,中國信託-忠孝,2024-10-30,6162
00878,國泰永續高股息,131,27,104,中國信託-忠孝,2024-10-30,6162
2883,凱基金,102,0,102,中國信託-忠孝,2024-10-30,6162
00953B,群益優選非投等債,100,0,100,中國信託-忠孝,2024-10-30,6162
00929,復華台灣科技優息,99,0,99,中國信託-忠孝,2024-10-30,6162
0056,元大高股息,84,4,80,中國信託-忠孝,2024-10-30,6162
00720B,元大投資級公司債,75,0,75,中國信託-忠孝,2024-10-30,6162
00679B,元大美債20年,72,11,61,中國信託-忠孝,2024-10-30,6162
6770,力積電,65,5,60,中國信託-忠孝,2024-10-30,6162
00713,元大台灣高息低波,59,2,57,中國信託-忠孝,2024-10-30,6162
6133,金橋,85,29,56,中國信託-忠孝,2024-10-30,6162
00751B,元大AAA至A公司債,72,17,55,中國信託-忠孝,2024-10-30,6162
5426,振發,65,11,54,中國信託-忠孝,2024-10-30,6162
2106,建大,50,0,50,中國信託-忠孝,2024-10-30,6162
00646,元大S＆P500,49,0,49,中國信託-忠孝,2024-10-30,6162
1314,中石化,44,0,44,中國信託-忠孝,2024-10-30,6162
1616,億泰,46,2,44,中國信託-忠孝,2024-10-30,6162
00712,復華富時不動產,43,0,43,中國信託-忠孝,2024-10-30,6162
00943,兆豐電子高息等權,40,0,40,中國信託-忠孝,2024-10-30,6162
3092,鴻碩,40,0,40,中國信託-忠孝,2024-10-30,6162
00946,群益科技高息成長,38,0,38,中國信託-忠孝,2024-10-30,6162
2317,鴻海,72,37,35,中國信託-忠孝,2024-10-30,6162
2881,富邦金,39,4,35,中國信託-忠孝,2024-10-30,6162
3550,聯穎,32,0,32,中國信託-忠孝,2024-10-30,6162
006208,富邦台50,32,0,32,中國信託-忠孝,2024-10-30,6162
00922,國泰台灣領袖50,32,0,32,中國信託-忠孝,2024-10-30,6162
8044,網家,122,92,30,中國信託-忠孝,2024-10-30,6162
2425,承啟,65,37,28,中國信託-忠孝,2024-10-30,6162
6216,居易,31,3,28,中國信託-忠孝,2024-10-30,6162
2409,友達,25,0,25,中國信託-忠孝,2024-10-30,6162
00757,統一FANG+,30,5,25,中國信託-忠孝,2024-10-30,6162
8249,菱光,57,32,25,中國信託-忠孝,2024-10-30,6162
00680L,元大美債20正2,126,102,24,中國信託-忠孝,2024-10-30,6162
00688L,國泰20年美債正2,23,0,23,中國信託-忠孝,2024-10-30,6162
4915,致伸,25,2,23,中國信託-忠孝,2024-10-30,6162
6739,竹陞科技,23,0,23,中國信託-忠孝,2024-10-30,6162
5880,合庫金,51,29,22,中國信託-忠孝,2024-10-30,6162
2363,矽統,33,11,22,中國信託-忠孝,2024-10-30,6162
2303,聯電,32,10,22,中國信託-忠孝,2024-10-30,6162
00934,中信成長高股息,22,0,22,中國信託-忠孝,2024-10-30,6162
3149,正達,28,7,21,中國信託-忠孝,2024-10-30,6162
00959B,大華投等美債15Y+,20,0,20,中國信託-忠孝,2024-10-30,6162
00952,凱基台灣AI50,20,0,20,中國信託-忠孝,2024-10-30,6162
8937,合騏,42,22,20,中國信託-忠孝,2024-10-30,6162
00948B,中信優息投資級債,335,0,335,中國信託-忠孝,2024-11-01,6162
00933B,國泰10Y+金融債,209,0,209,中國信託-忠孝,2024-11-01,6162
00929,復華台灣科技優息,186,10,176,中國信託-忠孝,2024-11-01,6162
00937B,群益ESG投等債20,168,2,166,中國信託-忠孝,2024-11-01,6162
00919,群益台灣精選高息,148,5,143,中國信託-忠孝,2024-11-01,6162
00878,國泰永續高股息,161,25,136,中國信託-忠孝,2024-11-01,6162
00713,元大台灣高息低波,134,1,133,中國信託-忠孝,2024-11-01,6162
00953B,群益優選非投等債,100,0,100,中國信託-忠孝,2024-11-01,6162
00945B,凱基美國非投等債,85,0,85,中國信託-忠孝,2024-11-01,6162
00687B,國泰20年美債,87,9,78,中國信託-忠孝,2024-11-01,6162
00715L,期街口布蘭特正2,100,30,70,中國信託-忠孝,2024-11-01,6162
00712,復華富時不動產,70,1,69,中國信託-忠孝,2024-11-01,6162
0056,元大高股息,69,2,67,中國信託-忠孝,2024-11-01,6162
2354,鴻準,274,212,62,中國信託-忠孝,2024-11-01,6162
5438,東友,78,18,60,中國信託-忠孝,2024-11-01,6162
3231,緯創,106,53,53,中國信託-忠孝,2024-11-01,6162
006208,富邦台50,61,9,52,中國信託-忠孝,2024-11-01,6162
2062,橋椿,53,5,48,中國信託-忠孝,2024-11-01,6162
2303,聯電,56,10,46,中國信託-忠孝,2024-11-01,6162
2317,鴻海,92,46,46,中國信託-忠孝,2024-11-01,6162
2881,富邦金,52,7,45,中國信託-忠孝,2024-11-01,6162
00706L,期元大S＆P日圓正2,44,0,44,中國信託-忠孝,2024-11-01,6162
6216,居易,46,7,39,中國信託-忠孝,2024-11-01,6162
00637L,元大滬深300正2,37,2,35,中國信託-忠孝,2024-11-01,6162
2609,陽明,155,123,32,中國信託-忠孝,2024-11-01,6162
00751B,元大AAA至A公司債,33,1,32,中國信託-忠孝,2024-11-01,6162
3047,訊舟,40,9,31,中國信託-忠孝,2024-11-01,6162
5426,振發,42,12,30,中國信託-忠孝,2024-11-01,6162
00679B,元大美債20年,35,7,28,中國信託-忠孝,2024-11-01,6162
00943,兆豐電子高息等權,27,0,27,中國信託-忠孝,2024-11-01,6162
00915,凱基優選高股息30,26,0,26,中國信託-忠孝,2024-11-01,6162
2812,台中銀,26,2,24,中國信託-忠孝,2024-11-01,6162
00946,群益科技高息成長,33,9,24,中國信託-忠孝,2024-11-01,6162
00907,永豐優息存股,24,0,24,中國信託-忠孝,2024-11-01,6162
2884,玉山金,28,5,23,中國信託-忠孝,2024-11-01,6162
3550,聯穎,25,2,23,中國信託-忠孝,2024-11-01,6162
00959B,大華投等美債15Y+,22,0,22,中國信託-忠孝,2024-11-01,6162
3481,群創,33,12,21,中國信託-忠孝,2024-11-01,6162
2301,光寶科,25,4,21,中國信託-忠孝,2024-11-01,6162
00675L,富邦臺灣加權正2,27,7,20,中國信託-忠孝,2024-11-01,6162
3430,奇鈦科,20,0,20,中國信託-忠孝,2024-11-01,6162
00928,中信上櫃ESG30,20,0,20,中國信託-忠孝,2024-11-01,6162
00719B,元大美債1-3,20,0,20,中國信託-忠孝,2024-11-01,6162
1314,中石化,20,0,20,中國信託-忠孝,2024-11-01,6162
8021,尖點,22,2,20,中國信託-忠孝,2024-11-01,6162
2449,京元電子,28,8,20,中國信託-忠孝,2024-11-01,6162
5425,台半,20,0,20,中國信託-忠孝,2024-11-01,6162
2382,廣達,28,8,20,中國信託-忠孝,2024-11-01,6162
2887,台新金,22,3,19,中國信託-忠孝,2024-11-01,6162
2534,宏盛,115,96,19,中國信託-忠孝,2024-11-01,6162
00665L,富邦�琤肭磪囓�2,1002,492,510,中國信託-忠孝,2024-11-04,6162
00933B,國泰10Y+金融債,483,0,483,中國信託-忠孝,2024-11-04,6162
00937B,群益ESG投等債20,356,2,354,中國信託-忠孝,2024-11-04,6162
00753L,中信中國50正2,412,60,352,中國信託-忠孝,2024-11-04,6162
00948B,中信優息投資級債,249,0,249,中國信託-忠孝,2024-11-04,6162
00919,群益台灣精選高息,272,55,217,中國信託-忠孝,2024-11-04,6162
2609,陽明,253,45,208,中國信託-忠孝,2024-11-04,6162
00878,國泰永續高股息,153,4,149,中國信託-忠孝,2024-11-04,6162
00687B,國泰20年美債,143,0,143,中國信託-忠孝,2024-11-04,6162
00688L,國泰20年美債正2,136,0,136,中國信託-忠孝,2024-11-04,6162
4991,環宇-KY,269,157,112,中國信託-忠孝,2024-11-04,6162
2534,宏盛,182,84,98,中國信託-忠孝,2024-11-04,6162
00680L,元大美債20正2,98,0,98,中國信託-忠孝,2024-11-04,6162
2412,中華電,100,6,94,中國信託-忠孝,2024-11-04,6162
6134,萬旭,111,22,89,中國信託-忠孝,2024-11-04,6162
00712,復華富時不動產,87,0,87,中國信託-忠孝,2024-11-04,6162
2354,鴻準,266,183,83,中國信託-忠孝,2024-11-04,6162
00679B,元大美債20年,86,7,79,中國信託-忠孝,2024-11-04,6162
6757,台灣虎航,80,2,78,中國信託-忠孝,2024-11-04,6162
2615,萬海,423,351,72,中國信託-忠孝,2024-11-04,6162
00953B,群益優選非投等債,69,0,69,中國信託-忠孝,2024-11-04,6162
2303,聯電,85,19,66,中國信託-忠孝,2024-11-04,6162
00751B,元大AAA至A公司債,57,0,57,中國信託-忠孝,2024-11-04,6162
2646,星宇航空,62,6,56,中國信託-忠孝,2024-11-04,6162
6282,康舒,54,0,54,中國信託-忠孝,2024-11-04,6162
00922,國泰台灣領袖50,54,0,54,中國信託-忠孝,2024-11-04,6162
00713,元大台灣高息低波,51,0,51,中國信託-忠孝,2024-11-04,6162
1605,華新,43,0,43,中國信託-忠孝,2024-11-04,6162
00943,兆豐電子高息等權,43,0,43,中國信託-忠孝,2024-11-04,6162
6133,金橋,51,10,41,中國信託-忠孝,2024-11-04,6162
2449,京元電子,40,1,39,中國信託-忠孝,2024-11-04,6162
0056,元大高股息,41,8,33,中國信託-忠孝,2024-11-04,6162
6126,信音,31,1,30,中國信託-忠孝,2024-11-04,6162
00685L,群益臺灣加權正2,30,0,30,中國信託-忠孝,2024-11-04,6162
3540,曜越,26,0,26,中國信託-忠孝,2024-11-04,6162
3037,欣興,35,11,24,中國信託-忠孝,2024-11-04,6162
1449,佳和,34,12,22,中國信託-忠孝,2024-11-04,6162
00887,永豐中國科技50大,22,0,22,中國信託-忠孝,2024-11-04,6162
2603,長榮,26,5,21,中國信託-忠孝,2024-11-04,6162
2328,廣宇,28,8,20,中國信託-忠孝,2024-11-04,6162
00959B,大華投等美債15Y+,40,20,20,中國信託-忠孝,2024-11-04,6162
1301,台塑,20,0,20,中國信託-忠孝,2024-11-04,6162
00720B,元大投資級公司債,20,0,20,中國信託-忠孝,2024-11-04,6162
3149,正達,19,0,19,中國信託-忠孝,2024-11-04,6162
9911,櫻花,18,0,18,中國信託-忠孝,2024-11-04,6162
8021,尖點,48,31,17,中國信託-忠孝,2024-11-04,6162
8111,立��,63,47,16,中國信託-忠孝,2024-11-04,6162
00929,復華台灣科技優息,213,197,16,中國信託-忠孝,2024-11-04,6162
4513,福裕,16,1,15,中國信託-忠孝,2024-11-04,6162
5880,合庫金,20,5,15,中國信託-忠孝,2024-11-04,6162
2356,英業達,1384,183,1201,中國信託-忠孝,2024-11-05,6162
00637L,元大滬深300正2,298,15,283,中國信託-忠孝,2024-11-05,6162
00948B,中信優息投資級債,261,0,261,中國信託-忠孝,2024-11-05,6162
4991,環宇-KY,263,24,239,中國信託-忠孝,2024-11-05,6162
00919,群益台灣精選高息,142,15,127,中國信託-忠孝,2024-11-05,6162
00877,復華中國5G,106,0,106,中國信託-忠孝,2024-11-05,6162
00922,國泰台灣領袖50,105,2,103,中國信託-忠孝,2024-11-05,6162
1307,三芳,112,11,101,中國信託-忠孝,2024-11-05,6162
00953B,群益優選非投等債,80,0,80,中國信託-忠孝,2024-11-05,6162
00688L,國泰20年美債正2,79,0,79,中國信託-忠孝,2024-11-05,6162
00878,國泰永續高股息,178,103,75,中國信託-忠孝,2024-11-05,6162
5876,上海商銀,68,0,68,中國信託-忠孝,2024-11-05,6162
00937B,群益ESG投等債20,110,50,60,中國信託-忠孝,2024-11-05,6162
6282,康舒,58,0,58,中國信託-忠孝,2024-11-05,6162
0061,元大寶滬深,55,0,55,中國信託-忠孝,2024-11-05,6162
00715L,期街口布蘭特正2,62,7,55,中國信託-忠孝,2024-11-05,6162
3209,全科,54,5,49,中國信託-忠孝,2024-11-05,6162
00929,復華台灣科技優息,132,87,45,中國信託-忠孝,2024-11-05,6162
6216,居易,49,6,43,中國信託-忠孝,2024-11-05,6162
6185,幃翔,51,10,41,中國信託-忠孝,2024-11-05,6162
3056,富華新,70,30,40,中國信託-忠孝,2024-11-05,6162
2431,聯昌,117,78,39,中國信託-忠孝,2024-11-05,6162
00946,群益科技高息成長,35,0,35,中國信託-忠孝,2024-11-05,6162
00680L,元大美債20正2,34,0,34,中國信託-忠孝,2024-11-05,6162
00712,復華富時不動產,32,0,32,中國信託-忠孝,2024-11-05,6162
3013,晟銘電,101,69,32,中國信託-忠孝,2024-11-05,6162
2646,星宇航空,36,4,32,中國信託-忠孝,2024-11-05,6162
3711,日月光投控,30,0,30,中國信託-忠孝,2024-11-05,6162
00679B,元大美債20年,31,1,30,中國信託-忠孝,2024-11-05,6162
00957B,兆豐US優選投等債,29,0,29,中國信託-忠孝,2024-11-05,6162
4541,晟田,28,0,28,中國信託-忠孝,2024-11-05,6162
5460,同協,26,1,25,中國信託-忠孝,2024-11-05,6162
2543,皇昌,58,33,25,中國信託-忠孝,2024-11-05,6162
1605,華新,24,0,24,中國信託-忠孝,2024-11-05,6162
5426,振發,24,2,22,中國信託-忠孝,2024-11-05,6162
2834,臺企銀,21,0,21,中國信託-忠孝,2024-11-05,6162
2820,華票,20,0,20,中國信託-忠孝,2024-11-05,6162
6177,達麗,20,0,20,中國信託-忠孝,2024-11-05,6162
2534,宏盛,20,0,20,中國信託-忠孝,2024-11-05,6162
00673R,期元大S＆P原油反1,20,0,20,中國信託-忠孝,2024-11-05,6162
4430,耀億,20,0,20,中國信託-忠孝,2024-11-05,6162
00713,元大台灣高息低波,40,21,19,中國信託-忠孝,2024-11-05,6162
00915,凱基優選高股息30,19,0,19,中國信託-忠孝,2024-11-05,6162
8261,富鼎,42,24,18,中國信託-忠孝,2024-11-05,6162
2480,敦陽科,17,0,17,中國信託-忠孝,2024-11-05,6162
6609,瀧澤科,17,1,16,中國信託-忠孝,2024-11-05,6162
1531,高林股,15,0,15,中國信託-忠孝,2024-11-05,6162
8938,明安,14,0,14,中國信託-忠孝,2024-11-05,6162
006208,富邦台50,18,4,14,中國信託-忠孝,2024-11-05,6162
4909,新復興,15,2,13,中國信託-忠孝,2024-11-05,6162
00665L,富邦�琤肭磪囓�2,1673,48,1625,中國信託-忠孝,2024-11-06,6162
00632R,元大台灣50反1,608,34,574,中國信託-忠孝,2024-11-06,6162
2609,陽明,469,32,437,中國信託-忠孝,2024-11-06,6162
00753L,中信中國50正2,400,15,385,中國信託-忠孝,2024-11-06,6162
00687B,國泰20年美債,376,0,376,中國信託-忠孝,2024-11-06,6162
00882,中信中國高股息,350,11,339,中國信託-忠孝,2024-11-06,6162
1785,光洋科,325,25,300,中國信託-忠孝,2024-11-06,6162
00937B,群益ESG投等債20,287,77,210,中國信託-忠孝,2024-11-06,6162
00679B,元大美債20年,294,120,174,中國信託-忠孝,2024-11-06,6162
00713,元大台灣高息低波,148,0,148,中國信託-忠孝,2024-11-06,6162
00878,國泰永續高股息,196,51,145,中國信託-忠孝,2024-11-06,6162
2376,技嘉,233,91,142,中國信託-忠孝,2024-11-06,6162
00688L,國泰20年美債正2,151,10,141,中國信託-忠孝,2024-11-06,6162
2399,映泰,172,33,139,中國信託-忠孝,2024-11-06,6162
00680L,元大美債20正2,150,27,123,中國信託-忠孝,2024-11-06,6162
1314,中石化,85,0,85,中國信託-忠孝,2024-11-06,6162
00637L,元大滬深300正2,133,57,76,中國信託-忠孝,2024-11-06,6162
4991,環宇-KY,137,73,64,中國信託-忠孝,2024-11-06,6162
00919,群益台灣精選高息,67,4,63,中國信託-忠孝,2024-11-06,6162
00795B,中信美國公債20年,69,10,59,中國信託-忠孝,2024-11-06,6162
00933B,國泰10Y+金融債,110,52,58,中國信託-忠孝,2024-11-06,6162
00900,富邦特選高股息30,58,1,57,中國信託-忠孝,2024-11-06,6162
9945,潤泰新,52,0,52,中國信託-忠孝,2024-11-06,6162
2534,宏盛,50,0,50,中國信託-忠孝,2024-11-06,6162
6768,志強-KY,50,3,47,中國信託-忠孝,2024-11-06,6162
00712,復華富時不動產,45,3,42,中國信託-忠孝,2024-11-06,6162
4979,華星光,54,14,40,中國信託-忠孝,2024-11-06,6162
00948B,中信優息投資級債,140,100,40,中國信託-忠孝,2024-11-06,6162
2419,仲琦,37,0,37,中國信託-忠孝,2024-11-06,6162
2449,京元電子,76,39,37,中國信託-忠孝,2024-11-06,6162
2431,聯昌,65,31,34,中國信託-忠孝,2024-11-06,6162
6405,悅城,40,8,32,中國信託-忠孝,2024-11-06,6162
2317,鴻海,84,55,29,中國信託-忠孝,2024-11-06,6162
2303,聯電,54,26,28,中國信託-忠孝,2024-11-06,6162
6282,康舒,28,0,28,中國信託-忠孝,2024-11-06,6162
3303,岱稜,44,17,27,中國信託-忠孝,2024-11-06,6162
8044,網家,29,3,26,中國信託-忠孝,2024-11-06,6162
1786,科妍,26,0,26,中國信託-忠孝,2024-11-06,6162
6177,達麗,25,0,25,中國信託-忠孝,2024-11-06,6162
2820,華票,25,0,25,中國信託-忠孝,2024-11-06,6162
00931B,統一美債20年,24,0,24,中國信託-忠孝,2024-11-06,6162
00650L,復華香港正2,26,5,21,中國信託-忠孝,2024-11-06,6162
2886,兆豐金,20,0,20,中國信託-忠孝,2024-11-06,6162
2453,凌群,20,0,20,中國信託-忠孝,2024-11-06,6162
1717,長興,19,0,19,中國信託-忠孝,2024-11-06,6162
6546,正基,20,1,19,中國信託-忠孝,2024-11-06,6162
00905,FT臺灣Smart,20,2,18,中國信託-忠孝,2024-11-06,6162
6164,華興,18,0,18,中國信託-忠孝,2024-11-06,6162
6133,金橋,25,9,16,中國信託-忠孝,2024-11-06,6162
3376,新日興,19,3,16,中國信託-忠孝,2024-11-06,6162
00937B,群益ESG投等債20,3176,8,3168,中國信託-忠孝,2024-11-07,6162
00632R,元大台灣50反1,598,388,210,中國信託-忠孝,2024-11-07,6162
00637L,元大滬深300正2,480,271,209,中國信託-忠孝,2024-11-07,6162
2820,華票,175,0,175,中國信託-忠孝,2024-11-07,6162
00679B,元大美債20年,108,4,104,中國信託-忠孝,2024-11-07,6162
00688L,國泰20年美債正2,113,10,103,中國信託-忠孝,2024-11-07,6162
2324,仁寶,381,285,96,中國信託-忠孝,2024-11-07,6162
00687B,國泰20年美債,93,1,92,中國信託-忠孝,2024-11-07,6162
2534,宏盛,91,0,91,中國信託-忠孝,2024-11-07,6162
00919,群益台灣精選高息,103,14,89,中國信託-忠孝,2024-11-07,6162
9105,泰金寶-DR,322,241,81,中國信託-忠孝,2024-11-07,6162
00654R,富邦印度反1,80,0,80,中國信託-忠孝,2024-11-07,6162
00933B,國泰10Y+金融債,80,2,78,中國信託-忠孝,2024-11-07,6162
2609,陽明,98,22,76,中國信託-忠孝,2024-11-07,6162
1314,中石化,60,0,60,中國信託-忠孝,2024-11-07,6162
00680L,元大美債20正2,60,4,56,中國信託-忠孝,2024-11-07,6162
8044,網家,52,0,52,中國信託-忠孝,2024-11-07,6162
3498,陽程,55,6,49,中國信託-忠孝,2024-11-07,6162
2376,技嘉,65,22,43,中國信託-忠孝,2024-11-07,6162
2344,華邦電,47,7,40,中國信託-忠孝,2024-11-07,6162
00948B,中信優息投資級債,63,29,34,中國信託-忠孝,2024-11-07,6162
00757,統一FANG+,33,0,33,中國信託-忠孝,2024-11-07,6162
6125,廣運,31,0,31,中國信託-忠孝,2024-11-07,6162
00945B,凱基美國非投等債,30,0,30,中國信託-忠孝,2024-11-07,6162
2303,聯電,93,65,28,中國信託-忠孝,2024-11-07,6162
2615,萬海,138,112,26,中國信託-忠孝,2024-11-07,6162
9945,潤泰新,26,0,26,中國信託-忠孝,2024-11-07,6162
3293,鈊象,27,2,25,中國信託-忠孝,2024-11-07,6162
9958,世紀鋼,26,2,24,中國信託-忠孝,2024-11-07,6162
1815,富喬,71,47,24,中國信託-忠孝,2024-11-07,6162
1301,台塑,25,2,23,中國信託-忠孝,2024-11-07,6162
1717,長興,23,0,23,中國信託-忠孝,2024-11-07,6162
00753L,中信中國50正2,130,108,22,中國信託-忠孝,2024-11-07,6162
2399,映泰,131,110,21,中國信託-忠孝,2024-11-07,6162
00719B,元大美債1-3,20,0,20,中國信託-忠孝,2024-11-07,6162
1308,亞聚,20,0,20,中國信託-忠孝,2024-11-07,6162
2851,中再保,19,0,19,中國信託-忠孝,2024-11-07,6162
2453,凌群,19,0,19,中國信託-忠孝,2024-11-07,6162
4541,晟田,22,3,19,中國信託-忠孝,2024-11-07,6162
3305,昇貿,18,0,18,中國信託-忠孝,2024-11-07,6162
00713,元大台灣高息低波,18,0,18,中國信託-忠孝,2024-11-07,6162
2313,華通,61,44,17,中國信託-忠孝,2024-11-07,6162
5438,東友,18,1,17,中國信託-忠孝,2024-11-07,6162
00900,富邦特選高股息30,16,0,16,中國信託-忠孝,2024-11-07,6162
00795B,中信美國公債20年,37,21,16,中國信託-忠孝,2024-11-07,6162
4909,新復興,21,6,15,中國信託-忠孝,2024-11-07,6162
3189,景碩,19,4,15,中國信託-忠孝,2024-11-07,6162
2014,中鴻,19,5,14,中國信託-忠孝,2024-11-07,6162
2388,威盛,21,7,14,中國信託-忠孝,2024-11-07,6162
2497,怡利電,22,9,13,中國信託-忠孝,2024-11-07,6162
00637L,元大滬深300正2,2251,1893,358,中國信託-忠孝,2024-11-08,6162
00937B,群益ESG投等債20,300,0,300,中國信託-忠孝,2024-11-08,6162
00945B,凱基美國非投等債,201,0,201,中國信託-忠孝,2024-11-08,6162
9105,泰金寶-DR,190,7,183,中國信託-忠孝,2024-11-08,6162
00632R,元大台灣50反1,181,0,181,中國信託-忠孝,2024-11-08,6162
1446,宏和,166,0,166,中國信託-忠孝,2024-11-08,6162
00878,國泰永續高股息,160,21,139,中國信託-忠孝,2024-11-08,6162
2534,宏盛,129,9,120,中國信託-忠孝,2024-11-08,6162
00680L,元大美債20正2,121,10,111,中國信託-忠孝,2024-11-08,6162
2303,聯電,118,29,89,中國信託-忠孝,2024-11-08,6162
1301,台塑,79,4,75,中國信託-忠孝,2024-11-08,6162
3062,建漢,282,211,71,中國信託-忠孝,2024-11-08,6162
00930,永豐ESG低碳高息,66,0,66,中國信託-忠孝,2024-11-08,6162
00795B,中信美國公債20年,76,12,64,中國信託-忠孝,2024-11-08,6162
00713,元大台灣高息低波,64,0,64,中國信託-忠孝,2024-11-08,6162
00671R,富邦NASDAQ反1,60,0,60,中國信託-忠孝,2024-11-08,6162
6282,康舒,55,4,51,中國信託-忠孝,2024-11-08,6162
1314,中石化,50,0,50,中國信託-忠孝,2024-11-08,6162
2376,技嘉,60,11,49,中國信託-忠孝,2024-11-08,6162
2356,英業達,83,35,48,中國信託-忠孝,2024-11-08,6162
2615,萬海,91,47,44,中國信託-忠孝,2024-11-08,6162
3290,東浦,43,0,43,中國信託-忠孝,2024-11-08,6162
00725B,國泰投資級公司債,42,3,39,中國信託-忠孝,2024-11-08,6162
00687B,國泰20年美債,57,19,38,中國信託-忠孝,2024-11-08,6162
3481,群創,77,40,37,中國信託-忠孝,2024-11-08,6162
0056,元大高股息,43,6,37,中國信託-忠孝,2024-11-08,6162
00919,群益台灣精選高息,49,16,33,中國信託-忠孝,2024-11-08,6162
00665L,富邦�琤肭磪囓�2,52,19,33,中國信託-忠孝,2024-11-08,6162
3037,欣興,174,143,31,中國信託-忠孝,2024-11-08,6162
3518,柏騰,30,0,30,中國信託-忠孝,2024-11-08,6162
5251,天鉞電,30,0,30,中國信託-忠孝,2024-11-08,6162
4909,新復興,38,9,29,中國信託-忠孝,2024-11-08,6162
2409,友達,40,12,28,中國信託-忠孝,2024-11-08,6162
2313,華通,57,31,26,中國信託-忠孝,2024-11-08,6162
6133,金橋,30,4,26,中國信託-忠孝,2024-11-08,6162
8044,網家,26,0,26,中國信託-忠孝,2024-11-08,6162
3209,全科,48,22,26,中國信託-忠孝,2024-11-08,6162
2493,揚博,34,8,26,中國信託-忠孝,2024-11-08,6162
2344,華邦電,49,24,25,中國信託-忠孝,2024-11-08,6162
2402,毅嘉,25,1,24,中國信託-忠孝,2024-11-08,6162
3013,晟銘電,58,33,25,中國信託-忠孝,2024-11-08,6162
00932,兆豐永續高息等權,24,0,24,中國信託-忠孝,2024-11-08,6162
00934,中信成長高股息,24,2,22,中國信託-忠孝,2024-11-08,6162
5347,世界,25,3,22,中國信託-忠孝,2024-11-08,6162
00940,元大台灣價值高息,50,29,21,中國信託-忠孝,2024-11-08,6162
6869,雲豹能源,26,6,20,中國信託-忠孝,2024-11-08,6162
1101,台泥,20,1,19,中國信託-忠孝,2024-11-08,6162
2834,臺企銀,19,0,19,中國信託-忠孝,2024-11-08,6162
0050,元大台灣50,25,7,18,中國信託-忠孝,2024-11-08,6162
4120,友華,18,0,18,中國信託-忠孝,2024-11-08,6162
2609,陽明,725,156,569,中國信託-忠孝,2024-11-11,6162
00637L,元大滬深300正2,1068,763,305,中國信託-忠孝,2024-11-11,6162
1449,佳和,229,11,218,中國信託-忠孝,2024-11-11,6162
00953B,群益優選非投等債,209,0,209,中國信託-忠孝,2024-11-11,6162
00878,國泰永續高股息,209,9,200,中國信託-忠孝,2024-11-11,6162
1417,嘉裕,200,0,200,中國信託-忠孝,2024-11-11,6162
3303,岱稜,198,12,186,中國信託-忠孝,2024-11-11,6162
1446,宏和,160,1,159,中國信託-忠孝,2024-11-11,6162
00713,元大台灣高息低波,148,5,143,中國信託-忠孝,2024-11-11,6162
00945B,凱基美國非投等債,120,0,120,中國信託-忠孝,2024-11-11,6162
6177,達麗,110,0,110,中國信託-忠孝,2024-11-11,6162
00795B,中信美國公債20年,122,20,102,中國信託-忠孝,2024-11-11,6162
00942B,台新美A公司債20+,100,0,100,中國信託-忠孝,2024-11-11,6162
00688L,國泰20年美債正2,88,0,88,中國信託-忠孝,2024-11-11,6162
00930,永豐ESG低碳高息,72,0,72,中國信託-忠孝,2024-11-11,6162
2891,中信金,86,15,71,中國信託-忠孝,2024-11-11,6162
6788,華景電,64,0,64,中國信託-忠孝,2024-11-11,6162
1301,台塑,61,0,61,中國信託-忠孝,2024-11-11,6162
00937B,群益ESG投等債20,118,61,57,中國信託-忠孝,2024-11-11,6162
3011,今皓,55,0,55,中國信託-忠孝,2024-11-11,6162
00919,群益台灣精選高息,78,23,55,中國信託-忠孝,2024-11-11,6162
2834,臺企銀,119,66,53,中國信託-忠孝,2024-11-11,6162
1303,南亞,47,0,47,中國信託-忠孝,2024-11-11,6162
00915,凱基優選高股息30,46,3,43,中國信託-忠孝,2024-11-11,6162
2534,宏盛,48,6,42,中國信託-忠孝,2024-11-11,6162
2489,瑞軒,40,0,40,中國信託-忠孝,2024-11-11,6162
0056,元大高股息,38,1,37,中國信託-忠孝,2024-11-11,6162
00948B,中信優息投資級債,35,0,35,中國信託-忠孝,2024-11-11,6162
006208,富邦台50,50,16,34,中國信託-忠孝,2024-11-11,6162
3234,光環,38,5,33,中國信託-忠孝,2024-11-11,6162
6739,竹陞科技,32,0,32,中國信託-忠孝,2024-11-11,6162
4991,環宇-KY,42,11,31,中國信託-忠孝,2024-11-11,6162
2302,麗正,32,2,30,中國信託-忠孝,2024-11-11,6162
2495,普安,47,17,30,中國信託-忠孝,2024-11-11,6162
4931,新盛力,55,26,29,中國信託-忠孝,2024-11-11,6162
00665L,富邦�琤肭磪囓�2,784,755,29,中國信託-忠孝,2024-11-11,6162
6121,新普,28,0,28,中國信託-忠孝,2024-11-11,6162
0050,元大台灣50,34,6,28,中國信託-忠孝,2024-11-11,6162
00922,國泰台灣領袖50,26,0,26,中國信託-忠孝,2024-11-11,6162
912000,晨訊科-DR,25,0,25,中國信託-忠孝,2024-11-11,6162
8111,立��,35,11,24,中國信託-忠孝,2024-11-11,6162
3231,緯創,55,32,23,中國信託-忠孝,2024-11-11,6162
2613,中櫃,29,7,22,中國信託-忠孝,2024-11-11,6162
2313,華通,26,4,22,中國信託-忠孝,2024-11-11,6162
00850,元大臺灣ESG永續,21,0,21,中國信託-忠孝,2024-11-11,6162
3062,建漢,98,77,21,中國信託-忠孝,2024-11-11,6162
1605,華新,19,0,19,中國信託-忠孝,2024-11-11,6162
3037,欣興,23,5,18,中國信託-忠孝,2024-11-11,6162
3149,正達,23,5,18,中國信託-忠孝,2024-11-11,6162
4977,眾達-KY,41,23,18,中國信託-忠孝,2024-11-11,6162
00753L,中信中國50正2,2559,148,2411,中國信託-忠孝,2024-11-12,6162
00715L,期街口布蘭特正2,1136,12,1124,中國信託-忠孝,2024-11-12,6162
00878,國泰永續高股息,612,11,601,中國信託-忠孝,2024-11-12,6162
00713,元大台灣高息低波,424,4,420,中國信託-忠孝,2024-11-12,6162
0056,元大高股息,171,2,169,中國信託-忠孝,2024-11-12,6162
2881,富邦金,140,2,138,中國信託-忠孝,2024-11-12,6162
2543,皇昌,142,18,124,中國信託-忠孝,2024-11-12,6162
00929,復華台灣科技優息,148,34,114,中國信託-忠孝,2024-11-12,6162
5871,中租-KY,114,1,113,中國信託-忠孝,2024-11-12,6162
2834,臺企銀,110,0,110,中國信託-忠孝,2024-11-12,6162
2356,英業達,129,23,106,中國信託-忠孝,2024-11-12,6162
4763,材料-KY,99,1,98,中國信託-忠孝,2024-11-12,6162
00919,群益台灣精選高息,164,67,97,中國信託-忠孝,2024-11-12,6162
5876,上海商銀,93,0,93,中國信託-忠孝,2024-11-12,6162
006208,富邦台50,94,1,93,中國信託-忠孝,2024-11-12,6162
2412,中華電,81,0,81,中國信託-忠孝,2024-11-12,6162
4526,東台,74,0,74,中國信託-忠孝,2024-11-12,6162
00915,凱基優選高股息30,73,3,70,中國信託-忠孝,2024-11-12,6162
00953B,群益優選非投等債,66,5,61,中國信託-忠孝,2024-11-12,6162
2891,中信金,61,7,54,中國信託-忠孝,2024-11-12,6162
3481,群創,47,0,47,中國信託-忠孝,2024-11-12,6162
2603,長榮,65,20,45,中國信託-忠孝,2024-11-12,6162
00795B,中信美國公債20年,56,12,44,中國信託-忠孝,2024-11-12,6162
2534,宏盛,83,39,44,中國信託-忠孝,2024-11-12,6162
0050,元大台灣50,44,1,43,中國信託-忠孝,2024-11-12,6162
6114,久威,43,0,43,中國信託-忠孝,2024-11-12,6162
9921,巨大,43,0,43,中國信託-忠孝,2024-11-12,6162
2317,鴻海,66,24,42,中國信託-忠孝,2024-11-12,6162
00922,國泰台灣領袖50,43,1,42,中國信託-忠孝,2024-11-12,6162
00934,中信成長高股息,40,0,40,中國信託-忠孝,2024-11-12,6162
00905,FT臺灣Smart,41,2,39,中國信託-忠孝,2024-11-12,6162
1229,聯華,39,0,39,中國信託-忠孝,2024-11-12,6162
00685L,群益臺灣加權正2,36,0,36,中國信託-忠孝,2024-11-12,6162
00945B,凱基美國非投等債,50,15,35,中國信託-忠孝,2024-11-12,6162
2303,聯電,62,28,34,中國信託-忠孝,2024-11-12,6162
1524,耿鼎,97,65,32,中國信託-忠孝,2024-11-12,6162
3234,光環,35,4,31,中國信託-忠孝,2024-11-12,6162
00940,元大台灣價值高息,46,15,31,中國信託-忠孝,2024-11-12,6162
2392,正崴,50,19,31,中國信託-忠孝,2024-11-12,6162
2489,瑞軒,28,0,28,中國信託-忠孝,2024-11-12,6162
00679B,元大美債20年,49,22,27,中國信託-忠孝,2024-11-12,6162
00943,兆豐電子高息等權,29,2,27,中國信託-忠孝,2024-11-12,6162
6877,鏵友益,28,2,26,中國信託-忠孝,2024-11-12,6162
2820,華票,26,0,26,中國信託-忠孝,2024-11-12,6162
2330,台積電,39,13,26,中國信託-忠孝,2024-11-12,6162
2409,友達,25,0,25,中國信託-忠孝,2024-11-12,6162
4726,永昕,25,0,25,中國信託-忠孝,2024-11-12,6162
2002,中鋼,26,2,24,中國信託-忠孝,2024-11-12,6162
1301,台塑,24,0,24,中國信託-忠孝,2024-11-12,6162
1314,中石化,23,0,23,中國信託-忠孝,2024-11-12,6162
00753L,中信中國50正2,968,435,533,中國信託-忠孝,2024-11-13,6162
00953B,群益優選非投等債,246,0,246,中國信託-忠孝,2024-11-13,6162
9105,泰金寶-DR,330,127,203,中國信託-忠孝,2024-11-13,6162
2610,華航,184,6,178,中國信託-忠孝,2024-11-13,6162
00933B,國泰10Y+金融債,156,0,156,中國信託-忠孝,2024-11-13,6162
00937B,群益ESG投等債20,141,0,141,中國信託-忠孝,2024-11-13,6162
00948B,中信優息投資級債,171,34,137,中國信託-忠孝,2024-11-13,6162
00878,國泰永續高股息,159,35,124,中國信託-忠孝,2024-11-13,6162
2646,星宇航空,121,8,113,中國信託-忠孝,2024-11-13,6162
3013,晟銘電,151,43,108,中國信託-忠孝,2024-11-13,6162
2834,臺企銀,109,10,99,中國信託-忠孝,2024-11-13,6162
2534,宏盛,169,71,98,中國信託-忠孝,2024-11-13,6162
2618,長榮航,122,30,92,中國信託-忠孝,2024-11-13,6162
00687B,國泰20年美債,98,12,86,中國信託-忠孝,2024-11-13,6162
9945,潤泰新,82,1,81,中國信託-忠孝,2024-11-13,6162
2412,中華電,83,3,80,中國信託-忠孝,2024-11-13,6162
4763,材料-KY,76,8,68,中國信託-忠孝,2024-11-13,6162
2317,鴻海,120,53,67,中國信託-忠孝,2024-11-13,6162
3706,神達,281,218,63,中國信託-忠孝,2024-11-13,6162
2609,陽明,93,34,59,中國信託-忠孝,2024-11-13,6162
006208,富邦台50,58,1,57,中國信託-忠孝,2024-11-13,6162
00922,國泰台灣領袖50,54,0,54,中國信託-忠孝,2024-11-13,6162
00680L,元大美債20正2,54,0,54,中國信託-忠孝,2024-11-13,6162
4128,中天,49,0,49,中國信託-忠孝,2024-11-13,6162
5426,振發,178,133,45,中國信託-忠孝,2024-11-13,6162
00688L,國泰20年美債正2,45,0,45,中國信託-忠孝,2024-11-13,6162
00795B,中信美國公債20年,53,9,44,中國信託-忠孝,2024-11-13,6162
00915,凱基優選高股息30,43,0,43,中國信託-忠孝,2024-11-13,6162
2344,華邦電,50,10,40,中國信託-忠孝,2024-11-13,6162
3236,千如,110,71,39,中國信託-忠孝,2024-11-13,6162
00919,群益台灣精選高息,61,24,37,中國信託-忠孝,2024-11-13,6162
1717,長興,51,15,36,中國信託-忠孝,2024-11-13,6162
5521,工信,35,0,35,中國信託-忠孝,2024-11-13,6162
2303,聯電,50,15,35,中國信託-忠孝,2024-11-13,6162
00930,永豐ESG低碳高息,33,0,33,中國信託-忠孝,2024-11-13,6162
00665L,富邦�琤肭磪囓�2,435,403,32,中國信託-忠孝,2024-11-13,6162
00887,永豐中國科技50大,43,12,31,中國信託-忠孝,2024-11-13,6162
2883,凱基金,36,5,31,中國信託-忠孝,2024-11-13,6162
2062,橋椿,30,1,29,中國信託-忠孝,2024-11-13,6162
4931,新盛力,145,117,28,中國信託-忠孝,2024-11-13,6162
00679B,元大美債20年,33,6,27,中國信託-忠孝,2024-11-13,6162
2101,南港,30,3,27,中國信託-忠孝,2024-11-13,6162
8431,匯鑽科,27,0,27,中國信託-忠孝,2024-11-13,6162
0050,元大台灣50,31,5,26,中國信託-忠孝,2024-11-13,6162
2392,正崴,89,67,22,中國信託-忠孝,2024-11-13,6162
4909,新復興,26,5,21,中國信託-忠孝,2024-11-13,6162
00713,元大台灣高息低波,33,12,21,中國信託-忠孝,2024-11-13,6162
2404,漢唐,25,4,21,中國信託-忠孝,2024-11-13,6162
00902,中信電池及儲能,20,0,20,中國信託-忠孝,2024-11-13,6162
00942B,台新美A公司債20+,20,0,20,中國信託-忠孝,2024-11-13,6162
00878,國泰永續高股息,456,25,431,中國信託-忠孝,2024-11-14,6162
00665L,富邦�琤肭磪囓�2,244,1,243,中國信託-忠孝,2024-11-14,6162
3231,緯創,226,18,208,中國信託-忠孝,2024-11-14,6162
4763,材料-KY,181,5,176,中國信託-忠孝,2024-11-14,6162
00882,中信中國高股息,182,26,156,中國信託-忠孝,2024-11-14,6162
00937B,群益ESG投等債20,173,21,152,中國信託-忠孝,2024-11-14,6162
0056,元大高股息,177,34,143,中國信託-忠孝,2024-11-14,6162
1301,台塑,129,0,129,中國信託-忠孝,2024-11-14,6162
00919,群益台灣精選高息,130,6,124,中國信託-忠孝,2024-11-14,6162
4931,新盛力,293,181,112,中國信託-忠孝,2024-11-14,6162
3062,建漢,140,40,100,中國信託-忠孝,2024-11-14,6162
00915,凱基優選高股息30,100,2,98,中國信託-忠孝,2024-11-14,6162
00688L,國泰20年美債正2,93,0,93,中國信託-忠孝,2024-11-14,6162
00753L,中信中國50正2,639,547,92,中國信託-忠孝,2024-11-14,6162
2317,鴻海,122,47,75,中國信託-忠孝,2024-11-14,6162
2101,南港,74,4,70,中國信託-忠孝,2024-11-14,6162
00933B,國泰10Y+金融債,69,0,69,中國信託-忠孝,2024-11-14,6162
2303,聯電,77,12,65,中國信託-忠孝,2024-11-14,6162
00948B,中信優息投資級債,67,6,61,中國信託-忠孝,2024-11-14,6162
00929,復華台灣科技優息,216,159,57,中國信託-忠孝,2024-11-14,6162
9945,潤泰新,58,1,57,中國信託-忠孝,2024-11-14,6162
5871,中租-KY,59,3,56,中國信託-忠孝,2024-11-14,6162
8011,台通,65,16,49,中國信託-忠孝,2024-11-14,6162
00679B,元大美債20年,78,31,47,中國信託-忠孝,2024-11-14,6162
00669R,國泰美國道瓊反1,44,0,44,中國信託-忠孝,2024-11-14,6162
3234,光環,44,0,44,中國信託-忠孝,2024-11-14,6162
00922,國泰台灣領袖50,53,10,43,中國信託-忠孝,2024-11-14,6162
2062,橋椿,40,0,40,中國信託-忠孝,2024-11-14,6162
006208,富邦台50,41,2,39,中國信託-忠孝,2024-11-14,6162
3049,精金,40,2,38,中國信託-忠孝,2024-11-14,6162
00632R,元大台灣50反1,55,18,37,中國信託-忠孝,2024-11-14,6162
00951,台新日本半導體,35,0,35,中國信託-忠孝,2024-11-14,6162
0050,元大台灣50,40,6,34,中國信託-忠孝,2024-11-14,6162
00927,群益半導體收益,33,0,33,中國信託-忠孝,2024-11-14,6162
6609,瀧澤科,107,75,32,中國信託-忠孝,2024-11-14,6162
3481,群創,35,3,32,中國信託-忠孝,2024-11-14,6162
2312,金寶,56,28,28,中國信託-忠孝,2024-11-14,6162
8104,錸寶,30,3,27,中國信託-忠孝,2024-11-14,6162
2884,玉山金,26,0,26,中國信託-忠孝,2024-11-14,6162
2892,第一金,27,1,26,中國信託-忠孝,2024-11-14,6162
1229,聯華,23,0,23,中國信託-忠孝,2024-11-14,6162
00935,野村臺灣新科技50,22,0,22,中國信託-忠孝,2024-11-14,6162
2880,華南金,22,1,21,中國信託-忠孝,2024-11-14,6162
2887,台新金,21,0,21,中國信託-忠孝,2024-11-14,6162
2834,臺企銀,31,10,21,中國信託-忠孝,2024-11-14,6162
00905,FT臺灣Smart,20,0,20,中國信託-忠孝,2024-11-14,6162
1417,嘉裕,20,0,20,中國信託-忠孝,2024-11-14,6162
1312,國喬,20,0,20,中國信託-忠孝,2024-11-14,6162
00795B,中信美國公債20年,21,3,18,中國信託-忠孝,2024-11-14,6162
00946,群益科技高息成長,28,10,18,中國信託-忠孝,2024-11-14,6162
00937B,群益ESG投等債20,2311,5,2306,中國信託-忠孝,2024-11-15,6162
00878,國泰永續高股息,596,46,550,中國信託-忠孝,2024-11-15,6162
00637L,元大滬深300正2,333,50,283,中國信託-忠孝,2024-11-15,6162
00953B,群益優選非投等債,278,0,278,中國信託-忠孝,2024-11-15,6162
3535,晶彩科,174,0,174,中國信託-忠孝,2024-11-15,6162
2534,宏盛,132,5,127,中國信託-忠孝,2024-11-15,6162
2317,鴻海,153,35,118,中國信託-忠孝,2024-11-15,6162
2324,仁寶,124,24,100,中國信託-忠孝,2024-11-15,6162
2382,廣達,121,31,90,中國信託-忠孝,2024-11-15,6162
00933B,國泰10Y+金融債,93,5,88,中國信託-忠孝,2024-11-15,6162
2412,中華電,84,3,81,中國信託-忠孝,2024-11-15,6162
2101,南港,81,1,80,中國信託-忠孝,2024-11-15,6162
5426,振發,100,23,77,中國信託-忠孝,2024-11-15,6162
3706,神達,136,60,76,中國信託-忠孝,2024-11-15,6162
00948B,中信優息投資級債,106,52,54,中國信託-忠孝,2024-11-15,6162
0056,元大高股息,53,0,53,中國信託-忠孝,2024-11-15,6162
2431,聯昌,50,0,50,中國信託-忠孝,2024-11-15,6162
2603,長榮,104,57,47,中國信託-忠孝,2024-11-15,6162
00929,復華台灣科技優息,71,26,45,中國信託-忠孝,2024-11-15,6162
3323,加百裕,86,42,44,中國信託-忠孝,2024-11-15,6162
00632R,元大台灣50反1,40,0,40,中國信託-忠孝,2024-11-15,6162
4763,材料-KY,37,5,32,中國信託-忠孝,2024-11-15,6162
1742,台蠟,28,0,28,中國信託-忠孝,2024-11-15,6162
00934,中信成長高股息,28,0,28,中國信託-忠孝,2024-11-15,6162
6108,競國,29,2,27,中國信託-忠孝,2024-11-15,6162
00887,永豐中國科技50大,23,0,23,中國信託-忠孝,2024-11-15,6162
3338,泰碩,32,10,22,中國信託-忠孝,2024-11-15,6162
00895,富邦未來車,21,0,21,中國信託-忠孝,2024-11-15,6162
6126,信音,22,2,20,中國信託-忠孝,2024-11-15,6162
1446,宏和,20,1,19,中國信託-忠孝,2024-11-15,6162
1611,中電,24,6,18,中國信託-忠孝,2024-11-15,6162
2204,中華,18,0,18,中國信託-忠孝,2024-11-15,6162
2377,微星,18,1,17,中國信託-忠孝,2024-11-15,6162
2540,愛山林,29,12,17,中國信託-忠孝,2024-11-15,6162
00915,凱基優選高股息30,16,0,16,中國信託-忠孝,2024-11-15,6162
1524,耿鼎,29,13,16,中國信託-忠孝,2024-11-15,6162
4174,浩鼎,25,10,15,中國信託-忠孝,2024-11-15,6162
6121,新普,15,1,14,中國信託-忠孝,2024-11-15,6162
4729,熒茂,29,15,14,中國信託-忠孝,2024-11-15,6162
2387,精元,22,8,14,中國信託-忠孝,2024-11-15,6162
00945B,凱基美國非投等債,15,1,14,中國信託-忠孝,2024-11-15,6162
2354,鴻準,249,236,13,中國信託-忠孝,2024-11-15,6162
6438,迅得,19,6,13,中國信託-忠孝,2024-11-15,6162
3231,緯創,26,14,12,中國信託-忠孝,2024-11-15,6162
2353,宏��,23,11,12,中國信託-忠孝,2024-11-15,6162
00960,野村全球航運龍頭,12,0,12,中國信託-忠孝,2024-11-15,6162
6282,康舒,12,0,12,中國信託-忠孝,2024-11-15,6162
2472,立隆電,12,0,12,中國信託-忠孝,2024-11-15,6162
2376,技嘉,20,8,12,中國信託-忠孝,2024-11-15,6162
1229,聯華,11,0,11,中國信託-忠孝,2024-11-15,6162
00878,國泰永續高股息,727,3,724,中國信託-忠孝,2024-11-18,6162
00637L,元大滬深300正2,807,303,504,中國信託-忠孝,2024-11-18,6162
00943,兆豐電子高息等權,286,0,286,中國信託-忠孝,2024-11-18,6162
2376,技嘉,162,8,154,中國信託-忠孝,2024-11-18,6162
2534,宏盛,122,5,117,中國信託-忠孝,2024-11-18,6162
00919,群益台灣精選高息,132,19,113,中國信託-忠孝,2024-11-18,6162
3535,晶彩科,111,1,110,中國信託-忠孝,2024-11-18,6162
00937B,群益ESG投等債20,132,25,107,中國信託-忠孝,2024-11-18,6162
00932,兆豐永續高息等權,103,0,103,中國信託-忠孝,2024-11-18,6162
6179,亞通,100,0,100,中國信託-忠孝,2024-11-18,6162
4763,材料-KY,85,4,81,中國信託-忠孝,2024-11-18,6162
5876,上海商銀,53,0,53,中國信託-忠孝,2024-11-18,6162
00795B,中信美國公債20年,49,0,49,中國信託-忠孝,2024-11-18,6162
2353,宏��,53,5,48,中國信託-忠孝,2024-11-18,6162
6005,群益證,60,17,43,中國信託-忠孝,2024-11-18,6162
2317,鴻海,76,33,43,中國信託-忠孝,2024-11-18,6162
006208,富邦台50,41,0,41,中國信託-忠孝,2024-11-18,6162
00679B,元大美債20年,42,1,41,中國信託-忠孝,2024-11-18,6162
3236,千如,40,0,40,中國信託-忠孝,2024-11-18,6162
00915,凱基優選高股息30,39,1,38,中國信託-忠孝,2024-11-18,6162
0056,元大高股息,60,24,36,中國信託-忠孝,2024-11-18,6162
2312,金寶,160,126,34,中國信託-忠孝,2024-11-18,6162
2610,華航,37,6,31,中國信託-忠孝,2024-11-18,6162
00713,元大台灣高息低波,33,2,31,中國信託-忠孝,2024-11-18,6162
9921,巨大,30,0,30,中國信託-忠孝,2024-11-18,6162
6177,達麗,31,1,30,中國信託-忠孝,2024-11-18,6162
00680L,元大美債20正2,30,0,30,中國信託-忠孝,2024-11-18,6162
2881,富邦金,30,0,30,中國信託-忠孝,2024-11-18,6162
2062,橋椿,34,6,28,中國信託-忠孝,2024-11-18,6162
00935,野村臺灣新科技50,26,0,26,中國信託-忠孝,2024-11-18,6162
3481,群創,33,7,26,中國信託-忠孝,2024-11-18,6162
2489,瑞軒,26,0,26,中國信託-忠孝,2024-11-18,6162
3706,神達,146,121,25,中國信託-忠孝,2024-11-18,6162
00671R,富邦NASDAQ反1,24,0,24,中國信託-忠孝,2024-11-18,6162
1785,光洋科,29,5,24,中國信託-忠孝,2024-11-18,6162
2330,台積電,27,5,22,中國信託-忠孝,2024-11-18,6162
0050,元大台灣50,25,2,23,中國信託-忠孝,2024-11-18,6162
3231,緯創,37,15,22,中國信託-忠孝,2024-11-18,6162
3013,晟銘電,61,39,22,中國信託-忠孝,2024-11-18,6162
00751B,元大AAA至A公司債,21,0,21,中國信託-忠孝,2024-11-18,6162
6174,安��,20,0,20,中國信託-忠孝,2024-11-18,6162
6505,台塑化,20,0,20,中國信託-忠孝,2024-11-18,6162
5284,jpp-KY,18,1,17,中國信託-忠孝,2024-11-18,6162
4968,立積,18,1,17,中國信託-忠孝,2024-11-18,6162
6592,和潤企業,17,0,17,中國信託-忠孝,2024-11-18,6162
2891,中信金,29,12,17,中國信託-忠孝,2024-11-18,6162
00934,中信成長高股息,36,20,16,中國信託-忠孝,2024-11-18,6162
00687B,國泰20年美債,16,0,16,中國信託-忠孝,2024-11-18,6162
00923,群益台ESG低碳50,16,0,16,中國信託-忠孝,2024-11-18,6162
00933B,國泰10Y+金融債,51,35,16,中國信託-忠孝,2024-11-18,6162
00753L,中信中國50正2,1423,5,1418,中國信託-忠孝,2024-11-19,6162
00665L,富邦�琤肭磪囓�2,1496,121,1375,中國信託-忠孝,2024-11-19,6162
00637L,元大滬深300正2,292,0,292,中國信託-忠孝,2024-11-19,6162
00937B,群益ESG投等債20,237,1,236,中國信託-忠孝,2024-11-19,6162
9105,泰金寶-DR,292,93,199,中國信託-忠孝,2024-11-19,6162
00933B,國泰10Y+金融債,199,2,197,中國信託-忠孝,2024-11-19,6162
00878,國泰永續高股息,144,17,127,中國信託-忠孝,2024-11-19,6162
2883,凱基金,117,10,107,中國信託-忠孝,2024-11-19,6162
00953B,群益優選非投等債,108,7,101,中國信託-忠孝,2024-11-19,6162
3005,神基,101,1,100,中國信託-忠孝,2024-11-19,6162
1301,台塑,110,15,95,中國信託-忠孝,2024-11-19,6162
00713,元大台灣高息低波,86,1,85,中國信託-忠孝,2024-11-19,6162
00633L,富邦上証正2,85,0,85,中國信託-忠孝,2024-11-19,6162
2317,鴻海,72,12,60,中國信託-忠孝,2024-11-19,6162
00919,群益台灣精選高息,77,23,54,中國信託-忠孝,2024-11-19,6162
00676R,富邦臺灣加權反1,50,0,50,中國信託-忠孝,2024-11-19,6162
2354,鴻準,122,79,43,中國信託-忠孝,2024-11-19,6162
00934,中信成長高股息,42,0,42,中國信託-忠孝,2024-11-19,6162
2431,聯昌,62,20,42,中國信託-忠孝,2024-11-19,6162
2349,錸德,54,18,36,中國信託-忠孝,2024-11-19,6162
0056,元大高股息,38,2,36,中國信託-忠孝,2024-11-19,6162
2312,金寶,300,271,29,中國信託-忠孝,2024-11-19,6162
00688L,國泰20年美債正2,27,0,27,中國信託-忠孝,2024-11-19,6162
2609,陽明,132,105,27,中國信託-忠孝,2024-11-19,6162
3149,正達,26,0,26,中國信託-忠孝,2024-11-19,6162
4540,全球傳動,24,0,24,中國信託-忠孝,2024-11-19,6162
00915,凱基優選高股息30,24,0,24,中國信託-忠孝,2024-11-19,6162
2382,廣達,26,3,23,中國信託-忠孝,2024-11-19,6162
4763,材料-KY,22,0,22,中國信託-忠孝,2024-11-19,6162
5871,中租-KY,24,4,20,中國信託-忠孝,2024-11-19,6162
2495,普安,40,20,20,中國信託-忠孝,2024-11-19,6162
3003,健和興,18,0,18,中國信託-忠孝,2024-11-19,6162
00631L,元大台灣50正2,18,1,17,中國信託-忠孝,2024-11-19,6162
00830,國泰費城半導體,17,0,17,中國信託-忠孝,2024-11-19,6162
2603,長榮,79,63,16,中國信託-忠孝,2024-11-19,6162
3015,全漢,33,18,15,中國信託-忠孝,2024-11-19,6162
2618,長榮航,19,4,15,中國信託-忠孝,2024-11-19,6162
006208,富邦台50,17,2,15,中國信託-忠孝,2024-11-19,6162
2405,輔信,15,1,14,中國信託-忠孝,2024-11-19,6162
6757,台灣虎航,13,0,13,中國信託-忠孝,2024-11-19,6162
2489,瑞軒,12,0,12,中國信託-忠孝,2024-11-19,6162
8044,網家,47,35,12,中國信託-忠孝,2024-11-19,6162
3535,晶彩科,12,0,12,中國信託-忠孝,2024-11-19,6162
3363,上詮,15,3,12,中國信託-忠孝,2024-11-19,6162
3231,緯創,20,9,11,中國信託-忠孝,2024-11-19,6162
2449,京元電子,19,8,11,中國信託-忠孝,2024-11-19,6162
00685L,群益臺灣加權正2,11,0,11,中國信託-忠孝,2024-11-19,6162
6108,競國,11,0,11,中國信託-忠孝,2024-11-19,6162
00687B,國泰20年美債,15,4,11,中國信託-忠孝,2024-11-19,6162
00942B,台新美A公司債20+,10,0,10,中國信託-忠孝,2024-11-19,6162
1815,富喬,437,51,386,中國信託-忠孝,2024-11-20,6162
00637L,元大滬深300正2,404,140,264,中國信託-忠孝,2024-11-20,6162
00937B,群益ESG投等債20,220,10,210,中國信託-忠孝,2024-11-20,6162
00933B,國泰10Y+金融債,190,0,190,中國信託-忠孝,2024-11-20,6162
2880,華南金,155,0,155,中國信託-忠孝,2024-11-20,6162
00929,復華台灣科技優息,136,28,108,中國信託-忠孝,2024-11-20,6162
00922,國泰台灣領袖50,105,2,103,中國信託-忠孝,2024-11-20,6162
00960,野村全球航運龍頭,93,0,93,中國信託-忠孝,2024-11-20,6162
00878,國泰永續高股息,84,0,84,中國信託-忠孝,2024-11-20,6162
2105,正新,101,36,65,中國信託-忠孝,2024-11-20,6162
3706,神達,303,239,64,中國信託-忠孝,2024-11-20,6162
2337,旺宏,50,0,50,中國信託-忠孝,2024-11-20,6162
00919,群益台灣精選高息,46,4,42,中國信託-忠孝,2024-11-20,6162
0056,元大高股息,67,25,42,中國信託-忠孝,2024-11-20,6162
2883,凱基金,50,9,41,中國信託-忠孝,2024-11-20,6162
3050,鈺德,54,14,40,中國信託-忠孝,2024-11-20,6162
2317,鴻海,50,10,40,中國信託-忠孝,2024-11-20,6162
6788,華景電,37,0,37,中國信託-忠孝,2024-11-20,6162
1708,東鹼,37,0,37,中國信託-忠孝,2024-11-20,6162
00650L,復華香港正2,36,0,36,中國信託-忠孝,2024-11-20,6162
2609,陽明,755,719,36,中國信託-忠孝,2024-11-20,6162
006208,富邦台50,35,0,35,中國信託-忠孝,2024-11-20,6162
2330,台積電,36,2,34,中國信託-忠孝,2024-11-20,6162
2405,輔信,66,32,34,中國信託-忠孝,2024-11-20,6162
4956,光鋐,322,290,32,中國信託-忠孝,2024-11-20,6162
00953B,群益優選非投等債,32,0,32,中國信託-忠孝,2024-11-20,6162
00891,中信關鍵半導體,31,0,31,中國信託-忠孝,2024-11-20,6162
3594,磐儀,34,3,31,中國信託-忠孝,2024-11-20,6162
2359,所羅門,30,0,30,中國信託-忠孝,2024-11-20,6162
00713,元大台灣高息低波,27,0,27,中國信託-忠孝,2024-11-20,6162
00915,凱基優選高股息30,25,0,25,中國信託-忠孝,2024-11-20,6162
2607,榮運,25,0,25,中國信託-忠孝,2024-11-20,6162
0050,元大台灣50,26,2,24,中國信託-忠孝,2024-11-20,6162
2885,元大金,24,0,24,中國信託-忠孝,2024-11-20,6162
3450,聯鈞,63,40,23,中國信託-忠孝,2024-11-20,6162
00795B,中信美國公債20年,23,0,23,中國信託-忠孝,2024-11-20,6162
3354,律勝,22,0,22,中國信託-忠孝,2024-11-20,6162
6150,撼訊,22,0,22,中國信託-忠孝,2024-11-20,6162
2382,廣達,34,12,22,中國信託-忠孝,2024-11-20,6162
8039,台虹,37,16,21,中國信託-忠孝,2024-11-20,6162
6412,群電,21,0,21,中國信託-忠孝,2024-11-20,6162
2851,中再保,24,3,21,中國信託-忠孝,2024-11-20,6162
3056,富華新,38,17,21,中國信託-忠孝,2024-11-20,6162
00930,永豐ESG低碳高息,23,2,21,中國信託-忠孝,2024-11-20,6162
3211,順達,21,1,20,中國信託-忠孝,2024-11-20,6162
00706L,期元大S＆P日圓正2,20,0,20,中國信託-忠孝,2024-11-20,6162
8429,金麗-KY,20,0,20,中國信託-忠孝,2024-11-20,6162
2426,鼎元,30,10,20,中國信託-忠孝,2024-11-20,6162
2449,京元電子,30,11,19,中國信託-忠孝,2024-11-20,6162
8097,常珵,19,0,19,中國信託-忠孝,2024-11-20,6162
1815,富喬,612,44,568,中國信託-忠孝,2024-11-21,6162
9105,泰金寶-DR,506,55,451,中國信託-忠孝,2024-11-21,6162
00953B,群益優選非投等債,307,0,307,中國信託-忠孝,2024-11-21,6162
00909,國泰數位支付服務,279,0,279,中國信託-忠孝,2024-11-21,6162
00665L,富邦�琤肭磪囓�2,213,0,213,中國信託-忠孝,2024-11-21,6162
00632R,元大台灣50反1,153,15,138,中國信託-忠孝,2024-11-21,6162
00878,國泰永續高股息,95,1,94,中國信託-忠孝,2024-11-21,6162
2312,金寶,297,210,87,中國信託-忠孝,2024-11-21,6162
2412,中華電,88,2,86,中國信託-忠孝,2024-11-21,6162
00959B,大華投等美債15Y+,81,1,80,中國信託-忠孝,2024-11-21,6162
5876,上海商銀,66,0,66,中國信託-忠孝,2024-11-21,6162
2449,京元電子,61,1,60,中國信託-忠孝,2024-11-21,6162
5452,佶優,60,0,60,中國信託-忠孝,2024-11-21,6162
0056,元大高股息,70,16,54,中國信託-忠孝,2024-11-21,6162
2204,中華,173,125,48,中國信託-忠孝,2024-11-21,6162
006208,富邦台50,47,1,46,中國信託-忠孝,2024-11-21,6162
5347,世界,44,2,42,中國信託-忠孝,2024-11-21,6162
00915,凱基優選高股息30,40,0,40,中國信託-忠孝,2024-11-21,6162
1471,首利,40,0,40,中國信託-忠孝,2024-11-21,6162
00929,復華台灣科技優息,77,42,35,中國信託-忠孝,2024-11-21,6162
2881,富邦金,36,1,35,中國信託-忠孝,2024-11-21,6162
2444,兆勁,35,0,35,中國信託-忠孝,2024-11-21,6162
2317,鴻海,44,10,34,中國信託-忠孝,2024-11-21,6162
00930,永豐ESG低碳高息,30,0,30,中國信託-忠孝,2024-11-21,6162
00751B,元大AAA至A公司債,30,0,30,中國信託-忠孝,2024-11-21,6162
2536,宏普,25,0,25,中國信託-忠孝,2024-11-21,6162
2534,宏盛,45,21,24,中國信託-忠孝,2024-11-21,6162
4991,環宇-KY,24,0,24,中國信託-忠孝,2024-11-21,6162
2884,玉山金,23,0,23,中國信託-忠孝,2024-11-21,6162
1524,耿鼎,38,16,22,中國信託-忠孝,2024-11-21,6162
9945,潤泰新,27,5,22,中國信託-忠孝,2024-11-21,6162
2330,台積電,37,16,21,中國信託-忠孝,2024-11-21,6162
2609,陽明,131,111,20,中國信託-忠孝,2024-11-21,6162
6763,綠界科技*,19,0,19,中國信託-忠孝,2024-11-21,6162
8047,星雲,19,0,19,中國信託-忠孝,2024-11-21,6162
2303,聯電,27,8,19,中國信託-忠孝,2024-11-21,6162
2352,佳世達,20,1,19,中國信託-忠孝,2024-11-21,6162
3062,建漢,22,4,18,中國信託-忠孝,2024-11-21,6162
3056,富華新,46,29,17,中國信託-忠孝,2024-11-21,6162
8249,菱光,24,8,16,中國信託-忠孝,2024-11-21,6162
00918,大華優利高填息30,23,7,16,中國信託-忠孝,2024-11-21,6162
8261,富鼎,17,2,15,中國信託-忠孝,2024-11-21,6162
2882,國泰金,17,3,14,中國信託-忠孝,2024-11-21,6162
00713,元大台灣高息低波,33,19,14,中國信託-忠孝,2024-11-21,6162
1301,台塑,14,0,14,中國信託-忠孝,2024-11-21,6162
2392,正崴,18,4,14,中國信託-忠孝,2024-11-21,6162
2211,長榮鋼,14,0,14,中國信託-忠孝,2024-11-21,6162
6196,帆宣,14,0,14,中國信託-忠孝,2024-11-21,6162
00881,國泰台灣5G+,14,0,14,中國信託-忠孝,2024-11-21,6162
00923,群益台ESG低碳50,14,0,14,中國信託-忠孝,2024-11-21,6162
6288,聯嘉,910,8,902,中國信託-忠孝,2024-11-22,6162
2442,新美齊,792,2,790,中國信託-忠孝,2024-11-22,6162
00637L,元大滬深300正2,478,8,470,中國信託-忠孝,2024-11-22,6162
9105,泰金寶-DR,622,200,422,中國信託-忠孝,2024-11-22,6162
00933B,國泰10Y+金融債,370,0,370,中國信託-忠孝,2024-11-22,6162
00753L,中信中國50正2,476,106,370,中國信託-忠孝,2024-11-22,6162
3056,富華新,329,3,326,中國信託-忠孝,2024-11-22,6162
3005,神基,244,3,241,中國信託-忠孝,2024-11-22,6162
1218,泰山,150,0,150,中國信託-忠孝,2024-11-22,6162
00687B,國泰20年美債,142,4,138,中國信託-忠孝,2024-11-22,6162
1809,中釉,153,23,130,中國信託-忠孝,2024-11-22,6162
6141,柏承,92,0,92,中國信託-忠孝,2024-11-22,6162
00929,復華台灣科技優息,122,32,90,中國信託-忠孝,2024-11-22,6162
00959B,大華投等美債15Y+,90,0,90,中國信託-忠孝,2024-11-22,6162
3030,德律,90,3,87,中國信託-忠孝,2024-11-22,6162
00713,元大台灣高息低波,74,0,74,中國信託-忠孝,2024-11-22,6162
2618,長榮航,103,31,72,中國信託-忠孝,2024-11-22,6162
00878,國泰永續高股息,106,41,65,中國信託-忠孝,2024-11-22,6162
4763,材料-KY,54,2,52,中國信託-忠孝,2024-11-22,6162
00948B,中信優息投資級債,90,40,50,中國信託-忠孝,2024-11-22,6162
4513,福裕,47,0,47,中國信託-忠孝,2024-11-22,6162
4566,時碩工業,45,0,45,中國信託-忠孝,2024-11-22,6162
4807,日成-KY,40,0,40,中國信託-忠孝,2024-11-22,6162
2204,中華,93,55,38,中國信託-忠孝,2024-11-22,6162
8163,達方,52,15,37,中國信託-忠孝,2024-11-22,6162
6412,群電,35,0,35,中國信託-忠孝,2024-11-22,6162
2609,陽明,57,23,34,中國信託-忠孝,2024-11-22,6162
2413,環科,36,5,31,中國信託-忠孝,2024-11-22,6162
00665L,富邦�琤肭磪囓�2,31,0,31,中國信託-忠孝,2024-11-22,6162
00912,中信臺灣智慧50,30,0,30,中國信託-忠孝,2024-11-22,6162
00937B,群益ESG投等債20,58,29,29,中國信託-忠孝,2024-11-22,6162
00953B,群益優選非投等債,29,0,29,中國信託-忠孝,2024-11-22,6162
8089,康全電訊,29,0,29,中國信託-忠孝,2024-11-22,6162
2449,京元電子,44,16,28,中國信託-忠孝,2024-11-22,6162
5315,光聯,55,27,28,中國信託-忠孝,2024-11-22,6162
2062,橋椿,29,2,27,中國信託-忠孝,2024-11-22,6162
6177,達麗,27,0,27,中國信託-忠孝,2024-11-22,6162
2444,兆勁,26,0,26,中國信託-忠孝,2024-11-22,6162
00633L,富邦上証正2,30,5,25,中國信託-忠孝,2024-11-22,6162
2867,三商壽,36,12,24,中國信託-忠孝,2024-11-22,6162
2891,中信金,23,0,23,中國信託-忠孝,2024-11-22,6162
8044,網家,43,20,23,中國信託-忠孝,2024-11-22,6162
00679B,元大美債20年,27,5,22,中國信託-忠孝,2024-11-22,6162
2352,佳世達,22,0,22,中國信託-忠孝,2024-11-22,6162
8096,擎亞,20,0,20,中國信託-忠孝,2024-11-22,6162
3090,日電貿,20,0,20,中國信託-忠孝,2024-11-22,6162
6170,統振,20,0,20,中國信託-忠孝,2024-11-22,6162
6219,富旺,20,0,20,中國信託-忠孝,2024-11-22,6162
00915,凱基優選高股息30,21,1,20,中國信託-忠孝,2024-11-22,6162
4991,環宇-KY,19,0,19,中國信託-忠孝,2024-11-22,6162
00753L,中信中國50正2,499,100,399,中國信託-忠孝,2024-11-25,6162
3056,富華新,269,14,255,中國信託-忠孝,2024-11-25,6162
00632R,元大台灣50反1,229,5,224,中國信託-忠孝,2024-11-25,6162
00933B,國泰10Y+金融債,186,0,186,中國信託-忠孝,2024-11-25,6162
6196,帆宣,155,1,154,中國信託-忠孝,2024-11-25,6162
00959B,大華投等美債15Y+,130,0,130,中國信託-忠孝,2024-11-25,6162
2449,京元電子,137,21,116,中國信託-忠孝,2024-11-25,6162
5880,合庫金,111,0,111,中國信託-忠孝,2024-11-25,6162
00919,群益台灣精選高息,110,9,101,中國信託-忠孝,2024-11-25,6162
00676R,富邦臺灣加權反1,100,0,100,中國信託-忠孝,2024-11-25,6162
3003,健和興,103,24,79,中國信託-忠孝,2024-11-25,6162
2312,金寶,322,251,71,中國信託-忠孝,2024-11-25,6162
00953B,群益優選非投等債,65,0,65,中國信託-忠孝,2024-11-25,6162
3380,明泰,66,6,60,中國信託-忠孝,2024-11-25,6162
6757,台灣虎航,58,0,58,中國信託-忠孝,2024-11-25,6162
2371,大同,94,40,54,中國信託-忠孝,2024-11-25,6162
00900,富邦特選高股息30,53,0,53,中國信託-忠孝,2024-11-25,6162
00937B,群益ESG投等債20,53,2,51,中國信託-忠孝,2024-11-25,6162
3680,家登,51,0,51,中國信託-忠孝,2024-11-25,6162
00669R,國泰美國道瓊反1,50,0,50,中國信託-忠孝,2024-11-25,6162
4763,材料-KY,49,0,49,中國信託-忠孝,2024-11-25,6162
1809,中釉,54,7,47,中國信託-忠孝,2024-11-25,6162
4414,如興,47,0,47,中國信託-忠孝,2024-11-25,6162
6134,萬旭,72,30,42,中國信託-忠孝,2024-11-25,6162
2442,新美齊,55,19,36,中國信託-忠孝,2024-11-25,6162
1524,耿鼎,51,15,36,中國信託-忠孝,2024-11-25,6162
2352,佳世達,35,0,35,中國信託-忠孝,2024-11-25,6162
00918,大華優利高填息30,42,7,35,中國信託-忠孝,2024-11-25,6162
2646,星宇航空,40,7,33,中國信託-忠孝,2024-11-25,6162
2330,台積電,36,3,33,中國信託-忠孝,2024-11-25,6162
3712,永崴投控,101,71,30,中國信託-忠孝,2024-11-25,6162
5876,上海商銀,26,0,26,中國信託-忠孝,2024-11-25,6162
5465,富驊,65,40,25,中國信託-忠孝,2024-11-25,6162
5315,光聯,30,5,25,中國信託-忠孝,2024-11-25,6162
8104,錸寶,57,32,25,中國信託-忠孝,2024-11-25,6162
2603,長榮,41,19,22,中國信託-忠孝,2024-11-25,6162
8047,星雲,26,4,22,中國信託-忠孝,2024-11-25,6162
2891,中信金,29,8,21,中國信託-忠孝,2024-11-25,6162
00891,中信關鍵半導體,22,1,21,中國信託-忠孝,2024-11-25,6162
2204,中華,25,4,21,中國信託-忠孝,2024-11-25,6162
00850,元大臺灣ESG永續,20,0,20,中國信託-忠孝,2024-11-25,6162
1451,年興,20,0,20,中國信託-忠孝,2024-11-25,6162
2609,陽明,62,43,19,中國信託-忠孝,2024-11-25,6162
3032,偉訓,42,23,19,中國信託-忠孝,2024-11-25,6162
6005,群益證,19,0,19,中國信託-忠孝,2024-11-25,6162
00665L,富邦�琤肭磪囓�2,19,0,19,中國信託-忠孝,2024-11-25,6162
3040,遠見,18,0,18,中國信託-忠孝,2024-11-25,6162
3481,群創,22,5,17,中國信託-忠孝,2024-11-25,6162
3015,全漢,18,1,17,中國信託-忠孝,2024-11-25,6162
1301,台塑,23,6,17,中國信託-忠孝,2024-11-25,6162
2442,新美齊,430,3,427,中國信託-忠孝,2024-11-26,6162
2547,日勝生,400,2,398,中國信託-忠孝,2024-11-26,6162
2812,台中銀,365,1,364,中國信託-忠孝,2024-11-26,6162
2317,鴻海,141,12,129,中國信託-忠孝,2024-11-26,6162
2542,興富發,127,2,125,中國信託-忠孝,2024-11-26,6162
3231,緯創,149,34,115,中國信託-忠孝,2024-11-26,6162
00878,國泰永續高股息,112,0,112,中國信託-忠孝,2024-11-26,6162
00725B,國泰投資級公司債,101,22,79,中國信託-忠孝,2024-11-26,6162
2360,致茂,72,0,72,中國信託-忠孝,2024-11-26,6162
00919,群益台灣精選高息,68,1,67,中國信託-忠孝,2024-11-26,6162
006208,富邦台50,63,0,63,中國信託-忠孝,2024-11-26,6162
3040,遠見,56,2,54,中國信託-忠孝,2024-11-26,6162
1528,恩德,58,5,53,中國信託-忠孝,2024-11-26,6162
2330,台積電,58,9,49,中國信託-忠孝,2024-11-26,6162
0056,元大高股息,50,1,49,中國信託-忠孝,2024-11-26,6162
00933B,國泰10Y+金融債,92,50,42,中國信託-忠孝,2024-11-26,6162
2359,所羅門,86,44,42,中國信託-忠孝,2024-11-26,6162
2204,中華,76,38,38,中國信託-忠孝,2024-11-26,6162
00930,永豐ESG低碳高息,36,0,36,中國信託-忠孝,2024-11-26,6162
2419,仲琦,55,23,32,中國信託-忠孝,2024-11-26,6162
00857B,永豐20年美公債,31,0,31,中國信託-忠孝,2024-11-26,6162
6412,群電,32,3,29,中國信託-忠孝,2024-11-26,6162
2820,華票,30,2,28,中國信託-忠孝,2024-11-26,6162
1718,中纖,24,0,24,中國信託-忠孝,2024-11-26,6162
6770,力積電,27,3,24,中國信託-忠孝,2024-11-26,6162
6757,台灣虎航,29,6,23,中國信託-忠孝,2024-11-26,6162
00713,元大台灣高息低波,31,8,23,中國信託-忠孝,2024-11-26,6162
2392,正崴,37,16,21,中國信託-忠孝,2024-11-26,6162
6213,聯茂,23,2,21,中國信託-忠孝,2024-11-26,6162
9911,櫻花,20,0,20,中國信託-忠孝,2024-11-26,6162
2539,櫻花建,21,1,20,中國信託-忠孝,2024-11-26,6162
9927,泰銘,20,0,20,中國信託-忠孝,2024-11-26,6162
2354,鴻準,40,20,20,中國信託-忠孝,2024-11-26,6162
2371,大同,34,15,19,中國信託-忠孝,2024-11-26,6162
5347,世界,24,5,19,中國信託-忠孝,2024-11-26,6162
00915,凱基優選高股息30,28,10,18,中國信託-忠孝,2024-11-26,6162
4763,材料-KY,28,10,18,中國信託-忠孝,2024-11-26,6162
3290,東浦,18,0,18,中國信託-忠孝,2024-11-26,6162
00757,統一FANG+,18,0,18,中國信託-忠孝,2024-11-26,6162
4977,眾達-KY,19,1,18,中國信託-忠孝,2024-11-26,6162
3081,聯亞,27,10,17,中國信託-忠孝,2024-11-26,6162
0050,元大台灣50,24,9,15,中國信託-忠孝,2024-11-26,6162
5465,富驊,21,6,15,中國信託-忠孝,2024-11-26,6162
1524,耿鼎,53,38,15,中國信託-忠孝,2024-11-26,6162
4513,福裕,15,0,15,中國信託-忠孝,2024-11-26,6162
00715L,期街口布蘭特正2,16,2,14,中國信託-忠孝,2024-11-26,6162
2882,國泰金,15,1,14,中國信託-忠孝,2024-11-26,6162
2890,永豐金,13,0,13,中國信託-忠孝,2024-11-26,6162
00923,群益台ESG低碳50,13,0,13,中國信託-忠孝,2024-11-26,6162
2314,台揚,12,0,12,中國信託-忠孝,2024-11-26,6162
2885,元大金,401,0,401,中國信託-忠孝,2024-11-27,6162
00878,國泰永續高股息,369,9,360,中國信託-忠孝,2024-11-27,6162
0056,元大高股息,274,0,274,中國信託-忠孝,2024-11-27,6162
2882,國泰金,262,4,258,中國信託-忠孝,2024-11-27,6162
00919,群益台灣精選高息,247,0,247,中國信託-忠孝,2024-11-27,6162
00688L,國泰20年美債正2,221,1,220,中國信託-忠孝,2024-11-27,6162
2812,台中銀,184,3,181,中國信託-忠孝,2024-11-27,6162
2820,華票,150,1,149,中國信託-忠孝,2024-11-27,6162
2317,鴻海,150,45,105,中國信託-忠孝,2024-11-27,6162
00680L,元大美債20正2,100,0,100,中國信託-忠孝,2024-11-27,6162
4763,材料-KY,100,6,94,中國信託-忠孝,2024-11-27,6162
00940,元大台灣價值高息,90,0,90,中國信託-忠孝,2024-11-27,6162
9105,泰金寶-DR,243,162,81,中國信託-忠孝,2024-11-27,6162
1718,中纖,81,2,79,中國信託-忠孝,2024-11-27,6162
1417,嘉裕,79,0,79,中國信託-忠孝,2024-11-27,6162
2303,聯電,84,6,78,中國信託-忠孝,2024-11-27,6162
00646,元大S＆P500,77,0,77,中國信託-忠孝,2024-11-27,6162
9945,潤泰新,72,0,72,中國信託-忠孝,2024-11-27,6162
00929,復華台灣科技優息,89,19,70,中國信託-忠孝,2024-11-27,6162
6141,柏承,69,0,69,中國信託-忠孝,2024-11-27,6162
00959B,大華投等美債15Y+,100,32,68,中國信託-忠孝,2024-11-27,6162
3056,富華新,106,44,62,中國信託-忠孝,2024-11-27,6162
1536,和大,168,110,58,中國信託-忠孝,2024-11-27,6162
5522,遠雄,55,1,54,中國信託-忠孝,2024-11-27,6162
2312,金寶,221,173,48,中國信託-忠孝,2024-11-27,6162
2330,台積電,48,0,48,中國信託-忠孝,2024-11-27,6162
2498,宏達電,108,61,47,中國信託-忠孝,2024-11-27,6162
3481,群創,53,10,43,中國信託-忠孝,2024-11-27,6162
006208,富邦台50,42,0,42,中國信託-忠孝,2024-11-27,6162
6177,達麗,41,0,41,中國信託-忠孝,2024-11-27,6162
00915,凱基優選高股息30,40,4,36,中國信託-忠孝,2024-11-27,6162
2014,中鴻,32,0,32,中國信託-忠孝,2024-11-27,6162
3533,嘉澤,32,0,32,中國信託-忠孝,2024-11-27,6162
3597,映興,36,4,32,中國信託-忠孝,2024-11-27,6162
8046,南電,30,0,30,中國信託-忠孝,2024-11-27,6162
00887,永豐中國科技50大,27,0,27,中國信託-忠孝,2024-11-27,6162
3230,錦明,31,4,27,中國信託-忠孝,2024-11-27,6162
5202,力新,29,2,27,中國信託-忠孝,2024-11-27,6162
3231,緯創,179,152,27,中國信託-忠孝,2024-11-27,6162
2603,長榮,58,31,27,中國信託-忠孝,2024-11-27,6162
4927,泰鼎-KY,31,5,26,中國信託-忠孝,2024-11-27,6162
3338,泰碩,26,0,26,中國信託-忠孝,2024-11-27,6162
2344,華邦電,25,0,25,中國信託-忠孝,2024-11-27,6162
00905,FT臺灣Smart,25,1,24,中國信託-忠孝,2024-11-27,6162
00912,中信臺灣智慧50,24,0,24,中國信託-忠孝,2024-11-27,6162
2891,中信金,23,0,23,中國信託-忠孝,2024-11-27,6162
2834,臺企銀,23,0,23,中國信託-忠孝,2024-11-27,6162
1528,恩德,25,2,23,中國信託-忠孝,2024-11-27,6162
00922,國泰台灣領袖50,20,0,20,中國信託-忠孝,2024-11-27,6162
9917,中保科,20,0,20,中國信託-忠孝,2024-11-27,6162
00959B,大華投等美債15Y+,405,31,374,中國信託-忠孝,2024-11-28,6162
00878,國泰永續高股息,414,43,371,中國信託-忠孝,2024-11-28,6162
00919,群益台灣精選高息,204,11,193,中國信託-忠孝,2024-11-28,6162
2885,元大金,180,2,178,中國信託-忠孝,2024-11-28,6162
2886,兆豐金,178,0,178,中國信託-忠孝,2024-11-28,6162
2312,金寶,216,67,149,中國信託-忠孝,2024-11-28,6162
00929,復華台灣科技優息,142,6,136,中國信託-忠孝,2024-11-28,6162
0056,元大高股息,132,2,130,中國信託-忠孝,2024-11-28,6162
3231,緯創,101,18,83,中國信託-忠孝,2024-11-28,6162
4991,環宇-KY,154,78,76,中國信託-忠孝,2024-11-28,6162
1815,富喬,240,174,66,中國信託-忠孝,2024-11-28,6162
00940,元大台灣價值高息,79,16,63,中國信託-忠孝,2024-11-28,6162
5353,台林,55,10,45,中國信託-忠孝,2024-11-28,6162
3591,艾笛森,48,10,38,中國信託-忠孝,2024-11-28,6162
00665L,富邦�琤肭磪囓�2,42,8,34,中國信託-忠孝,2024-11-28,6162
2883,凱基金,34,1,33,中國信託-忠孝,2024-11-28,6162
1417,嘉裕,33,0,33,中國信託-忠孝,2024-11-28,6162
2812,台中銀,34,1,33,中國信託-忠孝,2024-11-28,6162
4763,材料-KY,37,5,32,中國信託-忠孝,2024-11-28,6162
4971,IET-KY,44,13,31,中國信託-忠孝,2024-11-28,6162
2442,新美齊,31,0,31,中國信託-忠孝,2024-11-28,6162
006208,富邦台50,32,2,30,中國信託-忠孝,2024-11-28,6162
2610,華航,31,1,30,中國信託-忠孝,2024-11-28,6162
5244,弘凱,30,0,30,中國信託-忠孝,2024-11-28,6162
00713,元大台灣高息低波,29,1,28,中國信託-忠孝,2024-11-28,6162
00753L,中信中國50正2,542,514,28,中國信託-忠孝,2024-11-28,6162
2332,友訊,66,38,28,中國信託-忠孝,2024-11-28,6162
00918,大華優利高填息30,26,0,26,中國信託-忠孝,2024-11-28,6162
00915,凱基優選高股息30,27,1,26,中國信託-忠孝,2024-11-28,6162
3432,台端,25,0,25,中國信託-忠孝,2024-11-28,6162
00946,群益科技高息成長,25,0,25,中國信託-忠孝,2024-11-28,6162
3323,加百裕,210,185,25,中國信託-忠孝,2024-11-28,6162
2303,聯電,40,17,23,中國信託-忠孝,2024-11-28,6162
00646,元大S＆P500,24,2,22,中國信託-忠孝,2024-11-28,6162
4510,高鋒,327,305,22,中國信託-忠孝,2024-11-28,6162
00669R,國泰美國道瓊反1,22,0,22,中國信託-忠孝,2024-11-28,6162
0050,元大台灣50,32,11,21,中國信託-忠孝,2024-11-28,6162
1536,和大,45,24,21,中國信託-忠孝,2024-11-28,6162
2444,兆勁,20,0,20,中國信託-忠孝,2024-11-28,6162
2104,國際中橡,20,0,20,中國信託-忠孝,2024-11-28,6162
00953B,群益優選非投等債,20,0,20,中國信託-忠孝,2024-11-28,6162
5439,高技,24,5,19,中國信託-忠孝,2024-11-28,6162
6156,松上,38,20,18,中國信託-忠孝,2024-11-28,6162
2392,正崴,72,55,17,中國信託-忠孝,2024-11-28,6162
2070,精湛,123,107,16,中國信託-忠孝,2024-11-28,6162
00939,統一台灣高息動能,15,0,15,中國信託-忠孝,2024-11-28,6162
2330,台積電,20,5,15,中國信託-忠孝,2024-11-28,6162
00932,兆豐永續高息等權,14,0,14,中國信託-忠孝,2024-11-28,6162
2426,鼎元,284,270,14,中國信託-忠孝,2024-11-28,6162
2449,京元電子,18,4,14,中國信託-忠孝,2024-11-28,6162
00953B,群益優選非投等債,826,0,826,中國信託-忠孝,2024-11-29,6162
00950B,凱基A級公司債,785,0,785,中國信託-忠孝,2024-11-29,6162
2101,南港,504,8,496,中國信託-忠孝,2024-11-29,6162
2886,兆豐金,335,0,335,中國信託-忠孝,2024-11-29,6162
00933B,國泰10Y+金融債,428,148,280,中國信託-忠孝,2024-11-29,6162
2882,國泰金,189,0,189,中國信託-忠孝,2024-11-29,6162
2885,元大金,145,0,145,中國信託-忠孝,2024-11-29,6162
2392,正崴,192,59,133,中國信託-忠孝,2024-11-29,6162
5880,合庫金,102,0,102,中國信託-忠孝,2024-11-29,6162
00878,國泰永續高股息,97,10,87,中國信託-忠孝,2024-11-29,6162
1301,台塑,87,1,86,中國信託-忠孝,2024-11-29,6162
00919,群益台灣精選高息,83,0,83,中國信託-忠孝,2024-11-29,6162
2883,凱基金,80,1,79,中國信託-忠孝,2024-11-29,6162
3706,神達,296,224,72,中國信託-忠孝,2024-11-29,6162
00915,凱基優選高股息30,71,12,59,中國信託-忠孝,2024-11-29,6162
0056,元大高股息,78,20,58,中國信託-忠孝,2024-11-29,6162
1536,和大,215,158,57,中國信託-忠孝,2024-11-29,6162
4991,環宇-KY,79,27,52,中國信託-忠孝,2024-11-29,6162
6505,台塑化,49,0,49,中國信託-忠孝,2024-11-29,6162
4127,天良,52,3,49,中國信託-忠孝,2024-11-29,6162
2303,聯電,57,8,49,中國信託-忠孝,2024-11-29,6162
4510,高鋒,161,117,44,中國信託-忠孝,2024-11-29,6162
2891,中信金,48,6,42,中國信託-忠孝,2024-11-29,6162
2332,友訊,111,72,39,中國信託-忠孝,2024-11-29,6162
00679B,元大美債20年,43,5,38,中國信託-忠孝,2024-11-29,6162
2888,新光金,37,0,37,中國信託-忠孝,2024-11-29,6162
006208,富邦台50,36,0,36,中國信託-忠孝,2024-11-29,6162
2528,皇普,35,0,35,中國信託-忠孝,2024-11-29,6162
00929,復華台灣科技優息,72,42,30,中國信託-忠孝,2024-11-29,6162
6177,達麗,30,0,30,中國信託-忠孝,2024-11-29,6162
00688L,國泰20年美債正2,50,20,30,中國信託-忠孝,2024-11-29,6162
00665L,富邦�琤肭磪囓�2,44,16,28,中國信託-忠孝,2024-11-29,6162
4763,材料-KY,32,4,28,中國信託-忠孝,2024-11-29,6162
5301,寶得利,28,0,28,中國信託-忠孝,2024-11-29,6162
4927,泰鼎-KY,36,10,26,中國信託-忠孝,2024-11-29,6162
6962,ITH-KY,24,0,24,中國信託-忠孝,2024-11-29,6162
8163,達方,27,4,23,中國信託-忠孝,2024-11-29,6162
2887,台新金,22,0,22,中國信託-忠孝,2024-11-29,6162
6174,安��,20,0,20,中國信託-忠孝,2024-11-29,6162
3013,晟銘電,79,59,20,中國信託-忠孝,2024-11-29,6162
2371,大同,21,2,19,中國信託-忠孝,2024-11-29,6162
6706,惠特,40,21,19,中國信託-忠孝,2024-11-29,6162
00687B,國泰20年美債,41,22,19,中國信託-忠孝,2024-11-29,6162
3056,富華新,19,1,18,中國信託-忠孝,2024-11-29,6162
2615,萬海,20,3,17,中國信託-忠孝,2024-11-29,6162
2002,中鋼,21,5,16,中國信託-忠孝,2024-11-29,6162
2489,瑞軒,16,0,16,中國信託-忠孝,2024-11-29,6162
2330,台積電,17,2,15,中國信託-忠孝,2024-11-29,6162
3518,柏騰,15,0,15,中國信託-忠孝,2024-11-29,6162
00675L,富邦臺灣加權正2,17,2,15,中國信託-忠孝,2024-11-29,6162
2618,長榮航,662,54,608,中國信託-忠孝,2024-12-02,6162
2101,南港,524,13,511,中國信託-忠孝,2024-12-02,6162
00959B,大華投等美債15Y+,450,55,395,中國信託-忠孝,2024-12-02,6162
2886,兆豐金,322,8,314,中國信託-忠孝,2024-12-02,6162
9105,泰金寶-DR,227,10,217,中國信託-忠孝,2024-12-02,6162
00753L,中信中國50正2,699,498,201,中國信託-忠孝,2024-12-02,6162
00950B,凱基A級公司債,192,0,192,中國信託-忠孝,2024-12-02,6162
00918,大華優利高填息30,131,10,121,中國信託-忠孝,2024-12-02,6162
2542,興富發,93,3,90,中國信託-忠孝,2024-12-02,6162
00646,元大S＆P500,81,10,71,中國信託-忠孝,2024-12-02,6162
2392,正崴,169,101,68,中國信託-忠孝,2024-12-02,6162
2302,麗正,60,0,60,中國信託-忠孝,2024-12-02,6162
1438,三地開發,57,0,57,中國信託-忠孝,2024-12-02,6162
4123,晟德,61,7,54,中國信託-忠孝,2024-12-02,6162
2317,鴻海,59,7,52,中國信託-忠孝,2024-12-02,6162
4991,環宇-KY,65,17,48,中國信託-忠孝,2024-12-02,6162
00713,元大台灣高息低波,57,11,46,中國信託-忠孝,2024-12-02,6162
00692,富邦公司治理,46,0,46,中國信託-忠孝,2024-12-02,6162
00878,國泰永續高股息,65,19,46,中國信託-忠孝,2024-12-02,6162
00953B,群益優選非投等債,51,5,46,中國信託-忠孝,2024-12-02,6162
1605,華新,48,5,43,中國信託-忠孝,2024-12-02,6162
2365,昆盈,41,2,39,中國信託-忠孝,2024-12-02,6162
2312,金寶,134,97,37,中國信託-忠孝,2024-12-02,6162
2501,國建,35,0,35,中國信託-忠孝,2024-12-02,6162
8163,達方,32,0,32,中國信託-忠孝,2024-12-02,6162
00915,凱基優選高股息30,51,20,31,中國信託-忠孝,2024-12-02,6162
3680,家登,30,0,30,中國信託-忠孝,2024-12-02,6162
1815,富喬,84,55,29,中國信託-忠孝,2024-12-02,6162
2356,英業達,33,4,29,中國信託-忠孝,2024-12-02,6162
6962,ITH-KY,28,1,27,中國信託-忠孝,2024-12-02,6162
3481,群創,27,1,26,中國信託-忠孝,2024-12-02,6162
00685L,群益臺灣加權正2,30,4,26,中國信託-忠孝,2024-12-02,6162
4510,高鋒,86,61,25,中國信託-忠孝,2024-12-02,6162
2834,臺企銀,31,7,24,中國信託-忠孝,2024-12-02,6162
2615,萬海,27,3,24,中國信託-忠孝,2024-12-02,6162
2337,旺宏,23,0,23,中國信託-忠孝,2024-12-02,6162
3376,新日興,28,5,23,中國信託-忠孝,2024-12-02,6162
4763,材料-KY,27,5,22,中國信託-忠孝,2024-12-02,6162
2354,鴻準,37,16,21,中國信託-忠孝,2024-12-02,6162
6757,台灣虎航,48,28,20,中國信託-忠孝,2024-12-02,6162
4726,永昕,22,3,19,中國信託-忠孝,2024-12-02,6162
00679B,元大美債20年,89,71,18,中國信託-忠孝,2024-12-02,6162
3013,晟銘電,34,16,18,中國信託-忠孝,2024-12-02,6162
1402,遠東新,17,0,17,中國信託-忠孝,2024-12-02,6162
6218,豪勉,17,0,17,中國信託-忠孝,2024-12-02,6162
6715,嘉基,31,15,16,中國信託-忠孝,2024-12-02,6162
0056,元大高股息,23,7,16,中國信託-忠孝,2024-12-02,6162
1301,台塑,21,6,15,中國信託-忠孝,2024-12-02,6162
4147,中裕,20,5,15,中國信託-忠孝,2024-12-02,6162
1569,濱川,16,1,15,中國信託-忠孝,2024-12-02,6162
00950B,凱基A級公司債,947,4,943,中國信託-忠孝,2024-12-03,6162
00919,群益台灣精選高息,485,100,385,中國信託-忠孝,2024-12-03,6162
9105,泰金寶-DR,613,232,381,中國信託-忠孝,2024-12-03,6162
00933B,國泰10Y+金融債,221,17,204,中國信託-忠孝,2024-12-03,6162
00688L,國泰20年美債正2,190,0,190,中國信託-忠孝,2024-12-03,6162
00915,凱基優選高股息30,173,0,173,中國信託-忠孝,2024-12-03,6162
2101,南港,162,2,160,中國信託-忠孝,2024-12-03,6162
00918,大華優利高填息30,170,29,141,中國信託-忠孝,2024-12-03,6162
00753L,中信中國50正2,401,299,102,中國信託-忠孝,2024-12-03,6162
2498,宏達電,147,46,101,中國信託-忠孝,2024-12-03,6162
00953B,群益優選非投等債,80,0,80,中國信託-忠孝,2024-12-03,6162
2834,臺企銀,78,1,77,中國信託-忠孝,2024-12-03,6162
00713,元大台灣高息低波,98,24,74,中國信託-忠孝,2024-12-03,6162
00887,永豐中國科技50大,85,27,58,中國信託-忠孝,2024-12-03,6162
0056,元大高股息,56,5,51,中國信託-忠孝,2024-12-03,6162
00664R,國泰臺灣加權反1,50,0,50,中國信託-忠孝,2024-12-03,6162
4939,亞電,145,95,50,中國信託-忠孝,2024-12-03,6162
2603,長榮,56,12,44,中國信託-忠孝,2024-12-03,6162
1522,堤維西,43,0,43,中國信託-忠孝,2024-12-03,6162
2301,光寶科,47,5,42,中國信託-忠孝,2024-12-03,6162
2618,長榮航,170,135,35,中國信託-忠孝,2024-12-03,6162
1438,三地開發,34,0,34,中國信託-忠孝,2024-12-03,6162
2312,金寶,56,24,32,中國信託-忠孝,2024-12-03,6162
2891,中信金,44,13,31,中國信託-忠孝,2024-12-03,6162
3363,上詮,31,2,29,中國信託-忠孝,2024-12-03,6162
00946,群益科技高息成長,32,3,29,中國信託-忠孝,2024-12-03,6162
4303,信立,71,43,28,中國信託-忠孝,2024-12-03,6162
2382,廣達,30,4,26,中國信託-忠孝,2024-12-03,6162
00650L,復華香港正2,25,0,25,中國信託-忠孝,2024-12-03,6162
00830,國泰費城半導體,25,0,25,中國信託-忠孝,2024-12-03,6162
1524,耿鼎,35,11,24,中國信託-忠孝,2024-12-03,6162
6104,創惟,44,20,24,中國信託-忠孝,2024-12-03,6162
2317,鴻海,35,12,23,中國信託-忠孝,2024-12-03,6162
3490,單井,22,0,22,中國信託-忠孝,2024-12-03,6162
2851,中再保,22,0,22,中國信託-忠孝,2024-12-03,6162
3592,瑞鼎,21,0,21,中國信託-忠孝,2024-12-03,6162
2465,麗臺,22,1,21,中國信託-忠孝,2024-12-03,6162
9958,世紀鋼,25,4,21,中國信託-忠孝,2024-12-03,6162
2630,亞航,23,3,20,中國信託-忠孝,2024-12-03,6162
4763,材料-KY,27,8,19,中國信託-忠孝,2024-12-03,6162
3323,加百裕,43,25,18,中國信託-忠孝,2024-12-03,6162
00715L,期街口布蘭特正2,16,0,16,中國信託-忠孝,2024-12-03,6162
3450,聯鈞,49,34,15,中國信託-忠孝,2024-12-03,6162
5481,新華,16,1,15,中國信託-忠孝,2024-12-03,6162
1314,中石化,15,1,14,中國信託-忠孝,2024-12-03,6162
8047,星雲,28,14,14,中國信託-忠孝,2024-12-03,6162
2501,國建,19,5,14,中國信託-忠孝,2024-12-03,6162
006208,富邦台50,25,11,14,中國信託-忠孝,2024-12-03,6162
1536,和大,27,14,13,中國信託-忠孝,2024-12-03,6162
5309,系統電,24,11,13,中國信託-忠孝,2024-12-03,6162
2618,長榮航,651,57,594,中國信託-忠孝,2024-12-04,6162
00706L,期元大S＆P日圓正2,475,1,474,中國信託-忠孝,2024-12-04,6162
2101,南港,437,3,434,中國信託-忠孝,2024-12-04,6162
00933B,國泰10Y+金融債,177,10,167,中國信託-忠孝,2024-12-04,6162
00953B,群益優選非投等債,130,0,130,中國信託-忠孝,2024-12-04,6162
9105,泰金寶-DR,141,20,121,中國信託-忠孝,2024-12-04,6162
00919,群益台灣精選高息,130,22,108,中國信託-忠孝,2024-12-04,6162
2399,映泰,101,4,97,中國信託-忠孝,2024-12-04,6162
00918,大華優利高填息30,86,0,86,中國信託-忠孝,2024-12-04,6162
00679B,元大美債20年,88,15,73,中國信託-忠孝,2024-12-04,6162
00687B,國泰20年美債,101,32,69,中國信託-忠孝,2024-12-04,6162
00959B,大華投等美債15Y+,65,0,65,中國信託-忠孝,2024-12-04,6162
00680L,元大美債20正2,110,47,63,中國信託-忠孝,2024-12-04,6162
2834,臺企銀,62,1,61,中國信託-忠孝,2024-12-04,6162
00950B,凱基A級公司債,57,0,57,中國信託-忠孝,2024-12-04,6162
00937B,群益ESG投等債20,103,46,57,中國信託-忠孝,2024-12-04,6162
2401,凌陽,53,5,48,中國信託-忠孝,2024-12-04,6162
2891,中信金,56,11,45,中國信託-忠孝,2024-12-04,6162
2375,凱美,45,5,40,中國信託-忠孝,2024-12-04,6162
4533,協易機,38,0,38,中國信託-忠孝,2024-12-04,6162
00795B,中信美國公債20年,39,3,36,中國信託-忠孝,2024-12-04,6162
3363,上詮,30,3,27,中國信託-忠孝,2024-12-04,6162
0056,元大高股息,30,3,27,中國信託-忠孝,2024-12-04,6162
3013,晟銘電,32,6,26,中國信託-忠孝,2024-12-04,6162
00713,元大台灣高息低波,32,7,25,中國信託-忠孝,2024-12-04,6162
1438,三地開發,25,0,25,中國信託-忠孝,2024-12-04,6162
00712,復華富時不動產,33,9,24,中國信託-忠孝,2024-12-04,6162
2610,華航,77,55,22,中國信託-忠孝,2024-12-04,6162
4763,材料-KY,31,9,22,中國信託-忠孝,2024-12-04,6162
2344,華邦電,21,0,21,中國信託-忠孝,2024-12-04,6162
3594,磐儀,21,0,21,中國信託-忠孝,2024-12-04,6162
6669,緯穎,24,4,20,中國信託-忠孝,2024-12-04,6162
1742,台蠟,20,0,20,中國信託-忠孝,2024-12-04,6162
6168,宏齊,20,0,20,中國信託-忠孝,2024-12-04,6162
2354,鴻準,39,20,19,中國信託-忠孝,2024-12-04,6162
2646,星宇航空,24,5,19,中國信託-忠孝,2024-12-04,6162
5244,弘凱,79,60,19,中國信託-忠孝,2024-12-04,6162
00915,凱基優選高股息30,18,0,18,中國信託-忠孝,2024-12-04,6162
6530,創威,78,61,17,中國信託-忠孝,2024-12-04,6162
6173,信昌電,21,4,17,中國信託-忠孝,2024-12-04,6162
2382,廣達,40,23,17,中國信託-忠孝,2024-12-04,6162
3032,偉訓,27,12,15,中國信託-忠孝,2024-12-04,6162
4303,信立,27,12,15,中國信託-忠孝,2024-12-04,6162
3591,艾笛森,47,32,15,中國信託-忠孝,2024-12-04,6162
3694,海華,17,2,15,中國信託-忠孝,2024-12-04,6162
3706,神達,221,206,15,中國信託-忠孝,2024-12-04,6162
00830,國泰費城半導體,14,0,14,中國信託-忠孝,2024-12-04,6162
2345,智邦,23,9,14,中國信託-忠孝,2024-12-04,6162
2501,國建,23,10,13,中國信託-忠孝,2024-12-04,6162
3040,遠見,13,0,13,中國信託-忠孝,2024-12-04,6162
00953B,群益優選非投等債,2367,0,2367,中國信託-忠孝,2024-12-05,6162
00665L,富邦�琤肭磪囓�2,1185,0,1185,中國信託-忠孝,2024-12-05,6162
2820,華票,565,0,565,中國信託-忠孝,2024-12-05,6162
00676R,富邦臺灣加權反1,200,0,200,中國信託-忠孝,2024-12-05,6162
2354,鴻準,356,193,163,中國信託-忠孝,2024-12-05,6162
3078,僑威,106,2,104,中國信託-忠孝,2024-12-05,6162
1605,華新,101,3,98,中國信託-忠孝,2024-12-05,6162
1718,中纖,94,0,94,中國信託-忠孝,2024-12-05,6162
00909,國泰數位支付服務,115,22,93,中國信託-忠孝,2024-12-05,6162
2368,金像電,104,18,86,中國信託-忠孝,2024-12-05,6162
00712,復華富時不動產,70,0,70,中國信託-忠孝,2024-12-05,6162
2312,金寶,116,51,65,中國信託-忠孝,2024-12-05,6162
1438,三地開發,55,0,55,中國信託-忠孝,2024-12-05,6162
00664R,國泰臺灣加權反1,54,0,54,中國信託-忠孝,2024-12-05,6162
4763,材料-KY,61,13,48,中國信託-忠孝,2024-12-05,6162
2303,聯電,49,6,43,中國信託-忠孝,2024-12-05,6162
00757,統一FANG+,44,1,43,中國信託-忠孝,2024-12-05,6162
4303,信立,70,28,42,中國信託-忠孝,2024-12-05,6162
5328,華容,78,38,40,中國信託-忠孝,2024-12-05,6162
2834,臺企銀,38,0,38,中國信託-忠孝,2024-12-05,6162
3419,譁裕,38,0,38,中國信託-忠孝,2024-12-05,6162
2317,鴻海,42,8,34,中國信託-忠孝,2024-12-05,6162
00830,國泰費城半導體,33,0,33,中國信託-忠孝,2024-12-05,6162
3363,上詮,35,3,32,中國信託-忠孝,2024-12-05,6162
2809,京城銀,30,0,30,中國信託-忠孝,2024-12-05,6162
2630,亞航,32,3,29,中國信託-忠孝,2024-12-05,6162
3323,加百裕,156,127,29,中國信託-忠孝,2024-12-05,6162
6438,迅得,29,1,28,中國信託-忠孝,2024-12-05,6162
2375,凱美,77,52,25,中國信託-忠孝,2024-12-05,6162
00915,凱基優選高股息30,22,0,22,中國信託-忠孝,2024-12-05,6162
6505,台塑化,21,0,21,中國信託-忠孝,2024-12-05,6162
2891,中信金,26,5,21,中國信託-忠孝,2024-12-05,6162
3090,日電貿,66,47,19,中國信託-忠孝,2024-12-05,6162
3317,尼克森,23,4,19,中國信託-忠孝,2024-12-05,6162
3380,明泰,22,3,19,中國信託-忠孝,2024-12-05,6162
3043,科風,20,1,19,中國信託-忠孝,2024-12-05,6162
2520,冠德,33,16,17,中國信託-忠孝,2024-12-05,6162
3013,晟銘電,21,5,16,中國信託-忠孝,2024-12-05,6162
00878,國泰永續高股息,54,38,16,中國信託-忠孝,2024-12-05,6162
00715L,期街口布蘭特正2,16,0,16,中國信託-忠孝,2024-12-05,6162
00950B,凱基A級公司債,16,0,16,中國信託-忠孝,2024-12-05,6162
8042,金山電,96,80,16,中國信託-忠孝,2024-12-05,6162
00933B,國泰10Y+金融債,16,0,16,中國信託-忠孝,2024-12-05,6162
6706,惠特,23,8,15,中國信託-忠孝,2024-12-05,6162
0056,元大高股息,23,8,15,中國信託-忠孝,2024-12-05,6162
2603,長榮,15,1,14,中國信託-忠孝,2024-12-05,6162
8163,達方,14,0,14,中國信託-忠孝,2024-12-05,6162
00926,凱基全球菁英55,14,0,14,中國信託-忠孝,2024-12-05,6162
9958,世紀鋼,16,3,13,中國信託-忠孝,2024-12-05,6162
2501,國建,13,0,13,中國信託-忠孝,2024-12-05,6162
00933B,國泰10Y+金融債,331,2,329,中國信託-忠孝,2024-12-06,6162
2820,華票,357,50,307,中國信託-忠孝,2024-12-06,6162
1815,富喬,266,126,140,中國信託-忠孝,2024-12-06,6162
2528,皇普,126,4,122,中國信託-忠孝,2024-12-06,6162
00715L,期街口布蘭特正2,116,0,116,中國信託-忠孝,2024-12-06,6162
2618,長榮航,115,10,105,中國信託-忠孝,2024-12-06,6162
00919,群益台灣精選高息,97,11,86,中國信託-忠孝,2024-12-06,6162
6962,ITH-KY,78,2,76,中國信託-忠孝,2024-12-06,6162
00909,國泰數位支付服務,72,3,69,中國信託-忠孝,2024-12-06,6162
2536,宏普,68,0,68,中國信託-忠孝,2024-12-06,6162
9105,泰金寶-DR,81,15,66,中國信託-忠孝,2024-12-06,6162
2449,京元電子,62,1,61,中國信託-忠孝,2024-12-06,6162
2101,南港,75,18,57,中國信託-忠孝,2024-12-06,6162
1108,幸福,49,0,49,中國信託-忠孝,2024-12-06,6162
00713,元大台灣高息低波,52,4,48,中國信託-忠孝,2024-12-06,6162
1605,華新,100,55,45,中國信託-忠孝,2024-12-06,6162
2354,鴻準,191,148,43,中國信託-忠孝,2024-12-06,6162
2543,皇昌,37,2,35,中國信託-忠孝,2024-12-06,6162
2891,中信金,51,16,35,中國信託-忠孝,2024-12-06,6162
00953B,群益優選非投等債,34,0,34,中國信託-忠孝,2024-12-06,6162
1504,東元,31,0,31,中國信託-忠孝,2024-12-06,6162
4909,新復興,35,4,31,中國信託-忠孝,2024-12-06,6162
3712,永崴投控,29,2,27,中國信託-忠孝,2024-12-06,6162
5309,系統電,30,5,25,中國信託-忠孝,2024-12-06,6162
1802,台玻,25,0,25,中國信託-忠孝,2024-12-06,6162
2834,臺企銀,25,3,22,中國信託-忠孝,2024-12-06,6162
5284,jpp-KY,38,17,21,中國信託-忠孝,2024-12-06,6162
5426,振發,24,3,21,中國信託-忠孝,2024-12-06,6162
2493,揚博,20,0,20,中國信託-忠孝,2024-12-06,6162
00948B,中信優息投資級債,20,0,20,中國信託-忠孝,2024-12-06,6162
6152,百一,20,0,20,中國信託-忠孝,2024-12-06,6162
2102,泰豐,20,0,20,中國信託-忠孝,2024-12-06,6162
6719,力智,19,0,19,中國信託-忠孝,2024-12-06,6162
8069,元太,25,7,18,中國信託-忠孝,2024-12-06,6162
00905,FT臺灣Smart,20,2,18,中國信託-忠孝,2024-12-06,6162
8107,大億金茂,18,0,18,中國信託-忠孝,2024-12-06,6162
2812,台中銀,17,0,17,中國信託-忠孝,2024-12-06,6162
2610,華航,32,15,17,中國信託-忠孝,2024-12-06,6162
8104,錸寶,18,1,17,中國信託-忠孝,2024-12-06,6162
2501,國建,17,1,16,中國信託-忠孝,2024-12-06,6162
6271,同欣電,26,10,16,中國信託-忠孝,2024-12-06,6162
00712,復華富時不動產,18,2,16,中國信託-忠孝,2024-12-06,6162
1595,川寶,50,35,15,中國信託-忠孝,2024-12-06,6162
2317,鴻海,42,28,14,中國信託-忠孝,2024-12-06,6162
6558,興能高,40,26,14,中國信託-忠孝,2024-12-06,6162
00930,永豐ESG低碳高息,15,1,14,中國信託-忠孝,2024-12-06,6162
1303,南亞,17,3,14,中國信託-忠孝,2024-12-06,6162
3230,錦明,27,13,14,中國信託-忠孝,2024-12-06,6162
00915,凱基優選高股息30,13,0,13,中國信託-忠孝,2024-12-06,6162
2534,宏盛,35,22,13,中國信託-忠孝,2024-12-06,6162
00953B,群益優選非投等債,576,0,576,中國信託-忠孝,2024-12-09,6162
00665L,富邦�琤肭磪囓�2,641,165,476,中國信託-忠孝,2024-12-09,6162
2609,陽明,332,151,181,中國信託-忠孝,2024-12-09,6162
00715L,期街口布蘭特正2,108,0,108,中國信託-忠孝,2024-12-09,6162
2536,宏普,107,0,107,中國信託-忠孝,2024-12-09,6162
2820,華票,135,50,85,中國信託-忠孝,2024-12-09,6162
6426,統新,81,1,80,中國信託-忠孝,2024-12-09,6162
6757,台灣虎航,96,21,75,中國信託-忠孝,2024-12-09,6162
2891,中信金,124,61,63,中國信託-忠孝,2024-12-09,6162
00933B,國泰10Y+金融債,61,0,61,中國信託-忠孝,2024-12-09,6162
00757,統一FANG+,59,0,59,中國信託-忠孝,2024-12-09,6162
4763,材料-KY,61,6,55,中國信託-忠孝,2024-12-09,6162
2528,皇普,55,0,55,中國信託-忠孝,2024-12-09,6162
1108,幸福,51,0,51,中國信託-忠孝,2024-12-09,6162
2509,全坤建,51,0,51,中國信託-忠孝,2024-12-09,6162
00671R,富邦NASDAQ反1,50,0,50,中國信託-忠孝,2024-12-09,6162
9103,美德醫療-DR,50,0,50,中國信託-忠孝,2024-12-09,6162
0056,元大高股息,57,8,49,中國信託-忠孝,2024-12-09,6162
6962,ITH-KY,47,0,47,中國信託-忠孝,2024-12-09,6162
3706,神達,201,159,42,中國信託-忠孝,2024-12-09,6162
2317,鴻海,50,12,38,中國信託-忠孝,2024-12-09,6162
1301,台塑,40,3,37,中國信託-忠孝,2024-12-09,6162
5439,高技,42,7,35,中國信託-忠孝,2024-12-09,6162
5309,系統電,35,1,34,中國信託-忠孝,2024-12-09,6162
8261,富鼎,51,17,34,中國信託-忠孝,2024-12-09,6162
00951,台新日本半導體,32,0,32,中國信託-忠孝,2024-12-09,6162
1718,中纖,31,0,31,中國信託-忠孝,2024-12-09,6162
00915,凱基優選高股息30,31,0,31,中國信託-忠孝,2024-12-09,6162
2324,仁寶,139,109,30,中國信託-忠孝,2024-12-09,6162
00954,中信日本半導體,30,0,30,中國信託-忠孝,2024-12-09,6162
1316,上曜,30,0,30,中國信託-忠孝,2024-12-09,6162
3702,大聯大,30,1,29,中國信託-忠孝,2024-12-09,6162
6592,和潤企業,28,0,28,中國信託-忠孝,2024-12-09,6162
3607,谷崧,28,1,27,中國信託-忠孝,2024-12-09,6162
6288,聯嘉,27,0,27,中國信託-忠孝,2024-12-09,6162
00713,元大台灣高息低波,42,15,27,中國信託-忠孝,2024-12-09,6162
2230,泰茂,26,0,26,中國信託-忠孝,2024-12-09,6162
00642U,期元大S＆P石油,25,0,25,中國信託-忠孝,2024-12-09,6162
3481,群創,24,0,24,中國信託-忠孝,2024-12-09,6162
2834,臺企銀,25,2,23,中國信託-忠孝,2024-12-09,6162
3090,日電貿,25,2,23,中國信託-忠孝,2024-12-09,6162
4931,新盛力,36,14,22,中國信託-忠孝,2024-12-09,6162
2061,風青,20,0,20,中國信託-忠孝,2024-12-09,6162
2049,上銀,20,0,20,中國信託-忠孝,2024-12-09,6162
2534,宏盛,29,10,19,中國信託-忠孝,2024-12-09,6162
1815,富喬,156,137,19,中國信託-忠孝,2024-12-09,6162
6451,訊芯-KY,60,41,19,中國信託-忠孝,2024-12-09,6162
00919,群益台灣精選高息,76,57,19,中國信託-忠孝,2024-12-09,6162
2337,旺宏,19,1,18,中國信託-忠孝,2024-12-09,6162
2409,友達,16,0,16,中國信託-忠孝,2024-12-09,6162
00637L,元大滬深300正2,1291,453,838,中國信託-忠孝,2024-12-10,6162
2547,日勝生,660,0,660,中國信託-忠孝,2024-12-10,6162
2886,兆豐金,460,0,460,中國信託-忠孝,2024-12-10,6162
00753L,中信中國50正2,405,69,336,中國信託-忠孝,2024-12-10,6162
00918,大華優利高填息30,118,0,118,中國信託-忠孝,2024-12-10,6162
1438,三地開發,114,0,114,中國信託-忠孝,2024-12-10,6162
2820,華票,110,0,110,中國信託-忠孝,2024-12-10,6162
2812,台中銀,105,0,105,中國信託-忠孝,2024-12-10,6162
00933B,國泰10Y+金融債,99,0,99,中國信託-忠孝,2024-12-10,6162
00713,元大台灣高息低波,97,1,96,中國信託-忠孝,2024-12-10,6162
0056,元大高股息,94,5,89,中國信託-忠孝,2024-12-10,6162
3481,群創,114,25,89,中國信託-忠孝,2024-12-10,6162
00687B,國泰20年美債,100,15,85,中國信託-忠孝,2024-12-10,6162
2317,鴻海,94,18,76,中國信託-忠孝,2024-12-10,6162
006208,富邦台50,75,4,71,中國信託-忠孝,2024-12-10,6162
3030,德律,67,0,67,中國信託-忠孝,2024-12-10,6162
00878,國泰永續高股息,75,10,65,中國信託-忠孝,2024-12-10,6162
2883,凱基金,101,37,64,中國信託-忠孝,2024-12-10,6162
00665L,富邦�琤肭磪囓�2,289,227,62,中國信託-忠孝,2024-12-10,6162
2534,宏盛,60,0,60,中國信託-忠孝,2024-12-10,6162
3231,緯創,57,2,55,中國信託-忠孝,2024-12-10,6162
2329,華泰,56,5,51,中國信託-忠孝,2024-12-10,6162
6426,統新,50,0,50,中國信託-忠孝,2024-12-10,6162
4726,永昕,50,1,49,中國信託-忠孝,2024-12-10,6162
00751B,元大AAA至A公司債,44,0,44,中國信託-忠孝,2024-12-10,6162
1536,和大,44,0,44,中國信託-忠孝,2024-12-10,6162
2609,陽明,114,74,40,中國信託-忠孝,2024-12-10,6162
00680L,元大美債20正2,40,0,40,中國信託-忠孝,2024-12-10,6162
2618,長榮航,51,12,39,中國信託-忠孝,2024-12-10,6162
4763,材料-KY,46,8,38,中國信託-忠孝,2024-12-10,6162
00795B,中信美國公債20年,37,2,35,中國信託-忠孝,2024-12-10,6162
3535,晶彩科,38,3,35,中國信託-忠孝,2024-12-10,6162
3189,景碩,54,24,30,中國信託-忠孝,2024-12-10,6162
6550,北極星藥業-KY,30,0,30,中國信託-忠孝,2024-12-10,6162
2528,皇普,29,0,29,中國信託-忠孝,2024-12-10,6162
2401,凌陽,30,2,28,中國信託-忠孝,2024-12-10,6162
00953B,群益優選非投等債,26,0,26,中國信託-忠孝,2024-12-10,6162
3605,宏致,26,0,26,中國信託-忠孝,2024-12-10,6162
6269,台郡,23,0,23,中國信託-忠孝,2024-12-10,6162
5439,高技,22,1,21,中國信託-忠孝,2024-12-10,6162
2501,國建,21,0,21,中國信託-忠孝,2024-12-10,6162
3702,大聯大,20,0,20,中國信託-忠孝,2024-12-10,6162
3323,加百裕,26,6,20,中國信託-忠孝,2024-12-10,6162
5364,力麗店,20,0,20,中國信託-忠孝,2024-12-10,6162
00940,元大台灣價值高息,19,0,19,中國信託-忠孝,2024-12-10,6162
1802,台玻,24,5,19,中國信託-忠孝,2024-12-10,6162
2382,廣達,21,3,18,中國信託-忠孝,2024-12-10,6162
4540,全球傳動,18,0,18,中國信託-忠孝,2024-12-10,6162
1815,富喬,203,185,18,中國信託-忠孝,2024-12-10,6162
2312,金寶,53,35,18,中國信託-忠孝,2024-12-10,6162
00637L,元大滬深300正2,818,13,805,中國信託-忠孝,2024-12-11,6162
2812,台中銀,370,16,354,中國信託-忠孝,2024-12-11,6162
00753L,中信中國50正2,1042,719,323,中國信託-忠孝,2024-12-11,6162
00918,大華優利高填息30,176,0,176,中國信託-忠孝,2024-12-11,6162
00919,群益台灣精選高息,173,11,162,中國信託-忠孝,2024-12-11,6162
00933B,國泰10Y+金融債,141,25,116,中國信託-忠孝,2024-12-11,6162
2820,華票,123,10,113,中國信託-忠孝,2024-12-11,6162
2883,凱基金,102,2,100,中國信託-忠孝,2024-12-11,6162
3030,德律,82,20,62,中國信託-忠孝,2024-12-11,6162
00940,元大台灣價值高息,56,0,56,中國信託-忠孝,2024-12-11,6162
2501,國建,52,0,52,中國信託-忠孝,2024-12-11,6162
2344,華邦電,48,4,44,中國信託-忠孝,2024-12-11,6162
00713,元大台灣高息低波,42,0,42,中國信託-忠孝,2024-12-11,6162
2534,宏盛,46,4,42,中國信託-忠孝,2024-12-11,6162
6426,統新,40,0,40,中國信託-忠孝,2024-12-11,6162
2891,中信金,53,14,39,中國信託-忠孝,2024-12-11,6162
00712,復華富時不動產,38,0,38,中國信託-忠孝,2024-12-11,6162
2382,廣達,36,3,33,中國信託-忠孝,2024-12-11,6162
0056,元大高股息,56,27,29,中國信託-忠孝,2024-12-11,6162
4763,材料-KY,40,11,29,中國信託-忠孝,2024-12-11,6162
00665L,富邦�琤肭磪囓�2,29,2,27,中國信託-忠孝,2024-12-11,6162
2886,兆豐金,27,0,27,中國信託-忠孝,2024-12-11,6162
00937B,群益ESG投等債20,33,9,24,中國信託-忠孝,2024-12-11,6162
3231,緯創,24,0,24,中國信託-忠孝,2024-12-11,6162
2303,聯電,25,2,23,中國信託-忠孝,2024-12-11,6162
2312,金寶,182,159,23,中國信託-忠孝,2024-12-11,6162
5426,振發,26,5,21,中國信託-忠孝,2024-12-11,6162
4571,鈞興-KY,21,0,21,中國信託-忠孝,2024-12-11,6162
00662,富邦NASDAQ,23,3,20,中國信託-忠孝,2024-12-11,6162
006208,富邦台50,20,0,20,中國信託-忠孝,2024-12-11,6162
2834,臺企銀,18,0,18,中國信託-忠孝,2024-12-11,6162
2102,泰豐,18,0,18,中國信託-忠孝,2024-12-11,6162
3041,揚智,24,6,18,中國信託-忠孝,2024-12-11,6162
00915,凱基優選高股息30,20,2,18,中國信託-忠孝,2024-12-11,6162
1449,佳和,30,13,17,中國信託-忠孝,2024-12-11,6162
8089,康全電訊,21,4,17,中國信託-忠孝,2024-12-11,6162
00878,國泰永續高股息,64,48,16,中國信託-忠孝,2024-12-11,6162
2615,萬海,26,10,16,中國信託-忠孝,2024-12-11,6162
0050,元大台灣50,25,10,15,中國信託-忠孝,2024-12-11,6162
2388,威盛,18,3,15,中國信託-忠孝,2024-12-11,6162
3419,譁裕,15,0,15,中國信託-忠孝,2024-12-11,6162
2201,裕隆,14,0,14,中國信託-忠孝,2024-12-11,6162
2429,銘旺科,15,1,14,中國信託-忠孝,2024-12-11,6162
00751B,元大AAA至A公司債,14,0,14,中國信託-忠孝,2024-12-11,6162
2104,國際中橡,14,0,14,中國信託-忠孝,2024-12-11,6162
00679B,元大美債20年,74,61,13,中國信託-忠孝,2024-12-11,6162
00830,國泰費城半導體,13,0,13,中國信託-忠孝,2024-12-11,6162
2002,中鋼,13,0,13,中國信託-忠孝,2024-12-11,6162
6770,力積電,13,0,13,中國信託-忠孝,2024-12-11,6162
5443,均豪,13,0,13,中國信託-忠孝,2024-12-11,6162
00937B,群益ESG投等債20,960,70,890,中國信託-忠孝,2024-12-12,6162
00933B,國泰10Y+金融債,198,0,198,中國信託-忠孝,2024-12-12,6162
00637L,元大滬深300正2,204,24,180,中國信託-忠孝,2024-12-12,6162
00665L,富邦�琤肭磪囓�2,568,411,157,中國信託-忠孝,2024-12-12,6162
00919,群益台灣精選高息,144,7,137,中國信託-忠孝,2024-12-12,6162
00915,凱基優選高股息30,137,0,137,中國信託-忠孝,2024-12-12,6162
00688L,國泰20年美債正2,130,0,130,中國信託-忠孝,2024-12-12,6162
00687B,國泰20年美債,170,54,116,中國信託-忠孝,2024-12-12,6162
00948B,中信優息投資級債,142,30,112,中國信託-忠孝,2024-12-12,6162
2312,金寶,168,56,112,中國信託-忠孝,2024-12-12,6162
00713,元大台灣高息低波,102,4,98,中國信託-忠孝,2024-12-12,6162
2820,華票,92,0,92,中國信託-忠孝,2024-12-12,6162
00887,永豐中國科技50大,88,4,84,中國信託-忠孝,2024-12-12,6162
2609,陽明,115,37,78,中國信託-忠孝,2024-12-12,6162
3710,連展投控,72,0,72,中國信託-忠孝,2024-12-12,6162
1220,台榮,70,0,70,中國信託-忠孝,2024-12-12,6162
6770,力積電,70,1,69,中國信託-忠孝,2024-12-12,6162
00918,大華優利高填息30,82,20,62,中國信託-忠孝,2024-12-12,6162
00650L,復華香港正2,67,10,57,中國信託-忠孝,2024-12-12,6162
9105,泰金寶-DR,73,17,56,中國信託-忠孝,2024-12-12,6162
2344,華邦電,77,26,51,中國信託-忠孝,2024-12-12,6162
4991,環宇-KY,67,26,41,中國信託-忠孝,2024-12-12,6162
6535,順藥,41,1,40,中國信託-忠孝,2024-12-12,6162
00878,國泰永續高股息,40,1,39,中國信託-忠孝,2024-12-12,6162
00959B,大華投等美債15Y+,41,2,39,中國信託-忠孝,2024-12-12,6162
2884,玉山金,37,1,36,中國信託-忠孝,2024-12-12,6162
3217,優群,39,4,35,中國信託-忠孝,2024-12-12,6162
4977,眾達-KY,48,15,33,中國信託-忠孝,2024-12-12,6162
00680L,元大美債20正2,32,0,32,中國信託-忠孝,2024-12-12,6162
2317,鴻海,78,46,32,中國信託-忠孝,2024-12-12,6162
00830,國泰費城半導體,31,0,31,中國信託-忠孝,2024-12-12,6162
4903,聯光通,32,4,28,中國信託-忠孝,2024-12-12,6162
00673R,期元大S＆P原油反1,28,0,28,中國信託-忠孝,2024-12-12,6162
00950B,凱基A級公司債,26,0,26,中國信託-忠孝,2024-12-12,6162
2332,友訊,24,0,24,中國信託-忠孝,2024-12-12,6162
00795B,中信美國公債20年,23,0,23,中國信託-忠孝,2024-12-12,6162
4763,材料-KY,27,4,23,中國信託-忠孝,2024-12-12,6162
2886,兆豐金,22,0,22,中國信託-忠孝,2024-12-12,6162
6451,訊芯-KY,34,12,22,中國信託-忠孝,2024-12-12,6162
2543,皇昌,24,3,21,中國信託-忠孝,2024-12-12,6162
2929,淘帝-KY,24,4,20,中國信託-忠孝,2024-12-12,6162
00953B,群益優選非投等債,22,2,20,中國信託-忠孝,2024-12-12,6162
4960,誠美材,20,0,20,中國信託-忠孝,2024-12-12,6162
00891,中信關鍵半導體,20,1,19,中國信託-忠孝,2024-12-12,6162
006208,富邦台50,19,1,18,中國信託-忠孝,2024-12-12,6162
1229,聯華,18,1,17,中國信託-忠孝,2024-12-12,6162
3363,上詮,50,33,17,中國信託-忠孝,2024-12-12,6162
00631L,元大台灣50正2,17,0,17,中國信託-忠孝,2024-12-12,6162
2536,宏普,16,0,16,中國信託-忠孝,2024-12-12,6162
2509,全坤建,15,0,15,中國信託-忠孝,2024-12-12,6162
00753L,中信中國50正2,2503,180,2323,中國信託-忠孝,2024-12-13,6162
00933B,國泰10Y+金融債,665,10,655,中國信託-忠孝,2024-12-13,6162
00637L,元大滬深300正2,497,5,492,中國信託-忠孝,2024-12-13,6162
2883,凱基金,273,17,256,中國信託-忠孝,2024-12-13,6162
00919,群益台灣精選高息,256,28,228,中國信託-忠孝,2024-12-13,6162
00915,凱基優選高股息30,214,6,208,中國信託-忠孝,2024-12-13,6162
00918,大華優利高填息30,170,0,170,中國信託-忠孝,2024-12-13,6162
00878,國泰永續高股息,155,11,144,中國信託-忠孝,2024-12-13,6162
00948B,中信優息投資級債,119,0,119,中國信託-忠孝,2024-12-13,6162
00927,群益半導體收益,110,2,108,中國信託-忠孝,2024-12-13,6162
0056,元大高股息,96,19,77,中國信託-忠孝,2024-12-13,6162
2317,鴻海,115,42,73,中國信託-忠孝,2024-12-13,6162
4991,環宇-KY,90,20,70,中國信託-忠孝,2024-12-13,6162
2855,統一證,69,0,69,中國信託-忠孝,2024-12-13,6162
00713,元大台灣高息低波,69,0,69,中國信託-忠孝,2024-12-13,6162
2501,國建,65,1,64,中國信託-忠孝,2024-12-13,6162
00665L,富邦�琤肭磪囓�2,60,0,60,中國信託-忠孝,2024-12-13,6162
2534,宏盛,72,19,53,中國信託-忠孝,2024-12-13,6162
00687B,國泰20年美債,82,30,52,中國信託-忠孝,2024-12-13,6162
00688L,國泰20年美債正2,45,0,45,中國信託-忠孝,2024-12-13,6162
2547,日勝生,48,5,43,中國信託-忠孝,2024-12-13,6162
00679B,元大美債20年,41,0,41,中國信託-忠孝,2024-12-13,6162
2820,華票,38,0,38,中國信託-忠孝,2024-12-13,6162
1229,聯華,36,2,34,中國信託-忠孝,2024-12-13,6162
4931,新盛力,72,39,33,中國信託-忠孝,2024-12-13,6162
2313,華通,147,115,32,中國信託-忠孝,2024-12-13,6162
2509,全坤建,32,0,32,中國信託-忠孝,2024-12-13,6162
2371,大同,53,23,30,中國信託-忠孝,2024-12-13,6162
00968B,元大優息投等債,30,0,30,中國信託-忠孝,2024-12-13,6162
4960,誠美材,30,0,30,中國信託-忠孝,2024-12-13,6162
6186,新潤,28,0,28,中國信託-忠孝,2024-12-13,6162
2489,瑞軒,27,0,27,中國信託-忠孝,2024-12-13,6162
00751B,元大AAA至A公司債,27,0,27,中國信託-忠孝,2024-12-13,6162
3056,富華新,26,0,26,中國信託-忠孝,2024-12-13,6162
1785,光洋科,39,13,26,中國信託-忠孝,2024-12-13,6162
00930,永豐ESG低碳高息,25,0,25,中國信託-忠孝,2024-12-13,6162
2102,泰豐,22,0,22,中國信託-忠孝,2024-12-13,6162
2885,元大金,23,1,22,中國信託-忠孝,2024-12-13,6162
00795B,中信美國公債20年,20,0,20,中國信託-忠孝,2024-12-13,6162
6220,岳豐,20,0,20,中國信託-忠孝,2024-12-13,6162
00757,統一FANG+,30,10,20,中國信託-忠孝,2024-12-13,6162
2886,兆豐金,21,2,19,中國信託-忠孝,2024-12-13,6162
00646,元大S＆P500,18,0,18,中國信託-忠孝,2024-12-13,6162
6116,彩晶,18,0,18,中國信託-忠孝,2024-12-13,6162
2328,廣宇,24,6,18,中國信託-忠孝,2024-12-13,6162
00922,國泰台灣領袖50,27,10,17,中國信託-忠孝,2024-12-13,6162
2609,陽明,98,81,17,中國信託-忠孝,2024-12-13,6162
00946,群益科技高息成長,16,0,16,中國信託-忠孝,2024-12-13,6162
00950B,凱基A級公司債,16,0,16,中國信託-忠孝,2024-12-13,6162
9945,潤泰新,16,0,16,中國信託-忠孝,2024-12-13,6162
2618,長榮航,1241,3,1238,中國信託-忠孝,2024-12-16,6162
00948B,中信優息投資級債,516,15,501,中國信託-忠孝,2024-12-16,6162
00933B,國泰10Y+金融債,438,0,438,中國信託-忠孝,2024-12-16,6162
00753L,中信中國50正2,412,2,410,中國信託-忠孝,2024-12-16,6162
00937B,群益ESG投等債20,318,20,298,中國信託-忠孝,2024-12-16,6162
00665L,富邦�琤肭磪囓�2,290,2,288,中國信託-忠孝,2024-12-16,6162
00687B,國泰20年美債,284,51,233,中國信託-忠孝,2024-12-16,6162
00918,大華優利高填息30,209,0,209,中國信託-忠孝,2024-12-16,6162
00926,凱基全球菁英55,125,3,122,中國信託-忠孝,2024-12-16,6162
00919,群益台灣精選高息,196,82,114,中國信託-忠孝,2024-12-16,6162
9907,統一實,100,0,100,中國信託-忠孝,2024-12-16,6162
0056,元大高股息,114,29,85,中國信託-忠孝,2024-12-16,6162
00650L,復華香港正2,86,10,76,中國信託-忠孝,2024-12-16,6162
1108,幸福,73,0,73,中國信託-忠孝,2024-12-16,6162
00878,國泰永續高股息,140,67,73,中國信託-忠孝,2024-12-16,6162
2820,華票,65,0,65,中國信託-忠孝,2024-12-16,6162
00679B,元大美債20年,75,15,60,中國信託-忠孝,2024-12-16,6162
00968B,元大優息投等債,56,0,56,中國信託-忠孝,2024-12-16,6162
3231,緯創,77,22,55,中國信託-忠孝,2024-12-16,6162
00953B,群益優選非投等債,58,3,55,中國信託-忠孝,2024-12-16,6162
00945B,凱基美國非投等債,48,0,48,中國信託-忠孝,2024-12-16,6162
6182,合晶,52,12,40,中國信託-忠孝,2024-12-16,6162
8249,菱光,75,35,40,中國信託-忠孝,2024-12-16,6162
2543,皇昌,41,2,39,中國信託-忠孝,2024-12-16,6162
2405,輔信,37,1,36,中國信託-忠孝,2024-12-16,6162
2892,第一金,36,0,36,中國信託-忠孝,2024-12-16,6162
2890,永豐金,35,0,35,中國信託-忠孝,2024-12-16,6162
2383,台光電,45,14,31,中國信託-忠孝,2024-12-16,6162
00795B,中信美國公債20年,26,0,26,中國信託-忠孝,2024-12-16,6162
2882,國泰金,55,29,26,中國信託-忠孝,2024-12-16,6162
6215,和椿,47,21,26,中國信託-忠孝,2024-12-16,6162
3706,神達,125,99,26,中國信託-忠孝,2024-12-16,6162
00751B,元大AAA至A公司債,25,0,25,中國信託-忠孝,2024-12-16,6162
006208,富邦台50,39,16,23,中國信託-忠孝,2024-12-16,6162
2211,長榮鋼,23,1,22,中國信託-忠孝,2024-12-16,6162
1229,聯華,22,0,22,中國信託-忠孝,2024-12-16,6162
3081,聯亞,30,8,22,中國信託-忠孝,2024-12-16,6162
1742,台蠟,21,0,21,中國信託-忠孝,2024-12-16,6162
6186,新潤,21,0,21,中國信託-忠孝,2024-12-16,6162
2363,矽統,30,9,21,中國信託-忠孝,2024-12-16,6162
2317,鴻海,121,101,20,中國信託-忠孝,2024-12-16,6162
1785,光洋科,32,12,20,中國信託-忠孝,2024-12-16,6162
1711,永光,20,0,20,中國信託-忠孝,2024-12-16,6162
3701,大眾控,20,0,20,中國信託-忠孝,2024-12-16,6162
3450,聯鈞,50,31,19,中國信託-忠孝,2024-12-16,6162
2464,盟立,26,7,19,中國信託-忠孝,2024-12-16,6162
00772B,中信高評級公司債,23,5,18,中國信託-忠孝,2024-12-16,6162
2382,廣達,24,6,18,中國信託-忠孝,2024-12-16,6162
1417,嘉裕,16,0,16,中國信託-忠孝,2024-12-16,6162
00637L,元大滬深300正2,16,0,16,中國信託-忠孝,2024-12-16,6162
00937B,群益ESG投等債20,398,5,393,中國信託-忠孝,2024-12-17,6162
00637L,元大滬深300正2,301,1,300,中國信託-忠孝,2024-12-17,6162
00950B,凱基A級公司債,298,0,298,中國信託-忠孝,2024-12-17,6162
9105,泰金寶-DR,411,168,243,中國信託-忠孝,2024-12-17,6162
00933B,國泰10Y+金融債,231,5,226,中國信託-忠孝,2024-12-17,6162
2838,聯邦銀,160,0,160,中國信託-忠孝,2024-12-17,6162
00713,元大台灣高息低波,117,0,117,中國信託-忠孝,2024-12-17,6162
2618,長榮航,123,17,106,中國信託-忠孝,2024-12-17,6162
00931B,統一美債20年,102,0,102,中國信託-忠孝,2024-12-17,6162
00918,大華優利高填息30,130,30,100,中國信託-忠孝,2024-12-17,6162
00915,凱基優選高股息30,90,1,89,中國信託-忠孝,2024-12-17,6162
0056,元大高股息,94,12,82,中國信託-忠孝,2024-12-17,6162
2834,臺企銀,73,0,73,中國信託-忠孝,2024-12-17,6162
8047,星雲,147,82,65,中國信託-忠孝,2024-12-17,6162
00665L,富邦�琤肭磪囓�2,740,677,63,中國信託-忠孝,2024-12-17,6162
5880,合庫金,60,0,60,中國信託-忠孝,2024-12-17,6162
1301,台塑,62,5,57,中國信託-忠孝,2024-12-17,6162
2317,鴻海,71,15,56,中國信託-忠孝,2024-12-17,6162
2303,聯電,151,97,54,中國信託-忠孝,2024-12-17,6162
3030,德律,54,2,52,中國信託-忠孝,2024-12-17,6162
1108,幸福,50,0,50,中國信託-忠孝,2024-12-17,6162
00671R,富邦NASDAQ反1,50,0,50,中國信託-忠孝,2024-12-17,6162
2344,華邦電,100,54,46,中國信託-忠孝,2024-12-17,6162
9945,潤泰新,45,0,45,中國信託-忠孝,2024-12-17,6162
2498,宏達電,43,2,41,中國信託-忠孝,2024-12-17,6162
2820,華票,40,0,40,中國信託-忠孝,2024-12-17,6162
2855,統一證,39,0,39,中國信託-忠孝,2024-12-17,6162
2515,中工,37,1,36,中國信託-忠孝,2024-12-17,6162
2520,冠德,35,1,34,中國信託-忠孝,2024-12-17,6162
1438,三地開發,34,0,34,中國信託-忠孝,2024-12-17,6162
00878,國泰永續高股息,45,11,34,中國信託-忠孝,2024-12-17,6162
2534,宏盛,141,109,32,中國信託-忠孝,2024-12-17,6162
2356,英業達,42,12,30,中國信託-忠孝,2024-12-17,6162
2885,元大金,28,0,28,中國信託-忠孝,2024-12-17,6162
1229,聯華,28,0,28,中國信託-忠孝,2024-12-17,6162
6215,和椿,128,102,26,中國信託-忠孝,2024-12-17,6162
00632R,元大台灣50反1,25,1,24,中國信託-忠孝,2024-12-17,6162
00968B,元大優息投等債,24,0,24,中國信託-忠孝,2024-12-17,6162
2374,佳能,194,170,24,中國信託-忠孝,2024-12-17,6162
5371,中光電,30,7,23,中國信託-忠孝,2024-12-17,6162
00948B,中信優息投資級債,37,15,22,中國信託-忠孝,2024-12-17,6162
3231,緯創,53,31,22,中國信託-忠孝,2024-12-17,6162
2102,泰豐,22,0,22,中國信託-忠孝,2024-12-17,6162
2417,圓剛,22,1,21,中國信託-忠孝,2024-12-17,6162
00687B,國泰20年美債,63,42,21,中國信託-忠孝,2024-12-17,6162
2489,瑞軒,20,0,20,中國信託-忠孝,2024-12-17,6162
00712,復華富時不動產,35,15,20,中國信託-忠孝,2024-12-17,6162
4168,醣聯,19,0,19,中國信託-忠孝,2024-12-17,6162
00751B,元大AAA至A公司債,19,0,19,中國信託-忠孝,2024-12-17,6162
6274,台燿,39,21,18,中國信託-忠孝,2024-12-17,6162
2891,中信金,620,55,565,中國信託-忠孝,2024-12-18,6162
2885,元大金,355,0,355,中國信託-忠孝,2024-12-18,6162
00937B,群益ESG投等債20,345,2,343,中國信託-忠孝,2024-12-18,6162
6757,台灣虎航,263,2,261,中國信託-忠孝,2024-12-18,6162
00918,大華優利高填息30,236,1,235,中國信託-忠孝,2024-12-18,6162
00926,凱基全球菁英55,138,0,138,中國信託-忠孝,2024-12-18,6162
2344,華邦電,203,101,102,中國信託-忠孝,2024-12-18,6162
00919,群益台灣精選高息,171,73,98,中國信託-忠孝,2024-12-18,6162
00933B,國泰10Y+金融債,133,44,89,中國信託-忠孝,2024-12-18,6162
1213,大飲,78,0,78,中國信託-忠孝,2024-12-18,6162
2534,宏盛,70,0,70,中國信託-忠孝,2024-12-18,6162
00740B,富邦全球投等債,87,22,65,中國信託-忠孝,2024-12-18,6162
00900,富邦特選高股息30,119,55,64,中國信託-忠孝,2024-12-18,6162
2820,華票,55,0,55,中國信託-忠孝,2024-12-18,6162
00970B,新光BBB投等債20,53,0,53,中國信託-忠孝,2024-12-18,6162
2611,志信,43,0,43,中國信託-忠孝,2024-12-18,6162
1108,幸福,42,0,42,中國信託-忠孝,2024-12-18,6162
2886,兆豐金,39,0,39,中國信託-忠孝,2024-12-18,6162
4763,材料-KY,46,9,37,中國信託-忠孝,2024-12-18,6162
6558,興能高,71,36,35,中國信託-忠孝,2024-12-18,6162
00713,元大台灣高息低波,36,1,35,中國信託-忠孝,2024-12-18,6162
2884,玉山金,35,1,34,中國信託-忠孝,2024-12-18,6162
00687B,國泰20年美債,31,0,31,中國信託-忠孝,2024-12-18,6162
2609,陽明,56,25,31,中國信託-忠孝,2024-12-18,6162
00915,凱基優選高股息30,31,0,31,中國信託-忠孝,2024-12-18,6162
00948B,中信優息投資級債,60,30,30,中國信託-忠孝,2024-12-18,6162
00671R,富邦NASDAQ反1,30,0,30,中國信託-忠孝,2024-12-18,6162
4743,合一,26,0,26,中國信託-忠孝,2024-12-18,6162
4566,時碩工業,26,1,25,中國信託-忠孝,2024-12-18,6162
3689,湧德,35,10,25,中國信託-忠孝,2024-12-18,6162
4979,華星光,34,10,24,中國信託-忠孝,2024-12-18,6162
3189,景碩,22,0,22,中國信託-忠孝,2024-12-18,6162
9958,世紀鋼,51,29,22,中國信託-忠孝,2024-12-18,6162
2317,鴻海,57,35,22,中國信託-忠孝,2024-12-18,6162
3041,揚智,127,106,21,中國信託-忠孝,2024-12-18,6162
2610,華航,32,11,21,中國信託-忠孝,2024-12-18,6162
4540,全球傳動,211,191,20,中國信託-忠孝,2024-12-18,6162
3625,西勝,20,0,20,中國信託-忠孝,2024-12-18,6162
00968B,元大優息投等債,20,0,20,中國信託-忠孝,2024-12-18,6162
1434,福懋,20,0,20,中國信託-忠孝,2024-12-18,6162
3056,富華新,20,0,20,中國信託-忠孝,2024-12-18,6162
4952,凌通,30,10,20,中國信託-忠孝,2024-12-18,6162
1438,三地開發,18,0,18,中國信託-忠孝,2024-12-18,6162
2543,皇昌,17,1,16,中國信託-忠孝,2024-12-18,6162
00965,元大航太防衛科技,16,0,16,中國信託-忠孝,2024-12-18,6162
00632R,元大台灣50反1,16,0,16,中國信託-忠孝,2024-12-18,6162
6134,萬旭,15,0,15,中國信託-忠孝,2024-12-18,6162
2528,皇普,15,0,15,中國信託-忠孝,2024-12-18,6162
2356,英業達,26,11,15,中國信託-忠孝,2024-12-18,6162
2883,凱基金,15,1,14,中國信託-忠孝,2024-12-18,6162
00937B,群益ESG投等債20,2066,38,2028,中國信託-忠孝,2024-12-19,6162
2891,中信金,602,32,570,中國信託-忠孝,2024-12-19,6162
00933B,國泰10Y+金融債,524,49,475,中國信託-忠孝,2024-12-19,6162
2885,元大金,337,0,337,中國信託-忠孝,2024-12-19,6162
00753L,中信中國50正2,318,59,259,中國信託-忠孝,2024-12-19,6162
2882,國泰金,183,2,181,中國信託-忠孝,2024-12-19,6162
00687B,國泰20年美債,176,1,175,中國信託-忠孝,2024-12-19,6162
00679B,元大美債20年,183,13,170,中國信託-忠孝,2024-12-19,6162
00948B,中信優息投資級債,195,30,165,中國信託-忠孝,2024-12-19,6162
00712,復華富時不動產,167,5,162,中國信託-忠孝,2024-12-19,6162
00970B,新光BBB投等債20,161,0,161,中國信託-忠孝,2024-12-19,6162
00919,群益台灣精選高息,180,42,138,中國信託-忠孝,2024-12-19,6162
00918,大華優利高填息30,125,0,125,中國信託-忠孝,2024-12-19,6162
00915,凱基優選高股息30,109,0,109,中國信託-忠孝,2024-12-19,6162
2883,凱基金,95,1,94,中國信託-忠孝,2024-12-19,6162
2534,宏盛,76,0,76,中國信託-忠孝,2024-12-19,6162
006208,富邦台50,74,3,71,中國信託-忠孝,2024-12-19,6162
2520,冠德,69,0,69,中國信託-忠孝,2024-12-19,6162
5880,合庫金,57,1,56,中國信託-忠孝,2024-12-19,6162
2881,富邦金,54,1,53,中國信託-忠孝,2024-12-19,6162
2317,鴻海,59,10,49,中國信託-忠孝,2024-12-19,6162
2812,台中銀,47,2,45,中國信託-忠孝,2024-12-19,6162
00922,國泰台灣領袖50,45,0,45,中國信託-忠孝,2024-12-19,6162
00924,復華S＆P500成長,41,0,41,中國信託-忠孝,2024-12-19,6162
0050,元大台灣50,48,8,40,中國信託-忠孝,2024-12-19,6162
2820,華票,40,0,40,中國信託-忠孝,2024-12-19,6162
00713,元大台灣高息低波,45,6,39,中國信託-忠孝,2024-12-19,6162
00830,國泰費城半導體,39,0,39,中國信託-忠孝,2024-12-19,6162
8071,能率網通,42,4,38,中國信託-忠孝,2024-12-19,6162
00955,中信日本商社,37,2,35,中國信託-忠孝,2024-12-19,6162
6869,雲豹能源,42,9,33,中國信託-忠孝,2024-12-19,6162
2887,台新金,33,0,33,中國信託-忠孝,2024-12-19,6162
1417,嘉裕,33,0,33,中國信託-忠孝,2024-12-19,6162
3323,加百裕,57,25,32,中國信託-忠孝,2024-12-19,6162
2834,臺企銀,36,5,31,中國信託-忠孝,2024-12-19,6162
1536,和大,31,0,31,中國信託-忠孝,2024-12-19,6162
00966B,統一ESG投等債15,30,0,30,中國信託-忠孝,2024-12-19,6162
00751B,元大AAA至A公司債,29,0,29,中國信託-忠孝,2024-12-19,6162
3056,富華新,30,1,29,中國信託-忠孝,2024-12-19,6162
1802,台玻,29,0,29,中國信託-忠孝,2024-12-19,6162
2102,泰豐,28,0,28,中國信託-忠孝,2024-12-19,6162
2884,玉山金,30,3,27,中國信託-忠孝,2024-12-19,6162
00688L,國泰20年美債正2,27,0,27,中國信託-忠孝,2024-12-19,6162
0056,元大高股息,36,10,26,中國信託-忠孝,2024-12-19,6162
00950B,凱基A級公司債,26,0,26,中國信託-忠孝,2024-12-19,6162
00909,國泰數位支付服務,25,0,25,中國信託-忠孝,2024-12-19,6162
2303,聯電,42,17,25,中國信託-忠孝,2024-12-19,6162
00968B,元大優息投等債,24,0,24,中國信託-忠孝,2024-12-19,6162
2886,兆豐金,27,4,23,中國信託-忠孝,2024-12-19,6162
3481,群創,29,6,23,中國信託-忠孝,2024-12-19,6162
