Ticker,Name,buy,sell,diff,Branch,Date,Branch_Code
6464,台數科,231,0,231,中國信託-文心,2023-01-03,6164
4167,松瑞藥,115,24,91,中國信託-文心,2023-01-03,6164
00878,國泰永續高股息,92,6,86,中國信託-文心,2023-01-03,6164
4114,健喬,93,25,68,中國信託-文心,2023-01-03,6164
4743,合一,66,5,61,中國信託-文心,2023-01-03,6164
1605,華新,63,23,40,中國信託-文心,2023-01-03,6164
2330,台積電,44,8,36,中國信託-文心,2023-01-03,6164
6609,瀧澤科,35,0,35,中國信託-文心,2023-01-03,6164
00679B,元大美債20年,34,0,34,中國信託-文心,2023-01-03,6164
2317,鴻海,69,35,34,中國信託-文心,2023-01-03,6164
3037,欣興,31,0,31,中國信託-文心,2023-01-03,6164
3050,鈺德,30,0,30,中國信託-文心,2023-01-03,6164
1701,中化,41,11,30,中國信託-文心,2023-01-03,6164
6180,橘子,29,3,26,中國信託-文心,2023-01-03,6164
6271,同欣電,26,0,26,中國信託-文心,2023-01-03,6164
0056,元大高股息,24,3,21,中國信託-文心,2023-01-03,6164
2404,漢唐,22,1,21,中國信託-文心,2023-01-03,6164
2603,長榮,41,21,20,中國信託-文心,2023-01-03,6164
6220,岳豐,20,0,20,中國信託-文心,2023-01-03,6164
00916,國泰全球品牌50,20,0,20,中國信託-文心,2023-01-03,6164
2610,華航,28,11,17,中國信託-文心,2023-01-03,6164
2441,超豐,15,0,15,中國信託-文心,2023-01-03,6164
00753L,中信中國50正2,34,19,15,中國信託-文心,2023-01-03,6164
2601,益航,14,0,14,中國信託-文心,2023-01-03,6164
5907,大洋-KY,14,0,14,中國信託-文心,2023-01-03,6164
2609,陽明,98,85,13,中國信託-文心,2023-01-03,6164
2031,新光鋼,16,3,13,中國信託-文心,2023-01-03,6164
00751B,元大AAA至A公司債,13,0,13,中國信託-文心,2023-01-03,6164
8112,至上,12,0,12,中國信託-文心,2023-01-03,6164
2009,第一銅,14,2,12,中國信託-文心,2023-01-03,6164
6142,友勁,11,0,11,中國信託-文心,2023-01-03,6164
2727,王品,11,0,11,中國信託-文心,2023-01-03,6164
2886,兆豐金,17,7,10,中國信託-文心,2023-01-03,6164
2349,錸德,10,0,10,中國信託-文心,2023-01-03,6164
1514,亞力,17,7,10,中國信託-文心,2023-01-03,6164
3042,晶技,10,0,10,中國信託-文心,2023-01-03,6164
6015,宏遠證,10,0,10,中國信託-文心,2023-01-03,6164
5704,老爺知,11,1,10,中國信託-文心,2023-01-03,6164
006208,富邦台50,9,0,9,中國信託-文心,2023-01-03,6164
1707,葡萄王,11,2,9,中國信託-文心,2023-01-03,6164
2615,萬海,24,16,8,中國信託-文心,2023-01-03,6164
00720B,元大投資級公司債,17,9,8,中國信託-文心,2023-01-03,6164
3231,緯創,7,0,7,中國信託-文心,2023-01-03,6164
2611,志信,7,0,7,中國信託-文心,2023-01-03,6164
2812,台中銀,10,3,7,中國信託-文心,2023-01-03,6164
00680L,元大美債20正2,7,0,7,中國信託-文心,2023-01-03,6164
6153,嘉聯益,9,2,7,中國信託-文心,2023-01-03,6164
1783,和康生,10,3,7,中國信託-文心,2023-01-03,6164
00673R,期元大S＆P原油反1,7,0,7,中國信託-文心,2023-01-03,6164
2885,元大金,7,1,6,中國信託-文心,2023-01-03,6164
6464,台數科,522,27,495,中國信託-文心,2023-01-04,6164
00666R,富邦�琤肭磪齯�1,240,0,240,中國信託-文心,2023-01-04,6164
2317,鴻海,105,2,103,中國信託-文心,2023-01-04,6164
1519,華城,84,25,59,中國信託-文心,2023-01-04,6164
00701,國泰股利精選30,60,1,59,中國信託-文心,2023-01-04,6164
2002,中鋼,59,1,58,中國信託-文心,2023-01-04,6164
3712,永崴投控,53,2,51,中國信託-文心,2023-01-04,6164
4743,合一,55,6,49,中國信託-文心,2023-01-04,6164
00772B,中信高評級公司債,48,0,48,中國信託-文心,2023-01-04,6164
2884,玉山金,43,1,42,中國信託-文心,2023-01-04,6164
00650L,復華香港正2,46,11,35,中國信託-文心,2023-01-04,6164
00893,國泰智能電動車,31,0,31,中國信託-文心,2023-01-04,6164
2609,陽明,33,7,26,中國信託-文心,2023-01-04,6164
2617,台航,26,1,25,中國信託-文心,2023-01-04,6164
1701,中化,31,6,25,中國信託-文心,2023-01-04,6164
1722,台肥,22,0,22,中國信託-文心,2023-01-04,6164
2511,太子,50,30,20,中國信託-文心,2023-01-04,6164
2404,漢唐,20,0,20,中國信託-文心,2023-01-04,6164
4167,松瑞藥,22,4,18,中國信託-文心,2023-01-04,6164
00665L,富邦�琤肭磪囓�2,35,18,17,中國信託-文心,2023-01-04,6164
00715L,期街口布蘭特正2,16,0,16,中國信託-文心,2023-01-04,6164
2458,義隆,16,0,16,中國信託-文心,2023-01-04,6164
2634,漢翔,16,1,15,中國信託-文心,2023-01-04,6164
00902,中信電池及儲能,14,1,13,中國信託-文心,2023-01-04,6164
4114,健喬,23,10,13,中國信託-文心,2023-01-04,6164
6104,創惟,20,7,13,中國信託-文心,2023-01-04,6164
00631L,元大台灣50正2,13,0,13,中國信託-文心,2023-01-04,6164
2886,兆豐金,12,0,12,中國信託-文心,2023-01-04,6164
2368,金像電,22,10,12,中國信託-文心,2023-01-04,6164
2601,益航,13,1,12,中國信託-文心,2023-01-04,6164
1618,合機,27,15,12,中國信託-文心,2023-01-04,6164
2637,慧洋-KY,26,14,12,中國信託-文心,2023-01-04,6164
8261,富鼎,24,12,12,中國信託-文心,2023-01-04,6164
00882,中信中國高股息,14,3,11,中國信託-文心,2023-01-04,6164
00916,國泰全球品牌50,11,0,11,中國信託-文心,2023-01-04,6164
2498,宏達電,49,39,10,中國信託-文心,2023-01-04,6164
6609,瀧澤科,10,0,10,中國信託-文心,2023-01-04,6164
3508,位速,12,2,10,中國信託-文心,2023-01-04,6164
1314,中石化,10,0,10,中國信託-文心,2023-01-04,6164
1752,南光,48,38,10,中國信託-文心,2023-01-04,6164
3535,晶彩科,10,0,10,中國信託-文心,2023-01-04,6164
6804,明係,10,0,10,中國信託-文心,2023-01-04,6164
4106,雃博,10,1,9,中國信託-文心,2023-01-04,6164
00891,中信關鍵半導體,10,1,9,中國信託-文心,2023-01-04,6164
3680,家登,9,0,9,中國信託-文心,2023-01-04,6164
1795,美時,20,12,8,中國信託-文心,2023-01-04,6164
1101,台泥,8,0,8,中國信託-文心,2023-01-04,6164
3576,聯合再生,9,1,8,中國信託-文心,2023-01-04,6164
3515,華擎,18,10,8,中國信託-文心,2023-01-04,6164
8016,矽創,11,3,8,中國信託-文心,2023-01-04,6164
2610,華航,330,9,321,中國信託-文心,2023-01-05,6164
6464,台數科,230,1,229,中國信託-文心,2023-01-05,6164
00715L,期街口布蘭特正2,108,0,108,中國信託-文心,2023-01-05,6164
1444,力麗,102,0,102,中國信託-文心,2023-01-05,6164
00891,中信關鍵半導體,101,0,101,中國信託-文心,2023-01-05,6164
3047,訊舟,100,0,100,中國信託-文心,2023-01-05,6164
5309,系統電,70,4,66,中國信託-文心,2023-01-05,6164
5351,鈺創,72,10,62,中國信託-文心,2023-01-05,6164
00666R,富邦�琤肭磪齯�1,62,0,62,中國信託-文心,2023-01-05,6164
2105,正新,50,0,50,中國信託-文心,2023-01-05,6164
4102,永日,60,10,50,中國信託-文心,2023-01-05,6164
5353,台林,50,0,50,中國信託-文心,2023-01-05,6164
2511,太子,41,1,40,中國信託-文心,2023-01-05,6164
00665L,富邦�琤肭磪囓�2,46,11,35,中國信託-文心,2023-01-05,6164
8932,智通*,32,0,32,中國信託-文心,2023-01-05,6164
00680L,元大美債20正2,32,0,32,中國信託-文心,2023-01-05,6164
2317,鴻海,42,11,31,中國信託-文心,2023-01-05,6164
2404,漢唐,30,0,30,中國信託-文心,2023-01-05,6164
00676R,富邦臺灣加權反1,30,0,30,中國信託-文心,2023-01-05,6164
00878,國泰永續高股息,74,44,30,中國信託-文心,2023-01-05,6164
1529,樂事綠能,49,20,29,中國信託-文心,2023-01-05,6164
2208,台船,38,10,28,中國信託-文心,2023-01-05,6164
4114,健喬,40,16,24,中國信託-文心,2023-01-05,6164
3432,台端,25,1,24,中國信託-文心,2023-01-05,6164
6180,橘子,46,23,23,中國信託-文心,2023-01-05,6164
4171,瑞基,23,2,21,中國信託-文心,2023-01-05,6164
5701,劍湖山,20,0,20,中國信託-文心,2023-01-05,6164
5907,大洋-KY,39,19,20,中國信託-文心,2023-01-05,6164
2313,華通,19,0,19,中國信託-文心,2023-01-05,6164
6443,元晶,19,0,19,中國信託-文心,2023-01-05,6164
8069,元太,50,32,18,中國信託-文心,2023-01-05,6164
2704,國賓,18,0,18,中國信託-文心,2023-01-05,6164
00882,中信中國高股息,24,7,17,中國信託-文心,2023-01-05,6164
00885,富邦越南,17,1,16,中國信託-文心,2023-01-05,6164
3011,今皓,15,0,15,中國信託-文心,2023-01-05,6164
1701,中化,32,17,15,中國信託-文心,2023-01-05,6164
2634,漢翔,55,42,13,中國信託-文心,2023-01-05,6164
1504,東元,14,1,13,中國信託-文心,2023-01-05,6164
2609,陽明,25,12,13,中國信託-文心,2023-01-05,6164
00752,中信中國50,40,27,13,中國信託-文心,2023-01-05,6164
3037,欣興,112,101,11,中國信託-文心,2023-01-05,6164
1722,台肥,11,0,11,中國信託-文心,2023-01-05,6164
2867,三商壽,11,0,11,中國信託-文心,2023-01-05,6164
4162,智擎,38,28,10,中國信託-文心,2023-01-05,6164
2889,國票金,11,1,10,中國信託-文心,2023-01-05,6164
00679B,元大美債20年,11,1,10,中國信託-文心,2023-01-05,6164
4130,健亞,16,6,10,中國信託-文心,2023-01-05,6164
3356,奇偶,11,1,10,中國信託-文心,2023-01-05,6164
2601,益航,10,0,10,中國信託-文心,2023-01-05,6164
6441,廣錠,10,0,10,中國信託-文心,2023-01-05,6164
00632R,元大台灣50反1,637,17,620,中國信託-文心,2023-01-06,6164
6464,台數科,405,5,400,中國信託-文心,2023-01-06,6164
2610,華航,221,6,215,中國信託-文心,2023-01-06,6164
1701,中化,119,4,115,中國信託-文心,2023-01-06,6164
4167,松瑞藥,135,28,107,中國信託-文心,2023-01-06,6164
2498,宏達電,58,19,39,中國信託-文心,2023-01-06,6164
00720B,元大投資級公司債,38,3,35,中國信託-文心,2023-01-06,6164
2511,太子,52,20,32,中國信託-文心,2023-01-06,6164
00676R,富邦臺灣加權反1,33,2,31,中國信託-文心,2023-01-06,6164
2330,台積電,39,9,30,中國信託-文心,2023-01-06,6164
00680L,元大美債20正2,28,0,28,中國信託-文心,2023-01-06,6164
4114,健喬,87,59,28,中國信託-文心,2023-01-06,6164
1909,榮成,25,1,24,中國信託-文心,2023-01-06,6164
4931,新盛力,20,1,19,中國信託-文心,2023-01-06,6164
6180,橘子,33,14,19,中國信託-文心,2023-01-06,6164
1101,台泥,18,0,18,中國信託-文心,2023-01-06,6164
1529,樂事綠能,31,14,17,中國信託-文心,2023-01-06,6164
1519,華城,41,25,16,中國信託-文心,2023-01-06,6164
00893,國泰智能電動車,16,0,16,中國信託-文心,2023-01-06,6164
2748,雲品,39,24,15,中國信託-文心,2023-01-06,6164
1783,和康生,19,5,14,中國信託-文心,2023-01-06,6164
00916,國泰全球品牌50,11,0,11,中國信託-文心,2023-01-06,6164
5388,中磊,10,0,10,中國信託-文心,2023-01-06,6164
2634,漢翔,10,0,10,中國信託-文心,2023-01-06,6164
1817,凱撒衛,10,0,10,中國信託-文心,2023-01-06,6164
6609,瀧澤科,10,0,10,中國信託-文心,2023-01-06,6164
4161,聿新科,10,0,10,中國信託-文心,2023-01-06,6164
8112,至上,10,0,10,中國信託-文心,2023-01-06,6164
2884,玉山金,16,6,10,中國信託-文心,2023-01-06,6164
2637,慧洋-KY,10,1,9,中國信託-文心,2023-01-06,6164
2208,台船,10,1,9,中國信託-文心,2023-01-06,6164
2031,新光鋼,11,2,9,中國信託-文心,2023-01-06,6164
4943,康控-KY,10,1,9,中國信託-文心,2023-01-06,6164
00895,富邦未來車,9,0,9,中國信託-文心,2023-01-06,6164
5475,德宏,10,1,9,中國信託-文心,2023-01-06,6164
4977,眾達-KY,10,1,9,中國信託-文心,2023-01-06,6164
9935,慶豐富,8,0,8,中國信託-文心,2023-01-06,6164
4563,百德,11,3,8,中國信託-文心,2023-01-06,6164
3260,威剛,10,3,7,中國信託-文心,2023-01-06,6164
00679B,元大美債20年,7,0,7,中國信託-文心,2023-01-06,6164
6235,華孚,7,0,7,中國信託-文心,2023-01-06,6164
2107,厚生,7,0,7,中國信託-文心,2023-01-06,6164
3162,精確,7,0,7,中國信託-文心,2023-01-06,6164
1810,和成,11,4,7,中國信託-文心,2023-01-06,6164
8171,天宇,32,25,7,中國信託-文心,2023-01-06,6164
1712,興農,6,0,6,中國信託-文心,2023-01-06,6164
00706L,期元大S＆P日圓正2,6,0,6,中國信託-文心,2023-01-06,6164
5704,老爺知,7,1,6,中國信託-文心,2023-01-06,6164
6589,台康生技,19,13,6,中國信託-文心,2023-01-06,6164
6603,富強鑫,6,0,6,中國信託-文心,2023-01-06,6164
2317,鴻海,65,8,57,中國信託-文心,2023-01-09,6164
4114,健喬,67,28,39,中國信託-文心,2023-01-09,6164
1216,統一,40,2,38,中國信託-文心,2023-01-09,6164
00720B,元大投資級公司債,36,0,36,中國信託-文心,2023-01-09,6164
2603,長榮,49,21,28,中國信託-文心,2023-01-09,6164
2027,大成鋼,30,2,28,中國信託-文心,2023-01-09,6164
3013,晟銘電,30,4,26,中國信託-文心,2023-01-09,6164
6220,岳豐,26,1,25,中國信託-文心,2023-01-09,6164
00679B,元大美債20年,35,11,24,中國信託-文心,2023-01-09,6164
00666R,富邦�琤肭磪齯�1,22,0,22,中國信託-文心,2023-01-09,6164
1536,和大,21,0,21,中國信託-文心,2023-01-09,6164
00893,國泰智能電動車,31,11,20,中國信託-文心,2023-01-09,6164
3479,安勤,22,2,20,中國信託-文心,2023-01-09,6164
1605,華新,148,128,20,中國信託-文心,2023-01-09,6164
00902,中信電池及儲能,22,3,19,中國信託-文心,2023-01-09,6164
3624,光頡,21,3,18,中國信託-文心,2023-01-09,6164
00715L,期街口布蘭特正2,17,1,16,中國信託-文心,2023-01-09,6164
6129,普誠,50,34,16,中國信託-文心,2023-01-09,6164
6789,采鈺,25,12,13,中國信託-文心,2023-01-09,6164
3356,奇偶,28,17,11,中國信託-文心,2023-01-09,6164
3162,精確,13,2,11,中國信託-文心,2023-01-09,6164
2349,錸德,11,0,11,中國信託-文心,2023-01-09,6164
6609,瀧澤科,11,2,9,中國信託-文心,2023-01-09,6164
4906,正文,9,0,9,中國信託-文心,2023-01-09,6164
2472,立隆電,9,1,8,中國信託-文心,2023-01-09,6164
4977,眾達-KY,13,5,8,中國信託-文心,2023-01-09,6164
2230,泰茂,35,27,8,中國信託-文心,2023-01-09,6164
3484,崧騰,8,0,8,中國信託-文心,2023-01-09,6164
8069,元太,30,23,7,中國信託-文心,2023-01-09,6164
2618,長榮航,23,16,7,中國信託-文心,2023-01-09,6164
3206,志豐,8,1,7,中國信託-文心,2023-01-09,6164
8091,翔名,7,0,7,中國信託-文心,2023-01-09,6164
1417,嘉裕,7,1,6,中國信託-文心,2023-01-09,6164
2614,東森,10,4,6,中國信託-文心,2023-01-09,6164
4147,中裕,6,0,6,中國信託-文心,2023-01-09,6164
3169,亞信,6,0,6,中國信託-文心,2023-01-09,6164
5388,中磊,6,0,6,中國信託-文心,2023-01-09,6164
3141,晶宏,13,7,6,中國信託-文心,2023-01-09,6164
2208,台船,6,0,6,中國信託-文心,2023-01-09,6164
3576,聯合再生,6,0,6,中國信託-文心,2023-01-09,6164
2338,光罩,24,19,5,中國信託-文心,2023-01-09,6164
00671R,富邦NASDAQ反1,5,0,5,中國信託-文心,2023-01-09,6164
3535,晶彩科,5,0,5,中國信託-文心,2023-01-09,6164
5905,南仁湖,5,0,5,中國信託-文心,2023-01-09,6164
1432,大魯閣,5,0,5,中國信託-文心,2023-01-09,6164
4513,福裕,5,0,5,中國信託-文心,2023-01-09,6164
1217,愛之味,5,0,5,中國信託-文心,2023-01-09,6164
4566,時碩工業,5,0,5,中國信託-文心,2023-01-09,6164
3707,漢磊,6,1,5,中國信託-文心,2023-01-09,6164
1503,士電,5,0,5,中國信託-文心,2023-01-09,6164
00632R,元大台灣50反1,1469,349,1120,中國信託-文心,2023-01-10,6164
00885,富邦越南,180,3,177,中國信託-文心,2023-01-10,6164
2201,裕隆,75,32,43,中國信託-文心,2023-01-10,6164
3011,今皓,40,0,40,中國信託-文心,2023-01-10,6164
2916,滿心,34,3,31,中國信託-文心,2023-01-10,6164
2409,友達,40,13,27,中國信託-文心,2023-01-10,6164
6443,元晶,47,22,25,中國信託-文心,2023-01-10,6164
1474,弘裕,22,0,22,中國信託-文心,2023-01-10,6164
2062,橋椿,22,1,21,中國信託-文心,2023-01-10,6164
00679B,元大美債20年,22,1,21,中國信託-文心,2023-01-10,6164
3685,元創精密,21,1,20,中國信託-文心,2023-01-10,6164
3515,華擎,24,4,20,中國信託-文心,2023-01-10,6164
00680L,元大美債20正2,39,20,19,中國信託-文心,2023-01-10,6164
5347,世界,21,4,17,中國信託-文心,2023-01-10,6164
2812,台中銀,18,2,16,中國信託-文心,2023-01-10,6164
00715L,期街口布蘭特正2,16,0,16,中國信託-文心,2023-01-10,6164
1736,喬山,26,10,16,中國信託-文心,2023-01-10,6164
3037,欣興,66,51,15,中國信託-文心,2023-01-10,6164
2882,國泰金,19,4,15,中國信託-文心,2023-01-10,6164
2884,玉山金,15,0,15,中國信託-文心,2023-01-10,6164
1708,東鹼,14,0,14,中國信託-文心,2023-01-10,6164
3128,昇銳,37,23,14,中國信託-文心,2023-01-10,6164
2028,威致,14,0,14,中國信託-文心,2023-01-10,6164
3013,晟銘電,32,19,13,中國信託-文心,2023-01-10,6164
2482,連宇,27,14,13,中國信託-文心,2023-01-10,6164
2367,燿華,13,1,12,中國信託-文心,2023-01-10,6164
3362,先進光,13,1,12,中國信託-文心,2023-01-10,6164
5907,大洋-KY,12,0,12,中國信託-文心,2023-01-10,6164
1319,東陽,12,0,12,中國信託-文心,2023-01-10,6164
1795,美時,23,11,12,中國信託-文心,2023-01-10,6164
3576,聯合再生,14,3,11,中國信託-文心,2023-01-10,6164
2885,元大金,17,7,10,中國信託-文心,2023-01-10,6164
8050,廣積,10,0,10,中國信託-文心,2023-01-10,6164
4552,力達-KY,10,0,10,中國信託-文心,2023-01-10,6164
2617,台航,10,0,10,中國信託-文心,2023-01-10,6164
020034,元大IC設計N,10,0,10,中國信託-文心,2023-01-10,6164
5353,台林,10,0,10,中國信託-文心,2023-01-10,6164
00751B,元大AAA至A公司債,10,0,10,中國信託-文心,2023-01-10,6164
3521,鴻翊,10,0,10,中國信託-文心,2023-01-10,6164
6156,松上,10,0,10,中國信託-文心,2023-01-10,6164
9105,泰金寶-DR,10,0,10,中國信託-文心,2023-01-10,6164
2886,兆豐金,11,2,9,中國信託-文心,2023-01-10,6164
1760,寶齡富錦,11,2,9,中國信託-文心,2023-01-10,6164
6609,瀧澤科,14,5,9,中國信託-文心,2023-01-10,6164
3580,友威科,11,2,9,中國信託-文心,2023-01-10,6164
2883B,凱基金乙特,9,0,9,中國信託-文心,2023-01-10,6164
00882,中信中國高股息,12,3,9,中國信託-文心,2023-01-10,6164
4114,健喬,32,23,9,中國信託-文心,2023-01-10,6164
3479,安勤,13,4,9,中國信託-文心,2023-01-10,6164
8081,致新,8,0,8,中國信託-文心,2023-01-10,6164
2610,華航,510,37,473,中國信託-文心,2023-01-11,6164
00632R,元大台灣50反1,493,33,460,中國信託-文心,2023-01-11,6164
3041,揚智,66,0,66,中國信託-文心,2023-01-11,6164
2618,長榮航,178,122,56,中國信託-文心,2023-01-11,6164
00666R,富邦�琤肭磪齯�1,52,0,52,中國信託-文心,2023-01-11,6164
00715L,期街口布蘭特正2,51,1,50,中國信託-文心,2023-01-11,6164
3062,建漢,46,1,45,中國信託-文心,2023-01-11,6164
6806,森崴能源,40,1,39,中國信託-文心,2023-01-11,6164
3515,華擎,38,1,37,中國信託-文心,2023-01-11,6164
6609,瀧澤科,36,4,32,中國信託-文心,2023-01-11,6164
6188,廣明,31,0,31,中國信託-文心,2023-01-11,6164
2867,三商壽,30,0,30,中國信託-文心,2023-01-11,6164
2027,大成鋼,29,0,29,中國信託-文心,2023-01-11,6164
2883,凱基金,28,2,26,中國信託-文心,2023-01-11,6164
2201,裕隆,53,27,26,中國信託-文心,2023-01-11,6164
3704,合勤控,46,23,23,中國信託-文心,2023-01-11,6164
3508,位速,23,1,22,中國信託-文心,2023-01-11,6164
2468,華經,23,2,21,中國信託-文心,2023-01-11,6164
6288,聯嘉,20,0,20,中國信託-文心,2023-01-11,6164
00670L,富邦NASDAQ正2,21,2,19,中國信託-文心,2023-01-11,6164
00680L,元大美債20正2,20,1,19,中國信託-文心,2023-01-11,6164
2748,雲品,30,12,18,中國信託-文心,2023-01-11,6164
2488,漢平,15,0,15,中國信託-文心,2023-01-11,6164
5347,世界,15,0,15,中國信託-文心,2023-01-11,6164
00642U,期元大S＆P石油,14,0,14,中國信託-文心,2023-01-11,6164
3479,安勤,16,2,14,中國信託-文心,2023-01-11,6164
4979,華星光,64,51,13,中國信託-文心,2023-01-11,6164
2884,玉山金,13,1,12,中國信託-文心,2023-01-11,6164
4904,遠傳,12,0,12,中國信託-文心,2023-01-11,6164
2881,富邦金,14,2,12,中國信託-文心,2023-01-11,6164
5907,大洋-KY,11,0,11,中國信託-文心,2023-01-11,6164
1529,樂事綠能,37,26,11,中國信託-文心,2023-01-11,6164
2436,偉詮電,11,1,10,中國信託-文心,2023-01-11,6164
00919,群益台灣精選高息,11,1,10,中國信託-文心,2023-01-11,6164
8222,寶一,32,22,10,中國信託-文心,2023-01-11,6164
2457,飛宏,12,2,10,中國信託-文心,2023-01-11,6164
2206,三陽工業,10,0,10,中國信託-文心,2023-01-11,6164
2462,良得電,10,0,10,中國信託-文心,2023-01-11,6164
3580,友威科,10,0,10,中國信託-文心,2023-01-11,6164
6124,業強,15,5,10,中國信託-文心,2023-01-11,6164
2348,海悅,9,0,9,中國信託-文心,2023-01-11,6164
00882,中信中國高股息,9,0,9,中國信託-文心,2023-01-11,6164
00720B,元大投資級公司債,8,0,8,中國信託-文心,2023-01-11,6164
9945,潤泰新,11,3,8,中國信託-文心,2023-01-11,6164
1810,和成,9,1,8,中國信託-文心,2023-01-11,6164
5880,合庫金,7,0,7,中國信託-文心,2023-01-11,6164
00905,FT臺灣Smart,7,0,7,中國信託-文心,2023-01-11,6164
2495,普安,7,0,7,中國信託-文心,2023-01-11,6164
2324,仁寶,7,0,7,中國信託-文心,2023-01-11,6164
2892,第一金,7,0,7,中國信託-文心,2023-01-11,6164
2610,華航,401,3,398,中國信託-文心,2023-01-12,6164
6188,廣明,123,0,123,中國信託-文心,2023-01-12,6164
00673R,期元大S＆P原油反1,116,0,116,中國信託-文心,2023-01-12,6164
00878,國泰永續高股息,103,7,96,中國信託-文心,2023-01-12,6164
2009,第一銅,419,358,61,中國信託-文心,2023-01-12,6164
00882,中信中國高股息,51,0,51,中國信託-文心,2023-01-12,6164
2603,長榮,50,0,50,中國信託-文心,2023-01-12,6164
2892,第一金,50,1,49,中國信託-文心,2023-01-12,6164
5321,美而快,54,13,41,中國信託-文心,2023-01-12,6164
3041,揚智,41,1,40,中國信託-文心,2023-01-12,6164
6288,聯嘉,35,0,35,中國信託-文心,2023-01-12,6164
0056,元大高股息,38,5,33,中國信託-文心,2023-01-12,6164
2887,台新金,34,3,31,中國信託-文心,2023-01-12,6164
3228,金麗科,32,3,29,中國信託-文心,2023-01-12,6164
00772B,中信高評級公司債,26,0,26,中國信託-文心,2023-01-12,6164
00773B,中信優先金融債,25,2,23,中國信託-文心,2023-01-12,6164
00680L,元大美債20正2,22,0,22,中國信託-文心,2023-01-12,6164
2884,玉山金,23,2,21,中國信託-文心,2023-01-12,6164
8932,智通*,21,0,21,中國信託-文心,2023-01-12,6164
5014,建錩,31,10,21,中國信託-文心,2023-01-12,6164
3105,穩懋,28,8,20,中國信託-文心,2023-01-12,6164
2511,太子,20,0,20,中國信託-文心,2023-01-12,6164
8044,網家,21,2,19,中國信託-文心,2023-01-12,6164
6609,瀧澤科,23,4,19,中國信託-文心,2023-01-12,6164
00665L,富邦�琤肭磪囓�2,19,1,18,中國信託-文心,2023-01-12,6164
2317,鴻海,29,12,17,中國信託-文心,2023-01-12,6164
1810,和成,25,8,17,中國信託-文心,2023-01-12,6164
6116,彩晶,17,0,17,中國信託-文心,2023-01-12,6164
4743,合一,21,4,17,中國信託-文心,2023-01-12,6164
1584,精剛,27,11,16,中國信託-文心,2023-01-12,6164
2812,台中銀,16,0,16,中國信託-文心,2023-01-12,6164
2354,鴻準,16,0,16,中國信託-文心,2023-01-12,6164
1605,華新,108,93,15,中國信託-文心,2023-01-12,6164
4919,新唐,22,7,15,中國信託-文心,2023-01-12,6164
3624,光頡,37,24,13,中國信託-文心,2023-01-12,6164
00670L,富邦NASDAQ正2,18,5,13,中國信託-文心,2023-01-12,6164
1718,中纖,12,0,12,中國信託-文心,2023-01-12,6164
2891,中信金,43,31,12,中國信託-文心,2023-01-12,6164
1783,和康生,12,1,11,中國信託-文心,2023-01-12,6164
00919,群益台灣精選高息,11,0,11,中國信託-文心,2023-01-12,6164
4979,華星光,23,12,11,中國信託-文心,2023-01-12,6164
8028,昇陽半導體,13,2,11,中國信託-文心,2023-01-12,6164
8038,長園科,10,0,10,中國信託-文心,2023-01-12,6164
00674R,期元大S＆P黃金反1,10,0,10,中國信託-文心,2023-01-12,6164
00905,FT臺灣Smart,10,0,10,中國信託-文心,2023-01-12,6164
3704,合勤控,18,8,10,中國信託-文心,2023-01-12,6164
2736,富野,10,0,10,中國信託-文心,2023-01-12,6164
2537,聯上發,10,0,10,中國信託-文心,2023-01-12,6164
1612,宏泰,14,4,10,中國信託-文心,2023-01-12,6164
6269,台郡,10,0,10,中國信託-文心,2023-01-12,6164
00905,FT臺灣Smart,302,0,302,中國信託-文心,2023-01-13,6164
00632R,元大台灣50反1,489,372,117,中國信託-文心,2023-01-13,6164
00772B,中信高評級公司債,51,0,51,中國信託-文心,2023-01-13,6164
2468,華經,41,5,36,中國信託-文心,2023-01-13,6164
1783,和康生,57,24,33,中國信託-文心,2023-01-13,6164
2498,宏達電,31,4,27,中國信託-文心,2023-01-13,6164
00674R,期元大S＆P黃金反1,26,0,26,中國信託-文心,2023-01-13,6164
00671R,富邦NASDAQ反1,25,0,25,中國信託-文心,2023-01-13,6164
5353,台林,25,0,25,中國信託-文心,2023-01-13,6164
2313,華通,27,2,25,中國信託-文心,2023-01-13,6164
2891,中信金,27,3,24,中國信託-文心,2023-01-13,6164
2014,中鴻,40,18,22,中國信託-文心,2023-01-13,6164
2031,新光鋼,23,2,21,中國信託-文心,2023-01-13,6164
2420,新巨,21,0,21,中國信託-文心,2023-01-13,6164
2358,廷鑫,41,20,21,中國信託-文心,2023-01-13,6164
2208,台船,21,0,21,中國信託-文心,2023-01-13,6164
2454,聯發科,25,5,20,中國信託-文心,2023-01-13,6164
2537,聯上發,20,0,20,中國信託-文心,2023-01-13,6164
00679B,元大美債20年,21,1,20,中國信託-文心,2023-01-13,6164
6142,友勁,19,0,19,中國信託-文心,2023-01-13,6164
6156,松上,18,0,18,中國信託-文心,2023-01-13,6164
4956,光鋐,15,0,15,中國信託-文心,2023-01-13,6164
00900,富邦特選高股息30,18,3,15,中國信託-文心,2023-01-13,6164
0056,元大高股息,21,6,15,中國信託-文心,2023-01-13,6164
8358,金居,17,2,15,中國信託-文心,2023-01-13,6164
3041,揚智,16,2,14,中國信託-文心,2023-01-13,6164
8932,智通*,14,0,14,中國信託-文心,2023-01-13,6164
1584,精剛,25,12,13,中國信託-文心,2023-01-13,6164
6118,建達,24,11,13,中國信託-文心,2023-01-13,6164
5009,榮剛,15,3,12,中國信託-文心,2023-01-13,6164
00673R,期元大S＆P原油反1,12,0,12,中國信託-文心,2023-01-13,6164
2028,威致,12,1,11,中國信託-文心,2023-01-13,6164
00919,群益台灣精選高息,11,0,11,中國信託-文心,2023-01-13,6164
9907,統一實,10,0,10,中國信託-文心,2023-01-13,6164
2511,太子,35,25,10,中國信託-文心,2023-01-13,6164
00892,富邦台灣半導體,16,6,10,中國信託-文心,2023-01-13,6164
2606,裕民,11,2,9,中國信託-文心,2023-01-13,6164
8926,台汽電,10,1,9,中國信託-文心,2023-01-13,6164
1718,中纖,9,1,8,中國信託-文心,2023-01-13,6164
2371,大同,8,0,8,中國信託-文心,2023-01-13,6164
1786,科妍,10,2,8,中國信託-文心,2023-01-13,6164
3665,貿聯-KY,10,2,8,中國信託-文心,2023-01-13,6164
6288,聯嘉,8,0,8,中國信託-文心,2023-01-13,6164
8442,威宏-KY,8,0,8,中國信託-文心,2023-01-13,6164
00882,中信中國高股息,60,52,8,中國信託-文心,2023-01-13,6164
5871,中租-KY,10,2,8,中國信託-文心,2023-01-13,6164
1609,大亞,7,0,7,中國信託-文心,2023-01-13,6164
6689,伊雲谷,7,0,7,中國信託-文心,2023-01-13,6164
2886,兆豐金,12,5,7,中國信託-文心,2023-01-13,6164
2889,國票金,12,6,6,中國信託-文心,2023-01-13,6164
00680L,元大美債20正2,360,20,340,中國信託-文心,2023-01-16,6164
00673R,期元大S＆P原油反1,179,0,179,中國信託-文心,2023-01-16,6164
00632R,元大台灣50反1,220,53,167,中國信託-文心,2023-01-16,6164
00773B,中信優先金融債,50,0,50,中國信託-文心,2023-01-16,6164
2317,鴻海,54,6,48,中國信託-文心,2023-01-16,6164
2618,長榮航,101,71,30,中國信託-文心,2023-01-16,6164
6120,達運,30,0,30,中國信託-文心,2023-01-16,6164
2034,允強,27,0,27,中國信託-文心,2023-01-16,6164
00882,中信中國高股息,33,11,22,中國信託-文心,2023-01-16,6164
9904,寶成,20,1,19,中國信託-文心,2023-01-16,6164
6770,力積電,31,13,18,中國信託-文心,2023-01-16,6164
00679B,元大美債20年,16,0,16,中國信託-文心,2023-01-16,6164
2889,國票金,21,5,16,中國信託-文心,2023-01-16,6164
00770,國泰北美科技,24,8,16,中國信託-文心,2023-01-16,6164
4162,智擎,18,3,15,中國信託-文心,2023-01-16,6164
2609,陽明,20,4,16,中國信託-文心,2023-01-16,6164
0056,元大高股息,43,28,15,中國信託-文心,2023-01-16,6164
00671R,富邦NASDAQ反1,15,0,15,中國信託-文心,2023-01-16,6164
00740B,富邦全球投等債,15,0,15,中國信託-文心,2023-01-16,6164
1605,華新,25,10,15,中國信託-文心,2023-01-16,6164
1584,精剛,13,0,13,中國信託-文心,2023-01-16,6164
3515,華擎,16,4,12,中國信託-文心,2023-01-16,6164
6118,建達,16,5,11,中國信託-文心,2023-01-16,6164
4167,松瑞藥,11,0,11,中國信託-文心,2023-01-16,6164
6274,台燿,15,4,11,中國信託-文心,2023-01-16,6164
3260,威剛,12,1,11,中國信託-文心,2023-01-16,6164
2882,國泰金,19,8,11,中國信託-文心,2023-01-16,6164
3013,晟銘電,11,1,10,中國信託-文心,2023-01-16,6164
1234,黑松,10,0,10,中國信託-文心,2023-01-16,6164
5347,世界,11,1,10,中國信託-文心,2023-01-16,6164
4956,光鋐,10,0,10,中國信託-文心,2023-01-16,6164
2455,全新,10,0,10,中國信託-文心,2023-01-16,6164
3624,光頡,10,0,10,中國信託-文心,2023-01-16,6164
3011,今皓,10,0,10,中國信託-文心,2023-01-16,6164
4746,台耀,11,1,10,中國信託-文心,2023-01-16,6164
00706L,期元大S＆P日圓正2,9,0,9,中國信託-文心,2023-01-16,6164
00666R,富邦�琤肭磪齯�1,9,0,9,中國信託-文心,2023-01-16,6164
00753L,中信中國50正2,9,1,8,中國信託-文心,2023-01-16,6164
2897,王道銀行,8,0,8,中國信託-文心,2023-01-16,6164
00651R,復華香港反1,8,0,8,中國信託-文心,2023-01-16,6164
2338,光罩,13,5,8,中國信託-文心,2023-01-16,6164
1720,生達,8,1,7,中國信託-文心,2023-01-16,6164
3708,上緯投控,7,0,7,中國信託-文心,2023-01-16,6164
00713,元大台灣高息低波,7,1,6,中國信託-文心,2023-01-16,6164
00892,富邦台灣半導體,12,6,6,中國信託-文心,2023-01-16,6164
00764B,群益25年美債,6,0,6,中國信託-文心,2023-01-16,6164
00795B,中信美國公債20年,6,0,6,中國信託-文心,2023-01-16,6164
00687B,國泰20年美債,6,0,6,中國信託-文心,2023-01-16,6164
9938,百和,7,1,6,中國信託-文心,2023-01-16,6164
4114,健喬,11,6,5,中國信託-文心,2023-01-16,6164
1313,聯成,71,0,71,中國信託-文心,2023-01-17,6164
00680L,元大美債20正2,55,0,55,中國信託-文心,2023-01-17,6164
00905,FT臺灣Smart,52,0,52,中國信託-文心,2023-01-17,6164
00882,中信中國高股息,47,4,43,中國信託-文心,2023-01-17,6164
2201,裕隆,143,104,39,中國信託-文心,2023-01-17,6164
00753L,中信中國50正2,36,0,36,中國信託-文心,2023-01-17,6164
6176,瑞儀,30,0,30,中國信託-文心,2023-01-17,6164
00878,國泰永續高股息,43,16,27,中國信託-文心,2023-01-17,6164
2610,華航,40,14,26,中國信託-文心,2023-01-17,6164
2454,聯發科,20,0,20,中國信託-文心,2023-01-17,6164
2317,鴻海,19,0,19,中國信託-文心,2023-01-17,6164
1467,南緯,14,0,14,中國信託-文心,2023-01-17,6164
3624,光頡,12,0,12,中國信託-文心,2023-01-17,6164
00673R,期元大S＆P原油反1,12,0,12,中國信託-文心,2023-01-17,6164
2884,玉山金,13,1,12,中國信託-文心,2023-01-17,6164
00795B,中信美國公債20年,9,0,9,中國信託-文心,2023-01-17,6164
00720B,元大投資級公司債,9,0,9,中國信託-文心,2023-01-17,6164
3481,群創,21,12,9,中國信託-文心,2023-01-17,6164
1720,生達,8,0,8,中國信託-文心,2023-01-17,6164
4114,健喬,18,10,8,中國信託-文心,2023-01-17,6164
00713,元大台灣高息低波,8,0,8,中國信託-文心,2023-01-17,6164
8171,天宇,31,24,7,中國信託-文心,2023-01-17,6164
6139,亞翔,7,0,7,中國信託-文心,2023-01-17,6164
2542,興富發,8,1,7,中國信託-文心,2023-01-17,6164
3260,威剛,7,0,7,中國信託-文心,2023-01-17,6164
2834,臺企銀,7,0,7,中國信託-文心,2023-01-17,6164
2812,台中銀,7,0,7,中國信託-文心,2023-01-17,6164
2312,金寶,6,0,6,中國信託-文心,2023-01-17,6164
4162,智擎,7,1,6,中國信託-文心,2023-01-17,6164
6541,泰福-KY,6,0,6,中國信託-文心,2023-01-17,6164
00893,國泰智能電動車,14,8,6,中國信託-文心,2023-01-17,6164
00633L,富邦上証正2,6,0,6,中國信託-文心,2023-01-17,6164
1513,中興電,18,12,6,中國信託-文心,2023-01-17,6164
2883,凱基金,35,30,5,中國信託-文心,2023-01-17,6164
00671R,富邦NASDAQ反1,10,5,5,中國信託-文心,2023-01-17,6164
6120,達運,5,0,5,中國信託-文心,2023-01-17,6164
2354,鴻準,5,0,5,中國信託-文心,2023-01-17,6164
00675L,富邦臺灣加權正2,6,1,5,中國信託-文心,2023-01-17,6164
2208,台船,5,0,5,中國信託-文心,2023-01-17,6164
00634R,富邦上証反1,5,0,5,中國信託-文心,2023-01-17,6164
6156,松上,5,0,5,中國信託-文心,2023-01-17,6164
2062,橋椿,5,0,5,中國信託-文心,2023-01-17,6164
8069,元太,10,5,5,中國信託-文心,2023-01-17,6164
6770,力積電,21,16,5,中國信託-文心,2023-01-17,6164
3045,台灣大,4,0,4,中國信託-文心,2023-01-17,6164
0056,元大高股息,6,2,4,中國信託-文心,2023-01-17,6164
4105,東洋,4,0,4,中國信託-文心,2023-01-17,6164
2634,漢翔,10,6,4,中國信託-文心,2023-01-17,6164
2903,遠百,4,0,4,中國信託-文心,2023-01-17,6164
2867,三商壽,5,1,4,中國信託-文心,2023-01-17,6164
1802,台玻,192,0,192,中國信託-文心,2023-01-30,6164
00878,國泰永續高股息,211,50,161,中國信託-文心,2023-01-30,6164
2317,鴻海,125,12,113,中國信託-文心,2023-01-30,6164
00706L,期元大S＆P日圓正2,100,0,100,中國信託-文心,2023-01-30,6164
2323,中環,100,12,88,中國信託-文心,2023-01-30,6164
1216,統一,100,37,63,中國信託-文心,2023-01-30,6164
2834,臺企銀,60,1,59,中國信託-文心,2023-01-30,6164
3038,全台,50,0,50,中國信託-文心,2023-01-30,6164
6451,訊芯-KY,49,1,48,中國信託-文心,2023-01-30,6164
8110,華東,46,2,44,中國信託-文心,2023-01-30,6164
00720B,元大投資級公司債,35,0,35,中國信託-文心,2023-01-30,6164
4114,健喬,38,6,32,中國信託-文心,2023-01-30,6164
2723,美食-KY,32,2,30,中國信託-文心,2023-01-30,6164
2034,允強,32,4,28,中國信託-文心,2023-01-30,6164
00740B,富邦全球投等債,25,0,25,中國信託-文心,2023-01-30,6164
3006,晶豪科,26,3,23,中國信託-文心,2023-01-30,6164
00728,第一金工業30,30,8,22,中國信託-文心,2023-01-30,6164
9904,寶成,26,4,22,中國信託-文心,2023-01-30,6164
6274,台燿,21,1,20,中國信託-文心,2023-01-30,6164
8358,金居,36,16,20,中國信託-文心,2023-01-30,6164
2206,三陽工業,22,3,19,中國信託-文心,2023-01-30,6164
00673R,期元大S＆P原油反1,17,0,17,中國信託-文心,2023-01-30,6164
1529,樂事綠能,23,6,17,中國信託-文心,2023-01-30,6164
4113,聯上,18,1,17,中國信託-文心,2023-01-30,6164
00679B,元大美債20年,16,0,16,中國信託-文心,2023-01-30,6164
1612,宏泰,15,0,15,中國信託-文心,2023-01-30,6164
00671R,富邦NASDAQ反1,15,0,15,中國信託-文心,2023-01-30,6164
00795B,中信美國公債20年,15,0,15,中國信託-文心,2023-01-30,6164
2028,威致,15,1,14,中國信託-文心,2023-01-30,6164
2603,長榮,25,11,14,中國信託-文心,2023-01-30,6164
8069,元太,24,11,13,中國信託-文心,2023-01-30,6164
2354,鴻準,21,8,13,中國信託-文心,2023-01-30,6164
4977,眾達-KY,21,8,13,中國信託-文心,2023-01-30,6164
2889,國票金,12,0,12,中國信託-文心,2023-01-30,6164
3714,富采,14,3,11,中國信託-文心,2023-01-30,6164
00651R,復華香港反1,23,12,11,中國信託-文心,2023-01-30,6164
1514,亞力,12,1,11,中國信託-文心,2023-01-30,6164
5604,中連,10,0,10,中國信託-文心,2023-01-30,6164
1806,冠軍,10,0,10,中國信託-文心,2023-01-30,6164
4111,濟生,10,0,10,中國信託-文心,2023-01-30,6164
6568,宏觀,10,0,10,中國信託-文心,2023-01-30,6164
3141,晶宏,10,0,10,中國信託-文心,2023-01-30,6164
00905,FT臺灣Smart,10,0,10,中國信託-文心,2023-01-30,6164
1506,正道,10,0,10,中國信託-文心,2023-01-30,6164
6796,晉弘,10,0,10,中國信託-文心,2023-01-30,6164
8442,威宏-KY,10,0,10,中國信託-文心,2023-01-30,6164
3189,景碩,11,2,9,中國信託-文心,2023-01-30,6164
1432,大魯閣,10,1,9,中國信託-文心,2023-01-30,6164
00713,元大台灣高息低波,13,5,8,中國信託-文心,2023-01-30,6164
1736,喬山,14,6,8,中國信託-文心,2023-01-30,6164
00878,國泰永續高股息,348,44,304,中國信託-文心,2023-01-31,6164
00632R,元大台灣50反1,410,143,267,中國信託-文心,2023-01-31,6164
00905,FT臺灣Smart,155,1,154,中國信託-文心,2023-01-31,6164
00706L,期元大S＆P日圓正2,104,0,104,中國信託-文心,2023-01-31,6164
2834,臺企銀,60,0,60,中國信託-文心,2023-01-31,6164
2371,大同,60,0,60,中國信託-文心,2023-01-31,6164
4142,國光生,59,3,56,中國信託-文心,2023-01-31,6164
2330,台積電,68,14,54,中國信託-文心,2023-01-31,6164
4128,中天,42,6,36,中國信託-文心,2023-01-31,6164
8222,寶一,43,9,34,中國信託-文心,2023-01-31,6164
8016,矽創,36,3,33,中國信託-文心,2023-01-31,6164
00679B,元大美債20年,31,0,31,中國信託-文心,2023-01-31,6164
2887,台新金,35,5,30,中國信託-文心,2023-01-31,6164
00740B,富邦全球投等債,30,0,30,中國信託-文心,2023-01-31,6164
00676R,富邦臺灣加權反1,30,0,30,中國信託-文心,2023-01-31,6164
5353,台林,31,1,30,中國信託-文心,2023-01-31,6164
3038,全台,29,0,29,中國信託-文心,2023-01-31,6164
2511,太子,49,20,29,中國信託-文心,2023-01-31,6164
3260,威剛,28,0,28,中國信託-文心,2023-01-31,6164
1101,台泥,31,4,27,中國信託-文心,2023-01-31,6164
2892,第一金,26,0,26,中國信託-文心,2023-01-31,6164
00900,富邦特選高股息30,31,6,25,中國信託-文心,2023-01-31,6164
00772B,中信高評級公司債,25,0,25,中國信託-文心,2023-01-31,6164
2891,中信金,24,0,24,中國信託-文心,2023-01-31,6164
2884,玉山金,27,3,24,中國信託-文心,2023-01-31,6164
6550,北極星藥業-KY,33,11,22,中國信託-文心,2023-01-31,6164
4979,華星光,51,29,22,中國信託-文心,2023-01-31,6164
8033,雷虎,22,0,22,中國信託-文心,2023-01-31,6164
2888,新光金,21,0,21,中國信託-文心,2023-01-31,6164
5907,大洋-KY,20,0,20,中國信託-文心,2023-01-31,6164
2886,兆豐金,20,3,17,中國信託-文心,2023-01-31,6164
00665L,富邦�琤肭磪囓�2,19,2,17,中國信託-文心,2023-01-31,6164
6235,華孚,27,10,17,中國信託-文心,2023-01-31,6164
2006,東和鋼鐵,17,0,17,中國信託-文心,2023-01-31,6164
5880,合庫金,18,1,17,中國信託-文心,2023-01-31,6164
2344,華邦電,23,7,16,中國信託-文心,2023-01-31,6164
00795B,中信美國公債20年,15,0,15,中國信託-文心,2023-01-31,6164
006208,富邦台50,17,2,15,中國信託-文心,2023-01-31,6164
1701,中化,14,0,14,中國信託-文心,2023-01-31,6164
00688L,國泰20年美債正2,12,0,12,中國信託-文心,2023-01-31,6164
00895,富邦未來車,16,4,12,中國信託-文心,2023-01-31,6164
00919,群益台灣精選高息,11,0,11,中國信託-文心,2023-01-31,6164
00720B,元大投資級公司債,11,0,11,中國信託-文心,2023-01-31,6164
2002,中鋼,37,26,11,中國信託-文心,2023-01-31,6164
2880,華南金,11,0,11,中國信託-文心,2023-01-31,6164
00916,國泰全球品牌50,10,0,10,中國信託-文心,2023-01-31,6164
6142,友勁,10,0,10,中國信託-文心,2023-01-31,6164
2329,華泰,10,0,10,中國信託-文心,2023-01-31,6164
3682,亞太電,10,0,10,中國信託-文心,2023-01-31,6164
3209,全科,10,0,10,中國信託-文心,2023-01-31,6164
00632R,元大台灣50反1,1381,107,1274,中國信託-文心,2023-02-01,6164
2009,第一銅,199,59,140,中國信託-文心,2023-02-01,6164
00878,國泰永續高股息,161,27,134,中國信託-文心,2023-02-01,6164
1514,亞力,100,0,100,中國信託-文心,2023-02-01,6164
2891,中信金,92,13,79,中國信託-文心,2023-02-01,6164
00637L,元大滬深300正2,74,9,65,中國信託-文心,2023-02-01,6164
2834,臺企銀,60,1,59,中國信託-文心,2023-02-01,6164
1216,統一,50,0,50,中國信託-文心,2023-02-01,6164
2610,華航,71,25,46,中國信託-文心,2023-02-01,6164
2601,益航,40,0,40,中國信託-文心,2023-02-01,6164
2412,中華電,33,0,33,中國信託-文心,2023-02-01,6164
6443,元晶,94,62,32,中國信託-文心,2023-02-01,6164
2883,凱基金,32,1,31,中國信託-文心,2023-02-01,6164
2897,王道銀行,30,0,30,中國信託-文心,2023-02-01,6164
1605,華新,55,25,30,中國信託-文心,2023-02-01,6164
3011,今皓,27,0,27,中國信託-文心,2023-02-01,6164
2454,聯發科,24,0,24,中國信託-文心,2023-02-01,6164
2317,鴻海,32,8,24,中國信託-文心,2023-02-01,6164
00900,富邦特選高股息30,24,2,22,中國信託-文心,2023-02-01,6164
4513,福裕,21,0,21,中國信託-文心,2023-02-01,6164
2618,長榮航,135,114,21,中國信託-文心,2023-02-01,6164
2413,環科,21,2,19,中國信託-文心,2023-02-01,6164
00720B,元大投資級公司債,19,0,19,中國信託-文心,2023-02-01,6164
1609,大亞,32,14,18,中國信託-文心,2023-02-01,6164
6188,廣明,18,0,18,中國信託-文心,2023-02-01,6164
2906,高林,18,1,17,中國信託-文心,2023-02-01,6164
0056,元大高股息,30,13,17,中國信託-文心,2023-02-01,6164
6589,台康生技,18,2,16,中國信託-文心,2023-02-01,6164
9907,統一實,26,10,16,中國信託-文心,2023-02-01,6164
5321,美而快,38,23,15,中國信託-文心,2023-02-01,6164
3703,欣陸,15,0,15,中國信託-文心,2023-02-01,6164
2368,金像電,19,5,14,中國信託-文心,2023-02-01,6164
1701,中化,18,4,14,中國信託-文心,2023-02-01,6164
00882,中信中國高股息,37,23,14,中國信託-文心,2023-02-01,6164
2890,永豐金,17,3,14,中國信託-文心,2023-02-01,6164
2349,錸德,20,7,13,中國信託-文心,2023-02-01,6164
2332,友訊,13,0,13,中國信託-文心,2023-02-01,6164
1809,中釉,17,4,13,中國信託-文心,2023-02-01,6164
3176,基亞,13,0,13,中國信託-文心,2023-02-01,6164
9933,中鼎,12,0,12,中國信託-文心,2023-02-01,6164
5245,智晶,12,0,12,中國信託-文心,2023-02-01,6164
2014,中鴻,47,35,12,中國信託-文心,2023-02-01,6164
1568,倉佑,12,0,12,中國信託-文心,2023-02-01,6164
4930,燦星網,12,0,12,中國信託-文心,2023-02-01,6164
6217,中探針,12,1,11,中國信託-文心,2023-02-01,6164
2851,中再保,11,0,11,中國信託-文心,2023-02-01,6164
8442,威宏-KY,11,0,11,中國信託-文心,2023-02-01,6164
2884,玉山金,16,6,10,中國信託-文心,2023-02-01,6164
2455,全新,12,2,10,中國信託-文心,2023-02-01,6164
5880,合庫金,10,0,10,中國信託-文心,2023-02-01,6164
00878,國泰永續高股息,321,44,277,中國信託-文心,2023-02-02,6164
2891,中信金,116,4,112,中國信託-文心,2023-02-02,6164
2349,錸德,77,10,67,中國信託-文心,2023-02-02,6164
00679B,元大美債20年,60,1,59,中國信託-文心,2023-02-02,6164
2368,金像電,75,20,55,中國信託-文心,2023-02-02,6164
2317,鴻海,61,7,54,中國信託-文心,2023-02-02,6164
3162,精確,61,13,48,中國信託-文心,2023-02-02,6164
2363,矽統,50,2,48,中國信託-文心,2023-02-02,6164
00674R,期元大S＆P黃金反1,45,0,45,中國信託-文心,2023-02-02,6164
8033,雷虎,45,1,44,中國信託-文心,2023-02-02,6164
2601,益航,43,0,43,中國信託-文心,2023-02-02,6164
2634,漢翔,40,0,40,中國信託-文心,2023-02-02,6164
2723,美食-KY,61,24,37,中國信託-文心,2023-02-02,6164
1524,耿鼎,63,28,35,中國信託-文心,2023-02-02,6164
3011,今皓,33,0,33,中國信託-文心,2023-02-02,6164
2610,華航,40,8,32,中國信託-文心,2023-02-02,6164
00751B,元大AAA至A公司債,30,0,30,中國信託-文心,2023-02-02,6164
3419,譁裕,30,0,30,中國信託-文心,2023-02-02,6164
00671R,富邦NASDAQ反1,31,2,29,中國信託-文心,2023-02-02,6164
2888,新光金,28,1,27,中國信託-文心,2023-02-02,6164
6578,達邦蛋白,25,0,25,中國信託-文心,2023-02-02,6164
00772B,中信高評級公司債,24,0,24,中國信託-文心,2023-02-02,6164
00885,富邦越南,39,16,23,中國信託-文心,2023-02-02,6164
2002,中鋼,30,8,22,中國信託-文心,2023-02-02,6164
2897,王道銀行,21,0,21,中國信託-文心,2023-02-02,6164
2618,長榮航,60,39,21,中國信託-文心,2023-02-02,6164
8222,寶一,47,26,21,中國信託-文心,2023-02-02,6164
2468,華經,26,6,20,中國信託-文心,2023-02-02,6164
00720B,元大投資級公司債,21,1,20,中國信託-文心,2023-02-02,6164
6176,瑞儀,20,0,20,中國信託-文心,2023-02-02,6164
00715L,期街口布蘭特正2,20,0,20,中國信託-文心,2023-02-02,6164
6156,松上,20,0,20,中國信託-文心,2023-02-02,6164
1626,艾美特-KY,20,0,20,中國信託-文心,2023-02-02,6164
3041,揚智,18,0,18,中國信託-文心,2023-02-02,6164
00637L,元大滬深300正2,41,23,18,中國信託-文心,2023-02-02,6164
9907,統一實,29,12,17,中國信託-文心,2023-02-02,6164
3105,穩懋,17,0,17,中國信託-文心,2023-02-02,6164
2867,三商壽,16,0,16,中國信託-文心,2023-02-02,6164
4114,健喬,20,4,16,中國信託-文心,2023-02-02,6164
2912,統一超,15,0,15,中國信託-文心,2023-02-02,6164
4164,承業醫,26,11,15,中國信託-文心,2023-02-02,6164
2027,大成鋼,36,21,15,中國信託-文心,2023-02-02,6164
3704,合勤控,40,26,14,中國信託-文心,2023-02-02,6164
1336,台翰,15,1,14,中國信託-文心,2023-02-02,6164
6129,普誠,37,24,13,中國信託-文心,2023-02-02,6164
2884,玉山金,14,1,13,中國信託-文心,2023-02-02,6164
1810,和成,16,4,12,中國信託-文心,2023-02-02,6164
1584,精剛,17,5,12,中國信託-文心,2023-02-02,6164
6770,力積電,33,21,12,中國信託-文心,2023-02-02,6164
2009,第一銅,16,5,11,中國信託-文心,2023-02-02,6164
00878,國泰永續高股息,293,48,245,中國信託-文心,2023-02-03,6164
6182,合晶,135,9,126,中國信託-文心,2023-02-03,6164
00715L,期街口布蘭特正2,117,0,117,中國信託-文心,2023-02-03,6164
00680L,元大美債20正2,111,0,111,中國信託-文心,2023-02-03,6164
2498,宏達電,202,137,65,中國信託-文心,2023-02-03,6164
00882,中信中國高股息,64,0,64,中國信託-文心,2023-02-03,6164
00637L,元大滬深300正2,69,19,50,中國信託-文心,2023-02-03,6164
1216,統一,50,1,49,中國信託-文心,2023-02-03,6164
1229,聯華,40,0,40,中國信託-文心,2023-02-03,6164
5309,系統電,45,6,39,中國信託-文心,2023-02-03,6164
00671R,富邦NASDAQ反1,38,0,38,中國信託-文心,2023-02-03,6164
2610,華航,66,30,36,中國信託-文心,2023-02-03,6164
8024,佑華,39,4,35,中國信託-文心,2023-02-03,6164
2891,中信金,43,11,32,中國信託-文心,2023-02-03,6164
2618,長榮航,52,23,29,中國信託-文心,2023-02-03,6164
2317,鴻海,50,21,29,中國信託-文心,2023-02-03,6164
00679B,元大美債20年,28,0,28,中國信託-文心,2023-02-03,6164
2484,希華,39,11,28,中國信託-文心,2023-02-03,6164
5285,界霖,27,0,27,中國信託-文心,2023-02-03,6164
8932,智通*,26,0,26,中國信託-文心,2023-02-03,6164
1336,台翰,25,0,25,中國信託-文心,2023-02-03,6164
4564,元翎,25,0,25,中國信託-文心,2023-02-03,6164
2002,中鋼,34,10,24,中國信託-文心,2023-02-03,6164
2884,玉山金,22,0,22,中國信託-文心,2023-02-03,6164
3006,晶豪科,23,1,22,中國信託-文心,2023-02-03,6164
00665L,富邦�琤肭磪囓�2,25,4,21,中國信託-文心,2023-02-03,6164
2888,新光金,21,0,21,中國信託-文心,2023-02-03,6164
8215,明基材,25,4,21,中國信託-文心,2023-02-03,6164
2344,華邦電,40,21,19,中國信託-文心,2023-02-03,6164
9907,統一實,20,1,19,中國信託-文心,2023-02-03,6164
3041,揚智,31,13,18,中國信託-文心,2023-02-03,6164
3508,位速,18,0,18,中國信託-文心,2023-02-03,6164
2882,國泰金,17,0,17,中國信託-文心,2023-02-03,6164
6109,亞元,16,0,16,中國信託-文心,2023-02-03,6164
1101,台泥,16,2,14,中國信託-文心,2023-02-03,6164
00900,富邦特選高股息30,24,10,14,中國信託-文心,2023-02-03,6164
3059,華晶科,16,2,14,中國信託-文心,2023-02-03,6164
2881,富邦金,13,1,12,中國信託-文心,2023-02-03,6164
2014,中鴻,12,0,12,中國信託-文心,2023-02-03,6164
8227,巨有科技,15,3,12,中國信託-文心,2023-02-03,6164
3062,建漢,12,0,12,中國信託-文心,2023-02-03,6164
2887,台新金,12,0,12,中國信託-文心,2023-02-03,6164
2885,元大金,11,0,11,中國信託-文心,2023-02-03,6164
8038,長園科,11,0,11,中國信託-文心,2023-02-03,6164
1584,精剛,44,33,11,中國信託-文心,2023-02-03,6164
3207,耀勝,15,4,11,中國信託-文心,2023-02-03,6164
0056,元大高股息,26,15,11,中國信託-文心,2023-02-03,6164
00753L,中信中國50正2,18,8,10,中國信託-文心,2023-02-03,6164
1513,中興電,14,4,10,中國信託-文心,2023-02-03,6164
8050,廣積,11,1,10,中國信託-文心,2023-02-03,6164
00878,國泰永續高股息,363,7,356,中國信託-文心,2023-02-06,6164
2845,遠東銀,140,0,140,中國信託-文心,2023-02-06,6164
00642U,期元大S＆P石油,78,2,76,中國信託-文心,2023-02-06,6164
00637L,元大滬深300正2,85,12,73,中國信託-文心,2023-02-06,6164
00715L,期街口布蘭特正2,73,0,73,中國信託-文心,2023-02-06,6164
2511,太子,120,50,70,中國信託-文心,2023-02-06,6164
00680L,元大美債20正2,67,0,67,中國信託-文心,2023-02-06,6164
2002,中鋼,65,2,63,中國信託-文心,2023-02-06,6164
00900,富邦特選高股息30,69,14,55,中國信託-文心,2023-02-06,6164
2834,臺企銀,60,6,54,中國信託-文心,2023-02-06,6164
0056,元大高股息,69,25,44,中國信託-文心,2023-02-06,6164
2884,玉山金,44,1,43,中國信託-文心,2023-02-06,6164
00753L,中信中國50正2,40,0,40,中國信託-文心,2023-02-06,6164
2201,裕隆,53,22,31,中國信託-文心,2023-02-06,6164
2891,中信金,31,1,30,中國信託-文心,2023-02-06,6164
2603,長榮,62,33,29,中國信託-文心,2023-02-06,6164
00882,中信中國高股息,29,0,29,中國信託-文心,2023-02-06,6164
2330,台積電,35,8,27,中國信託-文心,2023-02-06,6164
2880,華南金,29,3,26,中國信託-文心,2023-02-06,6164
2014,中鴻,28,2,26,中國信託-文心,2023-02-06,6164
2882,國泰金,29,4,25,中國信託-文心,2023-02-06,6164
00701,國泰股利精選30,24,0,24,中國信託-文心,2023-02-06,6164
6176,瑞儀,20,0,20,中國信託-文心,2023-02-06,6164
00772B,中信高評級公司債,18,0,18,中國信託-文心,2023-02-06,6164
6770,力積電,29,12,17,中國信託-文心,2023-02-06,6164
00665L,富邦�琤肭磪囓�2,17,0,17,中國信託-文心,2023-02-06,6164
2609,陽明,30,13,17,中國信託-文心,2023-02-06,6164
6173,信昌電,16,0,16,中國信託-文心,2023-02-06,6164
2236,百達-KY,18,2,16,中國信託-文心,2023-02-06,6164
00918,大華優利高填息30,15,0,15,中國信託-文心,2023-02-06,6164
2375,凱美,15,0,15,中國信託-文心,2023-02-06,6164
1524,耿鼎,52,38,14,中國信託-文心,2023-02-06,6164
5351,鈺創,23,9,14,中國信託-文心,2023-02-06,6164
2812,台中銀,13,0,13,中國信託-文心,2023-02-06,6164
4114,健喬,20,7,13,中國信託-文心,2023-02-06,6164
2542,興富發,13,0,13,中國信託-文心,2023-02-06,6164
2736,富野,13,0,13,中國信託-文心,2023-02-06,6164
00679B,元大美債20年,12,0,12,中國信託-文心,2023-02-06,6164
3037,欣興,19,7,12,中國信託-文心,2023-02-06,6164
3027,盛達,12,0,12,中國信託-文心,2023-02-06,6164
2929,淘帝-KY,12,0,12,中國信託-文心,2023-02-06,6164
00720B,元大投資級公司債,11,0,11,中國信託-文心,2023-02-06,6164
2230,泰茂,21,10,11,中國信託-文心,2023-02-06,6164
4746,台耀,24,13,11,中國信託-文心,2023-02-06,6164
2916,滿心,11,0,11,中國信託-文心,2023-02-06,6164
4906,正文,11,0,11,中國信託-文心,2023-02-06,6164
6806,森崴能源,12,1,11,中國信託-文心,2023-02-06,6164
2388,威盛,13,3,10,中國信託-文心,2023-02-06,6164
2412,中華電,10,0,10,中國信託-文心,2023-02-06,6164
3508,位速,13,3,10,中國信託-文心,2023-02-06,6164
2884,玉山金,228,0,228,中國信託-文心,2023-02-07,6164
00878,國泰永續高股息,163,9,154,中國信託-文心,2023-02-07,6164
00715L,期街口布蘭特正2,152,4,148,中國信託-文心,2023-02-07,6164
00706L,期元大S＆P日圓正2,100,0,100,中國信託-文心,2023-02-07,6164
1783,和康生,59,5,54,中國信託-文心,2023-02-07,6164
00679B,元大美債20年,51,0,51,中國信託-文心,2023-02-07,6164
2610,華航,52,3,49,中國信託-文心,2023-02-07,6164
5475,德宏,48,0,48,中國信託-文心,2023-02-07,6164
0056,元大高股息,50,2,48,中國信託-文心,2023-02-07,6164
2883,凱基金,52,4,48,中國信託-文心,2023-02-07,6164
9904,寶成,49,3,46,中國信託-文心,2023-02-07,6164
2313,華通,55,11,44,中國信託-文心,2023-02-07,6164
00680L,元大美債20正2,50,6,44,中國信託-文心,2023-02-07,6164
1605,華新,88,49,39,中國信託-文心,2023-02-07,6164
2317,鴻海,40,2,38,中國信託-文心,2023-02-07,6164
6743,安普新,40,2,38,中國信託-文心,2023-02-07,6164
00900,富邦特選高股息30,35,1,34,中國信託-文心,2023-02-07,6164
2344,華邦電,33,1,32,中國信託-文心,2023-02-07,6164
3049,精金,32,0,32,中國信託-文心,2023-02-07,6164
2511,太子,50,20,30,中國信託-文心,2023-02-07,6164
00885,富邦越南,32,3,29,中國信託-文心,2023-02-07,6164
00882,中信中國高股息,33,4,29,中國信託-文心,2023-02-07,6164
1701,中化,25,0,25,中國信託-文心,2023-02-07,6164
2498,宏達電,34,12,22,中國信託-文心,2023-02-07,6164
6118,建達,22,1,21,中國信託-文心,2023-02-07,6164
2444,兆勁,21,1,20,中國信託-文心,2023-02-07,6164
2393,億光,20,0,20,中國信託-文心,2023-02-07,6164
00720B,元大投資級公司債,19,0,19,中國信託-文心,2023-02-07,6164
1417,嘉裕,31,12,19,中國信託-文心,2023-02-07,6164
2881,富邦金,18,0,18,中國信託-文心,2023-02-07,6164
2888,新光金,18,0,18,中國信託-文心,2023-02-07,6164
1752,南光,44,27,17,中國信託-文心,2023-02-07,6164
2880,華南金,25,9,16,中國信託-文心,2023-02-07,6164
2889,國票金,16,0,16,中國信託-文心,2023-02-07,6164
3587,閎康,26,11,15,中國信託-文心,2023-02-07,6164
1437,勤益控,15,0,15,中國信託-文心,2023-02-07,6164
2891,中信金,13,0,13,中國信託-文心,2023-02-07,6164
6153,嘉聯益,13,0,13,中國信託-文心,2023-02-07,6164
00772B,中信高評級公司債,13,0,13,中國信託-文心,2023-02-07,6164
2812,台中銀,12,0,12,中國信託-文心,2023-02-07,6164
00713,元大台灣高息低波,12,0,12,中國信託-文心,2023-02-07,6164
6541,泰福-KY,14,2,12,中國信託-文心,2023-02-07,6164
2897,王道銀行,12,0,12,中國信託-文心,2023-02-07,6164
3207,耀勝,16,4,12,中國信託-文心,2023-02-07,6164
2201,裕隆,39,28,11,中國信託-文心,2023-02-07,6164
6441,廣錠,27,16,11,中國信託-文心,2023-02-07,6164
2618,長榮航,16,5,11,中國信託-文心,2023-02-07,6164
2358,廷鑫,14,3,11,中國信託-文心,2023-02-07,6164
1795,美時,51,41,10,中國信託-文心,2023-02-07,6164
2887,台新金,11,1,10,中國信託-文心,2023-02-07,6164
00632R,元大台灣50反1,548,424,124,中國信託-文心,2023-02-08,6164
00680L,元大美債20正2,113,8,105,中國信託-文心,2023-02-08,6164
6443,元晶,103,20,83,中國信託-文心,2023-02-08,6164
2609,陽明,65,2,63,中國信託-文心,2023-02-08,6164
2891,中信金,58,1,57,中國信託-文心,2023-02-08,6164
2618,長榮航,59,6,53,中國信託-文心,2023-02-08,6164
2610,華航,65,15,50,中國信託-文心,2023-02-08,6164
5475,德宏,45,0,45,中國信託-文心,2023-02-08,6164
2014,中鴻,41,0,41,中國信託-文心,2023-02-08,6164
00679B,元大美債20年,41,0,41,中國信託-文心,2023-02-08,6164
3093,港建*,40,2,38,中國信託-文心,2023-02-08,6164
00878,國泰永續高股息,87,53,34,中國信託-文心,2023-02-08,6164
2881,富邦金,33,4,29,中國信託-文心,2023-02-08,6164
4743,合一,49,21,28,中國信託-文心,2023-02-08,6164
00720B,元大投資級公司債,28,0,28,中國信託-文心,2023-02-08,6164
2408,南亞科,27,0,27,中國信託-文心,2023-02-08,6164
2368,金像電,25,0,25,中國信託-文心,2023-02-08,6164
5371,中光電,24,0,24,中國信託-文心,2023-02-08,6164
2723,美食-KY,30,7,23,中國信託-文心,2023-02-08,6164
1101,台泥,24,3,21,中國信託-文心,2023-02-08,6164
2105,正新,21,0,21,中國信託-文心,2023-02-08,6164
3011,今皓,20,0,20,中國信託-文心,2023-02-08,6164
3704,合勤控,22,2,20,中國信託-文心,2023-02-08,6164
6104,創惟,29,10,19,中國信託-文心,2023-02-08,6164
00772B,中信高評級公司債,20,0,20,中國信託-文心,2023-02-08,6164
2886,兆豐金,18,0,18,中國信託-文心,2023-02-08,6164
2338,光罩,32,14,18,中國信託-文心,2023-02-08,6164
1584,精剛,55,37,18,中國信託-文心,2023-02-08,6164
2201,裕隆,185,168,17,中國信託-文心,2023-02-08,6164
5353,台林,16,1,15,中國信託-文心,2023-02-08,6164
6835,圓裕,15,0,15,中國信託-文心,2023-02-08,6164
00753L,中信中國50正2,20,6,14,中國信託-文心,2023-02-08,6164
2425,承啟,30,16,14,中國信託-文心,2023-02-08,6164
2497,怡利電,17,3,14,中國信託-文心,2023-02-08,6164
6153,嘉聯益,13,0,13,中國信託-文心,2023-02-08,6164
6165,浪凡,13,0,13,中國信託-文心,2023-02-08,6164
1513,中興電,23,10,13,中國信託-文心,2023-02-08,6164
3035,智原,60,47,13,中國信託-文心,2023-02-08,6164
00637L,元大滬深300正2,24,12,12,中國信託-文心,2023-02-08,6164
5258,虹堡,15,3,12,中國信託-文心,2023-02-08,6164
3163,波若威,13,1,12,中國信託-文心,2023-02-08,6164
3556,禾瑞亞,12,0,12,中國信託-文心,2023-02-08,6164
4128,中天,25,13,12,中國信託-文心,2023-02-08,6164
00885,富邦越南,15,3,12,中國信託-文心,2023-02-08,6164
3037,欣興,13,2,11,中國信託-文心,2023-02-08,6164
6217,中探針,14,3,11,中國信託-文心,2023-02-08,6164
4171,瑞基,11,0,11,中國信託-文心,2023-02-08,6164
8081,致新,14,3,11,中國信託-文心,2023-02-08,6164
6129,普誠,15,4,11,中國信託-文心,2023-02-08,6164
2880,華南金,11,0,11,中國信託-文心,2023-02-08,6164
00673R,期元大S＆P原油反1,229,0,229,中國信託-文心,2023-02-09,6164
00878,國泰永續高股息,211,8,203,中國信託-文心,2023-02-09,6164
00905,FT臺灣Smart,201,1,200,中國信託-文心,2023-02-09,6164
00720B,元大投資級公司債,81,0,81,中國信託-文心,2023-02-09,6164
2834,臺企銀,72,3,69,中國信託-文心,2023-02-09,6164
2880,華南金,56,0,56,中國信託-文心,2023-02-09,6164
00772B,中信高評級公司債,49,0,49,中國信託-文心,2023-02-09,6164
4114,健喬,67,22,45,中國信託-文心,2023-02-09,6164
00680L,元大美債20正2,44,0,44,中國信託-文心,2023-02-09,6164
2888,新光金,38,0,38,中國信託-文心,2023-02-09,6164
5457,宣德,39,1,38,中國信託-文心,2023-02-09,6164
6282,康舒,96,60,36,中國信託-文心,2023-02-09,6164
2603,長榮,41,6,35,中國信託-文心,2023-02-09,6164
6271,同欣電,33,0,33,中國信託-文心,2023-02-09,6164
6443,元晶,65,35,30,中國信託-文心,2023-02-09,6164
2723,美食-KY,30,1,29,中國信託-文心,2023-02-09,6164
2344,華邦電,35,8,27,中國信託-文心,2023-02-09,6164
2618,長榮航,98,71,27,中國信託-文心,2023-02-09,6164
2027,大成鋼,29,3,26,中國信託-文心,2023-02-09,6164
2891,中信金,22,1,21,中國信託-文心,2023-02-09,6164
3356,奇偶,29,8,21,中國信託-文心,2023-02-09,6164
2388,威盛,108,87,21,中國信託-文心,2023-02-09,6164
6609,瀧澤科,20,0,20,中國信託-文心,2023-02-09,6164
1454,台富,20,0,20,中國信託-文心,2023-02-09,6164
5014,建錩,19,0,19,中國信託-文心,2023-02-09,6164
00679B,元大美債20年,18,0,18,中國信託-文心,2023-02-09,6164
2376,技嘉,20,2,18,中國信託-文心,2023-02-09,6164
1437,勤益控,20,2,18,中國信託-文心,2023-02-09,6164
1308,亞聚,18,0,18,中國信託-文心,2023-02-09,6164
4743,合一,37,19,18,中國信託-文心,2023-02-09,6164
1409,新纖,16,0,16,中國信託-文心,2023-02-09,6164
8289,泰藝,21,5,16,中國信託-文心,2023-02-09,6164
0056,元大高股息,33,18,15,中國信託-文心,2023-02-09,6164
4904,遠傳,15,0,15,中國信託-文心,2023-02-09,6164
1733,五鼎,15,0,15,中國信託-文心,2023-02-09,6164
5880,合庫金,13,0,13,中國信託-文心,2023-02-09,6164
2313,華通,13,0,13,中國信託-文心,2023-02-09,6164
2542,興富發,15,2,13,中國信託-文心,2023-02-09,6164
8097,常珵,13,0,13,中國信託-文心,2023-02-09,6164
3624,光頡,23,11,12,中國信託-文心,2023-02-09,6164
6708,天擎,13,1,12,中國信託-文心,2023-02-09,6164
1513,中興電,80,69,11,中國信託-文心,2023-02-09,6164
00753L,中信中國50正2,12,1,11,中國信託-文心,2023-02-09,6164
9941,裕融,13,2,11,中國信託-文心,2023-02-09,6164
00773B,中信優先金融債,11,0,11,中國信託-文心,2023-02-09,6164
2884,玉山金,11,1,10,中國信託-文心,2023-02-09,6164
2002,中鋼,10,0,10,中國信託-文心,2023-02-09,6164
3141,晶宏,22,12,10,中國信託-文心,2023-02-09,6164
2736,富野,10,0,10,中國信託-文心,2023-02-09,6164
3027,盛達,17,7,10,中國信託-文心,2023-02-09,6164
00878,國泰永續高股息,404,50,354,中國信託-文心,2023-02-10,6164
00632R,元大台灣50反1,220,19,201,中國信託-文心,2023-02-10,6164
00673R,期元大S＆P原油反1,202,50,152,中國信託-文心,2023-02-10,6164
00680L,元大美債20正2,142,6,136,中國信託-文心,2023-02-10,6164
0056,元大高股息,120,13,107,中國信託-文心,2023-02-10,6164
5457,宣德,69,0,69,中國信託-文心,2023-02-10,6164
00772B,中信高評級公司債,68,0,68,中國信託-文心,2023-02-10,6164
1909,榮成,60,0,60,中國信託-文心,2023-02-10,6164
3037,欣興,58,3,55,中國信託-文心,2023-02-10,6164
3162,精確,54,4,50,中國信託-文心,2023-02-10,6164
2884,玉山金,48,2,46,中國信託-文心,2023-02-10,6164
00720B,元大投資級公司債,45,0,45,中國信託-文心,2023-02-10,6164
6116,彩晶,41,0,41,中國信託-文心,2023-02-10,6164
2498,宏達電,50,14,36,中國信託-文心,2023-02-10,6164
00753L,中信中國50正2,40,5,35,中國信託-文心,2023-02-10,6164
3374,精材,40,6,34,中國信託-文心,2023-02-10,6164
2881,富邦金,25,0,25,中國信託-文心,2023-02-10,6164
00891,中信關鍵半導體,24,0,24,中國信託-文心,2023-02-10,6164
2634,漢翔,84,60,24,中國信託-文心,2023-02-10,6164
6235,華孚,65,43,22,中國信託-文心,2023-02-10,6164
2603,長榮,29,8,21,中國信託-文心,2023-02-10,6164
00665L,富邦�琤肭磪囓�2,29,8,21,中國信託-文心,2023-02-10,6164
6196,帆宣,21,0,21,中國信託-文心,2023-02-10,6164
2442,新美齊,20,0,20,中國信託-文心,2023-02-10,6164
4930,燦星網,20,0,20,中國信託-文心,2023-02-10,6164
9904,寶成,20,0,20,中國信託-文心,2023-02-10,6164
2618,長榮航,114,95,19,中國信託-文心,2023-02-10,6164
3594,磐儀,30,11,19,中國信託-文心,2023-02-10,6164
4119,旭富,19,1,18,中國信託-文心,2023-02-10,6164
00902,中信電池及儲能,20,2,18,中國信託-文心,2023-02-10,6164
00712,復華富時不動產,17,0,17,中國信託-文心,2023-02-10,6164
00679B,元大美債20年,16,0,16,中國信託-文心,2023-02-10,6164
3105,穩懋,27,11,16,中國信託-文心,2023-02-10,6164
2887,台新金,17,2,15,中國信託-文心,2023-02-10,6164
5347,世界,24,9,15,中國信託-文心,2023-02-10,6164
2009,第一銅,15,1,14,中國信託-文心,2023-02-10,6164
2420,新巨,14,0,14,中國信託-文心,2023-02-10,6164
00885,富邦越南,14,0,14,中國信託-文心,2023-02-10,6164
3014,聯陽,15,1,14,中國信託-文心,2023-02-10,6164
00637L,元大滬深300正2,24,11,13,中國信託-文心,2023-02-10,6164
1308,亞聚,14,1,13,中國信託-文心,2023-02-10,6164
4130,健亞,48,35,13,中國信託-文心,2023-02-10,6164
1605,華新,51,39,12,中國信託-文心,2023-02-10,6164
1736,喬山,15,3,12,中國信託-文心,2023-02-10,6164
2723,美食-KY,22,10,12,中國信託-文心,2023-02-10,6164
2812,台中銀,12,0,12,中國信託-文心,2023-02-10,6164
6109,亞元,12,0,12,中國信託-文心,2023-02-10,6164
2891,中信金,16,4,12,中國信託-文心,2023-02-10,6164
00900,富邦特選高股息30,11,0,11,中國信託-文心,2023-02-10,6164
00713,元大台灣高息低波,11,0,11,中國信託-文心,2023-02-10,6164
00878,國泰永續高股息,336,14,322,中國信託-文心,2023-02-13,6164
00673R,期元大S＆P原油反1,152,0,152,中國信託-文心,2023-02-13,6164
2449,京元電子,130,0,130,中國信託-文心,2023-02-13,6164
00772B,中信高評級公司債,111,0,111,中國信託-文心,2023-02-13,6164
00712,復華富時不動產,107,0,107,中國信託-文心,2023-02-13,6164
00680L,元大美債20正2,105,0,105,中國信託-文心,2023-02-13,6164
2603,長榮,117,16,101,中國信託-文心,2023-02-13,6164
00905,FT臺灣Smart,100,0,100,中國信託-文心,2023-02-13,6164
2344,華邦電,107,12,95,中國信託-文心,2023-02-13,6164
00632R,元大台灣50反1,84,14,70,中國信託-文心,2023-02-13,6164
00720B,元大投資級公司債,62,0,62,中國信託-文心,2023-02-13,6164
2201,裕隆,103,46,57,中國信託-文心,2023-02-13,6164
00753L,中信中國50正2,51,2,49,中國信託-文心,2023-02-13,6164
2358,廷鑫,70,21,49,中國信託-文心,2023-02-13,6164
2889,國票金,45,0,45,中國信託-文心,2023-02-13,6164
00679B,元大美債20年,44,0,44,中國信託-文心,2023-02-13,6164
1584,精剛,55,14,41,中國信託-文心,2023-02-13,6164
5340,建榮,35,0,35,中國信託-文心,2023-02-13,6164
2610,華航,35,4,31,中國信託-文心,2023-02-13,6164
6282,康舒,35,6,29,中國信託-文心,2023-02-13,6164
4968,立積,29,1,28,中國信託-文心,2023-02-13,6164
6531,愛普*,31,7,24,中國信託-文心,2023-02-13,6164
0056,元大高股息,34,10,24,中國信託-文心,2023-02-13,6164
2618,長榮航,100,79,21,中國信託-文心,2023-02-13,6164
00919,群益台灣精選高息,21,0,21,中國信託-文心,2023-02-13,6164
1701,中化,45,27,18,中國信託-文心,2023-02-13,6164
3494,誠研,23,6,17,中國信託-文心,2023-02-13,6164
3707,漢磊,17,0,17,中國信託-文心,2023-02-13,6164
1101,台泥,23,7,16,中國信託-文心,2023-02-13,6164
2634,漢翔,27,13,14,中國信託-文心,2023-02-13,6164
2034,允強,14,0,14,中國信託-文心,2023-02-13,6164
00681R,元大美債20反1,14,0,14,中國信託-文心,2023-02-13,6164
5347,世界,18,4,14,中國信託-文心,2023-02-13,6164
3029,零壹,24,11,13,中國信託-文心,2023-02-13,6164
4979,華星光,48,35,13,中國信託-文心,2023-02-13,6164
00683L,期元大美元指正2,13,0,13,中國信託-文心,2023-02-13,6164
6182,合晶,14,2,12,中國信託-文心,2023-02-13,6164
2886,兆豐金,16,4,12,中國信託-文心,2023-02-13,6164
00751B,元大AAA至A公司債,11,0,11,中國信託-文心,2023-02-13,6164
2420,新巨,11,0,11,中國信託-文心,2023-02-13,6164
6712,長聖,12,1,11,中國信託-文心,2023-02-13,6164
8176,智捷,11,0,11,中國信託-文心,2023-02-13,6164
2327,國巨,11,1,10,中國信託-文心,2023-02-13,6164
00921,兆豐龍頭等權重,10,0,10,中國信託-文心,2023-02-13,6164
6150,撼訊,22,12,10,中國信託-文心,2023-02-13,6164
1217,愛之味,24,14,10,中國信託-文心,2023-02-13,6164
5905,南仁湖,10,0,10,中國信託-文心,2023-02-13,6164
2444,兆勁,10,0,10,中國信託-文心,2023-02-13,6164
6016,康和證,10,0,10,中國信託-文心,2023-02-13,6164
6770,力積電,10,0,10,中國信託-文心,2023-02-13,6164
00632R,元大台灣50反1,510,19,491,中國信託-文心,2023-02-14,6164
00878,國泰永續高股息,451,91,360,中國信託-文心,2023-02-14,6164
3038,全台,239,0,239,中國信託-文心,2023-02-14,6164
00706L,期元大S＆P日圓正2,200,0,200,中國信託-文心,2023-02-14,6164
00673R,期元大S＆P原油反1,81,0,81,中國信託-文心,2023-02-14,6164
6209,今國光,79,0,79,中國信託-文心,2023-02-14,6164
00680L,元大美債20正2,77,0,77,中國信託-文心,2023-02-14,6164
00905,FT臺灣Smart,67,0,67,中國信託-文心,2023-02-14,6164
2425,承啟,52,2,50,中國信託-文心,2023-02-14,6164
2449,京元電子,48,0,48,中國信託-文心,2023-02-14,6164
2884,玉山金,43,5,38,中國信託-文心,2023-02-14,6164
2834,臺企銀,43,6,37,中國信託-文心,2023-02-14,6164
2034,允強,25,0,25,中國信託-文心,2023-02-14,6164
2027,大成鋼,27,4,23,中國信託-文心,2023-02-14,6164
6443,元晶,31,8,23,中國信託-文心,2023-02-14,6164
2885,元大金,23,0,23,中國信託-文心,2023-02-14,6164
6282,康舒,46,25,21,中國信託-文心,2023-02-14,6164
00720B,元大投資級公司債,21,0,21,中國信託-文心,2023-02-14,6164
2330,台積電,38,18,20,中國信託-文心,2023-02-14,6164
00772B,中信高評級公司債,20,0,20,中國信託-文心,2023-02-14,6164
2867,三商壽,20,0,20,中國信託-文心,2023-02-14,6164
00882,中信中國高股息,19,0,19,中國信託-文心,2023-02-14,6164
1584,精剛,24,6,18,中國信託-文心,2023-02-14,6164
6550,北極星藥業-KY,22,4,18,中國信託-文心,2023-02-14,6164
6180,橘子,26,9,17,中國信託-文心,2023-02-14,6164
3481,群創,77,61,16,中國信託-文心,2023-02-14,6164
8081,致新,20,4,16,中國信託-文心,2023-02-14,6164
00679B,元大美債20年,16,0,16,中國信託-文心,2023-02-14,6164
3162,精確,15,0,15,中國信託-文心,2023-02-14,6164
00713,元大台灣高息低波,15,0,15,中國信託-文心,2023-02-14,6164
8222,寶一,103,88,15,中國信託-文心,2023-02-14,6164
2349,錸德,13,0,13,中國信託-文心,2023-02-14,6164
3228,金麗科,14,2,12,中國信託-文心,2023-02-14,6164
4979,華星光,22,10,12,中國信託-文心,2023-02-14,6164
2351,順德,24,13,11,中國信託-文心,2023-02-14,6164
3702,大聯大,11,0,11,中國信託-文心,2023-02-14,6164
1802,台玻,10,0,10,中國信託-文心,2023-02-14,6164
00751B,元大AAA至A公司債,10,0,10,中國信託-文心,2023-02-14,6164
2607,榮運,10,0,10,中國信託-文心,2023-02-14,6164
5701,劍湖山,10,0,10,中國信託-文心,2023-02-14,6164
00795B,中信美國公債20年,10,0,10,中國信託-文心,2023-02-14,6164
3703,欣陸,10,0,10,中國信託-文心,2023-02-14,6164
4743,合一,23,13,10,中國信託-文心,2023-02-14,6164
2890,永豐金,9,0,9,中國信託-文心,2023-02-14,6164
3260,威剛,19,10,9,中國信託-文心,2023-02-14,6164
3025,星通,9,0,9,中國信託-文心,2023-02-14,6164
3661,世芯-KY,18,9,9,中國信託-文心,2023-02-14,6164
9941,裕融,8,0,8,中國信託-文心,2023-02-14,6164
2338,光罩,10,2,8,中國信託-文心,2023-02-14,6164
1909,榮成,10,2,8,中國信託-文心,2023-02-14,6164
00632R,元大台灣50反1,510,19,491,中國信託-文心,2023-02-15,6164
00878,國泰永續高股息,442,48,394,中國信託-文心,2023-02-15,6164
2891,中信金,195,12,183,中國信託-文心,2023-02-15,6164
00900,富邦特選高股息30,247,110,137,中國信託-文心,2023-02-15,6164
1609,大亞,179,48,131,中國信託-文心,2023-02-15,6164
1522,堤維西,102,0,102,中國信託-文心,2023-02-15,6164
00679B,元大美債20年,62,0,62,中國信託-文心,2023-02-15,6164
0050,元大台灣50,60,2,58,中國信託-文心,2023-02-15,6164
2887,台新金,61,3,58,中國信託-文心,2023-02-15,6164
3038,全台,50,0,50,中國信託-文心,2023-02-15,6164
2723,美食-KY,66,23,43,中國信託-文心,2023-02-15,6164
00772B,中信高評級公司債,42,0,42,中國信託-文心,2023-02-15,6164
5009,榮剛,42,0,42,中國信託-文心,2023-02-15,6164
2884,玉山金,52,13,39,中國信託-文心,2023-02-15,6164
2618,長榮航,43,8,35,中國信託-文心,2023-02-15,6164
2834,臺企銀,34,2,32,中國信託-文心,2023-02-15,6164
2402,毅嘉,31,0,31,中國信託-文心,2023-02-15,6164
9941,裕融,29,0,29,中國信託-文心,2023-02-15,6164
3481,群創,153,125,28,中國信託-文心,2023-02-15,6164
2609,陽明,35,7,28,中國信託-文心,2023-02-15,6164
1513,中興電,98,71,27,中國信託-文心,2023-02-15,6164
2457,飛宏,33,6,27,中國信託-文心,2023-02-15,6164
00882,中信中國高股息,30,4,26,中國信託-文心,2023-02-15,6164
00753L,中信中國50正2,26,0,26,中國信託-文心,2023-02-15,6164
006208,富邦台50,27,1,26,中國信託-文心,2023-02-15,6164
2880,華南金,25,0,25,中國信託-文心,2023-02-15,6164
00665L,富邦�琤肭磪囓�2,36,12,24,中國信託-文心,2023-02-15,6164
00891,中信關鍵半導體,44,21,23,中國信託-文心,2023-02-15,6164
2201,裕隆,64,42,22,中國信託-文心,2023-02-15,6164
5347,世界,31,10,21,中國信託-文心,2023-02-15,6164
2702,華園,21,0,21,中國信託-文心,2023-02-15,6164
6215,和椿,21,0,21,中國信託-文心,2023-02-15,6164
00902,中信電池及儲能,21,1,20,中國信託-文心,2023-02-15,6164
1789,神隆,20,0,20,中國信託-文心,2023-02-15,6164
00717,富邦美國特別股,20,0,20,中國信託-文心,2023-02-15,6164
00637L,元大滬深300正2,38,18,20,中國信託-文心,2023-02-15,6164
00830,國泰費城半導體,30,11,19,中國信託-文心,2023-02-15,6164
4171,瑞基,20,1,19,中國信託-文心,2023-02-15,6164
1229,聯華,19,1,18,中國信託-文心,2023-02-15,6164
00650L,復華香港正2,21,3,18,中國信託-文心,2023-02-15,6164
00720B,元大投資級公司債,17,0,17,中國信託-文心,2023-02-15,6164
2486,一詮,28,12,16,中國信託-文心,2023-02-15,6164
1529,樂事綠能,17,1,16,中國信託-文心,2023-02-15,6164
3264,欣銓,18,3,15,中國信託-文心,2023-02-15,6164
0056,元大高股息,22,7,15,中國信託-文心,2023-02-15,6164
8940,新天地,15,1,14,中國信託-文心,2023-02-15,6164
1736,喬山,20,6,14,中國信託-文心,2023-02-15,6164
00907,永豐優息存股,14,0,14,中國信託-文心,2023-02-15,6164
00885,富邦越南,19,5,14,中國信託-文心,2023-02-15,6164
2610,華航,32,19,13,中國信託-文心,2023-02-15,6164
00878,國泰永續高股息,706,111,595,中國信託-文心,2023-02-16,6164
00632R,元大台灣50反1,595,84,511,中國信託-文心,2023-02-16,6164
00900,富邦特選高股息30,296,23,273,中國信託-文心,2023-02-16,6164
2605,新興,150,0,150,中國信託-文心,2023-02-16,6164
1802,台玻,121,23,98,中國信託-文心,2023-02-16,6164
00772B,中信高評級公司債,96,0,96,中國信託-文心,2023-02-16,6164
00679B,元大美債20年,66,0,66,中國信託-文心,2023-02-16,6164
6209,今國光,57,0,57,中國信託-文心,2023-02-16,6164
2882,國泰金,53,2,51,中國信託-文心,2023-02-16,6164
1216,統一,50,1,49,中國信託-文心,2023-02-16,6164
1609,大亞,84,49,35,中國信託-文心,2023-02-16,6164
3038,全台,36,1,35,中國信託-文心,2023-02-16,6164
00885,富邦越南,32,0,32,中國信託-文心,2023-02-16,6164
3058,立德,30,0,30,中國信託-文心,2023-02-16,6164
2332,友訊,30,0,30,中國信託-文心,2023-02-16,6164
2888,新光金,37,8,29,中國信託-文心,2023-02-16,6164
2355,敬鵬,29,0,29,中國信託-文心,2023-02-16,6164
00686R,群益臺灣加權反1,28,0,28,中國信託-文心,2023-02-16,6164
00676R,富邦臺灣加權反1,33,5,28,中國信託-文心,2023-02-16,6164
00780B,國泰A級金融債,27,0,27,中國信託-文心,2023-02-16,6164
00680L,元大美債20正2,26,0,26,中國信託-文心,2023-02-16,6164
2368,金像電,26,0,26,中國信託-文心,2023-02-16,6164
1584,精剛,36,13,23,中國信託-文心,2023-02-16,6164
5905,南仁湖,24,1,23,中國信託-文心,2023-02-16,6164
3105,穩懋,24,2,22,中國信託-文心,2023-02-16,6164
2881,富邦金,21,0,21,中國信託-文心,2023-02-16,6164
00907,永豐優息存股,21,0,21,中國信託-文心,2023-02-16,6164
3624,光頡,25,6,19,中國信託-文心,2023-02-16,6164
2337,旺宏,20,1,19,中國信託-文心,2023-02-16,6164
2723,美食-KY,48,29,19,中國信託-文心,2023-02-16,6164
2603,長榮,33,14,19,中國信託-文心,2023-02-16,6164
00664R,國泰臺灣加權反1,17,0,17,中國信託-文心,2023-02-16,6164
1909,榮成,23,7,16,中國信託-文心,2023-02-16,6164
2867,三商壽,18,3,15,中國信託-文心,2023-02-16,6164
00888,永豐台灣ESG,15,0,15,中國信託-文心,2023-02-16,6164
2103,台橡,15,0,15,中國信託-文心,2023-02-16,6164
1101,台泥,18,3,15,中國信託-文心,2023-02-16,6164
2014,中鴻,15,1,14,中國信託-文心,2023-02-16,6164
4930,燦星網,17,3,14,中國信託-文心,2023-02-16,6164
9938,百和,15,1,14,中國信託-文心,2023-02-16,6164
2492,華新科,27,14,13,中國信託-文心,2023-02-16,6164
006208,富邦台50,15,1,14,中國信託-文心,2023-02-16,6164
4744,皇將,14,0,14,中國信託-文心,2023-02-16,6164
5351,鈺創,19,5,14,中國信託-文心,2023-02-16,6164
3576,聯合再生,13,0,13,中國信託-文心,2023-02-16,6164
6806,森崴能源,14,1,13,中國信託-文心,2023-02-16,6164
5706,鳳凰,31,19,12,中國信託-文心,2023-02-16,6164
2889,國票金,14,2,12,中國信託-文心,2023-02-16,6164
00720B,元大投資級公司債,11,0,11,中國信託-文心,2023-02-16,6164
3234,光環,11,0,11,中國信託-文心,2023-02-16,6164
00878,國泰永續高股息,214,33,181,中國信託-文心,2023-02-17,6164
00679B,元大美債20年,117,1,116,中國信託-文心,2023-02-17,6164
1514,亞力,100,0,100,中國信託-文心,2023-02-17,6164
00632R,元大台灣50反1,193,121,72,中國信託-文心,2023-02-17,6164
00902,中信電池及儲能,58,0,58,中國信託-文心,2023-02-17,6164
00772B,中信高評級公司債,56,4,52,中國信託-文心,2023-02-17,6164
00753L,中信中國50正2,53,5,48,中國信託-文心,2023-02-17,6164
00680L,元大美債20正2,51,10,41,中國信託-文心,2023-02-17,6164
3038,全台,40,0,40,中國信託-文心,2023-02-17,6164
3050,鈺德,40,0,40,中國信託-文心,2023-02-17,6164
00905,FT臺灣Smart,35,0,35,中國信託-文心,2023-02-17,6164
8476,台境*,30,0,30,中國信託-文心,2023-02-17,6164
00720B,元大投資級公司債,30,0,30,中國信託-文心,2023-02-17,6164
8421,旭源,30,0,30,中國信託-文心,2023-02-17,6164
00665L,富邦�琤肭磪囓�2,26,0,26,中國信託-文心,2023-02-17,6164
2603,長榮,27,1,26,中國信託-文心,2023-02-17,6164
00893,國泰智能電動車,31,6,25,中國信託-文心,2023-02-17,6164
6806,森崴能源,34,10,24,中國信託-文心,2023-02-17,6164
0056,元大高股息,24,1,23,中國信託-文心,2023-02-17,6164
2704,國賓,23,1,22,中國信託-文心,2023-02-17,6164
4538,大詠城,22,0,22,中國信託-文心,2023-02-17,6164
00650L,復華香港正2,22,0,22,中國信託-文心,2023-02-17,6164
6535,順藥,29,7,22,中國信託-文心,2023-02-17,6164
2330,台積電,29,8,21,中國信託-文心,2023-02-17,6164
00900,富邦特選高股息30,21,0,21,中國信託-文心,2023-02-17,6164
00715L,期街口布蘭特正2,28,7,21,中國信託-文心,2023-02-17,6164
2618,長榮航,47,27,20,中國信託-文心,2023-02-17,6164
1314,中石化,25,5,20,中國信託-文心,2023-02-17,6164
4164,承業醫,25,5,20,中國信託-文心,2023-02-17,6164
2889,國票金,27,8,19,中國信託-文心,2023-02-17,6164
2867,三商壽,20,1,19,中國信託-文心,2023-02-17,6164
1437,勤益控,19,2,17,中國信託-文心,2023-02-17,6164
2412,中華電,17,0,17,中國信託-文心,2023-02-17,6164
00751B,元大AAA至A公司債,17,0,17,中國信託-文心,2023-02-17,6164
00637L,元大滬深300正2,29,12,17,中國信託-文心,2023-02-17,6164
2892,第一金,16,0,16,中國信託-文心,2023-02-17,6164
00664R,國泰臺灣加權反1,16,0,16,中國信託-文心,2023-02-17,6164
3374,精材,17,1,16,中國信託-文心,2023-02-17,6164
4114,健喬,19,4,15,中國信託-文心,2023-02-17,6164
00671R,富邦NASDAQ反1,16,1,15,中國信託-文心,2023-02-17,6164
2027,大成鋼,14,0,14,中國信託-文心,2023-02-17,6164
00642U,期元大S＆P石油,13,0,13,中國信託-文心,2023-02-17,6164
5701,劍湖山,14,1,13,中國信託-文心,2023-02-17,6164
6120,達運,24,11,13,中國信託-文心,2023-02-17,6164
1609,大亞,34,21,13,中國信託-文心,2023-02-17,6164
00795B,中信美國公債20年,12,0,12,中國信託-文心,2023-02-17,6164
2609,陽明,18,6,12,中國信託-文心,2023-02-17,6164
1506,正道,12,0,12,中國信託-文心,2023-02-17,6164
00857B,永豐20年美公債,12,0,12,中國信託-文心,2023-02-17,6164
0050,元大台灣50,15,3,12,中國信託-文心,2023-02-17,6164
2884,玉山金,389,30,359,中國信託-文心,2023-02-20,6164
00632R,元大台灣50反1,322,50,272,中國信託-文心,2023-02-20,6164
00878,國泰永續高股息,175,19,156,中國信託-文心,2023-02-20,6164
00676R,富邦臺灣加權反1,152,0,152,中國信託-文心,2023-02-20,6164
00686R,群益臺灣加權反1,138,0,138,中國信託-文心,2023-02-20,6164
00902,中信電池及儲能,92,1,91,中國信託-文心,2023-02-20,6164
1522,堤維西,84,0,84,中國信託-文心,2023-02-20,6164
4164,承業醫,85,8,77,中國信託-文心,2023-02-20,6164
00664R,國泰臺灣加權反1,83,7,76,中國信託-文心,2023-02-20,6164
00900,富邦特選高股息30,75,5,70,中國信託-文心,2023-02-20,6164
2610,華航,145,76,69,中國信託-文心,2023-02-20,6164
2317,鴻海,70,3,67,中國信託-文心,2023-02-20,6164
4743,合一,89,31,58,中國信託-文心,2023-02-20,6164
00772B,中信高評級公司債,60,2,58,中國信託-文心,2023-02-20,6164
3027,盛達,71,16,55,中國信託-文心,2023-02-20,6164
3162,精確,51,0,51,中國信託-文心,2023-02-20,6164
1605,華新,131,80,51,中國信託-文心,2023-02-20,6164
00679B,元大美債20年,40,2,38,中國信託-文心,2023-02-20,6164
4128,中天,39,2,37,中國信託-文心,2023-02-20,6164
6541,泰福-KY,36,0,36,中國信託-文心,2023-02-20,6164
6188,廣明,40,4,36,中國信託-文心,2023-02-20,6164
2330,台積電,41,5,36,中國信託-文心,2023-02-20,6164
00637L,元大滬深300正2,67,36,31,中國信託-文心,2023-02-20,6164
6486,互動,31,0,31,中國信託-文心,2023-02-20,6164
00753L,中信中國50正2,61,32,29,中國信託-文心,2023-02-20,6164
6741,91APP*-KY,48,20,28,中國信託-文心,2023-02-20,6164
6290,良維,48,20,28,中國信託-文心,2023-02-20,6164
00882,中信中國高股息,75,50,25,中國信託-文心,2023-02-20,6164
1795,美時,35,9,26,中國信託-文心,2023-02-20,6164
8033,雷虎,35,12,23,中國信託-文心,2023-02-20,6164
1909,榮成,25,2,23,中國信託-文心,2023-02-20,6164
3501,維熹,23,0,23,中國信託-文心,2023-02-20,6164
2723,美食-KY,40,18,22,中國信託-文心,2023-02-20,6164
6288,聯嘉,25,3,22,中國信託-文心,2023-02-20,6164
2358,廷鑫,20,0,20,中國信託-文心,2023-02-20,6164
8476,台境*,18,0,18,中國信託-文心,2023-02-20,6164
6443,元晶,39,21,18,中國信託-文心,2023-02-20,6164
6104,創惟,41,24,17,中國信託-文心,2023-02-20,6164
9945,潤泰新,16,0,16,中國信託-文心,2023-02-20,6164
3090,日電貿,15,0,15,中國信託-文心,2023-02-20,6164
4968,立積,19,5,14,中國信託-文心,2023-02-20,6164
2201,裕隆,43,29,14,中國信託-文心,2023-02-20,6164
1513,中興電,49,35,14,中國信託-文心,2023-02-20,6164
2376,技嘉,14,0,14,中國信託-文心,2023-02-20,6164
2498,宏達電,27,13,14,中國信託-文心,2023-02-20,6164
6120,達運,14,0,14,中國信託-文心,2023-02-20,6164
3141,晶宏,15,2,13,中國信託-文心,2023-02-20,6164
00715L,期街口布蘭特正2,13,0,13,中國信託-文心,2023-02-20,6164
8069,元太,18,5,13,中國信託-文心,2023-02-20,6164
5351,鈺創,27,14,13,中國信託-文心,2023-02-20,6164
6188,廣明,160,1,159,中國信託-文心,2023-02-21,6164
00632R,元大台灣50反1,174,77,97,中國信託-文心,2023-02-21,6164
2618,長榮航,157,87,70,中國信託-文心,2023-02-21,6164
0056,元大高股息,72,9,63,中國信託-文心,2023-02-21,6164
4564,元翎,70,7,63,中國信託-文心,2023-02-21,6164
2457,飛宏,116,65,51,中國信託-文心,2023-02-21,6164
2201,裕隆,93,44,49,中國信託-文心,2023-02-21,6164
2891,中信金,51,2,49,中國信託-文心,2023-02-21,6164
2208,台船,59,12,47,中國信託-文心,2023-02-21,6164
00772B,中信高評級公司債,41,0,41,中國信託-文心,2023-02-21,6164
9945,潤泰新,36,0,36,中國信託-文心,2023-02-21,6164
1513,中興電,100,65,35,中國信託-文心,2023-02-21,6164
00720B,元大投資級公司債,41,7,34,中國信託-文心,2023-02-21,6164
2476,鉅祥,35,2,33,中國信託-文心,2023-02-21,6164
2368,金像電,31,3,28,中國信託-文心,2023-02-21,6164
8050,廣積,47,20,27,中國信託-文心,2023-02-21,6164
0050,元大台灣50,26,1,25,中國信託-文心,2023-02-21,6164
00753L,中信中國50正2,40,16,24,中國信託-文心,2023-02-21,6164
00679B,元大美債20年,23,0,23,中國信託-文心,2023-02-21,6164
8932,智通*,22,0,22,中國信託-文心,2023-02-21,6164
2313,華通,27,6,21,中國信託-文心,2023-02-21,6164
00902,中信電池及儲能,21,0,21,中國信託-文心,2023-02-21,6164
1605,華新,114,93,21,中國信託-文心,2023-02-21,6164
5258,虹堡,39,19,20,中國信託-文心,2023-02-21,6164
6443,元晶,21,1,20,中國信託-文心,2023-02-21,6164
1737,臺鹽,20,0,20,中國信託-文心,2023-02-21,6164
6288,聯嘉,80,63,17,中國信託-文心,2023-02-21,6164
00642U,期元大S＆P石油,17,0,17,中國信託-文心,2023-02-21,6164
00665L,富邦�琤肭磪囓�2,21,5,16,中國信託-文心,2023-02-21,6164
2812,台中銀,15,0,15,中國信託-文心,2023-02-21,6164
4426,利勤,15,0,15,中國信託-文心,2023-02-21,6164
4114,健喬,32,17,15,中國信託-文心,2023-02-21,6164
3016,嘉晶,15,0,15,中國信託-文心,2023-02-21,6164
1313,聯成,15,0,15,中國信託-文心,2023-02-21,6164
2881,富邦金,18,3,15,中國信託-文心,2023-02-21,6164
6156,松上,13,0,13,中國信託-文心,2023-02-21,6164
6719,力智,17,4,13,中國信託-文心,2023-02-21,6164
4952,凌通,14,2,12,中國信託-文心,2023-02-21,6164
3162,精確,15,3,12,中國信託-文心,2023-02-21,6164
2486,一詮,13,1,12,中國信託-文心,2023-02-21,6164
00725B,國泰投資級公司債,12,0,12,中國信託-文心,2023-02-21,6164
8936,國統,29,17,12,中國信託-文心,2023-02-21,6164
5701,劍湖山,17,5,12,中國信託-文心,2023-02-21,6164
3416,融程電,11,0,11,中國信託-文心,2023-02-21,6164
3545,敦泰,19,8,11,中國信託-文心,2023-02-21,6164
6116,彩晶,12,1,11,中國信託-文心,2023-02-21,6164
2017,官田鋼,10,0,10,中國信託-文心,2023-02-21,6164
00688L,國泰20年美債正2,10,0,10,中國信託-文心,2023-02-21,6164
5905,南仁湖,10,0,10,中國信託-文心,2023-02-21,6164
2228,劍麟,10,0,10,中國信託-文心,2023-02-21,6164
00878,國泰永續高股息,398,154,244,中國信託-文心,2023-02-22,6164
2618,長榮航,183,40,143,中國信託-文心,2023-02-22,6164
2834,臺企銀,147,14,133,中國信託-文心,2023-02-22,6164
1522,堤維西,122,1,121,中國信託-文心,2023-02-22,6164
00902,中信電池及儲能,73,0,73,中國信託-文心,2023-02-22,6164
00893,國泰智能電動車,76,20,56,中國信託-文心,2023-02-22,6164
00671R,富邦NASDAQ反1,63,8,55,中國信託-文心,2023-02-22,6164
00712,復華富時不動產,53,0,53,中國信託-文心,2023-02-22,6164
00919,群益台灣精選高息,55,10,45,中國信託-文心,2023-02-22,6164
0050,元大台灣50,47,4,43,中國信託-文心,2023-02-22,6164
2884,玉山金,81,39,42,中國信託-文心,2023-02-22,6164
1584,精剛,92,52,40,中國信託-文心,2023-02-22,6164
00680L,元大美債20正2,40,0,40,中國信託-文心,2023-02-22,6164
5512,力麒,40,2,38,中國信託-文心,2023-02-22,6164
2892,第一金,38,1,37,中國信託-文心,2023-02-22,6164
4979,華星光,57,23,34,中國信託-文心,2023-02-22,6164
2888,新光金,36,3,33,中國信託-文心,2023-02-22,6164
2882,國泰金,38,7,31,中國信託-文心,2023-02-22,6164
5328,華容,29,0,29,中國信託-文心,2023-02-22,6164
6288,聯嘉,42,14,28,中國信託-文心,2023-02-22,6164
2002,中鋼,28,0,28,中國信託-文心,2023-02-22,6164
1795,美時,49,23,26,中國信託-文心,2023-02-22,6164
00679B,元大美債20年,33,8,25,中國信託-文心,2023-02-22,6164
6282,康舒,56,32,24,中國信託-文心,2023-02-22,6164
00753L,中信中國50正2,24,0,24,中國信託-文心,2023-02-22,6164
3037,欣興,30,6,24,中國信託-文心,2023-02-22,6164
2031,新光鋼,24,0,24,中國信託-文心,2023-02-22,6164
2313,華通,24,1,23,中國信託-文心,2023-02-22,6164
3035,智原,56,34,22,中國信託-文心,2023-02-22,6164
6121,新普,21,0,21,中國信託-文心,2023-02-22,6164
0056,元大高股息,32,11,21,中國信託-文心,2023-02-22,6164
5353,台林,22,2,20,中國信託-文心,2023-02-22,6164
2420,新巨,20,0,20,中國信託-文心,2023-02-22,6164
2610,華航,53,33,20,中國信託-文心,2023-02-22,6164
00772B,中信高評級公司債,19,0,19,中國信託-文心,2023-02-22,6164
3017,奇鋐,20,1,19,中國信託-文心,2023-02-22,6164
9907,統一實,17,0,17,中國信託-文心,2023-02-22,6164
3034,聯詠,19,3,16,中國信託-文心,2023-02-22,6164
3058,立德,16,0,16,中國信託-文心,2023-02-22,6164
5425,台半,19,3,16,中國信託-文心,2023-02-22,6164
6741,91APP*-KY,17,2,15,中國信託-文心,2023-02-22,6164
00665L,富邦�琤肭磪囓�2,27,12,15,中國信託-文心,2023-02-22,6164
8940,新天地,19,5,14,中國信託-文心,2023-02-22,6164
2705,六福,28,14,14,中國信託-文心,2023-02-22,6164
2881,富邦金,15,1,14,中國信託-文心,2023-02-22,6164
1519,華城,70,57,13,中國信託-文心,2023-02-22,6164
00882,中信中國高股息,13,0,13,中國信託-文心,2023-02-22,6164
00725B,國泰投資級公司債,13,0,13,中國信託-文心,2023-02-22,6164
2615,萬海,45,32,13,中國信託-文心,2023-02-22,6164
00891,中信關鍵半導體,14,1,13,中國信託-文心,2023-02-22,6164
00632R,元大台灣50反1,525,51,474,中國信託-文心,2023-02-23,6164
00715L,期街口布蘭特正2,273,3,270,中國信託-文心,2023-02-23,6164
00676R,富邦臺灣加權反1,169,0,169,中國信託-文心,2023-02-23,6164
00686R,群益臺灣加權反1,109,0,109,中國信託-文心,2023-02-23,6164
00664R,國泰臺灣加權反1,79,5,74,中國信託-文心,2023-02-23,6164
00720B,元大投資級公司債,65,0,65,中國信託-文心,2023-02-23,6164
3481,群創,114,52,62,中國信託-文心,2023-02-23,6164
8383,千附,64,13,51,中國信託-文心,2023-02-23,6164
2317,鴻海,60,9,51,中國信託-文心,2023-02-23,6164
00903,富邦元宇宙,50,0,50,中國信託-文心,2023-02-23,6164
2882,國泰金,45,1,44,中國信託-文心,2023-02-23,6164
00713,元大台灣高息低波,40,0,40,中國信託-文心,2023-02-23,6164
5009,榮剛,42,4,38,中國信託-文心,2023-02-23,6164
1313,聯成,30,0,30,中國信託-文心,2023-02-23,6164
2409,友達,63,33,30,中國信託-文心,2023-02-23,6164
2002,中鋼,27,0,27,中國信託-文心,2023-02-23,6164
1584,精剛,36,12,24,中國信託-文心,2023-02-23,6164
4564,元翎,24,0,24,中國信託-文心,2023-02-23,6164
00772B,中信高評級公司債,22,0,22,中國信託-文心,2023-02-23,6164
00882,中信中國高股息,21,0,21,中國信託-文心,2023-02-23,6164
00679B,元大美債20年,21,0,21,中國信託-文心,2023-02-23,6164
2892,第一金,23,2,21,中國信託-文心,2023-02-23,6164
2208,台船,26,6,20,中國信託-文心,2023-02-23,6164
2007,燁興,20,0,20,中國信託-文心,2023-02-23,6164
00712,復華富時不動產,19,0,19,中國信託-文心,2023-02-23,6164
3027,盛達,26,7,19,中國信託-文心,2023-02-23,6164
2436,偉詮電,21,2,19,中國信託-文心,2023-02-23,6164
2887,台新金,19,1,18,中國信託-文心,2023-02-23,6164
6142,友勁,18,0,18,中國信託-文心,2023-02-23,6164
2471,資通,22,4,18,中國信託-文心,2023-02-23,6164
00725B,國泰投資級公司債,17,0,17,中國信託-文心,2023-02-23,6164
5905,南仁湖,21,4,17,中國信託-文心,2023-02-23,6164
00642U,期元大S＆P石油,18,1,17,中國信託-文心,2023-02-23,6164
00753L,中信中國50正2,17,0,17,中國信託-文心,2023-02-23,6164
8033,雷虎,41,25,16,中國信託-文心,2023-02-23,6164
2344,華邦電,21,5,16,中國信託-文心,2023-02-23,6164
8996,高力,22,7,15,中國信託-文心,2023-02-23,6164
1301,台塑,15,0,15,中國信託-文心,2023-02-23,6164
1217,愛之味,15,0,15,中國信託-文心,2023-02-23,6164
1303,南亞,16,2,14,中國信託-文心,2023-02-23,6164
3141,晶宏,15,1,14,中國信託-文心,2023-02-23,6164
2454,聯發科,25,11,14,中國信託-文心,2023-02-23,6164
00773B,中信優先金融債,14,0,14,中國信託-文心,2023-02-23,6164
2023,燁輝,19,5,14,中國信託-文心,2023-02-23,6164
8222,寶一,17,4,13,中國信託-文心,2023-02-23,6164
6129,普誠,13,0,13,中國信託-文心,2023-02-23,6164
3706,神達,14,1,13,中國信託-文心,2023-02-23,6164
2498,宏達電,39,27,12,中國信託-文心,2023-02-23,6164
4979,華星光,24,12,12,中國信託-文心,2023-02-23,6164
6288,聯嘉,15,4,11,中國信託-文心,2023-02-23,6164
00878,國泰永續高股息,468,21,447,中國信託-文心,2023-02-24,6164
00715L,期街口布蘭特正2,344,12,332,中國信託-文心,2023-02-24,6164
00753L,中信中國50正2,141,0,141,中國信託-文心,2023-02-24,6164
2618,長榮航,138,8,130,中國信託-文心,2023-02-24,6164
2317,鴻海,111,1,110,中國信託-文心,2023-02-24,6164
2002,中鋼,108,0,108,中國信託-文心,2023-02-24,6164
00902,中信電池及儲能,106,0,106,中國信託-文心,2023-02-24,6164
8050,廣積,74,6,68,中國信託-文心,2023-02-24,6164
00637L,元大滬深300正2,79,11,68,中國信託-文心,2023-02-24,6164
6288,聯嘉,65,1,64,中國信託-文心,2023-02-24,6164
3037,欣興,69,16,53,中國信託-文心,2023-02-24,6164
6282,康舒,57,6,51,中國信託-文心,2023-02-24,6164
00680L,元大美債20正2,50,0,50,中國信託-文心,2023-02-24,6164
2014,中鴻,49,0,49,中國信託-文心,2023-02-24,6164
00882,中信中國高股息,40,0,40,中國信託-文心,2023-02-24,6164
4114,健喬,38,1,37,中國信託-文心,2023-02-24,6164
2303,聯電,144,108,36,中國信託-文心,2023-02-24,6164
2812,台中銀,40,6,34,中國信託-文心,2023-02-24,6164
2882,國泰金,55,26,29,中國信託-文心,2023-02-24,6164
2603,長榮,253,230,23,中國信託-文心,2023-02-24,6164
1101,台泥,31,9,22,中國信託-文心,2023-02-24,6164
00641R,富邦日本反1,20,0,20,中國信託-文心,2023-02-24,6164
00642U,期元大S＆P石油,20,0,20,中國信託-文心,2023-02-24,6164
2313,華通,21,1,20,中國信託-文心,2023-02-24,6164
6443,元晶,31,12,19,中國信託-文心,2023-02-24,6164
2834,臺企銀,33,16,17,中國信託-文心,2023-02-24,6164
2484,希華,16,0,16,中國信託-文心,2023-02-24,6164
2031,新光鋼,18,2,16,中國信託-文心,2023-02-24,6164
2601,益航,45,29,16,中國信託-文心,2023-02-24,6164
3419,譁裕,16,0,16,中國信託-文心,2023-02-24,6164
2498,宏達電,59,43,16,中國信託-文心,2023-02-24,6164
3594,磐儀,25,10,15,中國信託-文心,2023-02-24,6164
2344,華邦電,18,3,15,中國信託-文心,2023-02-24,6164
3706,神達,19,4,15,中國信託-文心,2023-02-24,6164
2611,志信,33,18,15,中國信託-文心,2023-02-24,6164
3013,晟銘電,16,1,15,中國信託-文心,2023-02-24,6164
5701,劍湖山,39,25,14,中國信託-文心,2023-02-24,6164
2347,聯強,14,0,14,中國信託-文心,2023-02-24,6164
6118,建達,18,4,14,中國信託-文心,2023-02-24,6164
3036,文曄,13,0,13,中國信託-文心,2023-02-24,6164
2736,富野,37,24,13,中國信託-文心,2023-02-24,6164
9945,潤泰新,12,0,12,中國信託-文心,2023-02-24,6164
4968,立積,17,5,12,中國信託-文心,2023-02-24,6164
2701,萬企,12,0,12,中國信託-文心,2023-02-24,6164
5309,系統電,12,0,12,中國信託-文心,2023-02-24,6164
00919,群益台灣精選高息,12,0,12,中國信託-文心,2023-02-24,6164
8938,明安,16,4,12,中國信託-文心,2023-02-24,6164
5222,全訊,13,1,12,中國信託-文心,2023-02-24,6164
0056,元大高股息,34,22,12,中國信託-文心,2023-02-24,6164
1215,卜蜂,16,4,12,中國信託-文心,2023-02-24,6164
2002,中鋼,125,2,123,中國信託-文心,2023-03-01,6164
1605,華新,166,71,95,中國信託-文心,2023-03-01,6164
1101,台泥,99,28,71,中國信託-文心,2023-03-01,6164
2014,中鴻,118,50,68,中國信託-文心,2023-03-01,6164
00715L,期街口布蘭特正2,71,7,64,中國信託-文心,2023-03-01,6164
00680L,元大美債20正2,61,0,61,中國信託-文心,2023-03-01,6164
5009,榮剛,60,1,59,中國信託-文心,2023-03-01,6164
2609,陽明,65,14,51,中國信託-文心,2023-03-01,6164
00882,中信中國高股息,49,3,46,中國信託-文心,2023-03-01,6164
2409,友達,62,18,44,中國信託-文心,2023-03-01,6164
2317,鴻海,50,7,43,中國信託-文心,2023-03-01,6164
2881,富邦金,40,0,40,中國信託-文心,2023-03-01,6164
8403,盛弘,39,0,39,中國信託-文心,2023-03-01,6164
2601,益航,118,82,36,中國信託-文心,2023-03-01,6164
9945,潤泰新,40,5,35,中國信託-文心,2023-03-01,6164
2605,新興,73,40,33,中國信託-文心,2023-03-01,6164
00679B,元大美債20年,33,3,30,中國信託-文心,2023-03-01,6164
2618,長榮航,106,76,30,中國信託-文心,2023-03-01,6164
2610,華航,49,20,29,中國信託-文心,2023-03-01,6164
6841,長佳智能,31,6,25,中國信託-文心,2023-03-01,6164
3481,群創,37,15,22,中國信託-文心,2023-03-01,6164
2537,聯上發,23,1,22,中國信託-文心,2023-03-01,6164
6411,晶焱,21,0,21,中國信託-文心,2023-03-01,6164
2884,玉山金,23,2,21,中國信託-文心,2023-03-01,6164
0056,元大高股息,24,4,20,中國信託-文心,2023-03-01,6164
3264,欣銓,22,2,20,中國信託-文心,2023-03-01,6164
5438,東友,20,0,20,中國信託-文心,2023-03-01,6164
00712,復華富時不動產,20,0,20,中國信託-文心,2023-03-01,6164
00772B,中信高評級公司債,19,0,19,中國信託-文心,2023-03-01,6164
2748,雲品,38,19,19,中國信託-文心,2023-03-01,6164
1718,中纖,20,1,19,中國信託-文心,2023-03-01,6164
2887,台新金,21,3,18,中國信託-文心,2023-03-01,6164
2031,新光鋼,17,0,17,中國信託-文心,2023-03-01,6164
1220,台榮,17,0,17,中國信託-文心,2023-03-01,6164
00893,國泰智能電動車,21,4,17,中國信託-文心,2023-03-01,6164
2885,元大金,18,1,17,中國信託-文心,2023-03-01,6164
6789,采鈺,31,15,16,中國信託-文心,2023-03-01,6164
3231,緯創,16,1,15,中國信託-文心,2023-03-01,6164
2201,裕隆,57,42,15,中國信託-文心,2023-03-01,6164
1712,興農,18,3,15,中國信託-文心,2023-03-01,6164
6290,良維,20,5,15,中國信託-文心,2023-03-01,6164
6664,群翊,14,0,14,中國信託-文心,2023-03-01,6164
2882,國泰金,17,3,14,中國信託-文心,2023-03-01,6164
2419,仲琦,28,14,14,中國信託-文心,2023-03-01,6164
2891,中信金,19,6,13,中國信託-文心,2023-03-01,6164
00720B,元大投資級公司債,14,2,12,中國信託-文心,2023-03-01,6164
2539,櫻花建,12,0,12,中國信託-文心,2023-03-01,6164
1219,福壽,13,1,12,中國信託-文心,2023-03-01,6164
00862B,中信投資級公司債,12,0,12,中國信託-文心,2023-03-01,6164
6589,台康生技,14,2,12,中國信託-文心,2023-03-01,6164
00878,國泰永續高股息,536,8,528,中國信託-文心,2023-03-02,6164
00753L,中信中國50正2,117,19,98,中國信託-文心,2023-03-02,6164
00772B,中信高評級公司債,74,0,74,中國信託-文心,2023-03-02,6164
00632R,元大台灣50反1,130,70,60,中國信託-文心,2023-03-02,6164
2891,中信金,61,1,60,中國信託-文心,2023-03-02,6164
1720,生達,60,2,58,中國信託-文心,2023-03-02,6164
00712,復華富時不動產,56,0,56,中國信託-文心,2023-03-02,6164
00795B,中信美國公債20年,52,0,52,中國信託-文心,2023-03-02,6164
1605,華新,127,78,49,中國信託-文心,2023-03-02,6164
5608,四維航,107,72,35,中國信託-文心,2023-03-02,6164
2886,兆豐金,43,9,34,中國信託-文心,2023-03-02,6164
2834,臺企銀,34,3,31,中國信託-文心,2023-03-02,6164
00664R,國泰臺灣加權反1,30,0,30,中國信託-文心,2023-03-02,6164
3481,群創,38,8,30,中國信託-文心,2023-03-02,6164
2605,新興,142,112,30,中國信託-文心,2023-03-02,6164
2884,玉山金,30,1,29,中國信託-文心,2023-03-02,6164
2609,陽明,63,34,29,中國信託-文心,2023-03-02,6164
00713,元大台灣高息低波,27,1,26,中國信託-文心,2023-03-02,6164
2707,晶華,38,12,26,中國信託-文心,2023-03-02,6164
00885,富邦越南,26,3,23,中國信託-文心,2023-03-02,6164
2368,金像電,22,1,21,中國信託-文心,2023-03-02,6164
2881,富邦金,31,10,21,中國信託-文心,2023-03-02,6164
00679B,元大美債20年,20,0,20,中國信託-文心,2023-03-02,6164
3419,譁裕,20,0,20,中國信託-文心,2023-03-02,6164
6461,益得,21,2,19,中國信託-文心,2023-03-02,6164
00641R,富邦日本反1,18,0,18,中國信託-文心,2023-03-02,6164
2880,華南金,18,0,18,中國信託-文心,2023-03-02,6164
3056,富華新,19,2,17,中國信託-文心,2023-03-02,6164
00891,中信關鍵半導體,17,1,16,中國信託-文心,2023-03-02,6164
2303,聯電,48,32,16,中國信託-文心,2023-03-02,6164
00720B,元大投資級公司債,17,2,15,中國信託-文心,2023-03-02,6164
2534,宏盛,15,0,15,中國信託-文心,2023-03-02,6164
1210,大成,23,9,14,中國信託-文心,2023-03-02,6164
1503,士電,15,1,14,中國信託-文心,2023-03-02,6164
6741,91APP*-KY,23,9,14,中國信託-文心,2023-03-02,6164
00902,中信電池及儲能,15,1,14,中國信託-文心,2023-03-02,6164
2014,中鴻,32,18,14,中國信託-文心,2023-03-02,6164
8928,鉅明,17,3,14,中國信託-文心,2023-03-02,6164
3673,TPK-KY,13,0,13,中國信託-文心,2023-03-02,6164
2482,連宇,18,5,13,中國信託-文心,2023-03-02,6164
1513,中興電,20,8,12,中國信託-文心,2023-03-02,6164
3162,精確,16,4,12,中國信託-文心,2023-03-02,6164
2812,台中銀,15,3,12,中國信託-文心,2023-03-02,6164
1101,台泥,22,11,11,中國信託-文心,2023-03-02,6164
6116,彩晶,11,0,11,中國信託-文心,2023-03-02,6164
6167,久正,11,0,11,中國信託-文心,2023-03-02,6164
2867,三商壽,10,0,10,中國信託-文心,2023-03-02,6164
2405,輔信,10,0,10,中國信託-文心,2023-03-02,6164
00788B,元大10年IG電能債,10,0,10,中國信託-文心,2023-03-02,6164
00773B,中信優先金融債,10,0,10,中國信託-文心,2023-03-02,6164
00673R,期元大S＆P原油反1,143,0,143,中國信託-文心,2023-03-03,6164
00712,復華富時不動產,68,1,67,中國信託-文心,2023-03-03,6164
00679B,元大美債20年,62,0,62,中國信託-文心,2023-03-03,6164
00632R,元大台灣50反1,171,111,60,中國信託-文心,2023-03-03,6164
1605,華新,57,8,49,中國信託-文心,2023-03-03,6164
00795B,中信美國公債20年,42,0,42,中國信託-文心,2023-03-03,6164
00878,國泰永續高股息,89,47,42,中國信託-文心,2023-03-03,6164
2388,威盛,58,24,34,中國信託-文心,2023-03-03,6164
2812,台中銀,38,5,33,中國信託-文心,2023-03-03,6164
5701,劍湖山,30,0,30,中國信託-文心,2023-03-03,6164
00664R,國泰臺灣加權反1,30,0,30,中國信託-文心,2023-03-03,6164
00900,富邦特選高股息30,51,21,30,中國信託-文心,2023-03-03,6164
3056,富華新,29,0,29,中國信託-文心,2023-03-03,6164
5258,虹堡,67,44,23,中國信託-文心,2023-03-03,6164
5452,佶優,23,1,22,中國信託-文心,2023-03-03,6164
2618,長榮航,22,0,22,中國信託-文心,2023-03-03,6164
00902,中信電池及儲能,22,1,21,中國信託-文心,2023-03-03,6164
00680L,元大美債20正2,21,0,21,中國信託-文心,2023-03-03,6164
2891,中信金,24,3,21,中國信託-文心,2023-03-03,6164
2886,兆豐金,21,1,20,中國信託-文心,2023-03-03,6164
1720,生達,20,0,20,中國信託-文心,2023-03-03,6164
5371,中光電,24,4,20,中國信託-文心,2023-03-03,6164
00830,國泰費城半導體,21,2,19,中國信託-文心,2023-03-03,6164
00919,群益台灣精選高息,19,0,19,中國信託-文心,2023-03-03,6164
2368,金像電,23,5,18,中國信託-文心,2023-03-03,6164
2887,台新金,18,0,18,中國信託-文心,2023-03-03,6164
4541,晟田,29,12,17,中國信託-文心,2023-03-03,6164
00720B,元大投資級公司債,19,3,16,中國信託-文心,2023-03-03,6164
2609,陽明,49,34,15,中國信託-文心,2023-03-03,6164
1101,台泥,17,2,15,中國信託-文心,2023-03-03,6164
00862B,中信投資級公司債,15,0,15,中國信託-文心,2023-03-03,6164
6140,訊達,15,0,15,中國信託-文心,2023-03-03,6164
2017,官田鋼,15,0,15,中國信託-文心,2023-03-03,6164
3594,磐儀,26,11,15,中國信託-文心,2023-03-03,6164
2884,玉山金,23,8,15,中國信託-文心,2023-03-03,6164
2317,鴻海,31,17,14,中國信託-文心,2023-03-03,6164
2201,裕隆,67,53,14,中國信託-文心,2023-03-03,6164
3011,今皓,14,0,14,中國信託-文心,2023-03-03,6164
2375,凱美,17,3,14,中國信託-文心,2023-03-03,6164
2329,華泰,15,1,14,中國信託-文心,2023-03-03,6164
1513,中興電,32,19,13,中國信託-文心,2023-03-03,6164
8227,巨有科技,22,9,13,中國信託-文心,2023-03-03,6164
6288,聯嘉,14,1,13,中國信託-文心,2023-03-03,6164
6142,友勁,16,3,13,中國信託-文心,2023-03-03,6164
8421,旭源,13,0,13,中國信託-文心,2023-03-03,6164
1752,南光,15,2,13,中國信託-文心,2023-03-03,6164
1714,和桐,13,0,13,中國信託-文心,2023-03-03,6164
2457,飛宏,74,62,12,中國信託-文心,2023-03-03,6164
3441,聯一光,14,2,12,中國信託-文心,2023-03-03,6164
4979,華星光,14,2,12,中國信託-文心,2023-03-03,6164
00673R,期元大S＆P原油反1,322,0,322,中國信託-文心,2023-03-06,6164
2883,凱基金,202,3,199,中國信託-文心,2023-03-06,6164
2511,太子,119,0,119,中國信託-文心,2023-03-06,6164
00706L,期元大S＆P日圓正2,105,0,105,中國信託-文心,2023-03-06,6164
2609,陽明,122,31,91,中國信託-文心,2023-03-06,6164
00637L,元大滬深300正2,68,4,64,中國信託-文心,2023-03-06,6164
2409,友達,215,152,63,中國信託-文心,2023-03-06,6164
1217,愛之味,66,3,63,中國信託-文心,2023-03-06,6164
3011,今皓,60,0,60,中國信託-文心,2023-03-06,6164
1514,亞力,57,2,55,中國信託-文心,2023-03-06,6164
3481,群創,98,46,52,中國信託-文心,2023-03-06,6164
4102,永日,60,8,52,中國信託-文心,2023-03-06,6164
2886,兆豐金,54,10,44,中國信託-文心,2023-03-06,6164
1584,精剛,56,18,38,中國信託-文心,2023-03-06,6164
6288,聯嘉,37,0,37,中國信託-文心,2023-03-06,6164
2605,新興,67,30,37,中國信託-文心,2023-03-06,6164
00713,元大台灣高息低波,42,8,34,中國信託-文心,2023-03-06,6164
5701,劍湖山,30,0,30,中國信託-文心,2023-03-06,6164
2891,中信金,31,2,29,中國信託-文心,2023-03-06,6164
5536,聖暉*,28,0,28,中國信託-文心,2023-03-06,6164
00772B,中信高評級公司債,27,2,25,中國信託-文心,2023-03-06,6164
2420,新巨,22,0,22,中國信託-文心,2023-03-06,6164
2867,三商壽,26,7,19,中國信託-文心,2023-03-06,6164
2723,美食-KY,57,38,19,中國信託-文心,2023-03-06,6164
2338,光罩,22,3,19,中國信託-文心,2023-03-06,6164
3416,融程電,18,0,18,中國信託-文心,2023-03-06,6164
1762,中化生,17,0,17,中國信託-文心,2023-03-06,6164
3432,台端,17,0,17,中國信託-文心,2023-03-06,6164
2374,佳能,25,8,17,中國信託-文心,2023-03-06,6164
00712,復華富時不動產,20,4,16,中國信託-文心,2023-03-06,6164
3673,TPK-KY,21,5,16,中國信託-文心,2023-03-06,6164
2002,中鋼,18,2,16,中國信託-文心,2023-03-06,6164
2014,中鴻,15,0,15,中國信託-文心,2023-03-06,6164
8070,長華*,14,0,14,中國信託-文心,2023-03-06,6164
4960,誠美材,14,1,13,中國信託-文心,2023-03-06,6164
8222,寶一,44,31,13,中國信託-文心,2023-03-06,6164
1210,大成,41,29,12,中國信託-文心,2023-03-06,6164
2515,中工,12,0,12,中國信託-文心,2023-03-06,6164
00675L,富邦臺灣加權正2,15,3,12,中國信託-文心,2023-03-06,6164
1712,興農,13,2,11,中國信託-文心,2023-03-06,6164
3321,同泰,14,3,11,中國信託-文心,2023-03-06,6164
1442,名軒,10,0,10,中國信託-文心,2023-03-06,6164
2495,普安,11,1,10,中國信託-文心,2023-03-06,6164
2836,高雄銀,10,0,10,中國信託-文心,2023-03-06,6164
00753L,中信中國50正2,20,10,10,中國信託-文心,2023-03-06,6164
2064,晉椿,10,0,10,中國信託-文心,2023-03-06,6164
2401,凌陽,10,0,10,中國信託-文心,2023-03-06,6164
00642U,期元大S＆P石油,10,0,10,中國信託-文心,2023-03-06,6164
1609,大亞,12,2,10,中國信託-文心,2023-03-06,6164
4541,晟田,14,4,10,中國信託-文心,2023-03-06,6164
00673R,期元大S＆P原油反1,728,0,728,中國信託-文心,2023-03-07,6164
00632R,元大台灣50反1,350,170,180,中國信託-文心,2023-03-07,6164
2890,永豐金,106,5,101,中國信託-文心,2023-03-07,6164
2634,漢翔,74,6,68,中國信託-文心,2023-03-07,6164
00712,復華富時不動產,96,31,65,中國信託-文心,2023-03-07,6164
00878,國泰永續高股息,101,39,62,中國信託-文心,2023-03-07,6164
9907,統一實,64,5,59,中國信託-文心,2023-03-07,6164
2409,友達,84,31,53,中國信託-文心,2023-03-07,6164
3481,群創,62,16,46,中國信託-文心,2023-03-07,6164
3356,奇偶,49,9,40,中國信託-文心,2023-03-07,6164
1609,大亞,69,33,36,中國信託-文心,2023-03-07,6164
00637L,元大滬深300正2,42,10,32,中國信託-文心,2023-03-07,6164
00900,富邦特選高股息30,35,4,31,中國信託-文心,2023-03-07,6164
2534,宏盛,30,1,29,中國信託-文心,2023-03-07,6164
00720B,元大投資級公司債,26,0,26,中國信託-文心,2023-03-07,6164
2610,華航,37,13,24,中國信託-文心,2023-03-07,6164
2375,凱美,31,7,24,中國信託-文心,2023-03-07,6164
2405,輔信,23,1,22,中國信託-文心,2023-03-07,6164
2420,新巨,22,0,22,中國信託-文心,2023-03-07,6164
00772B,中信高評級公司債,21,0,21,中國信託-文心,2023-03-07,6164
3049,精金,20,0,20,中國信託-文心,2023-03-07,6164
2486,一詮,53,33,20,中國信託-文心,2023-03-07,6164
3059,華晶科,21,2,19,中國信託-文心,2023-03-07,6164
5871,中租-KY,25,8,17,中國信託-文心,2023-03-07,6164
6443,元晶,42,25,17,中國信託-文心,2023-03-07,6164
1442,名軒,16,0,16,中國信託-文心,2023-03-07,6164
3138,耀登,16,0,16,中國信託-文心,2023-03-07,6164
4743,合一,16,1,15,中國信託-文心,2023-03-07,6164
8112,至上,15,1,14,中國信託-文心,2023-03-07,6164
3552,同致,35,21,14,中國信託-文心,2023-03-07,6164
2834,臺企銀,36,23,13,中國信託-文心,2023-03-07,6164
6234,高僑,20,7,13,中國信託-文心,2023-03-07,6164
6235,華孚,64,51,13,中國信託-文心,2023-03-07,6164
1101,台泥,24,12,12,中國信託-文心,2023-03-07,6164
5258,虹堡,23,11,12,中國信託-文心,2023-03-07,6164
6205,詮欣,12,0,12,中國信託-文心,2023-03-07,6164
6116,彩晶,12,0,12,中國信託-文心,2023-03-07,6164
4102,永日,12,0,12,中國信託-文心,2023-03-07,6164
8462,柏文,20,8,12,中國信託-文心,2023-03-07,6164
6548,長科*,18,6,12,中國信託-文心,2023-03-07,6164
5880,合庫金,12,0,12,中國信託-文心,2023-03-07,6164
6589,台康生技,15,4,11,中國信託-文心,2023-03-07,6164
2236,百達-KY,11,0,11,中國信託-文心,2023-03-07,6164
00903,富邦元宇宙,11,0,11,中國信託-文心,2023-03-07,6164
2641,正德,13,2,11,中國信託-文心,2023-03-07,6164
6841,長佳智能,11,0,11,中國信託-文心,2023-03-07,6164
00773B,中信優先金融債,10,0,10,中國信託-文心,2023-03-07,6164
1712,興農,15,5,10,中國信託-文心,2023-03-07,6164
00753L,中信中國50正2,10,0,10,中國信託-文心,2023-03-07,6164
00902,中信電池及儲能,10,0,10,中國信託-文心,2023-03-07,6164
00753L,中信中國50正2,206,18,188,中國信託-文心,2023-03-08,6164
00673R,期元大S＆P原油反1,197,12,185,中國信託-文心,2023-03-08,6164
1409,新纖,150,0,150,中國信託-文心,2023-03-08,6164
2610,華航,173,30,143,中國信託-文心,2023-03-08,6164
00648R,元大S＆P500反1,125,0,125,中國信託-文心,2023-03-08,6164
00637L,元大滬深300正2,157,47,110,中國信託-文心,2023-03-08,6164
00923,群益台ESG低碳50,119,11,108,中國信託-文心,2023-03-08,6164
5009,榮剛,109,32,77,中國信託-文心,2023-03-08,6164
00712,復華富時不動產,65,0,65,中國信託-文心,2023-03-08,6164
00878,國泰永續高股息,150,85,65,中國信託-文心,2023-03-08,6164
2812,台中銀,67,4,63,中國信託-文心,2023-03-08,6164
00713,元大台灣高息低波,59,3,56,中國信託-文心,2023-03-08,6164
2105,正新,50,3,47,中國信託-文心,2023-03-08,6164
6016,康和證,47,1,46,中國信託-文心,2023-03-08,6164
2609,陽明,54,11,43,中國信託-文心,2023-03-08,6164
6129,普誠,92,52,40,中國信託-文心,2023-03-08,6164
2891,中信金,40,2,38,中國信託-文心,2023-03-08,6164
00902,中信電池及儲能,35,0,35,中國信託-文心,2023-03-08,6164
00891,中信關鍵半導體,34,0,34,中國信託-文心,2023-03-08,6164
2534,宏盛,32,0,32,中國信託-文心,2023-03-08,6164
2317,鴻海,40,9,31,中國信託-文心,2023-03-08,6164
00738U,期元大道瓊白銀,30,0,30,中國信託-文心,2023-03-08,6164
00882,中信中國高股息,31,2,29,中國信託-文心,2023-03-08,6164
3011,今皓,27,0,27,中國信託-文心,2023-03-08,6164
2867,三商壽,41,15,26,中國信託-文心,2023-03-08,6164
6770,力積電,30,5,25,中國信託-文心,2023-03-08,6164
00638R,元大滬深300反1,23,0,23,中國信託-文心,2023-03-08,6164
00895,富邦未來車,23,0,23,中國信託-文心,2023-03-08,6164
00650L,復華香港正2,46,23,23,中國信託-文心,2023-03-08,6164
9907,統一實,56,33,23,中國信託-文心,2023-03-08,6164
0056,元大高股息,45,22,23,中國信託-文心,2023-03-08,6164
3035,智原,23,1,22,中國信託-文心,2023-03-08,6164
00632R,元大台灣50反1,59,37,22,中國信託-文心,2023-03-08,6164
2376,技嘉,22,0,22,中國信託-文心,2023-03-08,6164
2444,兆勁,23,1,22,中國信託-文心,2023-03-08,6164
3419,譁裕,23,1,22,中國信託-文心,2023-03-08,6164
2603,長榮,27,6,21,中國信託-文心,2023-03-08,6164
3029,零壹,32,12,20,中國信託-文心,2023-03-08,6164
4746,台耀,25,6,19,中國信託-文心,2023-03-08,6164
2881,富邦金,18,0,18,中國信託-文心,2023-03-08,6164
1762,中化生,18,0,18,中國信託-文心,2023-03-08,6164
1102,亞泥,18,0,18,中國信託-文心,2023-03-08,6164
00665L,富邦�琤肭磪囓�2,24,6,18,中國信託-文心,2023-03-08,6164
00651R,復華香港反1,21,3,18,中國信託-文心,2023-03-08,6164
00679B,元大美債20年,17,0,17,中國信託-文心,2023-03-08,6164
2630,亞航,20,3,17,中國信託-文心,2023-03-08,6164
00752,中信中國50,18,1,17,中國信託-文心,2023-03-08,6164
0050,元大台灣50,28,11,17,中國信託-文心,2023-03-08,6164
1504,東元,49,33,16,中國信託-文心,2023-03-08,6164
3694,海華,16,0,16,中國信託-文心,2023-03-08,6164
00878,國泰永續高股息,300,4,296,中國信託-文心,2023-03-09,6164
2002,中鋼,143,0,143,中國信託-文心,2023-03-09,6164
2344,華邦電,107,11,96,中國信託-文心,2023-03-09,6164
00712,復華富時不動產,93,8,85,中國信託-文心,2023-03-09,6164
3481,群創,124,41,83,中國信託-文心,2023-03-09,6164
2610,華航,139,65,74,中國信託-文心,2023-03-09,6164
2812,台中銀,82,13,69,中國信託-文心,2023-03-09,6164
00713,元大台灣高息低波,64,0,64,中國信託-文心,2023-03-09,6164
2312,金寶,64,1,63,中國信託-文心,2023-03-09,6164
00637L,元大滬深300正2,71,11,60,中國信託-文心,2023-03-09,6164
2409,友達,79,19,60,中國信託-文心,2023-03-09,6164
0056,元大高股息,53,0,53,中國信託-文心,2023-03-09,6164
6548,長科*,52,1,51,中國信託-文心,2023-03-09,6164
6443,元晶,55,5,50,中國信託-文心,2023-03-09,6164
2891,中信金,56,8,48,中國信託-文心,2023-03-09,6164
2886,兆豐金,43,0,43,中國信託-文心,2023-03-09,6164
3591,艾笛森,44,3,41,中國信託-文心,2023-03-09,6164
2883,凱基金,45,5,40,中國信託-文心,2023-03-09,6164
00772B,中信高評級公司債,38,0,38,中國信託-文心,2023-03-09,6164
3037,欣興,41,8,33,中國信託-文心,2023-03-09,6164
00753L,中信中國50正2,30,0,30,中國信託-文心,2023-03-09,6164
1609,大亞,31,2,29,中國信託-文心,2023-03-09,6164
2884,玉山金,30,1,29,中國信託-文心,2023-03-09,6164
8222,寶一,180,152,28,中國信託-文心,2023-03-09,6164
2881,富邦金,29,1,28,中國信託-文心,2023-03-09,6164
6125,廣運,30,2,28,中國信託-文心,2023-03-09,6164
8111,立��,29,2,27,中國信託-文心,2023-03-09,6164
6282,康舒,39,13,26,中國信託-文心,2023-03-09,6164
2368,金像電,33,8,25,中國信託-文心,2023-03-09,6164
6126,信音,25,0,25,中國信託-文心,2023-03-09,6164
00632R,元大台灣50反1,47,22,25,中國信託-文心,2023-03-09,6164
00715L,期街口布蘭特正2,24,0,24,中國信託-文心,2023-03-09,6164
2484,希華,26,2,24,中國信託-文心,2023-03-09,6164
1101,台泥,27,4,23,中國信託-文心,2023-03-09,6164
5309,系統電,31,10,21,中國信託-文心,2023-03-09,6164
1598,岱宇,20,0,20,中國信託-文心,2023-03-09,6164
3289,宜特,51,31,20,中國信託-文心,2023-03-09,6164
4903,聯光通,20,0,20,中國信託-文心,2023-03-09,6164
00671R,富邦NASDAQ反1,20,0,20,中國信託-文心,2023-03-09,6164
00720B,元大投資級公司債,18,0,18,中國信託-文心,2023-03-09,6164
3264,欣銓,20,2,18,中國信託-文心,2023-03-09,6164
6235,華孚,64,46,18,中國信託-文心,2023-03-09,6164
4958,臻鼎-KY,17,0,17,中國信託-文心,2023-03-09,6164
3652,精聯,18,1,17,中國信託-文心,2023-03-09,6164
6233,旺玖,54,37,17,中國信託-文心,2023-03-09,6164
3209,全科,23,6,17,中國信託-文心,2023-03-09,6164
00751B,元大AAA至A公司債,21,4,17,中國信託-文心,2023-03-09,6164
00923,群益台ESG低碳50,29,13,16,中國信託-文心,2023-03-09,6164
1432,大魯閣,28,12,16,中國信託-文心,2023-03-09,6164
00902,中信電池及儲能,16,1,15,中國信託-文心,2023-03-09,6164
00632R,元大台灣50反1,1163,345,818,中國信託-文心,2023-03-10,6164
00878,國泰永續高股息,568,126,442,中國信託-文心,2023-03-10,6164
00712,復華富時不動產,180,0,180,中國信託-文心,2023-03-10,6164
00664R,國泰臺灣加權反1,131,0,131,中國信託-文心,2023-03-10,6164
00713,元大台灣高息低波,102,0,102,中國信託-文心,2023-03-10,6164
00715L,期街口布蘭特正2,101,0,101,中國信託-文心,2023-03-10,6164
5512,力麒,102,12,90,中國信託-文心,2023-03-10,6164
1522,堤維西,83,1,82,中國信託-文心,2023-03-10,6164
2610,華航,193,111,82,中國信託-文心,2023-03-10,6164
00923,群益台ESG低碳50,94,13,81,中國信託-文心,2023-03-10,6164
2344,華邦電,84,6,78,中國信託-文心,2023-03-10,6164
3624,光頡,87,13,74,中國信託-文心,2023-03-10,6164
2812,台中銀,89,17,72,中國信託-文心,2023-03-10,6164
0056,元大高股息,97,27,70,中國信託-文心,2023-03-10,6164
00637L,元大滬深300正2,68,3,65,中國信託-文心,2023-03-10,6164
2618,長榮航,74,12,62,中國信託-文心,2023-03-10,6164
2891,中信金,63,7,56,中國信託-文心,2023-03-10,6164
2888,新光金,59,5,54,中國信託-文心,2023-03-10,6164
0050,元大台灣50,58,9,49,中國信託-文心,2023-03-10,6164
00753L,中信中國50正2,89,41,48,中國信託-文心,2023-03-10,6164
2634,漢翔,54,6,48,中國信託-文心,2023-03-10,6164
2609,陽明,412,370,42,中國信託-文心,2023-03-10,6164
00882,中信中國高股息,41,0,41,中國信託-文心,2023-03-10,6164
8069,元太,48,8,40,中國信託-文心,2023-03-10,6164
2880,華南金,39,0,39,中國信託-文心,2023-03-10,6164
6180,橘子,39,0,39,中國信託-文心,2023-03-10,6164
2834,臺企銀,42,7,35,中國信託-文心,2023-03-10,6164
6126,信音,34,0,34,中國信託-文心,2023-03-10,6164
2534,宏盛,68,35,33,中國信託-文心,2023-03-10,6164
3356,奇偶,38,6,32,中國信託-文心,2023-03-10,6164
00900,富邦特選高股息30,34,2,32,中國信託-文心,2023-03-10,6164
2882,國泰金,32,0,32,中國信託-文心,2023-03-10,6164
00788B,元大10年IG電能債,30,0,30,中國信託-文心,2023-03-10,6164
2884,玉山金,42,13,29,中國信託-文心,2023-03-10,6164
2317,鴻海,39,10,29,中國信託-文心,2023-03-10,6164
3591,艾笛森,45,17,28,中國信託-文心,2023-03-10,6164
1504,東元,47,19,28,中國信託-文心,2023-03-10,6164
3037,欣興,42,15,27,中國信託-文心,2023-03-10,6164
2002,中鋼,28,1,27,中國信託-文心,2023-03-10,6164
5425,台半,46,20,26,中國信託-文心,2023-03-10,6164
2498,宏達電,28,3,25,中國信託-文心,2023-03-10,6164
1605,華新,36,11,25,中國信託-文心,2023-03-10,6164
00905,FT臺灣Smart,25,0,25,中國信託-文心,2023-03-10,6164
00680L,元大美債20正2,25,0,25,中國信託-文心,2023-03-10,6164
2633,台灣高鐵,25,1,24,中國信託-文心,2023-03-10,6164
00891,中信關鍵半導體,24,1,23,中國信託-文心,2023-03-10,6164
6125,廣運,23,0,23,中國信託-文心,2023-03-10,6164
2887,台新金,23,0,23,中國信託-文心,2023-03-10,6164
2615,萬海,69,47,22,中國信託-文心,2023-03-10,6164
2641,正德,29,8,21,中國信託-文心,2023-03-10,6164
00878,國泰永續高股息,618,181,437,中國信託-文心,2023-03-13,6164
00632R,元大台灣50反1,273,125,148,中國信託-文心,2023-03-13,6164
00712,復華富時不動產,170,30,140,中國信託-文心,2023-03-13,6164
4989,榮科,104,4,100,中國信託-文心,2023-03-13,6164
911868,同方友友-DR,100,0,100,中國信託-文心,2023-03-13,6164
2609,陽明,204,112,92,中國信託-文心,2023-03-13,6164
00713,元大台灣高息低波,88,0,88,中國信託-文心,2023-03-13,6164
00680L,元大美債20正2,113,31,82,中國信託-文心,2023-03-13,6164
2359,所羅門,84,18,66,中國信託-文心,2023-03-13,6164
2317,鴻海,68,9,59,中國信託-文心,2023-03-13,6164
00679B,元大美債20年,55,1,54,中國信託-文心,2023-03-13,6164
2884,玉山金,69,16,53,中國信託-文心,2023-03-13,6164
00664R,國泰臺灣加權反1,103,55,48,中國信託-文心,2023-03-13,6164
2634,漢翔,95,49,46,中國信託-文心,2023-03-13,6164
2812,台中銀,46,4,42,中國信託-文心,2023-03-13,6164
00751B,元大AAA至A公司債,40,0,40,中國信託-文心,2023-03-13,6164
00676R,富邦臺灣加權反1,40,0,40,中國信託-文心,2023-03-13,6164
1313,聯成,33,0,33,中國信託-文心,2023-03-13,6164
00687B,國泰20年美債,30,0,30,中國信託-文心,2023-03-13,6164
6535,順藥,30,0,30,中國信託-文心,2023-03-13,6164
9945,潤泰新,31,2,29,中國信託-文心,2023-03-13,6164
2421,建準,42,13,29,中國信託-文心,2023-03-13,6164
2482,連宇,41,13,28,中國信託-文心,2023-03-13,6164
2887,台新金,30,4,26,中國信託-文心,2023-03-13,6164
1101,台泥,30,4,26,中國信託-文心,2023-03-13,6164
00720B,元大投資級公司債,23,1,22,中國信託-文心,2023-03-13,6164
2427,三商電,32,10,22,中國信託-文心,2023-03-13,6164
00772B,中信高評級公司債,22,0,22,中國信託-文心,2023-03-13,6164
1316,上曜,32,11,21,中國信託-文心,2023-03-13,6164
5880,合庫金,19,0,19,中國信託-文心,2023-03-13,6164
6121,新普,18,0,18,中國信託-文心,2023-03-13,6164
6609,瀧澤科,17,0,17,中國信託-文心,2023-03-13,6164
1612,宏泰,20,4,16,中國信託-文心,2023-03-13,6164
5371,中光電,17,1,16,中國信託-文心,2023-03-13,6164
3090,日電貿,16,0,16,中國信託-文心,2023-03-13,6164
1762,中化生,18,2,16,中國信託-文心,2023-03-13,6164
8936,國統,17,2,15,中國信託-文心,2023-03-13,6164
6285,啟��,15,0,15,中國信託-文心,2023-03-13,6164
3682,亞太電,15,0,15,中國信託-文心,2023-03-13,6164
2891,中信金,35,21,14,中國信託-文心,2023-03-13,6164
8021,尖點,17,3,14,中國信託-文心,2023-03-13,6164
00651R,復華香港反1,15,1,14,中國信託-文心,2023-03-13,6164
1218,泰山,14,0,14,中國信託-文心,2023-03-13,6164
2388,威盛,46,33,13,中國信託-文心,2023-03-13,6164
9105,泰金寶-DR,13,0,13,中國信託-文心,2023-03-13,6164
6290,良維,12,0,12,中國信託-文心,2023-03-13,6164
00671R,富邦NASDAQ反1,12,0,12,中國信託-文心,2023-03-13,6164
3624,光頡,19,7,12,中國信託-文心,2023-03-13,6164
4979,華星光,19,7,12,中國信託-文心,2023-03-13,6164
00635U,期元大S＆P黃金,11,0,11,中國信託-文心,2023-03-13,6164
00878,國泰永續高股息,833,155,678,中國信託-文心,2023-03-14,6164
00715L,期街口布蘭特正2,527,5,522,中國信託-文心,2023-03-14,6164
2303,聯電,267,26,241,中國信託-文心,2023-03-14,6164
2891,中信金,165,32,133,中國信託-文心,2023-03-14,6164
00882,中信中國高股息,128,5,123,中國信託-文心,2023-03-14,6164
2880,華南金,122,0,122,中國信託-文心,2023-03-14,6164
00679B,元大美債20年,126,9,117,中國信託-文心,2023-03-14,6164
2834,臺企銀,136,25,111,中國信託-文心,2023-03-14,6164
2618,長榮航,185,77,108,中國信託-文心,2023-03-14,6164
00712,復華富時不動產,105,5,100,中國信託-文心,2023-03-14,6164
2609,陽明,174,74,100,中國信託-文心,2023-03-14,6164
2888,新光金,99,3,96,中國信託-文心,2023-03-14,6164
2344,華邦電,85,0,85,中國信託-文心,2023-03-14,6164
2610,華航,96,14,82,中國信託-文心,2023-03-14,6164
00772B,中信高評級公司債,64,0,64,中國信託-文心,2023-03-14,6164
2812,台中銀,61,3,58,中國信託-文心,2023-03-14,6164
00665L,富邦�琤肭磪囓�2,55,0,55,中國信託-文心,2023-03-14,6164
911868,同方友友-DR,50,0,50,中國信託-文心,2023-03-14,6164
2515,中工,45,0,45,中國信託-文心,2023-03-14,6164
2884,玉山金,45,3,42,中國信託-文心,2023-03-14,6164
2025,千興,40,1,39,中國信託-文心,2023-03-14,6164
0056,元大高股息,63,25,38,中國信託-文心,2023-03-14,6164
5880,合庫金,38,2,36,中國信託-文心,2023-03-14,6164
3416,融程電,39,3,36,中國信託-文心,2023-03-14,6164
00669R,國泰美國道瓊反1,35,0,35,中國信託-文心,2023-03-14,6164
2317,鴻海,37,3,34,中國信託-文心,2023-03-14,6164
2615,萬海,42,8,34,中國信託-文心,2023-03-14,6164
00713,元大台灣高息低波,47,13,34,中國信託-文心,2023-03-14,6164
2867,三商壽,47,13,34,中國信託-文心,2023-03-14,6164
1513,中興電,42,11,31,中國信託-文心,2023-03-14,6164
2883,凱基金,43,12,31,中國信託-文心,2023-03-14,6164
00637L,元大滬深300正2,30,0,30,中國信託-文心,2023-03-14,6164
2630,亞航,30,0,30,中國信託-文心,2023-03-14,6164
00902,中信電池及儲能,39,10,29,中國信託-文心,2023-03-14,6164
00720B,元大投資級公司債,33,5,28,中國信託-文心,2023-03-14,6164
00642U,期元大S＆P石油,40,13,27,中國信託-文心,2023-03-14,6164
00923,群益台ESG低碳50,26,0,26,中國信託-文心,2023-03-14,6164
00753L,中信中國50正2,25,0,25,中國信託-文心,2023-03-14,6164
3356,奇偶,23,0,23,中國信託-文心,2023-03-14,6164
2409,友達,33,10,23,中國信託-文心,2023-03-14,6164
2882,國泰金,24,2,22,中國信託-文心,2023-03-14,6164
4916,事欣科,31,9,22,中國信託-文心,2023-03-14,6164
1313,聯成,20,0,20,中國信託-文心,2023-03-14,6164
3017,奇鋐,22,2,20,中國信託-文心,2023-03-14,6164
2892,第一金,19,1,18,中國信託-文心,2023-03-14,6164
3264,欣銓,24,6,18,中國信託-文心,2023-03-14,6164
3362,先進光,20,3,17,中國信託-文心,2023-03-14,6164
2886,兆豐金,24,7,17,中國信託-文心,2023-03-14,6164
2816,旺旺保,17,0,17,中國信託-文心,2023-03-14,6164
2498,宏達電,35,18,17,中國信託-文心,2023-03-14,6164
00715L,期街口布蘭特正2,569,0,569,中國信託-文心,2023-03-15,6164
00878,國泰永續高股息,401,33,368,中國信託-文心,2023-03-15,6164
00712,復華富時不動產,138,0,138,中國信託-文心,2023-03-15,6164
2603,長榮,260,147,113,中國信託-文心,2023-03-15,6164
00902,中信電池及儲能,111,1,110,中國信託-文心,2023-03-15,6164
2516,新建,80,0,80,中國信託-文心,2023-03-15,6164
2609,陽明,104,29,75,中國信託-文心,2023-03-15,6164
2888,新光金,67,0,67,中國信託-文心,2023-03-15,6164
2883,凱基金,78,15,63,中國信託-文心,2023-03-15,6164
2891,中信金,72,13,59,中國信託-文心,2023-03-15,6164
0056,元大高股息,63,6,57,中國信託-文心,2023-03-15,6164
1611,中電,104,50,54,中國信託-文心,2023-03-15,6164
2886,兆豐金,59,6,53,中國信託-文心,2023-03-15,6164
2884,玉山金,49,4,45,中國信託-文心,2023-03-15,6164
5880,合庫金,44,0,44,中國信託-文心,2023-03-15,6164
2482,連宇,63,21,42,中國信託-文心,2023-03-15,6164
2834,臺企銀,42,0,42,中國信託-文心,2023-03-15,6164
2614,東森,43,4,39,中國信託-文心,2023-03-15,6164
00713,元大台灣高息低波,39,0,39,中國信託-文心,2023-03-15,6164
911868,同方友友-DR,35,0,35,中國信託-文心,2023-03-15,6164
2812,台中銀,36,2,34,中國信託-文心,2023-03-15,6164
4934,太極,39,6,33,中國信託-文心,2023-03-15,6164
9945,潤泰新,30,0,30,中國信託-文心,2023-03-15,6164
0050,元大台灣50,26,2,24,中國信託-文心,2023-03-15,6164
00680L,元大美債20正2,32,9,23,中國信託-文心,2023-03-15,6164
00679B,元大美債20年,22,0,22,中國信託-文心,2023-03-15,6164
00720B,元大投資級公司債,26,5,21,中國信託-文心,2023-03-15,6164
8171,天宇,23,2,21,中國信託-文心,2023-03-15,6164
00917,中信特選金融,20,0,20,中國信託-文心,2023-03-15,6164
2881,富邦金,19,0,19,中國信託-文心,2023-03-15,6164
3494,誠研,21,3,18,中國信託-文心,2023-03-15,6164
2892,第一金,17,0,17,中國信託-文心,2023-03-15,6164
00642U,期元大S＆P石油,26,10,16,中國信託-文心,2023-03-15,6164
2201,裕隆,37,22,15,中國信託-文心,2023-03-15,6164
2880,華南金,15,1,14,中國信託-文心,2023-03-15,6164
00637L,元大滬深300正2,30,16,14,中國信託-文心,2023-03-15,6164
1535,中宇,14,0,14,中國信託-文心,2023-03-15,6164
3380,明泰,14,0,14,中國信託-文心,2023-03-15,6164
5608,四維航,26,13,13,中國信託-文心,2023-03-15,6164
1104,環泥,13,0,13,中國信託-文心,2023-03-15,6164
2515,中工,14,1,13,中國信託-文心,2023-03-15,6164
2002,中鋼,13,1,12,中國信託-文心,2023-03-15,6164
2027,大成鋼,25,13,12,中國信託-文心,2023-03-15,6164
6282,康舒,74,62,12,中國信託-文心,2023-03-15,6164
2453,凌群,36,24,12,中國信託-文心,2023-03-15,6164
3356,奇偶,11,0,11,中國信託-文心,2023-03-15,6164
2890,永豐金,14,3,11,中國信託-文心,2023-03-15,6164
3025,星通,11,0,11,中國信託-文心,2023-03-15,6164
00885,富邦越南,26,16,10,中國信託-文心,2023-03-15,6164
2031,新光鋼,10,0,10,中國信託-文心,2023-03-15,6164
00878,國泰永續高股息,552,41,511,中國信託-文心,2023-03-16,6164
00715L,期街口布蘭特正2,596,252,344,中國信託-文心,2023-03-16,6164
2834,臺企銀,410,70,340,中國信託-文心,2023-03-16,6164
2891,中信金,255,42,213,中國信託-文心,2023-03-16,6164
00642U,期元大S＆P石油,136,17,119,中國信託-文心,2023-03-16,6164
00712,復華富時不動產,106,0,106,中國信託-文心,2023-03-16,6164
00713,元大台灣高息低波,108,2,106,中國信託-文心,2023-03-16,6164
00664R,國泰臺灣加權反1,80,0,80,中國信託-文心,2023-03-16,6164
2515,中工,76,3,73,中國信託-文心,2023-03-16,6164
2884,玉山金,91,24,67,中國信託-文心,2023-03-16,6164
00902,中信電池及儲能,65,0,65,中國信託-文心,2023-03-16,6164
6282,康舒,113,53,60,中國信託-文心,2023-03-16,6164
0056,元大高股息,79,20,59,中國信託-文心,2023-03-16,6164
5009,榮剛,56,1,55,中國信託-文心,2023-03-16,6164
4934,太極,112,58,54,中國信託-文心,2023-03-16,6164
2530,華建,50,0,50,中國信託-文心,2023-03-16,6164
5315,光聯,68,25,43,中國信託-文心,2023-03-16,6164
2618,長榮航,58,16,42,中國信託-文心,2023-03-16,6164
0050,元大台灣50,41,2,39,中國信託-文心,2023-03-16,6164
3056,富華新,99,62,37,中國信託-文心,2023-03-16,6164
2002,中鋼,34,0,34,中國信託-文心,2023-03-16,6164
3264,欣銓,47,13,34,中國信託-文心,2023-03-16,6164
2027,大成鋼,37,4,33,中國信託-文心,2023-03-16,6164
2888,新光金,38,5,33,中國信託-文心,2023-03-16,6164
2610,華航,45,12,33,中國信託-文心,2023-03-16,6164
00753L,中信中國50正2,35,4,31,中國信託-文心,2023-03-16,6164
2882,國泰金,44,13,31,中國信託-文心,2023-03-16,6164
2881,富邦金,30,0,30,中國信託-文心,2023-03-16,6164
2358,廷鑫,40,10,30,中國信託-文心,2023-03-16,6164
2313,華通,29,0,29,中國信託-文心,2023-03-16,6164
3038,全台,30,1,29,中國信託-文心,2023-03-16,6164
1513,中興電,43,15,28,中國信託-文心,2023-03-16,6164
2883B,凱基金乙特,30,2,28,中國信託-文心,2023-03-16,6164
2615,萬海,41,16,25,中國信託-文心,2023-03-16,6164
2892,第一金,23,2,21,中國信託-文心,2023-03-16,6164
2915,潤泰全,47,26,21,中國信託-文心,2023-03-16,6164
2442,新美齊,20,0,20,中國信託-文心,2023-03-16,6164
00637L,元大滬深300正2,32,13,19,中國信託-文心,2023-03-16,6164
1101,台泥,23,5,18,中國信託-文心,2023-03-16,6164
2867,三商壽,31,13,18,中國信託-文心,2023-03-16,6164
00671R,富邦NASDAQ反1,17,0,17,中國信託-文心,2023-03-16,6164
2887,台新金,26,9,17,中國信託-文心,2023-03-16,6164
2880,華南金,16,0,16,中國信託-文心,2023-03-16,6164
1720,生達,16,0,16,中國信託-文心,2023-03-16,6164
8097,常珵,17,1,16,中國信託-文心,2023-03-16,6164
3163,波若威,15,0,15,中國信託-文心,2023-03-16,6164
2748,雲品,17,2,15,中國信託-文心,2023-03-16,6164
2317,鴻海,26,11,15,中國信託-文心,2023-03-16,6164
00919,群益台灣精選高息,14,0,14,中國信託-文心,2023-03-16,6164
5222,全訊,14,0,14,中國信託-文心,2023-03-16,6164
3038,全台,334,1,333,中國信託-文心,2023-03-17,6164
2891,中信金,320,7,313,中國信託-文心,2023-03-17,6164
00712,復華富時不動產,124,0,124,中國信託-文心,2023-03-17,6164
2409,友達,236,113,123,中國信託-文心,2023-03-17,6164
00632R,元大台灣50反1,203,81,122,中國信託-文心,2023-03-17,6164
00713,元大台灣高息低波,123,6,117,中國信託-文心,2023-03-17,6164
00878,國泰永續高股息,182,106,76,中國信託-文心,2023-03-17,6164
00715L,期街口布蘭特正2,139,65,74,中國信託-文心,2023-03-17,6164
9945,潤泰新,78,9,69,中國信託-文心,2023-03-17,6164
3056,富華新,253,199,54,中國信託-文心,2023-03-17,6164
2344,華邦電,56,4,52,中國信託-文心,2023-03-17,6164
1611,中電,54,3,51,中國信託-文心,2023-03-17,6164
4164,承業醫,62,21,41,中國信託-文心,2023-03-17,6164
2337,旺宏,49,10,39,中國信託-文心,2023-03-17,6164
00772B,中信高評級公司債,31,0,31,中國信託-文心,2023-03-17,6164
2867,三商壽,30,1,29,中國信託-文心,2023-03-17,6164
2618,長榮航,29,1,28,中國信託-文心,2023-03-17,6164
2812,台中銀,33,5,28,中國信託-文心,2023-03-17,6164
1314,中石化,36,9,27,中國信託-文心,2023-03-17,6164
2883,凱基金,29,2,27,中國信託-文心,2023-03-17,6164
1522,堤維西,28,2,26,中國信託-文心,2023-03-17,6164
2884,玉山金,38,12,26,中國信託-文心,2023-03-17,6164
00773B,中信優先金融債,25,0,25,中國信託-文心,2023-03-17,6164
2834,臺企銀,120,95,25,中國信託-文心,2023-03-17,6164
00680L,元大美債20正2,24,0,24,中國信託-文心,2023-03-17,6164
2603,長榮,46,22,24,中國信託-文心,2023-03-17,6164
00687B,國泰20年美債,23,0,23,中國信託-文心,2023-03-17,6164
6235,華孚,66,43,23,中國信託-文心,2023-03-17,6164
1513,中興電,59,37,22,中國信託-文心,2023-03-17,6164
2605,新興,28,7,21,中國信託-文心,2023-03-17,6164
6164,華興,20,0,20,中國信託-文心,2023-03-17,6164
2368,金像電,29,9,20,中國信託-文心,2023-03-17,6164
6016,康和證,20,0,20,中國信託-文心,2023-03-17,6164
5483,中美晶,23,4,19,中國信託-文心,2023-03-17,6164
2886,兆豐金,17,0,17,中國信託-文心,2023-03-17,6164
2892,第一金,16,0,16,中國信託-文心,2023-03-17,6164
2915,潤泰全,18,2,16,中國信託-文心,2023-03-17,6164
8936,國統,18,2,16,中國信託-文心,2023-03-17,6164
9955,佳龍,43,27,16,中國信託-文心,2023-03-17,6164
00637L,元大滬深300正2,36,21,15,中國信託-文心,2023-03-17,6164
1216,統一,15,0,15,中國信託-文心,2023-03-17,6164
8433,弘帆,16,1,15,中國信託-文心,2023-03-17,6164
2888,新光金,15,0,15,中國信託-文心,2023-03-17,6164
9904,寶成,15,0,15,中國信託-文心,2023-03-17,6164
00903,富邦元宇宙,14,0,14,中國信託-文心,2023-03-17,6164
1907,永豐餘,14,0,14,中國信託-文心,2023-03-17,6164
00679B,元大美債20年,17,4,13,中國信託-文心,2023-03-17,6164
3058,立德,13,0,13,中國信託-文心,2023-03-17,6164
2388,威盛,42,29,13,中國信託-文心,2023-03-17,6164
1101,台泥,14,2,12,中國信託-文心,2023-03-17,6164
00673R,期元大S＆P原油反1,501,0,501,中國信託-文心,2023-03-20,6164
00878,國泰永續高股息,263,6,257,中國信託-文心,2023-03-20,6164
3056,富華新,249,9,240,中國信託-文心,2023-03-20,6164
00715L,期街口布蘭特正2,320,217,103,中國信託-文心,2023-03-20,6164
2891,中信金,132,30,102,中國信託-文心,2023-03-20,6164
2303,聯電,122,28,94,中國信託-文心,2023-03-20,6164
00753L,中信中國50正2,87,0,87,中國信託-文心,2023-03-20,6164
2002,中鋼,84,1,83,中國信託-文心,2023-03-20,6164
2888,新光金,115,39,76,中國信託-文心,2023-03-20,6164
2834,臺企銀,80,6,74,中國信託-文心,2023-03-20,6164
0050,元大台灣50,55,0,55,中國信託-文心,2023-03-20,6164
00712,復華富時不動產,44,0,44,中國信託-文心,2023-03-20,6164
6443,元晶,155,114,41,中國信託-文心,2023-03-20,6164
2723,美食-KY,50,10,40,中國信託-文心,2023-03-20,6164
6188,廣明,41,3,38,中國信託-文心,2023-03-20,6164
2882,國泰金,41,6,35,中國信託-文心,2023-03-20,6164
9945,潤泰新,56,22,34,中國信託-文心,2023-03-20,6164
6244,茂迪,84,50,34,中國信託-文心,2023-03-20,6164
00637L,元大滬深300正2,39,7,32,中國信託-文心,2023-03-20,6164
00664R,國泰臺灣加權反1,30,0,30,中國信託-文心,2023-03-20,6164
3715,定穎投控,30,0,30,中國信託-文心,2023-03-20,6164
0056,元大高股息,43,15,28,中國信託-文心,2023-03-20,6164
00642U,期元大S＆P石油,30,2,28,中國信託-文心,2023-03-20,6164
00632R,元大台灣50反1,68,41,27,中國信託-文心,2023-03-20,6164
2881,富邦金,33,8,25,中國信託-文心,2023-03-20,6164
00902,中信電池及儲能,25,1,24,中國信託-文心,2023-03-20,6164
00669R,國泰美國道瓊反1,24,0,24,中國信託-文心,2023-03-20,6164
6156,松上,24,0,24,中國信託-文心,2023-03-20,6164
2884,玉山金,25,2,23,中國信託-文心,2023-03-20,6164
2014,中鴻,22,0,22,中國信託-文心,2023-03-20,6164
3207,耀勝,22,0,22,中國信託-文心,2023-03-20,6164
4155,訊映,23,2,21,中國信託-文心,2023-03-20,6164
5211,蒙恬,20,0,20,中國信託-文心,2023-03-20,6164
6788,華景電,22,4,18,中國信託-文心,2023-03-20,6164
2498,宏達電,30,14,16,中國信託-文心,2023-03-20,6164
4979,華星光,39,23,16,中國信託-文心,2023-03-20,6164
5880,合庫金,16,0,16,中國信託-文心,2023-03-20,6164
1605,華新,34,19,15,中國信託-文心,2023-03-20,6164
2331,精英,21,7,14,中國信託-文心,2023-03-20,6164
00713,元大台灣高息低波,13,0,13,中國信託-文心,2023-03-20,6164
3673,TPK-KY,13,0,13,中國信託-文心,2023-03-20,6164
2383,台光電,13,0,13,中國信託-文心,2023-03-20,6164
3481,群創,13,0,13,中國信託-文心,2023-03-20,6164
2643,捷迅,13,0,13,中國信託-文心,2023-03-20,6164
1514,亞力,25,12,13,中國信託-文心,2023-03-20,6164
5483,中美晶,13,0,13,中國信託-文心,2023-03-20,6164
00882,中信中國高股息,12,0,12,中國信託-文心,2023-03-20,6164
2454,聯發科,16,4,12,中國信託-文心,2023-03-20,6164
00665L,富邦�琤肭磪囓�2,12,0,12,中國信託-文心,2023-03-20,6164
3264,欣銓,13,1,12,中國信託-文心,2023-03-20,6164
3481,群創,197,20,177,中國信託-文心,2023-03-21,6164
3056,富華新,193,56,137,中國信託-文心,2023-03-21,6164
2723,美食-KY,130,0,130,中國信託-文心,2023-03-21,6164
2303,聯電,135,10,125,中國信託-文心,2023-03-21,6164
2891,中信金,105,8,97,中國信託-文心,2023-03-21,6164
00715L,期街口布蘭特正2,81,10,71,中國信託-文心,2023-03-21,6164
00885,富邦越南,61,10,51,中國信託-文心,2023-03-21,6164
2834,臺企銀,70,29,41,中國信託-文心,2023-03-21,6164
2867,三商壽,40,0,40,中國信託-文心,2023-03-21,6164
6443,元晶,123,92,31,中國信託-文心,2023-03-21,6164
00664R,國泰臺灣加權反1,30,0,30,中國信託-文心,2023-03-21,6164
00878,國泰永續高股息,65,36,29,中國信託-文心,2023-03-21,6164
2888,新光金,42,14,28,中國信託-文心,2023-03-21,6164
2610,華航,36,8,28,中國信託-文心,2023-03-21,6164
2413,環科,29,2,27,中國信託-文心,2023-03-21,6164
2388,威盛,38,12,26,中國信託-文心,2023-03-21,6164
2402,毅嘉,42,16,26,中國信託-文心,2023-03-21,6164
6185,幃翔,23,0,23,中國信託-文心,2023-03-21,6164
5351,鈺創,27,4,23,中國信託-文心,2023-03-21,6164
1319,東陽,22,1,21,中國信託-文心,2023-03-21,6164
1603,華電,21,0,21,中國信託-文心,2023-03-21,6164
3178,公準,20,0,20,中國信託-文心,2023-03-21,6164
2883,凱基金,32,13,19,中國信託-文心,2023-03-21,6164
00679B,元大美債20年,27,10,17,中國信託-文心,2023-03-21,6164
2453,凌群,61,44,17,中國信託-文心,2023-03-21,6164
00902,中信電池及儲能,15,0,15,中國信託-文心,2023-03-21,6164
8926,台汽電,23,8,15,中國信託-文心,2023-03-21,6164
2104,國際中橡,15,0,15,中國信託-文心,2023-03-21,6164
6214,精誠,26,11,15,中國信託-文心,2023-03-21,6164
2884,玉山金,19,4,15,中國信託-文心,2023-03-21,6164
6188,廣明,18,4,14,中國信託-文心,2023-03-21,6164
1504,東元,36,22,14,中國信託-文心,2023-03-21,6164
2615,萬海,20,7,13,中國信託-文心,2023-03-21,6164
2344,華邦電,16,3,13,中國信託-文心,2023-03-21,6164
8033,雷虎,12,1,11,中國信託-文心,2023-03-21,6164
2349,錸德,19,8,11,中國信託-文心,2023-03-21,6164
6129,普誠,15,4,11,中國信託-文心,2023-03-21,6164
3027,盛達,29,18,11,中國信託-文心,2023-03-21,6164
3221,台嘉碩,11,0,11,中國信託-文心,2023-03-21,6164
3217,優群,11,0,11,中國信託-文心,2023-03-21,6164
3520,華盈,11,0,11,中國信託-文心,2023-03-21,6164
6290,良維,19,8,11,中國信託-文心,2023-03-21,6164
5321,美而快,13,2,11,中國信託-文心,2023-03-21,6164
3264,欣銓,10,0,10,中國信託-文心,2023-03-21,6164
5284,jpp-KY,10,0,10,中國信託-文心,2023-03-21,6164
3706,神達,10,0,10,中國信託-文心,2023-03-21,6164
020029,元大ESG高股息N,10,0,10,中國信託-文心,2023-03-21,6164
00892,富邦台灣半導體,9,0,9,中國信託-文心,2023-03-21,6164
00753L,中信中國50正2,9,0,9,中國信託-文心,2023-03-21,6164
2429,銘旺科,9,0,9,中國信託-文心,2023-03-21,6164
3264,欣銓,247,3,244,中國信託-文心,2023-03-22,6164
3038,全台,208,25,183,中國信託-文心,2023-03-22,6164
3056,富華新,185,32,153,中國信託-文心,2023-03-22,6164
2344,華邦電,95,0,95,中國信託-文心,2023-03-22,6164
2457,飛宏,172,82,90,中國信託-文心,2023-03-22,6164
2105,正新,81,0,81,中國信託-文心,2023-03-22,6164
2867,三商壽,80,0,80,中國信託-文心,2023-03-22,6164
00679B,元大美債20年,71,2,69,中國信託-文心,2023-03-22,6164
3047,訊舟,71,6,65,中國信託-文心,2023-03-22,6164
1522,堤維西,112,65,47,中國信託-文心,2023-03-22,6164
00680L,元大美債20正2,56,10,46,中國信託-文心,2023-03-22,6164
3356,奇偶,59,24,35,中國信託-文心,2023-03-22,6164
6122,擎邦,59,26,33,中國信託-文心,2023-03-22,6164
2409,友達,31,0,31,中國信託-文心,2023-03-22,6164
2882,國泰金,32,1,31,中國信託-文心,2023-03-22,6164
2201,裕隆,91,63,28,中國信託-文心,2023-03-22,6164
00751B,元大AAA至A公司債,25,0,25,中國信託-文心,2023-03-22,6164
2614,東森,24,0,24,中國信託-文心,2023-03-22,6164
3090,日電貿,25,1,24,中國信託-文心,2023-03-22,6164
6443,元晶,60,36,24,中國信託-文心,2023-03-22,6164
1513,中興電,34,11,23,中國信託-文心,2023-03-22,6164
2618,長榮航,24,2,22,中國信託-文心,2023-03-22,6164
2482,連宇,86,66,20,中國信託-文心,2023-03-22,6164
2723,美食-KY,83,63,20,中國信託-文心,2023-03-22,6164
00713,元大台灣高息低波,18,0,18,中國信託-文心,2023-03-22,6164
1316,上曜,18,0,18,中國信託-文心,2023-03-22,6164
00712,復華富時不動產,17,0,17,中國信託-文心,2023-03-22,6164
1473,台南,17,0,17,中國信託-文心,2023-03-22,6164
6191,精成科,16,0,16,中國信託-文心,2023-03-22,6164
6756,威鋒電子,19,3,16,中國信託-文心,2023-03-22,6164
2884,玉山金,24,9,15,中國信託-文心,2023-03-22,6164
3706,神達,15,1,14,中國信託-文心,2023-03-22,6164
2204,中華,14,0,14,中國信託-文心,2023-03-22,6164
2880,華南金,15,2,13,中國信託-文心,2023-03-22,6164
1514,亞力,13,0,13,中國信託-文心,2023-03-22,6164
6548,長科*,13,0,13,中國信託-文心,2023-03-22,6164
6160,欣技,18,5,13,中國信託-文心,2023-03-22,6164
2609,陽明,30,17,13,中國信託-文心,2023-03-22,6164
2317,鴻海,13,1,12,中國信託-文心,2023-03-22,6164
00720B,元大投資級公司債,12,0,12,中國信託-文心,2023-03-22,6164
2023,燁輝,12,0,12,中國信託-文心,2023-03-22,6164
8070,長華*,12,0,12,中國信託-文心,2023-03-22,6164
1304,台聚,13,1,12,中國信託-文心,2023-03-22,6164
4157,太景*-KY,15,4,11,中國信託-文心,2023-03-22,6164
00687B,國泰20年美債,11,0,11,中國信託-文心,2023-03-22,6164
3006,晶豪科,12,1,11,中國信託-文心,2023-03-22,6164
00907,永豐優息存股,10,0,10,中國信託-文心,2023-03-22,6164
3013,晟銘電,41,31,10,中國信託-文心,2023-03-22,6164
8111,立��,15,5,10,中國信託-文心,2023-03-22,6164
1603,華電,16,6,10,中國信託-文心,2023-03-22,6164
00632R,元大台灣50反1,840,257,583,中國信託-文心,2023-03-23,6164
2303,聯電,225,67,158,中國信託-文心,2023-03-23,6164
2723,美食-KY,80,0,80,中國信託-文心,2023-03-23,6164
3356,奇偶,80,5,75,中國信託-文心,2023-03-23,6164
3056,富華新,71,6,65,中國信託-文心,2023-03-23,6164
6244,茂迪,80,18,62,中國信託-文心,2023-03-23,6164
00885,富邦越南,54,0,54,中國信託-文心,2023-03-23,6164
2634,漢翔,153,100,53,中國信託-文心,2023-03-23,6164
2375,凱美,59,8,51,中國信託-文心,2023-03-23,6164
00714,群益道瓊美國地產,47,0,47,中國信託-文心,2023-03-23,6164
00680L,元大美債20正2,45,1,44,中國信託-文心,2023-03-23,6164
2883,凱基金,45,9,36,中國信託-文心,2023-03-23,6164
00674R,期元大S＆P黃金反1,37,1,36,中國信託-文心,2023-03-23,6164
00712,復華富時不動產,45,14,31,中國信託-文心,2023-03-23,6164
2617,台航,31,0,31,中國信託-文心,2023-03-23,6164
2402,毅嘉,134,104,30,中國信託-文心,2023-03-23,6164
8099,大世科,30,0,30,中國信託-文心,2023-03-23,6164
2881,富邦金,31,3,28,中國信託-文心,2023-03-23,6164
2482,連宇,62,34,28,中國信託-文心,2023-03-23,6164
3050,鈺德,25,0,25,中國信託-文心,2023-03-23,6164
3483,力致,31,7,24,中國信託-文心,2023-03-23,6164
6185,幃翔,23,0,23,中國信託-文心,2023-03-23,6164
1453,大將,29,6,23,中國信託-文心,2023-03-23,6164
3481,群創,48,26,22,中國信託-文心,2023-03-23,6164
8033,雷虎,22,0,22,中國信託-文心,2023-03-23,6164
3322,建舜電,59,37,22,中國信託-文心,2023-03-23,6164
3092,鴻碩,20,0,20,中國信託-文心,2023-03-23,6164
3710,連展投控,22,2,20,中國信託-文心,2023-03-23,6164
8936,國統,20,1,19,中國信託-文心,2023-03-23,6164
2002,中鋼,20,3,17,中國信託-文心,2023-03-23,6164
2834,臺企銀,26,9,17,中國信託-文心,2023-03-23,6164
3499,環天科,38,21,17,中國信託-文心,2023-03-23,6164
00882,中信中國高股息,18,2,16,中國信託-文心,2023-03-23,6164
6116,彩晶,25,10,15,中國信託-文心,2023-03-23,6164
6143,振曜,30,15,15,中國信託-文心,2023-03-23,6164
6182,合晶,33,18,15,中國信託-文心,2023-03-23,6164
2603,長榮,26,11,15,中國信託-文心,2023-03-23,6164
6219,富旺,14,0,14,中國信託-文心,2023-03-23,6164
00720B,元大投資級公司債,14,0,14,中國信託-文心,2023-03-23,6164
00753L,中信中國50正2,25,11,14,中國信託-文心,2023-03-23,6164
1514,亞力,14,0,14,中國信託-文心,2023-03-23,6164
4916,事欣科,14,0,14,中國信託-文心,2023-03-23,6164
00664R,國泰臺灣加權反1,13,0,13,中國信託-文心,2023-03-23,6164
2609,陽明,35,23,12,中國信託-文心,2023-03-23,6164
6160,欣技,30,17,13,中國信託-文心,2023-03-23,6164
2453,凌群,34,22,12,中國信託-文心,2023-03-23,6164
1907,永豐餘,12,0,12,中國信託-文心,2023-03-23,6164
6288,聯嘉,76,65,11,中國信託-文心,2023-03-23,6164
2890,永豐金,13,2,11,中國信託-文心,2023-03-23,6164
3260,威剛,26,15,11,中國信託-文心,2023-03-23,6164
00632R,元大台灣50反1,252,78,174,中國信託-文心,2023-03-24,6164
2883B,凱基金乙特,128,0,128,中國信託-文心,2023-03-24,6164
2303,聯電,120,8,112,中國信託-文心,2023-03-24,6164
6288,聯嘉,176,64,112,中國信託-文心,2023-03-24,6164
00715L,期街口布蘭特正2,102,14,88,中國信託-文心,2023-03-24,6164
1522,堤維西,81,2,79,中國信託-文心,2023-03-24,6164
2881,富邦金,70,1,69,中國信託-文心,2023-03-24,6164
2457,飛宏,86,40,46,中國信託-文心,2023-03-24,6164
00888,永豐台灣ESG,35,0,35,中國信託-文心,2023-03-24,6164
00712,復華富時不動產,41,10,31,中國信託-文心,2023-03-24,6164
2637,慧洋-KY,32,2,30,中國信託-文心,2023-03-24,6164
2408,南亞科,38,14,24,中國信託-文心,2023-03-24,6164
00720B,元大投資級公司債,24,0,24,中國信託-文心,2023-03-24,6164
2453,凌群,31,9,22,中國信託-文心,2023-03-24,6164
2618,長榮航,23,1,22,中國信託-文心,2023-03-24,6164
00772B,中信高評級公司債,20,0,20,中國信託-文心,2023-03-24,6164
2820,華票,20,0,20,中國信託-文心,2023-03-24,6164
1605,華新,73,54,19,中國信託-文心,2023-03-24,6164
5381,合正,20,2,18,中國信託-文心,2023-03-24,6164
3443,創意,22,4,18,中國信託-文心,2023-03-24,6164
8046,南電,25,8,17,中國信託-文心,2023-03-24,6164
6134,萬旭,17,0,17,中國信託-文心,2023-03-24,6164
6104,創惟,29,12,17,中國信託-文心,2023-03-24,6164
2375,凱美,30,14,16,中國信託-文心,2023-03-24,6164
3441,聯一光,53,37,16,中國信託-文心,2023-03-24,6164
6411,晶焱,21,5,16,中國信託-文心,2023-03-24,6164
6768,志強-KY,15,0,15,中國信託-文心,2023-03-24,6164
3432,台端,53,38,15,中國信託-文心,2023-03-24,6164
2316,楠梓電,15,0,15,中國信託-文心,2023-03-24,6164
3051,力特,16,1,15,中國信託-文心,2023-03-24,6164
4402,郡都開發,14,0,14,中國信託-文心,2023-03-24,6164
6109,亞元,15,2,13,中國信託-文心,2023-03-24,6164
5351,鈺創,22,9,13,中國信託-文心,2023-03-24,6164
6180,橘子,14,1,13,中國信託-文心,2023-03-24,6164
00713,元大台灣高息低波,15,3,12,中國信託-文心,2023-03-24,6164
00714,群益道瓊美國地產,12,0,12,中國信託-文心,2023-03-24,6164
5321,美而快,17,5,12,中國信託-文心,2023-03-24,6164
3005,神基,13,1,12,中國信託-文心,2023-03-24,6164
1504,東元,136,124,12,中國信託-文心,2023-03-24,6164
5483,中美晶,12,1,11,中國信託-文心,2023-03-24,6164
4919,新唐,25,14,11,中國信託-文心,2023-03-24,6164
00907,永豐優息存股,11,0,11,中國信託-文心,2023-03-24,6164
00751B,元大AAA至A公司債,11,0,11,中國信託-文心,2023-03-24,6164
00788B,元大10年IG電能債,11,0,11,中國信託-文心,2023-03-24,6164
2201,裕隆,33,22,11,中國信託-文心,2023-03-24,6164
3213,茂訊,11,0,11,中國信託-文心,2023-03-24,6164
2349,錸德,23,12,11,中國信託-文心,2023-03-24,6164
6285,啟��,15,4,11,中國信託-文心,2023-03-24,6164
2891,中信金,24,13,11,中國信託-文心,2023-03-24,6164
3162,精確,13,3,10,中國信託-文心,2023-03-24,6164
6116,彩晶,181,3,178,中國信託-文心,2023-03-27,6164
2812,台中銀,152,6,146,中國信託-文心,2023-03-27,6164
00882,中信中國高股息,157,13,144,中國信託-文心,2023-03-27,6164
00715L,期街口布蘭特正2,133,6,127,中國信託-文心,2023-03-27,6164
1609,大亞,134,28,106,中國信託-文心,2023-03-27,6164
1605,華新,69,10,59,中國信託-文心,2023-03-27,6164
2723,美食-KY,53,1,52,中國信託-文心,2023-03-27,6164
2349,錸德,58,13,45,中國信託-文心,2023-03-27,6164
1909,榮成,41,0,41,中國信託-文心,2023-03-27,6164
2883B,凱基金乙特,40,0,40,中國信託-文心,2023-03-27,6164
00637L,元大滬深300正2,46,6,40,中國信託-文心,2023-03-27,6164
5309,系統電,42,2,40,中國信託-文心,2023-03-27,6164
2344,華邦電,57,17,40,中國信託-文心,2023-03-27,6164
3264,欣銓,44,5,39,中國信託-文心,2023-03-27,6164
2891,中信金,37,1,36,中國信託-文心,2023-03-27,6164
3481,群創,59,29,30,中國信託-文心,2023-03-27,6164
0056,元大高股息,38,8,30,中國信託-文心,2023-03-27,6164
1504,東元,63,34,29,中國信託-文心,2023-03-27,6164
3624,光頡,40,11,29,中國信託-文心,2023-03-27,6164
3715,定穎投控,38,10,28,中國信託-文心,2023-03-27,6164
2317,鴻海,36,8,28,中國信託-文心,2023-03-27,6164
2634,漢翔,80,53,27,中國信託-文心,2023-03-27,6164
2201,裕隆,30,4,26,中國信託-文心,2023-03-27,6164
2615,萬海,29,4,25,中國信託-文心,2023-03-27,6164
8171,天宇,27,3,24,中國信託-文心,2023-03-27,6164
2645,長榮航太,24,0,24,中國信託-文心,2023-03-27,6164
5381,合正,44,20,24,中國信託-文心,2023-03-27,6164
3714,富采,37,16,21,中國信託-文心,2023-03-27,6164
00903,富邦元宇宙,20,0,20,中國信託-文心,2023-03-27,6164
2485,兆赫,20,0,20,中國信託-文心,2023-03-27,6164
2476,鉅祥,25,5,20,中國信託-文心,2023-03-27,6164
00772B,中信高評級公司債,28,11,17,中國信託-文心,2023-03-27,6164
3005,神基,18,2,16,中國信託-文心,2023-03-27,6164
1522,堤維西,17,1,16,中國信託-文心,2023-03-27,6164
6182,合晶,21,5,16,中國信託-文心,2023-03-27,6164
1101,台泥,25,10,15,中國信託-文心,2023-03-27,6164
3669,圓展,15,0,15,中國信託-文心,2023-03-27,6164
2461,光群雷,16,1,15,中國信託-文心,2023-03-27,6164
00753L,中信中國50正2,23,9,14,中國信託-文心,2023-03-27,6164
5438,東友,14,0,14,中國信託-文心,2023-03-27,6164
4930,燦星網,14,0,14,中國信託-文心,2023-03-27,6164
1618,合機,18,5,13,中國信託-文心,2023-03-27,6164
6548,長科*,14,1,13,中國信託-文心,2023-03-27,6164
2401,凌陽,12,0,12,中國信託-文心,2023-03-27,6164
2406,國碩,13,1,12,中國信託-文心,2023-03-27,6164
4919,新唐,13,1,12,中國信託-文心,2023-03-27,6164
6443,元晶,23,12,11,中國信託-文心,2023-03-27,6164
3029,零壹,12,1,11,中國信託-文心,2023-03-27,6164
00671R,富邦NASDAQ反1,11,0,11,中國信託-文心,2023-03-27,6164
3540,曜越,11,0,11,中國信託-文心,2023-03-27,6164
00882,中信中國高股息,175,1,174,中國信託-文心,2023-03-28,6164
00679B,元大美債20年,161,0,161,中國信託-文心,2023-03-28,6164
1605,華新,197,44,153,中國信託-文心,2023-03-28,6164
00878,國泰永續高股息,187,57,130,中國信託-文心,2023-03-28,6164
2303,聯電,134,8,126,中國信託-文心,2023-03-28,6164
00885,富邦越南,119,11,108,中國信託-文心,2023-03-28,6164
2883B,凱基金乙特,92,0,92,中國信託-文心,2023-03-28,6164
1584,精剛,114,29,85,中國信託-文心,2023-03-28,6164
00664R,國泰臺灣加權反1,84,0,84,中國信託-文心,2023-03-28,6164
00673R,期元大S＆P原油反1,71,0,71,中國信託-文心,2023-03-28,6164
3162,精確,65,1,64,中國信託-文心,2023-03-28,6164
9907,統一實,60,0,60,中國信託-文心,2023-03-28,6164
00680L,元大美債20正2,55,0,55,中國信託-文心,2023-03-28,6164
3481,群創,60,11,49,中國信託-文心,2023-03-28,6164
6288,聯嘉,55,9,46,中國信託-文心,2023-03-28,6164
2867,三商壽,64,24,40,中國信託-文心,2023-03-28,6164
4979,華星光,63,28,35,中國信託-文心,2023-03-28,6164
00772B,中信高評級公司債,53,20,33,中國信託-文心,2023-03-28,6164
4162,智擎,34,1,33,中國信託-文心,2023-03-28,6164
2349,錸德,31,0,31,中國信託-文心,2023-03-28,6164
00712,復華富時不動產,37,8,29,中國信託-文心,2023-03-28,6164
3011,今皓,29,1,28,中國信託-文心,2023-03-28,6164
1515,力山,28,0,28,中國信託-文心,2023-03-28,6164
00740B,富邦全球投等債,28,0,28,中國信託-文心,2023-03-28,6164
00795B,中信美國公債20年,27,0,27,中國信託-文心,2023-03-28,6164
3035,智原,45,19,26,中國信託-文心,2023-03-28,6164
2317,鴻海,33,9,24,中國信託-文心,2023-03-28,6164
3141,晶宏,22,0,22,中國信託-文心,2023-03-28,6164
1101,台泥,26,5,21,中國信託-文心,2023-03-28,6164
0056,元大高股息,33,13,20,中國信託-文心,2023-03-28,6164
3037,欣興,26,5,21,中國信託-文心,2023-03-28,6164
5425,台半,26,6,20,中國信託-文心,2023-03-28,6164
6770,力積電,22,2,20,中國信託-文心,2023-03-28,6164
9955,佳龍,26,6,20,中國信託-文心,2023-03-28,6164
8183,精星,20,0,20,中國信託-文心,2023-03-28,6164
3013,晟銘電,22,3,19,中國信託-文心,2023-03-28,6164
1609,大亞,21,2,19,中國信託-文心,2023-03-28,6164
5439,高技,20,2,18,中國信託-文心,2023-03-28,6164
3234,光環,28,10,18,中國信託-文心,2023-03-28,6164
2610,華航,24,6,18,中國信託-文心,2023-03-28,6164
2204,中華,17,0,17,中國信託-文心,2023-03-28,6164
3499,環天科,22,5,17,中國信託-文心,2023-03-28,6164
00687B,國泰20年美債,17,0,17,中國信託-文心,2023-03-28,6164
2634,漢翔,32,15,17,中國信託-文心,2023-03-28,6164
2342,茂矽,59,43,16,中國信託-文心,2023-03-28,6164
00888,永豐台灣ESG,16,0,16,中國信託-文心,2023-03-28,6164
00632R,元大台灣50反1,64,48,16,中國信託-文心,2023-03-28,6164
2352,佳世達,17,1,16,中國信託-文心,2023-03-28,6164
5608,四維航,15,0,15,中國信託-文心,2023-03-28,6164
5309,系統電,19,4,15,中國信託-文心,2023-03-28,6164
00676R,富邦臺灣加權反1,153,0,153,中國信託-文心,2023-03-29,6164
2359,所羅門,160,9,151,中國信託-文心,2023-03-29,6164
00686R,群益臺灣加權反1,141,0,141,中國信託-文心,2023-03-29,6164
00706L,期元大S＆P日圓正2,100,0,100,中國信託-文心,2023-03-29,6164
2454,聯發科,90,0,90,中國信託-文心,2023-03-29,6164
00664R,國泰臺灣加權反1,88,0,88,中國信託-文心,2023-03-29,6164
6288,聯嘉,73,10,63,中國信託-文心,2023-03-29,6164
1504,東元,99,38,61,中國信託-文心,2023-03-29,6164
8926,台汽電,64,7,57,中國信託-文心,2023-03-29,6164
2303,聯電,59,12,47,中國信託-文心,2023-03-29,6164
00772B,中信高評級公司債,44,0,44,中國信託-文心,2023-03-29,6164
00673R,期元大S＆P原油反1,43,0,43,中國信託-文心,2023-03-29,6164
00900,富邦特選高股息30,42,2,40,中國信託-文心,2023-03-29,6164
2867,三商壽,51,11,40,中國信託-文心,2023-03-29,6164
2457,飛宏,137,100,37,中國信託-文心,2023-03-29,6164
2618,長榮航,72,36,36,中國信託-文心,2023-03-29,6164
00679B,元大美債20年,34,0,34,中國信託-文心,2023-03-29,6164
3162,精確,36,3,33,中國信託-文心,2023-03-29,6164
9921,巨大,33,0,33,中國信託-文心,2023-03-29,6164
00632R,元大台灣50反1,41,10,31,中國信託-文心,2023-03-29,6164
3416,融程電,29,0,29,中國信託-文心,2023-03-29,6164
2887,台新金,23,0,23,中國信託-文心,2023-03-29,6164
2349,錸德,25,2,23,中國信託-文心,2023-03-29,6164
00922,國泰台灣領袖50,22,0,22,中國信託-文心,2023-03-29,6164
3011,今皓,22,0,22,中國信託-文心,2023-03-29,6164
6235,華孚,114,93,21,中國信託-文心,2023-03-29,6164
00891,中信關鍵半導體,21,0,21,中國信託-文心,2023-03-29,6164
2444,兆勁,20,0,20,中國信託-文心,2023-03-29,6164
1605,華新,30,10,20,中國信託-文心,2023-03-29,6164
2609,陽明,25,6,19,中國信託-文心,2023-03-29,6164
00882,中信中國高股息,51,32,19,中國信託-文心,2023-03-29,6164
2368,金像電,33,14,19,中國信託-文心,2023-03-29,6164
00687B,國泰20年美債,19,0,19,中國信託-文心,2023-03-29,6164
4736,泰博,19,0,19,中國信託-文心,2023-03-29,6164
00720B,元大投資級公司債,18,0,18,中國信託-文心,2023-03-29,6164
3715,定穎投控,160,142,18,中國信託-文心,2023-03-29,6164
1907,永豐餘,16,0,16,中國信託-文心,2023-03-29,6164
8069,元太,20,5,15,中國信託-文心,2023-03-29,6164
5353,台林,48,33,15,中國信託-文心,2023-03-29,6164
3338,泰碩,18,3,15,中國信託-文心,2023-03-29,6164
00650L,復華香港正2,23,8,15,中國信託-文心,2023-03-29,6164
00892,富邦台灣半導體,14,1,13,中國信託-文心,2023-03-29,6164
2402,毅嘉,15,2,13,中國信託-文心,2023-03-29,6164
2340,台亞,20,8,12,中國信託-文心,2023-03-29,6164
6535,順藥,12,0,12,中國信託-文心,2023-03-29,6164
00753L,中信中國50正2,22,10,12,中國信託-文心,2023-03-29,6164
6841,長佳智能,12,0,12,中國信託-文心,2023-03-29,6164
1591,駿吉-KY,12,0,12,中國信託-文心,2023-03-29,6164
00751B,元大AAA至A公司債,11,0,11,中國信託-文心,2023-03-29,6164
2462,良得電,11,0,11,中國信託-文心,2023-03-29,6164
00632R,元大台灣50反1,237,50,187,中國信託-文心,2023-03-30,6164
2867,三商壽,92,0,92,中國信託-文心,2023-03-30,6164
2515,中工,102,46,56,中國信託-文心,2023-03-30,6164
2723,美食-KY,67,18,49,中國信託-文心,2023-03-30,6164
1609,大亞,65,16,49,中國信託-文心,2023-03-30,6164
2610,華航,43,1,42,中國信託-文心,2023-03-30,6164
2618,長榮航,40,0,40,中國信託-文心,2023-03-30,6164
00891,中信關鍵半導體,73,40,33,中國信託-文心,2023-03-30,6164
2368,金像電,33,1,32,中國信託-文心,2023-03-30,6164
2344,華邦電,70,38,32,中國信託-文心,2023-03-30,6164
2359,所羅門,33,3,30,中國信託-文心,2023-03-30,6164
00679B,元大美債20年,24,0,24,中國信託-文心,2023-03-30,6164
6185,幃翔,24,0,24,中國信託-文心,2023-03-30,6164
2891,中信金,25,1,24,中國信託-文心,2023-03-30,6164
3481,群創,37,15,22,中國信託-文心,2023-03-30,6164
5381,合正,21,0,21,中國信託-文心,2023-03-30,6164
1416,廣豐,21,0,21,中國信託-文心,2023-03-30,6164
1618,合機,27,7,20,中國信託-文心,2023-03-30,6164
3207,耀勝,20,0,20,中國信託-文心,2023-03-30,6164
00683L,期元大美元指正2,20,0,20,中國信託-文心,2023-03-30,6164
00772B,中信高評級公司債,21,1,20,中國信託-文心,2023-03-30,6164
00637L,元大滬深300正2,63,44,19,中國信託-文心,2023-03-30,6164
9945,潤泰新,19,0,19,中國信託-文心,2023-03-30,6164
2889,國票金,20,3,17,中國信託-文心,2023-03-30,6164
2887,台新金,16,0,16,中國信託-文心,2023-03-30,6164
3701,大眾控,26,11,15,中國信託-文心,2023-03-30,6164
00885,富邦越南,17,3,14,中國信託-文心,2023-03-30,6164
3228,金麗科,13,0,13,中國信託-文心,2023-03-30,6164
8932,智通*,13,0,13,中國信託-文心,2023-03-30,6164
2409,友達,117,105,12,中國信託-文心,2023-03-30,6164
6841,長佳智能,12,0,12,中國信託-文心,2023-03-30,6164
1784,訊聯,15,3,12,中國信託-文心,2023-03-30,6164
00712,復華富時不動產,13,2,11,中國信託-文心,2023-03-30,6164
6244,茂迪,13,2,11,中國信託-文心,2023-03-30,6164
3694,海華,11,0,11,中國信託-文心,2023-03-30,6164
4123,晟德,11,0,11,中國信託-文心,2023-03-30,6164
1101,台泥,11,0,11,中國信託-文心,2023-03-30,6164
4968,立積,11,1,10,中國信託-文心,2023-03-30,6164
5014,建錩,10,0,10,中國信託-文心,2023-03-30,6164
6416,瑞祺電通,10,0,10,中國信託-文心,2023-03-30,6164
3664,安瑞-KY,14,4,10,中國信託-文心,2023-03-30,6164
2614,東森,10,0,10,中國信託-文心,2023-03-30,6164
2486,一詮,11,1,10,中國信託-文心,2023-03-30,6164
1437,勤益控,10,0,10,中國信託-文心,2023-03-30,6164
3105,穩懋,19,10,9,中國信託-文心,2023-03-30,6164
6485,點序,24,15,9,中國信託-文心,2023-03-30,6164
1605,華新,16,7,9,中國信託-文心,2023-03-30,6164
1217,愛之味,10,1,9,中國信託-文心,2023-03-30,6164
1760,寶齡富錦,44,35,9,中國信託-文心,2023-03-30,6164
2353,宏��,10,1,9,中國信託-文心,2023-03-30,6164
00632R,元大台灣50反1,418,21,397,中國信託-文心,2023-03-31,6164
00673R,期元大S＆P原油反1,101,0,101,中國信託-文心,2023-03-31,6164
2312,金寶,100,0,100,中國信託-文心,2023-03-31,6164
2891,中信金,134,64,70,中國信託-文心,2023-03-31,6164
2867,三商壽,62,22,40,中國信託-文心,2023-03-31,6164
00712,復華富時不動產,53,17,36,中國信託-文心,2023-03-31,6164
2610,華航,40,8,32,中國信託-文心,2023-03-31,6164
8462,柏文,32,0,32,中國信託-文心,2023-03-31,6164
1513,中興電,30,3,27,中國信託-文心,2023-03-31,6164
1605,華新,57,34,23,中國信託-文心,2023-03-31,6164
5608,四維航,23,2,21,中國信託-文心,2023-03-31,6164
3189,景碩,27,6,21,中國信託-文心,2023-03-31,6164
2457,飛宏,80,59,21,中國信託-文心,2023-03-31,6164
2736,富野,20,0,20,中國信託-文心,2023-03-31,6164
2645,長榮航太,21,1,20,中國信託-文心,2023-03-31,6164
1457,宜進,20,0,20,中國信託-文心,2023-03-31,6164
3005,神基,41,21,20,中國信託-文心,2023-03-31,6164
1101,台泥,24,5,19,中國信託-文心,2023-03-31,6164
1522,堤維西,18,0,18,中國信託-文心,2023-03-31,6164
2402,毅嘉,19,2,17,中國信託-文心,2023-03-31,6164
2609,陽明,31,15,16,中國信託-文心,2023-03-31,6164
6535,順藥,16,0,16,中國信託-文心,2023-03-31,6164
3540,曜越,36,20,16,中國信託-文心,2023-03-31,6164
5203,訊連,20,4,16,中國信託-文心,2023-03-31,6164
1528,恩德,16,0,16,中國信託-文心,2023-03-31,6164
2208,台船,15,0,15,中國信託-文心,2023-03-31,6164
6152,百一,15,0,15,中國信託-文心,2023-03-31,6164
3682,亞太電,25,10,15,中國信託-文心,2023-03-31,6164
2748,雲品,16,2,14,中國信託-文心,2023-03-31,6164
2317,鴻海,16,2,14,中國信託-文心,2023-03-31,6164
2615,萬海,13,0,13,中國信託-文心,2023-03-31,6164
2201,裕隆,17,4,13,中國信託-文心,2023-03-31,6164
6122,擎邦,35,23,12,中國信託-文心,2023-03-31,6164
1795,美時,25,13,12,中國信託-文心,2023-03-31,6164
2882,國泰金,18,7,11,中國信託-文心,2023-03-31,6164
2883B,凱基金乙特,11,0,11,中國信託-文心,2023-03-31,6164
2731,雄獅,35,24,11,中國信託-文心,2023-03-31,6164
1584,精剛,12,1,11,中國信託-文心,2023-03-31,6164
1802,台玻,10,0,10,中國信託-文心,2023-03-31,6164
00671R,富邦NASDAQ反1,10,0,10,中國信託-文心,2023-03-31,6164
6603,富強鑫,10,0,10,中國信託-文心,2023-03-31,6164
3264,欣銓,10,0,10,中國信託-文心,2023-03-31,6164
3290,東浦,10,0,10,中國信託-文心,2023-03-31,6164
6185,幃翔,10,0,10,中國信託-文心,2023-03-31,6164
6514,芮特-KY,10,0,10,中國信託-文心,2023-03-31,6164
2359,所羅門,10,0,10,中國信託-文心,2023-03-31,6164
1504,東元,27,18,9,中國信託-文心,2023-03-31,6164
1524,耿鼎,20,11,9,中國信託-文心,2023-03-31,6164
6170,統振,9,0,9,中國信託-文心,2023-03-31,6164
3047,訊舟,10,1,9,中國信託-文心,2023-03-31,6164
00673R,期元大S＆P原油反1,374,0,374,中國信託-文心,2023-04-06,6164
00882,中信中國高股息,194,2,192,中國信託-文心,2023-04-06,6164
6244,茂迪,161,1,160,中國信託-文心,2023-04-06,6164
2618,長榮航,111,1,110,中國信託-文心,2023-04-06,6164
2884,玉山金,105,26,79,中國信託-文心,2023-04-06,6164
00902,中信電池及儲能,65,1,64,中國信託-文心,2023-04-06,6164
00637L,元大滬深300正2,75,20,55,中國信託-文心,2023-04-06,6164
8069,元太,58,8,50,中國信託-文心,2023-04-06,6164
00893,國泰智能電動車,40,0,40,中國信託-文心,2023-04-06,6164
6140,訊達,40,0,40,中國信託-文心,2023-04-06,6164
2344,華邦電,45,8,37,中國信託-文心,2023-04-06,6164
00720B,元大投資級公司債,40,3,37,中國信託-文心,2023-04-06,6164
00878,國泰永續高股息,99,62,37,中國信託-文心,2023-04-06,6164
6548,長科*,43,8,35,中國信託-文心,2023-04-06,6164
0056,元大高股息,41,9,32,中國信託-文心,2023-04-06,6164
2867,三商壽,37,6,31,中國信託-文心,2023-04-06,6164
2891,中信金,40,11,29,中國信託-文心,2023-04-06,6164
6770,力積電,28,1,27,中國信託-文心,2023-04-06,6164
2317,鴻海,36,10,26,中國信託-文心,2023-04-06,6164
3481,群創,46,22,24,中國信託-文心,2023-04-06,6164
2330,台積電,25,4,21,中國信託-文心,2023-04-06,6164
1308,亞聚,25,5,20,中國信託-文心,2023-04-06,6164
2615,萬海,19,0,19,中國信託-文心,2023-04-06,6164
2882,國泰金,19,0,19,中國信託-文心,2023-04-06,6164
8462,柏文,18,0,18,中國信託-文心,2023-04-06,6164
2356,英業達,36,18,18,中國信託-文心,2023-04-06,6164
3056,富華新,25,8,17,中國信託-文心,2023-04-06,6164
00753L,中信中國50正2,17,0,17,中國信託-文心,2023-04-06,6164
00891,中信關鍵半導體,23,7,16,中國信託-文心,2023-04-06,6164
00905,FT臺灣Smart,16,0,16,中國信託-文心,2023-04-06,6164
1218,泰山,18,2,16,中國信託-文心,2023-04-06,6164
5483,中美晶,15,0,15,中國信託-文心,2023-04-06,6164
6122,擎邦,24,9,15,中國信託-文心,2023-04-06,6164
3037,欣興,20,5,15,中國信託-文心,2023-04-06,6164
2002,中鋼,15,0,15,中國信託-文心,2023-04-06,6164
2609,陽明,20,6,14,中國信託-文心,2023-04-06,6164
00900,富邦特選高股息30,14,0,14,中國信託-文心,2023-04-06,6164
4168,醣聯,21,7,14,中國信託-文心,2023-04-06,6164
2834,臺企銀,24,10,14,中國信託-文心,2023-04-06,6164
00830,國泰費城半導體,14,1,13,中國信託-文心,2023-04-06,6164
6285,啟��,15,2,13,中國信託-文心,2023-04-06,6164
1220,台榮,13,0,13,中國信託-文心,2023-04-06,6164
00679B,元大美債20年,31,19,12,中國信託-文心,2023-04-06,6164
00773B,中信優先金融債,16,4,12,中國信託-文心,2023-04-06,6164
6142,友勁,19,7,12,中國信託-文心,2023-04-06,6164
3047,訊舟,13,1,12,中國信託-文心,2023-04-06,6164
8028,昇陽半導體,18,6,12,中國信託-文心,2023-04-06,6164
2889,國票金,23,12,11,中國信託-文心,2023-04-06,6164
1437,勤益控,15,4,11,中國信託-文心,2023-04-06,6164
8936,國統,11,0,11,中國信託-文心,2023-04-06,6164
2897,王道銀行,305,1,304,中國信託-文心,2023-04-07,6164
2867,三商壽,115,7,108,中國信託-文心,2023-04-07,6164
2443,昶虹,100,2,98,中國信託-文心,2023-04-07,6164
00712,復華富時不動產,82,1,81,中國信託-文心,2023-04-07,6164
00773B,中信優先金融債,61,0,61,中國信託-文心,2023-04-07,6164
00772B,中信高評級公司債,59,0,59,中國信託-文心,2023-04-07,6164
00885,富邦越南,55,2,53,中國信託-文心,2023-04-07,6164
8222,寶一,45,0,45,中國信託-文心,2023-04-07,6164
0056,元大高股息,40,8,32,中國信託-文心,2023-04-07,6164
4804,大略-KY,30,0,30,中國信託-文心,2023-04-07,6164
5469,瀚宇博,31,1,30,中國信託-文心,2023-04-07,6164
2303,聯電,30,2,28,中國信託-文心,2023-04-07,6164
6156,松上,37,10,27,中國信託-文心,2023-04-07,6164
1514,亞力,28,1,27,中國信託-文心,2023-04-07,6164
00673R,期元大S＆P原油反1,26,0,26,中國信託-文心,2023-04-07,6164
2344,華邦電,103,79,24,中國信託-文心,2023-04-07,6164
8255,朋程,21,0,21,中國信託-文心,2023-04-07,6164
00922,國泰台灣領袖50,20,0,20,中國信託-文心,2023-04-07,6164
2889,國票金,22,2,20,中國信託-文心,2023-04-07,6164
8072,陞泰,19,0,19,中國信託-文心,2023-04-07,6164
6209,今國光,30,11,19,中國信託-文心,2023-04-07,6164
9919,康那香,21,2,19,中國信託-文心,2023-04-07,6164
00720B,元大投資級公司債,21,3,18,中國信託-文心,2023-04-07,6164
00687B,國泰20年美債,20,2,18,中國信託-文心,2023-04-07,6164
6235,華孚,66,48,18,中國信託-文心,2023-04-07,6164
2009,第一銅,18,1,17,中國信託-文心,2023-04-07,6164
2834,臺企銀,28,11,17,中國信託-文心,2023-04-07,6164
1584,精剛,15,0,15,中國信託-文心,2023-04-07,6164
1612,宏泰,15,0,15,中國信託-文心,2023-04-07,6164
2891,中信金,18,3,15,中國信託-文心,2023-04-07,6164
1216,統一,16,2,14,中國信託-文心,2023-04-07,6164
2208,台船,19,6,13,中國信託-文心,2023-04-07,6164
6185,幃翔,13,0,13,中國信託-文心,2023-04-07,6164
3038,全台,12,0,12,中國信託-文心,2023-04-07,6164
00753L,中信中國50正2,13,2,11,中國信託-文心,2023-04-07,6164
3056,富華新,19,8,11,中國信託-文心,2023-04-07,6164
3540,曜越,14,4,10,中國信託-文心,2023-04-07,6164
2442,新美齊,10,0,10,中國信託-文心,2023-04-07,6164
2911,麗嬰房,10,0,10,中國信託-文心,2023-04-07,6164
2615,萬海,11,1,10,中國信託-文心,2023-04-07,6164
5521,工信,10,0,10,中國信託-文心,2023-04-07,6164
8033,雷虎,10,0,10,中國信託-文心,2023-04-07,6164
6606,建德工業,9,0,9,中國信託-文心,2023-04-07,6164
00650L,復華香港正2,10,1,9,中國信託-文心,2023-04-07,6164
2356,英業達,25,17,8,中國信託-文心,2023-04-07,6164
2645,長榮航太,9,1,8,中國信託-文心,2023-04-07,6164
4114,健喬,12,4,8,中國信託-文心,2023-04-07,6164
5439,高技,8,0,8,中國信託-文心,2023-04-07,6164
00738U,期元大道瓊白銀,8,0,8,中國信託-文心,2023-04-07,6164
2405,輔信,10,2,8,中國信託-文心,2023-04-07,6164
1308,亞聚,151,7,144,中國信託-文心,2023-04-10,6164
1618,合機,90,0,90,中國信託-文心,2023-04-10,6164
4746,台耀,55,1,54,中國信託-文心,2023-04-10,6164
00878,國泰永續高股息,103,50,53,中國信託-文心,2023-04-10,6164
6156,松上,101,48,53,中國信託-文心,2023-04-10,6164
00679B,元大美債20年,56,4,52,中國信託-文心,2023-04-10,6164
2867,三商壽,40,3,37,中國信託-文心,2023-04-10,6164
2349,錸德,33,0,33,中國信託-文心,2023-04-10,6164
2812,台中銀,45,13,32,中國信託-文心,2023-04-10,6164
3686,達能,32,0,32,中國信託-文心,2023-04-10,6164
2515,中工,33,2,31,中國信託-文心,2023-04-10,6164
00712,復華富時不動產,34,5,29,中國信託-文心,2023-04-10,6164
2105,正新,30,1,29,中國信託-文心,2023-04-10,6164
8050,廣積,28,0,28,中國信託-文心,2023-04-10,6164
3162,精確,33,5,28,中國信託-文心,2023-04-10,6164
3011,今皓,41,13,28,中國信託-文心,2023-04-10,6164
00673R,期元大S＆P原油反1,31,5,26,中國信託-文心,2023-04-10,6164
2889,國票金,25,0,25,中國信託-文心,2023-04-10,6164
6290,良維,28,3,25,中國信託-文心,2023-04-10,6164
2313,華通,25,2,23,中國信託-文心,2023-04-10,6164
00888,永豐台灣ESG,21,0,21,中國信託-文心,2023-04-10,6164
2614,東森,21,0,21,中國信託-文心,2023-04-10,6164
00637L,元大滬深300正2,48,28,20,中國信託-文心,2023-04-10,6164
8070,長華*,19,0,19,中國信託-文心,2023-04-10,6164
00772B,中信高評級公司債,20,3,17,中國信託-文心,2023-04-10,6164
1605,華新,17,0,17,中國信託-文心,2023-04-10,6164
6418,詠昇,17,0,17,中國信託-文心,2023-04-10,6164
6127,九豪,16,0,16,中國信託-文心,2023-04-10,6164
00720B,元大投資級公司債,26,11,15,中國信託-文心,2023-04-10,6164
4162,智擎,15,0,15,中國信託-文心,2023-04-10,6164
00881,國泰台灣5G+,14,0,14,中國信託-文心,2023-04-10,6164
1304,台聚,14,0,14,中國信託-文心,2023-04-10,6164
2484,希華,16,2,14,中國信託-文心,2023-04-10,6164
6767,台微醫,14,0,14,中國信託-文心,2023-04-10,6164
5328,華容,15,1,14,中國信託-文心,2023-04-10,6164
3019,亞光,22,9,13,中國信託-文心,2023-04-10,6164
00900,富邦特選高股息30,13,1,12,中國信託-文心,2023-04-10,6164
00922,國泰台灣領袖50,13,1,12,中國信託-文心,2023-04-10,6164
2462,良得電,11,0,11,中國信託-文心,2023-04-10,6164
2408,南亞科,11,0,11,中國信託-文心,2023-04-10,6164
00857B,永豐20年美公債,11,0,11,中國信託-文心,2023-04-10,6164
3707,漢磊,14,4,10,中國信託-文心,2023-04-10,6164
4968,立積,30,20,10,中國信託-文心,2023-04-10,6164
3006,晶豪科,11,1,10,中國信託-文心,2023-04-10,6164
2344,華邦電,35,25,10,中國信託-文心,2023-04-10,6164
2610,華航,11,1,10,中國信託-文心,2023-04-10,6164
6116,彩晶,10,0,10,中國信託-文心,2023-04-10,6164
4743,合一,17,8,9,中國信託-文心,2023-04-10,6164
3450,聯鈞,10,1,9,中國信託-文心,2023-04-10,6164
00725B,國泰投資級公司債,9,0,9,中國信託-文心,2023-04-10,6164
00673R,期元大S＆P原油反1,306,0,306,中國信託-文心,2023-04-11,6164
00665L,富邦�琤肭磪囓�2,117,8,109,中國信託-文心,2023-04-11,6164
2867,三商壽,114,30,84,中國信託-文心,2023-04-11,6164
8088,品安,83,5,78,中國信託-文心,2023-04-11,6164
00680L,元大美債20正2,74,5,69,中國信託-文心,2023-04-11,6164
00712,復華富時不動產,67,12,55,中國信託-文心,2023-04-11,6164
2834,臺企銀,127,74,53,中國信託-文心,2023-04-11,6164
2881,富邦金,53,1,52,中國信託-文心,2023-04-11,6164
2303,聯電,53,7,46,中國信託-文心,2023-04-11,6164
4906,正文,52,9,43,中國信託-文心,2023-04-11,6164
2349,錸德,48,5,43,中國信託-文心,2023-04-11,6164
1514,亞力,88,48,40,中國信託-文心,2023-04-11,6164
2002,中鋼,40,3,37,中國信託-文心,2023-04-11,6164
6142,友勁,45,8,37,中國信託-文心,2023-04-11,6164
0050,元大台灣50,36,1,35,中國信託-文心,2023-04-11,6164
1513,中興電,113,79,34,中國信託-文心,2023-04-11,6164
2317,鴻海,34,1,33,中國信託-文心,2023-04-11,6164
2888,新光金,33,0,33,中國信託-文心,2023-04-11,6164
3047,訊舟,29,0,29,中國信託-文心,2023-04-11,6164
00772B,中信高評級公司債,28,0,28,中國信託-文心,2023-04-11,6164
3011,今皓,48,23,25,中國信託-文心,2023-04-11,6164
1605,華新,42,17,25,中國信託-文心,2023-04-11,6164
4402,郡都開發,25,0,25,中國信託-文心,2023-04-11,6164
3162,精確,28,5,23,中國信託-文心,2023-04-11,6164
1504,東元,32,9,23,中國信託-文心,2023-04-11,6164
5353,台林,27,6,21,中國信託-文心,2023-04-11,6164
2457,飛宏,52,32,20,中國信託-文心,2023-04-11,6164
6209,今國光,34,14,20,中國信託-文心,2023-04-11,6164
00885,富邦越南,19,0,19,中國信託-文心,2023-04-11,6164
3027,盛達,22,3,19,中國信託-文心,2023-04-11,6164
00679B,元大美債20年,20,2,18,中國信託-文心,2023-04-11,6164
4968,立積,31,13,18,中國信託-文心,2023-04-11,6164
3673,TPK-KY,21,3,18,中國信託-文心,2023-04-11,6164
2891,中信金,27,9,18,中國信託-文心,2023-04-11,6164
00888,永豐台灣ESG,17,0,17,中國信託-文心,2023-04-11,6164
8433,弘帆,17,0,17,中國信託-文心,2023-04-11,6164
5234,達興材料,17,0,17,中國信託-文心,2023-04-11,6164
6116,彩晶,16,0,16,中國信託-文心,2023-04-11,6164
1314,中石化,15,0,15,中國信託-文心,2023-04-11,6164
4171,瑞基,15,0,15,中國信託-文心,2023-04-11,6164
6789,采鈺,15,0,15,中國信託-文心,2023-04-11,6164
5321,美而快,14,1,13,中國信託-文心,2023-04-11,6164
5465,富驊,18,5,13,中國信託-文心,2023-04-11,6164
2388,威盛,16,4,12,中國信託-文心,2023-04-11,6164
5608,四維航,14,2,12,中國信託-文心,2023-04-11,6164
2206,三陽工業,38,27,11,中國信託-文心,2023-04-11,6164
2462,良得電,11,0,11,中國信託-文心,2023-04-11,6164
6664,群翊,18,7,11,中國信託-文心,2023-04-11,6164
4164,承業醫,20,9,11,中國信託-文心,2023-04-11,6164
3489,森寶,11,0,11,中國信託-文心,2023-04-11,6164
00673R,期元大S＆P原油反1,229,2,227,中國信託-文心,2023-04-12,6164
6163,華電網,221,5,216,中國信託-文心,2023-04-12,6164
1308,亞聚,197,0,197,中國信託-文心,2023-04-12,6164
00878,國泰永續高股息,182,45,137,中國信託-文心,2023-04-12,6164
00712,復華富時不動產,89,0,89,中國信託-文心,2023-04-12,6164
4114,健喬,90,9,81,中國信託-文心,2023-04-12,6164
00680L,元大美債20正2,52,0,52,中國信託-文心,2023-04-12,6164
9941,裕融,45,0,45,中國信託-文心,2023-04-12,6164
1312,國喬,44,1,43,中國信託-文心,2023-04-12,6164
3209,全科,45,3,42,中國信託-文心,2023-04-12,6164
3419,譁裕,40,1,39,中國信託-文心,2023-04-12,6164
2317,鴻海,43,5,38,中國信託-文心,2023-04-12,6164
00753L,中信中國50正2,55,17,38,中國信託-文心,2023-04-12,6164
1584,精剛,192,156,36,中國信託-文心,2023-04-12,6164
00679B,元大美債20年,39,4,35,中國信託-文心,2023-04-12,6164
3038,全台,39,6,33,中國信託-文心,2023-04-12,6164
2542,興富發,46,13,33,中國信託-文心,2023-04-12,6164
2618,長榮航,33,1,32,中國信託-文心,2023-04-12,6164
2426,鼎元,30,0,30,中國信託-文心,2023-04-12,6164
1504,東元,47,21,26,中國信託-文心,2023-04-12,6164
00632R,元大台灣50反1,43,17,26,中國信託-文心,2023-04-12,6164
8222,寶一,157,133,24,中國信託-文心,2023-04-12,6164
8088,品安,30,8,22,中國信託-文心,2023-04-12,6164
1522,堤維西,22,0,22,中國信託-文心,2023-04-12,6164
2457,飛宏,43,22,21,中國信託-文心,2023-04-12,6164
3162,精確,27,7,20,中國信託-文心,2023-04-12,6164
1808,潤隆,20,0,20,中國信託-文心,2023-04-12,6164
6152,百一,19,0,19,中國信託-文心,2023-04-12,6164
2313,華通,60,41,19,中國信託-文心,2023-04-12,6164
2406,國碩,21,3,18,中國信託-文心,2023-04-12,6164
6770,力積電,21,4,17,中國信託-文心,2023-04-12,6164
2516,新建,16,0,16,中國信託-文心,2023-04-12,6164
6148,驊宏資,24,8,16,中國信託-文心,2023-04-12,6164
00665L,富邦�琤肭磪囓�2,19,3,16,中國信託-文心,2023-04-12,6164
6235,華孚,42,27,15,中國信託-文心,2023-04-12,6164
2450,神腦,15,0,15,中國信託-文心,2023-04-12,6164
3006,晶豪科,27,13,14,中國信託-文心,2023-04-12,6164
4207,環泰,14,0,14,中國信託-文心,2023-04-12,6164
00772B,中信高評級公司債,13,0,13,中國信託-文心,2023-04-12,6164
2329,華泰,14,1,13,中國信託-文心,2023-04-12,6164
00631L,元大台灣50正2,12,0,12,中國信託-文心,2023-04-12,6164
8033,雷虎,14,2,12,中國信託-文心,2023-04-12,6164
3029,零壹,18,6,12,中國信託-文心,2023-04-12,6164
2897,王道銀行,12,0,12,中國信託-文心,2023-04-12,6164
4402,郡都開發,11,0,11,中國信託-文心,2023-04-12,6164
00751B,元大AAA至A公司債,11,0,11,中國信託-文心,2023-04-12,6164
3017,奇鋐,12,2,10,中國信託-文心,2023-04-12,6164
2836,高雄銀,10,0,10,中國信託-文心,2023-04-12,6164
8070,長華*,12,2,10,中國信託-文心,2023-04-12,6164
8054,安國,10,0,10,中國信託-文心,2023-04-12,6164
00673R,期元大S＆P原油反1,290,14,276,中國信託-文心,2023-04-13,6164
00712,復華富時不動產,90,0,90,中國信託-文心,2023-04-13,6164
1810,和成,108,20,88,中國信託-文心,2023-04-13,6164
0050,元大台灣50,73,1,72,中國信託-文心,2023-04-13,6164
00900,富邦特選高股息30,66,0,66,中國信託-文心,2023-04-13,6164
2313,華通,101,41,60,中國信託-文心,2023-04-13,6164
00720B,元大投資級公司債,57,0,57,中國信託-文心,2023-04-13,6164
1308,亞聚,55,0,55,中國信託-文心,2023-04-13,6164
6288,聯嘉,55,3,52,中國信託-文心,2023-04-13,6164
2303,聯電,51,2,49,中國信託-文心,2023-04-13,6164
00772B,中信高評級公司債,47,0,47,中國信託-文心,2023-04-13,6164
5009,榮剛,111,70,41,中國信託-文心,2023-04-13,6164
6235,華孚,143,102,41,中國信託-文心,2023-04-13,6164
2330,台積電,42,4,38,中國信託-文心,2023-04-13,6164
3005,神基,50,12,38,中國信託-文心,2023-04-13,6164
3499,環天科,49,12,37,中國信託-文心,2023-04-13,6164
5351,鈺創,40,4,36,中國信託-文心,2023-04-13,6164
00680L,元大美債20正2,34,0,34,中國信託-文心,2023-04-13,6164
3038,全台,41,7,34,中國信託-文心,2023-04-13,6164
2882,國泰金,43,10,33,中國信託-文心,2023-04-13,6164
2376,技嘉,33,0,33,中國信託-文心,2023-04-13,6164
00679B,元大美債20年,35,3,32,中國信託-文心,2023-04-13,6164
00888,永豐台灣ESG,28,0,28,中國信託-文心,2023-04-13,6164
2812,台中銀,50,24,26,中國信託-文心,2023-04-13,6164
2867,三商壽,137,111,26,中國信託-文心,2023-04-13,6164
1611,中電,33,8,25,中國信託-文心,2023-04-13,6164
6443,元晶,30,6,24,中國信託-文心,2023-04-13,6164
1513,中興電,87,63,24,中國信託-文心,2023-04-13,6164
3059,華晶科,23,0,23,中國信託-文心,2023-04-13,6164
1612,宏泰,23,0,23,中國信託-文心,2023-04-13,6164
1519,華城,62,40,22,中國信託-文心,2023-04-13,6164
8033,雷虎,35,12,23,中國信託-文心,2023-04-13,6164
6138,茂達,21,0,21,中國信託-文心,2023-04-13,6164
1504,東元,65,45,20,中國信託-文心,2023-04-13,6164
6156,松上,23,3,20,中國信託-文心,2023-04-13,6164
6770,力積電,25,6,19,中國信託-文心,2023-04-13,6164
2368,金像電,29,10,19,中國信託-文心,2023-04-13,6164
00637L,元大滬深300正2,33,14,19,中國信託-文心,2023-04-13,6164
00891,中信關鍵半導體,22,3,19,中國信託-文心,2023-04-13,6164
5381,合正,19,0,19,中國信託-文心,2023-04-13,6164
3491,昇達科,37,19,18,中國信託-文心,2023-04-13,6164
2402,毅嘉,31,13,18,中國信託-文心,2023-04-13,6164
00751B,元大AAA至A公司債,18,0,18,中國信託-文心,2023-04-13,6164
0056,元大高股息,24,7,17,中國信託-文心,2023-04-13,6164
00881,國泰台灣5G+,19,2,17,中國信託-文心,2023-04-13,6164
00893,國泰智能電動車,19,2,17,中國信託-文心,2023-04-13,6164
6182,合晶,19,2,17,中國信託-文心,2023-04-13,6164
6223,旺矽,16,1,15,中國信託-文心,2023-04-13,6164
00795B,中信美國公債20年,15,0,15,中國信託-文心,2023-04-13,6164
00725B,國泰投資級公司債,15,0,15,中國信託-文心,2023-04-13,6164
00885,富邦越南,201,10,191,中國信託-文心,2023-04-14,6164
00673R,期元大S＆P原油反1,175,0,175,中國信託-文心,2023-04-14,6164
00632R,元大台灣50反1,158,19,139,中國信託-文心,2023-04-14,6164
00679B,元大美債20年,87,8,79,中國信託-文心,2023-04-14,6164
00772B,中信高評級公司債,101,30,71,中國信託-文心,2023-04-14,6164
2516,新建,71,0,71,中國信託-文心,2023-04-14,6164
3003,健和興,71,7,64,中國信託-文心,2023-04-14,6164
00680L,元大美債20正2,63,2,61,中國信託-文心,2023-04-14,6164
3673,TPK-KY,62,6,56,中國信託-文心,2023-04-14,6164
00712,復華富時不動產,62,6,56,中國信託-文心,2023-04-14,6164
3481,群創,63,9,54,中國信託-文心,2023-04-14,6164
2208,台船,91,38,53,中國信託-文心,2023-04-14,6164
1319,東陽,55,3,52,中國信託-文心,2023-04-14,6164
00753L,中信中國50正2,47,1,46,中國信託-文心,2023-04-14,6164
3049,精金,60,15,45,中國信託-文心,2023-04-14,6164
2402,毅嘉,64,20,44,中國信託-文心,2023-04-14,6164
4123,晟德,40,2,38,中國信託-文心,2023-04-14,6164
00857B,永豐20年美公債,38,0,38,中國信託-文心,2023-04-14,6164
8222,寶一,137,100,37,中國信託-文心,2023-04-14,6164
00720B,元大投資級公司債,39,2,37,中國信託-文心,2023-04-14,6164
1718,中纖,35,1,34,中國信託-文心,2023-04-14,6164
2002,中鋼,32,0,32,中國信託-文心,2023-04-14,6164
2634,漢翔,251,219,32,中國信託-文心,2023-04-14,6164
6197,佳必琪,30,0,30,中國信託-文心,2023-04-14,6164
3058,立德,36,6,30,中國信託-文心,2023-04-14,6164
5465,富驊,39,10,29,中國信託-文心,2023-04-14,6164
5469,瀚宇博,29,0,29,中國信託-文心,2023-04-14,6164
6266,泰詠,68,40,28,中國信託-文心,2023-04-14,6164
8182,加高,25,0,25,中國信託-文心,2023-04-14,6164
2349,錸德,32,7,25,中國信託-文心,2023-04-14,6164
7402,邑錡,31,7,24,中國信託-文心,2023-04-14,6164
1314,中石化,23,0,23,中國信託-文心,2023-04-14,6164
4541,晟田,30,7,23,中國信託-文心,2023-04-14,6164
1308,亞聚,22,0,22,中國信託-文心,2023-04-14,6164
5381,合正,21,0,21,中國信託-文心,2023-04-14,6164
8932,智通*,21,0,21,中國信託-文心,2023-04-14,6164
2615,萬海,20,0,20,中國信託-文心,2023-04-14,6164
00637L,元大滬深300正2,47,27,20,中國信託-文心,2023-04-14,6164
1504,東元,28,8,20,中國信託-文心,2023-04-14,6164
6782,視陽,20,1,19,中國信託-文心,2023-04-14,6164
00795B,中信美國公債20年,19,0,19,中國信託-文心,2023-04-14,6164
2457,飛宏,107,88,19,中國信託-文心,2023-04-14,6164
2883,凱基金,30,12,18,中國信託-文心,2023-04-14,6164
2834,臺企銀,26,8,18,中國信託-文心,2023-04-14,6164
5009,榮剛,18,1,17,中國信託-文心,2023-04-14,6164
00713,元大台灣高息低波,16,0,16,中國信託-文心,2023-04-14,6164
5353,台林,19,3,16,中國信託-文心,2023-04-14,6164
1584,精剛,58,42,16,中國信託-文心,2023-04-14,6164
4916,事欣科,18,3,15,中國信託-文心,2023-04-14,6164
00751B,元大AAA至A公司債,15,0,15,中國信託-文心,2023-04-14,6164
00912,中信臺灣智慧50,320,0,320,中國信託-文心,2023-04-17,6164
00878,國泰永續高股息,227,51,176,中國信託-文心,2023-04-17,6164
1417,嘉裕,150,0,150,中國信託-文心,2023-04-17,6164
2610,華航,137,1,136,中國信託-文心,2023-04-17,6164
2443,昶虹,116,0,116,中國信託-文心,2023-04-17,6164
2618,長榮航,117,2,115,中國信託-文心,2023-04-17,6164
1514,亞力,160,48,112,中國信託-文心,2023-04-17,6164
00679B,元大美債20年,99,1,98,中國信託-文心,2023-04-17,6164
00712,復華富時不動產,114,17,97,中國信託-文心,2023-04-17,6164
00680L,元大美債20正2,97,0,97,中國信託-文心,2023-04-17,6164
00683L,期元大美元指正2,87,0,87,中國信託-文心,2023-04-17,6164
2105,正新,107,28,79,中國信託-文心,2023-04-17,6164
2344,華邦電,82,9,73,中國信託-文心,2023-04-17,6164
2634,漢翔,351,278,73,中國信託-文心,2023-04-17,6164
2002,中鋼,80,10,70,中國信託-文心,2023-04-17,6164
2454,聯發科,67,1,66,中國信託-文心,2023-04-17,6164
2515,中工,86,22,64,中國信託-文心,2023-04-17,6164
1718,中纖,65,1,64,中國信託-文心,2023-04-17,6164
00720B,元大投資級公司債,51,0,51,中國信託-文心,2023-04-17,6164
6547,高端疫苗,77,30,47,中國信託-文心,2023-04-17,6164
2885,元大金,48,1,47,中國信託-文心,2023-04-17,6164
0050,元大台灣50,51,6,45,中國信託-文心,2023-04-17,6164
4915,致伸,40,1,39,中國信託-文心,2023-04-17,6164
3260,威剛,42,4,38,中國信託-文心,2023-04-17,6164
6197,佳必琪,32,0,32,中國信託-文心,2023-04-17,6164
2884,玉山金,34,4,30,中國信託-文心,2023-04-17,6164
6112,邁達特,39,10,29,中國信託-文心,2023-04-17,6164
2208,台船,96,67,29,中國信託-文心,2023-04-17,6164
1308,亞聚,27,0,27,中國信託-文心,2023-04-17,6164
00751B,元大AAA至A公司債,27,0,27,中國信託-文心,2023-04-17,6164
00715L,期街口布蘭特正2,26,0,26,中國信託-文心,2023-04-17,6164
3706,神達,29,3,26,中國信託-文心,2023-04-17,6164
00675L,富邦臺灣加權正2,24,0,24,中國信託-文心,2023-04-17,6164
1449,佳和,23,0,23,中國信託-文心,2023-04-17,6164
6548,長科*,24,2,22,中國信託-文心,2023-04-17,6164
6743,安普新,21,0,21,中國信託-文心,2023-04-17,6164
2442,新美齊,20,0,20,中國信託-文心,2023-04-17,6164
5258,虹堡,41,21,20,中國信託-文心,2023-04-17,6164
1605,華新,54,35,19,中國信託-文心,2023-04-17,6164
6152,百一,20,1,19,中國信託-文心,2023-04-17,6164
2349,錸德,32,14,18,中國信託-文心,2023-04-17,6164
8936,國統,20,3,17,中國信託-文心,2023-04-17,6164
8215,明基材,21,4,17,中國信託-文心,2023-04-17,6164
4744,皇將,17,0,17,中國信託-文心,2023-04-17,6164
5355,佳總,17,0,17,中國信託-文心,2023-04-17,6164
2206,三陽工業,30,13,17,中國信託-文心,2023-04-17,6164
1437,勤益控,16,0,16,中國信託-文心,2023-04-17,6164
1708,東鹼,21,5,16,中國信託-文心,2023-04-17,6164
2891,中信金,28,13,15,中國信託-文心,2023-04-17,6164
6603,富強鑫,15,0,15,中國信託-文心,2023-04-17,6164
2486,一詮,150,4,146,中國信託-文心,2023-04-18,6164
1605,華新,156,22,134,中國信託-文心,2023-04-18,6164
2634,漢翔,265,146,119,中國信託-文心,2023-04-18,6164
2443,昶虹,116,0,116,中國信託-文心,2023-04-18,6164
1907,永豐餘,101,7,94,中國信託-文心,2023-04-18,6164
2618,長榮航,101,9,92,中國信託-文心,2023-04-18,6164
2208,台船,140,52,88,中國信託-文心,2023-04-18,6164
00772B,中信高評級公司債,87,3,84,中國信託-文心,2023-04-18,6164
2314,台揚,101,20,81,中國信託-文心,2023-04-18,6164
00888,永豐台灣ESG,95,15,80,中國信託-文心,2023-04-18,6164
2515,中工,77,9,68,中國信託-文心,2023-04-18,6164
3058,立德,79,14,65,中國信託-文心,2023-04-18,6164
00679B,元大美債20年,64,1,63,中國信託-文心,2023-04-18,6164
00680L,元大美債20正2,63,0,63,中國信託-文心,2023-04-18,6164
1444,力麗,81,24,57,中國信託-文心,2023-04-18,6164
0050,元大台灣50,60,5,55,中國信託-文心,2023-04-18,6164
3047,訊舟,53,2,51,中國信託-文心,2023-04-18,6164
00720B,元大投資級公司債,49,4,45,中國信託-文心,2023-04-18,6164
2891,中信金,58,14,44,中國信託-文心,2023-04-18,6164
00683L,期元大美元指正2,53,10,43,中國信託-文心,2023-04-18,6164
1217,愛之味,40,0,40,中國信託-文心,2023-04-18,6164
00878,國泰永續高股息,96,57,39,中國信託-文心,2023-04-18,6164
1609,大亞,52,18,34,中國信託-文心,2023-04-18,6164
3481,群創,55,23,32,中國信託-文心,2023-04-18,6164
00712,復華富時不動產,32,0,32,中國信託-文心,2023-04-18,6164
2610,華航,35,4,31,中國信託-文心,2023-04-18,6164
2312,金寶,31,0,31,中國信託-文心,2023-04-18,6164
00773B,中信優先金融債,28,0,28,中國信託-文心,2023-04-18,6164
6147,頎邦,27,0,27,中國信託-文心,2023-04-18,6164
8033,雷虎,215,189,26,中國信託-文心,2023-04-18,6164
2888,新光金,27,1,26,中國信託-文心,2023-04-18,6164
00795B,中信美國公債20年,26,0,26,中國信託-文心,2023-04-18,6164
3056,富華新,27,2,25,中國信託-文心,2023-04-18,6164
1584,精剛,89,65,24,中國信託-文心,2023-04-18,6164
5211,蒙恬,26,3,23,中國信託-文心,2023-04-18,6164
00687B,國泰20年美債,22,0,22,中國信託-文心,2023-04-18,6164
00891,中信關鍵半導體,22,0,22,中國信託-文心,2023-04-18,6164
5452,佶優,22,2,20,中國信託-文心,2023-04-18,6164
00632R,元大台灣50反1,22,2,20,中國信託-文心,2023-04-18,6164
4161,聿新科,20,0,20,中國信託-文心,2023-04-18,6164
3231,緯創,32,12,20,中國信託-文心,2023-04-18,6164
2867,三商壽,40,20,20,中國信託-文心,2023-04-18,6164
6266,泰詠,62,42,20,中國信託-文心,2023-04-18,6164
00900,富邦特選高股息30,19,1,18,中國信託-文心,2023-04-18,6164
6269,台郡,17,0,17,中國信託-文心,2023-04-18,6164
00715L,期街口布蘭特正2,20,3,17,中國信託-文心,2023-04-18,6164
2471,資通,37,21,16,中國信託-文心,2023-04-18,6164
2605,新興,20,4,16,中國信託-文心,2023-04-18,6164
1785,光洋科,21,5,16,中國信託-文心,2023-04-18,6164
00862B,中信投資級公司債,16,0,16,中國信託-文心,2023-04-18,6164
2515,中工,158,40,118,中國信託-文心,2023-04-19,6164
00878,國泰永續高股息,200,97,103,中國信託-文心,2023-04-19,6164
00679B,元大美債20年,74,0,74,中國信託-文心,2023-04-19,6164
2610,華航,72,7,65,中國信託-文心,2023-04-19,6164
00712,復華富時不動產,61,0,61,中國信託-文心,2023-04-19,6164
0050,元大台灣50,70,10,60,中國信託-文心,2023-04-19,6164
00673R,期元大S＆P原油反1,60,0,60,中國信託-文心,2023-04-19,6164
2303,聯電,66,14,52,中國信託-文心,2023-04-19,6164
2609,陽明,56,5,51,中國信託-文心,2023-04-19,6164
2443,昶虹,50,0,50,中國信託-文心,2023-04-19,6164
2867,三商壽,45,0,45,中國信託-文心,2023-04-19,6164
2014,中鴻,50,5,45,中國信託-文心,2023-04-19,6164
3714,富采,44,0,44,中國信託-文心,2023-04-19,6164
00772B,中信高評級公司債,39,0,39,中國信託-文心,2023-04-19,6164
2002,中鋼,45,7,38,中國信託-文心,2023-04-19,6164
2881,富邦金,38,1,37,中國信託-文心,2023-04-19,6164
00888,永豐台灣ESG,38,2,36,中國信託-文心,2023-04-19,6164
5381,合正,39,5,34,中國信託-文心,2023-04-19,6164
1810,和成,83,50,33,中國信託-文心,2023-04-19,6164
2409,友達,41,9,32,中國信託-文心,2023-04-19,6164
00720B,元大投資級公司債,31,0,31,中國信託-文心,2023-04-19,6164
2208,台船,58,27,31,中國信託-文心,2023-04-19,6164
00922,國泰台灣領袖50,30,0,30,中國信託-文心,2023-04-19,6164
3264,欣銓,32,3,29,中國信託-文心,2023-04-19,6164
00675L,富邦臺灣加權正2,36,8,28,中國信託-文心,2023-04-19,6164
1101,台泥,35,7,28,中國信託-文心,2023-04-19,6164
2344,華邦電,28,2,26,中國信託-文心,2023-04-19,6164
6167,久正,31,5,26,中國信託-文心,2023-04-19,6164
2317,鴻海,35,9,26,中國信託-文心,2023-04-19,6164
3682,亞太電,25,0,25,中國信託-文心,2023-04-19,6164
5465,富驊,28,4,24,中國信託-文心,2023-04-19,6164
3576,聯合再生,49,26,23,中國信託-文心,2023-04-19,6164
2426,鼎元,24,1,23,中國信託-文心,2023-04-19,6164
2495,普安,34,11,23,中國信託-文心,2023-04-19,6164
2390,云辰,24,2,22,中國信託-文心,2023-04-19,6164
2009,第一銅,38,16,22,中國信託-文心,2023-04-19,6164
00680L,元大美債20正2,22,0,22,中國信託-文心,2023-04-19,6164
2358,廷鑫,22,1,21,中國信託-文心,2023-04-19,6164
00715L,期街口布蘭特正2,21,0,21,中國信託-文心,2023-04-19,6164
3591,艾笛森,35,14,21,中國信託-文心,2023-04-19,6164
2330,台積電,22,1,21,中國信託-文心,2023-04-19,6164
2884,玉山金,21,0,21,中國信託-文心,2023-04-19,6164
3711,日月光投控,20,0,20,中國信託-文心,2023-04-19,6164
4736,泰博,20,1,19,中國信託-文心,2023-04-19,6164
00900,富邦特選高股息30,21,2,19,中國信託-文心,2023-04-19,6164
00751B,元大AAA至A公司債,18,0,18,中國信託-文心,2023-04-19,6164
8046,南電,17,0,17,中國信託-文心,2023-04-19,6164
00881,國泰台灣5G+,16,0,16,中國信託-文心,2023-04-19,6164
00753L,中信中國50正2,15,0,15,中國信託-文心,2023-04-19,6164
3037,欣興,36,21,15,中國信託-文心,2023-04-19,6164
4168,醣聯,555,0,555,中國信託-文心,2023-04-20,6164
6244,茂迪,263,51,212,中國信託-文心,2023-04-20,6164
00878,國泰永續高股息,224,53,171,中國信託-文心,2023-04-20,6164
2515,中工,154,12,142,中國信託-文心,2023-04-20,6164
6134,萬旭,112,8,104,中國信託-文心,2023-04-20,6164
00922,國泰台灣領袖50,76,3,73,中國信託-文心,2023-04-20,6164
00888,永豐台灣ESG,72,2,70,中國信託-文心,2023-04-20,6164
00679B,元大美債20年,69,0,69,中國信託-文心,2023-04-20,6164
2610,華航,67,0,67,中國信託-文心,2023-04-20,6164
2618,長榮航,54,0,54,中國信託-文心,2023-04-20,6164
6443,元晶,77,24,53,中國信託-文心,2023-04-20,6164
00632R,元大台灣50反1,210,157,53,中國信託-文心,2023-04-20,6164
2883B,凱基金乙特,52,0,52,中國信託-文心,2023-04-20,6164
1516,川飛,49,0,49,中國信託-文心,2023-04-20,6164
5512,力麒,47,0,47,中國信託-文心,2023-04-20,6164
2457,飛宏,159,113,46,中國信託-文心,2023-04-20,6164
4541,晟田,53,8,45,中國信託-文心,2023-04-20,6164
2723,美食-KY,53,11,42,中國信託-文心,2023-04-20,6164
00680L,元大美債20正2,40,0,40,中國信託-文心,2023-04-20,6164
4915,致伸,41,2,39,中國信託-文心,2023-04-20,6164
3038,全台,54,16,38,中國信託-文心,2023-04-20,6164
6282,康舒,160,122,38,中國信託-文心,2023-04-20,6164
3686,達能,38,1,37,中國信託-文心,2023-04-20,6164
1909,榮成,46,12,34,中國信託-文心,2023-04-20,6164
00687B,國泰20年美債,34,0,34,中國信託-文心,2023-04-20,6164
1513,中興電,68,34,34,中國信託-文心,2023-04-20,6164
5309,系統電,38,5,33,中國信託-文心,2023-04-20,6164
00753L,中信中國50正2,62,30,32,中國信託-文心,2023-04-20,6164
00772B,中信高評級公司債,29,1,28,中國信託-文心,2023-04-20,6164
1810,和成,58,31,27,中國信託-文心,2023-04-20,6164
00751B,元大AAA至A公司債,27,1,26,中國信託-文心,2023-04-20,6164
2615,萬海,42,17,25,中國信託-文心,2023-04-20,6164
2443,昶虹,23,0,23,中國信託-文心,2023-04-20,6164
3673,TPK-KY,31,8,23,中國信託-文心,2023-04-20,6164
2890,永豐金,23,0,23,中國信託-文心,2023-04-20,6164
2913,農林,25,3,22,中國信託-文心,2023-04-20,6164
2009,第一銅,26,4,22,中國信託-文心,2023-04-20,6164
6118,建達,22,0,22,中國信託-文心,2023-04-20,6164
1533,車王電,21,0,21,中國信託-文心,2023-04-20,6164
2324,仁寶,28,7,21,中國信託-文心,2023-04-20,6164
8249,菱光,21,0,21,中國信託-文心,2023-04-20,6164
2014,中鴻,27,6,21,中國信託-文心,2023-04-20,6164
00683L,期元大美元指正2,20,0,20,中國信託-文心,2023-04-20,6164
3481,群創,36,17,19,中國信託-文心,2023-04-20,6164
6770,力積電,23,5,18,中國信託-文心,2023-04-20,6164
3047,訊舟,43,25,18,中國信託-文心,2023-04-20,6164
2498,宏達電,26,9,17,中國信託-文心,2023-04-20,6164
00712,復華富時不動產,18,1,17,中國信託-文心,2023-04-20,6164
2340,台亞,16,0,16,中國信託-文心,2023-04-20,6164
8046,南電,20,4,16,中國信託-文心,2023-04-20,6164
4168,醣聯,254,0,254,中國信託-文心,2023-04-21,6164
00878,國泰永續高股息,165,49,116,中國信託-文心,2023-04-21,6164
00712,復華富時不動產,101,2,99,中國信託-文心,2023-04-21,6164
2515,中工,93,1,92,中國信託-文心,2023-04-21,6164
00676R,富邦臺灣加權反1,92,0,92,中國信託-文心,2023-04-21,6164
00686R,群益臺灣加權反1,85,0,85,中國信託-文心,2023-04-21,6164
2913,農林,101,25,76,中國信託-文心,2023-04-21,6164
3047,訊舟,72,0,72,中國信託-文心,2023-04-21,6164
2634,漢翔,194,135,59,中國信託-文心,2023-04-21,6164
00664R,國泰臺灣加權反1,51,0,51,中國信託-文心,2023-04-21,6164
1907,永豐餘,241,191,50,中國信託-文心,2023-04-21,6164
1611,中電,69,23,46,中國信託-文心,2023-04-21,6164
6288,聯嘉,51,5,46,中國信託-文心,2023-04-21,6164
2609,陽明,61,15,46,中國信託-文心,2023-04-21,6164
2610,華航,51,7,44,中國信託-文心,2023-04-21,6164
3665,貿聯-KY,41,0,41,中國信託-文心,2023-04-21,6164
2883B,凱基金乙特,39,0,39,中國信託-文心,2023-04-21,6164
0056,元大高股息,37,3,34,中國信託-文心,2023-04-21,6164
1701,中化,33,0,33,中國信託-文心,2023-04-21,6164
00669R,國泰美國道瓊反1,32,0,32,中國信託-文心,2023-04-21,6164
1516,川飛,41,11,30,中國信託-文心,2023-04-21,6164
00900,富邦特選高股息30,28,0,28,中國信託-文心,2023-04-21,6164
6603,富強鑫,29,1,28,中國信託-文心,2023-04-21,6164
6218,豪勉,37,9,28,中國信託-文心,2023-04-21,6164
2454,聯發科,29,1,28,中國信託-文心,2023-04-21,6164
3035,智原,38,12,26,中國信託-文心,2023-04-21,6164
4502,健信,26,0,26,中國信託-文心,2023-04-21,6164
00715L,期街口布蘭特正2,25,0,25,中國信託-文心,2023-04-21,6164
6770,力積電,35,10,25,中國信託-文心,2023-04-21,6164
3017,奇鋐,30,5,25,中國信託-文心,2023-04-21,6164
00720B,元大投資級公司債,24,0,24,中國信託-文心,2023-04-21,6164
3406,玉晶光,23,0,23,中國信託-文心,2023-04-21,6164
1460,宏遠,23,0,23,中國信託-文心,2023-04-21,6164
2206,三陽工業,42,20,22,中國信託-文心,2023-04-21,6164
2009,第一銅,22,0,22,中國信託-文心,2023-04-21,6164
6116,彩晶,30,9,21,中國信託-文心,2023-04-21,6164
00679B,元大美債20年,20,0,20,中國信託-文心,2023-04-21,6164
5381,合正,21,1,20,中國信託-文心,2023-04-21,6164
00671R,富邦NASDAQ反1,20,0,20,中國信託-文心,2023-04-21,6164
00888,永豐台灣ESG,20,0,20,中國信託-文心,2023-04-21,6164
00749B,凱基新興債10+,19,0,19,中國信託-文心,2023-04-21,6164
00912,中信臺灣智慧50,19,0,19,中國信託-文心,2023-04-21,6164
00891,中信關鍵半導體,28,10,18,中國信託-文心,2023-04-21,6164
2002,中鋼,32,14,18,中國信託-文心,2023-04-21,6164
8046,南電,18,0,18,中國信託-文心,2023-04-21,6164
1313,聯成,18,0,18,中國信託-文心,2023-04-21,6164
6698,旭暉應材,20,2,18,中國信託-文心,2023-04-21,6164
2027,大成鋼,19,1,18,中國信託-文心,2023-04-21,6164
2834,臺企銀,27,10,17,中國信託-文心,2023-04-21,6164
3058,立德,40,24,16,中國信託-文心,2023-04-21,6164
2409,友達,204,10,194,中國信託-文心,2023-04-24,6164
00902,中信電池及儲能,123,0,123,中國信託-文心,2023-04-24,6164
2515,中工,94,0,94,中國信託-文心,2023-04-24,6164
00637L,元大滬深300正2,102,21,81,中國信託-文心,2023-04-24,6164
1710,東聯,82,22,60,中國信託-文心,2023-04-24,6164
00712,復華富時不動產,57,0,57,中國信託-文心,2023-04-24,6164
00679B,元大美債20年,56,0,56,中國信託-文心,2023-04-24,6164
00878,國泰永續高股息,131,77,54,中國信託-文心,2023-04-24,6164
6282,康舒,110,58,52,中國信託-文心,2023-04-24,6164
00900,富邦特選高股息30,55,7,48,中國信託-文心,2023-04-24,6164
1905,華紙,104,59,45,中國信託-文心,2023-04-24,6164
1907,永豐餘,195,151,44,中國信託-文心,2023-04-24,6164
00751B,元大AAA至A公司債,42,0,42,中國信託-文心,2023-04-24,6164
2867,三商壽,341,301,40,中國信託-文心,2023-04-24,6164
2851,中再保,40,0,40,中國信託-文心,2023-04-24,6164
3090,日電貿,40,0,40,中國信託-文心,2023-04-24,6164
00891,中信關鍵半導體,38,0,38,中國信託-文心,2023-04-24,6164
00772B,中信高評級公司債,34,0,34,中國信託-文心,2023-04-24,6164
00680L,元大美債20正2,34,1,33,中國信託-文心,2023-04-24,6164
8222,寶一,136,104,32,中國信託-文心,2023-04-24,6164
2913,農林,65,34,31,中國信託-文心,2023-04-24,6164
9110,越南控-DR,40,10,30,中國信託-文心,2023-04-24,6164
4510,高鋒,57,27,30,中國信託-文心,2023-04-24,6164
00632R,元大台灣50反1,69,40,29,中國信託-文心,2023-04-24,6164
00720B,元大投資級公司債,28,0,28,中國信託-文心,2023-04-24,6164
6182,合晶,28,0,28,中國信託-文心,2023-04-24,6164
2317,鴻海,38,11,27,中國信託-文心,2023-04-24,6164
3038,全台,36,9,27,中國信託-文心,2023-04-24,6164
4960,誠美材,29,3,26,中國信託-文心,2023-04-24,6164
1471,首利,25,0,25,中國信託-文心,2023-04-24,6164
1711,永光,51,27,24,中國信託-文心,2023-04-24,6164
00753L,中信中國50正2,38,15,23,中國信託-文心,2023-04-24,6164
2610,華航,23,0,23,中國信託-文心,2023-04-24,6164
2313,華通,30,7,23,中國信託-文心,2023-04-24,6164
00795B,中信美國公債20年,21,0,21,中國信託-文心,2023-04-24,6164
1310,台苯,38,20,18,中國信託-文心,2023-04-24,6164
4147,中裕,18,1,17,中國信託-文心,2023-04-24,6164
2634,漢翔,150,133,17,中國信託-文心,2023-04-24,6164
6148,驊宏資,20,4,16,中國信託-文心,2023-04-24,6164
0056,元大高股息,21,5,16,中國信託-文心,2023-04-24,6164
00665L,富邦�琤肭磪囓�2,15,0,15,中國信託-文心,2023-04-24,6164
5381,合正,15,0,15,中國信託-文心,2023-04-24,6164
0061,元大寶滬深,15,0,15,中國信託-文心,2023-04-24,6164
2886,兆豐金,15,1,14,中國信託-文心,2023-04-24,6164
6163,華電網,19,5,14,中國信託-文心,2023-04-24,6164
00687B,國泰20年美債,14,0,14,中國信託-文心,2023-04-24,6164
1312,國喬,15,1,14,中國信託-文心,2023-04-24,6164
5009,榮剛,16,2,14,中國信託-文心,2023-04-24,6164
3078,僑威,35,22,13,中國信託-文心,2023-04-24,6164
6152,百一,12,0,12,中國信託-文心,2023-04-24,6164
00878,國泰永續高股息,431,109,322,中國信託-文心,2023-04-25,6164
2409,友達,235,14,221,中國信託-文心,2023-04-25,6164
0056,元大高股息,200,8,192,中國信託-文心,2023-04-25,6164
1605,華新,133,9,124,中國信託-文心,2023-04-25,6164
0050,元大台灣50,124,1,123,中國信託-文心,2023-04-25,6164
00902,中信電池及儲能,122,11,111,中國信託-文心,2023-04-25,6164
00673R,期元大S＆P原油反1,105,9,96,中國信託-文心,2023-04-25,6164
00891,中信關鍵半導體,61,0,61,中國信託-文心,2023-04-25,6164
2368,金像電,60,0,60,中國信託-文心,2023-04-25,6164
2867,三商壽,59,0,59,中國信託-文心,2023-04-25,6164
1711,永光,127,74,53,中國信託-文心,2023-04-25,6164
00888,永豐台灣ESG,47,0,47,中國信託-文心,2023-04-25,6164
1904,正隆,56,12,44,中國信託-文心,2023-04-25,6164
2609,陽明,46,2,44,中國信託-文心,2023-04-25,6164
2618,長榮航,54,13,41,中國信託-文心,2023-04-25,6164
2610,華航,67,26,41,中國信託-文心,2023-04-25,6164
2457,飛宏,127,87,40,中國信託-文心,2023-04-25,6164
9934,成霖,40,1,39,中國信託-文心,2023-04-25,6164
2883,凱基金,38,0,38,中國信託-文心,2023-04-25,6164
2330,台積電,46,9,37,中國信託-文心,2023-04-25,6164
9945,潤泰新,36,0,36,中國信託-文心,2023-04-25,6164
1313,聯成,35,0,35,中國信託-文心,2023-04-25,6164
2002,中鋼,41,8,33,中國信託-文心,2023-04-25,6164
2516,新建,33,0,33,中國信託-文心,2023-04-25,6164
006208,富邦台50,30,0,30,中國信託-文心,2023-04-25,6164
1101,台泥,98,68,30,中國信託-文心,2023-04-25,6164
1905,華紙,106,76,30,中國信託-文心,2023-04-25,6164
00881,國泰台灣5G+,32,3,29,中國信託-文心,2023-04-25,6164
00900,富邦特選高股息30,36,9,27,中國信託-文心,2023-04-25,6164
00751B,元大AAA至A公司債,28,1,27,中國信託-文心,2023-04-25,6164
00923,群益台ESG低碳50,26,0,26,中國信託-文心,2023-04-25,6164
6770,力積電,24,0,24,中國信託-文心,2023-04-25,6164
00712,復華富時不動產,24,1,23,中國信託-文心,2023-04-25,6164
2645,長榮航太,28,5,23,中國信託-文心,2023-04-25,6164
2515,中工,28,6,22,中國信託-文心,2023-04-25,6164
00679B,元大美債20年,22,2,20,中國信託-文心,2023-04-25,6164
2482,連宇,65,45,20,中國信託-文心,2023-04-25,6164
2376,技嘉,20,0,20,中國信託-文心,2023-04-25,6164
1909,榮成,21,2,19,中國信託-文心,2023-04-25,6164
1310,台苯,81,62,19,中國信託-文心,2023-04-25,6164
00885,富邦越南,103,84,19,中國信託-文心,2023-04-25,6164
0061,元大寶滬深,17,0,17,中國信託-文心,2023-04-25,6164
6152,百一,16,0,16,中國信託-文心,2023-04-25,6164
00715L,期街口布蘭特正2,16,0,16,中國信託-文心,2023-04-25,6164
1460,宏遠,16,0,16,中國信託-文心,2023-04-25,6164
5009,榮剛,40,24,16,中國信託-文心,2023-04-25,6164
00922,國泰台灣領袖50,15,0,15,中國信託-文心,2023-04-25,6164
1584,精剛,14,0,14,中國信託-文心,2023-04-25,6164
1455,集盛,15,1,14,中國信託-文心,2023-04-25,6164
6550,北極星藥業-KY,15,1,14,中國信託-文心,2023-04-25,6164
2002,中鋼,181,8,173,中國信託-文心,2023-04-26,6164
00885,富邦越南,171,0,171,中國信託-文心,2023-04-26,6164
2887,台新金,100,6,94,中國信託-文心,2023-04-26,6164
2515,中工,108,17,91,中國信託-文心,2023-04-26,6164
2303,聯電,151,84,67,中國信託-文心,2023-04-26,6164
00919,群益台灣精選高息,61,0,61,中國信託-文心,2023-04-26,6164
00676R,富邦臺灣加權反1,61,0,61,中國信託-文心,2023-04-26,6164
00712,復華富時不動產,60,0,60,中國信託-文心,2023-04-26,6164
00686R,群益臺灣加權反1,56,0,56,中國信託-文心,2023-04-26,6164
00671R,富邦NASDAQ反1,60,10,50,中國信託-文心,2023-04-26,6164
0056,元大高股息,64,15,49,中國信託-文心,2023-04-26,6164
00924,復華S＆P500成長,43,0,43,中國信託-文心,2023-04-26,6164
2610,華航,46,5,41,中國信託-文心,2023-04-26,6164
2601,益航,41,3,38,中國信託-文心,2023-04-26,6164
2892,第一金,51,14,37,中國信託-文心,2023-04-26,6164
00664R,國泰臺灣加權反1,37,0,37,中國信託-文心,2023-04-26,6164
00891,中信關鍵半導體,47,10,37,中國信託-文心,2023-04-26,6164
2105,正新,37,0,37,中國信託-文心,2023-04-26,6164
8222,寶一,78,44,34,中國信託-文心,2023-04-26,6164
00915,凱基優選高股息30,30,0,30,中國信託-文心,2023-04-26,6164
5284,jpp-KY,51,21,30,中國信託-文心,2023-04-26,6164
2609,陽明,35,6,29,中國信託-文心,2023-04-26,6164
3035,智原,34,7,27,中國信託-文心,2023-04-26,6164
00720B,元大投資級公司債,26,0,26,中國信託-文心,2023-04-26,6164
2314,台揚,25,0,25,中國信託-文心,2023-04-26,6164
2498,宏達電,32,8,24,中國信託-文心,2023-04-26,6164
2330,台積電,40,17,23,中國信託-文心,2023-04-26,6164
6182,合晶,23,0,23,中國信託-文心,2023-04-26,6164
00888,永豐台灣ESG,23,1,22,中國信託-文心,2023-04-26,6164
2851,中再保,20,0,20,中國信託-文心,2023-04-26,6164
6269,台郡,20,0,20,中國信託-文心,2023-04-26,6164
0050,元大台灣50,24,5,19,中國信託-文心,2023-04-26,6164
5371,中光電,20,1,19,中國信託-文心,2023-04-26,6164
4979,華星光,25,8,17,中國信託-文心,2023-04-26,6164
1904,正隆,32,16,16,中國信託-文心,2023-04-26,6164
6140,訊達,16,0,16,中國信託-文心,2023-04-26,6164
2634,漢翔,158,142,16,中國信託-文心,2023-04-26,6164
006208,富邦台50,17,2,15,中國信託-文心,2023-04-26,6164
00753L,中信中國50正2,19,4,15,中國信託-文心,2023-04-26,6164
2337,旺宏,14,0,14,中國信託-文心,2023-04-26,6164
6461,益得,20,6,14,中國信託-文心,2023-04-26,6164
2812,台中銀,35,22,13,中國信託-文心,2023-04-26,6164
6148,驊宏資,15,2,13,中國信託-文心,2023-04-26,6164
2881,富邦金,14,2,12,中國信託-文心,2023-04-26,6164
6874,倍力,32,20,12,中國信託-文心,2023-04-26,6164
2913,農林,41,29,12,中國信託-文心,2023-04-26,6164
9955,佳龍,13,1,12,中國信託-文心,2023-04-26,6164
5880,合庫金,12,1,11,中國信託-文心,2023-04-26,6164
2495,普安,12,1,11,中國信託-文心,2023-04-26,6164
2369,菱生,11,0,11,中國信託-文心,2023-04-26,6164
00715L,期街口布蘭特正2,178,14,164,中國信託-文心,2023-04-27,6164
00712,復華富時不動產,84,7,77,中國信託-文心,2023-04-27,6164
2609,陽明,75,7,68,中國信託-文心,2023-04-27,6164
00878,國泰永續高股息,88,27,61,中國信託-文心,2023-04-27,6164
2601,益航,60,0,60,中國信託-文心,2023-04-27,6164
2887,台新金,55,1,54,中國信託-文心,2023-04-27,6164
4108,懷特,55,1,54,中國信託-文心,2023-04-27,6164
00687B,國泰20年美債,49,0,49,中國信託-文心,2023-04-27,6164
1711,永光,347,302,45,中國信託-文心,2023-04-27,6164
2002,中鋼,44,1,43,中國信託-文心,2023-04-27,6164
5701,劍湖山,41,0,41,中國信託-文心,2023-04-27,6164
00772B,中信高評級公司債,39,0,39,中國信託-文心,2023-04-27,6164
00648R,元大S＆P500反1,36,0,36,中國信託-文心,2023-04-27,6164
00912,中信臺灣智慧50,35,0,35,中國信託-文心,2023-04-27,6164
00751B,元大AAA至A公司債,42,8,34,中國信託-文心,2023-04-27,6164
00671R,富邦NASDAQ反1,33,0,33,中國信託-文心,2023-04-27,6164
3363,上詮,40,11,29,中國信託-文心,2023-04-27,6164
00720B,元大投資級公司債,27,0,27,中國信託-文心,2023-04-27,6164
2344,華邦電,36,10,26,中國信託-文心,2023-04-27,6164
4123,晟德,25,1,24,中國信託-文心,2023-04-27,6164
1905,華紙,39,16,23,中國信託-文心,2023-04-27,6164
9945,潤泰新,23,0,23,中國信託-文心,2023-04-27,6164
2330,台積電,26,4,22,中國信託-文心,2023-04-27,6164
3037,欣興,30,9,21,中國信託-文心,2023-04-27,6164
1101,台泥,24,3,21,中國信託-文心,2023-04-27,6164
2892,第一金,21,0,21,中國信託-文心,2023-04-27,6164
0050,元大台灣50,34,14,20,中國信託-文心,2023-04-27,6164
2891,中信金,27,7,20,中國信託-文心,2023-04-27,6164
4402,郡都開發,20,0,20,中國信託-文心,2023-04-27,6164
2023,燁輝,20,0,20,中國信託-文心,2023-04-27,6164
1721,三晃,95,75,20,中國信託-文心,2023-04-27,6164
00753L,中信中國50正2,24,5,19,中國信託-文心,2023-04-27,6164
006208,富邦台50,19,1,18,中國信託-文心,2023-04-27,6164
8033,雷虎,19,3,16,中國信託-文心,2023-04-27,6164
1709,和益,19,4,15,中國信託-文心,2023-04-27,6164
00669R,國泰美國道瓊反1,16,1,15,中國信託-文心,2023-04-27,6164
2889,國票金,15,0,15,中國信託-文心,2023-04-27,6164
6417,韋僑,25,10,15,中國信託-文心,2023-04-27,6164
00713,元大台灣高息低波,15,1,14,中國信託-文心,2023-04-27,6164
8046,南電,21,7,14,中國信託-文心,2023-04-27,6164
1735,日勝化,14,0,14,中國信託-文心,2023-04-27,6164
1529,樂事綠能,18,5,13,中國信託-文心,2023-04-27,6164
00637L,元大滬深300正2,27,14,13,中國信託-文心,2023-04-27,6164
2409,友達,15,2,13,中國信託-文心,2023-04-27,6164
2886,兆豐金,12,0,12,中國信託-文心,2023-04-27,6164
2495,普安,15,3,12,中國信託-文心,2023-04-27,6164
6182,合晶,12,0,12,中國信託-文心,2023-04-27,6164
5483,中美晶,12,0,12,中國信託-文心,2023-04-27,6164
3481,群創,17,5,12,中國信託-文心,2023-04-27,6164
3027,盛達,13,1,12,中國信託-文心,2023-04-27,6164
2409,友達,405,109,296,中國信託-文心,2023-04-28,6164
2534,宏盛,90,0,90,中國信託-文心,2023-04-28,6164
00680L,元大美債20正2,81,0,81,中國信託-文心,2023-04-28,6164
2002,中鋼,51,2,49,中國信託-文心,2023-04-28,6164
00772B,中信高評級公司債,50,5,45,中國信託-文心,2023-04-28,6164
3481,群創,72,32,40,中國信託-文心,2023-04-28,6164
00679B,元大美債20年,40,3,37,中國信託-文心,2023-04-28,6164
6770,力積電,38,4,34,中國信託-文心,2023-04-28,6164
6282,康舒,76,43,33,中國信託-文心,2023-04-28,6164
2344,華邦電,40,9,31,中國信託-文心,2023-04-28,6164
00676R,富邦臺灣加權反1,31,0,31,中國信託-文心,2023-04-28,6164
6266,泰詠,41,12,29,中國信託-文心,2023-04-28,6164
00753L,中信中國50正2,35,6,29,中國信託-文心,2023-04-28,6164
00686R,群益臺灣加權反1,28,0,28,中國信託-文心,2023-04-28,6164
3058,立德,37,12,25,中國信託-文心,2023-04-28,6164
00713,元大台灣高息低波,25,1,24,中國信託-文心,2023-04-28,6164
5498,凱崴,22,0,22,中國信託-文心,2023-04-28,6164
6741,91APP*-KY,31,10,21,中國信託-文心,2023-04-28,6164
2890,永豐金,20,0,20,中國信託-文心,2023-04-28,6164
1313,聯成,20,0,20,中國信託-文心,2023-04-28,6164
3011,今皓,21,1,20,中國信託-文心,2023-04-28,6164
9945,潤泰新,20,2,18,中國信託-文心,2023-04-28,6164
00720B,元大投資級公司債,18,0,18,中國信託-文心,2023-04-28,6164
00687B,國泰20年美債,18,0,18,中國信託-文心,2023-04-28,6164
2880,華南金,108,91,17,中國信託-文心,2023-04-28,6164
00664R,國泰臺灣加權反1,17,0,17,中國信託-文心,2023-04-28,6164
4114,健喬,18,2,16,中國信託-文心,2023-04-28,6164
00878,國泰永續高股息,77,61,16,中國信託-文心,2023-04-28,6164
2913,農林,16,0,16,中國信託-文心,2023-04-28,6164
6143,振曜,29,14,15,中國信託-文心,2023-04-28,6164
4108,懷特,15,0,15,中國信託-文心,2023-04-28,6164
2208,台船,26,11,15,中國信託-文心,2023-04-28,6164
1905,華紙,41,26,15,中國信託-文心,2023-04-28,6164
0056,元大高股息,23,9,14,中國信託-文心,2023-04-28,6164
2801,彰銀,14,0,14,中國信託-文心,2023-04-28,6164
4541,晟田,44,30,14,中國信託-文心,2023-04-28,6164
00751B,元大AAA至A公司債,14,0,14,中國信託-文心,2023-04-28,6164
6288,聯嘉,32,18,14,中國信託-文心,2023-04-28,6164
4968,立積,18,4,14,中國信託-文心,2023-04-28,6164
1810,和成,16,2,14,中國信託-文心,2023-04-28,6164
1101,台泥,16,4,12,中國信託-文心,2023-04-28,6164
00902,中信電池及儲能,27,15,12,中國信託-文心,2023-04-28,6164
2883,凱基金,12,0,12,中國信託-文心,2023-04-28,6164
1532,勤美,12,0,12,中國信託-文心,2023-04-28,6164
2867,三商壽,42,30,12,中國信託-文心,2023-04-28,6164
2883B,凱基金乙特,12,0,12,中國信託-文心,2023-04-28,6164
3704,合勤控,12,0,12,中國信託-文心,2023-04-28,6164
2408,南亞科,13,1,12,中國信託-文心,2023-04-28,6164
2610,華航,13,1,12,中國信託-文心,2023-04-28,6164
2401,凌陽,11,0,11,中國信託-文心,2023-04-28,6164
00673R,期元大S＆P原油反1,150,25,125,中國信託-文心,2023-05-02,6164
00878,國泰永續高股息,185,67,118,中國信託-文心,2023-05-02,6164
2323,中環,115,0,115,中國信託-文心,2023-05-02,6164
00720B,元大投資級公司債,109,1,108,中國信託-文心,2023-05-02,6164
8222,寶一,162,58,104,中國信託-文心,2023-05-02,6164
2515,中工,101,0,101,中國信託-文心,2023-05-02,6164
2867,三商壽,113,12,101,中國信託-文心,2023-05-02,6164
00772B,中信高評級公司債,98,0,98,中國信託-文心,2023-05-02,6164
6142,友勁,62,1,61,中國信託-文心,2023-05-02,6164
5009,榮剛,69,10,59,中國信託-文心,2023-05-02,6164
00712,復華富時不動產,54,0,54,中國信託-文心,2023-05-02,6164
00687B,國泰20年美債,49,0,49,中國信託-文心,2023-05-02,6164
1310,台苯,50,6,44,中國信託-文心,2023-05-02,6164
00679B,元大美債20年,45,3,42,中國信託-文心,2023-05-02,6164
00751B,元大AAA至A公司債,40,0,40,中國信託-文心,2023-05-02,6164
2603,長榮,48,16,32,中國信託-文心,2023-05-02,6164
00706L,期元大S＆P日圓正2,31,0,31,中國信託-文心,2023-05-02,6164
1504,東元,46,17,29,中國信託-文心,2023-05-02,6164
00753L,中信中國50正2,25,0,25,中國信託-文心,2023-05-02,6164
3058,立德,40,16,24,中國信託-文心,2023-05-02,6164
6234,高僑,52,29,23,中國信託-文心,2023-05-02,6164
00773B,中信優先金融債,22,0,22,中國信託-文心,2023-05-02,6164
2609,陽明,28,6,22,中國信託-文心,2023-05-02,6164
1229,聯華,23,2,21,中國信託-文心,2023-05-02,6164
9939,宏全,24,3,21,中國信託-文心,2023-05-02,6164
2413,環科,22,1,21,中國信託-文心,2023-05-02,6164
1314,中石化,22,1,21,中國信託-文心,2023-05-02,6164
00683L,期元大美元指正2,20,0,20,中國信託-文心,2023-05-02,6164
00665L,富邦�琤肭磪囓�2,32,12,20,中國信託-文心,2023-05-02,6164
00650L,復華香港正2,25,7,18,中國信託-文心,2023-05-02,6164
00674R,期元大S＆P黃金反1,18,0,18,中國信託-文心,2023-05-02,6164
00891,中信關鍵半導體,24,6,18,中國信託-文心,2023-05-02,6164
00795B,中信美國公債20年,17,0,17,中國信託-文心,2023-05-02,6164
3092,鴻碩,19,2,17,中國信託-文心,2023-05-02,6164
2409,友達,160,143,17,中國信託-文心,2023-05-02,6164
00857B,永豐20年美公債,17,0,17,中國信託-文心,2023-05-02,6164
00740B,富邦全球投等債,16,0,16,中國信託-文心,2023-05-02,6164
6207,雷科,15,0,15,中國信託-文心,2023-05-02,6164
5011,久陽,15,0,15,中國信託-文心,2023-05-02,6164
8171,天宇,15,0,15,中國信託-文心,2023-05-02,6164
00664R,國泰臺灣加權反1,15,0,15,中國信託-文心,2023-05-02,6164
6743,安普新,15,0,15,中國信託-文心,2023-05-02,6164
8046,南電,18,4,14,中國信託-文心,2023-05-02,6164
00862B,中信投資級公司債,13,0,13,中國信託-文心,2023-05-02,6164
2883B,凱基金乙特,13,0,13,中國信託-文心,2023-05-02,6164
00680L,元大美債20正2,13,0,13,中國信託-文心,2023-05-02,6164
3546,宇峻,13,0,13,中國信託-文心,2023-05-02,6164
00881,國泰台灣5G+,13,0,13,中國信託-文心,2023-05-02,6164
4164,承業醫,13,1,12,中國信託-文心,2023-05-02,6164
1711,永光,15,3,12,中國信託-文心,2023-05-02,6164
2812,台中銀,502,19,483,中國信託-文心,2023-05-03,6164
00715L,期街口布蘭特正2,460,2,458,中國信託-文心,2023-05-03,6164
00712,復華富時不動產,219,0,219,中國信託-文心,2023-05-03,6164
00878,國泰永續高股息,202,37,165,中國信託-文心,2023-05-03,6164
3092,鴻碩,127,17,110,中國信託-文心,2023-05-03,6164
9105,泰金寶-DR,100,0,100,中國信託-文心,2023-05-03,6164
2634,漢翔,159,65,94,中國信託-文心,2023-05-03,6164
2615,萬海,91,4,87,中國信託-文心,2023-05-03,6164
1802,台玻,71,0,71,中國信託-文心,2023-05-03,6164
00637L,元大滬深300正2,63,0,63,中國信託-文心,2023-05-03,6164
3419,譁裕,67,14,53,中國信託-文心,2023-05-03,6164
00888,永豐台灣ESG,50,0,50,中國信託-文心,2023-05-03,6164
1310,台苯,51,4,47,中國信託-文心,2023-05-03,6164
00632R,元大台灣50反1,45,1,44,中國信託-文心,2023-05-03,6164
1709,和益,50,6,44,中國信託-文心,2023-05-03,6164
8069,元太,58,14,44,中國信託-文心,2023-05-03,6164
2603,長榮,60,17,43,中國信託-文心,2023-05-03,6164
3032,偉訓,42,1,41,中國信託-文心,2023-05-03,6164
2609,陽明,47,12,35,中國信託-文心,2023-05-03,6164
1514,亞力,60,26,34,中國信託-文心,2023-05-03,6164
2417,圓剛,49,16,33,中國信託-文心,2023-05-03,6164
1720,生達,35,5,30,中國信託-文心,2023-05-03,6164
0056,元大高股息,49,21,28,中國信託-文心,2023-05-03,6164
3481,群創,221,195,26,中國信託-文心,2023-05-03,6164
3546,宇峻,26,0,26,中國信託-文心,2023-05-03,6164
00665L,富邦�琤肭磪囓�2,25,0,25,中國信託-文心,2023-05-03,6164
3205,佰研,25,0,25,中國信託-文心,2023-05-03,6164
6282,康舒,27,3,24,中國信託-文心,2023-05-03,6164
2443,昶虹,24,0,24,中國信託-文心,2023-05-03,6164
1714,和桐,24,0,24,中國信託-文心,2023-05-03,6164
00720B,元大投資級公司債,22,0,22,中國信託-文心,2023-05-03,6164
3147,大綜,24,2,22,中國信託-文心,2023-05-03,6164
8097,常珵,22,0,22,中國信託-文心,2023-05-03,6164
9955,佳龍,23,1,22,中國信託-文心,2023-05-03,6164
00896,中信綠能及電動車,21,0,21,中國信託-文心,2023-05-03,6164
2913,農林,43,22,21,中國信託-文心,2023-05-03,6164
2201,裕隆,23,3,20,中國信託-文心,2023-05-03,6164
8105,凌巨,20,0,20,中國信託-文心,2023-05-03,6164
00642U,期元大S＆P石油,19,0,19,中國信託-文心,2023-05-03,6164
2002,中鋼,22,3,19,中國信託-文心,2023-05-03,6164
2420,新巨,18,0,18,中國信託-文心,2023-05-03,6164
2208,台船,53,36,17,中國信託-文心,2023-05-03,6164
4541,晟田,85,68,17,中國信託-文心,2023-05-03,6164
9945,潤泰新,17,0,17,中國信託-文心,2023-05-03,6164
00753L,中信中國50正2,26,10,16,中國信託-文心,2023-05-03,6164
00687B,國泰20年美債,16,0,16,中國信託-文心,2023-05-03,6164
6770,力積電,18,3,15,中國信託-文心,2023-05-03,6164
3712,永崴投控,27,12,15,中國信託-文心,2023-05-03,6164
2880,華南金,14,0,14,中國信託-文心,2023-05-03,6164
6148,驊宏資,23,9,14,中國信託-文心,2023-05-03,6164
00715L,期街口布蘭特正2,577,60,517,中國信託-文心,2023-05-04,6164
9934,成霖,139,5,134,中國信託-文心,2023-05-04,6164
3701,大眾控,119,0,119,中國信託-文心,2023-05-04,6164
00712,復華富時不動產,99,0,99,中國信託-文心,2023-05-04,6164
00878,國泰永續高股息,107,16,91,中國信託-文心,2023-05-04,6164
00674R,期元大S＆P黃金反1,86,0,86,中國信託-文心,2023-05-04,6164
00642U,期元大S＆P石油,45,1,44,中國信託-文心,2023-05-04,6164
1310,台苯,47,13,34,中國信託-文心,2023-05-04,6164
00687B,國泰20年美債,34,0,34,中國信託-文心,2023-05-04,6164
2867,三商壽,31,0,31,中國信託-文心,2023-05-04,6164
0056,元大高股息,57,31,26,中國信託-文心,2023-05-04,6164
8222,寶一,94,69,25,中國信託-文心,2023-05-04,6164
2206,三陽工業,78,53,25,中國信託-文心,2023-05-04,6164
00720B,元大投資級公司債,25,0,25,中國信託-文心,2023-05-04,6164
1504,東元,35,12,23,中國信託-文心,2023-05-04,6164
3673,TPK-KY,49,26,23,中國信託-文心,2023-05-04,6164
2913,農林,33,10,23,中國信託-文心,2023-05-04,6164
6266,泰詠,24,1,23,中國信託-文心,2023-05-04,6164
1905,華紙,55,32,23,中國信託-文心,2023-05-04,6164
00753L,中信中國50正2,24,1,23,中國信託-文心,2023-05-04,6164
6142,友勁,23,1,22,中國信託-文心,2023-05-04,6164
6148,驊宏資,107,85,22,中國信託-文心,2023-05-04,6164
00907,永豐優息存股,20,0,20,中國信託-文心,2023-05-04,6164
2609,陽明,27,7,20,中國信託-文心,2023-05-04,6164
1802,台玻,20,0,20,中國信託-文心,2023-05-04,6164
1101,台泥,22,3,19,中國信託-文心,2023-05-04,6164
2002,中鋼,20,1,19,中國信託-文心,2023-05-04,6164
00679B,元大美債20年,22,4,18,中國信託-文心,2023-05-04,6164
3715,定穎投控,63,45,18,中國信託-文心,2023-05-04,6164
2022,聚亨,20,2,18,中國信託-文心,2023-05-04,6164
00885,富邦越南,22,4,18,中國信託-文心,2023-05-04,6164
4190,佐登-KY,17,0,17,中國信託-文心,2023-05-04,6164
00751B,元大AAA至A公司債,17,0,17,中國信託-文心,2023-05-04,6164
00891,中信關鍵半導體,17,0,17,中國信託-文心,2023-05-04,6164
4744,皇將,45,28,17,中國信託-文心,2023-05-04,6164
3202,樺晟,23,6,17,中國信託-文心,2023-05-04,6164
4916,事欣科,16,0,16,中國信託-文心,2023-05-04,6164
4121,優盛,24,8,16,中國信託-文心,2023-05-04,6164
1720,生達,30,15,15,中國信託-文心,2023-05-04,6164
00690,兆豐藍籌30,14,0,14,中國信託-文心,2023-05-04,6164
2421,建準,17,3,14,中國信託-文心,2023-05-04,6164
2317,鴻海,18,5,13,中國信託-文心,2023-05-04,6164
4746,台耀,18,6,12,中國信託-文心,2023-05-04,6164
2344,華邦電,13,1,12,中國信託-文心,2023-05-04,6164
00888,永豐台灣ESG,15,3,12,中國信託-文心,2023-05-04,6164
6165,浪凡,12,0,12,中國信託-文心,2023-05-04,6164
2303,聯電,13,2,11,中國信託-文心,2023-05-04,6164
3038,全台,12,1,11,中國信託-文心,2023-05-04,6164
2208,台船,26,16,10,中國信託-文心,2023-05-04,6164
1513,中興電,28,18,10,中國信託-文心,2023-05-04,6164
00715L,期街口布蘭特正2,786,22,764,中國信託-文心,2023-05-05,6164
2812,台中銀,699,0,699,中國信託-文心,2023-05-05,6164
00878,國泰永續高股息,203,9,194,中國信託-文心,2023-05-05,6164
00712,復華富時不動產,84,6,78,中國信託-文心,2023-05-05,6164
00772B,中信高評級公司債,77,8,69,中國信託-文心,2023-05-05,6164
6770,力積電,55,2,53,中國信託-文心,2023-05-05,6164
00773B,中信優先金融債,44,0,44,中國信託-文心,2023-05-05,6164
1609,大亞,80,36,44,中國信託-文心,2023-05-05,6164
5309,系統電,40,4,36,中國信託-文心,2023-05-05,6164
00753L,中信中國50正2,36,1,35,中國信託-文心,2023-05-05,6164
2353,宏��,36,2,34,中國信託-文心,2023-05-05,6164
3049,精金,30,0,30,中國信託-文心,2023-05-05,6164
1460,宏遠,30,0,30,中國信託-文心,2023-05-05,6164
6592,和潤企業,27,0,27,中國信託-文心,2023-05-05,6164
00679B,元大美債20年,27,0,27,中國信託-文心,2023-05-05,6164
00687B,國泰20年美債,26,0,26,中國信託-文心,2023-05-05,6164
4161,聿新科,30,5,25,中國信託-文心,2023-05-05,6164
3715,定穎投控,46,23,23,中國信託-文心,2023-05-05,6164
1504,東元,33,11,22,中國信託-文心,2023-05-05,6164
00680L,元大美債20正2,22,0,22,中國信託-文心,2023-05-05,6164
2405,輔信,21,0,21,中國信託-文心,2023-05-05,6164
8155,博智,20,0,20,中國信託-文心,2023-05-05,6164
6160,欣技,31,11,20,中國信託-文心,2023-05-05,6164
2002,中鋼,29,9,20,中國信託-文心,2023-05-05,6164
1101,台泥,26,9,17,中國信託-文心,2023-05-05,6164
00642U,期元大S＆P石油,17,0,17,中國信託-文心,2023-05-05,6164
8215,明基材,28,11,17,中國信託-文心,2023-05-05,6164
3224,三顧,17,0,17,中國信託-文心,2023-05-05,6164
8222,寶一,50,33,17,中國信託-文心,2023-05-05,6164
2542,興富發,18,2,16,中國信託-文心,2023-05-05,6164
3338,泰碩,25,9,16,中國信託-文心,2023-05-05,6164
2897,王道銀行,18,2,16,中國信託-文心,2023-05-05,6164
0056,元大高股息,23,8,15,中國信託-文心,2023-05-05,6164
1229,聯華,15,0,15,中國信託-文心,2023-05-05,6164
1529,樂事綠能,18,4,14,中國信託-文心,2023-05-05,6164
00830,國泰費城半導體,14,0,14,中國信託-文心,2023-05-05,6164
1783,和康生,17,3,14,中國信託-文心,2023-05-05,6164
6531,愛普*,18,5,13,中國信託-文心,2023-05-05,6164
6101,寬魚國際,13,0,13,中國信託-文心,2023-05-05,6164
00720B,元大投資級公司債,13,0,13,中國信託-文心,2023-05-05,6164
00902,中信電池及儲能,13,0,13,中國信託-文心,2023-05-05,6164
2634,漢翔,37,24,13,中國信託-文心,2023-05-05,6164
00795B,中信美國公債20年,12,0,12,中國信託-文心,2023-05-05,6164
2609,陽明,13,1,12,中國信託-文心,2023-05-05,6164
2883B,凱基金乙特,12,0,12,中國信託-文心,2023-05-05,6164
2603,長榮,13,1,12,中國信託-文心,2023-05-05,6164
6477,安集,13,2,11,中國信託-文心,2023-05-05,6164
3481,群創,12,1,11,中國信託-文心,2023-05-05,6164
1907,永豐餘,52,41,11,中國信託-文心,2023-05-05,6164
00885,富邦越南,10,0,10,中國信託-文心,2023-05-05,6164
00632R,元大台灣50反1,316,25,291,中國信託-文心,2023-05-08,6164
1605,華新,183,12,171,中國信託-文心,2023-05-08,6164
00669R,國泰美國道瓊反1,105,0,105,中國信託-文心,2023-05-08,6164
2883,凱基金,126,40,86,中國信託-文心,2023-05-08,6164
00772B,中信高評級公司債,64,6,58,中國信託-文心,2023-05-08,6164
00712,復華富時不動產,60,5,55,中國信託-文心,2023-05-08,6164
00680L,元大美債20正2,55,0,55,中國信託-文心,2023-05-08,6164
5381,合正,49,0,49,中國信託-文心,2023-05-08,6164
00679B,元大美債20年,58,11,47,中國信託-文心,2023-05-08,6164
00878,國泰永續高股息,109,69,40,中國信託-文心,2023-05-08,6164
2515,中工,41,1,40,中國信託-文心,2023-05-08,6164
1307,三芳,35,0,35,中國信託-文心,2023-05-08,6164
00642U,期元大S＆P石油,42,7,35,中國信託-文心,2023-05-08,6164
3058,立德,36,4,32,中國信託-文心,2023-05-08,6164
00687B,國泰20年美債,29,0,29,中國信託-文心,2023-05-08,6164
2867,三商壽,80,51,29,中國信託-文心,2023-05-08,6164
2458,義隆,30,1,29,中國信託-文心,2023-05-08,6164
6125,廣運,65,36,29,中國信託-文心,2023-05-08,6164
00902,中信電池及儲能,37,9,28,中國信託-文心,2023-05-08,6164
1904,正隆,44,17,27,中國信託-文心,2023-05-08,6164
3481,群創,35,9,26,中國信託-文心,2023-05-08,6164
00665L,富邦�琤肭磪囓�2,41,15,26,中國信託-文心,2023-05-08,6164
8069,元太,46,23,23,中國信託-文心,2023-05-08,6164
00720B,元大投資級公司債,23,0,23,中國信託-文心,2023-05-08,6164
3011,今皓,26,3,23,中國信託-文心,2023-05-08,6164
3017,奇鋐,52,29,23,中國信託-文心,2023-05-08,6164
2344,華邦電,23,1,22,中國信託-文心,2023-05-08,6164
3673,TPK-KY,21,1,20,中國信託-文心,2023-05-08,6164
3022,威強電,20,0,20,中國信託-文心,2023-05-08,6164
4161,聿新科,20,0,20,中國信託-文心,2023-05-08,6164
2601,益航,20,0,20,中國信託-文心,2023-05-08,6164
2457,飛宏,87,68,19,中國信託-文心,2023-05-08,6164
2409,友達,41,22,19,中國信託-文心,2023-05-08,6164
5309,系統電,19,1,18,中國信託-文心,2023-05-08,6164
6244,茂迪,27,9,18,中國信託-文心,2023-05-08,6164
4142,國光生,17,0,17,中國信託-文心,2023-05-08,6164
2890,永豐金,31,14,17,中國信託-文心,2023-05-08,6164
4541,晟田,31,15,16,中國信託-文心,2023-05-08,6164
6443,元晶,34,19,15,中國信託-文心,2023-05-08,6164
2897,王道銀行,15,0,15,中國信託-文心,2023-05-08,6164
2609,陽明,26,12,14,中國信託-文心,2023-05-08,6164
3094,聯傑,15,1,14,中國信託-文心,2023-05-08,6164
2402,毅嘉,36,22,14,中國信託-文心,2023-05-08,6164
6282,康舒,16,3,13,中國信託-文心,2023-05-08,6164
8105,凌巨,12,0,12,中國信託-文心,2023-05-08,6164
8930,青鋼,12,0,12,中國信託-文心,2023-05-08,6164
1101,台泥,32,20,12,中國信託-文心,2023-05-08,6164
2421,建準,58,47,11,中國信託-文心,2023-05-08,6164
3038,全台,15,4,11,中國信託-文心,2023-05-08,6164
8046,南電,26,15,11,中國信託-文心,2023-05-08,6164
00632R,元大台灣50反1,266,5,261,中國信託-文心,2023-05-09,6164
1101,台泥,143,28,115,中國信託-文心,2023-05-09,6164
00679B,元大美債20年,106,16,90,中國信託-文心,2023-05-09,6164
00680L,元大美債20正2,83,0,83,中國信託-文心,2023-05-09,6164
00772B,中信高評級公司債,75,0,75,中國信託-文心,2023-05-09,6164
00687B,國泰20年美債,69,0,69,中國信託-文心,2023-05-09,6164
2883,凱基金,91,24,67,中國信託-文心,2023-05-09,6164
00795B,中信美國公債20年,63,0,63,中國信託-文心,2023-05-09,6164
00720B,元大投資級公司債,61,0,61,中國信託-文心,2023-05-09,6164
00878,國泰永續高股息,73,14,59,中國信託-文心,2023-05-09,6164
00712,復華富時不動產,48,0,48,中國信託-文心,2023-05-09,6164
1229,聯華,51,5,46,中國信託-文心,2023-05-09,6164
5465,富驊,41,0,41,中國信託-文心,2023-05-09,6164
2634,漢翔,106,68,38,中國信託-文心,2023-05-09,6164
1513,中興電,52,19,33,中國信託-文心,2023-05-09,6164
2420,新巨,32,0,32,中國信託-文心,2023-05-09,6164
1219,福壽,31,0,31,中國信託-文心,2023-05-09,6164
4142,國光生,31,0,31,中國信託-文心,2023-05-09,6164
2913,農林,54,23,31,中國信託-文心,2023-05-09,6164
4123,晟德,31,1,30,中國信託-文心,2023-05-09,6164
1701,中化,28,0,28,中國信託-文心,2023-05-09,6164
6282,康舒,34,9,25,中國信託-文心,2023-05-09,6164
00683L,期元大美元指正2,25,0,25,中國信託-文心,2023-05-09,6164
00891,中信關鍵半導體,25,0,25,中國信託-文心,2023-05-09,6164
6234,高僑,23,0,23,中國信託-文心,2023-05-09,6164
1802,台玻,22,0,22,中國信託-文心,2023-05-09,6164
3624,光頡,22,1,21,中國信託-文心,2023-05-09,6164
020036,元大金融配息N,20,0,20,中國信託-文心,2023-05-09,6164
2352,佳世達,33,13,20,中國信託-文心,2023-05-09,6164
00631L,元大台灣50正2,20,0,20,中國信託-文心,2023-05-09,6164
0056,元大高股息,24,5,19,中國信託-文心,2023-05-09,6164
3576,聯合再生,19,0,19,中國信託-文心,2023-05-09,6164
8249,菱光,19,0,19,中國信託-文心,2023-05-09,6164
6185,幃翔,20,1,19,中國信託-文心,2023-05-09,6164
00751B,元大AAA至A公司債,19,0,19,中國信託-文心,2023-05-09,6164
2609,陽明,22,4,18,中國信託-文心,2023-05-09,6164
3078,僑威,23,5,18,中國信託-文心,2023-05-09,6164
00665L,富邦�琤肭磪囓�2,20,2,18,中國信託-文心,2023-05-09,6164
6163,華電網,23,5,18,中國信託-文心,2023-05-09,6164
8033,雷虎,36,19,17,中國信託-文心,2023-05-09,6164
6116,彩晶,16,0,16,中國信託-文心,2023-05-09,6164
9907,統一實,14,0,14,中國信託-文心,2023-05-09,6164
3673,TPK-KY,16,2,14,中國信託-文心,2023-05-09,6164
2324,仁寶,20,6,14,中國信託-文心,2023-05-09,6164
1711,永光,14,0,14,中國信託-文心,2023-05-09,6164
00725B,國泰投資級公司債,13,0,13,中國信託-文心,2023-05-09,6164
3034,聯詠,13,0,13,中國信託-文心,2023-05-09,6164
1708,東鹼,18,5,13,中國信託-文心,2023-05-09,6164
00902,中信電池及儲能,13,0,13,中國信託-文心,2023-05-09,6164
3202,樺晟,28,15,13,中國信託-文心,2023-05-09,6164
00878,國泰永續高股息,330,18,312,中國信託-文心,2023-05-10,6164
00885,富邦越南,261,48,213,中國信託-文心,2023-05-10,6164
2610,華航,260,69,191,中國信託-文心,2023-05-10,6164
00687B,國泰20年美債,137,0,137,中國信託-文心,2023-05-10,6164
2867,三商壽,101,6,95,中國信託-文心,2023-05-10,6164
2515,中工,105,25,80,中國信託-文心,2023-05-10,6164
00665L,富邦�琤肭磪囓�2,80,3,77,中國信託-文心,2023-05-10,6164
2352,佳世達,85,18,67,中國信託-文心,2023-05-10,6164
00712,復華富時不動產,53,0,53,中國信託-文心,2023-05-10,6164
2443,昶虹,50,0,50,中國信託-文心,2023-05-10,6164
00679B,元大美債20年,50,4,46,中國信託-文心,2023-05-10,6164
00637L,元大滬深300正2,48,9,39,中國信託-文心,2023-05-10,6164
00772B,中信高評級公司債,37,1,36,中國信託-文心,2023-05-10,6164
00680L,元大美債20正2,35,0,35,中國信託-文心,2023-05-10,6164
2482,連宇,33,2,31,中國信託-文心,2023-05-10,6164
3715,定穎投控,56,28,28,中國信託-文心,2023-05-10,6164
00713,元大台灣高息低波,26,0,26,中國信託-文心,2023-05-10,6164
3017,奇鋐,36,11,25,中國信託-文心,2023-05-10,6164
2387,精元,26,1,25,中國信託-文心,2023-05-10,6164
2457,飛宏,91,67,24,中國信託-文心,2023-05-10,6164
3231,緯創,64,41,23,中國信託-文心,2023-05-10,6164
00725B,國泰投資級公司債,22,0,22,中國信託-文心,2023-05-10,6164
9941,裕融,24,2,22,中國信託-文心,2023-05-10,6164
8403,盛弘,23,2,21,中國信託-文心,2023-05-10,6164
00882,中信中國高股息,22,3,19,中國信託-文心,2023-05-10,6164
8033,雷虎,26,7,19,中國信託-文心,2023-05-10,6164
2420,新巨,19,0,19,中國信託-文心,2023-05-10,6164
7402,邑錡,19,0,19,中國信託-文心,2023-05-10,6164
1720,生達,20,1,19,中國信託-文心,2023-05-10,6164
1519,華城,25,7,18,中國信託-文心,2023-05-10,6164
1609,大亞,73,56,17,中國信託-文心,2023-05-10,6164
6235,華孚,24,8,16,中國信託-文心,2023-05-10,6164
00900,富邦特選高股息30,21,5,16,中國信託-文心,2023-05-10,6164
4147,中裕,16,1,15,中國信託-文心,2023-05-10,6164
2385,群光,15,0,15,中國信託-文心,2023-05-10,6164
6603,富強鑫,14,0,14,中國信託-文心,2023-05-10,6164
00650L,復華香港正2,14,0,14,中國信託-文心,2023-05-10,6164
3034,聯詠,17,3,14,中國信託-文心,2023-05-10,6164
00891,中信關鍵半導體,18,4,14,中國信託-文心,2023-05-10,6164
8249,菱光,13,0,13,中國信託-文心,2023-05-10,6164
6443,元晶,23,10,13,中國信託-文心,2023-05-10,6164
2489,瑞軒,17,4,13,中國信託-文心,2023-05-10,6164
00795B,中信美國公債20年,13,0,13,中國信託-文心,2023-05-10,6164
2834,臺企銀,13,1,12,中國信託-文心,2023-05-10,6164
2881,富邦金,12,0,12,中國信託-文心,2023-05-10,6164
6244,茂迪,16,4,12,中國信託-文心,2023-05-10,6164
2303,聯電,13,1,12,中國信託-文心,2023-05-10,6164
9939,宏全,14,2,12,中國信託-文心,2023-05-10,6164
00751B,元大AAA至A公司債,11,0,11,中國信託-文心,2023-05-10,6164
3673,TPK-KY,11,0,11,中國信託-文心,2023-05-10,6164
2812,台中銀,497,0,497,中國信託-文心,2023-05-11,6164
00878,國泰永續高股息,212,72,140,中國信託-文心,2023-05-11,6164
2867,三商壽,88,9,79,中國信託-文心,2023-05-11,6164
00687B,國泰20年美債,75,2,73,中國信託-文心,2023-05-11,6164
1701,中化,72,1,71,中國信託-文心,2023-05-11,6164
6122,擎邦,96,35,61,中國信託-文心,2023-05-11,6164
2409,友達,59,0,59,中國信託-文心,2023-05-11,6164
3046,建��,55,4,51,中國信託-文心,2023-05-11,6164
6288,聯嘉,55,4,51,中國信託-文心,2023-05-11,6164
2420,新巨,51,0,51,中國信託-文心,2023-05-11,6164
2610,華航,311,268,43,中國信託-文心,2023-05-11,6164
2515,中工,43,1,42,中國信託-文心,2023-05-11,6164
2358,廷鑫,40,0,40,中國信託-文心,2023-05-11,6164
5258,虹堡,57,17,40,中國信託-文心,2023-05-11,6164
00885,富邦越南,42,3,39,中國信託-文心,2023-05-11,6164
00680L,元大美債20正2,39,0,39,中國信託-文心,2023-05-11,6164
6126,信音,38,1,37,中國信託-文心,2023-05-11,6164
0056,元大高股息,45,9,36,中國信託-文心,2023-05-11,6164
00772B,中信高評級公司債,35,1,34,中國信託-文心,2023-05-11,6164
00712,復華富時不動產,29,0,29,中國信託-文心,2023-05-11,6164
6234,高僑,55,26,29,中國信託-文心,2023-05-11,6164
00888,永豐台灣ESG,29,0,29,中國信託-文心,2023-05-11,6164
2402,毅嘉,32,5,27,中國信託-文心,2023-05-11,6164
2834,臺企銀,28,1,27,中國信託-文心,2023-05-11,6164
00753L,中信中國50正2,27,0,27,中國信託-文心,2023-05-11,6164
6125,廣運,25,0,25,中國信託-文心,2023-05-11,6164
1101,台泥,102,78,24,中國信託-文心,2023-05-11,6164
2388,威盛,29,6,23,中國信託-文心,2023-05-11,6164
00900,富邦特選高股息30,23,0,23,中國信託-文心,2023-05-11,6164
2457,飛宏,70,47,23,中國信託-文心,2023-05-11,6164
2634,漢翔,46,25,21,中國信託-文心,2023-05-11,6164
6782,視陽,21,1,20,中國信託-文心,2023-05-11,6164
6456,GIS-KY,20,0,20,中國信託-文心,2023-05-11,6164
3576,聯合再生,20,0,20,中國信託-文心,2023-05-11,6164
2609,陽明,22,3,19,中國信託-文心,2023-05-11,6164
3049,精金,20,1,19,中國信託-文心,2023-05-11,6164
2903,遠百,21,2,19,中國信託-文心,2023-05-11,6164
6248,沛波,20,1,19,中國信託-文心,2023-05-11,6164
4503,金雨,38,20,18,中國信託-文心,2023-05-11,6164
00720B,元大投資級公司債,18,1,17,中國信託-文心,2023-05-11,6164
9945,潤泰新,18,1,17,中國信託-文心,2023-05-11,6164
8150,南茂,19,2,17,中國信託-文心,2023-05-11,6164
0050,元大台灣50,21,4,17,中國信託-文心,2023-05-11,6164
8932,智通*,16,0,16,中國信託-文心,2023-05-11,6164
3092,鴻碩,16,0,16,中國信託-文心,2023-05-11,6164
6285,啟��,23,8,15,中國信託-文心,2023-05-11,6164
00665L,富邦�琤肭磪囓�2,18,4,14,中國信託-文心,2023-05-11,6164
00756B,群益投等新興公債,14,0,14,中國信託-文心,2023-05-11,6164
5533,皇鼎,14,0,14,中國信託-文心,2023-05-11,6164
4536,拓凱,14,0,14,中國信託-文心,2023-05-11,6164
2812,台中銀,360,3,357,中國信託-文心,2023-05-12,6164
00680L,元大美債20正2,240,69,171,中國信託-文心,2023-05-12,6164
00878,國泰永續高股息,159,28,131,中國信託-文心,2023-05-12,6164
00715L,期街口布蘭特正2,172,61,111,中國信託-文心,2023-05-12,6164
00891,中信關鍵半導體,90,0,90,中國信託-文心,2023-05-12,6164
2867,三商壽,70,0,70,中國信託-文心,2023-05-12,6164
2317,鴻海,78,17,61,中國信託-文心,2023-05-12,6164
2409,友達,60,0,60,中國信託-文心,2023-05-12,6164
2882,國泰金,54,6,48,中國信託-文心,2023-05-12,6164
1218,泰山,61,14,47,中國信託-文心,2023-05-12,6164
00712,復華富時不動產,40,0,40,中國信託-文心,2023-05-12,6164
2888,新光金,42,3,39,中國信託-文心,2023-05-12,6164
6126,信音,41,8,33,中國信託-文心,2023-05-12,6164
00637L,元大滬深300正2,45,15,30,中國信託-文心,2023-05-12,6164
00679B,元大美債20年,37,7,30,中國信託-文心,2023-05-12,6164
2537,聯上發,29,0,29,中國信託-文心,2023-05-12,6164
1101,台泥,53,26,27,中國信託-文心,2023-05-12,6164
8176,智捷,30,3,27,中國信託-文心,2023-05-12,6164
2413,環科,25,0,25,中國信託-文心,2023-05-12,6164
00772B,中信高評級公司債,22,1,21,中國信託-文心,2023-05-12,6164
2405,輔信,20,0,20,中國信託-文心,2023-05-12,6164
8076,伍豐,31,12,19,中國信託-文心,2023-05-12,6164
00885,富邦越南,18,0,18,中國信託-文心,2023-05-12,6164
2886,兆豐金,17,0,17,中國信託-文心,2023-05-12,6164
1504,東元,22,6,16,中國信託-文心,2023-05-12,6164
00683L,期元大美元指正2,16,0,16,中國信託-文心,2023-05-12,6164
0056,元大高股息,46,30,16,中國信託-文心,2023-05-12,6164
2468,華經,15,0,15,中國信託-文心,2023-05-12,6164
00888,永豐台灣ESG,14,0,14,中國信託-文心,2023-05-12,6164
4123,晟德,32,18,14,中國信託-文心,2023-05-12,6164
00756B,群益投等新興公債,14,0,14,中國信託-文心,2023-05-12,6164
9945,潤泰新,14,0,14,中國信託-文心,2023-05-12,6164
2610,華航,15,1,14,中國信託-文心,2023-05-12,6164
2890,永豐金,20,6,14,中國信託-文心,2023-05-12,6164
2889,國票金,13,1,12,中國信託-文心,2023-05-12,6164
2002,中鋼,11,0,11,中國信託-文心,2023-05-12,6164
2601,益航,11,0,11,中國信託-文心,2023-05-12,6164
1905,華紙,21,10,11,中國信託-文心,2023-05-12,6164
3711,日月光投控,11,0,11,中國信託-文心,2023-05-12,6164
8403,盛弘,10,0,10,中國信託-文心,2023-05-12,6164
3049,精金,10,0,10,中國信託-文心,2023-05-12,6164
020037,元大金融高股息N,10,0,10,中國信託-文心,2023-05-12,6164
2211,長榮鋼,10,0,10,中國信託-文心,2023-05-12,6164
4161,聿新科,10,0,10,中國信託-文心,2023-05-12,6164
2303,聯電,12,3,9,中國信託-文心,2023-05-12,6164
2009,第一銅,9,0,9,中國信託-文心,2023-05-12,6164
8046,南電,16,7,9,中國信託-文心,2023-05-12,6164
4562,穎漢,9,0,9,中國信託-文心,2023-05-12,6164
3032,偉訓,27,19,8,中國信託-文心,2023-05-12,6164
3483,力致,8,0,8,中國信託-文心,2023-05-12,6164
00680L,元大美債20正2,309,40,269,中國信託-文心,2023-05-15,6164
6288,聯嘉,132,18,114,中國信託-文心,2023-05-15,6164
00715L,期街口布蘭特正2,123,25,98,中國信託-文心,2023-05-15,6164
00637L,元大滬深300正2,69,9,60,中國信託-文心,2023-05-15,6164
2723,美食-KY,51,1,50,中國信託-文心,2023-05-15,6164
3481,群創,52,4,48,中國信託-文心,2023-05-15,6164
2812,台中銀,60,14,46,中國信託-文心,2023-05-15,6164
4533,協易機,46,0,46,中國信託-文心,2023-05-15,6164
6782,視陽,45,1,44,中國信託-文心,2023-05-15,6164
00772B,中信高評級公司債,40,1,39,中國信託-文心,2023-05-15,6164
00878,國泰永續高股息,290,257,33,中國信託-文心,2023-05-15,6164
3078,僑威,42,13,29,中國信託-文心,2023-05-15,6164
2317,鴻海,29,3,26,中國信託-文心,2023-05-15,6164
00720B,元大投資級公司債,25,0,25,中國信託-文心,2023-05-15,6164
2344,華邦電,26,2,24,中國信託-文心,2023-05-15,6164
00632R,元大台灣50反1,42,20,22,中國信託-文心,2023-05-15,6164
2489,瑞軒,25,4,21,中國信託-文心,2023-05-15,6164
2303,聯電,22,1,21,中國信託-文心,2023-05-15,6164
00751B,元大AAA至A公司債,18,0,18,中國信託-文心,2023-05-15,6164
2515,中工,23,5,18,中國信託-文心,2023-05-15,6164
0056,元大高股息,24,6,18,中國信託-文心,2023-05-15,6164
00713,元大台灣高息低波,17,0,17,中國信託-文心,2023-05-15,6164
2890,永豐金,18,1,17,中國信託-文心,2023-05-15,6164
00642U,期元大S＆P石油,17,0,17,中國信託-文心,2023-05-15,6164
3712,永崴投控,17,0,17,中國信託-文心,2023-05-15,6164
1504,東元,48,31,17,中國信託-文心,2023-05-15,6164
3363,上詮,25,9,16,中國信託-文心,2023-05-15,6164
00753L,中信中國50正2,16,0,16,中國信託-文心,2023-05-15,6164
3105,穩懋,20,4,16,中國信託-文心,2023-05-15,6164
1528,恩德,15,0,15,中國信託-文心,2023-05-15,6164
1708,東鹼,16,1,15,中國信託-文心,2023-05-15,6164
3231,緯創,70,55,15,中國信託-文心,2023-05-15,6164
2201,裕隆,18,4,14,中國信託-文心,2023-05-15,6164
3224,三顧,17,3,14,中國信託-文心,2023-05-15,6164
0050,元大台灣50,39,26,13,中國信託-文心,2023-05-15,6164
6443,元晶,25,12,13,中國信託-文心,2023-05-15,6164
2609,陽明,16,4,12,中國信託-文心,2023-05-15,6164
5258,虹堡,50,38,12,中國信託-文心,2023-05-15,6164
3346,麗清,12,0,12,中國信託-文心,2023-05-15,6164
8940,新天地,14,2,12,中國信託-文心,2023-05-15,6164
00900,富邦特選高股息30,13,2,11,中國信託-文心,2023-05-15,6164
4744,皇將,15,4,11,中國信託-文心,2023-05-15,6164
2356,英業達,20,9,11,中國信託-文心,2023-05-15,6164
6125,廣運,11,0,11,中國信託-文心,2023-05-15,6164
5533,皇鼎,10,0,10,中國信託-文心,2023-05-15,6164
3324,雙鴻,18,8,10,中國信託-文心,2023-05-15,6164
1314,中石化,12,2,10,中國信託-文心,2023-05-15,6164
3037,欣興,25,15,10,中國信託-文心,2023-05-15,6164
6235,華孚,35,25,10,中國信託-文心,2023-05-15,6164
2462,良得電,10,0,10,中國信託-文心,2023-05-15,6164
00878,國泰永續高股息,252,122,130,中國信託-文心,2023-05-16,6164
00680L,元大美債20正2,114,0,114,中國信託-文心,2023-05-16,6164
911608,明輝-DR,100,0,100,中國信託-文心,2023-05-16,6164
00751B,元大AAA至A公司債,96,0,96,中國信託-文心,2023-05-16,6164
00772B,中信高評級公司債,92,0,92,中國信託-文心,2023-05-16,6164
00712,復華富時不動產,74,0,74,中國信託-文心,2023-05-16,6164
00720B,元大投資級公司債,70,0,70,中國信託-文心,2023-05-16,6164
00687B,國泰20年美債,63,0,63,中國信託-文心,2023-05-16,6164
2812,台中銀,63,7,56,中國信託-文心,2023-05-16,6164
6156,松上,39,0,39,中國信託-文心,2023-05-16,6164
00857B,永豐20年美公債,41,5,36,中國信託-文心,2023-05-16,6164
6116,彩晶,40,10,30,中國信託-文心,2023-05-16,6164
2633,台灣高鐵,43,14,29,中國信託-文心,2023-05-16,6164
5531,鄉林,31,2,29,中國信託-文心,2023-05-16,6164
4108,懷特,50,26,24,中國信託-文心,2023-05-16,6164
4533,協易機,24,0,24,中國信託-文心,2023-05-16,6164
1504,東元,34,10,24,中國信託-文心,2023-05-16,6164
00885,富邦越南,38,15,23,中國信託-文心,2023-05-16,6164
00753L,中信中國50正2,25,3,22,中國信託-文心,2023-05-16,6164
6185,幃翔,21,0,21,中國信託-文心,2023-05-16,6164
1605,華新,22,2,20,中國信託-文心,2023-05-16,6164
00773B,中信優先金融債,19,0,19,中國信託-文心,2023-05-16,6164
2009,第一銅,17,1,16,中國信託-文心,2023-05-16,6164
00795B,中信美國公債20年,22,6,16,中國信託-文心,2023-05-16,6164
2317,鴻海,16,1,15,中國信託-文心,2023-05-16,6164
5498,凱崴,15,0,15,中國信託-文心,2023-05-16,6164
00725B,國泰投資級公司債,14,0,14,中國信託-文心,2023-05-16,6164
2002,中鋼,17,2,15,中國信託-文心,2023-05-16,6164
2889,國票金,15,1,14,中國信託-文心,2023-05-16,6164
4541,晟田,14,0,14,中國信託-文心,2023-05-16,6164
00715L,期街口布蘭特正2,190,176,14,中國信託-文心,2023-05-16,6164
2107,厚生,14,1,13,中國信託-文心,2023-05-16,6164
00688L,國泰20年美債正2,13,0,13,中國信託-文心,2023-05-16,6164
1712,興農,12,1,11,中國信託-文心,2023-05-16,6164
00665L,富邦�琤肭磪囓�2,25,14,11,中國信託-文心,2023-05-16,6164
2464,盟立,11,0,11,中國信託-文心,2023-05-16,6164
6712,長聖,15,4,11,中國信託-文心,2023-05-16,6164
2601,益航,11,0,11,中國信託-文心,2023-05-16,6164
00650L,復華香港正2,12,1,11,中國信託-文心,2023-05-16,6164
3011,今皓,26,15,11,中國信託-文心,2023-05-16,6164
1314,中石化,10,0,10,中國信託-文心,2023-05-16,6164
3289,宜特,13,3,10,中國信託-文心,2023-05-16,6164
3231,緯創,61,51,10,中國信託-文心,2023-05-16,6164
2211,長榮鋼,10,0,10,中國信託-文心,2023-05-16,6164
1305,華夏,10,0,10,中國信託-文心,2023-05-16,6164
5871,中租-KY,10,1,9,中國信託-文心,2023-05-16,6164
3025,星通,11,2,9,中國信託-文心,2023-05-16,6164
2323,中環,44,35,9,中國信託-文心,2023-05-16,6164
00902,中信電池及儲能,18,10,8,中國信託-文心,2023-05-16,6164
6126,信音,8,0,8,中國信託-文心,2023-05-16,6164
00632R,元大台灣50反1,1067,3,1064,中國信託-文心,2023-05-17,6164
00878,國泰永續高股息,273,85,188,中國信託-文心,2023-05-17,6164
00751B,元大AAA至A公司債,131,0,131,中國信託-文心,2023-05-17,6164
2883,凱基金,200,73,127,中國信託-文心,2023-05-17,6164
00720B,元大投資級公司債,124,0,124,中國信託-文心,2023-05-17,6164
00772B,中信高評級公司債,74,10,64,中國信託-文心,2023-05-17,6164
3673,TPK-KY,53,12,41,中國信託-文心,2023-05-17,6164
2515,中工,40,0,40,中國信託-文心,2023-05-17,6164
4402,郡都開發,40,0,40,中國信託-文心,2023-05-17,6164
2888,新光金,70,31,39,中國信託-文心,2023-05-17,6164
00715L,期街口布蘭特正2,45,6,39,中國信託-文心,2023-05-17,6164
2801,彰銀,40,7,33,中國信託-文心,2023-05-17,6164
00680L,元大美債20正2,32,0,32,中國信託-文心,2023-05-17,6164
1608,華榮,32,4,28,中國信託-文心,2023-05-17,6164
3202,樺晟,30,2,28,中國信託-文心,2023-05-17,6164
3078,僑威,41,15,26,中國信託-文心,2023-05-17,6164
2427,三商電,34,9,25,中國信託-文心,2023-05-17,6164
00679B,元大美債20年,25,2,23,中國信託-文心,2023-05-17,6164
6266,泰詠,27,4,23,中國信託-文心,2023-05-17,6164
00882,中信中國高股息,21,0,21,中國信託-文心,2023-05-17,6164
6282,康舒,24,3,21,中國信託-文心,2023-05-17,6164
00712,復華富時不動產,42,22,20,中國信託-文心,2023-05-17,6164
00687B,國泰20年美債,23,3,20,中國信託-文心,2023-05-17,6164
00637L,元大滬深300正2,26,6,20,中國信託-文心,2023-05-17,6164
1727,中華化,32,12,20,中國信託-文心,2023-05-17,6164
1314,中石化,20,0,20,中國信託-文心,2023-05-17,6164
00890B,凱基ESG BBB債,20,0,20,中國信託-文心,2023-05-17,6164
2393,億光,21,2,19,中國信託-文心,2023-05-17,6164
2371,大同,28,9,19,中國信託-文心,2023-05-17,6164
1810,和成,22,5,17,中國信託-文心,2023-05-17,6164
00795B,中信美國公債20年,17,0,17,中國信託-文心,2023-05-17,6164
00683L,期元大美元指正2,16,0,16,中國信託-文心,2023-05-17,6164
1456,怡華,16,0,16,中國信託-文心,2023-05-17,6164
2457,飛宏,86,71,15,中國信託-文心,2023-05-17,6164
3011,今皓,19,4,15,中國信託-文心,2023-05-17,6164
3701,大眾控,25,10,15,中國信託-文心,2023-05-17,6164
6589,台康生技,27,13,14,中國信託-文心,2023-05-17,6164
9110,越南控-DR,14,0,14,中國信託-文心,2023-05-17,6164
5222,全訊,14,0,14,中國信託-文心,2023-05-17,6164
00713,元大台灣高息低波,16,2,14,中國信託-文心,2023-05-17,6164
8033,雷虎,16,3,13,中國信託-文心,2023-05-17,6164
5536,聖暉*,15,2,13,中國信託-文心,2023-05-17,6164
8222,寶一,15,2,13,中國信託-文心,2023-05-17,6164
6202,盛群,12,0,12,中國信託-文心,2023-05-17,6164
9934,成霖,11,0,11,中國信託-文心,2023-05-17,6164
3043,科風,11,0,11,中國信託-文心,2023-05-17,6164
2317,鴻海,16,5,11,中國信託-文心,2023-05-17,6164
00885,富邦越南,12,2,10,中國信託-文心,2023-05-17,6164
2012,春雨,10,0,10,中國信託-文心,2023-05-17,6164
2107,厚生,10,0,10,中國信託-文心,2023-05-17,6164
2812,台中銀,362,107,255,中國信託-文心,2023-05-18,6164
00885,富邦越南,202,25,177,中國信託-文心,2023-05-18,6164
00632R,元大台灣50反1,969,824,145,中國信託-文心,2023-05-18,6164
2888,新光金,148,67,81,中國信託-文心,2023-05-18,6164
00679B,元大美債20年,72,3,69,中國信託-文心,2023-05-18,6164
00680L,元大美債20正2,57,0,57,中國信託-文心,2023-05-18,6164
00720B,元大投資級公司債,45,0,45,中國信託-文心,2023-05-18,6164
00751B,元大AAA至A公司債,36,0,36,中國信託-文心,2023-05-18,6164
00753L,中信中國50正2,35,0,35,中國信託-文心,2023-05-18,6164
00773B,中信優先金融債,33,0,33,中國信託-文心,2023-05-18,6164
2704,國賓,33,0,33,中國信託-文心,2023-05-18,6164
6550,北極星藥業-KY,30,0,30,中國信託-文心,2023-05-18,6164
00713,元大台灣高息低波,30,3,27,中國信託-文心,2023-05-18,6164
00902,中信電池及儲能,27,0,27,中國信託-文心,2023-05-18,6164
3362,先進光,38,15,23,中國信託-文心,2023-05-18,6164
2723,美食-KY,33,11,22,中國信託-文心,2023-05-18,6164
00795B,中信美國公債20年,22,0,22,中國信託-文心,2023-05-18,6164
00772B,中信高評級公司債,21,0,21,中國信託-文心,2023-05-18,6164
3078,僑威,34,13,21,中國信託-文心,2023-05-18,6164
6142,友勁,20,0,20,中國信託-文心,2023-05-18,6164
4402,郡都開發,20,0,20,中國信託-文心,2023-05-18,6164
00687B,國泰20年美債,22,3,19,中國信託-文心,2023-05-18,6164
6285,啟��,22,4,18,中國信託-文心,2023-05-18,6164
3162,精確,19,3,16,中國信託-文心,2023-05-18,6164
1618,合機,16,0,16,中國信託-文心,2023-05-18,6164
00676R,富邦臺灣加權反1,15,0,15,中國信託-文心,2023-05-18,6164
6125,廣運,15,0,15,中國信託-文心,2023-05-18,6164
3540,曜越,22,8,14,中國信託-文心,2023-05-18,6164
4931,新盛力,15,1,14,中國信託-文心,2023-05-18,6164
8410,森田,13,0,13,中國信託-文心,2023-05-18,6164
00706L,期元大S＆P日圓正2,13,0,13,中國信託-文心,2023-05-18,6164
6167,久正,13,0,13,中國信託-文心,2023-05-18,6164
00664R,國泰臺灣加權反1,13,0,13,中國信託-文心,2023-05-18,6164
2337,旺宏,13,0,13,中國信託-文心,2023-05-18,6164
3147,大綜,12,0,12,中國信託-文心,2023-05-18,6164
1905,華紙,28,16,12,中國信託-文心,2023-05-18,6164
2107,厚生,11,0,11,中國信託-文心,2023-05-18,6164
8222,寶一,113,102,11,中國信託-文心,2023-05-18,6164
2393,億光,14,3,11,中國信託-文心,2023-05-18,6164
8069,元太,28,17,11,中國信託-文心,2023-05-18,6164
5227,立凱-KY,10,0,10,中國信託-文心,2023-05-18,6164
2867,三商壽,10,0,10,中國信託-文心,2023-05-18,6164
5515,建國,10,0,10,中國信託-文心,2023-05-18,6164
3624,光頡,10,0,10,中國信託-文心,2023-05-18,6164
2515,中工,50,40,10,中國信託-文心,2023-05-18,6164
4916,事欣科,10,0,10,中國信託-文心,2023-05-18,6164
6244,茂迪,12,2,10,中國信託-文心,2023-05-18,6164
2442,新美齊,10,0,10,中國信託-文心,2023-05-18,6164
1513,中興電,39,29,10,中國信託-文心,2023-05-18,6164
6288,聯嘉,10,0,10,中國信託-文心,2023-05-18,6164
00632R,元大台灣50反1,273,138,135,中國信託-文心,2023-05-19,6164
5009,榮剛,152,46,106,中國信託-文心,2023-05-19,6164
00882,中信中國高股息,97,1,96,中國信託-文心,2023-05-19,6164
00772B,中信高評級公司債,93,1,92,中國信託-文心,2023-05-19,6164
00687B,國泰20年美債,49,0,49,中國信託-文心,2023-05-19,6164
2889,國票金,40,0,40,中國信託-文心,2023-05-19,6164
00637L,元大滬深300正2,54,18,36,中國信託-文心,2023-05-19,6164
00878,國泰永續高股息,191,155,36,中國信託-文心,2023-05-19,6164
4402,郡都開發,35,0,35,中國信託-文心,2023-05-19,6164
6550,北極星藥業-KY,37,3,34,中國信託-文心,2023-05-19,6164
4157,太景*-KY,33,0,33,中國信託-文心,2023-05-19,6164
2453,凌群,41,13,28,中國信託-文心,2023-05-19,6164
6274,台燿,32,5,27,中國信託-文心,2023-05-19,6164
00902,中信電池及儲能,28,2,26,中國信託-文心,2023-05-19,6164
00679B,元大美債20年,37,11,26,中國信託-文心,2023-05-19,6164
00712,復華富時不動產,45,20,25,中國信託-文心,2023-05-19,6164
3058,立德,50,25,25,中國信託-文心,2023-05-19,6164
2421,建準,58,34,24,中國信託-文心,2023-05-19,6164
1504,東元,80,58,22,中國信託-文心,2023-05-19,6164
00720B,元大投資級公司債,22,0,22,中國信託-文心,2023-05-19,6164
00690,兆豐藍籌30,22,0,22,中國信託-文心,2023-05-19,6164
00680L,元大美債20正2,62,40,22,中國信託-文心,2023-05-19,6164
2834,臺企銀,36,15,21,中國信託-文心,2023-05-19,6164
1608,華榮,32,11,21,中國信託-文心,2023-05-19,6164
6122,擎邦,27,7,20,中國信託-文心,2023-05-19,6164
00924,復華S＆P500成長,20,0,20,中國信託-文心,2023-05-19,6164
00725B,國泰投資級公司債,22,2,20,中國信託-文心,2023-05-19,6164
6235,華孚,59,41,18,中國信託-文心,2023-05-19,6164
2427,三商電,23,5,18,中國信託-文心,2023-05-19,6164
2634,漢翔,49,31,18,中國信託-文心,2023-05-19,6164
5211,蒙恬,18,0,18,中國信託-文心,2023-05-19,6164
4979,華星光,25,8,17,中國信託-文心,2023-05-19,6164
2457,飛宏,56,39,17,中國信託-文心,2023-05-19,6164
6021,美好證,15,0,15,中國信託-文心,2023-05-19,6164
00751B,元大AAA至A公司債,14,0,14,中國信託-文心,2023-05-19,6164
2201,裕隆,18,4,14,中國信託-文心,2023-05-19,6164
3049,精金,14,0,14,中國信託-文心,2023-05-19,6164
00795B,中信美國公債20年,13,0,13,中國信託-文心,2023-05-19,6164
3706,神達,30,18,12,中國信託-文心,2023-05-19,6164
00753L,中信中國50正2,47,35,12,中國信託-文心,2023-05-19,6164
5234,達興材料,12,0,12,中國信託-文心,2023-05-19,6164
2014,中鴻,12,0,12,中國信託-文心,2023-05-19,6164
6456,GIS-KY,12,0,12,中國信託-文心,2023-05-19,6164
2206,三陽工業,36,25,11,中國信託-文心,2023-05-19,6164
00857B,永豐20年美公債,11,0,11,中國信託-文心,2023-05-19,6164
4173,久裕,15,4,11,中國信託-文心,2023-05-19,6164
4175,杏一,11,0,11,中國信託-文心,2023-05-19,6164
5258,虹堡,15,5,10,中國信託-文心,2023-05-19,6164
00674R,期元大S＆P黃金反1,10,0,10,中國信託-文心,2023-05-19,6164
2442,新美齊,42,32,10,中國信託-文心,2023-05-19,6164
2303,聯電,146,17,129,中國信託-文心,2023-05-22,6164
00687B,國泰20年美債,124,0,124,中國信託-文心,2023-05-22,6164
2427,三商電,121,51,70,中國信託-文心,2023-05-22,6164
4402,郡都開發,55,0,55,中國信託-文心,2023-05-22,6164
00772B,中信高評級公司債,44,0,44,中國信託-文心,2023-05-22,6164
00690,兆豐藍籌30,48,10,38,中國信託-文心,2023-05-22,6164
00715L,期街口布蘭特正2,43,5,38,中國信託-文心,2023-05-22,6164
2344,華邦電,48,12,36,中國信託-文心,2023-05-22,6164
1584,精剛,44,9,35,中國信託-文心,2023-05-22,6164
00878,國泰永續高股息,112,85,27,中國信託-文心,2023-05-22,6164
00857B,永豐20年美公債,27,0,27,中國信託-文心,2023-05-22,6164
2812,台中銀,25,0,25,中國信託-文心,2023-05-22,6164
2889,國票金,25,2,23,中國信託-文心,2023-05-22,6164
2615,萬海,21,0,21,中國信託-文心,2023-05-22,6164
2888,新光金,43,22,21,中國信託-文心,2023-05-22,6164
2880,華南金,25,5,20,中國信託-文心,2023-05-22,6164
5340,建榮,21,1,20,中國信託-文心,2023-05-22,6164
00923,群益台ESG低碳50,20,0,20,中國信託-文心,2023-05-22,6164
5439,高技,30,10,20,中國信託-文心,2023-05-22,6164
2723,美食-KY,32,12,20,中國信託-文心,2023-05-22,6164
5706,鳳凰,23,3,20,中國信託-文心,2023-05-22,6164
4951,精拓科,20,1,19,中國信託-文心,2023-05-22,6164
2317,鴻海,23,4,19,中國信託-文心,2023-05-22,6164
00751B,元大AAA至A公司債,19,1,18,中國信託-文心,2023-05-22,6164
3163,波若威,23,5,18,中國信託-文心,2023-05-22,6164
8358,金居,25,7,18,中國信託-文心,2023-05-22,6164
2442,新美齊,22,4,18,中國信託-文心,2023-05-22,6164
3032,偉訓,21,4,17,中國信託-文心,2023-05-22,6164
3706,神達,32,16,16,中國信託-文心,2023-05-22,6164
1905,華紙,43,27,16,中國信託-文心,2023-05-22,6164
00720B,元大投資級公司債,17,3,14,中國信託-文心,2023-05-22,6164
6185,幃翔,14,0,14,中國信託-文心,2023-05-22,6164
3038,全台,28,15,13,中國信託-文心,2023-05-22,6164
2206,三陽工業,34,22,12,中國信託-文心,2023-05-22,6164
8112,至上,12,0,12,中國信託-文心,2023-05-22,6164
00642U,期元大S＆P石油,12,0,12,中國信託-文心,2023-05-22,6164
3043,科風,13,1,12,中國信託-文心,2023-05-22,6164
8222,寶一,35,24,11,中國信託-文心,2023-05-22,6164
2331,精英,19,8,11,中國信託-文心,2023-05-22,6164
8046,南電,26,15,11,中國信託-文心,2023-05-22,6164
1609,大亞,35,25,10,中國信託-文心,2023-05-22,6164
6235,華孚,16,6,10,中國信託-文心,2023-05-22,6164
2101,南港,10,0,10,中國信託-文心,2023-05-22,6164
4939,亞電,10,0,10,中國信託-文心,2023-05-22,6164
2316,楠梓電,10,0,10,中國信託-文心,2023-05-22,6164
2402,毅嘉,10,0,10,中國信託-文心,2023-05-22,6164
6180,橘子,9,0,9,中國信託-文心,2023-05-22,6164
8249,菱光,9,0,9,中國信託-文心,2023-05-22,6164
3044,健鼎,14,5,9,中國信託-文心,2023-05-22,6164
2368,金像電,30,21,9,中國信託-文心,2023-05-22,6164
2618,長榮航,179,79,100,中國信託-文心,2023-05-23,6164
1907,永豐餘,145,70,75,中國信託-文心,2023-05-23,6164
2324,仁寶,87,14,73,中國信託-文心,2023-05-23,6164
00632R,元大台灣50反1,116,48,68,中國信託-文心,2023-05-23,6164
2337,旺宏,62,1,61,中國信託-文心,2023-05-23,6164
00687B,國泰20年美債,59,0,59,中國信託-文心,2023-05-23,6164
00882,中信中國高股息,60,5,55,中國信託-文心,2023-05-23,6164
2633,台灣高鐵,55,7,48,中國信託-文心,2023-05-23,6164
2368,金像電,45,2,43,中國信託-文心,2023-05-23,6164
00637L,元大滬深300正2,53,10,43,中國信託-文心,2023-05-23,6164
8076,伍豐,53,11,42,中國信託-文心,2023-05-23,6164
2515,中工,56,16,40,中國信託-文心,2023-05-23,6164
1101,台泥,43,4,39,中國信託-文心,2023-05-23,6164
1734,杏輝,61,31,30,中國信託-文心,2023-05-23,6164
4108,懷特,30,0,30,中國信託-文心,2023-05-23,6164
00772B,中信高評級公司債,46,19,27,中國信託-文心,2023-05-23,6164
2303,聯電,32,6,26,中國信託-文心,2023-05-23,6164
8121,越峰,23,0,23,中國信託-文心,2023-05-23,6164
3058,立德,24,1,23,中國信託-文心,2023-05-23,6164
5531,鄉林,27,5,22,中國信託-文心,2023-05-23,6164
00688L,國泰20年美債正2,22,0,22,中國信託-文心,2023-05-23,6164
1504,東元,31,10,21,中國信託-文心,2023-05-23,6164
6689,伊雲谷,28,7,21,中國信託-文心,2023-05-23,6164
1513,中興電,61,40,21,中國信託-文心,2023-05-23,6164
4402,郡都開發,20,0,20,中國信託-文心,2023-05-23,6164
2317,鴻海,25,6,19,中國信託-文心,2023-05-23,6164
4121,優盛,19,0,19,中國信託-文心,2023-05-23,6164
00857B,永豐20年美公債,19,0,19,中國信託-文心,2023-05-23,6164
00680L,元大美債20正2,31,13,18,中國信託-文心,2023-05-23,6164
00713,元大台灣高息低波,19,2,17,中國信託-文心,2023-05-23,6164
2609,陽明,44,27,17,中國信託-文心,2023-05-23,6164
5328,華容,16,0,16,中國信託-文心,2023-05-23,6164
2313,華通,18,3,15,中國信託-文心,2023-05-23,6164
3402,漢科,15,0,15,中國信託-文心,2023-05-23,6164
00795B,中信美國公債20年,15,0,15,中國信託-文心,2023-05-23,6164
2453,凌群,15,0,15,中國信託-文心,2023-05-23,6164
2352,佳世達,13,0,13,中國信託-文心,2023-05-23,6164
2002,中鋼,14,2,12,中國信託-文心,2023-05-23,6164
00671R,富邦NASDAQ反1,12,0,12,中國信託-文心,2023-05-23,6164
2405,輔信,11,0,11,中國信託-文心,2023-05-23,6164
1618,合機,26,15,11,中國信託-文心,2023-05-23,6164
00722B,群益投資級電信債,10,0,10,中國信託-文心,2023-05-23,6164
4744,皇將,10,0,10,中國信託-文心,2023-05-23,6164
8932,智通*,10,0,10,中國信託-文心,2023-05-23,6164
2486,一詮,10,0,10,中國信託-文心,2023-05-23,6164
2498,宏達電,13,4,9,中國信託-文心,2023-05-23,6164
00902,中信電池及儲能,17,8,9,中國信託-文心,2023-05-23,6164
2801,彰銀,14,5,9,中國信託-文心,2023-05-23,6164
6112,邁達特,38,29,9,中國信託-文心,2023-05-23,6164
1312,國喬,9,0,9,中國信託-文心,2023-05-23,6164
00680L,元大美債20正2,276,0,276,中國信託-文心,2023-05-24,6164
00882,中信中國高股息,241,0,241,中國信託-文心,2023-05-24,6164
00632R,元大台灣50反1,157,5,152,中國信託-文心,2023-05-24,6164
2105,正新,142,1,141,中國信託-文心,2023-05-24,6164
1809,中釉,156,18,138,中國信託-文心,2023-05-24,6164
1460,宏遠,136,0,136,中國信託-文心,2023-05-24,6164
2610,華航,395,274,121,中國信託-文心,2023-05-24,6164
00637L,元大滬深300正2,114,7,107,中國信託-文心,2023-05-24,6164
00902,中信電池及儲能,103,10,93,中國信託-文心,2023-05-24,6164
8463,潤泰材,60,0,60,中國信託-文心,2023-05-24,6164
00712,復華富時不動產,57,0,57,中國信託-文心,2023-05-24,6164
5905,南仁湖,94,38,56,中國信託-文心,2023-05-24,6164
00753L,中信中國50正2,48,0,48,中國信託-文心,2023-05-24,6164
5009,榮剛,65,20,45,中國信託-文心,2023-05-24,6164
3163,波若威,39,0,39,中國信託-文心,2023-05-24,6164
00687B,國泰20年美債,39,0,39,中國信託-文心,2023-05-24,6164
2886,兆豐金,45,8,37,中國信託-文心,2023-05-24,6164
2002,中鋼,39,3,36,中國信託-文心,2023-05-24,6164
8222,寶一,64,32,32,中國信託-文心,2023-05-24,6164
00641R,富邦日本反1,30,0,30,中國信託-文心,2023-05-24,6164
1216,統一,29,1,28,中國信託-文心,2023-05-24,6164
2399,映泰,41,19,22,中國信託-文心,2023-05-24,6164
00665L,富邦�琤肭磪囓�2,41,20,21,中國信託-文心,2023-05-24,6164
2303,聯電,21,1,20,中國信託-文心,2023-05-24,6164
4108,懷特,20,0,20,中國信託-文心,2023-05-24,6164
2457,飛宏,169,149,20,中國信託-文心,2023-05-24,6164
3058,立德,37,19,18,中國信託-文心,2023-05-24,6164
1618,合機,20,2,18,中國信託-文心,2023-05-24,6164
2022,聚亨,17,0,17,中國信託-文心,2023-05-24,6164
00751B,元大AAA至A公司債,23,6,17,中國信託-文心,2023-05-24,6164
2324,仁寶,20,4,16,中國信託-文心,2023-05-24,6164
2801,彰銀,17,2,15,中國信託-文心,2023-05-24,6164
6125,廣運,15,0,15,中國信託-文心,2023-05-24,6164
8940,新天地,15,0,15,中國信託-文心,2023-05-24,6164
00885,富邦越南,20,5,15,中國信託-文心,2023-05-24,6164
6535,順藥,49,35,14,中國信託-文心,2023-05-24,6164
4953,緯軟,18,4,14,中國信託-文心,2023-05-24,6164
2908,特力,15,1,14,中國信託-文心,2023-05-24,6164
6216,居易,13,0,13,中國信託-文心,2023-05-24,6164
5469,瀚宇博,17,4,13,中國信託-文心,2023-05-24,6164
00795B,中信美國公債20年,12,0,12,中國信託-文心,2023-05-24,6164
3041,揚智,18,6,12,中國信託-文心,2023-05-24,6164
00892,富邦台灣半導體,12,0,12,中國信託-文心,2023-05-24,6164
1313,聯成,11,0,11,中國信託-文心,2023-05-24,6164
2314,台揚,13,2,11,中國信託-文心,2023-05-24,6164
2367,燿華,11,0,11,中國信託-文心,2023-05-24,6164
2748,雲品,34,23,11,中國信託-文心,2023-05-24,6164
3162,精確,15,5,10,中國信託-文心,2023-05-24,6164
3202,樺晟,15,5,10,中國信託-文心,2023-05-24,6164
4114,健喬,14,4,10,中國信託-文心,2023-05-24,6164
00632R,元大台灣50反1,315,40,275,中國信託-文心,2023-05-25,6164
00882,中信中國高股息,132,3,129,中國信託-文心,2023-05-25,6164
2002,中鋼,83,5,78,中國信託-文心,2023-05-25,6164
00679B,元大美債20年,61,11,50,中國信託-文心,2023-05-25,6164
2867,三商壽,51,1,50,中國信託-文心,2023-05-25,6164
2344,華邦電,51,5,46,中國信託-文心,2023-05-25,6164
1432,大魯閣,44,1,43,中國信託-文心,2023-05-25,6164
00680L,元大美債20正2,53,10,43,中國信託-文心,2023-05-25,6164
3264,欣銓,53,11,42,中國信託-文心,2023-05-25,6164
2323,中環,44,3,41,中國信託-文心,2023-05-25,6164
8097,常珵,47,10,37,中國信託-文心,2023-05-25,6164
00688L,國泰20年美債正2,35,1,34,中國信託-文心,2023-05-25,6164
3481,群創,43,9,34,中國信託-文心,2023-05-25,6164
00772B,中信高評級公司債,34,0,34,中國信託-文心,2023-05-25,6164
00712,復華富時不動產,36,4,32,中國信託-文心,2023-05-25,6164
2884,玉山金,34,3,31,中國信託-文心,2023-05-25,6164
2303,聯電,31,1,30,中國信託-文心,2023-05-25,6164
2723,美食-KY,30,0,30,中國信託-文心,2023-05-25,6164
2615,萬海,29,0,29,中國信託-文心,2023-05-25,6164
00687B,國泰20年美債,27,0,27,中國信託-文心,2023-05-25,6164
2201,裕隆,40,14,26,中國信託-文心,2023-05-25,6164
00753L,中信中國50正2,25,0,25,中國信託-文心,2023-05-25,6164
2883,凱基金,25,0,25,中國信託-文心,2023-05-25,6164
1216,統一,21,0,21,中國信託-文心,2023-05-25,6164
00665L,富邦�琤肭磪囓�2,21,0,21,中國信託-文心,2023-05-25,6164
2342,茂矽,21,0,21,中國信託-文心,2023-05-25,6164
2630,亞航,46,26,20,中國信託-文心,2023-05-25,6164
6163,華電網,21,1,20,中國信託-文心,2023-05-25,6164
4108,懷特,20,0,20,中國信託-文心,2023-05-25,6164
3494,誠研,20,0,20,中國信託-文心,2023-05-25,6164
6179,亞通,20,0,20,中國信託-文心,2023-05-25,6164
6288,聯嘉,24,5,19,中國信託-文心,2023-05-25,6164
2014,中鴻,19,0,19,中國信託-文心,2023-05-25,6164
1513,中興電,39,20,19,中國信託-文心,2023-05-25,6164
00720B,元大投資級公司債,18,0,18,中國信託-文心,2023-05-25,6164
00751B,元大AAA至A公司債,18,0,18,中國信託-文心,2023-05-25,6164
2388,威盛,32,16,16,中國信託-文心,2023-05-25,6164
3050,鈺德,21,5,16,中國信託-文心,2023-05-25,6164
1455,集盛,15,0,15,中國信託-文心,2023-05-25,6164
3094,聯傑,15,0,15,中國信託-文心,2023-05-25,6164
00795B,中信美國公債20年,14,0,14,中國信託-文心,2023-05-25,6164
2634,漢翔,41,27,14,中國信託-文心,2023-05-25,6164
2457,飛宏,23,9,14,中國信託-文心,2023-05-25,6164
2371,大同,24,10,14,中國信託-文心,2023-05-25,6164
2609,陽明,16,2,14,中國信託-文心,2023-05-25,6164
2317,鴻海,20,6,14,中國信託-文心,2023-05-25,6164
5871,中租-KY,14,1,13,中國信託-文心,2023-05-25,6164
2881,富邦金,18,5,13,中國信託-文心,2023-05-25,6164
2891,中信金,24,11,13,中國信託-文心,2023-05-25,6164
6148,驊宏資,23,10,13,中國信託-文心,2023-05-25,6164
2323,中環,234,85,149,中國信託-文心,2023-05-26,6164
6288,聯嘉,132,2,130,中國信託-文心,2023-05-26,6164
3231,緯創,233,133,100,中國信託-文心,2023-05-26,6164
00882,中信中國高股息,99,2,97,中國信託-文心,2023-05-26,6164
00632R,元大台灣50反1,441,365,76,中國信託-文心,2023-05-26,6164
2515,中工,71,0,71,中國信託-文心,2023-05-26,6164
00712,復華富時不動產,102,40,62,中國信託-文心,2023-05-26,6164
1504,東元,69,21,48,中國信託-文心,2023-05-26,6164
2888,新光金,45,1,44,中國信託-文心,2023-05-26,6164
00637L,元大滬深300正2,52,11,41,中國信託-文心,2023-05-26,6164
00772B,中信高評級公司債,41,1,40,中國信託-文心,2023-05-26,6164
3481,群創,89,49,40,中國信託-文心,2023-05-26,6164
2634,漢翔,48,11,37,中國信託-文心,2023-05-26,6164
6126,信音,37,0,37,中國信託-文心,2023-05-26,6164
00679B,元大美債20年,36,0,36,中國信託-文心,2023-05-26,6164
00715L,期街口布蘭特正2,46,10,36,中國信託-文心,2023-05-26,6164
00676R,富邦臺灣加權反1,50,15,35,中國信託-文心,2023-05-26,6164
4564,元翎,50,18,32,中國信託-文心,2023-05-26,6164
2314,台揚,30,0,30,中國信託-文心,2023-05-26,6164
5347,世界,37,9,28,中國信託-文心,2023-05-26,6164
00650L,復華香港正2,29,2,27,中國信託-文心,2023-05-26,6164
4915,致伸,42,16,26,中國信託-文心,2023-05-26,6164
5512,力麒,25,0,25,中國信託-文心,2023-05-26,6164
3058,立德,27,3,24,中國信託-文心,2023-05-26,6164
00713,元大台灣高息低波,31,8,23,中國信託-文心,2023-05-26,6164
00773B,中信優先金融債,22,0,22,中國信託-文心,2023-05-26,6164
3006,晶豪科,26,4,22,中國信託-文心,2023-05-26,6164
2884,玉山金,30,7,23,中國信託-文心,2023-05-26,6164
5243,乙盛-KY,32,10,22,中國信託-文心,2023-05-26,6164
6116,彩晶,23,1,22,中國信託-文心,2023-05-26,6164
00902,中信電池及儲能,22,1,21,中國信託-文心,2023-05-26,6164
6438,迅得,21,0,21,中國信託-文心,2023-05-26,6164
5531,鄉林,21,0,21,中國信託-文心,2023-05-26,6164
2331,精英,52,31,21,中國信託-文心,2023-05-26,6164
4804,大略-KY,20,0,20,中國信託-文心,2023-05-26,6164
1701,中化,20,0,20,中國信託-文心,2023-05-26,6164
2014,中鴻,22,2,20,中國信託-文心,2023-05-26,6164
6239,力成,20,0,20,中國信託-文心,2023-05-26,6164
2317,鴻海,25,6,19,中國信託-文心,2023-05-26,6164
2882,國泰金,20,2,18,中國信託-文心,2023-05-26,6164
6282,康舒,41,24,17,中國信託-文心,2023-05-26,6164
3028,增你強,16,0,16,中國信託-文心,2023-05-26,6164
8222,寶一,18,2,16,中國信託-文心,2023-05-26,6164
00720B,元大投資級公司債,15,0,15,中國信託-文心,2023-05-26,6164
3042,晶技,14,0,14,中國信託-文心,2023-05-26,6164
1337,再生-KY,15,1,14,中國信託-文心,2023-05-26,6164
6125,廣運,24,10,14,中國信託-文心,2023-05-26,6164
3044,健鼎,14,0,14,中國信託-文心,2023-05-26,6164
2609,陽明,21,7,14,中國信託-文心,2023-05-26,6164
6535,順藥,23,9,14,中國信託-文心,2023-05-26,6164
2812,台中銀,222,7,215,中國信託-文心,2023-05-29,6164
0056,元大高股息,219,91,128,中國信託-文心,2023-05-29,6164
00895,富邦未來車,106,15,91,中國信託-文心,2023-05-29,6164
00688L,國泰20年美債正2,90,0,90,中國信託-文心,2023-05-29,6164
00687B,國泰20年美債,91,10,81,中國信託-文心,2023-05-29,6164
00882,中信中國高股息,76,0,76,中國信託-文心,2023-05-29,6164
00680L,元大美債20正2,63,0,63,中國信託-文心,2023-05-29,6164
00795B,中信美國公債20年,57,0,57,中國信託-文心,2023-05-29,6164
00637L,元大滬深300正2,64,15,49,中國信託-文心,2023-05-29,6164
00712,復華富時不動產,33,0,33,中國信託-文心,2023-05-29,6164
1810,和成,31,0,31,中國信託-文心,2023-05-29,6164
2883,凱基金,33,2,31,中國信託-文心,2023-05-29,6164
2723,美食-KY,30,0,30,中國信託-文心,2023-05-29,6164
4102,永日,30,0,30,中國信託-文心,2023-05-29,6164
5301,寶得利,26,1,25,中國信託-文心,2023-05-29,6164
6508,惠光,25,0,25,中國信託-文心,2023-05-29,6164
2409,友達,51,29,22,中國信託-文心,2023-05-29,6164
2002,中鋼,27,5,22,中國信託-文心,2023-05-29,6164
2358,廷鑫,20,0,20,中國信託-文心,2023-05-29,6164
2913,農林,30,10,20,中國信託-文心,2023-05-29,6164
3532,台勝科,20,0,20,中國信託-文心,2023-05-29,6164
4960,誠美材,20,0,20,中國信託-文心,2023-05-29,6164
2888,新光金,20,0,20,中國信託-文心,2023-05-29,6164
00773B,中信優先金融債,20,1,19,中國信託-文心,2023-05-29,6164
1101,台泥,24,6,18,中國信託-文心,2023-05-29,6164
3711,日月光投控,17,0,17,中國信託-文心,2023-05-29,6164
2453,凌群,18,1,17,中國信託-文心,2023-05-29,6164
00720B,元大投資級公司債,16,0,16,中國信託-文心,2023-05-29,6164
8097,常珵,16,0,16,中國信託-文心,2023-05-29,6164
4402,郡都開發,16,0,16,中國信託-文心,2023-05-29,6164
3265,台星科,20,5,15,中國信託-文心,2023-05-29,6164
9945,潤泰新,15,0,15,中國信託-文心,2023-05-29,6164
2834,臺企銀,14,0,14,中國信託-文心,2023-05-29,6164
5425,台半,27,13,14,中國信託-文心,2023-05-29,6164
4906,正文,15,2,13,中國信託-文心,2023-05-29,6164
6126,信音,13,0,13,中國信託-文心,2023-05-29,6164
1218,泰山,16,4,12,中國信託-文心,2023-05-29,6164
6156,松上,12,0,12,中國信託-文心,2023-05-29,6164
6550,北極星藥業-KY,14,2,12,中國信託-文心,2023-05-29,6164
00902,中信電池及儲能,11,0,11,中國信託-文心,2023-05-29,6164
2376,技嘉,67,56,11,中國信託-文心,2023-05-29,6164
3033,威健,11,0,11,中國信託-文心,2023-05-29,6164
8463,潤泰材,11,0,11,中國信託-文心,2023-05-29,6164
2204,中華,11,0,11,中國信託-文心,2023-05-29,6164
2388,威盛,21,10,11,中國信託-文心,2023-05-29,6164
3202,樺晟,12,1,11,中國信託-文心,2023-05-29,6164
8410,森田,11,0,11,中國信託-文心,2023-05-29,6164
2484,希華,10,0,10,中國信託-文心,2023-05-29,6164
00753L,中信中國50正2,10,0,10,中國信託-文心,2023-05-29,6164
2618,長榮航,122,112,10,中國信託-文心,2023-05-29,6164
00882,中信中國高股息,138,11,127,中國信託-文心,2023-05-30,6164
00680L,元大美債20正2,114,1,113,中國信託-文心,2023-05-30,6164
2002,中鋼,77,10,67,中國信託-文心,2023-05-30,6164
00878,國泰永續高股息,120,56,64,中國信託-文心,2023-05-30,6164
2324,仁寶,76,13,63,中國信託-文心,2023-05-30,6164
00637L,元大滬深300正2,89,31,58,中國信託-文心,2023-05-30,6164
2356,英業達,109,52,57,中國信託-文心,2023-05-30,6164
00676R,富邦臺灣加權反1,50,5,45,中國信託-文心,2023-05-30,6164
2801,彰銀,48,4,44,中國信託-文心,2023-05-30,6164
0056,元大高股息,92,49,43,中國信託-文心,2023-05-30,6164
2834,臺企銀,41,1,40,中國信託-文心,2023-05-30,6164
4979,華星光,99,59,40,中國信託-文心,2023-05-30,6164
1216,統一,41,1,40,中國信託-文心,2023-05-30,6164
00632R,元大台灣50反1,42,2,40,中國信託-文心,2023-05-30,6164
2382,廣達,57,17,40,中國信託-文心,2023-05-30,6164
5498,凱崴,41,3,38,中國信託-文心,2023-05-30,6164
3481,群創,48,13,35,中國信託-文心,2023-05-30,6164
2883,凱基金,45,11,34,中國信託-文心,2023-05-30,6164
3078,僑威,37,9,28,中國信託-文心,2023-05-30,6164
1218,泰山,28,0,28,中國信託-文心,2023-05-30,6164
00665L,富邦�琤肭磪囓�2,25,0,25,中國信託-文心,2023-05-30,6164
1513,中興電,33,8,25,中國信託-文心,2023-05-30,6164
2888,新光金,33,8,25,中國信託-文心,2023-05-30,6164
00713,元大台灣高息低波,29,5,24,中國信託-文心,2023-05-30,6164
6188,廣明,79,55,24,中國信託-文心,2023-05-30,6164
00688L,國泰20年美債正2,29,6,23,中國信託-文心,2023-05-30,6164
3037,欣興,30,8,22,中國信託-文心,2023-05-30,6164
00900,富邦特選高股息30,34,13,21,中國信託-文心,2023-05-30,6164
2812,台中銀,23,2,21,中國信託-文心,2023-05-30,6164
9907,統一實,22,1,21,中國信託-文心,2023-05-30,6164
5347,世界,21,0,21,中國信託-文心,2023-05-30,6164
3013,晟銘電,40,20,20,中國信託-文心,2023-05-30,6164
00725B,國泰投資級公司債,20,0,20,中國信託-文心,2023-05-30,6164
00679B,元大美債20年,20,0,20,中國信託-文心,2023-05-30,6164
6126,信音,20,0,20,中國信託-文心,2023-05-30,6164
2515,中工,30,11,19,中國信託-文心,2023-05-30,6164
1229,聯華,19,0,19,中國信託-文心,2023-05-30,6164
00902,中信電池及儲能,22,4,18,中國信託-文心,2023-05-30,6164
2409,友達,21,3,18,中國信託-文心,2023-05-30,6164
8410,森田,18,0,18,中國信託-文心,2023-05-30,6164
6288,聯嘉,23,5,18,中國信託-文心,2023-05-30,6164
3532,台勝科,28,11,17,中國信託-文心,2023-05-30,6164
2329,華泰,17,0,17,中國信託-文心,2023-05-30,6164
2228,劍麟,17,0,17,中國信託-文心,2023-05-30,6164
2609,陽明,18,2,16,中國信託-文心,2023-05-30,6164
3058,立德,18,2,16,中國信託-文心,2023-05-30,6164
8059,凱碩,18,2,16,中國信託-文心,2023-05-30,6164
1605,華新,16,0,16,中國信託-文心,2023-05-30,6164
6160,欣技,26,11,15,中國信託-文心,2023-05-30,6164
8076,伍豐,16,1,15,中國信託-文心,2023-05-30,6164
00715L,期街口布蘭特正2,1124,3,1121,中國信託-文心,2023-05-31,6164
00687B,國泰20年美債,156,0,156,中國信託-文心,2023-05-31,6164
00772B,中信高評級公司債,109,0,109,中國信託-文心,2023-05-31,6164
00878,國泰永續高股息,147,44,103,中國信託-文心,2023-05-31,6164
00882,中信中國高股息,105,8,97,中國信託-文心,2023-05-31,6164
00679B,元大美債20年,73,0,73,中國信託-文心,2023-05-31,6164
00900,富邦特選高股息30,77,24,53,中國信託-文心,2023-05-31,6164
2457,飛宏,90,38,52,中國信託-文心,2023-05-31,6164
3231,緯創,162,114,48,中國信託-文心,2023-05-31,6164
1714,和桐,72,24,48,中國信託-文心,2023-05-31,6164
2382,廣達,52,12,40,中國信託-文心,2023-05-31,6164
1103,嘉泥,38,0,38,中國信託-文心,2023-05-31,6164
5351,鈺創,63,31,32,中國信託-文心,2023-05-31,6164
00712,復華富時不動產,31,0,31,中國信託-文心,2023-05-31,6164
2356,英業達,47,16,31,中國信託-文心,2023-05-31,6164
6126,信音,30,0,30,中國信託-文心,2023-05-31,6164
0056,元大高股息,36,7,29,中國信託-文心,2023-05-31,6164
00637L,元大滬深300正2,72,43,29,中國信託-文心,2023-05-31,6164
2723,美食-KY,27,0,27,中國信託-文心,2023-05-31,6164
2883,凱基金,37,11,26,中國信託-文心,2023-05-31,6164
00688L,國泰20年美債正2,25,0,25,中國信託-文心,2023-05-31,6164
3224,三顧,24,0,24,中國信託-文心,2023-05-31,6164
2887,台新金,34,12,22,中國信託-文心,2023-05-31,6164
5347,世界,22,0,22,中國信託-文心,2023-05-31,6164
00642U,期元大S＆P石油,22,0,22,中國信託-文心,2023-05-31,6164
2314,台揚,20,0,20,中國信託-文心,2023-05-31,6164
3037,欣興,44,25,19,中國信託-文心,2023-05-31,6164
2208,台船,20,1,19,中國信託-文心,2023-05-31,6164
4977,眾達-KY,25,7,18,中國信託-文心,2023-05-31,6164
00632R,元大台灣50反1,28,11,17,中國信託-文心,2023-05-31,6164
3591,艾笛森,18,1,17,中國信託-文心,2023-05-31,6164
1101,台泥,26,9,17,中國信託-文心,2023-05-31,6164
2483,百容,16,0,16,中國信託-文心,2023-05-31,6164
3294,英濟,15,0,15,中國信託-文心,2023-05-31,6164
5439,高技,16,1,15,中國信託-文心,2023-05-31,6164
1337,再生-KY,14,0,14,中國信託-文心,2023-05-31,6164
9933,中鼎,13,0,13,中國信託-文心,2023-05-31,6164
2388,威盛,20,7,13,中國信託-文心,2023-05-31,6164
3078,僑威,18,6,12,中國信託-文心,2023-05-31,6164
2748,雲品,18,7,11,中國信託-文心,2023-05-31,6164
2812,台中銀,18,7,11,中國信託-文心,2023-05-31,6164
3481,群創,47,37,10,中國信託-文心,2023-05-31,6164
2615,萬海,10,0,10,中國信託-文心,2023-05-31,6164
4804,大略-KY,10,0,10,中國信託-文心,2023-05-31,6164
2444,兆勁,10,0,10,中國信託-文心,2023-05-31,6164
1618,合機,11,1,10,中國信託-文心,2023-05-31,6164
8176,智捷,10,0,10,中國信託-文心,2023-05-31,6164
00641R,富邦日本反1,10,0,10,中國信託-文心,2023-05-31,6164
6187,萬潤,12,2,10,中國信託-文心,2023-05-31,6164
9105,泰金寶-DR,10,0,10,中國信託-文心,2023-05-31,6164
00715L,期街口布蘭特正2,352,6,346,中國信託-文心,2023-06-01,6164
2515,中工,254,15,239,中國信託-文心,2023-06-01,6164
1314,中石化,158,1,157,中國信託-文心,2023-06-01,6164
2323,中環,167,65,102,中國信託-文心,2023-06-01,6164
2887,台新金,112,14,98,中國信託-文心,2023-06-01,6164
4102,永日,89,3,86,中國信託-文心,2023-06-01,6164
4111,濟生,82,0,82,中國信託-文心,2023-06-01,6164
2303,聯電,84,4,80,中國信託-文心,2023-06-01,6164
1907,永豐餘,123,46,77,中國信託-文心,2023-06-01,6164
6188,廣明,127,65,62,中國信託-文心,2023-06-01,6164
00675L,富邦臺灣加權正2,62,3,59,中國信託-文心,2023-06-01,6164
00632R,元大台灣50反1,62,5,57,中國信託-文心,2023-06-01,6164
2913,農林,65,9,56,中國信託-文心,2023-06-01,6164
4564,元翎,76,22,54,中國信託-文心,2023-06-01,6164
0050,元大台灣50,56,4,52,中國信託-文心,2023-06-01,6164
1605,華新,52,5,47,中國信託-文心,2023-06-01,6164
00720B,元大投資級公司債,53,8,45,中國信託-文心,2023-06-01,6164
00795B,中信美國公債20年,37,0,37,中國信託-文心,2023-06-01,6164
2881,富邦金,41,6,35,中國信託-文心,2023-06-01,6164
6129,普誠,34,1,33,中國信託-文心,2023-06-01,6164
00882,中信中國高股息,32,1,31,中國信託-文心,2023-06-01,6164
1449,佳和,31,0,31,中國信託-文心,2023-06-01,6164
8277,商丞,31,0,31,中國信託-文心,2023-06-01,6164
3046,建��,38,8,30,中國信託-文心,2023-06-01,6164
2610,華航,668,639,29,中國信託-文心,2023-06-01,6164
2489,瑞軒,36,8,28,中國信託-文心,2023-06-01,6164
2882,國泰金,29,2,27,中國信託-文心,2023-06-01,6164
00680L,元大美債20正2,28,1,27,中國信託-文心,2023-06-01,6164
2201,裕隆,50,26,24,中國信託-文心,2023-06-01,6164
2482,連宇,30,6,24,中國信託-文心,2023-06-01,6164
1608,華榮,24,0,24,中國信託-文心,2023-06-01,6164
2603,長榮,28,4,24,中國信託-文心,2023-06-01,6164
3013,晟銘電,80,58,22,中國信託-文心,2023-06-01,6164
5351,鈺創,27,5,22,中國信託-文心,2023-06-01,6164
1218,泰山,33,11,22,中國信託-文心,2023-06-01,6164
00772B,中信高評級公司債,21,0,21,中國信託-文心,2023-06-01,6164
5608,四維航,21,0,21,中國信託-文心,2023-06-01,6164
3576,聯合再生,20,0,20,中國信託-文心,2023-06-01,6164
6443,元晶,19,0,19,中國信託-文心,2023-06-01,6164
8932,智通*,18,0,18,中國信託-文心,2023-06-01,6164
2368,金像電,17,0,17,中國信託-文心,2023-06-01,6164
6414,樺漢,16,0,16,中國信託-文心,2023-06-01,6164
3362,先進光,37,21,16,中國信託-文心,2023-06-01,6164
8086,宏捷科,20,5,15,中國信託-文心,2023-06-01,6164
3047,訊舟,15,0,15,中國信託-文心,2023-06-01,6164
2328,廣宇,40,25,15,中國信託-文心,2023-06-01,6164
2330,台積電,19,5,14,中國信託-文心,2023-06-01,6164
2352,佳世達,17,3,14,中國信託-文心,2023-06-01,6164
5706,鳳凰,64,51,13,中國信託-文心,2023-06-01,6164
8028,昇陽半導體,13,0,13,中國信託-文心,2023-06-01,6164
00632R,元大台灣50反1,333,120,213,中國信託-文心,2023-06-02,6164
1907,永豐餘,189,12,177,中國信託-文心,2023-06-02,6164
00919,群益台灣精選高息,174,2,172,中國信託-文心,2023-06-02,6164
00882,中信中國高股息,172,2,170,中國信託-文心,2023-06-02,6164
4960,誠美材,160,0,160,中國信託-文心,2023-06-02,6164
00885,富邦越南,151,10,141,中國信託-文心,2023-06-02,6164
00712,復華富時不動產,148,15,133,中國信託-文心,2023-06-02,6164
2457,飛宏,145,72,73,中國信託-文心,2023-06-02,6164
8277,商丞,89,21,68,中國信託-文心,2023-06-02,6164
3202,樺晟,70,10,60,中國信託-文心,2023-06-02,6164
2323,中環,148,90,58,中國信託-文心,2023-06-02,6164
1905,華紙,138,91,47,中國信託-文心,2023-06-02,6164
2314,台揚,46,5,41,中國信託-文心,2023-06-02,6164
1449,佳和,39,0,39,中國信託-文心,2023-06-02,6164
2331,精英,45,10,35,中國信託-文心,2023-06-02,6164
3032,偉訓,40,8,32,中國信託-文心,2023-06-02,6164
3363,上詮,46,18,28,中國信託-文心,2023-06-02,6164
1584,精剛,27,0,27,中國信託-文心,2023-06-02,6164
5347,世界,27,2,25,中國信託-文心,2023-06-02,6164
2515,中工,42,18,24,中國信託-文心,2023-06-02,6164
6126,信音,23,0,23,中國信託-文心,2023-06-02,6164
1904,正隆,28,5,23,中國信託-文心,2023-06-02,6164
4968,立積,47,25,22,中國信託-文心,2023-06-02,6164
5328,華容,22,0,22,中國信託-文心,2023-06-02,6164
00713,元大台灣高息低波,45,25,20,中國信託-文心,2023-06-02,6164
00679B,元大美債20年,23,3,20,中國信託-文心,2023-06-02,6164
9907,統一實,20,0,20,中國信託-文心,2023-06-02,6164
2023,燁輝,20,0,20,中國信託-文心,2023-06-02,6164
3321,同泰,20,0,20,中國信託-文心,2023-06-02,6164
3494,誠研,20,0,20,中國信託-文心,2023-06-02,6164
00680L,元大美債20正2,18,0,18,中國信託-文心,2023-06-02,6164
5351,鈺創,19,2,17,中國信託-文心,2023-06-02,6164
2369,菱生,16,0,16,中國信託-文心,2023-06-02,6164
2453,凌群,17,1,16,中國信託-文心,2023-06-02,6164
2201,裕隆,33,17,16,中國信託-文心,2023-06-02,6164
2405,輔信,16,0,16,中國信託-文心,2023-06-02,6164
4123,晟德,16,0,16,中國信託-文心,2023-06-02,6164
2888,新光金,31,15,16,中國信託-文心,2023-06-02,6164
3231,緯創,173,158,15,中國信託-文心,2023-06-02,6164
6156,松上,15,0,15,中國信託-文心,2023-06-02,6164
5225,東科-KY,16,1,15,中國信託-文心,2023-06-02,6164
6535,順藥,19,4,15,中國信託-文心,2023-06-02,6164
5009,榮剛,18,4,14,中國信託-文心,2023-06-02,6164
2371,大同,28,14,14,中國信託-文心,2023-06-02,6164
1611,中電,14,0,14,中國信託-文心,2023-06-02,6164
5355,佳總,14,0,14,中國信託-文心,2023-06-02,6164
6142,友勁,15,1,14,中國信託-文心,2023-06-02,6164
6185,幃翔,33,19,14,中國信託-文心,2023-06-02,6164
3306,鼎天,17,4,13,中國信託-文心,2023-06-02,6164
8210,勤誠,15,2,13,中國信託-文心,2023-06-02,6164
00882,中信中國高股息,148,1,147,中國信託-文心,2023-06-05,6164
2812,台中銀,136,11,125,中國信託-文心,2023-06-05,6164
2353,宏��,136,25,111,中國信託-文心,2023-06-05,6164
00673R,期元大S＆P原油反1,102,10,92,中國信託-文心,2023-06-05,6164
2105,正新,105,18,87,中國信託-文心,2023-06-05,6164
00885,富邦越南,111,26,85,中國信託-文心,2023-06-05,6164
00679B,元大美債20年,83,1,82,中國信託-文心,2023-06-05,6164
00665L,富邦�琤肭磪囓�2,78,9,69,中國信託-文心,2023-06-05,6164
2323,中環,163,105,58,中國信託-文心,2023-06-05,6164
6142,友勁,49,0,49,中國信託-文心,2023-06-05,6164
00712,復華富時不動產,86,42,44,中國信託-文心,2023-06-05,6164
911868,同方友友-DR,44,0,44,中國信託-文心,2023-06-05,6164
00857B,永豐20年美公債,42,0,42,中國信託-文心,2023-06-05,6164
2356,英業達,42,6,36,中國信託-文心,2023-06-05,6164
00772B,中信高評級公司債,36,0,36,中國信託-文心,2023-06-05,6164
1444,力麗,35,1,34,中國信託-文心,2023-06-05,6164
2206,三陽工業,35,8,27,中國信託-文心,2023-06-05,6164
4111,濟生,26,0,26,中國信託-文心,2023-06-05,6164
1409,新纖,26,0,26,中國信託-文心,2023-06-05,6164
2303,聯電,47,21,26,中國信託-文心,2023-06-05,6164
6558,興能高,25,0,25,中國信託-文心,2023-06-05,6164
2734,易飛網,24,0,24,中國信託-文心,2023-06-05,6164
1721,三晃,28,5,23,中國信託-文心,2023-06-05,6164
00919,群益台灣精選高息,24,1,23,中國信託-文心,2023-06-05,6164
5880,合庫金,36,14,22,中國信託-文心,2023-06-05,6164
8112,至上,24,3,21,中國信託-文心,2023-06-05,6164
6125,廣運,52,31,21,中國信託-文心,2023-06-05,6164
8410,森田,65,44,21,中國信託-文心,2023-06-05,6164
00688L,國泰20年美債正2,20,0,20,中國信託-文心,2023-06-05,6164
3711,日月光投控,29,9,20,中國信託-文心,2023-06-05,6164
2603,長榮,24,4,20,中國信託-文心,2023-06-05,6164
6016,康和證,25,6,19,中國信託-文心,2023-06-05,6164
6214,精誠,29,10,19,中國信託-文心,2023-06-05,6164
00720B,元大投資級公司債,30,13,17,中國信託-文心,2023-06-05,6164
1513,中興電,30,13,17,中國信託-文心,2023-06-05,6164
00687B,國泰20年美債,22,5,17,中國信託-文心,2023-06-05,6164
1529,樂事綠能,29,13,16,中國信託-文心,2023-06-05,6164
3094,聯傑,17,1,16,中國信託-文心,2023-06-05,6164
00751B,元大AAA至A公司債,15,0,15,中國信託-文心,2023-06-05,6164
6167,久正,19,5,14,中國信託-文心,2023-06-05,6164
1449,佳和,15,1,14,中國信託-文心,2023-06-05,6164
6191,精成科,15,1,14,中國信託-文心,2023-06-05,6164
3591,艾笛森,24,10,14,中國信託-文心,2023-06-05,6164
8215,明基材,20,7,13,中國信託-文心,2023-06-05,6164
00696B,富邦美債20年,13,0,13,中國信託-文心,2023-06-05,6164
2884,玉山金,16,3,13,中國信託-文心,2023-06-05,6164
2867,三商壽,13,1,12,中國信託-文心,2023-06-05,6164
00795B,中信美國公債20年,12,0,12,中國信託-文心,2023-06-05,6164
2344,華邦電,28,16,12,中國信託-文心,2023-06-05,6164
3228,金麗科,13,1,12,中國信託-文心,2023-06-05,6164
2610,華航,489,188,301,中國信託-文心,2023-06-06,6164
00679B,元大美債20年,305,27,278,中國信託-文心,2023-06-06,6164
00632R,元大台灣50反1,183,0,183,中國信託-文心,2023-06-06,6164
2461,光群雷,210,31,179,中國信託-文心,2023-06-06,6164
1605,華新,200,24,176,中國信託-文心,2023-06-06,6164
6142,友勁,125,0,125,中國信託-文心,2023-06-06,6164
4111,濟生,110,0,110,中國信託-文心,2023-06-06,6164
2402,毅嘉,126,21,105,中國信託-文心,2023-06-06,6164
2303,聯電,115,16,99,中國信託-文心,2023-06-06,6164
00927,群益半導體收益,74,0,74,中國信託-文心,2023-06-06,6164
00919,群益台灣精選高息,68,1,67,中國信託-文心,2023-06-06,6164
6443,元晶,50,3,47,中國信託-文心,2023-06-06,6164
3046,建��,44,2,42,中國信託-文心,2023-06-06,6164
00713,元大台灣高息低波,42,1,41,中國信託-文心,2023-06-06,6164
1529,樂事綠能,52,15,37,中國信託-文心,2023-06-06,6164
1904,正隆,33,1,32,中國信託-文心,2023-06-06,6164
9945,潤泰新,35,5,30,中國信託-文心,2023-06-06,6164
3078,僑威,45,19,26,中國信託-文心,2023-06-06,6164
0056,元大高股息,52,27,25,中國信託-文心,2023-06-06,6164
2867,三商壽,24,0,24,中國信託-文心,2023-06-06,6164
2886,兆豐金,24,0,24,中國信託-文心,2023-06-06,6164
1449,佳和,23,0,23,中國信託-文心,2023-06-06,6164
6116,彩晶,36,14,22,中國信託-文心,2023-06-06,6164
1905,華紙,72,51,21,中國信託-文心,2023-06-06,6164
00878,國泰永續高股息,83,62,21,中國信託-文心,2023-06-06,6164
4977,眾達-KY,21,1,20,中國信託-文心,2023-06-06,6164
4121,優盛,21,1,20,中國信託-文心,2023-06-06,6164
00751B,元大AAA至A公司債,28,10,18,中國信託-文心,2023-06-06,6164
3228,金麗科,18,0,18,中國信託-文心,2023-06-06,6164
8105,凌巨,83,65,18,中國信託-文心,2023-06-06,6164
00795B,中信美國公債20年,17,0,17,中國信託-文心,2023-06-06,6164
8088,品安,17,0,17,中國信託-文心,2023-06-06,6164
6282,康舒,41,24,17,中國信託-文心,2023-06-06,6164
3374,精材,20,4,16,中國信託-文心,2023-06-06,6164
2399,映泰,19,3,16,中國信託-文心,2023-06-06,6164
1514,亞力,44,29,15,中國信託-文心,2023-06-06,6164
3362,先進光,23,8,15,中國信託-文心,2023-06-06,6164
2428,興勤,15,0,15,中國信託-文心,2023-06-06,6164
5258,虹堡,15,0,15,中國信託-文心,2023-06-06,6164
6194,育富,17,2,15,中國信託-文心,2023-06-06,6164
3038,全台,19,4,15,中國信託-文心,2023-06-06,6164
8410,森田,32,18,14,中國信託-文心,2023-06-06,6164
2453,凌群,25,11,14,中國信託-文心,2023-06-06,6164
1513,中興電,31,18,13,中國信託-文心,2023-06-06,6164
3037,欣興,35,21,14,中國信託-文心,2023-06-06,6164
2706,第一店,22,9,13,中國信託-文心,2023-06-06,6164
00680L,元大美債20正2,13,0,13,中國信託-文心,2023-06-06,6164
6789,采鈺,16,3,13,中國信託-文心,2023-06-06,6164
3035,智原,13,0,13,中國信託-文心,2023-06-06,6164
3707,漢磊,12,0,12,中國信託-文心,2023-06-06,6164
1504,東元,428,36,392,中國信託-文心,2023-06-07,6164
1907,永豐餘,212,6,206,中國信託-文心,2023-06-07,6164
00882,中信中國高股息,132,9,123,中國信託-文心,2023-06-07,6164
2885,元大金,102,9,93,中國信託-文心,2023-06-07,6164
1460,宏遠,110,22,88,中國信託-文心,2023-06-07,6164
6125,廣運,95,17,78,中國信託-文心,2023-06-07,6164
00712,復華富時不動產,76,0,76,中國信託-文心,2023-06-07,6164
6160,欣技,59,1,58,中國信託-文心,2023-06-07,6164
3591,艾笛森,75,19,56,中國信託-文心,2023-06-07,6164
3494,誠研,40,0,40,中國信託-文心,2023-06-07,6164
4111,濟生,39,1,38,中國信託-文心,2023-06-07,6164
2002,中鋼,42,5,37,中國信託-文心,2023-06-07,6164
00919,群益台灣精選高息,34,0,34,中國信託-文心,2023-06-07,6164
2515,中工,41,8,33,中國信託-文心,2023-06-07,6164
2323,中環,80,48,32,中國信託-文心,2023-06-07,6164
2486,一詮,41,10,31,中國信託-文心,2023-06-07,6164
8076,伍豐,42,11,31,中國信託-文心,2023-06-07,6164
6282,康舒,56,27,29,中國信託-文心,2023-06-07,6164
6139,亞翔,29,1,28,中國信託-文心,2023-06-07,6164
00637L,元大滬深300正2,39,12,27,中國信託-文心,2023-06-07,6164
2317,鴻海,33,9,24,中國信託-文心,2023-06-07,6164
2353,宏��,30,7,23,中國信託-文心,2023-06-07,6164
2457,飛宏,52,29,23,中國信託-文心,2023-06-07,6164
2365,昆盈,22,0,22,中國信託-文心,2023-06-07,6164
8926,台汽電,23,1,22,中國信託-文心,2023-06-07,6164
2409,友達,29,9,20,中國信託-文心,2023-06-07,6164
1815,富喬,22,2,20,中國信託-文心,2023-06-07,6164
2344,華邦電,30,10,20,中國信託-文心,2023-06-07,6164
2367,燿華,20,0,20,中國信託-文心,2023-06-07,6164
9933,中鼎,20,0,20,中國信託-文心,2023-06-07,6164
2211,長榮鋼,20,1,19,中國信託-文心,2023-06-07,6164
6285,啟��,25,6,19,中國信託-文心,2023-06-07,6164
00927,群益半導體收益,18,0,18,中國信託-文心,2023-06-07,6164
5243,乙盛-KY,17,1,16,中國信託-文心,2023-06-07,6164
5284,jpp-KY,20,5,15,中國信託-文心,2023-06-07,6164
2206,三陽工業,62,47,15,中國信託-文心,2023-06-07,6164
2498,宏達電,16,2,14,中國信託-文心,2023-06-07,6164
8215,明基材,19,5,14,中國信託-文心,2023-06-07,6164
2731,雄獅,48,34,14,中國信託-文心,2023-06-07,6164
3413,京鼎,14,0,14,中國信託-文心,2023-06-07,6164
2421,建準,26,13,13,中國信託-文心,2023-06-07,6164
6245,立端,13,0,13,中國信託-文心,2023-06-07,6164
5706,鳳凰,94,81,13,中國信託-文心,2023-06-07,6164
1515,力山,12,0,12,中國信託-文心,2023-06-07,6164
5324,士開,12,0,12,中國信託-文心,2023-06-07,6164
00665L,富邦�琤肭磪囓�2,23,11,12,中國信託-文心,2023-06-07,6164
2442,新美齊,13,2,11,中國信託-文心,2023-06-07,6164
1218,泰山,10,0,10,中國信託-文心,2023-06-07,6164
3630,新鉅科,16,6,10,中國信託-文心,2023-06-07,6164
2371,大同,14,4,10,中國信託-文心,2023-06-07,6164
1609,大亞,407,189,218,中國信託-文心,2023-06-08,6164
2515,中工,213,50,163,中國信託-文心,2023-06-08,6164
2337,旺宏,133,4,129,中國信託-文心,2023-06-08,6164
00679B,元大美債20年,127,5,122,中國信託-文心,2023-06-08,6164
00632R,元大台灣50反1,136,22,114,中國信託-文心,2023-06-08,6164
00706L,期元大S＆P日圓正2,102,0,102,中國信託-文心,2023-06-08,6164
2887,台新金,109,9,100,中國信託-文心,2023-06-08,6164
00919,群益台灣精選高息,96,0,96,中國信託-文心,2023-06-08,6164
00772B,中信高評級公司債,88,5,83,中國信託-文心,2023-06-08,6164
2323,中環,267,198,69,中國信託-文心,2023-06-08,6164
00720B,元大投資級公司債,65,0,65,中國信託-文心,2023-06-08,6164
00885,富邦越南,65,0,65,中國信託-文心,2023-06-08,6164
2888,新光金,74,18,56,中國信託-文心,2023-06-08,6164
2457,飛宏,76,23,53,中國信託-文心,2023-06-08,6164
0056,元大高股息,70,22,48,中國信託-文心,2023-06-08,6164
2344,華邦電,51,13,38,中國信託-文心,2023-06-08,6164
2851,中再保,37,0,37,中國信託-文心,2023-06-08,6164
5512,力麒,56,21,35,中國信託-文心,2023-06-08,6164
00795B,中信美國公債20年,33,0,33,中國信託-文心,2023-06-08,6164
2882,國泰金,30,0,30,中國信託-文心,2023-06-08,6164
2302,麗正,30,1,29,中國信託-文心,2023-06-08,6164
2376,技嘉,31,3,28,中國信託-文心,2023-06-08,6164
4123,晟德,34,6,28,中國信託-文心,2023-06-08,6164
4533,協易機,70,42,28,中國信託-文心,2023-06-08,6164
00688L,國泰20年美債正2,27,0,27,中國信託-文心,2023-06-08,6164
1605,華新,29,6,23,中國信託-文心,2023-06-08,6164
1524,耿鼎,46,23,23,中國信託-文心,2023-06-08,6164
00687B,國泰20年美債,23,0,23,中國信託-文心,2023-06-08,6164
2371,大同,28,5,23,中國信託-文心,2023-06-08,6164
2705,六福,27,4,23,中國信託-文心,2023-06-08,6164
1504,東元,30,7,23,中國信託-文心,2023-06-08,6164
00773B,中信優先金融債,23,0,23,中國信託-文心,2023-06-08,6164
00751B,元大AAA至A公司債,22,0,22,中國信託-文心,2023-06-08,6164
6248,沛波,21,0,21,中國信託-文心,2023-06-08,6164
1618,合機,33,12,21,中國信託-文心,2023-06-08,6164
1319,東陽,21,1,20,中國信託-文心,2023-06-08,6164
911868,同方友友-DR,20,0,20,中國信託-文心,2023-06-08,6164
1591,駿吉-KY,19,0,19,中國信託-文心,2023-06-08,6164
1701,中化,20,1,19,中國信託-文心,2023-06-08,6164
8932,智通*,18,0,18,中國信託-文心,2023-06-08,6164
6282,康舒,43,25,18,中國信託-文心,2023-06-08,6164
6125,廣運,34,17,17,中國信託-文心,2023-06-08,6164
5608,四維航,21,4,17,中國信託-文心,2023-06-08,6164
9945,潤泰新,20,3,17,中國信託-文心,2023-06-08,6164
4426,利勤,19,2,17,中國信託-文心,2023-06-08,6164
3017,奇鋐,19,3,16,中國信託-文心,2023-06-08,6164
6216,居易,16,0,16,中國信託-文心,2023-06-08,6164
1449,佳和,16,0,16,中國信託-文心,2023-06-08,6164
00888,永豐台灣ESG,16,0,16,中國信託-文心,2023-06-08,6164
1720,生達,17,2,15,中國信託-文心,2023-06-08,6164
00929,復華台灣科技優息,296,1,295,中國信託-文心,2023-06-09,6164
2888,新光金,237,101,136,中國信託-文心,2023-06-09,6164
00878,國泰永續高股息,301,165,136,中國信託-文心,2023-06-09,6164
5512,力麒,102,0,102,中國信託-文心,2023-06-09,6164
00712,復華富時不動產,129,30,99,中國信託-文心,2023-06-09,6164
6668,中揚光,100,6,94,中國信託-文心,2023-06-09,6164
00632R,元大台灣50反1,114,21,93,中國信託-文心,2023-06-09,6164
1449,佳和,80,0,80,中國信託-文心,2023-06-09,6164
00857B,永豐20年美公債,76,0,76,中國信託-文心,2023-06-09,6164
4554,橙的,75,2,73,中國信託-文心,2023-06-09,6164
3481,群創,76,4,72,中國信託-文心,2023-06-09,6164
00772B,中信高評級公司債,66,1,65,中國信託-文心,2023-06-09,6164
2515,中工,72,9,63,中國信託-文心,2023-06-09,6164
2344,華邦電,62,8,54,中國信託-文心,2023-06-09,6164
1515,力山,53,0,53,中國信託-文心,2023-06-09,6164
00919,群益台灣精選高息,53,1,52,中國信託-文心,2023-06-09,6164
1504,東元,53,5,48,中國信託-文心,2023-06-09,6164
2409,友達,49,1,48,中國信託-文心,2023-06-09,6164
3013,晟銘電,50,9,41,中國信託-文心,2023-06-09,6164
1609,大亞,114,75,39,中國信託-文心,2023-06-09,6164
2614,東森,37,0,37,中國信託-文心,2023-06-09,6164
5469,瀚宇博,43,6,37,中國信託-文心,2023-06-09,6164
2882,國泰金,34,0,34,中國信託-文心,2023-06-09,6164
911868,同方友友-DR,30,0,30,中國信託-文心,2023-06-09,6164
00688L,國泰20年美債正2,30,0,30,中國信託-文心,2023-06-09,6164
00773B,中信優先金融債,30,2,28,中國信託-文心,2023-06-09,6164
2812,台中銀,28,0,28,中國信託-文心,2023-06-09,6164
5531,鄉林,30,2,28,中國信託-文心,2023-06-09,6164
1802,台玻,27,0,27,中國信託-文心,2023-06-09,6164
2609,陽明,35,8,27,中國信託-文心,2023-06-09,6164
2352,佳世達,60,33,27,中國信託-文心,2023-06-09,6164
00881,國泰台灣5G+,26,4,22,中國信託-文心,2023-06-09,6164
8076,伍豐,31,9,22,中國信託-文心,2023-06-09,6164
9907,統一實,20,0,20,中國信託-文心,2023-06-09,6164
3483,力致,21,1,20,中國信託-文心,2023-06-09,6164
6152,百一,30,10,20,中國信託-文心,2023-06-09,6164
0055,元大MSCI金融,20,0,20,中國信託-文心,2023-06-09,6164
1618,合機,24,7,17,中國信託-文心,2023-06-09,6164
2867,三商壽,25,8,17,中國信託-文心,2023-06-09,6164
6126,信音,17,0,17,中國信託-文心,2023-06-09,6164
2457,飛宏,79,62,17,中國信託-文心,2023-06-09,6164
00665L,富邦�琤肭磪囓�2,21,4,17,中國信託-文心,2023-06-09,6164
8215,明基材,19,3,16,中國信託-文心,2023-06-09,6164
2461,光群雷,15,0,15,中國信託-文心,2023-06-09,6164
8932,智通*,15,0,15,中國信託-文心,2023-06-09,6164
4207,環泰,15,0,15,中國信託-文心,2023-06-09,6164
1809,中釉,15,0,15,中國信託-文心,2023-06-09,6164
5533,皇鼎,15,0,15,中國信託-文心,2023-06-09,6164
00715L,期街口布蘭特正2,30,15,15,中國信託-文心,2023-06-09,6164
3252,海灣,16,1,15,中國信託-文心,2023-06-09,6164
00712,復華富時不動產,347,29,318,中國信託-文心,2023-06-12,6164
00929,復華台灣科技優息,217,0,217,中國信託-文心,2023-06-12,6164
00715L,期街口布蘭特正2,139,0,139,中國信託-文心,2023-06-12,6164
2618,長榮航,238,127,111,中國信託-文心,2023-06-12,6164
00881,國泰台灣5G+,113,17,96,中國信託-文心,2023-06-12,6164
00740B,富邦全球投等債,77,0,77,中國信託-文心,2023-06-12,6164
2888,新光金,302,231,71,中國信託-文心,2023-06-12,6164
00675L,富邦臺灣加權正2,68,0,68,中國信託-文心,2023-06-12,6164
00878,國泰永續高股息,122,59,63,中國信託-文心,2023-06-12,6164
00919,群益台灣精選高息,75,11,64,中國信託-文心,2023-06-12,6164
6125,廣運,82,19,63,中國信託-文心,2023-06-12,6164
3032,偉訓,57,9,48,中國信託-文心,2023-06-12,6164
00772B,中信高評級公司債,62,19,43,中國信託-文心,2023-06-12,6164
3033,威健,44,6,38,中國信託-文心,2023-06-12,6164
1789,神隆,38,0,38,中國信託-文心,2023-06-12,6164
2356,英業達,54,17,37,中國信託-文心,2023-06-12,6164
2515,中工,92,55,37,中國信託-文心,2023-06-12,6164
3047,訊舟,36,0,36,中國信託-文心,2023-06-12,6164
2382,廣達,76,41,35,中國信託-文心,2023-06-12,6164
00773B,中信優先金融債,51,16,35,中國信託-文心,2023-06-12,6164
3576,聯合再生,42,8,34,中國信託-文心,2023-06-12,6164
1608,華榮,40,6,34,中國信託-文心,2023-06-12,6164
8410,森田,43,11,32,中國信託-文心,2023-06-12,6164
3231,緯創,141,111,30,中國信託-文心,2023-06-12,6164
1449,佳和,30,0,30,中國信託-文心,2023-06-12,6164
1802,台玻,30,0,30,中國信託-文心,2023-06-12,6164
00688L,國泰20年美債正2,30,0,30,中國信託-文心,2023-06-12,6164
00632R,元大台灣50反1,114,87,27,中國信託-文心,2023-06-12,6164
2882,國泰金,28,1,27,中國信託-文心,2023-06-12,6164
2376,技嘉,104,78,26,中國信託-文心,2023-06-12,6164
5531,鄉林,26,0,26,中國信託-文心,2023-06-12,6164
2482,連宇,39,13,26,中國信託-文心,2023-06-12,6164
8034,榮群,106,81,25,中國信託-文心,2023-06-12,6164
5465,富驊,46,21,25,中國信託-文心,2023-06-12,6164
1440,南紡,25,0,25,中國信託-文心,2023-06-12,6164
2344,華邦電,59,35,24,中國信託-文心,2023-06-12,6164
00857B,永豐20年美公債,24,0,24,中國信託-文心,2023-06-12,6164
2634,漢翔,37,15,22,中國信託-文心,2023-06-12,6164
3062,建漢,22,0,22,中國信託-文心,2023-06-12,6164
5439,高技,38,17,21,中國信託-文心,2023-06-12,6164
2883,凱基金,25,4,21,中國信託-文心,2023-06-12,6164
4111,濟生,20,0,20,中國信託-文心,2023-06-12,6164
5225,東科-KY,20,0,20,中國信託-文心,2023-06-12,6164
6126,信音,20,0,20,中國信託-文心,2023-06-12,6164
1701,中化,20,0,20,中國信託-文心,2023-06-12,6164
1598,岱宇,20,0,20,中國信託-文心,2023-06-12,6164
3264,欣銓,25,5,20,中國信託-文心,2023-06-12,6164
1605,華新,26,6,20,中國信託-文心,2023-06-12,6164
2457,飛宏,44,25,19,中國信託-文心,2023-06-12,6164
8076,伍豐,44,25,19,中國信託-文心,2023-06-12,6164
00715L,期街口布蘭特正2,1423,0,1423,中國信託-文心,2023-06-13,6164
9941A,裕融甲特,363,0,363,中國信託-文心,2023-06-13,6164
00885,富邦越南,203,5,198,中國信託-文心,2023-06-13,6164
00895,富邦未來車,201,26,175,中國信託-文心,2023-06-13,6164
00712,復華富時不動產,164,5,159,中國信託-文心,2023-06-13,6164
6015,宏遠證,145,2,143,中國信託-文心,2023-06-13,6164
9945,潤泰新,65,1,64,中國信託-文心,2023-06-13,6164
2834,臺企銀,72,11,61,中國信託-文心,2023-06-13,6164
3013,晟銘電,71,12,59,中國信託-文心,2023-06-13,6164
00919,群益台灣精選高息,47,1,46,中國信託-文心,2023-06-13,6164
00882,中信中國高股息,45,2,43,中國信託-文心,2023-06-13,6164
8926,台汽電,84,41,43,中國信託-文心,2023-06-13,6164
2401,凌陽,54,14,40,中國信託-文心,2023-06-13,6164
00929,復華台灣科技優息,46,7,39,中國信託-文心,2023-06-13,6164
00665L,富邦�琤肭磪囓�2,42,4,38,中國信託-文心,2023-06-13,6164
3264,欣銓,43,5,38,中國信託-文心,2023-06-13,6164
2885,元大金,34,0,34,中國信託-文心,2023-06-13,6164
00642U,期元大S＆P石油,30,0,30,中國信託-文心,2023-06-13,6164
3515,華擎,43,13,30,中國信託-文心,2023-06-13,6164
0056,元大高股息,60,32,28,中國信託-文心,2023-06-13,6164
2610,華航,70,42,28,中國信託-文心,2023-06-13,6164
3032,偉訓,45,19,26,中國信託-文心,2023-06-13,6164
6148,驊宏資,38,12,26,中國信託-文心,2023-06-13,6164
00740B,富邦全球投等債,25,0,25,中國信託-文心,2023-06-13,6164
5425,台半,28,4,24,中國信託-文心,2023-06-13,6164
2376,技嘉,29,6,23,中國信託-文心,2023-06-13,6164
3588,通嘉,22,0,22,中國信託-文心,2023-06-13,6164
2705,六福,33,12,21,中國信託-文心,2023-06-13,6164
1810,和成,23,2,21,中國信託-文心,2023-06-13,6164
2027,大成鋼,28,7,21,中國信託-文心,2023-06-13,6164
6116,彩晶,23,2,21,中國信託-文心,2023-06-13,6164
8249,菱光,20,0,20,中國信託-文心,2023-06-13,6164
4931,新盛力,20,0,20,中國信託-文心,2023-06-13,6164
2903,遠百,20,0,20,中國信託-文心,2023-06-13,6164
5439,高技,20,1,19,中國信託-文心,2023-06-13,6164
2887,台新金,25,8,17,中國信託-文心,2023-06-13,6164
2002,中鋼,22,5,17,中國信託-文心,2023-06-13,6164
2890,永豐金,17,0,17,中國信託-文心,2023-06-13,6164
2323,中環,90,73,17,中國信託-文心,2023-06-13,6164
2891,中信金,17,1,16,中國信託-文心,2023-06-13,6164
6196,帆宣,30,14,16,中國信託-文心,2023-06-13,6164
6140,訊達,15,0,15,中國信託-文心,2023-06-13,6164
00670L,富邦NASDAQ正2,15,0,15,中國信託-文心,2023-06-13,6164
1101,台泥,15,1,14,中國信託-文心,2023-06-13,6164
00706L,期元大S＆P日圓正2,14,0,14,中國信託-文心,2023-06-13,6164
2731,雄獅,21,8,13,中國信託-文心,2023-06-13,6164
3481,群創,13,0,13,中國信託-文心,2023-06-13,6164
6117,迎廣,13,0,13,中國信託-文心,2023-06-13,6164
4108,懷特,12,0,12,中國信託-文心,2023-06-13,6164
6535,順藥,13,1,12,中國信託-文心,2023-06-13,6164
6015,宏遠證,195,0,195,中國信託-文心,2023-06-14,6164
00712,復華富時不動產,218,36,182,中國信託-文心,2023-06-14,6164
1802,台玻,129,0,129,中國信託-文心,2023-06-14,6164
00688L,國泰20年美債正2,125,0,125,中國信託-文心,2023-06-14,6164
00885,富邦越南,104,23,81,中國信託-文心,2023-06-14,6164
2356,英業達,229,159,70,中國信託-文心,2023-06-14,6164
00772B,中信高評級公司債,78,10,68,中國信託-文心,2023-06-14,6164
00687B,國泰20年美債,59,0,59,中國信託-文心,2023-06-14,6164
00882,中信中國高股息,54,1,53,中國信託-文心,2023-06-14,6164
00773B,中信優先金融債,52,0,52,中國信託-文心,2023-06-14,6164
2515,中工,49,0,49,中國信託-文心,2023-06-14,6164
00919,群益台灣精選高息,95,47,48,中國信託-文心,2023-06-14,6164
3027,盛達,46,4,42,中國信託-文心,2023-06-14,6164
1712,興農,40,0,40,中國信託-文心,2023-06-14,6164
00642U,期元大S＆P石油,41,1,40,中國信託-文心,2023-06-14,6164
2352,佳世達,43,12,31,中國信託-文心,2023-06-14,6164
4755,三福化,44,13,31,中國信託-文心,2023-06-14,6164
00679B,元大美債20年,34,4,30,中國信託-文心,2023-06-14,6164
00929,復華台灣科技優息,28,0,28,中國信託-文心,2023-06-14,6164
6125,廣運,53,26,27,中國信託-文心,2023-06-14,6164
00632R,元大台灣50反1,46,20,26,中國信託-文心,2023-06-14,6164
3019,亞光,32,7,25,中國信託-文心,2023-06-14,6164
4533,協易機,47,23,24,中國信託-文心,2023-06-14,6164
2382,廣達,33,11,22,中國信託-文心,2023-06-14,6164
3711,日月光投控,24,2,22,中國信託-文心,2023-06-14,6164
1710,東聯,22,1,21,中國信託-文心,2023-06-14,6164
2492,華新科,21,1,20,中國信託-文心,2023-06-14,6164
2371,大同,27,7,20,中國信託-文心,2023-06-14,6164
2405,輔信,23,4,19,中國信託-文心,2023-06-14,6164
0056,元大高股息,38,19,19,中國信託-文心,2023-06-14,6164
2482,連宇,74,56,18,中國信託-文心,2023-06-14,6164
6741,91APP*-KY,20,2,18,中國信託-文心,2023-06-14,6164
5306,桂盟,17,0,17,中國信託-文心,2023-06-14,6164
6485,點序,17,0,17,中國信託-文心,2023-06-14,6164
2201,裕隆,18,3,15,中國信託-文心,2023-06-14,6164
1752,南光,15,0,15,中國信託-文心,2023-06-14,6164
00720B,元大投資級公司債,14,0,14,中國信託-文心,2023-06-14,6164
2912,統一超,14,0,14,中國信託-文心,2023-06-14,6164
3264,欣銓,25,11,14,中國信託-文心,2023-06-14,6164
2884,玉山金,23,9,14,中國信託-文心,2023-06-14,6164
2633,台灣高鐵,14,1,13,中國信託-文心,2023-06-14,6164
5608,四維航,15,2,13,中國信託-文心,2023-06-14,6164
00643,群益深証中小,13,0,13,中國信託-文心,2023-06-14,6164
00751B,元大AAA至A公司債,13,0,13,中國信託-文心,2023-06-14,6164
3444,利機,16,3,13,中國信託-文心,2023-06-14,6164
2228,劍麟,13,1,12,中國信託-文心,2023-06-14,6164
8916,光隆,13,1,12,中國信託-文心,2023-06-14,6164
2377,微星,12,0,12,中國信託-文心,2023-06-14,6164
1504,東元,16,4,12,中國信託-文心,2023-06-14,6164
1522,堤維西,93,81,12,中國信託-文心,2023-06-14,6164
2105,正新,497,0,497,中國信託-文心,2023-06-15,6164
2618,長榮航,339,215,124,中國信託-文心,2023-06-15,6164
00706L,期元大S＆P日圓正2,113,0,113,中國信託-文心,2023-06-15,6164
2515,中工,111,7,104,中國信託-文心,2023-06-15,6164
00919,群益台灣精選高息,99,20,79,中國信託-文心,2023-06-15,6164
2324,仁寶,82,6,76,中國信託-文心,2023-06-15,6164
00632R,元大台灣50反1,207,139,68,中國信託-文心,2023-06-15,6164
2409,友達,102,34,68,中國信託-文心,2023-06-15,6164
2002,中鋼,64,10,54,中國信託-文心,2023-06-15,6164
2867,三商壽,51,0,51,中國信託-文心,2023-06-15,6164
5465,富驊,64,18,46,中國信託-文心,2023-06-15,6164
6485,點序,45,1,44,中國信託-文心,2023-06-15,6164
2401,凌陽,133,90,43,中國信託-文心,2023-06-15,6164
1504,東元,53,18,35,中國信託-文心,2023-06-15,6164
2457,飛宏,40,7,33,中國信託-文心,2023-06-15,6164
2705,六福,35,2,33,中國信託-文心,2023-06-15,6164
3078,僑威,41,10,31,中國信託-文心,2023-06-15,6164
3231,緯創,161,131,30,中國信託-文心,2023-06-15,6164
2201,裕隆,34,4,30,中國信託-文心,2023-06-15,6164
2641,正德,30,0,30,中國信託-文心,2023-06-15,6164
00679B,元大美債20年,34,5,29,中國信託-文心,2023-06-15,6164
1802,台玻,31,2,29,中國信託-文心,2023-06-15,6164
8069,元太,30,2,28,中國信託-文心,2023-06-15,6164
4402,郡都開發,28,0,28,中國信託-文心,2023-06-15,6164
2611,志信,26,0,26,中國信託-文心,2023-06-15,6164
2908,特力,25,0,25,中國信託-文心,2023-06-15,6164
2633,台灣高鐵,25,0,25,中國信託-文心,2023-06-15,6164
2317,鴻海,29,5,24,中國信託-文心,2023-06-15,6164
9939,宏全,24,2,22,中國信託-文心,2023-06-15,6164
2834,臺企銀,31,9,22,中國信託-文心,2023-06-15,6164
3055,蔚華科,26,5,21,中國信託-文心,2023-06-15,6164
2453,凌群,55,34,21,中國信託-文心,2023-06-15,6164
2506,太設,20,0,20,中國信託-文心,2023-06-15,6164
5426,振發,20,0,20,中國信託-文心,2023-06-15,6164
3260,威剛,25,5,20,中國信託-文心,2023-06-15,6164
6456,GIS-KY,21,1,20,中國信託-文心,2023-06-15,6164
2030,彰源,20,0,20,中國信託-文心,2023-06-15,6164
00773B,中信優先金融債,19,0,19,中國信託-文心,2023-06-15,6164
3306,鼎天,20,2,18,中國信託-文心,2023-06-15,6164
1515,力山,20,2,18,中國信託-文心,2023-06-15,6164
3346,麗清,29,13,16,中國信託-文心,2023-06-15,6164
3022,威強電,26,11,15,中國信託-文心,2023-06-15,6164
3163,波若威,24,9,15,中國信託-文心,2023-06-15,6164
4979,華星光,27,12,15,中國信託-文心,2023-06-15,6164
2399,映泰,61,47,14,中國信託-文心,2023-06-15,6164
9904,寶成,14,0,14,中國信託-文心,2023-06-15,6164
8446,華研,13,1,12,中國信託-文心,2023-06-15,6164
00929,復華台灣科技優息,13,1,12,中國信託-文心,2023-06-15,6164
2812,台中銀,21,9,12,中國信託-文心,2023-06-15,6164
00751B,元大AAA至A公司債,12,0,12,中國信託-文心,2023-06-15,6164
2610,華航,1745,1096,649,中國信託-文心,2023-06-16,6164
00632R,元大台灣50反1,231,70,161,中國信託-文心,2023-06-16,6164
00712,復華富時不動產,141,16,125,中國信託-文心,2023-06-16,6164
6015,宏遠證,122,0,122,中國信託-文心,2023-06-16,6164
00919,群益台灣精選高息,130,11,119,中國信託-文心,2023-06-16,6164
2303,聯電,142,23,119,中國信託-文心,2023-06-16,6164
1529,樂事綠能,113,31,82,中國信託-文心,2023-06-16,6164
1810,和成,70,8,62,中國信託-文心,2023-06-16,6164
8926,台汽電,86,27,59,中國信託-文心,2023-06-16,6164
2201,裕隆,74,19,55,中國信託-文心,2023-06-16,6164
00713,元大台灣高息低波,60,7,53,中國信託-文心,2023-06-16,6164
2427,三商電,53,3,50,中國信託-文心,2023-06-16,6164
2332,友訊,60,11,49,中國信託-文心,2023-06-16,6164
1504,東元,68,24,44,中國信託-文心,2023-06-16,6164
8050,廣積,41,2,39,中國信託-文心,2023-06-16,6164
00900,富邦特選高股息30,49,11,38,中國信託-文心,2023-06-16,6164
6182,合晶,47,13,34,中國信託-文心,2023-06-16,6164
2486,一詮,33,1,32,中國信託-文心,2023-06-16,6164
1609,大亞,95,63,32,中國信託-文心,2023-06-16,6164
2323,中環,145,114,31,中國信託-文心,2023-06-16,6164
9802,鈺齊-KY,37,6,31,中國信託-文心,2023-06-16,6164
6282,康舒,40,10,30,中國信託-文心,2023-06-16,6164
2301,光寶科,45,16,29,中國信託-文心,2023-06-16,6164
3665,貿聯-KY,30,2,28,中國信託-文心,2023-06-16,6164
4938,和碩,39,11,28,中國信託-文心,2023-06-16,6164
2891,中信金,29,3,26,中國信託-文心,2023-06-16,6164
3481,群創,42,15,27,中國信託-文心,2023-06-16,6164
2308,台達電,31,9,22,中國信託-文心,2023-06-16,6164
2457,飛宏,46,24,22,中國信託-文心,2023-06-16,6164
1608,華榮,23,1,22,中國信託-文心,2023-06-16,6164
00683L,期元大美元指正2,22,0,22,中國信託-文心,2023-06-16,6164
2312,金寶,37,15,22,中國信託-文心,2023-06-16,6164
00882,中信中國高股息,26,5,21,中國信託-文心,2023-06-16,6164
00706L,期元大S＆P日圓正2,21,0,21,中國信託-文心,2023-06-16,6164
2324,仁寶,94,73,21,中國信託-文心,2023-06-16,6164
2834,臺企銀,23,3,20,中國信託-文心,2023-06-16,6164
1815,富喬,53,33,20,中國信託-文心,2023-06-16,6164
1611,中電,22,4,18,中國信託-文心,2023-06-16,6164
5443,均豪,18,0,18,中國信託-文心,2023-06-16,6164
6770,力積電,28,10,18,中國信託-文心,2023-06-16,6164
2890,永豐金,18,0,18,中國信託-文心,2023-06-16,6164
6215,和椿,17,0,17,中國信託-文心,2023-06-16,6164
00710B,復華彭博非投等債,16,0,16,中國信託-文心,2023-06-16,6164
2204,中華,16,0,16,中國信託-文心,2023-06-16,6164
6576,逸達,16,0,16,中國信託-文心,2023-06-16,6164
2382,廣達,37,21,16,中國信託-文心,2023-06-16,6164
00929,復華台灣科技優息,16,1,15,中國信託-文心,2023-06-16,6164
4743,合一,25,11,14,中國信託-文心,2023-06-16,6164
6288,聯嘉,18,4,14,中國信託-文心,2023-06-16,6164
2344,華邦電,74,61,13,中國信託-文心,2023-06-16,6164
00673R,期元大S＆P原油反1,1161,0,1161,中國信託-文心,2023-06-19,6164
00921,兆豐龍頭等權重,235,0,235,中國信託-文心,2023-06-19,6164
00712,復華富時不動產,300,75,225,中國信託-文心,2023-06-19,6164
2515,中工,146,0,146,中國信託-文心,2023-06-19,6164
6120,達運,192,60,132,中國信託-文心,2023-06-19,6164
00882,中信中國高股息,107,5,102,中國信託-文心,2023-06-19,6164
6116,彩晶,138,59,79,中國信託-文心,2023-06-19,6164
2324,仁寶,124,59,65,中國信託-文心,2023-06-19,6164
6015,宏遠證,61,0,61,中國信託-文心,2023-06-19,6164
2618,長榮航,150,96,54,中國信託-文心,2023-06-19,6164
6244,茂迪,55,1,54,中國信託-文心,2023-06-19,6164
2105,正新,54,1,53,中國信託-文心,2023-06-19,6164
2104,國際中橡,50,4,46,中國信託-文心,2023-06-19,6164
3706,神達,67,23,44,中國信託-文心,2023-06-19,6164
2312,金寶,182,138,44,中國信託-文心,2023-06-19,6164
00929,復華台灣科技優息,52,14,38,中國信託-文心,2023-06-19,6164
2884,玉山金,48,11,37,中國信託-文心,2023-06-19,6164
00632R,元大台灣50反1,42,7,35,中國信託-文心,2023-06-19,6164
2887,台新金,41,7,34,中國信託-文心,2023-06-19,6164
6770,力積電,34,3,31,中國信託-文心,2023-06-19,6164
2511,太子,60,30,30,中國信託-文心,2023-06-19,6164
1301,台塑,32,2,30,中國信託-文心,2023-06-19,6164
2609,陽明,72,43,29,中國信託-文心,2023-06-19,6164
2881,富邦金,45,17,28,中國信託-文心,2023-06-19,6164
00857B,永豐20年美公債,26,0,26,中國信託-文心,2023-06-19,6164
2353,宏��,49,23,26,中國信託-文心,2023-06-19,6164
3294,英濟,25,0,25,中國信託-文心,2023-06-19,6164
00665L,富邦�琤肭磪囓�2,25,0,25,中國信託-文心,2023-06-19,6164
2812,台中銀,24,0,24,中國信託-文心,2023-06-19,6164
1802,台玻,69,46,23,中國信託-文心,2023-06-19,6164
1528,恩德,54,31,23,中國信託-文心,2023-06-19,6164
1605,華新,24,1,23,中國信託-文心,2023-06-19,6164
1815,富喬,32,10,22,中國信託-文心,2023-06-19,6164
2867,三商壽,21,0,21,中國信託-文心,2023-06-19,6164
1907,永豐餘,59,38,21,中國信託-文心,2023-06-19,6164
8454,富邦媒,20,0,20,中國信託-文心,2023-06-19,6164
1514,亞力,30,10,20,中國信託-文心,2023-06-19,6164
6578,達邦蛋白,20,0,20,中國信託-文心,2023-06-19,6164
2603,長榮,29,9,20,中國信託-文心,2023-06-19,6164
2332,友訊,18,0,18,中國信託-文心,2023-06-19,6164
2809,京城銀,20,2,18,中國信託-文心,2023-06-19,6164
2610,華航,550,532,18,中國信託-文心,2023-06-19,6164
2206,三陽工業,30,12,18,中國信託-文心,2023-06-19,6164
00687B,國泰20年美債,44,27,17,中國信託-文心,2023-06-19,6164
3552,同致,17,0,17,中國信託-文心,2023-06-19,6164
2323,中環,101,85,16,中國信託-文心,2023-06-19,6164
8085,福華,27,12,15,中國信託-文心,2023-06-19,6164
00679B,元大美債20年,26,12,14,中國信託-文心,2023-06-19,6164
2208,台船,16,2,14,中國信託-文心,2023-06-19,6164
2201,裕隆,19,5,14,中國信託-文心,2023-06-19,6164
2454,聯發科,340,13,327,中國信託-文心,2023-06-20,6164
3481,群創,579,327,252,中國信託-文心,2023-06-20,6164
00921,兆豐龍頭等權重,177,8,169,中國信託-文心,2023-06-20,6164
00712,復華富時不動產,209,51,158,中國信託-文心,2023-06-20,6164
2618,長榮航,350,228,122,中國信託-文心,2023-06-20,6164
00878,國泰永續高股息,237,132,105,中國信託-文心,2023-06-20,6164
2405,輔信,129,28,101,中國信託-文心,2023-06-20,6164
2610,華航,817,725,92,中國信託-文心,2023-06-20,6164
1528,恩德,120,49,71,中國信託-文心,2023-06-20,6164
3264,欣銓,208,138,70,中國信託-文心,2023-06-20,6164
00882,中信中國高股息,66,7,59,中國信託-文心,2023-06-20,6164
00885,富邦越南,63,4,59,中國信託-文心,2023-06-20,6164
2515,中工,57,0,57,中國信託-文心,2023-06-20,6164
00679B,元大美債20年,56,1,55,中國信託-文心,2023-06-20,6164
1731,美吾華,50,0,50,中國信託-文心,2023-06-20,6164
8076,伍豐,65,15,50,中國信託-文心,2023-06-20,6164
2482,連宇,53,4,49,中國信託-文心,2023-06-20,6164
00687B,國泰20年美債,46,0,46,中國信託-文心,2023-06-20,6164
8222,寶一,76,30,46,中國信託-文心,2023-06-20,6164
2340,台亞,43,0,43,中國信託-文心,2023-06-20,6164
8358,金居,47,6,41,中國信託-文心,2023-06-20,6164
3032,偉訓,41,1,40,中國信託-文心,2023-06-20,6164
1802,台玻,50,12,38,中國信託-文心,2023-06-20,6164
00929,復華台灣科技優息,43,5,38,中國信託-文心,2023-06-20,6164
2105,正新,41,4,37,中國信託-文心,2023-06-20,6164
2409,友達,140,107,33,中國信託-文心,2023-06-20,6164
2317,鴻海,38,10,28,中國信託-文心,2023-06-20,6164
3260,威剛,33,6,27,中國信託-文心,2023-06-20,6164
2883,凱基金,34,7,27,中國信託-文心,2023-06-20,6164
2104,國際中橡,28,4,24,中國信託-文心,2023-06-20,6164
6015,宏遠證,24,0,24,中國信託-文心,2023-06-20,6164
2356,英業達,47,23,24,中國信託-文心,2023-06-20,6164
00665L,富邦�琤肭磪囓�2,23,0,23,中國信託-文心,2023-06-20,6164
2208,台船,27,5,22,中國信託-文心,2023-06-20,6164
2323,中環,178,156,22,中國信託-文心,2023-06-20,6164
3038,全台,21,0,21,中國信託-文心,2023-06-20,6164
0050,元大台灣50,28,7,21,中國信託-文心,2023-06-20,6164
00720B,元大投資級公司債,21,0,21,中國信託-文心,2023-06-20,6164
00857B,永豐20年美公債,20,0,20,中國信託-文心,2023-06-20,6164
2017,官田鋼,20,0,20,中國信託-文心,2023-06-20,6164
00671R,富邦NASDAQ反1,17,0,17,中國信託-文心,2023-06-20,6164
2633,台灣高鐵,15,0,15,中國信託-文心,2023-06-20,6164
00919,群益台灣精選高息,37,22,15,中國信託-文心,2023-06-20,6164
8033,雷虎,24,10,14,中國信託-文心,2023-06-20,6164
3078,僑威,19,6,13,中國信託-文心,2023-06-20,6164
2337,旺宏,22,10,12,中國信託-文心,2023-06-20,6164
2530,華建,13,1,12,中國信託-文心,2023-06-20,6164
3027,盛達,13,1,12,中國信託-文心,2023-06-20,6164
1316,上曜,12,0,12,中國信託-文心,2023-06-20,6164
5009,榮剛,18,6,12,中國信託-文心,2023-06-20,6164
00712,復華富時不動產,200,55,145,中國信託-文心,2023-06-21,6164
1605,華新,105,4,101,中國信託-文心,2023-06-21,6164
6120,達運,207,114,93,中國信託-文心,2023-06-21,6164
00725B,國泰投資級公司債,92,0,92,中國信託-文心,2023-06-21,6164
00885,富邦越南,95,4,91,中國信託-文心,2023-06-21,6164
2609,陽明,138,54,84,中國信託-文心,2023-06-21,6164
3013,晟銘電,103,27,76,中國信託-文心,2023-06-21,6164
3264,欣銓,99,23,76,中國信託-文心,2023-06-21,6164
2706,第一店,72,10,62,中國信託-文心,2023-06-21,6164
2002,中鋼,62,8,54,中國信託-文心,2023-06-21,6164
00772B,中信高評級公司債,71,20,51,中國信託-文心,2023-06-21,6164
0050,元大台灣50,51,5,46,中國信託-文心,2023-06-21,6164
1905,華紙,85,39,46,中國信託-文心,2023-06-21,6164
1802,台玻,48,4,44,中國信託-文心,2023-06-21,6164
5469,瀚宇博,59,17,42,中國信託-文心,2023-06-21,6164
00919,群益台灣精選高息,47,5,42,中國信託-文心,2023-06-21,6164
2618,長榮航,152,112,40,中國信託-文心,2023-06-21,6164
2705,六福,64,25,39,中國信託-文心,2023-06-21,6164
8112,至上,40,2,38,中國信託-文心,2023-06-21,6164
00713,元大台灣高息低波,36,1,35,中國信託-文心,2023-06-21,6164
00665L,富邦�琤肭磪囓�2,38,3,35,中國信託-文心,2023-06-21,6164
00929,復華台灣科技優息,34,0,34,中國信託-文心,2023-06-21,6164
00637L,元大滬深300正2,53,21,32,中國信託-文心,2023-06-21,6164
2323,中環,177,147,30,中國信託-文心,2023-06-21,6164
4916,事欣科,60,32,28,中國信託-文心,2023-06-21,6164
3325,旭品,35,9,26,中國信託-文心,2023-06-21,6164
00882,中信中國高股息,23,0,23,中國信託-文心,2023-06-21,6164
2303,聯電,36,14,22,中國信託-文心,2023-06-21,6164
5426,振發,49,28,21,中國信託-文心,2023-06-21,6164
8277,商丞,22,1,21,中國信託-文心,2023-06-21,6164
4960,誠美材,21,1,20,中國信託-文心,2023-06-21,6164
00753L,中信中國50正2,19,0,19,中國信託-文心,2023-06-21,6164
1580,新麥,19,0,19,中國信託-文心,2023-06-21,6164
00687B,國泰20年美債,153,134,19,中國信託-文心,2023-06-21,6164
00907,永豐優息存股,20,2,18,中國信託-文心,2023-06-21,6164
8222,寶一,25,7,18,中國信託-文心,2023-06-21,6164
3011,今皓,19,1,18,中國信託-文心,2023-06-21,6164
9950,萬國通,18,0,18,中國信託-文心,2023-06-21,6164
8069,元太,18,0,18,中國信託-文心,2023-06-21,6164
3715,定穎投控,18,1,17,中國信託-文心,2023-06-21,6164
2748,雲品,52,35,17,中國信託-文心,2023-06-21,6164
00878,國泰永續高股息,90,73,17,中國信託-文心,2023-06-21,6164
3287,廣寰科,57,41,16,中國信託-文心,2023-06-21,6164
5351,鈺創,15,0,15,中國信託-文心,2023-06-21,6164
2327,國巨,15,0,15,中國信託-文心,2023-06-21,6164
2615,萬海,18,4,14,中國信託-文心,2023-06-21,6164
2371,大同,17,2,15,中國信託-文心,2023-06-21,6164
1609,大亞,21,7,14,中國信託-文心,2023-06-21,6164
00927,群益半導體收益,14,0,14,中國信託-文心,2023-06-21,6164
1514,亞力,53,40,13,中國信託-文心,2023-06-21,6164
2610,華航,632,327,305,中國信託-文心,2023-06-26,6164
00715L,期街口布蘭特正2,189,0,189,中國信託-文心,2023-06-26,6164
2323,中環,197,53,144,中國信託-文心,2023-06-26,6164
1605,華新,114,3,111,中國信託-文心,2023-06-26,6164
00712,復華富時不動產,107,1,106,中國信託-文心,2023-06-26,6164
00637L,元大滬深300正2,125,25,100,中國信託-文心,2023-06-26,6164
3715,定穎投控,87,0,87,中國信託-文心,2023-06-26,6164
2913,農林,103,18,85,中國信託-文心,2023-06-26,6164
00881,國泰台灣5G+,104,21,83,中國信託-文心,2023-06-26,6164
00878,國泰永續高股息,141,75,66,中國信託-文心,2023-06-26,6164
6125,廣運,104,43,61,中國信託-文心,2023-06-26,6164
3264,欣銓,60,3,57,中國信託-文心,2023-06-26,6164
6695,芯鼎,52,1,51,中國信託-文心,2023-06-26,6164
9935,慶豐富,50,0,50,中國信託-文心,2023-06-26,6164
2457,飛宏,48,2,46,中國信託-文心,2023-06-26,6164
2317,鴻海,101,57,44,中國信託-文心,2023-06-26,6164
2615,萬海,44,1,43,中國信託-文心,2023-06-26,6164
8069,元太,49,7,42,中國信託-文心,2023-06-26,6164
2308,台達電,41,0,41,中國信託-文心,2023-06-26,6164
00655L,國泰中國A50正2,40,0,40,中國信託-文心,2023-06-26,6164
8926,台汽電,90,52,38,中國信託-文心,2023-06-26,6164
0056,元大高股息,67,29,38,中國信託-文心,2023-06-26,6164
0050,元大台灣50,43,6,37,中國信託-文心,2023-06-26,6164
1528,恩德,35,0,35,中國信託-文心,2023-06-26,6164
6164,華興,32,0,32,中國信託-文心,2023-06-26,6164
3046,建��,31,0,31,中國信託-文心,2023-06-26,6164
00929,復華台灣科技優息,35,4,31,中國信託-文心,2023-06-26,6164
3515,華擎,31,1,30,中國信託-文心,2023-06-26,6164
00706L,期元大S＆P日圓正2,30,0,30,中國信託-文心,2023-06-26,6164
2633,台灣高鐵,30,0,30,中國信託-文心,2023-06-26,6164
1591,駿吉-KY,30,0,30,中國信託-文心,2023-06-26,6164
00687B,國泰20年美債,45,15,30,中國信託-文心,2023-06-26,6164
5608,四維航,28,0,28,中國信託-文心,2023-06-26,6164
00713,元大台灣高息低波,34,7,27,中國信託-文心,2023-06-26,6164
00882,中信中國高股息,32,6,26,中國信託-文心,2023-06-26,6164
00753L,中信中國50正2,28,2,26,中國信託-文心,2023-06-26,6164
00907,永豐優息存股,29,4,25,中國信託-文心,2023-06-26,6164
3049,精金,26,1,25,中國信託-文心,2023-06-26,6164
2025,千興,25,0,25,中國信託-文心,2023-06-26,6164
2382,廣達,34,10,24,中國信託-文心,2023-06-26,6164
00893,國泰智能電動車,36,13,23,中國信託-文心,2023-06-26,6164
3380,明泰,24,1,23,中國信託-文心,2023-06-26,6164
2851,中再保,22,0,22,中國信託-文心,2023-06-26,6164
6282,康舒,24,2,22,中國信託-文心,2023-06-26,6164
2067,嘉鋼,22,0,22,中國信託-文心,2023-06-26,6164
2368,金像電,24,2,22,中國信託-文心,2023-06-26,6164
2344,華邦電,28,8,20,中國信託-文心,2023-06-26,6164
00720B,元大投資級公司債,21,1,20,中國信託-文心,2023-06-26,6164
1905,華紙,144,124,20,中國信託-文心,2023-06-26,6164
9950,萬國通,19,0,19,中國信託-文心,2023-06-26,6164
00878,國泰永續高股息,411,89,322,中國信託-文心,2023-06-27,6164
00929,復華台灣科技優息,247,5,242,中國信託-文心,2023-06-27,6164
2303,聯電,213,13,200,中國信託-文心,2023-06-27,6164
2610,華航,890,724,166,中國信託-文心,2023-06-27,6164
2515,中工,212,105,107,中國信託-文心,2023-06-27,6164
0056,元大高股息,143,39,104,中國信託-文心,2023-06-27,6164
00712,復華富時不動產,103,0,103,中國信託-文心,2023-06-27,6164
00881,國泰台灣5G+,115,22,93,中國信託-文心,2023-06-27,6164
1313,聯成,83,2,81,中國信託-文心,2023-06-27,6164
2883,凱基金,76,4,72,中國信託-文心,2023-06-27,6164
00919,群益台灣精選高息,67,0,67,中國信託-文心,2023-06-27,6164
1513,中興電,81,19,62,中國信託-文心,2023-06-27,6164
2323,中環,269,213,56,中國信託-文心,2023-06-27,6164
9912,偉聯,53,0,53,中國信託-文心,2023-06-27,6164
1905,華紙,88,42,46,中國信託-文心,2023-06-27,6164
1529,樂事綠能,56,12,44,中國信託-文心,2023-06-27,6164
3264,欣銓,42,2,40,中國信託-文心,2023-06-27,6164
00888,永豐台灣ESG,45,6,39,中國信託-文心,2023-06-27,6164
2457,飛宏,63,27,36,中國信託-文心,2023-06-27,6164
00713,元大台灣高息低波,40,5,35,中國信託-文心,2023-06-27,6164
00720B,元大投資級公司債,34,0,34,中國信託-文心,2023-06-27,6164
2609,陽明,43,10,33,中國信託-文心,2023-06-27,6164
5009,榮剛,34,1,33,中國信託-文心,2023-06-27,6164
1301,台塑,34,2,32,中國信託-文心,2023-06-27,6164
2317,鴻海,51,20,31,中國信託-文心,2023-06-27,6164
2618,長榮航,144,113,31,中國信託-文心,2023-06-27,6164
00900,富邦特選高股息30,38,7,31,中國信託-文心,2023-06-27,6164
2633,台灣高鐵,30,0,30,中國信託-文心,2023-06-27,6164
2206,三陽工業,32,4,28,中國信託-文心,2023-06-27,6164
6188,廣明,87,60,27,中國信託-文心,2023-06-27,6164
1907,永豐餘,121,95,26,中國信託-文心,2023-06-27,6164
1904,正隆,30,4,26,中國信託-文心,2023-06-27,6164
2867,三商壽,36,11,25,中國信託-文心,2023-06-27,6164
3356,奇偶,61,36,25,中國信託-文心,2023-06-27,6164
3042,晶技,25,1,24,中國信託-文心,2023-06-27,6164
1734,杏輝,25,1,24,中國信託-文心,2023-06-27,6164
3665,貿聯-KY,22,0,22,中國信託-文心,2023-06-27,6164
2891,中信金,33,11,22,中國信託-文心,2023-06-27,6164
5469,瀚宇博,23,2,21,中國信託-文心,2023-06-27,6164
5608,四維航,23,2,21,中國信託-文心,2023-06-27,6164
6288,聯嘉,20,1,19,中國信託-文心,2023-06-27,6164
1514,亞力,68,49,19,中國信託-文心,2023-06-27,6164
00891,中信關鍵半導體,19,1,18,中國信託-文心,2023-06-27,6164
8072,陞泰,20,2,18,中國信託-文心,2023-06-27,6164
6456,GIS-KY,18,0,18,中國信託-文心,2023-06-27,6164
1609,大亞,36,18,18,中國信託-文心,2023-06-27,6164
2371,大同,23,6,17,中國信託-文心,2023-06-27,6164
3202,樺晟,20,3,17,中國信託-文心,2023-06-27,6164
6148,驊宏資,48,31,17,中國信託-文心,2023-06-27,6164
2881,富邦金,17,1,16,中國信託-文心,2023-06-27,6164
00715L,期街口布蘭特正2,1056,7,1049,中國信託-文心,2023-06-28,6164
00878,國泰永續高股息,373,63,310,中國信託-文心,2023-06-28,6164
1605,華新,305,21,284,中國信託-文心,2023-06-28,6164
3032,偉訓,102,1,101,中國信託-文心,2023-06-28,6164
2609,陽明,110,21,89,中國信託-文心,2023-06-28,6164
00902,中信電池及儲能,50,5,45,中國信託-文心,2023-06-28,6164
3231,緯創,167,123,44,中國信託-文心,2023-06-28,6164
4746,台耀,80,40,40,中國信託-文心,2023-06-28,6164
00919,群益台灣精選高息,41,1,40,中國信託-文心,2023-06-28,6164
2324,仁寶,41,5,36,中國信託-文心,2023-06-28,6164
00679B,元大美債20年,40,5,35,中國信託-文心,2023-06-28,6164
2317,鴻海,44,9,35,中國信託-文心,2023-06-28,6164
2332,友訊,50,17,33,中國信託-文心,2023-06-28,6164
3264,欣銓,44,13,31,中國信託-文心,2023-06-28,6164
3665,貿聯-KY,40,10,30,中國信託-文心,2023-06-28,6164
8255,朋程,27,0,27,中國信託-文心,2023-06-28,6164
6770,力積電,29,3,26,中國信託-文心,2023-06-28,6164
3715,定穎投控,31,6,25,中國信託-文心,2023-06-28,6164
2913,農林,34,10,24,中國信託-文心,2023-06-28,6164
1513,中興電,47,23,24,中國信託-文心,2023-06-28,6164
2633,台灣高鐵,25,2,23,中國信託-文心,2023-06-28,6164
00642U,期元大S＆P石油,22,0,22,中國信託-文心,2023-06-28,6164
4916,事欣科,50,29,21,中國信託-文心,2023-06-28,6164
9110,越南控-DR,20,0,20,中國信託-文心,2023-06-28,6164
5469,瀚宇博,42,23,19,中國信託-文心,2023-06-28,6164
1444,力麗,30,12,18,中國信託-文心,2023-06-28,6164
2009,第一銅,20,2,18,中國信託-文心,2023-06-28,6164
6116,彩晶,20,2,18,中國信託-文心,2023-06-28,6164
2887,台新金,18,1,17,中國信託-文心,2023-06-28,6164
00665L,富邦�琤肭磪囓�2,22,6,16,中國信託-文心,2023-06-28,6164
2340,台亞,34,19,15,中國信託-文心,2023-06-28,6164
2734,易飛網,17,2,15,中國信託-文心,2023-06-28,6164
00927,群益半導體收益,15,0,15,中國信託-文心,2023-06-28,6164
6111,大宇資,23,8,15,中國信託-文心,2023-06-28,6164
5014,建錩,15,0,15,中國信託-文心,2023-06-28,6164
00929,復華台灣科技優息,14,0,14,中國信託-文心,2023-06-28,6164
00753L,中信中國50正2,14,0,14,中國信託-文心,2023-06-28,6164
4533,協易機,15,2,13,中國信託-文心,2023-06-28,6164
2888,新光金,18,5,13,中國信託-文心,2023-06-28,6164
2883,凱基金,13,1,12,中國信託-文心,2023-06-28,6164
5371,中光電,13,1,12,中國信託-文心,2023-06-28,6164
8410,森田,16,4,12,中國信託-文心,2023-06-28,6164
1529,樂事綠能,27,15,12,中國信託-文心,2023-06-28,6164
00772B,中信高評級公司債,11,0,11,中國信託-文心,2023-06-28,6164
1609,大亞,19,8,11,中國信託-文心,2023-06-28,6164
4562,穎漢,11,0,11,中國信託-文心,2023-06-28,6164
1584,精剛,13,2,11,中國信託-文心,2023-06-28,6164
6285,啟��,21,10,11,中國信託-文心,2023-06-28,6164
1301,台塑,11,0,11,中國信託-文心,2023-06-28,6164
1477,聚陽,14,4,10,中國信託-文心,2023-06-28,6164
00882,中信中國高股息,268,2,266,中國信託-文心,2023-06-29,6164
4414,如興,127,23,104,中國信託-文心,2023-06-29,6164
8105,凌巨,102,0,102,中國信託-文心,2023-06-29,6164
2867,三商壽,105,25,80,中國信託-文心,2023-06-29,6164
2317,鴻海,75,15,60,中國信託-文心,2023-06-29,6164
2906,高林,60,5,55,中國信託-文心,2023-06-29,6164
2883,凱基金,67,18,49,中國信託-文心,2023-06-29,6164
3037,欣興,58,10,48,中國信託-文心,2023-06-29,6164
3038,全台,53,7,46,中國信託-文心,2023-06-29,6164
2618,長榮航,129,84,45,中國信託-文心,2023-06-29,6164
2303,聯電,55,11,44,中國信託-文心,2023-06-29,6164
2603,長榮,118,75,43,中國信託-文心,2023-06-29,6164
1605,華新,47,4,43,中國信託-文心,2023-06-29,6164
2002,中鋼,49,10,39,中國信託-文心,2023-06-29,6164
3264,欣銓,45,7,38,中國信託-文心,2023-06-29,6164
2409,友達,39,4,35,中國信託-文心,2023-06-29,6164
4563,百德,40,6,34,中國信託-文心,2023-06-29,6164
2368,金像電,41,9,32,中國信託-文心,2023-06-29,6164
00919,群益台灣精選高息,40,9,31,中國信託-文心,2023-06-29,6164
5351,鈺創,35,5,30,中國信託-文心,2023-06-29,6164
0050,元大台灣50,30,0,30,中國信託-文心,2023-06-29,6164
6126,信音,28,0,28,中國信託-文心,2023-06-29,6164
3380,明泰,55,29,26,中國信託-文心,2023-06-29,6164
2887,台新金,23,1,22,中國信託-文心,2023-06-29,6164
00706L,期元大S＆P日圓正2,21,0,21,中國信託-文心,2023-06-29,6164
2609,陽明,51,30,21,中國信託-文心,2023-06-29,6164
2891,中信金,21,1,20,中國信託-文心,2023-06-29,6164
6285,啟��,48,28,20,中國信託-文心,2023-06-29,6164
00929,復華台灣科技優息,18,0,18,中國信託-文心,2023-06-29,6164
6192,巨路,18,0,18,中國信託-文心,2023-06-29,6164
6282,康舒,19,1,18,中國信託-文心,2023-06-29,6164
2890,永豐金,17,0,17,中國信託-文心,2023-06-29,6164
4533,協易機,19,2,17,中國信託-文心,2023-06-29,6164
9904,寶成,17,0,17,中國信託-文心,2023-06-29,6164
00665L,富邦�琤肭磪囓�2,17,0,17,中國信託-文心,2023-06-29,6164
00751B,元大AAA至A公司債,17,1,16,中國信託-文心,2023-06-29,6164
1229,聯華,16,0,16,中國信託-文心,2023-06-29,6164
1528,恩德,20,5,15,中國信託-文心,2023-06-29,6164
2419,仲琦,89,74,15,中國信託-文心,2023-06-29,6164
2405,輔信,15,0,15,中國信託-文心,2023-06-29,6164
6276,安鈦克,20,5,15,中國信託-文心,2023-06-29,6164
2201,裕隆,16,2,14,中國信託-文心,2023-06-29,6164
8112,至上,15,1,14,中國信託-文心,2023-06-29,6164
5465,富驊,17,3,14,中國信託-文心,2023-06-29,6164
2353,宏��,17,3,14,中國信託-文心,2023-06-29,6164
00893,國泰智能電動車,29,15,14,中國信託-文心,2023-06-29,6164
00637L,元大滬深300正2,41,27,14,中國信託-文心,2023-06-29,6164
4743,合一,14,0,14,中國信託-文心,2023-06-29,6164
2412,中華電,14,0,14,中國信託-文心,2023-06-29,6164
2884,玉山金,13,0,13,中國信託-文心,2023-06-29,6164
2303,聯電,223,42,181,中國信託-文心,2023-06-30,6164
2201,裕隆,227,51,176,中國信託-文心,2023-06-30,6164
00687B,國泰20年美債,149,0,149,中國信託-文心,2023-06-30,6164
6142,友勁,100,3,97,中國信託-文心,2023-06-30,6164
1605,華新,102,13,89,中國信託-文心,2023-06-30,6164
2603,長榮,130,44,86,中國信託-文心,2023-06-30,6164
00919,群益台灣精選高息,59,0,59,中國信託-文心,2023-06-30,6164
4414,如興,72,14,58,中國信託-文心,2023-06-30,6164
00878,國泰永續高股息,86,29,57,中國信託-文心,2023-06-30,6164
00688L,國泰20年美債正2,53,0,53,中國信託-文心,2023-06-30,6164
2618,長榮航,100,48,52,中國信託-文心,2023-06-30,6164
2324,仁寶,46,4,42,中國信託-文心,2023-06-30,6164
6190,萬泰科,54,12,42,中國信託-文心,2023-06-30,6164
2002,中鋼,40,0,40,中國信託-文心,2023-06-30,6164
00795B,中信美國公債20年,39,0,39,中國信託-文心,2023-06-30,6164
00680L,元大美債20正2,37,0,37,中國信託-文心,2023-06-30,6164
3046,建��,38,1,37,中國信託-文心,2023-06-30,6164
6153,嘉聯益,64,29,35,中國信託-文心,2023-06-30,6164
2317,鴻海,45,10,35,中國信託-文心,2023-06-30,6164
6266,泰詠,40,7,33,中國信託-文心,2023-06-30,6164
2489,瑞軒,33,0,33,中國信託-文心,2023-06-30,6164
2409,友達,33,0,33,中國信託-文心,2023-06-30,6164
00679B,元大美債20年,34,2,32,中國信託-文心,2023-06-30,6164
2412,中華電,30,0,30,中國信託-文心,2023-06-30,6164
2344,華邦電,48,21,27,中國信託-文心,2023-06-30,6164
1449,佳和,25,0,25,中國信託-文心,2023-06-30,6164
2883,凱基金,43,19,24,中國信託-文心,2023-06-30,6164
2912,統一超,25,1,24,中國信託-文心,2023-06-30,6164
00632R,元大台灣50反1,33,11,22,中國信託-文心,2023-06-30,6164
2405,輔信,23,2,21,中國信託-文心,2023-06-30,6164
2887,台新金,22,1,21,中國信託-文心,2023-06-30,6164
6470,宇智,27,7,20,中國信託-文心,2023-06-30,6164
2105,正新,21,1,20,中國信託-文心,2023-06-30,6164
2903,遠百,18,0,18,中國信託-文心,2023-06-30,6164
9110,越南控-DR,18,0,18,中國信託-文心,2023-06-30,6164
3231,緯創,157,140,17,中國信託-文心,2023-06-30,6164
6126,信音,18,1,17,中國信託-文心,2023-06-30,6164
3264,欣銓,21,5,16,中國信託-文心,2023-06-30,6164
4953,緯軟,15,0,15,中國信託-文心,2023-06-30,6164
00902,中信電池及儲能,15,0,15,中國信託-文心,2023-06-30,6164
2030,彰源,15,0,15,中國信託-文心,2023-06-30,6164
6116,彩晶,24,10,14,中國信託-文心,2023-06-30,6164
0050,元大台灣50,15,1,14,中國信託-文心,2023-06-30,6164
2482,連宇,14,1,13,中國信託-文心,2023-06-30,6164
2885,元大金,14,1,13,中國信託-文心,2023-06-30,6164
2881,富邦金,12,0,12,中國信託-文心,2023-06-30,6164
2454,聯發科,13,1,12,中國信託-文心,2023-06-30,6164
00788B,元大10年IG電能債,12,0,12,中國信託-文心,2023-06-30,6164
4147,中裕,18,6,12,中國信託-文心,2023-06-30,6164
8222,寶一,21,9,12,中國信託-文心,2023-06-30,6164
00673R,期元大S＆P原油反1,1125,0,1125,中國信託-文心,2023-07-03,6164
2609,陽明,640,376,264,中國信託-文心,2023-07-03,6164
2201,裕隆,122,3,119,中國信託-文心,2023-07-03,6164
2303,聯電,171,69,102,中國信託-文心,2023-07-03,6164
3540,曜越,72,0,72,中國信託-文心,2023-07-03,6164
2888,新光金,102,31,71,中國信託-文心,2023-07-03,6164
8215,明基材,70,2,68,中國信託-文心,2023-07-03,6164
5465,富驊,68,4,64,中國信託-文心,2023-07-03,6164
5452,佶優,60,4,56,中國信託-文心,2023-07-03,6164
2486,一詮,60,9,51,中國信託-文心,2023-07-03,6164
4532,瑞智,52,2,50,中國信託-文心,2023-07-03,6164
2603,長榮,94,47,47,中國信託-文心,2023-07-03,6164
00885,富邦越南,45,1,44,中國信託-文心,2023-07-03,6164
3706,神達,73,31,42,中國信託-文心,2023-07-03,6164
2349,錸德,42,1,41,中國信託-文心,2023-07-03,6164
2105,正新,40,0,40,中國信託-文心,2023-07-03,6164
2340,台亞,40,4,36,中國信託-文心,2023-07-03,6164
2402,毅嘉,40,8,32,中國信託-文心,2023-07-03,6164
2317,鴻海,76,45,31,中國信託-文心,2023-07-03,6164
00929,復華台灣科技優息,35,5,30,中國信託-文心,2023-07-03,6164
2867,三商壽,31,3,28,中國信託-文心,2023-07-03,6164
2419,仲琦,61,33,28,中國信託-文心,2023-07-03,6164
8099,大世科,29,2,27,中國信託-文心,2023-07-03,6164
9945,潤泰新,26,0,26,中國信託-文心,2023-07-03,6164
2618,長榮航,118,93,25,中國信託-文心,2023-07-03,6164
00753L,中信中國50正2,22,0,22,中國信託-文心,2023-07-03,6164
4906,正文,26,4,22,中國信託-文心,2023-07-03,6164
2851,中再保,22,0,22,中國信託-文心,2023-07-03,6164
3231,緯創,146,125,21,中國信託-文心,2023-07-03,6164
3710,連展投控,21,0,21,中國信託-文心,2023-07-03,6164
3363,上詮,26,5,21,中國信託-文心,2023-07-03,6164
4503,金雨,20,0,20,中國信託-文心,2023-07-03,6164
2442,新美齊,20,0,20,中國信託-文心,2023-07-03,6164
2331,精英,36,16,20,中國信託-文心,2023-07-03,6164
4744,皇將,20,1,19,中國信託-文心,2023-07-03,6164
3207,耀勝,23,4,19,中國信託-文心,2023-07-03,6164
3045,台灣大,19,1,18,中國信託-文心,2023-07-03,6164
4207,環泰,18,0,18,中國信託-文心,2023-07-03,6164
1515,力山,20,3,17,中國信託-文心,2023-07-03,6164
2228,劍麟,20,3,17,中國信託-文心,2023-07-03,6164
1504,東元,19,3,16,中國信託-文心,2023-07-03,6164
9907,統一實,16,0,16,中國信託-文心,2023-07-03,6164
3447,展達,18,3,15,中國信託-文心,2023-07-03,6164
4510,高鋒,15,0,15,中國信託-文心,2023-07-03,6164
3058,立德,20,5,15,中國信託-文心,2023-07-03,6164
2610,華航,766,752,14,中國信託-文心,2023-07-03,6164
1513,中興電,27,13,14,中國信託-文心,2023-07-03,6164
2617,台航,15,1,14,中國信託-文心,2023-07-03,6164
6126,信音,15,1,14,中國信託-文心,2023-07-03,6164
6016,康和證,17,3,14,中國信託-文心,2023-07-03,6164
2610,華航,352,155,197,中國信託-文心,2023-07-04,6164
2356,英業達,216,135,81,中國信託-文心,2023-07-04,6164
2515,中工,84,6,78,中國信託-文心,2023-07-04,6164
2603,長榮,262,193,69,中國信託-文心,2023-07-04,6164
1504,東元,69,1,68,中國信託-文心,2023-07-04,6164
8936,國統,72,5,67,中國信託-文心,2023-07-04,6164
2609,陽明,214,148,66,中國信託-文心,2023-07-04,6164
00916,國泰全球品牌50,66,0,66,中國信託-文心,2023-07-04,6164
4532,瑞智,68,4,64,中國信託-文心,2023-07-04,6164
1605,華新,63,7,56,中國信託-文心,2023-07-04,6164
2201,裕隆,78,29,49,中國信託-文心,2023-07-04,6164
00679B,元大美債20年,67,20,47,中國信託-文心,2023-07-04,6164
2618,長榮航,159,112,47,中國信託-文心,2023-07-04,6164
2486,一詮,49,6,43,中國信託-文心,2023-07-04,6164
1591,駿吉-KY,40,0,40,中國信託-文心,2023-07-04,6164
3712,永崴投控,41,4,37,中國信託-文心,2023-07-04,6164
2457,飛宏,51,15,36,中國信託-文心,2023-07-04,6164
2317,鴻海,71,37,34,中國信託-文心,2023-07-04,6164
2888,新光金,38,4,34,中國信託-文心,2023-07-04,6164
2331,精英,44,10,34,中國信託-文心,2023-07-04,6164
6282,康舒,214,182,32,中國信託-文心,2023-07-04,6164
00673R,期元大S＆P原油反1,31,0,31,中國信託-文心,2023-07-04,6164
1802,台玻,35,6,29,中國信託-文心,2023-07-04,6164
3481,群創,40,11,29,中國信託-文心,2023-07-04,6164
4563,百德,32,4,28,中國信託-文心,2023-07-04,6164
1513,中興電,37,9,28,中國信託-文心,2023-07-04,6164
6125,廣運,29,2,27,中國信託-文心,2023-07-04,6164
9110,越南控-DR,27,0,27,中國信託-文心,2023-07-04,6164
00772B,中信高評級公司債,31,6,25,中國信託-文心,2023-07-04,6164
2002,中鋼,23,0,23,中國信託-文心,2023-07-04,6164
5355,佳總,23,0,23,中國信託-文心,2023-07-04,6164
00885,富邦越南,30,9,21,中國信託-文心,2023-07-04,6164
1515,力山,21,0,21,中國信託-文心,2023-07-04,6164
2885,元大金,23,3,20,中國信託-文心,2023-07-04,6164
5284,jpp-KY,30,10,20,中國信託-文心,2023-07-04,6164
00773B,中信優先金融債,20,0,20,中國信託-文心,2023-07-04,6164
1314,中石化,19,0,19,中國信託-文心,2023-07-04,6164
2834,臺企銀,22,4,18,中國信託-文心,2023-07-04,6164
1608,華榮,21,3,18,中國信託-文心,2023-07-04,6164
1218,泰山,18,0,18,中國信託-文心,2023-07-04,6164
3037,欣興,48,31,17,中國信託-文心,2023-07-04,6164
6117,迎廣,19,2,17,中國信託-文心,2023-07-04,6164
2419,仲琦,41,24,17,中國信託-文心,2023-07-04,6164
2409,友達,29,13,16,中國信託-文心,2023-07-04,6164
1301,台塑,16,0,16,中國信託-文心,2023-07-04,6164
5371,中光電,15,0,15,中國信託-文心,2023-07-04,6164
2449,京元電子,23,8,15,中國信託-文心,2023-07-04,6164
2913,農林,21,6,15,中國信託-文心,2023-07-04,6164
6112,邁達特,28,13,15,中國信託-文心,2023-07-04,6164
6244,茂迪,16,1,15,中國信託-文心,2023-07-04,6164
1736,喬山,422,2,420,中國信託-文心,2023-07-05,6164
00673R,期元大S＆P原油反1,323,0,323,中國信託-文心,2023-07-05,6164
00882,中信中國高股息,314,140,174,中國信託-文心,2023-07-05,6164
2609,陽明,350,227,123,中國信託-文心,2023-07-05,6164
2515,中工,105,20,85,中國信託-文心,2023-07-05,6164
2618,長榮航,403,324,79,中國信託-文心,2023-07-05,6164
6743,安普新,74,0,74,中國信託-文心,2023-07-05,6164
3231,緯創,193,120,73,中國信託-文心,2023-07-05,6164
1467,南緯,61,0,61,中國信託-文心,2023-07-05,6164
1584,精剛,70,16,54,中國信託-文心,2023-07-05,6164
2867,三商壽,52,3,49,中國信託-文心,2023-07-05,6164
3037,欣興,59,11,48,中國信託-文心,2023-07-05,6164
00878,國泰永續高股息,84,37,47,中國信託-文心,2023-07-05,6164
2883,凱基金,54,8,46,中國信託-文心,2023-07-05,6164
4532,瑞智,66,20,46,中國信託-文心,2023-07-05,6164
2303,聯電,100,55,45,中國信託-文心,2023-07-05,6164
2317,鴻海,47,13,34,中國信託-文心,2023-07-05,6164
00893,國泰智能電動車,37,4,33,中國信託-文心,2023-07-05,6164
2312,金寶,75,43,32,中國信託-文心,2023-07-05,6164
1101,台泥,34,2,32,中國信託-文心,2023-07-05,6164
8086,宏捷科,39,8,31,中國信託-文心,2023-07-05,6164
2912,統一超,30,0,30,中國信託-文心,2023-07-05,6164
00788B,元大10年IG電能債,30,0,30,中國信託-文心,2023-07-05,6164
2851,中再保,30,0,30,中國信託-文心,2023-07-05,6164
2376,技嘉,58,31,27,中國信託-文心,2023-07-05,6164
2427,三商電,83,58,25,中國信託-文心,2023-07-05,6164
4510,高鋒,25,0,25,中國信託-文心,2023-07-05,6164
00881,國泰台灣5G+,28,4,24,中國信託-文心,2023-07-05,6164
1529,樂事綠能,25,1,24,中國信託-文心,2023-07-05,6164
3147,大綜,24,0,24,中國信託-文心,2023-07-05,6164
2419,仲琦,35,12,23,中國信託-文心,2023-07-05,6164
2603,長榮,93,71,22,中國信託-文心,2023-07-05,6164
00885,富邦越南,30,9,21,中國信託-文心,2023-07-05,6164
4904,遠傳,21,0,21,中國信託-文心,2023-07-05,6164
5443,均豪,21,0,21,中國信託-文心,2023-07-05,6164
8110,華東,21,0,21,中國信託-文心,2023-07-05,6164
4402,郡都開發,21,0,21,中國信託-文心,2023-07-05,6164
1605,華新,35,14,21,中國信託-文心,2023-07-05,6164
00724B,群益投資級金融債,20,0,20,中國信託-文心,2023-07-05,6164
4526,東台,21,1,20,中國信託-文心,2023-07-05,6164
2369,菱生,34,14,20,中國信託-文心,2023-07-05,6164
8936,國統,22,3,19,中國信託-文心,2023-07-05,6164
2358,廷鑫,18,0,18,中國信託-文心,2023-07-05,6164
2476,鉅祥,18,0,18,中國信託-文心,2023-07-05,6164
4414,如興,63,46,17,中國信託-文心,2023-07-05,6164
8076,伍豐,19,3,16,中國信託-文心,2023-07-05,6164
1513,中興電,23,8,15,中國信託-文心,2023-07-05,6164
2889,國票金,21,6,15,中國信託-文心,2023-07-05,6164
2412,中華電,15,0,15,中國信託-文心,2023-07-05,6164
5243,乙盛-KY,24,9,15,中國信託-文心,2023-07-05,6164
1736,喬山,665,4,661,中國信託-文心,2023-07-06,6164
00929,復華台灣科技優息,292,8,284,中國信託-文心,2023-07-06,6164
00673R,期元大S＆P原油反1,259,0,259,中國信託-文心,2023-07-06,6164
00882,中信中國高股息,150,2,148,中國信託-文心,2023-07-06,6164
2303,聯電,129,24,105,中國信託-文心,2023-07-06,6164
2002,中鋼,96,2,94,中國信託-文心,2023-07-06,6164
0056,元大高股息,170,77,93,中國信託-文心,2023-07-06,6164
2618,長榮航,133,44,89,中國信託-文心,2023-07-06,6164
1101,台泥,117,30,87,中國信託-文心,2023-07-06,6164
0050,元大台灣50,78,1,77,中國信託-文心,2023-07-06,6164
2206,三陽工業,80,3,77,中國信託-文心,2023-07-06,6164
2891,中信金,79,5,74,中國信託-文心,2023-07-06,6164
00878,國泰永續高股息,161,89,72,中國信託-文心,2023-07-06,6164
2609,陽明,105,35,70,中國信託-文心,2023-07-06,6164
2317,鴻海,97,28,69,中國信託-文心,2023-07-06,6164
3037,欣興,67,3,64,中國信託-文心,2023-07-06,6164
2887,台新金,64,0,64,中國信託-文心,2023-07-06,6164
2436,偉詮電,69,6,63,中國信託-文心,2023-07-06,6164
1802,台玻,61,0,61,中國信託-文心,2023-07-06,6164
3231,緯創,220,159,61,中國信託-文心,2023-07-06,6164
3013,晟銘電,123,64,59,中國信託-文心,2023-07-06,6164
2881,富邦金,50,0,50,中國信託-文心,2023-07-06,6164
00712,復華富時不動產,80,31,49,中國信託-文心,2023-07-06,6164
00720B,元大投資級公司債,46,0,46,中國信託-文心,2023-07-06,6164
00687B,國泰20年美債,45,1,44,中國信託-文心,2023-07-06,6164
2883,凱基金,72,30,42,中國信託-文心,2023-07-06,6164
3032,偉訓,46,5,41,中國信託-文心,2023-07-06,6164
5347,世界,49,10,39,中國信託-文心,2023-07-06,6164
2885,元大金,40,1,39,中國信託-文心,2023-07-06,6164
2610,華航,254,217,37,中國信託-文心,2023-07-06,6164
00679B,元大美債20年,95,60,35,中國信託-文心,2023-07-06,6164
9907,統一實,35,0,35,中國信託-文心,2023-07-06,6164
2488,漢平,30,0,30,中國信託-文心,2023-07-06,6164
2330,台積電,38,8,30,中國信託-文心,2023-07-06,6164
1701,中化,30,1,29,中國信託-文心,2023-07-06,6164
4414,如興,43,14,29,中國信託-文心,2023-07-06,6164
9904,寶成,29,0,29,中國信託-文心,2023-07-06,6164
00885,富邦越南,30,2,28,中國信託-文心,2023-07-06,6164
6117,迎廣,29,2,27,中國信託-文心,2023-07-06,6164
00919,群益台灣精選高息,78,51,27,中國信託-文心,2023-07-06,6164
6470,宇智,28,2,26,中國信託-文心,2023-07-06,6164
1218,泰山,25,0,25,中國信託-文心,2023-07-06,6164
2401,凌陽,32,7,25,中國信託-文心,2023-07-06,6164
00680L,元大美債20正2,26,1,25,中國信託-文心,2023-07-06,6164
00665L,富邦�琤肭磪囓�2,23,0,23,中國信託-文心,2023-07-06,6164
3707,漢磊,51,29,22,中國信託-文心,2023-07-06,6164
2886,兆豐金,25,3,22,中國信託-文心,2023-07-06,6164
5009,榮剛,22,1,21,中國信託-文心,2023-07-06,6164
3083,網龍,26,6,20,中國信託-文心,2023-07-06,6164
2633,台灣高鐵,22,2,20,中國信託-文心,2023-07-06,6164
2324,仁寶,394,7,387,中國信託-文心,2023-07-07,6164
00673R,期元大S＆P原油反1,386,0,386,中國信託-文心,2023-07-07,6164
1736,喬山,274,2,272,中國信託-文心,2023-07-07,6164
4414,如興,255,25,230,中國信託-文心,2023-07-07,6164
00929,復華台灣科技優息,216,6,210,中國信託-文心,2023-07-07,6164
00676R,富邦臺灣加權反1,150,0,150,中國信託-文心,2023-07-07,6164
00712,復華富時不動產,115,5,110,中國信託-文心,2023-07-07,6164
00679B,元大美債20年,97,0,97,中國信託-文心,2023-07-07,6164
0056,元大高股息,114,32,82,中國信託-文心,2023-07-07,6164
4532,瑞智,146,69,77,中國信託-文心,2023-07-07,6164
00882,中信中國高股息,74,0,74,中國信託-文心,2023-07-07,6164
00772B,中信高評級公司債,72,0,72,中國信託-文心,2023-07-07,6164
00632R,元大台灣50反1,77,7,70,中國信託-文心,2023-07-07,6164
2409,友達,75,11,64,中國信託-文心,2023-07-07,6164
00878,國泰永續高股息,150,90,60,中國信託-文心,2023-07-07,6164
3231,緯創,203,144,59,中國信託-文心,2023-07-07,6164
00687B,國泰20年美債,59,1,58,中國信託-文心,2023-07-07,6164
6128,上福,51,0,51,中國信託-文心,2023-07-07,6164
6126,信音,51,0,51,中國信託-文心,2023-07-07,6164
3060,銘異,52,2,50,中國信託-文心,2023-07-07,6164
00680L,元大美債20正2,50,0,50,中國信託-文心,2023-07-07,6164
1218,泰山,46,0,46,中國信託-文心,2023-07-07,6164
3105,穩懋,66,20,46,中國信託-文心,2023-07-07,6164
2812,台中銀,44,1,43,中國信託-文心,2023-07-07,6164
00713,元大台灣高息低波,41,1,40,中國信託-文心,2023-07-07,6164
2002,中鋼,40,1,39,中國信託-文心,2023-07-07,6164
3025,星通,58,19,39,中國信託-文心,2023-07-07,6164
2887,台新金,47,11,36,中國信託-文心,2023-07-07,6164
2618,長榮航,69,35,34,中國信託-文心,2023-07-07,6164
2609,陽明,67,33,34,中國信託-文心,2023-07-07,6164
00881,國泰台灣5G+,45,13,32,中國信託-文心,2023-07-07,6164
1701,中化,31,0,31,中國信託-文心,2023-07-07,6164
4934,太極,36,5,31,中國信託-文心,2023-07-07,6164
00773B,中信優先金融債,30,0,30,中國信託-文心,2023-07-07,6164
2340,台亞,57,28,29,中國信託-文心,2023-07-07,6164
3049,精金,33,5,28,中國信託-文心,2023-07-07,6164
00751B,元大AAA至A公司債,26,0,26,中國信託-文心,2023-07-07,6164
2603,長榮,73,47,26,中國信託-文心,2023-07-07,6164
2882,國泰金,25,0,25,中國信託-文心,2023-07-07,6164
00720B,元大投資級公司債,29,5,24,中國信託-文心,2023-07-07,6164
2515,中工,24,0,24,中國信託-文心,2023-07-07,6164
1802,台玻,23,0,23,中國信託-文心,2023-07-07,6164
6117,迎廣,31,8,23,中國信託-文心,2023-07-07,6164
5426,振發,24,2,22,中國信託-文心,2023-07-07,6164
00795B,中信美國公債20年,22,0,22,中國信託-文心,2023-07-07,6164
1337,再生-KY,22,0,22,中國信託-文心,2023-07-07,6164
00753L,中信中國50正2,25,4,21,中國信託-文心,2023-07-07,6164
00927,群益半導體收益,21,0,21,中國信託-文心,2023-07-07,6164
3163,波若威,32,11,21,中國信託-文心,2023-07-07,6164
2007,燁興,21,0,21,中國信託-文心,2023-07-07,6164
00929,復華台灣科技優息,301,0,301,中國信託-文心,2023-07-10,6164
00679B,元大美債20年,154,2,152,中國信託-文心,2023-07-10,6164
2609,陽明,216,67,149,中國信託-文心,2023-07-10,6164
4414,如興,160,11,149,中國信託-文心,2023-07-10,6164
00673R,期元大S＆P原油反1,147,0,147,中國信託-文心,2023-07-10,6164
00687B,國泰20年美債,97,5,92,中國信託-文心,2023-07-10,6164
00878,國泰永續高股息,128,55,73,中國信託-文心,2023-07-10,6164
4532,瑞智,133,69,64,中國信託-文心,2023-07-10,6164
2324,仁寶,71,8,63,中國信託-文心,2023-07-10,6164
0056,元大高股息,90,35,55,中國信託-文心,2023-07-10,6164
00919,群益台灣精選高息,53,0,53,中國信託-文心,2023-07-10,6164
2303,聯電,52,1,51,中國信託-文心,2023-07-10,6164
2489,瑞軒,61,11,50,中國信託-文心,2023-07-10,6164
6116,彩晶,48,1,47,中國信託-文心,2023-07-10,6164
6282,康舒,164,121,43,中國信託-文心,2023-07-10,6164
3260,威剛,53,14,39,中國信託-文心,2023-07-10,6164
2457,飛宏,42,5,37,中國信託-文心,2023-07-10,6164
2356,英業達,68,31,37,中國信託-文心,2023-07-10,6164
3047,訊舟,37,0,37,中國信託-文心,2023-07-10,6164
2344,華邦電,37,1,36,中國信託-文心,2023-07-10,6164
00882,中信中國高股息,38,3,35,中國信託-文心,2023-07-10,6164
2317,鴻海,49,14,35,中國信託-文心,2023-07-10,6164
9958,世紀鋼,36,5,31,中國信託-文心,2023-07-10,6164
4533,協易機,34,6,28,中國信託-文心,2023-07-10,6164
00632R,元大台灣50反1,29,2,27,中國信託-文心,2023-07-10,6164
3713,新晶投控,27,0,27,中國信託-文心,2023-07-10,6164
1736,喬山,26,1,25,中國信託-文心,2023-07-10,6164
2615,萬海,39,14,25,中國信託-文心,2023-07-10,6164
2603,長榮,43,18,25,中國信託-文心,2023-07-10,6164
1528,恩德,29,7,22,中國信託-文心,2023-07-10,6164
6203,海韻電,22,0,22,中國信託-文心,2023-07-10,6164
2409,友達,23,2,21,中國信託-文心,2023-07-10,6164
2104,國際中橡,21,0,21,中國信託-文心,2023-07-10,6164
3715,定穎投控,26,5,21,中國信託-文心,2023-07-10,6164
1101,台泥,29,8,21,中國信託-文心,2023-07-10,6164
4173,久裕,20,0,20,中國信託-文心,2023-07-10,6164
2387,精元,20,0,20,中國信託-文心,2023-07-10,6164
1614,三洋電,20,0,20,中國信託-文心,2023-07-10,6164
2427,三商電,25,6,19,中國信託-文心,2023-07-10,6164
00927,群益半導體收益,19,0,19,中國信託-文心,2023-07-10,6164
8410,森田,25,6,19,中國信託-文心,2023-07-10,6164
4906,正文,22,4,18,中國信託-文心,2023-07-10,6164
3306,鼎天,18,0,18,中國信託-文心,2023-07-10,6164
2610,華航,559,542,17,中國信託-文心,2023-07-10,6164
2340,台亞,29,12,17,中國信託-文心,2023-07-10,6164
2618,長榮航,103,87,16,中國信託-文心,2023-07-10,6164
2454,聯發科,17,1,16,中國信託-文心,2023-07-10,6164
1907,永豐餘,17,1,16,中國信託-文心,2023-07-10,6164
8277,商丞,16,0,16,中國信託-文心,2023-07-10,6164
0050,元大台灣50,16,0,16,中國信託-文心,2023-07-10,6164
2812,台中銀,342,5,337,中國信託-文心,2023-07-11,6164
4532,瑞智,249,79,170,中國信託-文心,2023-07-11,6164
00679B,元大美債20年,111,0,111,中國信託-文心,2023-07-11,6164
6142,友勁,103,0,103,中國信託-文心,2023-07-11,6164
00929,復華台灣科技優息,93,0,93,中國信託-文心,2023-07-11,6164
00720B,元大投資級公司債,54,0,54,中國信託-文心,2023-07-11,6164
00751B,元大AAA至A公司債,50,0,50,中國信託-文心,2023-07-11,6164
00676R,富邦臺灣加權反1,50,0,50,中國信託-文心,2023-07-11,6164
1522,堤維西,72,22,50,中國信託-文心,2023-07-11,6164
1802,台玻,40,0,40,中國信託-文心,2023-07-11,6164
2609,陽明,57,19,38,中國信託-文心,2023-07-11,6164
2867,三商壽,47,13,34,中國信託-文心,2023-07-11,6164
5521,工信,30,0,30,中國信託-文心,2023-07-11,6164
1618,合機,31,2,29,中國信託-文心,2023-07-11,6164
6695,芯鼎,30,1,29,中國信託-文心,2023-07-11,6164
2376,技嘉,111,84,27,中國信託-文心,2023-07-11,6164
2890,永豐金,35,10,25,中國信託-文心,2023-07-11,6164
4746,台耀,48,24,24,中國信託-文心,2023-07-11,6164
2880,華南金,26,3,23,中國信託-文心,2023-07-11,6164
1101,台泥,22,0,22,中國信託-文心,2023-07-11,6164
2405,輔信,21,0,21,中國信託-文心,2023-07-11,6164
4934,太極,70,50,20,中國信託-文心,2023-07-11,6164
2228,劍麟,20,0,20,中國信託-文心,2023-07-11,6164
2382,廣達,54,34,20,中國信託-文心,2023-07-11,6164
2834,臺企銀,20,1,19,中國信託-文心,2023-07-11,6164
4414,如興,26,8,18,中國信託-文心,2023-07-11,6164
0056,元大高股息,73,56,17,中國信託-文心,2023-07-11,6164
3025,星通,162,145,17,中國信託-文心,2023-07-11,6164
2107,厚生,17,0,17,中國信託-文心,2023-07-11,6164
6470,宇智,21,4,17,中國信託-文心,2023-07-11,6164
2743,山富,24,7,17,中國信託-文心,2023-07-11,6164
2371,大同,34,17,17,中國信託-文心,2023-07-11,6164
2888,新光金,33,17,16,中國信託-文心,2023-07-11,6164
6288,聯嘉,23,7,16,中國信託-文心,2023-07-11,6164
2427,三商電,32,17,15,中國信託-文心,2023-07-11,6164
00687B,國泰20年美債,15,0,15,中國信託-文心,2023-07-11,6164
3163,波若威,17,2,15,中國信託-文心,2023-07-11,6164
5371,中光電,15,1,14,中國信託-文心,2023-07-11,6164
8071,能率網通,22,9,13,中國信託-文心,2023-07-11,6164
00885,富邦越南,14,2,12,中國信託-文心,2023-07-11,6164
3704,合勤控,14,2,12,中國信託-文心,2023-07-11,6164
2402,毅嘉,23,12,11,中國信託-文心,2023-07-11,6164
2331,精英,18,7,11,中國信託-文心,2023-07-11,6164
2615,萬海,11,0,11,中國信託-文心,2023-07-11,6164
1218,泰山,11,1,10,中國信託-文心,2023-07-11,6164
00632R,元大台灣50反1,13,3,10,中國信託-文心,2023-07-11,6164
3305,昇貿,28,18,10,中國信託-文心,2023-07-11,6164
3209,全科,10,0,10,中國信託-文心,2023-07-11,6164
4164,承業醫,13,3,10,中國信託-文心,2023-07-11,6164
00673R,期元大S＆P原油反1,10,0,10,中國信託-文心,2023-07-11,6164
00715L,期街口布蘭特正2,952,31,921,中國信託-文心,2023-07-12,6164
2812,台中銀,211,0,211,中國信託-文心,2023-07-12,6164
4533,協易機,216,13,203,中國信託-文心,2023-07-12,6164
2515,中工,282,100,182,中國信託-文心,2023-07-12,6164
2427,三商電,89,2,87,中國信託-文心,2023-07-12,6164
6806,森崴能源,70,1,69,中國信託-文心,2023-07-12,6164
6188,廣明,103,37,66,中國信託-文心,2023-07-12,6164
2603,長榮,141,81,60,中國信託-文心,2023-07-12,6164
2881,富邦金,62,6,56,中國信託-文心,2023-07-12,6164
2610,華航,627,575,52,中國信託-文心,2023-07-12,6164
6282,康舒,100,59,41,中國信託-文心,2023-07-12,6164
2323,中環,139,100,39,中國信託-文心,2023-07-12,6164
4532,瑞智,105,67,38,中國信託-文心,2023-07-12,6164
2867,三商壽,38,0,38,中國信託-文心,2023-07-12,6164
2609,陽明,115,78,37,中國信託-文心,2023-07-12,6164
00929,復華台灣科技優息,87,53,34,中國信託-文心,2023-07-12,6164
3231,緯創,182,148,34,中國信託-文心,2023-07-12,6164
3515,華擎,49,16,33,中國信託-文心,2023-07-12,6164
1701,中化,31,0,31,中國信託-文心,2023-07-12,6164
912000,晨訊科-DR,30,0,30,中國信託-文心,2023-07-12,6164
6695,芯鼎,30,0,30,中國信託-文心,2023-07-12,6164
00679B,元大美債20年,30,1,29,中國信託-文心,2023-07-12,6164
00895,富邦未來車,31,5,26,中國信託-文心,2023-07-12,6164
00680L,元大美債20正2,26,0,26,中國信託-文心,2023-07-12,6164
2352,佳世達,56,31,25,中國信託-文心,2023-07-12,6164
2340,台亞,38,15,23,中國信託-文心,2023-07-12,6164
6176,瑞儀,24,1,23,中國信託-文心,2023-07-12,6164
4976,佳凌,23,1,22,中國信託-文心,2023-07-12,6164
2634,漢翔,26,5,21,中國信託-文心,2023-07-12,6164
2443,昶虹,20,0,20,中國信託-文心,2023-07-12,6164
3704,合勤控,23,3,20,中國信託-文心,2023-07-12,6164
1802,台玻,19,0,19,中國信託-文心,2023-07-12,6164
00905,FT臺灣Smart,24,5,19,中國信託-文心,2023-07-12,6164
00919,群益台灣精選高息,19,1,18,中國信託-文心,2023-07-12,6164
2436,偉詮電,21,3,18,中國信託-文心,2023-07-12,6164
1517,利奇,20,2,18,中國信託-文心,2023-07-12,6164
00885,富邦越南,19,1,18,中國信託-文心,2023-07-12,6164
3645,達邁,17,1,16,中國信託-文心,2023-07-12,6164
1449,佳和,16,0,16,中國信託-文心,2023-07-12,6164
4967,十銓,37,22,15,中國信託-文心,2023-07-12,6164
1101,台泥,17,2,15,中國信託-文心,2023-07-12,6164
6426,統新,15,0,15,中國信託-文心,2023-07-12,6164
4161,聿新科,15,0,15,中國信託-文心,2023-07-12,6164
1736,喬山,17,2,15,中國信託-文心,2023-07-12,6164
00712,復華富時不動產,28,14,14,中國信託-文心,2023-07-12,6164
00720B,元大投資級公司債,16,2,14,中國信託-文心,2023-07-12,6164
4916,事欣科,43,29,14,中國信託-文心,2023-07-12,6164
3287,廣寰科,24,11,13,中國信託-文心,2023-07-12,6164
00927,群益半導體收益,13,0,13,中國信託-文心,2023-07-12,6164
2014,中鴻,22,10,12,中國信託-文心,2023-07-12,6164
3231,緯創,4490,186,4304,中國信託-文心,2023-07-13,6164
00632R,元大台灣50反1,250,99,151,中國信託-文心,2023-07-13,6164
2618,長榮航,193,46,147,中國信託-文心,2023-07-13,6164
00673R,期元大S＆P原油反1,135,10,125,中國信託-文心,2023-07-13,6164
00795B,中信美國公債20年,103,0,103,中國信託-文心,2023-07-13,6164
00687B,國泰20年美債,77,2,75,中國信託-文心,2023-07-13,6164
00930,永豐ESG低碳高息,72,0,72,中國信託-文心,2023-07-13,6164
2409,友達,99,38,61,中國信託-文心,2023-07-13,6164
00929,復華台灣科技優息,171,111,60,中國信託-文心,2023-07-13,6164
00927,群益半導體收益,64,6,58,中國信託-文心,2023-07-13,6164
00679B,元大美債20年,59,5,54,中國信託-文心,2023-07-13,6164
1591,駿吉-KY,50,0,50,中國信託-文心,2023-07-13,6164
6244,茂迪,51,2,49,中國信託-文心,2023-07-13,6164
2609,陽明,147,98,49,中國信託-文心,2023-07-13,6164
3019,亞光,47,1,46,中國信託-文心,2023-07-13,6164
1905,華紙,56,15,41,中國信託-文心,2023-07-13,6164
2376,技嘉,81,44,37,中國信託-文心,2023-07-13,6164
2881,富邦金,35,0,35,中國信託-文心,2023-07-13,6164
2882,國泰金,35,3,32,中國信託-文心,2023-07-13,6164
6695,芯鼎,30,0,30,中國信託-文心,2023-07-13,6164
2359,所羅門,47,17,30,中國信託-文心,2023-07-13,6164
2812,台中銀,34,4,30,中國信託-文心,2023-07-13,6164
8021,尖點,28,0,28,中國信託-文心,2023-07-13,6164
2486,一詮,70,42,28,中國信託-文心,2023-07-13,6164
2887,台新金,30,3,27,中國信託-文心,2023-07-13,6164
2515,中工,37,11,26,中國信託-文心,2023-07-13,6164
2891,中信金,34,8,26,中國信託-文心,2023-07-13,6164
6138,茂達,31,6,25,中國信託-文心,2023-07-13,6164
2889,國票金,25,0,25,中國信託-文心,2023-07-13,6164
2356,英業達,101,76,25,中國信託-文心,2023-07-13,6164
6142,友勁,31,7,24,中國信託-文心,2023-07-13,6164
5457,宣德,28,4,24,中國信託-文心,2023-07-13,6164
3042,晶技,23,1,22,中國信託-文心,2023-07-13,6164
3234,光環,23,1,22,中國信託-文心,2023-07-13,6164
2633,台灣高鐵,24,3,21,中國信託-文心,2023-07-13,6164
1529,樂事綠能,26,6,20,中國信託-文心,2023-07-13,6164
1609,大亞,37,18,19,中國信託-文心,2023-07-13,6164
2328,廣宇,56,37,19,中國信託-文心,2023-07-13,6164
3078,僑威,31,12,19,中國信託-文心,2023-07-13,6164
00680L,元大美債20正2,19,1,18,中國信託-文心,2023-07-13,6164
00772B,中信高評級公司債,16,0,16,中國信託-文心,2023-07-13,6164
1701,中化,16,0,16,中國信託-文心,2023-07-13,6164
4533,協易機,45,29,16,中國信託-文心,2023-07-13,6164
1402,遠東新,15,0,15,中國信託-文心,2023-07-13,6164
5608,四維航,14,0,14,中國信託-文心,2023-07-13,6164
8454,富邦媒,13,0,13,中國信託-文心,2023-07-13,6164
1504,東元,29,16,13,中國信託-文心,2023-07-13,6164
6125,廣運,21,8,13,中國信託-文心,2023-07-13,6164
6625,必應,13,0,13,中國信託-文心,2023-07-13,6164
4128,中天,16,4,12,中國信託-文心,2023-07-13,6164
2324,仁寶,263,46,217,中國信託-文心,2023-07-14,6164
2618,長榮航,419,209,210,中國信託-文心,2023-07-14,6164
2888,新光金,205,43,162,中國信託-文心,2023-07-14,6164
00673R,期元大S＆P原油反1,156,0,156,中國信託-文心,2023-07-14,6164
4532,瑞智,154,20,134,中國信託-文心,2023-07-14,6164
00929,復華台灣科技優息,178,66,112,中國信託-文心,2023-07-14,6164
00680L,元大美債20正2,112,1,111,中國信託-文心,2023-07-14,6164
2312,金寶,101,13,88,中國信託-文心,2023-07-14,6164
2603,長榮,171,90,81,中國信託-文心,2023-07-14,6164
00631L,元大台灣50正2,78,8,70,中國信託-文心,2023-07-14,6164
2812,台中銀,75,5,70,中國信託-文心,2023-07-14,6164
00882,中信中國高股息,63,5,58,中國信託-文心,2023-07-14,6164
1513,中興電,108,51,57,中國信託-文心,2023-07-14,6164
2609,陽明,99,42,57,中國信託-文心,2023-07-14,6164
2486,一詮,61,12,49,中國信託-文心,2023-07-14,6164
6550,北極星藥業-KY,51,5,46,中國信託-文心,2023-07-14,6164
2002,中鋼,47,5,42,中國信託-文心,2023-07-14,6164
00724B,群益投資級金融債,40,0,40,中國信託-文心,2023-07-14,6164
8070,長華*,38,0,38,中國信託-文心,2023-07-14,6164
1618,合機,40,4,36,中國信託-文心,2023-07-14,6164
2462,良得電,36,0,36,中國信託-文心,2023-07-14,6164
3704,合勤控,53,17,36,中國信託-文心,2023-07-14,6164
6235,華孚,46,16,30,中國信託-文心,2023-07-14,6164
5009,榮剛,36,7,29,中國信託-文心,2023-07-14,6164
00712,復華富時不動產,52,24,28,中國信託-文心,2023-07-14,6164
2498,宏達電,38,10,28,中國信託-文心,2023-07-14,6164
2515,中工,25,1,24,中國信託-文心,2023-07-14,6164
1449,佳和,23,0,23,中國信託-文心,2023-07-14,6164
00930,永豐ESG低碳高息,23,0,23,中國信託-文心,2023-07-14,6164
2820,華票,22,0,22,中國信託-文心,2023-07-14,6164
2368,金像電,40,19,21,中國信託-文心,2023-07-14,6164
4414,如興,25,4,21,中國信託-文心,2023-07-14,6164
2404,漢唐,21,1,20,中國信託-文心,2023-07-14,6164
3047,訊舟,22,2,20,中國信託-文心,2023-07-14,6164
2382,廣達,97,79,18,中國信託-文心,2023-07-14,6164
2201,裕隆,95,77,18,中國信託-文心,2023-07-14,6164
2376,技嘉,104,86,18,中國信託-文心,2023-07-14,6164
00722B,群益投資級電信債,17,0,17,中國信託-文心,2023-07-14,6164
2228,劍麟,17,0,17,中國信託-文心,2023-07-14,6164
3032,偉訓,23,7,16,中國信託-文心,2023-07-14,6164
1736,喬山,16,0,16,中國信託-文心,2023-07-14,6164
8069,元太,21,5,16,中國信託-文心,2023-07-14,6164
00858,永豐美國500大,16,0,16,中國信託-文心,2023-07-14,6164
2405,輔信,16,0,16,中國信託-文心,2023-07-14,6164
6806,森崴能源,15,0,15,中國信託-文心,2023-07-14,6164
3149,正達,14,0,14,中國信託-文心,2023-07-14,6164
2421,建準,37,23,14,中國信託-文心,2023-07-14,6164
2352,佳世達,57,44,13,中國信託-文心,2023-07-14,6164
1314,中石化,14,2,12,中國信託-文心,2023-07-14,6164
2344,華邦電,21,9,12,中國信託-文心,2023-07-14,6164
00929,復華台灣科技優息,482,71,411,中國信託-文心,2023-07-17,6164
00673R,期元大S＆P原油反1,368,38,330,中國信託-文心,2023-07-17,6164
2324,仁寶,287,31,256,中國信託-文心,2023-07-17,6164
2201,裕隆,158,22,136,中國信託-文心,2023-07-17,6164
00720B,元大投資級公司債,135,0,135,中國信託-文心,2023-07-17,6164
6550,北極星藥業-KY,136,4,132,中國信託-文心,2023-07-17,6164
00683L,期元大美元指正2,130,1,129,中國信託-文心,2023-07-17,6164
4934,太極,93,10,83,中國信託-文心,2023-07-17,6164
2812,台中銀,117,45,72,中國信託-文心,2023-07-17,6164
00687B,國泰20年美債,71,0,71,中國信託-文心,2023-07-17,6164
2867,三商壽,54,0,54,中國信託-文心,2023-07-17,6164
00679B,元大美債20年,48,5,43,中國信託-文心,2023-07-17,6164
00712,復華富時不動產,95,52,43,中國信託-文心,2023-07-17,6164
5425,台半,88,50,38,中國信託-文心,2023-07-17,6164
00888,永豐台灣ESG,51,16,35,中國信託-文心,2023-07-17,6164
2356,英業達,95,61,34,中國信託-文心,2023-07-17,6164
3380,明泰,229,197,32,中國信託-文心,2023-07-17,6164
2890,永豐金,39,9,30,中國信託-文心,2023-07-17,6164
2610,華航,97,67,30,中國信託-文心,2023-07-17,6164
2382,廣達,61,32,29,中國信託-文心,2023-07-17,6164
3224,三顧,28,0,28,中國信託-文心,2023-07-17,6164
1504,東元,41,14,27,中國信託-文心,2023-07-17,6164
2441,超豐,32,5,27,中國信託-文心,2023-07-17,6164
8086,宏捷科,31,5,26,中國信託-文心,2023-07-17,6164
5607,遠雄港,30,4,26,中國信託-文心,2023-07-17,6164
4402,郡都開發,26,0,26,中國信託-文心,2023-07-17,6164
3665,貿聯-KY,24,0,24,中國信託-文心,2023-07-17,6164
8070,長華*,26,2,24,中國信託-文心,2023-07-17,6164
6179,亞通,28,5,23,中國信託-文心,2023-07-17,6164
00724B,群益投資級金融債,23,0,23,中國信託-文心,2023-07-17,6164
3057,喬鼎,23,0,23,中國信託-文心,2023-07-17,6164
6016,康和證,30,7,23,中國信託-文心,2023-07-17,6164
3325,旭品,29,6,23,中國信託-文心,2023-07-17,6164
2331,精英,25,3,22,中國信託-文心,2023-07-17,6164
00858,永豐美國500大,22,0,22,中國信託-文心,2023-07-17,6164
00927,群益半導體收益,27,5,22,中國信託-文心,2023-07-17,6164
00735,國泰臺韓科技,21,0,21,中國信託-文心,2023-07-17,6164
2329,華泰,52,31,21,中國信託-文心,2023-07-17,6164
2313,華通,59,38,21,中國信託-文心,2023-07-17,6164
2023,燁輝,20,0,20,中國信託-文心,2023-07-17,6164
4414,如興,34,14,20,中國信託-文心,2023-07-17,6164
3287,廣寰科,20,1,19,中國信託-文心,2023-07-17,6164
3037,欣興,60,41,19,中國信託-文心,2023-07-17,6164
5443,均豪,18,0,18,中國信託-文心,2023-07-17,6164
6005,群益證,22,4,18,中國信託-文心,2023-07-17,6164
3038,全台,30,12,18,中國信託-文心,2023-07-17,6164
5608,四維航,18,0,18,中國信託-文心,2023-07-17,6164
00882,中信中國高股息,32,14,18,中國信託-文心,2023-07-17,6164
2301,光寶科,115,99,16,中國信託-文心,2023-07-17,6164
3583,辛耘,34,17,17,中國信託-文心,2023-07-17,6164
2881,富邦金,2806,25,2781,中國信託-文心,2023-07-18,6164
2888,新光金,268,8,260,中國信託-文心,2023-07-18,6164
00882,中信中國高股息,255,18,237,中國信託-文心,2023-07-18,6164
00929,復華台灣科技優息,411,196,215,中國信託-文心,2023-07-18,6164
2356,英業達,387,235,152,中國信託-文心,2023-07-18,6164
2312,金寶,190,91,99,中國信託-文心,2023-07-18,6164
00712,復華富時不動產,125,33,92,中國信託-文心,2023-07-18,6164
2324,仁寶,209,122,87,中國信託-文心,2023-07-18,6164
2609,陽明,112,37,75,中國信託-文心,2023-07-18,6164
6282,康舒,268,194,74,中國信託-文心,2023-07-18,6164
2206,三陽工業,81,16,65,中國信託-文心,2023-07-18,6164
3260,威剛,62,0,62,中國信託-文心,2023-07-18,6164
2486,一詮,57,1,56,中國信託-文心,2023-07-18,6164
4728,雙美,55,1,54,中國信託-文心,2023-07-18,6164
2371,大同,56,4,52,中國信託-文心,2023-07-18,6164
00751B,元大AAA至A公司債,60,10,50,中國信託-文心,2023-07-18,6164
4938,和碩,131,82,49,中國信託-文心,2023-07-18,6164
2603,長榮,106,59,47,中國信託-文心,2023-07-18,6164
00679B,元大美債20年,74,30,44,中國信託-文心,2023-07-18,6164
4563,百德,41,0,41,中國信託-文心,2023-07-18,6164
1522,堤維西,41,0,41,中國信託-文心,2023-07-18,6164
2427,三商電,42,1,41,中國信託-文心,2023-07-18,6164
5475,德宏,40,0,40,中國信託-文心,2023-07-18,6164
00715L,期街口布蘭特正2,40,2,38,中國信託-文心,2023-07-18,6164
6743,安普新,38,0,38,中國信託-文心,2023-07-18,6164
3032,偉訓,89,52,37,中國信託-文心,2023-07-18,6164
00720B,元大投資級公司債,35,0,35,中國信託-文心,2023-07-18,6164
00687B,國泰20年美債,34,0,34,中國信託-文心,2023-07-18,6164
00916,國泰全球品牌50,34,0,34,中國信託-文心,2023-07-18,6164
1471,首利,35,1,34,中國信託-文心,2023-07-18,6164
3006,晶豪科,33,0,33,中國信託-文心,2023-07-18,6164
6126,信音,41,8,33,中國信託-文心,2023-07-18,6164
6288,聯嘉,41,9,32,中國信託-文心,2023-07-18,6164
3689,湧德,64,32,32,中國信託-文心,2023-07-18,6164
1101,台泥,38,6,32,中國信託-文心,2023-07-18,6164
2331,精英,38,7,31,中國信託-文心,2023-07-18,6164
00927,群益半導體收益,31,0,31,中國信託-文心,2023-07-18,6164
1513,中興電,51,21,30,中國信託-文心,2023-07-18,6164
2355,敬鵬,33,3,30,中國信託-文心,2023-07-18,6164
2352,佳世達,102,72,30,中國信託-文心,2023-07-18,6164
00919,群益台灣精選高息,44,15,29,中國信託-文心,2023-07-18,6164
1708,東鹼,27,0,27,中國信託-文心,2023-07-18,6164
2353,宏��,125,98,27,中國信託-文心,2023-07-18,6164
0050,元大台灣50,32,5,27,中國信託-文心,2023-07-18,6164
1605,華新,27,1,26,中國信託-文心,2023-07-18,6164
1514,亞力,42,17,25,中國信託-文心,2023-07-18,6164
2340,台亞,64,40,24,中國信託-文心,2023-07-18,6164
9105,泰金寶-DR,30,6,24,中國信託-文心,2023-07-18,6164
8059,凱碩,25,1,24,中國信託-文心,2023-07-18,6164
2303,聯電,26,4,22,中國信託-文心,2023-07-18,6164
2881,富邦金,4512,104,4408,中國信託-文心,2023-07-19,6164
00673R,期元大S＆P原油反1,477,1,476,中國信託-文心,2023-07-19,6164
2206,三陽工業,297,6,291,中國信託-文心,2023-07-19,6164
00929,復華台灣科技優息,235,70,165,中國信託-文心,2023-07-19,6164
6120,達運,143,17,126,中國信託-文心,2023-07-19,6164
2353,宏��,304,182,122,中國信託-文心,2023-07-19,6164
6550,北極星藥業-KY,91,0,91,中國信託-文心,2023-07-19,6164
6743,安普新,87,0,87,中國信託-文心,2023-07-19,6164
00882,中信中國高股息,99,21,78,中國信託-文心,2023-07-19,6164
4938,和碩,105,26,79,中國信託-文心,2023-07-19,6164
2352,佳世達,104,36,68,中國信託-文心,2023-07-19,6164
0056,元大高股息,155,93,62,中國信託-文心,2023-07-19,6164
00919,群益台灣精選高息,59,9,50,中國信託-文心,2023-07-19,6164
4934,太極,48,2,46,中國信託-文心,2023-07-19,6164
3231,緯創,59,13,46,中國信託-文心,2023-07-19,6164
2867,三商壽,44,0,44,中國信託-文心,2023-07-19,6164
6153,嘉聯益,44,0,44,中國信託-文心,2023-07-19,6164
1514,亞力,52,10,42,中國信託-文心,2023-07-19,6164
1104,環泥,42,0,42,中國信託-文心,2023-07-19,6164
2312,金寶,70,29,41,中國信託-文心,2023-07-19,6164
4581,光隆精密-KY,40,0,40,中國信託-文心,2023-07-19,6164
3706,神達,211,172,39,中國信託-文心,2023-07-19,6164
2812,台中銀,52,14,38,中國信託-文心,2023-07-19,6164
00665L,富邦�琤肭磪囓�2,39,2,37,中國信託-文心,2023-07-19,6164
1319,東陽,51,15,36,中國信託-文心,2023-07-19,6164
8105,凌巨,35,1,34,中國信託-文心,2023-07-19,6164
2317,鴻海,53,21,32,中國信託-文心,2023-07-19,6164
2303,聯電,59,27,32,中國信託-文心,2023-07-19,6164
2888,新光金,39,8,31,中國信託-文心,2023-07-19,6164
2105,正新,31,0,31,中國信託-文心,2023-07-19,6164
2603,長榮,50,19,31,中國信託-文心,2023-07-19,6164
2376,技嘉,84,53,31,中國信託-文心,2023-07-19,6164
2421,建準,120,89,31,中國信託-文心,2023-07-19,6164
3380,明泰,33,3,30,中國信託-文心,2023-07-19,6164
2618,長榮航,104,75,29,中國信託-文心,2023-07-19,6164
2316,楠梓電,53,25,28,中國信託-文心,2023-07-19,6164
2313,華通,32,5,27,中國信託-文心,2023-07-19,6164
6412,群電,27,0,27,中國信託-文心,2023-07-19,6164
2382,廣達,69,44,25,中國信託-文心,2023-07-19,6164
2457,飛宏,35,10,25,中國信託-文心,2023-07-19,6164
3624,光頡,25,0,25,中國信託-文心,2023-07-19,6164
910861,神州-DR,24,0,24,中國信託-文心,2023-07-19,6164
5347,世界,26,2,24,中國信託-文心,2023-07-19,6164
4707,磐亞,23,0,23,中國信託-文心,2023-07-19,6164
6126,信音,28,6,22,中國信託-文心,2023-07-19,6164
2323,中環,23,2,21,中國信託-文心,2023-07-19,6164
2436,偉詮電,49,28,21,中國信託-文心,2023-07-19,6164
00715L,期街口布蘭特正2,31,10,21,中國信託-文心,2023-07-19,6164
6133,金橋,20,0,20,中國信託-文心,2023-07-19,6164
3694,海華,22,3,19,中國信託-文心,2023-07-19,6164
2881,富邦金,1813,0,1813,中國信託-文心,2023-07-20,6164
00929,復華台灣科技優息,270,6,264,中國信託-文心,2023-07-20,6164
00712,復華富時不動產,269,61,208,中國信託-文心,2023-07-20,6164
00715L,期街口布蘭特正2,188,0,188,中國信託-文心,2023-07-20,6164
00680L,元大美債20正2,190,5,185,中國信託-文心,2023-07-20,6164
2303,聯電,161,31,130,中國信託-文心,2023-07-20,6164
00924,復華S＆P500成長,52,0,52,中國信託-文心,2023-07-20,6164
910861,神州-DR,50,0,50,中國信託-文心,2023-07-20,6164
2723,美食-KY,50,0,50,中國信託-文心,2023-07-20,6164
00795B,中信美國公債20年,51,2,49,中國信託-文心,2023-07-20,6164
00683L,期元大美元指正2,46,0,46,中國信託-文心,2023-07-20,6164
3037,欣興,139,95,44,中國信託-文心,2023-07-20,6164
2206,三陽工業,53,12,41,中國信託-文心,2023-07-20,6164
2515,中工,112,71,41,中國信託-文心,2023-07-20,6164
6282,康舒,72,32,40,中國信託-文心,2023-07-20,6164
9938,百和,39,1,38,中國信託-文心,2023-07-20,6164
4728,雙美,37,0,37,中國信託-文心,2023-07-20,6164
3289,宜特,104,70,34,中國信託-文心,2023-07-20,6164
6217,中探針,45,14,31,中國信託-文心,2023-07-20,6164
5355,佳總,33,2,31,中國信託-文心,2023-07-20,6164
6796,晉弘,33,2,31,中國信託-文心,2023-07-20,6164
1102,亞泥,31,1,30,中國信託-文心,2023-07-20,6164
2317,鴻海,37,7,30,中國信託-文心,2023-07-20,6164
00753L,中信中國50正2,32,4,28,中國信託-文心,2023-07-20,6164
2312,金寶,37,9,28,中國信託-文心,2023-07-20,6164
4532,瑞智,82,55,27,中國信託-文心,2023-07-20,6164
1736,喬山,45,18,27,中國信託-文心,2023-07-20,6164
2337,旺宏,28,2,26,中國信託-文心,2023-07-20,6164
8050,廣積,26,0,26,中國信託-文心,2023-07-20,6164
1513,中興電,29,4,25,中國信託-文心,2023-07-20,6164
00679B,元大美債20年,30,5,25,中國信託-文心,2023-07-20,6164
4908,前鼎,66,44,22,中國信託-文心,2023-07-20,6164
2313,華通,28,6,22,中國信託-文心,2023-07-20,6164
1907,永豐餘,25,4,21,中國信託-文心,2023-07-20,6164
4581,光隆精密-KY,37,17,20,中國信託-文心,2023-07-20,6164
8215,明基材,28,8,20,中國信託-文心,2023-07-20,6164
5474,聰泰,28,8,20,中國信託-文心,2023-07-20,6164
1467,南緯,20,0,20,中國信託-文心,2023-07-20,6164
2486,一詮,22,2,20,中國信託-文心,2023-07-20,6164
3346,麗清,25,7,18,中國信託-文心,2023-07-20,6164
2705,六福,18,0,18,中國信託-文心,2023-07-20,6164
6414,樺漢,17,0,17,中國信託-文心,2023-07-20,6164
00892,富邦台灣半導體,18,1,17,中國信託-文心,2023-07-20,6164
4123,晟德,93,76,17,中國信託-文心,2023-07-20,6164
6126,信音,17,0,17,中國信託-文心,2023-07-20,6164
2458,義隆,17,1,16,中國信託-文心,2023-07-20,6164
00673R,期元大S＆P原油反1,116,100,16,中國信託-文心,2023-07-20,6164
00724B,群益投資級金融債,15,0,15,中國信託-文心,2023-07-20,6164
2359,所羅門,15,0,15,中國信託-文心,2023-07-20,6164
8069,元太,15,1,14,中國信託-文心,2023-07-20,6164
2881,富邦金,1806,0,1806,中國信託-文心,2023-07-21,6164
1513,中興電,274,107,167,中國信託-文心,2023-07-21,6164
00882,中信中國高股息,114,6,108,中國信託-文心,2023-07-21,6164
00679B,元大美債20年,90,0,90,中國信託-文心,2023-07-21,6164
2303,聯電,114,27,87,中國信託-文心,2023-07-21,6164
0050,元大台灣50,83,1,82,中國信託-文心,2023-07-21,6164
00930,永豐ESG低碳高息,77,0,77,中國信託-文心,2023-07-21,6164
2812,台中銀,73,1,72,中國信託-文心,2023-07-21,6164
3260,威剛,64,2,62,中國信託-文心,2023-07-21,6164
8936,國統,61,2,59,中國信託-文心,2023-07-21,6164
2330,台積電,63,5,58,中國信託-文心,2023-07-21,6164
00927,群益半導體收益,55,0,55,中國信託-文心,2023-07-21,6164
2634,漢翔,57,12,45,中國信託-文心,2023-07-21,6164
2913,農林,48,3,45,中國信託-文心,2023-07-21,6164
3037,欣興,77,35,42,中國信託-文心,2023-07-21,6164
1102,亞泥,43,1,42,中國信託-文心,2023-07-21,6164
3055,蔚華科,41,2,39,中國信託-文心,2023-07-21,6164
00720B,元大投資級公司債,37,0,37,中國信託-文心,2023-07-21,6164
2610,華航,143,108,35,中國信託-文心,2023-07-21,6164
2344,華邦電,38,4,34,中國信託-文心,2023-07-21,6164
2409,友達,58,24,34,中國信託-文心,2023-07-21,6164
1471,首利,31,0,31,中國信託-文心,2023-07-21,6164
1605,華新,33,4,29,中國信託-文心,2023-07-21,6164
1101,台泥,27,0,27,中國信託-文心,2023-07-21,6164
00725B,國泰投資級公司債,27,0,27,中國信託-文心,2023-07-21,6164
00674R,期元大S＆P黃金反1,25,0,25,中國信託-文心,2023-07-21,6164
6874,倍力,29,4,25,中國信託-文心,2023-07-21,6164
6451,訊芯-KY,24,0,24,中國信託-文心,2023-07-21,6164
3047,訊舟,23,0,23,中國信託-文心,2023-07-21,6164
3416,融程電,22,0,22,中國信託-文心,2023-07-21,6164
6116,彩晶,23,3,20,中國信託-文心,2023-07-21,6164
9136,巨騰-DR,20,0,20,中國信託-文心,2023-07-21,6164
6188,廣明,46,26,20,中國信託-文心,2023-07-21,6164
2419,仲琦,77,59,18,中國信託-文心,2023-07-21,6164
3287,廣寰科,20,2,18,中國信託-文心,2023-07-21,6164
4958,臻鼎-KY,18,0,18,中國信託-文心,2023-07-21,6164
6684,安格,17,0,17,中國信託-文心,2023-07-21,6164
4728,雙美,27,10,17,中國信託-文心,2023-07-21,6164
6274,台燿,29,13,16,中國信託-文心,2023-07-21,6164
00713,元大台灣高息低波,17,1,16,中國信託-文心,2023-07-21,6164
00885,富邦越南,16,0,16,中國信託-文心,2023-07-21,6164
2633,台灣高鐵,21,5,16,中國信託-文心,2023-07-21,6164
6158,禾昌,15,0,15,中國信託-文心,2023-07-21,6164
2530,華建,15,0,15,中國信託-文心,2023-07-21,6164
006208,富邦台50,14,0,14,中國信託-文心,2023-07-21,6164
2702,華園,24,10,14,中國信託-文心,2023-07-21,6164
6657,華安,14,0,14,中國信託-文心,2023-07-21,6164
00683L,期元大美元指正2,14,0,14,中國信託-文心,2023-07-21,6164
6227,茂綸,14,0,14,中國信託-文心,2023-07-21,6164
8028,昇陽半導體,15,1,14,中國信託-文心,2023-07-21,6164
2881,富邦金,809,10,799,中國信託-文心,2023-07-24,6164
00673R,期元大S＆P原油反1,286,0,286,中國信託-文心,2023-07-24,6164
00929,復華台灣科技優息,190,13,177,中國信託-文心,2023-07-24,6164
4513,福裕,100,0,100,中國信託-文心,2023-07-24,6164
00900,富邦特選高股息30,93,23,70,中國信託-文心,2023-07-24,6164
00632R,元大台灣50反1,62,6,56,中國信託-文心,2023-07-24,6164
1210,大成,58,3,55,中國信託-文心,2023-07-24,6164
3338,泰碩,67,14,53,中國信託-文心,2023-07-24,6164
2515,中工,109,62,47,中國信託-文心,2023-07-24,6164
2351,順德,44,0,44,中國信託-文心,2023-07-24,6164
00713,元大台灣高息低波,63,20,43,中國信託-文心,2023-07-24,6164
00882,中信中國高股息,38,0,38,中國信託-文心,2023-07-24,6164
2409,友達,44,6,38,中國信託-文心,2023-07-24,6164
2317,鴻海,46,10,36,中國信託-文心,2023-07-24,6164
00679B,元大美債20年,46,10,36,中國信託-文心,2023-07-24,6164
2352,佳世達,54,18,36,中國信託-文心,2023-07-24,6164
1513,中興電,92,57,35,中國信託-文心,2023-07-24,6164
00919,群益台灣精選高息,39,5,34,中國信託-文心,2023-07-24,6164
00687B,國泰20年美債,35,1,34,中國信託-文心,2023-07-24,6164
4541,晟田,33,0,33,中國信託-文心,2023-07-24,6164
2812,台中銀,34,1,33,中國信託-文心,2023-07-24,6164
2603,長榮,63,31,32,中國信託-文心,2023-07-24,6164
2303,聯電,48,16,32,中國信託-文心,2023-07-24,6164
1102,亞泥,29,0,29,中國信託-文心,2023-07-24,6164
1217,愛之味,45,16,29,中國信託-文心,2023-07-24,6164
2457,飛宏,44,16,28,中國信託-文心,2023-07-24,6164
5452,佶優,38,10,28,中國信託-文心,2023-07-24,6164
1609,大亞,201,173,28,中國信託-文心,2023-07-24,6164
1101,台泥,27,0,27,中國信託-文心,2023-07-24,6164
00722B,群益投資級電信債,27,0,27,中國信託-文心,2023-07-24,6164
6257,矽格,28,1,27,中國信託-文心,2023-07-24,6164
3019,亞光,30,3,27,中國信託-文心,2023-07-24,6164
2324,仁寶,42,15,27,中國信託-文心,2023-07-24,6164
2890,永豐金,27,0,27,中國信託-文心,2023-07-24,6164
6285,啟��,36,10,26,中國信託-文心,2023-07-24,6164
3078,僑威,33,7,26,中國信託-文心,2023-07-24,6164
3047,訊舟,27,2,25,中國信託-文心,2023-07-24,6164
3231,緯創,61,37,24,中國信託-文心,2023-07-24,6164
00885,富邦越南,40,17,23,中國信託-文心,2023-07-24,6164
2461,光群雷,29,6,23,中國信託-文心,2023-07-24,6164
5483,中美晶,23,1,22,中國信託-文心,2023-07-24,6164
1471,首利,64,42,22,中國信託-文心,2023-07-24,6164
00683L,期元大美元指正2,22,0,22,中國信託-文心,2023-07-24,6164
4916,事欣科,25,4,21,中國信託-文心,2023-07-24,6164
3706,神達,29,8,21,中國信託-文心,2023-07-24,6164
6125,廣運,69,48,21,中國信託-文心,2023-07-24,6164
2891,中信金,25,4,21,中國信託-文心,2023-07-24,6164
4581,光隆精密-KY,20,0,20,中國信託-文心,2023-07-24,6164
2615,萬海,22,2,20,中國信託-文心,2023-07-24,6164
2022,聚亨,19,0,19,中國信託-文心,2023-07-24,6164
00715L,期街口布蘭特正2,832,4,828,中國信託-文心,2023-07-25,6164
2881,富邦金,805,124,681,中國信託-文心,2023-07-25,6164
2354,鴻準,332,28,304,中國信託-文心,2023-07-25,6164
00632R,元大台灣50反1,119,31,88,中國信託-文心,2023-07-25,6164
6125,廣運,130,51,79,中國信託-文心,2023-07-25,6164
3231,緯創,94,16,78,中國信託-文心,2023-07-25,6164
1612,宏泰,86,12,74,中國信託-文心,2023-07-25,6164
00679B,元大美債20年,70,0,70,中國信託-文心,2023-07-25,6164
2382,廣達,160,91,69,中國信託-文心,2023-07-25,6164
00929,復華台灣科技優息,106,37,69,中國信託-文心,2023-07-25,6164
2812,台中銀,64,1,63,中國信託-文心,2023-07-25,6164
2324,仁寶,74,18,56,中國信託-文心,2023-07-25,6164
5871,中租-KY,64,13,51,中國信託-文心,2023-07-25,6164
2301,光寶科,121,78,43,中國信託-文心,2023-07-25,6164
5210,寶碩,40,0,40,中國信託-文心,2023-07-25,6164
2887,台新金,45,11,34,中國信託-文心,2023-07-25,6164
00712,復華富時不動產,36,2,34,中國信託-文心,2023-07-25,6164
00722B,群益投資級電信債,27,0,27,中國信託-文心,2023-07-25,6164
2353,宏��,67,41,26,中國信託-文心,2023-07-25,6164
5340,建榮,34,9,25,中國信託-文心,2023-07-25,6164
3024,憶聲,36,11,25,中國信託-文心,2023-07-25,6164
2316,楠梓電,28,3,25,中國信託-文心,2023-07-25,6164
2482,連宇,24,0,24,中國信託-文心,2023-07-25,6164
00900,富邦特選高股息30,28,4,24,中國信託-文心,2023-07-25,6164
00680L,元大美債20正2,21,0,21,中國信託-文心,2023-07-25,6164
2633,台灣高鐵,20,0,20,中國信託-文心,2023-07-25,6164
00893,國泰智能電動車,20,0,20,中國信託-文心,2023-07-25,6164
00752,中信中國50,26,7,19,中國信託-文心,2023-07-25,6164
00687B,國泰20年美債,31,12,19,中國信託-文心,2023-07-25,6164
1701,中化,19,0,19,中國信託-文心,2023-07-25,6164
00892,富邦台灣半導體,21,3,18,中國信託-文心,2023-07-25,6164
00664R,國泰臺灣加權反1,18,0,18,中國信託-文心,2023-07-25,6164
5392,能率,20,2,18,中國信託-文心,2023-07-25,6164
1605,華新,28,11,17,中國信託-文心,2023-07-25,6164
2913,農林,16,0,16,中國信託-文心,2023-07-25,6164
2204,中華,34,18,16,中國信託-文心,2023-07-25,6164
00885,富邦越南,17,1,16,中國信託-文心,2023-07-25,6164
2454,聯發科,15,0,15,中國信託-文心,2023-07-25,6164
2376,技嘉,92,78,14,中國信託-文心,2023-07-25,6164
5009,榮剛,18,4,14,中國信託-文心,2023-07-25,6164
2303,聯電,27,13,14,中國信託-文心,2023-07-25,6164
6485,點序,14,0,14,中國信託-文心,2023-07-25,6164
5258,虹堡,28,14,14,中國信託-文心,2023-07-25,6164
1210,大成,15,1,14,中國信託-文心,2023-07-25,6164
2449,京元電子,18,4,14,中國信託-文心,2023-07-25,6164
9941,裕融,15,2,13,中國信託-文心,2023-07-25,6164
1609,大亞,39,26,13,中國信託-文心,2023-07-25,6164
3071,協禧,37,24,13,中國信託-文心,2023-07-25,6164
2401,凌陽,33,20,13,中國信託-文心,2023-07-25,6164
5474,聰泰,20,7,13,中國信託-文心,2023-07-25,6164
2881,富邦金,1212,15,1197,中國信託-文心,2023-07-26,6164
00919,群益台灣精選高息,140,5,135,中國信託-文心,2023-07-26,6164
00929,復華台灣科技優息,133,6,127,中國信託-文心,2023-07-26,6164
2329,華泰,211,97,114,中國信託-文心,2023-07-26,6164
00673R,期元大S＆P原油反1,104,0,104,中國信託-文心,2023-07-26,6164
00753L,中信中國50正2,71,4,67,中國信託-文心,2023-07-26,6164
0056,元大高股息,111,45,66,中國信託-文心,2023-07-26,6164
00878,國泰永續高股息,229,170,59,中國信託-文心,2023-07-26,6164
3689,湧德,86,27,59,中國信託-文心,2023-07-26,6164
2913,農林,55,1,54,中國信託-文心,2023-07-26,6164
1504,東元,180,127,53,中國信託-文心,2023-07-26,6164
6274,台燿,92,41,51,中國信託-文心,2023-07-26,6164
1907,永豐餘,59,13,46,中國信託-文心,2023-07-26,6164
5213,亞昕,46,0,46,中國信託-文心,2023-07-26,6164
00930,永豐ESG低碳高息,45,0,45,中國信託-文心,2023-07-26,6164
00679B,元大美債20年,44,0,44,中國信託-文心,2023-07-26,6164
00687B,國泰20年美債,45,1,44,中國信託-文心,2023-07-26,6164
00927,群益半導體收益,44,2,42,中國信託-文心,2023-07-26,6164
2887,台新金,45,4,41,中國信託-文心,2023-07-26,6164
2376,技嘉,71,33,38,中國信託-文心,2023-07-26,6164
6182,合晶,37,0,37,中國信託-文心,2023-07-26,6164
2357,華碩,36,0,36,中國信託-文心,2023-07-26,6164
2421,建準,63,28,35,中國信託-文心,2023-07-26,6164
2027,大成鋼,34,1,33,中國信託-文心,2023-07-26,6164
2359,所羅門,63,30,33,中國信託-文心,2023-07-26,6164
00857B,永豐20年美公債,30,0,30,中國信託-文心,2023-07-26,6164
1513,中興電,47,18,29,中國信託-文心,2023-07-26,6164
00720B,元大投資級公司債,31,2,29,中國信託-文心,2023-07-26,6164
1618,合機,100,73,27,中國信託-文心,2023-07-26,6164
3029,零壹,74,47,27,中國信託-文心,2023-07-26,6164
2425,承啟,42,17,25,中國信託-文心,2023-07-26,6164
3363,上詮,24,0,24,中國信託-文心,2023-07-26,6164
3706,神達,30,7,23,中國信託-文心,2023-07-26,6164
2382,廣達,96,73,23,中國信託-文心,2023-07-26,6164
2316,楠梓電,23,2,21,中國信託-文心,2023-07-26,6164
8093,保銳,21,0,21,中國信託-文心,2023-07-26,6164
6015,宏遠證,21,1,20,中國信託-文心,2023-07-26,6164
9935,慶豐富,20,0,20,中國信託-文心,2023-07-26,6164
6275,元山,37,18,19,中國信託-文心,2023-07-26,6164
1314,中石化,20,1,19,中國信託-文心,2023-07-26,6164
2010,春源,18,0,18,中國信託-文心,2023-07-26,6164
6770,力積電,26,9,17,中國信託-文心,2023-07-26,6164
2867,三商壽,19,2,17,中國信託-文心,2023-07-26,6164
00885,富邦越南,25,9,16,中國信託-文心,2023-07-26,6164
2436,偉詮電,16,0,16,中國信託-文心,2023-07-26,6164
2002,中鋼,35,19,16,中國信託-文心,2023-07-26,6164
3038,全台,26,10,16,中國信託-文心,2023-07-26,6164
00772B,中信高評級公司債,17,3,14,中國信託-文心,2023-07-26,6164
1514,亞力,17,3,14,中國信託-文心,2023-07-26,6164
1605,華新,17,3,14,中國信託-文心,2023-07-26,6164
2881,富邦金,1612,21,1591,中國信託-文心,2023-07-27,6164
2913,農林,1162,133,1029,中國信託-文心,2023-07-27,6164
9945,潤泰新,459,4,455,中國信託-文心,2023-07-27,6164
00878,國泰永續高股息,361,105,256,中國信託-文心,2023-07-27,6164
2405,輔信,144,36,108,中國信託-文心,2023-07-27,6164
00929,復華台灣科技優息,121,14,107,中國信託-文心,2023-07-27,6164
00687B,國泰20年美債,79,0,79,中國信託-文心,2023-07-27,6164
2317,鴻海,77,4,73,中國信託-文心,2023-07-27,6164
00673R,期元大S＆P原油反1,75,10,65,中國信託-文心,2023-07-27,6164
1802,台玻,65,6,59,中國信託-文心,2023-07-27,6164
2887,台新金,54,0,54,中國信託-文心,2023-07-27,6164
2002,中鋼,54,0,54,中國信託-文心,2023-07-27,6164
00679B,元大美債20年,68,20,48,中國信託-文心,2023-07-27,6164
3481,群創,418,374,44,中國信託-文心,2023-07-27,6164
2812,台中銀,42,0,42,中國信託-文心,2023-07-27,6164
2353,宏��,53,13,40,中國信託-文心,2023-07-27,6164
3037,欣興,77,40,37,中國信託-文心,2023-07-27,6164
00782B,國泰A級公用債,36,0,36,中國信託-文心,2023-07-27,6164
6841,長佳智能,61,30,31,中國信託-文心,2023-07-27,6164
3029,零壹,55,28,27,中國信託-文心,2023-07-27,6164
00715L,期街口布蘭特正2,30,4,26,中國信託-文心,2023-07-27,6164
4414,如興,26,0,26,中國信託-文心,2023-07-27,6164
3231,緯創,47,22,25,中國信託-文心,2023-07-27,6164
2609,陽明,28,3,25,中國信託-文心,2023-07-27,6164
2453,凌群,71,47,24,中國信託-文心,2023-07-27,6164
1587,吉茂,25,2,23,中國信託-文心,2023-07-27,6164
00725B,國泰投資級公司債,20,0,20,中國信託-文心,2023-07-27,6164
1718,中纖,20,0,20,中國信託-文心,2023-07-27,6164
2884,玉山金,45,27,18,中國信託-文心,2023-07-27,6164
8358,金居,51,33,18,中國信託-文心,2023-07-27,6164
2471,資通,36,20,16,中國信託-文心,2023-07-27,6164
00713,元大台灣高息低波,17,2,15,中國信託-文心,2023-07-27,6164
4967,十銓,18,3,15,中國信託-文心,2023-07-27,6164
3163,波若威,80,65,15,中國信託-文心,2023-07-27,6164
1434,福懋,15,0,15,中國信託-文心,2023-07-27,6164
1529,樂事綠能,18,5,13,中國信託-文心,2023-07-27,6164
2633,台灣高鐵,13,0,13,中國信託-文心,2023-07-27,6164
8033,雷虎,13,0,13,中國信託-文心,2023-07-27,6164
00902,中信電池及儲能,39,27,12,中國信託-文心,2023-07-27,6164
8215,明基材,21,9,12,中國信託-文心,2023-07-27,6164
3019,亞光,12,0,12,中國信託-文心,2023-07-27,6164
8088,品安,13,1,12,中國信託-文心,2023-07-27,6164
6125,廣運,147,136,11,中國信託-文心,2023-07-27,6164
00888,永豐台灣ESG,11,0,11,中國信託-文心,2023-07-27,6164
1710,東聯,12,1,11,中國信託-文心,2023-07-27,6164
6116,彩晶,43,32,11,中國信託-文心,2023-07-27,6164
3324,雙鴻,15,4,11,中國信託-文心,2023-07-27,6164
2404,漢唐,12,1,11,中國信託-文心,2023-07-27,6164
3055,蔚華科,17,6,11,中國信託-文心,2023-07-27,6164
4510,高鋒,11,0,11,中國信託-文心,2023-07-27,6164
2881,富邦金,654,2,652,中國信託-文心,2023-07-28,6164
2888,新光金,334,102,232,中國信託-文心,2023-07-28,6164
00679B,元大美債20年,220,7,213,中國信託-文心,2023-07-28,6164
1905,華紙,347,205,142,中國信託-文心,2023-07-28,6164
00720B,元大投資級公司債,115,0,115,中國信託-文心,2023-07-28,6164
2027,大成鋼,108,9,99,中國信託-文心,2023-07-28,6164
2618,長榮航,126,29,97,中國信託-文心,2023-07-28,6164
3231,緯創,309,229,80,中國信託-文心,2023-07-28,6164
00687B,國泰20年美債,78,0,78,中國信託-文心,2023-07-28,6164
1710,東聯,79,2,77,中國信託-文心,2023-07-28,6164
00782B,國泰A級公用債,65,0,65,中國信託-文心,2023-07-28,6164
00713,元大台灣高息低波,66,2,64,中國信託-文心,2023-07-28,6164
6535,順藥,77,14,63,中國信託-文心,2023-07-28,6164
1907,永豐餘,188,127,61,中國信託-文心,2023-07-28,6164
00751B,元大AAA至A公司債,55,0,55,中國信託-文心,2023-07-28,6164
00712,復華富時不動產,59,4,55,中國信託-文心,2023-07-28,6164
00929,復華台灣科技優息,79,25,54,中國信託-文心,2023-07-28,6164
6167,久正,52,0,52,中國信託-文心,2023-07-28,6164
00680L,元大美債20正2,48,0,48,中國信託-文心,2023-07-28,6164
3032,偉訓,48,2,46,中國信託-文心,2023-07-28,6164
2405,輔信,119,73,46,中國信託-文心,2023-07-28,6164
00795B,中信美國公債20年,43,1,42,中國信託-文心,2023-07-28,6164
2515,中工,42,0,42,中國信託-文心,2023-07-28,6164
2303,聯電,96,59,37,中國信託-文心,2023-07-28,6164
2317,鴻海,43,7,36,中國信託-文心,2023-07-28,6164
3029,零壹,39,3,36,中國信託-文心,2023-07-28,6164
2887,台新金,49,14,35,中國信託-文心,2023-07-28,6164
00772B,中信高評級公司債,33,0,33,中國信託-文心,2023-07-28,6164
3033,威健,31,1,30,中國信託-文心,2023-07-28,6164
2633,台灣高鐵,30,0,30,中國信託-文心,2023-07-28,6164
2610,華航,154,127,27,中國信託-文心,2023-07-28,6164
2427,三商電,28,1,27,中國信託-文心,2023-07-28,6164
00857B,永豐20年美公債,26,0,26,中國信託-文心,2023-07-28,6164
00885,富邦越南,32,6,26,中國信託-文心,2023-07-28,6164
00878,國泰永續高股息,94,69,25,中國信託-文心,2023-07-28,6164
6156,松上,25,0,25,中國信託-文心,2023-07-28,6164
2368,金像電,26,1,25,中國信託-文心,2023-07-28,6164
3663,鑫科,27,3,24,中國信託-文心,2023-07-28,6164
00674R,期元大S＆P黃金反1,23,0,23,中國信託-文心,2023-07-28,6164
9136,巨騰-DR,20,0,20,中國信託-文心,2023-07-28,6164
2312,金寶,21,2,19,中國信託-文心,2023-07-28,6164
00664R,國泰臺灣加權反1,19,0,19,中國信託-文心,2023-07-28,6164
2606,裕民,23,4,19,中國信託-文心,2023-07-28,6164
2442,新美齊,20,1,19,中國信託-文心,2023-07-28,6164
2002,中鋼,19,0,19,中國信託-文心,2023-07-28,6164
00725B,國泰投資級公司債,18,0,18,中國信託-文心,2023-07-28,6164
6796,晉弘,19,1,18,中國信託-文心,2023-07-28,6164
00665L,富邦�琤肭磪囓�2,39,22,17,中國信託-文心,2023-07-28,6164
2009,第一銅,20,3,17,中國信託-文心,2023-07-28,6164
00722B,群益投資級電信債,16,0,16,中國信託-文心,2023-07-28,6164
2881,富邦金,1124,117,1007,中國信託-文心,2023-07-31,6164
4513,福裕,115,0,115,中國信託-文心,2023-07-31,6164
2485,兆赫,102,8,94,中國信託-文心,2023-07-31,6164
3231,緯創,246,157,89,中國信託-文心,2023-07-31,6164
00679B,元大美債20年,86,5,81,中國信託-文心,2023-07-31,6164
2301,光寶科,188,120,68,中國信託-文心,2023-07-31,6164
00673R,期元大S＆P原油反1,65,0,65,中國信託-文心,2023-07-31,6164
5340,建榮,64,5,59,中國信託-文心,2023-07-31,6164
5284,jpp-KY,62,3,59,中國信託-文心,2023-07-31,6164
2329,華泰,140,86,54,中國信託-文心,2023-07-31,6164
6147,頎邦,53,0,53,中國信託-文心,2023-07-31,6164
6188,廣明,83,33,50,中國信託-文心,2023-07-31,6164
2462,良得電,48,1,47,中國信託-文心,2023-07-31,6164
3264,欣銓,103,58,45,中國信託-文心,2023-07-31,6164
00900,富邦特選高股息30,50,6,44,中國信託-文心,2023-07-31,6164
2603,長榮,77,35,42,中國信託-文心,2023-07-31,6164
00929,復華台灣科技優息,204,163,41,中國信託-文心,2023-07-31,6164
2371,大同,41,1,40,中國信託-文心,2023-07-31,6164
2363,矽統,48,11,37,中國信託-文心,2023-07-31,6164
0056,元大高股息,188,153,35,中國信託-文心,2023-07-31,6164
00795B,中信美國公債20年,35,0,35,中國信託-文心,2023-07-31,6164
6274,台燿,81,47,34,中國信託-文心,2023-07-31,6164
2002,中鋼,35,2,33,中國信託-文心,2023-07-31,6164
2027,大成鋼,35,2,33,中國信託-文心,2023-07-31,6164
8358,金居,39,8,31,中國信託-文心,2023-07-31,6164
2486,一詮,35,4,31,中國信託-文心,2023-07-31,6164
2358,廷鑫,30,0,30,中國信託-文心,2023-07-31,6164
2457,飛宏,38,10,28,中國信託-文心,2023-07-31,6164
2812,台中銀,29,2,27,中國信託-文心,2023-07-31,6164
6104,創惟,28,2,26,中國信託-文心,2023-07-31,6164
2352,佳世達,42,17,25,中國信託-文心,2023-07-31,6164
2317,鴻海,39,14,25,中國信託-文心,2023-07-31,6164
2867,三商壽,24,0,24,中國信託-文心,2023-07-31,6164
6244,茂迪,24,0,24,中國信託-文心,2023-07-31,6164
1789,神隆,24,0,24,中國信託-文心,2023-07-31,6164
1216,統一,26,3,23,中國信託-文心,2023-07-31,6164
00892,富邦台灣半導體,35,12,23,中國信託-文心,2023-07-31,6164
8215,明基材,25,2,23,中國信託-文心,2023-07-31,6164
1815,富喬,72,50,22,中國信託-文心,2023-07-31,6164
2104,國際中橡,22,1,21,中國信託-文心,2023-07-31,6164
3033,威健,21,0,21,中國信託-文心,2023-07-31,6164
2369,菱生,27,6,21,中國信託-文心,2023-07-31,6164
3346,麗清,24,3,21,中國信託-文心,2023-07-31,6164
2357,華碩,35,14,21,中國信託-文心,2023-07-31,6164
2303,聯電,36,16,20,中國信託-文心,2023-07-31,6164
6806,森崴能源,20,1,19,中國信託-文心,2023-07-31,6164
2402,毅嘉,36,17,19,中國信託-文心,2023-07-31,6164
2353,宏��,32,13,19,中國信託-文心,2023-07-31,6164
00665L,富邦�琤肭磪囓�2,77,59,18,中國信託-文心,2023-07-31,6164
4414,如興,17,0,17,中國信託-文心,2023-07-31,6164
2881,富邦金,500,15,485,中國信託-文心,2023-08-01,6164
2886,兆豐金,279,93,186,中國信託-文心,2023-08-01,6164
00632R,元大台灣50反1,105,0,105,中國信託-文心,2023-08-01,6164
00927,群益半導體收益,100,1,99,中國信託-文心,2023-08-01,6164
00680L,元大美債20正2,73,0,73,中國信託-文心,2023-08-01,6164
00929,復華台灣科技優息,198,126,72,中國信託-文心,2023-08-01,6164
2891,中信金,62,3,59,中國信託-文心,2023-08-01,6164
00878,國泰永續高股息,282,224,58,中國信託-文心,2023-08-01,6164
2409,友達,183,136,47,中國信託-文心,2023-08-01,6164
3105,穩懋,66,19,47,中國信託-文心,2023-08-01,6164
00923,群益台ESG低碳50,47,1,46,中國信託-文心,2023-08-01,6164
1907,永豐餘,65,21,44,中國信託-文心,2023-08-01,6164
00679B,元大美債20年,45,2,43,中國信託-文心,2023-08-01,6164
00665L,富邦�琤肭磪囓�2,42,2,40,中國信託-文心,2023-08-01,6164
2382,廣達,105,67,38,中國信託-文心,2023-08-01,6164
00772B,中信高評級公司債,40,4,36,中國信託-文心,2023-08-01,6164
00902,中信電池及儲能,37,1,36,中國信託-文心,2023-08-01,6164
00919,群益台灣精選高息,36,4,32,中國信託-文心,2023-08-01,6164
6285,啟��,75,43,32,中國信託-文心,2023-08-01,6164
2812,台中銀,31,0,31,中國信託-文心,2023-08-01,6164
5426,振發,30,0,30,中國信託-文心,2023-08-01,6164
3346,麗清,33,7,26,中國信託-文心,2023-08-01,6164
00907,永豐優息存股,38,13,25,中國信託-文心,2023-08-01,6164
5498,凱崴,25,0,25,中國信託-文心,2023-08-01,6164
2312,金寶,113,89,24,中國信託-文心,2023-08-01,6164
2301,光寶科,125,102,23,中國信託-文心,2023-08-01,6164
00673R,期元大S＆P原油反1,165,142,23,中國信託-文心,2023-08-01,6164
5284,jpp-KY,22,0,22,中國信託-文心,2023-08-01,6164
2485,兆赫,25,4,21,中國信託-文心,2023-08-01,6164
1529,樂事綠能,21,0,21,中國信託-文心,2023-08-01,6164
00924,復華S＆P500成長,20,0,20,中國信託-文心,2023-08-01,6164
8105,凌巨,25,5,20,中國信託-文心,2023-08-01,6164
3374,精材,21,1,20,中國信託-文心,2023-08-01,6164
2915,潤泰全,19,0,19,中國信託-文心,2023-08-01,6164
3665,貿聯-KY,24,5,19,中國信託-文心,2023-08-01,6164
2461,光群雷,20,1,19,中國信託-文心,2023-08-01,6164
2458,義隆,19,0,19,中國信託-文心,2023-08-01,6164
1905,華紙,136,118,18,中國信託-文心,2023-08-01,6164
2363,矽統,39,23,16,中國信託-文心,2023-08-01,6164
6218,豪勉,23,7,16,中國信託-文心,2023-08-01,6164
5371,中光電,17,2,15,中國信託-文心,2023-08-01,6164
6161,捷波,15,0,15,中國信託-文心,2023-08-01,6164
3324,雙鴻,19,5,14,中國信託-文心,2023-08-01,6164
3704,合勤控,21,7,14,中國信託-文心,2023-08-01,6164
1513,中興電,60,47,13,中國信託-文心,2023-08-01,6164
3289,宜特,29,16,13,中國信託-文心,2023-08-01,6164
5392,能率,13,0,13,中國信託-文心,2023-08-01,6164
2328,廣宇,13,0,13,中國信託-文心,2023-08-01,6164
4113,聯上,13,0,13,中國信託-文心,2023-08-01,6164
3596,智易,17,4,13,中國信託-文心,2023-08-01,6164
2881,富邦金,2816,16,2800,中國信託-文心,2023-08-02,6164
2886,兆豐金,2388,173,2215,中國信託-文心,2023-08-02,6164
00882,中信中國高股息,341,29,312,中國信託-文心,2023-08-02,6164
00929,復華台灣科技優息,282,5,277,中國信託-文心,2023-08-02,6164
00673R,期元大S＆P原油反1,232,0,232,中國信託-文心,2023-08-02,6164
3481,群創,271,43,228,中國信託-文心,2023-08-02,6164
00773B,中信優先金融債,190,0,190,中國信託-文心,2023-08-02,6164
00712,復華富時不動產,190,6,184,中國信託-文心,2023-08-02,6164
00679B,元大美債20年,184,7,177,中國信託-文心,2023-08-02,6164
00772B,中信高評級公司債,227,60,167,中國信託-文心,2023-08-02,6164
00878,國泰永續高股息,665,508,157,中國信託-文心,2023-08-02,6164
00900,富邦特選高股息30,214,71,143,中國信託-文心,2023-08-02,6164
3231,緯創,313,177,136,中國信託-文心,2023-08-02,6164
00680L,元大美債20正2,133,1,132,中國信託-文心,2023-08-02,6164
0056,元大高股息,239,119,120,中國信託-文心,2023-08-02,6164
00688L,國泰20年美債正2,105,0,105,中國信託-文心,2023-08-02,6164
1605,華新,190,85,105,中國信託-文心,2023-08-02,6164
00923,群益台ESG低碳50,104,0,104,中國信託-文心,2023-08-02,6164
2312,金寶,129,54,75,中國信託-文心,2023-08-02,6164
1313,聯成,78,8,70,中國信託-文心,2023-08-02,6164
2301,光寶科,136,75,61,中國信託-文心,2023-08-02,6164
1905,華紙,164,116,48,中國信託-文心,2023-08-02,6164
2834,臺企銀,47,1,46,中國信託-文心,2023-08-02,6164
2891,中信金,49,3,46,中國信託-文心,2023-08-02,6164
2351,順德,46,0,46,中國信託-文心,2023-08-02,6164
6218,豪勉,49,7,42,中國信託-文心,2023-08-02,6164
8936,國統,52,11,41,中國信託-文心,2023-08-02,6164
0050,元大台灣50,42,1,41,中國信託-文心,2023-08-02,6164
2530,華建,40,0,40,中國信託-文心,2023-08-02,6164
1513,中興電,66,27,39,中國信託-文心,2023-08-02,6164
1504,東元,49,11,38,中國信託-文心,2023-08-02,6164
2409,友達,42,5,37,中國信託-文心,2023-08-02,6164
2002,中鋼,39,3,36,中國信託-文心,2023-08-02,6164
2897,王道銀行,37,2,35,中國信託-文心,2023-08-02,6164
2317,鴻海,39,4,35,中國信託-文心,2023-08-02,6164
4746,台耀,79,44,35,中國信託-文心,2023-08-02,6164
1907,永豐餘,124,90,34,中國信託-文心,2023-08-02,6164
3289,宜特,36,3,33,中國信託-文心,2023-08-02,6164
00722B,群益投資級電信債,35,2,33,中國信託-文心,2023-08-02,6164
2402,毅嘉,76,43,33,中國信託-文心,2023-08-02,6164
6282,康舒,127,96,31,中國信託-文心,2023-08-02,6164
2887,台新金,35,4,31,中國信託-文心,2023-08-02,6164
8076,伍豐,31,0,31,中國信託-文心,2023-08-02,6164
2356,英業達,47,17,30,中國信託-文心,2023-08-02,6164
2347,聯強,30,0,30,中國信託-文心,2023-08-02,6164
2883,凱基金,36,6,30,中國信託-文心,2023-08-02,6164
00927,群益半導體收益,31,3,28,中國信託-文心,2023-08-02,6164
2344,華邦電,40,12,28,中國信託-文心,2023-08-02,6164
6432,今展科,28,0,28,中國信託-文心,2023-08-02,6164
6104,創惟,29,2,27,中國信託-文心,2023-08-02,6164
2881,富邦金,1105,10,1095,中國信託-文心,2023-08-04,6164
2886,兆豐金,617,6,611,中國信託-文心,2023-08-04,6164
00772B,中信高評級公司債,301,1,300,中國信託-文心,2023-08-04,6164
00679B,元大美債20年,275,19,256,中國信託-文心,2023-08-04,6164
2891,中信金,266,12,254,中國信託-文心,2023-08-04,6164
00795B,中信美國公債20年,212,0,212,中國信託-文心,2023-08-04,6164
00687B,國泰20年美債,209,0,209,中國信託-文心,2023-08-04,6164
00900,富邦特選高股息30,159,12,147,中國信託-文心,2023-08-04,6164
00720B,元大投資級公司債,155,15,140,中國信託-文心,2023-08-04,6164
00929,復華台灣科技優息,120,2,118,中國信託-文心,2023-08-04,6164
1802,台玻,155,45,110,中國信託-文心,2023-08-04,6164
00688L,國泰20年美債正2,96,0,96,中國信託-文心,2023-08-04,6164
2530,華建,97,3,94,中國信託-文心,2023-08-04,6164
00878,國泰永續高股息,297,204,93,中國信託-文心,2023-08-04,6164
00773B,中信優先金融債,119,30,89,中國信託-文心,2023-08-04,6164
1605,華新,134,48,86,中國信託-文心,2023-08-04,6164
2344,華邦電,152,68,84,中國信託-文心,2023-08-04,6164
00885,富邦越南,89,18,71,中國信託-文心,2023-08-04,6164
00712,復華富時不動產,126,65,61,中國信託-文心,2023-08-04,6164
00722B,群益投資級電信債,56,0,56,中國信託-文心,2023-08-04,6164
00751B,元大AAA至A公司債,62,15,47,中國信託-文心,2023-08-04,6164
5871,中租-KY,40,0,40,中國信託-文心,2023-08-04,6164
9938,百和,37,1,36,中國信託-文心,2023-08-04,6164
3231,緯創,305,273,32,中國信託-文心,2023-08-04,6164
2498,宏達電,33,2,31,中國信託-文心,2023-08-04,6164
00923,群益台ESG低碳50,31,1,30,中國信託-文心,2023-08-04,6164
00696B,富邦美債20年,30,0,30,中國信託-文心,2023-08-04,6164
6443,元晶,26,1,25,中國信託-文心,2023-08-04,6164
1609,大亞,55,30,25,中國信託-文心,2023-08-04,6164
2884,玉山金,25,1,24,中國信託-文心,2023-08-04,6164
00830,國泰費城半導體,26,2,24,中國信託-文心,2023-08-04,6164
00907,永豐優息存股,27,3,24,中國信託-文心,2023-08-04,6164
1217,愛之味,33,9,24,中國信託-文心,2023-08-04,6164
2002,中鋼,24,0,24,中國信託-文心,2023-08-04,6164
8215,明基材,24,1,23,中國信託-文心,2023-08-04,6164
3029,零壹,28,6,22,中國信託-文心,2023-08-04,6164
1504,東元,35,13,22,中國信託-文心,2023-08-04,6164
2897,王道銀行,21,0,21,中國信託-文心,2023-08-04,6164
6114,久威,23,2,21,中國信託-文心,2023-08-04,6164
2889,國票金,20,1,19,中國信託-文心,2023-08-04,6164
2382,廣達,150,132,18,中國信託-文心,2023-08-04,6164
1210,大成,32,13,19,中國信託-文心,2023-08-04,6164
2023,燁輝,19,1,18,中國信託-文心,2023-08-04,6164
3163,波若威,29,12,17,中國信託-文心,2023-08-04,6164
00881,國泰台灣5G+,26,9,17,中國信託-文心,2023-08-04,6164
00764B,群益25年美債,16,0,16,中國信託-文心,2023-08-04,6164
2330,台積電,23,8,15,中國信託-文心,2023-08-04,6164
2913,農林,248,233,15,中國信託-文心,2023-08-04,6164
3714,富采,16,2,14,中國信託-文心,2023-08-04,6164
5483,中美晶,13,0,13,中國信託-文心,2023-08-04,6164
2881,富邦金,613,7,606,中國信託-文心,2023-08-07,6164
2515,中工,200,0,200,中國信託-文心,2023-08-07,6164
3481,群創,156,17,139,中國信託-文心,2023-08-07,6164
00751B,元大AAA至A公司債,102,1,101,中國信託-文心,2023-08-07,6164
00929,復華台灣科技優息,138,37,101,中國信託-文心,2023-08-07,6164
00882,中信中國高股息,91,0,91,中國信託-文心,2023-08-07,6164
2006,東和鋼鐵,81,1,80,中國信託-文心,2023-08-07,6164
2313,華通,86,9,77,中國信託-文心,2023-08-07,6164
00900,富邦特選高股息30,79,3,76,中國信託-文心,2023-08-07,6164
00772B,中信高評級公司債,67,0,67,中國信託-文心,2023-08-07,6164
2801,彰銀,55,0,55,中國信託-文心,2023-08-07,6164
2317,鴻海,63,9,54,中國信託-文心,2023-08-07,6164
2409,友達,67,15,52,中國信託-文心,2023-08-07,6164
00773B,中信優先金融債,51,0,51,中國信託-文心,2023-08-07,6164
00720B,元大投資級公司債,48,1,47,中國信託-文心,2023-08-07,6164
2610,華航,83,37,46,中國信託-文心,2023-08-07,6164
00931B,統一美債20年,42,0,42,中國信託-文心,2023-08-07,6164
3706,神達,97,57,40,中國信託-文心,2023-08-07,6164
2630,亞航,45,6,39,中國信託-文心,2023-08-07,6164
00688L,國泰20年美債正2,36,1,35,中國信託-文心,2023-08-07,6164
00632R,元大台灣50反1,40,5,35,中國信託-文心,2023-08-07,6164
2329,華泰,49,17,32,中國信託-文心,2023-08-07,6164
00637L,元大滬深300正2,46,17,29,中國信託-文心,2023-08-07,6164
00885,富邦越南,35,9,26,中國信託-文心,2023-08-07,6164
0056,元大高股息,52,25,27,中國信託-文心,2023-08-07,6164
2353,宏��,68,42,26,中國信託-文心,2023-08-07,6164
00902,中信電池及儲能,25,1,24,中國信託-文心,2023-08-07,6164
2303,聯電,30,7,23,中國信託-文心,2023-08-07,6164
3037,欣興,29,7,22,中國信託-文心,2023-08-07,6164
3044,健鼎,26,5,21,中國信託-文心,2023-08-07,6164
3055,蔚華科,21,1,20,中國信託-文心,2023-08-07,6164
4167,松瑞藥,20,0,20,中國信託-文心,2023-08-07,6164
3042,晶技,37,19,18,中國信託-文心,2023-08-07,6164
00923,群益台ESG低碳50,20,3,17,中國信託-文心,2023-08-07,6164
2618,長榮航,87,71,16,中國信託-文心,2023-08-07,6164
3707,漢磊,16,1,15,中國信託-文心,2023-08-07,6164
8201,無敵,18,3,15,中國信託-文心,2023-08-07,6164
4114,健喬,21,7,14,中國信託-文心,2023-08-07,6164
6231,系微,25,11,14,中國信託-文心,2023-08-07,6164
00753L,中信中國50正2,16,2,14,中國信託-文心,2023-08-07,6164
5483,中美晶,15,2,13,中國信託-文心,2023-08-07,6164
6560,欣普羅,13,0,13,中國信託-文心,2023-08-07,6164
2603,長榮,35,22,13,中國信託-文心,2023-08-07,6164
8299,群聯,13,1,12,中國信託-文心,2023-08-07,6164
6770,力積電,22,10,12,中國信託-文心,2023-08-07,6164
6026,福邦證,12,0,12,中國信託-文心,2023-08-07,6164
4977,眾達-KY,14,3,11,中國信託-文心,2023-08-07,6164
3308,聯德,15,4,11,中國信託-文心,2023-08-07,6164
3450,聯鈞,15,4,11,中國信託-文心,2023-08-07,6164
00895,富邦未來車,21,10,11,中國信託-文心,2023-08-07,6164
2881,富邦金,1629,1,1628,中國信託-文心,2023-08-08,6164
2886,兆豐金,1309,1,1308,中國信託-文心,2023-08-08,6164
00715L,期街口布蘭特正2,785,11,774,中國信託-文心,2023-08-08,6164
00900,富邦特選高股息30,423,11,412,中國信託-文心,2023-08-08,6164
00929,復華台灣科技優息,259,3,256,中國信託-文心,2023-08-08,6164
00878,國泰永續高股息,236,56,180,中國信託-文心,2023-08-08,6164
00923,群益台ESG低碳50,162,9,153,中國信託-文心,2023-08-08,6164
3260,威剛,120,0,120,中國信託-文心,2023-08-08,6164
00931B,統一美債20年,104,0,104,中國信託-文心,2023-08-08,6164
2356,英業達,263,165,98,中國信託-文心,2023-08-08,6164
4532,瑞智,80,12,68,中國信託-文心,2023-08-08,6164
3231,緯創,314,247,67,中國信託-文心,2023-08-08,6164
2303,聯電,79,14,65,中國信託-文心,2023-08-08,6164
2027,大成鋼,58,0,58,中國信託-文心,2023-08-08,6164
2316,楠梓電,55,0,55,中國信託-文心,2023-08-08,6164
2801,彰銀,55,0,55,中國信託-文心,2023-08-08,6164
6806,森崴能源,61,6,55,中國信託-文心,2023-08-08,6164
2002,中鋼,54,2,52,中國信託-文心,2023-08-08,6164
00927,群益半導體收益,50,0,50,中國信託-文心,2023-08-08,6164
3580,友威科,63,13,50,中國信託-文心,2023-08-08,6164
1710,東聯,43,0,43,中國信託-文心,2023-08-08,6164
2888,新光金,43,1,42,中國信託-文心,2023-08-08,6164
3576,聯合再生,40,0,40,中國信託-文心,2023-08-08,6164
00919,群益台灣精選高息,42,4,38,中國信託-文心,2023-08-08,6164
00673R,期元大S＆P原油反1,41,4,37,中國信託-文心,2023-08-08,6164
00665L,富邦�琤肭磪囓�2,40,5,35,中國信託-文心,2023-08-08,6164
2634,漢翔,66,34,32,中國信託-文心,2023-08-08,6164
2376,技嘉,73,44,29,中國信託-文心,2023-08-08,6164
2618,長榮航,61,33,28,中國信託-文心,2023-08-08,6164
2352,佳世達,44,18,26,中國信託-文心,2023-08-08,6164
6153,嘉聯益,26,0,26,中國信託-文心,2023-08-08,6164
00753L,中信中國50正2,27,1,26,中國信託-文心,2023-08-08,6164
1504,東元,29,3,26,中國信託-文心,2023-08-08,6164
6841,長佳智能,25,0,25,中國信託-文心,2023-08-08,6164
2887,台新金,26,1,25,中國信託-文心,2023-08-08,6164
2382,廣達,141,117,24,中國信託-文心,2023-08-08,6164
5439,高技,23,0,23,中國信託-文心,2023-08-08,6164
2388,威盛,55,32,23,中國信託-文心,2023-08-08,6164
00907,永豐優息存股,22,0,22,中國信託-文心,2023-08-08,6164
2867,三商壽,20,0,20,中國信託-文心,2023-08-08,6164
2609,陽明,22,3,19,中國信託-文心,2023-08-08,6164
00913,兆豐台灣晶圓製造,18,0,18,中國信託-文心,2023-08-08,6164
3305,昇貿,18,0,18,中國信託-文心,2023-08-08,6164
4934,太極,18,1,17,中國信託-文心,2023-08-08,6164
5871,中租-KY,17,0,17,中國信託-文心,2023-08-08,6164
00713,元大台灣高息低波,17,1,16,中國信託-文心,2023-08-08,6164
1319,東陽,27,11,16,中國信託-文心,2023-08-08,6164
3027,盛達,17,1,16,中國信託-文心,2023-08-08,6164
2890,永豐金,28,12,16,中國信託-文心,2023-08-08,6164
1101,台泥,28,13,15,中國信託-文心,2023-08-08,6164
2881,富邦金,1364,0,1364,中國信託-文心,2023-08-09,6164
00900,富邦特選高股息30,212,15,197,中國信託-文心,2023-08-09,6164
2886,兆豐金,211,23,188,中國信託-文心,2023-08-09,6164
00929,復華台灣科技優息,151,3,148,中國信託-文心,2023-08-09,6164
00882,中信中國高股息,119,10,109,中國信託-文心,2023-08-09,6164
2891,中信金,107,5,102,中國信託-文心,2023-08-09,6164
2316,楠梓電,70,0,70,中國信託-文心,2023-08-09,6164
2801,彰銀,71,2,69,中國信託-文心,2023-08-09,6164
00931B,統一美債20年,80,11,69,中國信託-文心,2023-08-09,6164
00878,國泰永續高股息,170,105,65,中國信託-文心,2023-08-09,6164
3231,緯創,270,215,55,中國信託-文心,2023-08-09,6164
00632R,元大台灣50反1,56,2,54,中國信託-文心,2023-08-09,6164
00782B,國泰A級公用債,50,0,50,中國信託-文心,2023-08-09,6164
2002,中鋼,46,2,44,中國信託-文心,2023-08-09,6164
2367,燿華,41,2,39,中國信託-文心,2023-08-09,6164
1580,新麥,35,0,35,中國信託-文心,2023-08-09,6164
00680L,元大美債20正2,34,1,33,中國信託-文心,2023-08-09,6164
00927,群益半導體收益,31,0,31,中國信託-文心,2023-08-09,6164
1605,華新,31,0,31,中國信託-文心,2023-08-09,6164
00795B,中信美國公債20年,31,0,31,中國信託-文心,2023-08-09,6164
00888,永豐台灣ESG,30,0,30,中國信託-文心,2023-08-09,6164
6182,合晶,30,0,30,中國信託-文心,2023-08-09,6164
2344,華邦電,29,2,27,中國信託-文心,2023-08-09,6164
0050,元大台灣50,30,3,27,中國信託-文心,2023-08-09,6164
00919,群益台灣精選高息,29,4,25,中國信託-文心,2023-08-09,6164
2106,建大,25,0,25,中國信託-文心,2023-08-09,6164
1615,大山,24,0,24,中國信託-文心,2023-08-09,6164
2884,玉山金,25,3,22,中國信託-文心,2023-08-09,6164
2882,國泰金,22,1,21,中國信託-文心,2023-08-09,6164
2633,台灣高鐵,21,0,21,中國信託-文心,2023-08-09,6164
00715L,期街口布蘭特正2,20,0,20,中國信託-文心,2023-08-09,6164
2515,中工,20,0,20,中國信託-文心,2023-08-09,6164
3037,欣興,31,15,16,中國信託-文心,2023-08-09,6164
00751B,元大AAA至A公司債,21,5,16,中國信託-文心,2023-08-09,6164
1319,東陽,65,49,16,中國信託-文心,2023-08-09,6164
2618,長榮航,36,21,15,中國信託-文心,2023-08-09,6164
00907,永豐優息存股,15,0,15,中國信託-文心,2023-08-09,6164
4934,太極,21,6,15,中國信託-文心,2023-08-09,6164
00885,富邦越南,25,10,15,中國信託-文心,2023-08-09,6164
6120,達運,14,0,14,中國信託-文心,2023-08-09,6164
1609,大亞,16,2,14,中國信託-文心,2023-08-09,6164
6147,頎邦,16,2,14,中國信託-文心,2023-08-09,6164
3047,訊舟,14,0,14,中國信託-文心,2023-08-09,6164
5340,建榮,16,2,14,中國信託-文心,2023-08-09,6164
1514,亞力,18,5,13,中國信託-文心,2023-08-09,6164
5880,合庫金,16,4,12,中國信託-文心,2023-08-09,6164
2382,廣達,104,91,13,中國信託-文心,2023-08-09,6164
2027,大成鋼,16,4,12,中國信託-文心,2023-08-09,6164
5484,慧友,12,0,12,中國信託-文心,2023-08-09,6164
2353,宏��,22,11,11,中國信託-文心,2023-08-09,6164
2886,兆豐金,1835,1,1834,中國信託-文心,2023-08-10,6164
2881,富邦金,1322,2,1320,中國信託-文心,2023-08-10,6164
2891,中信金,622,85,537,中國信託-文心,2023-08-10,6164
00878,國泰永續高股息,362,70,292,中國信託-文心,2023-08-10,6164
00900,富邦特選高股息30,207,3,204,中國信託-文心,2023-08-10,6164
00929,復華台灣科技優息,204,10,194,中國信託-文心,2023-08-10,6164
2618,長榮航,273,79,194,中國信託-文心,2023-08-10,6164
0056,元大高股息,211,63,148,中國信託-文心,2023-08-10,6164
3325,旭品,100,6,94,中國信託-文心,2023-08-10,6164
00919,群益台灣精選高息,91,0,91,中國信託-文心,2023-08-10,6164
00671R,富邦NASDAQ反1,96,5,91,中國信託-文心,2023-08-10,6164
00930,永豐ESG低碳高息,87,0,87,中國信託-文心,2023-08-10,6164
6158,禾昌,74,0,74,中國信託-文心,2023-08-10,6164
2610,華航,184,111,73,中國信託-文心,2023-08-10,6164
3706,神達,77,19,58,中國信託-文心,2023-08-10,6164
2363,矽統,153,96,57,中國信託-文心,2023-08-10,6164
00927,群益半導體收益,56,0,56,中國信託-文心,2023-08-10,6164
3260,威剛,52,1,51,中國信託-文心,2023-08-10,6164
00782B,國泰A級公用債,50,0,50,中國信託-文心,2023-08-10,6164
2888,新光金,94,48,46,中國信託-文心,2023-08-10,6164
00850,元大臺灣ESG永續,45,0,45,中國信託-文心,2023-08-10,6164
1504,東元,52,15,37,中國信託-文心,2023-08-10,6164
1313,聯成,34,0,34,中國信託-文心,2023-08-10,6164
0050,元大台灣50,35,2,33,中國信託-文心,2023-08-10,6164
6796,晉弘,43,11,32,中國信託-文心,2023-08-10,6164
1449,佳和,32,0,32,中國信託-文心,2023-08-10,6164
00923,群益台ESG低碳50,31,0,31,中國信託-文心,2023-08-10,6164
00673R,期元大S＆P原油反1,33,3,30,中國信託-文心,2023-08-10,6164
2312,金寶,32,3,29,中國信託-文心,2023-08-10,6164
3037,欣興,52,25,27,中國信託-文心,2023-08-10,6164
00902,中信電池及儲能,37,11,26,中國信託-文心,2023-08-10,6164
2367,燿華,30,4,26,中國信託-文心,2023-08-10,6164
5284,jpp-KY,27,2,25,中國信託-文心,2023-08-10,6164
6282,康舒,77,54,23,中國信託-文心,2023-08-10,6164
2356,英業達,117,95,22,中國信託-文心,2023-08-10,6164
2002,中鋼,24,2,22,中國信託-文心,2023-08-10,6164
2201,裕隆,22,0,22,中國信託-文心,2023-08-10,6164
1605,華新,24,3,21,中國信託-文心,2023-08-10,6164
5340,建榮,21,0,21,中國信託-文心,2023-08-10,6164
5227,立凱-KY,21,0,21,中國信託-文心,2023-08-10,6164
006208,富邦台50,20,0,20,中國信託-文心,2023-08-10,6164
8210,勤誠,23,3,20,中國信託-文心,2023-08-10,6164
2316,楠梓電,34,14,20,中國信託-文心,2023-08-10,6164
2867,三商壽,20,0,20,中國信託-文心,2023-08-10,6164
6188,廣明,52,32,20,中國信託-文心,2023-08-10,6164
00772B,中信高評級公司債,26,6,20,中國信託-文心,2023-08-10,6164
00713,元大台灣高息低波,21,2,19,中國信託-文心,2023-08-10,6164
1533,車王電,21,2,19,中國信託-文心,2023-08-10,6164
2324,仁寶,22,4,18,中國信託-文心,2023-08-10,6164
6841,長佳智能,25,8,17,中國信託-文心,2023-08-10,6164
2881,富邦金,1239,10,1229,中國信託-文心,2023-08-11,6164
2886,兆豐金,1219,2,1217,中國信託-文心,2023-08-11,6164
2891,中信金,617,9,608,中國信託-文心,2023-08-11,6164
2515,中工,202,0,202,中國信託-文心,2023-08-11,6164
2516,新建,338,167,171,中國信託-文心,2023-08-11,6164
00931B,統一美債20年,140,6,134,中國信託-文心,2023-08-11,6164
00929,復華台灣科技優息,130,6,124,中國信託-文心,2023-08-11,6164
00900,富邦特選高股息30,133,22,111,中國信託-文心,2023-08-11,6164
00680L,元大美債20正2,93,10,83,中國信託-文心,2023-08-11,6164
00878,國泰永續高股息,135,58,77,中國信託-文心,2023-08-11,6164
00720B,元大投資級公司債,76,0,76,中國信託-文心,2023-08-11,6164
2892,第一金,64,0,64,中國信託-文心,2023-08-11,6164
00882,中信中國高股息,228,166,62,中國信託-文心,2023-08-11,6164
00923,群益台ESG低碳50,64,2,62,中國信託-文心,2023-08-11,6164
1605,華新,67,8,59,中國信託-文心,2023-08-11,6164
3231,緯創,209,152,57,中國信託-文心,2023-08-11,6164
2301,光寶科,68,24,44,中國信託-文心,2023-08-11,6164
00687B,國泰20年美債,54,11,43,中國信託-文心,2023-08-11,6164
00679B,元大美債20年,45,4,41,中國信託-文心,2023-08-11,6164
2002,中鋼,39,0,39,中國信託-文心,2023-08-11,6164
00902,中信電池及儲能,40,3,37,中國信託-文心,2023-08-11,6164
3325,旭品,54,17,37,中國信託-文心,2023-08-11,6164
00772B,中信高評級公司債,36,0,36,中國信託-文心,2023-08-11,6164
5439,高技,74,38,36,中國信託-文心,2023-08-11,6164
2356,英業達,80,48,32,中國信託-文心,2023-08-11,6164
00751B,元大AAA至A公司債,32,0,32,中國信託-文心,2023-08-11,6164
3481,群創,41,11,30,中國信託-文心,2023-08-11,6164
2316,楠梓電,29,0,29,中國信託-文心,2023-08-11,6164
00637L,元大滬深300正2,51,22,29,中國信託-文心,2023-08-11,6164
2317,鴻海,28,0,28,中國信託-文心,2023-08-11,6164
4933,友輝,26,0,26,中國信託-文心,2023-08-11,6164
00795B,中信美國公債20年,24,0,24,中國信託-文心,2023-08-11,6164
3363,上詮,26,3,23,中國信託-文心,2023-08-11,6164
2027,大成鋼,28,5,23,中國信託-文心,2023-08-11,6164
3580,友威科,20,0,20,中國信託-文心,2023-08-11,6164
6026,福邦證,20,0,20,中國信託-文心,2023-08-11,6164
2867,三商壽,19,0,19,中國信託-文心,2023-08-11,6164
2801,彰銀,19,0,19,中國信託-文心,2023-08-11,6164
3032,偉訓,43,24,19,中國信託-文心,2023-08-11,6164
2330,台積電,19,1,18,中國信託-文心,2023-08-11,6164
6770,力積電,20,3,17,中國信託-文心,2023-08-11,6164
00665L,富邦�琤肭磪囓�2,16,0,16,中國信託-文心,2023-08-11,6164
4958,臻鼎-KY,17,1,16,中國信託-文心,2023-08-11,6164
3037,欣興,38,24,14,中國信託-文心,2023-08-11,6164
2440,太空梭,21,7,14,中國信託-文心,2023-08-11,6164
4564,元翎,14,0,14,中國信託-文心,2023-08-11,6164
00764B,群益25年美債,14,0,14,中國信託-文心,2023-08-11,6164
2409,友達,34,20,14,中國信託-文心,2023-08-11,6164
2884,玉山金,14,1,13,中國信託-文心,2023-08-11,6164
3105,穩懋,16,3,13,中國信託-文心,2023-08-11,6164
2881,富邦金,1820,8,1812,中國信託-文心,2023-08-14,6164
2886,兆豐金,1611,31,1580,中國信託-文心,2023-08-14,6164
2891,中信金,1496,85,1411,中國信託-文心,2023-08-14,6164
00900,富邦特選高股息30,578,37,541,中國信託-文心,2023-08-14,6164
00929,復華台灣科技優息,402,17,385,中國信託-文心,2023-08-14,6164
00923,群益台ESG低碳50,202,3,199,中國信託-文心,2023-08-14,6164
2515,中工,526,350,176,中國信託-文心,2023-08-14,6164
2530,華建,167,0,167,中國信託-文心,2023-08-14,6164
00919,群益台灣精選高息,63,1,62,中國信託-文心,2023-08-14,6164
2610,華航,133,77,56,中國信託-文心,2023-08-14,6164
2618,長榮航,145,90,55,中國信託-文心,2023-08-14,6164
2344,華邦電,74,19,55,中國信託-文心,2023-08-14,6164
0050,元大台灣50,61,6,55,中國信託-文心,2023-08-14,6164
3027,盛達,52,1,51,中國信託-文心,2023-08-14,6164
00632R,元大台灣50反1,100,53,47,中國信託-文心,2023-08-14,6164
00902,中信電池及儲能,64,18,46,中國信託-文心,2023-08-14,6164
00885,富邦越南,46,1,45,中國信託-文心,2023-08-14,6164
8097,常珵,46,1,45,中國信託-文心,2023-08-14,6164
2363,矽統,112,72,40,中國信託-文心,2023-08-14,6164
2812,台中銀,39,1,38,中國信託-文心,2023-08-14,6164
00753L,中信中國50正2,38,0,38,中國信託-文心,2023-08-14,6164
2356,英業達,107,71,36,中國信託-文心,2023-08-14,6164
0056,元大高股息,75,39,36,中國信託-文心,2023-08-14,6164
2913,農林,44,9,35,中國信託-文心,2023-08-14,6164
2462,良得電,34,0,34,中國信託-文心,2023-08-14,6164
2002,中鋼,44,11,33,中國信託-文心,2023-08-14,6164
2882,國泰金,35,3,32,中國信託-文心,2023-08-14,6164
00720B,元大投資級公司債,32,0,32,中國信託-文心,2023-08-14,6164
2027,大成鋼,33,2,31,中國信託-文心,2023-08-14,6164
1513,中興電,35,5,30,中國信託-文心,2023-08-14,6164
2201,裕隆,37,7,30,中國信託-文心,2023-08-14,6164
3325,旭品,32,3,29,中國信託-文心,2023-08-14,6164
2892,第一金,31,3,28,中國信託-文心,2023-08-14,6164
2303,聯電,31,3,28,中國信託-文心,2023-08-14,6164
1504,東元,29,1,28,中國信託-文心,2023-08-14,6164
9945,潤泰新,27,0,27,中國信託-文心,2023-08-14,6164
2801,彰銀,26,0,26,中國信託-文心,2023-08-14,6164
6026,福邦證,26,0,26,中國信託-文心,2023-08-14,6164
3703,欣陸,25,0,25,中國信託-文心,2023-08-14,6164
00927,群益半導體收益,24,0,24,中國信託-文心,2023-08-14,6164
4532,瑞智,24,0,24,中國信託-文心,2023-08-14,6164
00907,永豐優息存股,24,0,24,中國信託-文心,2023-08-14,6164
3706,神達,36,13,23,中國信託-文心,2023-08-14,6164
006208,富邦台50,24,1,23,中國信託-文心,2023-08-14,6164
00665L,富邦�琤肭磪囓�2,31,9,22,中國信託-文心,2023-08-14,6164
8112,至上,23,2,21,中國信託-文心,2023-08-14,6164
2204,中華,31,10,21,中國信託-文心,2023-08-14,6164
3044,健鼎,38,18,20,中國信託-文心,2023-08-14,6164
9905,大華,20,0,20,中國信託-文心,2023-08-14,6164
1449,佳和,20,0,20,中國信託-文心,2023-08-14,6164
2881,富邦金,1860,4,1856,中國信託-文心,2023-08-15,6164
2886,兆豐金,1225,12,1213,中國信託-文心,2023-08-15,6164
2891,中信金,904,12,892,中國信託-文心,2023-08-15,6164
00878,國泰永續高股息,479,155,324,中國信託-文心,2023-08-15,6164
00715L,期街口布蘭特正2,317,2,315,中國信託-文心,2023-08-15,6164
00929,復華台灣科技優息,255,21,234,中國信託-文心,2023-08-15,6164
2515,中工,200,0,200,中國信託-文心,2023-08-15,6164
00923,群益台ESG低碳50,193,0,193,中國信託-文心,2023-08-15,6164
00632R,元大台灣50反1,115,11,104,中國信託-文心,2023-08-15,6164
3374,精材,102,0,102,中國信託-文心,2023-08-15,6164
00900,富邦特選高股息30,108,13,95,中國信託-文心,2023-08-15,6164
2317,鴻海,99,16,83,中國信託-文心,2023-08-15,6164
9934,成霖,101,34,67,中國信託-文心,2023-08-15,6164
2618,長榮航,81,15,66,中國信託-文心,2023-08-15,6164
1802,台玻,59,0,59,中國信託-文心,2023-08-15,6164
2324,仁寶,219,161,58,中國信託-文心,2023-08-15,6164
3231,緯創,230,183,47,中國信託-文心,2023-08-15,6164
00795B,中信美國公債20年,36,0,36,中國信託-文心,2023-08-15,6164
2530,華建,33,0,33,中國信託-文心,2023-08-15,6164
3078,僑威,60,28,32,中國信託-文心,2023-08-15,6164
00679B,元大美債20年,55,24,31,中國信託-文心,2023-08-15,6164
4938,和碩,31,1,30,中國信託-文心,2023-08-15,6164
00712,復華富時不動產,49,20,29,中國信託-文心,2023-08-15,6164
2344,華邦電,36,8,28,中國信託-文心,2023-08-15,6164
2002,中鋼,26,0,26,中國信託-文心,2023-08-15,6164
2401,凌陽,25,0,25,中國信託-文心,2023-08-15,6164
00753L,中信中國50正2,24,0,24,中國信託-文心,2023-08-15,6164
00722B,群益投資級電信債,24,0,24,中國信託-文心,2023-08-15,6164
2884,玉山金,27,3,24,中國信託-文心,2023-08-15,6164
2883,凱基金,23,0,23,中國信託-文心,2023-08-15,6164
3481,群創,34,12,22,中國信託-文心,2023-08-15,6164
00931B,統一美債20年,22,1,21,中國信託-文心,2023-08-15,6164
00924,復華S＆P500成長,21,1,20,中國信託-文心,2023-08-15,6164
6743,安普新,20,0,20,中國信託-文心,2023-08-15,6164
2485,兆赫,20,0,20,中國信託-文心,2023-08-15,6164
6192,巨路,20,0,20,中國信託-文心,2023-08-15,6164
2887,台新金,21,2,19,中國信託-文心,2023-08-15,6164
2834,臺企銀,20,1,19,中國信託-文心,2023-08-15,6164
2892,第一金,21,2,19,中國信託-文心,2023-08-15,6164
00882,中信中國高股息,40,22,18,中國信託-文心,2023-08-15,6164
00907,永豐優息存股,17,0,17,中國信託-文心,2023-08-15,6164
5469,瀚宇博,41,25,16,中國信託-文心,2023-08-15,6164
1905,華紙,27,11,16,中國信託-文心,2023-08-15,6164
3706,神達,40,24,16,中國信託-文心,2023-08-15,6164
2356,英業達,110,96,14,中國信託-文心,2023-08-15,6164
2355,敬鵬,14,0,14,中國信託-文心,2023-08-15,6164
2890,永豐金,14,0,14,中國信託-文心,2023-08-15,6164
2027,大成鋼,15,1,14,中國信託-文心,2023-08-15,6164
1319,東陽,59,45,14,中國信託-文心,2023-08-15,6164
2201,裕隆,16,3,13,中國信託-文心,2023-08-15,6164
2332,友訊,377,123,254,中國信託-文心,2023-08-16,6164
00929,復華台灣科技優息,237,34,203,中國信託-文心,2023-08-16,6164
2515,中工,150,0,150,中國信託-文心,2023-08-16,6164
00878,國泰永續高股息,188,41,147,中國信託-文心,2023-08-16,6164
2303,聯電,154,13,141,中國信託-文心,2023-08-16,6164
2610,華航,195,58,137,中國信託-文心,2023-08-16,6164
4414,如興,128,14,114,中國信託-文心,2023-08-16,6164
2883,凱基金,85,8,77,中國信託-文心,2023-08-16,6164
00919,群益台灣精選高息,74,0,74,中國信託-文心,2023-08-16,6164
00715L,期街口布蘭特正2,74,1,73,中國信託-文心,2023-08-16,6164
2890,永豐金,74,2,72,中國信託-文心,2023-08-16,6164
00900,富邦特選高股息30,80,10,70,中國信託-文心,2023-08-16,6164
00902,中信電池及儲能,68,0,68,中國信託-文心,2023-08-16,6164
2324,仁寶,161,96,65,中國信託-文心,2023-08-16,6164
00923,群益台ESG低碳50,86,35,51,中國信託-文心,2023-08-16,6164
2516,新建,50,0,50,中國信託-文心,2023-08-16,6164
2002,中鋼,51,2,49,中國信託-文心,2023-08-16,6164
00676R,富邦臺灣加權反1,66,20,46,中國信託-文心,2023-08-16,6164
00772B,中信高評級公司債,44,0,44,中國信託-文心,2023-08-16,6164
2886,兆豐金,43,2,41,中國信託-文心,2023-08-16,6164
00931B,統一美債20年,40,0,40,中國信託-文心,2023-08-16,6164
2913,農林,51,13,38,中國信託-文心,2023-08-16,6164
00673R,期元大S＆P原油反1,38,6,32,中國信託-文心,2023-08-16,6164
2867,三商壽,32,0,32,中國信託-文心,2023-08-16,6164
4950,牧東,31,1,30,中國信託-文心,2023-08-16,6164
2601,益航,30,0,30,中國信託-文心,2023-08-16,6164
6114,久威,30,1,29,中國信託-文心,2023-08-16,6164
9945,潤泰新,35,6,29,中國信託-文心,2023-08-16,6164
2344,華邦電,29,1,28,中國信託-文心,2023-08-16,6164
00632R,元大台灣50反1,30,2,28,中國信託-文心,2023-08-16,6164
1101,台泥,30,2,28,中國信託-文心,2023-08-16,6164
00907,永豐優息存股,27,0,27,中國信託-文心,2023-08-16,6164
3325,旭品,31,4,27,中國信託-文心,2023-08-16,6164
00795B,中信美國公債20年,27,0,27,中國信託-文心,2023-08-16,6164
1802,台玻,30,5,25,中國信託-文心,2023-08-16,6164
00751B,元大AAA至A公司債,23,0,23,中國信託-文心,2023-08-16,6164
3044,健鼎,25,4,21,中國信託-文心,2023-08-16,6164
00888,永豐台灣ESG,26,5,21,中國信託-文心,2023-08-16,6164
00687B,國泰20年美債,26,6,20,中國信託-文心,2023-08-16,6164
006208,富邦台50,21,1,20,中國信託-文心,2023-08-16,6164
00665L,富邦�琤肭磪囓�2,26,6,20,中國信託-文心,2023-08-16,6164
8069,元太,21,2,19,中國信託-文心,2023-08-16,6164
1789,神隆,18,0,18,中國信託-文心,2023-08-16,6164
6005,群益證,18,0,18,中國信託-文心,2023-08-16,6164
2801,彰銀,17,0,17,中國信託-文心,2023-08-16,6164
2329,華泰,45,28,17,中國信託-文心,2023-08-16,6164
0050,元大台灣50,16,0,16,中國信託-文心,2023-08-16,6164
00631L,元大台灣50正2,16,1,15,中國信託-文心,2023-08-16,6164
00753L,中信中國50正2,27,12,15,中國信託-文心,2023-08-16,6164
2543,皇昌,15,0,15,中國信託-文心,2023-08-16,6164
00715L,期街口布蘭特正2,210,0,210,中國信託-文心,2023-08-17,6164
00772B,中信高評級公司債,165,0,165,中國信託-文心,2023-08-17,6164
2891,中信金,169,4,165,中國信託-文心,2023-08-17,6164
00929,復華台灣科技優息,165,1,164,中國信託-文心,2023-08-17,6164
00885,富邦越南,108,0,108,中國信託-文心,2023-08-17,6164
3231,緯創,425,323,102,中國信託-文心,2023-08-17,6164
00712,復華富時不動產,124,33,91,中國信託-文心,2023-08-17,6164
00892,富邦台灣半導體,90,6,84,中國信託-文心,2023-08-17,6164
2002,中鋼,76,0,76,中國信託-文心,2023-08-17,6164
00679B,元大美債20年,83,13,70,中國信託-文心,2023-08-17,6164
00686R,群益臺灣加權反1,61,0,61,中國信託-文心,2023-08-17,6164
00753L,中信中國50正2,57,3,54,中國信託-文心,2023-08-17,6164
00773B,中信優先金融債,53,0,53,中國信託-文心,2023-08-17,6164
2303,聯電,82,30,52,中國信託-文心,2023-08-17,6164
00676R,富邦臺灣加權反1,66,15,51,中國信託-文心,2023-08-17,6164
2516,新建,50,1,49,中國信託-文心,2023-08-17,6164
3044,健鼎,68,19,49,中國信託-文心,2023-08-17,6164
00706L,期元大S＆P日圓正2,67,20,47,中國信託-文心,2023-08-17,6164
2618,長榮航,70,26,44,中國信託-文心,2023-08-17,6164
00751B,元大AAA至A公司債,39,0,39,中國信託-文心,2023-08-17,6164
2355,敬鵬,49,10,39,中國信託-文心,2023-08-17,6164
3056,富華新,42,3,39,中國信託-文心,2023-08-17,6164
00664R,國泰臺灣加權反1,37,0,37,中國信託-文心,2023-08-17,6164
3576,聯合再生,32,0,32,中國信託-文心,2023-08-17,6164
00687B,國泰20年美債,32,1,31,中國信託-文心,2023-08-17,6164
9945,潤泰新,39,9,30,中國信託-文心,2023-08-17,6164
2457,飛宏,33,3,30,中國信託-文心,2023-08-17,6164
00902,中信電池及儲能,29,0,29,中國信託-文心,2023-08-17,6164
2323,中環,36,10,26,中國信託-文心,2023-08-17,6164
4414,如興,31,5,26,中國信託-文心,2023-08-17,6164
6282,康舒,56,32,24,中國信託-文心,2023-08-17,6164
6770,力積電,28,7,21,中國信託-文心,2023-08-17,6164
1904,正隆,21,0,21,中國信託-文心,2023-08-17,6164
00696B,富邦美債20年,21,0,21,中國信託-文心,2023-08-17,6164
2332,友訊,38,17,21,中國信託-文心,2023-08-17,6164
00720B,元大投資級公司債,21,0,21,中國信託-文心,2023-08-17,6164
2884,玉山金,31,10,21,中國信託-文心,2023-08-17,6164
6197,佳必琪,20,0,20,中國信託-文心,2023-08-17,6164
00923,群益台ESG低碳50,21,2,19,中國信託-文心,2023-08-17,6164
00764B,群益25年美債,19,0,19,中國信託-文心,2023-08-17,6164
1101,台泥,19,0,19,中國信託-文心,2023-08-17,6164
2812,台中銀,21,2,19,中國信託-文心,2023-08-17,6164
2409,友達,19,1,18,中國信託-文心,2023-08-17,6164
00665L,富邦�琤肭磪囓�2,37,20,17,中國信託-文心,2023-08-17,6164
00900,富邦特選高股息30,16,0,16,中國信託-文心,2023-08-17,6164
2890,永豐金,24,8,16,中國信託-文心,2023-08-17,6164
5371,中光電,18,2,16,中國信託-文心,2023-08-17,6164
2867,三商壽,28,12,16,中國信託-文心,2023-08-17,6164
3483,力致,28,12,16,中國信託-文心,2023-08-17,6164
2356,英業達,113,98,15,中國信託-文心,2023-08-17,6164
00929,復華台灣科技優息,480,12,468,中國信託-文心,2023-08-18,6164
00673R,期元大S＆P原油反1,483,20,463,中國信託-文心,2023-08-18,6164
3231,緯創,407,219,188,中國信託-文心,2023-08-18,6164
00878,國泰永續高股息,259,107,152,中國信託-文心,2023-08-18,6164
00712,復華富時不動產,178,26,152,中國信託-文心,2023-08-18,6164
00772B,中信高評級公司債,87,0,87,中國信託-文心,2023-08-18,6164
00676R,富邦臺灣加權反1,66,1,65,中國信託-文心,2023-08-18,6164
00686R,群益臺灣加權反1,61,0,61,中國信託-文心,2023-08-18,6164
1609,大亞,74,16,58,中國信託-文心,2023-08-18,6164
3056,富華新,60,5,55,中國信託-文心,2023-08-18,6164
00900,富邦特選高股息30,49,1,48,中國信託-文心,2023-08-18,6164
00720B,元大投資級公司債,41,0,41,中國信託-文心,2023-08-18,6164
2363,矽統,182,143,39,中國信託-文心,2023-08-18,6164
1504,東元,76,38,38,中國信託-文心,2023-08-18,6164
00664R,國泰臺灣加權反1,37,0,37,中國信託-文心,2023-08-18,6164
2913,農林,41,4,37,中國信託-文心,2023-08-18,6164
2344,華邦電,35,0,35,中國信託-文心,2023-08-18,6164
2402,毅嘉,119,86,33,中國信託-文心,2023-08-18,6164
2324,仁寶,110,77,33,中國信託-文心,2023-08-18,6164
00923,群益台ESG低碳50,35,2,33,中國信託-文心,2023-08-18,6164
3005,神基,36,4,32,中國信託-文心,2023-08-18,6164
2515,中工,30,0,30,中國信託-文心,2023-08-18,6164
00679B,元大美債20年,31,1,30,中國信託-文心,2023-08-18,6164
2834,臺企銀,28,0,28,中國信託-文心,2023-08-18,6164
2353,宏��,41,13,28,中國信託-文心,2023-08-18,6164
2356,英業達,184,157,27,中國信託-文心,2023-08-18,6164
2618,長榮航,37,10,27,中國信託-文心,2023-08-18,6164
00891,中信關鍵半導體,27,0,27,中國信託-文心,2023-08-18,6164
5381,合正,27,0,27,中國信託-文心,2023-08-18,6164
1101,台泥,27,1,26,中國信託-文心,2023-08-18,6164
2610,華航,31,6,25,中國信託-文心,2023-08-18,6164
2883,凱基金,25,0,25,中國信託-文心,2023-08-18,6164
2891,中信金,39,14,25,中國信託-文心,2023-08-18,6164
2867,三商壽,23,0,23,中國信託-文心,2023-08-18,6164
00902,中信電池及儲能,27,5,22,中國信託-文心,2023-08-18,6164
9945,潤泰新,21,0,21,中國信託-文心,2023-08-18,6164
00753L,中信中國50正2,25,4,21,中國信託-文心,2023-08-18,6164
3624,光頡,22,2,20,中國信託-文心,2023-08-18,6164
5213,亞昕,20,0,20,中國信託-文心,2023-08-18,6164
3321,同泰,19,0,19,中國信託-文心,2023-08-18,6164
3044,健鼎,32,14,18,中國信託-文心,2023-08-18,6164
2313,華通,20,2,18,中國信託-文心,2023-08-18,6164
2382,廣達,157,140,17,中國信託-文心,2023-08-18,6164
2880,華南金,17,0,17,中國信託-文心,2023-08-18,6164
3035,智原,58,41,17,中國信託-文心,2023-08-18,6164
2316,楠梓電,16,0,16,中國信託-文心,2023-08-18,6164
3689,湧德,29,13,16,中國信託-文心,2023-08-18,6164
00882,中信中國高股息,27,12,15,中國信託-文心,2023-08-18,6164
2371,大同,16,1,15,中國信託-文心,2023-08-18,6164
00931B,統一美債20年,15,0,15,中國信託-文心,2023-08-18,6164
00929,復華台灣科技優息,332,41,291,中國信託-文心,2023-08-21,6164
00931B,統一美債20年,140,0,140,中國信託-文心,2023-08-21,6164
2516,新建,201,80,121,中國信託-文心,2023-08-21,6164
2883,凱基金,117,0,117,中國信託-文心,2023-08-21,6164
2374,佳能,110,4,106,中國信託-文心,2023-08-21,6164
00712,復華富時不動產,102,0,102,中國信託-文心,2023-08-21,6164
00923,群益台ESG低碳50,52,0,52,中國信託-文心,2023-08-21,6164
8109,博大,51,0,51,中國信託-文心,2023-08-21,6164
00679B,元大美債20年,72,31,41,中國信託-文心,2023-08-21,6164
00715L,期街口布蘭特正2,40,0,40,中國信託-文心,2023-08-21,6164
00919,群益台灣精選高息,41,1,40,中國信託-文心,2023-08-21,6164
00687B,國泰20年美債,39,0,39,中國信託-文心,2023-08-21,6164
5488,松普,36,1,35,中國信託-文心,2023-08-21,6164
6257,矽格,33,1,32,中國信託-文心,2023-08-21,6164
00753L,中信中國50正2,29,0,29,中國信託-文心,2023-08-21,6164
6139,亞翔,40,13,27,中國信託-文心,2023-08-21,6164
00795B,中信美國公債20年,25,0,25,中國信託-文心,2023-08-21,6164
00882,中信中國高股息,64,39,25,中國信託-文心,2023-08-21,6164
2886,兆豐金,27,2,25,中國信託-文心,2023-08-21,6164
9904,寶成,23,0,23,中國信託-文心,2023-08-21,6164
3047,訊舟,70,47,23,中國信託-文心,2023-08-21,6164
2457,飛宏,28,7,21,中國信託-文心,2023-08-21,6164
2405,輔信,23,2,21,中國信託-文心,2023-08-21,6164
2359,所羅門,31,10,21,中國信託-文心,2023-08-21,6164
2317,鴻海,23,2,21,中國信託-文心,2023-08-21,6164
3306,鼎天,65,45,20,中國信託-文心,2023-08-21,6164
2605,新興,27,7,20,中國信託-文心,2023-08-21,6164
2606,裕民,51,33,18,中國信託-文心,2023-08-21,6164
00907,永豐優息存股,16,0,16,中國信託-文心,2023-08-21,6164
1218,泰山,16,1,15,中國信託-文心,2023-08-21,6164
00656R,國泰中國A50反1,15,0,15,中國信託-文心,2023-08-21,6164
6117,迎廣,19,4,15,中國信託-文心,2023-08-21,6164
2610,華航,24,11,13,中國信託-文心,2023-08-21,6164
2441,超豐,12,0,12,中國信託-文心,2023-08-21,6164
1802,台玻,12,0,12,中國信託-文心,2023-08-21,6164
6108,競國,12,0,12,中國信託-文心,2023-08-21,6164
2330,台積電,25,13,12,中國信託-文心,2023-08-21,6164
3682,亞太電,10,0,10,中國信託-文心,2023-08-21,6164
4909,新復興,10,0,10,中國信託-文心,2023-08-21,6164
5243,乙盛-KY,10,0,10,中國信託-文心,2023-08-21,6164
00680L,元大美債20正2,13,3,10,中國信託-文心,2023-08-21,6164
8431,匯鑽科,10,0,10,中國信託-文心,2023-08-21,6164
5213,亞昕,10,0,10,中國信託-文心,2023-08-21,6164
00751B,元大AAA至A公司債,10,1,9,中國信託-文心,2023-08-21,6164
3515,華擎,18,9,9,中國信託-文心,2023-08-21,6164
2415,錩新,11,2,9,中國信託-文心,2023-08-21,6164
00892,富邦台灣半導體,13,4,9,中國信託-文心,2023-08-21,6164
2867,三商壽,9,0,9,中國信託-文心,2023-08-21,6164
6592,和潤企業,8,0,8,中國信託-文心,2023-08-21,6164
2030,彰源,8,0,8,中國信託-文心,2023-08-21,6164
00673R,期元大S＆P原油反1,1372,5,1367,中國信託-文心,2023-08-22,6164
00929,復華台灣科技優息,272,42,230,中國信託-文心,2023-08-22,6164
2618,長榮航,267,87,180,中國信託-文心,2023-08-22,6164
2312,金寶,321,171,150,中國信託-文心,2023-08-22,6164
2515,中工,100,0,100,中國信託-文心,2023-08-22,6164
3163,波若威,143,47,96,中國信託-文心,2023-08-22,6164
00665L,富邦�琤肭磪囓�2,80,0,80,中國信託-文心,2023-08-22,6164
00772B,中信高評級公司債,75,2,73,中國信託-文心,2023-08-22,6164
00679B,元大美債20年,80,7,73,中國信託-文心,2023-08-22,6164
2363,矽統,257,190,67,中國信託-文心,2023-08-22,6164
00753L,中信中國50正2,62,0,62,中國信託-文心,2023-08-22,6164
2891,中信金,69,12,57,中國信託-文心,2023-08-22,6164
8240,華宏,47,1,46,中國信託-文心,2023-08-22,6164
2002,中鋼,43,0,43,中國信託-文心,2023-08-22,6164
00712,復華富時不動產,49,8,41,中國信託-文心,2023-08-22,6164
1513,中興電,51,11,40,中國信託-文心,2023-08-22,6164
2409,友達,48,8,40,中國信託-文心,2023-08-22,6164
00687B,國泰20年美債,38,0,38,中國信託-文心,2023-08-22,6164
1471,首利,39,3,36,中國信託-文心,2023-08-22,6164
2883,凱基金,37,2,35,中國信託-文心,2023-08-22,6164
2913,農林,35,0,35,中國信託-文心,2023-08-22,6164
3231,緯創,210,178,32,中國信託-文心,2023-08-22,6164
6142,友勁,32,0,32,中國信託-文心,2023-08-22,6164
2440,太空梭,30,0,30,中國信託-文心,2023-08-22,6164
2886,兆豐金,31,2,29,中國信託-文心,2023-08-22,6164
00882,中信中國高股息,61,34,27,中國信託-文心,2023-08-22,6164
00637L,元大滬深300正2,35,8,27,中國信託-文心,2023-08-22,6164
3044,健鼎,59,34,25,中國信託-文心,2023-08-22,6164
6229,研通,23,0,23,中國信託-文心,2023-08-22,6164
1314,中石化,25,2,23,中國信託-文心,2023-08-22,6164
6244,茂迪,22,0,22,中國信託-文心,2023-08-22,6164
2303,聯電,35,14,21,中國信託-文心,2023-08-22,6164
6125,廣運,79,59,20,中國信託-文心,2023-08-22,6164
2353,宏��,27,7,20,中國信託-文心,2023-08-22,6164
4979,華星光,40,21,19,中國信託-文心,2023-08-22,6164
2316,楠梓電,20,1,19,中國信託-文心,2023-08-22,6164
2884,玉山金,20,1,19,中國信託-文心,2023-08-22,6164
2382,廣達,161,142,19,中國信託-文心,2023-08-22,6164
2356,英業達,148,130,18,中國信託-文心,2023-08-22,6164
00885,富邦越南,17,0,17,中國信託-文心,2023-08-22,6164
2421,建準,108,91,17,中國信託-文心,2023-08-22,6164
00655L,國泰中國A50正2,17,0,17,中國信託-文心,2023-08-22,6164
00696B,富邦美債20年,17,0,17,中國信託-文心,2023-08-22,6164
4906,正文,65,48,17,中國信託-文心,2023-08-22,6164
1529,樂事綠能,15,0,15,中國信託-文心,2023-08-22,6164
1907,永豐餘,15,0,15,中國信託-文心,2023-08-22,6164
2748,雲品,14,0,14,中國信託-文心,2023-08-22,6164
6285,啟��,27,13,14,中國信託-文心,2023-08-22,6164
2880,華南金,13,0,13,中國信託-文心,2023-08-22,6164
2812,台中銀,14,1,13,中國信託-文心,2023-08-22,6164
00929,復華台灣科技優息,243,62,181,中國信託-文心,2023-08-23,6164
00919,群益台灣精選高息,110,6,104,中國信託-文心,2023-08-23,6164
00712,復華富時不動產,93,0,93,中國信託-文心,2023-08-23,6164
1605,華新,84,0,84,中國信託-文心,2023-08-23,6164
00679B,元大美債20年,75,0,75,中國信託-文心,2023-08-23,6164
8109,博大,60,4,56,中國信託-文心,2023-08-23,6164
2867,三商壽,53,0,53,中國信託-文心,2023-08-23,6164
2303,聯電,55,4,51,中國信託-文心,2023-08-23,6164
2515,中工,51,4,47,中國信託-文心,2023-08-23,6164
2606,裕民,64,24,40,中國信託-文心,2023-08-23,6164
1319,東陽,40,4,36,中國信託-文心,2023-08-23,6164
6156,松上,33,1,32,中國信託-文心,2023-08-23,6164
00650L,復華香港正2,30,0,30,中國信託-文心,2023-08-23,6164
1301,台塑,28,0,28,中國信託-文心,2023-08-23,6164
3042,晶技,24,0,24,中國信託-文心,2023-08-23,6164
2880,華南金,22,0,22,中國信託-文心,2023-08-23,6164
00902,中信電池及儲能,22,0,22,中國信託-文心,2023-08-23,6164
2610,華航,43,25,18,中國信託-文心,2023-08-23,6164
00632R,元大台灣50反1,30,12,18,中國信託-文心,2023-08-23,6164
3715,定穎投控,57,41,16,中國信託-文心,2023-08-23,6164
2002,中鋼,19,3,16,中國信託-文心,2023-08-23,6164
00753L,中信中國50正2,17,1,16,中國信託-文心,2023-08-23,6164
8027,鈦昇,16,1,15,中國信託-文心,2023-08-23,6164
4532,瑞智,15,0,15,中國信託-文心,2023-08-23,6164
2301,光寶科,34,20,14,中國信託-文心,2023-08-23,6164
9904,寶成,14,0,14,中國信託-文心,2023-08-23,6164
1218,泰山,14,0,14,中國信託-文心,2023-08-23,6164
1314,中石化,19,6,13,中國信託-文心,2023-08-23,6164
5371,中光電,22,10,12,中國信託-文心,2023-08-23,6164
5009,榮剛,32,20,12,中國信託-文心,2023-08-23,6164
2882,國泰金,12,0,12,中國信託-文心,2023-08-23,6164
00923,群益台ESG低碳50,14,2,12,中國信託-文心,2023-08-23,6164
9938,百和,16,4,12,中國信託-文心,2023-08-23,6164
1905,華紙,12,1,11,中國信託-文心,2023-08-23,6164
2834,臺企銀,13,2,11,中國信託-文心,2023-08-23,6164
00772B,中信高評級公司債,11,0,11,中國信託-文心,2023-08-23,6164
1519,華城,36,26,10,中國信託-文心,2023-08-23,6164
4979,華星光,41,31,10,中國信託-文心,2023-08-23,6164
4510,高鋒,10,0,10,中國信託-文心,2023-08-23,6164
2520,冠德,10,0,10,中國信託-文心,2023-08-23,6164
2601,益航,10,0,10,中國信託-文心,2023-08-23,6164
2748,雲品,14,4,10,中國信託-文心,2023-08-23,6164
3032,偉訓,12,2,10,中國信託-文心,2023-08-23,6164
00631L,元大台灣50正2,9,0,9,中國信託-文心,2023-08-23,6164
2329,華泰,38,30,8,中國信託-文心,2023-08-23,6164
6531,愛普*,19,11,8,中國信託-文心,2023-08-23,6164
2883,凱基金,8,0,8,中國信託-文心,2023-08-23,6164
3483,力致,24,16,8,中國信託-文心,2023-08-23,6164
4728,雙美,8,0,8,中國信託-文心,2023-08-23,6164
2612,中航,8,0,8,中國信託-文心,2023-08-23,6164
2890,永豐金,303,8,295,中國信託-文心,2023-08-24,6164
00929,復華台灣科技優息,311,115,196,中國信託-文心,2023-08-24,6164
2363,矽統,291,187,104,中國信託-文心,2023-08-24,6164
00895,富邦未來車,100,8,92,中國信託-文心,2023-08-24,6164
3231,緯創,428,356,72,中國信託-文心,2023-08-24,6164
00931B,統一美債20年,73,5,68,中國信託-文心,2023-08-24,6164
00919,群益台灣精選高息,70,4,66,中國信託-文心,2023-08-24,6164
3706,神達,93,27,66,中國信託-文心,2023-08-24,6164
00632R,元大台灣50反1,70,5,65,中國信託-文心,2023-08-24,6164
2515,中工,60,2,58,中國信託-文心,2023-08-24,6164
2634,漢翔,127,82,45,中國信託-文心,2023-08-24,6164
2880,華南金,40,0,40,中國信託-文心,2023-08-24,6164
2882,國泰金,56,16,40,中國信託-文心,2023-08-24,6164
2382,廣達,183,145,38,中國信託-文心,2023-08-24,6164
1591,駿吉-KY,40,2,38,中國信託-文心,2023-08-24,6164
2609,陽明,50,12,38,中國信託-文心,2023-08-24,6164
2883,凱基金,38,0,38,中國信託-文心,2023-08-24,6164
2002,中鋼,73,37,36,中國信託-文心,2023-08-24,6164
6126,信音,36,1,35,中國信託-文心,2023-08-24,6164
6196,帆宣,33,0,33,中國信託-文心,2023-08-24,6164
9919,康那香,30,0,30,中國信託-文心,2023-08-24,6164
00648R,元大S＆P500反1,30,0,30,中國信託-文心,2023-08-24,6164
00892,富邦台灣半導體,30,0,30,中國信託-文心,2023-08-24,6164
2368,金像電,56,30,26,中國信託-文心,2023-08-24,6164
6443,元晶,25,1,24,中國信託-文心,2023-08-24,6164
9904,寶成,24,0,24,中國信託-文心,2023-08-24,6164
1471,首利,40,16,24,中國信託-文心,2023-08-24,6164
00900,富邦特選高股息30,27,5,22,中國信託-文心,2023-08-24,6164
6229,研通,20,0,20,中國信託-文心,2023-08-24,6164
3701,大眾控,20,0,20,中國信託-文心,2023-08-24,6164
6168,宏齊,24,5,19,中國信託-文心,2023-08-24,6164
2324,仁寶,44,26,18,中國信託-文心,2023-08-24,6164
3078,僑威,25,8,17,中國信託-文心,2023-08-24,6164
3011,今皓,17,0,17,中國信託-文心,2023-08-24,6164
2329,華泰,71,54,17,中國信託-文心,2023-08-24,6164
00923,群益台ESG低碳50,18,2,16,中國信託-文心,2023-08-24,6164
2355,敬鵬,24,8,16,中國信託-文心,2023-08-24,6164
6219,富旺,16,0,16,中國信託-文心,2023-08-24,6164
8027,鈦昇,28,13,15,中國信託-文心,2023-08-24,6164
6426,統新,15,0,15,中國信託-文心,2023-08-24,6164
3483,力致,27,12,15,中國信託-文心,2023-08-24,6164
00773B,中信優先金融債,14,0,14,中國信託-文心,2023-08-24,6164
2399,映泰,23,9,14,中國信託-文心,2023-08-24,6164
8210,勤誠,22,9,13,中國信託-文心,2023-08-24,6164
5347,世界,13,0,13,中國信託-文心,2023-08-24,6164
2801,彰銀,13,0,13,中國信託-文心,2023-08-24,6164
2419,仲琦,115,103,12,中國信託-文心,2023-08-24,6164
3051,力特,18,6,12,中國信託-文心,2023-08-24,6164
00679B,元大美債20年,15,3,12,中國信託-文心,2023-08-24,6164
2618,長榮航,112,101,11,中國信託-文心,2023-08-24,6164
00715L,期街口布蘭特正2,761,41,720,中國信託-文心,2023-08-25,6164
00878,國泰永續高股息,424,14,410,中國信託-文心,2023-08-25,6164
2890,永豐金,405,2,403,中國信託-文心,2023-08-25,6164
00929,復華台灣科技優息,301,37,264,中國信託-文心,2023-08-25,6164
3231,緯創,494,241,253,中國信託-文心,2023-08-25,6164
2891,中信金,192,0,192,中國信託-文心,2023-08-25,6164
2486,一詮,108,5,103,中國信託-文心,2023-08-25,6164
00919,群益台灣精選高息,81,6,75,中國信託-文心,2023-08-25,6164
6770,力積電,73,2,71,中國信託-文心,2023-08-25,6164
2610,華航,87,26,61,中國信託-文心,2023-08-25,6164
3037,欣興,66,9,57,中國信託-文心,2023-08-25,6164
0056,元大高股息,71,14,57,中國信託-文心,2023-08-25,6164
2356,英業達,98,46,52,中國信託-文心,2023-08-25,6164
0050,元大台灣50,44,0,44,中國信託-文心,2023-08-25,6164
2382,廣達,115,71,44,中國信託-文心,2023-08-25,6164
6168,宏齊,48,7,41,中國信託-文心,2023-08-25,6164
1216,統一,36,0,36,中國信託-文心,2023-08-25,6164
2317,鴻海,50,15,35,中國信託-文心,2023-08-25,6164
2368,金像電,53,19,34,中國信託-文心,2023-08-25,6164
2303,聯電,50,16,34,中國信託-文心,2023-08-25,6164
00712,復華富時不動產,30,0,30,中國信託-文心,2023-08-25,6164
5381,合正,57,28,29,中國信託-文心,2023-08-25,6164
2316,楠梓電,25,0,25,中國信託-文心,2023-08-25,6164
2301,光寶科,41,17,24,中國信託-文心,2023-08-25,6164
3583,辛耘,25,3,22,中國信託-文心,2023-08-25,6164
1101,台泥,23,1,22,中國信託-文心,2023-08-25,6164
2427,三商電,22,0,22,中國信託-文心,2023-08-25,6164
3011,今皓,26,4,22,中國信託-文心,2023-08-25,6164
2618,長榮航,34,12,22,中國信託-文心,2023-08-25,6164
00923,群益台ESG低碳50,21,0,21,中國信託-文心,2023-08-25,6164
3466,德晉,20,0,20,中國信託-文心,2023-08-25,6164
2633,台灣高鐵,20,0,20,中國信託-文心,2023-08-25,6164
3094,聯傑,30,10,20,中國信託-文心,2023-08-25,6164
00830,國泰費城半導體,19,1,18,中國信託-文心,2023-08-25,6164
2344,華邦電,20,2,18,中國信託-文心,2023-08-25,6164
00753L,中信中國50正2,18,0,18,中國信託-文心,2023-08-25,6164
00683L,期元大美元指正2,18,0,18,中國信託-文心,2023-08-25,6164
6229,研通,17,0,17,中國信託-文心,2023-08-25,6164
2329,華泰,45,29,16,中國信託-文心,2023-08-25,6164
3044,健鼎,30,14,16,中國信託-文心,2023-08-25,6164
00671R,富邦NASDAQ反1,15,0,15,中國信託-文心,2023-08-25,6164
9950,萬國通,16,1,15,中國信託-文心,2023-08-25,6164
2353,宏��,22,7,15,中國信託-文心,2023-08-25,6164
3622,洋華,15,0,15,中國信託-文心,2023-08-25,6164
2002,中鋼,38,23,15,中國信託-文心,2023-08-25,6164
2880,華南金,14,0,14,中國信託-文心,2023-08-25,6164
1737,臺鹽,17,3,14,中國信託-文心,2023-08-25,6164
2723,美食-KY,15,1,14,中國信託-文心,2023-08-25,6164
3056,富華新,13,0,13,中國信託-文心,2023-08-25,6164
2014,中鴻,13,0,13,中國信託-文心,2023-08-25,6164
00929,復華台灣科技優息,261,36,225,中國信託-文心,2023-08-28,6164
00878,國泰永續高股息,202,60,142,中國信託-文心,2023-08-28,6164
2516,新建,185,80,105,中國信託-文心,2023-08-28,6164
3260,威剛,103,0,103,中國信託-文心,2023-08-28,6164
00706L,期元大S＆P日圓正2,103,1,102,中國信託-文心,2023-08-28,6164
2388,威盛,83,21,62,中國信託-文心,2023-08-28,6164
00919,群益台灣精選高息,55,0,55,中國信託-文心,2023-08-28,6164
6743,安普新,51,1,50,中國信託-文心,2023-08-28,6164
1471,首利,46,5,41,中國信託-文心,2023-08-28,6164
00712,復華富時不動產,42,1,41,中國信託-文心,2023-08-28,6164
00665L,富邦�琤肭磪囓�2,46,6,40,中國信託-文心,2023-08-28,6164
1591,駿吉-KY,40,0,40,中國信託-文心,2023-08-28,6164
2359,所羅門,59,21,38,中國信託-文心,2023-08-28,6164
2618,長榮航,111,77,34,中國信託-文心,2023-08-28,6164
2324,仁寶,49,16,33,中國信託-文心,2023-08-28,6164
2634,漢翔,95,62,33,中國信託-文心,2023-08-28,6164
2332,友訊,36,4,32,中國信託-文心,2023-08-28,6164
2449,京元電子,77,47,30,中國信託-文心,2023-08-28,6164
8410,森田,59,30,29,中國信託-文心,2023-08-28,6164
3037,欣興,31,5,26,中國信託-文心,2023-08-28,6164
2323,中環,30,5,25,中國信託-文心,2023-08-28,6164
1313,聯成,30,5,25,中國信託-文心,2023-08-28,6164
2331,精英,74,49,25,中國信託-文心,2023-08-28,6164
5469,瀚宇博,31,8,23,中國信託-文心,2023-08-28,6164
5880,合庫金,22,0,22,中國信託-文心,2023-08-28,6164
2301,光寶科,30,8,22,中國信託-文心,2023-08-28,6164
2355,敬鵬,47,26,21,中國信託-文心,2023-08-28,6164
2887,台新金,29,9,20,中國信託-文心,2023-08-28,6164
0056,元大高股息,39,18,21,中國信託-文心,2023-08-28,6164
2369,菱生,26,7,19,中國信託-文心,2023-08-28,6164
2382,廣達,98,80,18,中國信託-文心,2023-08-28,6164
2891,中信金,32,14,18,中國信託-文心,2023-08-28,6164
2468,華經,18,1,17,中國信託-文心,2023-08-28,6164
3481,群創,63,46,17,中國信託-文心,2023-08-28,6164
2353,宏��,27,11,16,中國信託-文心,2023-08-28,6164
2812,台中銀,20,5,15,中國信託-文心,2023-08-28,6164
00891,中信關鍵半導體,15,0,15,中國信託-文心,2023-08-28,6164
1305,華夏,15,0,15,中國信託-文心,2023-08-28,6164
9919,康那香,16,2,14,中國信託-文心,2023-08-28,6164
6126,信音,14,0,14,中國信託-文心,2023-08-28,6164
2014,中鴻,16,2,14,中國信託-文心,2023-08-28,6164
00893,國泰智能電動車,26,13,13,中國信託-文心,2023-08-28,6164
00885,富邦越南,20,8,12,中國信託-文心,2023-08-28,6164
6147,頎邦,14,2,12,中國信託-文心,2023-08-28,6164
6578,達邦蛋白,12,0,12,中國信託-文心,2023-08-28,6164
2883,凱基金,12,0,12,中國信託-文心,2023-08-28,6164
1904,正隆,16,4,12,中國信託-文心,2023-08-28,6164
1737,臺鹽,50,38,12,中國信託-文心,2023-08-28,6164
3702,大聯大,11,0,11,中國信託-文心,2023-08-28,6164
4572,駐龍,12,1,11,中國信託-文心,2023-08-28,6164
3231,緯創,177,84,93,中國信託-文心,2023-08-29,6164
2516,新建,60,0,60,中國信託-文心,2023-08-29,6164
00878,國泰永續高股息,88,39,49,中國信託-文心,2023-08-29,6164
00919,群益台灣精選高息,48,0,48,中國信託-文心,2023-08-29,6164
3044,健鼎,50,3,47,中國信託-文心,2023-08-29,6164
1471,首利,43,0,43,中國信託-文心,2023-08-29,6164
00929,復華台灣科技優息,71,31,40,中國信託-文心,2023-08-29,6164
2449,京元電子,52,21,31,中國信託-文心,2023-08-29,6164
2014,中鴻,31,0,31,中國信託-文心,2023-08-29,6164
00632R,元大台灣50反1,40,10,30,中國信託-文心,2023-08-29,6164
3551,世禾,22,1,21,中國信託-文心,2023-08-29,6164
00633L,富邦上証正2,20,0,20,中國信託-文心,2023-08-29,6164
00665L,富邦�琤肭磪囓�2,29,10,19,中國信託-文心,2023-08-29,6164
4707,磐亞,19,0,19,中國信託-文心,2023-08-29,6164
00679B,元大美債20年,20,2,18,中國信託-文心,2023-08-29,6164
6122,擎邦,19,2,17,中國信託-文心,2023-08-29,6164
2303,聯電,70,54,16,中國信託-文心,2023-08-29,6164
1503,士電,15,0,15,中國信託-文心,2023-08-29,6164
4414,如興,14,0,14,中國信託-文心,2023-08-29,6164
3481,群創,15,2,13,中國信託-文心,2023-08-29,6164
6235,華孚,32,19,13,中國信託-文心,2023-08-29,6164
00637L,元大滬深300正2,17,4,13,中國信託-文心,2023-08-29,6164
0056,元大高股息,16,4,12,中國信託-文心,2023-08-29,6164
2615,萬海,12,0,12,中國信託-文心,2023-08-29,6164
5880,合庫金,13,2,11,中國信託-文心,2023-08-29,6164
2405,輔信,11,0,11,中國信託-文心,2023-08-29,6164
2340,台亞,14,3,11,中國信託-文心,2023-08-29,6164
3308,聯德,22,11,11,中國信託-文心,2023-08-29,6164
2484,希華,11,0,11,中國信託-文心,2023-08-29,6164
2323,中環,12,1,11,中國信託-文心,2023-08-29,6164
2634,漢翔,70,60,10,中國信託-文心,2023-08-29,6164
2618,長榮航,56,46,10,中國信託-文心,2023-08-29,6164
00757,統一FANG+,10,0,10,中國信託-文心,2023-08-29,6164
6116,彩晶,15,5,10,中國信託-文心,2023-08-29,6164
1445,大宇,10,0,10,中國信託-文心,2023-08-29,6164
8011,台通,10,0,10,中國信託-文心,2023-08-29,6164
00680L,元大美債20正2,10,0,10,中國信託-文心,2023-08-29,6164
1227,佳格,10,0,10,中國信託-文心,2023-08-29,6164
00687B,國泰20年美債,10,0,10,中國信託-文心,2023-08-29,6164
2748,雲品,10,0,10,中國信託-文心,2023-08-29,6164
6229,研通,10,0,10,中國信託-文心,2023-08-29,6164
2002,中鋼,23,14,9,中國信託-文心,2023-08-29,6164
3596,智易,12,3,9,中國信託-文心,2023-08-29,6164
1720,生達,9,0,9,中國信託-文心,2023-08-29,6164
00772B,中信高評級公司債,8,0,8,中國信託-文心,2023-08-29,6164
3004,豐達科,10,2,8,中國信託-文心,2023-08-29,6164
4113,聯上,8,0,8,中國信託-文心,2023-08-29,6164
2301,光寶科,15,8,7,中國信託-文心,2023-08-29,6164
00830,國泰費城半導體,7,0,7,中國信託-文心,2023-08-29,6164
2610,華航,13,6,7,中國信託-文心,2023-08-29,6164
5871,中租-KY,112,5,107,中國信託-文心,2023-08-30,6164
2618,長榮航,120,16,104,中國信託-文心,2023-08-30,6164
6282,康舒,51,3,48,中國信託-文心,2023-08-30,6164
00878,國泰永續高股息,69,25,44,中國信託-文心,2023-08-30,6164
5009,榮剛,35,6,29,中國信託-文心,2023-08-30,6164
3481,群創,35,7,28,中國信託-文心,2023-08-30,6164
2630,亞航,40,12,28,中國信託-文心,2023-08-30,6164
4916,事欣科,58,30,28,中國信託-文心,2023-08-30,6164
1319,東陽,39,11,28,中國信託-文心,2023-08-30,6164
00751B,元大AAA至A公司債,26,0,26,中國信託-文心,2023-08-30,6164
00664R,國泰臺灣加權反1,23,0,23,中國信託-文心,2023-08-30,6164
1609,大亞,25,2,23,中國信託-文心,2023-08-30,6164
2014,中鴻,22,0,22,中國信託-文心,2023-08-30,6164
00715L,期街口布蘭特正2,31,10,21,中國信託-文心,2023-08-30,6164
5469,瀚宇博,22,3,19,中國信託-文心,2023-08-30,6164
2301,光寶科,36,18,18,中國信託-文心,2023-08-30,6164
6122,擎邦,20,2,18,中國信託-文心,2023-08-30,6164
2376,技嘉,59,41,18,中國信託-文心,2023-08-30,6164
00712,復華富時不動產,24,7,17,中國信託-文心,2023-08-30,6164
2891,中信金,18,1,17,中國信託-文心,2023-08-30,6164
3715,定穎投控,117,101,16,中國信託-文心,2023-08-30,6164
00673R,期元大S＆P原油反1,18,3,15,中國信託-文心,2023-08-30,6164
3051,力特,30,15,15,中國信託-文心,2023-08-30,6164
2888,新光金,33,18,15,中國信託-文心,2023-08-30,6164
2886,兆豐金,13,0,13,中國信託-文心,2023-08-30,6164
2883B,凱基金乙特,13,0,13,中國信託-文心,2023-08-30,6164
3011,今皓,28,15,13,中國信託-文心,2023-08-30,6164
00919,群益台灣精選高息,19,6,13,中國信託-文心,2023-08-30,6164
00679B,元大美債20年,13,0,13,中國信託-文心,2023-08-30,6164
2887,台新金,13,0,13,中國信託-文心,2023-08-30,6164
00882,中信中國高股息,17,5,12,中國信託-文心,2023-08-30,6164
2337,旺宏,88,77,11,中國信託-文心,2023-08-30,6164
2312,金寶,15,4,11,中國信託-文心,2023-08-30,6164
3363,上詮,12,1,11,中國信託-文心,2023-08-30,6164
6191,精成科,12,1,11,中國信託-文心,2023-08-30,6164
1524,耿鼎,11,0,11,中國信託-文心,2023-08-30,6164
2353,宏��,14,3,11,中國信託-文心,2023-08-30,6164
00719B,元大美債1-3,10,0,10,中國信託-文心,2023-08-30,6164
2538,基泰,10,0,10,中國信託-文心,2023-08-30,6164
00929,復華台灣科技優息,85,76,9,中國信託-文心,2023-08-30,6164
3706,神達,9,0,9,中國信託-文心,2023-08-30,6164
8033,雷虎,12,3,9,中國信託-文心,2023-08-30,6164
3094,聯傑,10,1,9,中國信託-文心,2023-08-30,6164
00637L,元大滬深300正2,15,6,9,中國信託-文心,2023-08-30,6164
3044,健鼎,15,6,9,中國信託-文心,2023-08-30,6164
00885,富邦越南,10,2,8,中國信託-文心,2023-08-30,6164
3019,亞光,9,1,8,中國信託-文心,2023-08-30,6164
5347,世界,8,0,8,中國信託-文心,2023-08-30,6164
1522,堤維西,8,0,8,中國信託-文心,2023-08-30,6164
6138,茂達,11,3,8,中國信託-文心,2023-08-30,6164
2337,旺宏,143,42,101,中國信託-文心,2023-08-31,6164
1605,華新,103,7,96,中國信託-文心,2023-08-31,6164
2485,兆赫,142,72,70,中國信託-文心,2023-08-31,6164
00919,群益台灣精選高息,68,0,68,中國信託-文心,2023-08-31,6164
00929,復華台灣科技優息,153,95,58,中國信託-文心,2023-08-31,6164
6168,宏齊,55,1,54,中國信託-文心,2023-08-31,6164
1802,台玻,64,13,51,中國信託-文心,2023-08-31,6164
2834,臺企銀,49,1,48,中國信託-文心,2023-08-31,6164
2412,中華電,44,1,43,中國信託-文心,2023-08-31,6164
2618,長榮航,80,40,40,中國信託-文心,2023-08-31,6164
2891,中信金,43,4,39,中國信託-文心,2023-08-31,6164
2303,聯電,55,18,37,中國信託-文心,2023-08-31,6164
3694,海華,35,1,34,中國信託-文心,2023-08-31,6164
00882,中信中國高股息,33,3,30,中國信託-文心,2023-08-31,6164
2610,華航,69,43,26,中國信託-文心,2023-08-31,6164
2880,華南金,30,4,26,中國信託-文心,2023-08-31,6164
1101,台泥,30,5,25,中國信託-文心,2023-08-31,6164
2486,一詮,40,15,25,中國信託-文心,2023-08-31,6164
2630,亞航,49,24,25,中國信託-文心,2023-08-31,6164
2890,永豐金,25,0,25,中國信託-文心,2023-08-31,6164
00772B,中信高評級公司債,31,8,23,中國信託-文心,2023-08-31,6164
2887,台新金,29,6,23,中國信託-文心,2023-08-31,6164
2002,中鋼,27,5,22,中國信託-文心,2023-08-31,6164
2883,凱基金,22,0,22,中國信託-文心,2023-08-31,6164
2409,友達,134,113,21,中國信託-文心,2023-08-31,6164
6127,九豪,20,0,20,中國信託-文心,2023-08-31,6164
2301,光寶科,40,22,18,中國信託-文心,2023-08-31,6164
3051,力特,24,6,18,中國信託-文心,2023-08-31,6164
00878,國泰永續高股息,74,56,18,中國信託-文心,2023-08-31,6164
9904,寶成,16,0,16,中國信託-文心,2023-08-31,6164
2376,技嘉,57,41,16,中國信託-文心,2023-08-31,6164
1529,樂事綠能,16,0,16,中國信託-文心,2023-08-31,6164
3038,全台,16,0,16,中國信託-文心,2023-08-31,6164
4572,駐龍,15,0,15,中國信託-文心,2023-08-31,6164
6274,台燿,23,8,15,中國信託-文心,2023-08-31,6164
4113,聯上,15,1,14,中國信託-文心,2023-08-31,6164
4541,晟田,19,5,14,中國信託-文心,2023-08-31,6164
1303,南亞,14,0,14,中國信託-文心,2023-08-31,6164
6234,高僑,27,13,14,中國信託-文心,2023-08-31,6164
1904,正隆,13,0,13,中國信託-文心,2023-08-31,6164
4967,十銓,18,5,13,中國信託-文心,2023-08-31,6164
00891,中信關鍵半導體,13,0,13,中國信託-文心,2023-08-31,6164
2352,佳世達,13,0,13,中國信託-文心,2023-08-31,6164
1301,台塑,13,1,12,中國信託-文心,2023-08-31,6164
3056,富華新,14,2,12,中國信託-文心,2023-08-31,6164
6213,聯茂,69,57,12,中國信託-文心,2023-08-31,6164
2535,達欣工,12,0,12,中國信託-文心,2023-08-31,6164
00665L,富邦�琤肭磪囓�2,12,0,12,中國信託-文心,2023-08-31,6164
2027,大成鋼,11,0,11,中國信託-文心,2023-08-31,6164
2609,陽明,12,1,11,中國信託-文心,2023-08-31,6164
00715L,期街口布蘭特正2,724,32,692,中國信託-文心,2023-09-01,6164
00929,復華台灣科技優息,264,37,227,中國信託-文心,2023-09-01,6164
00919,群益台灣精選高息,199,0,199,中國信託-文心,2023-09-01,6164
3231,緯創,379,199,180,中國信託-文心,2023-09-01,6164
2485,兆赫,202,42,160,中國信託-文心,2023-09-01,6164
00931B,統一美債20年,131,1,130,中國信託-文心,2023-09-01,6164
2891,中信金,113,13,100,中國信託-文心,2023-09-01,6164
00932,兆豐永續高息等權,84,0,84,中國信託-文心,2023-09-01,6164
2363,矽統,383,300,83,中國信託-文心,2023-09-01,6164
00878,國泰永續高股息,95,15,80,中國信託-文心,2023-09-01,6164
2618,長榮航,142,76,66,中國信託-文心,2023-09-01,6164
1605,華新,77,12,65,中國信託-文心,2023-09-01,6164
2610,華航,65,10,55,中國信託-文心,2023-09-01,6164
0056,元大高股息,56,2,54,中國信託-文心,2023-09-01,6164
2906,高林,50,3,47,中國信託-文心,2023-09-01,6164
4906,正文,57,11,46,中國信託-文心,2023-09-01,6164
2356,英業達,60,23,37,中國信託-文心,2023-09-01,6164
2382,廣達,61,25,36,中國信託-文心,2023-09-01,6164
2886,兆豐金,33,0,33,中國信託-文心,2023-09-01,6164
2376,技嘉,50,22,28,中國信託-文心,2023-09-01,6164
2880,華南金,28,0,28,中國信託-文心,2023-09-01,6164
2368,金像電,57,34,23,中國信託-文心,2023-09-01,6164
2301,光寶科,50,28,22,中國信託-文心,2023-09-01,6164
8210,勤誠,38,16,22,中國信託-文心,2023-09-01,6164
9938,百和,23,3,20,中國信託-文心,2023-09-01,6164
4909,新復興,27,7,20,中國信託-文心,2023-09-01,6164
00632R,元大台灣50反1,20,0,20,中國信託-文心,2023-09-01,6164
8093,保銳,20,0,20,中國信託-文心,2023-09-01,6164
8410,森田,36,16,20,中國信託-文心,2023-09-01,6164
3044,健鼎,51,32,19,中國信託-文心,2023-09-01,6164
3032,偉訓,26,7,19,中國信託-文心,2023-09-01,6164
1727,中華化,21,3,18,中國信託-文心,2023-09-01,6164
2027,大成鋼,18,0,18,中國信託-文心,2023-09-01,6164
3308,聯德,88,70,18,中國信託-文心,2023-09-01,6164
4746,台耀,26,8,18,中國信託-文心,2023-09-01,6164
6282,康舒,28,11,17,中國信託-文心,2023-09-01,6164
00907,永豐優息存股,16,0,16,中國信託-文心,2023-09-01,6164
2329,華泰,68,52,16,中國信託-文心,2023-09-01,6164
1519,華城,33,18,15,中國信託-文心,2023-09-01,6164
00885,富邦越南,16,1,15,中國信託-文心,2023-09-01,6164
4967,十銓,29,14,15,中國信託-文心,2023-09-01,6164
6418,詠昇,15,0,15,中國信託-文心,2023-09-01,6164
1101,台泥,15,0,15,中國信託-文心,2023-09-01,6164
3078,僑威,22,7,15,中國信託-文心,2023-09-01,6164
8050,廣積,13,0,13,中國信託-文心,2023-09-01,6164
4155,訊映,12,0,12,中國信託-文心,2023-09-01,6164
3673,TPK-KY,12,0,12,中國信託-文心,2023-09-01,6164
4414,如興,11,0,11,中國信託-文心,2023-09-01,6164
5347,世界,12,1,11,中國信託-文心,2023-09-01,6164
1815,富喬,10,0,10,中國信託-文心,2023-09-01,6164
00929,復華台灣科技優息,132,14,118,中國信託-文心,2023-09-04,6164
2601,益航,80,2,78,中國信託-文心,2023-09-04,6164
1402,遠東新,68,1,67,中國信託-文心,2023-09-04,6164
00795B,中信美國公債20年,63,0,63,中國信託-文心,2023-09-04,6164
2891,中信金,64,3,61,中國信託-文心,2023-09-04,6164
2834,臺企銀,56,5,51,中國信託-文心,2023-09-04,6164
1802,台玻,136,92,44,中國信託-文心,2023-09-04,6164
00919,群益台灣精選高息,66,22,44,中國信託-文心,2023-09-04,6164
2402,毅嘉,236,194,42,中國信託-文心,2023-09-04,6164
2610,華航,41,2,39,中國信託-文心,2023-09-04,6164
2363,矽統,162,124,38,中國信託-文心,2023-09-04,6164
4414,如興,39,2,37,中國信託-文心,2023-09-04,6164
00857B,永豐20年美公債,37,0,37,中國信託-文心,2023-09-04,6164
8358,金居,40,6,34,中國信託-文心,2023-09-04,6164
00680L,元大美債20正2,34,0,34,中國信託-文心,2023-09-04,6164
00900,富邦特選高股息30,32,0,32,中國信託-文心,2023-09-04,6164
00679B,元大美債20年,29,0,29,中國信託-文心,2023-09-04,6164
2301,光寶科,34,9,25,中國信託-文心,2023-09-04,6164
3481,群創,38,14,24,中國信託-文心,2023-09-04,6164
00722B,群益投資級電信債,28,4,24,中國信託-文心,2023-09-04,6164
3051,力特,29,5,24,中國信託-文心,2023-09-04,6164
00931B,統一美債20年,23,0,23,中國信託-文心,2023-09-04,6164
1513,中興電,23,1,22,中國信託-文心,2023-09-04,6164
4939,亞電,20,0,20,中國信託-文心,2023-09-04,6164
2748,雲品,20,0,20,中國信託-文心,2023-09-04,6164
2371,大同,66,47,19,中國信託-文心,2023-09-04,6164
00932,兆豐永續高息等權,19,0,19,中國信託-文心,2023-09-04,6164
00632R,元大台灣50反1,25,6,19,中國信託-文心,2023-09-04,6164
00915,凱基優選高股息30,18,0,18,中國信託-文心,2023-09-04,6164
1471,首利,21,3,18,中國信託-文心,2023-09-04,6164
00687B,國泰20年美債,17,0,17,中國信託-文心,2023-09-04,6164
2890,永豐金,20,3,17,中國信託-文心,2023-09-04,6164
00882,中信中國高股息,20,3,17,中國信託-文心,2023-09-04,6164
00751B,元大AAA至A公司債,16,0,16,中國信託-文心,2023-09-04,6164
9938,百和,22,6,16,中國信託-文心,2023-09-04,6164
2603,長榮,39,24,15,中國信託-文心,2023-09-04,6164
4906,正文,17,2,15,中國信託-文心,2023-09-04,6164
3011,今皓,15,0,15,中國信託-文心,2023-09-04,6164
00764B,群益25年美債,14,0,14,中國信託-文心,2023-09-04,6164
5381,合正,98,84,14,中國信託-文心,2023-09-04,6164
1504,東元,14,1,13,中國信託-文心,2023-09-04,6164
2331,精英,53,40,13,中國信託-文心,2023-09-04,6164
3322,建舜電,13,0,13,中國信託-文心,2023-09-04,6164
2455,全新,51,39,12,中國信託-文心,2023-09-04,6164
6213,聯茂,14,2,12,中國信託-文心,2023-09-04,6164
2329,華泰,35,24,11,中國信託-文心,2023-09-04,6164
8410,森田,37,26,11,中國信託-文心,2023-09-04,6164
6112,邁達特,11,0,11,中國信託-文心,2023-09-04,6164
2881,富邦金,11,1,10,中國信託-文心,2023-09-04,6164
2609,陽明,13,3,10,中國信託-文心,2023-09-04,6164
00715L,期街口布蘭特正2,713,81,632,中國信託-文心,2023-09-05,6164
00929,復華台灣科技優息,550,202,348,中國信託-文心,2023-09-05,6164
2312,金寶,158,13,145,中國信託-文心,2023-09-05,6164
00772B,中信高評級公司債,127,3,124,中國信託-文心,2023-09-05,6164
2618,長榮航,141,48,93,中國信託-文心,2023-09-05,6164
00919,群益台灣精選高息,156,66,90,中國信託-文心,2023-09-05,6164
00900,富邦特選高股息30,90,9,81,中國信託-文心,2023-09-05,6164
2834,臺企銀,76,3,73,中國信託-文心,2023-09-05,6164
2634,漢翔,92,21,71,中國信託-文心,2023-09-05,6164
3356,奇偶,61,1,60,中國信託-文心,2023-09-05,6164
2515,中工,60,5,55,中國信託-文心,2023-09-05,6164
2890,永豐金,52,1,51,中國信託-文心,2023-09-05,6164
2606,裕民,35,0,35,中國信託-文心,2023-09-05,6164
6418,詠昇,35,0,35,中國信託-文心,2023-09-05,6164
2913,農林,34,1,33,中國信託-文心,2023-09-05,6164
00915,凱基優選高股息30,32,0,32,中國信託-文心,2023-09-05,6164
2889,國票金,31,0,31,中國信託-文心,2023-09-05,6164
2324,仁寶,34,4,30,中國信託-文心,2023-09-05,6164
9904,寶成,28,0,28,中國信託-文心,2023-09-05,6164
2884,玉山金,41,13,28,中國信託-文心,2023-09-05,6164
4147,中裕,59,32,27,中國信託-文心,2023-09-05,6164
4162,智擎,27,0,27,中國信託-文心,2023-09-05,6164
00679B,元大美債20年,30,3,27,中國信託-文心,2023-09-05,6164
1471,首利,40,16,24,中國信託-文心,2023-09-05,6164
00680L,元大美債20正2,31,8,23,中國信託-文心,2023-09-05,6164
5009,榮剛,28,6,22,中國信託-文心,2023-09-05,6164
2497,怡利電,27,6,21,中國信託-文心,2023-09-05,6164
4113,聯上,21,0,21,中國信託-文心,2023-09-05,6164
2883B,凱基金乙特,20,0,20,中國信託-文心,2023-09-05,6164
6282,康舒,48,28,20,中國信託-文心,2023-09-05,6164
00673R,期元大S＆P原油反1,20,1,19,中國信託-文心,2023-09-05,6164
1605,華新,18,0,18,中國信託-文心,2023-09-05,6164
4161,聿新科,17,0,17,中國信託-文心,2023-09-05,6164
0050,元大台灣50,19,2,17,中國信託-文心,2023-09-05,6164
9941,裕融,16,0,16,中國信託-文心,2023-09-05,6164
2201,裕隆,36,20,16,中國信託-文心,2023-09-05,6164
00773B,中信優先金融債,16,2,14,中國信託-文心,2023-09-05,6164
2330,台積電,15,1,14,中國信託-文心,2023-09-05,6164
3715,定穎投控,67,54,13,中國信託-文心,2023-09-05,6164
00882,中信中國高股息,19,6,13,中國信託-文心,2023-09-05,6164
00665L,富邦�琤肭磪囓�2,13,0,13,中國信託-文心,2023-09-05,6164
00931B,統一美債20年,13,0,13,中國信託-文心,2023-09-05,6164
2401,凌陽,68,55,13,中國信託-文心,2023-09-05,6164
2376,技嘉,46,34,12,中國信託-文心,2023-09-05,6164
8069,元太,13,1,12,中國信託-文心,2023-09-05,6164
4967,十銓,14,2,12,中國信託-文心,2023-09-05,6164
2633,台灣高鐵,12,0,12,中國信託-文心,2023-09-05,6164
5285,界霖,12,0,12,中國信託-文心,2023-09-05,6164
00878,國泰永續高股息,79,67,12,中國信託-文心,2023-09-05,6164
3665,貿聯-KY,11,0,11,中國信託-文心,2023-09-05,6164
2891,中信金,447,2,445,中國信託-文心,2023-09-06,6164
00929,復華台灣科技優息,888,566,322,中國信託-文心,2023-09-06,6164
2515,中工,150,0,150,中國信託-文心,2023-09-06,6164
00687B,國泰20年美債,102,0,102,中國信託-文心,2023-09-06,6164
3481,群創,113,15,98,中國信託-文心,2023-09-06,6164
2834,臺企銀,66,5,61,中國信託-文心,2023-09-06,6164
2409,友達,96,37,59,中國信託-文心,2023-09-06,6164
00915,凱基優選高股息30,49,0,49,中國信託-文心,2023-09-06,6164
00932,兆豐永續高息等權,46,0,46,中國信託-文心,2023-09-06,6164
2618,長榮航,99,61,38,中國信託-文心,2023-09-06,6164
1101,台泥,39,2,37,中國信託-文心,2023-09-06,6164
00679B,元大美債20年,37,4,33,中國信託-文心,2023-09-06,6164
2883B,凱基金乙特,30,0,30,中國信託-文心,2023-09-06,6164
2601,益航,30,1,29,中國信託-文心,2023-09-06,6164
5880,合庫金,30,1,29,中國信託-文心,2023-09-06,6164
00882,中信中國高股息,28,0,28,中國信託-文心,2023-09-06,6164
2401,凌陽,148,122,26,中國信託-文心,2023-09-06,6164
00680L,元大美債20正2,40,15,25,中國信託-文心,2023-09-06,6164
00772B,中信高評級公司債,25,0,25,中國信託-文心,2023-09-06,6164
0050,元大台灣50,26,2,24,中國信託-文心,2023-09-06,6164
00931B,統一美債20年,23,0,23,中國信託-文心,2023-09-06,6164
5488,松普,25,2,23,中國信託-文心,2023-09-06,6164
1802,台玻,33,10,23,中國信託-文心,2023-09-06,6164
5381,合正,137,115,22,中國信託-文心,2023-09-06,6164
2337,旺宏,27,5,22,中國信託-文心,2023-09-06,6164
2880,華南金,22,0,22,中國信託-文心,2023-09-06,6164
2492,華新科,24,3,21,中國信託-文心,2023-09-06,6164
2603,長榮,23,2,21,中國信託-文心,2023-09-06,6164
00753L,中信中國50正2,20,0,20,中國信託-文心,2023-09-06,6164
2884,玉山金,46,27,19,中國信託-文心,2023-09-06,6164
2801,彰銀,19,0,19,中國信託-文心,2023-09-06,6164
00918,大華優利高填息30,16,0,16,中國信託-文心,2023-09-06,6164
00902,中信電池及儲能,18,2,16,中國信託-文心,2023-09-06,6164
6235,華孚,21,5,16,中國信託-文心,2023-09-06,6164
6418,詠昇,15,0,15,中國信託-文心,2023-09-06,6164
2388,威盛,36,22,14,中國信託-文心,2023-09-06,6164
2356,英業達,43,29,14,中國信託-文心,2023-09-06,6164
2881,富邦金,14,1,13,中國信託-文心,2023-09-06,6164
4147,中裕,23,10,13,中國信託-文心,2023-09-06,6164
00907,永豐優息存股,14,1,13,中國信託-文心,2023-09-06,6164
3056,富華新,12,0,12,中國信託-文心,2023-09-06,6164
3704,合勤控,19,7,12,中國信託-文心,2023-09-06,6164
00673R,期元大S＆P原油反1,12,0,12,中國信託-文心,2023-09-06,6164
2449,京元電子,38,26,12,中國信託-文心,2023-09-06,6164
2886,兆豐金,15,3,12,中國信託-文心,2023-09-06,6164
2002,中鋼,14,2,12,中國信託-文心,2023-09-06,6164
2312,金寶,15,3,12,中國信託-文心,2023-09-06,6164
1319,東陽,12,1,11,中國信託-文心,2023-09-06,6164
2482,連宇,12,1,11,中國信託-文心,2023-09-06,6164
3625,西勝,11,0,11,中國信託-文心,2023-09-06,6164
00929,復華台灣科技優息,505,266,239,中國信託-文心,2023-09-07,6164
00772B,中信高評級公司債,210,0,210,中國信託-文心,2023-09-07,6164
00919,群益台灣精選高息,231,43,188,中國信託-文心,2023-09-07,6164
00931B,統一美債20年,160,0,160,中國信託-文心,2023-09-07,6164
00902,中信電池及儲能,134,0,134,中國信託-文心,2023-09-07,6164
00773B,中信優先金融債,121,0,121,中國信託-文心,2023-09-07,6164
00679B,元大美債20年,120,0,120,中國信託-文心,2023-09-07,6164
2891,中信金,126,10,116,中國信託-文心,2023-09-07,6164
2358,廷鑫,128,23,105,中國信託-文心,2023-09-07,6164
1605,華新,100,2,98,中國信託-文心,2023-09-07,6164
3231,緯創,132,74,58,中國信託-文心,2023-09-07,6164
00878,國泰永續高股息,102,46,56,中國信託-文心,2023-09-07,6164
1524,耿鼎,51,2,49,中國信託-文心,2023-09-07,6164
2449,京元電子,72,24,48,中國信託-文心,2023-09-07,6164
0050,元大台灣50,44,0,44,中國信託-文心,2023-09-07,6164
6164,華興,40,0,40,中國信託-文心,2023-09-07,6164
2313,華通,108,69,39,中國信託-文心,2023-09-07,6164
2630,亞航,53,15,38,中國信託-文心,2023-09-07,6164
2884,玉山金,40,2,38,中國信託-文心,2023-09-07,6164
2002,中鋼,35,1,34,中國信託-文心,2023-09-07,6164
4147,中裕,56,23,33,中國信託-文心,2023-09-07,6164
00932,兆豐永續高息等權,34,2,32,中國信託-文心,2023-09-07,6164
2601,益航,25,0,25,中國信託-文心,2023-09-07,6164
3704,合勤控,79,55,24,中國信託-文心,2023-09-07,6164
6274,台燿,43,21,22,中國信託-文心,2023-09-07,6164
1402,遠東新,22,0,22,中國信託-文心,2023-09-07,6164
2405,輔信,21,0,21,中國信託-文心,2023-09-07,6164
2436,偉詮電,50,29,21,中國信託-文心,2023-09-07,6164
1513,中興電,21,1,20,中國信託-文心,2023-09-07,6164
00918,大華優利高填息30,20,0,20,中國信託-文心,2023-09-07,6164
4108,懷特,20,0,20,中國信託-文心,2023-09-07,6164
00637L,元大滬深300正2,20,0,20,中國信託-文心,2023-09-07,6164
00724B,群益投資級金融債,20,0,20,中國信託-文心,2023-09-07,6164
4533,協易機,74,55,19,中國信託-文心,2023-09-07,6164
3363,上詮,105,87,18,中國信託-文心,2023-09-07,6164
5371,中光電,20,2,18,中國信託-文心,2023-09-07,6164
00673R,期元大S＆P原油反1,22,4,18,中國信託-文心,2023-09-07,6164
00915,凱基優選高股息30,20,3,17,中國信託-文心,2023-09-07,6164
00923,群益台ESG低碳50,16,0,16,中國信託-文心,2023-09-07,6164
006208,富邦台50,26,10,16,中國信託-文心,2023-09-07,6164
2614,東森,35,20,15,中國信託-文心,2023-09-07,6164
2801,彰銀,15,0,15,中國信託-文心,2023-09-07,6164
5880,合庫金,15,0,15,中國信託-文心,2023-09-07,6164
1101,台泥,15,0,15,中國信託-文心,2023-09-07,6164
00753L,中信中國50正2,17,3,14,中國信託-文心,2023-09-07,6164
2027,大成鋼,14,1,13,中國信託-文心,2023-09-07,6164
1802,台玻,15,2,13,中國信託-文心,2023-09-07,6164
00882,中信中國高股息,13,0,13,中國信託-文心,2023-09-07,6164
2637,慧洋-KY,13,0,13,中國信託-文心,2023-09-07,6164
2402,毅嘉,20,8,12,中國信託-文心,2023-09-07,6164
00919,群益台灣精選高息,330,2,328,中國信託-文心,2023-09-08,6164
00929,復華台灣科技優息,275,25,250,中國信託-文心,2023-09-08,6164
1605,華新,104,3,101,中國信託-文心,2023-09-08,6164
2618,長榮航,103,11,92,中國信託-文心,2023-09-08,6164
00902,中信電池及儲能,90,1,89,中國信託-文心,2023-09-08,6164
2515,中工,75,0,75,中國信託-文心,2023-09-08,6164
1802,台玻,68,14,54,中國信託-文心,2023-09-08,6164
00878,國泰永續高股息,67,19,48,中國信託-文心,2023-09-08,6164
00900,富邦特選高股息30,52,11,41,中國信託-文心,2023-09-08,6164
2382,廣達,53,17,36,中國信託-文心,2023-09-08,6164
5533,皇鼎,34,0,34,中國信託-文心,2023-09-08,6164
2419,仲琦,32,0,32,中國信託-文心,2023-09-08,6164
6122,擎邦,31,0,31,中國信託-文心,2023-09-08,6164
00637L,元大滬深300正2,31,0,31,中國信託-文心,2023-09-08,6164
9904,寶成,31,0,31,中國信託-文心,2023-09-08,6164
00712,復華富時不動產,31,0,31,中國信託-文心,2023-09-08,6164
0056,元大高股息,36,6,30,中國信託-文心,2023-09-08,6164
6139,亞翔,34,5,29,中國信託-文心,2023-09-08,6164
3481,群創,33,5,28,中國信託-文心,2023-09-08,6164
2002,中鋼,28,0,28,中國信託-文心,2023-09-08,6164
00655L,國泰中國A50正2,24,2,22,中國信託-文心,2023-09-08,6164
5469,瀚宇博,25,3,22,中國信託-文心,2023-09-08,6164
3037,欣興,24,2,22,中國信託-文心,2023-09-08,6164
00753L,中信中國50正2,22,1,21,中國信託-文心,2023-09-08,6164
2610,華航,41,20,21,中國信託-文心,2023-09-08,6164
2376,技嘉,77,57,20,中國信託-文心,2023-09-08,6164
6285,啟��,25,5,20,中國信託-文心,2023-09-08,6164
4933,友輝,20,0,20,中國信託-文心,2023-09-08,6164
6125,廣運,34,14,20,中國信託-文心,2023-09-08,6164
8034,榮群,53,36,17,中國信託-文心,2023-09-08,6164
1319,東陽,37,21,16,中國信託-文心,2023-09-08,6164
6443,元晶,17,2,15,中國信託-文心,2023-09-08,6164
00632R,元大台灣50反1,20,5,15,中國信託-文心,2023-09-08,6164
2884,玉山金,16,2,14,中國信託-文心,2023-09-08,6164
2834,臺企銀,14,0,14,中國信託-文心,2023-09-08,6164
3701,大眾控,14,0,14,中國信託-文心,2023-09-08,6164
00918,大華優利高填息30,16,2,14,中國信託-文心,2023-09-08,6164
00893,國泰智能電動車,13,0,13,中國信託-文心,2023-09-08,6164
1101,台泥,13,1,12,中國信託-文心,2023-09-08,6164
6274,台燿,45,33,12,中國信託-文心,2023-09-08,6164
1701,中化,12,0,12,中國信託-文心,2023-09-08,6164
00633L,富邦上証正2,12,0,12,中國信託-文心,2023-09-08,6164
4909,新復興,22,10,12,中國信託-文心,2023-09-08,6164
5465,富驊,12,0,12,中國信託-文心,2023-09-08,6164
2330,台積電,18,6,12,中國信託-文心,2023-09-08,6164
2204,中華,25,14,11,中國信託-文心,2023-09-08,6164
2329,華泰,12,1,11,中國信託-文心,2023-09-08,6164
6456,GIS-KY,13,2,11,中國信託-文心,2023-09-08,6164
6418,詠昇,11,0,11,中國信託-文心,2023-09-08,6164
3046,建��,55,44,11,中國信託-文心,2023-09-08,6164
00632R,元大台灣50反1,915,56,859,中國信託-文心,2023-09-11,6164
00919,群益台灣精選高息,539,100,439,中國信託-文心,2023-09-11,6164
00878,國泰永續高股息,467,68,399,中國信託-文心,2023-09-11,6164
2405,輔信,476,103,373,中國信託-文心,2023-09-11,6164
00929,復華台灣科技優息,265,40,225,中國信託-文心,2023-09-11,6164
2834,臺企銀,105,0,105,中國信託-文心,2023-09-11,6164
0056,元大高股息,120,28,92,中國信託-文心,2023-09-11,6164
2105,正新,92,11,81,中國信託-文心,2023-09-11,6164
2618,長榮航,84,20,64,中國信託-文心,2023-09-11,6164
00915,凱基優選高股息30,60,0,60,中國信託-文心,2023-09-11,6164
2002,中鋼,66,11,55,中國信託-文心,2023-09-11,6164
2891,中信金,55,10,45,中國信託-文心,2023-09-11,6164
00931B,統一美債20年,43,0,43,中國信託-文心,2023-09-11,6164
0050,元大台灣50,45,2,43,中國信託-文心,2023-09-11,6164
2313,華通,67,26,41,中國信託-文心,2023-09-11,6164
00932,兆豐永續高息等權,42,1,41,中國信託-文心,2023-09-11,6164
2419,仲琦,40,0,40,中國信託-文心,2023-09-11,6164
3576,聯合再生,44,5,39,中國信託-文心,2023-09-11,6164
1471,首利,40,3,37,中國信託-文心,2023-09-11,6164
00712,復華富時不動產,47,11,36,中國信託-文心,2023-09-11,6164
00713,元大台灣高息低波,36,1,35,中國信託-文心,2023-09-11,6164
2382,廣達,108,72,36,中國信託-文心,2023-09-11,6164
3231,緯創,145,111,34,中國信託-文心,2023-09-11,6164
00900,富邦特選高股息30,57,27,30,中國信託-文心,2023-09-11,6164
6125,廣運,29,2,27,中國信託-文心,2023-09-11,6164
2376,技嘉,51,25,26,中國信託-文心,2023-09-11,6164
2377,微星,25,0,25,中國信託-文心,2023-09-11,6164
00902,中信電池及儲能,31,7,24,中國信託-文心,2023-09-11,6164
2388,威盛,55,31,24,中國信託-文心,2023-09-11,6164
8034,榮群,22,0,22,中國信託-文心,2023-09-11,6164
2330,台積電,24,3,21,中國信託-文心,2023-09-11,6164
2880,華南金,20,0,20,中國信託-文心,2023-09-11,6164
00795B,中信美國公債20年,20,0,20,中國信託-文心,2023-09-11,6164
00918,大華優利高填息30,20,0,20,中國信託-文心,2023-09-11,6164
3481,群創,57,38,19,中國信託-文心,2023-09-11,6164
00679B,元大美債20年,20,0,20,中國信託-文心,2023-09-11,6164
6451,訊芯-KY,22,3,19,中國信託-文心,2023-09-11,6164
2486,一詮,22,3,19,中國信託-文心,2023-09-11,6164
2316,楠梓電,19,0,19,中國信託-文心,2023-09-11,6164
2355,敬鵬,36,18,18,中國信託-文心,2023-09-11,6164
2409,友達,161,144,17,中國信託-文心,2023-09-11,6164
6191,精成科,38,21,17,中國信託-文心,2023-09-11,6164
2358,廷鑫,17,0,17,中國信託-文心,2023-09-11,6164
6770,力積電,18,1,17,中國信託-文心,2023-09-11,6164
2317,鴻海,19,2,17,中國信託-文心,2023-09-11,6164
2883,凱基金,17,1,16,中國信託-文心,2023-09-11,6164
4572,駐龍,18,2,16,中國信託-文心,2023-09-11,6164
2890,永豐金,16,1,15,中國信託-文心,2023-09-11,6164
2498,宏達電,15,0,15,中國信託-文心,2023-09-11,6164
6443,元晶,16,1,15,中國信託-文心,2023-09-11,6164
00673R,期元大S＆P原油反1,1580,0,1580,中國信託-文心,2023-09-12,6164
00919,群益台灣精選高息,244,12,232,中國信託-文心,2023-09-12,6164
00688L,國泰20年美債正2,100,0,100,中國信託-文心,2023-09-12,6164
2867,三商壽,106,10,96,中國信託-文心,2023-09-12,6164
00878,國泰永續高股息,137,63,74,中國信託-文心,2023-09-12,6164
2516,新建,69,0,69,中國信託-文心,2023-09-12,6164
6120,達運,339,277,62,中國信託-文心,2023-09-12,6164
3704,合勤控,73,22,51,中國信託-文心,2023-09-12,6164
00902,中信電池及儲能,44,0,44,中國信託-文心,2023-09-12,6164
6125,廣運,60,21,39,中國信託-文心,2023-09-12,6164
8033,雷虎,39,3,36,中國信託-文心,2023-09-12,6164
0056,元大高股息,57,23,34,中國信託-文心,2023-09-12,6164
2405,輔信,39,7,32,中國信託-文心,2023-09-12,6164
2610,華航,35,3,32,中國信託-文心,2023-09-12,6164
00679B,元大美債20年,32,1,31,中國信託-文心,2023-09-12,6164
00929,復華台灣科技優息,165,136,29,中國信託-文心,2023-09-12,6164
2634,漢翔,34,5,29,中國信託-文心,2023-09-12,6164
6274,台燿,34,6,28,中國信託-文心,2023-09-12,6164
00882,中信中國高股息,25,0,25,中國信託-文心,2023-09-12,6164
3260,威剛,38,15,23,中國信託-文心,2023-09-12,6164
00772B,中信高評級公司債,23,0,23,中國信託-文心,2023-09-12,6164
2884,玉山金,24,3,21,中國信託-文心,2023-09-12,6164
00706L,期元大S＆P日圓正2,20,0,20,中國信託-文心,2023-09-12,6164
2515,中工,20,0,20,中國信託-文心,2023-09-12,6164
2025,千興,30,10,20,中國信託-文心,2023-09-12,6164
2427,三商電,79,59,20,中國信託-文心,2023-09-12,6164
3715,定穎投控,58,39,19,中國信託-文心,2023-09-12,6164
00915,凱基優選高股息30,19,0,19,中國信託-文心,2023-09-12,6164
1720,生達,34,16,18,中國信託-文心,2023-09-12,6164
3046,建��,25,8,17,中國信託-文心,2023-09-12,6164
8409,商之器,17,0,17,中國信託-文心,2023-09-12,6164
00633L,富邦上証正2,16,0,16,中國信託-文心,2023-09-12,6164
6116,彩晶,16,0,16,中國信託-文心,2023-09-12,6164
006208,富邦台50,15,0,15,中國信託-文心,2023-09-12,6164
1227,佳格,15,0,15,中國信託-文心,2023-09-12,6164
2419,仲琦,14,0,14,中國信託-文心,2023-09-12,6164
2409,友達,17,3,14,中國信託-文心,2023-09-12,6164
6229,研通,14,0,14,中國信託-文心,2023-09-12,6164
2014,中鴻,14,0,14,中國信託-文心,2023-09-12,6164
00932,兆豐永續高息等權,14,0,14,中國信託-文心,2023-09-12,6164
2486,一詮,16,4,12,中國信託-文心,2023-09-12,6164
2745,五福,11,0,11,中國信託-文心,2023-09-12,6164
2739,寒舍,10,0,10,中國信託-文心,2023-09-12,6164
00753L,中信中國50正2,10,0,10,中國信託-文心,2023-09-12,6164
1527,鑽全,10,0,10,中國信託-文心,2023-09-12,6164
4909,新復興,11,1,10,中國信託-文心,2023-09-12,6164
3624,光頡,14,4,10,中國信託-文心,2023-09-12,6164
3481,群創,14,4,10,中國信託-文心,2023-09-12,6164
4533,協易機,18,9,9,中國信託-文心,2023-09-12,6164
6257,矽格,9,0,9,中國信託-文心,2023-09-12,6164
00715L,期街口布蘭特正2,482,4,478,中國信託-文心,2023-09-13,6164
2412,中華電,207,0,207,中國信託-文心,2023-09-13,6164
00929,復華台灣科技優息,220,32,188,中國信託-文心,2023-09-13,6164
00919,群益台灣精選高息,208,25,183,中國信託-文心,2023-09-13,6164
00902,中信電池及儲能,91,5,86,中國信託-文心,2023-09-13,6164
00671R,富邦NASDAQ反1,80,0,80,中國信託-文心,2023-09-13,6164
2317,鴻海,68,11,57,中國信託-文心,2023-09-13,6164
1612,宏泰,50,1,49,中國信託-文心,2023-09-13,6164
00713,元大台灣高息低波,51,6,45,中國信託-文心,2023-09-13,6164
1471,首利,94,53,41,中國信託-文心,2023-09-13,6164
2340,台亞,70,29,41,中國信託-文心,2023-09-13,6164
3322,建舜電,54,19,35,中國信託-文心,2023-09-13,6164
00773B,中信優先金融債,31,0,31,中國信託-文心,2023-09-13,6164
00692,富邦公司治理,30,0,30,中國信託-文心,2023-09-13,6164
2316,楠梓電,30,0,30,中國信託-文心,2023-09-13,6164
2313,華通,78,49,29,中國信託-文心,2023-09-13,6164
1524,耿鼎,285,256,29,中國信託-文心,2023-09-13,6164
00720B,元大投資級公司債,23,0,23,中國信託-文心,2023-09-13,6164
8147,正淩,23,2,21,中國信託-文心,2023-09-13,6164
1584,精剛,35,16,19,中國信託-文心,2023-09-13,6164
2538,基泰,19,0,19,中國信託-文心,2023-09-13,6164
1504,東元,21,2,19,中國信託-文心,2023-09-13,6164
6191,精成科,26,8,18,中國信託-文心,2023-09-13,6164
6176,瑞儀,20,2,18,中國信託-文心,2023-09-13,6164
2883,凱基金,19,2,17,中國信託-文心,2023-09-13,6164
00772B,中信高評級公司債,16,0,16,中國信託-文心,2023-09-13,6164
3005,神基,29,13,16,中國信託-文心,2023-09-13,6164
00679B,元大美債20年,15,0,15,中國信託-文心,2023-09-13,6164
00688L,國泰20年美債正2,15,0,15,中國信託-文心,2023-09-13,6164
3306,鼎天,16,1,15,中國信託-文心,2023-09-13,6164
00850,元大臺灣ESG永續,16,1,15,中國信託-文心,2023-09-13,6164
6139,亞翔,20,5,15,中國信託-文心,2023-09-13,6164
6449,鈺邦,15,1,14,中國信託-文心,2023-09-13,6164
2449,京元電子,20,6,14,中國信託-文心,2023-09-13,6164
2409,友達,24,10,14,中國信託-文心,2023-09-13,6164
00900,富邦特選高股息30,13,0,13,中國信託-文心,2023-09-13,6164
6282,康舒,17,4,13,中國信託-文心,2023-09-13,6164
3078,僑威,20,7,13,中國信託-文心,2023-09-13,6164
2812,台中銀,22,9,13,中國信託-文心,2023-09-13,6164
1101,台泥,16,4,12,中國信託-文心,2023-09-13,6164
2368,金像電,27,15,12,中國信託-文心,2023-09-13,6164
00932,兆豐永續高息等權,12,0,12,中國信託-文心,2023-09-13,6164
2886,兆豐金,17,5,12,中國信託-文心,2023-09-13,6164
8069,元太,12,1,11,中國信託-文心,2023-09-13,6164
9945,潤泰新,11,0,11,中國信託-文心,2023-09-13,6164
4147,中裕,11,0,11,中國信託-文心,2023-09-13,6164
3206,志豐,43,32,11,中國信託-文心,2023-09-13,6164
0056,元大高股息,25,14,11,中國信託-文心,2023-09-13,6164
2884,玉山金,11,1,10,中國信託-文心,2023-09-13,6164
00631L,元大台灣50正2,12,2,10,中國信託-文心,2023-09-13,6164
00929,復華台灣科技優息,661,118,543,中國信託-文心,2023-09-14,6164
00715L,期街口布蘭特正2,168,0,168,中國信託-文心,2023-09-14,6164
00919,群益台灣精選高息,239,95,144,中國信託-文心,2023-09-14,6164
00885,富邦越南,99,0,99,中國信託-文心,2023-09-14,6164
00772B,中信高評級公司債,106,19,87,中國信託-文心,2023-09-14,6164
1101,台泥,92,7,85,中國信託-文心,2023-09-14,6164
1522,堤維西,381,299,82,中國信託-文心,2023-09-14,6164
00907,永豐優息存股,81,4,77,中國信託-文心,2023-09-14,6164
00713,元大台灣高息低波,74,5,69,中國信託-文心,2023-09-14,6164
2641,正德,66,3,63,中國信託-文心,2023-09-14,6164
2313,華通,104,42,62,中國信託-文心,2023-09-14,6164
00915,凱基優選高股息30,51,0,51,中國信託-文心,2023-09-14,6164
1326,台化,39,1,38,中國信託-文心,2023-09-14,6164
00931B,統一美債20年,32,0,32,中國信託-文心,2023-09-14,6164
00773B,中信優先金融債,30,0,30,中國信託-文心,2023-09-14,6164
3576,聯合再生,30,0,30,中國信託-文心,2023-09-14,6164
6170,統振,30,0,30,中國信託-文心,2023-09-14,6164
2371,大同,31,5,26,中國信託-文心,2023-09-14,6164
00673R,期元大S＆P原油反1,32,6,26,中國信託-文心,2023-09-14,6164
3005,神基,25,1,24,中國信託-文心,2023-09-14,6164
5469,瀚宇博,27,4,23,中國信託-文心,2023-09-14,6164
00664R,國泰臺灣加權反1,20,0,20,中國信託-文心,2023-09-14,6164
3122,笙泉,20,1,19,中國信託-文心,2023-09-14,6164
00687B,國泰20年美債,17,0,17,中國信託-文心,2023-09-14,6164
2363,矽統,110,93,17,中國信託-文心,2023-09-14,6164
4979,華星光,60,43,17,中國信託-文心,2023-09-14,6164
3694,海華,18,3,15,中國信託-文心,2023-09-14,6164
00932,兆豐永續高息等權,16,1,15,中國信託-文心,2023-09-14,6164
2392,正崴,18,5,13,中國信託-文心,2023-09-14,6164
2332,友訊,15,2,13,中國信託-文心,2023-09-14,6164
00753L,中信中國50正2,13,0,13,中國信託-文心,2023-09-14,6164
1513,中興電,13,0,13,中國信託-文心,2023-09-14,6164
8358,金居,24,12,12,中國信託-文心,2023-09-14,6164
3673,TPK-KY,24,12,12,中國信託-文心,2023-09-14,6164
3059,華晶科,12,0,12,中國信託-文心,2023-09-14,6164
6191,精成科,14,2,12,中國信託-文心,2023-09-14,6164
00679B,元大美債20年,11,0,11,中國信託-文心,2023-09-14,6164
00720B,元大投資級公司債,11,0,11,中國信託-文心,2023-09-14,6164
2402,毅嘉,50,39,11,中國信託-文心,2023-09-14,6164
00918,大華優利高填息30,11,0,11,中國信託-文心,2023-09-14,6164
2610,華航,11,0,11,中國信託-文心,2023-09-14,6164
3682,亞太電,30,20,10,中國信託-文心,2023-09-14,6164
3264,欣銓,33,23,10,中國信託-文心,2023-09-14,6164
4967,十銓,16,6,10,中國信託-文心,2023-09-14,6164
3092,鴻碩,10,0,10,中國信託-文心,2023-09-14,6164
00795B,中信美國公債20年,10,0,10,中國信託-文心,2023-09-14,6164
2457,飛宏,10,0,10,中國信託-文心,2023-09-14,6164
00634R,富邦上証反1,10,0,10,中國信託-文心,2023-09-14,6164
3588,通嘉,13,3,10,中國信託-文心,2023-09-14,6164
4123,晟德,10,1,9,中國信託-文心,2023-09-14,6164
00929,復華台灣科技優息,709,36,673,中國信託-文心,2023-09-15,6164
00919,群益台灣精選高息,343,138,205,中國信託-文心,2023-09-15,6164
2486,一詮,282,133,149,中國信託-文心,2023-09-15,6164
1524,耿鼎,89,11,78,中國信託-文心,2023-09-15,6164
2363,矽統,284,213,71,中國信託-文心,2023-09-15,6164
2002,中鋼,69,10,59,中國信託-文心,2023-09-15,6164
2538,基泰,69,13,56,中國信託-文心,2023-09-15,6164
2352,佳世達,206,154,52,中國信託-文心,2023-09-15,6164
00751B,元大AAA至A公司債,43,0,43,中國信託-文心,2023-09-15,6164
00673R,期元大S＆P原油反1,40,0,40,中國信託-文心,2023-09-15,6164
00852L,國泰美國道瓊正2,40,1,39,中國信託-文心,2023-09-15,6164
00679B,元大美債20年,44,5,39,中國信託-文心,2023-09-15,6164
3276,宇環,40,4,36,中國信託-文心,2023-09-15,6164
3701,大眾控,33,0,33,中國信託-文心,2023-09-15,6164
00687B,國泰20年美債,33,0,33,中國信託-文心,2023-09-15,6164
2368,金像電,39,9,30,中國信託-文心,2023-09-15,6164
3481,群創,39,12,27,中國信託-文心,2023-09-15,6164
2317,鴻海,28,3,25,中國信託-文心,2023-09-15,6164
4967,十銓,44,19,25,中國信託-文心,2023-09-15,6164
1319,東陽,30,6,24,中國信託-文心,2023-09-15,6164
00772B,中信高評級公司債,30,6,24,中國信託-文心,2023-09-15,6164
2618,長榮航,32,8,24,中國信託-文心,2023-09-15,6164
00857B,永豐20年美公債,24,0,24,中國信託-文心,2023-09-15,6164
2354,鴻準,23,0,23,中國信託-文心,2023-09-15,6164
2520,冠德,23,0,23,中國信託-文心,2023-09-15,6164
3163,波若威,113,93,20,中國信託-文心,2023-09-15,6164
5460,同協,20,0,20,中國信託-文心,2023-09-15,6164
3049,精金,20,0,20,中國信託-文心,2023-09-15,6164
6530,創威,21,2,19,中國信託-文心,2023-09-15,6164
2634,漢翔,26,7,19,中國信託-文心,2023-09-15,6164
2890,永豐金,22,4,18,中國信託-文心,2023-09-15,6164
00931B,統一美債20年,24,6,18,中國信託-文心,2023-09-15,6164
1802,台玻,18,1,17,中國信託-文心,2023-09-15,6164
2630,亞航,30,14,16,中國信託-文心,2023-09-15,6164
00918,大華優利高填息30,17,1,16,中國信託-文心,2023-09-15,6164
8088,品安,17,1,16,中國信託-文心,2023-09-15,6164
2886,兆豐金,16,0,16,中國信託-文心,2023-09-15,6164
3416,融程電,15,0,15,中國信託-文心,2023-09-15,6164
2867,三商壽,16,1,15,中國信託-文心,2023-09-15,6164
4979,華星光,15,1,14,中國信託-文心,2023-09-15,6164
00632R,元大台灣50反1,24,10,14,中國信託-文心,2023-09-15,6164
2641,正德,32,18,14,中國信託-文心,2023-09-15,6164
6415,矽力*-KY,13,0,13,中國信託-文心,2023-09-15,6164
9919,康那香,13,0,13,中國信託-文心,2023-09-15,6164
00720B,元大投資級公司債,42,30,12,中國信託-文心,2023-09-15,6164
3228,金麗科,12,0,12,中國信託-文心,2023-09-15,6164
00773B,中信優先金融債,13,2,11,中國信託-文心,2023-09-15,6164
2483,百容,11,0,11,中國信託-文心,2023-09-15,6164
2017,官田鋼,11,0,11,中國信託-文心,2023-09-15,6164
1584,精剛,12,1,11,中國信託-文心,2023-09-15,6164
00929,復華台灣科技優息,736,71,665,中國信託-文心,2023-09-18,6164
00919,群益台灣精選高息,372,145,227,中國信託-文心,2023-09-18,6164
2363,矽統,405,276,129,中國信託-文心,2023-09-18,6164
00772B,中信高評級公司債,102,0,102,中國信託-文心,2023-09-18,6164
00878,國泰永續高股息,153,57,96,中國信託-文心,2023-09-18,6164
00932,兆豐永續高息等權,84,0,84,中國信託-文心,2023-09-18,6164
00679B,元大美債20年,215,133,82,中國信託-文心,2023-09-18,6164
2516,新建,70,1,69,中國信託-文心,2023-09-18,6164
3231,緯創,128,59,69,中國信託-文心,2023-09-18,6164
1101,台泥,69,2,67,中國信託-文心,2023-09-18,6164
00857B,永豐20年美公債,55,0,55,中國信託-文心,2023-09-18,6164
00692,富邦公司治理,52,0,52,中國信託-文心,2023-09-18,6164
00893,國泰智能電動車,48,0,48,中國信託-文心,2023-09-18,6164
3264,欣銓,46,4,42,中國信託-文心,2023-09-18,6164
00751B,元大AAA至A公司債,40,0,40,中國信託-文心,2023-09-18,6164
00687B,國泰20年美債,40,0,40,中國信託-文心,2023-09-18,6164
2355,敬鵬,136,97,39,中國信託-文心,2023-09-18,6164
8033,雷虎,38,0,38,中國信託-文心,2023-09-18,6164
00931B,統一美債20年,33,0,33,中國信託-文心,2023-09-18,6164
00918,大華優利高填息30,32,0,32,中國信託-文心,2023-09-18,6164
00795B,中信美國公債20年,31,0,31,中國信託-文心,2023-09-18,6164
9105,泰金寶-DR,30,0,30,中國信託-文心,2023-09-18,6164
8932,智通*,30,0,30,中國信託-文心,2023-09-18,6164
4927,泰鼎-KY,30,0,30,中國信託-文心,2023-09-18,6164
00905,FT臺灣Smart,30,1,29,中國信託-文心,2023-09-18,6164
5465,富驊,29,0,29,中國信託-文心,2023-09-18,6164
0056,元大高股息,36,8,28,中國信託-文心,2023-09-18,6164
00720B,元大投資級公司債,36,10,26,中國信託-文心,2023-09-18,6164
00637L,元大滬深300正2,50,24,26,中國信託-文心,2023-09-18,6164
2382,廣達,34,8,26,中國信託-文心,2023-09-18,6164
00915,凱基優選高股息30,25,2,23,中國信託-文心,2023-09-18,6164
2337,旺宏,32,9,23,中國信託-文心,2023-09-18,6164
1514,亞力,26,4,22,中國信託-文心,2023-09-18,6164
00636,國泰中國A50,22,0,22,中國信託-文心,2023-09-18,6164
00882,中信中國高股息,19,0,19,中國信託-文心,2023-09-18,6164
3011,今皓,23,4,19,中國信託-文心,2023-09-18,6164
2419,仲琦,19,0,19,中國信託-文心,2023-09-18,6164
2637,慧洋-KY,21,2,19,中國信託-文心,2023-09-18,6164
3037,欣興,27,9,18,中國信託-文心,2023-09-18,6164
6770,力積電,21,3,18,中國信託-文心,2023-09-18,6164
2427,三商電,43,25,18,中國信託-文心,2023-09-18,6164
2353,宏��,17,0,17,中國信託-文心,2023-09-18,6164
4994,傳奇,16,0,16,中國信託-文心,2023-09-18,6164
00923,群益台ESG低碳50,15,0,15,中國信託-文心,2023-09-18,6164
2376,技嘉,24,9,15,中國信託-文心,2023-09-18,6164
4977,眾達-KY,43,28,15,中國信託-文心,2023-09-18,6164
4402,郡都開發,15,0,15,中國信託-文心,2023-09-18,6164
9927,泰銘,15,0,15,中國信託-文心,2023-09-18,6164
5302,太欣,15,0,15,中國信託-文心,2023-09-18,6164
3017,奇鋐,21,7,14,中國信託-文心,2023-09-18,6164
00929,復華台灣科技優息,515,139,376,中國信託-文心,2023-09-19,6164
2419,仲琦,167,3,164,中國信託-文心,2023-09-19,6164
00919,群益台灣精選高息,178,42,136,中國信託-文心,2023-09-19,6164
00878,國泰永續高股息,124,37,87,中國信託-文心,2023-09-19,6164
6901,鑽石投資,86,24,62,中國信託-文心,2023-09-19,6164
00679B,元大美債20年,54,1,53,中國信託-文心,2023-09-19,6164
00921,兆豐龍頭等權重,53,1,52,中國信託-文心,2023-09-19,6164
2516,新建,52,0,52,中國信託-文心,2023-09-19,6164
00720B,元大投資級公司債,52,6,46,中國信託-文心,2023-09-19,6164
00902,中信電池及儲能,44,0,44,中國信託-文心,2023-09-19,6164
00673R,期元大S＆P原油反1,36,0,36,中國信託-文心,2023-09-19,6164
00753L,中信中國50正2,35,1,34,中國信託-文心,2023-09-19,6164
0050,元大台灣50,37,6,31,中國信託-文心,2023-09-19,6164
00888,永豐台灣ESG,29,0,29,中國信託-文心,2023-09-19,6164
00900,富邦特選高股息30,29,1,28,中國信託-文心,2023-09-19,6164
2634,漢翔,30,3,27,中國信託-文心,2023-09-19,6164
1815,富喬,28,3,25,中國信託-文心,2023-09-19,6164
6285,啟��,29,6,23,中國信託-文心,2023-09-19,6164
2330,台積電,27,4,23,中國信託-文心,2023-09-19,6164
3231,緯創,133,111,22,中國信託-文心,2023-09-19,6164
2105,正新,25,3,22,中國信託-文心,2023-09-19,6164
2425,承啟,24,3,21,中國信託-文心,2023-09-19,6164
2340,台亞,20,0,20,中國信託-文心,2023-09-19,6164
2618,長榮航,22,2,20,中國信託-文心,2023-09-19,6164
1609,大亞,20,1,19,中國信託-文心,2023-09-19,6164
00830,國泰費城半導體,19,0,19,中國信託-文心,2023-09-19,6164
1101,台泥,19,0,19,中國信託-文心,2023-09-19,6164
2303,聯電,20,1,19,中國信託-文心,2023-09-19,6164
1760,寶齡富錦,18,0,18,中國信託-文心,2023-09-19,6164
6274,台燿,28,13,15,中國信託-文心,2023-09-19,6164
2388,威盛,51,36,15,中國信託-文心,2023-09-19,6164
3322,建舜電,17,2,15,中國信託-文心,2023-09-19,6164
4503,金雨,15,0,15,中國信託-文心,2023-09-19,6164
3264,欣銓,19,4,15,中國信託-文心,2023-09-19,6164
3715,定穎投控,75,61,14,中國信託-文心,2023-09-19,6164
2606,裕民,34,20,14,中國信託-文心,2023-09-19,6164
4979,華星光,57,44,13,中國信託-文心,2023-09-19,6164
2719,燦星旅,13,0,13,中國信託-文心,2023-09-19,6164
3325,旭品,21,8,13,中國信託-文心,2023-09-19,6164
3017,奇鋐,20,7,13,中國信託-文心,2023-09-19,6164
3105,穩懋,13,1,12,中國信託-文心,2023-09-19,6164
00751B,元大AAA至A公司債,12,0,12,中國信託-文心,2023-09-19,6164
5381,合正,66,54,12,中國信託-文心,2023-09-19,6164
2886,兆豐金,17,5,12,中國信託-文心,2023-09-19,6164
00923,群益台ESG低碳50,16,5,11,中國信託-文心,2023-09-19,6164
4175,杏一,11,0,11,中國信託-文心,2023-09-19,6164
2637,慧洋-KY,13,2,11,中國信託-文心,2023-09-19,6164
2377,微星,12,1,11,中國信託-文心,2023-09-19,6164
1319,東陽,26,15,11,中國信託-文心,2023-09-19,6164
2382,廣達,62,52,10,中國信託-文心,2023-09-19,6164
00929,復華台灣科技優息,982,306,676,中國信託-文心,2023-09-20,6164
00919,群益台灣精選高息,255,20,235,中國信託-文心,2023-09-20,6164
1605,華新,138,6,132,中國信託-文心,2023-09-20,6164
00932,兆豐永續高息等權,136,17,119,中國信託-文心,2023-09-20,6164
1584,精剛,129,17,112,中國信託-文心,2023-09-20,6164
00878,國泰永續高股息,147,40,107,中國信託-文心,2023-09-20,6164
6203,海韻電,50,2,48,中國信託-文心,2023-09-20,6164
2014,中鴻,52,7,45,中國信託-文心,2023-09-20,6164
3264,欣銓,58,15,43,中國信託-文心,2023-09-20,6164
00679B,元大美債20年,43,0,43,中國信託-文心,2023-09-20,6164
00857B,永豐20年美公債,39,0,39,中國信託-文心,2023-09-20,6164
00772B,中信高評級公司債,38,0,38,中國信託-文心,2023-09-20,6164
3037,欣興,45,7,38,中國信託-文心,2023-09-20,6164
00751B,元大AAA至A公司債,37,0,37,中國信託-文心,2023-09-20,6164
2330,台積電,39,5,34,中國信託-文心,2023-09-20,6164
00882,中信中國高股息,33,0,33,中國信託-文心,2023-09-20,6164
00764B,群益25年美債,31,0,31,中國信託-文心,2023-09-20,6164
00720B,元大投資級公司債,31,0,31,中國信託-文心,2023-09-20,6164
00923,群益台ESG低碳50,29,0,29,中國信託-文心,2023-09-20,6164
2303,聯電,31,2,29,中國信託-文心,2023-09-20,6164
2890,永豐金,33,7,26,中國信託-文心,2023-09-20,6164
2913,農林,31,6,25,中國信託-文心,2023-09-20,6164
2363,矽統,178,153,25,中國信託-文心,2023-09-20,6164
3481,群創,34,10,24,中國信託-文心,2023-09-20,6164
2419,仲琦,24,0,24,中國信託-文心,2023-09-20,6164
2892,第一金,21,0,21,中國信託-文心,2023-09-20,6164
2344,華邦電,25,4,21,中國信託-文心,2023-09-20,6164
2812,台中銀,21,0,21,中國信託-文心,2023-09-20,6164
00924,復華S＆P500成長,20,0,20,中國信託-文心,2023-09-20,6164
2516,新建,130,110,20,中國信託-文心,2023-09-20,6164
6589,台康生技,20,0,20,中國信託-文心,2023-09-20,6164
00900,富邦特選高股息30,20,1,19,中國信託-文心,2023-09-20,6164
3042,晶技,25,6,19,中國信託-文心,2023-09-20,6164
2883,凱基金,28,9,19,中國信託-文心,2023-09-20,6164
00665L,富邦�琤肭磪囓�2,19,0,19,中國信託-文心,2023-09-20,6164
6285,啟��,27,9,18,中國信託-文心,2023-09-20,6164
00673R,期元大S＆P原油反1,18,0,18,中國信託-文心,2023-09-20,6164
2884,玉山金,18,0,18,中國信託-文心,2023-09-20,6164
00921,兆豐龍頭等權重,18,1,17,中國信託-文心,2023-09-20,6164
3044,健鼎,18,1,17,中國信託-文心,2023-09-20,6164
0050,元大台灣50,20,3,17,中國信託-文心,2023-09-20,6164
2885,元大金,18,2,16,中國信託-文心,2023-09-20,6164
2367,燿華,166,150,16,中國信託-文心,2023-09-20,6164
3260,威剛,44,28,16,中國信託-文心,2023-09-20,6164
2618,長榮航,16,0,16,中國信託-文心,2023-09-20,6164
2888,新光金,15,0,15,中國信託-文心,2023-09-20,6164
8088,品安,35,20,15,中國信託-文心,2023-09-20,6164
2312,金寶,15,0,15,中國信託-文心,2023-09-20,6164
00706L,期元大S＆P日圓正2,15,0,15,中國信託-文心,2023-09-20,6164
00881,國泰台灣5G+,14,0,14,中國信託-文心,2023-09-20,6164
00919,群益台灣精選高息,676,85,591,中國信託-文心,2023-09-21,6164
00878,國泰永續高股息,285,40,245,中國信託-文心,2023-09-21,6164
00753L,中信中國50正2,128,0,128,中國信託-文心,2023-09-21,6164
2867,三商壽,101,0,101,中國信託-文心,2023-09-21,6164
00706L,期元大S＆P日圓正2,100,0,100,中國信託-文心,2023-09-21,6164
0050,元大台灣50,82,2,80,中國信託-文心,2023-09-21,6164
4706,大恭,75,0,75,中國信託-文心,2023-09-21,6164
3037,欣興,73,3,70,中國信託-文心,2023-09-21,6164
00900,富邦特選高股息30,72,4,68,中國信託-文心,2023-09-21,6164
00932,兆豐永續高息等權,68,0,68,中國信託-文心,2023-09-21,6164
00679B,元大美債20年,68,5,63,中國信託-文心,2023-09-21,6164
0056,元大高股息,99,36,63,中國信託-文心,2023-09-21,6164
3027,盛達,61,0,61,中國信託-文心,2023-09-21,6164
00902,中信電池及儲能,81,22,59,中國信託-文心,2023-09-21,6164
6203,海韻電,53,0,53,中國信託-文心,2023-09-21,6164
1584,精剛,92,39,53,中國信託-文心,2023-09-21,6164
5871,中租-KY,54,1,53,中國信託-文心,2023-09-21,6164
2002,中鋼,58,6,52,中國信託-文心,2023-09-21,6164
00885,富邦越南,54,3,51,中國信託-文心,2023-09-21,6164
2419,仲琦,50,1,49,中國信託-文心,2023-09-21,6164
6142,友勁,48,0,48,中國信託-文心,2023-09-21,6164
2891,中信金,67,22,45,中國信託-文心,2023-09-21,6164
00673R,期元大S＆P原油反1,45,2,43,中國信託-文心,2023-09-21,6164
00923,群益台ESG低碳50,42,1,41,中國信託-文心,2023-09-21,6164
5880,合庫金,39,2,37,中國信託-文心,2023-09-21,6164
1471,首利,43,8,35,中國信託-文心,2023-09-21,6164
2812,台中銀,38,3,35,中國信託-文心,2023-09-21,6164
2330,台積電,37,2,35,中國信託-文心,2023-09-21,6164
4414,如興,34,0,34,中國信託-文心,2023-09-21,6164
2884,玉山金,32,1,31,中國信託-文心,2023-09-21,6164
3665,貿聯-KY,32,1,31,中國信託-文心,2023-09-21,6164
1319,東陽,34,4,30,中國信託-文心,2023-09-21,6164
6901,鑽石投資,31,1,30,中國信託-文心,2023-09-21,6164
00713,元大台灣高息低波,29,0,29,中國信託-文心,2023-09-21,6164
00671R,富邦NASDAQ反1,30,1,29,中國信託-文心,2023-09-21,6164
00907,永豐優息存股,31,2,29,中國信託-文心,2023-09-21,6164
5460,同協,29,0,29,中國信託-文心,2023-09-21,6164
1101,台泥,37,10,27,中國信託-文心,2023-09-21,6164
5302,太欣,26,0,26,中國信託-文心,2023-09-21,6164
00665L,富邦�琤肭磪囓�2,23,0,23,中國信託-文心,2023-09-21,6164
2492,華新科,23,1,22,中國信託-文心,2023-09-21,6164
8034,榮群,35,13,22,中國信託-文心,2023-09-21,6164
00922,國泰台灣領袖50,20,0,20,中國信託-文心,2023-09-21,6164
2317,鴻海,25,6,19,中國信託-文心,2023-09-21,6164
2201,裕隆,28,10,18,中國信託-文心,2023-09-21,6164
910861,神州-DR,18,0,18,中國信託-文心,2023-09-21,6164
2377,微星,35,18,17,中國信託-文心,2023-09-21,6164
006208,富邦台50,18,1,17,中國信託-文心,2023-09-21,6164
5381,合正,56,39,17,中國信託-文心,2023-09-21,6164
00857B,永豐20年美公債,17,0,17,中國信託-文心,2023-09-21,6164
2891,中信金,285,9,276,中國信託-文心,2023-09-22,6164
00679B,元大美債20年,213,0,213,中國信託-文心,2023-09-22,6164
00929,復華台灣科技優息,271,110,161,中國信託-文心,2023-09-22,6164
00919,群益台灣精選高息,125,17,108,中國信託-文心,2023-09-22,6164
00772B,中信高評級公司債,93,0,93,中國信託-文心,2023-09-22,6164
00720B,元大投資級公司債,88,0,88,中國信託-文心,2023-09-22,6164
00795B,中信美國公債20年,75,0,75,中國信託-文心,2023-09-22,6164
00885,富邦越南,96,29,67,中國信託-文心,2023-09-22,6164
00931B,統一美債20年,61,0,61,中國信託-文心,2023-09-22,6164
00687B,國泰20年美債,57,0,57,中國信託-文心,2023-09-22,6164
2489,瑞軒,50,0,50,中國信託-文心,2023-09-22,6164
1324,地球,53,3,50,中國信託-文心,2023-09-22,6164
00751B,元大AAA至A公司債,47,0,47,中國信託-文心,2023-09-22,6164
00900,富邦特選高股息30,42,0,42,中國信託-文心,2023-09-22,6164
6285,啟��,61,19,42,中國信託-文心,2023-09-22,6164
2883,凱基金,44,2,42,中國信託-文心,2023-09-22,6164
00878,國泰永續高股息,80,40,40,中國信託-文心,2023-09-22,6164
0050,元大台灣50,34,0,34,中國信託-文心,2023-09-22,6164
2887,台新金,36,3,33,中國信託-文心,2023-09-22,6164
8358,金居,32,0,32,中國信託-文心,2023-09-22,6164
2330,台積電,33,3,30,中國信託-文心,2023-09-22,6164
2359,所羅門,30,0,30,中國信託-文心,2023-09-22,6164
2888,新光金,30,0,30,中國信託-文心,2023-09-22,6164
00753L,中信中國50正2,29,1,28,中國信託-文心,2023-09-22,6164
00722B,群益投資級電信債,27,0,27,中國信託-文心,2023-09-22,6164
2303,聯電,30,5,25,中國信託-文心,2023-09-22,6164
1101,台泥,24,0,24,中國信託-文心,2023-09-22,6164
00924,復華S＆P500成長,22,0,22,中國信託-文心,2023-09-22,6164
3265,台星科,27,5,22,中國信託-文心,2023-09-22,6164
00673R,期元大S＆P原油反1,22,0,22,中國信託-文心,2023-09-22,6164
00923,群益台ESG低碳50,22,0,22,中國信託-文心,2023-09-22,6164
4979,華星光,70,49,21,中國信託-文心,2023-09-22,6164
00857B,永豐20年美公債,21,0,21,中國信託-文心,2023-09-22,6164
2201,裕隆,31,10,21,中國信託-文心,2023-09-22,6164
0056,元大高股息,30,9,21,中國信託-文心,2023-09-22,6164
2906,高林,18,0,18,中國信託-文心,2023-09-22,6164
00902,中信電池及儲能,17,0,17,中國信託-文心,2023-09-22,6164
00713,元大台灣高息低波,30,13,17,中國信託-文心,2023-09-22,6164
1519,華城,18,2,16,中國信託-文心,2023-09-22,6164
00927,群益半導體收益,16,0,16,中國信託-文心,2023-09-22,6164
2867,三商壽,16,0,16,中國信託-文心,2023-09-22,6164
00773B,中信優先金融債,15,0,15,中國信託-文心,2023-09-22,6164
2881,富邦金,14,0,14,中國信託-文心,2023-09-22,6164
3042,晶技,15,1,14,中國信託-文心,2023-09-22,6164
00893,國泰智能電動車,14,0,14,中國信託-文心,2023-09-22,6164
2884,玉山金,14,1,13,中國信託-文心,2023-09-22,6164
3051,力特,16,3,13,中國信託-文心,2023-09-22,6164
2882,國泰金,14,2,12,中國信託-文心,2023-09-22,6164
00764B,群益25年美債,12,0,12,中國信託-文心,2023-09-22,6164
2313,華通,31,19,12,中國信託-文心,2023-09-22,6164
00929,復華台灣科技優息,484,74,410,中國信託-文心,2023-09-25,6164
00772B,中信高評級公司債,127,10,117,中國信託-文心,2023-09-25,6164
00679B,元大美債20年,109,0,109,中國信託-文心,2023-09-25,6164
00773B,中信優先金融債,53,0,53,中國信託-文心,2023-09-25,6164
6111,大宇資,54,4,50,中國信託-文心,2023-09-25,6164
00902,中信電池及儲能,49,0,49,中國信託-文心,2023-09-25,6164
00881,國泰台灣5G+,43,4,39,中國信託-文心,2023-09-25,6164
00878,國泰永續高股息,82,43,39,中國信託-文心,2023-09-25,6164
2376,技嘉,58,20,38,中國信託-文心,2023-09-25,6164
1101,台泥,31,0,31,中國信託-文心,2023-09-25,6164
0056,元大高股息,39,11,28,中國信託-文心,2023-09-25,6164
6290,良維,30,2,28,中國信託-文心,2023-09-25,6164
2316,楠梓電,32,6,26,中國信託-文心,2023-09-25,6164
2313,華通,43,18,25,中國信託-文心,2023-09-25,6164
1591,駿吉-KY,30,6,24,中國信託-文心,2023-09-25,6164
4402,郡都開發,24,0,24,中國信託-文心,2023-09-25,6164
1504,東元,51,28,23,中國信託-文心,2023-09-25,6164
2211,長榮鋼,24,1,23,中國信託-文心,2023-09-25,6164
2027,大成鋼,22,0,22,中國信託-文心,2023-09-25,6164
2330,台積電,26,6,20,中國信託-文心,2023-09-25,6164
2739,寒舍,20,0,20,中國信託-文心,2023-09-25,6164
00919,群益台灣精選高息,88,69,19,中國信託-文心,2023-09-25,6164
6187,萬潤,22,3,19,中國信託-文心,2023-09-25,6164
00720B,元大投資級公司債,19,0,19,中國信託-文心,2023-09-25,6164
2355,敬鵬,28,9,19,中國信託-文心,2023-09-25,6164
2618,長榮航,169,152,17,中國信託-文心,2023-09-25,6164
00795B,中信美國公債20年,17,0,17,中國信託-文心,2023-09-25,6164
2405,輔信,21,4,17,中國信託-文心,2023-09-25,6164
00924,復華S＆P500成長,16,0,16,中國信託-文心,2023-09-25,6164
2449,京元電子,45,29,16,中國信託-文心,2023-09-25,6164
5469,瀚宇博,18,2,16,中國信託-文心,2023-09-25,6164
2891,中信金,22,6,16,中國信託-文心,2023-09-25,6164
2880,華南金,15,0,15,中國信託-文心,2023-09-25,6164
00907,永豐優息存股,15,0,15,中國信託-文心,2023-09-25,6164
2485,兆赫,15,0,15,中國信託-文心,2023-09-25,6164
2368,金像電,50,36,14,中國信託-文心,2023-09-25,6164
6117,迎廣,14,0,14,中國信託-文心,2023-09-25,6164
00751B,元大AAA至A公司債,14,0,14,中國信託-文心,2023-09-25,6164
1324,地球,37,23,14,中國信託-文心,2023-09-25,6164
3481,群創,23,9,14,中國信託-文心,2023-09-25,6164
2317,鴻海,18,5,13,中國信託-文心,2023-09-25,6164
2906,高林,15,2,13,中國信託-文心,2023-09-25,6164
8097,常珵,13,1,12,中國信託-文心,2023-09-25,6164
5460,同協,12,0,12,中國信託-文心,2023-09-25,6164
1319,東陽,26,14,12,中國信託-文心,2023-09-25,6164
2402,毅嘉,17,5,12,中國信託-文心,2023-09-25,6164
2388,威盛,31,20,11,中國信託-文心,2023-09-25,6164
00712,復華富時不動產,120,109,11,中國信託-文心,2023-09-25,6164
3013,晟銘電,17,6,11,中國信託-文心,2023-09-25,6164
00900,富邦特選高股息30,11,0,11,中國信託-文心,2023-09-25,6164
00772B,中信高評級公司債,333,0,333,中國信託-文心,2023-09-26,6164
00929,復華台灣科技優息,293,27,266,中國信託-文心,2023-09-26,6164
00679B,元大美債20年,114,7,107,中國信託-文心,2023-09-26,6164
00878,國泰永續高股息,120,17,103,中國信託-文心,2023-09-26,6164
00919,群益台灣精選高息,148,48,100,中國信託-文心,2023-09-26,6164
00712,復華富時不動產,89,0,89,中國信託-文心,2023-09-26,6164
2303,聯電,92,8,84,中國信託-文心,2023-09-26,6164
0050,元大台灣50,68,0,68,中國信託-文心,2023-09-26,6164
2891,中信金,63,0,63,中國信託-文心,2023-09-26,6164
00773B,中信優先金融債,59,0,59,中國信託-文心,2023-09-26,6164
00720B,元大投資級公司債,54,3,51,中國信託-文心,2023-09-26,6164
00751B,元大AAA至A公司債,55,5,50,中國信託-文心,2023-09-26,6164
2317,鴻海,49,2,47,中國信託-文心,2023-09-26,6164
3163,波若威,55,9,46,中國信託-文心,2023-09-26,6164
00900,富邦特選高股息30,44,0,44,中國信託-文心,2023-09-26,6164
00923,群益台ESG低碳50,31,0,31,中國信託-文心,2023-09-26,6164
00931B,統一美債20年,49,20,29,中國信託-文心,2023-09-26,6164
00715L,期街口布蘭特正2,28,0,28,中國信託-文心,2023-09-26,6164
2834,臺企銀,31,4,27,中國信託-文心,2023-09-26,6164
2027,大成鋼,30,4,26,中國信託-文心,2023-09-26,6164
2330,台積電,27,1,26,中國信託-文心,2023-09-26,6164
6122,擎邦,56,31,25,中國信託-文心,2023-09-26,6164
1471,首利,30,7,23,中國信託-文心,2023-09-26,6164
00687B,國泰20年美債,23,0,23,中國信託-文心,2023-09-26,6164
00637L,元大滬深300正2,30,7,23,中國信託-文心,2023-09-26,6164
1522,堤維西,79,57,22,中國信託-文心,2023-09-26,6164
00905,FT臺灣Smart,22,0,22,中國信託-文心,2023-09-26,6164
5880,合庫金,21,0,21,中國信託-文心,2023-09-26,6164
2542,興富發,24,3,21,中國信託-文心,2023-09-26,6164
0056,元大高股息,25,5,20,中國信託-文心,2023-09-26,6164
2462,良得電,20,0,20,中國信託-文心,2023-09-26,6164
00927,群益半導體收益,20,0,20,中國信託-文心,2023-09-26,6164
1101,台泥,25,6,19,中國信託-文心,2023-09-26,6164
3231,緯創,89,70,19,中國信託-文心,2023-09-26,6164
2881,富邦金,19,1,18,中國信託-文心,2023-09-26,6164
00795B,中信美國公債20年,18,0,18,中國信託-文心,2023-09-26,6164
9945,潤泰新,18,0,18,中國信託-文心,2023-09-26,6164
2344,華邦電,33,15,18,中國信託-文心,2023-09-26,6164
00888,永豐台灣ESG,17,0,17,中國信託-文心,2023-09-26,6164
00882,中信中國高股息,17,0,17,中國信託-文心,2023-09-26,6164
8034,榮群,18,1,17,中國信託-文心,2023-09-26,6164
2421,建準,38,21,17,中國信託-文心,2023-09-26,6164
00932,兆豐永續高息等權,20,3,17,中國信託-文心,2023-09-26,6164
2812,台中銀,23,7,16,中國信託-文心,2023-09-26,6164
3373,熱映,16,1,15,中國信託-文心,2023-09-26,6164
3051,力特,17,2,15,中國信託-文心,2023-09-26,6164
1815,富喬,93,78,15,中國信託-文心,2023-09-26,6164
2892,第一金,15,0,15,中國信託-文心,2023-09-26,6164
3715,定穎投控,196,182,14,中國信託-文心,2023-09-26,6164
6188,廣明,13,0,13,中國信託-文心,2023-09-26,6164
00929,復華台灣科技優息,251,36,215,中國信託-文心,2023-09-27,6164
910861,神州-DR,150,0,150,中國信託-文心,2023-09-27,6164
00772B,中信高評級公司債,150,8,142,中國信託-文心,2023-09-27,6164
1815,富喬,153,38,115,中國信託-文心,2023-09-27,6164
00919,群益台灣精選高息,114,0,114,中國信託-文心,2023-09-27,6164
4960,誠美材,197,91,106,中國信託-文心,2023-09-27,6164
1449,佳和,78,0,78,中國信託-文心,2023-09-27,6164
00930,永豐ESG低碳高息,64,0,64,中國信託-文心,2023-09-27,6164
00671R,富邦NASDAQ反1,60,0,60,中國信託-文心,2023-09-27,6164
00712,復華富時不動產,101,49,52,中國信託-文心,2023-09-27,6164
00892,富邦台灣半導體,61,9,52,中國信託-文心,2023-09-27,6164
2002,中鋼,70,23,47,中國信託-文心,2023-09-27,6164
00878,國泰永續高股息,60,27,33,中國信託-文心,2023-09-27,6164
3038,全台,32,0,32,中國信託-文心,2023-09-27,6164
2515,中工,59,27,32,中國信託-文心,2023-09-27,6164
00679B,元大美債20年,40,9,31,中國信託-文心,2023-09-27,6164
3701,大眾控,28,0,28,中國信託-文心,2023-09-27,6164
4102,永日,26,0,26,中國信託-文心,2023-09-27,6164
00632R,元大台灣50反1,122,97,25,中國信託-文心,2023-09-27,6164
00637L,元大滬深300正2,25,3,22,中國信託-文心,2023-09-27,6164
00673R,期元大S＆P原油反1,41,19,22,中國信託-文心,2023-09-27,6164
2883,凱基金,22,0,22,中國信託-文心,2023-09-27,6164
2367,燿華,32,10,22,中國信託-文心,2023-09-27,6164
00893,國泰智能電動車,21,0,21,中國信託-文心,2023-09-27,6164
2409,友達,21,0,21,中國信託-文心,2023-09-27,6164
2303,聯電,31,10,21,中國信託-文心,2023-09-27,6164
3709,鑫聯大投控,25,5,20,中國信託-文心,2023-09-27,6164
0050,元大台灣50,19,0,19,中國信託-文心,2023-09-27,6164
2601,益航,18,0,18,中國信託-文心,2023-09-27,6164
00902,中信電池及儲能,22,4,18,中國信託-文心,2023-09-27,6164
00795B,中信美國公債20年,18,0,18,中國信託-文心,2023-09-27,6164
2891,中信金,18,1,17,中國信託-文心,2023-09-27,6164
00932,兆豐永續高息等權,17,0,17,中國信託-文心,2023-09-27,6164
2337,旺宏,27,10,17,中國信託-文心,2023-09-27,6164
2344,華邦電,24,7,17,中國信託-文心,2023-09-27,6164
6451,訊芯-KY,45,29,16,中國信託-文心,2023-09-27,6164
00670L,富邦NASDAQ正2,16,0,16,中國信託-文心,2023-09-27,6164
2542,興富發,15,0,15,中國信託-文心,2023-09-27,6164
00680L,元大美債20正2,15,0,15,中國信託-文心,2023-09-27,6164
2606,裕民,15,0,15,中國信託-文心,2023-09-27,6164
9904,寶成,14,0,14,中國信託-文心,2023-09-27,6164
00882,中信中國高股息,14,0,14,中國信託-文心,2023-09-27,6164
8410,森田,16,2,14,中國信託-文心,2023-09-27,6164
2884,玉山金,16,2,14,中國信託-文心,2023-09-27,6164
2330,台積電,19,5,14,中國信託-文心,2023-09-27,6164
2882,國泰金,23,10,13,中國信託-文心,2023-09-27,6164
00888,永豐台灣ESG,14,1,13,中國信託-文心,2023-09-27,6164
6456,GIS-KY,13,0,13,中國信託-文心,2023-09-27,6164
3363,上詮,18,5,13,中國信託-文心,2023-09-27,6164
8420,明揚,42,30,12,中國信託-文心,2023-09-27,6164
00929,復華台灣科技優息,176,11,165,中國信託-文心,2023-09-28,6164
00772B,中信高評級公司債,162,0,162,中國信託-文心,2023-09-28,6164
00931B,統一美債20年,146,0,146,中國信託-文心,2023-09-28,6164
1471,首利,143,46,97,中國信託-文心,2023-09-28,6164
00673R,期元大S＆P原油反1,69,0,69,中國信託-文心,2023-09-28,6164
00919,群益台灣精選高息,71,8,63,中國信託-文心,2023-09-28,6164
2002,中鋼,70,9,61,中國信託-文心,2023-09-28,6164
3231,緯創,166,107,59,中國信託-文心,2023-09-28,6164
2376,技嘉,79,21,58,中國信託-文心,2023-09-28,6164
00773B,中信優先金融債,51,0,51,中國信託-文心,2023-09-28,6164
2543,皇昌,78,30,48,中國信託-文心,2023-09-28,6164
00679B,元大美債20年,77,30,47,中國信託-文心,2023-09-28,6164
2891,中信金,46,0,46,中國信託-文心,2023-09-28,6164
00751B,元大AAA至A公司債,40,0,40,中國信託-文心,2023-09-28,6164
00671R,富邦NASDAQ反1,40,0,40,中國信託-文心,2023-09-28,6164
9904,寶成,39,0,39,中國信託-文心,2023-09-28,6164
1449,佳和,39,0,39,中國信託-文心,2023-09-28,6164
00753L,中信中國50正2,37,1,36,中國信託-文心,2023-09-28,6164
00632R,元大台灣50反1,40,5,35,中國信託-文心,2023-09-28,6164
2344,華邦電,32,1,31,中國信託-文心,2023-09-28,6164
00720B,元大投資級公司債,30,0,30,中國信託-文心,2023-09-28,6164
2317,鴻海,32,2,30,中國信託-文心,2023-09-28,6164
2356,英業達,49,22,27,中國信託-文心,2023-09-28,6164
00885,富邦越南,27,1,26,中國信託-文心,2023-09-28,6164
00637L,元大滬深300正2,31,6,25,中國信託-文心,2023-09-28,6164
00641R,富邦日本反1,25,0,25,中國信託-文心,2023-09-28,6164
00893,國泰智能電動車,40,20,20,中國信託-文心,2023-09-28,6164
2313,華通,30,10,20,中國信託-文心,2023-09-28,6164
1720,生達,20,0,20,中國信託-文心,2023-09-28,6164
2201,裕隆,55,36,19,中國信託-文心,2023-09-28,6164
1618,合機,102,83,19,中國信託-文心,2023-09-28,6164
2887,台新金,19,0,19,中國信託-文心,2023-09-28,6164
00712,復華富時不動產,98,79,19,中國信託-文心,2023-09-28,6164
0056,元大高股息,25,6,19,中國信託-文心,2023-09-28,6164
3374,精材,21,3,18,中國信託-文心,2023-09-28,6164
2354,鴻準,18,0,18,中國信託-文心,2023-09-28,6164
00795B,中信美國公債20年,17,0,17,中國信託-文心,2023-09-28,6164
6282,康舒,21,5,16,中國信託-文心,2023-09-28,6164
3122,笙泉,95,79,16,中國信託-文心,2023-09-28,6164
1907,永豐餘,16,0,16,中國信託-文心,2023-09-28,6164
2449,京元電子,30,14,16,中國信託-文心,2023-09-28,6164
00878,國泰永續高股息,36,21,15,中國信託-文心,2023-09-28,6164
9950,萬國通,15,0,15,中國信託-文心,2023-09-28,6164
2428,興勤,15,0,15,中國信託-文心,2023-09-28,6164
2462,良得電,18,3,15,中國信託-文心,2023-09-28,6164
3036,文曄,55,41,14,中國信託-文心,2023-09-28,6164
2618,長榮航,60,46,14,中國信託-文心,2023-09-28,6164
6285,啟��,16,2,14,中國信託-文心,2023-09-28,6164
2323,中環,13,0,13,中國信託-文心,2023-09-28,6164
6188,廣明,32,19,13,中國信託-文心,2023-09-28,6164
00929,復華台灣科技優息,644,55,589,中國信託-文心,2023-10-02,6164
00679B,元大美債20年,90,0,90,中國信託-文心,2023-10-02,6164
00772B,中信高評級公司債,60,0,60,中國信託-文心,2023-10-02,6164
1319,東陽,61,2,59,中國信託-文心,2023-10-02,6164
2515,中工,103,50,53,中國信託-文心,2023-10-02,6164
00764B,群益25年美債,52,1,51,中國信託-文心,2023-10-02,6164
3715,定穎投控,128,82,46,中國信託-文心,2023-10-02,6164
00720B,元大投資級公司債,43,0,43,中國信託-文心,2023-10-02,6164
2363,矽統,71,29,42,中國信託-文心,2023-10-02,6164
00773B,中信優先金融債,40,0,40,中國信託-文心,2023-10-02,6164
2355,敬鵬,91,57,34,中國信託-文心,2023-10-02,6164
00632R,元大台灣50反1,61,30,31,中國信託-文心,2023-10-02,6164
00931B,統一美債20年,28,0,28,中國信託-文心,2023-10-02,6164
00751B,元大AAA至A公司債,29,2,27,中國信託-文心,2023-10-02,6164
2313,華通,32,6,26,中國信託-文心,2023-10-02,6164
00891,中信關鍵半導體,26,0,26,中國信託-文心,2023-10-02,6164
8086,宏捷科,25,0,25,中國信託-文心,2023-10-02,6164
2329,華泰,113,88,25,中國信託-文心,2023-10-02,6164
2891,中信金,44,19,25,中國信託-文心,2023-10-02,6164
00687B,國泰20年美債,24,0,24,中國信託-文心,2023-10-02,6164
2405,輔信,44,22,22,中國信託-文心,2023-10-02,6164
3706,神達,49,28,21,中國信託-文心,2023-10-02,6164
00670L,富邦NASDAQ正2,22,2,20,中國信託-文心,2023-10-02,6164
00923,群益台ESG低碳50,31,11,20,中國信託-文心,2023-10-02,6164
00712,復華富時不動產,26,6,20,中國信託-文心,2023-10-02,6164
1618,合機,42,24,18,中國信託-文心,2023-10-02,6164
00673R,期元大S＆P原油反1,20,2,18,中國信託-文心,2023-10-02,6164
2362,藍天,15,0,15,中國信託-文心,2023-10-02,6164
00680L,元大美債20正2,15,0,15,中國信託-文心,2023-10-02,6164
6432,今展科,15,0,15,中國信託-文心,2023-10-02,6164
2377,微星,14,0,14,中國信託-文心,2023-10-02,6164
2344,華邦電,23,9,14,中國信託-文心,2023-10-02,6164
2880,華南金,14,0,14,中國信託-文心,2023-10-02,6164
2002,中鋼,28,15,13,中國信託-文心,2023-10-02,6164
2812,台中銀,13,0,13,中國信託-文心,2023-10-02,6164
3339,泰谷,15,2,13,中國信託-文心,2023-10-02,6164
00708L,期元大S＆P黃金正2,13,0,13,中國信託-文心,2023-10-02,6164
5225,東科-KY,27,14,13,中國信託-文心,2023-10-02,6164
1529,樂事綠能,14,1,13,中國信託-文心,2023-10-02,6164
3056,富華新,13,0,13,中國信託-文心,2023-10-02,6164
2206,三陽工業,12,0,12,中國信託-文心,2023-10-02,6164
1301,台塑,11,0,11,中國信託-文心,2023-10-02,6164
4114,健喬,11,0,11,中國信託-文心,2023-10-02,6164
6285,啟��,18,7,11,中國信託-文心,2023-10-02,6164
3481,群創,163,153,10,中國信託-文心,2023-10-02,6164
2867,三商壽,10,0,10,中國信託-文心,2023-10-02,6164
6005,群益證,10,0,10,中國信託-文心,2023-10-02,6164
1904,正隆,10,0,10,中國信託-文心,2023-10-02,6164
2883,凱基金,15,5,10,中國信託-文心,2023-10-02,6164
00850,元大臺灣ESG永續,9,0,9,中國信託-文心,2023-10-02,6164
1815,富喬,306,34,272,中國信託-文心,2023-10-03,6164
00712,復華富時不動產,184,28,156,中國信託-文心,2023-10-03,6164
00919,群益台灣精選高息,149,3,146,中國信託-文心,2023-10-03,6164
00753L,中信中國50正2,131,1,130,中國信託-文心,2023-10-03,6164
0056,元大高股息,121,9,112,中國信託-文心,2023-10-03,6164
00679B,元大美債20年,104,7,97,中國信託-文心,2023-10-03,6164
00715L,期街口布蘭特正2,135,50,85,中國信託-文心,2023-10-03,6164
2002,中鋼,82,5,77,中國信託-文心,2023-10-03,6164
00923,群益台ESG低碳50,85,9,76,中國信託-文心,2023-10-03,6164
3481,群創,78,5,73,中國信託-文心,2023-10-03,6164
2888,新光金,74,12,62,中國信託-文心,2023-10-03,6164
00637L,元大滬深300正2,59,0,59,中國信託-文心,2023-10-03,6164
2313,華通,65,8,57,中國信託-文心,2023-10-03,6164
00751B,元大AAA至A公司債,57,0,57,中國信託-文心,2023-10-03,6164
2409,友達,223,167,56,中國信託-文心,2023-10-03,6164
00720B,元大投資級公司債,53,0,53,中國信託-文心,2023-10-03,6164
2891,中信金,96,47,49,中國信託-文心,2023-10-03,6164
00772B,中信高評級公司債,46,0,46,中國信託-文心,2023-10-03,6164
00882,中信中國高股息,42,0,42,中國信託-文心,2023-10-03,6164
3231,緯創,107,65,42,中國信託-文心,2023-10-03,6164
2882,國泰金,43,2,41,中國信託-文心,2023-10-03,6164
2363,矽統,70,31,39,中國信託-文心,2023-10-03,6164
3276,宇環,32,3,29,中國信託-文心,2023-10-03,6164
00907,永豐優息存股,28,0,28,中國信託-文心,2023-10-03,6164
2355,敬鵬,37,9,28,中國信託-文心,2023-10-03,6164
8112,至上,34,6,28,中國信託-文心,2023-10-03,6164
8271,宇瞻,28,1,27,中國信託-文心,2023-10-03,6164
00931B,統一美債20年,27,0,27,中國信託-文心,2023-10-03,6164
3715,定穎投控,74,48,26,中國信託-文心,2023-10-03,6164
4414,如興,26,0,26,中國信託-文心,2023-10-03,6164
6117,迎廣,159,136,23,中國信託-文心,2023-10-03,6164
00885,富邦越南,22,1,21,中國信託-文心,2023-10-03,6164
2388,威盛,82,62,20,中國信託-文心,2023-10-03,6164
2201,裕隆,26,6,20,中國信託-文心,2023-10-03,6164
3322,建舜電,57,38,19,中國信託-文心,2023-10-03,6164
00922,國泰台灣領袖50,19,0,19,中國信託-文心,2023-10-03,6164
00655L,國泰中國A50正2,19,0,19,中國信託-文心,2023-10-03,6164
8088,品安,26,7,19,中國信託-文心,2023-10-03,6164
3013,晟銘電,114,96,18,中國信託-文心,2023-10-03,6164
3264,欣銓,15,0,15,中國信託-文心,2023-10-03,6164
2402,毅嘉,32,17,15,中國信託-文心,2023-10-03,6164
00900,富邦特選高股息30,19,4,15,中國信託-文心,2023-10-03,6164
00665L,富邦�琤肭磪囓�2,15,0,15,中國信託-文心,2023-10-03,6164
9946,三發地產,15,0,15,中國信託-文心,2023-10-03,6164
5880,合庫金,16,2,14,中國信託-文心,2023-10-03,6164
2367,燿華,19,5,14,中國信託-文心,2023-10-03,6164
00902,中信電池及儲能,14,1,13,中國信託-文心,2023-10-03,6164
00722B,群益投資級電信債,12,0,12,中國信託-文心,2023-10-03,6164
2497,怡利電,14,2,12,中國信託-文心,2023-10-03,6164
3363,上詮,15,3,12,中國信託-文心,2023-10-03,6164
00929,復華台灣科技優息,254,31,223,中國信託-文心,2023-10-04,6164
00712,復華富時不動產,201,11,190,中國信託-文心,2023-10-04,6164
00772B,中信高評級公司債,247,83,164,中國信託-文心,2023-10-04,6164
00919,群益台灣精選高息,180,52,128,中國信託-文心,2023-10-04,6164
00679B,元大美債20年,146,22,124,中國信託-文心,2023-10-04,6164
2303,聯電,112,12,100,中國信託-文心,2023-10-04,6164
3202,樺晟,96,0,96,中國信託-文心,2023-10-04,6164
2409,友達,199,131,68,中國信託-文心,2023-10-04,6164
2884,玉山金,68,3,65,中國信託-文心,2023-10-04,6164
00878,國泰永續高股息,97,33,64,中國信託-文心,2023-10-04,6164
2538,基泰,74,12,62,中國信託-文心,2023-10-04,6164
2002,中鋼,73,12,61,中國信託-文心,2023-10-04,6164
00680L,元大美債20正2,137,80,57,中國信託-文心,2023-10-04,6164
5871,中租-KY,56,0,56,中國信託-文心,2023-10-04,6164
910861,神州-DR,56,0,56,中國信託-文心,2023-10-04,6164
2891,中信金,159,103,56,中國信託-文心,2023-10-04,6164
0056,元大高股息,67,22,45,中國信託-文心,2023-10-04,6164
2887,台新金,45,1,44,中國信託-文心,2023-10-04,6164
00720B,元大投資級公司債,63,20,43,中國信託-文心,2023-10-04,6164
00923,群益台ESG低碳50,43,0,43,中國信託-文心,2023-10-04,6164
3287,廣寰科,43,3,40,中國信託-文心,2023-10-04,6164
2516,新建,40,0,40,中國信託-文心,2023-10-04,6164
0050,元大台灣50,42,3,39,中國信託-文心,2023-10-04,6164
3322,建舜電,50,12,38,中國信託-文心,2023-10-04,6164
00922,國泰台灣領袖50,38,0,38,中國信託-文心,2023-10-04,6164
2201,裕隆,43,6,37,中國信託-文心,2023-10-04,6164
2880,華南金,36,0,36,中國信託-文心,2023-10-04,6164
00751B,元大AAA至A公司債,54,18,36,中國信託-文心,2023-10-04,6164
00753L,中信中國50正2,39,8,31,中國信託-文心,2023-10-04,6164
2618,長榮航,35,5,30,中國信託-文心,2023-10-04,6164
2317,鴻海,32,3,29,中國信託-文心,2023-10-04,6164
00927,群益半導體收益,28,0,28,中國信託-文心,2023-10-04,6164
1514,亞力,34,7,27,中國信託-文心,2023-10-04,6164
3006,晶豪科,60,33,27,中國信託-文心,2023-10-04,6164
00907,永豐優息存股,27,0,27,中國信託-文心,2023-10-04,6164
00637L,元大滬深300正2,29,3,26,中國信託-文心,2023-10-04,6164
5880,合庫金,26,1,25,中國信託-文心,2023-10-04,6164
2834,臺企銀,24,0,24,中國信託-文心,2023-10-04,6164
1227,佳格,23,0,23,中國信託-文心,2023-10-04,6164
2630,亞航,22,0,22,中國信託-文心,2023-10-04,6164
3037,欣興,22,0,22,中國信託-文心,2023-10-04,6164
6770,力積電,22,0,22,中國信託-文心,2023-10-04,6164
2014,中鴻,21,0,21,中國信託-文心,2023-10-04,6164
00902,中信電池及儲能,21,0,21,中國信託-文心,2023-10-04,6164
8034,榮群,21,0,21,中國信託-文心,2023-10-04,6164
2353,宏��,23,2,21,中國信託-文心,2023-10-04,6164
6806,森崴能源,22,1,21,中國信託-文心,2023-10-04,6164
2301,光寶科,26,5,21,中國信託-文心,2023-10-04,6164
00931B,統一美債20年,37,17,20,中國信託-文心,2023-10-04,6164
2344,華邦電,22,2,20,中國信託-文心,2023-10-04,6164
00715L,期街口布蘭特正2,319,10,309,中國信託-文心,2023-10-05,6164
00929,復華台灣科技優息,254,15,239,中國信託-文心,2023-10-05,6164
00712,復華富時不動產,262,100,162,中國信託-文心,2023-10-05,6164
00931B,統一美債20年,75,14,61,中國信託-文心,2023-10-05,6164
1609,大亞,66,5,61,中國信託-文心,2023-10-05,6164
00679B,元大美債20年,58,2,56,中國信託-文心,2023-10-05,6164
00923,群益台ESG低碳50,51,1,50,中國信託-文心,2023-10-05,6164
00919,群益台灣精選高息,50,5,45,中國信託-文心,2023-10-05,6164
4967,十銓,51,8,43,中國信託-文心,2023-10-05,6164
8271,宇瞻,30,2,28,中國信託-文心,2023-10-05,6164
2382,廣達,69,45,24,中國信託-文心,2023-10-05,6164
9904,寶成,24,0,24,中國信託-文心,2023-10-05,6164
00882,中信中國高股息,28,5,23,中國信託-文心,2023-10-05,6164
00907,永豐優息存股,24,1,23,中國信託-文心,2023-10-05,6164
2201,裕隆,24,1,23,中國信託-文心,2023-10-05,6164
3231,緯創,66,44,22,中國信託-文心,2023-10-05,6164
5907,大洋-KY,20,0,20,中國信託-文心,2023-10-05,6164
00720B,元大投資級公司債,20,0,20,中國信託-文心,2023-10-05,6164
2355,敬鵬,26,7,19,中國信託-文心,2023-10-05,6164
00675L,富邦臺灣加權正2,18,0,18,中國信託-文心,2023-10-05,6164
2637,慧洋-KY,30,12,18,中國信託-文心,2023-10-05,6164
2002,中鋼,20,3,17,中國信託-文心,2023-10-05,6164
8210,勤誠,44,27,17,中國信託-文心,2023-10-05,6164
3665,貿聯-KY,20,3,17,中國信託-文心,2023-10-05,6164
6550,北極星藥業-KY,17,0,17,中國信託-文心,2023-10-05,6164
2812,台中銀,16,0,16,中國信託-文心,2023-10-05,6164
1449,佳和,16,0,16,中國信託-文心,2023-10-05,6164
6104,創惟,16,0,16,中國信託-文心,2023-10-05,6164
1101,台泥,22,6,16,中國信託-文心,2023-10-05,6164
3044,健鼎,16,1,15,中國信託-文心,2023-10-05,6164
2313,華通,49,34,15,中國信託-文心,2023-10-05,6164
9938,百和,25,10,15,中國信託-文心,2023-10-05,6164
2816,旺旺保,15,0,15,中國信託-文心,2023-10-05,6164
00850,元大臺灣ESG永續,14,0,14,中國信託-文心,2023-10-05,6164
2881,富邦金,15,2,13,中國信託-文心,2023-10-05,6164
3481,群創,26,13,13,中國信託-文心,2023-10-05,6164
2388,威盛,17,5,12,中國信託-文心,2023-10-05,6164
1301,台塑,12,0,12,中國信託-文心,2023-10-05,6164
3325,旭品,58,46,12,中國信託-文心,2023-10-05,6164
2369,菱生,12,0,12,中國信託-文心,2023-10-05,6164
6418,詠昇,12,0,12,中國信託-文心,2023-10-05,6164
6156,松上,18,6,12,中國信託-文心,2023-10-05,6164
3694,海華,15,4,11,中國信託-文心,2023-10-05,6164
00764B,群益25年美債,11,0,11,中國信託-文心,2023-10-05,6164
9946,三發地產,11,0,11,中國信託-文心,2023-10-05,6164
2417,圓剛,39,29,10,中國信託-文心,2023-10-05,6164
1303,南亞,10,0,10,中國信託-文心,2023-10-05,6164
1736,喬山,10,0,10,中國信託-文心,2023-10-05,6164
6219,富旺,10,0,10,中國信託-文心,2023-10-05,6164
2634,漢翔,41,31,10,中國信託-文心,2023-10-05,6164
00715L,期街口布蘭特正2,480,3,477,中國信託-文心,2023-10-06,6164
00929,復華台灣科技優息,251,6,245,中國信託-文心,2023-10-06,6164
2516,新建,320,80,240,中國信託-文心,2023-10-06,6164
9105,泰金寶-DR,235,0,235,中國信託-文心,2023-10-06,6164
2329,華泰,162,48,114,中國信託-文心,2023-10-06,6164
00712,復華富時不動產,123,12,111,中國信託-文心,2023-10-06,6164
2344,華邦電,121,43,78,中國信託-文心,2023-10-06,6164
00679B,元大美債20年,70,0,70,中國信託-文心,2023-10-06,6164
2354,鴻準,63,0,63,中國信託-文心,2023-10-06,6164
0056,元大高股息,59,10,49,中國信託-文心,2023-10-06,6164
00919,群益台灣精選高息,47,4,43,中國信託-文心,2023-10-06,6164
00720B,元大投資級公司債,40,0,40,中國信託-文心,2023-10-06,6164
2316,楠梓電,47,14,33,中國信託-文心,2023-10-06,6164
8420,明揚,33,0,33,中國信託-文心,2023-10-06,6164
00772B,中信高評級公司債,32,1,31,中國信託-文心,2023-10-06,6164
6451,訊芯-KY,48,18,30,中國信託-文心,2023-10-06,6164
00915,凱基優選高股息30,30,0,30,中國信託-文心,2023-10-06,6164
3037,欣興,27,0,27,中國信託-文心,2023-10-06,6164
00923,群益台ESG低碳50,30,5,25,中國信託-文心,2023-10-06,6164
1815,富喬,51,28,23,中國信託-文心,2023-10-06,6164
2002,中鋼,46,24,22,中國信託-文心,2023-10-06,6164
2014,中鴻,23,1,22,中國信託-文心,2023-10-06,6164
4155,訊映,24,2,22,中國信託-文心,2023-10-06,6164
1736,喬山,22,1,21,中國信託-文心,2023-10-06,6164
3706,神達,27,6,21,中國信託-文心,2023-10-06,6164
3481,群創,21,0,21,中國信託-文心,2023-10-06,6164
2363,矽統,44,24,20,中國信託-文心,2023-10-06,6164
00773B,中信優先金融債,22,2,20,中國信託-文心,2023-10-06,6164
3036,文曄,34,16,18,中國信託-文心,2023-10-06,6164
6274,台燿,25,8,17,中國信託-文心,2023-10-06,6164
8093,保銳,18,1,17,中國信託-文心,2023-10-06,6164
2442,新美齊,30,15,15,中國信託-文心,2023-10-06,6164
3122,笙泉,20,5,15,中國信託-文心,2023-10-06,6164
6139,亞翔,25,11,14,中國信託-文心,2023-10-06,6164
6126,信音,14,0,14,中國信託-文心,2023-10-06,6164
3701,大眾控,18,5,13,中國信託-文心,2023-10-06,6164
2481,強茂,13,0,13,中國信託-文心,2023-10-06,6164
1784,訊聯,13,0,13,中國信託-文心,2023-10-06,6164
1305,華夏,13,0,13,中國信託-文心,2023-10-06,6164
2884,玉山金,14,2,12,中國信託-文心,2023-10-06,6164
3450,聯鈞,16,4,12,中國信託-文心,2023-10-06,6164
8442,威宏-KY,11,0,11,中國信託-文心,2023-10-06,6164
5475,德宏,11,0,11,中國信託-文心,2023-10-06,6164
2606,裕民,26,15,11,中國信託-文心,2023-10-06,6164
2812,台中銀,11,0,11,中國信託-文心,2023-10-06,6164
1402,遠東新,11,0,11,中國信託-文心,2023-10-06,6164
2365,昆盈,29,18,11,中國信託-文心,2023-10-06,6164
2881,富邦金,17,6,11,中國信託-文心,2023-10-06,6164
2834,臺企銀,11,1,10,中國信託-文心,2023-10-06,6164
00893,國泰智能電動車,10,0,10,中國信託-文心,2023-10-06,6164
3231,緯創,292,74,218,中國信託-文心,2023-10-11,6164
00679B,元大美債20年,185,55,130,中國信託-文心,2023-10-11,6164
2340,台亞,101,1,100,中國信託-文心,2023-10-11,6164
00919,群益台灣精選高息,146,51,95,中國信託-文心,2023-10-11,6164
00712,復華富時不動產,136,60,76,中國信託-文心,2023-10-11,6164
2515,中工,130,57,73,中國信託-文心,2023-10-11,6164
3715,定穎投控,193,127,66,中國信託-文心,2023-10-11,6164
00929,復華台灣科技優息,124,62,62,中國信託-文心,2023-10-11,6164
3027,盛達,53,2,51,中國信託-文心,2023-10-11,6164
00642U,期元大S＆P石油,46,0,46,中國信託-文心,2023-10-11,6164
00795B,中信美國公債20年,45,0,45,中國信託-文心,2023-10-11,6164
8420,明揚,41,0,41,中國信託-文心,2023-10-11,6164
2883,凱基金,64,24,40,中國信託-文心,2023-10-11,6164
00772B,中信高評級公司債,38,1,37,中國信託-文心,2023-10-11,6164
6125,廣運,39,3,36,中國信託-文心,2023-10-11,6164
0056,元大高股息,91,55,36,中國信託-文心,2023-10-11,6164
3044,健鼎,36,3,33,中國信託-文心,2023-10-11,6164
3325,旭品,52,20,32,中國信託-文心,2023-10-11,6164
2382,廣達,107,75,32,中國信託-文心,2023-10-11,6164
1905,華紙,31,1,30,中國信託-文心,2023-10-11,6164
00878,國泰永續高股息,135,106,29,中國信託-文心,2023-10-11,6164
3481,群創,52,24,28,中國信託-文心,2023-10-11,6164
2353,宏��,49,21,28,中國信託-文心,2023-10-11,6164
3701,大眾控,29,1,28,中國信託-文心,2023-10-11,6164
00751B,元大AAA至A公司債,28,1,27,中國信託-文心,2023-10-11,6164
3276,宇環,74,48,26,中國信託-文心,2023-10-11,6164
1736,喬山,24,1,23,中國信託-文心,2023-10-11,6164
2356,英業達,49,27,22,中國信託-文心,2023-10-11,6164
3037,欣興,26,5,21,中國信託-文心,2023-10-11,6164
2344,華邦電,104,84,20,中國信託-文心,2023-10-11,6164
2634,漢翔,24,5,19,中國信託-文心,2023-10-11,6164
3051,力特,19,0,19,中國信託-文心,2023-10-11,6164
2618,長榮航,20,3,17,中國信託-文心,2023-10-11,6164
6796,晉弘,19,2,17,中國信託-文心,2023-10-11,6164
2464,盟立,17,0,17,中國信託-文心,2023-10-11,6164
2609,陽明,25,9,16,中國信託-文心,2023-10-11,6164
2425,承啟,20,4,16,中國信託-文心,2023-10-11,6164
6122,擎邦,50,34,16,中國信託-文心,2023-10-11,6164
2002,中鋼,18,2,16,中國信託-文心,2023-10-11,6164
2376,技嘉,39,24,15,中國信託-文心,2023-10-11,6164
3217,優群,16,1,15,中國信託-文心,2023-10-11,6164
1449,佳和,15,0,15,中國信託-文心,2023-10-11,6164
1444,力麗,16,1,15,中國信託-文心,2023-10-11,6164
2405,輔信,17,2,15,中國信託-文心,2023-10-11,6164
6156,松上,16,2,14,中國信託-文心,2023-10-11,6164
2637,慧洋-KY,14,0,14,中國信託-文心,2023-10-11,6164
4414,如興,13,0,13,中國信託-文心,2023-10-11,6164
2739,寒舍,13,0,13,中國信託-文心,2023-10-11,6164
4147,中裕,13,0,13,中國信託-文心,2023-10-11,6164
8033,雷虎,14,2,12,中國信託-文心,2023-10-11,6164
00923,群益台ESG低碳50,220,6,214,中國信託-文心,2023-10-12,6164
00679B,元大美債20年,181,11,170,中國信託-文心,2023-10-12,6164
5521,工信,128,5,123,中國信託-文心,2023-10-12,6164
00632R,元大台灣50反1,104,22,82,中國信託-文心,2023-10-12,6164
00795B,中信美國公債20年,52,2,50,中國信託-文心,2023-10-12,6164
1504,東元,50,0,50,中國信託-文心,2023-10-12,6164
2002,中鋼,39,2,37,中國信託-文心,2023-10-12,6164
00688L,國泰20年美債正2,33,0,33,中國信託-文心,2023-10-12,6164
2349,錸德,24,1,23,中國信託-文心,2023-10-12,6164
00720B,元大投資級公司債,22,0,22,中國信託-文心,2023-10-12,6164
2363,矽統,380,358,22,中國信託-文心,2023-10-12,6164
00919,群益台灣精選高息,30,9,21,中國信託-文心,2023-10-12,6164
6122,擎邦,27,6,21,中國信託-文心,2023-10-12,6164
3013,晟銘電,50,30,20,中國信託-文心,2023-10-12,6164
3036,文曄,49,30,19,中國信託-文心,2023-10-12,6164
8420,明揚,27,8,19,中國信託-文心,2023-10-12,6164
5348,正能量智能,23,6,17,中國信託-文心,2023-10-12,6164
3044,健鼎,37,20,17,中國信託-文心,2023-10-12,6164
00931B,統一美債20年,26,10,16,中國信託-文心,2023-10-12,6164
00751B,元大AAA至A公司債,16,0,16,中國信託-文心,2023-10-12,6164
00929,復華台灣科技優息,31,15,16,中國信託-文心,2023-10-12,6164
1584,精剛,33,18,15,中國信託-文心,2023-10-12,6164
1736,喬山,20,5,15,中國信託-文心,2023-10-12,6164
6285,啟��,21,6,15,中國信託-文心,2023-10-12,6164
1455,集盛,15,0,15,中國信託-文心,2023-10-12,6164
3483,力致,19,4,15,中國信託-文心,2023-10-12,6164
00902,中信電池及儲能,15,0,15,中國信託-文心,2023-10-12,6164
9904,寶成,14,0,14,中國信託-文心,2023-10-12,6164
5302,太欣,13,0,13,中國信託-文心,2023-10-12,6164
0056,元大高股息,44,31,13,中國信託-文心,2023-10-12,6164
2369,菱生,13,1,12,中國信託-文心,2023-10-12,6164
2352,佳世達,16,5,11,中國信託-文心,2023-10-12,6164
2323,中環,12,1,11,中國信託-文心,2023-10-12,6164
6234,高僑,19,8,11,中國信託-文心,2023-10-12,6164
9938,百和,11,0,11,中國信託-文心,2023-10-12,6164
00878,國泰永續高股息,74,64,10,中國信託-文心,2023-10-12,6164
00725B,國泰投資級公司債,10,0,10,中國信託-文心,2023-10-12,6164
2633,台灣高鐵,10,0,10,中國信託-文心,2023-10-12,6164
00655L,國泰中國A50正2,10,0,10,中國信託-文心,2023-10-12,6164
6229,研通,10,0,10,中國信託-文心,2023-10-12,6164
4563,百德,10,0,10,中國信託-文心,2023-10-12,6164
2344,華邦電,104,94,10,中國信託-文心,2023-10-12,6164
1101,台泥,13,3,10,中國信託-文心,2023-10-12,6164
2409,友達,26,16,10,中國信託-文心,2023-10-12,6164
2634,漢翔,12,2,10,中國信託-文心,2023-10-12,6164
2105,正新,11,2,9,中國信託-文心,2023-10-12,6164
6158,禾昌,15,6,9,中國信託-文心,2023-10-12,6164
2356,英業達,29,20,9,中國信託-文心,2023-10-12,6164
00773B,中信優先金融債,8,0,8,中國信託-文心,2023-10-12,6164
2883,凱基金,16,8,8,中國信託-文心,2023-10-12,6164
00878,國泰永續高股息,140,4,136,中國信託-文心,2023-10-13,6164
0056,元大高股息,122,5,117,中國信託-文心,2023-10-13,6164
00679B,元大美債20年,93,1,92,中國信託-文心,2023-10-13,6164
00923,群益台ESG低碳50,104,14,90,中國信託-文心,2023-10-13,6164
2316,楠梓電,69,0,69,中國信託-文心,2023-10-13,6164
00680L,元大美債20正2,68,0,68,中國信託-文心,2023-10-13,6164
2382,廣達,114,54,60,中國信託-文心,2023-10-13,6164
2376,技嘉,85,25,60,中國信託-文心,2023-10-13,6164
00919,群益台灣精選高息,63,5,58,中國信託-文心,2023-10-13,6164
3231,緯創,127,76,51,中國信託-文心,2023-10-13,6164
00882,中信中國高股息,50,0,50,中國信託-文心,2023-10-13,6164
00751B,元大AAA至A公司債,43,0,43,中國信託-文心,2023-10-13,6164
1736,喬山,39,0,39,中國信託-文心,2023-10-13,6164
00712,復華富時不動產,50,20,30,中國信託-文心,2023-10-13,6164
3379,彬台,30,0,30,中國信託-文心,2023-10-13,6164
00931B,統一美債20年,29,0,29,中國信託-文心,2023-10-13,6164
00922,國泰台灣領袖50,33,7,26,中國信託-文心,2023-10-13,6164
00665L,富邦�琤肭磪囓�2,28,2,26,中國信託-文心,2023-10-13,6164
00902,中信電池及儲能,32,6,26,中國信託-文心,2023-10-13,6164
6164,華興,25,0,25,中國信託-文心,2023-10-13,6164
2637,慧洋-KY,25,1,24,中國信託-文心,2023-10-13,6164
00772B,中信高評級公司債,22,0,22,中國信託-文心,2023-10-13,6164
2890,永豐金,21,0,21,中國信託-文心,2023-10-13,6164
9904,寶成,21,0,21,中國信託-文心,2023-10-13,6164
3715,定穎投控,166,146,20,中國信託-文心,2023-10-13,6164
2402,毅嘉,20,1,19,中國信託-文心,2023-10-13,6164
2301,光寶科,34,16,18,中國信託-文心,2023-10-13,6164
00720B,元大投資級公司債,28,10,18,中國信託-文心,2023-10-13,6164
3706,神達,36,18,18,中國信託-文心,2023-10-13,6164
1101,台泥,20,2,18,中國信託-文心,2023-10-13,6164
3163,波若威,37,20,17,中國信託-文心,2023-10-13,6164
3025,星通,72,56,16,中國信託-文心,2023-10-13,6164
8996,高力,21,5,16,中國信託-文心,2023-10-13,6164
2605,新興,17,2,15,中國信託-文心,2023-10-13,6164
1303,南亞,15,0,15,中國信託-文心,2023-10-13,6164
8034,榮群,15,0,15,中國信託-文心,2023-10-13,6164
4979,華星光,81,66,15,中國信託-文心,2023-10-13,6164
2002,中鋼,16,2,14,中國信託-文心,2023-10-13,6164
00921,兆豐龍頭等權重,14,0,14,中國信託-文心,2023-10-13,6164
2881,富邦金,14,0,14,中國信託-文心,2023-10-13,6164
6605,帝寶,21,8,13,中國信託-文心,2023-10-13,6164
8068,全達,14,1,13,中國信託-文心,2023-10-13,6164
5348,正能量智能,15,2,13,中國信託-文心,2023-10-13,6164
3062,建漢,13,0,13,中國信託-文心,2023-10-13,6164
6120,達運,13,0,13,中國信託-文心,2023-10-13,6164
00713,元大台灣高息低波,15,2,13,中國信託-文心,2023-10-13,6164
2607,榮運,25,13,12,中國信託-文心,2023-10-13,6164
1515,力山,12,0,12,中國信託-文心,2023-10-13,6164
4967,十銓,18,6,12,中國信託-文心,2023-10-13,6164
2834,臺企銀,12,0,12,中國信託-文心,2023-10-13,6164
00929,復華台灣科技優息,240,68,172,中國信託-文心,2023-10-16,6164
0056,元大高股息,151,9,142,中國信託-文心,2023-10-16,6164
00919,群益台灣精選高息,154,21,133,中國信託-文心,2023-10-16,6164
2344,華邦電,164,39,125,中國信託-文心,2023-10-16,6164
4908,前鼎,204,104,100,中國信託-文心,2023-10-16,6164
4979,華星光,131,35,96,中國信託-文心,2023-10-16,6164
2363,矽統,457,363,94,中國信託-文心,2023-10-16,6164
00632R,元大台灣50反1,72,0,72,中國信託-文心,2023-10-16,6164
00712,復華富時不動產,71,1,70,中國信託-文心,2023-10-16,6164
2610,華航,70,13,57,中國信託-文心,2023-10-16,6164
4714,永捷,50,2,48,中國信託-文心,2023-10-16,6164
00878,國泰永續高股息,63,17,46,中國信託-文心,2023-10-16,6164
2618,長榮航,91,49,42,中國信託-文心,2023-10-16,6164
8996,高力,46,6,40,中國信託-文心,2023-10-16,6164
6005,群益證,40,0,40,中國信託-文心,2023-10-16,6164
2201,裕隆,265,227,38,中國信託-文心,2023-10-16,6164
3231,緯創,124,85,39,中國信託-文心,2023-10-16,6164
8420,明揚,37,1,36,中國信託-文心,2023-10-16,6164
2316,楠梓電,35,0,35,中國信託-文心,2023-10-16,6164
00637L,元大滬深300正2,45,13,32,中國信託-文心,2023-10-16,6164
00673R,期元大S＆P原油反1,37,5,32,中國信託-文心,2023-10-16,6164
00642U,期元大S＆P石油,32,1,31,中國信託-文心,2023-10-16,6164
00922,國泰台灣領袖50,30,0,30,中國信託-文心,2023-10-16,6164
00900,富邦特選高股息30,29,0,29,中國信託-文心,2023-10-16,6164
00715L,期街口布蘭特正2,32,5,27,中國信託-文心,2023-10-16,6164
00679B,元大美債20年,31,7,24,中國信託-文心,2023-10-16,6164
00932,兆豐永續高息等權,24,1,23,中國信託-文心,2023-10-16,6164
1101,台泥,26,3,23,中國信託-文心,2023-10-16,6164
00680L,元大美債20正2,24,2,22,中國信託-文心,2023-10-16,6164
00931B,統一美債20年,22,0,22,中國信託-文心,2023-10-16,6164
9955,佳龍,63,41,22,中國信託-文心,2023-10-16,6164
00773B,中信優先金融債,22,0,22,中國信託-文心,2023-10-16,6164
5009,榮剛,27,6,21,中國信託-文心,2023-10-16,6164
2002,中鋼,23,6,17,中國信託-文心,2023-10-16,6164
00665L,富邦�琤肭磪囓�2,16,0,16,中國信託-文心,2023-10-16,6164
2605,新興,15,0,15,中國信託-文心,2023-10-16,6164
2419,仲琦,14,1,13,中國信託-文心,2023-10-16,6164
00751B,元大AAA至A公司債,13,0,13,中國信託-文心,2023-10-16,6164
1605,華新,13,1,12,中國信託-文心,2023-10-16,6164
4306,炎洲,12,0,12,中國信託-文心,2023-10-16,6164
4503,金雨,33,21,12,中國信託-文心,2023-10-16,6164
2382,廣達,30,18,12,中國信託-文心,2023-10-16,6164
6770,力積電,16,4,12,中國信託-文心,2023-10-16,6164
2633,台灣高鐵,11,0,11,中國信託-文心,2023-10-16,6164
6901,鑽石投資,11,0,11,中國信託-文心,2023-10-16,6164
2312,金寶,11,0,11,中國信託-文心,2023-10-16,6164
2358,廷鑫,11,0,11,中國信託-文心,2023-10-16,6164
6290,良維,13,3,10,中國信託-文心,2023-10-16,6164
3062,建漢,10,0,10,中國信託-文心,2023-10-16,6164
6112,邁達特,10,0,10,中國信託-文心,2023-10-16,6164
0056,元大高股息,469,29,440,中國信託-文心,2023-10-17,6164
00679B,元大美債20年,156,0,156,中國信託-文心,2023-10-17,6164
2618,長榮航,205,65,140,中國信託-文心,2023-10-17,6164
00878,國泰永續高股息,129,22,107,中國信託-文心,2023-10-17,6164
00720B,元大投資級公司債,100,0,100,中國信託-文心,2023-10-17,6164
00772B,中信高評級公司債,89,0,89,中國信託-文心,2023-10-17,6164
3231,緯創,190,101,89,中國信託-文心,2023-10-17,6164
00932,兆豐永續高息等權,87,0,87,中國信託-文心,2023-10-17,6164
00715L,期街口布蘭特正2,90,15,75,中國信託-文心,2023-10-17,6164
3715,定穎投控,210,144,66,中國信託-文心,2023-10-17,6164
2516,新建,64,0,64,中國信託-文心,2023-10-17,6164
00929,復華台灣科技優息,88,33,55,中國信託-文心,2023-10-17,6164
00687B,國泰20年美債,35,0,35,中國信託-文心,2023-10-17,6164
00795B,中信美國公債20年,29,0,29,中國信託-文心,2023-10-17,6164
00722B,群益投資級電信債,28,0,28,中國信託-文心,2023-10-17,6164
2352,佳世達,36,10,26,中國信託-文心,2023-10-17,6164
2316,楠梓電,26,0,26,中國信託-文心,2023-10-17,6164
1504,東元,26,1,25,中國信託-文心,2023-10-17,6164
8088,品安,26,1,25,中國信託-文心,2023-10-17,6164
2002,中鋼,24,0,24,中國信託-文心,2023-10-17,6164
3032,偉訓,25,1,24,中國信託-文心,2023-10-17,6164
3481,群創,25,1,24,中國信託-文心,2023-10-17,6164
00931B,統一美債20年,24,0,24,中國信託-文心,2023-10-17,6164
00752,中信中國50,28,5,23,中國信託-文心,2023-10-17,6164
1702,南僑,21,0,21,中國信託-文心,2023-10-17,6164
2354,鴻準,20,0,20,中國信託-文心,2023-10-17,6164
00740B,富邦全球投等債,19,0,19,中國信託-文心,2023-10-17,6164
00751B,元大AAA至A公司債,23,4,19,中國信託-文心,2023-10-17,6164
00680L,元大美債20正2,33,14,19,中國信託-文心,2023-10-17,6164
2891,中信金,27,8,19,中國信託-文心,2023-10-17,6164
2449,京元電子,51,34,17,中國信託-文心,2023-10-17,6164
00773B,中信優先金融債,17,0,17,中國信託-文心,2023-10-17,6164
1471,首利,22,5,17,中國信託-文心,2023-10-17,6164
2382,廣達,32,15,17,中國信託-文心,2023-10-17,6164
5347,世界,20,3,17,中國信託-文心,2023-10-17,6164
5465,富驊,21,5,16,中國信託-文心,2023-10-17,6164
2610,華航,27,11,16,中國信託-文心,2023-10-17,6164
8054,安國,28,12,16,中國信託-文心,2023-10-17,6164
1515,力山,17,1,16,中國信託-文心,2023-10-17,6164
2201,裕隆,27,12,15,中國信託-文心,2023-10-17,6164
1905,華紙,20,6,14,中國信託-文心,2023-10-17,6164
00922,國泰台灣領袖50,14,0,14,中國信託-文心,2023-10-17,6164
2355,敬鵬,17,3,14,中國信託-文心,2023-10-17,6164
2543,皇昌,15,1,14,中國信託-文心,2023-10-17,6164
2409,友達,14,0,14,中國信託-文心,2023-10-17,6164
6276,安鈦克,14,1,13,中國信託-文心,2023-10-17,6164
2634,漢翔,12,0,12,中國信託-文心,2023-10-17,6164
6176,瑞儀,12,0,12,中國信託-文心,2023-10-17,6164
3289,宜特,12,0,12,中國信託-文心,2023-10-17,6164
9945,潤泰新,11,0,11,中國信託-文心,2023-10-17,6164
2886,兆豐金,699,3,696,中國信託-文心,2023-10-18,6164
0056,元大高股息,472,39,433,中國信託-文心,2023-10-18,6164
00878,國泰永續高股息,461,109,352,中國信託-文心,2023-10-18,6164
00929,復華台灣科技優息,357,47,310,中國信託-文心,2023-10-18,6164
00922,國泰台灣領袖50,247,1,246,中國信託-文心,2023-10-18,6164
00919,群益台灣精選高息,186,40,146,中國信託-文心,2023-10-18,6164
00932,兆豐永續高息等權,86,0,86,中國信託-文心,2023-10-18,6164
00679B,元大美債20年,81,1,80,中國信託-文心,2023-10-18,6164
2516,新建,80,1,79,中國信託-文心,2023-10-18,6164
6168,宏齊,303,244,59,中國信託-文心,2023-10-18,6164
2377,微星,53,0,53,中國信託-文心,2023-10-18,6164
00900,富邦特選高股息30,51,0,51,中國信託-文心,2023-10-18,6164
2891,中信金,47,1,46,中國信託-文心,2023-10-18,6164
2002,中鋼,46,1,45,中國信託-文心,2023-10-18,6164
2344,華邦電,43,1,42,中國信託-文心,2023-10-18,6164
4414,如興,40,0,40,中國信託-文心,2023-10-18,6164
5457,宣德,55,15,40,中國信託-文心,2023-10-18,6164
2354,鴻準,40,0,40,中國信託-文心,2023-10-18,6164
2313,華通,69,30,39,中國信託-文心,2023-10-18,6164
00687B,國泰20年美債,38,0,38,中國信託-文心,2023-10-18,6164
2316,楠梓電,37,0,37,中國信託-文心,2023-10-18,6164
2382,廣達,68,32,36,中國信託-文心,2023-10-18,6164
2605,新興,44,9,35,中國信託-文心,2023-10-18,6164
6203,海韻電,33,0,33,中國信託-文心,2023-10-18,6164
00751B,元大AAA至A公司債,31,1,30,中國信託-文心,2023-10-18,6164
4402,郡都開發,25,0,25,中國信託-文心,2023-10-18,6164
00720B,元大投資級公司債,25,0,25,中國信託-文心,2023-10-18,6164
2201,裕隆,50,26,24,中國信託-文心,2023-10-18,6164
1102,亞泥,24,0,24,中國信託-文心,2023-10-18,6164
2867,三商壽,29,5,24,中國信託-文心,2023-10-18,6164
2610,華航,34,11,23,中國信託-文心,2023-10-18,6164
2353,宏��,25,3,22,中國信託-文心,2023-10-18,6164
00772B,中信高評級公司債,21,0,21,中國信託-文心,2023-10-18,6164
1504,東元,21,1,20,中國信託-文心,2023-10-18,6164
3049,精金,20,0,20,中國信託-文心,2023-10-18,6164
6005,群益證,20,0,20,中國信託-文心,2023-10-18,6164
2888,新光金,27,7,20,中國信託-文心,2023-10-18,6164
6274,台燿,26,8,18,中國信託-文心,2023-10-18,6164
2388,威盛,113,95,18,中國信託-文心,2023-10-18,6164
2457,飛宏,21,3,18,中國信託-文心,2023-10-18,6164
00893,國泰智能電動車,23,5,18,中國信託-文心,2023-10-18,6164
00673R,期元大S＆P原油反1,19,1,18,中國信託-文心,2023-10-18,6164
2352,佳世達,19,2,17,中國信託-文心,2023-10-18,6164
3665,貿聯-KY,16,0,16,中國信託-文心,2023-10-18,6164
2302,麗正,15,0,15,中國信託-文心,2023-10-18,6164
1101,台泥,35,20,15,中國信託-文心,2023-10-18,6164
3017,奇鋐,20,6,14,中國信託-文心,2023-10-18,6164
00712,復華富時不動產,37,23,14,中國信託-文心,2023-10-18,6164
6244,茂迪,21,7,14,中國信託-文心,2023-10-18,6164
5215,科嘉-KY,15,1,14,中國信託-文心,2023-10-18,6164
0056,元大高股息,226,27,199,中國信託-文心,2023-10-19,6164
00878,國泰永續高股息,235,36,199,中國信託-文心,2023-10-19,6164
00720B,元大投資級公司債,165,1,164,中國信託-文心,2023-10-19,6164
00929,復華台灣科技優息,203,46,157,中國信託-文心,2023-10-19,6164
00637L,元大滬深300正2,138,0,138,中國信託-文心,2023-10-19,6164
00712,復華富時不動產,92,0,92,中國信託-文心,2023-10-19,6164
4402,郡都開發,89,0,89,中國信託-文心,2023-10-19,6164
00922,國泰台灣領袖50,90,2,88,中國信託-文心,2023-10-19,6164
00751B,元大AAA至A公司債,78,0,78,中國信託-文心,2023-10-19,6164
00715L,期街口布蘭特正2,82,5,77,中國信託-文心,2023-10-19,6164
2317,鴻海,78,2,76,中國信託-文心,2023-10-19,6164
00679B,元大美債20年,98,21,77,中國信託-文心,2023-10-19,6164
2888,新光金,72,0,72,中國信託-文心,2023-10-19,6164
3231,緯創,149,79,70,中國信託-文心,2023-10-19,6164
00933B,國泰10Y+金融債,68,7,61,中國信託-文心,2023-10-19,6164
00687B,國泰20年美債,70,16,54,中國信託-文心,2023-10-19,6164
5871,中租-KY,52,1,51,中國信託-文心,2023-10-19,6164
00885,富邦越南,53,5,48,中國信託-文心,2023-10-19,6164
00902,中信電池及儲能,67,20,47,中國信託-文心,2023-10-19,6164
00706L,期元大S＆P日圓正2,71,24,47,中國信託-文心,2023-10-19,6164
00753L,中信中國50正2,44,0,44,中國信託-文心,2023-10-19,6164
00680L,元大美債20正2,51,11,40,中國信託-文心,2023-10-19,6164
6005,群益證,40,0,40,中國信託-文心,2023-10-19,6164
2489,瑞軒,40,0,40,中國信託-文心,2023-10-19,6164
2891,中信金,46,7,39,中國信託-文心,2023-10-19,6164
2376,技嘉,45,7,38,中國信託-文心,2023-10-19,6164
00919,群益台灣精選高息,42,5,37,中國信託-文心,2023-10-19,6164
8996,高力,39,4,35,中國信託-文心,2023-10-19,6164
1101,台泥,36,2,34,中國信託-文心,2023-10-19,6164
9938,百和,34,3,31,中國信託-文心,2023-10-19,6164
3709,鑫聯大投控,45,19,26,中國信託-文心,2023-10-19,6164
2610,華航,25,2,23,中國信託-文心,2023-10-19,6164
2886,兆豐金,21,0,21,中國信託-文心,2023-10-19,6164
6203,海韻電,20,0,20,中國信託-文心,2023-10-19,6164
2890,永豐金,20,1,19,中國信託-文心,2023-10-19,6164
00882,中信中國高股息,34,15,19,中國信託-文心,2023-10-19,6164
00722B,群益投資級電信債,18,0,18,中國信託-文心,2023-10-19,6164
3122,笙泉,24,6,18,中國信託-文心,2023-10-19,6164
3711,日月光投控,18,0,18,中國信託-文心,2023-10-19,6164
2409,友達,21,4,17,中國信託-文心,2023-10-19,6164
2356,英業達,31,14,17,中國信託-文心,2023-10-19,6164
3051,力特,18,1,17,中國信託-文心,2023-10-19,6164
00688L,國泰20年美債正2,15,0,15,中國信託-文心,2023-10-19,6164
2617,台航,14,0,14,中國信託-文心,2023-10-19,6164
1609,大亞,14,1,13,中國信託-文心,2023-10-19,6164
6233,旺玖,15,2,13,中國信託-文心,2023-10-19,6164
1736,喬山,13,0,13,中國信託-文心,2023-10-19,6164
3037,欣興,13,1,12,中國信託-文心,2023-10-19,6164
8420,明揚,12,0,12,中國信託-文心,2023-10-19,6164
00633L,富邦上証正2,12,0,12,中國信託-文心,2023-10-19,6164
00712,復華富時不動產,375,2,373,中國信託-文心,2023-10-20,6164
00878,國泰永續高股息,310,36,274,中國信託-文心,2023-10-20,6164
00673R,期元大S＆P原油反1,242,0,242,中國信託-文心,2023-10-20,6164
00929,復華台灣科技優息,185,37,148,中國信託-文心,2023-10-20,6164
0056,元大高股息,162,24,138,中國信託-文心,2023-10-20,6164
2891,中信金,142,5,137,中國信託-文心,2023-10-20,6164
00680L,元大美債20正2,138,15,123,中國信託-文心,2023-10-20,6164
00933B,國泰10Y+金融債,123,1,122,中國信託-文心,2023-10-20,6164
2002,中鋼,81,0,81,中國信託-文心,2023-10-20,6164
2888,新光金,80,0,80,中國信託-文心,2023-10-20,6164
00687B,國泰20年美債,74,0,74,中國信託-文心,2023-10-20,6164
00919,群益台灣精選高息,87,12,75,中國信託-文心,2023-10-20,6164
00751B,元大AAA至A公司債,66,0,66,中國信託-文心,2023-10-20,6164
00679B,元大美債20年,73,12,61,中國信託-文心,2023-10-20,6164
00637L,元大滬深300正2,55,4,51,中國信託-文心,2023-10-20,6164
00885,富邦越南,49,0,49,中國信託-文心,2023-10-20,6164
2834,臺企銀,47,2,45,中國信託-文心,2023-10-20,6164
00720B,元大投資級公司債,49,5,44,中國信託-文心,2023-10-20,6164
00900,富邦特選高股息30,39,0,39,中國信託-文心,2023-10-20,6164
00931B,統一美債20年,41,5,36,中國信託-文心,2023-10-20,6164
2618,長榮航,46,10,36,中國信託-文心,2023-10-20,6164
00882,中信中國高股息,34,1,33,中國信託-文心,2023-10-20,6164
2363,矽統,59,27,32,中國信託-文心,2023-10-20,6164
00669R,國泰美國道瓊反1,30,0,30,中國信託-文心,2023-10-20,6164
2368,金像電,41,12,29,中國信託-文心,2023-10-20,6164
00772B,中信高評級公司債,27,0,27,中國信託-文心,2023-10-20,6164
3041,揚智,65,39,26,中國信託-文心,2023-10-20,6164
9955,佳龍,77,52,25,中國信託-文心,2023-10-20,6164
2883,凱基金,28,4,24,中國信託-文心,2023-10-20,6164
2886,兆豐金,25,1,24,中國信託-文心,2023-10-20,6164
2201,裕隆,34,12,22,中國信託-文心,2023-10-20,6164
2316,楠梓電,21,0,21,中國信託-文心,2023-10-20,6164
00753L,中信中國50正2,21,0,21,中國信託-文心,2023-10-20,6164
00708L,期元大S＆P黃金正2,20,0,20,中國信託-文心,2023-10-20,6164
1101,台泥,20,1,19,中國信託-文心,2023-10-20,6164
00932,兆豐永續高息等權,27,10,17,中國信託-文心,2023-10-20,6164
8420,明揚,18,1,17,中國信託-文心,2023-10-20,6164
1605,華新,19,3,16,中國信託-文心,2023-10-20,6164
2409,友達,20,4,16,中國信託-文心,2023-10-20,6164
3363,上詮,27,12,15,中國信託-文心,2023-10-20,6164
3055,蔚華科,19,4,15,中國信託-文心,2023-10-20,6164
2489,瑞軒,15,0,15,中國信託-文心,2023-10-20,6164
1524,耿鼎,56,42,14,中國信託-文心,2023-10-20,6164
2801,彰銀,14,0,14,中國信託-文心,2023-10-20,6164
3264,欣銓,14,0,14,中國信託-文心,2023-10-20,6164
6233,旺玖,13,0,13,中國信託-文心,2023-10-20,6164
2204,中華,14,1,13,中國信託-文心,2023-10-20,6164
1471,首利,13,0,13,中國信託-文心,2023-10-20,6164
2887,台新金,43,31,12,中國信託-文心,2023-10-20,6164
1303,南亞,12,0,12,中國信託-文心,2023-10-20,6164
00712,復華富時不動產,311,13,298,中國信託-文心,2023-10-23,6164
2886,兆豐金,237,3,234,中國信託-文心,2023-10-23,6164
00929,復華台灣科技優息,250,35,215,中國信託-文心,2023-10-23,6164
2891,中信金,207,1,206,中國信託-文心,2023-10-23,6164
00878,國泰永續高股息,280,76,204,中國信託-文心,2023-10-23,6164
00715L,期街口布蘭特正2,188,14,174,中國信託-文心,2023-10-23,6164
00919,群益台灣精選高息,140,35,105,中國信託-文心,2023-10-23,6164
0056,元大高股息,92,14,78,中國信託-文心,2023-10-23,6164
0050,元大台灣50,58,0,58,中國信託-文心,2023-10-23,6164
2317,鴻海,128,74,54,中國信託-文心,2023-10-23,6164
00679B,元大美債20年,86,34,52,中國信託-文心,2023-10-23,6164
2344,華邦電,55,9,46,中國信託-文心,2023-10-23,6164
8176,智捷,35,1,34,中國信託-文心,2023-10-23,6164
00687B,國泰20年美債,33,0,33,中國信託-文心,2023-10-23,6164
4714,永捷,34,2,32,中國信託-文心,2023-10-23,6164
00922,國泰台灣領袖50,39,9,30,中國信託-文心,2023-10-23,6164
2630,亞航,30,0,30,中國信託-文心,2023-10-23,6164
4157,太景*-KY,30,0,30,中國信託-文心,2023-10-23,6164
00671R,富邦NASDAQ反1,30,1,29,中國信託-文心,2023-10-23,6164
00637L,元大滬深300正2,40,11,29,中國信託-文心,2023-10-23,6164
2834,臺企銀,35,6,29,中國信託-文心,2023-10-23,6164
2305,全友,26,3,23,中國信託-文心,2023-10-23,6164
00882,中信中國高股息,29,7,22,中國信託-文心,2023-10-23,6164
00669R,國泰美國道瓊反1,20,0,20,中國信託-文心,2023-10-23,6164
6257,矽格,24,5,19,中國信託-文心,2023-10-23,6164
3264,欣銓,24,5,19,中國信託-文心,2023-10-23,6164
00891,中信關鍵半導體,20,1,19,中國信託-文心,2023-10-23,6164
2883,凱基金,36,18,18,中國信託-文心,2023-10-23,6164
00900,富邦特選高股息30,20,2,18,中國信託-文心,2023-10-23,6164
2633,台灣高鐵,18,0,18,中國信託-文心,2023-10-23,6164
00764B,群益25年美債,17,0,17,中國信託-文心,2023-10-23,6164
1721,三晃,26,9,17,中國信託-文心,2023-10-23,6164
00902,中信電池及儲能,20,4,16,中國信託-文心,2023-10-23,6164
00631L,元大台灣50正2,16,1,15,中國信託-文心,2023-10-23,6164
3481,群創,16,1,15,中國信託-文心,2023-10-23,6164
8420,明揚,14,0,14,中國信託-文心,2023-10-23,6164
2885,元大金,18,5,13,中國信託-文心,2023-10-23,6164
00931B,統一美債20年,13,0,13,中國信託-文心,2023-10-23,6164
00665L,富邦�琤肭磪囓�2,19,6,13,中國信託-文心,2023-10-23,6164
2002,中鋼,24,11,13,中國信託-文心,2023-10-23,6164
00720B,元大投資級公司債,31,18,13,中國信託-文心,2023-10-23,6164
2354,鴻準,12,0,12,中國信託-文心,2023-10-23,6164
4763,材料-KY,15,3,12,中國信託-文心,2023-10-23,6164
3231,緯創,101,89,12,中國信託-文心,2023-10-23,6164
00713,元大台灣高息低波,14,3,11,中國信託-文心,2023-10-23,6164
00725B,國泰投資級公司債,11,0,11,中國信託-文心,2023-10-23,6164
2201,裕隆,12,1,11,中國信託-文心,2023-10-23,6164
2610,華航,13,2,11,中國信託-文心,2023-10-23,6164
4414,如興,11,0,11,中國信託-文心,2023-10-23,6164
1454,台富,11,0,11,中國信託-文心,2023-10-23,6164
00712,復華富時不動產,254,3,251,中國信託-文心,2023-10-24,6164
00929,復華台灣科技優息,239,63,176,中國信託-文心,2023-10-24,6164
00878,國泰永續高股息,164,26,138,中國信託-文心,2023-10-24,6164
00679B,元大美債20年,135,1,134,中國信託-文心,2023-10-24,6164
00715L,期街口布蘭特正2,138,9,129,中國信託-文心,2023-10-24,6164
00919,群益台灣精選高息,120,10,110,中國信託-文心,2023-10-24,6164
3363,上詮,137,40,97,中國信託-文心,2023-10-24,6164
0056,元大高股息,85,22,63,中國信託-文心,2023-10-24,6164
00687B,國泰20年美債,89,27,62,中國信託-文心,2023-10-24,6164
2812,台中銀,61,0,61,中國信託-文心,2023-10-24,6164
00637L,元大滬深300正2,74,15,59,中國信託-文心,2023-10-24,6164
6113,亞矽,58,0,58,中國信託-文心,2023-10-24,6164
00664R,國泰臺灣加權反1,50,0,50,中國信託-文心,2023-10-24,6164
2359,所羅門,50,0,50,中國信託-文心,2023-10-24,6164
2405,輔信,69,21,48,中國信託-文心,2023-10-24,6164
2317,鴻海,123,81,42,中國信託-文心,2023-10-24,6164
2002,中鋼,45,8,37,中國信託-文心,2023-10-24,6164
1471,首利,37,3,34,中國信託-文心,2023-10-24,6164
2610,華航,35,1,34,中國信託-文心,2023-10-24,6164
4979,華星光,69,37,32,中國信託-文心,2023-10-24,6164
2884,玉山金,32,2,30,中國信託-文心,2023-10-24,6164
3715,定穎投控,164,136,28,中國信託-文心,2023-10-24,6164
1101,台泥,27,1,26,中國信託-文心,2023-10-24,6164
8150,南茂,31,6,25,中國信託-文心,2023-10-24,6164
00670L,富邦NASDAQ正2,24,0,24,中國信託-文心,2023-10-24,6164
2891,中信金,23,0,23,中國信託-文心,2023-10-24,6164
9955,佳龍,67,45,22,中國信託-文心,2023-10-24,6164
00772B,中信高評級公司債,28,6,22,中國信託-文心,2023-10-24,6164
00927,群益半導體收益,20,0,20,中國信託-文心,2023-10-24,6164
00931B,統一美債20年,20,1,19,中國信託-文心,2023-10-24,6164
2887,台新金,24,6,18,中國信託-文心,2023-10-24,6164
0050,元大台灣50,29,11,18,中國信託-文心,2023-10-24,6164
1721,三晃,39,21,18,中國信託-文心,2023-10-24,6164
00922,國泰台灣領袖50,18,0,18,中國信託-文心,2023-10-24,6164
2633,台灣高鐵,16,0,16,中國信託-文心,2023-10-24,6164
5521,工信,16,0,16,中國信託-文心,2023-10-24,6164
8110,華東,16,0,16,中國信託-文心,2023-10-24,6164
4960,誠美材,22,7,15,中國信託-文心,2023-10-24,6164
2367,燿華,18,3,15,中國信託-文心,2023-10-24,6164
1591,駿吉-KY,15,0,15,中國信託-文心,2023-10-24,6164
2486,一詮,15,1,14,中國信託-文心,2023-10-24,6164
3481,群創,16,2,14,中國信託-文心,2023-10-24,6164
00680L,元大美債20正2,20,6,14,中國信託-文心,2023-10-24,6164
9950,萬國通,15,1,14,中國信託-文心,2023-10-24,6164
2834,臺企銀,15,3,12,中國信託-文心,2023-10-24,6164
9105,泰金寶-DR,12,0,12,中國信託-文心,2023-10-24,6164
3530,晶相光,12,0,12,中國信託-文心,2023-10-24,6164
00933B,國泰10Y+金融債,12,0,12,中國信託-文心,2023-10-24,6164
3711,日月光投控,14,3,11,中國信託-文心,2023-10-24,6164
2352,佳世達,12,1,11,中國信託-文心,2023-10-24,6164
00929,復華台灣科技優息,233,59,174,中國信託-文心,2023-10-25,6164
00712,復華富時不動產,157,1,156,中國信託-文心,2023-10-25,6164
00919,群益台灣精選高息,148,2,146,中國信託-文心,2023-10-25,6164
9105,泰金寶-DR,115,0,115,中國信託-文心,2023-10-25,6164
00715L,期街口布蘭特正2,152,40,112,中國信託-文心,2023-10-25,6164
4102,永日,100,0,100,中國信託-文心,2023-10-25,6164
00878,國泰永續高股息,101,15,86,中國信託-文心,2023-10-25,6164
2317,鴻海,81,1,80,中國信託-文心,2023-10-25,6164
0056,元大高股息,77,6,71,中國信託-文心,2023-10-25,6164
2886,兆豐金,68,6,62,中國信託-文心,2023-10-25,6164
00915,凱基優選高股息30,51,0,51,中國信託-文心,2023-10-25,6164
2891,中信金,53,3,50,中國信託-文心,2023-10-25,6164
00687B,國泰20年美債,45,0,45,中國信託-文心,2023-10-25,6164
00679B,元大美債20年,50,9,41,中國信託-文心,2023-10-25,6164
1101,台泥,39,3,36,中國信託-文心,2023-10-25,6164
6190,萬泰科,33,0,33,中國信託-文心,2023-10-25,6164
2610,華航,30,0,30,中國信託-文心,2023-10-25,6164
5907,大洋-KY,30,0,30,中國信託-文心,2023-10-25,6164
2337,旺宏,67,38,29,中國信託-文心,2023-10-25,6164
2305,全友,46,18,28,中國信託-文心,2023-10-25,6164
1319,東陽,28,0,28,中國信託-文心,2023-10-25,6164
2618,長榮航,28,1,27,中國信託-文心,2023-10-25,6164
00751B,元大AAA至A公司債,25,0,25,中國信託-文心,2023-10-25,6164
2867,三商壽,25,1,24,中國信託-文心,2023-10-25,6164
00795B,中信美國公債20年,23,0,23,中國信託-文心,2023-10-25,6164
1795,美時,28,5,23,中國信託-文心,2023-10-25,6164
2329,華泰,118,95,23,中國信託-文心,2023-10-25,6164
2427,三商電,132,109,23,中國信託-文心,2023-10-25,6164
8936,國統,29,7,22,中國信託-文心,2023-10-25,6164
00902,中信電池及儲能,21,0,21,中國信託-文心,2023-10-25,6164
8420,明揚,21,0,21,中國信託-文心,2023-10-25,6164
4908,前鼎,49,29,20,中國信託-文心,2023-10-25,6164
2301,光寶科,26,6,20,中國信託-文心,2023-10-25,6164
3062,建漢,20,0,20,中國信託-文心,2023-10-25,6164
00641R,富邦日本反1,20,0,20,中國信託-文心,2023-10-25,6164
00713,元大台灣高息低波,17,0,17,中國信託-文心,2023-10-25,6164
2890,永豐金,16,0,16,中國信託-文心,2023-10-25,6164
3432,台端,15,0,15,中國信託-文心,2023-10-25,6164
4128,中天,15,1,14,中國信託-文心,2023-10-25,6164
1514,亞力,18,4,14,中國信託-文心,2023-10-25,6164
2462,良得電,18,5,13,中國信託-文心,2023-10-25,6164
6116,彩晶,13,0,13,中國信託-文心,2023-10-25,6164
2887,台新金,12,0,12,中國信託-文心,2023-10-25,6164
1519,華城,13,1,12,中國信託-文心,2023-10-25,6164
3363,上詮,25,13,12,中國信託-文心,2023-10-25,6164
020039,元大加權N,12,0,12,中國信託-文心,2023-10-25,6164
2421,建準,12,0,12,中國信託-文心,2023-10-25,6164
00924,復華S＆P500成長,14,3,11,中國信託-文心,2023-10-25,6164
8069,元太,11,0,11,中國信託-文心,2023-10-25,6164
00773B,中信優先金融債,10,0,10,中國信託-文心,2023-10-25,6164
00878,國泰永續高股息,280,44,236,中國信託-文心,2023-10-26,6164
00929,復華台灣科技優息,258,53,205,中國信託-文心,2023-10-26,6164
00715L,期街口布蘭特正2,205,21,184,中國信託-文心,2023-10-26,6164
00671R,富邦NASDAQ反1,183,3,180,中國信託-文心,2023-10-26,6164
00919,群益台灣精選高息,161,26,135,中國信託-文心,2023-10-26,6164
2344,華邦電,108,1,107,中國信託-文心,2023-10-26,6164
00687B,國泰20年美債,97,0,97,中國信託-文心,2023-10-26,6164
0050,元大台灣50,96,2,94,中國信託-文心,2023-10-26,6164
00679B,元大美債20年,88,1,87,中國信託-文心,2023-10-26,6164
2303,聯電,131,48,83,中國信託-文心,2023-10-26,6164
2883,凱基金,82,3,79,中國信託-文心,2023-10-26,6164
2515,中工,82,11,71,中國信託-文心,2023-10-26,6164
2317,鴻海,63,2,61,中國信託-文心,2023-10-26,6164
00885,富邦越南,55,0,55,中國信託-文心,2023-10-26,6164
3481,群創,53,1,52,中國信託-文心,2023-10-26,6164
5457,宣德,51,0,51,中國信託-文心,2023-10-26,6164
00773B,中信優先金融債,51,0,51,中國信託-文心,2023-10-26,6164
00664R,國泰臺灣加權反1,50,0,50,中國信託-文心,2023-10-26,6164
00680L,元大美債20正2,73,25,48,中國信託-文心,2023-10-26,6164
2884,玉山金,46,2,44,中國信託-文心,2023-10-26,6164
2376,技嘉,73,30,43,中國信託-文心,2023-10-26,6164
00922,國泰台灣領袖50,42,1,41,中國信託-文心,2023-10-26,6164
1471,首利,39,2,37,中國信託-文心,2023-10-26,6164
2313,華通,82,45,37,中國信託-文心,2023-10-26,6164
2891,中信金,41,7,34,中國信託-文心,2023-10-26,6164
2457,飛宏,39,6,33,中國信託-文心,2023-10-26,6164
2201,裕隆,38,5,33,中國信託-文心,2023-10-26,6164
2369,菱生,41,8,33,中國信託-文心,2023-10-26,6164
00648R,元大S＆P500反1,28,0,28,中國信託-文心,2023-10-26,6164
6290,良維,32,6,26,中國信託-文心,2023-10-26,6164
2382,廣達,55,29,26,中國信託-文心,2023-10-26,6164
00712,復華富時不動產,183,157,26,中國信託-文心,2023-10-26,6164
2368,金像電,28,3,25,中國信託-文心,2023-10-26,6164
6684,安格,33,8,25,中國信託-文心,2023-10-26,6164
00632R,元大台灣50反1,132,108,24,中國信託-文心,2023-10-26,6164
00900,富邦特選高股息30,23,0,23,中國信託-文心,2023-10-26,6164
00927,群益半導體收益,23,0,23,中國信託-文心,2023-10-26,6164
2834,臺企銀,22,1,21,中國信託-文心,2023-10-26,6164
2887,台新金,22,2,20,中國信託-文心,2023-10-26,6164
2330,台積電,22,2,20,中國信託-文心,2023-10-26,6164
1905,華紙,20,0,20,中國信託-文心,2023-10-26,6164
2204,中華,21,1,20,中國信託-文心,2023-10-26,6164
00713,元大台灣高息低波,19,0,19,中國信託-文心,2023-10-26,6164
3037,欣興,21,2,19,中國信託-文心,2023-10-26,6164
00631L,元大台灣50正2,19,1,18,中國信託-文心,2023-10-26,6164
00888,永豐台灣ESG,17,0,17,中國信託-文心,2023-10-26,6164
8936,國統,18,1,17,中國信託-文心,2023-10-26,6164
3055,蔚華科,35,18,17,中國信託-文心,2023-10-26,6164
00751B,元大AAA至A公司債,17,0,17,中國信託-文心,2023-10-26,6164
3264,欣銓,17,1,16,中國信託-文心,2023-10-26,6164
6856,鑫傳,967,3,964,中國信託-文心,2023-10-27,6164
00929,復華台灣科技優息,221,15,206,中國信託-文心,2023-10-27,6164
00664R,國泰臺灣加權反1,150,0,150,中國信託-文心,2023-10-27,6164
2633,台灣高鐵,94,0,94,中國信託-文心,2023-10-27,6164
3228,金麗科,89,0,89,中國信託-文心,2023-10-27,6164
00712,復華富時不動產,120,47,73,中國信託-文心,2023-10-27,6164
0056,元大高股息,75,8,67,中國信託-文心,2023-10-27,6164
2317,鴻海,72,7,65,中國信託-文心,2023-10-27,6164
00632R,元大台灣50反1,93,35,58,中國信託-文心,2023-10-27,6164
00922,國泰台灣領袖50,50,6,44,中國信託-文心,2023-10-27,6164
00878,國泰永續高股息,56,18,38,中國信託-文心,2023-10-27,6164
00919,群益台灣精選高息,62,29,33,中國信託-文心,2023-10-27,6164
3264,欣銓,41,9,32,中國信託-文心,2023-10-27,6164
8420,明揚,36,5,31,中國信託-文心,2023-10-27,6164
6442,光聖,53,25,28,中國信託-文心,2023-10-27,6164
3037,欣興,34,6,28,中國信託-文心,2023-10-27,6164
6432,今展科,27,0,27,中國信託-文心,2023-10-27,6164
1907,永豐餘,26,0,26,中國信託-文心,2023-10-27,6164
00687B,國泰20年美債,30,4,26,中國信託-文心,2023-10-27,6164
2610,華航,34,8,26,中國信託-文心,2023-10-27,6164
3339,泰谷,25,0,25,中國信託-文心,2023-10-27,6164
8085,福華,25,0,25,中國信託-文心,2023-10-27,6164
00912,中信臺灣智慧50,20,0,20,中國信託-文心,2023-10-27,6164
5351,鈺創,27,7,20,中國信託-文心,2023-10-27,6164
3252,海灣,18,0,18,中國信託-文心,2023-10-27,6164
8358,金居,16,0,16,中國信託-文心,2023-10-27,6164
2313,華通,33,17,16,中國信託-文心,2023-10-27,6164
3665,貿聯-KY,14,0,14,中國信託-文心,2023-10-27,6164
2388,威盛,47,33,14,中國信託-文心,2023-10-27,6164
2329,華泰,26,13,13,中國信託-文心,2023-10-27,6164
3704,合勤控,26,13,13,中國信託-文心,2023-10-27,6164
2303,聯電,97,85,12,中國信託-文心,2023-10-27,6164
3548,兆利,12,0,12,中國信託-文心,2023-10-27,6164
2883B,凱基金乙特,12,0,12,中國信託-文心,2023-10-27,6164
00924,復華S＆P500成長,11,0,11,中國信託-文心,2023-10-27,6164
4960,誠美材,26,15,11,中國信託-文心,2023-10-27,6164
8936,國統,12,1,11,中國信託-文心,2023-10-27,6164
4908,前鼎,56,45,11,中國信託-文心,2023-10-27,6164
2201,裕隆,21,11,10,中國信託-文心,2023-10-27,6164
1454,台富,10,0,10,中國信託-文心,2023-10-27,6164
2801,彰銀,10,0,10,中國信託-文心,2023-10-27,6164
1815,富喬,19,9,10,中國信託-文心,2023-10-27,6164
9105,泰金寶-DR,10,0,10,中國信託-文心,2023-10-27,6164
3019,亞光,10,0,10,中國信託-文心,2023-10-27,6164
9904,寶成,20,10,10,中國信託-文心,2023-10-27,6164
00864B,中信美國公債0-1,10,0,10,中國信託-文心,2023-10-27,6164
2455,全新,10,0,10,中國信託-文心,2023-10-27,6164
00885,富邦越南,9,0,9,中國信託-文心,2023-10-27,6164
00888,永豐台灣ESG,9,0,9,中國信託-文心,2023-10-27,6164
2486,一詮,9,0,9,中國信託-文心,2023-10-27,6164
6856,鑫傳,1065,2,1063,中國信託-文心,2023-10-30,6164
1314,中石化,300,10,290,中國信託-文心,2023-10-30,6164
00712,復華富時不動產,184,6,178,中國信託-文心,2023-10-30,6164
00687B,國泰20年美債,144,0,144,中國信託-文心,2023-10-30,6164
00878,國泰永續高股息,104,13,91,中國信託-文心,2023-10-30,6164
2485,兆赫,106,28,78,中國信託-文心,2023-10-30,6164
2891,中信金,61,2,59,中國信託-文心,2023-10-30,6164
2812,台中銀,61,3,58,中國信託-文心,2023-10-30,6164
00922,國泰台灣領袖50,58,4,54,中國信託-文心,2023-10-30,6164
2337,旺宏,52,5,47,中國信託-文心,2023-10-30,6164
3231,緯創,96,61,35,中國信託-文心,2023-10-30,6164
00885,富邦越南,35,1,34,中國信託-文心,2023-10-30,6164
2405,輔信,32,3,29,中國信託-文心,2023-10-30,6164
2883,凱基金,30,2,28,中國信託-文心,2023-10-30,6164
3715,定穎投控,161,133,28,中國信託-文心,2023-10-30,6164
8420,明揚,27,0,27,中國信託-文心,2023-10-30,6164
2880,華南金,25,0,25,中國信託-文心,2023-10-30,6164
2884,玉山金,25,1,24,中國信託-文心,2023-10-30,6164
2390,云辰,92,68,24,中國信託-文心,2023-10-30,6164
2002,中鋼,26,3,23,中國信託-文心,2023-10-30,6164
1303,南亞,22,0,22,中國信託-文心,2023-10-30,6164
00919,群益台灣精選高息,26,5,21,中國信託-文心,2023-10-30,6164
00888,永豐台灣ESG,20,0,20,中國信託-文心,2023-10-30,6164
2492,華新科,21,1,20,中國信託-文心,2023-10-30,6164
2883B,凱基金乙特,20,0,20,中國信託-文心,2023-10-30,6164
00720B,元大投資級公司債,20,0,20,中國信託-文心,2023-10-30,6164
0050,元大台灣50,49,30,19,中國信託-文心,2023-10-30,6164
3264,欣銓,21,2,19,中國信託-文心,2023-10-30,6164
00714,群益道瓊美國地產,17,0,17,中國信託-文心,2023-10-30,6164
2317,鴻海,192,176,16,中國信託-文心,2023-10-30,6164
1907,永豐餘,16,0,16,中國信託-文心,2023-10-30,6164
0056,元大高股息,22,7,15,中國信託-文心,2023-10-30,6164
00650L,復華香港正2,15,0,15,中國信託-文心,2023-10-30,6164
00706L,期元大S＆P日圓正2,15,1,14,中國信託-文心,2023-10-30,6164
00679B,元大美債20年,19,5,14,中國信託-文心,2023-10-30,6164
2376,技嘉,19,6,13,中國信託-文心,2023-10-30,6164
6290,良維,13,0,13,中國信託-文心,2023-10-30,6164
9946,三發地產,13,0,13,中國信託-文心,2023-10-30,6164
5880,合庫金,14,1,13,中國信託-文心,2023-10-30,6164
2330,台積電,13,0,13,中國信託-文心,2023-10-30,6164
9921,巨大,12,0,12,中國信託-文心,2023-10-30,6164
2412,中華電,12,0,12,中國信託-文心,2023-10-30,6164
2312,金寶,14,2,12,中國信託-文心,2023-10-30,6164
2867,三商壽,12,0,12,中國信託-文心,2023-10-30,6164
2882,國泰金,11,0,11,中國信託-文心,2023-10-30,6164
00665L,富邦�琤肭磪囓�2,11,0,11,中國信託-文心,2023-10-30,6164
3051,力特,12,1,11,中國信託-文心,2023-10-30,6164
1471,首利,14,3,11,中國信託-文心,2023-10-30,6164
2353,宏��,15,4,11,中國信託-文心,2023-10-30,6164
2462,良得電,14,3,11,中國信託-文心,2023-10-30,6164
00878,國泰永續高股息,299,5,294,中國信託-文心,2023-10-31,6164
6856,鑫傳,191,2,189,中國信託-文心,2023-10-31,6164
0056,元大高股息,170,33,137,中國信託-文心,2023-10-31,6164
00715L,期街口布蘭特正2,138,12,126,中國信託-文心,2023-10-31,6164
00687B,國泰20年美債,123,1,122,中國信託-文心,2023-10-31,6164
00929,復華台灣科技優息,141,21,120,中國信託-文心,2023-10-31,6164
00679B,元大美債20年,119,4,115,中國信託-文心,2023-10-31,6164
00664R,國泰臺灣加權反1,100,0,100,中國信託-文心,2023-10-31,6164
00680L,元大美債20正2,87,2,85,中國信託-文心,2023-10-31,6164
00932,兆豐永續高息等權,77,0,77,中國信託-文心,2023-10-31,6164
2382,廣達,108,34,74,中國信託-文心,2023-10-31,6164
8420,明揚,72,5,67,中國信託-文心,2023-10-31,6164
2812,台中銀,62,4,58,中國信託-文心,2023-10-31,6164
00712,復華富時不動產,61,13,48,中國信託-文心,2023-10-31,6164
00900,富邦特選高股息30,43,0,43,中國信託-文心,2023-10-31,6164
2002,中鋼,44,2,42,中國信託-文心,2023-10-31,6164
3481,群創,48,8,40,中國信託-文心,2023-10-31,6164
00751B,元大AAA至A公司債,35,0,35,中國信託-文心,2023-10-31,6164
4108,懷特,35,1,34,中國信託-文心,2023-10-31,6164
00923,群益台ESG低碳50,33,0,33,中國信託-文心,2023-10-31,6164
00885,富邦越南,33,1,32,中國信託-文心,2023-10-31,6164
0050,元大台灣50,37,6,31,中國信託-文心,2023-10-31,6164
2317,鴻海,53,23,30,中國信託-文心,2023-10-31,6164
00919,群益台灣精選高息,71,42,29,中國信託-文心,2023-10-31,6164
2356,英業達,36,8,28,中國信託-文心,2023-10-31,6164
5347,世界,28,0,28,中國信託-文心,2023-10-31,6164
2891,中信金,27,0,27,中國信託-文心,2023-10-31,6164
3715,定穎投控,210,183,27,中國信託-文心,2023-10-31,6164
00922,國泰台灣領袖50,30,5,25,中國信託-文心,2023-10-31,6164
3037,欣興,29,5,24,中國信託-文心,2023-10-31,6164
4960,誠美材,41,18,23,中國信託-文心,2023-10-31,6164
2887,台新金,23,0,23,中國信託-文心,2023-10-31,6164
2313,華通,86,63,23,中國信託-文心,2023-10-31,6164
00882,中信中國高股息,23,1,22,中國信託-文心,2023-10-31,6164
3078,僑威,28,6,22,中國信託-文心,2023-10-31,6164
1314,中石化,21,0,21,中國信託-文心,2023-10-31,6164
2834,臺企銀,21,1,20,中國信託-文心,2023-10-31,6164
3576,聯合再生,32,12,20,中國信託-文心,2023-10-31,6164
3051,力特,23,4,19,中國信託-文心,2023-10-31,6164
3033,威健,19,0,19,中國信託-文心,2023-10-31,6164
2337,旺宏,18,0,18,中國信託-文心,2023-10-31,6164
2388,威盛,42,25,17,中國信託-文心,2023-10-31,6164
2630,亞航,18,1,17,中國信託-文心,2023-10-31,6164
2201,裕隆,24,7,17,中國信託-文心,2023-10-31,6164
6180,橘子,15,0,15,中國信託-文心,2023-10-31,6164
2610,華航,18,3,15,中國信託-文心,2023-10-31,6164
1471,首利,14,0,14,中國信託-文心,2023-10-31,6164
9950,萬國通,17,3,14,中國信託-文心,2023-10-31,6164
3176,基亞,14,1,13,中國信託-文心,2023-10-31,6164
00902,中信電池及儲能,13,0,13,中國信託-文心,2023-10-31,6164
2516,新建,199,56,143,中國信託-文心,2023-11-01,6164
00929,復華台灣科技優息,160,45,115,中國信託-文心,2023-11-01,6164
00934,中信成長高股息,293,187,106,中國信託-文心,2023-11-01,6164
6856,鑫傳,100,0,100,中國信託-文心,2023-11-01,6164
00878,國泰永續高股息,176,77,99,中國信託-文心,2023-11-01,6164
00712,復華富時不動產,93,2,91,中國信託-文心,2023-11-01,6164
3481,群創,210,121,89,中國信託-文心,2023-11-01,6164
00679B,元大美債20年,72,0,72,中國信託-文心,2023-11-01,6164
00935,野村臺灣新科技50,66,0,66,中國信託-文心,2023-11-01,6164
2812,台中銀,63,1,62,中國信託-文心,2023-11-01,6164
3339,泰谷,50,0,50,中國信託-文心,2023-11-01,6164
00713,元大台灣高息低波,44,0,44,中國信託-文心,2023-11-01,6164
2317,鴻海,50,7,43,中國信託-文心,2023-11-01,6164
00687B,國泰20年美債,71,31,40,中國信託-文心,2023-11-01,6164
00715L,期街口布蘭特正2,38,0,38,中國信託-文心,2023-11-01,6164
00931B,統一美債20年,31,0,31,中國信託-文心,2023-11-01,6164
3530,晶相光,30,0,30,中國信託-文心,2023-11-01,6164
00751B,元大AAA至A公司債,29,0,29,中國信託-文心,2023-11-01,6164
00720B,元大投資級公司債,35,6,29,中國信託-文心,2023-11-01,6164
1314,中石化,202,174,28,中國信託-文心,2023-11-01,6164
00919,群益台灣精選高息,31,4,27,中國信託-文心,2023-11-01,6164
00885,富邦越南,34,7,27,中國信託-文心,2023-11-01,6164
2630,亞航,25,0,25,中國信託-文心,2023-11-01,6164
00923,群益台ESG低碳50,24,0,24,中國信託-文心,2023-11-01,6164
3045,台灣大,24,1,23,中國信託-文心,2023-11-01,6164
9955,佳龍,33,11,22,中國信託-文心,2023-11-01,6164
3051,力特,22,0,22,中國信託-文心,2023-11-01,6164
2105,正新,32,12,20,中國信託-文心,2023-11-01,6164
3032,偉訓,20,0,20,中國信託-文心,2023-11-01,6164
2723,美食-KY,20,0,20,中國信託-文心,2023-11-01,6164
4908,前鼎,34,14,20,中國信託-文心,2023-11-01,6164
6191,精成科,71,52,19,中國信託-文心,2023-11-01,6164
2353,宏��,22,3,19,中國信託-文心,2023-11-01,6164
1524,耿鼎,42,24,18,中國信託-文心,2023-11-01,6164
2363,矽統,62,45,17,中國信託-文心,2023-11-01,6164
2358,廷鑫,21,4,17,中國信託-文心,2023-11-01,6164
1603,華電,15,0,15,中國信託-文心,2023-11-01,6164
2405,輔信,19,4,15,中國信託-文心,2023-11-01,6164
4167,松瑞藥,30,16,14,中國信託-文心,2023-11-01,6164
3623,富晶通,19,6,13,中國信託-文心,2023-11-01,6164
3704,合勤控,21,8,13,中國信託-文心,2023-11-01,6164
5302,太欣,14,2,12,中國信託-文心,2023-11-01,6164
0050,元大台灣50,11,0,11,中國信託-文心,2023-11-01,6164
2486,一詮,16,5,11,中國信託-文心,2023-11-01,6164
1101,台泥,14,4,10,中國信託-文心,2023-11-01,6164
2887,台新金,14,4,10,中國信託-文心,2023-11-01,6164
2365,昆盈,10,0,10,中國信託-文心,2023-11-01,6164
1201,味全,11,1,10,中國信託-文心,2023-11-01,6164
3325,旭品,11,1,10,中國信託-文心,2023-11-01,6164
2905,三商,10,0,10,中國信託-文心,2023-11-01,6164
00935,野村臺灣新科技50,208,11,197,中國信託-文心,2023-11-02,6164
00878,國泰永續高股息,218,35,183,中國信託-文心,2023-11-02,6164
2363,矽統,149,45,104,中國信託-文心,2023-11-02,6164
00712,復華富時不動產,145,47,98,中國信託-文心,2023-11-02,6164
00919,群益台灣精選高息,94,11,83,中國信託-文心,2023-11-02,6164
00922,國泰台灣領袖50,76,0,76,中國信託-文心,2023-11-02,6164
6856,鑫傳,63,1,62,中國信託-文心,2023-11-02,6164
00923,群益台ESG低碳50,62,1,61,中國信託-文心,2023-11-02,6164
00715L,期街口布蘭特正2,60,0,60,中國信託-文心,2023-11-02,6164
6173,信昌電,63,6,57,中國信託-文心,2023-11-02,6164
9958,世紀鋼,46,1,45,中國信託-文心,2023-11-02,6164
2358,廷鑫,51,7,44,中國信託-文心,2023-11-02,6164
3264,欣銓,36,3,33,中國信託-文心,2023-11-02,6164
3372,典範,34,1,33,中國信託-文心,2023-11-02,6164
3715,定穎投控,304,273,31,中國信託-文心,2023-11-02,6164
3041,揚智,30,0,30,中國信託-文心,2023-11-02,6164
2449,京元電子,37,10,27,中國信託-文心,2023-11-02,6164
1909,榮成,25,0,25,中國信託-文心,2023-11-02,6164
00934,中信成長高股息,95,71,24,中國信託-文心,2023-11-02,6164
2208,台船,24,0,24,中國信託-文心,2023-11-02,6164
00882,中信中國高股息,45,23,22,中國信託-文心,2023-11-02,6164
6104,創惟,22,1,21,中國信託-文心,2023-11-02,6164
1324,地球,68,48,20,中國信託-文心,2023-11-02,6164
00931B,統一美債20年,21,2,19,中國信託-文心,2023-11-02,6164
00670L,富邦NASDAQ正2,21,4,17,中國信託-文心,2023-11-02,6164
00915,凱基優選高股息30,19,2,17,中國信託-文心,2023-11-02,6164
00764B,群益25年美債,21,5,16,中國信託-文心,2023-11-02,6164
2501,國建,15,0,15,中國信託-文心,2023-11-02,6164
00902,中信電池及儲能,15,0,15,中國信託-文心,2023-11-02,6164
00885,富邦越南,15,1,14,中國信託-文心,2023-11-02,6164
6126,信音,14,1,13,中國信託-文心,2023-11-02,6164
5521,工信,15,3,12,中國信託-文心,2023-11-02,6164
9933,中鼎,12,0,12,中國信託-文心,2023-11-02,6164
4162,智擎,27,15,12,中國信託-文心,2023-11-02,6164
6547,高端疫苗,11,0,11,中國信託-文心,2023-11-02,6164
00725B,國泰投資級公司債,11,0,11,中國信託-文心,2023-11-02,6164
2543,皇昌,28,18,10,中國信託-文心,2023-11-02,6164
4147,中裕,10,0,10,中國信託-文心,2023-11-02,6164
00634R,富邦上証反1,10,0,10,中國信託-文心,2023-11-02,6164
5907,大洋-KY,10,0,10,中國信託-文心,2023-11-02,6164
00891,中信關鍵半導體,40,31,9,中國信託-文心,2023-11-02,6164
00637L,元大滬深300正2,25,17,8,中國信託-文心,2023-11-02,6164
4960,誠美材,8,0,8,中國信託-文心,2023-11-02,6164
00772B,中信高評級公司債,7,0,7,中國信託-文心,2023-11-02,6164
2538,基泰,7,0,7,中國信託-文心,2023-11-02,6164
3380,明泰,11,4,7,中國信託-文心,2023-11-02,6164
1519,華城,11,4,7,中國信託-文心,2023-11-02,6164
3122,笙泉,21,14,7,中國信託-文心,2023-11-02,6164
1721,三晃,7,0,7,中國信託-文心,2023-11-02,6164
6290,良維,14,7,7,中國信託-文心,2023-11-02,6164
2516,新建,328,1,327,中國信託-文心,2023-11-03,6164
00679B,元大美債20年,219,4,215,中國信託-文心,2023-11-03,6164
2363,矽統,515,421,94,中國信託-文心,2023-11-03,6164
1605,華新,89,1,88,中國信託-文心,2023-11-03,6164
00892,富邦台灣半導體,90,11,79,中國信託-文心,2023-11-03,6164
00878,國泰永續高股息,98,25,73,中國信託-文心,2023-11-03,6164
2376,技嘉,93,29,64,中國信託-文心,2023-11-03,6164
00932,兆豐永續高息等權,62,5,57,中國信託-文心,2023-11-03,6164
9105,泰金寶-DR,43,1,42,中國信託-文心,2023-11-03,6164
00687B,國泰20年美債,59,17,42,中國信託-文心,2023-11-03,6164
3481,群創,41,5,36,中國信託-文心,2023-11-03,6164
3231,緯創,61,26,35,中國信託-文心,2023-11-03,6164
00935,野村臺灣新科技50,34,0,34,中國信託-文心,2023-11-03,6164
00772B,中信高評級公司債,28,0,28,中國信託-文心,2023-11-03,6164
8150,南茂,30,2,28,中國信託-文心,2023-11-03,6164
1524,耿鼎,79,53,26,中國信託-文心,2023-11-03,6164
2317,鴻海,52,27,25,中國信託-文心,2023-11-03,6164
00931B,統一美債20年,28,5,23,中國信託-文心,2023-11-03,6164
00696B,富邦美債20年,22,0,22,中國信託-文心,2023-11-03,6164
5315,光聯,20,0,20,中國信託-文心,2023-11-03,6164
00706L,期元大S＆P日圓正2,20,0,20,中國信託-文心,2023-11-03,6164
00915,凱基優選高股息30,20,0,20,中國信託-文心,2023-11-03,6164
00764B,群益25年美債,19,1,18,中國信託-文心,2023-11-03,6164
2329,華泰,119,103,16,中國信託-文心,2023-11-03,6164
00751B,元大AAA至A公司債,15,0,15,中國信託-文心,2023-11-03,6164
2316,楠梓電,15,0,15,中國信託-文心,2023-11-03,6164
00929,復華台灣科技優息,47,32,15,中國信託-文心,2023-11-03,6164
3094,聯傑,34,20,14,中國信託-文心,2023-11-03,6164
2337,旺宏,19,5,14,中國信託-文心,2023-11-03,6164
3325,旭品,15,1,14,中國信託-文心,2023-11-03,6164
00722B,群益投資級電信債,13,0,13,中國信託-文心,2023-11-03,6164
00662,富邦NASDAQ,13,0,13,中國信託-文心,2023-11-03,6164
00688L,國泰20年美債正2,15,2,13,中國信託-文心,2023-11-03,6164
8086,宏捷科,15,3,12,中國信託-文心,2023-11-03,6164
2542,興富發,12,0,12,中國信託-文心,2023-11-03,6164
00720B,元大投資級公司債,13,2,11,中國信託-文心,2023-11-03,6164
2630,亞航,16,5,11,中國信託-文心,2023-11-03,6164
00715L,期街口布蘭特正2,15,4,11,中國信託-文心,2023-11-03,6164
00933B,國泰10Y+金融債,12,1,11,中國信託-文心,2023-11-03,6164
6126,信音,11,0,11,中國信託-文心,2023-11-03,6164
6191,精成科,11,0,11,中國信託-文心,2023-11-03,6164
8431,匯鑽科,10,0,10,中國信託-文心,2023-11-03,6164
6005,群益證,10,0,10,中國信託-文心,2023-11-03,6164
5465,富驊,10,0,10,中國信託-文心,2023-11-03,6164
4102,永日,10,0,10,中國信託-文心,2023-11-03,6164
3322,建舜電,26,17,9,中國信託-文心,2023-11-03,6164
6168,宏齊,12,3,9,中國信託-文心,2023-11-03,6164
4104,佳醫,9,0,9,中國信託-文心,2023-11-03,6164
6285,啟��,21,12,9,中國信託-文心,2023-11-03,6164
2812,台中銀,10,2,8,中國信託-文心,2023-11-03,6164
00878,國泰永續高股息,397,109,288,中國信託-文心,2023-11-06,6164
00632R,元大台灣50反1,174,5,169,中國信託-文心,2023-11-06,6164
3339,泰谷,156,0,156,中國信託-文心,2023-11-06,6164
00932,兆豐永續高息等權,139,20,119,中國信託-文心,2023-11-06,6164
00679B,元大美債20年,153,56,97,中國信託-文心,2023-11-06,6164
00933B,國泰10Y+金融債,78,5,73,中國信託-文心,2023-11-06,6164
3228,金麗科,81,9,72,中國信託-文心,2023-11-06,6164
00715L,期街口布蘭特正2,52,0,52,中國信託-文心,2023-11-06,6164
00713,元大台灣高息低波,65,15,50,中國信託-文心,2023-11-06,6164
2610,華航,74,25,49,中國信託-文心,2023-11-06,6164
2363,矽統,257,212,45,中國信託-文心,2023-11-06,6164
1721,三晃,170,129,41,中國信託-文心,2023-11-06,6164
0056,元大高股息,110,69,41,中國信託-文心,2023-11-06,6164
2390,云辰,46,8,38,中國信託-文心,2023-11-06,6164
00919,群益台灣精選高息,30,1,29,中國信託-文心,2023-11-06,6164
6139,亞翔,58,31,27,中國信託-文心,2023-11-06,6164
9946,三發地產,26,0,26,中國信託-文心,2023-11-06,6164
2812,台中銀,23,1,22,中國信託-文心,2023-11-06,6164
1455,集盛,23,1,22,中國信託-文心,2023-11-06,6164
2317,鴻海,25,4,21,中國信託-文心,2023-11-06,6164
00931B,統一美債20年,21,0,21,中國信託-文心,2023-11-06,6164
1449,佳和,26,5,21,中國信託-文心,2023-11-06,6164
2615,萬海,20,0,20,中國信託-文心,2023-11-06,6164
2492,華新科,19,1,18,中國信託-文心,2023-11-06,6164
2417,圓剛,27,9,18,中國信託-文心,2023-11-06,6164
5371,中光電,21,4,17,中國信託-文心,2023-11-06,6164
2618,長榮航,66,49,17,中國信託-文心,2023-11-06,6164
00720B,元大投資級公司債,17,0,17,中國信託-文心,2023-11-06,6164
6841,長佳智能,17,0,17,中國信託-文心,2023-11-06,6164
3379,彬台,15,0,15,中國信託-文心,2023-11-06,6164
00751B,元大AAA至A公司債,15,1,14,中國信託-文心,2023-11-06,6164
6182,合晶,15,1,14,中國信託-文心,2023-11-06,6164
8410,森田,23,10,13,中國信託-文心,2023-11-06,6164
00650L,復華香港正2,15,3,12,中國信託-文心,2023-11-06,6164
4157,太景*-KY,13,1,12,中國信託-文心,2023-11-06,6164
00882,中信中國高股息,20,8,12,中國信託-文心,2023-11-06,6164
00680L,元大美債20正2,31,20,11,中國信託-文心,2023-11-06,6164
3163,波若威,11,0,11,中國信託-文心,2023-11-06,6164
2323,中環,11,0,11,中國信託-文心,2023-11-06,6164
2427,三商電,30,19,11,中國信託-文心,2023-11-06,6164
1802,台玻,24,14,10,中國信託-文心,2023-11-06,6164
00687B,國泰20年美債,20,10,10,中國信託-文心,2023-11-06,6164
6290,良維,10,0,10,中國信託-文心,2023-11-06,6164
00688L,國泰20年美債正2,10,0,10,中國信託-文心,2023-11-06,6164
8938,明安,10,0,10,中國信託-文心,2023-11-06,6164
00795B,中信美國公債20年,10,0,10,中國信託-文心,2023-11-06,6164
3701,大眾控,10,0,10,中國信託-文心,2023-11-06,6164
4123,晟德,11,1,10,中國信託-文心,2023-11-06,6164
8163,達方,14,4,10,中國信託-文心,2023-11-06,6164
2834,臺企銀,10,1,9,中國信託-文心,2023-11-06,6164
00932,兆豐永續高息等權,251,22,229,中國信託-文心,2023-11-07,6164
00878,國泰永續高股息,97,22,75,中國信託-文心,2023-11-07,6164
2537,聯上發,70,0,70,中國信託-文心,2023-11-07,6164
4142,國光生,64,0,64,中國信託-文心,2023-11-07,6164
00687B,國泰20年美債,52,1,51,中國信託-文心,2023-11-07,6164
00715L,期街口布蘭特正2,75,35,40,中國信託-文心,2023-11-07,6164
2363,矽統,125,86,39,中國信託-文心,2023-11-07,6164
00679B,元大美債20年,39,2,37,中國信託-文心,2023-11-07,6164
2002,中鋼,38,1,37,中國信託-文心,2023-11-07,6164
00929,復華台灣科技優息,100,65,35,中國信託-文心,2023-11-07,6164
0056,元大高股息,43,8,35,中國信託-文心,2023-11-07,6164
00696B,富邦美債20年,35,0,35,中國信託-文心,2023-11-07,6164
2610,華航,37,2,35,中國信託-文心,2023-11-07,6164
00923,群益台ESG低碳50,31,1,30,中國信託-文心,2023-11-07,6164
00935,野村臺灣新科技50,30,1,29,中國信託-文心,2023-11-07,6164
00934,中信成長高股息,56,29,27,中國信託-文心,2023-11-07,6164
1449,佳和,36,13,23,中國信託-文心,2023-11-07,6164
3188,鑫龍騰,100,77,23,中國信託-文心,2023-11-07,6164
2634,漢翔,25,2,23,中國信託-文心,2023-11-07,6164
2453,凌群,78,56,22,中國信託-文心,2023-11-07,6164
2317,鴻海,22,1,21,中國信託-文心,2023-11-07,6164
8069,元太,19,0,19,中國信託-文心,2023-11-07,6164
1324,地球,60,42,18,中國信託-文心,2023-11-07,6164
2736,富野,36,20,16,中國信託-文心,2023-11-07,6164
2887,台新金,16,0,16,中國信託-文心,2023-11-07,6164
2891,中信金,43,28,15,中國信託-文心,2023-11-07,6164
2486,一詮,22,7,15,中國信託-文心,2023-11-07,6164
8176,智捷,14,0,14,中國信託-文心,2023-11-07,6164
2484,希華,15,1,14,中國信託-文心,2023-11-07,6164
4162,智擎,49,36,13,中國信託-文心,2023-11-07,6164
2439,美律,23,10,13,中國信託-文心,2023-11-07,6164
9934,成霖,13,0,13,中國信託-文心,2023-11-07,6164
8936,國統,18,5,13,中國信託-文心,2023-11-07,6164
6191,精成科,13,0,13,中國信託-文心,2023-11-07,6164
00751B,元大AAA至A公司債,12,0,12,中國信託-文心,2023-11-07,6164
2337,旺宏,12,0,12,中國信託-文心,2023-11-07,6164
00888,永豐台灣ESG,11,0,11,中國信託-文心,2023-11-07,6164
2376,技嘉,24,13,11,中國信託-文心,2023-11-07,6164
00632R,元大台灣50反1,11,0,11,中國信託-文心,2023-11-07,6164
2408,南亞科,12,1,11,中國信託-文心,2023-11-07,6164
2413,環科,11,0,11,中國信託-文心,2023-11-07,6164
00685L,群益臺灣加權正2,11,0,11,中國信託-文心,2023-11-07,6164
3189,景碩,12,2,10,中國信託-文心,2023-11-07,6164
1795,美時,22,12,10,中國信託-文心,2023-11-07,6164
2867,三商壽,10,0,10,中國信託-文心,2023-11-07,6164
5905,南仁湖,11,1,10,中國信託-文心,2023-11-07,6164
2614,東森,10,0,10,中國信託-文心,2023-11-07,6164
00882,中信中國高股息,10,0,10,中國信託-文心,2023-11-07,6164
5302,太欣,14,4,10,中國信託-文心,2023-11-07,6164
4167,松瑞藥,22,12,10,中國信託-文心,2023-11-07,6164
00932,兆豐永續高息等權,457,0,457,中國信託-文心,2023-11-08,6164
00936,台新永續高息中小,256,43,213,中國信託-文心,2023-11-08,6164
00929,復華台灣科技優息,197,72,125,中國信託-文心,2023-11-08,6164
4306,炎洲,103,0,103,中國信託-文心,2023-11-08,6164
00632R,元大台灣50反1,100,0,100,中國信託-文心,2023-11-08,6164
6901,鑽石投資,103,8,95,中國信託-文心,2023-11-08,6164
00878,國泰永續高股息,135,55,80,中國信託-文心,2023-11-08,6164
00679B,元大美債20年,67,5,62,中國信託-文心,2023-11-08,6164
5457,宣德,50,1,49,中國信託-文心,2023-11-08,6164
00688L,國泰20年美債正2,58,10,48,中國信託-文心,2023-11-08,6164
00715L,期街口布蘭特正2,173,130,43,中國信託-文心,2023-11-08,6164
2324,仁寶,49,9,40,中國信託-文心,2023-11-08,6164
6177,達麗,45,7,38,中國信託-文心,2023-11-08,6164
3339,泰谷,33,0,33,中國信託-文心,2023-11-08,6164
00934,中信成長高股息,31,7,24,中國信託-文心,2023-11-08,6164
2883,凱基金,21,0,21,中國信託-文心,2023-11-08,6164
6156,松上,21,0,21,中國信託-文心,2023-11-08,6164
2852,第一保,20,0,20,中國信託-文心,2023-11-08,6164
2388,威盛,111,91,20,中國信託-文心,2023-11-08,6164
6461,益得,18,0,18,中國信託-文心,2023-11-08,6164
2363,矽統,246,230,16,中國信託-文心,2023-11-08,6164
2317,鴻海,21,5,16,中國信託-文心,2023-11-08,6164
3034,聯詠,19,4,15,中國信託-文心,2023-11-08,6164
6026,福邦證,15,0,15,中國信託-文心,2023-11-08,6164
4128,中天,30,15,15,中國信託-文心,2023-11-08,6164
2421,建準,28,13,15,中國信託-文心,2023-11-08,6164
6113,亞矽,17,2,15,中國信託-文心,2023-11-08,6164
6117,迎廣,125,111,14,中國信託-文心,2023-11-08,6164
00935,野村臺灣新科技50,19,5,14,中國信託-文心,2023-11-08,6164
2618,長榮航,24,13,11,中國信託-文心,2023-11-08,6164
2603,長榮,11,0,11,中國信託-文心,2023-11-08,6164
00773B,中信優先金融債,10,0,10,中國信託-文心,2023-11-08,6164
00772B,中信高評級公司債,10,0,10,中國信託-文心,2023-11-08,6164
6464,台數科,10,0,10,中國信託-文心,2023-11-08,6164
2419,仲琦,22,12,10,中國信託-文心,2023-11-08,6164
2337,旺宏,11,1,10,中國信託-文心,2023-11-08,6164
2365,昆盈,10,0,10,中國信託-文心,2023-11-08,6164
2851,中再保,10,0,10,中國信託-文心,2023-11-08,6164
1514,亞力,10,1,9,中國信託-文心,2023-11-08,6164
2885,元大金,10,1,9,中國信託-文心,2023-11-08,6164
1102,亞泥,10,1,9,中國信託-文心,2023-11-08,6164
3522,御嵿,9,0,9,中國信託-文心,2023-11-08,6164
1314,中石化,9,0,9,中國信託-文心,2023-11-08,6164
2014,中鴻,9,0,9,中國信託-文心,2023-11-08,6164
2367,燿華,16,7,9,中國信託-文心,2023-11-08,6164
2722,夏都,11,2,9,中國信託-文心,2023-11-08,6164
00896,中信綠能及電動車,9,0,9,中國信託-文心,2023-11-08,6164
2485,兆赫,9,0,9,中國信託-文心,2023-11-08,6164
2887,台新金,10,1,9,中國信託-文心,2023-11-08,6164
1605,華新,8,0,8,中國信託-文心,2023-11-08,6164
00687B,國泰20年美債,421,34,387,中國信託-文心,2023-11-09,6164
00673R,期元大S＆P原油反1,231,15,216,中國信託-文心,2023-11-09,6164
00932,兆豐永續高息等權,117,0,117,中國信託-文心,2023-11-09,6164
1605,華新,80,0,80,中國信託-文心,2023-11-09,6164
1471,首利,76,0,76,中國信託-文心,2023-11-09,6164
2515,中工,71,7,64,中國信託-文心,2023-11-09,6164
00936,台新永續高息中小,63,0,63,中國信託-文心,2023-11-09,6164
020039,元大加權N,60,0,60,中國信託-文心,2023-11-09,6164
1324,地球,132,73,59,中國信託-文心,2023-11-09,6164
2329,華泰,245,192,53,中國信託-文心,2023-11-09,6164
00632R,元大台灣50反1,51,0,51,中國信託-文心,2023-11-09,6164
00878,國泰永續高股息,63,25,38,中國信託-文心,2023-11-09,6164
00902,中信電池及儲能,34,0,34,中國信託-文心,2023-11-09,6164
8034,榮群,45,11,34,中國信託-文心,2023-11-09,6164
2516,新建,35,2,33,中國信託-文心,2023-11-09,6164
3122,笙泉,71,40,31,中國信託-文心,2023-11-09,6164
00934,中信成長高股息,29,1,28,中國信託-文心,2023-11-09,6164
00679B,元大美債20年,53,25,28,中國信託-文心,2023-11-09,6164
3363,上詮,34,7,27,中國信託-文心,2023-11-09,6164
2486,一詮,37,11,26,中國信託-文心,2023-11-09,6164
2317,鴻海,42,18,24,中國信託-文心,2023-11-09,6164
5469,瀚宇博,25,1,24,中國信託-文心,2023-11-09,6164
2462,良得電,44,20,24,中國信託-文心,2023-11-09,6164
00923,群益台ESG低碳50,27,5,22,中國信託-文心,2023-11-09,6164
4142,國光生,20,0,20,中國信託-文心,2023-11-09,6164
2344,華邦電,25,6,19,中國信託-文心,2023-11-09,6164
5347,世界,30,11,19,中國信託-文心,2023-11-09,6164
4162,智擎,21,3,18,中國信託-文心,2023-11-09,6164
1598,岱宇,18,0,18,中國信託-文心,2023-11-09,6164
6276,安鈦克,18,0,18,中國信託-文心,2023-11-09,6164
00692,富邦公司治理,17,0,17,中國信託-文心,2023-11-09,6164
3014,聯陽,30,14,16,中國信託-文心,2023-11-09,6164
5386,青雲,23,8,15,中國信託-文心,2023-11-09,6164
8176,智捷,14,0,14,中國信託-文心,2023-11-09,6164
3380,明泰,19,5,14,中國信託-文心,2023-11-09,6164
00688L,國泰20年美債正2,13,0,13,中國信託-文心,2023-11-09,6164
2337,旺宏,15,2,13,中國信託-文心,2023-11-09,6164
4934,太極,17,4,13,中國信託-文心,2023-11-09,6164
2401,凌陽,13,1,12,中國信託-文心,2023-11-09,6164
1314,中石化,12,0,12,中國信託-文心,2023-11-09,6164
2605,新興,20,8,12,中國信託-文心,2023-11-09,6164
6901,鑽石投資,12,1,11,中國信託-文心,2023-11-09,6164
3701,大眾控,12,1,11,中國信託-文心,2023-11-09,6164
1714,和桐,11,0,11,中國信託-文心,2023-11-09,6164
00919,群益台灣精選高息,11,1,10,中國信託-文心,2023-11-09,6164
8038,長園科,10,0,10,中國信託-文心,2023-11-09,6164
00882,中信中國高股息,10,0,10,中國信託-文心,2023-11-09,6164
5439,高技,20,10,10,中國信託-文心,2023-11-09,6164
3086,華義,10,0,10,中國信託-文心,2023-11-09,6164
9943,好樂迪,10,0,10,中國信託-文心,2023-11-09,6164
00687B,國泰20年美債,298,45,253,中國信託-文心,2023-11-10,6164
00715L,期街口布蘭特正2,197,0,197,中國信託-文心,2023-11-10,6164
1313,聯成,110,0,110,中國信託-文心,2023-11-10,6164
00936,台新永續高息中小,120,55,65,中國信託-文心,2023-11-10,6164
00680L,元大美債20正2,64,1,63,中國信託-文心,2023-11-10,6164
00679B,元大美債20年,100,37,63,中國信託-文心,2023-11-10,6164
00878,國泰永續高股息,96,34,62,中國信託-文心,2023-11-10,6164
00891,中信關鍵半導體,70,10,60,中國信託-文心,2023-11-10,6164
2486,一詮,65,11,54,中國信託-文心,2023-11-10,6164
4402,郡都開發,51,0,51,中國信託-文心,2023-11-10,6164
6901,鑽石投資,68,22,46,中國信託-文心,2023-11-10,6164
1455,集盛,47,1,46,中國信託-文心,2023-11-10,6164
00642U,期元大S＆P石油,43,0,43,中國信託-文心,2023-11-10,6164
4743,合一,75,40,35,中國信託-文心,2023-11-10,6164
1591,駿吉-KY,30,0,30,中國信託-文心,2023-11-10,6164
00934,中信成長高股息,39,14,25,中國信託-文心,2023-11-10,6164
4128,中天,56,31,25,中國信託-文心,2023-11-10,6164
3231,緯創,140,118,22,中國信託-文心,2023-11-10,6164
2353,宏��,24,3,21,中國信託-文心,2023-11-10,6164
3032,偉訓,20,1,19,中國信託-文心,2023-11-10,6164
00931B,統一美債20年,19,2,17,中國信託-文心,2023-11-10,6164
2464,盟立,16,0,16,中國信託-文心,2023-11-10,6164
3363,上詮,32,16,16,中國信託-文心,2023-11-10,6164
2615,萬海,21,5,16,中國信託-文心,2023-11-10,6164
5302,太欣,17,1,16,中國信託-文心,2023-11-10,6164
2382,廣達,34,18,16,中國信託-文心,2023-11-10,6164
00751B,元大AAA至A公司債,15,0,15,中國信託-文心,2023-11-10,6164
3037,欣興,17,2,15,中國信託-文心,2023-11-10,6164
1815,富喬,48,34,14,中國信託-文心,2023-11-10,6164
1471,首利,17,3,14,中國信託-文心,2023-11-10,6164
00665L,富邦�琤肭磪囓�2,18,5,13,中國信託-文心,2023-11-10,6164
8410,森田,23,10,13,中國信託-文心,2023-11-10,6164
00882,中信中國高股息,13,0,13,中國信託-文心,2023-11-10,6164
8176,智捷,12,0,12,中國信託-文心,2023-11-10,6164
4142,國光生,12,0,12,中國信託-文心,2023-11-10,6164
4147,中裕,13,1,12,中國信託-文心,2023-11-10,6164
2014,中鴻,12,0,12,中國信託-文心,2023-11-10,6164
00772B,中信高評級公司債,12,0,12,中國信託-文心,2023-11-10,6164
3481,群創,12,0,12,中國信託-文心,2023-11-10,6164
00933B,國泰10Y+金融債,11,0,11,中國信託-文心,2023-11-10,6164
3491,昇達科,11,0,11,中國信託-文心,2023-11-10,6164
00650L,復華香港正2,12,1,11,中國信託-文心,2023-11-10,6164
6541,泰福-KY,11,0,11,中國信託-文心,2023-11-10,6164
6125,廣運,15,4,11,中國信託-文心,2023-11-10,6164
2722,夏都,12,1,11,中國信託-文心,2023-11-10,6164
3294,英濟,11,0,11,中國信託-文心,2023-11-10,6164
2002,中鋼,11,0,11,中國信託-文心,2023-11-10,6164
8044,網家,15,5,10,中國信託-文心,2023-11-10,6164
5907,大洋-KY,10,0,10,中國信託-文心,2023-11-10,6164
00637L,元大滬深300正2,13,3,10,中國信託-文心,2023-11-10,6164
00885,富邦越南,200,4,196,中國信託-文心,2023-11-13,6164
00921,兆豐龍頭等權重,153,0,153,中國信託-文心,2023-11-13,6164
00933B,國泰10Y+金融債,140,0,140,中國信託-文心,2023-11-13,6164
00878,國泰永續高股息,171,39,132,中國信託-文心,2023-11-13,6164
00934,中信成長高股息,136,8,128,中國信託-文心,2023-11-13,6164
00936,台新永續高息中小,119,7,112,中國信託-文心,2023-11-13,6164
00632R,元大台灣50反1,164,63,101,中國信託-文心,2023-11-13,6164
00929,復華台灣科技優息,141,52,89,中國信託-文心,2023-11-13,6164
00679B,元大美債20年,102,22,80,中國信託-文心,2023-11-13,6164
2382,廣達,121,51,70,中國信託-文心,2023-11-13,6164
2462,良得電,67,10,57,中國信託-文心,2023-11-13,6164
00850,元大臺灣ESG永續,43,3,40,中國信託-文心,2023-11-13,6164
2363,矽統,200,166,34,中國信託-文心,2023-11-13,6164
2486,一詮,44,12,32,中國信託-文心,2023-11-13,6164
2204,中華,30,0,30,中國信託-文心,2023-11-13,6164
4142,國光生,27,0,27,中國信託-文心,2023-11-13,6164
2885,元大金,35,9,26,中國信託-文心,2023-11-13,6164
4147,中裕,26,1,25,中國信託-文心,2023-11-13,6164
3036,文曄,27,2,25,中國信託-文心,2023-11-13,6164
00919,群益台灣精選高息,29,4,25,中國信託-文心,2023-11-13,6164
00720B,元大投資級公司債,25,0,25,中國信託-文心,2023-11-13,6164
00687B,國泰20年美債,63,39,24,中國信託-文心,2023-11-13,6164
2369,菱生,47,24,23,中國信託-文心,2023-11-13,6164
1513,中興電,32,10,22,中國信託-文心,2023-11-13,6164
00642U,期元大S＆P石油,21,0,21,中國信託-文心,2023-11-13,6164
1591,駿吉-KY,21,1,20,中國信託-文心,2023-11-13,6164
2376,技嘉,31,11,20,中國信託-文心,2023-11-13,6164
00680L,元大美債20正2,20,0,20,中國信託-文心,2023-11-13,6164
2888,新光金,41,22,19,中國信託-文心,2023-11-13,6164
2329,華泰,56,37,19,中國信託-文心,2023-11-13,6164
6139,亞翔,37,20,17,中國信託-文心,2023-11-13,6164
00795B,中信美國公債20年,16,0,16,中國信託-文心,2023-11-13,6164
1101,台泥,25,10,15,中國信託-文心,2023-11-13,6164
8176,智捷,15,0,15,中國信託-文心,2023-11-13,6164
2408,南亞科,25,10,15,中國信託-文心,2023-11-13,6164
6282,康舒,57,43,14,中國信託-文心,2023-11-13,6164
00637L,元大滬深300正2,19,5,14,中國信託-文心,2023-11-13,6164
00931B,統一美債20年,14,0,14,中國信託-文心,2023-11-13,6164
1432,大魯閣,13,0,13,中國信託-文心,2023-11-13,6164
2634,漢翔,16,3,13,中國信託-文心,2023-11-13,6164
2409,友達,21,9,12,中國信託-文心,2023-11-13,6164
8936,國統,16,4,12,中國信託-文心,2023-11-13,6164
5210,寶碩,12,0,12,中國信託-文心,2023-11-13,6164
3545,敦泰,25,14,11,中國信託-文心,2023-11-13,6164
2402,毅嘉,25,15,10,中國信託-文心,2023-11-13,6164
6856,鑫傳,10,0,10,中國信託-文心,2023-11-13,6164
6535,順藥,10,0,10,中國信託-文心,2023-11-13,6164
6443,元晶,10,0,10,中國信託-文心,2023-11-13,6164
00858,永豐美國500大,10,0,10,中國信託-文心,2023-11-13,6164
2851,中再保,10,0,10,中國信託-文心,2023-11-13,6164
2515,中工,211,1,210,中國信託-文心,2023-11-14,6164
3231,緯創,204,68,136,中國信託-文心,2023-11-14,6164
2885,元大金,84,5,79,中國信託-文心,2023-11-14,6164
1717,長興,75,0,75,中國信託-文心,2023-11-14,6164
00935,野村臺灣新科技50,73,0,73,中國信託-文心,2023-11-14,6164
00632R,元大台灣50反1,111,57,54,中國信託-文心,2023-11-14,6164
2313,華通,82,28,54,中國信託-文心,2023-11-14,6164
2538,基泰,50,0,50,中國信託-文心,2023-11-14,6164
00687B,國泰20年美債,48,0,48,中國信託-文心,2023-11-14,6164
2882,國泰金,49,4,45,中國信託-文心,2023-11-14,6164
9105,泰金寶-DR,50,5,45,中國信託-文心,2023-11-14,6164
2324,仁寶,49,4,45,中國信託-文心,2023-11-14,6164
2402,毅嘉,50,9,41,中國信託-文心,2023-11-14,6164
3481,群創,39,0,39,中國信託-文心,2023-11-14,6164
2303,聯電,46,7,39,中國信託-文心,2023-11-14,6164
00931B,統一美債20年,33,0,33,中國信託-文心,2023-11-14,6164
00929,復華台灣科技優息,75,44,31,中國信託-文心,2023-11-14,6164
00878,國泰永續高股息,115,85,30,中國信託-文心,2023-11-14,6164
00921,兆豐龍頭等權重,30,1,29,中國信託-文心,2023-11-14,6164
1591,駿吉-KY,29,1,28,中國信託-文心,2023-11-14,6164
0056,元大高股息,41,13,28,中國信託-文心,2023-11-14,6164
3522,御嵿,26,0,26,中國信託-文心,2023-11-14,6164
3704,合勤控,26,0,26,中國信託-文心,2023-11-14,6164
00679B,元大美債20年,22,0,22,中國信託-文心,2023-11-14,6164
00933B,國泰10Y+金融債,20,0,20,中國信託-文心,2023-11-14,6164
00671R,富邦NASDAQ反1,20,0,20,中國信託-文心,2023-11-14,6164
00932,兆豐永續高息等權,20,0,20,中國信託-文心,2023-11-14,6164
2002,中鋼,19,0,19,中國信託-文心,2023-11-14,6164
1101,台泥,20,2,18,中國信託-文心,2023-11-14,6164
00795B,中信美國公債20年,17,0,17,中國信託-文心,2023-11-14,6164
8940,新天地,16,0,16,中國信託-文心,2023-11-14,6164
3701,大眾控,15,0,15,中國信託-文心,2023-11-14,6164
5452,佶優,25,10,15,中國信託-文心,2023-11-14,6164
2329,華泰,124,110,14,中國信託-文心,2023-11-14,6164
1568,倉佑,29,15,14,中國信託-文心,2023-11-14,6164
1504,東元,14,0,14,中國信託-文心,2023-11-14,6164
9921,巨大,13,0,13,中國信託-文心,2023-11-14,6164
2634,漢翔,18,5,13,中國信託-文心,2023-11-14,6164
3202,樺晟,13,0,13,中國信託-文心,2023-11-14,6164
6799,來頡,13,1,12,中國信託-文心,2023-11-14,6164
3689,湧德,14,2,12,中國信託-文心,2023-11-14,6164
6235,華孚,19,7,12,中國信託-文心,2023-11-14,6164
3189,景碩,12,0,12,中國信託-文心,2023-11-14,6164
9904,寶成,11,0,11,中國信託-文心,2023-11-14,6164
8033,雷虎,11,0,11,中國信託-文心,2023-11-14,6164
4414,如興,11,0,11,中國信託-文心,2023-11-14,6164
6541,泰福-KY,11,0,11,中國信託-文心,2023-11-14,6164
2498,宏達電,10,0,10,中國信託-文心,2023-11-14,6164
2323,中環,10,0,10,中國信託-文心,2023-11-14,6164
4147,中裕,11,1,10,中國信託-文心,2023-11-14,6164
00632R,元大台灣50反1,270,2,268,中國信託-文心,2023-11-15,6164
00679B,元大美債20年,78,5,73,中國信託-文心,2023-11-15,6164
1449,佳和,83,23,60,中國信託-文心,2023-11-15,6164
2317,鴻海,68,15,53,中國信託-文心,2023-11-15,6164
6901,鑽石投資,53,2,51,中國信託-文心,2023-11-15,6164
00687B,國泰20年美債,47,6,41,中國信託-文心,2023-11-15,6164
00933B,國泰10Y+金融債,39,2,37,中國信託-文心,2023-11-15,6164
00795B,中信美國公債20年,33,0,33,中國信託-文心,2023-11-15,6164
3576,聯合再生,31,1,30,中國信託-文心,2023-11-15,6164
9945,潤泰新,31,1,30,中國信託-文心,2023-11-15,6164
2353,宏��,36,6,30,中國信託-文心,2023-11-15,6164
00932,兆豐永續高息等權,30,1,29,中國信託-文心,2023-11-15,6164
00929,復華台灣科技優息,159,134,25,中國信託-文心,2023-11-15,6164
6856,鑫傳,24,0,24,中國信託-文心,2023-11-15,6164
00751B,元大AAA至A公司債,24,0,24,中國信託-文心,2023-11-15,6164
2449,京元電子,111,88,23,中國信託-文心,2023-11-15,6164
00919,群益台灣精選高息,93,70,23,中國信託-文心,2023-11-15,6164
2867,三商壽,20,0,20,中國信託-文心,2023-11-15,6164
4414,如興,20,0,20,中國信託-文心,2023-11-15,6164
3522,御嵿,20,0,20,中國信託-文心,2023-11-15,6164
1432,大魯閣,19,0,19,中國信託-文心,2023-11-15,6164
2883,凱基金,22,4,18,中國信託-文心,2023-11-15,6164
8088,品安,28,10,18,中國信託-文心,2023-11-15,6164
0056,元大高股息,64,47,17,中國信託-文心,2023-11-15,6164
2363,矽統,185,169,16,中國信託-文心,2023-11-15,6164
00885,富邦越南,21,5,16,中國信託-文心,2023-11-15,6164
3017,奇鋐,30,15,15,中國信託-文心,2023-11-15,6164
8033,雷虎,15,0,15,中國信託-文心,2023-11-15,6164
4113,聯上,15,0,15,中國信託-文心,2023-11-15,6164
2313,華通,43,29,14,中國信託-文心,2023-11-15,6164
3276,宇環,86,72,14,中國信託-文心,2023-11-15,6164
4968,立積,15,1,14,中國信託-文心,2023-11-15,6164
3545,敦泰,36,23,13,中國信託-文心,2023-11-15,6164
2356,英業達,24,11,13,中國信託-文心,2023-11-15,6164
8410,森田,42,30,12,中國信託-文心,2023-11-15,6164
6117,迎廣,51,39,12,中國信託-文心,2023-11-15,6164
5258,虹堡,21,9,12,中國信託-文心,2023-11-15,6164
3479,安勤,15,4,11,中國信託-文心,2023-11-15,6164
2323,中環,25,14,11,中國信託-文心,2023-11-15,6164
2383,台光電,15,4,11,中國信託-文心,2023-11-15,6164
5234,達興材料,10,0,10,中國信託-文心,2023-11-15,6164
4714,永捷,10,0,10,中國信託-文心,2023-11-15,6164
00703,台新MSCI中國,10,0,10,中國信託-文心,2023-11-15,6164
6215,和椿,10,0,10,中國信託-文心,2023-11-15,6164
00673R,期元大S＆P原油反1,10,0,10,中國信託-文心,2023-11-15,6164
00697B,元大美債7-10,10,0,10,中國信託-文心,2023-11-15,6164
9946,三發地產,10,0,10,中國信託-文心,2023-11-15,6164
2385,群光,10,0,10,中國信託-文心,2023-11-15,6164
1101,台泥,20,11,9,中國信託-文心,2023-11-15,6164
9958,世紀鋼,22,13,9,中國信託-文心,2023-11-15,6164
00632R,元大台灣50反1,230,5,225,中國信託-文心,2023-11-16,6164
00878,國泰永續高股息,259,75,184,中國信託-文心,2023-11-16,6164
00676R,富邦臺灣加權反1,180,0,180,中國信託-文心,2023-11-16,6164
00932,兆豐永續高息等權,100,0,100,中國信託-文心,2023-11-16,6164
1515,力山,185,96,89,中國信託-文心,2023-11-16,6164
00680L,元大美債20正2,93,4,89,中國信託-文心,2023-11-16,6164
5512,力麒,86,1,85,中國信託-文心,2023-11-16,6164
00679B,元大美債20年,69,5,64,中國信託-文心,2023-11-16,6164
2417,圓剛,386,326,60,中國信託-文心,2023-11-16,6164
3339,泰谷,50,0,50,中國信託-文心,2023-11-16,6164
3522,御嵿,51,2,49,中國信託-文心,2023-11-16,6164
00892,富邦台灣半導體,50,3,47,中國信託-文心,2023-11-16,6164
00687B,國泰20年美債,46,0,46,中國信託-文心,2023-11-16,6164
00891,中信關鍵半導體,71,31,40,中國信託-文心,2023-11-16,6164
00772B,中信高評級公司債,37,0,37,中國信託-文心,2023-11-16,6164
00715L,期街口布蘭特正2,41,9,32,中國信託-文心,2023-11-16,6164
4162,智擎,32,0,32,中國信託-文心,2023-11-16,6164
00751B,元大AAA至A公司債,31,0,31,中國信託-文心,2023-11-16,6164
1802,台玻,34,3,31,中國信託-文心,2023-11-16,6164
0056,元大高股息,40,12,28,中國信託-文心,2023-11-16,6164
00720B,元大投資級公司債,24,0,24,中國信託-文心,2023-11-16,6164
1471,首利,24,0,24,中國信託-文心,2023-11-16,6164
00637L,元大滬深300正2,34,10,24,中國信託-文心,2023-11-16,6164
3231,緯創,41,18,23,中國信託-文心,2023-11-16,6164
1314,中石化,22,0,22,中國信託-文心,2023-11-16,6164
00915,凱基優選高股息30,21,0,21,中國信託-文心,2023-11-16,6164
6901,鑽石投資,21,0,21,中國信託-文心,2023-11-16,6164
1101,台泥,24,3,21,中國信託-文心,2023-11-16,6164
00929,復華台灣科技優息,198,178,20,中國信託-文心,2023-11-16,6164
8996,高力,32,14,18,中國信託-文心,2023-11-16,6164
2329,華泰,218,202,16,中國信託-文心,2023-11-16,6164
00902,中信電池及儲能,16,0,16,中國信託-文心,2023-11-16,6164
00933B,國泰10Y+金融債,20,5,15,中國信託-文心,2023-11-16,6164
00923,群益台ESG低碳50,37,23,14,中國信託-文心,2023-11-16,6164
2014,中鴻,17,3,14,中國信託-文心,2023-11-16,6164
4402,郡都開發,13,0,13,中國信託-文心,2023-11-16,6164
00936,台新永續高息中小,13,0,13,中國信託-文心,2023-11-16,6164
1815,富喬,41,28,13,中國信託-文心,2023-11-16,6164
00922,國泰台灣領袖50,12,0,12,中國信託-文心,2023-11-16,6164
6235,華孚,35,23,12,中國信託-文心,2023-11-16,6164
6856,鑫傳,11,0,11,中國信託-文心,2023-11-16,6164
5348,正能量智能,11,0,11,中國信託-文心,2023-11-16,6164
2734,易飛網,10,0,10,中國信託-文心,2023-11-16,6164
2353,宏��,13,3,10,中國信託-文心,2023-11-16,6164
3191,雲嘉南,10,0,10,中國信託-文心,2023-11-16,6164
2516,新建,13,3,10,中國信託-文心,2023-11-16,6164
00650L,復華香港正2,11,1,10,中國信託-文心,2023-11-16,6164
6120,達運,11,1,10,中國信託-文心,2023-11-16,6164
9105,泰金寶-DR,10,0,10,中國信託-文心,2023-11-16,6164
6233,旺玖,10,0,10,中國信託-文心,2023-11-16,6164
00932,兆豐永續高息等權,360,6,354,中國信託-文心,2023-11-17,6164
00680L,元大美債20正2,298,0,298,中國信託-文心,2023-11-17,6164
2618,長榮航,256,123,133,中國信託-文心,2023-11-17,6164
00878,國泰永續高股息,102,19,83,中國信託-文心,2023-11-17,6164
00679B,元大美債20年,53,0,53,中國信託-文心,2023-11-17,6164
00753L,中信中國50正2,53,2,51,中國信託-文心,2023-11-17,6164
00637L,元大滬深300正2,58,12,46,中國信託-文心,2023-11-17,6164
00687B,國泰20年美債,45,0,45,中國信託-文心,2023-11-17,6164
00665L,富邦�琤肭磪囓�2,40,0,40,中國信託-文心,2023-11-17,6164
00923,群益台ESG低碳50,40,8,32,中國信託-文心,2023-11-17,6164
0056,元大高股息,50,19,31,中國信託-文心,2023-11-17,6164
00715L,期街口布蘭特正2,104,74,30,中國信託-文心,2023-11-17,6164
00921,兆豐龍頭等權重,30,0,30,中國信託-文心,2023-11-17,6164
00795B,中信美國公債20年,28,0,28,中國信託-文心,2023-11-17,6164
2905,三商,27,0,27,中國信託-文心,2023-11-17,6164
2382,廣達,52,25,27,中國信託-文心,2023-11-17,6164
2610,華航,43,18,25,中國信託-文心,2023-11-17,6164
2312,金寶,28,3,25,中國信託-文心,2023-11-17,6164
3372,典範,35,11,24,中國信託-文心,2023-11-17,6164
2368,金像電,28,5,23,中國信託-文心,2023-11-17,6164
00933B,國泰10Y+金融債,23,0,23,中國信託-文心,2023-11-17,6164
1503,士電,23,2,21,中國信託-文心,2023-11-17,6164
6276,安鈦克,34,14,20,中國信託-文心,2023-11-17,6164
00722B,群益投資級電信債,20,0,20,中國信託-文心,2023-11-17,6164
3715,定穎投控,60,40,20,中國信託-文心,2023-11-17,6164
2363,矽統,80,61,19,中國信託-文心,2023-11-17,6164
6125,廣運,33,14,19,中國信託-文心,2023-11-17,6164
3032,偉訓,22,3,19,中國信託-文心,2023-11-17,6164
00713,元大台灣高息低波,23,5,18,中國信託-文心,2023-11-17,6164
1815,富喬,25,7,18,中國信託-文心,2023-11-17,6164
2105,正新,20,2,18,中國信託-文心,2023-11-17,6164
2887,台新金,17,1,16,中國信託-文心,2023-11-17,6164
3028,增你強,15,0,15,中國信託-文心,2023-11-17,6164
2356,英業達,23,9,14,中國信託-文心,2023-11-17,6164
4414,如興,17,3,14,中國信託-文心,2023-11-17,6164
2515,中工,63,50,13,中國信託-文心,2023-11-17,6164
3483,力致,16,3,13,中國信託-文心,2023-11-17,6164
00655L,國泰中國A50正2,12,0,12,中國信託-文心,2023-11-17,6164
3078,僑威,13,1,12,中國信託-文心,2023-11-17,6164
00720B,元大投資級公司債,12,0,12,中國信託-文心,2023-11-17,6164
3276,宇環,39,28,11,中國信託-文心,2023-11-17,6164
8043,蜜望實,11,0,11,中國信託-文心,2023-11-17,6164
3583,辛耘,11,0,11,中國信託-文心,2023-11-17,6164
3694,海華,24,14,10,中國信託-文心,2023-11-17,6164
00857B,永豐20年美公債,10,0,10,中國信託-文心,2023-11-17,6164
8936,國統,14,4,10,中國信託-文心,2023-11-17,6164
2743,山富,32,22,10,中國信託-文心,2023-11-17,6164
6142,友勁,10,1,9,中國信託-文心,2023-11-17,6164
3169,亞信,9,0,9,中國信託-文心,2023-11-17,6164
2606,裕民,14,5,9,中國信託-文心,2023-11-17,6164
00919,群益台灣精選高息,215,84,131,中國信託-文心,2023-11-20,6164
00679B,元大美債20年,107,0,107,中國信託-文心,2023-11-20,6164
00680L,元大美債20正2,102,0,102,中國信託-文心,2023-11-20,6164
2618,長榮航,115,36,79,中國信託-文心,2023-11-20,6164
00687B,國泰20年美債,96,20,76,中國信託-文心,2023-11-20,6164
2515,中工,62,0,62,中國信託-文心,2023-11-20,6164
00715L,期街口布蘭特正2,95,36,59,中國信託-文心,2023-11-20,6164
00695B,富邦美債7-10,46,0,46,中國信託-文心,2023-11-20,6164
3522,御嵿,40,0,40,中國信託-文心,2023-11-20,6164
00720B,元大投資級公司債,39,0,39,中國信託-文心,2023-11-20,6164
3078,僑威,45,6,39,中國信託-文心,2023-11-20,6164
00929,復華台灣科技優息,266,230,36,中國信託-文心,2023-11-20,6164
6770,力積電,49,15,34,中國信託-文心,2023-11-20,6164
00900,富邦特選高股息30,51,19,32,中國信託-文心,2023-11-20,6164
00931B,統一美債20年,32,0,32,中國信託-文心,2023-11-20,6164
00751B,元大AAA至A公司債,30,0,30,中國信託-文心,2023-11-20,6164
2358,廷鑫,38,10,28,中國信託-文心,2023-11-20,6164
3228,金麗科,38,13,25,中國信託-文心,2023-11-20,6164
3706,神達,31,6,25,中國信託-文心,2023-11-20,6164
00637L,元大滬深300正2,47,23,24,中國信託-文心,2023-11-20,6164
6139,亞翔,49,25,24,中國信託-文心,2023-11-20,6164
2476,鉅祥,23,0,23,中國信託-文心,2023-11-20,6164
00885,富邦越南,25,4,21,中國信託-文心,2023-11-20,6164
2317,鴻海,21,0,21,中國信託-文心,2023-11-20,6164
2356,英業達,33,13,20,中國信託-文心,2023-11-20,6164
1101,台泥,24,5,19,中國信託-文心,2023-11-20,6164
2723,美食-KY,20,1,19,中國信託-文心,2023-11-20,6164
00664R,國泰臺灣加權反1,18,0,18,中國信託-文心,2023-11-20,6164
6625,必應,19,2,17,中國信託-文心,2023-11-20,6164
2449,京元電子,30,14,16,中國信託-文心,2023-11-20,6164
2852,第一保,15,0,15,中國信託-文心,2023-11-20,6164
00673R,期元大S＆P原油反1,14,0,14,中國信託-文心,2023-11-20,6164
3379,彬台,13,0,13,中國信託-文心,2023-11-20,6164
2352,佳世達,13,0,13,中國信託-文心,2023-11-20,6164
2543,皇昌,87,74,13,中國信託-文心,2023-11-20,6164
2498,宏達電,16,3,13,中國信託-文心,2023-11-20,6164
6276,安鈦克,15,3,12,中國信託-文心,2023-11-20,6164
3252,海灣,24,12,12,中國信託-文心,2023-11-20,6164
3494,誠研,12,0,12,中國信託-文心,2023-11-20,6164
5272,笙科,12,0,12,中國信託-文心,2023-11-20,6164
00632R,元大台灣50反1,47,35,12,中國信託-文心,2023-11-20,6164
6271,同欣電,13,1,12,中國信託-文心,2023-11-20,6164
2754,亞洲藏壽司,12,0,12,中國信託-文心,2023-11-20,6164
00878,國泰永續高股息,81,69,12,中國信託-文心,2023-11-20,6164
2743,山富,29,18,11,中國信託-文心,2023-11-20,6164
2462,良得電,15,4,11,中國信託-文心,2023-11-20,6164
9946,三發地產,11,0,11,中國信託-文心,2023-11-20,6164
00773B,中信優先金融債,11,1,10,中國信託-文心,2023-11-20,6164
00920,富邦ESG綠色電力,10,0,10,中國信託-文心,2023-11-20,6164
2630,亞航,10,0,10,中國信託-文心,2023-11-20,6164
00673R,期元大S＆P原油反1,1356,3,1353,中國信託-文心,2023-11-21,6164
00632R,元大台灣50反1,305,8,297,中國信託-文心,2023-11-21,6164
00934,中信成長高股息,184,28,156,中國信託-文心,2023-11-21,6164
2355,敬鵬,203,86,117,中國信託-文心,2023-11-21,6164
00720B,元大投資級公司債,108,0,108,中國信託-文心,2023-11-21,6164
00679B,元大美債20年,95,1,94,中國信託-文心,2023-11-21,6164
00931B,統一美債20年,75,0,75,中國信託-文心,2023-11-21,6164
2303,聯電,55,15,40,中國信託-文心,2023-11-21,6164
2313,華通,205,170,35,中國信託-文心,2023-11-21,6164
2363,矽統,55,22,33,中國信託-文心,2023-11-21,6164
6190,萬泰科,32,0,32,中國信託-文心,2023-11-21,6164
5347,世界,42,10,32,中國信託-文心,2023-11-21,6164
3149,正達,32,1,31,中國信託-文心,2023-11-21,6164
9105,泰金寶-DR,30,0,30,中國信託-文心,2023-11-21,6164
1584,精剛,30,2,28,中國信託-文心,2023-11-21,6164
2316,楠梓電,28,2,26,中國信託-文心,2023-11-21,6164
00633L,富邦上証正2,30,5,25,中國信託-文心,2023-11-21,6164
3522,御嵿,23,0,23,中國信託-文心,2023-11-21,6164
5351,鈺創,64,43,21,中國信託-文心,2023-11-21,6164
00688L,國泰20年美債正2,21,0,21,中國信託-文心,2023-11-21,6164
3059,華晶科,64,43,21,中國信託-文心,2023-11-21,6164
4303,信立,21,0,21,中國信託-文心,2023-11-21,6164
3339,泰谷,20,0,20,中國信託-文心,2023-11-21,6164
911868,同方友友-DR,20,0,20,中國信託-文心,2023-11-21,6164
3041,揚智,206,187,19,中國信託-文心,2023-11-21,6164
00885,富邦越南,19,0,19,中國信託-文心,2023-11-21,6164
3078,僑威,22,3,19,中國信託-文心,2023-11-21,6164
6442,光聖,20,2,18,中國信託-文心,2023-11-21,6164
2812,台中銀,24,6,18,中國信託-文心,2023-11-21,6164
1815,富喬,24,6,18,中國信託-文心,2023-11-21,6164
2329,華泰,58,40,18,中國信託-文心,2023-11-21,6164
3693,營邦,19,2,17,中國信託-文心,2023-11-21,6164
00671R,富邦NASDAQ反1,20,4,16,中國信託-文心,2023-11-21,6164
5533,皇鼎,26,10,16,中國信託-文心,2023-11-21,6164
00757,統一FANG+,16,0,16,中國信託-文心,2023-11-21,6164
1101,台泥,36,21,15,中國信託-文心,2023-11-21,6164
6160,欣技,15,0,15,中國信託-文心,2023-11-21,6164
2023,燁輝,19,4,15,中國信託-文心,2023-11-21,6164
2543,皇昌,19,4,15,中國信託-文心,2023-11-21,6164
6233,旺玖,51,37,14,中國信託-文心,2023-11-21,6164
6125,廣運,39,25,14,中國信託-文心,2023-11-21,6164
3013,晟銘電,15,2,13,中國信託-文心,2023-11-21,6164
8054,安國,48,36,12,中國信託-文心,2023-11-21,6164
00719B,元大美債1-3,12,0,12,中國信託-文心,2023-11-21,6164
00933B,國泰10Y+金融債,19,7,12,中國信託-文心,2023-11-21,6164
1504,東元,15,3,12,中國信託-文心,2023-11-21,6164
2610,華航,20,9,11,中國信託-文心,2023-11-21,6164
2402,毅嘉,21,10,11,中國信託-文心,2023-11-21,6164
3588,通嘉,11,0,11,中國信託-文心,2023-11-21,6164
4113,聯上,11,0,11,中國信託-文心,2023-11-21,6164
3231,緯創,331,87,244,中國信託-文心,2023-11-22,6164
1584,精剛,160,0,160,中國信託-文心,2023-11-22,6164
00919,群益台灣精選高息,169,79,90,中國信託-文心,2023-11-22,6164
2402,毅嘉,103,17,86,中國信託-文心,2023-11-22,6164
5533,皇鼎,163,79,84,中國信託-文心,2023-11-22,6164
00932,兆豐永續高息等權,81,0,81,中國信託-文心,2023-11-22,6164
2515,中工,60,0,60,中國信託-文心,2023-11-22,6164
00687B,國泰20年美債,58,0,58,中國信託-文心,2023-11-22,6164
00679B,元大美債20年,46,1,45,中國信託-文心,2023-11-22,6164
00680L,元大美債20正2,44,0,44,中國信託-文心,2023-11-22,6164
2356,英業達,48,5,43,中國信託-文心,2023-11-22,6164
6104,創惟,63,22,41,中國信託-文心,2023-11-22,6164
00712,復華富時不動產,41,8,33,中國信託-文心,2023-11-22,6164
00673R,期元大S＆P原油反1,33,0,33,中國信託-文心,2023-11-22,6164
2618,長榮航,127,96,31,中國信託-文心,2023-11-22,6164
0056,元大高股息,54,24,30,中國信託-文心,2023-11-22,6164
3515,華擎,35,4,31,中國信託-文心,2023-11-22,6164
00891,中信關鍵半導體,32,2,30,中國信託-文心,2023-11-22,6164
3047,訊舟,39,10,29,中國信託-文心,2023-11-22,6164
2382,廣達,64,35,29,中國信託-文心,2023-11-22,6164
2376,技嘉,48,22,26,中國信託-文心,2023-11-22,6164
6770,力積電,24,0,24,中國信託-文心,2023-11-22,6164
2002,中鋼,27,4,23,中國信託-文心,2023-11-22,6164
5521,工信,43,21,22,中國信託-文心,2023-11-22,6164
2301,光寶科,23,2,21,中國信託-文心,2023-11-22,6164
00632R,元大台灣50反1,33,12,21,中國信託-文心,2023-11-22,6164
6152,百一,20,0,20,中國信託-文心,2023-11-22,6164
8107,大億金茂,20,0,20,中國信託-文心,2023-11-22,6164
00795B,中信美國公債20年,19,0,19,中國信託-文心,2023-11-22,6164
6233,旺玖,22,3,19,中國信託-文心,2023-11-22,6164
00665L,富邦�琤肭磪囓�2,18,0,18,中國信託-文心,2023-11-22,6164
00637L,元大滬深300正2,33,15,18,中國信託-文心,2023-11-22,6164
00900,富邦特選高股息30,28,11,17,中國信託-文心,2023-11-22,6164
2609,陽明,16,0,16,中國信託-文心,2023-11-22,6164
2303,聯電,31,15,16,中國信託-文心,2023-11-22,6164
00882,中信中國高股息,17,2,15,中國信託-文心,2023-11-22,6164
3522,御嵿,16,1,15,中國信託-文心,2023-11-22,6164
6177,達麗,15,0,15,中國信託-文心,2023-11-22,6164
4543,萬在,16,2,14,中國信託-文心,2023-11-22,6164
2014,中鴻,19,5,14,中國信託-文心,2023-11-22,6164
2353,宏��,15,1,14,中國信託-文心,2023-11-22,6164
2883,凱基金,19,5,14,中國信託-文心,2023-11-22,6164
00918,大華優利高填息30,14,0,14,中國信託-文心,2023-11-22,6164
00772B,中信高評級公司債,16,3,13,中國信託-文心,2023-11-22,6164
2492,華新科,14,1,13,中國信託-文心,2023-11-22,6164
00933B,國泰10Y+金融債,13,0,13,中國信託-文心,2023-11-22,6164
00935,野村臺灣新科技50,14,1,13,中國信託-文心,2023-11-22,6164
3715,定穎投控,60,48,12,中國信託-文心,2023-11-22,6164
00931B,統一美債20年,14,2,12,中國信託-文心,2023-11-22,6164
2610,華航,27,16,11,中國信託-文心,2023-11-22,6164
00632R,元大台灣50反1,432,17,415,中國信託-文心,2023-11-23,6164
00919,群益台灣精選高息,387,42,345,中國信託-文心,2023-11-23,6164
1471,首利,294,30,264,中國信託-文心,2023-11-23,6164
2891,中信金,248,34,214,中國信託-文心,2023-11-23,6164
5521,工信,177,45,132,中國信託-文心,2023-11-23,6164
00929,復華台灣科技優息,185,61,124,中國信託-文心,2023-11-23,6164
3231,緯創,114,26,88,中國信託-文心,2023-11-23,6164
00878,國泰永續高股息,97,18,79,中國信託-文心,2023-11-23,6164
5009,榮剛,124,60,64,中國信託-文心,2023-11-23,6164
2516,新建,82,21,61,中國信託-文心,2023-11-23,6164
6282,康舒,188,132,56,中國信託-文心,2023-11-23,6164
2324,仁寶,54,0,54,中國信託-文心,2023-11-23,6164
00773B,中信優先金融債,68,20,48,中國信託-文心,2023-11-23,6164
00637L,元大滬深300正2,55,10,45,中國信託-文心,2023-11-23,6164
2382,廣達,57,15,42,中國信託-文心,2023-11-23,6164
00722B,群益投資級電信債,35,0,35,中國信託-文心,2023-11-23,6164
3078,僑威,73,39,34,中國信託-文心,2023-11-23,6164
4712,福格創新,33,0,33,中國信託-文心,2023-11-23,6164
2889,國票金,30,0,30,中國信託-文心,2023-11-23,6164
00900,富邦特選高股息30,34,5,29,中國信託-文心,2023-11-23,6164
2476,鉅祥,43,17,26,中國信託-文心,2023-11-23,6164
00931B,統一美債20年,26,0,26,中國信託-文心,2023-11-23,6164
2316,楠梓電,29,4,25,中國信託-文心,2023-11-23,6164
00936,台新永續高息中小,24,1,23,中國信託-文心,2023-11-23,6164
3059,華晶科,35,12,23,中國信託-文心,2023-11-23,6164
3037,欣興,34,13,21,中國信託-文心,2023-11-23,6164
5302,太欣,22,1,21,中國信託-文心,2023-11-23,6164
3706,神達,31,10,21,中國信託-文心,2023-11-23,6164
6125,廣運,58,38,20,中國信託-文心,2023-11-23,6164
6530,創威,61,41,20,中國信託-文心,2023-11-23,6164
00740B,富邦全球投等債,20,0,20,中國信託-文心,2023-11-23,6164
1582,信錦,23,3,20,中國信託-文心,2023-11-23,6164
00683L,期元大美元指正2,20,0,20,中國信託-文心,2023-11-23,6164
00795B,中信美國公債20年,21,2,19,中國信託-文心,2023-11-23,6164
2367,燿華,24,5,19,中國信託-文心,2023-11-23,6164
00687B,國泰20年美債,41,23,18,中國信託-文心,2023-11-23,6164
00720B,元大投資級公司債,18,0,18,中國信託-文心,2023-11-23,6164
2812,台中銀,20,3,17,中國信託-文心,2023-11-23,6164
3105,穩懋,27,10,17,中國信託-文心,2023-11-23,6164
0056,元大高股息,19,3,16,中國信託-文心,2023-11-23,6164
5347,世界,48,33,15,中國信託-文心,2023-11-23,6164
3006,晶豪科,28,13,15,中國信託-文心,2023-11-23,6164
6237,驊訊,70,57,13,中國信託-文心,2023-11-23,6164
3483,力致,38,26,12,中國信託-文心,2023-11-23,6164
00764B,群益25年美債,12,0,12,中國信託-文心,2023-11-23,6164
00715L,期街口布蘭特正2,12,0,12,中國信託-文心,2023-11-23,6164
1324,地球,15,4,11,中國信託-文心,2023-11-23,6164
6684,安格,18,7,11,中國信託-文心,2023-11-23,6164
3374,精材,16,5,11,中國信託-文心,2023-11-23,6164
6245,立端,17,6,11,中國信託-文心,2023-11-23,6164
2363,矽統,685,34,651,中國信託-文心,2023-11-24,6164
2515,中工,300,11,289,中國信託-文心,2023-11-24,6164
00932,兆豐永續高息等權,190,4,186,中國信託-文心,2023-11-24,6164
00632R,元大台灣50反1,128,0,128,中國信託-文心,2023-11-24,6164
2382,廣達,80,8,72,中國信託-文心,2023-11-24,6164
00680L,元大美債20正2,87,15,72,中國信託-文心,2023-11-24,6164
2618,長榮航,128,60,68,中國信託-文心,2023-11-24,6164
00933B,國泰10Y+金融債,64,0,64,中國信託-文心,2023-11-24,6164
00679B,元大美債20年,51,0,51,中國信託-文心,2023-11-24,6164
2615,萬海,50,1,49,中國信託-文心,2023-11-24,6164
00929,復華台灣科技優息,85,43,42,中國信託-文心,2023-11-24,6164
00878,國泰永續高股息,62,21,41,中國信託-文心,2023-11-24,6164
1605,華新,70,33,37,中國信託-文心,2023-11-24,6164
2610,華航,34,3,31,中國信託-文心,2023-11-24,6164
5302,太欣,30,0,30,中國信託-文心,2023-11-24,6164
3708,上緯投控,30,1,29,中國信託-文心,2023-11-24,6164
2002,中鋼,39,11,28,中國信託-文心,2023-11-24,6164
4967,十銓,28,2,26,中國信託-文心,2023-11-24,6164
3041,揚智,49,25,24,中國信託-文心,2023-11-24,6164
2457,飛宏,100,76,24,中國信託-文心,2023-11-24,6164
3006,晶豪科,38,15,23,中國信託-文心,2023-11-24,6164
9946,三發地產,23,0,23,中國信託-文心,2023-11-24,6164
2313,華通,135,112,23,中國信託-文心,2023-11-24,6164
00921,兆豐龍頭等權重,20,0,20,中國信託-文心,2023-11-24,6164
8107,大億金茂,20,0,20,中國信託-文心,2023-11-24,6164
00687B,國泰20年美債,30,12,18,中國信託-文心,2023-11-24,6164
6117,迎廣,41,24,17,中國信託-文心,2023-11-24,6164
00772B,中信高評級公司債,17,0,17,中國信託-文心,2023-11-24,6164
1815,富喬,25,9,16,中國信託-文心,2023-11-24,6164
6443,元晶,17,1,16,中國信託-文心,2023-11-24,6164
00751B,元大AAA至A公司債,15,0,15,中國信託-文心,2023-11-24,6164
2530,華建,15,0,15,中國信託-文心,2023-11-24,6164
2317,鴻海,21,6,15,中國信託-文心,2023-11-24,6164
00722B,群益投資級電信債,14,0,14,中國信託-文心,2023-11-24,6164
3701,大眾控,45,31,14,中國信託-文心,2023-11-24,6164
1809,中釉,13,0,13,中國信託-文心,2023-11-24,6164
0056,元大高股息,29,16,13,中國信託-文心,2023-11-24,6164
2376,技嘉,16,4,12,中國信託-文心,2023-11-24,6164
1522,堤維西,13,1,12,中國信託-文心,2023-11-24,6164
5533,皇鼎,13,1,12,中國信託-文心,2023-11-24,6164
00934,中信成長高股息,27,16,11,中國信託-文心,2023-11-24,6164
2206,三陽工業,11,0,11,中國信託-文心,2023-11-24,6164
2634,漢翔,46,35,11,中國信託-文心,2023-11-24,6164
00795B,中信美國公債20年,11,0,11,中國信託-文心,2023-11-24,6164
4162,智擎,11,0,11,中國信託-文心,2023-11-24,6164
6235,華孚,28,17,11,中國信託-文心,2023-11-24,6164
5210,寶碩,11,0,11,中國信託-文心,2023-11-24,6164
3665,貿聯-KY,10,0,10,中國信託-文心,2023-11-24,6164
00664R,國泰臺灣加權反1,10,0,10,中國信託-文心,2023-11-24,6164
00676R,富邦臺灣加權反1,10,0,10,中國信託-文心,2023-11-24,6164
00673R,期元大S＆P原油反1,1282,110,1172,中國信託-文心,2023-11-27,6164
00919,群益台灣精選高息,329,25,304,中國信託-文心,2023-11-27,6164
00878,國泰永續高股息,185,18,167,中國信託-文心,2023-11-27,6164
0056,元大高股息,152,2,150,中國信託-文心,2023-11-27,6164
00637L,元大滬深300正2,85,11,74,中國信託-文心,2023-11-27,6164
00679B,元大美債20年,62,0,62,中國信託-文心,2023-11-27,6164
2515,中工,60,0,60,中國信託-文心,2023-11-27,6164
00680L,元大美債20正2,58,4,54,中國信託-文心,2023-11-27,6164
2382,廣達,63,12,51,中國信託-文心,2023-11-27,6164
00891,中信關鍵半導體,52,1,51,中國信託-文心,2023-11-27,6164
5284,jpp-KY,50,3,47,中國信託-文心,2023-11-27,6164
3231,緯創,104,58,46,中國信託-文心,2023-11-27,6164
5302,太欣,45,0,45,中國信託-文心,2023-11-27,6164
2634,漢翔,48,3,45,中國信託-文心,2023-11-27,6164
00915,凱基優選高股息30,42,0,42,中國信託-文心,2023-11-27,6164
00720B,元大投資級公司債,42,0,42,中國信託-文心,2023-11-27,6164
2324,仁寶,41,0,41,中國信託-文心,2023-11-27,6164
3522,御嵿,41,0,41,中國信託-文心,2023-11-27,6164
2516,新建,41,0,41,中國信託-文心,2023-11-27,6164
1504,東元,39,2,37,中國信託-文心,2023-11-27,6164
5457,宣德,35,0,35,中國信託-文心,2023-11-27,6164
1605,華新,69,36,33,中國信託-文心,2023-11-27,6164
2867,三商壽,30,0,30,中國信託-文心,2023-11-27,6164
5347,世界,61,31,30,中國信託-文心,2023-11-27,6164
00687B,國泰20年美債,30,1,29,中國信託-文心,2023-11-27,6164
00934,中信成長高股息,43,16,27,中國信託-文心,2023-11-27,6164
3481,群創,26,2,24,中國信託-文心,2023-11-27,6164
1513,中興電,88,65,23,中國信託-文心,2023-11-27,6164
5222,全訊,25,3,22,中國信託-文心,2023-11-27,6164
00857B,永豐20年美公債,21,0,21,中國信託-文心,2023-11-27,6164
00715L,期街口布蘭特正2,25,4,21,中國信託-文心,2023-11-27,6164
4746,台耀,26,5,21,中國信託-文心,2023-11-27,6164
00772B,中信高評級公司債,21,0,21,中國信託-文心,2023-11-27,6164
00696B,富邦美債20年,20,0,20,中國信託-文心,2023-11-27,6164
00669R,國泰美國道瓊反1,20,0,20,中國信託-文心,2023-11-27,6164
3694,海華,42,22,20,中國信託-文心,2023-11-27,6164
00931B,統一美債20年,20,0,20,中國信託-文心,2023-11-27,6164
3017,奇鋐,24,4,20,中國信託-文心,2023-11-27,6164
2317,鴻海,23,4,19,中國信託-文心,2023-11-27,6164
8086,宏捷科,40,22,18,中國信託-文心,2023-11-27,6164
6901,鑽石投資,18,0,18,中國信託-文心,2023-11-27,6164
5351,鈺創,43,26,17,中國信託-文心,2023-11-27,6164
00922,國泰台灣領袖50,17,0,17,中國信託-文心,2023-11-27,6164
9941,裕融,17,0,17,中國信託-文心,2023-11-27,6164
00882,中信中國高股息,16,0,16,中國信託-文心,2023-11-27,6164
00665L,富邦�琤肭磪囓�2,20,4,16,中國信託-文心,2023-11-27,6164
1762,中化生,20,4,16,中國信託-文心,2023-11-27,6164
6593,台灣銘板,17,3,14,中國信託-文心,2023-11-27,6164
6806,森崴能源,14,0,14,中國信託-文心,2023-11-27,6164
6235,華孚,64,52,12,中國信託-文心,2023-11-27,6164
1314,中石化,102,1,101,中國信託-文心,2023-11-28,6164
1471,首利,97,0,97,中國信託-文心,2023-11-28,6164
2867,三商壽,71,0,71,中國信託-文心,2023-11-28,6164
00773B,中信優先金融債,54,0,54,中國信託-文心,2023-11-28,6164
4979,華星光,55,2,53,中國信託-文心,2023-11-28,6164
4114,健喬,107,59,48,中國信託-文心,2023-11-28,6164
1101,台泥,66,21,45,中國信託-文心,2023-11-28,6164
00632R,元大台灣50反1,150,106,44,中國信託-文心,2023-11-28,6164
3522,御嵿,42,1,41,中國信託-文心,2023-11-28,6164
2606,裕民,95,55,40,中國信託-文心,2023-11-28,6164
3715,定穎投控,117,84,33,中國信託-文心,2023-11-28,6164
00919,群益台灣精選高息,47,16,31,中國信託-文心,2023-11-28,6164
00712,復華富時不動產,35,5,30,中國信託-文心,2023-11-28,6164
4171,瑞基,59,32,27,中國信託-文心,2023-11-28,6164
2313,華通,150,127,23,中國信託-文心,2023-11-28,6164
00679B,元大美債20年,24,2,22,中國信託-文心,2023-11-28,6164
8261,富鼎,22,1,21,中國信託-文心,2023-11-28,6164
3231,緯創,43,22,21,中國信託-文心,2023-11-28,6164
2312,金寶,20,0,20,中國信託-文心,2023-11-28,6164
2603,長榮,21,2,19,中國信託-文心,2023-11-28,6164
00885,富邦越南,18,0,18,中國信託-文心,2023-11-28,6164
6292,迅德,18,0,18,中國信託-文心,2023-11-28,6164
4167,松瑞藥,20,3,17,中國信託-文心,2023-11-28,6164
00715L,期街口布蘭特正2,17,1,16,中國信託-文心,2023-11-28,6164
2612,中航,20,4,16,中國信託-文心,2023-11-28,6164
6282,康舒,23,8,15,中國信託-文心,2023-11-28,6164
5347,世界,41,27,14,中國信託-文心,2023-11-28,6164
2388,威盛,64,50,14,中國信託-文心,2023-11-28,6164
1514,亞力,68,54,14,中國信託-文心,2023-11-28,6164
00753L,中信中國50正2,13,0,13,中國信託-文心,2023-11-28,6164
2363,矽統,37,24,13,中國信託-文心,2023-11-28,6164
6156,松上,13,0,13,中國信託-文心,2023-11-28,6164
3276,宇環,13,0,13,中國信託-文心,2023-11-28,6164
2605,新興,46,33,13,中國信託-文心,2023-11-28,6164
00665L,富邦�琤肭磪囓�2,13,0,13,中國信託-文心,2023-11-28,6164
2014,中鴻,22,9,13,中國信託-文心,2023-11-28,6164
8086,宏捷科,22,10,12,中國信託-文心,2023-11-28,6164
8033,雷虎,12,0,12,中國信託-文心,2023-11-28,6164
00933B,國泰10Y+金融債,12,0,12,中國信託-文心,2023-11-28,6164
2478,大毅,12,0,12,中國信託-文心,2023-11-28,6164
1701,中化,60,49,11,中國信託-文心,2023-11-28,6164
00795B,中信美國公債20年,12,1,11,中國信託-文心,2023-11-28,6164
8255,朋程,10,0,10,中國信託-文心,2023-11-28,6164
3540,曜越,10,0,10,中國信託-文心,2023-11-28,6164
2748,雲品,12,2,10,中國信託-文心,2023-11-28,6164
00934,中信成長高股息,21,11,10,中國信託-文心,2023-11-28,6164
1449,佳和,22,12,10,中國信託-文心,2023-11-28,6164
6213,聯茂,12,2,10,中國信託-文心,2023-11-28,6164
1522,堤維西,10,0,10,中國信託-文心,2023-11-28,6164
9105,泰金寶-DR,10,0,10,中國信託-文心,2023-11-28,6164
00932,兆豐永續高息等權,301,3,298,中國信託-文心,2023-11-29,6164
00665L,富邦�琤肭磪囓�2,283,20,263,中國信託-文心,2023-11-29,6164
2367,燿華,93,10,83,中國信託-文心,2023-11-29,6164
00882,中信中國高股息,81,6,75,中國信託-文心,2023-11-29,6164
00632R,元大台灣50反1,118,46,72,中國信託-文心,2023-11-29,6164
2344,華邦電,95,35,60,中國信託-文心,2023-11-29,6164
00637L,元大滬深300正2,84,27,57,中國信託-文心,2023-11-29,6164
2891,中信金,66,15,51,中國信託-文心,2023-11-29,6164
00935,野村臺灣新科技50,52,3,49,中國信託-文心,2023-11-29,6164
2460,建通,51,3,48,中國信託-文心,2023-11-29,6164
1101,台泥,65,19,46,中國信託-文心,2023-11-29,6164
00679B,元大美債20年,52,7,45,中國信託-文心,2023-11-29,6164
2887,台新金,48,4,44,中國信託-文心,2023-11-29,6164
00934,中信成長高股息,43,3,40,中國信託-文心,2023-11-29,6164
00753L,中信中國50正2,32,0,32,中國信託-文心,2023-11-29,6164
2867,三商壽,32,0,32,中國信託-文心,2023-11-29,6164
3231,緯創,79,47,32,中國信託-文心,2023-11-29,6164
9103,美德醫療-DR,32,1,31,中國信託-文心,2023-11-29,6164
8054,安國,121,90,31,中國信託-文心,2023-11-29,6164
3522,御嵿,29,0,29,中國信託-文心,2023-11-29,6164
5608,四維航,32,3,29,中國信託-文心,2023-11-29,6164
1471,首利,70,42,28,中國信託-文心,2023-11-29,6164
6290,良維,30,2,28,中國信託-文心,2023-11-29,6164
1584,精剛,30,3,27,中國信託-文心,2023-11-29,6164
3481,群創,33,7,26,中國信託-文心,2023-11-29,6164
3437,榮創,23,0,23,中國信託-文心,2023-11-29,6164
00923,群益台ESG低碳50,23,1,22,中國信託-文心,2023-11-29,6164
00673R,期元大S＆P原油反1,21,0,21,中國信託-文心,2023-11-29,6164
1905,華紙,20,0,20,中國信託-文心,2023-11-29,6164
2106,建大,20,0,20,中國信託-文心,2023-11-29,6164
8261,富鼎,21,1,20,中國信託-文心,2023-11-29,6164
00674R,期元大S＆P黃金反1,20,0,20,中國信託-文心,2023-11-29,6164
5210,寶碩,20,0,20,中國信託-文心,2023-11-29,6164
1513,中興電,30,10,20,中國信託-文心,2023-11-29,6164
2316,楠梓電,19,0,19,中國信託-文心,2023-11-29,6164
00664R,國泰臺灣加權反1,19,0,19,中國信託-文心,2023-11-29,6164
2457,飛宏,21,3,18,中國信託-文心,2023-11-29,6164
2882,國泰金,16,0,16,中國信託-文心,2023-11-29,6164
2031,新光鋼,16,0,16,中國信託-文心,2023-11-29,6164
00915,凱基優選高股息30,15,0,15,中國信託-文心,2023-11-29,6164
3545,敦泰,26,12,14,中國信託-文心,2023-11-29,6164
5328,華容,27,13,14,中國信託-文心,2023-11-29,6164
2618,長榮航,95,81,14,中國信託-文心,2023-11-29,6164
00720B,元大投資級公司債,23,10,13,中國信託-文心,2023-11-29,6164
2605,新興,28,15,13,中國信託-文心,2023-11-29,6164
2401,凌陽,32,19,13,中國信託-文心,2023-11-29,6164
2727,王品,13,1,12,中國信託-文心,2023-11-29,6164
00719B,元大美債1-3,12,0,12,中國信託-文心,2023-11-29,6164
4113,聯上,12,0,12,中國信託-文心,2023-11-29,6164
00751B,元大AAA至A公司債,11,0,11,中國信託-文心,2023-11-29,6164
2363,矽統,723,21,702,中國信託-文心,2023-11-30,6164
00715L,期街口布蘭特正2,657,59,598,中國信託-文心,2023-11-30,6164
00932,兆豐永續高息等權,200,0,200,中國信託-文心,2023-11-30,6164
00632R,元大台灣50反1,161,0,161,中國信託-文心,2023-11-30,6164
00720B,元大投資級公司債,158,1,157,中國信託-文心,2023-11-30,6164
00679B,元大美債20年,157,6,151,中國信託-文心,2023-11-30,6164
2515,中工,112,0,112,中國信託-文心,2023-11-30,6164
00919,群益台灣精選高息,146,40,106,中國信託-文心,2023-11-30,6164
00929,復華台灣科技優息,207,130,77,中國信託-文心,2023-11-30,6164
3231,緯創,93,17,76,中國信託-文心,2023-11-30,6164
00680L,元大美債20正2,76,1,75,中國信託-文心,2023-11-30,6164
2606,裕民,53,0,53,中國信託-文心,2023-11-30,6164
00882,中信中國高股息,67,15,52,中國信託-文心,2023-11-30,6164
00696B,富邦美債20年,50,0,50,中國信託-文心,2023-11-30,6164
1215,卜蜂,50,1,49,中國信託-文心,2023-11-30,6164
2313,華通,117,70,47,中國信託-文心,2023-11-30,6164
2492,華新科,60,20,40,中國信託-文心,2023-11-30,6164
6111,大宇資,44,8,36,中國信託-文心,2023-11-30,6164
00665L,富邦�琤肭磪囓�2,35,0,35,中國信託-文心,2023-11-30,6164
2401,凌陽,41,6,35,中國信託-文心,2023-11-30,6164
00934,中信成長高股息,68,35,33,中國信託-文心,2023-11-30,6164
00885,富邦越南,32,0,32,中國信託-文心,2023-11-30,6164
2888,新光金,29,0,29,中國信託-文心,2023-11-30,6164
5469,瀚宇博,28,3,25,中國信託-文心,2023-11-30,6164
2409,友達,25,1,24,中國信託-文心,2023-11-30,6164
1584,精剛,24,0,24,中國信託-文心,2023-11-30,6164
5210,寶碩,24,1,23,中國信託-文心,2023-11-30,6164
00931B,統一美債20年,22,0,22,中國信託-文心,2023-11-30,6164
2332,友訊,23,2,21,中國信託-文心,2023-11-30,6164
3047,訊舟,20,0,20,中國信託-文心,2023-11-30,6164
2388,威盛,36,18,18,中國信託-文心,2023-11-30,6164
4739,康普,22,5,17,中國信託-文心,2023-11-30,6164
6282,康舒,22,7,15,中國信託-文心,2023-11-30,6164
3665,貿聯-KY,15,0,15,中國信託-文心,2023-11-30,6164
00712,復華富時不動產,33,19,14,中國信託-文心,2023-11-30,6164
2369,菱生,62,48,14,中國信託-文心,2023-11-30,6164
1471,首利,14,0,14,中國信託-文心,2023-11-30,6164
3265,台星科,16,2,14,中國信託-文心,2023-11-30,6164
3374,精材,15,1,14,中國信託-文心,2023-11-30,6164
2458,義隆,14,1,13,中國信託-文心,2023-11-30,6164
2301,光寶科,14,1,13,中國信託-文心,2023-11-30,6164
8112,至上,47,34,13,中國信託-文心,2023-11-30,6164
3122,笙泉,17,4,13,中國信託-文心,2023-11-30,6164
2405,輔信,18,6,12,中國信託-文心,2023-11-30,6164
5347,世界,27,16,11,中國信託-文心,2023-11-30,6164
00687B,國泰20年美債,27,16,11,中國信託-文心,2023-11-30,6164
00892,富邦台灣半導體,11,0,11,中國信託-文心,2023-11-30,6164
1455,集盛,11,0,11,中國信託-文心,2023-11-30,6164
5536,聖暉*,10,0,10,中國信託-文心,2023-11-30,6164
1905,華紙,15,5,10,中國信託-文心,2023-11-30,6164
00919,群益台灣精選高息,230,48,182,中國信託-文心,2023-12-01,6164
00921,兆豐龍頭等權重,154,1,153,中國信託-文心,2023-12-01,6164
00878,國泰永續高股息,170,20,150,中國信託-文心,2023-12-01,6164
2355,敬鵬,178,37,141,中國信託-文心,2023-12-01,6164
2618,長榮航,142,5,137,中國信託-文心,2023-12-01,6164
2392,正崴,130,4,126,中國信託-文心,2023-12-01,6164
00679B,元大美債20年,99,6,93,中國信託-文心,2023-12-01,6164
00915,凱基優選高股息30,74,0,74,中國信託-文心,2023-12-01,6164
3041,揚智,104,31,73,中國信託-文心,2023-12-01,6164
00720B,元大投資級公司債,71,7,64,中國信託-文心,2023-12-01,6164
00680L,元大美債20正2,63,0,63,中國信託-文心,2023-12-01,6164
2367,燿華,112,53,59,中國信託-文心,2023-12-01,6164
3372,典範,47,0,47,中國信託-文心,2023-12-01,6164
020033,統一�琤肮黕篾,47,0,47,中國信託-文心,2023-12-01,6164
4114,健喬,51,15,36,中國信託-文心,2023-12-01,6164
8261,富鼎,40,5,35,中國信託-文心,2023-12-01,6164
1605,華新,35,2,33,中國信託-文心,2023-12-01,6164
00900,富邦特選高股息30,35,2,33,中國信託-文心,2023-12-01,6164
2105,正新,33,1,32,中國信託-文心,2023-12-01,6164
2888,新光金,34,2,32,中國信託-文心,2023-12-01,6164
2891,中信金,49,17,32,中國信託-文心,2023-12-01,6164
5880,合庫金,32,1,31,中國信託-文心,2023-12-01,6164
4154,樂威科-KY,30,0,30,中國信託-文心,2023-12-01,6164
2641,正德,69,39,30,中國信託-文心,2023-12-01,6164
3540,曜越,26,0,26,中國信託-文心,2023-12-01,6164
8096,擎亞,36,12,24,中國信託-文心,2023-12-01,6164
6530,創威,66,43,23,中國信託-文心,2023-12-01,6164
5469,瀚宇博,40,17,23,中國信託-文心,2023-12-01,6164
6550,北極星藥業-KY,50,27,23,中國信託-文心,2023-12-01,6164
00929,復華台灣科技優息,111,88,23,中國信託-文心,2023-12-01,6164
00713,元大台灣高息低波,23,1,22,中國信託-文心,2023-12-01,6164
00687B,國泰20年美債,27,6,21,中國信託-文心,2023-12-01,6164
00674R,期元大S＆P黃金反1,21,0,21,中國信託-文心,2023-12-01,6164
2382,廣達,46,25,21,中國信託-文心,2023-12-01,6164
1101,台泥,24,4,20,中國信託-文心,2023-12-01,6164
3450,聯鈞,122,102,20,中國信託-文心,2023-12-01,6164
5347,世界,23,4,19,中國信託-文心,2023-12-01,6164
5871,中租-KY,19,0,19,中國信託-文心,2023-12-01,6164
2359,所羅門,35,17,18,中國信託-文心,2023-12-01,6164
1618,合機,21,3,18,中國信託-文心,2023-12-01,6164
2371,大同,22,5,17,中國信託-文心,2023-12-01,6164
00665L,富邦�琤肭磪囓�2,16,0,16,中國信託-文心,2023-12-01,6164
2515,中工,16,0,16,中國信託-文心,2023-12-01,6164
6233,旺玖,30,15,15,中國信託-文心,2023-12-01,6164
5425,台半,16,1,15,中國信託-文心,2023-12-01,6164
1568,倉佑,17,2,15,中國信託-文心,2023-12-01,6164
00706L,期元大S＆P日圓正2,15,0,15,中國信託-文心,2023-12-01,6164
5258,虹堡,25,10,15,中國信託-文心,2023-12-01,6164
2317,鴻海,18,3,15,中國信託-文心,2023-12-01,6164
2897,王道銀行,15,1,14,中國信託-文心,2023-12-01,6164
00715L,期街口布蘭特正2,513,228,285,中國信託-文心,2023-12-04,6164
00932,兆豐永續高息等權,165,0,165,中國信託-文心,2023-12-04,6164
5328,華容,178,38,140,中國信託-文心,2023-12-04,6164
1504,東元,126,13,113,中國信託-文心,2023-12-04,6164
00919,群益台灣精選高息,209,104,105,中國信託-文心,2023-12-04,6164
3481,群創,190,88,102,中國信託-文心,2023-12-04,6164
2344,華邦電,112,19,93,中國信託-文心,2023-12-04,6164
00751B,元大AAA至A公司債,83,1,82,中國信託-文心,2023-12-04,6164
00712,復華富時不動產,79,11,68,中國信託-文心,2023-12-04,6164
00933B,國泰10Y+金融債,65,0,65,中國信託-文心,2023-12-04,6164
00679B,元大美債20年,65,4,61,中國信託-文心,2023-12-04,6164
00687B,國泰20年美債,59,1,58,中國信託-文心,2023-12-04,6164
00642U,期元大S＆P石油,52,0,52,中國信託-文心,2023-12-04,6164
5457,宣德,52,0,52,中國信託-文心,2023-12-04,6164
6116,彩晶,50,0,50,中國信託-文心,2023-12-04,6164
2887,台新金,51,3,48,中國信託-文心,2023-12-04,6164
9919,康那香,204,160,44,中國信託-文心,2023-12-04,6164
2609,陽明,82,38,44,中國信託-文心,2023-12-04,6164
8261,富鼎,47,4,43,中國信託-文心,2023-12-04,6164
2402,毅嘉,69,29,40,中國信託-文心,2023-12-04,6164
00665L,富邦�琤肭磪囓�2,50,10,40,中國信託-文心,2023-12-04,6164
1471,首利,42,3,39,中國信託-文心,2023-12-04,6164
2530,華建,36,0,36,中國信託-文心,2023-12-04,6164
1605,華新,60,24,36,中國信託-文心,2023-12-04,6164
6244,茂迪,36,1,35,中國信託-文心,2023-12-04,6164
00885,富邦越南,34,3,31,中國信託-文心,2023-12-04,6164
6190,萬泰科,29,0,29,中國信託-文心,2023-12-04,6164
00753L,中信中國50正2,29,0,29,中國信託-文心,2023-12-04,6164
4188,安克,28,0,28,中國信託-文心,2023-12-04,6164
2332,友訊,28,2,26,中國信託-文心,2023-12-04,6164
00720B,元大投資級公司債,30,5,25,中國信託-文心,2023-12-04,6164
1101,台泥,28,3,25,中國信託-文心,2023-12-04,6164
4909,新復興,52,28,24,中國信託-文心,2023-12-04,6164
6274,台燿,24,0,24,中國信託-文心,2023-12-04,6164
00680L,元大美債20正2,27,3,24,中國信託-文心,2023-12-04,6164
5351,鈺創,37,13,24,中國信託-文心,2023-12-04,6164
00772B,中信高評級公司債,52,30,22,中國信託-文心,2023-12-04,6164
2516,新建,22,1,21,中國信託-文心,2023-12-04,6164
2612,中航,40,19,21,中國信託-文心,2023-12-04,6164
3432,台端,20,0,20,中國信託-文心,2023-12-04,6164
4414,如興,38,18,20,中國信託-文心,2023-12-04,6164
6901,鑽石投資,23,3,20,中國信託-文心,2023-12-04,6164
8210,勤誠,36,16,20,中國信託-文心,2023-12-04,6164
2883B,凱基金乙特,19,0,19,中國信託-文心,2023-12-04,6164
00935,野村臺灣新科技50,18,0,18,中國信託-文心,2023-12-04,6164
00882,中信中國高股息,18,0,18,中國信託-文心,2023-12-04,6164
2888,新光金,20,2,18,中國信託-文心,2023-12-04,6164
4979,華星光,25,8,17,中國信託-文心,2023-12-04,6164
6229,研通,17,0,17,中國信託-文心,2023-12-04,6164
4114,健喬,22,5,17,中國信託-文心,2023-12-04,6164
00715L,期街口布蘭特正2,947,335,612,中國信託-文心,2023-12-05,6164
00919,群益台灣精選高息,390,7,383,中國信託-文心,2023-12-05,6164
00937B,群益ESG投等債20,333,1,332,中國信託-文心,2023-12-05,6164
00929,復華台灣科技優息,274,59,215,中國信託-文心,2023-12-05,6164
00878,國泰永續高股息,167,47,120,中國信託-文心,2023-12-05,6164
3481,群創,108,17,91,中國信託-文心,2023-12-05,6164
2515,中工,92,2,90,中國信託-文心,2023-12-05,6164
00680L,元大美債20正2,90,2,88,中國信託-文心,2023-12-05,6164
2607,榮運,91,8,83,中國信託-文心,2023-12-05,6164
2641,正德,199,119,80,中國信託-文心,2023-12-05,6164
00679B,元大美債20年,89,9,80,中國信託-文心,2023-12-05,6164
2516,新建,80,1,79,中國信託-文心,2023-12-05,6164
00857B,永豐20年美公債,84,7,77,中國信託-文心,2023-12-05,6164
00882,中信中國高股息,78,2,76,中國信託-文心,2023-12-05,6164
00642U,期元大S＆P石油,75,0,75,中國信託-文心,2023-12-05,6164
00764B,群益25年美債,71,0,71,中國信託-文心,2023-12-05,6164
5608,四維航,256,187,69,中國信託-文心,2023-12-05,6164
3231,緯創,98,32,66,中國信託-文心,2023-12-05,6164
00687B,國泰20年美債,69,3,66,中國信託-文心,2023-12-05,6164
00688L,國泰20年美債正2,57,0,57,中國信託-文心,2023-12-05,6164
2402,毅嘉,100,45,55,中國信託-文心,2023-12-05,6164
2409,友達,61,9,52,中國信託-文心,2023-12-05,6164
6806,森崴能源,57,6,51,中國信託-文心,2023-12-05,6164
00915,凱基優選高股息30,62,12,50,中國信託-文心,2023-12-05,6164
2618,長榮航,88,41,47,中國信託-文心,2023-12-05,6164
00637L,元大滬深300正2,62,16,46,中國信託-文心,2023-12-05,6164
2601,益航,86,41,45,中國信託-文心,2023-12-05,6164
00934,中信成長高股息,46,2,44,中國信託-文心,2023-12-05,6164
00665L,富邦�琤肭磪囓�2,59,16,43,中國信託-文心,2023-12-05,6164
9103,美德醫療-DR,45,3,42,中國信託-文心,2023-12-05,6164
00935,野村臺灣新科技50,42,1,41,中國信託-文心,2023-12-05,6164
4162,智擎,40,0,40,中國信託-文心,2023-12-05,6164
5347,世界,84,46,38,中國信託-文心,2023-12-05,6164
3013,晟銘電,85,51,34,中國信託-文心,2023-12-05,6164
2637,慧洋-KY,148,115,33,中國信託-文心,2023-12-05,6164
0056,元大高股息,57,25,32,中國信託-文心,2023-12-05,6164
1101,台泥,47,16,31,中國信託-文心,2023-12-05,6164
1591,駿吉-KY,30,0,30,中國信託-文心,2023-12-05,6164
00933B,國泰10Y+金融債,34,4,30,中國信託-文心,2023-12-05,6164
00632R,元大台灣50反1,34,5,29,中國信託-文心,2023-12-05,6164
2543,皇昌,36,9,27,中國信託-文心,2023-12-05,6164
1605,華新,25,1,24,中國信託-文心,2023-12-05,6164
00900,富邦特選高股息30,35,11,24,中國信託-文心,2023-12-05,6164
2891,中信金,40,17,23,中國信託-文心,2023-12-05,6164
2303,聯電,27,4,23,中國信託-文心,2023-12-05,6164
00650L,復華香港正2,23,0,23,中國信託-文心,2023-12-05,6164
3623,富晶通,22,0,22,中國信託-文心,2023-12-05,6164
4164,承業醫,20,0,20,中國信託-文心,2023-12-05,6164
00918,大華優利高填息30,30,10,20,中國信託-文心,2023-12-05,6164
2734,易飛網,20,0,20,中國信託-文心,2023-12-05,6164
00715L,期街口布蘭特正2,202,0,202,中國信託-文心,2023-12-06,6164
00919,群益台灣精選高息,228,38,190,中國信託-文心,2023-12-06,6164
00680L,元大美債20正2,188,2,186,中國信託-文心,2023-12-06,6164
00937B,群益ESG投等債20,251,70,181,中國信託-文心,2023-12-06,6164
2363,矽統,172,10,162,中國信託-文心,2023-12-06,6164
00929,復華台灣科技優息,252,108,144,中國信託-文心,2023-12-06,6164
00637L,元大滬深300正2,130,36,94,中國信託-文心,2023-12-06,6164
00679B,元大美債20年,102,10,92,中國信託-文心,2023-12-06,6164
00687B,國泰20年美債,86,2,84,中國信託-文心,2023-12-06,6164
00688L,國泰20年美債正2,58,0,58,中國信託-文心,2023-12-06,6164
2355,敬鵬,108,53,55,中國信託-文心,2023-12-06,6164
1591,駿吉-KY,60,7,53,中國信託-文心,2023-12-06,6164
5457,宣德,52,0,52,中國信託-文心,2023-12-06,6164
2329,華泰,115,71,44,中國信託-文心,2023-12-06,6164
3481,群創,51,9,42,中國信託-文心,2023-12-06,6164
00720B,元大投資級公司債,51,10,41,中國信託-文心,2023-12-06,6164
2601,益航,42,3,39,中國信託-文心,2023-12-06,6164
2409,友達,44,8,36,中國信託-文心,2023-12-06,6164
00674R,期元大S＆P黃金反1,33,0,33,中國信託-文心,2023-12-06,6164
2606,裕民,57,24,33,中國信託-文心,2023-12-06,6164
00665L,富邦�琤肭磪囓�2,34,2,32,中國信託-文心,2023-12-06,6164
3540,曜越,40,11,29,中國信託-文心,2023-12-06,6164
00632R,元大台灣50反1,35,6,29,中國信託-文心,2023-12-06,6164
6164,華興,30,1,29,中國信託-文心,2023-12-06,6164
00933B,國泰10Y+金融債,29,0,29,中國信託-文心,2023-12-06,6164
6117,迎廣,59,32,27,中國信託-文心,2023-12-06,6164
00683L,期元大美元指正2,26,0,26,中國信託-文心,2023-12-06,6164
5706,鳳凰,28,3,25,中國信託-文心,2023-12-06,6164
2303,聯電,51,26,25,中國信託-文心,2023-12-06,6164
2883,凱基金,30,5,25,中國信託-文心,2023-12-06,6164
1529,樂事綠能,54,30,24,中國信託-文心,2023-12-06,6164
2313,華通,117,93,24,中國信託-文心,2023-12-06,6164
3037,欣興,23,1,22,中國信託-文心,2023-12-06,6164
00918,大華優利高填息30,27,5,22,中國信託-文心,2023-12-06,6164
00722B,群益投資級電信債,22,0,22,中國信託-文心,2023-12-06,6164
00751B,元大AAA至A公司債,22,1,21,中國信託-文心,2023-12-06,6164
2368,金像電,26,5,21,中國信託-文心,2023-12-06,6164
2367,燿華,48,27,21,中國信託-文心,2023-12-06,6164
6411,晶焱,20,0,20,中國信託-文心,2023-12-06,6164
5475,德宏,20,0,20,中國信託-文心,2023-12-06,6164
2605,新興,249,231,18,中國信託-文心,2023-12-06,6164
2888,新光金,19,1,18,中國信託-文心,2023-12-06,6164
5347,世界,22,5,17,中國信託-文心,2023-12-06,6164
2634,漢翔,17,0,17,中國信託-文心,2023-12-06,6164
6213,聯茂,17,1,16,中國信託-文心,2023-12-06,6164
2417,圓剛,20,4,16,中國信託-文心,2023-12-06,6164
4561,健椿,16,0,16,中國信託-文心,2023-12-06,6164
2421,建準,30,15,15,中國信託-文心,2023-12-06,6164
1504,東元,33,18,15,中國信託-文心,2023-12-06,6164
6243,迅杰,28,13,15,中國信託-文心,2023-12-06,6164
2363,矽統,764,19,745,中國信託-文心,2023-12-07,6164
00919,群益台灣精選高息,424,16,408,中國信託-文心,2023-12-07,6164
00687B,國泰20年美債,217,16,201,中國信託-文心,2023-12-07,6164
00720B,元大投資級公司債,199,3,196,中國信託-文心,2023-12-07,6164
00937B,群益ESG投等債20,418,245,173,中國信託-文心,2023-12-07,6164
00665L,富邦�琤肭磪囓�2,176,10,166,中國信託-文心,2023-12-07,6164
00931B,統一美債20年,148,5,143,中國信託-文心,2023-12-07,6164
00688L,國泰20年美債正2,154,16,138,中國信託-文心,2023-12-07,6164
00680L,元大美債20正2,198,76,122,中國信託-文心,2023-12-07,6164
00882,中信中國高股息,124,10,114,中國信託-文心,2023-12-07,6164
910861,神州-DR,100,0,100,中國信託-文心,2023-12-07,6164
1616,億泰,93,10,83,中國信託-文心,2023-12-07,6164
3450,聯鈞,88,7,81,中國信託-文心,2023-12-07,6164
00679B,元大美債20年,127,52,75,中國信託-文心,2023-12-07,6164
2303,聯電,92,20,72,中國信託-文心,2023-12-07,6164
2605,新興,99,46,53,中國信託-文心,2023-12-07,6164
1449,佳和,51,0,51,中國信託-文心,2023-12-07,6164
2888,新光金,60,10,50,中國信託-文心,2023-12-07,6164
6856,鑫傳,50,0,50,中國信託-文心,2023-12-07,6164
6142,友勁,50,0,50,中國信託-文心,2023-12-07,6164
00933B,國泰10Y+金融債,65,16,49,中國信託-文心,2023-12-07,6164
3041,揚智,164,115,49,中國信託-文心,2023-12-07,6164
00712,復華富時不動產,117,73,44,中國信託-文心,2023-12-07,6164
2612,中航,44,2,42,中國信託-文心,2023-12-07,6164
6770,力積電,50,10,40,中國信託-文心,2023-12-07,6164
5871,中租-KY,41,2,39,中國信託-文心,2023-12-07,6164
6290,良維,40,2,38,中國信託-文心,2023-12-07,6164
00751B,元大AAA至A公司債,37,0,37,中國信託-文心,2023-12-07,6164
00918,大華優利高填息30,34,0,34,中國信託-文心,2023-12-07,6164
2637,慧洋-KY,67,35,32,中國信託-文心,2023-12-07,6164
3264,欣銓,34,2,32,中國信託-文心,2023-12-07,6164
2313,華通,79,49,30,中國信託-文心,2023-12-07,6164
1609,大亞,76,48,28,中國信託-文心,2023-12-07,6164
8054,安國,140,114,26,中國信託-文心,2023-12-07,6164
2399,映泰,72,48,24,中國信託-文心,2023-12-07,6164
00642U,期元大S＆P石油,24,0,24,中國信託-文心,2023-12-07,6164
6222,上揚,24,0,24,中國信託-文心,2023-12-07,6164
2601,益航,24,0,24,中國信託-文心,2023-12-07,6164
2530,華建,24,0,24,中國信託-文心,2023-12-07,6164
1618,合機,159,136,23,中國信託-文心,2023-12-07,6164
00881,國泰台灣5G+,24,1,23,中國信託-文心,2023-12-07,6164
9946,三發地產,22,0,22,中國信託-文心,2023-12-07,6164
2388,威盛,62,40,22,中國信託-文心,2023-12-07,6164
00936,台新永續高息中小,21,1,20,中國信託-文心,2023-12-07,6164
6147,頎邦,20,0,20,中國信託-文心,2023-12-07,6164
8112,至上,20,0,20,中國信託-文心,2023-12-07,6164
2889,國票金,19,0,19,中國信託-文心,2023-12-07,6164
6753,龍德造船,21,2,19,中國信託-文心,2023-12-07,6164
00934,中信成長高股息,23,5,18,中國信託-文心,2023-12-07,6164
00935,野村臺灣新科技50,18,0,18,中國信託-文心,2023-12-07,6164
00632R,元大台灣50反1,620,11,609,中國信託-文心,2023-12-08,6164
00687B,國泰20年美債,210,1,209,中國信託-文心,2023-12-08,6164
00937B,群益ESG投等債20,180,22,158,中國信託-文心,2023-12-08,6164
00919,群益台灣精選高息,156,5,151,中國信託-文心,2023-12-08,6164
00931B,統一美債20年,146,0,146,中國信託-文心,2023-12-08,6164
2520,冠德,134,10,124,中國信託-文心,2023-12-08,6164
2515,中工,120,7,113,中國信託-文心,2023-12-08,6164
00715L,期街口布蘭特正2,149,37,112,中國信託-文心,2023-12-08,6164
00720B,元大投資級公司債,142,42,100,中國信託-文心,2023-12-08,6164
1312,國喬,90,5,85,中國信託-文心,2023-12-08,6164
00665L,富邦�琤肭磪囓�2,85,1,84,中國信託-文心,2023-12-08,6164
2516,新建,81,0,81,中國信託-文心,2023-12-08,6164
5351,鈺創,104,49,55,中國信託-文心,2023-12-08,6164
2376,技嘉,119,65,54,中國信託-文心,2023-12-08,6164
6856,鑫傳,50,0,50,中國信託-文心,2023-12-08,6164
1471,首利,55,5,50,中國信託-文心,2023-12-08,6164
00680L,元大美債20正2,95,46,49,中國信託-文心,2023-12-08,6164
3706,神達,83,34,49,中國信託-文心,2023-12-08,6164
00900,富邦特選高股息30,53,13,40,中國信託-文心,2023-12-08,6164
00882,中信中國高股息,50,11,39,中國信託-文心,2023-12-08,6164
00753L,中信中國50正2,37,0,37,中國信託-文心,2023-12-08,6164
4906,正文,39,2,37,中國信託-文心,2023-12-08,6164
3078,僑威,79,44,35,中國信託-文心,2023-12-08,6164
00679B,元大美債20年,67,35,32,中國信託-文心,2023-12-08,6164
00712,復華富時不動產,38,7,31,中國信託-文心,2023-12-08,6164
2882,國泰金,31,1,30,中國信託-文心,2023-12-08,6164
6901,鑽石投資,29,0,29,中國信託-文心,2023-12-08,6164
00688L,國泰20年美債正2,25,0,25,中國信託-文心,2023-12-08,6164
8011,台通,25,0,25,中國信託-文心,2023-12-08,6164
1455,集盛,25,1,24,中國信託-文心,2023-12-08,6164
00772B,中信高評級公司債,39,16,23,中國信託-文心,2023-12-08,6164
3665,貿聯-KY,23,1,22,中國信託-文心,2023-12-08,6164
00637L,元大滬深300正2,28,6,22,中國信託-文心,2023-12-08,6164
3437,榮創,20,0,20,中國信託-文心,2023-12-08,6164
1504,東元,25,6,19,中國信託-文心,2023-12-08,6164
1524,耿鼎,97,78,19,中國信託-文心,2023-12-08,6164
2329,華泰,70,52,18,中國信託-文心,2023-12-08,6164
4953,緯軟,24,6,18,中國信託-文心,2023-12-08,6164
2897,王道銀行,16,0,16,中國信託-文心,2023-12-08,6164
00795B,中信美國公債20年,16,0,16,中國信託-文心,2023-12-08,6164
2303,聯電,19,4,15,中國信託-文心,2023-12-08,6164
1598,岱宇,18,3,15,中國信託-文心,2023-12-08,6164
2867,三商壽,15,0,15,中國信託-文心,2023-12-08,6164
006208,富邦台50,16,2,14,中國信託-文心,2023-12-08,6164
2312,金寶,31,17,14,中國信託-文心,2023-12-08,6164
5381,合正,19,5,14,中國信託-文心,2023-12-08,6164
6222,上揚,14,0,14,中國信託-文心,2023-12-08,6164
2465,麗臺,14,1,13,中國信託-文心,2023-12-08,6164
1522,堤維西,59,46,13,中國信託-文心,2023-12-08,6164
2888,新光金,22,10,12,中國信託-文心,2023-12-08,6164
00919,群益台灣精選高息,630,39,591,中國信託-文心,2023-12-11,6164
00715L,期街口布蘭特正2,294,33,261,中國信託-文心,2023-12-11,6164
00720B,元大投資級公司債,188,13,175,中國信託-文心,2023-12-11,6164
00687B,國泰20年美債,172,3,169,中國信託-文心,2023-12-11,6164
00929,復華台灣科技優息,217,61,156,中國信託-文心,2023-12-11,6164
00665L,富邦�琤肭磪囓�2,230,109,121,中國信託-文心,2023-12-11,6164
00934,中信成長高股息,140,22,118,中國信託-文心,2023-12-11,6164
2888,新光金,126,13,113,中國信託-文心,2023-12-11,6164
00882,中信中國高股息,128,15,113,中國信託-文心,2023-12-11,6164
00679B,元大美債20年,121,13,108,中國信託-文心,2023-12-11,6164
00680L,元大美債20正2,82,5,77,中國信託-文心,2023-12-11,6164
2317,鴻海,76,8,68,中國信託-文心,2023-12-11,6164
00915,凱基優選高股息30,70,3,67,中國信託-文心,2023-12-11,6164
00931B,統一美債20年,89,27,62,中國信託-文心,2023-12-11,6164
8096,擎亞,72,13,59,中國信託-文心,2023-12-11,6164
00632R,元大台灣50反1,66,10,56,中國信託-文心,2023-12-11,6164
00764B,群益25年美債,53,0,53,中國信託-文心,2023-12-11,6164
3231,緯創,69,17,52,中國信託-文心,2023-12-11,6164
00772B,中信高評級公司債,52,3,49,中國信託-文心,2023-12-11,6164
2618,長榮航,60,11,49,中國信託-文心,2023-12-11,6164
2002,中鋼,50,5,45,中國信託-文心,2023-12-11,6164
3078,僑威,45,1,44,中國信託-文心,2023-12-11,6164
2368,金像電,80,40,40,中國信託-文心,2023-12-11,6164
00637L,元大滬深300正2,48,8,40,中國信託-文心,2023-12-11,6164
5351,鈺創,80,41,39,中國信託-文心,2023-12-11,6164
00688L,國泰20年美債正2,56,23,33,中國信託-文心,2023-12-11,6164
2605,新興,49,15,34,中國信託-文心,2023-12-11,6164
00752,中信中國50,33,0,33,中國信託-文心,2023-12-11,6164
2388,威盛,96,64,32,中國信託-文心,2023-12-11,6164
8033,雷虎,29,0,29,中國信託-文心,2023-12-11,6164
00918,大華優利高填息30,28,0,28,中國信託-文心,2023-12-11,6164
1584,精剛,42,15,27,中國信託-文心,2023-12-11,6164
5871,中租-KY,31,5,26,中國信託-文心,2023-12-11,6164
3048,益登,26,0,26,中國信託-文心,2023-12-11,6164
3715,定穎投控,59,34,25,中國信託-文心,2023-12-11,6164
3481,群創,25,1,24,中國信託-文心,2023-12-11,6164
00751B,元大AAA至A公司債,25,1,24,中國信託-文心,2023-12-11,6164
3701,大眾控,23,0,23,中國信託-文心,2023-12-11,6164
8936,國統,23,1,22,中國信託-文心,2023-12-11,6164
1519,華城,33,11,22,中國信託-文心,2023-12-11,6164
2401,凌陽,30,9,21,中國信託-文心,2023-12-11,6164
6164,華興,20,0,20,中國信託-文心,2023-12-11,6164
3437,榮創,21,1,20,中國信託-文心,2023-12-11,6164
3363,上詮,21,2,19,中國信託-文心,2023-12-11,6164
1612,宏泰,174,155,19,中國信託-文心,2023-12-11,6164
2610,華航,18,0,18,中國信託-文心,2023-12-11,6164
6229,研通,17,0,17,中國信託-文心,2023-12-11,6164
3041,揚智,25,9,16,中國信託-文心,2023-12-11,6164
00650L,復華香港正2,28,12,16,中國信託-文心,2023-12-11,6164
6462,神盾,26,10,16,中國信託-文心,2023-12-11,6164
00919,群益台灣精選高息,595,215,380,中國信託-文心,2023-12-12,6164
2363,矽統,255,33,222,中國信託-文心,2023-12-12,6164
00632R,元大台灣50反1,235,31,204,中國信託-文心,2023-12-12,6164
00687B,國泰20年美債,203,2,201,中國信託-文心,2023-12-12,6164
00934,中信成長高股息,174,8,166,中國信託-文心,2023-12-12,6164
00720B,元大投資級公司債,155,0,155,中國信託-文心,2023-12-12,6164
00918,大華優利高填息30,138,1,137,中國信託-文心,2023-12-12,6164
00896,中信綠能及電動車,125,0,125,中國信託-文心,2023-12-12,6164
00893,國泰智能電動車,125,5,120,中國信託-文心,2023-12-12,6164
2515,中工,113,8,105,中國信託-文心,2023-12-12,6164
2392,正崴,140,51,89,中國信託-文心,2023-12-12,6164
5521,工信,198,120,78,中國信託-文心,2023-12-12,6164
2883,凱基金,87,11,76,中國信託-文心,2023-12-12,6164
1324,地球,74,2,72,中國信託-文心,2023-12-12,6164
2409,友達,72,1,71,中國信託-文心,2023-12-12,6164
00679B,元大美債20年,87,17,70,中國信託-文心,2023-12-12,6164
2313,華通,104,38,66,中國信託-文心,2023-12-12,6164
2618,長榮航,78,14,64,中國信託-文心,2023-12-12,6164
00933B,國泰10Y+金融債,59,0,59,中國信託-文心,2023-12-12,6164
00937B,群益ESG投等債20,76,17,59,中國信託-文心,2023-12-12,6164
6113,亞矽,56,0,56,中國信託-文心,2023-12-12,6164
00764B,群益25年美債,52,1,51,中國信託-文心,2023-12-12,6164
00772B,中信高評級公司債,52,2,50,中國信託-文心,2023-12-12,6164
9105,泰金寶-DR,50,0,50,中國信託-文心,2023-12-12,6164
3481,群創,99,49,50,中國信託-文心,2023-12-12,6164
2888,新光金,49,0,49,中國信託-文心,2023-12-12,6164
2401,凌陽,45,4,41,中國信託-文心,2023-12-12,6164
00931B,統一美債20年,91,50,41,中國信託-文心,2023-12-12,6164
5355,佳總,40,0,40,中國信託-文心,2023-12-12,6164
2002,中鋼,40,2,38,中國信託-文心,2023-12-12,6164
5475,德宏,37,0,37,中國信託-文心,2023-12-12,6164
00688L,國泰20年美債正2,44,8,36,中國信託-文心,2023-12-12,6164
3266,昇陽,35,0,35,中國信託-文心,2023-12-12,6164
2543,皇昌,53,19,34,中國信託-文心,2023-12-12,6164
00680L,元大美債20正2,34,2,32,中國信託-文心,2023-12-12,6164
1514,亞力,55,24,31,中國信託-文心,2023-12-12,6164
1524,耿鼎,93,64,29,中國信託-文心,2023-12-12,6164
4967,十銓,46,17,29,中國信託-文心,2023-12-12,6164
3231,緯創,52,23,29,中國信託-文心,2023-12-12,6164
00751B,元大AAA至A公司債,28,0,28,中國信託-文心,2023-12-12,6164
1227,佳格,28,0,28,中國信託-文心,2023-12-12,6164
2610,華航,28,2,26,中國信託-文心,2023-12-12,6164
00795B,中信美國公債20年,27,1,26,中國信託-文心,2023-12-12,6164
4906,正文,40,15,25,中國信託-文心,2023-12-12,6164
8034,榮群,60,37,23,中國信託-文心,2023-12-12,6164
6284,佳邦,25,2,23,中國信託-文心,2023-12-12,6164
00882,中信中國高股息,36,14,22,中國信託-文心,2023-12-12,6164
00927,群益半導體收益,20,0,20,中國信託-文心,2023-12-12,6164
3050,鈺德,20,0,20,中國信託-文心,2023-12-12,6164
00935,野村臺灣新科技50,23,4,19,中國信託-文心,2023-12-12,6164
00673R,期元大S＆P原油反1,514,31,483,中國信託-文心,2023-12-13,6164
00919,群益台灣精選高息,437,61,376,中國信託-文心,2023-12-13,6164
00893,國泰智能電動車,174,6,168,中國信託-文心,2023-12-13,6164
00934,中信成長高股息,185,21,164,中國信託-文心,2023-12-13,6164
00687B,國泰20年美債,133,3,130,中國信託-文心,2023-12-13,6164
00918,大華優利高填息30,101,2,99,中國信託-文心,2023-12-13,6164
5871,中租-KY,97,0,97,中國信託-文心,2023-12-13,6164
00882,中信中國高股息,97,0,97,中國信託-文心,2023-12-13,6164
2002,中鋼,105,17,88,中國信託-文心,2023-12-13,6164
00720B,元大投資級公司債,93,13,80,中國信託-文心,2023-12-13,6164
2324,仁寶,104,31,73,中國信託-文心,2023-12-13,6164
2634,漢翔,99,29,70,中國信託-文心,2023-12-13,6164
00937B,群益ESG投等債20,65,0,65,中國信託-文心,2023-12-13,6164
00931B,統一美債20年,64,0,64,中國信託-文心,2023-12-13,6164
00933B,國泰10Y+金融債,55,1,54,中國信託-文心,2023-12-13,6164
5324,士開,50,0,50,中國信託-文心,2023-12-13,6164
4906,正文,66,24,42,中國信託-文心,2023-12-13,6164
3630,新鉅科,42,1,41,中國信託-文心,2023-12-13,6164
00642U,期元大S＆P石油,34,0,34,中國信託-文心,2023-12-13,6164
2402,毅嘉,47,16,31,中國信託-文心,2023-12-13,6164
1584,精剛,51,20,31,中國信託-文心,2023-12-13,6164
9105,泰金寶-DR,30,0,30,中國信託-文心,2023-12-13,6164
2486,一詮,32,3,29,中國信託-文心,2023-12-13,6164
2427,三商電,25,0,25,中國信託-文心,2023-12-13,6164
00679B,元大美債20年,37,12,25,中國信託-文心,2023-12-13,6164
1618,合機,67,43,24,中國信託-文心,2023-12-13,6164
3437,榮創,28,4,24,中國信託-文心,2023-12-13,6164
4402,郡都開發,23,0,23,中國信託-文心,2023-12-13,6164
4908,前鼎,30,7,23,中國信託-文心,2023-12-13,6164
1312,國喬,21,0,21,中國信託-文心,2023-12-13,6164
3715,定穎投控,63,42,21,中國信託-文心,2023-12-13,6164
3481,群創,61,41,20,中國信託-文心,2023-12-13,6164
9941,裕融,20,0,20,中國信託-文心,2023-12-13,6164
00633L,富邦上証正2,24,4,20,中國信託-文心,2023-12-13,6164
00722B,群益投資級電信債,20,0,20,中國信託-文心,2023-12-13,6164
2609,陽明,30,11,19,中國信託-文心,2023-12-13,6164
1605,華新,25,6,19,中國信託-文心,2023-12-13,6164
2610,華航,22,4,18,中國信託-文心,2023-12-13,6164
8070,長華*,24,6,18,中國信託-文心,2023-12-13,6164
3019,亞光,22,4,18,中國信託-文心,2023-12-13,6164
3540,曜越,29,11,18,中國信託-文心,2023-12-13,6164
2543,皇昌,40,22,18,中國信託-文心,2023-12-13,6164
3624,光頡,21,3,18,中國信託-文心,2023-12-13,6164
6113,亞矽,17,0,17,中國信託-文心,2023-12-13,6164
2419,仲琦,138,121,17,中國信託-文心,2023-12-13,6164
6176,瑞儀,18,1,17,中國信託-文心,2023-12-13,6164
3499,環天科,16,0,16,中國信託-文心,2023-12-13,6164
00885,富邦越南,22,6,16,中國信託-文心,2023-12-13,6164
4142,國光生,16,0,16,中國信託-文心,2023-12-13,6164
2892,第一金,16,1,15,中國信託-文心,2023-12-13,6164
00919,群益台灣精選高息,568,252,316,中國信託-文心,2023-12-14,6164
00687B,國泰20年美債,284,7,277,中國信託-文心,2023-12-14,6164
00937B,群益ESG投等債20,278,36,242,中國信託-文心,2023-12-14,6164
00680L,元大美債20正2,230,25,205,中國信託-文心,2023-12-14,6164
00720B,元大投資級公司債,194,1,193,中國信託-文心,2023-12-14,6164
00934,中信成長高股息,234,45,189,中國信託-文心,2023-12-14,6164
00686R,群益臺灣加權反1,160,0,160,中國信託-文心,2023-12-14,6164
00688L,國泰20年美債正2,177,20,157,中國信託-文心,2023-12-14,6164
2365,昆盈,135,18,117,中國信託-文心,2023-12-14,6164
00931B,統一美債20年,117,1,116,中國信託-文心,2023-12-14,6164
00882,中信中國高股息,115,1,114,中國信託-文心,2023-12-14,6164
00679B,元大美債20年,155,59,96,中國信託-文心,2023-12-14,6164
00632R,元大台灣50反1,303,210,93,中國信託-文心,2023-12-14,6164
00933B,國泰10Y+金融債,91,1,90,中國信託-文心,2023-12-14,6164
2419,仲琦,122,52,70,中國信託-文心,2023-12-14,6164
2409,友達,71,5,66,中國信託-文心,2023-12-14,6164
1474,弘裕,59,2,57,中國信託-文心,2023-12-14,6164
00918,大華優利高填息30,58,2,56,中國信託-文心,2023-12-14,6164
00923,群益台ESG低碳50,58,3,55,中國信託-文心,2023-12-14,6164
4142,國光生,55,0,55,中國信託-文心,2023-12-14,6164
00929,復華台灣科技優息,280,230,50,中國信託-文心,2023-12-14,6164
00795B,中信美國公債20年,46,0,46,中國信託-文心,2023-12-14,6164
2317,鴻海,63,23,40,中國信託-文心,2023-12-14,6164
2002,中鋼,45,10,35,中國信託-文心,2023-12-14,6164
3715,定穎投控,92,58,34,中國信託-文心,2023-12-14,6164
00936,台新永續高息中小,32,0,32,中國信託-文心,2023-12-14,6164
2486,一詮,36,4,32,中國信託-文心,2023-12-14,6164
5426,振發,85,56,29,中國信託-文心,2023-12-14,6164
00885,富邦越南,27,0,27,中國信託-文心,2023-12-14,6164
6593,台灣銘板,32,6,26,中國信託-文心,2023-12-14,6164
2606,裕民,31,5,26,中國信託-文心,2023-12-14,6164
00706L,期元大S＆P日圓正2,25,0,25,中國信託-文心,2023-12-14,6164
5521,工信,89,64,25,中國信託-文心,2023-12-14,6164
4402,郡都開發,23,0,23,中國信託-文心,2023-12-14,6164
00664R,國泰臺灣加權反1,23,0,23,中國信託-文心,2023-12-14,6164
2105,正新,22,0,22,中國信託-文心,2023-12-14,6164
1312,國喬,24,2,22,中國信託-文心,2023-12-14,6164
2324,仁寶,44,23,21,中國信託-文心,2023-12-14,6164
00646,元大S＆P500,20,0,20,中國信託-文心,2023-12-14,6164
2392,正崴,27,7,20,中國信託-文心,2023-12-14,6164
2353,宏��,32,14,18,中國信託-文心,2023-12-14,6164
2329,華泰,44,27,17,中國信託-文心,2023-12-14,6164
6209,今國光,20,3,17,中國信託-文心,2023-12-14,6164
3540,曜越,18,2,16,中國信託-文心,2023-12-14,6164
8110,華東,28,13,15,中國信託-文心,2023-12-14,6164
3481,群創,26,11,15,中國信託-文心,2023-12-14,6164
2605,新興,23,8,15,中國信託-文心,2023-12-14,6164
1319,東陽,15,0,15,中國信託-文心,2023-12-14,6164
5302,太欣,15,0,15,中國信託-文心,2023-12-14,6164
5263,智崴,15,0,15,中國信託-文心,2023-12-14,6164
00918,大華優利高填息30,321,44,277,中國信託-文心,2023-12-15,6164
00929,復華台灣科技優息,537,281,256,中國信託-文心,2023-12-15,6164
2363,矽統,501,261,240,中國信託-文心,2023-12-15,6164
00720B,元大投資級公司債,252,13,239,中國信託-文心,2023-12-15,6164
00919,群益台灣精選高息,565,354,211,中國信託-文心,2023-12-15,6164
2356,英業達,522,311,211,中國信託-文心,2023-12-15,6164
00679B,元大美債20年,286,98,188,中國信託-文心,2023-12-15,6164
00632R,元大台灣50反1,203,21,182,中國信託-文心,2023-12-15,6164
00688L,國泰20年美債正2,156,5,151,中國信託-文心,2023-12-15,6164
00687B,國泰20年美債,144,24,120,中國信託-文心,2023-12-15,6164
00706L,期元大S＆P日圓正2,110,8,102,中國信託-文心,2023-12-15,6164
00934,中信成長高股息,110,21,89,中國信託-文心,2023-12-15,6164
00933B,國泰10Y+金融債,90,2,88,中國信託-文心,2023-12-15,6164
00882,中信中國高股息,116,32,84,中國信託-文心,2023-12-15,6164
00751B,元大AAA至A公司債,70,0,70,中國信託-文心,2023-12-15,6164
00931B,統一美債20年,89,21,68,中國信託-文心,2023-12-15,6164
5521,工信,356,299,57,中國信託-文心,2023-12-15,6164
1471,首利,55,0,55,中國信託-文心,2023-12-15,6164
1905,華紙,50,2,48,中國信託-文心,2023-12-15,6164
2888,新光金,57,10,47,中國信託-文心,2023-12-15,6164
6116,彩晶,40,1,39,中國信託-文心,2023-12-15,6164
6284,佳邦,40,6,34,中國信託-文心,2023-12-15,6164
00680L,元大美債20正2,270,237,33,中國信託-文心,2023-12-15,6164
2388,威盛,89,62,27,中國信託-文心,2023-12-15,6164
2317,鴻海,30,5,25,中國信託-文心,2023-12-15,6164
3715,定穎投控,46,22,24,中國信託-文心,2023-12-15,6164
2313,華通,71,47,24,中國信託-文心,2023-12-15,6164
00923,群益台ESG低碳50,31,8,23,中國信託-文心,2023-12-15,6164
00637L,元大滬深300正2,29,6,23,中國信託-文心,2023-12-15,6164
5272,笙科,22,0,22,中國信託-文心,2023-12-15,6164
3450,聯鈞,26,4,22,中國信託-文心,2023-12-15,6164
00885,富邦越南,32,10,22,中國信託-文心,2023-12-15,6164
3264,欣銓,28,7,21,中國信託-文心,2023-12-15,6164
3041,揚智,55,34,21,中國信託-文心,2023-12-15,6164
2615,萬海,22,1,21,中國信託-文心,2023-12-15,6164
6235,華孚,24,4,20,中國信託-文心,2023-12-15,6164
2355,敬鵬,25,5,20,中國信託-文心,2023-12-15,6164
2324,仁寶,56,36,20,中國信託-文心,2023-12-15,6164
00936,台新永續高息中小,21,2,19,中國信託-文心,2023-12-15,6164
2812,台中銀,21,2,19,中國信託-文心,2023-12-15,6164
0056,元大高股息,81,62,19,中國信託-文心,2023-12-15,6164
1514,亞力,48,29,19,中國信託-文心,2023-12-15,6164
3231,緯創,40,21,19,中國信託-文心,2023-12-15,6164
2481,強茂,41,23,18,中國信託-文心,2023-12-15,6164
5426,振發,30,13,17,中國信託-文心,2023-12-15,6164
00795B,中信美國公債20年,16,0,16,中國信託-文心,2023-12-15,6164
2382,廣達,17,1,16,中國信託-文心,2023-12-15,6164
1215,卜蜂,22,6,16,中國信託-文心,2023-12-15,6164
8467,波力-KY,15,0,15,中國信託-文心,2023-12-15,6164
1609,大亞,20,5,15,中國信託-文心,2023-12-15,6164
00929,復華台灣科技優息,812,338,474,中國信託-文心,2023-12-18,6164
00919,群益台灣精選高息,502,39,463,中國信託-文心,2023-12-18,6164
00680L,元大美債20正2,452,51,401,中國信託-文心,2023-12-18,6164
2356,英業達,392,111,281,中國信託-文心,2023-12-18,6164
2913,農林,280,12,268,中國信託-文心,2023-12-18,6164
00720B,元大投資級公司債,256,0,256,中國信託-文心,2023-12-18,6164
00712,復華富時不動產,194,45,149,中國信託-文心,2023-12-18,6164
2515,中工,250,108,142,中國信託-文心,2023-12-18,6164
2002,中鋼,173,36,137,中國信託-文心,2023-12-18,6164
00687B,國泰20年美債,166,31,135,中國信託-文心,2023-12-18,6164
00934,中信成長高股息,135,4,131,中國信託-文心,2023-12-18,6164
00882,中信中國高股息,135,12,123,中國信託-文心,2023-12-18,6164
00888,永豐台灣ESG,101,0,101,中國信託-文心,2023-12-18,6164
00706L,期元大S＆P日圓正2,100,0,100,中國信託-文心,2023-12-18,6164
2409,友達,109,18,91,中國信託-文心,2023-12-18,6164
00688L,國泰20年美債正2,190,103,87,中國信託-文心,2023-12-18,6164
5011,久陽,86,2,84,中國信託-文心,2023-12-18,6164
00937B,群益ESG投等債20,180,97,83,中國信託-文心,2023-12-18,6164
1314,中石化,57,0,57,中國信託-文心,2023-12-18,6164
00918,大華優利高填息30,56,0,56,中國信託-文心,2023-12-18,6164
00679B,元大美債20年,115,61,54,中國信託-文心,2023-12-18,6164
3037,欣興,56,2,54,中國信託-文心,2023-12-18,6164
2520,冠德,50,1,49,中國信託-文心,2023-12-18,6164
2618,長榮航,91,49,42,中國信託-文心,2023-12-18,6164
2014,中鴻,274,234,40,中國信託-文心,2023-12-18,6164
8011,台通,52,15,37,中國信託-文心,2023-12-18,6164
00933B,國泰10Y+金融債,41,10,31,中國信託-文心,2023-12-18,6164
2809,京城銀,30,0,30,中國信託-文心,2023-12-18,6164
1319,東陽,49,20,29,中國信託-文心,2023-12-18,6164
3339,泰谷,30,2,28,中國信託-文心,2023-12-18,6164
3363,上詮,27,0,27,中國信託-文心,2023-12-18,6164
2427,三商電,27,0,27,中國信託-文心,2023-12-18,6164
00751B,元大AAA至A公司債,26,1,25,中國信託-文心,2023-12-18,6164
911868,同方友友-DR,25,0,25,中國信託-文心,2023-12-18,6164
1584,精剛,27,3,24,中國信託-文心,2023-12-18,6164
1312,國喬,24,0,24,中國信託-文心,2023-12-18,6164
2405,輔信,22,0,22,中國信託-文心,2023-12-18,6164
2457,飛宏,21,0,21,中國信託-文心,2023-12-18,6164
2634,漢翔,22,1,21,中國信託-文心,2023-12-18,6164
2312,金寶,21,1,20,中國信託-文心,2023-12-18,6164
00637L,元大滬深300正2,26,6,20,中國信託-文心,2023-12-18,6164
2034,允強,20,0,20,中國信託-文心,2023-12-18,6164
3548,兆利,38,19,19,中國信託-文心,2023-12-18,6164
6182,合晶,24,6,18,中國信託-文心,2023-12-18,6164
2505,國揚,19,1,18,中國信託-文心,2023-12-18,6164
3032,偉訓,19,1,18,中國信託-文心,2023-12-18,6164
2605,新興,39,22,17,中國信託-文心,2023-12-18,6164
3006,晶豪科,54,37,17,中國信託-文心,2023-12-18,6164
5210,寶碩,19,3,16,中國信託-文心,2023-12-18,6164
5425,台半,25,10,15,中國信託-文心,2023-12-18,6164
00919,群益台灣精選高息,408,96,312,中國信託-文心,2023-12-19,6164
00929,復華台灣科技優息,701,398,303,中國信託-文心,2023-12-19,6164
00720B,元大投資級公司債,257,5,252,中國信託-文心,2023-12-19,6164
2609,陽明,396,254,142,中國信託-文心,2023-12-19,6164
00688L,國泰20年美債正2,147,25,122,中國信託-文心,2023-12-19,6164
00934,中信成長高股息,113,19,94,中國信託-文心,2023-12-19,6164
2002,中鋼,129,48,81,中國信託-文心,2023-12-19,6164
00679B,元大美債20年,101,28,73,中國信託-文心,2023-12-19,6164
00882,中信中國高股息,68,1,67,中國信託-文心,2023-12-19,6164
3037,欣興,66,1,65,中國信託-文心,2023-12-19,6164
00706L,期元大S＆P日圓正2,61,0,61,中國信託-文心,2023-12-19,6164
0056,元大高股息,70,15,55,中國信託-文心,2023-12-19,6164
00937B,群益ESG投等債20,81,28,53,中國信託-文心,2023-12-19,6164
2610,華航,54,8,46,中國信託-文心,2023-12-19,6164
00795B,中信美國公債20年,45,1,44,中國信託-文心,2023-12-19,6164
1605,華新,49,7,42,中國信託-文心,2023-12-19,6164
2888,新光金,41,0,41,中國信託-文心,2023-12-19,6164
00751B,元大AAA至A公司債,39,0,39,中國信託-文心,2023-12-19,6164
2618,長榮航,50,12,38,中國信託-文心,2023-12-19,6164
9103,美德醫療-DR,36,0,36,中國信託-文心,2023-12-19,6164
00933B,國泰10Y+金融債,45,11,34,中國信託-文心,2023-12-19,6164
2303,聯電,47,13,34,中國信託-文心,2023-12-19,6164
2105,正新,45,11,34,中國信託-文心,2023-12-19,6164
2409,友達,106,75,31,中國信託-文心,2023-12-19,6164
2344,華邦電,44,15,29,中國信託-文心,2023-12-19,6164
2356,英業達,156,128,28,中國信託-文心,2023-12-19,6164
00893,國泰智能電動車,30,4,26,中國信託-文心,2023-12-19,6164
00772B,中信高評級公司債,36,10,26,中國信託-文心,2023-12-19,6164
3339,泰谷,25,0,25,中國信託-文心,2023-12-19,6164
6284,佳邦,26,1,25,中國信託-文心,2023-12-19,6164
00935,野村臺灣新科技50,24,0,24,中國信託-文心,2023-12-19,6164
2887,台新金,24,0,24,中國信託-文心,2023-12-19,6164
3264,欣銓,37,14,23,中國信託-文心,2023-12-19,6164
2352,佳世達,27,5,22,中國信託-文心,2023-12-19,6164
00907,永豐優息存股,22,0,22,中國信託-文心,2023-12-19,6164
2530,華建,25,3,22,中國信託-文心,2023-12-19,6164
6164,華興,22,0,22,中國信託-文心,2023-12-19,6164
00713,元大台灣高息低波,23,3,20,中國信託-文心,2023-12-19,6164
6229,研通,20,0,20,中國信託-文心,2023-12-19,6164
1312,國喬,19,0,19,中國信託-文心,2023-12-19,6164
00712,復華富時不動產,133,115,18,中國信託-文心,2023-12-19,6164
3306,鼎天,19,2,17,中國信託-文心,2023-12-19,6164
2867,三商壽,17,0,17,中國信託-文心,2023-12-19,6164
00637L,元大滬深300正2,26,9,17,中國信託-文心,2023-12-19,6164
2634,漢翔,21,4,17,中國信託-文心,2023-12-19,6164
5355,佳總,16,0,16,中國信託-文心,2023-12-19,6164
00687B,國泰20年美債,115,99,16,中國信託-文心,2023-12-19,6164
3231,緯創,38,23,15,中國信託-文心,2023-12-19,6164
2485,兆赫,15,0,15,中國信託-文心,2023-12-19,6164
4967,十銓,21,6,15,中國信託-文心,2023-12-19,6164
00720B,元大投資級公司債,312,1,311,中國信託-文心,2023-12-20,6164
00632R,元大台灣50反1,267,54,213,中國信託-文心,2023-12-20,6164
00929,復華台灣科技優息,204,37,167,中國信託-文心,2023-12-20,6164
00919,群益台灣精選高息,198,35,163,中國信託-文心,2023-12-20,6164
00932,兆豐永續高息等權,121,0,121,中國信託-文心,2023-12-20,6164
8096,擎亞,131,22,109,中國信託-文心,2023-12-20,6164
00937B,群益ESG投等債20,102,1,101,中國信託-文心,2023-12-20,6164
9935,慶豐富,85,1,84,中國信託-文心,2023-12-20,6164
00893,國泰智能電動車,84,2,82,中國信託-文心,2023-12-20,6164
2891,中信金,87,8,79,中國信託-文心,2023-12-20,6164
00933B,國泰10Y+金融債,62,2,60,中國信託-文心,2023-12-20,6164
00934,中信成長高股息,56,3,53,中國信託-文心,2023-12-20,6164
1312,國喬,47,1,46,中國信託-文心,2023-12-20,6164
5521,工信,330,285,45,中國信託-文心,2023-12-20,6164
2023,燁輝,45,2,43,中國信託-文心,2023-12-20,6164
4162,智擎,40,0,40,中國信託-文心,2023-12-20,6164
2356,英業達,280,241,39,中國信託-文心,2023-12-20,6164
00687B,國泰20年美債,93,55,38,中國信託-文心,2023-12-20,6164
4303,信立,34,0,34,中國信託-文心,2023-12-20,6164
3264,欣銓,33,1,32,中國信託-文心,2023-12-20,6164
2603,長榮,71,39,32,中國信託-文心,2023-12-20,6164
2892,第一金,31,1,30,中國信託-文心,2023-12-20,6164
3521,鴻翊,24,1,23,中國信託-文心,2023-12-20,6164
5452,佶優,24,2,22,中國信託-文心,2023-12-20,6164
2801,彰銀,22,0,22,中國信託-文心,2023-12-20,6164
4934,太極,21,0,21,中國信託-文心,2023-12-20,6164
2105,正新,25,5,20,中國信託-文心,2023-12-20,6164
2882,國泰金,19,0,19,中國信託-文心,2023-12-20,6164
1504,東元,20,1,19,中國信託-文心,2023-12-20,6164
6147,頎邦,24,5,19,中國信託-文心,2023-12-20,6164
3548,兆利,42,25,17,中國信託-文心,2023-12-20,6164
00931B,統一美債20年,23,6,17,中國信託-文心,2023-12-20,6164
3322,建舜電,18,1,17,中國信託-文心,2023-12-20,6164
1524,耿鼎,20,4,16,中國信託-文心,2023-12-20,6164
1532,勤美,15,0,15,中國信託-文心,2023-12-20,6164
2601,益航,15,0,15,中國信託-文心,2023-12-20,6164
5880,合庫金,16,2,14,中國信託-文心,2023-12-20,6164
00637L,元大滬深300正2,14,0,14,中國信託-文心,2023-12-20,6164
2323,中環,16,2,14,中國信託-文心,2023-12-20,6164
00935,野村臺灣新科技50,15,2,13,中國信託-文心,2023-12-20,6164
2201,裕隆,12,0,12,中國信託-文心,2023-12-20,6164
00918,大華優利高填息30,22,11,11,中國信託-文心,2023-12-20,6164
2888,新光金,12,1,11,中國信託-文心,2023-12-20,6164
8011,台通,28,17,11,中國信託-文心,2023-12-20,6164
1314,中石化,12,1,11,中國信託-文心,2023-12-20,6164
00772B,中信高評級公司債,11,0,11,中國信託-文心,2023-12-20,6164
3450,聯鈞,12,2,10,中國信託-文心,2023-12-20,6164
00936,台新永續高息中小,13,3,10,中國信託-文心,2023-12-20,6164
2303,聯電,12,2,10,中國信託-文心,2023-12-20,6164
1591,駿吉-KY,10,0,10,中國信託-文心,2023-12-20,6164
00919,群益台灣精選高息,331,5,326,中國信託-文心,2023-12-21,6164
2891,中信金,239,8,231,中國信託-文心,2023-12-21,6164
00929,復華台灣科技優息,223,4,219,中國信託-文心,2023-12-21,6164
00687B,國泰20年美債,234,47,187,中國信託-文心,2023-12-21,6164
00937B,群益ESG投等債20,164,2,162,中國信託-文心,2023-12-21,6164
00679B,元大美債20年,162,6,156,中國信託-文心,2023-12-21,6164
00720B,元大投資級公司債,290,141,149,中國信託-文心,2023-12-21,6164
2515,中工,558,445,113,中國信託-文心,2023-12-21,6164
9105,泰金寶-DR,305,202,103,中國信託-文心,2023-12-21,6164
00632R,元大台灣50反1,96,5,91,中國信託-文心,2023-12-21,6164
00882,中信中國高股息,92,1,91,中國信託-文心,2023-12-21,6164
2105,正新,86,3,83,中國信託-文心,2023-12-21,6164
00878,國泰永續高股息,86,11,75,中國信託-文心,2023-12-21,6164
00764B,群益25年美債,75,0,75,中國信託-文心,2023-12-21,6164
2303,聯電,61,4,57,中國信託-文心,2023-12-21,6164
00933B,國泰10Y+金融債,53,2,51,中國信託-文心,2023-12-21,6164
5457,宣德,50,2,48,中國信託-文心,2023-12-21,6164
2323,中環,59,15,44,中國信託-文心,2023-12-21,6164
00932,兆豐永續高息等權,42,0,42,中國信託-文心,2023-12-21,6164
8011,台通,41,3,38,中國信託-文心,2023-12-21,6164
2312,金寶,36,1,35,中國信託-文心,2023-12-21,6164
3035,智原,58,23,35,中國信託-文心,2023-12-21,6164
2014,中鴻,83,49,34,中國信託-文心,2023-12-21,6164
2402,毅嘉,32,6,26,中國信託-文心,2023-12-21,6164
2002,中鋼,32,6,26,中國信託-文心,2023-12-21,6164
3339,泰谷,25,0,25,中國信託-文心,2023-12-21,6164
2641,正德,54,33,21,中國信託-文心,2023-12-21,6164
6164,華興,32,11,21,中國信託-文心,2023-12-21,6164
1515,力山,21,1,20,中國信託-文心,2023-12-21,6164
8068,全達,20,0,20,中國信託-文心,2023-12-21,6164
2023,燁輝,32,13,19,中國信託-文心,2023-12-21,6164
00935,野村臺灣新科技50,19,0,19,中國信託-文心,2023-12-21,6164
3034,聯詠,19,1,18,中國信託-文心,2023-12-21,6164
5426,振發,20,3,17,中國信託-文心,2023-12-21,6164
6133,金橋,17,0,17,中國信託-文心,2023-12-21,6164
3264,欣銓,25,10,15,中國信託-文心,2023-12-21,6164
2634,漢翔,26,11,15,中國信託-文心,2023-12-21,6164
2025,千興,15,0,15,中國信託-文心,2023-12-21,6164
3522,御嵿,15,0,15,中國信託-文心,2023-12-21,6164
00915,凱基優選高股息30,24,10,14,中國信託-文心,2023-12-21,6164
2882,國泰金,14,0,14,中國信託-文心,2023-12-21,6164
1325,恆大,69,55,14,中國信託-文心,2023-12-21,6164
0056,元大高股息,56,42,14,中國信託-文心,2023-12-21,6164
6235,華孚,17,4,13,中國信託-文心,2023-12-21,6164
2838,聯邦銀,13,0,13,中國信託-文心,2023-12-21,6164
1732,毛寶,142,129,13,中國信託-文心,2023-12-21,6164
9904,寶成,13,0,13,中國信託-文心,2023-12-21,6164
00923,群益台ESG低碳50,13,0,13,中國信託-文心,2023-12-21,6164
2606,裕民,18,6,12,中國信託-文心,2023-12-21,6164
5011,久陽,16,4,12,中國信託-文心,2023-12-21,6164
00937B,群益ESG投等債20,271,0,271,中國信託-文心,2023-12-22,6164
2906,高林,246,0,246,中國信託-文心,2023-12-22,6164
00720B,元大投資級公司債,209,25,184,中國信託-文心,2023-12-22,6164
00753L,中信中國50正2,189,10,179,中國信託-文心,2023-12-22,6164
00688L,國泰20年美債正2,163,25,138,中國信託-文心,2023-12-22,6164
00687B,國泰20年美債,121,12,109,中國信託-文心,2023-12-22,6164
00680L,元大美債20正2,303,224,79,中國信託-文心,2023-12-22,6164
2105,正新,90,27,63,中國信託-文心,2023-12-22,6164
00929,復華台灣科技優息,71,13,58,中國信託-文心,2023-12-22,6164
00664R,國泰臺灣加權反1,57,0,57,中國信託-文心,2023-12-22,6164
2344,華邦電,157,102,55,中國信託-文心,2023-12-22,6164
8096,擎亞,76,26,50,中國信託-文心,2023-12-22,6164
00751B,元大AAA至A公司債,49,0,49,中國信託-文心,2023-12-22,6164
1314,中石化,70,22,48,中國信託-文心,2023-12-22,6164
1584,精剛,46,2,44,中國信託-文心,2023-12-22,6164
00934,中信成長高股息,42,1,41,中國信託-文心,2023-12-22,6164
6285,啟��,41,3,38,中國信託-文心,2023-12-22,6164
00919,群益台灣精選高息,96,59,37,中國信託-文心,2023-12-22,6164
00679B,元大美債20年,58,27,31,中國信託-文心,2023-12-22,6164
00665L,富邦�琤肭磪囓�2,35,7,28,中國信託-文心,2023-12-22,6164
3006,晶豪科,63,35,28,中國信託-文心,2023-12-22,6164
3706,神達,46,19,27,中國信託-文心,2023-12-22,6164
9910,豐泰,25,0,25,中國信託-文心,2023-12-22,6164
5469,瀚宇博,26,2,24,中國信託-文心,2023-12-22,6164
6550,北極星藥業-KY,53,30,23,中國信託-文心,2023-12-22,6164
1905,華紙,21,0,21,中國信託-文心,2023-12-22,6164
3231,緯創,37,17,20,中國信託-文心,2023-12-22,6164
00674R,期元大S＆P黃金反1,20,0,20,中國信託-文心,2023-12-22,6164
5534,長虹,20,0,20,中國信託-文心,2023-12-22,6164
5426,振發,20,3,17,中國信託-文心,2023-12-22,6164
1312,國喬,17,0,17,中國信託-文心,2023-12-22,6164
00637L,元大滬深300正2,20,4,16,中國信託-文心,2023-12-22,6164
2882,國泰金,16,0,16,中國信託-文心,2023-12-22,6164
00902,中信電池及儲能,15,0,15,中國信託-文心,2023-12-22,6164
2891,中信金,18,3,15,中國信託-文心,2023-12-22,6164
2405,輔信,15,0,15,中國信託-文心,2023-12-22,6164
2530,華建,15,0,15,中國信託-文心,2023-12-22,6164
2605,新興,21,6,15,中國信託-文心,2023-12-22,6164
1514,亞力,44,30,14,中國信託-文心,2023-12-22,6164
2201,裕隆,14,0,14,中國信託-文心,2023-12-22,6164
00795B,中信美國公債20年,20,7,13,中國信託-文心,2023-12-22,6164
00752,中信中國50,13,0,13,中國信託-文心,2023-12-22,6164
2313,華通,33,20,13,中國信託-文心,2023-12-22,6164
4979,華星光,46,34,12,中國信託-文心,2023-12-22,6164
4967,十銓,23,11,12,中國信託-文心,2023-12-22,6164
2886,兆豐金,13,1,12,中國信託-文心,2023-12-22,6164
00772B,中信高評級公司債,36,25,11,中國信託-文心,2023-12-22,6164
6284,佳邦,11,0,11,中國信託-文心,2023-12-22,6164
2355,敬鵬,96,85,11,中國信託-文心,2023-12-22,6164
6432,今展科,11,0,11,中國信託-文心,2023-12-22,6164
00919,群益台灣精選高息,373,15,358,中國信託-文心,2023-12-25,6164
00720B,元大投資級公司債,260,0,260,中國信託-文心,2023-12-25,6164
00688L,國泰20年美債正2,154,0,154,中國信託-文心,2023-12-25,6164
2609,陽明,406,291,115,中國信託-文心,2023-12-25,6164
00632R,元大台灣50反1,104,0,104,中國信託-文心,2023-12-25,6164
00680L,元大美債20正2,121,17,104,中國信託-文心,2023-12-25,6164
00929,復華台灣科技優息,104,11,93,中國信託-文心,2023-12-25,6164
00937B,群益ESG投等債20,109,26,83,中國信託-文心,2023-12-25,6164
00687B,國泰20年美債,67,2,65,中國信託-文心,2023-12-25,6164
00712,復華富時不動產,61,3,58,中國信託-文心,2023-12-25,6164
1337,再生-KY,54,0,54,中國信託-文心,2023-12-25,6164
1701,中化,50,0,50,中國信託-文心,2023-12-25,6164
2610,華航,119,71,48,中國信託-文心,2023-12-25,6164
6117,迎廣,186,139,47,中國信託-文心,2023-12-25,6164
00772B,中信高評級公司債,55,11,44,中國信託-文心,2023-12-25,6164
1471,首利,55,15,40,中國信託-文心,2023-12-25,6164
2412,中華電,38,0,38,中國信託-文心,2023-12-25,6164
5009,榮剛,53,15,38,中國信託-文心,2023-12-25,6164
00888,永豐台灣ESG,51,13,38,中國信託-文心,2023-12-25,6164
2023,燁輝,40,3,37,中國信託-文心,2023-12-25,6164
2324,仁寶,205,168,37,中國信託-文心,2023-12-25,6164
00934,中信成長高股息,45,12,33,中國信託-文心,2023-12-25,6164
2906,高林,33,0,33,中國信託-文心,2023-12-25,6164
2303,聯電,42,13,29,中國信託-文心,2023-12-25,6164
00900,富邦特選高股息30,42,13,29,中國信託-文心,2023-12-25,6164
2421,建準,51,23,28,中國信託-文心,2023-12-25,6164
00751B,元大AAA至A公司債,27,0,27,中國信託-文心,2023-12-25,6164
3521,鴻翊,27,1,26,中國信託-文心,2023-12-25,6164
2615,萬海,77,51,26,中國信託-文心,2023-12-25,6164
3264,欣銓,26,2,24,中國信託-文心,2023-12-25,6164
2516,新建,24,0,24,中國信託-文心,2023-12-25,6164
8410,森田,34,10,24,中國信託-文心,2023-12-25,6164
00933B,國泰10Y+金融債,40,18,22,中國信託-文心,2023-12-25,6164
6139,亞翔,28,7,21,中國信託-文心,2023-12-25,6164
00642U,期元大S＆P石油,21,0,21,中國信託-文心,2023-12-25,6164
00715L,期街口布蘭特正2,36,15,21,中國信託-文心,2023-12-25,6164
3339,泰谷,20,0,20,中國信託-文心,2023-12-25,6164
6104,創惟,24,4,20,中國信託-文心,2023-12-25,6164
2356,英業達,146,126,20,中國信託-文心,2023-12-25,6164
00923,群益台ESG低碳50,21,1,20,中國信託-文心,2023-12-25,6164
5521,工信,37,18,19,中國信託-文心,2023-12-25,6164
4960,誠美材,19,0,19,中國信託-文心,2023-12-25,6164
8092,建暐,20,1,19,中國信託-文心,2023-12-25,6164
1514,亞力,47,29,18,中國信託-文心,2023-12-25,6164
8103,瀚荃,18,0,18,中國信託-文心,2023-12-25,6164
2605,新興,28,10,18,中國信託-文心,2023-12-25,6164
2736,富野,16,0,16,中國信託-文心,2023-12-25,6164
8096,擎亞,78,63,15,中國信託-文心,2023-12-25,6164
3680,家登,15,1,14,中國信託-文心,2023-12-25,6164
6669,緯穎,18,4,14,中國信託-文心,2023-12-25,6164
00720B,元大投資級公司債,141,1,140,中國信託-文心,2023-12-26,6164
4979,華星光,136,7,129,中國信託-文心,2023-12-26,6164
2515,中工,120,18,102,中國信託-文心,2023-12-26,6164
00687B,國泰20年美債,102,16,86,中國信託-文心,2023-12-26,6164
2516,新建,101,25,76,中國信託-文心,2023-12-26,6164
00937B,群益ESG投等債20,75,6,69,中國信託-文心,2023-12-26,6164
00632R,元大台灣50反1,74,8,66,中國信託-文心,2023-12-26,6164
2356,英業達,154,94,60,中國信託-文心,2023-12-26,6164
00679B,元大美債20年,59,3,56,中國信託-文心,2023-12-26,6164
6164,華興,55,0,55,中國信託-文心,2023-12-26,6164
1314,中石化,50,0,50,中國信託-文心,2023-12-26,6164
00688L,國泰20年美債正2,47,0,47,中國信託-文心,2023-12-26,6164
00933B,國泰10Y+金融債,44,0,44,中國信託-文心,2023-12-26,6164
2405,輔信,137,93,44,中國信託-文心,2023-12-26,6164
00934,中信成長高股息,51,12,39,中國信託-文心,2023-12-26,6164
2605,新興,53,15,38,中國信託-文心,2023-12-26,6164
8105,凌巨,36,0,36,中國信託-文心,2023-12-26,6164
2888,新光金,63,29,34,中國信託-文心,2023-12-26,6164
2352,佳世達,38,4,34,中國信託-文心,2023-12-26,6164
2906,高林,33,0,33,中國信託-文心,2023-12-26,6164
3211,順達,32,1,31,中國信託-文心,2023-12-26,6164
2610,華航,39,13,26,中國信託-文心,2023-12-26,6164
00919,群益台灣精選高息,86,60,26,中國信託-文心,2023-12-26,6164
00706L,期元大S＆P日圓正2,30,5,25,中國信託-文心,2023-12-26,6164
2443,昶虹,25,0,25,中國信託-文心,2023-12-26,6164
00795B,中信美國公債20年,23,0,23,中國信託-文心,2023-12-26,6164
00680L,元大美債20正2,38,15,23,中國信託-文心,2023-12-26,6164
4102,永日,21,0,21,中國信託-文心,2023-12-26,6164
3515,華擎,22,1,21,中國信託-文心,2023-12-26,6164
4162,智擎,50,33,17,中國信託-文心,2023-12-26,6164
3521,鴻翊,29,12,17,中國信託-文心,2023-12-26,6164
2204,中華,31,14,17,中國信託-文心,2023-12-26,6164
4909,新復興,26,10,16,中國信託-文心,2023-12-26,6164
3231,緯創,88,74,14,中國信託-文心,2023-12-26,6164
5009,榮剛,16,2,14,中國信託-文心,2023-12-26,6164
8088,品安,20,6,14,中國信託-文心,2023-12-26,6164
2032,新鋼,18,4,14,中國信託-文心,2023-12-26,6164
00882,中信中國高股息,13,0,13,中國信託-文心,2023-12-26,6164
5302,太欣,12,0,12,中國信託-文心,2023-12-26,6164
6104,創惟,14,2,12,中國信託-文心,2023-12-26,6164
00915,凱基優選高股息30,12,0,12,中國信託-文心,2023-12-26,6164
00722B,群益投資級電信債,11,0,11,中國信託-文心,2023-12-26,6164
3264,欣銓,11,0,11,中國信託-文心,2023-12-26,6164
1337,再生-KY,12,1,11,中國信託-文心,2023-12-26,6164
2201,裕隆,11,0,11,中國信託-文心,2023-12-26,6164
7402,邑錡,11,0,11,中國信託-文心,2023-12-26,6164
1598,岱宇,11,0,11,中國信託-文心,2023-12-26,6164
8473,山林水,11,0,11,中國信託-文心,2023-12-26,6164
5425,台半,14,3,11,中國信託-文心,2023-12-26,6164
8935,邦泰,10,0,10,中國信託-文心,2023-12-26,6164
00632R,元大台灣50反1,756,1,755,中國信託-文心,2023-12-27,6164
00937B,群益ESG投等債20,637,0,637,中國信託-文心,2023-12-27,6164
00919,群益台灣精選高息,190,21,169,中國信託-文心,2023-12-27,6164
00929,復華台灣科技優息,181,27,154,中國信託-文心,2023-12-27,6164
00720B,元大投資級公司債,137,7,130,中國信託-文心,2023-12-27,6164
00688L,國泰20年美債正2,73,0,73,中國信託-文心,2023-12-27,6164
00935,野村臺灣新科技50,106,42,64,中國信託-文心,2023-12-27,6164
00679B,元大美債20年,64,6,58,中國信託-文心,2023-12-27,6164
00772B,中信高評級公司債,52,0,52,中國信託-文心,2023-12-27,6164
00882,中信中國高股息,41,3,38,中國信託-文心,2023-12-27,6164
2313,華通,44,9,35,中國信託-文心,2023-12-27,6164
3706,神達,123,93,30,中國信託-文心,2023-12-27,6164
4414,如興,30,0,30,中國信託-文心,2023-12-27,6164
00664R,國泰臺灣加權反1,30,0,30,中國信託-文心,2023-12-27,6164
2363,矽統,46,17,29,中國信託-文心,2023-12-27,6164
00680L,元大美債20正2,57,30,27,中國信託-文心,2023-12-27,6164
9955,佳龍,26,0,26,中國信託-文心,2023-12-27,6164
4720,德淵,25,0,25,中國信託-文心,2023-12-27,6164
1733,五鼎,132,107,25,中國信託-文心,2023-12-27,6164
5011,久陽,32,9,23,中國信託-文心,2023-12-27,6164
2208,台船,23,0,23,中國信託-文心,2023-12-27,6164
2618,長榮航,39,17,22,中國信託-文心,2023-12-27,6164
4979,華星光,41,21,20,中國信託-文心,2023-12-27,6164
6116,彩晶,44,24,20,中國信託-文心,2023-12-27,6164
8091,翔名,20,1,19,中國信託-文心,2023-12-27,6164
00673R,期元大S＆P原油反1,18,0,18,中國信託-文心,2023-12-27,6164
2515,中工,326,308,18,中國信託-文心,2023-12-27,6164
8050,廣積,23,6,17,中國信託-文心,2023-12-27,6164
2382,廣達,21,5,16,中國信託-文心,2023-12-27,6164
5425,台半,18,2,16,中國信託-文心,2023-12-27,6164
00687B,國泰20年美債,46,31,15,中國信託-文心,2023-12-27,6164
2329,華泰,18,3,15,中國信託-文心,2023-12-27,6164
5210,寶碩,15,0,15,中國信託-文心,2023-12-27,6164
2439,美律,25,10,15,中國信託-文心,2023-12-27,6164
8043,蜜望實,15,0,15,中國信託-文心,2023-12-27,6164
00931B,統一美債20年,15,0,15,中國信託-文心,2023-12-27,6164
3047,訊舟,15,0,15,中國信託-文心,2023-12-27,6164
2812,台中銀,26,11,15,中國信託-文心,2023-12-27,6164
3231,緯創,67,53,14,中國信託-文心,2023-12-27,6164
3308,聯德,14,0,14,中國信託-文心,2023-12-27,6164
1802,台玻,15,1,14,中國信託-文心,2023-12-27,6164
00751B,元大AAA至A公司債,14,0,14,中國信託-文心,2023-12-27,6164
4155,訊映,13,0,13,中國信託-文心,2023-12-27,6164
2883,凱基金,21,9,12,中國信託-文心,2023-12-27,6164
6122,擎邦,12,0,12,中國信託-文心,2023-12-27,6164
2906,高林,11,0,11,中國信託-文心,2023-12-27,6164
5439,高技,17,6,11,中國信託-文心,2023-12-27,6164
00669R,國泰美國道瓊反1,10,0,10,中國信託-文心,2023-12-27,6164
2477,美隆電,10,0,10,中國信託-文心,2023-12-27,6164
6164,華興,10,0,10,中國信託-文心,2023-12-27,6164
00919,群益台灣精選高息,322,21,301,中國信託-文心,2023-12-28,6164
00688L,國泰20年美債正2,230,4,226,中國信託-文心,2023-12-28,6164
00937B,群益ESG投等債20,214,14,200,中國信託-文心,2023-12-28,6164
00929,復華台灣科技優息,156,20,136,中國信託-文心,2023-12-28,6164
2888,新光金,113,2,111,中國信託-文心,2023-12-28,6164
00632R,元大台灣50反1,94,1,93,中國信託-文心,2023-12-28,6164
00637L,元大滬深300正2,132,48,84,中國信託-文心,2023-12-28,6164
00934,中信成長高股息,143,60,83,中國信託-文心,2023-12-28,6164
00720B,元大投資級公司債,81,3,78,中國信託-文心,2023-12-28,6164
00669R,國泰美國道瓊反1,64,0,64,中國信託-文心,2023-12-28,6164
00679B,元大美債20年,54,13,41,中國信託-文心,2023-12-28,6164
2617,台航,40,0,40,中國信託-文心,2023-12-28,6164
2331,精英,91,51,40,中國信託-文心,2023-12-28,6164
00712,復華富時不動產,40,1,39,中國信託-文心,2023-12-28,6164
00715L,期街口布蘭特正2,40,3,37,中國信託-文心,2023-12-28,6164
6188,廣明,46,10,36,中國信託-文心,2023-12-28,6164
3231,緯創,75,43,32,中國信託-文心,2023-12-28,6164
1733,五鼎,32,0,32,中國信託-文心,2023-12-28,6164
2641,正德,33,1,32,中國信託-文心,2023-12-28,6164
2618,長榮航,42,11,31,中國信託-文心,2023-12-28,6164
2609,陽明,132,102,30,中國信託-文心,2023-12-28,6164
8096,擎亞,248,219,29,中國信託-文心,2023-12-28,6164
1101,台泥,29,0,29,中國信託-文心,2023-12-28,6164
00935,野村臺灣新科技50,28,0,28,中國信託-文心,2023-12-28,6164
2324,仁寶,85,58,27,中國信託-文心,2023-12-28,6164
00933B,國泰10Y+金融債,26,0,26,中國信託-文心,2023-12-28,6164
2353,宏��,272,248,24,中國信託-文心,2023-12-28,6164
1215,卜蜂,24,0,24,中國信託-文心,2023-12-28,6164
3339,泰谷,24,0,24,中國信託-文心,2023-12-28,6164
00891,中信關鍵半導體,34,11,23,中國信託-文心,2023-12-28,6164
00772B,中信高評級公司債,27,5,22,中國信託-文心,2023-12-28,6164
2303,聯電,145,123,22,中國信託-文心,2023-12-28,6164
0056,元大高股息,60,39,21,中國信託-文心,2023-12-28,6164
2368,金像電,23,3,20,中國信託-文心,2023-12-28,6164
5009,榮剛,21,1,20,中國信託-文心,2023-12-28,6164
2356,英業達,124,104,20,中國信託-文心,2023-12-28,6164
6442,光聖,22,3,19,中國信託-文心,2023-12-28,6164
2337,旺宏,32,13,19,中國信託-文心,2023-12-28,6164
4909,新復興,20,1,19,中國信託-文心,2023-12-28,6164
00923,群益台ESG低碳50,18,0,18,中國信託-文心,2023-12-28,6164
6213,聯茂,18,0,18,中國信託-文心,2023-12-28,6164
2027,大成鋼,16,0,16,中國信託-文心,2023-12-28,6164
6125,廣運,20,4,16,中國信託-文心,2023-12-28,6164
00773B,中信優先金融債,15,0,15,中國信託-文心,2023-12-28,6164
2107,厚生,16,1,15,中國信託-文心,2023-12-28,6164
00751B,元大AAA至A公司債,15,0,15,中國信託-文心,2023-12-28,6164
3521,鴻翊,15,0,15,中國信託-文心,2023-12-28,6164
6182,合晶,15,0,15,中國信託-文心,2023-12-28,6164
1312,國喬,15,0,15,中國信託-文心,2023-12-28,6164
8936,國統,27,13,14,中國信託-文心,2023-12-28,6164
00937B,群益ESG投等債20,529,5,524,中國信託-文心,2023-12-29,6164
00929,復華台灣科技優息,220,20,200,中國信託-文心,2023-12-29,6164
00680L,元大美債20正2,183,5,178,中國信託-文心,2023-12-29,6164
2355,敬鵬,123,6,117,中國信託-文心,2023-12-29,6164
00720B,元大投資級公司債,93,12,81,中國信託-文心,2023-12-29,6164
2906,高林,86,10,76,中國信託-文心,2023-12-29,6164
00919,群益台灣精選高息,122,50,72,中國信託-文心,2023-12-29,6164
00715L,期街口布蘭特正2,71,0,71,中國信託-文心,2023-12-29,6164
00632R,元大台灣50反1,83,14,69,中國信託-文心,2023-12-29,6164
00664R,國泰臺灣加權反1,60,0,60,中國信託-文心,2023-12-29,6164
2344,華邦電,118,67,51,中國信託-文心,2023-12-29,6164
00934,中信成長高股息,47,0,47,中國信託-文心,2023-12-29,6164
2883,凱基金,47,1,46,中國信託-文心,2023-12-29,6164
2337,旺宏,48,4,44,中國信託-文心,2023-12-29,6164
2353,宏��,123,79,44,中國信託-文心,2023-12-29,6164
1519,華城,64,23,41,中國信託-文心,2023-12-29,6164
2891,中信金,45,5,40,中國信託-文心,2023-12-29,6164
00935,野村臺灣新科技50,40,0,40,中國信託-文心,2023-12-29,6164
00882,中信中國高股息,44,6,38,中國信託-文心,2023-12-29,6164
00933B,國泰10Y+金融債,39,2,37,中國信託-文心,2023-12-29,6164
2609,陽明,71,39,32,中國信託-文心,2023-12-29,6164
4915,致伸,35,3,32,中國信託-文心,2023-12-29,6164
2201,裕隆,37,5,32,中國信託-文心,2023-12-29,6164
5302,太欣,32,0,32,中國信託-文心,2023-12-29,6164
5521,工信,77,46,31,中國信託-文心,2023-12-29,6164
00891,中信關鍵半導體,34,5,29,中國信託-文心,2023-12-29,6164
8034,榮群,25,0,25,中國信託-文心,2023-12-29,6164
8011,台通,36,14,22,中國信託-文心,2023-12-29,6164
00643,群益深証中小,22,0,22,中國信託-文心,2023-12-29,6164
00700,富邦�琤肭磪�,22,0,22,中國信託-文心,2023-12-29,6164
2486,一詮,63,42,21,中國信託-文心,2023-12-29,6164
2401,凌陽,21,1,20,中國信託-文心,2023-12-29,6164
1589,永冠-KY,20,0,20,中國信託-文心,2023-12-29,6164
3036,文曄,18,1,17,中國信託-文心,2023-12-29,6164
2367,燿華,32,16,16,中國信託-文心,2023-12-29,6164
5469,瀚宇博,19,4,15,中國信託-文心,2023-12-29,6164
00751B,元大AAA至A公司債,15,0,15,中國信託-文心,2023-12-29,6164
2610,華航,16,2,14,中國信託-文心,2023-12-29,6164
00772B,中信高評級公司債,14,0,14,中國信託-文心,2023-12-29,6164
3260,威剛,31,18,13,中國信託-文心,2023-12-29,6164
1503,士電,48,34,14,中國信託-文心,2023-12-29,6164
3548,兆利,38,25,13,中國信託-文心,2023-12-29,6164
00636,國泰中國A50,13,0,13,中國信託-文心,2023-12-29,6164
3390,旭軟,14,1,13,中國信託-文心,2023-12-29,6164
2393,億光,12,0,12,中國信託-文心,2023-12-29,6164
2107,厚生,12,0,12,中國信託-文心,2023-12-29,6164
006207,復華滬深,12,0,12,中國信託-文心,2023-12-29,6164
8112,至上,20,8,12,中國信託-文心,2023-12-29,6164
2492,華新科,11,0,11,中國信託-文心,2023-12-29,6164
00931B,統一美債20年,11,0,11,中國信託-文心,2023-12-29,6164
00937B,群益ESG投等債20,263,24,239,中國信託-文心,2024-01-02,6164
00919,群益台灣精選高息,231,9,222,中國信託-文心,2024-01-02,6164
00688L,國泰20年美債正2,184,9,175,中國信託-文心,2024-01-02,6164
00720B,元大投資級公司債,174,5,169,中國信託-文心,2024-01-02,6164
3231,緯創,166,70,96,中國信託-文心,2024-01-02,6164
00929,復華台灣科技優息,367,278,89,中國信託-文心,2024-01-02,6164
00680L,元大美債20正2,228,150,78,中國信託-文心,2024-01-02,6164
00712,復華富時不動產,214,141,73,中國信託-文心,2024-01-02,6164
00934,中信成長高股息,65,1,64,中國信託-文心,2024-01-02,6164
9945,潤泰新,59,3,56,中國信託-文心,2024-01-02,6164
2356,英業達,79,24,55,中國信託-文心,2024-01-02,6164
2382,廣達,65,12,53,中國信託-文心,2024-01-02,6164
0056,元大高股息,65,15,50,中國信託-文心,2024-01-02,6164
2515,中工,112,62,50,中國信託-文心,2024-01-02,6164
2014,中鴻,51,1,50,中國信託-文心,2024-01-02,6164
2419,仲琦,50,1,49,中國信託-文心,2024-01-02,6164
5457,宣德,50,1,49,中國信託-文心,2024-01-02,6164
00679B,元大美債20年,62,13,49,中國信託-文心,2024-01-02,6164
00891,中信關鍵半導體,47,0,47,中國信託-文心,2024-01-02,6164
00935,野村臺灣新科技50,46,0,46,中國信託-文心,2024-01-02,6164
00933B,國泰10Y+金融債,47,3,44,中國信託-文心,2024-01-02,6164
2609,陽明,209,171,38,中國信託-文心,2024-01-02,6164
00687B,國泰20年美債,52,14,38,中國信託-文心,2024-01-02,6164
00772B,中信高評級公司債,47,13,34,中國信託-文心,2024-01-02,6164
2458,義隆,31,0,31,中國信託-文心,2024-01-02,6164
00751B,元大AAA至A公司債,52,21,31,中國信託-文心,2024-01-02,6164
00878,國泰永續高股息,136,106,30,中國信託-文心,2024-01-02,6164
2352,佳世達,45,17,28,中國信託-文心,2024-01-02,6164
4961,天鈺,34,8,26,中國信託-文心,2024-01-02,6164
3706,神達,49,24,25,中國信託-文心,2024-01-02,6164
8410,森田,47,22,25,中國信託-文心,2024-01-02,6164
2889,國票金,27,3,24,中國信託-文心,2024-01-02,6164
00918,大華優利高填息30,28,5,23,中國信託-文心,2024-01-02,6164
00643,群益深証中小,22,0,22,中國信託-文心,2024-01-02,6164
00700,富邦�琤肭磪�,22,0,22,中國信託-文心,2024-01-02,6164
910861,神州-DR,20,0,20,中國信託-文心,2024-01-02,6164
00930,永豐ESG低碳高息,20,0,20,中國信託-文心,2024-01-02,6164
2367,燿華,32,13,19,中國信託-文心,2024-01-02,6164
2313,華通,28,10,18,中國信託-文心,2024-01-02,6164
8936,國統,18,0,18,中國信託-文心,2024-01-02,6164
1217,愛之味,21,4,17,中國信託-文心,2024-01-02,6164
2883,凱基金,31,16,15,中國信託-文心,2024-01-02,6164
8046,南電,15,0,15,中國信託-文心,2024-01-02,6164
2457,飛宏,20,5,15,中國信託-文心,2024-01-02,6164
8096,擎亞,25,11,14,中國信託-文心,2024-01-02,6164
00636,國泰中國A50,13,0,13,中國信託-文心,2024-01-02,6164
2882,國泰金,13,1,12,中國信託-文心,2024-01-02,6164
6163,華電網,19,7,12,中國信託-文心,2024-01-02,6164
006207,復華滬深,12,0,12,中國信託-文心,2024-01-02,6164
00637L,元大滬深300正2,12,0,12,中國信託-文心,2024-01-02,6164
00929,復華台灣科技優息,760,54,706,中國信託-文心,2024-01-03,6164
00919,群益台灣精選高息,327,50,277,中國信託-文心,2024-01-03,6164
2867,三商壽,162,5,157,中國信託-文心,2024-01-03,6164
00664R,國泰臺灣加權反1,140,0,140,中國信託-文心,2024-01-03,6164
2419,仲琦,139,0,139,中國信託-文心,2024-01-03,6164
2467,志聖,145,10,135,中國信託-文心,2024-01-03,6164
3339,泰谷,134,4,130,中國信託-文心,2024-01-03,6164
2515,中工,223,100,123,中國信託-文心,2024-01-03,6164
00918,大華優利高填息30,121,0,121,中國信託-文心,2024-01-03,6164
00934,中信成長高股息,131,18,113,中國信託-文心,2024-01-03,6164
0056,元大高股息,162,54,108,中國信託-文心,2024-01-03,6164
00937B,群益ESG投等債20,153,60,93,中國信託-文心,2024-01-03,6164
00935,野村臺灣新科技50,83,0,83,中國信託-文心,2024-01-03,6164
00882,中信中國高股息,136,60,76,中國信託-文心,2024-01-03,6164
00878,國泰永續高股息,218,146,72,中國信託-文心,2024-01-03,6164
00715L,期街口布蘭特正2,77,7,70,中國信託-文心,2024-01-03,6164
6142,友勁,70,0,70,中國信託-文心,2024-01-03,6164
00680L,元大美債20正2,71,3,68,中國信託-文心,2024-01-03,6164
9934,成霖,125,59,66,中國信託-文心,2024-01-03,6164
2353,宏��,150,87,63,中國信託-文心,2024-01-03,6164
2330,台積電,63,6,57,中國信託-文心,2024-01-03,6164
2610,華航,64,8,56,中國信託-文心,2024-01-03,6164
00927,群益半導體收益,53,0,53,中國信託-文心,2024-01-03,6164
00642U,期元大S＆P石油,51,0,51,中國信託-文心,2024-01-03,6164
00720B,元大投資級公司債,49,1,48,中國信託-文心,2024-01-03,6164
6695,芯鼎,110,67,43,中國信託-文心,2024-01-03,6164
4919,新唐,44,2,42,中國信託-文心,2024-01-03,6164
1609,大亞,66,24,42,中國信託-文心,2024-01-03,6164
2303,聯電,60,21,39,中國信託-文心,2024-01-03,6164
6163,華電網,45,6,39,中國信託-文心,2024-01-03,6164
3481,群創,39,2,37,中國信託-文心,2024-01-03,6164
3321,同泰,36,3,33,中國信託-文心,2024-01-03,6164
9945,潤泰新,33,0,33,中國信託-文心,2024-01-03,6164
5521,工信,62,29,33,中國信託-文心,2024-01-03,6164
8426,紅木-KY,32,0,32,中國信託-文心,2024-01-03,6164
2337,旺宏,38,6,32,中國信託-文心,2024-01-03,6164
6282,康舒,48,22,26,中國信託-文心,2024-01-03,6164
2887,台新金,26,0,26,中國信託-文心,2024-01-03,6164
2618,長榮航,111,86,25,中國信託-文心,2024-01-03,6164
00902,中信電池及儲能,25,0,25,中國信託-文心,2024-01-03,6164
00751B,元大AAA至A公司債,27,2,25,中國信託-文心,2024-01-03,6164
3715,定穎投控,23,1,22,中國信託-文心,2024-01-03,6164
4188,安克,20,1,19,中國信託-文心,2024-01-03,6164
00713,元大台灣高息低波,20,1,19,中國信託-文心,2024-01-03,6164
2723,美食-KY,33,15,18,中國信託-文心,2024-01-03,6164
2201,裕隆,25,8,17,中國信託-文心,2024-01-03,6164
6191,精成科,17,0,17,中國信託-文心,2024-01-03,6164
4128,中天,16,0,16,中國信託-文心,2024-01-03,6164
00892,富邦台灣半導體,15,0,15,中國信託-文心,2024-01-03,6164
2030,彰源,15,0,15,中國信託-文心,2024-01-03,6164
00929,復華台灣科技優息,550,288,262,中國信託-文心,2024-01-04,6164
00712,復華富時不動產,145,10,135,中國信託-文心,2024-01-04,6164
00680L,元大美債20正2,126,7,119,中國信託-文心,2024-01-04,6164
00893,國泰智能電動車,100,12,88,中國信託-文心,2024-01-04,6164
2883,凱基金,101,15,86,中國信託-文心,2024-01-04,6164
00927,群益半導體收益,87,1,86,中國信託-文心,2024-01-04,6164
3481,群創,121,40,81,中國信託-文心,2024-01-04,6164
00720B,元大投資級公司債,131,50,81,中國信託-文心,2024-01-04,6164
00937B,群益ESG投等債20,167,91,76,中國信託-文心,2024-01-04,6164
00882,中信中國高股息,86,19,67,中國信託-文心,2024-01-04,6164
00687B,國泰20年美債,60,2,58,中國信託-文心,2024-01-04,6164
2887,台新金,58,1,57,中國信託-文心,2024-01-04,6164
2002,中鋼,54,0,54,中國信託-文心,2024-01-04,6164
4167,松瑞藥,53,2,51,中國信託-文心,2024-01-04,6164
2208,台船,51,0,51,中國信託-文心,2024-01-04,6164
5009,榮剛,51,0,51,中國信託-文心,2024-01-04,6164
2303,聯電,64,13,51,中國信託-文心,2024-01-04,6164
8011,台通,45,0,45,中國信託-文心,2024-01-04,6164
00878,國泰永續高股息,69,25,44,中國信託-文心,2024-01-04,6164
2007,燁興,37,0,37,中國信託-文心,2024-01-04,6164
6125,廣運,37,2,35,中國信託-文心,2024-01-04,6164
00902,中信電池及儲能,35,1,34,中國信託-文心,2024-01-04,6164
3037,欣興,34,0,34,中國信託-文心,2024-01-04,6164
00934,中信成長高股息,33,0,33,中國信託-文心,2024-01-04,6164
2467,志聖,38,5,33,中國信託-文心,2024-01-04,6164
00933B,國泰10Y+金融債,35,5,30,中國信託-文心,2024-01-04,6164
00637L,元大滬深300正2,38,10,28,中國信託-文心,2024-01-04,6164
8088,品安,27,1,26,中國信託-文心,2024-01-04,6164
0056,元大高股息,75,53,22,中國信託-文心,2024-01-04,6164
2610,華航,30,8,22,中國信託-文心,2024-01-04,6164
2889,國票金,27,6,21,中國信託-文心,2024-01-04,6164
00900,富邦特選高股息30,20,0,20,中國信託-文心,2024-01-04,6164
2368,金像電,20,1,19,中國信託-文心,2024-01-04,6164
1584,精剛,20,1,19,中國信託-文心,2024-01-04,6164
2353,宏��,132,115,17,中國信託-文心,2024-01-04,6164
0050,元大台灣50,26,9,17,中國信託-文心,2024-01-04,6164
9935,慶豐富,18,2,16,中國信託-文心,2024-01-04,6164
3522,御嵿,15,0,15,中國信託-文心,2024-01-04,6164
9919,康那香,122,107,15,中國信託-文心,2024-01-04,6164
2027,大成鋼,18,4,14,中國信託-文心,2024-01-04,6164
00725B,國泰投資級公司債,14,0,14,中國信託-文心,2024-01-04,6164
2331,精英,44,30,14,中國信託-文心,2024-01-04,6164
00930,永豐ESG低碳高息,13,0,13,中國信託-文心,2024-01-04,6164
00655L,國泰中國A50正2,13,0,13,中國信託-文心,2024-01-04,6164
2605,新興,30,18,12,中國信託-文心,2024-01-04,6164
5351,鈺創,13,1,12,中國信託-文心,2024-01-04,6164
6227,茂綸,12,0,12,中國信託-文心,2024-01-04,6164
6140,訊達,73,61,12,中國信託-文心,2024-01-04,6164
00770,國泰北美科技,12,0,12,中國信託-文心,2024-01-04,6164
3217,優群,16,5,11,中國信託-文心,2024-01-04,6164
00929,復華台灣科技優息,424,17,407,中國信託-文心,2024-01-05,6164
00937B,群益ESG投等債20,268,108,160,中國信託-文心,2024-01-05,6164
00919,群益台灣精選高息,176,22,154,中國信託-文心,2024-01-05,6164
00680L,元大美債20正2,165,28,137,中國信託-文心,2024-01-05,6164
00687B,國泰20年美債,102,5,97,中國信託-文心,2024-01-05,6164
00696B,富邦美債20年,84,0,84,中國信託-文心,2024-01-05,6164
00720B,元大投資級公司債,81,6,75,中國信託-文心,2024-01-05,6164
2618,長榮航,96,21,75,中國信託-文心,2024-01-05,6164
00712,復華富時不動產,76,2,74,中國信託-文心,2024-01-05,6164
00934,中信成長高股息,54,1,53,中國信託-文心,2024-01-05,6164
2208,台船,57,4,53,中國信託-文心,2024-01-05,6164
2887,台新金,53,1,52,中國信託-文心,2024-01-05,6164
00633L,富邦上証正2,45,4,41,中國信託-文心,2024-01-05,6164
0050,元大台灣50,41,1,40,中國信託-文心,2024-01-05,6164
00772B,中信高評級公司債,36,0,36,中國信託-文心,2024-01-05,6164
00878,國泰永續高股息,86,50,36,中國信託-文心,2024-01-05,6164
2610,華航,48,13,35,中國信託-文心,2024-01-05,6164
00918,大華優利高填息30,66,31,35,中國信託-文心,2024-01-05,6164
2356,英業達,51,18,33,中國信託-文心,2024-01-05,6164
00933B,國泰10Y+金融債,34,3,31,中國信託-文心,2024-01-05,6164
2467,志聖,31,0,31,中國信託-文心,2024-01-05,6164
2353,宏��,104,75,29,中國信託-文心,2024-01-05,6164
8410,森田,32,6,26,中國信託-文心,2024-01-05,6164
0056,元大高股息,59,33,26,中國信託-文心,2024-01-05,6164
3024,憶聲,25,0,25,中國信託-文心,2024-01-05,6164
2344,華邦電,27,2,25,中國信託-文心,2024-01-05,6164
00881,國泰台灣5G+,27,4,23,中國信託-文心,2024-01-05,6164
00740B,富邦全球投等債,22,0,22,中國信託-文心,2024-01-05,6164
8096,擎亞,203,182,21,中國信託-文心,2024-01-05,6164
00642U,期元大S＆P石油,21,0,21,中國信託-文心,2024-01-05,6164
00891,中信關鍵半導體,21,1,20,中國信託-文心,2024-01-05,6164
6156,松上,20,0,20,中國信託-文心,2024-01-05,6164
00725B,國泰投資級公司債,19,0,19,中國信託-文心,2024-01-05,6164
00927,群益半導體收益,20,1,19,中國信託-文心,2024-01-05,6164
6163,華電網,20,1,19,中國信託-文心,2024-01-05,6164
9934,成霖,20,2,18,中國信託-文心,2024-01-05,6164
6695,芯鼎,81,63,18,中國信託-文心,2024-01-05,6164
8011,台通,55,38,17,中國信託-文心,2024-01-05,6164
3006,晶豪科,27,11,16,中國信託-文心,2024-01-05,6164
00923,群益台ESG低碳50,15,0,15,中國信託-文心,2024-01-05,6164
2421,建準,17,2,15,中國信託-文心,2024-01-05,6164
3481,群創,152,137,15,中國信託-文心,2024-01-05,6164
3665,貿聯-KY,15,0,15,中國信託-文心,2024-01-05,6164
2014,中鴻,18,3,15,中國信託-文心,2024-01-05,6164
6213,聯茂,21,6,15,中國信託-文心,2024-01-05,6164
5534,長虹,15,0,15,中國信託-文心,2024-01-05,6164
2382,廣達,26,11,15,中國信託-文心,2024-01-05,6164
1732,毛寶,70,56,14,中國信託-文心,2024-01-05,6164
00706L,期元大S＆P日圓正2,33,19,14,中國信託-文心,2024-01-05,6164
00713,元大台灣高息低波,15,1,14,中國信託-文心,2024-01-05,6164
00937B,群益ESG投等債20,290,32,258,中國信託-文心,2024-01-08,6164
00919,群益台灣精選高息,270,23,247,中國信託-文心,2024-01-08,6164
00929,復華台灣科技優息,490,313,177,中國信託-文心,2024-01-08,6164
00720B,元大投資級公司債,139,8,131,中國信託-文心,2024-01-08,6164
00753L,中信中國50正2,117,3,114,中國信託-文心,2024-01-08,6164
2609,陽明,269,166,103,中國信託-文心,2024-01-08,6164
00918,大華優利高填息30,92,0,92,中國信託-文心,2024-01-08,6164
00632R,元大台灣50反1,98,6,92,中國信託-文心,2024-01-08,6164
00680L,元大美債20正2,95,10,85,中國信託-文心,2024-01-08,6164
00772B,中信高評級公司債,80,0,80,中國信託-文心,2024-01-08,6164
00911,兆豐洲際半導體,80,0,80,中國信託-文心,2024-01-08,6164
2530,華建,101,22,79,中國信託-文心,2024-01-08,6164
00882,中信中國高股息,80,3,77,中國信託-文心,2024-01-08,6164
0056,元大高股息,81,15,66,中國信託-文心,2024-01-08,6164
00696B,富邦美債20年,69,10,59,中國信託-文心,2024-01-08,6164
00665L,富邦�琤肭磪囓�2,80,24,56,中國信託-文心,2024-01-08,6164
0061,元大寶滬深,49,0,49,中國信託-文心,2024-01-08,6164
2610,華航,52,3,49,中國信託-文心,2024-01-08,6164
4162,智擎,45,0,45,中國信託-文心,2024-01-08,6164
00930,永豐ESG低碳高息,40,0,40,中國信託-文心,2024-01-08,6164
2353,宏��,244,204,40,中國信託-文心,2024-01-08,6164
6770,力積電,60,23,37,中國信託-文心,2024-01-08,6164
3167,大量,37,0,37,中國信託-文心,2024-01-08,6164
8905,裕國,31,0,31,中國信託-文心,2024-01-08,6164
00715L,期街口布蘭特正2,36,5,31,中國信託-文心,2024-01-08,6164
00637L,元大滬深300正2,54,24,30,中國信託-文心,2024-01-08,6164
2388,威盛,64,35,29,中國信託-文心,2024-01-08,6164
1721,三晃,112,83,29,中國信託-文心,2024-01-08,6164
2449,京元電子,34,7,27,中國信託-文心,2024-01-08,6164
2543,皇昌,27,0,27,中國信託-文心,2024-01-08,6164
00687B,國泰20年美債,103,76,27,中國信託-文心,2024-01-08,6164
2317,鴻海,30,4,26,中國信託-文心,2024-01-08,6164
00751B,元大AAA至A公司債,28,2,26,中國信託-文心,2024-01-08,6164
2303,聯電,45,19,26,中國信託-文心,2024-01-08,6164
00933B,國泰10Y+金融債,38,13,25,中國信託-文心,2024-01-08,6164
00931B,統一美債20年,25,0,25,中國信託-文心,2024-01-08,6164
00712,復華富時不動產,29,4,25,中國信託-文心,2024-01-08,6164
00915,凱基優選高股息30,24,1,23,中國信託-文心,2024-01-08,6164
3017,奇鋐,27,4,23,中國信託-文心,2024-01-08,6164
4541,晟田,22,0,22,中國信託-文心,2024-01-08,6164
6164,華興,22,0,22,中國信託-文心,2024-01-08,6164
2883,凱基金,31,10,21,中國信託-文心,2024-01-08,6164
6901,鑽石投資,20,0,20,中國信託-文心,2024-01-08,6164
2892,第一金,20,1,19,中國信託-文心,2024-01-08,6164
2498,宏達電,36,18,18,中國信託-文心,2024-01-08,6164
2520,冠德,35,17,18,中國信託-文心,2024-01-08,6164
00725B,國泰投資級公司債,17,0,17,中國信託-文心,2024-01-08,6164
2458,義隆,18,1,17,中國信託-文心,2024-01-08,6164
00922,國泰台灣領袖50,18,2,16,中國信託-文心,2024-01-08,6164
6274,台燿,19,3,16,中國信託-文心,2024-01-08,6164
00919,群益台灣精選高息,714,22,692,中國信託-文心,2024-01-09,6164
00715L,期街口布蘭特正2,210,0,210,中國信託-文心,2024-01-09,6164
2609,陽明,237,86,151,中國信託-文心,2024-01-09,6164
00688L,國泰20年美債正2,122,1,121,中國信託-文心,2024-01-09,6164
00679B,元大美債20年,126,12,114,中國信託-文心,2024-01-09,6164
00720B,元大投資級公司債,98,0,98,中國信託-文心,2024-01-09,6164
00918,大華優利高填息30,96,0,96,中國信託-文心,2024-01-09,6164
1584,精剛,107,11,96,中國信託-文心,2024-01-09,6164
2888,新光金,84,0,84,中國信託-文心,2024-01-09,6164
2516,新建,81,1,80,中國信託-文心,2024-01-09,6164
00929,復華台灣科技優息,154,81,73,中國信託-文心,2024-01-09,6164
8111,立��,110,38,72,中國信託-文心,2024-01-09,6164
00937B,群益ESG投等債20,75,7,68,中國信託-文心,2024-01-09,6164
2002,中鋼,81,21,60,中國信託-文心,2024-01-09,6164
0061,元大寶滬深,51,0,51,中國信託-文心,2024-01-09,6164
2906,高林,53,7,46,中國信託-文心,2024-01-09,6164
1314,中石化,45,0,45,中國信託-文心,2024-01-09,6164
0056,元大高股息,53,12,41,中國信託-文心,2024-01-09,6164
3032,偉訓,78,38,40,中國信託-文心,2024-01-09,6164
2353,宏��,163,128,35,中國信託-文心,2024-01-09,6164
00752,中信中國50,34,0,34,中國信託-文心,2024-01-09,6164
00882,中信中國高股息,34,2,32,中國信託-文心,2024-01-09,6164
2515,中工,92,60,32,中國信託-文心,2024-01-09,6164
2603,長榮,58,26,32,中國信託-文心,2024-01-09,6164
2887,台新金,28,0,28,中國信託-文心,2024-01-09,6164
2617,台航,41,13,28,中國信託-文心,2024-01-09,6164
3056,富華新,26,0,26,中國信託-文心,2024-01-09,6164
1218,泰山,22,0,22,中國信託-文心,2024-01-09,6164
2344,華邦電,26,5,21,中國信託-文心,2024-01-09,6164
6799,來頡,21,0,21,中國信託-文心,2024-01-09,6164
00830,國泰費城半導體,27,6,21,中國信託-文心,2024-01-09,6164
00934,中信成長高股息,27,8,19,中國信託-文心,2024-01-09,6164
2317,鴻海,19,1,18,中國信託-文心,2024-01-09,6164
3047,訊舟,18,0,18,中國信託-文心,2024-01-09,6164
1301,台塑,17,0,17,中國信託-文心,2024-01-09,6164
2867,三商壽,17,0,17,中國信託-文心,2024-01-09,6164
2405,輔信,18,1,17,中國信託-文心,2024-01-09,6164
5351,鈺創,17,0,17,中國信託-文心,2024-01-09,6164
2419,仲琦,16,0,16,中國信託-文心,2024-01-09,6164
00933B,國泰10Y+金融債,18,3,15,中國信託-文心,2024-01-09,6164
6125,廣運,15,0,15,中國信託-文心,2024-01-09,6164
2324,仁寶,37,22,15,中國信託-文心,2024-01-09,6164
00675L,富邦臺灣加權正2,18,4,14,中國信託-文心,2024-01-09,6164
2634,漢翔,24,10,14,中國信託-文心,2024-01-09,6164
4979,華星光,15,2,13,中國信託-文心,2024-01-09,6164
2313,華通,18,5,13,中國信託-文心,2024-01-09,6164
4909,新復興,21,8,13,中國信託-文心,2024-01-09,6164
2308,台達電,12,0,12,中國信託-文心,2024-01-09,6164
2443,昶虹,12,0,12,中國信託-文心,2024-01-09,6164
1721,三晃,12,0,12,中國信託-文心,2024-01-09,6164
00929,復華台灣科技優息,538,66,472,中國信託-文心,2024-01-10,6164
00632R,元大台灣50反1,370,43,327,中國信託-文心,2024-01-10,6164
00919,群益台灣精選高息,345,22,323,中國信託-文心,2024-01-10,6164
00918,大華優利高填息30,267,0,267,中國信託-文心,2024-01-10,6164
00720B,元大投資級公司債,237,9,228,中國信託-文心,2024-01-10,6164
2887,台新金,144,0,144,中國信託-文心,2024-01-10,6164
00665L,富邦�琤肭磪囓�2,142,21,121,中國信託-文心,2024-01-10,6164
00878,國泰永續高股息,147,31,116,中國信託-文心,2024-01-10,6164
00679B,元大美債20年,105,2,103,中國信託-文心,2024-01-10,6164
2419,仲琦,85,0,85,中國信託-文心,2024-01-10,6164
3202,樺晟,82,0,82,中國信託-文心,2024-01-10,6164
00927,群益半導體收益,70,0,70,中國信託-文心,2024-01-10,6164
2489,瑞軒,69,2,67,中國信託-文心,2024-01-10,6164
00934,中信成長高股息,76,10,66,中國信託-文心,2024-01-10,6164
2002A,中鋼特,62,0,62,中國信託-文心,2024-01-10,6164
0056,元大高股息,62,10,52,中國信託-文心,2024-01-10,6164
00687B,國泰20年美債,55,3,52,中國信託-文心,2024-01-10,6164
2641,正德,52,1,51,中國信託-文心,2024-01-10,6164
00937B,群益ESG投等債20,42,1,41,中國信託-文心,2024-01-10,6164
2409,友達,42,6,36,中國信託-文心,2024-01-10,6164
2888,新光金,35,0,35,中國信託-文心,2024-01-10,6164
00930,永豐ESG低碳高息,30,0,30,中國信託-文心,2024-01-10,6164
2498,宏達電,43,13,30,中國信託-文心,2024-01-10,6164
5426,振發,54,25,29,中國信託-文心,2024-01-10,6164
2317,鴻海,28,1,27,中國信託-文心,2024-01-10,6164
6139,亞翔,42,15,27,中國信託-文心,2024-01-10,6164
3049,精金,27,0,27,中國信託-文心,2024-01-10,6164
00688L,國泰20年美債正2,32,5,27,中國信託-文心,2024-01-10,6164
2618,長榮航,44,18,26,中國信託-文心,2024-01-10,6164
2308,台達電,30,4,26,中國信託-文心,2024-01-10,6164
8093,保銳,25,0,25,中國信託-文心,2024-01-10,6164
0050,元大台灣50,28,4,24,中國信託-文心,2024-01-10,6164
00795B,中信美國公債20年,23,0,23,中國信託-文心,2024-01-10,6164
3481,群創,52,30,22,中國信託-文心,2024-01-10,6164
2617,台航,20,0,20,中國信託-文心,2024-01-10,6164
2516,新建,40,20,20,中國信託-文心,2024-01-10,6164
2609,陽明,108,89,19,中國信託-文心,2024-01-10,6164
2371,大同,36,18,18,中國信託-文心,2024-01-10,6164
2329,華泰,80,62,18,中國信託-文心,2024-01-10,6164
9934,成霖,21,3,18,中國信託-文心,2024-01-10,6164
2885,元大金,18,0,18,中國信託-文心,2024-01-10,6164
4909,新復興,42,25,17,中國信託-文心,2024-01-10,6164
2610,華航,44,27,17,中國信託-文心,2024-01-10,6164
4402,郡都開發,16,0,16,中國信託-文心,2024-01-10,6164
00933B,國泰10Y+金融債,57,41,16,中國信託-文心,2024-01-10,6164
3086,華義,16,1,15,中國信託-文心,2024-01-10,6164
3032,偉訓,50,36,14,中國信託-文心,2024-01-10,6164
2353,宏��,74,61,13,中國信託-文心,2024-01-10,6164
1215,卜蜂,13,0,13,中國信託-文心,2024-01-10,6164
2408,南亞科,15,2,13,中國信託-文心,2024-01-10,6164
00919,群益台灣精選高息,704,22,682,中國信託-文心,2024-01-11,6164
00929,復華台灣科技優息,367,25,342,中國信託-文心,2024-01-11,6164
00937B,群益ESG投等債20,314,4,310,中國信託-文心,2024-01-11,6164
00918,大華優利高填息30,154,0,154,中國信託-文心,2024-01-11,6164
6120,達運,229,77,152,中國信託-文心,2024-01-11,6164
00720B,元大投資級公司債,167,20,147,中國信託-文心,2024-01-11,6164
00888,永豐台灣ESG,119,16,103,中國信託-文心,2024-01-11,6164
2501,國建,90,0,90,中國信託-文心,2024-01-11,6164
00679B,元大美債20年,89,2,87,中國信託-文心,2024-01-11,6164
00930,永豐ESG低碳高息,83,0,83,中國信託-文心,2024-01-11,6164
2888,新光金,100,28,72,中國信託-文心,2024-01-11,6164
00891,中信關鍵半導體,117,47,70,中國信託-文心,2024-01-11,6164
00680L,元大美債20正2,56,0,56,中國信託-文心,2024-01-11,6164
2887,台新金,57,2,55,中國信託-文心,2024-01-11,6164
3287,廣寰科,112,64,48,中國信託-文心,2024-01-11,6164
00927,群益半導體收益,57,11,46,中國信託-文心,2024-01-11,6164
00632R,元大台灣50反1,86,40,46,中國信託-文心,2024-01-11,6164
3481,群創,58,16,42,中國信託-文心,2024-01-11,6164
00687B,國泰20年美債,39,0,39,中國信託-文心,2024-01-11,6164
5009,榮剛,36,0,36,中國信託-文心,2024-01-11,6164
1325,恆大,32,0,32,中國信託-文心,2024-01-11,6164
910861,神州-DR,30,0,30,中國信託-文心,2024-01-11,6164
2002A,中鋼特,28,0,28,中國信託-文心,2024-01-11,6164
00642U,期元大S＆P石油,27,0,27,中國信託-文心,2024-01-11,6164
2303,聯電,27,0,27,中國信託-文心,2024-01-11,6164
00882,中信中國高股息,33,6,27,中國信託-文心,2024-01-11,6164
5469,瀚宇博,26,0,26,中國信託-文心,2024-01-11,6164
2353,宏��,48,23,25,中國信託-文心,2024-01-11,6164
6695,芯鼎,140,115,25,中國信託-文心,2024-01-11,6164
2609,陽明,68,43,25,中國信託-文心,2024-01-11,6164
2641,正德,26,2,24,中國信託-文心,2024-01-11,6164
00770,國泰北美科技,24,0,24,中國信託-文心,2024-01-11,6164
5309,系統電,26,2,24,中國信託-文心,2024-01-11,6164
00878,國泰永續高股息,34,11,23,中國信託-文心,2024-01-11,6164
3706,神達,51,28,23,中國信託-文心,2024-01-11,6164
2834,臺企銀,23,1,22,中國信託-文心,2024-01-11,6164
2421,建準,29,7,22,中國信託-文心,2024-01-11,6164
2610,華航,26,5,21,中國信託-文心,2024-01-11,6164
1605,華新,21,0,21,中國信託-文心,2024-01-11,6164
0056,元大高股息,29,8,21,中國信託-文心,2024-01-11,6164
00933B,國泰10Y+金融債,31,11,20,中國信託-文心,2024-01-11,6164
4162,智擎,20,0,20,中國信託-文心,2024-01-11,6164
8255,朋程,20,1,19,中國信託-文心,2024-01-11,6164
8101,華冠,19,0,19,中國信託-文心,2024-01-11,6164
6163,華電網,19,1,18,中國信託-文心,2024-01-11,6164
1449,佳和,22,5,17,中國信託-文心,2024-01-11,6164
2605,新興,88,71,17,中國信託-文心,2024-01-11,6164
2379,瑞昱,16,0,16,中國信託-文心,2024-01-11,6164
00715L,期街口布蘭特正2,16,0,16,中國信託-文心,2024-01-11,6164
2401,凌陽,14,1,13,中國信託-文心,2024-01-11,6164
00919,群益台灣精選高息,351,14,337,中國信託-文心,2024-01-12,6164
00632R,元大台灣50反1,367,70,297,中國信託-文心,2024-01-12,6164
00929,復華台灣科技優息,321,69,252,中國信託-文心,2024-01-12,6164
00927,群益半導體收益,118,0,118,中國信託-文心,2024-01-12,6164
00720B,元大投資級公司債,116,2,114,中國信託-文心,2024-01-12,6164
00918,大華優利高填息30,102,0,102,中國信託-文心,2024-01-12,6164
00655L,國泰中國A50正2,116,15,101,中國信託-文心,2024-01-12,6164
2501,國建,90,0,90,中國信託-文心,2024-01-12,6164
2515,中工,86,2,84,中國信託-文心,2024-01-12,6164
00878,國泰永續高股息,68,8,60,中國信託-文心,2024-01-12,6164
3060,銘異,55,0,55,中國信託-文心,2024-01-12,6164
1905,華紙,51,1,50,中國信託-文心,2024-01-12,6164
2344,華邦電,55,8,47,中國信託-文心,2024-01-12,6164
2882,國泰金,52,10,42,中國信託-文心,2024-01-12,6164
6547,高端疫苗,41,0,41,中國信託-文心,2024-01-12,6164
2516,新建,40,0,40,中國信託-文心,2024-01-12,6164
00933B,國泰10Y+金融債,66,27,39,中國信託-文心,2024-01-12,6164
00930,永豐ESG低碳高息,36,1,35,中國信託-文心,2024-01-12,6164
3037,欣興,35,1,34,中國信託-文心,2024-01-12,6164
00687B,國泰20年美債,37,4,33,中國信託-文心,2024-01-12,6164
4909,新復興,99,66,33,中國信託-文心,2024-01-12,6164
2353,宏��,71,39,32,中國信託-文心,2024-01-12,6164
0056,元大高股息,50,19,31,中國信託-文心,2024-01-12,6164
00679B,元大美債20年,36,7,29,中國信託-文心,2024-01-12,6164
00712,復華富時不動產,50,23,27,中國信託-文心,2024-01-12,6164
2607,榮運,26,2,24,中國信託-文心,2024-01-12,6164
2303,聯電,34,11,23,中國信託-文心,2024-01-12,6164
2324,仁寶,27,4,23,中國信託-文心,2024-01-12,6164
5309,系統電,23,0,23,中國信託-文心,2024-01-12,6164
00713,元大台灣高息低波,22,1,21,中國信託-文心,2024-01-12,6164
2605,新興,61,40,21,中國信託-文心,2024-01-12,6164
8176,智捷,24,4,20,中國信託-文心,2024-01-12,6164
2014,中鴻,20,0,20,中國信託-文心,2024-01-12,6164
2449,京元電子,27,8,19,中國信託-文心,2024-01-12,6164
1528,恩德,47,28,19,中國信託-文心,2024-01-12,6164
1605,華新,19,0,19,中國信託-文心,2024-01-12,6164
00772B,中信高評級公司債,21,5,16,中國信託-文心,2024-01-12,6164
8150,南茂,29,13,16,中國信託-文心,2024-01-12,6164
00923,群益台ESG低碳50,16,2,14,中國信託-文心,2024-01-12,6164
6684,安格,56,42,14,中國信託-文心,2024-01-12,6164
2887,台新金,14,0,14,中國信託-文心,2024-01-12,6164
1301,台塑,13,0,13,中國信託-文心,2024-01-12,6164
1736,喬山,12,0,12,中國信託-文心,2024-01-12,6164
3481,群創,19,7,12,中國信託-文心,2024-01-12,6164
2208,台船,57,46,11,中國信託-文心,2024-01-12,6164
00915,凱基優選高股息30,11,0,11,中國信託-文心,2024-01-12,6164
9935,慶豐富,11,0,11,中國信託-文心,2024-01-12,6164
0050,元大台灣50,12,1,11,中國信託-文心,2024-01-12,6164
2727,王品,11,0,11,中國信託-文心,2024-01-12,6164
3715,定穎投控,14,4,10,中國信託-文心,2024-01-12,6164
00929,復華台灣科技優息,555,13,542,中國信託-文心,2024-01-15,6164
2505,國揚,262,0,262,中國信託-文心,2024-01-15,6164
00927,群益半導體收益,207,1,206,中國信託-文心,2024-01-15,6164
2317,鴻海,195,3,192,中國信託-文心,2024-01-15,6164
2515,中工,186,2,184,中國信託-文心,2024-01-15,6164
0056,元大高股息,190,28,162,中國信託-文心,2024-01-15,6164
2892,第一金,163,2,161,中國信託-文心,2024-01-15,6164
00878,國泰永續高股息,127,48,79,中國信託-文心,2024-01-15,6164
00687B,國泰20年美債,75,5,70,中國信託-文心,2024-01-15,6164
00918,大華優利高填息30,71,1,70,中國信託-文心,2024-01-15,6164
00933B,國泰10Y+金融債,65,0,65,中國信託-文心,2024-01-15,6164
00753L,中信中國50正2,62,0,62,中國信託-文心,2024-01-15,6164
8176,智捷,49,2,47,中國信託-文心,2024-01-15,6164
00934,中信成長高股息,44,5,39,中國信託-文心,2024-01-15,6164
00680L,元大美債20正2,46,10,36,中國信託-文心,2024-01-15,6164
6698,旭暉應材,39,3,36,中國信託-文心,2024-01-15,6164
00772B,中信高評級公司債,37,3,34,中國信託-文心,2024-01-15,6164
2610,華航,42,11,31,中國信託-文心,2024-01-15,6164
00720B,元大投資級公司債,34,3,31,中國信託-文心,2024-01-15,6164
2887,台新金,30,0,30,中國信託-文心,2024-01-15,6164
6117,迎廣,38,9,29,中國信託-文心,2024-01-15,6164
2630,亞航,70,42,28,中國信託-文心,2024-01-15,6164
00679B,元大美債20年,30,3,27,中國信託-文心,2024-01-15,6164
2701,萬企,25,0,25,中國信託-文心,2024-01-15,6164
00770,國泰北美科技,34,10,24,中國信託-文心,2024-01-15,6164
00636,國泰中國A50,23,0,23,中國信託-文心,2024-01-15,6164
1513,中興電,48,25,23,中國信託-文心,2024-01-15,6164
2353,宏��,56,33,23,中國信託-文心,2024-01-15,6164
2886,兆豐金,30,7,23,中國信託-文心,2024-01-15,6164
2618,長榮航,37,15,22,中國信託-文心,2024-01-15,6164
3306,鼎天,21,0,21,中國信託-文心,2024-01-15,6164
2706,第一店,21,0,21,中國信託-文心,2024-01-15,6164
3264,欣銓,20,0,20,中國信託-文心,2024-01-15,6164
0050,元大台灣50,29,10,19,中國信託-文心,2024-01-15,6164
00858,永豐美國500大,18,0,18,中國信託-文心,2024-01-15,6164
2356,英業達,24,6,18,中國信託-文心,2024-01-15,6164
00722B,群益投資級電信債,17,0,17,中國信託-文心,2024-01-15,6164
00922,國泰台灣領袖50,20,3,17,中國信託-文心,2024-01-15,6164
00795B,中信美國公債20年,16,0,16,中國信託-文心,2024-01-15,6164
4563,百德,16,0,16,中國信託-文心,2024-01-15,6164
2409,友達,129,114,15,中國信託-文心,2024-01-15,6164
00715L,期街口布蘭特正2,15,0,15,中國信託-文心,2024-01-15,6164
1464,得力,15,0,15,中國信託-文心,2024-01-15,6164
2498,宏達電,25,10,15,中國信託-文心,2024-01-15,6164
00688L,國泰20年美債正2,15,0,15,中國信託-文心,2024-01-15,6164
1503,士電,62,48,14,中國信託-文心,2024-01-15,6164
2603,長榮,36,23,13,中國信託-文心,2024-01-15,6164
2888,新光金,115,102,13,中國信託-文心,2024-01-15,6164
2363,矽統,20,7,13,中國信託-文心,2024-01-15,6164
2615,萬海,14,2,12,中國信託-文心,2024-01-15,6164
00929,復華台灣科技優息,486,56,430,中國信託-文心,2024-01-16,6164
00927,群益半導體收益,329,10,319,中國信託-文心,2024-01-16,6164
0056,元大高股息,224,17,207,中國信託-文心,2024-01-16,6164
00918,大華優利高填息30,197,4,193,中國信託-文心,2024-01-16,6164
00937B,群益ESG投等債20,165,0,165,中國信託-文心,2024-01-16,6164
00933B,國泰10Y+金融債,153,2,151,中國信託-文心,2024-01-16,6164
2515,中工,177,35,142,中國信託-文心,2024-01-16,6164
00665L,富邦�琤肭磪囓�2,249,119,130,中國信託-文心,2024-01-16,6164
00688L,國泰20年美債正2,129,0,129,中國信託-文心,2024-01-16,6164
2486,一詮,141,16,125,中國信託-文心,2024-01-16,6164
00878,國泰永續高股息,117,10,107,中國信託-文心,2024-01-16,6164
00772B,中信高評級公司債,99,2,97,中國信託-文心,2024-01-16,6164
00720B,元大投資級公司債,100,6,94,中國信託-文心,2024-01-16,6164
2887,台新金,85,2,83,中國信託-文心,2024-01-16,6164
2002,中鋼,113,43,70,中國信託-文心,2024-01-16,6164
2324,仁寶,74,5,69,中國信託-文心,2024-01-16,6164
8096,擎亞,244,175,69,中國信託-文心,2024-01-16,6164
00715L,期街口布蘭特正2,70,1,69,中國信託-文心,2024-01-16,6164
00931B,統一美債20年,67,5,62,中國信託-文心,2024-01-16,6164
00679B,元大美債20年,67,6,61,中國信託-文心,2024-01-16,6164
2892,第一金,60,0,60,中國信託-文心,2024-01-16,6164
6806,森崴能源,57,4,53,中國信託-文心,2024-01-16,6164
1905,華紙,53,0,53,中國信託-文心,2024-01-16,6164
00664R,國泰臺灣加權反1,50,0,50,中國信託-文心,2024-01-16,6164
00882,中信中國高股息,75,29,46,中國信託-文心,2024-01-16,6164
8176,智捷,44,0,44,中國信託-文心,2024-01-16,6164
2610,華航,48,7,41,中國信託-文心,2024-01-16,6164
2882,國泰金,39,0,39,中國信託-文心,2024-01-16,6164
3374,精材,35,0,35,中國信託-文心,2024-01-16,6164
9945,潤泰新,34,0,34,中國信託-文心,2024-01-16,6164
2801,彰銀,34,0,34,中國信託-文心,2024-01-16,6164
00770,國泰北美科技,50,17,33,中國信託-文心,2024-01-16,6164
00687B,國泰20年美債,31,0,31,中國信託-文心,2024-01-16,6164
1101,台泥,34,4,30,中國信託-文心,2024-01-16,6164
5880,合庫金,31,3,28,中國信託-文心,2024-01-16,6164
2353,宏��,100,73,27,中國信託-文心,2024-01-16,6164
0050,元大台灣50,29,2,27,中國信託-文心,2024-01-16,6164
2409,友達,72,46,26,中國信託-文心,2024-01-16,6164
2867,三商壽,30,4,26,中國信託-文心,2024-01-16,6164
2897,王道銀行,26,0,26,中國信託-文心,2024-01-16,6164
6464,台數科,24,0,24,中國信託-文心,2024-01-16,6164
2884,玉山金,26,3,23,中國信託-文心,2024-01-16,6164
00881,國泰台灣5G+,23,0,23,中國信託-文心,2024-01-16,6164
3623,富晶通,28,5,23,中國信託-文心,2024-01-16,6164
1218,泰山,23,0,23,中國信託-文心,2024-01-16,6164
2402,毅嘉,25,3,22,中國信託-文心,2024-01-16,6164
1434,福懋,22,0,22,中國信託-文心,2024-01-16,6164
2308,台達電,22,1,21,中國信託-文心,2024-01-16,6164
9935,慶豐富,21,0,21,中國信託-文心,2024-01-16,6164
1609,大亞,27,6,21,中國信託-文心,2024-01-16,6164
00919,群益台灣精選高息,628,20,608,中國信託-文心,2024-01-17,6164
00929,復華台灣科技優息,665,64,601,中國信託-文心,2024-01-17,6164
00937B,群益ESG投等債20,540,2,538,中國信託-文心,2024-01-17,6164
00882,中信中國高股息,474,35,439,中國信託-文心,2024-01-17,6164
0056,元大高股息,320,10,310,中國信託-文心,2024-01-17,6164
00878,國泰永續高股息,294,68,226,中國信託-文心,2024-01-17,6164
00669R,國泰美國道瓊反1,190,0,190,中國信託-文心,2024-01-17,6164
5009,榮剛,174,2,172,中國信託-文心,2024-01-17,6164
2344,華邦電,160,15,145,中國信託-文心,2024-01-17,6164
00665L,富邦�琤肭磪囓�2,204,67,137,中國信託-文心,2024-01-17,6164
00918,大華優利高填息30,123,0,123,中國信託-文心,2024-01-17,6164
2892,第一金,109,5,104,中國信託-文心,2024-01-17,6164
2002,中鋼,109,5,104,中國信託-文心,2024-01-17,6164
00720B,元大投資級公司債,102,0,102,中國信託-文心,2024-01-17,6164
1471,首利,104,2,102,中國信託-文心,2024-01-17,6164
2887,台新金,102,0,102,中國信託-文心,2024-01-17,6164
2515,中工,137,45,92,中國信託-文心,2024-01-17,6164
00927,群益半導體收益,90,2,88,中國信託-文心,2024-01-17,6164
2303,聯電,133,48,85,中國信託-文心,2024-01-17,6164
1605,華新,87,3,84,中國信託-文心,2024-01-17,6164
00650L,復華香港正2,84,0,84,中國信託-文心,2024-01-17,6164
00679B,元大美債20年,177,106,71,中國信託-文心,2024-01-17,6164
2882,國泰金,52,0,52,中國信託-文心,2024-01-17,6164
00770,國泰北美科技,56,4,52,中國信託-文心,2024-01-17,6164
5880,合庫金,56,8,48,中國信託-文心,2024-01-17,6164
3047,訊舟,50,4,46,中國信託-文心,2024-01-17,6164
0050,元大台灣50,48,2,46,中國信託-文心,2024-01-17,6164
3694,海華,111,67,44,中國信託-文心,2024-01-17,6164
2371,大同,45,7,38,中國信託-文心,2024-01-17,6164
00933B,國泰10Y+金融債,43,6,37,中國信託-文心,2024-01-17,6164
00688L,國泰20年美債正2,40,4,36,中國信託-文心,2024-01-17,6164
00751B,元大AAA至A公司債,36,0,36,中國信託-文心,2024-01-17,6164
2886,兆豐金,37,2,35,中國信託-文心,2024-01-17,6164
2816,旺旺保,36,1,35,中國信託-文心,2024-01-17,6164
00891,中信關鍵半導體,37,2,35,中國信託-文心,2024-01-17,6164
00900,富邦特選高股息30,45,10,35,中國信託-文心,2024-01-17,6164
00753L,中信中國50正2,39,5,34,中國信託-文心,2024-01-17,6164
2329,華泰,80,46,34,中國信託-文心,2024-01-17,6164
1215,卜蜂,33,0,33,中國信託-文心,2024-01-17,6164
00904,新光臺灣半導體30,32,0,32,中國信託-文心,2024-01-17,6164
00888,永豐台灣ESG,31,0,31,中國信託-文心,2024-01-17,6164
00772B,中信高評級公司債,32,1,31,中國信託-文心,2024-01-17,6164
3231,緯創,88,58,30,中國信託-文心,2024-01-17,6164
5347,世界,34,5,29,中國信託-文心,2024-01-17,6164
4157,太景*-KY,31,2,29,中國信託-文心,2024-01-17,6164
3481,群創,98,69,29,中國信託-文心,2024-01-17,6164
2313,華通,28,1,27,中國信託-文心,2024-01-17,6164
00795B,中信美國公債20年,27,0,27,中國信託-文心,2024-01-17,6164
1227,佳格,27,0,27,中國信託-文心,2024-01-17,6164
00935,野村臺灣新科技50,29,2,27,中國信託-文心,2024-01-17,6164
00929,復華台灣科技優息,459,212,247,中國信託-文心,2024-01-18,6164
00918,大華優利高填息30,160,1,159,中國信託-文心,2024-01-18,6164
0056,元大高股息,131,17,114,中國信託-文心,2024-01-18,6164
2388,威盛,137,31,106,中國信託-文心,2024-01-18,6164
00919,群益台灣精選高息,267,165,102,中國信託-文心,2024-01-18,6164
00720B,元大投資級公司債,90,1,89,中國信託-文心,2024-01-18,6164
00637L,元大滬深300正2,138,58,80,中國信託-文心,2024-01-18,6164
00679B,元大美債20年,74,0,74,中國信託-文心,2024-01-18,6164
00937B,群益ESG投等債20,93,27,66,中國信託-文心,2024-01-18,6164
00665L,富邦�琤肭磪囓�2,89,36,53,中國信託-文心,2024-01-18,6164
2610,華航,58,8,50,中國信託-文心,2024-01-18,6164
00680L,元大美債20正2,55,6,49,中國信託-文心,2024-01-18,6164
5328,華容,51,2,49,中國信託-文心,2024-01-18,6164
2887,台新金,48,0,48,中國信託-文心,2024-01-18,6164
2906,高林,48,0,48,中國信託-文心,2024-01-18,6164
4909,新復興,70,24,46,中國信託-文心,2024-01-18,6164
2324,仁寶,80,43,37,中國信託-文心,2024-01-18,6164
00878,國泰永續高股息,100,64,36,中國信託-文心,2024-01-18,6164
3025,星通,101,66,35,中國信託-文心,2024-01-18,6164
00687B,國泰20年美債,33,0,33,中國信託-文心,2024-01-18,6164
2313,華通,34,2,32,中國信託-文心,2024-01-18,6164
1101,台泥,32,1,31,中國信託-文心,2024-01-18,6164
2515,中工,31,0,31,中國信託-文心,2024-01-18,6164
00696B,富邦美債20年,30,0,30,中國信託-文心,2024-01-18,6164
00683L,期元大美元指正2,30,0,30,中國信託-文心,2024-01-18,6164
3622,洋華,35,6,29,中國信託-文心,2024-01-18,6164
2002,中鋼,30,1,29,中國信託-文心,2024-01-18,6164
2353,宏��,152,125,27,中國信託-文心,2024-01-18,6164
00934,中信成長高股息,65,40,25,中國信託-文心,2024-01-18,6164
8092,建暐,24,1,23,中國信託-文心,2024-01-18,6164
2303,聯電,52,29,23,中國信託-文心,2024-01-18,6164
00753L,中信中國50正2,36,14,22,中國信託-文心,2024-01-18,6164
5871,中租-KY,29,8,21,中國信託-文心,2024-01-18,6164
2542,興富發,20,0,20,中國信託-文心,2024-01-18,6164
3038,全台,22,2,20,中國信託-文心,2024-01-18,6164
5515,建國,20,0,20,中國信託-文心,2024-01-18,6164
0050,元大台灣50,20,1,19,中國信託-文心,2024-01-18,6164
00933B,國泰10Y+金融債,21,3,18,中國信託-文心,2024-01-18,6164
3033,威健,22,4,18,中國信託-文心,2024-01-18,6164
00688L,國泰20年美債正2,17,0,17,中國信託-文心,2024-01-18,6164
6243,迅杰,37,20,17,中國信託-文心,2024-01-18,6164
2382,廣達,33,17,16,中國信託-文心,2024-01-18,6164
3260,威剛,17,1,16,中國信託-文心,2024-01-18,6164
00795B,中信美國公債20年,15,0,15,中國信託-文心,2024-01-18,6164
2401,凌陽,26,11,15,中國信託-文心,2024-01-18,6164
1528,恩德,34,19,15,中國信託-文心,2024-01-18,6164
6173,信昌電,15,0,15,中國信託-文心,2024-01-18,6164
3694,海華,17,2,15,中國信託-文心,2024-01-18,6164
2882,國泰金,15,0,15,中國信託-文心,2024-01-18,6164
00935,野村臺灣新科技50,14,0,14,中國信託-文心,2024-01-18,6164
00632R,元大台灣50反1,418,109,309,中國信託-文心,2024-01-19,6164
2409,友達,258,11,247,中國信託-文心,2024-01-19,6164
00929,復華台灣科技優息,226,40,186,中國信託-文心,2024-01-19,6164
00918,大華優利高填息30,170,0,170,中國信託-文心,2024-01-19,6164
00679B,元大美債20年,163,28,135,中國信託-文心,2024-01-19,6164
00720B,元大投資級公司債,126,2,124,中國信託-文心,2024-01-19,6164
00687B,國泰20年美債,156,35,121,中國信託-文心,2024-01-19,6164
00882,中信中國高股息,110,9,101,中國信託-文心,2024-01-19,6164
00935,野村臺灣新科技50,102,9,93,中國信託-文心,2024-01-19,6164
00919,群益台灣精選高息,104,25,79,中國信託-文心,2024-01-19,6164
00937B,群益ESG投等債20,111,33,78,中國信託-文心,2024-01-19,6164
00772B,中信高評級公司債,85,16,69,中國信託-文心,2024-01-19,6164
2891,中信金,60,3,57,中國信託-文心,2024-01-19,6164
2002,中鋼,54,0,54,中國信託-文心,2024-01-19,6164
2618,長榮航,62,15,47,中國信託-文心,2024-01-19,6164
3576,聯合再生,53,10,43,中國信託-文心,2024-01-19,6164
00931B,統一美債20年,104,61,43,中國信託-文心,2024-01-19,6164
00751B,元大AAA至A公司債,41,0,41,中國信託-文心,2024-01-19,6164
4960,誠美材,35,0,35,中國信託-文心,2024-01-19,6164
00795B,中信美國公債20年,34,0,34,中國信託-文心,2024-01-19,6164
00933B,國泰10Y+金融債,29,0,29,中國信託-文心,2024-01-19,6164
00665L,富邦�琤肭磪囓�2,35,6,29,中國信託-文心,2024-01-19,6164
00753L,中信中國50正2,44,16,28,中國信託-文心,2024-01-19,6164
2603,長榮,59,31,28,中國信託-文心,2024-01-19,6164
4956,光鋐,73,46,27,中國信託-文心,2024-01-19,6164
0056,元大高股息,54,29,25,中國信託-文心,2024-01-19,6164
2884,玉山金,29,5,24,中國信託-文心,2024-01-19,6164
8011,台通,20,0,20,中國信託-文心,2024-01-19,6164
00857B,永豐20年美公債,20,0,20,中國信託-文心,2024-01-19,6164
8107,大億金茂,20,0,20,中國信託-文心,2024-01-19,6164
2617,台航,20,1,19,中國信託-文心,2024-01-19,6164
6120,達運,23,5,18,中國信託-文心,2024-01-19,6164
00830,國泰費城半導體,19,1,18,中國信託-文心,2024-01-19,6164
1806,冠軍,18,0,18,中國信託-文心,2024-01-19,6164
00725B,國泰投資級公司債,17,0,17,中國信託-文心,2024-01-19,6164
2486,一詮,39,23,16,中國信託-文心,2024-01-19,6164
1101,台泥,17,2,15,中國信託-文心,2024-01-19,6164
2308,台達電,16,1,15,中國信託-文心,2024-01-19,6164
5525,順天,15,0,15,中國信託-文心,2024-01-19,6164
00905,FT臺灣Smart,15,0,15,中國信託-文心,2024-01-19,6164
9910,豐泰,15,0,15,中國信託-文心,2024-01-19,6164
2610,華航,19,4,15,中國信託-文心,2024-01-19,6164
2637,慧洋-KY,18,4,14,中國信託-文心,2024-01-19,6164
6117,迎廣,64,50,14,中國信託-文心,2024-01-19,6164
6156,松上,14,0,14,中國信託-文心,2024-01-19,6164
4402,郡都開發,14,0,14,中國信託-文心,2024-01-19,6164
5443,均豪,31,17,14,中國信託-文心,2024-01-19,6164
6464,台數科,14,0,14,中國信託-文心,2024-01-19,6164
6442,光聖,13,0,13,中國信託-文心,2024-01-19,6164
2344,華邦電,15,2,13,中國信託-文心,2024-01-19,6164
00882,中信中國高股息,283,26,257,中國信託-文心,2024-01-22,6164
00919,群益台灣精選高息,188,20,168,中國信託-文心,2024-01-22,6164
00929,復華台灣科技優息,158,13,145,中國信託-文心,2024-01-22,6164
00918,大華優利高填息30,123,0,123,中國信託-文心,2024-01-22,6164
00680L,元大美債20正2,130,49,81,中國信託-文心,2024-01-22,6164
00665L,富邦�琤肭磪囓�2,126,49,77,中國信託-文心,2024-01-22,6164
2353,宏��,113,37,76,中國信託-文心,2024-01-22,6164
00632R,元大台灣50反1,817,749,68,中國信託-文心,2024-01-22,6164
00937B,群益ESG投等債20,68,1,67,中國信託-文心,2024-01-22,6164
2515,中工,63,0,63,中國信託-文心,2024-01-22,6164
00687B,國泰20年美債,56,0,56,中國信託-文心,2024-01-22,6164
3055,蔚華科,58,2,56,中國信託-文心,2024-01-22,6164
2316,楠梓電,79,28,51,中國信託-文心,2024-01-22,6164
00676R,富邦臺灣加權反1,50,0,50,中國信託-文心,2024-01-22,6164
00679B,元大美債20年,63,14,49,中國信託-文心,2024-01-22,6164
3231,緯創,231,184,47,中國信託-文心,2024-01-22,6164
4729,熒茂,46,0,46,中國信託-文心,2024-01-22,6164
00933B,國泰10Y+金融債,43,0,43,中國信託-文心,2024-01-22,6164
2002,中鋼,42,1,41,中國信託-文心,2024-01-22,6164
2884,玉山金,37,0,37,中國信託-文心,2024-01-22,6164
00715L,期街口布蘭特正2,37,0,37,中國信託-文心,2024-01-22,6164
2409,友達,140,104,36,中國信託-文心,2024-01-22,6164
8096,擎亞,77,47,30,中國信託-文心,2024-01-22,6164
2867,三商壽,28,0,28,中國信託-文心,2024-01-22,6164
00712,復華富時不動產,23,0,23,中國信託-文心,2024-01-22,6164
1101,台泥,23,0,23,中國信託-文心,2024-01-22,6164
4306,炎洲,20,0,20,中國信託-文心,2024-01-22,6164
6546,正基,20,1,19,中國信託-文心,2024-01-22,6164
3706,神達,133,115,18,中國信託-文心,2024-01-22,6164
4529,淳紳,19,1,18,中國信託-文心,2024-01-22,6164
5488,松普,20,2,18,中國信託-文心,2024-01-22,6164
2603,長榮,31,13,18,中國信託-文心,2024-01-22,6164
2610,華航,45,28,17,中國信託-文心,2024-01-22,6164
8054,安國,86,69,17,中國信託-文心,2024-01-22,6164
6464,台數科,15,0,15,中國信託-文心,2024-01-22,6164
00770,國泰北美科技,14,0,14,中國信託-文心,2024-01-22,6164
5426,振發,80,66,14,中國信託-文心,2024-01-22,6164
2317,鴻海,16,2,14,中國信託-文心,2024-01-22,6164
3437,榮創,18,5,13,中國信託-文心,2024-01-22,6164
00936,台新永續高息中小,14,2,12,中國信託-文心,2024-01-22,6164
3588,通嘉,12,0,12,中國信託-文心,2024-01-22,6164
2457,飛宏,12,0,12,中國信託-文心,2024-01-22,6164
4906,正文,13,2,11,中國信託-文心,2024-01-22,6164
5880,合庫金,12,1,11,中國信託-文心,2024-01-22,6164
2101,南港,11,0,11,中國信託-文心,2024-01-22,6164
8034,榮群,13,2,11,中國信託-文心,2024-01-22,6164
1434,福懋,11,0,11,中國信託-文心,2024-01-22,6164
5347,世界,20,10,10,中國信託-文心,2024-01-22,6164
3114,好德,10,0,10,中國信託-文心,2024-01-22,6164
1532,勤美,10,0,10,中國信託-文心,2024-01-22,6164
3380,明泰,433,16,417,中國信託-文心,2024-01-23,6164
00679B,元大美債20年,129,1,128,中國信託-文心,2024-01-23,6164
3481,群創,440,339,101,中國信託-文心,2024-01-23,6164
6116,彩晶,113,19,94,中國信託-文心,2024-01-23,6164
00918,大華優利高填息30,90,1,89,中國信託-文心,2024-01-23,6164
00632R,元大台灣50反1,87,5,82,中國信託-文心,2024-01-23,6164
2834,臺企銀,78,0,78,中國信託-文心,2024-01-23,6164
00882,中信中國高股息,86,25,61,中國信託-文心,2024-01-23,6164
2516,新建,60,0,60,中國信託-文心,2024-01-23,6164
2609,陽明,62,4,58,中國信託-文心,2024-01-23,6164
2316,楠梓電,58,6,52,中國信託-文心,2024-01-23,6164
0061,元大寶滬深,50,0,50,中國信託-文心,2024-01-23,6164
1909,榮成,50,0,50,中國信託-文心,2024-01-23,6164
00937B,群益ESG投等債20,51,1,50,中國信託-文心,2024-01-23,6164
00637L,元大滬深300正2,65,17,48,中國信託-文心,2024-01-23,6164
3363,上詮,75,39,36,中國信託-文心,2024-01-23,6164
2002,中鋼,40,7,33,中國信託-文心,2024-01-23,6164
6140,訊達,48,24,24,中國信託-文心,2024-01-23,6164
8403,盛弘,22,0,22,中國信託-文心,2024-01-23,6164
00688L,國泰20年美債正2,26,5,21,中國信託-文心,2024-01-23,6164
3490,單井,31,10,21,中國信託-文心,2024-01-23,6164
00687B,國泰20年美債,27,6,21,中國信託-文心,2024-01-23,6164
2887,台新金,21,1,20,中國信託-文心,2024-01-23,6164
00680L,元大美債20正2,21,1,20,中國信託-文心,2024-01-23,6164
3049,精金,20,0,20,中國信託-文心,2024-01-23,6164
2536,宏普,20,0,20,中國信託-文心,2024-01-23,6164
00701,國泰股利精選30,17,0,17,中國信託-文心,2024-01-23,6164
0056,元大高股息,33,16,17,中國信託-文心,2024-01-23,6164
00720B,元大投資級公司債,17,1,16,中國信託-文心,2024-01-23,6164
6233,旺玖,46,33,13,中國信託-文心,2024-01-23,6164
00921,兆豐龍頭等權重,13,0,13,中國信託-文心,2024-01-23,6164
6442,光聖,13,0,13,中國信託-文心,2024-01-23,6164
00706L,期元大S＆P日圓正2,20,7,13,中國信託-文心,2024-01-23,6164
2634,漢翔,16,3,13,中國信託-文心,2024-01-23,6164
2449,京元電子,71,59,12,中國信託-文心,2024-01-23,6164
5258,虹堡,12,0,12,中國信託-文心,2024-01-23,6164
4956,光鋐,12,0,12,中國信託-文心,2024-01-23,6164
6117,迎廣,12,1,11,中國信託-文心,2024-01-23,6164
1326,台化,11,0,11,中國信託-文心,2024-01-23,6164
00930,永豐ESG低碳高息,11,1,10,中國信託-文心,2024-01-23,6164
00933B,國泰10Y+金融債,10,0,10,中國信託-文心,2024-01-23,6164
6546,正基,10,0,10,中國信託-文心,2024-01-23,6164
2425,承啟,11,1,10,中國信託-文心,2024-01-23,6164
4402,郡都開發,19,9,10,中國信託-文心,2024-01-23,6164
2501,國建,10,0,10,中國信託-文心,2024-01-23,6164
3504,揚明光,29,19,10,中國信託-文心,2024-01-23,6164
6164,華興,11,1,10,中國信託-文心,2024-01-23,6164
8935,邦泰,10,0,10,中國信託-文心,2024-01-23,6164
8085,福華,10,0,10,中國信託-文心,2024-01-23,6164
4123,晟德,11,1,10,中國信託-文心,2024-01-23,6164
00665L,富邦�琤肭磪囓�2,479,67,412,中國信託-文心,2024-01-24,6164
00937B,群益ESG投等債20,265,0,265,中國信託-文心,2024-01-24,6164
00687B,國泰20年美債,274,17,257,中國信託-文心,2024-01-24,6164
00918,大華優利高填息30,217,1,216,中國信託-文心,2024-01-24,6164
3380,明泰,127,2,125,中國信託-文心,2024-01-24,6164
00680L,元大美債20正2,122,18,104,中國信託-文心,2024-01-24,6164
00679B,元大美債20年,87,0,87,中國信託-文心,2024-01-24,6164
00637L,元大滬深300正2,119,38,81,中國信託-文心,2024-01-24,6164
3055,蔚華科,90,17,73,中國信託-文心,2024-01-24,6164
2618,長榮航,79,11,68,中國信託-文心,2024-01-24,6164
00881,國泰台灣5G+,53,2,51,中國信託-文心,2024-01-24,6164
2402,毅嘉,77,28,49,中國信託-文心,2024-01-24,6164
8050,廣積,53,7,46,中國信託-文心,2024-01-24,6164
00752,中信中國50,47,1,46,中國信託-文心,2024-01-24,6164
5426,振發,77,33,44,中國信託-文心,2024-01-24,6164
3615,安可,58,19,39,中國信託-文心,2024-01-24,6164
00753L,中信中國50正2,55,17,38,中國信託-文心,2024-01-24,6164
3059,華晶科,49,13,36,中國信託-文心,2024-01-24,6164
00712,復華富時不動產,36,0,36,中國信託-文心,2024-01-24,6164
5315,光聯,35,0,35,中國信託-文心,2024-01-24,6164
3047,訊舟,62,28,34,中國信託-文心,2024-01-24,6164
1809,中釉,38,6,32,中國信託-文心,2024-01-24,6164
6111,大宇資,57,25,32,中國信託-文心,2024-01-24,6164
2353,宏��,96,66,30,中國信託-文心,2024-01-24,6164
6237,驊訊,150,121,29,中國信託-文心,2024-01-24,6164
00720B,元大投資級公司債,26,0,26,中國信託-文心,2024-01-24,6164
00933B,國泰10Y+金融債,27,1,26,中國信託-文心,2024-01-24,6164
5880,合庫金,27,2,25,中國信託-文心,2024-01-24,6164
1101,台泥,30,8,22,中國信託-文心,2024-01-24,6164
1560,中砂,21,0,21,中國信託-文心,2024-01-24,6164
00688L,國泰20年美債正2,59,39,20,中國信託-文心,2024-01-24,6164
8111,立��,20,1,19,中國信託-文心,2024-01-24,6164
00902,中信電池及儲能,22,3,19,中國信託-文心,2024-01-24,6164
2313,華通,102,84,18,中國信託-文心,2024-01-24,6164
2409,友達,93,76,17,中國信託-文心,2024-01-24,6164
2884,玉山金,24,6,18,中國信託-文心,2024-01-24,6164
3545,敦泰,23,5,18,中國信託-文心,2024-01-24,6164
2324,仁寶,70,53,17,中國信託-文心,2024-01-24,6164
00882,中信中國高股息,113,96,17,中國信託-文心,2024-01-24,6164
2002,中鋼,20,3,17,中國信託-文心,2024-01-24,6164
3260,威剛,29,13,16,中國信託-文心,2024-01-24,6164
00636,國泰中國A50,16,0,16,中國信託-文心,2024-01-24,6164
8932,智通*,16,0,16,中國信託-文心,2024-01-24,6164
3231,緯創,96,80,16,中國信託-文心,2024-01-24,6164
0061,元大寶滬深,15,0,15,中國信託-文心,2024-01-24,6164
2344,華邦電,28,13,15,中國信託-文心,2024-01-24,6164
6531,愛普*,19,4,15,中國信託-文心,2024-01-24,6164
2891,中信金,21,6,15,中國信託-文心,2024-01-24,6164
2887,台新金,19,4,15,中國信託-文心,2024-01-24,6164
2515,中工,15,1,14,中國信託-文心,2024-01-24,6164
00632R,元大台灣50反1,587,196,391,中國信託-文心,2024-01-25,6164
00918,大華優利高填息30,213,35,178,中國信託-文心,2024-01-25,6164
00687B,國泰20年美債,175,0,175,中國信託-文心,2024-01-25,6164
00937B,群益ESG投等債20,169,27,142,中國信託-文心,2024-01-25,6164
2516,新建,134,3,131,中國信託-文心,2024-01-25,6164
00679B,元大美債20年,124,2,122,中國信託-文心,2024-01-25,6164
3149,正達,100,2,98,中國信託-文心,2024-01-25,6164
00902,中信電池及儲能,122,32,90,中國信託-文心,2024-01-25,6164
00680L,元大美債20正2,80,3,77,中國信託-文心,2024-01-25,6164
00720B,元大投資級公司債,62,0,62,中國信託-文心,2024-01-25,6164
2884,玉山金,60,7,53,中國信託-文心,2024-01-25,6164
2515,中工,52,3,49,中國信託-文心,2024-01-25,6164
00688L,國泰20年美債正2,52,7,45,中國信託-文心,2024-01-25,6164
8096,擎亞,363,318,45,中國信託-文心,2024-01-25,6164
00929,復華台灣科技優息,91,51,40,中國信託-文心,2024-01-25,6164
00676R,富邦臺灣加權反1,40,0,40,中國信託-文心,2024-01-25,6164
3287,廣寰科,53,15,38,中國信託-文心,2024-01-25,6164
00881,國泰台灣5G+,41,6,35,中國信託-文心,2024-01-25,6164
3025,星通,39,9,30,中國信託-文心,2024-01-25,6164
00882,中信中國高股息,172,143,29,中國信託-文心,2024-01-25,6164
00772B,中信高評級公司債,29,0,29,中國信託-文心,2024-01-25,6164
2353,宏��,41,16,25,中國信託-文心,2024-01-25,6164
00751B,元大AAA至A公司債,24,0,24,中國信託-文心,2024-01-25,6164
00795B,中信美國公債20年,23,0,23,中國信託-文心,2024-01-25,6164
3059,華晶科,23,1,22,中國信託-文心,2024-01-25,6164
2610,華航,34,12,22,中國信託-文心,2024-01-25,6164
2467,志聖,37,16,21,中國信託-文心,2024-01-25,6164
3707,漢磊,20,0,20,中國信託-文心,2024-01-25,6164
00933B,國泰10Y+金融債,20,0,20,中國信託-文心,2024-01-25,6164
2887,台新金,19,0,19,中國信託-文心,2024-01-25,6164
6593,台灣銘板,31,13,18,中國信託-文心,2024-01-25,6164
2603,長榮,19,1,18,中國信託-文心,2024-01-25,6164
2324,仁寶,25,8,17,中國信託-文心,2024-01-25,6164
00664R,國泰臺灣加權反1,17,0,17,中國信託-文心,2024-01-25,6164
1101,台泥,23,7,16,中國信託-文心,2024-01-25,6164
5351,鈺創,16,0,16,中國信託-文心,2024-01-25,6164
2736,富野,17,1,16,中國信託-文心,2024-01-25,6164
3499,環天科,16,0,16,中國信託-文心,2024-01-25,6164
2609,陽明,26,11,15,中國信託-文心,2024-01-25,6164
6274,台燿,21,6,15,中國信託-文心,2024-01-25,6164
2059,川湖,17,2,15,中國信託-文心,2024-01-25,6164
00764B,群益25年美債,14,0,14,中國信託-文心,2024-01-25,6164
2365,昆盈,25,11,14,中國信託-文心,2024-01-25,6164
1802,台玻,21,7,14,中國信託-文心,2024-01-25,6164
3715,定穎投控,18,5,13,中國信託-文心,2024-01-25,6164
6464,台數科,13,0,13,中國信託-文心,2024-01-25,6164
5478,智冠,20,8,12,中國信託-文心,2024-01-25,6164
00633L,富邦上証正2,15,3,12,中國信託-文心,2024-01-25,6164
4909,新復興,105,94,11,中國信託-文心,2024-01-25,6164
2634,漢翔,11,0,11,中國信託-文心,2024-01-25,6164
00918,大華優利高填息30,223,0,223,中國信託-文心,2024-01-26,6164
00687B,國泰20年美債,219,4,215,中國信託-文心,2024-01-26,6164
00937B,群益ESG投等債20,197,1,196,中國信託-文心,2024-01-26,6164
2303,聯電,190,32,158,中國信託-文心,2024-01-26,6164
00929,復華台灣科技優息,183,49,134,中國信託-文心,2024-01-26,6164
00878,國泰永續高股息,148,31,117,中國信託-文心,2024-01-26,6164
00919,群益台灣精選高息,135,32,103,中國信託-文心,2024-01-26,6164
00637L,元大滬深300正2,103,14,89,中國信託-文心,2024-01-26,6164
00882,中信中國高股息,122,35,87,中國信託-文心,2024-01-26,6164
00680L,元大美債20正2,74,0,74,中國信託-文心,2024-01-26,6164
00881,國泰台灣5G+,60,2,58,中國信託-文心,2024-01-26,6164
00673R,期元大S＆P原油反1,61,6,55,中國信託-文心,2024-01-26,6164
00679B,元大美債20年,61,6,55,中國信託-文心,2024-01-26,6164
00772B,中信高評級公司債,61,8,53,中國信託-文心,2024-01-26,6164
3360,尚立,67,23,44,中國信託-文心,2024-01-26,6164
8096,擎亞,77,35,42,中國信託-文心,2024-01-26,6164
00934,中信成長高股息,36,0,36,中國信託-文心,2024-01-26,6164
0056,元大高股息,67,31,36,中國信託-文心,2024-01-26,6164
5439,高技,30,0,30,中國信託-文心,2024-01-26,6164
2609,陽明,43,14,29,中國信託-文心,2024-01-26,6164
00753L,中信中國50正2,46,18,28,中國信託-文心,2024-01-26,6164
3231,緯創,91,64,27,中國信託-文心,2024-01-26,6164
2002,中鋼,34,7,27,中國信託-文心,2024-01-26,6164
5426,振發,71,46,25,中國信託-文心,2024-01-26,6164
1609,大亞,61,36,25,中國信託-文心,2024-01-26,6164
6140,訊達,57,32,25,中國信託-文心,2024-01-26,6164
00650L,復華香港正2,25,0,25,中國信託-文心,2024-01-26,6164
3694,海華,170,146,24,中國信託-文心,2024-01-26,6164
6156,松上,23,0,23,中國信託-文心,2024-01-26,6164
1319,東陽,37,14,23,中國信託-文心,2024-01-26,6164
00752,中信中國50,23,1,22,中國信託-文心,2024-01-26,6164
2201,裕隆,21,0,21,中國信託-文心,2024-01-26,6164
2477,美隆電,20,0,20,中國信託-文心,2024-01-26,6164
020033,統一�琤肮黕篾,20,0,20,中國信託-文心,2024-01-26,6164
6235,華孚,25,7,18,中國信託-文心,2024-01-26,6164
00720B,元大投資級公司債,30,12,18,中國信託-文心,2024-01-26,6164
2618,長榮航,22,6,16,中國信託-文心,2024-01-26,6164
3265,台星科,53,37,16,中國信託-文心,2024-01-26,6164
2313,華通,27,11,16,中國信託-文心,2024-01-26,6164
2324,仁寶,47,32,15,中國信託-文心,2024-01-26,6164
9105,泰金寶-DR,25,10,15,中國信託-文心,2024-01-26,6164
5905,南仁湖,15,0,15,中國信託-文心,2024-01-26,6164
1101,台泥,15,0,15,中國信託-文心,2024-01-26,6164
8932,智通*,14,0,14,中國信託-文心,2024-01-26,6164
2476,鉅祥,15,2,13,中國信託-文心,2024-01-26,6164
2405,輔信,14,2,12,中國信託-文心,2024-01-26,6164
3032,偉訓,16,4,12,中國信託-文心,2024-01-26,6164
8215,明基材,20,8,12,中國信託-文心,2024-01-26,6164
3035,智原,26,15,11,中國信託-文心,2024-01-26,6164
2515,中工,11,0,11,中國信託-文心,2024-01-26,6164
00673R,期元大S＆P原油反1,270,0,270,中國信託-文心,2024-01-29,6164
00937B,群益ESG投等債20,205,0,205,中國信託-文心,2024-01-29,6164
00687B,國泰20年美債,201,1,200,中國信託-文心,2024-01-29,6164
3380,明泰,98,0,98,中國信託-文心,2024-01-29,6164
2303,聯電,116,20,96,中國信託-文心,2024-01-29,6164
00720B,元大投資級公司債,95,1,94,中國信託-文心,2024-01-29,6164
00679B,元大美債20年,81,2,79,中國信託-文心,2024-01-29,6164
00918,大華優利高填息30,72,0,72,中國信託-文心,2024-01-29,6164
2344,華邦電,74,3,71,中國信託-文心,2024-01-29,6164
00933B,國泰10Y+金融債,67,7,60,中國信託-文心,2024-01-29,6164
00706L,期元大S＆P日圓正2,51,0,51,中國信託-文心,2024-01-29,6164
00680L,元大美債20正2,58,12,46,中國信託-文心,2024-01-29,6164
00632R,元大台灣50反1,75,32,43,中國信託-文心,2024-01-29,6164
2515,中工,40,3,37,中國信託-文心,2024-01-29,6164
2365,昆盈,43,8,35,中國信託-文心,2024-01-29,6164
2443,昶虹,35,0,35,中國信託-文心,2024-01-29,6164
00904,新光臺灣半導體30,34,1,33,中國信託-文心,2024-01-29,6164
2409,友達,30,0,30,中國信託-文心,2024-01-29,6164
00650L,復華香港正2,31,1,30,中國信託-文心,2024-01-29,6164
1101,台泥,34,5,29,中國信託-文心,2024-01-29,6164
00795B,中信美國公債20年,29,0,29,中國信託-文心,2024-01-29,6164
5426,振發,58,30,28,中國信託-文心,2024-01-29,6164
3545,敦泰,28,2,26,中國信託-文心,2024-01-29,6164
00772B,中信高評級公司債,26,1,25,中國信託-文心,2024-01-29,6164
6140,訊達,26,2,24,中國信託-文心,2024-01-29,6164
00688L,國泰20年美債正2,21,0,21,中國信託-文心,2024-01-29,6164
2337,旺宏,20,0,20,中國信託-文心,2024-01-29,6164
00676R,富邦臺灣加權反1,20,0,20,中國信託-文心,2024-01-29,6164
1528,恩德,27,7,20,中國信託-文心,2024-01-29,6164
2356,英業達,93,73,20,中國信託-文心,2024-01-29,6164
2201,裕隆,21,2,19,中國信託-文心,2024-01-29,6164
2867,三商壽,21,2,19,中國信託-文心,2024-01-29,6164
2382,廣達,23,5,18,中國信託-文心,2024-01-29,6164
00902,中信電池及儲能,17,0,17,中國信託-文心,2024-01-29,6164
5236,凌陽創新,16,0,16,中國信託-文心,2024-01-29,6164
00757,統一FANG+,15,0,15,中國信託-文心,2024-01-29,6164
3050,鈺德,15,0,15,中國信託-文心,2024-01-29,6164
3363,上詮,23,9,14,中國信託-文心,2024-01-29,6164
9105,泰金寶-DR,26,12,14,中國信託-文心,2024-01-29,6164
00751B,元大AAA至A公司債,15,1,14,中國信託-文心,2024-01-29,6164
2888,新光金,14,0,14,中國信託-文心,2024-01-29,6164
00712,復華富時不動產,14,0,14,中國信託-文心,2024-01-29,6164
8104,錸寶,11,0,11,中國信託-文心,2024-01-29,6164
00907,永豐優息存股,11,0,11,中國信託-文心,2024-01-29,6164
2812,台中銀,11,0,11,中國信託-文心,2024-01-29,6164
3017,奇鋐,16,5,11,中國信託-文心,2024-01-29,6164
3622,洋華,33,22,11,中國信託-文心,2024-01-29,6164
3047,訊舟,12,1,11,中國信託-文心,2024-01-29,6164
00733,富邦臺灣中小,10,0,10,中國信託-文心,2024-01-29,6164
2376,技嘉,12,2,10,中國信託-文心,2024-01-29,6164
00637L,元大滬深300正2,178,20,158,中國信託-文心,2024-01-30,6164
00882,中信中國高股息,159,17,142,中國信託-文心,2024-01-30,6164
5871,中租-KY,138,0,138,中國信託-文心,2024-01-30,6164
3481,群創,169,36,133,中國信託-文心,2024-01-30,6164
00680L,元大美債20正2,145,30,115,中國信託-文心,2024-01-30,6164
00752,中信中國50,65,0,65,中國信託-文心,2024-01-30,6164
00687B,國泰20年美債,81,19,62,中國信託-文心,2024-01-30,6164
00937B,群益ESG投等債20,61,2,59,中國信託-文心,2024-01-30,6164
00918,大華優利高填息30,55,0,55,中國信託-文心,2024-01-30,6164
2891,中信金,53,9,44,中國信託-文心,2024-01-30,6164
00753L,中信中國50正2,44,0,44,中國信託-文心,2024-01-30,6164
00715L,期街口布蘭特正2,38,0,38,中國信託-文心,2024-01-30,6164
2303,聯電,46,10,36,中國信託-文心,2024-01-30,6164
00933B,國泰10Y+金融債,38,2,36,中國信託-文心,2024-01-30,6164
00931B,統一美債20年,38,3,35,中國信託-文心,2024-01-30,6164
00688L,國泰20年美債正2,138,104,34,中國信託-文心,2024-01-30,6164
2867,三商壽,38,5,33,中國信託-文心,2024-01-30,6164
2421,建準,76,44,32,中國信託-文心,2024-01-30,6164
00892,富邦台灣半導體,30,1,29,中國信託-文心,2024-01-30,6164
3081,聯亞,29,0,29,中國信託-文心,2024-01-30,6164
1101,台泥,30,2,28,中國信託-文心,2024-01-30,6164
2467,志聖,30,4,26,中國信託-文心,2024-01-30,6164
8034,榮群,24,0,24,中國信託-文心,2024-01-30,6164
1717,長興,24,0,24,中國信託-文心,2024-01-30,6164
5880,合庫金,25,1,24,中國信託-文心,2024-01-30,6164
2313,華通,48,25,23,中國信託-文心,2024-01-30,6164
2308,台達電,24,2,22,中國信託-文心,2024-01-30,6164
3230,錦明,21,0,21,中國信託-文心,2024-01-30,6164
00679B,元大美債20年,21,1,20,中國信託-文心,2024-01-30,6164
6770,力積電,80,60,20,中國信託-文心,2024-01-30,6164
2888,新光金,19,0,19,中國信託-文心,2024-01-30,6164
9105,泰金寶-DR,28,10,18,中國信託-文心,2024-01-30,6164
00665L,富邦�琤肭磪囓�2,70,52,18,中國信託-文心,2024-01-30,6164
2883,凱基金,32,15,17,中國信託-文心,2024-01-30,6164
3034,聯詠,17,0,17,中國信託-文心,2024-01-30,6164
2887,台新金,17,0,17,中國信託-文心,2024-01-30,6164
2376,技嘉,48,31,17,中國信託-文心,2024-01-30,6164
6182,合晶,16,1,15,中國信託-文心,2024-01-30,6164
2412,中華電,15,1,14,中國信託-文心,2024-01-30,6164
8176,智捷,14,0,14,中國信託-文心,2024-01-30,6164
6464,台數科,14,0,14,中國信託-文心,2024-01-30,6164
2002,中鋼,17,3,14,中國信託-文心,2024-01-30,6164
8215,明基材,13,0,13,中國信託-文心,2024-01-30,6164
2344,華邦電,15,2,13,中國信託-文心,2024-01-30,6164
1519,華城,24,11,13,中國信託-文心,2024-01-30,6164
2498,宏達電,15,2,13,中國信託-文心,2024-01-30,6164
2603,長榮,20,8,12,中國信託-文心,2024-01-30,6164
2323,中環,12,0,12,中國信託-文心,2024-01-30,6164
2457,飛宏,12,0,12,中國信託-文心,2024-01-30,6164
2886,兆豐金,12,0,12,中國信託-文心,2024-01-30,6164
00680L,元大美債20正2,270,1,269,中國信託-文心,2024-01-31,6164
3481,群創,165,28,137,中國信託-文心,2024-01-31,6164
00706L,期元大S＆P日圓正2,135,0,135,中國信託-文心,2024-01-31,6164
020033,統一�琤肮黕篾,100,0,100,中國信託-文心,2024-01-31,6164
00687B,國泰20年美債,108,12,96,中國信託-文心,2024-01-31,6164
00900,富邦特選高股息30,80,5,75,中國信託-文心,2024-01-31,6164
00882,中信中國高股息,85,12,73,中國信託-文心,2024-01-31,6164
2303,聯電,85,14,71,中國信託-文心,2024-01-31,6164
2615,萬海,68,0,68,中國信託-文心,2024-01-31,6164
00919,群益台灣精選高息,102,37,65,中國信託-文心,2024-01-31,6164
00878,國泰永續高股息,75,10,65,中國信託-文心,2024-01-31,6164
3296,勝德,60,0,60,中國信託-文心,2024-01-31,6164
00929,復華台灣科技優息,85,27,58,中國信託-文心,2024-01-31,6164
00637L,元大滬深300正2,61,10,51,中國信託-文心,2024-01-31,6164
00753L,中信中國50正2,47,1,46,中國信託-文心,2024-01-31,6164
2515,中工,44,0,44,中國信託-文心,2024-01-31,6164
00720B,元大投資級公司債,62,20,42,中國信託-文心,2024-01-31,6164
00795B,中信美國公債20年,41,2,39,中國信託-文心,2024-01-31,6164
2007,燁興,36,0,36,中國信託-文心,2024-01-31,6164
3231,緯創,85,51,34,中國信託-文心,2024-01-31,6164
2421,建準,45,13,32,中國信託-文心,2024-01-31,6164
8404,百和興業-KY,31,0,31,中國信託-文心,2024-01-31,6164
1101,台泥,31,2,29,中國信託-文心,2024-01-31,6164
00933B,國泰10Y+金融債,34,5,29,中國信託-文心,2024-01-31,6164
2867,三商壽,29,0,29,中國信託-文心,2024-01-31,6164
2356,英業達,42,17,25,中國信託-文心,2024-01-31,6164
2609,陽明,31,6,25,中國信託-文心,2024-01-31,6164
2603,長榮,25,0,25,中國信託-文心,2024-01-31,6164
2409,友達,26,1,25,中國信託-文心,2024-01-31,6164
2313,華通,36,12,24,中國信託-文心,2024-01-31,6164
2355,敬鵬,27,5,22,中國信託-文心,2024-01-31,6164
4951,精拓科,22,0,22,中國信託-文心,2024-01-31,6164
00679B,元大美債20年,34,13,21,中國信託-文心,2024-01-31,6164
6546,正基,21,0,21,中國信託-文心,2024-01-31,6164
00688L,國泰20年美債正2,22,1,21,中國信託-文心,2024-01-31,6164
5488,松普,20,0,20,中國信託-文心,2024-01-31,6164
2501,國建,20,1,19,中國信託-文心,2024-01-31,6164
3545,敦泰,26,7,19,中國信託-文心,2024-01-31,6164
2308,台達電,20,1,19,中國信託-文心,2024-01-31,6164
00712,復華富時不動產,17,0,17,中國信託-文心,2024-01-31,6164
00931B,統一美債20年,18,1,17,中國信託-文心,2024-01-31,6164
2883,凱基金,30,14,16,中國信託-文心,2024-01-31,6164
6113,亞矽,52,37,15,中國信託-文心,2024-01-31,6164
1717,長興,14,0,14,中國信託-文心,2024-01-31,6164
3036,文曄,36,22,14,中國信託-文心,2024-01-31,6164
2201,裕隆,14,1,13,中國信託-文心,2024-01-31,6164
6464,台數科,13,0,13,中國信託-文心,2024-01-31,6164
2460,建通,18,5,13,中國信託-文心,2024-01-31,6164
00918,大華優利高填息30,13,0,13,中國信託-文心,2024-01-31,6164
2610,華航,12,0,12,中國信託-文心,2024-01-31,6164
2812,台中銀,303,78,225,中國信託-文心,2024-02-01,6164
00712,復華富時不動產,214,0,214,中國信託-文心,2024-02-01,6164
00878,國泰永續高股息,191,25,166,中國信託-文心,2024-02-01,6164
00919,群益台灣精選高息,170,16,154,中國信託-文心,2024-02-01,6164
00937B,群益ESG投等債20,157,55,102,中國信託-文心,2024-02-01,6164
00720B,元大投資級公司債,86,9,77,中國信託-文心,2024-02-01,6164
2303,聯電,96,19,77,中國信託-文心,2024-02-01,6164
00857B,永豐20年美公債,58,0,58,中國信託-文心,2024-02-01,6164
00679B,元大美債20年,64,8,56,中國信託-文心,2024-02-01,6164
2201,裕隆,56,1,55,中國信託-文心,2024-02-01,6164
00680L,元大美債20正2,92,40,52,中國信託-文心,2024-02-01,6164
00929,復華台灣科技優息,179,134,45,中國信託-文心,2024-02-01,6164
1503,士電,73,29,44,中國信託-文心,2024-02-01,6164
2449,京元電子,44,3,41,中國信託-文心,2024-02-01,6164
6126,信音,34,0,34,中國信託-文心,2024-02-01,6164
00637L,元大滬深300正2,69,38,31,中國信託-文心,2024-02-01,6164
00877,復華中國5G,30,0,30,中國信託-文心,2024-02-01,6164
8016,矽創,30,0,30,中國信託-文心,2024-02-01,6164
3289,宜特,31,3,28,中國信託-文心,2024-02-01,6164
00927,群益半導體收益,26,0,26,中國信託-文心,2024-02-01,6164
00688L,國泰20年美債正2,52,27,25,中國信託-文心,2024-02-01,6164
3694,海華,73,50,23,中國信託-文心,2024-02-01,6164
2486,一詮,28,6,22,中國信託-文心,2024-02-01,6164
8034,榮群,24,2,22,中國信託-文心,2024-02-01,6164
00915,凱基優選高股息30,25,3,22,中國信託-文心,2024-02-01,6164
6139,亞翔,26,4,22,中國信託-文心,2024-02-01,6164
2382,廣達,39,17,22,中國信託-文心,2024-02-01,6164
2363,矽統,27,6,21,中國信託-文心,2024-02-01,6164
3296,勝德,21,0,21,中國信託-文心,2024-02-01,6164
8936,國統,155,135,20,中國信託-文心,2024-02-01,6164
6229,研通,36,16,20,中國信託-文心,2024-02-01,6164
2349,錸德,20,0,20,中國信託-文心,2024-02-01,6164
3058,立德,20,0,20,中國信託-文心,2024-02-01,6164
4167,松瑞藥,20,0,20,中國信託-文心,2024-02-01,6164
00882,中信中國高股息,36,16,20,中國信託-文心,2024-02-01,6164
00795B,中信美國公債20年,29,11,18,中國信託-文心,2024-02-01,6164
2537,聯上發,21,3,18,中國信託-文心,2024-02-01,6164
3032,偉訓,28,13,15,中國信託-文心,2024-02-01,6164
2330,台積電,32,16,16,中國信託-文心,2024-02-01,6164
6770,力積電,17,3,14,中國信託-文心,2024-02-01,6164
3047,訊舟,16,2,14,中國信託-文心,2024-02-01,6164
2301,光寶科,14,0,14,中國信託-文心,2024-02-01,6164
8011,台通,18,5,13,中國信託-文心,2024-02-01,6164
2337,旺宏,13,0,13,中國信託-文心,2024-02-01,6164
6462,神盾,15,3,12,中國信託-文心,2024-02-01,6164
4562,穎漢,12,0,12,中國信託-文心,2024-02-01,6164
6270,倍微,12,0,12,中國信託-文心,2024-02-01,6164
3035,智原,32,20,12,中國信託-文心,2024-02-01,6164
4908,前鼎,32,21,11,中國信託-文心,2024-02-01,6164
8096,擎亞,32,21,11,中國信託-文心,2024-02-01,6164
00937B,群益ESG投等債20,622,100,522,中國信託-文心,2024-02-02,6164
1314,中石化,167,30,137,中國信託-文心,2024-02-02,6164
00929,復華台灣科技優息,140,5,135,中國信託-文心,2024-02-02,6164
00712,復華富時不動產,126,0,126,中國信託-文心,2024-02-02,6164
00715L,期街口布蘭特正2,124,0,124,中國信託-文心,2024-02-02,6164
00679B,元大美債20年,113,2,111,中國信託-文心,2024-02-02,6164
00933B,國泰10Y+金融債,101,0,101,中國信託-文心,2024-02-02,6164
00687B,國泰20年美債,87,10,77,中國信託-文心,2024-02-02,6164
00632R,元大台灣50反1,96,20,76,中國信託-文心,2024-02-02,6164
00882,中信中國高股息,77,3,74,中國信託-文心,2024-02-02,6164
00919,群益台灣精選高息,105,31,74,中國信託-文心,2024-02-02,6164
00688L,國泰20年美債正2,75,6,69,中國信託-文心,2024-02-02,6164
2603,長榮,61,10,51,中國信託-文心,2024-02-02,6164
2812,台中銀,121,70,51,中國信託-文心,2024-02-02,6164
3481,群創,201,154,47,中國信託-文心,2024-02-02,6164
2303,聯電,73,27,46,中國信託-文心,2024-02-02,6164
1609,大亞,46,5,41,中國信託-文心,2024-02-02,6164
00637L,元大滬深300正2,49,8,41,中國信託-文心,2024-02-02,6164
00720B,元大投資級公司債,165,125,40,中國信託-文心,2024-02-02,6164
2609,陽明,47,8,39,中國信託-文心,2024-02-02,6164
3615,安可,75,38,37,中國信託-文心,2024-02-02,6164
2352,佳世達,48,12,36,中國信託-文心,2024-02-02,6164
00680L,元大美債20正2,34,0,34,中國信託-文心,2024-02-02,6164
00878,國泰永續高股息,94,61,33,中國信託-文心,2024-02-02,6164
3036,文曄,65,33,32,中國信託-文心,2024-02-02,6164
1217,愛之味,30,0,30,中國信託-文心,2024-02-02,6164
2489,瑞軒,30,0,30,中國信託-文心,2024-02-02,6164
020033,統一�琤肮黕篾,30,0,30,中國信託-文心,2024-02-02,6164
6290,良維,33,7,26,中國信託-文心,2024-02-02,6164
2891,中信金,24,0,24,中國信託-文心,2024-02-02,6164
2313,華通,51,29,22,中國信託-文心,2024-02-02,6164
2324,仁寶,42,21,21,中國信託-文心,2024-02-02,6164
2344,華邦電,24,3,21,中國信託-文心,2024-02-02,6164
00931B,統一美債20年,22,1,21,中國信託-文心,2024-02-02,6164
3543,州巧,24,3,21,中國信託-文心,2024-02-02,6164
6156,松上,22,1,21,中國信託-文心,2024-02-02,6164
6164,華興,20,0,20,中國信託-文心,2024-02-02,6164
3313,斐成,21,1,20,中國信託-文心,2024-02-02,6164
3050,鈺德,38,18,20,中國信託-文心,2024-02-02,6164
2886,兆豐金,23,3,20,中國信託-文心,2024-02-02,6164
3287,廣寰科,24,5,19,中國信託-文心,2024-02-02,6164
4188,安克,20,1,19,中國信託-文心,2024-02-02,6164
00927,群益半導體收益,19,0,19,中國信託-文心,2024-02-02,6164
00753L,中信中國50正2,46,28,18,中國信託-文心,2024-02-02,6164
6270,倍微,18,0,18,中國信託-文心,2024-02-02,6164
2353,宏��,46,28,18,中國信託-文心,2024-02-02,6164
3296,勝德,24,7,17,中國信託-文心,2024-02-02,6164
00665L,富邦�琤肭磪囓�2,49,32,17,中國信託-文心,2024-02-02,6164
00770,國泰北美科技,16,0,16,中國信託-文心,2024-02-02,6164
2002,中鋼,17,1,16,中國信託-文心,2024-02-02,6164
00665L,富邦�琤肭磪囓�2,669,151,518,中國信託-文心,2024-02-05,6164
00929,復華台灣科技優息,355,24,331,中國信託-文心,2024-02-05,6164
00919,群益台灣精選高息,295,11,284,中國信託-文心,2024-02-05,6164
00937B,群益ESG投等債20,323,100,223,中國信託-文心,2024-02-05,6164
00680L,元大美債20正2,202,13,189,中國信託-文心,2024-02-05,6164
00712,復華富時不動產,194,10,184,中國信託-文心,2024-02-05,6164
00687B,國泰20年美債,207,35,172,中國信託-文心,2024-02-05,6164
3481,群創,175,13,162,中國信託-文心,2024-02-05,6164
00679B,元大美債20年,163,33,130,中國信託-文心,2024-02-05,6164
1314,中石化,123,3,120,中國信託-文心,2024-02-05,6164
2419,仲琦,107,2,105,中國信託-文心,2024-02-05,6164
1217,愛之味,102,0,102,中國信託-文心,2024-02-05,6164
00688L,國泰20年美債正2,93,3,90,中國信託-文心,2024-02-05,6164
6153,嘉聯益,83,7,76,中國信託-文心,2024-02-05,6164
2617,台航,72,2,70,中國信託-文心,2024-02-05,6164
3607,谷崧,62,2,60,中國信託-文心,2024-02-05,6164
00753L,中信中國50正2,82,23,59,中國信託-文心,2024-02-05,6164
0056,元大高股息,76,24,52,中國信託-文心,2024-02-05,6164
2884,玉山金,53,3,50,中國信託-文心,2024-02-05,6164
2369,菱生,56,10,46,中國信託-文心,2024-02-05,6164
2812,台中銀,44,3,41,中國信託-文心,2024-02-05,6164
00715L,期街口布蘭特正2,84,46,38,中國信託-文心,2024-02-05,6164
2365,昆盈,94,56,38,中國信託-文心,2024-02-05,6164
00764B,群益25年美債,36,1,35,中國信託-文心,2024-02-05,6164
2883,凱基金,39,6,33,中國信託-文心,2024-02-05,6164
00637L,元大滬深300正2,115,88,27,中國信託-文心,2024-02-05,6164
2025,千興,30,3,27,中國信託-文心,2024-02-05,6164
4714,永捷,50,24,26,中國信託-文心,2024-02-05,6164
4162,智擎,27,1,26,中國信託-文心,2024-02-05,6164
00927,群益半導體收益,25,0,25,中國信託-文心,2024-02-05,6164
2329,華泰,46,23,23,中國信託-文心,2024-02-05,6164
2002,中鋼,25,3,22,中國信託-文心,2024-02-05,6164
1316,上曜,23,1,22,中國信託-文心,2024-02-05,6164
2601,益航,21,0,21,中國信託-文心,2024-02-05,6164
2344,華邦電,29,8,21,中國信託-文心,2024-02-05,6164
00878,國泰永續高股息,206,185,21,中國信託-文心,2024-02-05,6164
2495,普安,20,0,20,中國信託-文心,2024-02-05,6164
2610,華航,24,5,19,中國信託-文心,2024-02-05,6164
2888,新光金,22,3,19,中國信託-文心,2024-02-05,6164
00892,富邦台灣半導體,19,0,19,中國信託-文心,2024-02-05,6164
4303,信立,29,10,19,中國信託-文心,2024-02-05,6164
2387,精元,20,1,19,中國信託-文心,2024-02-05,6164
6464,台數科,19,0,19,中國信託-文心,2024-02-05,6164
2303,聯電,60,43,17,中國信託-文心,2024-02-05,6164
00934,中信成長高股息,18,0,18,中國信託-文心,2024-02-05,6164
2409,友達,20,4,16,中國信託-文心,2024-02-05,6164
2634,漢翔,16,0,16,中國信託-文心,2024-02-05,6164
2443,昶虹,16,0,16,中國信託-文心,2024-02-05,6164
00633L,富邦上証正2,23,7,16,中國信託-文心,2024-02-05,6164
00891,中信關鍵半導體,29,14,15,中國信託-文心,2024-02-05,6164
00712,復華富時不動產,1068,32,1036,中國信託-文心,2024-02-15,6164
00680L,元大美債20正2,355,31,324,中國信託-文心,2024-02-15,6164
00937B,群益ESG投等債20,302,0,302,中國信託-文心,2024-02-15,6164
00687B,國泰20年美債,298,2,296,中國信託-文心,2024-02-15,6164
00751B,元大AAA至A公司債,280,0,280,中國信託-文心,2024-02-15,6164
00688L,國泰20年美債正2,253,0,253,中國信託-文心,2024-02-15,6164
00679B,元大美債20年,246,0,246,中國信託-文心,2024-02-15,6164
00706L,期元大S＆P日圓正2,223,0,223,中國信託-文心,2024-02-15,6164
2605,新興,142,4,138,中國信託-文心,2024-02-15,6164
00632R,元大台灣50反1,152,16,136,中國信託-文心,2024-02-15,6164
00933B,國泰10Y+金融債,127,2,125,中國信託-文心,2024-02-15,6164
00720B,元大投資級公司債,114,2,112,中國信託-文心,2024-02-15,6164
1714,和桐,105,0,105,中國信託-文心,2024-02-15,6164
00905,FT臺灣Smart,100,0,100,中國信託-文心,2024-02-15,6164
00700,富邦�琤肭磪�,100,0,100,中國信託-文心,2024-02-15,6164
3481,群創,185,86,99,中國信託-文心,2024-02-15,6164
00772B,中信高評級公司債,98,0,98,中國信託-文心,2024-02-15,6164
00935,野村臺灣新科技50,101,3,98,中國信託-文心,2024-02-15,6164
00922,國泰台灣領袖50,108,16,92,中國信託-文心,2024-02-15,6164
00929,復華台灣科技優息,119,37,82,中國信託-文心,2024-02-15,6164
2344,華邦電,82,13,69,中國信託-文心,2024-02-15,6164
3380,明泰,67,0,67,中國信託-文心,2024-02-15,6164
2305,全友,63,4,59,中國信託-文心,2024-02-15,6164
00795B,中信美國公債20年,56,0,56,中國信託-文心,2024-02-15,6164
00931B,統一美債20年,59,6,53,中國信託-文心,2024-02-15,6164
00673R,期元大S＆P原油反1,52,0,52,中國信託-文心,2024-02-15,6164
3055,蔚華科,66,14,52,中國信託-文心,2024-02-15,6164
2025,千興,70,21,49,中國信託-文心,2024-02-15,6164
4188,安克,50,3,47,中國信託-文心,2024-02-15,6164
4714,永捷,140,98,42,中國信託-文心,2024-02-15,6164
6684,安格,82,40,42,中國信託-文心,2024-02-15,6164
3206,志豐,37,0,37,中國信託-文心,2024-02-15,6164
00665L,富邦�琤肭磪囓�2,44,8,36,中國信託-文心,2024-02-15,6164
2888,新光金,45,10,35,中國信託-文心,2024-02-15,6164
2618,長榮航,35,4,31,中國信託-文心,2024-02-15,6164
00911,兆豐洲際半導體,31,0,31,中國信託-文心,2024-02-15,6164
5871,中租-KY,31,1,30,中國信託-文心,2024-02-15,6164
1615,大山,30,1,29,中國信託-文心,2024-02-15,6164
00714,群益道瓊美國地產,26,0,26,中國信託-文心,2024-02-15,6164
5351,鈺創,25,1,24,中國信託-文心,2024-02-15,6164
8087,麗升能源,24,0,24,中國信託-文心,2024-02-15,6164
2883,凱基金,30,6,24,中國信託-文心,2024-02-15,6164
00830,國泰費城半導體,26,3,23,中國信託-文心,2024-02-15,6164
00882,中信中國高股息,62,39,23,中國信託-文心,2024-02-15,6164
6113,亞矽,25,2,23,中國信託-文心,2024-02-15,6164
00671R,富邦NASDAQ反1,23,0,23,中國信託-文心,2024-02-15,6164
3049,精金,22,0,22,中國信託-文心,2024-02-15,6164
00857B,永豐20年美公債,22,0,22,中國信託-文心,2024-02-15,6164
5469,瀚宇博,22,0,22,中國信託-文心,2024-02-15,6164
9105,泰金寶-DR,26,4,22,中國信託-文心,2024-02-15,6164
00929,復華台灣科技優息,784,238,546,中國信託-文心,2024-02-16,6164
00937B,群益ESG投等債20,379,13,366,中國信託-文心,2024-02-16,6164
00687B,國泰20年美債,330,5,325,中國信託-文心,2024-02-16,6164
00927,群益半導體收益,274,0,274,中國信託-文心,2024-02-16,6164
00679B,元大美債20年,255,45,210,中國信託-文心,2024-02-16,6164
00706L,期元大S＆P日圓正2,190,0,190,中國信託-文心,2024-02-16,6164
00919,群益台灣精選高息,324,177,147,中國信託-文心,2024-02-16,6164
00931B,統一美債20年,144,0,144,中國信託-文心,2024-02-16,6164
00712,復華富時不動產,138,10,128,中國信託-文心,2024-02-16,6164
00688L,國泰20年美債正2,124,0,124,中國信託-文心,2024-02-16,6164
00933B,國泰10Y+金融債,93,14,79,中國信託-文心,2024-02-16,6164
00680L,元大美債20正2,68,2,66,中國信託-文心,2024-02-16,6164
00795B,中信美國公債20年,56,0,56,中國信託-文心,2024-02-16,6164
2025,千興,74,20,54,中國信託-文心,2024-02-16,6164
4162,智擎,53,0,53,中國信託-文心,2024-02-16,6164
2365,昆盈,98,45,53,中國信託-文心,2024-02-16,6164
3031,佰鴻,50,0,50,中國信託-文心,2024-02-16,6164
00764B,群益25年美債,49,0,49,中國信託-文心,2024-02-16,6164
3005,神基,48,0,48,中國信託-文心,2024-02-16,6164
6806,森崴能源,70,24,46,中國信託-文心,2024-02-16,6164
2382,廣達,80,34,46,中國信託-文心,2024-02-16,6164
00673R,期元大S＆P原油反1,42,0,42,中國信託-文心,2024-02-16,6164
3312,弘憶股,44,3,41,中國信託-文心,2024-02-16,6164
00720B,元大投資級公司債,45,5,40,中國信託-文心,2024-02-16,6164
3050,鈺德,39,0,39,中國信託-文心,2024-02-16,6164
2405,輔信,57,19,38,中國信託-文心,2024-02-16,6164
3481,群創,50,14,36,中國信託-文心,2024-02-16,6164
00935,野村臺灣新科技50,40,5,35,中國信託-文心,2024-02-16,6164
00918,大華優利高填息30,33,0,33,中國信託-文心,2024-02-16,6164
2324,仁寶,46,14,32,中國信託-文心,2024-02-16,6164
00857B,永豐20年美公債,31,0,31,中國信託-文心,2024-02-16,6164
2530,華建,31,0,31,中國信託-文心,2024-02-16,6164
2330,台積電,48,17,31,中國信託-文心,2024-02-16,6164
3264,欣銓,30,2,28,中國信託-文心,2024-02-16,6164
8070,長華*,36,10,26,中國信託-文心,2024-02-16,6164
2402,毅嘉,26,1,25,中國信託-文心,2024-02-16,6164
0050,元大台灣50,46,23,23,中國信託-文心,2024-02-16,6164
2408,南亞科,26,4,22,中國信託-文心,2024-02-16,6164
1101,台泥,32,10,22,中國信託-文心,2024-02-16,6164
5426,振發,96,75,21,中國信託-文心,2024-02-16,6164
3234,光環,22,2,20,中國信託-文心,2024-02-16,6164
00915,凱基優選高股息30,26,7,19,中國信託-文心,2024-02-16,6164
2486,一詮,74,56,18,中國信託-文心,2024-02-16,6164
2419,仲琦,17,0,17,中國信託-文心,2024-02-16,6164
2727,王品,18,1,17,中國信託-文心,2024-02-16,6164
3163,波若威,19,3,16,中國信託-文心,2024-02-16,6164
2355,敬鵬,48,32,16,中國信託-文心,2024-02-16,6164
2421,建準,33,18,15,中國信託-文心,2024-02-16,6164
8155,博智,15,0,15,中國信託-文心,2024-02-16,6164
3055,蔚華科,22,7,15,中國信託-文心,2024-02-16,6164
1718,中纖,344,0,344,中國信託-文心,2024-02-19,6164
00937B,群益ESG投等債20,399,64,335,中國信託-文心,2024-02-19,6164
00919,群益台灣精選高息,315,35,280,中國信託-文心,2024-02-19,6164
00878,國泰永續高股息,293,47,246,中國信託-文心,2024-02-19,6164
00933B,國泰10Y+金融債,265,45,220,中國信託-文心,2024-02-19,6164
00882,中信中國高股息,145,8,137,中國信託-文心,2024-02-19,6164
2369,菱生,245,121,124,中國信託-文心,2024-02-19,6164
00687B,國泰20年美債,123,1,122,中國信託-文心,2024-02-19,6164
6116,彩晶,102,5,97,中國信託-文心,2024-02-19,6164
00665L,富邦�琤肭磪囓�2,114,18,96,中國信託-文心,2024-02-19,6164
00929,復華台灣科技優息,227,144,83,中國信託-文心,2024-02-19,6164
00632R,元大台灣50反1,115,36,79,中國信託-文心,2024-02-19,6164
3167,大量,76,0,76,中國信託-文心,2024-02-19,6164
2515,中工,180,104,76,中國信託-文心,2024-02-19,6164
00772B,中信高評級公司債,76,4,72,中國信託-文心,2024-02-19,6164
3607,谷崧,75,5,70,中國信託-文心,2024-02-19,6164
00679B,元大美債20年,80,21,59,中國信託-文心,2024-02-19,6164
00680L,元大美債20正2,55,1,54,中國信託-文心,2024-02-19,6164
2530,華建,52,0,52,中國信託-文心,2024-02-19,6164
00712,復華富時不動產,57,6,51,中國信託-文心,2024-02-19,6164
3312,弘憶股,63,15,48,中國信託-文心,2024-02-19,6164
6216,居易,48,1,47,中國信託-文心,2024-02-19,6164
4714,永捷,151,106,45,中國信託-文心,2024-02-19,6164
00676R,富邦臺灣加權反1,50,5,45,中國信託-文心,2024-02-19,6164
2812,台中銀,71,27,44,中國信託-文心,2024-02-19,6164
3437,榮創,76,32,44,中國信託-文心,2024-02-19,6164
00795B,中信美國公債20年,43,0,43,中國信託-文心,2024-02-19,6164
5534,長虹,42,0,42,中國信託-文心,2024-02-19,6164
5457,宣德,60,19,41,中國信託-文心,2024-02-19,6164
9105,泰金寶-DR,40,1,39,中國信託-文心,2024-02-19,6164
8096,擎亞,114,77,37,中國信託-文心,2024-02-19,6164
3715,定穎投控,41,4,37,中國信託-文心,2024-02-19,6164
8935,邦泰,35,0,35,中國信託-文心,2024-02-19,6164
00688L,國泰20年美債正2,35,0,35,中國信託-文心,2024-02-19,6164
2405,輔信,140,105,35,中國信託-文心,2024-02-19,6164
6179,亞通,31,2,29,中國信託-文心,2024-02-19,6164
00720B,元大投資級公司債,33,5,28,中國信託-文心,2024-02-19,6164
3035,智原,45,17,28,中國信託-文心,2024-02-19,6164
00706L,期元大S＆P日圓正2,27,0,27,中國信託-文心,2024-02-19,6164
3032,偉訓,26,0,26,中國信託-文心,2024-02-19,6164
00931B,統一美債20年,25,0,25,中國信託-文心,2024-02-19,6164
00664R,國泰臺灣加權反1,53,28,25,中國信託-文心,2024-02-19,6164
2329,華泰,133,108,25,中國信託-文心,2024-02-19,6164
0056,元大高股息,36,12,24,中國信託-文心,2024-02-19,6164
2467,志聖,51,27,24,中國信託-文心,2024-02-19,6164
00773B,中信優先金融債,24,0,24,中國信託-文心,2024-02-19,6164
2419,仲琦,22,0,22,中國信託-文心,2024-02-19,6164
8087,麗升能源,21,0,21,中國信託-文心,2024-02-19,6164
2382,廣達,67,46,21,中國信託-文心,2024-02-19,6164
1513,中興電,50,30,20,中國信託-文心,2024-02-19,6164
00712,復華富時不動產,517,11,506,中國信託-文心,2024-02-20,6164
00878,國泰永續高股息,348,28,320,中國信託-文心,2024-02-20,6164
00937B,群益ESG投等債20,288,16,272,中國信託-文心,2024-02-20,6164
2605,新興,195,4,191,中國信託-文心,2024-02-20,6164
00891,中信關鍵半導體,199,21,178,中國信託-文心,2024-02-20,6164
3481,群創,159,9,150,中國信託-文心,2024-02-20,6164
00929,復華台灣科技優息,430,295,135,中國信託-文心,2024-02-20,6164
00933B,國泰10Y+金融債,144,10,134,中國信託-文心,2024-02-20,6164
00673R,期元大S＆P原油反1,126,0,126,中國信託-文心,2024-02-20,6164
1455,集盛,138,25,113,中國信託-文心,2024-02-20,6164
00680L,元大美債20正2,122,13,109,中國信託-文心,2024-02-20,6164
2337,旺宏,106,0,106,中國信託-文心,2024-02-20,6164
2883,凱基金,101,7,94,中國信託-文心,2024-02-20,6164
2890,永豐金,77,4,73,中國信託-文心,2024-02-20,6164
6288,聯嘉,71,5,66,中國信託-文心,2024-02-20,6164
4714,永捷,134,68,66,中國信託-文心,2024-02-20,6164
00679B,元大美債20年,52,0,52,中國信託-文心,2024-02-20,6164
8110,華東,66,20,46,中國信託-文心,2024-02-20,6164
2515,中工,47,1,46,中國信託-文心,2024-02-20,6164
3312,弘憶股,76,30,46,中國信託-文心,2024-02-20,6164
00637L,元大滬深300正2,52,6,46,中國信託-文心,2024-02-20,6164
1447,力鵬,43,0,43,中國信託-文心,2024-02-20,6164
3450,聯鈞,66,23,43,中國信託-文心,2024-02-20,6164
6207,雷科,42,1,41,中國信託-文心,2024-02-20,6164
2025,千興,48,7,41,中國信託-文心,2024-02-20,6164
3354,律勝,41,1,40,中國信託-文心,2024-02-20,6164
2201,裕隆,40,2,38,中國信託-文心,2024-02-20,6164
00720B,元大投資級公司債,37,0,37,中國信託-文心,2024-02-20,6164
1806,冠軍,373,336,37,中國信託-文心,2024-02-20,6164
1301,台塑,36,0,36,中國信託-文心,2024-02-20,6164
3041,揚智,196,161,35,中國信託-文心,2024-02-20,6164
6442,光聖,53,18,35,中國信託-文心,2024-02-20,6164
00772B,中信高評級公司債,50,20,30,中國信託-文心,2024-02-20,6164
00795B,中信美國公債20年,30,0,30,中國信託-文心,2024-02-20,6164
00633L,富邦上証正2,30,0,30,中國信託-文心,2024-02-20,6164
5351,鈺創,113,83,30,中國信託-文心,2024-02-20,6164
2457,飛宏,40,12,28,中國信託-文心,2024-02-20,6164
00751B,元大AAA至A公司債,29,1,28,中國信託-文心,2024-02-20,6164
3231,緯創,69,41,28,中國信託-文心,2024-02-20,6164
2002,中鋼,28,1,27,中國信託-文心,2024-02-20,6164
00753L,中信中國50正2,28,1,27,中國信託-文心,2024-02-20,6164
6282,康舒,62,39,23,中國信託-文心,2024-02-20,6164
3663,鑫科,25,3,22,中國信託-文心,2024-02-20,6164
00632R,元大台灣50反1,31,9,22,中國信託-文心,2024-02-20,6164
2880,華南金,21,0,21,中國信託-文心,2024-02-20,6164
3056,富華新,22,1,21,中國信託-文心,2024-02-20,6164
6465,威潤,21,0,21,中國信託-文心,2024-02-20,6164
4303,信立,32,11,21,中國信託-文心,2024-02-20,6164
6141,柏承,20,0,20,中國信託-文心,2024-02-20,6164
1466,聚隆,20,0,20,中國信託-文心,2024-02-20,6164
00937B,群益ESG投等債20,274,14,260,中國信託-文心,2024-02-21,6164
00878,國泰永續高股息,321,62,259,中國信託-文心,2024-02-21,6164
00712,復華富時不動產,156,4,152,中國信託-文心,2024-02-21,6164
00679B,元大美債20年,142,1,141,中國信託-文心,2024-02-21,6164
1455,集盛,133,2,131,中國信託-文心,2024-02-21,6164
00933B,國泰10Y+金融債,110,0,110,中國信託-文心,2024-02-21,6164
00751B,元大AAA至A公司債,106,1,105,中國信託-文心,2024-02-21,6164
00700,富邦�琤肭磪�,100,0,100,中國信託-文心,2024-02-21,6164
3149,正達,102,2,100,中國信託-文心,2024-02-21,6164
00632R,元大台灣50反1,105,10,95,中國信託-文心,2024-02-21,6164
00680L,元大美債20正2,98,13,85,中國信託-文心,2024-02-21,6164
00673R,期元大S＆P原油反1,65,0,65,中國信託-文心,2024-02-21,6164
2888,新光金,75,14,61,中國信託-文心,2024-02-21,6164
6282,康舒,89,29,60,中國信託-文心,2024-02-21,6164
00687B,國泰20年美債,59,0,59,中國信託-文心,2024-02-21,6164
2609,陽明,83,30,53,中國信託-文心,2024-02-21,6164
00929,復華台灣科技優息,173,126,47,中國信託-文心,2024-02-21,6164
0056,元大高股息,65,20,45,中國信託-文心,2024-02-21,6164
3005,神基,75,32,43,中國信託-文心,2024-02-21,6164
2303,聯電,51,8,43,中國信託-文心,2024-02-21,6164
1316,上曜,110,71,39,中國信託-文心,2024-02-21,6164
2025,千興,49,11,38,中國信託-文心,2024-02-21,6164
2382,廣達,58,22,36,中國信託-文心,2024-02-21,6164
00688L,國泰20年美債正2,36,0,36,中國信託-文心,2024-02-21,6164
2368,金像電,35,2,33,中國信託-文心,2024-02-21,6164
8088,品安,32,0,32,中國信託-文心,2024-02-21,6164
3231,緯創,97,68,29,中國信託-文心,2024-02-21,6164
00795B,中信美國公債20年,54,26,28,中國信託-文心,2024-02-21,6164
00772B,中信高評級公司債,26,0,26,中國信託-文心,2024-02-21,6164
2882,國泰金,25,0,25,中國信託-文心,2024-02-21,6164
5351,鈺創,25,0,25,中國信託-文心,2024-02-21,6164
00830,國泰費城半導體,25,0,25,中國信託-文心,2024-02-21,6164
8110,華東,41,17,24,中國信託-文心,2024-02-21,6164
2886,兆豐金,27,3,24,中國信託-文心,2024-02-21,6164
6207,雷科,23,1,22,中國信託-文心,2024-02-21,6164
1717,長興,33,11,22,中國信託-文心,2024-02-21,6164
2002,中鋼,21,1,20,中國信託-文心,2024-02-21,6164
5381,合正,52,32,20,中國信託-文心,2024-02-21,6164
6141,柏承,20,0,20,中國信託-文心,2024-02-21,6164
3167,大量,40,20,20,中國信託-文心,2024-02-21,6164
8059,凱碩,47,28,19,中國信託-文心,2024-02-21,6164
2313,華通,66,47,19,中國信託-文心,2024-02-21,6164
3313,斐成,33,14,19,中國信託-文心,2024-02-21,6164
2885,元大金,21,2,19,中國信託-文心,2024-02-21,6164
3041,揚智,31,14,17,中國信託-文心,2024-02-21,6164
3047,訊舟,154,137,17,中國信託-文心,2024-02-21,6164
6290,良維,57,40,17,中國信託-文心,2024-02-21,6164
3312,弘憶股,19,2,17,中國信託-文心,2024-02-21,6164
8092,建暐,17,0,17,中國信託-文心,2024-02-21,6164
1301,台塑,17,1,16,中國信託-文心,2024-02-21,6164
00679B,元大美債20年,346,12,334,中國信託-文心,2024-02-22,6164
00937B,群益ESG投等債20,288,4,284,中國信託-文心,2024-02-22,6164
00687B,國泰20年美債,156,0,156,中國信託-文心,2024-02-22,6164
00637L,元大滬深300正2,165,20,145,中國信託-文心,2024-02-22,6164
00933B,國泰10Y+金融債,137,0,137,中國信託-文心,2024-02-22,6164
00712,復華富時不動產,166,48,118,中國信託-文心,2024-02-22,6164
3380,明泰,88,0,88,中國信託-文心,2024-02-22,6164
3047,訊舟,92,7,85,中國信託-文心,2024-02-22,6164
5443,均豪,113,29,84,中國信託-文心,2024-02-22,6164
00878,國泰永續高股息,130,62,68,中國信託-文心,2024-02-22,6164
1815,富喬,111,44,67,中國信託-文心,2024-02-22,6164
8110,華東,67,4,63,中國信託-文心,2024-02-22,6164
1718,中纖,71,10,61,中國信託-文心,2024-02-22,6164
6207,雷科,65,10,55,中國信託-文心,2024-02-22,6164
2515,中工,54,0,54,中國信託-文心,2024-02-22,6164
00753L,中信中國50正2,51,0,51,中國信託-文心,2024-02-22,6164
1513,中興電,67,17,50,中國信託-文心,2024-02-22,6164
8935,邦泰,47,0,47,中國信託-文心,2024-02-22,6164
00640L,富邦日本正2,46,0,46,中國信託-文心,2024-02-22,6164
3231,緯創,104,60,44,中國信託-文心,2024-02-22,6164
2367,燿華,66,24,42,中國信託-文心,2024-02-22,6164
6684,安格,45,4,41,中國信託-文心,2024-02-22,6164
6285,啟��,57,18,39,中國信託-文心,2024-02-22,6164
2303,聯電,36,1,35,中國信託-文心,2024-02-22,6164
2495,普安,35,0,35,中國信託-文心,2024-02-22,6164
3221,台嘉碩,44,10,34,中國信託-文心,2024-02-22,6164
4961,天鈺,34,1,33,中國信託-文心,2024-02-22,6164
1447,力鵬,43,10,33,中國信託-文心,2024-02-22,6164
5488,松普,33,1,32,中國信託-文心,2024-02-22,6164
2530,華建,30,0,30,中國信託-文心,2024-02-22,6164
2884,玉山金,42,14,28,中國信託-文心,2024-02-22,6164
00688L,國泰20年美債正2,27,0,27,中國信託-文心,2024-02-22,6164
5880,合庫金,28,1,27,中國信託-文心,2024-02-22,6164
8087,麗升能源,27,0,27,中國信託-文心,2024-02-22,6164
00772B,中信高評級公司債,26,0,26,中國信託-文心,2024-02-22,6164
5351,鈺創,33,8,25,中國信託-文心,2024-02-22,6164
2489,瑞軒,72,49,23,中國信託-文心,2024-02-22,6164
6278,台表科,23,0,23,中國信託-文心,2024-02-22,6164
00632R,元大台灣50反1,65,42,23,中國信託-文心,2024-02-22,6164
00931B,統一美債20年,21,0,21,中國信託-文心,2024-02-22,6164
3313,斐成,26,6,20,中國信託-文心,2024-02-22,6164
00680L,元大美債20正2,21,2,19,中國信託-文心,2024-02-22,6164
4714,永捷,43,24,19,中國信託-文心,2024-02-22,6164
00650L,復華香港正2,22,3,19,中國信託-文心,2024-02-22,6164
6274,台燿,35,16,19,中國信託-文心,2024-02-22,6164
3027,盛達,19,1,18,中國信託-文心,2024-02-22,6164
8105,凌巨,22,5,17,中國信託-文心,2024-02-22,6164
2356,英業達,37,20,17,中國信託-文心,2024-02-22,6164
2618,長榮航,19,3,16,中國信託-文心,2024-02-22,6164
00676R,富邦臺灣加權反1,20,4,16,中國信託-文心,2024-02-22,6164
00937B,群益ESG投等債20,850,6,844,中國信託-文心,2024-02-23,6164
00632R,元大台灣50反1,478,163,315,中國信託-文心,2024-02-23,6164
00712,復華富時不動產,186,5,181,中國信託-文心,2024-02-23,6164
2419,仲琦,169,0,169,中國信託-文心,2024-02-23,6164
3231,緯創,184,39,145,中國信託-文心,2024-02-23,6164
00933B,國泰10Y+金融債,158,16,142,中國信託-文心,2024-02-23,6164
00878,國泰永續高股息,238,99,139,中國信託-文心,2024-02-23,6164
00637L,元大滬深300正2,157,31,126,中國信託-文心,2024-02-23,6164
2515,中工,125,0,125,中國信託-文心,2024-02-23,6164
1815,富喬,120,17,103,中國信託-文心,2024-02-23,6164
3006,晶豪科,106,5,101,中國信託-文心,2024-02-23,6164
00795B,中信美國公債20年,100,0,100,中國信託-文心,2024-02-23,6164
3313,斐成,106,23,83,中國信託-文心,2024-02-23,6164
00687B,國泰20年美債,77,3,74,中國信託-文心,2024-02-23,6164
00679B,元大美債20年,88,16,72,中國信託-文心,2024-02-23,6164
6179,亞通,70,1,69,中國信託-文心,2024-02-23,6164
2891,中信金,68,16,52,中國信託-文心,2024-02-23,6164
2303,聯電,59,8,51,中國信託-文心,2024-02-23,6164
2313,華通,160,112,48,中國信託-文心,2024-02-23,6164
2331,精英,48,5,43,中國信託-文心,2024-02-23,6164
00688L,國泰20年美債正2,42,0,42,中國信託-文心,2024-02-23,6164
00680L,元大美債20正2,41,0,41,中國信託-文心,2024-02-23,6164
3005,神基,48,8,40,中國信託-文心,2024-02-23,6164
3041,揚智,52,13,39,中國信託-文心,2024-02-23,6164
2539,櫻花建,42,6,36,中國信託-文心,2024-02-23,6164
2884,玉山金,36,2,34,中國信託-文心,2024-02-23,6164
2609,陽明,63,34,29,中國信託-文心,2024-02-23,6164
1449,佳和,30,1,29,中國信託-文心,2024-02-23,6164
3380,明泰,44,16,28,中國信託-文心,2024-02-23,6164
5880,合庫金,27,0,27,中國信託-文心,2024-02-23,6164
00918,大華優利高填息30,35,8,27,中國信託-文心,2024-02-23,6164
2882,國泰金,38,11,27,中國信託-文心,2024-02-23,6164
2885,元大金,30,4,26,中國信託-文心,2024-02-23,6164
00673R,期元大S＆P原油反1,34,10,24,中國信託-文心,2024-02-23,6164
8215,明基材,23,0,23,中國信託-文心,2024-02-23,6164
6257,矽格,32,9,23,中國信託-文心,2024-02-23,6164
2417,圓剛,23,1,22,中國信託-文心,2024-02-23,6164
5498,凱崴,20,0,20,中國信託-文心,2024-02-23,6164
6743,安普新,20,0,20,中國信託-文心,2024-02-23,6164
00927,群益半導體收益,20,1,19,中國信託-文心,2024-02-23,6164
2344,華邦電,24,5,19,中國信託-文心,2024-02-23,6164
6282,康舒,79,60,19,中國信託-文心,2024-02-23,6164
8064,東捷,40,21,19,中國信託-文心,2024-02-23,6164
2887,台新金,21,3,18,中國信託-文心,2024-02-23,6164
2312,金寶,20,3,17,中國信託-文心,2024-02-23,6164
3017,奇鋐,33,16,17,中國信託-文心,2024-02-23,6164
3081,聯亞,34,18,16,中國信託-文心,2024-02-23,6164
6285,啟��,63,47,16,中國信託-文心,2024-02-23,6164
5302,太欣,16,0,16,中國信託-文心,2024-02-23,6164
8210,勤誠,24,9,15,中國信託-文心,2024-02-23,6164
00878,國泰永續高股息,769,52,717,中國信託-文心,2024-02-26,6164
1316,上曜,550,37,513,中國信託-文心,2024-02-26,6164
2892,第一金,313,1,312,中國信託-文心,2024-02-26,6164
00688L,國泰20年美債正2,269,0,269,中國信託-文心,2024-02-26,6164
00882,中信中國高股息,168,4,164,中國信託-文心,2024-02-26,6164
00937B,群益ESG投等債20,293,160,133,中國信託-文心,2024-02-26,6164
8927,北基,103,0,103,中國信託-文心,2024-02-26,6164
00933B,國泰10Y+金融債,181,83,98,中國信託-文心,2024-02-26,6164
3605,宏致,91,0,91,中國信託-文心,2024-02-26,6164
2405,輔信,115,47,68,中國信託-文心,2024-02-26,6164
00850,元大臺灣ESG永續,71,4,67,中國信託-文心,2024-02-26,6164
4526,東台,89,23,66,中國信託-文心,2024-02-26,6164
00795B,中信美國公債20年,55,3,52,中國信託-文心,2024-02-26,6164
00935,野村臺灣新科技50,52,0,52,中國信託-文心,2024-02-26,6164
1815,富喬,52,4,48,中國信託-文心,2024-02-26,6164
00679B,元大美債20年,99,55,44,中國信託-文心,2024-02-26,6164
2884,玉山金,48,4,44,中國信託-文心,2024-02-26,6164
6435,大中,45,3,42,中國信託-文心,2024-02-26,6164
3360,尚立,40,0,40,中國信託-文心,2024-02-26,6164
1514,亞力,147,111,36,中國信託-文心,2024-02-26,6164
2495,普安,39,4,35,中國信託-文心,2024-02-26,6164
3032,偉訓,48,14,34,中國信託-文心,2024-02-26,6164
8040,九暘,85,52,33,中國信託-文心,2024-02-26,6164
3231,緯創,64,31,33,中國信託-文心,2024-02-26,6164
00891,中信關鍵半導體,55,23,32,中國信託-文心,2024-02-26,6164
2409,友達,31,1,30,中國信託-文心,2024-02-26,6164
4908,前鼎,60,31,29,中國信託-文心,2024-02-26,6164
2353,宏��,33,4,29,中國信託-文心,2024-02-26,6164
1717,長興,48,20,28,中國信託-文心,2024-02-26,6164
00680L,元大美債20正2,35,8,27,中國信託-文心,2024-02-26,6164
8059,凱碩,40,13,27,中國信託-文心,2024-02-26,6164
2303,聯電,41,16,25,中國信託-文心,2024-02-26,6164
2449,京元電子,31,7,24,中國信託-文心,2024-02-26,6164
00712,復華富時不動產,24,0,24,中國信託-文心,2024-02-26,6164
1809,中釉,24,1,23,中國信託-文心,2024-02-26,6164
9941,裕融,22,0,22,中國信託-文心,2024-02-26,6164
2501,國建,21,0,21,中國信託-文心,2024-02-26,6164
6141,柏承,21,0,21,中國信託-文心,2024-02-26,6164
6152,百一,23,2,21,中國信託-文心,2024-02-26,6164
9105,泰金寶-DR,21,0,21,中國信託-文心,2024-02-26,6164
00733,富邦臺灣中小,20,0,20,中國信託-文心,2024-02-26,6164
3038,全台,23,3,20,中國信託-文心,2024-02-26,6164
00653L,富邦印度正2,20,0,20,中國信託-文心,2024-02-26,6164
5388,中磊,19,0,19,中國信託-文心,2024-02-26,6164
6589,台康生技,20,1,19,中國信託-文心,2024-02-26,6164
2467,志聖,41,23,18,中國信託-文心,2024-02-26,6164
3437,榮創,32,15,17,中國信託-文心,2024-02-26,6164
00757,統一FANG+,16,0,16,中國信託-文心,2024-02-26,6164
00919,群益台灣精選高息,145,129,16,中國信託-文心,2024-02-26,6164
1101,台泥,17,2,15,中國信託-文心,2024-02-26,6164
00878,國泰永續高股息,729,147,582,中國信託-文心,2024-02-27,6164
00937B,群益ESG投等債20,478,11,467,中國信託-文心,2024-02-27,6164
00929,復華台灣科技優息,592,212,380,中國信託-文心,2024-02-27,6164
00687B,國泰20年美債,123,0,123,中國信託-文心,2024-02-27,6164
00679B,元大美債20年,119,7,112,中國信託-文心,2024-02-27,6164
00637L,元大滬深300正2,114,10,104,中國信託-文心,2024-02-27,6164
8034,榮群,97,0,97,中國信託-文心,2024-02-27,6164
2002,中鋼,94,1,93,中國信託-文心,2024-02-27,6164
00933B,國泰10Y+金融債,144,68,76,中國信託-文心,2024-02-27,6164
2467,志聖,87,16,71,中國信託-文心,2024-02-27,6164
3605,宏致,70,0,70,中國信託-文心,2024-02-27,6164
1316,上曜,104,35,69,中國信託-文心,2024-02-27,6164
00712,復華富時不動產,99,31,68,中國信託-文心,2024-02-27,6164
00753L,中信中國50正2,107,40,67,中國信託-文心,2024-02-27,6164
1721,三晃,87,22,65,中國信託-文心,2024-02-27,6164
2382,廣達,68,7,61,中國信託-文心,2024-02-27,6164
2884,玉山金,84,27,57,中國信託-文心,2024-02-27,6164
00795B,中信美國公債20年,56,0,56,中國信託-文心,2024-02-27,6164
6126,信音,83,27,56,中國信託-文心,2024-02-27,6164
6196,帆宣,57,3,54,中國信託-文心,2024-02-27,6164
3006,晶豪科,52,1,51,中國信託-文心,2024-02-27,6164
00676R,富邦臺灣加權反1,50,0,50,中國信託-文心,2024-02-27,6164
6125,廣運,123,76,47,中國信託-文心,2024-02-27,6164
2812,台中銀,49,3,46,中國信託-文心,2024-02-27,6164
3481,群創,75,33,42,中國信託-文心,2024-02-27,6164
6179,亞通,42,2,40,中國信託-文心,2024-02-27,6164
2618,長榮航,42,4,38,中國信託-文心,2024-02-27,6164
2402,毅嘉,41,3,38,中國信託-文心,2024-02-27,6164
3390,旭軟,58,21,37,中國信託-文心,2024-02-27,6164
3231,緯創,85,50,35,中國信託-文心,2024-02-27,6164
3037,欣興,66,31,35,中國信託-文心,2024-02-27,6164
4979,華星光,44,10,34,中國信託-文心,2024-02-27,6164
2367,燿華,39,5,34,中國信託-文心,2024-02-27,6164
4513,福裕,36,3,33,中國信託-文心,2024-02-27,6164
1711,永光,54,22,32,中國信託-文心,2024-02-27,6164
6113,亞矽,39,8,31,中國信託-文心,2024-02-27,6164
2888,新光金,33,2,31,中國信託-文心,2024-02-27,6164
8087,麗升能源,30,0,30,中國信託-文心,2024-02-27,6164
2371,大同,43,14,29,中國信託-文心,2024-02-27,6164
00757,統一FANG+,29,0,29,中國信託-文心,2024-02-27,6164
00918,大華優利高填息30,28,0,28,中國信託-文心,2024-02-27,6164
3450,聯鈞,66,39,27,中國信託-文心,2024-02-27,6164
2887,台新金,33,7,26,中國信託-文心,2024-02-27,6164
0056,元大高股息,50,25,25,中國信託-文心,2024-02-27,6164
3163,波若威,52,26,26,中國信託-文心,2024-02-27,6164
00900,富邦特選高股息30,25,0,25,中國信託-文心,2024-02-27,6164
2313,華通,39,15,24,中國信託-文心,2024-02-27,6164
2409,友達,30,7,23,中國信託-文心,2024-02-27,6164
2539,櫻花建,23,0,23,中國信託-文心,2024-02-27,6164
4908,前鼎,30,8,22,中國信託-文心,2024-02-27,6164
00937B,群益ESG投等債20,251,5,246,中國信託-文心,2024-02-29,6164
00919,群益台灣精選高息,342,130,212,中國信託-文心,2024-02-29,6164
00687B,國泰20年美債,189,13,176,中國信託-文心,2024-02-29,6164
00632R,元大台灣50反1,188,96,92,中國信託-文心,2024-02-29,6164
00753L,中信中國50正2,114,26,88,中國信託-文心,2024-02-29,6164
00679B,元大美債20年,81,21,60,中國信託-文心,2024-02-29,6164
00933B,國泰10Y+金融債,66,11,55,中國信託-文心,2024-02-29,6164
8926,台汽電,78,29,49,中國信託-文心,2024-02-29,6164
2748,雲品,42,0,42,中國信託-文心,2024-02-29,6164
00712,復華富時不動產,47,6,41,中國信託-文心,2024-02-29,6164
2530,華建,40,0,40,中國信託-文心,2024-02-29,6164
00757,統一FANG+,42,2,40,中國信託-文心,2024-02-29,6164
2615,萬海,59,19,40,中國信託-文心,2024-02-29,6164
2727,王品,40,0,40,中國信託-文心,2024-02-29,6164
1522,堤維西,146,109,37,中國信託-文心,2024-02-29,6164
6288,聯嘉,65,31,34,中國信託-文心,2024-02-29,6164
9105,泰金寶-DR,42,9,33,中國信託-文心,2024-02-29,6164
00706L,期元大S＆P日圓正2,33,0,33,中國信託-文心,2024-02-29,6164
1589,永冠-KY,45,12,33,中國信託-文心,2024-02-29,6164
00885,富邦越南,44,12,32,中國信託-文心,2024-02-29,6164
2368,金像電,32,1,31,中國信託-文心,2024-02-29,6164
2501,國建,30,0,30,中國信託-文心,2024-02-29,6164
2405,輔信,30,4,26,中國信託-文心,2024-02-29,6164
00713,元大台灣高息低波,32,7,25,中國信託-文心,2024-02-29,6164
2460,建通,29,5,24,中國信託-文心,2024-02-29,6164
3710,連展投控,24,0,24,中國信託-文心,2024-02-29,6164
8096,擎亞,63,39,24,中國信託-文心,2024-02-29,6164
2002,中鋼,26,3,23,中國信託-文心,2024-02-29,6164
4543,萬在,48,25,23,中國信託-文心,2024-02-29,6164
3354,律勝,33,10,23,中國信託-文心,2024-02-29,6164
5488,松普,26,3,23,中國信託-文心,2024-02-29,6164
00929,復華台灣科技優息,170,147,23,中國信託-文心,2024-02-29,6164
0050,元大台灣50,26,4,22,中國信託-文心,2024-02-29,6164
2887,台新金,23,3,20,中國信託-文心,2024-02-29,6164
5498,凱崴,20,0,20,中國信託-文心,2024-02-29,6164
2369,菱生,32,12,20,中國信託-文心,2024-02-29,6164
2353,宏��,20,1,19,中國信託-文心,2024-02-29,6164
2425,承啟,26,7,19,中國信託-文心,2024-02-29,6164
6026,福邦證,20,1,19,中國信託-文心,2024-02-29,6164
6233,旺玖,34,15,19,中國信託-文心,2024-02-29,6164
2884,玉山金,26,7,19,中國信託-文心,2024-02-29,6164
00882,中信中國高股息,49,31,18,中國信託-文心,2024-02-29,6164
1447,力鵬,20,2,18,中國信託-文心,2024-02-29,6164
6237,驊訊,25,7,18,中國信託-文心,2024-02-29,6164
3231,緯創,54,37,17,中國信託-文心,2024-02-29,6164
00680L,元大美債20正2,26,10,16,中國信託-文心,2024-02-29,6164
00688L,國泰20年美債正2,29,13,16,中國信託-文心,2024-02-29,6164
8092,建暐,26,10,16,中國信託-文心,2024-02-29,6164
00923,群益台ESG低碳50,16,1,15,中國信託-文心,2024-02-29,6164
00751B,元大AAA至A公司債,26,11,15,中國信託-文心,2024-02-29,6164
00919,群益台灣精選高息,716,133,583,中國信託-文心,2024-03-01,6164
1314,中石化,233,0,233,中國信託-文心,2024-03-01,6164
00632R,元大台灣50反1,205,11,194,中國信託-文心,2024-03-01,6164
00918,大華優利高填息30,149,5,144,中國信託-文心,2024-03-01,6164
00637L,元大滬深300正2,148,5,143,中國信託-文心,2024-03-01,6164
3372,典範,137,13,124,中國信託-文心,2024-03-01,6164
2891,中信金,121,3,118,中國信託-文心,2024-03-01,6164
00680L,元大美債20正2,113,1,112,中國信託-文心,2024-03-01,6164
00937B,群益ESG投等債20,154,50,104,中國信託-文心,2024-03-01,6164
0050,元大台灣50,106,3,103,中國信託-文心,2024-03-01,6164
00878,國泰永續高股息,125,29,96,中國信託-文心,2024-03-01,6164
1815,富喬,90,23,67,中國信託-文心,2024-03-01,6164
2002,中鋼,68,6,62,中國信託-文心,2024-03-01,6164
00927,群益半導體收益,123,65,58,中國信託-文心,2024-03-01,6164
1316,上曜,118,61,57,中國信託-文心,2024-03-01,6164
00679B,元大美債20年,59,4,55,中國信託-文心,2024-03-01,6164
2883,凱基金,56,6,50,中國信託-文心,2024-03-01,6164
00934,中信成長高股息,61,14,47,中國信託-文心,2024-03-01,6164
4303,信立,95,49,46,中國信託-文心,2024-03-01,6164
00720B,元大投資級公司債,45,4,41,中國信託-文心,2024-03-01,6164
3710,連展投控,36,0,36,中國信託-文心,2024-03-01,6164
00687B,國泰20年美債,49,14,35,中國信託-文心,2024-03-01,6164
4930,燦星網,49,14,35,中國信託-文心,2024-03-01,6164
00891,中信關鍵半導體,34,4,30,中國信託-文心,2024-03-01,6164
2409,友達,30,0,30,中國信託-文心,2024-03-01,6164
00933B,國泰10Y+金融債,37,7,30,中國信託-文心,2024-03-01,6164
2609,陽明,43,13,30,中國信託-文心,2024-03-01,6164
1721,三晃,27,0,27,中國信託-文心,2024-03-01,6164
2317,鴻海,26,0,26,中國信託-文心,2024-03-01,6164
2888,新光金,26,0,26,中國信託-文心,2024-03-01,6164
00772B,中信高評級公司債,27,2,25,中國信託-文心,2024-03-01,6164
2501,國建,25,0,25,中國信託-文心,2024-03-01,6164
00751B,元大AAA至A公司債,25,0,25,中國信託-文心,2024-03-01,6164
1718,中纖,30,5,25,中國信託-文心,2024-03-01,6164
2313,華通,44,20,24,中國信託-文心,2024-03-01,6164
1101,台泥,35,11,24,中國信託-文心,2024-03-01,6164
1618,合機,37,15,22,中國信託-文心,2024-03-01,6164
3312,弘憶股,50,28,22,中國信託-文心,2024-03-01,6164
00882,中信中國高股息,34,12,22,中國信託-文心,2024-03-01,6164
4909,新復興,76,54,22,中國信託-文心,2024-03-01,6164
3056,富華新,21,0,21,中國信託-文心,2024-03-01,6164
2347,聯強,21,0,21,中國信託-文心,2024-03-01,6164
1785,光洋科,21,0,21,中國信託-文心,2024-03-01,6164
2324,仁寶,31,10,21,中國信託-文心,2024-03-01,6164
3044,健鼎,32,11,21,中國信託-文心,2024-03-01,6164
4714,永捷,35,14,21,中國信託-文心,2024-03-01,6164
00713,元大台灣高息低波,27,7,20,中國信託-文心,2024-03-01,6164
2615,萬海,20,0,20,中國信託-文心,2024-03-01,6164
3024,憶聲,20,1,19,中國信託-文心,2024-03-01,6164
3605,宏致,20,1,19,中國信託-文心,2024-03-01,6164
00918,大華優利高填息30,545,0,545,中國信託-文心,2024-03-04,6164
00937B,群益ESG投等債20,341,28,313,中國信託-文心,2024-03-04,6164
00919,群益台灣精選高息,398,125,273,中國信託-文心,2024-03-04,6164
00632R,元大台灣50反1,349,134,215,中國信託-文心,2024-03-04,6164
00673R,期元大S＆P原油反1,207,0,207,中國信託-文心,2024-03-04,6164
6550,北極星藥業-KY,156,7,149,中國信託-文心,2024-03-04,6164
3605,宏致,134,4,130,中國信託-文心,2024-03-04,6164
6456,GIS-KY,126,1,125,中國信託-文心,2024-03-04,6164
00896,中信綠能及電動車,102,0,102,中國信託-文心,2024-03-04,6164
00905,FT臺灣Smart,101,0,101,中國信託-文心,2024-03-04,6164
00679B,元大美債20年,123,24,99,中國信託-文心,2024-03-04,6164
00935,野村臺灣新科技50,108,15,93,中國信託-文心,2024-03-04,6164
00915,凱基優選高股息30,91,7,84,中國信託-文心,2024-03-04,6164
00933B,國泰10Y+金融債,176,114,62,中國信託-文心,2024-03-04,6164
2834,臺企銀,76,18,58,中國信託-文心,2024-03-04,6164
00857B,永豐20年美公債,58,0,58,中國信託-文心,2024-03-04,6164
6217,中探針,60,2,58,中國信託-文心,2024-03-04,6164
8092,建暐,60,2,58,中國信託-文心,2024-03-04,6164
00751B,元大AAA至A公司債,61,5,56,中國信託-文心,2024-03-04,6164
2329,華泰,62,17,45,中國信託-文心,2024-03-04,6164
1609,大亞,85,41,44,中國信託-文心,2024-03-04,6164
3231,緯創,69,28,41,中國信託-文心,2024-03-04,6164
1316,上曜,74,41,33,中國信託-文心,2024-03-04,6164
5871,中租-KY,34,3,31,中國信託-文心,2024-03-04,6164
3481,群創,67,36,31,中國信託-文心,2024-03-04,6164
2887,台新金,36,6,30,中國信託-文心,2024-03-04,6164
6139,亞翔,35,7,28,中國信託-文心,2024-03-04,6164
1513,中興電,90,63,27,中國信託-文心,2024-03-04,6164
3163,波若威,64,37,27,中國信託-文心,2024-03-04,6164
5225,東科-KY,26,0,26,中國信託-文心,2024-03-04,6164
2892,第一金,29,3,26,中國信託-文心,2024-03-04,6164
4543,萬在,49,24,25,中國信託-文心,2024-03-04,6164
2903,遠百,25,0,25,中國信託-文心,2024-03-04,6164
2888,新光金,25,1,24,中國信託-文心,2024-03-04,6164
00665L,富邦�琤肭磪囓�2,30,7,23,中國信託-文心,2024-03-04,6164
6684,安格,28,6,22,中國信託-文心,2024-03-04,6164
3035,智原,43,22,21,中國信託-文心,2024-03-04,6164
6578,達邦蛋白,20,0,20,中國信託-文心,2024-03-04,6164
00724B,群益投資級金融債,21,1,20,中國信託-文心,2024-03-04,6164
5457,宣德,30,10,20,中國信託-文心,2024-03-04,6164
2618,長榮航,23,3,20,中國信託-文心,2024-03-04,6164
3051,力特,30,10,20,中國信託-文心,2024-03-04,6164
2002,中鋼,45,25,20,中國信託-文心,2024-03-04,6164
4306,炎洲,19,0,19,中國信託-文心,2024-03-04,6164
4188,安克,19,0,19,中國信託-文心,2024-03-04,6164
2609,陽明,39,21,18,中國信託-文心,2024-03-04,6164
6530,創威,25,7,18,中國信託-文心,2024-03-04,6164
6290,良維,28,10,18,中國信託-文心,2024-03-04,6164
1504,東元,26,9,17,中國信託-文心,2024-03-04,6164
3005,神基,28,11,17,中國信託-文心,2024-03-04,6164
00918,大華優利高填息30,722,7,715,中國信託-文心,2024-03-05,6164
00919,群益台灣精選高息,430,134,296,中國信託-文心,2024-03-05,6164
00937B,群益ESG投等債20,199,23,176,中國信託-文心,2024-03-05,6164
00712,復華富時不動產,164,1,163,中國信託-文心,2024-03-05,6164
00665L,富邦�琤肭磪囓�2,157,6,151,中國信託-文心,2024-03-05,6164
3481,群創,242,105,137,中國信託-文心,2024-03-05,6164
00632R,元大台灣50反1,165,35,130,中國信託-文心,2024-03-05,6164
00882,中信中國高股息,132,5,127,中國信託-文心,2024-03-05,6164
3564,其陽,123,8,115,中國信託-文心,2024-03-05,6164
2457,飛宏,98,4,94,中國信託-文心,2024-03-05,6164
00679B,元大美債20年,100,11,89,中國信託-文心,2024-03-05,6164
3576,聯合再生,88,0,88,中國信託-文心,2024-03-05,6164
6141,柏承,69,0,69,中國信託-文心,2024-03-05,6164
00878,國泰永續高股息,147,78,69,中國信託-文心,2024-03-05,6164
6591,動力-KY,74,8,66,中國信託-文心,2024-03-05,6164
2367,燿華,136,72,64,中國信託-文心,2024-03-05,6164
00687B,國泰20年美債,60,1,59,中國信託-文心,2024-03-05,6164
5488,松普,73,17,56,中國信託-文心,2024-03-05,6164
00857B,永豐20年美公債,84,28,56,中國信託-文心,2024-03-05,6164
3645,達邁,65,13,52,中國信託-文心,2024-03-05,6164
4707,磐亞,61,10,51,中國信託-文心,2024-03-05,6164
00753L,中信中國50正2,60,11,49,中國信託-文心,2024-03-05,6164
2303,聯電,46,6,40,中國信託-文心,2024-03-05,6164
6456,GIS-KY,39,0,39,中國信託-文心,2024-03-05,6164
6550,北極星藥業-KY,35,0,35,中國信託-文心,2024-03-05,6164
2409,友達,35,1,34,中國信託-文心,2024-03-05,6164
00923,群益台ESG低碳50,32,0,32,中國信託-文心,2024-03-05,6164
2324,仁寶,71,39,32,中國信託-文心,2024-03-05,6164
6290,良維,50,20,30,中國信託-文心,2024-03-05,6164
6190,萬泰科,30,0,30,中國信託-文心,2024-03-05,6164
8087,麗升能源,30,0,30,中國信託-文心,2024-03-05,6164
2889,國票金,30,0,30,中國信託-文心,2024-03-05,6164
6125,廣運,45,16,29,中國信託-文心,2024-03-05,6164
3354,律勝,41,13,28,中國信託-文心,2024-03-05,6164
2884,玉山金,31,4,27,中國信託-文心,2024-03-05,6164
00720B,元大投資級公司債,38,11,27,中國信託-文心,2024-03-05,6164
9946,三發地產,30,5,25,中國信託-文心,2024-03-05,6164
6186,新潤,25,0,25,中國信託-文心,2024-03-05,6164
2801,彰銀,24,0,24,中國信託-文心,2024-03-05,6164
8054,安國,39,15,24,中國信託-文心,2024-03-05,6164
2365,昆盈,34,12,22,中國信託-文心,2024-03-05,6164
0056,元大高股息,51,29,22,中國信託-文心,2024-03-05,6164
00907,永豐優息存股,23,2,21,中國信託-文心,2024-03-05,6164
3163,波若威,46,25,21,中國信託-文心,2024-03-05,6164
2329,華泰,46,25,21,中國信託-文心,2024-03-05,6164
2618,長榮航,44,24,20,中國信託-文心,2024-03-05,6164
2609,陽明,40,20,20,中國信託-文心,2024-03-05,6164
4915,致伸,70,50,20,中國信託-文心,2024-03-05,6164
1504,東元,24,4,20,中國信託-文心,2024-03-05,6164
2206,三陽工業,35,15,20,中國信託-文心,2024-03-05,6164
00919,群益台灣精選高息,385,97,288,中國信託-文心,2024-03-06,6164
5498,凱崴,252,39,213,中國信託-文心,2024-03-06,6164
00918,大華優利高填息30,155,6,149,中國信託-文心,2024-03-06,6164
00679B,元大美債20年,192,49,143,中國信託-文心,2024-03-06,6164
00632R,元大台灣50反1,135,4,131,中國信託-文心,2024-03-06,6164
00830,國泰費城半導體,119,1,118,中國信託-文心,2024-03-06,6164
00937B,群益ESG投等債20,217,105,112,中國信託-文心,2024-03-06,6164
1718,中纖,100,0,100,中國信託-文心,2024-03-06,6164
00933B,國泰10Y+金融債,115,18,97,中國信託-文心,2024-03-06,6164
3481,群創,107,18,89,中國信託-文心,2024-03-06,6164
6591,動力-KY,89,20,69,中國信託-文心,2024-03-06,6164
6141,柏承,56,5,51,中國信託-文心,2024-03-06,6164
00687B,國泰20年美債,120,73,47,中國信託-文心,2024-03-06,6164
2845,遠東銀,53,8,45,中國信託-文心,2024-03-06,6164
2352,佳世達,45,1,44,中國信託-文心,2024-03-06,6164
5328,華容,42,0,42,中國信託-文心,2024-03-06,6164
2897,王道銀行,41,1,40,中國信託-文心,2024-03-06,6164
3231,緯創,57,21,36,中國信託-文心,2024-03-06,6164
1316,上曜,274,238,36,中國信託-文心,2024-03-06,6164
8011,台通,109,75,34,中國信託-文心,2024-03-06,6164
2365,昆盈,37,3,34,中國信託-文心,2024-03-06,6164
5302,太欣,50,16,34,中國信託-文心,2024-03-06,6164
3515,華擎,36,3,33,中國信託-文心,2024-03-06,6164
2356,英業達,46,15,31,中國信託-文心,2024-03-06,6164
2506,太設,30,0,30,中國信託-文心,2024-03-06,6164
00713,元大台灣高息低波,30,1,29,中國信託-文心,2024-03-06,6164
1712,興農,28,1,27,中國信託-文心,2024-03-06,6164
00915,凱基優選高股息30,30,3,27,中國信託-文心,2024-03-06,6164
2882,國泰金,26,0,26,中國信託-文心,2024-03-06,6164
3380,明泰,28,2,26,中國信託-文心,2024-03-06,6164
9904,寶成,25,0,25,中國信託-文心,2024-03-06,6164
5521,工信,43,20,23,中國信託-文心,2024-03-06,6164
6237,驊訊,29,7,22,中國信託-文心,2024-03-06,6164
6698,旭暉應材,22,1,21,中國信託-文心,2024-03-06,6164
1474,弘裕,21,0,21,中國信託-文心,2024-03-06,6164
6550,北極星藥業-KY,21,0,21,中國信託-文心,2024-03-06,6164
2889,國票金,21,0,21,中國信託-文心,2024-03-06,6164
3576,聯合再生,21,0,21,中國信託-文心,2024-03-06,6164
9946,三發地產,21,0,21,中國信託-文心,2024-03-06,6164
00891,中信關鍵半導體,29,9,20,中國信託-文心,2024-03-06,6164
8092,建暐,20,0,20,中國信託-文心,2024-03-06,6164
2527,宏璟,20,0,20,中國信託-文心,2024-03-06,6164
6531,愛普*,23,3,20,中國信託-文心,2024-03-06,6164
2610,華航,31,13,18,中國信託-文心,2024-03-06,6164
2634,漢翔,20,2,18,中國信託-文心,2024-03-06,6164
5426,振發,60,43,17,中國信託-文心,2024-03-06,6164
2603,長榮,27,11,16,中國信託-文心,2024-03-06,6164
6770,力積電,16,0,16,中國信託-文心,2024-03-06,6164
00934,中信成長高股息,22,6,16,中國信託-文心,2024-03-06,6164
5515,建國,27,11,16,中國信託-文心,2024-03-06,6164
00919,群益台灣精選高息,547,81,466,中國信託-文心,2024-03-07,6164
00937B,群益ESG投等債20,439,222,217,中國信託-文心,2024-03-07,6164
5521,工信,307,116,191,中國信託-文心,2024-03-07,6164
00687B,國泰20年美債,231,56,175,中國信託-文心,2024-03-07,6164
00679B,元大美債20年,203,42,161,中國信託-文心,2024-03-07,6164
3380,明泰,129,5,124,中國信託-文心,2024-03-07,6164
8087,麗升能源,120,0,120,中國信託-文心,2024-03-07,6164
00632R,元大台灣50反1,279,170,109,中國信託-文心,2024-03-07,6164
1815,富喬,274,167,107,中國信託-文心,2024-03-07,6164
3481,群創,145,41,104,中國信託-文心,2024-03-07,6164
2748,雲品,80,2,78,中國信託-文心,2024-03-07,6164
2368,金像電,84,8,76,中國信託-文心,2024-03-07,6164
00664R,國泰臺灣加權反1,82,7,75,中國信託-文心,2024-03-07,6164
2367,燿華,208,133,75,中國信託-文心,2024-03-07,6164
3231,緯創,93,20,73,中國信託-文心,2024-03-07,6164
00712,復華富時不動產,69,3,66,中國信託-文心,2024-03-07,6164
4906,正文,91,27,64,中國信託-文心,2024-03-07,6164
1316,上曜,212,149,63,中國信託-文心,2024-03-07,6164
2467,志聖,91,35,56,中國信託-文心,2024-03-07,6164
00878,國泰永續高股息,153,99,54,中國信託-文心,2024-03-07,6164
00934,中信成長高股息,74,22,52,中國信託-文心,2024-03-07,6164
2316,楠梓電,63,11,52,中國信託-文心,2024-03-07,6164
2486,一詮,166,115,51,中國信託-文心,2024-03-07,6164
1218,泰山,50,0,50,中國信託-文心,2024-03-07,6164
00674R,期元大S＆P黃金反1,50,0,50,中國信託-文心,2024-03-07,6164
1513,中興電,98,51,47,中國信託-文心,2024-03-07,6164
2845,遠東銀,69,24,45,中國信託-文心,2024-03-07,6164
1785,光洋科,59,15,44,中國信託-文心,2024-03-07,6164
00706L,期元大S＆P日圓正2,43,0,43,中國信託-文心,2024-03-07,6164
2610,華航,43,1,42,中國信託-文心,2024-03-07,6164
2313,華通,83,42,41,中國信託-文心,2024-03-07,6164
00764B,群益25年美債,44,4,40,中國信託-文心,2024-03-07,6164
00830,國泰費城半導體,65,26,39,中國信託-文心,2024-03-07,6164
3264,欣銓,43,7,36,中國信託-文心,2024-03-07,6164
6578,達邦蛋白,36,1,35,中國信託-文心,2024-03-07,6164
2324,仁寶,48,13,35,中國信託-文心,2024-03-07,6164
00713,元大台灣高息低波,40,6,34,中國信託-文心,2024-03-07,6164
1471,首利,40,6,34,中國信託-文心,2024-03-07,6164
00935,野村臺灣新科技50,39,6,33,中國信託-文心,2024-03-07,6164
3056,富華新,33,2,31,中國信託-文心,2024-03-07,6164
00665L,富邦�琤肭磪囓�2,39,8,31,中國信託-文心,2024-03-07,6164
00918,大華優利高填息30,35,5,30,中國信託-文心,2024-03-07,6164
1570,力肯,31,1,30,中國信託-文心,2024-03-07,6164
5439,高技,40,11,29,中國信託-文心,2024-03-07,6164
3312,弘憶股,34,5,29,中國信託-文心,2024-03-07,6164
4915,致伸,43,14,29,中國信託-文心,2024-03-07,6164
6125,廣運,49,21,28,中國信託-文心,2024-03-07,6164
2369,菱生,35,8,27,中國信託-文心,2024-03-07,6164
5498,凱崴,33,6,27,中國信託-文心,2024-03-07,6164
8112,至上,70,43,27,中國信託-文心,2024-03-07,6164
2419,仲琦,420,0,420,中國信託-文心,2024-03-08,6164
00632R,元大台灣50反1,519,158,361,中國信託-文心,2024-03-08,6164
00687B,國泰20年美債,371,21,350,中國信託-文心,2024-03-08,6164
00919,群益台灣精選高息,683,376,307,中國信託-文心,2024-03-08,6164
00679B,元大美債20年,205,23,182,中國信託-文心,2024-03-08,6164
00937B,群益ESG投等債20,220,72,148,中國信託-文心,2024-03-08,6164
00918,大華優利高填息30,157,41,116,中國信託-文心,2024-03-08,6164
6217,中探針,127,27,100,中國信託-文心,2024-03-08,6164
9902,台火,50,0,50,中國信託-文心,2024-03-08,6164
6189,豐藝,52,6,46,中國信託-文心,2024-03-08,6164
00720B,元大投資級公司債,68,24,44,中國信託-文心,2024-03-08,6164
00923,群益台ESG低碳50,68,24,44,中國信託-文心,2024-03-08,6164
2486,一詮,116,72,44,中國信託-文心,2024-03-08,6164
2317,鴻海,51,7,44,中國信託-文心,2024-03-08,6164
6274,台燿,57,18,39,中國信託-文心,2024-03-08,6164
3163,波若威,63,25,38,中國信託-文心,2024-03-08,6164
2025,千興,45,8,37,中國信託-文心,2024-03-08,6164
5302,太欣,40,3,37,中國信託-文心,2024-03-08,6164
2883B,凱基金乙特,33,0,33,中國信託-文心,2024-03-08,6164
3576,聯合再生,32,0,32,中國信託-文心,2024-03-08,6164
3056,富華新,32,0,32,中國信託-文心,2024-03-08,6164
8087,麗升能源,32,1,31,中國信託-文心,2024-03-08,6164
00712,復華富時不動產,62,31,31,中國信託-文心,2024-03-08,6164
5328,華容,34,5,29,中國信託-文心,2024-03-08,6164
2883,凱基金,54,25,29,中國信託-文心,2024-03-08,6164
2363,矽統,33,5,28,中國信託-文心,2024-03-08,6164
8011,台通,38,11,27,中國信託-文心,2024-03-08,6164
00857B,永豐20年美公債,27,0,27,中國信託-文心,2024-03-08,6164
6143,振曜,46,19,27,中國信託-文心,2024-03-08,6164
2365,昆盈,46,21,25,中國信託-文心,2024-03-08,6164
9945,潤泰新,26,1,25,中國信託-文心,2024-03-08,6164
6182,合晶,49,24,25,中國信託-文心,2024-03-08,6164
8059,凱碩,26,2,24,中國信託-文心,2024-03-08,6164
2539,櫻花建,24,1,23,中國信託-文心,2024-03-08,6164
2355,敬鵬,29,6,23,中國信託-文心,2024-03-08,6164
6591,動力-KY,25,3,22,中國信託-文心,2024-03-08,6164
6241,易通展,22,0,22,中國信託-文心,2024-03-08,6164
1301,台塑,22,0,22,中國信託-文心,2024-03-08,6164
5880,合庫金,22,1,21,中國信託-文心,2024-03-08,6164
4123,晟德,24,3,21,中國信託-文心,2024-03-08,6164
1101,台泥,24,4,20,中國信託-文心,2024-03-08,6164
2495,普安,20,0,20,中國信託-文心,2024-03-08,6164
2501,國建,20,0,20,中國信託-文心,2024-03-08,6164
3024,憶聲,20,0,20,中國信託-文心,2024-03-08,6164
1218,泰山,20,0,20,中國信託-文心,2024-03-08,6164
4915,致伸,46,26,20,中國信託-文心,2024-03-08,6164
5439,高技,26,6,20,中國信託-文心,2024-03-08,6164
2812,台中銀,22,2,20,中國信託-文心,2024-03-08,6164
2367,燿華,87,68,19,中國信託-文心,2024-03-08,6164
5871,中租-KY,26,6,20,中國信託-文心,2024-03-08,6164
00669R,國泰美國道瓊反1,300,0,300,中國信託-文心,2024-03-11,6164
00918,大華優利高填息30,197,6,191,中國信託-文心,2024-03-11,6164
00679B,元大美債20年,207,43,164,中國信託-文心,2024-03-11,6164
00919,群益台灣精選高息,790,636,154,中國信託-文心,2024-03-11,6164
00929,復華台灣科技優息,422,277,145,中國信託-文心,2024-03-11,6164
3011,今皓,85,0,85,中國信託-文心,2024-03-11,6164
00933B,國泰10Y+金融債,119,40,79,中國信託-文心,2024-03-11,6164
1815,富喬,102,29,73,中國信託-文心,2024-03-11,6164
2367,燿華,180,108,72,中國信託-文心,2024-03-11,6164
1905,華紙,70,0,70,中國信託-文心,2024-03-11,6164
1316,上曜,104,43,61,中國信託-文心,2024-03-11,6164
00857B,永豐20年美公債,58,0,58,中國信託-文心,2024-03-11,6164
2851,中再保,76,24,52,中國信託-文心,2024-03-11,6164
3450,聯鈞,46,4,42,中國信託-文心,2024-03-11,6164
00895,富邦未來車,40,1,39,中國信託-文心,2024-03-11,6164
00751B,元大AAA至A公司債,43,6,37,中國信託-文心,2024-03-11,6164
3540,曜越,42,8,34,中國信託-文心,2024-03-11,6164
2855,統一證,71,38,33,中國信託-文心,2024-03-11,6164
2337,旺宏,35,2,33,中國信託-文心,2024-03-11,6164
2330,台積電,52,19,33,中國信託-文心,2024-03-11,6164
00706L,期元大S＆P日圓正2,31,0,31,中國信託-文心,2024-03-11,6164
00764B,群益25年美債,29,0,29,中國信託-文心,2024-03-11,6164
2467,志聖,58,29,29,中國信託-文心,2024-03-11,6164
3221,台嘉碩,29,0,29,中國信託-文心,2024-03-11,6164
8096,擎亞,45,17,28,中國信託-文心,2024-03-11,6164
00830,國泰費城半導體,27,0,27,中國信託-文心,2024-03-11,6164
2887,台新金,28,2,26,中國信託-文心,2024-03-11,6164
6016,康和證,55,30,25,中國信託-文心,2024-03-11,6164
1434,福懋,26,2,24,中國信託-文心,2024-03-11,6164
1101,台泥,27,4,23,中國信託-文心,2024-03-11,6164
6015,宏遠證,25,2,23,中國信託-文心,2024-03-11,6164
5498,凱崴,55,33,22,中國信託-文心,2024-03-11,6164
6116,彩晶,23,2,21,中國信託-文心,2024-03-11,6164
2301,光寶科,25,4,21,中國信託-文心,2024-03-11,6164
006208,富邦台50,22,1,21,中國信託-文心,2024-03-11,6164
1618,合機,33,13,20,中國信託-文心,2024-03-11,6164
2834,臺企銀,45,25,20,中國信託-文心,2024-03-11,6164
2906,高林,19,0,19,中國信託-文心,2024-03-11,6164
2485,兆赫,19,0,19,中國信託-文心,2024-03-11,6164
3163,波若威,49,32,17,中國信託-文心,2024-03-11,6164
6275,元山,27,9,18,中國信託-文心,2024-03-11,6164
4915,致伸,18,1,17,中國信託-文心,2024-03-11,6164
5880,合庫金,64,47,17,中國信託-文心,2024-03-11,6164
2363,矽統,17,1,16,中國信託-文心,2024-03-11,6164
4971,IET-KY,16,0,16,中國信託-文心,2024-03-11,6164
00680L,元大美債20正2,20,4,16,中國信託-文心,2024-03-11,6164
00688L,國泰20年美債正2,19,3,16,中國信託-文心,2024-03-11,6164
8054,安國,24,8,16,中國信託-文心,2024-03-11,6164
2356,英業達,52,36,16,中國信託-文心,2024-03-11,6164
1810,和成,15,0,15,中國信託-文心,2024-03-11,6164
00937B,群益ESG投等債20,237,28,209,中國信託-文心,2024-03-12,6164
00679B,元大美債20年,133,12,121,中國信託-文心,2024-03-12,6164
00687B,國泰20年美債,149,34,115,中國信託-文心,2024-03-12,6164
2888,新光金,117,11,106,中國信託-文心,2024-03-12,6164
4157,太景*-KY,145,50,95,中國信託-文心,2024-03-12,6164
3312,弘憶股,79,5,74,中國信託-文心,2024-03-12,6164
00632R,元大台灣50反1,76,5,71,中國信託-文心,2024-03-12,6164
00933B,國泰10Y+金融債,93,23,70,中國信託-文心,2024-03-12,6164
2460,建通,62,5,57,中國信託-文心,2024-03-12,6164
1815,富喬,166,111,55,中國信託-文心,2024-03-12,6164
00720B,元大投資級公司債,61,6,55,中國信託-文心,2024-03-12,6164
00857B,永豐20年美公債,54,1,53,中國信託-文心,2024-03-12,6164
3016,嘉晶,72,24,48,中國信託-文心,2024-03-12,6164
8926,台汽電,62,16,46,中國信託-文心,2024-03-12,6164
4927,泰鼎-KY,46,3,43,中國信託-文心,2024-03-12,6164
8150,南茂,41,0,41,中國信託-文心,2024-03-12,6164
2449,京元電子,52,11,41,中國信託-文心,2024-03-12,6164
4971,IET-KY,40,0,40,中國信託-文心,2024-03-12,6164
6127,九豪,40,0,40,中國信託-文心,2024-03-12,6164
3481,群創,99,64,35,中國信託-文心,2024-03-12,6164
3228,金麗科,36,2,34,中國信託-文心,2024-03-12,6164
2301,光寶科,36,3,33,中國信託-文心,2024-03-12,6164
1701,中化,30,0,30,中國信託-文心,2024-03-12,6164
2609,陽明,38,9,29,中國信託-文心,2024-03-12,6164
3339,泰谷,45,18,27,中國信託-文心,2024-03-12,6164
4906,正文,27,2,25,中國信託-文心,2024-03-12,6164
1316,上曜,90,67,23,中國信託-文心,2024-03-12,6164
5498,凱崴,42,19,23,中國信託-文心,2024-03-12,6164
00795B,中信美國公債20年,22,0,22,中國信託-文心,2024-03-12,6164
00751B,元大AAA至A公司債,31,11,20,中國信託-文心,2024-03-12,6164
9945,潤泰新,20,0,20,中國信託-文心,2024-03-12,6164
2801,彰銀,20,0,20,中國信託-文心,2024-03-12,6164
2845,遠東銀,21,1,20,中國信託-文心,2024-03-12,6164
2368,金像電,30,11,19,中國信託-文心,2024-03-12,6164
5515,建國,20,1,19,中國信託-文心,2024-03-12,6164
5543,桓鼎-KY,19,0,19,中國信託-文心,2024-03-12,6164
8085,福華,20,2,18,中國信託-文心,2024-03-12,6164
6770,力積電,28,10,18,中國信託-文心,2024-03-12,6164
2906,高林,18,0,18,中國信託-文心,2024-03-12,6164
6122,擎邦,25,7,18,中國信託-文心,2024-03-12,6164
00753L,中信中國50正2,51,33,18,中國信託-文心,2024-03-12,6164
2313,華通,79,62,17,中國信託-文心,2024-03-12,6164
4523,永彰,20,3,17,中國信託-文心,2024-03-12,6164
6290,良維,21,5,16,中國信託-文心,2024-03-12,6164
3707,漢磊,18,2,16,中國信託-文心,2024-03-12,6164
2736,富野,16,0,16,中國信託-文心,2024-03-12,6164
1522,堤維西,30,15,15,中國信託-文心,2024-03-12,6164
3062,建漢,23,8,15,中國信託-文心,2024-03-12,6164
3011,今皓,15,0,15,中國信託-文心,2024-03-12,6164
6285,啟��,15,1,14,中國信託-文心,2024-03-12,6164
00919,群益台灣精選高息,1191,167,1024,中國信託-文心,2024-03-13,6164
00753L,中信中國50正2,976,20,956,中國信託-文心,2024-03-13,6164
00679B,元大美債20年,312,4,308,中國信託-文心,2024-03-13,6164
00918,大華優利高填息30,232,30,202,中國信託-文心,2024-03-13,6164
00632R,元大台灣50反1,287,110,177,中國信託-文心,2024-03-13,6164
00937B,群益ESG投等債20,321,150,171,中國信託-文心,2024-03-13,6164
00712,復華富時不動產,209,59,150,中國信託-文心,2024-03-13,6164
3231,緯創,228,101,127,中國信託-文心,2024-03-13,6164
00933B,國泰10Y+金融債,137,24,113,中國信託-文心,2024-03-13,6164
00664R,國泰臺灣加權反1,102,0,102,中國信託-文心,2024-03-13,6164
3481,群創,141,50,91,中國信託-文心,2024-03-13,6164
2344,華邦電,72,0,72,中國信託-文心,2024-03-13,6164
2884,玉山金,77,9,68,中國信託-文心,2024-03-13,6164
8011,台通,146,79,67,中國信託-文心,2024-03-13,6164
00915,凱基優選高股息30,73,10,63,中國信託-文心,2024-03-13,6164
1416,廣豐,60,0,60,中國信託-文心,2024-03-13,6164
2889,國票金,59,3,56,中國信託-文心,2024-03-13,6164
6743,安普新,55,0,55,中國信託-文心,2024-03-13,6164
2603,長榮,87,35,52,中國信託-文心,2024-03-13,6164
2002,中鋼,76,26,50,中國信託-文心,2024-03-13,6164
6217,中探針,50,0,50,中國信託-文心,2024-03-13,6164
2331,精英,45,0,45,中國信託-文心,2024-03-13,6164
1514,亞力,112,67,45,中國信託-文心,2024-03-13,6164
00751B,元大AAA至A公司債,42,0,42,中國信託-文心,2024-03-13,6164
2349,錸德,42,1,41,中國信託-文心,2024-03-13,6164
5515,建國,42,2,40,中國信託-文心,2024-03-13,6164
4523,永彰,36,0,36,中國信託-文心,2024-03-13,6164
00934,中信成長高股息,41,6,35,中國信託-文心,2024-03-13,6164
2365,昆盈,55,20,35,中國信託-文心,2024-03-13,6164
3163,波若威,213,180,33,中國信託-文心,2024-03-13,6164
2303,聯電,97,65,32,中國信託-文心,2024-03-13,6164
2539,櫻花建,31,1,30,中國信託-文心,2024-03-13,6164
00650L,復華香港正2,35,6,29,中國信託-文心,2024-03-13,6164
8996,高力,38,9,29,中國信託-文心,2024-03-13,6164
3715,定穎投控,35,7,28,中國信託-文心,2024-03-13,6164
00891,中信關鍵半導體,38,12,26,中國信託-文心,2024-03-13,6164
5213,亞昕,26,1,25,中國信託-文心,2024-03-13,6164
2888,新光金,28,3,25,中國信託-文心,2024-03-13,6164
2383,台光電,27,2,25,中國信託-文心,2024-03-13,6164
4128,中天,23,0,23,中國信託-文心,2024-03-13,6164
00857B,永豐20年美公債,43,20,23,中國信託-文心,2024-03-13,6164
2313,華通,59,37,22,中國信託-文心,2024-03-13,6164
00653L,富邦印度正2,20,0,20,中國信託-文心,2024-03-13,6164
2105,正新,20,0,20,中國信託-文心,2024-03-13,6164
3171,炎洲流通,20,0,20,中國信託-文心,2024-03-13,6164
3025,星通,21,1,20,中國信託-文心,2024-03-13,6164
3017,奇鋐,56,36,20,中國信託-文心,2024-03-13,6164
1701,中化,22,3,19,中國信託-文心,2024-03-13,6164
1609,大亞,25,6,19,中國信託-文心,2024-03-13,6164
2376,技嘉,47,29,18,中國信託-文心,2024-03-13,6164
00753L,中信中國50正2,7504,80,7424,中國信託-文心,2024-03-14,6164
00919,群益台灣精選高息,2224,412,1812,中國信託-文心,2024-03-14,6164
00665L,富邦�琤肭磪囓�2,286,13,273,中國信託-文心,2024-03-14,6164
00918,大華優利高填息30,173,46,127,中國信託-文心,2024-03-14,6164
00687B,國泰20年美債,178,56,122,中國信託-文心,2024-03-14,6164
00937B,群益ESG投等債20,191,70,121,中國信託-文心,2024-03-14,6164
2471,資通,121,7,114,中國信託-文心,2024-03-14,6164
00679B,元大美債20年,190,83,107,中國信託-文心,2024-03-14,6164
1316,上曜,317,211,106,中國信託-文心,2024-03-14,6164
3260,威剛,91,0,91,中國信託-文心,2024-03-14,6164
2884,玉山金,116,35,81,中國信託-文心,2024-03-14,6164
00751B,元大AAA至A公司債,96,15,81,中國信託-文心,2024-03-14,6164
2618,長榮航,197,120,77,中國信託-文心,2024-03-14,6164
1434,福懋,65,0,65,中國信託-文心,2024-03-14,6164
2603,長榮,80,17,63,中國信託-文心,2024-03-14,6164
00632R,元大台灣50反1,74,15,59,中國信託-文心,2024-03-14,6164
00915,凱基優選高股息30,79,21,58,中國信託-文心,2024-03-14,6164
2467,志聖,74,16,58,中國信託-文心,2024-03-14,6164
2313,華通,66,8,58,中國信託-文心,2024-03-14,6164
2316,楠梓電,58,5,53,中國信託-文心,2024-03-14,6164
00676R,富邦臺灣加權反1,50,0,50,中國信託-文心,2024-03-14,6164
1504,東元,49,7,42,中國信託-文心,2024-03-14,6164
3011,今皓,43,1,42,中國信託-文心,2024-03-14,6164
3702,大聯大,44,4,40,中國信託-文心,2024-03-14,6164
2515,中工,90,51,39,中國信託-文心,2024-03-14,6164
6005,群益證,47,9,38,中國信託-文心,2024-03-14,6164
0056,元大高股息,53,16,37,中國信託-文心,2024-03-14,6164
6186,新潤,32,1,31,中國信託-文心,2024-03-14,6164
2344,華邦電,32,2,30,中國信託-文心,2024-03-14,6164
2530,華建,35,7,28,中國信託-文心,2024-03-14,6164
00857B,永豐20年美公債,28,0,28,中國信託-文心,2024-03-14,6164
2723,美食-KY,28,0,28,中國信託-文心,2024-03-14,6164
5202,力新,26,0,26,中國信託-文心,2024-03-14,6164
2885,元大金,33,7,26,中國信託-文心,2024-03-14,6164
1101,台泥,39,14,25,中國信託-文心,2024-03-14,6164
00936,台新永續高息中小,25,1,24,中國信託-文心,2024-03-14,6164
6139,亞翔,29,6,23,中國信託-文心,2024-03-14,6164
00720B,元大投資級公司債,27,4,23,中國信託-文心,2024-03-14,6164
1815,富喬,26,3,23,中國信託-文心,2024-03-14,6164
00795B,中信美國公債20年,23,0,23,中國信託-文心,2024-03-14,6164
00752,中信中國50,22,0,22,中國信託-文心,2024-03-14,6164
3694,海華,26,4,22,中國信託-文心,2024-03-14,6164
8087,麗升能源,21,0,21,中國信託-文心,2024-03-14,6164
2601,益航,22,1,21,中國信託-文心,2024-03-14,6164
2303,聯電,43,22,21,中國信託-文心,2024-03-14,6164
00773B,中信優先金融債,20,0,20,中國信託-文心,2024-03-14,6164
2356,英業達,32,12,20,中國信託-文心,2024-03-14,6164
4121,優盛,20,0,20,中國信託-文心,2024-03-14,6164
4915,致伸,22,2,20,中國信託-文心,2024-03-14,6164
2101,南港,20,0,20,中國信託-文心,2024-03-14,6164
00753L,中信中國50正2,1113,10,1103,中國信託-文心,2024-03-15,6164
00919,群益台灣精選高息,1705,1136,569,中國信託-文心,2024-03-15,6164
00941,中信上游半導體,782,390,392,中國信託-文心,2024-03-15,6164
2834,臺企銀,367,66,301,中國信託-文心,2024-03-15,6164
00929,復華台灣科技優息,353,104,249,中國信託-文心,2024-03-15,6164
00680L,元大美債20正2,223,0,223,中國信託-文心,2024-03-15,6164
00937B,群益ESG投等債20,207,9,198,中國信託-文心,2024-03-15,6164
00687B,國泰20年美債,180,10,170,中國信託-文心,2024-03-15,6164
00679B,元大美債20年,115,6,109,中國信託-文心,2024-03-15,6164
00918,大華優利高填息30,161,54,107,中國信託-文心,2024-03-15,6164
2471,資通,102,6,96,中國信託-文心,2024-03-15,6164
2634,漢翔,101,7,94,中國信託-文心,2024-03-15,6164
00665L,富邦�琤肭磪囓�2,91,0,91,中國信託-文心,2024-03-15,6164
2883,凱基金,150,60,90,中國信託-文心,2024-03-15,6164
2603,長榮,150,64,86,中國信託-文心,2024-03-15,6164
2022,聚亨,81,1,80,中國信託-文心,2024-03-15,6164
2356,英業達,86,7,79,中國信託-文心,2024-03-15,6164
3056,富華新,73,0,73,中國信託-文心,2024-03-15,6164
00857B,永豐20年美公債,79,7,72,中國信託-文心,2024-03-15,6164
2330,台積電,73,3,70,中國信託-文心,2024-03-15,6164
2610,華航,55,0,55,中國信託-文心,2024-03-15,6164
3481,群創,82,28,54,中國信託-文心,2024-03-15,6164
6464,台數科,53,0,53,中國信託-文心,2024-03-15,6164
1513,中興電,80,32,48,中國信託-文心,2024-03-15,6164
00795B,中信美國公債20年,47,1,46,中國信託-文心,2024-03-15,6164
2344,華邦電,44,0,44,中國信託-文心,2024-03-15,6164
00712,復華富時不動產,74,32,42,中國信託-文心,2024-03-15,6164
5302,太欣,41,0,41,中國信託-文心,2024-03-15,6164
6186,新潤,44,3,41,中國信託-文心,2024-03-15,6164
00674R,期元大S＆P黃金反1,40,0,40,中國信託-文心,2024-03-15,6164
00720B,元大投資級公司債,43,3,40,中國信託-文心,2024-03-15,6164
1802,台玻,42,2,40,中國信託-文心,2024-03-15,6164
2881,富邦金,49,9,40,中國信託-文心,2024-03-15,6164
2618,長榮航,54,15,39,中國信託-文心,2024-03-15,6164
00915,凱基優選高股息30,65,27,38,中國信託-文心,2024-03-15,6164
6606,建德工業,34,0,34,中國信託-文心,2024-03-15,6164
9946,三發地產,34,0,34,中國信託-文心,2024-03-15,6164
00650L,復華香港正2,37,10,27,中國信託-文心,2024-03-15,6164
2539,櫻花建,26,0,26,中國信託-文心,2024-03-15,6164
00922,國泰台灣領袖50,31,6,25,中國信託-文心,2024-03-15,6164
1303,南亞,25,1,24,中國信託-文心,2024-03-15,6164
3163,波若威,60,37,23,中國信託-文心,2024-03-15,6164
2609,陽明,100,77,23,中國信託-文心,2024-03-15,6164
00751B,元大AAA至A公司債,22,0,22,中國信託-文心,2024-03-15,6164
2331,精英,22,0,22,中國信託-文心,2024-03-15,6164
6126,信音,22,1,21,中國信託-文心,2024-03-15,6164
4714,永捷,122,101,21,中國信託-文心,2024-03-15,6164
00933B,國泰10Y+金融債,47,27,20,中國信託-文心,2024-03-15,6164
3715,定穎投控,20,0,20,中國信託-文心,2024-03-15,6164
00642U,期元大S＆P石油,20,0,20,中國信託-文心,2024-03-15,6164
00919,群益台灣精選高息,612,202,410,中國信託-文心,2024-03-18,6164
2834,臺企銀,247,35,212,中國信託-文心,2024-03-18,6164
00941,中信上游半導體,240,50,190,中國信託-文心,2024-03-18,6164
00937B,群益ESG投等債20,149,0,149,中國信託-文心,2024-03-18,6164
00918,大華優利高填息30,134,0,134,中國信託-文心,2024-03-18,6164
3564,其陽,141,9,132,中國信託-文心,2024-03-18,6164
00679B,元大美債20年,127,16,111,中國信託-文心,2024-03-18,6164
00687B,國泰20年美債,165,60,105,中國信託-文心,2024-03-18,6164
00751B,元大AAA至A公司債,78,0,78,中國信託-文心,2024-03-18,6164
1416,廣豐,67,6,61,中國信託-文心,2024-03-18,6164
00680L,元大美債20正2,65,4,61,中國信託-文心,2024-03-18,6164
2530,華建,104,46,58,中國信託-文心,2024-03-18,6164
00933B,國泰10Y+金融債,74,24,50,中國信託-文心,2024-03-18,6164
00706L,期元大S＆P日圓正2,50,0,50,中國信託-文心,2024-03-18,6164
00795B,中信美國公債20年,51,1,50,中國信託-文心,2024-03-18,6164
00878,國泰永續高股息,88,38,50,中國信託-文心,2024-03-18,6164
3481,群創,81,34,47,中國信託-文心,2024-03-18,6164
6464,台數科,47,0,47,中國信託-文心,2024-03-18,6164
2890,永豐金,52,5,47,中國信託-文心,2024-03-18,6164
1809,中釉,66,29,37,中國信託-文心,2024-03-18,6164
0050,元大台灣50,42,6,36,中國信託-文心,2024-03-18,6164
4414,如興,36,0,36,中國信託-文心,2024-03-18,6164
2486,一詮,189,154,35,中國信託-文心,2024-03-18,6164
2409,友達,84,51,33,中國信託-文心,2024-03-18,6164
2609,陽明,62,30,32,中國信託-文心,2024-03-18,6164
4532,瑞智,30,0,30,中國信託-文心,2024-03-18,6164
00764B,群益25年美債,29,0,29,中國信託-文心,2024-03-18,6164
2303,聯電,83,54,29,中國信託-文心,2024-03-18,6164
2610,華航,28,0,28,中國信託-文心,2024-03-18,6164
2002,中鋼,31,3,28,中國信託-文心,2024-03-18,6164
00712,復華富時不動產,79,51,28,中國信託-文心,2024-03-18,6164
6186,新潤,27,0,27,中國信託-文心,2024-03-18,6164
8011,台通,43,17,26,中國信託-文心,2024-03-18,6164
00713,元大台灣高息低波,31,6,25,中國信託-文心,2024-03-18,6164
6127,九豪,25,0,25,中國信託-文心,2024-03-18,6164
2748,雲品,25,0,25,中國信託-文心,2024-03-18,6164
2356,英業達,53,28,25,中國信託-文心,2024-03-18,6164
2881,富邦金,30,6,24,中國信託-文心,2024-03-18,6164
3005,神基,33,9,24,中國信託-文心,2024-03-18,6164
2812,台中銀,24,1,23,中國信託-文心,2024-03-18,6164
6591,動力-KY,26,3,23,中國信託-文心,2024-03-18,6164
9945,潤泰新,21,0,21,中國信託-文心,2024-03-18,6164
5515,建國,22,1,21,中國信託-文心,2024-03-18,6164
4113,聯上,20,0,20,中國信託-文心,2024-03-18,6164
3622,洋華,20,1,19,中國信託-文心,2024-03-18,6164
1319,東陽,78,60,18,中國信託-文心,2024-03-18,6164
3522,御嵿,17,0,17,中國信託-文心,2024-03-18,6164
3294,英濟,50,34,16,中國信託-文心,2024-03-18,6164
1789,神隆,15,0,15,中國信託-文心,2024-03-18,6164
00720B,元大投資級公司債,15,0,15,中國信託-文心,2024-03-18,6164
00919,群益台灣精選高息,1518,1032,486,中國信託-文心,2024-03-19,6164
00687B,國泰20年美債,279,23,256,中國信託-文心,2024-03-19,6164
00941,中信上游半導體,232,72,160,中國信託-文心,2024-03-19,6164
2362,藍天,138,1,137,中國信託-文心,2024-03-19,6164
00680L,元大美債20正2,246,110,136,中國信託-文心,2024-03-19,6164
00706L,期元大S＆P日圓正2,193,85,108,中國信託-文心,2024-03-19,6164
00688L,國泰20年美債正2,92,0,92,中國信託-文心,2024-03-19,6164
00679B,元大美債20年,89,14,75,中國信託-文心,2024-03-19,6164
5523,豐謙,72,0,72,中國信託-文心,2024-03-19,6164
8011,台通,134,67,67,中國信託-文心,2024-03-19,6164
1316,上曜,75,14,61,中國信託-文心,2024-03-19,6164
1504,東元,148,92,56,中國信託-文心,2024-03-19,6164
00830,國泰費城半導體,56,0,56,中國信託-文心,2024-03-19,6164
00665L,富邦�琤肭磪囓�2,92,37,55,中國信託-文心,2024-03-19,6164
5488,松普,48,0,48,中國信託-文心,2024-03-19,6164
2610,華航,56,12,44,中國信託-文心,2024-03-19,6164
2313,華通,61,19,42,中國信託-文心,2024-03-19,6164
6464,台數科,40,0,40,中國信託-文心,2024-03-19,6164
5515,建國,52,13,39,中國信託-文心,2024-03-19,6164
3006,晶豪科,37,0,37,中國信託-文心,2024-03-19,6164
3312,弘憶股,55,18,37,中國信託-文心,2024-03-19,6164
00857B,永豐20年美公債,36,0,36,中國信託-文心,2024-03-19,6164
00795B,中信美國公債20年,39,4,35,中國信託-文心,2024-03-19,6164
00673R,期元大S＆P原油反1,30,0,30,中國信託-文心,2024-03-19,6164
2611,志信,42,13,29,中國信託-文心,2024-03-19,6164
8064,東捷,44,15,29,中國信託-文心,2024-03-19,6164
2486,一詮,100,72,28,中國信託-文心,2024-03-19,6164
5880,合庫金,30,3,27,中國信託-文心,2024-03-19,6164
2329,華泰,33,7,26,中國信託-文心,2024-03-19,6164
2812,台中銀,25,1,24,中國信託-文心,2024-03-19,6164
6122,擎邦,25,2,23,中國信託-文心,2024-03-19,6164
6244,茂迪,22,0,22,中國信託-文心,2024-03-19,6164
1101,台泥,64,42,22,中國信託-文心,2024-03-19,6164
8096,擎亞,21,0,21,中國信託-文心,2024-03-19,6164
4167,松瑞藥,20,0,20,中國信託-文心,2024-03-19,6164
3339,泰谷,20,0,20,中國信託-文心,2024-03-19,6164
6026,福邦證,20,0,20,中國信託-文心,2024-03-19,6164
3005,神基,48,28,20,中國信託-文心,2024-03-19,6164
00931B,統一美債20年,20,1,19,中國信託-文心,2024-03-19,6164
6190,萬泰科,20,1,19,中國信託-文心,2024-03-19,6164
6127,九豪,18,0,18,中國信託-文心,2024-03-19,6164
2371,大同,18,1,17,中國信託-文心,2024-03-19,6164
2317,鴻海,97,80,17,中國信託-文心,2024-03-19,6164
2316,楠梓電,36,20,16,中國信託-文心,2024-03-19,6164
00935,野村臺灣新科技50,16,0,16,中國信託-文心,2024-03-19,6164
2353,宏��,23,7,16,中國信託-文心,2024-03-19,6164
9945,潤泰新,17,2,15,中國信託-文心,2024-03-19,6164
5351,鈺創,15,0,15,中國信託-文心,2024-03-19,6164
3372,典範,14,0,14,中國信託-文心,2024-03-19,6164
1513,中興電,94,82,12,中國信託-文心,2024-03-19,6164
00939,統一台灣高息動能,2004,145,1859,中國信託-文心,2024-03-20,6164
00919,群益台灣精選高息,2031,1427,604,中國信託-文心,2024-03-20,6164
2633,台灣高鐵,201,5,196,中國信託-文心,2024-03-20,6164
2002,中鋼,149,12,137,中國信託-文心,2024-03-20,6164
00937B,群益ESG投等債20,134,24,110,中國信託-文心,2024-03-20,6164
00673R,期元大S＆P原油反1,101,0,101,中國信託-文心,2024-03-20,6164
1314,中石化,101,0,101,中國信託-文心,2024-03-20,6164
2313,華通,99,2,97,中國信託-文心,2024-03-20,6164
1605,華新,139,42,97,中國信託-文心,2024-03-20,6164
00891,中信關鍵半導體,110,22,88,中國信託-文心,2024-03-20,6164
2344,華邦電,92,5,87,中國信託-文心,2024-03-20,6164
00680L,元大美債20正2,90,17,73,中國信託-文心,2024-03-20,6164
2356,英業達,68,7,61,中國信託-文心,2024-03-20,6164
3481,群創,61,3,58,中國信託-文心,2024-03-20,6164
00706L,期元大S＆P日圓正2,51,0,51,中國信託-文心,2024-03-20,6164
8076,伍豐,50,0,50,中國信託-文心,2024-03-20,6164
4938,和碩,74,24,50,中國信託-文心,2024-03-20,6164
2362,藍天,50,9,41,中國信託-文心,2024-03-20,6164
3005,神基,133,92,41,中國信託-文心,2024-03-20,6164
3231,緯創,84,43,41,中國信託-文心,2024-03-20,6164
6464,台數科,40,0,40,中國信託-文心,2024-03-20,6164
2603,長榮,132,92,40,中國信託-文心,2024-03-20,6164
2812,台中銀,40,1,39,中國信託-文心,2024-03-20,6164
0056,元大高股息,68,29,39,中國信託-文心,2024-03-20,6164
8054,安國,57,19,38,中國信託-文心,2024-03-20,6164
5403,中菲,36,0,36,中國信託-文心,2024-03-20,6164
2374,佳能,75,39,36,中國信託-文心,2024-03-20,6164
00679B,元大美債20年,69,34,35,中國信託-文心,2024-03-20,6164
2897,王道銀行,37,2,35,中國信託-文心,2024-03-20,6164
1316,上曜,36,2,34,中國信託-文心,2024-03-20,6164
1609,大亞,40,7,33,中國信託-文心,2024-03-20,6164
1303,南亞,34,2,32,中國信託-文心,2024-03-20,6164
2354,鴻準,78,46,32,中國信託-文心,2024-03-20,6164
00687B,國泰20年美債,59,27,32,中國信託-文心,2024-03-20,6164
00688L,國泰20年美債正2,31,0,31,中國信託-文心,2024-03-20,6164
00648R,元大S＆P500反1,30,0,30,中國信託-文心,2024-03-20,6164
00712,復華富時不動產,72,44,28,中國信託-文心,2024-03-20,6164
6127,九豪,28,0,28,中國信託-文心,2024-03-20,6164
2618,長榮航,29,2,27,中國信託-文心,2024-03-20,6164
2611,志信,28,2,26,中國信託-文心,2024-03-20,6164
2303,聯電,101,77,24,中國信託-文心,2024-03-20,6164
2701,萬企,24,0,24,中國信託-文心,2024-03-20,6164
3694,海華,43,19,24,中國信託-文心,2024-03-20,6164
2009,第一銅,25,2,23,中國信託-文心,2024-03-20,6164
5880,合庫金,25,2,23,中國信託-文心,2024-03-20,6164
2382,廣達,27,5,22,中國信託-文心,2024-03-20,6164
1618,合機,24,3,21,中國信託-文心,2024-03-20,6164
00669R,國泰美國道瓊反1,20,0,20,中國信託-文心,2024-03-20,6164
2889,國票金,30,10,20,中國信託-文心,2024-03-20,6164
2610,華航,23,4,19,中國信託-文心,2024-03-20,6164
00939,統一台灣高息動能,760,120,640,中國信託-文心,2024-03-21,6164
00937B,群益ESG投等債20,268,20,248,中國信託-文心,2024-03-21,6164
00919,群益台灣精選高息,503,284,219,中國信託-文心,2024-03-21,6164
00687B,國泰20年美債,201,6,195,中國信託-文心,2024-03-21,6164
00795B,中信美國公債20年,135,0,135,中國信託-文心,2024-03-21,6164
00679B,元大美債20年,108,0,108,中國信託-文心,2024-03-21,6164
00929,復華台灣科技優息,251,145,106,中國信託-文心,2024-03-21,6164
2834,臺企銀,75,4,71,中國信託-文心,2024-03-21,6164
2405,輔信,157,89,68,中國信託-文心,2024-03-21,6164
2618,長榮航,79,17,62,中國信託-文心,2024-03-21,6164
2362,藍天,60,1,59,中國信託-文心,2024-03-21,6164
6806,森崴能源,71,14,57,中國信託-文心,2024-03-21,6164
3706,神達,242,186,56,中國信託-文心,2024-03-21,6164
2002,中鋼,61,13,48,中國信託-文心,2024-03-21,6164
00680L,元大美債20正2,59,15,44,中國信託-文心,2024-03-21,6164
4938,和碩,66,24,42,中國信託-文心,2024-03-21,6164
00720B,元大投資級公司債,40,0,40,中國信託-文心,2024-03-21,6164
00830,國泰費城半導體,42,4,38,中國信託-文心,2024-03-21,6164
6464,台數科,34,0,34,中國信託-文心,2024-03-21,6164
00706L,期元大S＆P日圓正2,33,0,33,中國信託-文心,2024-03-21,6164
00891,中信關鍵半導體,76,43,33,中國信託-文心,2024-03-21,6164
2603,長榮,69,39,30,中國信託-文心,2024-03-21,6164
1587,吉茂,33,4,29,中國信託-文心,2024-03-21,6164
1504,東元,45,17,28,中國信託-文心,2024-03-21,6164
00857B,永豐20年美公債,27,0,27,中國信託-文心,2024-03-21,6164
6191,精成科,31,4,27,中國信託-文心,2024-03-21,6164
3037,欣興,60,35,25,中國信託-文心,2024-03-21,6164
2889,國票金,26,1,25,中國信託-文心,2024-03-21,6164
00923,群益台ESG低碳50,24,0,24,中國信託-文心,2024-03-21,6164
3005,神基,134,110,24,中國信託-文心,2024-03-21,6164
2316,楠梓電,28,4,24,中國信託-文心,2024-03-21,6164
1785,光洋科,47,24,23,中國信託-文心,2024-03-21,6164
2369,菱生,56,34,22,中國信託-文心,2024-03-21,6164
8034,榮群,182,160,22,中國信託-文心,2024-03-21,6164
00931B,統一美債20年,22,0,22,中國信託-文心,2024-03-21,6164
00632R,元大台灣50反1,181,160,21,中國信託-文心,2024-03-21,6164
00911,兆豐洲際半導體,20,0,20,中國信託-文心,2024-03-21,6164
00922,國泰台灣領袖50,21,1,20,中國信託-文心,2024-03-21,6164
00648R,元大S＆P500反1,20,0,20,中國信託-文心,2024-03-21,6164
3024,憶聲,20,0,20,中國信託-文心,2024-03-21,6164
00772B,中信高評級公司債,19,0,19,中國信託-文心,2024-03-21,6164
2855,統一證,19,1,18,中國信託-文心,2024-03-21,6164
00918,大華優利高填息30,36,18,18,中國信託-文心,2024-03-21,6164
2887,台新金,19,2,17,中國信託-文心,2024-03-21,6164
2393,億光,17,0,17,中國信託-文心,2024-03-21,6164
2329,華泰,23,6,17,中國信託-文心,2024-03-21,6164
1702,南僑,16,0,16,中國信託-文心,2024-03-21,6164
2530,華建,16,0,16,中國信託-文心,2024-03-21,6164
1447,力鵬,15,0,15,中國信託-文心,2024-03-21,6164
2820,華票,15,0,15,中國信託-文心,2024-03-21,6164
00937B,群益ESG投等債20,596,84,512,中國信託-文心,2024-03-22,6164
00939,統一台灣高息動能,484,140,344,中國信託-文心,2024-03-22,6164
00665L,富邦�琤肭磪囓�2,297,1,296,中國信託-文心,2024-03-22,6164
00688L,國泰20年美債正2,294,0,294,中國信託-文心,2024-03-22,6164
1609,大亞,443,236,207,中國信託-文心,2024-03-22,6164
00706L,期元大S＆P日圓正2,150,0,150,中國信託-文心,2024-03-22,6164
00919,群益台灣精選高息,563,416,147,中國信託-文心,2024-03-22,6164
2834,臺企銀,102,0,102,中國信託-文心,2024-03-22,6164
00632R,元大台灣50反1,98,30,68,中國信託-文心,2024-03-22,6164
00753L,中信中國50正2,95,30,65,中國信託-文心,2024-03-22,6164
00680L,元大美債20正2,58,1,57,中國信託-文心,2024-03-22,6164
00931B,統一美債20年,57,1,56,中國信託-文心,2024-03-22,6164
2323,中環,66,13,53,中國信託-文心,2024-03-22,6164
00679B,元大美債20年,100,50,50,中國信託-文心,2024-03-22,6164
00915,凱基優選高股息30,49,1,48,中國信託-文心,2024-03-22,6164
2603,長榮,128,81,47,中國信託-文心,2024-03-22,6164
2006,東和鋼鐵,44,0,44,中國信託-文心,2024-03-22,6164
6443,元晶,88,45,43,中國信託-文心,2024-03-22,6164
1618,合機,62,24,38,中國信託-文心,2024-03-22,6164
2881,富邦金,42,5,37,中國信託-文心,2024-03-22,6164
00637L,元大滬深300正2,46,10,36,中國信託-文心,2024-03-22,6164
00891,中信關鍵半導體,48,14,34,中國信託-文心,2024-03-22,6164
2883,凱基金,47,16,31,中國信託-文心,2024-03-22,6164
2633,台灣高鐵,31,0,31,中國信託-文心,2024-03-22,6164
5225,東科-KY,30,0,30,中國信託-文心,2024-03-22,6164
2885,元大金,30,0,30,中國信託-文心,2024-03-22,6164
6464,台數科,30,0,30,中國信託-文心,2024-03-22,6164
00650L,復華香港正2,39,10,29,中國信託-文心,2024-03-22,6164
2615,萬海,27,0,27,中國信託-文心,2024-03-22,6164
8936,國統,71,44,27,中國信託-文心,2024-03-22,6164
5871,中租-KY,27,0,27,中國信託-文心,2024-03-22,6164
2358,廷鑫,28,2,26,中國信託-文心,2024-03-22,6164
2903,遠百,26,0,26,中國信託-文心,2024-03-22,6164
2376,技嘉,50,24,26,中國信託-文心,2024-03-22,6164
4938,和碩,33,8,25,中國信託-文心,2024-03-22,6164
1101,台泥,26,0,26,中國信託-文心,2024-03-22,6164
00900,富邦特選高股息30,44,22,22,中國信託-文心,2024-03-22,6164
6116,彩晶,25,3,22,中國信託-文心,2024-03-22,6164
2888,新光金,22,0,22,中國信託-文心,2024-03-22,6164
1504,東元,51,30,21,中國信託-文心,2024-03-22,6164
5469,瀚宇博,30,9,21,中國信託-文心,2024-03-22,6164
8112,至上,30,9,21,中國信託-文心,2024-03-22,6164
6164,華興,20,0,20,中國信託-文心,2024-03-22,6164
1785,光洋科,27,8,19,中國信託-文心,2024-03-22,6164
1503,士電,60,41,19,中國信託-文心,2024-03-22,6164
3704,合勤控,30,12,18,中國信託-文心,2024-03-22,6164
2324,仁寶,64,47,17,中國信託-文心,2024-03-22,6164
4908,前鼎,21,4,17,中國信託-文心,2024-03-22,6164
2362,藍天,17,0,17,中國信託-文心,2024-03-22,6164
2301,光寶科,33,16,17,中國信託-文心,2024-03-22,6164
00679B,元大美債20年,471,15,456,中國信託-文心,2024-03-25,6164
00937B,群益ESG投等債20,413,73,340,中國信託-文心,2024-03-25,6164
00687B,國泰20年美債,305,19,286,中國信託-文心,2024-03-25,6164
00939,統一台灣高息動能,444,191,253,中國信託-文心,2024-03-25,6164
00927,群益半導體收益,110,0,110,中國信託-文心,2024-03-25,6164
00795B,中信美國公債20年,98,11,87,中國信託-文心,2024-03-25,6164
2836,高雄銀,73,0,73,中國信託-文心,2024-03-25,6164
2356,英業達,148,88,60,中國信託-文心,2024-03-25,6164
00878,國泰永續高股息,99,45,54,中國信託-文心,2024-03-25,6164
00941,中信上游半導體,572,518,54,中國信託-文心,2024-03-25,6164
2303,聯電,64,12,52,中國信託-文心,2024-03-25,6164
1609,大亞,243,193,50,中國信託-文心,2024-03-25,6164
00891,中信關鍵半導體,77,30,47,中國信託-文心,2024-03-25,6164
6464,台數科,46,0,46,中國信託-文心,2024-03-25,6164
2317,鴻海,86,40,46,中國信託-文心,2024-03-25,6164
00915,凱基優選高股息30,59,17,42,中國信託-文心,2024-03-25,6164
00680L,元大美債20正2,92,53,39,中國信託-文心,2024-03-25,6164
00830,國泰費城半導體,38,0,38,中國信託-文心,2024-03-25,6164
3390,旭軟,41,4,37,中國信託-文心,2024-03-25,6164
6163,華電網,39,2,37,中國信託-文心,2024-03-25,6164
1618,合機,52,15,37,中國信託-文心,2024-03-25,6164
2464,盟立,52,16,36,中國信託-文心,2024-03-25,6164
2610,華航,38,3,35,中國信託-文心,2024-03-25,6164
3450,聯鈞,37,2,35,中國信託-文心,2024-03-25,6164
00665L,富邦�琤肭磪囓�2,85,52,33,中國信託-文心,2024-03-25,6164
2834,臺企銀,34,2,32,中國信託-文心,2024-03-25,6164
2615,萬海,30,2,28,中國信託-文心,2024-03-25,6164
3005,神基,114,86,28,中國信託-文心,2024-03-25,6164
00632R,元大台灣50反1,52,25,27,中國信託-文心,2024-03-25,6164
0056,元大高股息,47,21,26,中國信託-文心,2024-03-25,6164
2353,宏��,48,24,24,中國信託-文心,2024-03-25,6164
5439,高技,34,11,23,中國信託-文心,2024-03-25,6164
2352,佳世達,28,5,23,中國信託-文心,2024-03-25,6164
00900,富邦特選高股息30,29,7,22,中國信託-文心,2024-03-25,6164
1612,宏泰,58,36,22,中國信託-文心,2024-03-25,6164
1701,中化,22,0,22,中國信託-文心,2024-03-25,6164
2498,宏達電,27,5,22,中國信託-文心,2024-03-25,6164
2313,華通,28,7,21,中國信託-文心,2024-03-25,6164
6189,豐藝,26,6,20,中國信託-文心,2024-03-25,6164
2886,兆豐金,21,1,20,中國信託-文心,2024-03-25,6164
8033,雷虎,30,11,19,中國信託-文心,2024-03-25,6164
2355,敬鵬,19,0,19,中國信託-文心,2024-03-25,6164
3545,敦泰,24,5,19,中國信託-文心,2024-03-25,6164
2704,國賓,18,0,18,中國信託-文心,2024-03-25,6164
6139,亞翔,50,32,18,中國信託-文心,2024-03-25,6164
4714,永捷,17,0,17,中國信託-文心,2024-03-25,6164
2367,燿華,78,62,16,中國信託-文心,2024-03-25,6164
5880,合庫金,17,1,16,中國信託-文心,2024-03-25,6164
3049,精金,15,0,15,中國信託-文心,2024-03-25,6164
3305,昇貿,15,0,15,中國信託-文心,2024-03-25,6164
00939,統一台灣高息動能,540,79,461,中國信託-文心,2024-03-26,6164
00679B,元大美債20年,195,20,175,中國信託-文心,2024-03-26,6164
00937B,群益ESG投等債20,181,47,134,中國信託-文心,2024-03-26,6164
2883,凱基金,197,64,133,中國信託-文心,2024-03-26,6164
2618,長榮航,126,6,120,中國信託-文心,2024-03-26,6164
00665L,富邦�琤肭磪囓�2,135,15,120,中國信託-文心,2024-03-26,6164
00632R,元大台灣50反1,123,10,113,中國信託-文心,2024-03-26,6164
3231,緯創,135,25,110,中國信託-文心,2024-03-26,6164
00687B,國泰20年美債,102,10,92,中國信託-文心,2024-03-26,6164
00706L,期元大S＆P日圓正2,85,0,85,中國信託-文心,2024-03-26,6164
00891,中信關鍵半導體,92,15,77,中國信託-文心,2024-03-26,6164
2316,楠梓電,94,32,62,中國信託-文心,2024-03-26,6164
2356,英業達,128,67,61,中國信託-文心,2024-03-26,6164
0056,元大高股息,58,6,52,中國信託-文心,2024-03-26,6164
00919,群益台灣精選高息,641,593,48,中國信託-文心,2024-03-26,6164
2303,聯電,74,26,48,中國信託-文心,2024-03-26,6164
2371,大同,118,70,48,中國信託-文心,2024-03-26,6164
2609,陽明,81,34,47,中國信託-文心,2024-03-26,6164
2539,櫻花建,45,0,45,中國信託-文心,2024-03-26,6164
2610,華航,44,0,44,中國信託-文心,2024-03-26,6164
6464,台數科,42,0,42,中國信託-文心,2024-03-26,6164
3062,建漢,50,11,39,中國信託-文心,2024-03-26,6164
5439,高技,39,3,36,中國信託-文心,2024-03-26,6164
00927,群益半導體收益,118,85,33,中國信託-文心,2024-03-26,6164
00720B,元大投資級公司債,41,8,33,中國信託-文心,2024-03-26,6164
8034,榮群,31,0,31,中國信託-文心,2024-03-26,6164
1609,大亞,129,98,31,中國信託-文心,2024-03-26,6164
2010,春源,31,0,31,中國信託-文心,2024-03-26,6164
5284,jpp-KY,31,1,30,中國信託-文心,2024-03-26,6164
6156,松上,30,0,30,中國信託-文心,2024-03-26,6164
2834,臺企銀,27,0,27,中國信託-文心,2024-03-26,6164
2354,鴻準,42,17,25,中國信託-文心,2024-03-26,6164
3264,欣銓,29,4,25,中國信託-文心,2024-03-26,6164
1529,樂事綠能,49,25,24,中國信託-文心,2024-03-26,6164
6143,振曜,24,0,24,中國信託-文心,2024-03-26,6164
1316,上曜,25,3,22,中國信託-文心,2024-03-26,6164
3715,定穎投控,22,1,21,中國信託-文心,2024-03-26,6164
1218,泰山,20,0,20,中國信託-文心,2024-03-26,6164
2836,高雄銀,20,0,20,中國信託-文心,2024-03-26,6164
2704,國賓,18,0,18,中國信託-文心,2024-03-26,6164
6535,順藥,18,0,18,中國信託-文心,2024-03-26,6164
3694,海華,21,3,18,中國信託-文心,2024-03-26,6164
1785,光洋科,27,10,17,中國信託-文心,2024-03-26,6164
5443,均豪,19,3,16,中國信託-文心,2024-03-26,6164
3032,偉訓,19,3,16,中國信託-文心,2024-03-26,6164
2109,華豐,16,0,16,中國信託-文心,2024-03-26,6164
4979,華星光,22,6,16,中國信託-文心,2024-03-26,6164
00713,元大台灣高息低波,18,2,16,中國信託-文心,2024-03-26,6164
1517,利奇,15,0,15,中國信託-文心,2024-03-26,6164
3588,通嘉,14,0,14,中國信託-文心,2024-03-26,6164
00919,群益台灣精選高息,734,360,374,中國信託-文心,2024-03-27,6164
00929,復華台灣科技優息,322,130,192,中國信託-文心,2024-03-27,6164
2371,大同,164,68,96,中國信託-文心,2024-03-27,6164
00918,大華優利高填息30,93,14,79,中國信託-文心,2024-03-27,6164
3231,緯創,85,7,78,中國信託-文心,2024-03-27,6164
00679B,元大美債20年,84,11,73,中國信託-文心,2024-03-27,6164
00937B,群益ESG投等債20,103,39,64,中國信託-文心,2024-03-27,6164
00687B,國泰20年美債,68,5,63,中國信託-文心,2024-03-27,6164
8092,建暐,47,1,46,中國信託-文心,2024-03-27,6164
6464,台數科,45,0,45,中國信託-文心,2024-03-27,6164
1808,潤隆,49,9,40,中國信託-文心,2024-03-27,6164
006205,富邦上証,40,0,40,中國信託-文心,2024-03-27,6164
00706L,期元大S＆P日圓正2,40,0,40,中國信託-文心,2024-03-27,6164
5880,合庫金,40,1,39,中國信託-文心,2024-03-27,6164
1513,中興電,67,28,39,中國信託-文心,2024-03-27,6164
1608,華榮,131,97,34,中國信託-文心,2024-03-27,6164
00680L,元大美債20正2,30,0,30,中國信託-文心,2024-03-27,6164
2329,華泰,47,18,29,中國信託-文心,2024-03-27,6164
2314,台揚,30,1,29,中國信託-文心,2024-03-27,6164
2303,聯電,42,13,29,中國信託-文心,2024-03-27,6164
6197,佳必琪,29,1,28,中國信託-文心,2024-03-27,6164
1609,大亞,68,40,28,中國信託-文心,2024-03-27,6164
00700,富邦�琤肭磪�,26,0,26,中國信託-文心,2024-03-27,6164
6443,元晶,26,1,25,中國信託-文心,2024-03-27,6164
1905,華紙,25,2,23,中國信託-文心,2024-03-27,6164
6147,頎邦,23,1,22,中國信託-文心,2024-03-27,6164
3306,鼎天,21,0,21,中國信託-文心,2024-03-27,6164
2316,楠梓電,25,4,21,中國信託-文心,2024-03-27,6164
2405,輔信,23,3,20,中國信託-文心,2024-03-27,6164
6770,力積電,23,3,20,中國信託-文心,2024-03-27,6164
6163,華電網,20,0,20,中國信託-文心,2024-03-27,6164
4771,望隼,19,0,19,中國信託-文心,2024-03-27,6164
6143,振曜,19,0,19,中國信託-文心,2024-03-27,6164
8110,華東,18,0,18,中國信託-文心,2024-03-27,6164
2363,矽統,16,0,16,中國信託-文心,2024-03-27,6164
00720B,元大投資級公司債,15,0,15,中國信託-文心,2024-03-27,6164
2906,高林,15,0,15,中國信託-文心,2024-03-27,6164
2408,南亞科,16,1,15,中國信託-文心,2024-03-27,6164
5483,中美晶,22,8,14,中國信託-文心,2024-03-27,6164
1603,華電,124,110,14,中國信託-文心,2024-03-27,6164
00931B,統一美債20年,17,4,13,中國信託-文心,2024-03-27,6164
2331,精英,20,7,13,中國信託-文心,2024-03-27,6164
4714,永捷,28,15,13,中國信託-文心,2024-03-27,6164
6156,松上,12,0,12,中國信託-文心,2024-03-27,6164
6668,中揚光,13,1,12,中國信託-文心,2024-03-27,6164
2367,燿華,21,9,12,中國信託-文心,2024-03-27,6164
3588,通嘉,12,0,12,中國信託-文心,2024-03-27,6164
8048,德勝,12,0,12,中國信託-文心,2024-03-27,6164
1301,台塑,11,0,11,中國信託-文心,2024-03-27,6164
2504,國產,11,0,11,中國信託-文心,2024-03-27,6164
2883,凱基金,510,45,465,中國信託-文心,2024-03-28,6164
00664R,國泰臺灣加權反1,200,1,199,中國信託-文心,2024-03-28,6164
2354,鴻準,327,136,191,中國信託-文心,2024-03-28,6164
00919,群益台灣精選高息,232,55,177,中國信託-文心,2024-03-28,6164
00918,大華優利高填息30,145,7,138,中國信託-文心,2024-03-28,6164
00632R,元大台灣50反1,115,15,100,中國信託-文心,2024-03-28,6164
00939,統一台灣高息動能,172,74,98,中國信託-文心,2024-03-28,6164
3706,神達,115,27,88,中國信託-文心,2024-03-28,6164
1316,上曜,100,19,81,中國信託-文心,2024-03-28,6164
00679B,元大美債20年,116,51,65,中國信託-文心,2024-03-28,6164
6464,台數科,56,0,56,中國信託-文心,2024-03-28,6164
3481,群創,62,6,56,中國信託-文心,2024-03-28,6164
2634,漢翔,92,36,56,中國信託-文心,2024-03-28,6164
2888,新光金,53,0,53,中國信託-文心,2024-03-28,6164
6875,國邑*,51,1,50,中國信託-文心,2024-03-28,6164
00941,中信上游半導體,117,67,50,中國信託-文心,2024-03-28,6164
00915,凱基優選高股息30,51,4,47,中國信託-文心,2024-03-28,6164
9910,豐泰,45,0,45,中國信託-文心,2024-03-28,6164
0056,元大高股息,55,12,43,中國信託-文心,2024-03-28,6164
3013,晟銘電,56,13,43,中國信託-文心,2024-03-28,6164
1802,台玻,40,0,40,中國信託-文心,2024-03-28,6164
4402,郡都開發,37,1,36,中國信託-文心,2024-03-28,6164
5284,jpp-KY,58,24,34,中國信託-文心,2024-03-28,6164
3005,神基,74,40,34,中國信託-文心,2024-03-28,6164
2609,陽明,36,4,32,中國信託-文心,2024-03-28,6164
8222,寶一,46,15,31,中國信託-文心,2024-03-28,6164
3171,炎洲流通,33,2,31,中國信託-文心,2024-03-28,6164
2358,廷鑫,32,1,31,中國信託-文心,2024-03-28,6164
3023,信邦,30,1,29,中國信託-文心,2024-03-28,6164
00830,國泰費城半導體,26,0,26,中國信託-文心,2024-03-28,6164
00909,國泰數位支付服務,28,2,26,中國信託-文心,2024-03-28,6164
2458,義隆,25,0,25,中國信託-文心,2024-03-28,6164
2020,美亞,25,0,25,中國信託-文心,2024-03-28,6164
8936,國統,33,9,24,中國信託-文心,2024-03-28,6164
5309,系統電,48,24,24,中國信託-文心,2024-03-28,6164
3047,訊舟,34,10,24,中國信託-文心,2024-03-28,6164
2328,廣宇,45,21,24,中國信託-文心,2024-03-28,6164
6462,神盾,30,6,24,中國信託-文心,2024-03-28,6164
3264,欣銓,47,25,22,中國信託-文心,2024-03-28,6164
2834,臺企銀,35,13,22,中國信託-文心,2024-03-28,6164
6278,台表科,22,2,20,中國信託-文心,2024-03-28,6164
2301,光寶科,26,6,20,中國信託-文心,2024-03-28,6164
8059,凱碩,20,0,20,中國信託-文心,2024-03-28,6164
2014,中鴻,20,0,20,中國信託-文心,2024-03-28,6164
2883B,凱基金乙特,20,0,20,中國信託-文心,2024-03-28,6164
2330,台積電,22,2,20,中國信託-文心,2024-03-28,6164
6179,亞通,26,8,18,中國信託-文心,2024-03-28,6164
6182,合晶,18,1,17,中國信託-文心,2024-03-28,6164
5880,合庫金,22,5,17,中國信託-文心,2024-03-28,6164
8034,榮群,17,0,17,中國信託-文心,2024-03-28,6164
00941,中信上游半導體,303,117,186,中國信託-文心,2024-03-29,6164
00919,群益台灣精選高息,326,148,178,中國信託-文心,2024-03-29,6164
00937B,群益ESG投等債20,242,84,158,中國信託-文心,2024-03-29,6164
2409,友達,151,2,149,中國信託-文心,2024-03-29,6164
8054,安國,167,62,105,中國信託-文心,2024-03-29,6164
2324,仁寶,139,35,104,中國信託-文心,2024-03-29,6164
00929,復華台灣科技優息,301,202,99,中國信託-文心,2024-03-29,6164
00939,統一台灣高息動能,99,7,92,中國信託-文心,2024-03-29,6164
2883,凱基金,129,54,75,中國信託-文心,2024-03-29,6164
2317,鴻海,160,87,73,中國信託-文心,2024-03-29,6164
1905,華紙,57,1,56,中國信託-文心,2024-03-29,6164
2537,聯上發,45,1,44,中國信託-文心,2024-03-29,6164
6464,台數科,41,0,41,中國信託-文心,2024-03-29,6164
2371,大同,77,37,40,中國信託-文心,2024-03-29,6164
8150,南茂,61,23,38,中國信託-文心,2024-03-29,6164
6125,廣運,42,8,34,中國信託-文心,2024-03-29,6164
2419,仲琦,33,2,31,中國信託-文心,2024-03-29,6164
1504,東元,38,10,28,中國信託-文心,2024-03-29,6164
6257,矽格,37,9,28,中國信託-文心,2024-03-29,6164
00673R,期元大S＆P原油反1,27,0,27,中國信託-文心,2024-03-29,6164
8110,華東,35,8,27,中國信託-文心,2024-03-29,6164
2458,義隆,25,0,25,中國信託-文心,2024-03-29,6164
1314,中石化,25,0,25,中國信託-文心,2024-03-29,6164
5515,建國,30,7,23,中國信託-文心,2024-03-29,6164
4303,信立,36,13,23,中國信託-文心,2024-03-29,6164
8112,至上,31,9,22,中國信託-文心,2024-03-29,6164
3171,炎洲流通,30,8,22,中國信託-文心,2024-03-29,6164
00664R,國泰臺灣加權反1,22,0,22,中國信託-文心,2024-03-29,6164
2352,佳世達,24,2,22,中國信託-文心,2024-03-29,6164
3450,聯鈞,23,1,22,中國信託-文心,2024-03-29,6164
2888,新光金,22,0,22,中國信託-文心,2024-03-29,6164
6901,鑽石投資,20,0,20,中國信託-文心,2024-03-29,6164
00909,國泰數位支付服務,24,5,19,中國信託-文心,2024-03-29,6164
2328,廣宇,25,6,19,中國信託-文心,2024-03-29,6164
00637L,元大滬深300正2,55,37,18,中國信託-文心,2024-03-29,6164
2369,菱生,21,4,17,中國信託-文心,2024-03-29,6164
00706L,期元大S＆P日圓正2,17,1,16,中國信託-文心,2024-03-29,6164
8011,台通,17,1,16,中國信託-文心,2024-03-29,6164
00857B,永豐20年美公債,15,0,15,中國信託-文心,2024-03-29,6164
2601,益航,15,0,15,中國信託-文心,2024-03-29,6164
8085,福華,16,1,15,中國信託-文心,2024-03-29,6164
5388,中磊,15,0,15,中國信託-文心,2024-03-29,6164
6875,國邑*,14,0,14,中國信託-文心,2024-03-29,6164
1532,勤美,15,1,14,中國信託-文心,2024-03-29,6164
1517,利奇,15,1,14,中國信託-文心,2024-03-29,6164
2405,輔信,13,0,13,中國信託-文心,2024-03-29,6164
3665,貿聯-KY,28,15,13,中國信託-文心,2024-03-29,6164
3605,宏致,15,2,13,中國信託-文心,2024-03-29,6164
8103,瀚荃,13,0,13,中國信託-文心,2024-03-29,6164
1618,合機,17,4,13,中國信託-文心,2024-03-29,6164
00940,元大台灣價值高息,2689,387,2302,中國信託-文心,2024-04-01,6164
00687B,國泰20年美債,471,283,188,中國信託-文心,2024-04-01,6164
00927,群益半導體收益,179,2,177,中國信託-文心,2024-04-01,6164
00919,群益台灣精選高息,249,82,167,中國信託-文心,2024-04-01,6164
00929,復華台灣科技優息,212,48,164,中國信託-文心,2024-04-01,6164
00939,統一台灣高息動能,162,7,155,中國信託-文心,2024-04-01,6164
00941,中信上游半導體,144,14,130,中國信託-文心,2024-04-01,6164
1301,台塑,73,12,61,中國信託-文心,2024-04-01,6164
3231,緯創,101,42,59,中國信託-文心,2024-04-01,6164
6464,台數科,55,0,55,中國信託-文心,2024-04-01,6164
2891,中信金,64,16,48,中國信託-文心,2024-04-01,6164
1314,中石化,52,4,48,中國信託-文心,2024-04-01,6164
0056,元大高股息,79,40,39,中國信託-文心,2024-04-01,6164
2483,百容,39,0,39,中國信託-文心,2024-04-01,6164
00936,台新永續高息中小,36,1,35,中國信託-文心,2024-04-01,6164
00923,群益台ESG低碳50,34,2,32,中國信託-文心,2024-04-01,6164
6005,群益證,31,0,31,中國信託-文心,2024-04-01,6164
2313,華通,39,9,30,中國信託-文心,2024-04-01,6164
1457,宜進,30,0,30,中國信託-文心,2024-04-01,6164
4303,信立,41,13,28,中國信託-文心,2024-04-01,6164
00706L,期元大S＆P日圓正2,27,0,27,中國信託-文心,2024-04-01,6164
2882,國泰金,51,24,27,中國信託-文心,2024-04-01,6164
00918,大華優利高填息30,26,0,26,中國信託-文心,2024-04-01,6164
2344,華邦電,37,12,25,中國信託-文心,2024-04-01,6164
1513,中興電,35,11,24,中國信託-文心,2024-04-01,6164
00688L,國泰20年美債正2,26,2,24,中國信託-文心,2024-04-01,6164
2834,臺企銀,32,8,24,中國信託-文心,2024-04-01,6164
1587,吉茂,36,14,22,中國信託-文心,2024-04-01,6164
2330,台積電,33,11,22,中國信託-文心,2024-04-01,6164
2356,英業達,114,93,21,中國信託-文心,2024-04-01,6164
4938,和碩,23,2,21,中國信託-文心,2024-04-01,6164
2603,長榮,52,32,20,中國信託-文心,2024-04-01,6164
6126,信音,26,6,20,中國信託-文心,2024-04-01,6164
2516,新建,20,0,20,中國信託-文心,2024-04-01,6164
1785,光洋科,66,46,20,中國信託-文心,2024-04-01,6164
6530,創威,21,1,20,中國信託-文心,2024-04-01,6164
6125,廣運,23,3,20,中國信託-文心,2024-04-01,6164
6120,達運,20,0,20,中國信託-文心,2024-04-01,6164
2449,京元電子,21,1,20,中國信託-文心,2024-04-01,6164
1815,富喬,49,31,18,中國信託-文心,2024-04-01,6164
3535,晶彩科,20,2,18,中國信託-文心,2024-04-01,6164
00878,國泰永續高股息,73,55,18,中國信託-文心,2024-04-01,6164
3016,嘉晶,48,31,17,中國信託-文心,2024-04-01,6164
6213,聯茂,23,6,17,中國信託-文心,2024-04-01,6164
4714,永捷,24,8,16,中國信託-文心,2024-04-01,6164
2888,新光金,27,11,16,中國信託-文心,2024-04-01,6164
00725B,國泰投資級公司債,16,0,16,中國信託-文心,2024-04-01,6164
3163,波若威,30,14,16,中國信託-文心,2024-04-01,6164
2887,台新金,21,5,16,中國信託-文心,2024-04-01,6164
00934,中信成長高股息,20,4,16,中國信託-文心,2024-04-01,6164
00929,復華台灣科技優息,890,167,723,中國信託-文心,2024-04-02,6164
00940,元大台灣價值高息,1003,307,696,中國信託-文心,2024-04-02,6164
00687B,國泰20年美債,249,26,223,中國信託-文心,2024-04-02,6164
00680L,元大美債20正2,195,6,189,中國信託-文心,2024-04-02,6164
00679B,元大美債20年,186,6,180,中國信託-文心,2024-04-02,6164
00941,中信上游半導體,231,90,141,中國信託-文心,2024-04-02,6164
2301,光寶科,161,20,141,中國信託-文心,2024-04-02,6164
2419,仲琦,124,7,117,中國信託-文心,2024-04-02,6164
2241,艾姆勒,117,0,117,中國信託-文心,2024-04-02,6164
00688L,國泰20年美債正2,124,10,114,中國信託-文心,2024-04-02,6164
6207,雷科,211,108,103,中國信託-文心,2024-04-02,6164
00937B,群益ESG投等債20,470,372,98,中國信託-文心,2024-04-02,6164
00927,群益半導體收益,80,0,80,中國信託-文心,2024-04-02,6164
2371,大同,121,48,73,中國信託-文心,2024-04-02,6164
00720B,元大投資級公司債,78,6,72,中國信託-文心,2024-04-02,6164
00632R,元大台灣50反1,283,218,65,中國信託-文心,2024-04-02,6164
00933B,國泰10Y+金融債,70,6,64,中國信託-文心,2024-04-02,6164
6464,台數科,62,0,62,中國信託-文心,2024-04-02,6164
1218,泰山,62,1,61,中國信託-文心,2024-04-02,6164
2888,新光金,56,5,51,中國信託-文心,2024-04-02,6164
3715,定穎投控,67,20,47,中國信託-文心,2024-04-02,6164
00637L,元大滬深300正2,125,80,45,中國信託-文心,2024-04-02,6164
2834,臺企銀,44,0,44,中國信託-文心,2024-04-02,6164
00939,統一台灣高息動能,48,11,37,中國信託-文心,2024-04-02,6164
00857B,永豐20年美公債,33,0,33,中國信託-文心,2024-04-02,6164
2458,義隆,31,0,31,中國信託-文心,2024-04-02,6164
6188,廣明,37,7,30,中國信託-文心,2024-04-02,6164
00751B,元大AAA至A公司債,27,0,27,中國信託-文心,2024-04-02,6164
2537,聯上發,89,62,27,中國信託-文心,2024-04-02,6164
1314,中石化,26,0,26,中國信託-文心,2024-04-02,6164
3354,律勝,25,0,25,中國信託-文心,2024-04-02,6164
2344,華邦電,25,0,25,中國信託-文心,2024-04-02,6164
5880,合庫金,24,0,24,中國信託-文心,2024-04-02,6164
1513,中興電,30,6,24,中國信託-文心,2024-04-02,6164
3356,奇偶,25,3,22,中國信託-文心,2024-04-02,6164
00909,國泰數位支付服務,22,0,22,中國信託-文心,2024-04-02,6164
2891,中信金,37,15,22,中國信託-文心,2024-04-02,6164
3548,兆利,21,1,20,中國信託-文心,2024-04-02,6164
912000,晨訊科-DR,20,0,20,中國信託-文心,2024-04-02,6164
6217,中探針,20,0,20,中國信託-文心,2024-04-02,6164
3607,谷崧,20,0,20,中國信託-文心,2024-04-02,6164
3363,上詮,21,2,19,中國信託-文心,2024-04-02,6164
2884,玉山金,66,48,18,中國信託-文心,2024-04-02,6164
6156,松上,17,0,17,中國信託-文心,2024-04-02,6164
00633L,富邦上証正2,17,0,17,中國信託-文心,2024-04-02,6164
1605,華新,18,1,17,中國信託-文心,2024-04-02,6164
00733,富邦臺灣中小,18,1,17,中國信託-文心,2024-04-02,6164
3056,富華新,16,0,16,中國信託-文心,2024-04-02,6164
3036,文曄,16,0,16,中國信託-文心,2024-04-02,6164
2886,兆豐金,15,0,15,中國信託-文心,2024-04-02,6164
00664R,國泰臺灣加權反1,368,1,367,中國信託-文心,2024-04-03,6164
00940,元大台灣價值高息,567,223,344,中國信託-文心,2024-04-03,6164
00937B,群益ESG投等債20,325,13,312,中國信託-文心,2024-04-03,6164
00680L,元大美債20正2,289,10,279,中國信託-文心,2024-04-03,6164
00929,復華台灣科技優息,290,45,245,中國信託-文心,2024-04-03,6164
00941,中信上游半導體,334,111,223,中國信託-文心,2024-04-03,6164
00679B,元大美債20年,201,1,200,中國信託-文心,2024-04-03,6164
00687B,國泰20年美債,232,51,181,中國信託-文心,2024-04-03,6164
2419,仲琦,143,1,142,中國信託-文心,2024-04-03,6164
2809,京城銀,101,2,99,中國信託-文心,2024-04-03,6164
6464,台數科,80,0,80,中國信託-文心,2024-04-03,6164
2610,華航,79,4,75,中國信託-文心,2024-04-03,6164
00720B,元大投資級公司債,67,0,67,中國信託-文心,2024-04-03,6164
2486,一詮,249,184,65,中國信託-文心,2024-04-03,6164
2886,兆豐金,65,1,64,中國信託-文心,2024-04-03,6164
2515,中工,224,161,63,中國信託-文心,2024-04-03,6164
3481,群創,63,8,55,中國信託-文心,2024-04-03,6164
00753L,中信中國50正2,51,0,51,中國信託-文心,2024-04-03,6164
2303,聯電,55,5,50,中國信託-文心,2024-04-03,6164
00665L,富邦�琤肭磪囓�2,48,0,48,中國信託-文心,2024-04-03,6164
00795B,中信美國公債20年,46,0,46,中國信託-文心,2024-04-03,6164
2892,第一金,50,4,46,中國信託-文心,2024-04-03,6164
1101,台泥,80,35,45,中國信託-文心,2024-04-03,6164
00688L,國泰20年美債正2,54,10,44,中國信託-文心,2024-04-03,6164
2884,玉山金,46,3,43,中國信託-文心,2024-04-03,6164
00673R,期元大S＆P原油反1,41,0,41,中國信託-文心,2024-04-03,6164
00751B,元大AAA至A公司債,40,0,40,中國信託-文心,2024-04-03,6164
00919,群益台灣精選高息,122,84,38,中國信託-文心,2024-04-03,6164
2615,萬海,35,0,35,中國信託-文心,2024-04-03,6164
6156,松上,32,0,32,中國信託-文心,2024-04-03,6164
1218,泰山,32,0,32,中國信託-文心,2024-04-03,6164
2888,新光金,32,0,32,中國信託-文心,2024-04-03,6164
00878,國泰永續高股息,48,17,31,中國信託-文心,2024-04-03,6164
0056,元大高股息,48,17,31,中國信託-文心,2024-04-03,6164
1304,台聚,30,0,30,中國信託-文心,2024-04-03,6164
5465,富驊,30,0,30,中國信託-文心,2024-04-03,6164
4771,望隼,30,0,30,中國信託-文心,2024-04-03,6164
6125,廣運,36,7,29,中國信託-文心,2024-04-03,6164
2409,友達,31,3,28,中國信託-文心,2024-04-03,6164
00933B,國泰10Y+金融債,45,17,28,中國信託-文心,2024-04-03,6164
1314,中石化,30,4,26,中國信託-文心,2024-04-03,6164
6288,聯嘉,31,5,26,中國信託-文心,2024-04-03,6164
2887,台新金,26,0,26,中國信託-文心,2024-04-03,6164
3703,欣陸,25,0,25,中國信託-文心,2024-04-03,6164
4716,大立,24,0,24,中國信託-文心,2024-04-03,6164
2382,廣達,33,9,24,中國信託-文心,2024-04-03,6164
2891,中信金,31,8,23,中國信託-文心,2024-04-03,6164
0050,元大台灣50,29,7,22,中國信託-文心,2024-04-03,6164
00733,富邦臺灣中小,21,0,21,中國信託-文心,2024-04-03,6164
4533,協易機,23,2,21,中國信託-文心,2024-04-03,6164
00720B,元大投資級公司債,425,3,422,中國信託-文心,2024-04-08,6164
00940,元大台灣價值高息,515,109,406,中國信託-文心,2024-04-08,6164
00929,復華台灣科技優息,460,73,387,中國信託-文心,2024-04-08,6164
00919,群益台灣精選高息,370,140,230,中國信託-文心,2024-04-08,6164
00937B,群益ESG投等債20,203,8,195,中國信託-文心,2024-04-08,6164
00679B,元大美債20年,294,120,174,中國信託-文心,2024-04-08,6164
00751B,元大AAA至A公司債,151,0,151,中國信託-文心,2024-04-08,6164
00687B,國泰20年美債,166,27,139,中國信託-文心,2024-04-08,6164
00706L,期元大S＆P日圓正2,139,0,139,中國信託-文心,2024-04-08,6164
00941,中信上游半導體,224,85,139,中國信託-文心,2024-04-08,6164
00795B,中信美國公債20年,119,0,119,中國信託-文心,2024-04-08,6164
2371,大同,125,25,100,中國信託-文心,2024-04-08,6164
00673R,期元大S＆P原油反1,87,0,87,中國信託-文心,2024-04-08,6164
2542,興富發,66,6,60,中國信託-文心,2024-04-08,6164
2374,佳能,109,50,59,中國信託-文心,2024-04-08,6164
2356,英業達,60,3,57,中國信託-文心,2024-04-08,6164
00927,群益半導體收益,57,0,57,中國信託-文心,2024-04-08,6164
2317,鴻海,94,42,52,中國信託-文心,2024-04-08,6164
2834,臺企銀,49,0,49,中國信託-文心,2024-04-08,6164
3036,文曄,54,8,46,中國信託-文心,2024-04-08,6164
2618,長榮航,48,3,45,中國信託-文心,2024-04-08,6164
00632R,元大台灣50反1,65,20,45,中國信託-文心,2024-04-08,6164
8086,宏捷科,41,1,40,中國信託-文心,2024-04-08,6164
6120,達運,59,20,39,中國信託-文心,2024-04-08,6164
3032,偉訓,61,22,39,中國信託-文心,2024-04-08,6164
00907,永豐優息存股,37,0,37,中國信託-文心,2024-04-08,6164
3715,定穎投控,57,21,36,中國信託-文心,2024-04-08,6164
6464,台數科,36,0,36,中國信託-文心,2024-04-08,6164
00933B,國泰10Y+金融債,35,0,35,中國信託-文心,2024-04-08,6164
2610,華航,35,3,32,中國信託-文心,2024-04-08,6164
2881,富邦金,34,6,28,中國信託-文心,2024-04-08,6164
4716,大立,32,4,28,中國信託-文心,2024-04-08,6164
3450,聯鈞,39,12,27,中國信託-文心,2024-04-08,6164
2809,京城銀,27,0,27,中國信託-文心,2024-04-08,6164
00712,復華富時不動產,37,13,24,中國信託-文心,2024-04-08,6164
00909,國泰數位支付服務,20,0,20,中國信託-文心,2024-04-08,6164
4543,萬在,30,10,20,中國信託-文心,2024-04-08,6164
2406,國碩,19,1,18,中國信託-文心,2024-04-08,6164
4958,臻鼎-KY,19,1,18,中國信託-文心,2024-04-08,6164
8210,勤誠,40,23,17,中國信託-文心,2024-04-08,6164
2888,新光金,22,5,17,中國信託-文心,2024-04-08,6164
00881,國泰台灣5G+,18,1,17,中國信託-文心,2024-04-08,6164
8111,立��,17,1,16,中國信託-文心,2024-04-08,6164
2352,佳世達,16,0,16,中國信託-文心,2024-04-08,6164
00918,大華優利高填息30,17,1,16,中國信託-文心,2024-04-08,6164
4726,永昕,15,0,15,中國信託-文心,2024-04-08,6164
3011,今皓,16,1,15,中國信託-文心,2024-04-08,6164
2506,太設,14,0,14,中國信託-文心,2024-04-08,6164
2354,鴻準,19,5,14,中國信託-文心,2024-04-08,6164
2303,聯電,23,10,13,中國信託-文心,2024-04-08,6164
00929,復華台灣科技優息,368,25,343,中國信託-文心,2024-04-09,6164
00940,元大台灣價值高息,345,182,163,中國信託-文心,2024-04-09,6164
00679B,元大美債20年,196,54,142,中國信託-文心,2024-04-09,6164
6464,台數科,131,0,131,中國信託-文心,2024-04-09,6164
00701,國泰股利精選30,100,1,99,中國信託-文心,2024-04-09,6164
00941,中信上游半導體,108,12,96,中國信託-文心,2024-04-09,6164
00665L,富邦�琤肭磪囓�2,130,34,96,中國信託-文心,2024-04-09,6164
3231,緯創,177,98,79,中國信託-文心,2024-04-09,6164
6116,彩晶,110,34,76,中國信託-文心,2024-04-09,6164
00937B,群益ESG投等債20,85,13,72,中國信託-文心,2024-04-09,6164
2374,佳能,104,33,71,中國信託-文心,2024-04-09,6164
00795B,中信美國公債20年,71,0,71,中國信託-文心,2024-04-09,6164
2371,大同,80,25,55,中國信託-文心,2024-04-09,6164
00733,富邦臺灣中小,55,1,54,中國信託-文心,2024-04-09,6164
2329,華泰,47,5,42,中國信託-文心,2024-04-09,6164
1101,台泥,52,11,41,中國信託-文心,2024-04-09,6164
2539,櫻花建,40,0,40,中國信託-文心,2024-04-09,6164
6005,群益證,40,2,38,中國信託-文心,2024-04-09,6164
3645,達邁,40,3,37,中國信託-文心,2024-04-09,6164
4402,郡都開發,36,0,36,中國信託-文心,2024-04-09,6164
0056,元大高股息,62,29,33,中國信託-文心,2024-04-09,6164
8064,東捷,40,8,32,中國信託-文心,2024-04-09,6164
8215,明基材,30,3,27,中國信託-文心,2024-04-09,6164
2344,華邦電,36,10,26,中國信託-文心,2024-04-09,6164
2537,聯上發,37,11,26,中國信託-文心,2024-04-09,6164
00706L,期元大S＆P日圓正2,30,5,25,中國信託-文心,2024-04-09,6164
1609,大亞,149,125,24,中國信託-文心,2024-04-09,6164
1108,幸福,23,0,23,中國信託-文心,2024-04-09,6164
2367,燿華,37,14,23,中國信託-文心,2024-04-09,6164
8011,台通,36,13,23,中國信託-文心,2024-04-09,6164
912000,晨訊科-DR,60,38,22,中國信託-文心,2024-04-09,6164
8112,至上,43,22,21,中國信託-文心,2024-04-09,6164
00939,統一台灣高息動能,39,18,21,中國信託-文心,2024-04-09,6164
00740B,富邦全球投等債,20,0,20,中國信託-文心,2024-04-09,6164
4303,信立,117,97,20,中國信託-文心,2024-04-09,6164
2356,英業達,40,23,17,中國信託-文心,2024-04-09,6164
6189,豐藝,44,27,17,中國信託-文心,2024-04-09,6164
3032,偉訓,18,2,16,中國信託-文心,2024-04-09,6164
3036,文曄,28,12,16,中國信託-文心,2024-04-09,6164
2208,台船,16,0,16,中國信託-文心,2024-04-09,6164
00637L,元大滬深300正2,25,10,15,中國信託-文心,2024-04-09,6164
00725B,國泰投資級公司債,15,0,15,中國信託-文心,2024-04-09,6164
2809,京城銀,14,0,14,中國信託-文心,2024-04-09,6164
00753L,中信中國50正2,16,2,14,中國信託-文心,2024-04-09,6164
2313,華通,31,18,13,中國信託-文心,2024-04-09,6164
6462,神盾,30,17,13,中國信託-文心,2024-04-09,6164
2393,億光,13,0,13,中國信託-文心,2024-04-09,6164
2465,麗臺,13,0,13,中國信託-文心,2024-04-09,6164
2467,志聖,28,16,12,中國信託-文心,2024-04-09,6164
5210,寶碩,12,0,12,中國信託-文心,2024-04-09,6164
00937B,群益ESG投等債20,267,45,222,中國信託-文心,2024-04-10,6164
00929,復華台灣科技優息,213,44,169,中國信託-文心,2024-04-10,6164
00927,群益半導體收益,160,2,158,中國信託-文心,2024-04-10,6164
00940,元大台灣價值高息,218,80,138,中國信託-文心,2024-04-10,6164
8096,擎亞,170,66,104,中國信託-文心,2024-04-10,6164
00671R,富邦NASDAQ反1,100,0,100,中國信託-文心,2024-04-10,6164
6464,台數科,94,0,94,中國信託-文心,2024-04-10,6164
00941,中信上游半導體,98,6,92,中國信託-文心,2024-04-10,6164
6806,森崴能源,79,18,61,中國信託-文心,2024-04-10,6164
00909,國泰數位支付服務,52,0,52,中國信託-文心,2024-04-10,6164
1513,中興電,97,47,50,中國信託-文心,2024-04-10,6164
2002,中鋼,76,29,47,中國信託-文心,2024-04-10,6164
2883,凱基金,53,11,42,中國信託-文心,2024-04-10,6164
00931B,統一美債20年,40,0,40,中國信託-文心,2024-04-10,6164
1905,華紙,45,7,38,中國信託-文心,2024-04-10,6164
2539,櫻花建,35,0,35,中國信託-文心,2024-04-10,6164
2329,華泰,62,28,34,中國信託-文心,2024-04-10,6164
2317,鴻海,79,44,35,中國信託-文心,2024-04-10,6164
00673R,期元大S＆P原油反1,34,0,34,中國信託-文心,2024-04-10,6164
2903,遠百,34,0,34,中國信託-文心,2024-04-10,6164
00881,國泰台灣5G+,35,2,33,中國信託-文心,2024-04-10,6164
1503,士電,54,21,33,中國信託-文心,2024-04-10,6164
2882,國泰金,31,0,31,中國信託-文心,2024-04-10,6164
2427,三商電,44,14,30,中國信託-文心,2024-04-10,6164
4908,前鼎,32,2,30,中國信託-文心,2024-04-10,6164
00933B,國泰10Y+金融債,34,7,27,中國信託-文心,2024-04-10,6164
1709,和益,27,1,26,中國信託-文心,2024-04-10,6164
2382,廣達,30,4,26,中國信託-文心,2024-04-10,6164
2371,大同,37,13,24,中國信託-文心,2024-04-10,6164
3231,緯創,66,42,24,中國信託-文心,2024-04-10,6164
6191,精成科,23,0,23,中國信託-文心,2024-04-10,6164
2383,台光電,27,4,23,中國信託-文心,2024-04-10,6164
8033,雷虎,41,19,22,中國信託-文心,2024-04-10,6164
2014,中鴻,39,17,22,中國信託-文心,2024-04-10,6164
6217,中探針,21,0,21,中國信託-文心,2024-04-10,6164
2809,京城銀,21,0,21,中國信託-文心,2024-04-10,6164
2376,技嘉,27,7,20,中國信託-文心,2024-04-10,6164
00862B,中信投資級公司債,19,0,19,中國信託-文心,2024-04-10,6164
1815,富喬,37,18,19,中國信託-文心,2024-04-10,6164
2363,矽統,145,127,18,中國信託-文心,2024-04-10,6164
2609,陽明,33,15,18,中國信託-文心,2024-04-10,6164
4533,協易機,124,106,18,中國信託-文心,2024-04-10,6164
2486,一詮,65,48,17,中國信託-文心,2024-04-10,6164
3264,欣銓,18,1,17,中國信託-文心,2024-04-10,6164
6213,聯茂,71,54,17,中國信託-文心,2024-04-10,6164
2891,中信金,53,37,16,中國信託-文心,2024-04-10,6164
00915,凱基優選高股息30,19,3,16,中國信託-文心,2024-04-10,6164
1608,華榮,34,18,16,中國信託-文心,2024-04-10,6164
00830,國泰費城半導體,17,1,16,中國信託-文心,2024-04-10,6164
6530,創威,17,1,16,中國信託-文心,2024-04-10,6164
00937B,群益ESG投等債20,467,0,467,中國信託-文心,2024-04-11,6164
5880,合庫金,401,1,400,中國信託-文心,2024-04-11,6164
00751B,元大AAA至A公司債,339,0,339,中國信託-文心,2024-04-11,6164
00712,復華富時不動產,333,5,328,中國信託-文心,2024-04-11,6164
00679B,元大美債20年,377,70,307,中國信託-文心,2024-04-11,6164
00664R,國泰臺灣加權反1,300,5,295,中國信託-文心,2024-04-11,6164
00687B,國泰20年美債,277,14,263,中國信託-文心,2024-04-11,6164
00940,元大台灣價值高息,307,50,257,中國信託-文心,2024-04-11,6164
00665L,富邦�琤肭磪囓�2,387,161,226,中國信託-文心,2024-04-11,6164
00720B,元大投資級公司債,190,3,187,中國信託-文心,2024-04-11,6164
00933B,國泰10Y+金融債,192,12,180,中國信託-文心,2024-04-11,6164
00929,復華台灣科技優息,151,30,121,中國信託-文心,2024-04-11,6164
3481,群創,295,186,109,中國信託-文心,2024-04-11,6164
2539,櫻花建,105,0,105,中國信託-文心,2024-04-11,6164
00688L,國泰20年美債正2,103,0,103,中國信託-文心,2024-04-11,6164
6464,台數科,98,0,98,中國信託-文心,2024-04-11,6164
00632R,元大台灣50反1,122,25,97,中國信託-文心,2024-04-11,6164
8096,擎亞,140,73,67,中國信託-文心,2024-04-11,6164
00680L,元大美債20正2,92,30,62,中國信託-文心,2024-04-11,6164
3576,聯合再生,48,0,48,中國信託-文心,2024-04-11,6164
3707,漢磊,52,4,48,中國信託-文心,2024-04-11,6164
2303,聯電,50,5,45,中國信託-文心,2024-04-11,6164
2316,楠梓電,45,0,45,中國信託-文心,2024-04-11,6164
2883,凱基金,47,6,41,中國信託-文心,2024-04-11,6164
0056,元大高股息,48,12,36,中國信託-文心,2024-04-11,6164
2208,台船,36,1,35,中國信託-文心,2024-04-11,6164
4961,天鈺,37,2,35,中國信託-文心,2024-04-11,6164
2891,中信金,44,10,34,中國信託-文心,2024-04-11,6164
00919,群益台灣精選高息,93,60,33,中國信託-文心,2024-04-11,6164
00795B,中信美國公債20年,34,2,32,中國信託-文心,2024-04-11,6164
1218,泰山,31,0,31,中國信託-文心,2024-04-11,6164
00941,中信上游半導體,73,43,30,中國信託-文心,2024-04-11,6164
00788B,元大10年IG電能債,30,0,30,中國信託-文心,2024-04-11,6164
9136,巨騰-DR,30,0,30,中國信託-文心,2024-04-11,6164
6806,森崴能源,44,16,28,中國信託-文心,2024-04-11,6164
3016,嘉晶,35,7,28,中國信託-文心,2024-04-11,6164
3665,貿聯-KY,27,0,27,中國信託-文心,2024-04-11,6164
3450,聯鈞,62,35,27,中國信託-文心,2024-04-11,6164
00673R,期元大S＆P原油反1,27,0,27,中國信託-文心,2024-04-11,6164
00931B,統一美債20年,32,5,27,中國信託-文心,2024-04-11,6164
2344,華邦電,31,5,26,中國信託-文心,2024-04-11,6164
00772B,中信高評級公司債,27,1,26,中國信託-文心,2024-04-11,6164
2313,華通,39,14,25,中國信託-文心,2024-04-11,6164
2881,富邦金,24,0,24,中國信託-文心,2024-04-11,6164
00764B,群益25年美債,23,0,23,中國信託-文心,2024-04-11,6164
00939,統一台灣高息動能,56,33,23,中國信託-文心,2024-04-11,6164
3059,華晶科,29,7,22,中國信託-文心,2024-04-11,6164
2845,遠東銀,22,0,22,中國信託-文心,2024-04-11,6164
3013,晟銘電,58,36,22,中國信託-文心,2024-04-11,6164
5210,寶碩,21,0,21,中國信託-文心,2024-04-11,6164
00720B,元大投資級公司債,546,0,546,中國信託-文心,2024-04-12,6164
00679B,元大美債20年,206,8,198,中國信託-文心,2024-04-12,6164
2009,第一銅,243,54,189,中國信託-文心,2024-04-12,6164
00937B,群益ESG投等債20,195,20,175,中國信託-文心,2024-04-12,6164
00665L,富邦�琤肭磪囓�2,164,0,164,中國信託-文心,2024-04-12,6164
00687B,國泰20年美債,331,168,163,中國信託-文心,2024-04-12,6164
3481,群創,141,4,137,中國信託-文心,2024-04-12,6164
00878,國泰永續高股息,132,17,115,中國信託-文心,2024-04-12,6164
00929,復華台灣科技優息,140,32,108,中國信託-文心,2024-04-12,6164
00688L,國泰20年美債正2,105,0,105,中國信託-文心,2024-04-12,6164
00676R,富邦臺灣加權反1,100,0,100,中國信託-文心,2024-04-12,6164
2101,南港,93,0,93,中國信託-文心,2024-04-12,6164
2515,中工,90,5,85,中國信託-文心,2024-04-12,6164
00751B,元大AAA至A公司債,71,0,71,中國信託-文心,2024-04-12,6164
00940,元大台灣價值高息,357,289,68,中國信託-文心,2024-04-12,6164
2610,華航,61,6,55,中國信託-文心,2024-04-12,6164
00795B,中信美國公債20年,55,0,55,中國信託-文心,2024-04-12,6164
3715,定穎投控,59,4,55,中國信託-文心,2024-04-12,6164
6530,創威,50,0,50,中國信託-文心,2024-04-12,6164
2501,國建,49,5,44,中國信託-文心,2024-04-12,6164
2618,長榮航,52,8,44,中國信託-文心,2024-04-12,6164
2353,宏��,159,116,43,中國信託-文心,2024-04-12,6164
3231,緯創,90,47,43,中國信託-文心,2024-04-12,6164
1570,力肯,43,0,43,中國信託-文心,2024-04-12,6164
1319,東陽,46,4,42,中國信託-文心,2024-04-12,6164
0056,元大高股息,52,10,42,中國信託-文心,2024-04-12,6164
00918,大華優利高填息30,40,0,40,中國信託-文心,2024-04-12,6164
00712,復華富時不動產,39,0,39,中國信託-文心,2024-04-12,6164
2317,鴻海,69,31,38,中國信託-文心,2024-04-12,6164
2382,廣達,41,5,36,中國信託-文心,2024-04-12,6164
1616,億泰,34,0,34,中國信託-文心,2024-04-12,6164
00933B,國泰10Y+金融債,44,10,34,中國信託-文心,2024-04-12,6164
1460,宏遠,33,0,33,中國信託-文心,2024-04-12,6164
2329,華泰,66,34,32,中國信託-文心,2024-04-12,6164
2539,櫻花建,30,0,30,中國信託-文心,2024-04-12,6164
2882,國泰金,31,1,30,中國信託-文心,2024-04-12,6164
4938,和碩,30,1,29,中國信託-文心,2024-04-12,6164
00857B,永豐20年美公債,29,0,29,中國信託-文心,2024-04-12,6164
6464,台數科,28,0,28,中國信託-文心,2024-04-12,6164
2881,富邦金,27,2,25,中國信託-文心,2024-04-12,6164
00882,中信中國高股息,22,0,22,中國信託-文心,2024-04-12,6164
2905,三商,22,0,22,中國信託-文心,2024-04-12,6164
1802,台玻,22,0,22,中國信託-文心,2024-04-12,6164
2884,玉山金,21,0,21,中國信託-文心,2024-04-12,6164
6275,元山,20,0,20,中國信託-文心,2024-04-12,6164
6156,松上,20,0,20,中國信託-文心,2024-04-12,6164
00885,富邦越南,40,20,20,中國信託-文心,2024-04-12,6164
2890,永豐金,20,0,20,中國信託-文心,2024-04-12,6164
3615,安可,20,0,20,中國信託-文心,2024-04-12,6164
5608,四維航,23,3,20,中國信託-文心,2024-04-12,6164
00929,復華台灣科技優息,580,112,468,中國信託-文心,2024-04-15,6164
2419,仲琦,401,0,401,中國信託-文心,2024-04-15,6164
00940,元大台灣價值高息,485,140,345,中國信託-文心,2024-04-15,6164
00937B,群益ESG投等債20,331,40,291,中國信託-文心,2024-04-15,6164
00941,中信上游半導體,288,40,248,中國信託-文心,2024-04-15,6164
0056,元大高股息,174,13,161,中國信託-文心,2024-04-15,6164
00632R,元大台灣50反1,301,172,129,中國信託-文心,2024-04-15,6164
3712,永崴投控,129,11,118,中國信託-文心,2024-04-15,6164
6464,台數科,105,0,105,中國信託-文心,2024-04-15,6164
00919,群益台灣精選高息,133,28,105,中國信託-文心,2024-04-15,6164
00927,群益半導體收益,109,5,104,中國信託-文心,2024-04-15,6164
00679B,元大美債20年,116,14,102,中國信託-文心,2024-04-15,6164
2317,鴻海,155,73,82,中國信託-文心,2024-04-15,6164
00878,國泰永續高股息,104,26,78,中國信託-文心,2024-04-15,6164
3481,群創,82,10,72,中國信託-文心,2024-04-15,6164
2367,燿華,87,17,70,中國信託-文心,2024-04-15,6164
2618,長榮航,77,14,63,中國信託-文心,2024-04-15,6164
00795B,中信美國公債20年,62,0,62,中國信託-文心,2024-04-15,6164
2883,凱基金,65,5,60,中國信託-文心,2024-04-15,6164
1504,東元,106,45,61,中國信託-文心,2024-04-15,6164
3011,今皓,68,8,60,中國信託-文心,2024-04-15,6164
2374,佳能,112,55,57,中國信託-文心,2024-04-15,6164
00712,復華富時不動產,87,30,57,中國信託-文心,2024-04-15,6164
2371,大同,200,145,55,中國信託-文心,2024-04-15,6164
00939,統一台灣高息動能,104,50,54,中國信託-文心,2024-04-15,6164
2630,亞航,113,60,53,中國信託-文心,2024-04-15,6164
3231,緯創,80,35,45,中國信託-文心,2024-04-15,6164
2344,華邦電,52,7,45,中國信託-文心,2024-04-15,6164
2313,華通,47,3,44,中國信託-文心,2024-04-15,6164
1815,富喬,52,8,44,中國信託-文心,2024-04-15,6164
2515,中工,43,0,43,中國信託-文心,2024-04-15,6164
1605,華新,155,116,39,中國信託-文心,2024-04-15,6164
00631L,元大台灣50正2,32,0,32,中國信託-文心,2024-04-15,6164
4188,安克,32,0,32,中國信託-文心,2024-04-15,6164
2353,宏��,49,17,32,中國信託-文心,2024-04-15,6164
2465,麗臺,43,12,31,中國信託-文心,2024-04-15,6164
00720B,元大投資級公司債,34,3,31,中國信託-文心,2024-04-15,6164
00665L,富邦�琤肭磪囓�2,47,16,31,中國信託-文心,2024-04-15,6164
00933B,國泰10Y+金融債,36,5,31,中國信託-文心,2024-04-15,6164
2368,金像電,42,11,31,中國信託-文心,2024-04-15,6164
1608,華榮,47,17,30,中國信託-文心,2024-04-15,6164
3450,聯鈞,34,4,30,中國信託-文心,2024-04-15,6164
00753L,中信中國50正2,34,4,30,中國信託-文心,2024-04-15,6164
8034,榮群,30,0,30,中國信託-文心,2024-04-15,6164
2542,興富發,30,0,30,中國信託-文心,2024-04-15,6164
2382,廣達,36,6,30,中國信託-文心,2024-04-15,6164
3059,華晶科,58,29,29,中國信託-文心,2024-04-15,6164
6176,瑞儀,30,1,29,中國信託-文心,2024-04-15,6164
5381,合正,34,6,28,中國信託-文心,2024-04-15,6164
2454,聯發科,28,0,28,中國信託-文心,2024-04-15,6164
00940,元大台灣價值高息,1602,477,1125,中國信託-文心,2024-04-16,6164
00929,復華台灣科技優息,786,171,615,中國信託-文心,2024-04-16,6164
00937B,群益ESG投等債20,610,6,604,中國信託-文心,2024-04-16,6164
00720B,元大投資級公司債,334,0,334,中國信託-文心,2024-04-16,6164
00878,國泰永續高股息,394,107,287,中國信託-文心,2024-04-16,6164
00664R,國泰臺灣加權反1,268,2,266,中國信託-文心,2024-04-16,6164
00751B,元大AAA至A公司債,253,1,252,中國信託-文心,2024-04-16,6164
0056,元大高股息,285,59,226,中國信託-文心,2024-04-16,6164
00941,中信上游半導體,243,42,201,中國信託-文心,2024-04-16,6164
2419,仲琦,200,0,200,中國信託-文心,2024-04-16,6164
00939,統一台灣高息動能,322,126,196,中國信託-文心,2024-04-16,6164
00919,群益台灣精選高息,689,545,144,中國信託-文心,2024-04-16,6164
2344,華邦電,146,7,139,中國信託-文心,2024-04-16,6164
00712,復華富時不動產,151,27,124,中國信託-文心,2024-04-16,6164
00687B,國泰20年美債,157,37,120,中國信託-文心,2024-04-16,6164
00918,大華優利高填息30,155,35,120,中國信託-文心,2024-04-16,6164
1609,大亞,272,153,119,中國信託-文心,2024-04-16,6164
2618,長榮航,115,3,112,中國信託-文心,2024-04-16,6164
1101,台泥,120,10,110,中國信託-文心,2024-04-16,6164
00679B,元大美債20年,128,27,101,中國信託-文心,2024-04-16,6164
00927,群益半導體收益,102,3,99,中國信託-文心,2024-04-16,6164
5523,豐謙,97,0,97,中國信託-文心,2024-04-16,6164
2887,台新金,106,15,91,中國信託-文心,2024-04-16,6164
00680L,元大美債20正2,97,6,91,中國信託-文心,2024-04-16,6164
2303,聯電,106,17,89,中國信託-文心,2024-04-16,6164
8034,榮群,84,0,84,中國信託-文心,2024-04-16,6164
2884,玉山金,115,37,78,中國信託-文心,2024-04-16,6164
2317,鴻海,159,85,74,中國信託-文心,2024-04-16,6164
2888,新光金,81,9,72,中國信託-文心,2024-04-16,6164
2025,千興,67,0,67,中國信託-文心,2024-04-16,6164
3260,威剛,90,24,66,中國信託-文心,2024-04-16,6164
00632R,元大台灣50反1,803,739,64,中國信託-文心,2024-04-16,6164
2881,富邦金,64,3,61,中國信託-文心,2024-04-16,6164
3231,緯創,129,68,61,中國信託-文心,2024-04-16,6164
2382,廣達,74,14,60,中國信託-文心,2024-04-16,6164
00933B,國泰10Y+金融債,76,19,57,中國信託-文心,2024-04-16,6164
5880,合庫金,58,4,54,中國信託-文心,2024-04-16,6164
2892,第一金,53,0,53,中國信託-文心,2024-04-16,6164
2610,華航,101,57,44,中國信託-文心,2024-04-16,6164
3712,永崴投控,44,3,41,中國信託-文心,2024-04-16,6164
1616,億泰,40,0,40,中國信託-文心,2024-04-16,6164
9105,泰金寶-DR,38,0,38,中國信託-文心,2024-04-16,6164
6443,元晶,44,6,38,中國信託-文心,2024-04-16,6164
00795B,中信美國公債20年,37,0,37,中國信託-文心,2024-04-16,6164
1802,台玻,37,0,37,中國信託-文心,2024-04-16,6164
3027,盛達,54,18,36,中國信託-文心,2024-04-16,6164
1907,永豐餘,36,1,35,中國信託-文心,2024-04-16,6164
6668,中揚光,38,4,34,中國信託-文心,2024-04-16,6164
2331,精英,37,3,34,中國信託-文心,2024-04-16,6164
00788B,元大10年IG電能債,34,0,34,中國信託-文心,2024-04-16,6164
00937B,群益ESG投等債20,926,3,923,中國信託-文心,2024-04-17,6164
00720B,元大投資級公司債,532,0,532,中國信託-文心,2024-04-17,6164
00940,元大台灣價值高息,568,49,519,中國信託-文心,2024-04-17,6164
00929,復華台灣科技優息,257,20,237,中國信託-文心,2024-04-17,6164
00751B,元大AAA至A公司債,167,0,167,中國信託-文心,2024-04-17,6164
0056,元大高股息,188,34,154,中國信託-文心,2024-04-17,6164
00632R,元大台灣50反1,185,32,153,中國信託-文心,2024-04-17,6164
00665L,富邦�琤肭磪囓�2,146,0,146,中國信託-文心,2024-04-17,6164
00878,國泰永續高股息,189,48,141,中國信託-文心,2024-04-17,6164
00712,復華富時不動產,139,0,139,中國信託-文心,2024-04-17,6164
00687B,國泰20年美債,147,13,134,中國信託-文心,2024-04-17,6164
1316,上曜,134,7,127,中國信託-文心,2024-04-17,6164
00679B,元大美債20年,122,6,116,中國信託-文心,2024-04-17,6164
2409,友達,113,0,113,中國信託-文心,2024-04-17,6164
00927,群益半導體收益,102,5,97,中國信託-文心,2024-04-17,6164
00941,中信上游半導體,126,29,97,中國信託-文心,2024-04-17,6164
6464,台數科,83,0,83,中國信託-文心,2024-04-17,6164
2867,三商壽,141,61,80,中國信託-文心,2024-04-17,6164
2317,鴻海,114,44,70,中國信託-文心,2024-04-17,6164
00919,群益台灣精選高息,228,163,65,中國信託-文心,2024-04-17,6164
2382,廣達,77,23,54,中國信託-文心,2024-04-17,6164
00772B,中信高評級公司債,52,0,52,中國信託-文心,2024-04-17,6164
00933B,國泰10Y+金融債,51,0,51,中國信託-文心,2024-04-17,6164
6264,富裔,50,0,50,中國信託-文心,2024-04-17,6164
3231,緯創,77,28,49,中國信託-文心,2024-04-17,6164
6664,群翊,48,1,47,中國信託-文心,2024-04-17,6164
00905,FT臺灣Smart,46,0,46,中國信託-文心,2024-04-17,6164
3481,群創,48,6,42,中國信託-文心,2024-04-17,6164
00680L,元大美債20正2,45,5,40,中國信託-文心,2024-04-17,6164
00931B,統一美債20年,40,0,40,中國信託-文心,2024-04-17,6164
2618,長榮航,70,31,39,中國信託-文心,2024-04-17,6164
2545,皇翔,31,0,31,中國信託-文心,2024-04-17,6164
6190,萬泰科,31,0,31,中國信託-文心,2024-04-17,6164
00909,國泰數位支付服務,31,0,31,中國信託-文心,2024-04-17,6164
2881,富邦金,31,2,29,中國信託-文心,2024-04-17,6164
4127,天良,28,0,28,中國信託-文心,2024-04-17,6164
00857B,永豐20年美公債,27,0,27,中國信託-文心,2024-04-17,6164
00788B,元大10年IG電能債,25,0,25,中國信託-文心,2024-04-17,6164
1460,宏遠,24,0,24,中國信託-文心,2024-04-17,6164
1810,和成,71,48,23,中國信託-文心,2024-04-17,6164
2610,華航,24,2,22,中國信託-文心,2024-04-17,6164
3548,兆利,23,1,22,中國信託-文心,2024-04-17,6164
00907,永豐優息存股,21,0,21,中國信託-文心,2024-04-17,6164
2353,宏��,34,14,20,中國信託-文心,2024-04-17,6164
2344,華邦電,23,3,20,中國信託-文心,2024-04-17,6164
00795B,中信美國公債20年,20,0,20,中國信託-文心,2024-04-17,6164
2401,凌陽,31,11,20,中國信託-文心,2024-04-17,6164
2408,南亞科,20,0,20,中國信託-文心,2024-04-17,6164
6757,台灣虎航,20,0,20,中國信託-文心,2024-04-17,6164
00918,大華優利高填息30,30,11,19,中國信託-文心,2024-04-17,6164
3481,群創,286,9,277,中國信託-文心,2024-04-18,6164
00632R,元大台灣50反1,564,294,270,中國信託-文心,2024-04-18,6164
00664R,國泰臺灣加權反1,250,0,250,中國信託-文心,2024-04-18,6164
00941,中信上游半導體,176,20,156,中國信託-文心,2024-04-18,6164
0056,元大高股息,166,19,147,中國信託-文心,2024-04-18,6164
00937B,群益ESG投等債20,130,5,125,中國信託-文心,2024-04-18,6164
2883,凱基金,126,6,120,中國信託-文心,2024-04-18,6164
00919,群益台灣精選高息,145,38,107,中國信託-文心,2024-04-18,6164
00772B,中信高評級公司債,105,3,102,中國信託-文心,2024-04-18,6164
2888,新光金,100,0,100,中國信託-文心,2024-04-18,6164
2371,大同,358,263,95,中國信託-文心,2024-04-18,6164
6177,達麗,88,0,88,中國信託-文心,2024-04-18,6164
00720B,元大投資級公司債,83,0,83,中國信託-文心,2024-04-18,6164
1605,華新,155,84,71,中國信託-文心,2024-04-18,6164
00885,富邦越南,72,2,70,中國信託-文心,2024-04-18,6164
2511,太子,70,5,65,中國信託-文心,2024-04-18,6164
6464,台數科,60,0,60,中國信託-文心,2024-04-18,6164
6806,森崴能源,78,19,59,中國信託-文心,2024-04-18,6164
1504,東元,139,80,59,中國信託-文心,2024-04-18,6164
2537,聯上發,53,4,49,中國信託-文心,2024-04-18,6164
2329,華泰,71,25,46,中國信託-文心,2024-04-18,6164
8054,安國,119,76,43,中國信託-文心,2024-04-18,6164
6462,神盾,90,49,41,中國信託-文心,2024-04-18,6164
00929,復華台灣科技優息,199,164,35,中國信託-文心,2024-04-18,6164
00687B,國泰20年美債,36,3,33,中國信託-文心,2024-04-18,6164
00878,國泰永續高股息,56,25,31,中國信託-文心,2024-04-18,6164
3013,晟銘電,71,40,31,中國信託-文心,2024-04-18,6164
3081,聯亞,30,0,30,中國信託-文心,2024-04-18,6164
00634R,富邦上証反1,30,0,30,中國信託-文心,2024-04-18,6164
2374,佳能,82,53,29,中國信託-文心,2024-04-18,6164
9955,佳龍,35,8,27,中國信託-文心,2024-04-18,6164
5210,寶碩,32,5,27,中國信託-文心,2024-04-18,6164
2539,櫻花建,26,0,26,中國信託-文心,2024-04-18,6164
00909,國泰數位支付服務,24,0,24,中國信託-文心,2024-04-18,6164
2303,聯電,33,10,23,中國信託-文心,2024-04-18,6164
00712,復華富時不動產,22,0,22,中國信託-文心,2024-04-18,6164
1609,大亞,99,77,22,中國信託-文心,2024-04-18,6164
1513,中興電,141,120,21,中國信託-文心,2024-04-18,6164
4526,東台,23,2,21,中國信託-文心,2024-04-18,6164
2881,富邦金,21,0,21,中國信託-文心,2024-04-18,6164
1503,士電,39,20,19,中國信託-文心,2024-04-18,6164
00751B,元大AAA至A公司債,19,0,19,中國信託-文心,2024-04-18,6164
1785,光洋科,21,2,19,中國信託-文心,2024-04-18,6164
5512,力麒,36,17,19,中國信託-文心,2024-04-18,6164
2352,佳世達,20,2,18,中國信託-文心,2024-04-18,6164
8112,至上,21,3,18,中國信託-文心,2024-04-18,6164
2344,華邦電,18,0,18,中國信託-文心,2024-04-18,6164
4919,新唐,26,9,17,中國信託-文心,2024-04-18,6164
00665L,富邦�琤肭磪囓�2,25,8,17,中國信託-文心,2024-04-18,6164
3231,緯創,52,36,16,中國信託-文心,2024-04-18,6164
00940,元大台灣價值高息,1176,184,992,中國信託-文心,2024-04-19,6164
00929,復華台灣科技優息,1280,320,960,中國信託-文心,2024-04-19,6164
00878,國泰永續高股息,465,61,404,中國信託-文心,2024-04-19,6164
00664R,國泰臺灣加權反1,400,58,342,中國信託-文心,2024-04-19,6164
0056,元大高股息,349,39,310,中國信託-文心,2024-04-19,6164
2303,聯電,260,10,250,中國信託-文心,2024-04-19,6164
2547,日勝生,250,9,241,中國信託-文心,2024-04-19,6164
00919,群益台灣精選高息,627,393,234,中國信託-文心,2024-04-19,6164
2330,台積電,235,39,196,中國信託-文心,2024-04-19,6164
3481,群創,173,12,161,中國信託-文心,2024-04-19,6164
1609,大亞,466,329,137,中國信託-文心,2024-04-19,6164
00939,統一台灣高息動能,244,109,135,中國信託-文心,2024-04-19,6164
2515,中工,276,156,120,中國信託-文心,2024-04-19,6164
5512,力麒,183,67,116,中國信託-文心,2024-04-19,6164
00720B,元大投資級公司債,101,0,101,中國信託-文心,2024-04-19,6164
8936,國統,189,96,93,中國信託-文心,2024-04-19,6164
2867,三商壽,91,13,78,中國信託-文心,2024-04-19,6164
2801,彰銀,71,0,71,中國信託-文心,2024-04-19,6164
3056,富華新,78,8,70,中國信託-文心,2024-04-19,6164
2316,楠梓電,63,0,63,中國信託-文心,2024-04-19,6164
00673R,期元大S＆P原油反1,61,0,61,中國信託-文心,2024-04-19,6164
2467,志聖,78,18,60,中國信託-文心,2024-04-19,6164
00891,中信關鍵半導體,57,0,57,中國信託-文心,2024-04-19,6164
2317,鴻海,141,87,54,中國信託-文心,2024-04-19,6164
3231,緯創,123,69,54,中國信託-文心,2024-04-19,6164
2427,三商電,65,12,53,中國信託-文心,2024-04-19,6164
006208,富邦台50,59,7,52,中國信託-文心,2024-04-19,6164
1608,華榮,162,110,52,中國信託-文心,2024-04-19,6164
2537,聯上發,76,25,51,中國信託-文心,2024-04-19,6164
00918,大華優利高填息30,53,2,51,中國信託-文心,2024-04-19,6164
2408,南亞科,48,1,47,中國信託-文心,2024-04-19,6164
2610,華航,57,11,46,中國信託-文心,2024-04-19,6164
2023,燁輝,45,0,45,中國信託-文心,2024-04-19,6164
00665L,富邦�琤肭磪囓�2,43,0,43,中國信託-文心,2024-04-19,6164
00631L,元大台灣50正2,44,2,42,中國信託-文心,2024-04-19,6164
2887,台新金,47,8,39,中國信託-文心,2024-04-19,6164
00712,復華富時不動產,40,1,39,中國信託-文心,2024-04-19,6164
0050,元大台灣50,48,9,39,中國信託-文心,2024-04-19,6164
2530,華建,37,1,36,中國信託-文心,2024-04-19,6164
2520,冠德,58,24,34,中國信託-文心,2024-04-19,6164
00935,野村臺灣新科技50,40,7,33,中國信託-文心,2024-04-19,6164
2371,大同,379,346,33,中國信託-文心,2024-04-19,6164
8473,山林水,41,10,31,中國信託-文心,2024-04-19,6164
6592,和潤企業,31,1,30,中國信託-文心,2024-04-19,6164
00905,FT臺灣Smart,30,0,30,中國信託-文心,2024-04-19,6164
1603,華電,52,22,30,中國信託-文心,2024-04-19,6164
2812,台中銀,29,1,28,中國信託-文心,2024-04-19,6164
2891,中信金,39,11,28,中國信託-文心,2024-04-19,6164
1802,台玻,27,0,27,中國信託-文心,2024-04-19,6164
5880,合庫金,34,7,27,中國信託-文心,2024-04-19,6164
00929,復華台灣科技優息,965,51,914,中國信託-文心,2024-04-22,6164
00919,群益台灣精選高息,424,120,304,中國信託-文心,2024-04-22,6164
00937B,群益ESG投等債20,335,62,273,中國信託-文心,2024-04-22,6164
00940,元大台灣價值高息,445,184,261,中國信託-文心,2024-04-22,6164
5512,力麒,374,115,259,中國信託-文心,2024-04-22,6164
2547,日勝生,326,109,217,中國信託-文心,2024-04-22,6164
2515,中工,267,122,145,中國信託-文心,2024-04-22,6164
1314,中石化,184,39,145,中國信託-文心,2024-04-22,6164
00878,國泰永續高股息,179,52,127,中國信託-文心,2024-04-22,6164
00679B,元大美債20年,140,14,126,中國信託-文心,2024-04-22,6164
2506,太設,117,0,117,中國信託-文心,2024-04-22,6164
00939,統一台灣高息動能,149,35,114,中國信託-文心,2024-04-22,6164
00687B,國泰20年美債,120,7,113,中國信託-文心,2024-04-22,6164
2486,一詮,122,11,111,中國信託-文心,2024-04-22,6164
1905,華紙,108,17,91,中國信託-文心,2024-04-22,6164
2537,聯上發,96,19,77,中國信託-文心,2024-04-22,6164
3231,緯創,131,58,73,中國信託-文心,2024-04-22,6164
2303,聯電,84,14,70,中國信託-文心,2024-04-22,6164
00720B,元大投資級公司債,66,2,64,中國信託-文心,2024-04-22,6164
2641,正德,67,6,61,中國信託-文心,2024-04-22,6164
00712,復華富時不動產,77,17,60,中國信託-文心,2024-04-22,6164
5521,工信,102,43,59,中國信託-文心,2024-04-22,6164
00715L,期街口布蘭特正2,62,11,51,中國信託-文心,2024-04-22,6164
2344,華邦電,64,14,50,中國信託-文心,2024-04-22,6164
3708,上緯投控,75,26,49,中國信託-文心,2024-04-22,6164
8087,麗升能源,44,0,44,中國信託-文心,2024-04-22,6164
1785,光洋科,43,4,39,中國信託-文心,2024-04-22,6164
2329,華泰,129,91,38,中國信託-文心,2024-04-22,6164
00931B,統一美債20年,40,3,37,中國信託-文心,2024-04-22,6164
0056,元大高股息,114,78,36,中國信託-文心,2024-04-22,6164
6005,群益證,56,20,36,中國信託-文心,2024-04-22,6164
1618,合機,60,25,35,中國信託-文心,2024-04-22,6164
3715,定穎投控,35,1,34,中國信託-文心,2024-04-22,6164
6156,松上,34,0,34,中國信託-文心,2024-04-22,6164
2539,櫻花建,35,2,33,中國信託-文心,2024-04-22,6164
1504,東元,96,66,30,中國信託-文心,2024-04-22,6164
00680L,元大美債20正2,27,0,27,中國信託-文心,2024-04-22,6164
00632R,元大台灣50反1,130,103,27,中國信託-文心,2024-04-22,6164
2409,友達,33,7,26,中國信託-文心,2024-04-22,6164
1460,宏遠,25,0,25,中國信託-文心,2024-04-22,6164
2467,志聖,27,2,25,中國信託-文心,2024-04-22,6164
6125,廣運,62,39,23,中國信託-文心,2024-04-22,6164
3059,華晶科,27,5,22,中國信託-文心,2024-04-22,6164
2371,大同,523,502,21,中國信託-文心,2024-04-22,6164
00927,群益半導體收益,44,23,21,中國信託-文心,2024-04-22,6164
4956,光鋐,20,0,20,中國信託-文心,2024-04-22,6164
1513,中興電,81,62,19,中國信託-文心,2024-04-22,6164
2606,裕民,25,6,19,中國信託-文心,2024-04-22,6164
00930,永豐ESG低碳高息,19,0,19,中國信託-文心,2024-04-22,6164
3036,文曄,25,6,19,中國信託-文心,2024-04-22,6164
00929,復華台灣科技優息,466,54,412,中國信託-文心,2024-04-23,6164
00632R,元大台灣50反1,166,18,148,中國信託-文心,2024-04-23,6164
2610,華航,146,38,108,中國信託-文心,2024-04-23,6164
0056,元大高股息,116,27,89,中國信託-文心,2024-04-23,6164
00878,國泰永續高股息,94,10,84,中國信託-文心,2024-04-23,6164
00679B,元大美債20年,85,2,83,中國信託-文心,2024-04-23,6164
00919,群益台灣精選高息,101,27,74,中國信託-文心,2024-04-23,6164
6464,台數科,72,0,72,中國信託-文心,2024-04-23,6164
00940,元大台灣價值高息,158,91,67,中國信託-文心,2024-04-23,6164
00720B,元大投資級公司債,53,2,51,中國信託-文心,2024-04-23,6164
2371,大同,134,86,48,中國信託-文心,2024-04-23,6164
00939,統一台灣高息動能,66,21,45,中國信託-文心,2024-04-23,6164
8936,國統,101,59,42,中國信託-文心,2024-04-23,6164
1314,中石化,92,58,34,中國信託-文心,2024-04-23,6164
8087,麗升能源,32,0,32,中國信託-文心,2024-04-23,6164
5371,中光電,35,3,32,中國信託-文心,2024-04-23,6164
2374,佳能,78,47,31,中國信託-文心,2024-04-23,6164
1440,南紡,62,31,31,中國信託-文心,2024-04-23,6164
00706L,期元大S＆P日圓正2,30,0,30,中國信託-文心,2024-04-23,6164
1608,華榮,44,15,29,中國信託-文心,2024-04-23,6164
1605,華新,45,21,24,中國信託-文心,2024-04-23,6164
4726,永昕,29,5,24,中國信託-文心,2024-04-23,6164
9910,豐泰,20,0,20,中國信託-文心,2024-04-23,6164
2505,國揚,20,0,20,中國信託-文心,2024-04-23,6164
5351,鈺創,26,6,20,中國信託-文心,2024-04-23,6164
2539,櫻花建,20,0,20,中國信託-文心,2024-04-23,6164
8111,立��,20,0,20,中國信託-文心,2024-04-23,6164
1316,上曜,41,21,20,中國信託-文心,2024-04-23,6164
9945,潤泰新,26,8,18,中國信託-文心,2024-04-23,6164
2609,陽明,24,7,17,中國信託-文心,2024-04-23,6164
8034,榮群,17,0,17,中國信託-文心,2024-04-23,6164
3715,定穎投控,34,17,17,中國信託-文心,2024-04-23,6164
2101,南港,24,9,15,中國信託-文心,2024-04-23,6164
00909,國泰數位支付服務,27,13,14,中國信託-文心,2024-04-23,6164
2303,聯電,49,35,14,中國信託-文心,2024-04-23,6164
2330,台積電,26,11,15,中國信託-文心,2024-04-23,6164
2409,友達,33,19,14,中國信託-文心,2024-04-23,6164
2603,長榮,40,26,14,中國信託-文心,2024-04-23,6164
2546,根基,16,2,14,中國信託-文心,2024-04-23,6164
0050,元大台灣50,12,0,12,中國信託-文心,2024-04-23,6164
00937B,群益ESG投等債20,22,10,12,中國信託-文心,2024-04-23,6164
00733,富邦臺灣中小,12,0,12,中國信託-文心,2024-04-23,6164
00933B,國泰10Y+金融債,15,4,11,中國信託-文心,2024-04-23,6164
2486,一詮,15,4,11,中國信託-文心,2024-04-23,6164
2316,楠梓電,11,0,11,中國信託-文心,2024-04-23,6164
3322,建舜電,11,0,11,中國信託-文心,2024-04-23,6164
5531,鄉林,11,0,11,中國信託-文心,2024-04-23,6164
2354,鴻準,18,7,11,中國信託-文心,2024-04-23,6164
00891,中信關鍵半導體,14,4,10,中國信託-文心,2024-04-23,6164
3711,日月光投控,10,0,10,中國信託-文心,2024-04-23,6164
00632R,元大台灣50反1,285,62,223,中國信託-文心,2024-04-24,6164
00919,群益台灣精選高息,255,54,201,中國信託-文心,2024-04-24,6164
00937B,群益ESG投等債20,197,22,175,中國信託-文心,2024-04-24,6164
00929,復華台灣科技優息,248,84,164,中國信託-文心,2024-04-24,6164
00679B,元大美債20年,121,0,121,中國信託-文心,2024-04-24,6164
3481,群創,242,130,112,中國信託-文心,2024-04-24,6164
2105,正新,82,0,82,中國信託-文心,2024-04-24,6164
00720B,元大投資級公司債,75,2,73,中國信託-文心,2024-04-24,6164
00700,富邦�琤肭磪�,50,0,50,中國信託-文心,2024-04-24,6164
3583,辛耘,49,6,43,中國信託-文心,2024-04-24,6164
2374,佳能,65,23,42,中國信託-文心,2024-04-24,6164
2886,兆豐金,44,3,41,中國信託-文心,2024-04-24,6164
0056,元大高股息,55,19,36,中國信託-文心,2024-04-24,6164
6464,台數科,70,35,35,中國信託-文心,2024-04-24,6164
00941,中信上游半導體,35,1,34,中國信託-文心,2024-04-24,6164
00687B,國泰20年美債,44,12,32,中國信託-文心,2024-04-24,6164
6177,達麗,40,8,32,中國信託-文心,2024-04-24,6164
2206,三陽工業,94,64,30,中國信託-文心,2024-04-24,6164
00939,統一台灣高息動能,51,25,26,中國信託-文心,2024-04-24,6164
3706,神達,28,4,24,中國信託-文心,2024-04-24,6164
2409,友達,23,0,23,中國信託-文心,2024-04-24,6164
2615,萬海,23,0,23,中國信託-文心,2024-04-24,6164
00680L,元大美債20正2,22,0,22,中國信託-文心,2024-04-24,6164
1303,南亞,21,0,21,中國信託-文心,2024-04-24,6164
00751B,元大AAA至A公司債,21,0,21,中國信託-文心,2024-04-24,6164
6188,廣明,38,18,20,中國信託-文心,2024-04-24,6164
1522,堤維西,20,0,20,中國信託-文心,2024-04-24,6164
6757,台灣虎航,20,0,20,中國信託-文心,2024-04-24,6164
3703,欣陸,33,13,20,中國信託-文心,2024-04-24,6164
3059,華晶科,36,17,19,中國信託-文心,2024-04-24,6164
3312,弘憶股,19,0,19,中國信託-文心,2024-04-24,6164
4167,松瑞藥,19,1,18,中國信託-文心,2024-04-24,6164
1605,華新,36,20,16,中國信託-文心,2024-04-24,6164
00940,元大台灣價值高息,170,155,15,中國信託-文心,2024-04-24,6164
3227,原相,16,2,14,中國信託-文心,2024-04-24,6164
2881,富邦金,16,3,13,中國信託-文心,2024-04-24,6164
1560,中砂,16,3,13,中國信託-文心,2024-04-24,6164
2308,台達電,15,2,13,中國信託-文心,2024-04-24,6164
2369,菱生,20,7,13,中國信託-文心,2024-04-24,6164
00931B,統一美債20年,18,5,13,中國信託-文心,2024-04-24,6164
3056,富華新,13,0,13,中國信託-文心,2024-04-24,6164
6546,正基,14,1,13,中國信託-文心,2024-04-24,6164
8064,東捷,35,23,12,中國信託-文心,2024-04-24,6164
8358,金居,12,0,12,中國信託-文心,2024-04-24,6164
6215,和椿,23,12,11,中國信託-文心,2024-04-24,6164
2543,皇昌,15,4,11,中國信託-文心,2024-04-24,6164
2440,太空梭,11,0,11,中國信託-文心,2024-04-24,6164
6770,力積電,13,2,11,中國信託-文心,2024-04-24,6164
8104,錸寶,11,0,11,中國信託-文心,2024-04-24,6164
2542,興富發,14,4,10,中國信託-文心,2024-04-24,6164
00679B,元大美債20年,129,15,114,中國信託-文心,2024-04-25,6164
00919,群益台灣精選高息,164,53,111,中國信託-文心,2024-04-25,6164
2618,長榮航,247,136,111,中國信託-文心,2024-04-25,6164
00664R,國泰臺灣加權反1,100,0,100,中國信託-文心,2024-04-25,6164
00878,國泰永續高股息,101,10,91,中國信託-文心,2024-04-25,6164
00937B,群益ESG投等債20,97,12,85,中國信託-文心,2024-04-25,6164
00940,元大台灣價值高息,135,53,82,中國信託-文心,2024-04-25,6164
2316,楠梓電,100,21,79,中國信託-文心,2024-04-25,6164
00680L,元大美債20正2,83,12,71,中國信託-文心,2024-04-25,6164
2317,鴻海,98,33,65,中國信託-文心,2024-04-25,6164
2330,台積電,56,7,49,中國信託-文心,2024-04-25,6164
00927,群益半導體收益,48,0,48,中國信託-文心,2024-04-25,6164
00929,復華台灣科技優息,190,142,48,中國信託-文心,2024-04-25,6164
2419,仲琦,48,3,45,中國信託-文心,2024-04-25,6164
2303,聯電,50,8,42,中國信託-文心,2024-04-25,6164
2610,華航,98,59,39,中國信託-文心,2024-04-25,6164
4113,聯上,39,1,38,中國信託-文心,2024-04-25,6164
00751B,元大AAA至A公司債,32,0,32,中國信託-文心,2024-04-25,6164
00700,富邦�琤肭磪�,30,0,30,中國信託-文心,2024-04-25,6164
0056,元大高股息,34,5,29,中國信託-文心,2024-04-25,6164
00713,元大台灣高息低波,32,4,28,中國信託-文心,2024-04-25,6164
2886,兆豐金,30,3,27,中國信託-文心,2024-04-25,6164
3024,憶聲,27,0,27,中國信託-文心,2024-04-25,6164
2867,三商壽,33,7,26,中國信託-文心,2024-04-25,6164
6139,亞翔,34,9,25,中國信託-文心,2024-04-25,6164
5533,皇鼎,64,40,24,中國信託-文心,2024-04-25,6164
6770,力積電,24,1,23,中國信託-文心,2024-04-25,6164
8087,麗升能源,23,0,23,中國信託-文心,2024-04-25,6164
00688L,國泰20年美債正2,21,0,21,中國信託-文心,2024-04-25,6164
00857B,永豐20年美公債,21,0,21,中國信託-文心,2024-04-25,6164
2515,中工,134,113,21,中國信託-文心,2024-04-25,6164
1605,華新,28,8,20,中國信託-文心,2024-04-25,6164
2362,藍天,25,5,20,中國信託-文心,2024-04-25,6164
6026,福邦證,20,0,20,中國信託-文心,2024-04-25,6164
2887,台新金,25,5,20,中國信託-文心,2024-04-25,6164
2356,英業達,21,2,19,中國信託-文心,2024-04-25,6164
2734,易飛網,19,0,19,中國信託-文心,2024-04-25,6164
6156,松上,18,0,18,中國信託-文心,2024-04-25,6164
4532,瑞智,18,1,17,中國信託-文心,2024-04-25,6164
00931B,統一美債20年,18,1,17,中國信託-文心,2024-04-25,6164
4716,大立,20,3,17,中國信託-文心,2024-04-25,6164
1609,大亞,140,123,17,中國信託-文心,2024-04-25,6164
1316,上曜,25,9,16,中國信託-文心,2024-04-25,6164
6244,茂迪,16,0,16,中國信託-文心,2024-04-25,6164
2891,中信金,16,1,15,中國信託-文心,2024-04-25,6164
2880,華南金,15,0,15,中國信託-文心,2024-04-25,6164
2537,聯上發,44,29,15,中國信託-文心,2024-04-25,6164
4726,永昕,15,0,15,中國信託-文心,2024-04-25,6164
2883,凱基金,15,0,15,中國信託-文心,2024-04-25,6164
2002,中鋼,16,2,14,中國信託-文心,2024-04-25,6164
2883,凱基金,203,19,184,中國信託-文心,2024-04-26,6164
00679B,元大美債20年,144,12,132,中國信託-文心,2024-04-26,6164
00687B,國泰20年美債,92,0,92,中國信託-文心,2024-04-26,6164
2371,大同,189,104,85,中國信託-文心,2024-04-26,6164
6217,中探針,84,9,75,中國信託-文心,2024-04-26,6164
2812,台中銀,70,1,69,中國信託-文心,2024-04-26,6164
2464,盟立,90,27,63,中國信託-文心,2024-04-26,6164
2442,新美齊,70,8,62,中國信託-文心,2024-04-26,6164
00878,國泰永續高股息,75,19,56,中國信託-文心,2024-04-26,6164
00929,復華台灣科技優息,79,30,49,中國信託-文心,2024-04-26,6164
2530,華建,43,0,43,中國信託-文心,2024-04-26,6164
2601,益航,40,1,39,中國信託-文心,2024-04-26,6164
5488,松普,37,0,37,中國信託-文心,2024-04-26,6164
00940,元大台灣價值高息,148,112,36,中國信託-文心,2024-04-26,6164
2537,聯上發,45,9,36,中國信託-文心,2024-04-26,6164
2363,矽統,52,16,36,中國信託-文心,2024-04-26,6164
00795B,中信美國公債20年,33,0,33,中國信託-文心,2024-04-26,6164
3665,貿聯-KY,32,0,32,中國信託-文心,2024-04-26,6164
1504,東元,35,4,31,中國信託-文心,2024-04-26,6164
2515,中工,277,246,31,中國信託-文心,2024-04-26,6164
3666,光耀,31,1,30,中國信託-文心,2024-04-26,6164
2419,仲琦,28,0,28,中國信託-文心,2024-04-26,6164
4714,永捷,27,0,27,中國信託-文心,2024-04-26,6164
2539,櫻花建,27,0,27,中國信託-文心,2024-04-26,6164
8936,國統,31,4,27,中國信託-文心,2024-04-26,6164
2362,藍天,26,0,26,中國信託-文心,2024-04-26,6164
3228,金麗科,27,1,26,中國信託-文心,2024-04-26,6164
6185,幃翔,25,0,25,中國信託-文心,2024-04-26,6164
1605,華新,27,4,23,中國信託-文心,2024-04-26,6164
1101,台泥,27,5,22,中國信託-文心,2024-04-26,6164
8110,華東,29,7,22,中國信託-文心,2024-04-26,6164
1609,大亞,65,45,20,中國信託-文心,2024-04-26,6164
6757,台灣虎航,20,0,20,中國信託-文心,2024-04-26,6164
1104,環泥,20,0,20,中國信託-文心,2024-04-26,6164
9904,寶成,27,8,19,中國信託-文心,2024-04-26,6164
2543,皇昌,20,2,18,中國信託-文心,2024-04-26,6164
2509,全坤建,20,4,16,中國信託-文心,2024-04-26,6164
2365,昆盈,17,2,15,中國信託-文心,2024-04-26,6164
2201,裕隆,16,1,15,中國信託-文心,2024-04-26,6164
00697B,元大美債7-10,15,0,15,中國信託-文心,2024-04-26,6164
3094,聯傑,15,0,15,中國信託-文心,2024-04-26,6164
2206,三陽工業,26,11,15,中國信託-文心,2024-04-26,6164
00931B,統一美債20年,18,3,15,中國信託-文心,2024-04-26,6164
2329,華泰,23,9,14,中國信託-文心,2024-04-26,6164
6207,雷科,36,22,14,中國信託-文心,2024-04-26,6164
1440,南紡,36,22,14,中國信託-文心,2024-04-26,6164
3481,群創,121,107,14,中國信託-文心,2024-04-26,6164
2408,南亞科,25,12,13,中國信託-文心,2024-04-26,6164
3036,文曄,13,0,13,中國信託-文心,2024-04-26,6164
00688L,國泰20年美債正2,13,0,13,中國信託-文心,2024-04-26,6164
2913,農林,387,20,367,中國信託-文心,2024-04-29,6164
00919,群益台灣精選高息,276,96,180,中國信託-文心,2024-04-29,6164
2363,矽統,231,67,164,中國信託-文心,2024-04-29,6164
00929,復華台灣科技優息,167,62,105,中國信託-文心,2024-04-29,6164
6188,廣明,112,15,97,中國信託-文心,2024-04-29,6164
1101,台泥,134,39,95,中國信託-文心,2024-04-29,6164
00937B,群益ESG投等債20,236,141,95,中國信託-文心,2024-04-29,6164
2515,中工,264,192,72,中國信託-文心,2024-04-29,6164
3312,弘憶股,87,34,53,中國信託-文心,2024-04-29,6164
3576,聯合再生,51,1,50,中國信託-文心,2024-04-29,6164
3003,健和興,50,4,46,中國信託-文心,2024-04-29,6164
00706L,期元大S＆P日圓正2,54,10,44,中國信託-文心,2024-04-29,6164
2545,皇翔,40,1,39,中國信託-文心,2024-04-29,6164
00795B,中信美國公債20年,33,1,32,中國信託-文心,2024-04-29,6164
1447,力鵬,30,0,30,中國信託-文心,2024-04-29,6164
2743,山富,49,20,29,中國信託-文心,2024-04-29,6164
1532,勤美,29,1,28,中國信託-文心,2024-04-29,6164
2505,國揚,28,1,27,中國信託-文心,2024-04-29,6164
00680L,元大美債20正2,29,3,26,中國信託-文心,2024-04-29,6164
5529,鉅陞,26,0,26,中國信託-文心,2024-04-29,6164
00930,永豐ESG低碳高息,25,0,25,中國信託-文心,2024-04-29,6164
3163,波若威,30,6,24,中國信託-文心,2024-04-29,6164
00933B,國泰10Y+金融債,24,0,24,中國信託-文心,2024-04-29,6164
00931B,統一美債20年,25,2,23,中國信託-文心,2024-04-29,6164
00687B,國泰20年美債,35,12,23,中國信託-文心,2024-04-29,6164
4113,聯上,22,0,22,中國信託-文心,2024-04-29,6164
2449,京元電子,53,31,22,中國信託-文心,2024-04-29,6164
8064,東捷,51,30,21,中國信託-文心,2024-04-29,6164
00934,中信成長高股息,23,2,21,中國信託-文心,2024-04-29,6164
1522,堤維西,20,0,20,中國信託-文心,2024-04-29,6164
4912,聯德控股-KY,20,0,20,中國信託-文心,2024-04-29,6164
2736,富野,22,3,19,中國信託-文心,2024-04-29,6164
5521,工信,21,2,19,中國信託-文心,2024-04-29,6164
2049,上銀,19,1,18,中國信託-文心,2024-04-29,6164
3483,力致,19,1,18,中國信託-文心,2024-04-29,6164
006208,富邦台50,19,1,18,中國信託-文心,2024-04-29,6164
2506,太設,28,11,17,中國信託-文心,2024-04-29,6164
00941,中信上游半導體,29,12,17,中國信託-文心,2024-04-29,6164
2883B,凱基金乙特,18,2,16,中國信託-文心,2024-04-29,6164
6464,台數科,16,0,16,中國信託-文心,2024-04-29,6164
9938,百和,20,4,16,中國信託-文心,2024-04-29,6164
1615,大山,15,0,15,中國信託-文心,2024-04-29,6164
2009,第一銅,68,54,14,中國信託-文心,2024-04-29,6164
5210,寶碩,15,1,14,中國信託-文心,2024-04-29,6164
8069,元太,15,1,14,中國信託-文心,2024-04-29,6164
2464,盟立,49,35,14,中國信託-文心,2024-04-29,6164
1414,東和,18,4,14,中國信託-文心,2024-04-29,6164
4303,信立,20,6,14,中國信託-文心,2024-04-29,6164
5534,長虹,52,38,14,中國信託-文心,2024-04-29,6164
8101,華冠,13,0,13,中國信託-文心,2024-04-29,6164
00632R,元大台灣50反1,382,10,372,中國信託-文心,2024-04-30,6164
00940,元大台灣價值高息,403,43,360,中國信託-文心,2024-04-30,6164
6026,福邦證,208,0,208,中國信託-文心,2024-04-30,6164
2884,玉山金,140,0,140,中國信託-文心,2024-04-30,6164
1413,宏洲,128,0,128,中國信託-文心,2024-04-30,6164
00665L,富邦�琤肭磪囓�2,119,0,119,中國信託-文心,2024-04-30,6164
00919,群益台灣精選高息,175,63,112,中國信託-文心,2024-04-30,6164
5512,力麒,102,19,83,中國信託-文心,2024-04-30,6164
2331,精英,70,0,70,中國信託-文心,2024-04-30,6164
00878,國泰永續高股息,98,38,60,中國信託-文心,2024-04-30,6164
1314,中石化,111,62,49,中國信託-文心,2024-04-30,6164
00637L,元大滬深300正2,48,1,47,中國信託-文心,2024-04-30,6164
1316,上曜,91,48,43,中國信託-文心,2024-04-30,6164
2101,南港,47,11,36,中國信託-文心,2024-04-30,6164
8096,擎亞,74,38,36,中國信託-文心,2024-04-30,6164
6156,松上,34,0,34,中國信託-文心,2024-04-30,6164
5230,雷笛克光學,43,9,34,中國信託-文心,2024-04-30,6164
2609,陽明,86,54,32,中國信託-文心,2024-04-30,6164
1815,富喬,42,10,32,中國信託-文心,2024-04-30,6164
2501,國建,58,28,30,中國信託-文心,2024-04-30,6164
2891,中信金,96,66,30,中國信託-文心,2024-04-30,6164
1446,宏和,30,0,30,中國信託-文心,2024-04-30,6164
2317,鴻海,71,42,29,中國信託-文心,2024-04-30,6164
8936,國統,36,9,27,中國信託-文心,2024-04-30,6164
2515,中工,88,64,24,中國信託-文心,2024-04-30,6164
5531,鄉林,38,14,24,中國信託-文心,2024-04-30,6164
00942B,台新美A公司債20+,23,0,23,中國信託-文心,2024-04-30,6164
2406,國碩,24,2,22,中國信託-文心,2024-04-30,6164
00688L,國泰20年美債正2,25,3,22,中國信託-文心,2024-04-30,6164
2851,中再保,22,0,22,中國信託-文心,2024-04-30,6164
3049,精金,20,0,20,中國信託-文心,2024-04-30,6164
2611,志信,66,46,20,中國信託-文心,2024-04-30,6164
00650L,復華香港正2,20,0,20,中國信託-文心,2024-04-30,6164
6578,達邦蛋白,20,0,20,中國信託-文心,2024-04-30,6164
00929,復華台灣科技優息,78,58,20,中國信託-文心,2024-04-30,6164
2465,麗臺,49,29,20,中國信託-文心,2024-04-30,6164
2329,華泰,25,6,19,中國信託-文心,2024-04-30,6164
3339,泰谷,22,4,18,中國信託-文心,2024-04-30,6164
2913,農林,29,12,17,中國信託-文心,2024-04-30,6164
00941,中信上游半導體,20,3,17,中國信託-文心,2024-04-30,6164
5608,四維航,19,3,16,中國信託-文心,2024-04-30,6164
4915,致伸,22,7,15,中國信託-文心,2024-04-30,6164
2610,華航,21,6,15,中國信託-文心,2024-04-30,6164
8069,元太,16,2,14,中國信託-文心,2024-04-30,6164
2025,千興,16,2,14,中國信託-文心,2024-04-30,6164
2812,台中銀,15,2,13,中國信託-文心,2024-04-30,6164
00679B,元大美債20年,26,13,13,中國信託-文心,2024-04-30,6164
2201,裕隆,14,1,13,中國信託-文心,2024-04-30,6164
6275,元山,15,2,13,中國信託-文心,2024-04-30,6164
2527,宏璟,13,0,13,中國信託-文心,2024-04-30,6164
00878,國泰永續高股息,280,4,276,中國信託-文心,2024-05-02,6164
00919,群益台灣精選高息,211,2,209,中國信託-文心,2024-05-02,6164
00706L,期元大S＆P日圓正2,201,0,201,中國信託-文心,2024-05-02,6164
2834,臺企銀,223,22,201,中國信託-文心,2024-05-02,6164
00632R,元大台灣50反1,172,0,172,中國信託-文心,2024-05-02,6164
00937B,群益ESG投等債20,170,25,145,中國信託-文心,2024-05-02,6164
2547,日勝生,105,1,104,中國信託-文心,2024-05-02,6164
2515,中工,166,70,96,中國信託-文心,2024-05-02,6164
6026,福邦證,74,0,74,中國信託-文心,2024-05-02,6164
00929,復華台灣科技優息,91,19,72,中國信託-文心,2024-05-02,6164
00679B,元大美債20年,59,0,59,中國信託-文心,2024-05-02,6164
00881,國泰台灣5G+,53,0,53,中國信託-文心,2024-05-02,6164
2501,國建,143,91,52,中國信託-文心,2024-05-02,6164
5706,鳳凰,51,0,51,中國信託-文心,2024-05-02,6164
6016,康和證,51,0,51,中國信託-文心,2024-05-02,6164
3049,精金,50,0,50,中國信託-文心,2024-05-02,6164
2330,台積電,60,11,49,中國信託-文心,2024-05-02,6164
2867,三商壽,66,23,43,中國信託-文心,2024-05-02,6164
2401,凌陽,41,2,39,中國信託-文心,2024-05-02,6164
4915,致伸,38,4,34,中國信託-文心,2024-05-02,6164
00795B,中信美國公債20年,32,0,32,中國信託-文心,2024-05-02,6164
1447,力鵬,31,0,31,中國信託-文心,2024-05-02,6164
00715L,期街口布蘭特正2,30,0,30,中國信託-文心,2024-05-02,6164
00751B,元大AAA至A公司債,30,0,30,中國信託-文心,2024-05-02,6164
4526,東台,31,2,29,中國信託-文心,2024-05-02,6164
2467,志聖,38,10,28,中國信託-文心,2024-05-02,6164
1514,亞力,24,1,23,中國信託-文心,2024-05-02,6164
2352,佳世達,23,0,23,中國信託-文心,2024-05-02,6164
9935,慶豐富,22,0,22,中國信託-文心,2024-05-02,6164
2359,所羅門,37,15,22,中國信託-文心,2024-05-02,6164
1414,東和,28,7,21,中國信託-文心,2024-05-02,6164
2504,國產,22,2,20,中國信託-文心,2024-05-02,6164
1460,宏遠,20,0,20,中國信託-文心,2024-05-02,6164
9105,泰金寶-DR,20,0,20,中國信託-文心,2024-05-02,6164
6443,元晶,20,0,20,中國信託-文心,2024-05-02,6164
1413,宏洲,20,0,20,中國信託-文心,2024-05-02,6164
2376,技嘉,22,3,19,中國信託-文心,2024-05-02,6164
2344,華邦電,33,14,19,中國信託-文心,2024-05-02,6164
2303,聯電,49,30,19,中國信託-文心,2024-05-02,6164
2324,仁寶,19,1,18,中國信託-文心,2024-05-02,6164
2371,大同,84,66,18,中國信託-文心,2024-05-02,6164
5871,中租-KY,17,0,17,中國信託-文心,2024-05-02,6164
0056,元大高股息,27,10,17,中國信託-文心,2024-05-02,6164
00680L,元大美債20正2,17,0,17,中國信託-文心,2024-05-02,6164
3715,定穎投控,44,27,17,中國信託-文心,2024-05-02,6164
2609,陽明,70,53,17,中國信託-文心,2024-05-02,6164
8064,東捷,36,20,16,中國信託-文心,2024-05-02,6164
2009,第一銅,20,4,16,中國信託-文心,2024-05-02,6164
8163,達方,18,2,16,中國信託-文心,2024-05-02,6164
2539,櫻花建,16,0,16,中國信託-文心,2024-05-02,6164
00664R,國泰臺灣加權反1,499,0,499,中國信託-文心,2024-05-03,6164
6016,康和證,270,0,270,中國信託-文心,2024-05-03,6164
6026,福邦證,222,0,222,中國信託-文心,2024-05-03,6164
2514,龍邦,200,0,200,中國信託-文心,2024-05-03,6164
00937B,群益ESG投等債20,160,12,148,中國信託-文心,2024-05-03,6164
2537,聯上發,203,64,139,中國信託-文心,2024-05-03,6164
00772B,中信高評級公司債,132,0,132,中國信託-文心,2024-05-03,6164
6464,台數科,127,0,127,中國信託-文心,2024-05-03,6164
00632R,元大台灣50反1,123,1,122,中國信託-文心,2024-05-03,6164
3231,緯創,115,4,111,中國信託-文心,2024-05-03,6164
2618,長榮航,287,176,111,中國信託-文心,2024-05-03,6164
2515,中工,117,39,78,中國信託-文心,2024-05-03,6164
2888,新光金,106,32,74,中國信託-文心,2024-05-03,6164
00919,群益台灣精選高息,87,13,74,中國信託-文心,2024-05-03,6164
00878,國泰永續高股息,113,48,65,中國信託-文心,2024-05-03,6164
1316,上曜,190,131,59,中國信託-文心,2024-05-03,6164
4714,永捷,104,46,58,中國信託-文心,2024-05-03,6164
00941,中信上游半導體,59,1,58,中國信託-文心,2024-05-03,6164
6770,力積電,103,48,55,中國信託-文心,2024-05-03,6164
00679B,元大美債20年,57,2,55,中國信託-文心,2024-05-03,6164
2419,仲琦,55,1,54,中國信託-文心,2024-05-03,6164
2316,楠梓電,49,2,47,中國信託-文心,2024-05-03,6164
9945,潤泰新,82,43,39,中國信託-文心,2024-05-03,6164
5469,瀚宇博,42,3,39,中國信託-文心,2024-05-03,6164
1514,亞力,77,39,38,中國信託-文心,2024-05-03,6164
2344,華邦電,36,0,36,中國信託-文心,2024-05-03,6164
8096,擎亞,126,92,34,中國信託-文心,2024-05-03,6164
00706L,期元大S＆P日圓正2,33,0,33,中國信託-文心,2024-05-03,6164
1736,喬山,35,2,33,中國信託-文心,2024-05-03,6164
2371,大同,107,75,32,中國信託-文心,2024-05-03,6164
00936,台新永續高息中小,32,1,31,中國信託-文心,2024-05-03,6164
2812,台中銀,32,5,27,中國信託-文心,2024-05-03,6164
8454,富邦媒,27,1,26,中國信託-文心,2024-05-03,6164
2458,義隆,24,0,24,中國信託-文心,2024-05-03,6164
3049,精金,23,0,23,中國信託-文心,2024-05-03,6164
6005,群益證,27,5,22,中國信託-文心,2024-05-03,6164
3707,漢磊,21,1,20,中國信託-文心,2024-05-03,6164
3163,波若威,25,5,20,中國信託-文心,2024-05-03,6164
5512,力麒,28,8,20,中國信託-文心,2024-05-03,6164
00650L,復華香港正2,25,5,20,中國信託-文心,2024-05-03,6164
3576,聯合再生,20,0,20,中國信託-文心,2024-05-03,6164
6235,華孚,29,9,20,中國信託-文心,2024-05-03,6164
8112,至上,51,32,19,中國信託-文心,2024-05-03,6164
00688L,國泰20年美債正2,19,0,19,中國信託-文心,2024-05-03,6164
00929,復華台灣科技優息,112,94,18,中國信託-文心,2024-05-03,6164
4721,美琪瑪,18,0,18,中國信託-文心,2024-05-03,6164
1535,中宇,23,6,17,中國信託-文心,2024-05-03,6164
2809,京城銀,15,0,15,中國信託-文心,2024-05-03,6164
2449,京元電子,18,3,15,中國信託-文心,2024-05-03,6164
6190,萬泰科,20,5,15,中國信託-文心,2024-05-03,6164
1314,中石化,513,202,311,中國信託-文心,2024-05-06,6164
00937B,群益ESG投等債20,317,52,265,中國信託-文心,2024-05-06,6164
00665L,富邦�琤肭磪囓�2,251,4,247,中國信託-文心,2024-05-06,6164
00632R,元大台灣50反1,187,30,157,中國信託-文心,2024-05-06,6164
2539,櫻花建,97,3,94,中國信託-文心,2024-05-06,6164
6464,台數科,91,0,91,中國信託-文心,2024-05-06,6164
00878,國泰永續高股息,152,74,78,中國信託-文心,2024-05-06,6164
00687B,國泰20年美債,79,6,73,中國信託-文心,2024-05-06,6164
00929,復華台灣科技優息,101,36,65,中國信託-文心,2024-05-06,6164
2316,楠梓電,87,26,61,中國信託-文心,2024-05-06,6164
2888,新光金,247,187,60,中國信託-文心,2024-05-06,6164
00679B,元大美債20年,56,3,53,中國信託-文心,2024-05-06,6164
00795B,中信美國公債20年,54,2,52,中國信託-文心,2024-05-06,6164
1459,聯發,50,0,50,中國信託-文心,2024-05-06,6164
1307,三芳,48,0,48,中國信託-文心,2024-05-06,6164
8112,至上,95,47,48,中國信託-文心,2024-05-06,6164
2610,華航,52,9,43,中國信託-文心,2024-05-06,6164
2449,京元電子,67,26,41,中國信託-文心,2024-05-06,6164
2545,皇翔,45,8,37,中國信託-文心,2024-05-06,6164
2888A,新光金甲特,32,0,32,中國信託-文心,2024-05-06,6164
00700,富邦�琤肭磪�,30,0,30,中國信託-文心,2024-05-06,6164
2538,基泰,31,3,28,中國信託-文心,2024-05-06,6164
6757,台灣虎航,30,4,26,中國信託-文心,2024-05-06,6164
2543,皇昌,43,17,26,中國信託-文心,2024-05-06,6164
2852,第一保,25,0,25,中國信託-文心,2024-05-06,6164
1532,勤美,47,22,25,中國信託-文心,2024-05-06,6164
9933,中鼎,41,20,21,中國信託-文心,2024-05-06,6164
3221,台嘉碩,22,1,21,中國信託-文心,2024-05-06,6164
3035,智原,25,5,20,中國信託-文心,2024-05-06,6164
3313,斐成,21,1,20,中國信託-文心,2024-05-06,6164
3055,蔚華科,28,8,20,中國信託-文心,2024-05-06,6164
2337,旺宏,22,3,19,中國信託-文心,2024-05-06,6164
00715L,期街口布蘭特正2,25,8,17,中國信託-文心,2024-05-06,6164
00637L,元大滬深300正2,27,10,17,中國信託-文心,2024-05-06,6164
2206,三陽工業,22,6,16,中國信託-文心,2024-05-06,6164
2601,益航,16,0,16,中國信託-文心,2024-05-06,6164
00720B,元大投資級公司債,17,1,16,中國信託-文心,2024-05-06,6164
00753L,中信中國50正2,27,12,15,中國信託-文心,2024-05-06,6164
006207,復華滬深,15,0,15,中國信託-文心,2024-05-06,6164
6244,茂迪,15,0,15,中國信託-文心,2024-05-06,6164
1732,毛寶,15,0,15,中國信託-文心,2024-05-06,6164
2547,日勝生,20,5,15,中國信託-文心,2024-05-06,6164
2368,金像電,26,12,14,中國信託-文心,2024-05-06,6164
6282,康舒,26,12,14,中國信託-文心,2024-05-06,6164
3289,宜特,14,1,13,中國信託-文心,2024-05-06,6164
2641,正德,13,0,13,中國信託-文心,2024-05-06,6164
1513,中興電,16,4,12,中國信託-文心,2024-05-06,6164
3189,景碩,12,0,12,中國信託-文心,2024-05-06,6164
00688L,國泰20年美債正2,12,0,12,中國信託-文心,2024-05-06,6164
2465,麗臺,42,30,12,中國信託-文心,2024-05-06,6164
00687B,國泰20年美債,230,7,223,中國信託-文心,2024-05-07,6164
00715L,期街口布蘭特正2,120,0,120,中國信託-文心,2024-05-07,6164
00795B,中信美國公債20年,112,0,112,中國信託-文心,2024-05-07,6164
3056,富華新,132,23,109,中國信託-文心,2024-05-07,6164
00929,復華台灣科技優息,151,43,108,中國信託-文心,2024-05-07,6164
2888,新光金,104,3,101,中國信託-文心,2024-05-07,6164
00878,國泰永續高股息,112,17,95,中國信託-文心,2024-05-07,6164
6464,台數科,87,0,87,中國信託-文心,2024-05-07,6164
2329,華泰,117,41,76,中國信託-文心,2024-05-07,6164
3231,緯創,78,8,70,中國信託-文心,2024-05-07,6164
2834,臺企銀,71,2,69,中國信託-文心,2024-05-07,6164
5519,隆大,68,0,68,中國信託-文心,2024-05-07,6164
00940,元大台灣價值高息,108,42,66,中國信託-文心,2024-05-07,6164
2344,華邦電,65,3,62,中國信託-文心,2024-05-07,6164
3057,喬鼎,61,0,61,中國信託-文心,2024-05-07,6164
3481,群創,70,13,57,中國信託-文心,2024-05-07,6164
2363,矽統,74,18,56,中國信託-文心,2024-05-07,6164
2317,鴻海,121,66,55,中國信託-文心,2024-05-07,6164
1459,聯發,53,0,53,中國信託-文心,2024-05-07,6164
5534,長虹,61,9,52,中國信託-文心,2024-05-07,6164
2538,基泰,51,0,51,中國信託-文心,2024-05-07,6164
3296,勝德,47,0,47,中國信託-文心,2024-05-07,6164
3059,華晶科,73,26,47,中國信託-文心,2024-05-07,6164
2101,南港,40,1,39,中國信託-文心,2024-05-07,6164
2467,志聖,50,12,38,中國信託-文心,2024-05-07,6164
2241,艾姆勒,46,14,32,中國信託-文心,2024-05-07,6164
5871,中租-KY,34,2,32,中國信託-文心,2024-05-07,6164
0056,元大高股息,50,19,31,中國信託-文心,2024-05-07,6164
1218,泰山,31,0,31,中國信託-文心,2024-05-07,6164
2528,皇普,30,0,30,中國信託-文心,2024-05-07,6164
6757,台灣虎航,30,0,30,中國信託-文心,2024-05-07,6164
9945,潤泰新,46,16,30,中國信託-文心,2024-05-07,6164
00679B,元大美債20年,51,22,29,中國信託-文心,2024-05-07,6164
2377,微星,25,1,24,中國信託-文心,2024-05-07,6164
3011,今皓,25,1,24,中國信託-文心,2024-05-07,6164
3141,晶宏,31,8,23,中國信託-文心,2024-05-07,6164
2501,國建,61,38,23,中國信託-文心,2024-05-07,6164
2887,台新金,30,8,22,中國信託-文心,2024-05-07,6164
00637L,元大滬深300正2,28,7,21,中國信託-文心,2024-05-07,6164
1616,億泰,23,3,20,中國信託-文心,2024-05-07,6164
00857B,永豐20年美公債,20,0,20,中國信託-文心,2024-05-07,6164
2331,精英,20,0,20,中國信託-文心,2024-05-07,6164
2603,長榮,21,2,19,中國信託-文心,2024-05-07,6164
6282,康舒,21,2,19,中國信託-文心,2024-05-07,6164
6005,群益證,21,3,18,中國信託-文心,2024-05-07,6164
5302,太欣,19,2,17,中國信託-文心,2024-05-07,6164
2836,高雄銀,17,0,17,中國信託-文心,2024-05-07,6164
2539,櫻花建,17,1,16,中國信託-文心,2024-05-07,6164
1612,宏泰,29,13,16,中國信託-文心,2024-05-07,6164
3466,德晉,16,1,15,中國信託-文心,2024-05-07,6164
00940,元大台灣價值高息,264,25,239,中國信託-文心,2024-05-08,6164
6464,台數科,159,0,159,中國信託-文心,2024-05-08,6164
2317,鴻海,181,53,128,中國信託-文心,2024-05-08,6164
2359,所羅門,156,44,112,中國信託-文心,2024-05-08,6164
1905,華紙,93,3,90,中國信託-文心,2024-05-08,6164
5871,中租-KY,94,6,88,中國信託-文心,2024-05-08,6164
2618,長榮航,110,46,64,中國信託-文心,2024-05-08,6164
2603,長榮,69,10,59,中國信託-文心,2024-05-08,6164
3056,富華新,59,1,58,中國信託-文心,2024-05-08,6164
3296,勝德,54,0,54,中國信託-文心,2024-05-08,6164
8087,麗升能源,58,4,54,中國信託-文心,2024-05-08,6164
00929,復華台灣科技優息,95,41,54,中國信託-文心,2024-05-08,6164
2374,佳能,99,47,52,中國信託-文心,2024-05-08,6164
00919,群益台灣精選高息,144,101,43,中國信託-文心,2024-05-08,6164
2637,慧洋-KY,81,39,42,中國信託-文心,2024-05-08,6164
00632R,元大台灣50反1,42,0,42,中國信託-文心,2024-05-08,6164
1218,泰山,40,0,40,中國信託-文心,2024-05-08,6164
3055,蔚華科,40,1,39,中國信託-文心,2024-05-08,6164
3036,文曄,38,0,38,中國信託-文心,2024-05-08,6164
2329,華泰,40,3,37,中國信託-文心,2024-05-08,6164
1618,合機,59,23,36,中國信託-文心,2024-05-08,6164
2002,中鋼,39,10,29,中國信託-文心,2024-05-08,6164
2204,中華,34,6,28,中國信託-文心,2024-05-08,6164
8096,擎亞,76,49,27,中國信託-文心,2024-05-08,6164
2101,南港,44,17,27,中國信託-文心,2024-05-08,6164
8277,商丞,41,15,26,中國信託-文心,2024-05-08,6164
00679B,元大美債20年,28,4,24,中國信託-文心,2024-05-08,6164
8454,富邦媒,23,0,23,中國信託-文心,2024-05-08,6164
3376,新日興,56,33,23,中國信託-文心,2024-05-08,6164
1514,亞力,123,101,22,中國信託-文心,2024-05-08,6164
00891,中信關鍵半導體,21,0,21,中國信託-文心,2024-05-08,6164
2528,皇普,21,0,21,中國信託-文心,2024-05-08,6164
00752,中信中國50,21,0,21,中國信託-文心,2024-05-08,6164
2338,光罩,29,8,21,中國信託-文心,2024-05-08,6164
4967,十銓,53,33,20,中國信託-文心,2024-05-08,6164
1802,台玻,20,0,20,中國信託-文心,2024-05-08,6164
6668,中揚光,25,5,20,中國信託-文心,2024-05-08,6164
1608,華榮,34,15,19,中國信託-文心,2024-05-08,6164
00650L,復華香港正2,18,0,18,中國信託-文心,2024-05-08,6164
2344,華邦電,19,2,17,中國信託-文心,2024-05-08,6164
3062,建漢,19,2,17,中國信託-文心,2024-05-08,6164
2884,玉山金,22,5,17,中國信託-文心,2024-05-08,6164
3481,群創,22,6,16,中國信託-文心,2024-05-08,6164
8064,東捷,16,0,16,中國信託-文心,2024-05-08,6164
2354,鴻準,16,1,15,中國信託-文心,2024-05-08,6164
2605,新興,68,55,13,中國信託-文心,2024-05-08,6164
00857B,永豐20年美公債,13,0,13,中國信託-文心,2024-05-08,6164
00712,復華富時不動產,13,0,13,中國信託-文心,2024-05-08,6164
2609,陽明,74,62,12,中國信託-文心,2024-05-08,6164
2836,高雄銀,12,0,12,中國信託-文心,2024-05-08,6164
00937B,群益ESG投等債20,253,53,200,中國信託-文心,2024-05-09,6164
00940,元大台灣價值高息,171,38,133,中國信託-文心,2024-05-09,6164
2834,臺企銀,136,8,128,中國信託-文心,2024-05-09,6164
00929,復華台灣科技優息,143,22,121,中國信託-文心,2024-05-09,6164
2618,長榮航,302,184,118,中國信託-文心,2024-05-09,6164
2371,大同,226,120,106,中國信託-文心,2024-05-09,6164
2409,友達,105,0,105,中國信託-文心,2024-05-09,6164
00946,群益科技高息成長,99,0,99,中國信託-文心,2024-05-09,6164
2888,新光金,164,66,98,中國信託-文心,2024-05-09,6164
2317,鴻海,125,28,97,中國信託-文心,2024-05-09,6164
2520,冠德,103,12,91,中國信託-文心,2024-05-09,6164
00679B,元大美債20年,86,2,84,中國信託-文心,2024-05-09,6164
3231,緯創,84,8,76,中國信託-文心,2024-05-09,6164
2344,華邦電,66,1,65,中國信託-文心,2024-05-09,6164
2812,台中銀,62,0,62,中國信託-文心,2024-05-09,6164
2884,玉山金,73,12,61,中國信託-文心,2024-05-09,6164
2367,燿華,157,99,58,中國信託-文心,2024-05-09,6164
2002,中鋼,63,5,58,中國信託-文心,2024-05-09,6164
3296,勝德,55,0,55,中國信託-文心,2024-05-09,6164
2601,益航,52,1,51,中國信託-文心,2024-05-09,6164
5871,中租-KY,56,7,49,中國信託-文心,2024-05-09,6164
00944,野村趨勢動能高息,47,1,46,中國信託-文心,2024-05-09,6164
2704,國賓,46,7,39,中國信託-文心,2024-05-09,6164
2464,盟立,55,16,39,中國信託-文心,2024-05-09,6164
8087,麗升能源,39,0,39,中國信託-文心,2024-05-09,6164
1815,富喬,57,19,38,中國信託-文心,2024-05-09,6164
2449,京元電子,60,24,36,中國信託-文心,2024-05-09,6164
3036,文曄,44,10,34,中國信託-文心,2024-05-09,6164
2101,南港,41,8,33,中國信託-文心,2024-05-09,6164
2515,中工,36,4,32,中國信託-文心,2024-05-09,6164
2855,統一證,30,0,30,中國信託-文心,2024-05-09,6164
00931B,統一美債20年,31,1,30,中國信託-文心,2024-05-09,6164
1218,泰山,30,0,30,中國信託-文心,2024-05-09,6164
2354,鴻準,33,4,29,中國信託-文心,2024-05-09,6164
00891,中信關鍵半導體,29,1,28,中國信託-文心,2024-05-09,6164
3011,今皓,50,22,28,中國信託-文心,2024-05-09,6164
2408,南亞科,28,1,27,中國信託-文心,2024-05-09,6164
6186,新潤,25,0,25,中國信託-文心,2024-05-09,6164
8112,至上,31,7,24,中國信託-文心,2024-05-09,6164
5608,四維航,38,14,24,中國信託-文心,2024-05-09,6164
00712,復華富時不動產,50,27,23,中國信託-文心,2024-05-09,6164
6207,雷科,32,9,23,中國信託-文心,2024-05-09,6164
2851,中再保,27,5,22,中國信託-文心,2024-05-09,6164
00687B,國泰20年美債,21,0,21,中國信託-文心,2024-05-09,6164
00772B,中信高評級公司債,22,2,20,中國信託-文心,2024-05-09,6164
1604,聲寶,20,0,20,中國信託-文心,2024-05-09,6164
2838,聯邦銀,20,0,20,中國信託-文心,2024-05-09,6164
1532,勤美,24,4,20,中國信託-文心,2024-05-09,6164
2906,高林,20,1,19,中國信託-文心,2024-05-09,6164
5014,建錩,19,0,19,中國信託-文心,2024-05-09,6164
00929,復華台灣科技優息,507,67,440,中國信託-文心,2024-05-10,6164
1718,中纖,218,3,215,中國信託-文心,2024-05-10,6164
3339,泰谷,113,13,100,中國信託-文心,2024-05-10,6164
1446,宏和,108,12,96,中國信託-文心,2024-05-10,6164
2313,華通,111,29,82,中國信託-文心,2024-05-10,6164
00946,群益科技高息成長,59,1,58,中國信託-文心,2024-05-10,6164
3296,勝德,57,0,57,中國信託-文心,2024-05-10,6164
00937B,群益ESG投等債20,222,174,48,中國信託-文心,2024-05-10,6164
00795B,中信美國公債20年,48,1,47,中國信託-文心,2024-05-10,6164
2323,中環,52,6,46,中國信託-文心,2024-05-10,6164
2367,燿華,131,89,42,中國信託-文心,2024-05-10,6164
6464,台數科,40,0,40,中國信託-文心,2024-05-10,6164
00933B,國泰10Y+金融債,54,14,40,中國信託-文心,2024-05-10,6164
3036,文曄,43,5,38,中國信託-文心,2024-05-10,6164
4306,炎洲,36,1,35,中國信託-文心,2024-05-10,6164
2317,鴻海,69,35,34,中國信託-文心,2024-05-10,6164
00944,野村趨勢動能高息,33,4,29,中國信託-文心,2024-05-10,6164
2344,華邦電,42,14,28,中國信託-文心,2024-05-10,6164
2388,威盛,37,9,28,中國信託-文心,2024-05-10,6164
2515,中工,44,17,27,中國信託-文心,2024-05-10,6164
1614,三洋電,27,2,25,中國信託-文心,2024-05-10,6164
2530,華建,25,1,24,中國信託-文心,2024-05-10,6164
3013,晟銘電,112,88,24,中國信託-文心,2024-05-10,6164
00688L,國泰20年美債正2,22,0,22,中國信託-文心,2024-05-10,6164
1314,中石化,23,2,21,中國信託-文心,2024-05-10,6164
3094,聯傑,20,0,20,中國信託-文心,2024-05-10,6164
5871,中租-KY,22,3,19,中國信託-文心,2024-05-10,6164
2467,志聖,19,0,19,中國信託-文心,2024-05-10,6164
2409,友達,18,0,18,中國信託-文心,2024-05-10,6164
1504,東元,18,1,17,中國信託-文心,2024-05-10,6164
2362,藍天,16,0,16,中國信託-文心,2024-05-10,6164
2368,金像電,34,18,16,中國信託-文心,2024-05-10,6164
2486,一詮,45,29,16,中國信託-文心,2024-05-10,6164
8936,國統,65,49,16,中國信託-文心,2024-05-10,6164
3189,景碩,15,0,15,中國信託-文心,2024-05-10,6164
2374,佳能,21,7,14,中國信託-文心,2024-05-10,6164
2101,南港,14,0,14,中國信託-文心,2024-05-10,6164
2324,仁寶,19,5,14,中國信託-文心,2024-05-10,6164
00936,台新永續高息中小,13,0,13,中國信託-文心,2024-05-10,6164
3481,群創,33,20,13,中國信託-文心,2024-05-10,6164
6284,佳邦,25,12,13,中國信託-文心,2024-05-10,6164
00891,中信關鍵半導體,13,0,13,中國信託-文心,2024-05-10,6164
8086,宏捷科,15,2,13,中國信託-文心,2024-05-10,6164
2882,國泰金,78,65,13,中國信託-文心,2024-05-10,6164
1519,華城,18,6,12,中國信託-文心,2024-05-10,6164
9927,泰銘,12,0,12,中國信託-文心,2024-05-10,6164
4533,協易機,12,0,12,中國信託-文心,2024-05-10,6164
3044,健鼎,28,16,12,中國信託-文心,2024-05-10,6164
2704,國賓,12,1,11,中國信託-文心,2024-05-10,6164
3017,奇鋐,17,6,11,中國信託-文心,2024-05-10,6164
00929,復華台灣科技優息,434,131,303,中國信託-文心,2024-05-13,6164
00937B,群益ESG投等債20,194,20,174,中國信託-文心,2024-05-13,6164
2618,長榮航,266,126,140,中國信託-文心,2024-05-13,6164
00665L,富邦�琤肭磪囓�2,162,29,133,中國信託-文心,2024-05-13,6164
00946,群益科技高息成長,117,4,113,中國信託-文心,2024-05-13,6164
1314,中石化,104,1,103,中國信託-文心,2024-05-13,6164
3231,緯創,106,9,97,中國信託-文心,2024-05-13,6164
00636,國泰中國A50,90,0,90,中國信託-文心,2024-05-13,6164
2891,中信金,80,11,69,中國信託-文心,2024-05-13,6164
00679B,元大美債20年,116,53,63,中國信託-文心,2024-05-13,6164
9945,潤泰新,91,31,60,中國信託-文心,2024-05-13,6164
3303,岱稜,55,8,47,中國信託-文心,2024-05-13,6164
00715L,期街口布蘭特正2,47,0,47,中國信託-文心,2024-05-13,6164
2888,新光金,56,11,45,中國信託-文心,2024-05-13,6164
2449,京元電子,40,0,40,中國信託-文心,2024-05-13,6164
00878,國泰永續高股息,89,51,38,中國信託-文心,2024-05-13,6164
00632R,元大台灣50反1,52,15,37,中國信託-文心,2024-05-13,6164
2317,鴻海,76,39,37,中國信託-文心,2024-05-13,6164
5251,天鉞電,59,23,36,中國信託-文心,2024-05-13,6164
3260,威剛,47,11,36,中國信託-文心,2024-05-13,6164
00690,兆豐藍籌30,35,0,35,中國信託-文心,2024-05-13,6164
00637L,元大滬深300正2,38,6,32,中國信託-文心,2024-05-13,6164
2371,大同,74,45,29,中國信託-文心,2024-05-13,6164
2545,皇翔,32,3,29,中國信託-文心,2024-05-13,6164
2520,冠德,37,8,29,中國信託-文心,2024-05-13,6164
2605,新興,131,106,25,中國信託-文心,2024-05-13,6164
6005,群益證,33,8,25,中國信託-文心,2024-05-13,6164
1718,中纖,24,0,24,中國信託-文心,2024-05-13,6164
2458,義隆,25,1,24,中國信託-文心,2024-05-13,6164
00687B,國泰20年美債,25,1,24,中國信託-文心,2024-05-13,6164
2834,臺企銀,25,2,23,中國信託-文心,2024-05-13,6164
1563,巧新,27,4,23,中國信託-文心,2024-05-13,6164
2505,國揚,23,0,23,中國信託-文心,2024-05-13,6164
2615,萬海,99,76,23,中國信託-文心,2024-05-13,6164
00772B,中信高評級公司債,22,1,21,中國信託-文心,2024-05-13,6164
3714,富采,20,0,20,中國信託-文心,2024-05-13,6164
2838,聯邦銀,20,0,20,中國信託-文心,2024-05-13,6164
3094,聯傑,20,0,20,中國信託-文心,2024-05-13,6164
2882,國泰金,88,68,20,中國信託-文心,2024-05-13,6164
00706L,期元大S＆P日圓正2,22,3,19,中國信託-文心,2024-05-13,6164
2367,燿華,84,66,18,中國信託-文心,2024-05-13,6164
1303,南亞,20,2,18,中國信託-文心,2024-05-13,6164
1337,再生-KY,20,2,18,中國信託-文心,2024-05-13,6164
5871,中租-KY,28,10,18,中國信託-文心,2024-05-13,6164
2388,威盛,18,1,17,中國信託-文心,2024-05-13,6164
00936,台新永續高息中小,21,5,16,中國信託-文心,2024-05-13,6164
4960,誠美材,18,2,16,中國信託-文心,2024-05-13,6164
1446,宏和,15,0,15,中國信託-文心,2024-05-13,6164
2611,志信,18,3,15,中國信託-文心,2024-05-13,6164
3576,聯合再生,15,1,14,中國信託-文心,2024-05-13,6164
00937B,群益ESG投等債20,428,8,420,中國信託-文心,2024-05-14,6164
00929,復華台灣科技優息,236,51,185,中國信託-文心,2024-05-14,6164
9945,潤泰新,174,32,142,中國信託-文心,2024-05-14,6164
2915,潤泰全,136,36,100,中國信託-文心,2024-05-14,6164
1718,中纖,85,0,85,中國信託-文心,2024-05-14,6164
1815,富喬,92,13,79,中國信託-文心,2024-05-14,6164
4960,誠美材,68,5,63,中國信託-文心,2024-05-14,6164
2515,中工,58,6,52,中國信託-文心,2024-05-14,6164
2834,臺企銀,50,0,50,中國信託-文心,2024-05-14,6164
1459,聯發,50,0,50,中國信託-文心,2024-05-14,6164
00944,野村趨勢動能高息,50,1,49,中國信託-文心,2024-05-14,6164
2520,冠德,69,23,46,中國信託-文心,2024-05-14,6164
2891,中信金,69,23,46,中國信託-文心,2024-05-14,6164
00878,國泰永續高股息,107,62,45,中國信託-文心,2024-05-14,6164
00882,中信中國高股息,94,53,41,中國信託-文心,2024-05-14,6164
1325,恆大,40,0,40,中國信託-文心,2024-05-14,6164
6414,樺漢,38,0,38,中國信託-文心,2024-05-14,6164
2615,萬海,512,474,38,中國信託-文心,2024-05-14,6164
2374,佳能,114,78,36,中國信託-文心,2024-05-14,6164
2363,矽統,95,61,34,中國信託-文心,2024-05-14,6164
2505,國揚,33,0,33,中國信託-文心,2024-05-14,6164
6186,新潤,31,2,29,中國信託-文心,2024-05-14,6164
2527,宏璟,28,0,28,中國信託-文心,2024-05-14,6164
3520,華盈,35,7,28,中國信託-文心,2024-05-14,6164
1101,台泥,30,4,26,中國信託-文心,2024-05-14,6164
2836,高雄銀,25,0,25,中國信託-文心,2024-05-14,6164
2812,台中銀,26,1,25,中國信託-文心,2024-05-14,6164
00664R,國泰臺灣加權反1,24,0,24,中國信託-文心,2024-05-14,6164
1536,和大,24,1,23,中國信託-文心,2024-05-14,6164
00933B,國泰10Y+金融債,24,1,23,中國信託-文心,2024-05-14,6164
2392,正崴,25,3,22,中國信託-文心,2024-05-14,6164
00927,群益半導體收益,22,1,21,中國信託-文心,2024-05-14,6164
3231,緯創,49,28,21,中國信託-文心,2024-05-14,6164
00680L,元大美債20正2,20,0,20,中國信託-文心,2024-05-14,6164
2444,兆勁,20,0,20,中國信託-文心,2024-05-14,6164
00930,永豐ESG低碳高息,20,0,20,中國信託-文心,2024-05-14,6164
2641,正德,32,12,20,中國信託-文心,2024-05-14,6164
00751B,元大AAA至A公司債,19,0,19,中國信託-文心,2024-05-14,6164
3056,富華新,19,0,19,中國信託-文心,2024-05-14,6164
6209,今國光,18,0,18,中國信託-文心,2024-05-14,6164
1563,巧新,23,6,17,中國信託-文心,2024-05-14,6164
4967,十銓,19,3,16,中國信託-文心,2024-05-14,6164
3481,群創,18,2,16,中國信託-文心,2024-05-14,6164
6139,亞翔,25,9,16,中國信託-文心,2024-05-14,6164
2064,晉椿,15,0,15,中國信託-文心,2024-05-14,6164
00932,兆豐永續高息等權,15,0,15,中國信託-文心,2024-05-14,6164
00650L,復華香港正2,16,1,15,中國信託-文心,2024-05-14,6164
3032,偉訓,17,2,15,中國信託-文心,2024-05-14,6164
00720B,元大投資級公司債,14,0,14,中國信託-文心,2024-05-14,6164
00936,台新永續高息中小,15,1,14,中國信託-文心,2024-05-14,6164
00937B,群益ESG投等債20,744,15,729,中國信託-文心,2024-05-15,6164
00632R,元大台灣50反1,428,103,325,中國信託-文心,2024-05-15,6164
00891,中信關鍵半導體,299,15,284,中國信託-文心,2024-05-15,6164
00919,群益台灣精選高息,265,18,247,中國信託-文心,2024-05-15,6164
00929,復華台灣科技優息,322,91,231,中國信託-文心,2024-05-15,6164
9105,泰金寶-DR,242,18,224,中國信託-文心,2024-05-15,6164
00712,復華富時不動產,153,8,145,中國信託-文心,2024-05-15,6164
00878,國泰永續高股息,320,195,125,中國信託-文心,2024-05-15,6164
00688L,國泰20年美債正2,99,0,99,中國信託-文心,2024-05-15,6164
2317,鴻海,168,90,78,中國信託-文心,2024-05-15,6164
2356,英業達,95,21,74,中國信託-文心,2024-05-15,6164
00936,台新永續高息中小,75,1,74,中國信託-文心,2024-05-15,6164
1609,大亞,91,18,73,中國信託-文心,2024-05-15,6164
2520,冠德,75,5,70,中國信託-文心,2024-05-15,6164
3047,訊舟,90,34,56,中國信託-文心,2024-05-15,6164
2363,矽統,129,74,55,中國信託-文心,2024-05-15,6164
00934,中信成長高股息,111,58,53,中國信託-文心,2024-05-15,6164
2603,長榮,93,41,52,中國信託-文心,2024-05-15,6164
2515,中工,56,5,51,中國信託-文心,2024-05-15,6164
2323,中環,66,16,50,中國信託-文心,2024-05-15,6164
00665L,富邦�琤肭磪囓�2,47,0,47,中國信託-文心,2024-05-15,6164
4414,如興,41,0,41,中國信託-文心,2024-05-15,6164
00946,群益科技高息成長,43,2,41,中國信託-文心,2024-05-15,6164
0056,元大高股息,94,54,40,中國信託-文心,2024-05-15,6164
4533,協易機,47,11,36,中國信託-文心,2024-05-15,6164
2002,中鋼,39,6,33,中國信託-文心,2024-05-15,6164
00715L,期街口布蘭特正2,30,0,30,中國信託-文心,2024-05-15,6164
2509,全坤建,40,10,30,中國信託-文心,2024-05-15,6164
00679B,元大美債20年,41,14,27,中國信託-文心,2024-05-15,6164
2630,亞航,38,12,26,中國信託-文心,2024-05-15,6164
3230,錦明,27,1,26,中國信託-文心,2024-05-15,6164
2527,宏璟,24,0,24,中國信託-文心,2024-05-15,6164
3260,威剛,23,0,23,中國信託-文心,2024-05-15,6164
1718,中纖,23,1,22,中國信託-文心,2024-05-15,6164
4967,十銓,22,0,22,中國信託-文心,2024-05-15,6164
00940,元大台灣價值高息,281,260,21,中國信託-文心,2024-05-15,6164
4960,誠美材,21,0,21,中國信託-文心,2024-05-15,6164
2353,宏��,78,58,20,中國信託-文心,2024-05-15,6164
00918,大華優利高填息30,23,4,19,中國信託-文心,2024-05-15,6164
00676R,富邦臺灣加權反1,19,0,19,中國信託-文心,2024-05-15,6164
3207,耀勝,20,1,19,中國信託-文心,2024-05-15,6164
2406,國碩,45,27,18,中國信託-文心,2024-05-15,6164
6770,力積電,22,4,18,中國信託-文心,2024-05-15,6164
3013,晟銘電,23,5,18,中國信託-文心,2024-05-15,6164
4306,炎洲,18,1,17,中國信託-文心,2024-05-15,6164
2371,大同,46,30,16,中國信託-文心,2024-05-15,6164
1616,億泰,15,0,15,中國信託-文心,2024-05-15,6164
4908,前鼎,16,1,15,中國信託-文心,2024-05-15,6164
1535,中宇,15,0,15,中國信託-文心,2024-05-15,6164
3234,光環,16,1,15,中國信託-文心,2024-05-15,6164
00878,國泰永續高股息,222,38,184,中國信託-文心,2024-05-16,6164
00665L,富邦�琤肭磪囓�2,181,14,167,中國信託-文心,2024-05-16,6164
3231,緯創,232,85,147,中國信託-文心,2024-05-16,6164
00929,復華台灣科技優息,166,31,135,中國信託-文心,2024-05-16,6164
3059,華晶科,100,36,64,中國信託-文心,2024-05-16,6164
8096,擎亞,216,153,63,中國信託-文心,2024-05-16,6164
2547,日勝生,50,0,50,中國信託-文心,2024-05-16,6164
2359,所羅門,144,95,49,中國信託-文心,2024-05-16,6164
2882,國泰金,83,34,49,中國信託-文心,2024-05-16,6164
2356,英業達,67,21,46,中國信託-文心,2024-05-16,6164
2301,光寶科,36,0,36,中國信託-文心,2024-05-16,6164
1314,中石化,37,3,34,中國信託-文心,2024-05-16,6164
5392,能率,50,23,27,中國信託-文心,2024-05-16,6164
3060,銘異,24,1,23,中國信託-文心,2024-05-16,6164
00733,富邦臺灣中小,23,0,23,中國信託-文心,2024-05-16,6164
2382,廣達,91,68,23,中國信託-文心,2024-05-16,6164
2464,盟立,58,36,22,中國信託-文心,2024-05-16,6164
2545,皇翔,20,0,20,中國信託-文心,2024-05-16,6164
6189,豐藝,26,7,19,中國信託-文心,2024-05-16,6164
6425,易發,21,3,18,中國信託-文心,2024-05-16,6164
2241,艾姆勒,118,101,17,中國信託-文心,2024-05-16,6164
3363,上詮,39,22,17,中國信託-文心,2024-05-16,6164
00637L,元大滬深300正2,31,14,17,中國信託-文心,2024-05-16,6164
6215,和椿,71,55,16,中國信託-文心,2024-05-16,6164
00720B,元大投資級公司債,24,8,16,中國信託-文心,2024-05-16,6164
2324,仁寶,26,10,16,中國信託-文心,2024-05-16,6164
2101,南港,20,5,15,中國信託-文心,2024-05-16,6164
2314,台揚,15,0,15,中國信託-文心,2024-05-16,6164
3207,耀勝,15,0,15,中國信託-文心,2024-05-16,6164
2374,佳能,53,38,15,中國信託-文心,2024-05-16,6164
2534,宏盛,18,3,15,中國信託-文心,2024-05-16,6164
2371,大同,28,13,15,中國信託-文心,2024-05-16,6164
00751B,元大AAA至A公司債,15,1,14,中國信託-文心,2024-05-16,6164
6177,達麗,22,9,13,中國信託-文心,2024-05-16,6164
00719B,元大美債1-3,13,0,13,中國信託-文心,2024-05-16,6164
00753L,中信中國50正2,22,9,13,中國信託-文心,2024-05-16,6164
2368,金像電,55,43,12,中國信託-文心,2024-05-16,6164
6451,訊芯-KY,34,21,13,中國信託-文心,2024-05-16,6164
4402,郡都開發,12,0,12,中國信託-文心,2024-05-16,6164
2406,國碩,17,5,12,中國信託-文心,2024-05-16,6164
00713,元大台灣高息低波,23,11,12,中國信託-文心,2024-05-16,6164
6147,頎邦,11,0,11,中國信託-文心,2024-05-16,6164
6530,創威,11,0,11,中國信託-文心,2024-05-16,6164
3188,鑫龍騰,11,0,11,中國信託-文心,2024-05-16,6164
2401,凌陽,17,6,11,中國信託-文心,2024-05-16,6164
00940,元大台灣價值高息,197,186,11,中國信託-文心,2024-05-16,6164
8155,博智,11,1,10,中國信託-文心,2024-05-16,6164
1216,統一,11,1,10,中國信託-文心,2024-05-16,6164
1220,台榮,10,0,10,中國信託-文心,2024-05-16,6164
2482,連宇,14,4,10,中國信託-文心,2024-05-16,6164
00929,復華台灣科技優息,597,25,572,中國信託-文心,2024-05-17,6164
00937B,群益ESG投等債20,435,52,383,中國信託-文心,2024-05-17,6164
00878,國泰永續高股息,402,68,334,中國信託-文心,2024-05-17,6164
2867,三商壽,657,471,186,中國信託-文心,2024-05-17,6164
2241,艾姆勒,175,29,146,中國信託-文心,2024-05-17,6164
00946,群益科技高息成長,145,0,145,中國信託-文心,2024-05-17,6164
00679B,元大美債20年,137,9,128,中國信託-文心,2024-05-17,6164
2344,華邦電,100,0,100,中國信託-文心,2024-05-17,6164
2374,佳能,179,89,90,中國信託-文心,2024-05-17,6164
3059,華晶科,132,52,80,中國信託-文心,2024-05-17,6164
4956,光鋐,74,5,69,中國信託-文心,2024-05-17,6164
2367,燿華,187,120,67,中國信託-文心,2024-05-17,6164
5392,能率,195,129,66,中國信託-文心,2024-05-17,6164
2409,友達,64,7,57,中國信託-文心,2024-05-17,6164
00650L,復華香港正2,57,1,56,中國信託-文心,2024-05-17,6164
2547,日勝生,51,0,51,中國信託-文心,2024-05-17,6164
00664R,國泰臺灣加權反1,50,0,50,中國信託-文心,2024-05-17,6164
00706L,期元大S＆P日圓正2,50,2,48,中國信託-文心,2024-05-17,6164
00753L,中信中國50正2,50,7,43,中國信託-文心,2024-05-17,6164
6770,力積電,79,38,41,中國信託-文心,2024-05-17,6164
2406,國碩,69,33,36,中國信託-文心,2024-05-17,6164
2356,英業達,40,5,35,中國信託-文心,2024-05-17,6164
1736,喬山,34,0,34,中國信託-文心,2024-05-17,6164
00944,野村趨勢動能高息,35,1,34,中國信託-文心,2024-05-17,6164
2838,聯邦銀,32,0,32,中國信託-文心,2024-05-17,6164
4157,太景*-KY,32,0,32,中國信託-文心,2024-05-17,6164
2324,仁寶,34,4,30,中國信託-文心,2024-05-17,6164
2349,錸德,28,2,26,中國信託-文心,2024-05-17,6164
3231,緯創,48,22,26,中國信託-文心,2024-05-17,6164
4111,濟生,25,0,25,中國信託-文心,2024-05-17,6164
1608,華榮,28,3,25,中國信託-文心,2024-05-17,6164
00632R,元大台灣50反1,34,10,24,中國信託-文心,2024-05-17,6164
00934,中信成長高股息,25,2,23,中國信託-文心,2024-05-17,6164
1909,榮成,22,0,22,中國信託-文心,2024-05-17,6164
1455,集盛,22,1,21,中國信託-文心,2024-05-17,6164
1611,中電,21,0,21,中國信託-文心,2024-05-17,6164
1591,駿吉-KY,22,1,21,中國信託-文心,2024-05-17,6164
1587,吉茂,61,40,21,中國信託-文心,2024-05-17,6164
9928,中視,20,0,20,中國信託-文心,2024-05-17,6164
00751B,元大AAA至A公司債,20,0,20,中國信託-文心,2024-05-17,6164
4906,正文,22,2,20,中國信託-文心,2024-05-17,6164
3576,聯合再生,26,7,19,中國信託-文心,2024-05-17,6164
6147,頎邦,19,0,19,中國信託-文心,2024-05-17,6164
2317,鴻海,128,109,19,中國信託-文心,2024-05-17,6164
2515,中工,46,28,18,中國信託-文心,2024-05-17,6164
6176,瑞儀,18,0,18,中國信託-文心,2024-05-17,6164
3188,鑫龍騰,19,2,17,中國信託-文心,2024-05-17,6164
2888,新光金,32,15,17,中國信託-文心,2024-05-17,6164
2417,圓剛,37,22,15,中國信託-文心,2024-05-17,6164
3712,永崴投控,16,1,15,中國信託-文心,2024-05-17,6164
2867,三商壽,950,65,885,中國信託-文心,2024-05-20,6164
00929,復華台灣科技優息,453,44,409,中國信託-文心,2024-05-20,6164
00937B,群益ESG投等債20,596,214,382,中國信託-文心,2024-05-20,6164
2618,長榮航,378,164,214,中國信託-文心,2024-05-20,6164
1815,富喬,160,11,149,中國信託-文心,2024-05-20,6164
2317,鴻海,173,43,130,中國信託-文心,2024-05-20,6164
2109,華豐,119,5,114,中國信託-文心,2024-05-20,6164
00665L,富邦�琤肭磪囓�2,198,85,113,中國信託-文心,2024-05-20,6164
2547,日勝生,110,0,110,中國信託-文心,2024-05-20,6164
2367,燿華,223,126,97,中國信託-文心,2024-05-20,6164
6188,廣明,112,18,94,中國信託-文心,2024-05-20,6164
00878,國泰永續高股息,183,93,90,中國信託-文心,2024-05-20,6164
00946,群益科技高息成長,79,0,79,中國信託-文心,2024-05-20,6164
1605,華新,147,91,56,中國信託-文心,2024-05-20,6164
2489,瑞軒,74,29,45,中國信託-文心,2024-05-20,6164
3231,緯創,59,17,42,中國信託-文心,2024-05-20,6164
00943,兆豐電子高息等權,42,1,41,中國信託-文心,2024-05-20,6164
00688L,國泰20年美債正2,39,0,39,中國信託-文心,2024-05-20,6164
2530,華建,30,0,30,中國信託-文心,2024-05-20,6164
4533,協易機,103,73,30,中國信託-文心,2024-05-20,6164
2467,志聖,46,17,29,中國信託-文心,2024-05-20,6164
4906,正文,29,2,27,中國信託-文心,2024-05-20,6164
2880,華南金,38,11,27,中國信託-文心,2024-05-20,6164
00687B,國泰20年美債,27,0,27,中國信託-文心,2024-05-20,6164
9935,慶豐富,26,0,26,中國信託-文心,2024-05-20,6164
1591,駿吉-KY,24,0,24,中國信託-文心,2024-05-20,6164
3694,海華,23,0,23,中國信託-文心,2024-05-20,6164
1806,冠軍,23,1,22,中國信託-文心,2024-05-20,6164
4976,佳凌,31,9,22,中國信託-文心,2024-05-20,6164
2231,為升,21,0,21,中國信託-文心,2024-05-20,6164
2731,雄獅,74,53,21,中國信託-文心,2024-05-20,6164
00933B,國泰10Y+金融債,33,12,21,中國信託-文心,2024-05-20,6164
00731,復華富時高息低波,20,0,20,中國信託-文心,2024-05-20,6164
8431,匯鑽科,20,0,20,中國信託-文心,2024-05-20,6164
8096,擎亞,60,40,20,中國信託-文心,2024-05-20,6164
5014,建錩,26,6,20,中國信託-文心,2024-05-20,6164
6550,北極星藥業-KY,20,1,19,中國信託-文心,2024-05-20,6164
2382,廣達,38,19,19,中國信託-文心,2024-05-20,6164
6215,和椿,65,47,18,中國信託-文心,2024-05-20,6164
5519,隆大,18,0,18,中國信託-文心,2024-05-20,6164
2359,所羅門,221,204,17,中國信託-文心,2024-05-20,6164
1618,合機,27,10,17,中國信託-文心,2024-05-20,6164
1563,巧新,22,5,17,中國信託-文心,2024-05-20,6164
3055,蔚華科,21,5,16,中國信託-文心,2024-05-20,6164
00680L,元大美債20正2,26,10,16,中國信託-文心,2024-05-20,6164
8071,能率網通,38,22,16,中國信託-文心,2024-05-20,6164
2206,三陽工業,18,3,15,中國信託-文心,2024-05-20,6164
6248,沛波,15,0,15,中國信託-文心,2024-05-20,6164
2609,陽明,52,38,14,中國信託-文心,2024-05-20,6164
1101,台泥,20,6,14,中國信託-文心,2024-05-20,6164
00929,復華台灣科技優息,1466,33,1433,中國信託-文心,2024-05-21,6164
00937B,群益ESG投等債20,429,3,426,中國信託-文心,2024-05-21,6164
00632R,元大台灣50反1,330,53,277,中國信託-文心,2024-05-21,6164
00878,國泰永續高股息,246,56,190,中國信託-文心,2024-05-21,6164
1718,中纖,175,2,173,中國信託-文心,2024-05-21,6164
2312,金寶,149,26,123,中國信託-文心,2024-05-21,6164
2882,國泰金,91,5,86,中國信託-文心,2024-05-21,6164
00919,群益台灣精選高息,104,32,72,中國信託-文心,2024-05-21,6164
2371,大同,91,26,65,中國信託-文心,2024-05-21,6164
2890,永豐金,67,7,60,中國信託-文心,2024-05-21,6164
2317,鴻海,93,38,55,中國信託-文心,2024-05-21,6164
2891,中信金,89,38,51,中國信託-文心,2024-05-21,6164
00712,復華富時不動產,60,12,48,中國信託-文心,2024-05-21,6164
5371,中光電,64,20,44,中國信託-文心,2024-05-21,6164
8096,擎亞,82,41,41,中國信託-文心,2024-05-21,6164
2353,宏��,53,14,39,中國信託-文心,2024-05-21,6164
2883,凱基金,54,16,38,中國信託-文心,2024-05-21,6164
2362,藍天,38,0,38,中國信託-文心,2024-05-21,6164
1752,南光,42,7,35,中國信託-文心,2024-05-21,6164
2547,日勝生,43,10,33,中國信託-文心,2024-05-21,6164
00679B,元大美債20年,42,9,33,中國信託-文心,2024-05-21,6164
1304,台聚,33,0,33,中國信託-文心,2024-05-21,6164
6188,廣明,72,40,32,中國信託-文心,2024-05-21,6164
1587,吉茂,53,26,27,中國信託-文心,2024-05-21,6164
2007,燁興,45,18,27,中國信託-文心,2024-05-21,6164
00715L,期街口布蘭特正2,27,0,27,中國信託-文心,2024-05-21,6164
3540,曜越,32,5,27,中國信託-文心,2024-05-21,6164
00946,群益科技高息成長,27,0,27,中國信託-文心,2024-05-21,6164
0056,元大高股息,34,9,25,中國信託-文心,2024-05-21,6164
00944,野村趨勢動能高息,33,8,25,中國信託-文心,2024-05-21,6164
1102,亞泥,20,0,20,中國信託-文心,2024-05-21,6164
1101,台泥,33,14,19,中國信託-文心,2024-05-21,6164
2515,中工,30,11,19,中國信託-文心,2024-05-21,6164
1314,中石化,26,7,19,中國信託-文心,2024-05-21,6164
2897,王道銀行,21,3,18,中國信託-文心,2024-05-21,6164
1608,華榮,68,50,18,中國信託-文心,2024-05-21,6164
00637L,元大滬深300正2,19,1,18,中國信託-文心,2024-05-21,6164
00918,大華優利高填息30,17,0,17,中國信託-文心,2024-05-21,6164
2374,佳能,165,148,17,中國信託-文心,2024-05-21,6164
4960,誠美材,20,3,17,中國信託-文心,2024-05-21,6164
2425,承啟,18,1,17,中國信託-文心,2024-05-21,6164
00936,台新永續高息中小,16,0,16,中國信託-文心,2024-05-21,6164
8033,雷虎,19,3,16,中國信託-文心,2024-05-21,6164
2014,中鴻,24,8,16,中國信託-文心,2024-05-21,6164
2834,臺企銀,15,0,15,中國信託-文心,2024-05-21,6164
2880,華南金,27,12,15,中國信託-文心,2024-05-21,6164
2892,第一金,17,2,15,中國信託-文心,2024-05-21,6164
6901,鑽石投資,15,0,15,中國信託-文心,2024-05-21,6164
4549,桓達,16,1,15,中國信託-文心,2024-05-21,6164
2603,長榮,29,14,15,中國信託-文心,2024-05-21,6164
00937B,群益ESG投等債20,468,11,457,中國信託-文心,2024-05-22,6164
2891,中信金,465,13,452,中國信託-文心,2024-05-22,6164
9945,潤泰新,284,30,254,中國信託-文心,2024-05-22,6164
2881,富邦金,250,30,220,中國信託-文心,2024-05-22,6164
2884,玉山金,198,5,193,中國信託-文心,2024-05-22,6164
00753L,中信中國50正2,195,6,189,中國信託-文心,2024-05-22,6164
2618,長榮航,196,40,156,中國信託-文心,2024-05-22,6164
2367,燿華,125,36,89,中國信託-文心,2024-05-22,6164
4533,協易機,141,67,74,中國信託-文心,2024-05-22,6164
2834,臺企銀,68,3,65,中國信託-文心,2024-05-22,6164
2489,瑞軒,69,5,64,中國信託-文心,2024-05-22,6164
8110,華東,77,16,61,中國信託-文心,2024-05-22,6164
2109,華豐,58,1,57,中國信託-文心,2024-05-22,6164
2417,圓剛,81,26,55,中國信託-文心,2024-05-22,6164
2002,中鋼,56,3,53,中國信託-文心,2024-05-22,6164
3047,訊舟,84,35,49,中國信託-文心,2024-05-22,6164
00687B,國泰20年美債,54,16,38,中國信託-文心,2024-05-22,6164
2520,冠德,47,9,38,中國信託-文心,2024-05-22,6164
00946,群益科技高息成長,37,1,36,中國信託-文心,2024-05-22,6164
2369,菱生,39,6,33,中國信託-文心,2024-05-22,6164
1303,南亞,31,0,31,中國信託-文心,2024-05-22,6164
4111,濟生,71,41,30,中國信託-文心,2024-05-22,6164
6125,廣運,91,63,28,中國信託-文心,2024-05-22,6164
2630,亞航,31,4,27,中國信託-文心,2024-05-22,6164
2486,一詮,60,35,25,中國信託-文心,2024-05-22,6164
2027,大成鋼,33,8,25,中國信託-文心,2024-05-22,6164
00712,復華富時不動產,28,4,24,中國信託-文心,2024-05-22,6164
00650L,復華香港正2,25,1,24,中國信託-文心,2024-05-22,6164
2354,鴻準,36,14,22,中國信託-文心,2024-05-22,6164
00715L,期街口布蘭特正2,21,0,21,中國信託-文心,2024-05-22,6164
00636,國泰中國A50,21,0,21,中國信託-文心,2024-05-22,6164
1522,堤維西,26,6,20,中國信託-文心,2024-05-22,6164
8431,匯鑽科,20,0,20,中國信託-文心,2024-05-22,6164
3537,堡達,20,0,20,中國信託-文心,2024-05-22,6164
6207,雷科,30,11,19,中國信託-文心,2024-05-22,6164
2887,台新金,32,14,18,中國信託-文心,2024-05-22,6164
6120,達運,18,0,18,中國信託-文心,2024-05-22,6164
6472,保瑞,19,1,18,中國信託-文心,2024-05-22,6164
2323,中環,18,0,18,中國信託-文心,2024-05-22,6164
1809,中釉,28,10,18,中國信託-文心,2024-05-22,6164
2467,志聖,27,10,17,中國信託-文心,2024-05-22,6164
2610,華航,45,27,18,中國信託-文心,2024-05-22,6164
2609,陽明,36,19,17,中國信託-文心,2024-05-22,6164
2356,英業達,75,58,17,中國信託-文心,2024-05-22,6164
1605,華新,46,29,17,中國信託-文心,2024-05-22,6164
3013,晟銘電,192,176,16,中國信託-文心,2024-05-22,6164
00679B,元大美債20年,23,7,16,中國信託-文心,2024-05-22,6164
3060,銘異,34,18,16,中國信託-文心,2024-05-22,6164
1718,中纖,17,1,16,中國信託-文心,2024-05-22,6164
2337,旺宏,16,1,15,中國信託-文心,2024-05-22,6164
2891,中信金,1119,8,1111,中國信託-文心,2024-05-23,6164
2881,富邦金,708,2,706,中國信託-文心,2024-05-23,6164
00937B,群益ESG投等債20,595,15,580,中國信託-文心,2024-05-23,6164
00632R,元大台灣50反1,356,150,206,中國信託-文心,2024-05-23,6164
00946,群益科技高息成長,168,5,163,中國信託-文心,2024-05-23,6164
3481,群創,123,35,88,中國信託-文心,2024-05-23,6164
2002,中鋼,80,4,76,中國信託-文心,2024-05-23,6164
2324,仁寶,118,51,67,中國信託-文心,2024-05-23,6164
2618,長榮航,203,136,67,中國信託-文心,2024-05-23,6164
2409,友達,95,32,63,中國信託-文心,2024-05-23,6164
1218,泰山,60,0,60,中國信託-文心,2024-05-23,6164
4960,誠美材,54,2,52,中國信託-文心,2024-05-23,6164
2539,櫻花建,50,0,50,中國信託-文心,2024-05-23,6164
2363,矽統,70,22,48,中國信託-文心,2024-05-23,6164
6147,頎邦,47,0,47,中國信託-文心,2024-05-23,6164
00857B,永豐20年美公債,43,0,43,中國信託-文心,2024-05-23,6164
00712,復華富時不動產,42,0,42,中國信託-文心,2024-05-23,6164
2371,大同,102,60,42,中國信託-文心,2024-05-23,6164
5498,凱崴,60,20,40,中國信託-文心,2024-05-23,6164
2834,臺企銀,51,12,39,中國信託-文心,2024-05-23,6164
4533,協易機,61,23,38,中國信託-文心,2024-05-23,6164
2812,台中銀,38,1,37,中國信託-文心,2024-05-23,6164
6207,雷科,48,11,37,中國信託-文心,2024-05-23,6164
2109,華豐,40,6,34,中國信託-文心,2024-05-23,6164
2388,威盛,35,1,34,中國信託-文心,2024-05-23,6164
2356,英業達,67,34,33,中國信託-文心,2024-05-23,6164
1718,中纖,32,0,32,中國信託-文心,2024-05-23,6164
2449,京元電子,39,8,31,中國信託-文心,2024-05-23,6164
2453,凌群,34,6,28,中國信託-文心,2024-05-23,6164
5515,建國,30,2,28,中國信託-文心,2024-05-23,6164
2314,台揚,29,1,28,中國信託-文心,2024-05-23,6164
8454,富邦媒,30,2,28,中國信託-文心,2024-05-23,6164
2353,宏��,233,205,28,中國信託-文心,2024-05-23,6164
3013,晟銘電,65,38,27,中國信託-文心,2024-05-23,6164
2884,玉山金,27,0,27,中國信託-文心,2024-05-23,6164
00918,大華優利高填息30,54,27,27,中國信託-文心,2024-05-23,6164
2706,第一店,25,0,25,中國信託-文心,2024-05-23,6164
2382,廣達,33,9,24,中國信託-文心,2024-05-23,6164
2204,中華,23,0,23,中國信託-文心,2024-05-23,6164
5443,均豪,53,30,23,中國信託-文心,2024-05-23,6164
2027,大成鋼,27,5,22,中國信託-文心,2024-05-23,6164
8463,潤泰材,22,0,22,中國信託-文心,2024-05-23,6164
2101,南港,24,3,21,中國信託-文心,2024-05-23,6164
2009,第一銅,42,21,21,中國信託-文心,2024-05-23,6164
2605,新興,32,11,21,中國信託-文心,2024-05-23,6164
00753L,中信中國50正2,41,20,21,中國信託-文心,2024-05-23,6164
5871,中租-KY,21,0,21,中國信託-文心,2024-05-23,6164
00878,國泰永續高股息,75,54,21,中國信託-文心,2024-05-23,6164
00720B,元大投資級公司債,21,0,21,中國信託-文心,2024-05-23,6164
1536,和大,22,2,20,中國信託-文心,2024-05-23,6164
2891,中信金,2950,23,2927,中國信託-文心,2024-05-24,6164
2881,富邦金,1102,93,1009,中國信託-文心,2024-05-24,6164
00937B,群益ESG投等債20,456,13,443,中國信託-文心,2024-05-24,6164
5871,中租-KY,414,5,409,中國信託-文心,2024-05-24,6164
2371,大同,259,9,250,中國信託-文心,2024-05-24,6164
00632R,元大台灣50反1,180,0,180,中國信託-文心,2024-05-24,6164
9105,泰金寶-DR,166,11,155,中國信託-文心,2024-05-24,6164
2486,一詮,258,110,148,中國信託-文心,2024-05-24,6164
3036,文曄,127,2,125,中國信託-文心,2024-05-24,6164
00712,復華富時不動產,123,0,123,中國信託-文心,2024-05-24,6164
2867,三商壽,132,32,100,中國信託-文心,2024-05-24,6164
2834,臺企銀,124,30,94,中國信託-文心,2024-05-24,6164
00940,元大台灣價值高息,106,20,86,中國信託-文心,2024-05-24,6164
00679B,元大美債20年,67,6,61,中國信託-文心,2024-05-24,6164
00944,野村趨勢動能高息,58,0,58,中國信託-文心,2024-05-24,6164
00918,大華優利高填息30,53,2,51,中國信託-文心,2024-05-24,6164
2392,正崴,76,26,50,中國信託-文心,2024-05-24,6164
1101,台泥,50,2,48,中國信託-文心,2024-05-24,6164
2359,所羅門,169,121,48,中國信託-文心,2024-05-24,6164
00795B,中信美國公債20年,44,0,44,中國信託-文心,2024-05-24,6164
2002,中鋼,44,1,43,中國信託-文心,2024-05-24,6164
2367,燿華,132,89,43,中國信託-文心,2024-05-24,6164
1802,台玻,43,2,41,中國信託-文心,2024-05-24,6164
5880,合庫金,40,0,40,中國信託-文心,2024-05-24,6164
00857B,永豐20年美公債,38,0,38,中國信託-文心,2024-05-24,6164
1815,富喬,171,134,37,中國信託-文心,2024-05-24,6164
2618,長榮航,94,59,35,中國信託-文心,2024-05-24,6164
00665L,富邦�琤肭磪囓�2,35,0,35,中國信託-文心,2024-05-24,6164
6215,和椿,39,5,34,中國信託-文心,2024-05-24,6164
2312,金寶,35,2,33,中國信託-文心,2024-05-24,6164
3163,波若威,86,54,32,中國信託-文心,2024-05-24,6164
00929,復華台灣科技優息,50,21,29,中國信託-文心,2024-05-24,6164
6770,力積電,39,15,24,中國信託-文心,2024-05-24,6164
1718,中纖,24,0,24,中國信託-文心,2024-05-24,6164
00946,群益科技高息成長,22,0,22,中國信託-文心,2024-05-24,6164
3062,建漢,106,84,22,中國信託-文心,2024-05-24,6164
2365,昆盈,114,93,21,中國信託-文心,2024-05-24,6164
8076,伍豐,22,1,21,中國信託-文心,2024-05-24,6164
00720B,元大投資級公司債,20,0,20,中國信託-文心,2024-05-24,6164
00640L,富邦日本正2,20,0,20,中國信託-文心,2024-05-24,6164
3665,貿聯-KY,21,1,20,中國信託-文心,2024-05-24,6164
6282,康舒,39,20,19,中國信託-文心,2024-05-24,6164
9945,潤泰新,22,4,18,中國信託-文心,2024-05-24,6164
00637L,元大滬深300正2,31,13,18,中國信託-文心,2024-05-24,6164
2527,宏璟,17,0,17,中國信託-文心,2024-05-24,6164
1810,和成,23,6,17,中國信託-文心,2024-05-24,6164
2303,聯電,59,42,17,中國信託-文心,2024-05-24,6164
6177,達麗,18,1,17,中國信託-文心,2024-05-24,6164
6209,今國光,41,24,17,中國信託-文心,2024-05-24,6164
4960,誠美材,20,4,16,中國信託-文心,2024-05-24,6164
2881,富邦金,1261,33,1228,中國信託-文心,2024-05-27,6164
2884,玉山金,1005,4,1001,中國信託-文心,2024-05-27,6164
00937B,群益ESG投等債20,813,225,588,中國信託-文心,2024-05-27,6164
2489,瑞軒,347,129,218,中國信託-文心,2024-05-27,6164
00946,群益科技高息成長,166,5,161,中國信託-文心,2024-05-27,6164
2834,臺企銀,125,1,124,中國信託-文心,2024-05-27,6164
2353,宏��,183,75,108,中國信託-文心,2024-05-27,6164
912000,晨訊科-DR,81,0,81,中國信託-文心,2024-05-27,6164
2887,台新金,71,2,69,中國信託-文心,2024-05-27,6164
00891,中信關鍵半導體,188,120,68,中國信託-文心,2024-05-27,6164
2369,菱生,66,10,56,中國信託-文心,2024-05-27,6164
00712,復華富時不動產,61,10,51,中國信託-文心,2024-05-27,6164
2002,中鋼,50,0,50,中國信託-文心,2024-05-27,6164
00700,富邦�琤肭磪�,50,0,50,中國信託-文心,2024-05-27,6164
3047,訊舟,102,60,42,中國信託-文心,2024-05-27,6164
00687B,國泰20年美債,47,5,42,中國信託-文心,2024-05-27,6164
2609,陽明,77,37,40,中國信託-文心,2024-05-27,6164
1467,南緯,40,0,40,中國信託-文心,2024-05-27,6164
2891,中信金,98,62,36,中國信託-文心,2024-05-27,6164
2367,燿華,73,39,34,中國信託-文心,2024-05-27,6164
3006,晶豪科,32,0,32,中國信託-文心,2024-05-27,6164
1563,巧新,30,0,30,中國信託-文心,2024-05-27,6164
1473,台南,30,0,30,中國信託-文心,2024-05-27,6164
00679B,元大美債20年,45,16,29,中國信託-文心,2024-05-27,6164
2603,長榮,93,68,25,中國信託-文心,2024-05-27,6164
3306,鼎天,40,15,25,中國信託-文心,2024-05-27,6164
1718,中纖,25,0,25,中國信託-文心,2024-05-27,6164
2812,台中銀,25,1,24,中國信託-文心,2024-05-27,6164
2352,佳世達,33,9,24,中國信託-文心,2024-05-27,6164
1815,富喬,239,217,22,中國信託-文心,2024-05-27,6164
3011,今皓,22,1,21,中國信託-文心,2024-05-27,6164
2618,長榮航,66,45,21,中國信託-文心,2024-05-27,6164
2349,錸德,20,0,20,中國信託-文心,2024-05-27,6164
3481,群創,74,54,20,中國信託-文心,2024-05-27,6164
3706,神達,63,43,20,中國信託-文心,2024-05-27,6164
00751B,元大AAA至A公司債,18,0,18,中國信託-文心,2024-05-27,6164
5706,鳳凰,20,3,17,中國信託-文心,2024-05-27,6164
3296,勝德,42,25,17,中國信託-文心,2024-05-27,6164
6269,台郡,20,3,17,中國信託-文心,2024-05-27,6164
00664R,國泰臺灣加權反1,26,10,16,中國信託-文心,2024-05-27,6164
2886,兆豐金,20,4,16,中國信託-文心,2024-05-27,6164
00713,元大台灣高息低波,21,5,16,中國信託-文心,2024-05-27,6164
00720B,元大投資級公司債,25,10,15,中國信託-文心,2024-05-27,6164
6117,迎廣,29,14,15,中國信託-文心,2024-05-27,6164
1460,宏遠,15,0,15,中國信託-文心,2024-05-27,6164
8028,昇陽半導體,44,29,15,中國信託-文心,2024-05-27,6164
6147,頎邦,20,6,14,中國信託-文心,2024-05-27,6164
2009,第一銅,17,3,14,中國信託-文心,2024-05-27,6164
2607,榮運,23,9,14,中國信託-文心,2024-05-27,6164
00944,野村趨勢動能高息,14,0,14,中國信託-文心,2024-05-27,6164
2884,玉山金,2010,1,2009,中國信託-文心,2024-05-28,6164
2881,富邦金,1013,4,1009,中國信託-文心,2024-05-28,6164
2363,矽統,711,216,495,中國信託-文心,2024-05-28,6164
00937B,群益ESG投等債20,372,37,335,中國信託-文心,2024-05-28,6164
00632R,元大台灣50反1,206,22,184,中國信託-文心,2024-05-28,6164
2303,聯電,213,32,181,中國信託-文心,2024-05-28,6164
00679B,元大美債20年,126,10,116,中國信託-文心,2024-05-28,6164
00882,中信中國高股息,127,24,103,中國信託-文心,2024-05-28,6164
2891,中信金,111,35,76,中國信託-文心,2024-05-28,6164
00753L,中信中國50正2,115,39,76,中國信託-文心,2024-05-28,6164
2641,正德,94,21,73,中國信託-文心,2024-05-28,6164
00918,大華優利高填息30,70,4,66,中國信託-文心,2024-05-28,6164
2609,陽明,100,35,65,中國信託-文心,2024-05-28,6164
2354,鴻準,212,160,52,中國信託-文心,2024-05-28,6164
6188,廣明,112,62,50,中國信託-文心,2024-05-28,6164
2371,大同,93,47,46,中國信託-文心,2024-05-28,6164
00919,群益台灣精選高息,111,65,46,中國信託-文心,2024-05-28,6164
2905,三商,47,2,45,中國信託-文心,2024-05-28,6164
00712,復華富時不動產,49,5,44,中國信託-文心,2024-05-28,6164
00946,群益科技高息成長,87,43,44,中國信託-文心,2024-05-28,6164
2324,仁寶,59,16,43,中國信託-文心,2024-05-28,6164
2515,中工,46,4,42,中國信託-文心,2024-05-28,6164
5880,合庫金,41,1,40,中國信託-文心,2024-05-28,6164
2867,三商壽,46,11,35,中國信託-文心,2024-05-28,6164
00720B,元大投資級公司債,35,0,35,中國信託-文心,2024-05-28,6164
00751B,元大AAA至A公司債,34,0,34,中國信託-文心,2024-05-28,6164
6125,廣運,93,59,34,中國信託-文心,2024-05-28,6164
4303,信立,42,9,33,中國信託-文心,2024-05-28,6164
3006,晶豪科,39,8,31,中國信託-文心,2024-05-28,6164
2615,萬海,48,18,30,中國信託-文心,2024-05-28,6164
1785,光洋科,98,68,30,中國信託-文心,2024-05-28,6164
2330,台積電,33,3,30,中國信託-文心,2024-05-28,6164
9945,潤泰新,46,17,29,中國信託-文心,2024-05-28,6164
2886,兆豐金,29,0,29,中國信託-文心,2024-05-28,6164
2317,鴻海,52,25,27,中國信託-文心,2024-05-28,6164
1714,和桐,28,2,26,中國信託-文心,2024-05-28,6164
5608,四維航,42,16,26,中國信託-文心,2024-05-28,6164
1522,堤維西,41,16,25,中國信託-文心,2024-05-28,6164
00650L,復華香港正2,26,1,25,中國信託-文心,2024-05-28,6164
00929,復華台灣科技優息,192,168,24,中國信託-文心,2024-05-28,6164
3202,樺晟,44,20,24,中國信託-文心,2024-05-28,6164
2002,中鋼,29,6,23,中國信託-文心,2024-05-28,6164
5531,鄉林,24,2,22,中國信託-文心,2024-05-28,6164
00945B,凱基美國非投等債,21,0,21,中國信託-文心,2024-05-28,6164
5371,中光電,48,27,21,中國信託-文心,2024-05-28,6164
3221,台嘉碩,20,0,20,中國信託-文心,2024-05-28,6164
2492,華新科,21,1,20,中國信託-文心,2024-05-28,6164
3296,勝德,44,24,20,中國信託-文心,2024-05-28,6164
4167,松瑞藥,20,0,20,中國信託-文心,2024-05-28,6164
5469,瀚宇博,24,4,20,中國信託-文心,2024-05-28,6164
2884,玉山金,2844,0,2844,中國信託-文心,2024-05-29,6164
00937B,群益ESG投等債20,1982,127,1855,中國信託-文心,2024-05-29,6164
2881,富邦金,1703,7,1696,中國信託-文心,2024-05-29,6164
00679B,元大美債20年,258,4,254,中國信託-文心,2024-05-29,6164
2880,華南金,234,2,232,中國信託-文心,2024-05-29,6164
00946,群益科技高息成長,182,0,182,中國信託-文心,2024-05-29,6164
00665L,富邦�琤肭磪囓�2,245,79,166,中國信託-文心,2024-05-29,6164
2867,三商壽,177,15,162,中國信託-文心,2024-05-29,6164
00878,國泰永續高股息,173,23,150,中國信託-文心,2024-05-29,6164
2349,錸德,134,2,132,中國信託-文心,2024-05-29,6164
00632R,元大台灣50反1,153,30,123,中國信託-文心,2024-05-29,6164
2891,中信金,148,55,93,中國信託-文心,2024-05-29,6164
2610,華航,99,12,87,中國信託-文心,2024-05-29,6164
6189,豐藝,156,80,76,中國信託-文心,2024-05-29,6164
2887,台新金,83,8,75,中國信託-文心,2024-05-29,6164
2328,廣宇,114,46,68,中國信託-文心,2024-05-29,6164
1303,南亞,69,1,68,中國信託-文心,2024-05-29,6164
8096,擎亞,79,14,65,中國信託-文心,2024-05-29,6164
2353,宏��,210,148,62,中國信託-文心,2024-05-29,6164
5608,四維航,101,39,62,中國信託-文心,2024-05-29,6164
00720B,元大投資級公司債,61,0,61,中國信託-文心,2024-05-29,6164
2605,新興,137,77,60,中國信託-文心,2024-05-29,6164
2614,東森,62,3,59,中國信託-文心,2024-05-29,6164
00753L,中信中國50正2,57,0,57,中國信託-文心,2024-05-29,6164
00933B,國泰10Y+金融債,65,11,54,中國信託-文心,2024-05-29,6164
2538,基泰,50,0,50,中國信託-文心,2024-05-29,6164
2834,臺企銀,49,0,49,中國信託-文心,2024-05-29,6164
00857B,永豐20年美公債,48,0,48,中國信託-文心,2024-05-29,6164
00680L,元大美債20正2,69,22,47,中國信託-文心,2024-05-29,6164
00712,復華富時不動產,59,12,47,中國信託-文心,2024-05-29,6164
1718,中纖,45,0,45,中國信託-文心,2024-05-29,6164
5353,台林,43,1,42,中國信託-文心,2024-05-29,6164
00772B,中信高評級公司債,41,1,40,中國信託-文心,2024-05-29,6164
5371,中光電,50,10,40,中國信託-文心,2024-05-29,6164
2609,陽明,60,20,40,中國信託-文心,2024-05-29,6164
2883,凱基金,61,22,39,中國信託-文心,2024-05-29,6164
00918,大華優利高填息30,40,1,39,中國信託-文心,2024-05-29,6164
2886,兆豐金,79,41,38,中國信託-文心,2024-05-29,6164
00940,元大台灣價值高息,94,57,37,中國信託-文心,2024-05-29,6164
2317,鴻海,157,120,37,中國信託-文心,2024-05-29,6164
00795B,中信美國公債20年,36,0,36,中國信託-文心,2024-05-29,6164
00881,國泰台灣5G+,68,32,36,中國信託-文心,2024-05-29,6164
2641,正德,97,62,35,中國信託-文心,2024-05-29,6164
00650L,復華香港正2,34,0,34,中國信託-文心,2024-05-29,6164
2885,元大金,36,3,33,中國信託-文心,2024-05-29,6164
2401,凌陽,208,175,33,中國信託-文心,2024-05-29,6164
5706,鳳凰,31,0,31,中國信託-文心,2024-05-29,6164
2354,鴻準,150,121,29,中國信託-文心,2024-05-29,6164
00751B,元大AAA至A公司債,29,0,29,中國信託-文心,2024-05-29,6164
3313,斐成,57,28,29,中國信託-文心,2024-05-29,6164
2884,玉山金,2426,141,2285,中國信託-文心,2024-05-30,6164
2881,富邦金,2188,2,2186,中國信託-文心,2024-05-30,6164
00937B,群益ESG投等債20,608,7,601,中國信託-文心,2024-05-30,6164
00929,復華台灣科技優息,386,46,340,中國信託-文心,2024-05-30,6164
00632R,元大台灣50反1,546,285,261,中國信託-文心,2024-05-30,6164
00679B,元大美債20年,245,35,210,中國信託-文心,2024-05-30,6164
8105,凌巨,272,67,205,中國信託-文心,2024-05-30,6164
00940,元大台灣價值高息,201,45,156,中國信託-文心,2024-05-30,6164
00946,群益科技高息成長,157,3,154,中國信託-文心,2024-05-30,6164
1815,富喬,561,407,154,中國信託-文心,2024-05-30,6164
9105,泰金寶-DR,99,7,92,中國信託-文心,2024-05-30,6164
00878,國泰永續高股息,161,70,91,中國信託-文心,2024-05-30,6164
5880,合庫金,89,0,89,中國信託-文心,2024-05-30,6164
2538,基泰,83,2,81,中國信託-文心,2024-05-30,6164
1905,華紙,80,0,80,中國信託-文心,2024-05-30,6164
2834,臺企銀,80,1,79,中國信託-文心,2024-05-30,6164
2409,友達,82,4,78,中國信託-文心,2024-05-30,6164
00687B,國泰20年美債,76,0,76,中國信託-文心,2024-05-30,6164
00919,群益台灣精選高息,121,46,75,中國信託-文心,2024-05-30,6164
2353,宏��,159,91,68,中國信託-文心,2024-05-30,6164
2489,瑞軒,261,197,64,中國信託-文心,2024-05-30,6164
6189,豐藝,88,25,63,中國信託-文心,2024-05-30,6164
2801,彰銀,65,3,62,中國信託-文心,2024-05-30,6164
4306,炎洲,61,3,58,中國信託-文心,2024-05-30,6164
2317,鴻海,89,32,57,中國信託-文心,2024-05-30,6164
00680L,元大美債20正2,56,0,56,中國信託-文心,2024-05-30,6164
2330,台積電,66,11,55,中國信託-文心,2024-05-30,6164
00751B,元大AAA至A公司債,56,0,56,中國信託-文心,2024-05-30,6164
2316,楠梓電,54,0,54,中國信託-文心,2024-05-30,6164
2838,聯邦銀,57,3,54,中國信託-文心,2024-05-30,6164
2867,三商壽,91,43,48,中國信託-文心,2024-05-30,6164
3714,富采,45,0,45,中國信託-文心,2024-05-30,6164
2009,第一銅,46,4,42,中國信託-文心,2024-05-30,6164
00650L,復華香港正2,43,2,41,中國信託-文心,2024-05-30,6164
1303,南亞,48,7,41,中國信託-文心,2024-05-30,6164
1473,台南,47,8,39,中國信託-文心,2024-05-30,6164
2363,矽統,68,32,36,中國信託-文心,2024-05-30,6164
2641,正德,42,6,36,中國信託-文心,2024-05-30,6164
6129,普誠,36,0,36,中國信託-文心,2024-05-30,6164
2344,華邦電,35,1,34,中國信託-文心,2024-05-30,6164
4533,協易機,95,62,33,中國信託-文心,2024-05-30,6164
2332,友訊,32,0,32,中國信託-文心,2024-05-30,6164
00852L,國泰美國道瓊正2,32,0,32,中國信託-文心,2024-05-30,6164
2201,裕隆,31,0,31,中國信託-文心,2024-05-30,6164
2887,台新金,33,3,30,中國信託-文心,2024-05-30,6164
2888,新光金,33,4,29,中國信託-文心,2024-05-30,6164
4562,穎漢,31,2,29,中國信託-文心,2024-05-30,6164
3313,斐成,85,56,29,中國信託-文心,2024-05-30,6164
2610,華航,42,14,28,中國信託-文心,2024-05-30,6164
6462,神盾,66,38,28,中國信託-文心,2024-05-30,6164
2884,玉山金,1106,14,1092,中國信託-文心,2024-05-31,6164
00712,復華富時不動產,350,3,347,中國信託-文心,2024-05-31,6164
00929,復華台灣科技優息,315,30,285,中國信託-文心,2024-05-31,6164
00919,群益台灣精選高息,261,63,198,中國信託-文心,2024-05-31,6164
00878,國泰永續高股息,182,14,168,中國信託-文心,2024-05-31,6164
2317,鴻海,187,30,157,中國信託-文心,2024-05-31,6164
2609,陽明,388,246,142,中國信託-文心,2024-05-31,6164
5871,中租-KY,101,1,100,中國信託-文心,2024-05-31,6164
2409,友達,101,5,96,中國信託-文心,2024-05-31,6164
3231,緯創,107,14,93,中國信託-文心,2024-05-31,6164
00946,群益科技高息成長,91,3,88,中國信託-文心,2024-05-31,6164
00688L,國泰20年美債正2,85,0,85,中國信託-文心,2024-05-31,6164
00679B,元大美債20年,75,8,67,中國信託-文心,2024-05-31,6164
5371,中光電,62,4,58,中國信託-文心,2024-05-31,6164
00944,野村趨勢動能高息,58,2,56,中國信託-文心,2024-05-31,6164
2303,聯電,78,23,55,中國信託-文心,2024-05-31,6164
2615,萬海,67,12,55,中國信託-文心,2024-05-31,6164
6185,幃翔,50,0,50,中國信託-文心,2024-05-31,6164
2344,華邦電,48,0,48,中國信託-文心,2024-05-31,6164
1785,光洋科,69,21,48,中國信託-文心,2024-05-31,6164
2891,中信金,80,35,45,中國信託-文心,2024-05-31,6164
00687B,國泰20年美債,67,26,41,中國信託-文心,2024-05-31,6164
6757,台灣虎航,43,5,38,中國信託-文心,2024-05-31,6164
2330,台積電,46,9,37,中國信託-文心,2024-05-31,6164
2886,兆豐金,37,0,37,中國信託-文心,2024-05-31,6164
1440,南紡,36,2,34,中國信託-文心,2024-05-31,6164
2365,昆盈,39,5,34,中國信託-文心,2024-05-31,6164
3312,弘憶股,226,193,33,中國信託-文心,2024-05-31,6164
00939,統一台灣高息動能,46,13,33,中國信託-文心,2024-05-31,6164
00891,中信關鍵半導體,37,5,32,中國信託-文心,2024-05-31,6164
00881,國泰台灣5G+,36,4,32,中國信託-文心,2024-05-31,6164
2382,廣達,43,11,32,中國信託-文心,2024-05-31,6164
6770,力積電,36,5,31,中國信託-文心,2024-05-31,6164
00918,大華優利高填息30,29,0,29,中國信託-文心,2024-05-31,6164
00715L,期街口布蘭特正2,128,100,28,中國信託-文心,2024-05-31,6164
1815,富喬,248,222,26,中國信託-文心,2024-05-31,6164
00935,野村臺灣新科技50,25,1,24,中國信託-文心,2024-05-31,6164
4534,慶騰,25,1,24,中國信託-文心,2024-05-31,6164
00757,統一FANG+,23,0,23,中國信託-文心,2024-05-31,6164
00706L,期元大S＆P日圓正2,21,0,21,中國信託-文心,2024-05-31,6164
00795B,中信美國公債20年,21,0,21,中國信託-文心,2024-05-31,6164
2371,大同,29,9,20,中國信託-文心,2024-05-31,6164
6290,良維,22,2,20,中國信託-文心,2024-05-31,6164
0056,元大高股息,30,10,20,中國信託-文心,2024-05-31,6164
2449,京元電子,30,11,19,中國信託-文心,2024-05-31,6164
3088,艾訊,26,7,19,中國信託-文心,2024-05-31,6164
006208,富邦台50,18,0,18,中國信託-文心,2024-05-31,6164
2323,中環,40,22,18,中國信託-文心,2024-05-31,6164
0050,元大台灣50,21,3,18,中國信託-文心,2024-05-31,6164
2328,廣宇,58,41,17,中國信託-文心,2024-05-31,6164
2884,玉山金,820,2,818,中國信託-文心,2024-06-03,6164
3481,群創,450,35,415,中國信託-文心,2024-06-03,6164
00918,大華優利高填息30,357,0,357,中國信託-文心,2024-06-03,6164
2514,龍邦,204,0,204,中國信託-文心,2024-06-03,6164
00937B,群益ESG投等債20,208,26,182,中國信託-文心,2024-06-03,6164
00919,群益台灣精選高息,194,14,180,中國信託-文心,2024-06-03,6164
00929,復華台灣科技優息,153,31,122,中國信託-文心,2024-06-03,6164
2349,錸德,112,1,111,中國信託-文心,2024-06-03,6164
2353,宏��,115,17,98,中國信託-文心,2024-06-03,6164
00712,復華富時不動產,111,26,85,中國信託-文心,2024-06-03,6164
00753L,中信中國50正2,87,9,78,中國信託-文心,2024-06-03,6164
6177,達麗,76,4,72,中國信託-文心,2024-06-03,6164
2867,三商壽,72,7,65,中國信託-文心,2024-06-03,6164
00946,群益科技高息成長,59,2,57,中國信託-文心,2024-06-03,6164
5371,中光電,132,78,54,中國信託-文心,2024-06-03,6164
2615,萬海,186,134,52,中國信託-文心,2024-06-03,6164
2317,鴻海,132,86,46,中國信託-文心,2024-06-03,6164
2542,興富發,44,1,43,中國信託-文心,2024-06-03,6164
1802,台玻,63,20,43,中國信託-文心,2024-06-03,6164
3188,鑫龍騰,47,5,42,中國信託-文心,2024-06-03,6164
3694,海華,47,7,40,中國信託-文心,2024-06-03,6164
2354,鴻準,163,123,40,中國信託-文心,2024-06-03,6164
00680L,元大美債20正2,35,0,35,中國信託-文心,2024-06-03,6164
4533,協易機,201,167,34,中國信託-文心,2024-06-03,6164
2002,中鋼,33,0,33,中國信託-文心,2024-06-03,6164
6167,久正,33,0,33,中國信託-文心,2024-06-03,6164
00715L,期街口布蘭特正2,29,0,29,中國信託-文心,2024-06-03,6164
00945B,凱基美國非投等債,29,0,29,中國信託-文心,2024-06-03,6164
4960,誠美材,29,0,29,中國信託-文心,2024-06-03,6164
2442,新美齊,40,12,28,中國信託-文心,2024-06-03,6164
2608,嘉里大榮,34,8,26,中國信託-文心,2024-06-03,6164
1316,上曜,28,3,25,中國信託-文心,2024-06-03,6164
8454,富邦媒,25,0,25,中國信託-文心,2024-06-03,6164
3339,泰谷,27,5,22,中國信託-文心,2024-06-03,6164
5880,合庫金,26,6,20,中國信託-文心,2024-06-03,6164
3059,華晶科,50,30,20,中國信託-文心,2024-06-03,6164
2501,國建,27,6,21,中國信託-文心,2024-06-03,6164
00795B,中信美國公債20年,20,0,20,中國信託-文心,2024-06-03,6164
1101,台泥,25,4,21,中國信託-文心,2024-06-03,6164
00676R,富邦臺灣加權反1,20,0,20,中國信託-文心,2024-06-03,6164
2489,瑞軒,55,35,20,中國信託-文心,2024-06-03,6164
6770,力積電,43,23,20,中國信託-文心,2024-06-03,6164
9902,台火,24,5,19,中國信託-文心,2024-06-03,6164
2301,光寶科,20,2,18,中國信託-文心,2024-06-03,6164
2367,燿華,25,7,18,中國信託-文心,2024-06-03,6164
5519,隆大,19,1,18,中國信託-文心,2024-06-03,6164
2404,漢唐,21,4,17,中國信託-文心,2024-06-03,6164
2887,台新金,18,2,16,中國信託-文心,2024-06-03,6164
2377,微星,20,4,16,中國信託-文心,2024-06-03,6164
2905,三商,17,1,16,中國信託-文心,2024-06-03,6164
2888,新光金,467,88,379,中國信託-文心,2024-06-04,6164
00878,國泰永續高股息,281,10,271,中國信託-文心,2024-06-04,6164
00929,復華台灣科技優息,267,35,232,中國信託-文心,2024-06-04,6164
2344,華邦電,201,5,196,中國信託-文心,2024-06-04,6164
00919,群益台灣精選高息,226,52,174,中國信託-文心,2024-06-04,6164
00918,大華優利高填息30,170,0,170,中國信託-文心,2024-06-04,6164
2317,鴻海,168,9,159,中國信託-文心,2024-06-04,6164
00936,台新永續高息中小,211,57,154,中國信託-文心,2024-06-04,6164
00715L,期街口布蘭特正2,143,11,132,中國信託-文心,2024-06-04,6164
5880,合庫金,123,0,123,中國信託-文心,2024-06-04,6164
2419,仲琦,92,0,92,中國信託-文心,2024-06-04,6164
00945B,凱基美國非投等債,85,0,85,中國信託-文心,2024-06-04,6164
5519,隆大,77,10,67,中國信託-文心,2024-06-04,6164
2905,三商,73,11,62,中國信託-文心,2024-06-04,6164
3231,緯創,69,8,61,中國信託-文心,2024-06-04,6164
4979,華星光,62,2,60,中國信託-文心,2024-06-04,6164
2362,藍天,72,15,57,中國信託-文心,2024-06-04,6164
2539,櫻花建,57,3,54,中國信託-文心,2024-06-04,6164
2838,聯邦銀,51,0,51,中國信託-文心,2024-06-04,6164
2208,台船,51,0,51,中國信託-文心,2024-06-04,6164
2537,聯上發,102,52,50,中國信託-文心,2024-06-04,6164
3481,群創,65,15,50,中國信託-文心,2024-06-04,6164
4960,誠美材,49,0,49,中國信託-文心,2024-06-04,6164
2002,中鋼,53,5,48,中國信託-文心,2024-06-04,6164
2367,燿華,176,127,49,中國信託-文心,2024-06-04,6164
2603,長榮,68,21,47,中國信託-文心,2024-06-04,6164
2618,長榮航,124,78,46,中國信託-文心,2024-06-04,6164
00632R,元大台灣50反1,84,39,45,中國信託-文心,2024-06-04,6164
2887,台新金,44,1,43,中國信託-文心,2024-06-04,6164
2382,廣達,48,7,41,中國信託-文心,2024-06-04,6164
2515,中工,53,13,40,中國信託-文心,2024-06-04,6164
2371,大同,38,0,38,中國信託-文心,2024-06-04,6164
00713,元大台灣高息低波,44,6,38,中國信託-文心,2024-06-04,6164
2312,金寶,66,29,37,中國信託-文心,2024-06-04,6164
00680L,元大美債20正2,103,68,35,中國信託-文心,2024-06-04,6164
1815,富喬,209,175,34,中國信託-文心,2024-06-04,6164
2331,精英,141,108,33,中國信託-文心,2024-06-04,6164
00934,中信成長高股息,31,0,31,中國信託-文心,2024-06-04,6164
6443,元晶,30,0,30,中國信託-文心,2024-06-04,6164
1809,中釉,31,2,29,中國信託-文心,2024-06-04,6164
2330,台積電,35,6,29,中國信託-文心,2024-06-04,6164
3055,蔚華科,30,5,25,中國信託-文心,2024-06-04,6164
8121,越峰,27,3,24,中國信託-文心,2024-06-04,6164
1314,中石化,24,0,24,中國信託-文心,2024-06-04,6164
6125,廣運,206,183,23,中國信託-文心,2024-06-04,6164
1101,台泥,22,0,22,中國信託-文心,2024-06-04,6164
2886,兆豐金,22,0,22,中國信託-文心,2024-06-04,6164
2520,冠德,23,1,22,中國信託-文心,2024-06-04,6164
5302,太欣,22,0,22,中國信託-文心,2024-06-04,6164
6117,迎廣,55,33,22,中國信託-文心,2024-06-04,6164
00632R,元大台灣50反1,539,15,524,中國信託-文心,2024-06-05,6164
00929,復華台灣科技優息,411,43,368,中國信託-文心,2024-06-05,6164
00680L,元大美債20正2,315,11,304,中國信託-文心,2024-06-05,6164
00878,國泰永續高股息,302,12,290,中國信託-文心,2024-06-05,6164
00919,群益台灣精選高息,160,25,135,中國信託-文心,2024-06-05,6164
00715L,期街口布蘭特正2,133,0,133,中國信託-文心,2024-06-05,6164
2101,南港,128,5,123,中國信託-文心,2024-06-05,6164
2105,正新,120,10,110,中國信託-文心,2024-06-05,6164
2419,仲琦,108,0,108,中國信託-文心,2024-06-05,6164
00936,台新永續高息中小,210,105,105,中國信託-文心,2024-06-05,6164
00918,大華優利高填息30,106,3,103,中國信託-文心,2024-06-05,6164
3071,協禧,83,4,79,中國信託-文心,2024-06-05,6164
3708,上緯投控,111,34,77,中國信託-文心,2024-06-05,6164
00933B,國泰10Y+金融債,80,7,73,中國信託-文心,2024-06-05,6164
2891,中信金,85,13,72,中國信託-文心,2024-06-05,6164
2344,華邦電,72,8,64,中國信託-文心,2024-06-05,6164
2354,鴻準,104,47,57,中國信託-文心,2024-06-05,6164
3231,緯創,79,26,53,中國信託-文心,2024-06-05,6164
2609,陽明,442,390,52,中國信託-文心,2024-06-05,6164
6282,康舒,54,2,52,中國信託-文心,2024-06-05,6164
3230,錦明,53,1,52,中國信託-文心,2024-06-05,6164
2208,台船,51,0,51,中國信託-文心,2024-06-05,6164
1101,台泥,49,1,48,中國信託-文心,2024-06-05,6164
2888,新光金,117,73,44,中國信託-文心,2024-06-05,6164
2376,技嘉,45,2,43,中國信託-文心,2024-06-05,6164
0056,元大高股息,65,28,37,中國信託-文心,2024-06-05,6164
2352,佳世達,36,1,35,中國信託-文心,2024-06-05,6164
2002,中鋼,48,13,35,中國信託-文心,2024-06-05,6164
2486,一詮,67,33,34,中國信託-文心,2024-06-05,6164
3188,鑫龍騰,32,0,32,中國信託-文心,2024-06-05,6164
2482,連宇,63,31,32,中國信託-文心,2024-06-05,6164
1718,中纖,41,10,31,中國信託-文心,2024-06-05,6164
2417,圓剛,50,19,31,中國信託-文心,2024-06-05,6164
00942B,台新美A公司債20+,41,11,30,中國信託-文心,2024-06-05,6164
2109,華豐,30,0,30,中國信託-文心,2024-06-05,6164
2356,英業達,34,5,29,中國信託-文心,2024-06-05,6164
2406,國碩,28,0,28,中國信託-文心,2024-06-05,6164
00713,元大台灣高息低波,30,2,28,中國信託-文心,2024-06-05,6164
2303,聯電,37,10,27,中國信託-文心,2024-06-05,6164
00881,國泰台灣5G+,27,0,27,中國信託-文心,2024-06-05,6164
3048,益登,46,19,27,中國信託-文心,2024-06-05,6164
3221,台嘉碩,26,0,26,中國信託-文心,2024-06-05,6164
5608,四維航,35,9,26,中國信託-文心,2024-06-05,6164
2009,第一銅,26,1,25,中國信託-文心,2024-06-05,6164
3088,艾訊,35,10,25,中國信託-文心,2024-06-05,6164
1303,南亞,30,6,24,中國信託-文心,2024-06-05,6164
2367,燿華,40,17,23,中國信託-文心,2024-06-05,6164
00712,復華富時不動產,24,1,23,中國信託-文心,2024-06-05,6164
5371,中光電,44,22,22,中國信託-文心,2024-06-05,6164
2328,廣宇,36,14,22,中國信託-文心,2024-06-05,6164
2367,燿華,482,118,364,中國信託-文心,2024-06-06,6164
2419,仲琦,305,2,303,中國信託-文心,2024-06-06,6164
00929,復華台灣科技優息,285,50,235,中國信託-文心,2024-06-06,6164
00937B,群益ESG投等債20,234,12,222,中國信託-文心,2024-06-06,6164
00919,群益台灣精選高息,236,45,191,中國信託-文心,2024-06-06,6164
00936,台新永續高息中小,238,100,138,中國信託-文心,2024-06-06,6164
00918,大華優利高填息30,90,0,90,中國信託-文心,2024-06-06,6164
2609,陽明,434,350,84,中國信託-文心,2024-06-06,6164
5392,能率,107,31,76,中國信託-文心,2024-06-06,6164
1815,富喬,331,262,69,中國信託-文心,2024-06-06,6164
5302,太欣,78,19,59,中國信託-文心,2024-06-06,6164
00687B,國泰20年美債,82,27,55,中國信託-文心,2024-06-06,6164
3231,緯創,76,24,52,中國信託-文心,2024-06-06,6164
00882,中信中國高股息,63,12,51,中國信託-文心,2024-06-06,6164
2316,楠梓電,50,0,50,中國信託-文心,2024-06-06,6164
6125,廣運,161,113,48,中國信託-文心,2024-06-06,6164
3062,建漢,46,0,46,中國信託-文心,2024-06-06,6164
00715L,期街口布蘭特正2,127,83,44,中國信託-文心,2024-06-06,6164
2354,鴻準,134,93,41,中國信託-文心,2024-06-06,6164
2101,南港,72,32,40,中國信託-文心,2024-06-06,6164
2105,正新,61,24,37,中國信託-文心,2024-06-06,6164
5608,四維航,52,19,33,中國信託-文心,2024-06-06,6164
2611,志信,38,5,33,中國信託-文心,2024-06-06,6164
1455,集盛,47,15,32,中國信託-文心,2024-06-06,6164
3665,貿聯-KY,35,8,27,中國信託-文心,2024-06-06,6164
2736,富野,26,0,26,中國信託-文心,2024-06-06,6164
6443,元晶,26,0,26,中國信託-文心,2024-06-06,6164
3694,海華,25,0,25,中國信託-文心,2024-06-06,6164
00665L,富邦�琤肭磪囓�2,29,5,24,中國信託-文心,2024-06-06,6164
2324,仁寶,26,2,24,中國信託-文心,2024-06-06,6164
2351,順德,26,4,22,中國信託-文心,2024-06-06,6164
2329,華泰,26,4,22,中國信託-文心,2024-06-06,6164
1305,華夏,21,0,21,中國信託-文心,2024-06-06,6164
2442,新美齊,21,0,21,中國信託-文心,2024-06-06,6164
00664R,國泰臺灣加權反1,21,0,21,中國信託-文心,2024-06-06,6164
5536,聖暉*,20,0,20,中國信託-文心,2024-06-06,6164
3645,達邁,20,0,20,中國信託-文心,2024-06-06,6164
4977,眾達-KY,21,1,20,中國信託-文心,2024-06-06,6164
2371,大同,20,0,20,中國信託-文心,2024-06-06,6164
6118,建達,20,0,20,中國信託-文心,2024-06-06,6164
2887,台新金,27,7,20,中國信託-文心,2024-06-06,6164
6901,鑽石投資,20,0,20,中國信託-文心,2024-06-06,6164
2489,瑞軒,38,19,19,中國信託-文心,2024-06-06,6164
5371,中光電,43,24,19,中國信託-文心,2024-06-06,6164
3176,基亞,17,0,17,中國信託-文心,2024-06-06,6164
1303,南亞,29,12,17,中國信託-文心,2024-06-06,6164
4960,誠美材,17,0,17,中國信託-文心,2024-06-06,6164
6209,今國光,29,12,17,中國信託-文心,2024-06-06,6164
4726,永昕,40,23,17,中國信託-文心,2024-06-06,6164
2328,廣宇,22,6,16,中國信託-文心,2024-06-06,6164
1316,上曜,525,97,428,中國信託-文心,2024-06-07,6164
00929,復華台灣科技優息,243,12,231,中國信託-文心,2024-06-07,6164
00937B,群益ESG投等債20,248,107,141,中國信託-文心,2024-06-07,6164
2312,金寶,182,61,121,中國信託-文心,2024-06-07,6164
00687B,國泰20年美債,136,22,114,中國信託-文心,2024-06-07,6164
00936,台新永續高息中小,119,6,113,中國信託-文心,2024-06-07,6164
3564,其陽,106,1,105,中國信託-文心,2024-06-07,6164
00918,大華優利高填息30,99,1,98,中國信託-文心,2024-06-07,6164
6806,森崴能源,92,6,86,中國信託-文心,2024-06-07,6164
00679B,元大美債20年,111,26,85,中國信託-文心,2024-06-07,6164
3231,緯創,98,18,80,中國信託-文心,2024-06-07,6164
2105,正新,70,3,67,中國信託-文心,2024-06-07,6164
00712,復華富時不動產,65,2,63,中國信託-文心,2024-06-07,6164
2489,瑞軒,77,28,49,中國信託-文心,2024-06-07,6164
00665L,富邦�琤肭磪囓�2,45,0,45,中國信託-文心,2024-06-07,6164
2382,廣達,37,0,37,中國信託-文心,2024-06-07,6164
5392,能率,39,6,33,中國信託-文心,2024-06-07,6164
2371,大同,124,92,32,中國信託-文心,2024-06-07,6164
5302,太欣,50,18,32,中國信託-文心,2024-06-07,6164
2330,台積電,62,31,31,中國信託-文心,2024-06-07,6164
2615,萬海,138,108,30,中國信託-文心,2024-06-07,6164
3005,神基,47,17,30,中國信託-文心,2024-06-07,6164
5519,隆大,39,9,30,中國信託-文心,2024-06-07,6164
2376,技嘉,29,0,29,中國信託-文心,2024-06-07,6164
2613,中櫃,150,121,29,中國信託-文心,2024-06-07,6164
1455,集盛,52,23,29,中國信託-文心,2024-06-07,6164
1512,瑞利,28,0,28,中國信託-文心,2024-06-07,6164
00637L,元大滬深300正2,27,0,27,中國信託-文心,2024-06-07,6164
00946,群益科技高息成長,39,12,27,中國信託-文心,2024-06-07,6164
2603,長榮,67,40,27,中國信託-文心,2024-06-07,6164
00713,元大台灣高息低波,24,2,22,中國信託-文心,2024-06-07,6164
4956,光鋐,38,16,22,中國信託-文心,2024-06-07,6164
1522,堤維西,38,16,22,中國信託-文心,2024-06-07,6164
2617,台航,25,3,22,中國信託-文心,2024-06-07,6164
00939,統一台灣高息動能,36,15,21,中國信託-文心,2024-06-07,6164
2890,永豐金,22,1,21,中國信託-文心,2024-06-07,6164
2367,燿華,135,114,21,中國信託-文心,2024-06-07,6164
3037,欣興,20,0,20,中國信託-文心,2024-06-07,6164
2313,華通,80,61,19,中國信託-文心,2024-06-07,6164
5009,榮剛,22,3,19,中國信託-文心,2024-06-07,6164
1314,中石化,19,0,19,中國信託-文心,2024-06-07,6164
1609,大亞,46,28,18,中國信託-文心,2024-06-07,6164
1503,士電,49,30,19,中國信託-文心,2024-06-07,6164
6190,萬泰科,34,16,18,中國信託-文心,2024-06-07,6164
2915,潤泰全,58,41,17,中國信託-文心,2024-06-07,6164
0056,元大高股息,30,12,18,中國信託-文心,2024-06-07,6164
4906,正文,48,31,17,中國信託-文心,2024-06-07,6164
00881,國泰台灣5G+,21,4,17,中國信託-文心,2024-06-07,6164
2888,新光金,121,105,16,中國信託-文心,2024-06-07,6164
2368,金像電,18,3,15,中國信託-文心,2024-06-07,6164
00937B,群益ESG投等債20,1088,104,984,中國信託-文心,2024-06-11,6164
00919,群益台灣精選高息,442,62,380,中國信託-文心,2024-06-11,6164
00929,復華台灣科技優息,408,108,300,中國信託-文心,2024-06-11,6164
00680L,元大美債20正2,302,22,280,中國信託-文心,2024-06-11,6164
00688L,國泰20年美債正2,250,5,245,中國信託-文心,2024-06-11,6164
00936,台新永續高息中小,223,3,220,中國信託-文心,2024-06-11,6164
00687B,國泰20年美債,180,2,178,中國信託-文心,2024-06-11,6164
00679B,元大美債20年,167,14,153,中國信託-文心,2024-06-11,6164
00918,大華優利高填息30,159,7,152,中國信託-文心,2024-06-11,6164
2603,長榮,195,61,134,中國信託-文心,2024-06-11,6164
00712,復華富時不動產,104,0,104,中國信託-文心,2024-06-11,6164
1815,富喬,169,68,101,中國信託-文心,2024-06-11,6164
2002,中鋼,95,8,87,中國信託-文心,2024-06-11,6164
9945,潤泰新,122,43,79,中國信託-文心,2024-06-11,6164
5426,振發,81,5,76,中國信託-文心,2024-06-11,6164
00665L,富邦�琤肭磪囓�2,79,4,75,中國信託-文心,2024-06-11,6164
1455,集盛,68,7,61,中國信託-文心,2024-06-11,6164
1785,光洋科,64,4,60,中國信託-文心,2024-06-11,6164
2539,櫻花建,56,0,56,中國信託-文心,2024-06-11,6164
00942B,台新美A公司債20+,55,0,55,中國信託-文心,2024-06-11,6164
00753L,中信中國50正2,55,0,55,中國信託-文心,2024-06-11,6164
2834,臺企銀,60,7,53,中國信託-文心,2024-06-11,6164
9946,三發地產,56,3,53,中國信託-文心,2024-06-11,6164
2609,陽明,424,372,52,中國信託-文心,2024-06-11,6164
00878,國泰永續高股息,160,108,52,中國信託-文心,2024-06-11,6164
4513,福裕,55,4,51,中國信託-文心,2024-06-11,6164
9105,泰金寶-DR,155,104,51,中國信託-文心,2024-06-11,6164
2376,技嘉,49,1,48,中國信託-文心,2024-06-11,6164
1608,華榮,167,121,46,中國信託-文心,2024-06-11,6164
2442,新美齊,46,1,45,中國信託-文心,2024-06-11,6164
00713,元大台灣高息低波,45,2,43,中國信託-文心,2024-06-11,6164
1446,宏和,45,2,43,中國信託-文心,2024-06-11,6164
00946,群益科技高息成長,62,21,41,中國信託-文心,2024-06-11,6164
2613,中櫃,104,67,37,中國信託-文心,2024-06-11,6164
2382,廣達,58,22,36,中國信託-文心,2024-06-11,6164
2374,佳能,52,17,35,中國信託-文心,2024-06-11,6164
0056,元大高股息,56,22,34,中國信託-文心,2024-06-11,6164
2641,正德,53,20,33,中國信託-文心,2024-06-11,6164
2337,旺宏,37,4,33,中國信託-文心,2024-06-11,6164
3231,緯創,71,39,32,中國信託-文心,2024-06-11,6164
00939,統一台灣高息動能,75,44,31,中國信託-文心,2024-06-11,6164
6188,廣明,55,24,31,中國信託-文心,2024-06-11,6164
2915,潤泰全,28,0,28,中國信託-文心,2024-06-11,6164
5519,隆大,33,5,28,中國信託-文心,2024-06-11,6164
00751B,元大AAA至A公司債,32,6,26,中國信託-文心,2024-06-11,6164
1316,上曜,92,67,25,中國信託-文心,2024-06-11,6164
1514,亞力,77,52,25,中國信託-文心,2024-06-11,6164
3047,訊舟,107,83,24,中國信託-文心,2024-06-11,6164
2356,英業達,42,19,23,中國信託-文心,2024-06-11,6164
8096,擎亞,34,11,23,中國信託-文心,2024-06-11,6164
00937B,群益ESG投等債20,1081,76,1005,中國信託-文心,2024-06-12,6164
2881,富邦金,615,11,604,中國信託-文心,2024-06-12,6164
00948B,中信優息投資級債,515,129,386,中國信託-文心,2024-06-12,6164
2888,新光金,361,39,322,中國信託-文心,2024-06-12,6164
00632R,元大台灣50反1,239,42,197,中國信託-文心,2024-06-12,6164
00687B,國泰20年美債,197,23,174,中國信託-文心,2024-06-12,6164
00919,群益台灣精選高息,195,50,145,中國信託-文心,2024-06-12,6164
00918,大華優利高填息30,108,2,106,中國信託-文心,2024-06-12,6164
3481,群創,100,21,79,中國信託-文心,2024-06-12,6164
2105,正新,71,0,71,中國信託-文心,2024-06-12,6164
1314,中石化,70,0,70,中國信託-文心,2024-06-12,6164
3374,精材,90,25,65,中國信託-文心,2024-06-12,6164
00929,復華台灣科技優息,99,38,61,中國信託-文心,2024-06-12,6164
9945,潤泰新,69,11,58,中國信託-文心,2024-06-12,6164
2867,三商壽,58,0,58,中國信託-文心,2024-06-12,6164
3047,訊舟,100,46,54,中國信託-文心,2024-06-12,6164
3665,貿聯-KY,70,17,53,中國信託-文心,2024-06-12,6164
1514,亞力,125,74,51,中國信託-文心,2024-06-12,6164
6209,今國光,52,4,48,中國信託-文心,2024-06-12,6164
2515,中工,54,10,44,中國信託-文心,2024-06-12,6164
00665L,富邦�琤肭磪囓�2,45,2,43,中國信託-文心,2024-06-12,6164
00946,群益科技高息成長,57,15,42,中國信託-文心,2024-06-12,6164
5512,力麒,41,0,41,中國信託-文心,2024-06-12,6164
8105,凌巨,38,0,38,中國信託-文心,2024-06-12,6164
2371,大同,71,36,35,中國信託-文心,2024-06-12,6164
1303,南亞,36,1,35,中國信託-文心,2024-06-12,6164
2615,萬海,140,105,35,中國信託-文心,2024-06-12,6164
2736,富野,33,0,33,中國信託-文心,2024-06-12,6164
3056,富華新,32,0,32,中國信託-文心,2024-06-12,6164
00878,國泰永續高股息,68,36,32,中國信託-文心,2024-06-12,6164
2887,台新金,46,15,31,中國信託-文心,2024-06-12,6164
2409,友達,34,3,31,中國信託-文心,2024-06-12,6164
00933B,國泰10Y+金融債,57,26,31,中國信託-文心,2024-06-12,6164
1446,宏和,30,0,30,中國信託-文心,2024-06-12,6164
2611,志信,30,2,28,中國信託-文心,2024-06-12,6164
00713,元大台灣高息低波,30,5,25,中國信託-文心,2024-06-12,6164
2344,華邦電,41,16,25,中國信託-文心,2024-06-12,6164
2303,聯電,35,11,24,中國信託-文心,2024-06-12,6164
6152,百一,28,4,24,中國信託-文心,2024-06-12,6164
00882,中信中國高股息,23,0,23,中國信託-文心,2024-06-12,6164
2002,中鋼,34,11,23,中國信託-文心,2024-06-12,6164
2101,南港,23,1,22,中國信託-文心,2024-06-12,6164
2353,宏��,24,3,21,中國信託-文心,2024-06-12,6164
5519,隆大,23,2,21,中國信託-文心,2024-06-12,6164
2442,新美齊,22,1,21,中國信託-文心,2024-06-12,6164
00676R,富邦臺灣加權反1,20,0,20,中國信託-文心,2024-06-12,6164
8110,華東,27,8,19,中國信託-文心,2024-06-12,6164
00939,統一台灣高息動能,28,10,18,中國信託-文心,2024-06-12,6164
4545,銘鈺,47,29,18,中國信託-文心,2024-06-12,6164
1473,台南,20,2,18,中國信託-文心,2024-06-12,6164
2514,龍邦,200,0,200,中國信託-文心,2024-06-13,6164
00948B,中信優息投資級債,376,212,164,中國信託-文心,2024-06-13,6164
00937B,群益ESG投等債20,190,50,140,中國信託-文心,2024-06-13,6164
2330,台積電,159,30,129,中國信託-文心,2024-06-13,6164
00918,大華優利高填息30,144,17,127,中國信託-文心,2024-06-13,6164
2618,長榮航,129,12,117,中國信託-文心,2024-06-13,6164
1815,富喬,170,67,103,中國信託-文心,2024-06-13,6164
00687B,國泰20年美債,173,81,92,中國信託-文心,2024-06-13,6164
1303,南亞,77,12,65,中國信託-文心,2024-06-13,6164
2208,台船,65,0,65,中國信託-文心,2024-06-13,6164
5392,能率,59,8,51,中國信託-文心,2024-06-13,6164
6901,鑽石投資,50,0,50,中國信託-文心,2024-06-13,6164
5706,鳳凰,46,0,46,中國信託-文心,2024-06-13,6164
2449,京元電子,88,49,39,中國信託-文心,2024-06-13,6164
2603,長榮,72,34,38,中國信託-文心,2024-06-13,6164
00830,國泰費城半導體,51,13,38,中國信託-文心,2024-06-13,6164
2105,正新,37,0,37,中國信託-文心,2024-06-13,6164
2002,中鋼,70,35,35,中國信託-文心,2024-06-13,6164
6125,廣運,44,14,30,中國信託-文心,2024-06-13,6164
1101,台泥,46,16,30,中國信託-文心,2024-06-13,6164
5398,慕康生醫,30,0,30,中國信託-文心,2024-06-13,6164
00637L,元大滬深300正2,33,3,30,中國信託-文心,2024-06-13,6164
2476,鉅祥,51,22,29,中國信託-文心,2024-06-13,6164
2353,宏��,41,12,29,中國信託-文心,2024-06-13,6164
2365,昆盈,100,72,28,中國信託-文心,2024-06-13,6164
00679B,元大美債20年,90,62,28,中國信託-文心,2024-06-13,6164
00947,台新臺灣IC設計,46,20,26,中國信託-文心,2024-06-13,6164
00753L,中信中國50正2,28,2,26,中國信託-文心,2024-06-13,6164
2641,正德,36,11,25,中國信託-文心,2024-06-13,6164
00712,復華富時不動產,68,44,24,中國信託-文心,2024-06-13,6164
4909,新復興,47,26,21,中國信託-文心,2024-06-13,6164
00919,群益台灣精選高息,144,123,21,中國信託-文心,2024-06-13,6164
2368,金像電,26,6,20,中國信託-文心,2024-06-13,6164
5536,聖暉*,20,0,20,中國信託-文心,2024-06-13,6164
3048,益登,44,24,20,中國信託-文心,2024-06-13,6164
6229,研通,20,0,20,中國信託-文心,2024-06-13,6164
8929,富堡,20,0,20,中國信託-文心,2024-06-13,6164
2505,國揚,20,0,20,中國信託-文心,2024-06-13,6164
00713,元大台灣高息低波,31,12,19,中國信託-文心,2024-06-13,6164
3260,威剛,27,8,19,中國信託-文心,2024-06-13,6164
2329,華泰,20,2,18,中國信託-文心,2024-06-13,6164
2392,正崴,57,39,18,中國信託-文心,2024-06-13,6164
9105,泰金寶-DR,34,16,18,中國信託-文心,2024-06-13,6164
3450,聯鈞,47,29,18,中國信託-文心,2024-06-13,6164
2615,萬海,107,90,17,中國信託-文心,2024-06-13,6164
8069,元太,24,8,16,中國信託-文心,2024-06-13,6164
1473,台南,30,14,16,中國信託-文心,2024-06-13,6164
1522,堤維西,37,22,15,中國信託-文心,2024-06-13,6164
4306,炎洲,15,0,15,中國信託-文心,2024-06-13,6164
3338,泰碩,15,0,15,中國信託-文心,2024-06-13,6164
00948B,中信優息投資級債,389,40,349,中國信託-文心,2024-06-14,6164
00929,復華台灣科技優息,438,190,248,中國信託-文心,2024-06-14,6164
00882,中信中國高股息,145,8,137,中國信託-文心,2024-06-14,6164
00936,台新永續高息中小,174,38,136,中國信託-文心,2024-06-14,6164
3048,益登,232,97,135,中國信託-文心,2024-06-14,6164
2609,陽明,237,124,113,中國信託-文心,2024-06-14,6164
00751B,元大AAA至A公司債,101,13,88,中國信託-文心,2024-06-14,6164
1785,光洋科,92,12,80,中國信託-文心,2024-06-14,6164
8277,商丞,76,0,76,中國信託-文心,2024-06-14,6164
2371,大同,178,107,71,中國信託-文心,2024-06-14,6164
3296,勝德,118,51,67,中國信託-文心,2024-06-14,6164
00918,大華優利高填息30,70,4,66,中國信託-文心,2024-06-14,6164
00720B,元大投資級公司債,94,31,63,中國信託-文心,2024-06-14,6164
00942B,台新美A公司債20+,62,0,62,中國信託-文心,2024-06-14,6164
00946,群益科技高息成長,57,0,57,中國信託-文心,2024-06-14,6164
5347,世界,83,34,49,中國信託-文心,2024-06-14,6164
2543,皇昌,57,12,45,中國信託-文心,2024-06-14,6164
2105,正新,47,2,45,中國信託-文心,2024-06-14,6164
2002,中鋼,54,10,44,中國信託-文心,2024-06-14,6164
00919,群益台灣精選高息,139,95,44,中國信託-文心,2024-06-14,6164
2376,技嘉,54,11,43,中國信託-文心,2024-06-14,6164
2392,正崴,168,132,36,中國信託-文心,2024-06-14,6164
00878,國泰永續高股息,65,30,35,中國信託-文心,2024-06-14,6164
00688L,國泰20年美債正2,33,2,31,中國信託-文心,2024-06-14,6164
1453,大將,37,6,31,中國信託-文心,2024-06-14,6164
3013,晟銘電,48,18,30,中國信託-文心,2024-06-14,6164
3105,穩懋,39,9,30,中國信託-文心,2024-06-14,6164
00680L,元大美債20正2,50,21,29,中國信託-文心,2024-06-14,6164
00947,台新臺灣IC設計,28,0,28,中國信託-文心,2024-06-14,6164
2353,宏��,38,12,26,中國信託-文心,2024-06-14,6164
2377,微星,26,0,26,中國信託-文心,2024-06-14,6164
00944,野村趨勢動能高息,26,0,26,中國信託-文心,2024-06-14,6164
2618,長榮航,85,60,25,中國信託-文心,2024-06-14,6164
2201,裕隆,23,0,23,中國信託-文心,2024-06-14,6164
3035,智原,41,18,23,中國信託-文心,2024-06-14,6164
8936,國統,30,8,22,中國信託-文心,2024-06-14,6164
2331,精英,32,11,21,中國信託-文心,2024-06-14,6164
2363,矽統,47,27,20,中國信託-文心,2024-06-14,6164
2406,國碩,20,0,20,中國信託-文心,2024-06-14,6164
2330,台積電,43,23,20,中國信託-文心,2024-06-14,6164
6207,雷科,27,8,19,中國信託-文心,2024-06-14,6164
2834,臺企銀,19,2,17,中國信託-文心,2024-06-14,6164
2367,燿華,37,22,15,中國信託-文心,2024-06-14,6164
2351,順德,15,0,15,中國信託-文心,2024-06-14,6164
2449,京元電子,62,46,16,中國信託-文心,2024-06-14,6164
9935,慶豐富,15,0,15,中國信託-文心,2024-06-14,6164
00653L,富邦印度正2,15,0,15,中國信託-文心,2024-06-14,6164
2344,華邦電,19,5,14,中國信託-文心,2024-06-14,6164
9958,世紀鋼,28,14,14,中國信託-文心,2024-06-14,6164
2867,三商壽,50,36,14,中國信託-文心,2024-06-14,6164
00936,台新永續高息中小,595,106,489,中國信託-文心,2024-06-17,6164
00687B,國泰20年美債,387,20,367,中國信託-文心,2024-06-17,6164
1609,大亞,327,53,274,中國信託-文心,2024-06-17,6164
00918,大華優利高填息30,287,17,270,中國信託-文心,2024-06-17,6164
00937B,群益ESG投等債20,251,54,197,中國信託-文心,2024-06-17,6164
00948B,中信優息投資級債,188,20,168,中國信託-文心,2024-06-17,6164
2330,台積電,174,8,166,中國信託-文心,2024-06-17,6164
3296,勝德,167,3,164,中國信託-文心,2024-06-17,6164
6770,力積電,185,50,135,中國信託-文心,2024-06-17,6164
00942B,台新美A公司債20+,132,0,132,中國信託-文心,2024-06-17,6164
00680L,元大美債20正2,172,68,104,中國信託-文心,2024-06-17,6164
4167,松瑞藥,113,15,98,中國信託-文心,2024-06-17,6164
2615,萬海,205,118,87,中國信託-文心,2024-06-17,6164
1905,華紙,86,3,83,中國信託-文心,2024-06-17,6164
00665L,富邦�琤肭磪囓�2,87,8,79,中國信託-文心,2024-06-17,6164
00713,元大台灣高息低波,77,3,74,中國信託-文心,2024-06-17,6164
2515,中工,64,1,63,中國信託-文心,2024-06-17,6164
1608,華榮,106,53,53,中國信託-文心,2024-06-17,6164
2609,陽明,197,148,49,中國信託-文心,2024-06-17,6164
2888,新光金,49,5,44,中國信託-文心,2024-06-17,6164
2486,一詮,71,29,42,中國信託-文心,2024-06-17,6164
9105,泰金寶-DR,44,5,39,中國信託-文心,2024-06-17,6164
00882,中信中國高股息,60,21,39,中國信託-文心,2024-06-17,6164
3710,連展投控,33,1,32,中國信託-文心,2024-06-17,6164
2881,富邦金,31,0,31,中國信託-文心,2024-06-17,6164
00893,國泰智能電動車,30,0,30,中國信託-文心,2024-06-17,6164
2836,高雄銀,30,0,30,中國信託-文心,2024-06-17,6164
00712,復華富時不動產,28,0,28,中國信託-文心,2024-06-17,6164
4532,瑞智,43,17,26,中國信託-文心,2024-06-17,6164
1734,杏輝,25,0,25,中國信託-文心,2024-06-17,6164
3312,弘憶股,25,0,25,中國信託-文心,2024-06-17,6164
8929,富堡,25,1,24,中國信託-文心,2024-06-17,6164
1513,中興電,66,41,25,中國信託-文心,2024-06-17,6164
4306,炎洲,25,1,24,中國信託-文心,2024-06-17,6164
2324,仁寶,24,0,24,中國信託-文心,2024-06-17,6164
2101,南港,23,0,23,中國信託-文心,2024-06-17,6164
00720B,元大投資級公司債,24,1,23,中國信託-文心,2024-06-17,6164
2376,技嘉,32,10,22,中國信託-文心,2024-06-17,6164
1473,台南,25,3,22,中國信託-文心,2024-06-17,6164
2031,新光鋼,33,11,22,中國信託-文心,2024-06-17,6164
2308,台達電,26,4,22,中國信託-文心,2024-06-17,6164
4967,十銓,21,0,21,中國信託-文心,2024-06-17,6164
00944,野村趨勢動能高息,21,0,21,中國信託-文心,2024-06-17,6164
3537,堡達,25,5,20,中國信託-文心,2024-06-17,6164
8105,凌巨,27,7,20,中國信託-文心,2024-06-17,6164
5512,力麒,20,1,19,中國信託-文心,2024-06-17,6164
6451,訊芯-KY,20,1,19,中國信託-文心,2024-06-17,6164
2613,中櫃,37,19,18,中國信託-文心,2024-06-17,6164
5484,慧友,23,5,18,中國信託-文心,2024-06-17,6164
2392,正崴,43,26,17,中國信託-文心,2024-06-17,6164
00929,復華台灣科技優息,603,27,576,中國信託-文心,2024-06-18,6164
00937B,群益ESG投等債20,532,82,450,中國信託-文心,2024-06-18,6164
00936,台新永續高息中小,374,79,295,中國信託-文心,2024-06-18,6164
00751B,元大AAA至A公司債,240,0,240,中國信託-文心,2024-06-18,6164
1802,台玻,282,65,217,中國信託-文心,2024-06-18,6164
00948B,中信優息投資級債,172,2,170,中國信託-文心,2024-06-18,6164
2317,鴻海,213,60,153,中國信託-文心,2024-06-18,6164
00687B,國泰20年美債,143,7,136,中國信託-文心,2024-06-18,6164
6770,力積電,133,15,118,中國信託-文心,2024-06-18,6164
00945B,凱基美國非投等債,100,10,90,中國信託-文心,2024-06-18,6164
00713,元大台灣高息低波,95,6,89,中國信託-文心,2024-06-18,6164
3035,智原,114,27,87,中國信託-文心,2024-06-18,6164
2330,台積電,112,32,80,中國信託-文心,2024-06-18,6164
8096,擎亞,201,123,78,中國信託-文心,2024-06-18,6164
1303,南亞,72,0,72,中國信託-文心,2024-06-18,6164
00679B,元大美債20年,107,40,67,中國信託-文心,2024-06-18,6164
00882,中信中國高股息,60,3,57,中國信託-文心,2024-06-18,6164
9103,美德醫療-DR,66,15,51,中國信託-文心,2024-06-18,6164
8084,巨虹,52,2,50,中國信託-文心,2024-06-18,6164
2867,三商壽,66,17,49,中國信託-文心,2024-06-18,6164
00946,群益科技高息成長,49,0,49,中國信託-文心,2024-06-18,6164
6901,鑽石投資,50,2,48,中國信託-文心,2024-06-18,6164
00933B,國泰10Y+金融債,73,25,48,中國信託-文心,2024-06-18,6164
2353,宏��,48,1,47,中國信託-文心,2024-06-18,6164
2887,台新金,46,4,42,中國信託-文心,2024-06-18,6164
3231,緯創,57,16,41,中國信託-文心,2024-06-18,6164
2392,正崴,113,72,41,中國信託-文心,2024-06-18,6164
1504,東元,45,4,41,中國信託-文心,2024-06-18,6164
1718,中纖,40,0,40,中國信託-文心,2024-06-18,6164
3055,蔚華科,49,10,39,中國信託-文心,2024-06-18,6164
00673R,期元大S＆P原油反1,37,0,37,中國信託-文心,2024-06-18,6164
4167,松瑞藥,39,3,36,中國信託-文心,2024-06-18,6164
3481,群創,53,20,33,中國信託-文心,2024-06-18,6164
2371,大同,61,28,33,中國信託-文心,2024-06-18,6164
2009,第一銅,33,0,33,中國信託-文心,2024-06-18,6164
4924,欣厚-KY,33,0,33,中國信託-文心,2024-06-18,6164
1301,台塑,33,1,32,中國信託-文心,2024-06-18,6164
2376,技嘉,43,12,31,中國信託-文心,2024-06-18,6164
00671R,富邦NASDAQ反1,28,0,28,中國信託-文心,2024-06-18,6164
00878,國泰永續高股息,59,31,28,中國信託-文心,2024-06-18,6164
1471,首利,25,0,25,中國信託-文心,2024-06-18,6164
2801,彰銀,24,0,24,中國信託-文心,2024-06-18,6164
4953,緯軟,23,0,23,中國信託-文心,2024-06-18,6164
00720B,元大投資級公司債,22,0,22,中國信託-文心,2024-06-18,6164
6275,元山,21,0,21,中國信託-文心,2024-06-18,6164
8054,安國,29,8,21,中國信託-文心,2024-06-18,6164
2515,中工,49,30,19,中國信託-文心,2024-06-18,6164
5315,光聯,19,0,19,中國信託-文心,2024-06-18,6164
9105,泰金寶-DR,171,152,19,中國信託-文心,2024-06-18,6164
3665,貿聯-KY,24,6,18,中國信託-文心,2024-06-18,6164
00937B,群益ESG投等債20,560,32,528,中國信託-文心,2024-06-19,6164
00632R,元大台灣50反1,465,119,346,中國信託-文心,2024-06-19,6164
2330,台積電,317,54,263,中國信託-文心,2024-06-19,6164
3062,建漢,224,41,183,中國信託-文心,2024-06-19,6164
00919,群益台灣精選高息,362,204,158,中國信託-文心,2024-06-19,6164
2888,新光金,328,187,141,中國信託-文心,2024-06-19,6164
00942B,台新美A公司債20+,135,15,120,中國信託-文心,2024-06-19,6164
00676R,富邦臺灣加權反1,101,0,101,中國信託-文心,2024-06-19,6164
00946,群益科技高息成長,100,3,97,中國信託-文心,2024-06-19,6164
00895,富邦未來車,102,6,96,中國信託-文心,2024-06-19,6164
1802,台玻,93,14,79,中國信託-文心,2024-06-19,6164
00692,富邦公司治理,79,3,76,中國信託-文心,2024-06-19,6164
00918,大華優利高填息30,150,82,68,中國信託-文心,2024-06-19,6164
00712,復華富時不動產,68,9,59,中國信託-文心,2024-06-19,6164
1718,中纖,55,0,55,中國信託-文心,2024-06-19,6164
1316,上曜,79,27,52,中國信託-文心,2024-06-19,6164
1815,富喬,109,63,46,中國信託-文心,2024-06-19,6164
3694,海華,45,0,45,中國信託-文心,2024-06-19,6164
00673R,期元大S＆P原油反1,44,0,44,中國信託-文心,2024-06-19,6164
00713,元大台灣高息低波,101,59,42,中國信託-文心,2024-06-19,6164
2313,華通,64,26,38,中國信託-文心,2024-06-19,6164
9933,中鼎,38,7,31,中國信託-文心,2024-06-19,6164
00929,復華台灣科技優息,566,535,31,中國信託-文心,2024-06-19,6164
3094,聯傑,30,0,30,中國信託-文心,2024-06-19,6164
00907,永豐優息存股,31,3,28,中國信託-文心,2024-06-19,6164
2515,中工,40,13,27,中國信託-文心,2024-06-19,6164
5443,均豪,61,35,26,中國信託-文心,2024-06-19,6164
6770,力積電,48,24,24,中國信託-文心,2024-06-19,6164
8064,東捷,103,80,23,中國信託-文心,2024-06-19,6164
8112,至上,28,5,23,中國信託-文心,2024-06-19,6164
5469,瀚宇博,23,0,23,中國信託-文心,2024-06-19,6164
8096,擎亞,106,83,23,中國信託-文心,2024-06-19,6164
8086,宏捷科,23,1,22,中國信託-文心,2024-06-19,6164
1736,喬山,22,1,21,中國信託-文心,2024-06-19,6164
6265,方土昶,24,3,21,中國信託-文心,2024-06-19,6164
4533,協易機,25,4,21,中國信託-文心,2024-06-19,6164
6464,台數科,20,0,20,中國信託-文心,2024-06-19,6164
1471,首利,20,0,20,中國信託-文心,2024-06-19,6164
2337,旺宏,32,12,20,中國信託-文心,2024-06-19,6164
2303,聯電,26,7,19,中國信託-文心,2024-06-19,6164
8936,國統,20,2,18,中國信託-文心,2024-06-19,6164
6834,天二科技,22,4,18,中國信託-文心,2024-06-19,6164
3450,聯鈞,88,70,18,中國信託-文心,2024-06-19,6164
2371,大同,50,33,17,中國信託-文心,2024-06-19,6164
6112,邁達特,46,29,17,中國信託-文心,2024-06-19,6164
8070,長華*,20,3,17,中國信託-文心,2024-06-19,6164
8374,羅昇,17,1,16,中國信託-文心,2024-06-19,6164
00881,國泰台灣5G+,20,4,16,中國信託-文心,2024-06-19,6164
2406,國碩,22,6,16,中國信託-文心,2024-06-19,6164
2489,瑞軒,17,1,16,中國信託-文心,2024-06-19,6164
2330,台積電,719,6,713,中國信託-文心,2024-06-20,6164
00929,復華台灣科技優息,534,63,471,中國信託-文心,2024-06-20,6164
00937B,群益ESG投等債20,462,22,440,中國信託-文心,2024-06-20,6164
00676R,富邦臺灣加權反1,310,0,310,中國信託-文心,2024-06-20,6164
00936,台新永續高息中小,174,8,166,中國信託-文心,2024-06-20,6164
00933B,國泰10Y+金融債,166,6,160,中國信託-文心,2024-06-20,6164
00687B,國泰20年美債,156,13,143,中國信託-文心,2024-06-20,6164
00632R,元大台灣50反1,147,20,127,中國信託-文心,2024-06-20,6164
2801,彰銀,117,0,117,中國信託-文心,2024-06-20,6164
00942B,台新美A公司債20+,115,0,115,中國信託-文心,2024-06-20,6164
00679B,元大美債20年,125,12,113,中國信託-文心,2024-06-20,6164
9904,寶成,105,1,104,中國信託-文心,2024-06-20,6164
00712,復華富時不動產,116,15,101,中國信託-文心,2024-06-20,6164
0056,元大高股息,259,158,101,中國信託-文心,2024-06-20,6164
2888,新光金,101,1,100,中國信託-文心,2024-06-20,6164
00940,元大台灣價值高息,259,169,90,中國信託-文心,2024-06-20,6164
00946,群益科技高息成長,95,12,83,中國信託-文心,2024-06-20,6164
2353,宏��,88,17,71,中國信託-文心,2024-06-20,6164
00948B,中信優息投資級債,120,50,70,中國信託-文心,2024-06-20,6164
2615,萬海,252,188,64,中國信託-文心,2024-06-20,6164
2634,漢翔,53,7,46,中國信託-文心,2024-06-20,6164
8105,凌巨,58,13,45,中國信託-文心,2024-06-20,6164
2376,技嘉,52,9,43,中國信託-文心,2024-06-20,6164
4526,東台,141,99,42,中國信託-文心,2024-06-20,6164
2867,三商壽,90,49,41,中國信託-文心,2024-06-20,6164
4306,炎洲,52,13,39,中國信託-文心,2024-06-20,6164
3628,盈正,38,1,37,中國信託-文心,2024-06-20,6164
2014,中鴻,40,4,36,中國信託-文心,2024-06-20,6164
6456,GIS-KY,36,2,34,中國信託-文心,2024-06-20,6164
5371,中光電,36,4,32,中國信託-文心,2024-06-20,6164
4513,福裕,31,0,31,中國信託-文心,2024-06-20,6164
2845,遠東銀,31,1,30,中國信託-文心,2024-06-20,6164
2363,矽統,58,28,30,中國信託-文心,2024-06-20,6164
2630,亞航,32,3,29,中國信託-文心,2024-06-20,6164
1809,中釉,29,0,29,中國信託-文心,2024-06-20,6164
3339,泰谷,42,15,27,中國信託-文心,2024-06-20,6164
1514,亞力,70,44,26,中國信託-文心,2024-06-20,6164
00720B,元大投資級公司債,26,0,26,中國信託-文心,2024-06-20,6164
6451,訊芯-KY,43,17,26,中國信託-文心,2024-06-20,6164
1718,中纖,25,0,25,中國信託-文心,2024-06-20,6164
00680L,元大美債20正2,225,200,25,中國信託-文心,2024-06-20,6164
00753L,中信中國50正2,28,4,24,中國信託-文心,2024-06-20,6164
6177,達麗,22,0,22,中國信託-文心,2024-06-20,6164
6870,騰雲,23,1,22,中國信託-文心,2024-06-20,6164
6216,居易,25,4,21,中國信託-文心,2024-06-20,6164
2109,華豐,21,0,21,中國信託-文心,2024-06-20,6164
2881,富邦金,22,2,20,中國信託-文心,2024-06-20,6164
00715L,期街口布蘭特正2,20,0,20,中國信託-文心,2024-06-20,6164
3363,上詮,69,49,20,中國信託-文心,2024-06-20,6164
2323,中環,22,3,19,中國信託-文心,2024-06-20,6164
2886,兆豐金,1099,17,1082,中國信託-文心,2024-06-21,6164
2330,台積電,904,59,845,中國信託-文心,2024-06-21,6164
00937B,群益ESG投等債20,583,55,528,中國信託-文心,2024-06-21,6164
00665L,富邦�琤肭磪囓�2,306,0,306,中國信託-文心,2024-06-21,6164
0056,元大高股息,246,17,229,中國信託-文心,2024-06-21,6164
00680L,元大美債20正2,209,1,208,中國信託-文心,2024-06-21,6164
00679B,元大美債20年,220,27,193,中國信託-文心,2024-06-21,6164
00948B,中信優息投資級債,178,3,175,中國信託-文心,2024-06-21,6164
00878,國泰永續高股息,229,54,175,中國信託-文心,2024-06-21,6164
2317,鴻海,203,54,149,中國信託-文心,2024-06-21,6164
00919,群益台灣精選高息,550,407,143,中國信託-文心,2024-06-21,6164
1718,中纖,121,0,121,中國信託-文心,2024-06-21,6164
00712,復華富時不動產,118,1,117,中國信託-文心,2024-06-21,6164
00936,台新永續高息中小,91,0,91,中國信託-文心,2024-06-21,6164
2515,中工,166,80,86,中國信託-文心,2024-06-21,6164
2363,矽統,68,14,54,中國信託-文心,2024-06-21,6164
00706L,期元大S＆P日圓正2,53,0,53,中國信託-文心,2024-06-21,6164
1301,台塑,58,7,51,中國信託-文心,2024-06-21,6164
3576,聯合再生,55,6,49,中國信託-文心,2024-06-21,6164
00687B,國泰20年美債,55,6,49,中國信託-文心,2024-06-21,6164
00934,中信成長高股息,52,8,44,中國信託-文心,2024-06-21,6164
00918,大華優利高填息30,43,2,41,中國信託-文心,2024-06-21,6164
00947,台新臺灣IC設計,43,2,41,中國信託-文心,2024-06-21,6164
00942B,台新美A公司債20+,41,0,41,中國信託-文心,2024-06-21,6164
2365,昆盈,114,75,39,中國信託-文心,2024-06-21,6164
2615,萬海,259,222,37,中國信託-文心,2024-06-21,6164
2312,金寶,59,23,36,中國信託-文心,2024-06-21,6164
3011,今皓,36,0,36,中國信託-文心,2024-06-21,6164
3026,禾伸堂,36,0,36,中國信託-文心,2024-06-21,6164
9105,泰金寶-DR,42,6,36,中國信託-文心,2024-06-21,6164
00902,中信電池及儲能,34,0,34,中國信託-文心,2024-06-21,6164
2313,華通,51,18,33,中國信託-文心,2024-06-21,6164
3707,漢磊,34,3,31,中國信託-文心,2024-06-21,6164
00830,國泰費城半導體,31,1,30,中國信託-文心,2024-06-21,6164
00655L,國泰中國A50正2,32,2,30,中國信託-文心,2024-06-21,6164
2801,彰銀,33,3,30,中國信託-文心,2024-06-21,6164
4566,時碩工業,84,55,29,中國信託-文心,2024-06-21,6164
1309,台達化,31,4,27,中國信託-文心,2024-06-21,6164
6217,中探針,32,5,27,中國信託-文心,2024-06-21,6164
2548,華固,29,3,26,中國信託-文心,2024-06-21,6164
00891,中信關鍵半導體,26,1,25,中國信託-文心,2024-06-21,6164
6870,騰雲,25,0,25,中國信託-文心,2024-06-21,6164
4956,光鋐,56,31,25,中國信託-文心,2024-06-21,6164
2105,正新,25,0,25,中國信託-文心,2024-06-21,6164
2881,富邦金,25,1,24,中國信託-文心,2024-06-21,6164
2367,燿華,27,3,24,中國信託-文心,2024-06-21,6164
00713,元大台灣高息低波,22,1,21,中國信託-文心,2024-06-21,6164
3516,亞帝歐,22,1,21,中國信託-文心,2024-06-21,6164
8107,大億金茂,21,0,21,中國信託-文心,2024-06-21,6164
2376,技嘉,21,0,21,中國信託-文心,2024-06-21,6164
00919,群益台灣精選高息,790,97,693,中國信託-文心,2024-06-24,6164
00929,復華台灣科技優息,604,245,359,中國信託-文心,2024-06-24,6164
2888,新光金,407,66,341,中國信託-文心,2024-06-24,6164
00937B,群益ESG投等債20,444,114,330,中國信託-文心,2024-06-24,6164
2514,龍邦,200,0,200,中國信託-文心,2024-06-24,6164
00918,大華優利高填息30,180,3,177,中國信託-文心,2024-06-24,6164
2409,友達,172,15,157,中國信託-文心,2024-06-24,6164
00936,台新永續高息中小,138,0,138,中國信託-文心,2024-06-24,6164
9105,泰金寶-DR,160,32,128,中國信託-文心,2024-06-24,6164
3481,群創,1111,991,120,中國信託-文心,2024-06-24,6164
2317,鴻海,163,47,116,中國信託-文心,2024-06-24,6164
3047,訊舟,268,153,115,中國信託-文心,2024-06-24,6164
8085,福華,155,45,110,中國信託-文心,2024-06-24,6164
00948B,中信優息投資級債,117,14,103,中國信託-文心,2024-06-24,6164
00679B,元大美債20年,182,96,86,中國信託-文心,2024-06-24,6164
00706L,期元大S＆P日圓正2,83,0,83,中國信託-文心,2024-06-24,6164
3062,建漢,369,287,82,中國信託-文心,2024-06-24,6164
1905,華紙,82,0,82,中國信託-文心,2024-06-24,6164
2618,長榮航,115,38,77,中國信託-文心,2024-06-24,6164
00687B,國泰20年美債,71,1,70,中國信託-文心,2024-06-24,6164
2867,三商壽,63,0,63,中國信託-文心,2024-06-24,6164
00934,中信成長高股息,61,0,61,中國信託-文心,2024-06-24,6164
00946,群益科技高息成長,83,27,56,中國信託-文心,2024-06-24,6164
2889,國票金,47,0,47,中國信託-文心,2024-06-24,6164
2365,昆盈,85,40,45,中國信託-文心,2024-06-24,6164
1815,富喬,52,7,45,中國信託-文心,2024-06-24,6164
6116,彩晶,50,5,45,中國信託-文心,2024-06-24,6164
2330,台積電,90,45,45,中國信託-文心,2024-06-24,6164
00857B,永豐20年美公債,44,0,44,中國信託-文心,2024-06-24,6164
00947,台新臺灣IC設計,43,2,41,中國信託-文心,2024-06-24,6164
3231,緯創,62,22,40,中國信託-文心,2024-06-24,6164
00878,國泰永續高股息,90,51,39,中國信託-文心,2024-06-24,6164
00891,中信關鍵半導體,41,2,39,中國信託-文心,2024-06-24,6164
2009,第一銅,51,13,38,中國信託-文心,2024-06-24,6164
2002,中鋼,44,7,37,中國信託-文心,2024-06-24,6164
2303,聯電,63,26,37,中國信託-文心,2024-06-24,6164
2408,南亞科,41,5,36,中國信託-文心,2024-06-24,6164
3036,文曄,45,10,35,中國信託-文心,2024-06-24,6164
00923,群益台ESG低碳50,41,9,32,中國信託-文心,2024-06-24,6164
00915,凱基優選高股息30,32,0,32,中國信託-文心,2024-06-24,6164
1301,台塑,33,2,31,中國信託-文心,2024-06-24,6164
5512,力麒,33,4,29,中國信託-文心,2024-06-24,6164
00940,元大台灣價值高息,274,245,29,中國信託-文心,2024-06-24,6164
8064,東捷,81,52,29,中國信託-文心,2024-06-24,6164
2883,凱基金,44,16,28,中國信託-文心,2024-06-24,6164
1101,台泥,45,18,27,中國信託-文心,2024-06-24,6164
00673R,期元大S＆P原油反1,27,0,27,中國信託-文心,2024-06-24,6164
2347,聯強,28,2,26,中國信託-文心,2024-06-24,6164
2610,華航,33,7,26,中國信託-文心,2024-06-24,6164
4113,聯上,26,0,26,中國信託-文心,2024-06-24,6164
3481,群創,844,251,593,中國信託-文心,2024-06-25,6164
00680L,元大美債20正2,302,2,300,中國信託-文心,2024-06-25,6164
00929,復華台灣科技優息,367,96,271,中國信託-文心,2024-06-25,6164
00919,群益台灣精選高息,301,136,165,中國信託-文心,2024-06-25,6164
00679B,元大美債20年,164,33,131,中國信託-文心,2024-06-25,6164
00936,台新永續高息中小,129,2,127,中國信託-文心,2024-06-25,6164
00942B,台新美A公司債20+,101,0,101,中國信託-文心,2024-06-25,6164
6153,嘉聯益,109,20,89,中國信託-文心,2024-06-25,6164
912000,晨訊科-DR,108,28,80,中國信託-文心,2024-06-25,6164
2377,微星,79,0,79,中國信託-文心,2024-06-25,6164
2409,友達,105,29,76,中國信託-文心,2024-06-25,6164
00918,大華優利高填息30,77,1,76,中國信託-文心,2024-06-25,6164
9105,泰金寶-DR,77,8,69,中國信託-文心,2024-06-25,6164
00934,中信成長高股息,99,35,64,中國信託-文心,2024-06-25,6164
1314,中石化,86,26,60,中國信託-文心,2024-06-25,6164
00882,中信中國高股息,97,40,57,中國信託-文心,2024-06-25,6164
00948B,中信優息投資級債,63,7,56,中國信託-文心,2024-06-25,6164
3163,波若威,73,17,56,中國信託-文心,2024-06-25,6164
00687B,國泰20年美債,64,10,54,中國信託-文心,2024-06-25,6164
00664R,國泰臺灣加權反1,50,2,48,中國信託-文心,2024-06-25,6164
00688L,國泰20年美債正2,44,0,44,中國信託-文心,2024-06-25,6164
00673R,期元大S＆P原油反1,44,0,44,中國信託-文心,2024-06-25,6164
3296,勝德,53,13,40,中國信託-文心,2024-06-25,6164
8085,福華,43,5,38,中國信託-文心,2024-06-25,6164
2303,聯電,63,26,37,中國信託-文心,2024-06-25,6164
6126,信音,42,5,37,中國信託-文心,2024-06-25,6164
00878,國泰永續高股息,88,56,32,中國信託-文心,2024-06-25,6164
3231,緯創,59,28,31,中國信託-文心,2024-06-25,6164
5452,佶優,60,31,29,中國信託-文心,2024-06-25,6164
2353,宏��,47,18,29,中國信託-文心,2024-06-25,6164
2365,昆盈,52,24,28,中國信託-文心,2024-06-25,6164
2888,新光金,39,11,28,中國信託-文心,2024-06-25,6164
2464,盟立,76,49,27,中國信託-文心,2024-06-25,6164
00946,群益科技高息成長,47,20,27,中國信託-文心,2024-06-25,6164
2330,台積電,65,40,25,中國信託-文心,2024-06-25,6164
3580,友威科,44,19,25,中國信託-文心,2024-06-25,6164
4961,天鈺,25,0,25,中國信託-文心,2024-06-25,6164
2458,義隆,25,0,25,中國信託-文心,2024-06-25,6164
5351,鈺創,33,8,25,中國信託-文心,2024-06-25,6164
9945,潤泰新,24,0,24,中國信託-文心,2024-06-25,6164
6464,台數科,23,0,23,中國信託-文心,2024-06-25,6164
8096,擎亞,34,11,23,中國信託-文心,2024-06-25,6164
8110,華東,52,30,22,中國信託-文心,2024-06-25,6164
2504,國產,22,0,22,中國信託-文心,2024-06-25,6164
2506,太設,22,1,21,中國信託-文心,2024-06-25,6164
1815,富喬,110,89,21,中國信託-文心,2024-06-25,6164
2883,凱基金,40,20,20,中國信託-文心,2024-06-25,6164
3149,正達,24,4,20,中國信託-文心,2024-06-25,6164
6016,康和證,20,0,20,中國信託-文心,2024-06-25,6164
1104,環泥,20,0,20,中國信託-文心,2024-06-25,6164
00929,復華台灣科技優息,645,88,557,中國信託-文心,2024-06-26,6164
00664R,國泰臺灣加權反1,300,23,277,中國信託-文心,2024-06-26,6164
00878,國泰永續高股息,218,22,196,中國信託-文心,2024-06-26,6164
2317,鴻海,204,53,151,中國信託-文心,2024-06-26,6164
2330,台積電,148,18,130,中國信託-文心,2024-06-26,6164
3481,群創,199,81,118,中國信託-文心,2024-06-26,6164
00939,統一台灣高息動能,118,7,111,中國信託-文心,2024-06-26,6164
00919,群益台灣精選高息,186,76,110,中國信託-文心,2024-06-26,6164
2409,友達,114,10,104,中國信託-文心,2024-06-26,6164
2888,新光金,93,1,92,中國信託-文心,2024-06-26,6164
00936,台新永續高息中小,91,0,91,中國信託-文心,2024-06-26,6164
1314,中石化,90,18,72,中國信託-文心,2024-06-26,6164
8163,達方,76,4,72,中國信託-文心,2024-06-26,6164
2883,凱基金,75,7,68,中國信託-文心,2024-06-26,6164
00937B,群益ESG投等債20,230,170,60,中國信託-文心,2024-06-26,6164
1718,中纖,60,1,59,中國信託-文心,2024-06-26,6164
8085,福華,78,19,59,中國信託-文心,2024-06-26,6164
2365,昆盈,92,35,57,中國信託-文心,2024-06-26,6164
2354,鴻準,78,22,56,中國信託-文心,2024-06-26,6164
8096,擎亞,101,47,54,中國信託-文心,2024-06-26,6164
9105,泰金寶-DR,57,3,54,中國信託-文心,2024-06-26,6164
9945,潤泰新,83,30,53,中國信託-文心,2024-06-26,6164
00687B,國泰20年美債,54,1,53,中國信託-文心,2024-06-26,6164
2344,華邦電,69,17,52,中國信託-文心,2024-06-26,6164
2002,中鋼,55,4,51,中國信託-文心,2024-06-26,6164
2883B,凱基金乙特,50,0,50,中國信託-文心,2024-06-26,6164
2331,精英,43,1,42,中國信託-文心,2024-06-26,6164
6589,台康生技,50,9,41,中國信託-文心,2024-06-26,6164
1785,光洋科,94,53,41,中國信託-文心,2024-06-26,6164
1102,亞泥,41,0,41,中國信託-文心,2024-06-26,6164
2353,宏��,46,6,40,中國信託-文心,2024-06-26,6164
3576,聯合再生,45,5,40,中國信託-文心,2024-06-26,6164
6547,高端疫苗,40,0,40,中國信託-文心,2024-06-26,6164
00713,元大台灣高息低波,39,1,38,中國信託-文心,2024-06-26,6164
3231,緯創,75,37,38,中國信託-文心,2024-06-26,6164
3049,精金,40,3,37,中國信託-文心,2024-06-26,6164
3694,海華,41,5,36,中國信託-文心,2024-06-26,6164
0056,元大高股息,68,34,34,中國信託-文心,2024-06-26,6164
2314,台揚,34,0,34,中國信託-文心,2024-06-26,6164
3504,揚明光,34,1,33,中國信託-文心,2024-06-26,6164
2374,佳能,55,22,33,中國信託-文心,2024-06-26,6164
00944,野村趨勢動能高息,30,0,30,中國信託-文心,2024-06-26,6164
2884,玉山金,30,0,30,中國信託-文心,2024-06-26,6164
00688L,國泰20年美債正2,29,0,29,中國信託-文心,2024-06-26,6164
1709,和益,31,2,29,中國信託-文心,2024-06-26,6164
8076,伍豐,61,33,28,中國信託-文心,2024-06-26,6164
3163,波若威,83,57,26,中國信託-文心,2024-06-26,6164
1609,大亞,79,53,26,中國信託-文心,2024-06-26,6164
1809,中釉,30,5,25,中國信託-文心,2024-06-26,6164
00942B,台新美A公司債20+,23,0,23,中國信託-文心,2024-06-26,6164
00937B,群益ESG投等債20,641,50,591,中國信託-文心,2024-06-27,6164
1718,中纖,584,62,522,中國信託-文心,2024-06-27,6164
00936,台新永續高息中小,379,10,369,中國信託-文心,2024-06-27,6164
00665L,富邦�琤肭磪囓�2,184,0,184,中國信託-文心,2024-06-27,6164
3481,群創,195,49,146,中國信託-文心,2024-06-27,6164
00687B,國泰20年美債,139,7,132,中國信託-文心,2024-06-27,6164
00948B,中信優息投資級債,131,0,131,中國信託-文心,2024-06-27,6164
00919,群益台灣精選高息,252,124,128,中國信託-文心,2024-06-27,6164
00946,群益科技高息成長,119,5,114,中國信託-文心,2024-06-27,6164
00679B,元大美債20年,165,55,110,中國信託-文心,2024-06-27,6164
8085,福華,125,23,102,中國信託-文心,2024-06-27,6164
2419,仲琦,105,6,99,中國信託-文心,2024-06-27,6164
00878,國泰永續高股息,161,63,98,中國信託-文心,2024-06-27,6164
00632R,元大台灣50反1,150,55,95,中國信託-文心,2024-06-27,6164
2834,臺企銀,100,30,70,中國信託-文心,2024-06-27,6164
00942B,台新美A公司債20+,66,0,66,中國信託-文心,2024-06-27,6164
4167,松瑞藥,167,102,65,中國信託-文心,2024-06-27,6164
00712,復華富時不動產,64,1,63,中國信託-文心,2024-06-27,6164
00673R,期元大S＆P原油反1,62,0,62,中國信託-文心,2024-06-27,6164
2201,裕隆,56,0,56,中國信託-文心,2024-06-27,6164
2208,台船,51,1,50,中國信託-文心,2024-06-27,6164
2885,元大金,49,1,48,中國信託-文心,2024-06-27,6164
3047,訊舟,345,302,43,中國信託-文心,2024-06-27,6164
00918,大華優利高填息30,42,1,41,中國信託-文心,2024-06-27,6164
3576,聯合再生,88,47,41,中國信託-文心,2024-06-27,6164
00934,中信成長高股息,39,2,37,中國信託-文心,2024-06-27,6164
2303,聯電,37,2,35,中國信託-文心,2024-06-27,6164
3312,弘憶股,67,33,34,中國信託-文心,2024-06-27,6164
00680L,元大美債20正2,46,12,34,中國信託-文心,2024-06-27,6164
3712,永崴投控,52,18,34,中國信託-文心,2024-06-27,6164
6770,力積電,37,5,32,中國信託-文心,2024-06-27,6164
9136,巨騰-DR,52,20,32,中國信託-文心,2024-06-27,6164
00933B,國泰10Y+金融債,32,2,30,中國信託-文心,2024-06-27,6164
00637L,元大滬深300正2,35,5,30,中國信託-文心,2024-06-27,6164
00713,元大台灣高息低波,30,1,29,中國信託-文心,2024-06-27,6164
2344,華邦電,30,1,29,中國信託-文心,2024-06-27,6164
2603,長榮,40,12,28,中國信託-文心,2024-06-27,6164
6869,雲豹能源,74,47,27,中國信託-文心,2024-06-27,6164
2376,技嘉,27,1,26,中國信託-文心,2024-06-27,6164
2323,中環,51,25,26,中國信託-文心,2024-06-27,6164
4976,佳凌,35,10,25,中國信託-文心,2024-06-27,6164
2486,一詮,31,6,25,中國信託-文心,2024-06-27,6164
2809,京城銀,30,6,24,中國信託-文心,2024-06-27,6164
6547,高端疫苗,26,2,24,中國信託-文心,2024-06-27,6164
6464,台數科,23,0,23,中國信託-文心,2024-06-27,6164
3062,建漢,62,39,23,中國信託-文心,2024-06-27,6164
2812,台中銀,24,2,22,中國信託-文心,2024-06-27,6164
00685L,群益臺灣加權正2,25,3,22,中國信託-文心,2024-06-27,6164
1455,集盛,22,0,22,中國信託-文心,2024-06-27,6164
3296,勝德,101,79,22,中國信託-文心,2024-06-27,6164
00929,復華台灣科技優息,474,3,471,中國信託-文心,2024-06-28,6164
00679B,元大美債20年,269,0,269,中國信託-文心,2024-06-28,6164
00671R,富邦NASDAQ反1,222,0,222,中國信託-文心,2024-06-28,6164
3481,群創,238,22,216,中國信託-文心,2024-06-28,6164
00680L,元大美債20正2,352,153,199,中國信託-文心,2024-06-28,6164
00712,復華富時不動產,177,0,177,中國信託-文心,2024-06-28,6164
00937B,群益ESG投等債20,231,124,107,中國信託-文心,2024-06-28,6164
00665L,富邦�琤肭磪囓�2,104,6,98,中國信託-文心,2024-06-28,6164
00936,台新永續高息中小,147,51,96,中國信託-文心,2024-06-28,6164
3062,建漢,132,58,74,中國信託-文心,2024-06-28,6164
00687B,國泰20年美債,74,8,66,中國信託-文心,2024-06-28,6164
00946,群益科技高息成長,63,0,63,中國信託-文心,2024-06-28,6164
3576,聯合再生,153,91,62,中國信託-文心,2024-06-28,6164
00948B,中信優息投資級債,52,1,51,中國信託-文心,2024-06-28,6164
6770,力積電,59,8,51,中國信託-文心,2024-06-28,6164
2356,英業達,61,11,50,中國信託-文心,2024-06-28,6164
2883,凱基金,73,28,45,中國信託-文心,2024-06-28,6164
2867,三商壽,49,5,44,中國信託-文心,2024-06-28,6164
2337,旺宏,41,1,40,中國信託-文心,2024-06-28,6164
8028,昇陽半導體,94,56,38,中國信託-文心,2024-06-28,6164
00713,元大台灣高息低波,40,3,37,中國信託-文心,2024-06-28,6164
2486,一詮,37,1,36,中國信託-文心,2024-06-28,6164
2610,華航,56,20,36,中國信託-文心,2024-06-28,6164
6244,茂迪,145,110,35,中國信託-文心,2024-06-28,6164
2406,國碩,292,259,33,中國信託-文心,2024-06-28,6164
00919,群益台灣精選高息,85,53,32,中國信託-文心,2024-06-28,6164
4967,十銓,35,5,30,中國信託-文心,2024-06-28,6164
00720B,元大投資級公司債,30,1,29,中國信託-文心,2024-06-28,6164
5871,中租-KY,32,4,28,中國信託-文心,2024-06-28,6164
00751B,元大AAA至A公司債,27,0,27,中國信託-文心,2024-06-28,6164
0056,元大高股息,50,23,27,中國信託-文心,2024-06-28,6164
5523,豐謙,26,0,26,中國信託-文心,2024-06-28,6164
6856,鑫傳,26,0,26,中國信託-文心,2024-06-28,6164
00882,中信中國高股息,36,11,25,中國信託-文心,2024-06-28,6164
00673R,期元大S＆P原油反1,25,0,25,中國信託-文心,2024-06-28,6164
6464,台數科,23,0,23,中國信託-文心,2024-06-28,6164
2504,國產,22,0,22,中國信託-文心,2024-06-28,6164
5388,中磊,23,2,21,中國信託-文心,2024-06-28,6164
1617,榮星,31,10,21,中國信託-文心,2024-06-28,6164
2409,友達,57,36,21,中國信託-文心,2024-06-28,6164
8085,福華,53,32,21,中國信託-文心,2024-06-28,6164
3163,波若威,42,21,21,中國信託-文心,2024-06-28,6164
2330,台積電,41,21,20,中國信託-文心,2024-06-28,6164
3711,日月光投控,60,40,20,中國信託-文心,2024-06-28,6164
4979,華星光,31,11,20,中國信託-文心,2024-06-28,6164
3114,好德,20,0,20,中國信託-文心,2024-06-28,6164
8936,國統,25,6,19,中國信託-文心,2024-06-28,6164
2301,光寶科,24,5,19,中國信託-文心,2024-06-28,6164
8096,擎亞,36,17,19,中國信託-文心,2024-06-28,6164
00934,中信成長高股息,19,0,19,中國信託-文心,2024-06-28,6164
00937B,群益ESG投等債20,2366,185,2181,中國信託-文心,2024-07-01,6164
00632R,元大台灣50反1,547,40,507,中國信託-文心,2024-07-01,6164
00687B,國泰20年美債,461,8,453,中國信託-文心,2024-07-01,6164
00929,復華台灣科技優息,551,130,421,中國信託-文心,2024-07-01,6164
00680L,元大美債20正2,417,2,415,中國信託-文心,2024-07-01,6164
00948B,中信優息投資級債,370,10,360,中國信託-文心,2024-07-01,6164
3296,勝德,318,2,316,中國信託-文心,2024-07-01,6164
2609,陽明,273,26,247,中國信託-文心,2024-07-01,6164
2330,台積電,239,8,231,中國信託-文心,2024-07-01,6164
00679B,元大美債20年,236,9,227,中國信託-文心,2024-07-01,6164
2313,華通,250,60,190,中國信託-文心,2024-07-01,6164
00936,台新永續高息中小,165,0,165,中國信託-文心,2024-07-01,6164
0056,元大高股息,178,20,158,中國信託-文心,2024-07-01,6164
6770,力積電,145,23,122,中國信託-文心,2024-07-01,6164
3060,銘異,97,23,74,中國信託-文心,2024-07-01,6164
3481,群創,93,22,71,中國信託-文心,2024-07-01,6164
00662,富邦NASDAQ,71,0,71,中國信託-文心,2024-07-01,6164
00688L,國泰20年美債正2,69,0,69,中國信託-文心,2024-07-01,6164
00720B,元大投資級公司債,64,0,64,中國信託-文心,2024-07-01,6164
3312,弘憶股,157,95,62,中國信託-文心,2024-07-01,6164
2208,台船,50,0,50,中國信託-文心,2024-07-01,6164
00933B,國泰10Y+金融債,43,2,41,中國信託-文心,2024-07-01,6164
1905,華紙,40,0,40,中國信託-文心,2024-07-01,6164
3011,今皓,39,0,39,中國信託-文心,2024-07-01,6164
2359,所羅門,119,80,39,中國信託-文心,2024-07-01,6164
9910,豐泰,36,1,35,中國信託-文心,2024-07-01,6164
2605,新興,37,4,33,中國信託-文心,2024-07-01,6164
3081,聯亞,35,2,33,中國信託-文心,2024-07-01,6164
00931B,統一美債20年,32,0,32,中國信託-文心,2024-07-01,6164
4129,聯合,32,0,32,中國信託-文心,2024-07-01,6164
00795B,中信美國公債20年,31,0,31,中國信託-文心,2024-07-01,6164
2002,中鋼,30,1,29,中國信託-文心,2024-07-01,6164
00857B,永豐20年美公債,26,0,26,中國信託-文心,2024-07-01,6164
2365,昆盈,187,161,26,中國信託-文心,2024-07-01,6164
3056,富華新,32,7,25,中國信託-文心,2024-07-01,6164
2723,美食-KY,25,0,25,中國信託-文心,2024-07-01,6164
2101,南港,29,5,24,中國信託-文心,2024-07-01,6164
00712,復華富時不動產,26,3,23,中國信託-文心,2024-07-01,6164
1316,上曜,24,2,22,中國信託-文心,2024-07-01,6164
3686,達能,22,1,21,中國信託-文心,2024-07-01,6164
2883,凱基金,26,5,21,中國信託-文心,2024-07-01,6164
00944,野村趨勢動能高息,20,0,20,中國信託-文心,2024-07-01,6164
2344,華邦電,34,14,20,中國信託-文心,2024-07-01,6164
8096,擎亞,104,84,20,中國信託-文心,2024-07-01,6164
6558,興能高,20,0,20,中國信託-文心,2024-07-01,6164
2374,佳能,21,2,19,中國信託-文心,2024-07-01,6164
2367,燿華,51,32,19,中國信託-文心,2024-07-01,6164
3691,碩禾,20,1,19,中國信託-文心,2024-07-01,6164
6695,芯鼎,23,4,19,中國信託-文心,2024-07-01,6164
2615,萬海,103,84,19,中國信託-文心,2024-07-01,6164
00934,中信成長高股息,1001,1,1000,中國信託-文心,2024-07-02,6164
2330,台積電,368,9,359,中國信託-文心,2024-07-02,6164
00680L,元大美債20正2,344,8,336,中國信託-文心,2024-07-02,6164
00671R,富邦NASDAQ反1,300,0,300,中國信託-文心,2024-07-02,6164
00948B,中信優息投資級債,281,6,275,中國信託-文心,2024-07-02,6164
00937B,群益ESG投等債20,268,27,241,中國信託-文心,2024-07-02,6164
00687B,國泰20年美債,246,19,227,中國信託-文心,2024-07-02,6164
0056,元大高股息,228,7,221,中國信託-文心,2024-07-02,6164
00939,統一台灣高息動能,232,25,207,中國信託-文心,2024-07-02,6164
2317,鴻海,273,68,205,中國信託-文心,2024-07-02,6164
00927,群益半導體收益,205,2,203,中國信託-文心,2024-07-02,6164
2303,聯電,217,16,201,中國信託-文心,2024-07-02,6164
00679B,元大美債20年,200,3,197,中國信託-文心,2024-07-02,6164
00673R,期元大S＆P原油反1,143,0,143,中國信託-文心,2024-07-02,6164
3481,群創,162,25,137,中國信託-文心,2024-07-02,6164
00942B,台新美A公司債20+,125,0,125,中國信託-文心,2024-07-02,6164
00919,群益台灣精選高息,195,71,124,中國信託-文心,2024-07-02,6164
3321,同泰,107,3,104,中國信託-文心,2024-07-02,6164
00929,復華台灣科技優息,749,651,98,中國信託-文心,2024-07-02,6164
00918,大華優利高填息30,110,20,90,中國信託-文心,2024-07-02,6164
8076,伍豐,108,23,85,中國信託-文心,2024-07-02,6164
00936,台新永續高息中小,140,62,78,中國信託-文心,2024-07-02,6164
9105,泰金寶-DR,179,115,64,中國信託-文心,2024-07-02,6164
1449,佳和,60,0,60,中國信託-文心,2024-07-02,6164
2349,錸德,100,44,56,中國信託-文心,2024-07-02,6164
00933B,國泰10Y+金融債,50,3,47,中國信託-文心,2024-07-02,6164
2002,中鋼,49,6,43,中國信託-文心,2024-07-02,6164
3296,勝德,181,139,42,中國信託-文心,2024-07-02,6164
00946,群益科技高息成長,53,13,40,中國信託-文心,2024-07-02,6164
00905,FT臺灣Smart,40,0,40,中國信託-文心,2024-07-02,6164
2376,技嘉,41,4,37,中國信託-文心,2024-07-02,6164
1609,大亞,41,4,37,中國信託-文心,2024-07-02,6164
5347,世界,54,20,34,中國信託-文心,2024-07-02,6164
2365,昆盈,121,89,32,中國信託-文心,2024-07-02,6164
2615,萬海,68,37,31,中國信託-文心,2024-07-02,6164
3033,威健,37,6,31,中國信託-文心,2024-07-02,6164
6869,雲豹能源,35,4,31,中國信託-文心,2024-07-02,6164
1785,光洋科,40,10,30,中國信託-文心,2024-07-02,6164
3188,鑫龍騰,31,1,30,中國信託-文心,2024-07-02,6164
1718,中纖,38,8,30,中國信託-文心,2024-07-02,6164
2442,新美齊,31,1,30,中國信託-文心,2024-07-02,6164
2201,裕隆,36,6,30,中國信託-文心,2024-07-02,6164
00720B,元大投資級公司債,32,4,28,中國信託-文心,2024-07-02,6164
1784,訊聯,33,6,27,中國信託-文心,2024-07-02,6164
00753L,中信中國50正2,37,10,27,中國信託-文心,2024-07-02,6164
00632R,元大台灣50反1,30,5,25,中國信託-文心,2024-07-02,6164
3438,類比科,25,0,25,中國信託-文心,2024-07-02,6164
3576,聯合再生,58,35,23,中國信託-文心,2024-07-02,6164
6770,力積電,25,1,24,中國信託-文心,2024-07-02,6164
2603,長榮,27,5,22,中國信託-文心,2024-07-02,6164
00934,中信成長高股息,428,1,427,中國信託-文心,2024-07-03,6164
2881,富邦金,296,69,227,中國信託-文心,2024-07-03,6164
00937B,群益ESG投等債20,266,43,223,中國信託-文心,2024-07-03,6164
00687B,國泰20年美債,133,1,132,中國信託-文心,2024-07-03,6164
2888,新光金,199,88,111,中國信託-文心,2024-07-03,6164
2317,鴻海,133,31,102,中國信託-文心,2024-07-03,6164
2344,華邦電,109,12,97,中國信託-文心,2024-07-03,6164
9105,泰金寶-DR,150,54,96,中國信託-文心,2024-07-03,6164
2891,中信金,119,34,85,中國信託-文心,2024-07-03,6164
00948B,中信優息投資級債,91,7,84,中國信託-文心,2024-07-03,6164
00679B,元大美債20年,97,15,82,中國信託-文心,2024-07-03,6164
00929,復華台灣科技優息,240,168,72,中國信託-文心,2024-07-03,6164
00946,群益科技高息成長,73,7,66,中國信託-文心,2024-07-03,6164
00712,復華富時不動產,70,6,64,中國信託-文心,2024-07-03,6164
2349,錸德,95,32,63,中國信託-文心,2024-07-03,6164
2303,聯電,76,15,61,中國信託-文心,2024-07-03,6164
5347,世界,81,25,56,中國信託-文心,2024-07-03,6164
00830,國泰費城半導體,58,3,55,中國信託-文心,2024-07-03,6164
1785,光洋科,100,45,55,中國信託-文心,2024-07-03,6164
2812,台中銀,64,10,54,中國信託-文心,2024-07-03,6164
00713,元大台灣高息低波,79,27,52,中國信託-文心,2024-07-03,6164
4906,正文,86,34,52,中國信託-文心,2024-07-03,6164
6185,幃翔,50,0,50,中國信託-文心,2024-07-03,6164
00936,台新永續高息中小,49,0,49,中國信託-文心,2024-07-03,6164
2329,華泰,47,1,46,中國信託-文心,2024-07-03,6164
2367,燿華,206,163,43,中國信託-文心,2024-07-03,6164
6176,瑞儀,43,1,42,中國信託-文心,2024-07-03,6164
6425,易發,42,0,42,中國信託-文心,2024-07-03,6164
5706,鳳凰,40,0,40,中國信託-文心,2024-07-03,6164
3686,達能,42,3,39,中國信託-文心,2024-07-03,6164
6244,茂迪,169,132,37,中國信託-文心,2024-07-03,6164
6443,元晶,179,148,31,中國信託-文心,2024-07-03,6164
3047,訊舟,157,129,28,中國信託-文心,2024-07-03,6164
006208,富邦台50,32,5,27,中國信託-文心,2024-07-03,6164
6005,群益證,27,0,27,中國信託-文心,2024-07-03,6164
2913,農林,30,4,26,中國信託-文心,2024-07-03,6164
4534,慶騰,25,0,25,中國信託-文心,2024-07-03,6164
8076,伍豐,26,1,25,中國信託-文心,2024-07-03,6164
5324,士開,24,0,24,中國信託-文心,2024-07-03,6164
5426,振發,24,1,23,中國信託-文心,2024-07-03,6164
4142,國光生,26,3,23,中國信託-文心,2024-07-03,6164
6668,中揚光,23,0,23,中國信託-文心,2024-07-03,6164
3005,神基,48,26,22,中國信託-文心,2024-07-03,6164
2486,一詮,24,2,22,中國信託-文心,2024-07-03,6164
1717,長興,22,0,22,中國信託-文心,2024-07-03,6164
00673R,期元大S＆P原油反1,21,0,21,中國信託-文心,2024-07-03,6164
2301,光寶科,21,1,20,中國信託-文心,2024-07-03,6164
6016,康和證,20,0,20,中國信託-文心,2024-07-03,6164
3593,力銘,20,0,20,中國信託-文心,2024-07-03,6164
6856,鑫傳,20,0,20,中國信託-文心,2024-07-03,6164
2367,燿華,272,106,166,中國信託-文心,2024-07-04,6164
3296,勝德,112,1,111,中國信託-文心,2024-07-04,6164
00688L,國泰20年美債正2,109,0,109,中國信託-文心,2024-07-04,6164
2486,一詮,146,40,106,中國信託-文心,2024-07-04,6164
2359,所羅門,157,61,96,中國信託-文心,2024-07-04,6164
2349,錸德,105,10,95,中國信託-文心,2024-07-04,6164
2883,凱基金,169,85,84,中國信託-文心,2024-07-04,6164
00830,國泰費城半導體,73,7,66,中國信託-文心,2024-07-04,6164
2412,中華電,64,1,63,中國信託-文心,2024-07-04,6164
00679B,元大美債20年,79,21,58,中國信託-文心,2024-07-04,6164
3576,聯合再生,71,15,56,中國信託-文心,2024-07-04,6164
2812,台中銀,55,0,55,中國信託-文心,2024-07-04,6164
3036,文曄,53,1,52,中國信託-文心,2024-07-04,6164
00930,永豐ESG低碳高息,51,0,51,中國信託-文心,2024-07-04,6164
9105,泰金寶-DR,63,13,50,中國信託-文心,2024-07-04,6164
00673R,期元大S＆P原油反1,49,0,49,中國信託-文心,2024-07-04,6164
2374,佳能,60,11,49,中國信託-文心,2024-07-04,6164
00937B,群益ESG投等債20,114,66,48,中國信託-文心,2024-07-04,6164
3050,鈺德,55,10,45,中國信託-文心,2024-07-04,6164
6244,茂迪,66,22,44,中國信託-文心,2024-07-04,6164
00936,台新永續高息中小,63,20,43,中國信託-文心,2024-07-04,6164
1785,光洋科,205,164,41,中國信託-文心,2024-07-04,6164
2324,仁寶,50,9,41,中國信託-文心,2024-07-04,6164
2402,毅嘉,42,3,39,中國信託-文心,2024-07-04,6164
2891,中信金,72,34,38,中國信託-文心,2024-07-04,6164
3581,博磊,38,2,36,中國信託-文心,2024-07-04,6164
3706,神達,37,1,36,中國信託-文心,2024-07-04,6164
3537,堡達,36,3,33,中國信託-文心,2024-07-04,6164
8930,青鋼,33,0,33,中國信託-文心,2024-07-04,6164
00725B,國泰投資級公司債,32,0,32,中國信託-文心,2024-07-04,6164
1409,新纖,73,41,32,中國信託-文心,2024-07-04,6164
3189,景碩,35,4,31,中國信託-文心,2024-07-04,6164
1454,台富,32,1,31,中國信託-文心,2024-07-04,6164
00676R,富邦臺灣加權反1,30,0,30,中國信託-文心,2024-07-04,6164
3665,貿聯-KY,31,1,30,中國信託-文心,2024-07-04,6164
2887,台新金,33,4,29,中國信託-文心,2024-07-04,6164
00934,中信成長高股息,96,68,28,中國信託-文心,2024-07-04,6164
2603,長榮,36,9,27,中國信託-文心,2024-07-04,6164
1504,東元,45,18,27,中國信託-文心,2024-07-04,6164
2618,長榮航,49,22,27,中國信託-文心,2024-07-04,6164
006208,富邦台50,33,6,27,中國信託-文心,2024-07-04,6164
8085,福華,37,11,26,中國信託-文心,2024-07-04,6164
2393,億光,26,0,26,中國信託-文心,2024-07-04,6164
3374,精材,70,44,26,中國信託-文心,2024-07-04,6164
2913,農林,29,3,26,中國信託-文心,2024-07-04,6164
6443,元晶,122,96,26,中國信託-文心,2024-07-04,6164
4566,時碩工業,34,9,25,中國信託-文心,2024-07-04,6164
00945B,凱基美國非投等債,25,0,25,中國信託-文心,2024-07-04,6164
00680L,元大美債20正2,24,0,24,中國信託-文心,2024-07-04,6164
00933B,國泰10Y+金融債,40,17,23,中國信託-文心,2024-07-04,6164
00937B,群益ESG投等債20,180,14,166,中國信託-文心,2024-07-05,6164
00934,中信成長高股息,141,2,139,中國信託-文心,2024-07-05,6164
2352,佳世達,131,4,127,中國信託-文心,2024-07-05,6164
00712,復華富時不動產,113,0,113,中國信託-文心,2024-07-05,6164
1101,台泥,105,8,97,中國信託-文心,2024-07-05,6164
00679B,元大美債20年,103,13,90,中國信託-文心,2024-07-05,6164
00637L,元大滬深300正2,86,2,84,中國信託-文心,2024-07-05,6164
2618,長榮航,125,42,83,中國信託-文心,2024-07-05,6164
00929,復華台灣科技優息,230,148,82,中國信託-文心,2024-07-05,6164
2603,長榮,107,28,79,中國信託-文心,2024-07-05,6164
00688L,國泰20年美債正2,76,1,75,中國信託-文心,2024-07-05,6164
0056,元大高股息,79,9,70,中國信託-文心,2024-07-05,6164
00936,台新永續高息中小,78,12,66,中國信託-文心,2024-07-05,6164
2344,華邦電,67,2,65,中國信託-文心,2024-07-05,6164
2883,凱基金,76,12,64,中國信託-文心,2024-07-05,6164
00751B,元大AAA至A公司債,64,0,64,中國信託-文心,2024-07-05,6164
6207,雷科,145,91,54,中國信託-文心,2024-07-05,6164
3492,長盛,61,7,54,中國信託-文心,2024-07-05,6164
00948B,中信優息投資級債,56,5,51,中國信託-文心,2024-07-05,6164
00725B,國泰投資級公司債,51,0,51,中國信託-文心,2024-07-05,6164
1503,士電,54,5,49,中國信託-文心,2024-07-05,6164
2610,華航,64,18,46,中國信託-文心,2024-07-05,6164
6451,訊芯-KY,50,5,45,中國信託-文心,2024-07-05,6164
1326,台化,51,6,45,中國信託-文心,2024-07-05,6164
6152,百一,45,1,44,中國信託-文心,2024-07-05,6164
3048,益登,55,11,44,中國信託-文心,2024-07-05,6164
3498,陽程,42,3,39,中國信託-文心,2024-07-05,6164
6698,旭暉應材,43,5,38,中國信託-文心,2024-07-05,6164
1802,台玻,41,4,37,中國信託-文心,2024-07-05,6164
00673R,期元大S＆P原油反1,36,0,36,中國信託-文心,2024-07-05,6164
00882,中信中國高股息,61,27,34,中國信託-文心,2024-07-05,6164
00945B,凱基美國非投等債,34,0,34,中國信託-文心,2024-07-05,6164
2301,光寶科,37,5,32,中國信託-文心,2024-07-05,6164
2312,金寶,35,3,32,中國信託-文心,2024-07-05,6164
2542,興富發,33,3,30,中國信託-文心,2024-07-05,6164
1454,台富,35,6,29,中國信託-文心,2024-07-05,6164
2888,新光金,140,113,27,中國信託-文心,2024-07-05,6164
1314,中石化,29,2,27,中國信託-文心,2024-07-05,6164
1316,上曜,27,0,27,中國信託-文心,2024-07-05,6164
00933B,國泰10Y+金融債,38,12,26,中國信託-文心,2024-07-05,6164
2609,陽明,45,19,26,中國信託-文心,2024-07-05,6164
3645,達邁,27,2,25,中國信託-文心,2024-07-05,6164
2354,鴻準,37,12,25,中國信託-文心,2024-07-05,6164
9933,中鼎,27,2,25,中國信託-文心,2024-07-05,6164
00923,群益台ESG低碳50,24,0,24,中國信託-文心,2024-07-05,6164
00935,野村臺灣新科技50,25,2,23,中國信託-文心,2024-07-05,6164
00655L,國泰中國A50正2,23,0,23,中國信託-文心,2024-07-05,6164
3450,聯鈞,73,51,22,中國信託-文心,2024-07-05,6164
8104,錸寶,121,100,21,中國信託-文心,2024-07-05,6164
00857B,永豐20年美公債,21,0,21,中國信託-文心,2024-07-05,6164
00945B,凱基美國非投等債,347,7,340,中國信託-文心,2024-07-08,6164
00934,中信成長高股息,346,15,331,中國信託-文心,2024-07-08,6164
1718,中纖,282,6,276,中國信託-文心,2024-07-08,6164
00679B,元大美債20年,251,38,213,中國信託-文心,2024-07-08,6164
00680L,元大美債20正2,261,109,152,中國信託-文心,2024-07-08,6164
00936,台新永續高息中小,139,8,131,中國信託-文心,2024-07-08,6164
6213,聯茂,139,9,130,中國信託-文心,2024-07-08,6164
3481,群創,247,122,125,中國信託-文心,2024-07-08,6164
00929,復華台灣科技優息,172,54,118,中國信託-文心,2024-07-08,6164
2365,昆盈,220,122,98,中國信託-文心,2024-07-08,6164
00712,復華富時不動產,102,5,97,中國信託-文心,2024-07-08,6164
2618,長榮航,159,73,86,中國信託-文心,2024-07-08,6164
2371,大同,136,60,76,中國信託-文心,2024-07-08,6164
2374,佳能,242,175,67,中國信託-文心,2024-07-08,6164
6226,光鼎,60,0,60,中國信託-文心,2024-07-08,6164
2387,精元,51,0,51,中國信託-文心,2024-07-08,6164
00673R,期元大S＆P原油反1,78,29,49,中國信託-文心,2024-07-08,6164
0056,元大高股息,68,20,48,中國信託-文心,2024-07-08,6164
00632R,元大台灣50反1,96,51,45,中國信託-文心,2024-07-08,6164
00923,群益台ESG低碳50,42,0,42,中國信託-文心,2024-07-08,6164
6269,台郡,41,1,40,中國信託-文心,2024-07-08,6164
5392,能率,50,10,40,中國信託-文心,2024-07-08,6164
3013,晟銘電,40,1,39,中國信託-文心,2024-07-08,6164
00687B,國泰20年美債,67,29,38,中國信託-文心,2024-07-08,6164
00927,群益半導體收益,50,14,36,中國信託-文心,2024-07-08,6164
3019,亞光,70,34,36,中國信託-文心,2024-07-08,6164
2610,華航,90,55,35,中國信託-文心,2024-07-08,6164
1568,倉佑,35,0,35,中國信託-文心,2024-07-08,6164
2329,華泰,34,0,34,中國信託-文心,2024-07-08,6164
00713,元大台灣高息低波,43,10,33,中國信託-文心,2024-07-08,6164
2603,長榮,73,40,33,中國信託-文心,2024-07-08,6164
1618,合機,35,3,32,中國信託-文心,2024-07-08,6164
2867,三商壽,32,0,32,中國信託-文心,2024-07-08,6164
00830,國泰費城半導體,32,0,32,中國信託-文心,2024-07-08,6164
2464,盟立,150,119,31,中國信託-文心,2024-07-08,6164
2882,國泰金,49,18,31,中國信託-文心,2024-07-08,6164
4563,百德,30,0,30,中國信託-文心,2024-07-08,6164
2101,南港,32,2,30,中國信託-文心,2024-07-08,6164
3290,東浦,30,0,30,中國信託-文心,2024-07-08,6164
1522,堤維西,29,0,29,中國信託-文心,2024-07-08,6164
3221,台嘉碩,38,10,28,中國信託-文心,2024-07-08,6164
9945,潤泰新,30,2,28,中國信託-文心,2024-07-08,6164
3094,聯傑,31,3,28,中國信託-文心,2024-07-08,6164
8936,國統,66,39,27,中國信託-文心,2024-07-08,6164
6207,雷科,40,13,27,中國信託-文心,2024-07-08,6164
8085,福華,36,9,27,中國信託-文心,2024-07-08,6164
00905,FT臺灣Smart,34,8,26,中國信託-文心,2024-07-08,6164
00671R,富邦NASDAQ反1,26,0,26,中國信託-文心,2024-07-08,6164
3450,聯鈞,62,37,25,中國信託-文心,2024-07-08,6164
6706,惠特,36,11,25,中國信託-文心,2024-07-08,6164
00795B,中信美國公債20年,271,23,248,中國信託-文心,2024-07-09,6164
00929,復華台灣科技優息,372,139,233,中國信託-文心,2024-07-09,6164
00934,中信成長高股息,318,85,233,中國信託-文心,2024-07-09,6164
2002,中鋼,241,33,208,中國信託-文心,2024-07-09,6164
2514,龍邦,200,1,199,中國信託-文心,2024-07-09,6164
2530,華建,190,0,190,中國信託-文心,2024-07-09,6164
2367,燿華,596,415,181,中國信託-文心,2024-07-09,6164
2349,錸德,201,30,171,中國信託-文心,2024-07-09,6164
3050,鈺德,169,5,164,中國信託-文心,2024-07-09,6164
2888,新光金,417,265,152,中國信託-文心,2024-07-09,6164
2406,國碩,163,13,150,中國信託-文心,2024-07-09,6164
3062,建漢,147,24,123,中國信託-文心,2024-07-09,6164
00712,復華富時不動產,126,10,116,中國信託-文心,2024-07-09,6164
2834,臺企銀,168,53,115,中國信託-文心,2024-07-09,6164
2344,華邦電,114,9,105,中國信託-文心,2024-07-09,6164
00936,台新永續高息中小,113,10,103,中國信託-文心,2024-07-09,6164
2618,長榮航,140,39,101,中國信託-文心,2024-07-09,6164
2883B,凱基金乙特,100,2,98,中國信託-文心,2024-07-09,6164
6226,光鼎,92,0,92,中國信託-文心,2024-07-09,6164
2365,昆盈,161,76,85,中國信託-文心,2024-07-09,6164
2353,宏��,87,4,83,中國信託-文心,2024-07-09,6164
2312,金寶,319,240,79,中國信託-文心,2024-07-09,6164
00878,國泰永續高股息,94,18,76,中國信託-文心,2024-07-09,6164
2887,台新金,87,12,75,中國信託-文心,2024-07-09,6164
4960,誠美材,73,7,66,中國信託-文心,2024-07-09,6164
3710,連展投控,72,7,65,中國信託-文心,2024-07-09,6164
2543,皇昌,82,19,63,中國信託-文心,2024-07-09,6164
3033,威健,67,4,63,中國信託-文心,2024-07-09,6164
2882,國泰金,75,14,61,中國信託-文心,2024-07-09,6164
2405,輔信,130,73,57,中國信託-文心,2024-07-09,6164
9928,中視,48,1,47,中國信託-文心,2024-07-09,6164
2609,陽明,68,22,46,中國信託-文心,2024-07-09,6164
2615,萬海,54,8,46,中國信託-文心,2024-07-09,6164
1536,和大,102,59,43,中國信託-文心,2024-07-09,6164
3045,台灣大,43,1,42,中國信託-文心,2024-07-09,6164
2539,櫻花建,40,0,40,中國信託-文心,2024-07-09,6164
2330,台積電,47,8,39,中國信託-文心,2024-07-09,6164
3694,海華,40,1,39,中國信託-文心,2024-07-09,6164
00905,FT臺灣Smart,38,0,38,中國信託-文心,2024-07-09,6164
2883,凱基金,42,5,37,中國信託-文心,2024-07-09,6164
1608,華榮,51,17,34,中國信託-文心,2024-07-09,6164
3481,群創,74,42,32,中國信託-文心,2024-07-09,6164
3313,斐成,44,13,31,中國信託-文心,2024-07-09,6164
2891,中信金,35,5,30,中國信託-文心,2024-07-09,6164
3231,緯創,60,30,30,中國信託-文心,2024-07-09,6164
2337,旺宏,34,5,29,中國信託-文心,2024-07-09,6164
3163,波若威,136,108,28,中國信託-文心,2024-07-09,6164
2363,矽統,58,31,27,中國信託-文心,2024-07-09,6164
0056,元大高股息,57,31,26,中國信託-文心,2024-07-09,6164
3047,訊舟,179,153,26,中國信託-文心,2024-07-09,6164
00929,復華台灣科技優息,428,61,367,中國信託-文心,2024-07-10,6164
2883B,凱基金乙特,200,1,199,中國信託-文心,2024-07-10,6164
2888,新光金,831,644,187,中國信託-文心,2024-07-10,6164
00934,中信成長高股息,174,0,174,中國信託-文心,2024-07-10,6164
9105,泰金寶-DR,164,28,136,中國信託-文心,2024-07-10,6164
00948B,中信優息投資級債,116,0,116,中國信託-文心,2024-07-10,6164
2405,輔信,139,28,111,中國信託-文心,2024-07-10,6164
3481,群創,249,154,95,中國信託-文心,2024-07-10,6164
00937B,群益ESG投等債20,231,141,90,中國信託-文心,2024-07-10,6164
2002,中鋼,77,1,76,中國信託-文心,2024-07-10,6164
00720B,元大投資級公司債,66,0,66,中國信託-文心,2024-07-10,6164
00944,野村趨勢動能高息,64,0,64,中國信託-文心,2024-07-10,6164
2353,宏��,146,87,59,中國信託-文心,2024-07-10,6164
2356,英業達,86,30,56,中國信託-文心,2024-07-10,6164
3710,連展投控,60,5,55,中國信託-文心,2024-07-10,6164
3498,陽程,57,6,51,中國信託-文心,2024-07-10,6164
2406,國碩,94,44,50,中國信託-文心,2024-07-10,6164
5347,世界,52,3,49,中國信託-文心,2024-07-10,6164
5309,系統電,56,9,47,中國信託-文心,2024-07-10,6164
00679B,元大美債20年,101,55,46,中國信託-文心,2024-07-10,6164
6265,方土昶,45,2,43,中國信託-文心,2024-07-10,6164
00696B,富邦美債20年,41,1,40,中國信託-文心,2024-07-10,6164
2845,遠東銀,40,1,39,中國信託-文心,2024-07-10,6164
4979,華星光,54,16,38,中國信託-文心,2024-07-10,6164
2317,鴻海,69,31,38,中國信託-文心,2024-07-10,6164
2867,三商壽,127,90,37,中國信託-文心,2024-07-10,6164
2303,聯電,54,17,37,中國信託-文心,2024-07-10,6164
00632R,元大台灣50反1,161,126,35,中國信託-文心,2024-07-10,6164
2834,臺企銀,70,35,35,中國信託-文心,2024-07-10,6164
00878,國泰永續高股息,84,49,35,中國信託-文心,2024-07-10,6164
4903,聯光通,35,3,32,中國信託-文心,2024-07-10,6164
3037,欣興,34,4,30,中國信託-文心,2024-07-10,6164
2337,旺宏,33,3,30,中國信託-文心,2024-07-10,6164
6226,光鼎,30,0,30,中國信託-文心,2024-07-10,6164
2514,龍邦,31,2,29,中國信託-文心,2024-07-10,6164
00919,群益台灣精選高息,78,49,29,中國信託-文心,2024-07-10,6164
9928,中視,27,0,27,中國信託-文心,2024-07-10,6164
00930,永豐ESG低碳高息,27,1,26,中國信託-文心,2024-07-10,6164
00881,國泰台灣5G+,40,14,26,中國信託-文心,2024-07-10,6164
2392,正崴,242,217,25,中國信託-文心,2024-07-10,6164
3645,達邁,39,15,24,中國信託-文心,2024-07-10,6164
6152,百一,23,1,22,中國信託-文心,2024-07-10,6164
2543,皇昌,43,22,21,中國信託-文心,2024-07-10,6164
2301,光寶科,41,19,22,中國信託-文心,2024-07-10,6164
2344,華邦電,23,2,21,中國信託-文心,2024-07-10,6164
006208,富邦台50,21,0,21,中國信託-文心,2024-07-10,6164
6806,森崴能源,98,77,21,中國信託-文心,2024-07-10,6164
3466,德晉,21,1,20,中國信託-文心,2024-07-10,6164
8016,矽創,20,0,20,中國信託-文心,2024-07-10,6164
2464,盟立,101,81,20,中國信託-文心,2024-07-10,6164
9105,泰金寶-DR,453,234,219,中國信託-文心,2024-07-11,6164
00679B,元大美債20年,209,1,208,中國信託-文心,2024-07-11,6164
2530,華建,200,3,197,中國信託-文心,2024-07-11,6164
00687B,國泰20年美債,187,6,181,中國信託-文心,2024-07-11,6164
4414,如興,166,5,161,中國信託-文心,2024-07-11,6164
00937B,群益ESG投等債20,176,23,153,中國信託-文心,2024-07-11,6164
2891,中信金,167,21,146,中國信託-文心,2024-07-11,6164
00680L,元大美債20正2,130,14,116,中國信託-文心,2024-07-11,6164
00931B,統一美債20年,103,0,103,中國信託-文心,2024-07-11,6164
3593,力銘,104,2,102,中國信託-文心,2024-07-11,6164
00934,中信成長高股息,176,75,101,中國信託-文心,2024-07-11,6164
3056,富華新,109,9,100,中國信託-文心,2024-07-11,6164
2883B,凱基金乙特,100,0,100,中國信託-文心,2024-07-11,6164
00936,台新永續高息中小,156,66,90,中國信託-文心,2024-07-11,6164
6177,達麗,93,5,88,中國信託-文心,2024-07-11,6164
2618,長榮航,119,33,86,中國信託-文心,2024-07-11,6164
00933B,國泰10Y+金融債,99,14,85,中國信託-文心,2024-07-11,6164
00688L,國泰20年美債正2,78,0,78,中國信託-文心,2024-07-11,6164
00927,群益半導體收益,75,0,75,中國信託-文心,2024-07-11,6164
2382,廣達,77,7,70,中國信託-文心,2024-07-11,6164
3231,緯創,83,13,70,中國信託-文心,2024-07-11,6164
0056,元大高股息,85,15,70,中國信託-文心,2024-07-11,6164
8105,凌巨,48,3,45,中國信託-文心,2024-07-11,6164
8028,昇陽半導體,60,19,41,中國信託-文心,2024-07-11,6164
4960,誠美材,47,7,40,中國信託-文心,2024-07-11,6164
00772B,中信高評級公司債,44,5,39,中國信託-文心,2024-07-11,6164
2365,昆盈,289,253,36,中國信託-文心,2024-07-11,6164
2539,櫻花建,35,0,35,中國信託-文心,2024-07-11,6164
1101,台泥,34,1,33,中國信託-文心,2024-07-11,6164
1503,士電,40,8,32,中國信託-文心,2024-07-11,6164
00948B,中信優息投資級債,63,31,32,中國信託-文心,2024-07-11,6164
2812,台中銀,37,5,32,中國信託-文心,2024-07-11,6164
2002,中鋼,35,3,32,中國信託-文心,2024-07-11,6164
4534,慶騰,30,0,30,中國信託-文心,2024-07-11,6164
1504,東元,43,13,30,中國信託-文心,2024-07-11,6164
2316,楠梓電,47,20,27,中國信託-文心,2024-07-11,6164
1514,亞力,92,65,27,中國信託-文心,2024-07-11,6164
1569,濱川,31,4,27,中國信託-文心,2024-07-11,6164
00725B,國泰投資級公司債,26,0,26,中國信託-文心,2024-07-11,6164
3707,漢磊,45,19,26,中國信託-文心,2024-07-11,6164
2359,所羅門,33,8,25,中國信託-文心,2024-07-11,6164
6163,華電網,40,15,25,中國信託-文心,2024-07-11,6164
00901,永豐智能車供應鏈,25,0,25,中國信託-文心,2024-07-11,6164
2406,國碩,90,65,25,中國信託-文心,2024-07-11,6164
2376,技嘉,30,5,25,中國信託-文心,2024-07-11,6164
2344,華邦電,58,34,24,中國信託-文心,2024-07-11,6164
8076,伍豐,30,6,24,中國信託-文心,2024-07-11,6164
4545,銘鈺,24,0,24,中國信託-文心,2024-07-11,6164
3663,鑫科,82,58,24,中國信託-文心,2024-07-11,6164
2362,藍天,79,56,23,中國信託-文心,2024-07-11,6164
00929,復華台灣科技優息,850,12,838,中國信託-文心,2024-07-12,6164
00934,中信成長高股息,765,12,753,中國信託-文心,2024-07-12,6164
00919,群益台灣精選高息,619,90,529,中國信託-文心,2024-07-12,6164
2867,三商壽,432,72,360,中國信託-文心,2024-07-12,6164
1301,台塑,346,7,339,中國信託-文心,2024-07-12,6164
2317,鴻海,313,41,272,中國信託-文心,2024-07-12,6164
00679B,元大美債20年,372,120,252,中國信託-文心,2024-07-12,6164
2530,華建,211,0,211,中國信託-文心,2024-07-12,6164
2888,新光金,261,60,201,中國信託-文心,2024-07-12,6164
00753L,中信中國50正2,235,35,200,中國信託-文心,2024-07-12,6164
00632R,元大台灣50反1,230,42,188,中國信託-文心,2024-07-12,6164
2303,聯電,213,41,172,中國信託-文心,2024-07-12,6164
00937B,群益ESG投等債20,234,98,136,中國信託-文心,2024-07-12,6164
2312,金寶,291,162,129,中國信託-文心,2024-07-12,6164
00795B,中信美國公債20年,131,10,121,中國信託-文心,2024-07-12,6164
00881,國泰台灣5G+,142,21,121,中國信託-文心,2024-07-12,6164
00927,群益半導體收益,116,8,108,中國信託-文心,2024-07-12,6164
2539,櫻花建,85,0,85,中國信託-文心,2024-07-12,6164
0056,元大高股息,155,75,80,中國信託-文心,2024-07-12,6164
00946,群益科技高息成長,85,12,73,中國信託-文心,2024-07-12,6164
00949,復華日本龍頭,74,2,72,中國信託-文心,2024-07-12,6164
2371,大同,77,6,71,中國信託-文心,2024-07-12,6164
00878,國泰永續高股息,109,40,69,中國信託-文心,2024-07-12,6164
2330,台積電,102,37,65,中國信託-文心,2024-07-12,6164
3231,緯創,64,3,61,中國信託-文心,2024-07-12,6164
4414,如興,56,0,56,中國信託-文心,2024-07-12,6164
2891,中信金,83,29,54,中國信託-文心,2024-07-12,6164
006208,富邦台50,69,17,52,中國信託-文心,2024-07-12,6164
1409,新纖,51,2,49,中國信託-文心,2024-07-12,6164
5309,系統電,74,26,48,中國信託-文心,2024-07-12,6164
3037,欣興,119,73,46,中國信託-文心,2024-07-12,6164
2313,華通,66,20,46,中國信託-文心,2024-07-12,6164
00935,野村臺灣新科技50,43,0,43,中國信託-文心,2024-07-12,6164
3673,TPK-KY,48,5,43,中國信託-文心,2024-07-12,6164
0050,元大台灣50,54,13,41,中國信託-文心,2024-07-12,6164
2208,台船,42,2,40,中國信託-文心,2024-07-12,6164
5225,東科-KY,40,0,40,中國信託-文心,2024-07-12,6164
00891,中信關鍵半導體,41,2,39,中國信託-文心,2024-07-12,6164
3711,日月光投控,52,16,36,中國信託-文心,2024-07-12,6164
1316,上曜,90,55,35,中國信託-文心,2024-07-12,6164
2382,廣達,50,16,34,中國信託-文心,2024-07-12,6164
00725B,國泰投資級公司債,34,0,34,中國信託-文心,2024-07-12,6164
3050,鈺德,41,8,33,中國信託-文心,2024-07-12,6164
2449,京元電子,41,9,32,中國信託-文心,2024-07-12,6164
6548,長科*,31,1,30,中國信託-文心,2024-07-12,6164
00696B,富邦美債20年,30,2,28,中國信託-文心,2024-07-12,6164
1612,宏泰,56,28,28,中國信託-文心,2024-07-12,6164
00931B,統一美債20年,24,0,24,中國信託-文心,2024-07-12,6164
2374,佳能,35,12,23,中國信託-文心,2024-07-12,6164
3708,上緯投控,25,2,23,中國信託-文心,2024-07-12,6164
00929,復華台灣科技優息,1193,67,1126,中國信託-文心,2024-07-15,6164
00937B,群益ESG投等債20,574,30,544,中國信託-文心,2024-07-15,6164
00679B,元大美債20年,417,53,364,中國信託-文心,2024-07-15,6164
00934,中信成長高股息,730,382,348,中國信託-文心,2024-07-15,6164
3056,富華新,341,25,316,中國信託-文心,2024-07-15,6164
2891,中信金,330,17,313,中國信託-文心,2024-07-15,6164
00897,富邦基因免疫生技,294,0,294,中國信託-文心,2024-07-15,6164
2867,三商壽,337,110,227,中國信託-文心,2024-07-15,6164
0056,元大高股息,214,58,156,中國信託-文心,2024-07-15,6164
2312,金寶,258,107,151,中國信託-文心,2024-07-15,6164
2886,兆豐金,144,5,139,中國信託-文心,2024-07-15,6164
8105,凌巨,119,6,113,中國信託-文心,2024-07-15,6164
00632R,元大台灣50反1,90,0,90,中國信託-文心,2024-07-15,6164
9105,泰金寶-DR,99,20,79,中國信託-文心,2024-07-15,6164
00688L,國泰20年美債正2,84,11,73,中國信託-文心,2024-07-15,6164
00933B,國泰10Y+金融債,75,4,71,中國信託-文心,2024-07-15,6164
006208,富邦台50,73,2,71,中國信託-文心,2024-07-15,6164
2356,英業達,164,94,70,中國信託-文心,2024-07-15,6164
00680L,元大美債20正2,82,15,67,中國信託-文心,2024-07-15,6164
2489,瑞軒,346,282,64,中國信託-文心,2024-07-15,6164
00936,台新永續高息中小,83,20,63,中國信託-文心,2024-07-15,6164
1301,台塑,54,0,54,中國信託-文心,2024-07-15,6164
00725B,國泰投資級公司債,46,0,46,中國信託-文心,2024-07-15,6164
00919,群益台灣精選高息,105,59,46,中國信託-文心,2024-07-15,6164
2382,廣達,50,4,46,中國信託-文心,2024-07-15,6164
8059,凱碩,40,2,38,中國信託-文心,2024-07-15,6164
6213,聯茂,39,2,37,中國信託-文心,2024-07-15,6164
2402,毅嘉,44,7,37,中國信託-文心,2024-07-15,6164
6770,力積電,39,3,36,中國信託-文心,2024-07-15,6164
00918,大華優利高填息30,35,0,35,中國信託-文心,2024-07-15,6164
2883,凱基金,37,2,35,中國信託-文心,2024-07-15,6164
2376,技嘉,39,4,35,中國信託-文心,2024-07-15,6164
2317,鴻海,67,34,33,中國信託-文心,2024-07-15,6164
2538,基泰,33,0,33,中國信託-文心,2024-07-15,6164
1727,中華化,47,14,33,中國信託-文心,2024-07-15,6164
6270,倍微,35,4,31,中國信託-文心,2024-07-15,6164
00720B,元大投資級公司債,30,0,30,中國信託-文心,2024-07-15,6164
2399,映泰,48,19,29,中國信託-文心,2024-07-15,6164
2885,元大金,27,0,27,中國信託-文心,2024-07-15,6164
8103,瀚荃,73,46,27,中國信託-文心,2024-07-15,6164
3163,波若威,72,46,26,中國信託-文心,2024-07-15,6164
00950B,凱基A級公司債,25,0,25,中國信託-文心,2024-07-15,6164
5530,龍巖,25,1,24,中國信託-文心,2024-07-15,6164
2330,台積電,30,6,24,中國信託-文心,2024-07-15,6164
00931B,統一美債20年,23,0,23,中國信託-文心,2024-07-15,6164
3379,彬台,60,37,23,中國信託-文心,2024-07-15,6164
00949,復華日本龍頭,22,0,22,中國信託-文心,2024-07-15,6164
2605,新興,24,3,21,中國信託-文心,2024-07-15,6164
00713,元大台灣高息低波,32,11,21,中國信託-文心,2024-07-15,6164
00907,永豐優息存股,21,1,20,中國信託-文心,2024-07-15,6164
2913,農林,542,13,529,中國信託-文心,2024-07-16,6164
00929,復華台灣科技優息,540,58,482,中國信託-文心,2024-07-16,6164
3056,富華新,280,19,261,中國信託-文心,2024-07-16,6164
0056,元大高股息,278,27,251,中國信託-文心,2024-07-16,6164
00934,中信成長高股息,251,8,243,中國信託-文心,2024-07-16,6164
00680L,元大美債20正2,238,0,238,中國信託-文心,2024-07-16,6164
00919,群益台灣精選高息,218,25,193,中國信託-文心,2024-07-16,6164
2317,鴻海,156,17,139,中國信託-文心,2024-07-16,6164
2530,華建,126,1,125,中國信託-文心,2024-07-16,6164
00664R,國泰臺灣加權反1,100,0,100,中國信託-文心,2024-07-16,6164
00927,群益半導體收益,93,1,92,中國信託-文心,2024-07-16,6164
2412,中華電,87,0,87,中國信託-文心,2024-07-16,6164
2506,太設,84,2,82,中國信託-文心,2024-07-16,6164
00632R,元大台灣50反1,110,30,80,中國信託-文心,2024-07-16,6164
00905,FT臺灣Smart,80,0,80,中國信託-文心,2024-07-16,6164
00933B,國泰10Y+金融債,102,25,77,中國信託-文心,2024-07-16,6164
2312,金寶,174,100,74,中國信託-文心,2024-07-16,6164
3481,群創,106,32,74,中國信託-文心,2024-07-16,6164
00688L,國泰20年美債正2,62,6,56,中國信託-文心,2024-07-16,6164
6016,康和證,55,0,55,中國信託-文心,2024-07-16,6164
2002,中鋼,61,9,52,中國信託-文心,2024-07-16,6164
00882,中信中國高股息,50,0,50,中國信託-文心,2024-07-16,6164
1314,中石化,41,0,41,中國信託-文心,2024-07-16,6164
2615,萬海,62,22,40,中國信託-文心,2024-07-16,6164
8936,國統,47,7,40,中國信託-文心,2024-07-16,6164
1503,士電,50,11,39,中國信託-文心,2024-07-16,6164
00936,台新永續高息中小,56,19,37,中國信託-文心,2024-07-16,6164
1473,台南,39,2,37,中國信託-文心,2024-07-16,6164
4414,如興,52,16,36,中國信託-文心,2024-07-16,6164
2891,中信金,72,36,36,中國信託-文心,2024-07-16,6164
00687B,國泰20年美債,38,3,35,中國信託-文心,2024-07-16,6164
2409,友達,65,31,34,中國信託-文心,2024-07-16,6164
5443,均豪,50,18,32,中國信託-文心,2024-07-16,6164
3520,華盈,41,10,31,中國信託-文心,2024-07-16,6164
2489,瑞軒,173,143,30,中國信託-文心,2024-07-16,6164
1609,大亞,87,57,30,中國信託-文心,2024-07-16,6164
2303,聯電,37,8,29,中國信託-文心,2024-07-16,6164
6127,九豪,34,5,29,中國信託-文心,2024-07-16,6164
3163,波若威,73,45,28,中國信託-文心,2024-07-16,6164
2408,南亞科,27,0,27,中國信託-文心,2024-07-16,6164
8011,台通,107,81,26,中國信託-文心,2024-07-16,6164
4133,亞諾法,25,0,25,中國信託-文心,2024-07-16,6164
00665L,富邦�琤肭磪囓�2,24,0,24,中國信託-文心,2024-07-16,6164
4109,加捷生醫,41,19,22,中國信託-文心,2024-07-16,6164
00881,國泰台灣5G+,32,10,22,中國信託-文心,2024-07-16,6164
2883B,凱基金乙特,22,0,22,中國信託-文心,2024-07-16,6164
2368,金像電,30,9,21,中國信託-文心,2024-07-16,6164
8358,金居,28,7,21,中國信託-文心,2024-07-16,6164
1446,宏和,20,0,20,中國信託-文心,2024-07-16,6164
00706L,期元大S＆P日圓正2,20,0,20,中國信託-文心,2024-07-16,6164
00937B,群益ESG投等債20,642,19,623,中國信託-文心,2024-07-17,6164
00929,復華台灣科技優息,668,47,621,中國信託-文心,2024-07-17,6164
2883B,凱基金乙特,403,0,403,中國信託-文心,2024-07-17,6164
00945B,凱基美國非投等債,190,0,190,中國信託-文心,2024-07-17,6164
00679B,元大美債20年,209,28,181,中國信託-文心,2024-07-17,6164
00940,元大台灣價值高息,559,405,154,中國信託-文心,2024-07-17,6164
0056,元大高股息,147,13,134,中國信託-文心,2024-07-17,6164
2891,中信金,133,4,129,中國信託-文心,2024-07-17,6164
00688L,國泰20年美債正2,164,49,115,中國信託-文心,2024-07-17,6164
3062,建漢,131,21,110,中國信託-文心,2024-07-17,6164
00795B,中信美國公債20年,104,1,103,中國信託-文心,2024-07-17,6164
00878,國泰永續高股息,102,3,99,中國信託-文心,2024-07-17,6164
3231,緯創,118,35,83,中國信託-文心,2024-07-17,6164
6957,裕慶-KY,84,2,82,中國信託-文心,2024-07-17,6164
6112,邁達特,87,7,80,中國信託-文心,2024-07-17,6164
6770,力積電,102,26,76,中國信託-文心,2024-07-17,6164
00934,中信成長高股息,96,22,74,中國信託-文心,2024-07-17,6164
4906,正文,154,84,70,中國信託-文心,2024-07-17,6164
2312,金寶,160,91,69,中國信託-文心,2024-07-17,6164
00927,群益半導體收益,70,3,67,中國信託-文心,2024-07-17,6164
00919,群益台灣精選高息,183,120,63,中國信託-文心,2024-07-17,6164
00720B,元大投資級公司債,56,0,56,中國信託-文心,2024-07-17,6164
4967,十銓,64,9,55,中國信託-文心,2024-07-17,6164
1301,台塑,65,14,51,中國信託-文心,2024-07-17,6164
00753L,中信中國50正2,50,0,50,中國信託-文心,2024-07-17,6164
2834,臺企銀,48,0,48,中國信託-文心,2024-07-17,6164
2330,台積電,55,7,48,中國信託-文心,2024-07-17,6164
2382,廣達,48,3,45,中國信託-文心,2024-07-17,6164
00891,中信關鍵半導體,45,2,43,中國信託-文心,2024-07-17,6164
6152,百一,43,0,43,中國信託-文心,2024-07-17,6164
1608,華榮,81,38,43,中國信託-文心,2024-07-17,6164
00946,群益科技高息成長,43,0,43,中國信託-文心,2024-07-17,6164
00881,國泰台灣5G+,62,20,42,中國信託-文心,2024-07-17,6164
2317,鴻海,98,58,40,中國信託-文心,2024-07-17,6164
00687B,國泰20年美債,80,40,40,中國信託-文心,2024-07-17,6164
2530,華建,40,0,40,中國信託-文心,2024-07-17,6164
0050,元大台灣50,45,7,38,中國信託-文心,2024-07-17,6164
2537,聯上發,165,128,37,中國信託-文心,2024-07-17,6164
00949,復華日本龍頭,34,0,34,中國信託-文心,2024-07-17,6164
1503,士電,38,4,34,中國信託-文心,2024-07-17,6164
3686,達能,35,1,34,中國信託-文心,2024-07-17,6164
00882,中信中國高股息,40,6,34,中國信託-文心,2024-07-17,6164
00905,FT臺灣Smart,35,2,33,中國信託-文心,2024-07-17,6164
9904,寶成,86,54,32,中國信託-文心,2024-07-17,6164
4729,熒茂,31,0,31,中國信託-文心,2024-07-17,6164
1609,大亞,104,77,27,中國信託-文心,2024-07-17,6164
3290,東浦,32,6,26,中國信託-文心,2024-07-17,6164
1409,新纖,99,73,26,中國信託-文心,2024-07-17,6164
00918,大華優利高填息30,40,14,26,中國信託-文心,2024-07-17,6164
2359,所羅門,45,19,26,中國信託-文心,2024-07-17,6164
00919,群益台灣精選高息,615,97,518,中國信託-文心,2024-07-18,6164
6021,美好證,222,0,222,中國信託-文心,2024-07-18,6164
00937B,群益ESG投等債20,310,89,221,中國信託-文心,2024-07-18,6164
00680L,元大美債20正2,205,0,205,中國信託-文心,2024-07-18,6164
2834,臺企銀,187,8,179,中國信託-文心,2024-07-18,6164
2867,三商壽,138,3,135,中國信託-文心,2024-07-18,6164
2382,廣達,135,4,131,中國信託-文心,2024-07-18,6164
00934,中信成長高股息,196,69,127,中國信託-文心,2024-07-18,6164
00929,復華台灣科技優息,614,492,122,中國信託-文心,2024-07-18,6164
2317,鴻海,199,77,122,中國信託-文心,2024-07-18,6164
00664R,國泰臺灣加權反1,120,0,120,中國信託-文心,2024-07-18,6164
8105,凌巨,174,73,101,中國信託-文心,2024-07-18,6164
2316,楠梓電,101,1,100,中國信託-文心,2024-07-18,6164
4303,信立,133,35,98,中國信託-文心,2024-07-18,6164
00927,群益半導體收益,90,3,87,中國信託-文心,2024-07-18,6164
4979,華星光,73,2,71,中國信託-文心,2024-07-18,6164
00891,中信關鍵半導體,100,30,70,中國信託-文心,2024-07-18,6164
2891,中信金,97,29,68,中國信託-文心,2024-07-18,6164
2313,華通,186,119,67,中國信託-文心,2024-07-18,6164
2449,京元電子,94,29,65,中國信託-文心,2024-07-18,6164
3481,群創,367,304,63,中國信託-文心,2024-07-18,6164
4961,天鈺,61,0,61,中國信託-文心,2024-07-18,6164
00905,FT臺灣Smart,62,3,59,中國信託-文心,2024-07-18,6164
00915,凱基優選高股息30,90,32,58,中國信託-文心,2024-07-18,6164
00679B,元大美債20年,124,66,58,中國信託-文心,2024-07-18,6164
00941,中信上游半導體,161,104,57,中國信託-文心,2024-07-18,6164
2356,英業達,75,20,55,中國信託-文心,2024-07-18,6164
2371,大同,97,43,54,中國信託-文心,2024-07-18,6164
00923,群益台ESG低碳50,60,8,52,中國信託-文心,2024-07-18,6164
6116,彩晶,54,2,52,中國信託-文心,2024-07-18,6164
3260,威剛,56,5,51,中國信託-文心,2024-07-18,6164
00830,國泰費城半導體,62,11,51,中國信託-文心,2024-07-18,6164
2409,友達,162,112,50,中國信託-文心,2024-07-18,6164
6257,矽格,50,2,48,中國信託-文心,2024-07-18,6164
2330,台積電,112,65,47,中國信託-文心,2024-07-18,6164
2365,昆盈,177,131,46,中國信託-文心,2024-07-18,6164
6270,倍微,53,9,44,中國信託-文心,2024-07-18,6164
00706L,期元大S＆P日圓正2,42,0,42,中國信託-文心,2024-07-18,6164
1301,台塑,70,29,41,中國信託-文心,2024-07-18,6164
00688L,國泰20年美債正2,51,10,41,中國信託-文心,2024-07-18,6164
3712,永崴投控,41,1,40,中國信託-文心,2024-07-18,6164
00935,野村臺灣新科技50,38,0,38,中國信託-文心,2024-07-18,6164
00733,富邦臺灣中小,42,5,37,中國信託-文心,2024-07-18,6164
2618,長榮航,50,14,36,中國信託-文心,2024-07-18,6164
3221,台嘉碩,37,1,36,中國信託-文心,2024-07-18,6164
9105,泰金寶-DR,58,23,35,中國信託-文心,2024-07-18,6164
00881,國泰台灣5G+,59,24,35,中國信託-文心,2024-07-18,6164
3711,日月光投控,37,2,35,中國信託-文心,2024-07-18,6164
3163,波若威,164,132,32,中國信託-文心,2024-07-18,6164
8028,昇陽半導體,53,22,31,中國信託-文心,2024-07-18,6164
00929,復華台灣科技優息,667,132,535,中國信託-文心,2024-07-19,6164
00937B,群益ESG投等債20,366,20,346,中國信託-文心,2024-07-19,6164
00946,群益科技高息成長,310,14,296,中國信託-文心,2024-07-19,6164
00919,群益台灣精選高息,382,136,246,中國信託-文心,2024-07-19,6164
00878,國泰永續高股息,295,130,165,中國信託-文心,2024-07-19,6164
2891,中信金,178,13,165,中國信託-文心,2024-07-19,6164
00934,中信成長高股息,169,7,162,中國信託-文心,2024-07-19,6164
00941,中信上游半導體,129,14,115,中國信託-文心,2024-07-19,6164
2834,臺企銀,103,0,103,中國信託-文心,2024-07-19,6164
2324,仁寶,103,8,95,中國信託-文心,2024-07-19,6164
00918,大華優利高填息30,94,5,89,中國信託-文心,2024-07-19,6164
00713,元大台灣高息低波,93,4,89,中國信託-文心,2024-07-19,6164
00680L,元大美債20正2,105,17,88,中國信託-文心,2024-07-19,6164
2883,凱基金,98,12,86,中國信託-文心,2024-07-19,6164
00905,FT臺灣Smart,77,0,77,中國信託-文心,2024-07-19,6164
2330,台積電,158,83,75,中國信託-文心,2024-07-19,6164
2313,華通,118,46,72,中國信託-文心,2024-07-19,6164
0056,元大高股息,205,139,66,中國信託-文心,2024-07-19,6164
00948B,中信優息投資級債,75,10,65,中國信託-文心,2024-07-19,6164
00650L,復華香港正2,66,1,65,中國信託-文心,2024-07-19,6164
8054,安國,148,83,65,中國信託-文心,2024-07-19,6164
00632R,元大台灣50反1,548,484,64,中國信託-文心,2024-07-19,6164
2419,仲琦,199,138,61,中國信託-文心,2024-07-19,6164
3052,夆典,62,1,61,中國信託-文心,2024-07-19,6164
2344,華邦電,65,6,59,中國信託-文心,2024-07-19,6164
0050,元大台灣50,70,11,59,中國信託-文心,2024-07-19,6164
2365,昆盈,221,164,57,中國信託-文心,2024-07-19,6164
00706L,期元大S＆P日圓正2,55,0,55,中國信託-文心,2024-07-19,6164
00688L,國泰20年美債正2,99,45,54,中國信託-文心,2024-07-19,6164
4903,聯光通,56,2,54,中國信託-文心,2024-07-19,6164
8936,國統,131,78,53,中國信託-文心,2024-07-19,6164
00881,國泰台灣5G+,62,10,52,中國信託-文心,2024-07-19,6164
00891,中信關鍵半導體,57,8,49,中國信託-文心,2024-07-19,6164
3056,富華新,48,2,46,中國信託-文心,2024-07-19,6164
2356,英業達,53,7,46,中國信託-文心,2024-07-19,6164
6770,力積電,53,8,45,中國信託-文心,2024-07-19,6164
2317,鴻海,109,65,44,中國信託-文心,2024-07-19,6164
8076,伍豐,48,5,43,中國信託-文心,2024-07-19,6164
6021,美好證,44,2,42,中國信託-文心,2024-07-19,6164
1303,南亞,43,1,42,中國信託-文心,2024-07-19,6164
1326,台化,40,0,40,中國信託-文心,2024-07-19,6164
3038,全台,40,0,40,中國信託-文心,2024-07-19,6164
2371,大同,46,6,40,中國信託-文心,2024-07-19,6164
2409,友達,151,112,39,中國信託-文心,2024-07-19,6164
1784,訊聯,76,37,39,中國信託-文心,2024-07-19,6164
2812,台中銀,38,3,35,中國信託-文心,2024-07-19,6164
00949,復華日本龍頭,35,0,35,中國信託-文心,2024-07-19,6164
2329,華泰,35,0,35,中國信託-文心,2024-07-19,6164
2007,燁興,34,0,34,中國信託-文心,2024-07-19,6164
1314,中石化,46,13,33,中國信託-文心,2024-07-19,6164
00945B,凱基美國非投等債,1111,0,1111,中國信託-文心,2024-07-22,6164
00632R,元大台灣50反1,608,153,455,中國信託-文心,2024-07-22,6164
3481,群創,317,39,278,中國信託-文心,2024-07-22,6164
00940,元大台灣價值高息,491,246,245,中國信託-文心,2024-07-22,6164
2317,鴻海,314,114,200,中國信託-文心,2024-07-22,6164
2883,凱基金,221,40,181,中國信託-文心,2024-07-22,6164
9105,泰金寶-DR,205,58,147,中國信託-文心,2024-07-22,6164
2888,新光金,225,82,143,中國信託-文心,2024-07-22,6164
00878,國泰永續高股息,277,146,131,中國信託-文心,2024-07-22,6164
3202,樺晟,106,0,106,中國信託-文心,2024-07-22,6164
6806,森崴能源,151,51,100,中國信託-文心,2024-07-22,6164
00891,中信關鍵半導體,87,1,86,中國信託-文心,2024-07-22,6164
1314,中石化,82,1,81,中國信託-文心,2024-07-22,6164
0056,元大高股息,151,72,79,中國信託-文心,2024-07-22,6164
2734,易飛網,69,0,69,中國信託-文心,2024-07-22,6164
00936,台新永續高息中小,75,12,63,中國信託-文心,2024-07-22,6164
6957,裕慶-KY,60,0,60,中國信託-文心,2024-07-22,6164
2312,金寶,227,171,56,中國信託-文心,2024-07-22,6164
2365,昆盈,144,90,54,中國信託-文心,2024-07-22,6164
2408,南亞科,59,7,52,中國信託-文心,2024-07-22,6164
2303,聯電,78,27,51,中國信託-文心,2024-07-22,6164
1301,台塑,50,0,50,中國信託-文心,2024-07-22,6164
3052,夆典,50,0,50,中國信託-文心,2024-07-22,6164
2344,華邦電,65,18,47,中國信託-文心,2024-07-22,6164
00947,台新臺灣IC設計,57,11,46,中國信託-文心,2024-07-22,6164
00675L,富邦臺灣加權正2,45,2,43,中國信託-文心,2024-07-22,6164
2891,中信金,85,42,43,中國信託-文心,2024-07-22,6164
2419,仲琦,61,22,39,中國信託-文心,2024-07-22,6164
00919,群益台灣精選高息,669,633,36,中國信託-文心,2024-07-22,6164
2301,光寶科,44,10,34,中國信託-文心,2024-07-22,6164
6271,同欣電,33,0,33,中國信託-文心,2024-07-22,6164
2409,友達,65,32,33,中國信託-文心,2024-07-22,6164
00923,群益台ESG低碳50,47,16,31,中國信託-文心,2024-07-22,6164
8104,錸寶,31,0,31,中國信託-文心,2024-07-22,6164
1529,樂事綠能,78,47,31,中國信託-文心,2024-07-22,6164
4534,慶騰,30,1,29,中國信託-文心,2024-07-22,6164
00687B,國泰20年美債,59,30,29,中國信託-文心,2024-07-22,6164
2845,遠東銀,30,1,29,中國信託-文心,2024-07-22,6164
5523,豐謙,30,2,28,中國信託-文心,2024-07-22,6164
2489,瑞軒,43,15,28,中國信託-文心,2024-07-22,6164
00720B,元大投資級公司債,27,0,27,中國信託-文心,2024-07-22,6164
00918,大華優利高填息30,80,53,27,中國信託-文心,2024-07-22,6164
2002,中鋼,48,24,24,中國信託-文心,2024-07-22,6164
00679B,元大美債20年,57,34,23,中國信託-文心,2024-07-22,6164
6789,采鈺,34,12,22,中國信託-文心,2024-07-22,6164
2208,台船,32,10,22,中國信託-文心,2024-07-22,6164
00631L,元大台灣50正2,25,3,22,中國信託-文心,2024-07-22,6164
2882,國泰金,35,14,21,中國信託-文心,2024-07-22,6164
2812,台中銀,21,0,21,中國信託-文心,2024-07-22,6164
4128,中天,31,11,20,中國信託-文心,2024-07-22,6164
00929,復華台灣科技優息,597,130,467,中國信託-文心,2024-07-23,6164
3481,群創,398,48,350,中國信託-文心,2024-07-23,6164
00919,群益台灣精選高息,349,22,327,中國信託-文心,2024-07-23,6164
00937B,群益ESG投等債20,385,107,278,中國信託-文心,2024-07-23,6164
2812,台中銀,116,0,116,中國信託-文心,2024-07-23,6164
2353,宏��,101,8,93,中國信託-文心,2024-07-23,6164
2891,中信金,103,16,87,中國信託-文心,2024-07-23,6164
2888,新光金,184,99,85,中國信託-文心,2024-07-23,6164
00687B,國泰20年美債,83,1,82,中國信託-文心,2024-07-23,6164
00940,元大台灣價值高息,165,88,77,中國信託-文心,2024-07-23,6164
00918,大華優利高填息30,71,0,71,中國信託-文心,2024-07-23,6164
0056,元大高股息,80,16,64,中國信託-文心,2024-07-23,6164
00934,中信成長高股息,65,1,64,中國信託-文心,2024-07-23,6164
2409,友達,62,7,55,中國信託-文心,2024-07-23,6164
2330,台積電,78,26,52,中國信託-文心,2024-07-23,6164
8028,昇陽半導體,75,25,50,中國信託-文心,2024-07-23,6164
00933B,國泰10Y+金融債,46,1,45,中國信託-文心,2024-07-23,6164
00946,群益科技高息成長,82,37,45,中國信託-文心,2024-07-23,6164
00878,國泰永續高股息,104,59,45,中國信託-文心,2024-07-23,6164
3374,精材,49,6,43,中國信託-文心,2024-07-23,6164
00945B,凱基美國非投等債,64,21,43,中國信託-文心,2024-07-23,6164
00915,凱基優選高股息30,52,10,42,中國信託-文心,2024-07-23,6164
00772B,中信高評級公司債,41,0,41,中國信託-文心,2024-07-23,6164
2867,三商壽,44,3,41,中國信託-文心,2024-07-23,6164
00936,台新永續高息中小,41,2,39,中國信託-文心,2024-07-23,6164
2349,錸德,43,7,36,中國信託-文心,2024-07-23,6164
3673,TPK-KY,37,1,36,中國信託-文心,2024-07-23,6164
2408,南亞科,49,15,34,中國信託-文心,2024-07-23,6164
1301,台塑,38,5,33,中國信託-文心,2024-07-23,6164
2610,華航,41,9,32,中國信託-文心,2024-07-23,6164
00679B,元大美債20年,94,63,31,中國信託-文心,2024-07-23,6164
4960,誠美材,30,0,30,中國信託-文心,2024-07-23,6164
6244,茂迪,32,2,30,中國信託-文心,2024-07-23,6164
2359,所羅門,59,30,29,中國信託-文心,2024-07-23,6164
2449,京元電子,39,11,28,中國信託-文心,2024-07-23,6164
00950B,凱基A級公司債,28,0,28,中國信託-文心,2024-07-23,6164
3494,誠研,26,0,26,中國信託-文心,2024-07-23,6164
2495,普安,25,0,25,中國信託-文心,2024-07-23,6164
3167,大量,26,2,24,中國信託-文心,2024-07-23,6164
3231,緯創,31,8,23,中國信託-文心,2024-07-23,6164
006208,富邦台50,31,7,24,中國信託-文心,2024-07-23,6164
00881,國泰台灣5G+,39,16,23,中國信託-文心,2024-07-23,6164
2312,金寶,150,128,22,中國信託-文心,2024-07-23,6164
00830,國泰費城半導體,23,1,22,中國信託-文心,2024-07-23,6164
2845,遠東銀,22,0,22,中國信託-文心,2024-07-23,6164
912000,晨訊科-DR,24,3,21,中國信託-文心,2024-07-23,6164
3005,神基,20,0,20,中國信託-文心,2024-07-23,6164
4128,中天,43,25,18,中國信託-文心,2024-07-23,6164
2303,聯電,34,17,17,中國信託-文心,2024-07-23,6164
6443,元晶,40,23,17,中國信託-文心,2024-07-23,6164
00937B,群益ESG投等債20,921,54,867,中國信託-文心,2024-07-26,6164
00680L,元大美債20正2,720,25,695,中國信託-文心,2024-07-26,6164
00940,元大台灣價值高息,418,38,380,中國信託-文心,2024-07-26,6164
00929,復華台灣科技優息,542,188,354,中國信託-文心,2024-07-26,6164
00946,群益科技高息成長,329,54,275,中國信託-文心,2024-07-26,6164
00878,國泰永續高股息,240,26,214,中國信託-文心,2024-07-26,6164
0056,元大高股息,211,25,186,中國信託-文心,2024-07-26,6164
00665L,富邦�琤肭磪囓�2,145,1,144,中國信託-文心,2024-07-26,6164
2884,玉山金,166,22,144,中國信託-文心,2024-07-26,6164
2303,聯電,166,27,139,中國信託-文心,2024-07-26,6164
00687B,國泰20年美債,149,12,137,中國信託-文心,2024-07-26,6164
2317,鴻海,155,40,115,中國信託-文心,2024-07-26,6164
00753L,中信中國50正2,106,2,104,中國信託-文心,2024-07-26,6164
2349,錸德,158,54,104,中國信託-文心,2024-07-26,6164
2330,台積電,127,24,103,中國信託-文心,2024-07-26,6164
00720B,元大投資級公司債,88,4,84,中國信託-文心,2024-07-26,6164
3711,日月光投控,79,0,79,中國信託-文心,2024-07-26,6164
00923,群益台ESG低碳50,74,1,73,中國信託-文心,2024-07-26,6164
2352,佳世達,70,2,68,中國信託-文心,2024-07-26,6164
6177,達麗,80,13,67,中國信託-文心,2024-07-26,6164
2002,中鋼,104,42,62,中國信託-文心,2024-07-26,6164
00934,中信成長高股息,62,5,57,中國信託-文心,2024-07-26,6164
0050,元大台灣50,65,8,57,中國信託-文心,2024-07-26,6164
00795B,中信美國公債20年,54,0,54,中國信託-文心,2024-07-26,6164
2316,楠梓電,50,1,49,中國信託-文心,2024-07-26,6164
00927,群益半導體收益,48,1,47,中國信託-文心,2024-07-26,6164
2891,中信金,62,16,46,中國信託-文心,2024-07-26,6164
00941,中信上游半導體,105,59,46,中國信託-文心,2024-07-26,6164
2367,燿華,90,45,45,中國信託-文心,2024-07-26,6164
2449,京元電子,55,13,42,中國信託-文心,2024-07-26,6164
1307,三芳,41,0,41,中國信託-文心,2024-07-26,6164
00882,中信中國高股息,41,0,41,中國信託-文心,2024-07-26,6164
006208,富邦台50,70,30,40,中國信託-文心,2024-07-26,6164
2359,所羅門,100,60,40,中國信託-文心,2024-07-26,6164
2501,國建,43,4,39,中國信託-文心,2024-07-26,6164
2867,三商壽,42,5,37,中國信託-文心,2024-07-26,6164
2888,新光金,206,170,36,中國信託-文心,2024-07-26,6164
2618,長榮航,84,48,36,中國信託-文心,2024-07-26,6164
00688L,國泰20年美債正2,36,0,36,中國信託-文心,2024-07-26,6164
00905,FT臺灣Smart,35,0,35,中國信託-文心,2024-07-26,6164
00830,國泰費城半導體,47,13,34,中國信託-文心,2024-07-26,6164
1503,士電,45,12,33,中國信託-文心,2024-07-26,6164
00881,國泰台灣5G+,56,23,33,中國信託-文心,2024-07-26,6164
2382,廣達,33,0,33,中國信託-文心,2024-07-26,6164
00675L,富邦臺灣加權正2,39,6,33,中國信託-文心,2024-07-26,6164
3037,欣興,49,17,32,中國信託-文心,2024-07-26,6164
2498,宏達電,32,0,32,中國信託-文心,2024-07-26,6164
00712,復華富時不動產,52,21,31,中國信託-文心,2024-07-26,6164
6443,元晶,33,3,30,中國信託-文心,2024-07-26,6164
2880,華南金,30,0,30,中國信託-文心,2024-07-26,6164
00929,復華台灣科技優息,598,79,519,中國信託-文心,2024-07-29,6164
00937B,群益ESG投等債20,415,94,321,中國信託-文心,2024-07-29,6164
00878,國泰永續高股息,282,71,211,中國信託-文心,2024-07-29,6164
00919,群益台灣精選高息,217,19,198,中國信託-文心,2024-07-29,6164
0056,元大高股息,207,13,194,中國信託-文心,2024-07-29,6164
3202,樺晟,150,0,150,中國信託-文心,2024-07-29,6164
00940,元大台灣價值高息,228,81,147,中國信託-文心,2024-07-29,6164
00706L,期元大S＆P日圓正2,100,0,100,中國信託-文心,2024-07-29,6164
00934,中信成長高股息,107,13,94,中國信託-文心,2024-07-29,6164
00918,大華優利高填息30,91,1,90,中國信託-文心,2024-07-29,6164
9945,潤泰新,133,44,89,中國信託-文心,2024-07-29,6164
00892,富邦台灣半導體,83,0,83,中國信託-文心,2024-07-29,6164
2884,玉山金,88,11,77,中國信託-文心,2024-07-29,6164
00946,群益科技高息成長,94,19,75,中國信託-文心,2024-07-29,6164
00881,國泰台灣5G+,76,3,73,中國信託-文心,2024-07-29,6164
00687B,國泰20年美債,103,35,68,中國信託-文心,2024-07-29,6164
2867,三商壽,52,5,47,中國信託-文心,2024-07-29,6164
2834,臺企銀,56,10,46,中國信託-文心,2024-07-29,6164
3481,群創,104,59,45,中國信託-文心,2024-07-29,6164
2313,華通,59,15,44,中國信託-文心,2024-07-29,6164
4956,光鋐,41,1,40,中國信託-文心,2024-07-29,6164
2419,仲琦,52,12,40,中國信託-文心,2024-07-29,6164
3013,晟銘電,48,10,38,中國信託-文心,2024-07-29,6164
2812,台中銀,37,0,37,中國信託-文心,2024-07-29,6164
00927,群益半導體收益,35,0,35,中國信託-文心,2024-07-29,6164
00713,元大台灣高息低波,40,5,35,中國信託-文心,2024-07-29,6164
4533,協易機,36,5,31,中國信託-文心,2024-07-29,6164
3711,日月光投控,33,2,31,中國信託-文心,2024-07-29,6164
8936,國統,29,1,28,中國信託-文心,2024-07-29,6164
2303,聯電,39,11,28,中國信託-文心,2024-07-29,6164
6462,神盾,44,17,27,中國信託-文心,2024-07-29,6164
3231,緯創,45,17,28,中國信託-文心,2024-07-29,6164
3591,艾笛森,31,4,27,中國信託-文心,2024-07-29,6164
2883,凱基金,33,7,26,中國信託-文心,2024-07-29,6164
00891,中信關鍵半導體,29,3,26,中國信託-文心,2024-07-29,6164
3518,柏騰,28,2,26,中國信託-文心,2024-07-29,6164
3022,威強電,26,1,25,中國信託-文心,2024-07-29,6164
8096,擎亞,30,5,25,中國信託-文心,2024-07-29,6164
00715L,期街口布蘭特正2,27,4,23,中國信託-文心,2024-07-29,6164
2323,中環,23,1,22,中國信託-文心,2024-07-29,6164
2359,所羅門,68,47,21,中國信託-文心,2024-07-29,6164
8996,高力,26,5,21,中國信託-文心,2024-07-29,6164
2324,仁寶,23,2,21,中國信託-文心,2024-07-29,6164
2374,佳能,24,4,20,中國信託-文心,2024-07-29,6164
00947,台新臺灣IC設計,21,1,20,中國信託-文心,2024-07-29,6164
2543,皇昌,23,4,19,中國信託-文心,2024-07-29,6164
4106,雃博,19,0,19,中國信託-文心,2024-07-29,6164
2439,美律,19,0,19,中國信託-文心,2024-07-29,6164
00933B,國泰10Y+金融債,25,6,19,中國信託-文心,2024-07-29,6164
1216,統一,19,1,18,中國信託-文心,2024-07-29,6164
00929,復華台灣科技優息,537,68,469,中國信託-文心,2024-07-30,6164
00946,群益科技高息成長,329,33,296,中國信託-文心,2024-07-30,6164
00940,元大台灣價值高息,270,42,228,中國信託-文心,2024-07-30,6164
00878,國泰永續高股息,267,41,226,中國信託-文心,2024-07-30,6164
00937B,群益ESG投等債20,274,74,200,中國信託-文心,2024-07-30,6164
00687B,國泰20年美債,212,43,169,中國信託-文心,2024-07-30,6164
00679B,元大美債20年,174,23,151,中國信託-文心,2024-07-30,6164
2409,友達,155,6,149,中國信託-文心,2024-07-30,6164
00680L,元大美債20正2,200,58,142,中國信託-文心,2024-07-30,6164
2891,中信金,126,3,123,中國信託-文心,2024-07-30,6164
00715L,期街口布蘭特正2,131,9,122,中國信託-文心,2024-07-30,6164
2419,仲琦,102,2,100,中國信託-文心,2024-07-30,6164
00948B,中信優息投資級債,133,51,82,中國信託-文心,2024-07-30,6164
00725B,國泰投資級公司債,72,0,72,中國信託-文心,2024-07-30,6164
00934,中信成長高股息,82,12,70,中國信託-文心,2024-07-30,6164
0056,元大高股息,106,54,52,中國信託-文心,2024-07-30,6164
2317,鴻海,91,40,51,中國信託-文心,2024-07-30,6164
2812,台中銀,50,2,48,中國信託-文心,2024-07-30,6164
00936,台新永續高息中小,63,18,45,中國信託-文心,2024-07-30,6164
00688L,國泰20年美債正2,44,0,44,中國信託-文心,2024-07-30,6164
1736,喬山,45,2,43,中國信託-文心,2024-07-30,6164
2344,華邦電,43,3,40,中國信託-文心,2024-07-30,6164
1101,台泥,41,1,40,中國信託-文心,2024-07-30,6164
2834,臺企銀,37,0,37,中國信託-文心,2024-07-30,6164
2515,中工,36,0,36,中國信託-文心,2024-07-30,6164
00891,中信關鍵半導體,43,9,34,中國信託-文心,2024-07-30,6164
3481,群創,110,76,34,中國信託-文心,2024-07-30,6164
00918,大華優利高填息30,33,1,32,中國信託-文心,2024-07-30,6164
3264,欣銓,32,0,32,中國信託-文心,2024-07-30,6164
00933B,國泰10Y+金融債,41,11,30,中國信託-文心,2024-07-30,6164
3374,精材,38,8,30,中國信託-文心,2024-07-30,6164
2882,國泰金,29,0,29,中國信託-文心,2024-07-30,6164
3044,健鼎,27,0,27,中國信託-文心,2024-07-30,6164
00713,元大台灣高息低波,33,9,24,中國信託-文心,2024-07-30,6164
2888,新光金,33,9,24,中國信託-文心,2024-07-30,6164
2884,玉山金,65,42,23,中國信託-文心,2024-07-30,6164
00951,台新日本半導體,23,0,23,中國信託-文心,2024-07-30,6164
2801,彰銀,25,2,23,中國信託-文心,2024-07-30,6164
00927,群益半導體收益,22,0,22,中國信託-文心,2024-07-30,6164
3339,泰谷,20,0,20,中國信託-文心,2024-07-30,6164
00637L,元大滬深300正2,20,0,20,中國信託-文心,2024-07-30,6164
1785,光洋科,36,17,19,中國信託-文心,2024-07-30,6164
0050,元大台灣50,57,38,19,中國信託-文心,2024-07-30,6164
2367,燿華,44,25,19,中國信託-文心,2024-07-30,6164
00830,國泰費城半導體,17,0,17,中國信託-文心,2024-07-30,6164
2330,台積電,23,7,16,中國信託-文心,2024-07-30,6164
1815,富喬,27,10,17,中國信託-文心,2024-07-30,6164
1599,宏佳騰,16,0,16,中國信託-文心,2024-07-30,6164
00753L,中信中國50正2,23,8,15,中國信託-文心,2024-07-30,6164
4960,誠美材,15,0,15,中國信託-文心,2024-07-30,6164
00937B,群益ESG投等債20,347,10,337,中國信託-文心,2024-07-31,6164
00929,復華台灣科技優息,276,16,260,中國信託-文心,2024-07-31,6164
2530,華建,283,105,178,中國信託-文心,2024-07-31,6164
00687B,國泰20年美債,216,75,141,中國信託-文心,2024-07-31,6164
00878,國泰永續高股息,165,25,140,中國信託-文心,2024-07-31,6164
00679B,元大美債20年,168,64,104,中國信託-文心,2024-07-31,6164
00919,群益台灣精選高息,110,17,93,中國信託-文心,2024-07-31,6164
0056,元大高股息,63,4,59,中國信託-文心,2024-07-31,6164
00941,中信上游半導體,58,1,57,中國信託-文心,2024-07-31,6164
00934,中信成長高股息,60,4,56,中國信託-文心,2024-07-31,6164
8028,昇陽半導體,82,27,55,中國信託-文心,2024-07-31,6164
00720B,元大投資級公司債,62,10,52,中國信託-文心,2024-07-31,6164
00715L,期街口布蘭特正2,72,20,52,中國信託-文心,2024-07-31,6164
3689,湧德,51,1,50,中國信託-文心,2024-07-31,6164
2344,華邦電,57,9,48,中國信託-文心,2024-07-31,6164
6112,邁達特,43,0,43,中國信託-文心,2024-07-31,6164
00713,元大台灣高息低波,39,2,37,中國信託-文心,2024-07-31,6164
2317,鴻海,78,43,35,中國信託-文心,2024-07-31,6164
1815,富喬,42,8,34,中國信託-文心,2024-07-31,6164
3037,欣興,49,15,34,中國信託-文心,2024-07-31,6164
00936,台新永續高息中小,31,0,31,中國信託-文心,2024-07-31,6164
8201,無敵,30,0,30,中國信託-文心,2024-07-31,6164
4564,元翎,30,0,30,中國信託-文心,2024-07-31,6164
00664R,國泰臺灣加權反1,50,22,28,中國信託-文心,2024-07-31,6164
3105,穩懋,31,4,27,中國信託-文心,2024-07-31,6164
00946,群益科技高息成長,41,16,25,中國信託-文心,2024-07-31,6164
00940,元大台灣價值高息,140,116,24,中國信託-文心,2024-07-31,6164
4510,高鋒,25,2,23,中國信託-文心,2024-07-31,6164
3711,日月光投控,22,0,22,中國信託-文心,2024-07-31,6164
3673,TPK-KY,22,0,22,中國信託-文心,2024-07-31,6164
8440,綠電,39,17,22,中國信託-文心,2024-07-31,6164
00927,群益半導體收益,20,1,19,中國信託-文心,2024-07-31,6164
6869,雲豹能源,52,33,19,中國信託-文心,2024-07-31,6164
3665,貿聯-KY,29,10,19,中國信託-文心,2024-07-31,6164
2884,玉山金,22,3,19,中國信託-文心,2024-07-31,6164
3047,訊舟,78,61,17,中國信託-文心,2024-07-31,6164
3339,泰谷,17,0,17,中國信託-文心,2024-07-31,6164
00933B,國泰10Y+金融債,17,1,16,中國信託-文心,2024-07-31,6164
00948B,中信優息投資級債,28,12,16,中國信託-文心,2024-07-31,6164
8064,東捷,86,71,15,中國信託-文心,2024-07-31,6164
8103,瀚荃,16,1,15,中國信託-文心,2024-07-31,6164
1316,上曜,14,0,14,中國信託-文心,2024-07-31,6164
3035,智原,34,20,14,中國信託-文心,2024-07-31,6164
2734,易飛網,14,0,14,中國信託-文心,2024-07-31,6164
00918,大華優利高填息30,16,2,14,中國信託-文心,2024-07-31,6164
2442,新美齊,15,1,14,中國信託-文心,2024-07-31,6164
3715,定穎投控,49,36,13,中國信託-文心,2024-07-31,6164
9934,成霖,13,0,13,中國信託-文心,2024-07-31,6164
2486,一詮,22,9,13,中國信託-文心,2024-07-31,6164
00706L,期元大S＆P日圓正2,17,5,12,中國信託-文心,2024-07-31,6164
00929,復華台灣科技優息,417,75,342,中國信託-文心,2024-08-01,6164
00878,國泰永續高股息,310,12,298,中國信託-文心,2024-08-01,6164
00830,國泰費城半導體,179,0,179,中國信託-文心,2024-08-01,6164
00632R,元大台灣50反1,265,103,162,中國信託-文心,2024-08-01,6164
00687B,國泰20年美債,194,47,147,中國信託-文心,2024-08-01,6164
00679B,元大美債20年,139,27,112,中國信託-文心,2024-08-01,6164
00688L,國泰20年美債正2,195,87,108,中國信託-文心,2024-08-01,6164
5443,均豪,154,57,97,中國信託-文心,2024-08-01,6164
4532,瑞智,104,11,93,中國信託-文心,2024-08-01,6164
0056,元大高股息,110,19,91,中國信託-文心,2024-08-01,6164
2349,錸德,227,153,74,中國信託-文心,2024-08-01,6164
00948B,中信優息投資級債,67,6,61,中國信託-文心,2024-08-01,6164
2363,矽統,127,71,56,中國信託-文心,2024-08-01,6164
2530,華建,61,8,53,中國信託-文心,2024-08-01,6164
00937B,群益ESG投等債20,74,27,47,中國信託-文心,2024-08-01,6164
2881,富邦金,50,4,46,中國信託-文心,2024-08-01,6164
4967,十銓,44,0,44,中國信託-文心,2024-08-01,6164
00936,台新永續高息中小,43,1,42,中國信託-文心,2024-08-01,6164
00680L,元大美債20正2,387,348,39,中國信託-文心,2024-08-01,6164
006208,富邦台50,49,13,36,中國信託-文心,2024-08-01,6164
00919,群益台灣精選高息,85,50,35,中國信託-文心,2024-08-01,6164
2208,台船,35,1,34,中國信託-文心,2024-08-01,6164
2887,台新金,51,18,33,中國信託-文心,2024-08-01,6164
00706L,期元大S＆P日圓正2,33,2,31,中國信託-文心,2024-08-01,6164
8076,伍豐,29,1,28,中國信託-文心,2024-08-01,6164
2884,玉山金,37,10,27,中國信託-文心,2024-08-01,6164
6112,邁達特,27,0,27,中國信託-文心,2024-08-01,6164
00725B,國泰投資級公司債,26,0,26,中國信託-文心,2024-08-01,6164
2834,臺企銀,29,3,26,中國信託-文心,2024-08-01,6164
1785,光洋科,28,3,25,中國信託-文心,2024-08-01,6164
2393,億光,29,6,23,中國信託-文心,2024-08-01,6164
5371,中光電,23,0,23,中國信託-文心,2024-08-01,6164
8028,昇陽半導體,57,35,22,中國信託-文心,2024-08-01,6164
00665L,富邦�琤肭磪囓�2,21,0,21,中國信託-文心,2024-08-01,6164
1216,統一,29,9,20,中國信託-文心,2024-08-01,6164
6215,和椿,27,7,20,中國信託-文心,2024-08-01,6164
00655L,國泰中國A50正2,22,3,19,中國信託-文心,2024-08-01,6164
1503,士電,20,2,18,中國信託-文心,2024-08-01,6164
8112,至上,18,0,18,中國信託-文心,2024-08-01,6164
00713,元大台灣高息低波,18,1,17,中國信託-文心,2024-08-01,6164
2867,三商壽,21,5,16,中國信託-文心,2024-08-01,6164
00933B,國泰10Y+金融債,22,7,15,中國信託-文心,2024-08-01,6164
00950B,凱基A級公司債,15,1,14,中國信託-文心,2024-08-01,6164
5525,順天,15,1,14,中國信託-文心,2024-08-01,6164
2323,中環,14,0,14,中國信託-文心,2024-08-01,6164
00935,野村臺灣新科技50,14,0,14,中國信託-文心,2024-08-01,6164
3535,晶彩科,43,29,14,中國信託-文心,2024-08-01,6164
3518,柏騰,38,24,14,中國信託-文心,2024-08-01,6164
00671R,富邦NASDAQ反1,13,0,13,中國信託-文心,2024-08-01,6164
00905,FT臺灣Smart,12,0,12,中國信託-文心,2024-08-01,6164
00680L,元大美債20正2,781,106,675,中國信託-文心,2024-08-02,6164
00948B,中信優息投資級債,616,6,610,中國信託-文心,2024-08-02,6164
00919,群益台灣精選高息,589,43,546,中國信託-文心,2024-08-02,6164
00929,復華台灣科技優息,640,143,497,中國信託-文心,2024-08-02,6164
00940,元大台灣價值高息,465,39,426,中國信託-文心,2024-08-02,6164
00878,國泰永續高股息,533,134,399,中國信託-文心,2024-08-02,6164
2317,鴻海,352,39,313,中國信託-文心,2024-08-02,6164
0056,元大高股息,373,72,301,中國信託-文心,2024-08-02,6164
00900,富邦特選高股息30,284,0,284,中國信託-文心,2024-08-02,6164
00934,中信成長高股息,325,54,271,中國信託-文心,2024-08-02,6164
00679B,元大美債20年,274,80,194,中國信託-文心,2024-08-02,6164
2867,三商壽,151,0,151,中國信託-文心,2024-08-02,6164
2834,臺企銀,151,8,143,中國信託-文心,2024-08-02,6164
00891,中信關鍵半導體,144,2,142,中國信託-文心,2024-08-02,6164
0050,元大台灣50,136,0,136,中國信託-文心,2024-08-02,6164
2891,中信金,146,14,132,中國信託-文心,2024-08-02,6164
00795B,中信美國公債20年,131,9,122,中國信託-文心,2024-08-02,6164
2330,台積電,160,41,119,中國信託-文心,2024-08-02,6164
00923,群益台ESG低碳50,121,10,111,中國信託-文心,2024-08-02,6164
2409,友達,103,16,87,中國信託-文心,2024-08-02,6164
2365,昆盈,324,238,86,中國信託-文心,2024-08-02,6164
00946,群益科技高息成長,96,10,86,中國信託-文心,2024-08-02,6164
2884,玉山金,100,16,84,中國信託-文心,2024-08-02,6164
00947,台新臺灣IC設計,84,2,82,中國信託-文心,2024-08-02,6164
00772B,中信高評級公司債,93,17,76,中國信託-文心,2024-08-02,6164
00881,國泰台灣5G+,82,7,75,中國信託-文心,2024-08-02,6164
2530,華建,71,0,71,中國信託-文心,2024-08-02,6164
1217,愛之味,70,0,70,中國信託-文心,2024-08-02,6164
00936,台新永續高息中小,87,19,68,中國信託-文心,2024-08-02,6164
2515,中工,64,5,59,中國信託-文心,2024-08-02,6164
00687B,國泰20年美債,337,280,57,中國信託-文心,2024-08-02,6164
2881,富邦金,59,7,52,中國信託-文心,2024-08-02,6164
6443,元晶,53,5,48,中國信託-文心,2024-08-02,6164
00918,大華優利高填息30,47,0,47,中國信託-文心,2024-08-02,6164
00927,群益半導體收益,46,0,46,中國信託-文心,2024-08-02,6164
00669R,國泰美國道瓊反1,45,0,45,中國信託-文心,2024-08-02,6164
2349,錸德,195,150,45,中國信託-文心,2024-08-02,6164
2887,台新金,46,3,43,中國信託-文心,2024-08-02,6164
006208,富邦台50,50,8,42,中國信託-文心,2024-08-02,6164
2883,凱基金,72,31,41,中國信託-文心,2024-08-02,6164
1326,台化,40,0,40,中國信託-文心,2024-08-02,6164
00720B,元大投資級公司債,51,11,40,中國信託-文心,2024-08-02,6164
3665,貿聯-KY,46,6,40,中國信託-文心,2024-08-02,6164
2812,台中銀,39,1,38,中國信託-文心,2024-08-02,6164
2303,聯電,67,29,38,中國信託-文心,2024-08-02,6164
2316,楠梓電,53,15,38,中國信託-文心,2024-08-02,6164
3037,欣興,58,21,37,中國信託-文心,2024-08-02,6164
2402,毅嘉,40,3,37,中國信託-文心,2024-08-02,6164
5443,均豪,65,30,35,中國信託-文心,2024-08-02,6164
2382,廣達,38,4,34,中國信託-文心,2024-08-02,6164
00929,復華台灣科技優息,1605,359,1246,中國信託-文心,2024-08-05,6164
00878,國泰永續高股息,962,240,722,中國信託-文心,2024-08-05,6164
00687B,國泰20年美債,722,118,604,中國信託-文心,2024-08-05,6164
00940,元大台灣價值高息,1176,591,585,中國信託-文心,2024-08-05,6164
0056,元大高股息,624,68,556,中國信託-文心,2024-08-05,6164
00679B,元大美債20年,628,109,519,中國信託-文心,2024-08-05,6164
00948B,中信優息投資級債,518,9,509,中國信託-文心,2024-08-05,6164
00680L,元大美債20正2,857,386,471,中國信託-文心,2024-08-05,6164
00945B,凱基美國非投等債,394,74,320,中國信託-文心,2024-08-05,6164
00715L,期街口布蘭特正2,307,5,302,中國信託-文心,2024-08-05,6164
2891,中信金,359,62,297,中國信託-文心,2024-08-05,6164
00919,群益台灣精選高息,721,450,271,中國信託-文心,2024-08-05,6164
00664R,國泰臺灣加權反1,250,4,246,中國信託-文心,2024-08-05,6164
2317,鴻海,317,78,239,中國信託-文心,2024-08-05,6164
2515,中工,222,5,217,中國信託-文心,2024-08-05,6164
00931B,統一美債20年,225,28,197,中國信託-文心,2024-08-05,6164
00946,群益科技高息成長,201,24,177,中國信託-文心,2024-08-05,6164
2845,遠東銀,169,2,167,中國信託-文心,2024-08-05,6164
00795B,中信美國公債20年,162,27,135,中國信託-文心,2024-08-05,6164
00712,復華富時不動產,154,22,132,中國信託-文心,2024-08-05,6164
2801,彰銀,129,9,120,中國信託-文心,2024-08-05,6164
2883,凱基金,191,81,110,中國信託-文心,2024-08-05,6164
2303,聯電,148,44,104,中國信託-文心,2024-08-05,6164
0050,元大台灣50,124,20,104,中國信託-文心,2024-08-05,6164
2419,仲琦,101,0,101,中國信託-文心,2024-08-05,6164
006208,富邦台50,131,31,100,中國信託-文心,2024-08-05,6164
00713,元大台灣高息低波,114,17,97,中國信託-文心,2024-08-05,6164
2002,中鋼,213,118,95,中國信託-文心,2024-08-05,6164
2349,錸德,134,49,85,中國信託-文心,2024-08-05,6164
2365,昆盈,124,51,73,中國信託-文心,2024-08-05,6164
6186,新潤,70,0,70,中國信託-文心,2024-08-05,6164
1736,喬山,71,1,70,中國信託-文心,2024-08-05,6164
5443,均豪,87,19,68,中國信託-文心,2024-08-05,6164
2530,華建,62,1,61,中國信託-文心,2024-08-05,6164
2812,台中銀,76,16,60,中國信託-文心,2024-08-05,6164
2312,金寶,85,25,60,中國信託-文心,2024-08-05,6164
2882,國泰金,69,11,58,中國信託-文心,2024-08-05,6164
00932,兆豐永續高息等權,58,1,57,中國信託-文心,2024-08-05,6164
00900,富邦特選高股息30,59,2,57,中國信託-文心,2024-08-05,6164
00631L,元大台灣50正2,60,13,47,中國信託-文心,2024-08-05,6164
2359,所羅門,108,61,47,中國信託-文心,2024-08-05,6164
1815,富喬,45,0,45,中國信託-文心,2024-08-05,6164
2618,長榮航,140,95,45,中國信託-文心,2024-08-05,6164
00918,大華優利高填息30,80,37,43,中國信託-文心,2024-08-05,6164
2883B,凱基金乙特,103,60,43,中國信託-文心,2024-08-05,6164
2409,友達,254,212,42,中國信託-文心,2024-08-05,6164
1806,冠軍,41,0,41,中國信託-文心,2024-08-05,6164
2388,威盛,49,10,39,中國信託-文心,2024-08-05,6164
00896,中信綠能及電動車,39,1,38,中國信託-文心,2024-08-05,6164
2363,矽統,59,21,38,中國信託-文心,2024-08-05,6164
00632R,元大台灣50反1,2194,428,1766,中國信託-文心,2024-08-06,6164
00940,元大台灣價值高息,700,368,332,中國信託-文心,2024-08-06,6164
00878,國泰永續高股息,363,120,243,中國信託-文心,2024-08-06,6164
00919,群益台灣精選高息,279,111,168,中國信託-文心,2024-08-06,6164
2888,新光金,269,104,165,中國信託-文心,2024-08-06,6164
00664R,國泰臺灣加權反1,203,71,132,中國信託-文心,2024-08-06,6164
00679B,元大美債20年,276,144,132,中國信託-文心,2024-08-06,6164
00665L,富邦�琤肭磪囓�2,120,2,118,中國信託-文心,2024-08-06,6164
3481,群創,320,208,112,中國信託-文心,2024-08-06,6164
2887,台新金,126,18,108,中國信託-文心,2024-08-06,6164
0056,元大高股息,158,79,79,中國信託-文心,2024-08-06,6164
2883,凱基金,82,11,71,中國信託-文心,2024-08-06,6164
1301,台塑,62,1,61,中國信託-文心,2024-08-06,6164
2609,陽明,123,63,60,中國信託-文心,2024-08-06,6164
4306,炎洲,88,33,55,中國信託-文心,2024-08-06,6164
00881,國泰台灣5G+,97,45,52,中國信託-文心,2024-08-06,6164
1806,冠軍,51,0,51,中國信託-文心,2024-08-06,6164
2834,臺企銀,82,31,51,中國信託-文心,2024-08-06,6164
00671R,富邦NASDAQ反1,100,50,50,中國信託-文心,2024-08-06,6164
00893,國泰智能電動車,50,2,48,中國信託-文心,2024-08-06,6164
1815,富喬,61,14,47,中國信託-文心,2024-08-06,6164
2542,興富發,153,108,45,中國信託-文心,2024-08-06,6164
006208,富邦台50,83,40,43,中國信託-文心,2024-08-06,6164
2317,鴻海,377,335,42,中國信託-文心,2024-08-06,6164
9105,泰金寶-DR,49,11,38,中國信託-文心,2024-08-06,6164
2371,大同,70,34,36,中國信託-文心,2024-08-06,6164
2388,威盛,36,1,35,中國信託-文心,2024-08-06,6164
8064,東捷,49,15,34,中國信託-文心,2024-08-06,6164
3339,泰谷,30,0,30,中國信託-文心,2024-08-06,6164
6464,台數科,29,0,29,中國信託-文心,2024-08-06,6164
4167,松瑞藥,30,1,29,中國信託-文心,2024-08-06,6164
6125,廣運,47,18,29,中國信託-文心,2024-08-06,6164
0050,元大台灣50,103,76,27,中國信託-文心,2024-08-06,6164
2323,中環,27,1,26,中國信託-文心,2024-08-06,6164
9933,中鼎,26,2,24,中國信託-文心,2024-08-06,6164
2603,長榮,49,25,24,中國信託-文心,2024-08-06,6164
1608,華榮,32,9,23,中國信託-文心,2024-08-06,6164
8049,晶采,23,0,23,中國信託-文心,2024-08-06,6164
4564,元翎,24,1,23,中國信託-文心,2024-08-06,6164
00945B,凱基美國非投等債,22,0,22,中國信託-文心,2024-08-06,6164
3037,欣興,59,38,21,中國信託-文心,2024-08-06,6164
9940,信義,21,0,21,中國信託-文心,2024-08-06,6164
1718,中纖,21,0,21,中國信託-文心,2024-08-06,6164
6530,創威,21,0,21,中國信託-文心,2024-08-06,6164
3163,波若威,39,19,20,中國信託-文心,2024-08-06,6164
2356,英業達,27,7,20,中國信託-文心,2024-08-06,6164
9935,慶豐富,20,0,20,中國信託-文心,2024-08-06,6164
1447,力鵬,20,0,20,中國信託-文心,2024-08-06,6164
2615,萬海,82,63,19,中國信託-文心,2024-08-06,6164
3035,智原,32,13,19,中國信託-文心,2024-08-06,6164
00935,野村臺灣新科技50,395,55,340,中國信託-文心,2024-08-07,6164
00932,兆豐永續高息等權,258,1,257,中國信託-文心,2024-08-07,6164
00878,國泰永續高股息,240,17,223,中國信託-文心,2024-08-07,6164
2317,鴻海,264,84,180,中國信託-文心,2024-08-07,6164
00715L,期街口布蘭特正2,139,3,136,中國信託-文心,2024-08-07,6164
00929,復華台灣科技優息,351,241,110,中國信託-文心,2024-08-07,6164
6127,九豪,101,0,101,中國信託-文心,2024-08-07,6164
00688L,國泰20年美債正2,133,59,74,中國信託-文心,2024-08-07,6164
2834,臺企銀,94,26,68,中國信託-文心,2024-08-07,6164
2887,台新金,67,1,66,中國信託-文心,2024-08-07,6164
00679B,元大美債20年,345,283,62,中國信託-文心,2024-08-07,6164
5905,南仁湖,52,0,52,中國信託-文心,2024-08-07,6164
00687B,國泰20年美債,199,151,48,中國信託-文心,2024-08-07,6164
0056,元大高股息,59,13,46,中國信託-文心,2024-08-07,6164
2884,玉山金,48,4,44,中國信託-文心,2024-08-07,6164
2409,友達,174,132,42,中國信託-文心,2024-08-07,6164
1101,台泥,50,10,40,中國信託-文心,2024-08-07,6164
00795B,中信美國公債20年,47,8,39,中國信託-文心,2024-08-07,6164
3374,精材,50,12,38,中國信託-文心,2024-08-07,6164
00919,群益台灣精選高息,237,199,38,中國信託-文心,2024-08-07,6164
00934,中信成長高股息,42,5,37,中國信託-文心,2024-08-07,6164
2892,第一金,35,2,33,中國信託-文心,2024-08-07,6164
2897,王道銀行,31,0,31,中國信託-文心,2024-08-07,6164
1447,力鵬,40,10,30,中國信託-文心,2024-08-07,6164
00713,元大台灣高息低波,35,5,30,中國信託-文心,2024-08-07,6164
2515,中工,29,3,26,中國信託-文心,2024-08-07,6164
00893,國泰智能電動車,25,0,25,中國信託-文心,2024-08-07,6164
3019,亞光,54,29,25,中國信託-文心,2024-08-07,6164
1540,喬福,145,121,24,中國信託-文心,2024-08-07,6164
2392,正崴,23,1,22,中國信託-文心,2024-08-07,6164
00664R,國泰臺灣加權反1,25,3,22,中國信託-文心,2024-08-07,6164
3034,聯詠,21,0,21,中國信託-文心,2024-08-07,6164
00946,群益科技高息成長,49,28,21,中國信託-文心,2024-08-07,6164
5531,鄉林,20,0,20,中國信託-文心,2024-08-07,6164
00905,FT臺灣Smart,20,0,20,中國信託-文心,2024-08-07,6164
1402,遠東新,20,0,20,中國信託-文心,2024-08-07,6164
00881,國泰台灣5G+,54,34,20,中國信託-文心,2024-08-07,6164
9105,泰金寶-DR,39,20,19,中國信託-文心,2024-08-07,6164
1216,統一,20,2,18,中國信託-文心,2024-08-07,6164
00923,群益台ESG低碳50,23,5,18,中國信託-文心,2024-08-07,6164
6197,佳必琪,17,0,17,中國信託-文心,2024-08-07,6164
00915,凱基優選高股息30,17,0,17,中國信託-文心,2024-08-07,6164
2025,千興,17,0,17,中國信託-文心,2024-08-07,6164
2812,台中銀,16,0,16,中國信託-文心,2024-08-07,6164
00936,台新永續高息中小,17,2,15,中國信託-文心,2024-08-07,6164
5519,隆大,15,0,15,中國信託-文心,2024-08-07,6164
2886,兆豐金,26,11,15,中國信託-文心,2024-08-07,6164
6187,萬潤,19,5,14,中國信託-文心,2024-08-07,6164
00751B,元大AAA至A公司債,29,15,14,中國信託-文心,2024-08-07,6164
3284,太普高,14,0,14,中國信託-文心,2024-08-07,6164
00632R,元大台灣50反1,733,377,356,中國信託-文心,2024-08-08,6164
00929,復華台灣科技優息,383,77,306,中國信託-文心,2024-08-08,6164
00931B,統一美債20年,304,25,279,中國信託-文心,2024-08-08,6164
00948B,中信優息投資級債,237,0,237,中國信託-文心,2024-08-08,6164
00878,國泰永續高股息,248,33,215,中國信託-文心,2024-08-08,6164
00935,野村臺灣新科技50,187,5,182,中國信託-文心,2024-08-08,6164
2317,鴻海,291,158,133,中國信託-文心,2024-08-08,6164
00679B,元大美債20年,176,45,131,中國信託-文心,2024-08-08,6164
2892,第一金,123,1,122,中國信託-文心,2024-08-08,6164
00919,群益台灣精選高息,129,17,112,中國信託-文心,2024-08-08,6164
00687B,國泰20年美債,129,25,104,中國信託-文心,2024-08-08,6164
2834,臺企銀,108,5,103,中國信託-文心,2024-08-08,6164
00932,兆豐永續高息等權,95,0,95,中國信託-文心,2024-08-08,6164
0056,元大高股息,129,35,94,中國信託-文心,2024-08-08,6164
00795B,中信美國公債20年,99,10,89,中國信託-文心,2024-08-08,6164
2489,瑞軒,93,13,80,中國信託-文心,2024-08-08,6164
2886,兆豐金,75,6,69,中國信託-文心,2024-08-08,6164
00937B,群益ESG投等債20,216,157,59,中國信託-文心,2024-08-08,6164
3047,訊舟,125,66,59,中國信託-文心,2024-08-08,6164
00900,富邦特選高股息30,58,0,58,中國信託-文心,2024-08-08,6164
2615,萬海,79,24,55,中國信託-文心,2024-08-08,6164
00936,台新永續高息中小,56,2,54,中國信託-文心,2024-08-08,6164
00923,群益台ESG低碳50,57,4,53,中國信託-文心,2024-08-08,6164
2888,新光金,52,6,46,中國信託-文心,2024-08-08,6164
00830,國泰費城半導體,46,1,45,中國信託-文心,2024-08-08,6164
3163,波若威,63,20,43,中國信託-文心,2024-08-08,6164
2609,陽明,47,7,40,中國信託-文心,2024-08-08,6164
2409,友達,42,2,40,中國信託-文心,2024-08-08,6164
2455,全新,40,0,40,中國信託-文心,2024-08-08,6164
00946,群益科技高息成長,36,0,36,中國信託-文心,2024-08-08,6164
2610,華航,34,2,32,中國信託-文心,2024-08-08,6164
3481,群創,44,12,32,中國信託-文心,2024-08-08,6164
2382,廣達,40,9,31,中國信託-文心,2024-08-08,6164
006208,富邦台50,31,3,28,中國信託-文心,2024-08-08,6164
5488,松普,30,2,28,中國信託-文心,2024-08-08,6164
2330,台積電,51,24,27,中國信託-文心,2024-08-08,6164
2374,佳能,35,9,26,中國信託-文心,2024-08-08,6164
2887,台新金,32,6,26,中國信託-文心,2024-08-08,6164
2867,三商壽,22,0,22,中國信託-文心,2024-08-08,6164
2530,華建,25,3,22,中國信託-文心,2024-08-08,6164
2538,基泰,20,0,20,中國信託-文心,2024-08-08,6164
5478,智冠,20,0,20,中國信託-文心,2024-08-08,6164
4510,高鋒,114,95,19,中國信託-文心,2024-08-08,6164
1513,中興電,24,6,18,中國信託-文心,2024-08-08,6164
2880,華南金,19,1,18,中國信託-文心,2024-08-08,6164
4743,合一,23,5,18,中國信託-文心,2024-08-08,6164
4958,臻鼎-KY,19,2,17,中國信託-文心,2024-08-08,6164
00712,復華富時不動產,17,0,17,中國信託-文心,2024-08-08,6164
2884,玉山金,26,9,17,中國信託-文心,2024-08-08,6164
00934,中信成長高股息,18,1,17,中國信託-文心,2024-08-08,6164
00632R,元大台灣50反1,1045,253,792,中國信託-文心,2024-08-09,6164
00937B,群益ESG投等債20,350,69,281,中國信託-文心,2024-08-09,6164
00679B,元大美債20年,288,29,259,中國信託-文心,2024-08-09,6164
00680L,元大美債20正2,280,82,198,中國信託-文心,2024-08-09,6164
00688L,國泰20年美債正2,186,0,186,中國信託-文心,2024-08-09,6164
2349,錸德,365,197,168,中國信託-文心,2024-08-09,6164
00929,復華台灣科技優息,294,175,119,中國信託-文心,2024-08-09,6164
00687B,國泰20年美債,404,295,109,中國信託-文心,2024-08-09,6164
00671R,富邦NASDAQ反1,100,0,100,中國信託-文心,2024-08-09,6164
00720B,元大投資級公司債,101,2,99,中國信託-文心,2024-08-09,6164
00936,台新永續高息中小,90,1,89,中國信託-文心,2024-08-09,6164
9105,泰金寶-DR,141,63,78,中國信託-文心,2024-08-09,6164
00933B,國泰10Y+金融債,71,0,71,中國信託-文心,2024-08-09,6164
2834,臺企銀,72,3,69,中國信託-文心,2024-08-09,6164
00878,國泰永續高股息,163,94,69,中國信託-文心,2024-08-09,6164
2324,仁寶,61,3,58,中國信託-文心,2024-08-09,6164
2609,陽明,98,41,57,中國信託-文心,2024-08-09,6164
00945B,凱基美國非投等債,52,2,50,中國信託-文心,2024-08-09,6164
2489,瑞軒,71,26,45,中國信託-文心,2024-08-09,6164
00713,元大台灣高息低波,60,18,42,中國信託-文心,2024-08-09,6164
2353,宏��,45,4,41,中國信託-文心,2024-08-09,6164
00751B,元大AAA至A公司債,45,5,40,中國信託-文心,2024-08-09,6164
00935,野村臺灣新科技50,47,9,38,中國信託-文心,2024-08-09,6164
3379,彬台,34,1,33,中國信託-文心,2024-08-09,6164
2486,一詮,99,69,30,中國信託-文心,2024-08-09,6164
2615,萬海,78,48,30,中國信託-文心,2024-08-09,6164
00830,國泰費城半導體,45,16,29,中國信託-文心,2024-08-09,6164
00676R,富邦臺灣加權反1,28,0,28,中國信託-文心,2024-08-09,6164
3706,神達,28,1,27,中國信託-文心,2024-08-09,6164
3044,健鼎,31,6,25,中國信託-文心,2024-08-09,6164
1540,喬福,35,11,24,中國信託-文心,2024-08-09,6164
3260,威剛,23,1,22,中國信託-文心,2024-08-09,6164
0050,元大台灣50,41,20,21,中國信託-文心,2024-08-09,6164
1447,力鵬,20,0,20,中國信託-文心,2024-08-09,6164
1806,冠軍,20,0,20,中國信託-文心,2024-08-09,6164
2374,佳能,37,17,20,中國信託-文心,2024-08-09,6164
1736,喬山,25,5,20,中國信託-文心,2024-08-09,6164
3010,華立,25,5,20,中國信託-文心,2024-08-09,6164
00664R,國泰臺灣加權反1,19,0,19,中國信託-文心,2024-08-09,6164
6239,力成,20,2,18,中國信託-文心,2024-08-09,6164
5488,松普,21,3,18,中國信託-文心,2024-08-09,6164
6603,富強鑫,44,26,18,中國信託-文心,2024-08-09,6164
1503,士電,35,17,18,中國信託-文心,2024-08-09,6164
00942B,台新美A公司債20+,17,0,17,中國信託-文心,2024-08-09,6164
3227,原相,17,0,17,中國信託-文心,2024-08-09,6164
8096,擎亞,25,8,17,中國信託-文心,2024-08-09,6164
2357,華碩,18,2,16,中國信託-文心,2024-08-09,6164
4909,新復興,52,36,16,中國信託-文心,2024-08-09,6164
6117,迎廣,27,11,16,中國信託-文心,2024-08-09,6164
3265,台星科,16,0,16,中國信託-文心,2024-08-09,6164
00679B,元大美債20年,294,22,272,中國信託-文心,2024-08-12,6164
00680L,元大美債20正2,256,5,251,中國信託-文心,2024-08-12,6164
00932,兆豐永續高息等權,198,4,194,中國信託-文心,2024-08-12,6164
2880,華南金,152,30,122,中國信託-文心,2024-08-12,6164
2891,中信金,122,8,114,中國信託-文心,2024-08-12,6164
00795B,中信美國公債20年,113,2,111,中國信託-文心,2024-08-12,6164
2312,金寶,176,76,100,中國信託-文心,2024-08-12,6164
00688L,國泰20年美債正2,87,0,87,中國信託-文心,2024-08-12,6164
2359,所羅門,167,86,81,中國信託-文心,2024-08-12,6164
00878,國泰永續高股息,144,69,75,中國信託-文心,2024-08-12,6164
1229,聯華,86,21,65,中國信託-文心,2024-08-12,6164
00923,群益台ESG低碳50,98,34,64,中國信託-文心,2024-08-12,6164
00632R,元大台灣50反1,623,562,61,中國信託-文心,2024-08-12,6164
00915,凱基優選高股息30,60,0,60,中國信託-文心,2024-08-12,6164
2610,華航,64,4,60,中國信託-文心,2024-08-12,6164
00919,群益台灣精選高息,72,14,58,中國信託-文心,2024-08-12,6164
00929,復華台灣科技優息,291,237,54,中國信託-文心,2024-08-12,6164
4562,穎漢,88,35,53,中國信託-文心,2024-08-12,6164
1609,大亞,64,12,52,中國信託-文心,2024-08-12,6164
00664R,國泰臺灣加權反1,37,0,37,中國信託-文心,2024-08-12,6164
4306,炎洲,36,2,34,中國信託-文心,2024-08-12,6164
5443,均豪,78,46,32,中國信託-文心,2024-08-12,6164
2543,皇昌,35,3,32,中國信託-文心,2024-08-12,6164
00945B,凱基美國非投等債,31,0,31,中國信託-文心,2024-08-12,6164
00946,群益科技高息成長,34,5,29,中國信託-文心,2024-08-12,6164
2371,大同,29,1,28,中國信託-文心,2024-08-12,6164
2537,聯上發,40,13,27,中國信託-文心,2024-08-12,6164
6152,百一,26,0,26,中國信託-文心,2024-08-12,6164
2464,盟立,77,51,26,中國信託-文心,2024-08-12,6164
6177,達麗,47,27,20,中國信託-文心,2024-08-12,6164
5701,劍湖山,20,0,20,中國信託-文心,2024-08-12,6164
2530,華建,20,0,20,中國信託-文心,2024-08-12,6164
00933B,國泰10Y+金融債,19,0,19,中國信託-文心,2024-08-12,6164
1608,華榮,19,1,18,中國信託-文心,2024-08-12,6164
2883,凱基金,19,2,17,中國信託-文心,2024-08-12,6164
1513,中興電,50,33,17,中國信託-文心,2024-08-12,6164
00751B,元大AAA至A公司債,17,0,17,中國信託-文心,2024-08-12,6164
2834,臺企銀,25,8,17,中國信託-文心,2024-08-12,6164
2303,聯電,74,57,17,中國信託-文心,2024-08-12,6164
4303,信立,23,7,16,中國信託-文心,2024-08-12,6164
00713,元大台灣高息低波,21,5,16,中國信託-文心,2024-08-12,6164
00931B,統一美債20年,16,1,15,中國信託-文心,2024-08-12,6164
00882,中信中國高股息,15,0,15,中國信託-文心,2024-08-12,6164
3535,晶彩科,21,6,15,中國信託-文心,2024-08-12,6164
4113,聯上,16,1,15,中國信託-文心,2024-08-12,6164
0056,元大高股息,34,19,15,中國信託-文心,2024-08-12,6164
3189,景碩,21,7,14,中國信託-文心,2024-08-12,6164
6869,雲豹能源,32,18,14,中國信託-文心,2024-08-12,6164
2605,新興,14,0,14,中國信託-文心,2024-08-12,6164
2376,技嘉,18,4,14,中國信託-文心,2024-08-12,6164
00632R,元大台灣50反1,720,130,590,中國信託-文心,2024-08-13,6164
00931B,統一美債20年,225,0,225,中國信託-文心,2024-08-13,6164
00687B,國泰20年美債,168,11,157,中國信託-文心,2024-08-13,6164
5880,合庫金,154,7,147,中國信託-文心,2024-08-13,6164
00679B,元大美債20年,167,20,147,中國信託-文心,2024-08-13,6164
00795B,中信美國公債20年,143,1,142,中國信託-文心,2024-08-13,6164
00712,復華富時不動產,136,1,135,中國信託-文心,2024-08-13,6164
00948B,中信優息投資級債,112,2,110,中國信託-文心,2024-08-13,6164
00929,復華台灣科技優息,172,84,88,中國信託-文心,2024-08-13,6164
00878,國泰永續高股息,117,32,85,中國信託-文心,2024-08-13,6164
2886,兆豐金,85,3,82,中國信託-文心,2024-08-13,6164
2834,臺企銀,81,2,79,中國信託-文心,2024-08-13,6164
00688L,國泰20年美債正2,90,12,78,中國信託-文心,2024-08-13,6164
00680L,元大美債20正2,135,66,69,中國信託-文心,2024-08-13,6164
2615,萬海,170,104,66,中國信託-文心,2024-08-13,6164
00665L,富邦�琤肭磪囓�2,50,2,48,中國信託-文心,2024-08-13,6164
6177,達麗,82,35,47,中國信託-文心,2024-08-13,6164
2609,陽明,94,50,44,中國信託-文心,2024-08-13,6164
00946,群益科技高息成長,53,10,43,中國信託-文心,2024-08-13,6164
00936,台新永續高息中小,42,0,42,中國信託-文心,2024-08-13,6164
1513,中興電,63,28,35,中國信託-文心,2024-08-13,6164
2324,仁寶,33,0,33,中國信託-文心,2024-08-13,6164
3663,鑫科,82,49,33,中國信託-文心,2024-08-13,6164
00937B,群益ESG投等債20,60,28,32,中國信託-文心,2024-08-13,6164
1609,大亞,34,4,30,中國信託-文心,2024-08-13,6164
8463,潤泰材,30,0,30,中國信託-文心,2024-08-13,6164
4174,浩鼎,34,4,30,中國信託-文心,2024-08-13,6164
5014,建錩,30,0,30,中國信託-文心,2024-08-13,6164
0050,元大台灣50,33,4,29,中國信託-文心,2024-08-13,6164
2049,上銀,31,4,27,中國信託-文心,2024-08-13,6164
2069,運錩,30,3,27,中國信託-文心,2024-08-13,6164
2327,國巨,30,3,27,中國信託-文心,2024-08-13,6164
3481,群創,44,17,27,中國信託-文心,2024-08-13,6164
2801,彰銀,26,0,26,中國信託-文心,2024-08-13,6164
00919,群益台灣精選高息,50,25,25,中國信託-文心,2024-08-13,6164
00881,國泰台灣5G+,34,11,23,中國信託-文心,2024-08-13,6164
2610,華航,28,5,23,中國信託-文心,2024-08-13,6164
2406,國碩,23,1,22,中國信託-文心,2024-08-13,6164
2368,金像電,37,15,22,中國信託-文心,2024-08-13,6164
2892,第一金,21,0,21,中國信託-文心,2024-08-13,6164
00918,大華優利高填息30,22,3,19,中國信託-文心,2024-08-13,6164
4960,誠美材,19,0,19,中國信託-文心,2024-08-13,6164
2486,一詮,28,9,19,中國信託-文心,2024-08-13,6164
3013,晟銘電,86,67,19,中國信託-文心,2024-08-13,6164
3048,益登,19,1,18,中國信託-文心,2024-08-13,6164
2515,中工,18,0,18,中國信託-文心,2024-08-13,6164
00764B,群益25年美債,17,0,17,中國信託-文心,2024-08-13,6164
00673R,期元大S＆P原油反1,17,0,17,中國信託-文心,2024-08-13,6164
0056,元大高股息,28,12,16,中國信託-文心,2024-08-13,6164
4979,華星光,19,3,16,中國信託-文心,2024-08-13,6164
00680L,元大美債20正2,576,119,457,中國信託-文心,2024-08-14,6164
00688L,國泰20年美債正2,359,38,321,中國信託-文心,2024-08-14,6164
00936,台新永續高息中小,263,36,227,中國信託-文心,2024-08-14,6164
00671R,富邦NASDAQ反1,203,0,203,中國信託-文心,2024-08-14,6164
00795B,中信美國公債20年,165,0,165,中國信託-文心,2024-08-14,6164
00929,復華台灣科技優息,254,140,114,中國信託-文心,2024-08-14,6164
8028,昇陽半導體,140,41,99,中國信託-文心,2024-08-14,6164
00679B,元大美債20年,114,33,81,中國信託-文心,2024-08-14,6164
00878,國泰永續高股息,121,43,78,中國信託-文心,2024-08-14,6164
00687B,國泰20年美債,199,126,73,中國信託-文心,2024-08-14,6164
00900,富邦特選高股息30,63,1,62,中國信託-文心,2024-08-14,6164
5014,建錩,59,1,58,中國信託-文心,2024-08-14,6164
2365,昆盈,226,171,55,中國信託-文心,2024-08-14,6164
00945B,凱基美國非投等債,54,0,54,中國信託-文心,2024-08-14,6164
00706L,期元大S＆P日圓正2,53,0,53,中國信託-文心,2024-08-14,6164
2374,佳能,55,8,47,中國信託-文心,2024-08-14,6164
00907,永豐優息存股,44,0,44,中國信託-文心,2024-08-14,6164
2317,鴻海,183,144,39,中國信託-文心,2024-08-14,6164
2401,凌陽,39,1,38,中國信託-文心,2024-08-14,6164
00712,復華富時不動產,36,0,36,中國信託-文心,2024-08-14,6164
3374,精材,59,27,32,中國信託-文心,2024-08-14,6164
00919,群益台灣精選高息,49,18,31,中國信託-文心,2024-08-14,6164
2331,精英,30,0,30,中國信託-文心,2024-08-14,6164
2615,萬海,41,13,28,中國信託-文心,2024-08-14,6164
00946,群益科技高息成長,28,2,26,中國信託-文心,2024-08-14,6164
2324,仁寶,27,1,26,中國信託-文心,2024-08-14,6164
2049,上銀,29,4,25,中國信託-文心,2024-08-14,6164
8096,擎亞,75,50,25,中國信託-文心,2024-08-14,6164
6215,和椿,77,53,24,中國信託-文心,2024-08-14,6164
00882,中信中國高股息,22,0,22,中國信託-文心,2024-08-14,6164
4562,穎漢,146,124,22,中國信託-文心,2024-08-14,6164
00915,凱基優選高股息30,23,2,21,中國信託-文心,2024-08-14,6164
00940,元大台灣價值高息,110,89,21,中國信託-文心,2024-08-14,6164
00662,富邦NASDAQ,21,0,21,中國信託-文心,2024-08-14,6164
2486,一詮,34,14,20,中國信託-文心,2024-08-14,6164
8105,凌巨,20,0,20,中國信託-文心,2024-08-14,6164
00676R,富邦臺灣加權反1,20,0,20,中國信託-文心,2024-08-14,6164
00932,兆豐永續高息等權,19,0,19,中國信託-文心,2024-08-14,6164
2359,所羅門,109,90,19,中國信託-文心,2024-08-14,6164
2356,英業達,38,22,16,中國信託-文心,2024-08-14,6164
3094,聯傑,20,4,16,中國信託-文心,2024-08-14,6164
5481,新華,16,0,16,中國信託-文心,2024-08-14,6164
8110,華東,15,0,15,中國信託-文心,2024-08-14,6164
5202,力新,16,1,15,中國信託-文心,2024-08-14,6164
2313,華通,17,3,14,中國信託-文心,2024-08-14,6164
00894,中信小資高價30,14,0,14,中國信託-文心,2024-08-14,6164
1708,東鹼,53,39,14,中國信託-文心,2024-08-14,6164
4114,健喬,13,0,13,中國信託-文心,2024-08-14,6164
6180,橘子,13,0,13,中國信託-文心,2024-08-14,6164
00753L,中信中國50正2,18,5,13,中國信託-文心,2024-08-14,6164
00679B,元大美債20年,783,7,776,中國信託-文心,2024-08-15,6164
00688L,國泰20年美債正2,759,0,759,中國信託-文心,2024-08-15,6164
00900,富邦特選高股息30,413,0,413,中國信託-文心,2024-08-15,6164
00878,國泰永續高股息,419,45,374,中國信託-文心,2024-08-15,6164
00687B,國泰20年美債,462,135,327,中國信託-文心,2024-08-15,6164
00935,野村臺灣新科技50,234,9,225,中國信託-文心,2024-08-15,6164
00934,中信成長高股息,177,3,174,中國信託-文心,2024-08-15,6164
2317,鴻海,234,114,120,中國信託-文心,2024-08-15,6164
00948B,中信優息投資級債,111,0,111,中國信託-文心,2024-08-15,6164
00795B,中信美國公債20年,122,20,102,中國信託-文心,2024-08-15,6164
2891,中信金,87,1,86,中國信託-文心,2024-08-15,6164
2881,富邦金,79,12,67,中國信託-文心,2024-08-15,6164
2520,冠德,80,15,65,中國信託-文心,2024-08-15,6164
2892,第一金,61,1,60,中國信託-文心,2024-08-15,6164
2002,中鋼,61,2,59,中國信託-文心,2024-08-15,6164
3019,亞光,107,50,57,中國信託-文心,2024-08-15,6164
2312,金寶,117,64,53,中國信託-文心,2024-08-15,6164
00881,國泰台灣5G+,61,9,52,中國信託-文心,2024-08-15,6164
00936,台新永續高息中小,56,5,51,中國信託-文心,2024-08-15,6164
2886,兆豐金,51,3,48,中國信託-文心,2024-08-15,6164
2489,瑞軒,94,49,45,中國信託-文心,2024-08-15,6164
5014,建錩,47,7,40,中國信託-文心,2024-08-15,6164
00680L,元大美債20正2,133,96,37,中國信託-文心,2024-08-15,6164
00637L,元大滬深300正2,50,15,35,中國信託-文心,2024-08-15,6164
2801,彰銀,34,0,34,中國信託-文心,2024-08-15,6164
0056,元大高股息,52,19,33,中國信託-文心,2024-08-15,6164
3013,晟銘電,186,153,33,中國信託-文心,2024-08-15,6164
3665,貿聯-KY,32,0,32,中國信託-文心,2024-08-15,6164
00933B,國泰10Y+金融債,31,0,31,中國信託-文心,2024-08-15,6164
4540,全球傳動,41,11,30,中國信託-文心,2024-08-15,6164
00632R,元大台灣50反1,87,61,26,中國信託-文心,2024-08-15,6164
3673,TPK-KY,28,3,25,中國信託-文心,2024-08-15,6164
2449,京元電子,34,10,24,中國信託-文心,2024-08-15,6164
2887,台新金,21,0,21,中國信託-文心,2024-08-15,6164
2324,仁寶,43,22,21,中國信託-文心,2024-08-15,6164
2303,聯電,36,15,21,中國信託-文心,2024-08-15,6164
1513,中興電,63,43,20,中國信託-文心,2024-08-15,6164
8105,凌巨,20,0,20,中國信託-文心,2024-08-15,6164
00673R,期元大S＆P原油反1,19,0,19,中國信託-文心,2024-08-15,6164
00929,復華台灣科技優息,234,216,18,中國信託-文心,2024-08-15,6164
2884,玉山金,20,1,19,中國信託-文心,2024-08-15,6164
8374,羅昇,104,86,18,中國信託-文心,2024-08-15,6164
0050,元大台灣50,44,26,18,中國信託-文心,2024-08-15,6164
00891,中信關鍵半導體,17,0,17,中國信託-文心,2024-08-15,6164
3037,欣興,22,5,17,中國信託-文心,2024-08-15,6164
00720B,元大投資級公司債,26,9,17,中國信託-文心,2024-08-15,6164
3576,聯合再生,17,1,16,中國信託-文心,2024-08-15,6164
2539,櫻花建,16,0,16,中國信託-文心,2024-08-15,6164
00719B,元大美債1-3,16,0,16,中國信託-文心,2024-08-15,6164
3663,鑫科,40,25,15,中國信託-文心,2024-08-15,6164
00687B,國泰20年美債,936,152,784,中國信託-文心,2024-08-16,6164
00632R,元大台灣50反1,386,30,356,中國信託-文心,2024-08-16,6164
00679B,元大美債20年,313,7,306,中國信託-文心,2024-08-16,6164
00795B,中信美國公債20年,293,25,268,中國信託-文心,2024-08-16,6164
00929,復華台灣科技優息,198,64,134,中國信託-文心,2024-08-16,6164
00937B,群益ESG投等債20,234,111,123,中國信託-文心,2024-08-16,6164
00719B,元大美債1-3,110,0,110,中國信託-文心,2024-08-16,6164
00878,國泰永續高股息,204,95,109,中國信託-文心,2024-08-16,6164
00671R,富邦NASDAQ反1,102,0,102,中國信託-文心,2024-08-16,6164
5488,松普,105,5,100,中國信託-文心,2024-08-16,6164
00688L,國泰20年美債正2,97,0,97,中國信託-文心,2024-08-16,6164
00680L,元大美債20正2,299,221,78,中國信託-文心,2024-08-16,6164
1785,光洋科,112,42,70,中國信託-文心,2024-08-16,6164
2845,遠東銀,54,1,53,中國信託-文心,2024-08-16,6164
2371,大同,51,2,49,中國信託-文心,2024-08-16,6164
2388,威盛,49,11,38,中國信託-文心,2024-08-16,6164
1736,喬山,35,0,35,中國信託-文心,2024-08-16,6164
2323,中環,180,147,33,中國信託-文心,2024-08-16,6164
6269,台郡,31,0,31,中國信託-文心,2024-08-16,6164
2393,億光,40,10,30,中國信託-文心,2024-08-16,6164
3712,永崴投控,49,21,28,中國信託-文心,2024-08-16,6164
4562,穎漢,66,39,27,中國信託-文心,2024-08-16,6164
00940,元大台灣價值高息,190,164,26,中國信託-文心,2024-08-16,6164
00664R,國泰臺灣加權反1,26,0,26,中國信託-文心,2024-08-16,6164
3645,達邁,30,4,26,中國信託-文心,2024-08-16,6164
1504,東元,41,16,25,中國信託-文心,2024-08-16,6164
6443,元晶,25,1,24,中國信託-文心,2024-08-16,6164
4564,元翎,23,0,23,中國信託-文心,2024-08-16,6164
4726,永昕,21,0,21,中國信託-文心,2024-08-16,6164
1503,士電,22,1,21,中國信託-文心,2024-08-16,6164
00893,國泰智能電動車,20,0,20,中國信託-文心,2024-08-16,6164
3022,威強電,20,0,20,中國信託-文心,2024-08-16,6164
2618,長榮航,26,6,20,中國信託-文心,2024-08-16,6164
2349,錸德,26,8,18,中國信託-文心,2024-08-16,6164
00933B,國泰10Y+金融債,18,0,18,中國信託-文心,2024-08-16,6164
2603,長榮,32,15,17,中國信託-文心,2024-08-16,6164
6464,台數科,17,0,17,中國信託-文心,2024-08-16,6164
8054,安國,34,18,16,中國信託-文心,2024-08-16,6164
1752,南光,15,0,15,中國信託-文心,2024-08-16,6164
6658,聯策,16,1,15,中國信託-文心,2024-08-16,6164
00882,中信中國高股息,55,40,15,中國信託-文心,2024-08-16,6164
1808,潤隆,14,0,14,中國信託-文心,2024-08-16,6164
6651,全宇昕,14,0,14,中國信託-文心,2024-08-16,6164
8096,擎亞,154,140,14,中國信託-文心,2024-08-16,6164
00712,復華富時不動產,26,13,13,中國信託-文心,2024-08-16,6164
6139,亞翔,17,4,13,中國信託-文心,2024-08-16,6164
3058,立德,13,0,13,中國信託-文心,2024-08-16,6164
4927,泰鼎-KY,13,0,13,中國信託-文心,2024-08-16,6164
4555,氣立,17,4,13,中國信託-文心,2024-08-16,6164
00948B,中信優息投資級債,13,0,13,中國信託-文心,2024-08-16,6164
00937B,群益ESG投等債20,679,15,664,中國信託-文心,2024-08-19,6164
00687B,國泰20年美債,392,69,323,中國信託-文心,2024-08-19,6164
00945B,凱基美國非投等債,237,0,237,中國信託-文心,2024-08-19,6164
00929,復華台灣科技優息,314,94,220,中國信託-文心,2024-08-19,6164
2888,新光金,328,124,204,中國信託-文心,2024-08-19,6164
00795B,中信美國公債20年,141,0,141,中國信託-文心,2024-08-19,6164
00935,野村臺灣新科技50,139,0,139,中國信託-文心,2024-08-19,6164
2002,中鋼,118,10,108,中國信託-文心,2024-08-19,6164
00641R,富邦日本反1,104,0,104,中國信託-文心,2024-08-19,6164
1905,華紙,72,0,72,中國信託-文心,2024-08-19,6164
5905,南仁湖,81,12,69,中國信託-文心,2024-08-19,6164
00688L,國泰20年美債正2,108,42,66,中國信託-文心,2024-08-19,6164
2886,兆豐金,64,1,63,中國信託-文心,2024-08-19,6164
00948B,中信優息投資級債,61,2,59,中國信託-文心,2024-08-19,6164
3047,訊舟,127,69,58,中國信託-文心,2024-08-19,6164
4526,東台,74,16,58,中國信託-文心,2024-08-19,6164
2359,所羅門,168,114,54,中國信託-文心,2024-08-19,6164
2365,昆盈,101,52,49,中國信託-文心,2024-08-19,6164
00923,群益台ESG低碳50,51,5,46,中國信託-文心,2024-08-19,6164
00751B,元大AAA至A公司債,45,0,45,中國信託-文心,2024-08-19,6164
2834,臺企銀,51,10,41,中國信託-文心,2024-08-19,6164
2324,仁寶,40,0,40,中國信託-文心,2024-08-19,6164
00632R,元大台灣50反1,174,135,39,中國信託-文心,2024-08-19,6164
00905,FT臺灣Smart,40,1,39,中國信託-文心,2024-08-19,6164
00680L,元大美債20正2,60,22,38,中國信託-文心,2024-08-19,6164
00932,兆豐永續高息等權,36,0,36,中國信託-文心,2024-08-19,6164
00907,永豐優息存股,35,0,35,中國信託-文心,2024-08-19,6164
00936,台新永續高息中小,40,6,34,中國信託-文心,2024-08-19,6164
00931B,統一美債20年,31,0,31,中國信託-文心,2024-08-19,6164
00664R,國泰臺灣加權反1,27,0,27,中國信託-文心,2024-08-19,6164
5484,慧友,30,5,25,中國信託-文心,2024-08-19,6164
2845,遠東銀,23,0,23,中國信託-文心,2024-08-19,6164
2388,威盛,26,4,22,中國信託-文心,2024-08-19,6164
6651,全宇昕,22,0,22,中國信託-文心,2024-08-19,6164
00646,元大S＆P500,21,0,21,中國信託-文心,2024-08-19,6164
6188,廣明,67,46,21,中國信託-文心,2024-08-19,6164
3645,達邁,86,66,20,中國信託-文心,2024-08-19,6164
2739,寒舍,20,0,20,中國信託-文心,2024-08-19,6164
1536,和大,26,6,20,中國信託-文心,2024-08-19,6164
1336,台翰,19,0,19,中國信託-文心,2024-08-19,6164
00665L,富邦�琤肭磪囓�2,25,6,19,中國信託-文心,2024-08-19,6164
2393,億光,18,0,18,中國信託-文心,2024-08-19,6164
1611,中電,23,5,18,中國信託-文心,2024-08-19,6164
2382,廣達,25,8,17,中國信託-文心,2024-08-19,6164
3374,精材,54,37,17,中國信託-文心,2024-08-19,6164
5309,系統電,25,9,16,中國信託-文心,2024-08-19,6164
5371,中光電,17,2,15,中國信託-文心,2024-08-19,6164
00715L,期街口布蘭特正2,15,0,15,中國信託-文心,2024-08-19,6164
3056,富華新,15,0,15,中國信託-文心,2024-08-19,6164
00882,中信中國高股息,25,11,14,中國信託-文心,2024-08-19,6164
00937B,群益ESG投等債20,457,51,406,中國信託-文心,2024-08-20,6164
00948B,中信優息投資級債,332,20,312,中國信託-文心,2024-08-20,6164
2888,新光金,438,233,205,中國信託-文心,2024-08-20,6164
00687B,國泰20年美債,220,30,190,中國信託-文心,2024-08-20,6164
2834,臺企銀,155,4,151,中國信託-文心,2024-08-20,6164
00715L,期街口布蘭特正2,128,2,126,中國信託-文心,2024-08-20,6164
00632R,元大台灣50反1,187,62,125,中國信託-文心,2024-08-20,6164
00929,復華台灣科技優息,201,77,124,中國信託-文心,2024-08-20,6164
3056,富華新,123,2,121,中國信託-文心,2024-08-20,6164
00795B,中信美國公債20年,97,0,97,中國信託-文心,2024-08-20,6164
00679B,元大美債20年,185,92,93,中國信託-文心,2024-08-20,6164
00688L,國泰20年美債正2,116,25,91,中國信託-文心,2024-08-20,6164
2002,中鋼,96,10,86,中國信託-文心,2024-08-20,6164
3047,訊舟,123,49,74,中國信託-文心,2024-08-20,6164
2884,玉山金,102,37,65,中國信託-文心,2024-08-20,6164
2317,鴻海,94,30,64,中國信託-文心,2024-08-20,6164
00919,群益台灣精選高息,130,71,59,中國信託-文心,2024-08-20,6164
00878,國泰永續高股息,87,33,54,中國信託-文心,2024-08-20,6164
2356,英業達,82,31,51,中國信託-文心,2024-08-20,6164
00931B,統一美債20年,50,0,50,中國信託-文心,2024-08-20,6164
00934,中信成長高股息,61,14,47,中國信託-文心,2024-08-20,6164
2489,瑞軒,58,14,44,中國信託-文心,2024-08-20,6164
2374,佳能,102,62,40,中國信託-文心,2024-08-20,6164
2891,中信金,84,48,36,中國信託-文心,2024-08-20,6164
1314,中石化,41,6,35,中國信託-文心,2024-08-20,6164
4513,福裕,38,4,34,中國信託-文心,2024-08-20,6164
2417,圓剛,59,26,33,中國信託-文心,2024-08-20,6164
00918,大華優利高填息30,33,1,32,中國信託-文心,2024-08-20,6164
2542,興富發,42,10,32,中國信託-文心,2024-08-20,6164
00923,群益台ESG低碳50,29,0,29,中國信託-文心,2024-08-20,6164
6117,迎廣,46,18,28,中國信託-文心,2024-08-20,6164
4306,炎洲,26,0,26,中國信託-文心,2024-08-20,6164
4526,東台,31,6,25,中國信託-文心,2024-08-20,6164
00945B,凱基美國非投等債,22,0,22,中國信託-文心,2024-08-20,6164
00751B,元大AAA至A公司債,22,0,22,中國信託-文心,2024-08-20,6164
4562,穎漢,93,71,22,中國信託-文心,2024-08-20,6164
00706L,期元大S＆P日圓正2,22,0,22,中國信託-文心,2024-08-20,6164
2359,所羅門,54,33,21,中國信託-文心,2024-08-20,6164
00907,永豐優息存股,21,0,21,中國信託-文心,2024-08-20,6164
2243,宏旭-KY,23,2,21,中國信託-文心,2024-08-20,6164
2486,一詮,25,4,21,中國信託-文心,2024-08-20,6164
2845,遠東銀,21,0,21,中國信託-文心,2024-08-20,6164
6125,廣運,40,20,20,中國信託-文心,2024-08-20,6164
00936,台新永續高息中小,30,10,20,中國信託-文心,2024-08-20,6164
00664R,國泰臺灣加權反1,20,0,20,中國信託-文心,2024-08-20,6164
00933B,國泰10Y+金融債,20,0,20,中國信託-文心,2024-08-20,6164
00665L,富邦�琤肭磪囓�2,21,2,19,中國信託-文心,2024-08-20,6164
00951,台新日本半導體,20,1,19,中國信託-文心,2024-08-20,6164
2539,櫻花建,17,0,17,中國信託-文心,2024-08-20,6164
6651,全宇昕,17,0,17,中國信託-文心,2024-08-20,6164
2888,新光金,1850,594,1256,中國信託-文心,2024-08-21,6164
2891,中信金,684,25,659,中國信託-文心,2024-08-21,6164
2317,鴻海,194,20,174,中國信託-文心,2024-08-21,6164
00878,國泰永續高股息,194,41,153,中國信託-文心,2024-08-21,6164
00919,群益台灣精選高息,176,49,127,中國信託-文心,2024-08-21,6164
00688L,國泰20年美債正2,262,148,114,中國信託-文心,2024-08-21,6164
00712,復華富時不動產,101,1,100,中國信託-文心,2024-08-21,6164
0050,元大台灣50,101,6,95,中國信託-文心,2024-08-21,6164
00935,野村臺灣新科技50,96,5,91,中國信託-文心,2024-08-21,6164
2362,藍天,77,8,69,中國信託-文心,2024-08-21,6164
3056,富華新,68,0,68,中國信託-文心,2024-08-21,6164
00907,永豐優息存股,68,0,68,中國信託-文心,2024-08-21,6164
00715L,期街口布蘭特正2,68,2,66,中國信託-文心,2024-08-21,6164
2834,臺企銀,105,41,64,中國信託-文心,2024-08-21,6164
2886,兆豐金,62,0,62,中國信託-文心,2024-08-21,6164
5302,太欣,55,0,55,中國信託-文心,2024-08-21,6164
0056,元大高股息,63,10,53,中國信託-文心,2024-08-21,6164
8096,擎亞,120,69,51,中國信託-文心,2024-08-21,6164
00953B,群益優選非投等債,48,0,48,中國信託-文心,2024-08-21,6164
00948B,中信優息投資級債,52,5,47,中國信託-文心,2024-08-21,6164
6177,達麗,42,1,41,中國信託-文心,2024-08-21,6164
6117,迎廣,55,16,39,中國信託-文心,2024-08-21,6164
00900,富邦特選高股息30,45,7,38,中國信託-文心,2024-08-21,6164
5905,南仁湖,355,318,37,中國信託-文心,2024-08-21,6164
1736,喬山,47,12,35,中國信託-文心,2024-08-21,6164
00918,大華優利高填息30,33,0,33,中國信託-文心,2024-08-21,6164
2812,台中銀,34,3,31,中國信託-文心,2024-08-21,6164
4958,臻鼎-KY,31,0,31,中國信託-文心,2024-08-21,6164
2501,國建,30,0,30,中國信託-文心,2024-08-21,6164
00954,中信日本半導體,30,0,30,中國信託-文心,2024-08-21,6164
1503,士電,44,15,29,中國信託-文心,2024-08-21,6164
6284,佳邦,33,4,29,中國信託-文心,2024-08-21,6164
1609,大亞,36,7,29,中國信託-文心,2024-08-21,6164
8043,蜜望實,54,27,27,中國信託-文心,2024-08-21,6164
00945B,凱基美國非投等債,27,0,27,中國信託-文心,2024-08-21,6164
2332,友訊,26,0,26,中國信託-文心,2024-08-21,6164
3663,鑫科,42,16,26,中國信託-文心,2024-08-21,6164
00664R,國泰臺灣加權反1,25,0,25,中國信託-文心,2024-08-21,6164
00951,台新日本半導體,35,10,25,中國信託-文心,2024-08-21,6164
8054,安國,34,9,25,中國信託-文心,2024-08-21,6164
2382,廣達,31,6,25,中國信託-文心,2024-08-21,6164
2354,鴻準,30,6,24,中國信託-文心,2024-08-21,6164
00937B,群益ESG投等債20,166,142,24,中國信託-文心,2024-08-21,6164
00891,中信關鍵半導體,25,2,23,中國信託-文心,2024-08-21,6164
3712,永崴投控,25,3,22,中國信託-文心,2024-08-21,6164
1434,福懋,20,0,20,中國信託-文心,2024-08-21,6164
5515,建國,20,0,20,中國信託-文心,2024-08-21,6164
00923,群益台ESG低碳50,66,46,20,中國信託-文心,2024-08-21,6164
6770,力積電,20,1,19,中國信託-文心,2024-08-21,6164
3032,偉訓,20,1,19,中國信託-文心,2024-08-21,6164
00948B,中信優息投資級債,433,0,433,中國信託-文心,2024-08-22,6164
00687B,國泰20年美債,233,3,230,中國信託-文心,2024-08-22,6164
00715L,期街口布蘭特正2,212,0,212,中國信託-文心,2024-08-22,6164
2349,錸德,392,198,194,中國信託-文心,2024-08-22,6164
00632R,元大台灣50反1,274,96,178,中國信託-文心,2024-08-22,6164
2867,三商壽,188,13,175,中國信託-文心,2024-08-22,6164
00688L,國泰20年美債正2,165,0,165,中國信託-文心,2024-08-22,6164
2891,中信金,177,41,136,中國信託-文心,2024-08-22,6164
00937B,群益ESG投等債20,145,10,135,中國信託-文心,2024-08-22,6164
00929,復華台灣科技優息,177,58,119,中國信託-文心,2024-08-22,6164
2515,中工,182,80,102,中國信託-文心,2024-08-22,6164
3056,富華新,106,27,79,中國信託-文心,2024-08-22,6164
00679B,元大美債20年,109,43,66,中國信託-文心,2024-08-22,6164
3047,訊舟,182,117,65,中國信託-文心,2024-08-22,6164
00953B,群益優選非投等債,72,10,62,中國信託-文心,2024-08-22,6164
1785,光洋科,78,16,62,中國信託-文心,2024-08-22,6164
00919,群益台灣精選高息,85,25,60,中國信託-文心,2024-08-22,6164
00940,元大台灣價值高息,62,6,56,中國信託-文心,2024-08-22,6164
00680L,元大美債20正2,78,24,54,中國信託-文心,2024-08-22,6164
2890,永豐金,54,1,53,中國信託-文心,2024-08-22,6164
2317,鴻海,149,106,43,中國信託-文心,2024-08-22,6164
00878,國泰永續高股息,92,51,41,中國信託-文心,2024-08-22,6164
2382,廣達,33,2,31,中國信託-文心,2024-08-22,6164
0056,元大高股息,34,3,31,中國信託-文心,2024-08-22,6164
2489,瑞軒,34,4,30,中國信託-文心,2024-08-22,6164
3163,波若威,42,12,30,中國信託-文心,2024-08-22,6164
8096,擎亞,93,63,30,中國信託-文心,2024-08-22,6164
3013,晟銘電,46,17,29,中國信託-文心,2024-08-22,6164
2845,遠東銀,26,1,25,中國信託-文心,2024-08-22,6164
3518,柏騰,26,2,24,中國信託-文心,2024-08-22,6164
1513,中興電,60,36,24,中國信託-文心,2024-08-22,6164
00905,FT臺灣Smart,21,0,21,中國信託-文心,2024-08-22,6164
2429,銘旺科,30,9,21,中國信託-文心,2024-08-22,6164
2362,藍天,28,7,21,中國信託-文心,2024-08-22,6164
6139,亞翔,39,19,20,中國信託-文心,2024-08-22,6164
00951,台新日本半導體,20,0,20,中國信託-文心,2024-08-22,6164
00713,元大台灣高息低波,21,1,20,中國信託-文心,2024-08-22,6164
00936,台新永續高息中小,18,0,18,中國信託-文心,2024-08-22,6164
2476,鉅祥,18,0,18,中國信託-文心,2024-08-22,6164
1717,長興,33,15,18,中國信託-文心,2024-08-22,6164
00795B,中信美國公債20年,17,0,17,中國信託-文心,2024-08-22,6164
2393,億光,20,3,17,中國信託-文心,2024-08-22,6164
2486,一詮,18,2,16,中國信託-文心,2024-08-22,6164
1409,新纖,16,0,16,中國信託-文心,2024-08-22,6164
2312,金寶,18,2,16,中國信託-文心,2024-08-22,6164
00882,中信中國高股息,16,0,16,中國信託-文心,2024-08-22,6164
00881,國泰台灣5G+,36,20,16,中國信託-文心,2024-08-22,6164
4906,正文,24,9,15,中國信託-文心,2024-08-22,6164
6609,瀧澤科,30,15,15,中國信託-文心,2024-08-22,6164
00934,中信成長高股息,15,0,15,中國信託-文心,2024-08-22,6164
00948B,中信優息投資級債,412,2,410,中國信託-文心,2024-08-23,6164
2891,中信金,410,10,400,中國信託-文心,2024-08-23,6164
00687B,國泰20年美債,397,11,386,中國信託-文心,2024-08-23,6164
00632R,元大台灣50反1,304,10,294,中國信託-文心,2024-08-23,6164
00929,復華台灣科技優息,356,87,269,中國信託-文心,2024-08-23,6164
1314,中石化,243,46,197,中國信託-文心,2024-08-23,6164
00680L,元大美債20正2,183,0,183,中國信託-文心,2024-08-23,6164
6505,台塑化,164,0,164,中國信託-文心,2024-08-23,6164
00937B,群益ESG投等債20,148,14,134,中國信託-文心,2024-08-23,6164
00953B,群益優選非投等債,115,0,115,中國信託-文心,2024-08-23,6164
00905,FT臺灣Smart,112,0,112,中國信託-文心,2024-08-23,6164
1711,永光,154,71,83,中國信託-文心,2024-08-23,6164
2542,興富發,85,2,83,中國信託-文心,2024-08-23,6164
00919,群益台灣精選高息,100,19,81,中國信託-文心,2024-08-23,6164
00795B,中信美國公債20年,76,0,76,中國信託-文心,2024-08-23,6164
00688L,國泰20年美債正2,97,22,75,中國信託-文心,2024-08-23,6164
00679B,元大美債20年,189,127,62,中國信託-文心,2024-08-23,6164
2887,台新金,160,98,62,中國信託-文心,2024-08-23,6164
00706L,期元大S＆P日圓正2,60,0,60,中國信託-文心,2024-08-23,6164
00751B,元大AAA至A公司債,55,0,55,中國信託-文心,2024-08-23,6164
00878,國泰永續高股息,93,41,52,中國信託-文心,2024-08-23,6164
3047,訊舟,62,15,47,中國信託-文心,2024-08-23,6164
8085,福華,62,15,47,中國信託-文心,2024-08-23,6164
00713,元大台灣高息低波,43,1,42,中國信託-文心,2024-08-23,6164
00720B,元大投資級公司債,54,12,42,中國信託-文心,2024-08-23,6164
3056,富華新,40,0,40,中國信託-文心,2024-08-23,6164
00935,野村臺灣新科技50,49,14,35,中國信託-文心,2024-08-23,6164
1721,三晃,60,27,33,中國信託-文心,2024-08-23,6164
00951,台新日本半導體,33,0,33,中國信託-文心,2024-08-23,6164
3013,晟銘電,80,47,33,中國信託-文心,2024-08-23,6164
3052,夆典,31,0,31,中國信託-文心,2024-08-23,6164
00881,國泰台灣5G+,44,15,29,中國信託-文心,2024-08-23,6164
8064,東捷,276,247,29,中國信託-文心,2024-08-23,6164
0056,元大高股息,35,8,27,中國信託-文心,2024-08-23,6164
4113,聯上,27,0,27,中國信託-文心,2024-08-23,6164
6133,金橋,48,22,26,中國信託-文心,2024-08-23,6164
4906,正文,31,5,26,中國信託-文心,2024-08-23,6164
00942B,台新美A公司債20+,25,0,25,中國信託-文心,2024-08-23,6164
6126,信音,23,0,23,中國信託-文心,2024-08-23,6164
00664R,國泰臺灣加權反1,23,0,23,中國信託-文心,2024-08-23,6164
00934,中信成長高股息,25,2,23,中國信託-文心,2024-08-23,6164
1326,台化,21,0,21,中國信託-文心,2024-08-23,6164
2405,輔信,21,0,21,中國信託-文心,2024-08-23,6164
00936,台新永續高息中小,32,12,20,中國信託-文心,2024-08-23,6164
2025,千興,20,0,20,中國信託-文心,2024-08-23,6164
3189,景碩,61,41,20,中國信託-文心,2024-08-23,6164
8104,錸寶,21,2,19,中國信託-文心,2024-08-23,6164
5512,力麒,18,0,18,中國信託-文心,2024-08-23,6164
8089,康全電訊,22,5,17,中國信託-文心,2024-08-23,6164
3149,正達,26,9,17,中國信託-文心,2024-08-23,6164
2888,新光金,1119,661,458,中國信託-文心,2024-08-26,6164
00680L,元大美債20正2,443,116,327,中國信託-文心,2024-08-26,6164
00687B,國泰20年美債,324,38,286,中國信託-文心,2024-08-26,6164
2891,中信金,195,28,167,中國信託-文心,2024-08-26,6164
00937B,群益ESG投等債20,159,30,129,中國信託-文心,2024-08-26,6164
2409,友達,155,41,114,中國信託-文心,2024-08-26,6164
4714,永捷,110,2,108,中國信託-文心,2024-08-26,6164
2834,臺企銀,109,12,97,中國信託-文心,2024-08-26,6164
00929,復華台灣科技優息,174,78,96,中國信託-文心,2024-08-26,6164
4526,東台,123,50,73,中國信託-文心,2024-08-26,6164
00948B,中信優息投資級債,74,2,72,中國信託-文心,2024-08-26,6164
00953B,群益優選非投等債,67,0,67,中國信託-文心,2024-08-26,6164
00878,國泰永續高股息,145,78,67,中國信託-文心,2024-08-26,6164
2402,毅嘉,94,40,54,中國信託-文心,2024-08-26,6164
00688L,國泰20年美債正2,63,11,52,中國信託-文心,2024-08-26,6164
00927,群益半導體收益,51,0,51,中國信託-文心,2024-08-26,6164
1309,台達化,50,0,50,中國信託-文心,2024-08-26,6164
2349,錸德,180,131,49,中國信託-文心,2024-08-26,6164
2303,聯電,49,3,46,中國信託-文心,2024-08-26,6164
3056,富華新,48,2,46,中國信託-文心,2024-08-26,6164
6443,元晶,42,2,40,中國信託-文心,2024-08-26,6164
3645,達邁,58,20,38,中國信託-文心,2024-08-26,6164
3296,勝德,37,0,37,中國信託-文心,2024-08-26,6164
6462,神盾,38,1,37,中國信託-文心,2024-08-26,6164
5443,均豪,197,162,35,中國信託-文心,2024-08-26,6164
00751B,元大AAA至A公司債,35,0,35,中國信託-文心,2024-08-26,6164
1711,永光,160,126,34,中國信託-文心,2024-08-26,6164
0050,元大台灣50,62,29,33,中國信託-文心,2024-08-26,6164
4113,聯上,34,2,32,中國信託-文心,2024-08-26,6164
3050,鈺德,30,0,30,中國信託-文心,2024-08-26,6164
2382,廣達,40,11,29,中國信託-文心,2024-08-26,6164
00919,群益台灣精選高息,75,48,27,中國信託-文心,2024-08-26,6164
6416,瑞祺電通,25,0,25,中國信託-文心,2024-08-26,6164
00956,中信日經高股息,25,1,24,中國信託-文心,2024-08-26,6164
2467,志聖,33,9,24,中國信託-文心,2024-08-26,6164
2603,長榮,28,5,23,中國信託-文心,2024-08-26,6164
6139,亞翔,26,3,23,中國信託-文心,2024-08-26,6164
2377,微星,29,6,23,中國信託-文心,2024-08-26,6164
3037,欣興,23,1,22,中國信託-文心,2024-08-26,6164
4513,福裕,39,17,22,中國信託-文心,2024-08-26,6164
2331,精英,58,37,21,中國信託-文心,2024-08-26,6164
2313,華通,35,15,20,中國信託-文心,2024-08-26,6164
4532,瑞智,21,1,20,中國信託-文心,2024-08-26,6164
2359,所羅門,32,13,19,中國信託-文心,2024-08-26,6164
2317,鴻海,70,52,18,中國信託-文心,2024-08-26,6164
1809,中釉,24,6,18,中國信託-文心,2024-08-26,6164
00918,大華優利高填息30,17,0,17,中國信託-文心,2024-08-26,6164
8028,昇陽半導體,75,58,17,中國信託-文心,2024-08-26,6164
8076,伍豐,17,0,17,中國信託-文心,2024-08-26,6164
8021,尖點,19,2,17,中國信託-文心,2024-08-26,6164
2891,中信金,483,19,464,中國信託-文心,2024-08-27,6164
00679B,元大美債20年,163,13,150,中國信託-文心,2024-08-27,6164
8039,台虹,205,63,142,中國信託-文心,2024-08-27,6164
00687B,國泰20年美債,139,12,127,中國信託-文心,2024-08-27,6164
00919,群益台灣精選高息,127,10,117,中國信託-文心,2024-08-27,6164
00937B,群益ESG投等債20,126,22,104,中國信託-文心,2024-08-27,6164
2834,臺企銀,113,10,103,中國信託-文心,2024-08-27,6164
2409,友達,99,10,89,中國信託-文心,2024-08-27,6164
00673R,期元大S＆P原油反1,88,0,88,中國信託-文心,2024-08-27,6164
3481,群創,254,167,87,中國信託-文心,2024-08-27,6164
3056,富華新,78,3,75,中國信託-文心,2024-08-27,6164
00951,台新日本半導體,68,1,67,中國信託-文心,2024-08-27,6164
0056,元大高股息,81,18,63,中國信託-文心,2024-08-27,6164
00680L,元大美債20正2,151,91,60,中國信託-文心,2024-08-27,6164
00948B,中信優息投資級債,60,0,60,中國信託-文心,2024-08-27,6164
8028,昇陽半導體,126,67,59,中國信託-文心,2024-08-27,6164
00878,國泰永續高股息,96,41,55,中國信託-文心,2024-08-27,6164
00929,復華台灣科技優息,182,129,53,中國信託-文心,2024-08-27,6164
00918,大華優利高填息30,45,1,44,中國信託-文心,2024-08-27,6164
2887,台新金,53,11,42,中國信託-文心,2024-08-27,6164
2399,映泰,92,50,42,中國信託-文心,2024-08-27,6164
2609,陽明,74,38,36,中國信託-文心,2024-08-27,6164
2429,銘旺科,35,2,33,中國信託-文心,2024-08-27,6164
2845,遠東銀,51,18,33,中國信託-文心,2024-08-27,6164
00934,中信成長高股息,38,7,31,中國信託-文心,2024-08-27,6164
3540,曜越,33,2,31,中國信託-文心,2024-08-27,6164
00935,野村臺灣新科技50,31,2,29,中國信託-文心,2024-08-27,6164
6143,振曜,30,1,29,中國信託-文心,2024-08-27,6164
00720B,元大投資級公司債,27,0,27,中國信託-文心,2024-08-27,6164
1785,光洋科,27,0,27,中國信託-文心,2024-08-27,6164
1802,台玻,41,16,25,中國信託-文心,2024-08-27,6164
1718,中纖,24,0,24,中國信託-文心,2024-08-27,6164
3515,華擎,27,3,24,中國信託-文心,2024-08-27,6164
2303,聯電,40,17,23,中國信託-文心,2024-08-27,6164
6443,元晶,27,4,23,中國信託-文心,2024-08-27,6164
00795B,中信美國公債20年,24,1,23,中國信託-文心,2024-08-27,6164
3498,陽程,23,0,23,中國信託-文心,2024-08-27,6164
5014,建錩,22,0,22,中國信託-文心,2024-08-27,6164
00688L,國泰20年美債正2,24,4,20,中國信託-文心,2024-08-27,6164
6177,達麗,22,2,20,中國信託-文心,2024-08-27,6164
00713,元大台灣高息低波,27,8,19,中國信託-文心,2024-08-27,6164
4967,十銓,54,35,19,中國信託-文心,2024-08-27,6164
2420,新巨,31,12,19,中國信託-文心,2024-08-27,6164
5905,南仁湖,22,4,18,中國信託-文心,2024-08-27,6164
5469,瀚宇博,27,9,18,中國信託-文心,2024-08-27,6164
2489,瑞軒,20,3,17,中國信託-文心,2024-08-27,6164
00881,國泰台灣5G+,38,21,17,中國信託-文心,2024-08-27,6164
6244,茂迪,16,0,16,中國信託-文心,2024-08-27,6164
3019,亞光,39,23,16,中國信託-文心,2024-08-27,6164
6191,精成科,16,0,16,中國信託-文心,2024-08-27,6164
6177,達麗,245,80,165,中國信託-文心,2024-08-28,6164
3056,富華新,87,1,86,中國信託-文心,2024-08-28,6164
6133,金橋,75,0,75,中國信託-文心,2024-08-28,6164
00878,國泰永續高股息,71,6,65,中國信託-文心,2024-08-28,6164
2891,中信金,131,71,60,中國信託-文心,2024-08-28,6164
00687B,國泰20年美債,61,4,57,中國信託-文心,2024-08-28,6164
2886,兆豐金,52,2,50,中國信託-文心,2024-08-28,6164
2324,仁寶,52,6,46,中國信託-文心,2024-08-28,6164
00918,大華優利高填息30,44,0,44,中國信託-文心,2024-08-28,6164
00650L,復華香港正2,44,1,43,中國信託-文心,2024-08-28,6164
2834,臺企銀,53,12,41,中國信託-文心,2024-08-28,6164
1515,力山,50,10,40,中國信託-文心,2024-08-28,6164
00753L,中信中國50正2,39,0,39,中國信託-文心,2024-08-28,6164
00937B,群益ESG投等債20,68,30,38,中國信託-文心,2024-08-28,6164
6443,元晶,39,1,38,中國信託-文心,2024-08-28,6164
2405,輔信,49,11,38,中國信託-文心,2024-08-28,6164
00915,凱基優選高股息30,44,6,38,中國信託-文心,2024-08-28,6164
00679B,元大美債20年,65,27,38,中國信託-文心,2024-08-28,6164
8096,擎亞,41,5,36,中國信託-文心,2024-08-28,6164
2420,新巨,33,0,33,中國信託-文心,2024-08-28,6164
2359,所羅門,50,18,32,中國信託-文心,2024-08-28,6164
5905,南仁湖,35,3,32,中國信託-文心,2024-08-28,6164
3163,波若威,132,101,31,中國信託-文心,2024-08-28,6164
6156,松上,32,2,30,中國信託-文心,2024-08-28,6164
00795B,中信美國公債20年,29,0,29,中國信託-文心,2024-08-28,6164
00936,台新永續高息中小,34,5,29,中國信託-文心,2024-08-28,6164
3059,華晶科,29,1,28,中國信託-文心,2024-08-28,6164
1727,中華化,43,16,27,中國信託-文心,2024-08-28,6164
00688L,國泰20年美債正2,28,2,26,中國信託-文心,2024-08-28,6164
1101,台泥,25,1,24,中國信託-文心,2024-08-28,6164
00632R,元大台灣50反1,127,104,23,中國信託-文心,2024-08-28,6164
00948B,中信優息投資級債,23,0,23,中國信託-文心,2024-08-28,6164
00713,元大台灣高息低波,24,2,22,中國信託-文心,2024-08-28,6164
6416,瑞祺電通,21,0,21,中國信託-文心,2024-08-28,6164
3296,勝德,21,0,21,中國信託-文心,2024-08-28,6164
2486,一詮,39,18,21,中國信託-文心,2024-08-28,6164
2392,正崴,29,8,21,中國信託-文心,2024-08-28,6164
5481,新華,20,0,20,中國信託-文心,2024-08-28,6164
4563,百德,27,8,19,中國信託-文心,2024-08-28,6164
6153,嘉聯益,23,4,19,中國信託-文心,2024-08-28,6164
8107,大億金茂,19,0,19,中國信託-文心,2024-08-28,6164
3363,上詮,43,24,19,中國信託-文心,2024-08-28,6164
3312,弘憶股,26,8,18,中國信託-文心,2024-08-28,6164
8039,台虹,45,27,18,中國信託-文心,2024-08-28,6164
00675L,富邦臺灣加權正2,24,7,17,中國信託-文心,2024-08-28,6164
2603,長榮,23,7,16,中國信託-文心,2024-08-28,6164
00751B,元大AAA至A公司債,17,1,16,中國信託-文心,2024-08-28,6164
2312,金寶,21,5,16,中國信託-文心,2024-08-28,6164
9955,佳龍,18,2,16,中國信託-文心,2024-08-28,6164
2489,瑞軒,29,13,16,中國信託-文心,2024-08-28,6164
00959B,大華投等美債15Y+,1238,10,1228,中國信託-文心,2024-08-29,6164
2891,中信金,560,13,547,中國信託-文心,2024-08-29,6164
3481,群創,321,9,312,中國信託-文心,2024-08-29,6164
00937B,群益ESG投等債20,151,6,145,中國信託-文心,2024-08-29,6164
00632R,元大台灣50反1,275,130,145,中國信託-文心,2024-08-29,6164
00679B,元大美債20年,165,22,143,中國信託-文心,2024-08-29,6164
3149,正達,141,15,126,中國信託-文心,2024-08-29,6164
00878,國泰永續高股息,118,6,112,中國信託-文心,2024-08-29,6164
1727,中華化,106,7,99,中國信託-文心,2024-08-29,6164
00929,復華台灣科技優息,116,36,80,中國信託-文心,2024-08-29,6164
00715L,期街口布蘭特正2,73,10,63,中國信託-文心,2024-08-29,6164
00753L,中信中國50正2,60,0,60,中國信託-文心,2024-08-29,6164
3163,波若威,110,52,58,中國信託-文心,2024-08-29,6164
2834,臺企銀,105,54,51,中國信託-文心,2024-08-29,6164
3056,富華新,50,0,50,中國信託-文心,2024-08-29,6164
4510,高鋒,107,61,46,中國信託-文心,2024-08-29,6164
00680L,元大美債20正2,66,22,44,中國信託-文心,2024-08-29,6164
00830,國泰費城半導體,43,0,43,中國信託-文心,2024-08-29,6164
3673,TPK-KY,41,3,38,中國信託-文心,2024-08-29,6164
2330,台積電,43,6,37,中國信託-文心,2024-08-29,6164
2887,台新金,42,11,31,中國信託-文心,2024-08-29,6164
6505,台塑化,30,1,29,中國信託-文心,2024-08-29,6164
1314,中石化,42,13,29,中國信託-文心,2024-08-29,6164
8064,東捷,56,27,29,中國信託-文心,2024-08-29,6164
00882,中信中國高股息,27,0,27,中國信託-文心,2024-08-29,6164
1806,冠軍,26,0,26,中國信託-文心,2024-08-29,6164
6133,金橋,26,0,26,中國信託-文心,2024-08-29,6164
00795B,中信美國公債20年,24,0,24,中國信託-文心,2024-08-29,6164
00720B,元大投資級公司債,23,0,23,中國信託-文心,2024-08-29,6164
00936,台新永續高息中小,22,0,22,中國信託-文心,2024-08-29,6164
3550,聯穎,41,20,21,中國信託-文心,2024-08-29,6164
5512,力麒,21,0,21,中國信託-文心,2024-08-29,6164
6416,瑞祺電通,23,2,21,中國信託-文心,2024-08-29,6164
1711,永光,95,74,21,中國信託-文心,2024-08-29,6164
2426,鼎元,28,7,21,中國信託-文心,2024-08-29,6164
2543,皇昌,25,4,21,中國信託-文心,2024-08-29,6164
4128,中天,21,0,21,中國信託-文心,2024-08-29,6164
0056,元大高股息,38,18,20,中國信託-文心,2024-08-29,6164
6215,和椿,28,8,20,中國信託-文心,2024-08-29,6164
4755,三福化,20,0,20,中國信託-文心,2024-08-29,6164
2886,兆豐金,24,5,19,中國信託-文心,2024-08-29,6164
00719B,元大美債1-3,20,1,19,中國信託-文心,2024-08-29,6164
00915,凱基優選高股息30,18,0,18,中國信託-文心,2024-08-29,6164
3293,鈊象,20,2,18,中國信託-文心,2024-08-29,6164
2880,華南金,20,3,17,中國信託-文心,2024-08-29,6164
2419,仲琦,17,0,17,中國信託-文心,2024-08-29,6164
00935,野村臺灣新科技50,21,4,17,中國信託-文心,2024-08-29,6164
00933B,國泰10Y+金融債,17,0,17,中國信託-文心,2024-08-29,6164
2356,英業達,18,2,16,中國信託-文心,2024-08-29,6164
3437,榮創,26,10,16,中國信託-文心,2024-08-29,6164
00937B,群益ESG投等債20,209,54,155,中國信託-文心,2024-08-30,6164
00632R,元大台灣50反1,158,10,148,中國信託-文心,2024-08-30,6164
00687B,國泰20年美債,123,8,115,中國信託-文心,2024-08-30,6164
00679B,元大美債20年,129,16,113,中國信託-文心,2024-08-30,6164
2367,燿華,160,54,106,中國信託-文心,2024-08-30,6164
3055,蔚華科,90,1,89,中國信託-文心,2024-08-30,6164
00945B,凱基美國非投等債,100,11,89,中國信託-文心,2024-08-30,6164
00680L,元大美債20正2,86,10,76,中國信託-文心,2024-08-30,6164
2542,興富發,80,13,67,中國信託-文心,2024-08-30,6164
00688L,國泰20年美債正2,54,0,54,中國信託-文心,2024-08-30,6164
1711,永光,180,127,53,中國信託-文心,2024-08-30,6164
2886,兆豐金,51,0,51,中國信託-文心,2024-08-30,6164
00795B,中信美國公債20年,40,0,40,中國信託-文心,2024-08-30,6164
2409,友達,42,2,40,中國信託-文心,2024-08-30,6164
2425,承啟,110,71,39,中國信託-文心,2024-08-30,6164
6698,旭暉應材,45,6,39,中國信託-文心,2024-08-30,6164
2845,遠東銀,40,1,39,中國信託-文心,2024-08-30,6164
3037,欣興,62,24,38,中國信託-文心,2024-08-30,6164
3645,達邁,46,12,34,中國信託-文心,2024-08-30,6164
3056,富華新,50,17,33,中國信託-文心,2024-08-30,6164
00940,元大台灣價值高息,70,40,30,中國信託-文心,2024-08-30,6164
2406,國碩,30,0,30,中國信託-文心,2024-08-30,6164
00948B,中信優息投資級債,41,11,30,中國信託-文心,2024-08-30,6164
00936,台新永續高息中小,27,1,26,中國信託-文心,2024-08-30,6164
3042,晶技,26,1,25,中國信託-文心,2024-08-30,6164
2382,廣達,25,0,25,中國信託-文心,2024-08-30,6164
4510,高鋒,60,36,24,中國信託-文心,2024-08-30,6164
2204,中華,33,10,23,中國信託-文心,2024-08-30,6164
3374,精材,36,13,23,中國信託-文心,2024-08-30,6164
00915,凱基優選高股息30,22,1,21,中國信託-文心,2024-08-30,6164
00918,大華優利高填息30,21,0,21,中國信託-文心,2024-08-30,6164
5498,凱崴,21,0,21,中國信託-文心,2024-08-30,6164
00930,永豐ESG低碳高息,20,0,20,中國信託-文心,2024-08-30,6164
2426,鼎元,29,10,19,中國信託-文心,2024-08-30,6164
1718,中纖,20,1,19,中國信託-文心,2024-08-30,6164
00751B,元大AAA至A公司債,17,0,17,中國信託-文心,2024-08-30,6164
00673R,期元大S＆P原油反1,17,0,17,中國信託-文心,2024-08-30,6164
2331,精英,18,1,17,中國信託-文心,2024-08-30,6164
5443,均豪,82,66,16,中國信託-文心,2024-08-30,6164
2368,金像電,22,6,16,中國信託-文心,2024-08-30,6164
6156,松上,34,18,16,中國信託-文心,2024-08-30,6164
6213,聯茂,39,24,15,中國信託-文心,2024-08-30,6164
00830,國泰費城半導體,18,3,15,中國信託-文心,2024-08-30,6164
2376,技嘉,18,3,15,中國信託-文心,2024-08-30,6164
3607,谷崧,15,0,15,中國信託-文心,2024-08-30,6164
00713,元大台灣高息低波,15,1,14,中國信託-文心,2024-08-30,6164
2408,南亞科,14,0,14,中國信託-文心,2024-08-30,6164
6274,台燿,35,21,14,中國信託-文心,2024-08-30,6164
3163,波若威,39,25,14,中國信託-文心,2024-08-30,6164
3209,全科,13,0,13,中國信託-文心,2024-08-30,6164
00680L,元大美債20正2,443,20,423,中國信託-文心,2024-09-02,6164
00948B,中信優息投資級債,347,0,347,中國信託-文心,2024-09-02,6164
00715L,期街口布蘭特正2,291,4,287,中國信託-文心,2024-09-02,6164
00937B,群益ESG投等債20,228,3,225,中國信託-文心,2024-09-02,6164
00687B,國泰20年美債,228,41,187,中國信託-文心,2024-09-02,6164
00679B,元大美債20年,175,33,142,中國信託-文心,2024-09-02,6164
3481,群創,154,13,141,中國信託-文心,2024-09-02,6164
00929,復華台灣科技優息,177,55,122,中國信託-文心,2024-09-02,6164
00959B,大華投等美債15Y+,109,0,109,中國信託-文心,2024-09-02,6164
00918,大華優利高填息30,98,0,98,中國信託-文心,2024-09-02,6164
00706L,期元大S＆P日圓正2,92,5,87,中國信託-文心,2024-09-02,6164
00878,國泰永續高股息,107,24,83,中國信託-文心,2024-09-02,6164
2609,陽明,80,3,77,中國信託-文心,2024-09-02,6164
2002,中鋼,73,0,73,中國信託-文心,2024-09-02,6164
3149,正達,97,29,68,中國信託-文心,2024-09-02,6164
00919,群益台灣精選高息,123,58,65,中國信託-文心,2024-09-02,6164
00665L,富邦�琤肭磪囓�2,67,4,63,中國信託-文心,2024-09-02,6164
2834,臺企銀,63,1,62,中國信託-文心,2024-09-02,6164
3055,蔚華科,60,0,60,中國信託-文心,2024-09-02,6164
00688L,國泰20年美債正2,62,4,58,中國信託-文心,2024-09-02,6164
4526,東台,62,13,49,中國信託-文心,2024-09-02,6164
2618,長榮航,51,16,35,中國信託-文心,2024-09-02,6164
00915,凱基優選高股息30,35,1,34,中國信託-文心,2024-09-02,6164
00795B,中信美國公債20年,33,0,33,中國信託-文心,2024-09-02,6164
00637L,元大滬深300正2,37,8,29,中國信託-文心,2024-09-02,6164
00753L,中信中國50正2,37,8,29,中國信託-文心,2024-09-02,6164
2812,台中銀,37,9,28,中國信託-文心,2024-09-02,6164
2615,萬海,39,12,27,中國信託-文心,2024-09-02,6164
00655L,國泰中國A50正2,27,0,27,中國信託-文心,2024-09-02,6164
00946,群益科技高息成長,24,0,24,中國信託-文心,2024-09-02,6164
00713,元大台灣高息低波,30,6,24,中國信託-文心,2024-09-02,6164
00650L,復華香港正2,27,4,23,中國信託-文心,2024-09-02,6164
2109,華豐,22,0,22,中國信託-文心,2024-09-02,6164
3379,彬台,22,0,22,中國信託-文心,2024-09-02,6164
6153,嘉聯益,22,0,22,中國信託-文心,2024-09-02,6164
8105,凌巨,39,17,22,中國信託-文心,2024-09-02,6164
4906,正文,34,13,21,中國信託-文心,2024-09-02,6164
2542,興富發,35,14,21,中國信託-文心,2024-09-02,6164
6743,安普新,21,0,21,中國信託-文心,2024-09-02,6164
4533,協易機,22,2,20,中國信託-文心,2024-09-02,6164
5534,長虹,50,30,20,中國信託-文心,2024-09-02,6164
4303,信立,21,1,20,中國信託-文心,2024-09-02,6164
2603,長榮,21,1,20,中國信託-文心,2024-09-02,6164
6651,全宇昕,19,0,19,中國信託-文心,2024-09-02,6164
3673,TPK-KY,36,18,18,中國信託-文心,2024-09-02,6164
3036,文曄,25,7,18,中國信託-文心,2024-09-02,6164
5488,松普,18,0,18,中國信託-文心,2024-09-02,6164
5439,高技,18,0,18,中國信託-文心,2024-09-02,6164
3711,日月光投控,18,0,18,中國信託-文心,2024-09-02,6164
1711,永光,90,73,17,中國信託-文心,2024-09-02,6164
00919,群益台灣精選高息,457,11,446,中國信託-文心,2024-09-03,6164
00680L,元大美債20正2,269,0,269,中國信託-文心,2024-09-03,6164
00687B,國泰20年美債,271,4,267,中國信託-文心,2024-09-03,6164
00937B,群益ESG投等債20,208,0,208,中國信託-文心,2024-09-03,6164
00929,復華台灣科技優息,333,141,192,中國信託-文心,2024-09-03,6164
00713,元大台灣高息低波,178,5,173,中國信託-文心,2024-09-03,6164
00918,大華優利高填息30,98,0,98,中國信託-文心,2024-09-03,6164
2834,臺企銀,77,1,76,中國信託-文心,2024-09-03,6164
00948B,中信優息投資級債,67,0,67,中國信託-文心,2024-09-03,6164
00915,凱基優選高股息30,65,0,65,中國信託-文心,2024-09-03,6164
00940,元大台灣價值高息,113,63,50,中國信託-文心,2024-09-03,6164
3055,蔚華科,50,0,50,中國信託-文心,2024-09-03,6164
00679B,元大美債20年,108,60,48,中國信託-文心,2024-09-03,6164
4906,正文,88,45,43,中國信託-文心,2024-09-03,6164
6651,全宇昕,42,0,42,中國信託-文心,2024-09-03,6164
2882,國泰金,39,1,38,中國信託-文心,2024-09-03,6164
00688L,國泰20年美債正2,37,0,37,中國信託-文心,2024-09-03,6164
2241,艾姆勒,40,4,36,中國信託-文心,2024-09-03,6164
5488,松普,35,0,35,中國信託-文心,2024-09-03,6164
2002,中鋼,39,5,34,中國信託-文心,2024-09-03,6164
3149,正達,64,30,34,中國信託-文心,2024-09-03,6164
2365,昆盈,51,18,33,中國信託-文心,2024-09-03,6164
6215,和椿,56,25,31,中國信託-文心,2024-09-03,6164
6288,聯嘉,30,0,30,中國信託-文心,2024-09-03,6164
1101,台泥,28,0,28,中國信託-文心,2024-09-03,6164
00946,群益科技高息成長,32,4,28,中國信託-文心,2024-09-03,6164
2486,一詮,46,18,28,中國信託-文心,2024-09-03,6164
00878,國泰永續高股息,124,96,28,中國信託-文心,2024-09-03,6164
2352,佳世達,31,6,25,中國信託-文心,2024-09-03,6164
3037,欣興,34,9,25,中國信託-文心,2024-09-03,6164
00632R,元大台灣50反1,633,608,25,中國信託-文心,2024-09-03,6164
00706L,期元大S＆P日圓正2,24,0,24,中國信託-文心,2024-09-03,6164
1314,中石化,25,2,23,中國信託-文心,2024-09-03,6164
00751B,元大AAA至A公司債,23,0,23,中國信託-文心,2024-09-03,6164
3047,訊舟,41,18,23,中國信託-文心,2024-09-03,6164
2542,興富發,23,1,22,中國信託-文心,2024-09-03,6164
8027,鈦昇,69,47,22,中國信託-文心,2024-09-03,6164
3060,銘異,22,0,22,中國信託-文心,2024-09-03,6164
8043,蜜望實,33,12,21,中國信託-文心,2024-09-03,6164
2867,三商壽,25,4,21,中國信託-文心,2024-09-03,6164
1718,中纖,21,0,21,中國信託-文心,2024-09-03,6164
1539,巨庭,41,20,21,中國信託-文心,2024-09-03,6164
3689,湧德,24,3,21,中國信託-文心,2024-09-03,6164
2204,中華,20,0,20,中國信託-文心,2024-09-03,6164
2812,台中銀,22,2,20,中國信託-文心,2024-09-03,6164
1785,光洋科,68,48,20,中國信託-文心,2024-09-03,6164
1471,首利,20,0,20,中國信託-文心,2024-09-03,6164
2367,燿華,47,27,20,中國信託-文心,2024-09-03,6164
00676R,富邦臺灣加權反1,20,0,20,中國信託-文心,2024-09-03,6164
00959B,大華投等美債15Y+,19,0,19,中國信託-文心,2024-09-03,6164
2888,新光金,30342,511,29831,中國信託-文心,2024-09-04,6164
00929,復華台灣科技優息,950,217,733,中國信託-文心,2024-09-04,6164
00919,群益台灣精選高息,653,16,637,中國信託-文心,2024-09-04,6164
2891,中信金,642,15,627,中國信託-文心,2024-09-04,6164
00945B,凱基美國非投等債,534,0,534,中國信託-文心,2024-09-04,6164
00878,國泰永續高股息,529,38,491,中國信託-文心,2024-09-04,6164
00940,元大台灣價值高息,442,23,419,中國信託-文心,2024-09-04,6164
00715L,期街口布蘭特正2,300,9,291,中國信託-文心,2024-09-04,6164
00680L,元大美債20正2,494,236,258,中國信託-文心,2024-09-04,6164
00918,大華優利高填息30,215,2,213,中國信託-文心,2024-09-04,6164
0056,元大高股息,220,18,202,中國信託-文心,2024-09-04,6164
00688L,國泰20年美債正2,204,6,198,中國信託-文心,2024-09-04,6164
1314,中石化,166,1,165,中國信託-文心,2024-09-04,6164
2330,台積電,165,25,140,中國信託-文心,2024-09-04,6164
00915,凱基優選高股息30,136,5,131,中國信託-文心,2024-09-04,6164
00930,永豐ESG低碳高息,128,2,126,中國信託-文心,2024-09-04,6164
3481,群創,117,8,109,中國信託-文心,2024-09-04,6164
00891,中信關鍵半導體,100,2,98,中國信託-文心,2024-09-04,6164
3037,欣興,95,10,85,中國信託-文心,2024-09-04,6164
2382,廣達,80,2,78,中國信託-文心,2024-09-04,6164
00751B,元大AAA至A公司債,101,24,77,中國信託-文心,2024-09-04,6164
006208,富邦台50,78,3,75,中國信託-文心,2024-09-04,6164
00923,群益台ESG低碳50,75,2,73,中國信託-文心,2024-09-04,6164
6288,聯嘉,71,1,70,中國信託-文心,2024-09-04,6164
00934,中信成長高股息,76,6,70,中國信託-文心,2024-09-04,6164
0050,元大台灣50,77,8,69,中國信託-文心,2024-09-04,6164
00941,中信上游半導體,64,0,64,中國信託-文心,2024-09-04,6164
00830,國泰費城半導體,60,0,60,中國信託-文心,2024-09-04,6164
00951,台新日本半導體,79,20,59,中國信託-文心,2024-09-04,6164
2002,中鋼,56,0,56,中國信託-文心,2024-09-04,6164
2316,楠梓電,55,0,55,中國信託-文心,2024-09-04,6164
2344,華邦電,57,3,54,中國信託-文心,2024-09-04,6164
6464,台數科,48,0,48,中國信託-文心,2024-09-04,6164
00936,台新永續高息中小,59,12,47,中國信託-文心,2024-09-04,6164
2317,鴻海,126,83,43,中國信託-文心,2024-09-04,6164
2408,南亞科,43,1,42,中國信託-文心,2024-09-04,6164
6770,力積電,43,5,38,中國信託-文心,2024-09-04,6164
2049,上銀,40,3,37,中國信託-文心,2024-09-04,6164
3231,緯創,44,8,36,中國信託-文心,2024-09-04,6164
1802,台玻,36,0,36,中國信託-文心,2024-09-04,6164
00881,國泰台灣5G+,60,24,36,中國信託-文心,2024-09-04,6164
00939,統一台灣高息動能,38,4,34,中國信託-文心,2024-09-04,6164
1907,永豐餘,33,0,33,中國信託-文心,2024-09-04,6164
4534,慶騰,33,0,33,中國信託-文心,2024-09-04,6164
6505,台塑化,33,1,32,中國信託-文心,2024-09-04,6164
2303,聯電,36,6,30,中國信託-文心,2024-09-04,6164
1229,聯華,33,3,30,中國信託-文心,2024-09-04,6164
2834,臺企銀,40,10,30,中國信託-文心,2024-09-04,6164
1101,台泥,33,4,29,中國信託-文心,2024-09-04,6164
00954,中信日本半導體,29,0,29,中國信託-文心,2024-09-04,6164
2888,新光金,21117,124,20993,中國信託-文心,2024-09-05,6164
00952,凱基台灣AI50,517,0,517,中國信託-文心,2024-09-05,6164
00715L,期街口布蘭特正2,391,10,381,中國信託-文心,2024-09-05,6164
00632R,元大台灣50反1,543,165,378,中國信託-文心,2024-09-05,6164
00919,群益台灣精選高息,387,26,361,中國信託-文心,2024-09-05,6164
00687B,國泰20年美債,408,117,291,中國信託-文心,2024-09-05,6164
00929,復華台灣科技優息,356,73,283,中國信託-文心,2024-09-05,6164
00959B,大華投等美債15Y+,377,125,252,中國信託-文心,2024-09-05,6164
00665L,富邦�琤肭磪囓�2,242,10,232,中國信託-文心,2024-09-05,6164
00940,元大台灣價值高息,282,60,222,中國信託-文心,2024-09-05,6164
2317,鴻海,240,30,210,中國信託-文心,2024-09-05,6164
00878,國泰永續高股息,207,45,162,中國信託-文心,2024-09-05,6164
1218,泰山,105,1,104,中國信託-文心,2024-09-05,6164
2515,中工,157,54,103,中國信託-文心,2024-09-05,6164
6743,安普新,100,2,98,中國信託-文心,2024-09-05,6164
1314,中石化,64,1,63,中國信託-文心,2024-09-05,6164
00918,大華優利高填息30,57,1,56,中國信託-文心,2024-09-05,6164
6288,聯嘉,52,0,52,中國信託-文心,2024-09-05,6164
3545,敦泰,48,0,48,中國信託-文心,2024-09-05,6164
2913,農林,45,0,45,中國信託-文心,2024-09-05,6164
0056,元大高股息,70,26,44,中國信託-文心,2024-09-05,6164
5443,均豪,101,58,43,中國信託-文心,2024-09-05,6164
8064,東捷,52,10,42,中國信託-文心,2024-09-05,6164
00915,凱基優選高股息30,40,0,40,中國信託-文心,2024-09-05,6164
00885,富邦越南,50,11,39,中國信託-文心,2024-09-05,6164
2313,華通,50,13,37,中國信託-文心,2024-09-05,6164
00941,中信上游半導體,36,0,36,中國信託-文心,2024-09-05,6164
1539,巨庭,129,95,34,中國信託-文心,2024-09-05,6164
2892,第一金,36,3,33,中國信託-文心,2024-09-05,6164
00713,元大台灣高息低波,33,1,32,中國信託-文心,2024-09-05,6164
2891,中信金,78,47,31,中國信託-文心,2024-09-05,6164
2002,中鋼,30,1,29,中國信託-文心,2024-09-05,6164
2359,所羅門,51,22,29,中國信託-文心,2024-09-05,6164
00954,中信日本半導體,33,5,28,中國信託-文心,2024-09-05,6164
6505,台塑化,32,6,26,中國信託-文心,2024-09-05,6164
2344,華邦電,40,14,26,中國信託-文心,2024-09-05,6164
4906,正文,39,13,26,中國信託-文心,2024-09-05,6164
00946,群益科技高息成長,28,3,25,中國信託-文心,2024-09-05,6164
5512,力麒,22,0,22,中國信託-文心,2024-09-05,6164
00934,中信成長高股息,21,0,21,中國信託-文心,2024-09-05,6164
2367,燿華,63,42,21,中國信託-文心,2024-09-05,6164
2486,一詮,45,24,21,中國信託-文心,2024-09-05,6164
1513,中興電,29,9,20,中國信託-文心,2024-09-05,6164
1326,台化,25,5,20,中國信託-文心,2024-09-05,6164
00930,永豐ESG低碳高息,20,0,20,中國信託-文心,2024-09-05,6164
3037,欣興,22,3,19,中國信託-文心,2024-09-05,6164
00753L,中信中國50正2,32,13,19,中國信託-文心,2024-09-05,6164
6464,台數科,18,0,18,中國信託-文心,2024-09-05,6164
5519,隆大,21,3,18,中國信託-文心,2024-09-05,6164
3581,博磊,43,26,17,中國信託-文心,2024-09-05,6164
2888,新光金,18998,1,18997,中國信託-文心,2024-09-06,6164
00632R,元大台灣50反1,556,9,547,中國信託-文心,2024-09-06,6164
00687B,國泰20年美債,280,19,261,中國信託-文心,2024-09-06,6164
00951,台新日本半導體,177,15,162,中國信託-文心,2024-09-06,6164
00940,元大台灣價值高息,182,25,157,中國信託-文心,2024-09-06,6164
00929,復華台灣科技優息,185,35,150,中國信託-文心,2024-09-06,6164
00919,群益台灣精選高息,177,30,147,中國信託-文心,2024-09-06,6164
00680L,元大美債20正2,183,40,143,中國信託-文心,2024-09-06,6164
00945B,凱基美國非投等債,110,4,106,中國信託-文心,2024-09-06,6164
1309,台達化,88,0,88,中國信託-文心,2024-09-06,6164
00918,大華優利高填息30,86,1,85,中國信託-文心,2024-09-06,6164
00878,國泰永續高股息,102,27,75,中國信託-文心,2024-09-06,6164
00941,中信上游半導體,70,1,69,中國信託-文心,2024-09-06,6164
1314,中石化,70,3,67,中國信託-文心,2024-09-06,6164
00712,復華富時不動產,59,2,57,中國信託-文心,2024-09-06,6164
00915,凱基優選高股息30,54,0,54,中國信託-文心,2024-09-06,6164
2891,中信金,107,53,54,中國信託-文心,2024-09-06,6164
00885,富邦越南,40,2,38,中國信託-文心,2024-09-06,6164
2402,毅嘉,43,6,37,中國信託-文心,2024-09-06,6164
2002,中鋼,37,2,35,中國信託-文心,2024-09-06,6164
00679B,元大美債20年,138,104,34,中國信託-文心,2024-09-06,6164
00715L,期街口布蘭特正2,32,0,32,中國信託-文心,2024-09-06,6164
1584,精剛,32,1,31,中國信託-文心,2024-09-06,6164
1711,永光,39,13,26,中國信託-文心,2024-09-06,6164
2329,華泰,26,0,26,中國信託-文心,2024-09-06,6164
3055,蔚華科,23,0,23,中國信託-文心,2024-09-06,6164
0056,元大高股息,30,8,22,中國信託-文心,2024-09-06,6164
1727,中華化,20,0,20,中國信託-文心,2024-09-06,6164
00795B,中信美國公債20年,46,27,19,中國信託-文心,2024-09-06,6164
00640L,富邦日本正2,18,0,18,中國信託-文心,2024-09-06,6164
4566,時碩工業,22,5,17,中國信託-文心,2024-09-06,6164
1303,南亞,18,2,16,中國信託-文心,2024-09-06,6164
6464,台數科,16,0,16,中國信託-文心,2024-09-06,6164
00830,國泰費城半導體,20,4,16,中國信託-文心,2024-09-06,6164
00952,凱基台灣AI50,55,40,15,中國信託-文心,2024-09-06,6164
00893,國泰智能電動車,15,0,15,中國信託-文心,2024-09-06,6164
1449,佳和,15,0,15,中國信託-文心,2024-09-06,6164
1806,冠軍,14,0,14,中國信託-文心,2024-09-06,6164
2610,華航,13,0,13,中國信託-文心,2024-09-06,6164
3049,精金,13,0,13,中國信託-文心,2024-09-06,6164
006208,富邦台50,15,3,12,中國信託-文心,2024-09-06,6164
00642U,期元大S＆P石油,12,0,12,中國信託-文心,2024-09-06,6164
00882,中信中國高股息,11,0,11,中國信託-文心,2024-09-06,6164
2408,南亞科,12,1,11,中國信託-文心,2024-09-06,6164
3581,博磊,21,10,11,中國信託-文心,2024-09-06,6164
2317,鴻海,33,22,11,中國信託-文心,2024-09-06,6164
0050,元大台灣50,12,1,11,中國信託-文心,2024-09-06,6164
3437,榮創,35,24,11,中國信託-文心,2024-09-06,6164
00953B,群益優選非投等債,10,0,10,中國信託-文心,2024-09-06,6164
00946,群益科技高息成長,31,21,10,中國信託-文心,2024-09-06,6164
00918,大華優利高填息30,481,2,479,中國信託-文心,2024-09-09,6164
00919,群益台灣精選高息,442,11,431,中國信託-文心,2024-09-09,6164
00929,復華台灣科技優息,438,90,348,中國信託-文心,2024-09-09,6164
00878,國泰永續高股息,346,18,328,中國信託-文心,2024-09-09,6164
00687B,國泰20年美債,351,101,250,中國信託-文心,2024-09-09,6164
00715L,期街口布蘭特正2,204,0,204,中國信託-文心,2024-09-09,6164
00897,富邦基因免疫生技,200,0,200,中國信託-文心,2024-09-09,6164
00915,凱基優選高股息30,176,4,172,中國信託-文心,2024-09-09,6164
2317,鴻海,166,12,154,中國信託-文心,2024-09-09,6164
00951,台新日本半導體,147,2,145,中國信託-文心,2024-09-09,6164
00941,中信上游半導體,128,0,128,中國信託-文心,2024-09-09,6164
2891,中信金,145,21,124,中國信託-文心,2024-09-09,6164
00945B,凱基美國非投等債,115,0,115,中國信託-文心,2024-09-09,6164
2419,仲琦,100,0,100,中國信託-文心,2024-09-09,6164
00940,元大台灣價值高息,174,85,89,中國信託-文心,2024-09-09,6164
00753L,中信中國50正2,87,0,87,中國信託-文心,2024-09-09,6164
0056,元大高股息,130,43,87,中國信託-文心,2024-09-09,6164
00946,群益科技高息成長,85,5,80,中國信託-文心,2024-09-09,6164
00881,國泰台灣5G+,85,15,70,中國信託-文心,2024-09-09,6164
2887,台新金,69,8,61,中國信託-文心,2024-09-09,6164
2881,富邦金,53,0,53,中國信託-文心,2024-09-09,6164
2382,廣達,47,4,43,中國信託-文心,2024-09-09,6164
006208,富邦台50,42,4,38,中國信託-文心,2024-09-09,6164
00713,元大台灣高息低波,45,8,37,中國信託-文心,2024-09-09,6164
00947,台新臺灣IC設計,35,0,35,中國信託-文心,2024-09-09,6164
00688L,國泰20年美債正2,89,56,33,中國信託-文心,2024-09-09,6164
00665L,富邦�琤肭磪囓�2,33,0,33,中國信託-文心,2024-09-09,6164
2634,漢翔,32,0,32,中國信託-文心,2024-09-09,6164
00930,永豐ESG低碳高息,30,0,30,中國信託-文心,2024-09-09,6164
2002,中鋼,46,17,29,中國信託-文心,2024-09-09,6164
00954,中信日本半導體,28,0,28,中國信託-文心,2024-09-09,6164
3673,TPK-KY,40,12,28,中國信託-文心,2024-09-09,6164
2330,台積電,34,9,25,中國信託-文心,2024-09-09,6164
00712,復華富時不動產,35,10,25,中國信託-文心,2024-09-09,6164
3481,群創,35,10,25,中國信託-文心,2024-09-09,6164
00764B,群益25年美債,34,10,24,中國信託-文心,2024-09-09,6164
00631L,元大台灣50正2,42,18,24,中國信託-文心,2024-09-09,6164
1540,喬福,59,36,23,中國信託-文心,2024-09-09,6164
6464,台數科,21,0,21,中國信託-文心,2024-09-09,6164
2834,臺企銀,50,30,20,中國信託-文心,2024-09-09,6164
00952,凱基台灣AI50,22,2,20,中國信託-文心,2024-09-09,6164
00637L,元大滬深300正2,24,4,20,中國信託-文心,2024-09-09,6164
3583,辛耘,21,2,19,中國信託-文心,2024-09-09,6164
2344,華邦電,19,0,19,中國信託-文心,2024-09-09,6164
4956,光鋐,48,30,18,中國信託-文心,2024-09-09,6164
00891,中信關鍵半導體,18,0,18,中國信託-文心,2024-09-09,6164
0050,元大台灣50,22,6,16,中國信託-文心,2024-09-09,6164
2615,萬海,20,4,16,中國信託-文心,2024-09-09,6164
1316,上曜,15,0,15,中國信託-文心,2024-09-09,6164
2464,盟立,49,34,15,中國信託-文心,2024-09-09,6164
00688L,國泰20年美債正2,416,63,353,中國信託-文心,2024-09-10,6164
00929,復華台灣科技優息,377,87,290,中國信託-文心,2024-09-10,6164
00919,群益台灣精選高息,313,68,245,中國信託-文心,2024-09-10,6164
00680L,元大美債20正2,189,6,183,中國信託-文心,2024-09-10,6164
00945B,凱基美國非投等債,200,44,156,中國信託-文心,2024-09-10,6164
00878,國泰永續高股息,141,19,122,中國信託-文心,2024-09-10,6164
00940,元大台灣價值高息,122,11,111,中國信託-文心,2024-09-10,6164
6651,全宇昕,104,1,103,中國信託-文心,2024-09-10,6164
6127,九豪,106,6,100,中國信託-文心,2024-09-10,6164
0056,元大高股息,102,3,99,中國信託-文心,2024-09-10,6164
00642U,期元大S＆P石油,100,2,98,中國信託-文心,2024-09-10,6164
2891,中信金,116,22,94,中國信託-文心,2024-09-10,6164
00951,台新日本半導體,88,0,88,中國信託-文心,2024-09-10,6164
2489,瑞軒,205,119,86,中國信託-文心,2024-09-10,6164
00918,大華優利高填息30,80,0,80,中國信託-文心,2024-09-10,6164
4956,光鋐,91,12,79,中國信託-文心,2024-09-10,6164
00687B,國泰20年美債,116,64,52,中國信託-文心,2024-09-10,6164
4540,全球傳動,45,1,44,中國信託-文心,2024-09-10,6164
00937B,群益ESG投等債20,58,15,43,中國信託-文心,2024-09-10,6164
00915,凱基優選高股息30,43,0,43,中國信託-文心,2024-09-10,6164
1314,中石化,46,3,43,中國信託-文心,2024-09-10,6164
00941,中信上游半導體,40,0,40,中國信託-文心,2024-09-10,6164
2382,廣達,50,14,36,中國信託-文心,2024-09-10,6164
6462,神盾,39,3,36,中國信託-文心,2024-09-10,6164
1609,大亞,44,8,36,中國信託-文心,2024-09-10,6164
3545,敦泰,33,0,33,中國信託-文心,2024-09-10,6164
8064,東捷,43,12,31,中國信託-文心,2024-09-10,6164
4958,臻鼎-KY,31,0,31,中國信託-文心,2024-09-10,6164
2337,旺宏,32,1,31,中國信託-文心,2024-09-10,6164
2313,華通,54,23,31,中國信託-文心,2024-09-10,6164
4174,浩鼎,30,1,29,中國信託-文心,2024-09-10,6164
2376,技嘉,42,15,27,中國信託-文心,2024-09-10,6164
00715L,期街口布蘭特正2,29,2,27,中國信託-文心,2024-09-10,6164
00934,中信成長高股息,28,1,27,中國信託-文心,2024-09-10,6164
2890,永豐金,28,2,26,中國信託-文心,2024-09-10,6164
2109,華豐,25,0,25,中國信託-文心,2024-09-10,6164
00930,永豐ESG低碳高息,25,1,24,中國信託-文心,2024-09-10,6164
2359,所羅門,50,27,23,中國信託-文心,2024-09-10,6164
5871,中租-KY,23,1,22,中國信託-文心,2024-09-10,6164
2542,興富發,53,31,22,中國信託-文心,2024-09-10,6164
4987,科誠,22,0,22,中國信託-文心,2024-09-10,6164
1785,光洋科,23,1,22,中國信託-文心,2024-09-10,6164
3055,蔚華科,21,0,21,中國信託-文心,2024-09-10,6164
3047,訊舟,39,19,20,中國信託-文心,2024-09-10,6164
2913,農林,20,0,20,中國信託-文心,2024-09-10,6164
1815,富喬,43,23,20,中國信託-文心,2024-09-10,6164
5460,同協,23,3,20,中國信託-文心,2024-09-10,6164
00730,富邦臺灣優質高息,20,1,19,中國信託-文心,2024-09-10,6164
3623,富晶通,35,16,19,中國信託-文心,2024-09-10,6164
5443,均豪,53,34,19,中國信託-文心,2024-09-10,6164
00688L,國泰20年美債正2,469,38,431,中國信託-文心,2024-09-11,6164
00680L,元大美債20正2,356,59,297,中國信託-文心,2024-09-11,6164
2891,中信金,303,79,224,中國信託-文心,2024-09-11,6164
00687B,國泰20年美債,279,59,220,中國信託-文心,2024-09-11,6164
00715L,期街口布蘭特正2,219,4,215,中國信託-文心,2024-09-11,6164
00929,復華台灣科技優息,295,85,210,中國信託-文心,2024-09-11,6164
00940,元大台灣價值高息,250,101,149,中國信託-文心,2024-09-11,6164
00918,大華優利高填息30,148,1,147,中國信託-文心,2024-09-11,6164
00919,群益台灣精選高息,132,0,132,中國信託-文心,2024-09-11,6164
00632R,元大台灣50反1,305,176,129,中國信託-文心,2024-09-11,6164
00878,國泰永續高股息,130,5,125,中國信託-文心,2024-09-11,6164
00930,永豐ESG低碳高息,103,0,103,中國信託-文心,2024-09-11,6164
8277,商丞,100,0,100,中國信託-文心,2024-09-11,6164
00679B,元大美債20年,91,20,71,中國信託-文心,2024-09-11,6164
3083,網龍,60,0,60,中國信託-文心,2024-09-11,6164
00753L,中信中國50正2,61,2,59,中國信託-文心,2024-09-11,6164
00662,富邦NASDAQ,50,0,50,中國信託-文心,2024-09-11,6164
00915,凱基優選高股息30,49,1,48,中國信託-文心,2024-09-11,6164
00946,群益科技高息成長,47,0,47,中國信託-文心,2024-09-11,6164
2884,玉山金,73,38,35,中國信託-文心,2024-09-11,6164
00665L,富邦�琤肭磪囓�2,35,0,35,中國信託-文心,2024-09-11,6164
00933B,國泰10Y+金融債,31,0,31,中國信託-文心,2024-09-11,6164
00713,元大台灣高息低波,36,8,28,中國信託-文心,2024-09-11,6164
2883,凱基金,26,3,23,中國信託-文心,2024-09-11,6164
8467,波力-KY,23,1,22,中國信託-文心,2024-09-11,6164
00957B,兆豐US優選投等債,22,0,22,中國信託-文心,2024-09-11,6164
1522,堤維西,25,3,22,中國信託-文心,2024-09-11,6164
2881,富邦金,23,1,22,中國信託-文心,2024-09-11,6164
2845,遠東銀,21,0,21,中國信託-文心,2024-09-11,6164
6108,競國,21,0,21,中國信託-文心,2024-09-11,6164
6219,富旺,22,2,20,中國信託-文心,2024-09-11,6164
00931B,統一美債20年,31,12,19,中國信託-文心,2024-09-11,6164
00959B,大華投等美債15Y+,36,18,18,中國信託-文心,2024-09-11,6164
3711,日月光投控,27,10,17,中國信託-文心,2024-09-11,6164
00706L,期元大S＆P日圓正2,52,35,17,中國信託-文心,2024-09-11,6164
6148,驊宏資,24,7,17,中國信託-文心,2024-09-11,6164
6257,矽格,19,3,16,中國信託-文心,2024-09-11,6164
0056,元大高股息,43,28,15,中國信託-文心,2024-09-11,6164
3037,欣興,16,1,15,中國信託-文心,2024-09-11,6164
1101,台泥,20,5,15,中國信託-文心,2024-09-11,6164
00932,兆豐永續高息等權,15,0,15,中國信託-文心,2024-09-11,6164
4903,聯光通,15,0,15,中國信託-文心,2024-09-11,6164
00954,中信日本半導體,14,0,14,中國信託-文心,2024-09-11,6164
5880,合庫金,18,5,13,中國信託-文心,2024-09-11,6164
6139,亞翔,18,5,13,中國信託-文心,2024-09-11,6164
1301,台塑,13,0,13,中國信託-文心,2024-09-11,6164
2495,普安,13,0,13,中國信託-文心,2024-09-11,6164
3189,景碩,13,0,13,中國信託-文心,2024-09-11,6164
4526,東台,13,0,13,中國信託-文心,2024-09-11,6164
00675L,富邦臺灣加權正2,20,7,13,中國信託-文心,2024-09-11,6164
00632R,元大台灣50反1,1431,741,690,中國信託-文心,2024-09-12,6164
00688L,國泰20年美債正2,383,7,376,中國信託-文心,2024-09-12,6164
00687B,國泰20年美債,403,77,326,中國信託-文心,2024-09-12,6164
00959B,大華投等美債15Y+,239,51,188,中國信託-文心,2024-09-12,6164
2891,中信金,215,36,179,中國信託-文心,2024-09-12,6164
00921,兆豐龍頭等權重,170,0,170,中國信託-文心,2024-09-12,6164
00945B,凱基美國非投等債,118,0,118,中國信託-文心,2024-09-12,6164
00918,大華優利高填息30,109,2,107,中國信託-文心,2024-09-12,6164
00940,元大台灣價值高息,136,52,84,中國信託-文心,2024-09-12,6164
00919,群益台灣精選高息,87,11,76,中國信託-文心,2024-09-12,6164
00937B,群益ESG投等債20,341,287,54,中國信託-文心,2024-09-12,6164
00934,中信成長高股息,52,7,45,中國信託-文心,2024-09-12,6164
6152,百一,55,11,44,中國信託-文心,2024-09-12,6164
6530,創威,83,42,41,中國信託-文心,2024-09-12,6164
5443,均豪,109,75,34,中國信託-文心,2024-09-12,6164
2312,金寶,35,1,34,中國信託-文心,2024-09-12,6164
00642U,期元大S＆P石油,36,2,34,中國信託-文心,2024-09-12,6164
4958,臻鼎-KY,47,13,34,中國信託-文心,2024-09-12,6164
2442,新美齊,31,0,31,中國信託-文心,2024-09-12,6164
00712,復華富時不動產,31,0,31,中國信託-文心,2024-09-12,6164
00907,永豐優息存股,30,0,30,中國信託-文心,2024-09-12,6164
00713,元大台灣高息低波,31,1,30,中國信託-文心,2024-09-12,6164
00915,凱基優選高股息30,29,2,27,中國信託-文心,2024-09-12,6164
00706L,期元大S＆P日圓正2,27,0,27,中國信託-文心,2024-09-12,6164
2349,錸德,27,2,25,中國信託-文心,2024-09-12,6164
00664R,國泰臺灣加權反1,25,0,25,中國信託-文心,2024-09-12,6164
2887,台新金,51,27,24,中國信託-文心,2024-09-12,6164
2881,富邦金,23,1,22,中國信託-文心,2024-09-12,6164
3374,精材,41,19,22,中國信託-文心,2024-09-12,6164
0056,元大高股息,26,4,22,中國信託-文心,2024-09-12,6164
00740B,富邦全球投等債,20,0,20,中國信託-文心,2024-09-12,6164
00878,國泰永續高股息,56,38,18,中國信託-文心,2024-09-12,6164
00946,群益科技高息成長,18,0,18,中國信託-文心,2024-09-12,6164
1584,精剛,23,5,18,中國信託-文心,2024-09-12,6164
3312,弘憶股,25,7,18,中國信託-文心,2024-09-12,6164
2313,華通,40,23,17,中國信託-文心,2024-09-12,6164
6438,迅得,17,0,17,中國信託-文心,2024-09-12,6164
2363,矽統,26,10,16,中國信託-文心,2024-09-12,6164
00957B,兆豐US優選投等債,15,0,15,中國信託-文心,2024-09-12,6164
2425,承啟,14,0,14,中國信託-文心,2024-09-12,6164
1101,台泥,14,0,14,中國信託-文心,2024-09-12,6164
00671R,富邦NASDAQ反1,14,0,14,中國信託-文心,2024-09-12,6164
1314,中石化,14,0,14,中國信託-文心,2024-09-12,6164
6464,台數科,14,0,14,中國信託-文心,2024-09-12,6164
6239,力成,14,1,13,中國信託-文心,2024-09-12,6164
6139,亞翔,17,5,12,中國信託-文心,2024-09-12,6164
3481,群創,18,6,12,中國信託-文心,2024-09-12,6164
00929,復華台灣科技優息,77,65,12,中國信託-文心,2024-09-12,6164
6133,金橋,46,35,11,中國信託-文心,2024-09-12,6164
2362,藍天,12,1,11,中國信託-文心,2024-09-12,6164
00687B,國泰20年美債,435,16,419,中國信託-文心,2024-09-13,6164
00688L,國泰20年美債正2,375,3,372,中國信託-文心,2024-09-13,6164
2891,中信金,335,13,322,中國信託-文心,2024-09-13,6164
00929,復華台灣科技優息,253,66,187,中國信託-文心,2024-09-13,6164
00632R,元大台灣50反1,171,18,153,中國信託-文心,2024-09-13,6164
00919,群益台灣精選高息,143,17,126,中國信託-文心,2024-09-13,6164
3481,群創,122,5,117,中國信託-文心,2024-09-13,6164
00918,大華優利高填息30,110,5,105,中國信託-文心,2024-09-13,6164
00878,國泰永續高股息,114,30,84,中國信託-文心,2024-09-13,6164
00935,野村臺灣新科技50,93,15,78,中國信託-文心,2024-09-13,6164
00706L,期元大S＆P日圓正2,100,26,74,中國信託-文心,2024-09-13,6164
00772B,中信高評級公司債,70,0,70,中國信託-文心,2024-09-13,6164
00713,元大台灣高息低波,79,12,67,中國信託-文心,2024-09-13,6164
00930,永豐ESG低碳高息,70,11,59,中國信託-文心,2024-09-13,6164
00915,凱基優選高股息30,96,40,56,中國信託-文心,2024-09-13,6164
1808,潤隆,43,3,40,中國信託-文心,2024-09-13,6164
2317,鴻海,48,9,39,中國信託-文心,2024-09-13,6164
00921,兆豐龍頭等權重,36,0,36,中國信託-文心,2024-09-13,6164
2834,臺企銀,55,21,34,中國信託-文心,2024-09-13,6164
00907,永豐優息存股,32,0,32,中國信託-文心,2024-09-13,6164
3227,原相,43,13,30,中國信託-文心,2024-09-13,6164
2610,華航,30,1,29,中國信託-文心,2024-09-13,6164
2867,三商壽,31,2,29,中國信託-文心,2024-09-13,6164
2354,鴻準,36,8,28,中國信託-文心,2024-09-13,6164
00795B,中信美國公債20年,26,0,26,中國信託-文心,2024-09-13,6164
00948B,中信優息投資級債,65,40,25,中國信託-文心,2024-09-13,6164
4510,高鋒,48,24,24,中國信託-文心,2024-09-13,6164
2890,永豐金,23,0,23,中國信託-文心,2024-09-13,6164
00637L,元大滬深300正2,28,6,22,中國信託-文心,2024-09-13,6164
8034,榮群,20,0,20,中國信託-文心,2024-09-13,6164
2464,盟立,26,6,20,中國信託-文心,2024-09-13,6164
8111,立��,20,0,20,中國信託-文心,2024-09-13,6164
4540,全球傳動,24,5,19,中國信託-文心,2024-09-13,6164
00934,中信成長高股息,29,10,19,中國信託-文心,2024-09-13,6164
00936,台新永續高息中小,19,0,19,中國信託-文心,2024-09-13,6164
9907,統一實,20,1,19,中國信託-文心,2024-09-13,6164
00753L,中信中國50正2,20,1,19,中國信託-文心,2024-09-13,6164
2489,瑞軒,18,0,18,中國信託-文心,2024-09-13,6164
1711,永光,40,23,17,中國信託-文心,2024-09-13,6164
6104,創惟,36,19,17,中國信託-文心,2024-09-13,6164
5905,南仁湖,19,3,16,中國信託-文心,2024-09-13,6164
1540,喬福,71,55,16,中國信託-文心,2024-09-13,6164
2344,華邦電,17,1,16,中國信託-文心,2024-09-13,6164
0056,元大高股息,19,4,15,中國信託-文心,2024-09-13,6164
2530,華建,14,0,14,中國信託-文心,2024-09-13,6164
1301,台塑,22,8,14,中國信託-文心,2024-09-13,6164
2312,金寶,17,3,14,中國信託-文心,2024-09-13,6164
1101,台泥,18,5,13,中國信託-文心,2024-09-13,6164
1524,耿鼎,19,7,12,中國信託-文心,2024-09-13,6164
1440,南紡,11,0,11,中國信託-文心,2024-09-13,6164
00915,凱基優選高股息30,976,0,976,中國信託-文心,2024-09-16,6164
00959B,大華投等美債15Y+,394,10,384,中國信託-文心,2024-09-16,6164
00687B,國泰20年美債,422,160,262,中國信託-文心,2024-09-16,6164
00937B,群益ESG投等債20,221,12,209,中國信託-文心,2024-09-16,6164
00919,群益台灣精選高息,207,33,174,中國信託-文心,2024-09-16,6164
00720B,元大投資級公司債,173,6,167,中國信託-文心,2024-09-16,6164
00706L,期元大S＆P日圓正2,185,24,161,中國信託-文心,2024-09-16,6164
00945B,凱基美國非投等債,117,0,117,中國信託-文心,2024-09-16,6164
00918,大華優利高填息30,100,3,97,中國信託-文心,2024-09-16,6164
00679B,元大美債20年,123,27,96,中國信託-文心,2024-09-16,6164
00715L,期街口布蘭特正2,64,4,60,中國信託-文心,2024-09-16,6164
00713,元大台灣高息低波,60,3,57,中國信託-文心,2024-09-16,6164
00948B,中信優息投資級債,49,0,49,中國信託-文心,2024-09-16,6164
00753L,中信中國50正2,43,0,43,中國信託-文心,2024-09-16,6164
2002,中鋼,63,21,42,中國信託-文心,2024-09-16,6164
00740B,富邦全球投等債,48,10,38,中國信託-文心,2024-09-16,6164
2913,農林,43,8,35,中國信託-文心,2024-09-16,6164
00930,永豐ESG低碳高息,71,40,31,中國信託-文心,2024-09-16,6164
5519,隆大,31,0,31,中國信託-文心,2024-09-16,6164
6830,汎銓,34,3,31,中國信託-文心,2024-09-16,6164
00725B,國泰投資級公司債,30,0,30,中國信託-文心,2024-09-16,6164
3062,建漢,120,93,27,中國信託-文心,2024-09-16,6164
00751B,元大AAA至A公司債,26,0,26,中國信託-文心,2024-09-16,6164
2609,陽明,27,2,25,中國信託-文心,2024-09-16,6164
2324,仁寶,31,6,25,中國信託-文心,2024-09-16,6164
00878,國泰永續高股息,117,93,24,中國信託-文心,2024-09-16,6164
4510,高鋒,64,41,23,中國信託-文心,2024-09-16,6164
00921,兆豐龍頭等權重,22,0,22,中國信託-文心,2024-09-16,6164
0056,元大高股息,26,4,22,中國信託-文心,2024-09-16,6164
00669R,國泰美國道瓊反1,21,0,21,中國信託-文心,2024-09-16,6164
2883,凱基金,31,10,21,中國信託-文心,2024-09-16,6164
8074,鉅橡,20,0,20,中國信託-文心,2024-09-16,6164
3360,尚立,26,6,20,中國信託-文心,2024-09-16,6164
00934,中信成長高股息,26,8,18,中國信託-文心,2024-09-16,6164
00946,群益科技高息成長,18,1,17,中國信託-文心,2024-09-16,6164
3167,大量,35,19,16,中國信託-文心,2024-09-16,6164
00943,兆豐電子高息等權,16,0,16,中國信託-文心,2024-09-16,6164
3037,欣興,17,1,16,中國信託-文心,2024-09-16,6164
2834,臺企銀,54,38,16,中國信託-文心,2024-09-16,6164
3522,御嵿,15,0,15,中國信託-文心,2024-09-16,6164
3550,聯穎,22,7,15,中國信託-文心,2024-09-16,6164
2376,技嘉,15,0,15,中國信託-文心,2024-09-16,6164
00674R,期元大S＆P黃金反1,13,0,13,中國信託-文心,2024-09-16,6164
4154,樂威科-KY,13,0,13,中國信託-文心,2024-09-16,6164
4526,東台,21,8,13,中國信託-文心,2024-09-16,6164
5230,雷笛克光學,36,24,12,中國信託-文心,2024-09-16,6164
00891,中信關鍵半導體,12,0,12,中國信託-文心,2024-09-16,6164
1711,永光,128,117,11,中國信託-文心,2024-09-16,6164
00671R,富邦NASDAQ反1,11,0,11,中國信託-文心,2024-09-16,6164
3011,今皓,11,0,11,中國信託-文心,2024-09-16,6164
00919,群益台灣精選高息,331,16,315,中國信託-文心,2024-09-18,6164
00930,永豐ESG低碳高息,287,0,287,中國信託-文心,2024-09-18,6164
00929,復華台灣科技優息,307,22,285,中國信託-文心,2024-09-18,6164
00687B,國泰20年美債,236,11,225,中國信託-文心,2024-09-18,6164
1314,中石化,182,0,182,中國信託-文心,2024-09-18,6164
00915,凱基優選高股息30,151,10,141,中國信託-文心,2024-09-18,6164
2317,鴻海,155,18,137,中國信託-文心,2024-09-18,6164
00713,元大台灣高息低波,126,2,124,中國信託-文心,2024-09-18,6164
0056,元大高股息,137,22,115,中國信託-文心,2024-09-18,6164
00632R,元大台灣50反1,110,0,110,中國信託-文心,2024-09-18,6164
1711,永光,220,113,107,中國信託-文心,2024-09-18,6164
2887,台新金,102,3,99,中國信託-文心,2024-09-18,6164
00878,國泰永續高股息,121,31,90,中國信託-文心,2024-09-18,6164
2610,華航,104,25,79,中國信託-文心,2024-09-18,6164
00935,野村臺灣新科技50,62,0,62,中國信託-文心,2024-09-18,6164
00934,中信成長高股息,87,32,55,中國信託-文心,2024-09-18,6164
00918,大華優利高填息30,66,13,53,中國信託-文心,2024-09-18,6164
5905,南仁湖,74,29,45,中國信託-文心,2024-09-18,6164
3264,欣銓,46,5,41,中國信託-文心,2024-09-18,6164
00706L,期元大S＆P日圓正2,40,0,40,中國信託-文心,2024-09-18,6164
00946,群益科技高息成長,36,2,34,中國信託-文心,2024-09-18,6164
00891,中信關鍵半導體,34,0,34,中國信託-文心,2024-09-18,6164
2889,國票金,31,0,31,中國信託-文心,2024-09-18,6164
6531,愛普*,41,10,31,中國信託-文心,2024-09-18,6164
00679B,元大美債20年,36,6,30,中國信託-文心,2024-09-18,6164
4958,臻鼎-KY,30,1,29,中國信託-文心,2024-09-18,6164
00795B,中信美國公債20年,28,0,28,中國信託-文心,2024-09-18,6164
1584,精剛,27,0,27,中國信託-文心,2024-09-18,6164
4961,天鈺,27,2,25,中國信託-文心,2024-09-18,6164
5519,隆大,25,0,25,中國信託-文心,2024-09-18,6164
2885,元大金,22,1,21,中國信託-文心,2024-09-18,6164
2393,億光,25,5,20,中國信託-文心,2024-09-18,6164
4979,華星光,65,45,20,中國信託-文心,2024-09-18,6164
2497,怡利電,26,6,20,中國信託-文心,2024-09-18,6164
2313,華通,26,7,19,中國信託-文心,2024-09-18,6164
2070,精湛,34,15,19,中國信託-文心,2024-09-18,6164
4977,眾達-KY,62,44,18,中國信託-文心,2024-09-18,6164
2376,技嘉,18,0,18,中國信託-文心,2024-09-18,6164
3550,聯穎,343,325,18,中國信託-文心,2024-09-18,6164
5347,世界,19,4,15,中國信託-文心,2024-09-18,6164
3188,鑫龍騰,14,0,14,中國信託-文心,2024-09-18,6164
3062,建漢,43,29,14,中國信託-文心,2024-09-18,6164
4908,前鼎,21,8,13,中國信託-文心,2024-09-18,6164
2429,銘旺科,14,1,13,中國信託-文心,2024-09-18,6164
00857B,永豐20年美公債,13,1,12,中國信託-文心,2024-09-18,6164
0050,元大台灣50,18,6,12,中國信託-文心,2024-09-18,6164
2464,盟立,20,8,12,中國信託-文心,2024-09-18,6164
2356,英業達,12,0,12,中國信託-文心,2024-09-18,6164
00927,群益半導體收益,11,0,11,中國信託-文心,2024-09-18,6164
5371,中光電,13,2,11,中國信託-文心,2024-09-18,6164
00929,復華台灣科技優息,338,85,253,中國信託-文心,2024-09-19,6164
00687B,國泰20年美債,291,93,198,中國信託-文心,2024-09-19,6164
00679B,元大美債20年,286,138,148,中國信託-文心,2024-09-19,6164
00919,群益台灣精選高息,207,67,140,中國信託-文心,2024-09-19,6164
2888,新光金,205,102,103,中國信託-文心,2024-09-19,6164
00930,永豐ESG低碳高息,72,0,72,中國信託-文心,2024-09-19,6164
00632R,元大台灣50反1,373,304,69,中國信託-文心,2024-09-19,6164
00918,大華優利高填息30,101,42,59,中國信託-文心,2024-09-19,6164
2891,中信金,86,27,59,中國信託-文心,2024-09-19,6164
00795B,中信美國公債20年,75,18,57,中國信託-文心,2024-09-19,6164
00680L,元大美債20正2,404,350,54,中國信託-文心,2024-09-19,6164
00706L,期元大S＆P日圓正2,72,18,54,中國信託-文心,2024-09-19,6164
2317,鴻海,83,30,53,中國信託-文心,2024-09-19,6164
4188,安克,52,0,52,中國信託-文心,2024-09-19,6164
5460,同協,54,3,51,中國信託-文心,2024-09-19,6164
6743,安普新,50,0,50,中國信託-文心,2024-09-19,6164
00915,凱基優選高股息30,50,1,49,中國信託-文心,2024-09-19,6164
00935,野村臺灣新科技50,60,11,49,中國信託-文心,2024-09-19,6164
00937B,群益ESG投等債20,321,274,47,中國信託-文心,2024-09-19,6164
5905,南仁湖,48,9,39,中國信託-文心,2024-09-19,6164
00878,國泰永續高股息,42,10,32,中國信託-文心,2024-09-19,6164
3188,鑫龍騰,31,0,31,中國信託-文心,2024-09-19,6164
00674R,期元大S＆P黃金反1,31,0,31,中國信託-文心,2024-09-19,6164
3260,威剛,31,2,29,中國信託-文心,2024-09-19,6164
00688L,國泰20年美債正2,134,105,29,中國信託-文心,2024-09-19,6164
4513,福裕,79,53,26,中國信託-文心,2024-09-19,6164
6830,汎銓,34,8,26,中國信託-文心,2024-09-19,6164
3306,鼎天,23,0,23,中國信託-文心,2024-09-19,6164
1721,三晃,31,9,22,中國信託-文心,2024-09-19,6164
2889,國票金,21,0,21,中國信託-文心,2024-09-19,6164
9938,百和,20,0,20,中國信託-文心,2024-09-19,6164
2243,宏旭-KY,27,7,20,中國信託-文心,2024-09-19,6164
2374,佳能,22,3,19,中國信託-文心,2024-09-19,6164
00637L,元大滬深300正2,29,11,18,中國信託-文心,2024-09-19,6164
6906,現觀科,17,0,17,中國信託-文心,2024-09-19,6164
00945B,凱基美國非投等債,15,0,15,中國信託-文心,2024-09-19,6164
1708,東鹼,16,1,15,中國信託-文心,2024-09-19,6164
3715,定穎投控,16,2,14,中國信託-文心,2024-09-19,6164
3711,日月光投控,26,13,13,中國信託-文心,2024-09-19,6164
4401,東隆興,17,4,13,中國信託-文心,2024-09-19,6164
3230,錦明,27,15,12,中國信託-文心,2024-09-19,6164
00931B,統一美債20年,13,2,11,中國信託-文心,2024-09-19,6164
6116,彩晶,11,0,11,中國信託-文心,2024-09-19,6164
00830,國泰費城半導體,34,23,11,中國信託-文心,2024-09-19,6164
2426,鼎元,22,11,11,中國信託-文心,2024-09-19,6164
2303,聯電,17,7,10,中國信託-文心,2024-09-19,6164
2444,兆勁,10,0,10,中國信託-文心,2024-09-19,6164
2453,凌群,10,0,10,中國信託-文心,2024-09-19,6164
6517,保勝光學,19,9,10,中國信託-文心,2024-09-19,6164
4154,樂威科-KY,10,0,10,中國信託-文心,2024-09-19,6164
00937B,群益ESG投等債20,984,158,826,中國信託-文心,2024-09-20,6164
00919,群益台灣精選高息,601,40,561,中國信託-文心,2024-09-20,6164
00632R,元大台灣50反1,211,65,146,中國信託-文心,2024-09-20,6164
00687B,國泰20年美債,191,63,128,中國信託-文心,2024-09-20,6164
00688L,國泰20年美債正2,158,33,125,中國信託-文心,2024-09-20,6164
2542,興富發,130,14,116,中國信託-文心,2024-09-20,6164
00915,凱基優選高股息30,135,20,115,中國信託-文心,2024-09-20,6164
4526,東台,98,22,76,中國信託-文心,2024-09-20,6164
00958B,永豐ESG銀行債15,70,0,70,中國信託-文心,2024-09-20,6164
00706L,期元大S＆P日圓正2,70,0,70,中國信託-文心,2024-09-20,6164
2464,盟立,182,117,65,中國信託-文心,2024-09-20,6164
1540,喬福,85,20,65,中國信託-文心,2024-09-20,6164
00882,中信中國高股息,66,2,64,中國信託-文心,2024-09-20,6164
00930,永豐ESG低碳高息,58,0,58,中國信託-文心,2024-09-20,6164
5512,力麒,55,1,54,中國信託-文心,2024-09-20,6164
5460,同協,54,2,52,中國信託-文心,2024-09-20,6164
6743,安普新,51,0,51,中國信託-文心,2024-09-20,6164
3056,富華新,68,20,48,中國信託-文心,2024-09-20,6164
00830,國泰費城半導體,64,16,48,中國信託-文心,2024-09-20,6164
2515,中工,55,9,46,中國信託-文心,2024-09-20,6164
1326,台化,42,4,38,中國信託-文心,2024-09-20,6164
00934,中信成長高股息,55,19,36,中國信託-文心,2024-09-20,6164
2399,映泰,259,223,36,中國信託-文心,2024-09-20,6164
2881,富邦金,36,5,31,中國信託-文心,2024-09-20,6164
00931B,統一美債20年,35,4,31,中國信託-文心,2024-09-20,6164
8070,長華*,69,38,31,中國信託-文心,2024-09-20,6164
0050,元大台灣50,97,68,29,中國信託-文心,2024-09-20,6164
2887,台新金,61,33,28,中國信託-文心,2024-09-20,6164
00713,元大台灣高息低波,35,8,27,中國信託-文心,2024-09-20,6164
3360,尚立,26,1,25,中國信託-文心,2024-09-20,6164
1721,三晃,80,56,24,中國信託-文心,2024-09-20,6164
00895,富邦未來車,25,2,23,中國信託-文心,2024-09-20,6164
00719B,元大美債1-3,23,0,23,中國信託-文心,2024-09-20,6164
6451,訊芯-KY,25,3,22,中國信託-文心,2024-09-20,6164
00674R,期元大S＆P黃金反1,21,0,21,中國信託-文心,2024-09-20,6164
6134,萬旭,21,0,21,中國信託-文心,2024-09-20,6164
4908,前鼎,27,6,21,中國信託-文心,2024-09-20,6164
1808,潤隆,34,14,20,中國信託-文心,2024-09-20,6164
6116,彩晶,20,0,20,中國信託-文心,2024-09-20,6164
4563,百德,32,13,19,中國信託-文心,2024-09-20,6164
2101,南港,22,3,19,中國信託-文心,2024-09-20,6164
1316,上曜,21,2,19,中國信託-文心,2024-09-20,6164
2376,技嘉,24,5,19,中國信託-文心,2024-09-20,6164
4967,十銓,16,0,16,中國信託-文心,2024-09-20,6164
4714,永捷,30,14,16,中國信託-文心,2024-09-20,6164
1727,中華化,79,64,15,中國信託-文心,2024-09-20,6164
4939,亞電,21,6,15,中國信託-文心,2024-09-20,6164
00932,兆豐永續高息等權,14,0,14,中國信託-文心,2024-09-20,6164
4729,熒茂,24,10,14,中國信託-文心,2024-09-20,6164
3230,錦明,35,21,14,中國信託-文心,2024-09-20,6164
00948B,中信優息投資級債,415,0,415,中國信託-文心,2024-09-23,6164
00679B,元大美債20年,412,91,321,中國信託-文心,2024-09-23,6164
00919,群益台灣精選高息,347,171,176,中國信託-文心,2024-09-23,6164
00706L,期元大S＆P日圓正2,195,75,120,中國信託-文心,2024-09-23,6164
00937B,群益ESG投等債20,168,69,99,中國信託-文心,2024-09-23,6164
2362,藍天,80,2,78,中國信託-文心,2024-09-23,6164
00688L,國泰20年美債正2,110,35,75,中國信託-文心,2024-09-23,6164
4707,磐亞,76,2,74,中國信託-文心,2024-09-23,6164
2464,盟立,94,39,55,中國信託-文心,2024-09-23,6164
00935,野村臺灣新科技50,51,0,51,中國信託-文心,2024-09-23,6164
2618,長榮航,58,15,43,中國信託-文心,2024-09-23,6164
00934,中信成長高股息,49,7,42,中國信託-文心,2024-09-23,6164
00930,永豐ESG低碳高息,71,31,40,中國信託-文心,2024-09-23,6164
6274,台燿,44,6,38,中國信託-文心,2024-09-23,6164
2888,新光金,166,131,35,中國信託-文心,2024-09-23,6164
1727,中華化,73,39,34,中國信託-文心,2024-09-23,6164
3374,精材,49,15,34,中國信託-文心,2024-09-23,6164
4720,德淵,42,10,32,中國信託-文心,2024-09-23,6164
3622,洋華,50,20,30,中國信託-文心,2024-09-23,6164
00958B,永豐ESG銀行債15,30,0,30,中國信託-文心,2024-09-23,6164
9958,世紀鋼,43,14,29,中國信託-文心,2024-09-23,6164
3040,遠見,29,1,28,中國信託-文心,2024-09-23,6164
2890,永豐金,30,3,27,中國信託-文心,2024-09-23,6164
00946,群益科技高息成長,28,1,27,中國信託-文心,2024-09-23,6164
00929,復華台灣科技優息,159,133,26,中國信託-文心,2024-09-23,6164
1735,日勝化,26,1,25,中國信託-文心,2024-09-23,6164
3481,群創,33,9,24,中國信託-文心,2024-09-23,6164
0056,元大高股息,40,16,24,中國信託-文心,2024-09-23,6164
1785,光洋科,56,33,23,中國信託-文心,2024-09-23,6164
2884,玉山金,26,6,20,中國信託-文心,2024-09-23,6164
00713,元大台灣高息低波,26,6,20,中國信託-文心,2024-09-23,6164
00632R,元大台灣50反1,20,0,20,中國信託-文心,2024-09-23,6164
2388,威盛,24,5,19,中國信託-文心,2024-09-23,6164
3056,富華新,21,2,19,中國信託-文心,2024-09-23,6164
00927,群益半導體收益,23,5,18,中國信託-文心,2024-09-23,6164
1718,中纖,18,0,18,中國信託-文心,2024-09-23,6164
1101,台泥,18,2,16,中國信託-文心,2024-09-23,6164
6443,元晶,22,6,16,中國信託-文心,2024-09-23,6164
2367,燿華,17,2,15,中國信託-文心,2024-09-23,6164
4716,大立,74,59,15,中國信託-文心,2024-09-23,6164
5905,南仁湖,19,4,15,中國信託-文心,2024-09-23,6164
006208,富邦台50,24,9,15,中國信託-文心,2024-09-23,6164
00740B,富邦全球投等債,19,5,14,中國信託-文心,2024-09-23,6164
2812,台中銀,15,1,14,中國信託-文心,2024-09-23,6164
00923,群益台ESG低碳50,20,6,14,中國信託-文心,2024-09-23,6164
6116,彩晶,15,1,14,中國信託-文心,2024-09-23,6164
2313,華通,17,3,14,中國信託-文心,2024-09-23,6164
2449,京元電子,23,9,14,中國信託-文心,2024-09-23,6164
6219,富旺,13,0,13,中國信託-文心,2024-09-23,6164
3290,東浦,21,8,13,中國信託-文心,2024-09-23,6164
00929,復華台灣科技優息,457,27,430,中國信託-文心,2024-09-24,6164
00679B,元大美債20年,352,36,316,中國信託-文心,2024-09-24,6164
2891,中信金,237,73,164,中國信託-文心,2024-09-24,6164
00948B,中信優息投資級債,126,0,126,中國信託-文心,2024-09-24,6164
00919,群益台灣精選高息,156,38,118,中國信託-文心,2024-09-24,6164
2362,藍天,105,0,105,中國信託-文心,2024-09-24,6164
00953B,群益優選非投等債,100,0,100,中國信託-文心,2024-09-24,6164
00950B,凱基A級公司債,90,15,75,中國信託-文心,2024-09-24,6164
00632R,元大台灣50反1,71,1,70,中國信託-文心,2024-09-24,6164
00946,群益科技高息成長,52,0,52,中國信託-文心,2024-09-24,6164
2324,仁寶,60,10,50,中國信託-文心,2024-09-24,6164
00915,凱基優選高股息30,68,20,48,中國信託-文心,2024-09-24,6164
00688L,國泰20年美債正2,65,20,45,中國信託-文心,2024-09-24,6164
6651,全宇昕,50,6,44,中國信託-文心,2024-09-24,6164
1584,精剛,65,22,43,中國信託-文心,2024-09-24,6164
00930,永豐ESG低碳高息,41,0,41,中國信託-文心,2024-09-24,6164
4716,大立,50,10,40,中國信託-文心,2024-09-24,6164
3374,精材,43,3,40,中國信託-文心,2024-09-24,6164
00907,永豐優息存股,40,1,39,中國信託-文心,2024-09-24,6164
8033,雷虎,46,8,38,中國信託-文心,2024-09-24,6164
2436,偉詮電,38,0,38,中國信託-文心,2024-09-24,6164
1711,永光,53,16,37,中國信託-文心,2024-09-24,6164
00795B,中信美國公債20年,32,1,31,中國信託-文心,2024-09-24,6164
2605,新興,87,59,28,中國信託-文心,2024-09-24,6164
0056,元大高股息,35,9,26,中國信託-文心,2024-09-24,6164
00933B,國泰10Y+金融債,26,0,26,中國信託-文心,2024-09-24,6164
4707,磐亞,26,0,26,中國信託-文心,2024-09-24,6164
00959B,大華投等美債15Y+,24,0,24,中國信託-文心,2024-09-24,6164
8086,宏捷科,26,2,24,中國信託-文心,2024-09-24,6164
00673R,期元大S＆P原油反1,24,0,24,中國信託-文心,2024-09-24,6164
00918,大華優利高填息30,22,0,22,中國信託-文心,2024-09-24,6164
1539,巨庭,49,27,22,中國信託-文心,2024-09-24,6164
6177,達麗,22,0,22,中國信託-文心,2024-09-24,6164
2464,盟立,38,17,21,中國信託-文心,2024-09-24,6164
00680L,元大美債20正2,59,38,21,中國信託-文心,2024-09-24,6164
3522,御嵿,21,0,21,中國信託-文心,2024-09-24,6164
3550,聯穎,72,51,21,中國信託-文心,2024-09-24,6164
4979,華星光,36,16,20,中國信託-文心,2024-09-24,6164
2547,日勝生,19,0,19,中國信託-文心,2024-09-24,6164
00936,台新永續高息中小,18,0,18,中國信託-文心,2024-09-24,6164
1618,合機,18,0,18,中國信託-文心,2024-09-24,6164
6213,聯茂,19,1,18,中國信託-文心,2024-09-24,6164
3149,正達,100,83,17,中國信託-文心,2024-09-24,6164
00902,中信電池及儲能,25,8,17,中國信託-文心,2024-09-24,6164
2349,錸德,21,4,17,中國信託-文心,2024-09-24,6164
00712,復華富時不動產,18,3,15,中國信託-文心,2024-09-24,6164
4956,光鋐,51,36,15,中國信託-文心,2024-09-24,6164
3715,定穎投控,96,82,14,中國信託-文心,2024-09-24,6164
2368,金像電,14,0,14,中國信託-文心,2024-09-24,6164
2062,橋椿,24,10,14,中國信託-文心,2024-09-24,6164
00945B,凱基美國非投等債,691,11,680,中國信託-文心,2024-09-25,6164
00679B,元大美債20年,733,170,563,中國信託-文心,2024-09-25,6164
00948B,中信優息投資級債,322,4,318,中國信託-文心,2024-09-25,6164
00953B,群益優選非投等債,300,0,300,中國信託-文心,2024-09-25,6164
00919,群益台灣精選高息,265,70,195,中國信託-文心,2024-09-25,6164
00687B,國泰20年美債,267,75,192,中國信託-文心,2024-09-25,6164
00632R,元大台灣50反1,235,121,114,中國信託-文心,2024-09-25,6164
00930,永豐ESG低碳高息,100,10,90,中國信託-文心,2024-09-25,6164
00882,中信中國高股息,164,75,89,中國信託-文心,2024-09-25,6164
1309,台達化,80,0,80,中國信託-文心,2024-09-25,6164
3694,海華,74,4,70,中國信託-文心,2024-09-25,6164
1618,合機,159,94,65,中國信託-文心,2024-09-25,6164
00795B,中信美國公債20年,64,0,64,中國信託-文心,2024-09-25,6164
00915,凱基優選高股息30,49,1,48,中國信託-文心,2024-09-25,6164
1736,喬山,71,29,42,中國信託-文心,2024-09-25,6164
2332,友訊,41,0,41,中國信託-文心,2024-09-25,6164
3047,訊舟,79,39,40,中國信託-文心,2024-09-25,6164
00680L,元大美債20正2,75,35,40,中國信託-文心,2024-09-25,6164
2402,毅嘉,38,1,37,中國信託-文心,2024-09-25,6164
3550,聯穎,194,159,35,中國信託-文心,2024-09-25,6164
00918,大華優利高填息30,48,19,29,中國信託-文心,2024-09-25,6164
3149,正達,68,40,28,中國信託-文心,2024-09-25,6164
00878,國泰永續高股息,92,65,27,中國信託-文心,2024-09-25,6164
5258,虹堡,26,0,26,中國信託-文心,2024-09-25,6164
2059,川湖,25,0,25,中國信託-文心,2024-09-25,6164
6005,群益證,25,0,25,中國信託-文心,2024-09-25,6164
3537,堡達,30,6,24,中國信託-文心,2024-09-25,6164
00650L,復華香港正2,30,7,23,中國信託-文心,2024-09-25,6164
00733,富邦臺灣中小,28,6,22,中國信託-文心,2024-09-25,6164
5452,佶優,26,4,22,中國信託-文心,2024-09-25,6164
2365,昆盈,34,13,21,中國信託-文心,2024-09-25,6164
2399,映泰,43,22,21,中國信託-文心,2024-09-25,6164
00665L,富邦�琤肭磪囓�2,44,24,20,中國信託-文心,2024-09-25,6164
2436,偉詮電,65,45,20,中國信託-文心,2024-09-25,6164
00830,國泰費城半導體,30,11,19,中國信託-文心,2024-09-25,6164
6215,和椿,23,4,19,中國信託-文心,2024-09-25,6164
3363,上詮,29,10,19,中國信託-文心,2024-09-25,6164
4128,中天,17,0,17,中國信託-文心,2024-09-25,6164
00637L,元大滬深300正2,135,119,16,中國信託-文心,2024-09-25,6164
8038,長園科,15,0,15,中國信託-文心,2024-09-25,6164
1808,潤隆,16,2,14,中國信託-文心,2024-09-25,6164
3711,日月光投控,27,13,14,中國信託-文心,2024-09-25,6164
2425,承啟,18,4,14,中國信託-文心,2024-09-25,6164
00688L,國泰20年美債正2,28,14,14,中國信託-文心,2024-09-25,6164
00958B,永豐ESG銀行債15,14,0,14,中國信託-文心,2024-09-25,6164
9945,潤泰新,14,1,13,中國信託-文心,2024-09-25,6164
2495,普安,12,0,12,中國信託-文心,2024-09-25,6164
1815,富喬,14,2,12,中國信託-文心,2024-09-25,6164
2464,盟立,43,31,12,中國信託-文心,2024-09-25,6164
3481,群創,19,8,11,中國信託-文心,2024-09-25,6164
00679B,元大美債20年,668,144,524,中國信託-文心,2024-09-26,6164
00948B,中信優息投資級債,282,0,282,中國信託-文心,2024-09-26,6164
00937B,群益ESG投等債20,922,771,151,中國信託-文心,2024-09-26,6164
00715L,期街口布蘭特正2,148,7,141,中國信託-文心,2024-09-26,6164
00788B,元大10年IG電能債,117,0,117,中國信託-文心,2024-09-26,6164
00706L,期元大S＆P日圓正2,114,0,114,中國信託-文心,2024-09-26,6164
00680L,元大美債20正2,203,96,107,中國信託-文心,2024-09-26,6164
00960,野村全球航運龍頭,404,298,106,中國信託-文心,2024-09-26,6164
00637L,元大滬深300正2,218,120,98,中國信託-文心,2024-09-26,6164
00929,復華台灣科技優息,144,58,86,中國信託-文心,2024-09-26,6164
2609,陽明,280,197,83,中國信託-文心,2024-09-26,6164
1808,潤隆,71,5,66,中國信託-文心,2024-09-26,6164
00919,群益台灣精選高息,112,60,52,中國信託-文心,2024-09-26,6164
2883,凱基金,71,25,46,中國信託-文心,2024-09-26,6164
00751B,元大AAA至A公司債,46,0,46,中國信託-文心,2024-09-26,6164
00959B,大華投等美債15Y+,45,0,45,中國信託-文心,2024-09-26,6164
2365,昆盈,64,21,43,中國信託-文心,2024-09-26,6164
00934,中信成長高股息,45,3,42,中國信託-文心,2024-09-26,6164
3714,富采,43,1,42,中國信託-文心,2024-09-26,6164
00666R,富邦�琤肭磪齯�1,40,0,40,中國信託-文心,2024-09-26,6164
4956,光鋐,40,1,39,中國信託-文心,2024-09-26,6164
2317,鴻海,88,53,35,中國信託-文心,2024-09-26,6164
3715,定穎投控,52,19,33,中國信託-文心,2024-09-26,6164
2313,華通,34,1,33,中國信託-文心,2024-09-26,6164
1618,合機,34,2,32,中國信託-文心,2024-09-26,6164
00795B,中信美國公債20年,45,15,30,中國信託-文心,2024-09-26,6164
1785,光洋科,89,59,30,中國信託-文心,2024-09-26,6164
2362,藍天,48,19,29,中國信託-文心,2024-09-26,6164
1503,士電,31,4,27,中國信託-文心,2024-09-26,6164
6506,雙邦,26,0,26,中國信託-文心,2024-09-26,6164
00936,台新永續高息中小,25,0,25,中國信託-文心,2024-09-26,6164
6104,創惟,51,26,25,中國信託-文心,2024-09-26,6164
2542,興富發,28,3,25,中國信託-文心,2024-09-26,6164
1540,喬福,36,11,25,中國信託-文心,2024-09-26,6164
2913,農林,25,0,25,中國信託-文心,2024-09-26,6164
3189,景碩,34,9,25,中國信託-文心,2024-09-26,6164
2457,飛宏,25,2,23,中國信託-文心,2024-09-26,6164
2354,鴻準,37,14,23,中國信託-文心,2024-09-26,6164
00942B,台新美A公司債20+,22,0,22,中國信託-文心,2024-09-26,6164
2399,映泰,32,10,22,中國信託-文心,2024-09-26,6164
2359,所羅門,46,25,21,中國信託-文心,2024-09-26,6164
8111,立��,79,58,21,中國信託-文心,2024-09-26,6164
2464,盟立,29,8,21,中國信託-文心,2024-09-26,6164
4128,中天,21,0,21,中國信託-文心,2024-09-26,6164
00731,復華富時高息低波,20,0,20,中國信託-文心,2024-09-26,6164
3689,湧德,21,1,20,中國信託-文心,2024-09-26,6164
3037,欣興,36,16,20,中國信託-文心,2024-09-26,6164
3062,建漢,32,13,19,中國信託-文心,2024-09-26,6164
6651,全宇昕,20,1,19,中國信託-文心,2024-09-26,6164
3019,亞光,58,40,18,中國信託-文心,2024-09-26,6164
00948B,中信優息投資級債,3075,101,2974,中國信託-文心,2024-09-27,6164
2913,農林,514,4,510,中國信託-文心,2024-09-27,6164
00679B,元大美債20年,524,48,476,中國信託-文心,2024-09-27,6164
00680L,元大美債20正2,460,8,452,中國信託-文心,2024-09-27,6164
00687B,國泰20年美債,456,38,418,中國信託-文心,2024-09-27,6164
00715L,期街口布蘭特正2,370,1,369,中國信託-文心,2024-09-27,6164
00952,凱基台灣AI50,280,0,280,中國信託-文心,2024-09-27,6164
00637L,元大滬深300正2,498,320,178,中國信託-文心,2024-09-27,6164
00753L,中信中國50正2,246,90,156,中國信託-文心,2024-09-27,6164
00945B,凱基美國非投等債,137,0,137,中國信託-文心,2024-09-27,6164
00795B,中信美國公債20年,138,2,136,中國信託-文心,2024-09-27,6164
1711,永光,116,19,97,中國信託-文心,2024-09-27,6164
00960,野村全球航運龍頭,132,40,92,中國信託-文心,2024-09-27,6164
00690,兆豐藍籌30,90,2,88,中國信託-文心,2024-09-27,6164
2881,富邦金,93,15,78,中國信託-文心,2024-09-27,6164
00878,國泰永續高股息,95,23,72,中國信託-文心,2024-09-27,6164
00706L,期元大S＆P日圓正2,67,0,67,中國信託-文心,2024-09-27,6164
00915,凱基優選高股息30,67,1,66,中國信託-文心,2024-09-27,6164
00946,群益科技高息成長,54,2,52,中國信託-文心,2024-09-27,6164
00751B,元大AAA至A公司債,51,0,51,中國信託-文心,2024-09-27,6164
00713,元大台灣高息低波,55,4,51,中國信託-文心,2024-09-27,6164
00772B,中信高評級公司債,48,0,48,中國信託-文心,2024-09-27,6164
00958B,永豐ESG銀行債15,48,0,48,中國信託-文心,2024-09-27,6164
8038,長園科,41,0,41,中國信託-文心,2024-09-27,6164
4958,臻鼎-KY,39,0,39,中國信託-文心,2024-09-27,6164
2887,台新金,37,4,33,中國信託-文心,2024-09-27,6164
00712,復華富時不動產,36,7,29,中國信託-文心,2024-09-27,6164
00953B,群益優選非投等債,40,11,29,中國信託-文心,2024-09-27,6164
00725B,國泰投資級公司債,28,1,27,中國信託-文心,2024-09-27,6164
0050,元大台灣50,47,20,27,中國信託-文心,2024-09-27,6164
2365,昆盈,34,11,23,中國信託-文心,2024-09-27,6164
2486,一詮,70,48,22,中國信託-文心,2024-09-27,6164
3605,宏致,28,8,20,中國信託-文心,2024-09-27,6164
1540,喬福,41,21,20,中國信託-文心,2024-09-27,6164
2388,威盛,24,5,19,中國信託-文心,2024-09-27,6164
2834,臺企銀,19,1,18,中國信託-文心,2024-09-27,6164
1785,光洋科,30,12,18,中國信託-文心,2024-09-27,6164
2313,華通,18,2,16,中國信託-文心,2024-09-27,6164
6530,創威,35,19,16,中國信託-文心,2024-09-27,6164
6651,全宇昕,21,5,16,中國信託-文心,2024-09-27,6164
00642U,期元大S＆P石油,16,0,16,中國信託-文心,2024-09-27,6164
00696B,富邦美債20年,16,0,16,中國信託-文心,2024-09-27,6164
00740B,富邦全球投等債,15,0,15,中國信託-文心,2024-09-27,6164
5439,高技,15,0,15,中國信託-文心,2024-09-27,6164
3363,上詮,26,11,15,中國信託-文心,2024-09-27,6164
3483,力致,20,5,15,中國信託-文心,2024-09-27,6164
3019,亞光,51,36,15,中國信託-文心,2024-09-27,6164
00650L,復華香港正2,30,16,14,中國信託-文心,2024-09-27,6164
6241,易通展,15,2,13,中國信託-文心,2024-09-27,6164
4952,凌通,15,2,13,中國信託-文心,2024-09-27,6164
00953B,群益優選非投等債,393,0,393,中國信託-文心,2024-09-30,6164
00919,群益台灣精選高息,416,61,355,中國信託-文心,2024-09-30,6164
00945B,凱基美國非投等債,337,0,337,中國信託-文心,2024-09-30,6164
00929,復華台灣科技優息,386,67,319,中國信託-文心,2024-09-30,6164
00937B,群益ESG投等債20,369,65,304,中國信託-文心,2024-09-30,6164
00687B,國泰20年美債,205,11,194,中國信託-文心,2024-09-30,6164
00637L,元大滬深300正2,323,148,175,中國信託-文心,2024-09-30,6164
00720B,元大投資級公司債,171,2,169,中國信託-文心,2024-09-30,6164
00878,國泰永續高股息,145,20,125,中國信託-文心,2024-09-30,6164
00688L,國泰20年美債正2,114,4,110,中國信託-文心,2024-09-30,6164
00679B,元大美債20年,118,12,106,中國信託-文心,2024-09-30,6164
00753L,中信中國50正2,231,139,92,中國信託-文心,2024-09-30,6164
00959B,大華投等美債15Y+,89,0,89,中國信託-文心,2024-09-30,6164
0050,元大台灣50,91,3,88,中國信託-文心,2024-09-30,6164
00927,群益半導體收益,83,0,83,中國信託-文心,2024-09-30,6164
0056,元大高股息,77,2,75,中國信託-文心,2024-09-30,6164
1736,喬山,79,5,74,中國信託-文心,2024-09-30,6164
00891,中信關鍵半導體,72,4,68,中國信託-文心,2024-09-30,6164
00680L,元大美債20正2,105,41,64,中國信託-文心,2024-09-30,6164
3037,欣興,72,8,64,中國信託-文心,2024-09-30,6164
00634R,富邦上証反1,60,0,60,中國信託-文心,2024-09-30,6164
1309,台達化,68,12,56,中國信託-文心,2024-09-30,6164
4906,正文,54,0,54,中國信託-文心,2024-09-30,6164
2330,台積電,67,17,50,中國信託-文心,2024-09-30,6164
2929,淘帝-KY,47,0,47,中國信託-文心,2024-09-30,6164
3013,晟銘電,57,15,42,中國信託-文心,2024-09-30,6164
2038,海光,42,1,41,中國信託-文心,2024-09-30,6164
00664R,國泰臺灣加權反1,40,0,40,中國信託-文心,2024-09-30,6164
006208,富邦台50,42,2,40,中國信託-文心,2024-09-30,6164
2881,富邦金,40,0,40,中國信託-文心,2024-09-30,6164
2363,矽統,76,37,39,中國信託-文心,2024-09-30,6164
2884,玉山金,74,36,38,中國信託-文心,2024-09-30,6164
2312,金寶,61,23,38,中國信託-文心,2024-09-30,6164
1326,台化,37,0,37,中國信託-文心,2024-09-30,6164
2382,廣達,36,3,33,中國信託-文心,2024-09-30,6164
00940,元大台灣價值高息,88,54,34,中國信託-文心,2024-09-30,6164
00752,中信中國50,47,15,32,中國信託-文心,2024-09-30,6164
2303,聯電,35,4,31,中國信託-文心,2024-09-30,6164
00952,凱基台灣AI50,31,0,31,中國信託-文心,2024-09-30,6164
3227,原相,59,30,29,中國信託-文心,2024-09-30,6164
00887,永豐中國科技50大,29,0,29,中國信託-文心,2024-09-30,6164
00675L,富邦臺灣加權正2,40,11,29,中國信託-文心,2024-09-30,6164
00636,國泰中國A50,27,0,27,中國信託-文心,2024-09-30,6164
2009,第一銅,38,11,27,中國信託-文心,2024-09-30,6164
3231,緯創,29,3,26,中國信託-文心,2024-09-30,6164
2049,上銀,26,0,26,中國信託-文心,2024-09-30,6164
00915,凱基優選高股息30,59,33,26,中國信託-文心,2024-09-30,6164
00960,野村全球航運龍頭,34,10,24,中國信託-文心,2024-09-30,6164
2524,京城,24,0,24,中國信託-文心,2024-09-30,6164
2313,華通,28,5,23,中國信託-文心,2024-09-30,6164
00929,復華台灣科技優息,425,8,417,中國信託-文心,2024-10-01,6164
00937B,群益ESG投等債20,377,35,342,中國信託-文心,2024-10-01,6164
00878,國泰永續高股息,202,8,194,中國信託-文心,2024-10-01,6164
00919,群益台灣精選高息,158,16,142,中國信託-文心,2024-10-01,6164
9935,慶豐富,155,15,140,中國信託-文心,2024-10-01,6164
00706L,期元大S＆P日圓正2,158,20,138,中國信託-文心,2024-10-01,6164
2834,臺企銀,103,0,103,中國信託-文心,2024-10-01,6164
0056,元大高股息,108,6,102,中國信託-文心,2024-10-01,6164
00634R,富邦上証反1,80,0,80,中國信託-文心,2024-10-01,6164
2317,鴻海,89,11,78,中國信託-文心,2024-10-01,6164
2888,新光金,86,23,63,中國信託-文心,2024-10-01,6164
4958,臻鼎-KY,57,2,55,中國信託-文心,2024-10-01,6164
00713,元大台灣高息低波,52,0,52,中國信託-文心,2024-10-01,6164
00934,中信成長高股息,46,3,43,中國信託-文心,2024-10-01,6164
00753L,中信中國50正2,98,55,43,中國信託-文心,2024-10-01,6164
00680L,元大美債20正2,88,45,43,中國信託-文心,2024-10-01,6164
00679B,元大美債20年,119,77,42,中國信託-文心,2024-10-01,6164
1736,喬山,44,2,42,中國信託-文心,2024-10-01,6164
00687B,國泰20年美債,84,42,42,中國信託-文心,2024-10-01,6164
2615,萬海,81,47,34,中國信託-文心,2024-10-01,6164
2344,華邦電,41,8,33,中國信託-文心,2024-10-01,6164
2359,所羅門,51,20,31,中國信託-文心,2024-10-01,6164
2002,中鋼,42,13,29,中國信託-文心,2024-10-01,6164
00857B,永豐20年美公債,29,0,29,中國信託-文心,2024-10-01,6164
5603,陸海,28,0,28,中國信託-文心,2024-10-01,6164
2524,京城,27,0,27,中國信託-文心,2024-10-01,6164
00959B,大華投等美債15Y+,37,10,27,中國信託-文心,2024-10-01,6164
00922,國泰台灣領袖50,28,2,26,中國信託-文心,2024-10-01,6164
8111,立��,48,24,24,中國信託-文心,2024-10-01,6164
006207,復華滬深,24,0,24,中國信託-文心,2024-10-01,6164
2312,金寶,23,0,23,中國信託-文心,2024-10-01,6164
00930,永豐ESG低碳高息,20,0,20,中國信託-文心,2024-10-01,6164
2393,億光,20,1,19,中國信託-文心,2024-10-01,6164
1808,潤隆,19,0,19,中國信託-文心,2024-10-01,6164
00915,凱基優選高股息30,18,0,18,中國信託-文心,2024-10-01,6164
3481,群創,29,11,18,中國信託-文心,2024-10-01,6164
2314,台揚,17,0,17,中國信託-文心,2024-10-01,6164
3013,晟銘電,32,16,16,中國信託-文心,2024-10-01,6164
2883,凱基金,16,0,16,中國信託-文心,2024-10-01,6164
1785,光洋科,34,19,15,中國信託-文心,2024-10-01,6164
3419,譁裕,15,0,15,中國信託-文心,2024-10-01,6164
1101,台泥,21,7,14,中國信託-文心,2024-10-01,6164
00638R,元大滬深300反1,14,0,14,中國信託-文心,2024-10-01,6164
1802,台玻,47,33,14,中國信託-文心,2024-10-01,6164
8454,富邦媒,14,0,14,中國信託-文心,2024-10-01,6164
2382,廣達,18,5,13,中國信託-文心,2024-10-01,6164
4123,晟德,17,4,13,中國信託-文心,2024-10-01,6164
2388,威盛,16,3,13,中國信託-文心,2024-10-01,6164
00927,群益半導體收益,14,1,13,中國信託-文心,2024-10-01,6164
00795B,中信美國公債20年,14,1,13,中國信託-文心,2024-10-01,6164
00929,復華台灣科技優息,656,143,513,中國信託-文心,2024-10-04,6164
00919,群益台灣精選高息,596,159,437,中國信託-文心,2024-10-04,6164
00680L,元大美債20正2,380,67,313,中國信託-文心,2024-10-04,6164
00637L,元大滬深300正2,407,164,243,中國信託-文心,2024-10-04,6164
9935,慶豐富,217,2,215,中國信託-文心,2024-10-04,6164
00940,元大台灣價值高息,213,27,186,中國信託-文心,2024-10-04,6164
00725B,國泰投資級公司債,185,0,185,中國信託-文心,2024-10-04,6164
00952,凱基台灣AI50,149,0,149,中國信託-文心,2024-10-04,6164
00673R,期元大S＆P原油反1,117,0,117,中國信託-文心,2024-10-04,6164
0056,元大高股息,196,79,117,中國信託-文心,2024-10-04,6164
00679B,元大美債20年,129,12,117,中國信託-文心,2024-10-04,6164
00878,國泰永續高股息,144,39,105,中國信託-文心,2024-10-04,6164
3234,光環,103,1,102,中國信託-文心,2024-10-04,6164
2610,華航,100,5,95,中國信託-文心,2024-10-04,6164
2615,萬海,99,13,86,中國信託-文心,2024-10-04,6164
00922,國泰台灣領袖50,84,0,84,中國信託-文心,2024-10-04,6164
00712,復華富時不動產,79,3,76,中國信託-文心,2024-10-04,6164
5014,建錩,89,21,68,中國信託-文心,2024-10-04,6164
00687B,國泰20年美債,106,39,67,中國信託-文心,2024-10-04,6164
00688L,國泰20年美債正2,60,0,60,中國信託-文心,2024-10-04,6164
2609,陽明,108,50,58,中國信託-文心,2024-10-04,6164
00720B,元大投資級公司債,58,1,57,中國信託-文心,2024-10-04,6164
00918,大華優利高填息30,76,20,56,中國信託-文心,2024-10-04,6164
4513,福裕,62,7,55,中國信託-文心,2024-10-04,6164
6743,安普新,50,0,50,中國信託-文心,2024-10-04,6164
4174,浩鼎,60,11,49,中國信託-文心,2024-10-04,6164
2618,長榮航,58,9,49,中國信託-文心,2024-10-04,6164
00915,凱基優選高股息30,48,3,45,中國信託-文心,2024-10-04,6164
00830,國泰費城半導體,43,0,43,中國信託-文心,2024-10-04,6164
00713,元大台灣高息低波,44,2,42,中國信託-文心,2024-10-04,6164
2303,聯電,42,1,41,中國信託-文心,2024-10-04,6164
2603,長榮,55,17,38,中國信託-文心,2024-10-04,6164
00881,國泰台灣5G+,34,0,34,中國信託-文心,2024-10-04,6164
00960,野村全球航運龍頭,38,4,34,中國信託-文心,2024-10-04,6164
2498,宏達電,69,35,34,中國信託-文心,2024-10-04,6164
3264,欣銓,36,3,33,中國信託-文心,2024-10-04,6164
00943,兆豐電子高息等權,32,0,32,中國信託-文心,2024-10-04,6164
3540,曜越,32,1,31,中國信託-文心,2024-10-04,6164
2439,美律,28,1,27,中國信託-文心,2024-10-04,6164
2344,華邦電,26,0,26,中國信託-文心,2024-10-04,6164
00634R,富邦上証反1,25,0,25,中國信託-文心,2024-10-04,6164
00690,兆豐藍籌30,25,0,25,中國信託-文心,2024-10-04,6164
00946,群益科技高息成長,29,5,24,中國信託-文心,2024-10-04,6164
00887,永豐中國科技50大,69,46,23,中國信託-文心,2024-10-04,6164
00666R,富邦�琤肭磪齯�1,22,0,22,中國信託-文心,2024-10-04,6164
00753L,中信中國50正2,130,108,22,中國信託-文心,2024-10-04,6164
00930,永豐ESG低碳高息,21,0,21,中國信託-文心,2024-10-04,6164
2368,金像電,22,1,21,中國信託-文心,2024-10-04,6164
00795B,中信美國公債20年,31,10,21,中國信託-文心,2024-10-04,6164
2382,廣達,37,16,21,中國信託-文心,2024-10-04,6164
00882,中信中國高股息,927,340,587,中國信託-文心,2024-10-07,6164
00639,富邦深100,356,2,354,中國信託-文心,2024-10-07,6164
00643,群益深証中小,310,1,309,中國信託-文心,2024-10-07,6164
00950B,凱基A級公司債,262,0,262,中國信託-文心,2024-10-07,6164
00753L,中信中國50正2,473,279,194,中國信託-文心,2024-10-07,6164
00937B,群益ESG投等債20,203,20,183,中國信託-文心,2024-10-07,6164
00878,國泰永續高股息,167,16,151,中國信託-文心,2024-10-07,6164
9935,慶豐富,151,0,151,中國信託-文心,2024-10-07,6164
0056,元大高股息,152,12,140,中國信託-文心,2024-10-07,6164
00680L,元大美債20正2,338,207,131,中國信託-文心,2024-10-07,6164
2888,新光金,150,29,121,中國信託-文心,2024-10-07,6164
00929,復華台灣科技優息,173,54,119,中國信託-文心,2024-10-07,6164
00927,群益半導體收益,102,5,97,中國信託-文心,2024-10-07,6164
00632R,元大台灣50反1,121,33,88,中國信託-文心,2024-10-07,6164
1314,中石化,154,68,86,中國信託-文心,2024-10-07,6164
00650L,復華香港正2,121,35,86,中國信託-文心,2024-10-07,6164
1309,台達化,81,0,81,中國信託-文心,2024-10-07,6164
00830,國泰費城半導體,83,3,80,中國信託-文心,2024-10-07,6164
00725B,國泰投資級公司債,79,1,78,中國信託-文心,2024-10-07,6164
3062,建漢,71,5,66,中國信託-文心,2024-10-07,6164
00795B,中信美國公債20年,64,0,64,中國信託-文心,2024-10-07,6164
00712,復華富時不動產,60,0,60,中國信託-文心,2024-10-07,6164
00752,中信中國50,113,57,56,中國信託-文心,2024-10-07,6164
2515,中工,82,29,53,中國信託-文心,2024-10-07,6164
1815,富喬,88,35,53,中國信託-文心,2024-10-07,6164
00918,大華優利高填息30,46,0,46,中國信託-文心,2024-10-07,6164
00665L,富邦�琤肭磪囓�2,85,40,45,中國信託-文心,2024-10-07,6164
00919,群益台灣精選高息,222,177,45,中國信託-文心,2024-10-07,6164
2812,台中銀,46,2,44,中國信託-文心,2024-10-07,6164
00857B,永豐20年美公債,37,0,37,中國信託-文心,2024-10-07,6164
5014,建錩,45,8,37,中國信託-文心,2024-10-07,6164
00713,元大台灣高息低波,34,0,34,中國信託-文心,2024-10-07,6164
6126,信音,44,13,31,中國信託-文心,2024-10-07,6164
00887,永豐中國科技50大,65,35,30,中國信託-文心,2024-10-07,6164
00922,國泰台灣領袖50,32,3,29,中國信託-文心,2024-10-07,6164
2497,怡利電,33,5,28,中國信託-文心,2024-10-07,6164
2609,陽明,42,15,27,中國信託-文心,2024-10-07,6164
6213,聯茂,27,1,26,中國信託-文心,2024-10-07,6164
5351,鈺創,35,10,25,中國信託-文心,2024-10-07,6164
00655L,國泰中國A50正2,25,0,25,中國信託-文心,2024-10-07,6164
5443,均豪,33,8,25,中國信託-文心,2024-10-07,6164
6830,汎銓,26,2,24,中國信託-文心,2024-10-07,6164
00633L,富邦上証正2,34,11,23,中國信託-文心,2024-10-07,6164
00636,國泰中國A50,48,25,23,中國信託-文心,2024-10-07,6164
3645,達邁,23,0,23,中國信託-文心,2024-10-07,6164
1809,中釉,22,0,22,中國信託-文心,2024-10-07,6164
00673R,期元大S＆P原油反1,22,0,22,中國信託-文心,2024-10-07,6164
8111,立��,87,65,22,中國信託-文心,2024-10-07,6164
3013,晟銘電,32,11,21,中國信託-文心,2024-10-07,6164
1595,川寶,26,5,21,中國信託-文心,2024-10-07,6164
00638R,元大滬深300反1,527,0,527,中國信託-文心,2024-10-08,6164
00637L,元大滬深300正2,775,397,378,中國信託-文心,2024-10-08,6164
0056,元大高股息,298,5,293,中國信託-文心,2024-10-08,6164
00680L,元大美債20正2,318,64,254,中國信託-文心,2024-10-08,6164
00929,復華台灣科技優息,312,84,228,中國信託-文心,2024-10-08,6164
00919,群益台灣精選高息,209,16,193,中國信託-文心,2024-10-08,6164
00725B,國泰投資級公司債,195,10,185,中國信託-文心,2024-10-08,6164
00878,國泰永續高股息,192,32,160,中國信託-文心,2024-10-08,6164
00948B,中信優息投資級債,126,0,126,中國信託-文心,2024-10-08,6164
00753L,中信中國50正2,347,223,124,中國信託-文心,2024-10-08,6164
2399,映泰,274,151,123,中國信託-文心,2024-10-08,6164
00907,永豐優息存股,116,0,116,中國信託-文心,2024-10-08,6164
2888,新光金,117,11,106,中國信託-文心,2024-10-08,6164
00795B,中信美國公債20年,105,0,105,中國信託-文心,2024-10-08,6164
00937B,群益ESG投等債20,278,175,103,中國信託-文心,2024-10-08,6164
00650L,復華香港正2,98,1,97,中國信託-文心,2024-10-08,6164
00934,中信成長高股息,102,20,82,中國信託-文心,2024-10-08,6164
00922,國泰台灣領袖50,76,0,76,中國信託-文心,2024-10-08,6164
2317,鴻海,167,92,75,中國信託-文心,2024-10-08,6164
1736,喬山,74,0,74,中國信託-文心,2024-10-08,6164
00665L,富邦�琤肭磪囓�2,132,60,72,中國信託-文心,2024-10-08,6164
00713,元大台灣高息低波,82,11,71,中國信託-文心,2024-10-08,6164
1815,富喬,85,15,70,中國信託-文心,2024-10-08,6164
00945B,凱基美國非投等債,70,0,70,中國信託-文心,2024-10-08,6164
00712,復華富時不動產,65,2,63,中國信託-文心,2024-10-08,6164
00877,復華中國5G,78,17,61,中國信託-文心,2024-10-08,6164
1314,中石化,58,2,56,中國信託-文心,2024-10-08,6164
00632R,元大台灣50反1,101,46,55,中國信託-文心,2024-10-08,6164
00673R,期元大S＆P原油反1,75,23,52,中國信託-文心,2024-10-08,6164
6207,雷科,86,37,49,中國信託-文心,2024-10-08,6164
00933B,國泰10Y+金融債,45,5,40,中國信託-文心,2024-10-08,6164
00655L,國泰中國A50正2,45,5,40,中國信託-文心,2024-10-08,6164
6743,安普新,50,13,37,中國信託-文心,2024-10-08,6164
2243,宏旭-KY,47,12,35,中國信託-文心,2024-10-08,6164
00940,元大台灣價值高息,55,21,34,中國信託-文心,2024-10-08,6164
4566,時碩工業,42,11,31,中國信託-文心,2024-10-08,6164
6218,豪勉,34,4,30,中國信託-文心,2024-10-08,6164
6830,汎銓,35,6,29,中國信託-文心,2024-10-08,6164
6651,全宇昕,30,1,29,中國信託-文心,2024-10-08,6164
2615,萬海,42,14,28,中國信託-文心,2024-10-08,6164
3481,群創,29,1,28,中國信託-文心,2024-10-08,6164
9907,統一實,28,0,28,中國信託-文心,2024-10-08,6164
00720B,元大投資級公司債,31,3,28,中國信託-文心,2024-10-08,6164
00930,永豐ESG低碳高息,26,0,26,中國信託-文心,2024-10-08,6164
3037,欣興,28,2,26,中國信託-文心,2024-10-08,6164
5443,均豪,61,36,25,中國信託-文心,2024-10-08,6164
00912,中信臺灣智慧50,24,0,24,中國信託-文心,2024-10-08,6164
3306,鼎天,22,0,22,中國信託-文心,2024-10-08,6164
5302,太欣,22,0,22,中國信託-文心,2024-10-08,6164
6269,台郡,21,0,21,中國信託-文心,2024-10-08,6164
00680L,元大美債20正2,201,2,199,中國信託-文心,2024-10-09,6164
9103,美德醫療-DR,184,0,184,中國信託-文心,2024-10-09,6164
0056,元大高股息,185,8,177,中國信託-文心,2024-10-09,6164
1312,國喬,161,0,161,中國信託-文心,2024-10-09,6164
2915,潤泰全,152,0,152,中國信託-文心,2024-10-09,6164
00687B,國泰20年美債,207,98,109,中國信託-文心,2024-10-09,6164
00935,野村臺灣新科技50,100,1,99,中國信託-文心,2024-10-09,6164
1314,中石化,93,1,92,中國信託-文心,2024-10-09,6164
00740B,富邦全球投等債,85,0,85,中國信託-文心,2024-10-09,6164
00632R,元大台灣50反1,111,35,76,中國信託-文心,2024-10-09,6164
00919,群益台灣精選高息,118,44,74,中國信託-文心,2024-10-09,6164
2399,映泰,104,39,65,中國信託-文心,2024-10-09,6164
00937B,群益ESG投等債20,133,68,65,中國信託-文心,2024-10-09,6164
00878,國泰永續高股息,118,55,63,中國信託-文心,2024-10-09,6164
1609,大亞,65,3,62,中國信託-文心,2024-10-09,6164
5460,同協,59,0,59,中國信託-文心,2024-10-09,6164
00753L,中信中國50正2,322,263,59,中國信託-文心,2024-10-09,6164
2376,技嘉,68,13,55,中國信託-文心,2024-10-09,6164
00948B,中信優息投資級債,54,0,54,中國信託-文心,2024-10-09,6164
2888,新光金,57,3,54,中國信託-文心,2024-10-09,6164
00650L,復華香港正2,225,174,51,中國信託-文心,2024-10-09,6164
3545,敦泰,49,0,49,中國信託-文心,2024-10-09,6164
00712,復華富時不動產,48,0,48,中國信託-文心,2024-10-09,6164
9935,慶豐富,46,0,46,中國信託-文心,2024-10-09,6164
3710,連展投控,45,0,45,中國信託-文心,2024-10-09,6164
00688L,國泰20年美債正2,43,0,43,中國信託-文心,2024-10-09,6164
3265,台星科,42,0,42,中國信託-文心,2024-10-09,6164
2002,中鋼,50,11,39,中國信託-文心,2024-10-09,6164
00655L,國泰中國A50正2,54,15,39,中國信託-文心,2024-10-09,6164
00715L,期街口布蘭特正2,39,1,38,中國信託-文心,2024-10-09,6164
00642U,期元大S＆P石油,41,3,38,中國信託-文心,2024-10-09,6164
5443,均豪,85,48,37,中國信託-文心,2024-10-09,6164
3013,晟銘電,119,82,37,中國信託-文心,2024-10-09,6164
00725B,國泰投資級公司債,82,47,35,中國信託-文心,2024-10-09,6164
00945B,凱基美國非投等債,35,0,35,中國信託-文心,2024-10-09,6164
00795B,中信美國公債20年,38,4,34,中國信託-文心,2024-10-09,6164
00751B,元大AAA至A公司債,34,2,32,中國信託-文心,2024-10-09,6164
3615,安可,69,37,32,中國信託-文心,2024-10-09,6164
2515,中工,81,50,31,中國信託-文心,2024-10-09,6164
4564,元翎,30,0,30,中國信託-文心,2024-10-09,6164
2419,仲琦,32,2,30,中國信託-文心,2024-10-09,6164
2442,新美齊,30,0,30,中國信託-文心,2024-10-09,6164
2368,金像電,33,3,30,中國信託-文心,2024-10-09,6164
00922,國泰台灣領袖50,31,2,29,中國信託-文心,2024-10-09,6164
2388,威盛,39,13,26,中國信託-文心,2024-10-09,6164
00900,富邦特選高股息30,29,3,26,中國信託-文心,2024-10-09,6164
1540,喬福,32,7,25,中國信託-文心,2024-10-09,6164
006208,富邦台50,28,4,24,中國信託-文心,2024-10-09,6164
2464,盟立,29,7,22,中國信託-文心,2024-10-09,6164
2618,長榮航,25,4,21,中國信託-文心,2024-10-09,6164
00955,中信日本商社,973,0,973,中國信託-文心,2024-10-11,6164
00918,大華優利高填息30,512,0,512,中國信託-文心,2024-10-11,6164
00665L,富邦�琤肭磪囓�2,437,4,433,中國信託-文心,2024-10-11,6164
00945B,凱基美國非投等債,311,0,311,中國信託-文心,2024-10-11,6164
9935,慶豐富,230,6,224,中國信託-文心,2024-10-11,6164
0056,元大高股息,194,2,192,中國信託-文心,2024-10-11,6164
00680L,元大美債20正2,179,35,144,中國信託-文心,2024-10-11,6164
2867,三商壽,149,5,144,中國信託-文心,2024-10-11,6164
00937B,群益ESG投等債20,168,53,115,中國信託-文心,2024-10-11,6164
00679B,元大美債20年,254,163,91,中國信託-文心,2024-10-11,6164
00882,中信中國高股息,120,30,90,中國信託-文心,2024-10-11,6164
00753L,中信中國50正2,99,19,80,中國信託-文心,2024-10-11,6164
2449,京元電子,126,50,76,中國信託-文心,2024-10-11,6164
00943,兆豐電子高息等權,70,0,70,中國信託-文心,2024-10-11,6164
00919,群益台灣精選高息,110,48,62,中國信託-文心,2024-10-11,6164
00922,國泰台灣領袖50,62,1,61,中國信託-文心,2024-10-11,6164
1316,上曜,60,0,60,中國信託-文心,2024-10-11,6164
00915,凱基優選高股息30,60,1,59,中國信託-文心,2024-10-11,6164
00706L,期元大S＆P日圓正2,58,0,58,中國信託-文心,2024-10-11,6164
00878,國泰永續高股息,98,43,55,中國信託-文心,2024-10-11,6164
00931B,統一美債20年,55,2,53,中國信託-文心,2024-10-11,6164
00725B,國泰投資級公司債,52,0,52,中國信託-文心,2024-10-11,6164
00795B,中信美國公債20年,78,30,48,中國信託-文心,2024-10-11,6164
3163,波若威,88,40,48,中國信託-文心,2024-10-11,6164
2887,台新金,55,7,48,中國信託-文心,2024-10-11,6164
2497,怡利電,52,4,48,中國信託-文心,2024-10-11,6164
2610,華航,45,3,42,中國信託-文心,2024-10-11,6164
3162,精確,58,16,42,中國信託-文心,2024-10-11,6164
6142,友勁,35,0,35,中國信託-文心,2024-10-11,6164
4958,臻鼎-KY,34,1,33,中國信託-文心,2024-10-11,6164
2324,仁寶,40,7,33,中國信託-文心,2024-10-11,6164
2388,威盛,46,13,33,中國信託-文心,2024-10-11,6164
00713,元大台灣高息低波,35,4,31,中國信託-文心,2024-10-11,6164
00655L,國泰中國A50正2,30,1,29,中國信託-文心,2024-10-11,6164
1314,中石化,36,8,28,中國信託-文心,2024-10-11,6164
3149,正達,93,65,28,中國信託-文心,2024-10-11,6164
00632R,元大台灣50反1,162,135,27,中國信託-文心,2024-10-11,6164
3455,由田,26,1,25,中國信託-文心,2024-10-11,6164
00636,國泰中國A50,26,2,24,中國信託-文心,2024-10-11,6164
5438,東友,43,20,23,中國信託-文心,2024-10-11,6164
6967,汎瑋材料,22,0,22,中國信託-文心,2024-10-11,6164
00877,復華中國5G,20,0,20,中國信託-文心,2024-10-11,6164
3013,晟銘電,28,9,19,中國信託-文心,2024-10-11,6164
8064,東捷,25,6,19,中國信託-文心,2024-10-11,6164
00935,野村臺灣新科技50,22,4,18,中國信託-文心,2024-10-11,6164
2363,矽統,97,79,18,中國信託-文心,2024-10-11,6164
00696B,富邦美債20年,33,15,18,中國信託-文心,2024-10-11,6164
8454,富邦媒,18,0,18,中國信託-文心,2024-10-11,6164
00639,富邦深100,22,5,17,中國信託-文心,2024-10-11,6164
00881,國泰台灣5G+,45,28,17,中國信託-文心,2024-10-11,6164
00955,中信日本商社,440,0,440,中國信託-文心,2024-10-14,6164
00680L,元大美債20正2,436,73,363,中國信託-文心,2024-10-14,6164
00887,永豐中國科技50大,313,21,292,中國信託-文心,2024-10-14,6164
1314,中石化,207,1,206,中國信託-文心,2024-10-14,6164
00679B,元大美債20年,261,89,172,中國信託-文心,2024-10-14,6164
1309,台達化,134,0,134,中國信託-文心,2024-10-14,6164
9105,泰金寶-DR,149,36,113,中國信託-文心,2024-10-14,6164
00919,群益台灣精選高息,154,44,110,中國信託-文心,2024-10-14,6164
0056,元大高股息,139,37,102,中國信託-文心,2024-10-14,6164
00637L,元大滬深300正2,312,235,77,中國信託-文心,2024-10-14,6164
00688L,國泰20年美債正2,91,15,76,中國信託-文心,2024-10-14,6164
00878,國泰永續高股息,105,31,74,中國信託-文心,2024-10-14,6164
00937B,群益ESG投等債20,130,60,70,中國信託-文心,2024-10-14,6164
2497,怡利電,106,39,67,中國信託-文心,2024-10-14,6164
2887,台新金,81,14,67,中國信託-文心,2024-10-14,6164
00922,國泰台灣領袖50,64,0,64,中國信託-文心,2024-10-14,6164
00948B,中信優息投資級債,88,24,64,中國信託-文心,2024-10-14,6164
2323,中環,60,6,54,中國信託-文心,2024-10-14,6164
00639,富邦深100,54,5,49,中國信託-文心,2024-10-14,6164
00715L,期街口布蘭特正2,53,6,47,中國信託-文心,2024-10-14,6164
00795B,中信美國公債20年,43,1,42,中國信託-文心,2024-10-14,6164
00912,中信臺灣智慧50,40,0,40,中國信託-文心,2024-10-14,6164
2367,燿華,38,2,36,中國信託-文心,2024-10-14,6164
4142,國光生,31,0,31,中國信託-文心,2024-10-14,6164
00655L,國泰中國A50正2,37,6,31,中國信託-文心,2024-10-14,6164
00905,FT臺灣Smart,32,1,31,中國信託-文心,2024-10-14,6164
3483,力致,30,0,30,中國信託-文心,2024-10-14,6164
00740B,富邦全球投等債,30,0,30,中國信託-文心,2024-10-14,6164
2376,技嘉,30,0,30,中國信託-文心,2024-10-14,6164
2317,鴻海,62,32,30,中國信託-文心,2024-10-14,6164
2867,三商壽,52,23,29,中國信託-文心,2024-10-14,6164
00882,中信中國高股息,79,50,29,中國信託-文心,2024-10-14,6164
00687B,國泰20年美債,231,205,26,中國信託-文心,2024-10-14,6164
3025,星通,39,13,26,中國信託-文心,2024-10-14,6164
00650L,復華香港正2,26,0,26,中國信託-文心,2024-10-14,6164
00665L,富邦�琤肭磪囓�2,31,5,26,中國信託-文心,2024-10-14,6164
4513,福裕,60,34,26,中國信託-文心,2024-10-14,6164
00720B,元大投資級公司債,28,3,25,中國信託-文心,2024-10-14,6164
3284,太普高,29,4,25,中國信託-文心,2024-10-14,6164
5443,均豪,59,36,23,中國信託-文心,2024-10-14,6164
00725B,國泰投資級公司債,21,0,21,中國信託-文心,2024-10-14,6164
2421,建準,34,14,20,中國信託-文心,2024-10-14,6164
3049,精金,45,25,20,中國信託-文心,2024-10-14,6164
2883,凱基金,32,12,20,中國信託-文心,2024-10-14,6164
00932,兆豐永續高息等權,20,0,20,中國信託-文心,2024-10-14,6164
4123,晟德,20,0,20,中國信託-文心,2024-10-14,6164
2303,聯電,23,4,19,中國信託-文心,2024-10-14,6164
2344,華邦電,20,1,19,中國信託-文心,2024-10-14,6164
2426,鼎元,42,24,18,中國信託-文心,2024-10-14,6164
1446,宏和,37,20,17,中國信託-文心,2024-10-14,6164
00665L,富邦�琤肭磪囓�2,605,1,604,中國信託-文心,2024-10-15,6164
00680L,元大美債20正2,618,265,353,中國信託-文心,2024-10-15,6164
1314,中石化,302,26,276,中國信託-文心,2024-10-15,6164
00948B,中信優息投資級債,192,0,192,中國信託-文心,2024-10-15,6164
00650L,復華香港正2,190,1,189,中國信託-文心,2024-10-15,6164
00887,永豐中國科技50大,193,20,173,中國信託-文心,2024-10-15,6164
00753L,中信中國50正2,170,1,169,中國信託-文心,2024-10-15,6164
00688L,國泰20年美債正2,148,0,148,中國信託-文心,2024-10-15,6164
2312,金寶,157,39,118,中國信託-文心,2024-10-15,6164
00937B,群益ESG投等債20,120,4,116,中國信託-文心,2024-10-15,6164
00919,群益台灣精選高息,196,83,113,中國信託-文心,2024-10-15,6164
00878,國泰永續高股息,177,67,110,中國信託-文心,2024-10-15,6164
00882,中信中國高股息,98,1,97,中國信託-文心,2024-10-15,6164
00961,FT臺灣永續高息,96,0,96,中國信託-文心,2024-10-15,6164
00637L,元大滬深300正2,97,30,67,中國信託-文心,2024-10-15,6164
00945B,凱基美國非投等債,66,0,66,中國信託-文心,2024-10-15,6164
00687B,國泰20年美債,95,45,50,中國信託-文心,2024-10-15,6164
00724B,群益投資級金融債,50,0,50,中國信託-文心,2024-10-15,6164
2610,華航,53,4,49,中國信託-文心,2024-10-15,6164
00679B,元大美債20年,67,20,47,中國信託-文心,2024-10-15,6164
00960,野村全球航運龍頭,45,0,45,中國信託-文心,2024-10-15,6164
2367,燿華,50,8,42,中國信託-文心,2024-10-15,6164
1617,榮星,40,0,40,中國信託-文心,2024-10-15,6164
00751B,元大AAA至A公司債,42,8,34,中國信託-文心,2024-10-15,6164
3231,緯創,79,47,32,中國信託-文心,2024-10-15,6164
00752,中信中國50,30,0,30,中國信託-文心,2024-10-15,6164
1802,台玻,30,0,30,中國信託-文心,2024-10-15,6164
00740B,富邦全球投等債,30,0,30,中國信託-文心,2024-10-15,6164
8028,昇陽半導體,72,43,29,中國信託-文心,2024-10-15,6164
4513,福裕,33,4,29,中國信託-文心,2024-10-15,6164
4306,炎洲,29,0,29,中國信託-文心,2024-10-15,6164
2834,臺企銀,50,22,28,中國信託-文心,2024-10-15,6164
3483,力致,47,20,27,中國信託-文心,2024-10-15,6164
00715L,期街口布蘭特正2,131,105,26,中國信託-文心,2024-10-15,6164
00881,國泰台灣5G+,31,6,25,中國信託-文心,2024-10-15,6164
1503,士電,24,1,23,中國信託-文心,2024-10-15,6164
1569,濱川,25,3,22,中國信託-文心,2024-10-15,6164
00905,FT臺灣Smart,21,0,21,中國信託-文心,2024-10-15,6164
3037,欣興,33,12,21,中國信託-文心,2024-10-15,6164
00795B,中信美國公債20年,21,0,21,中國信託-文心,2024-10-15,6164
2497,怡利電,37,17,20,中國信託-文心,2024-10-15,6164
2467,志聖,22,2,20,中國信託-文心,2024-10-15,6164
1785,光洋科,26,6,20,中國信託-文心,2024-10-15,6164
00655L,國泰中國A50正2,19,0,19,中國信託-文心,2024-10-15,6164
3498,陽程,37,19,18,中國信託-文心,2024-10-15,6164
00713,元大台灣高息低波,33,15,18,中國信託-文心,2024-10-15,6164
9921,巨大,17,0,17,中國信託-文心,2024-10-15,6164
00934,中信成長高股息,29,13,16,中國信託-文心,2024-10-15,6164
6789,采鈺,18,2,16,中國信託-文心,2024-10-15,6164
4729,熒茂,21,5,16,中國信託-文心,2024-10-15,6164
00679B,元大美債20年,277,78,199,中國信託-文心,2024-10-16,6164
00922,國泰台灣領袖50,253,59,194,中國信託-文心,2024-10-16,6164
9105,泰金寶-DR,195,35,160,中國信託-文心,2024-10-16,6164
00919,群益台灣精選高息,161,16,145,中國信託-文心,2024-10-16,6164
00887,永豐中國科技50大,155,13,142,中國信託-文心,2024-10-16,6164
00878,國泰永續高股息,182,49,133,中國信託-文心,2024-10-16,6164
00959B,大華投等美債15Y+,160,33,127,中國信託-文心,2024-10-16,6164
2610,華航,135,9,126,中國信託-文心,2024-10-16,6164
0056,元大高股息,202,85,117,中國信託-文心,2024-10-16,6164
00680L,元大美債20正2,161,53,108,中國信託-文心,2024-10-16,6164
00943,兆豐電子高息等權,104,0,104,中國信託-文心,2024-10-16,6164
00637L,元大滬深300正2,189,89,100,中國信託-文心,2024-10-16,6164
00937B,群益ESG投等債20,214,115,99,中國信託-文心,2024-10-16,6164
00830,國泰費城半導體,66,0,66,中國信託-文心,2024-10-16,6164
00941,中信上游半導體,63,0,63,中國信託-文心,2024-10-16,6164
00915,凱基優選高股息30,60,1,59,中國信託-文心,2024-10-16,6164
2867,三商壽,62,10,52,中國信託-文心,2024-10-16,6164
3450,聯鈞,104,52,52,中國信託-文心,2024-10-16,6164
00958B,永豐ESG銀行債15,50,1,49,中國信託-文心,2024-10-16,6164
00726B,國泰新興投等債,40,0,40,中國信託-文心,2024-10-16,6164
3710,連展投控,75,38,37,中國信託-文心,2024-10-16,6164
6425,易發,43,9,34,中國信託-文心,2024-10-16,6164
00905,FT臺灣Smart,60,27,33,中國信託-文心,2024-10-16,6164
3711,日月光投控,41,9,32,中國信託-文心,2024-10-16,6164
1721,三晃,37,5,32,中國信託-文心,2024-10-16,6164
006208,富邦台50,46,15,31,中國信託-文心,2024-10-16,6164
00725B,國泰投資級公司債,35,4,31,中國信託-文心,2024-10-16,6164
00688L,國泰20年美債正2,35,4,31,中國信託-文心,2024-10-16,6164
2891,中信金,46,15,31,中國信託-文心,2024-10-16,6164
00665L,富邦�琤肭磪囓�2,44,14,30,中國信託-文心,2024-10-16,6164
3230,錦明,30,1,29,中國信託-文心,2024-10-16,6164
4979,華星光,52,23,29,中國信託-文心,2024-10-16,6164
00960,野村全球航運龍頭,27,0,27,中國信託-文心,2024-10-16,6164
00945B,凱基美國非投等債,26,0,26,中國信託-文心,2024-10-16,6164
00715L,期街口布蘭特正2,28,3,25,中國信託-文心,2024-10-16,6164
2887,台新金,24,0,24,中國信託-文心,2024-10-16,6164
2023,燁輝,23,0,23,中國信託-文心,2024-10-16,6164
1540,喬福,37,15,22,中國信託-文心,2024-10-16,6164
00961,FT臺灣永續高息,22,0,22,中國信託-文心,2024-10-16,6164
9935,慶豐富,22,0,22,中國信託-文心,2024-10-16,6164
2330,台積電,68,47,21,中國信託-文心,2024-10-16,6164
2883,凱基金,26,5,21,中國信託-文心,2024-10-16,6164
2313,華通,51,30,21,中國信託-文心,2024-10-16,6164
00713,元大台灣高息低波,23,3,20,中國信託-文心,2024-10-16,6164
2634,漢翔,21,1,20,中國信託-文心,2024-10-16,6164
00901,永豐智能車供應鏈,20,0,20,中國信託-文心,2024-10-16,6164
00740B,富邦全球投等債,20,0,20,中國信託-文心,2024-10-16,6164
2303,聯電,21,1,20,中國信託-文心,2024-10-16,6164
00687B,國泰20年美債,70,51,19,中國信託-文心,2024-10-16,6164
1736,喬山,17,0,17,中國信託-文心,2024-10-16,6164
00937B,群益ESG投等債20,1185,73,1112,中國信託-文心,2024-10-17,6164
00887,永豐中國科技50大,321,10,311,中國信託-文心,2024-10-17,6164
0056,元大高股息,266,20,246,中國信託-文心,2024-10-17,6164
00933B,國泰10Y+金融債,143,0,143,中國信託-文心,2024-10-17,6164
00941,中信上游半導體,104,0,104,中國信託-文心,2024-10-17,6164
00643,群益深証中小,86,2,84,中國信託-文心,2024-10-17,6164
2883,凱基金,106,27,79,中國信託-文心,2024-10-17,6164
2515,中工,63,0,63,中國信託-文心,2024-10-17,6164
00900,富邦特選高股息30,66,4,62,中國信託-文心,2024-10-17,6164
00665L,富邦�琤肭磪囓�2,109,47,62,中國信託-文心,2024-10-17,6164
3062,建漢,102,49,53,中國信託-文心,2024-10-17,6164
1314,中石化,84,31,53,中國信託-文心,2024-10-17,6164
006207,復華滬深,48,0,48,中國信託-文心,2024-10-17,6164
3209,全科,59,13,46,中國信託-文心,2024-10-17,6164
3481,群創,83,37,46,中國信託-文心,2024-10-17,6164
5202,力新,43,3,40,中國信託-文心,2024-10-17,6164
1528,恩德,79,39,40,中國信託-文心,2024-10-17,6164
00919,群益台灣精選高息,60,21,39,中國信託-文心,2024-10-17,6164
00687B,國泰20年美債,80,41,39,中國信託-文心,2024-10-17,6164
2399,映泰,121,84,37,中國信託-文心,2024-10-17,6164
006208,富邦台50,36,1,35,中國信託-文心,2024-10-17,6164
6143,振曜,31,0,31,中國信託-文心,2024-10-17,6164
00637L,元大滬深300正2,46,16,30,中國信託-文心,2024-10-17,6164
00753L,中信中國50正2,65,35,30,中國信託-文心,2024-10-17,6164
2618,長榮航,51,23,28,中國信託-文心,2024-10-17,6164
00922,國泰台灣領袖50,90,64,26,中國信託-文心,2024-10-17,6164
1815,富喬,26,1,25,中國信託-文心,2024-10-17,6164
00688L,國泰20年美債正2,22,0,22,中國信託-文心,2024-10-17,6164
6625,必應,21,0,21,中國信託-文心,2024-10-17,6164
5328,華容,20,0,20,中國信託-文心,2024-10-17,6164
00882,中信中國高股息,24,4,20,中國信託-文心,2024-10-17,6164
6133,金橋,23,4,19,中國信託-文心,2024-10-17,6164
00830,國泰費城半導體,21,2,19,中國信託-文心,2024-10-17,6164
00905,FT臺灣Smart,17,0,17,中國信託-文心,2024-10-17,6164
2890,永豐金,21,5,16,中國信託-文心,2024-10-17,6164
6156,松上,26,10,16,中國信託-文心,2024-10-17,6164
00636,國泰中國A50,16,0,16,中國信託-文心,2024-10-17,6164
2330,台積電,25,9,16,中國信託-文心,2024-10-17,6164
3011,今皓,69,54,15,中國信託-文心,2024-10-17,6164
3265,台星科,16,1,15,中國信託-文心,2024-10-17,6164
3038,全台,15,0,15,中國信託-文心,2024-10-17,6164
00795B,中信美國公債20年,14,0,14,中國信託-文心,2024-10-17,6164
6658,聯策,32,19,13,中國信託-文心,2024-10-17,6164
00655L,國泰中國A50正2,12,0,12,中國信託-文心,2024-10-17,6164
006206,元大上證50,12,0,12,中國信託-文心,2024-10-17,6164
00632R,元大台灣50反1,19,7,12,中國信託-文心,2024-10-17,6164
1539,巨庭,18,6,12,中國信託-文心,2024-10-17,6164
2543,皇昌,34,22,12,中國信託-文心,2024-10-17,6164
8034,榮群,11,0,11,中國信託-文心,2024-10-17,6164
00946,群益科技高息成長,11,0,11,中國信託-文心,2024-10-17,6164
00959B,大華投等美債15Y+,706,20,686,中國信託-文心,2024-10-18,6164
00937B,群益ESG投等債20,656,22,634,中國信託-文心,2024-10-18,6164
00948B,中信優息投資級債,661,44,617,中國信託-文心,2024-10-18,6164
00679B,元大美債20年,309,15,294,中國信託-文心,2024-10-18,6164
00687B,國泰20年美債,214,32,182,中國信託-文心,2024-10-18,6164
1314,中石化,170,7,163,中國信託-文心,2024-10-18,6164
00919,群益台灣精選高息,248,88,160,中國信託-文心,2024-10-18,6164
00933B,國泰10Y+金融債,155,0,155,中國信託-文心,2024-10-18,6164
2303,聯電,116,6,110,中國信託-文心,2024-10-18,6164
00725B,國泰投資級公司債,106,0,106,中國信託-文心,2024-10-18,6164
00950B,凱基A級公司債,126,20,106,中國信託-文心,2024-10-18,6164
0056,元大高股息,181,84,97,中國信託-文心,2024-10-18,6164
3013,晟銘電,202,128,74,中國信託-文心,2024-10-18,6164
00887,永豐中國科技50大,93,23,70,中國信託-文心,2024-10-18,6164
2615,萬海,73,10,63,中國信託-文心,2024-10-18,6164
00795B,中信美國公債20年,48,0,48,中國信託-文心,2024-10-18,6164
00941,中信上游半導體,44,2,42,中國信託-文心,2024-10-18,6164
3489,森寶,40,0,40,中國信託-文心,2024-10-18,6164
00945B,凱基美國非投等債,40,0,40,中國信託-文心,2024-10-18,6164
8034,榮群,38,0,38,中國信託-文心,2024-10-18,6164
1540,喬福,149,114,35,中國信託-文心,2024-10-18,6164
5347,世界,33,1,32,中國信託-文心,2024-10-18,6164
9935,慶豐富,32,1,31,中國信託-文心,2024-10-18,6164
9105,泰金寶-DR,42,12,30,中國信託-文心,2024-10-18,6164
00922,國泰台灣領袖50,40,10,30,中國信託-文心,2024-10-18,6164
2449,京元電子,62,33,29,中國信託-文心,2024-10-18,6164
00712,復華富時不動產,38,10,28,中國信託-文心,2024-10-18,6164
2356,英業達,38,10,28,中國信託-文心,2024-10-18,6164
1785,光洋科,89,64,25,中國信託-文心,2024-10-18,6164
8104,錸寶,24,0,24,中國信託-文心,2024-10-18,6164
2467,志聖,28,5,23,中國信託-文心,2024-10-18,6164
00942B,台新美A公司債20+,23,0,23,中國信託-文心,2024-10-18,6164
2374,佳能,46,24,22,中國信託-文心,2024-10-18,6164
3036,文曄,24,2,22,中國信託-文心,2024-10-18,6164
2421,建準,41,19,22,中國信託-文心,2024-10-18,6164
00753L,中信中國50正2,63,42,21,中國信託-文心,2024-10-18,6164
4562,穎漢,120,99,21,中國信託-文心,2024-10-18,6164
2367,燿華,23,3,20,中國信託-文心,2024-10-18,6164
2524,京城,20,0,20,中國信託-文心,2024-10-18,6164
00720B,元大投資級公司債,29,10,19,中國信託-文心,2024-10-18,6164
9958,世紀鋼,37,18,19,中國信託-文心,2024-10-18,6164
00900,富邦特選高股息30,22,4,18,中國信託-文心,2024-10-18,6164
00740B,富邦全球投等債,17,0,17,中國信託-文心,2024-10-18,6164
00688L,國泰20年美債正2,37,20,17,中國信託-文心,2024-10-18,6164
00912,中信臺灣智慧50,18,1,17,中國信託-文心,2024-10-18,6164
2388,威盛,17,1,16,中國信託-文心,2024-10-18,6164
2383,台光電,18,3,15,中國信託-文心,2024-10-18,6164
2408,南亞科,16,1,15,中國信託-文心,2024-10-18,6164
3591,艾笛森,15,0,15,中國信託-文心,2024-10-18,6164
00715L,期街口布蘭特正2,14,0,14,中國信託-文心,2024-10-18,6164
00887,永豐中國科技50大,1191,113,1078,中國信託-文心,2024-10-21,6164
00937B,群益ESG投等債20,974,25,949,中國信託-文心,2024-10-21,6164
00927,群益半導體收益,268,5,263,中國信託-文心,2024-10-21,6164
00945B,凱基美國非投等債,246,0,246,中國信託-文心,2024-10-21,6164
2883,凱基金,239,14,225,中國信託-文心,2024-10-21,6164
00948B,中信優息投資級債,275,64,211,中國信託-文心,2024-10-21,6164
00687B,國泰20年美債,232,38,194,中國信託-文心,2024-10-21,6164
00637L,元大滬深300正2,208,22,186,中國信託-文心,2024-10-21,6164
00679B,元大美債20年,218,41,177,中國信託-文心,2024-10-21,6164
00929,復華台灣科技優息,248,80,168,中國信託-文心,2024-10-21,6164
00950B,凱基A級公司債,182,20,162,中國信託-文心,2024-10-21,6164
00753L,中信中國50正2,182,26,156,中國信託-文心,2024-10-21,6164
00933B,國泰10Y+金融債,161,20,141,中國信託-文心,2024-10-21,6164
2881,富邦金,139,5,134,中國信託-文心,2024-10-21,6164
2884,玉山金,116,2,114,中國信託-文心,2024-10-21,6164
2303,聯電,115,6,109,中國信託-文心,2024-10-21,6164
1312,國喬,100,1,99,中國信託-文心,2024-10-21,6164
00715L,期街口布蘭特正2,92,0,92,中國信託-文心,2024-10-21,6164
2891,中信金,123,41,82,中國信託-文心,2024-10-21,6164
006208,富邦台50,95,15,80,中國信託-文心,2024-10-21,6164
00725B,國泰投資級公司債,77,0,77,中國信託-文心,2024-10-21,6164
00959B,大華投等美債15Y+,78,15,63,中國信託-文心,2024-10-21,6164
8411,福貞-KY,60,0,60,中國信託-文心,2024-10-21,6164
00720B,元大投資級公司債,61,1,60,中國信託-文心,2024-10-21,6164
00915,凱基優選高股息30,72,14,58,中國信託-文心,2024-10-21,6164
00878,國泰永續高股息,77,19,58,中國信託-文心,2024-10-21,6164
8028,昇陽半導體,112,61,51,中國信託-文心,2024-10-21,6164
3055,蔚華科,60,11,49,中國信託-文心,2024-10-21,6164
00719B,元大美債1-3,40,0,40,中國信託-文心,2024-10-21,6164
00632R,元大台灣50反1,74,35,39,中國信託-文心,2024-10-21,6164
4510,高鋒,65,30,35,中國信託-文心,2024-10-21,6164
00795B,中信美國公債20年,34,1,33,中國信託-文心,2024-10-21,6164
00646,元大S＆P500,33,0,33,中國信託-文心,2024-10-21,6164
00751B,元大AAA至A公司債,30,0,30,中國信託-文心,2024-10-21,6164
6126,信音,33,3,30,中國信託-文心,2024-10-21,6164
2634,漢翔,32,3,29,中國信託-文心,2024-10-21,6164
2332,友訊,31,2,29,中國信託-文心,2024-10-21,6164
00665L,富邦�琤肭磪囓�2,31,3,28,中國信託-文心,2024-10-21,6164
0050,元大台灣50,34,6,28,中國信託-文心,2024-10-21,6164
2882,國泰金,27,1,26,中國信託-文心,2024-10-21,6164
2363,矽統,101,76,25,中國信託-文心,2024-10-21,6164
9935,慶豐富,26,1,25,中國信託-文心,2024-10-21,6164
00650L,復華香港正2,25,0,25,中國信託-文心,2024-10-21,6164
00643,群益深証中小,25,1,24,中國信託-文心,2024-10-21,6164
00688L,國泰20年美債正2,22,0,22,中國信託-文心,2024-10-21,6164
00639,富邦深100,24,2,22,中國信託-文心,2024-10-21,6164
3230,錦明,20,0,20,中國信託-文心,2024-10-21,6164
3710,連展投控,26,6,20,中國信託-文心,2024-10-21,6164
2890,永豐金,20,0,20,中國信託-文心,2024-10-21,6164
00935,野村臺灣新科技50,26,6,20,中國信託-文心,2024-10-21,6164
00937B,群益ESG投等債20,1816,206,1610,中國信託-文心,2024-10-22,6164
00948B,中信優息投資級債,1527,169,1358,中國信託-文心,2024-10-22,6164
00679B,元大美債20年,860,84,776,中國信託-文心,2024-10-22,6164
00680L,元大美債20正2,416,169,247,中國信託-文心,2024-10-22,6164
00950B,凱基A級公司債,248,32,216,中國信託-文心,2024-10-22,6164
2883,凱基金,204,10,194,中國信託-文心,2024-10-22,6164
00637L,元大滬深300正2,254,84,170,中國信託-文心,2024-10-22,6164
00933B,國泰10Y+金融債,168,5,163,中國信託-文心,2024-10-22,6164
8064,東捷,186,44,142,中國信託-文心,2024-10-22,6164
00795B,中信美國公債20年,129,5,124,中國信託-文心,2024-10-22,6164
00959B,大華投等美債15Y+,120,0,120,中國信託-文心,2024-10-22,6164
00751B,元大AAA至A公司債,111,0,111,中國信託-文心,2024-10-22,6164
00929,復華台灣科技優息,158,51,107,中國信託-文心,2024-10-22,6164
00712,復華富時不動產,102,0,102,中國信託-文心,2024-10-22,6164
00905,FT臺灣Smart,106,5,101,中國信託-文心,2024-10-22,6164
00953B,群益優選非投等債,100,0,100,中國信託-文心,2024-10-22,6164
00688L,國泰20年美債正2,162,85,77,中國信託-文心,2024-10-22,6164
2543,皇昌,70,6,64,中國信託-文心,2024-10-22,6164
00887,永豐中國科技50大,114,51,63,中國信託-文心,2024-10-22,6164
006208,富邦台50,66,5,61,中國信託-文心,2024-10-22,6164
1314,中石化,67,8,59,中國信託-文心,2024-10-22,6164
00725B,國泰投資級公司債,57,0,57,中國信託-文心,2024-10-22,6164
00878,國泰永續高股息,67,14,53,中國信託-文心,2024-10-22,6164
3710,連展投控,53,0,53,中國信託-文心,2024-10-22,6164
1718,中纖,50,0,50,中國信託-文心,2024-10-22,6164
9935,慶豐富,49,0,49,中國信託-文心,2024-10-22,6164
00706L,期元大S＆P日圓正2,46,0,46,中國信託-文心,2024-10-22,6164
00941,中信上游半導體,52,7,45,中國信託-文心,2024-10-22,6164
9105,泰金寶-DR,52,7,45,中國信託-文心,2024-10-22,6164
2312,金寶,69,25,44,中國信託-文心,2024-10-22,6164
3535,晶彩科,64,23,41,中國信託-文心,2024-10-22,6164
8411,福貞-KY,40,0,40,中國信託-文心,2024-10-22,6164
2467,志聖,37,1,36,中國信託-文心,2024-10-22,6164
2388,威盛,45,10,35,中國信託-文心,2024-10-22,6164
4729,熒茂,55,21,34,中國信託-文心,2024-10-22,6164
2615,萬海,68,35,33,中國信託-文心,2024-10-22,6164
0050,元大台灣50,41,9,32,中國信託-文心,2024-10-22,6164
6207,雷科,33,3,30,中國信託-文心,2024-10-22,6164
3615,安可,180,150,30,中國信託-文心,2024-10-22,6164
1312,國喬,30,0,30,中國信託-文心,2024-10-22,6164
2495,普安,41,12,29,中國信託-文心,2024-10-22,6164
3055,蔚華科,30,1,29,中國信託-文心,2024-10-22,6164
8043,蜜望實,63,35,28,中國信託-文心,2024-10-22,6164
1905,華紙,27,0,27,中國信託-文心,2024-10-22,6164
2363,矽統,71,46,25,中國信託-文心,2024-10-22,6164
6127,九豪,27,2,25,中國信託-文心,2024-10-22,6164
3354,律勝,82,57,25,中國信託-文心,2024-10-22,6164
1446,宏和,25,0,25,中國信託-文心,2024-10-22,6164
2344,華邦電,23,0,23,中國信託-文心,2024-10-22,6164
2887,台新金,25,3,22,中國信託-文心,2024-10-22,6164
00937B,群益ESG投等債20,571,63,508,中國信託-文心,2024-10-23,6164
00680L,元大美債20正2,380,9,371,中國信託-文心,2024-10-23,6164
00938,凱基優選30,230,0,230,中國信託-文心,2024-10-23,6164
00948B,中信優息投資級債,195,0,195,中國信託-文心,2024-10-23,6164
00679B,元大美債20年,204,15,189,中國信託-文心,2024-10-23,6164
00687B,國泰20年美債,235,64,171,中國信託-文心,2024-10-23,6164
3481,群創,232,74,158,中國信託-文心,2024-10-23,6164
00725B,國泰投資級公司債,136,0,136,中國信託-文心,2024-10-23,6164
00929,復華台灣科技優息,168,43,125,中國信託-文心,2024-10-23,6164
00712,復華富時不動產,111,1,110,中國信託-文心,2024-10-23,6164
00637L,元大滬深300正2,132,27,105,中國信託-文心,2024-10-23,6164
6770,力積電,100,9,91,中國信託-文心,2024-10-23,6164
00959B,大華投等美債15Y+,83,0,83,中國信託-文心,2024-10-23,6164
00878,國泰永續高股息,118,38,80,中國信託-文心,2024-10-23,6164
6163,華電網,77,0,77,中國信託-文心,2024-10-23,6164
2543,皇昌,78,2,76,中國信託-文心,2024-10-23,6164
00664R,國泰臺灣加權反1,70,0,70,中國信託-文心,2024-10-23,6164
0050,元大台灣50,62,0,62,中國信託-文心,2024-10-23,6164
00887,永豐中國科技50大,63,2,61,中國信託-文心,2024-10-23,6164
2369,菱生,92,32,60,中國信託-文心,2024-10-23,6164
00934,中信成長高股息,54,0,54,中國信託-文心,2024-10-23,6164
0056,元大高股息,85,31,54,中國信託-文心,2024-10-23,6164
8411,福貞-KY,50,0,50,中國信託-文心,2024-10-23,6164
2303,聯電,53,4,49,中國信託-文心,2024-10-23,6164
6151,晉倫,141,97,44,中國信託-文心,2024-10-23,6164
2317,鴻海,86,44,42,中國信託-文心,2024-10-23,6164
00720B,元大投資級公司債,42,0,42,中國信託-文心,2024-10-23,6164
2883,凱基金,41,1,40,中國信託-文心,2024-10-23,6164
2887,台新金,37,0,37,中國信託-文心,2024-10-23,6164
1513,中興電,39,5,34,中國信託-文心,2024-10-23,6164
00905,FT臺灣Smart,41,13,28,中國信託-文心,2024-10-23,6164
1314,中石化,36,8,28,中國信託-文心,2024-10-23,6164
1735,日勝化,29,1,28,中國信託-文心,2024-10-23,6164
3013,晟銘電,86,58,28,中國信託-文心,2024-10-23,6164
2374,佳能,35,8,27,中國信託-文心,2024-10-23,6164
3489,森寶,26,0,26,中國信託-文心,2024-10-23,6164
6104,創惟,40,15,25,中國信託-文心,2024-10-23,6164
2540,愛山林,28,3,25,中國信託-文心,2024-10-23,6164
2881,富邦金,25,1,24,中國信託-文心,2024-10-23,6164
2329,華泰,76,52,24,中國信託-文心,2024-10-23,6164
2867,三商壽,23,0,23,中國信託-文心,2024-10-23,6164
00933B,國泰10Y+金融債,122,100,22,中國信託-文心,2024-10-23,6164
00922,國泰台灣領袖50,21,0,21,中國信託-文心,2024-10-23,6164
3189,景碩,30,10,20,中國信託-文心,2024-10-23,6164
00877,復華中國5G,20,0,20,中國信託-文心,2024-10-23,6164
00646,元大S＆P500,20,0,20,中國信託-文心,2024-10-23,6164
5488,松普,20,0,20,中國信託-文心,2024-10-23,6164
6457,紘康,20,0,20,中國信託-文心,2024-10-23,6164
3036,文曄,20,0,20,中國信託-文心,2024-10-23,6164
006208,富邦台50,21,1,20,中國信託-文心,2024-10-23,6164
00937B,群益ESG投等債20,251,42,209,中國信託-文心,2024-10-24,6164
0056,元大高股息,198,16,182,中國信託-文心,2024-10-24,6164
00688L,國泰20年美債正2,180,16,164,中國信託-文心,2024-10-24,6164
00919,群益台灣精選高息,173,13,160,中國信託-文心,2024-10-24,6164
00933B,國泰10Y+金融債,121,0,121,中國信託-文心,2024-10-24,6164
00929,復華台灣科技優息,142,46,96,中國信託-文心,2024-10-24,6164
00948B,中信優息投資級債,75,0,75,中國信託-文心,2024-10-24,6164
00878,國泰永續高股息,98,24,74,中國信託-文心,2024-10-24,6164
2881,富邦金,71,4,67,中國信託-文心,2024-10-24,6164
3062,建漢,67,2,65,中國信託-文心,2024-10-24,6164
0050,元大台灣50,64,3,61,中國信託-文心,2024-10-24,6164
00632R,元大台灣50反1,125,67,58,中國信託-文心,2024-10-24,6164
00960,野村全球航運龍頭,50,0,50,中國信託-文心,2024-10-24,6164
00950B,凱基A級公司債,50,0,50,中國信託-文心,2024-10-24,6164
8411,福貞-KY,50,0,50,中國信託-文心,2024-10-24,6164
3025,星通,52,4,48,中國信託-文心,2024-10-24,6164
00959B,大華投等美債15Y+,47,0,47,中國信託-文心,2024-10-24,6164
00712,復華富時不動產,50,4,46,中國信託-文心,2024-10-24,6164
00637L,元大滬深300正2,113,68,45,中國信託-文心,2024-10-24,6164
00646,元大S＆P500,45,0,45,中國信託-文心,2024-10-24,6164
2317,鴻海,110,66,44,中國信託-文心,2024-10-24,6164
00927,群益半導體收益,40,0,40,中國信託-文心,2024-10-24,6164
6143,振曜,40,0,40,中國信託-文心,2024-10-24,6164
00680L,元大美債20正2,77,37,40,中國信託-文心,2024-10-24,6164
006208,富邦台50,41,1,40,中國信託-文心,2024-10-24,6164
00938,凱基優選30,39,0,39,中國信託-文心,2024-10-24,6164
2883,凱基金,39,2,37,中國信託-文心,2024-10-24,6164
2388,威盛,66,29,37,中國信託-文心,2024-10-24,6164
00892,富邦台灣半導體,32,0,32,中國信託-文心,2024-10-24,6164
2486,一詮,49,18,31,中國信託-文心,2024-10-24,6164
3167,大量,89,59,30,中國信託-文心,2024-10-24,6164
00932,兆豐永續高息等權,30,0,30,中國信託-文心,2024-10-24,6164
00679B,元大美債20年,45,15,30,中國信託-文心,2024-10-24,6164
00687B,國泰20年美債,74,45,29,中國信託-文心,2024-10-24,6164
6763,綠界科技*,37,8,29,中國信託-文心,2024-10-24,6164
5243,乙盛-KY,44,15,29,中國信託-文心,2024-10-24,6164
00934,中信成長高股息,28,1,27,中國信託-文心,2024-10-24,6164
00905,FT臺灣Smart,27,0,27,中國信託-文心,2024-10-24,6164
00662,富邦NASDAQ,26,0,26,中國信託-文心,2024-10-24,6164
4772,台特化,26,0,26,中國信託-文心,2024-10-24,6164
2382,廣達,49,24,25,中國信託-文心,2024-10-24,6164
3019,亞光,32,7,25,中國信託-文心,2024-10-24,6164
00857B,永豐20年美公債,25,0,25,中國信託-文心,2024-10-24,6164
00753L,中信中國50正2,130,105,25,中國信託-文心,2024-10-24,6164
00665L,富邦�琤肭磪囓�2,35,10,25,中國信託-文心,2024-10-24,6164
2887,台新金,24,0,24,中國信託-文心,2024-10-24,6164
4716,大立,68,45,23,中國信託-文心,2024-10-24,6164
2303,聯電,43,21,22,中國信託-文心,2024-10-24,6164
9935,慶豐富,22,1,21,中國信託-文心,2024-10-24,6164
3372,典範,29,9,20,中國信託-文心,2024-10-24,6164
00680L,元大美債20正2,392,72,320,中國信託-文心,2024-10-25,6164
9105,泰金寶-DR,299,5,294,中國信託-文心,2024-10-25,6164
00688L,國泰20年美債正2,219,0,219,中國信託-文心,2024-10-25,6164
00753L,中信中國50正2,203,5,198,中國信託-文心,2024-10-25,6164
2409,友達,201,4,197,中國信託-文心,2024-10-25,6164
00937B,群益ESG投等債20,176,1,175,中國信託-文心,2024-10-25,6164
3264,欣銓,145,10,135,中國信託-文心,2024-10-25,6164
00929,復華台灣科技優息,155,35,120,中國信託-文心,2024-10-25,6164
00933B,國泰10Y+金融債,120,1,119,中國信託-文心,2024-10-25,6164
00915,凱基優選高股息30,119,0,119,中國信託-文心,2024-10-25,6164
00637L,元大滬深300正2,148,43,105,中國信託-文心,2024-10-25,6164
2646,星宇航空,255,173,82,中國信託-文心,2024-10-25,6164
00959B,大華投等美債15Y+,77,0,77,中國信託-文心,2024-10-25,6164
00687B,國泰20年美債,98,29,69,中國信託-文心,2024-10-25,6164
00931B,統一美債20年,66,1,65,中國信託-文心,2024-10-25,6164
00950B,凱基A級公司債,59,0,59,中國信託-文心,2024-10-25,6164
2374,佳能,64,7,57,中國信託-文心,2024-10-25,6164
00927,群益半導體收益,54,0,54,中國信託-文心,2024-10-25,6164
00679B,元大美債20年,83,31,52,中國信託-文心,2024-10-25,6164
00632R,元大台灣50反1,50,1,49,中國信託-文心,2024-10-25,6164
00662,富邦NASDAQ,45,0,45,中國信託-文心,2024-10-25,6164
1101,台泥,41,1,40,中國信託-文心,2024-10-25,6164
2303,聯電,41,6,35,中國信託-文心,2024-10-25,6164
2891,中信金,103,69,34,中國信託-文心,2024-10-25,6164
2542,興富發,54,19,35,中國信託-文心,2024-10-25,6164
2363,矽統,55,23,32,中國信託-文心,2024-10-25,6164
2515,中工,29,0,29,中國信託-文心,2024-10-25,6164
00951,台新日本半導體,28,0,28,中國信託-文心,2024-10-25,6164
4726,永昕,30,4,26,中國信託-文心,2024-10-25,6164
0056,元大高股息,54,29,25,中國信託-文心,2024-10-25,6164
2495,普安,139,114,25,中國信託-文心,2024-10-25,6164
00938,凱基優選30,25,0,25,中國信託-文心,2024-10-25,6164
4919,新唐,100,76,24,中國信託-文心,2024-10-25,6164
3710,連展投控,24,0,24,中國信託-文心,2024-10-25,6164
6126,信音,28,4,24,中國信託-文心,2024-10-25,6164
2337,旺宏,25,2,23,中國信託-文心,2024-10-25,6164
3290,東浦,42,19,23,中國信託-文心,2024-10-25,6164
00941,中信上游半導體,25,2,23,中國信託-文心,2024-10-25,6164
00713,元大台灣高息低波,27,4,23,中國信託-文心,2024-10-25,6164
6770,力積電,42,21,21,中國信託-文心,2024-10-25,6164
1314,中石化,23,2,21,中國信託-文心,2024-10-25,6164
1301,台塑,22,2,20,中國信託-文心,2024-10-25,6164
00715L,期街口布蘭特正2,20,0,20,中國信託-文心,2024-10-25,6164
6246,臺龍,37,17,20,中國信託-文心,2024-10-25,6164
00696B,富邦美債20年,20,0,20,中國信託-文心,2024-10-25,6164
00919,群益台灣精選高息,33,14,19,中國信託-文心,2024-10-25,6164
3663,鑫科,33,15,18,中國信託-文心,2024-10-25,6164
6457,紘康,19,1,18,中國信託-文心,2024-10-25,6164
2883,凱基金,29,12,17,中國信託-文心,2024-10-25,6164
3019,亞光,35,18,17,中國信託-文心,2024-10-25,6164
00937B,群益ESG投等債20,445,114,331,中國信託-文心,2024-10-28,6164
2886,兆豐金,300,6,294,中國信託-文心,2024-10-28,6164
2646,星宇航空,256,91,165,中國信託-文心,2024-10-28,6164
00679B,元大美債20年,166,7,159,中國信託-文心,2024-10-28,6164
00933B,國泰10Y+金融債,124,0,124,中國信託-文心,2024-10-28,6164
3264,欣銓,121,1,120,中國信託-文心,2024-10-28,6164
00948B,中信優息投資級債,98,11,87,中國信託-文心,2024-10-28,6164
00958B,永豐ESG銀行債15,100,20,80,中國信託-文心,2024-10-28,6164
00712,復華富時不動產,72,0,72,中國信託-文心,2024-10-28,6164
00959B,大華投等美債15Y+,66,0,66,中國信託-文心,2024-10-28,6164
2303,聯電,63,1,62,中國信託-文心,2024-10-28,6164
00688L,國泰20年美債正2,211,150,61,中國信託-文心,2024-10-28,6164
00687B,國泰20年美債,88,34,54,中國信託-文心,2024-10-28,6164
00795B,中信美國公債20年,55,2,53,中國信託-文心,2024-10-28,6164
00720B,元大投資級公司債,53,0,53,中國信託-文心,2024-10-28,6164
3715,定穎投控,68,16,52,中國信託-文心,2024-10-28,6164
00725B,國泰投資級公司債,49,0,49,中國信託-文心,2024-10-28,6164
1528,恩德,80,31,49,中國信託-文心,2024-10-28,6164
00706L,期元大S＆P日圓正2,46,0,46,中國信託-文心,2024-10-28,6164
2429,銘旺科,45,0,45,中國信託-文心,2024-10-28,6164
2368,金像電,46,8,38,中國信託-文心,2024-10-28,6164
00929,復華台灣科技優息,122,84,38,中國信託-文心,2024-10-28,6164
0056,元大高股息,63,26,37,中國信託-文心,2024-10-28,6164
3710,連展投控,40,8,32,中國信託-文心,2024-10-28,6164
2388,威盛,38,8,30,中國信託-文心,2024-10-28,6164
2801,彰銀,26,0,26,中國信託-文心,2024-10-28,6164
00919,群益台灣精選高息,86,60,26,中國信託-文心,2024-10-28,6164
9105,泰金寶-DR,40,14,26,中國信託-文心,2024-10-28,6164
2376,技嘉,26,4,22,中國信託-文心,2024-10-28,6164
2867,三商壽,25,5,20,中國信託-文心,2024-10-28,6164
6658,聯策,28,8,20,中國信託-文心,2024-10-28,6164
006208,富邦台50,22,3,19,中國信託-文心,2024-10-28,6164
6288,聯嘉,156,138,18,中國信託-文心,2024-10-28,6164
2601,益航,18,0,18,中國信託-文心,2024-10-28,6164
2349,錸德,23,5,18,中國信託-文心,2024-10-28,6164
4142,國光生,18,0,18,中國信託-文心,2024-10-28,6164
8249,菱光,80,62,18,中國信託-文心,2024-10-28,6164
00918,大華優利高填息30,26,8,18,中國信託-文心,2024-10-28,6164
3231,緯創,61,44,17,中國信託-文心,2024-10-28,6164
4716,大立,21,4,17,中國信託-文心,2024-10-28,6164
4128,中天,16,0,16,中國信託-文心,2024-10-28,6164
2345,智邦,16,0,16,中國信託-文心,2024-10-28,6164
00953B,群益優選非投等債,15,0,15,中國信託-文心,2024-10-28,6164
5386,青雲,39,24,15,中國信託-文心,2024-10-28,6164
2330,台積電,22,8,14,中國信託-文心,2024-10-28,6164
3019,亞光,19,5,14,中國信託-文心,2024-10-28,6164
00891,中信關鍵半導體,14,0,14,中國信託-文心,2024-10-28,6164
1736,喬山,14,0,14,中國信託-文心,2024-10-28,6164
8183,精星,17,3,14,中國信託-文心,2024-10-28,6164
3552,同致,16,2,14,中國信託-文心,2024-10-28,6164
00919,群益台灣精選高息,465,18,447,中國信託-文心,2024-10-29,6164
00929,復華台灣科技優息,521,144,377,中國信託-文心,2024-10-29,6164
00938,凱基優選30,252,0,252,中國信託-文心,2024-10-29,6164
0056,元大高股息,201,23,178,中國信託-文心,2024-10-29,6164
00878,國泰永續高股息,194,31,163,中國信託-文心,2024-10-29,6164
00927,群益半導體收益,162,0,162,中國信託-文心,2024-10-29,6164
00715L,期街口布蘭特正2,143,0,143,中國信託-文心,2024-10-29,6164
00933B,國泰10Y+金融債,118,0,118,中國信託-文心,2024-10-29,6164
2891,中信金,199,82,117,中國信託-文心,2024-10-29,6164
0050,元大台灣50,123,10,113,中國信託-文心,2024-10-29,6164
00959B,大華投等美債15Y+,113,2,111,中國信託-文心,2024-10-29,6164
2884,玉山金,88,2,86,中國信託-文心,2024-10-29,6164
6757,台灣虎航,77,0,77,中國信託-文心,2024-10-29,6164
00687B,國泰20年美債,93,17,76,中國信託-文心,2024-10-29,6164
2543,皇昌,70,2,68,中國信託-文心,2024-10-29,6164
00915,凱基優選高股息30,65,0,65,中國信託-文心,2024-10-29,6164
2888,新光金,80,20,60,中國信託-文心,2024-10-29,6164
2399,映泰,78,21,57,中國信託-文心,2024-10-29,6164
2881,富邦金,55,1,54,中國信託-文心,2024-10-29,6164
00688L,國泰20年美債正2,79,25,54,中國信託-文心,2024-10-29,6164
2303,聯電,85,32,53,中國信託-文心,2024-10-29,6164
2883,凱基金,60,8,52,中國信託-文心,2024-10-29,6164
00950B,凱基A級公司債,50,0,50,中國信託-文心,2024-10-29,6164
00934,中信成長高股息,51,3,48,中國信託-文心,2024-10-29,6164
2511,太子,40,0,40,中國信託-文心,2024-10-29,6164
006208,富邦台50,89,51,38,中國信託-文心,2024-10-29,6164
2515,中工,117,82,35,中國信託-文心,2024-10-29,6164
00712,復華富時不動產,74,39,35,中國信託-文心,2024-10-29,6164
1314,中石化,34,0,34,中國信託-文心,2024-10-29,6164
00922,國泰台灣領袖50,45,11,34,中國信託-文心,2024-10-29,6164
00946,群益科技高息成長,36,2,34,中國信託-文心,2024-10-29,6164
2376,技嘉,35,1,34,中國信託-文心,2024-10-29,6164
4526,東台,33,0,33,中國信託-文心,2024-10-29,6164
00935,野村臺灣新科技50,32,0,32,中國信託-文心,2024-10-29,6164
00725B,國泰投資級公司債,30,0,30,中國信託-文心,2024-10-29,6164
8411,福貞-KY,30,0,30,中國信託-文心,2024-10-29,6164
00905,FT臺灣Smart,31,1,30,中國信託-文心,2024-10-29,6164
00918,大華優利高填息30,35,6,29,中國信託-文心,2024-10-29,6164
3481,群創,30,1,29,中國信託-文心,2024-10-29,6164
00958B,永豐ESG銀行債15,29,0,29,中國信託-文心,2024-10-29,6164
00713,元大台灣高息低波,32,4,28,中國信託-文心,2024-10-29,6164
00882,中信中國高股息,44,16,28,中國信託-文心,2024-10-29,6164
9935,慶豐富,27,0,27,中國信託-文心,2024-10-29,6164
2349,錸德,34,8,26,中國信託-文心,2024-10-29,6164
2542,興富發,26,0,26,中國信託-文心,2024-10-29,6164
2887,台新金,27,1,26,中國信託-文心,2024-10-29,6164
00680L,元大美債20正2,26,0,26,中國信託-文心,2024-10-29,6164
9105,泰金寶-DR,27,2,25,中國信託-文心,2024-10-29,6164
8105,凌巨,30,6,24,中國信託-文心,2024-10-29,6164
00881,國泰台灣5G+,38,14,24,中國信託-文心,2024-10-29,6164
00919,群益台灣精選高息,304,15,289,中國信託-文心,2024-10-30,6164
1314,中石化,270,0,270,中國信託-文心,2024-10-30,6164
00715L,期街口布蘭特正2,206,0,206,中國信託-文心,2024-10-30,6164
00665L,富邦�琤肭磪囓�2,193,24,169,中國信託-文心,2024-10-30,6164
00632R,元大台灣50反1,230,81,149,中國信託-文心,2024-10-30,6164
2891,中信金,166,23,143,中國信託-文心,2024-10-30,6164
00878,國泰永續高股息,146,9,137,中國信託-文心,2024-10-30,6164
00933B,國泰10Y+金融債,120,0,120,中國信託-文心,2024-10-30,6164
00680L,元大美債20正2,140,41,99,中國信託-文心,2024-10-30,6164
0056,元大高股息,104,7,97,中國信託-文心,2024-10-30,6164
00882,中信中國高股息,96,5,91,中國信託-文心,2024-10-30,6164
00946,群益科技高息成長,90,1,89,中國信託-文心,2024-10-30,6164
00929,復華台灣科技優息,173,86,87,中國信託-文心,2024-10-30,6164
00753L,中信中國50正2,102,18,84,中國信託-文心,2024-10-30,6164
2303,聯電,84,1,83,中國信託-文心,2024-10-30,6164
2646,星宇航空,87,12,75,中國信託-文心,2024-10-30,6164
00937B,群益ESG投等債20,82,7,75,中國信託-文心,2024-10-30,6164
2399,映泰,109,36,73,中國信託-文心,2024-10-30,6164
00930,永豐ESG低碳高息,70,0,70,中國信託-文心,2024-10-30,6164
1312,國喬,65,0,65,中國信託-文心,2024-10-30,6164
00927,群益半導體收益,59,0,59,中國信託-文心,2024-10-30,6164
00688L,國泰20年美債正2,66,10,56,中國信託-文心,2024-10-30,6164
00938,凱基優選30,55,0,55,中國信託-文心,2024-10-30,6164
2337,旺宏,55,1,54,中國信託-文心,2024-10-30,6164
2881,富邦金,53,5,48,中國信託-文心,2024-10-30,6164
00948B,中信優息投資級債,55,10,45,中國信託-文心,2024-10-30,6164
2376,技嘉,45,1,44,中國信託-文心,2024-10-30,6164
00687B,國泰20年美債,54,13,41,中國信託-文心,2024-10-30,6164
2812,台中銀,43,3,40,中國信託-文心,2024-10-30,6164
00959B,大華投等美債15Y+,38,0,38,中國信託-文心,2024-10-30,6164
4919,新唐,78,43,35,中國信託-文心,2024-10-30,6164
00720B,元大投資級公司債,34,0,34,中國信託-文心,2024-10-30,6164
00952,凱基台灣AI50,34,0,34,中國信託-文心,2024-10-30,6164
00932,兆豐永續高息等權,33,0,33,中國信託-文心,2024-10-30,6164
1605,華新,30,1,29,中國信託-文心,2024-10-30,6164
6156,松上,32,3,29,中國信託-文心,2024-10-30,6164
3325,旭品,34,8,26,中國信託-文心,2024-10-30,6164
6821,聯寶,24,2,22,中國信託-文心,2024-10-30,6164
3520,華盈,29,7,22,中國信託-文心,2024-10-30,6164
2867,三商壽,22,0,22,中國信託-文心,2024-10-30,6164
2439,美律,27,6,21,中國信託-文心,2024-10-30,6164
3481,群創,62,41,21,中國信託-文心,2024-10-30,6164
3231,緯創,38,17,21,中國信託-文心,2024-10-30,6164
3709,鑫聯大投控,32,11,21,中國信託-文心,2024-10-30,6164
8411,福貞-KY,20,0,20,中國信託-文心,2024-10-30,6164
3002,歐格,20,0,20,中國信託-文心,2024-10-30,6164
1301,台塑,20,0,20,中國信託-文心,2024-10-30,6164
00637L,元大滬深300正2,58,39,19,中國信託-文心,2024-10-30,6164
2887,台新金,21,2,19,中國信託-文心,2024-10-30,6164
9935,慶豐富,18,0,18,中國信託-文心,2024-10-30,6164
00953B,群益優選非投等債,535,10,525,中國信託-文心,2024-11-01,6164
00929,復華台灣科技優息,346,57,289,中國信託-文心,2024-11-01,6164
00878,國泰永續高股息,326,66,260,中國信託-文心,2024-11-01,6164
00945B,凱基美國非投等債,246,2,244,中國信託-文心,2024-11-01,6164
00938,凱基優選30,237,0,237,中國信託-文心,2024-11-01,6164
00954,中信日本半導體,202,5,197,中國信託-文心,2024-11-01,6164
00927,群益半導體收益,243,56,187,中國信託-文心,2024-11-01,6164
00919,群益台灣精選高息,233,84,149,中國信託-文心,2024-11-01,6164
0056,元大高股息,182,45,137,中國信託-文心,2024-11-01,6164
00935,野村臺灣新科技50,129,0,129,中國信託-文心,2024-11-01,6164
00933B,國泰10Y+金融債,125,1,124,中國信託-文心,2024-11-01,6164
2303,聯電,238,142,96,中國信託-文心,2024-11-01,6164
00753L,中信中國50正2,131,40,91,中國信託-文心,2024-11-01,6164
2317,鴻海,157,69,88,中國信託-文心,2024-11-01,6164
00706L,期元大S＆P日圓正2,79,0,79,中國信託-文心,2024-11-01,6164
2312,金寶,76,0,76,中國信託-文心,2024-11-01,6164
2891,中信金,192,120,72,中國信託-文心,2024-11-01,6164
00915,凱基優選高股息30,69,0,69,中國信託-文心,2024-11-01,6164
006208,富邦台50,65,1,64,中國信託-文心,2024-11-01,6164
0050,元大台灣50,71,8,63,中國信託-文心,2024-11-01,6164
00946,群益科技高息成長,62,0,62,中國信託-文心,2024-11-01,6164
00712,復華富時不動產,61,0,61,中國信託-文心,2024-11-01,6164
2646,星宇航空,84,24,60,中國信託-文心,2024-11-01,6164
00937B,群益ESG投等債20,99,47,52,中國信託-文心,2024-11-01,6164
00941,中信上游半導體,48,2,46,中國信託-文心,2024-11-01,6164
00877,復華中國5G,46,0,46,中國信託-文心,2024-11-01,6164
4958,臻鼎-KY,43,0,43,中國信託-文心,2024-11-01,6164
3056,富華新,40,0,40,中國信託-文心,2024-11-01,6164
2332,友訊,40,1,39,中國信託-文心,2024-11-01,6164
2337,旺宏,40,1,39,中國信託-文心,2024-11-01,6164
00662,富邦NASDAQ,39,1,38,中國信託-文心,2024-11-01,6164
00885,富邦越南,38,0,38,中國信託-文心,2024-11-01,6164
00955,中信日本商社,36,0,36,中國信託-文心,2024-11-01,6164
00713,元大台灣高息低波,36,1,35,中國信託-文心,2024-11-01,6164
00830,國泰費城半導體,34,0,34,中國信託-文心,2024-11-01,6164
6464,台數科,32,0,32,中國信託-文心,2024-11-01,6164
00725B,國泰投資級公司債,32,0,32,中國信託-文心,2024-11-01,6164
00922,國泰台灣領袖50,31,0,31,中國信託-文心,2024-11-01,6164
2354,鴻準,260,231,29,中國信託-文心,2024-11-01,6164
00934,中信成長高股息,42,14,28,中國信託-文心,2024-11-01,6164
2431,聯昌,100,74,26,中國信託-文心,2024-11-01,6164
00948B,中信優息投資級債,31,5,26,中國信託-文心,2024-11-01,6164
1605,華新,33,10,23,中國信託-文心,2024-11-01,6164
2884,玉山金,24,1,23,中國信託-文心,2024-11-01,6164
00918,大華優利高填息30,25,2,23,中國信託-文心,2024-11-01,6164
00930,永豐ESG低碳高息,22,0,22,中國信託-文心,2024-11-01,6164
00912,中信臺灣智慧50,22,0,22,中國信託-文心,2024-11-01,6164
00757,統一FANG+,21,0,21,中國信託-文心,2024-11-01,6164
2886,兆豐金,24,2,22,中國信託-文心,2024-11-01,6164
2634,漢翔,20,0,20,中國信託-文心,2024-11-01,6164
00878,國泰永續高股息,427,25,402,中國信託-文心,2024-11-04,6164
00937B,群益ESG投等債20,336,26,310,中國信託-文心,2024-11-04,6164
00919,群益台灣精選高息,277,25,252,中國信託-文心,2024-11-04,6164
00688L,國泰20年美債正2,188,0,188,中國信託-文心,2024-11-04,6164
00679B,元大美債20年,203,40,163,中國信託-文心,2024-11-04,6164
00948B,中信優息投資級債,156,1,155,中國信託-文心,2024-11-04,6164
00712,復華富時不動產,192,50,142,中國信託-文心,2024-11-04,6164
00933B,國泰10Y+金融債,139,0,139,中國信託-文心,2024-11-04,6164
00938,凱基優選30,127,0,127,中國信託-文心,2024-11-04,6164
00959B,大華投等美債15Y+,109,6,103,中國信託-文心,2024-11-04,6164
00687B,國泰20年美債,123,43,80,中國信託-文心,2024-11-04,6164
2609,陽明,109,40,69,中國信託-文心,2024-11-04,6164
2888,新光金,70,3,67,中國信託-文心,2024-11-04,6164
2646,星宇航空,110,60,50,中國信託-文心,2024-11-04,6164
00932,兆豐永續高息等權,50,0,50,中國信託-文心,2024-11-04,6164
8411,福貞-KY,50,0,50,中國信託-文心,2024-11-04,6164
2363,矽統,54,5,49,中國信託-文心,2024-11-04,6164
2887,台新金,37,0,37,中國信託-文心,2024-11-04,6164
00945B,凱基美國非投等債,36,0,36,中國信託-文心,2024-11-04,6164
2303,聯電,60,24,36,中國信託-文心,2024-11-04,6164
00943,兆豐電子高息等權,33,0,33,中國信託-文心,2024-11-04,6164
00934,中信成長高股息,38,6,32,中國信託-文心,2024-11-04,6164
2464,盟立,31,0,31,中國信託-文心,2024-11-04,6164
3037,欣興,39,9,30,中國信託-文心,2024-11-04,6164
2615,萬海,192,162,30,中國信託-文心,2024-11-04,6164
1314,中石化,28,0,28,中國信託-文心,2024-11-04,6164
2425,承啟,26,0,26,中國信託-文心,2024-11-04,6164
8107,大億金茂,25,0,25,中國信託-文心,2024-11-04,6164
2354,鴻準,127,103,24,中國信託-文心,2024-11-04,6164
3019,亞光,52,28,24,中國信託-文心,2024-11-04,6164
00713,元大台灣高息低波,24,0,24,中國信託-文心,2024-11-04,6164
6133,金橋,54,32,22,中國信託-文心,2024-11-04,6164
00882,中信中國高股息,22,1,21,中國信託-文心,2024-11-04,6164
00680L,元大美債20正2,71,50,21,中國信託-文心,2024-11-04,6164
0056,元大高股息,44,23,21,中國信託-文心,2024-11-04,6164
00772B,中信高評級公司債,19,0,19,中國信託-文心,2024-11-04,6164
3033,威健,21,2,19,中國信託-文心,2024-11-04,6164
2415,錩新,20,1,19,中國信託-文心,2024-11-04,6164
2337,旺宏,35,17,18,中國信託-文心,2024-11-04,6164
2605,新興,19,1,18,中國信託-文心,2024-11-04,6164
00930,永豐ESG低碳高息,17,0,17,中國信託-文心,2024-11-04,6164
00891,中信關鍵半導體,17,0,17,中國信託-文心,2024-11-04,6164
3290,東浦,20,4,16,中國信託-文心,2024-11-04,6164
00950B,凱基A級公司債,15,0,15,中國信託-文心,2024-11-04,6164
6288,聯嘉,15,0,15,中國信託-文心,2024-11-04,6164
00941,中信上游半導體,16,2,14,中國信託-文心,2024-11-04,6164
3545,敦泰,14,0,14,中國信託-文心,2024-11-04,6164
00725B,國泰投資級公司債,17,3,14,中國信託-文心,2024-11-04,6164
00751B,元大AAA至A公司債,13,0,13,中國信託-文心,2024-11-04,6164
00662,富邦NASDAQ,13,0,13,中國信託-文心,2024-11-04,6164
00919,群益台灣精選高息,243,2,241,中國信託-文心,2024-11-05,6164
00878,國泰永續高股息,232,22,210,中國信託-文心,2024-11-05,6164
00680L,元大美債20正2,329,150,179,中國信託-文心,2024-11-05,6164
00933B,國泰10Y+金融債,129,0,129,中國信託-文心,2024-11-05,6164
00632R,元大台灣50反1,110,1,109,中國信託-文心,2024-11-05,6164
00712,復華富時不動產,115,15,100,中國信託-文心,2024-11-05,6164
2303,聯電,106,11,95,中國信託-文心,2024-11-05,6164
00938,凱基優選30,94,0,94,中國信託-文心,2024-11-05,6164
00687B,國泰20年美債,105,18,87,中國信託-文心,2024-11-05,6164
00887,永豐中國科技50大,114,31,83,中國信託-文心,2024-11-05,6164
2543,皇昌,75,5,70,中國信託-文心,2024-11-05,6164
00929,復華台灣科技優息,116,55,61,中國信託-文心,2024-11-05,6164
00637L,元大滬深300正2,162,109,53,中國信託-文心,2024-11-05,6164
00918,大華優利高填息30,45,1,44,中國信託-文心,2024-11-05,6164
00930,永豐ESG低碳高息,42,0,42,中國信託-文心,2024-11-05,6164
2646,星宇航空,43,6,37,中國信託-文心,2024-11-05,6164
8176,智捷,35,0,35,中國信託-文心,2024-11-05,6164
2431,聯昌,97,69,28,中國信託-文心,2024-11-05,6164
00940,元大台灣價值高息,33,5,28,中國信託-文心,2024-11-05,6164
3033,威健,28,1,27,中國信託-文心,2024-11-05,6164
00679B,元大美債20年,39,12,27,中國信託-文心,2024-11-05,6164
2337,旺宏,28,2,26,中國信託-文心,2024-11-05,6164
00673R,期元大S＆P原油反1,25,0,25,中國信託-文心,2024-11-05,6164
5315,光聯,32,7,25,中國信託-文心,2024-11-05,6164
2495,普安,25,1,24,中國信託-文心,2024-11-05,6164
2537,聯上發,24,1,23,中國信託-文心,2024-11-05,6164
2362,藍天,24,2,22,中國信託-文心,2024-11-05,6164
2405,輔信,31,9,22,中國信託-文心,2024-11-05,6164
4956,光鋐,49,27,22,中國信託-文心,2024-11-05,6164
2834,臺企銀,22,0,22,中國信託-文心,2024-11-05,6164
8404,百和興業-KY,61,40,21,中國信託-文心,2024-11-05,6164
00725B,國泰投資級公司債,20,0,20,中國信託-文心,2024-11-05,6164
8411,福貞-KY,20,0,20,中國信託-文心,2024-11-05,6164
0056,元大高股息,24,5,19,中國信託-文心,2024-11-05,6164
6739,竹陞科技,20,1,19,中國信託-文心,2024-11-05,6164
1314,中石化,19,0,19,中國信託-文心,2024-11-05,6164
2851,中再保,19,0,19,中國信託-文心,2024-11-05,6164
00915,凱基優選高股息30,18,0,18,中國信託-文心,2024-11-05,6164
2891,中信金,48,31,17,中國信託-文心,2024-11-05,6164
3049,精金,43,26,17,中國信託-文心,2024-11-05,6164
2344,華邦電,19,2,17,中國信託-文心,2024-11-05,6164
00943,兆豐電子高息等權,16,0,16,中國信託-文心,2024-11-05,6164
00946,群益科技高息成長,15,0,15,中國信託-文心,2024-11-05,6164
00795B,中信美國公債20年,17,2,15,中國信託-文心,2024-11-05,6164
3490,單井,22,7,15,中國信託-文心,2024-11-05,6164
3011,今皓,15,0,15,中國信託-文心,2024-11-05,6164
3689,湧德,16,1,15,中國信託-文心,2024-11-05,6164
2354,鴻準,202,187,15,中國信託-文心,2024-11-05,6164
2542,興富發,21,7,14,中國信託-文心,2024-11-05,6164
00670L,富邦NASDAQ正2,14,0,14,中國信託-文心,2024-11-05,6164
00680L,元大美債20正2,710,71,639,中國信託-文心,2024-11-06,6164
00679B,元大美債20年,475,10,465,中國信託-文心,2024-11-06,6164
00937B,群益ESG投等債20,492,28,464,中國信託-文心,2024-11-06,6164
00687B,國泰20年美債,347,9,338,中國信託-文心,2024-11-06,6164
00878,國泰永續高股息,273,55,218,中國信託-文心,2024-11-06,6164
00712,復華富時不動產,210,0,210,中國信託-文心,2024-11-06,6164
00938,凱基優選30,127,0,127,中國信託-文心,2024-11-06,6164
00929,復華台灣科技優息,197,72,125,中國信託-文心,2024-11-06,6164
00933B,國泰10Y+金融債,125,5,120,中國信託-文心,2024-11-06,6164
00688L,國泰20年美債正2,129,24,105,中國信託-文心,2024-11-06,6164
00753L,中信中國50正2,109,21,88,中國信託-文心,2024-11-06,6164
00919,群益台灣精選高息,82,3,79,中國信託-文心,2024-11-06,6164
00887,永豐中國科技50大,152,77,75,中國信託-文心,2024-11-06,6164
00665L,富邦�琤肭磪囓�2,73,12,61,中國信託-文心,2024-11-06,6164
3013,晟銘電,91,40,51,中國信託-文心,2024-11-06,6164
2354,鴻準,288,245,43,中國信託-文心,2024-11-06,6164
00713,元大台灣高息低波,43,0,43,中國信託-文心,2024-11-06,6164
00637L,元大滬深300正2,141,100,41,中國信託-文心,2024-11-06,6164
00915,凱基優選高股息30,40,0,40,中國信託-文心,2024-11-06,6164
1528,恩德,100,61,39,中國信託-文心,2024-11-06,6164
00795B,中信美國公債20年,52,14,38,中國信託-文心,2024-11-06,6164
3481,群創,35,4,31,中國信託-文心,2024-11-06,6164
00720B,元大投資級公司債,28,0,28,中國信託-文心,2024-11-06,6164
00857B,永豐20年美公債,28,0,28,中國信託-文心,2024-11-06,6164
2356,英業達,196,171,25,中國信託-文心,2024-11-06,6164
2313,華通,22,0,22,中國信託-文心,2024-11-06,6164
2363,矽統,25,3,22,中國信託-文心,2024-11-06,6164
2405,輔信,24,3,21,中國信託-文心,2024-11-06,6164
2049,上銀,23,2,21,中國信託-文心,2024-11-06,6164
8411,福貞-KY,20,0,20,中國信託-文心,2024-11-06,6164
2881,富邦金,22,2,20,中國信託-文心,2024-11-06,6164
00918,大華優利高填息30,30,11,19,中國信託-文心,2024-11-06,6164
3033,威健,19,1,18,中國信託-文心,2024-11-06,6164
2884,玉山金,18,1,17,中國信託-文心,2024-11-06,6164
2603,長榮,20,3,17,中國信託-文心,2024-11-06,6164
4526,東台,24,7,17,中國信託-文心,2024-11-06,6164
5907,大洋-KY,16,0,16,中國信託-文心,2024-11-06,6164
4967,十銓,22,6,16,中國信託-文心,2024-11-06,6164
2368,金像電,21,6,15,中國信託-文心,2024-11-06,6164
00958B,永豐ESG銀行債15,15,0,15,中國信託-文心,2024-11-06,6164
2762,世界健身-KY,18,3,15,中國信託-文心,2024-11-06,6164
00950B,凱基A級公司債,355,340,15,中國信託-文心,2024-11-06,6164
2465,麗臺,14,0,14,中國信託-文心,2024-11-06,6164
00959B,大華投等美債15Y+,14,0,14,中國信託-文心,2024-11-06,6164
1789,神隆,14,0,14,中國信託-文心,2024-11-06,6164
00650L,復華香港正2,15,2,13,中國信託-文心,2024-11-06,6164
00725B,國泰投資級公司債,18,5,13,中國信託-文心,2024-11-06,6164
3711,日月光投控,12,0,12,中國信託-文心,2024-11-06,6164
2419,仲琦,16,4,12,中國信託-文心,2024-11-06,6164
00847B,中信美國市政債,12,0,12,中國信託-文心,2024-11-06,6164
9105,泰金寶-DR,1164,443,721,中國信託-文心,2024-11-07,6164
00688L,國泰20年美債正2,249,5,244,中國信託-文心,2024-11-07,6164
00761B,國泰A級公司債,224,0,224,中國信託-文心,2024-11-07,6164
00894,中信小資高價30,200,0,200,中國信託-文心,2024-11-07,6164
00878,國泰永續高股息,178,54,124,中國信託-文心,2024-11-07,6164
2367,燿華,118,9,109,中國信託-文心,2024-11-07,6164
2344,華邦電,113,9,104,中國信託-文心,2024-11-07,6164
00919,群益台灣精選高息,104,17,87,中國信託-文心,2024-11-07,6164
3005,神基,81,0,81,中國信託-文心,2024-11-07,6164
6288,聯嘉,106,27,79,中國信託-文心,2024-11-07,6164
00933B,國泰10Y+金融債,118,53,65,中國信託-文心,2024-11-07,6164
00679B,元大美債20年,73,12,61,中國信託-文心,2024-11-07,6164
2312,金寶,145,101,44,中國信託-文心,2024-11-07,6164
00713,元大台灣高息低波,36,2,34,中國信託-文心,2024-11-07,6164
2845,遠東銀,34,0,34,中國信託-文心,2024-11-07,6164
2303,聯電,61,28,33,中國信託-文心,2024-11-07,6164
912000,晨訊科-DR,30,0,30,中國信託-文心,2024-11-07,6164
8033,雷虎,82,54,28,中國信託-文心,2024-11-07,6164
2615,萬海,82,54,28,中國信託-文心,2024-11-07,6164
2419,仲琦,36,10,26,中國信託-文心,2024-11-07,6164
9935,慶豐富,26,0,26,中國信託-文心,2024-11-07,6164
00932,兆豐永續高息等權,23,0,23,中國信託-文心,2024-11-07,6164
00650L,復華香港正2,25,3,22,中國信託-文心,2024-11-07,6164
1536,和大,59,37,22,中國信託-文心,2024-11-07,6164
00668,國泰美國道瓊,21,0,21,中國信託-文心,2024-11-07,6164
00930,永豐ESG低碳高息,20,0,20,中國信託-文心,2024-11-07,6164
2360,致茂,21,1,20,中國信託-文心,2024-11-07,6164
6133,金橋,25,5,20,中國信託-文心,2024-11-07,6164
00945B,凱基美國非投等債,19,0,19,中國信託-文心,2024-11-07,6164
2543,皇昌,39,20,19,中國信託-文心,2024-11-07,6164
4960,誠美材,17,0,17,中國信託-文心,2024-11-07,6164
6271,同欣電,16,0,16,中國信託-文心,2024-11-07,6164
006208,富邦台50,39,24,15,中國信託-文心,2024-11-07,6164
00673R,期元大S＆P原油反1,15,0,15,中國信託-文心,2024-11-07,6164
2603,長榮,23,9,14,中國信託-文心,2024-11-07,6164
3552,同致,34,19,15,中國信託-文心,2024-11-07,6164
00712,復華富時不動產,14,0,14,中國信託-文心,2024-11-07,6164
00670L,富邦NASDAQ正2,21,7,14,中國信託-文心,2024-11-07,6164
5309,系統電,15,1,14,中國信託-文心,2024-11-07,6164
00751B,元大AAA至A公司債,13,0,13,中國信託-文心,2024-11-07,6164
1815,富喬,47,34,13,中國信託-文心,2024-11-07,6164
2609,陽明,24,11,13,中國信託-文心,2024-11-07,6164
2064,晉椿,12,0,12,中國信託-文心,2024-11-07,6164
5225,東科-KY,17,5,12,中國信託-文心,2024-11-07,6164
1307,三芳,17,6,11,中國信託-文心,2024-11-07,6164
2351,順德,14,3,11,中國信託-文心,2024-11-07,6164
2605,新興,12,1,11,中國信託-文心,2024-11-07,6164
00740B,富邦全球投等債,10,0,10,中國信託-文心,2024-11-07,6164
1595,川寶,14,3,11,中國信託-文心,2024-11-07,6164
8044,網家,12,2,10,中國信託-文心,2024-11-07,6164
00953B,群益優選非投等債,252,0,252,中國信託-文心,2024-11-08,6164
00945B,凱基美國非投等債,252,70,182,中國信託-文心,2024-11-08,6164
00878,國泰永續高股息,175,21,154,中國信託-文心,2024-11-08,6164
1309,台達化,120,0,120,中國信託-文心,2024-11-08,6164
2313,華通,90,27,63,中國信託-文心,2024-11-08,6164
00713,元大台灣高息低波,55,3,52,中國信託-文心,2024-11-08,6164
3025,星通,59,8,51,中國信託-文心,2024-11-08,6164
1736,喬山,65,14,51,中國信託-文心,2024-11-08,6164
00712,復華富時不動產,54,4,50,中國信託-文心,2024-11-08,6164
2543,皇昌,51,3,48,中國信託-文心,2024-11-08,6164
00632R,元大台灣50反1,248,205,43,中國信託-文心,2024-11-08,6164
6288,聯嘉,65,22,43,中國信託-文心,2024-11-08,6164
00937B,群益ESG投等債20,143,101,42,中國信託-文心,2024-11-08,6164
00943,兆豐電子高息等權,40,0,40,中國信託-文心,2024-11-08,6164
3062,建漢,144,107,37,中國信託-文心,2024-11-08,6164
00919,群益台灣精選高息,79,44,35,中國信託-文心,2024-11-08,6164
3227,原相,39,6,33,中國信託-文心,2024-11-08,6164
2303,聯電,46,13,33,中國信託-文心,2024-11-08,6164
3234,光環,36,4,32,中國信託-文心,2024-11-08,6164
3290,東浦,36,5,31,中國信託-文心,2024-11-08,6164
2891,中信金,62,31,31,中國信託-文心,2024-11-08,6164
6706,惠特,43,12,31,中國信託-文心,2024-11-08,6164
4306,炎洲,30,0,30,中國信託-文心,2024-11-08,6164
00933B,國泰10Y+金融債,117,88,29,中國信託-文心,2024-11-08,6164
1314,中石化,36,7,29,中國信託-文心,2024-11-08,6164
2312,金寶,51,22,29,中國信託-文心,2024-11-08,6164
00915,凱基優選高股息30,30,1,29,中國信託-文心,2024-11-08,6164
5483,中美晶,31,4,27,中國信託-文心,2024-11-08,6164
2388,威盛,37,11,26,中國信託-文心,2024-11-08,6164
6244,茂迪,26,0,26,中國信託-文心,2024-11-08,6164
2762,世界健身-KY,26,1,25,中國信託-文心,2024-11-08,6164
00887,永豐中國科技50大,42,18,24,中國信託-文心,2024-11-08,6164
8044,網家,26,2,24,中國信託-文心,2024-11-08,6164
1536,和大,39,16,23,中國信託-文心,2024-11-08,6164
00687B,國泰20年美債,32,10,22,中國信託-文心,2024-11-08,6164
6757,台灣虎航,22,0,22,中國信託-文心,2024-11-08,6164
2515,中工,22,0,22,中國信託-文心,2024-11-08,6164
00753L,中信中國50正2,103,81,22,中國信託-文心,2024-11-08,6164
2489,瑞軒,22,2,20,中國信託-文心,2024-11-08,6164
2368,金像電,48,28,20,中國信託-文心,2024-11-08,6164
2412,中華電,20,1,19,中國信託-文心,2024-11-08,6164
2344,華邦電,29,11,18,中國信託-文心,2024-11-08,6164
3481,群創,18,0,18,中國信託-文心,2024-11-08,6164
00930,永豐ESG低碳高息,22,5,17,中國信託-文心,2024-11-08,6164
8176,智捷,17,0,17,中國信託-文心,2024-11-08,6164
6271,同欣電,16,0,16,中國信託-文心,2024-11-08,6164
00948B,中信優息投資級債,52,37,15,中國信託-文心,2024-11-08,6164
2337,旺宏,15,0,15,中國信託-文心,2024-11-08,6164
2497,怡利電,38,23,15,中國信託-文心,2024-11-08,6164
3149,正達,70,55,15,中國信託-文心,2024-11-08,6164
00929,復華台灣科技優息,312,117,195,中國信託-文心,2024-11-11,6164
00878,國泰永續高股息,212,31,181,中國信託-文心,2024-11-11,6164
00948B,中信優息投資級債,96,14,82,中國信託-文心,2024-11-11,6164
3706,神達,101,19,82,中國信託-文心,2024-11-11,6164
00915,凱基優選高股息30,80,0,80,中國信託-文心,2024-11-11,6164
00918,大華優利高填息30,75,2,73,中國信託-文心,2024-11-11,6164
00665L,富邦�琤肭磪囓�2,157,86,71,中國信託-文心,2024-11-11,6164
00938,凱基優選30,70,0,70,中國信託-文心,2024-11-11,6164
00930,永豐ESG低碳高息,70,4,66,中國信託-文心,2024-11-11,6164
3231,緯創,82,21,61,中國信託-文心,2024-11-11,6164
4123,晟德,66,10,56,中國信託-文心,2024-11-11,6164
00637L,元大滬深300正2,169,119,50,中國信託-文心,2024-11-11,6164
2615,萬海,79,30,49,中國信託-文心,2024-11-11,6164
2376,技嘉,54,9,45,中國信託-文心,2024-11-11,6164
3711,日月光投控,53,8,45,中國信託-文心,2024-11-11,6164
2646,星宇航空,41,0,41,中國信託-文心,2024-11-11,6164
1312,國喬,40,0,40,中國信託-文心,2024-11-11,6164
00713,元大台灣高息低波,42,6,36,中國信託-文心,2024-11-11,6164
2324,仁寶,48,13,35,中國信託-文心,2024-11-11,6164
3033,威健,43,10,33,中國信託-文心,2024-11-11,6164
2382,廣達,57,25,32,中國信託-文心,2024-11-11,6164
2349,錸德,40,10,30,中國信託-文心,2024-11-11,6164
00671R,富邦NASDAQ反1,30,0,30,中國信託-文心,2024-11-11,6164
00753L,中信中國50正2,172,142,30,中國信託-文心,2024-11-11,6164
00932,兆豐永續高息等權,29,0,29,中國信託-文心,2024-11-11,6164
8476,台境*,29,2,27,中國信託-文心,2024-11-11,6164
1605,華新,36,11,25,中國信託-文心,2024-11-11,6164
2354,鴻準,106,81,25,中國信託-文心,2024-11-11,6164
2929,淘帝-KY,25,0,25,中國信託-文心,2024-11-11,6164
00946,群益科技高息成長,24,0,24,中國信託-文心,2024-11-11,6164
5871,中租-KY,22,0,22,中國信託-文心,2024-11-11,6164
2511,太子,21,0,21,中國信託-文心,2024-11-11,6164
2344,華邦電,28,7,21,中國信託-文心,2024-11-11,6164
2313,華通,23,2,21,中國信託-文心,2024-11-11,6164
3515,華擎,25,5,20,中國信託-文心,2024-11-11,6164
2363,矽統,24,4,20,中國信託-文心,2024-11-11,6164
9921,巨大,21,1,20,中國信託-文心,2024-11-11,6164
5386,青雲,22,2,20,中國信託-文心,2024-11-11,6164
6806,森崴能源,27,9,18,中國信託-文心,2024-11-11,6164
00631L,元大台灣50正2,22,4,18,中國信託-文心,2024-11-11,6164
00795B,中信美國公債20年,21,3,18,中國信託-文心,2024-11-11,6164
0056,元大高股息,55,37,18,中國信託-文心,2024-11-11,6164
6770,力積電,25,9,16,中國信託-文心,2024-11-11,6164
00687B,國泰20年美債,31,15,16,中國信託-文心,2024-11-11,6164
1536,和大,24,8,16,中國信託-文心,2024-11-11,6164
3019,亞光,23,7,16,中國信託-文心,2024-11-11,6164
6244,茂迪,17,1,16,中國信託-文心,2024-11-11,6164
3162,精確,18,2,16,中國信託-文心,2024-11-11,6164
00679B,元大美債20年,42,26,16,中國信託-文心,2024-11-11,6164
2317,鴻海,52,37,15,中國信託-文心,2024-11-11,6164
00887,永豐中國科技50大,751,12,739,中國信託-文心,2024-11-12,6164
00878,國泰永續高股息,533,38,495,中國信託-文心,2024-11-12,6164
00680L,元大美債20正2,376,61,315,中國信託-文心,2024-11-12,6164
00715L,期街口布蘭特正2,217,0,217,中國信託-文心,2024-11-12,6164
00952,凱基台灣AI50,202,0,202,中國信託-文心,2024-11-12,6164
00915,凱基優選高股息30,178,0,178,中國信託-文心,2024-11-12,6164
2891,中信金,152,5,147,中國信託-文心,2024-11-12,6164
0056,元大高股息,162,18,144,中國信託-文心,2024-11-12,6164
2834,臺企銀,127,0,127,中國信託-文心,2024-11-12,6164
5871,中租-KY,127,3,124,中國信託-文心,2024-11-12,6164
00919,群益台灣精選高息,181,79,102,中國信託-文心,2024-11-12,6164
1314,中石化,90,0,90,中國信託-文心,2024-11-12,6164
2887,台新金,89,8,81,中國信託-文心,2024-11-12,6164
0050,元大台灣50,90,10,80,中國信託-文心,2024-11-12,6164
00713,元大台灣高息低波,77,4,73,中國信託-文心,2024-11-12,6164
00929,復華台灣科技優息,194,121,73,中國信託-文心,2024-11-12,6164
00753L,中信中國50正2,123,50,73,中國信託-文心,2024-11-12,6164
4123,晟德,72,0,72,中國信託-文心,2024-11-12,6164
00687B,國泰20年美債,183,119,64,中國信託-文心,2024-11-12,6164
2882,國泰金,64,0,64,中國信託-文心,2024-11-12,6164
3231,緯創,118,60,58,中國信託-文心,2024-11-12,6164
5258,虹堡,61,7,54,中國信託-文心,2024-11-12,6164
2317,鴻海,100,46,54,中國信託-文心,2024-11-12,6164
5488,松普,56,4,52,中國信託-文心,2024-11-12,6164
2376,技嘉,53,2,51,中國信託-文心,2024-11-12,6164
00706L,期元大S＆P日圓正2,50,0,50,中國信託-文心,2024-11-12,6164
00679B,元大美債20年,68,21,47,中國信託-文心,2024-11-12,6164
00891,中信關鍵半導體,47,0,47,中國信託-文心,2024-11-12,6164
6133,金橋,46,0,46,中國信託-文心,2024-11-12,6164
2330,台積電,52,7,45,中國信託-文心,2024-11-12,6164
00938,凱基優選30,45,0,45,中國信託-文心,2024-11-12,6164
00665L,富邦�琤肭磪囓�2,60,15,45,中國信託-文心,2024-11-12,6164
00637L,元大滬深300正2,63,22,41,中國信託-文心,2024-11-12,6164
2515,中工,44,3,41,中國信託-文心,2024-11-12,6164
2511,太子,40,0,40,中國信託-文心,2024-11-12,6164
00918,大華優利高填息30,39,0,39,中國信託-文心,2024-11-12,6164
9935,慶豐富,38,0,38,中國信託-文心,2024-11-12,6164
3711,日月光投控,53,15,38,中國信託-文心,2024-11-12,6164
00922,國泰台灣領袖50,36,0,36,中國信託-文心,2024-11-12,6164
2354,鴻準,115,79,36,中國信託-文心,2024-11-12,6164
2543,皇昌,52,17,35,中國信託-文心,2024-11-12,6164
00930,永豐ESG低碳高息,38,3,35,中國信託-文心,2024-11-12,6164
2884,玉山金,34,0,34,中國信託-文心,2024-11-12,6164
3481,群創,37,3,34,中國信託-文心,2024-11-12,6164
2382,廣達,42,9,33,中國信託-文心,2024-11-12,6164
1301,台塑,36,3,33,中國信託-文心,2024-11-12,6164
2892,第一金,32,0,32,中國信託-文心,2024-11-12,6164
00664R,國泰臺灣加權反1,30,0,30,中國信託-文心,2024-11-12,6164
2353,宏��,31,2,29,中國信託-文心,2024-11-12,6164
00935,野村臺灣新科技50,28,0,28,中國信託-文心,2024-11-12,6164
00878,國泰永續高股息,350,0,350,中國信託-文心,2024-11-13,6164
00852L,國泰美國道瓊正2,200,0,200,中國信託-文心,2024-11-13,6164
1314,中石化,199,1,198,中國信託-文心,2024-11-13,6164
00679B,元大美債20年,208,12,196,中國信託-文心,2024-11-13,6164
9105,泰金寶-DR,221,38,183,中國信託-文心,2024-11-13,6164
00715L,期街口布蘭特正2,134,10,124,中國信託-文心,2024-11-13,6164
6116,彩晶,110,0,110,中國信託-文心,2024-11-13,6164
00929,復華台灣科技優息,272,163,109,中國信託-文心,2024-11-13,6164
00688L,國泰20年美債正2,107,0,107,中國信託-文心,2024-11-13,6164
00954,中信日本半導體,101,0,101,中國信託-文心,2024-11-13,6164
0056,元大高股息,109,12,97,中國信託-文心,2024-11-13,6164
3706,神達,240,146,94,中國信託-文心,2024-11-13,6164
2881,富邦金,88,6,82,中國信託-文心,2024-11-13,6164
00915,凱基優選高股息30,74,1,73,中國信託-文心,2024-11-13,6164
2543,皇昌,72,5,67,中國信託-文心,2024-11-13,6164
00919,群益台灣精選高息,79,16,63,中國信託-文心,2024-11-13,6164
00950B,凱基A級公司債,55,0,55,中國信託-文心,2024-11-13,6164
2883,凱基金,83,38,45,中國信託-文心,2024-11-13,6164
2349,錸德,109,64,45,中國信託-文心,2024-11-13,6164
2882,國泰金,44,0,44,中國信託-文心,2024-11-13,6164
2891,中信金,47,3,44,中國信託-文心,2024-11-13,6164
0050,元大台灣50,52,8,44,中國信託-文心,2024-11-13,6164
2477,美隆電,44,1,43,中國信託-文心,2024-11-13,6164
00918,大華優利高填息30,43,3,40,中國信託-文心,2024-11-13,6164
00938,凱基優選30,36,0,36,中國信託-文心,2024-11-13,6164
00713,元大台灣高息低波,37,2,35,中國信託-文心,2024-11-13,6164
2303,聯電,44,9,35,中國信託-文心,2024-11-13,6164
2515,中工,50,15,35,中國信託-文心,2024-11-13,6164
2330,台積電,47,15,32,中國信託-文心,2024-11-13,6164
2609,陽明,54,22,32,中國信託-文心,2024-11-13,6164
00891,中信關鍵半導體,33,1,32,中國信託-文心,2024-11-13,6164
2511,太子,30,0,30,中國信託-文心,2024-11-13,6164
8411,福貞-KY,30,0,30,中國信託-文心,2024-11-13,6164
2317,鴻海,66,36,30,中國信託-文心,2024-11-13,6164
3033,威健,28,0,28,中國信託-文心,2024-11-13,6164
2337,旺宏,28,2,26,中國信託-文心,2024-11-13,6164
00930,永豐ESG低碳高息,26,0,26,中國信託-文心,2024-11-13,6164
00795B,中信美國公債20年,30,4,26,中國信託-文心,2024-11-13,6164
006208,富邦台50,27,2,25,中國信託-文心,2024-11-13,6164
4931,新盛力,45,20,25,中國信託-文心,2024-11-13,6164
4979,華星光,42,19,23,中國信託-文心,2024-11-13,6164
1815,富喬,26,3,23,中國信託-文心,2024-11-13,6164
3003,健和興,30,7,23,中國信託-文心,2024-11-13,6164
2408,南亞科,26,4,22,中國信託-文心,2024-11-13,6164
1474,弘裕,22,0,22,中國信託-文心,2024-11-13,6164
1907,永豐餘,22,0,22,中國信託-文心,2024-11-13,6164
00905,FT臺灣Smart,22,0,22,中國信託-文心,2024-11-13,6164
2399,映泰,28,7,21,中國信託-文心,2024-11-13,6164
3044,健鼎,21,0,21,中國信託-文心,2024-11-13,6164
2324,仁寶,64,44,20,中國信託-文心,2024-11-13,6164
00878,國泰永續高股息,1094,25,1069,中國信託-文心,2024-11-14,6164
00887,永豐中國科技50大,1032,16,1016,中國信託-文心,2024-11-14,6164
00950B,凱基A級公司債,238,0,238,中國信託-文心,2024-11-14,6164
0056,元大高股息,241,5,236,中國信託-文心,2024-11-14,6164
00919,群益台灣精選高息,237,27,210,中國信託-文心,2024-11-14,6164
00679B,元大美債20年,177,3,174,中國信託-文心,2024-11-14,6164
1471,首利,117,0,117,中國信託-文心,2024-11-14,6164
2349,錸德,157,44,113,中國信託-文心,2024-11-14,6164
00752,中信中國50,100,0,100,中國信託-文心,2024-11-14,6164
2317,鴻海,117,23,94,中國信託-文心,2024-11-14,6164
3231,緯創,101,18,83,中國信託-文心,2024-11-14,6164
00637L,元大滬深300正2,163,83,80,中國信託-文心,2024-11-14,6164
3711,日月光投控,63,7,56,中國信託-文心,2024-11-14,6164
00688L,國泰20年美債正2,66,10,56,中國信託-文心,2024-11-14,6164
2486,一詮,88,36,52,中國信託-文心,2024-11-14,6164
0050,元大台灣50,54,2,52,中國信託-文心,2024-11-14,6164
00687B,國泰20年美債,56,4,52,中國信託-文心,2024-11-14,6164
00932,兆豐永續高息等權,47,0,47,中國信託-文心,2024-11-14,6164
2382,廣達,60,14,46,中國信託-文心,2024-11-14,6164
3591,艾笛森,46,0,46,中國信託-文心,2024-11-14,6164
2303,聯電,56,10,46,中國信託-文心,2024-11-14,6164
00891,中信關鍵半導體,45,0,45,中國信託-文心,2024-11-14,6164
00946,群益科技高息成長,45,2,43,中國信託-文心,2024-11-14,6164
8034,榮群,41,0,41,中國信託-文心,2024-11-14,6164
2884,玉山金,39,0,39,中國信託-文心,2024-11-14,6164
00888,永豐台灣ESG,36,0,36,中國信託-文心,2024-11-14,6164
2376,技嘉,44,9,35,中國信託-文心,2024-11-14,6164
2354,鴻準,77,46,31,中國信託-文心,2024-11-14,6164
1314,中石化,60,29,31,中國信託-文心,2024-11-14,6164
2615,萬海,54,24,30,中國信託-文心,2024-11-14,6164
2524,京城,30,0,30,中國信託-文心,2024-11-14,6164
00945B,凱基美國非投等債,30,0,30,中國信託-文心,2024-11-14,6164
006208,富邦台50,39,9,30,中國信託-文心,2024-11-14,6164
00713,元大台灣高息低波,39,9,30,中國信託-文心,2024-11-14,6164
5871,中租-KY,38,10,28,中國信託-文心,2024-11-14,6164
4958,臻鼎-KY,32,3,29,中國信託-文心,2024-11-14,6164
4931,新盛力,140,112,28,中國信託-文心,2024-11-14,6164
00915,凱基優選高股息30,78,52,26,中國信託-文心,2024-11-14,6164
2801,彰銀,25,0,25,中國信託-文心,2024-11-14,6164
2312,金寶,104,79,25,中國信託-文心,2024-11-14,6164
2337,旺宏,34,9,25,中國信託-文心,2024-11-14,6164
00725B,國泰投資級公司債,26,1,25,中國信託-文心,2024-11-14,6164
2892,第一金,25,0,25,中國信託-文心,2024-11-14,6164
2344,華邦電,26,2,24,中國信託-文心,2024-11-14,6164
00937B,群益ESG投等債20,124,101,23,中國信託-文心,2024-11-14,6164
6116,彩晶,25,2,23,中國信託-文心,2024-11-14,6164
8064,東捷,32,9,23,中國信託-文心,2024-11-14,6164
2449,京元電子,30,8,22,中國信託-文心,2024-11-14,6164
6142,友勁,20,0,20,中國信託-文心,2024-11-14,6164
2371,大同,20,0,20,中國信託-文心,2024-11-14,6164
9105,泰金寶-DR,1757,373,1384,中國信託-文心,2024-11-15,6164
00878,國泰永續高股息,866,8,858,中國信託-文心,2024-11-15,6164
00680L,元大美債20正2,141,15,126,中國信託-文心,2024-11-15,6164
2382,廣達,232,108,124,中國信託-文心,2024-11-15,6164
3706,神達,241,124,117,中國信託-文心,2024-11-15,6164
2317,鴻海,177,62,115,中國信託-文心,2024-11-15,6164
1314,中石化,237,159,78,中國信託-文心,2024-11-15,6164
00937B,群益ESG投等債20,99,30,69,中國信託-文心,2024-11-15,6164
2354,鴻準,255,186,69,中國信託-文心,2024-11-15,6164
00945B,凱基美國非投等債,65,0,65,中國信託-文心,2024-11-15,6164
3013,晟銘電,90,30,60,中國信託-文心,2024-11-15,6164
00679B,元大美債20年,81,28,53,中國信託-文心,2024-11-15,6164
00706L,期元大S＆P日圓正2,52,0,52,中國信託-文心,2024-11-15,6164
00882,中信中國高股息,66,14,52,中國信託-文心,2024-11-15,6164
00852L,國泰美國道瓊正2,50,0,50,中國信託-文心,2024-11-15,6164
00950B,凱基A級公司債,39,0,39,中國信託-文心,2024-11-15,6164
00662,富邦NASDAQ,31,0,31,中國信託-文心,2024-11-15,6164
2543,皇昌,28,0,28,中國信託-文心,2024-11-15,6164
00637L,元大滬深300正2,73,47,26,中國信託-文心,2024-11-15,6164
2399,映泰,55,30,25,中國信託-文心,2024-11-15,6164
9935,慶豐富,25,0,25,中國信託-文心,2024-11-15,6164
00715L,期街口布蘭特正2,43,20,23,中國信託-文心,2024-11-15,6164
00953B,群益優選非投等債,24,1,23,中國信託-文心,2024-11-15,6164
2002,中鋼,23,3,20,中國信託-文心,2024-11-15,6164
00655L,國泰中國A50正2,20,1,19,中國信託-文心,2024-11-15,6164
00934,中信成長高股息,20,1,19,中國信託-文心,2024-11-15,6164
00830,國泰費城半導體,18,0,18,中國信託-文心,2024-11-15,6164
3481,群創,50,32,18,中國信託-文心,2024-11-15,6164
00713,元大台灣高息低波,30,14,16,中國信託-文心,2024-11-15,6164
00918,大華優利高填息30,22,6,16,中國信託-文心,2024-11-15,6164
00894,中信小資高價30,15,0,15,中國信託-文心,2024-11-15,6164
00930,永豐ESG低碳高息,15,0,15,中國信託-文心,2024-11-15,6164
00941,中信上游半導體,28,13,15,中國信託-文心,2024-11-15,6164
2486,一詮,40,26,14,中國信託-文心,2024-11-15,6164
1466,聚隆,14,0,14,中國信託-文心,2024-11-15,6164
4562,穎漢,16,2,14,中國信託-文心,2024-11-15,6164
006208,富邦台50,16,2,14,中國信託-文心,2024-11-15,6164
00753L,中信中國50正2,13,0,13,中國信託-文心,2024-11-15,6164
5014,建錩,13,0,13,中國信託-文心,2024-11-15,6164
00915,凱基優選高股息30,42,29,13,中國信託-文心,2024-11-15,6164
5871,中租-KY,22,9,13,中國信託-文心,2024-11-15,6164
00922,國泰台灣領袖50,13,0,13,中國信託-文心,2024-11-15,6164
0056,元大高股息,62,50,12,中國信託-文心,2024-11-15,6164
3374,精材,12,0,12,中國信託-文心,2024-11-15,6164
00885,富邦越南,15,4,11,中國信託-文心,2024-11-15,6164
00933B,國泰10Y+金融債,11,0,11,中國信託-文心,2024-11-15,6164
4123,晟德,12,1,11,中國信託-文心,2024-11-15,6164
4903,聯光通,27,16,11,中國信託-文心,2024-11-15,6164
3036,文曄,11,0,11,中國信託-文心,2024-11-15,6164
2324,仁寶,33,22,11,中國信託-文心,2024-11-15,6164
00878,國泰永續高股息,916,99,817,中國信託-文心,2024-11-18,6164
00676R,富邦臺灣加權反1,600,0,600,中國信託-文心,2024-11-18,6164
0056,元大高股息,130,17,113,中國信託-文心,2024-11-18,6164
3032,偉訓,102,2,100,中國信託-文心,2024-11-18,6164
00929,復華台灣科技優息,220,136,84,中國信託-文心,2024-11-18,6164
3481,群創,107,23,84,中國信託-文心,2024-11-18,6164
2881,富邦金,70,3,67,中國信託-文心,2024-11-18,6164
2891,中信金,74,8,66,中國信託-文心,2024-11-18,6164
00753L,中信中國50正2,85,20,65,中國信託-文心,2024-11-18,6164
0050,元大台灣50,66,6,60,中國信託-文心,2024-11-18,6164
2634,漢翔,62,2,60,中國信託-文心,2024-11-18,6164
00918,大華優利高填息30,64,5,59,中國信託-文心,2024-11-18,6164
006208,富邦台50,57,0,57,中國信託-文心,2024-11-18,6164
3013,晟銘電,82,26,56,中國信託-文心,2024-11-18,6164
2845,遠東銀,50,1,49,中國信託-文心,2024-11-18,6164
2376,技嘉,76,28,48,中國信託-文心,2024-11-18,6164
2867,三商壽,50,3,47,中國信託-文心,2024-11-18,6164
00715L,期街口布蘭特正2,45,0,45,中國信託-文心,2024-11-18,6164
8932,智通*,44,0,44,中國信託-文心,2024-11-18,6164
00713,元大台灣高息低波,45,1,44,中國信託-文心,2024-11-18,6164
00945B,凱基美國非投等債,43,0,43,中國信託-文心,2024-11-18,6164
00679B,元大美債20年,67,25,42,中國信託-文心,2024-11-18,6164
2609,陽明,61,19,42,中國信託-文心,2024-11-18,6164
00662,富邦NASDAQ,41,0,41,中國信託-文心,2024-11-18,6164
00919,群益台灣精選高息,60,19,41,中國信託-文心,2024-11-18,6164
3231,緯創,52,13,39,中國信託-文心,2024-11-18,6164
00915,凱基優選高股息30,45,9,36,中國信託-文心,2024-11-18,6164
2618,長榮航,73,38,35,中國信託-文心,2024-11-18,6164
2354,鴻準,197,165,32,中國信託-文心,2024-11-18,6164
00795B,中信美國公債20年,30,0,30,中國信託-文心,2024-11-18,6164
00950B,凱基A級公司債,29,0,29,中國信託-文心,2024-11-18,6164
8044,網家,52,24,28,中國信託-文心,2024-11-18,6164
00932,兆豐永續高息等權,26,0,26,中國信託-文心,2024-11-18,6164
00930,永豐ESG低碳高息,28,2,26,中國信託-文心,2024-11-18,6164
2382,廣達,125,99,26,中國信託-文心,2024-11-18,6164
00905,FT臺灣Smart,25,0,25,中國信託-文心,2024-11-18,6164
00887,永豐中國科技50大,26,2,24,中國信託-文心,2024-11-18,6164
2329,華泰,28,5,23,中國信託-文心,2024-11-18,6164
1616,億泰,24,1,23,中國信託-文心,2024-11-18,6164
3374,精材,36,14,22,中國信託-文心,2024-11-18,6164
1785,光洋科,21,1,20,中國信託-文心,2024-11-18,6164
6269,台郡,20,0,20,中國信託-文心,2024-11-18,6164
8411,福貞-KY,20,0,20,中國信託-文心,2024-11-18,6164
00881,國泰台灣5G+,20,0,20,中國信託-文心,2024-11-18,6164
00941,中信上游半導體,18,0,18,中國信託-文心,2024-11-18,6164
00934,中信成長高股息,29,12,17,中國信託-文心,2024-11-18,6164
4583,台灣精銳,16,0,16,中國信託-文心,2024-11-18,6164
00731,復華富時高息低波,16,0,16,中國信託-文心,2024-11-18,6164
00927,群益半導體收益,15,0,15,中國信託-文心,2024-11-18,6164
3363,上詮,15,0,15,中國信託-文心,2024-11-18,6164
1314,中石化,285,0,285,中國信託-文心,2024-11-19,6164
00680L,元大美債20正2,313,40,273,中國信託-文心,2024-11-19,6164
00878,國泰永續高股息,293,37,256,中國信託-文心,2024-11-19,6164
00937B,群益ESG投等債20,128,19,109,中國信託-文心,2024-11-19,6164
00930,永豐ESG低碳高息,103,4,99,中國信託-文心,2024-11-19,6164
0056,元大高股息,106,8,98,中國信託-文心,2024-11-19,6164
9105,泰金寶-DR,368,314,54,中國信託-文心,2024-11-19,6164
2317,鴻海,59,14,45,中國信託-文心,2024-11-19,6164
2812,台中銀,45,3,42,中國信託-文心,2024-11-19,6164
2332,友訊,52,11,41,中國信託-文心,2024-11-19,6164
00950B,凱基A級公司債,40,2,38,中國信託-文心,2024-11-19,6164
2605,新興,52,19,33,中國信託-文心,2024-11-19,6164
2543,皇昌,33,2,31,中國信託-文心,2024-11-19,6164
00712,復華富時不動產,30,0,30,中國信託-文心,2024-11-19,6164
2615,萬海,55,25,30,中國信託-文心,2024-11-19,6164
00953B,群益優選非投等債,30,1,29,中國信託-文心,2024-11-19,6164
00679B,元大美債20年,42,15,27,中國信託-文心,2024-11-19,6164
2382,廣達,33,7,26,中國信託-文心,2024-11-19,6164
00932,兆豐永續高息等權,25,0,25,中國信託-文心,2024-11-19,6164
00662,富邦NASDAQ,23,0,23,中國信託-文心,2024-11-19,6164
2606,裕民,25,2,23,中國信託-文心,2024-11-19,6164
00635U,期元大S＆P黃金,22,0,22,中國信託-文心,2024-11-19,6164
00830,國泰費城半導體,20,0,20,中國信託-文心,2024-11-19,6164
2034,允強,20,0,20,中國信託-文心,2024-11-19,6164
2393,億光,20,0,20,中國信託-文心,2024-11-19,6164
00713,元大台灣高息低波,25,5,20,中國信託-文心,2024-11-19,6164
1471,首利,21,2,19,中國信託-文心,2024-11-19,6164
2929,淘帝-KY,21,2,19,中國信託-文心,2024-11-19,6164
006208,富邦台50,24,7,17,中國信託-文心,2024-11-19,6164
2408,南亞科,24,7,17,中國信託-文心,2024-11-19,6164
3005,神基,18,2,16,中國信託-文心,2024-11-19,6164
2646,星宇航空,17,2,15,中國信託-文心,2024-11-19,6164
2399,映泰,27,14,13,中國信託-文心,2024-11-19,6164
2204,中華,15,2,13,中國信託-文心,2024-11-19,6164
9904,寶成,19,7,12,中國信託-文心,2024-11-19,6164
00887,永豐中國科技50大,23,11,12,中國信託-文心,2024-11-19,6164
2449,京元電子,19,7,12,中國信託-文心,2024-11-19,6164
00687B,國泰20年美債,14,3,11,中國信託-文心,2024-11-19,6164
00731,復華富時高息低波,12,1,11,中國信託-文心,2024-11-19,6164
00894,中信小資高價30,11,0,11,中國信託-文心,2024-11-19,6164
6271,同欣電,12,1,11,中國信託-文心,2024-11-19,6164
00923,群益台ESG低碳50,10,0,10,中國信託-文心,2024-11-19,6164
8411,福貞-KY,10,0,10,中國信託-文心,2024-11-19,6164
00763U,期街口道瓊銅,10,0,10,中國信託-文心,2024-11-19,6164
00951,台新日本半導體,10,0,10,中國信託-文心,2024-11-19,6164
00639,富邦深100,10,0,10,中國信託-文心,2024-11-19,6164
00632R,元大台灣50反1,216,206,10,中國信託-文心,2024-11-19,6164
6197,佳必琪,10,0,10,中國信託-文心,2024-11-19,6164
5210,寶碩,10,0,10,中國信託-文心,2024-11-19,6164
2484,希華,10,0,10,中國信託-文心,2024-11-19,6164
00937B,群益ESG投等債20,361,11,350,中國信託-文心,2024-11-20,6164
00679B,元大美債20年,285,5,280,中國信託-文心,2024-11-20,6164
00650L,復華香港正2,256,0,256,中國信託-文心,2024-11-20,6164
00878,國泰永續高股息,192,9,183,中國信託-文心,2024-11-20,6164
00960,野村全球航運龍頭,142,11,131,中國信託-文心,2024-11-20,6164
2354,鴻準,295,190,105,中國信託-文心,2024-11-20,6164
00958B,永豐ESG銀行債15,100,0,100,中國信託-文心,2024-11-20,6164
1314,中石化,109,19,90,中國信託-文心,2024-11-20,6164
0050,元大台灣50,91,3,88,中國信託-文心,2024-11-20,6164
6770,力積電,88,0,88,中國信託-文心,2024-11-20,6164
2356,英業達,127,46,81,中國信託-文心,2024-11-20,6164
00772B,中信高評級公司債,58,5,53,中國信託-文心,2024-11-20,6164
00930,永豐ESG低碳高息,54,1,53,中國信託-文心,2024-11-20,6164
2376,技嘉,61,9,52,中國信託-文心,2024-11-20,6164
2408,南亞科,52,2,50,中國信託-文心,2024-11-20,6164
00740B,富邦全球投等債,50,0,50,中國信託-文心,2024-11-20,6164
3706,神達,219,170,49,中國信託-文心,2024-11-20,6164
5534,長虹,48,0,48,中國信託-文心,2024-11-20,6164
2881,富邦金,60,13,47,中國信託-文心,2024-11-20,6164
3694,海華,41,0,41,中國信託-文心,2024-11-20,6164
2603,長榮,58,17,41,中國信託-文心,2024-11-20,6164
8411,福貞-KY,40,0,40,中國信託-文心,2024-11-20,6164
8255,朋程,39,0,39,中國信託-文心,2024-11-20,6164
4931,新盛力,34,0,34,中國信託-文心,2024-11-20,6164
0056,元大高股息,47,14,33,中國信託-文心,2024-11-20,6164
006208,富邦台50,33,0,33,中國信託-文心,2024-11-20,6164
3450,聯鈞,80,50,30,中國信託-文心,2024-11-20,6164
00950B,凱基A級公司債,30,0,30,中國信託-文心,2024-11-20,6164
1605,華新,34,4,30,中國信託-文心,2024-11-20,6164
00671R,富邦NASDAQ反1,30,0,30,中國信託-文心,2024-11-20,6164
00953B,群益優選非投等債,28,0,28,中國信託-文心,2024-11-20,6164
2330,台積電,29,2,27,中國信託-文心,2024-11-20,6164
2349,錸德,155,130,25,中國信託-文心,2024-11-20,6164
1449,佳和,37,12,25,中國信託-文心,2024-11-20,6164
00631L,元大台灣50正2,24,0,24,中國信託-文心,2024-11-20,6164
00632R,元大台灣50反1,23,0,23,中國信託-文心,2024-11-20,6164
2543,皇昌,22,0,22,中國信託-文心,2024-11-20,6164
3019,亞光,31,10,21,中國信託-文心,2024-11-20,6164
8032,光菱,29,9,20,中國信託-文心,2024-11-20,6164
2303,聯電,21,1,20,中國信託-文心,2024-11-20,6164
2453,凌群,20,0,20,中國信託-文心,2024-11-20,6164
2363,矽統,19,0,19,中國信託-文心,2024-11-20,6164
3062,建漢,21,3,18,中國信託-文心,2024-11-20,6164
6109,亞元,18,0,18,中國信託-文心,2024-11-20,6164
3030,德律,17,0,17,中國信託-文心,2024-11-20,6164
00932,兆豐永續高息等權,17,0,17,中國信託-文心,2024-11-20,6164
3228,金麗科,21,5,16,中國信託-文心,2024-11-20,6164
6214,精誠,15,0,15,中國信託-文心,2024-11-20,6164
3231,緯創,17,2,15,中國信託-文心,2024-11-20,6164
4523,永彰,15,0,15,中國信託-文心,2024-11-20,6164
00650L,復華香港正2,259,0,259,中國信託-文心,2024-11-21,6164
00959B,大華投等美債15Y+,262,18,244,中國信託-文心,2024-11-21,6164
00878,國泰永續高股息,201,53,148,中國信託-文心,2024-11-21,6164
2204,中華,121,44,77,中國信託-文心,2024-11-21,6164
6269,台郡,62,0,62,中國信託-文心,2024-11-21,6164
006208,富邦台50,66,7,59,中國信託-文心,2024-11-21,6164
0050,元大台灣50,62,3,59,中國信託-文心,2024-11-21,6164
00687B,國泰20年美債,65,9,56,中國信託-文心,2024-11-21,6164
00937B,群益ESG投等債20,52,1,51,中國信託-文心,2024-11-21,6164
2317,鴻海,83,32,51,中國信託-文心,2024-11-21,6164
2881,富邦金,51,4,47,中國信託-文心,2024-11-21,6164
00930,永豐ESG低碳高息,46,0,46,中國信託-文心,2024-11-21,6164
2890,永豐金,42,1,41,中國信託-文心,2024-11-21,6164
00953B,群益優選非投等債,40,0,40,中國信託-文心,2024-11-21,6164
2344,華邦電,40,1,39,中國信託-文心,2024-11-21,6164
2303,聯電,48,12,36,中國信託-文心,2024-11-21,6164
3024,憶聲,37,1,36,中國信託-文心,2024-11-21,6164
2332,友訊,38,4,34,中國信託-文心,2024-11-21,6164
8104,錸寶,103,72,31,中國信託-文心,2024-11-21,6164
8411,福貞-KY,30,0,30,中國信託-文心,2024-11-21,6164
00713,元大台灣高息低波,32,4,28,中國信託-文心,2024-11-21,6164
5488,松普,26,0,26,中國信託-文心,2024-11-21,6164
2883,凱基金,30,7,23,中國信託-文心,2024-11-21,6164
00919,群益台灣精選高息,33,10,23,中國信託-文心,2024-11-21,6164
00946,群益科技高息成長,22,0,22,中國信託-文心,2024-11-21,6164
3711,日月光投控,24,2,22,中國信託-文心,2024-11-21,6164
6282,康舒,40,18,22,中國信託-文心,2024-11-21,6164
00915,凱基優選高股息30,26,5,21,中國信託-文心,2024-11-21,6164
00923,群益台ESG低碳50,21,0,21,中國信託-文心,2024-11-21,6164
00673R,期元大S＆P原油反1,20,0,20,中國信託-文心,2024-11-21,6164
00963,中信全球高股息,20,0,20,中國信託-文心,2024-11-21,6164
2474,可成,19,0,19,中國信託-文心,2024-11-21,6164
00830,國泰費城半導體,19,0,19,中國信託-文心,2024-11-21,6164
2449,京元電子,33,14,19,中國信託-文心,2024-11-21,6164
00900,富邦特選高股息30,20,2,18,中國信託-文心,2024-11-21,6164
3290,東浦,22,4,18,中國信託-文心,2024-11-21,6164
2330,台積電,27,9,18,中國信託-文心,2024-11-21,6164
3017,奇鋐,20,4,16,中國信託-文心,2024-11-21,6164
00684R,期元大美元指反1,16,0,16,中國信託-文心,2024-11-21,6164
00712,復華富時不動產,15,0,15,中國信託-文心,2024-11-21,6164
5523,豐謙,15,0,15,中國信託-文心,2024-11-21,6164
2884,玉山金,16,1,15,中國信託-文心,2024-11-21,6164
3231,緯創,19,5,14,中國信託-文心,2024-11-21,6164
2646,星宇航空,16,3,13,中國信託-文心,2024-11-21,6164
0056,元大高股息,45,32,13,中國信託-文心,2024-11-21,6164
00725B,國泰投資級公司債,13,0,13,中國信託-文心,2024-11-21,6164
00922,國泰台灣領袖50,12,0,12,中國信託-文心,2024-11-21,6164
2002,中鋼,13,1,12,中國信託-文心,2024-11-21,6164
6213,聯茂,21,9,12,中國信託-文心,2024-11-21,6164
2543,皇昌,12,0,12,中國信託-文心,2024-11-21,6164
00930,永豐ESG低碳高息,241,1,240,中國信託-文心,2024-11-22,6164
2344,華邦電,211,0,211,中國信託-文心,2024-11-22,6164
9105,泰金寶-DR,785,588,197,中國信託-文心,2024-11-22,6164
00632R,元大台灣50反1,179,37,142,中國信託-文心,2024-11-22,6164
00919,群益台灣精選高息,127,2,125,中國信託-文心,2024-11-22,6164
5876,上海商銀,103,0,103,中國信託-文心,2024-11-22,6164
00937B,群益ESG投等債20,110,20,90,中國信託-文心,2024-11-22,6164
2317,鴻海,102,27,75,中國信託-文心,2024-11-22,6164
00953B,群益優選非投等債,57,0,57,中國信託-文心,2024-11-22,6164
2354,鴻準,130,76,54,中國信託-文心,2024-11-22,6164
2609,陽明,113,61,52,中國信託-文心,2024-11-22,6164
4931,新盛力,54,2,52,中國信託-文心,2024-11-22,6164
00963,中信全球高股息,51,0,51,中國信託-文心,2024-11-22,6164
00753L,中信中國50正2,82,34,48,中國信託-文心,2024-11-22,6164
2356,英業達,78,35,43,中國信託-文心,2024-11-22,6164
00945B,凱基美國非投等債,42,0,42,中國信託-文心,2024-11-22,6164
00673R,期元大S＆P原油反1,40,0,40,中國信託-文心,2024-11-22,6164
00959B,大華投等美債15Y+,39,0,39,中國信託-文心,2024-11-22,6164
2486,一詮,69,33,36,中國信託-文心,2024-11-22,6164
2204,中華,60,25,35,中國信託-文心,2024-11-22,6164
00662,富邦NASDAQ,32,0,32,中國信託-文心,2024-11-22,6164
00706L,期元大S＆P日圓正2,25,0,25,中國信託-文心,2024-11-22,6164
00687B,國泰20年美債,58,34,24,中國信託-文心,2024-11-22,6164
3022,威強電,37,13,24,中國信託-文心,2024-11-22,6164
1301,台塑,23,0,23,中國信託-文心,2024-11-22,6164
4123,晟德,22,0,22,中國信託-文心,2024-11-22,6164
2382,廣達,36,14,22,中國信託-文心,2024-11-22,6164
2881,富邦金,25,3,22,中國信託-文心,2024-11-22,6164
6143,振曜,26,4,22,中國信託-文心,2024-11-22,6164
3049,精金,21,0,21,中國信託-文心,2024-11-22,6164
8104,錸寶,54,33,21,中國信託-文心,2024-11-22,6164
4306,炎洲,18,0,18,中國信託-文心,2024-11-22,6164
00909,國泰數位支付服務,18,1,17,中國信託-文心,2024-11-22,6164
9904,寶成,21,4,17,中國信託-文心,2024-11-22,6164
3025,星通,17,0,17,中國信託-文心,2024-11-22,6164
1711,永光,18,2,16,中國信託-文心,2024-11-22,6164
2882,國泰金,16,0,16,中國信託-文心,2024-11-22,6164
00773B,中信優先金融債,15,0,15,中國信託-文心,2024-11-22,6164
2368,金像電,27,12,15,中國信託-文心,2024-11-22,6164
5443,均豪,38,23,15,中國信託-文心,2024-11-22,6164
00795B,中信美國公債20年,14,0,14,中國信託-文心,2024-11-22,6164
8086,宏捷科,14,0,14,中國信託-文心,2024-11-22,6164
9935,慶豐富,14,0,14,中國信託-文心,2024-11-22,6164
4162,智擎,13,0,13,中國信託-文心,2024-11-22,6164
00878,國泰永續高股息,67,54,13,中國信託-文心,2024-11-22,6164
3027,盛達,67,55,12,中國信託-文心,2024-11-22,6164
2891,中信金,46,34,12,中國信託-文心,2024-11-22,6164
2439,美律,14,3,11,中國信託-文心,2024-11-22,6164
00887,永豐中國科技50大,17,6,11,中國信託-文心,2024-11-22,6164
2429,銘旺科,11,0,11,中國信託-文心,2024-11-22,6164
00919,群益台灣精選高息,137,9,128,中國信託-文心,2024-11-25,6164
2356,英業達,126,10,116,中國信託-文心,2024-11-25,6164
6288,聯嘉,106,5,101,中國信託-文心,2024-11-25,6164
00887,永豐中國科技50大,84,0,84,中國信託-文心,2024-11-25,6164
0050,元大台灣50,108,32,76,中國信託-文心,2024-11-25,6164
1309,台達化,72,0,72,中國信託-文心,2024-11-25,6164
00953B,群益優選非投等債,71,0,71,中國信託-文心,2024-11-25,6164
2646,星宇航空,75,4,71,中國信託-文心,2024-11-25,6164
2615,萬海,94,32,62,中國信託-文心,2024-11-25,6164
9105,泰金寶-DR,542,486,56,中國信託-文心,2024-11-25,6164
1815,富喬,252,197,55,中國信託-文心,2024-11-25,6164
00706L,期元大S＆P日圓正2,56,3,53,中國信託-文心,2024-11-25,6164
2316,楠梓電,50,0,50,中國信託-文心,2024-11-25,6164
1569,濱川,82,33,49,中國信託-文心,2024-11-25,6164
2367,燿華,55,8,47,中國信託-文心,2024-11-25,6164
00915,凱基優選高股息30,45,8,37,中國信託-文心,2024-11-25,6164
00687B,國泰20年美債,48,13,35,中國信託-文心,2024-11-25,6164
2344,華邦電,35,4,31,中國信託-文心,2024-11-25,6164
00918,大華優利高填息30,36,6,30,中國信託-文心,2024-11-25,6164
00959B,大華投等美債15Y+,30,0,30,中國信託-文心,2024-11-25,6164
00930,永豐ESG低碳高息,44,15,29,中國信託-文心,2024-11-25,6164
1101,台泥,50,21,29,中國信託-文心,2024-11-25,6164
3303,岱稜,29,0,29,中國信託-文心,2024-11-25,6164
00725B,國泰投資級公司債,27,0,27,中國信託-文心,2024-11-25,6164
3211,順達,25,1,24,中國信託-文心,2024-11-25,6164
00673R,期元大S＆P原油反1,24,0,24,中國信託-文心,2024-11-25,6164
6546,正基,33,11,22,中國信託-文心,2024-11-25,6164
5465,富驊,48,26,22,中國信託-文心,2024-11-25,6164
006208,富邦台50,21,0,21,中國信託-文心,2024-11-25,6164
3032,偉訓,62,42,20,中國信託-文心,2024-11-25,6164
2038,海光,20,0,20,中國信託-文心,2024-11-25,6164
4306,炎洲,20,0,20,中國信託-文心,2024-11-25,6164
3339,泰谷,21,1,20,中國信託-文心,2024-11-25,6164
2349,錸德,27,8,19,中國信託-文心,2024-11-25,6164
2233,宇隆,22,4,18,中國信託-文心,2024-11-25,6164
00670L,富邦NASDAQ正2,17,0,17,中國信託-文心,2024-11-25,6164
2371,大同,46,29,17,中國信託-文心,2024-11-25,6164
1809,中釉,50,34,16,中國信託-文心,2024-11-25,6164
3027,盛達,30,14,16,中國信託-文心,2024-11-25,6164
5243,乙盛-KY,58,43,15,中國信託-文心,2024-11-25,6164
2313,華通,16,1,15,中國信託-文心,2024-11-25,6164
2449,京元電子,18,3,15,中國信託-文心,2024-11-25,6164
0056,元大高股息,40,26,14,中國信託-文心,2024-11-25,6164
00688L,國泰20年美債正2,14,0,14,中國信託-文心,2024-11-25,6164
3163,波若威,21,7,14,中國信託-文心,2024-11-25,6164
2312,金寶,280,267,13,中國信託-文心,2024-11-25,6164
8171,天宇,20,7,13,中國信託-文心,2024-11-25,6164
3710,連展投控,13,0,13,中國信託-文心,2024-11-25,6164
1524,耿鼎,27,14,13,中國信託-文心,2024-11-25,6164
6213,聯茂,22,9,13,中國信託-文心,2024-11-25,6164
00953B,群益優選非投等債,726,0,726,中國信託-文心,2024-11-26,6164
00878,國泰永續高股息,249,36,213,中國信託-文心,2024-11-26,6164
5876,上海商銀,212,0,212,中國信託-文心,2024-11-26,6164
2867,三商壽,211,1,210,中國信託-文心,2024-11-26,6164
9105,泰金寶-DR,639,462,177,中國信託-文心,2024-11-26,6164
2317,鴻海,198,28,170,中國信託-文心,2024-11-26,6164
00632R,元大台灣50反1,149,8,141,中國信託-文心,2024-11-26,6164
00930,永豐ESG低碳高息,129,0,129,中國信託-文心,2024-11-26,6164
00719B,元大美債1-3,109,0,109,中國信託-文心,2024-11-26,6164
5309,系統電,110,28,82,中國信託-文心,2024-11-26,6164
2312,金寶,156,82,74,中國信託-文心,2024-11-26,6164
1314,中石化,83,12,71,中國信託-文心,2024-11-26,6164
0050,元大台灣50,75,4,71,中國信託-文心,2024-11-26,6164
2543,皇昌,110,43,67,中國信託-文心,2024-11-26,6164
3025,星通,53,5,48,中國信託-文心,2024-11-26,6164
3231,緯創,67,20,47,中國信託-文心,2024-11-26,6164
006208,富邦台50,47,3,44,中國信託-文心,2024-11-26,6164
2881,富邦金,40,2,38,中國信託-文心,2024-11-26,6164
4916,事欣科,34,1,33,中國信託-文心,2024-11-26,6164
00706L,期元大S＆P日圓正2,30,0,30,中國信託-文心,2024-11-26,6164
00715L,期街口布蘭特正2,28,1,27,中國信託-文心,2024-11-26,6164
00933B,國泰10Y+金融債,30,4,26,中國信託-文心,2024-11-26,6164
5371,中光電,28,3,25,中國信託-文心,2024-11-26,6164
2890,永豐金,24,0,24,中國信託-文心,2024-11-26,6164
2613,中櫃,24,0,24,中國信託-文心,2024-11-26,6164
2408,南亞科,27,3,24,中國信託-文心,2024-11-26,6164
00918,大華優利高填息30,23,0,23,中國信託-文心,2024-11-26,6164
2365,昆盈,30,7,23,中國信託-文心,2024-11-26,6164
2330,台積電,31,9,22,中國信託-文心,2024-11-26,6164
00850,元大臺灣ESG永續,20,0,20,中國信託-文心,2024-11-26,6164
2413,環科,20,0,20,中國信託-文心,2024-11-26,6164
2495,普安,22,2,20,中國信託-文心,2024-11-26,6164
00690,兆豐藍籌30,19,0,19,中國信託-文心,2024-11-26,6164
00891,中信關鍵半導體,17,0,17,中國信託-文心,2024-11-26,6164
3323,加百裕,99,82,17,中國信託-文心,2024-11-26,6164
2354,鴻準,26,11,15,中國信託-文心,2024-11-26,6164
00922,國泰台灣領袖50,16,1,15,中國信託-文心,2024-11-26,6164
2409,友達,16,1,15,中國信託-文心,2024-11-26,6164
00941,中信上游半導體,15,0,15,中國信託-文心,2024-11-26,6164
3363,上詮,23,9,14,中國信託-文心,2024-11-26,6164
1471,首利,20,6,14,中國信託-文心,2024-11-26,6164
2498,宏達電,21,7,14,中國信託-文心,2024-11-26,6164
1301,台塑,13,0,13,中國信託-文心,2024-11-26,6164
00740B,富邦全球投等債,20,7,13,中國信託-文心,2024-11-26,6164
6869,雲豹能源,12,0,12,中國信託-文心,2024-11-26,6164
3017,奇鋐,14,2,12,中國信託-文心,2024-11-26,6164
3047,訊舟,13,1,12,中國信託-文心,2024-11-26,6164
00887,永豐中國科技50大,23,11,12,中國信託-文心,2024-11-26,6164
2417,圓剛,12,0,12,中國信託-文心,2024-11-26,6164
00943,兆豐電子高息等權,12,0,12,中國信託-文心,2024-11-26,6164
00919,群益台灣精選高息,468,41,427,中國信託-文心,2024-11-27,6164
00878,國泰永續高股息,484,76,408,中國信託-文心,2024-11-27,6164
0056,元大高股息,309,6,303,中國信託-文心,2024-11-27,6164
00940,元大台灣價值高息,246,31,215,中國信託-文心,2024-11-27,6164
00930,永豐ESG低碳高息,124,0,124,中國信託-文心,2024-11-27,6164
2344,華邦電,143,23,120,中國信託-文心,2024-11-27,6164
3062,建漢,130,11,119,中國信託-文心,2024-11-27,6164
2615,萬海,136,44,92,中國信託-文心,2024-11-27,6164
00918,大華優利高填息30,84,1,83,中國信託-文心,2024-11-27,6164
2002,中鋼,70,1,69,中國信託-文心,2024-11-27,6164
2303,聯電,83,18,65,中國信託-文心,2024-11-27,6164
6770,力積電,64,0,64,中國信託-文心,2024-11-27,6164
2881,富邦金,65,6,59,中國信託-文心,2024-11-27,6164
00953B,群益優選非投等債,54,0,54,中國信託-文心,2024-11-27,6164
0050,元大台灣50,57,11,46,中國信託-文心,2024-11-27,6164
2204,中華,59,14,45,中國信託-文心,2024-11-27,6164
3013,晟銘電,48,5,43,中國信託-文心,2024-11-27,6164
00891,中信關鍵半導體,45,3,42,中國信託-文心,2024-11-27,6164
00934,中信成長高股息,44,3,41,中國信託-文心,2024-11-27,6164
3593,力銘,41,1,40,中國信託-文心,2024-11-27,6164
2603,長榮,44,7,37,中國信託-文心,2024-11-27,6164
2382,廣達,78,41,37,中國信託-文心,2024-11-27,6164
00687B,國泰20年美債,69,33,36,中國信託-文心,2024-11-27,6164
3231,緯創,87,52,35,中國信託-文心,2024-11-27,6164
00715L,期街口布蘭特正2,34,0,34,中國信託-文心,2024-11-27,6164
4562,穎漢,59,26,33,中國信託-文心,2024-11-27,6164
00922,國泰台灣領袖50,41,10,31,中國信託-文心,2024-11-27,6164
1536,和大,121,90,31,中國信託-文心,2024-11-27,6164
2413,環科,33,2,31,中國信託-文心,2024-11-27,6164
006208,富邦台50,39,9,30,中國信託-文心,2024-11-27,6164
2429,銘旺科,32,2,30,中國信託-文心,2024-11-27,6164
2609,陽明,62,33,29,中國信託-文心,2024-11-27,6164
2376,技嘉,38,10,28,中國信託-文心,2024-11-27,6164
00905,FT臺灣Smart,28,0,28,中國信託-文心,2024-11-27,6164
1326,台化,27,0,27,中國信託-文心,2024-11-27,6164
00923,群益台ESG低碳50,27,0,27,中國信託-文心,2024-11-27,6164
00915,凱基優選高股息30,25,1,24,中國信託-文心,2024-11-27,6164
2539,櫻花建,24,1,23,中國信託-文心,2024-11-27,6164
2405,輔信,25,2,23,中國信託-文心,2024-11-27,6164
3037,欣興,27,5,22,中國信託-文心,2024-11-27,6164
6919,康霈*,25,3,22,中國信託-文心,2024-11-27,6164
1528,恩德,39,17,22,中國信託-文心,2024-11-27,6164
3234,光環,24,3,21,中國信託-文心,2024-11-27,6164
2015,豐興,20,0,20,中國信託-文心,2024-11-27,6164
00932,兆豐永續高息等權,19,0,19,中國信託-文心,2024-11-27,6164
00713,元大台灣高息低波,32,14,18,中國信託-文心,2024-11-27,6164
6505,台塑化,17,0,17,中國信託-文心,2024-11-27,6164
6962,ITH-KY,18,1,17,中國信託-文心,2024-11-27,6164
2330,台積電,33,16,17,中國信託-文心,2024-11-27,6164
4956,光鋐,24,8,16,中國信託-文心,2024-11-27,6164
00878,國泰永續高股息,350,81,269,中國信託-文心,2024-11-28,6164
00919,群益台灣精選高息,281,75,206,中國信託-文心,2024-11-28,6164
00940,元大台灣價值高息,318,137,181,中國信託-文心,2024-11-28,6164
00632R,元大台灣50反1,173,11,162,中國信託-文心,2024-11-28,6164
3591,艾笛森,152,6,146,中國信託-文心,2024-11-28,6164
00929,復華台灣科技優息,160,14,146,中國信託-文心,2024-11-28,6164
2312,金寶,272,150,122,中國信託-文心,2024-11-28,6164
2303,聯電,145,43,102,中國信託-文心,2024-11-28,6164
00715L,期街口布蘭特正2,100,0,100,中國信託-文心,2024-11-28,6164
2408,南亞科,77,4,73,中國信託-文心,2024-11-28,6164
4971,IET-KY,82,12,70,中國信託-文心,2024-11-28,6164
00918,大華優利高填息30,65,0,65,中國信託-文心,2024-11-28,6164
00915,凱基優選高股息30,60,0,60,中國信託-文心,2024-11-28,6164
0056,元大高股息,196,136,60,中國信託-文心,2024-11-28,6164
00637L,元大滬深300正2,61,3,58,中國信託-文心,2024-11-28,6164
1314,中石化,57,0,57,中國信託-文心,2024-11-28,6164
00642U,期元大S＆P石油,50,0,50,中國信託-文心,2024-11-28,6164
00930,永豐ESG低碳高息,57,10,47,中國信託-文心,2024-11-28,6164
2317,鴻海,98,55,43,中國信託-文心,2024-11-28,6164
4927,泰鼎-KY,42,2,40,中國信託-文心,2024-11-28,6164
8038,長園科,37,0,37,中國信託-文心,2024-11-28,6164
2332,友訊,102,70,32,中國信託-文心,2024-11-28,6164
2324,仁寶,41,9,32,中國信託-文心,2024-11-28,6164
00713,元大台灣高息低波,43,12,31,中國信託-文心,2024-11-28,6164
4510,高鋒,174,144,30,中國信託-文心,2024-11-28,6164
8411,福貞-KY,30,0,30,中國信託-文心,2024-11-28,6164
3711,日月光投控,31,3,28,中國信託-文心,2024-11-28,6164
00927,群益半導體收益,28,0,28,中國信託-文心,2024-11-28,6164
00725B,國泰投資級公司債,30,3,27,中國信託-文心,2024-11-28,6164
006208,富邦台50,27,0,27,中國信託-文心,2024-11-28,6164
2421,建準,40,14,26,中國信託-文心,2024-11-28,6164
00753L,中信中國50正2,37,15,22,中國信託-文心,2024-11-28,6164
2330,台積電,31,9,22,中國信託-文心,2024-11-28,6164
00891,中信關鍵半導體,36,15,21,中國信託-文心,2024-11-28,6164
00922,國泰台灣領袖50,35,13,22,中國信託-文心,2024-11-28,6164
2062,橋椿,22,1,21,中國信託-文心,2024-11-28,6164
0050,元大台灣50,34,13,21,中國信託-文心,2024-11-28,6164
6015,宏遠證,20,0,20,中國信託-文心,2024-11-28,6164
6117,迎廣,33,13,20,中國信託-文心,2024-11-28,6164
6770,力積電,20,1,19,中國信託-文心,2024-11-28,6164
3450,聯鈞,62,43,19,中國信託-文心,2024-11-28,6164
00946,群益科技高息成長,20,1,19,中國信託-文心,2024-11-28,6164
4128,中天,19,1,18,中國信託-文心,2024-11-28,6164
2376,技嘉,23,6,17,中國信託-文心,2024-11-28,6164
00675L,富邦臺灣加權正2,18,1,17,中國信託-文心,2024-11-28,6164
2313,華通,25,9,16,中國信託-文心,2024-11-28,6164
2633,台灣高鐵,14,0,14,中國信託-文心,2024-11-28,6164
2392,正崴,44,30,14,中國信託-文心,2024-11-28,6164
1301,台塑,14,1,13,中國信託-文心,2024-11-28,6164
00943,兆豐電子高息等權,13,0,13,中國信託-文心,2024-11-28,6164
00632R,元大台灣50反1,246,33,213,中國信託-文心,2024-11-29,6164
00919,群益台灣精選高息,172,3,169,中國信託-文心,2024-11-29,6164
00878,國泰永續高股息,190,52,138,中國信託-文心,2024-11-29,6164
9105,泰金寶-DR,180,70,110,中國信託-文心,2024-11-29,6164
6127,九豪,99,24,75,中國信託-文心,2024-11-29,6164
1309,台達化,72,0,72,中國信託-文心,2024-11-29,6164
0056,元大高股息,110,42,68,中國信託-文心,2024-11-29,6164
2615,萬海,87,23,64,中國信託-文心,2024-11-29,6164
2337,旺宏,66,4,62,中國信託-文心,2024-11-29,6164
3706,神達,382,321,61,中國信託-文心,2024-11-29,6164
00637L,元大滬深300正2,84,33,51,中國信託-文心,2024-11-29,6164
00686R,群益臺灣加權反1,50,0,50,中國信託-文心,2024-11-29,6164
1314,中石化,50,5,45,中國信託-文心,2024-11-29,6164
2002,中鋼,47,3,44,中國信託-文心,2024-11-29,6164
2317,鴻海,73,30,43,中國信託-文心,2024-11-29,6164
00915,凱基優選高股息30,39,0,39,中國信託-文心,2024-11-29,6164
006208,富邦台50,49,11,38,中國信託-文心,2024-11-29,6164
1301,台塑,38,2,36,中國信託-文心,2024-11-29,6164
2646,星宇航空,37,2,35,中國信託-文心,2024-11-29,6164
2881,富邦金,43,9,34,中國信託-文心,2024-11-29,6164
8171,天宇,61,34,27,中國信託-文心,2024-11-29,6164
00713,元大台灣高息低波,26,1,25,中國信託-文心,2024-11-29,6164
8240,華宏,25,0,25,中國信託-文心,2024-11-29,6164
5309,系統電,97,74,23,中國信託-文心,2024-11-29,6164
00912,中信臺灣智慧50,21,0,21,中國信託-文心,2024-11-29,6164
00830,國泰費城半導體,21,1,20,中國信託-文心,2024-11-29,6164
2408,南亞科,30,10,20,中國信託-文心,2024-11-29,6164
0050,元大台灣50,19,0,19,中國信託-文心,2024-11-29,6164
9945,潤泰新,18,0,18,中國信託-文心,2024-11-29,6164
2888,新光金,20,3,17,中國信託-文心,2024-11-29,6164
5483,中美晶,19,3,16,中國信託-文心,2024-11-29,6164
5880,合庫金,15,0,15,中國信託-文心,2024-11-29,6164
00725B,國泰投資級公司債,15,0,15,中國信託-文心,2024-11-29,6164
2887,台新金,14,0,14,中國信託-文心,2024-11-29,6164
00933B,國泰10Y+金融債,31,17,14,中國信託-文心,2024-11-29,6164
2392,正崴,58,44,14,中國信託-文心,2024-11-29,6164
2464,盟立,17,3,14,中國信託-文心,2024-11-29,6164
2409,友達,13,0,13,中國信託-文心,2024-11-29,6164
1717,長興,13,0,13,中國信託-文心,2024-11-29,6164
6505,台塑化,13,0,13,中國信託-文心,2024-11-29,6164
00918,大華優利高填息30,12,0,12,中國信託-文心,2024-11-29,6164
8163,達方,20,8,12,中國信託-文心,2024-11-29,6164
2330,台積電,15,3,12,中國信託-文心,2024-11-29,6164
2371,大同,11,0,11,中國信託-文心,2024-11-29,6164
2605,新興,11,0,11,中國信託-文心,2024-11-29,6164
4979,華星光,52,42,10,中國信託-文心,2024-11-29,6164
1101,台泥,11,1,10,中國信託-文心,2024-11-29,6164
00924,復華S＆P500成長,10,0,10,中國信託-文心,2024-11-29,6164
4956,光鋐,10,0,10,中國信託-文心,2024-11-29,6164
00719B,元大美債1-3,10,0,10,中國信託-文心,2024-11-29,6164
00632R,元大台灣50反1,240,29,211,中國信託-文心,2024-12-02,6164
1815,富喬,203,61,142,中國信託-文心,2024-12-02,6164
00680L,元大美債20正2,154,19,135,中國信託-文心,2024-12-02,6164
3032,偉訓,129,2,127,中國信託-文心,2024-12-02,6164
00951,台新日本半導體,120,4,116,中國信託-文心,2024-12-02,6164
00918,大華優利高填息30,89,0,89,中國信託-文心,2024-12-02,6164
2317,鴻海,86,11,75,中國信託-文心,2024-12-02,6164
00878,國泰永續高股息,93,19,74,中國信託-文心,2024-12-02,6164
00713,元大台灣高息低波,62,9,53,中國信託-文心,2024-12-02,6164
00715L,期街口布蘭特正2,51,0,51,中國信託-文心,2024-12-02,6164
00688L,國泰20年美債正2,50,2,48,中國信託-文心,2024-12-02,6164
00919,群益台灣精選高息,63,20,43,中國信託-文心,2024-12-02,6164
5309,系統電,166,124,42,中國信託-文心,2024-12-02,6164
6957,裕慶-KY,40,0,40,中國信託-文心,2024-12-02,6164
4123,晟德,86,50,36,中國信託-文心,2024-12-02,6164
3013,晟銘電,45,10,35,中國信託-文心,2024-12-02,6164
4128,中天,32,0,32,中國信託-文心,2024-12-02,6164
3323,加百裕,156,127,29,中國信託-文心,2024-12-02,6164
4526,東台,36,9,27,中國信託-文心,2024-12-02,6164
00637L,元大滬深300正2,34,8,26,中國信託-文心,2024-12-02,6164
9935,慶豐富,26,0,26,中國信託-文心,2024-12-02,6164
1316,上曜,32,6,26,中國信託-文心,2024-12-02,6164
8929,富堡,56,30,26,中國信託-文心,2024-12-02,6164
00642U,期元大S＆P石油,25,0,25,中國信託-文心,2024-12-02,6164
1515,力山,25,0,25,中國信託-文心,2024-12-02,6164
3706,神達,96,73,23,中國信託-文心,2024-12-02,6164
00953B,群益優選非投等債,21,0,21,中國信託-文心,2024-12-02,6164
00900,富邦特選高股息30,20,0,20,中國信託-文心,2024-12-02,6164
6233,旺玖,20,0,20,中國信託-文心,2024-12-02,6164
6120,達運,20,0,20,中國信託-文心,2024-12-02,6164
00877,復華中國5G,20,0,20,中國信託-文心,2024-12-02,6164
1528,恩德,22,3,19,中國信託-文心,2024-12-02,6164
9919,康那香,19,0,19,中國信託-文心,2024-12-02,6164
1532,勤美,17,0,17,中國信託-文心,2024-12-02,6164
6558,興能高,101,85,16,中國信託-文心,2024-12-02,6164
6274,台燿,29,13,16,中國信託-文心,2024-12-02,6164
2002,中鋼,15,0,15,中國信託-文心,2024-12-02,6164
2633,台灣高鐵,15,0,15,中國信託-文心,2024-12-02,6164
00719B,元大美債1-3,13,0,13,中國信託-文心,2024-12-02,6164
8104,錸寶,13,1,12,中國信託-文心,2024-12-02,6164
6838,台新藥,12,0,12,中國信託-文心,2024-12-02,6164
2444,兆勁,12,0,12,中國信託-文心,2024-12-02,6164
006208,富邦台50,16,4,12,中國信託-文心,2024-12-02,6164
1303,南亞,11,0,11,中國信託-文心,2024-12-02,6164
2495,普安,13,2,11,中國信託-文心,2024-12-02,6164
6962,ITH-KY,11,0,11,中國信託-文心,2024-12-02,6164
00772B,中信高評級公司債,11,0,11,中國信託-文心,2024-12-02,6164
1536,和大,31,21,10,中國信託-文心,2024-12-02,6164
1605,華新,17,7,10,中國信託-文心,2024-12-02,6164
2303,聯電,24,14,10,中國信託-文心,2024-12-02,6164
00919,群益台灣精選高息,583,105,478,中國信託-文心,2024-12-03,6164
00918,大華優利高填息30,403,6,397,中國信託-文心,2024-12-03,6164
00937B,群益ESG投等債20,358,138,220,中國信託-文心,2024-12-03,6164
00915,凱基優選高股息30,217,8,209,中國信託-文心,2024-12-03,6164
0056,元大高股息,185,41,144,中國信託-文心,2024-12-03,6164
00753L,中信中國50正2,142,4,138,中國信託-文心,2024-12-03,6164
1314,中石化,100,5,95,中國信託-文心,2024-12-03,6164
4123,晟德,87,9,78,中國信託-文心,2024-12-03,6164
4909,新復興,73,1,72,中國信託-文心,2024-12-03,6164
00715L,期街口布蘭特正2,49,0,49,中國信託-文心,2024-12-03,6164
2317,鴻海,95,48,47,中國信託-文心,2024-12-03,6164
6117,迎廣,42,4,38,中國信託-文心,2024-12-03,6164
00713,元大台灣高息低波,40,5,35,中國信託-文心,2024-12-03,6164
00642U,期元大S＆P石油,30,0,30,中國信託-文心,2024-12-03,6164
3380,明泰,42,16,26,中國信託-文心,2024-12-03,6164
3419,譁裕,26,0,26,中國信託-文心,2024-12-03,6164
2486,一詮,45,20,25,中國信託-文心,2024-12-03,6164
00675L,富邦臺灣加權正2,25,3,22,中國信託-文心,2024-12-03,6164
6120,達運,23,1,22,中國信託-文心,2024-12-03,6164
2382,廣達,26,5,21,中國信託-文心,2024-12-03,6164
00924,復華S＆P500成長,20,0,20,中國信託-文心,2024-12-03,6164
2015,豐興,20,0,20,中國信託-文心,2024-12-03,6164
2344,華邦電,41,21,20,中國信託-文心,2024-12-03,6164
3234,光環,33,13,20,中國信託-文心,2024-12-03,6164
2324,仁寶,28,10,18,中國信託-文心,2024-12-03,6164
4510,高鋒,36,18,18,中國信託-文心,2024-12-03,6164
6957,裕慶-KY,17,0,17,中國信託-文心,2024-12-03,6164
4956,光鋐,26,9,17,中國信託-文心,2024-12-03,6164
00930,永豐ESG低碳高息,17,0,17,中國信託-文心,2024-12-03,6164
00900,富邦特選高股息30,17,0,17,中國信託-文心,2024-12-03,6164
6244,茂迪,16,0,16,中國信託-文心,2024-12-03,6164
6197,佳必琪,21,6,15,中國信託-文心,2024-12-03,6164
00664R,國泰臺灣加權反1,15,0,15,中國信託-文心,2024-12-03,6164
4128,中天,14,0,14,中國信託-文心,2024-12-03,6164
3211,順達,45,31,14,中國信託-文心,2024-12-03,6164
00932,兆豐永續高息等權,13,0,13,中國信託-文心,2024-12-03,6164
6127,九豪,29,16,13,中國信託-文心,2024-12-03,6164
00719B,元大美債1-3,12,0,12,中國信託-文心,2024-12-03,6164
5519,隆大,12,0,12,中國信託-文心,2024-12-03,6164
00945B,凱基美國非投等債,12,0,12,中國信託-文心,2024-12-03,6164
00909,國泰數位支付服務,13,1,12,中國信託-文心,2024-12-03,6164
6180,橘子,12,1,11,中國信託-文心,2024-12-03,6164
3511,矽瑪,12,1,11,中國信託-文心,2024-12-03,6164
2444,兆勁,18,7,11,中國信託-文心,2024-12-03,6164
2609,陽明,38,28,10,中國信託-文心,2024-12-03,6164
00770,國泰北美科技,10,0,10,中國信託-文心,2024-12-03,6164
1449,佳和,26,16,10,中國信託-文心,2024-12-03,6164
00877,復華中國5G,10,0,10,中國信託-文心,2024-12-03,6164
8411,福貞-KY,10,0,10,中國信託-文心,2024-12-03,6164
911868,同方友友-DR,10,0,10,中國信託-文心,2024-12-03,6164
1314,中石化,1125,1,1124,中國信託-文心,2024-12-04,6164
00953B,群益優選非投等債,650,50,600,中國信託-文心,2024-12-04,6164
9105,泰金寶-DR,653,136,517,中國信託-文心,2024-12-04,6164
00918,大華優利高填息30,270,3,267,中國信託-文心,2024-12-04,6164
00959B,大華投等美債15Y+,199,7,192,中國信託-文心,2024-12-04,6164
00664R,國泰臺灣加權反1,110,10,100,中國信託-文心,2024-12-04,6164
00673R,期元大S＆P原油反1,69,0,69,中國信託-文心,2024-12-04,6164
00945B,凱基美國非投等債,52,1,51,中國信託-文心,2024-12-04,6164
00919,群益台灣精選高息,116,65,51,中國信託-文心,2024-12-04,6164
00951,台新日本半導體,50,16,34,中國信託-文心,2024-12-04,6164
00713,元大台灣高息低波,33,0,33,中國信託-文心,2024-12-04,6164
00712,復華富時不動產,41,11,30,中國信託-文心,2024-12-04,6164
3043,科風,28,1,27,中國信託-文心,2024-12-04,6164
2382,廣達,26,0,26,中國信託-文心,2024-12-04,6164
00719B,元大美債1-3,25,0,25,中國信託-文心,2024-12-04,6164
2303,聯電,32,8,24,中國信託-文心,2024-12-04,6164
00924,復華S＆P500成長,23,1,22,中國信託-文心,2024-12-04,6164
2344,華邦電,22,1,21,中國信託-文心,2024-12-04,6164
6757,台灣虎航,41,21,20,中國信託-文心,2024-12-04,6164
2374,佳能,20,0,20,中國信託-文心,2024-12-04,6164
00706L,期元大S＆P日圓正2,50,30,20,中國信託-文心,2024-12-04,6164
00679B,元大美債20年,26,7,19,中國信託-文心,2024-12-04,6164
2603,長榮,23,5,18,中國信託-文心,2024-12-04,6164
0050,元大台灣50,26,8,18,中國信託-文心,2024-12-04,6164
2419,仲琦,32,14,18,中國信託-文心,2024-12-04,6164
2543,皇昌,43,26,17,中國信託-文心,2024-12-04,6164
2486,一詮,46,29,17,中國信託-文心,2024-12-04,6164
8032,光菱,18,1,17,中國信託-文心,2024-12-04,6164
3003,健和興,19,3,16,中國信託-文心,2024-12-04,6164
00915,凱基優選高股息30,21,5,16,中國信託-文心,2024-12-04,6164
1303,南亞,16,0,16,中國信託-文心,2024-12-04,6164
00637L,元大滬深300正2,35,19,16,中國信託-文心,2024-12-04,6164
8936,國統,16,0,16,中國信託-文心,2024-12-04,6164
3040,遠見,18,2,16,中國信託-文心,2024-12-04,6164
3163,波若威,24,8,16,中國信託-文心,2024-12-04,6164
2465,麗臺,17,1,16,中國信託-文心,2024-12-04,6164
5438,東友,15,0,15,中國信託-文心,2024-12-04,6164
00948B,中信優息投資級債,16,1,15,中國信託-文心,2024-12-04,6164
2062,橋椿,20,5,15,中國信託-文心,2024-12-04,6164
4123,晟德,15,0,15,中國信託-文心,2024-12-04,6164
00933B,國泰10Y+金融債,16,2,14,中國信託-文心,2024-12-04,6164
2408,南亞科,45,31,14,中國信託-文心,2024-12-04,6164
6505,台塑化,14,1,13,中國信託-文心,2024-12-04,6164
2609,陽明,21,8,13,中國信託-文心,2024-12-04,6164
2887,台新金,14,1,13,中國信託-文心,2024-12-04,6164
2409,友達,13,1,12,中國信託-文心,2024-12-04,6164
1449,佳和,21,9,12,中國信託-文心,2024-12-04,6164
6919,康霈*,19,7,12,中國信託-文心,2024-12-04,6164
2646,星宇航空,13,1,12,中國信託-文心,2024-12-04,6164
8086,宏捷科,20,9,11,中國信託-文心,2024-12-04,6164
1314,中石化,908,0,908,中國信託-文心,2024-12-05,6164
00753L,中信中國50正2,512,11,501,中國信託-文心,2024-12-05,6164
00953B,群益優選非投等債,411,0,411,中國信託-文心,2024-12-05,6164
00751B,元大AAA至A公司債,237,0,237,中國信託-文心,2024-12-05,6164
00918,大華優利高填息30,191,30,161,中國信託-文心,2024-12-05,6164
2367,燿華,133,12,121,中國信託-文心,2024-12-05,6164
00919,群益台灣精選高息,141,23,118,中國信託-文心,2024-12-05,6164
00642U,期元大S＆P石油,104,0,104,中國信託-文心,2024-12-05,6164
0056,元大高股息,109,6,103,中國信託-文心,2024-12-05,6164
2409,友達,100,0,100,中國信託-文心,2024-12-05,6164
00715L,期街口布蘭特正2,84,0,84,中國信託-文心,2024-12-05,6164
2337,旺宏,84,6,78,中國信託-文心,2024-12-05,6164
3591,艾笛森,75,6,69,中國信託-文心,2024-12-05,6164
2371,大同,68,1,67,中國信託-文心,2024-12-05,6164
00637L,元大滬深300正2,110,48,62,中國信託-文心,2024-12-05,6164
00951,台新日本半導體,60,0,60,中國信託-文心,2024-12-05,6164
1736,喬山,66,8,58,中國信託-文心,2024-12-05,6164
2317,鴻海,69,11,58,中國信託-文心,2024-12-05,6164
6558,興能高,118,61,57,中國信託-文心,2024-12-05,6164
2633,台灣高鐵,59,4,55,中國信託-文心,2024-12-05,6164
3211,順達,88,43,45,中國信託-文心,2024-12-05,6164
2204,中華,56,13,43,中國信託-文心,2024-12-05,6164
00878,國泰永續高股息,126,85,41,中國信託-文心,2024-12-05,6164
2408,南亞科,41,1,40,中國信託-文心,2024-12-05,6164
6505,台塑化,42,3,39,中國信託-文心,2024-12-05,6164
2618,長榮航,117,78,39,中國信託-文心,2024-12-05,6164
00752,中信中國50,39,0,39,中國信託-文心,2024-12-05,6164
00713,元大台灣高息低波,37,2,35,中國信託-文心,2024-12-05,6164
6127,九豪,67,32,35,中國信託-文心,2024-12-05,6164
1802,台玻,48,15,33,中國信託-文心,2024-12-05,6164
3624,光頡,30,0,30,中國信託-文心,2024-12-05,6164
2375,凱美,51,22,29,中國信託-文心,2024-12-05,6164
2002,中鋼,31,2,29,中國信託-文心,2024-12-05,6164
00945B,凱基美國非投等債,38,10,28,中國信託-文心,2024-12-05,6164
00830,國泰費城半導體,44,16,28,中國信託-文心,2024-12-05,6164
2303,聯電,43,16,27,中國信託-文心,2024-12-05,6164
5439,高技,36,9,27,中國信託-文心,2024-12-05,6164
2356,英業達,38,12,26,中國信託-文心,2024-12-05,6164
3323,加百裕,132,106,26,中國信託-文心,2024-12-05,6164
8454,富邦媒,25,0,25,中國信託-文心,2024-12-05,6164
3710,連展投控,25,0,25,中國信託-文心,2024-12-05,6164
00926,凱基全球菁英55,25,0,25,中國信託-文心,2024-12-05,6164
2421,建準,42,19,23,中國信託-文心,2024-12-05,6164
3234,光環,23,1,22,中國信託-文心,2024-12-05,6164
8111,立��,46,24,22,中國信託-文心,2024-12-05,6164
2376,技嘉,23,2,21,中國信託-文心,2024-12-05,6164
3032,偉訓,32,11,21,中國信託-文心,2024-12-05,6164
8411,福貞-KY,20,0,20,中國信託-文心,2024-12-05,6164
3481,群創,23,4,19,中國信託-文心,2024-12-05,6164
2302,麗正,22,3,19,中國信託-文心,2024-12-05,6164
00953B,群益優選非投等債,723,5,718,中國信託-文心,2024-12-06,6164
00918,大華優利高填息30,294,1,293,中國信託-文心,2024-12-06,6164
00919,群益台灣精選高息,164,18,146,中國信託-文心,2024-12-06,6164
00715L,期街口布蘭特正2,125,0,125,中國信託-文心,2024-12-06,6164
2367,燿華,135,11,124,中國信託-文心,2024-12-06,6164
2324,仁寶,121,16,105,中國信託-文心,2024-12-06,6164
1314,中石化,106,5,101,中國信託-文心,2024-12-06,6164
4958,臻鼎-KY,72,0,72,中國信託-文心,2024-12-06,6164
00637L,元大滬深300正2,104,41,63,中國信託-文心,2024-12-06,6164
00909,國泰數位支付服務,64,1,63,中國信託-文心,2024-12-06,6164
2354,鴻準,209,160,49,中國信託-文心,2024-12-06,6164
00945B,凱基美國非投等債,44,0,44,中國信託-文心,2024-12-06,6164
4128,中天,45,1,44,中國信託-文心,2024-12-06,6164
0056,元大高股息,58,15,43,中國信託-文心,2024-12-06,6164
00713,元大台灣高息低波,46,4,42,中國信託-文心,2024-12-06,6164
00751B,元大AAA至A公司債,50,11,39,中國信託-文心,2024-12-06,6164
2356,英業達,43,5,38,中國信託-文心,2024-12-06,6164
00712,復華富時不動產,34,0,34,中國信託-文心,2024-12-06,6164
8011,台通,32,0,32,中國信託-文心,2024-12-06,6164
00948B,中信優息投資級債,41,10,31,中國信託-文心,2024-12-06,6164
4743,合一,50,19,31,中國信託-文心,2024-12-06,6164
1815,富喬,75,46,29,中國信託-文心,2024-12-06,6164
2543,皇昌,29,0,29,中國信託-文心,2024-12-06,6164
2464,盟立,29,4,25,中國信託-文心,2024-12-06,6164
00753L,中信中國50正2,35,10,25,中國信託-文心,2024-12-06,6164
5355,佳總,24,0,24,中國信託-文心,2024-12-06,6164
2337,旺宏,97,74,23,中國信託-文心,2024-12-06,6164
6588,東典光電,23,0,23,中國信託-文心,2024-12-06,6164
00933B,國泰10Y+金融債,41,19,22,中國信託-文心,2024-12-06,6164
2376,技嘉,30,10,20,中國信託-文心,2024-12-06,6164
4919,新唐,35,15,20,中國信託-文心,2024-12-06,6164
00950B,凱基A級公司債,22,2,20,中國信託-文心,2024-12-06,6164
2312,金寶,41,21,20,中國信託-文心,2024-12-06,6164
3481,群創,63,43,20,中國信託-文心,2024-12-06,6164
5439,高技,21,3,18,中國信託-文心,2024-12-06,6164
00962,台新AI優息動能,75,57,18,中國信託-文心,2024-12-06,6164
3011,今皓,18,0,18,中國信託-文心,2024-12-06,6164
8042,金山電,52,35,17,中國信託-文心,2024-12-06,6164
3710,連展投控,17,0,17,中國信託-文心,2024-12-06,6164
8467,波力-KY,16,0,16,中國信託-文心,2024-12-06,6164
8104,錸寶,16,0,16,中國信託-文心,2024-12-06,6164
2453,凌群,58,42,16,中國信託-文心,2024-12-06,6164
1736,喬山,17,2,15,中國信託-文心,2024-12-06,6164
1464,得力,37,22,15,中國信託-文心,2024-12-06,6164
6596,寬宏藝術,15,0,15,中國信託-文心,2024-12-06,6164
6112,邁達特,63,48,15,中國信託-文心,2024-12-06,6164
4303,信立,35,21,14,中國信託-文心,2024-12-06,6164
2002,中鋼,14,0,14,中國信託-文心,2024-12-06,6164
5371,中光電,19,5,14,中國信託-文心,2024-12-06,6164
4123,晟德,16,2,14,中國信託-文心,2024-12-06,6164
1314,中石化,1126,1,1125,中國信託-文心,2024-12-09,6164
00753L,中信中國50正2,713,2,711,中國信託-文心,2024-12-09,6164
00915,凱基優選高股息30,220,1,219,中國信託-文心,2024-12-09,6164
00715L,期街口布蘭特正2,207,0,207,中國信託-文心,2024-12-09,6164
0056,元大高股息,125,11,114,中國信託-文心,2024-12-09,6164
00637L,元大滬深300正2,134,37,97,中國信託-文心,2024-12-09,6164
2317,鴻海,100,7,93,中國信託-文心,2024-12-09,6164
2887,台新金,100,17,83,中國信託-文心,2024-12-09,6164
00720B,元大投資級公司債,77,1,76,中國信託-文心,2024-12-09,6164
2449,京元電子,67,1,66,中國信託-文心,2024-12-09,6164
2543,皇昌,64,0,64,中國信託-文心,2024-12-09,6164
8042,金山電,53,0,53,中國信託-文心,2024-12-09,6164
6241,易通展,53,0,53,中國信託-文心,2024-12-09,6164
2605,新興,56,5,51,中國信託-文心,2024-12-09,6164
3706,神達,118,70,48,中國信託-文心,2024-12-09,6164
2349,錸德,59,17,42,中國信託-文心,2024-12-09,6164
2458,義隆,38,0,38,中國信託-文心,2024-12-09,6164
00655L,國泰中國A50正2,40,3,37,中國信託-文心,2024-12-09,6164
00918,大華優利高填息30,68,33,35,中國信託-文心,2024-12-09,6164
8104,錸寶,33,0,33,中國信託-文心,2024-12-09,6164
4971,IET-KY,35,3,32,中國信託-文心,2024-12-09,6164
2374,佳能,44,12,32,中國信託-文心,2024-12-09,6164
2408,南亞科,31,1,30,中國信託-文心,2024-12-09,6164
3231,緯創,29,1,28,中國信託-文心,2024-12-09,6164
00951,台新日本半導體,27,0,27,中國信託-文心,2024-12-09,6164
2442,新美齊,27,0,27,中國信託-文心,2024-12-09,6164
2376,技嘉,27,1,26,中國信託-文心,2024-12-09,6164
3481,群創,95,70,25,中國信託-文心,2024-12-09,6164
2204,中華,35,10,25,中國信託-文心,2024-12-09,6164
2303,聯電,34,11,23,中國信託-文心,2024-12-09,6164
1301,台塑,67,45,22,中國信託-文心,2024-12-09,6164
2002,中鋼,26,4,22,中國信託-文心,2024-12-09,6164
4108,懷特,22,0,22,中國信託-文心,2024-12-09,6164
4128,中天,21,0,21,中國信託-文心,2024-12-09,6164
4979,華星光,37,17,20,中國信託-文心,2024-12-09,6164
4414,如興,20,0,20,中國信託-文心,2024-12-09,6164
1342,八貫,20,0,20,中國信託-文心,2024-12-09,6164
00916,國泰全球品牌50,20,0,20,中國信託-文心,2024-12-09,6164
3029,零壹,81,62,19,中國信託-文心,2024-12-09,6164
00919,群益台灣精選高息,232,214,18,中國信託-文心,2024-12-09,6164
2399,映泰,47,29,18,中國信託-文心,2024-12-09,6164
2354,鴻準,103,86,17,中國信託-文心,2024-12-09,6164
6757,台灣虎航,20,3,17,中國信託-文心,2024-12-09,6164
4991,環宇-KY,30,13,17,中國信託-文心,2024-12-09,6164
00740B,富邦全球投等債,17,0,17,中國信託-文心,2024-12-09,6164
1904,正隆,18,1,17,中國信託-文心,2024-12-09,6164
9105,泰金寶-DR,214,198,16,中國信託-文心,2024-12-09,6164
3211,順達,47,31,16,中國信託-文心,2024-12-09,6164
6282,康舒,15,0,15,中國信託-文心,2024-12-09,6164
3090,日電貿,21,7,14,中國信託-文心,2024-12-09,6164
00753L,中信中國50正2,2258,160,2098,中國信託-文心,2024-12-10,6164
00918,大華優利高填息30,236,43,193,中國信託-文心,2024-12-10,6164
0056,元大高股息,134,18,116,中國信託-文心,2024-12-10,6164
3024,憶聲,97,2,95,中國信託-文心,2024-12-10,6164
2317,鴻海,110,35,75,中國信託-文心,2024-12-10,6164
2609,陽明,148,75,73,中國信託-文心,2024-12-10,6164
00715L,期街口布蘭特正2,73,2,71,中國信託-文心,2024-12-10,6164
00919,群益台灣精選高息,152,82,70,中國信託-文心,2024-12-10,6164
00951,台新日本半導體,62,0,62,中國信託-文心,2024-12-10,6164
3706,神達,288,227,61,中國信託-文心,2024-12-10,6164
00915,凱基優選高股息30,78,19,59,中國信託-文心,2024-12-10,6164
1314,中石化,105,50,55,中國信託-文心,2024-12-10,6164
2316,楠梓電,58,11,47,中國信託-文心,2024-12-10,6164
1449,佳和,87,41,46,中國信託-文心,2024-12-10,6164
2613,中櫃,44,1,43,中國信託-文心,2024-12-10,6164
1815,富喬,116,76,40,中國信託-文心,2024-12-10,6164
6241,易通展,40,0,40,中國信託-文心,2024-12-10,6164
3231,緯創,42,5,37,中國信託-文心,2024-12-10,6164
4123,晟德,36,0,36,中國信託-文心,2024-12-10,6164
00878,國泰永續高股息,129,95,34,中國信託-文心,2024-12-10,6164
2888,新光金,47,13,34,中國信託-文心,2024-12-10,6164
00751B,元大AAA至A公司債,33,0,33,中國信託-文心,2024-12-10,6164
2382,廣達,33,3,30,中國信託-文心,2024-12-10,6164
00945B,凱基美國非投等債,50,20,30,中國信託-文心,2024-12-10,6164
1464,得力,51,21,30,中國信託-文心,2024-12-10,6164
00713,元大台灣高息低波,30,1,29,中國信託-文心,2024-12-10,6164
00909,國泰數位支付服務,37,9,28,中國信託-文心,2024-12-10,6164
00968B,元大優息投等債,27,0,27,中國信託-文心,2024-12-10,6164
00679B,元大美債20年,94,68,26,中國信託-文心,2024-12-10,6164
2002,中鋼,24,0,24,中國信託-文心,2024-12-10,6164
00922,國泰台灣領袖50,23,0,23,中國信託-文心,2024-12-10,6164
2605,新興,42,20,22,中國信託-文心,2024-12-10,6164
1101,台泥,25,4,21,中國信託-文心,2024-12-10,6164
1904,正隆,21,0,21,中國信託-文心,2024-12-10,6164
6180,橘子,22,2,20,中國信託-文心,2024-12-10,6164
2376,技嘉,19,0,19,中國信託-文心,2024-12-10,6164
2408,南亞科,21,2,19,中國信託-文心,2024-12-10,6164
2929,淘帝-KY,22,4,18,中國信託-文心,2024-12-10,6164
2337,旺宏,18,0,18,中國信託-文心,2024-12-10,6164
4979,華星光,42,24,18,中國信託-文心,2024-12-10,6164
4908,前鼎,18,2,16,中國信託-文心,2024-12-10,6164
3051,力特,23,7,16,中國信託-文心,2024-12-10,6164
3227,原相,25,10,15,中國信託-文心,2024-12-10,6164
1802,台玻,25,10,15,中國信託-文心,2024-12-10,6164
8097,常珵,16,1,15,中國信託-文心,2024-12-10,6164
8429,金麗-KY,15,0,15,中國信託-文心,2024-12-10,6164
2303,聯電,22,7,15,中國信託-文心,2024-12-10,6164
8096,擎亞,17,3,14,中國信託-文心,2024-12-10,6164
00940,元大台灣價值高息,21,7,14,中國信託-文心,2024-12-10,6164
2363,矽統,30,16,14,中國信託-文心,2024-12-10,6164
00918,大華優利高填息30,389,0,389,中國信託-文心,2024-12-11,6164
2344,華邦電,246,10,236,中國信託-文心,2024-12-11,6164
00937B,群益ESG投等債20,253,70,183,中國信託-文心,2024-12-11,6164
00919,群益台灣精選高息,218,48,170,中國信託-文心,2024-12-11,6164
00878,國泰永續高股息,194,48,146,中國信託-文心,2024-12-11,6164
2618,長榮航,202,70,132,中國信託-文心,2024-12-11,6164
1314,中石化,119,15,104,中國信託-文心,2024-12-11,6164
2408,南亞科,129,26,103,中國信託-文心,2024-12-11,6164
0056,元大高股息,89,3,86,中國信託-文心,2024-12-11,6164
3230,錦明,75,3,72,中國信託-文心,2024-12-11,6164
6241,易通展,62,0,62,中國信託-文心,2024-12-11,6164
00945B,凱基美國非投等債,61,0,61,中國信託-文心,2024-12-11,6164
00753L,中信中國50正2,110,51,59,中國信託-文心,2024-12-11,6164
2201,裕隆,56,0,56,中國信託-文心,2024-12-11,6164
2317,鴻海,90,36,54,中國信託-文心,2024-12-11,6164
00673R,期元大S＆P原油反1,45,0,45,中國信託-文心,2024-12-11,6164
00930,永豐ESG低碳高息,42,0,42,中國信託-文心,2024-12-11,6164
00922,國泰台灣領袖50,39,0,39,中國信託-文心,2024-12-11,6164
2367,燿華,43,4,39,中國信託-文心,2024-12-11,6164
4128,中天,39,1,38,中國信託-文心,2024-12-11,6164
8111,立��,47,10,37,中國信託-文心,2024-12-11,6164
00915,凱基優選高股息30,35,1,34,中國信託-文心,2024-12-11,6164
1540,喬福,41,8,33,中國信託-文心,2024-12-11,6164
2002,中鋼,35,3,32,中國信託-文心,2024-12-11,6164
00951,台新日本半導體,32,0,32,中國信託-文心,2024-12-11,6164
00712,復華富時不動產,39,7,32,中國信託-文心,2024-12-11,6164
6005,群益證,32,0,32,中國信託-文心,2024-12-11,6164
00688L,國泰20年美債正2,30,0,30,中國信託-文心,2024-12-11,6164
2303,聯電,43,13,30,中國信託-文心,2024-12-11,6164
1789,神隆,30,0,30,中國信託-文心,2024-12-11,6164
2027,大成鋼,29,0,29,中國信託-文心,2024-12-11,6164
4931,新盛力,41,13,28,中國信託-文心,2024-12-11,6164
8097,常珵,30,3,27,中國信託-文心,2024-12-11,6164
3706,神達,203,179,24,中國信託-文心,2024-12-11,6164
00948B,中信優息投資級債,22,0,22,中國信託-文心,2024-12-11,6164
6770,力積電,31,9,22,中國信託-文心,2024-12-11,6164
00909,國泰數位支付服務,24,2,22,中國信託-文心,2024-12-11,6164
2382,廣達,22,1,21,中國信託-文心,2024-12-11,6164
4908,前鼎,34,13,21,中國信託-文心,2024-12-11,6164
00830,國泰費城半導體,21,0,21,中國信託-文心,2024-12-11,6164
2401,凌陽,23,2,21,中國信託-文心,2024-12-11,6164
4967,十銓,22,2,20,中國信託-文心,2024-12-11,6164
2762,世界健身-KY,19,0,19,中國信託-文心,2024-12-11,6164
2330,台積電,24,5,19,中國信託-文心,2024-12-11,6164
2609,陽明,90,72,18,中國信託-文心,2024-12-11,6164
00752,中信中國50,18,0,18,中國信託-文心,2024-12-11,6164
2887,台新金,22,4,18,中國信託-文心,2024-12-11,6164
3231,緯創,26,8,18,中國信託-文心,2024-12-11,6164
2312,金寶,29,11,18,中國信託-文心,2024-12-11,6164
00946,群益科技高息成長,20,2,18,中國信託-文心,2024-12-11,6164
1815,富喬,490,24,466,中國信託-文心,2024-12-12,6164
2515,中工,136,0,136,中國信託-文心,2024-12-12,6164
5876,上海商銀,127,0,127,中國信託-文心,2024-12-12,6164
00637L,元大滬深300正2,152,27,125,中國信託-文心,2024-12-12,6164
00918,大華優利高填息30,103,0,103,中國信託-文心,2024-12-12,6164
2317,鴻海,111,9,102,中國信託-文心,2024-12-12,6164
00712,復華富時不動產,86,0,86,中國信託-文心,2024-12-12,6164
00915,凱基優選高股息30,86,12,74,中國信託-文心,2024-12-12,6164
00679B,元大美債20年,71,0,71,中國信託-文心,2024-12-12,6164
4510,高鋒,67,12,55,中國信託-文心,2024-12-12,6164
1301,台塑,99,47,52,中國信託-文心,2024-12-12,6164
00953B,群益優選非投等債,51,0,51,中國信託-文心,2024-12-12,6164
2371,大同,65,14,51,中國信託-文心,2024-12-12,6164
2015,豐興,50,0,50,中國信託-文心,2024-12-12,6164
2344,華邦電,53,4,49,中國信託-文心,2024-12-12,6164
00960,野村全球航運龍頭,47,2,45,中國信託-文心,2024-12-12,6164
2312,金寶,71,28,43,中國信託-文心,2024-12-12,6164
2002,中鋼,41,0,41,中國信託-文心,2024-12-12,6164
00959B,大華投等美債15Y+,40,0,40,中國信託-文心,2024-12-12,6164
3029,零壹,102,63,39,中國信託-文心,2024-12-12,6164
2376,技嘉,47,10,37,中國信託-文心,2024-12-12,6164
00673R,期元大S＆P原油反1,39,2,37,中國信託-文心,2024-12-12,6164
6763,綠界科技*,33,0,33,中國信託-文心,2024-12-12,6164
2458,義隆,30,0,30,中國信託-文心,2024-12-12,6164
00951,台新日本半導體,29,0,29,中國信託-文心,2024-12-12,6164
3051,力特,29,3,26,中國信託-文心,2024-12-12,6164
6505,台塑化,34,8,26,中國信託-文心,2024-12-12,6164
00878,國泰永續高股息,83,58,25,中國信託-文心,2024-12-12,6164
00688L,國泰20年美債正2,25,0,25,中國信託-文心,2024-12-12,6164
00751B,元大AAA至A公司債,24,0,24,中國信託-文心,2024-12-12,6164
8097,常珵,32,8,24,中國信託-文心,2024-12-12,6164
2609,陽明,89,65,24,中國信託-文心,2024-12-12,6164
2303,聯電,67,44,23,中國信託-文心,2024-12-12,6164
2382,廣達,31,7,24,中國信託-文心,2024-12-12,6164
5608,四維航,22,0,22,中國信託-文心,2024-12-12,6164
00882,中信中國高股息,25,4,21,中國信託-文心,2024-12-12,6164
1316,上曜,21,1,20,中國信託-文心,2024-12-12,6164
2464,盟立,23,3,20,中國信託-文心,2024-12-12,6164
1449,佳和,27,8,19,中國信託-文心,2024-12-12,6164
2349,錸德,26,8,18,中國信託-文心,2024-12-12,6164
6757,台灣虎航,18,0,18,中國信託-文心,2024-12-12,6164
00795B,中信美國公債20年,19,2,17,中國信託-文心,2024-12-12,6164
00706L,期元大S＆P日圓正2,17,0,17,中國信託-文心,2024-12-12,6164
00945B,凱基美國非投等債,20,4,16,中國信託-文心,2024-12-12,6164
1540,喬福,18,2,16,中國信託-文心,2024-12-12,6164
3374,精材,23,7,16,中國信託-文心,2024-12-12,6164
3013,晟銘電,27,11,16,中國信託-文心,2024-12-12,6164
6241,易通展,15,0,15,中國信託-文心,2024-12-12,6164
2367,燿華,15,0,15,中國信託-文心,2024-12-12,6164
2801,彰銀,21,6,15,中國信託-文心,2024-12-12,6164
00753L,中信中國50正2,942,1,941,中國信託-文心,2024-12-13,6164
00953B,群益優選非投等債,386,0,386,中國信託-文心,2024-12-13,6164
00950B,凱基A級公司債,306,0,306,中國信託-文心,2024-12-13,6164
00918,大華優利高填息30,269,0,269,中國信託-文心,2024-12-13,6164
2419,仲琦,192,0,192,中國信託-文心,2024-12-13,6164
9105,泰金寶-DR,595,429,166,中國信託-文心,2024-12-13,6164
00919,群益台灣精選高息,215,77,138,中國信託-文心,2024-12-13,6164
0056,元大高股息,133,2,131,中國信託-文心,2024-12-13,6164
1314,中石化,128,20,108,中國信託-文心,2024-12-13,6164
00937B,群益ESG投等債20,144,36,108,中國信託-文心,2024-12-13,6164
2515,中工,97,2,95,中國信託-文心,2024-12-13,6164
6241,易通展,89,1,88,中國信託-文心,2024-12-13,6164
00882,中信中國高股息,73,0,73,中國信託-文心,2024-12-13,6164
00688L,國泰20年美債正2,65,0,65,中國信託-文心,2024-12-13,6164
2317,鴻海,88,28,60,中國信託-文心,2024-12-13,6164
3231,緯創,56,1,55,中國信託-文心,2024-12-13,6164
00637L,元大滬深300正2,59,6,53,中國信託-文心,2024-12-13,6164
00878,國泰永續高股息,82,34,48,中國信託-文心,2024-12-13,6164
2883,凱基金,48,1,47,中國信託-文心,2024-12-13,6164
2511,太子,45,0,45,中國信託-文心,2024-12-13,6164
3037,欣興,49,5,44,中國信託-文心,2024-12-13,6164
00679B,元大美債20年,101,60,41,中國信託-文心,2024-12-13,6164
00946,群益科技高息成長,40,0,40,中國信託-文心,2024-12-13,6164
4526,東台,40,0,40,中國信託-文心,2024-12-13,6164
2634,漢翔,42,2,40,中國信託-文心,2024-12-13,6164
2313,華通,67,28,39,中國信託-文心,2024-12-13,6164
2002,中鋼,58,22,36,中國信託-文心,2024-12-13,6164
2027,大成鋼,35,0,35,中國信託-文心,2024-12-13,6164
00887,永豐中國科技50大,35,0,35,中國信託-文心,2024-12-13,6164
00713,元大台灣高息低波,34,3,31,中國信託-文心,2024-12-13,6164
00665L,富邦�琤肭磪囓�2,35,4,31,中國信託-文心,2024-12-13,6164
2495,普安,31,0,31,中國信託-文心,2024-12-13,6164
6215,和椿,80,49,31,中國信託-文心,2024-12-13,6164
00687B,國泰20年美債,47,17,30,中國信託-文心,2024-12-13,6164
4958,臻鼎-KY,31,2,29,中國信託-文心,2024-12-13,6164
00930,永豐ESG低碳高息,28,0,28,中國信託-文心,2024-12-13,6164
1101,台泥,28,0,28,中國信託-文心,2024-12-13,6164
00857B,永豐20年美公債,27,0,27,中國信託-文心,2024-12-13,6164
2349,錸德,32,6,26,中國信託-文心,2024-12-13,6164
2543,皇昌,27,5,22,中國信託-文心,2024-12-13,6164
00664R,國泰臺灣加權反1,22,0,22,中國信託-文心,2024-12-13,6164
3706,神達,165,144,21,中國信託-文心,2024-12-13,6164
2354,鴻準,34,13,21,中國信託-文心,2024-12-13,6164
2363,矽統,33,13,20,中國信託-文心,2024-12-13,6164
00960,野村全球航運龍頭,20,0,20,中國信託-文心,2024-12-13,6164
2353,宏��,20,0,20,中國信託-文心,2024-12-13,6164
2812,台中銀,19,0,19,中國信託-文心,2024-12-13,6164
4979,華星光,31,12,19,中國信託-文心,2024-12-13,6164
00740B,富邦全球投等債,19,0,19,中國信託-文心,2024-12-13,6164
2405,輔信,24,5,19,中國信託-文心,2024-12-13,6164
00937B,群益ESG投等債20,391,5,386,中國信託-文心,2024-12-16,6164
00919,群益台灣精選高息,413,41,372,中國信託-文心,2024-12-16,6164
00918,大華優利高填息30,289,0,289,中國信託-文心,2024-12-16,6164
00673R,期元大S＆P原油反1,213,0,213,中國信託-文心,2024-12-16,6164
00953B,群益優選非投等債,159,0,159,中國信託-文心,2024-12-16,6164
00687B,國泰20年美債,144,16,128,中國信託-文心,2024-12-16,6164
0056,元大高股息,156,34,122,中國信託-文心,2024-12-16,6164
00915,凱基優選高股息30,136,16,120,中國信託-文心,2024-12-16,6164
2408,南亞科,81,2,79,中國信託-文心,2024-12-16,6164
00679B,元大美債20年,127,55,72,中國信託-文心,2024-12-16,6164
00713,元大台灣高息低波,77,8,69,中國信託-文心,2024-12-16,6164
2609,陽明,100,31,69,中國信託-文心,2024-12-16,6164
00878,國泰永續高股息,114,46,68,中國信託-文心,2024-12-16,6164
00680L,元大美債20正2,100,34,66,中國信託-文心,2024-12-16,6164
9105,泰金寶-DR,443,378,65,中國信託-文心,2024-12-16,6164
00948B,中信優息投資級債,64,0,64,中國信託-文心,2024-12-16,6164
2449,京元電子,64,3,61,中國信託-文心,2024-12-16,6164
00932,兆豐永續高息等權,59,0,59,中國信託-文心,2024-12-16,6164
2615,萬海,70,12,58,中國信託-文心,2024-12-16,6164
3450,聯鈞,97,40,57,中國信託-文心,2024-12-16,6164
2368,金像電,84,26,58,中國信託-文心,2024-12-16,6164
00712,復華富時不動產,58,2,56,中國信託-文心,2024-12-16,6164
6962,ITH-KY,50,1,49,中國信託-文心,2024-12-16,6164
2208,台船,44,0,44,中國信託-文心,2024-12-16,6164
00688L,國泰20年美債正2,58,14,44,中國信託-文心,2024-12-16,6164
00922,國泰台灣領袖50,58,17,41,中國信託-文心,2024-12-16,6164
6108,競國,41,0,41,中國信託-文心,2024-12-16,6164
1304,台聚,40,0,40,中國信託-文心,2024-12-16,6164
00930,永豐ESG低碳高息,39,0,39,中國信託-文心,2024-12-16,6164
6241,易通展,38,0,38,中國信託-文心,2024-12-16,6164
00968B,元大優息投等債,37,0,37,中國信託-文心,2024-12-16,6164
00706L,期元大S＆P日圓正2,35,0,35,中國信託-文心,2024-12-16,6164
3037,欣興,35,0,35,中國信託-文心,2024-12-16,6164
1904,正隆,32,0,32,中國信託-文心,2024-12-16,6164
00967B,元大優息美債,32,0,32,中國信託-文心,2024-12-16,6164
2337,旺宏,33,4,29,中國信託-文心,2024-12-16,6164
6156,松上,32,3,29,中國信託-文心,2024-12-16,6164
00751B,元大AAA至A公司債,28,0,28,中國信託-文心,2024-12-16,6164
2002,中鋼,33,5,28,中國信託-文心,2024-12-16,6164
6770,力積電,29,2,27,中國信託-文心,2024-12-16,6164
4128,中天,28,3,25,中國信託-文心,2024-12-16,6164
00946,群益科技高息成長,39,14,25,中國信託-文心,2024-12-16,6164
00857B,永豐20年美公債,27,3,24,中國信託-文心,2024-12-16,6164
00795B,中信美國公債20年,22,0,22,中國信託-文心,2024-12-16,6164
2027,大成鋼,25,4,21,中國信託-文心,2024-12-16,6164
4979,華星光,33,12,21,中國信託-文心,2024-12-16,6164
5439,高技,26,5,21,中國信託-文心,2024-12-16,6164
00753L,中信中國50正2,22,1,21,中國信託-文心,2024-12-16,6164
4414,如興,21,0,21,中國信託-文心,2024-12-16,6164
00926,凱基全球菁英55,23,3,20,中國信託-文心,2024-12-16,6164
00753L,中信中國50正2,1231,1,1230,中國信託-文心,2024-12-17,6164
00680L,元大美債20正2,399,0,399,中國信託-文心,2024-12-17,6164
00937B,群益ESG投等債20,388,7,381,中國信託-文心,2024-12-17,6164
00918,大華優利高填息30,300,17,283,中國信託-文心,2024-12-17,6164
00959B,大華投等美債15Y+,217,0,217,中國信託-文心,2024-12-17,6164
00882,中信中國高股息,123,2,121,中國信託-文心,2024-12-17,6164
00679B,元大美債20年,171,53,118,中國信託-文心,2024-12-17,6164
00915,凱基優選高股息30,137,21,116,中國信託-文心,2024-12-17,6164
00687B,國泰20年美債,110,10,100,中國信託-文心,2024-12-17,6164
00950B,凱基A級公司債,101,5,96,中國信託-文心,2024-12-17,6164
00713,元大台灣高息低波,134,57,77,中國信託-文心,2024-12-17,6164
2609,陽明,116,42,74,中國信託-文心,2024-12-17,6164
2374,佳能,222,153,69,中國信託-文心,2024-12-17,6164
00968B,元大優息投等債,61,0,61,中國信託-文心,2024-12-17,6164
00948B,中信優息投資級債,61,0,61,中國信託-文心,2024-12-17,6164
00932,兆豐永續高息等權,67,7,60,中國信託-文心,2024-12-17,6164
3706,神達,140,82,58,中國信託-文心,2024-12-17,6164
00712,復華富時不動產,55,1,54,中國信託-文心,2024-12-17,6164
2015,豐興,50,0,50,中國信託-文心,2024-12-17,6164
00967B,元大優息美債,50,0,50,中國信託-文心,2024-12-17,6164
3481,群創,47,2,45,中國信託-文心,2024-12-17,6164
3056,富華新,40,0,40,中國信託-文心,2024-12-17,6164
2409,友達,35,0,35,中國信託-文心,2024-12-17,6164
2344,華邦電,85,53,32,中國信託-文心,2024-12-17,6164
3029,零壹,57,25,32,中國信託-文心,2024-12-17,6164
2317,鴻海,57,27,30,中國信託-文心,2024-12-17,6164
2328,廣宇,37,7,30,中國信託-文心,2024-12-17,6164
2524,京城,30,0,30,中國信託-文心,2024-12-17,6164
6241,易通展,29,1,28,中國信託-文心,2024-12-17,6164
2464,盟立,45,18,27,中國信託-文心,2024-12-17,6164
2834,臺企銀,26,1,25,中國信託-文心,2024-12-17,6164
00857B,永豐20年美公債,24,0,24,中國信託-文心,2024-12-17,6164
00688L,國泰20年美債正2,23,0,23,中國信託-文心,2024-12-17,6164
00673R,期元大S＆P原油反1,22,0,22,中國信託-文心,2024-12-17,6164
2542,興富發,25,3,22,中國信託-文心,2024-12-17,6164
4956,光鋐,21,0,21,中國信託-文心,2024-12-17,6164
2375,凱美,24,3,21,中國信託-文心,2024-12-17,6164
00795B,中信美國公債20年,30,10,20,中國信託-文心,2024-12-17,6164
2511,太子,20,0,20,中國信託-文心,2024-12-17,6164
1464,得力,20,0,20,中國信託-文心,2024-12-17,6164
4414,如興,20,0,20,中國信託-文心,2024-12-17,6164
4123,晟德,22,2,20,中國信託-文心,2024-12-17,6164
5876,上海商銀,20,1,19,中國信託-文心,2024-12-17,6164
8936,國統,20,1,19,中國信託-文心,2024-12-17,6164
00772B,中信高評級公司債,19,0,19,中國信託-文心,2024-12-17,6164
2002,中鋼,29,10,19,中國信託-文心,2024-12-17,6164
00946,群益科技高息成長,20,1,19,中國信託-文心,2024-12-17,6164
2449,京元電子,29,10,19,中國信託-文心,2024-12-17,6164
2367,燿華,21,3,18,中國信託-文心,2024-12-17,6164
1101,台泥,17,0,17,中國信託-文心,2024-12-17,6164
00753L,中信中國50正2,1247,111,1136,中國信託-文心,2024-12-18,6164
9105,泰金寶-DR,321,79,242,中國信託-文心,2024-12-18,6164
00953B,群益優選非投等債,111,5,106,中國信託-文心,2024-12-18,6164
2317,鴻海,75,8,67,中國信託-文心,2024-12-18,6164
00712,復華富時不動產,67,0,67,中國信託-文心,2024-12-18,6164
00937B,群益ESG投等債20,85,20,65,中國信託-文心,2024-12-18,6164
2609,陽明,113,60,53,中國信託-文心,2024-12-18,6164
2409,友達,52,0,52,中國信託-文心,2024-12-18,6164
8936,國統,61,12,49,中國信託-文心,2024-12-18,6164
00945B,凱基美國非投等債,54,9,45,中國信託-文心,2024-12-18,6164
00918,大華優利高填息30,303,260,43,中國信託-文心,2024-12-18,6164
00878,國泰永續高股息,61,20,41,中國信託-文心,2024-12-18,6164
00687B,國泰20年美債,44,3,41,中國信託-文心,2024-12-18,6164
00664R,國泰臺灣加權反1,40,0,40,中國信託-文心,2024-12-18,6164
4977,眾達-KY,44,5,39,中國信託-文心,2024-12-18,6164
2515,中工,38,0,38,中國信託-文心,2024-12-18,6164
2486,一詮,60,24,36,中國信託-文心,2024-12-18,6164
2344,華邦電,64,29,35,中國信託-文心,2024-12-18,6164
00933B,國泰10Y+金融債,34,0,34,中國信託-文心,2024-12-18,6164
2892,第一金,33,0,33,中國信託-文心,2024-12-18,6164
00915,凱基優選高股息30,33,1,32,中國信託-文心,2024-12-18,6164
00679B,元大美債20年,45,15,30,中國信託-文心,2024-12-18,6164
2618,長榮航,82,55,27,中國信託-文心,2024-12-18,6164
00852L,國泰美國道瓊正2,24,0,24,中國信託-文心,2024-12-18,6164
3041,揚智,105,82,23,中國信託-文心,2024-12-18,6164
2368,金像電,43,20,23,中國信託-文心,2024-12-18,6164
1785,光洋科,25,3,22,中國信託-文心,2024-12-18,6164
2002,中鋼,27,6,21,中國信託-文心,2024-12-18,6164
00795B,中信美國公債20年,26,5,21,中國信託-文心,2024-12-18,6164
6241,易通展,21,0,21,中國信託-文心,2024-12-18,6164
6116,彩晶,21,0,21,中國信託-文心,2024-12-18,6164
00671R,富邦NASDAQ反1,20,0,20,中國信託-文心,2024-12-18,6164
00922,國泰台灣領袖50,24,4,20,中國信託-文心,2024-12-18,6164
4952,凌通,23,4,19,中國信託-文心,2024-12-18,6164
1213,大飲,22,3,19,中國信託-文心,2024-12-18,6164
00757,統一FANG+,20,1,19,中國信託-文心,2024-12-18,6164
00680L,元大美債20正2,20,2,18,中國信託-文心,2024-12-18,6164
2886,兆豐金,18,0,18,中國信託-文心,2024-12-18,6164
4540,全球傳動,85,69,16,中國信託-文心,2024-12-18,6164
4979,華星光,25,9,16,中國信託-文心,2024-12-18,6164
3665,貿聯-KY,28,12,16,中國信託-文心,2024-12-18,6164
00926,凱基全球菁英55,15,0,15,中國信託-文心,2024-12-18,6164
2015,豐興,15,0,15,中國信託-文心,2024-12-18,6164
3059,華晶科,17,2,15,中國信託-文心,2024-12-18,6164
00713,元大台灣高息低波,16,1,15,中國信託-文心,2024-12-18,6164
2312,金寶,60,46,14,中國信託-文心,2024-12-18,6164
3231,緯創,25,12,13,中國信託-文心,2024-12-18,6164
2332,友訊,15,2,13,中國信託-文心,2024-12-18,6164
4128,中天,14,1,13,中國信託-文心,2024-12-18,6164
8111,立��,33,21,12,中國信託-文心,2024-12-18,6164
00679B,元大美債20年,562,24,538,中國信託-文心,2024-12-19,6164
00937B,群益ESG投等債20,536,18,518,中國信託-文心,2024-12-19,6164
00680L,元大美債20正2,363,25,338,中國信託-文心,2024-12-19,6164
00918,大華優利高填息30,349,54,295,中國信託-文心,2024-12-19,6164
00950B,凱基A級公司債,244,0,244,中國信託-文心,2024-12-19,6164
00919,群益台灣精選高息,484,251,233,中國信託-文心,2024-12-19,6164
00706L,期元大S＆P日圓正2,233,23,210,中國信託-文心,2024-12-19,6164
00712,復華富時不動產,210,1,209,中國信託-文心,2024-12-19,6164
00878,國泰永續高股息,179,27,152,中國信託-文心,2024-12-19,6164
00687B,國泰20年美債,133,2,131,中國信託-文心,2024-12-19,6164
00953B,群益優選非投等債,221,130,91,中國信託-文心,2024-12-19,6164
00915,凱基優選高股息30,91,3,88,中國信託-文心,2024-12-19,6164
2317,鴻海,91,7,84,中國信託-文心,2024-12-19,6164
00948B,中信優息投資級債,99,36,63,中國信託-文心,2024-12-19,6164
006208,富邦台50,58,1,57,中國信託-文心,2024-12-19,6164
2359,所羅門,77,26,51,中國信託-文心,2024-12-19,6164
3481,群創,191,141,50,中國信託-文心,2024-12-19,6164
00951,台新日本半導體,46,0,46,中國信託-文心,2024-12-19,6164
8105,凌巨,46,0,46,中國信託-文心,2024-12-19,6164
2511,太子,45,0,45,中國信託-文心,2024-12-19,6164
6770,力積電,63,19,44,中國信託-文心,2024-12-19,6164
00753L,中信中國50正2,44,1,43,中國信託-文心,2024-12-19,6164
2015,豐興,40,0,40,中國信託-文心,2024-12-19,6164
00662,富邦NASDAQ,40,0,40,中國信託-文心,2024-12-19,6164
00830,國泰費城半導體,38,0,38,中國信託-文心,2024-12-19,6164
2633,台灣高鐵,36,0,36,中國信託-文心,2024-12-19,6164
2458,義隆,40,5,35,中國信託-文心,2024-12-19,6164
00688L,國泰20年美債正2,35,0,35,中國信託-文心,2024-12-19,6164
2887,台新金,35,0,35,中國信託-文心,2024-12-19,6164
00713,元大台灣高息低波,41,8,33,中國信託-文心,2024-12-19,6164
2409,友達,33,0,33,中國信託-文心,2024-12-19,6164
00795B,中信美國公債20年,50,17,33,中國信託-文心,2024-12-19,6164
5880,合庫金,48,17,31,中國信託-文心,2024-12-19,6164
00852L,國泰美國道瓊正2,31,0,31,中國信託-文心,2024-12-19,6164
2845,遠東銀,31,0,31,中國信託-文心,2024-12-19,6164
3597,映興,40,10,30,中國信託-文心,2024-12-19,6164
00922,國泰台灣領袖50,31,2,29,中國信託-文心,2024-12-19,6164
3224,三顧,27,0,27,中國信託-文心,2024-12-19,6164
1326,台化,26,0,26,中國信託-文心,2024-12-19,6164
2646,星宇航空,27,2,25,中國信託-文心,2024-12-19,6164
3231,緯創,29,4,25,中國信託-文心,2024-12-19,6164
2801,彰銀,25,0,25,中國信託-文心,2024-12-19,6164
2609,陽明,141,117,24,中國信託-文心,2024-12-19,6164
2883,凱基金,24,0,24,中國信託-文心,2024-12-19,6164
00941,中信上游半導體,33,10,23,中國信託-文心,2024-12-19,6164
00933B,國泰10Y+金融債,22,0,22,中國信託-文心,2024-12-19,6164
00751B,元大AAA至A公司債,22,0,22,中國信託-文心,2024-12-19,6164
00770,國泰北美科技,23,1,22,中國信託-文心,2024-12-19,6164
1907,永豐餘,22,0,22,中國信託-文心,2024-12-19,6164
2886,兆豐金,22,1,21,中國信託-文心,2024-12-19,6164
